playerID , year, stint, tmID, lgID, pos, GP  , G   , A    , Pts  , PIM  , +/-  , PPG , PPA , SHG , SHA , GWG , GTG, SOG  , PostGP, PostG, PostA, PostPts, PostPIM, Post+/-, PostPPG, PostPPA, PostSHG, PostSHA, PostGWG, PostSOG
aaltoan01, 1997,     1, ANA , NHL , C  ,  3.0,  0.0,   0.0,   0.0,   0.0, -1.0 ,  0.0,  0.0,  0.0,  0.0,  0.0, 0.0,   1.0,       ,      ,      ,        ,        ,        ,        ,        ,        ,        ,        ,      
aaltoan01, 1998,     1, ANA , NHL , C  , 73.0,  3.0,   5.0,   8.0,  24.0, -12.0,  2.0,  1.0,  0.0,  0.0,  0.0, 0.0,  61.0,    4.0,   0.0,   0.0,     0.0,     2.0, 0.0    ,     0.0,     0.0,     0.0,     0.0,     0.0,     0.0
aaltoan01, 1999,     1, ANA , NHL , C  , 63.0,  7.0,  11.0,  18.0,  26.0, -13.0,  1.0,  0.0,  0.0,  0.0,  1.0, 0.0, 102.0,       ,      ,      ,        ,        ,        ,        ,        ,        ,        ,        ,      
aaltoan01, 2000,     1, ANA , NHL , C  , 12.0,  1.0,   1.0,   2.0,   2.0, 1.0  ,  0.0,  0.0,  0.0,  0.0,  0.0, 0.0,  18.0,       ,      ,      ,        ,        ,        ,        ,        ,        ,        ,        ,      
abbeybr01, 1975,     1, CIN , WHA , D  , 17.0,  1.0,   0.0,   1.0,  12.0, -3.0 ,  0.0,     ,  0.0,     ,  0.0,    ,   2.0,       ,      ,      ,        ,        ,        ,        ,        ,        ,        ,        ,      
abbotge01, 1943,     1, BOS , NHL , G  ,  1.0,  0.0,   0.0,   0.0,   0.0,      ,     ,     ,     ,     ,     ,    ,      ,       ,      ,      ,        ,        ,        ,        ,        ,        ,        ,        ,      
abbotre01, 1952,     1, MTL , NHL , C  ,  3.0,  0.0,   0.0,   0.0,   0.0,      ,     ,     ,     ,     ,     ,    ,      ,       ,      ,      ,        ,        ,        ,        ,        ,        ,        ,        ,      
abdelju01, 2007,     1, DET , NHL , L  ,  2.0,  0.0,   0.0,   0.0,   2.0, 0.0  ,  0.0,  0.0,  0.0,  0.0,  0.0,    ,   6.0,       ,      ,      ,        ,        ,        ,        ,        ,        ,        ,        ,      
abdelju01, 2008,     1, DET , NHL , L  ,  2.0,  0.0,   0.0,   0.0,   0.0, 0.0  ,  0.0,  0.0,  0.0,  0.0,  0.0,    ,   2.0,   10.0,   2.0,   1.0,     3.0,     0.0, 2.0    ,     0.0,     0.0,     0.0,     0.0,     0.0,    11.0
abdelju01, 2009,     1, DET , NHL , L  , 50.0,  3.0,   3.0,   6.0,  35.0, -11.0,  0.0,  0.0,  0.0,  0.0,  0.0,    ,  79.0,   11.0,   1.0,   1.0,     2.0,    36.0, 1.0    ,     0.0,     0.0,     0.0,     0.0,     0.0,    12.0
abelcl01 , 1926,     1, NYR , NHL , D  , 44.0,  8.0,   4.0,  12.0,  78.0,      ,     ,     ,     ,     ,     ,    ,      ,    2.0,   0.0,   1.0,     1.0,     8.0,        ,        ,        ,        ,        ,        ,      
abelcl01 , 1927,     1, NYR , NHL , D  , 23.0,  0.0,   1.0,   1.0,  28.0,      ,     ,     ,     ,     ,     ,    ,      ,    9.0,   1.0,   0.0,     1.0,    14.0,        ,        ,        ,        ,        ,        ,      
abelcl01 , 1928,     1, NYR , NHL , D  , 44.0,  3.0,   1.0,   4.0,  41.0,      ,     ,     ,     ,     ,     ,    ,      ,    6.0,   0.0,   0.0,     0.0,     8.0,        ,        ,        ,        ,        ,        ,      
abelcl01 , 1929,     1, CHI , NHL , D  , 38.0,  3.0,   3.0,   6.0,  42.0,      ,     ,     ,     ,     ,     ,    ,      ,    2.0,   0.0,   0.0,     0.0,    10.0,        ,        ,        ,        ,        ,        ,      
abelcl01 , 1930,     1, CHI , NHL , D  , 43.0,  0.0,   1.0,   1.0,  45.0,      ,     ,     ,     ,     ,     ,    ,      ,    9.0,   0.0,   0.0,     0.0,     8.0,        ,        ,        ,        ,        ,        ,      
abelcl01 , 1931,     1, CHI , NHL , D  , 48.0,  4.0,   3.0,   7.0,  34.0,      ,     ,     ,     ,     ,     ,    ,      ,    2.0,   0.0,   0.0,     0.0,     2.0,        ,        ,        ,        ,        ,        ,      
abelcl01 , 1932,     1, CHI , NHL , D  , 47.0,  0.0,   4.0,   4.0,  63.0,      ,     ,     ,     ,     ,     ,    ,      ,       ,      ,      ,        ,        ,        ,        ,        ,        ,        ,        ,      
abelcl01 , 1933,     1, CHI , NHL , D  , 46.0,  2.0,   1.0,   3.0,  28.0,      ,     ,     ,     ,     ,     ,    ,      ,    8.0,   0.0,   0.0,     0.0,     8.0,        ,        ,        ,        ,        ,        ,      
abelge01 , 1966,     1, DET , NHL , C  ,  1.0,  0.0,   0.0,   0.0,   0.0,      ,  0.0,     ,  0.0,     ,  0.0, 0.0,      ,       ,      ,      ,        ,        ,        ,        ,        ,        ,        ,        ,      
abelsi01 , 1938,     1, DET , NHL , L  , 15.0,  1.0,   1.0,   2.0,   0.0,      ,     ,     ,     ,     ,     ,    ,      ,    6.0,   1.0,   1.0,     2.0,     2.0,        ,        ,        ,        ,        ,        ,      
abelsi01 , 1939,     1, DET , NHL , L  , 24.0,  1.0,   5.0,   6.0,   4.0,      ,     ,     ,     ,     ,     ,    ,      ,    5.0,   0.0,   3.0,     3.0,    21.0,        ,        ,        ,        ,        ,        ,      
abelsi01 , 1940,     1, DET , NHL , C  , 47.0, 11.0,  22.0,  33.0,  29.0,      ,     ,     ,     ,     ,     ,    ,      ,    9.0,   2.0,   2.0,     4.0,     2.0,        ,        ,        ,        ,        ,        ,      
abelsi01 , 1941,     1, DET , NHL , C  , 48.0, 18.0,  31.0,  49.0,  45.0,      ,     ,     ,     ,     ,     ,    ,      ,   12.0,   4.0,   2.0,     6.0,     8.0,        ,        ,        ,        ,        ,        ,      
abelsi01 , 1942,     1, DET , NHL , L  , 49.0, 18.0,  24.0,  42.0,  33.0,      ,     ,     ,     ,     ,     ,    ,      ,   10.0,   5.0,   8.0,    13.0,     4.0,        ,        ,        ,        ,        ,        ,      
abelsi01 , 1945,     1, DET , NHL , C  ,  7.0,  0.0,   2.0,   2.0,   0.0,      ,     ,     ,     ,     ,     ,    ,      ,    3.0,   0.0,   0.0,     0.0,     0.0,        ,        ,        ,        ,        ,        ,      
abelsi01 , 1946,     1, DET , NHL , C  , 60.0, 19.0,  29.0,  48.0,  29.0,      ,     ,     ,     ,     ,     ,    ,      ,    3.0,   1.0,   1.0,     2.0,     2.0,        ,        ,        ,        ,        ,        ,      
abelsi01 , 1947,     1, DET , NHL , C  , 60.0, 14.0,  30.0,  44.0,  69.0,      ,     ,     ,     ,     ,     ,    ,      ,   10.0,   0.0,   3.0,     3.0,    16.0,        ,        ,        ,        ,        ,        ,      
abelsi01 , 1948,     1, DET , NHL , C  , 60.0, 28.0,  26.0,  54.0,  49.0,      ,     ,     ,     ,     ,     ,    ,      ,   11.0,   3.0,   3.0,     6.0,     6.0,        ,        ,        ,        ,        ,        ,      
abelsi01 , 1949,     1, DET , NHL , C  , 69.0, 34.0,  35.0,  69.0,  46.0,      ,     ,     ,     ,     ,     ,    ,      ,   14.0,   6.0,   2.0,     8.0,     6.0,        ,        ,        ,        ,        ,        ,      
abelsi01 , 1950,     1, DET , NHL , C  , 69.0, 23.0,  38.0,  61.0,  30.0,      ,     ,     ,     ,     ,     ,    ,      ,    6.0,   4.0,   3.0,     7.0,     0.0,        ,        ,        ,        ,        ,        ,      
abelsi01 , 1951,     1, DET , NHL , C  , 62.0, 17.0,  36.0,  53.0,  32.0,      ,     ,     ,     ,     ,     ,    ,      ,    7.0,   2.0,   2.0,     4.0,    12.0,        ,        ,        ,        ,        ,        ,      
abelsi01 , 1952,     1, CHI , NHL , C  , 39.0,  5.0,   4.0,   9.0,   6.0,      ,     ,     ,     ,     ,     ,    ,      ,    1.0,   0.0,   0.0,     0.0,     0.0,        ,        ,        ,        ,        ,        ,      
abelsi01 , 1953,     1, CHI , NHL , C  ,  3.0,  0.0,   0.0,   0.0,   4.0,      ,     ,     ,     ,     ,     ,    ,      ,       ,      ,      ,        ,        ,        ,        ,        ,        ,        ,        ,      
abgrade01, 1975,     1, LAK , NHL , R  , 13.0,  0.0,   2.0,   2.0,   4.0, -7.0 ,  0.0,     ,  0.0,     ,  0.0, 0.0,   9.0,       ,      ,      ,        ,        ,        ,        ,        ,        ,        ,        ,      
abgrade01, 1976,     1, CIN , WHA , R  , 80.0, 23.0,  39.0,  62.0,  22.0, 26.0 ,  4.0,     ,  0.0,     ,     ,    , 125.0,    4.0,   2.0,   0.0,     2.0,     5.0, -3.0   ,        ,        ,        ,        ,     0.0,      
abgrade01, 1977,     1, CIN , WHA , R  , 65.0, 13.0,  11.0,  24.0,  13.0, -2.0 ,  2.0,     ,  0.0,     ,     ,    ,  79.0,       ,      ,      ,        ,        ,        ,        ,        ,        ,        ,        ,      
abidra01 , 2002,     1, PHO , NHL , L  , 30.0, 10.0,   8.0,  18.0,  30.0, 1.0  ,  4.0,  2.0,  0.0,  0.0,  3.0, 0.0,  52.0,       ,      ,      ,        ,        ,        ,        ,        ,        ,        ,        ,      
abidra01 , 2002,     2, PIT , NHL , L  ,  3.0,  0.0,   0.0,   0.0,   2.0, -5.0 ,  0.0,  0.0,  0.0,  0.0,  0.0, 0.0,   7.0,       ,      ,      ,        ,        ,        ,        ,        ,        ,        ,        ,      
abidra01 , 2003,     1, PIT , NHL , L  , 16.0,  3.0,   2.0,   5.0,  27.0, -5.0 ,  2.0,  2.0,  0.0,  0.0,  1.0, 0.0,  35.0,       ,      ,      ,        ,        ,        ,        ,        ,        ,        ,        ,      
abidra01 , 2005,     1, ATL , NHL , L  ,  6.0,  0.0,   2.0,   2.0,   6.0, 1.0  ,  0.0,  0.0,  0.0,  0.0,  0.0,    ,   6.0,       ,      ,      ,        ,        ,        ,        ,        ,        ,        ,        ,      
abidra01 , 2006,     1, NAS , NHL , L  , 13.0,  1.0,   4.0,   5.0,  13.0, -3.0 ,  0.0,  0.0,  0.0,  0.0,  0.0,    ,  12.0,    2.0,   0.0,   0.0,     0.0,     0.0, -1.0   ,     0.0,     0.0,     0.0,     0.0,     0.0,     0.0
abrahch01, 1974,     1, NEW , WHA , G  , 16.0,  0.0,   0.0,   0.0,   0.0,      ,  0.0,     ,  0.0,     ,  0.0,    ,   0.0,       ,      ,      ,        ,        ,        ,        ,        ,        ,        ,        ,      
abrahch01, 1975,     1, NEW , WHA , G  , 41.0,  0.0,   1.0,   1.0,   6.0, 0.0  ,  0.0,     ,  0.0,     ,  0.0,    ,   0.0,    1.0,   0.0,   0.0,     0.0,     0.0, 0.0    ,        ,        ,        ,        ,        ,      
abrahch01, 1976,     1, NEW , WHA , G  , 45.0,  0.0,   1.0,   1.0,  12.0, 0.0  ,  0.0,     ,  0.0,     ,  0.0,    ,   0.0,    2.0,   0.0,   0.0,     0.0,     0.0, 0.0    ,     0.0,        ,     0.0,        ,     0.0,      
abrahth01, 1974,     1, NEW , WHA , D  , 76.0,  8.0,  22.0,  30.0,  46.0, 8.0  ,  2.0,     ,  0.0,     ,     ,    , 151.0,    6.0,   0.0,   0.0,     0.0,     0.0,        ,     0.0,        ,     0.0,        ,     0.0,      
abrahth01, 1975,     1, NEW , WHA , D  , 63.0, 14.0,  21.0,  35.0,  47.0, -11.0,  3.0,     ,  2.0,     ,  0.0,    , 150.0,   17.0,   2.0,   4.0,     6.0,    15.0, 2.0    ,        ,        ,        ,        ,        ,      
abrahth01, 1976,     1, NEW , WHA , D  , 64.0,  6.0,  24.0,  30.0,  33.0, 6.0  ,  0.0,     ,  0.0,     ,     ,    , 174.0,    5.0,   0.0,   3.0,     3.0,     0.0, -3.0   ,     0.0,        ,     0.0,        ,     0.0,      
abrahth01, 1980,     1, HAR , NHL , D  , 32.0,  6.0,  11.0,  17.0,  16.0, -4.0 ,  4.0,     ,  0.0,     ,  1.0, 0.0,  66.0,       ,      ,      ,        ,        ,        ,        ,        ,        ,        ,        ,      
achtyge01, 1951,     1, MTL , NHL , C  ,  1.0,  0.0,   0.0,   0.0,   0.0,      ,     ,     ,     ,     ,     ,    ,      ,       ,      ,      ,        ,        ,        ,        ,        ,        ,        ,        ,      
achtyge01, 1956,     1, MTL , NHL , C  ,  3.0,  0.0,   0.0,   0.0,   0.0,      ,     ,     ,     ,     ,     ,    ,      ,       ,      ,      ,        ,        ,        ,        ,        ,        ,        ,        ,      
achtyge01, 1957,     1, MTL , NHL , C  , 16.0,  3.0,   5.0,   8.0,   2.0,      ,     ,     ,     ,     ,     ,    ,      ,       ,      ,      ,        ,        ,        ,        ,        ,        ,        ,        ,      
achtyge01, 1958,     1, DET , NHL , C  , 12.0,  0.0,   0.0,   0.0,   0.0,      ,     ,     ,     ,     ,     ,    ,      ,       ,      ,      ,        ,        ,        ,        ,        ,        ,        ,        ,      
acombdo01, 1969,     1, TOR , NHL , C  ,  2.0,  0.0,   1.0,   1.0,   0.0, 1.0  ,  0.0,     ,  0.0,     ,  0.0, 0.0,   0.0,       ,      ,      ,        ,        ,        ,        ,        ,        ,        ,        ,      
actonke01, 1979,     1, MTL , NHL , C  ,  2.0,  0.0,   1.0,   1.0,   0.0, 0.0  ,  0.0,     ,  0.0,     ,  0.0, 0.0,   1.0,       ,      ,      ,        ,        ,        ,        ,        ,        ,        ,        ,      
actonke01, 1980,     1, MTL , NHL , C  , 61.0, 15.0,  24.0,  39.0,  74.0, 5.0  ,  3.0,     ,  0.0,     ,  2.0, 1.0, 101.0,    2.0,   0.0,   0.0,     0.0,     6.0,        ,     0.0,        ,     0.0,        ,     0.0,      
actonke01, 1981,     1, MTL , NHL , C  , 78.0, 36.0,  52.0,  88.0,  88.0, 48.0 , 10.0,     ,  0.0,     ,  5.0, 3.0, 218.0,    5.0,   0.0,   4.0,     4.0,    16.0,        ,     0.0,        ,     0.0,        ,     0.0,      
actonke01, 1982,     1, MTL , NHL , C  , 78.0, 24.0,  26.0,  50.0,  63.0, -6.0 ,  1.0,     ,  0.0,     ,  3.0, 0.0, 154.0,    3.0,   0.0,   0.0,     0.0,     0.0,        ,     0.0,        ,     0.0,        ,     0.0,      
actonke01, 1983,     1, MTL , NHL , C  ,  9.0,  3.0,   7.0,  10.0,   4.0, -5.0 ,  2.0,     ,  0.0,     ,  0.0, 0.0,  14.0,       ,      ,      ,        ,        ,        ,        ,        ,        ,        ,        ,      
actonke01, 1983,     2, MNS , NHL , C  , 62.0, 17.0,  38.0,  55.0,  60.0, 2.0  ,  4.0,     ,  2.0,     ,  5.0, 1.0, 151.0,   15.0,   4.0,   7.0,    11.0,    12.0, -1.0   ,     1.0,        ,     0.0,        ,     1.0,    26.0
actonke01, 1984,     1, MNS , NHL , C  , 78.0, 20.0,  38.0,  58.0,  90.0, -3.0 ,  4.0,     ,  0.0,     ,  3.0, 0.0, 167.0,    9.0,   4.0,   4.0,     8.0,     6.0, 0.0    ,     1.0,        ,     0.0,        ,     2.0,    34.0
actonke01, 1985,     1, MNS , NHL , C  , 79.0, 26.0,  32.0,  58.0, 100.0, -11.0,  5.0,     ,  2.0,     ,  2.0, 0.0, 169.0,    5.0,   0.0,   3.0,     3.0,     6.0, -1.0   ,     0.0,        ,     0.0,        ,     0.0,     9.0
actonke01, 1986,     1, MNS , NHL , C  , 78.0, 16.0,  29.0,  45.0,  56.0, -15.0,  1.0,     ,  1.0,     ,  3.0, 0.0, 126.0,       ,      ,      ,        ,        ,        ,        ,        ,        ,        ,        ,      
actonke01, 1987,     1, MNS , NHL , C  , 46.0,  8.0,  11.0,  19.0,  74.0, -9.0 ,  0.0,  0.0,  1.0,  0.0,  0.0, 0.0,  49.0,       ,      ,      ,        ,        ,        ,        ,        ,        ,        ,        ,      
actonke01, 1987,     2, EDM , NHL , C  , 26.0,  3.0,   6.0,   9.0,  21.0, -10.0,  1.0,  0.0,  0.0,  0.0,  1.0, 0.0,  26.0,    7.0,   2.0,   0.0,     2.0,    16.0, 4.0    ,     0.0,     0.0,     0.0,     0.0,     2.0,    10.0
actonke01, 1988,     1, EDM , NHL , C  , 46.0, 11.0,  15.0,  26.0,  47.0, 9.0  ,  0.0,  0.0,  1.0,     ,  1.0, 0.0,  74.0,       ,      ,      ,        ,        ,        ,        ,        ,        ,        ,        ,      
actonke01, 1988,     2, PHI , NHL , C  , 25.0,  3.0,  10.0,  13.0,  64.0, 1.0  ,  0.0,  0.0,  1.0,     ,  0.0, 0.0,  38.0,   16.0,   2.0,   3.0,     5.0,    18.0, 0.0    ,     0.0,     0.0,     0.0,     0.0,     0.0,    10.0
actonke01, 1989,     1, PHI , NHL , C  , 69.0, 13.0,  14.0,  27.0,  80.0, -2.0 ,  0.0,  0.0,  2.0,  0.0,  0.0, 0.0,  94.0,       ,      ,      ,        ,        ,        ,        ,        ,        ,        ,        ,      
actonke01, 1990,     1, PHI , NHL , C  , 76.0, 14.0,  23.0,  37.0, 131.0, -9.0 ,  2.0,  5.0,  1.0,  0.0,  1.0, 1.0, 120.0,       ,      ,      ,        ,        ,        ,        ,        ,        ,        ,        ,      
actonke01, 1991,     1, PHI , NHL , C  , 50.0,  7.0,  10.0,  17.0,  98.0, -4.0 ,  0.0,  0.0,  0.0,  0.0,  3.0, 0.0,  79.0,       ,      ,      ,        ,        ,        ,        ,        ,        ,        ,        ,      
actonke01, 1992,     1, PHI , NHL , C  , 83.0,  8.0,  15.0,  23.0,  51.0, -10.0,  0.0,  0.0,  0.0,  1.0,  0.0, 0.0,  74.0,       ,      ,      ,        ,        ,        ,        ,        ,        ,        ,        ,      
actonke01, 1993,     1, WAS , NHL , C  ,  6.0,  0.0,   0.0,   0.0,  21.0, -4.0 ,  0.0,  0.0,  0.0,  0.0,  0.0, 0.0,   2.0,       ,      ,      ,        ,        ,        ,        ,        ,        ,        ,        ,      
actonke01, 1993,     2, NYI , NHL , C  , 71.0,  2.0,   7.0,   9.0,  50.0, -1.0 ,  0.0,  0.0,  0.0,  2.0,  0.0, 0.0,  33.0,    4.0,   0.0,   0.0,     0.0,     8.0, 0.0    ,     0.0,     0.0,     0.0,     0.0,     0.0,     1.0
adairji01, 1973,     1, VAB , WHA , C  , 70.0, 12.0,  17.0,  29.0,  10.0,      ,  2.0,     ,  0.0,     ,  2.0,    ,      ,       ,      ,      ,        ,        ,        ,        ,        ,        ,        ,        ,      
adamdo01 , 1949,     1, NYR , NHL , L  ,  4.0,  0.0,   1.0,   1.0,   0.0,      ,     ,     ,     ,     ,     ,    ,      ,       ,      ,      ,        ,        ,        ,        ,        ,        ,        ,        ,      
adamipe01, 1978,     1, CZE , WHA ,    ,  6.0,  0.0,   2.0,   2.0,   8.0,      ,     ,     ,     ,     ,     ,    ,      ,       ,      ,      ,        ,        ,        ,        ,        ,        ,        ,        ,      
adamru01 , 1982,     1, TOR , NHL , C  ,  8.0,  1.0,   2.0,   3.0,  11.0, -3.0 ,  0.0,     ,  0.0,     ,  0.0, 0.0,   4.0,       ,      ,      ,        ,        ,        ,        ,        ,        ,        ,        ,      
adamsbi01, 1919,     1, VML , PCHA, R  , 16.0,  0.0,   0.0,   0.0,   3.0,      ,     ,     ,     ,     ,     ,    ,      ,    2.0,   0.0,   0.0,     0.0,     0.0,        ,        ,        ,        ,        ,        ,      
adamsbi01, 1920,     1, VML , PCHA, R  , 18.0,  2.0,   0.0,   2.0,   6.0,      ,     ,     ,     ,     ,     ,    ,      ,    2.0,   0.0,   0.0,     0.0,     0.0,        ,        ,        ,        ,        ,        ,      
adamsbi01, 1921,     1, SMJ , WCHL, R  , 15.0,  1.0,   3.0,   4.0,  18.0,      ,     ,     ,     ,     ,     ,    ,      ,       ,      ,      ,        ,        ,        ,        ,        ,        ,        ,        ,      
adamsbi01, 1921,     2, REG , WCHL, C  ,  2.0,  0.0,   0.0,   0.0,   0.0,      ,     ,     ,     ,     ,     ,    ,      ,    2.0,   0.0,   0.0,     0.0,     0.0,        ,        ,        ,        ,        ,        ,      
adamsbr01, 1999,     1, ATL , NHL , L  ,  2.0,  0.0,   0.0,   0.0,   0.0, -1.0 ,  0.0,  0.0,  0.0,  0.0,  0.0, 0.0,   1.0,       ,      ,      ,        ,        ,        ,        ,        ,        ,        ,        ,      
adamsbr01, 2000,     1, ATL , NHL , L  ,  9.0,  0.0,   1.0,   1.0,   2.0, -4.0 ,  0.0,  0.0,  0.0,  0.0,  0.0, 0.0,   3.0,       ,      ,      ,        ,        ,        ,        ,        ,        ,        ,        ,      
adamscr01, 2000,     1, CAR , NHL , R  , 44.0,  1.0,   0.0,   1.0,  20.0, -7.0 ,  0.0,  0.0,  0.0,  0.0,  0.0, 0.0,  15.0,    3.0,   0.0,   0.0,     0.0,     0.0, 0.0    ,     0.0,     0.0,     0.0,     0.0,     0.0,     1.0
adamscr01, 2001,     1, CAR , NHL , R  , 33.0,  0.0,   1.0,   1.0,  38.0, 2.0  ,  0.0,  0.0,  0.0,  0.0,  0.0, 0.0,  17.0,    1.0,   0.0,   0.0,     0.0,     0.0, 0.0    ,     0.0,     0.0,     0.0,     0.0,     0.0,     0.0
adamscr01, 2002,     1, CAR , NHL , R  , 81.0,  6.0,  12.0,  18.0,  71.0, -11.0,  1.0,  1.0,  0.0,  0.0,  1.0, 0.0, 107.0,       ,      ,      ,        ,        ,        ,        ,        ,        ,        ,        ,      
adamscr01, 2003,     1, CAR , NHL , L  , 80.0,  7.0,  10.0,  17.0,  69.0, -5.0 ,  0.0,  0.0,  1.0,  0.0,  0.0, 0.0, 110.0,       ,      ,      ,        ,        ,        ,        ,        ,        ,        ,        ,      
adamscr01, 2005,     1, CAR , NHL , R  , 67.0, 10.0,  11.0,  21.0,  51.0, 1.0  ,  1.0,  0.0,  1.0,  2.0,  2.0,    ,  68.0,   25.0,   0.0,   0.0,     0.0,    10.0, -4.0   ,     0.0,     0.0,     0.0,     0.0,     0.0,    18.0
adamscr01, 2006,     1, CAR , NHL , R  , 82.0,  7.0,   7.0,  14.0,  54.0, -9.0 ,  0.0,  0.0,  1.0,  1.0,  1.0,    ,  71.0,       ,      ,      ,        ,        ,        ,        ,        ,        ,        ,        ,      
adamscr01, 2007,     1, CAR , NHL , R  , 40.0,  2.0,   3.0,   5.0,  34.0, -8.0 ,  0.0,  0.0,  0.0,  0.0,  0.0,    ,  31.0,       ,      ,      ,        ,        ,        ,        ,        ,        ,        ,        ,      
adamscr01, 2007,     2, CHI , NHL , R  , 35.0,  2.0,   4.0,   6.0,  24.0, -8.0 ,  0.0,  0.0,  1.0,  2.0,  1.0,    ,  32.0,       ,      ,      ,        ,        ,        ,        ,        ,        ,        ,        ,      
adamscr01, 2008,     1, CHI , NHL , R  , 36.0,  2.0,   4.0,   6.0,  22.0, -3.0 ,  1.0,  0.0,  0.0,  0.0,  0.0,    ,  38.0,       ,      ,      ,        ,        ,        ,        ,        ,        ,        ,        ,      
adamscr01, 2008,     2, PIT , NHL , R  ,  9.0,  0.0,   1.0,   1.0,   0.0, 0.0  ,  0.0,  0.0,  0.0,  0.0,  0.0,    ,   9.0,   24.0,   3.0,   2.0,     5.0,    16.0, -1.0   ,     0.0,     0.0,     0.0,     0.0,     0.0,    26.0
adamscr01, 2009,     1, PIT , NHL , R  , 82.0,  0.0,  10.0,  10.0,  72.0, -5.0 ,  0.0,  0.0,  0.0,  0.0,  0.0,    ,  84.0,   13.0,   2.0,   1.0,     3.0,    15.0, 2.0    ,     0.0,     0.0,     0.0,     1.0,     1.0,    11.0
adamsgr01, 1980,     1, PHI , NHL , L  ,  6.0,  3.0,   0.0,   3.0,   8.0, 0.0  ,  0.0,     ,  0.0,     ,  0.0, 0.0,   6.0,       ,      ,      ,        ,        ,        ,        ,        ,        ,        ,        ,      
adamsgr01, 1981,     1, PHI , NHL , L  , 33.0,  4.0,  15.0,  19.0, 105.0, 7.0  ,  0.0,     ,  0.0,     ,  0.0, 0.0,  29.0,       ,      ,      ,        ,        ,        ,        ,        ,        ,        ,        ,      
adamsgr01, 1982,     1, HAR , NHL , L  , 79.0, 10.0,  13.0,  23.0, 216.0, -46.0,  1.0,     ,  0.0,     ,  1.0, 0.0, 114.0,       ,      ,      ,        ,        ,        ,        ,        ,        ,        ,        ,      
adamsgr01, 1983,     1, WAS , NHL , L  , 57.0,  2.0,   6.0,   8.0, 133.0, 1.0  ,  0.0,     ,  0.0,     ,  0.0, 0.0,  37.0,    1.0,   0.0,   0.0,     0.0,     0.0, -1.0   ,     0.0,        ,     0.0,        ,     0.0,     0.0
adamsgr01, 1984,     1, WAS , NHL , L  , 51.0,  6.0,  12.0,  18.0,  72.0, 8.0  ,  0.0,     ,  0.0,     ,  1.0, 0.0,  62.0,    5.0,   0.0,   0.0,     0.0,     9.0, 0.0    ,     0.0,        ,     0.0,        ,     0.0,     4.0
adamsgr01, 1985,     1, WAS , NHL , L  , 78.0, 18.0,  38.0,  56.0, 152.0, 24.0 ,  3.0,     ,  0.0,     ,  2.0, 0.0, 149.0,    9.0,   1.0,   3.0,     4.0,    27.0, -1.0   ,     0.0,        ,     0.0,        ,     0.0,    10.0
adamsgr01, 1986,     1, WAS , NHL , L  , 67.0, 14.0,  30.0,  44.0, 184.0, 9.0  ,  2.0,     ,  0.0,     ,  0.0, 0.0,  92.0,    7.0,   1.0,   3.0,     4.0,    38.0, 0.0    ,     1.0,        ,     0.0,        ,     0.0,    11.0
adamsgr01, 1987,     1, WAS , NHL , L  , 78.0, 15.0,  12.0,  27.0, 153.0, -3.0 ,  3.0,  4.0,  0.0,  0.0,  0.0, 0.0, 109.0,   14.0,   0.0,   5.0,     5.0,    58.0, 1.0    ,     0.0,     1.0,     0.0,     0.0,     0.0,    11.0
adamsgr01, 1988,     1, EDM , NHL , L  , 49.0,  4.0,   5.0,   9.0,  82.0, 1.0  ,  0.0,     ,  0.0,  0.0,  1.0, 0.0,  49.0,       ,      ,      ,        ,        ,        ,        ,        ,        ,        ,        ,      
adamsgr01, 1988,     2, VAN , NHL , L  , 12.0,  4.0,   2.0,   6.0,  35.0, 2.0  ,  2.0,     ,  0.0,  0.0,  0.0, 0.0,  22.0,    7.0,   0.0,   0.0,     0.0,    21.0, -2.0   ,     0.0,     0.0,     0.0,     0.0,     0.0,    15.0
adamsgr01, 1989,     1, QUE , NHL , L  ,  7.0,  1.0,   3.0,   4.0,  17.0, -2.0 ,  0.0,     ,  0.0,  0.0,  0.0, 0.0,   8.0,       ,      ,      ,        ,        ,        ,        ,        ,        ,        ,        ,      
adamsgr01, 1989,     2, DET , NHL , L  , 28.0,  3.0,   7.0,  10.0,  16.0, 0.0  ,  0.0,     ,  0.0,  0.0,  0.0, 0.0,  19.0,       ,      ,      ,        ,        ,        ,        ,        ,        ,        ,        ,      
adamsgr02, 1984,     1, NJD , NHL , C  , 36.0, 12.0,   9.0,  21.0,  14.0, -14.0,  5.0,     ,  0.0,     ,  0.0, 0.0,  63.0,       ,      ,      ,        ,        ,        ,        ,        ,        ,        ,        ,      
adamsgr02, 1985,     1, NJD , NHL , C  , 78.0, 35.0,  42.0,  77.0,  30.0, -7.0 , 10.0,     ,  0.0,     ,  2.0, 0.0, 202.0,       ,      ,      ,        ,        ,        ,        ,        ,        ,        ,        ,      
adamsgr02, 1986,     1, NJD , NHL , C  , 72.0, 20.0,  27.0,  47.0,  19.0, -16.0,  6.0,     ,  0.0,     ,  1.0, 0.0, 143.0,       ,      ,      ,        ,        ,        ,        ,        ,        ,        ,        ,      
adamsgr02, 1987,     1, VAN , NHL , C  , 80.0, 36.0,  40.0,  76.0,  30.0, -24.0, 12.0, 16.0,  0.0,  0.0,  3.0, 0.0, 227.0,       ,      ,      ,        ,        ,        ,        ,        ,        ,        ,        ,      
adamsgr02, 1988,     1, VAN , NHL , L  , 61.0, 19.0,  14.0,  33.0,  24.0, -21.0,  9.0,  5.0,  0.0,  0.0,  2.0, 0.0, 144.0,    7.0,   2.0,   3.0,     5.0,     2.0, -1.0   ,     0.0,     3.0,     0.0,     0.0,     0.0,    18.0
adamsgr02, 1989,     1, VAN , NHL , L  , 65.0, 30.0,  20.0,  50.0,  18.0, -8.0 , 13.0,  6.0,  0.0,  0.0,  1.0, 1.0, 181.0,       ,      ,      ,        ,        ,        ,        ,        ,        ,        ,        ,      
adamsgr02, 1990,     1, VAN , NHL , L  , 55.0, 21.0,  24.0,  45.0,  10.0, -5.0 ,  5.0,  7.0,  1.0,  1.0,  2.0, 2.0, 148.0,    5.0,   0.0,   0.0,     0.0,     2.0, -2.0   ,     0.0,     0.0,     0.0,     0.0,     0.0,     8.0
adamsgr02, 1991,     1, VAN , NHL , L  , 76.0, 30.0,  27.0,  57.0,  26.0, 8.0  , 13.0,  7.0,  1.0,  2.0,  5.0, 0.0, 184.0,    6.0,   0.0,   2.0,     2.0,     4.0, 4.0    ,     0.0,     1.0,     0.0,     0.0,     0.0,    23.0
adamsgr02, 1992,     1, VAN , NHL , L  , 53.0, 25.0,  31.0,  56.0,  14.0, 31.0 ,  6.0,  9.0,  1.0,  3.0,  3.0, 0.0, 124.0,   12.0,   7.0,   6.0,    13.0,     6.0, -1.0   ,     5.0,     3.0,     0.0,     0.0,     1.0,    42.0
adamsgr02, 1993,     1, VAN , NHL , L  , 68.0, 13.0,  24.0,  37.0,  20.0, -1.0 ,  5.0,  5.0,  1.0,  3.0,  2.0, 0.0, 139.0,   23.0,   6.0,   8.0,    14.0,     2.0, 1.0    ,     2.0,     2.0,     0.0,     0.0,     2.0,    46.0
adamsgr02, 1994,     1, VAN , NHL , L  , 31.0,  5.0,  10.0,  15.0,  12.0, 1.0  ,  2.0,  1.0,  2.0,  0.0,  0.0, 0.0,  56.0,       ,      ,      ,        ,        ,        ,        ,        ,        ,        ,        ,      
adamsgr02, 1994,     2, DAL , NHL , L  , 12.0,  3.0,   3.0,   6.0,   4.0, -4.0 ,  1.0,  3.0,  0.0,  0.0,  0.0, 0.0,  16.0,    5.0,   2.0,   0.0,     2.0,     0.0, 1.0    ,     0.0,     0.0,     0.0,     0.0,     0.0,    14.0
adamsgr02, 1995,     1, DAL , NHL , L  , 66.0, 22.0,  21.0,  43.0,  33.0, -21.0, 11.0,  9.0,  1.0,  1.0,  1.0, 0.0, 140.0,       ,      ,      ,        ,        ,        ,        ,        ,        ,        ,        ,      
adamsgr02, 1996,     1, DAL , NHL , L  , 50.0, 21.0,  15.0,  36.0,   2.0, 27.0 ,  5.0,  6.0,  0.0,  0.0,  4.0, 1.0, 113.0,    3.0,   0.0,   1.0,     1.0,     0.0, 2.0    ,     0.0,     0.0,     0.0,     0.0,     0.0,     4.0
adamsgr02, 1997,     1, DAL , NHL , L  , 49.0, 14.0,  18.0,  32.0,  20.0, 11.0 ,  7.0,  7.0,  0.0,  0.0,  1.0, 0.0,  75.0,   12.0,   2.0,   2.0,     4.0,     0.0, 4.0    ,     0.0,     0.0,     0.0,     0.0,     2.0,    14.0
adamsgr02, 1998,     1, PHO , NHL , L  , 75.0, 19.0,  24.0,  43.0,  26.0, -1.0 ,  5.0,  6.0,  0.0,  1.0,  3.0, 0.0, 176.0,    3.0,   1.0,   0.0,     1.0,     0.0, 1.0    ,     0.0,     0.0,     0.0,     0.0,     0.0,     9.0
adamsgr02, 1999,     1, PHO , NHL , L  , 69.0, 19.0,  27.0,  46.0,  14.0, -1.0 ,  5.0,  7.0,  0.0,  0.0,  0.0, 0.0, 129.0,    5.0,   0.0,   0.0,     0.0,     0.0, -1.0   ,     0.0,     0.0,     0.0,     0.0,     0.0,     3.0
adamsgr02, 2000,     1, FLO , NHL , L  , 60.0, 11.0,  12.0,  23.0,  10.0, -3.0 ,  2.0,  0.0,  0.0,  0.0,  1.0, 0.0,  66.0,       ,      ,      ,        ,        ,        ,        ,        ,        ,        ,        ,      
adamsja01, 1917,     1, TOA , NHL , C  ,  8.0,  0.0,   0.0,   0.0,  31.0,      ,     ,     ,     ,     ,  0.0,    ,      ,    2.0,   1.0,   0.0,     1.0,     6.0,        ,        ,        ,        ,        ,        ,      
adamsja01, 1918,     1, TOA , NHL , C  , 17.0,  3.0,   3.0,   6.0,  35.0,      ,     ,     ,     ,     ,     ,    ,      ,       ,      ,      ,        ,        ,        ,        ,        ,        ,        ,        ,      
adamsja01, 1919,     1, VML , PCHA, C  , 22.0,  9.0,   4.0,  13.0,  18.0,      ,     ,     ,     ,     ,     ,    ,      ,    2.0,   0.0,   0.0,     0.0,     0.0,        ,        ,        ,        ,        ,        ,      
adamsja01, 1920,     1, VML , PCHA, C  , 24.0, 17.0,  13.0,  30.0,  60.0,      ,     ,     ,     ,     ,     ,    ,      ,    2.0,   3.0,   0.0,     3.0,     0.0,        ,        ,        ,        ,        ,        ,      
adamsja01, 1921,     1, VML , PCHA, C  , 24.0, 26.0,   4.0,  30.0,  24.0,      ,     ,     ,     ,     ,     ,    ,      ,    4.0,   1.0,   0.0,     1.0,    12.0,        ,        ,        ,        ,        ,        ,      
adamsja01, 1922,     1, TRS , NHL , C  , 23.0, 19.0,   9.0,  28.0,  64.0,      ,     ,     ,     ,     ,     ,    ,      ,       ,      ,      ,        ,        ,        ,        ,        ,        ,        ,        ,      
adamsja01, 1923,     1, TRS , NHL , C  , 22.0, 14.0,   4.0,  18.0,  51.0,      ,     ,     ,     ,     ,     ,    ,      ,       ,      ,      ,        ,        ,        ,        ,        ,        ,        ,        ,      
adamsja01, 1924,     1, TRS , NHL , C  , 27.0, 21.0,  10.0,  31.0,  67.0,      ,     ,     ,     ,     ,     ,    ,      ,    2.0,   1.0,   0.0,     1.0,     7.0,        ,        ,        ,        ,        ,        ,      
adamsja01, 1925,     1, TRS , NHL , C  , 36.0, 21.0,   5.0,  26.0,  52.0,      ,     ,     ,     ,     ,     ,    ,      ,       ,      ,      ,        ,        ,        ,        ,        ,        ,        ,        ,      
adamsja01, 1926,     1, OTS , NHL , C  , 40.0,  5.0,   1.0,   6.0,  66.0,      ,     ,     ,     ,     ,     ,    ,      ,    6.0,   0.0,   0.0,     0.0,     0.0,        ,        ,        ,        ,        ,        ,      
adamsjo01, 1940,     1, MTL , NHL , L  , 42.0,  6.0,  12.0,  18.0,  11.0,      ,     ,     ,     ,     ,     ,    ,      ,    3.0,   0.0,   0.0,     0.0,     0.0,        ,        ,        ,        ,        ,        ,      
adamsjo02, 1972,     1, BOS , NHL , G  , 14.0,  0.0,   0.0,   0.0,   0.0, 0.0  ,  0.0,     ,  0.0,     ,  0.0, 0.0,   0.0,       ,      ,      ,        ,        ,        ,        ,        ,        ,        ,        ,      
adamsjo02, 1974,     1, WAS , NHL , G  ,  8.0,  0.0,   0.0,   0.0,   2.0, 0.0  ,  0.0,     ,  0.0,     ,  0.0, 0.0,   0.0,       ,      ,      ,        ,        ,        ,        ,        ,        ,        ,        ,      
adamske01, 1997,     1, TOR , NHL , C  ,  5.0,  0.0,   0.0,   0.0,   7.0, 0.0  ,  0.0,  0.0,  0.0,  0.0,  0.0, 0.0,   3.0,       ,      ,      ,        ,        ,        ,        ,        ,        ,        ,        ,      
adamske01, 1998,     1, TOR , NHL , C  ,  1.0,  0.0,   0.0,   0.0,   0.0, 0.0  ,  0.0,  0.0,  0.0,  0.0,  0.0, 0.0,   1.0,    7.0,   0.0,   2.0,     2.0,    14.0, -2.0   ,     0.0,     1.0,     0.0,     0.0,     0.0,     9.0
adamske01, 1999,     1, TOR , NHL , C  , 52.0,  5.0,   8.0,  13.0,  39.0, -7.0 ,  0.0,  0.0,  0.0,  1.0,  0.0, 0.0,  70.0,   12.0,   1.0,   0.0,     1.0,     7.0, -2.0   ,     0.0,     0.0,     1.0,     0.0,     0.0,    13.0
adamske01, 2000,     1, CBS , NHL , C  , 66.0,  8.0,  12.0,  20.0,  52.0, -4.0 ,  0.0,  0.0,  0.0,  1.0,  1.0, 0.0,  84.0,       ,      ,      ,        ,        ,        ,        ,        ,        ,        ,        ,      
adamske01, 2000,     2, FLO , NHL , C  , 12.0,  3.0,   6.0,   9.0,   2.0, 7.0  ,  0.0,  0.0,  0.0,  0.0,  2.0, 0.0,  21.0,       ,      ,      ,        ,        ,        ,        ,        ,        ,        ,        ,      
adamske01, 2001,     1, FLO , NHL , C  , 44.0,  4.0,   8.0,  12.0,  28.0, -3.0 ,  0.0,  1.0,  0.0,  1.0,  1.0, 0.0,  71.0,       ,      ,      ,        ,        ,        ,        ,        ,        ,        ,        ,      
adamske01, 2001,     2, CAR , NHL , C  , 33.0,  2.0,   3.0,   5.0,  15.0, -2.0 ,  0.0,  0.0,  0.0,  0.0,  1.0, 0.0,  37.0,   23.0,   1.0,   0.0,     1.0,     4.0, -1.0   ,     0.0,     0.0,     0.0,     0.0,     0.0,    23.0
adamske01, 2002,     1, CAR , NHL , C  , 77.0,  9.0,   9.0,  18.0,  57.0, -8.0 ,  0.0,  2.0,  0.0,  1.0,  0.0, 0.0, 169.0,       ,      ,      ,        ,        ,        ,        ,        ,        ,        ,        ,      
adamske01, 2003,     1, CAR , NHL , C  , 73.0, 10.0,  12.0,  22.0,  43.0, 6.0  ,  0.0,  0.0,  5.0,  0.0,  1.0, 0.0, 141.0,       ,      ,      ,        ,        ,        ,        ,        ,        ,        ,        ,      
adamske01, 2005,     1, CAR , NHL , C  , 82.0, 15.0,   8.0,  23.0,  36.0, 0.0  ,  0.0,  0.0,  2.0,  1.0,  2.0,    , 160.0,   25.0,   0.0,   0.0,     0.0,    14.0, -4.0   ,     0.0,     0.0,     0.0,     0.0,     0.0,    36.0
adamske01, 2006,     1, CAR , NHL , C  , 35.0,  2.0,   2.0,   4.0,  17.0, -10.0,  0.0,  0.0,  1.0,  0.0,  0.0,    ,  36.0,       ,      ,      ,        ,        ,        ,        ,        ,        ,        ,        ,      
adamske01, 2006,     2, PHO , NHL , C  , 33.0,  1.0,   7.0,   8.0,   8.0, -10.0,  0.0,  1.0,  0.0,  1.0,  0.0,    ,  51.0,       ,      ,      ,        ,        ,        ,        ,        ,        ,        ,        ,      
adamske01, 2007,     1, CHI , NHL , C  , 27.0,  0.0,   2.0,   2.0,  13.0, -7.0 ,  0.0,  0.0,  0.0,  2.0,  0.0,    ,  32.0,       ,      ,      ,        ,        ,        ,        ,        ,        ,        ,        ,      
adamsst01, 1929,     1, CHI , NHL , L  , 24.0,  4.0,   6.0,  10.0,  16.0,      ,     ,     ,     ,     ,     ,    ,      ,    2.0,   0.0,   0.0,     0.0,     6.0,        ,        ,        ,        ,        ,        ,      
adamsst01, 1930,     1, CHI , NHL , L  , 37.0,  5.0,  13.0,  18.0,  18.0,      ,     ,     ,     ,     ,     ,    ,      ,    9.0,   3.0,   3.0,     6.0,     8.0,        ,        ,        ,        ,        ,        ,      
adamsst01, 1931,     1, CHI , NHL , L  , 26.0,  0.0,   5.0,   5.0,  26.0,      ,     ,     ,     ,     ,     ,    ,      ,       ,      ,      ,        ,        ,        ,        ,        ,        ,        ,        ,      
adamsst01, 1932,     1, TOR , NHL , L  ,  8.0,  0.0,   2.0,   2.0,   0.0,      ,     ,     ,     ,     ,     ,    ,      ,       ,      ,      ,        ,        ,        ,        ,        ,        ,        ,        ,      
adduora01, 1973,     1, CLC , WHA , C  ,  2.0,  0.0,   0.0,   0.0,   0.0,      ,  0.0,     ,  0.0,     ,  0.0,    ,      ,       ,      ,      ,        ,        ,        ,        ,        ,        ,        ,        ,      
adduora01, 1974,     1, SDM , WHA , C  , 78.0, 15.0,  59.0,  74.0,  23.0, 27.0 ,  1.0,     ,  0.0,     ,     ,    , 129.0,   10.0,   5.0,   9.0,    14.0,    13.0,        ,        ,        ,        ,        ,     0.0,      
adduora01, 1975,     1, SDM , WHA , C  , 80.0, 23.0,  67.0,  90.0,  22.0, 29.0 ,  6.0,     ,  0.0,     ,  2.0,    ,  92.0,   11.0,   4.0,   7.0,    11.0,     6.0, 0.0    ,        ,        ,        ,        ,        ,      
adduora01, 1976,     1, MF2 , WHA , C  , 40.0,  4.0,  19.0,  23.0,  17.0, -14.0,  3.0,     ,  0.0,     ,     ,    ,  47.0,       ,      ,      ,        ,        ,        ,        ,        ,        ,        ,        ,      
adduora01, 1976,     2, SDM , WHA , C  , 13.0,  2.0,   5.0,   7.0,   5.0, 1.0  ,  1.0,     ,  0.0,     ,     ,    ,  47.0,    7.0,   3.0,   2.0,     5.0,    18.0, 0.0    ,        ,        ,        ,        ,     0.0,      
adduora01, 1977,     1, IND , WHA , C  ,  8.0,  1.0,   2.0,   3.0,   0.0, -5.0 ,  0.0,     ,  0.0,     ,     ,    ,  10.0,       ,      ,      ,        ,        ,        ,        ,        ,        ,        ,        ,      
adduori01, 1975,     1, BOS , NHL , C  ,  1.0,  0.0,   0.0,   0.0,   0.0, -1.0 ,  0.0,     ,  0.0,     ,  0.0, 0.0,   0.0,       ,      ,      ,        ,        ,        ,        ,        ,        ,        ,        ,      
adduori01, 1978,     1, BIR , WHA , C  , 80.0, 20.0,  33.0,  53.0,  67.0, -2.0 ,  4.0,     ,  1.0,     ,     ,    , 131.0,       ,      ,      ,        ,        ,        ,        ,        ,        ,        ,        ,      
adduori01, 1979,     1, ATF , NHL , C  ,  3.0,  0.0,   0.0,   0.0,   2.0, -1.0 ,  0.0,     ,  0.0,     ,  0.0, 0.0,   1.0,       ,      ,      ,        ,        ,        ,        ,        ,        ,        ,        ,      
aebisda01, 2000,     1, COL , NHL , G  , 26.0,  0.0,   1.0,   1.0,   0.0, 0.0  ,  0.0,  0.0,  0.0,  0.0,  0.0, 0.0,   0.0,    1.0,   0.0,   0.0,     0.0,     0.0, 0.0    ,     0.0,     0.0,     0.0,     0.0,     0.0,     0.0
aebisda01, 2001,     1, COL , NHL , G  , 21.0,  0.0,   0.0,   0.0,   4.0, 0.0  ,  0.0,  0.0,  0.0,  0.0,  0.0, 0.0,   0.0,    1.0,   0.0,   0.0,     0.0,     2.0, 0.0    ,     0.0,     0.0,     0.0,     0.0,     0.0,     0.0
aebisda01, 2002,     1, COL , NHL , G  , 22.0,  0.0,   0.0,   0.0,   4.0, 0.0  ,  0.0,  0.0,  0.0,  0.0,  0.0, 0.0,   0.0,       ,      ,      ,        ,        ,        ,        ,        ,        ,        ,        ,      
aebisda01, 2003,     1, COL , NHL , G  , 62.0,  0.0,   1.0,   1.0,   4.0, 0.0  ,  0.0,  1.0,  0.0,  0.0,  0.0, 0.0,   1.0,   11.0,   0.0,   0.0,     0.0,     2.0, 0.0    ,     0.0,     0.0,     0.0,     0.0,     0.0,     0.0
aebisda01, 2005,     1, COL , NHL , G  , 43.0,  0.0,   3.0,   3.0,  16.0, 0.0  ,  0.0,  3.0,  0.0,  0.0,  0.0,    ,   0.0,       ,      ,      ,        ,        ,        ,        ,        ,        ,        ,        ,      
aebisda01, 2005,     2, MTL , NHL , G  ,  7.0,  0.0,   0.0,   0.0,   0.0, 0.0  ,  0.0,  0.0,  0.0,  0.0,  0.0,    ,   0.0,       ,      ,      ,        ,        ,        ,        ,        ,        ,        ,        ,      
aebisda01, 2006,     1, MTL , NHL , G  , 32.0,  0.0,   0.0,   0.0,   2.0, 0.0  ,  0.0,  0.0,  0.0,  0.0,  0.0,    ,   0.0,       ,      ,      ,        ,        ,        ,        ,        ,        ,        ,        ,      
aebisda01, 2007,     1, PHO , NHL , G  ,  1.0,  0.0,   0.0,   0.0,   0.0, 0.0  ,  0.0,  0.0,  0.0,  0.0,  0.0,    ,   0.0,       ,      ,      ,        ,        ,        ,        ,        ,        ,        ,        ,      
afanadm01, 2000,     1, TBL , NHL , L  ,  9.0,  1.0,   1.0,   2.0,   4.0, 1.0  ,  0.0,  0.0,  0.0,  0.0,  0.0, 0.0,   8.0,       ,      ,      ,        ,        ,        ,        ,        ,        ,        ,        ,      
afanadm01, 2001,     1, TBL , NHL , L  ,  5.0,  0.0,   0.0,   0.0,   0.0, -1.0 ,  0.0,  0.0,  0.0,  0.0,  0.0, 0.0,   1.0,       ,      ,      ,        ,        ,        ,        ,        ,        ,        ,        ,      
afanadm01, 2003,     1, TBL , NHL , R  , 71.0,  6.0,  10.0,  16.0,  12.0, -4.0 ,  0.0,  2.0,  0.0,  0.0,  1.0, 0.0,  98.0,   23.0,   1.0,   2.0,     3.0,     6.0, -3.0   ,     0.0,     0.0,     0.0,     0.0,     0.0,    27.0
afanadm01, 2005,     1, TBL , NHL , L  , 68.0,  9.0,   6.0,  15.0,  16.0, -7.0 ,  1.0,  3.0,  0.0,  0.0,  0.0,    ,  78.0,    5.0,   0.0,   1.0,     1.0,     2.0, -1.0   ,     0.0,     0.0,     0.0,     0.0,     0.0,    12.0
afanadm01, 2006,     1, TBL , NHL , L  , 33.0,  3.0,   3.0,   6.0,   8.0, -6.0 ,  0.0,  0.0,  0.0,  0.0,  0.0,    ,  31.0,       ,      ,      ,        ,        ,        ,        ,        ,        ,        ,        ,      
afanadm01, 2006,     2, PHI , NHL , L  , 41.0,  8.0,   7.0,  15.0,  12.0, -19.0,  0.0,  0.0,  0.0,  0.0,  0.0,    ,  65.0,       ,      ,      ,        ,        ,        ,        ,        ,        ,        ,        ,      
afflebr01, 1974,     1, STL , NHL , D  , 13.0,  0.0,   2.0,   2.0,   4.0, 7.0  ,  0.0,     ,  0.0,     ,  0.0, 0.0,   3.0,    1.0,   0.0,   0.0,     0.0,     0.0,        ,     0.0,        ,     0.0,        ,     0.0,      
afflebr01, 1975,     1, STL , NHL , D  , 80.0,  4.0,  26.0,  30.0,  20.0, 3.0  ,  3.0,     ,  0.0,     ,  1.0, 0.0, 100.0,    3.0,   0.0,   0.0,     0.0,     0.0,        ,     0.0,        ,     0.0,        ,     0.0,      
afflebr01, 1976,     1, STL , NHL , D  , 80.0,  5.0,  20.0,  25.0,  24.0, -22.0,  1.0,     ,  0.0,     ,  0.0, 0.0, 133.0,    4.0,   0.0,   0.0,     0.0,     0.0,        ,     0.0,        ,     0.0,        ,     0.0,      
afflebr01, 1977,     1, STL , NHL , D  , 75.0,  4.0,  14.0,  18.0,  26.0, -56.0,  0.0,     ,  0.0,     ,  1.0, 0.0,  95.0,       ,      ,      ,        ,        ,        ,        ,        ,        ,        ,        ,      
afflebr01, 1978,     1, STL , NHL , D  , 26.0,  1.0,   3.0,   4.0,  12.0, -13.0,  0.0,     ,  0.0,     ,  0.0, 0.0,  34.0,       ,      ,      ,        ,        ,        ,        ,        ,        ,        ,        ,      
afflebr01, 1979,     1, VAN , NHL , D  ,  5.0,  0.0,   1.0,   1.0,   0.0, 0.0  ,  0.0,     ,  0.0,     ,  0.0, 0.0,   3.0,       ,      ,      ,        ,        ,        ,        ,        ,        ,        ,        ,      
afflebr01, 1983,     1, NYI , NHL , D  ,  1.0,  0.0,   0.0,   0.0,   0.0, -1.0 ,  0.0,     ,  0.0,     ,  0.0, 0.0,   2.0,       ,      ,      ,        ,        ,        ,        ,        ,        ,        ,        ,      
afinoma01, 1999,     1, BUF , NHL , R  , 65.0, 16.0,  18.0,  34.0,  41.0, -4.0 ,  2.0,  6.0,  0.0,  0.0,  2.0, 0.0, 128.0,    5.0,   0.0,   1.0,     1.0,     2.0, -2.0   ,     0.0,     1.0,     0.0,     0.0,     0.0,     9.0
afinoma01, 2000,     1, BUF , NHL , R  , 78.0, 14.0,  22.0,  36.0,  40.0, 1.0  ,  3.0,  7.0,  0.0,  0.0,  5.0, 0.0, 190.0,   11.0,   2.0,   3.0,     5.0,     4.0, 1.0    ,     0.0,     0.0,     0.0,     0.0,     0.0,    19.0
afinoma01, 2001,     1, BUF , NHL , R  , 81.0, 21.0,  19.0,  40.0,  69.0, -9.0 ,  3.0,  5.0,  1.0,  0.0,  0.0, 0.0, 234.0,       ,      ,      ,        ,        ,        ,        ,        ,        ,        ,        ,      
afinoma01, 2002,     1, BUF , NHL , R  , 35.0,  5.0,   6.0,  11.0,  21.0, -12.0,  2.0,  0.0,  0.0,  0.0,  2.0, 0.0,  77.0,       ,      ,      ,        ,        ,        ,        ,        ,        ,        ,        ,      
afinoma01, 2003,     1, BUF , NHL , R  , 73.0, 17.0,  14.0,  31.0,  57.0, -4.0 ,  3.0,  3.0,  0.0,  0.0,  4.0, 1.0, 148.0,       ,      ,      ,        ,        ,        ,        ,        ,        ,        ,        ,      
afinoma01, 2005,     1, BUF , NHL , R  , 77.0, 22.0,  51.0,  73.0,  84.0, 6.0  , 11.0, 20.0,  0.0,  0.0,  3.0,    , 241.0,   18.0,   3.0,   5.0,     8.0,    10.0, 3.0    ,     0.0,     2.0,     0.0,     0.0,     0.0,    43.0
afinoma01, 2006,     1, BUF , NHL , R  , 56.0, 23.0,  38.0,  61.0,  66.0, 19.0 ,  7.0, 13.0,  0.0,  0.0,  3.0,    , 151.0,   15.0,   5.0,   4.0,     9.0,     6.0, 3.0    ,     3.0,     0.0,     0.0,     0.0,     2.0,    36.0
afinoma01, 2007,     1, BUF , NHL , R  , 56.0, 10.0,  18.0,  28.0,  42.0, -16.0,  1.0,  5.0,  0.0,  0.0,  1.0,    , 114.0,       ,      ,      ,        ,        ,        ,        ,        ,        ,        ,        ,      
afinoma01, 2008,     1, BUF , NHL , R  , 48.0,  6.0,  14.0,  20.0,  20.0, -7.0 ,  0.0,  7.0,  0.0,  0.0,  0.0,    ,  93.0,       ,      ,      ,        ,        ,        ,        ,        ,        ,        ,        ,      
afinoma01, 2009,     1, ATL , NHL , R  , 82.0, 24.0,  37.0,  61.0,  46.0, -17.0,  6.0, 12.0,  0.0,  0.0,  3.0,    , 181.0,       ,      ,      ,        ,        ,        ,        ,        ,        ,        ,        ,      
agnewji01, 1986,     1, VAN , NHL , D  ,  4.0,  0.0,   0.0,   0.0,   0.0, 0.0  ,  0.0,     ,  0.0,     ,  0.0, 0.0,   1.0,       ,      ,      ,        ,        ,        ,        ,        ,        ,        ,        ,      
agnewji01, 1987,     1, VAN , NHL , D  , 10.0,  0.0,   1.0,   1.0,  16.0, 1.0  ,  0.0,  0.0,  0.0,  0.0,  0.0, 0.0,   4.0,       ,      ,      ,        ,        ,        ,        ,        ,        ,        ,        ,      
agnewji01, 1989,     1, VAN , NHL , D  ,  7.0,  0.0,   0.0,   0.0,  36.0, -1.0 ,  0.0,  0.0,  0.0,  0.0,  0.0, 0.0,   3.0,       ,      ,      ,        ,        ,        ,        ,        ,        ,        ,        ,      
agnewji01, 1990,     1, VAN , NHL , D  , 20.0,  0.0,   0.0,   0.0,  81.0, -11.0,  0.0,  0.0,  0.0,  0.0,  0.0, 0.0,  12.0,       ,      ,      ,        ,        ,        ,        ,        ,        ,        ,        ,      
agnewji01, 1991,     1, VAN , NHL , D  , 24.0,  0.0,   0.0,   0.0,  56.0, -1.0 ,  0.0,  0.0,  0.0,  0.0,  0.0, 0.0,   9.0,    4.0,   0.0,   0.0,     0.0,     6.0, -2.0   ,     0.0,     0.0,     0.0,     0.0,     0.0,     2.0
agnewji01, 1992,     1, HAR , NHL , D  , 16.0,  0.0,   0.0,   0.0,  68.0, 3.0  ,  0.0,  0.0,  0.0,  0.0,  0.0, 0.0,   3.0,       ,      ,      ,        ,        ,        ,        ,        ,        ,        ,        ,      
ahearke01, 1972,     1, NEW , WHA , L  , 78.0, 20.0,  22.0,  42.0,  18.0,      ,  1.0,     ,  0.0,     ,     ,    ,      ,   14.0,   1.0,   2.0,     3.0,     9.0,        ,     0.0,        ,     0.0,        ,     0.0,      
ahernfr01, 1974,     1, CLF , NHL , R  ,  3.0,  2.0,   1.0,   3.0,   0.0, -1.0 ,  1.0,     ,  0.0,     ,  1.0, 0.0,  10.0,       ,      ,      ,        ,        ,        ,        ,        ,        ,        ,        ,      
ahernfr01, 1975,     1, CLF , NHL , R  , 44.0, 17.0,   8.0,  25.0,  43.0, -2.0 ,  3.0,     ,  0.0,     ,  4.0, 2.0,  88.0,       ,      ,      ,        ,        ,        ,        ,        ,        ,        ,        ,      
ahernfr01, 1976,     1, CLE , NHL , R  , 25.0,  4.0,   4.0,   8.0,  20.0, -12.0,  2.0,     ,  0.0,     ,  0.0, 0.0,  45.0,       ,      ,      ,        ,        ,        ,        ,        ,        ,        ,        ,      
ahernfr01, 1977,     1, CLE , NHL , R  , 36.0,  3.0,   4.0,   7.0,  48.0, -16.0,  0.0,     ,  0.0,     ,  1.0, 0.0,  37.0,       ,      ,      ,        ,        ,        ,        ,        ,        ,        ,        ,      
ahernfr01, 1977,     2, COR , NHL , R  , 38.0,  5.0,  13.0,  18.0,  19.0, -16.0,  1.0,     ,  0.0,     ,  0.0, 1.0,  66.0,    2.0,   0.0,   1.0,     1.0,     2.0,        ,     0.0,        ,     0.0,        ,     0.0,      
ahlinru01, 1937,     1, CHI , NHL , L  ,  1.0,  0.0,   0.0,   0.0,   0.0,      ,     ,     ,     ,     ,     ,    ,      ,       ,      ,      ,        ,        ,        ,        ,        ,        ,        ,        ,      
ahokase01, 1978,     1, FIN , WHA ,    ,  1.0,  0.0,   0.0,   0.0,   0.0,      ,  0.0,     ,  0.0,     ,  0.0,    ,      ,       ,      ,      ,        ,        ,        ,        ,        ,        ,        ,        ,      
aholape01, 1991,     1, LAK , NHL , D  , 71.0,  7.0,  12.0,  19.0, 101.0, 12.0 ,  0.0,  1.0,  0.0,  1.0,  0.0, 1.0,  74.0,    6.0,   0.0,   0.0,     0.0,     2.0, 4.0    ,     0.0,     0.0,     0.0,     0.0,     0.0,     8.0
aholape01, 1992,     1, LAK , NHL , D  ,  8.0,  1.0,   1.0,   2.0,   6.0, -2.0 ,  0.0,  0.0,  0.0,  0.0,  0.0, 0.0,   3.0,       ,      ,      ,        ,        ,        ,        ,        ,        ,        ,        ,      
aholape01, 1992,     2, PIT , NHL , D  , 22.0,  0.0,   1.0,   1.0,  14.0, -2.0 ,  0.0,  0.0,  0.0,  0.0,  0.0, 0.0,   5.0,       ,      ,      ,        ,        ,        ,        ,        ,        ,        ,        ,      
aholape01, 1992,     3, SJS , NHL , D  , 20.0,  2.0,   3.0,   5.0,  16.0, -6.0 ,  0.0,  2.0,  0.0,  0.0,  0.0, 0.0,  32.0,       ,      ,      ,        ,        ,        ,        ,        ,        ,        ,        ,      
aholape01, 1993,     1, CAL , NHL , D  ,  2.0,  0.0,   0.0,   0.0,   0.0, 0.0  ,  0.0,  0.0,  0.0,  0.0,  0.0, 0.0,   1.0,       ,      ,      ,        ,        ,        ,        ,        ,        ,        ,        ,      
ahrench01, 1972,     1, MNS , NHL , D  ,     ,     ,      ,      ,      ,      ,     ,     ,     ,     ,     ,    ,      ,    1.0,   0.0,   0.0,     0.0,     0.0,        ,     0.0,        ,     0.0,        ,     0.0,      
ahrench01, 1973,     1, MNS , NHL , D  ,  3.0,  0.0,   1.0,   1.0,   0.0, 1.0  ,  0.0,     ,  0.0,     ,  0.0, 0.0,   4.0,       ,      ,      ,        ,        ,        ,        ,        ,        ,        ,        ,      
ahrench01, 1974,     1, MNS , NHL , D  , 44.0,  0.0,   2.0,   2.0,  77.0, -27.0,  0.0,     ,  0.0,     ,  0.0, 0.0,  20.0,       ,      ,      ,        ,        ,        ,        ,        ,        ,        ,        ,      
ahrench01, 1975,     1, MNS , NHL , D  ,  2.0,  0.0,   0.0,   0.0,   2.0, -1.0 ,  0.0,     ,  0.0,     ,  0.0, 0.0,   1.0,       ,      ,      ,        ,        ,        ,        ,        ,        ,        ,        ,      
ahrench01, 1976,     1, MNS , NHL , D  ,  2.0,  0.0,   0.0,   0.0,   5.0, 1.0  ,  0.0,     ,  0.0,     ,  0.0, 0.0,   1.0,       ,      ,      ,        ,        ,        ,        ,        ,        ,        ,        ,      
ahrench01, 1977,     1, MNS , NHL , D  ,  1.0,  0.0,   0.0,   0.0,   0.0, 0.0  ,  0.0,     ,  0.0,     ,  0.0, 0.0,   0.0,       ,      ,      ,        ,        ,        ,        ,        ,        ,        ,        ,      
ahrench01, 1977,     2, EDO , WHA , D  ,  4.0,  0.0,   0.0,   0.0,  15.0, -5.0 ,  0.0,     ,  0.0,     ,     ,    ,   4.0,       ,      ,      ,        ,        ,        ,        ,        ,        ,        ,        ,      
aikendo01, 1957,     1, MTL , NHL , G  ,  1.0,  0.0,   0.0,   0.0,   0.0,      ,     ,     ,     ,     ,     ,    ,      ,       ,      ,      ,        ,        ,        ,        ,        ,        ,        ,        ,      
ailsbll01, 1951,     1, NYR , NHL , D  ,  3.0,  0.0,   0.0,   0.0,   2.0,      ,     ,     ,     ,     ,     ,    ,      ,       ,      ,      ,        ,        ,        ,        ,        ,        ,        ,        ,      
aitkean01, 1932,     1, NYR , NHL , G  , 48.0,  0.0,   0.0,   0.0,   0.0,      ,     ,     ,     ,     ,     ,    ,      ,    8.0,   0.0,   0.0,     0.0,     0.0,        ,        ,        ,        ,        ,        ,      
aitkean01, 1933,     1, NYR , NHL , G  , 48.0,  0.0,   0.0,   0.0,   0.0,      ,     ,     ,     ,     ,     ,    ,      ,    2.0,   0.0,   0.0,     0.0,     0.0,        ,        ,        ,        ,        ,        ,      
aitkean01, 1934,     1, NYR , NHL , G  , 10.0,  0.0,   0.0,   0.0,   0.0,      ,     ,     ,     ,     ,     ,    ,      ,       ,      ,      ,        ,        ,        ,        ,        ,        ,        ,        ,      
aitkebr01, 1987,     1, PIT , NHL , L  ,  5.0,  1.0,   1.0,   2.0,   0.0, 1.0  ,  0.0,  0.0,  0.0,  0.0,  0.0, 0.0,   4.0,       ,      ,      ,        ,        ,        ,        ,        ,        ,        ,        ,      
aitkebr01, 1990,     1, PIT , NHL , L  ,  6.0,  0.0,   1.0,   1.0,  25.0, -2.0 ,  0.0,  0.0,  0.0,  0.0,  0.0, 0.0,   3.0,       ,      ,      ,        ,        ,        ,        ,        ,        ,        ,        ,      
aitkebr01, 1990,     2, EDM , NHL , L  ,  3.0,  0.0,   1.0,   1.0,   0.0, -1.0 ,  0.0,  0.0,  0.0,  0.0,  0.0, 0.0,   0.0,       ,      ,      ,        ,        ,        ,        ,        ,        ,        ,        ,      
aitkejo01, 1999,     1, BOS , NHL , D  ,  3.0,  0.0,   0.0,   0.0,   0.0, -3.0 ,  0.0,  0.0,  0.0,  0.0,  0.0, 0.0,   2.0,       ,      ,      ,        ,        ,        ,        ,        ,        ,        ,        ,      
aitkejo01, 2003,     1, CHI , NHL , D  , 41.0,  0.0,   1.0,   1.0,  70.0, -9.0 ,  0.0,  0.0,  0.0,  0.0,  0.0, 0.0,  37.0,       ,      ,      ,        ,        ,        ,        ,        ,        ,        ,        ,      
aivazmi01, 1993,     1, DET , NHL , L  , 59.0,  4.0,   4.0,   8.0,  38.0, -1.0 ,  0.0,  1.0,  0.0,  0.0,  0.0, 0.0,  52.0,       ,      ,      ,        ,        ,        ,        ,        ,        ,        ,        ,      
aivazmi01, 1994,     1, EDM , NHL , L  , 21.0,  0.0,   1.0,   1.0,   2.0, -2.0 ,  0.0,  0.0,  0.0,  0.0,  0.0, 0.0,   6.0,       ,      ,      ,        ,        ,        ,        ,        ,        ,        ,        ,      
aivazmi01, 1995,     1, NYI , NHL , C  , 12.0,  0.0,   1.0,   1.0,   6.0, -6.0 ,  0.0,  1.0,  0.0,  0.0,  0.0, 0.0,   8.0,       ,      ,      ,        ,        ,        ,        ,        ,        ,        ,        ,      
alatami01, 1999,     1, PHO , NHL , L  , 82.0, 10.0,  17.0,  27.0,  36.0, -3.0 ,  1.0,  0.0,  0.0,  0.0,  1.0, 0.0, 107.0,    5.0,   0.0,   0.0,     0.0,     2.0, 1.0    ,     0.0,     0.0,     0.0,     0.0,     0.0,     2.0
alatami01, 2000,     1, PHO , NHL , L  , 70.0,  7.0,  12.0,  19.0,  22.0, 1.0  ,  0.0,  1.0,  0.0,  0.0,  1.0, 0.0,  64.0,       ,      ,      ,        ,        ,        ,        ,        ,        ,        ,        ,      
albelto01, 1987,     1, QUE , NHL , D  , 60.0,  3.0,  23.0,  26.0,  47.0, -7.0 ,  0.0, 13.0,  0.0,  0.0,  0.0, 0.0,  98.0,       ,      ,      ,        ,        ,        ,        ,        ,        ,        ,        ,      
albelto01, 1988,     1, QUE , NHL , D  , 14.0,  2.0,   4.0,   6.0,  27.0, -6.0 ,  1.0,  2.0,  0.0,  0.0,  1.0, 0.0,  16.0,       ,      ,      ,        ,        ,        ,        ,        ,        ,        ,        ,      
albelto01, 1988,     2, NJD , NHL , D  , 46.0,  7.0,  24.0,  31.0,  40.0, 18.0 ,  1.0,  7.0,  1.0,  0.0,  1.0, 0.0,  82.0,       ,      ,      ,        ,        ,        ,        ,        ,        ,        ,        ,      
albelto01, 1989,     1, NJD , NHL , D  , 68.0,  6.0,  23.0,  29.0,  63.0, -1.0 ,  4.0,  9.0,  0.0,  0.0,  0.0, 0.0, 125.0,       ,      ,      ,        ,        ,        ,        ,        ,        ,        ,        ,      
albelto01, 1990,     1, NJD , NHL , D  , 47.0,  2.0,  12.0,  14.0,  44.0, 1.0  ,  1.0,  8.0,  0.0,  1.0,  0.0, 0.0,  66.0,    3.0,   0.0,   1.0,     1.0,     2.0, 1.0    ,     0.0,     0.0,     0.0,     0.0,     0.0,     6.0
albelto01, 1991,     1, NJD , NHL , D  , 19.0,  0.0,   4.0,   4.0,   4.0, 7.0  ,  0.0,  0.0,  0.0,  0.0,  0.0, 0.0,  18.0,    1.0,   1.0,   1.0,     2.0,     0.0, 0.0    ,     0.0,     0.0,     0.0,     0.0,     0.0,     1.0
albelto01, 1992,     1, NJD , NHL , D  , 36.0,  1.0,   5.0,   6.0,  14.0, 0.0  ,  1.0,  2.0,  0.0,  0.0,  1.0, 0.0,  33.0,    5.0,   2.0,   0.0,     2.0,     0.0, -1.0   ,     1.0,     0.0,     0.0,     0.0,     1.0,     9.0
albelto01, 1993,     1, NJD , NHL , D  , 62.0,  2.0,  17.0,  19.0,  36.0, 20.0 ,  1.0,  8.0,  0.0,  0.0,  1.0, 0.0,  62.0,   20.0,   2.0,   5.0,     7.0,    14.0, 5.0    ,     1.0,     1.0,     0.0,     0.0,     1.0,    30.0
albelto01, 1994,     1, NJD , NHL , D  , 48.0,  5.0,  10.0,  15.0,  20.0, 9.0  ,  2.0,  0.0,  0.0,  0.0,  0.0, 0.0,  60.0,   20.0,   1.0,   7.0,     8.0,     2.0, 5.0    ,     0.0,     4.0,     0.0,     0.0,     0.0,    17.0
albelto01, 1995,     1, NJD , NHL , D  , 53.0,  1.0,  12.0,  13.0,  14.0, 0.0  ,  0.0,  5.0,  0.0,  0.0,  0.0, 0.0,  90.0,       ,      ,      ,        ,        ,        ,        ,        ,        ,        ,        ,      
albelto01, 1995,     2, CAL , NHL , D  , 20.0,  0.0,   1.0,   1.0,   4.0, 1.0  ,  0.0,  1.0,  0.0,  0.0,  0.0, 0.0,  31.0,    4.0,   0.0,   0.0,     0.0,     0.0, -2.0   ,     0.0,     0.0,     0.0,     0.0,     0.0,     8.0
albelto01, 1996,     1, CAL , NHL , D  , 72.0,  4.0,  11.0,  15.0,  14.0, -8.0 ,  2.0,  7.0,  0.0,  0.0,  0.0, 0.0, 103.0,       ,      ,      ,        ,        ,        ,        ,        ,        ,        ,        ,      
albelto01, 1997,     1, CAL , NHL , D  , 69.0,  2.0,  17.0,  19.0,  32.0, 9.0  ,  1.0,  3.0,  0.0,  3.0,  2.0, 0.0,  88.0,       ,      ,      ,        ,        ,        ,        ,        ,        ,        ,        ,      
albelto01, 1998,     1, CAL , NHL , D  , 60.0,  1.0,   5.0,   6.0,   8.0, -11.0,  0.0,  0.0,  0.0,  1.0,  0.0, 0.0,  54.0,       ,      ,      ,        ,        ,        ,        ,        ,        ,        ,        ,      
albelto01, 1999,     1, CAL , NHL , D  , 41.0,  4.0,   6.0,  10.0,  12.0, -3.0 ,  1.0,  1.0,  1.0,  1.0,  1.0, 0.0,  37.0,       ,      ,      ,        ,        ,        ,        ,        ,        ,        ,        ,      
albelto01, 2000,     1, CAL , NHL , D  , 77.0,  1.0,  19.0,  20.0,  22.0, 2.0  ,  1.0, 10.0,  0.0,  0.0,  0.0, 0.0,  69.0,       ,      ,      ,        ,        ,        ,        ,        ,        ,        ,        ,      
albelto01, 2001,     1, NJD , NHL , D  , 42.0,  1.0,   3.0,   4.0,   4.0, 0.0  ,  0.0,  0.0,  0.0,  0.0,  1.0, 0.0,  33.0,    6.0,   0.0,   0.0,     0.0,     0.0, -4.0   ,     0.0,     0.0,     0.0,     0.0,     0.0,     6.0
albelto01, 2002,     1, NJD , NHL , D  , 37.0,  1.0,   6.0,   7.0,   6.0, 10.0 ,  0.0,  1.0,  1.0,  0.0,  0.0, 0.0,  30.0,   16.0,   1.0,   0.0,     1.0,     2.0, 3.0    ,     0.0,     0.0,     0.0,     0.0,     0.0,     6.0
albelto01, 2003,     1, NJD , NHL , D  , 45.0,  1.0,   3.0,   4.0,   4.0, 7.0  ,  0.0,  1.0,  0.0,  0.0,  0.0, 0.0,  27.0,    4.0,   0.0,   1.0,     1.0,     0.0, 1.0    ,     0.0,     1.0,     0.0,     0.0,     0.0,     2.0
albelto01, 2005,     1, NJD , NHL , D  , 36.0,  0.0,   6.0,   6.0,   2.0, 4.0  ,  0.0,  1.0,  0.0,  0.0,  0.0,    ,  15.0,    2.0,   0.0,   0.0,     0.0,     2.0, 0.0    ,     0.0,     0.0,     0.0,     0.0,     0.0,     0.0
alberan01, 2005,     1, BOS , NHL , D  , 73.0,  1.0,   6.0,   7.0,  68.0, 3.0  ,  0.0,  0.0,  1.0,  1.0,  0.0,    ,  30.0,       ,      ,      ,        ,        ,        ,        ,        ,        ,        ,        ,      
alberan01, 2006,     1, BOS , NHL , D  , 76.0,  0.0,  10.0,  10.0, 124.0, -15.0,  0.0,  1.0,  0.0,  0.0,  0.0,    ,  41.0,       ,      ,      ,        ,        ,        ,        ,        ,        ,        ,        ,      
alberan01, 2007,     1, BOS , NHL , D  , 35.0,  0.0,   2.0,   2.0,  39.0, 4.0  ,  0.0,  0.0,  0.0,  0.0,  0.0,    ,  25.0,    2.0,   0.0,   0.0,     0.0,     0.0, 0.0    ,     0.0,     0.0,     0.0,     0.0,     0.0,     2.0
alberan01, 2008,     1, PHI , NHL , D  , 79.0,  1.0,  12.0,  13.0,  61.0, 6.0  ,  0.0,  0.0,  0.0,  1.0,  0.0,    ,  46.0,    6.0,   0.0,   1.0,     1.0,    10.0, 1.0    ,     0.0,     0.0,     0.0,     0.0,     0.0,     2.0
alberan01, 2009,     1, CAR , NHL , D  , 62.0,  2.0,   8.0,  10.0,  74.0, 7.0  ,  0.0,  0.0,  0.0,  0.0,  0.0,    ,  38.0,       ,      ,      ,        ,        ,        ,        ,        ,        ,        ,        ,      
alberan01, 2009,     2, VAN , NHL , D  , 14.0,  1.0,   1.0,   2.0,  13.0, -1.0 ,  0.0,  0.0,  0.0,  0.0,  0.0,    ,  12.0,   10.0,   0.0,   1.0,     1.0,    27.0, 1.0    ,     0.0,     0.0,     0.0,     0.0,     0.0,     6.0
albricl01, 1948,     1, NYR , NHL , C  , 59.0, 14.0,   5.0,  19.0,  19.0,      ,     ,     ,     ,     ,     ,    ,      ,       ,      ,      ,        ,        ,        ,        ,        ,        ,        ,        ,      
aldcoga01, 1956,     1, TOR , NHL , L  , 22.0,  5.0,   1.0,   6.0,   4.0,      ,     ,     ,     ,     ,     ,    ,      ,       ,      ,      ,        ,        ,        ,        ,        ,        ,        ,        ,      
aldcoga01, 1957,     1, TOR , NHL , L  , 59.0, 10.0,  14.0,  24.0,  12.0,      ,     ,     ,     ,     ,     ,    ,      ,       ,      ,      ,        ,        ,        ,        ,        ,        ,        ,        ,      
aldcoga01, 1958,     1, TOR , NHL , L  ,  5.0,  0.0,   3.0,   3.0,   2.0,      ,     ,     ,     ,     ,     ,    ,      ,       ,      ,      ,        ,        ,        ,        ,        ,        ,        ,        ,      
aldcoga01, 1959,     1, DET , NHL , L  , 70.0, 22.0,  29.0,  51.0,  32.0,      ,     ,     ,     ,     ,     ,    ,      ,    6.0,   1.0,   2.0,     3.0,     4.0,        ,        ,        ,        ,        ,        ,      
aldcoga01, 1960,     1, DET , NHL , L  , 49.0,  2.0,   6.0,   8.0,  16.0,      ,     ,     ,     ,     ,     ,    ,      ,       ,      ,      ,        ,        ,        ,        ,        ,        ,        ,        ,      
aldcoga01, 1960,     2, BOS , NHL , L  , 21.0,  2.0,   3.0,   5.0,  12.0,      ,     ,     ,     ,     ,     ,    ,      ,       ,      ,      ,        ,        ,        ,        ,        ,        ,        ,        ,      
aldrike01, 1999,     1, DAL , NHL , D  ,  4.0,  0.0,   0.0,   0.0,   0.0, 1.0  ,  0.0,  0.0,  0.0,  0.0,  0.0, 0.0,   6.0,       ,      ,      ,        ,        ,        ,        ,        ,        ,        ,        ,      
alexaar01, 1931,     1, MTL , NHL , C  , 10.0,  0.0,   2.0,   2.0,   8.0,      ,     ,     ,     ,     ,     ,    ,      ,    4.0,   0.0,   0.0,     0.0,     0.0,        ,        ,        ,        ,        ,        ,      
alexaar01, 1932,     1, MTL , NHL , C  ,  1.0,  0.0,   0.0,   0.0,   0.0,      ,     ,     ,     ,     ,     ,    ,      ,       ,      ,      ,        ,        ,        ,        ,        ,        ,        ,        ,      
alexacl01, 1974,     1, TOR , NHL , D  , 42.0,  7.0,  11.0,  18.0,  12.0, 11.0 ,  4.0,     ,  0.0,     ,  1.0, 1.0,  90.0,    7.0,   0.0,   0.0,     0.0,     0.0,        ,     0.0,        ,     0.0,        ,     0.0,      
alexacl01, 1975,     1, TOR , NHL , D  , 33.0,  2.0,   6.0,   8.0,   6.0, 0.0  ,  0.0,     ,  0.0,     ,  0.0, 0.0,  46.0,    9.0,   2.0,   4.0,     6.0,     4.0,        ,     1.0,        ,     0.0,        ,     0.0,      
alexacl01, 1976,     1, TOR , NHL , D  , 48.0,  1.0,  12.0,  13.0,  12.0, -4.0 ,  0.0,     ,  0.0,     ,  0.0, 0.0,  61.0,       ,      ,      ,        ,        ,        ,        ,        ,        ,        ,        ,      
alexacl01, 1977,     1, VAN , NHL , D  , 32.0,  8.0,  18.0,  26.0,   6.0, -7.0 ,  4.0,     ,  0.0,     ,  0.0, 0.0, 105.0,       ,      ,      ,        ,        ,        ,        ,        ,        ,        ,        ,      
alexacl01, 1978,     1, EDO , WHA , D  , 54.0,  8.0,  23.0,  31.0,  16.0, -5.0 ,  2.0,     ,  1.0,     ,     ,    , 148.0,       ,      ,      ,        ,        ,        ,        ,        ,        ,        ,        ,      
alexeni01, 2001,     1, TBL , NHL , L  , 44.0,  4.0,   4.0,   8.0,   8.0, -9.0 ,  1.0,  0.0,  0.0,  0.0,  1.0, 0.0,  47.0,       ,      ,      ,        ,        ,        ,        ,        ,        ,        ,        ,      
alexeni01, 2002,     1, TBL , NHL , R  , 37.0,  4.0,   2.0,   6.0,   8.0, -6.0 ,  1.0,  1.0,  0.0,  0.0,  1.0, 1.0,  52.0,   11.0,   1.0,   0.0,     1.0,     0.0, -3.0   ,     0.0,     0.0,     0.0,     0.0,     0.0,    13.0
alexeni01, 2006,     1, TBL , NHL , R  , 63.0, 10.0,  11.0,  21.0,  12.0, 10.0 ,  2.0,  2.0,  0.0,  0.0,  2.0,    , 102.0,       ,      ,      ,        ,        ,        ,        ,        ,        ,        ,        ,      
alexeni01, 2006,     2, CHI , NHL , R  , 15.0,  2.0,   0.0,   2.0,   0.0, -3.0 ,  0.0,  0.0,  0.0,  0.0,  0.0,    ,  15.0,       ,      ,      ,        ,        ,        ,        ,        ,        ,        ,        ,      
alfreda01, 1995,     1, OTT , NHL , R  , 82.0, 26.0,  35.0,  61.0,  28.0, -18.0,  8.0, 18.0,  2.0,  0.0,  3.0, 1.0, 212.0,       ,      ,      ,        ,        ,        ,        ,        ,        ,        ,        ,      
alfreda01, 1996,     1, OTT , NHL , R  , 76.0, 24.0,  47.0,  71.0,  30.0, 5.0  , 11.0, 20.0,  1.0,  2.0,  1.0, 2.0, 247.0,    7.0,   5.0,   2.0,     7.0,     6.0, -1.0   ,     3.0,     2.0,     0.0,     0.0,     2.0,    23.0
alfreda01, 1997,     1, OTT , NHL , R  , 55.0, 17.0,  28.0,  45.0,  18.0, 7.0  ,  7.0,  9.0,  0.0,  0.0,  7.0, 0.0, 149.0,   11.0,   7.0,   2.0,     9.0,    20.0, -4.0   ,     2.0,     2.0,     1.0,     0.0,     1.0,    36.0
alfreda01, 1998,     1, OTT , NHL , R  , 58.0, 11.0,  22.0,  33.0,  14.0, 8.0  ,  3.0,  8.0,  0.0,  0.0,  5.0, 0.0, 163.0,    4.0,   1.0,   2.0,     3.0,     4.0, -1.0   ,     1.0,     0.0,     0.0,     0.0,     0.0,    13.0
alfreda01, 1999,     1, OTT , NHL , R  , 57.0, 21.0,  38.0,  59.0,  28.0, 11.0 ,  4.0,  9.0,  2.0,  2.0,  0.0, 0.0, 164.0,    6.0,   1.0,   3.0,     4.0,     2.0, 0.0    ,     1.0,     1.0,     0.0,     0.0,     0.0,    11.0
alfreda01, 2000,     1, OTT , NHL , R  , 68.0, 24.0,  46.0,  70.0,  30.0, 11.0 , 10.0, 15.0,  0.0,  0.0,  3.0, 1.0, 206.0,    4.0,   1.0,   0.0,     1.0,     2.0, 0.0    ,     0.0,     0.0,     0.0,     0.0,     0.0,    13.0
alfreda01, 2001,     1, OTT , NHL , R  , 78.0, 37.0,  34.0,  71.0,  45.0, 3.0  ,  9.0, 14.0,  1.0,  0.0,  4.0, 2.0, 243.0,   12.0,   7.0,   6.0,    13.0,     4.0, 6.0    ,     3.0,     2.0,     0.0,     0.0,     3.0,    55.0
alfreda01, 2002,     1, OTT , NHL , R  , 78.0, 27.0,  51.0,  78.0,  42.0, 15.0 ,  9.0, 24.0,  0.0,  0.0,  6.0, 0.0, 240.0,   18.0,   4.0,   4.0,     8.0,    12.0, -3.0   ,     4.0,     2.0,     0.0,     0.0,     1.0,    41.0
alfreda01, 2003,     1, OTT , NHL , R  , 77.0, 32.0,  48.0,  80.0,  24.0, 12.0 ,  9.0, 29.0,  0.0,  1.0,  5.0, 1.0, 230.0,    7.0,   1.0,   2.0,     3.0,     2.0, 0.0    ,     0.0,     2.0,     0.0,     0.0,     0.0,    29.0
alfreda01, 2005,     1, OTT , NHL , R  , 77.0, 43.0,  60.0, 103.0,  50.0, 29.0 , 16.0, 32.0,  5.0,  1.0,  8.0,    , 249.0,   10.0,   2.0,   8.0,    10.0,     4.0, 2.0    ,     1.0,     5.0,     0.0,     0.0,     0.0,    24.0
alfreda01, 2006,     1, OTT , NHL , R  , 77.0, 29.0,  58.0,  87.0,  42.0, 42.0 ,  7.0, 18.0,  2.0,  2.0,  7.0,    , 240.0,   20.0,  14.0,   8.0,    22.0,    10.0, 4.0    ,     6.0,     5.0,     1.0,     0.0,     4.0,    66.0
alfreda01, 2007,     1, OTT , NHL , R  , 70.0, 40.0,  49.0,  89.0,  34.0, 15.0 ,  9.0, 16.0,  7.0,  2.0,  5.0,    , 217.0,    2.0,   0.0,   0.0,     0.0,     0.0, -2.0   ,     0.0,     0.0,     0.0,     0.0,     0.0,     5.0
alfreda01, 2008,     1, OTT , NHL , R  , 79.0, 24.0,  50.0,  74.0,  24.0, 7.0  ,  8.0, 20.0,  1.0,  3.0,  3.0,    , 204.0,       ,      ,      ,        ,        ,        ,        ,        ,        ,        ,        ,      
alfreda01, 2009,     1, OTT , NHL , R  , 70.0, 20.0,  51.0,  71.0,  22.0, 8.0  ,  4.0, 27.0,  1.0,  3.0,  5.0,    , 168.0,    6.0,   2.0,   6.0,     8.0,     2.0, -2.0   ,     0.0,     2.0,     0.0,     0.0,     0.0,     9.0
allanje01, 1977,     1, CLE , NHL , D  ,  4.0,  0.0,   0.0,   0.0,   2.0, 0.0  ,  0.0,     ,  0.0,     ,  0.0, 0.0,   5.0,       ,      ,      ,        ,        ,        ,        ,        ,        ,        ,        ,      
allanje01, 1977,     2, CIN , WHA , D  ,  2.0,  0.0,   0.0,   0.0,   0.0, 0.0  ,  0.0,     ,  0.0,     ,     ,    ,   1.0,       ,      ,      ,        ,        ,        ,        ,        ,        ,        ,        ,      
allenbo01, 2002,     1, EDM , NHL , D  ,  1.0,  0.0,   0.0,   0.0,   0.0, 0.0  ,  0.0,  0.0,  0.0,  0.0,  0.0, 0.0,   0.0,       ,      ,      ,        ,        ,        ,        ,        ,        ,        ,        ,      
allenbo01, 2006,     1, BOS , NHL , D  , 31.0,  0.0,   3.0,   3.0,  10.0, -1.0 ,  0.0,  0.0,  0.0,  1.0,  0.0,    ,  14.0,       ,      ,      ,        ,        ,        ,        ,        ,        ,        ,        ,      
allenbo01, 2007,     1, BOS , NHL , D  , 19.0,  0.0,   0.0,   0.0,   2.0, -2.0 ,  0.0,  0.0,  0.0,  0.0,  0.0,    ,  10.0,       ,      ,      ,        ,        ,        ,        ,        ,        ,        ,        ,      
allenbr01, 2000,     1, VAN , NHL , D  ,  6.0,  0.0,   0.0,   0.0,   0.0, 0.0  ,  0.0,  0.0,  0.0,  0.0,  0.0, 0.0,   2.0,    2.0,   0.0,   0.0,     0.0,     2.0, 1.0    ,     0.0,     0.0,     0.0,     0.0,     0.0,     0.0
allenbr01, 2001,     1, VAN , NHL , D  , 11.0,  0.0,   0.0,   0.0,   6.0, 1.0  ,  0.0,  0.0,  0.0,  0.0,  0.0, 0.0,   4.0,       ,      ,      ,        ,        ,        ,        ,        ,        ,        ,        ,      
allenbr01, 2002,     1, VAN , NHL , D  , 48.0,  5.0,   3.0,   8.0,  73.0, 8.0  ,  0.0,  1.0,  0.0,  0.0,  1.0, 0.0,  43.0,    1.0,   0.0,   0.0,     0.0,     2.0, -2.0   ,     0.0,     0.0,     0.0,     0.0,     0.0,     0.0
allenbr01, 2003,     1, VAN , NHL , D  , 74.0,  2.0,   5.0,   7.0,  94.0, -10.0,  0.0,  0.0,  0.0,  0.0,  0.0, 0.0,  70.0,    4.0,   0.0,   0.0,     0.0,     2.0, 0.0    ,     0.0,     0.0,     0.0,     0.0,     0.0,     1.0
allenbr01, 2005,     1, VAN , NHL , D  , 77.0,  7.0,  10.0,  17.0, 115.0, 4.0  ,  1.0,  0.0,  0.0,  0.0,  0.0,    ,  88.0,       ,      ,      ,        ,        ,        ,        ,        ,        ,        ,        ,      
allenbr01, 2006,     1, FLO , NHL , D  , 82.0,  4.0,  21.0,  25.0, 112.0, 7.0  ,  0.0,  2.0,  0.0,  1.0,  0.0,    ,  99.0,       ,      ,      ,        ,        ,        ,        ,        ,        ,        ,        ,      
allenbr01, 2007,     1, FLO , NHL , D  , 73.0,  2.0,  14.0,  16.0,  67.0, 5.0  ,  0.0,  2.0,  0.0,  1.0,  0.0,    ,  67.0,       ,      ,      ,        ,        ,        ,        ,        ,        ,        ,        ,      
allenbr01, 2008,     1, FLO , NHL , D  ,  2.0,  0.0,   1.0,   1.0,   0.0, 2.0  ,  0.0,  0.0,  0.0,  0.0,  0.0,    ,   5.0,       ,      ,      ,        ,        ,        ,        ,        ,        ,        ,        ,      
allenbr01, 2009,     1, FLO , NHL , D  , 74.0,  4.0,   9.0,  13.0,  99.0, -8.0 ,  0.0,  0.0,  1.0,  1.0,  2.0,    ,  78.0,       ,      ,      ,        ,        ,        ,        ,        ,        ,        ,        ,      
allench01, 1997,     1, FLO , NHL , D  ,  1.0,  0.0,   0.0,   0.0,   2.0, 0.0  ,  0.0,  0.0,  0.0,  0.0,  0.0, 0.0,   1.0,       ,      ,      ,        ,        ,        ,        ,        ,        ,        ,        ,      
allench01, 1998,     1, FLO , NHL , D  ,  1.0,  0.0,   0.0,   0.0,   0.0, 1.0  ,  0.0,  0.0,  0.0,  0.0,  0.0, 0.0,   0.0,       ,      ,      ,        ,        ,        ,        ,        ,        ,        ,        ,      
allenge01, 1938,     1, NYR , NHL , L  , 19.0,  6.0,   6.0,  12.0,  10.0,      ,     ,     ,     ,     ,     ,    ,      ,    7.0,   0.0,   0.0,     0.0,     4.0,        ,        ,        ,        ,        ,        ,      
allenge01, 1939,     1, CHI , NHL , D  , 48.0, 10.0,  12.0,  22.0,  26.0,      ,     ,     ,     ,     ,     ,    ,      ,    2.0,   0.0,   0.0,     0.0,     0.0,        ,        ,        ,        ,        ,        ,      
allenge01, 1940,     1, CHI , NHL , L  , 44.0, 14.0,  17.0,  31.0,  22.0,      ,     ,     ,     ,     ,     ,    ,      ,    5.0,   2.0,   2.0,     4.0,    10.0,        ,        ,        ,        ,        ,        ,      
allenge01, 1941,     1, CHI , NHL , D  , 43.0,  7.0,  13.0,  20.0,  31.0,      ,     ,     ,     ,     ,     ,    ,      ,    3.0,   1.0,   1.0,     2.0,     0.0,        ,        ,        ,        ,        ,        ,      
allenge01, 1942,     1, CHI , NHL , D  , 47.0, 10.0,  14.0,  24.0,  26.0,      ,     ,     ,     ,     ,     ,    ,      ,       ,      ,      ,        ,        ,        ,        ,        ,        ,        ,        ,      
allenge01, 1943,     1, CHI , NHL , L  , 45.0, 17.0,  24.0,  41.0,  36.0,      ,     ,     ,     ,     ,     ,    ,      ,    9.0,   5.0,   4.0,     9.0,     8.0,        ,        ,        ,        ,        ,        ,      
allenge01, 1945,     1, CHI , NHL , D  , 44.0, 11.0,  15.0,  26.0,  16.0,      ,     ,     ,     ,     ,     ,    ,      ,    4.0,   0.0,   0.0,     0.0,     4.0,        ,        ,        ,        ,        ,        ,      
allenge01, 1946,     1, MTL , NHL , L  , 49.0,  7.0,  14.0,  21.0,  12.0,      ,     ,     ,     ,     ,     ,    ,      ,   11.0,   1.0,   3.0,     4.0,     6.0,        ,        ,        ,        ,        ,        ,      
allenke01, 1953,     1, DET , NHL , D  , 10.0,  0.0,   4.0,   4.0,   2.0,      ,     ,     ,     ,     ,     ,    ,      ,    5.0,   0.0,   0.0,     0.0,     0.0,        ,        ,        ,        ,        ,        ,      
allenke01, 1954,     1, DET , NHL , D  , 18.0,  0.0,   0.0,   0.0,   6.0,      ,     ,     ,     ,     ,     ,    ,      ,       ,      ,      ,        ,        ,        ,        ,        ,        ,        ,        ,      
allenpe01, 1995,     1, PIT , NHL , D  ,  8.0,  0.0,   0.0,   0.0,   8.0, 2.0  ,  0.0,  0.0,  0.0,  0.0,  0.0, 0.0,   2.0,       ,      ,      ,        ,        ,        ,        ,        ,        ,        ,        ,      
allenvi01, 1940,     1, NYA , NHL , R  ,  6.0,  0.0,   1.0,   1.0,   0.0,      ,     ,     ,     ,     ,     ,    ,      ,       ,      ,      ,        ,        ,        ,        ,        ,        ,        ,        ,      
alleyst01, 1977,     1, BIR , WHA , L  , 27.0,  8.0,  12.0,  20.0,  11.0, 17.0 ,  1.0,     ,  0.0,     ,     ,    ,  43.0,    5.0,   1.0,   0.0,     1.0,     5.0, -3.0   ,        ,        ,        ,        ,     0.0,      
alleyst01, 1978,     1, BIR , WHA , L  , 78.0, 17.0,  24.0,  41.0,  36.0, -5.0 ,  4.0,     ,  0.0,     ,     ,    , 122.0,       ,      ,      ,        ,        ,        ,        ,        ,        ,        ,        ,      
alleyst01, 1979,     1, HAR , NHL , L  ,  7.0,  1.0,   1.0,   2.0,   0.0, -4.0 ,  0.0,     ,  0.0,     ,  0.0, 0.0,   5.0,    3.0,   0.0,   1.0,     1.0,     0.0,        ,     0.0,        ,     0.0,        ,     0.0,      
alleyst01, 1980,     1, HAR , NHL , L  ,  8.0,  2.0,   2.0,   4.0,  11.0, 1.0  ,  0.0,     ,  0.0,     ,  0.0, 0.0,  10.0,       ,      ,      ,        ,        ,        ,        ,        ,        ,        ,        ,      
allisda01, 1983,     1, MTL , NHL , D  ,  3.0,  0.0,   0.0,   0.0,  12.0, -2.0 ,  0.0,     ,  0.0,     ,  0.0, 0.0,   2.0,       ,      ,      ,        ,        ,        ,        ,        ,        ,        ,        ,      
allisja01, 1993,     1, WAS , NHL , C  ,  2.0,  0.0,   1.0,   1.0,   0.0, 1.0  ,  0.0,  0.0,  0.0,  0.0,  0.0, 0.0,   5.0,       ,      ,      ,        ,        ,        ,        ,        ,        ,        ,        ,      
allisja01, 1994,     1, WAS , NHL , C  , 12.0,  2.0,   1.0,   3.0,   6.0, -3.0 ,  2.0,  1.0,  0.0,  0.0,  0.0, 0.0,   9.0,       ,      ,      ,        ,        ,        ,        ,        ,        ,        ,        ,      
allisja01, 1995,     1, WAS , NHL , C  , 19.0,  0.0,   3.0,   3.0,   2.0, -3.0 ,  0.0,  1.0,  0.0,  0.0,  0.0, 0.0,  18.0,       ,      ,      ,        ,        ,        ,        ,        ,        ,        ,        ,      
allisja01, 1996,     1, WAS , NHL , C  , 53.0,  5.0,  17.0,  22.0,  25.0, -3.0 ,  1.0,  5.0,  0.0,  0.0,  1.0, 0.0,  71.0,       ,      ,      ,        ,        ,        ,        ,        ,        ,        ,        ,      
allisja01, 1996,     2, BOS , NHL , C  , 19.0,  3.0,   9.0,  12.0,   9.0, -3.0 ,  1.0,  4.0,  0.0,  0.0,  0.0, 0.0,  28.0,       ,      ,      ,        ,        ,        ,        ,        ,        ,        ,        ,      
allisja01, 1997,     1, BOS , NHL , C  , 81.0, 33.0,  50.0,  83.0,  60.0, 33.0 ,  5.0, 20.0,  0.0,  2.0,  8.0, 2.0, 158.0,    6.0,   2.0,   6.0,     8.0,     4.0, 0.0    ,     1.0,     3.0,     0.0,     0.0,     0.0,    13.0
allisja01, 1998,     1, BOS , NHL , C  , 82.0, 23.0,  53.0,  76.0,  68.0, 5.0  ,  5.0, 25.0,  1.0,  0.0,  3.0, 0.0, 158.0,   12.0,   2.0,   9.0,    11.0,     6.0, 1.0    ,     1.0,     4.0,     0.0,     0.0,     0.0,    28.0
allisja01, 1999,     1, BOS , NHL , C  , 37.0, 10.0,  18.0,  28.0,  20.0, 5.0  ,  3.0,  8.0,  0.0,  0.0,  1.0, 1.0,  66.0,       ,      ,      ,        ,        ,        ,        ,        ,        ,        ,        ,      
allisja01, 2000,     1, BOS , NHL , C  , 82.0, 36.0,  59.0,  95.0,  85.0, -8.0 , 11.0, 33.0,  3.0,  1.0,  6.0, 0.0, 185.0,       ,      ,      ,        ,        ,        ,        ,        ,        ,        ,        ,      
allisja01, 2001,     1, LAK , NHL , C  , 73.0, 19.0,  55.0,  74.0,  68.0, 2.0  ,  5.0, 32.0,  0.0,  0.0,  2.0, 2.0, 139.0,    7.0,   3.0,   3.0,     6.0,     4.0, 2.0    ,     0.0,     0.0,     0.0,     0.0,     1.0,    15.0
allisja01, 2002,     1, LAK , NHL , C  , 26.0,  6.0,  22.0,  28.0,  22.0, 9.0  ,  2.0, 10.0,  0.0,  0.0,  3.0, 1.0,  46.0,       ,      ,      ,        ,        ,        ,        ,        ,        ,        ,        ,      
allisja01, 2005,     1, TOR , NHL , C  , 66.0, 17.0,  43.0,  60.0,  76.0, -18.0,  9.0, 30.0,  0.0,  0.0,  2.0,    , 111.0,       ,      ,      ,        ,        ,        ,        ,        ,        ,        ,        ,      
allisja02, 1994,     1, CAL , NHL , D  ,  1.0,  0.0,   0.0,   0.0,   0.0, 0.0  ,  0.0,  0.0,  0.0,  0.0,  0.0, 0.0,   0.0,       ,      ,      ,        ,        ,        ,        ,        ,        ,        ,        ,      
allisja02, 1996,     1, CAL , NHL , D  , 20.0,  0.0,   0.0,   0.0,  35.0, -4.0 ,  0.0,  0.0,  0.0,  0.0,  0.0, 0.0,   8.0,       ,      ,      ,        ,        ,        ,        ,        ,        ,        ,        ,      
allisja02, 1997,     1, CAL , NHL , D  , 43.0,  3.0,   8.0,  11.0, 104.0, 3.0  ,  0.0,  0.0,  0.0,  2.0,  1.0, 0.0,  27.0,       ,      ,      ,        ,        ,        ,        ,        ,        ,        ,        ,      
allisja02, 1998,     1, CHI , NHL , D  , 39.0,  2.0,   2.0,   4.0,  62.0, 0.0  ,  0.0,  0.0,  0.0,  0.0,  0.0, 0.0,  24.0,       ,      ,      ,        ,        ,        ,        ,        ,        ,        ,        ,      
allisja02, 1999,     1, CHI , NHL , D  , 59.0,  1.0,   3.0,   4.0, 102.0, -5.0 ,  0.0,  0.0,  0.0,  0.0,  0.0, 0.0,  24.0,       ,      ,      ,        ,        ,        ,        ,        ,        ,        ,        ,      
allisja02, 2000,     1, CHI , NHL , D  , 44.0,  1.0,   3.0,   4.0,  53.0, 7.0  ,  0.0,  0.0,  0.0,  0.0,  0.0, 0.0,  16.0,       ,      ,      ,        ,        ,        ,        ,        ,        ,        ,        ,      
allisja02, 2001,     1, CAL , NHL , D  , 37.0,  0.0,   2.0,   2.0,  24.0, -3.0 ,  0.0,  0.0,  0.0,  0.0,  0.0, 0.0,  14.0,       ,      ,      ,        ,        ,        ,        ,        ,        ,        ,        ,      
allisja02, 2001,     2, CBS , NHL , D  ,  7.0,  0.0,   0.0,   0.0,  28.0, -4.0 ,  0.0,  0.0,  0.0,  0.0,  0.0, 0.0,   2.0,       ,      ,      ,        ,        ,        ,        ,        ,        ,        ,        ,      
allisja02, 2002,     1, CBS , NHL , D  , 48.0,  0.0,   1.0,   1.0,  99.0, -15.0,  0.0,  0.0,  0.0,  0.0,  0.0, 0.0,  23.0,       ,      ,      ,        ,        ,        ,        ,        ,        ,        ,        ,      
allisja02, 2003,     1, NAS , NHL , D  , 47.0,  0.0,   3.0,   3.0,  76.0, -7.0 ,  0.0,  0.0,  0.0,  0.0,  0.0, 0.0,  19.0,       ,      ,      ,        ,        ,        ,        ,        ,        ,        ,        ,      
allisja02, 2005,     1, NAS , NHL , D  , 20.0,  0.0,   1.0,   1.0,  45.0, -6.0 ,  0.0,  0.0,  0.0,  0.0,  0.0,    ,   3.0,       ,      ,      ,        ,        ,        ,        ,        ,        ,        ,        ,      
allisja02, 2005,     2, FLO , NHL , D  ,  7.0,  0.0,   0.0,   0.0,  11.0, 0.0  ,  0.0,  0.0,  0.0,  0.0,  0.0,    ,   4.0,       ,      ,      ,        ,        ,        ,        ,        ,        ,        ,        ,      
allismi01, 1980,     1, NYR , NHL , L  , 75.0, 26.0,  38.0,  64.0,  83.0, 12.0 ,  4.0,     ,  0.0,     ,  2.0, 2.0, 122.0,   14.0,   3.0,   1.0,     4.0,    20.0,        ,     1.0,        ,     0.0,        ,     2.0,      
allismi01, 1981,     1, NYR , NHL , L  , 48.0,  7.0,  15.0,  22.0,  74.0, -3.0 ,  0.0,     ,  0.0,     ,  0.0, 0.0,  62.0,   10.0,   1.0,   3.0,     4.0,    18.0,        ,     0.0,        ,     0.0,        ,     0.0,      
allismi01, 1982,     1, NYR , NHL , L  , 39.0, 11.0,   9.0,  20.0,  37.0, 8.0  ,  1.0,     ,  0.0,     ,  0.0, 1.0,  45.0,    8.0,   0.0,   5.0,     5.0,    10.0,        ,     0.0,        ,     0.0,        ,     0.0,      
allismi01, 1983,     1, NYR , NHL , L  , 45.0,  8.0,  12.0,  20.0,  64.0, 5.0  ,  0.0,     ,  0.0,     ,  2.0, 1.0,  52.0,    5.0,   0.0,   1.0,     1.0,     6.0, 1.0    ,     0.0,        ,     0.0,        ,     0.0,     5.0
allismi01, 1984,     1, NYR , NHL , L  , 31.0,  9.0,  15.0,  24.0,  17.0, 0.0  ,  2.0,     ,  0.0,     ,  1.0, 1.0,  46.0,       ,      ,      ,        ,        ,        ,        ,        ,        ,        ,        ,      
allismi01, 1985,     1, NYR , NHL , L  , 28.0,  2.0,  13.0,  15.0,  22.0, 4.0  ,  0.0,     ,  0.0,     ,  0.0, 0.0,  26.0,   16.0,   0.0,   2.0,     2.0,    38.0, -8.0   ,     0.0,        ,     0.0,        ,     0.0,    13.0
allismi01, 1986,     1, TOR , NHL , L  , 71.0,  7.0,  16.0,  23.0,  66.0, 1.0  ,  1.0,     ,  3.0,     ,  2.0, 0.0,  48.0,   13.0,   3.0,   5.0,     8.0,    15.0, 0.0    ,     1.0,        ,     0.0,        ,     2.0,    19.0
allismi01, 1987,     1, TOR , NHL , L  , 15.0,  0.0,   3.0,   3.0,  10.0, 0.0  ,  0.0,     ,  0.0,  0.0,  0.0, 0.0,   7.0,       ,      ,      ,        ,        ,        ,        ,        ,        ,        ,        ,      
allismi01, 1987,     2, LAK , NHL , C  , 37.0, 16.0,  12.0,  28.0,  57.0, 3.0  ,  5.0,     ,  1.0,  0.0,  2.0, 0.0,  54.0,    5.0,   0.0,   0.0,     0.0,    16.0, -3.0   ,     0.0,     0.0,     0.0,     0.0,     0.0,     0.0
allismi01, 1988,     1, LAK , NHL , R  , 55.0, 14.0,  22.0,  36.0, 122.0, 7.0  ,  6.0,  5.0,  0.0,  0.0,  2.0, 0.0,  71.0,    7.0,   1.0,   0.0,     1.0,    10.0, -2.0   ,     0.0,     0.0,     0.0,     0.0,     0.0,     6.0
allismi01, 1989,     1, LAK , NHL , C  , 55.0,  2.0,  11.0,  13.0,  78.0, -6.0 ,  0.0,  1.0,  0.0,  0.0,  1.0, 0.0,  25.0,    4.0,   1.0,   0.0,     1.0,     2.0, -2.0   ,     0.0,     0.0,     1.0,     0.0,     0.0,     5.0
allisra01, 1979,     1, HAR , NHL , R  , 64.0, 16.0,  12.0,  28.0,  13.0, -3.0 ,  0.0,     ,  0.0,     ,  2.0, 1.0,  79.0,    2.0,   0.0,   1.0,     1.0,     0.0,        ,     0.0,        ,     0.0,        ,     0.0,      
allisra01, 1980,     1, HAR , NHL , R  ,  6.0,  1.0,   0.0,   1.0,   0.0, -1.0 ,  0.0,     ,  0.0,     ,  0.0, 0.0,   6.0,       ,      ,      ,        ,        ,        ,        ,        ,        ,        ,        ,      
allisra01, 1981,     1, PHI , NHL , R  , 51.0, 17.0,  37.0,  54.0, 104.0, 13.0 ,  5.0,     ,  0.0,     ,  2.0, 1.0, 131.0,    3.0,   2.0,   0.0,     2.0,     2.0,        ,     2.0,        ,     0.0,        ,     0.0,      
allisra01, 1982,     1, PHI , NHL , R  , 67.0, 21.0,  30.0,  51.0,  57.0, 30.0 ,  4.0,     ,  0.0,     ,  1.0, 0.0, 148.0,    3.0,   0.0,   1.0,     1.0,    12.0,        ,     0.0,        ,     0.0,        ,     0.0,      
allisra01, 1983,     1, PHI , NHL , R  , 37.0,  8.0,  13.0,  21.0,  47.0, 11.0 ,  0.0,     ,  0.0,     ,  0.0, 0.0,  73.0,    3.0,   0.0,   1.0,     1.0,     4.0, -2.0   ,     0.0,        ,     0.0,        ,     0.0,     2.0
allisra01, 1984,     1, PHI , NHL , R  , 11.0,  1.0,   1.0,   2.0,   2.0, 3.0  ,  0.0,     ,  0.0,     ,  0.0, 0.0,  16.0,    1.0,   0.0,   0.0,     0.0,     2.0, 0.0    ,     0.0,        ,     0.0,        ,     0.0,     0.0
allisra01, 1986,     1, PHI , NHL , R  ,  2.0,  0.0,   0.0,   0.0,   0.0, -2.0 ,  0.0,     ,  0.0,     ,  0.0, 0.0,   1.0,       ,      ,      ,        ,        ,        ,        ,        ,        ,        ,        ,      
allumbi01, 1939,     1, CHI , NHL , D  ,  1.0,  0.0,   0.0,   0.0,   0.0,      ,     ,     ,     ,     ,     ,    ,      ,       ,      ,      ,        ,        ,        ,        ,        ,        ,        ,        ,      
allumbi01, 1940,     1, NYR , NHL , D  ,  1.0,  0.0,   1.0,   1.0,   0.0,      ,     ,     ,     ,     ,     ,    ,      ,       ,      ,      ,        ,        ,        ,        ,        ,        ,        ,        ,      
almasre01, 1946,     1, DET , NHL , G  ,  1.0,  0.0,   0.0,   0.0,   0.0,      ,     ,     ,     ,     ,     ,    ,      ,    5.0,   0.0,   0.0,     0.0,     0.0,        ,        ,        ,        ,        ,        ,      
almasre01, 1950,     1, CHI , NHL , G  ,  1.0,  0.0,   0.0,   0.0,   0.0,      ,     ,     ,     ,     ,     ,    ,      ,       ,      ,      ,        ,        ,        ,        ,        ,        ,        ,        ,      
almasre01, 1952,     1, DET , NHL , G  ,  1.0,  0.0,   0.0,   0.0,   0.0,      ,     ,     ,     ,     ,     ,    ,      ,       ,      ,      ,        ,        ,        ,        ,        ,        ,        ,        ,      
almonco01, 2009,     1, MIN , NHL , C  ,  7.0,  1.0,   0.0,   1.0,   9.0, -3.0 ,  0.0,  0.0,  0.0,  0.0,  0.0,    ,   6.0,       ,      ,      ,        ,        ,        ,        ,        ,        ,        ,        ,      
alzneka01, 2008,     1, WAS , NHL , D  , 30.0,  1.0,   4.0,   5.0,   2.0, -1.0 ,  0.0,  0.0,  0.0,  0.0,  0.0,    ,  31.0,       ,      ,      ,        ,        ,        ,        ,        ,        ,        ,        ,      
alzneka01, 2009,     1, WAS , NHL , D  , 21.0,  0.0,   5.0,   5.0,   8.0, -2.0 ,  0.0,  0.0,  0.0,  0.0,  0.0,    ,  16.0,    1.0,   0.0,   0.0,     0.0,     0.0, 0.0    ,     0.0,     0.0,     0.0,     0.0,     0.0,     0.0
amadida01, 1957,     1, DET , NHL , D  ,  2.0,  0.0,   0.0,   0.0,   2.0,      ,     ,     ,     ,     ,     ,    ,      ,       ,      ,      ,        ,        ,        ,        ,        ,        ,        ,        ,      
amadida01, 1967,     1, LAK , NHL , D  , 58.0,  4.0,   6.0,  10.0, 101.0, -10.0,  0.0,     ,  0.0,     ,  0.0, 0.0,  92.0,    7.0,   0.0,   2.0,     2.0,     8.0,        ,     0.0,        ,     0.0,        ,     0.0,      
amadida01, 1968,     1, LAK , NHL , D  , 65.0,  1.0,   5.0,   6.0,  60.0, -21.0,  1.0,     ,  0.0,     ,  1.0, 0.0,  72.0,    9.0,   1.0,   0.0,     1.0,    10.0,        ,     0.0,        ,     0.0,        ,     0.0,      
ambrope01, 1994,     1, BUF , NHL , L  , 12.0,  0.0,   1.0,   1.0,   0.0, -1.0 ,  0.0,  0.0,  0.0,  0.0,  0.0, 0.0,   3.0,       ,      ,      ,        ,        ,        ,        ,        ,        ,        ,        ,      
amodemi01, 1972,     1, OTN , WHA , D  , 61.0,  1.0,  14.0,  15.0,  77.0,      ,  0.0,     ,  0.0,     ,     ,    ,      ,    5.0,   0.0,   1.0,     1.0,    10.0,        ,     0.0,        ,     0.0,        ,     0.0,      
amodemi01, 1973,     1, TOT , WHA , D  , 77.0,  0.0,  11.0,  11.0,  82.0,      ,  0.0,     ,  0.0,     ,  0.0,    ,      ,   12.0,   0.0,   2.0,     2.0,    26.0,        ,        ,        ,        ,        ,     0.0,      
amodemi01, 1974,     1, TOT , WHA , D  , 64.0,  1.0,  13.0,  14.0,  50.0, 10.0 ,  0.0,     ,  0.0,     ,     ,    ,  55.0,    3.0,   0.0,   1.0,     1.0,     4.0,        ,     0.0,        ,     0.0,        ,     0.0,      
amodemi01, 1975,     1, TOT , WHA , D  , 31.0,  4.0,   8.0,  12.0,  35.0, -7.0 ,  1.0,     ,  0.0,     ,  2.0,    ,  33.0,       ,      ,      ,        ,        ,        ,        ,        ,        ,        ,        ,      
amodemi01, 1977,     1, WIJ , WHA , D  ,  3.0,  1.0,   1.0,   2.0,   0.0, 3.0  ,  0.0,     ,  0.0,     ,     ,    ,   4.0,    7.0,   1.0,   3.0,     4.0,    19.0, -2.0   ,        ,        ,        ,        ,     0.0,      
amodemi01, 1978,     1, WIJ , WHA , D  , 64.0,  4.0,  18.0,  22.0,  29.0, -1.0 ,  0.0,     ,  0.0,     ,     ,    ,  62.0,       ,      ,      ,        ,        ,        ,        ,        ,        ,        ,        ,      
amodemi01, 1979,     1, WIN , NHL , D  , 19.0,  0.0,   0.0,   0.0,   2.0, -15.0,  0.0,     ,  0.0,     ,  0.0, 0.0,  14.0,       ,      ,      ,        ,        ,        ,        ,        ,        ,        ,        ,      
amontto01, 1990,     1, NYR , NHL , R  ,     ,     ,      ,      ,      ,      ,     ,     ,     ,     ,     ,    ,      ,    2.0,   0.0,   2.0,     2.0,     2.0, 1.0    ,     0.0,     2.0,     0.0,     0.0,     0.0,     5.0
amontto01, 1991,     1, NYR , NHL , R  , 79.0, 35.0,  34.0,  69.0,  55.0, 12.0 ,  9.0,  8.0,  0.0,  0.0,  4.0, 0.0, 234.0,   13.0,   3.0,   6.0,     9.0,     2.0, -7.0   ,     2.0,     3.0,     0.0,     0.0,     0.0,    36.0
amontto01, 1992,     1, NYR , NHL , R  , 83.0, 33.0,  43.0,  76.0,  49.0, 0.0  , 13.0, 11.0,  0.0,  0.0,  4.0, 1.0, 270.0,       ,      ,      ,        ,        ,        ,        ,        ,        ,        ,        ,      
amontto01, 1993,     1, NYR , NHL , R  , 72.0, 16.0,  22.0,  38.0,  31.0, 5.0  ,  3.0,  7.0,  0.0,  0.0,  4.0, 0.0, 179.0,       ,      ,      ,        ,        ,        ,        ,        ,        ,        ,        ,      
amontto01, 1993,     2, CHI , NHL , R  ,  7.0,  1.0,   3.0,   4.0,   6.0, -5.0 ,  1.0,  2.0,  0.0,  0.0,  0.0, 0.0,  16.0,    6.0,   4.0,   2.0,     6.0,     4.0, 4.0    ,     1.0,     0.0,     0.0,     0.0,     1.0,    21.0
amontto01, 1994,     1, CHI , NHL , R  , 48.0, 15.0,  20.0,  35.0,  41.0, 7.0  ,  6.0,  7.0,  1.0,  0.0,  3.0, 1.0, 105.0,   16.0,   3.0,   3.0,     6.0,    10.0, 3.0    ,     0.0,     1.0,     0.0,     0.0,     0.0,    32.0
amontto01, 1995,     1, CHI , NHL , R  , 81.0, 31.0,  32.0,  63.0,  62.0, 10.0 ,  5.0, 13.0,  4.0,  0.0,  5.0, 0.0, 216.0,    7.0,   2.0,   4.0,     6.0,     6.0, 2.0    ,     1.0,     2.0,     0.0,     0.0,     0.0,    14.0
amontto01, 1996,     1, CHI , NHL , R  , 81.0, 41.0,  36.0,  77.0,  64.0, 35.0 ,  9.0,  6.0,  2.0,  1.0,  4.0, 2.0, 266.0,    6.0,   4.0,   2.0,     6.0,     8.0, 2.0    ,     0.0,     0.0,     2.0,     0.0,     0.0,    24.0
amontto01, 1997,     1, CHI , NHL , R  , 82.0, 31.0,  42.0,  73.0,  66.0, 21.0 ,  7.0, 12.0,  3.0,  3.0,  5.0, 0.0, 296.0,       ,      ,      ,        ,        ,        ,        ,        ,        ,        ,        ,      
amontto01, 1998,     1, CHI , NHL , R  , 82.0, 44.0,  31.0,  75.0,  60.0, 0.0  , 14.0, 12.0,  3.0,  1.0,  8.0, 0.0, 256.0,       ,      ,      ,        ,        ,        ,        ,        ,        ,        ,        ,      
amontto01, 1999,     1, CHI , NHL , R  , 82.0, 43.0,  41.0,  84.0,  48.0, 10.0 , 11.0,  8.0,  5.0,  1.0,  2.0, 1.0, 260.0,       ,      ,      ,        ,        ,        ,        ,        ,        ,        ,        ,      
amontto01, 2000,     1, CHI , NHL , R  , 82.0, 35.0,  29.0,  64.0,  54.0, -22.0,  9.0, 14.0,  1.0,  0.0,  3.0, 1.0, 256.0,       ,      ,      ,        ,        ,        ,        ,        ,        ,        ,        ,      
amontto01, 2001,     1, CHI , NHL , R  , 82.0, 27.0,  39.0,  66.0,  67.0, 11.0 ,  6.0,  8.0,  1.0,  0.0,  4.0, 0.0, 232.0,    5.0,   0.0,   1.0,     1.0,     4.0, 1.0    ,     0.0,     0.0,     0.0,     0.0,     0.0,     9.0
amontto01, 2002,     1, PHO , NHL , R  , 59.0, 13.0,  23.0,  36.0,  26.0, -12.0,  6.0, 14.0,  0.0,  0.0,  3.0, 0.0, 170.0,       ,      ,      ,        ,        ,        ,        ,        ,        ,        ,        ,      
amontto01, 2002,     2, PHI , NHL , R  , 13.0,  7.0,   8.0,  15.0,   2.0, 12.0 ,  1.0,  6.0,  1.0,  0.0,  2.0, 1.0,  37.0,   13.0,   1.0,   6.0,     7.0,     4.0, 2.0    ,     0.0,     1.0,     0.0,     0.0,     0.0,    37.0
amontto01, 2003,     1, PHI , NHL , R  , 80.0, 20.0,  33.0,  53.0,  38.0, 13.0 ,  4.0, 14.0,  0.0,  0.0,  3.0, 0.0, 173.0,   18.0,   3.0,   5.0,     8.0,     6.0, 7.0    ,     2.0,     1.0,     0.0,     0.0,     0.0,    26.0
amontto01, 2005,     1, CAL , NHL , R  , 80.0, 14.0,  28.0,  42.0,  43.0, 3.0  ,  3.0, 14.0,  1.0,  1.0,  3.0,    , 155.0,    7.0,   2.0,   1.0,     3.0,    10.0, 2.0    ,     0.0,     0.0,     1.0,     0.0,     0.0,    13.0
amontto01, 2006,     1, CAL , NHL , R  , 81.0, 10.0,  20.0,  30.0,  40.0, -4.0 ,  1.0,  2.0,  1.0,  1.0,  1.0,    , 139.0,    6.0,   0.0,   1.0,     1.0,     0.0, -1.0   ,     0.0,     0.0,     0.0,     0.0,     0.0,     5.0
anderbi01, 1942,     1, BOS , NHL , D  ,     ,     ,      ,      ,      ,      ,     ,     ,     ,     ,     ,    ,      ,    1.0,   0.0,   0.0,     0.0,     0.0,        ,        ,        ,        ,        ,        ,      
andercr01, 2002,     1, CHI , NHL , G  ,  6.0,  0.0,   0.0,   0.0,   0.0, 0.0  ,  0.0,  0.0,  0.0,  0.0,  0.0, 0.0,   0.0,       ,      ,      ,        ,        ,        ,        ,        ,        ,        ,        ,      
andercr01, 2003,     1, CHI , NHL , G  , 21.0,  0.0,   0.0,   0.0,   4.0, 0.0  ,  0.0,  0.0,  0.0,  0.0,  0.0, 0.0,   0.0,       ,      ,      ,        ,        ,        ,        ,        ,        ,        ,        ,      
andercr01, 2005,     1, CHI , NHL , G  , 29.0,  0.0,   1.0,   1.0,  14.0, 0.0  ,  0.0,  0.0,  0.0,  0.0,  0.0,    ,   0.0,       ,      ,      ,        ,        ,        ,        ,        ,        ,        ,        ,      
andercr01, 2006,     1, FLO , NHL , G  ,  5.0,  0.0,   0.0,   0.0,   0.0, 0.0  ,  0.0,  0.0,  0.0,  0.0,  0.0,    ,   0.0,       ,      ,      ,        ,        ,        ,        ,        ,        ,        ,        ,      
andercr01, 2007,     1, FLO , NHL , G  , 17.0,  0.0,   1.0,   1.0,   2.0, 0.0  ,  0.0,  0.0,  0.0,  0.0,  0.0,    ,   0.0,       ,      ,      ,        ,        ,        ,        ,        ,        ,        ,        ,      
andercr01, 2008,     1, FLO , NHL , G  , 31.0,  0.0,   1.0,   1.0,   2.0, 0.0  ,  0.0,  0.0,  0.0,  0.0,  0.0,    ,   0.0,       ,      ,      ,        ,        ,        ,        ,        ,        ,        ,        ,      
andercr01, 2009,     1, COL , NHL , G  , 71.0,  0.0,   3.0,   3.0,  16.0, 0.0  ,  0.0,  0.0,  0.0,  0.0,  0.0,    ,   0.0,    6.0,   0.0,   1.0,     1.0,     0.0, 0.0    ,     0.0,     0.0,     0.0,     0.0,     0.0,     0.0
anderda01, 1956,     1, DET , NHL , D  , 13.0,  0.0,   0.0,   0.0,   6.0,      ,     ,     ,     ,     ,     ,    ,      ,    2.0,   0.0,   0.0,     0.0,     0.0,        ,        ,        ,        ,        ,        ,      
anderdo01, 1952,     1, MTL , NHL , C  ,     ,     ,      ,      ,      ,      ,     ,     ,     ,     ,     ,    ,      ,    2.0,   0.0,   0.0,     0.0,     0.0,        ,        ,        ,        ,        ,        ,      
anderea01, 1974,     1, DET , NHL , R  , 45.0,  7.0,   3.0,  10.0,  12.0, -11.0,  1.0,     ,  0.0,     ,  1.0, 1.0,  61.0,       ,      ,      ,        ,        ,        ,        ,        ,        ,        ,        ,      
anderea01, 1974,     2, BOS , NHL , R  , 19.0,  2.0,   4.0,   6.0,   4.0, 5.0  ,  0.0,     ,  0.0,     ,  1.0, 0.0,  24.0,    3.0,   0.0,   1.0,     1.0,     0.0,        ,     0.0,        ,     0.0,        ,     0.0,      
anderea01, 1975,     1, BOS , NHL , R  ,  5.0,  0.0,   1.0,   1.0,   2.0, -2.0 ,  0.0,     ,  0.0,     ,  0.0, 0.0,   5.0,       ,      ,      ,        ,        ,        ,        ,        ,        ,        ,        ,      
anderea01, 1976,     1, BOS , NHL , R  , 40.0, 10.0,  11.0,  21.0,   4.0, 4.0  ,  1.0,     ,  0.0,     ,  3.0, 0.0,  65.0,    2.0,   0.0,   0.0,     0.0,     0.0,        ,     0.0,        ,     0.0,        ,     0.0,      
anderer01, 1997,     1, CAL , NHL , C  , 12.0,  2.0,   1.0,   3.0,   8.0, -4.0 ,  0.0,  0.0,  0.0,  0.0,  0.0, 0.0,  11.0,       ,      ,      ,        ,        ,        ,        ,        ,        ,        ,        ,      
anderer02, 1921,     1, REG , WCHL, R  , 16.0,  1.0,   2.0,   3.0,   6.0,      ,     ,     ,     ,     ,     ,    ,      ,    6.0,   1.0,   0.0,     1.0,     0.0,        ,        ,        ,        ,        ,        ,      
anderer02, 1922,     1, CAT , WCHL, R  , 30.0, 10.0,   1.0,  11.0,  18.0,      ,     ,     ,     ,     ,     ,    ,      ,       ,      ,      ,        ,        ,        ,        ,        ,        ,        ,        ,      
anderer02, 1923,     1, CAT , WCHL, R  , 29.0,  6.0,   1.0,   7.0,   6.0,      ,     ,     ,     ,     ,     ,    ,      ,    3.0,   0.0,   0.0,     0.0,     0.0,        ,        ,        ,        ,        ,        ,      
anderer02, 1924,     1, CAT , WCHL, R  , 25.0,  6.0,   3.0,   9.0,   4.0,      ,     ,     ,     ,     ,     ,    ,      ,       ,      ,      ,        ,        ,        ,        ,        ,        ,        ,        ,      
anderer02, 1925,     1, EDE , WCHL, R  , 25.0,  6.0,   3.0,   9.0,   2.0,      ,     ,     ,     ,     ,     ,    ,      ,    2.0,   0.0,   0.0,     0.0,     2.0,        ,        ,        ,        ,        ,        ,      
andergl01, 1980,     1, EDM , NHL , R  , 58.0, 30.0,  23.0,  53.0,  24.0, 4.0  , 10.0,     ,  3.0,     ,  5.0, 2.0, 160.0,    9.0,   5.0,   7.0,    12.0,    12.0,        ,     3.0,        ,     0.0,        ,     0.0,      
andergl01, 1981,     1, EDM , NHL , R  , 80.0, 38.0,  67.0, 105.0,  71.0, 46.0 ,  9.0,     ,  0.0,     ,  8.0, 2.0, 252.0,    5.0,   2.0,   5.0,     7.0,     8.0,        ,     0.0,        ,     0.0,        ,     1.0,      
andergl01, 1982,     1, EDM , NHL , R  , 72.0, 48.0,  56.0, 104.0,  70.0, 41.0 , 11.0,     ,  0.0,     , 10.0, 3.0, 243.0,   16.0,  10.0,  10.0,    20.0,    32.0,        ,     1.0,        ,     0.0,        ,     2.0,      
andergl01, 1983,     1, EDM , NHL , R  , 80.0, 54.0,  45.0,  99.0,  65.0, 41.0 , 11.0,     ,  4.0,     , 11.0, 1.0, 277.0,   19.0,   6.0,  11.0,    17.0,    33.0, 6.0    ,     1.0,        ,     0.0,        ,     1.0,    68.0
andergl01, 1984,     1, EDM , NHL , R  , 80.0, 42.0,  39.0,  81.0,  69.0, 24.0 , 12.0,     ,  1.0,     ,  6.0, 0.0, 258.0,   18.0,  10.0,  16.0,    26.0,    38.0, 11.0   ,     2.0,        ,     0.0,        ,     1.0,    47.0
andergl01, 1985,     1, EDM , NHL , R  , 72.0, 54.0,  48.0, 102.0,  90.0, 38.0 , 18.0,     ,  2.0,     ,  9.0, 0.0, 243.0,   10.0,   8.0,   3.0,    11.0,    14.0, 2.0    ,     1.0,        ,     0.0,        ,     2.0,    38.0
andergl01, 1986,     1, EDM , NHL , R  , 80.0, 35.0,  38.0,  73.0,  65.0, 27.0 ,  7.0,     ,  1.0,     ,  5.0, 0.0, 188.0,   21.0,  14.0,  13.0,    27.0,    59.0, 13.0   ,     4.0,        ,     0.0,        ,     2.0,    62.0
andergl01, 1987,     1, EDM , NHL , L  , 80.0, 38.0,  50.0,  88.0,  58.0, 5.0  , 16.0, 15.0,  1.0,  0.0,  3.0, 0.0, 255.0,   19.0,   9.0,  16.0,    25.0,    49.0, 5.0    ,     4.0,     5.0,     0.0,     0.0,     1.0,    43.0
andergl01, 1988,     1, EDM , NHL , R  , 79.0, 16.0,  48.0,  64.0,  93.0, -16.0,  7.0, 11.0,  0.0,  2.0,  3.0, 0.0, 212.0,    7.0,   1.0,   2.0,     3.0,     8.0, -1.0   ,     1.0,     0.0,     0.0,     0.0,     0.0,    16.0
andergl01, 1989,     1, EDM , NHL , R  , 73.0, 34.0,  38.0,  72.0, 107.0, -1.0 , 17.0, 12.0,  1.0,  0.0,  7.0, 1.0, 204.0,   22.0,  10.0,  12.0,    22.0,    20.0, 12.0   ,     2.0,     3.0,     0.0,     0.0,     2.0,    46.0
andergl01, 1990,     1, EDM , NHL , R  , 74.0, 24.0,  31.0,  55.0,  59.0, -7.0 ,  8.0,  9.0,  0.0,  1.0,  4.0, 0.0, 193.0,   18.0,   6.0,   7.0,    13.0,    41.0, -2.0   ,     3.0,     1.0,     0.0,     0.0,     0.0,    31.0
andergl01, 1991,     1, TOR , NHL , R  , 72.0, 24.0,  33.0,  57.0, 100.0, -13.0,  5.0, 12.0,  0.0,  0.0,  4.0, 1.0, 188.0,       ,      ,      ,        ,        ,        ,        ,        ,        ,        ,        ,      
andergl01, 1992,     1, TOR , NHL , R  , 76.0, 22.0,  43.0,  65.0, 117.0, 19.0 , 11.0, 18.0,  0.0,  0.0,  3.0, 0.0, 161.0,   21.0,   7.0,  11.0,    18.0,    31.0, 7.0    ,     0.0,     2.0,     0.0,     0.0,     2.0,    46.0
andergl01, 1993,     1, TOR , NHL , R  , 73.0, 17.0,  18.0,  35.0,  50.0, -6.0 ,  5.0,  6.0,  0.0,  0.0,  3.0, 0.0, 127.0,       ,      ,      ,        ,        ,        ,        ,        ,        ,        ,        ,      
andergl01, 1993,     2, NYR , NHL , R  , 12.0,  4.0,   2.0,   6.0,  12.0, 1.0  ,  2.0,  1.0,  0.0,  0.0,  0.0, 0.0,  22.0,   23.0,   3.0,   3.0,     6.0,    42.0, 5.0    ,     0.0,     0.0,     1.0,     0.0,     2.0,    31.0
andergl01, 1994,     1, STL , NHL , R  , 36.0, 12.0,  14.0,  26.0,  37.0, 9.0  ,  0.0,  3.0,  0.0,  0.0,  3.0, 0.0,  54.0,    6.0,   1.0,   1.0,     2.0,    49.0, 0.0    ,     0.0,     0.0,     0.0,     0.0,     0.0,     3.0
andergl01, 1995,     1, EDM , NHL , R  , 17.0,  4.0,   6.0,  10.0,  27.0, 0.0  ,  0.0,  0.0,  0.0,  0.0,  1.0, 0.0,  36.0,       ,      ,      ,        ,        ,        ,        ,        ,        ,        ,        ,      
andergl01, 1995,     2, STL , NHL , R  , 15.0,  2.0,   2.0,   4.0,   6.0, -11.0,  2.0,  0.0,  0.0,  0.0,  0.0, 0.0,  35.0,   11.0,   1.0,   4.0,     5.0,     6.0, 5.0    ,     0.0,     0.0,     0.0,     0.0,     1.0,    20.0
anderji01, 1967,     1, LAK , NHL , L  ,  7.0,  1.0,   2.0,   3.0,   2.0, -2.0 ,  0.0,     ,  0.0,     ,  0.0, 0.0,  20.0,       ,      ,      ,        ,        ,        ,        ,        ,        ,        ,        ,      
anderjo01, 1977,     1, TOR , NHL , R  , 17.0,  1.0,   2.0,   3.0,   2.0, 1.0  ,  0.0,     ,  0.0,     ,  0.0, 0.0,  14.0,    2.0,   0.0,   0.0,     0.0,     0.0,        ,     0.0,        ,     0.0,        ,     0.0,      
anderjo01, 1978,     1, TOR , NHL , R  , 71.0, 15.0,  11.0,  26.0,  10.0, 2.0  ,  0.0,     ,  0.0,     ,  2.0, 3.0, 123.0,    6.0,   0.0,   2.0,     2.0,     0.0,        ,     0.0,        ,     0.0,        ,     0.0,      
anderjo01, 1979,     1, TOR , NHL , R  , 74.0, 25.0,  28.0,  53.0,  22.0, 5.0  ,  3.0,     ,  0.0,     ,  5.0, 0.0, 207.0,    3.0,   1.0,   1.0,     2.0,     0.0,        ,     0.0,        ,     0.0,        ,     0.0,      
anderjo01, 1980,     1, TOR , NHL , L  , 75.0, 17.0,  26.0,  43.0,  31.0, -11.0,  2.0,     ,  0.0,     ,  1.0, 0.0, 142.0,    2.0,   0.0,   0.0,     0.0,     0.0,        ,     0.0,        ,     0.0,        ,     0.0,      
anderjo01, 1981,     1, TOR , NHL , L  , 69.0, 31.0,  26.0,  57.0,  30.0, 8.0  ,  7.0,     ,  0.0,     ,  3.0, 3.0, 191.0,       ,      ,      ,        ,        ,        ,        ,        ,        ,        ,        ,      
anderjo01, 1982,     1, TOR , NHL , L  , 80.0, 31.0,  49.0,  80.0,  24.0, -6.0 ,  9.0,     ,  0.0,     ,  6.0, 2.0, 199.0,    4.0,   2.0,   4.0,     6.0,     0.0,        ,     1.0,        ,     0.0,        ,     0.0,      
anderjo01, 1983,     1, TOR , NHL , L  , 73.0, 37.0,  31.0,  68.0,  22.0, -12.0, 14.0,     ,  0.0,     ,  5.0, 0.0, 192.0,       ,      ,      ,        ,        ,        ,        ,        ,        ,        ,        ,      
anderjo01, 1984,     1, TOR , NHL , L  , 75.0, 32.0,  31.0,  63.0,  27.0, -20.0, 14.0,     ,  1.0,     ,  5.0, 1.0, 194.0,       ,      ,      ,        ,        ,        ,        ,        ,        ,        ,        ,      
anderjo01, 1985,     1, QUE , NHL , R  , 65.0, 21.0,  28.0,  49.0,  26.0, -1.0 ,  8.0,     ,  3.0,     ,  5.0, 1.0, 190.0,       ,      ,      ,        ,        ,        ,        ,        ,        ,        ,        ,      
anderjo01, 1985,     2, HAR , NHL , L  , 14.0,  8.0,  17.0,  25.0,   2.0, 18.0 ,  1.0,     ,  0.0,     ,  1.0, 0.0,  50.0,   10.0,   5.0,   8.0,    13.0,     0.0, 3.0    ,     3.0,        ,     0.0,        ,     0.0,    32.0
anderjo01, 1986,     1, HAR , NHL , L  , 76.0, 31.0,  44.0,  75.0,  19.0, 11.0 ,  7.0,     ,  0.0,     ,  5.0, 0.0, 223.0,    6.0,   1.0,   2.0,     3.0,     0.0, -3.0   ,     1.0,        ,     0.0,        ,     0.0,    20.0
anderjo01, 1987,     1, HAR , NHL , L  , 63.0, 17.0,  32.0,  49.0,  20.0, -5.0 ,  9.0, 17.0,  0.0,  0.0,  3.0, 0.0, 149.0,       ,      ,      ,        ,        ,        ,        ,        ,        ,        ,        ,      
anderjo01, 1988,     1, HAR , NHL , L  , 62.0, 16.0,  24.0,  40.0,  28.0, 15.0 ,  1.0,  7.0,  0.0,  0.0,  0.0, 0.0, 132.0,    4.0,   0.0,   1.0,     1.0,     2.0, 0.0    ,     0.0,     0.0,     0.0,     0.0,     0.0,     9.0
anderjo02, 2001,     1, NAS , NHL , R  ,  5.0,  0.0,   0.0,   0.0,   2.0, -2.0 ,  0.0,  0.0,  0.0,  0.0,  0.0, 0.0,   4.0,       ,      ,      ,        ,        ,        ,        ,        ,        ,        ,        ,      
anderjo03, 1921,     1, CAT , WCHL, L  , 15.0,  3.0,   2.0,   5.0,   2.0,      ,     ,     ,     ,     ,     ,    ,      ,    2.0,   0.0,   0.0,     0.0,     2.0,        ,        ,        ,        ,        ,        ,      
anderjo03, 1922,     1, VC1 , PCHA, L  , 25.0,  1.0,   5.0,   6.0,  10.0,      ,     ,     ,     ,     ,     ,    ,      ,    2.0,   0.0,   0.0,     0.0,     0.0,        ,        ,        ,        ,        ,        ,      
anderjo03, 1923,     1, VC1 , PCHA, L  , 29.0,  5.0,   2.0,   7.0,   4.0,      ,     ,     ,     ,     ,     ,    ,      ,       ,      ,      ,        ,        ,        ,        ,        ,        ,        ,        ,      
anderjo03, 1924,     1, VIC , WCHL, L  , 26.0,  6.0,   2.0,   8.0,   2.0,      ,     ,     ,     ,     ,     ,    ,      ,    4.0,   0.0,   0.0,     0.0,     0.0,        ,        ,        ,        ,        ,        ,      
anderjo03, 1925,     1, VIC , WCHL, L  , 29.0,  6.0,   0.0,   6.0,  30.0,      ,     ,     ,     ,     ,     ,    ,      ,    1.0,   0.0,   0.0,     0.0,     0.0,        ,        ,        ,        ,        ,        ,      
anderke01, 1977,     1, MNS , NHL , R  , 73.0, 15.0,  18.0,  33.0,   4.0, -17.0,  3.0,     ,  0.0,     ,  1.0, 1.0, 121.0,       ,      ,      ,        ,        ,        ,        ,        ,        ,        ,        ,      
anderke01, 1978,     1, MNS , NHL , R  , 41.0,  9.0,   4.0,  13.0,   4.0, -6.0 ,  2.0,     ,  2.0,     ,  4.0, 0.0,  59.0,       ,      ,      ,        ,        ,        ,        ,        ,        ,        ,        ,      
anderke01, 1979,     1, MNS , NHL , R  , 61.0,  9.0,  10.0,  19.0,   8.0, -3.0 ,  1.0,     ,  0.0,     ,  3.0, 0.0,  87.0,   13.0,   2.0,   4.0,     6.0,     2.0,        ,     0.0,        ,     0.0,        ,     1.0,      
anderke01, 1980,     1, MNS , NHL , R  , 77.0, 17.0,  24.0,  41.0,  22.0, 8.0  ,  1.0,     ,  4.0,     ,  2.0, 0.0, 127.0,   19.0,   2.0,   4.0,     6.0,     2.0,        ,     0.0,        ,     0.0,        ,     0.0,      
anderke01, 1981,     1, MNS , NHL , R  , 70.0,  9.0,  12.0,  21.0,  18.0, -5.0 ,  0.0,     ,  0.0,     ,  2.0, 1.0,  78.0,    4.0,   0.0,   2.0,     2.0,     0.0,        ,     0.0,        ,     0.0,        ,     0.0,      
anderke01, 1982,     1, NYR , NHL , R  , 71.0,  8.0,  20.0,  28.0,  14.0, 6.0  ,  0.0,     ,  0.0,     ,  1.0, 0.0,  91.0,    9.0,   0.0,   0.0,     0.0,     0.0,        ,     0.0,        ,     0.0,        ,     0.0,      
anderke01, 1983,     1, NYR , NHL , R  , 63.0,  5.0,  15.0,  20.0,   8.0, 5.0  ,  0.0,     ,  0.0,     ,  1.0, 0.0,  70.0,    5.0,   0.0,   1.0,     1.0,     0.0, 0.0    ,     0.0,        ,     0.0,        ,     0.0,    10.0
anderlo01, 1951,     1, NYR , NHL , G  ,  3.0,  0.0,   0.0,   0.0,   0.0,      ,     ,     ,     ,     ,     ,    ,      ,       ,      ,      ,        ,        ,        ,        ,        ,        ,        ,        ,      
andermi01, 1985,     1, BUF , NHL , L  , 32.0,  1.0,   9.0,  10.0,   4.0, 0.0  ,  0.0,     ,  0.0,     ,  0.0, 0.0,  13.0,       ,      ,      ,        ,        ,        ,        ,        ,        ,        ,        ,      
andermi01, 1986,     1, BUF , NHL , L  , 16.0,  0.0,   3.0,   3.0,   0.0, -2.0 ,  0.0,     ,  0.0,     ,  0.0, 0.0,   6.0,       ,      ,      ,        ,        ,        ,        ,        ,        ,        ,        ,      
andermi01, 1987,     1, BUF , NHL , L  , 37.0,  3.0,  20.0,  23.0,  10.0, 7.0  ,  0.0,  1.0,  1.0,  2.0,  1.0, 0.0,  34.0,    1.0,   1.0,   0.0,     1.0,     0.0, 0.0    ,     0.0,     0.0,     0.0,     0.0,     0.0,     1.0
andermi01, 1988,     1, BUF , NHL , L  , 14.0,  0.0,   1.0,   1.0,   4.0, -1.0 ,  0.0,  0.0,  0.0,  0.0,  0.0, 0.0,  12.0,       ,      ,      ,        ,        ,        ,        ,        ,        ,        ,        ,      
andermi01, 1989,     1, HAR , NHL , L  , 50.0, 13.0,  24.0,  37.0,   6.0, 0.0  ,  1.0,  7.0,  2.0,  1.0,  2.0, 0.0,  86.0,    5.0,   0.0,   3.0,     3.0,     2.0, 0.0    ,     0.0,     2.0,     0.0,     0.0,     0.0,     5.0
andermi01, 1990,     1, HAR , NHL , L  , 41.0,  4.0,   7.0,  11.0,   8.0, 0.0  ,  0.0,  0.0,  0.0,  0.0,  0.0, 0.0,  57.0,       ,      ,      ,        ,        ,        ,        ,        ,        ,        ,        ,      
andermi01, 1991,     1, HAR , NHL , R  , 74.0, 18.0,  29.0,  47.0,  14.0, 18.0 ,  1.0,  6.0,  3.0,  0.0,  1.0, 0.0, 149.0,    7.0,   0.0,   2.0,     2.0,     6.0, -2.0   ,     0.0,     0.0,     0.0,     1.0,     0.0,    10.0
andermi01, 1992,     1, TBL , NHL , L  , 77.0, 16.0,  11.0,  27.0,  14.0, -14.0,  3.0,  1.0,  2.0,  2.0,  4.0, 0.0, 169.0,       ,      ,      ,        ,        ,        ,        ,        ,        ,        ,        ,      
andermi01, 1993,     1, TBL , NHL , R  , 76.0, 13.0,  12.0,  25.0,  23.0, 8.0  ,  1.0,  0.0,  1.0,  1.0,  2.0, 1.0, 136.0,       ,      ,      ,        ,        ,        ,        ,        ,        ,        ,        ,      
andermi01, 1994,     1, TBL , NHL , R  , 36.0,  4.0,   7.0,  11.0,   4.0, -3.0 ,  0.0,  1.0,  0.0,  0.0,  0.0, 0.0,  36.0,       ,      ,      ,        ,        ,        ,        ,        ,        ,        ,        ,      
andermi01, 1995,     1, TBL , NHL , R  , 64.0,  8.0,  11.0,  19.0,   2.0, 0.0  ,  0.0,  0.0,  0.0,  0.0,  1.0, 0.0, 104.0,    6.0,   1.0,   1.0,     2.0,     0.0, 0.0    ,     0.0,     0.0,     0.0,     1.0,     0.0,     4.0
andermi01, 1996,     1, TBL , NHL , R  , 70.0,  5.0,  14.0,  19.0,   8.0, 1.0  ,  0.0,  0.0,  3.0,  2.0,  1.0, 0.0, 102.0,       ,      ,      ,        ,        ,        ,        ,        ,        ,        ,        ,      
andermi01, 1997,     1, TBL , NHL , L  , 72.0,  6.0,  11.0,  17.0,  29.0, -4.0 ,  0.0,  0.0,  1.0,  2.0,  1.0, 0.0, 105.0,       ,      ,      ,        ,        ,        ,        ,        ,        ,        ,        ,      
andermi01, 1998,     1, TBL , NHL , R  , 40.0,  2.0,   3.0,   5.0,   4.0, -8.0 ,  0.0,  0.0,  0.0,  0.0,  0.0, 0.0,  40.0,       ,      ,      ,        ,        ,        ,        ,        ,        ,        ,        ,      
andermi01, 1998,     2, PHI , NHL , R  ,  7.0,  0.0,   1.0,   1.0,   0.0, 1.0  ,  0.0,  0.0,  0.0,  0.0,  0.0, 0.0,  11.0,    6.0,   0.0,   1.0,     1.0,     2.0, 1.0    ,     0.0,     0.0,     0.0,     0.0,     0.0,     7.0
andermi01, 1999,     1, PHI , NHL , L  , 36.0,  2.0,   3.0,   5.0,   0.0, -2.0 ,  0.0,  0.0,  1.0,  0.0,  0.0, 0.0,  38.0,       ,      ,      ,        ,        ,        ,        ,        ,        ,        ,        ,      
andermi01, 1999,     2, NYI , NHL , L  , 19.0,  0.0,   3.0,   3.0,   4.0, -1.0 ,  0.0,  0.0,  0.0,  1.0,  0.0, 0.0,  19.0,       ,      ,      ,        ,        ,        ,        ,        ,        ,        ,        ,      
andermu01, 1974,     1, WAS , NHL , D  , 40.0,  0.0,   1.0,   1.0,  68.0, -40.0,  0.0,     ,  0.0,     ,  0.0, 0.0,  24.0,       ,      ,      ,        ,        ,        ,        ,        ,        ,        ,        ,      
anderni01, 1992,     1, QUE , NHL , L  ,  3.0,  0.0,   1.0,   1.0,   2.0, 0.0  ,  0.0,  0.0,  0.0,  0.0,  0.0, 0.0,   4.0,       ,      ,      ,        ,        ,        ,        ,        ,        ,        ,        ,      
anderni01, 1995,     1, NYI , NHL , L  , 47.0, 14.0,  12.0,  26.0,  12.0, -3.0 ,  3.0,  1.0,  2.0,  0.0,  1.0, 0.0,  89.0,       ,      ,      ,        ,        ,        ,        ,        ,        ,        ,        ,      
anderni01, 1996,     1, NYI , NHL , L  , 74.0, 12.0,  31.0,  43.0,  57.0, 4.0  ,  1.0,  5.0,  1.0,  2.0,  1.0, 0.0, 122.0,       ,      ,      ,        ,        ,        ,        ,        ,        ,        ,        ,      
anderni01, 1997,     1, SJS , NHL , L  ,  5.0,  0.0,   0.0,   0.0,   2.0, -1.0 ,  0.0,  0.0,  0.0,  0.0,  0.0, 0.0,   6.0,       ,      ,      ,        ,        ,        ,        ,        ,        ,        ,        ,      
anderni01, 1999,     1, NYI , NHL , L  , 17.0,  3.0,   7.0,  10.0,   8.0, -3.0 ,  1.0,  3.0,  0.0,  1.0,  0.0, 0.0,  24.0,       ,      ,      ,        ,        ,        ,        ,        ,        ,        ,        ,      
anderni01, 1999,     2, NAS , NHL , L  ,  7.0,  0.0,   1.0,   1.0,   0.0, 0.0  ,  0.0,  0.0,  0.0,  0.0,  0.0, 0.0,   7.0,       ,      ,      ,        ,        ,        ,        ,        ,        ,        ,        ,      
anderni01, 2000,     1, CAL , NHL , L  , 11.0,  0.0,   1.0,   1.0,   4.0, 0.0  ,  0.0,  0.0,  0.0,  0.0,  0.0, 0.0,   8.0,       ,      ,      ,        ,        ,        ,        ,        ,        ,        ,        ,      
anderpe01, 1981,     1, STL , NHL , L  ,  5.0,  1.0,   2.0,   3.0,   0.0, 1.0  ,  0.0,     ,  0.0,     ,  0.0, 0.0,   9.0,   10.0,   2.0,   0.0,     2.0,     4.0,        ,     1.0,        ,     0.0,        ,     0.0,      
anderpe01, 1982,     1, STL , NHL , L  , 18.0,  5.0,   2.0,   7.0,  14.0, -6.0 ,  0.0,     ,  0.0,     ,  0.0, 0.0,  27.0,       ,      ,      ,        ,        ,        ,        ,        ,        ,        ,        ,      
anderpe01, 1983,     1, STL , NHL , L  , 50.0,  7.0,   5.0,  12.0, 195.0, -13.0,  0.0,     ,  0.0,     ,  1.0, 0.0,  49.0,    9.0,   0.0,   0.0,     0.0,    27.0, -2.0   ,     0.0,        ,     0.0,        ,     0.0,     8.0
anderpe01, 1984,     1, STL , NHL , L  , 71.0,  9.0,   9.0,  18.0, 146.0, 2.0  ,  0.0,     ,  0.0,     ,  1.0, 0.0,  86.0,    3.0,   0.0,   0.0,     0.0,     7.0, -1.0   ,     0.0,        ,     0.0,        ,     0.0,     2.0
anderpe01, 1985,     1, NJD , NHL , L  , 51.0,  7.0,  12.0,  19.0,  91.0, -7.0 ,  1.0,     ,  0.0,     ,  1.0, 0.0,  61.0,       ,      ,      ,        ,        ,        ,        ,        ,        ,        ,        ,      
anderpe01, 1986,     1, NJD , NHL , L  , 57.0, 10.0,   9.0,  19.0, 107.0, -13.0,  2.0,     ,  0.0,     ,  1.0, 0.0,  46.0,       ,      ,      ,        ,        ,        ,        ,        ,        ,        ,        ,      
anderpe01, 1987,     1, NJD , NHL , L  , 60.0,  4.0,   6.0,  10.0, 222.0, -8.0 ,  1.0,  0.0,  0.0,  0.0,  0.0, 0.0,  40.0,   10.0,   0.0,   0.0,     0.0,   113.0, -2.0   ,     0.0,     0.0,     0.0,     0.0,     0.0,     2.0
anderpe01, 1988,     1, NJD , NHL , L  , 39.0,  3.0,   6.0,   9.0, 128.0, 5.0  ,  0.0,  0.0,  0.0,  0.0,  0.0, 0.0,  36.0,       ,      ,      ,        ,        ,        ,        ,        ,        ,        ,        ,      
anderpe01, 1990,     1, NJD , NHL , L  ,  1.0,  0.0,   0.0,   0.0,   5.0, 0.0  ,  0.0,  0.0,  0.0,  0.0,  0.0, 0.0,   1.0,    4.0,   0.0,   1.0,     1.0,    10.0, -1.0   ,     0.0,     0.0,     0.0,     0.0,     0.0,     3.0
anderpe01, 1991,     1, SJS , NHL , L  , 48.0,  4.0,   8.0,  12.0, 143.0, -17.0,  0.0,  0.0,  0.0,  0.0,  0.0, 0.0,  57.0,       ,      ,      ,        ,        ,        ,        ,        ,        ,        ,        ,      
anderpe02, 1983,     1, WAS , NHL , D  , 42.0,  3.0,   7.0,  10.0,  20.0, 12.0 ,  2.0,     ,  0.0,     ,  0.0, 0.0,  49.0,    3.0,   0.0,   1.0,     1.0,     2.0, -2.0   ,     0.0,        ,     0.0,        ,     0.0,     0.0
anderpe02, 1984,     1, WAS , NHL , D  , 57.0,  0.0,  10.0,  10.0,  21.0, 5.0  ,  0.0,     ,  0.0,     ,  0.0, 0.0,  58.0,    2.0,   0.0,   0.0,     0.0,     0.0, 0.0    ,     0.0,        ,     0.0,        ,     0.0,     1.0
anderpe02, 1985,     1, WAS , NHL , D  , 61.0,  6.0,  16.0,  22.0,  36.0, -8.0 ,  3.0,     ,  0.0,     ,  3.0, 0.0,  83.0,       ,      ,      ,        ,        ,        ,        ,        ,        ,        ,        ,      
anderpe02, 1985,     2, QUE , NHL , D  , 12.0,  1.0,   8.0,   9.0,   4.0, 8.0  ,  1.0,     ,  0.0,     ,  0.0, 0.0,  16.0,    2.0,   0.0,   1.0,     1.0,     0.0, -1.0   ,     0.0,        ,     0.0,        ,     0.0,     0.0
anderpe03, 1992,     1, NYR , NHL , D  , 31.0,  4.0,  11.0,  15.0,  18.0, 4.0  ,  3.0,  6.0,  0.0,  0.0,  1.0, 0.0,  68.0,       ,      ,      ,        ,        ,        ,        ,        ,        ,        ,        ,      
anderpe03, 1993,     1, NYR , NHL , D  ,  8.0,  1.0,   1.0,   2.0,   2.0, -3.0 ,  0.0,  1.0,  1.0,  0.0,  1.0, 0.0,  10.0,       ,      ,      ,        ,        ,        ,        ,        ,        ,        ,        ,      
anderpe03, 1993,     2, FLO , NHL , D  ,  8.0,  1.0,   1.0,   2.0,   0.0, -5.0 ,  0.0,  0.0,  0.0,  0.0,  0.0, 0.0,  11.0,       ,      ,      ,        ,        ,        ,        ,        ,        ,        ,        ,      
anderro01, 1967,     1, DET , NHL , R  , 18.0,  2.0,   0.0,   2.0,  13.0, -4.0 ,  0.0,     ,  0.0,     ,  0.0, 1.0,  21.0,       ,      ,      ,        ,        ,        ,        ,        ,        ,        ,        ,      
anderro01, 1968,     1, DET , NHL , R  ,  7.0,  0.0,   0.0,   0.0,   8.0, -3.0 ,  0.0,     ,  0.0,     ,  0.0, 0.0,   4.0,       ,      ,      ,        ,        ,        ,        ,        ,        ,        ,        ,      
anderro01, 1968,     2, LAK , NHL , R  , 56.0,  3.0,   5.0,   8.0,  26.0, -9.0 ,  0.0,     ,  0.0,     ,  0.0, 0.0,  68.0,    4.0,   0.0,   0.0,     0.0,     2.0,        ,     0.0,        ,     0.0,        ,     0.0,      
anderro01, 1969,     1, STL , NHL , R  , 59.0,  9.0,   9.0,  18.0,  36.0, 11.0 ,  1.0,     ,  0.0,     ,  0.0, 1.0, 107.0,    1.0,   0.0,   0.0,     0.0,     0.0,        ,     0.0,        ,     0.0,        ,     0.0,      
anderro01, 1970,     1, BUF , NHL , R  , 74.0, 14.0,  12.0,  26.0,  44.0, -11.0,  0.0,     ,  1.0,     ,  3.0, 0.0, 139.0,       ,      ,      ,        ,        ,        ,        ,        ,        ,        ,        ,      
anderro01, 1971,     1, BUF , NHL , R  , 37.0,  0.0,   4.0,   4.0,  19.0, -10.0,  0.0,     ,  0.0,     ,  0.0, 0.0,  35.0,       ,      ,      ,        ,        ,        ,        ,        ,        ,        ,        ,      
anderro01, 1972,     1, ALB , WHA , R  , 73.0, 14.0,  15.0,  29.0,  43.0,      ,  3.0,     ,  0.0,     ,     ,    ,      ,       ,      ,      ,        ,        ,        ,        ,        ,        ,        ,        ,      
anderro01, 1973,     1, EDO , WHA , R  , 19.0,  5.0,   2.0,   7.0,   6.0,      ,  0.0,     ,  0.0,     ,  1.0,    ,      ,    1.0,   0.0,   0.0,     0.0,     0.0,        ,        ,        ,        ,        ,     0.0,      
anderro02, 1974,     1, WAS , NHL , R  , 28.0,  9.0,   7.0,  16.0,   8.0, -20.0,  4.0,     ,  0.0,     ,  0.0, 0.0,  43.0,       ,      ,      ,        ,        ,        ,        ,        ,        ,        ,        ,      
anderro03, 1972,     1, CHC , WHA , D  , 74.0,  3.0,  26.0,  29.0,  34.0,      ,  0.0,     ,  1.0,     ,     ,    ,      ,       ,      ,      ,        ,        ,        ,        ,        ,        ,        ,        ,      
anderro03, 1973,     1, CHC , WHA , D  ,  2.0,  0.0,   0.0,   0.0,   0.0,      ,  0.0,     ,  0.0,     ,  0.0,    ,      ,       ,      ,      ,        ,        ,        ,        ,        ,        ,        ,        ,      
anderro03, 1974,     1, CLC , WHA , D  , 39.0,  0.0,   9.0,   9.0,  10.0, 7.0  ,  0.0,     ,  0.0,     ,  0.0,    ,  34.0,       ,      ,      ,        ,        ,        ,        ,        ,        ,        ,        ,      
anderru01, 1976,     1, PIT , NHL , D  , 66.0,  2.0,  11.0,  13.0,  81.0, 5.0  ,  0.0,     ,  0.0,     ,  1.0, 0.0,  45.0,    3.0,   0.0,   1.0,     1.0,    14.0,        ,     0.0,        ,     0.0,        ,     0.0,      
anderru01, 1977,     1, PIT , NHL , D  , 74.0,  2.0,  16.0,  18.0, 150.0, -5.0 ,  0.0,     ,  0.0,     ,  1.0, 0.0,  51.0,       ,      ,      ,        ,        ,        ,        ,        ,        ,        ,        ,      
anderru01, 1978,     1, PIT , NHL , D  , 72.0,  3.0,  13.0,  16.0,  93.0, 1.0  ,  0.0,     ,  0.0,     ,  0.0, 0.0,  48.0,    2.0,   0.0,   0.0,     0.0,     0.0,        ,     0.0,        ,     0.0,        ,     0.0,      
anderru01, 1979,     1, PIT , NHL , D  , 76.0,  5.0,  22.0,  27.0, 150.0, 11.0 ,  0.0,     ,  0.0,     ,  0.0, 0.0,  78.0,    5.0,   0.0,   2.0,     2.0,    14.0,        ,     0.0,        ,     0.0,        ,     0.0,      
anderru01, 1980,     1, PIT , NHL , D  , 34.0,  3.0,  14.0,  17.0, 112.0, 12.0 ,  1.0,     ,  0.0,     ,  1.0, 0.0,  38.0,       ,      ,      ,        ,        ,        ,        ,        ,        ,        ,        ,      
anderru01, 1981,     1, PIT , NHL , D  , 31.0,  0.0,   1.0,   1.0,  98.0, -4.0 ,  0.0,     ,  0.0,     ,  0.0, 0.0,  13.0,       ,      ,      ,        ,        ,        ,        ,        ,        ,        ,        ,      
anderru01, 1981,     2, HAR , NHL , D  , 25.0,  1.0,   3.0,   4.0,  85.0, -17.0,  0.0,     ,  0.0,     ,  1.0, 0.0,  24.0,       ,      ,      ,        ,        ,        ,        ,        ,        ,        ,        ,      
anderru01, 1982,     1, HAR , NHL , D  , 57.0,  0.0,   6.0,   6.0, 171.0, -33.0,  0.0,     ,  0.0,     ,  0.0, 0.0,  18.0,       ,      ,      ,        ,        ,        ,        ,        ,        ,        ,        ,      
anderru01, 1983,     1, LAK , NHL , D  , 70.0,  5.0,  12.0,  17.0, 126.0, -30.0,  0.0,     ,  0.0,     ,  1.0, 0.0,  47.0,       ,      ,      ,        ,        ,        ,        ,        ,        ,        ,        ,      
anderru01, 1984,     1, LAK , NHL , D  , 14.0,  1.0,   1.0,   2.0,  20.0, -2.0 ,  0.0,     ,  0.0,     ,  0.0, 0.0,  11.0,       ,      ,      ,        ,        ,        ,        ,        ,        ,        ,        ,      
andersh01, 1986,     1, BUF , NHL , D  , 41.0,  2.0,  11.0,  13.0,  23.0, 0.0  ,  0.0,     ,  0.0,     ,  0.0, 0.0,  26.0,       ,      ,      ,        ,        ,        ,        ,        ,        ,        ,        ,      
andersh01, 1987,     1, BUF , NHL , D  , 23.0,  1.0,   2.0,   3.0,  17.0, -3.0 ,  1.0,  1.0,  0.0,  0.0,  0.0, 0.0,  29.0,       ,      ,      ,        ,        ,        ,        ,        ,        ,        ,        ,      
andersh01, 1988,     1, BUF , NHL , D  , 33.0,  2.0,  10.0,  12.0,  18.0, 3.0  ,  2.0,  1.0,  0.0,  1.0,  0.0, 0.0,  26.0,    5.0,   0.0,   1.0,     1.0,     4.0, -4.0   ,     0.0,     0.0,     0.0,     0.0,     0.0,     6.0
andersh01, 1989,     1, BUF , NHL , D  , 16.0,  1.0,   3.0,   4.0,   8.0, 2.0  ,  0.0,  2.0,  0.0,  0.0,  0.0, 0.0,  16.0,       ,      ,      ,        ,        ,        ,        ,        ,        ,        ,        ,      
andersh01, 1990,     1, QUE , NHL , D  , 31.0,  3.0,  10.0,  13.0,  21.0, 2.0  ,  2.0,  2.0,  0.0,  0.0,  0.0, 0.0,  44.0,       ,      ,      ,        ,        ,        ,        ,        ,        ,        ,        ,      
andersh01, 1992,     1, WAS , NHL , D  , 60.0,  2.0,   6.0,   8.0,  18.0, -2.0 ,  1.0,  1.0,  0.0,  0.0,  0.0, 0.0,  42.0,    6.0,   0.0,   0.0,     0.0,     0.0, 0.0    ,     0.0,     0.0,     0.0,     0.0,     0.0,     1.0
andersh01, 1993,     1, WAS , NHL , D  , 50.0,  0.0,   9.0,   9.0,  12.0, -1.0 ,  0.0,  1.0,  0.0,  0.0,  0.0, 0.0,  31.0,    8.0,   1.0,   0.0,     1.0,    12.0, -1.0   ,     0.0,     0.0,     0.0,     0.0,     0.0,     9.0
andersh01, 1994,     1, PHI , NHL , D  ,  1.0,  0.0,   0.0,   0.0,   0.0, 0.0  ,  0.0,  0.0,  0.0,  0.0,  0.0, 0.0,   0.0,       ,      ,      ,        ,        ,        ,        ,        ,        ,        ,        ,      
anderto01, 1934,     1, DET , NHL , L/D, 27.0,  5.0,   2.0,   7.0,  16.0,      ,     ,     ,     ,     ,     ,    ,      ,       ,      ,      ,        ,        ,        ,        ,        ,        ,        ,        ,      
anderto01, 1935,     1, NYA , NHL , L/D, 24.0,  3.0,   2.0,   5.0,  20.0,      ,     ,     ,     ,     ,     ,    ,      ,    5.0,   0.0,   0.0,     0.0,     6.0,        ,        ,        ,        ,        ,        ,      
anderto01, 1936,     1, NYA , NHL , L/D, 45.0, 10.0,  15.0,  25.0,  24.0,      ,     ,     ,     ,     ,     ,    ,      ,       ,      ,      ,        ,        ,        ,        ,        ,        ,        ,        ,      
anderto01, 1937,     1, NYA , NHL , L  , 45.0,  4.0,  21.0,  25.0,  22.0,      ,     ,     ,     ,     ,     ,    ,      ,    6.0,   1.0,   4.0,     5.0,     2.0,        ,        ,        ,        ,        ,        ,      
anderto01, 1938,     1, NYA , NHL , L  , 47.0, 13.0,  27.0,  40.0,  14.0,      ,     ,     ,     ,     ,     ,    ,      ,    2.0,   0.0,   0.0,     0.0,     0.0,        ,        ,        ,        ,        ,        ,      
anderto01, 1939,     1, NYA , NHL , D  , 48.0, 12.0,  19.0,  31.0,  22.0,      ,     ,     ,     ,     ,     ,    ,      ,    3.0,   1.0,   3.0,     4.0,     0.0,        ,        ,        ,        ,        ,        ,      
anderto01, 1940,     1, NYA , NHL , D  , 35.0,  3.0,  12.0,  15.0,   8.0,      ,     ,     ,     ,     ,     ,    ,      ,       ,      ,      ,        ,        ,        ,        ,        ,        ,        ,        ,      
anderto01, 1941,     1, BKN , NHL , D  , 48.0, 12.0,  29.0,  41.0,  64.0,      ,     ,     ,     ,     ,     ,    ,      ,       ,      ,      ,        ,        ,        ,        ,        ,        ,        ,        ,      
andrast01, 1971,     1, NYR , NHL , R  ,     ,     ,      ,      ,      ,      ,     ,     ,     ,     ,     ,    ,      ,    1.0,   0.0,   0.0,     0.0,     0.0,        ,     0.0,        ,     0.0,        ,     0.0,      
andrast01, 1974,     1, IND , WHA , R  , 20.0,  2.0,   4.0,   6.0,  16.0,      ,     ,     ,     ,     ,     ,    ,  56.0,       ,      ,      ,        ,        ,        ,        ,        ,        ,        ,        ,      
andrast01, 1974,     2, MIB , WHA , R  , 57.0,  4.0,   7.0,  11.0,  42.0, -18.0,  0.0,     ,  0.0,     ,     ,    , 118.0,       ,      ,      ,        ,        ,        ,        ,        ,        ,        ,        ,      
andrast01, 1975,     1, CIN , WHA , R  , 20.0,  3.0,   2.0,   5.0,  21.0, 0.0  ,  0.0,     ,  0.0,     ,  0.0,    ,  44.0,       ,      ,      ,        ,        ,        ,        ,        ,        ,        ,        ,      
andreal01, 1978,     1, SOV , WHA ,    ,  6.0,  2.0,   4.0,   6.0,   0.0,      ,     ,     ,     ,     ,     ,    ,      ,       ,      ,      ,        ,        ,        ,        ,        ,        ,        ,        ,      
andreda01, 1982,     1, BUF , NHL , C  , 43.0, 14.0,  23.0,  37.0,  16.0, 6.0  ,  3.0,     ,  0.0,     ,  1.0, 0.0,  66.0,    4.0,   1.0,   0.0,     1.0,     4.0,        ,     0.0,        ,     0.0,        ,     0.0,      
andreda01, 1983,     1, BUF , NHL , C  , 78.0, 38.0,  42.0,  80.0,  42.0, 20.0 , 10.0,     ,  0.0,     ,  7.0, 1.0, 178.0,    2.0,   0.0,   1.0,     1.0,     2.0, -2.0   ,     0.0,        ,     0.0,        ,     0.0,     5.0
andreda01, 1984,     1, BUF , NHL , L  , 64.0, 31.0,  30.0,  61.0,  54.0, -4.0 , 14.0,     ,  0.0,     ,  2.0, 1.0, 153.0,    5.0,   4.0,   2.0,     6.0,     4.0, 5.0    ,     0.0,        ,     0.0,        ,     2.0,    12.0
andreda01, 1985,     1, BUF , NHL , R  , 80.0, 36.0,  51.0,  87.0,  61.0, 3.0  , 12.0,     ,  0.0,     ,  3.0, 0.0, 225.0,       ,      ,      ,        ,        ,        ,        ,        ,        ,        ,        ,      
andreda01, 1986,     1, BUF , NHL , R  , 77.0, 25.0,  48.0,  73.0,  46.0, 2.0  , 13.0,     ,  0.0,     ,  2.0, 1.0, 255.0,       ,      ,      ,        ,        ,        ,        ,        ,        ,        ,        ,      
andreda01, 1987,     1, BUF , NHL , L  , 80.0, 30.0,  48.0,  78.0, 112.0, 1.0  , 15.0, 14.0,  0.0,  0.0,  5.0, 0.0, 253.0,    6.0,   2.0,   4.0,     6.0,     0.0, -2.0   ,     1.0,     2.0,     0.0,     0.0,     0.0,    15.0
andreda01, 1988,     1, BUF , NHL , L  , 56.0, 28.0,  24.0,  52.0,  40.0, 0.0  ,  7.0, 12.0,  0.0,  0.0,  3.0, 0.0, 145.0,    5.0,   0.0,   3.0,     3.0,     0.0, 0.0    ,     0.0,     3.0,     0.0,     0.0,     0.0,    15.0
andreda01, 1989,     1, BUF , NHL , L  , 73.0, 40.0,  42.0,  82.0,  42.0, 6.0  , 18.0, 21.0,  0.0,  0.0,  3.0, 0.0, 206.0,    6.0,   2.0,   5.0,     7.0,     2.0, 2.0    ,     1.0,     2.0,     0.0,     0.0,     0.0,    20.0
andreda01, 1990,     1, BUF , NHL , L  , 80.0, 36.0,  33.0,  69.0,  32.0, 11.0 , 13.0, 14.0,  0.0,  0.0,  4.0, 3.0, 234.0,    6.0,   2.0,   2.0,     4.0,     8.0, -2.0   ,     1.0,     1.0,     0.0,     0.0,     0.0,    21.0
andreda01, 1991,     1, BUF , NHL , L  , 80.0, 41.0,  50.0,  91.0,  71.0, -9.0 , 28.0, 23.0,  0.0,  0.0,  2.0, 2.0, 337.0,    7.0,   1.0,   3.0,     4.0,    12.0, 0.0    ,     0.0,     3.0,     0.0,     0.0,     0.0,    27.0
andreda01, 1992,     1, BUF , NHL , L  , 52.0, 29.0,  32.0,  61.0,  48.0, -8.0 , 20.0, 17.0,  0.0,  0.0,  2.0, 0.0, 171.0,       ,      ,      ,        ,        ,        ,        ,        ,        ,        ,        ,      
andreda01, 1992,     2, TOR , NHL , L  , 31.0, 25.0,  13.0,  38.0,   8.0, 12.0 , 12.0,  5.0,  0.0,  0.0,  2.0, 1.0, 139.0,   21.0,  12.0,   7.0,    19.0,    35.0, 6.0    ,     4.0,     4.0,     0.0,     0.0,     3.0,    72.0
andreda01, 1993,     1, TOR , NHL , R  , 83.0, 53.0,  46.0,  99.0,  98.0, 22.0 , 21.0, 22.0,  5.0,  0.0,  8.0, 0.0, 333.0,   18.0,   5.0,   5.0,    10.0,    16.0, -3.0   ,     3.0,     5.0,     1.0,     0.0,     0.0,    50.0
andreda01, 1994,     1, TOR , NHL , L  , 48.0, 22.0,  16.0,  38.0,  34.0, -7.0 ,  8.0,  6.0,  0.0,  0.0,  2.0, 2.0, 168.0,    7.0,   3.0,   2.0,     5.0,    25.0, 3.0    ,     2.0,     1.0,     0.0,     0.0,     0.0,    19.0
andreda01, 1995,     1, TOR , NHL , L  , 61.0, 20.0,  24.0,  44.0,  54.0, -11.0, 12.0, 14.0,  2.0,  1.0,  3.0, 1.0, 200.0,       ,      ,      ,        ,        ,        ,        ,        ,        ,        ,        ,      
andreda01, 1995,     2, NJD , NHL , L  , 15.0,  8.0,   5.0,  13.0,  10.0, 2.0  ,  2.0,  0.0,  0.0,  0.0,  0.0, 0.0,  41.0,       ,      ,      ,        ,        ,        ,        ,        ,        ,        ,        ,      
andreda01, 1996,     1, NJD , NHL , L  , 82.0, 27.0,  34.0,  61.0,  48.0, 38.0 ,  4.0,  5.0,  1.0,  0.0,  2.0, 1.0, 233.0,    1.0,   0.0,   0.0,     0.0,     0.0, 0.0    ,     0.0,     0.0,     0.0,     0.0,     0.0,     5.0
andreda01, 1997,     1, NJD , NHL , L  , 75.0, 14.0,  34.0,  48.0,  26.0, 19.0 ,  4.0, 12.0,  0.0,  0.0,  2.0, 0.0, 180.0,    6.0,   1.0,   0.0,     1.0,     4.0, -2.0   ,     1.0,     0.0,     0.0,     0.0,     0.0,    17.0
andreda01, 1998,     1, NJD , NHL , L  , 52.0, 15.0,  13.0,  28.0,  20.0, 1.0  ,  4.0,  4.0,  0.0,  0.0,  3.0, 1.0, 110.0,    4.0,   2.0,   0.0,     2.0,     4.0, 0.0    ,     0.0,     0.0,     0.0,     0.0,     0.0,     7.0
andreda01, 1999,     1, BOS , NHL , L  , 63.0, 19.0,  14.0,  33.0,  28.0, -11.0,  7.0,  8.0,  0.0,  0.0,  2.0, 1.0, 192.0,       ,      ,      ,        ,        ,        ,        ,        ,        ,        ,        ,      
andreda01, 1999,     2, COL , NHL , L  , 14.0,  1.0,   2.0,   3.0,   2.0, -9.0 ,  1.0,  0.0,  0.0,  0.0,  1.0, 0.0,  41.0,   17.0,   3.0,   2.0,     5.0,    18.0, -3.0   ,     2.0,     2.0,     0.0,     0.0,     0.0,    38.0
andreda01, 2000,     1, BUF , NHL , L  , 74.0, 20.0,  13.0,  33.0,  32.0, 0.0  ,  8.0,  7.0,  0.0,  0.0,  4.0, 0.0, 119.0,   13.0,   1.0,   2.0,     3.0,     4.0, 0.0    ,     1.0,     1.0,     0.0,     0.0,     0.0,    17.0
andreda01, 2001,     1, TBL , NHL , L  , 82.0, 21.0,  17.0,  38.0, 109.0, -12.0,  9.0,  9.0,  1.0,  1.0,  5.0, 0.0, 161.0,       ,      ,      ,        ,        ,        ,        ,        ,        ,        ,        ,      
andreda01, 2002,     1, TBL , NHL , L  , 72.0, 20.0,  14.0,  34.0,  34.0, -12.0, 15.0, 13.0,  0.0,  0.0,  3.0, 2.0, 170.0,   11.0,   3.0,   3.0,     6.0,    10.0, -1.0   ,     1.0,     1.0,     0.0,     1.0,     1.0,    25.0
andreda01, 2003,     1, TBL , NHL , R  , 82.0, 21.0,  18.0,  39.0,  42.0, -9.0 , 10.0,  6.0,  0.0,  0.0,  5.0, 1.0, 165.0,   23.0,   1.0,  13.0,    14.0,    14.0, -2.0   ,     0.0,     8.0,     0.0,     0.0,     0.0,    30.0
andreda01, 2005,     1, TBL , NHL , L  , 42.0,  6.0,  12.0,  18.0,  16.0, -13.0,  4.0,  8.0,  1.0,  1.0,  1.0,    ,  81.0,       ,      ,      ,        ,        ,        ,        ,        ,        ,        ,        ,      
andrell01, 1921,     1, TRS , NHL , F  , 11.0,  0.0,   0.0,   0.0,   0.0,      ,     ,     ,     ,     ,     ,    ,      ,    2.0,   0.0,   0.0,     0.0,     0.0,        ,        ,        ,        ,        ,        ,      
andrell01, 1922,     1, TRS , NHL , F  , 23.0,  5.0,   4.0,   9.0,  10.0,      ,     ,     ,     ,     ,     ,    ,      ,       ,      ,      ,        ,        ,        ,        ,        ,        ,        ,        ,      
andrell01, 1923,     1, TRS , NHL , F  , 12.0,  2.0,   1.0,   3.0,   0.0,      ,     ,     ,     ,     ,     ,    ,      ,       ,      ,      ,        ,        ,        ,        ,        ,        ,        ,        ,      
andrell01, 1924,     1, TRS , NHL , F  ,  7.0,  1.0,   0.0,   1.0,   0.0,      ,     ,     ,     ,     ,     ,    ,      ,       ,      ,      ,        ,        ,        ,        ,        ,        ,        ,        ,      
andrepa01, 1965,     1, NYR , NHL , R  ,  4.0,  1.0,   1.0,   2.0,   0.0,      ,  0.0,     ,  0.0,     ,  0.0, 0.0,      ,       ,      ,      ,        ,        ,        ,        ,        ,        ,        ,        ,      
andrepa01, 1967,     1, PIT , NHL , R  , 65.0, 11.0,  21.0,  32.0,   2.0, -2.0 ,  5.0,     ,  0.0,     ,  1.0, 1.0,  92.0,       ,      ,      ,        ,        ,        ,        ,        ,        ,        ,        ,      
andrepa01, 1968,     1, PIT , NHL , R  , 25.0,  7.0,   6.0,  13.0,   2.0, -10.0,  5.0,     ,  0.0,     ,  1.0, 0.0,  45.0,       ,      ,      ,        ,        ,        ,        ,        ,        ,        ,        ,      
andrepa01, 1970,     1, CLF , NHL , R  ,  9.0,  1.0,   0.0,   1.0,   2.0, -6.0 ,  1.0,     ,  0.0,     ,  0.0, 0.0,  14.0,       ,      ,      ,        ,        ,        ,        ,        ,        ,        ,        ,      
andrepa01, 1970,     2, BUF , NHL , R  , 47.0, 11.0,  21.0,  32.0,   4.0, -16.0,  2.0,     ,  0.0,     ,  3.0, 0.0,  99.0,       ,      ,      ,        ,        ,        ,        ,        ,        ,        ,        ,      
andrepa01, 1972,     1, CLC , WHA , R  , 66.0, 21.0,  30.0,  51.0,  12.0,      ,  7.0,     ,  0.0,     ,     ,    ,      ,    9.0,   2.0,   8.0,    10.0,     2.0,        ,     1.0,        ,     0.0,        ,     0.0,      
andrepa01, 1973,     1, CLC , WHA , L  , 69.0, 15.0,  18.0,  33.0,  14.0,      ,  6.0,     ,  3.0,     ,  2.0,    ,      ,    5.0,   1.0,   0.0,     1.0,     0.0,        ,        ,        ,        ,        ,     0.0,      
andrial01, 1992,     1, CHI , NHL , R  ,  1.0,  0.0,   0.0,   0.0,   0.0, 0.0  ,  0.0,  0.0,  0.0,  0.0,  0.0, 0.0,   0.0,       ,      ,      ,        ,        ,        ,        ,        ,        ,        ,        ,      
andrugr01, 1993,     1, PIT , NHL , D  ,  3.0,  0.0,   0.0,   0.0,   2.0, -1.0 ,  0.0,  0.0,  0.0,  0.0,  0.0, 0.0,   4.0,       ,      ,      ,        ,        ,        ,        ,        ,        ,        ,        ,      
andrugr01, 1994,     1, PIT , NHL , D  ,  7.0,  0.0,   4.0,   4.0,   6.0, -1.0 ,  0.0,  3.0,  0.0,  0.0,  0.0, 0.0,   7.0,       ,      ,      ,        ,        ,        ,        ,        ,        ,        ,        ,      
andrugr01, 1995,     1, PIT , NHL , D  ,  2.0,  0.0,   0.0,   0.0,   0.0, -1.0 ,  0.0,  0.0,  0.0,  0.0,  0.0, 0.0,   1.0,       ,      ,      ,        ,        ,        ,        ,        ,        ,        ,        ,      
andrugr01, 1998,     1, PIT , NHL , D  ,  7.0,  0.0,   1.0,   1.0,   4.0, 4.0  ,  0.0,  0.0,  0.0,  0.0,  0.0, 0.0,   2.0,   12.0,   1.0,   0.0,     1.0,     6.0, -1.0   ,     0.0,     0.0,     0.0,     0.0,     1.0,     9.0
andrugr01, 1999,     1, TOR , NHL , D  ,  9.0,  0.0,   1.0,   1.0,   4.0, 1.0  ,  0.0,  0.0,  0.0,  0.0,  0.0, 0.0,   5.0,    3.0,   0.0,   0.0,     0.0,     2.0, -1.0   ,     0.0,     0.0,     0.0,     0.0,     0.0,     2.0
andruro01, 1974,     1, MTL , NHL , C  ,  5.0,  0.0,   0.0,   0.0,   2.0, -1.0 ,  0.0,     ,  0.0,     ,  0.0, 0.0,   1.0,       ,      ,      ,        ,        ,        ,        ,        ,        ,        ,        ,      
andruro01, 1975,     1, MTL , NHL , C  ,  1.0,  0.0,   0.0,   0.0,   0.0, 0.0  ,  0.0,     ,  0.0,     ,  0.0, 0.0,   0.0,       ,      ,      ,        ,        ,        ,        ,        ,        ,        ,        ,      
andruro01, 1976,     1, COR , NHL , C  , 66.0,  4.0,  18.0,  22.0,  21.0, -18.0,  0.0,     ,  0.0,     ,  0.0, 0.0, 106.0,       ,      ,      ,        ,        ,        ,        ,        ,        ,        ,        ,      
andruro01, 1977,     1, COR , NHL , C  , 78.0, 15.0,  18.0,  33.0,  31.0, -16.0,  0.0,     ,  0.0,     ,  1.0, 0.0, 133.0,    2.0,   0.0,   0.0,     0.0,     0.0,        ,     0.0,        ,     0.0,        ,     0.0,      
andruro01, 1978,     1, COR , NHL , C  ,  3.0,  0.0,   0.0,   0.0,   0.0, -4.0 ,  0.0,     ,  0.0,     ,  0.0, 0.0,   4.0,       ,      ,      ,        ,        ,        ,        ,        ,        ,        ,        ,      
angelme01, 2003,     1, WAS , NHL , L  ,  2.0,  0.0,   0.0,   0.0,   2.0, 0.0  ,  0.0,  0.0,  0.0,  0.0,  0.0, 0.0,   1.0,       ,      ,      ,        ,        ,        ,        ,        ,        ,        ,        ,      
angotlo01, 1964,     1, NYR , NHL , R  , 70.0,  9.0,   8.0,  17.0,  20.0,      ,  3.0,     ,  0.0,     ,  1.0, 1.0,      ,       ,      ,      ,        ,        ,        ,        ,        ,        ,        ,        ,      
angotlo01, 1965,     1, NYR , NHL , R  , 21.0,  2.0,   2.0,   4.0,   2.0,      ,  0.0,     ,  1.0,     ,  0.0, 0.0,      ,       ,      ,      ,        ,        ,        ,        ,        ,        ,        ,        ,      
angotlo01, 1965,     2, CHI , NHL , C  , 30.0,  4.0,  10.0,  14.0,  12.0,      ,  0.0,     ,  0.0,     ,  0.0, 0.0,      ,    6.0,   0.0,   0.0,     0.0,     2.0,        ,        ,        ,        ,        ,     0.0,      
angotlo01, 1966,     1, CHI , NHL , C  , 63.0,  6.0,  12.0,  18.0,  21.0,      ,  2.0,     ,  0.0,     ,  0.0, 1.0,      ,    6.0,   2.0,   1.0,     3.0,     2.0,        ,        ,        ,        ,        ,     0.0,      
angotlo01, 1967,     1, PHI , NHL , C  , 70.0, 12.0,  37.0,  49.0,  35.0, 4.0  ,  2.0,     ,  0.0,     ,  1.0, 0.0, 146.0,    7.0,   0.0,   0.0,     0.0,     2.0,        ,     0.0,        ,     0.0,        ,     0.0,      
angotlo01, 1968,     1, PIT , NHL , C  , 71.0, 17.0,  20.0,  37.0,  36.0, -21.0,  3.0,     ,  0.0,     ,  2.0, 2.0, 123.0,       ,      ,      ,        ,        ,        ,        ,        ,        ,        ,        ,      
angotlo01, 1969,     1, CHI , NHL , C  , 70.0, 12.0,  26.0,  38.0,  25.0, 2.0  ,  5.0,     ,  0.0,     ,  2.0, 0.0,  97.0,    8.0,   0.0,   0.0,     0.0,     0.0,        ,     0.0,        ,     0.0,        ,     0.0,      
angotlo01, 1970,     1, CHI , NHL , C  , 65.0,  9.0,  16.0,  25.0,  19.0, 17.0 ,  1.0,     ,  1.0,     ,  2.0, 1.0,  83.0,   16.0,   3.0,   3.0,     6.0,     9.0,        ,     0.0,        ,     0.0,        ,     1.0,      
angotlo01, 1971,     1, CHI , NHL , C  , 65.0,  5.0,  10.0,  15.0,  23.0, 0.0  ,  0.0,     ,  0.0,     ,  0.0, 0.0,  58.0,    6.0,   0.0,   0.0,     0.0,     0.0,        ,     0.0,        ,     0.0,        ,     0.0,      
angotlo01, 1972,     1, CHI , NHL , C  , 77.0, 15.0,  22.0,  37.0,  26.0, -3.0 ,  4.0,     ,  1.0,     ,  4.0, 0.0,  91.0,   16.0,   3.0,   4.0,     7.0,     2.0,        ,     0.0,        ,     0.0,        ,     2.0,      
angotlo01, 1973,     1, STL , NHL , C  , 51.0, 12.0,  23.0,  35.0,   9.0, -3.0 ,  1.0,     ,  0.0,     ,  5.0, 0.0,  84.0,       ,      ,      ,        ,        ,        ,        ,        ,        ,        ,        ,      
angotlo01, 1974,     1, CHC , WHA , C  , 26.0,  2.0,   5.0,   7.0,   9.0, -1.0 ,  0.0,     ,  1.0,     ,     ,    ,  14.0,       ,      ,      ,        ,        ,        ,        ,        ,        ,        ,        ,      
anholda01, 1983,     1, CHI , NHL , D  ,  1.0,  0.0,   0.0,   0.0,   0.0, 2.0  ,  0.0,     ,  0.0,     ,  0.0, 0.0,   0.0,       ,      ,      ,        ,        ,        ,        ,        ,        ,        ,        ,      
anisiar01, 2008,     1, NYR , NHL , C  ,  1.0,  0.0,   0.0,   0.0,   0.0, 0.0  ,  0.0,  0.0,  0.0,  0.0,  0.0,    ,   1.0,    1.0,   0.0,   0.0,     0.0,     0.0, 0.0    ,     0.0,     0.0,     0.0,     0.0,     0.0,     0.0
anisiar01, 2009,     1, NYR , NHL , C  , 82.0, 12.0,  16.0,  28.0,  32.0, -2.0 ,  1.0,  1.0,  0.0,  0.0,  2.0,    , 124.0,       ,      ,      ,        ,        ,        ,        ,        ,        ,        ,        ,      
anslohu01, 1947,     1, NYR , NHL , L  ,  2.0,  0.0,   0.0,   0.0,   0.0,      ,     ,     ,     ,     ,     ,    ,      ,       ,      ,      ,        ,        ,        ,        ,        ,        ,        ,        ,      
antonmi01, 1972,     1, MFS , WHA , C  , 75.0, 20.0,  19.0,  39.0,  46.0,      ,  1.0,     ,  0.0,     ,     ,    ,      ,    5.0,   2.0,   0.0,     2.0,     0.0,        ,     0.0,        ,     0.0,        ,     0.0,      
antonmi01, 1973,     1, MFS , WHA , C  , 68.0, 21.0,  29.0,  50.0,   4.0,      ,  2.0,     ,  0.0,     ,  4.0,    ,      ,   11.0,   1.0,   4.0,     5.0,     4.0,        ,        ,        ,        ,        ,     0.0,      
antonmi01, 1974,     1, MFS , WHA , C  , 67.0, 24.0,  26.0,  50.0,  20.0, 9.0  ,  4.0,     ,  0.0,     ,  2.0,    , 147.0,   12.0,   1.0,   4.0,     5.0,     2.0,        ,        ,        ,        ,        ,     0.0,      
antonmi01, 1975,     1, MFS , WHA , C  , 57.0, 25.0,  21.0,  46.0,  18.0, 21.0 ,     ,     ,     ,     ,     ,    , 166.0,       ,      ,      ,        ,        ,        ,        ,        ,        ,        ,        ,      
antonmi01, 1975,     2, MNS , NHL , C  , 12.0,  0.0,   2.0,   2.0,   8.0, -4.0 ,  0.0,     ,  0.0,     ,  0.0, 0.0,  22.0,       ,      ,      ,        ,        ,        ,        ,        ,        ,        ,        ,      
antonmi01, 1976,     1, MF2 , WHA , C  , 42.0, 27.0,  21.0,  48.0,  28.0, 20.0 ,  6.0,     ,  0.0,     ,     ,    , 157.0,       ,      ,      ,        ,        ,        ,        ,        ,        ,        ,        ,      
antonmi01, 1976,     2, EDO , WHA , C  ,  7.0,  1.0,   1.0,   2.0,   0.0, -3.0 ,  0.0,     ,  0.0,     ,     ,    ,  16.0,       ,      ,      ,        ,        ,        ,        ,        ,        ,        ,        ,      
antonmi01, 1976,     3, NEW , WHA , C  , 26.0, 12.0,   9.0,  21.0,  10.0, 11.0 ,  1.0,     ,  0.0,     ,     ,    ,  83.0,    5.0,   2.0,   2.0,     4.0,     4.0, 5.0    ,        ,        ,        ,        ,     0.0,      
antonmi01, 1977,     1, NEW , WHA , C  , 75.0, 32.0,  35.0,  67.0,  32.0, 17.0 ,  5.0,     ,  0.0,     ,     ,    , 243.0,   14.0,  10.0,   7.0,    17.0,     4.0, 1.0    ,        ,        ,        ,        ,     1.0,      
antonmi01, 1978,     1, NEW , WHA , C  , 69.0, 20.0,  27.0,  47.0,  35.0, -4.0 ,  3.0,     ,  0.0,     ,     ,    , 151.0,   10.0,   5.0,   3.0,     8.0,    14.0, 2.0    ,        ,        ,        ,        ,     0.0,      
antonmi01, 1979,     1, HAR , NHL , C  ,  5.0,  0.0,   1.0,   1.0,   2.0, 0.0  ,  0.0,     ,  0.0,     ,  0.0, 0.0,   4.0,       ,      ,      ,        ,        ,        ,        ,        ,        ,        ,        ,      
antonmi01, 1981,     1, MNS , NHL , C  ,  2.0,  0.0,   0.0,   0.0,   0.0, -1.0 ,  0.0,     ,  0.0,     ,  0.0, 0.0,   0.0,       ,      ,      ,        ,        ,        ,        ,        ,        ,        ,        ,      
antonmi01, 1982,     1, NJD , NHL , C  , 30.0,  7.0,   7.0,  14.0,  11.0, -7.0 ,  2.0,     ,  0.0,     ,  0.0, 1.0,  47.0,       ,      ,      ,        ,        ,        ,        ,        ,        ,        ,        ,      
antonmi01, 1983,     1, NJD , NHL , C  , 38.0,  3.0,   5.0,   8.0,  16.0, -15.0,  0.0,     ,  0.0,     ,  0.0, 0.0,  47.0,       ,      ,      ,        ,        ,        ,        ,        ,        ,        ,        ,      
antossh01, 1990,     1, VAN , NHL , L  ,  2.0,  0.0,   0.0,   0.0,   0.0, -2.0 ,  0.0,  0.0,  0.0,  0.0,  0.0, 0.0,   2.0,       ,      ,      ,        ,        ,        ,        ,        ,        ,        ,        ,      
antossh01, 1991,     1, VAN , NHL , L  ,  4.0,  0.0,   0.0,   0.0,  29.0, -1.0 ,  0.0,  0.0,  0.0,  0.0,  0.0, 0.0,   6.0,       ,      ,      ,        ,        ,        ,        ,        ,        ,        ,        ,      
antossh01, 1992,     1, VAN , NHL , L  ,  2.0,  0.0,   0.0,   0.0,   0.0, 0.0  ,  0.0,  0.0,  0.0,  0.0,  0.0, 0.0,   0.0,       ,      ,      ,        ,        ,        ,        ,        ,        ,        ,        ,      
antossh01, 1993,     1, VAN , NHL , L  , 55.0,  1.0,   2.0,   3.0, 190.0, -11.0,  0.0,  0.0,  0.0,  0.0,  1.0, 0.0,  25.0,   16.0,   0.0,   1.0,     1.0,    36.0, -3.0   ,     0.0,     0.0,     0.0,     0.0,     0.0,     4.0
antossh01, 1994,     1, VAN , NHL , L  ,  7.0,  0.0,   0.0,   0.0,  46.0, -4.0 ,  0.0,  0.0,  0.0,  0.0,  0.0, 0.0,   4.0,       ,      ,      ,        ,        ,        ,        ,        ,        ,        ,        ,      
antossh01, 1994,     2, PHI , NHL , L  , 25.0,  0.0,   0.0,   0.0,  61.0, 0.0  ,  0.0,  0.0,  0.0,  0.0,  0.0, 0.0,  12.0,   13.0,   0.0,   1.0,     1.0,    10.0, 1.0    ,     0.0,     0.0,     0.0,     0.0,     0.0,     3.0
antossh01, 1995,     1, PHI , NHL , L  , 64.0,  1.0,   3.0,   4.0, 204.0, -4.0 ,  0.0,  0.0,  0.0,  0.0,  0.0, 0.0,  34.0,    7.0,   1.0,   1.0,     2.0,    28.0, 3.0    ,     0.0,     0.0,     0.0,     0.0,     1.0,     3.0
antossh01, 1996,     1, PIT , NHL , L  , 13.0,  0.0,   0.0,   0.0,  49.0, 0.0  ,  0.0,  0.0,  0.0,  0.0,  0.0, 0.0,   3.0,       ,      ,      ,        ,        ,        ,        ,        ,        ,        ,        ,      
antossh01, 1996,     2, ANA , NHL , L  ,  2.0,  0.0,   0.0,   0.0,   2.0, 1.0  ,  0.0,  0.0,  0.0,  0.0,  0.0, 0.0,   0.0,       ,      ,      ,        ,        ,        ,        ,        ,        ,        ,        ,      
antossh01, 1997,     1, ANA , NHL , L  ,  9.0,  1.0,   0.0,   1.0,  18.0, 1.0  ,  0.0,  0.0,  0.0,  0.0,  0.0, 0.0,   6.0,       ,      ,      ,        ,        ,        ,        ,        ,        ,        ,        ,      
antroni01, 1999,     1, TOR , NHL , C  , 66.0, 12.0,  18.0,  30.0,  41.0, 14.0 ,  0.0,  2.0,  0.0,  0.0,  2.0, 0.0,  89.0,    3.0,   0.0,   0.0,     0.0,     4.0, 1.0    ,     0.0,     0.0,     0.0,     0.0,     0.0,     2.0
antroni01, 2000,     1, TOR , NHL , C  , 52.0,  6.0,  11.0,  17.0,  30.0, 5.0  ,  0.0,  3.0,  0.0,  0.0,  1.0, 0.0,  71.0,    9.0,   2.0,   1.0,     3.0,    12.0, 2.0    ,     1.0,     0.0,     0.0,     0.0,     1.0,    10.0
antroni01, 2001,     1, TOR , NHL , R  , 11.0,  1.0,   1.0,   2.0,   4.0, -1.0 ,  0.0,  0.0,  0.0,  0.0,  0.0, 0.0,  12.0,       ,      ,      ,        ,        ,        ,        ,        ,        ,        ,        ,      
antroni01, 2002,     1, TOR , NHL , R  , 72.0, 16.0,  29.0,  45.0, 124.0, 11.0 ,  2.0, 11.0,  1.0,  0.0,  6.0, 0.0, 102.0,    3.0,   0.0,   0.0,     0.0,     0.0, -3.0   ,     0.0,     0.0,     0.0,     0.0,     0.0,     5.0
antroni01, 2003,     1, TOR , NHL , C  , 62.0, 13.0,  18.0,  31.0,  62.0, 7.0  ,  1.0,  2.0,  1.0,  0.0,  2.0, 0.0,  89.0,   13.0,   0.0,   2.0,     2.0,    18.0, 1.0    ,     0.0,     0.0,     0.0,     0.0,     0.0,    18.0
antroni01, 2005,     1, TOR , NHL , R  , 57.0, 12.0,  19.0,  31.0,  56.0, 13.0 ,  2.0,  1.0,  1.0,  1.0,  0.0,    , 113.0,       ,      ,      ,        ,        ,        ,        ,        ,        ,        ,        ,      
antroni01, 2006,     1, TOR , NHL , C  , 54.0, 18.0,  15.0,  33.0,  44.0, 8.0  ,  4.0,  1.0,  0.0,  0.0,  4.0,    , 125.0,       ,      ,      ,        ,        ,        ,        ,        ,        ,        ,        ,      
antroni01, 2007,     1, TOR , NHL , C  , 72.0, 26.0,  30.0,  56.0,  92.0, 10.0 , 12.0,  4.0,  0.0,  1.0,  5.0,    , 165.0,       ,      ,      ,        ,        ,        ,        ,        ,        ,        ,        ,      
antroni01, 2008,     1, TOR , NHL , R  , 63.0, 21.0,  25.0,  46.0,  24.0, -13.0,  6.0,  6.0,  0.0,  0.0,  2.0,    , 171.0,       ,      ,      ,        ,        ,        ,        ,        ,        ,        ,        ,      
antroni01, 2008,     2, NYR , NHL , R  , 18.0,  7.0,   6.0,  13.0,   6.0, -1.0 ,  2.0,  3.0,  0.0,  1.0,  2.0,    ,  53.0,    7.0,   2.0,   1.0,     3.0,     6.0, -1.0   ,     1.0,     0.0,     0.0,     0.0,     0.0,    17.0
antroni01, 2009,     1, ATL , NHL , C  , 76.0, 24.0,  43.0,  67.0,  44.0, 13.0 ,  8.0, 13.0,  0.0,  0.0,  4.0,    , 126.0,       ,      ,      ,        ,        ,        ,        ,        ,        ,        ,        ,      
appssy01 , 1936,     1, TOR , NHL , C  , 48.0, 16.0,  29.0,  45.0,  10.0,      ,     ,     ,     ,     ,     ,    ,      ,    2.0,   0.0,   1.0,     1.0,     0.0,        ,        ,        ,        ,        ,        ,      
appssy01 , 1937,     1, TOR , NHL , C  , 47.0, 21.0,  29.0,  50.0,   9.0,      ,     ,     ,     ,     ,     ,    ,      ,    7.0,   1.0,   4.0,     5.0,     0.0,        ,        ,        ,        ,        ,        ,      
appssy01 , 1938,     1, TOR , NHL , C  , 44.0, 15.0,  25.0,  40.0,   4.0,      ,     ,     ,     ,     ,     ,    ,      ,   10.0,   2.0,   6.0,     8.0,     2.0,        ,        ,        ,        ,        ,        ,      
appssy01 , 1939,     1, TOR , NHL , C  , 27.0, 13.0,  17.0,  30.0,   5.0,      ,     ,     ,     ,     ,     ,    ,      ,   10.0,   5.0,   2.0,     7.0,     2.0,        ,        ,        ,        ,        ,        ,      
appssy01 , 1940,     1, TOR , NHL , C  , 41.0, 20.0,  24.0,  44.0,   6.0,      ,     ,     ,     ,     ,     ,    ,      ,    7.0,   3.0,   2.0,     5.0,     2.0,        ,        ,        ,        ,        ,        ,      
appssy01 , 1941,     1, TOR , NHL , C  , 38.0, 18.0,  23.0,  41.0,   0.0,      ,     ,     ,     ,     ,     ,    ,      ,   13.0,   5.0,   9.0,    14.0,     2.0,        ,        ,        ,        ,        ,        ,      
appssy01 , 1942,     1, TOR , NHL , C  , 29.0, 23.0,  17.0,  40.0,   2.0,      ,     ,     ,     ,     ,     ,    ,      ,       ,      ,      ,        ,        ,        ,        ,        ,        ,        ,        ,      
appssy01 , 1945,     1, TOR , NHL , C  , 40.0, 24.0,  16.0,  40.0,   2.0,      ,     ,     ,     ,     ,     ,    ,      ,       ,      ,      ,        ,        ,        ,        ,        ,        ,        ,        ,      
appssy01 , 1946,     1, TOR , NHL , C  , 54.0, 25.0,  24.0,  49.0,   6.0,      ,     ,     ,     ,     ,     ,    ,      ,   11.0,   5.0,   1.0,     6.0,     0.0,        ,        ,        ,        ,        ,        ,      
appssy01 , 1947,     1, TOR , NHL , C  , 55.0, 26.0,  27.0,  53.0,  12.0,      ,     ,     ,     ,     ,     ,    ,      ,    9.0,   4.0,   4.0,     8.0,     0.0,        ,        ,        ,        ,        ,        ,      
appssy02 , 1970,     1, NYR , NHL , C  , 31.0,  1.0,   2.0,   3.0,  11.0, 0.0  ,  0.0,     ,  0.0,     ,  0.0, 0.0,  25.0,       ,      ,      ,        ,        ,        ,        ,        ,        ,        ,        ,      
appssy02 , 1970,     2, PIT , NHL , C  , 31.0,  9.0,  16.0,  25.0,  21.0, 3.0  ,  4.0,     ,  0.0,     ,  1.0, 0.0,  75.0,       ,      ,      ,        ,        ,        ,        ,        ,        ,        ,        ,      
appssy02 , 1971,     1, PIT , NHL , C  , 72.0, 15.0,  44.0,  59.0,  78.0, 18.0 ,  3.0,     ,  1.0,     ,  1.0, 2.0, 164.0,    4.0,   1.0,   0.0,     1.0,     2.0,        ,     0.0,        ,     0.0,        ,     0.0,      
appssy02 , 1972,     1, PIT , NHL , C  , 77.0, 29.0,  56.0,  85.0,  18.0, 25.0 ,  6.0,     ,  2.0,     ,  4.0, 1.0, 186.0,       ,      ,      ,        ,        ,        ,        ,        ,        ,        ,        ,      
appssy02 , 1973,     1, PIT , NHL , C  , 75.0, 24.0,  61.0,  85.0,  37.0, 21.0 ,  7.0,     ,  4.0,     ,  2.0, 2.0, 177.0,       ,      ,      ,        ,        ,        ,        ,        ,        ,        ,        ,      
appssy02 , 1974,     1, PIT , NHL , C  , 79.0, 24.0,  55.0,  79.0,  43.0, 8.0  ,  4.0,     ,  1.0,     ,  6.0, 0.0, 181.0,    9.0,   2.0,   3.0,     5.0,     9.0,        ,     1.0,        ,     0.0,        ,     1.0,      
appssy02 , 1975,     1, PIT , NHL , C  , 80.0, 32.0,  67.0,  99.0,  24.0, 17.0 ,  7.0,     ,  1.0,     ,  4.0, 3.0, 210.0,    3.0,   0.0,   1.0,     1.0,     0.0,        ,     0.0,        ,     0.0,        ,     0.0,      
appssy02 , 1976,     1, PIT , NHL , C  , 72.0, 18.0,  43.0,  61.0,  20.0, 2.0  ,  3.0,     ,  2.0,     ,  2.0, 2.0, 164.0,    3.0,   1.0,   0.0,     1.0,    12.0,        ,     1.0,        ,     0.0,        ,     0.0,      
appssy02 , 1977,     1, PIT , NHL , C  ,  9.0,  0.0,   7.0,   7.0,   0.0, 0.0  ,  0.0,     ,  0.0,     ,  0.0, 0.0,  11.0,       ,      ,      ,        ,        ,        ,        ,        ,        ,        ,        ,      
appssy02 , 1977,     2, LAK , NHL , C  , 70.0, 19.0,  26.0,  45.0,  18.0, -11.0,  4.0,     ,  0.0,     ,  1.0, 2.0, 131.0,    2.0,   0.0,   1.0,     1.0,     0.0,        ,     0.0,        ,     0.0,        ,     0.0,      
appssy02 , 1978,     1, LAK , NHL , C  , 80.0,  7.0,  30.0,  37.0,  29.0, -25.0,  0.0,     ,  0.0,     ,  1.0, 0.0, 128.0,    2.0,   1.0,   0.0,     1.0,     0.0,        ,     1.0,        ,     0.0,        ,     0.0,      
appssy02 , 1979,     1, LAK , NHL , C  , 51.0,  5.0,  16.0,  21.0,  12.0, -17.0,  1.0,     ,  0.0,     ,  0.0, 0.0,  53.0,       ,      ,      ,        ,        ,        ,        ,        ,        ,        ,        ,      
arboual01, 1953,     1, DET , NHL , D  , 36.0,  0.0,   1.0,   1.0,  18.0,      ,     ,     ,     ,     ,     ,    ,      ,       ,      ,      ,        ,        ,        ,        ,        ,        ,        ,        ,      
arboual01, 1955,     1, DET , NHL , D  ,     ,     ,      ,      ,      ,      ,     ,     ,     ,     ,     ,    ,      ,    4.0,   0.0,   1.0,     1.0,     0.0,        ,        ,        ,        ,        ,        ,      
arboual01, 1956,     1, DET , NHL , D  , 44.0,  1.0,   6.0,   7.0,  38.0,      ,     ,     ,     ,     ,     ,    ,      ,    5.0,   0.0,   0.0,     0.0,     6.0,        ,        ,        ,        ,        ,        ,      
arboual01, 1957,     1, DET , NHL , D  , 69.0,  1.0,   6.0,   7.0, 104.0,      ,     ,     ,     ,     ,     ,    ,      ,    4.0,   0.0,   1.0,     1.0,     4.0,        ,        ,        ,        ,        ,        ,      
arboual01, 1958,     1, CHI , NHL , D  , 70.0,  2.0,  10.0,  12.0,  86.0,      ,     ,     ,     ,     ,     ,    ,      ,    6.0,   1.0,   2.0,     3.0,    26.0,        ,        ,        ,        ,        ,        ,      
arboual01, 1959,     1, CHI , NHL , D  , 57.0,  1.0,   5.0,   6.0,  66.0,      ,     ,     ,     ,     ,     ,    ,      ,    4.0,   0.0,   0.0,     0.0,     4.0,        ,        ,        ,        ,        ,        ,      
arboual01, 1960,     1, CHI , NHL , D  , 53.0,  3.0,   2.0,   5.0,  40.0,      ,     ,     ,     ,     ,     ,    ,      ,    7.0,   0.0,   0.0,     0.0,     2.0,        ,        ,        ,        ,        ,     0.0,      
arboual01, 1961,     1, TOR , NHL , D  , 52.0,  1.0,   5.0,   6.0,  68.0,      ,     ,     ,     ,     ,     ,    ,      ,    8.0,   0.0,   0.0,     0.0,     6.0,        ,        ,        ,        ,        ,     0.0,      
arboual01, 1962,     1, TOR , NHL , D  ,  4.0,  1.0,   0.0,   1.0,   4.0,      ,     ,     ,     ,     ,     ,    ,      ,       ,      ,      ,        ,        ,        ,        ,        ,        ,        ,        ,      
arboual01, 1963,     1, TOR , NHL , D  ,  6.0,  0.0,   1.0,   1.0,   0.0,      ,  0.0,     ,  0.0,     ,  0.0, 0.0,      ,    1.0,   0.0,   0.0,     0.0,     0.0,        ,        ,        ,        ,        ,     0.0,      
arboual01, 1964,     1, TOR , NHL , D  ,     ,     ,      ,      ,      ,      ,     ,     ,     ,     ,     ,    ,      ,    1.0,   0.0,   0.0,     0.0,     2.0,        ,        ,        ,        ,        ,     0.0,      
arboual01, 1965,     1, TOR , NHL , D  ,  4.0,  0.0,   1.0,   1.0,   2.0,      ,  0.0,     ,  0.0,     ,  0.0, 0.0,      ,       ,      ,      ,        ,        ,        ,        ,        ,        ,        ,        ,      
arboual01, 1967,     1, STL , NHL , D  , 74.0,  1.0,  10.0,  11.0,  50.0, -6.0 ,  1.0,     ,  0.0,     ,  0.0, 0.0,  39.0,   14.0,   0.0,   3.0,     3.0,    10.0,        ,     0.0,        ,     0.0,        ,     0.0,      
arboual01, 1968,     1, STL , NHL , D  , 67.0,  1.0,   6.0,   7.0,  50.0, 20.0 ,  0.0,     ,  0.0,     ,  1.0, 0.0,  25.0,   12.0,   0.0,   0.0,     0.0,    10.0,        ,     0.0,        ,     0.0,        ,     0.0,      
arboual01, 1969,     1, STL , NHL , D  , 68.0,  0.0,   3.0,   3.0,  85.0, 7.0  ,  0.0,     ,  0.0,     ,  0.0, 0.0,  30.0,   14.0,   0.0,   1.0,     1.0,    16.0,        ,     0.0,        ,     0.0,        ,     0.0,      
arboual01, 1970,     1, STL , NHL , D  , 22.0,  0.0,   2.0,   2.0,   6.0, 6.0  ,  0.0,     ,  0.0,     ,  0.0, 0.0,   3.0,    6.0,   0.0,   0.0,     0.0,     6.0,        ,     0.0,        ,     0.0,        ,     0.0,      
arbouam01, 1915,     1, MOC , NHA ,    , 20.0,  5.0,   0.0,   5.0,   6.0,      ,     ,     ,     ,     ,     ,    ,      ,       ,      ,      ,        ,        ,        ,        ,        ,        ,        ,        ,      
arbouam01, 1916,     1, TOB , NHA ,    , 10.0, 13.0,   2.0,  15.0,   6.0,      ,     ,     ,     ,     ,     ,    ,      ,       ,      ,      ,        ,        ,        ,        ,        ,        ,        ,        ,      
arbouam01, 1918,     1, MTL , NHL , L  ,  1.0,  0.0,   0.0,   0.0,   0.0,      ,     ,     ,     ,     ,     ,    ,      ,       ,      ,      ,        ,        ,        ,        ,        ,        ,        ,        ,      
arbouam01, 1919,     1, MTL , NHL , L  , 22.0, 21.0,   5.0,  26.0,  13.0,      ,     ,     ,     ,     ,     ,    ,      ,       ,      ,      ,        ,        ,        ,        ,        ,        ,        ,        ,      
arbouam01, 1920,     1, MTL , NHL , L  , 23.0, 15.0,   3.0,  18.0,  40.0,      ,     ,     ,     ,     ,     ,    ,      ,       ,      ,      ,        ,        ,        ,        ,        ,        ,        ,        ,      
arbouam01, 1921,     1, HAM , NHL , F  , 23.0,  9.0,   6.0,  15.0,   8.0,      ,     ,     ,     ,     ,     ,    ,      ,       ,      ,      ,        ,        ,        ,        ,        ,        ,        ,        ,      
arbouam01, 1922,     1, HAM , NHL , F  , 23.0,  6.0,   3.0,   9.0,  12.0,      ,     ,     ,     ,     ,     ,    ,      ,       ,      ,      ,        ,        ,        ,        ,        ,        ,        ,        ,      
arbouam01, 1923,     1, TRS , NHL , F  , 21.0,  1.0,   3.0,   4.0,   4.0,      ,     ,     ,     ,     ,     ,    ,      ,       ,      ,      ,        ,        ,        ,        ,        ,        ,        ,        ,      
arbouja01, 1921,     1, CAT , WCHL, D  , 14.0,  2.0,   2.0,   4.0,   8.0,      ,     ,     ,     ,     ,     ,    ,      ,       ,      ,      ,        ,        ,        ,        ,        ,        ,        ,        ,      
arbouja01, 1922,     1, CAT , WCHL, D  ,  5.0,  0.0,   1.0,   1.0,   2.0,      ,     ,     ,     ,     ,     ,    ,      ,       ,      ,      ,        ,        ,        ,        ,        ,        ,        ,        ,      
arbouja01, 1923,     1, SEA , PCHA, D  , 28.0,  3.0,   2.0,   5.0,  18.0,      ,     ,     ,     ,     ,     ,    ,      ,    2.0,   1.0,   0.0,     1.0,     2.0,        ,        ,        ,        ,        ,        ,      
arbouja01, 1924,     1, CAT , WCHL, D  ,  3.0,  0.0,   0.0,   0.0,   0.0,      ,     ,     ,     ,     ,     ,    ,      ,       ,      ,      ,        ,        ,        ,        ,        ,        ,        ,        ,      
arbouja01, 1926,     1, DTC , NHL , D  , 37.0,  4.0,   1.0,   5.0,  46.0,      ,     ,     ,     ,     ,     ,    ,      ,       ,      ,      ,        ,        ,        ,        ,        ,        ,        ,        ,      
arbouja01, 1928,     1, TOR , NHL , D  , 10.0,  1.0,   0.0,   1.0,  10.0,      ,     ,     ,     ,     ,     ,    ,      ,       ,      ,      ,        ,        ,        ,        ,        ,        ,        ,        ,      
arboujo01, 1965,     1, BOS , NHL , D  ,  2.0,  0.0,   0.0,   0.0,   0.0,      ,  0.0,     ,  0.0,     ,  0.0, 0.0,      ,       ,      ,      ,        ,        ,        ,        ,        ,        ,        ,        ,      
arboujo01, 1967,     1, BOS , NHL , D  ,  4.0,  0.0,   1.0,   1.0,  11.0, 1.0  ,  0.0,     ,  0.0,     ,  0.0, 0.0,   3.0,       ,      ,      ,        ,        ,        ,        ,        ,        ,        ,        ,      
arboujo01, 1968,     1, PIT , NHL , D  , 17.0,  0.0,   2.0,   2.0,  35.0, -14.0,  0.0,     ,  0.0,     ,  0.0, 0.0,  19.0,       ,      ,      ,        ,        ,        ,        ,        ,        ,        ,        ,      
arboujo01, 1970,     1, VAN , NHL , D  , 13.0,  0.0,   0.0,   0.0,  12.0, -4.0 ,  0.0,     ,  0.0,     ,  0.0, 0.0,   9.0,       ,      ,      ,        ,        ,        ,        ,        ,        ,        ,        ,      
arboujo01, 1970,     2, STL , NHL , D  , 53.0,  1.0,   6.0,   7.0,  81.0, 1.0  ,  0.0,     ,  0.0,     ,  0.0, 0.0,  57.0,    5.0,   0.0,   0.0,     0.0,     0.0,        ,     0.0,        ,     0.0,        ,     0.0,      
arboujo01, 1971,     1, STL , NHL , D  , 17.0,  0.0,   0.0,   0.0,  10.0, -4.0 ,  0.0,     ,  0.0,     ,  0.0, 0.0,  14.0,       ,      ,      ,        ,        ,        ,        ,        ,        ,        ,        ,      
arboujo01, 1972,     1, MFS , WHA , D  , 76.0,  6.0,  27.0,  33.0, 186.0,      ,  1.0,     ,  0.0,     ,     ,    ,      ,    5.0,   0.0,   1.0,     1.0,    12.0,        ,     0.0,        ,     0.0,        ,     0.0,      
arboujo01, 1973,     1, MFS , WHA , D  , 77.0,  6.0,  43.0,  49.0, 192.0,      ,  0.0,     ,  0.0,     ,  1.0,    ,      ,   11.0,   3.0,   6.0,     9.0,    27.0,        ,        ,        ,        ,        ,     1.0,      
arboujo01, 1974,     1, MFS , WHA , D  , 70.0, 12.0,  43.0,  55.0,  67.0, -1.0 ,  4.0,     ,  0.0,     ,  1.0,    , 220.0,   12.0,   0.0,   6.0,     6.0,    23.0,        ,     0.0,        ,     0.0,        ,     0.0,      
arboujo01, 1975,     1, DOT , WHA , D  , 35.0,  2.0,  13.0,  15.0,  49.0, -14.0,     ,     ,     ,     ,     ,    ,  62.0,       ,      ,      ,        ,        ,        ,        ,        ,        ,        ,        ,      
arboujo01, 1975,     2, MFS , WHA , D  ,  7.0,  0.0,   4.0,   4.0,  14.0, 4.0  ,  0.0,     ,  0.0,     ,  0.0,    ,  15.0,       ,      ,      ,        ,        ,        ,        ,        ,        ,        ,        ,      
arboujo01, 1976,     1, MF2 , WHA , D  , 33.0,  3.0,  19.0,  22.0,  22.0, 14.0 ,  0.0,     ,  0.0,     ,     ,    ,  89.0,       ,      ,      ,        ,        ,        ,        ,        ,        ,        ,        ,      
arboujo01, 1976,     2, CAC , WHA , D  , 37.0,  1.0,  15.0,  16.0,  38.0, -26.0,  1.0,     ,  0.0,     ,     ,    ,  69.0,       ,      ,      ,        ,        ,        ,        ,        ,        ,        ,        ,      
arbouty01, 1921,     1, EDE , WCHL, L  , 24.0, 26.0,   7.0,  33.0,  22.0,      ,     ,     ,     ,     ,     ,    ,      ,    2.0,   0.0,   0.0,     0.0,     2.0,        ,        ,        ,        ,        ,        ,      
arbouty01, 1922,     1, EDE , WCHL, L  , 30.0, 18.0,   9.0,  27.0,  10.0,      ,     ,     ,     ,     ,     ,    ,      ,    2.0,   0.0,   1.0,     1.0,     0.0,        ,        ,        ,        ,        ,        ,      
arbouty01, 1923,     1, EDE , WCHL, L  , 30.0, 13.0,   5.0,  18.0,  12.0,      ,     ,     ,     ,     ,     ,    ,      ,       ,      ,      ,        ,        ,        ,        ,        ,        ,        ,        ,      
arbouty01, 1924,     1, VMR , WCHL, L  , 27.0, 15.0,   5.0,  20.0,  12.0,      ,     ,     ,     ,     ,     ,    ,      ,       ,      ,      ,        ,        ,        ,        ,        ,        ,        ,        ,      
arbouty01, 1925,     1, VMR , WCHL, L  , 30.0, 10.0,   6.0,  16.0,   4.0,      ,     ,     ,     ,     ,     ,    ,      ,       ,      ,      ,        ,        ,        ,        ,        ,        ,        ,        ,      
arbouty01, 1926,     1, PIP , NHL , L  , 41.0,  7.0,   8.0,  15.0,  10.0,      ,     ,     ,     ,     ,     ,    ,      ,       ,      ,      ,        ,        ,        ,        ,        ,        ,        ,        ,      
arbouty01, 1927,     1, PIP , NHL , L  ,  7.0,  0.0,   0.0,   0.0,   0.0,      ,     ,     ,     ,     ,     ,    ,      ,       ,      ,      ,        ,        ,        ,        ,        ,        ,        ,        ,      
arbouty01, 1927,     2, CHI , NHL , L  , 32.0,  5.0,   5.0,  10.0,  32.0,      ,     ,     ,     ,     ,     ,    ,      ,       ,      ,      ,        ,        ,        ,        ,        ,        ,        ,        ,      
arbouty01, 1928,     1, CHI , NHL , L  , 44.0,  3.0,   4.0,   7.0,  32.0,      ,     ,     ,     ,     ,     ,    ,      ,       ,      ,      ,        ,        ,        ,        ,        ,        ,        ,        ,      
arbouty01, 1929,     1, CHI , NHL , L  , 42.0, 10.0,   8.0,  18.0,  26.0,      ,     ,     ,     ,     ,     ,    ,      ,    2.0,   1.0,   0.0,     1.0,     0.0,        ,        ,        ,        ,        ,        ,      
arbouty01, 1930,     1, CHI , NHL , L  , 41.0,  3.0,   3.0,   6.0,  12.0,      ,     ,     ,     ,     ,     ,    ,      ,    9.0,   1.0,   0.0,     1.0,     6.0,        ,        ,        ,        ,        ,        ,      
archami01, 1972,     1, QUN , WHA , L  , 57.0, 12.0,  25.0,  37.0,  36.0,      ,  3.0,     ,  0.0,     ,     ,    ,      ,       ,      ,      ,        ,        ,        ,        ,        ,        ,        ,        ,      
archami01, 1976,     1, CHI , NHL , L  ,  3.0,  0.0,   0.0,   0.0,   0.0, -3.0 ,  0.0,     ,  0.0,     ,  0.0, 0.0,   1.0,       ,      ,      ,        ,        ,        ,        ,        ,        ,        ,        ,      
archayv01, 1972,     1, PHB , WHA , G  ,  6.0,  0.0,   1.0,   1.0,   0.0,      ,  0.0,     ,  0.0,     ,     ,    ,      ,    3.0,   0.0,   0.0,     0.0,     0.0,        ,     0.0,        ,     0.0,        ,     0.0,      
archayv01, 1973,     1, VAB , WHA , G  ,  5.0,  0.0,   0.0,   0.0,   0.0,      ,  0.0,     ,  0.0,     ,  0.0,    ,      ,       ,      ,      ,        ,        ,        ,        ,        ,        ,        ,        ,      
archida01, 1987,     1, MNS , NHL , C  , 78.0, 13.0,  20.0,  33.0,  26.0, -17.0,  3.0,  6.0,  0.0,  0.0,  2.0, 0.0,  96.0,       ,      ,      ,        ,        ,        ,        ,        ,        ,        ,        ,      
archida01, 1988,     1, MNS , NHL , C  , 72.0, 14.0,  19.0,  33.0,  14.0, -11.0,  7.0,  6.0,  0.0,  0.0,  2.0, 0.0, 105.0,    5.0,   0.0,   1.0,     1.0,     0.0, -5.0   ,     0.0,     0.0,     0.0,     0.0,     0.0,     9.0
archida01, 1989,     1, MNS , NHL , C  , 12.0,  1.0,   5.0,   6.0,   6.0, 1.0  ,  1.0,     ,  0.0,  0.0,  1.0, 0.0,  26.0,       ,      ,      ,        ,        ,        ,        ,        ,        ,        ,        ,      
archida01, 1989,     2, NYR , NHL , C  , 19.0,  2.0,   3.0,   5.0,   6.0, 0.0  ,  1.0,     ,  0.0,  0.0,  0.0, 0.0,  30.0,       ,      ,      ,        ,        ,        ,        ,        ,        ,        ,        ,      
archida01, 1992,     1, OTT , NHL , R  , 44.0,  9.0,   6.0,  15.0,  32.0, -16.0,  6.0,  0.0,  0.0,  0.0,  0.0, 0.0,  93.0,       ,      ,      ,        ,        ,        ,        ,        ,        ,        ,        ,      
archida01, 1993,     1, OTT , NHL , R  , 33.0, 10.0,   8.0,  18.0,  14.0, -7.0 ,  2.0,  2.0,  0.0,  0.0,  1.0, 0.0,  65.0,       ,      ,      ,        ,        ,        ,        ,        ,        ,        ,        ,      
archida01, 1994,     1, OTT , NHL , C  , 14.0,  2.0,   2.0,   4.0,  19.0, -7.0 ,  0.0,  0.0,  0.0,  0.0,  1.0, 0.0,  27.0,       ,      ,      ,        ,        ,        ,        ,        ,        ,        ,        ,      
archida01, 1995,     1, OTT , NHL , C  , 44.0,  6.0,   4.0,  10.0,  18.0, -14.0,  0.0,  2.0,  0.0,  0.0,  1.0, 0.0,  56.0,       ,      ,      ,        ,        ,        ,        ,        ,        ,        ,        ,      
archida01, 1996,     1, NYI , NHL , C  ,  7.0,  0.0,   0.0,   0.0,   4.0, -4.0 ,  0.0,  0.0,  0.0,  0.0,  0.0, 0.0,   4.0,       ,      ,      ,        ,        ,        ,        ,        ,        ,        ,        ,      
archiji01, 1984,     1, MNS , NHL , R  ,  4.0,  1.0,   2.0,   3.0,  11.0, 0.0  ,  0.0,     ,  0.0,     ,  0.0, 0.0,  12.0,       ,      ,      ,        ,        ,        ,        ,        ,        ,        ,        ,      
archiji01, 1985,     1, MNS , NHL , R  , 11.0,  0.0,   0.0,   0.0,  32.0, -3.0 ,  0.0,     ,  0.0,     ,  0.0, 0.0,   7.0,       ,      ,      ,        ,        ,        ,        ,        ,        ,        ,        ,      
archiji01, 1986,     1, MNS , NHL , R  ,  1.0,  0.0,   0.0,   0.0,   2.0, -1.0 ,  0.0,     ,  0.0,     ,  0.0, 0.0,   1.0,       ,      ,      ,        ,        ,        ,        ,        ,        ,        ,        ,      
areshro01, 1979,     1, EDM , NHL , C  ,  4.0,  0.0,   0.0,   0.0,   0.0, -4.0 ,  0.0,     ,  0.0,     ,  0.0, 0.0,   3.0,       ,      ,      ,        ,        ,        ,        ,        ,        ,        ,        ,      
arkhide01, 2000,     1, NAS , NHL , C  , 40.0,  6.0,   7.0,  13.0,   4.0, 0.0  ,  0.0,  1.0,  0.0,  0.0,  0.0, 0.0,  42.0,       ,      ,      ,        ,        ,        ,        ,        ,        ,        ,        ,      
arkhide01, 2001,     1, NAS , NHL , C  , 82.0, 20.0,  22.0,  42.0,  16.0, -18.0,  7.0,  6.0,  0.0,  0.0,  6.0, 1.0, 118.0,       ,      ,      ,        ,        ,        ,        ,        ,        ,        ,        ,      
arkhide01, 2002,     1, NAS , NHL , C  , 79.0, 11.0,  24.0,  35.0,  32.0, -18.0,  3.0, 11.0,  0.0,  0.0,  1.0, 1.0, 148.0,       ,      ,      ,        ,        ,        ,        ,        ,        ,        ,        ,      
arkhide01, 2003,     1, NAS , NHL , C  , 72.0,  9.0,  12.0,  21.0,  22.0, -2.0 ,  3.0,  3.0,  0.0,  0.0,  3.0, 0.0,  91.0,       ,      ,      ,        ,        ,        ,        ,        ,        ,        ,        ,      
arkhide01, 2006,     1, CHI , NHL , C  , 79.0, 10.0,  17.0,  27.0,  54.0, -13.0,  2.0,  4.0,  1.0,  4.0,  1.0,    , 112.0,       ,      ,      ,        ,        ,        ,        ,        ,        ,        ,        ,      
armstbi01, 1990,     1, PHI , NHL , C  ,  1.0,  0.0,   1.0,   1.0,   0.0, 1.0  ,  0.0,  0.0,  0.0,  0.0,  0.0, 0.0,   1.0,       ,      ,      ,        ,        ,        ,        ,        ,        ,        ,        ,      
armstbo01, 1950,     1, BOS , NHL , D  ,  2.0,  0.0,   0.0,   0.0,   2.0,      ,     ,     ,     ,     ,     ,    ,      ,       ,      ,      ,        ,        ,        ,        ,        ,        ,        ,        ,      
armstbo01, 1951,     1, BOS , NHL , D  ,     ,     ,      ,      ,      ,      ,     ,     ,     ,     ,     ,    ,      ,    5.0,   0.0,   0.0,     0.0,     2.0,        ,        ,        ,        ,        ,        ,      
armstbo01, 1952,     1, BOS , NHL , D  , 55.0,  0.0,   8.0,   8.0,  45.0,      ,     ,     ,     ,     ,     ,    ,      ,   11.0,   1.0,   1.0,     2.0,    10.0,        ,        ,        ,        ,        ,        ,      
armstbo01, 1953,     1, BOS , NHL , D  , 64.0,  2.0,  10.0,  12.0,  81.0,      ,     ,     ,     ,     ,     ,    ,      ,    4.0,   0.0,   1.0,     1.0,     0.0,        ,        ,        ,        ,        ,        ,      
armstbo01, 1954,     1, BOS , NHL , D  , 57.0,  1.0,   3.0,   4.0,  38.0,      ,     ,     ,     ,     ,     ,    ,      ,    5.0,   0.0,   0.0,     0.0,     2.0,        ,        ,        ,        ,        ,        ,      
armstbo01, 1955,     1, BOS , NHL , D  , 68.0,  0.0,  12.0,  12.0, 122.0,      ,     ,     ,     ,     ,     ,    ,      ,       ,      ,      ,        ,        ,        ,        ,        ,        ,        ,        ,      
armstbo01, 1956,     1, BOS , NHL , D  , 57.0,  1.0,  15.0,  16.0,  79.0,      ,     ,     ,     ,     ,     ,    ,      ,   10.0,   0.0,   3.0,     3.0,    10.0,        ,        ,        ,        ,        ,        ,      
armstbo01, 1957,     1, BOS , NHL , D  , 47.0,  1.0,   4.0,   5.0,  66.0,      ,     ,     ,     ,     ,     ,    ,      ,       ,      ,      ,        ,        ,        ,        ,        ,        ,        ,        ,      
armstbo01, 1958,     1, BOS , NHL , D  , 60.0,  1.0,   9.0,  10.0,  50.0,      ,     ,     ,     ,     ,     ,    ,      ,    7.0,   0.0,   2.0,     2.0,     4.0,        ,        ,        ,        ,        ,        ,      
armstbo01, 1959,     1, BOS , NHL , D  , 69.0,  5.0,  14.0,  19.0,  96.0,      ,     ,     ,     ,     ,     ,    ,      ,       ,      ,      ,        ,        ,        ,        ,        ,        ,        ,        ,      
armstbo01, 1960,     1, BOS , NHL , D  , 54.0,  0.0,  10.0,  10.0,  72.0,      ,     ,     ,     ,     ,     ,    ,      ,       ,      ,      ,        ,        ,        ,        ,        ,        ,        ,        ,      
armstbo01, 1961,     1, BOS , NHL , D  ,  9.0,  2.0,   1.0,   3.0,  20.0,      ,     ,     ,     ,     ,     ,    ,      ,       ,      ,      ,        ,        ,        ,        ,        ,        ,        ,        ,      
armstch01, 2000,     1, MIN , NHL , D  ,  3.0,  0.0,   0.0,   0.0,   0.0, -3.0 ,  0.0,  0.0,  0.0,  0.0,  0.0, 0.0,   4.0,       ,      ,      ,        ,        ,        ,        ,        ,        ,        ,        ,      
armstch01, 2003,     1, ANA , NHL , D  ,  4.0,  0.0,   1.0,   1.0,   0.0, -1.0 ,  0.0,  0.0,  0.0,  0.0,  0.0, 0.0,   8.0,       ,      ,      ,        ,        ,        ,        ,        ,        ,        ,        ,      
armstco01, 2005,     1, PIT , NHL , R  , 47.0, 16.0,  24.0,  40.0,  58.0, 15.0 ,  7.0,  5.0,  2.0,  0.0,  3.0,    ,  86.0,       ,      ,      ,        ,        ,        ,        ,        ,        ,        ,        ,      
armstco01, 2006,     1, PIT , NHL , R  , 80.0, 12.0,  22.0,  34.0,  67.0, 2.0  ,  1.0,  3.0,  1.0,  2.0,  3.0,    , 145.0,    5.0,   0.0,   1.0,     1.0,    11.0, -2.0   ,     0.0,     0.0,     0.0,     0.0,     0.0,     6.0
armstco01, 2007,     1, PIT , NHL , R  , 54.0,  9.0,  15.0,  24.0,  50.0, 6.0  ,  0.0,  0.0,  0.0,  0.0,  2.0,    ,  84.0,       ,      ,      ,        ,        ,        ,        ,        ,        ,        ,        ,      
armstco01, 2007,     2, ATL , NHL , R  , 18.0,  4.0,   7.0,  11.0,   6.0, -2.0 ,  1.0,  1.0,  0.0,  1.0,  1.0,    ,  29.0,       ,      ,      ,        ,        ,        ,        ,        ,        ,        ,        ,      
armstco01, 2008,     1, ATL , NHL , R  , 82.0, 22.0,  18.0,  40.0,  75.0, 5.0  ,  3.0,  1.0,  0.0,  0.0,  2.0,    , 141.0,       ,      ,      ,        ,        ,        ,        ,        ,        ,        ,        ,      
armstco01, 2009,     1, ATL , NHL , R  , 79.0, 15.0,  14.0,  29.0,  61.0, 6.0  ,  0.0,  2.0,  1.0,  2.0,  1.0,    , 101.0,       ,      ,      ,        ,        ,        ,        ,        ,        ,        ,        ,      
armstde01, 1993,     1, NYI , NHL , C  ,  1.0,  0.0,   0.0,   0.0,   0.0, 0.0  ,  0.0,  0.0,  0.0,  0.0,  0.0, 0.0,   2.0,       ,      ,      ,        ,        ,        ,        ,        ,        ,        ,        ,      
armstde01, 1995,     1, NYI , NHL , C  , 19.0,  1.0,   3.0,   4.0,  14.0, -6.0 ,  0.0,  1.0,  0.0,  0.0,  0.0, 0.0,  23.0,       ,      ,      ,        ,        ,        ,        ,        ,        ,        ,        ,      
armstde01, 1996,     1, NYI , NHL , C  , 50.0,  6.0,   7.0,  13.0,  33.0, -8.0 ,  0.0,  1.0,  0.0,  0.0,  2.0, 0.0,  36.0,       ,      ,      ,        ,        ,        ,        ,        ,        ,        ,        ,      
armstde01, 1997,     1, OTT , NHL , C  ,  9.0,  2.0,   0.0,   2.0,   9.0, 1.0  ,  0.0,  0.0,  0.0,  0.0,  1.0, 0.0,   8.0,       ,      ,      ,        ,        ,        ,        ,        ,        ,        ,        ,      
armstde01, 1998,     1, NYR , NHL , C  ,  3.0,  0.0,   0.0,   0.0,   0.0, 0.0  ,  0.0,  0.0,  0.0,  0.0,  0.0, 0.0,   1.0,       ,      ,      ,        ,        ,        ,        ,        ,        ,        ,        ,      
armstde01, 1999,     1, NYR , NHL , C  ,  1.0,  0.0,   0.0,   0.0,   0.0, 0.0  ,  0.0,  0.0,  0.0,  0.0,  0.0, 0.0,   1.0,       ,      ,      ,        ,        ,        ,        ,        ,        ,        ,        ,      
armstde01, 2000,     1, NYR , NHL , C  ,  3.0,  0.0,   0.0,   0.0,   0.0, 0.0  ,  0.0,  0.0,  0.0,  0.0,  0.0, 0.0,   6.0,       ,      ,      ,        ,        ,        ,        ,        ,        ,        ,        ,      
armstde01, 2002,     1, LAK , NHL , C  , 66.0, 12.0,  26.0,  38.0,  30.0, 5.0  ,  2.0,  8.0,  0.0,  0.0,  1.0, 0.0, 106.0,       ,      ,      ,        ,        ,        ,        ,        ,        ,        ,        ,      
armstde01, 2003,     1, LAK , NHL , C  , 57.0, 14.0,  21.0,  35.0,  33.0, 4.0  ,  5.0,  5.0,  0.0,  0.0,  1.0, 1.0, 101.0,       ,      ,      ,        ,        ,        ,        ,        ,        ,        ,        ,      
armstde01, 2005,     1, LAK , NHL , C  , 62.0, 13.0,  28.0,  41.0,  46.0, -2.0 ,  7.0,  6.0,  0.0,  0.0,  1.0,    , 100.0,       ,      ,      ,        ,        ,        ,        ,        ,        ,        ,        ,      
armstde01, 2006,     1, LAK , NHL , C  , 67.0, 11.0,  33.0,  44.0,  62.0, 13.0 ,  3.0,  6.0,  0.0,  0.0,  0.0,    , 109.0,       ,      ,      ,        ,        ,        ,        ,        ,        ,        ,        ,      
armstde01, 2007,     1, LAK , NHL , C  , 77.0,  8.0,  27.0,  35.0,  63.0, 4.0  ,  1.0,  7.0,  0.0,  0.0,  2.0,    , 118.0,       ,      ,      ,        ,        ,        ,        ,        ,        ,        ,        ,      
armstde01, 2008,     1, LAK , NHL , C  , 56.0,  5.0,   4.0,   9.0,  63.0, -11.0,  1.0,  0.0,  0.0,  0.0,  1.0,    ,  42.0,       ,      ,      ,        ,        ,        ,        ,        ,        ,        ,        ,      
armstde01, 2009,     1, STL , NHL , C  ,  6.0,  0.0,   0.0,   0.0,   2.0, -2.0 ,  0.0,  0.0,  0.0,  0.0,  0.0,    ,   6.0,       ,      ,      ,        ,        ,        ,        ,        ,        ,        ,        ,      
armstge01, 1949,     1, TOR , NHL , R  ,  2.0,  0.0,   0.0,   0.0,   0.0,      ,     ,     ,     ,     ,     ,    ,      ,       ,      ,      ,        ,        ,        ,        ,        ,        ,        ,        ,      
armstge01, 1951,     1, TOR , NHL , R  , 20.0,  3.0,   3.0,   6.0,  30.0,      ,     ,     ,     ,     ,     ,    ,      ,    4.0,   0.0,   0.0,     0.0,     2.0,        ,        ,        ,        ,        ,        ,      
armstge01, 1952,     1, TOR , NHL , R  , 52.0, 14.0,  11.0,  25.0,  54.0,      ,     ,     ,     ,     ,     ,    ,      ,       ,      ,      ,        ,        ,        ,        ,        ,        ,        ,        ,      
armstge01, 1953,     1, TOR , NHL , R  , 63.0, 17.0,  15.0,  32.0,  60.0,      ,     ,     ,     ,     ,     ,    ,      ,    5.0,   1.0,   0.0,     1.0,     2.0,        ,        ,        ,        ,        ,        ,      
armstge01, 1954,     1, TOR , NHL , R  , 66.0, 10.0,  18.0,  28.0,  80.0,      ,     ,     ,     ,     ,     ,    ,      ,    4.0,   1.0,   0.0,     1.0,     4.0,        ,        ,        ,        ,        ,        ,      
armstge01, 1955,     1, TOR , NHL , R  , 67.0, 16.0,  32.0,  48.0,  97.0,      ,     ,     ,     ,     ,     ,    ,      ,    5.0,   4.0,   2.0,     6.0,     0.0,        ,        ,        ,        ,        ,        ,      
armstge01, 1956,     1, TOR , NHL , R  , 54.0, 18.0,  26.0,  44.0,  37.0,      ,     ,     ,     ,     ,     ,    ,      ,       ,      ,      ,        ,        ,        ,        ,        ,        ,        ,        ,      
armstge01, 1957,     1, TOR , NHL , R  , 59.0, 17.0,  25.0,  42.0,  93.0,      ,     ,     ,     ,     ,     ,    ,      ,       ,      ,      ,        ,        ,        ,        ,        ,        ,        ,        ,      
armstge01, 1958,     1, TOR , NHL , R  , 59.0, 20.0,  16.0,  36.0,  37.0,      ,     ,     ,     ,     ,     ,    ,      ,   12.0,   0.0,   4.0,     4.0,    10.0,        ,        ,        ,        ,        ,        ,      
armstge01, 1959,     1, TOR , NHL , R  , 70.0, 23.0,  28.0,  51.0,  60.0,      ,     ,     ,     ,     ,     ,    ,      ,   10.0,   1.0,   4.0,     5.0,     4.0,        ,        ,        ,        ,        ,        ,      
armstge01, 1960,     1, TOR , NHL , C  , 47.0, 14.0,  19.0,  33.0,  21.0,      ,     ,     ,     ,     ,     ,    ,      ,    5.0,   1.0,   1.0,     2.0,     0.0,        ,        ,        ,        ,        ,     1.0,      
armstge01, 1961,     1, TOR , NHL , C  , 70.0, 21.0,  32.0,  53.0,  27.0,      ,     ,     ,     ,     ,     ,    ,      ,   12.0,   7.0,   5.0,    12.0,     2.0,        ,        ,        ,        ,        ,     1.0,      
armstge01, 1962,     1, TOR , NHL , C  , 70.0, 19.0,  24.0,  43.0,  27.0,      ,     ,     ,     ,     ,     ,    ,      ,   10.0,   3.0,   6.0,     9.0,     4.0,        ,        ,        ,        ,        ,     0.0,      
armstge01, 1963,     1, TOR , NHL , R  , 66.0, 20.0,  17.0,  37.0,  14.0,      ,  7.0,     ,  0.0,     ,  3.0, 1.0,      ,   14.0,   5.0,   8.0,    13.0,    10.0,        ,        ,        ,        ,        ,     0.0,      
armstge01, 1964,     1, TOR , NHL , R  , 59.0, 15.0,  22.0,  37.0,  14.0,      ,  3.0,     ,  0.0,     ,  3.0, 2.0,      ,    6.0,   1.0,   0.0,     1.0,     4.0,        ,        ,        ,        ,        ,     1.0,      
armstge01, 1965,     1, TOR , NHL , R  , 70.0, 16.0,  35.0,  51.0,  12.0,      ,  3.0,     ,  2.0,     ,  3.0, 3.0,      ,    4.0,   0.0,   1.0,     1.0,     4.0,        ,        ,        ,        ,        ,     0.0,      
armstge01, 1966,     1, TOR , NHL , R  , 70.0,  9.0,  24.0,  33.0,  26.0,      ,  3.0,     ,  0.0,     ,  3.0, 0.0,      ,    9.0,   2.0,   1.0,     3.0,     6.0,        ,        ,        ,        ,        ,     0.0,      
armstge01, 1967,     1, TOR , NHL , R  , 62.0, 13.0,  21.0,  34.0,   4.0, 8.0  ,  2.0,     ,  0.0,     ,  2.0, 1.0, 125.0,       ,      ,      ,        ,        ,        ,        ,        ,        ,        ,        ,      
armstge01, 1968,     1, TOR , NHL , R  , 53.0, 11.0,  16.0,  27.0,  10.0, -9.0 ,  1.0,     ,  1.0,     ,  1.0, 0.0, 103.0,    4.0,   0.0,   0.0,     0.0,     0.0,        ,     0.0,        ,     0.0,        ,     0.0,      
armstge01, 1969,     1, TOR , NHL , R  , 49.0, 13.0,  15.0,  28.0,  12.0, 9.0  ,  2.0,     ,  0.0,     ,  3.0, 0.0,  93.0,       ,      ,      ,        ,        ,        ,        ,        ,        ,        ,        ,      
armstge01, 1970,     1, TOR , NHL , R  , 59.0,  7.0,  18.0,  25.0,   6.0, 7.0  ,  0.0,     ,  0.0,     ,  1.0, 0.0,  93.0,    6.0,   0.0,   2.0,     2.0,     0.0,        ,     0.0,        ,     0.0,        ,     0.0,      
armstmu01, 1937,     1, TOR , NHL , C  ,  9.0,  0.0,   0.0,   0.0,   0.0,      ,     ,     ,     ,     ,     ,    ,      ,    3.0,   0.0,   0.0,     0.0,     0.0,        ,        ,        ,        ,        ,        ,      
armstmu01, 1938,     1, TOR , NHL , C  ,  3.0,  0.0,   1.0,   1.0,   0.0,      ,     ,     ,     ,     ,     ,    ,      ,       ,      ,      ,        ,        ,        ,        ,        ,        ,        ,        ,      
armstmu01, 1939,     1, NYA , NHL , C  , 47.0, 16.0,  20.0,  36.0,  12.0,      ,     ,     ,     ,     ,     ,    ,      ,    3.0,   0.0,   0.0,     0.0,     0.0,        ,        ,        ,        ,        ,        ,      
armstmu01, 1940,     1, NYA , NHL , C  , 48.0, 10.0,  14.0,  24.0,   6.0,      ,     ,     ,     ,     ,     ,    ,      ,       ,      ,      ,        ,        ,        ,        ,        ,        ,        ,        ,      
armstmu01, 1941,     1, BKN , NHL , C  , 45.0,  6.0,  22.0,  28.0,  15.0,      ,     ,     ,     ,     ,     ,    ,      ,       ,      ,      ,        ,        ,        ,        ,        ,        ,        ,        ,      
armstmu01, 1943,     1, DET , NHL , C  , 28.0, 12.0,  22.0,  34.0,   4.0,      ,     ,     ,     ,     ,     ,    ,      ,    5.0,   0.0,   2.0,     2.0,     0.0,        ,        ,        ,        ,        ,        ,      
armstmu01, 1944,     1, DET , NHL , C  , 50.0, 15.0,  24.0,  39.0,  31.0,      ,     ,     ,     ,     ,     ,    ,      ,   14.0,   4.0,   2.0,     6.0,     2.0,        ,        ,        ,        ,        ,        ,      
armstmu01, 1945,     1, DET , NHL , C  , 40.0,  8.0,  18.0,  26.0,   4.0,      ,     ,     ,     ,     ,     ,    ,      ,    5.0,   0.0,   2.0,     2.0,     0.0,        ,        ,        ,        ,        ,        ,      
armstno01, 1962,     1, TOR , NHL , D/L,  7.0,  1.0,   1.0,   2.0,   2.0,      ,     ,     ,     ,     ,     ,    ,      ,       ,      ,      ,        ,        ,        ,        ,        ,        ,        ,        ,      
armstri01, 2008,     1, SJS , NHL , R  ,  2.0,  0.0,   0.0,   0.0,   2.0, -1.0 ,  0.0,  0.0,  0.0,  0.0,  0.0,    ,   1.0,       ,      ,      ,        ,        ,        ,        ,        ,        ,        ,        ,      
armstti01, 1988,     1, TOR , NHL , C  , 11.0,  1.0,   0.0,   1.0,   6.0, -2.0 ,  0.0,  0.0,  0.0,  0.0,  0.0, 0.0,   5.0,       ,      ,      ,        ,        ,        ,        ,        ,        ,        ,        ,      
arnasch01, 1971,     1, MTL , NHL , R  , 17.0,  3.0,   0.0,   3.0,   4.0, -1.0 ,  0.0,     ,  0.0,     ,  0.0, 0.0,  12.0,       ,      ,      ,        ,        ,        ,        ,        ,        ,        ,        ,      
arnasch01, 1972,     1, MTL , NHL , R  , 19.0,  1.0,   1.0,   2.0,   2.0, -1.0 ,  1.0,     ,  0.0,     ,  0.0, 0.0,  18.0,       ,      ,      ,        ,        ,        ,        ,        ,        ,        ,        ,      
arnasch01, 1973,     1, ATF , NHL , R  , 33.0,  7.0,   6.0,  13.0,  13.0, 1.0  ,  0.0,     ,  0.0,     ,  1.0, 1.0,  62.0,       ,      ,      ,        ,        ,        ,        ,        ,        ,        ,        ,      
arnasch01, 1973,     2, PIT , NHL , R  , 41.0, 13.0,   5.0,  18.0,   4.0, -2.0 ,  0.0,     ,  0.0,     ,  2.0, 0.0, 121.0,       ,      ,      ,        ,        ,        ,        ,        ,        ,        ,        ,      
arnasch01, 1974,     1, PIT , NHL , R  , 78.0, 26.0,  32.0,  58.0,  32.0, 0.0  ,  7.0,     ,  0.0,     ,  3.0, 0.0, 214.0,    9.0,   2.0,   4.0,     6.0,     4.0,        ,     1.0,        ,     0.0,        ,     0.0,      
arnasch01, 1975,     1, PIT , NHL , R  , 30.0,  7.0,   3.0,  10.0,  14.0, -4.0 ,  0.0,     ,  0.0,     ,  2.0, 0.0,  69.0,       ,      ,      ,        ,        ,        ,        ,        ,        ,        ,        ,      
arnasch01, 1975,     2, KCS , NHL , R  , 39.0, 14.0,  10.0,  24.0,  21.0, -35.0,  5.0,     ,  0.0,     ,  0.0, 3.0, 122.0,       ,      ,      ,        ,        ,        ,        ,        ,        ,        ,        ,      
arnasch01, 1976,     1, COR , NHL , R  , 61.0, 13.0,  10.0,  23.0,  10.0, -23.0,  3.0,     ,  0.0,     ,  1.0, 0.0, 152.0,       ,      ,      ,        ,        ,        ,        ,        ,        ,        ,        ,      
arnasch01, 1977,     1, COR , NHL , R  , 29.0,  4.0,   8.0,  12.0,  10.0, -3.0 ,  2.0,     ,  0.0,     ,  0.0, 1.0,  50.0,       ,      ,      ,        ,        ,        ,        ,        ,        ,        ,        ,      
arnasch01, 1977,     2, CLE , NHL , R  , 40.0, 21.0,  13.0,  34.0,   8.0, -2.0 ,  5.0,     ,  0.0,     ,  2.0, 2.0, 110.0,       ,      ,      ,        ,        ,        ,        ,        ,        ,        ,        ,      
arnasch01, 1978,     1, MNS , NHL , R  ,  1.0,  0.0,   0.0,   0.0,   0.0, 0.0  ,  0.0,     ,  0.0,     ,  0.0, 0.0,   0.0,       ,      ,      ,        ,        ,        ,        ,        ,        ,        ,        ,      
arnasch01, 1978,     2, WAS , NHL , R  , 13.0,  0.0,   2.0,   2.0,   4.0, -1.0 ,  0.0,     ,  0.0,     ,  0.0, 0.0,  17.0,       ,      ,      ,        ,        ,        ,        ,        ,        ,        ,        ,      
arnasty01, 2001,     1, CHI , NHL , C  , 21.0,  3.0,   1.0,   4.0,   4.0, -3.0 ,  0.0,  0.0,  0.0,  0.0,  0.0, 0.0,  19.0,    3.0,   0.0,   0.0,     0.0,     0.0, -1.0   ,     0.0,     0.0,     0.0,     0.0,     0.0,     2.0
arnasty01, 2002,     1, CHI , NHL , C  , 82.0, 19.0,  20.0,  39.0,  20.0, 7.0  ,  3.0,  5.0,  0.0,  0.0,  6.0, 0.0, 178.0,       ,      ,      ,        ,        ,        ,        ,        ,        ,        ,        ,      
arnasty01, 2003,     1, CHI , NHL , C  , 82.0, 22.0,  33.0,  55.0,  16.0, -13.0,  6.0, 14.0,  0.0,  0.0,  2.0, 1.0, 222.0,       ,      ,      ,        ,        ,        ,        ,        ,        ,        ,        ,      
arnasty01, 2005,     1, CHI , NHL , C  , 60.0, 13.0,  28.0,  41.0,  40.0, 5.0  ,  5.0,  9.0,  0.0,  0.0,  1.0,    , 161.0,       ,      ,      ,        ,        ,        ,        ,        ,        ,        ,        ,      
arnasty01, 2005,     2, OTT , NHL , C  , 19.0,  0.0,   4.0,   4.0,   4.0, -4.0 ,  0.0,  1.0,  0.0,  0.0,  0.0,    ,  42.0,       ,      ,      ,        ,        ,        ,        ,        ,        ,        ,        ,      
arnasty01, 2006,     1, COL , NHL , C  , 82.0, 16.0,  33.0,  49.0,  26.0, -8.0 ,  1.0, 11.0,  0.0,  0.0,  3.0,    , 211.0,       ,      ,      ,        ,        ,        ,        ,        ,        ,        ,        ,      
arnasty01, 2007,     1, COL , NHL , C  , 70.0, 10.0,  21.0,  31.0,  16.0, -1.0 ,  3.0,  7.0,  0.0,  0.0,  1.0,    , 179.0,   10.0,   2.0,   3.0,     5.0,     2.0, -2.0   ,     1.0,     1.0,     0.0,     0.0,     0.0,    27.0
arnasty01, 2008,     1, COL , NHL , C  , 71.0,  5.0,  17.0,  22.0,  14.0, -16.0,  2.0,  1.0,  0.0,  0.0,  1.0,    , 108.0,       ,      ,      ,        ,        ,        ,        ,        ,        ,        ,        ,      
arndtda01, 1975,     1, NEW , WHA , L  , 69.0,  8.0,   8.0,  16.0,  10.0, -16.0,  1.0,     ,  0.0,     ,  1.0,    ,  89.0,    8.0,   0.0,   0.0,     0.0,     0.0, 3.0    ,        ,        ,        ,        ,        ,      
arndtda01, 1976,     1, NEW , WHA , L  , 46.0,  8.0,  14.0,  22.0,  11.0, -13.0,  1.0,     ,  0.0,     ,     ,    ,  87.0,       ,      ,      ,        ,        ,        ,        ,        ,        ,        ,        ,      
arndtda01, 1976,     2, EDO , WHA , L  ,  1.0,  0.0,   0.0,   0.0,   0.0, -2.0 ,  0.0,     ,  0.0,     ,  0.0,    ,   0.0,       ,      ,      ,        ,        ,        ,        ,        ,        ,        ,        ,      
arndtda01, 1977,     1, BIR , WHA , L  ,  4.0,  0.0,   1.0,   1.0,   0.0, 1.0  ,  0.0,     ,  0.0,     ,     ,    ,   0.0,       ,      ,      ,        ,        ,        ,        ,        ,        ,        ,        ,      
arniesc01, 1981,     1, WIN , NHL , C  , 17.0,  1.0,   8.0,   9.0,  14.0, 2.0  ,  1.0,     ,  0.0,     ,  0.0, 0.0,  18.0,    3.0,   0.0,   0.0,     0.0,     0.0,        ,     0.0,        ,     0.0,        ,     0.0,      
arniesc01, 1982,     1, WIN , NHL , L  , 75.0, 13.0,   5.0,  18.0,  46.0, -16.0,  1.0,     ,  2.0,     ,  0.0, 0.0,  92.0,    2.0,   0.0,   0.0,     0.0,     0.0,        ,     0.0,        ,     0.0,        ,     0.0,      
arniesc01, 1983,     1, WIN , NHL , L  , 80.0, 21.0,  35.0,  56.0,  68.0, -10.0,  6.0,     ,  0.0,     ,  2.0, 2.0, 140.0,    2.0,   0.0,   0.0,     0.0,     5.0, -1.0   ,     0.0,        ,     0.0,        ,     0.0,     3.0
arniesc01, 1984,     1, WIN , NHL , R  , 79.0, 22.0,  22.0,  44.0,  81.0, 7.0  ,  3.0,     ,  0.0,     ,  3.0, 2.0, 142.0,    8.0,   1.0,   2.0,     3.0,     9.0, -2.0   ,     0.0,        ,     0.0,        ,     1.0,    13.0
arniesc01, 1985,     1, WIN , NHL , L  , 80.0, 18.0,  25.0,  43.0,  40.0, -8.0 ,  3.0,     ,  0.0,     ,  0.0, 1.0, 125.0,    3.0,   0.0,   0.0,     0.0,    12.0, -2.0   ,     0.0,        ,     0.0,        ,     0.0,     3.0
arniesc01, 1986,     1, BUF , NHL , L  , 63.0, 11.0,  14.0,  25.0,  59.0, -1.0 ,  0.0,     ,  0.0,     ,  3.0, 0.0,  90.0,       ,      ,      ,        ,        ,        ,        ,        ,        ,        ,        ,      
arniesc01, 1987,     1, BUF , NHL , L  , 73.0, 17.0,  23.0,  40.0,  61.0, 8.0  ,  0.0,  1.0,  3.0,  1.0,  2.0, 0.0, 111.0,    6.0,   0.0,   1.0,     1.0,     5.0, -6.0   ,     0.0,     0.0,     0.0,     0.0,     0.0,     3.0
arniesc01, 1988,     1, BUF , NHL , L  , 80.0, 18.0,  23.0,  41.0,  46.0, 10.0 ,  0.0,  2.0,  2.0,  0.0,  3.0, 1.0, 122.0,    5.0,   1.0,   0.0,     1.0,     4.0, -2.0   ,     0.0,     0.0,     1.0,     0.0,     0.0,     2.0
arniesc01, 1989,     1, BUF , NHL , L  , 79.0, 18.0,  14.0,  32.0,  77.0, 4.0  ,  1.0,  0.0,  1.0,  1.0,  4.0, 0.0, 123.0,    5.0,   1.0,   0.0,     1.0,     4.0, -7.0   ,     0.0,     0.0,     0.0,     0.0,     0.0,     9.0
arniesc01, 1990,     1, WIN , NHL , C  , 75.0,  5.0,  17.0,  22.0,  87.0, -12.0,  0.0,  0.0,  0.0,  1.0,  1.0, 1.0,  91.0,       ,      ,      ,        ,        ,        ,        ,        ,        ,        ,        ,      
arniesc01, 1991,     1, BOS , NHL , L  , 29.0,  5.0,   3.0,   8.0,  20.0, 5.0  ,  0.0,  0.0,  0.0,  0.0,  1.0, 0.0,  34.0,       ,      ,      ,        ,        ,        ,        ,        ,        ,        ,        ,      
arnotja01, 1993,     1, EDM , NHL , C  , 78.0, 33.0,  35.0,  68.0, 104.0, 1.0  , 10.0, 13.0,  0.0,  0.0,  4.0, 1.0, 194.0,       ,      ,      ,        ,        ,        ,        ,        ,        ,        ,        ,      
arnotja01, 1994,     1, EDM , NHL , C  , 42.0, 15.0,  22.0,  37.0, 128.0, -14.0,  7.0, 11.0,  0.0,  1.0,  1.0, 0.0, 156.0,       ,      ,      ,        ,        ,        ,        ,        ,        ,        ,        ,      
arnotja01, 1995,     1, EDM , NHL , C  , 64.0, 28.0,  31.0,  59.0,  87.0, -6.0 ,  8.0,  8.0,  0.0,  0.0,  5.0, 1.0, 244.0,       ,      ,      ,        ,        ,        ,        ,        ,        ,        ,        ,      
arnotja01, 1996,     1, EDM , NHL , C  , 67.0, 19.0,  38.0,  57.0,  92.0, -21.0, 10.0, 22.0,  1.0,  0.0,  2.0, 1.0, 248.0,   12.0,   3.0,   6.0,     9.0,    18.0, -3.0   ,     1.0,     1.0,     0.0,     0.0,     0.0,    27.0
arnotja01, 1997,     1, EDM , NHL , R  , 35.0,  5.0,  13.0,  18.0,  78.0, -16.0,  1.0,  6.0,  0.0,  0.0,  0.0, 0.0, 100.0,       ,      ,      ,        ,        ,        ,        ,        ,        ,        ,        ,      
arnotja01, 1997,     2, NJD , NHL , R  , 35.0,  5.0,  10.0,  15.0,  21.0, -8.0 ,  3.0,  4.0,  0.0,  0.0,  2.0, 0.0,  99.0,    5.0,   0.0,   2.0,     2.0,     0.0, 1.0    ,     0.0,     1.0,     0.0,     0.0,     0.0,     6.0
arnotja01, 1998,     1, NJD , NHL , C  , 74.0, 27.0,  27.0,  54.0,  79.0, 10.0 ,  8.0, 12.0,  0.0,  0.0,  3.0, 1.0, 200.0,    7.0,   2.0,   2.0,     4.0,     4.0, -3.0   ,     1.0,     1.0,     0.0,     0.0,     0.0,    12.0
arnotja01, 1999,     1, NJD , NHL , R  , 76.0, 22.0,  34.0,  56.0,  51.0, 22.0 ,  7.0,  8.0,  0.0,  0.0,  4.0, 0.0, 244.0,   23.0,   8.0,  12.0,    20.0,    18.0, 7.0    ,     3.0,     2.0,     0.0,     0.0,     1.0,    56.0
arnotja01, 2000,     1, NJD , NHL , C  , 54.0, 21.0,  34.0,  55.0,  75.0, 23.0 ,  8.0,  7.0,  0.0,  0.0,  3.0, 2.0, 138.0,   23.0,   8.0,   7.0,    15.0,    16.0, 8.0    ,     5.0,     3.0,     0.0,     0.0,     0.0,    42.0
arnotja01, 2001,     1, NJD , NHL , C  , 63.0, 22.0,  19.0,  41.0,  59.0, 3.0  ,  8.0,  5.0,  0.0,  0.0,  1.0, 0.0, 169.0,       ,      ,      ,        ,        ,        ,        ,        ,        ,        ,        ,      
arnotja01, 2001,     2, DAL , NHL , C  , 10.0,  3.0,   1.0,   4.0,   6.0, -1.0 ,  2.0,  0.0,  0.0,  0.0,  2.0, 0.0,  28.0,       ,      ,      ,        ,        ,        ,        ,        ,        ,        ,        ,      
arnotja01, 2002,     1, DAL , NHL , C  , 72.0, 23.0,  24.0,  47.0,  51.0, 9.0  ,  7.0,  6.0,  0.0,  0.0,  6.0, 1.0, 169.0,   11.0,   3.0,   2.0,     5.0,     6.0, -2.0   ,     1.0,     2.0,     0.0,     0.0,     0.0,    18.0
arnotja01, 2003,     1, DAL , NHL , C  , 73.0, 21.0,  36.0,  57.0,  66.0, 23.0 ,  5.0,  9.0,  0.0,  0.0,  5.0, 0.0, 143.0,    5.0,   1.0,   1.0,     2.0,     2.0, -1.0   ,     1.0,     0.0,     0.0,     0.0,     0.0,    11.0
arnotja01, 2005,     1, DAL , NHL , C  , 81.0, 32.0,  44.0,  76.0, 102.0, 13.0 , 11.0, 18.0,  1.0,  0.0,  5.0,    , 167.0,    5.0,   0.0,   3.0,     3.0,     4.0, -1.0   ,     0.0,     2.0,     0.0,     0.0,     0.0,    17.0
arnotja01, 2006,     1, NAS , NHL , C  , 68.0, 27.0,  27.0,  54.0,  48.0, 15.0 , 12.0,  8.0,  0.0,  0.0,  6.0,    , 190.0,    5.0,   2.0,   1.0,     3.0,     2.0, 0.0    ,     1.0,     0.0,     0.0,     0.0,     0.0,    11.0
arnotja01, 2007,     1, NAS , NHL , C  , 79.0, 28.0,  44.0,  72.0,  54.0, 19.0 , 13.0,  9.0,  0.0,  0.0,  3.0,    , 248.0,    4.0,   1.0,   0.0,     1.0,     4.0, -1.0   ,     0.0,     0.0,     0.0,     0.0,     1.0,     6.0
arnotja01, 2008,     1, NAS , NHL , C  , 65.0, 33.0,  24.0,  57.0,  49.0, 2.0  ,  9.0,  8.0,  0.0,  0.0,  5.0,    , 196.0,       ,      ,      ,        ,        ,        ,        ,        ,        ,        ,        ,      
arnotja01, 2009,     1, NAS , NHL , C  , 63.0, 19.0,  27.0,  46.0,  26.0, 0.0  ,  6.0, 12.0,  0.0,  0.0,  3.0,    , 216.0,    6.0,   2.0,   0.0,     2.0,     0.0, -3.0   ,     1.0,     0.0,     0.0,     0.0,     0.0,    26.0
arsende01, 2009,     1, EDM , NHL , D  , 13.0,  0.0,   0.0,   0.0,  41.0, -3.0 ,  0.0,  0.0,  0.0,  0.0,  0.0,    ,   4.0,       ,      ,      ,        ,        ,        ,        ,        ,        ,        ,        ,      
arthufr01, 1980,     1, HAR , NHL , D  ,  3.0,  0.0,   0.0,   0.0,   0.0, -5.0 ,  0.0,     ,  0.0,     ,  0.0, 0.0,   3.0,       ,      ,      ,        ,        ,        ,        ,        ,        ,        ,        ,      
arthufr01, 1981,     1, PHI , NHL , D  , 74.0,  1.0,   7.0,   8.0,  47.0, -8.0 ,  0.0,     ,  0.0,     ,  0.0, 0.0,  33.0,    4.0,   0.0,   0.0,     0.0,     2.0,        ,     0.0,        ,     0.0,        ,     0.0,      
arthufr01, 1982,     1, PHI , NHL , D  ,  3.0,  0.0,   1.0,   1.0,   2.0, -1.0 ,  0.0,     ,  0.0,     ,  0.0, 0.0,   1.0,       ,      ,      ,        ,        ,        ,        ,        ,        ,        ,        ,      
artyuev01, 2005,     1, TBL , NHL , R  , 72.0,  4.0,  13.0,  17.0,  90.0, -4.0 ,  1.0,  1.0,  0.0,  0.0,  0.0,    ,  79.0,    5.0,   1.0,   0.0,     1.0,     6.0, 1.0    ,     0.0,     0.0,     0.0,     0.0,     0.0,    10.0
artyuev01, 2008,     1, TBL , NHL , R  , 73.0,  6.0,  10.0,  16.0, 151.0, 1.0  ,  1.0,  1.0,  0.0,  0.0,  0.0,    , 100.0,       ,      ,      ,        ,        ,        ,        ,        ,        ,        ,        ,      
artyuev01, 2009,     1, AND , NHL , R  , 37.0,  4.0,   5.0,   9.0,  41.0, 0.0  ,  0.0,  0.0,  0.0,  0.0,  0.0,    ,  21.0,       ,      ,      ,        ,        ,        ,        ,        ,        ,        ,        ,      
artyuev01, 2009,     2, ATL , NHL , R  , 17.0,  5.0,   2.0,   7.0,  31.0, -4.0 ,  0.0,  0.0,  0.0,  0.0,  0.0,    ,  21.0,       ,      ,      ,        ,        ,        ,        ,        ,        ,        ,        ,      
arundjo01, 1949,     1, TOR , NHL , D  ,  3.0,  0.0,   0.0,   0.0,   9.0,      ,     ,     ,     ,     ,     ,    ,      ,       ,      ,      ,        ,        ,        ,        ,        ,        ,        ,        ,      
arvedma01, 1997,     1, OTT , NHL , L  , 61.0, 11.0,  15.0,  26.0,  36.0, 2.0  ,  0.0,  1.0,  1.0,  0.0,  0.0, 1.0,  90.0,   11.0,   0.0,   1.0,     1.0,     6.0, -6.0   ,     0.0,     0.0,     0.0,     0.0,     0.0,    21.0
arvedma01, 1998,     1, OTT , NHL , L  , 80.0, 21.0,  26.0,  47.0,  50.0, 33.0 ,  0.0,  0.0,  4.0,  1.0,  6.0, 0.0, 136.0,    3.0,   0.0,   1.0,     1.0,     2.0, -1.0   ,     0.0,     0.0,     0.0,     0.0,     0.0,     8.0
arvedma01, 1999,     1, OTT , NHL , L  , 47.0, 15.0,  13.0,  28.0,  36.0, 4.0  ,  1.0,  0.0,  1.0,  0.0,  4.0, 1.0,  91.0,    6.0,   0.0,   0.0,     0.0,     6.0, -6.0   ,     0.0,     0.0,     0.0,     0.0,     0.0,     7.0
arvedma01, 2000,     1, OTT , NHL , L  , 51.0, 17.0,  16.0,  33.0,  24.0, 23.0 ,  1.0,  0.0,  2.0,  0.0,  4.0, 0.0,  79.0,    2.0,   0.0,   0.0,     0.0,     0.0, 0.0    ,     0.0,     0.0,     0.0,     0.0,     0.0,     1.0
arvedma01, 2001,     1, OTT , NHL , L  , 74.0, 12.0,  27.0,  39.0,  35.0, 27.0 ,  0.0,  2.0,  0.0,  4.0,  1.0, 0.0, 121.0,   12.0,   2.0,   1.0,     3.0,     4.0, -2.0   ,     0.0,     0.0,     0.0,     0.0,     0.0,    16.0
arvedma01, 2002,     1, OTT , NHL , L  , 80.0, 16.0,  21.0,  37.0,  48.0, 13.0 ,  2.0,  5.0,  0.0,  0.0,  4.0, 0.0, 138.0,   18.0,   1.0,   5.0,     6.0,    16.0, -4.0   ,     0.0,     0.0,     0.0,     2.0,     0.0,    17.0
arvedma01, 2003,     1, VAN , NHL , C  , 41.0,  8.0,   7.0,  15.0,  12.0, 7.0  ,  2.0,  0.0,  0.0,  0.0,  4.0, 0.0,  54.0,       ,      ,      ,        ,        ,        ,        ,        ,        ,        ,        ,      
aseltja01, 1921,     1, SMJ , WCHL, R  , 16.0,  4.0,   2.0,   6.0,   2.0,      ,     ,     ,     ,     ,     ,    ,      ,       ,      ,      ,        ,        ,        ,        ,        ,        ,        ,        ,      
aseltja01, 1922,     1, VAM , PCHA, R  , 14.0,  0.0,   0.0,   0.0,   0.0,      ,     ,     ,     ,     ,     ,    ,      ,       ,      ,      ,        ,        ,        ,        ,        ,        ,        ,        ,      
aseltja01, 1923,     1, REG , WCHL, R  , 19.0,  0.0,   0.0,   0.0,   6.0,      ,     ,     ,     ,     ,     ,    ,      ,       ,      ,      ,        ,        ,        ,        ,        ,        ,        ,        ,      
ashamar01, 1998,     1, MTL , NHL , R  ,  7.0,  0.0,   0.0,   0.0,   0.0, -4.0 ,  0.0,  0.0,  0.0,  0.0,  0.0, 0.0,   5.0,       ,      ,      ,        ,        ,        ,        ,        ,        ,        ,        ,      
ashamar01, 1999,     1, MTL , NHL , R  , 33.0,  4.0,   2.0,   6.0,  24.0, -7.0 ,  0.0,  1.0,  1.0,  0.0,  1.0, 0.0,  29.0,       ,      ,      ,        ,        ,        ,        ,        ,        ,        ,        ,      
ashamar01, 2000,     1, MTL , NHL , R  , 46.0,  2.0,   3.0,   5.0,  59.0, -9.0 ,  0.0,  1.0,  0.0,  0.0,  0.0, 0.0,  32.0,       ,      ,      ,        ,        ,        ,        ,        ,        ,        ,        ,      
ashamar01, 2001,     1, MTL , NHL , R  , 35.0,  5.0,   4.0,   9.0,  55.0, 7.0  ,  0.0,  0.0,  0.0,  0.0,  0.0, 0.0,  30.0,    3.0,   0.0,   1.0,     1.0,     0.0, 1.0    ,     0.0,     0.0,     0.0,     0.0,     0.0,     3.0
ashamar01, 2002,     1, NYI , NHL , R  , 78.0, 15.0,  19.0,  34.0,  57.0, 1.0  ,  4.0,  1.0,  0.0,  1.0,  1.0, 0.0, 114.0,    5.0,   0.0,   0.0,     0.0,    16.0, -1.0   ,     0.0,     0.0,     0.0,     0.0,     0.0,     4.0
ashamar01, 2003,     1, NYI , NHL , L  , 79.0, 12.0,  12.0,  24.0,  92.0, -12.0,  1.0,  2.0,  0.0,  0.0,  0.0, 1.0, 108.0,    5.0,   0.0,   1.0,     1.0,     4.0, 0.0    ,     0.0,     0.0,     0.0,     0.0,     0.0,     8.0
ashamar01, 2005,     1, NYI , NHL , R  , 63.0,  9.0,  15.0,  24.0, 103.0, -5.0 ,  2.0,  0.0,  1.0,  0.0,  0.0,    ,  99.0,       ,      ,      ,        ,        ,        ,        ,        ,        ,        ,        ,      
ashamar01, 2006,     1, NYI , NHL , R  , 80.0, 11.0,  12.0,  23.0,  63.0, 3.0  ,  0.0,  2.0,  0.0,  0.0,  2.0,    ,  85.0,    5.0,   1.0,   0.0,     1.0,     0.0, -3.0   ,     0.0,     0.0,     0.0,     0.0,     0.0,     5.0
ashamar01, 2007,     1, NJD , NHL , R  , 77.0,  6.0,   4.0,  10.0,  84.0, -6.0 ,  0.0,  1.0,  0.0,  0.0,  2.0,    ,  68.0,    5.0,   0.0,   1.0,     1.0,     2.0, 1.0    ,     0.0,     0.0,     0.0,     0.0,     0.0,     3.0
ashamar01, 2008,     1, PHI , NHL , R  , 78.0,  8.0,  12.0,  20.0, 155.0, 0.0  ,  0.0,  0.0,  0.0,  0.0,  1.0,    ,  74.0,    6.0,   1.0,   1.0,     2.0,     6.0, -1.0   ,     0.0,     0.0,     0.0,     0.0,     1.0,     4.0
ashamar01, 2009,     1, PHI , NHL , R  , 72.0, 10.0,  14.0,  24.0, 126.0, -2.0 ,  0.0,  0.0,  0.0,  0.0,  2.0,    ,  91.0,   23.0,   4.0,   3.0,     7.0,    10.0, 4.0    ,     0.0,     0.0,     0.0,     0.0,     0.0,    32.0
ashbeba01, 1965,     1, BOS , NHL , D  , 14.0,  0.0,   3.0,   3.0,  14.0,      ,  0.0,     ,  0.0,     ,  0.0, 0.0,      ,       ,      ,      ,        ,        ,        ,        ,        ,        ,        ,        ,      
ashbeba01, 1970,     1, PHI , NHL , D  , 64.0,  4.0,  23.0,  27.0,  44.0, 3.0  ,  2.0,     ,  0.0,     ,  1.0, 1.0,  99.0,       ,      ,      ,        ,        ,        ,        ,        ,        ,        ,        ,      
ashbeba01, 1971,     1, PHI , NHL , D  , 73.0,  6.0,  14.0,  20.0,  75.0, 2.0  ,  2.0,     ,  0.0,     ,  1.0, 0.0, 104.0,       ,      ,      ,        ,        ,        ,        ,        ,        ,        ,        ,      
ashbeba01, 1972,     1, PHI , NHL , D  , 64.0,  1.0,  17.0,  18.0, 106.0, -2.0 ,  0.0,     ,  1.0,     ,  0.0, 0.0,  61.0,   11.0,   0.0,   4.0,     4.0,    20.0,        ,     0.0,        ,     0.0,        ,     0.0,      
ashbeba01, 1973,     1, PHI , NHL , D  , 69.0,  4.0,  13.0,  17.0,  52.0, 52.0 ,  0.0,     ,  0.0,     ,  0.0, 0.0,  70.0,    6.0,   0.0,   0.0,     0.0,     2.0,        ,     0.0,        ,     0.0,        ,     0.0,      
ashbo01  , 1972,     1, WIJ , WHA , D  , 76.0,  3.0,  14.0,  17.0,  39.0,      ,  0.0,     ,  0.0,     ,     ,    ,      ,   13.0,   1.0,   3.0,     4.0,     4.0,        ,     0.0,        ,     0.0,        ,     0.0,      
ashbo01  , 1973,     1, WIJ , WHA , D  , 60.0,  2.0,  18.0,  20.0,  30.0,      ,  0.0,     ,  0.0,     ,  0.0,    ,      ,    4.0,   0.0,   1.0,     1.0,     2.0,        ,        ,        ,        ,        ,     0.0,      
ashbo01  , 1974,     1, IND , WHA , D  , 64.0,  1.0,  14.0,  15.0,  19.0, -30.0,  1.0,     ,  0.0,     ,     ,    ,  53.0,       ,      ,      ,        ,        ,        ,        ,        ,        ,        ,        ,      
ashbydo01, 1975,     1, TOR , NHL , C  , 50.0,  6.0,  15.0,  21.0,  10.0, 5.0  ,  1.0,     ,  0.0,     ,  0.0, 0.0,  63.0,       ,      ,      ,        ,        ,        ,        ,        ,        ,        ,        ,      
ashbydo01, 1976,     1, TOR , NHL , C  , 76.0, 19.0,  23.0,  42.0,  24.0, -14.0,  3.0,     ,  0.0,     ,  4.0, 1.0, 118.0,    9.0,   1.0,   0.0,     1.0,     4.0,        ,     0.0,        ,     0.0,        ,     0.0,      
ashbydo01, 1977,     1, TOR , NHL , C  , 12.0,  1.0,   2.0,   3.0,   0.0, -4.0 ,  0.0,     ,  0.0,     ,  0.0, 0.0,   8.0,       ,      ,      ,        ,        ,        ,        ,        ,        ,        ,        ,      
ashbydo01, 1978,     1, TOR , NHL , C  ,  3.0,  0.0,   0.0,   0.0,   0.0, -3.0 ,  0.0,     ,  0.0,     ,  0.0, 0.0,   2.0,       ,      ,      ,        ,        ,        ,        ,        ,        ,        ,        ,      
ashbydo01, 1978,     2, COR , NHL , C  , 12.0,  2.0,   3.0,   5.0,   0.0, -3.0 ,  2.0,     ,  0.0,     ,  0.0, 0.0,  24.0,       ,      ,      ,        ,        ,        ,        ,        ,        ,        ,        ,      
ashbydo01, 1979,     1, COR , NHL , C  , 11.0,  0.0,   1.0,   1.0,   4.0, -2.0 ,  0.0,     ,  0.0,     ,  0.0, 0.0,  10.0,       ,      ,      ,        ,        ,        ,        ,        ,        ,        ,        ,      
ashbydo01, 1979,     2, EDM , NHL , C  , 18.0, 10.0,   9.0,  19.0,   0.0, 1.0  ,  3.0,     ,  0.0,     ,  1.0, 0.0,  31.0,    3.0,   0.0,   0.0,     0.0,     0.0,        ,     0.0,        ,     0.0,        ,     0.0,      
ashbydo01, 1980,     1, EDM , NHL , C  ,  6.0,  2.0,   3.0,   5.0,   2.0, -1.0 ,  1.0,     ,  0.0,     ,  1.0, 0.0,  13.0,       ,      ,      ,        ,        ,        ,        ,        ,        ,        ,        ,      
ashtobr01, 1979,     1, VAN , NHL , L  , 47.0,  5.0,  14.0,  19.0,  11.0, 4.0  ,  0.0,     ,  0.0,     ,  0.0, 2.0,  69.0,    4.0,   1.0,   0.0,     1.0,     6.0,        ,     0.0,        ,     0.0,        ,     0.0,      
ashtobr01, 1980,     1, VAN , NHL , C  , 77.0, 18.0,  11.0,  29.0,  57.0, -10.0,  0.0,     ,  0.0,     ,  0.0, 2.0, 111.0,    3.0,   0.0,   0.0,     0.0,     2.0,        ,     0.0,        ,     0.0,        ,     0.0,      
ashtobr01, 1981,     1, COR , NHL , L  , 80.0, 24.0,  36.0,  60.0,  26.0, -31.0,  3.0,     ,  0.0,     ,  4.0, 1.0, 182.0,       ,      ,      ,        ,        ,        ,        ,        ,        ,        ,        ,      
ashtobr01, 1982,     1, NJD , NHL , L  , 76.0, 14.0,  19.0,  33.0,  47.0, -23.0,  4.0,     ,  0.0,     ,  1.0, 0.0, 113.0,       ,      ,      ,        ,        ,        ,        ,        ,        ,        ,        ,      
ashtobr01, 1983,     1, MNS , NHL , L  , 68.0,  7.0,  10.0,  17.0,  54.0, -13.0,  0.0,     ,  0.0,     ,  0.0, 0.0,  82.0,   12.0,   1.0,   2.0,     3.0,    22.0, -2.0   ,     0.0,        ,     0.0,        ,     0.0,    22.0
ashtobr01, 1984,     1, MNS , NHL , L  , 29.0,  4.0,   7.0,  11.0,  15.0, 1.0  ,  0.0,     ,  0.0,     ,  0.0, 0.0,  30.0,       ,      ,      ,        ,        ,        ,        ,        ,        ,        ,        ,      
ashtobr01, 1984,     2, QUE , NHL , L  , 49.0, 27.0,  24.0,  51.0,  38.0, 18.0 ,  6.0,     ,  1.0,     ,  2.0, 1.0, 122.0,   18.0,   6.0,   4.0,    10.0,    13.0, -6.0   ,     1.0,        ,     1.0,        ,     1.0,    28.0
ashtobr01, 1985,     1, QUE , NHL , L  , 77.0, 26.0,  32.0,  58.0,  64.0, 7.0  ,  5.0,     ,  2.0,     ,  5.0, 0.0, 207.0,    3.0,   2.0,   1.0,     3.0,     9.0, -1.0   ,     0.0,        ,     1.0,        ,     0.0,    11.0
ashtobr01, 1986,     1, QUE , NHL , L  , 46.0, 25.0,  19.0,  44.0,  17.0, -12.0, 12.0,     ,  2.0,     ,  1.0, 1.0,  98.0,       ,      ,      ,        ,        ,        ,        ,        ,        ,        ,        ,      
ashtobr01, 1986,     2, DET , NHL , L  , 35.0, 15.0,  16.0,  31.0,  22.0, -3.0 ,  3.0,     ,  1.0,     ,  3.0, 0.0,  86.0,   16.0,   4.0,   9.0,    13.0,     6.0, 5.0    ,     2.0,        ,     0.0,        ,     0.0,    35.0
ashtobr01, 1987,     1, DET , NHL , L  , 73.0, 26.0,  27.0,  53.0,  50.0, 10.0 ,  7.0,  7.0,  2.0,  2.0,  3.0, 0.0, 161.0,   16.0,   7.0,   5.0,    12.0,    10.0, 4.0    ,     2.0,     1.0,     1.0,     0.0,     0.0,    32.0
ashtobr01, 1988,     1, WIN , NHL , L  , 75.0, 31.0,  37.0,  68.0,  36.0, -5.0 ,  7.0,  9.0,  1.0,  0.0,  1.0, 0.0, 180.0,       ,      ,      ,        ,        ,        ,        ,        ,        ,        ,        ,      
ashtobr01, 1989,     1, WIN , NHL , L  , 79.0, 22.0,  34.0,  56.0,  37.0, 4.0  ,  3.0,  4.0,  0.0,  1.0,  5.0, 0.0, 167.0,    7.0,   3.0,   1.0,     4.0,     2.0, -1.0   ,     2.0,     1.0,     0.0,     0.0,     1.0,    21.0
ashtobr01, 1990,     1, WIN , NHL , L  , 61.0, 12.0,  24.0,  36.0,  58.0, -10.0,  1.0,  6.0,  0.0,  1.0,  2.0, 0.0, 107.0,       ,      ,      ,        ,        ,        ,        ,        ,        ,        ,        ,      
ashtobr01, 1991,     1, WIN , NHL , L  ,  7.0,  1.0,   0.0,   1.0,   4.0, -3.0 ,  0.0,  0.0,  0.0,  0.0,  0.0, 0.0,   6.0,       ,      ,      ,        ,        ,        ,        ,        ,        ,        ,        ,      
ashtobr01, 1991,     2, BOS , NHL , L  , 61.0, 17.0,  22.0,  39.0,  47.0, -4.0 ,  6.0,  4.0,  1.0,  0.0,  1.0, 1.0, 124.0,       ,      ,      ,        ,        ,        ,        ,        ,        ,        ,        ,      
ashtobr01, 1992,     1, BOS , NHL , L  , 26.0,  2.0,   2.0,   4.0,  11.0, 0.0  ,  0.0,  0.0,  0.0,  0.0,  0.0, 0.0,  26.0,       ,      ,      ,        ,        ,        ,        ,        ,        ,        ,        ,      
ashtobr01, 1992,     2, CAL , NHL , L  , 32.0,  8.0,  11.0,  19.0,  41.0, 11.0 ,  0.0,  2.0,  2.0,  1.0,  1.0, 0.0,  58.0,    6.0,   0.0,   3.0,     3.0,     2.0, -6.0   ,     0.0,     0.0,     0.0,     0.0,     0.0,    11.0
ashtoro01, 1974,     1, WIJ , WHA , L  , 36.0,  1.0,   3.0,   4.0,  66.0, -11.0,  0.0,     ,  0.0,     ,     ,    ,  36.0,       ,      ,      ,        ,        ,        ,        ,        ,        ,        ,        ,      
ashwofr01, 1946,     1, CHI , NHL , C  , 18.0,  5.0,   4.0,   9.0,   2.0,      ,     ,     ,     ,     ,     ,    ,      ,       ,      ,      ,        ,        ,        ,        ,        ,        ,        ,        ,      
askeyto01, 1997,     1, ANA , NHL , G  ,  7.0,  0.0,   0.0,   0.0,   0.0, 0.0  ,  0.0,  0.0,  0.0,  0.0,  0.0, 0.0,   0.0,       ,      ,      ,        ,        ,        ,        ,        ,        ,        ,        ,      
askeyto01, 1998,     1, ANA , NHL , G  ,     ,     ,      ,      ,      ,      ,     ,     ,     ,     ,     ,    ,      ,    1.0,   0.0,   0.0,     0.0,     0.0, 0.0    ,     0.0,     0.0,     0.0,     0.0,     0.0,     0.0
asmunfr01, 1972,     1, WIJ , WHA , D  , 76.0,  2.0,  14.0,  16.0,  54.0,      ,  1.0,     ,  0.0,     ,     ,    ,      ,   12.0,   1.0,   2.0,     3.0,     8.0,        ,     0.0,        ,     0.0,        ,     0.0,      
asmunfr01, 1973,     1, WIJ , WHA , D  , 72.0,  5.0,  14.0,  19.0,  85.0,      ,  0.0,     ,  0.0,     ,  0.0,    ,      ,    4.0,   0.0,   1.0,     1.0,     2.0,        ,        ,        ,        ,        ,     0.0,      
asmunfr01, 1974,     1, WIJ , WHA , D  , 38.0,  4.0,  15.0,  19.0,  53.0, -3.0 ,  0.0,     ,  0.0,     ,     ,    ,  49.0,       ,      ,      ,        ,        ,        ,        ,        ,        ,        ,        ,      
asmunfr01, 1975,     1, WIJ , WHA , D  , 72.0,  5.0,  11.0,  16.0,  19.0, 1.0  ,  0.0,     ,  0.0,     ,  0.0,    ,  50.0,   13.0,   3.0,   2.0,     5.0,    11.0, 2.0    ,        ,        ,        ,        ,        ,      
asmunos01, 1932,     1, NYR , NHL , C  , 48.0,  5.0,  10.0,  15.0,  20.0,      ,     ,     ,     ,     ,     ,    ,      ,    8.0,   0.0,   2.0,     2.0,     4.0,        ,        ,        ,        ,        ,        ,      
asmunos01, 1933,     1, NYR , NHL , C  , 46.0,  2.0,   6.0,   8.0,   8.0,      ,     ,     ,     ,     ,     ,    ,      ,    1.0,   0.0,   0.0,     0.0,     0.0,        ,        ,        ,        ,        ,        ,      
asmunos01, 1934,     1, DET , NHL , C  ,  3.0,  0.0,   0.0,   0.0,   0.0,      ,     ,     ,     ,     ,     ,    ,      ,       ,      ,      ,        ,        ,        ,        ,        ,        ,        ,        ,      
asmunos01, 1934,     2, STE , NHL , C  , 11.0,  4.0,   7.0,  11.0,   2.0,      ,     ,     ,     ,     ,     ,    ,      ,       ,      ,      ,        ,        ,        ,        ,        ,        ,        ,        ,      
asmunos01, 1936,     1, NYA , NHL , C  ,  1.0,  0.0,   0.0,   0.0,   0.0,      ,     ,     ,     ,     ,     ,    ,      ,       ,      ,      ,        ,        ,        ,        ,        ,        ,        ,        ,      
asmunos01, 1937,     1, MTL , NHL , C  ,  2.0,  0.0,   0.0,   0.0,   0.0,      ,     ,     ,     ,     ,     ,    ,      ,       ,      ,      ,        ,        ,        ,        ,        ,        ,        ,        ,      
astaska01, 1999,     1, TBL , NHL , D  ,  8.0,  0.0,   1.0,   1.0,   4.0, -2.0 ,  0.0,  0.0,  0.0,  0.0,  0.0, 0.0,   3.0,       ,      ,      ,        ,        ,        ,        ,        ,        ,        ,        ,      
astaska01, 2000,     1, TBL , NHL , D  , 15.0,  1.0,   1.0,   2.0,   4.0, -4.0 ,  0.0,  0.0,  0.0,  0.0,  0.0, 0.0,   4.0,       ,      ,      ,        ,        ,        ,        ,        ,        ,        ,        ,      
astlema01, 1993,     1, BUF , NHL , D  ,  1.0,  0.0,   0.0,   0.0,   0.0, -1.0 ,  0.0,  0.0,  0.0,  0.0,  0.0, 0.0,   2.0,       ,      ,      ,        ,        ,        ,        ,        ,        ,        ,        ,      
astlema01, 1994,     1, BUF , NHL , D  , 14.0,  2.0,   1.0,   3.0,  12.0, -2.0 ,  0.0,  1.0,  0.0,  0.0,  0.0, 0.0,  21.0,    2.0,   0.0,   0.0,     0.0,     0.0, -2.0   ,     0.0,     0.0,     0.0,     0.0,     0.0,     0.0
astlema01, 1995,     1, BUF , NHL , D  , 60.0,  2.0,  18.0,  20.0,  80.0, -12.0,  0.0,  7.0,  0.0,  0.0,  0.0, 0.0,  80.0,       ,      ,      ,        ,        ,        ,        ,        ,        ,        ,        ,      
astroha01, 1977,     1, NYR , NHL , G  ,  4.0,  0.0,   0.0,   0.0,   0.0, 0.0  ,  0.0,     ,  0.0,     ,  0.0, 0.0,   0.0,       ,      ,      ,        ,        ,        ,        ,        ,        ,        ,        ,      
astroha01, 1979,     1, COR , NHL , G  , 49.0,  0.0,   0.0,   0.0,   6.0, 0.0  ,  0.0,     ,  0.0,     ,  0.0, 0.0,   0.0,       ,      ,      ,        ,        ,        ,        ,        ,        ,        ,        ,      
astroha01, 1980,     1, COR , NHL , G  , 30.0,  0.0,   1.0,   1.0,   2.0, 0.0  ,  0.0,     ,  0.0,     ,  0.0, 0.0,   0.0,       ,      ,      ,        ,        ,        ,        ,        ,        ,        ,        ,      
atanawa01, 1944,     1, NYR , NHL , R  , 49.0, 13.0,   8.0,  21.0,  40.0,      ,     ,     ,     ,     ,     ,    ,      ,       ,      ,      ,        ,        ,        ,        ,        ,        ,        ,        ,      
atchebl01, 1992,     1, OTT , NHL , R  ,  4.0,  0.0,   1.0,   1.0,   0.0, -3.0 ,  0.0,  0.0,  0.0,  0.0,  0.0, 0.0,   2.0,       ,      ,      ,        ,        ,        ,        ,        ,        ,        ,        ,      
atchebl01, 1997,     1, STL , NHL , R  , 61.0, 11.0,  15.0,  26.0,  10.0, 5.0  ,  0.0,  0.0,  1.0,  1.0,  3.0, 0.0, 103.0,   10.0,   0.0,   0.0,     0.0,     2.0, -2.0   ,     0.0,     0.0,     0.0,     0.0,     0.0,    13.0
atchebl01, 1998,     1, NAS , NHL , R  , 53.0,  8.0,   6.0,  14.0,  16.0, -10.0,  2.0,  0.0,  0.0,  1.0,  1.0, 0.0,  70.0,       ,      ,      ,        ,        ,        ,        ,        ,        ,        ,        ,      
atchebl01, 1998,     2, STL , NHL , R  , 12.0,  2.0,   2.0,   4.0,   2.0, 2.0  ,  0.0,  0.0,  0.0,  1.0,  1.0, 0.0,  23.0,   13.0,   1.0,   3.0,     4.0,     6.0, 2.0    ,     0.0,     0.0,     0.0,     0.0,     0.0,    19.0
atchebl01, 1999,     1, CHI , NHL , R  , 47.0,  5.0,   7.0,  12.0,   6.0, -8.0 ,  0.0,  0.0,  0.0,  0.0,  0.0, 0.0,  48.0,       ,      ,      ,        ,        ,        ,        ,        ,        ,        ,        ,      
atchebl01, 2000,     1, CHI , NHL , R  , 19.0,  1.0,   2.0,   3.0,   2.0, -7.0 ,  0.0,  0.0,  0.0,  0.0,  0.0, 0.0,  18.0,       ,      ,      ,        ,        ,        ,        ,        ,        ,        ,        ,      
atkinar01, 1912,     1, MOW , NHA ,    ,  5.0,  0.0,   0.0,   0.0,   0.0,      ,     ,     ,     ,     ,     ,    ,      ,       ,      ,      ,        ,        ,        ,        ,        ,        ,        ,        ,      
atkinar01, 1913,     1, MOW , NHA ,    ,  3.0,  1.0,   2.0,   3.0,   0.0,      ,     ,     ,     ,     ,     ,    ,      ,       ,      ,      ,        ,        ,        ,        ,        ,        ,        ,        ,      
atkinst01, 1968,     1, BOS , NHL , R  ,  1.0,  0.0,   0.0,   0.0,   0.0, -1.0 ,  0.0,     ,  0.0,     ,  0.0, 0.0,   0.0,       ,      ,      ,        ,        ,        ,        ,        ,        ,        ,        ,      
atkinst01, 1970,     1, BUF , NHL , R  , 57.0, 20.0,  18.0,  38.0,  12.0, 1.0  ,  0.0,     ,  1.0,     ,  2.0, 3.0, 126.0,       ,      ,      ,        ,        ,        ,        ,        ,        ,        ,        ,      
atkinst01, 1971,     1, BUF , NHL , R  , 67.0, 14.0,  10.0,  24.0,  26.0, -22.0,  3.0,     ,  0.0,     ,  0.0, 1.0, 122.0,       ,      ,      ,        ,        ,        ,        ,        ,        ,        ,        ,      
atkinst01, 1972,     1, BUF , NHL , R  , 61.0,  9.0,   9.0,  18.0,  36.0, -5.0 ,  2.0,     ,  0.0,     ,  1.0, 1.0,  96.0,    1.0,   0.0,   0.0,     0.0,     0.0,        ,     0.0,        ,     0.0,        ,     0.0,      
atkinst01, 1973,     1, BUF , NHL , R  , 70.0,  6.0,  10.0,  16.0,  22.0, 1.0  ,  0.0,     ,  0.0,     ,  1.0, 0.0, 109.0,       ,      ,      ,        ,        ,        ,        ,        ,        ,        ,        ,      
atkinst01, 1974,     1, WAS , NHL , R  , 46.0, 11.0,   4.0,  15.0,   8.0, -26.0,  3.0,     ,  2.0,     ,  0.0, 1.0,  92.0,       ,      ,      ,        ,        ,        ,        ,        ,        ,        ,        ,      
atkinst01, 1975,     1, TOT , WHA , R  , 52.0,  2.0,   6.0,   8.0,  22.0, -7.0 ,  0.0,     ,  0.0,     ,  0.0,    ,  35.0,       ,      ,      ,        ,        ,        ,        ,        ,        ,        ,        ,      
attwebo01, 1979,     1, COR , NHL , R  ,  7.0,  1.0,   1.0,   2.0,   0.0, -5.0 ,  0.0,     ,  0.0,     ,  0.0, 0.0,   2.0,       ,      ,      ,        ,        ,        ,        ,        ,        ,        ,        ,      
attwebo01, 1980,     1, COR , NHL , R  , 15.0,  0.0,   4.0,   4.0,   0.0, 1.0  ,  0.0,     ,  0.0,     ,  0.0, 0.0,  11.0,       ,      ,      ,        ,        ,        ,        ,        ,        ,        ,        ,      
attwero01, 1967,     1, STL , NHL , C  , 18.0,  1.0,   7.0,   8.0,   6.0, -9.0 ,  1.0,     ,  0.0,     ,  0.0, 0.0,  31.0,       ,      ,      ,        ,        ,        ,        ,        ,        ,        ,        ,      
attwero01, 1967,     2, NYR , NHL , C  ,  4.0,  0.0,   0.0,   0.0,   2.0, 0.0  ,  0.0,     ,  0.0,     ,  0.0, 0.0,   2.0,       ,      ,      ,        ,        ,        ,        ,        ,        ,        ,        ,      
aubinje01, 1998,     1, PIT , NHL , G  , 17.0,  0.0,   0.0,   0.0,   0.0, 0.0  ,  0.0,  0.0,  0.0,  0.0,  0.0, 0.0,   0.0,       ,      ,      ,        ,        ,        ,        ,        ,        ,        ,        ,      
aubinje01, 1999,     1, PIT , NHL , G  , 51.0,  0.0,   1.0,   1.0,   2.0, 0.0  ,  0.0,  0.0,  0.0,  0.0,  0.0, 0.0,   0.0,       ,      ,      ,        ,        ,        ,        ,        ,        ,        ,        ,      
aubinje01, 2000,     1, PIT , NHL , G  , 36.0,  0.0,   1.0,   1.0,   4.0, 0.0  ,  0.0,  0.0,  0.0,  0.0,  0.0, 0.0,   0.0,    1.0,   0.0,   0.0,     0.0,     0.0, 0.0    ,     0.0,     0.0,     0.0,     0.0,     0.0,     0.0
aubinje01, 2001,     1, PIT , NHL , G  , 21.0,  0.0,   0.0,   0.0,   0.0, 0.0  ,  0.0,  0.0,  0.0,  0.0,  0.0, 0.0,   0.0,       ,      ,      ,        ,        ,        ,        ,        ,        ,        ,        ,      
aubinje01, 2002,     1, PIT , NHL , G  , 21.0,  0.0,   1.0,   1.0,   2.0, 0.0  ,  0.0,  1.0,  0.0,  0.0,  0.0, 0.0,   0.0,       ,      ,      ,        ,        ,        ,        ,        ,        ,        ,        ,      
aubinje01, 2003,     1, PIT , NHL , G  , 22.0,  0.0,   0.0,   0.0,   2.0, 0.0  ,  0.0,  0.0,  0.0,  0.0,  0.0, 0.0,   0.0,       ,      ,      ,        ,        ,        ,        ,        ,        ,        ,        ,      
aubinje01, 2005,     1, TOR , NHL , G  , 11.0,  0.0,   0.0,   0.0,   0.0, 0.0  ,  0.0,  0.0,  0.0,  0.0,  0.0,    ,   0.0,       ,      ,      ,        ,        ,        ,        ,        ,        ,        ,        ,      
aubinje01, 2006,     1, TOR , NHL , G  , 20.0,  0.0,   0.0,   0.0,   0.0, 0.0  ,  0.0,  0.0,  0.0,  0.0,  0.0,    ,   0.0,       ,      ,      ,        ,        ,        ,        ,        ,        ,        ,        ,      
aubinje01, 2007,     1, LAK , NHL , G  , 19.0,  0.0,   0.0,   0.0,   0.0, 0.0  ,  0.0,  0.0,  0.0,  0.0,  0.0,    ,   0.0,       ,      ,      ,        ,        ,        ,        ,        ,        ,        ,        ,      
aubinno01, 1981,     1, TOR , NHL , C  , 43.0, 14.0,  12.0,  26.0,  22.0, -16.0,  3.0,     ,  0.0,     ,  1.0, 0.0,  62.0,       ,      ,      ,        ,        ,        ,        ,        ,        ,        ,        ,      
aubinno01, 1982,     1, TOR , NHL , C  , 26.0,  4.0,   1.0,   5.0,   8.0, -9.0 ,  2.0,     ,  0.0,     ,  1.0, 0.0,  18.0,    1.0,   0.0,   0.0,     0.0,     0.0,        ,     0.0,        ,     0.0,        ,     0.0,      
aubinse01, 1998,     1, COL , NHL , C  ,  1.0,  0.0,   0.0,   0.0,   0.0, 0.0  ,  0.0,  0.0,  0.0,  0.0,  0.0, 0.0,   1.0,       ,      ,      ,        ,        ,        ,        ,        ,        ,        ,        ,      
aubinse01, 1999,     1, COL , NHL , L  , 15.0,  2.0,   1.0,   3.0,   6.0, 1.0  ,  0.0,  0.0,  0.0,  0.0,  1.0, 0.0,  14.0,   17.0,   0.0,   1.0,     1.0,     6.0, 1.0    ,     0.0,     0.0,     0.0,     0.0,     0.0,     8.0
aubinse01, 2000,     1, CBS , NHL , C  , 81.0, 13.0,  17.0,  30.0, 107.0, -20.0,  0.0,  0.0,  0.0,  1.0,  2.0, 1.0, 110.0,       ,      ,      ,        ,        ,        ,        ,        ,        ,        ,        ,      
aubinse01, 2001,     1, CBS , NHL , C  , 71.0,  8.0,   8.0,  16.0,  32.0, -20.0,  1.0,  0.0,  0.0,  0.0,  1.0, 0.0,  86.0,       ,      ,      ,        ,        ,        ,        ,        ,        ,        ,        ,      
aubinse01, 2002,     1, COL , NHL , C  , 66.0,  4.0,   6.0,  10.0,  64.0, -2.0 ,  0.0,  0.0,  0.0,  1.0,  1.0, 0.0,  62.0,    5.0,   0.0,   0.0,     0.0,     4.0, 1.0    ,     0.0,     0.0,     0.0,     0.0,     0.0,     4.0
aubinse01, 2003,     1, ATL , NHL , L  , 66.0, 10.0,  15.0,  25.0,  73.0, 0.0  ,  1.0,  1.0,  0.0,  1.0,  2.0, 0.0,  97.0,       ,      ,      ,        ,        ,        ,        ,        ,        ,        ,        ,      
aubinse01, 2005,     1, ATL , NHL , C  , 74.0,  7.0,  17.0,  24.0,  79.0, -4.0 ,  1.0,  1.0,  0.0,  2.0,  0.0,    ,  82.0,       ,      ,      ,        ,        ,        ,        ,        ,        ,        ,        ,      
aubrypi01, 1980,     1, QUE , NHL , C  ,  1.0,  0.0,   0.0,   0.0,   0.0, 0.0  ,  0.0,     ,  0.0,     ,  0.0, 0.0,   0.0,       ,      ,      ,        ,        ,        ,        ,        ,        ,        ,        ,      
aubrypi01, 1981,     1, QUE , NHL , C  , 62.0, 10.0,  13.0,  23.0,  27.0, -9.0 ,  0.0,     ,  1.0,     ,  1.0, 0.0,  62.0,   15.0,   1.0,   1.0,     2.0,    30.0,        ,     0.0,        ,     0.0,        ,     1.0,      
aubrypi01, 1982,     1, QUE , NHL , C  , 77.0,  7.0,   9.0,  16.0,  48.0, -6.0 ,  0.0,     ,  0.0,     ,  1.0, 0.0,  63.0,    2.0,   0.0,   0.0,     0.0,     0.0,        ,     0.0,        ,     0.0,        ,     0.0,      
aubrypi01, 1983,     1, QUE , NHL , C  , 23.0,  1.0,   1.0,   2.0,  17.0, -3.0 ,  0.0,     ,  0.0,     ,  0.0, 0.0,   9.0,       ,      ,      ,        ,        ,        ,        ,        ,        ,        ,        ,      
aubrypi01, 1983,     2, DET , NHL , L  , 14.0,  4.0,   1.0,   5.0,   8.0, -1.0 ,  0.0,     ,  0.0,     ,  0.0, 0.0,  13.0,    3.0,   0.0,   0.0,     0.0,     2.0, 0.0    ,     0.0,        ,     0.0,        ,     0.0,     3.0
aubrypi01, 1984,     1, DET , NHL , L  , 25.0,  2.0,   2.0,   4.0,  33.0, -1.0 ,  0.0,     ,  0.0,     ,  0.0, 0.0,  21.0,       ,      ,      ,        ,        ,        ,        ,        ,        ,        ,        ,      
aubryse01, 1972,     1, QUN , WHA , G  , 52.0,  0.0,   0.0,   0.0,  54.0,      ,  0.0,     ,  0.0,     ,     ,    ,      ,       ,      ,      ,        ,        ,        ,        ,        ,        ,        ,        ,      
aubryse01, 1973,     1, QUN , WHA , G  , 26.0,  0.0,   1.0,   1.0,   8.0,      ,  0.0,     ,  0.0,     ,  0.0,    ,      ,       ,      ,      ,        ,        ,        ,        ,        ,        ,        ,        ,      
aubryse01, 1974,     1, QUN , WHA , G  , 31.0,  0.0,   1.0,   1.0,  22.0,      ,  0.0,     ,  0.0,     ,  0.0,    ,   0.0,       ,      ,      ,        ,        ,        ,        ,        ,        ,        ,        ,      
aubryse01, 1975,     1, CIN , WHA , G  , 12.0,  0.0,   1.0,   1.0,   4.0, 0.0  ,  0.0,     ,  0.0,     ,  0.0,    ,   0.0,       ,      ,      ,        ,        ,        ,        ,        ,        ,        ,        ,      
aubryse01, 1976,     1, QUN , WHA , G  , 21.0,  0.0,   1.0,   1.0,   0.0, 0.0  ,  0.0,     ,  0.0,     ,  0.0,    ,   0.0,    3.0,   0.0,   0.0,     0.0,     0.0, 0.0    ,     0.0,        ,     0.0,        ,     0.0,      
aubucos01, 1942,     1, BOS , NHL , L  ,  3.0,  3.0,   0.0,   3.0,   0.0,      ,     ,     ,     ,     ,     ,    ,      ,    6.0,   1.0,   0.0,     1.0,     0.0,        ,        ,        ,        ,        ,        ,      
aubucos01, 1943,     1, BOS , NHL , L  ,  9.0,  1.0,   0.0,   1.0,   0.0,      ,     ,     ,     ,     ,     ,    ,      ,       ,      ,      ,        ,        ,        ,        ,        ,        ,        ,        ,      
aubucos01, 1943,     2, NYR , NHL , L  , 38.0, 16.0,  12.0,  28.0,   4.0,      ,     ,     ,     ,     ,     ,    ,      ,       ,      ,      ,        ,        ,        ,        ,        ,        ,        ,        ,      
aucoiad01, 1994,     1, VAN , NHL , D  ,  1.0,  1.0,   0.0,   1.0,   0.0, 1.0  ,  0.0,  0.0,  0.0,  0.0,  0.0, 0.0,   2.0,    4.0,   1.0,   0.0,     1.0,     0.0, -1.0   ,     1.0,     0.0,     0.0,     0.0,     0.0,     2.0
aucoiad01, 1995,     1, VAN , NHL , D  , 49.0,  4.0,  14.0,  18.0,  34.0, 8.0  ,  2.0,  6.0,  0.0,  0.0,  0.0, 0.0,  85.0,    6.0,   0.0,   0.0,     0.0,     2.0, -5.0   ,     0.0,     0.0,     0.0,     0.0,     0.0,     7.0
aucoiad01, 1996,     1, VAN , NHL , D  , 70.0,  5.0,  16.0,  21.0,  63.0, 0.0  ,  1.0,  3.0,  0.0,  0.0,  0.0, 0.0, 116.0,       ,      ,      ,        ,        ,        ,        ,        ,        ,        ,        ,      
aucoiad01, 1997,     1, VAN , NHL , D  , 35.0,  3.0,   3.0,   6.0,  21.0, -4.0 ,  1.0,  0.0,  0.0,  0.0,  1.0, 0.0,  44.0,       ,      ,      ,        ,        ,        ,        ,        ,        ,        ,        ,      
aucoiad01, 1998,     1, VAN , NHL , D  , 82.0, 23.0,  11.0,  34.0,  77.0, -14.0, 18.0,  3.0,  2.0,  0.0,  3.0, 1.0, 174.0,       ,      ,      ,        ,        ,        ,        ,        ,        ,        ,        ,      
aucoiad01, 1999,     1, VAN , NHL , D  , 57.0, 10.0,  14.0,  24.0,  30.0, 7.0  ,  4.0,  5.0,  0.0,  0.0,  1.0, 0.0, 126.0,       ,      ,      ,        ,        ,        ,        ,        ,        ,        ,        ,      
aucoiad01, 2000,     1, VAN , NHL , D  , 47.0,  3.0,  13.0,  16.0,  20.0, 13.0 ,  1.0,  7.0,  0.0,  0.0,  0.0, 0.0,  99.0,       ,      ,      ,        ,        ,        ,        ,        ,        ,        ,        ,      
aucoiad01, 2000,     2, TBL , NHL , D  , 26.0,  1.0,  11.0,  12.0,  25.0, -8.0 ,  1.0,  8.0,  0.0,  0.0,  0.0, 0.0,  60.0,       ,      ,      ,        ,        ,        ,        ,        ,        ,        ,        ,      
aucoiad01, 2001,     1, NYI , NHL , D  , 81.0, 12.0,  22.0,  34.0,  62.0, 23.0 ,  7.0, 12.0,  0.0,  2.0,  1.0, 0.0, 232.0,    7.0,   2.0,   5.0,     7.0,     4.0, -1.0   ,     2.0,     4.0,     0.0,     0.0,     0.0,    16.0
aucoiad01, 2002,     1, NYI , NHL , D  , 73.0,  8.0,  27.0,  35.0,  70.0, -5.0 ,  5.0, 15.0,  0.0,  2.0,  1.0, 0.0, 175.0,    5.0,   1.0,   2.0,     3.0,     4.0, -1.0   ,     0.0,     2.0,     0.0,     0.0,     0.0,    19.0
aucoiad01, 2003,     1, NYI , NHL , D  , 81.0, 13.0,  31.0,  44.0,  54.0, 29.0 ,  4.0, 13.0,  0.0,  0.0,  2.0, 1.0, 213.0,    5.0,   0.0,   0.0,     0.0,     6.0, -6.0   ,     0.0,     0.0,     0.0,     0.0,     0.0,    12.0
aucoiad01, 2005,     1, CHI , NHL , D  , 33.0,  1.0,   5.0,   6.0,  38.0, -13.0,  1.0,  4.0,  0.0,  0.0,  0.0,    ,  59.0,       ,      ,      ,        ,        ,        ,        ,        ,        ,        ,        ,      
aucoiad01, 2006,     1, CHI , NHL , D  , 59.0,  4.0,  12.0,  16.0,  50.0, -22.0,  2.0,  6.0,  0.0,  0.0,  3.0,    ,  96.0,       ,      ,      ,        ,        ,        ,        ,        ,        ,        ,        ,      
aucoiad01, 2007,     1, CAL , NHL , D  , 76.0, 10.0,  25.0,  35.0,  37.0, 13.0 ,  5.0, 15.0,  0.0,  0.0,  1.0,    , 121.0,    7.0,   0.0,   3.0,     3.0,     4.0, 3.0    ,     0.0,     2.0,     0.0,     0.0,     0.0,     6.0
aucoiad01, 2008,     1, CAL , NHL , D  , 81.0, 10.0,  24.0,  34.0,  46.0, -8.0 ,  3.0,  9.0,  0.0,  1.0,  3.0,    , 126.0,    6.0,   2.0,   1.0,     3.0,     2.0, -2.0   ,     0.0,     0.0,     0.0,     0.0,     0.0,    11.0
aucoiad01, 2009,     1, PHO , NHL , D  , 82.0,  8.0,  20.0,  28.0,  56.0, 2.0  ,  1.0, 11.0,  0.0,  0.0,  2.0,    , 144.0,    7.0,   0.0,   2.0,     2.0,    10.0, 3.0    ,     0.0,     0.0,     0.0,     0.0,     0.0,     7.0
aucoike01, 2005,     1, CAR , NHL , C  ,  7.0,  0.0,   1.0,   1.0,   4.0, -4.0 ,  0.0,  0.0,  0.0,  0.0,  0.0,    ,   3.0,       ,      ,      ,        ,        ,        ,        ,        ,        ,        ,        ,      
aucoike01, 2006,     1, CAR , NHL , R  ,  8.0,  0.0,   1.0,   1.0,   0.0, 1.0  ,  0.0,  1.0,  0.0,  0.0,  0.0,    ,   6.0,       ,      ,      ,        ,        ,        ,        ,        ,        ,        ,        ,      
aucoike01, 2007,     1, CAR , NHL , R  , 38.0,  5.0,   8.0,  13.0,  10.0, 3.0  ,  0.0,  1.0,  0.0,  0.0,  0.0,    ,  65.0,       ,      ,      ,        ,        ,        ,        ,        ,        ,        ,        ,      
aucoike01, 2008,     1, WAS , NHL , C  , 12.0,  2.0,   4.0,   6.0,   4.0, 5.0  ,  1.0,  0.0,  0.0,  0.0,  0.0,    ,  15.0,       ,      ,      ,        ,        ,        ,        ,        ,        ,        ,        ,      
aucoike01, 2009,     1, WAS , NHL , C  ,  9.0,  1.0,   4.0,   5.0,   0.0, -2.0 ,  0.0,  2.0,  0.0,  0.0,  0.0,    ,   4.0,       ,      ,      ,        ,        ,        ,        ,        ,        ,        ,        ,      
audetdo01, 1989,     1, BUF , NHL , R  ,     ,     ,      ,      ,      ,      ,     ,     ,     ,     ,     ,    ,      ,    2.0,   0.0,   0.0,     0.0,     0.0, -2.0   ,     0.0,     0.0,     0.0,     0.0,     0.0,     2.0
audetdo01, 1990,     1, BUF , NHL , R  ,  8.0,  4.0,   3.0,   7.0,   4.0, -1.0 ,  2.0,  0.0,  0.0,  0.0,  1.0, 0.0,  17.0,       ,      ,      ,        ,        ,        ,        ,        ,        ,        ,        ,      
audetdo01, 1991,     1, BUF , NHL , R  , 63.0, 31.0,  17.0,  48.0,  75.0, -1.0 ,  5.0,  3.0,  0.0,  0.0,  6.0, 1.0, 153.0,       ,      ,      ,        ,        ,        ,        ,        ,        ,        ,        ,      
audetdo01, 1992,     1, BUF , NHL , R  , 44.0, 12.0,   7.0,  19.0,  51.0, -8.0 ,  2.0,  0.0,  0.0,  0.0,  0.0, 0.0,  92.0,    8.0,   2.0,   2.0,     4.0,     6.0, 1.0    ,     0.0,     1.0,     0.0,     0.0,     0.0,    18.0
audetdo01, 1993,     1, BUF , NHL , R  , 77.0, 29.0,  30.0,  59.0,  41.0, 2.0  , 16.0, 12.0,  1.0,  0.0,  4.0, 0.0, 207.0,    7.0,   0.0,   1.0,     1.0,     6.0, -1.0   ,     0.0,     0.0,     0.0,     0.0,     0.0,     8.0
audetdo01, 1994,     1, BUF , NHL , R  , 46.0, 24.0,  13.0,  37.0,  27.0, -3.0 , 13.0, 10.0,  0.0,  0.0,  7.0, 0.0, 124.0,    5.0,   1.0,   1.0,     2.0,     4.0, -2.0   ,     1.0,     1.0,     0.0,     0.0,     0.0,    12.0
audetdo01, 1995,     1, BUF , NHL , R  , 23.0, 12.0,  13.0,  25.0,  18.0, 0.0  ,  8.0,  7.0,  0.0,  0.0,  1.0, 0.0,  92.0,       ,      ,      ,        ,        ,        ,        ,        ,        ,        ,        ,      
audetdo01, 1996,     1, BUF , NHL , R  , 73.0, 28.0,  22.0,  50.0,  48.0, -6.0 ,  8.0,  6.0,  0.0,  0.0,  5.0, 1.0, 182.0,   11.0,   4.0,   5.0,     9.0,     6.0, -3.0   ,     3.0,     2.0,     0.0,     0.0,     0.0,    33.0
audetdo01, 1997,     1, BUF , NHL , R  , 75.0, 24.0,  20.0,  44.0,  59.0, 10.0 , 10.0,  4.0,  0.0,  0.0,  5.0, 1.0, 198.0,   15.0,   5.0,   8.0,    13.0,    10.0, -4.0   ,     3.0,     3.0,     0.0,     0.0,     2.0,    31.0
audetdo01, 1998,     1, LAK , NHL , R  , 49.0, 18.0,  18.0,  36.0,  51.0, 7.0  ,  6.0,  9.0,  0.0,  0.0,  2.0, 0.0, 152.0,       ,      ,      ,        ,        ,        ,        ,        ,        ,        ,        ,      
audetdo01, 1999,     1, LAK , NHL , R  , 49.0, 12.0,  20.0,  32.0,  45.0, 6.0  ,  1.0,  7.0,  0.0,  0.0,  3.0, 0.0, 112.0,       ,      ,      ,        ,        ,        ,        ,        ,        ,        ,        ,      
audetdo01, 1999,     2, ATL , NHL , R  , 14.0,  7.0,   4.0,  11.0,  12.0, -4.0 ,  0.0,  2.0,  1.0,  0.0,  1.0, 0.0,  50.0,       ,      ,      ,        ,        ,        ,        ,        ,        ,        ,        ,      
audetdo01, 2000,     1, ATL , NHL , R  , 64.0, 32.0,  39.0,  71.0,  64.0, -3.0 , 13.0, 14.0,  1.0,  0.0,  2.0, 2.0, 187.0,       ,      ,      ,        ,        ,        ,        ,        ,        ,        ,        ,      
audetdo01, 2000,     2, BUF , NHL , R  , 12.0,  2.0,   6.0,   8.0,  12.0, 1.0  ,  1.0,  3.0,  0.0,  0.0,  1.0, 0.0,  38.0,   13.0,   3.0,   6.0,     9.0,     4.0, -1.0   ,     0.0,     1.0,     0.0,     0.0,     0.0,    32.0
audetdo01, 2001,     1, DAL , NHL , R  , 20.0,  4.0,   8.0,  12.0,  12.0, 2.0  ,  3.0,  2.0,  0.0,  0.0,  2.0, 0.0,  49.0,       ,      ,      ,        ,        ,        ,        ,        ,        ,        ,        ,      
audetdo01, 2001,     2, MTL , NHL , R  , 13.0,  1.0,   5.0,   6.0,   8.0, 1.0  ,  0.0,  4.0,  0.0,  0.0,  1.0, 0.0,  33.0,   12.0,   6.0,   4.0,    10.0,    10.0, -2.0   ,     2.0,     2.0,     0.0,     0.0,     2.0,    25.0
audetdo01, 2002,     1, MTL , NHL , R  , 54.0, 11.0,  12.0,  23.0,  19.0, -7.0 ,  4.0,  8.0,  0.0,  0.0,  4.0, 1.0, 118.0,       ,      ,      ,        ,        ,        ,        ,        ,        ,        ,        ,      
audetdo01, 2003,     1, MTL , NHL , R  , 23.0,  3.0,   5.0,   8.0,  16.0, -4.0 ,  0.0,  3.0,  0.0,  0.0,  0.0, 0.0,  41.0,       ,      ,      ,        ,        ,        ,        ,        ,        ,        ,        ,      
audetdo01, 2003,     2, FLO , NHL , R  , 28.0,  6.0,   7.0,  13.0,  22.0, -9.0 ,  5.0,  2.0,  0.0,  0.0,  0.0, 0.0,  66.0,       ,      ,      ,        ,        ,        ,        ,        ,        ,        ,        ,      
audetph01, 1998,     1, DET , NHL , L  ,  4.0,  0.0,   0.0,   0.0,   0.0, -2.0 ,  0.0,  0.0,  0.0,  0.0,  0.0, 0.0,   3.0,       ,      ,      ,        ,        ,        ,        ,        ,        ,        ,        ,      
augele01 , 1980,     1, COR , NHL , D  ,  6.0,  0.0,   3.0,   3.0,   4.0, -3.0 ,  0.0,     ,  0.0,     ,  0.0, 0.0,   3.0,       ,      ,      ,        ,        ,        ,        ,        ,        ,        ,        ,      
auguspa01, 1993,     1, TOR , NHL , R  ,  2.0,  0.0,   0.0,   0.0,   0.0, 0.0  ,  0.0,  0.0,  0.0,  0.0,  0.0, 0.0,   3.0,       ,      ,      ,        ,        ,        ,        ,        ,        ,        ,        ,      
auguspa01, 1998,     1, WAS , NHL , R  ,  2.0,  0.0,   0.0,   0.0,   0.0, 0.0  ,  0.0,  0.0,  0.0,  0.0,  0.0, 0.0,   4.0,       ,      ,      ,        ,        ,        ,        ,        ,        ,        ,        ,      
auldal01 , 2001,     1, VAN , NHL , G  ,  1.0,  0.0,   1.0,   1.0,   0.0, 0.0  ,  0.0,  0.0,  0.0,  0.0,  0.0, 0.0,   0.0,       ,      ,      ,        ,        ,        ,        ,        ,        ,        ,        ,      
auldal01 , 2002,     1, VAN , NHL , G  ,  7.0,  0.0,   0.0,   0.0,   0.0, 0.0  ,  0.0,  0.0,  0.0,  0.0,  0.0, 0.0,   0.0,    1.0,   0.0,   0.0,     0.0,     0.0, 0.0    ,     0.0,     0.0,     0.0,     0.0,     0.0,     0.0
auldal01 , 2003,     1, VAN , NHL , G  ,  6.0,  0.0,   0.0,   0.0,   0.0, 0.0  ,  0.0,  0.0,  0.0,  0.0,  0.0, 0.0,   0.0,    3.0,   0.0,   0.0,     0.0,     0.0, 0.0    ,     0.0,     0.0,     0.0,     0.0,     0.0,     0.0
auldal01 , 2005,     1, VAN , NHL , G  , 67.0,  0.0,   2.0,   2.0,   4.0, 0.0  ,  0.0,  1.0,  0.0,  0.0,  0.0,    ,   0.0,       ,      ,      ,        ,        ,        ,        ,        ,        ,        ,        ,      
auldal01 , 2006,     1, FLO , NHL , G  , 27.0,  0.0,   1.0,   1.0,   2.0, 0.0  ,  0.0,  0.0,  0.0,  0.0,  0.0,    ,   0.0,       ,      ,      ,        ,        ,        ,        ,        ,        ,        ,        ,      
auldal01 , 2007,     1, PHO , NHL , G  ,  9.0,  0.0,   0.0,   0.0,   0.0, 0.0  ,  0.0,  0.0,  0.0,  0.0,  0.0,    ,   0.0,       ,      ,      ,        ,        ,        ,        ,        ,        ,        ,        ,      
auldal01 , 2007,     2, BOS , NHL , G  , 23.0,  0.0,   0.0,   0.0,   0.0, 0.0  ,  0.0,  0.0,  0.0,  0.0,  0.0,    ,   0.0,       ,      ,      ,        ,        ,        ,        ,        ,        ,        ,        ,      
auldal01 , 2008,     1, OTT , NHL , G  , 43.0,  0.0,   0.0,   0.0,   2.0, 0.0  ,  0.0,  0.0,  0.0,  0.0,  0.0,    ,   0.0,       ,      ,      ,        ,        ,        ,        ,        ,        ,        ,        ,      
auldal01 , 2009,     1, DAL , NHL , G  , 21.0,  0.0,   2.0,   2.0,   2.0, 0.0  ,  0.0,  1.0,  0.0,  0.0,  0.0,    ,   0.0,       ,      ,      ,        ,        ,        ,        ,        ,        ,        ,        ,      
auldal01 , 2009,     2, NYR , NHL , G  ,  3.0,  0.0,   0.0,   0.0,   0.0, 0.0  ,  0.0,  0.0,  0.0,  0.0,  0.0,    ,   0.0,       ,      ,      ,        ,        ,        ,        ,        ,        ,        ,        ,      
aulinja01, 2002,     1, LAK , NHL , C  , 17.0,  2.0,   2.0,   4.0,   0.0, -3.0 ,  1.0,  2.0,  0.0,  0.0,  0.0, 0.0,  21.0,       ,      ,      ,        ,        ,        ,        ,        ,        ,        ,        ,      
auriela01, 1927,     1, DTC , NHL , R  , 44.0, 13.0,   3.0,  16.0,  43.0,      ,     ,     ,     ,     ,     ,    ,      ,       ,      ,      ,        ,        ,        ,        ,        ,        ,        ,        ,      
auriela01, 1928,     1, DTC , NHL , R  , 35.0,  1.0,   1.0,   2.0,  26.0,      ,     ,     ,     ,     ,     ,    ,      ,    2.0,   1.0,   0.0,     1.0,     2.0,        ,        ,        ,        ,        ,        ,      
auriela01, 1929,     1, DTC , NHL , R  , 43.0, 14.0,   5.0,  19.0,  28.0,      ,     ,     ,     ,     ,     ,    ,      ,       ,      ,      ,        ,        ,        ,        ,        ,        ,        ,        ,      
auriela01, 1930,     1, DTF , NHL , R  , 41.0, 12.0,   6.0,  18.0,  23.0,      ,     ,     ,     ,     ,     ,    ,      ,       ,      ,      ,        ,        ,        ,        ,        ,        ,        ,        ,      
auriela01, 1931,     1, DTF , NHL , R  , 48.0, 13.0,   8.0,  21.0,  18.0,      ,     ,     ,     ,     ,     ,    ,      ,    2.0,   0.0,   0.0,     0.0,     0.0,        ,        ,        ,        ,        ,        ,      
auriela01, 1932,     1, DET , NHL , R  , 45.0, 12.0,  11.0,  23.0,  25.0,      ,     ,     ,     ,     ,     ,    ,      ,    4.0,   1.0,   0.0,     1.0,     4.0,        ,        ,        ,        ,        ,        ,      
auriela01, 1933,     1, DET , NHL , R  , 48.0, 16.0,  19.0,  35.0,  36.0,      ,     ,     ,     ,     ,     ,    ,      ,    9.0,   3.0,   7.0,    10.0,     2.0,        ,        ,        ,        ,        ,        ,      
auriela01, 1934,     1, DET , NHL , R  , 48.0, 17.0,  29.0,  46.0,  24.0,      ,     ,     ,     ,     ,     ,    ,      ,       ,      ,      ,        ,        ,        ,        ,        ,        ,        ,        ,      
auriela01, 1935,     1, DET , NHL , R  , 44.0, 16.0,  18.0,  34.0,  17.0,      ,     ,     ,     ,     ,     ,    ,      ,    7.0,   1.0,   2.0,     3.0,     2.0,        ,        ,        ,        ,        ,        ,      
auriela01, 1936,     1, DET , NHL , R  , 45.0, 23.0,  20.0,  43.0,  20.0,      ,     ,     ,     ,     ,     ,    ,      ,       ,      ,      ,        ,        ,        ,        ,        ,        ,        ,        ,      
auriela01, 1937,     1, DET , NHL , R  , 47.0, 10.0,   9.0,  19.0,  19.0,      ,     ,     ,     ,     ,     ,    ,      ,       ,      ,      ,        ,        ,        ,        ,        ,        ,        ,        ,      
auriela01, 1938,     1, DET , NHL , R  ,  1.0,  1.0,   0.0,   1.0,   0.0,      ,     ,     ,     ,     ,     ,    ,      ,       ,      ,      ,        ,        ,        ,        ,        ,        ,        ,        ,      
averyse01, 2001,     1, DET , NHL , C  , 36.0,  2.0,   2.0,   4.0,  68.0, 1.0  ,  0.0,  1.0,  0.0,  0.0,  1.0, 0.0,  30.0,       ,      ,      ,        ,        ,        ,        ,        ,        ,        ,        ,      
averyse01, 2002,     1, DET , NHL , C  , 39.0,  5.0,   6.0,  11.0, 120.0, 7.0  ,  0.0,  1.0,  0.0,  0.0,  2.0, 0.0,  40.0,       ,      ,      ,        ,        ,        ,        ,        ,        ,        ,        ,      
averyse01, 2002,     2, LAK , NHL , C  , 12.0,  1.0,   3.0,   4.0,  33.0, 0.0  ,  0.0,  2.0,  0.0,  0.0,  0.0, 0.0,  19.0,       ,      ,      ,        ,        ,        ,        ,        ,        ,        ,        ,      
averyse01, 2003,     1, LAK , NHL , L  , 76.0,  9.0,  19.0,  28.0, 261.0, 2.0  ,  0.0,  0.0,  0.0,  0.0,  2.0, 1.0, 125.0,       ,      ,      ,        ,        ,        ,        ,        ,        ,        ,        ,      
averyse01, 2005,     1, LAK , NHL , C  , 75.0, 15.0,  24.0,  39.0, 257.0, -5.0 ,  1.0,  3.0,  3.0,  0.0,  1.0,    , 189.0,       ,      ,      ,        ,        ,        ,        ,        ,        ,        ,        ,      
averyse01, 2006,     1, LAK , NHL , L  , 55.0, 10.0,  18.0,  28.0, 116.0, -10.0,  1.0,  8.0,  1.0,  0.0,  2.0,    , 160.0,       ,      ,      ,        ,        ,        ,        ,        ,        ,        ,        ,      
averyse01, 2006,     2, NYR , NHL , L  , 29.0,  8.0,  12.0,  20.0,  58.0, 11.0 ,  1.0,  5.0,  0.0,  1.0,  0.0,    ,  89.0,   10.0,   1.0,   4.0,     5.0,    27.0, -3.0   ,     0.0,     1.0,     0.0,     0.0,     0.0,    42.0
averyse01, 2007,     1, NYR , NHL , L  , 57.0, 15.0,  18.0,  33.0, 154.0, 6.0  ,  2.0,  2.0,  0.0,  1.0,  4.0,    , 125.0,    8.0,   4.0,   3.0,     7.0,     6.0, 3.0    ,     1.0,     0.0,     0.0,     0.0,     1.0,    13.0
averyse01, 2008,     1, DAL , NHL , L  , 23.0,  3.0,   7.0,  10.0,  77.0, 2.0  ,  0.0,  3.0,  0.0,  0.0,  0.0,    ,  49.0,       ,      ,      ,        ,        ,        ,        ,        ,        ,        ,        ,      
averyse01, 2008,     2, NYR , NHL , L  , 18.0,  5.0,   7.0,  12.0,  34.0, 4.0  ,  2.0,  0.0,  0.0,  0.0,  0.0,    ,  50.0,    6.0,   0.0,   2.0,     2.0,    24.0, -3.0   ,     0.0,     1.0,     0.0,     0.0,     0.0,    15.0
averyse01, 2009,     1, NYR , NHL , C  , 69.0, 11.0,  20.0,  31.0, 160.0, 0.0  ,  3.0,  6.0,  0.0,  0.0,  1.0,    , 139.0,       ,      ,      ,        ,        ,        ,        ,        ,        ,        ,        ,      
awreydo01, 1963,     1, BOS , NHL , D  , 16.0,  1.0,   0.0,   1.0,   4.0,      ,  0.0,     ,  0.0,     ,  0.0, 0.0,      ,       ,      ,      ,        ,        ,        ,        ,        ,        ,        ,        ,      
awreydo01, 1964,     1, BOS , NHL , D  , 47.0,  2.0,   3.0,   5.0,  41.0,      ,  0.0,     ,  0.0,     ,  0.0, 0.0,      ,       ,      ,      ,        ,        ,        ,        ,        ,        ,        ,        ,      
awreydo01, 1965,     1, BOS , NHL , D  , 70.0,  4.0,   3.0,   7.0,  74.0,      ,  2.0,     ,  0.0,     ,  0.0, 0.0,      ,       ,      ,      ,        ,        ,        ,        ,        ,        ,        ,        ,      
awreydo01, 1966,     1, BOS , NHL , D  ,  4.0,  1.0,   0.0,   1.0,   6.0,      ,  0.0,     ,  0.0,     ,  0.0, 0.0,      ,       ,      ,      ,        ,        ,        ,        ,        ,        ,        ,        ,      
awreydo01, 1967,     1, BOS , NHL , D  , 74.0,  3.0,  12.0,  15.0, 150.0, 18.0 ,  0.0,     ,  0.0,     ,  0.0, 0.0,  92.0,    4.0,   0.0,   1.0,     1.0,     4.0,        ,     0.0,        ,     0.0,        ,     0.0,      
awreydo01, 1968,     1, BOS , NHL , D  , 73.0,  0.0,  13.0,  13.0, 149.0, 25.0 ,  0.0,     ,  0.0,     ,  0.0, 0.0,  72.0,   10.0,   0.0,   1.0,     1.0,    28.0,        ,     0.0,        ,     0.0,        ,     0.0,      
awreydo01, 1969,     1, BOS , NHL , D  , 73.0,  3.0,  10.0,  13.0, 120.0, 27.0 ,  0.0,     ,  0.0,     ,  0.0, 0.0,  96.0,   14.0,   0.0,   5.0,     5.0,    32.0,        ,     0.0,        ,     0.0,        ,     0.0,      
awreydo01, 1970,     1, BOS , NHL , D  , 74.0,  4.0,  21.0,  25.0, 141.0, 40.0 ,  0.0,     ,  0.0,     ,  1.0, 0.0, 108.0,    7.0,   0.0,   0.0,     0.0,    17.0,        ,     0.0,        ,     0.0,        ,     0.0,      
awreydo01, 1971,     1, BOS , NHL , D  , 34.0,  1.0,   8.0,   9.0,  52.0, 20.0 ,  0.0,     ,  0.0,     ,  0.0, 0.0,  53.0,   15.0,   0.0,   4.0,     4.0,    45.0,        ,     0.0,        ,     0.0,        ,     0.0,      
awreydo01, 1972,     1, BOS , NHL , D  , 78.0,  2.0,  17.0,  19.0,  90.0, 29.0 ,  0.0,     ,  0.0,     ,  0.0, 0.0, 110.0,    4.0,   0.0,   0.0,     0.0,     6.0,        ,     0.0,        ,     0.0,        ,     0.0,      
awreydo01, 1973,     1, STL , NHL , D  , 75.0,  5.0,  16.0,  21.0,  51.0, -7.0 ,  1.0,     ,  0.0,     ,  0.0, 0.0,  94.0,       ,      ,      ,        ,        ,        ,        ,        ,        ,        ,        ,      
awreydo01, 1974,     1, STL , NHL , D  , 20.0,  0.0,   8.0,   8.0,   4.0, -8.0 ,  0.0,     ,  0.0,     ,  0.0, 0.0,  17.0,       ,      ,      ,        ,        ,        ,        ,        ,        ,        ,        ,      
awreydo01, 1974,     2, MTL , NHL , D  , 56.0,  1.0,  11.0,  12.0,  58.0, 21.0 ,  0.0,     ,  0.0,     ,  0.0, 0.0,  40.0,   11.0,   0.0,   6.0,     6.0,    12.0,        ,     0.0,        ,     0.0,        ,     0.0,      
awreydo01, 1975,     1, MTL , NHL , D  , 72.0,  0.0,  12.0,  12.0,  29.0, 30.0 ,  0.0,     ,  0.0,     ,  0.0, 0.0,  60.0,       ,      ,      ,        ,        ,        ,        ,        ,        ,        ,        ,      
awreydo01, 1976,     1, PIT , NHL , D  , 79.0,  1.0,  12.0,  13.0,  40.0, -2.0 ,  0.0,     ,  0.0,     ,  0.0, 0.0,  45.0,    3.0,   0.0,   1.0,     1.0,     0.0,        ,     0.0,        ,     0.0,        ,     0.0,      
awreydo01, 1977,     1, NYR , NHL , D  , 78.0,  2.0,   8.0,  10.0,  38.0, -14.0,  0.0,     ,  0.0,     ,  1.0, 0.0,  40.0,    3.0,   0.0,   0.0,     0.0,     6.0,        ,     0.0,        ,     0.0,        ,     0.0,      
awreydo01, 1978,     1, COR , NHL , D  , 56.0,  1.0,   4.0,   5.0,  18.0, -33.0,  0.0,     ,  0.0,     ,  0.0, 0.0,  40.0,       ,      ,      ,        ,        ,        ,        ,        ,        ,        ,        ,      
axelspj01, 1997,     1, BOS , NHL , L  , 82.0,  8.0,  19.0,  27.0,  38.0, -14.0,  2.0,  0.0,  0.0,  0.0,  1.0, 0.0, 144.0,    6.0,   1.0,   0.0,     1.0,     0.0, -3.0   ,     0.0,     0.0,     0.0,     0.0,     0.0,    13.0
axelspj01, 1998,     1, BOS , NHL , L  , 77.0,  7.0,  10.0,  17.0,  18.0, -14.0,  0.0,  1.0,  0.0,  1.0,  2.0, 0.0, 146.0,   12.0,   1.0,   1.0,     2.0,     4.0, -1.0   ,     0.0,     0.0,     0.0,     0.0,     0.0,    20.0
axelspj01, 1999,     1, BOS , NHL , L  , 81.0, 10.0,  16.0,  26.0,  24.0, 1.0  ,  0.0,  1.0,  0.0,  0.0,  4.0, 0.0, 186.0,       ,      ,      ,        ,        ,        ,        ,        ,        ,        ,        ,      
axelspj01, 2000,     1, BOS , NHL , L  , 81.0,  8.0,  15.0,  23.0,  27.0, -12.0,  0.0,  0.0,  0.0,  0.0,  2.0, 0.0, 146.0,       ,      ,      ,        ,        ,        ,        ,        ,        ,        ,        ,      
axelspj01, 2001,     1, BOS , NHL , L  , 78.0,  7.0,  17.0,  24.0,  16.0, 6.0  ,  0.0,  0.0,  2.0,  2.0,  0.0, 0.0, 127.0,    6.0,   2.0,   1.0,     3.0,     6.0, 2.0    ,     0.0,     0.0,     1.0,     0.0,     1.0,     9.0
axelspj01, 2002,     1, BOS , NHL , L  , 66.0, 17.0,  19.0,  36.0,  24.0, 8.0  ,  2.0,  2.0,  2.0,  2.0,  1.0, 0.0, 122.0,    5.0,   0.0,   0.0,     0.0,     6.0, -2.0   ,     0.0,     0.0,     0.0,     0.0,     0.0,    10.0
axelspj01, 2003,     1, BOS , NHL , L  , 68.0,  6.0,  14.0,  20.0,  42.0, 2.0  ,  0.0,  0.0,  0.0,  1.0,  1.0, 1.0, 107.0,    7.0,   0.0,   0.0,     0.0,     4.0, -2.0   ,     0.0,     0.0,     0.0,     0.0,     0.0,    10.0
axelspj01, 2005,     1, BOS , NHL , L  , 59.0, 10.0,  18.0,  28.0,   4.0, -3.0 ,  1.0,  1.0,  2.0,  1.0,  1.0,    , 113.0,       ,      ,      ,        ,        ,        ,        ,        ,        ,        ,        ,      
axelspj01, 2006,     1, BOS , NHL , L  , 55.0, 11.0,  16.0,  27.0,  52.0, -10.0,  3.0,  7.0,  2.0,  0.0,  0.0,    ,  81.0,       ,      ,      ,        ,        ,        ,        ,        ,        ,        ,        ,      
axelspj01, 2007,     1, BOS , NHL , L  , 75.0, 13.0,  16.0,  29.0,  15.0, 11.0 ,  0.0,  0.0,  2.0,  2.0,  2.0,    , 100.0,    7.0,   0.0,   0.0,     0.0,     2.0, -4.0   ,     0.0,     0.0,     0.0,     0.0,     0.0,    14.0
axelspj01, 2008,     1, BOS , NHL , L  , 75.0,  6.0,  24.0,  30.0,  16.0, -1.0 ,  2.0,  9.0,  0.0,  0.0,  0.0,    ,  87.0,   11.0,   0.0,   1.0,     1.0,     2.0, -6.0   ,     0.0,     0.0,     0.0,     0.0,     0.0,     9.0
ayresve01, 1930,     1, NYA , NHL , D  , 26.0,  2.0,   1.0,   3.0,  54.0,      ,     ,     ,     ,     ,     ,    ,      ,       ,      ,      ,        ,        ,        ,        ,        ,        ,        ,        ,      
ayresve01, 1931,     1, NYA , NHL , D  , 45.0,  2.0,   4.0,   6.0,  82.0,      ,     ,     ,     ,     ,     ,    ,      ,       ,      ,      ,        ,        ,        ,        ,        ,        ,        ,        ,      
ayresve01, 1932,     1, NYA , NHL , D  , 48.0,  0.0,   3.0,   3.0,  97.0,      ,     ,     ,     ,     ,     ,    ,      ,       ,      ,      ,        ,        ,        ,        ,        ,        ,        ,        ,      
ayresve01, 1933,     1, MTM , NHL , D  , 17.0,  0.0,   0.0,   0.0,  19.0,      ,     ,     ,     ,     ,     ,    ,      ,       ,      ,      ,        ,        ,        ,        ,        ,        ,        ,        ,      
ayresve01, 1934,     1, STE , NHL , D  , 47.0,  2.0,   2.0,   4.0,  60.0,      ,     ,     ,     ,     ,     ,    ,      ,       ,      ,      ,        ,        ,        ,        ,        ,        ,        ,        ,      
ayresve01, 1935,     1, NYR , NHL , D  , 28.0,  0.0,   4.0,   4.0,  38.0,      ,     ,     ,     ,     ,     ,    ,      ,       ,      ,      ,        ,        ,        ,        ,        ,        ,        ,        ,      
babanpe01, 1947,     1, BOS , NHL , L  , 60.0, 23.0,  11.0,  34.0,  52.0,      ,     ,     ,     ,     ,     ,    ,      ,    5.0,   1.0,   1.0,     2.0,     2.0,        ,        ,        ,        ,        ,        ,      
babanpe01, 1948,     1, BOS , NHL , L  , 58.0, 19.0,  14.0,  33.0,  34.0,      ,     ,     ,     ,     ,     ,    ,      ,    4.0,   0.0,   0.0,     0.0,     2.0,        ,        ,        ,        ,        ,        ,      
babanpe01, 1949,     1, DET , NHL , L  , 56.0,  6.0,   6.0,  12.0,  25.0,      ,     ,     ,     ,     ,     ,    ,      ,    8.0,   2.0,   2.0,     4.0,     2.0,        ,        ,        ,        ,        ,        ,      
babanpe01, 1950,     1, CHI , NHL , L  , 70.0, 18.0,  19.0,  37.0,  36.0,      ,     ,     ,     ,     ,     ,    ,      ,       ,      ,      ,        ,        ,        ,        ,        ,        ,        ,        ,      
babanpe01, 1951,     1, CHI , NHL , L  , 49.0, 11.0,  14.0,  25.0,  29.0,      ,     ,     ,     ,     ,     ,    ,      ,       ,      ,      ,        ,        ,        ,        ,        ,        ,        ,        ,      
babanpe01, 1952,     1, CHI , NHL , L  , 29.0,  5.0,   5.0,  10.0,  14.0,      ,     ,     ,     ,     ,     ,    ,      ,       ,      ,      ,        ,        ,        ,        ,        ,        ,        ,        ,      
babanpe01, 1952,     2, NYR , NHL , L  , 29.0,  4.0,   4.0,   8.0,   4.0,      ,     ,     ,     ,     ,     ,    ,      ,       ,      ,      ,        ,        ,        ,        ,        ,        ,        ,        ,      
babarse01, 1977,     1, SOV , WHA , G  ,  5.0,  0.0,   1.0,   1.0,   0.0,      ,     ,     ,     ,     ,     ,    ,      ,       ,      ,      ,        ,        ,        ,        ,        ,        ,        ,        ,      
babarse01, 1978,     1, SOV , WHA , G  ,  2.0,  0.0,   0.0,   0.0,   0.0,      ,     ,     ,     ,     ,     ,    ,      ,       ,      ,      ,        ,        ,        ,        ,        ,        ,        ,        ,      
babchan01, 2003,     1, CHI , NHL , D  ,  5.0,  0.0,   2.0,   2.0,   2.0, -1.0 ,  0.0,  1.0,  0.0,  0.0,  0.0, 0.0,  11.0,       ,      ,      ,        ,        ,        ,        ,        ,        ,        ,        ,      
babchan01, 2005,     1, CHI , NHL , D  , 17.0,  2.0,   3.0,   5.0,  16.0, -5.0 ,  1.0,  2.0,  0.0,  0.0,  0.0,    ,  24.0,       ,      ,      ,        ,        ,        ,        ,        ,        ,        ,        ,      
babchan01, 2005,     2, CAR , NHL , D  , 22.0,  3.0,   2.0,   5.0,   6.0, -2.0 ,  2.0,  2.0,  0.0,  0.0,  0.0,    ,  32.0,       ,      ,      ,        ,        ,        ,        ,        ,        ,        ,        ,      
babchan01, 2006,     1, CAR , NHL , D  , 52.0,  2.0,  12.0,  14.0,  30.0, -6.0 ,  0.0,  3.0,  0.0,  1.0,  2.0,    ,  63.0,       ,      ,      ,        ,        ,        ,        ,        ,        ,        ,        ,      
babchan01, 2008,     1, CAR , NHL , D  , 72.0, 16.0,  19.0,  35.0,  16.0, 13.0 ,  9.0,  6.0,  0.0,  0.0,  4.0,    , 127.0,   13.0,   0.0,   1.0,     1.0,    10.0, -5.0   ,     0.0,     1.0,     0.0,     0.0,     0.0,    21.0
babcobo01, 1990,     1, WAS , NHL , D  ,  1.0,  0.0,   0.0,   0.0,   0.0, 0.0  ,  0.0,  0.0,  0.0,  0.0,  0.0, 0.0,   0.0,       ,      ,      ,        ,        ,        ,        ,        ,        ,        ,        ,      
babcobo01, 1992,     1, WAS , NHL , D  ,  1.0,  0.0,   0.0,   0.0,   2.0, 0.0  ,  0.0,  0.0,  0.0,  0.0,  0.0, 0.0,   0.0,       ,      ,      ,        ,        ,        ,        ,        ,        ,        ,        ,      
babenyu01, 2000,     1, COL , NHL , C  ,  3.0,  0.0,   0.0,   0.0,   0.0, 0.0  ,  0.0,  0.0,  0.0,  0.0,  0.0, 0.0,   2.0,       ,      ,      ,        ,        ,        ,        ,        ,        ,        ,        ,      
babewa01 , 1987,     1, MNS , NHL , L  ,  6.0,  0.0,   1.0,   1.0,   4.0, -1.0 ,  0.0,  0.0,  0.0,  0.0,  0.0, 0.0,   2.0,       ,      ,      ,        ,        ,        ,        ,        ,        ,        ,        ,      
babewa01 , 1988,     1, MNS , NHL , L  , 14.0,  2.0,   3.0,   5.0,  19.0, 3.0  ,  0.0,  0.0,  0.0,  0.0,  0.0, 0.0,  15.0,    2.0,   0.0,   0.0,     0.0,     0.0, -1.0   ,     0.0,     0.0,     0.0,     0.0,     0.0,     1.0
babewa01 , 1990,     1, MNS , NHL , L  ,  1.0,  0.0,   1.0,   1.0,   0.0, 1.0  ,  0.0,  0.0,  0.0,  0.0,  0.0, 0.0,   0.0,       ,      ,      ,        ,        ,        ,        ,        ,        ,        ,        ,      
babinmi01, 1975,     1, STL , NHL , C  ,  8.0,  0.0,   0.0,   0.0,   0.0, -2.0 ,  0.0,     ,  0.0,     ,  0.0, 0.0,   2.0,       ,      ,      ,        ,        ,        ,        ,        ,        ,        ,        ,      
babycda01, 1980,     1, WIN , NHL , D  , 69.0,  6.0,  38.0,  44.0,  90.0, -61.0,  3.0,     ,  0.0,     ,  0.0, 0.0, 209.0,       ,      ,      ,        ,        ,        ,        ,        ,        ,        ,        ,      
babycda01, 1981,     1, WIN , NHL , D  , 79.0, 19.0,  49.0,  68.0,  92.0, -11.0, 11.0,     ,  0.0,     ,  2.0, 3.0, 262.0,    4.0,   1.0,   2.0,     3.0,    29.0,        ,     1.0,        ,     0.0,        ,     0.0,      
babycda01, 1982,     1, WIN , NHL , D  , 79.0, 13.0,  61.0,  74.0,  56.0, -10.0,  7.0,     ,  0.0,     ,  1.0, 0.0, 253.0,    3.0,   0.0,   0.0,     0.0,     0.0,        ,     0.0,        ,     0.0,        ,     0.0,      
babycda01, 1983,     1, WIN , NHL , D  , 66.0, 18.0,  39.0,  57.0,  62.0, -31.0, 10.0,     ,  0.0,     ,  4.0, 0.0, 233.0,    3.0,   1.0,   1.0,     2.0,     0.0, -6.0   ,     1.0,        ,     0.0,        ,     0.0,    13.0
babycda01, 1984,     1, WIN , NHL , D  , 78.0, 13.0,  49.0,  62.0,  78.0, -16.0,  6.0,     ,  0.0,     ,  1.0, 0.0, 239.0,    8.0,   2.0,   7.0,     9.0,     6.0, -3.0   ,     2.0,        ,     0.0,        ,     0.0,    20.0
babycda01, 1985,     1, WIN , NHL , D  , 19.0,  4.0,  12.0,  16.0,  14.0, -1.0 ,  2.0,     ,  0.0,     ,  0.0, 0.0,  53.0,       ,      ,      ,        ,        ,        ,        ,        ,        ,        ,        ,      
babycda01, 1985,     2, HAR , NHL , D  , 62.0, 10.0,  43.0,  53.0,  36.0, 2.0  ,  7.0,     ,  1.0,     ,  2.0, 0.0, 152.0,    8.0,   1.0,   3.0,     4.0,    14.0, 0.0    ,     0.0,        ,     0.0,        ,     0.0,    18.0
babycda01, 1986,     1, HAR , NHL , D  , 66.0,  8.0,  33.0,  41.0,  44.0, -18.0,  7.0,     ,  0.0,     ,  1.0, 0.0, 157.0,    6.0,   1.0,   1.0,     2.0,    14.0, -4.0   ,     1.0,        ,     0.0,        ,     0.0,    27.0
babycda01, 1987,     1, HAR , NHL , D  , 71.0, 14.0,  36.0,  50.0,  54.0, -25.0, 10.0, 27.0,  0.0,  1.0,  2.0, 1.0, 233.0,    6.0,   3.0,   2.0,     5.0,     2.0, -1.0   ,     0.0,     2.0,     0.0,     0.0,     0.0,    23.0
babycda01, 1988,     1, HAR , NHL , D  , 70.0,  6.0,  41.0,  47.0,  54.0, -5.0 ,  4.0, 25.0,  0.0,  0.0,  2.0, 0.0, 172.0,    4.0,   1.0,   5.0,     6.0,     2.0, 1.0    ,     0.0,     1.0,     0.0,     0.0,     0.0,    16.0
babycda01, 1989,     1, HAR , NHL , D  , 72.0,  6.0,  37.0,  43.0,  62.0, -16.0,  4.0, 21.0,  0.0,  0.0,  1.0, 0.0, 164.0,    7.0,   1.0,   2.0,     3.0,     0.0, 5.0    ,     0.0,     0.0,     0.0,     0.0,     0.0,    14.0
babycda01, 1990,     1, HAR , NHL , D  ,  8.0,  0.0,   6.0,   6.0,   4.0, -4.0 ,  0.0,  6.0,  0.0,  0.0,  0.0, 0.0,  15.0,       ,      ,      ,        ,        ,        ,        ,        ,        ,        ,        ,      
babycda01, 1991,     1, VAN , NHL , D  , 75.0,  5.0,  24.0,  29.0,  63.0, -2.0 ,  4.0, 12.0,  0.0,  0.0,  1.0, 0.0, 148.0,   13.0,   2.0,   6.0,     8.0,    10.0, 6.0    ,     1.0,     1.0,     0.0,     0.0,     1.0,    25.0
babycda01, 1992,     1, VAN , NHL , D  , 43.0,  3.0,  16.0,  19.0,  44.0, 6.0  ,  3.0,  6.0,  0.0,  0.0,  0.0, 0.0,  78.0,   12.0,   2.0,   5.0,     7.0,     6.0, -2.0   ,     1.0,     2.0,     0.0,     0.0,     0.0,    25.0
babycda01, 1993,     1, VAN , NHL , D  , 73.0,  4.0,  28.0,  32.0,  52.0, 0.0  ,  0.0,  8.0,  0.0,  0.0,  2.0, 0.0,  96.0,   24.0,   3.0,   5.0,     8.0,    12.0, 4.0    ,     0.0,     1.0,     0.0,     0.0,     1.0,    26.0
babycda01, 1994,     1, VAN , NHL , D  , 40.0,  3.0,  11.0,  14.0,  18.0, -13.0,  1.0,  5.0,  0.0,  0.0,  0.0, 0.0,  58.0,   11.0,   2.0,   2.0,     4.0,    14.0, -8.0   ,     1.0,     1.0,     1.0,     0.0,     0.0,    16.0
babycda01, 1995,     1, VAN , NHL , D  , 53.0,  3.0,  21.0,  24.0,  38.0, -5.0 ,  3.0,  6.0,  0.0,  1.0,  0.0, 0.0,  69.0,       ,      ,      ,        ,        ,        ,        ,        ,        ,        ,        ,      
babycda01, 1996,     1, VAN , NHL , D  , 78.0,  5.0,  22.0,  27.0,  38.0, -2.0 ,  2.0,  2.0,  0.0,  2.0,  1.0, 0.0, 105.0,       ,      ,      ,        ,        ,        ,        ,        ,        ,        ,        ,      
babycda01, 1997,     1, VAN , NHL , D  , 47.0,  0.0,   9.0,   9.0,  37.0, -11.0,  0.0,  1.0,  0.0,  0.0,  0.0, 0.0,  40.0,       ,      ,      ,        ,        ,        ,        ,        ,        ,        ,        ,      
babycda01, 1997,     2, PHI , NHL , D  ,  6.0,  0.0,   0.0,   0.0,  12.0, 2.0  ,  0.0,  0.0,  0.0,  0.0,  0.0, 0.0,   6.0,    5.0,   1.0,   0.0,     1.0,     4.0, 2.0    ,     1.0,     0.0,     0.0,     0.0,     0.0,    12.0
babycda01, 1998,     1, PHI , NHL , D  , 33.0,  2.0,   4.0,   6.0,  20.0, 0.0  ,  2.0,  3.0,  0.0,  0.0,  0.0, 0.0,  44.0,       ,      ,      ,        ,        ,        ,        ,        ,        ,        ,        ,      
babycda01, 1998,     2, LAK , NHL , D  ,  8.0,  0.0,   2.0,   2.0,   2.0, -2.0 ,  0.0,  0.0,  0.0,  0.0,  0.0, 0.0,   5.0,       ,      ,      ,        ,        ,        ,        ,        ,        ,        ,        ,      
babycwa01, 1978,     1, STL , NHL , R  , 67.0, 27.0,  36.0,  63.0,  75.0, -11.0, 11.0,     ,  0.0,     ,  0.0, 0.0, 196.0,       ,      ,      ,        ,        ,        ,        ,        ,        ,        ,        ,      
babycwa01, 1979,     1, STL , NHL , R  , 59.0, 26.0,  35.0,  61.0,  49.0, 11.0 ,  7.0,     ,  0.0,     ,  3.0, 1.0, 159.0,    3.0,   1.0,   2.0,     3.0,     2.0,        ,     0.0,        ,     0.0,        ,     0.0,      
babycwa01, 1980,     1, STL , NHL , R  , 78.0, 54.0,  42.0,  96.0,  93.0, 14.0 , 14.0,     ,  0.0,     ,  7.0, 5.0, 306.0,   11.0,   2.0,   0.0,     2.0,     8.0,        ,     1.0,        ,     0.0,        ,     0.0,      
babycwa01, 1981,     1, STL , NHL , R  , 51.0, 19.0,  25.0,  44.0,  51.0, -12.0,  4.0,     ,  0.0,     ,  3.0, 2.0, 142.0,    7.0,   3.0,   2.0,     5.0,     8.0,        ,     0.0,        ,     0.0,        ,     1.0,      
babycwa01, 1982,     1, STL , NHL , R  , 71.0, 16.0,  23.0,  39.0,  62.0, -24.0,  5.0,     ,  0.0,     ,  2.0, 0.0, 148.0,       ,      ,      ,        ,        ,        ,        ,        ,        ,        ,        ,      
babycwa01, 1983,     1, STL , NHL , R  , 70.0, 13.0,  29.0,  42.0,  52.0, 1.0  ,  3.0,     ,  0.0,     ,  0.0, 1.0, 115.0,   10.0,   1.0,   4.0,     5.0,     4.0, -1.0   ,     0.0,        ,     0.0,        ,     0.0,     7.0
babycwa01, 1984,     1, PIT , NHL , R  , 65.0, 20.0,  34.0,  54.0,  35.0, -7.0 ,  3.0,     ,  0.0,     ,  3.0, 0.0, 131.0,       ,      ,      ,        ,        ,        ,        ,        ,        ,        ,        ,      
babycwa01, 1985,     1, PIT , NHL , R  ,  2.0,  0.0,   0.0,   0.0,   0.0, -1.0 ,  0.0,     ,  0.0,     ,  0.0, 0.0,   0.0,       ,      ,      ,        ,        ,        ,        ,        ,        ,        ,        ,      
babycwa01, 1985,     2, QUE , NHL , R  , 15.0,  6.0,   5.0,  11.0,  18.0, 0.0  ,  1.0,     ,  0.0,     ,  0.0, 0.0,  32.0,       ,      ,      ,        ,        ,        ,        ,        ,        ,        ,        ,      
babycwa01, 1985,     3, HAR , NHL , R  , 37.0, 11.0,  17.0,  28.0,  59.0, 6.0  ,  2.0,     ,  0.0,     ,  2.0, 0.0,  63.0,   10.0,   0.0,   1.0,     1.0,     2.0, -2.0   ,     0.0,        ,     0.0,        ,     0.0,    10.0
babycwa01, 1986,     1, HAR , NHL , R  ,  4.0,  0.0,   0.0,   0.0,   4.0, -5.0 ,  0.0,     ,  0.0,     ,  0.0, 0.0,   2.0,       ,      ,      ,        ,        ,        ,        ,        ,        ,        ,        ,      
babyjo01 , 1977,     1, CLE , NHL , D  , 24.0,  2.0,   7.0,   9.0,  26.0, -10.0,  0.0,     ,  0.0,     ,  0.0, 0.0,  42.0,       ,      ,      ,        ,        ,        ,        ,        ,        ,        ,        ,      
babyjo01 , 1978,     1, MNS , NHL , D  ,  2.0,  0.0,   1.0,   1.0,   0.0, -2.0 ,  0.0,     ,  0.0,     ,  0.0, 0.0,   6.0,       ,      ,      ,        ,        ,        ,        ,        ,        ,        ,        ,      
bacaje01 , 1990,     1, HAR , NHL , D  ,  9.0,  0.0,   2.0,   2.0,  14.0, -3.0 ,  0.0,  2.0,  0.0,  0.0,  0.0, 0.0,  15.0,       ,      ,      ,        ,        ,        ,        ,        ,        ,        ,        ,      
bacaje01 , 1991,     1, HAR , NHL , D  ,  1.0,  0.0,   0.0,   0.0,   0.0, -1.0 ,  0.0,  0.0,  0.0,  0.0,  0.0, 0.0,   1.0,       ,      ,      ,        ,        ,        ,        ,        ,        ,        ,        ,      
bacasja01, 2005,     1, STL , NHL , G  , 19.0,  0.0,   1.0,   1.0,   0.0, 0.0  ,  0.0,  0.0,  0.0,  0.0,  0.0,    ,   0.0,       ,      ,      ,        ,        ,        ,        ,        ,        ,        ,        ,      
bacasja01, 2006,     1, STL , NHL , G  , 19.0,  0.0,   0.0,   0.0,   2.0, 0.0  ,  0.0,  0.0,  0.0,  0.0,  0.0,    ,   0.0,       ,      ,      ,        ,        ,        ,        ,        ,        ,        ,        ,      
bachry01 , 1998,     1, LAK , NHL , G  ,  3.0,  0.0,   0.0,   0.0,   0.0, 0.0  ,  0.0,  0.0,  0.0,  0.0,  0.0, 0.0,   0.0,       ,      ,      ,        ,        ,        ,        ,        ,        ,        ,        ,      
backeda01, 2006,     1, STL , NHL , C  , 49.0, 10.0,  13.0,  23.0,  37.0, 6.0  ,  2.0,  1.0,  0.0,  0.0,  2.0,    ,  89.0,       ,      ,      ,        ,        ,        ,        ,        ,        ,        ,        ,      
backeda01, 2007,     1, STL , NHL , R  , 72.0, 13.0,  18.0,  31.0,  99.0, -11.0,  3.0,  4.0,  0.0,  0.0,  2.0,    , 129.0,       ,      ,      ,        ,        ,        ,        ,        ,        ,        ,        ,      
backeda01, 2008,     1, STL , NHL , R  , 82.0, 31.0,  23.0,  54.0, 165.0, -3.0 ,  6.0,  5.0,  2.0,  1.0,  1.0,    , 208.0,    4.0,   1.0,   2.0,     3.0,    10.0, 1.0    ,     0.0,     0.0,     0.0,     0.0,     0.0,    11.0
backeda01, 2009,     1, STL , NHL , R  , 79.0, 17.0,  31.0,  48.0, 106.0, -4.0 ,  5.0,  3.0,  0.0,  1.0,  3.0,    , 163.0,       ,      ,      ,        ,        ,        ,        ,        ,        ,        ,        ,      
backljo01, 2009,     1, PHI , NHL , G  ,  1.0,  0.0,   0.0,   0.0,   0.0, 0.0  ,  0.0,  0.0,  0.0,  0.0,  0.0,    ,   0.0,    1.0,   0.0,   0.0,     0.0,     0.0, 0.0    ,     0.0,     0.0,     0.0,     0.0,     0.0,     0.0
backlmi01, 2008,     1, CAL , NHL , C  ,  1.0,  0.0,   0.0,   0.0,   0.0, 0.0  ,  0.0,  0.0,  0.0,  0.0,  0.0,    ,   1.0,       ,      ,      ,        ,        ,        ,        ,        ,        ,        ,        ,      
backlmi01, 2009,     1, CAL , NHL , C  , 23.0,  1.0,   9.0,  10.0,   6.0, 5.0  ,  0.0,  0.0,  0.0,  0.0,  0.0,    ,  47.0,       ,      ,      ,        ,        ,        ,        ,        ,        ,        ,        ,      
backmch01, 2002,     1, STL , NHL , D  ,  4.0,  0.0,   0.0,   0.0,   0.0, -3.0 ,  0.0,  0.0,  0.0,  0.0,  0.0, 0.0,   4.0,       ,      ,      ,        ,        ,        ,        ,        ,        ,        ,        ,      
backmch01, 2003,     1, STL , NHL , D  , 66.0,  5.0,  13.0,  18.0,  16.0, 3.0  ,  1.0,  4.0,  0.0,  0.0,  0.0, 0.0,  92.0,    5.0,   0.0,   2.0,     2.0,     4.0, 2.0    ,     0.0,     1.0,     0.0,     0.0,     0.0,     6.0
backmch01, 2005,     1, STL , NHL , D  , 52.0,  6.0,  12.0,  18.0,  48.0, -15.0,  3.0,  6.0,  0.0,  0.0,  1.0,    ,  70.0,       ,      ,      ,        ,        ,        ,        ,        ,        ,        ,        ,      
backmch01, 2006,     1, STL , NHL , D  , 61.0,  7.0,  11.0,  18.0,  36.0, 13.0 ,  1.0,  3.0,  0.0,  0.0,  0.0,    ,  80.0,       ,      ,      ,        ,        ,        ,        ,        ,        ,        ,        ,      
backmch01, 2007,     1, STL , NHL , D  , 45.0,  1.0,   9.0,  10.0,  30.0, -4.0 ,  0.0,  2.0,  0.0,  0.0,  0.0,    ,  30.0,       ,      ,      ,        ,        ,        ,        ,        ,        ,        ,        ,      
backmch01, 2007,     2, NYR , NHL , D  , 18.0,  2.0,   6.0,   8.0,  20.0, 2.0  ,  1.0,  2.0,  0.0,  0.0,  0.0,    ,  21.0,    8.0,   0.0,   0.0,     0.0,    12.0, 3.0    ,     0.0,     0.0,     0.0,     0.0,     0.0,     7.0
backmch01, 2008,     1, CBS , NHL , D  , 56.0,  2.0,   5.0,   7.0,  32.0, 5.0  ,  1.0,  1.0,  0.0,  0.0,  1.0,    ,  54.0,       ,      ,      ,        ,        ,        ,        ,        ,        ,        ,        ,      
backmmi01, 1981,     1, NYR , NHL , R  ,  3.0,  0.0,   2.0,   2.0,   4.0, 7.0  ,  0.0,     ,  0.0,     ,  0.0, 0.0,   1.0,    1.0,   0.0,   0.0,     0.0,     2.0,        ,     0.0,        ,     0.0,        ,     0.0,      
backmmi01, 1982,     1, NYR , NHL , R  ,  7.0,  1.0,   3.0,   4.0,   6.0, -5.0 ,  0.0,     ,  0.0,     ,  0.0, 1.0,   9.0,    9.0,   2.0,   2.0,     4.0,     0.0,        ,     0.0,        ,     0.0,        ,     1.0,      
backmmi01, 1983,     1, NYR , NHL , R  ,  8.0,  0.0,   1.0,   1.0,   8.0, -1.0 ,  0.0,     ,  0.0,     ,  0.0, 0.0,   6.0,       ,      ,      ,        ,        ,        ,        ,        ,        ,        ,        ,      
backope01, 1944,     1, TOR , NHL , D  , 36.0,  4.0,   5.0,   9.0,   6.0,      ,     ,     ,     ,     ,     ,    ,      ,       ,      ,      ,        ,        ,        ,        ,        ,        ,        ,        ,      
backsni01, 2006,     1, MIN , NHL , G  , 41.0,  0.0,   1.0,   1.0,   2.0, 0.0  ,  0.0,  0.0,  0.0,  0.0,  0.0,    ,   0.0,    5.0,   0.0,   1.0,     1.0,     2.0, 0.0    ,     0.0,     0.0,     0.0,     1.0,     0.0,     0.0
backsni01, 2007,     1, MIN , NHL , G  , 58.0,  0.0,   0.0,   0.0,   2.0, 0.0  ,  0.0,  0.0,  0.0,  0.0,  0.0,    ,   0.0,    6.0,   0.0,   0.0,     0.0,     0.0, 0.0    ,     0.0,     0.0,     0.0,     0.0,     0.0,     0.0
backsni01, 2008,     1, MIN , NHL , G  , 71.0,  0.0,   0.0,   0.0,   6.0, 0.0  ,  0.0,  0.0,  0.0,  0.0,  0.0,    ,   0.0,       ,      ,      ,        ,        ,        ,        ,        ,        ,        ,        ,      
backsni01, 2009,     1, MIN , NHL , G  , 60.0,  0.0,   1.0,   1.0,   4.0, 0.0  ,  0.0,  1.0,  0.0,  0.0,  0.0,    ,   0.0,       ,      ,      ,        ,        ,        ,        ,        ,        ,        ,        ,      
backsni02, 2007,     1, WAS , NHL , C  , 82.0, 14.0,  55.0,  69.0,  24.0, 13.0 ,  3.0, 22.0,  0.0,  0.0,  4.0,    , 153.0,    7.0,   4.0,   2.0,     6.0,     2.0, 3.0    ,     3.0,     2.0,     0.0,     0.0,     0.0,    19.0
backsni02, 2008,     1, WAS , NHL , C  , 82.0, 22.0,  66.0,  88.0,  46.0, 16.0 , 14.0, 28.0,  0.0,  0.0,  1.0,    , 174.0,   14.0,   3.0,  12.0,    15.0,     8.0, 3.0    ,     2.0,     4.0,     0.0,     0.0,     0.0,    33.0
backsni02, 2009,     1, WAS , NHL , C  , 82.0, 33.0,  68.0, 101.0,  50.0, 37.0 , 11.0, 26.0,  0.0,  0.0,  4.0,    , 222.0,    7.0,   5.0,   4.0,     9.0,     4.0, 7.0    ,     0.0,     1.0,     0.0,     0.0,     1.0,    27.0
backsra01, 1956,     1, MTL , NHL , C  ,  3.0,  0.0,   0.0,   0.0,   0.0,      ,     ,     ,     ,     ,     ,    ,      ,       ,      ,      ,        ,        ,        ,        ,        ,        ,        ,        ,      
backsra01, 1957,     1, MTL , NHL , C  ,  2.0,  0.0,   1.0,   1.0,   0.0,      ,     ,     ,     ,     ,     ,    ,      ,       ,      ,      ,        ,        ,        ,        ,        ,        ,        ,        ,      
backsra01, 1958,     1, MTL , NHL , C  , 64.0, 18.0,  22.0,  40.0,  19.0,      ,     ,     ,     ,     ,     ,    ,      ,   11.0,   3.0,   5.0,     8.0,    12.0,        ,        ,        ,        ,        ,        ,      
backsra01, 1959,     1, MTL , NHL , C  , 64.0, 13.0,  15.0,  28.0,  24.0,      ,     ,     ,     ,     ,     ,    ,      ,    7.0,   0.0,   3.0,     3.0,     2.0,        ,        ,        ,        ,        ,        ,      
backsra01, 1960,     1, MTL , NHL , C  , 69.0, 12.0,  20.0,  32.0,  44.0,      ,     ,     ,     ,     ,     ,    ,      ,    5.0,   0.0,   0.0,     0.0,     4.0,        ,        ,        ,        ,        ,     0.0,      
backsra01, 1961,     1, MTL , NHL , C  , 66.0, 27.0,  38.0,  65.0,  29.0,      ,     ,     ,     ,     ,     ,    ,      ,    5.0,   0.0,   1.0,     1.0,     6.0,        ,        ,        ,        ,        ,     0.0,      
backsra01, 1962,     1, MTL , NHL , C  , 70.0, 23.0,  12.0,  35.0,  51.0,      ,     ,     ,     ,     ,     ,    ,      ,    5.0,   0.0,   0.0,     0.0,     2.0,        ,        ,        ,        ,        ,     0.0,      
backsra01, 1963,     1, MTL , NHL , C  , 70.0,  8.0,  21.0,  29.0,  41.0,      ,  0.0,     ,  0.0,     ,  1.0, 0.0,      ,    7.0,   2.0,   1.0,     3.0,     8.0,        ,        ,        ,        ,        ,     0.0,      
backsra01, 1964,     1, MTL , NHL , C  , 70.0, 25.0,  30.0,  55.0,  41.0,      ,  7.0,     ,  0.0,     ,  2.0, 1.0,      ,   13.0,   2.0,   3.0,     5.0,    10.0,        ,        ,        ,        ,        ,     0.0,      
backsra01, 1965,     1, MTL , NHL , C  , 67.0, 22.0,  20.0,  42.0,  10.0,      ,  1.0,     ,  0.0,     ,  3.0, 0.0,      ,   10.0,   3.0,   4.0,     7.0,     4.0,        ,        ,        ,        ,        ,     1.0,      
backsra01, 1966,     1, MTL , NHL , C  , 69.0, 14.0,  27.0,  41.0,  39.0,      ,  1.0,     ,  0.0,     ,  0.0, 1.0,      ,   10.0,   5.0,   2.0,     7.0,     6.0,        ,        ,        ,        ,        ,     1.0,      
backsra01, 1967,     1, MTL , NHL , C  , 70.0, 20.0,  25.0,  45.0,  14.0, 4.0  ,  3.0,     ,  0.0,     ,  5.0, 0.0, 198.0,   13.0,   4.0,   3.0,     7.0,     4.0,        ,     0.0,        ,     0.0,        ,     2.0,      
backsra01, 1968,     1, MTL , NHL , C  , 72.0, 13.0,  28.0,  41.0,  16.0, 20.0 ,  2.0,     ,  0.0,     ,  3.0, 0.0, 180.0,   14.0,   3.0,   4.0,     7.0,    10.0,        ,     1.0,        ,     0.0,        ,     1.0,      
backsra01, 1969,     1, MTL , NHL , C  , 72.0, 19.0,  24.0,  43.0,  20.0, 4.0  ,  1.0,     ,  0.0,     ,  2.0, 3.0, 187.0,       ,      ,      ,        ,        ,        ,        ,        ,        ,        ,        ,      
backsra01, 1970,     1, MTL , NHL , C  , 16.0,  1.0,   4.0,   5.0,   0.0, 0.0  ,  0.0,     ,  0.0,     ,  0.0, 0.0,  18.0,       ,      ,      ,        ,        ,        ,        ,        ,        ,        ,        ,      
backsra01, 1970,     2, LAK , NHL , C  , 33.0, 14.0,  13.0,  27.0,   8.0, -7.0 ,  2.0,     ,  1.0,     ,  1.0, 1.0, 108.0,       ,      ,      ,        ,        ,        ,        ,        ,        ,        ,        ,      
backsra01, 1971,     1, LAK , NHL , C  , 76.0, 23.0,  29.0,  52.0,  22.0, -22.0,  7.0,     ,  1.0,     ,  4.0, 1.0, 181.0,       ,      ,      ,        ,        ,        ,        ,        ,        ,        ,        ,      
backsra01, 1972,     1, LAK , NHL , C  , 63.0, 20.0,  29.0,  49.0,   6.0, -12.0,  1.0,     ,  1.0,     ,  6.0, 0.0, 132.0,       ,      ,      ,        ,        ,        ,        ,        ,        ,        ,        ,      
backsra01, 1972,     2, CHI , NHL , C  , 16.0,  6.0,   3.0,   9.0,   2.0, 0.0  ,  0.0,     ,  1.0,     ,  0.0, 0.0,  36.0,   16.0,   5.0,   6.0,    11.0,     0.0,        ,     0.0,        ,     1.0,        ,     0.0,      
backsra01, 1973,     1, CHC , WHA , C  , 78.0, 33.0,  50.0,  83.0,  26.0,      ,  6.0,     ,  2.0,     ,  8.0,    ,      ,   18.0,   5.0,  14.0,    19.0,     4.0,        ,        ,        ,        ,        ,     1.0,      
backsra01, 1974,     1, CHC , WHA , C  , 70.0, 15.0,  24.0,  39.0,  28.0, -28.0,  6.0,     ,  0.0,     ,     ,    , 161.0,       ,      ,      ,        ,        ,        ,        ,        ,        ,        ,        ,      
backsra01, 1975,     1, DOT , WHA , C  , 41.0, 21.0,  29.0,  50.0,  14.0, 9.0  ,  8.0,     ,  0.0,     ,  4.0,    , 142.0,       ,      ,      ,        ,        ,        ,        ,        ,        ,        ,        ,      
backsra01, 1975,     2, NEW , WHA , C  , 38.0, 14.0,  19.0,  33.0,   6.0,      ,  0.0,     ,  1.0,     ,  1.0,    ,  94.0,   17.0,   5.0,   4.0,     9.0,     8.0, 4.0    ,        ,        ,        ,        ,        ,      
backsra01, 1976,     1, NEW , WHA , C  , 77.0, 17.0,  31.0,  48.0,  30.0, 1.0  ,  0.0,     ,  0.0,     ,     ,    , 162.0,    3.0,   0.0,   0.0,     0.0,     0.0, -1.0   ,     0.0,        ,     0.0,        ,     0.0,      
baileac01, 1926,     1, TRS , NHL , R  , 42.0, 15.0,  13.0,  28.0,  82.0,      ,     ,     ,     ,     ,     ,    ,      ,       ,      ,      ,        ,        ,        ,        ,        ,        ,        ,        ,      
baileac01, 1927,     1, TOR , NHL , R  , 43.0,  9.0,   3.0,  12.0,  72.0,      ,     ,     ,     ,     ,     ,    ,      ,       ,      ,      ,        ,        ,        ,        ,        ,        ,        ,        ,      
baileac01, 1928,     1, TOR , NHL , R  , 44.0, 22.0,  10.0,  32.0,  78.0,      ,     ,     ,     ,     ,     ,    ,      ,    4.0,   1.0,   2.0,     3.0,     4.0,        ,        ,        ,        ,        ,        ,      
baileac01, 1929,     1, TOR , NHL , R  , 43.0, 22.0,  21.0,  43.0,  69.0,      ,     ,     ,     ,     ,     ,    ,      ,       ,      ,      ,        ,        ,        ,        ,        ,        ,        ,        ,      
baileac01, 1930,     1, TOR , NHL , R  , 40.0, 23.0,  19.0,  42.0,  46.0,      ,     ,     ,     ,     ,     ,    ,      ,    2.0,   1.0,   1.0,     2.0,     0.0,        ,        ,        ,        ,        ,        ,      
baileac01, 1931,     1, TOR , NHL , R  , 41.0,  8.0,   5.0,  13.0,  62.0,      ,     ,     ,     ,     ,     ,    ,      ,    7.0,   1.0,   0.0,     1.0,     4.0,        ,        ,        ,        ,        ,        ,      
baileac01, 1932,     1, TOR , NHL , R  , 47.0, 10.0,   8.0,  18.0,  52.0,      ,     ,     ,     ,     ,     ,    ,      ,    8.0,   0.0,   1.0,     1.0,     4.0,        ,        ,        ,        ,        ,        ,      
baileac01, 1933,     1, TOR , NHL , R  , 13.0,  2.0,   3.0,   5.0,  11.0,      ,     ,     ,     ,     ,     ,    ,      ,       ,      ,      ,        ,        ,        ,        ,        ,        ,        ,        ,      
bailebo01, 1953,     1, TOR , NHL , R  , 48.0,  2.0,   7.0,   9.0,  70.0,      ,     ,     ,     ,     ,     ,    ,      ,    5.0,   0.0,   2.0,     2.0,     4.0,        ,        ,        ,        ,        ,        ,      
bailebo01, 1954,     1, TOR , NHL , R  , 32.0,  4.0,   2.0,   6.0,  52.0,      ,     ,     ,     ,     ,     ,    ,      ,    1.0,   0.0,   0.0,     0.0,     0.0,        ,        ,        ,        ,        ,        ,      
bailebo01, 1955,     1, TOR , NHL , R  ,  6.0,  0.0,   0.0,   0.0,   6.0,      ,     ,     ,     ,     ,     ,    ,      ,       ,      ,      ,        ,        ,        ,        ,        ,        ,        ,        ,      
bailebo01, 1956,     1, DET , NHL , R  ,     ,     ,      ,      ,      ,      ,     ,     ,     ,     ,     ,    ,      ,    5.0,   0.0,   2.0,     2.0,     2.0,        ,        ,        ,        ,        ,        ,      
bailebo01, 1957,     1, CHI , NHL , R  , 28.0,  3.0,   6.0,   9.0,  38.0,      ,     ,     ,     ,     ,     ,    ,      ,       ,      ,      ,        ,        ,        ,        ,        ,        ,        ,        ,      
bailebo01, 1957,     2, DET , NHL , R  , 36.0,  6.0,   6.0,  12.0,  41.0,      ,     ,     ,     ,     ,     ,    ,      ,    4.0,   0.0,   0.0,     0.0,    16.0,        ,        ,        ,        ,        ,        ,      
bailega01, 1968,     1, BOS , NHL , L  ,  8.0,  3.0,   3.0,   6.0,  10.0, 5.0  ,  0.0,     ,  0.0,     ,  0.0, 0.0,  13.0,    1.0,   0.0,   0.0,     0.0,     2.0,        ,     0.0,        ,     0.0,        ,     0.0,      
bailega01, 1969,     1, BOS , NHL , L  , 58.0, 11.0,  11.0,  22.0,  82.0, 17.0 ,  2.0,     ,  0.0,     ,  2.0, 0.0,  78.0,       ,      ,      ,        ,        ,        ,        ,        ,        ,        ,        ,      
bailega01, 1970,     1, BOS , NHL , L  , 36.0,  0.0,   6.0,   6.0,  44.0, 4.0  ,  0.0,     ,  0.0,     ,  0.0, 0.0,  33.0,    1.0,   0.0,   0.0,     0.0,    10.0,        ,     0.0,        ,     0.0,        ,     0.0,      
bailega01, 1971,     1, BOS , NHL , L  , 73.0,  9.0,  13.0,  22.0,  64.0, 11.0 ,  0.0,     ,  0.0,     ,  0.0, 0.0,  64.0,   13.0,   2.0,   4.0,     6.0,    16.0,        ,     0.0,        ,     0.0,        ,     1.0,      
bailega01, 1972,     1, BOS , NHL , L  , 57.0,  8.0,  13.0,  21.0,  89.0, 7.0  ,  0.0,     ,  3.0,     ,  1.0, 0.0,  76.0,       ,      ,      ,        ,        ,        ,        ,        ,        ,        ,        ,      
bailega01, 1972,     2, DET , NHL , L  , 13.0,  2.0,  11.0,  13.0,  16.0, 2.0  ,  0.0,     ,  0.0,     ,  0.0, 0.0,  19.0,       ,      ,      ,        ,        ,        ,        ,        ,        ,        ,        ,      
bailega01, 1973,     1, DET , NHL , L  , 45.0,  9.0,  14.0,  23.0,  33.0, -12.0,  3.0,     ,  0.0,     ,  2.0, 0.0,  70.0,       ,      ,      ,        ,        ,        ,        ,        ,        ,        ,        ,      
bailega01, 1973,     2, STL , NHL , L  , 22.0,  7.0,   3.0,  10.0,  20.0, -1.0 ,  0.0,     ,  0.0,     ,  0.0, 0.0,  43.0,       ,      ,      ,        ,        ,        ,        ,        ,        ,        ,        ,      
bailega01, 1974,     1, STL , NHL , L  , 49.0, 15.0,  26.0,  41.0, 113.0, -4.0 ,  4.0,     ,  0.0,     ,  1.0, 1.0, 102.0,       ,      ,      ,        ,        ,        ,        ,        ,        ,        ,        ,      
bailega01, 1974,     2, WAS , NHL , L  , 22.0,  4.0,  13.0,  17.0,   8.0, -29.0,  1.0,     ,  0.0,     ,  0.0, 0.0,  46.0,       ,      ,      ,        ,        ,        ,        ,        ,        ,        ,        ,      
bailega01, 1975,     1, WAS , NHL , L  , 67.0, 13.0,  19.0,  32.0,  75.0, -42.0,  2.0,     ,  0.0,     ,  2.0, 0.0, 131.0,       ,      ,      ,        ,        ,        ,        ,        ,        ,        ,        ,      
bailega01, 1976,     1, WAS , NHL , L  , 78.0, 19.0,  27.0,  46.0,  51.0, -21.0,  2.0,     ,  0.0,     ,  2.0, 0.0, 154.0,       ,      ,      ,        ,        ,        ,        ,        ,        ,        ,        ,      
bailega01, 1977,     1, WAS , NHL , L  , 40.0,  7.0,  12.0,  19.0,  28.0, -12.0,  0.0,     ,  0.0,     ,  2.0, 0.0,  58.0,       ,      ,      ,        ,        ,        ,        ,        ,        ,        ,        ,      
bailega01, 1978,     1, EDO , WHA , L  , 38.0,  5.0,   4.0,   9.0,  22.0, -8.0 ,  1.0,     ,  0.0,     ,     ,    ,  26.0,    2.0,   0.0,   0.0,     0.0,     4.0, -1.0   ,        ,        ,        ,        ,     0.0,      
bailejo01, 2008,     1, NYI , NHL , C  , 68.0,  7.0,  18.0,  25.0,  16.0, -14.0,  3.0,  8.0,  0.0,  0.0,  0.0,    ,  74.0,       ,      ,      ,        ,        ,        ,        ,        ,        ,        ,        ,      
bailejo01, 2009,     1, NYI , NHL , C  , 73.0, 16.0,  19.0,  35.0,  18.0, 5.0  ,  3.0,  7.0,  1.0,  0.0,  2.0,    , 112.0,       ,      ,      ,        ,        ,        ,        ,        ,        ,        ,        ,      
bailere01, 1980,     1, PHI , NHL , D  , 17.0,  1.0,   3.0,   4.0,  55.0, 8.0  ,  0.0,     ,  0.0,     ,  0.0, 0.0,  16.0,   12.0,   0.0,   2.0,     2.0,    23.0,        ,     0.0,        ,     0.0,        ,     0.0,      
bailere01, 1981,     1, PHI , NHL , D  , 10.0,  0.0,   0.0,   0.0,  23.0, -5.0 ,  0.0,     ,  0.0,     ,  0.0, 0.0,   7.0,    2.0,   0.0,   0.0,     0.0,     0.0,        ,     0.0,        ,     0.0,        ,     0.0,      
bailere01, 1982,     1, TOR , NHL , D  ,  1.0,  0.0,   0.0,   0.0,   2.0, -2.0 ,  0.0,     ,  0.0,     ,  0.0, 0.0,   0.0,    2.0,   0.0,   0.0,     0.0,     2.0,        ,     0.0,        ,     0.0,        ,     0.0,      
bailere01, 1983,     1, HAR , NHL , D  , 12.0,  0.0,   0.0,   0.0,  25.0, -2.0 ,  0.0,     ,  0.0,     ,  0.0, 0.0,   8.0,       ,      ,      ,        ,        ,        ,        ,        ,        ,        ,        ,      
bailesc01, 1995,     1, BOS , NHL , G  , 11.0,  0.0,   0.0,   0.0,   0.0, 0.0  ,  0.0,  0.0,  0.0,  0.0,  0.0, 0.0,   0.0,       ,      ,      ,        ,        ,        ,        ,        ,        ,        ,        ,      
bailesc01, 1996,     1, BOS , NHL , G  ,  8.0,  0.0,   0.0,   0.0,   0.0, 0.0  ,  0.0,  0.0,  0.0,  0.0,  0.0, 0.0,   0.0,       ,      ,      ,        ,        ,        ,        ,        ,        ,        ,        ,      
bailljo01, 1986,     1, WIN , NHL , L  , 11.0,  0.0,   1.0,   1.0,  15.0, -3.0 ,  0.0,     ,  0.0,     ,  0.0, 0.0,   1.0,       ,      ,      ,        ,        ,        ,        ,        ,        ,        ,        ,      
bailljo01, 1987,     1, WIN , NHL , L  ,  4.0,  0.0,   1.0,   1.0,  12.0, 0.0  ,  0.0,  0.0,  0.0,  0.0,  0.0, 0.0,   3.0,       ,      ,      ,        ,        ,        ,        ,        ,        ,        ,        ,      
bailljo01, 1988,     1, QUE , NHL , L  ,  5.0,  0.0,   0.0,   0.0,   4.0, -3.0 ,  0.0,  0.0,  0.0,  0.0,  0.0, 0.0,   2.0,       ,      ,      ,        ,        ,        ,        ,        ,        ,        ,        ,      
bairdke01, 1971,     1, CLF , NHL , L  , 10.0,  0.0,   2.0,   2.0,  15.0, -10.0,  0.0,     ,  0.0,     ,  0.0, 0.0,   6.0,       ,      ,      ,        ,        ,        ,        ,        ,        ,        ,        ,      
bairdke01, 1972,     1, ALB , WHA , D  , 75.0, 14.0,  15.0,  29.0, 112.0,      ,  1.0,     ,  0.0,     ,     ,    ,      ,       ,      ,      ,        ,        ,        ,        ,        ,        ,        ,        ,      
bairdke01, 1973,     1, EDO , WHA , D  , 68.0, 17.0,  19.0,  36.0, 115.0,      ,  2.0,     ,  0.0,     ,  1.0,    ,      ,    5.0,   1.0,   1.0,     2.0,     7.0,        ,        ,        ,        ,        ,     0.0,      
bairdke01, 1974,     1, EDO , WHA , D  , 77.0, 30.0,  28.0,  58.0, 151.0, -19.0,  8.0,     ,  0.0,     ,     ,    , 173.0,       ,      ,      ,        ,        ,        ,        ,        ,        ,        ,        ,      
bairdke01, 1975,     1, EDO , WHA , L  , 48.0, 13.0,  24.0,  37.0,  87.0, -6.0 ,  3.0,     ,  0.0,     ,  1.0,    ,  93.0,    4.0,   3.0,   1.0,     4.0,    16.0, 1.0    ,        ,        ,        ,        ,        ,      
bairdke01, 1976,     1, EDO , WHA , D  ,  2.0,  1.0,   2.0,   3.0,   0.0, 2.0  ,  0.0,     ,  0.0,     ,     ,    ,   7.0,       ,      ,      ,        ,        ,        ,        ,        ,        ,        ,        ,      
bairdke01, 1976,     2, CAC , WHA , D  ,  7.0,  0.0,   0.0,   0.0,   2.0, -2.0 ,  0.0,     ,  0.0,     ,  0.0,    ,   3.0,       ,      ,      ,        ,        ,        ,        ,        ,        ,        ,        ,      
bairdke01, 1977,     1, EDO , WHA , L  ,  6.0,  2.0,   4.0,   6.0,   2.0, 0.0  ,  0.0,     ,  0.0,     ,     ,    ,  10.0,       ,      ,      ,        ,        ,        ,        ,        ,        ,        ,        ,      
bairdke01, 1977,     2, WIJ , WHA , L  , 49.0, 14.0,   7.0,  21.0,  29.0, 5.0  ,  2.0,     ,  0.0,     ,     ,    ,  66.0,    7.0,   0.0,   4.0,     4.0,     7.0, 1.0    ,        ,        ,        ,        ,     0.0,      
bakerbi01, 1980,     1, MTL , NHL , D  , 11.0,  0.0,   0.0,   0.0,  32.0, -1.0 ,  0.0,     ,  0.0,     ,  0.0, 0.0,   8.0,       ,      ,      ,        ,        ,        ,        ,        ,        ,        ,        ,      
bakerbi01, 1980,     2, COR , NHL , D  , 13.0,  0.0,   3.0,   3.0,  12.0, 0.0  ,  0.0,     ,  0.0,     ,  0.0, 0.0,  17.0,       ,      ,      ,        ,        ,        ,        ,        ,        ,        ,        ,      
bakerbi01, 1981,     1, COR , NHL , D  , 14.0,  0.0,   3.0,   3.0,  17.0, -13.0,  0.0,     ,  0.0,     ,  0.0, 0.0,  11.0,       ,      ,      ,        ,        ,        ,        ,        ,        ,        ,        ,      
bakerbi01, 1981,     2, STL , NHL , D  , 35.0,  3.0,   5.0,   8.0,  50.0, -8.0 ,  1.0,     ,  0.0,     ,  0.0, 0.0,  44.0,    4.0,   0.0,   0.0,     0.0,     0.0,        ,     0.0,        ,     0.0,        ,     0.0,      
bakerbi01, 1982,     1, NYR , NHL , D  , 70.0,  4.0,  14.0,  18.0,  64.0, -8.0 ,  1.0,     ,  0.0,     ,  2.0, 0.0,  63.0,    2.0,   0.0,   0.0,     0.0,     0.0,        ,     0.0,        ,     0.0,        ,     0.0,      
bakerbi02, 1909,     1, MOS , NHA , G  ,  2.0,  0.0,   0.0,   0.0,   0.0,      ,     ,     ,     ,     ,     ,    ,      ,       ,      ,      ,        ,        ,        ,        ,        ,        ,        ,        ,      
bakerbr01, 1914,     1, MOW , NHA ,    , 19.0, 17.0,   3.0,  20.0,  54.0,      ,     ,     ,     ,     ,     ,    ,      ,    2.0,   0.0,      ,        ,        ,        ,        ,        ,        ,        ,        ,      
bakerbr01, 1915,     1, MOW , NHA ,    ,  4.0,  3.0,   1.0,   4.0,   8.0,      ,     ,     ,     ,     ,     ,    ,      ,       ,      ,      ,        ,        ,        ,        ,        ,        ,        ,        ,      
bakerbr01, 1916,     1, MOW , NHA ,    ,  7.0,  1.0,   0.0,   1.0,   0.0,      ,     ,     ,     ,     ,     ,    ,      ,       ,      ,      ,        ,        ,        ,        ,        ,        ,        ,        ,      
bakerfr01, 1914,     1, TBS , NHA ,    ,  4.0,  0.0,   0.0,   0.0,   0.0,      ,     ,     ,     ,     ,     ,    ,      ,       ,      ,      ,        ,        ,        ,        ,        ,        ,        ,        ,      
bakerha01, 1921,     1, CAT , WCHL, R  ,  1.0,  0.0,   0.0,   0.0,   0.0,      ,     ,     ,     ,     ,     ,    ,      ,       ,      ,      ,        ,        ,        ,        ,        ,        ,        ,        ,      
bakerja01, 1989,     1, QUE , NHL , C  ,  1.0,  0.0,   0.0,   0.0,   0.0, -1.0 ,  0.0,  0.0,  0.0,  0.0,  0.0, 0.0,   0.0,       ,      ,      ,        ,        ,        ,        ,        ,        ,        ,        ,      
bakerja01, 1990,     1, QUE , NHL , C  , 18.0,  2.0,   0.0,   2.0,   8.0, -4.0 ,  0.0,  0.0,  1.0,  0.0,  0.0, 1.0,  18.0,       ,      ,      ,        ,        ,        ,        ,        ,        ,        ,        ,      
bakerja01, 1991,     1, QUE , NHL , C  , 52.0,  7.0,  10.0,  17.0,  32.0, -5.0 ,  3.0,  2.0,  0.0,  0.0,  1.0, 0.0,  77.0,       ,      ,      ,        ,        ,        ,        ,        ,        ,        ,        ,      
bakerja01, 1992,     1, OTT , NHL , C  , 76.0, 19.0,  29.0,  48.0,  54.0, -20.0, 10.0, 14.0,  0.0,  0.0,  2.0, 0.0, 160.0,       ,      ,      ,        ,        ,        ,        ,        ,        ,        ,        ,      
bakerja01, 1993,     1, SJS , NHL , C  , 65.0, 12.0,   5.0,  17.0,  38.0, 2.0  ,  0.0,  0.0,  0.0,  0.0,  2.0, 0.0,  68.0,   14.0,   3.0,   2.0,     5.0,    30.0, -1.0   ,     0.0,     0.0,     0.0,     0.0,     1.0,    13.0
bakerja01, 1994,     1, SJS , NHL , C  , 43.0,  7.0,   4.0,  11.0,  22.0, -7.0 ,  0.0,  0.0,  1.0,  1.0,  0.0, 0.0,  60.0,   11.0,   2.0,   2.0,     4.0,    12.0, -7.0   ,     0.0,     0.0,     0.0,     0.0,     1.0,    20.0
bakerja01, 1995,     1, SJS , NHL , C  , 77.0, 16.0,  17.0,  33.0,  79.0, -19.0,  2.0,  0.0,  6.0,  1.0,  0.0, 0.0, 117.0,       ,      ,      ,        ,        ,        ,        ,        ,        ,        ,        ,      
bakerja01, 1996,     1, TOR , NHL , C  , 58.0,  8.0,   8.0,  16.0,  28.0, 2.0  ,  1.0,  1.0,  0.0,  1.0,  3.0, 0.0,  69.0,       ,      ,      ,        ,        ,        ,        ,        ,        ,        ,        ,      
bakerja01, 1997,     1, TOR , NHL , C  , 13.0,  0.0,   5.0,   5.0,  10.0, 1.0  ,  0.0,  0.0,  0.0,  0.0,  0.0, 0.0,  16.0,       ,      ,      ,        ,        ,        ,        ,        ,        ,        ,        ,      
bakerja01, 1998,     1, SJS , NHL , C  ,  1.0,  0.0,   1.0,   1.0,   0.0, 1.0  ,  0.0,  0.0,  0.0,  0.0,  0.0, 0.0,   1.0,       ,      ,      ,        ,        ,        ,        ,        ,        ,        ,        ,      
bakerst01, 1979,     1, NYR , NHL , G  , 27.0,  0.0,   0.0,   0.0,   2.0, 0.0  ,  0.0,     ,  0.0,     ,  0.0, 0.0,   0.0,       ,      ,      ,        ,        ,        ,        ,        ,        ,        ,        ,      
bakerst01, 1980,     1, NYR , NHL , G  , 21.0,  0.0,   0.0,   0.0,   5.0, 0.0  ,  0.0,     ,  0.0,     ,  0.0, 0.0,   0.0,   14.0,   0.0,   0.0,     0.0,     4.0,        ,     0.0,        ,     0.0,        ,     0.0,      
bakerst01, 1981,     1, NYR , NHL , G  ,  6.0,  0.0,   0.0,   0.0,   0.0, 0.0  ,  0.0,     ,  0.0,     ,  0.0, 0.0,   0.0,       ,      ,      ,        ,        ,        ,        ,        ,        ,        ,        ,      
bakerst01, 1982,     1, NYR , NHL , G  ,  3.0,  0.0,   0.0,   0.0,   0.0, 0.0  ,  0.0,     ,  0.0,     ,  0.0, 0.0,   0.0,       ,      ,      ,        ,        ,        ,        ,        ,        ,        ,        ,      
bakovpe01, 1987,     1, VAN , NHL , R  , 10.0,  2.0,   0.0,   2.0,  48.0, -1.0 ,  0.0,  0.0,  0.0,  0.0,  0.0, 0.0,   7.0,       ,      ,      ,        ,        ,        ,        ,        ,        ,        ,        ,      
balach01 , 2001,     1, OTT , NHL , L  ,  6.0,  0.0,   1.0,   1.0,   0.0, 1.0  ,  0.0,  0.0,  0.0,  0.0,  0.0, 0.0,   2.0,       ,      ,      ,        ,        ,        ,        ,        ,        ,        ,        ,      
balasja01, 2005,     1, CBS , NHL , L  , 66.0, 12.0,  10.0,  22.0,  26.0, -1.0 ,  7.0,  1.0,  0.0,  0.0,  2.0,    , 158.0,       ,      ,      ,        ,        ,        ,        ,        ,        ,        ,        ,      
balasja01, 2006,     1, CBS , NHL , L  ,  8.0,  1.0,   1.0,   2.0,   4.0, -3.0 ,  1.0,  0.0,  0.0,  0.0,  0.0,    ,   6.0,       ,      ,      ,        ,        ,        ,        ,        ,        ,        ,        ,      
baldehe01, 1989,     1, MNS , NHL , R  , 26.0,  3.0,   6.0,   9.0,   2.0, 0.0  ,  2.0,  1.0,  0.0,  0.0,  0.0, 0.0,  30.0,       ,      ,      ,        ,        ,        ,        ,        ,        ,        ,        ,      
baldwdo01, 1945,     1, TOR , NHL , D  , 15.0,  0.0,   1.0,   1.0,   6.0,      ,     ,     ,     ,     ,     ,    ,      ,       ,      ,      ,        ,        ,        ,        ,        ,        ,        ,        ,      
baldwdo01, 1946,     1, DET , NHL , D  ,  4.0,  0.0,   0.0,   0.0,   0.0,      ,     ,     ,     ,     ,     ,    ,      ,       ,      ,      ,        ,        ,        ,        ,        ,        ,        ,        ,      
baldwdo01, 1947,     1, CHI , NHL , D  ,  5.0,  0.0,   0.0,   0.0,   2.0,      ,     ,     ,     ,     ,     ,    ,      ,       ,      ,      ,        ,        ,        ,        ,        ,        ,        ,        ,      
balejjo01, 2003,     1, MTL , NHL , R  ,  4.0,  0.0,   0.0,   0.0,   0.0, -1.0 ,  0.0,  0.0,  0.0,  0.0,  0.0, 0.0,   4.0,       ,      ,      ,        ,        ,        ,        ,        ,        ,        ,        ,      
balejjo01, 2003,     2, NYR , NHL , R  , 13.0,  1.0,   4.0,   5.0,   4.0, 0.0  ,  0.0,  1.0,  0.0,  0.0,  0.0, 0.0,  25.0,       ,      ,      ,        ,        ,        ,        ,        ,        ,        ,        ,      
balejjo01, 2005,     1, VAN , NHL , R  ,  1.0,  0.0,   1.0,   1.0,   0.0, 1.0  ,  0.0,  0.0,  0.0,  0.0,  0.0,    ,   3.0,       ,      ,      ,        ,        ,        ,        ,        ,        ,        ,        ,      
balesmi01, 1992,     1, BOS , NHL , G  ,  1.0,  0.0,   0.0,   0.0,   0.0, 0.0  ,  0.0,  0.0,  0.0,  0.0,  0.0, 0.0,   0.0,       ,      ,      ,        ,        ,        ,        ,        ,        ,        ,        ,      
balesmi01, 1994,     1, OTT , NHL , G  ,  1.0,  0.0,   0.0,   0.0,   0.0, 0.0  ,  0.0,  0.0,  0.0,  0.0,  0.0, 0.0,   0.0,       ,      ,      ,        ,        ,        ,        ,        ,        ,        ,        ,      
balesmi01, 1995,     1, OTT , NHL , G  , 20.0,  0.0,   0.0,   0.0,   2.0, 0.0  ,  0.0,  0.0,  0.0,  0.0,  0.0, 0.0,   0.0,       ,      ,      ,        ,        ,        ,        ,        ,        ,        ,        ,      
balesmi01, 1996,     1, OTT , NHL , G  ,  1.0,  0.0,   0.0,   0.0,   0.0, 0.0  ,  0.0,  0.0,  0.0,  0.0,  0.0, 0.0,   0.0,       ,      ,      ,        ,        ,        ,        ,        ,        ,        ,        ,      
balfoea01, 1951,     1, TOR , NHL , L  ,  3.0,  0.0,   0.0,   0.0,   2.0,      ,     ,     ,     ,     ,     ,    ,      ,    1.0,   0.0,   0.0,     0.0,     0.0,        ,        ,        ,        ,        ,        ,      
balfoea01, 1953,     1, TOR , NHL , L  , 17.0,  0.0,   1.0,   1.0,   6.0,      ,     ,     ,     ,     ,     ,    ,      ,       ,      ,      ,        ,        ,        ,        ,        ,        ,        ,        ,      
balfoea01, 1955,     1, TOR , NHL , L  , 59.0, 14.0,   5.0,  19.0,  40.0,      ,     ,     ,     ,     ,     ,    ,      ,    3.0,   0.0,   1.0,     1.0,     2.0,        ,        ,        ,        ,        ,        ,      
balfoea01, 1957,     1, TOR , NHL , L  ,  1.0,  0.0,   0.0,   0.0,   0.0,      ,     ,     ,     ,     ,     ,    ,      ,       ,      ,      ,        ,        ,        ,        ,        ,        ,        ,        ,      
balfoea01, 1958,     1, CHI , NHL , L  , 70.0, 10.0,   8.0,  18.0,  10.0,      ,     ,     ,     ,     ,     ,    ,      ,    6.0,   0.0,   2.0,     2.0,     0.0,        ,        ,        ,        ,        ,        ,      
balfoea01, 1959,     1, CHI , NHL , L  , 70.0,  3.0,   5.0,   8.0,  16.0,      ,     ,     ,     ,     ,     ,    ,      ,    4.0,   0.0,   0.0,     0.0,     0.0,        ,        ,        ,        ,        ,        ,      
balfoea01, 1960,     1, CHI , NHL , L  , 68.0,  3.0,   3.0,   6.0,   4.0,      ,     ,     ,     ,     ,     ,    ,      ,   12.0,   0.0,   0.0,     0.0,     2.0,        ,        ,        ,        ,        ,     1.0,      
balfomu01, 1956,     1, MTL , NHL , R  ,  2.0,  0.0,   0.0,   0.0,   2.0,      ,     ,     ,     ,     ,     ,    ,      ,       ,      ,      ,        ,        ,        ,        ,        ,        ,        ,        ,      
balfomu01, 1957,     1, MTL , NHL , R  ,  3.0,  1.0,   1.0,   2.0,   4.0,      ,     ,     ,     ,     ,     ,    ,      ,       ,      ,      ,        ,        ,        ,        ,        ,        ,        ,        ,      
balfomu01, 1959,     1, CHI , NHL , R  , 61.0, 18.0,  12.0,  30.0,  55.0,      ,     ,     ,     ,     ,     ,    ,      ,    4.0,   1.0,   0.0,     1.0,     0.0,        ,        ,        ,        ,        ,        ,      
balfomu01, 1960,     1, CHI , NHL , R  , 70.0, 21.0,  27.0,  48.0, 123.0,      ,     ,     ,     ,     ,     ,    ,      ,   11.0,   5.0,   5.0,    10.0,    14.0,        ,        ,        ,        ,        ,     0.0,      
balfomu01, 1961,     1, CHI , NHL , R  , 49.0, 15.0,  15.0,  30.0,  72.0,      ,     ,     ,     ,     ,     ,    ,      ,   12.0,   1.0,   1.0,     2.0,    15.0,        ,        ,        ,        ,        ,     0.0,      
balfomu01, 1962,     1, CHI , NHL , R  , 65.0, 10.0,  23.0,  33.0,  75.0,      ,     ,     ,     ,     ,     ,    ,      ,    6.0,   0.0,   2.0,     2.0,    12.0,        ,        ,        ,        ,        ,     0.0,      
balfomu01, 1963,     1, CHI , NHL , R  , 41.0,  2.0,  10.0,  12.0,  36.0,      ,  1.0,     ,  0.0,     ,  1.0, 0.0,      ,    7.0,   2.0,   2.0,     4.0,     4.0,        ,        ,        ,        ,        ,     1.0,      
balfomu01, 1964,     1, BOS , NHL , R  , 15.0,  0.0,   2.0,   2.0,  26.0,      ,  0.0,     ,  0.0,     ,  0.0, 0.0,      ,       ,      ,      ,        ,        ,        ,        ,        ,        ,        ,        ,      
ballake01, 2005,     1, PHO , NHL , D  , 82.0,  8.0,  31.0,  39.0,  99.0, -18.0,  1.0, 15.0,  3.0,  1.0,  1.0,    , 102.0,       ,      ,      ,        ,        ,        ,        ,        ,        ,        ,        ,      
ballake01, 2006,     1, PHO , NHL , D  , 69.0,  5.0,  22.0,  27.0,  59.0, -7.0 ,  2.0,  9.0,  0.0,  1.0,  0.0,    ,  79.0,       ,      ,      ,        ,        ,        ,        ,        ,        ,        ,        ,      
ballake01, 2007,     1, PHO , NHL , D  , 82.0,  6.0,  15.0,  21.0,  85.0, 7.0  ,  2.0,  2.0,  1.0,  0.0,  1.0,    , 105.0,       ,      ,      ,        ,        ,        ,        ,        ,        ,        ,        ,      
ballake01, 2008,     1, FLO , NHL , D  , 82.0,  6.0,  28.0,  34.0,  72.0, 14.0 ,  1.0,  4.0,  0.0,  1.0,  1.0,    , 106.0,       ,      ,      ,        ,        ,        ,        ,        ,        ,        ,        ,      
ballake01, 2009,     1, FLO , NHL , D  , 82.0,  8.0,  20.0,  28.0,  88.0, -7.0 ,  1.0,  8.0,  0.0,  1.0,  1.0,    ,  90.0,       ,      ,      ,        ,        ,        ,        ,        ,        ,        ,        ,      
ballbl01 , 1972,     1, CLC , WHA , D  ,     ,     ,      ,      ,      ,      ,     ,     ,     ,     ,     ,    ,      ,    2.0,   0.0,   0.0,     0.0,     0.0,        ,     0.0,        ,     0.0,        ,     0.0,      
ballte01 , 1967,     1, PHI , NHL , D  ,  1.0,  0.0,   0.0,   0.0,   0.0, -1.0 ,  0.0,     ,  0.0,     ,  0.0, 0.0,   0.0,       ,      ,      ,        ,        ,        ,        ,        ,        ,        ,        ,      
ballte01 , 1969,     1, PHI , NHL , D  , 61.0,  7.0,  18.0,  25.0,  20.0, -7.0 ,  3.0,     ,  1.0,     ,  0.0, 0.0,  98.0,       ,      ,      ,        ,        ,        ,        ,        ,        ,        ,        ,      
ballte01 , 1970,     1, BUF , NHL , D  ,  2.0,  0.0,   0.0,   0.0,   0.0, 0.0  ,  0.0,     ,  0.0,     ,  0.0, 0.0,   2.0,       ,      ,      ,        ,        ,        ,        ,        ,        ,        ,        ,      
ballte01 , 1971,     1, BUF , NHL , D  , 10.0,  0.0,   1.0,   1.0,   6.0, -7.0 ,  0.0,     ,  0.0,     ,  0.0, 0.0,   8.0,       ,      ,      ,        ,        ,        ,        ,        ,        ,        ,        ,      
ballte01 , 1972,     1, MFS , WHA , D  , 78.0,  6.0,  34.0,  40.0,  66.0,      ,  1.0,     ,  0.0,     ,     ,    ,      ,    5.0,   1.0,   2.0,     3.0,     4.0,        ,     1.0,        ,     0.0,        ,     0.0,      
ballte01 , 1973,     1, MFS , WHA , D  , 71.0,  8.0,  28.0,  36.0,  34.0,      ,  4.0,     ,  0.0,     ,  0.0,    ,      ,   11.0,   1.0,   2.0,     3.0,     6.0,        ,        ,        ,        ,        ,     0.0,      
ballte01 , 1974,     1, MFS , WHA , D  , 76.0,  8.0,  37.0,  45.0,  36.0, 3.0  ,  2.0,     ,  0.0,     ,  0.0,    , 143.0,   12.0,   3.0,   4.0,     7.0,     4.0,        ,        ,        ,        ,        ,     0.0,      
ballte01 , 1975,     1, CLC , WHA , D  , 23.0,  2.0,  15.0,  17.0,  18.0, -21.0,  2.0,     ,  0.0,     ,  0.0,    ,  62.0,       ,      ,      ,        ,        ,        ,        ,        ,        ,        ,        ,      
ballte01 , 1975,     2, CIN , WHA , D  , 36.0,  3.0,  14.0,  17.0,  12.0, -1.0 ,  1.0,     ,  0.0,     ,  0.0,    ,  63.0,       ,      ,      ,        ,        ,        ,        ,        ,        ,        ,        ,      
ballte01 , 1976,     1, BIR , WHA , D  , 23.0,  1.0,   6.0,   7.0,   8.0, 2.0  ,  0.0,     ,  0.0,     ,     ,    ,  33.0,       ,      ,      ,        ,        ,        ,        ,        ,        ,        ,        ,      
balmoma01, 1999,     1, ANA , NHL , L  ,  6.0,  0.0,   1.0,   1.0,   2.0, 2.0  ,  0.0,  0.0,  0.0,  0.0,  0.0, 0.0,   6.0,       ,      ,      ,        ,        ,        ,        ,        ,        ,        ,        ,      
balonda01, 1959,     1, NYR , NHL , L  ,  3.0,  0.0,   0.0,   0.0,   0.0,      ,     ,     ,     ,     ,     ,    ,      ,       ,      ,      ,        ,        ,        ,        ,        ,        ,        ,        ,      
balonda01, 1960,     1, NYR , NHL , L  , 13.0,  1.0,   2.0,   3.0,   8.0,      ,     ,     ,     ,     ,     ,    ,      ,       ,      ,      ,        ,        ,        ,        ,        ,        ,        ,        ,      
balonda01, 1961,     1, NYR , NHL , L  , 30.0,  4.0,  11.0,  15.0,  11.0,      ,     ,     ,     ,     ,     ,    ,      ,    6.0,   2.0,   3.0,     5.0,     2.0,        ,        ,        ,        ,        ,     2.0,      
balonda01, 1962,     1, NYR , NHL , L  , 70.0, 11.0,  13.0,  24.0,  72.0,      ,     ,     ,     ,     ,     ,    ,      ,       ,      ,      ,        ,        ,        ,        ,        ,        ,        ,        ,      
balonda01, 1963,     1, MTL , NHL , L  , 70.0, 24.0,  18.0,  42.0,  80.0,      ,  7.0,     ,  0.0,     ,  2.0, 1.0,      ,    7.0,   1.0,   1.0,     2.0,    25.0,        ,        ,        ,        ,        ,     0.0,      
balonda01, 1964,     1, MTL , NHL , L  , 63.0, 18.0,  23.0,  41.0,  61.0,      ,  1.0,     ,  0.0,     ,  5.0, 1.0,      ,   10.0,   0.0,   0.0,     0.0,    10.0,        ,        ,        ,        ,        ,     0.0,      
balonda01, 1965,     1, MTL , NHL , L  , 45.0,  3.0,   7.0,  10.0,  24.0,      ,  0.0,     ,  0.0,     ,  1.0, 0.0,      ,    9.0,   2.0,   3.0,     5.0,     8.0,        ,        ,        ,        ,        ,     0.0,      
balonda01, 1966,     1, MTL , NHL , L  , 48.0, 11.0,   8.0,  19.0,  31.0,      ,  0.0,     ,  0.0,     ,  5.0, 0.0,      ,    9.0,   0.0,   2.0,     2.0,     6.0,        ,        ,        ,        ,        ,     0.0,      
balonda01, 1967,     1, MNS , NHL , L  , 73.0, 15.0,  32.0,  47.0,  84.0, -10.0,  4.0,     ,  1.0,     ,  2.0, 1.0, 152.0,   14.0,   4.0,   9.0,    13.0,    14.0,        ,     1.0,        ,     0.0,        ,     1.0,      
balonda01, 1968,     1, NYR , NHL , L  , 75.0, 10.0,  21.0,  31.0,  57.0, 5.0  ,  1.0,     ,  2.0,     ,  3.0, 0.0, 134.0,    4.0,   1.0,   0.0,     1.0,     0.0,        ,     0.0,        ,     0.0,        ,     0.0,      
balonda01, 1969,     1, NYR , NHL , L  , 76.0, 33.0,  37.0,  70.0, 100.0, 40.0 ,  5.0,     ,  1.0,     ,  3.0, 2.0, 202.0,    6.0,   1.0,   1.0,     2.0,    32.0,        ,     0.0,        ,     0.0,        ,     1.0,      
balonda01, 1970,     1, NYR , NHL , L  , 78.0, 36.0,  24.0,  60.0,  34.0, 14.0 ,  9.0,     ,  0.0,     ,  7.0, 0.0, 176.0,   13.0,   3.0,   2.0,     5.0,     4.0,        ,     2.0,        ,     0.0,        ,     1.0,      
balonda01, 1971,     1, NYR , NHL , L  , 16.0,  4.0,   5.0,   9.0,   2.0, 5.0  ,  1.0,     ,  0.0,     ,  1.0, 0.0,  30.0,       ,      ,      ,        ,        ,        ,        ,        ,        ,        ,        ,      
balonda01, 1971,     2, VAN , NHL , L  , 59.0, 19.0,  19.0,  38.0,  21.0, -15.0,  6.0,     ,  0.0,     ,  3.0, 0.0, 103.0,       ,      ,      ,        ,        ,        ,        ,        ,        ,        ,        ,      
balonda01, 1972,     1, VAN , NHL , L  , 57.0,  3.0,   2.0,   5.0,  22.0, -16.0,  1.0,     ,  0.0,     ,  0.0, 1.0,  23.0,       ,      ,      ,        ,        ,        ,        ,        ,        ,        ,        ,      
balonda01, 1973,     1, QUN , WHA , L  ,  9.0,  0.0,   0.0,   0.0,   2.0,      ,  0.0,     ,  0.0,     ,  0.0,    ,      ,       ,      ,      ,        ,        ,        ,        ,        ,        ,        ,        ,      
baltibr01, 1974,     1, CHC , WHA , D  , 77.0,  8.0,  12.0,  20.0, 110.0, -24.0,  0.0,     ,  0.0,     ,     ,    , 104.0,       ,      ,      ,        ,        ,        ,        ,        ,        ,        ,        ,      
baltibr01, 1975,     1, DOT , WHA , D  , 41.0,  1.0,   8.0,   9.0,  32.0, -13.0,  0.0,     ,  0.0,     ,  0.0,    ,  47.0,       ,      ,      ,        ,        ,        ,        ,        ,        ,        ,        ,      
baltibr01, 1975,     2, IND , WHA , D  , 37.0,  1.0,  10.0,  11.0,  30.0, 8.0  ,  0.0,     ,  0.0,     ,  1.0,    ,  44.0,    7.0,   0.0,   1.0,     1.0,     4.0, 0.0    ,        ,        ,        ,        ,        ,      
baltibr01, 1976,     1, IND , WHA , D  , 55.0,  0.0,  15.0,  15.0,  63.0, -22.0,  0.0,     ,  0.0,     ,  0.0,    ,  37.0,    9.0,   0.0,   0.0,     0.0,     5.0, 1.0    ,     0.0,        ,     0.0,        ,     0.0,      
baltibr01, 1977,     1, IND , WHA , D  , 22.0,  1.0,   7.0,   8.0,  23.0, 0.0  ,  0.0,     ,  0.0,     ,     ,    ,  14.0,       ,      ,      ,        ,        ,        ,        ,        ,        ,        ,        ,      
baltibr01, 1977,     2, CIN , WHA , D  , 28.0,  2.0,   9.0,  11.0,  47.0, -9.0 ,  0.0,     ,  0.0,     ,     ,    ,  32.0,       ,      ,      ,        ,        ,        ,        ,        ,        ,        ,        ,      
baltibr01, 1978,     1, CIN , WHA , D  , 24.0,  1.0,   2.0,   3.0,  31.0,      ,     ,     ,     ,     ,     ,    ,      ,       ,      ,      ,        ,        ,        ,        ,        ,        ,        ,        ,      
baltibr01, 1978,     2, IND , WHA , D  ,  2.0,  1.0,   1.0,   2.0,   2.0, -1.0 ,  0.0,     ,  0.0,     ,     ,    ,   4.0,       ,      ,      ,        ,        ,        ,        ,        ,        ,        ,        ,      
baltibr01, 1978,     3, CIN , WHA , D  , 45.0,  3.0,   8.0,  11.0,  52.0, -22.0,  1.0,     ,  0.0,     ,     ,    ,  60.0,    3.0,   0.0,   0.0,     0.0,     2.0, 0.0    ,        ,        ,        ,        ,     0.0,      
baltibr01, 1979,     1, EDM , NHL , D  ,  2.0,  0.0,   0.0,   0.0,   4.0, 4.0  ,  0.0,     ,  0.0,     ,  0.0, 0.0,   2.0,       ,      ,      ,        ,        ,        ,        ,        ,        ,        ,        ,      
baluist01, 1959,     1, BOS , NHL , C  ,  7.0,  0.0,   0.0,   0.0,   2.0,      ,     ,     ,     ,     ,     ,    ,      ,       ,      ,      ,        ,        ,        ,        ,        ,        ,        ,        ,      
bancrst01, 1992,     1, CHI , NHL , D  ,  1.0,  0.0,   0.0,   0.0,   0.0, 0.0  ,  0.0,  0.0,  0.0,  0.0,  0.0, 0.0,   0.0,       ,      ,      ,        ,        ,        ,        ,        ,        ,        ,        ,      
bancrst01, 2001,     1, SJS , NHL , D  ,  5.0,  0.0,   1.0,   1.0,   2.0, -2.0 ,  0.0,  0.0,  0.0,  0.0,  0.0, 0.0,   5.0,       ,      ,      ,        ,        ,        ,        ,        ,        ,        ,        ,      
banduje01, 1980,     1, NYR , NHL , D  ,  2.0,  0.0,   1.0,   1.0,   0.0, -3.0 ,  0.0,     ,  0.0,     ,  0.0, 0.0,   2.0,       ,      ,      ,        ,        ,        ,        ,        ,        ,        ,        ,      
banhafr01, 1996,     1, ANA , NHL , R  ,  3.0,  0.0,   0.0,   0.0,   0.0, -2.0 ,  0.0,  0.0,  0.0,  0.0,  0.0, 0.0,   1.0,       ,      ,      ,        ,        ,        ,        ,        ,        ,        ,        ,      
banhafr01, 1997,     1, ANA , NHL , R  , 21.0,  9.0,   2.0,  11.0,  12.0, -6.0 ,  1.0,  1.0,  0.0,  0.0,  0.0, 2.0,  43.0,       ,      ,      ,        ,        ,        ,        ,        ,        ,        ,        ,      
banhafr01, 1999,     1, ANA , NHL , R  ,  3.0,  0.0,   0.0,   0.0,   2.0, 0.0  ,  0.0,  0.0,  0.0,  0.0,  0.0, 0.0,   4.0,       ,      ,      ,        ,        ,        ,        ,        ,        ,        ,        ,      
banhafr01, 2002,     1, PHO , NHL , R  ,  5.0,  0.0,   0.0,   0.0,   2.0, -1.0 ,  0.0,  0.0,  0.0,  0.0,  0.0, 0.0,   5.0,       ,      ,      ,        ,        ,        ,        ,        ,        ,        ,        ,      
banksda01, 1992,     1, BOS , NHL , L  , 16.0,  2.0,   1.0,   3.0,  64.0, 5.0  ,  0.0,  0.0,  0.0,  0.0,  0.0, 0.0,  15.0,       ,      ,      ,        ,        ,        ,        ,        ,        ,        ,        ,      
banksda01, 1993,     1, BOS , NHL , L  ,  4.0,  0.0,   1.0,   1.0,   9.0, 0.0  ,  0.0,  0.0,  0.0,  0.0,  0.0, 0.0,   3.0,       ,      ,      ,        ,        ,        ,        ,        ,        ,        ,        ,      
bannemu01, 1977,     1, VAN , NHL , G  ,  1.0,  0.0,   0.0,   0.0,   0.0, 0.0  ,  0.0,     ,  0.0,     ,  0.0, 0.0,   0.0,       ,      ,      ,        ,        ,        ,        ,        ,        ,        ,        ,      
bannemu01, 1980,     1, CHI , NHL , G  , 15.0,  0.0,   0.0,   0.0,   0.0, 0.0  ,  0.0,     ,  0.0,     ,  0.0, 0.0,   0.0,       ,      ,      ,        ,        ,        ,        ,        ,        ,        ,        ,      
bannemu01, 1981,     1, CHI , NHL , G  , 29.0,  0.0,   1.0,   1.0,   0.0, 0.0  ,  0.0,     ,  0.0,     ,  0.0, 0.0,   0.0,   10.0,   0.0,   1.0,     1.0,     4.0,        ,     0.0,        ,     0.0,        ,     0.0,      
bannemu01, 1982,     1, CHI , NHL , G  , 41.0,  0.0,   1.0,   1.0,   2.0, 0.0  ,  0.0,     ,  0.0,     ,  0.0, 0.0,   0.0,    8.0,   0.0,   1.0,     1.0,     0.0,        ,     0.0,        ,     0.0,        ,     0.0,      
bannemu01, 1983,     1, CHI , NHL , G  , 56.0,  0.0,   4.0,   4.0,  17.0, 0.0  ,  0.0,     ,  0.0,     ,  0.0, 0.0,   0.0,    5.0,   0.0,   1.0,     1.0,     5.0, 0.0    ,     0.0,        ,     0.0,        ,     0.0,     0.0
bannemu01, 1984,     1, CHI , NHL , G  , 60.0,  0.0,   1.0,   1.0,   8.0, 0.0  ,  0.0,     ,  0.0,     ,  0.0, 0.0,   0.0,   15.0,   0.0,   2.0,     2.0,     4.0, 0.0    ,     0.0,        ,     0.0,        ,     0.0,     0.0
bannemu01, 1985,     1, CHI , NHL , G  , 48.0,  0.0,   2.0,   2.0,   6.0, 0.0  ,  0.0,     ,  0.0,     ,  0.0, 0.0,   0.0,    2.0,   0.0,   0.0,     0.0,     4.0, 0.0    ,     0.0,        ,     0.0,        ,     0.0,     0.0
bannemu01, 1986,     1, CHI , NHL , G  , 39.0,  0.0,   1.0,   1.0,   4.0, 0.0  ,  0.0,     ,  0.0,     ,  0.0, 0.0,   0.0,       ,      ,      ,        ,        ,        ,        ,        ,        ,        ,        ,      
bannidr01, 1995,     1, TBL , NHL , D  , 13.0,  0.0,   1.0,   1.0,   4.0, -1.0 ,  0.0,  0.0,  0.0,  0.0,  0.0, 0.0,  10.0,       ,      ,      ,        ,        ,        ,        ,        ,        ,        ,        ,      
bannidr01, 1996,     1, TBL , NHL , D  , 64.0,  4.0,  13.0,  17.0,  44.0, -21.0,  1.0,  6.0,  0.0,  0.0,  0.0, 0.0,  57.0,       ,      ,      ,        ,        ,        ,        ,        ,        ,        ,        ,      
bannidr01, 1996,     2, EDM , NHL , D  ,  1.0,  0.0,   1.0,   1.0,   0.0, -2.0 ,  0.0,  0.0,  0.0,  0.0,  0.0, 0.0,   2.0,   12.0,   0.0,   0.0,     0.0,    30.0, -4.0   ,     0.0,     0.0,     0.0,     0.0,     0.0,     9.0
bannidr01, 1997,     1, EDM , NHL , D  , 34.0,  0.0,   2.0,   2.0,  42.0, -7.0 ,  0.0,  1.0,  0.0,  0.0,  0.0, 0.0,  27.0,       ,      ,      ,        ,        ,        ,        ,        ,        ,        ,        ,      
bannidr01, 1997,     2, ANA , NHL , D  , 27.0,  0.0,   6.0,   6.0,  47.0, -2.0 ,  0.0,  0.0,  0.0,  0.0,  0.0, 0.0,  23.0,       ,      ,      ,        ,        ,        ,        ,        ,        ,        ,        ,      
bannidr01, 1998,     1, TBL , NHL , D  , 21.0,  1.0,   2.0,   3.0,  24.0, -4.0 ,  0.0,  2.0,  0.0,  0.0,  0.0, 0.0,  29.0,       ,      ,      ,        ,        ,        ,        ,        ,        ,        ,        ,      
bannidr01, 2000,     1, NYR , NHL , D  ,  3.0,  0.0,   0.0,   0.0,   0.0, -1.0 ,  0.0,  0.0,  0.0,  0.0,  0.0, 0.0,   3.0,       ,      ,      ,        ,        ,        ,        ,        ,        ,        ,        ,      
bannidr01, 2001,     1, ANA , NHL , D  ,  1.0,  0.0,   0.0,   0.0,   0.0, 0.0  ,  0.0,  0.0,  0.0,  0.0,  0.0, 0.0,   1.0,       ,      ,      ,        ,        ,        ,        ,        ,        ,        ,        ,      
barahra01, 1990,     1, BOS , NHL , C  ,  3.0,  2.0,   1.0,   3.0,   0.0, 2.0  ,  0.0,  1.0,  0.0,  0.0,  0.0, 0.0,   5.0,       ,      ,      ,        ,        ,        ,        ,        ,        ,        ,        ,      
barahra01, 1991,     1, BOS , NHL , C  ,  3.0,  0.0,   1.0,   1.0,   0.0, 1.0  ,  0.0,  0.0,  0.0,  0.0,  0.0, 0.0,   0.0,       ,      ,      ,        ,        ,        ,        ,        ,        ,        ,        ,      
baraniv01, 2007,     1, NYR , NHL , D  ,  1.0,  0.0,   1.0,   1.0,   0.0, 1.0  ,  0.0,  0.0,  0.0,  0.0,  0.0,    ,   1.0,       ,      ,      ,        ,        ,        ,        ,        ,        ,        ,        ,      
barbean01, 1950,     1, TOR , NHL , R  ,  1.0,  0.0,   0.0,   0.0,   2.0,      ,     ,     ,     ,     ,     ,    ,      ,       ,      ,      ,        ,        ,        ,        ,        ,        ,        ,        ,      
barbebi01, 1972,     1, PHI , NHL , L  , 69.0, 30.0,  34.0,  64.0,  46.0, 10.0 ,  7.0,     ,  0.0,     ,  2.0, 1.0, 214.0,   11.0,   3.0,   2.0,     5.0,    22.0,        ,     0.0,        ,     0.0,        ,     0.0,      
barbebi01, 1973,     1, PHI , NHL , L  , 75.0, 34.0,  35.0,  69.0,  54.0, 34.0 ,  9.0,     ,  2.0,     ,  5.0, 2.0, 290.0,   17.0,   3.0,   6.0,     9.0,    18.0,        ,     0.0,        ,     0.0,        ,     1.0,      
barbebi01, 1974,     1, PHI , NHL , L  , 79.0, 34.0,  37.0,  71.0,  66.0, 46.0 ,  8.0,     ,  5.0,     ,  4.0, 1.0, 276.0,   17.0,   6.0,   9.0,    15.0,     8.0,        ,     0.0,        ,     0.0,        ,     0.0,      
barbebi01, 1975,     1, PHI , NHL , L  , 80.0, 50.0,  62.0, 112.0, 104.0, 74.0 , 15.0,     ,  4.0,     , 10.0, 2.0, 380.0,   16.0,   6.0,   7.0,    13.0,    18.0,        ,     3.0,        ,     0.0,        ,     0.0,      
barbebi01, 1976,     1, PHI , NHL , L  , 73.0, 20.0,  35.0,  55.0,  62.0, 32.0 ,  3.0,     ,  0.0,     ,  3.0, 0.0, 245.0,   10.0,   1.0,   4.0,     5.0,     2.0,        ,     0.0,        ,     0.0,        ,     0.0,      
barbebi01, 1977,     1, PHI , NHL , L  , 80.0, 41.0,  31.0,  72.0,  34.0, 31.0 ,  8.0,     ,  4.0,     ,  9.0, 5.0, 262.0,   12.0,   6.0,   3.0,     9.0,     2.0,        ,     1.0,        ,     0.0,        ,     0.0,      
barbebi01, 1978,     1, PHI , NHL , L  , 79.0, 34.0,  46.0,  80.0,  22.0, 19.0 , 10.0,     ,  6.0,     ,  4.0, 0.0, 258.0,    8.0,   3.0,   4.0,     7.0,    10.0,        ,     0.0,        ,     0.0,        ,     0.0,      
barbebi01, 1979,     1, PHI , NHL , L  , 79.0, 40.0,  32.0,  72.0,  17.0, 39.0 ,  7.0,     ,  2.0,     ,  7.0, 3.0, 265.0,   19.0,  12.0,   9.0,    21.0,    23.0,        ,     1.0,        ,     3.0,        ,     4.0,      
barbebi01, 1980,     1, PHI , NHL , L  , 80.0, 43.0,  42.0,  85.0,  69.0, 6.0  , 16.0,     ,  2.0,     ,  2.0, 4.0, 292.0,   12.0,  11.0,   5.0,    16.0,     0.0,        ,     3.0,        ,     1.0,        ,     1.0,      
barbebi01, 1981,     1, PHI , NHL , L  , 80.0, 45.0,  44.0,  89.0,  85.0, 4.0  , 13.0,     ,  4.0,     ,  6.0, 1.0, 350.0,    4.0,   1.0,   5.0,     6.0,     4.0,        ,     0.0,        ,     1.0,        ,     0.0,      
barbebi01, 1982,     1, PHI , NHL , L  , 66.0, 27.0,  33.0,  60.0,  28.0, 17.0 ,  5.0,     ,  2.0,     ,  1.0, 0.0, 215.0,    3.0,   1.0,   1.0,     2.0,     2.0,        ,     1.0,        ,     0.0,        ,     0.0,      
barbebi01, 1983,     1, PHI , NHL , L  , 63.0, 22.0,  32.0,  54.0,  36.0, 4.0  ,  3.0,     ,  0.0,     ,  1.0, 0.0, 203.0,       ,      ,      ,        ,        ,        ,        ,        ,        ,        ,        ,      
barbebo01, 1972,     1, CHC , WHA , D  , 75.0,  4.0,  19.0,  23.0,  39.0,      ,  0.0,     ,  0.0,     ,     ,    ,      ,       ,      ,      ,        ,        ,        ,        ,        ,        ,        ,        ,      
barbebo01, 1973,     1, NYJ , WHA , D  ,  3.0,  0.0,   0.0,   0.0,   2.0,      ,  0.0,     ,  0.0,     ,  0.0,    ,      ,       ,      ,      ,        ,        ,        ,        ,        ,        ,        ,        ,      
barbedo01, 1988,     1, MNS , NHL , L  , 23.0,  8.0,   5.0,  13.0,   8.0, 2.0  ,  3.0,  1.0,  0.0,  0.0,  2.0, 2.0,  42.0,    4.0,   1.0,   1.0,     2.0,     2.0, 1.0    ,     0.0,     1.0,     0.0,     0.0,     1.0,    13.0
barbedo01, 1989,     1, MNS , NHL , R  , 44.0, 15.0,  19.0,  34.0,  32.0, 4.0  ,  4.0,  5.0,  0.0,  0.0,  2.0, 0.0, 100.0,    7.0,   3.0,   3.0,     6.0,     8.0, -2.0   ,     2.0,     1.0,     0.0,     0.0,     1.0,    14.0
barbedo01, 1990,     1, MNS , NHL , L  ,  7.0,  0.0,   0.0,   0.0,   4.0, -3.0 ,  0.0,  0.0,  0.0,  0.0,  0.0, 0.0,  10.0,       ,      ,      ,        ,        ,        ,        ,        ,        ,        ,        ,      
barbedo01, 1990,     2, WIN , NHL , L  , 16.0,  1.0,   2.0,   3.0,  14.0, -3.0 ,  0.0,  0.0,  0.0,  0.0,  0.0, 0.0,  19.0,       ,      ,      ,        ,        ,        ,        ,        ,        ,        ,        ,      
barbedo01, 1991,     1, WIN , NHL , L  , 11.0,  0.0,   3.0,   3.0,   4.0, 2.0  ,  0.0,  1.0,  0.0,  0.0,  0.0, 0.0,   6.0,       ,      ,      ,        ,        ,        ,        ,        ,        ,        ,        ,      
barbedo01, 1991,     2, QUE , NHL , L  ,  2.0,  0.0,   0.0,   0.0,   0.0, -1.0 ,  0.0,  0.0,  0.0,  0.0,  0.0, 0.0,   1.0,       ,      ,      ,        ,        ,        ,        ,        ,        ,        ,        ,      
barbedo01, 1991,     3, SJS , NHL , L  , 12.0,  1.0,   3.0,   4.0,   2.0, -7.0 ,  0.0,  1.0,  0.0,  0.0,  0.0, 0.0,  17.0,       ,      ,      ,        ,        ,        ,        ,        ,        ,        ,        ,      
barboal01, 1915,     1, PO1 , PCHA, C  ,  7.0,  4.0,   0.0,   4.0,   0.0,      ,     ,     ,     ,     ,     ,    ,      ,       ,      ,      ,        ,        ,        ,        ,        ,        ,        ,        ,      
barboal01, 1916,     1, PO1 , PCHA, C  , 15.0,  3.0,   3.0,   6.0,   3.0,      ,     ,     ,     ,     ,     ,    ,      ,       ,      ,      ,        ,        ,        ,        ,        ,        ,        ,        ,      
barboal01, 1917,     1, PO1 , PCHA, C  , 17.0, 12.0,   5.0,  17.0,   0.0,      ,     ,     ,     ,     ,     ,    ,      ,       ,      ,      ,        ,        ,        ,        ,        ,        ,        ,        ,      
barboal01, 1918,     1, VA2 , PCHA, C  ,  7.0,  2.0,   1.0,   3.0,   0.0,      ,     ,     ,     ,     ,     ,    ,      ,       ,      ,      ,        ,        ,        ,        ,        ,        ,        ,        ,      
barchkr01, 2006,     1, DAL , NHL , R  , 26.0,  3.0,   2.0,   5.0, 107.0, 2.0  ,  0.0,  0.0,  0.0,  0.0,  2.0,    ,  12.0,       ,      ,      ,        ,        ,        ,        ,        ,        ,        ,        ,      
barchkr01, 2007,     1, DAL , NHL , R  , 48.0,  1.0,   2.0,   3.0, 105.0, -3.0 ,  0.0,  0.0,  0.0,  0.0,  0.0,    ,  23.0,    3.0,   0.0,   0.0,     0.0,     2.0, 0.0    ,     0.0,     0.0,     0.0,     0.0,     0.0,     0.0
barchkr01, 2008,     1, DAL , NHL , R  , 72.0,  4.0,   5.0,   9.0, 133.0, 1.0  ,  0.0,  0.0,  0.0,  0.0,  1.0,    ,  27.0,       ,      ,      ,        ,        ,        ,        ,        ,        ,        ,        ,      
barchkr01, 2009,     1, DAL , NHL , R  , 63.0,  0.0,   6.0,   6.0, 130.0, 0.0  ,  0.0,  0.0,  0.0,  0.0,  0.0,    ,  29.0,       ,      ,      ,        ,        ,        ,        ,        ,        ,        ,        ,      
barilbi01, 1946,     1, TOR , NHL , D  , 18.0,  3.0,   7.0,  10.0,  33.0,      ,     ,     ,     ,     ,     ,    ,      ,   11.0,   0.0,   3.0,     3.0,    18.0,        ,        ,        ,        ,        ,        ,      
barilbi01, 1947,     1, TOR , NHL , D  , 57.0,  5.0,   9.0,  14.0, 147.0,      ,     ,     ,     ,     ,     ,    ,      ,    9.0,   1.0,   0.0,     1.0,    17.0,        ,        ,        ,        ,        ,        ,      
barilbi01, 1948,     1, TOR , NHL , D  , 60.0,  5.0,   4.0,   9.0,  95.0,      ,     ,     ,     ,     ,     ,    ,      ,    9.0,   0.0,   1.0,     1.0,    20.0,        ,        ,        ,        ,        ,        ,      
barilbi01, 1949,     1, TOR , NHL , D  , 59.0,  7.0,  10.0,  17.0,  85.0,      ,     ,     ,     ,     ,     ,    ,      ,    7.0,   1.0,   1.0,     2.0,    18.0,        ,        ,        ,        ,        ,        ,      
barilbi01, 1950,     1, TOR , NHL , D  , 58.0,  6.0,   6.0,  12.0,  96.0,      ,     ,     ,     ,     ,     ,    ,      ,   11.0,   3.0,   2.0,     5.0,    31.0,        ,        ,        ,        ,        ,        ,      
barinmi01, 2003,     1, CHI , NHL , D  ,  9.0,  0.0,   1.0,   1.0,   6.0, -5.0 ,  0.0,  0.0,  0.0,  0.0,  0.0, 0.0,  15.0,       ,      ,      ,        ,        ,        ,        ,        ,        ,        ,        ,      
barinmi01, 2005,     1, CHI , NHL , D  , 25.0,  0.0,   1.0,   1.0,  20.0, -7.0 ,  0.0,  0.0,  0.0,  0.0,  0.0,    ,  19.0,       ,      ,      ,        ,        ,        ,        ,        ,        ,        ,        ,      
barkeca01, 2005,     1, CHI , NHL , D  ,  1.0,  0.0,   0.0,   0.0,   0.0, 0.0  ,  0.0,  0.0,  0.0,  0.0,  0.0,    ,   1.0,       ,      ,      ,        ,        ,        ,        ,        ,        ,        ,        ,      
barkeca01, 2006,     1, CHI , NHL , D  , 35.0,  1.0,   7.0,   8.0,  44.0, -12.0,  1.0,  5.0,  0.0,  0.0,  0.0,    ,  38.0,       ,      ,      ,        ,        ,        ,        ,        ,        ,        ,        ,      
barkeca01, 2007,     1, CHI , NHL , D  , 45.0,  6.0,  12.0,  18.0,  52.0, -3.0 ,  2.0,  2.0,  0.0,  0.0,  0.0,    ,  42.0,       ,      ,      ,        ,        ,        ,        ,        ,        ,        ,        ,      
barkeca01, 2008,     1, CHI , NHL , D  , 68.0,  6.0,  34.0,  40.0,  65.0, -6.0 ,  5.0, 24.0,  0.0,  1.0,  1.0,    , 101.0,   17.0,   3.0,   6.0,     9.0,     2.0, -3.0   ,     0.0,     5.0,     0.0,     0.0,     0.0,    32.0
barkeca01, 2009,     1, CHI , NHL , D  , 51.0,  4.0,  10.0,  14.0,  58.0, 7.0  ,  3.0,  3.0,  0.0,  0.0,  1.0,    ,  74.0,       ,      ,      ,        ,        ,        ,        ,        ,        ,        ,        ,      
barkeca01, 2009,     2, MIN , NHL , D  , 19.0,  1.0,   6.0,   7.0,  10.0, -2.0 ,  1.0,  3.0,  0.0,  0.0,  0.0,    ,  31.0,       ,      ,      ,        ,        ,        ,        ,        ,        ,        ,        ,      
barkldo01, 1957,     1, CHI , NHL , D  ,  3.0,  0.0,   0.0,   0.0,   0.0,      ,     ,     ,     ,     ,     ,    ,      ,       ,      ,      ,        ,        ,        ,        ,        ,        ,        ,        ,      
barkldo01, 1959,     1, CHI , NHL , D  ,  3.0,  0.0,   0.0,   0.0,   2.0,      ,     ,     ,     ,     ,     ,    ,      ,       ,      ,      ,        ,        ,        ,        ,        ,        ,        ,        ,      
barkldo01, 1962,     1, DET , NHL , D  , 70.0,  3.0,  24.0,  27.0,  78.0,      ,     ,     ,     ,     ,     ,    ,      ,   11.0,   0.0,   3.0,     3.0,    16.0,        ,        ,        ,        ,        ,     0.0,      
barkldo01, 1963,     1, DET , NHL , D  , 67.0, 11.0,  21.0,  32.0, 115.0,      ,  3.0,     ,  0.0,     ,  1.0, 0.0,      ,   14.0,   0.0,   5.0,     5.0,    33.0,        ,        ,        ,        ,        ,     0.0,      
barkldo01, 1964,     1, DET , NHL , D  , 67.0,  5.0,  20.0,  25.0, 122.0,      ,  0.0,     ,  0.0,     ,  0.0, 0.0,      ,    5.0,   0.0,   1.0,     1.0,    14.0,        ,        ,        ,        ,        ,     0.0,      
barkldo01, 1965,     1, DET , NHL , D  , 43.0,  5.0,  15.0,  20.0,  65.0,      ,  1.0,     ,  0.0,     ,  0.0, 0.0,      ,       ,      ,      ,        ,        ,        ,        ,        ,        ,        ,        ,      
barlobo01, 1969,     1, MNS , NHL , C  , 70.0, 16.0,  17.0,  33.0,  10.0, -3.0 ,  6.0,     ,  1.0,     ,  1.0, 2.0, 157.0,    6.0,   2.0,   2.0,     4.0,     6.0,        ,     1.0,        ,     0.0,        ,     0.0,      
barlobo01, 1970,     1, MNS , NHL , C  ,  7.0,  0.0,   0.0,   0.0,   0.0, 0.0  ,  0.0,     ,  0.0,     ,  0.0, 0.0,   7.0,       ,      ,      ,        ,        ,        ,        ,        ,        ,        ,        ,      
barlobo01, 1974,     1, PHR , WHA , L  , 51.0,  6.0,  20.0,  26.0,   8.0, -9.0 ,  0.0,     ,  0.0,     ,     ,    ,  94.0,       ,      ,      ,        ,        ,        ,        ,        ,        ,        ,        ,      
barnama01, 1992,     1, BUF , NHL , L  ,  2.0,  1.0,   0.0,   1.0,  10.0, 0.0  ,  1.0,  0.0,  0.0,  0.0,  0.0, 0.0,   8.0,    1.0,   0.0,   1.0,     1.0,     4.0, 1.0    ,     0.0,     0.0,     0.0,     0.0,     0.0,     0.0
barnama01, 1993,     1, BUF , NHL , L  , 35.0,  2.0,   4.0,   6.0, 106.0, -7.0 ,  1.0,  1.0,  0.0,  0.0,  0.0, 0.0,  13.0,    3.0,   0.0,   0.0,     0.0,    17.0, 2.0    ,     0.0,     0.0,     0.0,     0.0,     0.0,     0.0
barnama01, 1994,     1, BUF , NHL , L  , 23.0,  1.0,   1.0,   2.0, 116.0, -2.0 ,  0.0,  0.0,  0.0,  0.0,  0.0, 0.0,  27.0,       ,      ,      ,        ,        ,        ,        ,        ,        ,        ,        ,      
barnama01, 1995,     1, BUF , NHL , R  , 73.0, 15.0,  16.0,  31.0, 335.0, -2.0 ,  0.0,  0.0,  0.0,  0.0,  0.0, 0.0, 131.0,       ,      ,      ,        ,        ,        ,        ,        ,        ,        ,        ,      
barnama01, 1996,     1, BUF , NHL , R  , 68.0, 19.0,  24.0,  43.0, 249.0, 16.0 ,  2.0,  2.0,  0.0,  0.0,  1.0, 0.0, 121.0,    8.0,   0.0,   4.0,     4.0,    36.0, 2.0    ,     0.0,     0.0,     0.0,     0.0,     0.0,    12.0
barnama01, 1997,     1, BUF , NHL , R  , 72.0,  5.0,  20.0,  25.0, 289.0, 8.0  ,  0.0,  3.0,  0.0,  0.0,  2.0, 0.0,  96.0,   15.0,   7.0,   6.0,    13.0,    22.0, 6.0    ,     3.0,     2.0,     0.0,     0.0,     1.0,    25.0
barnama01, 1998,     1, BUF , NHL , R  , 44.0,  4.0,  14.0,  18.0, 143.0, -2.0 ,  0.0,  5.0,  0.0,  0.0,  3.0, 0.0,  52.0,       ,      ,      ,        ,        ,        ,        ,        ,        ,        ,        ,      
barnama01, 1998,     2, PIT , NHL , R  , 18.0,  2.0,   2.0,   4.0,  34.0, -10.0,  1.0,  0.0,  0.0,  0.0,  0.0, 0.0,  27.0,   13.0,   0.0,   0.0,     0.0,    35.0, -2.0   ,     0.0,     0.0,     0.0,     0.0,     0.0,    10.0
barnama01, 1999,     1, PIT , NHL , L  , 64.0, 12.0,  12.0,  24.0, 197.0, 3.0  ,  0.0,  1.0,  0.0,  0.0,  3.0, 0.0,  80.0,   11.0,   0.0,   2.0,     2.0,    29.0, -1.0   ,     0.0,     0.0,     0.0,     0.0,     0.0,    11.0
barnama01, 2000,     1, PIT , NHL , R  , 47.0,  1.0,   4.0,   5.0, 168.0, -7.0 ,  0.0,  1.0,  0.0,  0.0,  0.0, 0.0,  38.0,       ,      ,      ,        ,        ,        ,        ,        ,        ,        ,        ,      
barnama01, 2000,     2, TBL , NHL , R  , 29.0,  4.0,   4.0,   8.0,  97.0, -3.0 ,  1.0,  2.0,  0.0,  0.0,  0.0, 0.0,  29.0,       ,      ,      ,        ,        ,        ,        ,        ,        ,        ,        ,      
barnama01, 2001,     1, TBL , NHL , L  , 29.0,  0.0,   0.0,   0.0,  70.0, -7.0 ,  0.0,  0.0,  0.0,  0.0,  0.0, 0.0,  13.0,       ,      ,      ,        ,        ,        ,        ,        ,        ,        ,        ,      
barnama01, 2001,     2, NYR , NHL , L  , 48.0,  8.0,  13.0,  21.0, 144.0, -3.0 ,  0.0,  0.0,  0.0,  0.0,  1.0, 0.0,  56.0,       ,      ,      ,        ,        ,        ,        ,        ,        ,        ,        ,      
barnama01, 2002,     1, NYR , NHL , L  , 79.0, 14.0,  22.0,  36.0, 142.0, 9.0  ,  1.0,  1.0,  0.0,  0.0,  1.0, 1.0, 104.0,       ,      ,      ,        ,        ,        ,        ,        ,        ,        ,        ,      
barnama01, 2003,     1, NYR , NHL , R  , 69.0, 12.0,  20.0,  32.0, 120.0, 15.0 ,  0.0,  1.0,  0.0,  0.0,  1.0, 1.0,  80.0,       ,      ,      ,        ,        ,        ,        ,        ,        ,        ,        ,      
barnama01, 2003,     2, COL , NHL , R  , 13.0,  4.0,   5.0,   9.0,  37.0, 3.0  ,  1.0,  0.0,  0.0,  0.0,  2.0, 0.0,  24.0,   11.0,   0.0,   2.0,     2.0,    27.0, -3.0   ,     0.0,     0.0,     0.0,     0.0,     0.0,    10.0
barnama01, 2005,     1, CHI , NHL , L  , 82.0,  8.0,  20.0,  28.0, 178.0, -11.0,  0.0,  0.0,  0.0,  1.0,  1.0,    ,  85.0,       ,      ,      ,        ,        ,        ,        ,        ,        ,        ,        ,      
barnama01, 2006,     1, DAL , NHL , R  , 39.0,  1.0,   6.0,   7.0, 127.0, 5.0  ,  0.0,  0.0,  0.0,  0.0,  0.0,    ,  22.0,       ,      ,      ,        ,        ,        ,        ,        ,        ,        ,        ,      
barnebl01, 1982,     1, LAK , NHL , R  ,  1.0,  0.0,   0.0,   0.0,   0.0, 0.0  ,  0.0,     ,  0.0,     ,  0.0, 0.0,   0.0,       ,      ,      ,        ,        ,        ,        ,        ,        ,        ,        ,      
barneno01, 1976,     1, PHI , NHL , D  ,  1.0,  0.0,   0.0,   0.0,   0.0, 0.0  ,  0.0,     ,  0.0,     ,  0.0, 0.0,   0.0,       ,      ,      ,        ,        ,        ,        ,        ,        ,        ,        ,      
barneno01, 1978,     1, PHI , NHL , D  ,     ,     ,      ,      ,      ,      ,     ,     ,     ,     ,     ,    ,      ,    2.0,   0.0,   0.0,     0.0,     0.0,        ,     0.0,        ,     0.0,        ,     0.0,      
barneno01, 1979,     1, PHI , NHL , D  , 59.0,  4.0,  21.0,  25.0,  59.0, 23.0 ,  0.0,     ,  0.0,     ,  1.0, 0.0,  73.0,   10.0,   0.0,   0.0,     0.0,     8.0,        ,     0.0,        ,     0.0,        ,     0.0,      
barneno01, 1980,     1, PHI , NHL , D  , 22.0,  0.0,   3.0,   3.0,  18.0, -3.0 ,  0.0,     ,  0.0,     ,  0.0, 0.0,  12.0,       ,      ,      ,        ,        ,        ,        ,        ,        ,        ,        ,      
barneno01, 1980,     2, HAR , NHL , D  , 54.0,  1.0,  10.0,  11.0,  82.0, -30.0,  0.0,     ,  0.0,     ,  0.0, 1.0,  72.0,       ,      ,      ,        ,        ,        ,        ,        ,        ,        ,        ,      
barneno01, 1981,     1, HAR , NHL , D  , 20.0,  1.0,   4.0,   5.0,  19.0, -4.0 ,  0.0,     ,  0.0,     ,  0.0, 1.0,  25.0,       ,      ,      ,        ,        ,        ,        ,        ,        ,        ,        ,      
barnery01, 2003,     1, DET , NHL , L  ,  2.0,  0.0,   0.0,   0.0,   0.0, 0.0  ,  0.0,  0.0,  0.0,  0.0,  0.0, 0.0,   0.0,       ,      ,      ,        ,        ,        ,        ,        ,        ,        ,        ,      
barnesc01, 2002,     1, LAK , NHL , R  ,  5.0,  0.0,   0.0,   0.0,   0.0, -1.0 ,  0.0,  0.0,  0.0,  0.0,  0.0, 0.0,   5.0,       ,      ,      ,        ,        ,        ,        ,        ,        ,        ,        ,      
barnesc01, 2003,     1, LAK , NHL , C  , 19.0,  5.0,   6.0,  11.0,   4.0, 3.0  ,  2.0,  1.0,  0.0,  0.0,  0.0, 0.0,  31.0,       ,      ,      ,        ,        ,        ,        ,        ,        ,        ,        ,      
barnesc01, 2005,     1, ATL , NHL , C  ,  3.0,  0.0,   0.0,   0.0,   0.0, -1.0 ,  0.0,  0.0,  0.0,  0.0,  0.0,    ,   4.0,       ,      ,      ,        ,        ,        ,        ,        ,        ,        ,        ,      
barnest01, 1991,     1, WIN , NHL , C  , 46.0,  8.0,   9.0,  17.0,  26.0, -2.0 ,  4.0,  2.0,  0.0,  0.0,  0.0, 0.0,  75.0,       ,      ,      ,        ,        ,        ,        ,        ,        ,        ,        ,      
barnest01, 1992,     1, WIN , NHL , C  , 38.0, 12.0,  10.0,  22.0,  10.0, -3.0 ,  3.0,  1.0,  0.0,  0.0,  3.0, 0.0,  73.0,    6.0,   1.0,   3.0,     4.0,     2.0, 1.0    ,     0.0,     0.0,     0.0,     0.0,     0.0,     3.0
barnest01, 1993,     1, WIN , NHL , C  , 18.0,  5.0,   4.0,   9.0,   8.0, -1.0 ,  2.0,  1.0,  0.0,  0.0,  0.0, 0.0,  24.0,       ,      ,      ,        ,        ,        ,        ,        ,        ,        ,        ,      
barnest01, 1993,     2, FLO , NHL , C  , 59.0, 18.0,  20.0,  38.0,  30.0, 5.0  ,  6.0,  7.0,  1.0,  0.0,  3.0, 0.0, 148.0,       ,      ,      ,        ,        ,        ,        ,        ,        ,        ,        ,      
barnest01, 1994,     1, FLO , NHL , C  , 41.0, 10.0,  19.0,  29.0,   8.0, 7.0  ,  1.0,  5.0,  0.0,  1.0,  2.0, 0.0,  93.0,       ,      ,      ,        ,        ,        ,        ,        ,        ,        ,        ,      
barnest01, 1995,     1, FLO , NHL , C  , 72.0, 19.0,  25.0,  44.0,  46.0, -12.0,  8.0, 13.0,  0.0,  0.0,  5.0, 2.0, 158.0,   22.0,   6.0,  10.0,    16.0,     4.0, 10.0   ,     2.0,     4.0,     0.0,     0.0,     2.0,    57.0
barnest01, 1996,     1, FLO , NHL , C  , 19.0,  2.0,   8.0,  10.0,  10.0, -3.0 ,  1.0,  4.0,  0.0,  0.0,  0.0, 1.0,  44.0,       ,      ,      ,        ,        ,        ,        ,        ,        ,        ,        ,      
barnest01, 1996,     2, PIT , NHL , C  , 62.0, 17.0,  22.0,  39.0,  16.0, -20.0,  4.0,  3.0,  0.0,  1.0,  3.0, 2.0, 132.0,    5.0,   0.0,   1.0,     1.0,     0.0, 0.0    ,     0.0,     0.0,     0.0,     0.0,     0.0,     4.0
barnest01, 1997,     1, PIT , NHL , L  , 78.0, 30.0,  35.0,  65.0,  30.0, 15.0 , 15.0, 13.0,  1.0,  1.0,  5.0, 0.0, 196.0,    6.0,   3.0,   3.0,     6.0,     2.0, 2.0    ,     0.0,     2.0,     0.0,     0.0,     1.0,    12.0
barnest01, 1998,     1, PIT , NHL , C  , 64.0, 20.0,  12.0,  32.0,  20.0, -12.0, 13.0,  3.0,  0.0,  0.0,  3.0, 0.0, 155.0,       ,      ,      ,        ,        ,        ,        ,        ,        ,        ,        ,      
barnest01, 1998,     2, BUF , NHL , C  , 17.0,  0.0,   4.0,   4.0,  10.0, 1.0  ,  0.0,  1.0,  0.0,  0.0,  0.0, 0.0,  25.0,   21.0,   7.0,   3.0,    10.0,     6.0, -1.0   ,     4.0,     1.0,     0.0,     0.0,     1.0,    30.0
barnest01, 1999,     1, BUF , NHL , C  , 82.0, 20.0,  25.0,  45.0,  16.0, -3.0 ,  8.0,  8.0,  2.0,  0.0,  2.0, 0.0, 137.0,    5.0,   3.0,   0.0,     3.0,     2.0, -1.0   ,     2.0,     0.0,     0.0,     0.0,     1.0,    11.0
barnest01, 2000,     1, BUF , NHL , C  , 75.0, 19.0,  24.0,  43.0,  26.0, -2.0 ,  3.0,  8.0,  2.0,  0.0,  5.0, 0.0, 160.0,   13.0,   4.0,   4.0,     8.0,     2.0, 0.0    ,     2.0,     0.0,     0.0,     0.0,     2.0,    21.0
barnest01, 2001,     1, BUF , NHL , C  , 68.0, 17.0,  31.0,  48.0,  26.0, 6.0  ,  5.0, 10.0,  0.0,  3.0,  4.0, 1.0, 127.0,       ,      ,      ,        ,        ,        ,        ,        ,        ,        ,        ,      
barnest01, 2002,     1, BUF , NHL , L  , 68.0, 11.0,  21.0,  32.0,  20.0, -13.0,  2.0,  5.0,  1.0,  0.0,  2.0, 0.0, 124.0,       ,      ,      ,        ,        ,        ,        ,        ,        ,        ,        ,      
barnest01, 2002,     2, DAL , NHL , L  , 13.0,  2.0,   5.0,   7.0,   8.0, 2.0  ,  2.0,  1.0,  0.0,  0.0,  1.0, 0.0,  25.0,   12.0,   2.0,   3.0,     5.0,     0.0, 0.0    ,     0.0,     0.0,     0.0,     0.0,     2.0,    22.0
barnest01, 2003,     1, DAL , NHL , C  , 77.0, 11.0,  18.0,  29.0,  18.0, 7.0  ,  0.0,  3.0,  1.0,  0.0,  4.0, 0.0, 135.0,    5.0,   0.0,   0.0,     0.0,     0.0, -6.0   ,     0.0,     0.0,     0.0,     0.0,     0.0,     8.0
barnest01, 2005,     1, DAL , NHL , C  , 78.0, 15.0,  21.0,  36.0,  44.0, 9.0  ,  0.0,  3.0,  1.0,  0.0,  2.0,    , 123.0,    5.0,   1.0,   1.0,     2.0,     0.0, 0.0    ,     0.0,     0.0,     1.0,     0.0,     0.0,     4.0
barnest01, 2006,     1, DAL , NHL , C  , 82.0, 13.0,  12.0,  25.0,  40.0, -2.0 ,  1.0,  0.0,  0.0,  1.0,  2.0,    , 118.0,    7.0,   1.0,   3.0,     4.0,     4.0, 1.0    ,     1.0,     0.0,     0.0,     0.0,     0.0,    14.0
barnest01, 2007,     1, DAL , NHL , C  , 79.0, 12.0,  11.0,  23.0,  26.0, -3.0 ,  0.0,  0.0,  2.0,  4.0,  4.0,    ,  71.0,    9.0,   2.0,   1.0,     3.0,     2.0, 1.0    ,     0.0,     0.0,     0.0,     0.0,     2.0,    14.0
baronma01, 1979,     1, BOS , NHL , G  ,  1.0,  0.0,   0.0,   0.0,   0.0, 0.0  ,  0.0,     ,  0.0,     ,  0.0, 0.0,   0.0,       ,      ,      ,        ,        ,        ,        ,        ,        ,        ,        ,      
baronma01, 1980,     1, BOS , NHL , G  , 10.0,  0.0,   0.0,   0.0,   7.0, 0.0  ,  0.0,     ,  0.0,     ,  0.0, 0.0,   0.0,    1.0,   0.0,   0.0,     0.0,     0.0,        ,     0.0,        ,     0.0,        ,     0.0,      
baronma01, 1981,     1, BOS , NHL , G  , 44.0,  0.0,   2.0,   2.0,  35.0, 0.0  ,  0.0,     ,  0.0,     ,  0.0, 0.0,   0.0,       ,      ,      ,        ,        ,        ,        ,        ,        ,        ,        ,      
baronma01, 1982,     1, BOS , NHL , G  ,  9.0,  0.0,   0.0,   0.0,   4.0, 0.0  ,  0.0,     ,  0.0,     ,  0.0, 0.0,   0.0,       ,      ,      ,        ,        ,        ,        ,        ,        ,        ,        ,      
baronma01, 1983,     1, LAK , NHL , G  , 21.0,  0.0,   2.0,   2.0,  10.0, 0.0  ,  0.0,     ,  0.0,     ,  0.0, 0.0,   0.0,       ,      ,      ,        ,        ,        ,        ,        ,        ,        ,        ,      
baronma01, 1984,     1, EDM , NHL , G  ,  1.0,  0.0,   0.0,   0.0,   0.0, 0.0  ,  0.0,     ,  0.0,     ,  0.0, 0.0,   0.0,       ,      ,      ,        ,        ,        ,        ,        ,        ,        ,        ,      
baronmu01, 1989,     1, PHI , NHL , D  , 16.0,  2.0,   2.0,   4.0,  12.0, -1.0 ,  0.0,  0.0,  0.0,  0.0,  0.0, 0.0,  18.0,       ,      ,      ,        ,        ,        ,        ,        ,        ,        ,        ,      
baronmu01, 1990,     1, PHI , NHL , D  , 67.0,  8.0,   8.0,  16.0,  74.0, -3.0 ,  3.0,  2.0,  0.0,  0.0,  1.0, 0.0,  86.0,       ,      ,      ,        ,        ,        ,        ,        ,        ,        ,        ,      
baronmu01, 1991,     1, STL , NHL , D  , 67.0,  3.0,   8.0,  11.0,  94.0, -3.0 ,  0.0,  0.0,  0.0,  0.0,  0.0, 0.0,  55.0,    2.0,   0.0,   0.0,     0.0,     2.0, -1.0   ,     0.0,     0.0,     0.0,     0.0,     0.0,     2.0
baronmu01, 1992,     1, STL , NHL , D  , 53.0,  2.0,   2.0,   4.0,  59.0, -5.0 ,  0.0,  0.0,  0.0,  0.0,  1.0, 0.0,  42.0,   11.0,   0.0,   0.0,     0.0,    12.0, -5.0   ,     0.0,     0.0,     0.0,     0.0,     0.0,     8.0
baronmu01, 1993,     1, STL , NHL , D  , 77.0,  5.0,   9.0,  14.0, 123.0, -14.0,  0.0,  0.0,  0.0,  1.0,  0.0, 0.0,  73.0,    4.0,   0.0,   0.0,     0.0,    10.0, -1.0   ,     0.0,     0.0,     0.0,     0.0,     0.0,     5.0
baronmu01, 1994,     1, STL , NHL , D  , 39.0,  0.0,   5.0,   5.0,  93.0, 9.0  ,  0.0,  0.0,  0.0,  1.0,  0.0, 0.0,  28.0,    7.0,   1.0,   1.0,     2.0,     2.0, 2.0    ,     0.0,     0.0,     0.0,     1.0,     0.0,     9.0
baronmu01, 1995,     1, STL , NHL , D  , 82.0,  2.0,   9.0,  11.0, 190.0, 3.0  ,  0.0,  0.0,  0.0,  0.0,  0.0, 0.0,  86.0,   13.0,   1.0,   0.0,     1.0,    20.0, 4.0    ,     0.0,     0.0,     1.0,     0.0,     0.0,    10.0
baronmu01, 1996,     1, STL , NHL , D  , 11.0,  0.0,   2.0,   2.0,  11.0, -4.0 ,  0.0,  0.0,  0.0,  0.0,  0.0, 0.0,   7.0,       ,      ,      ,        ,        ,        ,        ,        ,        ,        ,        ,      
baronmu01, 1996,     2, MTL , NHL , D  , 60.0,  1.0,   5.0,   6.0, 107.0, -16.0,  0.0,  1.0,  0.0,  1.0,  0.0, 0.0,  52.0,       ,      ,      ,        ,        ,        ,        ,        ,        ,        ,        ,      
baronmu01, 1996,     3, PHO , NHL , D  ,  8.0,  0.0,   0.0,   0.0,   4.0, 0.0  ,  0.0,  0.0,  0.0,  0.0,  0.0, 0.0,   5.0,    1.0,   0.0,   0.0,     0.0,     0.0, 0.0    ,     0.0,     0.0,     0.0,     0.0,     0.0,     0.0
baronmu01, 1997,     1, PHO , NHL , D  , 45.0,  1.0,   5.0,   6.0, 106.0, -10.0,  0.0,  0.0,  0.0,  0.0,  0.0, 0.0,  23.0,    6.0,   0.0,   2.0,     2.0,     6.0, 2.0    ,     0.0,     0.0,     0.0,     0.0,     0.0,     4.0
baronmu01, 1998,     1, VAN , NHL , D  , 81.0,  2.0,   6.0,   8.0, 115.0, -23.0,  0.0,  0.0,  0.0,  0.0,  0.0, 0.0,  53.0,       ,      ,      ,        ,        ,        ,        ,        ,        ,        ,        ,      
baronmu01, 1999,     1, VAN , NHL , D  , 81.0,  2.0,  10.0,  12.0,  67.0, 8.0  ,  0.0,  1.0,  0.0,  1.0,  0.0, 0.0,  48.0,       ,      ,      ,        ,        ,        ,        ,        ,        ,        ,        ,      
baronmu01, 2000,     1, VAN , NHL , D  , 82.0,  3.0,   8.0,  11.0,  63.0, -13.0,  0.0,  0.0,  0.0,  2.0,  1.0, 0.0,  56.0,    4.0,   0.0,   0.0,     0.0,     0.0, -4.0   ,     0.0,     0.0,     0.0,     0.0,     0.0,     4.0
baronmu01, 2001,     1, VAN , NHL , D  , 61.0,  1.0,   6.0,   7.0,  68.0, 8.0  ,  0.0,  0.0,  0.0,  0.0,  0.0, 0.0,  38.0,    6.0,   0.0,   1.0,     1.0,    10.0, -3.0   ,     0.0,     0.0,     0.0,     0.0,     0.0,     2.0
baronmu01, 2002,     1, VAN , NHL , D  , 78.0,  2.0,   4.0,   6.0,  62.0, 13.0 ,  0.0,  0.0,  0.0,  1.0,  0.0, 0.0,  34.0,   14.0,   0.0,   4.0,     4.0,    10.0, 0.0    ,     0.0,     0.0,     0.0,     0.0,     0.0,     8.0
baronmu01, 2003,     1, STL , NHL , D  , 80.0,  1.0,   5.0,   6.0,  61.0, -6.0 ,  0.0,  0.0,  0.0,  0.0,  0.0, 0.0,  57.0,    5.0,   0.0,   0.0,     0.0,     6.0, 0.0    ,     0.0,     0.0,     0.0,     0.0,     0.0,     6.0
baronno01, 1983,     1, MTL , NHL , L  ,  4.0,  0.0,   0.0,   0.0,  12.0, -2.0 ,  0.0,     ,  0.0,     ,  0.0, 0.0,   2.0,    3.0,   0.0,   0.0,     0.0,    22.0, 0.0    ,     0.0,        ,     0.0,        ,     0.0,    10.0
baronno01, 1985,     1, STL , NHL , L  , 23.0,  2.0,   0.0,   2.0,  39.0, -7.0 ,  0.0,     ,  0.0,     ,  0.0, 0.0,  13.0,       ,      ,      ,        ,        ,        ,        ,        ,        ,        ,        ,      
barrado01, 1992,     1, MNS , NHL , R  ,  2.0,  0.0,   0.0,   0.0,   2.0, -1.0 ,  0.0,  0.0,  0.0,  0.0,  0.0, 0.0,   0.0,       ,      ,      ,        ,        ,        ,        ,        ,        ,        ,        ,      
barrado01, 1993,     1, FLO , NHL , R  ,  2.0,  0.0,   0.0,   0.0,   0.0, -2.0 ,  0.0,  0.0,  0.0,  0.0,  0.0, 0.0,   2.0,       ,      ,      ,        ,        ,        ,        ,        ,        ,        ,        ,      
barrato01, 1983,     1, BUF , NHL , G  , 42.0,  0.0,   2.0,   2.0,  20.0, 0.0  ,  0.0,     ,  0.0,     ,  0.0, 0.0,   0.0,    3.0,   0.0,   0.0,     0.0,     7.0, 0.0    ,     0.0,        ,     0.0,        ,     0.0,     0.0
barrato01, 1984,     1, BUF , NHL , G  , 54.0,  0.0,   6.0,   6.0,  41.0, 0.0  ,  0.0,     ,  0.0,     ,  0.0, 0.0,   0.0,    5.0,   0.0,   0.0,     0.0,     2.0, 0.0    ,     0.0,        ,     0.0,        ,     0.0,     0.0
barrato01, 1985,     1, BUF , NHL , G  , 60.0,  0.0,   4.0,   4.0,  28.0, 0.0  ,  0.0,     ,  0.0,     ,  0.0, 0.0,   0.0,       ,      ,      ,        ,        ,        ,        ,        ,        ,        ,        ,      
barrato01, 1986,     1, BUF , NHL , G  , 46.0,  0.0,   1.0,   1.0,  22.0, 0.0  ,  0.0,     ,  0.0,     ,  0.0, 0.0,   0.0,       ,      ,      ,        ,        ,        ,        ,        ,        ,        ,        ,      
barrato01, 1987,     1, BUF , NHL , G  , 54.0,  0.0,   1.0,   1.0,  50.0, 0.0  ,  0.0,     ,  0.0,     ,  0.0, 0.0,   0.0,    4.0,   0.0,   0.0,     0.0,     0.0, 0.0    ,     0.0,     0.0,     0.0,     0.0,     0.0,     0.0
barrato01, 1988,     1, BUF , NHL , G  , 10.0,  0.0,   3.0,   3.0,  21.0, 0.0  ,  0.0,     ,  0.0,     ,  0.0, 0.0,   0.0,       ,      ,      ,        ,        ,        ,        ,        ,        ,        ,        ,      
barrato01, 1988,     2, PIT , NHL , G  , 44.0,  0.0,   5.0,   5.0,  49.0, 0.0  ,  0.0,     ,  0.0,     ,  0.0, 0.0,   0.0,   11.0,   0.0,   1.0,     1.0,     8.0, 0.0    ,     0.0,        ,     0.0,        ,     0.0,     0.0
barrato01, 1989,     1, PIT , NHL , G  , 24.0,  0.0,   0.0,   0.0,   8.0, 0.0  ,  0.0,  0.0,  0.0,  0.0,  0.0, 0.0,   0.0,       ,      ,      ,        ,        ,        ,        ,        ,        ,        ,        ,      
barrato01, 1990,     1, PIT , NHL , G  , 48.0,  0.0,   5.0,   5.0,  40.0, 0.0  ,  0.0,     ,  0.0,     ,  0.0, 0.0,   0.0,   20.0,   0.0,   1.0,     1.0,     2.0, 0.0    ,     0.0,        ,     0.0,        ,     0.0,     0.0
barrato01, 1991,     1, PIT , NHL , G  , 57.0,  0.0,   4.0,   4.0,  30.0, 0.0  ,  0.0,  0.0,  0.0,  3.0,  0.0, 0.0,   0.0,   21.0,   0.0,   2.0,     2.0,     4.0, 0.0    ,     0.0,        ,     0.0,        ,     0.0,     0.0
barrato01, 1992,     1, PIT , NHL , G  , 63.0,  0.0,   8.0,   8.0,  24.0, 0.0  ,  0.0,  1.0,  0.0,  2.0,  0.0, 0.0,   0.0,   12.0,   0.0,   3.0,     3.0,     4.0, 0.0    ,     0.0,        ,     0.0,        ,     0.0,     0.0
barrato01, 1993,     1, PIT , NHL , G  , 44.0,  0.0,   1.0,   1.0,  42.0, 0.0  ,  0.0,  0.0,  0.0,  0.0,  0.0, 0.0,   0.0,    6.0,   0.0,   0.0,     0.0,     4.0, 0.0    ,     0.0,     0.0,     0.0,     0.0,     0.0,     0.0
barrato01, 1994,     1, PIT , NHL , G  ,  2.0,  0.0,   0.0,   0.0,   0.0, 0.0  ,  0.0,  0.0,  0.0,  0.0,  0.0, 0.0,   0.0,    2.0,   0.0,   0.0,     0.0,     2.0, 0.0    ,     0.0,     0.0,     0.0,     0.0,     0.0,     0.0
barrato01, 1995,     1, PIT , NHL , G  , 49.0,  0.0,   3.0,   3.0,  18.0, 0.0  ,  0.0,  1.0,  0.0,  0.0,  0.0, 0.0,   0.0,   10.0,   0.0,   0.0,     0.0,     8.0, 0.0    ,     0.0,     0.0,     0.0,     0.0,     0.0,     0.0
barrato01, 1996,     1, PIT , NHL , G  ,  5.0,  0.0,   0.0,   0.0,   0.0, 0.0  ,  0.0,  0.0,  0.0,  0.0,  0.0, 0.0,   0.0,       ,      ,      ,        ,        ,        ,        ,        ,        ,        ,        ,      
barrato01, 1997,     1, PIT , NHL , G  , 63.0,  0.0,   2.0,   2.0,  14.0, 0.0  ,  0.0,  0.0,  0.0,  0.0,  0.0, 0.0,   0.0,    6.0,   0.0,   0.0,     0.0,     2.0, 0.0    ,     0.0,     0.0,     0.0,     0.0,     0.0,     0.0
barrato01, 1998,     1, PIT , NHL , G  , 43.0,  0.0,   3.0,   3.0,  20.0, 0.0  ,  0.0,  0.0,  0.0,  1.0,  0.0, 0.0,   0.0,   13.0,   0.0,   0.0,     0.0,     4.0, 0.0    ,     0.0,     0.0,     0.0,     0.0,     0.0,     0.0
barrato01, 1999,     1, PIT , NHL , G  , 18.0,  0.0,   0.0,   0.0,   6.0, 0.0  ,  0.0,  0.0,  0.0,  0.0,  0.0, 0.0,   0.0,       ,      ,      ,        ,        ,        ,        ,        ,        ,        ,        ,      
barrato01, 1999,     2, OTT , NHL , G  ,  7.0,  0.0,   0.0,   0.0,   0.0, 0.0  ,  0.0,  0.0,  0.0,  0.0,  0.0, 0.0,   0.0,    6.0,   0.0,   0.0,     0.0,     2.0, 0.0    ,     0.0,     0.0,     0.0,     0.0,     0.0,     0.0
barrato01, 2001,     1, CAR , NHL , G  , 34.0,  0.0,   0.0,   0.0,   4.0, 0.0  ,  0.0,  0.0,  0.0,  0.0,  0.0, 0.0,   0.0,       ,      ,      ,        ,        ,        ,        ,        ,        ,        ,        ,      
barrato01, 2001,     2, TOR , NHL , G  ,  4.0,  0.0,   0.0,   0.0,   0.0, 0.0  ,  0.0,  0.0,  0.0,  0.0,  0.0, 0.0,   0.0,       ,      ,      ,        ,        ,        ,        ,        ,        ,        ,        ,      
barrato01, 2002,     1, STL , NHL , G  ,  6.0,  0.0,   0.0,   0.0,   0.0, 0.0  ,  0.0,  0.0,  0.0,  0.0,  0.0, 0.0,   0.0,       ,      ,      ,        ,        ,        ,        ,        ,        ,        ,        ,      
barrda01 , 1981,     1, BOS , NHL , C  ,  2.0,  0.0,   0.0,   0.0,   0.0, 0.0  ,  0.0,     ,  0.0,     ,  0.0, 0.0,   1.0,    5.0,   1.0,   0.0,     1.0,     0.0,        ,     0.0,        ,     0.0,        ,     0.0,      
barrda01 , 1982,     1, BOS , NHL , R  , 10.0,  1.0,   1.0,   2.0,   7.0, 1.0  ,  0.0,     ,  0.0,     ,  0.0, 0.0,  11.0,   10.0,   0.0,   0.0,     0.0,     2.0,        ,     0.0,        ,     0.0,        ,     0.0,      
barrda01 , 1983,     1, NYR , NHL , C  ,  6.0,  0.0,   0.0,   0.0,   2.0, 0.0  ,  0.0,     ,  0.0,     ,  0.0, 0.0,   9.0,       ,      ,      ,        ,        ,        ,        ,        ,        ,        ,        ,      
barrda01 , 1983,     2, STL , NHL , C  ,  1.0,  0.0,   0.0,   0.0,   0.0, -1.0 ,  0.0,     ,  0.0,     ,  0.0, 0.0,   0.0,       ,      ,      ,        ,        ,        ,        ,        ,        ,        ,        ,      
barrda01 , 1984,     1, STL , NHL , C  , 75.0, 16.0,  18.0,  34.0,  32.0, 5.0  ,  2.0,     ,  0.0,     ,  1.0, 0.0,  75.0,    2.0,   0.0,   0.0,     0.0,     2.0, 0.0    ,     0.0,        ,     0.0,        ,     0.0,     0.0
barrda01 , 1985,     1, STL , NHL , R  , 72.0, 13.0,  38.0,  51.0,  70.0, 11.0 ,  0.0,     ,  0.0,     ,  2.0, 1.0, 106.0,   11.0,   1.0,   1.0,     2.0,    14.0, 1.0    ,     1.0,        ,     0.0,        ,     0.0,    12.0
barrda01 , 1986,     1, STL , NHL , R  ,  2.0,  0.0,   0.0,   0.0,   0.0, 1.0  ,  0.0,     ,  0.0,     ,  0.0, 0.0,   3.0,       ,      ,      ,        ,        ,        ,        ,        ,        ,        ,        ,      
barrda01 , 1986,     2, HAR , NHL , R  , 30.0,  2.0,   4.0,   6.0,  19.0, -1.0 ,  0.0,     ,  1.0,     ,  0.0, 0.0,  25.0,       ,      ,      ,        ,        ,        ,        ,        ,        ,        ,        ,      
barrda01 , 1986,     3, DET , NHL , R  , 37.0, 13.0,  13.0,  26.0,  49.0, 7.0  ,  4.0,     ,  0.0,     ,  5.0, 0.0,  55.0,   13.0,   1.0,   0.0,     1.0,    14.0, -3.0   ,     0.0,        ,     0.0,        ,     0.0,    19.0
barrda01 , 1987,     1, DET , NHL , R  , 51.0, 14.0,  26.0,  40.0,  58.0, 20.0 ,  3.0,  4.0,  1.0,  1.0,  0.0, 0.0,  64.0,   16.0,   5.0,   7.0,    12.0,    22.0, -2.0   ,     2.0,     2.0,     0.0,     0.0,     0.0,    24.0
barrda01 , 1988,     1, DET , NHL , R  , 73.0, 27.0,  32.0,  59.0,  69.0, 12.0 ,  5.0,  4.0,  2.0,  1.0,  3.0, 1.0, 140.0,    6.0,   3.0,   1.0,     4.0,     6.0, 1.0    ,     1.0,     1.0,     0.0,     0.0,     1.0,    12.0
barrda01 , 1989,     1, DET , NHL , R  , 62.0, 10.0,  25.0,  35.0,  45.0, 5.0  ,  2.0,  1.0,  3.0,  1.0,  0.0, 1.0,  96.0,       ,      ,      ,        ,        ,        ,        ,        ,        ,        ,        ,      
barrda01 , 1990,     1, DET , NHL , R  , 70.0, 18.0,  22.0,  40.0,  55.0, 20.0 ,  2.0,  0.0,  2.0,  2.0,  2.0, 1.0,  98.0,       ,      ,      ,        ,        ,        ,        ,        ,        ,        ,        ,      
barrda01 , 1991,     1, NJD , NHL , C  , 41.0,  6.0,  12.0,  18.0,  32.0, 9.0  ,  0.0,  1.0,  1.0,  2.0,  0.0, 0.0,  49.0,       ,      ,      ,        ,        ,        ,        ,        ,        ,        ,        ,      
barrda01 , 1992,     1, NJD , NHL , C  , 62.0,  6.0,   8.0,  14.0,  61.0, 1.0  ,  0.0,  0.0,  1.0,  0.0,  1.0, 0.0,  41.0,    5.0,   1.0,   0.0,     1.0,     6.0, -2.0   ,     0.0,     0.0,     0.0,     0.0,     0.0,     4.0
barrda01 , 1993,     1, DAL , NHL , C  , 20.0,  2.0,   5.0,   7.0,  21.0, -6.0 ,  0.0,  0.0,  0.0,  0.0,  0.0, 0.0,  20.0,    3.0,   0.0,   1.0,     1.0,     4.0, 1.0    ,     0.0,     0.0,     0.0,     0.0,     0.0,     3.0
barrefr01, 1970,     1, MNS , NHL , D  , 57.0,  0.0,  13.0,  13.0,  75.0, 2.0  ,  0.0,     ,  0.0,     ,  0.0, 0.0,  75.0,       ,      ,      ,        ,        ,        ,        ,        ,        ,        ,        ,      
barrefr01, 1972,     1, MNS , NHL , D  , 46.0,  2.0,   4.0,   6.0,  21.0, 14.0 ,  0.0,     ,  0.0,     ,  0.0, 0.0,  51.0,    6.0,   0.0,   0.0,     0.0,     4.0,        ,     0.0,        ,     0.0,        ,     0.0,      
barrefr01, 1973,     1, MNS , NHL , D  , 40.0,  0.0,   7.0,   7.0,  12.0, -1.0 ,  0.0,     ,  0.0,     ,  0.0, 0.0,  31.0,       ,      ,      ,        ,        ,        ,        ,        ,        ,        ,        ,      
barrefr01, 1974,     1, MNS , NHL , D  , 62.0,  3.0,  18.0,  21.0,  82.0, -21.0,  0.0,     ,  0.0,     ,  0.0, 0.0,  79.0,       ,      ,      ,        ,        ,        ,        ,        ,        ,        ,        ,      
barrefr01, 1975,     1, MNS , NHL , D  , 79.0,  2.0,   9.0,  11.0,  66.0, -25.0,  0.0,     ,  0.0,     ,  1.0, 0.0,  70.0,       ,      ,      ,        ,        ,        ,        ,        ,        ,        ,        ,      
barrefr01, 1976,     1, MNS , NHL , D  , 60.0,  1.0,   8.0,   9.0,  46.0, -31.0,  0.0,     ,  0.0,     ,  0.0, 0.0,  54.0,    2.0,   0.0,   0.0,     0.0,     2.0,        ,     0.0,        ,     0.0,        ,     0.0,      
barrefr01, 1977,     1, MNS , NHL , D  , 79.0,  0.0,  15.0,  15.0,  59.0, -35.0,  0.0,     ,  0.0,     ,  0.0, 0.0,  87.0,       ,      ,      ,        ,        ,        ,        ,        ,        ,        ,        ,      
barrefr01, 1978,     1, MNS , NHL , D  , 45.0,  1.0,   9.0,  10.0,  48.0, -4.0 ,  0.0,     ,  0.0,     ,  0.0, 0.0,  36.0,       ,      ,      ,        ,        ,        ,        ,        ,        ,        ,        ,      
barrefr01, 1979,     1, MNS , NHL , D  , 80.0,  8.0,  14.0,  22.0,  71.0, 17.0 ,  0.0,     ,  0.0,     ,  0.0, 0.0,  85.0,   14.0,   0.0,   0.0,     0.0,    22.0,        ,     0.0,        ,     0.0,        ,     0.0,      
barrefr01, 1980,     1, MNS , NHL , D  , 62.0,  4.0,   8.0,  12.0,  72.0, 1.0  ,  0.0,     ,  0.0,     ,  1.0, 0.0,  73.0,   14.0,   0.0,   1.0,     1.0,    16.0,        ,     0.0,        ,     0.0,        ,     0.0,      
barrefr01, 1981,     1, MNS , NHL , D  , 69.0,  1.0,  15.0,  16.0,  89.0, -12.0,  0.0,     ,  0.0,     ,  0.0, 0.0,  43.0,    4.0,   0.0,   1.0,     1.0,    16.0,        ,     0.0,        ,     0.0,        ,     0.0,      
barrefr01, 1982,     1, MNS , NHL , D  , 51.0,  1.0,   3.0,   4.0,  22.0, -10.0,  0.0,     ,  0.0,     ,  0.0, 0.0,  29.0,    4.0,   0.0,   0.0,     0.0,     0.0,        ,     0.0,        ,     0.0,        ,     0.0,      
barrefr01, 1983,     1, LAK , NHL , D  , 15.0,  2.0,   0.0,   2.0,   8.0, -2.0 ,  0.0,     ,  0.0,     ,  0.0, 0.0,   4.0,       ,      ,      ,        ,        ,        ,        ,        ,        ,        ,        ,      
barrejo01, 1980,     1, DET , NHL , D  , 56.0,  3.0,  10.0,  13.0,  60.0, -21.0,  0.0,     ,  0.0,     ,  1.0, 0.0,  97.0,       ,      ,      ,        ,        ,        ,        ,        ,        ,        ,        ,      
barrejo01, 1981,     1, DET , NHL , D  , 69.0,  1.0,  12.0,  13.0,  93.0, -31.0,  0.0,     ,  0.0,     ,  0.0, 0.0,  97.0,       ,      ,      ,        ,        ,        ,        ,        ,        ,        ,        ,      
barrejo01, 1982,     1, DET , NHL , D  , 79.0,  4.0,  10.0,  14.0,  74.0, -18.0,  0.0,     ,  0.0,     ,  0.0, 0.0,  72.0,       ,      ,      ,        ,        ,        ,        ,        ,        ,        ,        ,      
barrejo01, 1983,     1, DET , NHL , D  , 78.0,  2.0,   8.0,  10.0,  78.0, 0.0  ,  0.0,     ,  0.0,     ,  0.0, 0.0,  63.0,    4.0,   0.0,   0.0,     0.0,     4.0, 2.0    ,     0.0,        ,     0.0,        ,     0.0,     4.0
barrejo01, 1984,     1, DET , NHL , D  , 71.0,  6.0,  19.0,  25.0, 117.0, -15.0,  0.0,     ,  0.0,     ,  1.0, 0.0,  72.0,    3.0,   0.0,   1.0,     1.0,    11.0, -2.0   ,     0.0,        ,     0.0,        ,     0.0,     4.0
barrejo01, 1985,     1, DET , NHL , D  , 65.0,  2.0,  12.0,  14.0, 125.0, -29.0,  0.0,     ,  0.0,     ,  0.0, 0.0,  60.0,       ,      ,      ,        ,        ,        ,        ,        ,        ,        ,        ,      
barrejo01, 1985,     2, WAS , NHL , D  , 14.0,  0.0,   3.0,   3.0,  12.0, 3.0  ,  0.0,     ,  0.0,     ,  0.0, 0.0,   7.0,    9.0,   2.0,   1.0,     3.0,    35.0, -1.0   ,     0.0,        ,     0.0,        ,     1.0,     6.0
barrejo01, 1986,     1, WAS , NHL , D  , 55.0,  2.0,   2.0,   4.0,  43.0, -16.0,  0.0,     ,  0.0,     ,  0.0, 0.0,  37.0,       ,      ,      ,        ,        ,        ,        ,        ,        ,        ,        ,      
barrejo01, 1987,     1, MNS , NHL , D  ,  1.0,  0.0,   1.0,   1.0,   2.0, -3.0 ,  0.0,  0.0,  0.0,  0.0,  0.0, 0.0,   0.0,       ,      ,      ,        ,        ,        ,        ,        ,        ,        ,        ,      
barrido01, 1968,     1, PIT , NHL , D  ,  8.0,  1.0,   1.0,   2.0,   8.0, -2.0 ,  0.0,     ,  0.0,     ,  0.0, 0.0,  10.0,       ,      ,      ,        ,        ,        ,        ,        ,        ,        ,        ,      
barrido01, 1970,     1, BUF , NHL , D  , 75.0,  4.0,  23.0,  27.0, 168.0, -19.0,  0.0,     ,  0.0,     ,  0.0, 1.0, 128.0,       ,      ,      ,        ,        ,        ,        ,        ,        ,        ,        ,      
barrido01, 1971,     1, BUF , NHL , D  , 27.0,  2.0,   5.0,   7.0,  45.0, -21.0,  0.0,     ,  0.0,     ,  1.0, 1.0,  24.0,       ,      ,      ,        ,        ,        ,        ,        ,        ,        ,        ,      
barrido01, 1971,     2, LAK , NHL , D  , 48.0,  3.0,  13.0,  16.0,  47.0, -10.0,  1.0,     ,  0.0,     ,  0.0, 0.0,  69.0,       ,      ,      ,        ,        ,        ,        ,        ,        ,        ,        ,      
barrido01, 1972,     1, ALB , WHA , D  , 54.0,  9.0,  22.0,  31.0, 111.0,      ,  0.0,     ,  1.0,     ,     ,    ,      ,       ,      ,      ,        ,        ,        ,        ,        ,        ,        ,        ,      
barrido01, 1973,     1, EDO , WHA , D  , 69.0,  4.0,  27.0,  31.0, 214.0,      ,  0.0,     ,  0.0,     ,  2.0,    ,      ,    4.0,   1.0,   0.0,     1.0,    16.0,        ,        ,        ,        ,        ,     0.0,      
barrido01, 1974,     1, EDO , WHA , D  , 78.0, 12.0,  33.0,  45.0, 122.0, -11.0,  1.0,     ,  2.0,     ,     ,    , 152.0,       ,      ,      ,        ,        ,        ,        ,        ,        ,        ,        ,      
barrido01, 1975,     1, EDO , WHA , R  , 79.0,  4.0,  21.0,  25.0,  81.0, -42.0,  0.0,     ,  0.0,     ,  1.0,    , 109.0,    4.0,   0.0,   1.0,     1.0,    15.0, -2.0   ,        ,        ,        ,        ,        ,      
barrido01, 1976,     1, EDO , WHA , D  , 70.0,  8.0,  19.0,  27.0,  92.0, -4.0 ,  2.0,     ,  0.0,     ,     ,    , 102.0,    4.0,   0.0,   0.0,     0.0,     0.0, 0.0    ,     0.0,        ,     0.0,        ,     0.0,      
barrile01, 1989,     1, PHI , NHL , C  ,  1.0,  0.0,   0.0,   0.0,   0.0, -2.0 ,  0.0,  0.0,  0.0,  0.0,  0.0, 0.0,   0.0,       ,      ,      ,        ,        ,        ,        ,        ,        ,        ,        ,      
barrile01, 1992,     1, PHI , NHL , C  ,  8.0,  2.0,   2.0,   4.0,   9.0, 2.0  ,  0.0,  0.0,  0.0,  0.0,  0.0, 1.0,  14.0,       ,      ,      ,        ,        ,        ,        ,        ,        ,        ,        ,      
barrile01, 1993,     1, FLO , NHL , C  ,  2.0,  0.0,   0.0,   0.0,   0.0, -2.0 ,  0.0,  0.0,  0.0,  0.0,  0.0, 0.0,   0.0,       ,      ,      ,        ,        ,        ,        ,        ,        ,        ,        ,      
barrile01, 1994,     1, PIT , NHL , C  , 48.0,  3.0,  11.0,  14.0,  66.0, -4.0 ,  0.0,  2.0,  0.0,  0.0,  1.0, 0.0,  37.0,    4.0,   1.0,   0.0,     1.0,     8.0, -6.0   ,     1.0,     0.0,     0.0,     0.0,     0.0,     2.0
barrile01, 1995,     1, PIT , NHL , C  ,  5.0,  0.0,   0.0,   0.0,  18.0, -1.0 ,  0.0,  0.0,  0.0,  0.0,  0.0, 0.0,   5.0,       ,      ,      ,        ,        ,        ,        ,        ,        ,        ,        ,      
barrile01, 1999,     1, LAK , NHL , C  , 46.0,  5.0,   8.0,  13.0,  56.0, 5.0  ,  0.0,  0.0,  0.0,  0.0,  0.0, 0.0,  46.0,       ,      ,      ,        ,        ,        ,        ,        ,        ,        ,        ,      
barrile01, 1999,     2, FLO , NHL , C  , 14.0,  4.0,   6.0,  10.0,   6.0, 4.0  ,  0.0,  1.0,  0.0,  0.0,  0.0, 0.0,  15.0,    4.0,   0.0,   0.0,     0.0,     0.0, -1.0   ,     0.0,     0.0,     0.0,     0.0,     0.0,     3.0
barrile01, 2000,     1, FLO , NHL , L  , 60.0,  5.0,  18.0,  23.0, 135.0, 4.0  ,  0.0,  3.0,  1.0,  0.0,  2.0, 0.0,  48.0,       ,      ,      ,        ,        ,        ,        ,        ,        ,        ,        ,      
barryed01, 1946,     1, BOS , NHL , L  , 19.0,  1.0,   3.0,   4.0,   2.0,      ,     ,     ,     ,     ,     ,    ,      ,       ,      ,      ,        ,        ,        ,        ,        ,        ,        ,        ,      
barryma01, 1927,     1, NYA , NHL , C  ,  9.0,  1.0,   0.0,   1.0,   2.0,      ,     ,     ,     ,     ,     ,    ,      ,       ,      ,      ,        ,        ,        ,        ,        ,        ,        ,        ,      
barryma01, 1929,     1, BOS , NHL , C  , 44.0, 18.0,  15.0,  33.0,  34.0,      ,     ,     ,     ,     ,     ,    ,      ,    6.0,   3.0,   3.0,     6.0,    14.0,        ,        ,        ,        ,        ,        ,      
barryma01, 1930,     1, BOS , NHL , C  , 44.0, 20.0,  11.0,  31.0,  26.0,      ,     ,     ,     ,     ,     ,    ,      ,    5.0,   1.0,   1.0,     2.0,     4.0,        ,        ,        ,        ,        ,        ,      
barryma01, 1931,     1, BOS , NHL , C  , 48.0, 21.0,  17.0,  38.0,  22.0,      ,     ,     ,     ,     ,     ,    ,      ,       ,      ,      ,        ,        ,        ,        ,        ,        ,        ,        ,      
barryma01, 1932,     1, BOS , NHL , C  , 47.0, 24.0,  13.0,  37.0,  40.0,      ,     ,     ,     ,     ,     ,    ,      ,    5.0,   2.0,   2.0,     4.0,     6.0,        ,        ,        ,        ,        ,        ,      
barryma01, 1933,     1, BOS , NHL , C  , 48.0, 27.0,  12.0,  39.0,  12.0,      ,     ,     ,     ,     ,     ,    ,      ,       ,      ,      ,        ,        ,        ,        ,        ,        ,        ,        ,      
barryma01, 1934,     1, BOS , NHL , C  , 48.0, 20.0,  20.0,  40.0,  33.0,      ,     ,     ,     ,     ,     ,    ,      ,    4.0,   0.0,   0.0,     0.0,     2.0,        ,        ,        ,        ,        ,        ,      
barryma01, 1935,     1, DET , NHL , C  , 48.0, 21.0,  19.0,  40.0,  16.0,      ,     ,     ,     ,     ,     ,    ,      ,    7.0,   2.0,   4.0,     6.0,     6.0,        ,        ,        ,        ,        ,        ,      
barryma01, 1936,     1, DET , NHL , C  , 47.0, 17.0,  27.0,  44.0,   6.0,      ,     ,     ,     ,     ,     ,    ,      ,   10.0,   4.0,   7.0,    11.0,     2.0,        ,        ,        ,        ,        ,        ,      
barryma01, 1937,     1, DET , NHL , C  , 48.0,  9.0,  20.0,  29.0,  34.0,      ,     ,     ,     ,     ,     ,    ,      ,       ,      ,      ,        ,        ,        ,        ,        ,        ,        ,        ,      
barryma01, 1938,     1, DET , NHL , C  , 48.0, 13.0,  28.0,  41.0,   4.0,      ,     ,     ,     ,     ,     ,    ,      ,    6.0,   3.0,   1.0,     4.0,     0.0,        ,        ,        ,        ,        ,        ,      
barryma01, 1939,     1, MTL , NHL , C  , 30.0,  4.0,  10.0,  14.0,   2.0,      ,     ,     ,     ,     ,     ,    ,      ,       ,      ,      ,        ,        ,        ,        ,        ,        ,        ,        ,      
barryra01, 1951,     1, BOS , NHL , C  , 18.0,  1.0,   2.0,   3.0,   6.0,      ,     ,     ,     ,     ,     ,    ,      ,       ,      ,      ,        ,        ,        ,        ,        ,        ,        ,        ,      
bartelu01, 1998,     1, STL , NHL , L  , 32.0,  5.0,  11.0,  16.0,   6.0, 4.0  ,  0.0,  4.0,  0.0,  0.0,  1.0, 0.0,  37.0,    5.0,   0.0,   0.0,     0.0,     2.0, -3.0   ,     0.0,     0.0,     0.0,     0.0,     0.0,     8.0
bartelu01, 1999,     1, STL , NHL , L  , 67.0, 16.0,  23.0,  39.0,  51.0, 24.0 ,  3.0,  2.0,  0.0,  0.0,  3.0, 0.0,  75.0,    7.0,   1.0,   1.0,     2.0,     0.0, -1.0   ,     0.0,     0.0,     0.0,     0.0,     0.0,     8.0
bartelu01, 2000,     1, STL , NHL , L  , 50.0,  5.0,   8.0,  13.0,  12.0, -1.0 ,  0.0,  1.0,  0.0,  0.0,  3.0, 0.0,  51.0,       ,      ,      ,        ,        ,        ,        ,        ,        ,        ,        ,      
bartelu01, 2001,     1, ATL , NHL , L  , 71.0, 13.0,  14.0,  27.0,  30.0, -15.0,  1.0,  1.0,  0.0,  0.0,  0.0, 0.0,  96.0,       ,      ,      ,        ,        ,        ,        ,        ,        ,        ,        ,      
bartelu01, 2002,     1, ATL , NHL , L  , 37.0,  7.0,   9.0,  16.0,   8.0, 3.0  ,  0.0,  2.0,  0.0,  0.0,  1.0, 0.0,  54.0,       ,      ,      ,        ,        ,        ,        ,        ,        ,        ,        ,      
bartero01, 1985,     1, CAL , NHL , D  ,  1.0,  0.0,   0.0,   0.0,   0.0, -1.0 ,  0.0,     ,  0.0,     ,  0.0, 0.0,   0.0,    6.0,   0.0,   0.0,     0.0,    16.0, 0.0    ,     0.0,        ,     0.0,        ,     0.0,     2.0
bartero01, 1986,     1, VAN , NHL , D  , 40.0,  0.0,   1.0,   1.0,  14.0, 2.0  ,  0.0,     ,  0.0,     ,  0.0, 0.0,  16.0,       ,      ,      ,        ,        ,        ,        ,        ,        ,        ,        ,      
bartlji01, 1954,     1, MTL , NHL , L  ,  2.0,  0.0,   0.0,   0.0,   4.0,      ,     ,     ,     ,     ,     ,    ,      ,    2.0,   0.0,   0.0,     0.0,     0.0,        ,        ,        ,        ,        ,        ,      
bartlji01, 1955,     1, NYR , NHL , L  , 12.0,  0.0,   1.0,   1.0,   8.0,      ,     ,     ,     ,     ,     ,    ,      ,       ,      ,      ,        ,        ,        ,        ,        ,        ,        ,        ,      
bartlji01, 1958,     1, NYR , NHL , L  , 70.0, 11.0,   9.0,  20.0, 118.0,      ,     ,     ,     ,     ,     ,    ,      ,       ,      ,      ,        ,        ,        ,        ,        ,        ,        ,        ,      
bartlji01, 1959,     1, NYR , NHL , L  , 44.0,  8.0,   4.0,  12.0,  48.0,      ,     ,     ,     ,     ,     ,    ,      ,       ,      ,      ,        ,        ,        ,        ,        ,        ,        ,        ,      
bartlji01, 1960,     1, BOS , NHL , L  , 63.0, 15.0,   9.0,  24.0,  95.0,      ,     ,     ,     ,     ,     ,    ,      ,       ,      ,      ,        ,        ,        ,        ,        ,        ,        ,        ,      
bartocl01, 1929,     1, PIP , NHL , R  , 39.0,  4.0,   2.0,   6.0,   4.0,      ,     ,     ,     ,     ,     ,    ,      ,       ,      ,      ,        ,        ,        ,        ,        ,        ,        ,        ,      
bartocl01, 1930,     1, PHQ , NHL , R  , 43.0,  6.0,   7.0,  13.0,  18.0,      ,     ,     ,     ,     ,     ,    ,      ,       ,      ,      ,        ,        ,        ,        ,        ,        ,        ,        ,      
bartocl01, 1939,     1, NYR , NHL , R  ,  3.0,  0.0,   0.0,   0.0,   0.0,      ,     ,     ,     ,     ,     ,    ,      ,       ,      ,      ,        ,        ,        ,        ,        ,        ,        ,        ,      
bartomi01, 2002,     1, BUF , NHL , R  ,  3.0,  1.0,   0.0,   1.0,   0.0, 0.0  ,  0.0,  0.0,  0.0,  0.0,  0.0, 0.0,   5.0,       ,      ,      ,        ,        ,        ,        ,        ,        ,        ,        ,      
bartomi01, 2003,     1, BUF , NHL , R  , 23.0,  1.0,   8.0,   9.0,  18.0, 1.0  ,  0.0,  0.0,  0.0,  0.0,  0.0, 0.0,  30.0,       ,      ,      ,        ,        ,        ,        ,        ,        ,        ,        ,      
bartomi01, 2005,     1, CHI , NHL , R  , 24.0,  1.0,   6.0,   7.0,   8.0, 0.0  ,  0.0,  0.0,  0.0,  0.0,  0.0,    ,  35.0,       ,      ,      ,        ,        ,        ,        ,        ,        ,        ,        ,      
bartope01, 2000,     1, MIN , NHL , R  , 13.0,  4.0,   2.0,   6.0,   6.0, 2.0  ,  1.0,  1.0,  0.0,  0.0,  1.0, 0.0,  18.0,       ,      ,      ,        ,        ,        ,        ,        ,        ,        ,        ,      
bartuos01, 2009,     1, PHI , NHL , D  , 53.0,  1.0,   8.0,   9.0,  28.0, -12.0,  0.0,  1.0,  0.0,  0.0,  0.0,    ,  26.0,    7.0,   0.0,   0.0,     0.0,     4.0, -1.0   ,     0.0,     0.0,     0.0,     0.0,     0.0,     1.0
bashkan01, 1998,     1, MTL , NHL , L  , 10.0,  0.0,   0.0,   0.0,   0.0, -3.0 ,  0.0,  0.0,  0.0,  0.0,  0.0, 0.0,   4.0,       ,      ,      ,        ,        ,        ,        ,        ,        ,        ,        ,      
bashkan01, 1999,     1, MTL , NHL , L  ,  2.0,  0.0,   0.0,   0.0,   0.0, 0.0  ,  0.0,  0.0,  0.0,  0.0,  0.0, 0.0,   0.0,       ,      ,      ,        ,        ,        ,        ,        ,        ,        ,        ,      
bashkan01, 2000,     1, MTL , NHL , L  , 18.0,  0.0,   3.0,   3.0,   0.0, -2.0 ,  0.0,  0.0,  0.0,  0.0,  0.0, 0.0,  22.0,       ,      ,      ,        ,        ,        ,        ,        ,        ,        ,        ,      
bassco01 , 2007,     1, OTT , NHL , C  , 21.0,  2.0,   2.0,   4.0,  19.0, -1.0 ,  0.0,  0.0,  1.0,  1.0,  1.0,    ,  12.0,    4.0,   1.0,   0.0,     1.0,     6.0, 0.0    ,     0.0,     0.0,     0.0,     0.0,     0.0,     5.0
bassco01 , 2008,     1, OTT , NHL , C  , 12.0,  0.0,   0.0,   0.0,  15.0, -2.0 ,  0.0,  0.0,  0.0,  0.0,  0.0,    ,   5.0,       ,      ,      ,        ,        ,        ,        ,        ,        ,        ,        ,      
bassebo01, 1985,     1, NYI , NHL , C  , 11.0,  2.0,   1.0,   3.0,   6.0, 0.0  ,  0.0,     ,  0.0,     ,  0.0, 0.0,   5.0,    3.0,   0.0,   1.0,     1.0,     0.0, -1.0   ,     0.0,        ,     0.0,        ,     0.0,     1.0
bassebo01, 1986,     1, NYI , NHL , C  , 77.0,  7.0,  10.0,  17.0,  89.0, -17.0,  0.0,     ,  0.0,     ,  1.0, 0.0,  59.0,   14.0,   1.0,   2.0,     3.0,    21.0, 2.0    ,     0.0,        ,     0.0,        ,     0.0,    17.0
bassebo01, 1987,     1, NYI , NHL , C  , 77.0,  6.0,  16.0,  22.0,  99.0, 8.0  ,  1.0,  1.0,  0.0,  0.0,  2.0, 0.0,  65.0,    6.0,   0.0,   1.0,     1.0,    23.0, 2.0    ,     0.0,     0.0,     0.0,     1.0,     0.0,     4.0
bassebo01, 1988,     1, NYI , NHL , C  , 19.0,  1.0,   4.0,   5.0,  21.0, 0.0  ,  0.0,  0.0,  0.0,     ,  0.0, 0.0,  14.0,       ,      ,      ,        ,        ,        ,        ,        ,        ,        ,        ,      
bassebo01, 1988,     2, CHI , NHL , C  , 49.0,  4.0,  12.0,  16.0,  62.0, 5.0  ,  0.0,  0.0,  0.0,     ,  1.0, 0.0,  37.0,   10.0,   1.0,   1.0,     2.0,    34.0, 1.0    ,     0.0,     0.0,     0.0,     0.0,     0.0,     7.0
bassebo01, 1989,     1, CHI , NHL , C  ,  6.0,  1.0,   1.0,   2.0,   8.0, 1.0  ,  0.0,  0.0,  0.0,  0.0,  0.0, 0.0,   7.0,    1.0,   0.0,   0.0,     0.0,     2.0, -1.0   ,     0.0,     0.0,     0.0,     0.0,     0.0,     0.0
bassebo01, 1990,     1, STL , NHL , C  , 79.0, 16.0,  18.0,  34.0, 183.0, 17.0 ,  0.0,  0.0,  2.0,  0.0,  1.0, 0.0, 117.0,   13.0,   1.0,   3.0,     4.0,    24.0, 1.0    ,     0.0,     0.0,     0.0,     0.0,     0.0,    16.0
bassebo01, 1991,     1, STL , NHL , L  , 79.0,  7.0,  25.0,  32.0, 167.0, 12.0 ,  0.0,  1.0,  0.0,  2.0,  1.0, 0.0, 101.0,    6.0,   0.0,   2.0,     2.0,     4.0, 0.0    ,     0.0,     0.0,     0.0,     0.0,     0.0,     5.0
bassebo01, 1992,     1, STL , NHL , C  , 53.0,  9.0,  10.0,  19.0,  63.0, 0.0  ,  0.0,  0.0,  1.0,  2.0,  0.0, 0.0,  61.0,   11.0,   0.0,   0.0,     0.0,    10.0, -7.0   ,     0.0,     0.0,     0.0,     0.0,     0.0,     6.0
bassebo01, 1993,     1, STL , NHL , R  , 46.0,  2.0,   7.0,   9.0,  44.0, -14.0,  0.0,  0.0,  1.0,  0.0,  0.0, 0.0,  73.0,       ,      ,      ,        ,        ,        ,        ,        ,        ,        ,        ,      
bassebo01, 1993,     2, QUE , NHL , R  , 37.0, 11.0,   8.0,  19.0,  55.0, -3.0 ,  1.0,  0.0,  0.0,  0.0,  0.0, 1.0,  56.0,       ,      ,      ,        ,        ,        ,        ,        ,        ,        ,        ,      
bassebo01, 1994,     1, QUE , NHL , C  , 47.0, 12.0,  15.0,  27.0,  33.0, 14.0 ,  0.0,  0.0,  1.0,  0.0,  1.0, 0.0,  66.0,    5.0,   2.0,   4.0,     6.0,     0.0, 2.0    ,     0.0,     0.0,     0.0,     0.0,     0.0,    10.0
bassebo01, 1995,     1, DAL , NHL , C  , 13.0,  0.0,   1.0,   1.0,  15.0, -6.0 ,  0.0,  0.0,  0.0,  0.0,  0.0, 0.0,   9.0,       ,      ,      ,        ,        ,        ,        ,        ,        ,        ,        ,      
bassebo01, 1996,     1, DAL , NHL , C  , 46.0,  5.0,   7.0,  12.0,  41.0, 5.0  ,  0.0,  0.0,  0.0,  0.0,  2.0, 0.0,  50.0,    7.0,   3.0,   1.0,     4.0,     4.0, 3.0    ,     0.0,     0.0,     0.0,     0.0,     0.0,    12.0
bassebo01, 1997,     1, DAL , NHL , L  , 58.0,  3.0,   4.0,   7.0,  57.0, -4.0 ,  0.0,  0.0,  0.0,  0.0,  1.0, 0.0,  40.0,   17.0,   1.0,   0.0,     1.0,    12.0, -3.0   ,     0.0,     0.0,     0.0,     0.0,     0.0,    13.0
bassebo01, 1998,     1, CAL , NHL , C  , 41.0,  1.0,   2.0,   3.0,  35.0, -13.0,  0.0,  0.0,  0.0,  0.0,  0.0, 0.0,  47.0,       ,      ,      ,        ,        ,        ,        ,        ,        ,        ,        ,      
bassebo01, 1999,     1, STL , NHL , C  , 27.0,  1.0,   3.0,   4.0,  26.0, -3.0 ,  0.0,  0.0,  0.0,  0.0,  0.0, 0.0,  26.0,       ,      ,      ,        ,        ,        ,        ,        ,        ,        ,        ,      
basseha01, 1954,     1, CHI , NHL , G  , 21.0,  0.0,   0.0,   0.0,   0.0,      ,     ,     ,     ,     ,     ,    ,      ,       ,      ,      ,        ,        ,        ,        ,        ,        ,        ,        ,      
basseha01, 1955,     1, CHI , NHL , G  , 12.0,  0.0,   0.0,   0.0,   2.0,      ,     ,     ,     ,     ,     ,    ,      ,       ,      ,      ,        ,        ,        ,        ,        ,        ,        ,        ,      
basseha01, 1960,     1, DET , NHL , G  , 35.0,  0.0,   1.0,   1.0,   6.0,      ,     ,     ,     ,     ,     ,    ,      ,    4.0,   0.0,   0.0,     0.0,     0.0,        ,        ,        ,        ,        ,     0.0,      
basseha01, 1961,     1, DET , NHL , G  , 27.0,  0.0,   0.0,   0.0,   8.0,      ,     ,     ,     ,     ,     ,    ,      ,       ,      ,      ,        ,        ,        ,        ,        ,        ,        ,        ,      
basseha01, 1962,     1, DET , NHL , G  , 16.0,  0.0,   1.0,   1.0,  14.0,      ,     ,     ,     ,     ,     ,    ,      ,       ,      ,      ,        ,        ,        ,        ,        ,        ,        ,        ,      
basseha01, 1963,     1, DET , NHL , G  ,  1.0,  0.0,   0.0,   0.0,   0.0,      ,  0.0,     ,  0.0,     ,  0.0, 0.0,      ,       ,      ,      ,        ,        ,        ,        ,        ,        ,        ,        ,      
basseha01, 1965,     1, DET , NHL , G  , 11.0,  0.0,   0.0,   0.0,   0.0,      ,  0.0,     ,  0.0,     ,  0.0, 0.0,      ,    1.0,   0.0,   0.0,     0.0,     0.0,        ,        ,        ,        ,        ,     0.0,      
basseha01, 1966,     1, DET , NHL , G  ,  8.0,  0.0,   0.0,   0.0,   0.0,      ,  0.0,     ,  0.0,     ,  0.0, 0.0,      ,       ,      ,      ,        ,        ,        ,        ,        ,        ,        ,        ,      
basseha01, 1967,     1, PIT , NHL , G  , 25.0,  0.0,   0.0,   0.0,   8.0, 0.0  ,  0.0,     ,  0.0,     ,  0.0, 0.0,   0.0,       ,      ,      ,        ,        ,        ,        ,        ,        ,        ,        ,      
bastiba01, 1945,     1, TOR , NHL , G  ,  5.0,  0.0,   0.0,   0.0,   0.0,      ,     ,     ,     ,     ,     ,    ,      ,       ,      ,      ,        ,        ,        ,        ,        ,        ,        ,        ,      
bastry01 , 1998,     1, PHI , NHL , D  ,  2.0,  0.0,   1.0,   1.0,   0.0, 0.0  ,  0.0,  0.0,  0.0,  0.0,  0.0, 0.0,   1.0,       ,      ,      ,        ,        ,        ,        ,        ,        ,        ,        ,      
batemja01, 1974,     1, SDM , WHA , R  , 24.0,  0.0,   3.0,   3.0,  96.0, -4.0 ,  0.0,     ,  0.0,     ,  0.0,    ,  17.0,    5.0,   0.0,   0.0,     0.0,    16.0,        ,     0.0,        ,     0.0,        ,     0.0,      
batemja01, 1975,     1, SDM , WHA , R  ,  7.0,  1.0,   0.0,   1.0,   4.0, -1.0 ,  0.0,     ,  0.0,     ,  0.0,    ,   6.0,       ,      ,      ,        ,        ,        ,        ,        ,        ,        ,        ,      
batessh01, 1997,     1, BOS , NHL , C  , 13.0,  2.0,   0.0,   2.0,   2.0, -3.0 ,  0.0,  0.0,  0.0,  0.0,  0.0, 0.0,  12.0,       ,      ,      ,        ,        ,        ,        ,        ,        ,        ,        ,      
batessh01, 1998,     1, BOS , NHL , C  , 33.0,  5.0,   4.0,   9.0,   2.0, 3.0  ,  0.0,  0.0,  0.0,  0.0,  0.0, 0.0,  30.0,   12.0,   0.0,   0.0,     0.0,     4.0, -1.0   ,     0.0,     0.0,     0.0,     0.0,     0.0,    11.0
batessh01, 1999,     1, BOS , NHL , C  , 44.0,  5.0,   7.0,  12.0,  14.0, -17.0,  0.0,  0.0,  0.0,  0.0,  1.0, 0.0,  65.0,       ,      ,      ,        ,        ,        ,        ,        ,        ,        ,        ,      
batessh01, 2000,     1, BOS , NHL , C  , 45.0,  2.0,   3.0,   5.0,  26.0, -12.0,  0.0,  2.0,  0.0,  0.0,  0.0, 0.0,  59.0,       ,      ,      ,        ,        ,        ,        ,        ,        ,        ,        ,      
batessh01, 2001,     1, NYI , NHL , L  , 71.0, 17.0,  35.0,  52.0,  30.0, 18.0 ,  1.0, 11.0,  4.0,  1.0,  4.0, 1.0, 150.0,    7.0,   2.0,   4.0,     6.0,    11.0, -5.0   ,     1.0,     3.0,     0.0,     0.0,     1.0,    18.0
batessh01, 2002,     1, NYI , NHL , L  , 74.0, 13.0,  29.0,  42.0,  52.0, -9.0 ,  1.0, 14.0,  6.0,  0.0,  1.0, 1.0, 126.0,    5.0,   1.0,   0.0,     1.0,     0.0, -2.0   ,     1.0,     0.0,     0.0,     0.0,     0.0,     7.0
batessh01, 2003,     1, NYI , NHL , C  , 69.0,  9.0,  23.0,  32.0,  46.0, -8.0 ,  0.0,  4.0,  1.0,  0.0,  1.0, 0.0, 115.0,    5.0,   0.0,   0.0,     0.0,     4.0, -2.0   ,     0.0,     0.0,     0.0,     0.0,     0.0,     6.0
batessh01, 2005,     1, NYI , NHL , C  , 66.0, 15.0,  19.0,  34.0,  60.0, -11.0,  1.0,  2.0,  1.0,  0.0,  4.0,    ,  95.0,       ,      ,      ,        ,        ,        ,        ,        ,        ,        ,        ,      
batessh01, 2006,     1, NYI , NHL , C  , 48.0,  4.0,   6.0,  10.0,  34.0, 13.0 ,  0.0,  0.0,  1.0,  0.0,  0.0,    ,  50.0,       ,      ,      ,        ,        ,        ,        ,        ,        ,        ,        ,      
batessh01, 2007,     1, NYI , NHL , C  ,  2.0,  0.0,   0.0,   0.0,   0.0, -2.0 ,  0.0,  0.0,  0.0,  0.0,  0.0,    ,   0.0,       ,      ,      ,        ,        ,        ,        ,        ,        ,        ,        ,      
bathefr01, 1974,     1, DET , NHL , D  , 19.0,  0.0,   3.0,   3.0,  31.0, -5.0 ,  0.0,     ,  0.0,     ,  0.0, 0.0,   7.0,       ,      ,      ,        ,        ,        ,        ,        ,        ,        ,        ,      
bathefr01, 1975,     1, DET , NHL , D  ,  7.0,  0.0,   1.0,   1.0,   9.0, -1.0 ,  0.0,     ,  0.0,     ,  0.0, 0.0,   6.0,       ,      ,      ,        ,        ,        ,        ,        ,        ,        ,        ,      
bathefr01, 1977,     1, PHI , NHL , D  ,  1.0,  0.0,   0.0,   0.0,   0.0, 0.0  ,  0.0,     ,  0.0,     ,  0.0, 0.0,   0.0,       ,      ,      ,        ,        ,        ,        ,        ,        ,        ,        ,      
bathefr01, 1978,     1, PHI , NHL , D  , 21.0,  1.0,   3.0,   4.0,  76.0, 9.0  ,  0.0,     ,  0.0,     ,  0.0, 0.0,  10.0,    6.0,   1.0,   0.0,     1.0,    12.0,        ,     0.0,        ,     0.0,        ,     0.0,      
bathefr01, 1979,     1, PHI , NHL , D  , 47.0,  0.0,   7.0,   7.0, 111.0, 7.0  ,  0.0,     ,  0.0,     ,  0.0, 0.0,  34.0,    1.0,   0.0,   0.0,     0.0,     0.0,        ,     0.0,        ,     0.0,        ,     0.0,      
bathefr01, 1980,     1, PHI , NHL , D  , 44.0,  0.0,   3.0,   3.0, 175.0, -3.0 ,  0.0,     ,  0.0,     ,  0.0, 0.0,  35.0,   12.0,   0.0,   3.0,     3.0,    16.0,        ,     0.0,        ,     0.0,        ,     0.0,      
bathefr01, 1981,     1, PHI , NHL , D  , 28.0,  1.0,   3.0,   4.0,  68.0, 11.0 ,  0.0,     ,  0.0,     ,  0.0, 0.0,  36.0,    4.0,   0.0,   0.0,     0.0,     2.0,        ,     0.0,        ,     0.0,        ,     0.0,      
bathefr01, 1982,     1, PHI , NHL , D  , 57.0,  1.0,   8.0,   9.0,  72.0, 4.0  ,  0.0,     ,  0.0,     ,  0.0, 1.0,  60.0,    3.0,   0.0,   0.0,     0.0,    12.0,        ,     0.0,        ,     0.0,        ,     0.0,      
bathefr01, 1983,     1, PHI , NHL , D  ,     ,     ,      ,      ,      ,      ,     ,     ,     ,     ,     ,    ,      ,    1.0,   0.0,   0.0,     0.0,     7.0, 0.0    ,     0.0,        ,     0.0,        ,     0.0,     0.0
bathgan01, 1952,     1, NYR , NHL , R  , 18.0,  0.0,   1.0,   1.0,   6.0,      ,     ,     ,     ,     ,     ,    ,      ,       ,      ,      ,        ,        ,        ,        ,        ,        ,        ,        ,      
bathgan01, 1953,     1, NYR , NHL , R  , 20.0,  2.0,   2.0,   4.0,  18.0,      ,     ,     ,     ,     ,     ,    ,      ,       ,      ,      ,        ,        ,        ,        ,        ,        ,        ,        ,      
bathgan01, 1954,     1, NYR , NHL , R  , 70.0, 20.0,  20.0,  40.0,  37.0,      ,     ,     ,     ,     ,     ,    ,      ,       ,      ,      ,        ,        ,        ,        ,        ,        ,        ,        ,      
bathgan01, 1955,     1, NYR , NHL , R  , 70.0, 19.0,  47.0,  66.0,  59.0,      ,     ,     ,     ,     ,     ,    ,      ,    5.0,   1.0,   2.0,     3.0,     2.0,        ,        ,        ,        ,        ,        ,      
bathgan01, 1956,     1, NYR , NHL , R  , 70.0, 27.0,  50.0,  77.0,  60.0,      ,     ,     ,     ,     ,     ,    ,      ,    5.0,   2.0,   0.0,     2.0,     7.0,        ,        ,        ,        ,        ,        ,      
bathgan01, 1957,     1, NYR , NHL , R  , 65.0, 30.0,  48.0,  78.0,  42.0,      ,     ,     ,     ,     ,     ,    ,      ,    6.0,   5.0,   3.0,     8.0,     6.0,        ,        ,        ,        ,        ,        ,      
bathgan01, 1958,     1, NYR , NHL , R  , 70.0, 40.0,  48.0,  88.0,  48.0,      ,     ,     ,     ,     ,     ,    ,      ,       ,      ,      ,        ,        ,        ,        ,        ,        ,        ,        ,      
bathgan01, 1959,     1, NYR , NHL , R  , 70.0, 26.0,  48.0,  74.0,  28.0,      ,     ,     ,     ,     ,     ,    ,      ,       ,      ,      ,        ,        ,        ,        ,        ,        ,        ,        ,      
bathgan01, 1960,     1, NYR , NHL , R  , 70.0, 29.0,  48.0,  77.0,  22.0,      ,     ,     ,     ,     ,     ,    ,      ,       ,      ,      ,        ,        ,        ,        ,        ,        ,        ,        ,      
bathgan01, 1961,     1, NYR , NHL , R  , 70.0, 28.0,  56.0,  84.0,  44.0,      ,     ,     ,     ,     ,     ,    ,      ,    6.0,   1.0,   2.0,     3.0,     4.0,        ,        ,        ,        ,        ,     0.0,      
bathgan01, 1962,     1, NYR , NHL , R  , 70.0, 35.0,  46.0,  81.0,  54.0,      ,     ,     ,     ,     ,     ,    ,      ,       ,      ,      ,        ,        ,        ,        ,        ,        ,        ,        ,      
bathgan01, 1963,     1, NYR , NHL , R  , 56.0, 16.0,  43.0,  59.0,  26.0,      ,  4.0,     ,  0.0,     ,  1.0, 1.0,      ,       ,      ,      ,        ,        ,        ,        ,        ,        ,        ,        ,      
bathgan01, 1963,     2, TOR , NHL , R  , 15.0,  3.0,  15.0,  18.0,   8.0,      ,  0.0,     ,  0.0,     ,  0.0, 0.0,      ,   14.0,   5.0,   4.0,     9.0,    25.0,        ,        ,        ,        ,        ,     2.0,      
bathgan01, 1964,     1, TOR , NHL , R  , 55.0, 16.0,  29.0,  45.0,  34.0,      ,  6.0,     ,  0.0,     ,  1.0, 0.0,      ,    6.0,   1.0,   0.0,     1.0,     6.0,        ,        ,        ,        ,        ,     0.0,      
bathgan01, 1965,     1, DET , NHL , R  , 70.0, 15.0,  32.0,  47.0,  25.0,      ,  4.0,     ,  0.0,     ,  3.0, 0.0,      ,   12.0,   6.0,   3.0,     9.0,     6.0,        ,        ,        ,        ,        ,     0.0,      
bathgan01, 1966,     1, DET , NHL , C  , 60.0,  8.0,  23.0,  31.0,  24.0,      ,  0.0,     ,  0.0,     ,  1.0, 0.0,      ,       ,      ,      ,        ,        ,        ,        ,        ,        ,        ,        ,      
bathgan01, 1967,     1, PIT , NHL , R  , 74.0, 20.0,  39.0,  59.0,  55.0, -11.0,  2.0,     ,  0.0,     ,  4.0, 3.0, 293.0,       ,      ,      ,        ,        ,        ,        ,        ,        ,        ,        ,      
bathgan01, 1970,     1, PIT , NHL , R  , 76.0, 15.0,  29.0,  44.0,  34.0, -11.0,  7.0,     ,  0.0,     ,  3.0, 0.0, 209.0,       ,      ,      ,        ,        ,        ,        ,        ,        ,        ,        ,      
bathgan01, 1974,     1, VAB , WHA , R  , 11.0,  1.0,   6.0,   7.0,   2.0,      ,     ,     ,     ,     ,     ,    ,  12.0,       ,      ,      ,        ,        ,        ,        ,        ,        ,        ,        ,      
bathgfr01, 1952,     1, NYR , NHL , C  ,  2.0,  0.0,   0.0,   0.0,   2.0,      ,     ,     ,     ,     ,     ,    ,      ,       ,      ,      ,        ,        ,        ,        ,        ,        ,        ,        ,      
battaba01, 1997,     1, CAR , NHL , C  , 33.0,  2.0,   4.0,   6.0,  10.0, -1.0 ,  0.0,  0.0,  0.0,  0.0,  1.0, 0.0,  21.0,       ,      ,      ,        ,        ,        ,        ,        ,        ,        ,        ,      
battaba01, 1998,     1, CAR , NHL , L  , 60.0,  7.0,  11.0,  18.0,  22.0, 7.0  ,  0.0,  0.0,  0.0,  0.0,  0.0, 2.0,  52.0,    6.0,   0.0,   3.0,     3.0,     8.0, 3.0    ,     0.0,     0.0,     0.0,     0.0,     0.0,     7.0
battaba01, 1999,     1, CAR , NHL , L  , 77.0, 16.0,  18.0,  34.0,  39.0, 20.0 ,  3.0,  1.0,  0.0,  0.0,  3.0, 0.0,  86.0,       ,      ,      ,        ,        ,        ,        ,        ,        ,        ,        ,      
battaba01, 2000,     1, CAR , NHL , L  , 80.0, 12.0,  15.0,  27.0,  76.0, -14.0,  2.0,  1.0,  0.0,  0.0,  3.0, 0.0, 133.0,    6.0,   0.0,   2.0,     2.0,     2.0, -3.0   ,     0.0,     0.0,     0.0,     0.0,     0.0,     6.0
battaba01, 2001,     1, CAR , NHL , L  , 82.0, 21.0,  25.0,  46.0,  44.0, -6.0 ,  5.0,  4.0,  1.0,  0.0,  2.0, 3.0, 167.0,   23.0,   5.0,   9.0,    14.0,    14.0, 2.0    ,     1.0,     3.0,     0.0,     0.0,     1.0,    44.0
battaba01, 2002,     1, CAR , NHL , L  , 70.0,  5.0,  14.0,  19.0,  90.0, -17.0,  0.0,  5.0,  1.0,  0.0,  1.0, 0.0,  96.0,       ,      ,      ,        ,        ,        ,        ,        ,        ,        ,        ,      
battaba01, 2002,     2, COL , NHL , L  , 13.0,  1.0,   5.0,   6.0,  10.0, -2.0 ,  1.0,  1.0,  0.0,  0.0,  1.0, 0.0,  27.0,    7.0,   0.0,   2.0,     2.0,     4.0, 1.0    ,     0.0,     0.0,     0.0,     0.0,     0.0,    14.0
battaba01, 2003,     1, COL , NHL , L  ,  4.0,  0.0,   1.0,   1.0,   4.0, -1.0 ,  0.0,  0.0,  0.0,  0.0,  0.0, 0.0,   1.0,       ,      ,      ,        ,        ,        ,        ,        ,        ,        ,        ,      
battaba01, 2003,     2, WAS , NHL , L  , 66.0,  4.0,   6.0,  10.0,  38.0, -23.0,  0.0,  1.0,  0.0,  0.0,  1.0, 0.0,  69.0,       ,      ,      ,        ,        ,        ,        ,        ,        ,        ,        ,      
battaba01, 2006,     1, TOR , NHL , L  , 82.0, 12.0,  19.0,  31.0,  45.0, 9.0  ,  0.0,  0.0,  0.0,  0.0,  0.0,    ,  94.0,       ,      ,      ,        ,        ,        ,        ,        ,        ,        ,        ,      
battaba01, 2007,     1, TOR , NHL , L  , 13.0,  0.0,   0.0,   0.0,   7.0, -6.0 ,  0.0,  0.0,  0.0,  0.0,  0.0,    ,   6.0,       ,      ,      ,        ,        ,        ,        ,        ,        ,        ,        ,      
batteca01, 1921,     1, REG , WCHL, D  , 20.0,  5.0,   3.0,   8.0,   0.0,      ,     ,     ,     ,     ,     ,    ,      ,    6.0,   0.0,   0.0,     0.0,     0.0,        ,        ,        ,        ,        ,        ,      
batteca01, 1922,     1, REG , WCHL, D  , 30.0,  2.0,   3.0,   5.0,   2.0,      ,     ,     ,     ,     ,     ,    ,      ,    2.0,   0.0,   0.0,     0.0,     0.0,        ,        ,        ,        ,        ,        ,      
batteje01, 1993,     1, STL , NHL , D  ,  6.0,  0.0,   0.0,   0.0,   7.0, 1.0  ,  0.0,  0.0,  0.0,  0.0,  0.0, 0.0,   1.0,       ,      ,      ,        ,        ,        ,        ,        ,        ,        ,        ,      
batteje01, 1994,     1, STL , NHL , D  , 10.0,  0.0,   0.0,   0.0,  21.0, -5.0 ,  0.0,  0.0,  0.0,  0.0,  0.0, 0.0,   3.0,       ,      ,      ,        ,        ,        ,        ,        ,        ,        ,        ,      
batyrru01, 1995,     1, LAK , NHL , D  ,  2.0,  0.0,   0.0,   0.0,   6.0, 0.0  ,  0.0,  0.0,  0.0,  0.0,  0.0, 0.0,   0.0,       ,      ,      ,        ,        ,        ,        ,        ,        ,        ,        ,      
bauerbo01, 1936,     1, BOS , NHL , R  ,  1.0,  1.0,   0.0,   1.0,   0.0,      ,     ,     ,     ,     ,     ,    ,      ,    1.0,   0.0,   0.0,     0.0,     0.0,        ,        ,        ,        ,        ,        ,      
bauerbo01, 1937,     1, BOS , NHL , R  , 48.0, 20.0,  14.0,  34.0,   9.0,      ,     ,     ,     ,     ,     ,    ,      ,    3.0,   0.0,   0.0,     0.0,     2.0,        ,        ,        ,        ,        ,        ,      
bauerbo01, 1938,     1, BOS , NHL , R  , 48.0, 13.0,  18.0,  31.0,   4.0,      ,     ,     ,     ,     ,     ,    ,      ,   12.0,   3.0,   2.0,     5.0,     0.0,        ,        ,        ,        ,        ,        ,      
bauerbo01, 1939,     1, BOS , NHL , R  , 48.0, 17.0,  26.0,  43.0,   2.0,      ,     ,     ,     ,     ,     ,    ,      ,    6.0,   1.0,   0.0,     1.0,     2.0,        ,        ,        ,        ,        ,        ,      
bauerbo01, 1940,     1, BOS , NHL , R  , 48.0, 17.0,  22.0,  39.0,   2.0,      ,     ,     ,     ,     ,     ,    ,      ,   11.0,   2.0,   2.0,     4.0,     0.0,        ,        ,        ,        ,        ,        ,      
bauerbo01, 1941,     1, BOS , NHL , R  , 36.0, 13.0,  22.0,  35.0,  11.0,      ,     ,     ,     ,     ,     ,    ,      ,       ,      ,      ,        ,        ,        ,        ,        ,        ,        ,        ,      
bauerbo01, 1945,     1, BOS , NHL , R  , 39.0, 11.0,  10.0,  21.0,   4.0,      ,     ,     ,     ,     ,     ,    ,      ,   10.0,   4.0,   3.0,     7.0,     2.0,        ,        ,        ,        ,        ,        ,      
bauerbo01, 1946,     1, BOS , NHL , R  , 58.0, 30.0,  24.0,  54.0,   4.0,      ,     ,     ,     ,     ,     ,    ,      ,    5.0,   1.0,   1.0,     2.0,     0.0,        ,        ,        ,        ,        ,        ,      
bauerbo01, 1951,     1, BOS , NHL , R  ,  1.0,  1.0,   1.0,   2.0,   0.0,      ,     ,     ,     ,     ,     ,    ,      ,       ,      ,      ,        ,        ,        ,        ,        ,        ,        ,        ,      
baumaga01, 1966,     1, MTL , NHL , G  ,  2.0,  0.0,   0.0,   0.0,   0.0,      ,  0.0,     ,  0.0,     ,  0.0, 0.0,      ,       ,      ,      ,        ,        ,        ,        ,        ,        ,        ,        ,      
baumaga01, 1967,     1, MNS , NHL , G  , 26.0,  0.0,   0.0,   0.0,   2.0, 0.0  ,  0.0,     ,  0.0,     ,  0.0, 0.0,   0.0,       ,      ,      ,        ,        ,        ,        ,        ,        ,        ,        ,      
baumaga01, 1968,     1, MNS , NHL , G  ,  7.0,  0.0,   0.0,   0.0,   0.0, 0.0  ,  0.0,     ,  0.0,     ,  0.0, 0.0,   0.0,       ,      ,      ,        ,        ,        ,        ,        ,        ,        ,        ,      
baumgke01, 1987,     1, LAK , NHL , D  , 30.0,  2.0,   3.0,   5.0, 189.0, 5.0  ,  0.0,  0.0,  0.0,  0.0,  0.0, 0.0,  17.0,    5.0,   0.0,   1.0,     1.0,    28.0, -6.0   ,     0.0,     0.0,     0.0,     0.0,     0.0,     4.0
baumgke01, 1988,     1, LAK , NHL , D  , 49.0,  1.0,   3.0,   4.0, 286.0, -9.0 ,  0.0,  0.0,  0.0,  1.0,  0.0, 0.0,  15.0,    5.0,   0.0,   0.0,     0.0,     8.0, -2.0   ,     0.0,     0.0,     0.0,     0.0,     0.0,     1.0
baumgke01, 1989,     1, LAK , NHL , D  , 12.0,  1.0,   0.0,   1.0,  28.0, -10.0,  0.0,  0.0,  0.0,  0.0,  0.0, 0.0,   7.0,       ,      ,      ,        ,        ,        ,        ,        ,        ,        ,        ,      
baumgke01, 1989,     2, NYI , NHL , D  , 53.0,  0.0,   5.0,   5.0, 194.0, 6.0  ,  0.0,  0.0,  0.0,  0.0,  0.0, 0.0,  41.0,    4.0,   0.0,   0.0,     0.0,    27.0, 1.0    ,     0.0,     0.0,     0.0,     0.0,     0.0,     0.0
baumgke01, 1990,     1, NYI , NHL , L  , 78.0,  1.0,   6.0,   7.0, 282.0, -14.0,  0.0,  0.0,  0.0,  0.0,  0.0, 0.0,  41.0,       ,      ,      ,        ,        ,        ,        ,        ,        ,        ,        ,      
baumgke01, 1991,     1, NYI , NHL , L  , 44.0,  0.0,   1.0,   1.0, 202.0, -10.0,  0.0,  0.0,  0.0,  0.0,  0.0, 0.0,  11.0,       ,      ,      ,        ,        ,        ,        ,        ,        ,        ,        ,      
baumgke01, 1991,     2, TOR , NHL , L  , 11.0,  0.0,   0.0,   0.0,  23.0, 1.0  ,  0.0,  0.0,  0.0,  0.0,  0.0, 0.0,   5.0,       ,      ,      ,        ,        ,        ,        ,        ,        ,        ,        ,      
baumgke01, 1992,     1, TOR , NHL , L  , 63.0,  1.0,   0.0,   1.0, 155.0, -11.0,  0.0,  0.0,  0.0,  0.0,  0.0, 0.0,  23.0,    7.0,   1.0,   0.0,     1.0,     0.0, 1.0    ,     0.0,     0.0,     0.0,     0.0,     0.0,     2.0
baumgke01, 1993,     1, TOR , NHL , L  , 64.0,  4.0,   4.0,   8.0, 185.0, -6.0 ,  0.0,  0.0,  0.0,  0.0,  0.0, 0.0,  34.0,   10.0,   0.0,   0.0,     0.0,    18.0, -1.0   ,     0.0,     0.0,     0.0,     0.0,     0.0,     3.0
baumgke01, 1994,     1, TOR , NHL , L  ,  2.0,  0.0,   0.0,   0.0,   5.0, 0.0  ,  0.0,  0.0,  0.0,  0.0,  0.0, 0.0,   1.0,       ,      ,      ,        ,        ,        ,        ,        ,        ,        ,        ,      
baumgke01, 1995,     1, TOR , NHL , L  , 60.0,  2.0,   3.0,   5.0, 152.0, -5.0 ,  0.0,  0.0,  0.0,  0.0,  1.0, 0.0,  27.0,       ,      ,      ,        ,        ,        ,        ,        ,        ,        ,        ,      
baumgke01, 1995,     2, ANA , NHL , L  , 12.0,  0.0,   1.0,   1.0,  41.0, 0.0  ,  0.0,  0.0,  0.0,  0.0,  0.0, 0.0,   5.0,       ,      ,      ,        ,        ,        ,        ,        ,        ,        ,        ,      
baumgke01, 1996,     1, ANA , NHL , L  , 67.0,  0.0,  11.0,  11.0, 182.0, 0.0  ,  0.0,  0.0,  0.0,  0.0,  0.0, 0.0,  20.0,   11.0,   0.0,   1.0,     1.0,    11.0, 0.0    ,     0.0,     0.0,     0.0,     0.0,     0.0,     0.0
baumgke01, 1997,     1, BOS , NHL , L  , 82.0,  0.0,   1.0,   1.0, 199.0, -14.0,  0.0,  0.0,  0.0,  0.0,  0.0, 0.0,  28.0,    6.0,   0.0,   0.0,     0.0,    14.0, 0.0    ,     0.0,     0.0,     0.0,     0.0,     0.0,     1.0
baumgke01, 1998,     1, BOS , NHL , L  , 69.0,  1.0,   3.0,   4.0, 119.0, -6.0 ,  0.0,  0.0,  0.0,  0.0,  0.0, 1.0,  15.0,    3.0,   0.0,   0.0,     0.0,     0.0, 0.0    ,     0.0,     0.0,     0.0,     0.0,     0.0,     0.0
baumgmi01, 1974,     1, KCS , NHL , D  , 17.0,  0.0,   0.0,   0.0,   0.0, -9.0 ,  0.0,     ,  0.0,     ,  0.0, 0.0,  12.0,       ,      ,      ,        ,        ,        ,        ,        ,        ,        ,        ,      
baumgno01, 1995,     1, WAS , NHL , D  ,  1.0,  0.0,   0.0,   0.0,   0.0, -1.0 ,  0.0,  0.0,  0.0,  0.0,  0.0, 0.0,   0.0,    1.0,   0.0,   0.0,     0.0,    10.0, -1.0   ,     0.0,     0.0,     0.0,     0.0,     0.0,     0.0
baumgno01, 1997,     1, WAS , NHL , D  ,  4.0,  0.0,   1.0,   1.0,   0.0, 0.0  ,  0.0,  1.0,  0.0,  0.0,  0.0, 0.0,   4.0,       ,      ,      ,        ,        ,        ,        ,        ,        ,        ,        ,      
baumgno01, 1998,     1, WAS , NHL , D  ,  5.0,  0.0,   0.0,   0.0,   0.0, -3.0 ,  0.0,  0.0,  0.0,  0.0,  0.0, 0.0,   1.0,       ,      ,      ,        ,        ,        ,        ,        ,        ,        ,        ,      
baumgno01, 1999,     1, WAS , NHL , D  ,  8.0,  0.0,   1.0,   1.0,   2.0, 1.0  ,  0.0,  1.0,  0.0,  0.0,  0.0, 0.0,   6.0,       ,      ,      ,        ,        ,        ,        ,        ,        ,        ,        ,      
baumgno01, 2000,     1, CHI , NHL , D  ,  8.0,  0.0,   0.0,   0.0,   6.0, -4.0 ,  0.0,  0.0,  0.0,  0.0,  0.0, 0.0,   7.0,       ,      ,      ,        ,        ,        ,        ,        ,        ,        ,        ,      
baumgno01, 2002,     1, VAN , NHL , D  ,  8.0,  1.0,   2.0,   3.0,   4.0, 4.0  ,  1.0,  1.0,  0.0,  0.0,  0.0, 0.0,   7.0,    2.0,   0.0,   0.0,     0.0,     0.0, 0.0    ,     0.0,     0.0,     0.0,     0.0,     0.0,     1.0
baumgno01, 2003,     1, PIT , NHL , D  ,  5.0,  0.0,   0.0,   0.0,   2.0, -7.0 ,  0.0,  0.0,  0.0,  0.0,  0.0, 0.0,   6.0,       ,      ,      ,        ,        ,        ,        ,        ,        ,        ,        ,      
baumgno01, 2003,     2, VAN , NHL , D  ,  9.0,  0.0,   3.0,   3.0,   2.0, 3.0  ,  0.0,  1.0,  0.0,  0.0,  0.0, 0.0,   9.0,       ,      ,      ,        ,        ,        ,        ,        ,        ,        ,        ,      
baumgno01, 2005,     1, VAN , NHL , D  , 70.0,  5.0,  29.0,  34.0,  30.0, 11.0 ,  4.0, 18.0,  1.0,  0.0,  1.0,    ,  73.0,       ,      ,      ,        ,        ,        ,        ,        ,        ,        ,        ,      
baumgno01, 2006,     1, PHI , NHL , D  ,  6.0,  0.0,   1.0,   1.0,  21.0, 0.0  ,  0.0,  0.0,  0.0,  0.0,  0.0,    ,   4.0,       ,      ,      ,        ,        ,        ,        ,        ,        ,        ,        ,      
baumgno01, 2006,     2, DAL , NHL , D  ,  7.0,  0.0,   2.0,   2.0,   0.0, 0.0  ,  0.0,  1.0,  0.0,  0.0,  0.0,    ,   4.0,       ,      ,      ,        ,        ,        ,        ,        ,        ,        ,        ,      
baumgno01, 2009,     1, VAN , NHL , D  , 12.0,  1.0,   1.0,   2.0,   2.0, 7.0  ,  0.0,  0.0,  0.0,  0.0,  0.0,    ,  12.0,    1.0,   0.0,   0.0,     0.0,     0.0, 0.0    ,     0.0,     0.0,     0.0,     0.0,     0.0,     0.0
baunbo01 , 1956,     1, TOR , NHL , D  , 20.0,  0.0,   5.0,   5.0,  37.0,      ,     ,     ,     ,     ,     ,    ,      ,       ,      ,      ,        ,        ,        ,        ,        ,        ,        ,        ,      
baunbo01 , 1957,     1, TOR , NHL , D  , 67.0,  1.0,   9.0,  10.0,  91.0,      ,     ,     ,     ,     ,     ,    ,      ,       ,      ,      ,        ,        ,        ,        ,        ,        ,        ,        ,      
baunbo01 , 1958,     1, TOR , NHL , D  , 51.0,  1.0,   8.0,   9.0,  87.0,      ,     ,     ,     ,     ,     ,    ,      ,   12.0,   0.0,   0.0,     0.0,    24.0,        ,        ,        ,        ,        ,        ,      
baunbo01 , 1959,     1, TOR , NHL , D  , 61.0,  8.0,   9.0,  17.0,  59.0,      ,     ,     ,     ,     ,     ,    ,      ,   10.0,   1.0,   0.0,     1.0,    17.0,        ,        ,        ,        ,        ,        ,      
baunbo01 , 1960,     1, TOR , NHL , D  , 70.0,  1.0,  14.0,  15.0,  70.0,      ,     ,     ,     ,     ,     ,    ,      ,    3.0,   0.0,   0.0,     0.0,     8.0,        ,        ,        ,        ,        ,     0.0,      
baunbo01 , 1961,     1, TOR , NHL , D  , 65.0,  4.0,  11.0,  15.0,  94.0,      ,     ,     ,     ,     ,     ,    ,      ,   12.0,   0.0,   3.0,     3.0,    19.0,        ,        ,        ,        ,        ,     0.0,      
baunbo01 , 1962,     1, TOR , NHL , D  , 48.0,  4.0,   8.0,  12.0,  65.0,      ,     ,     ,     ,     ,     ,    ,      ,   10.0,   0.0,   3.0,     3.0,     6.0,        ,        ,        ,        ,        ,     0.0,      
baunbo01 , 1963,     1, TOR , NHL , D  , 52.0,  4.0,  14.0,  18.0, 113.0,      ,  0.0,     ,  0.0,     ,  2.0, 0.0,      ,   14.0,   2.0,   3.0,     5.0,    42.0,        ,        ,        ,        ,        ,     1.0,      
baunbo01 , 1964,     1, TOR , NHL , D  , 70.0,  0.0,  18.0,  18.0, 160.0,      ,  0.0,     ,  0.0,     ,  0.0, 0.0,      ,    6.0,   0.0,   1.0,     1.0,    14.0,        ,        ,        ,        ,        ,     0.0,      
baunbo01 , 1965,     1, TOR , NHL , D  , 44.0,  0.0,   6.0,   6.0,  68.0,      ,  0.0,     ,  0.0,     ,  0.0, 0.0,      ,    4.0,   0.0,   1.0,     1.0,     8.0,        ,        ,        ,        ,        ,     0.0,      
baunbo01 , 1966,     1, TOR , NHL , D  , 54.0,  2.0,   8.0,  10.0,  83.0,      ,  0.0,     ,  0.0,     ,  0.0, 0.0,      ,   10.0,   0.0,   0.0,     0.0,     4.0,        ,        ,        ,        ,        ,     0.0,      
baunbo01 , 1967,     1, OAK , NHL , D  , 67.0,  3.0,  10.0,  13.0,  81.0, -18.0,  0.0,     ,  0.0,     ,  0.0, 0.0,  80.0,       ,      ,      ,        ,        ,        ,        ,        ,        ,        ,        ,      
baunbo01 , 1968,     1, DET , NHL , D  , 76.0,  4.0,  16.0,  20.0, 121.0, 24.0 ,  0.0,     ,  0.0,     ,  0.0, 0.0, 117.0,       ,      ,      ,        ,        ,        ,        ,        ,        ,        ,        ,      
baunbo01 , 1969,     1, DET , NHL , D  , 71.0,  1.0,  18.0,  19.0, 112.0, 7.0  ,  0.0,     ,  0.0,     ,  0.0, 0.0, 112.0,    4.0,   0.0,   0.0,     0.0,     0.0,        ,     0.0,        ,     0.0,        ,     0.0,      
baunbo01 , 1970,     1, DET , NHL , D  , 11.0,  0.0,   3.0,   3.0,  24.0, -2.0 ,  0.0,     ,  0.0,     ,  0.0, 0.0,  16.0,       ,      ,      ,        ,        ,        ,        ,        ,        ,        ,        ,      
baunbo01 , 1970,     2, TOR , NHL , D  , 58.0,  1.0,  17.0,  18.0, 123.0, 17.0 ,  0.0,     ,  0.0,     ,  0.0, 0.0, 104.0,    6.0,   0.0,   1.0,     1.0,    19.0,        ,     0.0,        ,     0.0,        ,     0.0,      
baunbo01 , 1971,     1, TOR , NHL , D  , 74.0,  2.0,  12.0,  14.0, 101.0, 8.0  ,  0.0,     ,  0.0,     ,  0.0, 0.0, 158.0,    5.0,   0.0,   0.0,     0.0,     4.0,        ,     0.0,        ,     0.0,        ,     0.0,      
baunbo01 , 1972,     1, TOR , NHL , D  ,  5.0,  1.0,   1.0,   2.0,   4.0, -5.0 ,  0.0,     ,  0.0,     ,  0.0, 0.0,   5.0,       ,      ,      ,        ,        ,        ,        ,        ,        ,        ,        ,      
bautise01, 1992,     1, WIN , NHL , D  , 71.0,  5.0,  18.0,  23.0,  96.0, -2.0 ,  0.0,  1.0,  0.0,  0.0,  0.0, 0.0,  82.0,    6.0,   0.0,   0.0,     0.0,     2.0, -2.0   ,     0.0,     0.0,     0.0,     0.0,     0.0,     5.0
bautise01, 1993,     1, WIN , NHL , D  , 59.0,  0.0,   7.0,   7.0,  78.0, -13.0,  0.0,  2.0,  0.0,  0.0,  0.0, 0.0,  39.0,       ,      ,      ,        ,        ,        ,        ,        ,        ,        ,        ,      
bautise01, 1993,     2, DET , NHL , D  ,  1.0,  0.0,   0.0,   0.0,   0.0, 1.0  ,  0.0,  0.0,  0.0,  0.0,  0.0, 0.0,   0.0,       ,      ,      ,        ,        ,        ,        ,        ,        ,        ,        ,      
bautise01, 1995,     1, SJS , NHL , D  ,  1.0,  0.0,   0.0,   0.0,   2.0, -1.0 ,  0.0,  0.0,  0.0,  0.0,  0.0, 0.0,   0.0,       ,      ,      ,        ,        ,        ,        ,        ,        ,        ,        ,      
bawaro01 , 1989,     1, WAS , NHL , R  ,  5.0,  1.0,   0.0,   1.0,   6.0, -3.0 ,  0.0,  0.0,  0.0,  0.0,  0.0, 0.0,   1.0,       ,      ,      ,        ,        ,        ,        ,        ,        ,        ,        ,      
bawaro01 , 1991,     1, VAN , NHL , R  ,  2.0,  0.0,   0.0,   0.0,   0.0, 0.0  ,  0.0,  0.0,  0.0,  0.0,  0.0, 0.0,   1.0,    1.0,   0.0,   0.0,     0.0,     0.0, 0.0    ,     0.0,     0.0,     0.0,     0.0,     0.0,     0.0
bawaro01 , 1992,     1, SJS , NHL , R  , 42.0,  5.0,   0.0,   5.0,  47.0, -25.0,  0.0,  0.0,  0.0,  0.0,  1.0, 1.0,  25.0,       ,      ,      ,        ,        ,        ,        ,        ,        ,        ,        ,      
bawaro01 , 1993,     1, ANA , NHL , R  , 12.0,  0.0,   1.0,   1.0,   7.0, -3.0 ,  0.0,  0.0,  0.0,  0.0,  0.0, 0.0,   1.0,       ,      ,      ,        ,        ,        ,        ,        ,        ,        ,        ,      
bawlfni01, 1909,     1, HAI , NHA ,    ,  4.0, 10.0,   0.0,  10.0,   5.0,      ,     ,     ,     ,     ,     ,    ,      ,       ,      ,      ,        ,        ,        ,        ,        ,        ,        ,        ,      
bawlfni01, 1914,     1, TOO , NHA ,    ,  7.0,  2.0,   0.0,   2.0,   8.0,      ,     ,     ,     ,     ,     ,    ,      ,       ,      ,      ,        ,        ,        ,        ,        ,        ,        ,        ,      
bawlfni01, 1914,     2, MOC , NHA ,    ,  9.0,  6.0,   0.0,   6.0,  12.0,      ,     ,     ,     ,     ,     ,    ,      ,       ,      ,      ,        ,        ,        ,        ,        ,        ,        ,        ,      
bawlfni01, 1915,     1, MOW , NHA ,    ,  7.0,  1.0,   2.0,   3.0,  10.0,      ,     ,     ,     ,     ,     ,    ,      ,       ,      ,      ,        ,        ,        ,        ,        ,        ,        ,        ,      
baxtepa01, 1974,     1, CLC , WHA , D  ,  5.0,  0.0,   0.0,   0.0,  37.0, 1.0  ,  0.0,     ,  0.0,     ,  0.0,    ,   3.0,       ,      ,      ,        ,        ,        ,        ,        ,        ,        ,        ,      
baxtepa01, 1975,     1, CLC , WHA , D  , 67.0,  3.0,   7.0,  10.0, 201.0, -7.0 ,  1.0,     ,  0.0,     ,  1.0,    ,  65.0,    3.0,   0.0,   0.0,     0.0,    10.0, -2.0   ,        ,        ,        ,        ,     0.0,      
baxtepa01, 1976,     1, QUN , WHA , D  , 66.0,  6.0,  17.0,  23.0, 244.0, 14.0 ,  0.0,     ,  0.0,     ,     ,    , 123.0,   12.0,   2.0,   2.0,     4.0,    35.0, 1.0    ,        ,        ,        ,        ,     2.0,      
baxtepa01, 1977,     1, QUN , WHA , D  , 76.0,  6.0,  29.0,  35.0, 240.0, -37.0,  0.0,     ,  0.0,     ,     ,    , 145.0,   11.0,   4.0,   7.0,    11.0,    42.0, 0.0    ,        ,        ,        ,        ,     0.0,      
baxtepa01, 1978,     1, QUN , WHA , D  , 76.0, 10.0,  36.0,  46.0, 240.0, -5.0 ,  6.0,     ,  0.0,     ,     ,    , 125.0,    4.0,   0.0,   2.0,     2.0,     7.0, -2.0   ,        ,        ,        ,        ,     0.0,      
baxtepa01, 1979,     1, QUE , NHL , D  , 61.0,  7.0,  13.0,  20.0, 145.0, -27.0,  4.0,     ,  0.0,     ,  1.0, 0.0,  90.0,       ,      ,      ,        ,        ,        ,        ,        ,        ,        ,        ,      
baxtepa01, 1980,     1, PIT , NHL , D  , 51.0,  5.0,  14.0,  19.0, 204.0, -11.0,  1.0,     ,  0.0,     ,  0.0, 0.0,  62.0,    5.0,   0.0,   1.0,     1.0,    28.0,        ,     0.0,        ,     0.0,        ,     0.0,      
baxtepa01, 1981,     1, PIT , NHL , D  , 76.0,  9.0,  34.0,  43.0, 409.0, -9.0 ,  4.0,     ,  0.0,     ,  2.0, 0.0, 177.0,    5.0,   0.0,   0.0,     0.0,    14.0,        ,     0.0,        ,     0.0,        ,     0.0,      
baxtepa01, 1982,     1, PIT , NHL , D  , 75.0, 11.0,  21.0,  32.0, 238.0, -49.0,  5.0,     ,  0.0,     ,  0.0, 0.0, 159.0,       ,      ,      ,        ,        ,        ,        ,        ,        ,        ,        ,      
baxtepa01, 1983,     1, CAL , NHL , D  , 74.0,  7.0,  20.0,  27.0, 182.0, -1.0 ,  1.0,     ,  0.0,     ,  1.0, 1.0,  87.0,   11.0,   0.0,   2.0,     2.0,    37.0, -3.0   ,     0.0,        ,     0.0,        ,     0.0,    11.0
baxtepa01, 1984,     1, CAL , NHL , D  , 70.0,  5.0,  14.0,  19.0, 126.0, 39.0 ,  0.0,     ,  0.0,     ,  1.0, 0.0,  83.0,    4.0,   0.0,   1.0,     1.0,    18.0, 0.0    ,     0.0,        ,     0.0,        ,     0.0,     7.0
baxtepa01, 1985,     1, CAL , NHL , D  , 47.0,  4.0,   3.0,   7.0, 194.0, 5.0  ,  0.0,     ,  1.0,     ,  0.0, 0.0,  41.0,   13.0,   0.0,   1.0,     1.0,    55.0, -4.0   ,     0.0,        ,     0.0,        ,     0.0,     7.0
baxtepa01, 1986,     1, CAL , NHL , D  , 18.0,  0.0,   2.0,   2.0,  66.0, -5.0 ,  0.0,     ,  0.0,     ,  0.0, 0.0,  13.0,    2.0,   0.0,   0.0,     0.0,    10.0, -1.0   ,     0.0,        ,     0.0,        ,     0.0,     1.0
baydary01, 2002,     1, CAR , NHL , L  , 25.0,  4.0,  10.0,  14.0,  16.0, -5.0 ,  0.0,  4.0,  0.0,  0.0,  1.0, 0.0,  49.0,       ,      ,      ,        ,        ,        ,        ,        ,        ,        ,        ,      
baydary01, 2003,     1, CAR , NHL , L  , 44.0,  3.0,   3.0,   6.0,  22.0, -14.0,  0.0,  0.0,  0.0,  0.0,  1.0, 0.0,  65.0,       ,      ,      ,        ,        ,        ,        ,        ,        ,        ,        ,      
baydary01, 2006,     1, CAR , NHL , L  ,  9.0,  1.0,   1.0,   2.0,   2.0, -1.0 ,  0.0,  0.0,  0.0,  0.0,  0.0,    ,  10.0,       ,      ,      ,        ,        ,        ,        ,        ,        ,        ,        ,      
baydary01, 2007,     1, CAR , NHL , L  , 31.0,  3.0,   3.0,   6.0,  28.0, -2.0 ,  0.0,  0.0,  0.0,  0.0,  0.0,    ,  58.0,       ,      ,      ,        ,        ,        ,        ,        ,        ,        ,        ,      
baydary01, 2008,     1, CAR , NHL , L  , 70.0,  5.0,   7.0,  12.0,  26.0, 2.0  ,  0.0,  0.0,  0.0,  0.0,  0.0,    ,  62.0,   15.0,   2.0,   2.0,     4.0,    18.0, 2.0    ,     0.0,     0.0,     0.0,     0.0,     0.0,    17.0
beadlsa01, 1980,     1, WIN , NHL , L  ,  6.0,  1.0,   0.0,   1.0,   2.0, -2.0 ,  0.0,     ,  0.0,     ,  0.0, 0.0,   7.0,       ,      ,      ,        ,        ,        ,        ,        ,        ,        ,        ,      
beaglja01, 2008,     1, WAS , NHL , C  ,  3.0,  0.0,   0.0,   0.0,   2.0, -3.0 ,  0.0,  0.0,  0.0,  0.0,  0.0,    ,   5.0,    4.0,   0.0,   0.0,     0.0,     0.0, -1.0   ,     0.0,     0.0,     0.0,     0.0,     0.0,     1.0
beaglja01, 2009,     1, WAS , NHL , C  ,  7.0,  1.0,   1.0,   2.0,   2.0, -1.0 ,  0.0,  0.0,  0.0,  0.0,  0.0,    ,  10.0,       ,      ,      ,        ,        ,        ,        ,        ,        ,        ,        ,      
beatofr01, 1975,     1, CIN , WHA , L  , 29.0,  2.0,   3.0,   5.0,  61.0, 1.0  ,  0.0,     ,  0.0,     ,  0.0,    ,  19.0,       ,      ,      ,        ,        ,        ,        ,        ,        ,        ,        ,      
beatofr01, 1976,     1, EDO , WHA , L  , 68.0,  4.0,   9.0,  13.0, 274.0, -12.0,  0.0,     ,  0.0,     ,     ,    ,  63.0,    5.0,   0.0,   2.0,     2.0,    21.0, 2.0    ,     0.0,        ,     0.0,        ,     0.0,      
beatofr01, 1977,     1, BIR , WHA , L  , 56.0,  6.0,   9.0,  15.0, 279.0, -8.0 ,  0.0,     ,  1.0,     ,     ,    ,  63.0,    5.0,   2.0,   0.0,     2.0,    10.0, -2.0   ,        ,        ,        ,        ,     0.0,      
beatofr01, 1978,     1, NYR , NHL , L  ,  2.0,  0.0,   0.0,   0.0,   0.0, -1.0 ,  0.0,     ,  0.0,     ,  0.0, 0.0,   0.0,       ,      ,      ,        ,        ,        ,        ,        ,        ,        ,        ,      
beatofr01, 1979,     1, NYR , NHL , L  , 23.0,  1.0,   1.0,   2.0,  43.0, -5.0 ,  0.0,     ,  0.0,     ,  0.0, 0.0,  19.0,       ,      ,      ,        ,        ,        ,        ,        ,        ,        ,        ,      
beattre01, 1930,     1, BOS , NHL , C/L, 32.0, 10.0,  11.0,  21.0,  25.0,      ,     ,     ,     ,     ,     ,    ,      ,    4.0,   0.0,   0.0,     0.0,     0.0,        ,        ,        ,        ,        ,        ,      
beattre01, 1931,     1, BOS , NHL , L  ,  1.0,  0.0,   0.0,   0.0,   0.0,      ,     ,     ,     ,     ,     ,    ,      ,       ,      ,      ,        ,        ,        ,        ,        ,        ,        ,        ,      
beattre01, 1932,     1, BOS , NHL , C/L, 48.0,  8.0,  12.0,  20.0,  12.0,      ,     ,     ,     ,     ,     ,    ,      ,    5.0,   0.0,   0.0,     0.0,     2.0,        ,        ,        ,        ,        ,        ,      
beattre01, 1933,     1, BOS , NHL , C/L, 48.0,  9.0,  13.0,  22.0,  26.0,      ,     ,     ,     ,     ,     ,    ,      ,       ,      ,      ,        ,        ,        ,        ,        ,        ,        ,        ,      
beattre01, 1934,     1, BOS , NHL , L/D, 48.0,  9.0,  18.0,  27.0,  27.0,      ,     ,     ,     ,     ,     ,    ,      ,    4.0,   1.0,   0.0,     1.0,     2.0,        ,        ,        ,        ,        ,        ,      
beattre01, 1935,     1, BOS , NHL , L  , 48.0, 14.0,  18.0,  32.0,  27.0,      ,     ,     ,     ,     ,     ,    ,      ,    2.0,   0.0,   0.0,     0.0,     2.0,        ,        ,        ,        ,        ,        ,      
beattre01, 1936,     1, BOS , NHL , C/L, 48.0,  8.0,   7.0,  15.0,  10.0,      ,     ,     ,     ,     ,     ,    ,      ,    3.0,   1.0,   0.0,     1.0,     0.0,        ,        ,        ,        ,        ,        ,      
beattre01, 1937,     1, BOS , NHL , L  , 14.0,  0.0,   0.0,   0.0,   0.0,      ,     ,     ,     ,     ,     ,    ,      ,       ,      ,      ,        ,        ,        ,        ,        ,        ,        ,        ,      
beattre01, 1937,     2, DET , NHL , L  , 11.0,  1.0,   2.0,   3.0,   0.0,      ,     ,     ,     ,     ,     ,    ,      ,       ,      ,      ,        ,        ,        ,        ,        ,        ,        ,        ,      
beattre01, 1937,     3, NYA , NHL , L  , 19.0,  3.0,   4.0,   7.0,   5.0,      ,     ,     ,     ,     ,     ,    ,      ,    6.0,   2.0,   2.0,     4.0,     2.0,        ,        ,        ,        ,        ,        ,      
beattre01, 1938,     1, NYA , NHL , L  , 17.0,  0.0,   0.0,   0.0,   5.0,      ,     ,     ,     ,     ,     ,    ,      ,       ,      ,      ,        ,        ,        ,        ,        ,        ,        ,        ,      
beaucfr01, 2002,     1, MTL , NHL , D  ,  1.0,  0.0,   0.0,   0.0,   0.0, -1.0 ,  0.0,  0.0,  0.0,  0.0,  0.0, 0.0,   1.0,       ,      ,      ,        ,        ,        ,        ,        ,        ,        ,        ,      
beaucfr01, 2005,     1, CBS , NHL , D  , 11.0,  0.0,   2.0,   2.0,  11.0, -6.0 ,  0.0,  1.0,  0.0,  0.0,  0.0,    ,  16.0,       ,      ,      ,        ,        ,        ,        ,        ,        ,        ,        ,      
beaucfr01, 2005,     2, ANA , NHL , D  , 61.0,  8.0,  26.0,  34.0,  41.0, 8.0  ,  4.0,  9.0,  0.0,  0.0,  3.0,    , 121.0,   16.0,   3.0,   6.0,     9.0,    11.0, 0.0    ,     3.0,     4.0,     0.0,     0.0,     0.0,    35.0
beaucfr01, 2006,     1, AND , NHL , D  , 71.0,  7.0,  21.0,  28.0,  49.0, 7.0  ,  2.0, 11.0,  0.0,  0.0,  0.0,    , 128.0,   20.0,   4.0,   4.0,     8.0,    16.0, 2.0    ,     4.0,     1.0,     0.0,     0.0,     0.0,    58.0
beaucfr01, 2007,     1, AND , NHL , D  , 82.0,  2.0,  19.0,  21.0,  59.0, -9.0 ,  0.0,  7.0,  0.0,  1.0,  2.0,    , 144.0,    6.0,   0.0,   0.0,     0.0,    26.0, 2.0    ,     0.0,     0.0,     0.0,     0.0,     0.0,     4.0
beaucfr01, 2008,     1, AND , NHL , D  , 20.0,  4.0,   1.0,   5.0,  12.0, -3.0 ,  0.0,  1.0,  0.0,  0.0,  2.0,    ,  45.0,   13.0,   1.0,   0.0,     1.0,    15.0, 1.0    ,     0.0,     0.0,     0.0,     0.0,     0.0,     9.0
beaucfr01, 2009,     1, TOR , NHL , D  , 82.0,  5.0,  21.0,  26.0,  33.0, -13.0,  4.0,  6.0,  0.0,  0.0,  1.0,    , 170.0,       ,      ,      ,        ,        ,        ,        ,        ,        ,        ,        ,      
beauder01, 2001,     1, FLO , NHL , L  ,  8.0,  1.0,   3.0,   4.0,   4.0, -2.0 ,  0.0,  0.0,  0.0,  0.0,  1.0, 0.0,  11.0,       ,      ,      ,        ,        ,        ,        ,        ,        ,        ,        ,      
beauder01, 2002,     1, FLO , NHL , L  , 15.0,  0.0,   1.0,   1.0,  25.0, -7.0 ,  0.0,  0.0,  0.0,  0.0,  0.0, 0.0,  11.0,       ,      ,      ,        ,        ,        ,        ,        ,        ,        ,        ,      
beauder01, 2003,     1, FLO , NHL , L  , 30.0,  2.0,   4.0,   6.0,  12.0, -6.0 ,  0.0,  0.0,  0.0,  0.0,  0.0, 0.0,  30.0,       ,      ,      ,        ,        ,        ,        ,        ,        ,        ,        ,      
beaudno01, 1967,     1, STL , NHL , R  , 13.0,  1.0,   1.0,   2.0,   4.0, -4.0 ,  1.0,     ,  0.0,     ,  0.0, 0.0,   9.0,       ,      ,      ,        ,        ,        ,        ,        ,        ,        ,        ,      
beaudno01, 1970,     1, MNS , NHL , R  , 12.0,  0.0,   1.0,   1.0,   0.0, -3.0 ,  0.0,     ,  0.0,     ,  0.0, 0.0,  16.0,       ,      ,      ,        ,        ,        ,        ,        ,        ,        ,        ,      
beaudno01, 1972,     1, WIJ , WHA , R  , 78.0, 38.0,  65.0, 103.0,  15.0,      ,  5.0,     ,  0.0,     ,  5.0,    ,      ,   14.0,  13.0,  15.0,    28.0,     2.0,        ,     2.0,        ,     0.0,        ,     2.0,      
beaudno01, 1973,     1, WIJ , WHA , R  , 74.0, 27.0,  28.0,  55.0,   8.0,      ,  5.0,     ,  0.0,     ,  2.0,    ,      ,    4.0,   3.0,   1.0,     4.0,     2.0,        ,        ,        ,        ,        ,     0.0,      
beaudno01, 1974,     1, WIJ , WHA , R  , 77.0, 16.0,  31.0,  47.0,   8.0, -17.0,  1.0,     ,  2.0,     ,     ,    , 202.0,       ,      ,      ,        ,        ,        ,        ,        ,        ,        ,        ,      
beaudno01, 1975,     1, WIJ , WHA , R  , 80.0, 16.0,  31.0,  47.0,  38.0, -1.0 ,  2.0,     ,  0.0,     ,  1.0,    , 155.0,   13.0,   2.0,   3.0,     5.0,    10.0, -5.0   ,        ,        ,        ,        ,        ,      
beaudro01, 1916,     1, TOB , NHA ,    ,  8.0,  0.0,   0.0,   0.0,   0.0,      ,     ,     ,     ,     ,     ,    ,      ,       ,      ,      ,        ,        ,        ,        ,        ,        ,        ,        ,      
beaudse01, 1973,     1, VAB , WHA , D  , 26.0,  1.0,  11.0,  12.0,  37.0,      ,  0.0,     ,  0.0,     ,  0.0,    ,      ,       ,      ,      ,        ,        ,        ,        ,        ,        ,        ,        ,      
beaudse01, 1974,     1, VAB , WHA , D  ,  4.0,  0.0,   0.0,   0.0,   2.0,      ,  0.0,     ,  0.0,     ,  0.0,    ,   1.0,       ,      ,      ,        ,        ,        ,        ,        ,        ,        ,        ,      
beaudse01, 1975,     1, PHR , WHA , D  , 76.0,  0.0,  21.0,  21.0, 102.0, 4.0  ,  0.0,     ,  0.0,     ,  0.0,    ,  96.0,    5.0,   1.0,   0.0,     1.0,    10.0, -2.0   ,        ,        ,        ,        ,        ,      
beaudse01, 1976,     1, PHR , WHA , D  , 77.0,  6.0,  24.0,  30.0, 136.0, -11.0,  0.0,     ,  0.0,     ,     ,    , 136.0,       ,      ,      ,        ,        ,        ,        ,        ,        ,        ,        ,      
beaudse01, 1977,     1, CIN , WHA , D  , 13.0,  0.0,   1.0,   1.0,  10.0, -11.0,  0.0,     ,  0.0,     ,     ,    ,  19.0,       ,      ,      ,        ,        ,        ,        ,        ,        ,        ,        ,      
beaudse01, 1977,     2, BIR , WHA , D  , 64.0,  8.0,  25.0,  33.0, 105.0, 14.0 ,  1.0,     ,  0.0,     ,     ,    ,  95.0,    5.0,   1.0,   0.0,     1.0,    46.0, -2.0   ,        ,        ,        ,        ,     0.0,      
beaudse01, 1978,     1, BIR , WHA , D  , 72.0,  5.0,  21.0,  26.0, 127.0, -8.0 ,  1.0,     ,  0.0,     ,     ,    ,  89.0,       ,      ,      ,        ,        ,        ,        ,        ,        ,        ,        ,      
beaudse01, 1979,     1, ATF , NHL , D  ,  3.0,  0.0,   0.0,   0.0,   0.0, -1.0 ,  0.0,     ,  0.0,     ,  0.0, 0.0,   1.0,       ,      ,      ,        ,        ,        ,        ,        ,        ,        ,        ,      
beaudyv01, 1985,     1, WAS , NHL , D  ,  4.0,  0.0,   0.0,   0.0,   0.0, -4.0 ,  0.0,     ,  0.0,     ,  0.0, 0.0,   7.0,       ,      ,      ,        ,        ,        ,        ,        ,        ,        ,        ,      
beaudyv01, 1986,     1, WAS , NHL , D  ,  6.0,  0.0,   0.0,   0.0,   5.0, -4.0 ,  0.0,     ,  0.0,     ,  0.0, 0.0,   4.0,       ,      ,      ,        ,        ,        ,        ,        ,        ,        ,        ,      
beaudyv01, 1987,     1, WAS , NHL , D  ,  1.0,  0.0,   0.0,   0.0,   0.0, -1.0 ,  0.0,  0.0,  0.0,  0.0,  0.0, 0.0,   0.0,       ,      ,      ,        ,        ,        ,        ,        ,        ,        ,        ,      
beaufma01, 1992,     1, SJS , NHL , C  ,  5.0,  1.0,   0.0,   1.0,   0.0, -1.0 ,  0.0,  0.0,  0.0,  0.0,  0.0, 0.0,   3.0,       ,      ,      ,        ,        ,        ,        ,        ,        ,        ,        ,      
beaulal01, 1973,     1, QUN , WHA , D  , 78.0,  4.0,  36.0,  40.0,  93.0,      ,  1.0,     ,  0.0,     ,  0.0,    ,      ,       ,      ,      ,        ,        ,        ,        ,        ,        ,        ,        ,      
beaulal01, 1974,     1, QUN , WHA , D  , 22.0,  4.0,   7.0,  11.0,  19.0, 5.0  ,  0.0,     ,  0.0,     ,     ,    ,  29.0,       ,      ,      ,        ,        ,        ,        ,        ,        ,        ,        ,      
beaulal01, 1974,     2, WIJ , WHA , D  , 54.0,  0.0,  14.0,  14.0,  24.0, -19.0,  0.0,     ,  0.0,     ,  0.0,    ,  36.0,       ,      ,      ,        ,        ,        ,        ,        ,        ,        ,        ,      
beaupdo01, 1980,     1, MNS , NHL , G  , 44.0,  0.0,   1.0,   1.0,  20.0, 0.0  ,  0.0,     ,  0.0,     ,  0.0, 0.0,   0.0,    6.0,   0.0,   0.0,     0.0,     0.0,        ,     0.0,        ,     0.0,        ,     0.0,      
beaupdo01, 1981,     1, MNS , NHL , G  , 29.0,  0.0,   0.0,   0.0,  19.0, 0.0  ,  0.0,     ,  0.0,     ,  0.0, 0.0,   0.0,    2.0,   0.0,   0.0,     0.0,     2.0,        ,     0.0,        ,     0.0,        ,     0.0,      
beaupdo01, 1982,     1, MNS , NHL , G  , 36.0,  0.0,   2.0,   2.0,  10.0, 0.0  ,  0.0,     ,  0.0,     ,  0.0, 0.0,   0.0,    4.0,   0.0,   0.0,     0.0,     2.0,        ,     0.0,        ,     0.0,        ,     0.0,      
beaupdo01, 1983,     1, MNS , NHL , G  , 33.0,  0.0,   0.0,   0.0,  17.0, 0.0  ,  0.0,     ,  0.0,     ,  0.0, 0.0,   0.0,   13.0,   0.0,   1.0,     1.0,     0.0, 0.0    ,     0.0,        ,     0.0,        ,     0.0,     0.0
beaupdo01, 1984,     1, MNS , NHL , G  , 31.0,  0.0,   0.0,   0.0,   4.0, 0.0  ,  0.0,     ,  0.0,     ,  0.0, 0.0,   0.0,    4.0,   0.0,   0.0,     0.0,     0.0, 0.0    ,     0.0,        ,     0.0,        ,     0.0,     0.0
beaupdo01, 1985,     1, MNS , NHL , G  , 52.0,  0.0,   0.0,   0.0,  34.0, 0.0  ,  0.0,     ,  0.0,     ,  0.0, 0.0,   0.0,    5.0,   0.0,   0.0,     0.0,     0.0, 0.0    ,     0.0,        ,     0.0,        ,     0.0,     0.0
beaupdo01, 1986,     1, MNS , NHL , G  , 47.0,  0.0,   0.0,   0.0,  16.0, 0.0  ,  0.0,     ,  0.0,     ,  0.0, 0.0,   0.0,       ,      ,      ,        ,        ,        ,        ,        ,        ,        ,        ,      
beaupdo01, 1987,     1, MNS , NHL , G  , 43.0,  0.0,   0.0,   0.0,   8.0, 0.0  ,  0.0,  0.0,  0.0,  0.0,  0.0, 0.0,   0.0,       ,      ,      ,        ,        ,        ,        ,        ,        ,        ,        ,      
beaupdo01, 1988,     1, MNS , NHL , G  ,  1.0,  0.0,   0.0,   0.0,   0.0, 0.0  ,  0.0,  0.0,  0.0,  0.0,  0.0, 0.0,   0.0,       ,      ,      ,        ,        ,        ,        ,        ,        ,        ,        ,      
beaupdo01, 1988,     2, WAS , NHL , G  , 11.0,  0.0,   0.0,   0.0,   6.0, 0.0  ,  0.0,  0.0,  0.0,  0.0,  0.0, 0.0,   0.0,       ,      ,      ,        ,        ,        ,        ,        ,        ,        ,        ,      
beaupdo01, 1989,     1, WAS , NHL , G  , 48.0,  0.0,   1.0,   1.0,  24.0, 0.0  ,  0.0,     ,  0.0,     ,  0.0, 0.0,   0.0,    8.0,   0.0,   0.0,     0.0,     2.0, 0.0    ,     0.0,     0.0,     0.0,     0.0,     0.0,     0.0
beaupdo01, 1990,     1, WAS , NHL , G  , 45.0,  0.0,   0.0,   0.0,  18.0, 0.0  ,  0.0,  0.0,  0.0,  0.0,  0.0, 0.0,   0.0,   11.0,   0.0,   1.0,     1.0,     2.0, 0.0    ,     0.0,        ,     0.0,        ,     0.0,     0.0
beaupdo01, 1991,     1, WAS , NHL , G  , 54.0,  0.0,   0.0,   0.0,  30.0, 0.0  ,  0.0,  0.0,  0.0,  0.0,  0.0, 0.0,   0.0,    7.0,   0.0,   0.0,     0.0,     0.0, 0.0    ,     0.0,     0.0,     0.0,     0.0,     0.0,     0.0
beaupdo01, 1992,     1, WAS , NHL , G  , 58.0,  0.0,   1.0,   1.0,  20.0, 0.0  ,  0.0,  1.0,  0.0,  0.0,  0.0, 0.0,   0.0,    2.0,   0.0,   0.0,     0.0,     0.0, 0.0    ,     0.0,     0.0,     0.0,     0.0,     0.0,     0.0
beaupdo01, 1993,     1, WAS , NHL , G  , 53.0,  0.0,   1.0,   1.0,  16.0, 0.0  ,  0.0,  0.0,  0.0,  1.0,  0.0, 0.0,   0.0,    8.0,   0.0,   0.0,     0.0,     2.0, 0.0    ,     0.0,     0.0,     0.0,     0.0,     0.0,     0.0
beaupdo01, 1994,     1, OTT , NHL , G  , 38.0,  0.0,   0.0,   0.0,  10.0, 0.0  ,  0.0,  0.0,  0.0,  0.0,  0.0, 0.0,   0.0,       ,      ,      ,        ,        ,        ,        ,        ,        ,        ,        ,      
beaupdo01, 1995,     1, OTT , NHL , G  , 33.0,  0.0,   2.0,   2.0,  17.0, 0.0  ,  0.0,  0.0,  0.0,  0.0,  0.0, 0.0,   0.0,       ,      ,      ,        ,        ,        ,        ,        ,        ,        ,        ,      
beaupdo01, 1995,     2, TOR , NHL , G  ,  8.0,  0.0,   0.0,   0.0,  14.0, 0.0  ,  0.0,  0.0,  0.0,  0.0,  0.0, 0.0,   0.0,    2.0,   0.0,   0.0,     0.0,     0.0, 0.0    ,     0.0,     0.0,     0.0,     0.0,     0.0,     0.0
beaupdo01, 1996,     1, TOR , NHL , G  ,  3.0,  0.0,   0.0,   0.0,   0.0, 0.0  ,  0.0,  0.0,  0.0,  0.0,  0.0, 0.0,   0.0,       ,      ,      ,        ,        ,        ,        ,        ,        ,        ,        ,      
beaurst01, 1989,     1, WIN , NHL , G  , 19.0,  0.0,   0.0,   0.0,   4.0, 0.0  ,  0.0,  0.0,  0.0,  0.0,  0.0, 0.0,   0.0,    4.0,   0.0,   0.0,     0.0,     0.0, 0.0    ,     0.0,     0.0,     0.0,     0.0,     0.0,     0.0
beaurst01, 1990,     1, WIN , NHL , G  , 16.0,  0.0,   1.0,   1.0,   2.0, 0.0  ,  0.0,     ,  0.0,     ,  0.0, 0.0,   0.0,       ,      ,      ,        ,        ,        ,        ,        ,        ,        ,        ,      
beaurst01, 1991,     1, WIN , NHL , G  , 26.0,  0.0,   0.0,   0.0,   0.0, 0.0  ,  0.0,  0.0,  0.0,  0.0,  0.0, 0.0,   0.0,       ,      ,      ,        ,        ,        ,        ,        ,        ,        ,        ,      
beaurst01, 1992,     1, PHI , NHL , G  , 16.0,  0.0,   1.0,   1.0,   0.0, 0.0  ,  0.0,  0.0,  0.0,  1.0,  0.0, 0.0,   0.0,       ,      ,      ,        ,        ,        ,        ,        ,        ,        ,        ,      
beaurst01, 1993,     1, WIN , NHL , G  , 13.0,  0.0,   0.0,   0.0,   0.0, 0.0  ,  0.0,  0.0,  0.0,  0.0,  0.0, 0.0,   0.0,       ,      ,      ,        ,        ,        ,        ,        ,        ,        ,        ,      
beckba01 , 1977,     1, COR , NHL , D  , 75.0, 22.0,  38.0,  60.0,  89.0, -14.0,  6.0,     ,  0.0,     ,  4.0, 0.0, 271.0,    2.0,   0.0,   1.0,     1.0,     0.0,        ,     0.0,        ,     0.0,        ,     0.0,      
beckba01 , 1978,     1, COR , NHL , D  , 63.0, 14.0,  28.0,  42.0,  91.0, -30.0,  5.0,     ,  0.0,     ,  0.0, 2.0, 217.0,       ,      ,      ,        ,        ,        ,        ,        ,        ,        ,        ,      
beckba01 , 1979,     1, COR , NHL , D  , 10.0,  1.0,   5.0,   6.0,   8.0, -2.0 ,  0.0,     ,  0.0,     ,  0.0, 0.0,  20.0,       ,      ,      ,        ,        ,        ,        ,        ,        ,        ,        ,      
beckba01 , 1979,     2, NYR , NHL , D  , 61.0, 14.0,  45.0,  59.0,  98.0, 16.0 ,  5.0,     ,  0.0,     ,  4.0, 2.0, 150.0,    9.0,   1.0,   4.0,     5.0,     6.0,        ,     1.0,        ,     0.0,        ,     0.0,      
beckba01 , 1980,     1, NYR , NHL , D  , 75.0, 11.0,  23.0,  34.0, 231.0, 9.0  ,  6.0,     ,  1.0,     ,  0.0, 0.0, 182.0,   14.0,   5.0,   8.0,    13.0,    32.0,        ,     1.0,        ,     1.0,        ,     0.0,      
beckba01 , 1981,     1, NYR , NHL , D  , 60.0,  9.0,  29.0,  38.0, 111.0, 19.0 ,  5.0,     ,  0.0,     ,  0.0, 1.0, 160.0,   10.0,   1.0,   5.0,     6.0,    14.0,        ,     1.0,        ,     0.0,        ,     0.0,      
beckba01 , 1982,     1, NYR , NHL , D  , 66.0, 12.0,  22.0,  34.0, 112.0, 22.0 ,  4.0,     ,  0.0,     ,  1.0, 0.0, 162.0,    9.0,   2.0,   4.0,     6.0,     8.0,        ,     0.0,        ,     0.0,        ,     0.0,      
beckba01 , 1983,     1, NYR , NHL , D  , 72.0,  9.0,  27.0,  36.0, 134.0, 12.0 ,  2.0,     ,  1.0,     ,  0.0, 0.0, 159.0,    4.0,   1.0,   0.0,     1.0,     6.0, -1.0   ,     0.0,        ,     0.0,        ,     0.0,     4.0
beckba01 , 1984,     1, NYR , NHL , D  , 56.0,  7.0,  19.0,  26.0,  65.0, -11.0,  2.0,     ,  2.0,     ,  0.0, 2.0,  70.0,    3.0,   0.0,   1.0,     1.0,    11.0, -2.0   ,     0.0,        ,     0.0,        ,     0.0,     4.0
beckba01 , 1985,     1, NYR , NHL , D  , 25.0,  4.0,   8.0,  12.0,  24.0, 7.0  ,  3.0,     ,  0.0,     ,  1.0, 0.0,  53.0,       ,      ,      ,        ,        ,        ,        ,        ,        ,        ,        ,      
beckba01 , 1989,     1, LAK , NHL , D  , 52.0,  1.0,   7.0,   8.0,  53.0, 3.0  ,  0.0,  0.0,  0.0,  0.0,  0.0, 0.0,  36.0,       ,      ,      ,        ,        ,        ,        ,        ,        ,        ,        ,      
beckebo01, 1956,     1, BOS , NHL , C  , 18.0,  0.0,   3.0,   3.0,   2.0,      ,     ,     ,     ,     ,     ,    ,      ,       ,      ,      ,        ,        ,        ,        ,        ,        ,        ,        ,      
beckebo01, 1957,     1, BOS , NHL , C  ,  9.0,  0.0,   0.0,   0.0,   2.0,      ,     ,     ,     ,     ,     ,    ,      ,       ,      ,      ,        ,        ,        ,        ,        ,        ,        ,        ,      
beckebo01, 1961,     1, BOS , NHL , C  , 34.0,  7.0,   2.0,   9.0,  14.0,      ,     ,     ,     ,     ,     ,    ,      ,       ,      ,      ,        ,        ,        ,        ,        ,        ,        ,        ,      
beckebo01, 1963,     1, BOS , NHL , C  ,  7.0,  0.0,   1.0,   1.0,   0.0,      ,  0.0,     ,  0.0,     ,  0.0, 0.0,      ,       ,      ,      ,        ,        ,        ,        ,        ,        ,        ,        ,      
beckfch01, 2007,     1, STL , NHL , G  ,  1.0,  0.0,   0.0,   0.0,   0.0, 0.0  ,  0.0,  0.0,  0.0,  0.0,  0.0,    ,   0.0,       ,      ,      ,        ,        ,        ,        ,        ,        ,        ,        ,      
bedarja01, 1949,     1, CHI , NHL , D  ,  5.0,  0.0,   0.0,   0.0,   2.0,      ,     ,     ,     ,     ,     ,    ,      ,       ,      ,      ,        ,        ,        ,        ,        ,        ,        ,        ,      
bedarja01, 1950,     1, CHI , NHL , D  , 17.0,  1.0,   1.0,   2.0,   6.0,      ,     ,     ,     ,     ,     ,    ,      ,       ,      ,      ,        ,        ,        ,        ,        ,        ,        ,        ,      
bedarji01, 1977,     1, WAS , NHL , G  , 43.0,  0.0,   2.0,   2.0,   4.0, 0.0  ,  0.0,     ,  0.0,     ,  0.0, 0.0,   0.0,       ,      ,      ,        ,        ,        ,        ,        ,        ,        ,        ,      
bedarji01, 1978,     1, WAS , NHL , G  , 30.0,  0.0,   0.0,   0.0,   6.0, 0.0  ,  0.0,     ,  0.0,     ,  0.0, 0.0,   0.0,       ,      ,      ,        ,        ,        ,        ,        ,        ,        ,        ,      
beddocl01, 1995,     1, BOS , NHL , C  , 39.0,  1.0,   6.0,   7.0,  44.0, -5.0 ,  0.0,  0.0,  0.0,  0.0,  0.0, 0.0,  18.0,       ,      ,      ,        ,        ,        ,        ,        ,        ,        ,        ,      
beddocl01, 1996,     1, BOS , NHL , C  , 21.0,  1.0,   2.0,   3.0,  13.0, -1.0 ,  0.0,  0.0,  0.0,  0.0,  0.0, 0.0,  11.0,       ,      ,      ,        ,        ,        ,        ,        ,        ,        ,        ,      
bednaja01, 2001,     1, LAK , NHL , R  , 22.0,  4.0,   2.0,   6.0,   8.0, -4.0 ,  1.0,  0.0,  0.0,  0.0,  2.0, 0.0,  20.0,    3.0,   0.0,   0.0,     0.0,     0.0, 0.0    ,     0.0,     0.0,     0.0,     0.0,     0.0,     6.0
bednaja01, 2002,     1, LAK , NHL , R  , 15.0,  0.0,   9.0,   9.0,   4.0, 3.0  ,  0.0,  1.0,  0.0,  0.0,  0.0, 0.0,  29.0,       ,      ,      ,        ,        ,        ,        ,        ,        ,        ,        ,      
bednaja01, 2002,     2, FLO , NHL , R  , 52.0,  5.0,  13.0,  18.0,  14.0, -2.0 ,  2.0,  0.0,  0.0,  0.0,  1.0, 2.0,  66.0,       ,      ,      ,        ,        ,        ,        ,        ,        ,        ,        ,      
bednaja01, 2003,     1, FLO , NHL , R  , 13.0,  1.0,   1.0,   2.0,   4.0, 2.0  ,  0.0,  0.0,  0.0,  0.0,  0.0, 0.0,  19.0,       ,      ,      ,        ,        ,        ,        ,        ,        ,        ,        ,      
bednajo01, 1974,     1, NYR , NHL , D  , 35.0,  1.0,  10.0,  11.0,  37.0, -1.0 ,  0.0,     ,  0.0,     ,  0.0, 0.0,  45.0,    1.0,   0.0,   0.0,     0.0,    17.0,        ,     0.0,        ,     0.0,        ,     0.0,      
bednajo01, 1975,     1, NYR , NHL , D  , 59.0,  1.0,   8.0,   9.0,  77.0, -15.0,  0.0,     ,  0.0,     ,  0.0, 0.0,  62.0,       ,      ,      ,        ,        ,        ,        ,        ,        ,        ,        ,      
bednajo01, 1976,     1, NYR , NHL , D  ,  5.0,  0.0,   0.0,   0.0,   0.0, -3.0 ,  0.0,     ,  0.0,     ,  0.0, 0.0,   3.0,       ,      ,      ,        ,        ,        ,        ,        ,        ,        ,        ,      
bednajo01, 1979,     1, EDM , NHL , D  ,  1.0,  0.0,   0.0,   0.0,   0.0, 0.0  ,  0.0,     ,  0.0,     ,  0.0, 0.0,   2.0,       ,      ,      ,        ,        ,        ,        ,        ,        ,        ,        ,      
beechkr01, 2000,     1, WAS , NHL , C  ,  4.0,  0.0,   0.0,   0.0,   2.0, -2.0 ,  0.0,  0.0,  0.0,  0.0,  0.0, 0.0,   0.0,       ,      ,      ,        ,        ,        ,        ,        ,        ,        ,        ,      
beechkr01, 2001,     1, PIT , NHL , C  , 79.0, 10.0,  15.0,  25.0,  45.0, -25.0,  2.0,  5.0,  0.0,  0.0,  0.0, 0.0, 126.0,       ,      ,      ,        ,        ,        ,        ,        ,        ,        ,        ,      
beechkr01, 2002,     1, PIT , NHL , C  , 12.0,  0.0,   1.0,   1.0,   6.0, -3.0 ,  0.0,  0.0,  0.0,  0.0,  0.0, 0.0,   6.0,       ,      ,      ,        ,        ,        ,        ,        ,        ,        ,        ,      
beechkr01, 2003,     1, PIT , NHL , C  ,  4.0,  0.0,   1.0,   1.0,   6.0, 0.0  ,  0.0,  1.0,  0.0,  0.0,  0.0, 0.0,   6.0,       ,      ,      ,        ,        ,        ,        ,        ,        ,        ,        ,      
beechkr01, 2005,     1, NAS , NHL , C  ,  5.0,  1.0,   2.0,   3.0,   0.0, 1.0  ,  0.0,  1.0,  0.0,  0.0,  0.0,    ,   6.0,       ,      ,      ,        ,        ,        ,        ,        ,        ,        ,        ,      
beechkr01, 2005,     2, WAS , NHL , C  ,  5.0,  0.0,   0.0,   0.0,   4.0, 0.0  ,  0.0,  0.0,  0.0,  0.0,  0.0,    ,   6.0,       ,      ,      ,        ,        ,        ,        ,        ,        ,        ,        ,      
beechkr01, 2006,     1, WAS , NHL , C  , 64.0,  8.0,  18.0,  26.0,  46.0, -11.0,  3.0,  8.0,  0.0,  0.0,  0.0,    ,  77.0,       ,      ,      ,        ,        ,        ,        ,        ,        ,        ,        ,      
beechkr01, 2007,     1, CBS , NHL , C  , 16.0,  5.0,   4.0,   9.0,   2.0, 3.0  ,  2.0,  1.0,  0.0,  0.0,  0.0,    ,  24.0,       ,      ,      ,        ,        ,        ,        ,        ,        ,        ,        ,      
beechkr01, 2007,     2, VAN , NHL , C  ,  4.0,  1.0,   1.0,   2.0,   0.0, 1.0  ,  0.0,  0.0,  0.0,  0.0,  0.0,    ,   6.0,       ,      ,      ,        ,        ,        ,        ,        ,        ,        ,        ,      
beechkr01, 2007,     3, PIT , NHL , C  ,  5.0,  0.0,   0.0,   0.0,   2.0, -1.0 ,  0.0,  0.0,  0.0,  0.0,  0.0,    ,   6.0,       ,      ,      ,        ,        ,        ,        ,        ,        ,        ,        ,      
beersbo01, 1989,     1, BOS , NHL , D  ,  3.0,  0.0,   1.0,   1.0,   6.0, 2.0  ,  0.0,  1.0,  0.0,  0.0,  0.0, 0.0,   0.0,   14.0,   1.0,   1.0,     2.0,    18.0, 1.0    ,     0.0,     0.0,     0.0,     0.0,     0.0,    11.0
beersbo01, 1990,     1, BOS , NHL , D  , 16.0,  0.0,   1.0,   1.0,  10.0, -8.0 ,  0.0,  0.0,  0.0,  0.0,  0.0, 0.0,   9.0,    6.0,   0.0,   0.0,     0.0,     4.0, -1.0   ,     0.0,     0.0,     0.0,     0.0,     0.0,     4.0
beersbo01, 1991,     1, BOS , NHL , D  , 31.0,  0.0,   5.0,   5.0,  29.0, -13.0,  0.0,  1.0,  0.0,  0.0,  0.0, 0.0,  25.0,    1.0,   0.0,   0.0,     0.0,     0.0, 0.0    ,     0.0,     0.0,     0.0,     0.0,     0.0,     0.0
beersbo01, 1992,     1, TBL , NHL , D  , 64.0, 12.0,  24.0,  36.0,  70.0, -25.0,  7.0, 16.0,  0.0,  1.0,  0.0, 0.0, 138.0,       ,      ,      ,        ,        ,        ,        ,        ,        ,        ,        ,      
beersbo01, 1993,     1, TBL , NHL , D  , 16.0,  1.0,   5.0,   6.0,  12.0, -11.0,  1.0,  4.0,  0.0,  0.0,  0.0, 0.0,  35.0,       ,      ,      ,        ,        ,        ,        ,        ,        ,        ,        ,      
beersbo01, 1993,     2, EDM , NHL , D  , 66.0, 10.0,  27.0,  37.0,  74.0, -11.0,  5.0, 14.0,  0.0,  0.0,  0.0, 1.0, 152.0,       ,      ,      ,        ,        ,        ,        ,        ,        ,        ,        ,      
beersbo01, 1994,     1, NYI , NHL , D  , 22.0,  2.0,   7.0,   9.0,   6.0, -8.0 ,  1.0,  1.0,  0.0,  0.0,  0.0, 0.0,  38.0,       ,      ,      ,        ,        ,        ,        ,        ,        ,        ,        ,      
beersbo01, 1995,     1, NYI , NHL , D  , 13.0,  0.0,   5.0,   5.0,  10.0, -2.0 ,  0.0,  3.0,  0.0,  0.0,  0.0, 0.0,   9.0,       ,      ,      ,        ,        ,        ,        ,        ,        ,        ,        ,      
beersbo01, 1996,     1, BOS , NHL , D  , 27.0,  3.0,   4.0,   7.0,   8.0, 0.0  ,  1.0,  0.0,  0.0,  0.0,  0.0, 0.0,  49.0,       ,      ,      ,        ,        ,        ,        ,        ,        ,        ,        ,      
beersed01, 1981,     1, CAL , NHL , L  ,  5.0,  1.0,   1.0,   2.0,  21.0, 0.0  ,  0.0,     ,  0.0,     ,  0.0, 0.0,   7.0,       ,      ,      ,        ,        ,        ,        ,        ,        ,        ,        ,      
beersed01, 1982,     1, CAL , NHL , L  , 41.0, 11.0,  15.0,  26.0,  21.0, 11.0 ,  2.0,     ,  0.0,     ,  2.0, 0.0,  72.0,    8.0,   1.0,   1.0,     2.0,    27.0,        ,     0.0,        ,     0.0,        ,     1.0,      
beersed01, 1983,     1, CAL , NHL , L  , 73.0, 36.0,  39.0,  75.0,  88.0, 7.0  , 16.0,     ,  0.0,     ,  4.0, 2.0, 189.0,   11.0,   2.0,   5.0,     7.0,    12.0, 5.0    ,     0.0,        ,     0.0,        ,     0.0,    32.0
beersed01, 1984,     1, CAL , NHL , L  , 74.0, 28.0,  40.0,  68.0,  94.0, 7.0  , 13.0,     ,  0.0,     ,  0.0, 0.0, 171.0,    3.0,   1.0,   0.0,     1.0,     0.0, -2.0   ,     1.0,        ,     0.0,        ,     0.0,     3.0
beersed01, 1985,     1, CAL , NHL , L  , 33.0, 11.0,  10.0,  21.0,   8.0, -3.0 ,  4.0,     ,  0.0,     ,  1.0, 0.0,  83.0,       ,      ,      ,        ,        ,        ,        ,        ,        ,        ,        ,      
beersed01, 1985,     2, STL , NHL , L  , 24.0,  7.0,  11.0,  18.0,  24.0, -3.0 ,  4.0,     ,  0.0,     ,  0.0, 0.0,  53.0,   19.0,   3.0,   4.0,     7.0,     8.0, -4.0   ,     2.0,        ,     0.0,        ,     1.0,    32.0
beginst01, 1997,     1, CAL , NHL , C  ,  5.0,  0.0,   0.0,   0.0,  23.0, 0.0  ,  0.0,  0.0,  0.0,  0.0,  0.0, 0.0,   2.0,       ,      ,      ,        ,        ,        ,        ,        ,        ,        ,        ,      
beginst01, 1999,     1, CAL , NHL , C  , 13.0,  1.0,   1.0,   2.0,  18.0, -3.0 ,  0.0,  0.0,  0.0,  0.0,  0.0, 0.0,   3.0,       ,      ,      ,        ,        ,        ,        ,        ,        ,        ,        ,      
beginst01, 2000,     1, CAL , NHL , C  ,  4.0,  0.0,   0.0,   0.0,  21.0, 0.0  ,  0.0,  0.0,  0.0,  0.0,  0.0, 0.0,   3.0,       ,      ,      ,        ,        ,        ,        ,        ,        ,        ,        ,      
beginst01, 2001,     1, CAL , NHL , C  , 51.0,  7.0,   5.0,  12.0,  79.0, -3.0 ,  1.0,  0.0,  0.0,  0.0,  0.0, 1.0,  65.0,       ,      ,      ,        ,        ,        ,        ,        ,        ,        ,        ,      
beginst01, 2002,     1, CAL , NHL , C  , 50.0,  3.0,   1.0,   4.0,  51.0, -7.0 ,  0.0,  0.0,  0.0,  0.0,  1.0, 0.0,  59.0,       ,      ,      ,        ,        ,        ,        ,        ,        ,        ,        ,      
beginst01, 2003,     1, MTL , NHL , C  , 52.0, 10.0,   5.0,  15.0,  41.0, 6.0  ,  0.0,  0.0,  1.0,  0.0,  1.0, 0.0,  91.0,    9.0,   0.0,   1.0,     1.0,    10.0, 0.0    ,     0.0,     0.0,     0.0,     0.0,     0.0,     9.0
beginst01, 2005,     1, MTL , NHL , C  , 76.0, 11.0,  12.0,  23.0, 113.0, 9.0  ,  1.0,  1.0,  2.0,  2.0,  2.0,    , 134.0,    2.0,   0.0,   0.0,     0.0,     2.0, -1.0   ,     0.0,     0.0,     0.0,     0.0,     0.0,     6.0
beginst01, 2006,     1, MTL , NHL , L  , 52.0,  5.0,   5.0,  10.0,  46.0, -6.0 ,  0.0,  0.0,  0.0,  2.0,  0.0,    ,  64.0,       ,      ,      ,        ,        ,        ,        ,        ,        ,        ,        ,      
beginst01, 2007,     1, MTL , NHL , L  , 44.0,  3.0,   5.0,   8.0,  48.0, 0.0  ,  0.0,  0.0,  0.0,  0.0,  0.0,    ,  67.0,   12.0,   0.0,   3.0,     3.0,     8.0, 1.0    ,     0.0,     0.0,     0.0,     0.0,     0.0,    21.0
beginst01, 2008,     1, MTL , NHL , L  , 42.0,  6.0,   4.0,  10.0,  27.0, -5.0 ,  0.0,  0.0,  0.0,  0.0,  1.0,    ,  65.0,       ,      ,      ,        ,        ,        ,        ,        ,        ,        ,        ,      
beginst01, 2008,     2, DAL , NHL , L  , 20.0,  1.0,   1.0,   2.0,  15.0, -1.0 ,  0.0,  0.0,  0.0,  0.0,  0.0,    ,  25.0,       ,      ,      ,        ,        ,        ,        ,        ,        ,        ,        ,      
beginst01, 2009,     1, BOS , NHL , C  , 77.0,  5.0,   9.0,  14.0,  53.0, -7.0 ,  0.0,  0.0,  1.0,  1.0,  2.0,    , 110.0,   13.0,   1.0,   0.0,     1.0,    10.0, -7.0   ,     0.0,     0.0,     0.0,     0.0,     0.0,    12.0
behlidi01, 1940,     1, DET , NHL , D  ,  3.0,  0.0,   0.0,   0.0,   0.0,      ,     ,     ,     ,     ,     ,    ,      ,       ,      ,      ,        ,        ,        ,        ,        ,        ,        ,        ,      
behlidi01, 1942,     1, DET , NHL , D  ,  2.0,  1.0,   0.0,   1.0,   2.0,      ,     ,     ,     ,     ,     ,    ,      ,       ,      ,      ,        ,        ,        ,        ,        ,        ,        ,        ,      
behrema01, 1983,     1, WIN , NHL , G  ,  6.0,  0.0,   0.0,   0.0,   0.0, 0.0  ,  0.0,     ,  0.0,     ,  0.0, 0.0,   0.0,    2.0,   0.0,   0.0,     0.0,     0.0, 0.0    ,     0.0,        ,     0.0,        ,     0.0,     0.0
behrema01, 1984,     1, WIN , NHL , G  , 24.0,  0.0,   0.0,   0.0,   0.0, 0.0  ,  0.0,     ,  0.0,     ,  0.0, 0.0,   0.0,    4.0,   0.0,   0.0,     0.0,     0.0, 0.0    ,     0.0,        ,     0.0,        ,     0.0,     0.0
behrema01, 1985,     1, WIN , NHL , G  ,  9.0,  0.0,   0.0,   0.0,   0.0, 0.0  ,  0.0,     ,  0.0,     ,  0.0, 0.0,   0.0,    1.0,   0.0,   0.0,     0.0,     0.0, 0.0    ,     0.0,        ,     0.0,        ,     0.0,     0.0
beislfr01, 1936,     1, NYA , NHL , D  ,  1.0,  0.0,   0.0,   0.0,   0.0,      ,     ,     ,     ,     ,     ,    ,      ,       ,      ,      ,        ,        ,        ,        ,        ,        ,        ,        ,      
beislfr01, 1939,     1, NYA , NHL , D  ,  1.0,  0.0,   0.0,   0.0,   0.0,      ,     ,     ,     ,     ,     ,    ,      ,       ,      ,      ,        ,        ,        ,        ,        ,        ,        ,        ,      
bekarde01, 1999,     1, STL , NHL , C  ,  1.0,  0.0,   0.0,   0.0,   0.0, 0.0  ,  0.0,  0.0,  0.0,  0.0,  0.0, 0.0,   0.0,       ,      ,      ,        ,        ,        ,        ,        ,        ,        ,        ,      
bekarde01, 2002,     1, LAK , NHL , L  ,  6.0,  0.0,   0.0,   0.0,   4.0, -1.0 ,  0.0,  0.0,  0.0,  0.0,  0.0, 0.0,   4.0,       ,      ,      ,        ,        ,        ,        ,        ,        ,        ,        ,      
bekarde01, 2003,     1, NYI , NHL , L  ,  4.0,  0.0,   0.0,   0.0,   2.0, 0.0  ,  0.0,  0.0,  0.0,  0.0,  0.0, 0.0,   3.0,       ,      ,      ,        ,        ,        ,        ,        ,        ,        ,        ,      
belakwa01, 1996,     1, COL , NHL , D  ,  5.0,  0.0,   0.0,   0.0,  11.0, -1.0 ,  0.0,  0.0,  0.0,  0.0,  0.0, 0.0,   1.0,       ,      ,      ,        ,        ,        ,        ,        ,        ,        ,        ,      
belakwa01, 1997,     1, COL , NHL , D  ,  8.0,  1.0,   1.0,   2.0,  27.0, -3.0 ,  0.0,  0.0,  0.0,  0.0,  1.0, 0.0,   2.0,       ,      ,      ,        ,        ,        ,        ,        ,        ,        ,        ,      
belakwa01, 1998,     1, COL , NHL , D  , 22.0,  0.0,   0.0,   0.0,  71.0, -2.0 ,  0.0,  0.0,  0.0,  0.0,  0.0, 0.0,   5.0,       ,      ,      ,        ,        ,        ,        ,        ,        ,        ,        ,      
belakwa01, 1998,     2, CAL , NHL , D  ,  9.0,  0.0,   1.0,   1.0,  23.0, 3.0  ,  0.0,  0.0,  0.0,  0.0,  0.0, 0.0,   2.0,       ,      ,      ,        ,        ,        ,        ,        ,        ,        ,        ,      
belakwa01, 1999,     1, CAL , NHL , D  , 40.0,  0.0,   2.0,   2.0, 122.0, -4.0 ,  0.0,  0.0,  0.0,  0.0,  0.0, 0.0,  11.0,       ,      ,      ,        ,        ,        ,        ,        ,        ,        ,        ,      
belakwa01, 2000,     1, CAL , NHL , D  , 23.0,  0.0,   0.0,   0.0,  79.0, -2.0 ,  0.0,  0.0,  0.0,  0.0,  0.0, 0.0,   8.0,       ,      ,      ,        ,        ,        ,        ,        ,        ,        ,        ,      
belakwa01, 2000,     2, TOR , NHL , D  , 16.0,  1.0,   1.0,   2.0,  31.0, -4.0 ,  0.0,  0.0,  0.0,  0.0,  0.0, 0.0,   8.0,       ,      ,      ,        ,        ,        ,        ,        ,        ,        ,        ,      
belakwa01, 2001,     1, TOR , NHL , D  , 63.0,  1.0,   3.0,   4.0, 142.0, 2.0  ,  0.0,  0.0,  0.0,  0.0,  0.0, 0.0,  47.0,   16.0,   1.0,   0.0,     1.0,    18.0, 4.0    ,     0.0,     0.0,     0.0,     0.0,     0.0,     6.0
belakwa01, 2002,     1, TOR , NHL , D  , 55.0,  3.0,   6.0,   9.0, 196.0, -2.0 ,  0.0,  0.0,  0.0,  0.0,  0.0, 0.0,  33.0,    2.0,   0.0,   0.0,     0.0,     4.0, -2.0   ,     0.0,     0.0,     0.0,     0.0,     0.0,     0.0
belakwa01, 2003,     1, TOR , NHL , D  , 34.0,  1.0,   1.0,   2.0, 109.0, 0.0  ,  0.0,  0.0,  0.0,  0.0,  0.0, 0.0,  15.0,    4.0,   0.0,   0.0,     0.0,    14.0, 0.0    ,     0.0,     0.0,     0.0,     0.0,     0.0,     0.0
belakwa01, 2005,     1, TOR , NHL , D  , 55.0,  0.0,   3.0,   3.0, 109.0, -13.0,  0.0,  0.0,  0.0,  0.0,  0.0,    ,  16.0,       ,      ,      ,        ,        ,        ,        ,        ,        ,        ,        ,      
belakwa01, 2006,     1, TOR , NHL , D  , 65.0,  0.0,   3.0,   3.0, 110.0, -8.0 ,  0.0,  0.0,  0.0,  0.0,  0.0,    ,  16.0,       ,      ,      ,        ,        ,        ,        ,        ,        ,        ,        ,      
belakwa01, 2007,     1, TOR , NHL , R  , 30.0,  1.0,   0.0,   1.0,  66.0, -2.0 ,  0.0,  0.0,  0.0,  0.0,  0.0,    ,  13.0,       ,      ,      ,        ,        ,        ,        ,        ,        ,        ,        ,      
belakwa01, 2007,     2, FLO , NHL , R  , 17.0,  0.0,   0.0,   0.0,  12.0, 0.0  ,  0.0,  0.0,  0.0,  0.0,  0.0,    ,   4.0,       ,      ,      ,        ,        ,        ,        ,        ,        ,        ,        ,      
belakwa01, 2008,     1, FLO , NHL , R  , 15.0,  0.0,   0.0,   0.0,  25.0, 0.0  ,  0.0,  0.0,  0.0,  0.0,  0.0,    ,   4.0,       ,      ,      ,        ,        ,        ,        ,        ,        ,        ,        ,      
belakwa01, 2008,     2, NAS , NHL , R  , 38.0,  0.0,   2.0,   2.0,  54.0, -1.0 ,  0.0,  0.0,  0.0,  0.0,  0.0,    ,  15.0,       ,      ,      ,        ,        ,        ,        ,        ,        ,        ,        ,      
belakwa01, 2009,     1, NAS , NHL , D  , 39.0,  0.0,   2.0,   2.0,  58.0, 0.0  ,  0.0,  0.0,  0.0,  0.0,  0.0,    ,   8.0,       ,      ,      ,        ,        ,        ,        ,        ,        ,        ,        ,      
belanal01, 1977,     1, TOR , NHL , R  ,  9.0,  0.0,   1.0,   1.0,   6.0, 0.0  ,  0.0,     ,  0.0,     ,  0.0, 0.0,   2.0,       ,      ,      ,        ,        ,        ,        ,        ,        ,        ,        ,      
belaner01, 2000,     1, LAK , NHL , C  , 62.0,  9.0,  12.0,  21.0,  16.0, 14.0 ,  1.0,  1.0,  2.0,  0.0,  1.0, 0.0,  80.0,   13.0,   1.0,   4.0,     5.0,     2.0, 3.0    ,     0.0,     1.0,     0.0,     0.0,     1.0,    18.0
belaner01, 2001,     1, LAK , NHL , C  , 53.0,  8.0,  16.0,  24.0,  21.0, 2.0  ,  2.0,  6.0,  1.0,  0.0,  1.0, 0.0,  67.0,    7.0,   0.0,   0.0,     0.0,     4.0, -5.0   ,     0.0,     0.0,     0.0,     0.0,     0.0,     7.0
belaner01, 2002,     1, LAK , NHL , C  , 62.0, 16.0,  19.0,  35.0,  26.0, -5.0 ,  0.0,  4.0,  3.0,  0.0,  1.0, 0.0, 114.0,       ,      ,      ,        ,        ,        ,        ,        ,        ,        ,        ,      
belaner01, 2003,     1, LAK , NHL , C  , 81.0, 13.0,  20.0,  33.0,  44.0, -16.0,  0.0,  3.0,  1.0,  1.0,  2.0, 0.0, 132.0,       ,      ,      ,        ,        ,        ,        ,        ,        ,        ,        ,      
belaner01, 2005,     1, LAK , NHL , C  , 65.0, 17.0,  20.0,  37.0,  62.0, -5.0 ,  5.0,  2.0,  0.0,  1.0,  1.0,    , 119.0,       ,      ,      ,        ,        ,        ,        ,        ,        ,        ,        ,      
belaner01, 2006,     1, CAR , NHL , C  , 56.0,  8.0,  12.0,  20.0,  14.0, -2.0 ,  3.0,  2.0,  0.0,  0.0,  1.0,    , 100.0,       ,      ,      ,        ,        ,        ,        ,        ,        ,        ,        ,      
belaner01, 2006,     2, ATL , NHL , C  , 24.0,  9.0,   6.0,  15.0,  12.0, 0.0  ,  1.0,  0.0,  0.0,  0.0,  0.0,    ,  49.0,    4.0,   1.0,   0.0,     1.0,    12.0, -6.0   ,     1.0,     0.0,     0.0,     0.0,     0.0,     3.0
belaner01, 2007,     1, MIN , NHL , C  , 75.0, 13.0,  24.0,  37.0,  30.0, -6.0 ,  7.0,  7.0,  1.0,  0.0,  3.0,    , 115.0,    6.0,   0.0,   0.0,     0.0,     4.0, -1.0   ,     0.0,     0.0,     0.0,     0.0,     0.0,     9.0
belaner01, 2008,     1, MIN , NHL , C  , 79.0, 13.0,  23.0,  36.0,  26.0, -5.0 ,  4.0,  9.0,  0.0,  2.0,  4.0,    , 147.0,       ,      ,      ,        ,        ,        ,        ,        ,        ,        ,        ,      
belaner01, 2009,     1, MIN , NHL , C  , 60.0, 13.0,  22.0,  35.0,  28.0, -1.0 ,  3.0,  6.0,  0.0,  0.0,  3.0,    , 120.0,       ,      ,      ,        ,        ,        ,        ,        ,        ,        ,        ,      
belaner01, 2009,     2, WAS , NHL , C  , 17.0,  2.0,   4.0,   6.0,   4.0, 3.0  ,  0.0,  0.0,  0.0,  0.0,  0.0,    ,  31.0,    7.0,   0.0,   1.0,     1.0,     4.0, 0.0    ,     0.0,     0.0,     0.0,     0.0,     0.0,     6.0
belanfr01, 2000,     1, MTL , NHL , L  , 10.0,  0.0,   0.0,   0.0,  29.0, -3.0 ,  0.0,  0.0,  0.0,  0.0,  0.0, 0.0,   2.0,       ,      ,      ,        ,        ,        ,        ,        ,        ,        ,        ,      
belanje01, 1991,     1, MTL , NHL , C  ,  4.0,  0.0,   0.0,   0.0,   0.0, -1.0 ,  0.0,  0.0,  0.0,  0.0,  0.0, 0.0,   4.0,       ,      ,      ,        ,        ,        ,        ,        ,        ,        ,        ,      
belanje01, 1992,     1, MTL , NHL , C  , 19.0,  4.0,   2.0,   6.0,   4.0, 1.0  ,  0.0,  0.0,  0.0,  0.0,  0.0, 0.0,  24.0,    9.0,   0.0,   1.0,     1.0,     0.0, -2.0   ,     0.0,     0.0,     0.0,     0.0,     0.0,     6.0
belanje01, 1993,     1, FLO , NHL , C  , 70.0, 17.0,  33.0,  50.0,  16.0, -4.0 , 11.0, 12.0,  0.0,  0.0,  3.0, 1.0, 104.0,       ,      ,      ,        ,        ,        ,        ,        ,        ,        ,        ,      
belanje01, 1994,     1, FLO , NHL , C  , 47.0, 15.0,  14.0,  29.0,  18.0, -5.0 ,  6.0,  8.0,  0.0,  0.0,  3.0, 1.0,  89.0,       ,      ,      ,        ,        ,        ,        ,        ,        ,        ,        ,      
belanje01, 1995,     1, FLO , NHL , C  , 63.0, 17.0,  21.0,  38.0,  10.0, -5.0 ,  7.0, 13.0,  0.0,  0.0,  1.0, 0.0, 140.0,       ,      ,      ,        ,        ,        ,        ,        ,        ,        ,        ,      
belanje01, 1995,     2, VAN , NHL , C  ,  9.0,  3.0,   0.0,   3.0,   4.0, 0.0  ,  1.0,  0.0,  0.0,  0.0,  1.0, 0.0,  11.0,    3.0,   0.0,   2.0,     2.0,     2.0, 0.0    ,     0.0,     0.0,     0.0,     0.0,     0.0,     3.0
belanje01, 1996,     1, EDM , NHL , C  ,  6.0,  0.0,   0.0,   0.0,   0.0, -3.0 ,  0.0,  0.0,  0.0,  0.0,  0.0, 0.0,   8.0,       ,      ,      ,        ,        ,        ,        ,        ,        ,        ,        ,      
belanje01, 1999,     1, MTL , NHL , C  , 16.0,  3.0,   6.0,   9.0,   2.0, 2.0  ,  0.0,  1.0,  0.0,  0.0,  0.0, 0.0,  21.0,       ,      ,      ,        ,        ,        ,        ,        ,        ,        ,        ,      
belanje01, 2000,     1, NYI , NHL , C  , 12.0,  0.0,   0.0,   0.0,   2.0, -5.0 ,  0.0,  0.0,  0.0,  0.0,  0.0, 0.0,   7.0,       ,      ,      ,        ,        ,        ,        ,        ,        ,        ,        ,      
belanke01, 1994,     1, TOR , NHL , L  ,  3.0,  0.0,   0.0,   0.0,   9.0, 0.0  ,  0.0,  0.0,  0.0,  0.0,  0.0, 0.0,   1.0,       ,      ,      ,        ,        ,        ,        ,        ,        ,        ,        ,      
belanke01, 1995,     1, NYI , NHL , L  ,  7.0,  0.0,   0.0,   0.0,  27.0, -2.0 ,  0.0,  0.0,  0.0,  0.0,  0.0, 0.0,   0.0,       ,      ,      ,        ,        ,        ,        ,        ,        ,        ,        ,      
belanke01, 1996,     1, NYI , NHL , L  , 18.0,  0.0,   2.0,   2.0, 102.0, -1.0 ,  0.0,  0.0,  0.0,  0.0,  0.0, 0.0,   5.0,       ,      ,      ,        ,        ,        ,        ,        ,        ,        ,        ,      
belanke01, 1997,     1, NYI , NHL , L  , 37.0,  3.0,   1.0,   4.0, 101.0, 1.0  ,  0.0,  0.0,  0.0,  0.0,  1.0, 0.0,  10.0,       ,      ,      ,        ,        ,        ,        ,        ,        ,        ,        ,      
belanke01, 1998,     1, NYI , NHL , L  ,  9.0,  1.0,   1.0,   2.0,  30.0, 1.0  ,  0.0,  0.0,  0.0,  0.0,  0.0, 0.0,   3.0,       ,      ,      ,        ,        ,        ,        ,        ,        ,        ,        ,      
belanke01, 1998,     2, BOS , NHL , L  , 45.0,  1.0,   4.0,   5.0, 152.0, -2.0 ,  0.0,  0.0,  0.0,  0.0,  0.0, 0.0,  16.0,   12.0,   1.0,   0.0,     1.0,    16.0, 2.0    ,     0.0,     0.0,     0.0,     0.0,     0.0,     7.0
belanke01, 1999,     1, BOS , NHL , L  , 37.0,  2.0,   2.0,   4.0,  44.0, -4.0 ,  0.0,  0.0,  0.0,  0.0,  0.0, 0.0,  20.0,       ,      ,      ,        ,        ,        ,        ,        ,        ,        ,        ,      
belanke01, 2000,     1, BOS , NHL , L  , 40.0,  2.0,   2.0,   4.0, 121.0, -6.0 ,  0.0,  0.0,  0.0,  0.0,  1.0, 0.0,  35.0,       ,      ,      ,        ,        ,        ,        ,        ,        ,        ,        ,      
belanke01, 2001,     1, LAK , NHL , L  , 43.0,  2.0,   0.0,   2.0,  85.0, -5.0 ,  0.0,  0.0,  0.0,  0.0,  0.0, 0.0,  22.0,       ,      ,      ,        ,        ,        ,        ,        ,        ,        ,        ,      
belanke01, 2002,     1, LAK , NHL , L  ,  4.0,  0.0,   0.0,   0.0,  17.0, 0.0  ,  0.0,  0.0,  0.0,  0.0,  0.0, 0.0,   0.0,       ,      ,      ,        ,        ,        ,        ,        ,        ,        ,        ,      
belanke01, 2005,     1, LAK , NHL , L  ,  5.0,  0.0,   0.0,   0.0,   7.0, -1.0 ,  0.0,  0.0,  0.0,  0.0,  0.0,    ,   0.0,       ,      ,      ,        ,        ,        ,        ,        ,        ,        ,        ,      
belanro01, 1984,     1, PIT , NHL , R  , 44.0,  3.0,   5.0,   8.0,  32.0, -13.0,  0.0,     ,  0.0,     ,  0.0, 0.0,  65.0,       ,      ,      ,        ,        ,        ,        ,        ,        ,        ,        ,      
belanyv01, 1974,     1, STL , NHL , G  , 11.0,  0.0,   1.0,   1.0,   0.0, 0.0  ,  0.0,     ,  0.0,     ,  0.0, 0.0,   0.0,       ,      ,      ,        ,        ,        ,        ,        ,        ,        ,        ,      
belanyv01, 1975,     1, STL , NHL , G  , 31.0,  0.0,   2.0,   2.0,   4.0, 0.0  ,  0.0,     ,  0.0,     ,  0.0, 0.0,   0.0,       ,      ,      ,        ,        ,        ,        ,        ,        ,        ,        ,      
belanyv01, 1976,     1, STL , NHL , G  ,  3.0,  0.0,   1.0,   1.0,   0.0, 0.0  ,  0.0,     ,  0.0,     ,  0.0, 0.0,   0.0,       ,      ,      ,        ,        ,        ,        ,        ,        ,        ,        ,      
belanyv01, 1977,     1, STL , NHL , G  ,  3.0,  0.0,   0.0,   0.0,   0.0, 0.0  ,  0.0,     ,  0.0,     ,  0.0, 0.0,   0.0,       ,      ,      ,        ,        ,        ,        ,        ,        ,        ,        ,      
belanyv01, 1977,     2, ATF , NHL , G  , 17.0,  0.0,   1.0,   1.0,   0.0, 0.0  ,  0.0,     ,  0.0,     ,  0.0, 0.0,   0.0,       ,      ,      ,        ,        ,        ,        ,        ,        ,        ,        ,      
belanyv01, 1978,     1, ATF , NHL , G  ,  5.0,  0.0,   0.0,   0.0,   0.0, 0.0  ,  0.0,     ,  0.0,     ,  0.0, 0.0,   0.0,       ,      ,      ,        ,        ,        ,        ,        ,        ,        ,        ,      
belanyv01, 1979,     1, BOS , NHL , G  ,  8.0,  0.0,   0.0,   0.0,   0.0, 0.0  ,  0.0,     ,  0.0,     ,  0.0, 0.0,   0.0,       ,      ,      ,        ,        ,        ,        ,        ,        ,        ,        ,      
belesma01, 2008,     1, AND , NHL , L  ,  2.0,  0.0,   0.0,   0.0,   0.0, 0.0  ,  0.0,  0.0,  0.0,  0.0,  0.0,    ,   0.0,       ,      ,      ,        ,        ,        ,        ,        ,        ,        ,        ,      
belesma01, 2009,     1, AND , NHL , L  , 60.0, 11.0,   7.0,  18.0,  35.0, -10.0,  0.0,  0.0,  0.0,  0.0,  3.0,    , 123.0,       ,      ,      ,        ,        ,        ,        ,        ,        ,        ,        ,      
belfoed01, 1988,     1, CHI , NHL , G  , 23.0,  0.0,   1.0,   1.0,   6.0, 0.0  ,  0.0,     ,  0.0,     ,  0.0, 0.0,   0.0,       ,      ,      ,        ,        ,        ,        ,        ,        ,        ,        ,      
belfoed01, 1989,     1, CHI , NHL , G  ,     ,     ,      ,      ,      ,      ,     ,     ,     ,     ,     ,    ,      ,    9.0,   0.0,   1.0,     1.0,     6.0, 0.0    ,     0.0,        ,     0.0,        ,     0.0,     0.0
belfoed01, 1990,     1, CHI , NHL , G  , 74.0,  0.0,   3.0,   3.0,  34.0, 0.0  ,  0.0,     ,  0.0,     ,  0.0, 0.0,   0.0,    6.0,   0.0,   0.0,     0.0,     6.0, 0.0    ,     0.0,     0.0,     0.0,     0.0,     0.0,     0.0
belfoed01, 1991,     1, CHI , NHL , G  , 52.0,  0.0,   2.0,   2.0,  38.0, 0.0  ,  0.0,  0.0,  0.0,  0.0,  0.0, 0.0,   0.0,   18.0,   0.0,   0.0,     0.0,     0.0, 0.0    ,     0.0,     0.0,     0.0,     0.0,     0.0,     0.0
belfoed01, 1992,     1, CHI , NHL , G  , 71.0,  0.0,   3.0,   3.0,  28.0, 0.0  ,  0.0,  1.0,  0.0,  0.0,  0.0, 0.0,   0.0,    4.0,   0.0,   0.0,     0.0,     2.0, 0.0    ,     0.0,     0.0,     0.0,     0.0,     0.0,     0.0
belfoed01, 1993,     1, CHI , NHL , G  , 70.0,  0.0,   4.0,   4.0,  61.0, 0.0  ,  0.0,  1.0,  0.0,  1.0,  0.0, 0.0,   0.0,    6.0,   0.0,   0.0,     0.0,     2.0, 0.0    ,     0.0,     0.0,     0.0,     0.0,     0.0,     0.0
belfoed01, 1994,     1, CHI , NHL , G  , 42.0,  0.0,   3.0,   3.0,  11.0, 0.0  ,  0.0,  1.0,  0.0,  0.0,  0.0, 0.0,   0.0,   16.0,   0.0,   0.0,     0.0,     6.0, 0.0    ,     0.0,     0.0,     0.0,     0.0,     0.0,     0.0
belfoed01, 1995,     1, CHI , NHL , G  , 50.0,  0.0,   2.0,   2.0,  36.0, 0.0  ,  0.0,  1.0,  0.0,  0.0,  0.0, 0.0,   0.0,    9.0,   0.0,   0.0,     0.0,     4.0, 0.0    ,     0.0,     0.0,     0.0,     0.0,     0.0,     0.0
belfoed01, 1996,     1, CHI , NHL , G  , 33.0,  0.0,   0.0,   0.0,  26.0, 0.0  ,  0.0,  0.0,  0.0,  0.0,  0.0, 0.0,   0.0,       ,      ,      ,        ,        ,        ,        ,        ,        ,        ,        ,      
belfoed01, 1996,     2, SJS , NHL , G  , 13.0,  0.0,   0.0,   0.0,   8.0, 0.0  ,  0.0,  0.0,  0.0,  0.0,  0.0, 0.0,   0.0,       ,      ,      ,        ,        ,        ,        ,        ,        ,        ,        ,      
belfoed01, 1997,     1, DAL , NHL , G  , 61.0,  0.0,   0.0,   0.0,  18.0, 0.0  ,  0.0,  0.0,  0.0,  0.0,  0.0, 0.0,   0.0,   17.0,   0.0,   0.0,     0.0,    18.0, 0.0    ,     0.0,     0.0,     0.0,     0.0,     0.0,     0.0
belfoed01, 1998,     1, DAL , NHL , G  , 61.0,  0.0,   0.0,   0.0,  26.0, 0.0  ,  0.0,  0.0,  0.0,  0.0,  0.0, 0.0,   0.0,   23.0,   0.0,   0.0,     0.0,     4.0, 0.0    ,     0.0,     0.0,     0.0,     0.0,     0.0,     0.0
belfoed01, 1999,     1, DAL , NHL , G  , 62.0,  0.0,   3.0,   3.0,  10.0, 0.0  ,  0.0,  0.0,  0.0,  1.0,  0.0, 0.0,   0.0,   23.0,   0.0,   0.0,     0.0,     8.0, 0.0    ,     0.0,     0.0,     0.0,     0.0,     0.0,     0.0
belfoed01, 2000,     1, DAL , NHL , G  , 63.0,  0.0,   1.0,   1.0,   4.0, 0.0  ,  0.0,  1.0,  0.0,  0.0,  0.0, 0.0,   0.0,   10.0,   0.0,   0.0,     0.0,     6.0, 0.0    ,     0.0,     0.0,     0.0,     0.0,     0.0,     0.0
belfoed01, 2001,     1, DAL , NHL , G  , 60.0,  0.0,   5.0,   5.0,  12.0, 0.0  ,  0.0,  1.0,  0.0,  1.0,  0.0, 0.0,   0.0,       ,      ,      ,        ,        ,        ,        ,        ,        ,        ,        ,      
belfoed01, 2002,     1, TOR , NHL , G  , 62.0,  0.0,   2.0,   2.0,  24.0, 0.0  ,  0.0,  1.0,  0.0,  1.0,  0.0, 0.0,   0.0,    7.0,   0.0,   0.0,     0.0,     4.0, 0.0    ,     0.0,     0.0,     0.0,     0.0,     0.0,     0.0
belfoed01, 2003,     1, TOR , NHL , G  , 59.0,  0.0,   2.0,   2.0,  16.0, 0.0  ,  0.0,  1.0,  0.0,  0.0,  0.0, 0.0,   0.0,   13.0,   0.0,   0.0,     0.0,     8.0, 0.0    ,     0.0,     0.0,     0.0,     0.0,     0.0,     0.0
belfoed01, 2005,     1, TOR , NHL , G  , 49.0,  0.0,   1.0,   1.0,  12.0, 0.0  ,  0.0,  0.0,  0.0,  0.0,  0.0,    ,   0.0,       ,      ,      ,        ,        ,        ,        ,        ,        ,        ,        ,      
belfoed01, 2006,     1, FLO , NHL , G  , 58.0,  0.0,   2.0,   2.0,  10.0, 0.0  ,  0.0,  2.0,  0.0,  0.0,  0.0,    ,   0.0,       ,      ,      ,        ,        ,        ,        ,        ,        ,        ,        ,      
belhumi01, 1972,     1, PHI , NHL , G  , 23.0,  0.0,   1.0,   1.0,   2.0, 0.0  ,  0.0,     ,  0.0,     ,  0.0, 0.0,   0.0,    1.0,   0.0,   0.0,     0.0,     0.0,        ,     0.0,        ,     0.0,        ,     0.0,      
belhumi01, 1974,     1, WAS , NHL , G  , 35.0,  0.0,   2.0,   2.0,  10.0, 0.0  ,  0.0,     ,  0.0,     ,  0.0, 0.0,   0.0,       ,      ,      ,        ,        ,        ,        ,        ,        ,        ,        ,      
belhumi01, 1975,     1, WAS , NHL , G  ,  7.0,  0.0,   1.0,   1.0,   0.0, 0.0  ,  0.0,     ,  0.0,     ,  0.0, 0.0,   0.0,       ,      ,      ,        ,        ,        ,        ,        ,        ,        ,        ,      
belisda01, 1960,     1, NYR , NHL , R  ,  4.0,  2.0,   0.0,   2.0,   0.0,      ,     ,     ,     ,     ,     ,    ,      ,       ,      ,      ,        ,        ,        ,        ,        ,        ,        ,        ,      
belivje01, 1950,     1, MTL , NHL , C  ,  2.0,  1.0,   1.0,   2.0,   0.0,      ,     ,     ,     ,     ,     ,    ,      ,       ,      ,      ,        ,        ,        ,        ,        ,        ,        ,        ,      
belivje01, 1952,     1, MTL , NHL , C  ,  3.0,  5.0,   0.0,   5.0,   0.0,      ,     ,     ,     ,     ,     ,    ,      ,       ,      ,      ,        ,        ,        ,        ,        ,        ,        ,        ,      
belivje01, 1953,     1, MTL , NHL , C  , 44.0, 13.0,  21.0,  34.0,  22.0,      ,     ,     ,     ,     ,     ,    ,      ,   10.0,   2.0,   8.0,    10.0,     4.0,        ,        ,        ,        ,        ,        ,      
belivje01, 1954,     1, MTL , NHL , C  , 70.0, 37.0,  36.0,  73.0,  58.0,      ,     ,     ,     ,     ,     ,    ,      ,   12.0,   6.0,   7.0,    13.0,    18.0,        ,        ,        ,        ,        ,        ,      
belivje01, 1955,     1, MTL , NHL , C  , 70.0, 47.0,  41.0,  88.0, 143.0,      ,     ,     ,     ,     ,     ,    ,      ,   10.0,  12.0,   7.0,    19.0,    22.0,        ,        ,        ,        ,        ,        ,      
belivje01, 1956,     1, MTL , NHL , C  , 69.0, 33.0,  51.0,  84.0, 105.0,      ,     ,     ,     ,     ,     ,    ,      ,   10.0,   6.0,   6.0,    12.0,    15.0,        ,        ,        ,        ,        ,        ,      
belivje01, 1957,     1, MTL , NHL , C  , 55.0, 27.0,  32.0,  59.0,  93.0,      ,     ,     ,     ,     ,     ,    ,      ,   10.0,   4.0,   8.0,    12.0,    10.0,        ,        ,        ,        ,        ,        ,      
belivje01, 1958,     1, MTL , NHL , C  , 64.0, 45.0,  46.0,  91.0,  67.0,      ,     ,     ,     ,     ,     ,    ,      ,    3.0,   1.0,   4.0,     5.0,     4.0,        ,        ,        ,        ,        ,        ,      
belivje01, 1959,     1, MTL , NHL , C  , 60.0, 34.0,  40.0,  74.0,  57.0,      ,     ,     ,     ,     ,     ,    ,      ,    8.0,   5.0,   2.0,     7.0,     6.0,        ,        ,        ,        ,        ,        ,      
belivje01, 1960,     1, MTL , NHL , C  , 69.0, 32.0,  58.0,  90.0,  57.0,      ,     ,     ,     ,     ,     ,    ,      ,    6.0,   0.0,   5.0,     5.0,     0.0,        ,        ,        ,        ,        ,     0.0,      
belivje01, 1961,     1, MTL , NHL , C  , 43.0, 18.0,  23.0,  41.0,  36.0,      ,     ,     ,     ,     ,     ,    ,      ,    6.0,   2.0,   1.0,     3.0,     4.0,        ,        ,        ,        ,        ,     1.0,      
belivje01, 1962,     1, MTL , NHL , C  , 69.0, 18.0,  49.0,  67.0,  68.0,      ,     ,     ,     ,     ,     ,    ,      ,    5.0,   2.0,   1.0,     3.0,     2.0,        ,        ,        ,        ,        ,     0.0,      
belivje01, 1963,     1, MTL , NHL , C  , 68.0, 28.0,  50.0,  78.0,  42.0,      , 13.0,     ,  0.0,     ,  2.0, 0.0,      ,    5.0,   2.0,   0.0,     2.0,    18.0,        ,        ,        ,        ,        ,     0.0,      
belivje01, 1964,     1, MTL , NHL , C  , 58.0, 20.0,  23.0,  43.0,  76.0,      ,  9.0,     ,  0.0,     ,  1.0, 1.0,      ,   13.0,   8.0,   8.0,    16.0,    34.0,        ,        ,        ,        ,        ,     4.0,      
belivje01, 1965,     1, MTL , NHL , C  , 67.0, 29.0,  48.0,  77.0,  50.0,      , 13.0,     ,  0.0,     ,  7.0, 0.0,      ,   10.0,   5.0,   5.0,    10.0,     6.0,        ,        ,        ,        ,        ,     1.0,      
belivje01, 1966,     1, MTL , NHL , C  , 53.0, 12.0,  26.0,  38.0,  22.0,      ,  2.0,     ,  0.0,     ,  0.0, 0.0,      ,   10.0,   6.0,   5.0,    11.0,    26.0,        ,        ,        ,        ,        ,     0.0,      
belivje01, 1967,     1, MTL , NHL , C  , 59.0, 31.0,  37.0,  68.0,  28.0, 27.0 ,  9.0,     ,  0.0,     ,  3.0, 3.0, 206.0,   10.0,   7.0,   4.0,    11.0,     6.0,        ,     3.0,        ,     0.0,        ,     1.0,      
belivje01, 1968,     1, MTL , NHL , C  , 69.0, 33.0,  49.0,  82.0,  55.0, 15.0 ,  7.0,     ,  0.0,     ,  5.0, 0.0, 235.0,   14.0,   5.0,  10.0,    15.0,     8.0,        ,     1.0,        ,     0.0,        ,     1.0,      
belivje01, 1969,     1, MTL , NHL , C  , 63.0, 19.0,  30.0,  49.0,  10.0, 1.0  ,  3.0,     ,  0.0,     ,  1.0, 0.0, 169.0,       ,      ,      ,        ,        ,        ,        ,        ,        ,        ,        ,      
belivje01, 1970,     1, MTL , NHL , C  , 70.0, 25.0,  51.0,  76.0,  40.0, 24.0 ,  7.0,     ,  0.0,     ,  4.0, 0.0, 172.0,   20.0,   6.0,  16.0,    22.0,    28.0,        ,     2.0,        ,     0.0,        ,     0.0,      
belivma01, 1914,     1, MOC , NHA ,    ,  1.0,  0.0,   0.0,   0.0,   0.0,      ,     ,     ,     ,     ,     ,    ,      ,       ,      ,      ,        ,        ,        ,        ,        ,        ,        ,        ,      
bellane01, 1981,     1, VAN , NHL , D  , 28.0,  3.0,   6.0,   9.0,  16.0, -1.0 ,  1.0,     ,  0.0,     ,  0.0, 1.0,  33.0,   17.0,   1.0,   7.0,     8.0,    16.0,        ,     1.0,        ,     0.0,        ,     0.0,      
bellane01, 1982,     1, VAN , NHL , D  , 14.0,  2.0,   4.0,   6.0,   4.0, -4.0 ,  0.0,     ,  0.0,     ,  0.0, 0.0,  13.0,       ,      ,      ,        ,        ,        ,        ,        ,        ,        ,        ,      
bellane01, 1983,     1, VAN , NHL , D  , 44.0,  7.0,  13.0,  20.0,  24.0, -8.0 ,  2.0,     ,  0.0,     ,  0.0, 0.0,  84.0,    4.0,   1.0,   2.0,     3.0,     7.0, 1.0    ,     0.0,        ,     0.0,        ,     1.0,     6.0
bellane01, 1984,     1, VAN , NHL , D  , 13.0,  0.0,   6.0,   6.0,   6.0, -4.0 ,  0.0,     ,  0.0,     ,  0.0, 0.0,  22.0,       ,      ,      ,        ,        ,        ,        ,        ,        ,        ,        ,      
bellane01, 1985,     1, VAN , NHL , D  ,  7.0,  1.0,   2.0,   3.0,   4.0, -2.0 ,  1.0,     ,  0.0,     ,  1.0, 0.0,  10.0,       ,      ,      ,        ,        ,        ,        ,        ,        ,        ,        ,      
bellane01, 1986,     1, PIT , NHL , D  ,  3.0,  0.0,   1.0,   1.0,   0.0, 0.0  ,  0.0,     ,  0.0,     ,  0.0, 0.0,   4.0,       ,      ,      ,        ,        ,        ,        ,        ,        ,        ,        ,      
bellawa01, 1909,     1, MOS , NHA ,    ,  8.0,  3.0,   0.0,   3.0,   2.0,      ,     ,     ,     ,     ,     ,    ,      ,       ,      ,      ,        ,        ,        ,        ,        ,        ,        ,        ,      
bellbi01 , 1913,     1, MOW , NHA ,    ,  2.0,  1.0,   0.0,   1.0,   0.0,      ,     ,     ,     ,     ,     ,    ,      ,       ,      ,      ,        ,        ,        ,        ,        ,        ,        ,        ,      
bellbi01 , 1914,     1, OT1 , NHA ,    , 11.0,  1.0,   0.0,   1.0,  17.0,      ,     ,     ,     ,     ,     ,    ,      ,       ,      ,      ,        ,        ,        ,        ,        ,        ,        ,        ,      
bellbi01 , 1915,     1, MOW , NHA ,    , 22.0,  7.0,   2.0,   9.0,  78.0,      ,     ,     ,     ,     ,     ,    ,      ,       ,      ,      ,        ,        ,        ,        ,        ,        ,        ,        ,      
bellbi01 , 1916,     1, MOW , NHA ,    , 13.0, 11.0,   1.0,  12.0,  47.0,      ,     ,     ,     ,     ,     ,    ,      ,       ,      ,      ,        ,        ,        ,        ,        ,        ,        ,        ,      
bellbi01 , 1917,     1, MTW , NHL , F  ,  2.0,  1.0,   0.0,   1.0,   0.0,      ,     ,     ,     ,     ,  0.0,    ,      ,       ,      ,      ,        ,        ,        ,        ,        ,        ,        ,        ,      
bellbi01 , 1917,     2, MTL , NHL , F  ,  6.0,  0.0,   0.0,   0.0,   6.0,      ,     ,     ,     ,     ,  0.0,    ,      ,       ,      ,      ,        ,        ,        ,        ,        ,        ,        ,        ,      
bellbi01 , 1918,     1, MTL , NHL , F  ,  1.0,  0.0,   0.0,   0.0,   0.0,      ,     ,     ,     ,     ,     ,    ,      ,       ,      ,      ,        ,        ,        ,        ,        ,        ,        ,        ,      
bellbi01 , 1920,     1, MTL , NHL , F  ,  4.0,  0.0,   0.0,   0.0,   2.0,      ,     ,     ,     ,     ,     ,    ,      ,       ,      ,      ,        ,        ,        ,        ,        ,        ,        ,        ,      
bellbi01 , 1921,     1, MTL , NHL , F  ,  6.0,  1.0,   0.0,   1.0,   0.0,      ,     ,     ,     ,     ,     ,    ,      ,       ,      ,      ,        ,        ,        ,        ,        ,        ,        ,        ,      
bellbi01 , 1921,     2, OTS , NHL , F  , 17.0,  1.0,   2.0,   3.0,   4.0,      ,     ,     ,     ,     ,     ,    ,      ,    1.0,   0.0,   0.0,     0.0,     0.0,        ,        ,        ,        ,        ,        ,      
bellbi01 , 1922,     1, MTL , NHL , F  , 19.0,  0.0,   0.0,   0.0,   2.0,      ,     ,     ,     ,     ,     ,    ,      ,    2.0,   0.0,   0.0,     0.0,     0.0,        ,        ,        ,        ,        ,        ,      
bellbi01 , 1923,     1, MTL , NHL , F  , 11.0,  0.0,   0.0,   0.0,   0.0,      ,     ,     ,     ,     ,     ,    ,      ,    2.0,   0.0,   0.0,     0.0,     0.0,        ,        ,        ,        ,        ,        ,      
bellbr01 , 1984,     1, QUE , NHL , D  , 75.0,  6.0,  31.0,  37.0,  44.0, 32.0 ,  2.0,     ,  0.0,     ,  1.0, 0.0, 116.0,   16.0,   2.0,   2.0,     4.0,    21.0, -2.0   ,     1.0,        ,     0.0,        ,     0.0,    11.0
bellbr01 , 1985,     1, STL , NHL , D  , 75.0,  2.0,  18.0,  20.0,  43.0, 2.0  ,  2.0,     ,  0.0,     ,  0.0, 0.0,  96.0,   14.0,   0.0,   2.0,     2.0,    13.0, -5.0   ,     0.0,        ,     0.0,        ,     0.0,    11.0
bellbr01 , 1986,     1, STL , NHL , D  , 45.0,  3.0,  13.0,  16.0,  18.0, 3.0  ,  1.0,     ,  0.0,     ,  0.0, 0.0,  50.0,    4.0,   1.0,   1.0,     2.0,     7.0, -1.0   ,     0.0,        ,     0.0,        ,     0.0,     6.0
bellbr01 , 1987,     1, NYR , NHL , D  , 13.0,  1.0,   2.0,   3.0,   8.0, -10.0,  0.0,  2.0,  0.0,  0.0,  1.0, 0.0,  12.0,       ,      ,      ,        ,        ,        ,        ,        ,        ,        ,        ,      
bellbr01 , 1989,     1, EDM , NHL , D  ,  1.0,  0.0,   0.0,   0.0,   0.0, 0.0  ,  0.0,  0.0,  0.0,  0.0,  0.0, 0.0,   1.0,       ,      ,      ,        ,        ,        ,        ,        ,        ,        ,        ,      
bellbr02 , 2005,     1, TOR , NHL , D  ,  1.0,  0.0,   0.0,   0.0,   0.0, 0.0  ,  0.0,  0.0,  0.0,  0.0,  0.0,    ,   2.0,       ,      ,      ,        ,        ,        ,        ,        ,        ,        ,        ,      
bellbr02 , 2006,     1, TOR , NHL , D  , 31.0,  1.0,   4.0,   5.0,  19.0, -3.0 ,  1.0,  0.0,  0.0,  0.0,  0.0,    ,  29.0,       ,      ,      ,        ,        ,        ,        ,        ,        ,        ,        ,      
bellbr02 , 2006,     2, PHO , NHL , D  , 14.0,  0.0,   2.0,   2.0,   8.0, -8.0 ,  0.0,  1.0,  0.0,  0.0,  0.0,    ,  18.0,       ,      ,      ,        ,        ,        ,        ,        ,        ,        ,        ,      
bellbr02 , 2007,     1, PHO , NHL , D  ,  2.0,  0.0,   0.0,   0.0,   0.0, -2.0 ,  0.0,  0.0,  0.0,  0.0,  0.0,    ,   0.0,       ,      ,      ,        ,        ,        ,        ,        ,        ,        ,        ,      
bellbr02 , 2008,     1, OTT , NHL , D  , 53.0,  6.0,  15.0,  21.0,  24.0, -5.0 ,  5.0, 10.0,  0.0,  0.0,  1.0,    ,  76.0,       ,      ,      ,        ,        ,        ,        ,        ,        ,        ,        ,      
bellean01, 1932,     1, MTM , NHL , D  , 15.0,  0.0,   0.0,   0.0,   0.0,      ,     ,     ,     ,     ,     ,    ,      ,       ,      ,      ,        ,        ,        ,        ,        ,        ,        ,        ,      
bellebl01, 2001,     1, CBS , NHL , C  ,  2.0,  0.0,   1.0,   1.0,   0.0, 1.0  ,  0.0,  0.0,  0.0,  0.0,  0.0, 0.0,   2.0,       ,      ,      ,        ,        ,        ,        ,        ,        ,        ,        ,      
bellebl01, 2002,     1, CBS , NHL , C  ,  3.0,  0.0,   0.0,   0.0,   0.0, 0.0  ,  0.0,  0.0,  0.0,  0.0,  0.0, 0.0,   0.0,       ,      ,      ,        ,        ,        ,        ,        ,        ,        ,        ,      
bellepe01, 1925,     1, TRS , NHL , R  , 36.0, 14.0,   2.0,  16.0,  22.0,      ,     ,     ,     ,     ,     ,    ,      ,       ,      ,      ,        ,        ,        ,        ,        ,        ,        ,        ,      
bellepe01, 1926,     1, TRS , NHL , R  , 13.0,  0.0,   0.0,   0.0,  12.0,      ,     ,     ,     ,     ,     ,    ,      ,       ,      ,      ,        ,        ,        ,        ,        ,        ,        ,        ,      
bellepe01, 1926,     2, DTC , NHL , R  , 18.0,  6.0,   0.0,   6.0,  14.0,      ,     ,     ,     ,     ,     ,    ,      ,       ,      ,      ,        ,        ,        ,        ,        ,        ,        ,        ,      
bellepe01, 1928,     1, DTC , NHL , R  ,  1.0,  1.0,   0.0,   1.0,   0.0,      ,     ,     ,     ,     ,     ,    ,      ,       ,      ,      ,        ,        ,        ,        ,        ,        ,        ,        ,      
bellepe01, 1929,     1, DTC , NHL , R  , 24.0,  4.0,   2.0,   6.0,  10.0,      ,     ,     ,     ,     ,     ,    ,      ,       ,      ,      ,        ,        ,        ,        ,        ,        ,        ,        ,      
bellesh01, 2006,     1, MIN , NHL , D  ,  9.0,  0.0,   1.0,   1.0,   0.0, 4.0  ,  0.0,  0.0,  0.0,  0.0,  0.0,    ,   3.0,       ,      ,      ,        ,        ,        ,        ,        ,        ,        ,        ,      
bellesh01, 2009,     1, MTL , NHL , D  ,  2.0,  0.0,   0.0,   0.0,   0.0, -2.0 ,  0.0,  0.0,  0.0,  0.0,  0.0,    ,   1.0,       ,      ,      ,        ,        ,        ,        ,        ,        ,        ,        ,      
bellgo01 , 1945,     1, TOR , NHL , G  ,  8.0,  0.0,   0.0,   0.0,   0.0,      ,     ,     ,     ,     ,     ,    ,      ,       ,      ,      ,        ,        ,        ,        ,        ,        ,        ,        ,      
bellgo01 , 1955,     1, NYR , NHL , G  ,     ,     ,      ,      ,      ,      ,     ,     ,     ,     ,     ,    ,      ,    2.0,   0.0,   0.0,     0.0,     0.0,        ,        ,        ,        ,        ,        ,      
bellha01 , 1946,     1, NYR , NHL , D  ,  1.0,  0.0,   1.0,   1.0,   0.0,      ,     ,     ,     ,     ,     ,    ,      ,       ,      ,      ,        ,        ,        ,        ,        ,        ,        ,        ,      
belljo01 , 1942,     1, NYR , NHL , L  , 15.0,  2.0,   5.0,   7.0,   6.0,      ,     ,     ,     ,     ,     ,    ,      ,       ,      ,      ,        ,        ,        ,        ,        ,        ,        ,        ,      
belljo01 , 1946,     1, NYR , NHL , L  , 47.0,  6.0,   4.0,  10.0,  12.0,      ,     ,     ,     ,     ,     ,    ,      ,       ,      ,      ,        ,        ,        ,        ,        ,        ,        ,        ,      
bellma01 , 2000,     1, CHI , NHL , C/L, 13.0,  0.0,   1.0,   1.0,   4.0, 0.0  ,  0.0,  0.0,  0.0,  0.0,  0.0, 0.0,  14.0,       ,      ,      ,        ,        ,        ,        ,        ,        ,        ,        ,      
bellma01 , 2001,     1, CHI , NHL , L  , 80.0, 12.0,  16.0,  28.0, 124.0, -6.0 ,  1.0,  2.0,  0.0,  0.0,  1.0, 0.0, 120.0,    5.0,   0.0,   0.0,     0.0,     8.0, -2.0   ,     0.0,     0.0,     0.0,     0.0,     0.0,     7.0
bellma01 , 2002,     1, CHI , NHL , R  , 82.0, 14.0,  15.0,  29.0, 113.0, 0.0  ,  0.0,  1.0,  2.0,  0.0,  0.0, 0.0, 127.0,       ,      ,      ,        ,        ,        ,        ,        ,        ,        ,        ,      
bellma01 , 2003,     1, CHI , NHL , L  , 82.0, 21.0,  24.0,  45.0, 106.0, -14.0,  2.0,  9.0,  0.0,  0.0,  1.0, 0.0, 202.0,       ,      ,      ,        ,        ,        ,        ,        ,        ,        ,        ,      
bellma01 , 2005,     1, CHI , NHL , L  , 82.0, 25.0,  23.0,  48.0, 107.0, -14.0, 11.0, 10.0,  1.0,  0.0,  1.0,    , 227.0,       ,      ,      ,        ,        ,        ,        ,        ,        ,        ,        ,      
bellma01 , 2006,     1, SJS , NHL , L  , 71.0, 11.0,  10.0,  21.0,  83.0, -9.0 ,  3.0,  4.0,  0.0,  0.0,  2.0,    , 116.0,    4.0,   0.0,   0.0,     0.0,     2.0, -2.0   ,     0.0,     0.0,     0.0,     0.0,     0.0,     2.0
bellma01 , 2007,     1, TOR , NHL , L  , 35.0,  4.0,   6.0,  10.0,  60.0, -2.0 ,  0.0,  0.0,  0.0,  0.0,  0.0,    ,  42.0,       ,      ,      ,        ,        ,        ,        ,        ,        ,        ,        ,      
bellobr01, 1982,     1, MNS , NHL , R  , 78.0, 35.0,  30.0,  65.0,  27.0, -12.0, 15.0,     ,  1.0,     ,  3.0, 1.0, 184.0,    9.0,   5.0,   4.0,     9.0,    18.0,        ,     2.0,        ,     0.0,        ,     0.0,      
bellobr01, 1983,     1, MNS , NHL , R  , 78.0, 41.0,  42.0,  83.0,  66.0, -2.0 , 14.0,     ,  5.0,     ,  5.0, 1.0, 236.0,   16.0,   2.0,  12.0,    14.0,     6.0, -2.0   ,     0.0,        ,     1.0,        ,     0.0,    33.0
bellobr01, 1984,     1, MNS , NHL , R  , 78.0, 26.0,  36.0,  62.0,  72.0, -18.0,  8.0,     ,  1.0,     ,  3.0, 1.0, 211.0,    9.0,   2.0,   4.0,     6.0,     9.0, -2.0   ,     0.0,        ,     1.0,        ,     0.0,    26.0
bellobr01, 1985,     1, MNS , NHL , R  , 77.0, 31.0,  48.0,  79.0,  46.0, 16.0 , 11.0,     ,  2.0,     ,  2.0, 2.0, 256.0,    5.0,   5.0,   0.0,     5.0,    16.0, 1.0    ,     3.0,        ,     0.0,        ,     0.0,    16.0
bellobr01, 1986,     1, MNS , NHL , R  , 65.0, 26.0,  27.0,  53.0,  34.0, -13.0,  8.0,     ,  1.0,     ,  2.0, 0.0, 200.0,       ,      ,      ,        ,        ,        ,        ,        ,        ,        ,        ,      
bellobr01, 1987,     1, MNS , NHL , L  , 77.0, 40.0,  41.0,  81.0,  81.0, -8.0 , 21.0, 16.0,  1.0,  1.0,  4.0, 0.0, 283.0,       ,      ,      ,        ,        ,        ,        ,        ,        ,        ,        ,      
bellobr01, 1988,     1, MNS , NHL , L  , 60.0, 23.0,  27.0,  50.0,  55.0, -14.0,  7.0, 14.0,  0.0,  0.0,  4.0, 1.0, 196.0,    5.0,   2.0,   3.0,     5.0,     8.0, -5.0   ,     2.0,     1.0,     0.0,     0.0,     0.0,    15.0
bellobr01, 1989,     1, MNS , NHL , L  , 80.0, 55.0,  44.0,  99.0,  72.0, -3.0 , 21.0, 19.0,  1.0,  1.0,  9.0, 0.0, 300.0,    7.0,   4.0,   3.0,     7.0,    10.0, -4.0   ,     3.0,     1.0,     0.0,     0.0,     1.0,    28.0
bellobr01, 1990,     1, MNS , NHL , L  , 80.0, 35.0,  40.0,  75.0,  43.0, -13.0, 17.0, 16.0,  0.0,  0.0,  4.0, 0.0, 296.0,   23.0,  10.0,  19.0,    29.0,    30.0, -6.0   ,     6.0,    14.0,     0.0,     0.0,     1.0,    68.0
bellobr01, 1991,     1, MNS , NHL , L  , 80.0, 30.0,  45.0,  75.0,  41.0, -20.0, 12.0, 20.0,  1.0,  1.0,  4.0, 0.0, 255.0,    7.0,   4.0,   4.0,     8.0,    14.0, -4.0   ,     2.0,     3.0,     0.0,     0.0,     1.0,    14.0
bellobr01, 1992,     1, MTL , NHL , R  , 82.0, 40.0,  48.0,  88.0,  44.0, 4.0  , 16.0, 19.0,  0.0,  0.0,  5.0, 0.0, 260.0,   18.0,   6.0,   9.0,    15.0,    18.0, 6.0    ,     2.0,     3.0,     0.0,     0.0,     0.0,    72.0
bellobr01, 1993,     1, MTL , NHL , R  , 77.0, 33.0,  38.0,  71.0,  36.0, 9.0  , 13.0, 14.0,  0.0,  0.0,  2.0, 1.0, 251.0,    6.0,   1.0,   2.0,     3.0,     2.0, -2.0   ,     0.0,     2.0,     0.0,     0.0,     0.0,    16.0
bellobr01, 1994,     1, MTL , NHL , L  , 41.0,  8.0,   8.0,  16.0,   8.0, -7.0 ,  1.0,  4.0,  0.0,  0.0,  1.0, 0.0, 110.0,       ,      ,      ,        ,        ,        ,        ,        ,        ,        ,        ,      
bellobr01, 1995,     1, TBL , NHL , R  , 79.0, 23.0,  26.0,  49.0,  39.0, -14.0, 13.0, 14.0,  0.0,  0.0,  4.0, 0.0, 190.0,    6.0,   2.0,   0.0,     2.0,     4.0, -2.0   ,     0.0,     0.0,     0.0,     0.0,     1.0,    19.0
bellobr01, 1996,     1, TBL , NHL , L  ,  7.0,  1.0,   2.0,   3.0,   0.0, -4.0 ,  0.0,  0.0,  0.0,  0.0,  0.0, 0.0,  17.0,       ,      ,      ,        ,        ,        ,        ,        ,        ,        ,        ,      
bellobr01, 1996,     2, ANA , NHL , L  , 62.0, 15.0,  13.0,  28.0,  22.0, -11.0,  8.0,  3.0,  0.0,  0.0,  1.0, 0.0, 151.0,   11.0,   2.0,   4.0,     6.0,     2.0, -7.0   ,     1.0,     1.0,     0.0,     0.0,     0.0,    36.0
bellobr01, 1997,     1, WAS , NHL , R  , 11.0,  6.0,   3.0,   9.0,   6.0, -3.0 ,  5.0,  0.0,  0.0,  0.0,  2.0, 0.0,  26.0,   21.0,   6.0,   7.0,    13.0,     6.0, 6.0    ,     2.0,     1.0,     0.0,     0.0,     1.0,    62.0
bellobr01, 1998,     1, WAS , NHL , L  , 76.0, 17.0,  19.0,  36.0,  26.0, -12.0,  8.0,  3.0,  0.0,  0.0,  3.0, 0.0, 166.0,       ,      ,      ,        ,        ,        ,        ,        ,        ,        ,        ,      
bendaja01, 1997,     1, WAS , NHL , C  ,  9.0,  0.0,   3.0,   3.0,   6.0, 1.0  ,  0.0,  0.0,  0.0,  0.0,  0.0, 0.0,   8.0,       ,      ,      ,        ,        ,        ,        ,        ,        ,        ,        ,      
bendli01 , 1942,     1, NYR , NHL , C  ,  8.0,  3.0,   1.0,   4.0,   2.0,      ,     ,     ,     ,     ,     ,    ,      ,       ,      ,      ,        ,        ,        ,        ,        ,        ,        ,        ,      
benedcl01, 1912,     1, OT1 , NHA , G  ,  4.0,  0.0,   0.0,   0.0,   0.0,      ,     ,     ,     ,     ,     ,    ,      ,       ,      ,      ,        ,        ,        ,        ,        ,        ,        ,        ,      
benedcl01, 1913,     1, OT1 , NHA , G  ,  9.0,  0.0,   0.0,   0.0,   0.0,      ,     ,     ,     ,     ,     ,    ,      ,       ,      ,      ,        ,        ,        ,        ,        ,        ,        ,        ,      
benedcl01, 1914,     1, OT1 , NHA , G  , 20.0,  0.0,   0.0,   0.0,   0.0,      ,     ,     ,     ,     ,     ,    ,      ,    2.0,   0.0,      ,        ,        ,        ,        ,        ,        ,        ,        ,      
benedcl01, 1915,     1, OT1 , NHA , G  , 24.0,  0.0,   0.0,   0.0,  20.0,      ,     ,     ,     ,     ,     ,    ,      ,       ,      ,      ,        ,        ,        ,        ,        ,        ,        ,        ,      
benedcl01, 1916,     1, OT1 , NHA , G  , 18.0,  0.0,   0.0,   0.0,   0.0,      ,     ,     ,     ,     ,     ,    ,      ,    2.0,   0.0,      ,        ,        ,        ,        ,        ,        ,        ,        ,      
benedcl01, 1917,     1, OTS , NHL , G  , 22.0,  0.0,   0.0,   0.0,   0.0,      ,     ,     ,     ,     ,  0.0,    ,      ,       ,      ,      ,        ,        ,        ,        ,        ,        ,        ,        ,      
benedcl01, 1918,     1, OTS , NHL , G  , 18.0,  0.0,   0.0,   0.0,   3.0,      ,     ,     ,     ,     ,     ,    ,      ,    5.0,   0.0,   0.0,     0.0,     0.0,        ,        ,        ,        ,        ,        ,      
benedcl01, 1919,     1, OTS , NHL , G  , 24.0,  0.0,   0.0,   0.0,   0.0,      ,     ,     ,     ,     ,     ,    ,      ,       ,      ,      ,        ,        ,        ,        ,        ,        ,        ,        ,      
benedcl01, 1920,     1, OTS , NHL , G  , 24.0,  0.0,   0.0,   0.0,   0.0,      ,     ,     ,     ,     ,     ,    ,      ,    2.0,   0.0,   0.0,     0.0,     0.0,        ,        ,        ,        ,        ,        ,      
benedcl01, 1921,     1, OTS , NHL , G  , 24.0,  0.0,   0.0,   0.0,   0.0,      ,     ,     ,     ,     ,     ,    ,      ,    2.0,   0.0,   0.0,     0.0,     0.0,        ,        ,        ,        ,        ,        ,      
benedcl01, 1922,     1, OTS , NHL , G  , 24.0,  0.0,   0.0,   0.0,   2.0,      ,     ,     ,     ,     ,     ,    ,      ,    2.0,   0.0,   0.0,     0.0,     0.0,        ,        ,        ,        ,        ,        ,      
benedcl01, 1923,     1, OTS , NHL , G  , 22.0,  0.0,   0.0,   0.0,   0.0,      ,     ,     ,     ,     ,     ,    ,      ,    2.0,   0.0,   0.0,     0.0,     0.0,        ,        ,        ,        ,        ,        ,      
benedcl01, 1924,     1, MTM , NHL , G  , 30.0,  0.0,   0.0,   0.0,   2.0,      ,     ,     ,     ,     ,     ,    ,      ,       ,      ,      ,        ,        ,        ,        ,        ,        ,        ,        ,      
benedcl01, 1925,     1, MTM , NHL , G  , 36.0,  0.0,   0.0,   0.0,   0.0,      ,     ,     ,     ,     ,     ,    ,      ,    4.0,   0.0,   0.0,     0.0,     0.0,        ,        ,        ,        ,        ,        ,      
benedcl01, 1926,     1, MTM , NHL , G  , 43.0,  0.0,   0.0,   0.0,   0.0,      ,     ,     ,     ,     ,     ,    ,      ,    2.0,   0.0,   0.0,     0.0,     0.0,        ,        ,        ,        ,        ,        ,      
benedcl01, 1927,     1, MTM , NHL , G  , 44.0,  0.0,   0.0,   0.0,   0.0,      ,     ,     ,     ,     ,     ,    ,      ,    9.0,   0.0,   0.0,     0.0,     0.0,        ,        ,        ,        ,        ,        ,      
benedcl01, 1928,     1, MTM , NHL , G  , 37.0,  0.0,   0.0,   0.0,   0.0,      ,     ,     ,     ,     ,     ,    ,      ,       ,      ,      ,        ,        ,        ,        ,        ,        ,        ,        ,      
benedcl01, 1929,     1, MTM , NHL , G  , 14.0,  0.0,   0.0,   0.0,   0.0,      ,     ,     ,     ,     ,     ,    ,      ,       ,      ,      ,        ,        ,        ,        ,        ,        ,        ,        ,      
benne01  , 1914,     1, PO1 , PCHA, D  ,  2.0,  0.0,   0.0,   0.0,   0.0,      ,     ,     ,     ,     ,     ,    ,      ,       ,      ,      ,        ,        ,        ,        ,        ,        ,        ,        ,      
bennead01, 1991,     1, CHI , NHL , D  ,  5.0,  0.0,   0.0,   0.0,  12.0, 1.0  ,  0.0,  0.0,  0.0,  0.0,  0.0, 0.0,   6.0,       ,      ,      ,        ,        ,        ,        ,        ,        ,        ,        ,      
bennead01, 1992,     1, CHI , NHL , D  , 16.0,  0.0,   2.0,   2.0,   8.0, -2.0 ,  0.0,  1.0,  0.0,  0.0,  0.0, 0.0,  15.0,       ,      ,      ,        ,        ,        ,        ,        ,        ,        ,        ,      
bennead01, 1993,     1, EDM , NHL , D  , 48.0,  3.0,   6.0,   9.0,  49.0, -8.0 ,  1.0,  3.0,  0.0,  0.0,  0.0, 0.0,  57.0,       ,      ,      ,        ,        ,        ,        ,        ,        ,        ,        ,      
bennebi01, 1978,     1, BOS , NHL , L  ,  7.0,  1.0,   4.0,   5.0,   2.0, 4.0  ,  0.0,     ,  0.0,     ,  0.0, 0.0,   4.0,       ,      ,      ,        ,        ,        ,        ,        ,        ,        ,        ,      
bennebi01, 1979,     1, HAR , NHL , L  , 24.0,  3.0,   3.0,   6.0,  63.0, 1.0  ,  2.0,     ,  0.0,     ,  0.0, 1.0,  15.0,       ,      ,      ,        ,        ,        ,        ,        ,        ,        ,        ,      
bennecu01, 1970,     1, STL , NHL , L  ,  4.0,  2.0,   0.0,   2.0,   0.0, 0.0  ,  0.0,     ,  0.0,     ,  1.0, 0.0,   4.0,    2.0,   0.0,   0.0,     0.0,     0.0,        ,     0.0,        ,     0.0,        ,     0.0,      
bennecu01, 1971,     1, STL , NHL , L  , 31.0,  3.0,   5.0,   8.0,  30.0, -4.0 ,  0.0,     ,  0.0,     ,  0.0, 1.0,  32.0,   10.0,   0.0,   0.0,     0.0,    12.0,        ,     0.0,        ,     0.0,        ,     0.0,      
bennecu01, 1972,     1, NYR , NHL , C  , 16.0,  0.0,   1.0,   1.0,  11.0, -2.0 ,  0.0,     ,  0.0,     ,  0.0, 0.0,  13.0,       ,      ,      ,        ,        ,        ,        ,        ,        ,        ,        ,      
bennecu01, 1972,     2, ATF , NHL , C  , 52.0, 18.0,  17.0,  35.0,   9.0, -13.0,  1.0,     ,  0.0,     ,  2.0, 3.0, 135.0,       ,      ,      ,        ,        ,        ,        ,        ,        ,        ,        ,      
bennecu01, 1973,     1, ATF , NHL , L  , 71.0, 17.0,  24.0,  41.0,  34.0, 3.0  ,  1.0,     ,  0.0,     ,  1.0, 1.0, 136.0,    4.0,   0.0,   1.0,     1.0,    34.0,        ,     0.0,        ,     0.0,        ,     0.0,      
bennecu01, 1974,     1, ATF , NHL , L  , 80.0, 31.0,  33.0,  64.0,  40.0, 10.0 ,  6.0,     ,  0.0,     ,  6.0, 1.0, 210.0,       ,      ,      ,        ,        ,        ,        ,        ,        ,        ,        ,      
bennecu01, 1975,     1, ATF , NHL , L  , 80.0, 34.0,  31.0,  65.0,  61.0, 1.0  ,  8.0,     ,  0.0,     ,  8.0, 1.0, 221.0,    2.0,   0.0,   0.0,     0.0,     4.0,        ,     0.0,        ,     0.0,        ,     0.0,      
bennecu01, 1976,     1, ATF , NHL , L  , 76.0, 22.0,  25.0,  47.0,  36.0, -14.0,  5.0,     ,  1.0,     ,  5.0, 1.0, 183.0,    3.0,   1.0,   0.0,     1.0,     7.0,        ,     0.0,        ,     0.0,        ,     0.0,      
bennecu01, 1977,     1, ATF , NHL , L  , 25.0,  3.0,   7.0,  10.0,  10.0, -4.0 ,  0.0,     ,  0.0,     ,  0.0, 0.0,  44.0,       ,      ,      ,        ,        ,        ,        ,        ,        ,        ,        ,      
bennecu01, 1977,     2, STL , NHL , L  , 50.0,  7.0,  17.0,  24.0,  54.0, -22.0,  1.0,     ,  0.0,     ,  1.0, 1.0,  92.0,       ,      ,      ,        ,        ,        ,        ,        ,        ,        ,        ,      
bennecu01, 1978,     1, STL , NHL , L  , 74.0, 14.0,  19.0,  33.0,  62.0, -23.0,  1.0,     ,  0.0,     ,  1.0, 1.0, 141.0,       ,      ,      ,        ,        ,        ,        ,        ,        ,        ,        ,      
bennecu01, 1979,     1, ATF , NHL , L  , 21.0,  1.0,   3.0,   4.0,   0.0, -6.0 ,  0.0,     ,  0.0,     ,  0.0, 1.0,  21.0,       ,      ,      ,        ,        ,        ,        ,        ,        ,        ,        ,      
bennefr01, 1943,     1, DET , NHL , L  ,  7.0,  0.0,   1.0,   1.0,   2.0,      ,     ,     ,     ,     ,     ,    ,      ,       ,      ,      ,        ,        ,        ,        ,        ,        ,        ,        ,      
benneha01, 1944,     1, BOS , NHL , G  , 25.0,  0.0,   0.0,   0.0,   0.0,      ,     ,     ,     ,     ,     ,    ,      ,       ,      ,      ,        ,        ,        ,        ,        ,        ,        ,        ,      
benneha02, 1974,     1, PIT , NHL , C  ,  7.0,  0.0,   0.0,   0.0,   0.0, -2.0 ,  0.0,     ,  0.0,     ,  0.0, 0.0,   2.0,       ,      ,      ,        ,        ,        ,        ,        ,        ,        ,        ,      
benneha02, 1975,     1, PIT , NHL , C  , 25.0,  3.0,   3.0,   6.0,  53.0, 4.0  ,  1.0,     ,  0.0,     ,  1.0, 0.0,  20.0,       ,      ,      ,        ,        ,        ,        ,        ,        ,        ,        ,      
benneha02, 1975,     2, WAS , NHL , C  , 49.0, 12.0,  10.0,  22.0,  39.0, -27.0,  1.0,     ,  0.0,     ,  1.0, 1.0,  72.0,       ,      ,      ,        ,        ,        ,        ,        ,        ,        ,        ,      
benneha02, 1976,     1, WAS , NHL , C  , 18.0,  2.0,   6.0,   8.0,  34.0, -9.0 ,  0.0,     ,  0.0,     ,  0.0, 0.0,  22.0,       ,      ,      ,        ,        ,        ,        ,        ,        ,        ,        ,      
benneha02, 1976,     2, PHI , NHL , C  , 51.0, 12.0,   8.0,  20.0,  60.0, -9.0 ,  0.0,     ,  0.0,     ,  2.0, 1.0,  53.0,    4.0,   0.0,   0.0,     0.0,     2.0,        ,     0.0,        ,     0.0,        ,     0.0,      
benneha02, 1977,     1, PHI , NHL , C  ,  2.0,  1.0,   0.0,   1.0,   7.0, 1.0  ,  0.0,     ,  0.0,     ,  0.0, 0.0,   2.0,       ,      ,      ,        ,        ,        ,        ,        ,        ,        ,        ,      
benneha02, 1977,     2, MNS , NHL , C  , 64.0, 11.0,  10.0,  21.0,  91.0, -32.0,  1.0,     ,  0.0,     ,  0.0, 1.0,  67.0,       ,      ,      ,        ,        ,        ,        ,        ,        ,        ,        ,      
benneha02, 1978,     1, STL , NHL , C  , 52.0,  3.0,   9.0,  12.0,  63.0, -18.0,  0.0,     ,  0.0,     ,  0.0, 0.0,  44.0,       ,      ,      ,        ,        ,        ,        ,        ,        ,        ,        ,      
bennejo01, 1972,     1, PHB , WHA , L  , 34.0,  4.0,   6.0,  10.0,  18.0,      ,  1.0,     ,  0.0,     ,     ,    ,      ,       ,      ,      ,        ,        ,        ,        ,        ,        ,        ,        ,      
bennema01, 1935,     1, MTL , NHL , R  ,  1.0,  0.0,   0.0,   0.0,   0.0,      ,     ,     ,     ,     ,     ,    ,      ,       ,      ,      ,        ,        ,        ,        ,        ,        ,        ,        ,      
benneri01, 1989,     1, NYR , NHL , L  ,  6.0,  1.0,   0.0,   1.0,   5.0, -4.0 ,  0.0,  0.0,  0.0,  0.0,  0.0, 0.0,   6.0,       ,      ,      ,        ,        ,        ,        ,        ,        ,        ,        ,      
benneri01, 1990,     1, NYR , NHL , L  ,  6.0,  0.0,   0.0,   0.0,   6.0, -2.0 ,  0.0,  0.0,  0.0,  0.0,  0.0, 0.0,   3.0,       ,      ,      ,        ,        ,        ,        ,        ,        ,        ,        ,      
benneri01, 1991,     1, NYR , NHL , L  ,  3.0,  0.0,   1.0,   1.0,   2.0, 0.0  ,  0.0,  0.0,  0.0,  0.0,  0.0, 0.0,   2.0,       ,      ,      ,        ,        ,        ,        ,        ,        ,        ,        ,      
bennewe01, 1974,     1, PHR , WHA , R  , 67.0,  4.0,  15.0,  19.0,  92.0, 5.0  ,  0.0,     ,  0.0,     ,     ,    ,  58.0,    5.0,   1.0,   2.0,     3.0,     6.0,        ,        ,        ,        ,        ,     0.0,      
bennibr01, 1984,     1, STL , NHL , D  ,  4.0,  0.0,   2.0,   2.0,   0.0, -6.0 ,  0.0,     ,  0.0,     ,  0.0, 0.0,   1.0,       ,      ,      ,        ,        ,        ,        ,        ,        ,        ,        ,      
bennibr01, 1985,     1, STL , NHL , D  ,     ,     ,      ,      ,      ,      ,     ,     ,     ,     ,     ,    ,      ,    6.0,   1.0,   2.0,     3.0,    13.0, 1.0    ,     1.0,        ,     0.0,        ,     0.0,    10.0
bennibr01, 1986,     1, STL , NHL , D  , 78.0, 13.0,  36.0,  49.0, 110.0, 2.0  ,  7.0,     ,  0.0,     ,  2.0, 0.0, 144.0,    6.0,   0.0,   4.0,     4.0,     9.0, 0.0    ,     0.0,        ,     0.0,        ,     0.0,     9.0
bennibr01, 1987,     1, STL , NHL , D  , 77.0,  8.0,  29.0,  37.0, 107.0, -5.0 ,  5.0, 13.0,  0.0,  1.0,  5.0, 0.0, 130.0,   10.0,   1.0,   6.0,     7.0,    25.0, -7.0   ,     1.0,     4.0,     0.0,     0.0,     0.0,    16.0
bennibr01, 1988,     1, STL , NHL , D  , 66.0,  8.0,  26.0,  34.0, 102.0, -23.0,  3.0, 17.0,  0.0,  0.0,  0.0, 0.0,  91.0,    7.0,   1.0,   1.0,     2.0,    11.0, -2.0   ,     1.0,     1.0,     0.0,     0.0,     0.0,     6.0
bennibr01, 1989,     1, STL , NHL , D  ,  7.0,  1.0,   1.0,   2.0,   2.0, -3.0 ,  0.0,     ,  0.0,  0.0,  0.0, 0.0,   8.0,       ,      ,      ,        ,        ,        ,        ,        ,        ,        ,        ,      
bennibr01, 1989,     2, LAK , NHL , D  , 48.0,  5.0,  18.0,  23.0, 104.0, 1.0  ,  3.0,     ,  0.0,  0.0,  0.0, 0.0, 114.0,    7.0,   0.0,   2.0,     2.0,     6.0, -9.0   ,     0.0,     2.0,     0.0,     0.0,     0.0,    12.0
bennibr01, 1990,     1, LAK , NHL , D  , 61.0,  7.0,  24.0,  31.0, 127.0, 12.0 ,  2.0,  9.0,  0.0,  0.0,  1.0, 0.0, 120.0,   12.0,   0.0,   5.0,     5.0,     6.0, 1.0    ,     0.0,     1.0,     0.0,     0.0,     0.0,    19.0
bennibr01, 1991,     1, LAK , NHL , D  , 53.0,  2.0,  30.0,  32.0,  99.0, 4.0  ,  0.0, 14.0,  0.0,  1.0,  0.0, 0.0, 102.0,       ,      ,      ,        ,        ,        ,        ,        ,        ,        ,        ,      
bennibr01, 1991,     2, PHI , NHL , D  , 22.0,  2.0,  12.0,  14.0,  35.0, -9.0 ,  2.0,  8.0,  0.0,  0.0,  0.0, 0.0,  50.0,       ,      ,      ,        ,        ,        ,        ,        ,        ,        ,        ,      
bennibr01, 1992,     1, PHI , NHL , D  , 37.0,  9.0,  17.0,  26.0,  93.0, 0.0  ,  6.0, 12.0,  0.0,  0.0,  0.0, 0.0,  87.0,       ,      ,      ,        ,        ,        ,        ,        ,        ,        ,        ,      
bennibr01, 1992,     2, EDM , NHL , D  , 18.0,  1.0,   7.0,   8.0,  59.0, -1.0 ,  0.0,  2.0,  0.0,  0.0,  0.0, 0.0,  28.0,       ,      ,      ,        ,        ,        ,        ,        ,        ,        ,        ,      
bennibr01, 1993,     1, FLO , NHL , D  , 73.0,  6.0,  24.0,  30.0, 107.0, -7.0 ,  2.0, 11.0,  0.0,  0.0,  0.0, 0.0, 112.0,       ,      ,      ,        ,        ,        ,        ,        ,        ,        ,        ,      
bennibr01, 1994,     1, FLO , NHL , D  , 24.0,  1.0,   7.0,   8.0,  18.0, -6.0 ,  1.0,  3.0,  0.0,  0.0,  0.0, 0.0,  26.0,       ,      ,      ,        ,        ,        ,        ,        ,        ,        ,        ,      
benniji01, 1981,     1, TOR , NHL , D  , 74.0,  7.0,  24.0,  31.0,  46.0, -27.0,  2.0,     ,  0.0,     ,  0.0, 0.0,  90.0,       ,      ,      ,        ,        ,        ,        ,        ,        ,        ,        ,      
benniji01, 1982,     1, TOR , NHL , D  , 74.0,  5.0,  17.0,  22.0,  47.0, -8.0 ,  3.0,     ,  0.0,     ,  0.0, 0.0,  68.0,    4.0,   1.0,   1.0,     2.0,     2.0,        ,     0.0,        ,     0.0,        ,     0.0,      
benniji01, 1983,     1, TOR , NHL , D  , 79.0, 12.0,  39.0,  51.0,  66.0, -4.0 ,  6.0,     ,  0.0,     ,  1.0, 0.0, 136.0,       ,      ,      ,        ,        ,        ,        ,        ,        ,        ,        ,      
benniji01, 1984,     1, TOR , NHL , D  , 80.0,  9.0,  35.0,  44.0,  55.0, -39.0,  6.0,     ,  0.0,     ,  2.0, 0.0, 160.0,       ,      ,      ,        ,        ,        ,        ,        ,        ,        ,        ,      
benniji01, 1985,     1, TOR , NHL , D  , 52.0,  4.0,  21.0,  25.0,  71.0, -4.0 ,  2.0,     ,  0.0,     ,  0.0, 0.0,  76.0,       ,      ,      ,        ,        ,        ,        ,        ,        ,        ,        ,      
benniji01, 1986,     1, TOR , NHL , D  ,  5.0,  0.0,   0.0,   0.0,   4.0, 0.0  ,  0.0,     ,  0.0,     ,  0.0, 0.0,   3.0,       ,      ,      ,        ,        ,        ,        ,        ,        ,        ,        ,      
benniji01, 1986,     2, VAN , NHL , D  , 54.0,  2.0,  11.0,  13.0,  40.0, 9.0  ,  0.0,     ,  0.0,     ,  1.0, 0.0,  60.0,       ,      ,      ,        ,        ,        ,        ,        ,        ,        ,        ,      
benniji01, 1987,     1, VAN , NHL , D  , 77.0,  7.0,  26.0,  33.0,  58.0, 0.0  ,  1.0, 12.0,  1.0,  1.0,  1.0, 0.0, 102.0,       ,      ,      ,        ,        ,        ,        ,        ,        ,        ,        ,      
benniji01, 1988,     1, VAN , NHL , D  , 65.0,  3.0,   9.0,  12.0,  48.0, -4.0 ,  1.0,  4.0,  0.0,  0.0,  0.0, 0.0,  55.0,    3.0,   0.0,   0.0,     0.0,     0.0, 0.0    ,     0.0,     0.0,     0.0,     0.0,     0.0,     0.0
benniji01, 1989,     1, VAN , NHL , D  , 45.0,  3.0,   9.0,  12.0,  26.0, 4.0  ,  0.0,  3.0,  1.0,  0.0,  0.0, 0.0,  49.0,       ,      ,      ,        ,        ,        ,        ,        ,        ,        ,        ,      
bennja01 , 2009,     1, DAL , NHL , L  , 82.0, 22.0,  19.0,  41.0,  45.0, -1.0 ,  2.0,  5.0,  0.0,  0.0,  3.0,    , 182.0,       ,      ,      ,        ,        ,        ,        ,        ,        ,        ,        ,      
benoijo01, 1940,     1, MTL , NHL , R  , 45.0, 16.0,  16.0,  32.0,  32.0,      ,     ,     ,     ,     ,     ,    ,      ,    3.0,   4.0,   0.0,     4.0,     2.0,        ,        ,        ,        ,        ,        ,      
benoijo01, 1941,     1, MTL , NHL , R  , 46.0, 20.0,  16.0,  36.0,  27.0,      ,     ,     ,     ,     ,     ,    ,      ,    3.0,   1.0,   0.0,     1.0,     5.0,        ,        ,        ,        ,        ,        ,      
benoijo01, 1942,     1, MTL , NHL , R  , 49.0, 30.0,  27.0,  57.0,  23.0,      ,     ,     ,     ,     ,     ,    ,      ,    5.0,   1.0,   3.0,     4.0,     4.0,        ,        ,        ,        ,        ,        ,      
benoijo01, 1945,     1, MTL , NHL , R  , 39.0,  9.0,  10.0,  19.0,   8.0,      ,     ,     ,     ,     ,     ,    ,      ,       ,      ,      ,        ,        ,        ,        ,        ,        ,        ,        ,      
benoijo01, 1946,     1, MTL , NHL , R  ,  6.0,  0.0,   0.0,   0.0,   4.0,      ,     ,     ,     ,     ,     ,    ,      ,       ,      ,      ,        ,        ,        ,        ,        ,        ,        ,        ,      
bensobi01, 1940,     1, NYA , NHL , C  , 22.0,  3.0,   4.0,   7.0,   4.0,      ,     ,     ,     ,     ,     ,    ,      ,       ,      ,      ,        ,        ,        ,        ,        ,        ,        ,        ,      
bensobi01, 1941,     1, BKN , NHL , C  , 45.0,  8.0,  21.0,  29.0,  31.0,      ,     ,     ,     ,     ,     ,    ,      ,       ,      ,      ,        ,        ,        ,        ,        ,        ,        ,        ,      
bensobo01, 1921,     1, SMJ , WCHL, D  , 23.0,  8.0,   4.0,  12.0,  21.0,      ,     ,     ,     ,     ,     ,    ,      ,       ,      ,      ,        ,        ,        ,        ,        ,        ,        ,        ,      
bensobo01, 1922,     1, CAT , WCHL, D  , 27.0,  7.0,   1.0,   8.0,  22.0,      ,     ,     ,     ,     ,     ,    ,      ,       ,      ,      ,        ,        ,        ,        ,        ,        ,        ,        ,      
bensobo01, 1923,     1, CAT , WCHL, D  , 26.0,  5.0,   5.0,  10.0,  24.0,      ,     ,     ,     ,     ,     ,    ,      ,    5.0,   0.0,   1.0,     1.0,     2.0,        ,        ,        ,        ,        ,        ,      
bensobo01, 1924,     1, CAT , WCHL, D  ,  9.0,  0.0,   1.0,   1.0,   8.0,      ,     ,     ,     ,     ,     ,    ,      ,       ,      ,      ,        ,        ,        ,        ,        ,        ,        ,        ,      
bensobo01, 1924,     2, BOS , NHL , D  ,  8.0,  0.0,   1.0,   1.0,   4.0,      ,     ,     ,     ,     ,     ,    ,      ,       ,      ,      ,        ,        ,        ,        ,        ,        ,        ,        ,      
bensobo01, 1925,     1, SAS , WCHL, D  , 12.0,  0.0,   0.0,   0.0,   0.0,      ,     ,     ,     ,     ,     ,    ,      ,       ,      ,      ,        ,        ,        ,        ,        ,        ,        ,        ,      
bensobo01, 1925,     2, EDE , WCHL, D  , 12.0,  0.0,   0.0,   0.0,   0.0,      ,     ,     ,     ,     ,     ,    ,      ,    2.0,   0.0,   0.0,     0.0,     2.0,        ,        ,        ,        ,        ,        ,      
bensoco01, 1914,     1, PO1 , PCHA, D  ,  8.0,  0.0,   0.0,   0.0,  12.0,      ,     ,     ,     ,     ,     ,    ,      ,       ,      ,      ,        ,        ,        ,        ,        ,        ,        ,        ,      
bensoco01, 1921,     1, SMJ , WCHL, D  ,  2.0,  0.0,   0.0,   0.0,   0.0,      ,     ,     ,     ,     ,     ,    ,      ,       ,      ,      ,        ,        ,        ,        ,        ,        ,        ,        ,      
bentise01, 2008,     1, NYI , NHL , L  ,  1.0,  0.0,   0.0,   0.0,   2.0, 0.0  ,  0.0,  0.0,  0.0,  0.0,  0.0,    ,   2.0,       ,      ,      ,        ,        ,        ,        ,        ,        ,        ,        ,      
bentldo01, 1939,     1, CHI , NHL , L  , 39.0, 12.0,   7.0,  19.0,  12.0,      ,     ,     ,     ,     ,     ,    ,      ,    2.0,   0.0,   0.0,     0.0,     0.0,        ,        ,        ,        ,        ,        ,      
bentldo01, 1940,     1, CHI , NHL , L  , 47.0,  8.0,  20.0,  28.0,  12.0,      ,     ,     ,     ,     ,     ,    ,      ,    5.0,   1.0,   1.0,     2.0,     4.0,        ,        ,        ,        ,        ,        ,      
bentldo01, 1941,     1, CHI , NHL , L  , 38.0, 12.0,  14.0,  26.0,  11.0,      ,     ,     ,     ,     ,     ,    ,      ,    3.0,   0.0,   1.0,     1.0,     4.0,        ,        ,        ,        ,        ,        ,      
bentldo01, 1942,     1, CHI , NHL , L  , 50.0, 33.0,  40.0,  73.0,  18.0,      ,     ,     ,     ,     ,     ,    ,      ,       ,      ,      ,        ,        ,        ,        ,        ,        ,        ,        ,      
bentldo01, 1943,     1, CHI , NHL , L  , 50.0, 38.0,  39.0,  77.0,  22.0,      ,     ,     ,     ,     ,     ,    ,      ,    9.0,   8.0,   4.0,    12.0,     4.0,        ,        ,        ,        ,        ,        ,      
bentldo01, 1945,     1, CHI , NHL , L  , 36.0, 19.0,  21.0,  40.0,  16.0,      ,     ,     ,     ,     ,     ,    ,      ,    4.0,   0.0,   2.0,     2.0,     0.0,        ,        ,        ,        ,        ,        ,      
bentldo01, 1946,     1, CHI , NHL , L  , 52.0, 21.0,  34.0,  55.0,  18.0,      ,     ,     ,     ,     ,     ,    ,      ,       ,      ,      ,        ,        ,        ,        ,        ,        ,        ,        ,      
bentldo01, 1947,     1, CHI , NHL , C  , 60.0, 20.0,  37.0,  57.0,  16.0,      ,     ,     ,     ,     ,     ,    ,      ,       ,      ,      ,        ,        ,        ,        ,        ,        ,        ,        ,      
bentldo01, 1948,     1, CHI , NHL , C  , 58.0, 23.0,  43.0,  66.0,  38.0,      ,     ,     ,     ,     ,     ,    ,      ,       ,      ,      ,        ,        ,        ,        ,        ,        ,        ,        ,      
bentldo01, 1949,     1, CHI , NHL , C  , 64.0, 20.0,  33.0,  53.0,  28.0,      ,     ,     ,     ,     ,     ,    ,      ,       ,      ,      ,        ,        ,        ,        ,        ,        ,        ,        ,      
bentldo01, 1950,     1, CHI , NHL , C  , 44.0,  9.0,  23.0,  32.0,  20.0,      ,     ,     ,     ,     ,     ,    ,      ,       ,      ,      ,        ,        ,        ,        ,        ,        ,        ,        ,      
bentldo01, 1951,     1, CHI , NHL , C  ,  8.0,  2.0,   3.0,   5.0,   4.0,      ,     ,     ,     ,     ,     ,    ,      ,       ,      ,      ,        ,        ,        ,        ,        ,        ,        ,        ,      
bentldo01, 1953,     1, NYR , NHL , L  , 20.0,  2.0,  10.0,  12.0,   2.0,      ,     ,     ,     ,     ,     ,    ,      ,       ,      ,      ,        ,        ,        ,        ,        ,        ,        ,        ,      
bentlma01, 1940,     1, CHI , NHL , C  , 36.0,  7.0,  10.0,  17.0,   6.0,      ,     ,     ,     ,     ,     ,    ,      ,    4.0,   1.0,   3.0,     4.0,     2.0,        ,        ,        ,        ,        ,        ,      
bentlma01, 1941,     1, CHI , NHL , C  , 39.0, 13.0,  17.0,  30.0,   2.0,      ,     ,     ,     ,     ,     ,    ,      ,    3.0,   2.0,   0.0,     2.0,     0.0,        ,        ,        ,        ,        ,        ,      
bentlma01, 1942,     1, CHI , NHL , C  , 47.0, 26.0,  44.0,  70.0,   2.0,      ,     ,     ,     ,     ,     ,    ,      ,       ,      ,      ,        ,        ,        ,        ,        ,        ,        ,        ,      
bentlma01, 1945,     1, CHI , NHL , C  , 47.0, 31.0,  30.0,  61.0,   6.0,      ,     ,     ,     ,     ,     ,    ,      ,    4.0,   1.0,   0.0,     1.0,     4.0,        ,        ,        ,        ,        ,        ,      
bentlma01, 1946,     1, CHI , NHL , C  , 60.0, 29.0,  43.0,  72.0,  12.0,      ,     ,     ,     ,     ,     ,    ,      ,       ,      ,      ,        ,        ,        ,        ,        ,        ,        ,        ,      
bentlma01, 1947,     1, CHI , NHL , C  ,  6.0,  3.0,   3.0,   6.0,   0.0,      ,     ,     ,     ,     ,     ,    ,      ,       ,      ,      ,        ,        ,        ,        ,        ,        ,        ,        ,      
bentlma01, 1947,     2, TOR , NHL , C  , 53.0, 23.0,  25.0,  48.0,  14.0,      ,     ,     ,     ,     ,     ,    ,      ,    9.0,   4.0,   7.0,    11.0,     0.0,        ,        ,        ,        ,        ,        ,      
bentlma01, 1948,     1, TOR , NHL , C  , 60.0, 19.0,  22.0,  41.0,  18.0,      ,     ,     ,     ,     ,     ,    ,      ,    9.0,   4.0,   3.0,     7.0,     2.0,        ,        ,        ,        ,        ,        ,      
bentlma01, 1949,     1, TOR , NHL , C  , 69.0, 23.0,  18.0,  41.0,  14.0,      ,     ,     ,     ,     ,     ,    ,      ,    7.0,   3.0,   3.0,     6.0,     0.0,        ,        ,        ,        ,        ,        ,      
bentlma01, 1950,     1, TOR , NHL , C  , 67.0, 21.0,  41.0,  62.0,  34.0,      ,     ,     ,     ,     ,     ,    ,      ,   11.0,   2.0,  11.0,    13.0,     4.0,        ,        ,        ,        ,        ,        ,      
bentlma01, 1951,     1, TOR , NHL , C  , 69.0, 24.0,  17.0,  41.0,  40.0,      ,     ,     ,     ,     ,     ,    ,      ,    4.0,   1.0,   0.0,     1.0,     2.0,        ,        ,        ,        ,        ,        ,      
bentlma01, 1952,     1, TOR , NHL , C  , 36.0, 12.0,  11.0,  23.0,  16.0,      ,     ,     ,     ,     ,     ,    ,      ,       ,      ,      ,        ,        ,        ,        ,        ,        ,        ,        ,      
bentlma01, 1953,     1, NYR , NHL , C  , 57.0, 14.0,  18.0,  32.0,  15.0,      ,     ,     ,     ,     ,     ,    ,      ,       ,      ,      ,        ,        ,        ,        ,        ,        ,        ,        ,      
bentlre01, 1942,     1, CHI , NHL , L  , 11.0,  1.0,   2.0,   3.0,   2.0,      ,     ,     ,     ,     ,     ,    ,      ,       ,      ,      ,        ,        ,        ,        ,        ,        ,        ,        ,      
benysla01, 1997,     1, EDM , NHL , D  ,  2.0,  0.0,   0.0,   0.0,   0.0, -2.0 ,  0.0,  0.0,  0.0,  0.0,  0.0, 0.0,   0.0,       ,      ,      ,        ,        ,        ,        ,        ,        ,        ,        ,      
benysla01, 2000,     1, MIN , NHL , D  , 71.0,  2.0,   5.0,   7.0,  38.0, -11.0,  1.0,  2.0,  0.0,  0.0,  0.0, 0.0,  48.0,       ,      ,      ,        ,        ,        ,        ,        ,        ,        ,        ,      
benysla01, 2001,     1, MIN , NHL , D  , 74.0,  1.0,   7.0,   8.0,  28.0, -12.0,  0.0,  1.0,  0.0,  0.0,  0.0, 0.0,  44.0,       ,      ,      ,        ,        ,        ,        ,        ,        ,        ,        ,      
benysla01, 2002,     1, MIN , NHL , D  , 14.0,  0.0,   0.0,   0.0,   8.0, -3.0 ,  0.0,  0.0,  0.0,  0.0,  0.0, 0.0,   7.0,       ,      ,      ,        ,        ,        ,        ,        ,        ,        ,        ,      
benzeji01, 1972,     1, ALB , WHA , R  , 26.0,  1.0,   1.0,   2.0,  10.0,      ,  0.0,     ,  0.0,     ,     ,    ,      ,       ,      ,      ,        ,        ,        ,        ,        ,        ,        ,        ,      
benzeji01, 1972,     2, CHC , WHA , R  , 43.0,  9.0,  12.0,  21.0,  23.0,      ,  3.0,     ,  0.0,     ,     ,    ,      ,       ,      ,      ,        ,        ,        ,        ,        ,        ,        ,        ,      
benzeji01, 1973,     1, CHC , WHA , R  , 53.0,  6.0,   7.0,  13.0,  19.0,      ,  0.0,     ,  0.0,     ,  0.0,    ,      ,   18.0,   2.0,   2.0,     4.0,    36.0,        ,        ,        ,        ,        ,     0.0,      
benzeji01, 1974,     1, CHC , WHA , R  , 10.0,  0.0,   2.0,   2.0,  14.0,      ,  0.0,     ,  0.0,     ,  0.0,    ,   5.0,       ,      ,      ,        ,        ,        ,        ,        ,        ,        ,        ,      
benzeji01, 1975,     1, QUN , WHA , R  , 34.0,  2.0,   5.0,   7.0,   6.0, -1.0 ,  0.0,     ,  0.0,     ,  0.0,    ,  37.0,    3.0,   0.0,   0.0,     0.0,     0.0, -1.0   ,        ,        ,        ,        ,        ,      
beralpa01, 1987,     1, BOS , NHL , R  ,  3.0,  0.0,   0.0,   0.0,   0.0, -3.0 ,  0.0,  0.0,  0.0,  0.0,  0.0, 0.0,   1.0,       ,      ,      ,        ,        ,        ,        ,        ,        ,        ,        ,      
beralpa01, 1988,     1, BOS , NHL , R  ,  7.0,  0.0,   0.0,   0.0,   4.0, -2.0 ,  0.0,  0.0,  0.0,  0.0,  0.0, 0.0,   1.0,       ,      ,      ,        ,        ,        ,        ,        ,        ,        ,        ,      
beranjo01, 1991,     1, EDM , NHL , C  , 58.0, 12.0,  16.0,  28.0,  18.0, -2.0 ,  0.0,  3.0,  0.0,  0.0,  1.0, 0.0,  79.0,   12.0,   2.0,   1.0,     3.0,     0.0, -6.0   ,     1.0,     1.0,     0.0,     0.0,     1.0,    17.0
beranjo01, 1992,     1, EDM , NHL , R  , 26.0,  2.0,   6.0,   8.0,  28.0, -7.0 ,  0.0,  2.0,  0.0,  0.0,  0.0, 0.0,  44.0,       ,      ,      ,        ,        ,        ,        ,        ,        ,        ,        ,      
beranjo01, 1992,     2, PHI , NHL , R  , 40.0, 13.0,  12.0,  25.0,  50.0, -1.0 ,  1.0,  2.0,  0.0,  0.0,  0.0, 0.0,  86.0,       ,      ,      ,        ,        ,        ,        ,        ,        ,        ,        ,      
beranjo01, 1993,     1, PHI , NHL , L  , 80.0, 28.0,  21.0,  49.0,  85.0, -2.0 ,  6.0,  3.0,  0.0,  0.0,  2.0, 0.0, 182.0,       ,      ,      ,        ,        ,        ,        ,        ,        ,        ,        ,      
beranjo01, 1994,     1, PHI , NHL , C  , 14.0,  5.0,   5.0,  10.0,   2.0, 3.0  ,  1.0,  1.0,  0.0,  0.0,  0.0, 0.0,  39.0,       ,      ,      ,        ,        ,        ,        ,        ,        ,        ,        ,      
beranjo01, 1994,     2, VAN , NHL , C  , 37.0,  8.0,  13.0,  21.0,  28.0, -10.0,  2.0,  5.0,  0.0,  0.0,  0.0, 1.0,  95.0,   11.0,   1.0,   1.0,     2.0,    12.0, -7.0   ,     0.0,     0.0,     0.0,     0.0,     0.0,    21.0
beranjo01, 1995,     1, VAN , NHL , L  , 61.0,  6.0,  14.0,  20.0,  60.0, -11.0,  0.0,  1.0,  0.0,  0.0,  1.0, 0.0, 131.0,    3.0,   2.0,   1.0,     3.0,     0.0, 0.0    ,     0.0,     0.0,     0.0,     0.0,     0.0,     7.0
beranjo01, 1996,     1, PIT , NHL , L  ,  8.0,  3.0,   1.0,   4.0,   4.0, -1.0 ,  1.0,  0.0,  0.0,  0.0,  0.0, 0.0,  15.0,    5.0,   0.0,   0.0,     0.0,     2.0, -4.0   ,     0.0,     0.0,     0.0,     0.0,     0.0,    17.0
beranjo01, 1998,     1, EDM , NHL , L  , 66.0, 19.0,  30.0,  49.0,  23.0, 6.0  ,  7.0, 10.0,  0.0,  0.0,  2.0, 0.0, 160.0,    2.0,   0.0,   0.0,     0.0,     4.0, -1.0   ,     0.0,     0.0,     0.0,     0.0,     0.0,     0.0
beranjo01, 1999,     1, EDM , NHL , C  , 58.0,  9.0,   8.0,  17.0,  39.0, -6.0 ,  3.0,  2.0,  0.0,  0.0,  1.0, 0.0, 107.0,       ,      ,      ,        ,        ,        ,        ,        ,        ,        ,        ,      
beranjo01, 1999,     2, PIT , NHL , C  , 13.0,  4.0,   4.0,   8.0,  18.0, -6.0 ,  1.0,  1.0,  0.0,  0.0,  0.0, 0.0,  32.0,   11.0,   0.0,   3.0,     3.0,     4.0, 2.0    ,     0.0,     2.0,     0.0,     0.0,     0.0,    16.0
beranjo01, 2000,     1, PIT , NHL , L  , 70.0,  9.0,  14.0,  23.0,  43.0, -7.0 ,  2.0,  4.0,  0.0,  0.0,  2.0, 0.0, 152.0,   13.0,   0.0,   2.0,     2.0,     2.0, 1.0    ,     0.0,     0.0,     0.0,     0.0,     0.0,    13.0
berarbr01, 1996,     1, NYI , NHL , D  , 82.0,  8.0,  40.0,  48.0,  86.0, 1.0  ,  3.0, 17.0,  0.0,  0.0,  1.0, 0.0, 172.0,       ,      ,      ,        ,        ,        ,        ,        ,        ,        ,        ,      
berarbr01, 1997,     1, NYI , NHL , D  , 75.0, 14.0,  32.0,  46.0,  59.0, -32.0,  8.0, 21.0,  1.0,  0.0,  2.0, 1.0, 192.0,       ,      ,      ,        ,        ,        ,        ,        ,        ,        ,        ,      
berarbr01, 1998,     1, NYI , NHL , D  , 31.0,  4.0,  11.0,  15.0,  26.0, -6.0 ,  2.0,  5.0,  0.0,  0.0,  3.0, 0.0,  72.0,       ,      ,      ,        ,        ,        ,        ,        ,        ,        ,        ,      
berarbr01, 1998,     2, TOR , NHL , D  , 38.0,  5.0,  14.0,  19.0,  22.0, 7.0  ,  2.0,  9.0,  0.0,  0.0,  2.0, 1.0,  63.0,   17.0,   1.0,   8.0,     9.0,     8.0, -10.0  ,     1.0,     7.0,     0.0,     0.0,     0.0,    29.0
berarbr01, 1999,     1, TOR , NHL , D  , 64.0,  3.0,  27.0,  30.0,  42.0, 11.0 ,  1.0, 10.0,  0.0,  0.0,  0.0, 0.0,  98.0,       ,      ,      ,        ,        ,        ,        ,        ,        ,        ,        ,      
berarbr01, 2001,     1, NYR , NHL , D  , 82.0,  2.0,  21.0,  23.0,  60.0, -1.0 ,  0.0,  5.0,  0.0,  1.0,  0.0, 0.0, 132.0,       ,      ,      ,        ,        ,        ,        ,        ,        ,        ,        ,      
berarbr01, 2002,     1, BOS , NHL , D  , 80.0, 10.0,  28.0,  38.0,  64.0, -4.0 ,  4.0, 12.0,  0.0,  0.0,  1.0, 0.0, 205.0,    3.0,   1.0,   0.0,     1.0,     2.0, -1.0   ,     0.0,     0.0,     0.0,     0.0,     0.0,     5.0
berarbr01, 2003,     1, CHI , NHL , D  , 58.0, 13.0,  34.0,  47.0,  53.0, -24.0,  6.0, 19.0,  0.0,  0.0,  0.0, 0.0, 203.0,       ,      ,      ,        ,        ,        ,        ,        ,        ,        ,        ,      
berarbr01, 2005,     1, CBS , NHL , D  , 44.0, 12.0,  20.0,  32.0,  32.0, -29.0, 11.0, 11.0,  0.0,  0.0,  2.0,    , 126.0,       ,      ,      ,        ,        ,        ,        ,        ,        ,        ,        ,      
berarbr01, 2006,     1, CBS , NHL , D  , 11.0,  0.0,   3.0,   3.0,   8.0, -4.0 ,  0.0,  1.0,  0.0,  0.0,  0.0,    ,  22.0,       ,      ,      ,        ,        ,        ,        ,        ,        ,        ,        ,      
berarbr01, 2007,     1, NYI , NHL , D  , 54.0,  5.0,  17.0,  22.0,  48.0, -17.0,  4.0, 11.0,  0.0,  0.0,  2.0,    ,  87.0,       ,      ,      ,        ,        ,        ,        ,        ,        ,        ,        ,      
berehdr01, 1990,     1, TOR , NHL , D  ,  8.0,  0.0,   1.0,   1.0,  25.0, -6.0 ,  0.0,  1.0,  0.0,  0.0,  0.0, 0.0,   4.0,       ,      ,      ,        ,        ,        ,        ,        ,        ,        ,        ,      
berehdr01, 1991,     1, TOR , NHL , D  ,  1.0,  0.0,   0.0,   0.0,   0.0, 0.0  ,  0.0,  0.0,  0.0,  0.0,  0.0, 0.0,   0.0,       ,      ,      ,        ,        ,        ,        ,        ,        ,        ,        ,      
berehdr01, 1992,     1, TOR , NHL , D  , 41.0,  4.0,  15.0,  19.0,  61.0, 1.0  ,  1.0,  8.0,  0.0,  0.0,  1.0, 0.0,  41.0,       ,      ,      ,        ,        ,        ,        ,        ,        ,        ,        ,      
berehdr01, 1993,     1, TOR , NHL , D  , 49.0,  2.0,   8.0,  10.0,  63.0, -3.0 ,  2.0,  6.0,  0.0,  0.0,  2.0, 0.0,  29.0,       ,      ,      ,        ,        ,        ,        ,        ,        ,        ,        ,      
berehdr01, 1994,     1, TOR , NHL , D  , 25.0,  0.0,   2.0,   2.0,  15.0, -10.0,  0.0,  0.0,  0.0,  0.0,  0.0, 0.0,  12.0,       ,      ,      ,        ,        ,        ,        ,        ,        ,        ,        ,      
berehdr01, 1994,     2, PIT , NHL , D  ,  4.0,  0.0,   0.0,   0.0,  13.0, 1.0  ,  0.0,  0.0,  0.0,  0.0,  0.0, 0.0,   2.0,    1.0,   0.0,   0.0,     0.0,     0.0, -1.0   ,     0.0,     0.0,     0.0,     0.0,     0.0,     0.0
berehdr01, 1995,     1, PIT , NHL , D  ,  1.0,  0.0,   0.0,   0.0,   0.0, 1.0  ,  0.0,  0.0,  0.0,  0.0,  0.0, 0.0,   0.0,       ,      ,      ,        ,        ,        ,        ,        ,        ,        ,        ,      
berehdr01, 1997,     1, EDM , NHL , D  , 67.0,  1.0,   6.0,   7.0, 169.0, 1.0  ,  1.0,  1.0,  0.0,  0.0,  1.0, 0.0,  58.0,   12.0,   1.0,   2.0,     3.0,    14.0, 1.0    ,     0.0,     1.0,     0.0,     0.0,     1.0,     4.0
berehdr01, 1998,     1, NAS , NHL , D  , 74.0,  2.0,  15.0,  17.0, 140.0, -9.0 ,  0.0,  4.0,  0.0,  1.0,  0.0, 0.0,  79.0,       ,      ,      ,        ,        ,        ,        ,        ,        ,        ,        ,      
berehdr01, 1999,     1, NAS , NHL , D  , 79.0, 12.0,  20.0,  32.0,  87.0, -4.0 ,  5.0,  7.0,  0.0,  0.0,  1.0, 0.0, 102.0,       ,      ,      ,        ,        ,        ,        ,        ,        ,        ,        ,      
berehdr01, 2000,     1, NAS , NHL , D  , 66.0,  6.0,  18.0,  24.0, 100.0, -9.0 ,  3.0, 12.0,  0.0,  0.0,  1.0, 0.0,  94.0,       ,      ,      ,        ,        ,        ,        ,        ,        ,        ,        ,      
berehdr01, 2000,     2, VAN , NHL , D  , 14.0,  1.0,   1.0,   2.0,  21.0, 0.0  ,  1.0,  0.0,  0.0,  0.0,  0.0, 0.0,  13.0,    4.0,   0.0,   0.0,     0.0,    12.0, 2.0    ,     0.0,     0.0,     0.0,     0.0,     0.0,     1.0
berehdr01, 2001,     1, VAN , NHL , D  , 25.0,  1.0,   2.0,   3.0,  18.0, -5.0 ,  0.0,  0.0,  0.0,  0.0,  1.0, 0.0,  15.0,       ,      ,      ,        ,        ,        ,        ,        ,        ,        ,        ,      
berehdr01, 2001,     2, PHO , NHL , D  , 32.0,  1.0,   4.0,   5.0,  42.0, 5.0  ,  0.0,  1.0,  0.0,  0.0,  0.0, 0.0,  23.0,    5.0,   0.0,   1.0,     1.0,     4.0, -3.0   ,     0.0,     1.0,     0.0,     0.0,     0.0,     4.0
berehdr01, 2002,     1, PHO , NHL , D  ,  7.0,  1.0,   2.0,   3.0,  27.0, 0.0  ,  0.0,  1.0,  0.0,  0.0,  0.0, 0.0,   8.0,       ,      ,      ,        ,        ,        ,        ,        ,        ,        ,        ,      
berehdr01, 2003,     1, PIT , NHL , D  , 47.0,  5.0,  16.0,  21.0,  50.0, -16.0,  3.0, 12.0,  0.0,  0.0,  0.0, 0.0,  62.0,       ,      ,      ,        ,        ,        ,        ,        ,        ,        ,        ,      
berehdr01, 2003,     2, TOR , NHL , D  ,  9.0,  1.0,   2.0,   3.0,  17.0, 5.0  ,  0.0,  0.0,  0.0,  0.0,  0.0, 0.0,   8.0,       ,      ,      ,        ,        ,        ,        ,        ,        ,        ,        ,      
berenbu01, 1999,     1, NAS , NHL , D  ,  2.0,  0.0,   0.0,   0.0,   0.0, -1.0 ,  0.0,  0.0,  0.0,  0.0,  0.0, 0.0,   3.0,       ,      ,      ,        ,        ,        ,        ,        ,        ,        ,        ,      
berenbu01, 2000,     1, NAS , NHL , D  ,  5.0,  0.0,   0.0,   0.0,   0.0, 0.0  ,  0.0,  0.0,  0.0,  0.0,  0.0, 0.0,   0.0,       ,      ,      ,        ,        ,        ,        ,        ,        ,        ,        ,      
berenbu01, 2001,     1, NAS , NHL , D  , 26.0,  3.0,   7.0,  10.0,  14.0, -3.0 ,  0.0,  2.0,  0.0,  0.0,  1.0, 0.0,  27.0,       ,      ,      ,        ,        ,        ,        ,        ,        ,        ,        ,      
berenbu01, 2002,     1, NAS , NHL , D  ,  4.0,  0.0,   0.0,   0.0,   0.0, 0.0  ,  0.0,  0.0,  0.0,  0.0,  0.0, 0.0,   5.0,       ,      ,      ,        ,        ,        ,        ,        ,        ,        ,        ,      
berenre01, 1961,     1, MTL , NHL , L  ,  4.0,  1.0,   2.0,   3.0,   4.0,      ,     ,     ,     ,     ,     ,    ,      ,    5.0,   2.0,   0.0,     2.0,     0.0,        ,        ,        ,        ,        ,     0.0,      
berenre01, 1962,     1, MTL , NHL , L  , 37.0,  2.0,   6.0,   8.0,  15.0,      ,     ,     ,     ,     ,     ,    ,      ,    5.0,   0.0,   0.0,     0.0,     0.0,        ,        ,        ,        ,        ,     0.0,      
berenre01, 1963,     1, MTL , NHL , L  , 69.0,  7.0,   9.0,  16.0,  12.0,      ,  0.0,     ,  3.0,     ,  1.0, 1.0,      ,    7.0,   0.0,   0.0,     0.0,     4.0,        ,        ,        ,        ,        ,     0.0,      
berenre01, 1964,     1, MTL , NHL , L  ,  3.0,  1.0,   2.0,   3.0,   0.0,      ,  0.0,     ,  0.0,     ,  1.0, 0.0,      ,    9.0,   0.0,   1.0,     1.0,     2.0,        ,        ,        ,        ,        ,     0.0,      
berenre01, 1965,     1, MTL , NHL , L  , 23.0,  3.0,   4.0,   7.0,  12.0,      ,  0.0,     ,  0.0,     ,  0.0, 0.0,      ,       ,      ,      ,        ,        ,        ,        ,        ,        ,        ,        ,      
berenre01, 1966,     1, NYR , NHL , C  , 30.0,  0.0,   5.0,   5.0,   2.0,      ,  0.0,     ,  0.0,     ,  0.0, 0.0,      ,    4.0,   0.0,   1.0,     1.0,     2.0,        ,        ,        ,        ,        ,     0.0,      
berenre01, 1967,     1, NYR , NHL , L  , 19.0,  2.0,   1.0,   3.0,   2.0, -1.0 ,  0.0,     ,  0.0,     ,  0.0, 0.0,  25.0,       ,      ,      ,        ,        ,        ,        ,        ,        ,        ,        ,      
berenre01, 1967,     2, STL , NHL , L  , 55.0, 22.0,  29.0,  51.0,  22.0, -8.0 ,  7.0,     ,  0.0,     ,  7.0, 3.0, 219.0,   18.0,   5.0,   2.0,     7.0,     9.0,        ,     1.0,        ,     1.0,        ,     0.0,      
berenre01, 1968,     1, STL , NHL , C  , 76.0, 35.0,  47.0,  82.0,  43.0, 26.0 ,  7.0,     ,  1.0,     ,  6.0, 4.0, 288.0,   12.0,   7.0,   3.0,    10.0,    20.0,        ,     2.0,        ,     0.0,        ,     1.0,      
berenre01, 1969,     1, STL , NHL , C  , 67.0, 33.0,  39.0,  72.0,  38.0, -3.0 , 16.0,     ,  0.0,     ,  8.0, 1.0, 282.0,   16.0,   7.0,   5.0,    12.0,     8.0,        ,     3.0,        ,     1.0,        ,     1.0,      
berenre01, 1970,     1, STL , NHL , C  , 45.0, 16.0,  26.0,  42.0,  12.0, -7.0 ,  6.0,     ,  1.0,     ,  1.0, 4.0, 174.0,       ,      ,      ,        ,        ,        ,        ,        ,        ,        ,        ,      
berenre01, 1970,     2, DET , NHL , C  , 24.0,  5.0,  12.0,  17.0,   4.0, -7.0 ,  1.0,     ,  0.0,     ,  1.0, 0.0,  51.0,       ,      ,      ,        ,        ,        ,        ,        ,        ,        ,        ,      
berenre01, 1971,     1, DET , NHL , C  , 78.0, 28.0,  41.0,  69.0,  16.0, -8.0 ,  5.0,     ,  2.0,     ,  2.0, 0.0, 218.0,       ,      ,      ,        ,        ,        ,        ,        ,        ,        ,        ,      
berenre01, 1972,     1, DET , NHL , C  , 78.0, 13.0,  30.0,  43.0,   8.0, -14.0,  5.0,     ,  0.0,     ,  1.0, 1.0, 180.0,       ,      ,      ,        ,        ,        ,        ,        ,        ,        ,        ,      
berenre01, 1973,     1, DET , NHL , C  , 76.0, 24.0,  42.0,  66.0,  28.0, -22.0,  6.0,     ,  1.0,     ,  2.0, 1.0, 179.0,       ,      ,      ,        ,        ,        ,        ,        ,        ,        ,        ,      
berenre01, 1974,     1, DET , NHL , C  , 27.0,  3.0,   3.0,   6.0,   8.0, -10.0,  1.0,     ,  0.0,     ,  0.0, 1.0,  40.0,       ,      ,      ,        ,        ,        ,        ,        ,        ,        ,        ,      
berenre01, 1974,     2, STL , NHL , C  , 44.0, 12.0,  19.0,  31.0,  12.0, -7.0 ,  4.0,     ,  1.0,     ,  1.0, 3.0, 111.0,    2.0,   1.0,   0.0,     1.0,     0.0,        ,     1.0,        ,     0.0,        ,     0.0,      
berenre01, 1975,     1, STL , NHL , C  , 72.0, 20.0,  27.0,  47.0,  47.0, -11.0,  9.0,     ,  2.0,     ,  1.0, 0.0, 171.0,    3.0,   1.0,   2.0,     3.0,    10.0,        ,     0.0,        ,     0.0,        ,     0.0,      
berenre01, 1976,     1, STL , NHL , C  , 80.0, 21.0,  28.0,  49.0,   8.0, -28.0,  4.0,     ,  0.0,     ,  3.0, 0.0, 178.0,    4.0,   0.0,   0.0,     0.0,     4.0,        ,     0.0,        ,     0.0,        ,     0.0,      
berenre01, 1977,     1, STL , NHL , C  , 80.0, 13.0,  25.0,  38.0,  12.0, -20.0,  0.0,     ,  1.0,     ,  2.0, 0.0, 140.0,       ,      ,      ,        ,        ,        ,        ,        ,        ,        ,        ,      
berezpe01, 1984,     1, CAL , NHL , C  ,  9.0,  3.0,   2.0,   5.0,   4.0, 5.0  ,  0.0,     ,  0.0,     ,  1.0, 0.0,  13.0,    2.0,   1.0,   0.0,     1.0,     4.0, -1.0   ,     1.0,        ,     0.0,        ,     0.0,     4.0
berezpe01, 1985,     1, CAL , NHL , C  , 55.0, 12.0,  21.0,  33.0,  39.0, 19.0 ,  0.0,     ,  2.0,     ,  3.0, 0.0, 117.0,    8.0,   1.0,   1.0,     2.0,     6.0, -9.0   ,     0.0,        ,     0.0,        ,     1.0,     6.0
berezpe01, 1986,     1, CAL , NHL , C  , 24.0,  5.0,   3.0,   8.0,  24.0, 4.0  ,  0.0,     ,  1.0,     ,  0.0, 0.0,  31.0,    2.0,   0.0,   2.0,     2.0,     7.0, 2.0    ,     0.0,        ,     0.0,        ,     0.0,     2.0
berezpe01, 1987,     1, CAL , NHL , C  , 29.0,  7.0,  12.0,  19.0,  66.0, 11.0 ,  0.0,  0.0,  2.0,  1.0,  1.0, 0.0,  69.0,    8.0,   0.0,   2.0,     2.0,    13.0, 3.0    ,     0.0,     0.0,     0.0,     1.0,     0.0,    17.0
berezpe01, 1988,     1, CAL , NHL , C  , 35.0,  4.0,   4.0,   8.0,  23.0, 5.0  ,  0.0,  0.0,  1.0,  0.0,  0.0, 0.0,  49.0,       ,      ,      ,        ,        ,        ,        ,        ,        ,        ,        ,      
berezpe01, 1988,     2, MNS , NHL , C  , 16.0,  1.0,   4.0,   5.0,   4.0, 1.0  ,  0.0,  0.0,  0.0,  0.0,  0.0, 0.0,  16.0,    5.0,   1.0,   2.0,     3.0,     4.0, 0.0    ,     0.0,     0.0,     0.0,     0.0,     0.0,     4.0
berezpe01, 1989,     1, MNS , NHL , C  , 64.0,  3.0,  12.0,  15.0,  31.0, -4.0 ,  0.0,  0.0,  0.0,  2.0,  0.0, 0.0,  75.0,    5.0,   1.0,   0.0,     1.0,     0.0, -2.0   ,     0.0,     0.0,     0.0,     0.0,     0.0,     7.0
berezpe01, 1990,     1, MNS , NHL , C  , 52.0, 11.0,   6.0,  17.0,  30.0, -2.0 ,  1.0,  0.0,  3.0,  0.0,  1.0, 0.0,  73.0,    1.0,   0.0,   0.0,     0.0,     0.0, -1.0   ,     0.0,     0.0,     0.0,     0.0,     0.0,     2.0
berezpe01, 1991,     1, SJS , NHL , C  , 66.0, 12.0,   7.0,  19.0,  30.0, -26.0,  4.0,  1.0,  1.0,  0.0,  2.0, 0.0, 112.0,       ,      ,      ,        ,        ,        ,        ,        ,        ,        ,        ,      
berezpe01, 1992,     1, SJS , NHL , R  , 28.0,  3.0,   4.0,   7.0,  28.0, -18.0,  1.0,  0.0,  1.0,  1.0,  0.0, 0.0,  37.0,       ,      ,      ,        ,        ,        ,        ,        ,        ,        ,        ,      
berezse01, 1996,     1, TOR , NHL , L  , 73.0, 25.0,  16.0,  41.0,   2.0, -3.0 ,  7.0,  5.0,  0.0,  0.0,  2.0, 0.0, 177.0,       ,      ,      ,        ,        ,        ,        ,        ,        ,        ,        ,      
berezse01, 1997,     1, TOR , NHL , L  , 68.0, 16.0,  15.0,  31.0,  10.0, -3.0 ,  3.0,  0.0,  0.0,  0.0,  3.0, 1.0, 167.0,       ,      ,      ,        ,        ,        ,        ,        ,        ,        ,        ,      
berezse01, 1998,     1, TOR , NHL , R  , 76.0, 37.0,  22.0,  59.0,  12.0, 16.0 ,  9.0,  3.0,  1.0,  1.0,  4.0, 0.0, 263.0,   17.0,   6.0,   6.0,    12.0,     4.0, 0.0    ,     2.0,     2.0,     0.0,     0.0,     2.0,    65.0
berezse01, 1999,     1, TOR , NHL , L  , 61.0, 26.0,  13.0,  39.0,   2.0, 8.0  ,  5.0,  3.0,  0.0,  0.0,  4.0, 0.0, 241.0,   12.0,   4.0,   4.0,     8.0,     0.0, 2.0    ,     0.0,     1.0,     0.0,     0.0,     1.0,    37.0
berezse01, 2000,     1, TOR , NHL , L  , 79.0, 22.0,  28.0,  50.0,   8.0, 2.0  , 10.0,  5.0,  0.0,  0.0,  3.0, 1.0, 256.0,   11.0,   2.0,   5.0,     7.0,     2.0, 1.0    ,     0.0,     1.0,     0.0,     0.0,     2.0,    24.0
berezse01, 2001,     1, PHO , NHL , L  , 41.0,  7.0,   9.0,  16.0,   4.0, -1.0 ,  1.0,  3.0,  0.0,  0.0,  4.0, 0.0, 120.0,       ,      ,      ,        ,        ,        ,        ,        ,        ,        ,        ,      
berezse01, 2001,     2, MTL , NHL , L  , 29.0,  4.0,   6.0,  10.0,   4.0, 3.0  ,  3.0,  2.0,  0.0,  0.0,  1.0, 0.0,  80.0,    6.0,   1.0,   1.0,     2.0,     0.0, 2.0    ,     1.0,     0.0,     0.0,     0.0,     0.0,    11.0
berezse01, 2002,     1, CHI , NHL , L  , 66.0, 18.0,  13.0,  31.0,   8.0, -3.0 ,  5.0,  0.0,  0.0,  0.0,  0.0, 0.0, 171.0,       ,      ,      ,        ,        ,        ,        ,        ,        ,        ,        ,      
berezse01, 2002,     2, WAS , NHL , L  ,  9.0,  5.0,   4.0,   9.0,   4.0, 10.0 ,  0.0,  0.0,  0.0,  0.0,  2.0, 0.0,  28.0,    6.0,   0.0,   1.0,     1.0,     0.0, -2.0   ,     0.0,     1.0,     0.0,     0.0,     0.0,    15.0
bergak01 , 1995,     1, LAK , NHL , D  , 51.0,  0.0,   7.0,   7.0,  29.0, -13.0,  0.0,  0.0,  0.0,  0.0,  0.0, 0.0,  56.0,       ,      ,      ,        ,        ,        ,        ,        ,        ,        ,        ,      
bergak01 , 1996,     1, LAK , NHL , D  , 41.0,  2.0,   6.0,   8.0,  24.0, -9.0 ,  2.0,  0.0,  0.0,  0.0,  0.0, 0.0,  65.0,       ,      ,      ,        ,        ,        ,        ,        ,        ,        ,        ,      
bergak01 , 1997,     1, LAK , NHL , D  , 72.0,  0.0,   8.0,   8.0,  61.0, 3.0  ,  0.0,  2.0,  0.0,  0.0,  0.0, 0.0,  58.0,    4.0,   0.0,   3.0,     3.0,     0.0, 3.0    ,     0.0,     0.0,     0.0,     0.0,     0.0,     7.0
bergak01 , 1999,     1, LAK , NHL , D  , 70.0,  3.0,  13.0,  16.0,  45.0, -1.0 ,  0.0,  2.0,  0.0,  0.0,  0.0, 0.0,  70.0,    2.0,   0.0,   0.0,     0.0,     2.0, 0.0    ,     0.0,     0.0,     0.0,     0.0,     0.0,     5.0
bergak01 , 2000,     1, LAK , NHL , D  , 47.0,  0.0,   4.0,   4.0,  43.0, 3.0  ,  0.0,  0.0,  0.0,  0.0,  0.0, 0.0,  31.0,       ,      ,      ,        ,        ,        ,        ,        ,        ,        ,        ,      
bergak01 , 2000,     2, TOR , NHL , D  , 12.0,  3.0,   0.0,   3.0,   2.0, -6.0 ,  3.0,  0.0,  0.0,  0.0,  1.0, 0.0,  12.0,   11.0,   0.0,   2.0,     2.0,     4.0, 1.0    ,     0.0,     1.0,     0.0,     0.0,     0.0,     9.0
bergak01 , 2001,     1, TOR , NHL , D  , 81.0,  1.0,  10.0,  11.0,  46.0, 14.0 ,  0.0,  0.0,  0.0,  0.0,  0.0, 0.0,  66.0,   20.0,   0.0,   1.0,     1.0,    37.0, 0.0    ,     0.0,     0.0,     0.0,     0.0,     0.0,    10.0
bergak01 , 2002,     1, TOR , NHL , D  , 78.0,  4.0,   7.0,  11.0,  28.0, 3.0  ,  0.0,  0.0,  0.0,  1.0,  2.0, 0.0,  49.0,    7.0,   1.0,   1.0,     2.0,     2.0, 1.0    ,     0.0,     0.0,     0.0,     0.0,     0.0,     5.0
bergak01 , 2003,     1, TOR , NHL , D  , 79.0,  2.0,   7.0,   9.0,  40.0, -1.0 ,  0.0,  1.0,  0.0,  0.0,  0.0, 0.0,  69.0,   10.0,   0.0,   0.0,     0.0,     2.0, -3.0   ,     0.0,     0.0,     0.0,     0.0,     0.0,     7.0
bergak01 , 2005,     1, TOR , NHL , D  , 75.0,  0.0,   8.0,   8.0,  56.0, -5.0 ,  0.0,  0.0,  0.0,  1.0,  0.0,    ,  42.0,       ,      ,      ,        ,        ,        ,        ,        ,        ,        ,        ,      
bergbi01 , 1988,     1, NYI , NHL , L  ,  7.0,  1.0,   2.0,   3.0,  10.0, -2.0 ,  1.0,  2.0,  0.0,  0.0,  0.0, 0.0,  10.0,       ,      ,      ,        ,        ,        ,        ,        ,        ,        ,        ,      
bergbi01 , 1990,     1, NYI , NHL , L  , 78.0,  9.0,  14.0,  23.0,  67.0, -3.0 ,  0.0,  0.0,  0.0,  2.0,  0.0, 0.0,  95.0,       ,      ,      ,        ,        ,        ,        ,        ,        ,        ,        ,      
bergbi01 , 1991,     1, NYI , NHL , L  , 47.0,  5.0,   9.0,  14.0,  28.0, -18.0,  1.0,  0.0,  0.0,  2.0,  1.0, 0.0,  60.0,       ,      ,      ,        ,        ,        ,        ,        ,        ,        ,        ,      
bergbi01 , 1992,     1, NYI , NHL , L  , 22.0,  6.0,   3.0,   9.0,  49.0, 4.0  ,  0.0,  0.0,  2.0,  0.0,  0.0, 0.0,  30.0,       ,      ,      ,        ,        ,        ,        ,        ,        ,        ,        ,      
bergbi01 , 1992,     2, TOR , NHL , L  , 58.0,  7.0,   8.0,  15.0,  54.0, -1.0 ,  0.0,  0.0,  1.0,  0.0,  2.0, 0.0,  83.0,   21.0,   1.0,   1.0,     2.0,    18.0, 1.0    ,     0.0,     0.0,     0.0,     0.0,     0.0,    30.0
bergbi01 , 1993,     1, TOR , NHL , L  , 83.0,  8.0,  11.0,  19.0,  93.0, -3.0 ,  0.0,  0.0,  0.0,  0.0,  1.0, 0.0,  99.0,   18.0,   1.0,   2.0,     3.0,    10.0, -1.0   ,     0.0,     0.0,     0.0,     0.0,     0.0,    26.0
bergbi01 , 1994,     1, TOR , NHL , L  , 32.0,  5.0,   1.0,   6.0,  26.0, -11.0,  0.0,  0.0,  0.0,  0.0,  2.0, 0.0,  57.0,    7.0,   0.0,   1.0,     1.0,     4.0, -3.0   ,     0.0,     0.0,     0.0,     0.0,     0.0,     6.0
bergbi01 , 1995,     1, TOR , NHL , L  , 23.0,  1.0,   1.0,   2.0,  33.0, -6.0 ,  0.0,  0.0,  0.0,  0.0,  0.0, 0.0,  33.0,       ,      ,      ,        ,        ,        ,        ,        ,        ,        ,        ,      
bergbi01 , 1995,     2, NYR , NHL , L  , 18.0,  2.0,   1.0,   3.0,   8.0, 0.0  ,  0.0,  0.0,  1.0,  0.0,  0.0, 0.0,  27.0,   10.0,   1.0,   0.0,     1.0,     0.0, -1.0   ,     0.0,     0.0,     0.0,     0.0,     0.0,     8.0
bergbi01 , 1996,     1, NYR , NHL , L  , 67.0,  8.0,   6.0,  14.0,  37.0, 2.0  ,  0.0,  0.0,  2.0,  0.0,  3.0, 0.0,  84.0,    3.0,   0.0,   0.0,     0.0,     2.0, -1.0   ,     0.0,     0.0,     0.0,     0.0,     0.0,     5.0
bergbi01 , 1997,     1, NYR , NHL , C  , 67.0,  1.0,   9.0,  10.0,  55.0, -15.0,  0.0,  0.0,  0.0,  0.0,  0.0, 0.0,  74.0,       ,      ,      ,        ,        ,        ,        ,        ,        ,        ,        ,      
bergbi01 , 1998,     1, OTT , NHL , L  , 44.0,  2.0,   2.0,   4.0,  28.0, 4.0  ,  0.0,  0.0,  0.0,  0.0,  0.0, 1.0,  40.0,    2.0,   0.0,   0.0,     0.0,     0.0, 0.0    ,     0.0,     0.0,     0.0,     0.0,     0.0,     0.0
bergdfr01, 1925,     1, BOS , NHL , F  ,  2.0,  0.0,   0.0,   0.0,   0.0,      ,     ,     ,     ,     ,     ,    ,      ,       ,      ,      ,        ,        ,        ,        ,        ,        ,        ,        ,      
bergeje01, 1990,     1, MTL , NHL , G  , 18.0,  0.0,   1.0,   1.0,   0.0, 0.0  ,  0.0,     ,  0.0,     ,  0.0, 0.0,   0.0,       ,      ,      ,        ,        ,        ,        ,        ,        ,        ,        ,      
bergeje01, 1992,     1, TBL , NHL , G  , 21.0,  0.0,   1.0,   1.0,   2.0, 0.0  ,  0.0,  1.0,  0.0,  0.0,  0.0, 0.0,   0.0,       ,      ,      ,        ,        ,        ,        ,        ,        ,        ,        ,      
bergeje01, 1993,     1, TBL , NHL , G  ,  3.0,  0.0,   0.0,   0.0,   0.0, 0.0  ,  0.0,  0.0,  0.0,  0.0,  0.0, 0.0,   0.0,       ,      ,      ,        ,        ,        ,        ,        ,        ,        ,        ,      
bergeje01, 1994,     1, TBL , NHL , G  , 17.0,  0.0,   0.0,   0.0,   2.0, 0.0  ,  0.0,  0.0,  0.0,  0.0,  0.0, 0.0,   0.0,       ,      ,      ,        ,        ,        ,        ,        ,        ,        ,        ,      
bergeje01, 1995,     1, TBL , NHL , G  , 12.0,  0.0,   0.0,   0.0,   0.0, 0.0  ,  0.0,  0.0,  0.0,  0.0,  0.0, 0.0,   0.0,       ,      ,      ,        ,        ,        ,        ,        ,        ,        ,        ,      
bergeje01, 1996,     1, LAK , NHL , G  ,  1.0,  0.0,   0.0,   0.0,   0.0, 0.0  ,  0.0,  0.0,  0.0,  0.0,  0.0, 0.0,   0.0,       ,      ,      ,        ,        ,        ,        ,        ,        ,        ,        ,      
bergema01, 1984,     1, CHI , NHL , D  , 60.0,  0.0,   6.0,   6.0,  54.0, -9.0 ,  0.0,     ,  0.0,     ,  0.0, 0.0,  41.0,    6.0,   0.0,   3.0,     3.0,     2.0, -4.0   ,     0.0,        ,     0.0,        ,     0.0,     1.0
bergema01, 1985,     1, CHI , NHL , D  , 71.0,  7.0,   7.0,  14.0,  60.0, 0.0  ,  0.0,     ,  0.0,     ,  1.0, 0.0,  50.0,    3.0,   0.0,   0.0,     0.0,     0.0, -1.0   ,     0.0,        ,     0.0,        ,     0.0,     5.0
bergema01, 1986,     1, CHI , NHL , D  , 66.0,  4.0,  10.0,  14.0,  66.0, 4.0  ,  0.0,     ,  0.0,     ,  0.0, 1.0,  56.0,    3.0,   1.0,   0.0,     1.0,     2.0, -1.0   ,     0.0,        ,     0.0,        ,     0.0,     4.0
bergema01, 1987,     1, CHI , NHL , D  , 58.0,  1.0,   6.0,   7.0,  85.0, -19.0,  0.0,  1.0,  0.0,  0.0,  0.0, 0.0,  51.0,       ,      ,      ,        ,        ,        ,        ,        ,        ,        ,        ,      
bergema01, 1988,     1, CHI , NHL , D  , 11.0,  0.0,   0.0,   0.0,  18.0, -3.0 ,  0.0,  0.0,  0.0,  0.0,  0.0, 0.0,   9.0,       ,      ,      ,        ,        ,        ,        ,        ,        ,        ,        ,      
bergema01, 1988,     2, NYI , NHL , D  , 58.0,  2.0,  13.0,  15.0,  62.0, 2.0  ,  1.0,  0.0,  0.0,  0.0,  0.0, 0.0,  56.0,       ,      ,      ,        ,        ,        ,        ,        ,        ,        ,        ,      
bergema01, 1989,     1, NYI , NHL , D  , 18.0,  0.0,   4.0,   4.0,  30.0, -8.0 ,  0.0,  0.0,  0.0,  1.0,  0.0, 0.0,  12.0,    1.0,   0.0,   0.0,     0.0,     2.0, 0.0    ,     0.0,     0.0,     0.0,     0.0,     0.0,     1.0
bergema01, 1990,     1, HAR , NHL , D  ,  4.0,  0.0,   0.0,   0.0,   4.0, -3.0 ,  0.0,  0.0,  0.0,  0.0,  0.0, 0.0,   2.0,       ,      ,      ,        ,        ,        ,        ,        ,        ,        ,        ,      
bergema01, 1991,     1, HAR , NHL , D  , 75.0,  7.0,  17.0,  24.0,  64.0, -13.0,  4.0,  9.0,  1.0,  1.0,  1.0, 0.0,  96.0,    5.0,   0.0,   0.0,     0.0,     2.0, 1.0    ,     0.0,     0.0,     0.0,     0.0,     0.0,     7.0
bergema01, 1992,     1, TBL , NHL , D  , 78.0,  2.0,  12.0,  14.0,  66.0, -16.0,  0.0,  0.0,  0.0,  0.0,  0.0, 0.0,  69.0,       ,      ,      ,        ,        ,        ,        ,        ,        ,        ,        ,      
bergema01, 1993,     1, TBL , NHL , D  , 83.0,  1.0,  15.0,  16.0,  87.0, -5.0 ,  0.0,  1.0,  0.0,  1.0,  1.0, 0.0,  76.0,       ,      ,      ,        ,        ,        ,        ,        ,        ,        ,        ,      
bergema01, 1994,     1, TBL , NHL , D  , 44.0,  2.0,   4.0,   6.0,  51.0, -6.0 ,  0.0,  0.0,  1.0,  0.0,  0.0, 0.0,  32.0,       ,      ,      ,        ,        ,        ,        ,        ,        ,        ,        ,      
bergema01, 1995,     1, DET , NHL , D  , 70.0,  1.0,   9.0,  10.0,  33.0, 7.0  ,  0.0,  0.0,  0.0,  1.0,  0.0, 0.0,  26.0,   17.0,   1.0,   0.0,     1.0,    14.0, -4.0   ,     1.0,     0.0,     0.0,     0.0,     0.0,    14.0
bergema01, 1996,     1, STL , NHL , D  , 82.0,  0.0,   4.0,   4.0,  53.0, -9.0 ,  0.0,  1.0,  0.0,  0.0,  0.0, 0.0,  30.0,    6.0,   1.0,   0.0,     1.0,     8.0, 2.0    ,     0.0,     0.0,     0.0,     0.0,     0.0,     4.0
bergema01, 1997,     1, STL , NHL , D  , 81.0,  3.0,   7.0,  10.0,  90.0, -2.0 ,  0.0,  0.0,  0.0,  1.0,  0.0, 0.0,  40.0,   10.0,   0.0,   1.0,     1.0,     8.0, -1.0   ,     0.0,     0.0,     0.0,     0.0,     0.0,     6.0
bergema01, 1998,     1, STL , NHL , D  , 52.0,  1.0,   1.0,   2.0,  99.0, -14.0,  0.0,  0.0,  0.0,  0.0,  0.0, 0.0,  40.0,       ,      ,      ,        ,        ,        ,        ,        ,        ,        ,        ,      
bergema01, 1999,     1, STL , NHL , D  , 81.0,  1.0,   8.0,   9.0,  75.0, 27.0 ,  0.0,  0.0,  0.0,  1.0,  0.0, 0.0,  54.0,    7.0,   0.0,   1.0,     1.0,     6.0, 0.0    ,     0.0,     0.0,     0.0,     0.0,     0.0,     1.0
bergema01, 2000,     1, STL , NHL , D  ,  2.0,  0.0,   0.0,   0.0,   0.0, 1.0  ,  0.0,  0.0,  0.0,  0.0,  0.0, 0.0,   1.0,       ,      ,      ,        ,        ,        ,        ,        ,        ,        ,        ,      
bergema01, 2000,     2, PIT , NHL , D  , 36.0,  1.0,   4.0,   5.0,  26.0, 5.0  ,  0.0,  0.0,  0.0,  0.0,  0.0, 0.0,  11.0,   12.0,   0.0,   1.0,     1.0,     2.0, 2.0    ,     0.0,     0.0,     0.0,     0.0,     0.0,     9.0
bergema01, 2001,     1, STL , NHL , D  , 30.0,  0.0,   3.0,   3.0,   2.0, 6.0  ,  0.0,  0.0,  0.0,  0.0,  0.0, 0.0,  13.0,    7.0,   0.0,   0.0,     0.0,     4.0, 0.0    ,     0.0,     0.0,     0.0,     0.0,     0.0,     2.0
bergema01, 2002,     1, PIT , NHL , D  , 69.0,  2.0,   5.0,   7.0,  36.0, -9.0 ,  0.0,  0.0,  0.0,  1.0,  0.0, 0.0,  27.0,       ,      ,      ,        ,        ,        ,        ,        ,        ,        ,        ,      
bergema01, 2002,     2, TBL , NHL , D  ,  1.0,  0.0,   0.0,   0.0,   0.0, -2.0 ,  0.0,  0.0,  0.0,  0.0,  0.0, 0.0,   0.0,       ,      ,      ,        ,        ,        ,        ,        ,        ,        ,        ,      
bergema01, 2003,     1, PIT , NHL , D  , 52.0,  1.0,   8.0,   9.0,  27.0, -8.0 ,  0.0,  0.0,  0.0,  0.0,  0.0, 1.0,  23.0,       ,      ,      ,        ,        ,        ,        ,        ,        ,        ,        ,      
bergema01, 2003,     2, VAN , NHL , D  ,  9.0,  0.0,   2.0,   2.0,   2.0, 2.0  ,  0.0,  0.0,  0.0,  0.0,  0.0, 0.0,   7.0,    3.0,   0.0,   0.0,     0.0,     2.0, 0.0    ,     0.0,     0.0,     0.0,     0.0,     0.0,     2.0
bergema02, 2002,     1, EDM , NHL , D  ,  5.0,  1.0,   1.0,   2.0,   9.0, 2.0  ,  0.0,  1.0,  0.0,  0.0,  0.0, 0.0,   5.0,    1.0,   0.0,   1.0,     1.0,     0.0, -1.0   ,     0.0,     0.0,     0.0,     0.0,     0.0,     3.0
bergema02, 2003,     1, EDM , NHL , D  , 54.0,  9.0,  17.0,  26.0,  26.0, 13.0 ,  3.0,  7.0,  0.0,  0.0,  0.0, 0.0, 105.0,       ,      ,      ,        ,        ,        ,        ,        ,        ,        ,        ,      
bergema02, 2005,     1, EDM , NHL , D  , 75.0, 15.0,  20.0,  35.0,  38.0, 3.0  ,  8.0,  8.0,  0.0,  1.0,  1.0,    , 144.0,   18.0,   2.0,   1.0,     3.0,    14.0, 0.0    ,     2.0,     0.0,     0.0,     0.0,     0.0,    17.0
bergema02, 2006,     1, EDM , NHL , D  , 55.0,  8.0,  17.0,  25.0,  28.0, -9.0 ,  6.0, 10.0,  0.0,  0.0,  3.0,    , 111.0,       ,      ,      ,        ,        ,        ,        ,        ,        ,        ,        ,      
bergema02, 2006,     2, NYI , NHL , D  , 23.0,  6.0,  15.0,  21.0,  10.0, 5.0  ,  4.0,  5.0,  0.0,  0.0,  1.0,    ,  55.0,    5.0,   1.0,   1.0,     2.0,     6.0, 1.0    ,     1.0,     0.0,     0.0,     0.0,     1.0,    13.0
bergema02, 2007,     1, NYI , NHL , D  , 46.0,  9.0,   9.0,  18.0,  16.0, -14.0,  8.0,  6.0,  0.0,  0.0,  1.0,    ,  96.0,       ,      ,      ,        ,        ,        ,        ,        ,        ,        ,        ,      
bergema02, 2007,     2, AND , NHL , D  ,  9.0,  0.0,   1.0,   1.0,   4.0, -2.0 ,  0.0,  1.0,  0.0,  0.0,  0.0,    ,  12.0,       ,      ,      ,        ,        ,        ,        ,        ,        ,        ,        ,      
bergema02, 2008,     1, MIN , NHL , D  , 72.0, 14.0,  18.0,  32.0,  30.0, 5.0  ,  7.0, 11.0,  0.0,  0.0,  3.0,    , 140.0,       ,      ,      ,        ,        ,        ,        ,        ,        ,        ,        ,      
bergema02, 2009,     1, MTL , NHL , D  , 60.0, 13.0,  21.0,  34.0,  16.0, -7.0 ,  7.0, 15.0,  0.0,  0.0,  4.0,    , 123.0,   19.0,   2.0,   4.0,     6.0,    10.0, -12.0  ,     2.0,     3.0,     0.0,     0.0,     0.0,    36.0
bergemi01, 1974,     1, DET , NHL , R  , 25.0, 10.0,   7.0,  17.0,  10.0, 5.0  ,  1.0,     ,  0.0,     ,  0.0, 0.0,  51.0,       ,      ,      ,        ,        ,        ,        ,        ,        ,        ,        ,      
bergemi01, 1975,     1, DET , NHL , R  , 72.0, 32.0,  27.0,  59.0,  48.0, 2.0  , 12.0,     ,  0.0,     ,  4.0, 0.0, 190.0,       ,      ,      ,        ,        ,        ,        ,        ,        ,        ,        ,      
bergemi01, 1976,     1, DET , NHL , R  , 74.0, 21.0,  12.0,  33.0,  98.0, -40.0,  3.0,     ,  0.0,     ,  5.0, 0.0, 197.0,       ,      ,      ,        ,        ,        ,        ,        ,        ,        ,        ,      
bergemi01, 1977,     1, DET , NHL , R  ,  3.0,  1.0,   0.0,   1.0,   0.0, -2.0 ,  0.0,     ,  0.0,     ,  0.0, 0.0,   6.0,       ,      ,      ,        ,        ,        ,        ,        ,        ,        ,        ,      
bergemi01, 1977,     2, NYI , NHL , R  , 25.0,  9.0,   6.0,  15.0,   2.0, 16.0 ,  0.0,     ,  0.0,     ,  2.0, 1.0,  40.0,       ,      ,      ,        ,        ,        ,        ,        ,        ,        ,        ,      
bergemi01, 1978,     1, WAS , NHL , R  , 30.0,  7.0,   6.0,  13.0,   7.0, -18.0,  1.0,     ,  0.0,     ,  1.0, 0.0,  53.0,       ,      ,      ,        ,        ,        ,        ,        ,        ,        ,        ,      
bergemi02, 1987,     1, MNS , NHL , D  , 29.0,  3.0,   1.0,   4.0,  65.0, -19.0,  3.0,  0.0,  0.0,  0.0,  0.0, 0.0,  41.0,       ,      ,      ,        ,        ,        ,        ,        ,        ,        ,        ,      
bergemi02, 1988,     1, MNS , NHL , D  ,  1.0,  0.0,   0.0,   0.0,   2.0, -1.0 ,  0.0,  0.0,  0.0,  0.0,  0.0, 0.0,   0.0,       ,      ,      ,        ,        ,        ,        ,        ,        ,        ,        ,      
bergepa01, 2003,     1, BOS , NHL , C  , 71.0, 16.0,  23.0,  39.0,  22.0, 5.0  ,  7.0,  8.0,  0.0,  0.0,  2.0, 0.0, 133.0,    7.0,   1.0,   3.0,     4.0,     0.0, 5.0    ,     0.0,     1.0,     0.0,     0.0,     1.0,    20.0
bergepa01, 2005,     1, BOS , NHL , C  , 81.0, 31.0,  42.0,  73.0,  22.0, 3.0  , 12.0, 17.0,  1.0,  1.0,  6.0,    , 310.0,       ,      ,      ,        ,        ,        ,        ,        ,        ,        ,        ,      
bergepa01, 2006,     1, BOS , NHL , C  , 77.0, 22.0,  48.0,  70.0,  26.0, -28.0, 14.0, 24.0,  0.0,  2.0,  6.0,    , 224.0,       ,      ,      ,        ,        ,        ,        ,        ,        ,        ,        ,      
bergepa01, 2007,     1, BOS , NHL , C  , 10.0,  3.0,   4.0,   7.0,   2.0, 2.0  ,  2.0,  1.0,  0.0,  0.0,  0.0,    ,  24.0,       ,      ,      ,        ,        ,        ,        ,        ,        ,        ,        ,      
bergepa01, 2008,     1, BOS , NHL , C  , 64.0,  8.0,  31.0,  39.0,  16.0, 2.0  ,  1.0, 13.0,  1.0,  2.0,  1.0,    , 155.0,   11.0,   0.0,   5.0,     5.0,    11.0, 3.0    ,     0.0,     0.0,     0.0,     0.0,     0.0,    22.0
bergepa01, 2009,     1, BOS , NHL , C  , 73.0, 19.0,  33.0,  52.0,  28.0, 6.0  ,  0.0,  8.0,  1.0,  1.0,  4.0,    , 184.0,   13.0,   4.0,   7.0,    11.0,     2.0, 4.0    ,     0.0,     2.0,     0.0,     0.0,     1.0,    37.0
bergese01, 2003,     1, NYI , NHL , L  , 18.0,  1.0,   1.0,   2.0,   4.0, -4.0 ,  0.0,  0.0,  1.0,  0.0,  0.0, 0.0,  12.0,       ,      ,      ,        ,        ,        ,        ,        ,        ,        ,        ,      
bergese01, 2005,     1, NYI , NHL , L  , 28.0,  4.0,   5.0,   9.0,  20.0, -11.0,  0.0,  0.0,  0.0,  0.0,  1.0,    ,  63.0,       ,      ,      ,        ,        ,        ,        ,        ,        ,        ,        ,      
bergese01, 2007,     1, NYI , NHL , L  , 78.0, 10.0,  12.0,  22.0,  62.0, -3.0 ,  1.0,  1.0,  0.0,  0.0,  1.0,    , 155.0,       ,      ,      ,        ,        ,        ,        ,        ,        ,        ,        ,      
bergese01, 2008,     1, NYI , NHL , L  , 59.0, 15.0,   9.0,  24.0,  64.0, -2.0 ,  0.0,  0.0,  4.0,  0.0,  5.0,    , 152.0,       ,      ,      ,        ,        ,        ,        ,        ,        ,        ,        ,      
bergese01, 2009,     1, NYI , NHL , L  , 63.0, 10.0,  13.0,  23.0,  45.0, 1.0  ,  0.0,  0.0,  2.0,  1.0,  0.0,    , 133.0,       ,      ,      ,        ,        ,        ,        ,        ,        ,        ,        ,      
bergeto01, 1984,     1, PHI , NHL , C  , 14.0, 11.0,   5.0,  16.0,   4.0, 9.0  ,  3.0,     ,  0.0,     ,  3.0, 0.0,  38.0,   17.0,   4.0,   9.0,    13.0,     8.0, 7.0    ,     2.0,        ,     0.0,        ,     1.0,    36.0
bergeyv01, 1972,     1, QUN , WHA , R  , 65.0, 14.0,  19.0,  33.0,  32.0,      ,  3.0,     ,  0.0,     ,     ,    ,      ,       ,      ,      ,        ,        ,        ,        ,        ,        ,        ,        ,      
bergeyv01, 1974,     1, PIT , NHL , R  ,  2.0,  0.0,   0.0,   0.0,   0.0, -3.0 ,  0.0,     ,  0.0,     ,  0.0, 0.0,   0.0,       ,      ,      ,        ,        ,        ,        ,        ,        ,        ,        ,      
bergeyv01, 1976,     1, PIT , NHL , R  ,  1.0,  0.0,   0.0,   0.0,   0.0, 0.0  ,  0.0,     ,  0.0,     ,  0.0, 0.0,   2.0,       ,      ,      ,        ,        ,        ,        ,        ,        ,        ,        ,      
bergfni01, 2007,     1, NJD , NHL , R  ,  1.0,  0.0,   0.0,   0.0,   0.0, -1.0 ,  0.0,  0.0,  0.0,  0.0,  0.0,    ,   3.0,       ,      ,      ,        ,        ,        ,        ,        ,        ,        ,        ,      
bergfni01, 2008,     1, NJD , NHL , R  ,  8.0,  1.0,   0.0,   1.0,   0.0, -1.0 ,  0.0,  0.0,  0.0,  0.0,  0.0,    ,   6.0,       ,      ,      ,        ,        ,        ,        ,        ,        ,        ,        ,      
bergfni01, 2009,     1, NJD , NHL , R  , 54.0, 13.0,  14.0,  27.0,  10.0, -7.0 ,  8.0,  5.0,  0.0,  0.0,  4.0,    , 134.0,       ,      ,      ,        ,        ,        ,        ,        ,        ,        ,        ,      
bergfni01, 2009,     2, ATL , NHL , R  , 27.0,  8.0,   9.0,  17.0,   0.0, -3.0 ,  1.0,  1.0,  0.0,  0.0,  2.0,    ,  83.0,       ,      ,      ,        ,        ,        ,        ,        ,        ,        ,        ,      
bergkst01, 1995,     1, PIT , NHL , D  ,  2.0,  0.0,   0.0,   0.0,   2.0, 0.0  ,  0.0,  0.0,  0.0,  0.0,  0.0, 0.0,   4.0,    4.0,   0.0,   0.0,     0.0,     2.0, -1.0   ,     0.0,     0.0,     0.0,     0.0,     0.0,     0.0
bergkst01, 1996,     1, PIT , NHL , D  ,  5.0,  0.0,   0.0,   0.0,   7.0, -1.0 ,  0.0,  0.0,  0.0,  0.0,  0.0, 0.0,   0.0,       ,      ,      ,        ,        ,        ,        ,        ,        ,        ,        ,      
berglbi01, 1973,     1, NEW , WHA , G  ,  3.0,  0.0,   0.0,   0.0,   0.0,      ,  0.0,     ,  0.0,     ,  0.0,    ,      ,       ,      ,      ,        ,        ,        ,        ,        ,        ,        ,        ,      
berglbi01, 1974,     1, NEW , WHA , G  ,  2.0,  0.0,   0.0,   0.0,   0.0,      ,  0.0,     ,  0.0,     ,  0.0,    ,   0.0,       ,      ,      ,        ,        ,        ,        ,        ,        ,        ,        ,      
berglbo01, 1982,     1, MNS , NHL , D  ,  2.0,  0.0,   0.0,   0.0,   5.0, -1.0 ,  0.0,     ,  0.0,     ,  0.0, 0.0,   1.0,       ,      ,      ,        ,        ,        ,        ,        ,        ,        ,        ,      
berglbo02, 1983,     1, QUE , NHL , R  , 75.0, 16.0,  27.0,  43.0,  20.0, 6.0  ,  1.0,     ,  0.0,     ,  1.0, 0.0,  83.0,    7.0,   2.0,   0.0,     2.0,     4.0, 1.0    ,     0.0,        ,     0.0,        ,     1.0,    10.0
berglbo02, 1984,     1, QUE , NHL , L  , 12.0,  4.0,   1.0,   5.0,   6.0, 2.0  ,  0.0,     ,  0.0,     ,  1.0, 0.0,  15.0,       ,      ,      ,        ,        ,        ,        ,        ,        ,        ,        ,      
berglbo02, 1984,     2, MNS , NHL , L  , 33.0,  6.0,   9.0,  15.0,   8.0, -3.0 ,  1.0,     ,  0.0,     ,  1.0, 0.0,  38.0,    2.0,   0.0,   0.0,     0.0,     2.0, -1.0   ,     0.0,        ,     0.0,        ,     0.0,     2.0
berglbo02, 1985,     1, MNS , NHL , R  ,  3.0,  2.0,   0.0,   2.0,   2.0, 0.0  ,  1.0,     ,  0.0,     ,  0.0, 1.0,   6.0,       ,      ,      ,        ,        ,        ,        ,        ,        ,        ,        ,      
berglbo02, 1985,     2, PHI , NHL , R  ,  7.0,  0.0,   2.0,   2.0,   4.0, 0.0  ,  0.0,     ,  0.0,     ,  0.0, 0.0,   5.0,       ,      ,      ,        ,        ,        ,        ,        ,        ,        ,        ,      
berglch01, 2001,     1, NJD , NHL , L  , 15.0,  2.0,   7.0,   9.0,   8.0, -3.0 ,  0.0,  2.0,  0.0,  0.0,  0.0, 0.0,  22.0,    3.0,   0.0,   0.0,     0.0,     2.0, 0.0    ,     0.0,     0.0,     0.0,     0.0,     0.0,     6.0
berglch01, 2002,     1, NJD , NHL , L  , 38.0,  4.0,   5.0,   9.0,  20.0, 3.0  ,  0.0,  0.0,  0.0,  0.0,  0.0, 0.0,  50.0,       ,      ,      ,        ,        ,        ,        ,        ,        ,        ,        ,      
berglch01, 2003,     1, NJD , NHL , R  , 23.0,  2.0,   3.0,   5.0,   4.0, -4.0 ,  0.0,  0.0,  0.0,  0.0,  0.0, 0.0,  33.0,       ,      ,      ,        ,        ,        ,        ,        ,        ,        ,        ,      
berglch01, 2003,     2, FLO , NHL , R  , 10.0,  3.0,   1.0,   4.0,  10.0, -2.0 ,  0.0,  0.0,  0.0,  0.0,  0.0, 0.0,  17.0,       ,      ,      ,        ,        ,        ,        ,        ,        ,        ,        ,      
berglpa01, 2008,     1, STL , NHL , C  , 76.0, 21.0,  26.0,  47.0,  16.0, 19.0 ,  7.0, 15.0,  0.0,  0.0,  1.0,    , 143.0,    4.0,   0.0,   0.0,     0.0,     2.0, 0.0    ,     0.0,     0.0,     0.0,     0.0,     0.0,     3.0
berglpa01, 2009,     1, STL , NHL , C  , 71.0, 13.0,  13.0,  26.0,  16.0, -5.0 ,  6.0,  3.0,  0.0,  0.0,  4.0,    , 129.0,       ,      ,      ,        ,        ,        ,        ,        ,        ,        ,        ,      
berglti01, 1989,     1, WAS , NHL , C  , 32.0,  2.0,   5.0,   7.0,  31.0, 2.0  ,  0.0,  0.0,  0.0,  0.0,  0.0, 0.0,  20.0,   15.0,   1.0,   1.0,     2.0,    10.0, -1.0   ,     0.0,     0.0,     0.0,     0.0,     0.0,    17.0
berglti01, 1990,     1, WAS , NHL , C  , 47.0,  5.0,   9.0,  14.0,  21.0, -1.0 ,  0.0,  0.0,  0.0,  1.0,  0.0, 0.0,  41.0,   11.0,   1.0,   1.0,     2.0,    12.0, -2.0   ,     0.0,     0.0,     0.0,     0.0,     0.0,     5.0
berglti01, 1991,     1, WAS , NHL , C  , 22.0,  1.0,   4.0,   5.0,   2.0, -3.0 ,  0.0,  0.0,  0.0,  0.0,  0.0, 0.0,  18.0,       ,      ,      ,        ,        ,        ,        ,        ,        ,        ,        ,      
berglti01, 1992,     1, TBL , NHL , R  , 27.0,  3.0,   3.0,   6.0,  11.0, -5.0 ,  0.0,  0.0,  0.0,  0.0,  0.0, 0.0,  44.0,       ,      ,      ,        ,        ,        ,        ,        ,        ,        ,        ,      
berglti01, 1993,     1, TBL , NHL , R  , 51.0,  6.0,   5.0,  11.0,   6.0, -14.0,  0.0,  0.0,  0.0,  1.0,  0.0, 0.0,  61.0,       ,      ,      ,        ,        ,        ,        ,        ,        ,        ,        ,      
berglti01, 1993,     2, WAS , NHL , R  ,  3.0,  0.0,   0.0,   0.0,   4.0, -1.0 ,  0.0,  0.0,  0.0,  0.0,  0.0, 0.0,   4.0,       ,      ,      ,        ,        ,        ,        ,        ,        ,        ,        ,      
bergmga01, 1964,     1, DET , NHL , D  , 58.0,  4.0,   7.0,  11.0,  85.0,      ,  0.0,     ,  0.0,     ,  2.0, 0.0,      ,    5.0,   0.0,   1.0,     1.0,     4.0,        ,        ,        ,        ,        ,     0.0,      
bergmga01, 1965,     1, DET , NHL , D  , 61.0,  3.0,  16.0,  19.0,  96.0,      ,  1.0,     ,  0.0,     ,  0.0, 0.0,      ,   12.0,   0.0,   3.0,     3.0,    14.0,        ,        ,        ,        ,        ,     0.0,      
bergmga01, 1966,     1, DET , NHL , D  , 70.0,  5.0,  30.0,  35.0, 129.0,      ,  1.0,     ,  0.0,     ,  1.0, 0.0,      ,       ,      ,      ,        ,        ,        ,        ,        ,        ,        ,        ,      
bergmga01, 1967,     1, DET , NHL , D  , 74.0, 13.0,  28.0,  41.0, 109.0, -1.0 ,  5.0,     ,  2.0,     ,  3.0, 0.0, 165.0,       ,      ,      ,        ,        ,        ,        ,        ,        ,        ,        ,      
bergmga01, 1968,     1, DET , NHL , D  , 76.0,  7.0,  30.0,  37.0,  80.0, 45.0 ,  2.0,     ,  0.0,     ,  2.0, 0.0, 191.0,       ,      ,      ,        ,        ,        ,        ,        ,        ,        ,        ,      
bergmga01, 1969,     1, DET , NHL , D  , 69.0,  6.0,  17.0,  23.0, 122.0, 4.0  ,  1.0,     ,  0.0,     ,  1.0, 1.0, 146.0,    4.0,   0.0,   1.0,     1.0,     2.0,        ,     0.0,        ,     0.0,        ,     0.0,      
bergmga01, 1970,     1, DET , NHL , D  , 68.0,  8.0,  25.0,  33.0, 149.0, -28.0,  0.0,     ,  1.0,     ,  0.0, 2.0, 168.0,       ,      ,      ,        ,        ,        ,        ,        ,        ,        ,        ,      
bergmga01, 1971,     1, DET , NHL , D  , 75.0,  6.0,  31.0,  37.0, 138.0, 7.0  ,  1.0,     ,  0.0,     ,  0.0, 1.0, 141.0,       ,      ,      ,        ,        ,        ,        ,        ,        ,        ,        ,      
bergmga01, 1972,     1, DET , NHL , D  , 68.0,  3.0,  28.0,  31.0,  71.0, 10.0 ,  0.0,     ,  0.0,     ,  0.0, 0.0, 174.0,       ,      ,      ,        ,        ,        ,        ,        ,        ,        ,        ,      
bergmga01, 1973,     1, DET , NHL , D  , 11.0,  0.0,   6.0,   6.0,  18.0, -6.0 ,  0.0,     ,  0.0,     ,  0.0, 0.0,  10.0,       ,      ,      ,        ,        ,        ,        ,        ,        ,        ,        ,      
bergmga01, 1973,     2, MNS , NHL , D  , 57.0,  3.0,  23.0,  26.0,  66.0, -12.0,  1.0,     ,  0.0,     ,  1.0, 0.0,  87.0,       ,      ,      ,        ,        ,        ,        ,        ,        ,        ,        ,      
bergmga01, 1974,     1, DET , NHL , D  , 76.0,  5.0,  25.0,  30.0, 104.0, -25.0,  2.0,     ,  1.0,     ,  0.0, 0.0, 100.0,       ,      ,      ,        ,        ,        ,        ,        ,        ,        ,        ,      
bergmga01, 1975,     1, KCS , NHL , D  , 75.0,  5.0,  33.0,  38.0,  82.0, -52.0,  1.0,     ,  0.0,     ,  1.0, 0.0, 125.0,       ,      ,      ,        ,        ,        ,        ,        ,        ,        ,        ,      
bergmth01, 1972,     1, DET , NHL , D  , 75.0,  9.0,  12.0,  21.0,  70.0, 6.0  ,  1.0,     ,  0.0,     ,  2.0, 0.0, 165.0,       ,      ,      ,        ,        ,        ,        ,        ,        ,        ,        ,      
bergmth01, 1973,     1, DET , NHL , D  , 43.0,  0.0,   3.0,   3.0,  21.0, -15.0,  0.0,     ,  0.0,     ,  0.0, 0.0,  49.0,       ,      ,      ,        ,        ,        ,        ,        ,        ,        ,        ,      
bergmth01, 1974,     1, DET , NHL , D  , 18.0,  0.0,   1.0,   1.0,  27.0, -7.0 ,  0.0,     ,  0.0,     ,  0.0, 0.0,  20.0,       ,      ,      ,        ,        ,        ,        ,        ,        ,        ,        ,      
bergmth01, 1974,     2, WIJ , WHA , D  , 49.0,  4.0,  15.0,  19.0,  70.0, -16.0,  3.0,     ,  0.0,     ,     ,    ,  85.0,       ,      ,      ,        ,        ,        ,        ,        ,        ,        ,        ,      
bergmth01, 1975,     1, WIJ , WHA , D  , 81.0, 11.0,  30.0,  41.0, 111.0, 9.0  ,  1.0,     ,  0.0,     ,  2.0,    , 183.0,   13.0,   3.0,  10.0,    13.0,     8.0, 10.0   ,        ,        ,        ,        ,        ,      
bergmth01, 1976,     1, WIJ , WHA , D  , 42.0,  2.0,  24.0,  26.0,  37.0, 3.0  ,  0.0,     ,  0.0,     ,     ,    ,  74.0,       ,      ,      ,        ,        ,        ,        ,        ,        ,        ,        ,      
bergmth01, 1977,     1, WIJ , WHA , D  , 62.0,  5.0,  28.0,  33.0,  43.0, 22.0 ,  0.0,     ,  0.0,     ,     ,    , 139.0,       ,      ,      ,        ,        ,        ,        ,        ,        ,        ,        ,      
bergmth01, 1977,     2, DET , NHL , D  , 14.0,  1.0,   6.0,   7.0,  16.0, 1.0  ,  0.0,     ,  0.0,     ,  0.0, 0.0,  18.0,    7.0,   0.0,   2.0,     2.0,     2.0,        ,     0.0,        ,     0.0,        ,     0.0,      
bergmth01, 1978,     1, DET , NHL , D  , 68.0, 10.0,  17.0,  27.0,  64.0, -25.0,  3.0,     ,  1.0,     ,  1.0, 1.0,  88.0,       ,      ,      ,        ,        ,        ,        ,        ,        ,        ,        ,      
bergmth01, 1979,     1, DET , NHL , D  , 28.0,  1.0,   5.0,   6.0,  45.0, 4.0  ,  0.0,     ,  0.0,     ,  0.0, 0.0,  39.0,       ,      ,      ,        ,        ,        ,        ,        ,        ,        ,        ,      
bergqjo01, 1989,     1, CAL , NHL , R  , 22.0,  2.0,   5.0,   7.0,  10.0, 10.0 ,  0.0,  0.0,  0.0,  0.0,  0.0, 0.0,  30.0,       ,      ,      ,        ,        ,        ,        ,        ,        ,        ,        ,      
berkhad01, 2005,     1, ATL , NHL , G  ,  9.0,  0.0,   0.0,   0.0,   0.0, 0.0  ,  0.0,  0.0,  0.0,  0.0,  0.0,    ,   0.0,       ,      ,      ,        ,        ,        ,        ,        ,        ,        ,        ,      
berlilo01, 1909,     1, HAI , NHA ,    ,  1.0,  2.0,   0.0,   2.0,   0.0,      ,     ,     ,     ,     ,     ,    ,      ,       ,      ,      ,        ,        ,        ,        ,        ,        ,        ,        ,      
berlilo01, 1911,     1, MOC , NHA ,    ,  4.0,  0.0,   0.0,   0.0,   5.0,      ,     ,     ,     ,     ,     ,    ,      ,       ,      ,      ,        ,        ,        ,        ,        ,        ,        ,        ,      
berlilo01, 1912,     1, MOC , NHA ,    , 16.0,  4.0,   0.0,   4.0,  14.0,      ,     ,     ,     ,     ,     ,    ,      ,       ,      ,      ,        ,        ,        ,        ,        ,        ,        ,        ,      
berlilo01, 1913,     1, MOC , NHA ,    , 20.0,  4.0,   9.0,  13.0,  14.0,      ,     ,     ,     ,     ,     ,    ,      ,    2.0,   0.0,      ,        ,        ,        ,        ,        ,        ,        ,        ,      
berlilo01, 1914,     1, MOC , NHA ,    , 20.0,  2.0,   1.0,   3.0,  40.0,      ,     ,     ,     ,     ,     ,    ,      ,       ,      ,      ,        ,        ,        ,        ,        ,        ,        ,        ,      
berlilo01, 1915,     1, MOC , NHA ,    , 19.0,  2.0,   2.0,   4.0,  19.0,      ,     ,     ,     ,     ,     ,    ,      ,       ,      ,      ,        ,        ,        ,        ,        ,        ,        ,        ,      
berlilo01, 1916,     1, MOC , NHA ,    , 20.0,  7.0,   4.0,  11.0,  36.0,      ,     ,     ,     ,     ,     ,    ,      ,    2.0,   0.0,      ,        ,        ,        ,        ,        ,        ,        ,        ,      
berlilo01, 1917,     1, MTL , NHL , L  , 20.0,  2.0,   1.0,   3.0,  12.0,      ,     ,     ,     ,     ,  0.0,    ,      ,    2.0,   0.0,   0.0,     0.0,     0.0,        ,        ,        ,        ,        ,        ,      
berlilo01, 1918,     1, MTL , NHL , L  , 18.0,  5.0,   3.0,   8.0,   9.0,      ,     ,     ,     ,     ,     ,    ,      ,    5.0,   0.0,   3.0,     3.0,     9.0,        ,        ,        ,        ,        ,        ,      
berlilo01, 1919,     1, MTL , NHL , L  , 24.0,  8.0,   9.0,  17.0,  36.0,      ,     ,     ,     ,     ,     ,    ,      ,       ,      ,      ,        ,        ,        ,        ,        ,        ,        ,        ,      
berlilo01, 1920,     1, MTL , NHL , L  , 24.0, 11.0,   9.0,  20.0,  28.0,      ,     ,     ,     ,     ,     ,    ,      ,       ,      ,      ,        ,        ,        ,        ,        ,        ,        ,        ,      
berlilo01, 1921,     1, MTL , NHL , L  , 24.0, 13.0,   5.0,  18.0,  10.0,      ,     ,     ,     ,     ,     ,    ,      ,       ,      ,      ,        ,        ,        ,        ,        ,        ,        ,        ,      
berlilo01, 1922,     1, MTL , NHL , L  , 24.0,  2.0,   4.0,   6.0,   4.0,      ,     ,     ,     ,     ,     ,    ,      ,    2.0,   0.0,   2.0,     2.0,     0.0,        ,        ,        ,        ,        ,        ,      
berlilo01, 1923,     1, SAC , WCHL, L  , 29.0,  9.0,   6.0,  15.0,   9.0,      ,     ,     ,     ,     ,     ,    ,      ,       ,      ,      ,        ,        ,        ,        ,        ,        ,        ,        ,      
berlilo01, 1924,     1, MTM , NHL , L  , 29.0,  4.0,   2.0,   6.0,  22.0,      ,     ,     ,     ,     ,     ,    ,      ,       ,      ,      ,        ,        ,        ,        ,        ,        ,        ,        ,      
berlilo01, 1925,     1, PIP , NHL , L  , 30.0,  0.0,   0.0,   0.0,   8.0,      ,     ,     ,     ,     ,     ,    ,      ,    2.0,   0.0,   0.0,     0.0,     0.0,        ,        ,        ,        ,        ,        ,      
bernhti01, 1982,     1, CAL , NHL , G  ,  6.0,  0.0,   0.0,   0.0,   0.0, 0.0  ,  0.0,     ,  0.0,     ,  0.0, 0.0,   0.0,       ,      ,      ,        ,        ,        ,        ,        ,        ,        ,        ,      
bernhti01, 1984,     1, TOR , NHL , G  , 37.0,  0.0,   2.0,   2.0,   4.0, 0.0  ,  0.0,     ,  0.0,     ,  0.0, 0.0,   0.0,       ,      ,      ,        ,        ,        ,        ,        ,        ,        ,        ,      
bernhti01, 1985,     1, TOR , NHL , G  , 23.0,  0.0,   1.0,   1.0,   0.0, 0.0  ,  0.0,     ,  0.0,     ,  0.0, 0.0,   0.0,       ,      ,      ,        ,        ,        ,        ,        ,        ,        ,        ,      
bernhti01, 1986,     1, TOR , NHL , G  ,  1.0,  0.0,   0.0,   0.0,   0.0, 0.0  ,  0.0,     ,  0.0,     ,  0.0, 0.0,   0.0,       ,      ,      ,        ,        ,        ,        ,        ,        ,        ,        ,      
berniar01, 1909,     1, LES , NHA ,    , 12.0, 13.0,   0.0,  13.0,  25.0,      ,     ,     ,     ,     ,     ,    ,      ,       ,      ,      ,        ,        ,        ,        ,        ,        ,        ,        ,      
berniar01, 1910,     1, MOC , NHA ,    ,  3.0,  1.0,   0.0,   1.0,   0.0,      ,     ,     ,     ,     ,     ,    ,      ,       ,      ,      ,        ,        ,        ,        ,        ,        ,        ,        ,      
berniar01, 1911,     1, MOW , NHA ,    , 11.0,  4.0,   0.0,   4.0,   5.0,      ,     ,     ,     ,     ,     ,    ,      ,       ,      ,      ,        ,        ,        ,        ,        ,        ,        ,        ,      
bernije01, 1974,     1, QUN , WHA , D  , 34.0,  1.0,  13.0,  14.0,  13.0, 9.0  ,  0.0,     ,  0.0,     ,     ,    ,  55.0,    9.0,   0.0,   1.0,     1.0,     2.0,        ,     0.0,        ,     0.0,        ,     0.0,      
bernije01, 1975,     1, QUN , WHA , D  , 80.0,  4.0,  26.0,  30.0,  10.0, 25.0 ,  0.0,     ,  0.0,     ,  0.0,    , 111.0,    4.0,   0.0,   1.0,     1.0,     0.0, -5.0   ,        ,        ,        ,        ,        ,      
bernije01, 1976,     1, QUN , WHA , D  , 72.0,  2.0,  13.0,  15.0,  23.0, 2.0  ,  1.0,     ,  0.0,     ,     ,    , 115.0,    9.0,   0.0,   2.0,     2.0,     0.0, 3.0    ,     0.0,        ,     0.0,        ,     0.0,      
bernije01, 1977,     1, QUN , WHA , D  , 74.0, 10.0,  32.0,  42.0,   4.0, 22.0 ,  1.0,     ,  1.0,     ,     ,    , 135.0,   10.0,   3.0,   4.0,     7.0,     2.0, 2.0    ,        ,        ,        ,        ,     1.0,      
bernijo01, 2007,     1, LAK , NHL , G  ,  4.0,  0.0,   0.0,   0.0,   0.0, 0.0  ,  0.0,  0.0,  0.0,  0.0,  0.0,    ,   0.0,       ,      ,      ,        ,        ,        ,        ,        ,        ,        ,        ,      
bernijo01, 2009,     1, LAK , NHL , G  ,  3.0,  0.0,   1.0,   1.0,   0.0, 0.0  ,  0.0,  0.0,  0.0,  0.0,  0.0,    ,   0.0,       ,      ,      ,        ,        ,        ,        ,        ,        ,        ,        ,      
bernise01, 1968,     1, PHI , NHL , C  ,  1.0,  0.0,   0.0,   0.0,   2.0, 0.0  ,  0.0,     ,  0.0,     ,  0.0, 0.0,   3.0,       ,      ,      ,        ,        ,        ,        ,        ,        ,        ,        ,      
bernise01, 1969,     1, PHI , NHL , C  ,  1.0,  0.0,   1.0,   1.0,   0.0, -1.0 ,  0.0,     ,  0.0,     ,  0.0, 0.0,   2.0,       ,      ,      ,        ,        ,        ,        ,        ,        ,        ,        ,      
bernise01, 1970,     1, PHI , NHL , R  , 77.0, 23.0,  28.0,  51.0,  77.0, -7.0 ,  2.0,     ,  0.0,     ,  1.0, 0.0, 205.0,    4.0,   1.0,   1.0,     2.0,     0.0,        ,     1.0,        ,     0.0,        ,     0.0,      
bernise01, 1971,     1, PHI , NHL , C  , 44.0, 12.0,  11.0,  23.0,  51.0, -20.0,  5.0,     ,  0.0,     ,  3.0, 0.0, 120.0,       ,      ,      ,        ,        ,        ,        ,        ,        ,        ,        ,      
bernise01, 1971,     2, LAK , NHL , C  , 26.0, 11.0,  11.0,  22.0,  12.0, 3.0  ,  1.0,     ,  0.0,     ,  1.0, 0.0,  97.0,       ,      ,      ,        ,        ,        ,        ,        ,        ,        ,        ,      
bernise01, 1972,     1, LAK , NHL , R  , 75.0, 22.0,  46.0,  68.0,  43.0, -20.0,  6.0,     ,  0.0,     ,  3.0, 1.0, 255.0,       ,      ,      ,        ,        ,        ,        ,        ,        ,        ,        ,      
bernise01, 1973,     1, QUN , WHA , C  , 74.0, 37.0,  49.0,  86.0, 107.0,      ,  7.0,     ,  0.0,     ,  8.0,    ,      ,       ,      ,      ,        ,        ,        ,        ,        ,        ,        ,        ,      
bernise01, 1974,     1, QUN , WHA , C  , 76.0, 54.0,  68.0, 122.0,  75.0, 27.0 , 11.0,     ,  3.0,     ,     ,    , 335.0,   15.0,   8.0,   8.0,    16.0,     6.0,        ,        ,        ,        ,        ,     1.0,      
bernise01, 1975,     1, QUN , WHA , C  , 70.0, 34.0,  68.0, 102.0,  91.0, 26.0 ,  4.0,     ,  2.0,     ,  5.0,    , 283.0,    5.0,   2.0,   6.0,     8.0,     6.0, 1.0    ,        ,        ,        ,        ,        ,      
bernise01, 1976,     1, QUN , WHA , C  , 74.0, 43.0,  53.0,  96.0,  94.0, 1.0  , 11.0,     ,  4.0,     ,  7.0,    , 293.0,   17.0,  14.0,  22.0,    36.0,    10.0, 16.0   ,        ,        ,        ,        ,     0.0,      
bernise01, 1977,     1, QUN , WHA , C  , 58.0, 26.0,  52.0,  78.0,  48.0, -1.0 ,  9.0,     ,  1.0,     ,     ,    , 180.0,   11.0,   4.0,  10.0,    14.0,    17.0, -1.0   ,        ,        ,        ,        ,     1.0,      
bernise01, 1978,     1, QUN , WHA , C  , 65.0, 36.0,  46.0,  82.0,  71.0, 7.0  ,  9.0,     ,  3.0,     ,     ,    , 193.0,    1.0,   0.0,   0.0,     0.0,     2.0, -4.0   ,        ,        ,        ,        ,     0.0,      
bernise01, 1979,     1, QUE , NHL , C  , 32.0,  8.0,  14.0,  22.0,  31.0, -5.0 ,  3.0,     ,  0.0,     ,  3.0, 0.0,  76.0,       ,      ,      ,        ,        ,        ,        ,        ,        ,        ,        ,      
bernise01, 1980,     1, QUE , NHL , R  , 46.0,  2.0,   8.0,  10.0,  18.0, -8.0 ,  1.0,     ,  0.0,     ,  0.0, 0.0,  35.0,    1.0,   0.0,   0.0,     0.0,     0.0,        ,     0.0,        ,     0.0,        ,     0.0,      
bernist01, 2005,     1, SJS , NHL , R  , 39.0, 14.0,  13.0,  27.0,  35.0, 4.0  ,  2.0,  4.0,  1.0,  0.0,  1.0,    ,  75.0,   11.0,   1.0,   5.0,     6.0,     8.0, 4.0    ,     1.0,     0.0,     0.0,     0.0,     1.0,    14.0
bernist01, 2006,     1, SJS , NHL , R  , 62.0, 15.0,  16.0,  31.0,  29.0, 5.0  ,  6.0,  8.0,  0.0,  0.0,  4.0,    , 104.0,   11.0,   0.0,   1.0,     1.0,     2.0, 2.0    ,     0.0,     0.0,     0.0,     0.0,     0.0,    15.0
bernist01, 2007,     1, SJS , NHL , R  , 59.0, 13.0,  10.0,  23.0,  62.0, -2.0 ,  4.0,  5.0,  0.0,  0.0,  0.0,    ,  96.0,       ,      ,      ,        ,        ,        ,        ,        ,        ,        ,        ,      
bernist01, 2007,     2, BUF , NHL , R  , 17.0,  3.0,   6.0,   9.0,   2.0, 1.0  ,  0.0,  0.0,  0.0,  0.0,  0.0,    ,  35.0,       ,      ,      ,        ,        ,        ,        ,        ,        ,        ,        ,      
bernist01, 2008,     1, VAN , NHL , R  , 81.0, 15.0,  17.0,  32.0,  27.0, 4.0  ,  2.0,  5.0,  0.0,  0.0,  4.0,    , 137.0,   10.0,   2.0,   2.0,     4.0,     7.0, -1.0   ,     2.0,     0.0,     0.0,     0.0,     2.0,    15.0
bernist01, 2009,     1, VAN , NHL , R  , 59.0, 11.0,  11.0,  22.0,  21.0, 0.0  ,  3.0,  1.0,  0.0,  0.0,  0.0,    ,  95.0,   12.0,   4.0,   1.0,     5.0,     0.0, -1.0   ,     2.0,     1.0,     0.0,     0.0,     0.0,    17.0
berrybo01, 1968,     1, MTL , NHL , L  ,  2.0,  0.0,   0.0,   0.0,   0.0, 0.0  ,  0.0,     ,  0.0,     ,  0.0, 0.0,   0.0,       ,      ,      ,        ,        ,        ,        ,        ,        ,        ,        ,      
berrybo01, 1970,     1, LAK , NHL , L  , 77.0, 25.0,  38.0,  63.0,  52.0, -5.0 ,  4.0,     ,  0.0,     ,  2.0, 1.0, 149.0,       ,      ,      ,        ,        ,        ,        ,        ,        ,        ,        ,      
berrybo01, 1971,     1, LAK , NHL , L  , 78.0, 17.0,  22.0,  39.0,  44.0, -23.0,  3.0,     ,  0.0,     ,  3.0, 0.0, 102.0,       ,      ,      ,        ,        ,        ,        ,        ,        ,        ,        ,      
berrybo01, 1972,     1, LAK , NHL , L  , 78.0, 36.0,  28.0,  64.0,  75.0, -13.0, 14.0,     ,  0.0,     ,  2.0, 0.0, 176.0,       ,      ,      ,        ,        ,        ,        ,        ,        ,        ,        ,      
berrybo01, 1973,     1, LAK , NHL , L  , 77.0, 23.0,  33.0,  56.0,  56.0, 0.0  ,  8.0,     ,  0.0,     ,  1.0, 0.0, 122.0,    5.0,   0.0,   0.0,     0.0,     0.0,        ,     0.0,        ,     0.0,        ,     0.0,      
berrybo01, 1974,     1, LAK , NHL , L  , 80.0, 25.0,  23.0,  48.0,  60.0, 21.0 ,  7.0,     ,  0.0,     ,  7.0, 2.0, 136.0,    3.0,   1.0,   2.0,     3.0,     2.0,        ,     0.0,        ,     0.0,        ,     0.0,      
berrybo01, 1975,     1, LAK , NHL , L  , 80.0, 20.0,  22.0,  42.0,  37.0, 2.0  ,  3.0,     ,  0.0,     ,  3.0, 0.0, 156.0,    9.0,   1.0,   1.0,     2.0,     0.0,        ,     0.0,        ,     0.0,        ,     1.0,      
berrybo01, 1976,     1, LAK , NHL , L  , 69.0, 13.0,  25.0,  38.0,  20.0, 12.0 ,  2.0,     ,  0.0,     ,  1.0, 2.0,  85.0,    9.0,   0.0,   3.0,     3.0,     4.0,        ,     0.0,        ,     0.0,        ,     0.0,      
berrybr01, 1985,     1, WIN , NHL , D  , 13.0,  1.0,   0.0,   1.0,  10.0, 1.0  ,  0.0,     ,  0.0,     ,  0.0, 0.0,  16.0,    3.0,   0.0,   0.0,     0.0,     0.0, -5.0   ,     0.0,        ,     0.0,        ,     0.0,     2.0
berrybr01, 1986,     1, WIN , NHL , D  , 52.0,  2.0,   8.0,  10.0,  60.0, 6.0  ,  0.0,     ,  0.0,     ,  0.0, 0.0,  39.0,    7.0,   0.0,   1.0,     1.0,    14.0, 2.0    ,     0.0,        ,     0.0,        ,     0.0,     3.0
berrybr01, 1987,     1, WIN , NHL , D  , 48.0,  0.0,   6.0,   6.0,  75.0, -11.0,  0.0,  0.0,  0.0,  1.0,  0.0, 0.0,  31.0,       ,      ,      ,        ,        ,        ,        ,        ,        ,        ,        ,      
berrybr01, 1988,     1, WIN , NHL , D  , 38.0,  0.0,   9.0,   9.0,  45.0, -8.0 ,  0.0,  0.0,  0.0,  0.0,  0.0, 0.0,  21.0,       ,      ,      ,        ,        ,        ,        ,        ,        ,        ,        ,      
berrybr01, 1989,     1, WIN , NHL , D  , 12.0,  1.0,   2.0,   3.0,   6.0, -2.0 ,  0.0,  0.0,  0.0,  0.0,  0.0, 0.0,   7.0,    1.0,   0.0,   0.0,     0.0,     0.0, -1.0   ,     0.0,     0.0,     0.0,     0.0,     0.0,     1.0
berrybr01, 1991,     1, MNS , NHL , D  ,  7.0,  0.0,   0.0,   0.0,   6.0, -1.0 ,  0.0,  0.0,  0.0,  0.0,  0.0, 0.0,   2.0,    2.0,   0.0,   0.0,     0.0,     2.0, 1.0    ,     0.0,     0.0,     0.0,     0.0,     0.0,     0.0
berrybr01, 1992,     1, MNS , NHL , D  , 63.0,  0.0,   3.0,   3.0, 109.0, 2.0  ,  0.0,  0.0,  0.0,  0.0,  0.0, 0.0,  49.0,       ,      ,      ,        ,        ,        ,        ,        ,        ,        ,        ,      
berrybr01, 1993,     1, DAL , NHL , D  ,  8.0,  0.0,   0.0,   0.0,  12.0, -2.0 ,  0.0,  0.0,  0.0,  0.0,  0.0, 0.0,   4.0,       ,      ,      ,        ,        ,        ,        ,        ,        ,        ,        ,      
berrydo01, 1978,     1, EDO , WHA , C  , 29.0,  6.0,   3.0,   9.0,   4.0, -9.0 ,  1.0,     ,  0.0,     ,     ,    ,  30.0,       ,      ,      ,        ,        ,        ,        ,        ,        ,        ,        ,      
berrydo01, 1979,     1, COR , NHL , C  , 75.0,  7.0,  23.0,  30.0,  16.0, -23.0,  0.0,     ,  1.0,     ,  1.0, 0.0,  66.0,       ,      ,      ,        ,        ,        ,        ,        ,        ,        ,        ,      
berrydo01, 1980,     1, COR , NHL , C  , 46.0,  3.0,  10.0,  13.0,   8.0, -15.0,  0.0,     ,  1.0,     ,  0.0, 0.0,  44.0,       ,      ,      ,        ,        ,        ,        ,        ,        ,        ,        ,      
berryfr01, 1976,     1, DET , NHL , C  ,  3.0,  0.0,   0.0,   0.0,   0.0, -3.0 ,  0.0,     ,  0.0,     ,  0.0, 0.0,   4.0,       ,      ,      ,        ,        ,        ,        ,        ,        ,        ,        ,      
berryke01, 1981,     1, EDM , NHL , L  , 15.0,  2.0,   3.0,   5.0,   9.0, -6.0 ,  0.0,     ,  0.0,     ,  0.0, 0.0,   9.0,       ,      ,      ,        ,        ,        ,        ,        ,        ,        ,        ,      
berryke01, 1983,     1, EDM , NHL , L  , 13.0,  2.0,   3.0,   5.0,  10.0, 6.0  ,  0.0,     ,  1.0,     ,  0.0, 0.0,  18.0,       ,      ,      ,        ,        ,        ,        ,        ,        ,        ,        ,      
berryke01, 1987,     1, VAN , NHL , R  , 14.0,  2.0,   3.0,   5.0,   6.0, -1.0 ,  1.0,  0.0,  0.0,  0.0,  0.0, 0.0,  26.0,       ,      ,      ,        ,        ,        ,        ,        ,        ,        ,        ,      
berryke01, 1988,     1, VAN , NHL , L  , 13.0,  2.0,   1.0,   3.0,   5.0, 2.0  ,  0.0,  0.0,  0.0,  0.0,  0.0, 0.0,  10.0,       ,      ,      ,        ,        ,        ,        ,        ,        ,        ,        ,      
berryri01, 2000,     1, COL , NHL , D  , 19.0,  0.0,   4.0,   4.0,  38.0, 5.0  ,  0.0,  0.0,  0.0,  0.0,  0.0, 0.0,  10.0,       ,      ,      ,        ,        ,        ,        ,        ,        ,        ,        ,      
berryri01, 2001,     1, COL , NHL , D  , 57.0,  0.0,   0.0,   0.0,  60.0, 1.0  ,  0.0,  0.0,  0.0,  0.0,  0.0, 0.0,  29.0,       ,      ,      ,        ,        ,        ,        ,        ,        ,        ,        ,      
berryri01, 2001,     2, PIT , NHL , D  , 13.0,  0.0,   2.0,   2.0,  21.0, -4.0 ,  0.0,  0.0,  0.0,  0.0,  0.0, 0.0,  20.0,       ,      ,      ,        ,        ,        ,        ,        ,        ,        ,        ,      
berryri01, 2002,     1, WAS , NHL , D  , 43.0,  2.0,   1.0,   3.0,  87.0, -3.0 ,  0.0,  0.0,  0.0,  0.0,  1.0, 0.0,  40.0,       ,      ,      ,        ,        ,        ,        ,        ,        ,        ,        ,      
berryri01, 2003,     1, WAS , NHL , D  , 65.0,  0.0,   6.0,   6.0, 108.0, -5.0 ,  0.0,  0.0,  0.0,  0.0,  0.0, 0.0,  43.0,       ,      ,      ,        ,        ,        ,        ,        ,        ,        ,        ,      
berthda01, 1985,     1, WIN , NHL , G  ,     ,     ,      ,      ,      ,      ,     ,     ,     ,     ,     ,    ,      ,    1.0,   0.0,   0.0,     0.0,     0.0, 0.0    ,     0.0,        ,     0.0,        ,     0.0,     0.0
berthda01, 1986,     1, WIN , NHL , G  , 31.0,  0.0,   0.0,   0.0,   2.0, 0.0  ,  0.0,     ,  0.0,     ,  0.0, 0.0,   0.0,    8.0,   0.0,   0.0,     0.0,     0.0, 0.0    ,     0.0,        ,     0.0,        ,     0.0,     0.0
berthda01, 1987,     1, WIN , NHL , G  , 56.0,  0.0,   2.0,   2.0,  12.0, 0.0  ,  0.0,     ,  0.0,     ,  0.0, 0.0,   0.0,    5.0,   0.0,   0.0,     0.0,     0.0, 0.0    ,     0.0,     0.0,     0.0,     0.0,     0.0,     0.0
berthda01, 1988,     1, WIN , NHL , G  ,  9.0,  0.0,   0.0,   0.0,   0.0, 0.0  ,  0.0,  0.0,  0.0,  0.0,  0.0, 0.0,   0.0,       ,      ,      ,        ,        ,        ,        ,        ,        ,        ,        ,      
berthda01, 1989,     1, WIN , NHL , G  , 24.0,  0.0,   1.0,   1.0,   6.0, 0.0  ,  0.0,     ,  0.0,     ,  0.0, 0.0,   0.0,       ,      ,      ,        ,        ,        ,        ,        ,        ,        ,        ,      
berthda01, 1989,     2, MNS , NHL , G  ,  5.0,  0.0,   0.0,   0.0,   2.0, 0.0  ,  0.0,  0.0,  0.0,  0.0,  0.0, 0.0,   0.0,       ,      ,      ,        ,        ,        ,        ,        ,        ,        ,        ,      
berthda01, 1990,     1, LAK , NHL , G  , 37.0,  0.0,   0.0,   0.0,  10.0, 0.0  ,  0.0,  0.0,  0.0,  0.0,  0.0, 0.0,   0.0,       ,      ,      ,        ,        ,        ,        ,        ,        ,        ,        ,      
berthda01, 1991,     1, BOS , NHL , G  ,  8.0,  0.0,   0.0,   0.0,   0.0, 0.0  ,  0.0,  0.0,  0.0,  0.0,  0.0, 0.0,   0.0,       ,      ,      ,        ,        ,        ,        ,        ,        ,        ,        ,      
berthda01, 1991,     2, LAK , NHL , G  , 19.0,  0.0,   0.0,   0.0,   0.0, 0.0  ,  0.0,  0.0,  0.0,  0.0,  0.0, 0.0,   0.0,       ,      ,      ,        ,        ,        ,        ,        ,        ,        ,        ,      
berthda01, 1992,     1, OTT , NHL , G  , 25.0,  0.0,   1.0,   1.0,   2.0, 0.0  ,  0.0,  1.0,  0.0,  0.0,  0.0, 0.0,   0.0,       ,      ,      ,        ,        ,        ,        ,        ,        ,        ,        ,      
berthda01, 1993,     1, OTT , NHL , G  ,  1.0,  0.0,   0.0,   0.0,   0.0, 0.0  ,  0.0,  0.0,  0.0,  0.0,  0.0, 0.0,   0.0,       ,      ,      ,        ,        ,        ,        ,        ,        ,        ,        ,      
bertiad01, 2007,     1, CHI , NHL , L  ,  2.0,  0.0,   0.0,   0.0,   0.0, 0.0  ,  0.0,  0.0,  0.0,  0.0,  0.0,    ,   1.0,       ,      ,      ,        ,        ,        ,        ,        ,        ,        ,        ,      
bertrer01, 1999,     1, NJD , NHL , L  ,  4.0,  0.0,   0.0,   0.0,   0.0, -1.0 ,  0.0,  0.0,  0.0,  0.0,  0.0, 0.0,   1.0,       ,      ,      ,        ,        ,        ,        ,        ,        ,        ,        ,      
bertrer01, 1999,     2, ATL , NHL , L  ,  8.0,  0.0,   0.0,   0.0,   4.0, -5.0 ,  0.0,  0.0,  0.0,  0.0,  0.0, 0.0,  11.0,       ,      ,      ,        ,        ,        ,        ,        ,        ,        ,        ,      
bertrer01, 2000,     1, MTL , NHL , L  ,  3.0,  0.0,   0.0,   0.0,   0.0, 0.0  ,  0.0,  0.0,  0.0,  0.0,  0.0, 0.0,   0.0,       ,      ,      ,        ,        ,        ,        ,        ,        ,        ,        ,      
bertrlo01, 1910,     1, MOC , NHA ,    ,  1.0,  0.0,   0.0,   0.0,   0.0,      ,     ,     ,     ,     ,     ,    ,      ,       ,      ,      ,        ,        ,        ,        ,        ,        ,        ,        ,      
bertrlo01, 1913,     1, MOC , NHA ,    ,  1.0,  0.0,   0.0,   0.0,   0.0,      ,     ,     ,     ,     ,     ,    ,      ,       ,      ,      ,        ,        ,        ,        ,        ,        ,        ,        ,      
bertuto01, 1995,     1, NYI , NHL , R  , 76.0, 18.0,  21.0,  39.0,  83.0, -14.0,  4.0,  3.0,  0.0,  0.0,  2.0, 0.0, 127.0,       ,      ,      ,        ,        ,        ,        ,        ,        ,        ,        ,      
bertuto01, 1996,     1, NYI , NHL , R  , 64.0, 10.0,  13.0,  23.0,  68.0, -3.0 ,  3.0,  2.0,  0.0,  0.0,  1.0, 0.0,  79.0,       ,      ,      ,        ,        ,        ,        ,        ,        ,        ,        ,      
bertuto01, 1997,     1, NYI , NHL , L  , 52.0,  7.0,  11.0,  18.0,  58.0, -19.0,  1.0,  3.0,  0.0,  0.0,  1.0, 0.0,  63.0,       ,      ,      ,        ,        ,        ,        ,        ,        ,        ,        ,      
bertuto01, 1997,     2, VAN , NHL , L  , 22.0,  6.0,   9.0,  15.0,  63.0, 2.0  ,  1.0,  3.0,  1.0,  1.0,  1.0, 0.0,  39.0,       ,      ,      ,        ,        ,        ,        ,        ,        ,        ,        ,      
bertuto01, 1998,     1, VAN , NHL , C  , 32.0,  8.0,   8.0,  16.0,  44.0, -6.0 ,  1.0,  3.0,  0.0,  0.0,  3.0, 0.0,  72.0,       ,      ,      ,        ,        ,        ,        ,        ,        ,        ,        ,      
bertuto01, 1999,     1, VAN , NHL , R  , 80.0, 25.0,  25.0,  50.0, 126.0, -2.0 ,  4.0,  7.0,  0.0,  0.0,  2.0, 0.0, 173.0,       ,      ,      ,        ,        ,        ,        ,        ,        ,        ,        ,      
bertuto01, 2000,     1, VAN , NHL , L  , 79.0, 25.0,  30.0,  55.0,  93.0, -18.0, 14.0, 10.0,  0.0,  0.0,  3.0, 0.0, 203.0,    4.0,   2.0,   2.0,     4.0,     8.0, 1.0    ,     0.0,     1.0,     0.0,     0.0,     0.0,     8.0
bertuto01, 2001,     1, VAN , NHL , R  , 72.0, 36.0,  49.0,  85.0, 110.0, 21.0 , 14.0, 16.0,  0.0,  0.0,  3.0, 0.0, 203.0,    6.0,   2.0,   2.0,     4.0,    14.0, -1.0   ,     1.0,     1.0,     0.0,     0.0,     0.0,    16.0
bertuto01, 2002,     1, VAN , NHL , R  , 82.0, 46.0,  51.0,  97.0, 144.0, 2.0  , 25.0, 17.0,  0.0,  0.0,  7.0, 1.0, 243.0,   14.0,   2.0,   4.0,     6.0,    60.0, -3.0   ,     0.0,     2.0,     0.0,     0.0,     0.0,    31.0
bertuto01, 2003,     1, VAN , NHL , R  , 69.0, 17.0,  43.0,  60.0, 122.0, 21.0 ,  8.0,  8.0,  0.0,  0.0,  2.0, 0.0, 156.0,       ,      ,      ,        ,        ,        ,        ,        ,        ,        ,        ,      
bertuto01, 2005,     1, VAN , NHL , R  , 82.0, 25.0,  46.0,  71.0, 120.0, -17.0, 12.0, 20.0,  0.0,  0.0,  3.0,    , 200.0,       ,      ,      ,        ,        ,        ,        ,        ,        ,        ,        ,      
bertuto01, 2006,     1, FLO , NHL , R  ,  7.0,  1.0,   6.0,   7.0,  13.0, -4.0 ,  1.0,  3.0,  0.0,  0.0,  0.0,    ,   8.0,       ,      ,      ,        ,        ,        ,        ,        ,        ,        ,        ,      
bertuto01, 2006,     2, DET , NHL , R  ,  8.0,  2.0,   2.0,   4.0,   6.0, 3.0  ,  0.0,  1.0,  0.0,  0.0,  0.0,    ,  15.0,   16.0,   3.0,   4.0,     7.0,    15.0, -2.0   ,     1.0,     1.0,     0.0,     0.0,     0.0,    24.0
bertuto01, 2007,     1, AND , NHL , L  , 68.0, 14.0,  26.0,  40.0,  97.0, 8.0  ,  4.0,  5.0,  0.0,  0.0,  2.0,    , 121.0,    6.0,   0.0,   2.0,     2.0,    14.0, -2.0   ,     0.0,     1.0,     0.0,     0.0,     0.0,    11.0
bertuto01, 2008,     1, CAL , NHL , L  , 66.0, 15.0,  29.0,  44.0,  74.0, -13.0,  6.0, 10.0,  0.0,  0.0,  4.0,    , 127.0,    6.0,   1.0,   1.0,     2.0,     8.0, 4.0    ,     0.0,     0.0,     0.0,     0.0,     0.0,     9.0
bertuto01, 2009,     1, DET , NHL , R  , 82.0, 18.0,  26.0,  44.0,  80.0, -7.0 ,  4.0,  7.0,  0.0,  0.0,  4.0,    , 216.0,   12.0,   2.0,   9.0,    11.0,    12.0, 4.0    ,     1.0,     2.0,     0.0,     0.0,     0.0,    19.0
berubcr01, 1986,     1, PHI , NHL , L  ,  7.0,  0.0,   0.0,   0.0,  57.0, 2.0  ,  0.0,     ,  0.0,     ,  0.0, 0.0,   4.0,    5.0,   0.0,   0.0,     0.0,    17.0, 0.0    ,     0.0,        ,     0.0,        ,     0.0,     2.0
berubcr01, 1987,     1, PHI , NHL , L  , 27.0,  3.0,   2.0,   5.0, 108.0, 1.0  ,  0.0,  0.0,  0.0,  0.0,  2.0, 0.0,  13.0,       ,      ,      ,        ,        ,        ,        ,        ,        ,        ,        ,      
berubcr01, 1988,     1, PHI , NHL , L  , 53.0,  1.0,   1.0,   2.0, 199.0, -15.0,  0.0,  0.0,  0.0,  0.0,  0.0, 0.0,  31.0,   16.0,   0.0,   0.0,     0.0,    56.0, 0.0    ,     0.0,     0.0,     0.0,     0.0,     0.0,     2.0
berubcr01, 1989,     1, PHI , NHL , L  , 74.0,  4.0,  14.0,  18.0, 291.0, -7.0 ,  0.0,  0.0,  0.0,  0.0,  0.0, 0.0,  52.0,       ,      ,      ,        ,        ,        ,        ,        ,        ,        ,        ,      
berubcr01, 1990,     1, PHI , NHL , L  , 74.0,  8.0,   9.0,  17.0, 293.0, -6.0 ,  0.0,  0.0,  0.0,  0.0,  0.0, 0.0,  46.0,       ,      ,      ,        ,        ,        ,        ,        ,        ,        ,        ,      
berubcr01, 1991,     1, TOR , NHL , L  , 40.0,  5.0,   7.0,  12.0, 109.0, -2.0 ,  1.0,  1.0,  0.0,  0.0,  1.0, 0.0,  42.0,       ,      ,      ,        ,        ,        ,        ,        ,        ,        ,        ,      
berubcr01, 1991,     2, CAL , NHL , L  , 36.0,  1.0,   4.0,   5.0, 155.0, -3.0 ,  0.0,  0.0,  0.0,  0.0,  0.0, 0.0,  27.0,       ,      ,      ,        ,        ,        ,        ,        ,        ,        ,        ,      
berubcr01, 1992,     1, CAL , NHL , L  , 77.0,  4.0,   8.0,  12.0, 209.0, -6.0 ,  0.0,  0.0,  0.0,  0.0,  2.0, 0.0,  58.0,    6.0,   0.0,   1.0,     1.0,    21.0, -2.0   ,     0.0,     0.0,     0.0,     0.0,     0.0,     3.0
berubcr01, 1993,     1, WAS , NHL , L  , 84.0,  7.0,   7.0,  14.0, 305.0, -4.0 ,  0.0,  0.0,  0.0,  0.0,  0.0, 0.0,  48.0,    8.0,   0.0,   0.0,     0.0,    21.0, -1.0   ,     0.0,     0.0,     0.0,     0.0,     0.0,     0.0
berubcr01, 1994,     1, WAS , NHL , L  , 43.0,  2.0,   4.0,   6.0, 173.0, -5.0 ,  0.0,  0.0,  0.0,  0.0,  0.0, 0.0,  22.0,    7.0,   0.0,   0.0,     0.0,    29.0, -3.0   ,     0.0,     0.0,     0.0,     0.0,     0.0,     4.0
berubcr01, 1995,     1, WAS , NHL , L  , 50.0,  2.0,  10.0,  12.0, 151.0, 1.0  ,  1.0,  1.0,  0.0,  0.0,  1.0, 0.0,  28.0,    2.0,   0.0,   0.0,     0.0,    19.0, -1.0   ,     0.0,     0.0,     0.0,     0.0,     0.0,     3.0
berubcr01, 1996,     1, WAS , NHL , L  , 80.0,  4.0,   3.0,   7.0, 218.0, -11.0,  0.0,  0.0,  0.0,  0.0,  1.0, 0.0,  55.0,       ,      ,      ,        ,        ,        ,        ,        ,        ,        ,        ,      
berubcr01, 1997,     1, WAS , NHL , L  , 74.0,  6.0,   9.0,  15.0, 189.0, -3.0 ,  0.0,  0.0,  0.0,  0.0,  0.0, 0.0,  68.0,   21.0,   1.0,   0.0,     1.0,    21.0, 0.0    ,     0.0,     0.0,     0.0,     0.0,     1.0,    15.0
berubcr01, 1998,     1, WAS , NHL , L  , 66.0,  5.0,   4.0,   9.0, 166.0, -7.0 ,  0.0,  0.0,  0.0,  0.0,  0.0, 0.0,  45.0,       ,      ,      ,        ,        ,        ,        ,        ,        ,        ,        ,      
berubcr01, 1998,     2, PHI , NHL , L  , 11.0,  0.0,   0.0,   0.0,  28.0, -3.0 ,  0.0,  0.0,  0.0,  0.0,  0.0, 0.0,   7.0,    6.0,   1.0,   0.0,     1.0,     4.0, 1.0    ,     0.0,     0.0,     0.0,     0.0,     0.0,     7.0
berubcr01, 1999,     1, PHI , NHL , L  , 77.0,  4.0,   8.0,  12.0, 162.0, 3.0  ,  0.0,  0.0,  0.0,  0.0,  0.0, 0.0,  63.0,   18.0,   1.0,   0.0,     1.0,    23.0, -4.0   ,     0.0,     0.0,     0.0,     0.0,     1.0,    13.0
berubcr01, 2000,     1, WAS , NHL , L  , 22.0,  0.0,   1.0,   1.0,  18.0, -3.0 ,  0.0,  0.0,  0.0,  0.0,  0.0, 0.0,   8.0,       ,      ,      ,        ,        ,        ,        ,        ,        ,        ,        ,      
berubcr01, 2000,     2, NYI , NHL , L  , 38.0,  0.0,   2.0,   2.0,  54.0, -5.0 ,  0.0,  0.0,  0.0,  0.0,  0.0, 0.0,  27.0,       ,      ,      ,        ,        ,        ,        ,        ,        ,        ,        ,      
berubcr01, 2001,     1, CAL , NHL , L  , 66.0,  3.0,   1.0,   4.0, 164.0, -2.0 ,  1.0,  0.0,  0.0,  0.0,  0.0, 0.0,  34.0,       ,      ,      ,        ,        ,        ,        ,        ,        ,        ,        ,      
berubcr01, 2002,     1, CAL , NHL , L  , 55.0,  2.0,   4.0,   6.0, 100.0, -6.0 ,  0.0,  0.0,  0.0,  0.0,  1.0, 0.0,  21.0,       ,      ,      ,        ,        ,        ,        ,        ,        ,        ,        ,      
besleph01, 1935,     1, BOS , NHL , R  ,  8.0,  0.0,   0.0,   0.0,   0.0,      ,     ,     ,     ,     ,     ,    ,      ,       ,      ,      ,        ,        ,        ,        ,        ,        ,        ,        ,      
besleph01, 1938,     1, CHI , NHL , R  , 17.0,  1.0,   3.0,   4.0,  16.0,      ,     ,     ,     ,     ,     ,    ,      ,       ,      ,      ,        ,        ,        ,        ,        ,        ,        ,        ,      
besleph01, 1938,     2, DET , NHL , R  ,  5.0,  0.0,   1.0,   1.0,   2.0,      ,     ,     ,     ,     ,     ,    ,      ,       ,      ,      ,        ,        ,        ,        ,        ,        ,        ,        ,      
bessope01, 1937,     1, DET , NHL , D  ,  6.0,  0.0,   1.0,   1.0,   6.0,      ,     ,     ,     ,     ,     ,    ,      ,       ,      ,      ,        ,        ,        ,        ,        ,        ,        ,        ,      
besteal01, 1983,     1, TOR , NHL , G  , 32.0,  0.0,   0.0,   0.0,   6.0, 0.0  ,  0.0,     ,  0.0,     ,  0.0, 0.0,   0.0,       ,      ,      ,        ,        ,        ,        ,        ,        ,        ,        ,      
besteal01, 1984,     1, TOR , NHL , G  , 15.0,  0.0,   1.0,   1.0,   4.0, 0.0  ,  0.0,     ,  0.0,     ,  0.0, 0.0,   0.0,       ,      ,      ,        ,        ,        ,        ,        ,        ,        ,        ,      
besteal01, 1985,     1, TOR , NHL , G  ,  1.0,  0.0,   0.0,   0.0,   0.0, 0.0  ,  0.0,     ,  0.0,     ,  0.0, 0.0,   0.0,       ,      ,      ,        ,        ,        ,        ,        ,        ,        ,        ,      
besteal01, 1986,     1, TOR , NHL , G  , 36.0,  0.0,   0.0,   0.0,   8.0, 0.0  ,  0.0,     ,  0.0,     ,  0.0, 0.0,   0.0,    1.0,   0.0,   0.0,     0.0,     0.0, 0.0    ,     0.0,        ,     0.0,        ,     0.0,     0.0
besteal01, 1987,     1, TOR , NHL , G  , 30.0,  0.0,   3.0,   3.0,   6.0, 0.0  ,  0.0,     ,  0.0,     ,  0.0, 0.0,   0.0,    5.0,   0.0,   0.0,     0.0,     0.0, 0.0    ,     0.0,     0.0,     0.0,     0.0,     0.0,     0.0
besteal01, 1988,     1, TOR , NHL , G  , 43.0,  0.0,   2.0,   2.0,   2.0, 0.0  ,  0.0,     ,  0.0,     ,  0.0, 0.0,   0.0,       ,      ,      ,        ,        ,        ,        ,        ,        ,        ,        ,      
besteal01, 1989,     1, TOR , NHL , G  , 42.0,  0.0,   2.0,   2.0,   4.0, 0.0  ,  0.0,     ,  0.0,     ,  0.0, 0.0,   0.0,    4.0,   0.0,   0.0,     0.0,     0.0, 0.0    ,     0.0,     0.0,     0.0,     0.0,     0.0,     0.0
besteal01, 1990,     1, TOR , NHL , G  ,  6.0,  0.0,   0.0,   0.0,   0.0, 0.0  ,  0.0,  0.0,  0.0,  0.0,  0.0, 0.0,   0.0,       ,      ,      ,        ,        ,        ,        ,        ,        ,        ,        ,      
besteal01, 1990,     2, DET , NHL , G  ,  3.0,  0.0,   0.0,   0.0,   0.0, 0.0  ,  0.0,  0.0,  0.0,  0.0,  0.0, 0.0,   0.0,    1.0,   0.0,   0.0,     0.0,     0.0, 0.0    ,     0.0,     0.0,     0.0,     0.0,     0.0,     0.0
besteal01, 1991,     1, DET , NHL , G  ,  1.0,  0.0,   0.0,   0.0,   0.0, 0.0  ,  0.0,  0.0,  0.0,  0.0,  0.0, 0.0,   0.0,       ,      ,      ,        ,        ,        ,        ,        ,        ,        ,        ,      
besteal01, 1995,     1, DAL , NHL , G  , 10.0,  0.0,   0.0,   0.0,   2.0, 0.0  ,  0.0,  0.0,  0.0,  0.0,  0.0, 0.0,   0.0,       ,      ,      ,        ,        ,        ,        ,        ,        ,        ,        ,      
bethejo01, 1979,     1, WIN , NHL , L  , 17.0,  0.0,   2.0,   2.0,   4.0, -3.0 ,  0.0,     ,  0.0,     ,  0.0, 0.0,  12.0,       ,      ,      ,        ,        ,        ,        ,        ,        ,        ,        ,      
betikka01, 1998,     1, TBL , NHL , D  ,  3.0,  0.0,   2.0,   2.0,   2.0, -3.0 ,  0.0,  0.0,  0.0,  0.0,  0.0, 0.0,   2.0,       ,      ,      ,        ,        ,        ,        ,        ,        ,        ,        ,      
betsma01 , 1993,     1, ANA , NHL , R  ,  3.0,  0.0,   0.0,   0.0,   0.0, -3.0 ,  0.0,  0.0,  0.0,  0.0,  0.0, 0.0,   1.0,       ,      ,      ,        ,        ,        ,        ,        ,        ,        ,        ,      
bettisa01, 1949,     1, BOS , NHL , L  , 44.0,  9.0,  12.0,  21.0,  32.0,      ,     ,     ,     ,     ,     ,    ,      ,       ,      ,      ,        ,        ,        ,        ,        ,        ,        ,        ,      
bettsbl01, 2001,     1, CAL , NHL , C  ,  6.0,  1.0,   0.0,   1.0,   2.0, -1.0 ,  0.0,  0.0,  0.0,  0.0,  1.0, 0.0,   4.0,       ,      ,      ,        ,        ,        ,        ,        ,        ,        ,        ,      
bettsbl01, 2002,     1, CAL , NHL , C  ,  9.0,  1.0,   3.0,   4.0,   0.0, 3.0  ,  0.0,  0.0,  0.0,  0.0,  0.0, 1.0,  16.0,       ,      ,      ,        ,        ,        ,        ,        ,        ,        ,        ,      
bettsbl01, 2003,     1, CAL , NHL , C  , 20.0,  1.0,   2.0,   3.0,  10.0, -1.0 ,  1.0,  0.0,  0.0,  0.0,  1.0, 0.0,  21.0,       ,      ,      ,        ,        ,        ,        ,        ,        ,        ,        ,      
bettsbl01, 2005,     1, NYR , NHL , C  , 66.0,  8.0,   2.0,  10.0,  24.0, -10.0,  0.0,  0.0,  1.0,  0.0,  0.0,    ,  94.0,    4.0,   1.0,   1.0,     2.0,     2.0, -1.0   ,     0.0,     1.0,     0.0,     0.0,     0.0,     4.0
bettsbl01, 2006,     1, NYR , NHL , C  , 82.0,  9.0,   4.0,  13.0,  24.0, -4.0 ,  1.0,  0.0,  1.0,  0.0,  0.0,    , 120.0,   10.0,   0.0,   0.0,     0.0,     4.0, -5.0   ,     0.0,     0.0,     0.0,     0.0,     0.0,     9.0
bettsbl01, 2007,     1, NYR , NHL , C  , 75.0,  2.0,   5.0,   7.0,  20.0, -4.0 ,  0.0,  1.0,  0.0,  0.0,  0.0,    ,  85.0,    8.0,   0.0,   0.0,     0.0,     2.0, -4.0   ,     0.0,     0.0,     0.0,     0.0,     0.0,     7.0
bettsbl01, 2008,     1, NYR , NHL , C  , 81.0,  6.0,   4.0,  10.0,  16.0, -5.0 ,  0.0,  0.0,  2.0,  1.0,  1.0,    ,  83.0,    6.0,   0.0,   0.0,     0.0,     0.0, -1.0   ,     0.0,     0.0,     0.0,     0.0,     0.0,     1.0
bettsbl01, 2009,     1, PHI , NHL , C  , 63.0,  8.0,  10.0,  18.0,  14.0, 7.0  ,  1.0,  0.0,  1.0,  0.0,  2.0,    ,  63.0,   23.0,   1.0,   1.0,     2.0,     4.0, -4.0   ,     0.0,     0.0,     0.0,     0.0,     0.0,    16.0
beukeje01, 1985,     1, EDM , NHL , D  ,     ,     ,      ,      ,      ,      ,     ,     ,     ,     ,     ,    ,      ,    1.0,   0.0,   0.0,     0.0,     4.0, 1.0    ,     0.0,        ,     0.0,        ,     0.0,     1.0
beukeje01, 1986,     1, EDM , NHL , D  , 44.0,  3.0,   8.0,  11.0, 124.0, 7.0  ,  1.0,     ,  0.0,     ,  1.0, 0.0,  24.0,       ,      ,      ,        ,        ,        ,        ,        ,        ,        ,        ,      
beukeje01, 1987,     1, EDM , NHL , D  , 73.0,  5.0,  20.0,  25.0, 201.0, 27.0 ,  1.0,  6.0,  0.0,  1.0,  1.0, 0.0,  76.0,    7.0,   0.0,   0.0,     0.0,    16.0, -1.0   ,     0.0,     0.0,     0.0,     0.0,     0.0,     2.0
beukeje01, 1988,     1, EDM , NHL , D  , 36.0,  0.0,   5.0,   5.0,  94.0, 2.0  ,  0.0,  0.0,  0.0,  1.0,  0.0, 0.0,  26.0,    1.0,   0.0,   0.0,     0.0,     2.0, 0.0    ,     0.0,     0.0,     0.0,     0.0,     0.0,     0.0
beukeje01, 1989,     1, EDM , NHL , D  , 46.0,  1.0,  12.0,  13.0,  86.0, 5.0  ,  0.0,  4.0,  0.0,  0.0,  0.0, 0.0,  36.0,    2.0,   0.0,   0.0,     0.0,     0.0, 2.0    ,     0.0,     0.0,     0.0,     0.0,     0.0,     0.0
beukeje01, 1990,     1, EDM , NHL , D  , 67.0,  3.0,   7.0,  10.0, 150.0, 6.0  ,  0.0,  0.0,  0.0,  2.0,  0.0, 0.0,  48.0,   18.0,   1.0,   3.0,     4.0,    28.0, -5.0   ,     0.0,     0.0,     0.0,     0.0,     0.0,    15.0
beukeje01, 1991,     1, EDM , NHL , D  , 18.0,  0.0,   5.0,   5.0,  78.0, 4.0  ,  0.0,  0.0,  0.0,  1.0,  0.0, 0.0,   7.0,       ,      ,      ,        ,        ,        ,        ,        ,        ,        ,        ,      
beukeje01, 1991,     2, NYR , NHL , D  , 56.0,  1.0,  10.0,  11.0, 122.0, 19.0 ,  0.0,  0.0,  0.0,  1.0,  0.0, 0.0,  41.0,   13.0,   2.0,   3.0,     5.0,    47.0, -2.0   ,     0.0,     0.0,     0.0,     0.0,     0.0,    10.0
beukeje01, 1992,     1, NYR , NHL , D  , 82.0,  2.0,  17.0,  19.0, 153.0, 9.0  ,  0.0,  0.0,  0.0,  1.0,  0.0, 0.0,  54.0,       ,      ,      ,        ,        ,        ,        ,        ,        ,        ,        ,      
beukeje01, 1993,     1, NYR , NHL , D  , 68.0,  8.0,   8.0,  16.0, 170.0, 18.0 ,  1.0,  0.0,  0.0,  0.0,  0.0, 0.0,  58.0,   22.0,   0.0,   6.0,     6.0,    50.0, 17.0   ,     0.0,     0.0,     0.0,     0.0,     0.0,    22.0
beukeje01, 1994,     1, NYR , NHL , D  , 44.0,  1.0,   3.0,   4.0,  70.0, 3.0  ,  0.0,  0.0,  0.0,  1.0,  0.0, 0.0,  29.0,    9.0,   0.0,   0.0,     0.0,    10.0, 1.0    ,     0.0,     0.0,     0.0,     0.0,     0.0,    11.0
beukeje01, 1995,     1, NYR , NHL , D  , 82.0,  3.0,  11.0,  14.0, 220.0, 19.0 ,  0.0,  0.0,  0.0,  0.0,  1.0, 1.0,  65.0,   11.0,   0.0,   3.0,     3.0,     6.0, -1.0   ,     0.0,     0.0,     0.0,     0.0,     0.0,    12.0
beukeje01, 1996,     1, NYR , NHL , D  , 80.0,  3.0,   9.0,  12.0, 167.0, 22.0 ,  0.0,  0.0,  0.0,  1.0,  0.0, 0.0,  55.0,   15.0,   0.0,   1.0,     1.0,    34.0, 5.0    ,     0.0,     0.0,     0.0,     0.0,     0.0,     9.0
beukeje01, 1997,     1, NYR , NHL , D  , 63.0,  0.0,   5.0,   5.0, 195.0, -25.0,  0.0,  0.0,  0.0,  0.0,  0.0, 0.0,  23.0,       ,      ,      ,        ,        ,        ,        ,        ,        ,        ,        ,      
beukeje01, 1998,     1, NYR , NHL , D  , 45.0,  0.0,   9.0,   9.0,  60.0, -2.0 ,  0.0,  0.0,  0.0,  2.0,  0.0, 0.0,   8.0,       ,      ,      ,        ,        ,        ,        ,        ,        ,        ,        ,      
beverbi01, 1929,     1, DTC , NHL , G  , 39.0,  0.0,   0.0,   0.0,   0.0,      ,     ,     ,     ,     ,     ,    ,      ,       ,      ,      ,        ,        ,        ,        ,        ,        ,        ,        ,      
beverbi01, 1930,     1, OTS , NHL , G  ,  9.0,  0.0,   0.0,   0.0,   0.0,      ,     ,     ,     ,     ,     ,    ,      ,       ,      ,      ,        ,        ,        ,        ,        ,        ,        ,        ,      
beverbi01, 1932,     1, OTS , NHL , G  , 35.0,  0.0,   0.0,   0.0,   0.0,      ,     ,     ,     ,     ,     ,    ,      ,       ,      ,      ,        ,        ,        ,        ,        ,        ,        ,        ,      
beverbi01, 1933,     1, OTS , NHL , G  , 48.0,  0.0,   0.0,   0.0,   0.0,      ,     ,     ,     ,     ,     ,    ,      ,       ,      ,      ,        ,        ,        ,        ,        ,        ,        ,        ,      
beverbi01, 1934,     1, STE , NHL , G  , 48.0,  0.0,   0.0,   0.0,   0.0,      ,     ,     ,     ,     ,     ,    ,      ,       ,      ,      ,        ,        ,        ,        ,        ,        ,        ,        ,      
beverbi01, 1935,     1, MTM , NHL , G  , 32.0,  0.0,   0.0,   0.0,   0.0,      ,     ,     ,     ,     ,     ,    ,      ,       ,      ,      ,        ,        ,        ,        ,        ,        ,        ,        ,      
beverbi01, 1936,     1, MTM , NHL , G  , 21.0,  0.0,   0.0,   0.0,   0.0,      ,     ,     ,     ,     ,     ,    ,      ,    5.0,   0.0,   0.0,     0.0,     0.0,        ,        ,        ,        ,        ,        ,      
beverbi01, 1937,     1, MTM , NHL , G  , 48.0,  0.0,   0.0,   0.0,   0.0,      ,     ,     ,     ,     ,     ,    ,      ,       ,      ,      ,        ,        ,        ,        ,        ,        ,        ,        ,      
beverbi01, 1942,     1, NYR , NHL , G  , 17.0,  0.0,   0.0,   0.0,   0.0,      ,     ,     ,     ,     ,     ,    ,      ,       ,      ,      ,        ,        ,        ,        ,        ,        ,        ,        ,      
beverni01, 1966,     1, BOS , NHL , D  ,  2.0,  0.0,   0.0,   0.0,   0.0,      ,  0.0,     ,  0.0,     ,  0.0, 0.0,      ,       ,      ,      ,        ,        ,        ,        ,        ,        ,        ,        ,      
beverni01, 1969,     1, BOS , NHL , D  ,  2.0,  0.0,   0.0,   0.0,   2.0, 0.0  ,  0.0,     ,  0.0,     ,  0.0, 0.0,   0.0,       ,      ,      ,        ,        ,        ,        ,        ,        ,        ,        ,      
beverni01, 1971,     1, BOS , NHL , D  ,  1.0,  0.0,   0.0,   0.0,   0.0, 0.0  ,  0.0,     ,  0.0,     ,  0.0, 0.0,   0.0,       ,      ,      ,        ,        ,        ,        ,        ,        ,        ,        ,      
beverni01, 1972,     1, BOS , NHL , D  , 76.0,  1.0,  10.0,  11.0,  26.0, 7.0  ,  0.0,     ,  0.0,     ,  0.0, 0.0,  57.0,    4.0,   0.0,   0.0,     0.0,     0.0,        ,     0.0,        ,     0.0,        ,     0.0,      
beverni01, 1973,     1, BOS , NHL , D  ,  1.0,  0.0,   0.0,   0.0,   0.0, -1.0 ,  0.0,     ,  0.0,     ,  0.0, 0.0,   0.0,       ,      ,      ,        ,        ,        ,        ,        ,        ,        ,        ,      
beverni01, 1973,     2, PIT , NHL , D  , 67.0,  2.0,  14.0,  16.0,  21.0, -16.0,  0.0,     ,  0.0,     ,  1.0, 0.0,  74.0,       ,      ,      ,        ,        ,        ,        ,        ,        ,        ,        ,      
beverni01, 1974,     1, NYR , NHL , D  , 67.0,  3.0,  15.0,  18.0,  19.0, 13.0 ,  0.0,     ,  0.0,     ,  0.0, 0.0,  79.0,    3.0,   0.0,   1.0,     1.0,     0.0,        ,     0.0,        ,     0.0,        ,     0.0,      
beverni01, 1975,     1, NYR , NHL , D  , 63.0,  1.0,   8.0,   9.0,  46.0, -9.0 ,  0.0,     ,  0.0,     ,  0.0, 0.0,  75.0,       ,      ,      ,        ,        ,        ,        ,        ,        ,        ,        ,      
beverni01, 1976,     1, NYR , NHL , D  ,  9.0,  0.0,   0.0,   0.0,   2.0, 0.0  ,  0.0,     ,  0.0,     ,  0.0, 0.0,   1.0,       ,      ,      ,        ,        ,        ,        ,        ,        ,        ,        ,      
beverni01, 1976,     2, MNS , NHL , D  , 52.0,  2.0,  17.0,  19.0,   6.0, 0.0  ,  0.0,     ,  0.0,     ,  0.0, 0.0,  59.0,       ,      ,      ,        ,        ,        ,        ,        ,        ,        ,        ,      
beverni01, 1977,     1, MNS , NHL , D  , 57.0,  7.0,  14.0,  21.0,  18.0, -1.0 ,  0.0,     ,  0.0,     ,  1.0, 0.0,  87.0,       ,      ,      ,        ,        ,        ,        ,        ,        ,        ,        ,      
beverni01, 1978,     1, LAK , NHL , D  ,  7.0,  0.0,   3.0,   3.0,   0.0, 2.0  ,  0.0,     ,  0.0,     ,  0.0, 0.0,   2.0,       ,      ,      ,        ,        ,        ,        ,        ,        ,        ,        ,      
beverni01, 1978,     2, COR , NHL , D  , 52.0,  2.0,   4.0,   6.0,   6.0, -16.0,  0.0,     ,  1.0,     ,  0.0, 0.0,  42.0,       ,      ,      ,        ,        ,        ,        ,        ,        ,        ,        ,      
beverni01, 1979,     1, COR , NHL , D  , 46.0,  0.0,   9.0,   9.0,  10.0, -4.0 ,  0.0,     ,  0.0,     ,  0.0, 0.0,  23.0,       ,      ,      ,        ,        ,        ,        ,        ,        ,        ,        ,      
bezakma01, 1978,     1, CZE , WHA ,    ,  4.0,  2.0,   0.0,   2.0,   4.0,      ,     ,     ,     ,     ,     ,    ,      ,       ,      ,      ,        ,        ,        ,        ,        ,        ,        ,        ,      
bezingo01, 2003,     1, PHO , NHL , D  ,  3.0,  0.0,   0.0,   0.0,   2.0, -1.0 ,  0.0,  0.0,  0.0,  0.0,  0.0, 0.0,   0.0,       ,      ,      ,        ,        ,        ,        ,        ,        ,        ,        ,      
bialodw01, 1973,     1, ATF , NHL , D  , 11.0,  0.0,   0.0,   0.0,   2.0, -6.0 ,  0.0,     ,  0.0,     ,  0.0, 0.0,   3.0,       ,      ,      ,        ,        ,        ,        ,        ,        ,        ,        ,      
bialodw01, 1974,     1, ATF , NHL , D  , 37.0,  3.0,   9.0,  12.0,  20.0, 3.0  ,  2.0,     ,  0.0,     ,  0.0, 0.0,  42.0,       ,      ,      ,        ,        ,        ,        ,        ,        ,        ,        ,      
bialodw01, 1974,     2, MNS , NHL , D  , 40.0,  2.0,  10.0,  12.0,   2.0, -5.0 ,  2.0,     ,  0.0,     ,  0.0, 0.0,  62.0,       ,      ,      ,        ,        ,        ,        ,        ,        ,        ,        ,      
bialodw01, 1975,     1, MNS , NHL , D  , 58.0,  5.0,  18.0,  23.0,  22.0, -9.0 ,  5.0,     ,  0.0,     ,  1.0, 0.0,  87.0,       ,      ,      ,        ,        ,        ,        ,        ,        ,        ,        ,      
bialodw01, 1976,     1, MNS , NHL , D  , 18.0,  1.0,   9.0,  10.0,   0.0, -3.0 ,  1.0,     ,  0.0,     ,  0.0, 0.0,  21.0,       ,      ,      ,        ,        ,        ,        ,        ,        ,        ,        ,      
bialofr01, 1993,     1, TOR , NHL , D  ,  3.0,  0.0,   0.0,   0.0,  12.0, 0.0  ,  0.0,  0.0,  0.0,  0.0,  0.0, 0.0,   1.0,       ,      ,      ,        ,        ,        ,        ,        ,        ,        ,        ,      
biancwa01, 1973,     1, PIT , NHL , L  , 69.0, 12.0,  13.0,  25.0,  38.0, -15.0,  1.0,     ,  0.0,     ,  1.0, 0.0, 118.0,       ,      ,      ,        ,        ,        ,        ,        ,        ,        ,        ,      
biancwa01, 1974,     1, PIT , NHL , L  ,  2.0,  0.0,   0.0,   0.0,   0.0, -1.0 ,  0.0,     ,  0.0,     ,  0.0, 0.0,   0.0,       ,      ,      ,        ,        ,        ,        ,        ,        ,        ,        ,      
biancwa01, 1975,     1, PIT , NHL , L  , 14.0,  1.0,   5.0,   6.0,   4.0, -4.0 ,  0.0,     ,  0.0,     ,  1.0, 0.0,  26.0,       ,      ,      ,        ,        ,        ,        ,        ,        ,        ,        ,      
biancwa01, 1976,     1, PIT , NHL , L  , 79.0, 28.0,   6.0,  34.0,  28.0, -1.0 ,  4.0,     ,  0.0,     ,  3.0, 1.0, 130.0,    3.0,   0.0,   1.0,     1.0,     6.0,        ,     0.0,        ,     0.0,        ,     0.0,      
biancwa01, 1977,     1, PIT , NHL , L  , 61.0, 20.0,  13.0,  33.0,  40.0, -14.0,  3.0,     ,  1.0,     ,  2.0, 1.0,  95.0,       ,      ,      ,        ,        ,        ,        ,        ,        ,        ,        ,      
biancwa01, 1978,     1, PIT , NHL , L  , 40.0,  7.0,   4.0,  11.0,  20.0, -2.0 ,  1.0,     ,  0.0,     ,  3.0, 0.0,  57.0,       ,      ,      ,        ,        ,        ,        ,        ,        ,        ,        ,      
biancwa01, 1979,     1, EDM , NHL , L  , 11.0,  0.0,   0.0,   0.0,   7.0, -4.0 ,  0.0,     ,  0.0,     ,  0.0, 0.0,   7.0,       ,      ,      ,        ,        ,        ,        ,        ,        ,        ,        ,      
bibeapa01, 1940,     1, MTL , NHL , G  ,  4.0,  0.0,   0.0,   0.0,   0.0,      ,     ,     ,     ,     ,     ,    ,      ,       ,      ,      ,        ,        ,        ,        ,        ,        ,        ,        ,      
bibeapa01, 1941,     1, MTL , NHL , G  , 38.0,  0.0,   0.0,   0.0,   0.0,      ,     ,     ,     ,     ,     ,    ,      ,    3.0,   0.0,   0.0,     0.0,     0.0,        ,        ,        ,        ,        ,        ,      
bibeapa01, 1942,     1, MTL , NHL , G  , 50.0,  0.0,   0.0,   0.0,   0.0,      ,     ,     ,     ,     ,     ,    ,      ,    5.0,   0.0,   0.0,     0.0,     0.0,        ,        ,        ,        ,        ,        ,      
bibeapa01, 1943,     1, TOR , NHL , G  , 29.0,  0.0,   0.0,   0.0,   0.0,      ,     ,     ,     ,     ,     ,    ,      ,    5.0,   0.0,   0.0,     0.0,     0.0,        ,        ,        ,        ,        ,        ,      
bibeapa01, 1944,     1, BOS , NHL , G  , 26.0,  0.0,   0.0,   0.0,   0.0,      ,     ,     ,     ,     ,     ,    ,      ,    7.0,   0.0,   0.0,     0.0,     0.0,        ,        ,        ,        ,        ,        ,      
bibeapa01, 1945,     1, BOS , NHL , G  , 16.0,  0.0,   0.0,   0.0,   0.0,      ,     ,     ,     ,     ,     ,    ,      ,       ,      ,      ,        ,        ,        ,        ,        ,        ,        ,        ,      
bibeapa01, 1945,     2, MTL , NHL , G  , 10.0,  0.0,   0.0,   0.0,   0.0,      ,     ,     ,     ,     ,     ,    ,      ,       ,      ,      ,        ,        ,        ,        ,        ,        ,        ,        ,      
bibeapa01, 1946,     1, CHI , NHL , G  , 41.0,  0.0,   0.0,   0.0,   2.0,      ,     ,     ,     ,     ,     ,    ,      ,       ,      ,      ,        ,        ,        ,        ,        ,        ,        ,        ,      
bicanra01, 1994,     1, OTT , NHL , D  ,  6.0,  0.0,   0.0,   0.0,   0.0, 3.0  ,  0.0,  0.0,  0.0,  0.0,  0.0, 0.0,   6.0,       ,      ,      ,        ,        ,        ,        ,        ,        ,        ,        ,      
bicanra01, 1996,     1, OTT , NHL , D  , 21.0,  0.0,   1.0,   1.0,   8.0, -4.0 ,  0.0,  0.0,  0.0,  0.0,  0.0, 0.0,  27.0,    7.0,   0.0,   0.0,     0.0,     8.0, 0.0    ,     0.0,     0.0,     0.0,     0.0,     0.0,     4.0
bicanra01, 1997,     1, OTT , NHL , D  ,  1.0,  0.0,   0.0,   0.0,   0.0, 0.0  ,  0.0,  0.0,  0.0,  0.0,  0.0, 0.0,   0.0,       ,      ,      ,        ,        ,        ,        ,        ,        ,        ,        ,      
bicanra01, 1998,     1, OTT , NHL , D  ,  7.0,  0.0,   0.0,   0.0,   4.0, -1.0 ,  0.0,  0.0,  0.0,  0.0,  0.0, 0.0,   6.0,       ,      ,      ,        ,        ,        ,        ,        ,        ,        ,        ,      
bicanra01, 1998,     2, CHI , NHL , D  ,  7.0,  0.0,   0.0,   0.0,   6.0, -3.0 ,  0.0,  0.0,  0.0,  0.0,  0.0, 0.0,   7.0,       ,      ,      ,        ,        ,        ,        ,        ,        ,        ,        ,      
bicanra01, 1999,     1, CHI , NHL , D  , 11.0,  0.0,   3.0,   3.0,   4.0, 7.0  ,  0.0,  0.0,  0.0,  0.0,  0.0, 0.0,   8.0,       ,      ,      ,        ,        ,        ,        ,        ,        ,        ,        ,      
bicanra01, 2000,     1, CBS , NHL , D  ,  9.0,  0.0,   2.0,   2.0,   6.0, 1.0  ,  0.0,  0.0,  0.0,  0.0,  0.0, 0.0,  11.0,       ,      ,      ,        ,        ,        ,        ,        ,        ,        ,        ,      
bicanra01, 2001,     1, CBS , NHL , D  , 60.0,  1.0,   5.0,   6.0,  34.0, -15.0,  0.0,  1.0,  0.0,  0.0,  0.0, 0.0,  43.0,       ,      ,      ,        ,        ,        ,        ,        ,        ,        ,        ,      
bicekji01, 2000,     1, NJD , NHL , L  ,  5.0,  1.0,   0.0,   1.0,   4.0, 0.0  ,  0.0,  0.0,  0.0,  0.0,  0.0, 0.0,  10.0,       ,      ,      ,        ,        ,        ,        ,        ,        ,        ,        ,      
bicekji01, 2001,     1, NJD , NHL , R  ,  1.0,  0.0,   0.0,   0.0,   0.0, -1.0 ,  0.0,  0.0,  0.0,  0.0,  0.0, 0.0,   2.0,       ,      ,      ,        ,        ,        ,        ,        ,        ,        ,        ,      
bicekji01, 2002,     1, NJD , NHL , R  , 44.0,  5.0,   6.0,  11.0,  25.0, 7.0  ,  1.0,  0.0,  0.0,  0.0,  1.0, 0.0,  63.0,    5.0,   0.0,   0.0,     0.0,     0.0, -2.0   ,     0.0,     0.0,     0.0,     0.0,     0.0,     2.0
bicekji01, 2003,     1, NJD , NHL , R  , 12.0,  0.0,   1.0,   1.0,   0.0, 0.0  ,  0.0,  0.0,  0.0,  0.0,  0.0, 0.0,  10.0,    2.0,   0.0,   0.0,     0.0,     0.0, -1.0   ,     0.0,     0.0,     0.0,     0.0,     0.0,     4.0
bickebr01, 2006,     1, CHI , NHL , L  ,  3.0,  2.0,   0.0,   2.0,   0.0, 1.0  ,  0.0,  0.0,  0.0,  0.0,  0.0,    ,  10.0,       ,      ,      ,        ,        ,        ,        ,        ,        ,        ,        ,      
bickebr01, 2007,     1, CHI , NHL , L  ,  4.0,  0.0,   0.0,   0.0,   2.0, -1.0 ,  0.0,  0.0,  0.0,  0.0,  0.0,    ,   3.0,       ,      ,      ,        ,        ,        ,        ,        ,        ,        ,        ,      
bickebr01, 2009,     1, CHI , NHL , L  , 16.0,  3.0,   1.0,   4.0,   5.0, 4.0  ,  0.0,  0.0,  0.0,  0.0,  1.0,    ,  20.0,    4.0,   0.0,   1.0,     1.0,     2.0, 3.0    ,     0.0,     0.0,     0.0,     0.0,     0.0,     3.0
bidneto01, 1981,     1, WAS , NHL , L  , 12.0,  2.0,   1.0,   3.0,   7.0, 0.0  ,  0.0,     ,  0.0,     ,  1.0, 0.0,   5.0,       ,      ,      ,        ,        ,        ,        ,        ,        ,        ,        ,      
biekske01, 2005,     1, VAN , NHL , D  , 39.0,  0.0,   6.0,   6.0,  77.0, -1.0 ,  0.0,  2.0,  0.0,  0.0,  0.0,    ,  38.0,       ,      ,      ,        ,        ,        ,        ,        ,        ,        ,        ,      
biekske01, 2006,     1, VAN , NHL , D  , 81.0, 12.0,  30.0,  42.0, 134.0, 1.0  ,  6.0, 13.0,  0.0,  0.0,  2.0,    , 203.0,    9.0,   0.0,   0.0,     0.0,    20.0, -1.0   ,     0.0,     0.0,     0.0,     0.0,     0.0,    13.0
biekske01, 2007,     1, VAN , NHL , D  , 34.0,  2.0,  10.0,  12.0,  90.0, -11.0,  1.0,  5.0,  0.0,  0.0,  1.0,    ,  64.0,       ,      ,      ,        ,        ,        ,        ,        ,        ,        ,        ,      
biekske01, 2008,     1, VAN , NHL , D  , 72.0, 11.0,  32.0,  43.0,  97.0, -4.0 ,  5.0, 20.0,  0.0,  2.0,  2.0,    , 153.0,   10.0,   0.0,   5.0,     5.0,    14.0, 3.0    ,     0.0,     2.0,     0.0,     0.0,     0.0,    18.0
biekske01, 2009,     1, VAN , NHL , D  , 55.0,  3.0,  19.0,  22.0,  85.0, -5.0 ,  1.0,  6.0,  0.0,  0.0,  0.0,    ,  95.0,   12.0,   3.0,   5.0,     8.0,    14.0, 2.0    ,     1.0,     0.0,     0.0,     0.0,     1.0,    20.0
bierkza01, 1997,     1, TBL , NHL , G  , 13.0,  0.0,   0.0,   0.0,   0.0, 0.0  ,  0.0,  0.0,  0.0,  0.0,  0.0, 0.0,   0.0,       ,      ,      ,        ,        ,        ,        ,        ,        ,        ,        ,      
bierkza01, 1998,     1, TBL , NHL , G  ,  1.0,  0.0,   0.0,   0.0,   0.0, 0.0  ,  0.0,  0.0,  0.0,  0.0,  0.0, 0.0,   0.0,       ,      ,      ,        ,        ,        ,        ,        ,        ,        ,        ,      
bierkza01, 1999,     1, TBL , NHL , G  , 12.0,  0.0,   1.0,   1.0,   0.0, 0.0  ,  0.0,  0.0,  0.0,  0.0,  0.0, 0.0,   0.0,       ,      ,      ,        ,        ,        ,        ,        ,        ,        ,        ,      
bierkza01, 2000,     1, MIN , NHL , G  ,  1.0,  0.0,   0.0,   0.0,   2.0, 0.0  ,  0.0,  0.0,  0.0,  0.0,  0.0, 0.0,   0.0,       ,      ,      ,        ,        ,        ,        ,        ,        ,        ,        ,      
bierkza01, 2002,     1, PHO , NHL , G  , 16.0,  0.0,   0.0,   0.0,   2.0, 0.0  ,  0.0,  0.0,  0.0,  0.0,  0.0, 0.0,   0.0,       ,      ,      ,        ,        ,        ,        ,        ,        ,        ,        ,      
bierkza01, 2003,     1, PHO , NHL , G  ,  4.0,  0.0,   0.0,   0.0,   2.0, 0.0  ,  0.0,  0.0,  0.0,  0.0,  0.0, 0.0,   0.0,       ,      ,      ,        ,        ,        ,        ,        ,        ,        ,        ,      
biggsdo01, 1984,     1, MNS , NHL , C  ,  1.0,  0.0,   0.0,   0.0,   0.0, 0.0  ,  0.0,     ,  0.0,     ,  0.0, 0.0,   0.0,       ,      ,      ,        ,        ,        ,        ,        ,        ,        ,        ,      
biggsdo01, 1989,     1, PHI , NHL , C  , 11.0,  2.0,   0.0,   2.0,   8.0, -4.0 ,  1.0,  0.0,  0.0,  0.0,  0.0, 0.0,  14.0,       ,      ,      ,        ,        ,        ,        ,        ,        ,        ,        ,      
bignela01, 1973,     1, PIT , NHL , D  , 20.0,  0.0,   3.0,   3.0,   2.0, -3.0 ,  0.0,     ,  0.0,     ,  0.0, 0.0,  13.0,       ,      ,      ,        ,        ,        ,        ,        ,        ,        ,        ,      
bignela01, 1974,     1, PIT , NHL , D  ,     ,     ,      ,      ,      ,      ,     ,     ,     ,     ,     ,    ,      ,    3.0,   0.0,   0.0,     0.0,     2.0,        ,     0.0,        ,     0.0,        ,     0.0,      
bignela01, 1975,     1, DOT , WHA , D  , 41.0,  5.0,   5.0,  10.0,  43.0, -4.0 ,     ,     ,     ,     ,     ,    ,  40.0,       ,      ,      ,        ,        ,        ,        ,        ,        ,        ,        ,      
biljazi01, 1977,     1, SOV , WHA , D  ,  8.0,  5.0,   2.0,   7.0,   6.0,      ,     ,     ,     ,     ,     ,    ,      ,       ,      ,      ,        ,        ,        ,        ,        ,        ,        ,        ,      
billicr01, 1985,     1, NJD , NHL , G  , 18.0,  0.0,   1.0,   1.0,   0.0, 0.0  ,  0.0,     ,  0.0,     ,  0.0, 0.0,   0.0,       ,      ,      ,        ,        ,        ,        ,        ,        ,        ,        ,      
billicr01, 1986,     1, NJD , NHL , G  , 22.0,  0.0,   0.0,   0.0,  12.0, 0.0  ,  0.0,     ,  0.0,     ,  0.0, 0.0,   0.0,       ,      ,      ,        ,        ,        ,        ,        ,        ,        ,        ,      
billicr01, 1988,     1, NJD , NHL , G  ,  3.0,  0.0,   0.0,   0.0,   0.0, 0.0  ,  0.0,  0.0,  0.0,  0.0,  0.0, 0.0,   0.0,       ,      ,      ,        ,        ,        ,        ,        ,        ,        ,        ,      
billicr01, 1991,     1, NJD , NHL , G  , 26.0,  0.0,   1.0,   1.0,   2.0, 0.0  ,  0.0,  0.0,  0.0,  1.0,  0.0, 0.0,   0.0,       ,      ,      ,        ,        ,        ,        ,        ,        ,        ,        ,      
billicr01, 1992,     1, NJD , NHL , G  , 42.0,  0.0,   1.0,   1.0,   8.0, 0.0  ,  0.0,  1.0,  0.0,  0.0,  0.0, 0.0,   0.0,    2.0,   0.0,   0.0,     0.0,     0.0, 0.0    ,     0.0,     0.0,     0.0,     0.0,     0.0,     0.0
billicr01, 1993,     1, OTT , NHL , G  , 63.0,  0.0,   0.0,   0.0,   8.0, 0.0  ,  0.0,  0.0,  0.0,  0.0,  0.0, 0.0,   1.0,       ,      ,      ,        ,        ,        ,        ,        ,        ,        ,        ,      
billicr01, 1994,     1, OTT , NHL , G  ,  9.0,  0.0,   0.0,   0.0,   2.0, 0.0  ,  0.0,  0.0,  0.0,  0.0,  0.0, 0.0,   0.0,       ,      ,      ,        ,        ,        ,        ,        ,        ,        ,        ,      
billicr01, 1994,     2, BOS , NHL , G  ,  8.0,  0.0,   0.0,   0.0,   2.0, 0.0  ,  0.0,  0.0,  0.0,  0.0,  0.0, 0.0,   0.0,    1.0,   0.0,   0.0,     0.0,     0.0, 0.0    ,     0.0,     0.0,     0.0,     0.0,     0.0,     0.0
billicr01, 1995,     1, BOS , NHL , G  , 27.0,  0.0,   0.0,   0.0,   2.0, 0.0  ,  0.0,  0.0,  0.0,  0.0,  0.0, 0.0,   0.0,    1.0,   0.0,   0.0,     0.0,     2.0, 0.0    ,     0.0,     0.0,     0.0,     0.0,     0.0,     0.0
billicr01, 1996,     1, COL , NHL , G  , 23.0,  0.0,   2.0,   2.0,   2.0, 0.0  ,  0.0,  0.0,  0.0,  0.0,  0.0, 0.0,   0.0,    1.0,   0.0,   0.0,     0.0,     0.0, 0.0    ,     0.0,     0.0,     0.0,     0.0,     0.0,     0.0
billicr01, 1997,     1, COL , NHL , G  , 23.0,  0.0,   0.0,   0.0,   2.0, 0.0  ,  0.0,  0.0,  0.0,  0.0,  0.0, 0.0,   0.0,    1.0,   0.0,   0.0,     0.0,     0.0, 0.0    ,     0.0,     0.0,     0.0,     0.0,     0.0,     0.0
billicr01, 1998,     1, COL , NHL , G  , 21.0,  0.0,   0.0,   0.0,   2.0, 0.0  ,  0.0,  0.0,  0.0,  0.0,  0.0, 0.0,   0.0,    1.0,   0.0,   0.0,     0.0,     0.0, 0.0    ,     0.0,     0.0,     0.0,     0.0,     0.0,     0.0
billicr01, 1999,     1, WAS , NHL , G  , 13.0,  0.0,   0.0,   0.0,   0.0, 0.0  ,  0.0,  0.0,  0.0,  0.0,  0.0, 0.0,   0.0,    1.0,   0.0,   0.0,     0.0,     0.0, 0.0    ,     0.0,     0.0,     0.0,     0.0,     0.0,     0.0
billicr01, 2000,     1, WAS , NHL , G  , 12.0,  0.0,   1.0,   1.0,   0.0, 0.0  ,  0.0,  1.0,  0.0,  0.0,  0.0, 0.0,   0.0,       ,      ,      ,        ,        ,        ,        ,        ,        ,        ,        ,      
billicr01, 2001,     1, WAS , NHL , G  , 17.0,  0.0,   0.0,   0.0,   0.0, 0.0  ,  0.0,  0.0,  0.0,  0.0,  0.0, 0.0,   0.0,       ,      ,      ,        ,        ,        ,        ,        ,        ,        ,        ,      
billicr01, 2002,     1, WAS , NHL , G  ,  5.0,  0.0,   0.0,   0.0,   0.0, 0.0  ,  0.0,  0.0,  0.0,  0.0,  0.0, 0.0,   0.0,       ,      ,      ,        ,        ,        ,        ,        ,        ,        ,        ,      
bilodgi01, 1975,     1, TOT , WHA , L  , 14.0,  0.0,   1.0,   1.0,  38.0, 0.0  ,  0.0,     ,  0.0,     ,  0.0,    ,   5.0,       ,      ,      ,        ,        ,        ,        ,        ,        ,        ,        ,      
bilodgi01, 1976,     1, BIR , WHA , L  , 34.0,  2.0,   6.0,   8.0, 133.0, 1.0  ,  0.0,     ,  0.0,     ,     ,    ,  10.0,       ,      ,      ,        ,        ,        ,        ,        ,        ,        ,        ,      
bilodgi01, 1977,     1, BIR , WHA , L  , 59.0,  2.0,   2.0,   4.0, 258.0, -14.0,  0.0,     ,  0.0,     ,     ,    ,  20.0,    3.0,   0.0,   0.0,     0.0,    27.0, 1.0    ,        ,        ,        ,        ,     0.0,      
bilodgi01, 1978,     1, QUN , WHA , L  , 36.0,  3.0,   6.0,   9.0, 141.0, 2.0  ,  0.0,     ,  0.0,     ,     ,    ,  15.0,    3.0,   0.0,   0.0,     0.0,    25.0, -4.0   ,        ,        ,        ,        ,     0.0,      
bilodgi01, 1979,     1, QUE , NHL , L  ,  9.0,  0.0,   1.0,   1.0,  25.0, -1.0 ,  0.0,     ,  0.0,     ,  0.0, 0.0,   1.0,       ,      ,      ,        ,        ,        ,        ,        ,        ,        ,        ,      
bilodyv01, 1975,     1, CAC , WHA , D  ,  4.0,  0.0,   0.0,   0.0,   2.0, -4.0 ,  0.0,     ,  0.0,     ,  0.0,    ,   2.0,       ,      ,      ,        ,        ,        ,        ,        ,        ,        ,        ,      
binetan01, 1954,     1, MTL , NHL , G  ,  1.0,  0.0,   0.0,   0.0,   0.0,      ,     ,     ,     ,     ,     ,    ,      ,       ,      ,      ,        ,        ,        ,        ,        ,        ,        ,        ,      
binklle01, 1967,     1, PIT , NHL , G  , 54.0,  0.0,   0.0,   0.0,   0.0, 0.0  ,  0.0,     ,  0.0,     ,  0.0, 0.0,   0.0,       ,      ,      ,        ,        ,        ,        ,        ,        ,        ,        ,      
binklle01, 1968,     1, PIT , NHL , G  , 50.0,  0.0,   0.0,   0.0,   0.0, 0.0  ,  0.0,     ,  0.0,     ,  0.0, 0.0,   0.0,       ,      ,      ,        ,        ,        ,        ,        ,        ,        ,        ,      
binklle01, 1969,     1, PIT , NHL , G  , 27.0,  0.0,   1.0,   1.0,   0.0, 0.0  ,  0.0,     ,  0.0,     ,  0.0, 0.0,   0.0,    7.0,   0.0,   0.0,     0.0,     0.0,        ,     0.0,        ,     0.0,        ,     0.0,      
binklle01, 1970,     1, PIT , NHL , G  , 34.0,  0.0,   0.0,   0.0,   0.0, 0.0  ,  0.0,     ,  0.0,     ,  0.0, 0.0,   0.0,       ,      ,      ,        ,        ,        ,        ,        ,        ,        ,        ,      
binklle01, 1971,     1, PIT , NHL , G  , 31.0,  0.0,   0.0,   0.0,   2.0, 0.0  ,  0.0,     ,  0.0,     ,  0.0, 0.0,   0.0,       ,      ,      ,        ,        ,        ,        ,        ,        ,        ,        ,      
binklle01, 1972,     1, OTN , WHA , G  , 30.0,  0.0,   0.0,   0.0,   0.0,      ,  0.0,     ,  0.0,     ,     ,    ,      ,    4.0,   0.0,   0.0,     0.0,     0.0,        ,     0.0,        ,     0.0,        ,     0.0,      
binklle01, 1973,     1, TOT , WHA , G  , 27.0,  0.0,   0.0,   0.0,   0.0,      ,  0.0,     ,  0.0,     ,  0.0,    ,      ,    5.0,   0.0,   0.0,     0.0,     0.0,        ,        ,        ,        ,        ,        ,      
binklle01, 1974,     1, TOT , WHA , G  , 17.0,  0.0,   0.0,   0.0,   0.0,      ,  0.0,     ,  0.0,     ,  0.0,    ,   0.0,    1.0,   0.0,   0.0,     0.0,     0.0,        ,     0.0,        ,     0.0,        ,     0.0,      
binklle01, 1975,     1, TOT , WHA , G  ,  7.0,  0.0,   0.0,   0.0,   0.0, 0.0  ,  0.0,     ,  0.0,     ,  0.0,    ,   0.0,       ,      ,      ,        ,        ,        ,        ,        ,        ,        ,        ,      
binnebi01, 1921,     1, SMJ , WCHL, G  ,  1.0,  0.0,   0.0,   0.0,   0.0,      ,     ,     ,     ,     ,     ,    ,      ,       ,      ,      ,        ,        ,        ,        ,        ,        ,        ,        ,      
binnebi01, 1922,     1, CAT , WCHL, G  , 18.0,  0.0,   0.0,   0.0,   0.0,      ,     ,     ,     ,     ,     ,    ,      ,       ,      ,      ,        ,        ,        ,        ,        ,        ,        ,        ,      
binnebi01, 1923,     1, EDE , WCHL, G  ,  3.0,  0.0,   0.0,   0.0,   0.0,      ,     ,     ,     ,     ,     ,    ,      ,       ,      ,      ,        ,        ,        ,        ,        ,        ,        ,        ,      
biondja01, 1955,     1, TOR , NHL , D  , 13.0,  0.0,   1.0,   1.0,  18.0,      ,     ,     ,     ,     ,     ,    ,      ,       ,      ,      ,        ,        ,        ,        ,        ,        ,        ,        ,      
biondja01, 1956,     1, BOS , NHL , D  , 35.0,  2.0,   3.0,   5.0,  43.0,      ,     ,     ,     ,     ,     ,    ,      ,   10.0,   0.0,   1.0,     1.0,    14.0,        ,        ,        ,        ,        ,        ,      
biondja01, 1957,     1, BOS , NHL , D  , 42.0,  1.0,   4.0,   5.0,  50.0,      ,     ,     ,     ,     ,     ,    ,      ,       ,      ,      ,        ,        ,        ,        ,        ,        ,        ,        ,      
biondja01, 1958,     1, BOS , NHL , D  ,  3.0,  0.0,   1.0,   1.0,   2.0,      ,     ,     ,     ,     ,     ,    ,      ,    1.0,   0.0,   0.0,     0.0,     0.0,        ,        ,        ,        ,        ,        ,      
bironma01, 1995,     1, BUF , NHL , G  ,  3.0,  0.0,   0.0,   0.0,   0.0, 0.0  ,  0.0,  0.0,  0.0,  0.0,  0.0, 0.0,   0.0,       ,      ,      ,        ,        ,        ,        ,        ,        ,        ,        ,      
bironma01, 1998,     1, BUF , NHL , G  ,  6.0,  0.0,   0.0,   0.0,   0.0, 0.0  ,  0.0,  0.0,  0.0,  0.0,  0.0, 0.0,   0.0,       ,      ,      ,        ,        ,        ,        ,        ,        ,        ,        ,      
bironma01, 1999,     1, BUF , NHL , G  , 41.0,  0.0,   0.0,   0.0,   6.0, 0.0  ,  0.0,  0.0,  0.0,  0.0,  0.0, 0.0,   0.0,       ,      ,      ,        ,        ,        ,        ,        ,        ,        ,        ,      
bironma01, 2000,     1, BUF , NHL , G  , 18.0,  0.0,   0.0,   0.0,   0.0, 0.0  ,  0.0,  0.0,  0.0,  0.0,  0.0, 0.0,   0.0,       ,      ,      ,        ,        ,        ,        ,        ,        ,        ,        ,      
bironma01, 2001,     1, BUF , NHL , G  , 72.0,  0.0,   1.0,   1.0,   8.0, 0.0  ,  0.0,  0.0,  0.0,  0.0,  0.0, 0.0,   0.0,       ,      ,      ,        ,        ,        ,        ,        ,        ,        ,        ,      
bironma01, 2002,     1, BUF , NHL , G  , 54.0,  0.0,   1.0,   1.0,  12.0, 0.0  ,  0.0,  0.0,  0.0,  0.0,  0.0, 0.0,   0.0,       ,      ,      ,        ,        ,        ,        ,        ,        ,        ,        ,      
bironma01, 2003,     1, BUF , NHL , G  , 52.0,  0.0,   2.0,   2.0,  10.0, 0.0  ,  0.0,  2.0,  0.0,  0.0,  0.0, 0.0,   0.0,       ,      ,      ,        ,        ,        ,        ,        ,        ,        ,        ,      
bironma01, 2005,     1, BUF , NHL , G  , 35.0,  0.0,   1.0,   1.0,  10.0, 0.0  ,  0.0,  1.0,  0.0,  0.0,  0.0,    ,   0.0,       ,      ,      ,        ,        ,        ,        ,        ,        ,        ,        ,      
bironma01, 2006,     1, BUF , NHL , G  , 19.0,  0.0,   0.0,   0.0,  25.0, 0.0  ,  0.0,  0.0,  0.0,  0.0,  0.0,    ,   0.0,       ,      ,      ,        ,        ,        ,        ,        ,        ,        ,        ,      
bironma01, 2006,     2, PHI , NHL , G  , 16.0,  0.0,   0.0,   0.0,   0.0, 0.0  ,  0.0,  0.0,  0.0,  0.0,  0.0,    ,   0.0,       ,      ,      ,        ,        ,        ,        ,        ,        ,        ,        ,      
bironma01, 2007,     1, PHI , NHL , G  , 62.0,  0.0,   1.0,   1.0,   8.0, 0.0  ,  0.0,  0.0,  0.0,  0.0,  0.0,    ,   1.0,   17.0,   0.0,   1.0,     1.0,     2.0, 0.0    ,     0.0,     0.0,     0.0,     0.0,     0.0,     0.0
bironma01, 2008,     1, PHI , NHL , G  , 55.0,  0.0,   4.0,   4.0,   0.0, 0.0  ,  0.0,  3.0,  0.0,  0.0,  0.0,    ,   0.0,    6.0,   0.0,   0.0,     0.0,     0.0, 0.0    ,     0.0,     0.0,     0.0,     0.0,     0.0,     0.0
bironma01, 2009,     1, NYI , NHL , G  , 29.0,  0.0,   1.0,   1.0,   2.0, 0.0  ,  0.0,  0.0,  0.0,  0.0,  0.0,    ,   0.0,       ,      ,      ,        ,        ,        ,        ,        ,        ,        ,        ,      
bironma02, 1999,     1, NYI , NHL , D  , 60.0,  4.0,   4.0,   8.0,  38.0, -13.0,  2.0,  2.0,  0.0,  0.0,  2.0, 0.0,  70.0,       ,      ,      ,        ,        ,        ,        ,        ,        ,        ,        ,      
bironma02, 2000,     1, NYI , NHL , D  , 14.0,  0.0,   1.0,   1.0,  12.0, 2.0  ,  0.0,  0.0,  0.0,  0.0,  0.0, 0.0,  10.0,       ,      ,      ,        ,        ,        ,        ,        ,        ,        ,        ,      
bironma02, 2001,     1, TBL , NHL , D  , 36.0,  0.0,   0.0,   0.0,  12.0, -16.0,  0.0,  0.0,  0.0,  0.0,  0.0, 0.0,  35.0,       ,      ,      ,        ,        ,        ,        ,        ,        ,        ,        ,      
bironma02, 2002,     1, FLO , NHL , D  , 34.0,  1.0,   8.0,   9.0,  14.0, -18.0,  0.0,  3.0,  1.0,  0.0,  0.0, 0.0,  52.0,       ,      ,      ,        ,        ,        ,        ,        ,        ,        ,        ,      
bironma02, 2003,     1, FLO , NHL , D  , 57.0,  3.0,  10.0,  13.0,  51.0, -13.0,  0.0,  0.0,  0.0,  0.0,  1.0, 0.0,  75.0,       ,      ,      ,        ,        ,        ,        ,        ,        ,        ,        ,      
bironma02, 2005,     1, WAS , NHL , D  , 52.0,  4.0,   9.0,  13.0,  50.0, -11.0,  3.0,  6.0,  0.0,  0.0,  0.0,    ,  61.0,       ,      ,      ,        ,        ,        ,        ,        ,        ,        ,        ,      
bisaise01, 2006,     1, EDM , NHL , D  ,  2.0,  0.0,   0.0,   0.0,   0.0, -1.0 ,  0.0,  0.0,  0.0,  0.0,  0.0,    ,   3.0,       ,      ,      ,        ,        ,        ,        ,        ,        ,        ,        ,      
bishami01, 2003,     1, EDM , NHL , C  , 14.0,  0.0,   2.0,   2.0,  19.0, 0.0  ,  0.0,  0.0,  0.0,  0.0,  0.0, 0.0,  14.0,       ,      ,      ,        ,        ,        ,        ,        ,        ,        ,        ,      
bishobe01, 2008,     1, STL , NHL , G  ,  6.0,  0.0,   0.0,   0.0,   0.0, 0.0  ,  0.0,  0.0,  0.0,  0.0,  0.0,    ,   0.0,       ,      ,      ,        ,        ,        ,        ,        ,        ,        ,        ,      
bisseto01, 1990,     1, DET , NHL , C  ,  5.0,  0.0,   0.0,   0.0,   0.0, -4.0 ,  0.0,  0.0,  0.0,  0.0,  0.0, 0.0,   2.0,       ,      ,      ,        ,        ,        ,        ,        ,        ,        ,        ,      
bissopa01, 2008,     1, PIT , NHL , L  , 15.0,  0.0,   1.0,   1.0,  22.0, -1.0 ,  0.0,  0.0,  0.0,  0.0,  0.0,    ,   4.0,       ,      ,      ,        ,        ,        ,        ,        ,        ,        ,        ,      
bissopa01, 2009,     1, PHO , NHL , L  , 41.0,  3.0,   2.0,   5.0, 117.0, -2.0 ,  0.0,  0.0,  0.0,  0.0,  1.0,    ,  25.0,       ,      ,      ,        ,        ,        ,        ,        ,        ,        ,        ,      
bittnri01, 1949,     1, BOS , NHL , G  ,  1.0,  0.0,   0.0,   0.0,   0.0,      ,     ,     ,     ,     ,     ,    ,      ,       ,      ,      ,        ,        ,        ,        ,        ,        ,        ,        ,      
bitzby01 , 2008,     1, BOS , NHL , R  , 35.0,  4.0,   3.0,   7.0,  18.0, 0.0  ,  0.0,  1.0,  0.0,  0.0,  0.0,    ,  31.0,    5.0,   1.0,   1.0,     2.0,     2.0, 0.0    ,     0.0,     0.0,     0.0,     0.0,     0.0,     4.0
bitzby01 , 2009,     1, BOS , NHL , R  , 45.0,  4.0,   5.0,   9.0,  31.0, -9.0 ,  0.0,  0.0,  0.0,  0.0,  2.0,    ,  51.0,       ,      ,      ,        ,        ,        ,        ,        ,        ,        ,        ,      
bitzby01 , 2009,     2, FLO , NHL , R  ,  7.0,  1.0,   1.0,   2.0,   2.0, 1.0  ,  0.0,  0.0,  0.0,  0.0,  0.0,    ,   7.0,       ,      ,      ,        ,        ,        ,        ,        ,        ,        ,        ,      
bjugssc01, 1983,     1, MNS , NHL , C  ,  5.0,  0.0,   0.0,   0.0,   2.0, -1.0 ,  0.0,     ,  0.0,     ,  0.0, 0.0,   5.0,       ,      ,      ,        ,        ,        ,        ,        ,        ,        ,        ,      
bjugssc01, 1984,     1, MNS , NHL , C  , 72.0, 11.0,   4.0,  15.0,  32.0, -21.0,  1.0,     ,  0.0,     ,  1.0, 0.0, 108.0,       ,      ,      ,        ,        ,        ,        ,        ,        ,        ,        ,      
bjugssc01, 1985,     1, MNS , NHL , L  , 80.0, 43.0,  33.0,  76.0,  24.0, 5.0  , 14.0,     ,  2.0,     ,  6.0, 0.0, 217.0,    5.0,   0.0,   1.0,     1.0,     0.0, -3.0   ,     0.0,        ,     0.0,        ,     0.0,     9.0
bjugssc01, 1986,     1, MNS , NHL , L  , 39.0,  4.0,   9.0,  13.0,  43.0, -6.0 ,  0.0,     ,  0.0,     ,  0.0, 0.0,  58.0,       ,      ,      ,        ,        ,        ,        ,        ,        ,        ,        ,      
bjugssc01, 1987,     1, MNS , NHL , L  , 33.0, 10.0,  12.0,  22.0,  15.0, 2.0  ,  3.0,  4.0,  0.0,  0.0,  3.0, 1.0,  72.0,       ,      ,      ,        ,        ,        ,        ,        ,        ,        ,        ,      
bjugssc01, 1988,     1, PIT , NHL , R  , 24.0,  3.0,   0.0,   3.0,   4.0, -12.0,  0.0,  0.0,  0.0,  0.0,  1.0, 0.0,  21.0,       ,      ,      ,        ,        ,        ,        ,        ,        ,        ,        ,      
bjugssc01, 1989,     1, LAK , NHL , R  , 11.0,  1.0,   2.0,   3.0,   2.0, 2.0  ,  0.0,  0.0,  0.0,  0.0,  1.0, 0.0,  10.0,    2.0,   0.0,   0.0,     0.0,     2.0, -1.0   ,     0.0,     0.0,     0.0,     0.0,     0.0,     0.0
bjugssc01, 1990,     1, LAK , NHL , R  , 31.0,  2.0,   4.0,   6.0,  12.0, -5.0 ,  0.0,  0.0,  0.0,  0.0,  1.0, 0.0,  39.0,    2.0,   0.0,   0.0,     0.0,     0.0, 0.0    ,     0.0,     0.0,     0.0,     0.0,     0.0,     5.0
bjugssc01, 1991,     1, LAK , NHL , R  , 22.0,  2.0,   4.0,   6.0,  10.0, -1.0 ,  0.0,  0.0,  0.0,  0.0,  0.0, 0.0,  25.0,       ,      ,      ,        ,        ,        ,        ,        ,        ,        ,        ,      
blachce01, 1909,     1, MOW , NHA ,    ,  3.0,  5.0,   0.0,   5.0,   8.0,      ,     ,     ,     ,     ,     ,    ,      ,       ,      ,      ,        ,        ,        ,        ,        ,        ,        ,        ,      
blackbi01, 1977,     1, IND , WHA , D  ,  3.0,  0.0,   0.0,   0.0,   0.0,      ,  0.0,     ,  0.0,     ,     ,    ,   4.0,       ,      ,      ,        ,        ,        ,        ,        ,        ,        ,        ,      
blackbo01, 1968,     1, NYR , NHL , D  , 11.0,  0.0,   0.0,   0.0,   0.0, 4.0  ,  0.0,     ,  0.0,     ,  0.0, 0.0,   6.0,       ,      ,      ,        ,        ,        ,        ,        ,        ,        ,        ,      
blackbo01, 1969,     1, PIT , NHL , D  , 60.0,  4.0,   7.0,  11.0,  51.0, -14.0,  0.0,     ,  0.0,     ,  1.0, 0.0,  49.0,    6.0,   0.0,   0.0,     0.0,     4.0,        ,     0.0,        ,     0.0,        ,     0.0,      
blackbo01, 1970,     1, PIT , NHL , D  , 64.0,  4.0,   5.0,   9.0,  54.0, 0.0  ,  0.0,     ,  0.0,     ,  1.0, 0.0,  87.0,       ,      ,      ,        ,        ,        ,        ,        ,        ,        ,        ,      
blackda01, 2001,     1, NYR , NHL , G  , 31.0,  0.0,   0.0,   0.0,  10.0, 0.0  ,  0.0,  0.0,  0.0,  0.0,  0.0, 0.0,   0.0,       ,      ,      ,        ,        ,        ,        ,        ,        ,        ,        ,      
blackda01, 2002,     1, NYR , NHL , G  , 32.0,  0.0,   0.0,   0.0,   2.0, 0.0  ,  0.0,  0.0,  0.0,  0.0,  0.0, 0.0,   0.0,       ,      ,      ,        ,        ,        ,        ,        ,        ,        ,        ,      
blackdo01, 1962,     1, BOS , NHL , D  ,  6.0,  0.0,   5.0,   5.0,   4.0,      ,     ,     ,     ,     ,     ,    ,      ,       ,      ,      ,        ,        ,        ,        ,        ,        ,        ,        ,      
blackdo01, 1967,     1, PHI , NHL , L  , 67.0,  9.0,  20.0,  29.0,  23.0, -2.0 ,  1.0,     ,  0.0,     ,  2.0, 2.0, 157.0,    7.0,   3.0,   0.0,     3.0,     8.0,        ,     1.0,        ,     0.0,        ,     1.0,      
blackdo01, 1968,     1, PHI , NHL , L  , 48.0,  7.0,   9.0,  16.0,  36.0, -13.0,  0.0,     ,  0.0,     ,  2.0, 1.0,  94.0,    4.0,   0.0,   0.0,     0.0,     0.0,        ,     0.0,        ,     0.0,        ,     0.0,      
blackdo01, 1969,     1, NYR , NHL , L  ,  3.0,  0.0,   0.0,   0.0,   0.0, 0.0  ,  0.0,     ,  0.0,     ,  0.0, 0.0,   1.0,    1.0,   0.0,   0.0,     0.0,     0.0,        ,     0.0,        ,     0.0,        ,     0.0,      
blackdo01, 1970,     1, NYR , NHL , L  ,  1.0,  0.0,   0.0,   0.0,   0.0, 0.0  ,  0.0,     ,  0.0,     ,  0.0, 0.0,   0.0,       ,      ,      ,        ,        ,        ,        ,        ,        ,        ,        ,      
blackdo01, 1972,     1, NYI , NHL , L  , 56.0,  7.0,  10.0,  17.0,  20.0, -33.0,  1.0,     ,  0.0,     ,  1.0, 0.0,  65.0,       ,      ,      ,        ,        ,        ,        ,        ,        ,        ,        ,      
blackdo01, 1972,     2, MNS , NHL , L  ,  4.0,  0.0,   0.0,   0.0,   4.0, 0.0  ,  0.0,     ,  0.0,     ,  0.0, 0.0,   0.0,       ,      ,      ,        ,        ,        ,        ,        ,        ,        ,        ,      
blackdo01, 1973,     1, NEW , WHA , L  , 75.0, 20.0,  39.0,  59.0,  18.0,      ,  4.0,     ,  0.0,     ,  4.0,    ,      ,    7.0,   2.0,   4.0,     6.0,     4.0,        ,        ,        ,        ,        ,     0.0,      
blackdo01, 1974,     1, NEW , WHA , L  , 50.0, 18.0,  32.0,  50.0,  10.0, 9.0  ,  7.0,     ,  0.0,     ,     ,    ,  78.0,    5.0,   1.0,   2.0,     3.0,     2.0,        ,        ,        ,        ,        ,     0.0,      
blackdo01, 1975,     1, NEW , WHA , L  , 21.0,  2.0,   3.0,   5.0,   6.0, -5.0 ,  0.0,     ,  0.0,     ,  0.0,    ,  15.0,       ,      ,      ,        ,        ,        ,        ,        ,        ,        ,        ,      
blackja01, 1989,     1, HAR , NHL , C  ,  1.0,  0.0,   0.0,   0.0,   0.0, 0.0  ,  0.0,  0.0,  0.0,  0.0,  0.0, 0.0,   0.0,       ,      ,      ,        ,        ,        ,        ,        ,        ,        ,        ,      
blackja01, 1990,     1, HAR , NHL , C  ,  1.0,  0.0,   0.0,   0.0,   0.0, 0.0  ,  0.0,  0.0,  0.0,  0.0,  0.0, 0.0,   0.0,       ,      ,      ,        ,        ,        ,        ,        ,        ,        ,        ,      
blackja01, 1991,     1, HAR , NHL , C  , 30.0,  4.0,   6.0,  10.0,  10.0, -4.0 ,  1.0,  1.0,  0.0,  0.0,  1.0, 0.0,  54.0,       ,      ,      ,        ,        ,        ,        ,        ,        ,        ,        ,      
blackja01, 1992,     1, MNS , NHL , C  , 10.0,  2.0,   1.0,   3.0,   4.0, 0.0  ,  0.0,  0.0,  0.0,  0.0,  0.0, 0.0,  10.0,       ,      ,      ,        ,        ,        ,        ,        ,        ,        ,        ,      
blackja01, 1993,     1, DAL , NHL , C  , 13.0,  2.0,   3.0,   5.0,   2.0, -4.0 ,  2.0,  0.0,  0.0,  0.0,  0.0, 0.0,  16.0,       ,      ,      ,        ,        ,        ,        ,        ,        ,        ,        ,      
blackja01, 1993,     2, BUF , NHL , C  ,  2.0,  0.0,   0.0,   0.0,   0.0, 0.0  ,  0.0,  0.0,  0.0,  0.0,  0.0, 0.0,   2.0,       ,      ,      ,        ,        ,        ,        ,        ,        ,        ,        ,      
blackja01, 1995,     1, CHI , NHL , C  , 13.0,  3.0,   3.0,   6.0,  16.0, 1.0  ,  0.0,  0.0,  0.0,  0.0,  1.0, 0.0,  23.0,    8.0,   1.0,   0.0,     1.0,     2.0, -1.0   ,     0.0,     0.0,     0.0,     0.0,     0.0,     6.0
blackja01, 1996,     1, CHI , NHL , L  , 64.0, 12.0,  11.0,  23.0,  20.0, 6.0  ,  0.0,  1.0,  0.0,  0.0,  3.0, 0.0, 122.0,    5.0,   1.0,   1.0,     2.0,     2.0, 1.0    ,     0.0,     0.0,     0.0,     0.0,     0.0,     8.0
blackja01, 1997,     1, CHI , NHL , R  , 52.0, 10.0,   5.0,  15.0,   8.0, -8.0 ,  2.0,  2.0,  1.0,  1.0,  3.0, 1.0,  90.0,       ,      ,      ,        ,        ,        ,        ,        ,        ,        ,        ,      
blackja01, 1998,     1, WAS , NHL , C  , 75.0, 16.0,  14.0,  30.0,  14.0, 5.0  ,  1.0,  3.0,  1.0,  0.0,  3.0, 0.0, 135.0,       ,      ,      ,        ,        ,        ,        ,        ,        ,        ,        ,      
blackja01, 1999,     1, WAS , NHL , L  , 49.0,  8.0,   9.0,  17.0,   6.0, -1.0 ,  1.0,  1.0,  0.0,  2.0,  1.0, 0.0,  71.0,       ,      ,      ,        ,        ,        ,        ,        ,        ,        ,        ,      
blackja01, 2000,     1, WAS , NHL , L  , 42.0,  1.0,   5.0,   6.0,   4.0, -3.0 ,  0.0,  0.0,  0.0,  0.0,  0.0, 0.0,  34.0,       ,      ,      ,        ,        ,        ,        ,        ,        ,        ,        ,      
blackmi01, 1972,     1, WIJ , WHA , R  , 75.0, 18.0,  16.0,  34.0,  31.0,      ,  1.0,     ,  0.0,     ,     ,    ,      ,   14.0,   1.0,   3.0,     4.0,     2.0,        ,     0.0,        ,     0.0,        ,     0.0,      
blackmi01, 1973,     1, WIJ , WHA , R  , 47.0,  6.0,   9.0,  15.0,  14.0,      ,  0.0,     ,  0.0,     ,  0.0,    ,      ,    4.0,   1.0,   1.0,     2.0,     8.0,        ,        ,        ,        ,        ,     0.0,      
blackmi01, 1974,     1, WIJ , WHA , R  , 64.0,  4.0,   6.0,  10.0,  10.0, -2.0 ,  0.0,     ,  0.0,     ,     ,    ,  37.0,       ,      ,      ,        ,        ,        ,        ,        ,        ,        ,        ,      
blackst01, 1949,     1, DET , NHL , L  , 69.0,  7.0,  14.0,  21.0,  53.0,      ,     ,     ,     ,     ,     ,    ,      ,   13.0,   0.0,   0.0,     0.0,    13.0,        ,        ,        ,        ,        ,        ,      
blackst01, 1950,     1, DET , NHL , L  ,  5.0,  0.0,   0.0,   0.0,   2.0,      ,     ,     ,     ,     ,     ,    ,      ,       ,      ,      ,        ,        ,        ,        ,        ,        ,        ,        ,      
blackst01, 1950,     2, CHI , NHL , L  , 39.0,  4.0,   6.0,  10.0,  22.0,      ,     ,     ,     ,     ,     ,    ,      ,       ,      ,      ,        ,        ,        ,        ,        ,        ,        ,        ,      
bladeha01, 1946,     1, CHI , NHL , L  , 18.0,  1.0,   3.0,   4.0,   2.0,      ,     ,     ,     ,     ,     ,    ,      ,       ,      ,      ,        ,        ,        ,        ,        ,        ,        ,        ,      
bladeha01, 1947,     1, CHI , NHL , L  ,  6.0,  1.0,   0.0,   1.0,   0.0,      ,     ,     ,     ,     ,     ,    ,      ,       ,      ,      ,        ,        ,        ,        ,        ,        ,        ,        ,      
bladoto01, 1972,     1, PHI , NHL , D  , 78.0, 11.0,  31.0,  42.0,  26.0, 9.0  ,  7.0,     ,  0.0,     ,  0.0, 0.0, 151.0,   11.0,   0.0,   4.0,     4.0,     2.0,        ,     0.0,        ,     0.0,        ,     0.0,      
bladoto01, 1973,     1, PHI , NHL , D  , 70.0, 12.0,  22.0,  34.0,  37.0, 24.0 ,  6.0,     ,  0.0,     ,  2.0, 0.0, 159.0,   16.0,   4.0,   6.0,    10.0,    25.0,        ,     3.0,        ,     0.0,        ,     1.0,      
bladoto01, 1974,     1, PHI , NHL , D  , 76.0,  9.0,  20.0,  29.0,  54.0, 42.0 ,  5.0,     ,  0.0,     ,  3.0, 0.0, 174.0,   13.0,   1.0,   3.0,     4.0,    12.0,        ,     1.0,        ,     0.0,        ,     0.0,      
bladoto01, 1975,     1, PHI , NHL , D  , 80.0, 14.0,  23.0,  37.0,  68.0, 45.0 ,  5.0,     ,  0.0,     ,  0.0, 3.0, 182.0,   16.0,   2.0,   6.0,     8.0,    14.0,        ,     1.0,        ,     0.0,        ,     0.0,      
bladoto01, 1976,     1, PHI , NHL , D  , 80.0, 10.0,  43.0,  53.0,  39.0, 34.0 ,  2.0,     ,  0.0,     ,  2.0, 0.0, 158.0,   10.0,   1.0,   3.0,     4.0,     4.0,        ,     0.0,        ,     0.0,        ,     0.0,      
bladoto01, 1977,     1, PHI , NHL , D  , 79.0, 11.0,  24.0,  35.0,  57.0, 32.0 ,  1.0,     ,  1.0,     ,  1.0, 0.0, 153.0,   12.0,   0.0,   2.0,     2.0,    11.0,        ,     0.0,        ,     0.0,        ,     0.0,      
bladoto01, 1978,     1, PIT , NHL , D  , 78.0,  4.0,  23.0,  27.0,  64.0, -17.0,  1.0,     ,  0.0,     ,  0.0, 0.0, 135.0,    7.0,   0.0,   4.0,     4.0,     2.0,        ,     0.0,        ,     0.0,        ,     0.0,      
bladoto01, 1979,     1, PIT , NHL , D  , 57.0,  2.0,   6.0,   8.0,  35.0, -25.0,  1.0,     ,  0.0,     ,  1.0, 0.0,  69.0,    1.0,   0.0,   1.0,     1.0,     0.0,        ,     0.0,        ,     0.0,        ,     0.0,      
bladoto01, 1980,     1, EDM , NHL , D  ,  1.0,  0.0,   0.0,   0.0,   0.0, -1.0 ,  0.0,     ,  0.0,     ,  0.0, 0.0,   0.0,       ,      ,      ,        ,        ,        ,        ,        ,        ,        ,        ,      
bladoto01, 1980,     2, WIN , NHL , D  ,  9.0,  0.0,   5.0,   5.0,  10.0, -10.0,  0.0,     ,  0.0,     ,  0.0, 0.0,  13.0,       ,      ,      ,        ,        ,        ,        ,        ,        ,        ,        ,      
bladoto01, 1980,     3, DET , NHL , D  ,  2.0,  0.0,   0.0,   0.0,   2.0, 0.0  ,  0.0,     ,  0.0,     ,  0.0, 0.0,   1.0,       ,      ,      ,        ,        ,        ,        ,        ,        ,        ,        ,      
blainga01, 1954,     1, MTL , NHL , R  ,  1.0,  0.0,   0.0,   0.0,   0.0,      ,     ,     ,     ,     ,     ,    ,      ,       ,      ,      ,        ,        ,        ,        ,        ,        ,        ,        ,      
blainja01, 1972,     1, QUN , WHA , D  , 70.0,  1.0,  10.0,  11.0,  78.0,      ,  0.0,     ,  0.0,     ,     ,    ,      ,       ,      ,      ,        ,        ,        ,        ,        ,        ,        ,        ,      
blairan01, 1928,     1, TOR , NHL , C  , 44.0, 12.0,  15.0,  27.0,  41.0,      ,     ,     ,     ,     ,     ,    ,      ,    4.0,   3.0,   0.0,     3.0,     2.0,        ,        ,        ,        ,        ,        ,      
blairan01, 1929,     1, TOR , NHL , C  , 42.0, 11.0,  10.0,  21.0,  27.0,      ,     ,     ,     ,     ,     ,    ,      ,       ,      ,      ,        ,        ,        ,        ,        ,        ,        ,        ,      
blairan01, 1930,     1, TOR , NHL , C  , 44.0, 11.0,   8.0,  19.0,  32.0,      ,     ,     ,     ,     ,     ,    ,      ,    2.0,   1.0,   0.0,     1.0,     0.0,        ,        ,        ,        ,        ,        ,      
blairan01, 1931,     1, TOR , NHL , C  , 48.0,  9.0,  14.0,  23.0,  35.0,      ,     ,     ,     ,     ,     ,    ,      ,    7.0,   2.0,   2.0,     4.0,     6.0,        ,        ,        ,        ,        ,        ,      
blairan01, 1932,     1, TOR , NHL , C  , 43.0,  6.0,   9.0,  15.0,  38.0,      ,     ,     ,     ,     ,     ,    ,      ,    9.0,   0.0,   2.0,     2.0,     4.0,        ,        ,        ,        ,        ,        ,      
blairan01, 1933,     1, TOR , NHL , C  , 47.0, 14.0,   9.0,  23.0,  35.0,      ,     ,     ,     ,     ,     ,    ,      ,    5.0,   0.0,   2.0,     2.0,    16.0,        ,        ,        ,        ,        ,        ,      
blairan01, 1934,     1, TOR , NHL , C  , 45.0,  6.0,  14.0,  20.0,  22.0,      ,     ,     ,     ,     ,     ,    ,      ,    2.0,   0.0,   0.0,     0.0,     2.0,        ,        ,        ,        ,        ,        ,      
blairan01, 1935,     1, TOR , NHL , C  , 45.0,  5.0,   4.0,   9.0,  60.0,      ,     ,     ,     ,     ,     ,    ,      ,    9.0,   0.0,   0.0,     0.0,     2.0,        ,        ,        ,        ,        ,        ,      
blairan01, 1936,     1, CHI , NHL , C  , 44.0,  0.0,   3.0,   3.0,  33.0,      ,     ,     ,     ,     ,     ,    ,      ,       ,      ,      ,        ,        ,        ,        ,        ,        ,        ,        ,      
blairch01, 1948,     1, TOR , NHL , R  ,  1.0,  0.0,   0.0,   0.0,   0.0,      ,     ,     ,     ,     ,     ,    ,      ,       ,      ,      ,        ,        ,        ,        ,        ,        ,        ,        ,      
blairdu01, 1950,     1, TOR , NHL , C  ,  2.0,  0.0,   0.0,   0.0,   0.0,      ,     ,     ,     ,     ,     ,    ,      ,       ,      ,      ,        ,        ,        ,        ,        ,        ,        ,        ,      
blaismi01, 1980,     1, DET , NHL , R  , 32.0,  3.0,   6.0,   9.0,  10.0, -7.0 ,  0.0,     ,  0.0,     ,  0.0, 0.0,  45.0,       ,      ,      ,        ,        ,        ,        ,        ,        ,        ,        ,      
blaismi01, 1981,     1, DET , NHL , R  , 80.0, 23.0,  32.0,  55.0,  48.0, -15.0,  5.0,     ,  0.0,     ,  3.0, 2.0, 165.0,       ,      ,      ,        ,        ,        ,        ,        ,        ,        ,        ,      
blaismi01, 1982,     1, DET , NHL , R  , 80.0, 18.0,  23.0,  41.0,  22.0, -6.0 ,  0.0,     ,  0.0,     ,  2.0, 1.0, 171.0,       ,      ,      ,        ,        ,        ,        ,        ,        ,        ,        ,      
blaismi01, 1983,     1, NYR , NHL , R  , 36.0,  5.0,   6.0,  11.0,  31.0, 0.0  ,  0.0,     ,  0.0,     ,  1.0, 0.0,  63.0,       ,      ,      ,        ,        ,        ,        ,        ,        ,        ,        ,      
blaismi01, 1984,     1, NYR , NHL , R  , 12.0,  1.0,   0.0,   1.0,  11.0, -4.0 ,  0.0,     ,  0.0,     ,  0.0, 0.0,  20.0,       ,      ,      ,        ,        ,        ,        ,        ,        ,        ,        ,      
blaismi01, 1985,     1, PIT , NHL , R  , 66.0, 15.0,  14.0,  29.0,  36.0, 15.0 ,  0.0,     ,  0.0,     ,  0.0, 0.0, 125.0,       ,      ,      ,        ,        ,        ,        ,        ,        ,        ,        ,      
blaismi01, 1986,     1, PIT , NHL , R  , 10.0,  1.0,   1.0,   2.0,   2.0, 2.0  ,  0.0,     ,  0.0,     ,  0.0, 0.0,  12.0,       ,      ,      ,        ,        ,        ,        ,        ,        ,        ,        ,      
blaismi01, 1987,     1, TOR , NHL , R  , 18.0,  3.0,   2.0,   5.0,   2.0, -5.0 ,  0.0,  0.0,  0.0,  0.0,  1.0, 0.0,  32.0,    6.0,   1.0,   2.0,     3.0,    10.0, 0.0    ,     0.0,     1.0,     0.0,     0.0,     0.0,    12.0
blaismi01, 1988,     1, TOR , NHL , R  ,  9.0,  1.0,   0.0,   1.0,   4.0, -5.0 ,  0.0,  0.0,  0.0,  0.0,  0.0, 0.0,   8.0,       ,      ,      ,        ,        ,        ,        ,        ,        ,        ,        ,      
blakebo01, 1935,     1, BOS , NHL , D  , 12.0,  0.0,   0.0,   0.0,   2.0,      ,     ,     ,     ,     ,     ,    ,      ,       ,      ,      ,        ,        ,        ,        ,        ,        ,        ,        ,      
blakeja01, 1998,     1, LAK , NHL , C  ,  1.0,  1.0,   0.0,   1.0,   0.0, 1.0  ,  0.0,  0.0,  0.0,  0.0,  0.0, 0.0,   5.0,       ,      ,      ,        ,        ,        ,        ,        ,        ,        ,        ,      
blakeja01, 1999,     1, LAK , NHL , C  , 64.0,  5.0,  18.0,  23.0,  26.0, 4.0  ,  0.0,  4.0,  0.0,  0.0,  1.0, 0.0, 131.0,    3.0,   0.0,   0.0,     0.0,     0.0, 0.0    ,     0.0,     0.0,     0.0,     0.0,     0.0,     9.0
blakeja01, 2000,     1, LAK , NHL , C  , 17.0,  1.0,   3.0,   4.0,  10.0, -8.0 ,  0.0,  1.0,  0.0,  0.0,  0.0, 0.0,  27.0,       ,      ,      ,        ,        ,        ,        ,        ,        ,        ,        ,      
blakeja01, 2000,     2, NYI , NHL , C  , 30.0,  4.0,   8.0,  12.0,  24.0, -12.0,  1.0,  3.0,  1.0,  0.0,  0.0, 0.0,  73.0,       ,      ,      ,        ,        ,        ,        ,        ,        ,        ,        ,      
blakeja01, 2001,     1, NYI , NHL , C  , 82.0,  8.0,  10.0,  18.0,  36.0, -11.0,  0.0,  0.0,  0.0,  4.0,  1.0, 0.0, 136.0,    7.0,   0.0,   1.0,     1.0,    13.0, -2.0   ,     0.0,     0.0,     0.0,     0.0,     0.0,    15.0
blakeja01, 2002,     1, NYI , NHL , L  , 81.0, 25.0,  30.0,  55.0,  58.0, 16.0 ,  3.0,  4.0,  1.0,  2.0,  4.0, 0.0, 253.0,    5.0,   0.0,   1.0,     1.0,     2.0, -2.0   ,     0.0,     1.0,     0.0,     0.0,     0.0,    12.0
blakeja01, 2003,     1, NYI , NHL , L  , 75.0, 22.0,  25.0,  47.0,  56.0, 11.0 ,  1.0,  4.0,  4.0,  3.0,  3.0, 0.0, 243.0,    4.0,   2.0,   0.0,     2.0,     2.0, -2.0   ,     0.0,     0.0,     0.0,     0.0,     0.0,     9.0
blakeja01, 2005,     1, NYI , NHL , L  , 76.0, 28.0,  29.0,  57.0,  60.0, 0.0  , 12.0, 10.0,  2.0,  0.0,  2.0,    , 304.0,       ,      ,      ,        ,        ,        ,        ,        ,        ,        ,        ,      
blakeja01, 2006,     1, NYI , NHL , L  , 82.0, 40.0,  29.0,  69.0,  34.0, 1.0  , 14.0,  8.0,  0.0,  0.0,  7.0,    , 305.0,    5.0,   1.0,   2.0,     3.0,     2.0, -2.0   ,     0.0,     0.0,     0.0,     0.0,     0.0,    14.0
blakeja01, 2007,     1, TOR , NHL , L  , 82.0, 15.0,  37.0,  52.0,  28.0, -4.0 ,  2.0, 10.0,  0.0,  0.0,  0.0,    , 332.0,       ,      ,      ,        ,        ,        ,        ,        ,        ,        ,        ,      
blakeja01, 2008,     1, TOR , NHL , L  , 78.0, 25.0,  38.0,  63.0,  40.0, -2.0 ,  5.0, 13.0,  1.0,  1.0,  5.0,    , 302.0,       ,      ,      ,        ,        ,        ,        ,        ,        ,        ,        ,      
blakeja01, 2009,     1, TOR , NHL , C  , 56.0, 10.0,  16.0,  26.0,  26.0, -4.0 ,  2.0,  3.0,  0.0,  0.0,  2.0,    , 170.0,       ,      ,      ,        ,        ,        ,        ,        ,        ,        ,        ,      
blakeja01, 2009,     2, AND , NHL , C  , 26.0,  6.0,   9.0,  15.0,  10.0, -6.0 ,  4.0,  1.0,  0.0,  0.0,  0.0,    ,  69.0,       ,      ,      ,        ,        ,        ,        ,        ,        ,        ,        ,      
blakemi01, 1932,     1, MTM , NHL , L  ,  1.0,  0.0,   0.0,   0.0,   0.0,      ,     ,     ,     ,     ,     ,    ,      ,       ,      ,      ,        ,        ,        ,        ,        ,        ,        ,        ,      
blakemi01, 1934,     1, STE , NHL , D  ,  8.0,  1.0,   1.0,   2.0,   2.0,      ,     ,     ,     ,     ,     ,    ,      ,       ,      ,      ,        ,        ,        ,        ,        ,        ,        ,        ,      
blakemi01, 1935,     1, TOR , NHL , D  ,  1.0,  0.0,   0.0,   0.0,   2.0,      ,     ,     ,     ,     ,     ,    ,      ,       ,      ,      ,        ,        ,        ,        ,        ,        ,        ,        ,      
blakemi02, 1981,     1, LAK , NHL , G  ,  2.0,  0.0,   0.0,   0.0,   0.0, 0.0  ,  0.0,     ,  0.0,     ,  0.0, 0.0,   0.0,       ,      ,      ,        ,        ,        ,        ,        ,        ,        ,        ,      
blakemi02, 1982,     1, LAK , NHL , G  ,  9.0,  0.0,   0.0,   0.0,   2.0, 0.0  ,  0.0,     ,  0.0,     ,  0.0, 0.0,   0.0,       ,      ,      ,        ,        ,        ,        ,        ,        ,        ,        ,      
blakemi02, 1983,     1, LAK , NHL , G  , 29.0,  0.0,   1.0,   1.0,   6.0, 0.0  ,  0.0,     ,  0.0,     ,  0.0, 0.0,   0.0,       ,      ,      ,        ,        ,        ,        ,        ,        ,        ,        ,      
blakero01, 1989,     1, LAK , NHL , D  ,  4.0,  0.0,   0.0,   0.0,   4.0, 0.0  ,  0.0,  0.0,  0.0,  0.0,  0.0, 0.0,   3.0,    8.0,   1.0,   3.0,     4.0,     4.0, -4.0   ,     1.0,     0.0,     0.0,     0.0,     0.0,    11.0
blakero01, 1990,     1, LAK , NHL , D  , 75.0, 12.0,  34.0,  46.0, 125.0, 3.0  ,  9.0, 16.0,  0.0,  0.0,  2.0, 0.0, 150.0,   12.0,   1.0,   4.0,     5.0,    26.0, -1.0   ,     1.0,     2.0,     0.0,     0.0,     0.0,    19.0
blakero01, 1991,     1, LAK , NHL , D  , 57.0,  7.0,  13.0,  20.0, 102.0, -5.0 ,  5.0,  6.0,  0.0,  0.0,  0.0, 0.0, 131.0,    6.0,   2.0,   1.0,     3.0,    12.0, 2.0    ,     0.0,     1.0,     0.0,     0.0,     0.0,    12.0
blakero01, 1992,     1, LAK , NHL , D  , 76.0, 16.0,  43.0,  59.0, 152.0, 18.0 , 10.0, 22.0,  0.0,  2.0,  4.0, 1.0, 243.0,   23.0,   4.0,   6.0,    10.0,    46.0, 3.0    ,     1.0,     2.0,     1.0,     0.0,     0.0,    60.0
blakero01, 1993,     1, LAK , NHL , D  , 84.0, 20.0,  48.0,  68.0, 137.0, -7.0 ,  7.0, 26.0,  0.0,  3.0,  6.0, 0.0, 304.0,       ,      ,      ,        ,        ,        ,        ,        ,        ,        ,        ,      
blakero01, 1994,     1, LAK , NHL , D  , 24.0,  4.0,   7.0,  11.0,  38.0, -16.0,  4.0,  2.0,  0.0,  0.0,  1.0, 0.0,  76.0,       ,      ,      ,        ,        ,        ,        ,        ,        ,        ,        ,      
blakero01, 1995,     1, LAK , NHL , D  ,  6.0,  1.0,   2.0,   3.0,   8.0, 0.0  ,  0.0,  2.0,  0.0,  0.0,  0.0, 0.0,  13.0,       ,      ,      ,        ,        ,        ,        ,        ,        ,        ,        ,      
blakero01, 1996,     1, LAK , NHL , D  , 62.0,  8.0,  23.0,  31.0,  82.0, -28.0,  4.0,  9.0,  0.0,  0.0,  1.0, 0.0, 169.0,       ,      ,      ,        ,        ,        ,        ,        ,        ,        ,        ,      
blakero01, 1997,     1, LAK , NHL , D  , 81.0, 23.0,  27.0,  50.0,  94.0, -3.0 , 11.0, 11.0,  0.0,  1.0,  4.0, 0.0, 261.0,    4.0,   0.0,   0.0,     0.0,     6.0, -4.0   ,     0.0,     0.0,     0.0,     0.0,     0.0,    15.0
blakero01, 1998,     1, LAK , NHL , D  , 62.0, 12.0,  23.0,  35.0, 128.0, -7.0 ,  5.0,  6.0,  1.0,  1.0,  2.0, 0.0, 216.0,       ,      ,      ,        ,        ,        ,        ,        ,        ,        ,        ,      
blakero01, 1999,     1, LAK , NHL , D  , 77.0, 18.0,  39.0,  57.0, 112.0, 10.0 , 12.0, 14.0,  0.0,  1.0,  5.0, 0.0, 327.0,    4.0,   0.0,   2.0,     2.0,     4.0, 1.0    ,     0.0,     0.0,     0.0,     0.0,     0.0,    19.0
blakero01, 2000,     1, LAK , NHL , D  , 54.0, 17.0,  32.0,  49.0,  69.0, -8.0 ,  9.0, 17.0,  0.0,  1.0,  1.0, 1.0, 223.0,       ,      ,      ,        ,        ,        ,        ,        ,        ,        ,        ,      
blakero01, 2000,     2, COL , NHL , D  , 13.0,  2.0,   8.0,  10.0,   8.0, 11.0 ,  1.0,  2.0,  0.0,  0.0,  1.0, 0.0,  44.0,   23.0,   6.0,  13.0,    19.0,    16.0, 6.0    ,     3.0,     8.0,     0.0,     0.0,     0.0,    83.0
blakero01, 2001,     1, COL , NHL , D  , 75.0, 16.0,  40.0,  56.0,  58.0, 16.0 , 10.0, 17.0,  0.0,  1.0,  2.0, 0.0, 229.0,   20.0,   6.0,   6.0,    12.0,    16.0, -1.0   ,     1.0,     1.0,     0.0,     0.0,     0.0,    67.0
blakero01, 2002,     1, COL , NHL , D  , 79.0, 17.0,  28.0,  45.0,  57.0, 20.0 ,  8.0, 13.0,  2.0,  1.0,  3.0, 0.0, 269.0,    7.0,   1.0,   2.0,     3.0,     8.0, 2.0    ,     0.0,     1.0,     0.0,     0.0,     0.0,    27.0
blakero01, 2003,     1, COL , NHL , D  , 74.0, 13.0,  33.0,  46.0,  61.0, 6.0  ,  8.0, 18.0,  0.0,  1.0,  3.0, 0.0, 242.0,    9.0,   0.0,   5.0,     5.0,     6.0, 0.0    ,     0.0,     3.0,     0.0,     0.0,     0.0,    17.0
blakero01, 2005,     1, COL , NHL , D  , 81.0, 14.0,  37.0,  51.0,  94.0, 2.0  ,  7.0, 17.0,  1.0,  1.0,  1.0,    , 264.0,    9.0,   3.0,   1.0,     4.0,     8.0, 1.0    ,     2.0,     0.0,     0.0,     0.0,     1.0,    42.0
blakero01, 2006,     1, LAK , NHL , D  , 72.0, 14.0,  20.0,  34.0,  82.0, -26.0, 11.0, 15.0,  0.0,  1.0,  1.0,    , 208.0,       ,      ,      ,        ,        ,        ,        ,        ,        ,        ,        ,      
blakero01, 2007,     1, LAK , NHL , D  , 71.0,  9.0,  22.0,  31.0,  98.0, -19.0,  5.0, 10.0,  0.0,  0.0,  2.0,    , 144.0,       ,      ,      ,        ,        ,        ,        ,        ,        ,        ,        ,      
blakero01, 2008,     1, SJS , NHL , D  , 73.0, 10.0,  35.0,  45.0, 110.0, 15.0 ,  6.0, 16.0,  0.0,  0.0,  1.0,    , 198.0,    6.0,   1.0,   3.0,     4.0,     4.0, -5.0   ,     0.0,     3.0,     0.0,     0.0,     0.0,    26.0
blakero01, 2009,     1, SJS , NHL , D  , 70.0,  7.0,  23.0,  30.0,  60.0, 14.0 ,  4.0,  4.0,  0.0,  1.0,  1.0,    , 182.0,   15.0,   1.0,   1.0,     2.0,    10.0, 0.0    ,     0.0,     0.0,     0.0,     0.0,     0.0,    38.0
blaketo01, 1934,     1, MTM , NHL , L  ,  8.0,  0.0,   0.0,   0.0,   0.0,      ,     ,     ,     ,     ,     ,    ,      ,    1.0,   0.0,   0.0,     0.0,     0.0,        ,        ,        ,        ,        ,        ,      
blaketo01, 1935,     1, MTL , NHL , L  , 11.0,  1.0,   2.0,   3.0,  28.0,      ,     ,     ,     ,     ,     ,    ,      ,       ,      ,      ,        ,        ,        ,        ,        ,        ,        ,        ,      
blaketo01, 1936,     1, MTL , NHL , L  , 43.0, 10.0,  12.0,  22.0,  12.0,      ,     ,     ,     ,     ,     ,    ,      ,    5.0,   1.0,   0.0,     1.0,     0.0,        ,        ,        ,        ,        ,        ,      
blaketo01, 1937,     1, MTL , NHL , L  , 43.0, 17.0,  16.0,  33.0,  33.0,      ,     ,     ,     ,     ,     ,    ,      ,    3.0,   3.0,   1.0,     4.0,     2.0,        ,        ,        ,        ,        ,        ,      
blaketo01, 1938,     1, MTL , NHL , L  , 48.0, 24.0,  23.0,  47.0,  10.0,      ,     ,     ,     ,     ,     ,    ,      ,    3.0,   1.0,   1.0,     2.0,     2.0,        ,        ,        ,        ,        ,        ,      
blaketo01, 1939,     1, MTL , NHL , L  , 48.0, 17.0,  19.0,  36.0,  48.0,      ,     ,     ,     ,     ,     ,    ,      ,       ,      ,      ,        ,        ,        ,        ,        ,        ,        ,        ,      
blaketo01, 1940,     1, MTL , NHL , L  , 48.0, 12.0,  20.0,  32.0,  49.0,      ,     ,     ,     ,     ,     ,    ,      ,    3.0,   0.0,   3.0,     3.0,     5.0,        ,        ,        ,        ,        ,        ,      
blaketo01, 1941,     1, MTL , NHL , L  , 48.0, 17.0,  28.0,  45.0,  29.0,      ,     ,     ,     ,     ,     ,    ,      ,    3.0,   0.0,   3.0,     3.0,     2.0,        ,        ,        ,        ,        ,        ,      
blaketo01, 1942,     1, MTL , NHL , L  , 48.0, 23.0,  36.0,  59.0,  26.0,      ,     ,     ,     ,     ,     ,    ,      ,    5.0,   4.0,   3.0,     7.0,     0.0,        ,        ,        ,        ,        ,        ,      
blaketo01, 1943,     1, MTL , NHL , L  , 41.0, 26.0,  33.0,  59.0,  10.0,      ,     ,     ,     ,     ,     ,    ,      ,    9.0,   7.0,  11.0,    18.0,     2.0,        ,        ,        ,        ,        ,        ,      
blaketo01, 1944,     1, MTL , NHL , L  , 49.0, 29.0,  38.0,  67.0,  25.0,      ,     ,     ,     ,     ,     ,    ,      ,    6.0,   0.0,   2.0,     2.0,     5.0,        ,        ,        ,        ,        ,        ,      
blaketo01, 1945,     1, MTL , NHL , L  , 50.0, 29.0,  21.0,  50.0,   2.0,      ,     ,     ,     ,     ,     ,    ,      ,    9.0,   7.0,   6.0,    13.0,     5.0,        ,        ,        ,        ,        ,        ,      
blaketo01, 1946,     1, MTL , NHL , L  , 60.0, 21.0,  29.0,  50.0,   6.0,      ,     ,     ,     ,     ,     ,    ,      ,   11.0,   2.0,   7.0,     9.0,     0.0,        ,        ,        ,        ,        ,        ,      
blaketo01, 1947,     1, MTL , NHL , L  , 32.0,  9.0,  15.0,  24.0,   4.0,      ,     ,     ,     ,     ,     ,    ,      ,       ,      ,      ,        ,        ,        ,        ,        ,        ,        ,        ,      
blancbe01, 1972,     1, CHC , WHA , R  , 24.0,  2.0,   3.0,   5.0,   8.0,      ,  0.0,     ,  0.0,     ,     ,    ,      ,       ,      ,      ,        ,        ,        ,        ,        ,        ,        ,        ,      
blancbe01, 1972,     2, ALB , WHA , R  , 23.0,  5.0,   4.0,   9.0,   2.0,      ,  3.0,     ,  0.0,     ,     ,    ,      ,       ,      ,      ,        ,        ,        ,        ,        ,        ,        ,        ,      
blancbo01, 1974,     1, SDM , WHA , G  ,  3.0,  0.0,   0.0,   0.0,   0.0,      ,  0.0,     ,  0.0,     ,  0.0,    ,   0.0,       ,      ,      ,        ,        ,        ,        ,        ,        ,        ,        ,      
blancbo01, 1975,     1, SDM , WHA , G  ,  1.0,  0.0,   0.0,   0.0,   0.0, 0.0  ,  0.0,     ,  0.0,     ,  0.0,    ,   0.0,       ,      ,      ,        ,        ,        ,        ,        ,        ,        ,        ,      
blatnzd01, 2002,     1, ATL , NHL , L  ,  4.0,  0.0,   0.0,   0.0,   0.0, -1.0 ,  0.0,  0.0,  0.0,  0.0,  0.0, 0.0,   2.0,       ,      ,      ,        ,        ,        ,        ,        ,        ,        ,        ,      
blatnzd01, 2003,     1, ATL , NHL , L  , 16.0,  3.0,   0.0,   3.0,   6.0, 0.0  ,  0.0,  0.0,  0.0,  0.0,  0.0, 0.0,  17.0,       ,      ,      ,        ,        ,        ,        ,        ,        ,        ,        ,      
blatnzd01, 2005,     1, BOS , NHL , L  ,  5.0,  0.0,   0.0,   0.0,   2.0, -2.0 ,  0.0,  0.0,  0.0,  0.0,  0.0,    ,   3.0,       ,      ,      ,        ,        ,        ,        ,        ,        ,        ,        ,      
blighri01, 1975,     1, VAN , NHL , R  , 74.0, 25.0,  31.0,  56.0,  29.0, -4.0 , 10.0,     ,  0.0,     ,  3.0, 2.0, 212.0,    2.0,   0.0,   1.0,     1.0,     0.0,        ,     0.0,        ,     0.0,        ,     0.0,      
blighri01, 1976,     1, VAN , NHL , R  , 78.0, 28.0,  40.0,  68.0,  32.0, 0.0  , 11.0,     ,  0.0,     ,  5.0, 1.0, 197.0,       ,      ,      ,        ,        ,        ,        ,        ,        ,        ,        ,      
blighri01, 1977,     1, VAN , NHL , R  , 80.0, 25.0,  38.0,  63.0,  33.0, -32.0, 11.0,     ,  0.0,     ,  2.0, 1.0, 238.0,       ,      ,      ,        ,        ,        ,        ,        ,        ,        ,        ,      
blighri01, 1978,     1, VAN , NHL , R  , 56.0,  5.0,  10.0,  15.0,  16.0, -28.0,  1.0,     ,  0.0,     ,  1.0, 0.0,  91.0,    3.0,   0.0,   4.0,     4.0,     2.0,        ,     0.0,        ,     0.0,        ,     0.0,      
blighri01, 1979,     1, VAN , NHL , R  , 33.0, 12.0,   6.0,  18.0,  54.0, 7.0  ,  1.0,     ,  0.0,     ,  0.0, 0.0,  82.0,       ,      ,      ,        ,        ,        ,        ,        ,        ,        ,        ,      
blighri01, 1980,     1, VAN , NHL , R  ,  3.0,  1.0,   0.0,   1.0,   4.0, -1.0 ,  0.0,     ,  0.0,     ,  0.0, 0.0,   9.0,       ,      ,      ,        ,        ,        ,        ,        ,        ,        ,        ,      
blighri01, 1982,     1, LAK , NHL , R  ,  2.0,  0.0,   0.0,   0.0,   2.0, -3.0 ,  0.0,     ,  0.0,     ,  0.0, 0.0,   2.0,       ,      ,      ,        ,        ,        ,        ,        ,        ,        ,        ,      
blincru01, 1933,     1, MTM , NHL , C  , 31.0, 14.0,   9.0,  23.0,   2.0,      ,     ,     ,     ,     ,     ,    ,      ,    4.0,   0.0,   1.0,     1.0,     0.0,        ,        ,        ,        ,        ,        ,      
blincru01, 1934,     1, MTM , NHL , C  , 48.0, 13.0,  14.0,  27.0,   4.0,      ,     ,     ,     ,     ,     ,    ,      ,    7.0,   2.0,   2.0,     4.0,     2.0,        ,        ,        ,        ,        ,        ,      
blincru01, 1935,     1, MTM , NHL , C  , 46.0, 13.0,  10.0,  23.0,  10.0,      ,     ,     ,     ,     ,     ,    ,      ,    3.0,   0.0,   0.0,     0.0,     0.0,        ,        ,        ,        ,        ,        ,      
blincru01, 1936,     1, MTM , NHL , C  , 48.0,  6.0,  12.0,  18.0,   2.0,      ,     ,     ,     ,     ,     ,    ,      ,    5.0,   1.0,   0.0,     1.0,     2.0,        ,        ,        ,        ,        ,        ,      
blincru01, 1937,     1, MTM , NHL , C  , 47.0, 10.0,   9.0,  19.0,   4.0,      ,     ,     ,     ,     ,     ,    ,      ,       ,      ,      ,        ,        ,        ,        ,        ,        ,        ,        ,      
blincru01, 1938,     1, CHI , NHL , C  , 48.0,  3.0,  12.0,  15.0,   2.0,      ,     ,     ,     ,     ,     ,    ,      ,       ,      ,      ,        ,        ,        ,        ,        ,        ,        ,        ,      
bliznma01, 2009,     1, VAN , NHL , C  ,  2.0,  0.0,   0.0,   0.0,   0.0, -2.0 ,  0.0,  0.0,  0.0,  0.0,  0.0,    ,   1.0,       ,      ,      ,        ,        ,        ,        ,        ,        ,        ,        ,      
blockke01, 1970,     1, VAN , NHL , D  ,  1.0,  0.0,   0.0,   0.0,   0.0, -1.0 ,  0.0,     ,  0.0,     ,  0.0, 0.0,   0.0,       ,      ,      ,        ,        ,        ,        ,        ,        ,        ,        ,      
blockke01, 1972,     1, NRA , WHA , D  , 78.0,  5.0,  53.0,  58.0,  43.0,      ,  0.0,     ,  1.0,     ,  1.0,    ,      ,       ,      ,      ,        ,        ,        ,        ,        ,        ,        ,        ,      
blockke01, 1973,     1, NYJ , WHA , D  , 74.0,  3.0,  43.0,  46.0,  22.0,      ,  1.0,     ,  0.0,     ,  0.0,    ,      ,       ,      ,      ,        ,        ,        ,        ,        ,        ,        ,        ,      
blockke01, 1974,     1, SDM , WHA , D  , 36.0,  1.0,  11.0,  12.0,  12.0, -4.0 ,  1.0,     ,  0.0,     ,     ,    ,  43.0,       ,      ,      ,        ,        ,        ,        ,        ,        ,        ,        ,      
blockke01, 1974,     2, IND , WHA , D  , 37.0,  0.0,  17.0,  17.0,  18.0, -10.0,  0.0,     ,  0.0,     ,  0.0,    ,  48.0,       ,      ,      ,        ,        ,        ,        ,        ,        ,        ,        ,      
blockke01, 1975,     1, IND , WHA , D  , 79.0,  1.0,  25.0,  26.0,  28.0, 4.0  ,  0.0,     ,  0.0,     ,  1.0,    , 104.0,    7.0,   0.0,   4.0,     4.0,     2.0,        ,        ,        ,        ,        ,        ,      
blockke01, 1976,     1, IND , WHA , D  , 52.0,  3.0,  10.0,  13.0,  25.0, -12.0,  0.0,     ,  0.0,     ,     ,    ,  34.0,    9.0,   0.0,   2.0,     2.0,     6.0, 4.0    ,     0.0,        ,     0.0,        ,     0.0,      
blockke01, 1977,     1, IND , WHA , D  , 77.0,  1.0,  25.0,  26.0,  34.0, -39.0,  1.0,     ,  0.0,     ,     ,    ,  30.0,       ,      ,      ,        ,        ,        ,        ,        ,        ,        ,        ,      
blockke01, 1978,     1, IND , WHA , D  , 22.0,  2.0,   3.0,   5.0,  10.0, -11.0,  0.0,     ,  0.0,     ,     ,    ,   9.0,       ,      ,      ,        ,        ,        ,        ,        ,        ,        ,        ,      
bloemje01, 1988,     1, NYR , NHL , D  ,  9.0,  0.0,   0.0,   0.0,   0.0, 2.0  ,  0.0,  0.0,  0.0,  0.0,  0.0, 0.0,   9.0,       ,      ,      ,        ,        ,        ,        ,        ,        ,        ,        ,      
bloemje01, 1989,     1, NYR , NHL , D  , 28.0,  3.0,   3.0,   6.0,  25.0, -8.0 ,  2.0,  2.0,  0.0,  0.0,  1.0, 0.0,  20.0,    7.0,   0.0,   3.0,     3.0,     5.0, 0.0    ,     0.0,     1.0,     0.0,     0.0,     0.0,     8.0
bloemje01, 1990,     1, NYR , NHL , D  ,  3.0,  0.0,   2.0,   2.0,   0.0, 3.0  ,  0.0,  2.0,  0.0,  0.0,  0.0, 0.0,   4.0,       ,      ,      ,        ,        ,        ,        ,        ,        ,        ,        ,      
bloemje01, 1991,     1, NYR , NHL , D  ,  3.0,  0.0,   1.0,   1.0,   0.0, 1.0  ,  0.0,  0.0,  0.0,  0.0,  0.0, 0.0,   5.0,       ,      ,      ,        ,        ,        ,        ,        ,        ,        ,        ,      
blomqti01, 1981,     1, WAS , NHL , D  , 44.0,  1.0,  11.0,  12.0,  62.0, -17.0,  0.0,     ,  0.0,     ,  0.0, 0.0,  53.0,       ,      ,      ,        ,        ,        ,        ,        ,        ,        ,        ,      
blomqti01, 1982,     1, WAS , NHL , D  , 61.0,  1.0,  17.0,  18.0,  67.0, 15.0 ,  1.0,     ,  0.0,     ,  1.0, 0.0,  70.0,    3.0,   0.0,   0.0,     0.0,    16.0,        ,     0.0,        ,     0.0,        ,     0.0,      
blomqti01, 1983,     1, WAS , NHL , D  , 65.0,  1.0,  19.0,  20.0,  84.0, 17.0 ,  0.0,     ,  0.0,     ,  0.0, 0.0,  69.0,    8.0,   0.0,   0.0,     0.0,     8.0, -4.0   ,     0.0,        ,     0.0,        ,     0.0,    10.0
blomqti01, 1984,     1, WAS , NHL , D  , 53.0,  1.0,   4.0,   5.0,  51.0, 11.0 ,  0.0,     ,  0.0,     ,  0.0, 0.0,  59.0,    2.0,   0.0,   0.0,     0.0,     0.0, -2.0   ,     0.0,        ,     0.0,        ,     0.0,     2.0
blomqti01, 1986,     1, NJD , NHL , D  , 20.0,  0.0,   2.0,   2.0,  29.0, -3.0 ,  0.0,     ,  0.0,     ,  0.0, 0.0,  16.0,       ,      ,      ,        ,        ,        ,        ,        ,        ,        ,        ,      
blomsar01, 1993,     1, WIN , NHL , D  , 18.0,  0.0,   2.0,   2.0,   6.0, -6.0 ,  0.0,  0.0,  0.0,  0.0,  0.0, 0.0,  15.0,       ,      ,      ,        ,        ,        ,        ,        ,        ,        ,        ,      
blomsar01, 1994,     1, WIN , NHL , D  ,  1.0,  0.0,   0.0,   0.0,   2.0, 0.0  ,  0.0,  0.0,  0.0,  0.0,  0.0, 0.0,   0.0,       ,      ,      ,        ,        ,        ,        ,        ,        ,        ,        ,      
blomsar01, 1994,     2, LAK , NHL , D  ,  4.0,  0.0,   1.0,   1.0,   0.0, 2.0  ,  0.0,  0.0,  0.0,  0.0,  0.0, 0.0,   1.0,       ,      ,      ,        ,        ,        ,        ,        ,        ,        ,        ,      
blomsar01, 1995,     1, LAK , NHL , D  ,  2.0,  0.0,   1.0,   1.0,   0.0, 1.0  ,  0.0,  0.0,  0.0,  0.0,  0.0, 0.0,   1.0,       ,      ,      ,        ,        ,        ,        ,        ,        ,        ,        ,      
bloommi01, 1974,     1, WAS , NHL , R  , 67.0,  7.0,  19.0,  26.0,  84.0, -54.0,  0.0,     ,  0.0,     ,  0.0, 0.0,  88.0,       ,      ,      ,        ,        ,        ,        ,        ,        ,        ,        ,      
bloommi01, 1974,     2, DET , NHL , L  , 13.0,  4.0,   8.0,  12.0,  10.0, 2.0  ,  1.0,     ,  0.0,     ,  1.0, 0.0,  20.0,       ,      ,      ,        ,        ,        ,        ,        ,        ,        ,        ,      
bloommi01, 1975,     1, DET , NHL , L  , 76.0, 13.0,  17.0,  30.0,  99.0, -19.0,  1.0,     ,  0.0,     ,  1.0, 0.0, 130.0,       ,      ,      ,        ,        ,        ,        ,        ,        ,        ,        ,      
bloommi01, 1976,     1, DET , NHL , L  , 45.0,  6.0,   3.0,   9.0,  22.0, -10.0,  0.0,     ,  0.0,     ,  0.0, 0.0,  40.0,       ,      ,      ,        ,        ,        ,        ,        ,        ,        ,        ,      
blouisy01, 1996,     1, NYR , NHL , D  ,  6.0,  0.0,   0.0,   0.0,  18.0, -1.0 ,  0.0,  0.0,  0.0,  0.0,  0.0, 0.0,   1.0,       ,      ,      ,        ,        ,        ,        ,        ,        ,        ,        ,      
blouisy01, 1997,     1, NYR , NHL , D  ,  1.0,  0.0,   0.0,   0.0,   5.0, 0.0  ,  0.0,  0.0,  0.0,  0.0,  0.0, 0.0,   0.0,       ,      ,      ,        ,        ,        ,        ,        ,        ,        ,        ,      
blouisy01, 1998,     1, MTL , NHL , L  ,  5.0,  0.0,   0.0,   0.0,  19.0, 0.0  ,  0.0,  0.0,  0.0,  0.0,  0.0, 0.0,   1.0,       ,      ,      ,        ,        ,        ,        ,        ,        ,        ,        ,      
blouisy01, 2000,     1, MIN , NHL , L  , 41.0,  3.0,   2.0,   5.0, 117.0, -5.0 ,  0.0,  0.0,  0.0,  0.0,  0.0, 0.0,  37.0,       ,      ,      ,        ,        ,        ,        ,        ,        ,        ,        ,      
blouisy01, 2001,     1, MIN , NHL , L  , 43.0,  0.0,   2.0,   2.0, 130.0, -11.0,  0.0,  0.0,  0.0,  0.0,  0.0, 0.0,  28.0,       ,      ,      ,        ,        ,        ,        ,        ,        ,        ,        ,      
blouisy01, 2002,     1, MIN , NHL , L  ,  2.0,  0.0,   0.0,   0.0,   4.0, 0.0  ,  0.0,  0.0,  0.0,  0.0,  0.0, 0.0,   1.0,       ,      ,      ,        ,        ,        ,        ,        ,        ,        ,        ,      
blouisy01, 2002,     2, MTL , NHL , L  , 17.0,  0.0,   0.0,   0.0,  43.0, -3.0 ,  0.0,  0.0,  0.0,  0.0,  0.0, 0.0,   3.0,       ,      ,      ,        ,        ,        ,        ,        ,        ,        ,        ,      
bluejo01 , 1992,     1, BOS , NHL , G  , 23.0,  0.0,   2.0,   2.0,   6.0, 0.0  ,  0.0,  0.0,  0.0,  1.0,  0.0, 0.0,   0.0,    2.0,   0.0,   0.0,     0.0,     0.0, 0.0    ,     0.0,     0.0,     0.0,     0.0,     0.0,     0.0
bluejo01 , 1993,     1, BOS , NHL , G  , 18.0,  0.0,   0.0,   0.0,   7.0, 0.0  ,  0.0,  0.0,  0.0,  0.0,  0.0, 0.0,   0.0,       ,      ,      ,        ,        ,        ,        ,        ,        ,        ,        ,      
bluejo01 , 1995,     1, BUF , NHL , G  ,  5.0,  0.0,   0.0,   0.0,   0.0, 0.0  ,  0.0,  0.0,  0.0,  0.0,  0.0, 0.0,   0.0,       ,      ,      ,        ,        ,        ,        ,        ,        ,        ,        ,      
blumfr01 , 1972,     1, OTN , WHA , G  ,  2.0,  0.0,   0.0,   0.0,   0.0,      ,  0.0,     ,  0.0,     ,     ,    ,      ,       ,      ,      ,        ,        ,        ,        ,        ,        ,        ,        ,      
blumfr01 , 1973,     1, TOT , WHA , G  ,  5.0,  0.0,   0.0,   0.0,   0.0,      ,  0.0,     ,  0.0,     ,  0.0,    ,      ,       ,      ,      ,        ,        ,        ,        ,        ,        ,        ,     0.0,      
blumfr01 , 1973,     2, WIJ , WHA , G  ,     ,     ,      ,      ,      ,      ,     ,     ,     ,     ,     ,    ,      ,    2.0,   0.0,   0.0,     0.0,     0.0,        ,        ,        ,        ,        ,     0.0,      
blumjo01 , 1982,     1, EDM , NHL , D  ,  5.0,  0.0,   3.0,   3.0,  24.0, 2.0  ,  0.0,     ,  0.0,     ,  0.0, 0.0,   0.0,       ,      ,      ,        ,        ,        ,        ,        ,        ,        ,        ,      
blumjo01 , 1983,     1, EDM , NHL , D  ,  4.0,  0.0,   1.0,   1.0,   2.0, 0.0  ,  0.0,     ,  0.0,     ,  0.0, 0.0,   3.0,       ,      ,      ,        ,        ,        ,        ,        ,        ,        ,        ,      
blumjo01 , 1983,     2, BOS , NHL , D  , 12.0,  1.0,   1.0,   2.0,  30.0, 5.0  ,  0.0,     ,  0.0,     ,  1.0, 0.0,   9.0,    3.0,   0.0,   0.0,     0.0,     4.0, -1.0   ,     0.0,        ,     0.0,        ,     0.0,     0.0
blumjo01 , 1984,     1, BOS , NHL , D  , 75.0,  3.0,  13.0,  16.0, 263.0, 0.0  ,  0.0,     ,  0.0,     ,  0.0, 0.0,  36.0,    5.0,   0.0,   0.0,     0.0,    13.0, 2.0    ,     0.0,        ,     0.0,        ,     0.0,     1.0
blumjo01 , 1985,     1, BOS , NHL , D  , 61.0,  1.0,   7.0,   8.0,  80.0, 8.0  ,  0.0,     ,  0.0,     ,  0.0, 0.0,  34.0,    3.0,   0.0,   0.0,     0.0,     6.0, 0.0    ,     0.0,        ,     0.0,        ,     0.0,     0.0
blumjo01 , 1986,     1, WAS , NHL , D  , 66.0,  2.0,   8.0,  10.0, 133.0, 1.0  ,  0.0,     ,  0.0,     ,  0.0, 0.0,  32.0,    6.0,   0.0,   1.0,     1.0,     4.0, -2.0   ,     0.0,        ,     0.0,        ,     0.0,     2.0
blumjo01 , 1987,     1, BOS , NHL , D  , 19.0,  0.0,   1.0,   1.0,  70.0, -5.0 ,  0.0,  0.0,  0.0,  0.0,  0.0, 0.0,   6.0,    3.0,   0.0,   1.0,     1.0,     0.0, 2.0    ,     0.0,     0.0,     0.0,     1.0,     0.0,     0.0
blumjo01 , 1988,     1, DET , NHL , D  ,  6.0,  0.0,   0.0,   0.0,   8.0, -2.0 ,  0.0,  0.0,  0.0,  0.0,  0.0, 0.0,   3.0,       ,      ,      ,        ,        ,        ,        ,        ,        ,        ,        ,      
blumjo01 , 1989,     1, BOS , NHL , D  ,  2.0,  0.0,   0.0,   0.0,   0.0, -1.0 ,  0.0,  0.0,  0.0,  0.0,  0.0, 0.0,   0.0,       ,      ,      ,        ,        ,        ,        ,        ,        ,        ,        ,      
blundmi01, 2006,     1, CHI , NHL , R  ,  9.0,  0.0,   0.0,   0.0,  10.0, -5.0 ,  0.0,  0.0,  0.0,  0.0,  0.0,    ,  10.0,       ,      ,      ,        ,        ,        ,        ,        ,        ,        ,        ,      
blundmi01, 2007,     1, CHI , NHL , R  ,  1.0,  0.0,   0.0,   0.0,   0.0, -1.0 ,  0.0,  0.0,  0.0,  0.0,  0.0,    ,   1.0,       ,      ,      ,        ,        ,        ,        ,        ,        ,        ,        ,      
blundmi01, 2009,     1, CBS , NHL , R  , 40.0,  2.0,   2.0,   4.0,  59.0, 3.0  ,  0.0,  0.0,  0.0,  0.0,  0.0,    ,  40.0,       ,      ,      ,        ,        ,        ,        ,        ,        ,        ,        ,      
bochebr01, 2005,     1, OTT , NHL , R  , 20.0,  6.0,   7.0,  13.0,  14.0, 7.0  ,  2.0,  1.0,  0.0,  0.0,  0.0,    ,  39.0,       ,      ,      ,        ,        ,        ,        ,        ,        ,        ,        ,      
bochebr01, 2005,     2, CHI , NHL , R  , 20.0,  2.0,   2.0,   4.0,   8.0, -9.0 ,  0.0,  0.0,  0.0,  0.0,  0.0,    ,  23.0,       ,      ,      ,        ,        ,        ,        ,        ,        ,        ,        ,      
bochebr01, 2006,     1, CHI , NHL , R  , 10.0,  2.0,   0.0,   2.0,   2.0, -2.0 ,  0.0,  0.0,  0.0,  0.0,  0.0,    ,  20.0,       ,      ,      ,        ,        ,        ,        ,        ,        ,        ,        ,      
bochebr01, 2006,     2, BOS , NHL , R  , 31.0, 11.0,  11.0,  22.0,  14.0, 3.0  ,  3.0,  2.0,  0.0,  0.0,  2.0,    ,  72.0,       ,      ,      ,        ,        ,        ,        ,        ,        ,        ,        ,      
bochebr01, 2007,     1, BOS , NHL , R  , 20.0,  0.0,   6.0,   6.0,   6.0, 2.0  ,  0.0,  0.0,  0.0,  0.0,  0.0,    ,  30.0,       ,      ,      ,        ,        ,        ,        ,        ,        ,        ,        ,      
bochebr01, 2007,     2, AND , NHL , R  , 12.0,  2.0,   2.0,   4.0,   6.0, 2.0  ,  1.0,  1.0,  0.0,  0.0,  0.0,    ,  17.0,       ,      ,      ,        ,        ,        ,        ,        ,        ,        ,        ,      
bochebr01, 2007,     3, NAS , NHL , R  ,  8.0,  1.0,   2.0,   3.0,   0.0, 2.0  ,  0.0,  0.0,  0.0,  0.0,  0.0,    ,   9.0,    3.0,   0.0,   0.0,     0.0,     0.0, -1.0   ,     0.0,     0.0,     0.0,     0.0,     0.0,     4.0
bochebr01, 2008,     1, TBL , NHL , R  ,  7.0,  0.0,   1.0,   1.0,   2.0, -3.0 ,  0.0,  0.0,  0.0,  0.0,  0.0,    ,  11.0,       ,      ,      ,        ,        ,        ,        ,        ,        ,        ,        ,      
bochebr01, 2009,     1, TBL , NHL , R  , 28.0,  4.0,   9.0,  13.0,   2.0, -1.0 ,  1.0,  3.0,  0.0,  0.0,  0.0,    ,  43.0,       ,      ,      ,        ,        ,        ,        ,        ,        ,        ,        ,      
bodakbo01, 1987,     1, CAL , NHL , L  ,  3.0,  0.0,   0.0,   0.0,  22.0, -2.0 ,  0.0,  0.0,  0.0,  0.0,  0.0, 0.0,   0.0,       ,      ,      ,        ,        ,        ,        ,        ,        ,        ,        ,      
bodakbo01, 1989,     1, HAR , NHL , L  ,  1.0,  0.0,   0.0,   0.0,   7.0, 0.0  ,  0.0,  0.0,  0.0,  0.0,  0.0, 0.0,   1.0,       ,      ,      ,        ,        ,        ,        ,        ,        ,        ,        ,      
boddygr01, 1971,     1, VAN , NHL , D  , 40.0,  2.0,   5.0,   7.0,  45.0, 2.0  ,  0.0,     ,  0.0,     ,  1.0, 0.0,  29.0,       ,      ,      ,        ,        ,        ,        ,        ,        ,        ,        ,      
boddygr01, 1972,     1, VAN , NHL , D  , 74.0,  3.0,  11.0,  14.0,  70.0, -35.0,  1.0,     ,  0.0,     ,  0.0, 0.0,  54.0,       ,      ,      ,        ,        ,        ,        ,        ,        ,        ,        ,      
boddygr01, 1973,     1, VAN , NHL , D  , 53.0,  2.0,  10.0,  12.0,  59.0, -4.0 ,  0.0,     ,  0.0,     ,  1.0, 0.0,  52.0,       ,      ,      ,        ,        ,        ,        ,        ,        ,        ,        ,      
boddygr01, 1974,     1, VAN , NHL , D  , 72.0, 11.0,  12.0,  23.0,  56.0, -5.0 ,  2.0,     ,  1.0,     ,  1.0, 0.0,  83.0,    3.0,   0.0,   0.0,     0.0,     0.0,        ,     0.0,        ,     0.0,        ,     0.0,      
boddygr01, 1975,     1, VAN , NHL , D  , 34.0,  5.0,   6.0,  11.0,  33.0, -2.0 ,  0.0,     ,  0.0,     ,  1.0, 1.0,  28.0,       ,      ,      ,        ,        ,        ,        ,        ,        ,        ,        ,      
boddygr01, 1976,     1, SDM , WHA , D  , 18.0,  1.0,   2.0,   3.0,  19.0, -6.0 ,  0.0,     ,  0.0,     ,     ,    ,  15.0,       ,      ,      ,        ,        ,        ,        ,        ,        ,        ,        ,      
boddygr01, 1976,     2, EDO , WHA , D  , 46.0,  1.0,  17.0,  18.0,  41.0, -1.0 ,  1.0,     ,  0.0,     ,     ,    ,  42.0,    4.0,   1.0,   2.0,     3.0,    14.0, 2.0    ,        ,        ,        ,        ,     0.0,      
bodgedo01, 1984,     1, PIT , NHL , D  , 65.0,  5.0,  26.0,  31.0,  67.0, -24.0,  3.0,     ,  0.0,     ,  1.0, 0.0, 119.0,       ,      ,      ,        ,        ,        ,        ,        ,        ,        ,        ,      
bodgedo01, 1985,     1, PIT , NHL , D  , 79.0,  4.0,  33.0,  37.0,  63.0, 3.0  ,  1.0,     ,  0.0,     ,  1.0, 0.0, 140.0,       ,      ,      ,        ,        ,        ,        ,        ,        ,        ,        ,      
bodgedo01, 1986,     1, PIT , NHL , D  , 76.0, 11.0,  38.0,  49.0,  52.0, 6.0  ,  5.0,     ,  0.0,     ,  1.0, 0.0, 176.0,       ,      ,      ,        ,        ,        ,        ,        ,        ,        ,        ,      
bodgedo01, 1987,     1, PIT , NHL , D  , 69.0, 14.0,  31.0,  45.0, 103.0, -4.0 , 13.0, 20.0,  0.0,  0.0,  1.0, 0.0, 184.0,       ,      ,      ,        ,        ,        ,        ,        ,        ,        ,        ,      
bodgedo01, 1988,     1, PIT , NHL , D  , 10.0,  1.0,   4.0,   5.0,   7.0, 6.0  ,  0.0,     ,  0.0,     ,  0.0, 0.0,  22.0,       ,      ,      ,        ,        ,        ,        ,        ,        ,        ,        ,      
bodgedo01, 1988,     2, BUF , NHL , D  , 61.0,  7.0,  40.0,  47.0,  52.0, 9.0  ,  6.0,     ,  0.0,     ,  1.0, 0.0, 134.0,    5.0,   1.0,   1.0,     2.0,    11.0, 2.0    ,     1.0,     0.0,     0.0,     0.0,     0.0,    10.0
bodgedo01, 1989,     1, BUF , NHL , D  , 71.0, 12.0,  36.0,  48.0,  64.0, 0.0  ,  8.0, 26.0,  0.0,  0.0,  1.0, 0.0, 167.0,    6.0,   1.0,   5.0,     6.0,     6.0, -4.0   ,     0.0,     5.0,     0.0,     0.0,     0.0,    11.0
bodgedo01, 1990,     1, BUF , NHL , D  , 58.0,  5.0,  23.0,  28.0,  54.0, -8.0 ,  2.0, 15.0,  0.0,  2.0,  0.0, 0.0, 139.0,    4.0,   0.0,   1.0,     1.0,     0.0, 3.0    ,     0.0,     0.0,     0.0,     0.0,     0.0,     5.0
bodgedo01, 1991,     1, BUF , NHL , D  , 73.0, 11.0,  35.0,  46.0, 108.0, 1.0  ,  4.0, 28.0,  0.0,  0.0,  1.0, 0.0, 180.0,    7.0,   2.0,   1.0,     3.0,     2.0, 1.0    ,     2.0,     1.0,     0.0,     0.0,     1.0,    11.0
bodgedo01, 1992,     1, BUF , NHL , D  , 81.0,  9.0,  45.0,  54.0,  87.0, 14.0 ,  6.0, 20.0,  0.0,  1.0,  0.0, 1.0, 154.0,    8.0,   2.0,   3.0,     5.0,     0.0, 3.0    ,     2.0,     3.0,     0.0,     0.0,     0.0,    25.0
bodgedo01, 1993,     1, BUF , NHL , D  , 75.0,  7.0,  32.0,  39.0,  76.0, 8.0  ,  5.0, 19.0,  1.0,  1.0,  1.0, 0.0, 144.0,    7.0,   0.0,   3.0,     3.0,     6.0, 0.0    ,     0.0,     1.0,     0.0,     0.0,     0.0,    15.0
bodgedo01, 1994,     1, BUF , NHL , D  , 44.0,  3.0,  17.0,  20.0,  47.0, -3.0 ,  2.0, 10.0,  0.0,  3.0,  0.0, 0.0,  87.0,    5.0,   0.0,   4.0,     4.0,     0.0, 1.0    ,     0.0,     0.0,     0.0,     0.0,     0.0,    12.0
bodgedo01, 1995,     1, BUF , NHL , D  , 16.0,  0.0,   5.0,   5.0,  18.0, -6.0 ,  0.0,  3.0,  0.0,  0.0,  0.0, 0.0,  27.0,       ,      ,      ,        ,        ,        ,        ,        ,        ,        ,        ,      
bodgedo01, 1995,     2, SJS , NHL , D  , 57.0,  4.0,  19.0,  23.0,  50.0, -18.0,  3.0,  9.0,  0.0,  1.0,  0.0, 0.0,  94.0,       ,      ,      ,        ,        ,        ,        ,        ,        ,        ,        ,      
bodgedo01, 1996,     1, SJS , NHL , D  , 81.0,  1.0,  15.0,  16.0,  64.0, -14.0,  0.0,  7.0,  0.0,  0.0,  1.0, 0.0,  96.0,       ,      ,      ,        ,        ,        ,        ,        ,        ,        ,        ,      
bodgedo01, 1997,     1, SJS , NHL , D  , 28.0,  4.0,   6.0,  10.0,  32.0, 0.0  ,  0.0,  5.0,  0.0,  0.0,  1.0, 0.0,  41.0,       ,      ,      ,        ,        ,        ,        ,        ,        ,        ,        ,      
bodgedo01, 1997,     2, NJD , NHL , D  , 49.0,  5.0,   5.0,  10.0,  25.0, -1.0 ,  3.0,  2.0,  0.0,  0.0,  0.0, 0.0,  55.0,    5.0,   0.0,   0.0,     0.0,     0.0, -5.0   ,     0.0,     0.0,     0.0,     0.0,     0.0,     8.0
bodgedo01, 1998,     1, LAK , NHL , D  , 65.0,  3.0,  11.0,  14.0,  34.0, 1.0  ,  0.0,  5.0,  0.0,  1.0,  0.0, 0.0,  67.0,       ,      ,      ,        ,        ,        ,        ,        ,        ,        ,        ,      
bodgedo01, 1999,     1, VAN , NHL , D  , 13.0,  0.0,   1.0,   1.0,   4.0, -6.0 ,  0.0,  0.0,  0.0,  0.0,  0.0, 0.0,  11.0,       ,      ,      ,        ,        ,        ,        ,        ,        ,        ,        ,      
bodietr01, 2008,     1, AND , NHL , R  ,  4.0,  0.0,   0.0,   0.0,   0.0, 0.0  ,  0.0,  0.0,  0.0,  0.0,  0.0,    ,   5.0,       ,      ,      ,        ,        ,        ,        ,        ,        ,        ,        ,      
bodietr01, 2009,     1, AND , NHL , R  , 44.0,  5.0,   2.0,   7.0,  80.0, -8.0 ,  0.0,  0.0,  1.0,  0.0,  1.0,    ,  58.0,       ,      ,      ,        ,        ,        ,        ,        ,        ,        ,        ,      
bodnaan01, 2009,     1, BOS , NHL , D  ,  5.0,  0.0,   0.0,   0.0,   2.0, -2.0 ,  0.0,  0.0,  0.0,  0.0,  0.0,    ,   0.0,       ,      ,      ,        ,        ,        ,        ,        ,        ,        ,        ,      
bodnagu01, 1943,     1, TOR , NHL , C  , 50.0, 22.0,  40.0,  62.0,  18.0,      ,     ,     ,     ,     ,     ,    ,      ,    5.0,   0.0,   0.0,     0.0,     0.0,        ,        ,        ,        ,        ,        ,      
bodnagu01, 1944,     1, TOR , NHL , C  , 49.0,  8.0,  36.0,  44.0,  18.0,      ,     ,     ,     ,     ,     ,    ,      ,   13.0,   3.0,   1.0,     4.0,     4.0,        ,        ,        ,        ,        ,        ,      
bodnagu01, 1945,     1, TOR , NHL , C  , 49.0, 14.0,  23.0,  37.0,  14.0,      ,     ,     ,     ,     ,     ,    ,      ,       ,      ,      ,        ,        ,        ,        ,        ,        ,        ,        ,      
bodnagu01, 1946,     1, TOR , NHL , C  , 39.0,  4.0,   6.0,  10.0,  10.0,      ,     ,     ,     ,     ,     ,    ,      ,    1.0,   0.0,   0.0,     0.0,     0.0,        ,        ,        ,        ,        ,        ,      
bodnagu01, 1947,     1, CHI , NHL , C  , 46.0, 13.0,  22.0,  35.0,  23.0,      ,     ,     ,     ,     ,     ,    ,      ,       ,      ,      ,        ,        ,        ,        ,        ,        ,        ,        ,      
bodnagu01, 1948,     1, CHI , NHL , C  , 59.0, 19.0,  26.0,  45.0,  14.0,      ,     ,     ,     ,     ,     ,    ,      ,       ,      ,      ,        ,        ,        ,        ,        ,        ,        ,        ,      
bodnagu01, 1949,     1, CHI , NHL , C  , 70.0, 11.0,  28.0,  39.0,   6.0,      ,     ,     ,     ,     ,     ,    ,      ,       ,      ,      ,        ,        ,        ,        ,        ,        ,        ,        ,      
bodnagu01, 1950,     1, CHI , NHL , R  , 44.0,  8.0,  12.0,  20.0,   8.0,      ,     ,     ,     ,     ,     ,    ,      ,       ,      ,      ,        ,        ,        ,        ,        ,        ,        ,        ,      
bodnagu01, 1951,     1, CHI , NHL , C  , 69.0, 14.0,  26.0,  40.0,  26.0,      ,     ,     ,     ,     ,     ,    ,      ,       ,      ,      ,        ,        ,        ,        ,        ,        ,        ,        ,      
bodnagu01, 1952,     1, CHI , NHL , C  , 66.0, 16.0,  13.0,  29.0,  26.0,      ,     ,     ,     ,     ,     ,    ,      ,    7.0,   1.0,   1.0,     2.0,     2.0,        ,        ,        ,        ,        ,        ,      
bodnagu01, 1953,     1, CHI , NHL , C  , 45.0,  6.0,  15.0,  21.0,  20.0,      ,     ,     ,     ,     ,     ,    ,      ,       ,      ,      ,        ,        ,        ,        ,        ,        ,        ,        ,      
bodnagu01, 1953,     2, BOS , NHL , C  , 14.0,  3.0,   3.0,   6.0,  10.0,      ,     ,     ,     ,     ,     ,    ,      ,    1.0,   0.0,   0.0,     0.0,     0.0,        ,        ,        ,        ,        ,        ,      
bodnagu01, 1954,     1, BOS , NHL , C  , 67.0,  4.0,   4.0,   8.0,  14.0,      ,     ,     ,     ,     ,     ,    ,      ,    5.0,   0.0,   1.0,     1.0,     4.0,        ,        ,        ,        ,        ,        ,      
boedkmi01, 2008,     1, PHO , NHL , L  , 78.0, 11.0,  17.0,  28.0,  18.0, -6.0 ,  2.0,  0.0,  0.0,  0.0,  3.0,    , 116.0,       ,      ,      ,        ,        ,        ,        ,        ,        ,        ,        ,      
boedkmi01, 2009,     1, PHO , NHL , L  , 14.0,  1.0,   2.0,   3.0,   0.0, 2.0  ,  0.0,  0.0,  0.0,  0.0,  0.0,    ,   7.0,       ,      ,      ,        ,        ,        ,        ,        ,        ,        ,        ,      
boehmro01, 1967,     1, OAK , NHL , L  , 16.0,  2.0,   1.0,   3.0,  10.0, -5.0 ,  1.0,     ,  0.0,     ,  0.0, 0.0,  18.0,       ,      ,      ,        ,        ,        ,        ,        ,        ,        ,        ,      
boescga01, 1946,     1, TOR , NHL , D  , 35.0,  4.0,   5.0,   9.0,  47.0,      ,     ,     ,     ,     ,     ,    ,      ,   11.0,   0.0,   2.0,     2.0,     6.0,        ,        ,        ,        ,        ,        ,      
boescga01, 1947,     1, TOR , NHL , D  , 45.0,  2.0,   7.0,   9.0,  52.0,      ,     ,     ,     ,     ,     ,    ,      ,    8.0,   2.0,   1.0,     3.0,     2.0,        ,        ,        ,        ,        ,        ,      
boescga01, 1948,     1, TOR , NHL , D  , 59.0,  1.0,  10.0,  11.0,  43.0,      ,     ,     ,     ,     ,     ,    ,      ,    9.0,   0.0,   2.0,     2.0,     6.0,        ,        ,        ,        ,        ,        ,      
boescga01, 1949,     1, TOR , NHL , D  , 58.0,  2.0,   6.0,   8.0,  63.0,      ,     ,     ,     ,     ,     ,    ,      ,    6.0,   0.0,   0.0,     0.0,     4.0,        ,        ,        ,        ,        ,        ,      
bogosza01, 2008,     1, ATL , NHL , D  , 47.0,  9.0,  10.0,  19.0,  47.0, 11.0 ,  2.0,  3.0,  1.0,  0.0,  1.0,    ,  90.0,       ,      ,      ,        ,        ,        ,        ,        ,        ,        ,        ,      
bogosza01, 2009,     1, ATL , NHL , D  , 81.0, 10.0,  13.0,  23.0,  61.0, -18.0,  3.0,  3.0,  1.0,  1.0,  0.0,    , 155.0,       ,      ,      ,        ,        ,        ,        ,        ,        ,        ,        ,      
boguner01, 1999,     1, FLO , NHL , C  ,  4.0,  0.0,   0.0,   0.0,   2.0, -1.0 ,  0.0,  0.0,  0.0,  0.0,  0.0, 0.0,   5.0,       ,      ,      ,        ,        ,        ,        ,        ,        ,        ,        ,      
boguner01, 2000,     1, STL , NHL , C  ,  1.0,  0.0,   0.0,   0.0,   0.0, -1.0 ,  0.0,  0.0,  0.0,  0.0,  0.0, 0.0,   1.0,       ,      ,      ,        ,        ,        ,        ,        ,        ,        ,        ,      
boguner01, 2001,     1, STL , NHL , C  ,  8.0,  0.0,   1.0,   1.0,   4.0, -2.0 ,  0.0,  1.0,  0.0,  0.0,  0.0, 0.0,  10.0,    1.0,   0.0,   1.0,     1.0,     0.0, 1.0    ,     0.0,     0.0,     0.0,     0.0,     0.0,     1.0
boguner01, 2002,     1, STL , NHL , R  , 80.0, 22.0,  27.0,  49.0,  38.0, 22.0 ,  3.0,  5.0,  1.0,  0.0,  5.0, 0.0, 117.0,    7.0,   1.0,   2.0,     3.0,     2.0, -2.0   ,     1.0,     2.0,     0.0,     0.0,     0.0,     9.0
boguner01, 2003,     1, STL , NHL , R  , 27.0,  6.0,   4.0,  10.0,  20.0, -1.0 ,  2.0,  1.0,  0.0,  0.0,  2.0, 0.0,  40.0,    1.0,   0.0,   0.0,     0.0,     0.0, 0.0    ,     0.0,     0.0,     0.0,     0.0,     0.0,     2.0
boguner01, 2005,     1, STL , NHL , R  ,  9.0,  1.0,   4.0,   5.0,   4.0, -1.0 ,  1.0,  2.0,  0.0,  0.0,  0.0,    ,  12.0,       ,      ,      ,        ,        ,        ,        ,        ,        ,        ,        ,      
boguner01, 2005,     2, PIT , NHL , R  , 38.0,  5.0,   6.0,  11.0,  29.0, -2.0 ,  1.0,  1.0,  0.0,  0.0,  0.0,    ,  36.0,       ,      ,      ,        ,        ,        ,        ,        ,        ,        ,        ,      
boguner01, 2006,     1, NYI , NHL , C  , 11.0,  0.0,   0.0,   0.0,   8.0, 0.0  ,  0.0,  0.0,  0.0,  0.0,  0.0,    ,   2.0,       ,      ,      ,        ,        ,        ,        ,        ,        ,        ,        ,      
bohonlo01, 1995,     1, VAN , NHL , R  ,  3.0,  0.0,   1.0,   1.0,   0.0, 1.0  ,  0.0,  0.0,  0.0,  0.0,  0.0, 0.0,   3.0,       ,      ,      ,        ,        ,        ,        ,        ,        ,        ,        ,      
bohonlo01, 1996,     1, VAN , NHL , R  , 36.0, 11.0,  11.0,  22.0,  10.0, -3.0 ,  2.0,  4.0,  0.0,  0.0,  1.0, 0.0,  67.0,       ,      ,      ,        ,        ,        ,        ,        ,        ,        ,        ,      
bohonlo01, 1997,     1, VAN , NHL , R  , 31.0,  2.0,   1.0,   3.0,   4.0, -9.0 ,  0.0,  0.0,  0.0,  0.0,  0.0, 0.0,  37.0,       ,      ,      ,        ,        ,        ,        ,        ,        ,        ,        ,      
bohonlo01, 1997,     2, TOR , NHL , R  ,  6.0,  3.0,   3.0,   6.0,   4.0, 1.0  ,  0.0,  0.0,  0.0,  0.0,  0.0, 0.0,  13.0,       ,      ,      ,        ,        ,        ,        ,        ,        ,        ,        ,      
bohonlo01, 1998,     1, TOR , NHL , R  ,  7.0,  3.0,   0.0,   3.0,   4.0, 3.0  ,  0.0,  0.0,  0.0,  0.0,  0.0, 0.0,  13.0,    9.0,   3.0,   6.0,     9.0,     2.0, 3.0    ,     0.0,     1.0,     0.0,     0.0,     0.0,    26.0
bohri01  , 1987,     1, MNS , NHL , C  ,  8.0,  2.0,   1.0,   3.0,   4.0, 1.0  ,  0.0,  0.0,  0.0,  0.0,  0.0, 0.0,   8.0,       ,      ,      ,        ,        ,        ,        ,        ,        ,        ,        ,      
boikoal01, 1999,     1, NAS , NHL , D  ,  2.0,  0.0,   0.0,   0.0,   2.0, 0.0  ,  0.0,  0.0,  0.0,  0.0,  0.0, 0.0,   1.0,       ,      ,      ,        ,        ,        ,        ,        ,        ,        ,        ,      
boikoal01, 2000,     1, NAS , NHL , D  ,  8.0,  0.0,   0.0,   0.0,  13.0, -1.0 ,  0.0,  0.0,  0.0,  0.0,  0.0, 0.0,   3.0,       ,      ,      ,        ,        ,        ,        ,        ,        ,        ,        ,      
boilema01, 1961,     1, DET , NHL , C  , 54.0,  5.0,   6.0,  11.0,   8.0,      ,     ,     ,     ,     ,     ,    ,      ,       ,      ,      ,        ,        ,        ,        ,        ,        ,        ,        ,      
boilepa01, 1996,     1, WAS , NHL , D  ,  1.0,  0.0,   0.0,   0.0,   0.0, 0.0  ,  0.0,  0.0,  0.0,  0.0,  0.0, 0.0,   0.0,       ,      ,      ,        ,        ,        ,        ,        ,        ,        ,        ,      
boilepa01, 1998,     1, WAS , NHL , D  ,  4.0,  0.0,   1.0,   1.0,   2.0, -4.0 ,  0.0,  1.0,  0.0,  0.0,  0.0, 0.0,   7.0,       ,      ,      ,        ,        ,        ,        ,        ,        ,        ,        ,      
boilepa01, 2001,     1, WAS , NHL , D  ,  2.0,  0.0,   0.0,   0.0,   2.0, -1.0 ,  0.0,  0.0,  0.0,  0.0,  0.0, 0.0,   0.0,       ,      ,      ,        ,        ,        ,        ,        ,        ,        ,        ,      
boilepa01, 2002,     1, DET , NHL , D  , 25.0,  2.0,   6.0,   8.0,  14.0, 8.0  ,  0.0,  0.0,  0.0,  0.0,  1.0, 0.0,  18.0,       ,      ,      ,        ,        ,        ,        ,        ,        ,        ,        ,      
boilepa01, 2003,     1, PIT , NHL , D  , 16.0,  3.0,   4.0,   7.0,   8.0, -16.0,  3.0,  2.0,  0.0,  0.0,  0.0, 0.0,  41.0,       ,      ,      ,        ,        ,        ,        ,        ,        ,        ,        ,      
boilere01, 1925,     1, NYA , NHL , F  ,  7.0,  0.0,   0.0,   0.0,   0.0,      ,     ,     ,     ,     ,     ,    ,      ,       ,      ,      ,        ,        ,        ,        ,        ,        ,        ,        ,      
boimifr01, 1981,     1, TOR , NHL , D  , 57.0,  2.0,  11.0,  13.0,  32.0, 9.0  ,  0.0,     ,  0.0,     ,  1.0, 0.0,  48.0,       ,      ,      ,        ,        ,        ,        ,        ,        ,        ,        ,      
boimifr01, 1982,     1, TOR , NHL , D  , 26.0,  2.0,   3.0,   5.0,  13.0, -3.0 ,  0.0,     ,  0.0,     ,  0.0, 0.0,  26.0,       ,      ,      ,        ,        ,        ,        ,        ,        ,        ,        ,      
boisda01 , 2006,     1, OTT , NHL , R  ,  1.0,  0.0,   0.0,   0.0,   7.0, 0.0  ,  0.0,  0.0,  0.0,  0.0,  0.0,    ,   1.0,       ,      ,      ,        ,        ,        ,        ,        ,        ,        ,        ,      
boisvgi01, 1959,     1, DET , NHL , G  ,  3.0,  0.0,   0.0,   0.0,   0.0,      ,     ,     ,     ,     ,     ,    ,      ,       ,      ,      ,        ,        ,        ,        ,        ,        ,        ,        ,      
boisvse01, 1982,     1, TOR , NHL , R  , 17.0,  0.0,   2.0,   2.0,   4.0, -10.0,  0.0,     ,  0.0,     ,  0.0, 0.0,  18.0,       ,      ,      ,        ,        ,        ,        ,        ,        ,        ,        ,      
boisvse01, 1984,     1, MTL , NHL , R  , 14.0,  2.0,   2.0,   4.0,   0.0, -3.0 ,  0.0,     ,  0.0,     ,  0.0, 0.0,  18.0,   12.0,   3.0,   5.0,     8.0,     2.0, 5.0    ,     1.0,        ,     0.0,        ,     0.0,    16.0
boisvse01, 1985,     1, MTL , NHL , R  ,  9.0,  2.0,   2.0,   4.0,   2.0, 1.0  ,  0.0,     ,  0.0,     ,  0.0, 0.0,  18.0,    8.0,   0.0,   1.0,     1.0,     0.0, 1.0    ,     0.0,        ,     0.0,        ,     0.0,     7.0
boisvse01, 1986,     1, MTL , NHL , R  ,  1.0,  0.0,   0.0,   0.0,   0.0, 0.0  ,  0.0,     ,  0.0,     ,  0.0, 0.0,   0.0,       ,      ,      ,        ,        ,        ,        ,        ,        ,        ,        ,      
boisvse01, 1987,     1, MTL , NHL , R  ,  5.0,  1.0,   1.0,   2.0,   2.0, 0.0  ,  0.0,  0.0,  0.0,  0.0,  0.0, 0.0,   5.0,    3.0,   0.0,   1.0,     1.0,     2.0, 0.0    ,     0.0,     1.0,     0.0,     0.0,     0.0,     2.0
boivicl01, 1991,     1, PHI , NHL , L  , 58.0,  5.0,  13.0,  18.0, 187.0, -2.0 ,  0.0,  0.0,  0.0,  0.0,  0.0, 0.0,  46.0,       ,      ,      ,        ,        ,        ,        ,        ,        ,        ,        ,      
boivicl01, 1992,     1, PHI , NHL , L  , 30.0,  5.0,   4.0,   9.0,  76.0, -5.0 ,  0.0,  0.0,  0.0,  0.0,  1.0, 0.0,  21.0,       ,      ,      ,        ,        ,        ,        ,        ,        ,        ,        ,      
boivicl01, 1993,     1, PHI , NHL , C  , 26.0,  1.0,   1.0,   2.0,  57.0, -11.0,  0.0,  0.0,  0.0,  0.0,  0.0, 0.0,  11.0,       ,      ,      ,        ,        ,        ,        ,        ,        ,        ,        ,      
boivicl01, 1993,     2, OTT , NHL , C  , 15.0,  1.0,   0.0,   1.0,  38.0, -6.0 ,  0.0,  0.0,  0.0,  0.0,  0.0, 0.0,   6.0,       ,      ,      ,        ,        ,        ,        ,        ,        ,        ,        ,      
boivicl01, 1994,     1, OTT , NHL , L  ,  3.0,  0.0,   1.0,   1.0,   6.0, -1.0 ,  0.0,  0.0,  0.0,  0.0,  0.0, 0.0,   0.0,       ,      ,      ,        ,        ,        ,        ,        ,        ,        ,        ,      
boivile01, 1951,     1, TOR , NHL , D  ,  2.0,  0.0,   1.0,   1.0,   0.0,      ,     ,     ,     ,     ,     ,    ,      ,       ,      ,      ,        ,        ,        ,        ,        ,        ,        ,        ,      
boivile01, 1952,     1, TOR , NHL , D  , 70.0,  2.0,  13.0,  15.0,  97.0,      ,     ,     ,     ,     ,     ,    ,      ,       ,      ,      ,        ,        ,        ,        ,        ,        ,        ,        ,      
boivile01, 1953,     1, TOR , NHL , D  , 58.0,  1.0,   6.0,   7.0,  81.0,      ,     ,     ,     ,     ,     ,    ,      ,    5.0,   0.0,   0.0,     0.0,     2.0,        ,        ,        ,        ,        ,        ,      
boivile01, 1954,     1, TOR , NHL , D  ,  7.0,  0.0,   0.0,   0.0,   8.0,      ,     ,     ,     ,     ,     ,    ,      ,       ,      ,      ,        ,        ,        ,        ,        ,        ,        ,        ,      
boivile01, 1954,     2, BOS , NHL , D  , 59.0,  6.0,  11.0,  17.0, 105.0,      ,     ,     ,     ,     ,     ,    ,      ,    5.0,   0.0,   1.0,     1.0,     4.0,        ,        ,        ,        ,        ,        ,      
boivile01, 1955,     1, BOS , NHL , D  , 68.0,  4.0,  16.0,  20.0,  80.0,      ,     ,     ,     ,     ,     ,    ,      ,       ,      ,      ,        ,        ,        ,        ,        ,        ,        ,        ,      
boivile01, 1956,     1, BOS , NHL , D  , 55.0,  2.0,   8.0,  10.0,  55.0,      ,     ,     ,     ,     ,     ,    ,      ,   10.0,   2.0,   3.0,     5.0,    12.0,        ,        ,        ,        ,        ,        ,      
boivile01, 1957,     1, BOS , NHL , D  , 33.0,  0.0,   4.0,   4.0,  54.0,      ,     ,     ,     ,     ,     ,    ,      ,   12.0,   0.0,   3.0,     3.0,    21.0,        ,        ,        ,        ,        ,        ,      
boivile01, 1958,     1, BOS , NHL , D  , 70.0,  5.0,  16.0,  21.0,  94.0,      ,     ,     ,     ,     ,     ,    ,      ,    7.0,   1.0,   2.0,     3.0,     4.0,        ,        ,        ,        ,        ,        ,      
boivile01, 1959,     1, BOS , NHL , D  , 70.0,  4.0,  21.0,  25.0,  66.0,      ,     ,     ,     ,     ,     ,    ,      ,       ,      ,      ,        ,        ,        ,        ,        ,        ,        ,        ,      
boivile01, 1960,     1, BOS , NHL , D  , 57.0,  6.0,  17.0,  23.0,  50.0,      ,     ,     ,     ,     ,     ,    ,      ,       ,      ,      ,        ,        ,        ,        ,        ,        ,        ,        ,      
boivile01, 1961,     1, BOS , NHL , D  , 65.0,  5.0,  18.0,  23.0,  70.0,      ,     ,     ,     ,     ,     ,    ,      ,       ,      ,      ,        ,        ,        ,        ,        ,        ,        ,        ,      
boivile01, 1962,     1, BOS , NHL , D  , 62.0,  2.0,  24.0,  26.0,  48.0,      ,     ,     ,     ,     ,     ,    ,      ,       ,      ,      ,        ,        ,        ,        ,        ,        ,        ,        ,      
boivile01, 1963,     1, BOS , NHL , D  , 65.0, 10.0,  14.0,  24.0,  42.0,      ,  1.0,     ,  1.0,     ,  0.0, 0.0,      ,       ,      ,      ,        ,        ,        ,        ,        ,        ,        ,        ,      
boivile01, 1964,     1, BOS , NHL , D  , 67.0,  3.0,  10.0,  13.0,  68.0,      ,  0.0,     ,  0.0,     ,  1.0, 0.0,      ,       ,      ,      ,        ,        ,        ,        ,        ,        ,        ,        ,      
boivile01, 1965,     1, BOS , NHL , D  , 46.0,  0.0,   5.0,   5.0,  34.0,      ,  0.0,     ,  0.0,     ,  0.0, 0.0,      ,       ,      ,      ,        ,        ,        ,        ,        ,        ,        ,        ,      
boivile01, 1965,     2, DET , NHL , D  , 16.0,  0.0,   5.0,   5.0,  16.0,      ,  0.0,     ,  0.0,     ,  0.0, 0.0,      ,   12.0,   0.0,   1.0,     1.0,    16.0,        ,        ,        ,        ,        ,     0.0,      
boivile01, 1966,     1, DET , NHL , D  , 69.0,  4.0,  17.0,  21.0,  78.0,      ,  0.0,     ,  0.0,     ,  1.0, 0.0,      ,       ,      ,      ,        ,        ,        ,        ,        ,        ,        ,        ,      
boivile01, 1967,     1, PIT , NHL , D  , 73.0,  9.0,  13.0,  22.0,  74.0, -15.0,  4.0,     ,  0.0,     ,  1.0, 0.0, 163.0,       ,      ,      ,        ,        ,        ,        ,        ,        ,        ,        ,      
boivile01, 1968,     1, PIT , NHL , D  , 41.0,  5.0,  13.0,  18.0,  26.0, -6.0 ,  2.0,     ,  0.0,     ,  1.0, 0.0,  74.0,       ,      ,      ,        ,        ,        ,        ,        ,        ,        ,        ,      
boivile01, 1968,     2, MNS , NHL , D  , 28.0,  1.0,   6.0,   7.0,  16.0, -19.0,  1.0,     ,  0.0,     ,  0.0, 0.0,  64.0,       ,      ,      ,        ,        ,        ,        ,        ,        ,        ,        ,      
boivile01, 1969,     1, MNS , NHL , D  , 69.0,  3.0,  12.0,  15.0,  30.0, -2.0 ,  0.0,     ,  0.0,     ,  0.0, 0.0,  95.0,    3.0,   0.0,   0.0,     0.0,     0.0,        ,     0.0,        ,     0.0,        ,     0.0,      
bolanmi01, 1972,     1, OTN , WHA , R  , 41.0,  1.0,  15.0,  16.0,  44.0,      ,  0.0,     ,  0.0,     ,     ,    ,      ,    1.0,   0.0,   0.0,     0.0,     0.0,        ,     0.0,        ,     0.0,        ,     0.0,      
bolanmi01, 1974,     1, PHI , NHL , R  ,  2.0,  0.0,   0.0,   0.0,   0.0, 0.0  ,  0.0,     ,  0.0,     ,  0.0, 0.0,   0.0,       ,      ,      ,        ,        ,        ,        ,        ,        ,        ,        ,      
bolanmi02, 1974,     1, KCS , NHL , D  ,  1.0,  0.0,   0.0,   0.0,   0.0, 0.0  ,  0.0,     ,  0.0,     ,  0.0, 0.0,   0.0,       ,      ,      ,        ,        ,        ,        ,        ,        ,        ,        ,      
bolanmi02, 1978,     1, BUF , NHL , D  , 22.0,  1.0,   2.0,   3.0,  29.0, 6.0  ,  0.0,     ,  0.0,     ,  0.0, 1.0,  17.0,    3.0,   1.0,   0.0,     1.0,     2.0,        ,     0.0,        ,     0.0,        ,     0.0,      
boldiiv01, 1970,     1, BOS , NHL , C  ,  2.0,  0.0,   0.0,   0.0,   0.0, 0.0  ,  0.0,     ,  0.0,     ,  0.0, 0.0,   1.0,       ,      ,      ,        ,        ,        ,        ,        ,        ,        ,        ,      
boldiiv01, 1971,     1, BOS , NHL , C  , 11.0,  0.0,   2.0,   2.0,   6.0, 2.0  ,  0.0,     ,  0.0,     ,  0.0, 0.0,   2.0,       ,      ,      ,        ,        ,        ,        ,        ,        ,        ,        ,      
boldiiv01, 1971,     2, CLF , NHL , C  , 57.0, 16.0,  23.0,  39.0,  54.0, -14.0,  4.0,     ,  2.0,     ,  2.0, 2.0, 109.0,       ,      ,      ,        ,        ,        ,        ,        ,        ,        ,        ,      
boldiiv01, 1972,     1, CLF , NHL , C  , 56.0, 11.0,  23.0,  34.0,  58.0, -23.0,  3.0,     ,  0.0,     ,  3.0, 0.0, 157.0,       ,      ,      ,        ,        ,        ,        ,        ,        ,        ,        ,      
boldiiv01, 1973,     1, CLF , NHL , C  , 78.0, 25.0,  31.0,  56.0,  22.0, -51.0,  2.0,     ,  0.0,     ,  2.0, 2.0, 220.0,       ,      ,      ,        ,        ,        ,        ,        ,        ,        ,        ,      
boldiiv01, 1974,     1, CHI , NHL , C  , 80.0, 24.0,  43.0,  67.0,  54.0, -3.0 ,  6.0,     ,  0.0,     ,  1.0, 0.0, 195.0,    8.0,   4.0,   2.0,     6.0,     2.0,        ,     1.0,        ,     0.0,        ,     1.0,      
boldiiv01, 1975,     1, CHI , NHL , C  , 78.0, 28.0,  34.0,  62.0,  33.0, -23.0,  5.0,     ,  0.0,     ,  4.0, 2.0, 178.0,    4.0,   0.0,   1.0,     1.0,     0.0,        ,     0.0,        ,     0.0,        ,     0.0,      
boldiiv01, 1976,     1, CHI , NHL , C  , 80.0, 24.0,  38.0,  62.0,  40.0, -15.0,  4.0,     ,  0.0,     ,  4.0, 2.0, 164.0,    2.0,   0.0,   1.0,     1.0,     0.0,        ,     0.0,        ,     0.0,        ,     0.0,      
boldiiv01, 1977,     1, CHI , NHL , C  , 80.0, 35.0,  45.0,  80.0,  34.0, -3.0 , 10.0,     ,  0.0,     ,  2.0, 2.0, 242.0,    4.0,   0.0,   2.0,     2.0,     2.0,        ,     0.0,        ,     0.0,        ,     0.0,      
boldiiv01, 1978,     1, CHI , NHL , C  , 66.0, 29.0,  35.0,  64.0,  25.0, 7.0  , 10.0,     ,  0.0,     ,  4.0, 2.0, 192.0,       ,      ,      ,        ,        ,        ,        ,        ,        ,        ,        ,      
boldiiv01, 1978,     2, ATF , NHL , C  , 13.0,  6.0,   8.0,  14.0,   6.0, 1.0  ,  4.0,     ,  0.0,     ,  0.0, 0.0,  33.0,    2.0,   0.0,   2.0,     2.0,     2.0,        ,     0.0,        ,     0.0,        ,     0.0,      
boldiiv01, 1979,     1, ATF , NHL , C  , 52.0, 16.0,  24.0,  40.0,  20.0, -1.0 ,  1.0,     ,  0.0,     ,  2.0, 0.0, 121.0,       ,      ,      ,        ,        ,        ,        ,        ,        ,        ,        ,      
boldiiv01, 1979,     2, VAN , NHL , C  , 27.0, 16.0,  11.0,  27.0,  14.0, -1.0 ,  5.0,     ,  0.0,     ,  3.0, 1.0,  82.0,    4.0,   0.0,   2.0,     2.0,     0.0,        ,     0.0,        ,     0.0,        ,     0.0,      
boldiiv01, 1980,     1, VAN , NHL , C  , 72.0, 26.0,  33.0,  59.0,  34.0, -12.0,  9.0,     ,  0.0,     ,  3.0, 2.0, 195.0,    1.0,   1.0,   1.0,     2.0,     0.0,        ,     0.0,        ,     0.0,        ,     0.0,      
boldiiv01, 1981,     1, VAN , NHL , C  , 78.0, 33.0,  40.0,  73.0,  45.0, -17.0, 10.0,     ,  0.0,     ,  4.0, 3.0, 202.0,   17.0,   8.0,   3.0,    11.0,     4.0,        ,     3.0,        ,     0.0,        ,     1.0,      
boldiiv01, 1982,     1, VAN , NHL , C  , 39.0,  5.0,  20.0,  25.0,  12.0, -9.0 ,  3.0,     ,  0.0,     ,  1.0, 0.0,  74.0,       ,      ,      ,        ,        ,        ,        ,        ,        ,        ,        ,      
boldiiv01, 1982,     2, DET , NHL , C  , 33.0, 13.0,  17.0,  30.0,  14.0, -6.0 ,  3.0,     ,  1.0,     ,  0.0, 0.0,  62.0,       ,      ,      ,        ,        ,        ,        ,        ,        ,        ,        ,      
boldiiv01, 1983,     1, DET , NHL , L  , 75.0, 35.0,  48.0,  83.0,  20.0, 3.0  , 12.0,     ,  0.0,     ,  4.0, 1.0, 185.0,    4.0,   0.0,   5.0,     5.0,     4.0, 1.0    ,     0.0,        ,     0.0,        ,     0.0,    11.0
boldiiv01, 1984,     1, DET , NHL , L  , 75.0, 19.0,  30.0,  49.0,  16.0, -25.0, 11.0,     ,  0.0,     ,  3.0, 0.0, 104.0,    2.0,   0.0,   1.0,     1.0,     0.0, -4.0   ,     0.0,        ,     0.0,        ,     0.0,     5.0
boldual01, 2008,     1, VAN , NHL , C  ,  7.0,  0.0,   1.0,   1.0,   4.0, 1.0  ,  0.0,  0.0,  0.0,  0.0,  0.0,    ,   7.0,       ,      ,      ,        ,        ,        ,        ,        ,        ,        ,        ,      
boldual01, 2009,     1, VAN , NHL , C  , 15.0,  0.0,   0.0,   0.0,  13.0, -3.0 ,  0.0,  0.0,  0.0,  0.0,  0.0,    ,  14.0,       ,      ,      ,        ,        ,        ,        ,        ,        ,        ,        ,      
bolduda01, 1975,     1, NEW , WHA , R  , 14.0,  2.0,   5.0,   7.0,  14.0, 5.0  ,  0.0,     ,  0.0,     ,  0.0,    ,  27.0,   16.0,   1.0,   6.0,     7.0,     4.0, 4.0    ,        ,        ,        ,        ,        ,      
bolduda01, 1976,     1, NEW , WHA , R  , 33.0,  8.0,   3.0,  11.0,  15.0, -13.0,  0.0,     ,  0.0,     ,     ,    ,  57.0,       ,      ,      ,        ,        ,        ,        ,        ,        ,        ,        ,      
bolduda01, 1977,     1, NEW , WHA , R  , 41.0,  5.0,   5.0,  10.0,  22.0, 6.0  ,  0.0,     ,  0.0,     ,     ,    ,  37.0,   14.0,   2.0,   4.0,     6.0,     4.0, 2.0    ,        ,        ,        ,        ,     0.0,      
bolduda01, 1978,     1, DET , NHL , R  , 56.0, 16.0,  13.0,  29.0,  14.0, -9.0 ,  3.0,     ,  0.0,     ,  4.0, 1.0,  81.0,       ,      ,      ,        ,        ,        ,        ,        ,        ,        ,        ,      
bolduda01, 1979,     1, DET , NHL , R  , 44.0,  6.0,   5.0,  11.0,  19.0, -14.0,  2.0,     ,  0.0,     ,  0.0, 0.0,  52.0,       ,      ,      ,        ,        ,        ,        ,        ,        ,        ,        ,      
bolduda01, 1983,     1, CAL , NHL , L  ,  2.0,  0.0,   1.0,   1.0,   0.0, 1.0  ,  0.0,     ,  0.0,     ,  0.0, 0.0,   4.0,    1.0,   0.0,   0.0,     0.0,     0.0, 0.0    ,     0.0,        ,     0.0,        ,     0.0,     0.0
boldumi01, 1981,     1, QUE , NHL , D  ,  3.0,  0.0,   0.0,   0.0,   0.0, 0.0  ,  0.0,     ,  0.0,     ,  0.0, 0.0,   1.0,       ,      ,      ,        ,        ,        ,        ,        ,        ,        ,        ,      
boldumi01, 1982,     1, QUE , NHL , D  ,  7.0,  0.0,   0.0,   0.0,   6.0, 2.0  ,  0.0,     ,  0.0,     ,  0.0, 0.0,   4.0,       ,      ,      ,        ,        ,        ,        ,        ,        ,        ,        ,      
bollada01, 2006,     1, CHI , NHL , C  ,  1.0,  0.0,   0.0,   0.0,   0.0, -1.0 ,  0.0,  0.0,  0.0,  0.0,  0.0,    ,   1.0,       ,      ,      ,        ,        ,        ,        ,        ,        ,        ,        ,      
bollada01, 2007,     1, CHI , NHL , C  , 39.0,  4.0,  13.0,  17.0,  28.0, 6.0  ,  0.0,  1.0,  0.0,  0.0,  0.0,    ,  49.0,       ,      ,      ,        ,        ,        ,        ,        ,        ,        ,        ,      
bollada01, 2008,     1, CHI , NHL , C  , 81.0, 19.0,  28.0,  47.0,  52.0, 19.0 ,  2.0,  1.0,  2.0,  2.0,  4.0,    , 111.0,   17.0,   4.0,   8.0,    12.0,    24.0, -1.0   ,     1.0,     1.0,     1.0,     0.0,     1.0,    30.0
bollada01, 2009,     1, CHI , NHL , C  , 39.0,  6.0,  10.0,  16.0,  28.0, 5.0  ,  1.0,  1.0,  0.0,  0.0,  0.0,    ,  52.0,   22.0,   8.0,   8.0,    16.0,    30.0, 6.0    ,     2.0,     2.0,     2.0,     0.0,     1.0,    35.0
bollbu01 , 1932,     1, TOR , NHL , L  ,     ,     ,      ,      ,      ,      ,     ,     ,     ,     ,     ,    ,      ,    1.0,   0.0,   0.0,     0.0,     0.0,        ,        ,        ,        ,        ,        ,      
bollbu01 , 1933,     1, TOR , NHL , L  , 42.0, 12.0,   8.0,  20.0,  21.0,      ,     ,     ,     ,     ,     ,    ,      ,    5.0,   0.0,   0.0,     0.0,     9.0,        ,        ,        ,        ,        ,        ,      
bollbu01 , 1934,     1, TOR , NHL , L  , 47.0, 14.0,   4.0,  18.0,   4.0,      ,     ,     ,     ,     ,     ,    ,      ,    6.0,   0.0,   0.0,     0.0,     0.0,        ,        ,        ,        ,        ,        ,      
bollbu01 , 1935,     1, TOR , NHL , L  , 44.0, 15.0,  13.0,  28.0,  14.0,      ,     ,     ,     ,     ,     ,    ,      ,    9.0,   7.0,   3.0,    10.0,     2.0,        ,        ,        ,        ,        ,        ,      
bollbu01 , 1936,     1, TOR , NHL , L  , 25.0,  6.0,   3.0,   9.0,  12.0,      ,     ,     ,     ,     ,     ,    ,      ,    2.0,   0.0,   0.0,     0.0,     0.0,        ,        ,        ,        ,        ,        ,      
bollbu01 , 1937,     1, TOR , NHL , L  , 44.0, 14.0,  11.0,  25.0,  18.0,      ,     ,     ,     ,     ,     ,    ,      ,    7.0,   0.0,   0.0,     0.0,     2.0,        ,        ,        ,        ,        ,        ,      
bollbu01 , 1938,     1, TOR , NHL , L  , 11.0,  0.0,   0.0,   0.0,   0.0,      ,     ,     ,     ,     ,     ,    ,      ,       ,      ,      ,        ,        ,        ,        ,        ,        ,        ,        ,      
bollbu01 , 1939,     1, NYA , NHL , L  , 47.0,  5.0,  10.0,  15.0,  18.0,      ,     ,     ,     ,     ,     ,    ,      ,    1.0,   0.0,   0.0,     0.0,     0.0,        ,        ,        ,        ,        ,        ,      
bollbu01 , 1940,     1, NYA , NHL , L  , 47.0, 12.0,  14.0,  26.0,  16.0,      ,     ,     ,     ,     ,     ,    ,      ,       ,      ,      ,        ,        ,        ,        ,        ,        ,        ,        ,      
bollbu01 , 1941,     1, BKN , NHL , L  , 48.0, 11.0,  15.0,  26.0,  23.0,      ,     ,     ,     ,     ,     ,    ,      ,       ,      ,      ,        ,        ,        ,        ,        ,        ,        ,        ,      
bollbu01 , 1942,     1, BOS , NHL , L  , 43.0, 25.0,  27.0,  52.0,  20.0,      ,     ,     ,     ,     ,     ,    ,      ,       ,      ,      ,        ,        ,        ,        ,        ,        ,        ,        ,      
bollbu01 , 1943,     1, BOS , NHL , L  , 39.0, 19.0,  25.0,  44.0,   2.0,      ,     ,     ,     ,     ,     ,    ,      ,       ,      ,      ,        ,        ,        ,        ,        ,        ,        ,        ,      
bollja01 , 2007,     1, CBS , NHL , R  , 75.0,  5.0,   5.0,  10.0, 226.0, -4.0 ,  0.0,  0.0,  0.0,  0.0,  3.0,    ,  63.0,       ,      ,      ,        ,        ,        ,        ,        ,        ,        ,        ,      
bollja01 , 2008,     1, CBS , NHL , R  , 75.0,  4.0,  10.0,  14.0, 180.0, -6.0 ,  1.0,  1.0,  0.0,  0.0,  0.0,    ,  73.0,    1.0,   0.0,   0.0,     0.0,     0.0, -2.0   ,     0.0,     0.0,     0.0,     0.0,     0.0,     1.0
bollja01 , 2009,     1, CBS , NHL , R  , 68.0,  4.0,   3.0,   7.0, 149.0, -8.0 ,  0.0,  0.0,  0.0,  0.0,  0.0,    ,  56.0,       ,      ,      ,        ,        ,        ,        ,        ,        ,        ,        ,      
bolonla01, 1972,     1, VAN , NHL , D  , 15.0,  0.0,   0.0,   0.0,   6.0, -11.0,  0.0,     ,  0.0,     ,  0.0, 0.0,  11.0,       ,      ,      ,        ,        ,        ,        ,        ,        ,        ,        ,      
bolonla01, 1975,     1, WAS , NHL , D  ,  1.0,  0.0,   1.0,   1.0,   0.0, -1.0 ,  0.0,     ,  0.0,     ,  0.0, 0.0,   1.0,       ,      ,      ,        ,        ,        ,        ,        ,        ,        ,        ,      
bolonla01, 1976,     1, WAS , NHL , D  ,  9.0,  0.0,   0.0,   0.0,  12.0, -12.0,  0.0,     ,  0.0,     ,  0.0, 0.0,   3.0,       ,      ,      ,        ,        ,        ,        ,        ,        ,        ,        ,      
bolonla01, 1977,     1, WAS , NHL , D  , 49.0,  3.0,   8.0,  11.0,  79.0, -19.0,  0.0,     ,  0.0,     ,  0.0, 0.0,  41.0,       ,      ,      ,        ,        ,        ,        ,        ,        ,        ,        ,      
boltohu01, 1949,     1, TOR , NHL , D  ,  2.0,  0.0,   0.0,   0.0,   2.0,      ,     ,     ,     ,     ,     ,    ,      ,       ,      ,      ,        ,        ,        ,        ,        ,        ,        ,        ,      
boltohu01, 1950,     1, TOR , NHL , D  , 13.0,  1.0,   3.0,   4.0,   4.0,      ,     ,     ,     ,     ,     ,    ,      ,       ,      ,      ,        ,        ,        ,        ,        ,        ,        ,        ,      
boltohu01, 1951,     1, TOR , NHL , D  , 60.0,  3.0,  13.0,  16.0,  73.0,      ,     ,     ,     ,     ,     ,    ,      ,    3.0,   0.0,   0.0,     0.0,     4.0,        ,        ,        ,        ,        ,        ,      
boltohu01, 1952,     1, TOR , NHL , D  ,  9.0,  0.0,   0.0,   0.0,  10.0,      ,     ,     ,     ,     ,     ,    ,      ,       ,      ,      ,        ,        ,        ,        ,        ,        ,        ,        ,      
boltohu01, 1953,     1, TOR , NHL , D  ,  9.0,  0.0,   0.0,   0.0,  10.0,      ,     ,     ,     ,     ,     ,    ,      ,    5.0,   0.0,   1.0,     1.0,     4.0,        ,        ,        ,        ,        ,        ,      
boltohu01, 1954,     1, TOR , NHL , D  , 69.0,  2.0,  19.0,  21.0,  55.0,      ,     ,     ,     ,     ,     ,    ,      ,    4.0,   0.0,   3.0,     3.0,     6.0,        ,        ,        ,        ,        ,        ,      
boltohu01, 1955,     1, TOR , NHL , D  , 67.0,  4.0,  16.0,  20.0,  65.0,      ,     ,     ,     ,     ,     ,    ,      ,    5.0,   0.0,   1.0,     1.0,     0.0,        ,        ,        ,        ,        ,        ,      
boltohu01, 1956,     1, TOR , NHL , D  ,  6.0,  0.0,   0.0,   0.0,   2.0,      ,     ,     ,     ,     ,     ,    ,      ,       ,      ,      ,        ,        ,        ,        ,        ,        ,        ,        ,      
bombabr01, 1997,     1, NJD , NHL , D  , 43.0,  1.0,   5.0,   6.0,   8.0, 11.0 ,  0.0,  0.0,  0.0,  0.0,  0.0, 0.0,  16.0,       ,      ,      ,        ,        ,        ,        ,        ,        ,        ,        ,      
bombabr01, 1998,     1, NJD , NHL , D  , 56.0,  1.0,   7.0,   8.0,  16.0, -4.0 ,  0.0,  1.0,  0.0,  0.0,  0.0, 0.0,  47.0,    5.0,   0.0,   0.0,     0.0,     0.0, 0.0    ,     0.0,     0.0,     0.0,     0.0,     0.0,     2.0
bombabr01, 1999,     1, NJD , NHL , D  , 32.0,  3.0,   1.0,   4.0,   6.0, -6.0 ,  0.0,  1.0,  0.0,  0.0,  0.0, 0.0,  24.0,    1.0,   0.0,   0.0,     0.0,     0.0, 0.0    ,     0.0,     0.0,     0.0,     0.0,     0.0,     0.0
bombabr01, 2000,     1, MIN , NHL , D  , 70.0,  0.0,  15.0,  15.0,  42.0, -6.0 ,  0.0,  3.0,  0.0,  2.0,  0.0, 0.0,  81.0,       ,      ,      ,        ,        ,        ,        ,        ,        ,        ,        ,      
bombabr01, 2001,     1, MIN , NHL , D  , 28.0,  1.0,   2.0,   3.0,  14.0, -6.0 ,  1.0,  1.0,  0.0,  0.0,  0.0, 0.0,  24.0,       ,      ,      ,        ,        ,        ,        ,        ,        ,        ,        ,      
bombabr01, 2002,     1, MIN , NHL , D  , 58.0,  1.0,  14.0,  15.0,  16.0, 15.0 ,  1.0,  0.0,  0.0,  0.0,  0.0, 0.0,  55.0,    4.0,   0.0,   0.0,     0.0,     0.0, -1.0   ,     0.0,     0.0,     0.0,     0.0,     0.0,     1.0
bombabr01, 2003,     1, MIN , NHL , D  , 56.0,  1.0,   2.0,   3.0,  21.0, -10.0,  0.0,  0.0,  0.0,  0.0,  1.0, 0.0,  38.0,       ,      ,      ,        ,        ,        ,        ,        ,        ,        ,        ,      
bombabr01, 2003,     2, NAS , NHL , D  , 13.0,  0.0,   0.0,   0.0,   4.0, 1.0  ,  0.0,  0.0,  0.0,  0.0,  0.0, 0.0,   9.0,    6.0,   0.0,   1.0,     1.0,     2.0, 1.0    ,     0.0,     0.0,     0.0,     0.0,     0.0,     3.0
bonarda01, 1980,     1, LAK , NHL , C  , 71.0, 11.0,  15.0,  26.0,  57.0, 0.0  ,  3.0,     ,  1.0,     ,  3.0, 0.0,  64.0,    4.0,   1.0,   1.0,     2.0,    11.0,        ,     0.0,        ,     1.0,        ,     0.0,      
bonarda01, 1981,     1, LAK , NHL , C  , 79.0, 13.0,  23.0,  36.0, 111.0, -4.0 ,  1.0,     ,  0.0,     ,  0.0, 0.0, 123.0,   10.0,   2.0,   3.0,     5.0,    11.0,        ,     0.0,        ,     0.0,        ,     0.0,      
bonarda01, 1982,     1, LAK , NHL , C  , 20.0,  1.0,   1.0,   2.0,  40.0, -7.0 ,  0.0,     ,  0.0,     ,  0.0, 0.0,  16.0,       ,      ,      ,        ,        ,        ,        ,        ,        ,        ,        ,      
bondke01 , 1974,     1, IND , WHA , L  , 71.0, 22.0,  15.0,  37.0,  23.0, -30.0,  5.0,     ,  0.0,     ,     ,    , 204.0,       ,      ,      ,        ,        ,        ,        ,        ,        ,        ,        ,      
bondke01 , 1975,     1, IND , WHA , L  , 15.0,  2.0,   0.0,   2.0,   9.0, -7.0 ,  0.0,     ,  0.0,     ,  0.0,    ,  20.0,    7.0,   1.0,   0.0,     1.0,    11.0, 0.0    ,        ,        ,        ,        ,        ,      
bondrpe01, 1990,     1, WAS , NHL , L  , 54.0, 12.0,  16.0,  28.0,  47.0, -10.0,  4.0,  2.0,  0.0,  0.0,  1.0, 0.0,  95.0,    4.0,   0.0,   1.0,     1.0,     2.0, 1.0    ,     0.0,     0.0,     0.0,     0.0,     0.0,     7.0
bondrpe01, 1991,     1, WAS , NHL , R  , 71.0, 28.0,  28.0,  56.0,  42.0, 16.0 ,  4.0,  3.0,  0.0,  0.0,  3.0, 0.0, 158.0,    7.0,   6.0,   2.0,     8.0,     4.0, 4.0    ,     1.0,     1.0,     0.0,     0.0,     0.0,    16.0
bondrpe01, 1992,     1, WAS , NHL , R  , 83.0, 37.0,  48.0,  85.0,  70.0, 8.0  , 10.0, 16.0,  0.0,  0.0,  7.0, 0.0, 239.0,    6.0,   0.0,   6.0,     6.0,     0.0, 2.0    ,     0.0,     2.0,     0.0,     0.0,     0.0,    16.0
bondrpe01, 1993,     1, WAS , NHL , R  , 69.0, 24.0,  19.0,  43.0,  40.0, 22.0 ,  4.0,  6.0,  0.0,  0.0,  2.0, 0.0, 200.0,    9.0,   2.0,   4.0,     6.0,     4.0, 2.0    ,     0.0,     0.0,     0.0,     0.0,     1.0,    26.0
bondrpe01, 1994,     1, WAS , NHL , R  , 47.0, 34.0,   9.0,  43.0,  24.0, 9.0  , 12.0,  6.0,  6.0,  0.0,  3.0, 1.0, 177.0,    7.0,   5.0,   3.0,     8.0,    10.0, 0.0    ,     2.0,     1.0,     0.0,     0.0,     1.0,    23.0
bondrpe01, 1995,     1, WAS , NHL , R  , 67.0, 52.0,  28.0,  80.0,  40.0, 18.0 , 11.0, 11.0,  4.0,  1.0,  7.0, 3.0, 322.0,    6.0,   3.0,   2.0,     5.0,     8.0, 0.0    ,     2.0,     0.0,     0.0,     0.0,     1.0,    36.0
bondrpe01, 1996,     1, WAS , NHL , R  , 77.0, 46.0,  31.0,  77.0,  72.0, 7.0  , 10.0, 10.0,  4.0,  0.0,  3.0, 2.0, 314.0,       ,      ,      ,        ,        ,        ,        ,        ,        ,        ,        ,      
bondrpe01, 1997,     1, WAS , NHL , R  , 76.0, 52.0,  26.0,  78.0,  44.0, 14.0 , 11.0, 10.0,  5.0,  0.0, 13.0, 2.0, 284.0,   17.0,   7.0,   5.0,    12.0,    12.0, 4.0    ,     3.0,     2.0,     0.0,     0.0,     2.0,    48.0
bondrpe01, 1998,     1, WAS , NHL , R  , 66.0, 31.0,  24.0,  55.0,  56.0, -1.0 ,  6.0,  9.0,  3.0,  1.0,  5.0, 1.0, 284.0,       ,      ,      ,        ,        ,        ,        ,        ,        ,        ,        ,      
bondrpe01, 1999,     1, WAS , NHL , R  , 62.0, 21.0,  17.0,  38.0,  30.0, 5.0  ,  5.0,  6.0,  3.0,  0.0,  5.0, 0.0, 187.0,    5.0,   1.0,   1.0,     2.0,     4.0, -4.0   ,     1.0,     1.0,     0.0,     0.0,     0.0,    13.0
bondrpe01, 2000,     1, WAS , NHL , L  , 82.0, 45.0,  36.0,  81.0,  60.0, 8.0  , 22.0, 11.0,  4.0,  1.0,  8.0, 0.0, 305.0,    6.0,   2.0,   0.0,     2.0,     2.0, -2.0   ,     2.0,     0.0,     0.0,     0.0,     1.0,    25.0
bondrpe01, 2001,     1, WAS , NHL , R  , 77.0, 39.0,  31.0,  70.0,  80.0, -2.0 , 17.0, 11.0,  1.0,  1.0,  8.0, 1.0, 333.0,       ,      ,      ,        ,        ,        ,        ,        ,        ,        ,        ,      
bondrpe01, 2002,     1, WAS , NHL , L  , 76.0, 30.0,  26.0,  56.0,  52.0, -3.0 ,  9.0, 10.0,  2.0,  0.0,  4.0, 0.0, 256.0,    6.0,   4.0,   2.0,     6.0,     8.0, 2.0    ,     2.0,     1.0,     0.0,     0.0,     0.0,    29.0
bondrpe01, 2003,     1, WAS , NHL , R  , 54.0, 21.0,  14.0,  35.0,  22.0, -17.0, 12.0,  9.0,  0.0,  0.0,  4.0, 0.0, 136.0,       ,      ,      ,        ,        ,        ,        ,        ,        ,        ,        ,      
bondrpe01, 2003,     2, OTT , NHL , R  , 23.0,  5.0,   9.0,  14.0,  16.0, 1.0  ,  2.0,  2.0,  0.0,  0.0,  1.0, 0.0,  52.0,    7.0,   0.0,   0.0,     0.0,     6.0, -4.0   ,     0.0,     0.0,     0.0,     0.0,     0.0,    16.0
bondrpe01, 2005,     1, ATL , NHL , R  , 60.0, 21.0,  18.0,  39.0,  40.0, -3.0 ,  8.0,  9.0,  0.0,  0.0,  1.0,    , 143.0,       ,      ,      ,        ,        ,        ,        ,        ,        ,        ,        ,      
bondrpe01, 2006,     1, CHI , NHL , R  , 37.0,  5.0,   9.0,  14.0,  26.0, 2.0  ,  2.0,  1.0,  0.0,  0.0,  3.0,    ,  46.0,       ,      ,      ,        ,        ,        ,        ,        ,        ,        ,        ,      
boninbr01, 1998,     1, PIT , NHL , C  ,  5.0,  0.0,   0.0,   0.0,   0.0, -2.0 ,  0.0,  0.0,  0.0,  0.0,  0.0, 0.0,   2.0,    3.0,   0.0,   0.0,     0.0,     0.0, -1.0   ,     0.0,     0.0,     0.0,     0.0,     0.0,     4.0
boninbr01, 2000,     1, MIN , NHL , L  ,  7.0,  0.0,   0.0,   0.0,   0.0, -3.0 ,  0.0,  0.0,  0.0,  0.0,  0.0, 0.0,   7.0,       ,      ,      ,        ,        ,        ,        ,        ,        ,        ,        ,      
boninma01, 1952,     1, DET , NHL , L  , 37.0,  4.0,   9.0,  13.0,  14.0,      ,     ,     ,     ,     ,     ,    ,      ,    5.0,   0.0,   1.0,     1.0,     0.0,        ,        ,        ,        ,        ,        ,      
boninma01, 1953,     1, DET , NHL , L  ,  1.0,  0.0,   0.0,   0.0,   0.0,      ,     ,     ,     ,     ,     ,    ,      ,       ,      ,      ,        ,        ,        ,        ,        ,        ,        ,        ,      
boninma01, 1954,     1, DET , NHL , L  , 69.0, 16.0,  20.0,  36.0,  53.0,      ,     ,     ,     ,     ,     ,    ,      ,   11.0,   0.0,   2.0,     2.0,     4.0,        ,        ,        ,        ,        ,        ,      
boninma01, 1955,     1, BOS , NHL , R/L, 67.0,  9.0,   9.0,  18.0,  49.0,      ,     ,     ,     ,     ,     ,    ,      ,       ,      ,      ,        ,        ,        ,        ,        ,        ,        ,        ,      
boninma01, 1957,     1, MTL , NHL , L  , 66.0, 15.0,  24.0,  39.0,  37.0,      ,     ,     ,     ,     ,     ,    ,      ,    9.0,   0.0,   1.0,     1.0,     2.0,        ,        ,        ,        ,        ,        ,      
boninma01, 1958,     1, MTL , NHL , L  , 57.0, 13.0,  30.0,  43.0,  38.0,      ,     ,     ,     ,     ,     ,    ,      ,   11.0,  10.0,   5.0,    15.0,     4.0,        ,        ,        ,        ,        ,        ,      
boninma01, 1959,     1, MTL , NHL , L  , 59.0, 17.0,  34.0,  51.0,  59.0,      ,     ,     ,     ,     ,     ,    ,      ,    8.0,   1.0,   4.0,     5.0,    12.0,        ,        ,        ,        ,        ,        ,      
boninma01, 1960,     1, MTL , NHL , W  , 65.0, 16.0,  35.0,  51.0,  45.0,      ,     ,     ,     ,     ,     ,    ,      ,    6.0,   0.0,   1.0,     1.0,    29.0,        ,        ,        ,        ,        ,     0.0,      
boninma01, 1961,     1, MTL , NHL , W  , 33.0,  7.0,  14.0,  21.0,  41.0,      ,     ,     ,     ,     ,     ,    ,      ,       ,      ,      ,        ,        ,        ,        ,        ,        ,        ,        ,      
boninni01, 2009,     1, AND , NHL , C  ,  9.0,  1.0,   1.0,   2.0,   6.0, 0.0  ,  1.0,  0.0,  0.0,  0.0,  0.0,    ,  14.0,       ,      ,      ,        ,        ,        ,        ,        ,        ,        ,        ,      
bonkra01 , 1994,     1, OTT , NHL , C  , 42.0,  3.0,   8.0,  11.0,  28.0, -5.0 ,  1.0,  3.0,  0.0,  0.0,  0.0, 0.0,  40.0,       ,      ,      ,        ,        ,        ,        ,        ,        ,        ,        ,      
bonkra01 , 1995,     1, OTT , NHL , L  , 76.0, 16.0,  19.0,  35.0,  36.0, -5.0 ,  5.0,  7.0,  0.0,  0.0,  1.0, 0.0, 161.0,       ,      ,      ,        ,        ,        ,        ,        ,        ,        ,        ,      
bonkra01 , 1996,     1, OTT , NHL , C  , 53.0,  5.0,  13.0,  18.0,  14.0, -4.0 ,  0.0,  1.0,  1.0,  0.0,  0.0, 1.0,  82.0,    7.0,   0.0,   1.0,     1.0,     4.0, -1.0   ,     0.0,     0.0,     0.0,     0.0,     0.0,     4.0
bonkra01 , 1997,     1, OTT , NHL , C  , 65.0,  7.0,   9.0,  16.0,  16.0, -13.0,  1.0,  3.0,  0.0,  0.0,  0.0, 0.0,  93.0,    5.0,   0.0,   0.0,     0.0,     2.0, -3.0   ,     0.0,     0.0,     0.0,     0.0,     0.0,     6.0
bonkra01 , 1998,     1, OTT , NHL , C  , 81.0, 16.0,  16.0,  32.0,  48.0, 15.0 ,  0.0,  0.0,  1.0,  1.0,  6.0, 0.0, 110.0,    4.0,   0.0,   0.0,     0.0,     6.0, -1.0   ,     0.0,     0.0,     0.0,     0.0,     0.0,     8.0
bonkra01 , 1999,     1, OTT , NHL , C  , 80.0, 23.0,  37.0,  60.0,  53.0, -2.0 , 10.0, 10.0,  0.0,  1.0,  5.0, 1.0, 167.0,    6.0,   0.0,   0.0,     0.0,     8.0, -6.0   ,     0.0,     0.0,     0.0,     0.0,     0.0,     8.0
bonkra01 , 2000,     1, OTT , NHL , C  , 74.0, 23.0,  36.0,  59.0,  52.0, 27.0 ,  5.0, 12.0,  2.0,  2.0,  3.0, 0.0, 139.0,    2.0,   0.0,   0.0,     0.0,     2.0, -1.0   ,     0.0,     0.0,     0.0,     0.0,     0.0,     1.0
bonkra01 , 2001,     1, OTT , NHL , C  , 82.0, 25.0,  45.0,  70.0,  52.0, 3.0  ,  6.0, 21.0,  2.0,  1.0,  5.0, 0.0, 170.0,   12.0,   3.0,   7.0,    10.0,     6.0, -3.0   ,     2.0,     6.0,     0.0,     0.0,     1.0,    26.0
bonkra01 , 2002,     1, OTT , NHL , C  , 70.0, 22.0,  32.0,  54.0,  36.0, 6.0  , 11.0, 15.0,  0.0,  0.0,  4.0, 2.0, 146.0,   18.0,   6.0,   5.0,    11.0,    10.0, 2.0    ,     2.0,     4.0,     0.0,     0.0,     0.0,    28.0
bonkra01 , 2003,     1, OTT , NHL , C  , 66.0, 12.0,  32.0,  44.0,  66.0, 2.0  ,  6.0, 21.0,  0.0,  0.0,  1.0, 0.0,  98.0,    7.0,   0.0,   2.0,     2.0,     0.0, 2.0    ,     0.0,     2.0,     0.0,     0.0,     0.0,    15.0
bonkra01 , 2005,     1, MTL , NHL , C  , 61.0,  6.0,  15.0,  21.0,  52.0, -3.0 ,  0.0,  5.0,  2.0,  1.0,  1.0,    ,  76.0,    6.0,   2.0,   0.0,     2.0,     2.0, -1.0   ,     0.0,     0.0,     0.0,     0.0,     1.0,     7.0
bonkra01 , 2006,     1, MTL , NHL , C  , 74.0, 13.0,  10.0,  23.0,  54.0, 0.0  ,  1.0,  1.0,  2.0,  1.0,  1.0,    , 111.0,       ,      ,      ,        ,        ,        ,        ,        ,        ,        ,        ,      
bonkra01 , 2007,     1, NAS , NHL , C  , 79.0, 14.0,  15.0,  29.0,  40.0, -31.0,  6.0,  5.0,  0.0,  0.0,  1.0,    , 138.0,    6.0,   1.0,   0.0,     1.0,     2.0, -3.0   ,     0.0,     0.0,     0.0,     0.0,     0.0,    12.0
bonkra01 , 2008,     1, NAS , NHL , C  , 66.0,  9.0,  16.0,  25.0,  34.0, -12.0,  6.0,  3.0,  0.0,  1.0,  2.0,    , 102.0,       ,      ,      ,        ,        ,        ,        ,        ,        ,        ,        ,      
bonniry01, 1999,     1, VAN , NHL , D  ,  3.0,  0.0,   0.0,   0.0,   0.0, -1.0 ,  0.0,  0.0,  0.0,  0.0,  0.0, 0.0,   1.0,       ,      ,      ,        ,        ,        ,        ,        ,        ,        ,        ,      
bonsija01, 1994,     1, EDM , NHL , C  ,  1.0,  1.0,   0.0,   1.0,   0.0, -1.0 ,  0.0,  0.0,  0.0,  0.0,  0.0, 0.0,   3.0,       ,      ,      ,        ,        ,        ,        ,        ,        ,        ,        ,      
bonsija01, 1995,     1, EDM , NHL , C  , 20.0,  0.0,   2.0,   2.0,   4.0, -6.0 ,  0.0,  0.0,  0.0,  0.0,  0.0, 0.0,  13.0,       ,      ,      ,        ,        ,        ,        ,        ,        ,        ,        ,      
bonsija01, 1997,     1, TBL , NHL , C  , 35.0,  2.0,   8.0,  10.0,  22.0, -11.0,  0.0,  1.0,  0.0,  0.0,  0.0, 0.0,  29.0,       ,      ,      ,        ,        ,        ,        ,        ,        ,        ,        ,      
bonsija01, 1998,     1, TBL , NHL , C  , 23.0,  0.0,   3.0,   3.0,   8.0, -4.0 ,  0.0,  0.0,  0.0,  0.0,  0.0, 0.0,  12.0,       ,      ,      ,        ,        ,        ,        ,        ,        ,        ,        ,      
bonvide01, 1994,     1, EDM , NHL , D  ,  2.0,  0.0,   0.0,   0.0,   0.0, 0.0  ,  0.0,  0.0,  0.0,  0.0,  0.0, 0.0,   0.0,       ,      ,      ,        ,        ,        ,        ,        ,        ,        ,        ,      
bonvide01, 1995,     1, EDM , NHL , R  ,  8.0,  0.0,   0.0,   0.0,  47.0, -3.0 ,  0.0,  0.0,  0.0,  0.0,  0.0, 0.0,   0.0,       ,      ,      ,        ,        ,        ,        ,        ,        ,        ,        ,      
bonvide01, 1997,     1, EDM , NHL , R  ,  4.0,  0.0,   0.0,   0.0,  27.0, 0.0  ,  0.0,  0.0,  0.0,  0.0,  0.0, 0.0,   0.0,       ,      ,      ,        ,        ,        ,        ,        ,        ,        ,        ,      
bonvide01, 1998,     1, CHI , NHL , R  , 11.0,  0.0,   0.0,   0.0,  44.0, -4.0 ,  0.0,  0.0,  0.0,  0.0,  0.0, 0.0,   1.0,       ,      ,      ,        ,        ,        ,        ,        ,        ,        ,        ,      
bonvide01, 1999,     1, PIT , NHL , R  , 28.0,  0.0,   0.0,   0.0,  80.0, -2.0 ,  0.0,  0.0,  0.0,  0.0,  0.0, 0.0,   6.0,       ,      ,      ,        ,        ,        ,        ,        ,        ,        ,        ,      
bonvide01, 2000,     1, PIT , NHL , R  ,  3.0,  0.0,   0.0,   0.0,   0.0, -1.0 ,  0.0,  0.0,  0.0,  0.0,  0.0, 0.0,   1.0,       ,      ,      ,        ,        ,        ,        ,        ,        ,        ,        ,      
bonvide01, 2001,     1, BOS , NHL , R  , 23.0,  1.0,   2.0,   3.0,  84.0, 3.0  ,  0.0,  0.0,  0.0,  0.0,  0.0, 0.0,   5.0,    1.0,   0.0,   0.0,     0.0,     0.0, 0.0    ,     0.0,     0.0,     0.0,     0.0,     0.0,     0.0
bonvide01, 2002,     1, OTT , NHL , R  , 12.0,  0.0,   0.0,   0.0,  29.0, -1.0 ,  0.0,  0.0,  0.0,  0.0,  0.0, 0.0,   3.0,       ,      ,      ,        ,        ,        ,        ,        ,        ,        ,        ,      
bonvide01, 2003,     1, COL , NHL , R  ,  1.0,  0.0,   0.0,   0.0,   0.0, 0.0  ,  0.0,  0.0,  0.0,  0.0,  0.0, 0.0,   1.0,       ,      ,      ,        ,        ,        ,        ,        ,        ,        ,        ,      
boogade01, 2005,     1, MIN , NHL , L  , 65.0,  2.0,   4.0,   6.0, 158.0, 2.0  ,  0.0,  0.0,  0.0,  0.0,  1.0,    ,  15.0,       ,      ,      ,        ,        ,        ,        ,        ,        ,        ,        ,      
boogade01, 2006,     1, MIN , NHL , L  , 48.0,  0.0,   1.0,   1.0, 120.0, 0.0  ,  0.0,  0.0,  0.0,  0.0,  0.0,    ,  11.0,    4.0,   0.0,   1.0,     1.0,    20.0, 0.0    ,     0.0,     0.0,     0.0,     0.0,     0.0,     1.0
boogade01, 2007,     1, MIN , NHL , L  , 34.0,  0.0,   0.0,   0.0,  74.0, -5.0 ,  0.0,  0.0,  0.0,  0.0,  0.0,    ,   6.0,    6.0,   0.0,   0.0,     0.0,    24.0, -1.0   ,     0.0,     0.0,     0.0,     0.0,     0.0,     0.0
boogade01, 2008,     1, MIN , NHL , L  , 51.0,  0.0,   3.0,   3.0,  87.0, 3.0  ,  0.0,  0.0,  0.0,  0.0,  0.0,    ,  13.0,       ,      ,      ,        ,        ,        ,        ,        ,        ,        ,        ,      
boogade01, 2009,     1, MIN , NHL , L  , 57.0,  0.0,   4.0,   4.0, 105.0, -12.0,  0.0,  0.0,  0.0,  0.0,  0.0,    ,  26.0,       ,      ,      ,        ,        ,        ,        ,        ,        ,        ,        ,      
booji01  , 1977,     1, MNS , NHL , D  ,  6.0,  0.0,   0.0,   0.0,  22.0, -6.0 ,  0.0,     ,  0.0,     ,  0.0, 0.0,   2.0,       ,      ,      ,        ,        ,        ,        ,        ,        ,        ,        ,      
boonebu01, 1956,     1, BOS , NHL , R  ,     ,     ,      ,      ,      ,      ,     ,     ,     ,     ,     ,    ,      ,   10.0,   1.0,   0.0,     1.0,    12.0,        ,        ,        ,        ,        ,        ,      
boonebu01, 1957,     1, BOS , NHL , R  , 34.0,  5.0,   3.0,   8.0,  28.0,      ,     ,     ,     ,     ,     ,    ,      ,   12.0,   1.0,   1.0,     2.0,    13.0,        ,        ,        ,        ,        ,        ,      
boothda01, 2006,     1, FLO , NHL , L  , 48.0,  3.0,   7.0,  10.0,  12.0, 0.0  ,  0.0,  0.0,  0.0,  0.0,  1.0,    ,  86.0,       ,      ,      ,        ,        ,        ,        ,        ,        ,        ,        ,      
boothda01, 2007,     1, FLO , NHL , L  , 73.0, 22.0,  18.0,  40.0,  26.0, 13.0 ,  1.0,  1.0,  0.0,  0.0,  6.0,    , 228.0,       ,      ,      ,        ,        ,        ,        ,        ,        ,        ,        ,      
boothda01, 2008,     1, FLO , NHL , L  , 72.0, 31.0,  29.0,  60.0,  38.0, 10.0 , 11.0,  5.0,  0.0,  1.0,  5.0,    , 246.0,       ,      ,      ,        ,        ,        ,        ,        ,        ,        ,        ,      
boothda01, 2009,     1, FLO , NHL , L  , 28.0,  8.0,   8.0,  16.0,  23.0, -3.0 ,  0.0,  5.0,  0.0,  0.0,  1.0,    ,  95.0,       ,      ,      ,        ,        ,        ,        ,        ,        ,        ,        ,      
boothge01, 1942,     1, TOR , NHL , D  ,  9.0,  1.0,   1.0,   2.0,   4.0,      ,     ,     ,     ,     ,     ,    ,      ,       ,      ,      ,        ,        ,        ,        ,        ,        ,        ,        ,      
boothge01, 1943,     1, TOR , NHL , C  , 49.0, 16.0,  18.0,  34.0,  14.0,      ,     ,     ,     ,     ,     ,    ,      ,    5.0,   2.0,   1.0,     3.0,     2.0,        ,        ,        ,        ,        ,        ,      
bootlda01, 2003,     1, DET , NHL , R  , 22.0,  1.0,   1.0,   2.0,  74.0, -3.0 ,  0.0,  0.0,  0.0,  0.0,  1.0, 0.0,  13.0,       ,      ,      ,        ,        ,        ,        ,        ,        ,        ,        ,      
bootlda01, 2006,     1, DET , NHL , R  ,  6.0,  0.0,   0.0,   0.0,   9.0, 0.0  ,  0.0,  0.0,  0.0,  0.0,  0.0,    ,   4.0,       ,      ,      ,        ,        ,        ,        ,        ,        ,        ,        ,      
bootlda01, 2007,     1, NYI , NHL , R  ,  4.0,  0.0,   1.0,   1.0,   2.0, 0.0  ,  0.0,  0.0,  0.0,  0.0,  0.0,    ,   3.0,       ,      ,      ,        ,        ,        ,        ,        ,        ,        ,        ,      
bordech01, 1968,     1, MTL , NHL , C  , 13.0,  1.0,   3.0,   4.0,   4.0, 1.0  ,  0.0,     ,  0.0,     ,  0.0, 0.0,  14.0,    6.0,   1.0,   0.0,     1.0,     0.0,        ,     1.0,        ,     0.0,        ,     0.0,      
bordech01, 1969,     1, MTL , NHL , L  , 48.0,  2.0,  13.0,  15.0,  18.0, 2.0  ,  0.0,     ,  0.0,     ,  0.0, 0.0,  51.0,       ,      ,      ,        ,        ,        ,        ,        ,        ,        ,        ,      
bordech01, 1970,     1, STL , NHL , L  , 78.0, 21.0,  32.0,  53.0,  48.0, 14.0 ,  3.0,     ,  2.0,     ,  7.0, 3.0, 187.0,    5.0,   0.0,   1.0,     1.0,    17.0,        ,     0.0,        ,     0.0,        ,     0.0,      
bordech01, 1971,     1, STL , NHL , L  , 41.0,  8.0,   9.0,  17.0,   6.0, -13.0,  1.0,     ,  0.0,     ,  1.0, 0.0, 123.0,       ,      ,      ,        ,        ,        ,        ,        ,        ,        ,        ,      
bordech01, 1971,     2, CHI , NHL , L  , 25.0,  6.0,   8.0,  14.0,   6.0, 5.0  ,  1.0,     ,  0.0,     ,  1.0, 0.0,  35.0,    8.0,   3.0,   6.0,     9.0,     0.0,        ,     0.0,        ,     0.0,        ,     1.0,      
bordech01, 1972,     1, WIJ , WHA , L  , 78.0, 47.0,  54.0, 101.0,  12.0,      ,  6.0,     ,  3.0,     ,  7.0,    ,      ,   12.0,   5.0,   8.0,    13.0,     4.0,        ,     1.0,        ,     0.0,        ,     0.0,      
bordech01, 1973,     1, WIJ , WHA , C  , 75.0, 26.0,  49.0,  75.0,  22.0,      ,  5.0,     ,  1.0,     ,  4.0,    ,      ,    3.0,   3.0,   2.0,     5.0,     0.0,        ,        ,        ,        ,        ,     0.0,      
bordech01, 1974,     1, WIJ , WHA , C  , 18.0,  8.0,   8.0,  16.0,   0.0, -1.0 ,  0.0,     ,  2.0,     ,     ,    ,  52.0,       ,      ,      ,        ,        ,        ,        ,        ,        ,        ,        ,      
bordech01, 1974,     2, QUN , WHA , C  , 53.0, 15.0,  33.0,  48.0,  24.0, 2.0  ,  2.0,     ,  2.0,     ,     ,    , 187.0,   15.0,   2.0,  13.0,    15.0,     2.0,        ,        ,        ,        ,        ,     1.0,      
bordech01, 1975,     1, QUN , WHA , C  , 74.0, 37.0,  72.0, 109.0,  42.0, 16.0 , 11.0,     ,  1.0,     ,  7.0,    , 243.0,    5.0,   1.0,   1.0,     2.0,     4.0, -1.0   ,        ,        ,        ,        ,        ,      
bordech01, 1976,     1, QUN , WHA , C  , 72.0, 32.0,  75.0, 107.0,  34.0, 28.0 ,  6.0,     ,  0.0,     ,  1.0,    , 230.0,    8.0,   4.0,   5.0,     9.0,     0.0, 3.0    ,        ,        ,        ,        ,     0.0,      
bordech01, 1977,     1, QUN , WHA , C  , 26.0,  9.0,  22.0,  31.0,  28.0, 6.0  ,  3.0,     ,  0.0,     ,     ,    ,  72.0,   10.0,   1.0,   5.0,     6.0,     6.0, 0.0    ,        ,        ,        ,        ,     0.0,      
bordech01, 1978,     1, QUN , WHA , L  , 16.0,  5.0,  12.0,  17.0,   0.0, 6.0  ,  0.0,     ,  0.0,     ,     ,    ,  34.0,       ,      ,      ,        ,        ,        ,        ,        ,        ,        ,        ,      
bordejp01, 1969,     1, CHI , NHL , R  ,     ,     ,      ,      ,      ,      ,     ,     ,     ,     ,     ,    ,      ,    1.0,   0.0,   0.0,     0.0,     0.0,        ,     0.0,        ,     0.0,        ,     0.0,      
bordejp01, 1971,     1, CHI , NHL , R  ,  3.0,  0.0,   2.0,   2.0,   2.0, 1.0  ,  0.0,     ,  0.0,     ,  0.0, 0.0,   4.0,       ,      ,      ,        ,        ,        ,        ,        ,        ,        ,        ,      
bordejp01, 1972,     1, CHI , NHL , R  , 73.0, 15.0,  15.0,  30.0,   6.0, 7.0  ,  0.0,     ,  1.0,     ,  2.0, 0.0, 113.0,   14.0,   1.0,   0.0,     1.0,     4.0,        ,     1.0,        ,     0.0,        ,     0.0,      
bordejp01, 1973,     1, CHI , NHL , R  , 64.0, 11.0,   9.0,  20.0,  11.0, 11.0 ,  0.0,     ,  0.0,     ,  3.0, 0.0,  50.0,   11.0,   0.0,   2.0,     2.0,     2.0,        ,     0.0,        ,     0.0,        ,     0.0,      
bordejp01, 1974,     1, CHI , NHL , R  , 59.0,  7.0,   8.0,  15.0,   4.0, -5.0 ,  0.0,     ,  0.0,     ,  1.0, 0.0,  42.0,    7.0,   2.0,   2.0,     4.0,     2.0,        ,     0.0,        ,     0.0,        ,     0.0,      
bordejp01, 1975,     1, CHI , NHL , R  , 76.0, 12.0,  18.0,  30.0,   6.0, -9.0 ,  1.0,     ,  0.0,     ,  2.0, 2.0,  71.0,    4.0,   0.0,   0.0,     0.0,     0.0,        ,     0.0,        ,     0.0,        ,     0.0,      
bordejp01, 1976,     1, CHI , NHL , R  , 60.0, 15.0,  14.0,  29.0,  20.0, -14.0,  2.0,     ,  0.0,     ,  1.0, 1.0,  84.0,    2.0,   0.0,   0.0,     0.0,     2.0,        ,     0.0,        ,     0.0,        ,     0.0,      
bordejp01, 1977,     1, CHI , NHL , R  , 76.0, 15.0,  25.0,  40.0,  32.0, 9.0  ,  0.0,     ,  2.0,     ,  3.0, 0.0, 103.0,    4.0,   0.0,   1.0,     1.0,     0.0,        ,     0.0,        ,     0.0,        ,     0.0,      
bordejp01, 1978,     1, CHI , NHL , R  , 63.0, 15.0,  21.0,  36.0,  34.0, -7.0 ,  2.0,     ,  1.0,     ,  2.0, 2.0, 101.0,    4.0,   0.0,   1.0,     1.0,     2.0,        ,     0.0,        ,     0.0,        ,     0.0,      
bordejp01, 1979,     1, CHI , NHL , R  , 45.0,  7.0,  14.0,  21.0,  28.0, 3.0  ,  1.0,     ,  0.0,     ,  0.0, 0.0,  53.0,    1.0,   0.0,   0.0,     0.0,     0.0,        ,     0.0,        ,     0.0,        ,     0.0,      
bordepa01, 1973,     1, VAN , NHL , R  , 68.0, 11.0,  13.0,  24.0,  20.0, -16.0,  4.0,     ,  0.0,     ,  1.0, 1.0,  77.0,       ,      ,      ,        ,        ,        ,        ,        ,        ,        ,        ,      
bordepa01, 1974,     1, VAN , NHL , R  , 67.0, 17.0,  31.0,  48.0,  21.0, 9.0  ,  3.0,     ,  0.0,     ,  6.0, 0.0, 101.0,    5.0,   2.0,   1.0,     3.0,     0.0,        ,     1.0,        ,     0.0,        ,     0.0,      
bordepa01, 1975,     1, VAN , NHL , R  , 48.0,  5.0,  12.0,  17.0,   6.0, -1.0 ,  0.0,     ,  0.0,     ,  1.0, 0.0,  35.0,       ,      ,      ,        ,        ,        ,        ,        ,        ,        ,        ,      
bordepa01, 1976,     1, QUN , WHA , R  , 80.0, 42.0,  41.0,  83.0,  52.0, 7.0  ,  8.0,     ,  8.0,     ,  4.0,    , 210.0,   16.0,  12.0,   9.0,    21.0,    12.0, 12.0   ,        ,        ,        ,        ,     4.0,      
bordepa01, 1977,     1, QUN , WHA , R  , 77.0, 42.0,  23.0,  65.0,  29.0, -13.0,  7.0,     ,  2.0,     ,     ,    , 217.0,   11.0,   4.0,   6.0,    10.0,     2.0, 1.0    ,        ,        ,        ,        ,     0.0,      
bordepa01, 1978,     1, QUN , WHA , R  , 77.0, 17.0,  12.0,  29.0,  44.0, 1.0  ,  2.0,     ,  1.0,     ,     ,    , 128.0,    4.0,   1.0,   0.0,     1.0,     0.0, -7.0   ,        ,        ,        ,        ,     0.0,      
bordese01, 1995,     1, MTL , NHL , C  ,  4.0,  0.0,   0.0,   0.0,   0.0, -1.0 ,  0.0,  0.0,  0.0,  0.0,  0.0, 0.0,   0.0,       ,      ,      ,        ,        ,        ,        ,        ,        ,        ,        ,      
bordese01, 1996,     1, MTL , NHL , C  , 28.0,  2.0,   9.0,  11.0,   2.0, -3.0 ,  0.0,  0.0,  0.0,  2.0,  0.0, 0.0,  27.0,       ,      ,      ,        ,        ,        ,        ,        ,        ,        ,        ,      
bordese01, 1997,     1, MTL , NHL , C  , 53.0,  6.0,   8.0,  14.0,  36.0, 5.0  ,  2.0,  3.0,  1.0,  0.0,  0.0, 1.0,  55.0,    5.0,   0.0,   0.0,     0.0,     2.0, -1.0   ,     0.0,     0.0,     0.0,     0.0,     0.0,     1.0
bordese01, 1998,     1, NAS , NHL , C  , 72.0, 16.0,  24.0,  40.0,  26.0, -14.0,  1.0,  3.0,  2.0,  0.0,  3.0, 0.0, 168.0,       ,      ,      ,        ,        ,        ,        ,        ,        ,        ,        ,      
bordese01, 1999,     1, NAS , NHL , C  , 60.0, 10.0,  13.0,  23.0,  30.0, -12.0,  0.0,  0.0,  2.0,  1.0,  1.0, 1.0, 127.0,       ,      ,      ,        ,        ,        ,        ,        ,        ,        ,        ,      
bordese01, 2000,     1, NAS , NHL , C  , 14.0,  2.0,   3.0,   5.0,  14.0, -4.0 ,  0.0,  0.0,  0.0,  0.0,  0.0, 0.0,  20.0,       ,      ,      ,        ,        ,        ,        ,        ,        ,        ,        ,      
bordese01, 2001,     1, MIN , NHL , C  , 14.0,  1.0,   4.0,   5.0,   8.0, -1.0 ,  0.0,  2.0,  0.0,  0.0,  0.0, 0.0,  25.0,       ,      ,      ,        ,        ,        ,        ,        ,        ,        ,        ,      
bordese01, 2001,     2, PHO , NHL , C  ,  6.0,  0.0,   0.0,   0.0,   2.0, -1.0 ,  0.0,  0.0,  0.0,  0.0,  0.0, 0.0,   3.0,       ,      ,      ,        ,        ,        ,        ,        ,        ,        ,        ,      
borerca01, 2007,     1, CAR , NHL , D  , 11.0,  1.0,   2.0,   3.0,   4.0, -3.0 ,  0.0,  1.0,  0.0,  0.0,  0.0,    ,   5.0,       ,      ,      ,        ,        ,        ,        ,        ,        ,        ,        ,      
borerca01, 2008,     1, CAR , NHL , D  ,  3.0,  0.0,   0.0,   0.0,   5.0, 0.0  ,  0.0,  0.0,  0.0,  0.0,  0.0,    ,   0.0,       ,      ,      ,        ,        ,        ,        ,        ,        ,        ,        ,      
borerca01, 2009,     1, CAR , NHL , D  ,  2.0,  0.0,   0.0,   0.0,   0.0, -1.0 ,  0.0,  0.0,  0.0,  0.0,  0.0,    ,   0.0,       ,      ,      ,        ,        ,        ,        ,        ,        ,        ,        ,      
borgedo01, 1974,     1, PHR , WHA , R  , 74.0, 29.0,  28.0,  57.0,  38.0, 20.0 ,  3.0,     ,  2.0,     ,     ,    , 205.0,    5.0,   0.0,   1.0,     1.0,     2.0,        ,     0.0,        ,     0.0,        ,     0.0,      
borgedo01, 1975,     1, DOT , WHA , L  , 40.0, 21.0,  16.0,  37.0,  24.0, 7.0  ,  5.0,     ,  0.0,     ,  1.0,    , 119.0,       ,      ,      ,        ,        ,        ,        ,        ,        ,        ,        ,      
borgedo01, 1975,     2, NEW , WHA , L  , 31.0,  9.0,   8.0,  17.0,   4.0, -2.0 ,  1.0,     ,  0.0,     ,  1.0,    ,  62.0,    3.0,   1.0,   1.0,     2.0,     0.0, 2.0    ,        ,        ,        ,        ,        ,      
borotja01, 1974,     1, STL , NHL , C  ,  1.0,  0.0,   0.0,   0.0,   0.0, 0.0  ,  0.0,     ,  0.0,     ,  0.0, 0.0,   0.0,       ,      ,      ,        ,        ,        ,        ,        ,        ,        ,        ,      
borsalu01, 1990,     1, WIN , NHL , C  ,  1.0,  0.0,   1.0,   1.0,   2.0, 0.0  ,  0.0,  0.0,  0.0,  0.0,  0.0, 0.0,   1.0,       ,      ,      ,        ,        ,        ,        ,        ,        ,        ,        ,      
borsalu01, 1991,     1, WIN , NHL , R  , 56.0, 15.0,  21.0,  36.0,  45.0, -6.0 ,  5.0,  8.0,  0.0,  0.0,  1.0, 0.0,  81.0,    1.0,   0.0,   0.0,     0.0,     0.0, 0.0    ,     0.0,     0.0,     0.0,     0.0,     0.0,     1.0
borsalu01, 1992,     1, WIN , NHL , C  , 67.0, 15.0,  20.0,  35.0,  38.0, -1.0 ,  1.0,  0.0,  1.0,  1.0,  3.0, 0.0, 101.0,    6.0,   1.0,   0.0,     1.0,     4.0, -2.0   ,     0.0,     0.0,     1.0,     0.0,     0.0,     7.0
borsalu01, 1993,     1, WIN , NHL , R  , 75.0,  5.0,  13.0,  18.0,  28.0, -11.0,  1.0,  2.0,  1.0,  1.0,  2.0, 0.0,  65.0,       ,      ,      ,        ,        ,        ,        ,        ,        ,        ,        ,      
borsalu01, 1994,     1, WIN , NHL , C  ,  4.0,  0.0,   0.0,   0.0,   0.0, -1.0 ,  0.0,  0.0,  0.0,  0.0,  0.0, 0.0,   2.0,       ,      ,      ,        ,        ,        ,        ,        ,        ,        ,        ,      
borscni01, 1992,     1, TOR , NHL , R  , 78.0, 34.0,  40.0,  74.0,  28.0, 33.0 , 12.0, 18.0,  0.0,  0.0,  4.0, 2.0, 204.0,   16.0,   2.0,   7.0,     9.0,     0.0, 2.0    ,     0.0,     6.0,     0.0,     0.0,     1.0,    30.0
borscni01, 1993,     1, TOR , NHL , R  , 45.0, 14.0,  20.0,  34.0,  10.0, 6.0  ,  7.0, 11.0,  0.0,  0.0,  1.0, 0.0, 105.0,   15.0,   2.0,   2.0,     4.0,     4.0, -5.0   ,     1.0,     1.0,     0.0,     0.0,     0.0,    26.0
borscni01, 1994,     1, TOR , NHL , R  , 19.0,  0.0,   5.0,   5.0,   0.0, 3.0  ,  0.0,  0.0,  0.0,  0.0,  0.0, 0.0,  28.0,       ,      ,      ,        ,        ,        ,        ,        ,        ,        ,        ,      
borscni01, 1994,     2, CAL , NHL , R  ,  8.0,  0.0,   5.0,   5.0,   0.0, 7.0  ,  0.0,  1.0,  0.0,  0.0,  0.0, 0.0,  12.0,       ,      ,      ,        ,        ,        ,        ,        ,        ,        ,        ,      
borscni01, 1995,     1, DAL , NHL , R  , 12.0,  1.0,   3.0,   4.0,   6.0, -7.0 ,  0.0,  1.0,  0.0,  0.0,  1.0, 0.0,  22.0,       ,      ,      ,        ,        ,        ,        ,        ,        ,        ,        ,      
boschla01, 1979,     1, TOR , NHL , C  , 80.0, 16.0,  32.0,  48.0,  78.0, 2.0  ,  2.0,     ,  0.0,     ,  4.0, 0.0,  99.0,    3.0,   1.0,   1.0,     2.0,    18.0,        ,     1.0,        ,     0.0,        ,     0.0,      
boschla01, 1980,     1, TOR , NHL , C  , 53.0, 14.0,  19.0,  33.0, 178.0, -10.0,  3.0,     ,  0.0,     ,  4.0, 1.0,  70.0,    3.0,   0.0,   0.0,     0.0,     7.0,        ,     0.0,        ,     0.0,        ,     0.0,      
boschla01, 1981,     1, TOR , NHL , C  , 54.0,  9.0,  19.0,  28.0, 150.0, -3.0 ,  1.0,     ,  0.0,     ,  1.0, 1.0,  64.0,       ,      ,      ,        ,        ,        ,        ,        ,        ,        ,        ,      
boschla01, 1981,     2, EDM , NHL , C  , 11.0,  2.0,   3.0,   5.0,  37.0, 2.0  ,  0.0,     ,  0.0,     ,  0.0, 0.0,   4.0,    3.0,   0.0,   1.0,     1.0,     4.0,        ,     0.0,        ,     0.0,        ,     0.0,      
boschla01, 1982,     1, EDM , NHL , C  , 62.0,  8.0,  12.0,  20.0, 183.0, 3.0  ,  0.0,     ,  0.0,     ,  0.0, 1.0,  59.0,       ,      ,      ,        ,        ,        ,        ,        ,        ,        ,        ,      
boschla01, 1982,     2, WIN , NHL , C  , 12.0,  3.0,   5.0,   8.0,  33.0, 3.0  ,  1.0,     ,  0.0,     ,  0.0, 0.0,  25.0,    3.0,   0.0,   1.0,     1.0,    12.0,        ,     0.0,        ,     0.0,        ,     0.0,      
boschla01, 1983,     1, WIN , NHL , C  , 61.0, 28.0,  46.0,  74.0, 234.0, -4.0 ,  9.0,     ,  0.0,     ,  3.0, 2.0, 138.0,    3.0,   0.0,   1.0,     1.0,     5.0, -1.0   ,     0.0,        ,     0.0,        ,     0.0,     2.0
boschla01, 1984,     1, WIN , NHL , C  , 80.0, 32.0,  44.0,  76.0, 180.0, -8.0 ,  5.0,     ,  2.0,     ,  4.0, 0.0, 167.0,    8.0,   2.0,   1.0,     3.0,    21.0, -3.0   ,     0.0,        ,     1.0,        ,     0.0,    19.0
boschla01, 1985,     1, WIN , NHL , C  , 77.0, 27.0,  42.0,  69.0, 241.0, -29.0,  3.0,     ,  2.0,     ,  2.0, 0.0, 158.0,    3.0,   0.0,   1.0,     1.0,     6.0, -7.0   ,     0.0,        ,     0.0,        ,     0.0,     3.0
boschla01, 1986,     1, WIN , NHL , C  , 80.0, 17.0,  24.0,  41.0, 152.0, -17.0,  1.0,     ,  1.0,     ,  2.0, 0.0, 161.0,   10.0,   2.0,   3.0,     5.0,    32.0, -2.0   ,     1.0,        ,     0.0,        ,     0.0,    14.0
boschla01, 1987,     1, WIN , NHL , C  , 80.0, 25.0,  23.0,  48.0, 229.0, -24.0, 10.0, 10.0,  1.0,  0.0,  3.0, 0.0, 166.0,    5.0,   1.0,   3.0,     4.0,     9.0, 3.0    ,     0.0,     0.0,     0.0,     1.0,     0.0,    13.0
boschla01, 1988,     1, WIN , NHL , C  , 70.0, 10.0,  26.0,  36.0, 163.0, -17.0,  3.0,  2.0,  0.0,  1.0,  1.0, 0.0, 113.0,       ,      ,      ,        ,        ,        ,        ,        ,        ,        ,        ,      
boschla01, 1989,     1, WIN , NHL , C  , 66.0, 10.0,  17.0,  27.0, 103.0, -11.0,  3.0,  0.0,  1.0,  0.0,  1.0, 0.0,  87.0,    2.0,   0.0,   0.0,     0.0,     2.0, 0.0    ,     0.0,     0.0,     0.0,     0.0,     0.0,     0.0
boschla01, 1990,     1, NJD , NHL , C  , 78.0, 11.0,   9.0,  20.0,  79.0, -1.0 ,  0.0,  0.0,  1.0,  0.0,  1.0, 0.0,  91.0,    7.0,   1.0,   1.0,     2.0,    16.0, -1.0   ,     0.0,     0.0,     0.0,     0.0,     0.0,     8.0
boschla01, 1991,     1, NJD , NHL , C  , 75.0,  8.0,  20.0,  28.0, 121.0, 9.0  ,  0.0,  1.0,  0.0,  1.0,  2.0, 0.0,  89.0,    7.0,   1.0,   0.0,     1.0,     8.0, 1.0    ,     0.0,     0.0,     0.0,     0.0,     1.0,    10.0
boschla01, 1992,     1, OTT , NHL , C  , 70.0,  9.0,   7.0,  16.0, 101.0, -26.0,  0.0,  0.0,  1.0,  0.0,  1.0, 1.0,  84.0,       ,      ,      ,        ,        ,        ,        ,        ,        ,        ,        ,      
bossymi01, 1977,     1, NYI , NHL , R  , 73.0, 53.0,  38.0,  91.0,   6.0, 31.0 , 25.0,     ,  0.0,     ,  5.0, 2.0, 235.0,    7.0,   2.0,   2.0,     4.0,     2.0,        ,     0.0,        ,     0.0,        ,     1.0,      
bossymi01, 1978,     1, NYI , NHL , R  , 80.0, 69.0,  57.0, 126.0,  25.0, 63.0 , 27.0,     ,  0.0,     ,  9.0, 2.0, 279.0,   10.0,   6.0,   2.0,     8.0,     2.0,        ,     2.0,        ,     0.0,        ,     1.0,      
bossymi01, 1979,     1, NYI , NHL , R  , 75.0, 51.0,  41.0,  92.0,  12.0, 28.0 , 16.0,     ,  0.0,     ,  8.0, 2.0, 244.0,   16.0,  10.0,  13.0,    23.0,     8.0,        ,     6.0,        ,     0.0,        ,     1.0,      
bossymi01, 1980,     1, NYI , NHL , R  , 79.0, 68.0,  51.0, 119.0,  32.0, 37.0 , 28.0,     ,  2.0,     , 10.0, 2.0, 315.0,   18.0,  17.0,  18.0,    35.0,     4.0,        ,     9.0,        ,     0.0,        ,     3.0,      
bossymi01, 1981,     1, NYI , NHL , R  , 80.0, 64.0,  83.0, 147.0,  22.0, 69.0 , 17.0,     ,  0.0,     , 10.0, 0.0, 301.0,   19.0,  17.0,  10.0,    27.0,     0.0,        ,     6.0,        ,     0.0,        ,     3.0,      
bossymi01, 1982,     1, NYI , NHL , R  , 79.0, 60.0,  58.0, 118.0,  20.0, 27.0 , 19.0,     ,  0.0,     ,  8.0, 3.0, 272.0,   19.0,  17.0,   9.0,    26.0,    10.0,        ,     6.0,        ,     0.0,        ,     5.0,      
bossymi01, 1983,     1, NYI , NHL , R  , 67.0, 51.0,  67.0, 118.0,   8.0, 66.0 ,  6.0,     ,  0.0,     , 11.0, 1.0, 246.0,   21.0,   8.0,  10.0,    18.0,     4.0, 6.0    ,     2.0,        ,     0.0,        ,     3.0,    62.0
bossymi01, 1984,     1, NYI , NHL , R  , 76.0, 58.0,  59.0, 117.0,  38.0, 37.0 , 14.0,     ,  4.0,     ,  7.0, 0.0, 285.0,   10.0,   5.0,   6.0,    11.0,     4.0, 1.0    ,     2.0,        ,     0.0,        ,     0.0,    32.0
bossymi01, 1985,     1, NYI , NHL , R  , 80.0, 61.0,  62.0, 123.0,  14.0, 30.0 , 21.0,     ,  1.0,     ,  9.0, 2.0, 302.0,    3.0,   1.0,   2.0,     3.0,     4.0, -2.0   ,     0.0,        ,     0.0,        ,     0.0,    14.0
bossymi01, 1986,     1, NYI , NHL , R  , 63.0, 38.0,  37.0,  75.0,  33.0, -7.0 ,  8.0,     ,  1.0,     ,  5.0, 1.0, 226.0,    6.0,   2.0,   3.0,     5.0,     0.0, -2.0   ,     2.0,        ,     0.0,        ,     0.0,    10.0
bostrhe01, 1921,     1, EDE , WCHL, D  ,  1.0,  0.0,   0.0,   0.0,   0.0,      ,     ,     ,     ,     ,     ,    ,      ,    2.0,   0.0,   0.0,     0.0,     0.0,        ,        ,        ,        ,        ,        ,      
bostrhe01, 1922,     1, EDE , WCHL, D  , 22.0,  2.0,   1.0,   3.0,  20.0,      ,     ,     ,     ,     ,     ,    ,      ,    2.0,   0.0,   0.0,     0.0,     0.0,        ,        ,        ,        ,        ,        ,      
bostrhe01, 1923,     1, VAM , PCHA, D  , 30.0,  3.0,   0.0,   3.0,  26.0,      ,     ,     ,     ,     ,     ,    ,      ,    5.0,   1.0,   1.0,     2.0,     2.0,        ,        ,        ,        ,        ,        ,      
bostrhe01, 1924,     1, VMR , WCHL, D  , 27.0,  7.0,   4.0,  11.0,  18.0,      ,     ,     ,     ,     ,     ,    ,      ,       ,      ,      ,        ,        ,        ,        ,        ,        ,        ,        ,      
bostrhe01, 1925,     1, VMR , WCHL, D  , 30.0,  0.0,   1.0,   1.0,  28.0,      ,     ,     ,     ,     ,     ,    ,      ,       ,      ,      ,        ,        ,        ,        ,        ,        ,        ,        ,      
bostrhe01, 1929,     1, CHI , NHL , D  , 20.0,  0.0,   1.0,   1.0,   8.0,      ,     ,     ,     ,     ,     ,    ,      ,    2.0,   0.0,   0.0,     0.0,     0.0,        ,        ,        ,        ,        ,        ,      
bostrhe01, 1930,     1, CHI , NHL , D  , 42.0,  2.0,   2.0,   4.0,  32.0,      ,     ,     ,     ,     ,     ,    ,      ,    9.0,   0.0,   0.0,     0.0,    16.0,        ,        ,        ,        ,        ,        ,      
bostrhe01, 1931,     1, CHI , NHL , D  , 14.0,  0.0,   0.0,   0.0,   4.0,      ,     ,     ,     ,     ,     ,    ,      ,    2.0,   0.0,   0.0,     0.0,     0.0,        ,        ,        ,        ,        ,        ,      
bostrhe01, 1932,     1, CHI , NHL , D  , 20.0,  1.0,   0.0,   1.0,  14.0,      ,     ,     ,     ,     ,     ,    ,      ,       ,      ,      ,        ,        ,        ,        ,        ,        ,        ,        ,      
botelma01, 1981,     1, PHI , NHL , D  , 32.0,  4.0,  10.0,  14.0,  31.0, 8.0  ,  0.0,     ,  0.0,     ,  1.0, 0.0,  50.0,       ,      ,      ,        ,        ,        ,        ,        ,        ,        ,        ,      
bothwti01, 1978,     1, NYR , NHL , D  ,  1.0,  0.0,   0.0,   0.0,   2.0, -1.0 ,  0.0,     ,  0.0,     ,  0.0, 0.0,   2.0,       ,      ,      ,        ,        ,        ,        ,        ,        ,        ,        ,      
bothwti01, 1979,     1, NYR , NHL , D  , 45.0,  4.0,   6.0,  10.0,  20.0, -3.0 ,  0.0,     ,  0.0,     ,  2.0, 0.0,  37.0,    9.0,   0.0,   0.0,     0.0,     8.0,        ,     0.0,        ,     0.0,        ,     0.0,      
bothwti01, 1980,     1, NYR , NHL , D  ,  3.0,  0.0,   1.0,   1.0,   0.0, 0.0  ,  0.0,     ,  0.0,     ,  0.0, 0.0,   0.0,       ,      ,      ,        ,        ,        ,        ,        ,        ,        ,        ,      
bothwti01, 1981,     1, NYR , NHL , D  , 13.0,  0.0,   3.0,   3.0,  10.0, -5.0 ,  0.0,     ,  0.0,     ,  0.0, 0.0,   6.0,       ,      ,      ,        ,        ,        ,        ,        ,        ,        ,        ,      
bothwti01, 1982,     1, STL , NHL , D  , 61.0,  4.0,  11.0,  15.0,  34.0, -8.0 ,  0.0,     ,  1.0,     ,  1.0, 0.0,  62.0,       ,      ,      ,        ,        ,        ,        ,        ,        ,        ,        ,      
bothwti01, 1983,     1, STL , NHL , D  , 62.0,  2.0,  13.0,  15.0,  65.0, 22.0 ,  1.0,     ,  0.0,     ,  0.0, 0.0,  59.0,   11.0,   0.0,   2.0,     2.0,    14.0, 1.0    ,     0.0,        ,     0.0,        ,     0.0,    19.0
bothwti01, 1984,     1, STL , NHL , D  , 79.0,  4.0,  22.0,  26.0,  62.0, 27.0 ,  1.0,     ,  0.0,     ,  0.0, 0.0, 102.0,    3.0,   0.0,   0.0,     0.0,     2.0, -3.0   ,     0.0,        ,     0.0,        ,     0.0,     3.0
bothwti01, 1985,     1, HAR , NHL , D  , 62.0,  2.0,   8.0,  10.0,  53.0, 13.0 ,  0.0,     ,  0.0,     ,  0.0, 0.0,  50.0,   10.0,   0.0,   0.0,     0.0,     8.0, 2.0    ,     0.0,        ,     0.0,        ,     0.0,     2.0
bothwti01, 1986,     1, HAR , NHL , D  ,  4.0,  1.0,   0.0,   1.0,   0.0, -5.0 ,  0.0,     ,  0.0,     ,  0.0, 0.0,   3.0,       ,      ,      ,        ,        ,        ,        ,        ,        ,        ,        ,      
bothwti01, 1986,     2, STL , NHL , D  , 72.0,  5.0,  16.0,  21.0,  46.0, -14.0,  0.0,     ,  0.0,     ,  1.0, 0.0,  75.0,    6.0,   0.0,   0.0,     0.0,     6.0, -5.0   ,     0.0,        ,     0.0,        ,     0.0,     8.0
bothwti01, 1987,     1, STL , NHL , D  , 78.0,  6.0,  13.0,  19.0,  76.0, 6.0  ,  0.0,  0.0,  0.0,  0.0,  1.0, 0.0,  88.0,   10.0,   0.0,   1.0,     1.0,    18.0, -9.0   ,     0.0,     0.0,     0.0,     0.0,     0.0,     5.0
bothwti01, 1988,     1, STL , NHL , D  , 22.0,  0.0,   0.0,   0.0,  14.0, 4.0  ,  0.0,  0.0,  0.0,  0.0,  0.0, 0.0,  10.0,       ,      ,      ,        ,        ,        ,        ,        ,        ,        ,        ,      
botteja01, 1997,     1, DAL , NHL , L  ,  4.0,  0.0,   0.0,   0.0,  19.0, -1.0 ,  0.0,  0.0,  0.0,  0.0,  0.0, 0.0,   2.0,       ,      ,      ,        ,        ,        ,        ,        ,        ,        ,        ,      
botteja01, 1998,     1, DAL , NHL , L  , 17.0,  0.0,   0.0,   0.0,  23.0, -2.0 ,  0.0,  0.0,  0.0,  0.0,  0.0, 0.0,   8.0,       ,      ,      ,        ,        ,        ,        ,        ,        ,        ,        ,      
botteja01, 1999,     1, ATL , NHL , L  , 25.0,  1.0,   4.0,   5.0,  17.0, -7.0 ,  0.0,  0.0,  0.0,  0.0,  1.0, 0.0,  17.0,       ,      ,      ,        ,        ,        ,        ,        ,        ,        ,        ,      
botteja01, 1999,     2, CAL , NHL , L  ,  2.0,  0.0,   0.0,   0.0,   0.0, -4.0 ,  0.0,  0.0,  0.0,  0.0,  0.0, 0.0,   2.0,       ,      ,      ,        ,        ,        ,        ,        ,        ,        ,        ,      
botteja01, 2001,     1, CAL , NHL , L  ,  4.0,  1.0,   0.0,   1.0,   2.0, -3.0 ,  1.0,  0.0,  0.0,  0.0,  1.0, 0.0,   4.0,       ,      ,      ,        ,        ,        ,        ,        ,        ,        ,        ,      
botteja01, 2002,     1, BUF , NHL , L  , 17.0,  1.0,   4.0,   5.0,  14.0, 1.0  ,  1.0,  0.0,  0.0,  0.0,  0.0, 0.0,  20.0,       ,      ,      ,        ,        ,        ,        ,        ,        ,        ,        ,      
botteja01, 2003,     1, BUF , NHL , L  , 19.0,  2.0,   1.0,   3.0,  14.0, 0.0  ,  1.0,  1.0,  0.0,  0.0,  0.0, 0.0,  20.0,       ,      ,      ,        ,        ,        ,        ,        ,        ,        ,        ,      
bottica01, 1975,     1, ATF , NHL , R  ,  2.0,  0.0,   1.0,   1.0,   0.0, 1.0  ,  0.0,     ,  0.0,     ,  0.0, 0.0,   0.0,       ,      ,      ,        ,        ,        ,        ,        ,        ,        ,        ,      
bouchbi01, 1921,     1, MTL , NHL , R  , 24.0, 17.0,   5.0,  22.0,  18.0,      ,     ,     ,     ,     ,     ,    ,      ,       ,      ,      ,        ,        ,        ,        ,        ,        ,        ,        ,      
bouchbi01, 1922,     1, MTL , NHL , R  , 24.0, 24.0,   7.0,  31.0,  55.0,      ,     ,     ,     ,     ,     ,    ,      ,    2.0,   1.0,   0.0,     1.0,     2.0,        ,        ,        ,        ,        ,        ,      
bouchbi01, 1923,     1, MTL , NHL , R  , 23.0, 16.0,   6.0,  22.0,  48.0,      ,     ,     ,     ,     ,     ,    ,      ,    2.0,   1.0,   0.0,     1.0,     9.0,        ,        ,        ,        ,        ,        ,      
bouchbi01, 1924,     1, MTL , NHL , R  , 30.0, 17.0,  13.0,  30.0,  92.0,      ,     ,     ,     ,     ,     ,    ,      ,    2.0,   1.0,   0.0,     1.0,     4.0,        ,        ,        ,        ,        ,        ,      
bouchbi01, 1925,     1, MTL , NHL , R  , 34.0,  8.0,   5.0,  13.0, 112.0,      ,     ,     ,     ,     ,     ,    ,      ,       ,      ,      ,        ,        ,        ,        ,        ,        ,        ,        ,      
bouchbi01, 1926,     1, MTL , NHL , R  , 21.0,  1.0,   0.0,   1.0,  14.0,      ,     ,     ,     ,     ,     ,    ,      ,       ,      ,      ,        ,        ,        ,        ,        ,        ,        ,        ,      
bouchbi01, 1926,     2, BOS , NHL , R  , 14.0,  5.0,   0.0,   5.0,  12.0,      ,     ,     ,     ,     ,     ,    ,      ,    8.0,   0.0,   0.0,     0.0,     2.0,        ,        ,        ,        ,        ,        ,      
bouchbi01, 1927,     1, NYA , NHL , R  , 43.0,  5.0,   2.0,   7.0,  58.0,      ,     ,     ,     ,     ,     ,    ,      ,       ,      ,      ,        ,        ,        ,        ,        ,        ,        ,        ,      
bouchbo01, 1923,     1, MTL , NHL , F  , 11.0,  1.0,   0.0,   1.0,   0.0,      ,     ,     ,     ,     ,     ,    ,      ,    2.0,   0.0,   0.0,     0.0,     0.0,        ,        ,        ,        ,        ,        ,      
bouchbo01, 1924,     1, VMR , WCHL, R  , 20.0,  1.0,   0.0,   1.0,   2.0,      ,     ,     ,     ,     ,     ,    ,      ,       ,      ,      ,        ,        ,        ,        ,        ,        ,        ,        ,      
bouchbo01, 1925,     1, EDE , WCHL, C  , 29.0,  2.0,   1.0,   3.0,  16.0,      ,     ,     ,     ,     ,     ,    ,      ,       ,      ,      ,        ,        ,        ,        ,        ,        ,        ,        ,      
bouchbr01, 1999,     1, PHI , NHL , G  , 35.0,  0.0,   1.0,   1.0,   4.0, 0.0  ,  0.0,  1.0,  0.0,  0.0,  0.0, 0.0,   0.0,   18.0,   0.0,   0.0,     0.0,     0.0, 0.0    ,     0.0,     0.0,     0.0,     0.0,     0.0,     0.0
bouchbr01, 2000,     1, PHI , NHL , G  , 27.0,  0.0,   0.0,   0.0,   2.0, 0.0  ,  0.0,  0.0,  0.0,  0.0,  0.0, 0.0,   0.0,    1.0,   0.0,   0.0,     0.0,     0.0, 0.0    ,     0.0,     0.0,     0.0,     0.0,     0.0,     0.0
bouchbr01, 2001,     1, PHI , NHL , G  , 41.0,  0.0,   0.0,   0.0,   4.0, 0.0  ,  0.0,  0.0,  0.0,  0.0,  0.0, 0.0,   0.0,    2.0,   0.0,   0.0,     0.0,     0.0, 0.0    ,     0.0,     0.0,     0.0,     0.0,     0.0,     0.0
bouchbr01, 2002,     1, PHO , NHL , G  , 45.0,  0.0,   1.0,   1.0,   0.0, 0.0  ,  0.0,  0.0,  0.0,  0.0,  0.0, 0.0,   0.0,       ,      ,      ,        ,        ,        ,        ,        ,        ,        ,        ,      
bouchbr01, 2003,     1, PHO , NHL , G  , 40.0,  0.0,   0.0,   0.0,   2.0, 0.0  ,  0.0,  0.0,  0.0,  0.0,  0.0, 0.0,   0.0,       ,      ,      ,        ,        ,        ,        ,        ,        ,        ,        ,      
bouchbr01, 2005,     1, PHO , NHL , G  , 11.0,  0.0,   0.0,   0.0,   2.0, 0.0  ,  0.0,  0.0,  0.0,  0.0,  0.0,    ,   0.0,       ,      ,      ,        ,        ,        ,        ,        ,        ,        ,        ,      
bouchbr01, 2005,     2, CAL , NHL , G  ,  3.0,  0.0,   0.0,   0.0,   0.0, 0.0  ,  0.0,  0.0,  0.0,  0.0,  0.0,    ,   0.0,       ,      ,      ,        ,        ,        ,        ,        ,        ,        ,        ,      
bouchbr01, 2006,     1, CHI , NHL , G  , 15.0,  0.0,   0.0,   0.0,   0.0, 0.0  ,  0.0,  0.0,  0.0,  0.0,  0.0,    ,   0.0,       ,      ,      ,        ,        ,        ,        ,        ,        ,        ,        ,      
bouchbr01, 2006,     2, CBS , NHL , G  ,  3.0,  0.0,   0.0,   0.0,   0.0, 0.0  ,  0.0,  0.0,  0.0,  0.0,  0.0,    ,   0.0,       ,      ,      ,        ,        ,        ,        ,        ,        ,        ,        ,      
bouchbr01, 2007,     1, SJS , NHL , G  ,  5.0,  0.0,   0.0,   0.0,   0.0, 0.0  ,  0.0,  0.0,  0.0,  0.0,  0.0,    ,   0.0,    1.0,   0.0,   0.0,     0.0,     0.0, 0.0    ,     0.0,     0.0,     0.0,     0.0,     0.0,     0.0
bouchbr01, 2008,     1, SJS , NHL , G  , 22.0,  0.0,   0.0,   0.0,   2.0, 0.0  ,  0.0,  0.0,  0.0,  0.0,  0.0,    ,   0.0,       ,      ,      ,        ,        ,        ,        ,        ,        ,        ,        ,      
bouchbr01, 2009,     1, PHI , NHL , G  , 33.0,  0.0,   1.0,   1.0,   2.0, 0.0  ,  0.0,  0.0,  0.0,  0.0,  0.0,    ,   0.0,   12.0,   0.0,   0.0,     0.0,     2.0, 0.0    ,     0.0,     0.0,     0.0,     0.0,     0.0,     0.0
bouchbu01, 1941,     1, MTL , NHL , D  , 44.0,  0.0,   6.0,   6.0,  38.0,      ,     ,     ,     ,     ,     ,    ,      ,    3.0,   1.0,   1.0,     2.0,     0.0,        ,        ,        ,        ,        ,        ,      
bouchbu01, 1942,     1, MTL , NHL , D  , 45.0,  2.0,  16.0,  18.0,  47.0,      ,     ,     ,     ,     ,     ,    ,      ,    5.0,   0.0,   1.0,     1.0,     4.0,        ,        ,        ,        ,        ,        ,      
bouchbu01, 1943,     1, MTL , NHL , D  , 39.0,  5.0,  14.0,  19.0,  52.0,      ,     ,     ,     ,     ,     ,    ,      ,    9.0,   1.0,   3.0,     4.0,     4.0,        ,        ,        ,        ,        ,        ,      
bouchbu01, 1944,     1, MTL , NHL , D  , 50.0, 11.0,  23.0,  34.0,  34.0,      ,     ,     ,     ,     ,     ,    ,      ,    6.0,   3.0,   4.0,     7.0,     4.0,        ,        ,        ,        ,        ,        ,      
bouchbu01, 1945,     1, MTL , NHL , D  , 45.0,  7.0,  10.0,  17.0,  52.0,      ,     ,     ,     ,     ,     ,    ,      ,    9.0,   2.0,   1.0,     3.0,    17.0,        ,        ,        ,        ,        ,        ,      
bouchbu01, 1946,     1, MTL , NHL , D  , 60.0,  5.0,   7.0,  12.0,  60.0,      ,     ,     ,     ,     ,     ,    ,      ,   11.0,   0.0,   3.0,     3.0,    21.0,        ,        ,        ,        ,        ,        ,      
bouchbu01, 1947,     1, MTL , NHL , D  , 60.0,  4.0,   6.0,  10.0,  78.0,      ,     ,     ,     ,     ,     ,    ,      ,       ,      ,      ,        ,        ,        ,        ,        ,        ,        ,        ,      
bouchbu01, 1948,     1, MTL , NHL , D  , 27.0,  3.0,   3.0,   6.0,  42.0,      ,     ,     ,     ,     ,     ,    ,      ,    7.0,   0.0,   0.0,     0.0,     6.0,        ,        ,        ,        ,        ,        ,      
bouchbu01, 1949,     1, MTL , NHL , D  , 69.0,  1.0,   7.0,   8.0,  88.0,      ,     ,     ,     ,     ,     ,    ,      ,    5.0,   0.0,   2.0,     2.0,     2.0,        ,        ,        ,        ,        ,        ,      
bouchbu01, 1950,     1, MTL , NHL , D  , 52.0,  3.0,  10.0,  13.0,  80.0,      ,     ,     ,     ,     ,     ,    ,      ,   11.0,   1.0,   1.0,     2.0,     2.0,        ,        ,        ,        ,        ,        ,      
bouchbu01, 1951,     1, MTL , NHL , D  , 60.0,  3.0,   9.0,  12.0,  45.0,      ,     ,     ,     ,     ,     ,    ,      ,   11.0,   0.0,   2.0,     2.0,    14.0,        ,        ,        ,        ,        ,        ,      
bouchbu01, 1952,     1, MTL , NHL , D  , 58.0,  2.0,   8.0,  10.0,  55.0,      ,     ,     ,     ,     ,     ,    ,      ,   12.0,   1.0,   1.0,     2.0,     6.0,        ,        ,        ,        ,        ,        ,      
bouchbu01, 1953,     1, MTL , NHL , D  , 70.0,  1.0,  10.0,  11.0,  89.0,      ,     ,     ,     ,     ,     ,    ,      ,   11.0,   2.0,   1.0,     3.0,     4.0,        ,        ,        ,        ,        ,        ,      
bouchbu01, 1954,     1, MTL , NHL , D  , 70.0,  2.0,  15.0,  17.0,  81.0,      ,     ,     ,     ,     ,     ,    ,      ,   12.0,   0.0,   1.0,     1.0,    37.0,        ,        ,        ,        ,        ,        ,      
bouchbu01, 1955,     1, MTL , NHL , D  , 36.0,  0.0,   0.0,   0.0,  22.0,      ,     ,     ,     ,     ,     ,    ,      ,    1.0,   0.0,   0.0,     0.0,     0.0,        ,        ,        ,        ,        ,        ,      
bouchcl01, 1926,     1, NYA , NHL , D  , 11.0,  0.0,   1.0,   1.0,   4.0,      ,     ,     ,     ,     ,     ,    ,      ,       ,      ,      ,        ,        ,        ,        ,        ,        ,        ,        ,      
bouchcl01, 1927,     1, NYA , NHL , D  , 36.0,  2.0,   1.0,   3.0, 129.0,      ,     ,     ,     ,     ,     ,    ,      ,       ,      ,      ,        ,        ,        ,        ,        ,        ,        ,        ,      
bouchda01, 1972,     1, ATF , NHL , G  , 34.0,  0.0,   1.0,   1.0,  12.0, 0.0  ,  0.0,     ,  0.0,     ,  0.0, 0.0,   0.0,       ,      ,      ,        ,        ,        ,        ,        ,        ,        ,        ,      
bouchda01, 1973,     1, ATF , NHL , G  , 46.0,  0.0,   0.0,   0.0,  10.0, 0.0  ,  0.0,     ,  0.0,     ,  0.0, 0.0,   0.0,    1.0,   0.0,   0.0,     0.0,    10.0,        ,     0.0,        ,     0.0,        ,     0.0,      
bouchda01, 1974,     1, ATF , NHL , G  , 40.0,  0.0,   2.0,   2.0,  42.0, 0.0  ,  0.0,     ,  0.0,     ,  0.0, 0.0,   0.0,       ,      ,      ,        ,        ,        ,        ,        ,        ,        ,        ,      
bouchda01, 1975,     1, ATF , NHL , G  , 47.0,  0.0,   1.0,   1.0,  10.0, 0.0  ,  0.0,     ,  0.0,     ,  0.0, 0.0,   0.0,    2.0,   0.0,   0.0,     0.0,     0.0,        ,     0.0,        ,     0.0,        ,     0.0,      
bouchda01, 1976,     1, ATF , NHL , G  , 42.0,  0.0,   1.0,   1.0,   9.0, 0.0  ,  0.0,     ,  0.0,     ,  0.0, 0.0,   0.0,    1.0,   0.0,   0.0,     0.0,     0.0,        ,     0.0,        ,     0.0,        ,     0.0,      
bouchda01, 1977,     1, ATF , NHL , G  , 58.0,  0.0,   3.0,   3.0,   6.0, 0.0  ,  0.0,     ,  0.0,     ,  0.0, 0.0,   0.0,    2.0,   0.0,   0.0,     0.0,     0.0,        ,     0.0,        ,     0.0,        ,     0.0,      
bouchda01, 1978,     1, ATF , NHL , G  , 64.0,  0.0,   3.0,   3.0,  17.0, 0.0  ,  0.0,     ,  0.0,     ,  0.0, 0.0,   0.0,    2.0,   0.0,   0.0,     0.0,     4.0,        ,     0.0,        ,     0.0,        ,     0.0,      
bouchda01, 1979,     1, ATF , NHL , G  , 53.0,  0.0,   1.0,   1.0,  34.0, 0.0  ,  0.0,     ,  0.0,     ,  0.0, 0.0,   0.0,    4.0,   0.0,   0.0,     0.0,     2.0,        ,     0.0,        ,     0.0,        ,     0.0,      
bouchda01, 1980,     1, CAL , NHL , G  , 14.0,  0.0,   4.0,   4.0,   6.0, 0.0  ,  0.0,     ,  0.0,     ,  0.0, 0.0,   0.0,       ,      ,      ,        ,        ,        ,        ,        ,        ,        ,        ,      
bouchda01, 1980,     2, QUE , NHL , G  , 29.0,  0.0,   0.0,   0.0,   4.0, 0.0  ,  0.0,     ,  0.0,     ,  0.0, 0.0,   0.0,    5.0,   0.0,   0.0,     0.0,    14.0,        ,     0.0,        ,     0.0,        ,     0.0,      
bouchda01, 1981,     1, QUE , NHL , G  , 60.0,  0.0,   3.0,   3.0,  36.0, 0.0  ,  0.0,     ,  0.0,     ,  0.0, 0.0,   0.0,   11.0,   0.0,   0.0,     0.0,     4.0,        ,     0.0,        ,     0.0,        ,     0.0,      
bouchda01, 1982,     1, QUE , NHL , G  , 50.0,  0.0,   4.0,   4.0,   8.0, 0.0  ,  0.0,     ,  0.0,     ,  0.0, 0.0,   0.0,    4.0,   0.0,   1.0,     1.0,    14.0,        ,     0.0,        ,     0.0,        ,     0.0,      
bouchda01, 1983,     1, QUE , NHL , G  , 57.0,  0.0,   3.0,   3.0,  19.0, 0.0  ,  0.0,     ,  0.0,     ,  0.0, 0.0,   0.0,    9.0,   0.0,   0.0,     0.0,     2.0, 0.0    ,     0.0,        ,     0.0,        ,     0.0,     0.0
bouchda01, 1984,     1, QUE , NHL , G  , 29.0,  0.0,   2.0,   2.0,   2.0, 0.0  ,  0.0,     ,  0.0,     ,  0.0, 0.0,   0.0,    1.0,   0.0,   0.0,     0.0,     4.0, 0.0    ,     0.0,        ,     0.0,        ,     0.0,     0.0
bouchda01, 1985,     1, WIN , NHL , G  , 32.0,  0.0,   1.0,   1.0,  38.0, 0.0  ,  0.0,     ,  0.0,     ,  0.0, 0.0,   0.0,    1.0,   0.0,   0.0,     0.0,     2.0, 0.0    ,     0.0,        ,     0.0,        ,     0.0,     0.0
bouchdi01, 1954,     1, NYR , NHL , R  ,  1.0,  0.0,   0.0,   0.0,   0.0,      ,     ,     ,     ,     ,     ,    ,      ,       ,      ,      ,        ,        ,        ,        ,        ,        ,        ,        ,      
bouched01, 1921,     1, MTL , NHL , F  , 18.0,  1.0,   5.0,   6.0,   4.0,      ,     ,     ,     ,     ,     ,    ,      ,       ,      ,      ,        ,        ,        ,        ,        ,        ,        ,        ,      
bouched01, 1922,     1, MTL , NHL , F  ,  2.0,  0.0,   0.0,   0.0,   4.0,      ,     ,     ,     ,     ,     ,    ,      ,       ,      ,      ,        ,        ,        ,        ,        ,        ,        ,        ,      
bouched01, 1922,     2, HAM , NHL , F  , 22.0,  5.0,  12.0,  17.0,  40.0,      ,     ,     ,     ,     ,     ,    ,      ,       ,      ,      ,        ,        ,        ,        ,        ,        ,        ,        ,      
bouched01, 1923,     1, HAM , NHL , F  , 20.0,  5.0,   0.0,   5.0,   2.0,      ,     ,     ,     ,     ,     ,    ,      ,       ,      ,      ,        ,        ,        ,        ,        ,        ,        ,        ,      
bouched01, 1924,     1, HAM , NHL , F  , 24.0,  2.0,   2.0,   4.0,  14.0,      ,     ,     ,     ,     ,     ,    ,      ,       ,      ,      ,        ,        ,        ,        ,        ,        ,        ,        ,      
bouched01, 1925,     1, NYA , NHL , L  , 30.0,  3.0,   1.0,   4.0,  10.0,      ,     ,     ,     ,     ,     ,    ,      ,       ,      ,      ,        ,        ,        ,        ,        ,        ,        ,        ,      
bouched01, 1926,     1, NYA , NHL , L  , 38.0,  2.0,   1.0,   3.0,  12.0,      ,     ,     ,     ,     ,     ,    ,      ,       ,      ,      ,        ,        ,        ,        ,        ,        ,        ,        ,      
bouched01, 1927,     1, NYA , NHL , L  , 39.0,  1.0,   0.0,   1.0,  27.0,      ,     ,     ,     ,     ,     ,    ,      ,       ,      ,      ,        ,        ,        ,        ,        ,        ,        ,        ,      
bouched01, 1928,     1, NYA , NHL , L  ,  6.0,  0.0,   0.0,   0.0,   2.0,      ,     ,     ,     ,     ,     ,    ,      ,       ,      ,      ,        ,        ,        ,        ,        ,        ,        ,        ,      
bouched01, 1928,     2, PIP , NHL , L  , 12.0,  0.0,   0.0,   0.0,   2.0,      ,     ,     ,     ,     ,     ,    ,      ,       ,      ,      ,        ,        ,        ,        ,        ,        ,        ,        ,      
bouchfr01, 1921,     1, OTS , NHL , C  , 24.0,  8.0,   2.0,  10.0,   4.0,      ,     ,     ,     ,     ,     ,    ,      ,    1.0,   0.0,   0.0,     0.0,     0.0,        ,        ,        ,        ,        ,        ,      
bouchfr01, 1922,     1, VAM , PCHA, C  , 29.0, 11.0,   9.0,  20.0,   2.0,      ,     ,     ,     ,     ,     ,    ,      ,    2.0,   1.0,   0.0,     1.0,     2.0,        ,        ,        ,        ,        ,        ,      
bouchfr01, 1923,     1, VAM , PCHA, C  , 28.0, 15.0,   5.0,  20.0,  10.0,      ,     ,     ,     ,     ,     ,    ,      ,    5.0,   2.0,   0.0,     2.0,     0.0,        ,        ,        ,        ,        ,        ,      
bouchfr01, 1924,     1, VMR , WCHL, C/R, 27.0, 16.0,  12.0,  28.0,   6.0,      ,     ,     ,     ,     ,     ,    ,      ,       ,      ,      ,        ,        ,        ,        ,        ,        ,        ,        ,      
bouchfr01, 1925,     1, VMR , WCHL, C/R, 29.0, 15.0,   7.0,  22.0,  14.0,      ,     ,     ,     ,     ,     ,    ,      ,       ,      ,      ,        ,        ,        ,        ,        ,        ,        ,        ,      
bouchfr01, 1926,     1, NYR , NHL , C  , 44.0, 13.0,  15.0,  28.0,  17.0,      ,     ,     ,     ,     ,     ,    ,      ,    2.0,   0.0,   0.0,     0.0,     4.0,        ,        ,        ,        ,        ,        ,      
bouchfr01, 1927,     1, NYR , NHL , C  , 44.0, 23.0,  12.0,  35.0,  15.0,      ,     ,     ,     ,     ,     ,    ,      ,    9.0,   7.0,   3.0,    10.0,     2.0,        ,        ,        ,        ,        ,        ,      
bouchfr01, 1928,     1, NYR , NHL , C  , 44.0, 10.0,  16.0,  26.0,   8.0,      ,     ,     ,     ,     ,     ,    ,      ,    6.0,   1.0,   0.0,     1.0,     0.0,        ,        ,        ,        ,        ,        ,      
bouchfr01, 1929,     1, NYR , NHL , C  , 42.0, 26.0,  36.0,  62.0,  16.0,      ,     ,     ,     ,     ,     ,    ,      ,    3.0,   1.0,   1.0,     2.0,     0.0,        ,        ,        ,        ,        ,        ,      
bouchfr01, 1930,     1, NYR , NHL , C  , 44.0, 12.0,  27.0,  39.0,  20.0,      ,     ,     ,     ,     ,     ,    ,      ,    4.0,   0.0,   2.0,     2.0,     0.0,        ,        ,        ,        ,        ,        ,      
bouchfr01, 1931,     1, NYR , NHL , C  , 48.0, 12.0,  23.0,  35.0,  18.0,      ,     ,     ,     ,     ,     ,    ,      ,    7.0,   3.0,   6.0,     9.0,     0.0,        ,        ,        ,        ,        ,        ,      
bouchfr01, 1932,     1, NYR , NHL , C  , 46.0,  7.0,  28.0,  35.0,   4.0,      ,     ,     ,     ,     ,     ,    ,      ,    8.0,   2.0,   2.0,     4.0,     6.0,        ,        ,        ,        ,        ,        ,      
bouchfr01, 1933,     1, NYR , NHL , C  , 48.0, 14.0,  30.0,  44.0,   4.0,      ,     ,     ,     ,     ,     ,    ,      ,    2.0,   0.0,   0.0,     0.0,     0.0,        ,        ,        ,        ,        ,        ,      
bouchfr01, 1934,     1, NYR , NHL , C  , 48.0, 13.0,  32.0,  45.0,   2.0,      ,     ,     ,     ,     ,     ,    ,      ,    4.0,   0.0,   3.0,     3.0,     0.0,        ,        ,        ,        ,        ,        ,      
bouchfr01, 1935,     1, NYR , NHL , C  , 48.0, 11.0,  18.0,  29.0,   2.0,      ,     ,     ,     ,     ,     ,    ,      ,       ,      ,      ,        ,        ,        ,        ,        ,        ,        ,        ,      
bouchfr01, 1936,     1, NYR , NHL , C  , 44.0,  7.0,  13.0,  20.0,   5.0,      ,     ,     ,     ,     ,     ,    ,      ,    9.0,   2.0,   3.0,     5.0,     0.0,        ,        ,        ,        ,        ,        ,      
bouchfr01, 1937,     1, NYR , NHL , C  , 18.0,  0.0,   1.0,   1.0,   2.0,      ,     ,     ,     ,     ,     ,    ,      ,       ,      ,      ,        ,        ,        ,        ,        ,        ,        ,        ,      
bouchfr01, 1943,     1, NYR , NHL , C  , 15.0,  4.0,  10.0,  14.0,   2.0,      ,     ,     ,     ,     ,     ,    ,      ,       ,      ,      ,        ,        ,        ,        ,        ,        ,        ,        ,      
bouchge01, 1915,     1, OT1 , NHA ,    , 19.0,  9.0,   1.0,  10.0,  62.0,      ,     ,     ,     ,     ,     ,    ,      ,       ,      ,      ,        ,        ,        ,        ,        ,        ,        ,        ,      
bouchge01, 1916,     1, OT1 , NHA ,    , 18.0, 10.0,   3.0,  13.0,  27.0,      ,     ,     ,     ,     ,     ,    ,      ,    2.0,   1.0,      ,        ,        ,        ,        ,        ,        ,        ,        ,      
bouchge01, 1917,     1, OTS , NHL , F  , 21.0,  9.0,   8.0,  17.0,  46.0,      ,     ,     ,     ,     ,  1.0,    ,      ,       ,      ,      ,        ,        ,        ,        ,        ,        ,        ,        ,      
bouchge01, 1918,     1, OTS , NHL , D  , 17.0,  3.0,   2.0,   5.0,  29.0,      ,     ,     ,     ,     ,     ,    ,      ,    5.0,   2.0,   0.0,     2.0,     9.0,        ,        ,        ,        ,        ,        ,      
bouchge01, 1919,     1, OTS , NHL , D  , 22.0, 10.0,   8.0,  18.0,  55.0,      ,     ,     ,     ,     ,     ,    ,      ,       ,      ,      ,        ,        ,        ,        ,        ,        ,        ,        ,      
bouchge01, 1920,     1, OTS , NHL , D  , 23.0, 11.0,   8.0,  19.0,  53.0,      ,     ,     ,     ,     ,     ,    ,      ,    2.0,   3.0,   0.0,     3.0,    10.0,        ,        ,        ,        ,        ,        ,      
bouchge01, 1921,     1, OTS , NHL , D  , 23.0, 13.0,  12.0,  25.0,  12.0,      ,     ,     ,     ,     ,     ,    ,      ,    2.0,   0.0,   0.0,     0.0,     4.0,        ,        ,        ,        ,        ,        ,      
bouchge01, 1922,     1, OTS , NHL , D  , 24.0, 14.0,   9.0,  23.0,  58.0,      ,     ,     ,     ,     ,     ,    ,      ,    2.0,   0.0,   1.0,     1.0,     2.0,        ,        ,        ,        ,        ,        ,      
bouchge01, 1923,     1, OTS , NHL , D  , 21.0, 13.0,  10.0,  23.0,  38.0,      ,     ,     ,     ,     ,     ,    ,      ,    2.0,   0.0,   1.0,     1.0,     4.0,        ,        ,        ,        ,        ,        ,      
bouchge01, 1924,     1, OTS , NHL , D  , 28.0, 15.0,   5.0,  20.0,  95.0,      ,     ,     ,     ,     ,     ,    ,      ,       ,      ,      ,        ,        ,        ,        ,        ,        ,        ,        ,      
bouchge01, 1925,     1, OTS , NHL , D  , 36.0,  8.0,   4.0,  12.0,  64.0,      ,     ,     ,     ,     ,     ,    ,      ,    2.0,   0.0,   0.0,     0.0,    10.0,        ,        ,        ,        ,        ,        ,      
bouchge01, 1926,     1, OTS , NHL , D  , 40.0,  8.0,   3.0,  11.0, 115.0,      ,     ,     ,     ,     ,     ,    ,      ,    6.0,   0.0,   0.0,     0.0,    43.0,        ,        ,        ,        ,        ,        ,      
bouchge01, 1927,     1, OTS , NHL , D  , 43.0,  7.0,   5.0,  12.0,  78.0,      ,     ,     ,     ,     ,     ,    ,      ,    2.0,   0.0,   0.0,     0.0,     4.0,        ,        ,        ,        ,        ,        ,      
bouchge01, 1928,     1, OTS , NHL , D  , 29.0,  3.0,   1.0,   4.0,  60.0,      ,     ,     ,     ,     ,     ,    ,      ,       ,      ,      ,        ,        ,        ,        ,        ,        ,        ,        ,      
bouchge01, 1928,     2, MTM , NHL , D  , 12.0,  1.0,   1.0,   2.0,  10.0,      ,     ,     ,     ,     ,     ,    ,      ,       ,      ,      ,        ,        ,        ,        ,        ,        ,        ,        ,      
bouchge01, 1929,     1, MTM , NHL , D  , 37.0,  2.0,   6.0,   8.0,  50.0,      ,     ,     ,     ,     ,     ,    ,      ,    3.0,   0.0,   0.0,     0.0,     2.0,        ,        ,        ,        ,        ,        ,      
bouchge01, 1930,     1, MTM , NHL , D  , 30.0,  0.0,   0.0,   0.0,  25.0,      ,     ,     ,     ,     ,     ,    ,      ,       ,      ,      ,        ,        ,        ,        ,        ,        ,        ,        ,      
bouchge01, 1931,     1, CHI , NHL , D  , 43.0,  1.0,   5.0,   6.0,  50.0,      ,     ,     ,     ,     ,     ,    ,      ,    2.0,   0.0,   1.0,     1.0,     0.0,        ,        ,        ,        ,        ,        ,      
bouchhe01, 1971,     1, DET , NHL , C  , 16.0,  1.0,   0.0,   1.0,   2.0, -3.0 ,  0.0,     ,  0.0,     ,  0.0, 0.0,  11.0,       ,      ,      ,        ,        ,        ,        ,        ,        ,        ,        ,      
bouchhe01, 1972,     1, DET , NHL , C  , 73.0, 14.0,  14.0,  28.0,  82.0, -2.0 ,  0.0,     ,  1.0,     ,  0.0, 1.0, 136.0,       ,      ,      ,        ,        ,        ,        ,        ,        ,        ,        ,      
bouchhe01, 1973,     1, DET , NHL , C  , 70.0, 19.0,  12.0,  31.0,  32.0, -22.0,  2.0,     ,  3.0,     ,  5.0, 0.0, 132.0,       ,      ,      ,        ,        ,        ,        ,        ,        ,        ,        ,      
bouchhe01, 1974,     1, MNS , NHL , C  , 51.0, 15.0,  14.0,  29.0,  23.0, -12.0,  1.0,     ,  0.0,     ,  1.0, 1.0, 129.0,       ,      ,      ,        ,        ,        ,        ,        ,        ,        ,        ,      
bouchhe01, 1975,     1, MFS , WHA , C  , 36.0, 15.0,  20.0,  35.0,  47.0, 3.0  ,     ,     ,     ,     ,     ,    ,  85.0,       ,      ,      ,        ,        ,        ,        ,        ,        ,        ,        ,      
bouchhe01, 1975,     2, KCS , NHL , C  , 28.0,  4.0,   7.0,  11.0,  14.0, -13.0,  2.0,     ,  0.0,     ,  0.0, 0.0,  42.0,       ,      ,      ,        ,        ,        ,        ,        ,        ,        ,        ,      
bouchhe01, 1976,     1, COR , NHL , C  ,  9.0,  0.0,   2.0,   2.0,   4.0, 0.0  ,  0.0,     ,  0.0,     ,  0.0, 0.0,  10.0,       ,      ,      ,        ,        ,        ,        ,        ,        ,        ,        ,      
bouchjo01, 1994,     1, CAL , NHL , D  ,  2.0,  0.0,   0.0,   0.0,   0.0, 0.0  ,  0.0,  0.0,  0.0,  0.0,  0.0, 0.0,   0.0,       ,      ,      ,        ,        ,        ,        ,        ,        ,        ,        ,      
bouchjo01, 1995,     1, CAL , NHL , D  ,  4.0,  0.0,   0.0,   0.0,   4.0, 0.0  ,  0.0,  0.0,  0.0,  0.0,  0.0, 0.0,   0.0,       ,      ,      ,        ,        ,        ,        ,        ,        ,        ,        ,      
bouchjo01, 1996,     1, CAL , NHL , D  , 76.0,  4.0,   5.0,   9.0,  49.0, -23.0,  0.0,  1.0,  1.0,  0.0,  0.0, 0.0,  61.0,       ,      ,      ,        ,        ,        ,        ,        ,        ,        ,        ,      
bouchjo01, 1997,     1, CAL , NHL , D  , 44.0,  5.0,   7.0,  12.0,  57.0, 0.0  ,  0.0,  1.0,  1.0,  1.0,  1.0, 0.0,  51.0,       ,      ,      ,        ,        ,        ,        ,        ,        ,        ,        ,      
bouchjo01, 1998,     1, NAS , NHL , D  , 64.0,  4.0,  11.0,  15.0,  60.0, -10.0,  0.0,  2.0,  0.0,  1.0,  0.0, 0.0,  78.0,       ,      ,      ,        ,        ,        ,        ,        ,        ,        ,        ,      
bouchjo01, 1999,     1, NAS , NHL , D  , 52.0,  1.0,   4.0,   5.0,  23.0, -11.0,  0.0,  0.0,  0.0,  0.0,  0.0, 0.0,  60.0,       ,      ,      ,        ,        ,        ,        ,        ,        ,        ,        ,      
bouchjo01, 1999,     2, DAL , NHL , D  ,  2.0,  0.0,   0.0,   0.0,   2.0, 1.0  ,  0.0,  0.0,  0.0,  0.0,  0.0, 0.0,   1.0,       ,      ,      ,        ,        ,        ,        ,        ,        ,        ,        ,      
bouchjo01, 2000,     1, PHO , NHL , D  , 32.0,  1.0,   2.0,   3.0,  22.0, -8.0 ,  0.0,  0.0,  0.0,  0.0,  0.0, 0.0,  26.0,       ,      ,      ,        ,        ,        ,        ,        ,        ,        ,        ,      
bouchjo01, 2001,     1, NJD , NHL , D  ,  1.0,  0.0,   1.0,   1.0,   0.0, 1.0  ,  0.0,  0.0,  0.0,  0.0,  0.0, 0.0,   0.0,       ,      ,      ,        ,        ,        ,        ,        ,        ,        ,        ,      
bouchjo01, 2002,     1, NYR , NHL , D  , 27.0,  5.0,   7.0,  12.0,  14.0, 6.0  ,  1.0,  3.0,  0.0,  0.0,  2.0, 0.0,  41.0,       ,      ,      ,        ,        ,        ,        ,        ,        ,        ,        ,      
bouchjo01, 2002,     2, PIT , NHL , D  ,  7.0,  0.0,   1.0,   1.0,   0.0, -6.0 ,  0.0,  1.0,  0.0,  0.0,  0.0, 0.0,   6.0,       ,      ,      ,        ,        ,        ,        ,        ,        ,        ,        ,      
bouchjo01, 2003,     1, NYR , NHL , D  , 28.0,  1.0,   7.0,   8.0,  10.0, 2.0  ,  0.0,  1.0,  0.0,  0.0,  0.0, 0.0,  34.0,       ,      ,      ,        ,        ,        ,        ,        ,        ,        ,        ,      
bouchjo01, 2005,     1, NYI , NHL , D  , 25.0,  1.0,   8.0,   9.0,  23.0, 5.0  ,  0.0,  2.0,  0.0,  0.0,  0.0,    ,  45.0,       ,      ,      ,        ,        ,        ,        ,        ,        ,        ,        ,      
bouchph01, 1992,     1, BUF , NHL , D  , 18.0,  0.0,   4.0,   4.0,  14.0, 1.0  ,  0.0,  1.0,  0.0,  0.0,  0.0, 0.0,  28.0,       ,      ,      ,        ,        ,        ,        ,        ,        ,        ,        ,      
bouchph01, 1993,     1, BUF , NHL , D  , 38.0,  6.0,   8.0,  14.0,  29.0, -1.0 ,  4.0,  4.0,  0.0,  0.0,  1.0, 0.0,  67.0,    7.0,   1.0,   1.0,     2.0,     2.0, 2.0    ,     1.0,     0.0,     0.0,     0.0,     0.0,    10.0
bouchph01, 1994,     1, BUF , NHL , D  ,  9.0,  1.0,   4.0,   5.0,   0.0, 6.0  ,  0.0,  2.0,  0.0,  0.0,  0.0, 0.0,  15.0,       ,      ,      ,        ,        ,        ,        ,        ,        ,        ,        ,      
bouchph01, 1994,     2, LAK , NHL , D  ,  6.0,  1.0,   0.0,   1.0,   4.0, -3.0 ,  0.0,  0.0,  0.0,  0.0,  0.0, 0.0,  15.0,       ,      ,      ,        ,        ,        ,        ,        ,        ,        ,        ,      
bouchph01, 1995,     1, LAK , NHL , D  , 53.0,  7.0,  16.0,  23.0,  31.0, -26.0,  5.0, 11.0,  0.0,  0.0,  1.0, 1.0, 145.0,       ,      ,      ,        ,        ,        ,        ,        ,        ,        ,        ,      
bouchph01, 1996,     1, LAK , NHL , D  , 60.0,  7.0,  18.0,  25.0,  25.0, 0.0  ,  2.0,  7.0,  0.0,  0.0,  1.0, 0.0, 159.0,       ,      ,      ,        ,        ,        ,        ,        ,        ,        ,        ,      
bouchph01, 1997,     1, LAK , NHL , D  , 45.0,  6.0,  10.0,  16.0,  49.0, 6.0  ,  1.0,  2.0,  0.0,  0.0,  0.0, 0.0,  80.0,       ,      ,      ,        ,        ,        ,        ,        ,        ,        ,        ,      
bouchph01, 1998,     1, LAK , NHL , D  , 45.0,  2.0,   6.0,   8.0,  32.0, -12.0,  1.0,  3.0,  0.0,  0.0,  0.0, 0.0,  87.0,       ,      ,      ,        ,        ,        ,        ,        ,        ,        ,        ,      
bouchph01, 1999,     1, LAK , NHL , D  ,  1.0,  0.0,   0.0,   0.0,   0.0, 0.0  ,  0.0,  0.0,  0.0,  0.0,  0.0, 0.0,   3.0,       ,      ,      ,        ,        ,        ,        ,        ,        ,        ,        ,      
bouchph01, 2000,     1, LAK , NHL , D  , 22.0,  2.0,   4.0,   6.0,  20.0, 4.0  ,  2.0,  1.0,  0.0,  0.0,  0.0, 0.0,  40.0,   13.0,   0.0,   1.0,     1.0,     2.0, 1.0    ,     0.0,     0.0,     0.0,     0.0,     0.0,    22.0
bouchph01, 2001,     1, LAK , NHL , D  , 80.0,  7.0,  23.0,  30.0,  94.0, 0.0  ,  4.0,  8.0,  0.0,  0.0,  2.0, 0.0, 198.0,    5.0,   0.0,   1.0,     1.0,     2.0, 2.0    ,     0.0,     0.0,     0.0,     0.0,     0.0,     4.0
bouchph01, 2002,     1, DAL , NHL , D  , 80.0,  7.0,  20.0,  27.0,  94.0, 28.0 ,  1.0,  3.0,  1.0,  1.0,  3.0, 1.0, 137.0,   11.0,   1.0,   2.0,     3.0,    11.0, 1.0    ,     0.0,     0.0,     0.0,     0.0,     0.0,    19.0
bouchph01, 2003,     1, DAL , NHL , D  , 70.0,  8.0,  16.0,  24.0,  64.0, 15.0 ,  2.0,  3.0,  0.0,  0.0,  2.0, 0.0, 134.0,    5.0,   1.0,   0.0,     1.0,     6.0, -1.0   ,     0.0,     0.0,     0.0,     0.0,     0.0,    15.0
bouchph01, 2005,     1, DAL , NHL , D  , 66.0, 16.0,  27.0,  43.0,  77.0, 28.0 ,  8.0, 11.0,  0.0,  2.0,  3.0,    , 174.0,    5.0,   0.0,   1.0,     1.0,     2.0, 0.0    ,     0.0,     1.0,     0.0,     0.0,     0.0,     9.0
bouchph01, 2006,     1, DAL , NHL , D  , 76.0, 19.0,  32.0,  51.0, 104.0, 2.0  , 12.0, 19.0,  0.0,  1.0,  4.0,    , 222.0,    7.0,   0.0,   1.0,     1.0,     6.0, -5.0   ,     0.0,     1.0,     0.0,     0.0,     0.0,    15.0
bouchph01, 2007,     1, DAL , NHL , D  , 38.0,  2.0,  12.0,  14.0,  26.0, 3.0  ,  0.0,  3.0,  1.0,  1.0,  0.0,    ,  72.0,    3.0,   0.0,   0.0,     0.0,     4.0, 0.0    ,     0.0,     0.0,     0.0,     0.0,     0.0,     7.0
bouchph01, 2008,     1, DAL , NHL , D  , 16.0,  0.0,   3.0,   3.0,  15.0, -4.0 ,  0.0,  2.0,  0.0,  0.0,  0.0,    ,  29.0,       ,      ,      ,        ,        ,        ,        ,        ,        ,        ,        ,      
bouchph01, 2008,     2, PIT , NHL , D  , 25.0,  3.0,   3.0,   6.0,  24.0, 10.0 ,  0.0,  1.0,  0.0,  0.0,  0.0,    ,  37.0,    9.0,   1.0,   3.0,     4.0,     4.0, -2.0   ,     1.0,     1.0,     0.0,     0.0,     1.0,    10.0
bouchpi01, 1970,     1, MTL , NHL , D  , 51.0,  0.0,   3.0,   3.0,  50.0, 3.0  ,  0.0,     ,  0.0,     ,  0.0, 0.0,  33.0,   13.0,   0.0,   1.0,     1.0,    10.0,        ,     0.0,        ,     0.0,        ,     0.0,      
bouchpi01, 1971,     1, MTL , NHL , D  , 60.0,  3.0,   5.0,   8.0,  39.0, 10.0 ,  0.0,     ,  0.0,     ,  0.0, 0.0,  42.0,    1.0,   0.0,   0.0,     0.0,     0.0,        ,     0.0,        ,     0.0,        ,     0.0,      
bouchpi01, 1972,     1, MTL , NHL , D  , 41.0,  0.0,   7.0,   7.0,  69.0, 11.0 ,  0.0,     ,  0.0,     ,  0.0, 0.0,  31.0,   17.0,   1.0,   3.0,     4.0,    13.0,        ,     0.0,        ,     0.0,        ,     0.0,      
bouchpi01, 1973,     1, MTL , NHL , D  , 60.0,  1.0,  14.0,  15.0,  25.0, 8.0  ,  0.0,     ,  0.0,     ,  0.0, 0.0,  53.0,    6.0,   0.0,   2.0,     2.0,     4.0,        ,     0.0,        ,     0.0,        ,     0.0,      
bouchpi01, 1974,     1, MTL , NHL , D  , 79.0,  3.0,   9.0,  12.0,  65.0, 24.0 ,  0.0,     ,  0.0,     ,  0.0, 0.0,  67.0,   10.0,   0.0,   2.0,     2.0,    10.0,        ,     0.0,        ,     0.0,        ,     0.0,      
bouchpi01, 1975,     1, MTL , NHL , D  , 66.0,  1.0,  11.0,  12.0,  50.0, 20.0 ,  0.0,     ,  0.0,     ,  1.0, 0.0,  72.0,   13.0,   2.0,   0.0,     2.0,     8.0,        ,     1.0,        ,     0.0,        ,     1.0,      
bouchpi01, 1976,     1, MTL , NHL , D  , 73.0,  4.0,  11.0,  15.0,  52.0, 33.0 ,  0.0,     ,  1.0,     ,  0.0, 0.0,  73.0,    6.0,   0.0,   1.0,     1.0,     6.0,        ,     0.0,        ,     0.0,        ,     0.0,      
bouchpi01, 1977,     1, MTL , NHL , D  , 59.0,  4.0,   6.0,  10.0,  29.0, 27.0 ,  0.0,     ,  0.0,     ,  1.0, 1.0,  55.0,   10.0,   0.0,   1.0,     1.0,     5.0,        ,     0.0,        ,     0.0,        ,     0.0,      
bouchpi01, 1978,     1, WAS , NHL , D  ,  1.0,  0.0,   0.0,   0.0,   0.0, 1.0  ,  0.0,     ,  0.0,     ,  0.0, 0.0,   0.0,       ,      ,      ,        ,        ,        ,        ,        ,        ,        ,        ,      
bouchpi01, 1979,     1, WAS , NHL , D  , 54.0,  5.0,   9.0,  14.0,  16.0, -7.0 ,  0.0,     ,  0.0,     ,  0.0, 1.0,  59.0,       ,      ,      ,        ,        ,        ,        ,        ,        ,        ,        ,      
bouchpi01, 1980,     1, WAS , NHL , D  , 50.0,  3.0,   7.0,  10.0,  28.0, -18.0,  0.0,     ,  0.0,     ,  0.0, 0.0,  36.0,       ,      ,      ,        ,        ,        ,        ,        ,        ,        ,        ,      
bouchpi01, 1981,     1, WAS , NHL , D  ,  1.0,  0.0,   0.0,   0.0,  10.0, -2.0 ,  0.0,     ,  0.0,     ,  0.0, 0.0,   1.0,       ,      ,      ,        ,        ,        ,        ,        ,        ,        ,        ,      
bouchpi02, 2002,     1, MIN , NHL , C  , 50.0,  7.0,  13.0,  20.0,  18.0, 1.0  ,  5.0,  4.0,  0.0,  0.0,  1.0, 0.0,  53.0,    5.0,   0.0,   1.0,     1.0,     2.0, -1.0   ,     0.0,     1.0,     0.0,     0.0,     0.0,     8.0
bouchpi02, 2003,     1, MIN , NHL , L  , 61.0,  4.0,  18.0,  22.0,  22.0, -7.0 ,  2.0,  7.0,  0.0,  0.0,  0.0, 0.0,  60.0,       ,      ,      ,        ,        ,        ,        ,        ,        ,        ,        ,      
bouchpi02, 2005,     1, MIN , NHL , C  , 80.0, 17.0,  42.0,  59.0,  28.0, 3.0  ,  7.0, 24.0,  0.0,  0.0,  3.0,    , 118.0,       ,      ,      ,        ,        ,        ,        ,        ,        ,        ,        ,      
bouchpi02, 2006,     1, MIN , NHL , C  , 82.0, 20.0,  37.0,  57.0,  14.0, 13.0 ,  5.0, 19.0,  0.0,  0.0,  3.0,    , 173.0,    5.0,   1.0,   1.0,     2.0,     0.0, -3.0   ,     0.0,     1.0,     0.0,     0.0,     0.0,     2.0
bouchpi02, 2007,     1, MIN , NHL , R  , 81.0, 13.0,  50.0,  63.0,  34.0, 11.0 ,  6.0, 19.0,  0.0,  0.0,  4.0,    , 129.0,    6.0,   2.0,   2.0,     4.0,     2.0, 1.0    ,     1.0,     0.0,     0.0,     0.0,     1.0,    18.0
bouchpi02, 2008,     1, MIN , NHL , L  , 71.0, 16.0,  30.0,  46.0,  20.0, -5.0 ,  2.0, 14.0,  0.0,  0.0,  1.0,    , 142.0,       ,      ,      ,        ,        ,        ,        ,        ,        ,        ,        ,      
bouchpi02, 2009,     1, MIN , NHL , C  ,  1.0,  0.0,   0.0,   0.0,   2.0, 0.0  ,  0.0,  0.0,  0.0,  0.0,  0.0,    ,   0.0,       ,      ,      ,        ,        ,        ,        ,        ,        ,        ,        ,      
bouckty01, 2000,     1, DAL , NHL , L  , 48.0,  2.0,   5.0,   7.0,  29.0, -3.0 ,  0.0,  0.0,  0.0,  0.0,  1.0, 0.0,  41.0,    1.0,   0.0,   0.0,     0.0,     0.0, 0.0    ,     0.0,     0.0,     0.0,     0.0,     0.0,     1.0
bouckty01, 2001,     1, PHO , NHL , L  ,  7.0,  0.0,   0.0,   0.0,   4.0, -1.0 ,  0.0,  0.0,  0.0,  0.0,  0.0, 0.0,   3.0,       ,      ,      ,        ,        ,        ,        ,        ,        ,        ,        ,      
bouckty01, 2003,     1, VAN , NHL , C  , 18.0,  1.0,   2.0,   3.0,  23.0, -4.0 ,  0.0,  0.0,  1.0,  0.0,  0.0, 0.0,  12.0,    1.0,   0.0,   0.0,     0.0,     0.0, -1.0   ,     0.0,     0.0,     0.0,     0.0,     0.0,     0.0
bouckty01, 2005,     1, VAN , NHL , R  , 12.0,  1.0,   1.0,   2.0,  21.0, 0.0  ,  0.0,  0.0,  0.0,  0.0,  0.0,    ,   6.0,       ,      ,      ,        ,        ,        ,        ,        ,        ,        ,        ,      
bouckty01, 2006,     1, VAN , NHL , L  ,  6.0,  0.0,   0.0,   0.0,  16.0, -1.0 ,  0.0,  0.0,  0.0,  0.0,  0.0,    ,   7.0,       ,      ,      ,        ,        ,        ,        ,        ,        ,        ,        ,      
boudran01, 1963,     1, MTL , NHL , L  ,  4.0,  1.0,   4.0,   5.0,   2.0,      ,  1.0,     ,  0.0,     ,  1.0, 0.0,      ,       ,      ,      ,        ,        ,        ,        ,        ,        ,        ,        ,      
boudran01, 1964,     1, MTL , NHL , L  ,  1.0,  0.0,   0.0,   0.0,   2.0,      ,  0.0,     ,  0.0,     ,  0.0, 0.0,      ,       ,      ,      ,        ,        ,        ,        ,        ,        ,        ,        ,      
boudran01, 1966,     1, MTL , NHL , L  ,  2.0,  0.0,   1.0,   1.0,   0.0,      ,  0.0,     ,  0.0,     ,  0.0, 0.0,      ,       ,      ,      ,        ,        ,        ,        ,        ,        ,        ,        ,      
boudran01, 1967,     1, MNS , NHL , C  , 74.0, 18.0,  35.0,  53.0,  42.0, -3.0 ,  4.0,     ,  0.0,     ,  3.0, 1.0, 183.0,   14.0,   3.0,   6.0,     9.0,     8.0,        ,     0.0,        ,     0.0,        ,     1.0,      
boudran01, 1968,     1, MNS , NHL , L  , 53.0,  4.0,   9.0,  13.0,   6.0, -30.0,  1.0,     ,  0.0,     ,  0.0, 0.0,  87.0,       ,      ,      ,        ,        ,        ,        ,        ,        ,        ,        ,      
boudran01, 1968,     2, CHI , NHL , L  , 20.0,  4.0,  10.0,  14.0,   4.0, 11.0 ,  1.0,     ,  0.0,     ,  1.0, 0.0,  40.0,       ,      ,      ,        ,        ,        ,        ,        ,        ,        ,        ,      
boudran01, 1969,     1, STL , NHL , C  , 50.0,  3.0,  14.0,  17.0,  20.0, 7.0  ,  1.0,     ,  0.0,     ,  2.0, 1.0,  95.0,   14.0,   2.0,   4.0,     6.0,     4.0,        ,     1.0,        ,     0.0,        ,     0.0,      
boudran01, 1970,     1, VAN , NHL , C  , 77.0, 25.0,  41.0,  66.0,  16.0, 15.0 ,  7.0,     ,  1.0,     ,  2.0, 1.0, 254.0,       ,      ,      ,        ,        ,        ,        ,        ,        ,        ,        ,      
boudran01, 1971,     1, VAN , NHL , L  , 78.0, 27.0,  34.0,  61.0,  26.0, -34.0,  6.0,     ,  0.0,     ,  5.0, 1.0, 224.0,       ,      ,      ,        ,        ,        ,        ,        ,        ,        ,        ,      
boudran01, 1972,     1, VAN , NHL , L  , 77.0, 30.0,  40.0,  70.0,  24.0, -20.0,  8.0,     ,  0.0,     ,  2.0, 1.0, 194.0,       ,      ,      ,        ,        ,        ,        ,        ,        ,        ,        ,      
boudran01, 1973,     1, VAN , NHL , L  , 78.0, 16.0,  59.0,  75.0,  18.0, -6.0 ,  3.0,     ,  1.0,     ,  1.0, 0.0, 180.0,       ,      ,      ,        ,        ,        ,        ,        ,        ,        ,        ,      
boudran01, 1974,     1, VAN , NHL , L  , 77.0, 16.0,  62.0,  78.0,  46.0, 8.0  ,  9.0,     ,  0.0,     ,  2.0, 0.0, 167.0,    5.0,   1.0,   0.0,     1.0,     0.0,        ,     0.0,        ,     0.0,        ,     0.0,      
boudran01, 1975,     1, VAN , NHL , L/C, 71.0,  7.0,  31.0,  38.0,  10.0, -7.0 ,  2.0,     ,  0.0,     ,  0.0, 0.0,  69.0,    1.0,   0.0,   0.0,     0.0,     0.0,        ,     0.0,        ,     0.0,        ,     0.0,      
boudran01, 1976,     1, QUN , WHA , C  , 74.0, 12.0,  31.0,  43.0,  12.0, 3.0  ,  1.0,     ,  0.0,     ,     ,    ,  92.0,   17.0,   3.0,  12.0,    15.0,     6.0, 5.0    ,        ,        ,        ,        ,     1.0,      
boudran01, 1977,     1, QUN , WHA , C  , 66.0, 10.0,  17.0,  27.0,  22.0, 4.0  ,  1.0,     ,  2.0,     ,     ,    ,  70.0,   11.0,   0.0,   2.0,     2.0,     4.0, -2.0   ,        ,        ,        ,        ,     0.0,      
boudrbr01, 1975,     1, MFS , WHA , C  , 30.0,  3.0,   6.0,   9.0,   4.0, -1.0 ,     ,     ,     ,     ,     ,    ,  36.0,       ,      ,      ,        ,        ,        ,        ,        ,        ,        ,        ,      
boudrbr01, 1976,     1, TOR , NHL , C  , 15.0,  2.0,   5.0,   7.0,   4.0, 2.0  ,  0.0,     ,  0.0,     ,  1.0, 0.0,  17.0,    3.0,   0.0,   0.0,     0.0,     0.0,        ,     0.0,        ,     0.0,        ,     0.0,      
boudrbr01, 1977,     1, TOR , NHL , C  , 40.0, 11.0,  18.0,  29.0,  12.0, 8.0  ,  1.0,     ,  0.0,     ,  2.0, 0.0,  71.0,       ,      ,      ,        ,        ,        ,        ,        ,        ,        ,        ,      
boudrbr01, 1978,     1, TOR , NHL , C  , 26.0,  4.0,   3.0,   7.0,   2.0, -3.0 ,  0.0,     ,  0.0,     ,  0.0, 1.0,  30.0,       ,      ,      ,        ,        ,        ,        ,        ,        ,        ,        ,      
boudrbr01, 1979,     1, TOR , NHL , C  ,  2.0,  0.0,   0.0,   0.0,   2.0, 0.0  ,  0.0,     ,  0.0,     ,  0.0, 0.0,   0.0,       ,      ,      ,        ,        ,        ,        ,        ,        ,        ,        ,      
boudrbr01, 1980,     1, TOR , NHL , C  , 39.0, 10.0,  14.0,  24.0,  18.0, -7.0 ,  0.0,     ,  0.0,     ,  0.0, 0.0,  47.0,    2.0,   1.0,   0.0,     1.0,     0.0,        ,     0.0,        ,     0.0,        ,     0.0,      
boudrbr01, 1981,     1, TOR , NHL , C  , 12.0,  0.0,   2.0,   2.0,   6.0, -6.0 ,  0.0,     ,  0.0,     ,  0.0, 0.0,   5.0,       ,      ,      ,        ,        ,        ,        ,        ,        ,        ,        ,      
boudrbr01, 1982,     1, TOR , NHL , C  ,     ,     ,      ,      ,      ,      ,     ,     ,     ,     ,     ,    ,      ,    4.0,   1.0,   0.0,     1.0,     4.0,        ,     0.0,        ,     0.0,        ,     0.0,      
boudrbr01, 1985,     1, CHI , NHL , C  ,  7.0,  1.0,   0.0,   1.0,   2.0, 1.0  ,  0.0,     ,  0.0,     ,  0.0, 0.0,   3.0,       ,      ,      ,        ,        ,        ,        ,        ,        ,        ,        ,      
boudrmi01, 1972,     1, PHB , WHA , D  , 33.0,  7.0,   7.0,  14.0,   4.0,      ,  1.0,     ,  0.0,     ,     ,    ,      ,    2.0,   0.0,   0.0,     0.0,     0.0,        ,     0.0,        ,     0.0,        ,     0.0,      
boudrmi01, 1973,     1, VAB , WHA , D  ,  3.0,  1.0,   0.0,   1.0,   0.0,      ,  0.0,     ,  0.0,     ,  0.0,    ,      ,       ,      ,      ,        ,        ,        ,        ,        ,        ,        ,        ,      
boughba01, 1969,     1, OAK , NHL , L  ,  4.0,  0.0,   0.0,   0.0,   2.0, 0.0  ,  0.0,     ,  0.0,     ,  0.0, 0.0,   5.0,       ,      ,      ,        ,        ,        ,        ,        ,        ,        ,        ,      
boughba01, 1970,     1, CLF , NHL , L  , 16.0,  0.0,   0.0,   0.0,   9.0, -3.0 ,  0.0,     ,  0.0,     ,  0.0, 0.0,   7.0,       ,      ,      ,        ,        ,        ,        ,        ,        ,        ,        ,      
boughbo01, 1995,     1, BUF , NHL , D  , 31.0,  0.0,   1.0,   1.0, 104.0, 3.0  ,  0.0,  0.0,  0.0,  0.0,  0.0, 0.0,  14.0,       ,      ,      ,        ,        ,        ,        ,        ,        ,        ,        ,      
boughbo01, 1996,     1, BUF , NHL , D  , 77.0,  1.0,   7.0,   8.0, 225.0, 12.0 ,  0.0,  0.0,  0.0,  1.0,  0.0, 0.0,  34.0,   11.0,   0.0,   1.0,     1.0,     9.0, 0.0    ,     0.0,     0.0,     0.0,     0.0,     0.0,     1.0
boughbo01, 1997,     1, BUF , NHL , D  , 69.0,  1.0,   3.0,   4.0, 165.0, 5.0  ,  0.0,  0.0,  0.0,  0.0,  0.0, 0.0,  26.0,   14.0,   0.0,   4.0,     4.0,    15.0, 9.0    ,     0.0,     0.0,     0.0,     0.0,     0.0,     7.0
boughbo01, 1998,     1, NAS , NHL , D  , 79.0,  3.0,  10.0,  13.0, 137.0, -6.0 ,  0.0,  0.0,  0.0,  1.0,  1.0, 0.0,  59.0,       ,      ,      ,        ,        ,        ,        ,        ,        ,        ,        ,      
boughbo01, 1999,     1, NAS , NHL , D  , 62.0,  2.0,   4.0,   6.0,  97.0, -13.0,  0.0,  0.0,  0.0,  0.0,  0.0, 0.0,  32.0,       ,      ,      ,        ,        ,        ,        ,        ,        ,        ,        ,      
boughbo01, 1999,     2, PIT , NHL , D  , 11.0,  1.0,   0.0,   1.0,  69.0, 2.0  ,  1.0,  0.0,  0.0,  0.0,  1.0, 0.0,   8.0,   11.0,   0.0,   2.0,     2.0,    15.0, 6.0    ,     0.0,     0.0,     0.0,     0.0,     0.0,     6.0
boughbo01, 2000,     1, PIT , NHL , D  , 58.0,  1.0,   3.0,   4.0, 147.0, 18.0 ,  0.0,  0.0,  0.0,  0.0,  0.0, 0.0,  46.0,   18.0,   0.0,   1.0,     1.0,    22.0, 5.0    ,     0.0,     0.0,     0.0,     0.0,     0.0,    10.0
boughbo01, 2001,     1, CAL , NHL , D  , 79.0,  2.0,   4.0,   6.0, 170.0, 9.0  ,  0.0,  1.0,  0.0,  1.0,  0.0, 0.0,  58.0,       ,      ,      ,        ,        ,        ,        ,        ,        ,        ,        ,      
boughbo01, 2002,     1, CAL , NHL , D  , 69.0,  3.0,  14.0,  17.0, 126.0, 5.0  ,  0.0,  1.0,  0.0,  0.0,  1.0, 0.0,  62.0,       ,      ,      ,        ,        ,        ,        ,        ,        ,        ,        ,      
boughbo01, 2003,     1, CAR , NHL , D  , 43.0,  0.0,   5.0,   5.0,  80.0, -9.0 ,  0.0,  0.0,  0.0,  1.0,  0.0, 0.0,  26.0,       ,      ,      ,        ,        ,        ,        ,        ,        ,        ,        ,      
boughbo01, 2003,     2, COL , NHL , D  , 11.0,  0.0,   0.0,   0.0,   8.0, -1.0 ,  0.0,  0.0,  0.0,  0.0,  0.0, 0.0,   8.0,   11.0,   0.0,   4.0,     4.0,     6.0, 5.0    ,     0.0,     0.0,     0.0,     0.0,     0.0,    13.0
boughbo01, 2005,     1, COL , NHL , D  , 41.0,  1.0,   6.0,   7.0,  54.0, 2.0  ,  0.0,  1.0,  0.0,  0.0,  1.0,    ,  15.0,       ,      ,      ,        ,        ,        ,        ,        ,        ,        ,        ,      
bougije01, 1909,     1, LES , NHA ,    ,  1.0,  0.0,   0.0,   0.0,   0.0,      ,     ,     ,     ,     ,     ,    ,      ,       ,      ,      ,        ,        ,        ,        ,        ,        ,        ,        ,      
bouilfr01, 1999,     1, MTL , NHL , D  , 74.0,  3.0,  13.0,  16.0,  38.0, -7.0 ,  2.0,  4.0,  0.0,  0.0,  1.0, 0.0,  76.0,       ,      ,      ,        ,        ,        ,        ,        ,        ,        ,        ,      
bouilfr01, 2000,     1, MTL , NHL , D  , 29.0,  0.0,   6.0,   6.0,  26.0, 3.0  ,  0.0,  4.0,  0.0,  0.0,  0.0, 0.0,  24.0,       ,      ,      ,        ,        ,        ,        ,        ,        ,        ,        ,      
bouilfr01, 2001,     1, MTL , NHL , D  , 28.0,  0.0,   5.0,   5.0,  33.0, -5.0 ,  0.0,  1.0,  0.0,  0.0,  0.0, 0.0,  24.0,       ,      ,      ,        ,        ,        ,        ,        ,        ,        ,        ,      
bouilfr01, 2002,     1, NAS , NHL , D  ,  4.0,  0.0,   0.0,   0.0,   2.0, -1.0 ,  0.0,  0.0,  0.0,  0.0,  0.0, 0.0,   0.0,       ,      ,      ,        ,        ,        ,        ,        ,        ,        ,        ,      
bouilfr01, 2002,     2, MTL , NHL , D  , 20.0,  3.0,   1.0,   4.0,   2.0, -1.0 ,  0.0,  0.0,  1.0,  0.0,  0.0, 0.0,  30.0,       ,      ,      ,        ,        ,        ,        ,        ,        ,        ,        ,      
bouilfr01, 2003,     1, MTL , NHL , D  , 73.0,  2.0,  16.0,  18.0,  70.0, 1.0  ,  0.0,  5.0,  0.0,  0.0,  0.0, 0.0,  86.0,   11.0,   0.0,   0.0,     0.0,     7.0, -6.0   ,     0.0,     0.0,     0.0,     0.0,     0.0,    13.0
bouilfr01, 2005,     1, MTL , NHL , D  , 67.0,  3.0,  19.0,  22.0,  34.0, -6.0 ,  3.0,  6.0,  0.0,  0.0,  1.0,    ,  75.0,    6.0,   1.0,   2.0,     3.0,    10.0, 0.0    ,     1.0,     1.0,     0.0,     0.0,     0.0,    15.0
bouilfr01, 2006,     1, MTL , NHL , D  , 62.0,  3.0,  11.0,  14.0,  52.0, -10.0,  1.0,  1.0,  0.0,  1.0,  1.0,    ,  56.0,       ,      ,      ,        ,        ,        ,        ,        ,        ,        ,        ,      
bouilfr01, 2007,     1, MTL , NHL , D  , 74.0,  2.0,   6.0,   8.0,  61.0, 9.0  ,  0.0,  0.0,  0.0,  0.0,  0.0,    ,  60.0,    7.0,   1.0,   2.0,     3.0,     4.0, 0.0    ,     0.0,     0.0,     0.0,     0.0,     0.0,    10.0
bouilfr01, 2008,     1, MTL , NHL , D  , 54.0,  5.0,   4.0,   9.0,  53.0, -7.0 ,  0.0,  0.0,  0.0,  1.0,  1.0,    ,  51.0,    1.0,   0.0,   0.0,     0.0,     0.0, 0.0    ,     0.0,     0.0,     0.0,     0.0,     0.0,     0.0
bouilfr01, 2009,     1, NAS , NHL , D  , 81.0,  3.0,   8.0,  11.0,  50.0, 5.0  ,  1.0,  3.0,  0.0,  1.0,  1.0,    ,  86.0,    6.0,   0.0,   0.0,     0.0,     6.0, -1.0   ,     0.0,     0.0,     0.0,     0.0,     0.0,     3.0
bouleje01, 2001,     1, PHI , NHL , R  ,  3.0,  0.0,   0.0,   0.0,   5.0, -1.0 ,  0.0,  0.0,  0.0,  0.0,  0.0, 0.0,   1.0,       ,      ,      ,        ,        ,        ,        ,        ,        ,        ,        ,      
bouleje01, 2002,     1, CAR , NHL , R  , 48.0,  2.0,   1.0,   3.0, 108.0, -2.0 ,  0.0,  0.0,  0.0,  0.0,  0.0, 1.0,  12.0,       ,      ,      ,        ,        ,        ,        ,        ,        ,        ,        ,      
bouleje01, 2003,     1, CAR , NHL , R  , 76.0,  6.0,   1.0,   7.0, 127.0, -5.0 ,  0.0,  0.0,  0.0,  0.0,  0.0, 1.0,  46.0,       ,      ,      ,        ,        ,        ,        ,        ,        ,        ,        ,      
bouleje01, 2005,     1, CAR , NHL , R  , 26.0,  0.0,   0.0,   0.0,  51.0, -3.0 ,  0.0,  0.0,  0.0,  0.0,  0.0,    ,   3.0,       ,      ,      ,        ,        ,        ,        ,        ,        ,        ,        ,      
bouleje01, 2005,     2, STL , NHL , R  , 12.0,  0.0,   0.0,   0.0,  13.0, -4.0 ,  0.0,  0.0,  0.0,  0.0,  0.0,    ,   2.0,       ,      ,      ,        ,        ,        ,        ,        ,        ,        ,        ,      
bouleje01, 2007,     1, PHI , NHL , R  ,  5.0,  0.0,   0.0,   0.0,  29.0, -2.0 ,  0.0,  0.0,  0.0,  0.0,  0.0,    ,   1.0,       ,      ,      ,        ,        ,        ,        ,        ,        ,        ,        ,      
bouleje01, 2008,     1, EDM , NHL , R  ,  2.0,  0.0,   0.0,   0.0,   0.0, 0.0  ,  0.0,  0.0,  0.0,  0.0,  0.0,    ,   0.0,       ,      ,      ,        ,        ,        ,        ,        ,        ,        ,        ,      
boultbe01, 1909,     1, MOS , NHA ,    ,  3.0,  3.0,   0.0,   3.0,   0.0,      ,     ,     ,     ,     ,     ,    ,      ,       ,      ,      ,        ,        ,        ,        ,        ,        ,        ,        ,      
boulter01, 2000,     1, BUF , NHL , L  , 35.0,  1.0,   2.0,   3.0,  94.0, -1.0 ,  0.0,  0.0,  0.0,  0.0,  0.0, 0.0,  20.0,       ,      ,      ,        ,        ,        ,        ,        ,        ,        ,        ,      
boulter01, 2001,     1, BUF , NHL , L  , 35.0,  2.0,   3.0,   5.0, 129.0, -1.0 ,  0.0,  0.0,  0.0,  0.0,  1.0, 0.0,  21.0,       ,      ,      ,        ,        ,        ,        ,        ,        ,        ,        ,      
boulter01, 2002,     1, BUF , NHL , L  , 58.0,  1.0,   5.0,   6.0, 178.0, 1.0  ,  0.0,  0.0,  0.0,  0.0,  0.0, 0.0,  33.0,       ,      ,      ,        ,        ,        ,        ,        ,        ,        ,        ,      
boulter01, 2003,     1, BUF , NHL , L  , 44.0,  1.0,   2.0,   3.0, 110.0, -2.0 ,  0.0,  0.0,  0.0,  0.0,  0.0, 0.0,  20.0,       ,      ,      ,        ,        ,        ,        ,        ,        ,        ,        ,      
boulter01, 2005,     1, ATL , NHL , L  , 51.0,  4.0,   5.0,   9.0,  87.0, -4.0 ,  0.0,  0.0,  0.0,  0.0,  0.0,    ,  28.0,       ,      ,      ,        ,        ,        ,        ,        ,        ,        ,        ,      
boulter01, 2006,     1, ATL , NHL , L  , 45.0,  3.0,   4.0,   7.0,  49.0, 2.0  ,  0.0,  0.0,  0.0,  0.0,  0.0,    ,  42.0,    4.0,   0.0,   0.0,     0.0,    24.0, -1.0   ,     0.0,     0.0,     0.0,     0.0,     0.0,     1.0
boulter01, 2007,     1, ATL , NHL , L  , 74.0,  4.0,   5.0,   9.0, 127.0, -10.0,  0.0,  0.0,  0.0,  0.0,  0.0,    ,  64.0,       ,      ,      ,        ,        ,        ,        ,        ,        ,        ,        ,      
boulter01, 2008,     1, ATL , NHL , L  , 76.0,  3.0,  10.0,  13.0, 176.0, -3.0 ,  0.0,  0.0,  0.0,  0.0,  0.0,    ,  71.0,       ,      ,      ,        ,        ,        ,        ,        ,        ,        ,        ,      
boulter01, 2009,     1, ATL , NHL , L  , 62.0,  2.0,   6.0,   8.0, 113.0, -1.0 ,  1.0,  0.0,  0.0,  0.0,  0.0,    ,  39.0,       ,      ,      ,        ,        ,        ,        ,        ,        ,        ,        ,      
boumejo01, 2001,     1, NJD , NHL , D  ,  1.0,  1.0,   0.0,   1.0,   2.0, -1.0 ,  0.0,  0.0,  0.0,  0.0,  0.0, 0.0,   1.0,       ,      ,      ,        ,        ,        ,        ,        ,        ,        ,        ,      
boumejo01, 2001,     2, TBL , NHL , D  ,  3.0,  0.0,   0.0,   0.0,   4.0, -1.0 ,  0.0,  0.0,  0.0,  0.0,  0.0, 0.0,   0.0,       ,      ,      ,        ,        ,        ,        ,        ,        ,        ,        ,      
boumejo01, 2002,     1, WAS , NHL , D  ,  6.0,  1.0,   0.0,   1.0,   0.0, -1.0 ,  0.0,  0.0,  0.0,  0.0,  1.0, 0.0,   7.0,       ,      ,      ,        ,        ,        ,        ,        ,        ,        ,        ,      
boumejo01, 2003,     1, WAS , NHL , R  , 37.0,  2.0,  12.0,  14.0,  30.0, -10.0,  2.0,  9.0,  0.0,  0.0,  0.0, 0.0,  44.0,       ,      ,      ,        ,        ,        ,        ,        ,        ,        ,        ,      
bourbda01, 1981,     1, HAR , NHL , L  , 24.0,  3.0,   9.0,  12.0,  11.0, -8.0 ,  0.0,     ,  0.0,     ,  0.0, 0.0,  30.0,       ,      ,      ,        ,        ,        ,        ,        ,        ,        ,        ,      
bourbda01, 1983,     1, HAR , NHL , L  , 35.0,  0.0,  16.0,  16.0,   0.0, 3.0  ,  0.0,     ,  0.0,     ,  0.0, 0.0,  42.0,       ,      ,      ,        ,        ,        ,        ,        ,        ,        ,        ,      
bourbri01, 1975,     1, STL , NHL , R  ,  7.0,  0.0,   0.0,   0.0,   8.0, -1.0 ,  0.0,     ,  0.0,     ,  0.0, 0.0,   5.0,       ,      ,      ,        ,        ,        ,        ,        ,        ,        ,        ,      
bourbri01, 1976,     1, STL , NHL , R  , 33.0,  6.0,   8.0,  14.0,  10.0, -6.0 ,  2.0,     ,  0.0,     ,  1.0, 0.0,  44.0,    4.0,   0.0,   1.0,     1.0,     0.0,        ,     0.0,        ,     0.0,        ,     0.0,      
bourbri01, 1977,     1, STL , NHL , R  , 31.0,  3.0,   7.0,  10.0,  11.0, -12.0,  1.0,     ,  0.0,     ,  0.0, 0.0,  56.0,       ,      ,      ,        ,        ,        ,        ,        ,        ,        ,        ,      
bourcco01, 1935,     1, MTL , NHL , C  ,  6.0,  0.0,   0.0,   0.0,   0.0,      ,     ,     ,     ,     ,     ,    ,      ,       ,      ,      ,        ,        ,        ,        ,        ,        ,        ,        ,      
bourcje01, 1935,     1, MTL , NHL , L  ,  9.0,  0.0,   1.0,   1.0,   0.0,      ,     ,     ,     ,     ,     ,    ,      ,       ,      ,      ,        ,        ,        ,        ,        ,        ,        ,        ,      
bourdlu01, 2006,     1, VAN , NHL , D  ,  9.0,  0.0,   0.0,   0.0,   4.0, -1.0 ,  0.0,  0.0,  0.0,  0.0,  0.0,    ,   3.0,       ,      ,      ,        ,        ,        ,        ,        ,        ,        ,        ,      
bourdlu01, 2007,     1, VAN , NHL , D  , 27.0,  2.0,   0.0,   2.0,  20.0, 7.0  ,  1.0,  0.0,  0.0,  0.0,  0.0,    ,  26.0,       ,      ,      ,        ,        ,        ,        ,        ,        ,        ,        ,      
bourgch01, 1981,     1, CAL , NHL , D  , 54.0,  2.0,  13.0,  15.0, 112.0, 5.0  ,  0.0,     ,  0.0,     ,  0.0, 0.0,  33.0,    3.0,   0.0,   0.0,     0.0,     7.0,        ,     0.0,        ,     0.0,        ,     0.0,      
bourgch01, 1982,     1, CAL , NHL , D  , 15.0,  2.0,   3.0,   5.0,  21.0, -4.0 ,  0.0,     ,  0.0,     ,  0.0, 0.0,  11.0,       ,      ,      ,        ,        ,        ,        ,        ,        ,        ,        ,      
bourgch01, 1983,     1, CAL , NHL , D  , 17.0,  1.0,   3.0,   4.0,  35.0, 0.0  ,  0.0,     ,  0.0,     ,  0.0, 0.0,  20.0,    8.0,   0.0,   1.0,     1.0,    27.0, -1.0   ,     0.0,        ,     0.0,        ,     0.0,     5.0
bourgch01, 1984,     1, CAL , NHL , D  , 47.0,  2.0,  10.0,  12.0, 134.0, 14.0 ,  0.0,     ,  0.0,     ,  0.0, 0.0,  38.0,    4.0,   0.0,   0.0,     0.0,    17.0, 1.0    ,     0.0,        ,     0.0,        ,     0.0,     0.0
bourgch01, 1985,     1, CAL , NHL , D  , 29.0,  5.0,   5.0,  10.0, 128.0, 9.0  ,  0.0,     ,  0.0,     ,  0.0, 0.0,  30.0,       ,      ,      ,        ,        ,        ,        ,        ,        ,        ,        ,      
bourgch01, 1985,     2, STL , NHL , D  , 31.0,  2.0,   7.0,   9.0, 116.0, 9.0  ,  1.0,     ,  0.0,     ,  1.0, 0.0,  34.0,   19.0,   2.0,   2.0,     4.0,   116.0, 3.0    ,     1.0,        ,     0.0,        ,     0.0,    23.0
bourgch01, 1986,     1, STL , NHL , D  , 66.0,  2.0,  12.0,  14.0, 164.0, 16.0 ,  0.0,     ,  0.0,     ,  1.0, 0.0,  54.0,    6.0,   0.0,   0.0,     0.0,    27.0, -3.0   ,     0.0,        ,     0.0,        ,     0.0,     6.0
bourgch01, 1987,     1, STL , NHL , D  , 30.0,  0.0,   1.0,   1.0,  78.0, -2.0 ,  0.0,  0.0,  0.0,  0.0,  0.0, 0.0,   9.0,       ,      ,      ,        ,        ,        ,        ,        ,        ,        ,        ,      
bourgch01, 1987,     2, HAR , NHL , D  ,  1.0,  0.0,   0.0,   0.0,   0.0, -1.0 ,  0.0,  0.0,  0.0,  0.0,  0.0, 0.0,   0.0,       ,      ,      ,        ,        ,        ,        ,        ,        ,        ,        ,      
bourgle01, 1924,     1, SAS , WCHL, D  , 19.0,  3.0,   0.0,   3.0,   8.0,      ,     ,     ,     ,     ,     ,    ,      ,       ,      ,      ,        ,        ,        ,        ,        ,        ,        ,        ,      
bourgle01, 1925,     1, SAS , WCHL, D  , 30.0,  5.0,   2.0,   7.0,  18.0,      ,     ,     ,     ,     ,     ,    ,      ,    2.0,   0.0,   0.0,     0.0,     8.0,        ,        ,        ,        ,        ,        ,      
bourgle01, 1926,     1, TRS , NHL , D/R, 22.0,  1.0,   0.0,   1.0,  44.0,      ,     ,     ,     ,     ,     ,    ,      ,       ,      ,      ,        ,        ,        ,        ,        ,        ,        ,        ,      
bourgle01, 1926,     2, NYR , NHL , D/R, 20.0,  1.0,   1.0,   2.0,  28.0,      ,     ,     ,     ,     ,     ,    ,      ,    2.0,   0.0,   0.0,     0.0,     4.0,        ,        ,        ,        ,        ,        ,      
bourgle01, 1927,     1, NYR , NHL , D/R, 37.0,  7.0,   0.0,   7.0,  72.0,      ,     ,     ,     ,     ,     ,    ,      ,    9.0,   0.0,   0.0,     0.0,     8.0,        ,        ,        ,        ,        ,        ,      
bourgle01, 1928,     1, NYR , NHL , D/R, 44.0,  2.0,   3.0,   5.0,  59.0,      ,     ,     ,     ,     ,     ,    ,      ,    6.0,   0.0,   0.0,     0.0,     0.0,        ,        ,        ,        ,        ,        ,      
bourgle01, 1929,     1, NYR , NHL , D  , 44.0,  7.0,   6.0,  13.0,  54.0,      ,     ,     ,     ,     ,     ,    ,      ,    3.0,   1.0,   1.0,     2.0,     6.0,        ,        ,        ,        ,        ,        ,      
bourgle01, 1930,     1, NYR , NHL , D/R, 10.0,  0.0,   0.0,   0.0,  12.0,      ,     ,     ,     ,     ,     ,    ,      ,       ,      ,      ,        ,        ,        ,        ,        ,        ,        ,        ,      
bourgle01, 1930,     2, OTS , NHL , D/R, 28.0,  0.0,   5.0,   5.0,  28.0,      ,     ,     ,     ,     ,     ,    ,      ,       ,      ,      ,        ,        ,        ,        ,        ,        ,        ,        ,      
bourgle01, 1932,     1, OTS , NHL , D/R, 35.0,  1.0,   1.0,   2.0,  18.0,      ,     ,     ,     ,     ,     ,    ,      ,       ,      ,      ,        ,        ,        ,        ,        ,        ,        ,        ,      
bourgle01, 1932,     2, MTL , NHL , D/R, 15.0,  1.0,   1.0,   2.0,   9.0,      ,     ,     ,     ,     ,     ,    ,      ,    2.0,   0.0,   0.0,     0.0,     0.0,        ,        ,        ,        ,        ,        ,      
bourgle01, 1933,     1, MTL , NHL , D/R, 48.0,  4.0,   3.0,   7.0,  10.0,      ,     ,     ,     ,     ,     ,    ,      ,    2.0,   0.0,   0.0,     0.0,     0.0,        ,        ,        ,        ,        ,        ,      
bourgle01, 1934,     1, MTL , NHL , R/D,  4.0,  0.0,   0.0,   0.0,   0.0,      ,     ,     ,     ,     ,     ,    ,      ,       ,      ,      ,        ,        ,        ,        ,        ,        ,        ,        ,      
bournbo01, 1974,     1, NYI , NHL , C  , 77.0, 16.0,  23.0,  39.0,  12.0, 10.0 ,  2.0,     ,  0.0,     ,  2.0, 0.0, 127.0,    9.0,   1.0,   2.0,     3.0,     4.0,        ,     1.0,        ,     0.0,        ,     0.0,      
bournbo01, 1975,     1, NYI , NHL , C  , 14.0,  2.0,   3.0,   5.0,  13.0, -2.0 ,  0.0,     ,  0.0,     ,  1.0, 0.0,  16.0,       ,      ,      ,        ,        ,        ,        ,        ,        ,        ,        ,      
bournbo01, 1976,     1, NYI , NHL , L  , 75.0, 16.0,  19.0,  35.0,  30.0, 26.0 ,  0.0,     ,  0.0,     ,  5.0, 1.0, 137.0,    8.0,   2.0,   0.0,     2.0,     4.0,        ,     0.0,        ,     0.0,        ,     0.0,      
bournbo01, 1977,     1, NYI , NHL , C  , 80.0, 30.0,  33.0,  63.0,  31.0, 15.0 ,  2.0,     ,  0.0,     ,  8.0, 1.0, 178.0,    7.0,   2.0,   3.0,     5.0,     2.0,        ,     1.0,        ,     0.0,        ,     0.0,      
bournbo01, 1978,     1, NYI , NHL , C  , 80.0, 30.0,  31.0,  61.0,  48.0, 34.0 ,  4.0,     ,  1.0,     ,  2.0, 1.0, 148.0,   10.0,   1.0,   3.0,     4.0,     6.0,        ,     0.0,        ,     0.0,        ,     0.0,      
bournbo01, 1979,     1, NYI , NHL , C  , 73.0, 15.0,  25.0,  40.0,  52.0, 5.0  ,  3.0,     ,  0.0,     ,  1.0, 1.0, 155.0,   21.0,  10.0,  10.0,    20.0,    10.0,        ,     5.0,        ,     2.0,        ,     1.0,      
bournbo01, 1980,     1, NYI , NHL , L  , 78.0, 35.0,  41.0,  76.0,  62.0, 34.0 ,  9.0,     ,  7.0,     ,  5.0, 1.0, 195.0,   14.0,   4.0,   6.0,    10.0,    19.0,        ,     1.0,        ,     1.0,        ,     1.0,      
bournbo01, 1981,     1, NYI , NHL , L  , 76.0, 27.0,  26.0,  53.0,  77.0, 27.0 ,  5.0,     ,  2.0,     ,  2.0, 1.0, 173.0,   19.0,   9.0,   7.0,    16.0,    36.0,        ,     3.0,        ,     1.0,        ,     0.0,      
bournbo01, 1982,     1, NYI , NHL , L  , 77.0, 20.0,  42.0,  62.0,  55.0, 14.0 ,  5.0,     ,  1.0,     ,  3.0, 0.0, 147.0,   20.0,   8.0,  20.0,    28.0,    14.0,        ,     0.0,        ,     1.0,        ,     2.0,      
bournbo01, 1983,     1, NYI , NHL , L  , 78.0, 22.0,  34.0,  56.0,  75.0, 12.0 ,  5.0,     ,  5.0,     ,  2.0, 2.0, 140.0,    8.0,   1.0,   1.0,     2.0,     7.0, 0.0    ,     0.0,        ,     0.0,        ,     1.0,    11.0
bournbo01, 1984,     1, NYI , NHL , L  , 44.0,  8.0,  12.0,  20.0,  51.0, -8.0 ,  1.0,     ,  0.0,     ,  1.0, 0.0,  56.0,   10.0,   0.0,   2.0,     2.0,     6.0, -2.0   ,     0.0,        ,     0.0,        ,     0.0,    12.0
bournbo01, 1985,     1, NYI , NHL , L  , 62.0, 17.0,  15.0,  32.0,  36.0, -7.0 ,  2.0,     ,  0.0,     ,  5.0, 0.0, 100.0,    3.0,   0.0,   0.0,     0.0,     0.0, -2.0   ,     0.0,        ,     0.0,        ,     0.0,     6.0
bournbo01, 1986,     1, LAK , NHL , C  , 78.0, 13.0,   9.0,  22.0,  35.0, -13.0,  0.0,     ,  3.0,     ,  0.0, 0.0,  93.0,    5.0,   2.0,   1.0,     3.0,     0.0, -2.0   ,     0.0,        ,     0.0,        ,     0.0,     5.0
bournbo01, 1987,     1, LAK , NHL , C  , 72.0,  7.0,  11.0,  18.0,  28.0, -31.0,  1.0,  3.0,  0.0,  2.0,  1.0, 0.0,  75.0,    5.0,   0.0,   1.0,     1.0,     0.0, -1.0   ,     0.0,     0.0,     0.0,     0.0,     0.0,     2.0
bourqch01, 2007,     1, WAS , NHL , L  ,  4.0,  0.0,   0.0,   0.0,   2.0, 0.0  ,  0.0,  0.0,  0.0,  0.0,  0.0,    ,   4.0,       ,      ,      ,        ,        ,        ,        ,        ,        ,        ,        ,      
bourqch01, 2008,     1, WAS , NHL , L  ,  8.0,  1.0,   0.0,   1.0,   0.0, 0.0  ,  0.0,  0.0,  0.0,  0.0,  0.0,    ,  11.0,       ,      ,      ,        ,        ,        ,        ,        ,        ,        ,        ,      
bourqch01, 2009,     1, PIT , NHL , L  , 20.0,  0.0,   3.0,   3.0,  10.0, -4.0 ,  0.0,  2.0,  0.0,  0.0,  0.0,    ,  20.0,       ,      ,      ,        ,        ,        ,        ,        ,        ,        ,        ,      
bourqch01, 2009,     2, WAS , NHL , L  ,  1.0,  0.0,   0.0,   0.0,   0.0, -2.0 ,  0.0,  0.0,  0.0,  0.0,  0.0,    ,   1.0,       ,      ,      ,        ,        ,        ,        ,        ,        ,        ,        ,      
bourqcl01, 1938,     1, MTL , NHL , G  , 25.0,  0.0,   0.0,   0.0,   0.0,      ,     ,     ,     ,     ,     ,    ,      ,    3.0,   0.0,   0.0,     0.0,     0.0,        ,        ,        ,        ,        ,        ,      
bourqcl01, 1939,     1, DET , NHL , G  ,  1.0,  0.0,   0.0,   0.0,   0.0,      ,     ,     ,     ,     ,     ,    ,      ,       ,      ,      ,        ,        ,        ,        ,        ,        ,        ,        ,      
bourqcl01, 1939,     2, MTL , NHL , G  , 36.0,  0.0,   0.0,   0.0,   0.0,      ,     ,     ,     ,     ,     ,    ,      ,       ,      ,      ,        ,        ,        ,        ,        ,        ,        ,        ,      
bourqph01, 1983,     1, PIT , NHL , D  ,  5.0,  0.0,   1.0,   1.0,  12.0, -2.0 ,  0.0,     ,  0.0,     ,  0.0, 0.0,   6.0,       ,      ,      ,        ,        ,        ,        ,        ,        ,        ,        ,      
bourqph01, 1985,     1, PIT , NHL , D  ,  4.0,  0.0,   0.0,   0.0,   2.0, -2.0 ,  0.0,     ,  0.0,     ,  0.0, 0.0,   0.0,       ,      ,      ,        ,        ,        ,        ,        ,        ,        ,        ,      
bourqph01, 1986,     1, PIT , NHL , D  , 22.0,  2.0,   3.0,   5.0,  32.0, -2.0 ,  0.0,     ,  0.0,     ,  1.0, 0.0,  23.0,       ,      ,      ,        ,        ,        ,        ,        ,        ,        ,        ,      
bourqph01, 1987,     1, PIT , NHL , D  , 21.0,  4.0,  12.0,  16.0,  20.0, 3.0  ,  2.0,  8.0,  0.0,  0.0,  1.0, 0.0,  56.0,       ,      ,      ,        ,        ,        ,        ,        ,        ,        ,        ,      
bourqph01, 1988,     1, PIT , NHL , L  , 80.0, 17.0,  26.0,  43.0,  97.0, -22.0,  5.0, 13.0,  2.0,  0.0,  3.0, 0.0, 153.0,   11.0,   4.0,   1.0,     5.0,    66.0, 2.0    ,     0.0,     1.0,     0.0,     0.0,     1.0,    11.0
bourqph01, 1989,     1, PIT , NHL , L  , 76.0, 22.0,  17.0,  39.0, 108.0, -7.0 ,  2.0,  5.0,  1.0,  0.0,  3.0, 1.0, 110.0,       ,      ,      ,        ,        ,        ,        ,        ,        ,        ,        ,      
bourqph01, 1990,     1, PIT , NHL , L  , 78.0, 20.0,  14.0,  34.0, 106.0, 7.0  ,  1.0,  0.0,  4.0,  1.0,  0.0, 0.0, 122.0,   24.0,   6.0,   7.0,    13.0,    16.0, 6.0    ,     0.0,     1.0,     0.0,     0.0,     0.0,    39.0
bourqph01, 1991,     1, PIT , NHL , L  , 58.0, 10.0,  16.0,  26.0,  58.0, -6.0 ,  0.0,  0.0,  1.0,  2.0,  3.0, 0.0,  51.0,   21.0,   3.0,   4.0,     7.0,    25.0, -1.0   ,     2.0,     1.0,     0.0,     0.0,     0.0,    32.0
bourqph01, 1992,     1, NYR , NHL , L  , 55.0,  6.0,  14.0,  20.0,  39.0, -9.0 ,  0.0,  3.0,  0.0,  0.0,  2.0, 0.0,  71.0,       ,      ,      ,        ,        ,        ,        ,        ,        ,        ,        ,      
bourqph01, 1993,     1, NYR , NHL , L  , 16.0,  0.0,   1.0,   1.0,   8.0, -2.0 ,  0.0,  0.0,  0.0,  0.0,  0.0, 0.0,   2.0,       ,      ,      ,        ,        ,        ,        ,        ,        ,        ,        ,      
bourqph01, 1993,     2, OTT , NHL , L  , 11.0,  2.0,   3.0,   5.0,   0.0, -2.0 ,  0.0,  1.0,  2.0,  0.0,  0.0, 0.0,  19.0,       ,      ,      ,        ,        ,        ,        ,        ,        ,        ,        ,      
bourqph01, 1994,     1, OTT , NHL , L  , 38.0,  4.0,   3.0,   7.0,  20.0, -17.0,  0.0,  0.0,  0.0,  0.0,  0.0, 0.0,  34.0,       ,      ,      ,        ,        ,        ,        ,        ,        ,        ,        ,      
bourqph01, 1995,     1, OTT , NHL , L  , 13.0,  1.0,   1.0,   2.0,  14.0, -3.0 ,  0.0,  0.0,  0.0,  0.0,  0.0, 0.0,  12.0,       ,      ,      ,        ,        ,        ,        ,        ,        ,        ,        ,      
bourqra01, 1979,     1, BOS , NHL , D  , 80.0, 17.0,  48.0,  65.0,  73.0, 52.0 ,  3.0,     ,  2.0,     ,  1.0, 1.0, 185.0,   10.0,   2.0,   9.0,    11.0,    27.0,        ,     0.0,        ,     0.0,        ,     0.0,      
bourqra01, 1980,     1, BOS , NHL , D  , 67.0, 27.0,  29.0,  56.0,  96.0, 29.0 ,  9.0,     ,  1.0,     ,  6.0, 0.0, 207.0,    3.0,   0.0,   1.0,     1.0,     2.0,        ,     0.0,        ,     0.0,        ,     0.0,      
bourqra01, 1981,     1, BOS , NHL , D  , 65.0, 17.0,  49.0,  66.0,  51.0, 22.0 ,  4.0,     ,  0.0,     ,  2.0, 2.0, 211.0,    9.0,   1.0,   5.0,     6.0,    16.0,        ,     0.0,        ,     0.0,        ,     1.0,      
bourqra01, 1982,     1, BOS , NHL , D  , 65.0, 22.0,  51.0,  73.0,  20.0, 49.0 ,  7.0,     ,  0.0,     ,  5.0, 2.0, 205.0,   17.0,   8.0,  15.0,    23.0,    10.0,        ,     2.0,        ,     0.0,        ,     1.0,      
bourqra01, 1983,     1, BOS , NHL , D  , 78.0, 31.0,  65.0,  96.0,  57.0, 51.0 , 12.0,     ,  1.0,     ,  5.0, 0.0, 340.0,    3.0,   0.0,   2.0,     2.0,     0.0, -3.0   ,     0.0,        ,     0.0,        ,     0.0,    10.0
bourqra01, 1984,     1, BOS , NHL , D  , 73.0, 20.0,  66.0,  86.0,  53.0, 30.0 , 10.0,     ,  1.0,     ,  1.0, 0.0, 333.0,    5.0,   0.0,   3.0,     3.0,     4.0, 1.0    ,     0.0,        ,     0.0,        ,     0.0,    15.0
bourqra01, 1985,     1, BOS , NHL , D  , 74.0, 19.0,  58.0,  77.0,  68.0, 17.0 , 11.0,     ,  0.0,     ,  3.0, 0.0, 289.0,    3.0,   0.0,   0.0,     0.0,     0.0, 0.0    ,     0.0,        ,     0.0,        ,     0.0,     7.0
bourqra01, 1986,     1, BOS , NHL , D  , 78.0, 23.0,  72.0,  95.0,  36.0, 44.0 ,  6.0,     ,  1.0,     ,  3.0, 2.0, 334.0,    4.0,   1.0,   2.0,     3.0,     0.0, -1.0   ,     0.0,        ,     0.0,        ,     0.0,    22.0
bourqra01, 1987,     1, BOS , NHL , D  , 78.0, 17.0,  64.0,  81.0,  72.0, 34.0 ,  7.0, 27.0,  1.0,  0.0,  5.0, 0.0, 344.0,   23.0,   3.0,  18.0,    21.0,    26.0, 16.0   ,     0.0,     8.0,     0.0,     1.0,     1.0,    65.0
bourqra01, 1988,     1, BOS , NHL , D  , 60.0, 18.0,  43.0,  61.0,  52.0, 20.0 ,  6.0, 21.0,  0.0,  0.0,  0.0, 1.0, 243.0,   10.0,   0.0,   4.0,     4.0,     6.0, -1.0   ,     0.0,     2.0,     0.0,     0.0,     0.0,    40.0
bourqra01, 1989,     1, BOS , NHL , D  , 76.0, 19.0,  65.0,  84.0,  50.0, 31.0 ,  8.0, 39.0,  0.0,  0.0,  3.0, 0.0, 310.0,   17.0,   5.0,  12.0,    17.0,    16.0, 11.0   ,     1.0,     4.0,     0.0,     0.0,     0.0,    64.0
bourqra01, 1990,     1, BOS , NHL , D  , 76.0, 21.0,  73.0,  94.0,  75.0, 33.0 ,  7.0, 38.0,  0.0,  0.0,  3.0, 1.0, 323.0,   19.0,   7.0,  18.0,    25.0,    12.0, -4.0   ,     3.0,    14.0,     0.0,     0.0,     0.0,    84.0
bourqra01, 1991,     1, BOS , NHL , D  , 80.0, 21.0,  60.0,  81.0,  56.0, 11.0 ,  7.0, 28.0,  1.0,  0.0,  2.0, 0.0, 334.0,   12.0,   3.0,   6.0,     9.0,    12.0, -10.0  ,     2.0,     4.0,     0.0,     0.0,     0.0,    51.0
bourqra01, 1992,     1, BOS , NHL , D  , 78.0, 19.0,  63.0,  82.0,  40.0, 38.0 ,  8.0, 33.0,  0.0,  5.0,  7.0, 0.0, 330.0,    4.0,   1.0,   0.0,     1.0,     2.0, -2.0   ,     1.0,     0.0,     0.0,     0.0,     0.0,    20.0
bourqra01, 1993,     1, BOS , NHL , D  , 72.0, 20.0,  71.0,  91.0,  58.0, 26.0 , 10.0, 42.0,  3.0,  2.0,  1.0, 1.0, 386.0,   13.0,   2.0,   8.0,    10.0,     0.0, -5.0   ,     1.0,     6.0,     0.0,     0.0,     0.0,    64.0
bourqra01, 1994,     1, BOS , NHL , D  , 46.0, 12.0,  31.0,  43.0,  20.0, 3.0  ,  9.0, 20.0,  0.0,  0.0,  2.0, 0.0, 210.0,    5.0,   0.0,   3.0,     3.0,     0.0, -5.0   ,     0.0,     2.0,     0.0,     0.0,     0.0,    15.0
bourqra01, 1995,     1, BOS , NHL , D  , 82.0, 20.0,  62.0,  82.0,  58.0, 31.0 ,  9.0, 29.0,  2.0,  0.0,  2.0, 1.0, 390.0,    5.0,   1.0,   6.0,     7.0,     2.0, -4.0   ,     1.0,     5.0,     0.0,     1.0,     0.0,    28.0
bourqra01, 1996,     1, BOS , NHL , D  , 62.0, 19.0,  31.0,  50.0,  18.0, -11.0,  8.0,  9.0,  1.0,  5.0,  3.0, 1.0, 230.0,       ,      ,      ,        ,        ,        ,        ,        ,        ,        ,        ,      
bourqra01, 1997,     1, BOS , NHL , D  , 82.0, 13.0,  35.0,  48.0,  80.0, 2.0  ,  9.0, 21.0,  0.0,  2.0,  3.0, 1.0, 264.0,    6.0,   1.0,   4.0,     5.0,     2.0, -2.0   ,     1.0,     3.0,     0.0,     0.0,     0.0,    42.0
bourqra01, 1998,     1, BOS , NHL , D  , 81.0, 10.0,  47.0,  57.0,  34.0, -7.0 ,  8.0, 31.0,  0.0,  1.0,  3.0, 0.0, 262.0,   12.0,   1.0,   9.0,    10.0,    14.0, 1.0    ,     0.0,     6.0,     0.0,     0.0,     0.0,    44.0
bourqra01, 1999,     1, BOS , NHL , D  , 65.0, 10.0,  28.0,  38.0,  20.0, -11.0,  6.0, 20.0,  0.0,  0.0,  0.0, 0.0, 217.0,       ,      ,      ,        ,        ,        ,        ,        ,        ,        ,        ,      
bourqra01, 1999,     2, COL , NHL , D  , 14.0,  8.0,   6.0,  14.0,   6.0, 9.0  ,  7.0,  4.0,  0.0,  0.0,  0.0, 0.0,  43.0,   13.0,   1.0,   8.0,     9.0,     8.0, 4.0    ,     0.0,     3.0,     0.0,     0.0,     0.0,    28.0
bourqra01, 2000,     1, COL , NHL , D  , 80.0,  7.0,  52.0,  59.0,  48.0, 25.0 ,  2.0, 31.0,  2.0,  0.0,  0.0, 1.0, 216.0,   21.0,   4.0,   6.0,    10.0,    12.0, 9.0    ,     3.0,     5.0,     0.0,     0.0,     1.0,    49.0
bourqre01, 2005,     1, CHI , NHL , R  , 77.0, 16.0,  18.0,  34.0,  56.0, 3.0  ,  4.0,  5.0,  0.0,  0.0,  2.0,    , 180.0,       ,      ,      ,        ,        ,        ,        ,        ,        ,        ,        ,      
bourqre01, 2006,     1, CHI , NHL , L  , 44.0,  7.0,  10.0,  17.0,  38.0, -4.0 ,  2.0,  2.0,  1.0,  0.0,  1.0,    ,  82.0,       ,      ,      ,        ,        ,        ,        ,        ,        ,        ,        ,      
bourqre01, 2007,     1, CHI , NHL , L  , 62.0, 10.0,  14.0,  24.0,  42.0, 6.0  ,  0.0,  1.0,  5.0,  2.0,  2.0,    , 103.0,       ,      ,      ,        ,        ,        ,        ,        ,        ,        ,        ,      
bourqre01, 2008,     1, CAL , NHL , L  , 58.0, 21.0,  19.0,  40.0,  70.0, 18.0 ,  0.0,  1.0,  1.0,  0.0,  0.0,    , 149.0,    5.0,   1.0,   0.0,     1.0,    22.0, -2.0   ,     0.0,     0.0,     0.0,     0.0,     0.0,    12.0
bourqre01, 2009,     1, CAL , NHL , L  , 73.0, 27.0,  31.0,  58.0,  88.0, 7.0  ,  6.0,  7.0,  4.0,  0.0,  5.0,    , 215.0,       ,      ,      ,        ,        ,        ,        ,        ,        ,        ,        ,      
boutepa01, 1975,     1, TOR , NHL , R  , 77.0, 10.0,  22.0,  32.0, 140.0, -1.0 ,  2.0,     ,  0.0,     ,  2.0, 0.0,  92.0,   10.0,   1.0,   4.0,     5.0,    16.0,        ,     0.0,        ,     0.0,        ,     0.0,      
boutepa01, 1976,     1, TOR , NHL , R  , 80.0, 18.0,  18.0,  36.0, 107.0, 13.0 ,  3.0,     ,  0.0,     ,  1.0, 0.0, 104.0,    9.0,   0.0,   4.0,     4.0,    17.0,        ,     0.0,        ,     0.0,        ,     0.0,      
boutepa01, 1977,     1, TOR , NHL , L  , 80.0, 17.0,  19.0,  36.0, 120.0, 0.0  ,  2.0,     ,  0.0,     ,  1.0, 1.0, 130.0,   13.0,   3.0,   3.0,     6.0,    40.0,        ,     0.0,        ,     0.0,        ,     0.0,      
boutepa01, 1978,     1, TOR , NHL , L  , 80.0, 14.0,  19.0,  33.0, 136.0, 3.0  ,  0.0,     ,  0.0,     ,  2.0, 1.0,  89.0,    6.0,   2.0,   2.0,     4.0,    22.0,        ,     0.0,        ,     0.0,        ,     0.0,      
boutepa01, 1979,     1, TOR , NHL , R  , 32.0,  0.0,   4.0,   4.0,  17.0, -6.0 ,  0.0,     ,  0.0,     ,  0.0, 0.0,  11.0,       ,      ,      ,        ,        ,        ,        ,        ,        ,        ,        ,      
boutepa01, 1979,     2, HAR , NHL , L  , 47.0, 13.0,  31.0,  44.0,  75.0, 17.0 ,  3.0,     ,  0.0,     ,  0.0, 2.0,  72.0,    3.0,   1.0,   0.0,     1.0,     6.0,        ,     0.0,        ,     1.0,        ,     0.0,      
boutepa01, 1980,     1, HAR , NHL , L  , 80.0, 28.0,  52.0,  80.0, 160.0, -13.0,  8.0,     ,  2.0,     ,  3.0, 1.0, 182.0,       ,      ,      ,        ,        ,        ,        ,        ,        ,        ,        ,      
boutepa01, 1981,     1, PIT , NHL , L  , 80.0, 23.0,  51.0,  74.0, 230.0, -23.0, 14.0,     ,  1.0,     ,  2.0, 2.0, 140.0,    5.0,   3.0,   1.0,     4.0,     8.0,        ,     2.0,        ,     0.0,        ,     0.0,      
boutepa01, 1982,     1, PIT , NHL , R  , 80.0, 27.0,  29.0,  56.0, 152.0, -33.0, 13.0,     ,  1.0,     ,  4.0, 2.0, 142.0,       ,      ,      ,        ,        ,        ,        ,        ,        ,        ,        ,      
boutepa01, 1983,     1, PIT , NHL , R  , 73.0, 14.0,  26.0,  40.0, 142.0, -58.0, 10.0,     ,  0.0,     ,  1.0, 1.0, 107.0,       ,      ,      ,        ,        ,        ,        ,        ,        ,        ,        ,      
boutepa01, 1984,     1, PIT , NHL , L  , 14.0,  1.0,   3.0,   4.0,  24.0, -5.0 ,  0.0,     ,  1.0,     ,  0.0, 0.0,  11.0,       ,      ,      ,        ,        ,        ,        ,        ,        ,        ,        ,      
boutepa01, 1984,     2, HAR , NHL , L  , 33.0,  6.0,   8.0,  14.0,  51.0, -6.0 ,  0.0,     ,  0.0,     ,  2.0, 0.0,  43.0,       ,      ,      ,        ,        ,        ,        ,        ,        ,        ,        ,      
boutipa01, 1981,     1, NYI , NHL , D  ,  1.0,  0.0,   0.0,   0.0,   0.0, 0.0  ,  0.0,     ,  0.0,     ,  0.0, 0.0,   0.0,       ,      ,      ,        ,        ,        ,        ,        ,        ,        ,        ,      
boutipa01, 1982,     1, NYI , NHL , D  , 29.0,  4.0,   5.0,   9.0,  24.0, -5.0 ,  3.0,     ,  0.0,     ,  1.0, 0.0,  52.0,    2.0,   0.0,   0.0,     0.0,     2.0,        ,     0.0,        ,     0.0,        ,     0.0,      
boutipa01, 1983,     1, NYI , NHL , D  , 28.0,  0.0,  11.0,  11.0,  36.0, 18.0 ,  0.0,     ,  0.0,     ,  0.0, 0.0,  31.0,   21.0,   1.0,   7.0,     8.0,    10.0, 7.0    ,     0.0,        ,     0.0,        ,     1.0,    28.0
boutipa01, 1984,     1, NYI , NHL , D  , 78.0, 12.0,  23.0,  35.0,  90.0, 0.0  ,  2.0,     ,  1.0,     ,  3.0, 0.0, 137.0,   10.0,   0.0,   2.0,     2.0,    16.0, 0.0    ,     0.0,        ,     0.0,        ,     0.0,    14.0
boutipa01, 1985,     1, NYI , NHL , D  , 77.0,  4.0,  30.0,  34.0, 100.0, -5.0 ,  0.0,     ,  0.0,     ,  0.0, 0.0, 124.0,    3.0,   0.0,   0.0,     0.0,     2.0, -2.0   ,     0.0,        ,     0.0,        ,     0.0,     5.0
boutipa01, 1986,     1, BOS , NHL , D  , 52.0,  5.0,   9.0,  14.0,  84.0, -2.0 ,  1.0,     ,  1.0,     ,  0.0, 0.0,  68.0,       ,      ,      ,        ,        ,        ,        ,        ,        ,        ,        ,      
boutipa01, 1986,     2, MNS , NHL , D  , 10.0,  2.0,   4.0,   6.0,   8.0, 1.0  ,  0.0,     ,  0.0,     ,  0.0, 0.0,  21.0,       ,      ,      ,        ,        ,        ,        ,        ,        ,        ,        ,      
boutipa01, 1987,     1, NYR , NHL , D  ,  4.0,  0.0,   1.0,   1.0,   6.0, -1.0 ,  0.0,  1.0,  0.0,  0.0,  0.0, 0.0,   3.0,       ,      ,      ,        ,        ,        ,        ,        ,        ,        ,        ,      
boutipa01, 1987,     2, WIN , NHL , D  ,  6.0,  0.0,   0.0,   0.0,   6.0, -2.0 ,  0.0,  0.0,  0.0,  0.0,  0.0, 0.0,   6.0,    5.0,   0.0,   0.0,     0.0,    15.0, 0.0    ,     0.0,     0.0,     0.0,     0.0,     0.0,     2.0
boutipa01, 1988,     1, WIN , NHL , D  ,  3.0,  0.0,   0.0,   0.0,   4.0, 2.0  ,  0.0,  0.0,  0.0,  0.0,  0.0, 0.0,   4.0,       ,      ,      ,        ,        ,        ,        ,        ,        ,        ,        ,      
boutiro01, 1978,     1, WAS , NHL , G  ,  2.0,  0.0,   0.0,   0.0,   0.0, 0.0  ,  0.0,     ,  0.0,     ,  0.0, 0.0,   0.0,       ,      ,      ,        ,        ,        ,        ,        ,        ,        ,        ,      
boutiro01, 1979,     1, WAS , NHL , G  , 18.0,  0.0,   1.0,   1.0,   6.0, 0.0  ,  0.0,     ,  0.0,     ,  0.0, 0.0,   0.0,       ,      ,      ,        ,        ,        ,        ,        ,        ,        ,        ,      
boutiro01, 1980,     1, WAS , NHL , G  ,  2.0,  0.0,   0.0,   0.0,   0.0, 0.0  ,  0.0,     ,  0.0,     ,  0.0, 0.0,   0.0,       ,      ,      ,        ,        ,        ,        ,        ,        ,        ,        ,      
bouvrli01, 1942,     1, NYR , NHL , G  ,  1.0,  0.0,   0.0,   0.0,   0.0,      ,     ,     ,     ,     ,     ,    ,      ,       ,      ,      ,        ,        ,        ,        ,        ,        ,        ,        ,      
bouwmja01, 2002,     1, FLO , NHL , D  , 82.0,  4.0,  12.0,  16.0,  14.0, -29.0,  2.0,  8.0,  0.0,  0.0,  0.0, 2.0, 110.0,       ,      ,      ,        ,        ,        ,        ,        ,        ,        ,        ,      
bouwmja01, 2003,     1, FLO , NHL , D  , 61.0,  2.0,  18.0,  20.0,  30.0, -15.0,  0.0,  9.0,  0.0,  1.0,  0.0, 0.0,  85.0,       ,      ,      ,        ,        ,        ,        ,        ,        ,        ,        ,      
bouwmja01, 2005,     1, FLO , NHL , D  , 82.0,  5.0,  41.0,  46.0,  79.0, 1.0  ,  0.0, 16.0,  0.0,  0.0,  0.0,    , 189.0,       ,      ,      ,        ,        ,        ,        ,        ,        ,        ,        ,      
bouwmja01, 2006,     1, FLO , NHL , D  , 82.0, 12.0,  30.0,  42.0,  66.0, 23.0 ,  3.0,  8.0,  0.0,  0.0,  3.0,    , 174.0,       ,      ,      ,        ,        ,        ,        ,        ,        ,        ,        ,      
bouwmja01, 2007,     1, FLO , NHL , D  , 82.0, 15.0,  22.0,  37.0,  72.0, -5.0 ,  4.0, 10.0,  0.0,  0.0,  0.0,    , 182.0,       ,      ,      ,        ,        ,        ,        ,        ,        ,        ,        ,      
bouwmja01, 2008,     1, FLO , NHL , D  , 82.0, 15.0,  27.0,  42.0,  68.0, -2.0 ,  9.0, 11.0,  0.0,  1.0,  2.0,    , 182.0,       ,      ,      ,        ,        ,        ,        ,        ,        ,        ,        ,      
bouwmja01, 2009,     1, CAL , NHL , D  , 82.0,  3.0,  26.0,  29.0,  48.0, -4.0 ,  1.0, 11.0,  0.0,  2.0,  0.0,    , 130.0,       ,      ,      ,        ,        ,        ,        ,        ,        ,        ,        ,      
bowenja01, 1992,     1, PHI , NHL , D  ,  7.0,  1.0,   0.0,   1.0,   2.0, 1.0  ,  0.0,  0.0,  0.0,  0.0,  0.0, 0.0,   3.0,       ,      ,      ,        ,        ,        ,        ,        ,        ,        ,        ,      
bowenja01, 1993,     1, PHI , NHL , D  , 56.0,  1.0,   5.0,   6.0,  87.0, 12.0 ,  0.0,  0.0,  0.0,  0.0,  1.0, 0.0,  50.0,       ,      ,      ,        ,        ,        ,        ,        ,        ,        ,        ,      
bowenja01, 1994,     1, PHI , NHL , D  ,  4.0,  0.0,   0.0,   0.0,   0.0, -2.0 ,  0.0,  0.0,  0.0,  0.0,  0.0, 0.0,   2.0,       ,      ,      ,        ,        ,        ,        ,        ,        ,        ,        ,      
bowenja01, 1995,     1, PHI , NHL , D  ,  2.0,  0.0,   0.0,   0.0,   2.0, 0.0  ,  0.0,  0.0,  0.0,  0.0,  0.0, 0.0,   2.0,       ,      ,      ,        ,        ,        ,        ,        ,        ,        ,        ,      
bowenja01, 1996,     1, PHI , NHL , D  ,  4.0,  0.0,   1.0,   1.0,   8.0, 1.0  ,  0.0,  0.0,  0.0,  0.0,  0.0, 0.0,   1.0,       ,      ,      ,        ,        ,        ,        ,        ,        ,        ,        ,      
bowenja01, 1997,     1, EDM , NHL , D  ,  4.0,  0.0,   0.0,   0.0,  10.0, 0.0  ,  0.0,  0.0,  0.0,  0.0,  0.0, 0.0,   3.0,       ,      ,      ,        ,        ,        ,        ,        ,        ,        ,        ,      
bowerjo01, 1953,     1, NYR , NHL , G  , 70.0,  0.0,   0.0,   0.0,   0.0,      ,     ,     ,     ,     ,     ,    ,      ,       ,      ,      ,        ,        ,        ,        ,        ,        ,        ,        ,      
bowerjo01, 1954,     1, NYR , NHL , G  ,  5.0,  0.0,   0.0,   0.0,   0.0,      ,     ,     ,     ,     ,     ,    ,      ,       ,      ,      ,        ,        ,        ,        ,        ,        ,        ,        ,      
bowerjo01, 1956,     1, NYR , NHL , G  ,  2.0,  0.0,   0.0,   0.0,   0.0,      ,     ,     ,     ,     ,     ,    ,      ,       ,      ,      ,        ,        ,        ,        ,        ,        ,        ,        ,      
bowerjo01, 1958,     1, TOR , NHL , G  , 39.0,  0.0,   0.0,   0.0,   2.0,      ,     ,     ,     ,     ,     ,    ,      ,   12.0,   0.0,   0.0,     0.0,     0.0,        ,        ,        ,        ,        ,        ,      
bowerjo01, 1959,     1, TOR , NHL , G  , 66.0,  0.0,   0.0,   0.0,   4.0,      ,     ,     ,     ,     ,     ,    ,      ,   10.0,   0.0,   0.0,     0.0,     0.0,        ,        ,        ,        ,        ,        ,      
bowerjo01, 1960,     1, TOR , NHL , G  , 58.0,  0.0,   0.0,   0.0,   0.0,      ,     ,     ,     ,     ,     ,    ,      ,    3.0,   0.0,   0.0,     0.0,     2.0,        ,        ,        ,        ,        ,     0.0,      
bowerjo01, 1961,     1, TOR , NHL , G  , 59.0,  0.0,   1.0,   1.0,   4.0,      ,     ,     ,     ,     ,     ,    ,      ,   10.0,   0.0,   0.0,     0.0,     0.0,        ,        ,        ,        ,        ,     0.0,      
bowerjo01, 1962,     1, TOR , NHL , G  , 42.0,  0.0,   0.0,   0.0,   2.0,      ,     ,     ,     ,     ,     ,    ,      ,   10.0,   0.0,   1.0,     1.0,     0.0,        ,        ,        ,        ,        ,     0.0,      
bowerjo01, 1963,     1, TOR , NHL , G  , 51.0,  0.0,   0.0,   0.0,   4.0,      ,  0.0,     ,  0.0,     ,  0.0, 0.0,      ,   14.0,   0.0,   0.0,     0.0,     0.0,        ,        ,        ,        ,        ,     0.0,      
bowerjo01, 1964,     1, TOR , NHL , G  , 34.0,  0.0,   0.0,   0.0,   6.0,      ,  0.0,     ,  0.0,     ,  0.0, 0.0,      ,    5.0,   0.0,   0.0,     0.0,     0.0,        ,        ,        ,        ,        ,     0.0,      
bowerjo01, 1965,     1, TOR , NHL , G  , 35.0,  0.0,   1.0,   1.0,   0.0,      ,  0.0,     ,  0.0,     ,  0.0, 0.0,      ,    2.0,   0.0,   0.0,     0.0,     0.0,        ,        ,        ,        ,        ,     0.0,      
bowerjo01, 1966,     1, TOR , NHL , G  , 27.0,  0.0,   0.0,   0.0,   0.0,      ,  0.0,     ,  0.0,     ,  0.0, 0.0,      ,    4.0,   0.0,   0.0,     0.0,     2.0,        ,        ,        ,        ,        ,     0.0,      
bowerjo01, 1967,     1, TOR , NHL , G  , 43.0,  0.0,   1.0,   1.0,  14.0, 0.0  ,  0.0,     ,  0.0,     ,  0.0, 0.0,   0.0,       ,      ,      ,        ,        ,        ,        ,        ,        ,        ,        ,      
bowerjo01, 1968,     1, TOR , NHL , G  , 20.0,  0.0,   0.0,   0.0,   0.0, 0.0  ,  0.0,     ,  0.0,     ,  0.0, 0.0,   0.0,    4.0,   0.0,   0.0,     0.0,     0.0,        ,     0.0,        ,     0.0,        ,     0.0,      
bowerjo01, 1969,     1, TOR , NHL , G  ,  1.0,  0.0,   0.0,   0.0,   0.0, 0.0  ,  0.0,     ,  0.0,     ,  0.0, 0.0,   0.0,       ,      ,      ,        ,        ,        ,        ,        ,        ,        ,        ,      
bowlebi01, 2000,     1, CBS , NHL , C  ,  9.0,  0.0,   2.0,   2.0,   8.0, -3.0 ,  0.0,  2.0,  0.0,  0.0,  0.0, 0.0,   3.0,       ,      ,      ,        ,        ,        ,        ,        ,        ,        ,        ,      
bowlebr01, 1975,     1, CLC , WHA , D  ,  3.0,  0.0,   0.0,   0.0,   0.0, -2.0 ,  0.0,     ,  0.0,     ,  0.0,    ,   0.0,       ,      ,      ,        ,        ,        ,        ,        ,        ,        ,        ,      
bowmadr01, 2009,     1, CAR , NHL , C  ,  9.0,  2.0,   0.0,   2.0,   4.0, -1.0 ,  1.0,  0.0,  0.0,  0.0,  0.0,    ,  17.0,       ,      ,      ,        ,        ,        ,        ,        ,        ,        ,        ,      
bowmaki01, 1973,     1, LAS , WHA , L  , 10.0,  0.0,   2.0,   2.0,   0.0,      ,  0.0,     ,  0.0,     ,  0.0,    ,      ,       ,      ,      ,        ,        ,        ,        ,        ,        ,        ,        ,      
bowmaki01, 1976,     1, CHI , NHL , L  , 55.0, 10.0,  13.0,  23.0,   6.0, -7.0 ,  2.0,     ,  0.0,     ,  2.0, 1.0,  64.0,    2.0,   1.0,   0.0,     1.0,     0.0,        ,     1.0,        ,     0.0,        ,     0.0,      
bowmaki01, 1977,     1, CHI , NHL , L  , 33.0,  1.0,   4.0,   5.0,  13.0, 0.0  ,  0.0,     ,  0.0,     ,  0.0, 0.0,  41.0,    3.0,   0.0,   0.0,     0.0,     0.0,        ,     0.0,        ,     0.0,        ,     0.0,      
bowmaki01, 1978,     1, CHI , NHL , L  ,     ,     ,      ,      ,      ,      ,     ,     ,     ,     ,     ,    ,      ,    2.0,   0.0,   0.0,     0.0,     0.0,        ,     0.0,        ,     0.0,        ,     0.0,      
bowmara01, 1933,     1, OTS , NHL , D  , 46.0,  0.0,   2.0,   2.0,  64.0,      ,     ,     ,     ,     ,     ,    ,      ,       ,      ,      ,        ,        ,        ,        ,        ,        ,        ,        ,      
bowmara01, 1934,     1, STE , NHL , D  , 31.0,  2.0,   2.0,   4.0,  51.0,      ,     ,     ,     ,     ,     ,    ,      ,       ,      ,      ,        ,        ,        ,        ,        ,        ,        ,        ,      
bowmara01, 1934,     2, DET , NHL , D  , 13.0,  1.0,   3.0,   4.0,  21.0,      ,     ,     ,     ,     ,     ,    ,      ,       ,      ,      ,        ,        ,        ,        ,        ,        ,        ,        ,      
bowmara01, 1935,     1, DET , NHL , D  , 48.0,  3.0,   2.0,   5.0,  44.0,      ,     ,     ,     ,     ,     ,    ,      ,    7.0,   2.0,   1.0,     3.0,     2.0,        ,        ,        ,        ,        ,        ,      
bowmara01, 1936,     1, DET , NHL , D  , 37.0,  0.0,   1.0,   1.0,  24.0,      ,     ,     ,     ,     ,     ,    ,      ,   10.0,   0.0,   1.0,     1.0,     4.0,        ,        ,        ,        ,        ,        ,      
bowmara01, 1937,     1, DET , NHL , D  , 45.0,  0.0,   2.0,   2.0,  26.0,      ,     ,     ,     ,     ,     ,    ,      ,       ,      ,      ,        ,        ,        ,        ,        ,        ,        ,        ,      
bowmara01, 1938,     1, DET , NHL , D  , 43.0,  2.0,   3.0,   5.0,  26.0,      ,     ,     ,     ,     ,     ,    ,      ,    5.0,   0.0,   0.0,     0.0,     0.0,        ,        ,        ,        ,        ,        ,      
bowmara01, 1939,     1, DET , NHL , D  , 11.0,  0.0,   2.0,   2.0,   4.0,      ,     ,     ,     ,     ,     ,    ,      ,       ,      ,      ,        ,        ,        ,        ,        ,        ,        ,        ,      
bownaja01, 1957,     1, MTL , NHL , D  ,  4.0,  0.0,   1.0,   1.0,   0.0,      ,     ,     ,     ,     ,     ,    ,      ,       ,      ,      ,        ,        ,        ,        ,        ,        ,        ,        ,      
bownaja01, 1958,     1, NYR , NHL , D  , 35.0,  1.0,   2.0,   3.0,  20.0,      ,     ,     ,     ,     ,     ,    ,      ,       ,      ,      ,        ,        ,        ,        ,        ,        ,        ,        ,      
bownaja01, 1959,     1, NYR , NHL , D  , 37.0,  2.0,   5.0,   7.0,  34.0,      ,     ,     ,     ,     ,     ,    ,      ,       ,      ,      ,        ,        ,        ,        ,        ,        ,        ,        ,      
bownaja01, 1961,     1, NYR , NHL , D  ,  4.0,  0.0,   0.0,   0.0,   4.0,      ,     ,     ,     ,     ,     ,    ,      ,       ,      ,      ,        ,        ,        ,        ,        ,        ,        ,        ,      
bowneri01, 1975,     1, ATF , NHL , R  ,  5.0,  0.0,   0.0,   0.0,   0.0, -5.0 ,  0.0,     ,  0.0,     ,  0.0, 0.0,   6.0,       ,      ,      ,        ,        ,        ,        ,        ,        ,        ,        ,      
bowneri01, 1976,     1, ATF , NHL , R  , 28.0,  0.0,   4.0,   4.0,  29.0, -9.0 ,  0.0,     ,  0.0,     ,  0.0, 0.0,  21.0,       ,      ,      ,        ,        ,        ,        ,        ,        ,        ,        ,      
bowneri01, 1977,     1, DET , NHL , R  , 61.0,  8.0,  11.0,  19.0,  76.0, -8.0 ,  2.0,     ,  0.0,     ,  2.0, 0.0,  46.0,    4.0,   0.0,   0.0,     0.0,     2.0,        ,     0.0,        ,     0.0,        ,     0.0,      
bowneri01, 1978,     1, STL , NHL , R  , 24.0,  1.0,   3.0,   4.0,  30.0, -17.0,  0.0,     ,  0.0,     ,  0.0, 0.0,  18.0,       ,      ,      ,        ,        ,        ,        ,        ,        ,        ,        ,      
bowneri01, 1979,     1, STL , NHL , R  , 10.0,  1.0,   2.0,   3.0,  11.0, -2.0 ,  0.0,     ,  0.0,     ,  0.0, 0.0,   4.0,       ,      ,      ,        ,        ,        ,        ,        ,        ,        ,        ,      
bowneri01, 1980,     1, WIN , NHL , R  , 45.0,  8.0,  17.0,  25.0,  45.0, -35.0,  0.0,     ,  0.0,     ,  1.0, 0.0,  55.0,       ,      ,      ,        ,        ,        ,        ,        ,        ,        ,        ,      
bowneri01, 1981,     1, WIN , NHL , R  ,     ,     ,      ,      ,      ,      ,     ,     ,     ,     ,     ,    ,      ,    1.0,   0.0,   0.0,     0.0,     0.0,        ,     0.0,        ,     0.0,        ,     0.0,      
boxtr01  , 1915,     1, VA1 , PCHA, D  , 10.0,  7.0,   6.0,  13.0,   6.0,      ,     ,     ,     ,     ,     ,    ,      ,       ,      ,      ,        ,        ,        ,        ,        ,        ,        ,        ,      
boycear01, 1911,     1, MOW , NHA , G  , 13.0,  0.0,   0.0,   0.0,   0.0,      ,     ,     ,     ,     ,     ,    ,      ,       ,      ,      ,        ,        ,        ,        ,        ,        ,        ,        ,      
boycear01, 1912,     1, MOW , NHA , G  , 18.0,  0.0,   0.0,   0.0,   0.0,      ,     ,     ,     ,     ,     ,    ,      ,       ,      ,      ,        ,        ,        ,        ,        ,        ,        ,        ,      
boycear01, 1913,     1, MOW , NHA , G  ,  4.0,  0.0,   0.0,   0.0,   0.0,      ,     ,     ,     ,     ,     ,    ,      ,       ,      ,      ,        ,        ,        ,        ,        ,        ,        ,        ,      
boycear01, 1914,     1, MOW , NHA , G  ,  2.0,  0.0,   0.0,   0.0,   0.0,      ,     ,     ,     ,     ,     ,    ,      ,       ,      ,      ,        ,        ,        ,        ,        ,        ,        ,        ,      
boyceda01, 2007,     1, TOR , NHL , C  ,  1.0,  0.0,   0.0,   0.0,   0.0, 0.0  ,  0.0,  0.0,  0.0,  0.0,  0.0,    ,   0.0,       ,      ,      ,        ,        ,        ,        ,        ,        ,        ,        ,      
boychjo01, 2007,     1, COL , NHL , D  ,  4.0,  0.0,   0.0,   0.0,   0.0, 1.0  ,  0.0,  0.0,  0.0,  0.0,  0.0,    ,   3.0,       ,      ,      ,        ,        ,        ,        ,        ,        ,        ,        ,      
boychjo01, 2008,     1, BOS , NHL , D  ,  1.0,  0.0,   0.0,   0.0,   0.0, 0.0  ,  0.0,  0.0,  0.0,  0.0,  0.0,    ,   0.0,       ,      ,      ,        ,        ,        ,        ,        ,        ,        ,        ,      
boychjo01, 2009,     1, BOS , NHL , D  , 51.0,  5.0,  10.0,  15.0,  43.0, 10.0 ,  0.0,  3.0,  0.0,  1.0,  0.0,    ,  96.0,   13.0,   2.0,   4.0,     6.0,     6.0, 0.0    ,     1.0,     2.0,     0.0,     0.0,     0.0,    32.0
boychza01, 2008,     1, CAR , NHL , C  ,  2.0,  0.0,   0.0,   0.0,   0.0, 0.0  ,  0.0,  0.0,  0.0,  0.0,  0.0,    ,   0.0,       ,      ,      ,        ,        ,        ,        ,        ,        ,        ,        ,      
boychza01, 2009,     1, CAR , NHL , C  , 31.0,  3.0,   6.0,   9.0,   2.0, 1.0  ,  0.0,  1.0,  0.0,  0.0,  0.0,    ,  37.0,       ,      ,      ,        ,        ,        ,        ,        ,        ,        ,        ,      
boydbi01 , 1926,     1, NYR , NHL , R  , 41.0,  4.0,   1.0,   5.0,  40.0,      ,     ,     ,     ,     ,     ,    ,      ,       ,      ,      ,        ,        ,        ,        ,        ,        ,        ,        ,      
boydbi01 , 1927,     1, NYR , NHL , R  , 43.0,  4.0,   0.0,   4.0,  11.0,      ,     ,     ,     ,     ,     ,    ,      ,    9.0,   0.0,   0.0,     0.0,     4.0,        ,        ,        ,        ,        ,        ,      
boydbi01 , 1928,     1, NYR , NHL , R  , 11.0,  0.0,   0.0,   0.0,   5.0,      ,     ,     ,     ,     ,     ,    ,      ,    1.0,   0.0,   0.0,     0.0,     0.0,        ,        ,        ,        ,        ,        ,      
boydbi01 , 1929,     1, NYA , NHL , R  , 43.0,  7.0,   6.0,  13.0,  16.0,      ,     ,     ,     ,     ,     ,    ,      ,       ,      ,      ,        ,        ,        ,        ,        ,        ,        ,        ,      
boydbo01 , 1973,     1, MFS , WHA , D  , 41.0,  1.0,  14.0,  15.0,  14.0,      ,  0.0,     ,  0.0,     ,  0.0,    ,      ,    7.0,   0.0,   0.0,     0.0,     4.0,        ,        ,        ,        ,        ,     0.0,      
boydbo01 , 1974,     1, MFS , WHA , D  , 13.0,  0.0,   0.0,   0.0,  21.0,      ,  0.0,     ,  0.0,     ,  0.0,    ,   9.0,       ,      ,      ,        ,        ,        ,        ,        ,        ,        ,        ,      
boyddu01 , 2006,     1, CAL , NHL , C  , 13.0,  2.0,   2.0,   4.0,   4.0, 5.0  ,  0.0,  0.0,  0.0,  0.0,  1.0,    ,   8.0,       ,      ,      ,        ,        ,        ,        ,        ,        ,        ,        ,      
boyddu01 , 2007,     1, CAL , NHL , C  , 48.0,  7.0,   5.0,  12.0,   6.0, -11.0,  0.0,  0.0,  0.0,  0.0,  1.0,    ,  46.0,       ,      ,      ,        ,        ,        ,        ,        ,        ,        ,        ,      
boyddu01 , 2008,     1, CAL , NHL , C  , 71.0, 11.0,  11.0,  22.0,  10.0, -11.0,  1.0,  2.0,  1.0,  1.0,  3.0,    ,  74.0,    5.0,   1.0,   0.0,     1.0,     0.0, -2.0   ,     0.0,     0.0,     0.0,     0.0,     0.0,     5.0
boyddu01 , 2009,     1, CAL , NHL , C  , 60.0,  8.0,  11.0,  19.0,  15.0, 5.0  ,  0.0,  2.0,  0.0,  1.0,  2.0,    ,  80.0,       ,      ,      ,        ,        ,        ,        ,        ,        ,        ,        ,      
boyddu01 , 2009,     2, NAS , NHL , C  , 18.0,  3.0,   2.0,   5.0,   4.0, 1.0  ,  0.0,  0.0,  0.0,  0.0,  1.0,    ,  32.0,    4.0,   0.0,   0.0,     0.0,     0.0, -1.0   ,     0.0,     0.0,     0.0,     0.0,     0.0,     4.0
boydir01 , 1931,     1, BOS , NHL , R  , 29.0,  2.0,   1.0,   3.0,  10.0,      ,     ,     ,     ,     ,     ,    ,      ,       ,      ,      ,        ,        ,        ,        ,        ,        ,        ,        ,      
boydir01 , 1934,     1, DET , NHL , R  , 42.0,  2.0,   3.0,   5.0,  14.0,      ,     ,     ,     ,     ,     ,    ,      ,       ,      ,      ,        ,        ,        ,        ,        ,        ,        ,        ,      
boydir01 , 1942,     1, BOS , NHL , R  , 20.0,  6.0,   5.0,  11.0,   6.0,      ,     ,     ,     ,     ,     ,    ,      ,    5.0,   0.0,   1.0,     1.0,     4.0,        ,        ,        ,        ,        ,        ,      
boydir01 , 1943,     1, BOS , NHL , R  ,  5.0,  0.0,   1.0,   1.0,   0.0,      ,     ,     ,     ,     ,     ,    ,      ,       ,      ,      ,        ,        ,        ,        ,        ,        ,        ,        ,      
boydji01 , 1974,     1, PHR , WHA , C  , 76.0, 26.0,  44.0,  70.0,  18.0, 29.0 ,  7.0,     ,  3.0,     ,     ,    , 188.0,    5.0,   1.0,   1.0,     2.0,     2.0,        ,        ,        ,        ,        ,     0.0,      
boydji01 , 1975,     1, PHR , WHA , C  , 80.0, 23.0,  34.0,  57.0,  44.0, 3.0  ,  7.0,     ,  2.0,     ,  4.0,    , 189.0,    5.0,   3.0,   2.0,     5.0,     2.0, 4.0    ,        ,        ,        ,        ,        ,      
boydji01 , 1976,     1, CAC , WHA , C  , 13.0,  0.0,   2.0,   2.0,   6.0, -7.0 ,  0.0,     ,  0.0,     ,  0.0,    ,  11.0,       ,      ,      ,        ,        ,        ,        ,        ,        ,        ,        ,      
boydra01 , 1981,     1, PIT , NHL , D  , 23.0,  0.0,   2.0,   2.0,  49.0, -5.0 ,  0.0,     ,  0.0,     ,  0.0, 0.0,  26.0,    3.0,   0.0,   0.0,     0.0,    11.0,        ,     0.0,        ,     0.0,        ,     0.0,      
boydra01 , 1982,     1, PIT , NHL , D  , 56.0,  4.0,  14.0,  18.0,  71.0, -36.0,  1.0,     ,  0.0,     ,  0.0, 0.0, 102.0,       ,      ,      ,        ,        ,        ,        ,        ,        ,        ,        ,      
boydra01 , 1983,     1, PIT , NHL , D  ,  5.0,  0.0,   1.0,   1.0,   6.0, -2.0 ,  0.0,     ,  0.0,     ,  0.0, 0.0,  14.0,       ,      ,      ,        ,        ,        ,        ,        ,        ,        ,        ,      
boydra01 , 1983,     2, CHI , NHL , D  , 23.0,  0.0,   4.0,   4.0,  16.0, 0.0  ,  0.0,     ,  0.0,     ,  0.0, 0.0,  21.0,       ,      ,      ,        ,        ,        ,        ,        ,        ,        ,        ,      
boydra01 , 1984,     1, CHI , NHL , D  ,  3.0,  0.0,   0.0,   0.0,   6.0, 0.0  ,  0.0,     ,  0.0,     ,  0.0, 0.0,   2.0,    3.0,   0.0,   1.0,     1.0,     7.0, 0.0    ,     0.0,        ,     0.0,        ,     0.0,     0.0
boydra01 , 1985,     1, NYI , NHL , D  , 55.0,  2.0,  12.0,  14.0,  79.0, 9.0  ,  0.0,     ,  0.0,     ,  0.0, 0.0,  52.0,    3.0,   0.0,   0.0,     0.0,     2.0, -1.0   ,     0.0,        ,     0.0,        ,     0.0,     5.0
boydra01 , 1986,     1, NYI , NHL , D  , 30.0,  7.0,  17.0,  24.0,  37.0, 0.0  ,  3.0,     ,  1.0,     ,  0.0, 0.0,  69.0,    4.0,   0.0,   1.0,     1.0,     6.0, -2.0   ,     0.0,        ,     0.0,        ,     0.0,     9.0
boydra01 , 1987,     1, VAN , NHL , D  , 60.0,  7.0,  16.0,  23.0,  64.0, -9.0 ,  2.0,  7.0,  0.0,  0.0,  1.0, 0.0,  85.0,       ,      ,      ,        ,        ,        ,        ,        ,        ,        ,        ,      
boydra01 , 1988,     1, VAN , NHL , D  ,  2.0,  0.0,   1.0,   1.0,   0.0, -1.0 ,  0.0,  1.0,  0.0,  0.0,  0.0, 0.0,   6.0,       ,      ,      ,        ,        ,        ,        ,        ,        ,        ,        ,      
boyerwa01, 1965,     1, TOR , NHL , C  , 46.0,  4.0,  17.0,  21.0,  23.0,      ,  1.0,     ,  1.0,     ,  0.0, 1.0,      ,    4.0,   0.0,   1.0,     1.0,     0.0,        ,        ,        ,        ,        ,     0.0,      
boyerwa01, 1966,     1, CHI , NHL , C  , 42.0,  5.0,   6.0,  11.0,  15.0,      ,  1.0,     ,  0.0,     ,  1.0, 0.0,      ,    1.0,   0.0,   0.0,     0.0,     0.0,        ,        ,        ,        ,        ,     0.0,      
boyerwa01, 1967,     1, OAK , NHL , L  , 74.0, 13.0,  20.0,  33.0,  44.0, 0.0  ,  1.0,     ,  0.0,     ,  0.0, 3.0, 142.0,       ,      ,      ,        ,        ,        ,        ,        ,        ,        ,        ,      
boyerwa01, 1968,     1, PIT , NHL , C  , 62.0, 10.0,  19.0,  29.0,  17.0, -21.0,  2.0,     ,  0.0,     ,  0.0, 3.0, 127.0,       ,      ,      ,        ,        ,        ,        ,        ,        ,        ,        ,      
boyerwa01, 1969,     1, PIT , NHL , C  , 72.0, 11.0,  12.0,  23.0,  34.0, -5.0 ,  2.0,     ,  0.0,     ,  1.0, 1.0, 112.0,   10.0,   1.0,   2.0,     3.0,     0.0,        ,     0.0,        ,     0.0,        ,     1.0,      
boyerwa01, 1970,     1, PIT , NHL , C  , 68.0, 11.0,  30.0,  41.0,  30.0, 10.0 ,  4.0,     ,  0.0,     ,  0.0, 2.0, 111.0,       ,      ,      ,        ,        ,        ,        ,        ,        ,        ,        ,      
boyerwa01, 1971,     1, PIT , NHL , C  ,  1.0,  0.0,   1.0,   1.0,   0.0, -1.0 ,  0.0,     ,  0.0,     ,  0.0, 0.0,   0.0,       ,      ,      ,        ,        ,        ,        ,        ,        ,        ,        ,      
boyerwa01, 1972,     1, WIJ , WHA , C  , 69.0,  6.0,  28.0,  34.0,  27.0,      ,  2.0,     ,  0.0,     ,     ,    ,      ,   14.0,   4.0,   2.0,     6.0,     4.0,        ,     1.0,        ,     0.0,        ,     2.0,      
boyerza01, 1994,     1, DAL , NHL , R  ,  1.0,  0.0,   0.0,   0.0,   0.0, 0.0  ,  0.0,  0.0,  0.0,  0.0,  0.0, 0.0,   1.0,    2.0,   0.0,   0.0,     0.0,     0.0, 0.0    ,     0.0,     0.0,     0.0,     0.0,     0.0,     1.0
boyerza01, 1995,     1, DAL , NHL , R  ,  2.0,  0.0,   0.0,   0.0,   0.0, 0.0  ,  0.0,  0.0,  0.0,  0.0,  0.0, 0.0,   3.0,       ,      ,      ,        ,        ,        ,        ,        ,        ,        ,        ,      
boyesbr01, 2003,     1, SJS , NHL , C  ,  1.0,  0.0,   0.0,   0.0,   2.0, -2.0 ,  0.0,  0.0,  0.0,  0.0,  0.0, 0.0,   0.0,       ,      ,      ,        ,        ,        ,        ,        ,        ,        ,        ,      
boyesbr01, 2005,     1, BOS , NHL , C  , 82.0, 26.0,  43.0,  69.0,  30.0, 11.0 ,  8.0, 14.0,  0.0,  0.0,  3.0,    , 203.0,       ,      ,      ,        ,        ,        ,        ,        ,        ,        ,        ,      
boyesbr01, 2006,     1, BOS , NHL , C  , 62.0, 13.0,  21.0,  34.0,  25.0, -17.0,  1.0,  7.0,  1.0,  1.0,  1.0,    , 139.0,       ,      ,      ,        ,        ,        ,        ,        ,        ,        ,        ,      
boyesbr01, 2006,     2, STL , NHL , C  , 19.0,  4.0,   8.0,  12.0,   4.0, 0.0  ,  0.0,  1.0,  0.0,  0.0,  1.0,    ,  43.0,       ,      ,      ,        ,        ,        ,        ,        ,        ,        ,        ,      
boyesbr01, 2007,     1, STL , NHL , R  , 82.0, 43.0,  22.0,  65.0,  20.0, 1.0  , 11.0,  8.0,  0.0,  0.0,  9.0,    , 207.0,       ,      ,      ,        ,        ,        ,        ,        ,        ,        ,        ,      
boyesbr01, 2008,     1, STL , NHL , R  , 82.0, 33.0,  39.0,  72.0,  26.0, -20.0, 16.0, 19.0,  0.0,  0.0, 11.0,    , 220.0,    4.0,   2.0,   1.0,     3.0,     0.0, -1.0   ,     1.0,     0.0,     0.0,     0.0,     0.0,    13.0
boyesbr01, 2009,     1, STL , NHL , C  , 82.0, 14.0,  28.0,  42.0,  26.0, 1.0  ,  2.0,  8.0,  0.0,  0.0,  3.0,    , 197.0,       ,      ,      ,        ,        ,        ,        ,        ,        ,        ,        ,      
boykoda01, 1988,     1, WIN , NHL , C  ,  1.0,  0.0,   0.0,   0.0,   0.0, -1.0 ,  0.0,  0.0,  0.0,  0.0,  0.0, 0.0,   0.0,       ,      ,      ,        ,        ,        ,        ,        ,        ,        ,        ,      
boylade01, 1973,     1, NYJ , WHA , D  , 61.0,  1.0,   5.0,   6.0, 112.0,      ,  0.0,     ,  0.0,     ,  0.0,    ,      ,       ,      ,      ,        ,        ,        ,        ,        ,        ,        ,        ,      
boylade01, 1974,     1, SDM , WHA , D  ,  3.0,  0.0,   0.0,   0.0,  10.0,      ,  0.0,     ,  0.0,     ,  0.0,    ,   1.0,       ,      ,      ,        ,        ,        ,        ,        ,        ,        ,        ,      
boylebr01, 2007,     1, LAK , NHL , C  ,  8.0,  4.0,   1.0,   5.0,   4.0, 4.0  ,  0.0,  0.0,  0.0,  0.0,  0.0,    ,  19.0,       ,      ,      ,        ,        ,        ,        ,        ,        ,        ,        ,      
boylebr01, 2008,     1, LAK , NHL , C  , 28.0,  4.0,   1.0,   5.0,  42.0, -9.0 ,  0.0,  0.0,  0.0,  0.0,  1.0,    ,  36.0,       ,      ,      ,        ,        ,        ,        ,        ,        ,        ,        ,      
boylebr01, 2009,     1, NYR , NHL , C  , 71.0,  4.0,   2.0,   6.0,  47.0, -6.0 ,  0.0,  1.0,  0.0,  0.0,  1.0,    ,  73.0,       ,      ,      ,        ,        ,        ,        ,        ,        ,        ,        ,      
boyleda01, 1998,     1, FLO , NHL , D  , 22.0,  3.0,   5.0,   8.0,   6.0, 0.0  ,  1.0,  2.0,  0.0,  0.0,  1.0, 0.0,  31.0,       ,      ,      ,        ,        ,        ,        ,        ,        ,        ,        ,      
boyleda01, 1999,     1, FLO , NHL , D  , 13.0,  0.0,   3.0,   3.0,   4.0, -2.0 ,  0.0,  1.0,  0.0,  0.0,  0.0, 0.0,   9.0,       ,      ,      ,        ,        ,        ,        ,        ,        ,        ,        ,      
boyleda01, 2000,     1, FLO , NHL , D  , 69.0,  4.0,  18.0,  22.0,  28.0, -14.0,  1.0, 12.0,  0.0,  0.0,  0.0, 0.0,  83.0,       ,      ,      ,        ,        ,        ,        ,        ,        ,        ,        ,      
boyleda01, 2001,     1, FLO , NHL , D  , 25.0,  3.0,   3.0,   6.0,  12.0, -1.0 ,  1.0,  1.0,  0.0,  0.0,  0.0, 0.0,  31.0,       ,      ,      ,        ,        ,        ,        ,        ,        ,        ,        ,      
boyleda01, 2001,     2, TBL , NHL , D  , 41.0,  5.0,  15.0,  20.0,  27.0, -15.0,  2.0,  6.0,  0.0,  0.0,  1.0, 1.0,  68.0,       ,      ,      ,        ,        ,        ,        ,        ,        ,        ,        ,      
boyleda01, 2002,     1, TBL , NHL , D  , 77.0, 13.0,  40.0,  53.0,  44.0, 9.0  ,  8.0, 19.0,  0.0,  0.0,  1.0, 1.0, 136.0,   11.0,   0.0,   7.0,     7.0,     6.0, 0.0    ,     0.0,     3.0,     0.0,     0.0,     0.0,    26.0
boyleda01, 2003,     1, TBL , NHL , D  , 78.0,  9.0,  30.0,  39.0,  60.0, 23.0 ,  3.0, 12.0,  0.0,  0.0,  2.0, 0.0, 137.0,   23.0,   2.0,   8.0,    10.0,    16.0, 7.0    ,     1.0,     6.0,     0.0,     0.0,     0.0,    25.0
boyleda01, 2005,     1, TBL , NHL , D  , 79.0, 15.0,  38.0,  53.0,  38.0, -8.0 ,  6.0, 19.0,  0.0,  0.0,  4.0,    , 153.0,    5.0,   1.0,   3.0,     4.0,     6.0, -1.0   ,     0.0,     1.0,     0.0,     0.0,     0.0,     6.0
boyleda01, 2006,     1, TBL , NHL , D  , 82.0, 20.0,  43.0,  63.0,  62.0, -5.0 , 10.0, 27.0,  1.0,  0.0,  4.0,    , 203.0,    6.0,   0.0,   1.0,     1.0,     2.0, 0.0    ,     0.0,     1.0,     0.0,     0.0,     0.0,    14.0
boyleda01, 2007,     1, TBL , NHL , D  , 37.0,  4.0,  21.0,  25.0,  57.0, -29.0,  2.0, 12.0,  0.0,  0.0,  1.0,    ,  74.0,       ,      ,      ,        ,        ,        ,        ,        ,        ,        ,        ,      
boyleda01, 2008,     1, SJS , NHL , D  , 77.0, 16.0,  41.0,  57.0,  52.0, 6.0  ,  8.0, 24.0,  0.0,  1.0,  4.0,    , 213.0,    6.0,   2.0,   2.0,     4.0,     8.0, -1.0   ,     1.0,     2.0,     0.0,     0.0,     0.0,    18.0
boyleda01, 2009,     1, SJS , NHL , D  , 76.0, 15.0,  43.0,  58.0,  70.0, 6.0  ,  6.0, 23.0,  0.0,  0.0,  3.0,    , 180.0,   15.0,   2.0,  12.0,    14.0,     8.0, -1.0   ,     1.0,     8.0,     0.0,     0.0,     0.0,    47.0
boyntni01, 1999,     1, BOS , NHL , D  ,  5.0,  0.0,   0.0,   0.0,   0.0, -5.0 ,  0.0,  0.0,  0.0,  0.0,  0.0, 0.0,   6.0,       ,      ,      ,        ,        ,        ,        ,        ,        ,        ,        ,      
boyntni01, 2000,     1, BOS , NHL , D  ,  1.0,  0.0,   0.0,   0.0,   0.0, -1.0 ,  0.0,  0.0,  0.0,  0.0,  0.0, 0.0,   1.0,       ,      ,      ,        ,        ,        ,        ,        ,        ,        ,        ,      
boyntni01, 2001,     1, BOS , NHL , D  , 80.0,  4.0,  14.0,  18.0, 107.0, 18.0 ,  0.0,  0.0,  0.0,  0.0,  1.0, 0.0, 136.0,    6.0,   1.0,   2.0,     3.0,     8.0, 2.0    ,     0.0,     0.0,     0.0,     0.0,     0.0,    20.0
boyntni01, 2002,     1, BOS , NHL , D  , 78.0,  7.0,  17.0,  24.0,  99.0, 8.0  ,  0.0,  1.0,  1.0,  0.0,  2.0, 0.0, 160.0,    5.0,   0.0,   1.0,     1.0,     4.0, -2.0   ,     0.0,     1.0,     0.0,     0.0,     0.0,    12.0
boyntni01, 2003,     1, BOS , NHL , D  , 81.0,  6.0,  24.0,  30.0,  98.0, 17.0 ,  1.0,  9.0,  1.0,  0.0,  1.0, 0.0, 178.0,    7.0,   0.0,   2.0,     2.0,     2.0, 1.0    ,     0.0,     0.0,     0.0,     0.0,     0.0,    18.0
boyntni01, 2005,     1, BOS , NHL , D  , 54.0,  5.0,   7.0,  12.0,  93.0, -7.0 ,  1.0,  0.0,  1.0,  1.0,  0.0,    ,  89.0,       ,      ,      ,        ,        ,        ,        ,        ,        ,        ,        ,      
boyntni01, 2006,     1, PHO , NHL , D  , 59.0,  2.0,   9.0,  11.0, 138.0, -13.0,  1.0,  0.0,  0.0,  0.0,  0.0,    ,  53.0,       ,      ,      ,        ,        ,        ,        ,        ,        ,        ,        ,      
boyntni01, 2007,     1, PHO , NHL , D  , 79.0,  3.0,   9.0,  12.0, 125.0, -9.0 ,  0.0,  0.0,  1.0,  0.0,  0.0,    ,  94.0,       ,      ,      ,        ,        ,        ,        ,        ,        ,        ,        ,      
boyntni01, 2008,     1, FLO , NHL , D  , 68.0,  5.0,  16.0,  21.0,  91.0, 7.0  ,  0.0,  3.0,  0.0,  0.0,  1.0,    , 104.0,       ,      ,      ,        ,        ,        ,        ,        ,        ,        ,        ,      
boyntni01, 2009,     1, AND , NHL , D  , 42.0,  1.0,   6.0,   7.0,  59.0, 1.0  ,  1.0,  1.0,  0.0,  0.0,  0.0,    ,  39.0,       ,      ,      ,        ,        ,        ,        ,        ,        ,        ,        ,      
boyntni01, 2009,     2, CHI , NHL , D  ,  7.0,  0.0,   1.0,   1.0,  12.0, 4.0  ,  0.0,  0.0,  0.0,  0.0,  0.0,    ,  11.0,    3.0,   0.0,   0.0,     0.0,     2.0, 2.0    ,     0.0,     0.0,     0.0,     0.0,     0.0,     2.0
bozakty01, 2009,     1, TOR , NHL , C  , 37.0,  8.0,  19.0,  27.0,   6.0, -5.0 ,  2.0,  3.0,  0.0,  0.0,  1.0,    ,  51.0,       ,      ,      ,        ,        ,        ,        ,        ,        ,        ,        ,      
bozekst01, 1981,     1, LAK , NHL , C  , 71.0, 33.0,  23.0,  56.0,  68.0, -6.0 , 10.0,     ,  0.0,     ,  5.0, 1.0, 182.0,   10.0,   4.0,   1.0,     5.0,     6.0,        ,     2.0,        ,     0.0,        ,     1.0,      
bozekst01, 1982,     1, LAK , NHL , L  , 53.0, 13.0,  13.0,  26.0,  14.0, -18.0,  3.0,     ,  0.0,     ,  1.0, 0.0, 104.0,       ,      ,      ,        ,        ,        ,        ,        ,        ,        ,        ,      
bozekst01, 1983,     1, CAL , NHL , L  , 46.0, 10.0,  10.0,  20.0,  16.0, -16.0,  0.0,     ,  0.0,     ,  2.0, 0.0,  76.0,   10.0,   3.0,   1.0,     4.0,    15.0, -4.0   ,     1.0,        ,     0.0,        ,     0.0,    16.0
bozekst01, 1984,     1, CAL , NHL , L  , 54.0, 13.0,  22.0,  35.0,   6.0, 11.0 ,  0.0,     ,  0.0,     ,  1.0, 1.0,  93.0,    3.0,   1.0,   0.0,     1.0,     4.0, -1.0   ,     1.0,        ,     0.0,        ,     0.0,     6.0
bozekst01, 1985,     1, CAL , NHL , L  , 64.0, 21.0,  22.0,  43.0,  24.0, 24.0 ,  5.0,     ,  4.0,     ,  3.0, 0.0, 147.0,   14.0,   2.0,   6.0,     8.0,    32.0, 1.0    ,     0.0,        ,     0.0,        ,     0.0,    28.0
bozekst01, 1986,     1, CAL , NHL , L  , 71.0, 17.0,  18.0,  35.0,  22.0, 3.0  ,  2.0,     ,  2.0,     ,  4.0, 0.0, 139.0,    4.0,   1.0,   0.0,     1.0,     2.0, -1.0   ,     0.0,        ,     0.0,        ,     0.0,    11.0
bozekst01, 1987,     1, CAL , NHL , L  , 26.0,  3.0,   7.0,  10.0,  12.0, -3.0 ,  0.0,  0.0,  1.0,  0.0,  0.0, 0.0,  37.0,       ,      ,      ,        ,        ,        ,        ,        ,        ,        ,        ,      
bozekst01, 1987,     2, STL , NHL , L  ,  7.0,  0.0,   0.0,   0.0,   2.0, -2.0 ,  0.0,  0.0,  0.0,  0.0,  0.0, 0.0,   6.0,    7.0,   1.0,   1.0,     2.0,     6.0, -3.0   ,     0.0,     0.0,     0.0,     0.0,     0.0,     9.0
bozekst01, 1988,     1, VAN , NHL , C  , 71.0, 17.0,  18.0,  35.0,  64.0, 1.0  ,  0.0,  1.0,  2.0,  3.0,  2.0, 0.0, 138.0,    7.0,   0.0,   2.0,     2.0,     4.0, -1.0   ,     0.0,     0.0,     0.0,     0.0,     0.0,     7.0
bozekst01, 1989,     1, VAN , NHL , L  , 58.0, 14.0,   9.0,  23.0,  32.0, -3.0 ,  0.0,  0.0,  1.0,  1.0,  2.0, 0.0, 105.0,       ,      ,      ,        ,        ,        ,        ,        ,        ,        ,        ,      
bozekst01, 1990,     1, VAN , NHL , L  , 62.0, 15.0,  17.0,  32.0,  22.0, -6.0 ,  0.0,  0.0,  1.0,  1.0,  2.0, 1.0, 126.0,    3.0,   0.0,   0.0,     0.0,     0.0, -4.0   ,     0.0,     0.0,     0.0,     0.0,     0.0,     5.0
bozekst01, 1991,     1, SJS , NHL , L  , 58.0,  8.0,   8.0,  16.0,  27.0, -30.0,  2.0,  2.0,  0.0,  0.0,  0.0, 0.0, 105.0,       ,      ,      ,        ,        ,        ,        ,        ,        ,        ,        ,      
bozonph01, 1991,     1, STL , NHL , L  ,  9.0,  1.0,   3.0,   4.0,   4.0, 5.0  ,  0.0,  1.0,  0.0,  0.0,  0.0, 0.0,  19.0,    6.0,   1.0,   0.0,     1.0,    27.0, -2.0   ,     0.0,     0.0,     0.0,     0.0,     0.0,    11.0
bozonph01, 1992,     1, STL , NHL , L  , 54.0,  6.0,   6.0,  12.0,  55.0, -3.0 ,  0.0,  0.0,  0.0,  0.0,  0.0, 0.0,  90.0,    9.0,   1.0,   0.0,     1.0,     0.0, 2.0    ,     0.0,     0.0,     0.0,     0.0,     0.0,     5.0
bozonph01, 1993,     1, STL , NHL , C  , 80.0,  9.0,  16.0,  25.0,  42.0, 4.0  ,  0.0,  0.0,  1.0,  1.0,  1.0, 0.0, 118.0,    4.0,   0.0,   0.0,     0.0,     4.0, -2.0   ,     0.0,     0.0,     0.0,     0.0,     0.0,     5.0
bozonph01, 1994,     1, STL , NHL , L  ,  1.0,  0.0,   0.0,   0.0,   0.0, 0.0  ,  0.0,  0.0,  0.0,  0.0,  0.0, 0.0,   0.0,       ,      ,      ,        ,        ,        ,        ,        ,        ,        ,        ,      
brackcu01, 1973,     1, CHC , WHA , R  ,  4.0,  0.0,   1.0,   1.0,  11.0,      ,  0.0,     ,  0.0,     ,  0.0,    ,      ,       ,      ,      ,        ,        ,        ,        ,        ,        ,        ,        ,      
brackcu01, 1974,     1, MFS , WHA , R  ,  7.0,  0.0,   0.0,   0.0,  22.0,      ,  0.0,     ,  0.0,     ,  0.0,    ,   0.0,   12.0,   0.0,   2.0,     2.0,    59.0,        ,     0.0,        ,     0.0,        ,     0.0,      
brackcu01, 1975,     1, MFS , WHA , L  , 59.0,  4.0,   9.0,  13.0, 254.0, 7.0  ,  0.0,     ,  0.0,     ,  0.0,    ,  52.0,       ,      ,      ,        ,        ,        ,        ,        ,        ,        ,        ,      
brackcu01, 1975,     2, QUN , WHA , L  , 15.0,  4.0,   5.0,   9.0, 111.0, 8.0  ,  0.0,     ,  0.0,     ,  1.0,    ,  24.0,    5.0,   0.0,   0.0,     0.0,    18.0, -1.0   ,        ,        ,        ,        ,        ,      
brackcu01, 1976,     1, QUN , WHA , R  , 77.0, 16.0,  13.0,  29.0, 146.0, 2.0  ,  0.0,     ,  0.0,     ,     ,    , 112.0,   17.0,   3.0,   5.0,     8.0,    51.0, -1.0   ,        ,        ,        ,        ,     0.0,      
brackcu01, 1977,     1, QUN , WHA , R  , 33.0,  4.0,   9.0,  13.0,  54.0, 4.0  ,  0.0,     ,  0.0,     ,     ,    ,  41.0,   10.0,   1.0,   1.0,     2.0,    31.0, -2.0   ,        ,        ,        ,        ,     0.0,      
brackcu01, 1978,     1, QUN , WHA , R  , 70.0, 13.0,  13.0,  26.0, 155.0, -5.0 ,  1.0,     ,  0.0,     ,     ,    ,  73.0,    4.0,   1.0,   1.0,     2.0,     2.0, -2.0   ,        ,        ,        ,        ,     0.0,      
brackcu01, 1979,     1, QUE , NHL , R  , 63.0,  6.0,   8.0,  14.0,  55.0, -21.0,  0.0,     ,  0.0,     ,  1.0, 0.0,  42.0,       ,      ,      ,        ,        ,        ,        ,        ,        ,        ,        ,      
brackcu01, 1980,     1, EDM , NHL , R  , 58.0,  2.0,   7.0,   9.0, 153.0, -3.0 ,  0.0,     ,  0.0,     ,  0.0, 0.0,  20.0,    2.0,   0.0,   0.0,     0.0,     0.0,        ,     0.0,        ,     0.0,        ,     0.0,      
brackcu01, 1981,     1, EDM , NHL , R  , 14.0,  0.0,   2.0,   2.0,  12.0, 2.0  ,  0.0,     ,  0.0,     ,  0.0, 0.0,   2.0,       ,      ,      ,        ,        ,        ,        ,        ,        ,        ,        ,      
brackcu01, 1982,     1, STL , NHL , R  ,  6.0,  1.0,   0.0,   1.0,   6.0, -8.0 ,  0.0,     ,  0.0,     ,  0.0, 0.0,   2.0,       ,      ,      ,        ,        ,        ,        ,        ,        ,        ,        ,      
brackjo01, 1925,     1, BOS , NHL , C  ,  7.0,  0.0,   0.0,   0.0,   0.0,      ,     ,     ,     ,     ,     ,    ,      ,       ,      ,      ,        ,        ,        ,        ,        ,        ,        ,        ,      
bradlba01, 1949,     1, BOS , NHL , C  ,  1.0,  0.0,   0.0,   0.0,   0.0,      ,     ,     ,     ,     ,     ,    ,      ,       ,      ,      ,        ,        ,        ,        ,        ,        ,        ,        ,      
bradlbr01, 1985,     1, CAL , NHL , C  ,  5.0,  0.0,   1.0,   1.0,   0.0, -3.0 ,  0.0,     ,  0.0,     ,  0.0, 0.0,   4.0,    1.0,   0.0,   0.0,     0.0,     0.0, 0.0    ,     0.0,        ,     0.0,        ,     0.0,     2.0
bradlbr01, 1986,     1, CAL , NHL , C  , 40.0, 10.0,  18.0,  28.0,  16.0, 6.0  ,  2.0,     ,  0.0,     ,  2.0, 0.0,  64.0,       ,      ,      ,        ,        ,        ,        ,        ,        ,        ,        ,      
bradlbr01, 1987,     1, VAN , NHL , C  , 11.0,  3.0,   5.0,   8.0,   6.0, -3.0 ,  0.0,  4.0,  0.0,  0.0,  0.0, 1.0,  26.0,       ,      ,      ,        ,        ,        ,        ,        ,        ,        ,        ,      
bradlbr01, 1988,     1, VAN , NHL , C  , 71.0, 18.0,  27.0,  45.0,  42.0, -5.0 ,  6.0,  4.0,  0.0,  0.0,  3.0, 0.0, 151.0,    7.0,   3.0,   4.0,     7.0,    10.0, 2.0    ,     1.0,     0.0,     0.0,     0.0,     0.0,    10.0
bradlbr01, 1989,     1, VAN , NHL , C  , 67.0, 19.0,  29.0,  48.0,  65.0, 5.0  ,  2.0,  7.0,  0.0,  0.0,  0.0, 1.0, 121.0,       ,      ,      ,        ,        ,        ,        ,        ,        ,        ,        ,      
bradlbr01, 1990,     1, VAN , NHL , C  , 44.0, 11.0,  20.0,  31.0,  42.0, -2.0 ,  3.0,     ,  0.0,  0.0,  3.0, 0.0,  84.0,       ,      ,      ,        ,        ,        ,        ,        ,        ,        ,        ,      
bradlbr01, 1990,     2, TOR , NHL , C  , 26.0,  0.0,  11.0,  11.0,  20.0, -7.0 ,  0.0,     ,  0.0,  0.0,  0.0, 0.0,  32.0,       ,      ,      ,        ,        ,        ,        ,        ,        ,        ,        ,      
bradlbr01, 1991,     1, TOR , NHL , R  , 59.0, 10.0,  21.0,  31.0,  48.0, -3.0 ,  4.0, 10.0,  0.0,  0.0,  3.0, 0.0,  78.0,       ,      ,      ,        ,        ,        ,        ,        ,        ,        ,        ,      
bradlbr01, 1992,     1, TBL , NHL , C  , 80.0, 42.0,  44.0,  86.0,  92.0, -24.0, 16.0, 19.0,  0.0,  1.0,  6.0, 1.0, 205.0,       ,      ,      ,        ,        ,        ,        ,        ,        ,        ,        ,      
bradlbr01, 1993,     1, TBL , NHL , C  , 78.0, 24.0,  40.0,  64.0,  56.0, -8.0 ,  6.0, 15.0,  0.0,  0.0,  2.0, 0.0, 180.0,       ,      ,      ,        ,        ,        ,        ,        ,        ,        ,        ,      
bradlbr01, 1994,     1, TBL , NHL , C  , 46.0, 13.0,  27.0,  40.0,  42.0, -6.0 ,  3.0,  7.0,  0.0,  0.0,  2.0, 0.0, 111.0,       ,      ,      ,        ,        ,        ,        ,        ,        ,        ,        ,      
bradlbr01, 1995,     1, TBL , NHL , C  , 75.0, 23.0,  56.0,  79.0,  77.0, -11.0,  9.0, 32.0,  0.0,  0.0,  5.0, 0.0, 189.0,    5.0,   0.0,   3.0,     3.0,     6.0, -5.0   ,     0.0,     1.0,     0.0,     0.0,     0.0,     7.0
bradlbr01, 1996,     1, TBL , NHL , C  , 35.0,  7.0,  17.0,  24.0,  16.0, 2.0  ,  1.0,  7.0,  2.0,  0.0,  1.0, 0.0,  93.0,       ,      ,      ,        ,        ,        ,        ,        ,        ,        ,        ,      
bradlbr01, 1997,     1, TBL , NHL , C  , 14.0,  2.0,   5.0,   7.0,   6.0, -9.0 ,  2.0,  2.0,  0.0,  0.0,  0.0, 0.0,  24.0,       ,      ,      ,        ,        ,        ,        ,        ,        ,        ,        ,      
bradlbr02, 1972,     1, NRA , WHA , L  , 78.0, 22.0,  33.0,  55.0,  20.0,      ,  1.0,     ,  2.0,     ,     ,    ,      ,       ,      ,      ,        ,        ,        ,        ,        ,        ,        ,        ,      
bradlbr02, 1973,     1, NYJ , WHA , L  , 78.0, 15.0,  23.0,  38.0,  12.0,      ,  3.0,     ,  1.0,     ,  1.0,    ,      ,       ,      ,      ,        ,        ,        ,        ,        ,        ,        ,        ,      
bradlbr02, 1974,     1, SDM , WHA , L  , 34.0,  4.0,   5.0,   9.0,   6.0, -7.0 ,  0.0,     ,  0.0,     ,     ,    ,  40.0,    6.0,   0.0,   1.0,     1.0,     2.0,        ,     0.0,        ,     0.0,        ,     0.0,      
bradlly01, 1973,     1, CLF , NHL , C  ,  4.0,  1.0,   0.0,   1.0,   2.0, -2.0 ,  1.0,     ,  0.0,     ,  0.0, 0.0,   8.0,       ,      ,      ,        ,        ,        ,        ,        ,        ,        ,        ,      
bradlly01, 1976,     1, CLE , NHL , C  ,  2.0,  0.0,   0.0,   0.0,   0.0, 0.0  ,  0.0,     ,  0.0,     ,  0.0, 0.0,   2.0,       ,      ,      ,        ,        ,        ,        ,        ,        ,        ,        ,      
bradlma01, 2000,     1, SJS , NHL , R  , 21.0,  1.0,   1.0,   2.0,  19.0, 0.0  ,  0.0,  0.0,  0.0,  0.0,  0.0, 0.0,  16.0,       ,      ,      ,        ,        ,        ,        ,        ,        ,        ,        ,      
bradlma01, 2001,     1, SJS , NHL , R  , 54.0,  9.0,  13.0,  22.0,  43.0, 22.0 ,  0.0,  0.0,  0.0,  0.0,  2.0, 0.0,  63.0,   10.0,   0.0,   0.0,     0.0,     0.0, 0.0    ,     0.0,     0.0,     0.0,     0.0,     0.0,     4.0
bradlma01, 2002,     1, SJS , NHL , R  , 46.0,  2.0,   3.0,   5.0,  37.0, -1.0 ,  0.0,  0.0,  0.0,  0.0,  0.0, 0.0,  21.0,       ,      ,      ,        ,        ,        ,        ,        ,        ,        ,        ,      
bradlma01, 2003,     1, PIT , NHL , R  , 82.0,  7.0,   9.0,  16.0,  65.0, -27.0,  0.0,  1.0,  0.0,  0.0,  1.0, 0.0,  85.0,       ,      ,      ,        ,        ,        ,        ,        ,        ,        ,        ,      
bradlma01, 2005,     1, WAS , NHL , R  , 74.0,  7.0,  12.0,  19.0,  72.0, -8.0 ,  0.0,  0.0,  0.0,  1.0,  1.0,    ,  87.0,       ,      ,      ,        ,        ,        ,        ,        ,        ,        ,        ,      
bradlma01, 2006,     1, WAS , NHL , R  , 57.0,  4.0,   9.0,  13.0,  47.0, -5.0 ,  0.0,  0.0,  0.0,  1.0,  0.0,    ,  77.0,       ,      ,      ,        ,        ,        ,        ,        ,        ,        ,        ,      
bradlma01, 2007,     1, WAS , NHL , R  , 77.0,  7.0,  11.0,  18.0,  74.0, 1.0  ,  1.0,  0.0,  1.0,  0.0,  2.0,    , 111.0,    7.0,   0.0,   2.0,     2.0,     2.0, -3.0   ,     0.0,     0.0,     0.0,     0.0,     0.0,     8.0
bradlma01, 2008,     1, WAS , NHL , R  , 81.0,  5.0,   6.0,  11.0,  59.0, -1.0 ,  0.0,  0.0,  0.0,  0.0,  1.0,    ,  98.0,   14.0,   2.0,   4.0,     6.0,     0.0, 3.0    ,     0.0,     0.0,     1.0,     1.0,     1.0,    15.0
bradlma01, 2009,     1, WAS , NHL , R  , 77.0, 10.0,  14.0,  24.0,  47.0, 6.0  ,  0.0,  0.0,  1.0,  0.0,  5.0,    ,  98.0,    7.0,   1.0,   2.0,     3.0,     2.0, 2.0    ,     0.0,     0.0,     0.0,     0.0,     0.0,     8.0
bradyne01, 1989,     1, NJD , NHL , C  , 19.0,  1.0,   4.0,   5.0,  13.0, -1.0 ,  0.0,  0.0,  0.0,  0.0,  0.0, 0.0,  10.0,       ,      ,      ,        ,        ,        ,        ,        ,        ,        ,        ,      
bradyne01, 1990,     1, NJD , NHL , C  ,  3.0,  0.0,   0.0,   0.0,   0.0, 0.0  ,  0.0,  0.0,  0.0,  0.0,  0.0, 0.0,   6.0,       ,      ,      ,        ,        ,        ,        ,        ,        ,        ,        ,      
bradyne01, 1991,     1, NJD , NHL , C  ,  7.0,  1.0,   0.0,   1.0,   4.0, 1.0  ,  0.0,  0.0,  0.0,  0.0,  0.0, 0.0,   3.0,       ,      ,      ,        ,        ,        ,        ,        ,        ,        ,        ,      
bradyne01, 1992,     1, OTT , NHL , C  , 55.0,  7.0,  17.0,  24.0,  57.0, -25.0,  5.0,  6.0,  0.0,  0.0,  0.0, 0.0,  68.0,       ,      ,      ,        ,        ,        ,        ,        ,        ,        ,        ,      
bradyne01, 1993,     1, DAL , NHL , C  ,  5.0,  0.0,   1.0,   1.0,  21.0, -1.0 ,  0.0,  0.0,  0.0,  0.0,  0.0, 0.0,   1.0,       ,      ,      ,        ,        ,        ,        ,        ,        ,        ,        ,      
bragiva01, 1977,     1, SOV , WHA , L  ,  6.0,  0.0,   2.0,   2.0,   2.0,      ,     ,     ,     ,     ,     ,    ,      ,       ,      ,      ,        ,        ,        ,        ,        ,        ,        ,        ,      
bragnri01, 1975,     1, WAS , NHL , C  , 19.0,  2.0,  10.0,  12.0,   8.0, -4.0 ,  0.0,     ,  0.0,     ,  0.0, 0.0,  28.0,       ,      ,      ,        ,        ,        ,        ,        ,        ,        ,        ,      
bragnri01, 1976,     1, WAS , NHL , C  , 80.0, 11.0,  12.0,  23.0,  16.0, -16.0,  1.0,     ,  2.0,     ,  1.0, 0.0,  89.0,       ,      ,      ,        ,        ,        ,        ,        ,        ,        ,        ,      
bragnri01, 1977,     1, WAS , NHL , C  , 44.0,  2.0,  13.0,  15.0,  22.0, -6.0 ,  0.0,     ,  0.0,     ,  0.0, 0.0,  60.0,       ,      ,      ,        ,        ,        ,        ,        ,        ,        ,        ,      
bragnri01, 1978,     1, WAS , NHL , C  ,  2.0,  0.0,   0.0,   0.0,   0.0, -1.0 ,  0.0,     ,  0.0,     ,  0.0, 0.0,   0.0,       ,      ,      ,        ,        ,        ,        ,        ,        ,        ,        ,      
brandch01, 2003,     1, MIN , NHL , R  , 35.0,  4.0,   5.0,   9.0,   8.0, -2.0 ,  1.0,  2.0,  0.0,  0.0,  0.0, 0.0,  50.0,       ,      ,      ,        ,        ,        ,        ,        ,        ,        ,        ,      
brandru01, 1921,     1, CAT , WCHL, C  , 23.0,  6.0,   3.0,   9.0,  16.0,      ,     ,     ,     ,     ,     ,    ,      ,    2.0,   0.0,   0.0,     0.0,     0.0,        ,        ,        ,        ,        ,        ,      
brandru01, 1922,     1, SAC , WCHL, L  ,  2.0,  0.0,   0.0,   0.0,   2.0,      ,     ,     ,     ,     ,     ,    ,      ,       ,      ,      ,        ,        ,        ,        ,        ,        ,        ,        ,      
brandru01, 1922,     2, EDE , WCHL, L  , 15.0,  4.0,   1.0,   5.0,   5.0,      ,     ,     ,     ,     ,     ,    ,      ,       ,      ,      ,        ,        ,        ,        ,        ,        ,        ,        ,      
brandru01, 1923,     1, EDE , WCHL, L  , 12.0,  1.0,   0.0,   1.0,   0.0,      ,     ,     ,     ,     ,     ,    ,      ,       ,      ,      ,        ,        ,        ,        ,        ,        ,        ,        ,      
branian01, 1940,     1, NYA , NHL , D  ,  6.0,  1.0,   0.0,   1.0,   5.0,      ,     ,     ,     ,     ,     ,    ,      ,       ,      ,      ,        ,        ,        ,        ,        ,        ,        ,        ,      
branian01, 1941,     1, BKN , NHL , D  , 21.0,  0.0,   2.0,   2.0,  26.0,      ,     ,     ,     ,     ,     ,    ,      ,       ,      ,      ,        ,        ,        ,        ,        ,        ,        ,        ,      
brasape01, 1977,     1, MNS , NHL , L  , 77.0, 20.0,  37.0,  57.0,   6.0, -7.0 ,  7.0,     ,  2.0,     ,  2.0, 1.0, 170.0,       ,      ,      ,        ,        ,        ,        ,        ,        ,        ,        ,      
brasape01, 1978,     1, MNS , NHL , L  , 68.0,  6.0,  28.0,  34.0,   6.0, -4.0 ,  2.0,     ,  0.0,     ,  0.0, 0.0, 126.0,       ,      ,      ,        ,        ,        ,        ,        ,        ,        ,        ,      
brasape01, 1979,     1, MNS , NHL , L  , 22.0,  1.0,  14.0,  15.0,   0.0, 1.0  ,  0.0,     ,  0.0,     ,  1.0, 0.0,  38.0,       ,      ,      ,        ,        ,        ,        ,        ,        ,        ,        ,      
brasape01, 1979,     2, VAN , NHL , L  , 48.0,  9.0,  10.0,  19.0,   7.0, -4.0 ,  1.0,     ,  0.0,     ,  0.0, 1.0, 101.0,    4.0,   1.0,   2.0,     3.0,     0.0,        ,     0.0,        ,     0.0,        ,     1.0,      
brasape01, 1980,     1, VAN , NHL , L  , 80.0, 22.0,  41.0,  63.0,   8.0, 12.0 ,  3.0,     ,  0.0,     ,  1.0, 3.0, 167.0,    3.0,   0.0,   0.0,     0.0,     0.0,        ,     0.0,        ,     0.0,        ,     0.0,      
brasape01, 1981,     1, VAN , NHL , L  , 53.0,  6.0,  12.0,  18.0,   6.0, -9.0 ,  0.0,     ,  0.0,     ,  1.0, 1.0,  90.0,    6.0,   0.0,   0.0,     0.0,     0.0,        ,     0.0,        ,     0.0,        ,     0.0,      
brashdo01, 1993,     1, MTL , NHL , L  , 14.0,  2.0,   2.0,   4.0,  34.0, 0.0  ,  0.0,  0.0,  0.0,  0.0,  0.0, 0.0,  15.0,    2.0,   0.0,   0.0,     0.0,     0.0, -1.0   ,     0.0,     0.0,     0.0,     0.0,     0.0,     2.0
brashdo01, 1994,     1, MTL , NHL , L  , 20.0,  1.0,   1.0,   2.0,  63.0, -5.0 ,  0.0,  0.0,  0.0,  0.0,  1.0, 0.0,  10.0,       ,      ,      ,        ,        ,        ,        ,        ,        ,        ,        ,      
brashdo01, 1995,     1, MTL , NHL , L  , 67.0,  0.0,   4.0,   4.0, 223.0, -10.0,  0.0,  0.0,  0.0,  0.0,  0.0, 0.0,  25.0,    6.0,   0.0,   0.0,     0.0,     2.0, -1.0   ,     0.0,     0.0,     0.0,     0.0,     0.0,     0.0
brashdo01, 1996,     1, MTL , NHL , L  , 10.0,  0.0,   0.0,   0.0,  38.0, -2.0 ,  0.0,  0.0,  0.0,  0.0,  0.0, 0.0,   6.0,       ,      ,      ,        ,        ,        ,        ,        ,        ,        ,        ,      
brashdo01, 1996,     2, VAN , NHL , L  , 59.0,  8.0,   5.0,  13.0, 207.0, -6.0 ,  0.0,  0.0,  0.0,  0.0,  2.0, 0.0,  55.0,       ,      ,      ,        ,        ,        ,        ,        ,        ,        ,        ,      
brashdo01, 1997,     1, VAN , NHL , L  , 77.0,  9.0,   9.0,  18.0, 372.0, -9.0 ,  0.0,  0.0,  0.0,  0.0,  1.0, 1.0,  64.0,       ,      ,      ,        ,        ,        ,        ,        ,        ,        ,        ,      
brashdo01, 1998,     1, VAN , NHL , L  , 82.0,  8.0,  10.0,  18.0, 209.0, -25.0,  2.0,  1.0,  0.0,  0.0,  1.0, 0.0, 112.0,       ,      ,      ,        ,        ,        ,        ,        ,        ,        ,        ,      
brashdo01, 1999,     1, VAN , NHL , L  , 60.0, 11.0,   2.0,  13.0, 136.0, -9.0 ,  1.0,  1.0,  0.0,  0.0,  3.0, 0.0,  83.0,       ,      ,      ,        ,        ,        ,        ,        ,        ,        ,        ,      
brashdo01, 2000,     1, VAN , NHL , L  , 79.0,  9.0,  19.0,  28.0, 145.0, 0.0  ,  0.0,  0.0,  0.0,  0.0,  1.0, 0.0, 127.0,    4.0,   0.0,   0.0,     0.0,     0.0, -2.0   ,     0.0,     0.0,     0.0,     0.0,     0.0,     4.0
brashdo01, 2001,     1, VAN , NHL , L  , 31.0,  5.0,   8.0,  13.0,  90.0, -8.0 ,  1.0,  4.0,  0.0,  0.0,  0.0, 0.0,  45.0,       ,      ,      ,        ,        ,        ,        ,        ,        ,        ,        ,      
brashdo01, 2001,     2, PHI , NHL , L  , 50.0,  4.0,  15.0,  19.0, 109.0, 0.0  ,  0.0,  2.0,  0.0,  0.0,  2.0, 0.0,  62.0,    5.0,   0.0,   0.0,     0.0,    19.0, -1.0   ,     0.0,     0.0,     0.0,     0.0,     0.0,     2.0
brashdo01, 2002,     1, PHI , NHL , L  , 80.0,  8.0,  17.0,  25.0, 161.0, 5.0  ,  0.0,  0.0,  0.0,  0.0,  1.0, 0.0,  99.0,   13.0,   1.0,   2.0,     3.0,    21.0, -1.0   ,     0.0,     0.0,     0.0,     0.0,     0.0,    15.0
brashdo01, 2003,     1, PHI , NHL , L  , 64.0,  6.0,   7.0,  13.0, 212.0, -1.0 ,  0.0,  0.0,  0.0,  0.0,  0.0, 0.0,  72.0,   18.0,   1.0,   3.0,     4.0,    61.0, 0.0    ,     1.0,     0.0,     0.0,     0.0,     0.0,    18.0
brashdo01, 2005,     1, PHI , NHL , L  , 76.0,  4.0,   5.0,   9.0, 166.0, -2.0 ,  0.0,  0.0,  0.0,  0.0,  0.0,    ,  73.0,    1.0,   0.0,   0.0,     0.0,     0.0, 0.0    ,     0.0,     0.0,     0.0,     0.0,     0.0,     1.0
brashdo01, 2006,     1, WAS , NHL , L  , 77.0,  4.0,   9.0,  13.0, 156.0, 1.0  ,  0.0,  1.0,  0.0,  0.0,  0.0,    ,  47.0,       ,      ,      ,        ,        ,        ,        ,        ,        ,        ,        ,      
brashdo01, 2007,     1, WAS , NHL , L  , 80.0,  5.0,   3.0,   8.0, 119.0, -7.0 ,  0.0,  0.0,  0.0,  0.0,  0.0,    ,  59.0,    7.0,   1.0,   1.0,     2.0,     0.0, 1.0    ,     0.0,     0.0,     0.0,     0.0,     0.0,     5.0
brashdo01, 2008,     1, WAS , NHL , L  , 63.0,  1.0,   3.0,   4.0, 121.0, -6.0 ,  0.0,  0.0,  0.0,  0.0,  1.0,    ,  43.0,    4.0,   0.0,   0.0,     0.0,    18.0, 0.0    ,     0.0,     0.0,     0.0,     0.0,     0.0,     2.0
brashdo01, 2009,     1, NYR , NHL , L  , 36.0,  0.0,   1.0,   1.0,  73.0, -9.0 ,  0.0,  0.0,  0.0,  0.0,  0.0,    ,  18.0,       ,      ,      ,        ,        ,        ,        ,        ,        ,        ,        ,      
brassde01, 2007,     1, CBS , NHL , C  , 17.0,  1.0,   1.0,   2.0,   6.0, -4.0 ,  0.0,  0.0,  0.0,  0.0,  0.0,    ,  13.0,       ,      ,      ,        ,        ,        ,        ,        ,        ,        ,        ,      
brassde01, 2008,     1, CBS , NHL , C  , 31.0, 10.0,  15.0,  25.0,  17.0, 12.0 ,  3.0,  4.0,  0.0,  0.0,  1.0,    ,  59.0,       ,      ,      ,        ,        ,        ,        ,        ,        ,        ,        ,      
brassde01, 2009,     1, CBS , NHL , C  , 79.0,  9.0,  27.0,  36.0,  48.0, -17.0,  4.0,  6.0,  0.0,  0.0,  0.0,    , 125.0,       ,      ,      ,        ,        ,        ,        ,        ,        ,        ,        ,      
brathfr01, 1993,     1, EDM , NHL , G  , 19.0,  0.0,   0.0,   0.0,   0.0, 0.0  ,  0.0,  0.0,  0.0,  0.0,  0.0, 0.0,   0.0,       ,      ,      ,        ,        ,        ,        ,        ,        ,        ,        ,      
brathfr01, 1994,     1, EDM , NHL , G  , 14.0,  0.0,   0.0,   0.0,   0.0, 0.0  ,  0.0,  0.0,  0.0,  0.0,  0.0, 0.0,   0.0,       ,      ,      ,        ,        ,        ,        ,        ,        ,        ,        ,      
brathfr01, 1995,     1, EDM , NHL , G  ,  7.0,  0.0,   0.0,   0.0,   2.0, 0.0  ,  0.0,  0.0,  0.0,  0.0,  0.0, 0.0,   0.0,       ,      ,      ,        ,        ,        ,        ,        ,        ,        ,        ,      
brathfr01, 1998,     1, CAL , NHL , G  , 28.0,  0.0,   2.0,   2.0,   2.0, 0.0  ,  0.0,  0.0,  0.0,  1.0,  0.0, 0.0,   0.0,       ,      ,      ,        ,        ,        ,        ,        ,        ,        ,        ,      
brathfr01, 1999,     1, CAL , NHL , G  , 61.0,  0.0,   0.0,   0.0,   4.0, 0.0  ,  0.0,  0.0,  0.0,  0.0,  0.0, 0.0,   0.0,       ,      ,      ,        ,        ,        ,        ,        ,        ,        ,        ,      
brathfr01, 2000,     1, CAL , NHL , G  , 49.0,  0.0,   1.0,   1.0,   2.0, 0.0  ,  0.0,  0.0,  0.0,  0.0,  0.0, 0.0,   0.0,       ,      ,      ,        ,        ,        ,        ,        ,        ,        ,        ,      
brathfr01, 2001,     1, STL , NHL , G  , 25.0,  0.0,   0.0,   0.0,   0.0, 0.0  ,  0.0,  0.0,  0.0,  0.0,  0.0, 0.0,   1.0,    1.0,   0.0,   0.0,     0.0,     0.0, 0.0    ,     0.0,     0.0,     0.0,     0.0,     0.0,     0.0
brathfr01, 2002,     1, STL , NHL , G  , 30.0,  0.0,   0.0,   0.0,   0.0, 0.0  ,  0.0,  0.0,  0.0,  0.0,  0.0, 0.0,   0.0,       ,      ,      ,        ,        ,        ,        ,        ,        ,        ,        ,      
brathfr01, 2003,     1, CBS , NHL , G  , 21.0,  0.0,   0.0,   0.0,   2.0, 0.0  ,  0.0,  0.0,  0.0,  0.0,  0.0, 0.0,   0.0,       ,      ,      ,        ,        ,        ,        ,        ,        ,        ,        ,      
braydu01 , 1976,     1, PHR , WHA , D  , 46.0,  2.0,   6.0,   8.0,  62.0, -41.0,  0.0,     ,  0.0,     ,     ,    ,  40.0,       ,      ,      ,        ,        ,        ,        ,        ,        ,        ,        ,      
braysru01, 1944,     1, CHI , NHL , L  , 43.0,  5.0,   9.0,  14.0,  24.0,      ,     ,     ,     ,     ,     ,    ,      ,       ,      ,      ,        ,        ,        ,        ,        ,        ,        ,        ,      
breaufr01, 1990,     1, LAK , NHL , R  , 17.0,  1.0,   4.0,   5.0,   6.0, -1.0 ,  0.0,  0.0,  0.0,  0.0,  0.0, 0.0,  12.0,       ,      ,      ,        ,        ,        ,        ,        ,        ,        ,        ,      
breaufr01, 1991,     1, LAK , NHL , R  ,  6.0,  1.0,   0.0,   1.0,  30.0, 0.0  ,  0.0,  0.0,  0.0,  0.0,  0.0, 0.0,   6.0,       ,      ,      ,        ,        ,        ,        ,        ,        ,        ,        ,      
breaufr01, 1992,     1, LAK , NHL , R  ,  4.0,  0.0,   0.0,   0.0,   6.0, -1.0 ,  0.0,  0.0,  0.0,  0.0,  0.0, 0.0,   0.0,       ,      ,      ,        ,        ,        ,        ,        ,        ,        ,        ,      
brediga01, 1974,     1, IND , WHA , R  , 10.0,  3.0,   2.0,   5.0,   8.0, -3.0 ,  0.0,     ,  0.0,     ,     ,    ,  12.0,       ,      ,      ,        ,        ,        ,        ,        ,        ,        ,        ,      
brediga01, 1974,     2, MIB , WHA , R  , 67.0, 15.0,  21.0,  36.0,  29.0, -37.0,  1.0,     ,  0.0,     ,     ,    , 113.0,       ,      ,      ,        ,        ,        ,        ,        ,        ,        ,        ,      
brediga01, 1975,     1, DOT , WHA , R  , 17.0,  4.0,   3.0,   7.0,   2.0, -7.0 ,  1.0,     ,  0.0,     ,  0.0,    ,  25.0,       ,      ,      ,        ,        ,        ,        ,        ,        ,        ,        ,      
brediga01, 1975,     2, SDM , WHA , R  , 50.0,  4.0,   5.0,   9.0,  10.0, -12.0,  0.0,     ,  0.0,     ,  1.0,    ,  55.0,       ,      ,      ,        ,        ,        ,        ,        ,        ,        ,        ,      
breitke01, 1975,     1, BUF , NHL , D  ,  7.0,  0.0,   0.0,   0.0,   6.0, 4.0  ,  0.0,     ,  0.0,     ,  0.0, 0.0,   0.0,    1.0,   0.0,   0.0,     0.0,     0.0,        ,     0.0,        ,     0.0,        ,     0.0,      
breitke01, 1976,     1, BUF , NHL , D  , 31.0,  0.0,   5.0,   5.0,  18.0, -2.0 ,  0.0,     ,  0.0,     ,  0.0, 0.0,  11.0,    4.0,   0.0,   0.0,     0.0,     0.0,        ,     0.0,        ,     0.0,        ,     0.0,      
breitke01, 1978,     1, BUF , NHL , D  , 30.0,  1.0,   8.0,   9.0,  25.0, 5.0  ,  0.0,     ,  0.0,     ,  0.0, 0.0,  41.0,    3.0,   0.0,   1.0,     1.0,     4.0,        ,     0.0,        ,     0.0,        ,     0.0,      
brendpa01, 2001,     1, PHI , NHL , R  ,  8.0,  1.0,   0.0,   1.0,   2.0, -1.0 ,  0.0,  0.0,  0.0,  0.0,  0.0, 0.0,   6.0,    2.0,   0.0,   0.0,     0.0,     0.0, 0.0    ,     0.0,     0.0,     0.0,     0.0,     0.0,     2.0
brendpa01, 2002,     1, PHI , NHL , R  , 42.0,  5.0,   7.0,  12.0,   4.0, 8.0  ,  1.0,  0.0,  0.0,  1.0,  1.0, 0.0,  80.0,       ,      ,      ,        ,        ,        ,        ,        ,        ,        ,        ,      
brendpa01, 2002,     2, CAR , NHL , R  ,  8.0,  0.0,   1.0,   1.0,   2.0, -3.0 ,  0.0,  0.0,  0.0,  0.0,  0.0, 0.0,  14.0,       ,      ,      ,        ,        ,        ,        ,        ,        ,        ,        ,      
brendpa01, 2003,     1, CAR , NHL , R  , 18.0,  5.0,   3.0,   8.0,   8.0, 0.0  ,  1.0,  1.0,  0.0,  0.0,  1.0, 1.0,  27.0,       ,      ,      ,        ,        ,        ,        ,        ,        ,        ,        ,      
brendpa01, 2005,     1, PHO , NHL , R  ,  2.0,  0.0,   0.0,   0.0,   0.0, -3.0 ,  0.0,  0.0,  0.0,  0.0,  0.0,    ,   3.0,       ,      ,      ,        ,        ,        ,        ,        ,        ,        ,        ,      
brennda01, 1983,     1, LAK , NHL , L  ,  2.0,  0.0,   0.0,   0.0,   0.0, -1.0 ,  0.0,     ,  0.0,     ,  0.0, 0.0,   1.0,       ,      ,      ,        ,        ,        ,        ,        ,        ,        ,        ,      
brennda01, 1985,     1, LAK , NHL , L  ,  6.0,  0.0,   1.0,   1.0,   9.0, -1.0 ,  0.0,     ,  0.0,     ,  0.0, 0.0,   6.0,       ,      ,      ,        ,        ,        ,        ,        ,        ,        ,        ,      
brenndo01, 1931,     1, NYR , NHL , D  , 38.0,  4.0,   3.0,   7.0,  40.0,      ,     ,     ,     ,     ,     ,    ,      ,    7.0,   1.0,   0.0,     1.0,    10.0,        ,        ,        ,        ,        ,        ,      
brenndo01, 1932,     1, NYR , NHL , D  , 48.0,  5.0,   4.0,   9.0,  94.0,      ,     ,     ,     ,     ,     ,    ,      ,    8.0,   0.0,   0.0,     0.0,    11.0,        ,        ,        ,        ,        ,        ,      
brenndo01, 1933,     1, NYR , NHL , D  , 37.0,  0.0,   0.0,   0.0,  18.0,      ,     ,     ,     ,     ,     ,    ,      ,    1.0,   0.0,   0.0,     0.0,     0.0,        ,        ,        ,        ,        ,        ,      
brennjo01, 1964,     1, CHI , NHL , L  , 17.0,  1.0,   0.0,   1.0,   2.0,      ,  0.0,     ,  0.0,     ,  1.0, 0.0,      ,       ,      ,      ,        ,        ,        ,        ,        ,        ,        ,        ,      
brennjo01, 1964,     2, NYR , NHL , L  , 22.0,  3.0,   3.0,   6.0,   6.0,      ,  0.0,     ,  0.0,     ,  0.0, 0.0,      ,       ,      ,      ,        ,        ,        ,        ,        ,        ,        ,        ,      
brennjo01, 1965,     1, NYR , NHL , L  , 11.0,  0.0,   0.0,   0.0,  14.0,      ,  0.0,     ,  0.0,     ,  0.0, 0.0,      ,       ,      ,      ,        ,        ,        ,        ,        ,        ,        ,        ,      
brennjo01, 1966,     1, TOR , NHL , L  , 41.0,  6.0,   4.0,  10.0,   4.0,      ,  0.0,     ,  1.0,     ,  0.0, 0.0,      ,       ,      ,      ,        ,        ,        ,        ,        ,        ,        ,        ,      
brennjo01, 1967,     1, DET , NHL , L  ,  9.0,  0.0,   2.0,   2.0,   0.0, 2.0  ,  0.0,     ,  0.0,     ,  0.0, 0.0,  12.0,       ,      ,      ,        ,        ,        ,        ,        ,        ,        ,        ,      
brennjo01, 1967,     2, OAK , NHL , L  , 31.0, 10.0,   8.0,  18.0,  14.0, -9.0 ,  2.0,     ,  0.0,     ,  0.0, 1.0,  61.0,       ,      ,      ,        ,        ,        ,        ,        ,        ,        ,        ,      
brennjo01, 1968,     1, OAK , NHL , L  , 21.0,  1.0,   2.0,   3.0,   6.0, -4.0 ,  0.0,     ,  0.0,     ,  0.0, 0.0,  16.0,       ,      ,      ,        ,        ,        ,        ,        ,        ,        ,        ,      
brennki01, 2001,     1, LAK , NHL , L  ,  4.0,  0.0,   0.0,   0.0,  22.0, 1.0  ,  0.0,  0.0,  0.0,  0.0,  0.0, 0.0,   0.0,       ,      ,      ,        ,        ,        ,        ,        ,        ,        ,        ,      
brennki01, 2002,     1, LAK , NHL , L  , 19.0,  0.0,   0.0,   0.0,  57.0, 0.0  ,  0.0,  0.0,  0.0,  0.0,  0.0, 0.0,   6.0,       ,      ,      ,        ,        ,        ,        ,        ,        ,        ,        ,      
brennki01, 2003,     1, LAK , NHL , L  , 18.0,  1.0,   0.0,   1.0,  79.0, -1.0 ,  0.0,  0.0,  0.0,  0.0,  0.0, 0.0,   6.0,       ,      ,      ,        ,        ,        ,        ,        ,        ,        ,        ,      
brennki01, 2003,     2, ATL , NHL , L  ,  5.0,  0.0,   0.0,   0.0,  17.0, 0.0  ,  0.0,  0.0,  0.0,  0.0,  0.0, 0.0,   2.0,       ,      ,      ,        ,        ,        ,        ,        ,        ,        ,        ,      
brennki01, 2005,     1, ANA , NHL , L  , 12.0,  0.0,   1.0,   1.0,  35.0, -2.0 ,  0.0,  0.0,  0.0,  0.0,  0.0,    ,   5.0,       ,      ,      ,        ,        ,        ,        ,        ,        ,        ,        ,      
brennki01, 2007,     1, NYI , NHL , L  ,  3.0,  0.0,   0.0,   0.0,  12.0, 0.0  ,  0.0,  0.0,  0.0,  0.0,  0.0,    ,   0.0,       ,      ,      ,        ,        ,        ,        ,        ,        ,        ,        ,      
brennri01, 1996,     1, COL , NHL , D  ,  2.0,  0.0,   0.0,   0.0,   0.0, 0.0  ,  0.0,  0.0,  0.0,  0.0,  0.0, 0.0,   0.0,       ,      ,      ,        ,        ,        ,        ,        ,        ,        ,        ,      
brennri01, 1997,     1, SJS , NHL , D  , 11.0,  1.0,   2.0,   3.0,   2.0, -4.0 ,  1.0,  1.0,  0.0,  0.0,  0.0, 0.0,  24.0,       ,      ,      ,        ,        ,        ,        ,        ,        ,        ,        ,      
brennri01, 1998,     1, NYR , NHL , D  , 24.0,  1.0,   3.0,   4.0,  23.0, -4.0 ,  0.0,  3.0,  0.0,  0.0,  0.0, 0.0,  36.0,       ,      ,      ,        ,        ,        ,        ,        ,        ,        ,        ,      
brennri01, 2000,     1, LAK , NHL , D  ,  2.0,  0.0,   0.0,   0.0,   0.0, -3.0 ,  0.0,  0.0,  0.0,  0.0,  0.0, 0.0,   1.0,       ,      ,      ,        ,        ,        ,        ,        ,        ,        ,        ,      
brennri01, 2001,     1, NAS , NHL , D  ,  4.0,  0.0,   0.0,   0.0,   2.0, 0.0  ,  0.0,  0.0,  0.0,  0.0,  0.0, 0.0,   0.0,       ,      ,      ,        ,        ,        ,        ,        ,        ,        ,        ,      
brennri01, 2002,     1, BOS , NHL , D  ,  7.0,  0.0,   1.0,   1.0,   6.0, 3.0  ,  0.0,  0.0,  0.0,  0.0,  0.0, 0.0,  12.0,       ,      ,      ,        ,        ,        ,        ,        ,        ,        ,        ,      
brennto01, 1943,     1, BOS , NHL , R  , 11.0,  2.0,   1.0,   3.0,   2.0,      ,     ,     ,     ,     ,     ,    ,      ,       ,      ,      ,        ,        ,        ,        ,        ,        ,        ,        ,      
brennto01, 1944,     1, BOS , NHL , R  ,  1.0,  0.0,   1.0,   1.0,   0.0,      ,     ,     ,     ,     ,     ,    ,      ,       ,      ,      ,        ,        ,        ,        ,        ,        ,        ,        ,      
brenoma01, 1925,     1, EDE , WCHL, L  ,  5.0,  0.0,   0.0,   0.0,   0.0,      ,     ,     ,     ,     ,     ,    ,      ,       ,      ,      ,        ,        ,        ,        ,        ,        ,        ,        ,      
brentti01, 2006,     1, AND , NHL , C  , 15.0,  1.0,   0.0,   1.0,   6.0, -5.0 ,  0.0,  0.0,  0.0,  0.0,  0.0,    ,  14.0,       ,      ,      ,        ,        ,        ,        ,        ,        ,        ,        ,      
brentti01, 2007,     1, PIT , NHL , C  ,  1.0,  0.0,   0.0,   0.0,   0.0, -1.0 ,  0.0,  0.0,  0.0,  0.0,  0.0,    ,   0.0,       ,      ,      ,        ,        ,        ,        ,        ,        ,        ,        ,      
brentti01, 2008,     1, CHI , NHL , C  ,  2.0,  0.0,   0.0,   0.0,   2.0, 0.0  ,  0.0,  0.0,  0.0,  0.0,  0.0,    ,   0.0,       ,      ,      ,        ,        ,        ,        ,        ,        ,        ,        ,      
brentti01, 2009,     1, TOR , NHL , C  ,  1.0,  0.0,   0.0,   0.0,   0.0, 0.0  ,  0.0,  0.0,  0.0,  0.0,  0.0,    ,   3.0,       ,      ,      ,        ,        ,        ,        ,        ,        ,        ,        ,      
brettjo01, 1944,     1, CHI , NHL , D  ,  3.0,  0.0,   0.0,   0.0,   4.0,      ,     ,     ,     ,     ,     ,    ,      ,       ,      ,      ,        ,        ,        ,        ,        ,        ,        ,        ,      
breweca01, 1957,     1, TOR , NHL , D  ,  2.0,  0.0,   0.0,   0.0,   0.0,      ,     ,     ,     ,     ,     ,    ,      ,       ,      ,      ,        ,        ,        ,        ,        ,        ,        ,        ,      
breweca01, 1958,     1, TOR , NHL , D  , 69.0,  3.0,  21.0,  24.0, 125.0,      ,     ,     ,     ,     ,     ,    ,      ,   12.0,   0.0,   6.0,     6.0,    40.0,        ,        ,        ,        ,        ,        ,      
breweca01, 1959,     1, TOR , NHL , D  , 67.0,  4.0,  19.0,  23.0, 150.0,      ,     ,     ,     ,     ,     ,    ,      ,   10.0,   2.0,   3.0,     5.0,    16.0,        ,        ,        ,        ,        ,        ,      
breweca01, 1960,     1, TOR , NHL , D  , 51.0,  1.0,  14.0,  15.0,  92.0,      ,     ,     ,     ,     ,     ,    ,      ,    5.0,   0.0,   0.0,     0.0,     4.0,        ,        ,        ,        ,        ,     0.0,      
breweca01, 1961,     1, TOR , NHL , D  , 67.0,  1.0,  22.0,  23.0,  89.0,      ,     ,     ,     ,     ,     ,    ,      ,    8.0,   0.0,   2.0,     2.0,    22.0,        ,        ,        ,        ,        ,     0.0,      
breweca01, 1962,     1, TOR , NHL , D  , 70.0,  2.0,  23.0,  25.0, 168.0,      ,     ,     ,     ,     ,     ,    ,      ,   10.0,   0.0,   1.0,     1.0,    12.0,        ,        ,        ,        ,        ,     0.0,      
breweca01, 1963,     1, TOR , NHL , D  , 57.0,  4.0,   9.0,  13.0, 114.0,      ,  0.0,     ,  0.0,     ,  0.0, 0.0,      ,   12.0,   0.0,   1.0,     1.0,    30.0,        ,        ,        ,        ,        ,     0.0,      
breweca01, 1964,     1, TOR , NHL , D  , 70.0,  4.0,  23.0,  27.0, 177.0,      ,  0.0,     ,  1.0,     ,  0.0, 2.0,      ,    6.0,   1.0,   2.0,     3.0,    12.0,        ,        ,        ,        ,        ,     0.0,      
breweca01, 1969,     1, DET , NHL , D  , 70.0,  2.0,  37.0,  39.0,  51.0, 44.0 ,  0.0,     ,  0.0,     ,  0.0, 1.0, 109.0,    4.0,   0.0,   0.0,     0.0,     2.0,        ,     0.0,        ,     0.0,        ,     0.0,      
breweca01, 1970,     1, STL , NHL , D  , 19.0,  2.0,   9.0,  11.0,  29.0, -1.0 ,  0.0,     ,  0.0,     ,  0.0, 0.0,  35.0,    5.0,   0.0,   2.0,     2.0,     8.0,        ,     0.0,        ,     0.0,        ,     0.0,      
breweca01, 1971,     1, STL , NHL , D  , 42.0,  2.0,  16.0,  18.0,  40.0, -6.0 ,  0.0,     ,  0.0,     ,  1.0, 0.0,  58.0,       ,      ,      ,        ,        ,        ,        ,        ,        ,        ,        ,      
breweca01, 1973,     1, TOT , WHA , D  , 77.0,  2.0,  23.0,  25.0,  42.0,      ,  1.0,     ,  0.0,     ,  1.0,    ,      ,   12.0,   0.0,   4.0,     4.0,    11.0,        ,        ,        ,        ,        ,     0.0,      
breweca01, 1979,     1, TOR , NHL , D  , 20.0,  0.0,   5.0,   5.0,   2.0, -5.0 ,  0.0,     ,  0.0,     ,  0.0, 0.0,  11.0,       ,      ,      ,        ,        ,        ,        ,        ,        ,        ,        ,      
breweer01, 1998,     1, NYI , NHL , D  , 63.0,  5.0,   6.0,  11.0,  32.0, -14.0,  2.0,  3.0,  0.0,  0.0,  0.0, 0.0,  63.0,       ,      ,      ,        ,        ,        ,        ,        ,        ,        ,        ,      
breweer01, 1999,     1, NYI , NHL , D  , 26.0,  0.0,   2.0,   2.0,  20.0, -11.0,  0.0,  0.0,  0.0,  0.0,  0.0, 0.0,  30.0,       ,      ,      ,        ,        ,        ,        ,        ,        ,        ,        ,      
breweer01, 2000,     1, EDM , NHL , D  , 77.0,  7.0,  14.0,  21.0,  53.0, 15.0 ,  2.0,  3.0,  0.0,  1.0,  2.0, 0.0,  91.0,    6.0,   1.0,   5.0,     6.0,     2.0, -3.0   ,     1.0,     2.0,     0.0,     0.0,     0.0,    11.0
breweer01, 2001,     1, EDM , NHL , D  , 81.0,  7.0,  18.0,  25.0,  45.0, -5.0 ,  6.0,  9.0,  0.0,  1.0,  2.0, 0.0, 165.0,       ,      ,      ,        ,        ,        ,        ,        ,        ,        ,        ,      
breweer01, 2002,     1, EDM , NHL , D  , 80.0,  8.0,  21.0,  29.0,  45.0, -11.0,  1.0, 12.0,  0.0,  0.0,  1.0, 0.0, 147.0,    6.0,   1.0,   3.0,     4.0,     6.0, 1.0    ,     0.0,     1.0,     0.0,     0.0,     0.0,     9.0
breweer01, 2003,     1, EDM , NHL , D  , 77.0,  7.0,  18.0,  25.0,  67.0, -6.0 ,  3.0,  7.0,  0.0,  2.0,  1.0, 1.0, 135.0,       ,      ,      ,        ,        ,        ,        ,        ,        ,        ,        ,      
breweer01, 2005,     1, STL , NHL , D  , 32.0,  6.0,   3.0,   9.0,  45.0, -17.0,  1.0,  2.0,  0.0,  0.0,  1.0,    ,  64.0,       ,      ,      ,        ,        ,        ,        ,        ,        ,        ,        ,      
breweer01, 2006,     1, STL , NHL , D  , 82.0,  6.0,  23.0,  29.0,  69.0, -10.0,  2.0,  6.0,  0.0,  1.0,  1.0,    , 111.0,       ,      ,      ,        ,        ,        ,        ,        ,        ,        ,        ,      
breweer01, 2007,     1, STL , NHL , D  , 77.0,  1.0,  21.0,  22.0,  91.0, -18.0,  0.0, 10.0,  0.0,  0.0,  0.0,    , 101.0,       ,      ,      ,        ,        ,        ,        ,        ,        ,        ,        ,      
breweer01, 2008,     1, STL , NHL , D  , 28.0,  1.0,   5.0,   6.0,  24.0, -14.0,  1.0,  2.0,  0.0,  0.0,  0.0,    ,  49.0,       ,      ,      ,        ,        ,        ,        ,        ,        ,        ,        ,      
breweer01, 2009,     1, STL , NHL , D  , 59.0,  8.0,   7.0,  15.0,  46.0, -17.0,  0.0,  3.0,  0.0,  0.0,  0.0,    ,  84.0,       ,      ,      ,        ,        ,        ,        ,        ,        ,        ,        ,      
brickan01, 1982,     1, PHI , NHL , L  ,  3.0,  1.0,   1.0,   2.0,   0.0, -1.0 ,  1.0,     ,  0.0,     ,  0.0, 0.0,   7.0,       ,      ,      ,        ,        ,        ,        ,        ,        ,        ,        ,      
brickan01, 1983,     1, PIT , NHL , L  , 50.0, 18.0,  20.0,  38.0,   9.0, -7.0 ,  7.0,     ,  1.0,     ,  2.0, 0.0,  75.0,       ,      ,      ,        ,        ,        ,        ,        ,        ,        ,        ,      
brickan01, 1984,     1, PIT , NHL , L  , 45.0,  7.0,  15.0,  22.0,  10.0, -14.0,  1.0,     ,  0.0,     ,  1.0, 0.0,  58.0,       ,      ,      ,        ,        ,        ,        ,        ,        ,        ,        ,      
brickan01, 1986,     1, NJD , NHL , C  , 51.0, 11.0,  12.0,  23.0,   8.0, -15.0,  1.0,     ,  3.0,     ,  0.0, 0.0,  55.0,       ,      ,      ,        ,        ,        ,        ,        ,        ,        ,        ,      
brickan01, 1987,     1, NJD , NHL , L  , 45.0,  8.0,  14.0,  22.0,  14.0, 1.0  ,  2.0,  2.0,  1.0,  1.0,  3.0, 0.0,  61.0,    4.0,   0.0,   1.0,     1.0,     4.0, 0.0    ,     0.0,     0.0,     0.0,     0.0,     0.0,     5.0
brickan01, 1988,     1, BOS , NHL , C  , 71.0, 13.0,  22.0,  35.0,  20.0, 4.0  ,  2.0,  6.0,  0.0,  1.0,  3.0, 1.0,  98.0,   10.0,   0.0,   2.0,     2.0,     0.0, -6.0   ,     0.0,     0.0,     0.0,     1.0,     0.0,     6.0
brickan01, 1989,     1, BOS , NHL , L  , 43.0, 12.0,  28.0,  40.0,   8.0, 11.0 ,  6.0,  7.0,  0.0,  0.0,  1.0, 0.0,  69.0,    2.0,   0.0,   0.0,     0.0,     0.0, 0.0    ,     0.0,     0.0,     0.0,     0.0,     0.0,     0.0
brickan01, 1990,     1, BOS , NHL , C  , 40.0,  2.0,   9.0,  11.0,   8.0, -4.0 ,  0.0,  1.0,  0.0,  0.0,  0.0, 0.0,  28.0,       ,      ,      ,        ,        ,        ,        ,        ,        ,        ,        ,      
brickan01, 1991,     1, BOS , NHL , C  , 23.0, 10.0,  17.0,  27.0,   2.0, 6.0  ,  5.0,  4.0,  0.0,  0.0,  1.0, 1.0,  28.0,       ,      ,      ,        ,        ,        ,        ,        ,        ,        ,        ,      
brickan01, 1992,     1, WIN , NHL , L  , 12.0,  0.0,   2.0,   2.0,   2.0, 0.0  ,  0.0,  0.0,  0.0,  0.0,  0.0, 0.0,   5.0,    1.0,   1.0,   1.0,     2.0,     0.0, 2.0    ,     0.0,     0.0,     0.0,     0.0,     0.0,     1.0
brickan01, 1993,     1, WIN , NHL , L  ,  2.0,  0.0,   0.0,   0.0,   0.0, -2.0 ,  0.0,  0.0,  0.0,  0.0,  0.0, 0.0,   0.0,       ,      ,      ,        ,        ,        ,        ,        ,        ,        ,        ,      
bridear01, 1916,     1, TBS , NHA ,    , 13.0,  2.0,   2.0,   4.0,  27.0,      ,     ,     ,     ,     ,     ,    ,      ,       ,      ,      ,        ,        ,        ,        ,        ,        ,        ,        ,      
bridear01, 1921,     1, SEA , PCHA, L  , 24.0,  1.0,   2.0,   3.0,  13.0,      ,     ,     ,     ,     ,     ,    ,      ,    2.0,   0.0,   0.0,     0.0,     3.0,        ,        ,        ,        ,        ,        ,      
bridear01, 1922,     1, SEA , PCHA, L  , 28.0,  7.0,   3.0,  10.0,  26.0,      ,     ,     ,     ,     ,     ,    ,      ,       ,      ,      ,        ,        ,        ,        ,        ,        ,        ,        ,      
bridear01, 1923,     1, SEA , PCHA, L  , 18.0,  6.0,   0.0,   6.0,  20.0,      ,     ,     ,     ,     ,     ,    ,      ,       ,      ,      ,        ,        ,        ,        ,        ,        ,        ,        ,      
bridear01, 1923,     2, VC1 , PCHA, L  , 12.0,  8.0,   1.0,   9.0,   6.0,      ,     ,     ,     ,     ,     ,    ,      ,       ,      ,      ,        ,        ,        ,        ,        ,        ,        ,        ,      
bridear01, 1924,     1, EDE , WCHL, L  , 28.0, 17.0,   6.0,  23.0,  33.0,      ,     ,     ,     ,     ,     ,    ,      ,       ,      ,      ,        ,        ,        ,        ,        ,        ,        ,        ,      
bridear01, 1925,     1, CAT , WCHL, L  , 27.0, 14.0,   2.0,  16.0,  10.0,      ,     ,     ,     ,     ,     ,    ,      ,       ,      ,      ,        ,        ,        ,        ,        ,        ,        ,        ,      
bridear01, 1926,     1, BOS , NHL , L  , 16.0,  0.0,   0.0,   0.0,   8.0,      ,     ,     ,     ,     ,     ,    ,      ,       ,      ,      ,        ,        ,        ,        ,        ,        ,        ,        ,      
bridear01, 1926,     2, DTC , NHL , L  , 26.0,  5.0,   2.0,   7.0,  28.0,      ,     ,     ,     ,     ,     ,    ,      ,       ,      ,      ,        ,        ,        ,        ,        ,        ,        ,        ,      
bridear01, 1929,     1, PIP , NHL , L  , 29.0,  4.0,   3.0,   7.0,  20.0,      ,     ,     ,     ,     ,     ,    ,      ,       ,      ,      ,        ,        ,        ,        ,        ,        ,        ,        ,      
bridgme01, 1975,     1, PHI , NHL , C  , 80.0, 23.0,  27.0,  50.0,  86.0, 22.0 ,  5.0,     ,  1.0,     ,  2.0, 0.0, 166.0,   16.0,   6.0,   8.0,    14.0,    31.0,        ,     0.0,        ,     0.0,        ,     2.0,      
bridgme01, 1976,     1, PHI , NHL , C  , 70.0, 19.0,  38.0,  57.0, 120.0, 35.0 ,  4.0,     ,  0.0,     ,  2.0, 1.0, 136.0,    7.0,   1.0,   0.0,     1.0,     8.0,        ,     0.0,        ,     1.0,        ,     0.0,      
bridgme01, 1977,     1, PHI , NHL , C  , 76.0, 16.0,  32.0,  48.0, 203.0, 26.0 ,  3.0,     ,  1.0,     ,  2.0, 0.0, 154.0,   12.0,   1.0,   7.0,     8.0,    36.0,        ,     0.0,        ,     0.0,        ,     1.0,      
bridgme01, 1978,     1, PHI , NHL , C  , 76.0, 24.0,  35.0,  59.0, 184.0, 14.0 ,  0.0,     ,  0.0,     ,  3.0, 3.0, 157.0,    8.0,   1.0,   2.0,     3.0,    17.0,        ,     0.0,        ,     0.0,        ,     0.0,      
bridgme01, 1979,     1, PHI , NHL , C  , 74.0, 16.0,  31.0,  47.0, 136.0, 13.0 ,  2.0,     ,  2.0,     ,  2.0, 2.0, 145.0,   19.0,   2.0,   9.0,    11.0,    70.0,        ,     0.0,        ,     0.0,        ,     0.0,      
bridgme01, 1980,     1, PHI , NHL , C  , 77.0, 14.0,  37.0,  51.0, 195.0, 28.0 ,  1.0,     ,  0.0,     ,  3.0, 0.0, 138.0,   12.0,   2.0,   4.0,     6.0,    39.0,        ,     0.0,        ,     0.0,        ,     0.0,      
bridgme01, 1981,     1, PHI , NHL , C  ,  9.0,  7.0,   5.0,  12.0,  47.0, 0.0  ,  3.0,     ,  0.0,     ,  1.0, 0.0,  22.0,       ,      ,      ,        ,        ,        ,        ,        ,        ,        ,        ,      
bridgme01, 1981,     2, CAL , NHL , L  , 63.0, 26.0,  49.0,  75.0,  94.0, 16.0 ,  6.0,     ,  2.0,     ,  3.0, 0.0, 141.0,    3.0,   2.0,   0.0,     2.0,    14.0,        ,     0.0,        ,     0.0,        ,     0.0,      
bridgme01, 1982,     1, CAL , NHL , L  , 79.0, 19.0,  31.0,  50.0, 103.0, -1.0 ,  9.0,     ,  0.0,     ,  1.0, 0.0, 131.0,    9.0,   3.0,   4.0,     7.0,    33.0,        ,     2.0,        ,     0.0,        ,     0.0,      
bridgme01, 1983,     1, NJD , NHL , L  , 79.0, 23.0,  38.0,  61.0, 121.0, -27.0,  9.0,     ,  1.0,     ,  0.0, 3.0, 127.0,       ,      ,      ,        ,        ,        ,        ,        ,        ,        ,        ,      
bridgme01, 1984,     1, NJD , NHL , C  , 80.0, 22.0,  39.0,  61.0, 105.0, -16.0,  5.0,     ,  3.0,     ,  3.0, 0.0, 143.0,       ,      ,      ,        ,        ,        ,        ,        ,        ,        ,        ,      
bridgme01, 1985,     1, NJD , NHL , L  , 78.0, 23.0,  40.0,  63.0,  80.0, -1.0 ,  5.0,     ,  1.0,     ,  1.0, 0.0, 136.0,       ,      ,      ,        ,        ,        ,        ,        ,        ,        ,        ,      
bridgme01, 1986,     1, NJD , NHL , L  , 51.0,  8.0,  31.0,  39.0,  80.0, -8.0 ,  1.0,     ,  1.0,     ,  1.0, 0.0,  73.0,       ,      ,      ,        ,        ,        ,        ,        ,        ,        ,        ,      
bridgme01, 1986,     2, DET , NHL , C  , 13.0,  2.0,   2.0,   4.0,  19.0, 1.0  ,  0.0,     ,  1.0,     ,  1.0, 0.0,  13.0,   16.0,   5.0,   2.0,     7.0,    28.0, 6.0    ,     0.0,        ,     1.0,        ,     1.0,    22.0
bridgme01, 1987,     1, DET , NHL , L  , 57.0,  6.0,  11.0,  17.0,  42.0, 4.0  ,  0.0,  0.0,  0.0,  1.0,  1.0, 0.0,  40.0,   16.0,   4.0,   1.0,     5.0,    12.0, 2.0    ,     0.0,     0.0,     0.0,     0.0,     0.0,     8.0
bridgme01, 1988,     1, VAN , NHL , C  , 15.0,  4.0,   3.0,   7.0,  10.0, -4.0 ,  2.0,  2.0,  0.0,  0.0,  0.0, 0.0,  17.0,    7.0,   1.0,   2.0,     3.0,    10.0, -1.0   ,     1.0,     0.0,     0.0,     0.0,     0.0,     3.0
brierda01, 1997,     1, PHO , NHL , C  ,  5.0,  1.0,   0.0,   1.0,   2.0, 1.0  ,  0.0,  0.0,  0.0,  0.0,  0.0, 0.0,   4.0,       ,      ,      ,        ,        ,        ,        ,        ,        ,        ,        ,      
brierda01, 1998,     1, PHO , NHL , C  , 64.0,  8.0,  14.0,  22.0,  30.0, -3.0 ,  2.0,  2.0,  0.0,  0.0,  2.0, 0.0,  90.0,       ,      ,      ,        ,        ,        ,        ,        ,        ,        ,        ,      
brierda01, 1999,     1, PHO , NHL , C  , 13.0,  1.0,   1.0,   2.0,   0.0, 0.0  ,  0.0,  0.0,  0.0,  0.0,  0.0, 1.0,   9.0,    1.0,   0.0,   0.0,     0.0,     0.0, 0.0    ,     0.0,     0.0,     0.0,     0.0,     0.0,     1.0
brierda01, 2000,     1, PHO , NHL , C  , 30.0, 11.0,   4.0,  15.0,  12.0, -2.0 ,  9.0,  3.0,  0.0,  0.0,  1.0, 0.0,  43.0,       ,      ,      ,        ,        ,        ,        ,        ,        ,        ,        ,      
brierda01, 2001,     1, PHO , NHL , C  , 78.0, 32.0,  28.0,  60.0,  52.0, 6.0  , 12.0, 10.0,  0.0,  0.0,  5.0, 1.0, 149.0,    5.0,   2.0,   1.0,     3.0,     2.0, -4.0   ,     1.0,     0.0,     0.0,     0.0,     1.0,    12.0
brierda01, 2002,     1, PHO , NHL , C  , 68.0, 17.0,  29.0,  46.0,  50.0, -21.0,  4.0, 15.0,  0.0,  0.0,  3.0, 1.0, 142.0,       ,      ,      ,        ,        ,        ,        ,        ,        ,        ,        ,      
brierda01, 2002,     2, BUF , NHL , C  , 14.0,  7.0,   5.0,  12.0,  12.0, 1.0  ,  5.0,  1.0,  0.0,  0.0,  1.0, 0.0,  39.0,       ,      ,      ,        ,        ,        ,        ,        ,        ,        ,        ,      
brierda01, 2003,     1, BUF , NHL , C  , 82.0, 28.0,  37.0,  65.0,  70.0, -7.0 , 11.0, 16.0,  0.0,  0.0,  3.0, 0.0, 194.0,       ,      ,      ,        ,        ,        ,        ,        ,        ,        ,        ,      
brierda01, 2005,     1, BUF , NHL , C  , 48.0, 25.0,  33.0,  58.0,  48.0, 3.0  , 11.0, 17.0,  0.0,  1.0,  4.0,    , 147.0,   18.0,   8.0,  11.0,    19.0,    12.0, 0.0    ,     3.0,     5.0,     0.0,     0.0,     2.0,    47.0
brierda01, 2006,     1, BUF , NHL , C  , 81.0, 32.0,  63.0,  95.0,  89.0, 17.0 ,  9.0, 21.0,  0.0,  0.0,  6.0,    , 234.0,   16.0,   3.0,  12.0,    15.0,    16.0, 3.0    ,     2.0,     5.0,     0.0,     0.0,     1.0,    49.0
brierda01, 2007,     1, PHI , NHL , C  , 79.0, 31.0,  41.0,  72.0,  68.0, -22.0, 14.0, 23.0,  0.0,  1.0,  3.0,    , 182.0,   17.0,   9.0,   7.0,    16.0,    20.0, -3.0   ,     6.0,     3.0,     0.0,     0.0,     3.0,    45.0
brierda01, 2008,     1, PHI , NHL , C  , 29.0, 11.0,  14.0,  25.0,  26.0, -1.0 ,  4.0,  6.0,  0.0,  0.0,  0.0,    ,  54.0,    6.0,   1.0,   3.0,     4.0,     8.0, -1.0   ,     1.0,     1.0,     0.0,     0.0,     0.0,    10.0
brierda01, 2009,     1, PHI , NHL , C  , 75.0, 26.0,  27.0,  53.0,  71.0, -2.0 ,  8.0,  9.0,  0.0,  0.0,  1.0,    , 193.0,   23.0,  12.0,  18.0,    30.0,    18.0, 9.0    ,     4.0,     6.0,     0.0,     0.0,     4.0,    63.0
briermi01, 1969,     1, PIT , NHL , C  , 76.0, 12.0,  32.0,  44.0,  20.0, -15.0,  4.0,     ,  0.0,     ,  3.0, 0.0, 223.0,   10.0,   5.0,   3.0,     8.0,    17.0,        ,     1.0,        ,     0.0,        ,     3.0,      
brigltr01, 1997,     1, CAL , NHL , L  ,  2.0,  0.0,   0.0,   0.0,   2.0, 0.0  ,  0.0,  0.0,  0.0,  0.0,  0.0, 0.0,   1.0,       ,      ,      ,        ,        ,        ,        ,        ,        ,        ,        ,      
brigltr01, 1999,     1, CAL , NHL , L  , 17.0,  0.0,   2.0,   2.0,   4.0, -6.0 ,  0.0,  0.0,  0.0,  1.0,  0.0, 0.0,  17.0,       ,      ,      ,        ,        ,        ,        ,        ,        ,        ,        ,      
brigltr01, 2003,     1, COL , NHL , L  , 36.0,  3.0,   4.0,   7.0,  10.0, 0.0  ,  1.0,  0.0,  0.0,  0.0,  0.0, 0.0,  39.0,       ,      ,      ,        ,        ,        ,        ,        ,        ,        ,        ,      
brimaar01, 1993,     1, PHI , NHL , D  ,  1.0,  0.0,   0.0,   0.0,   0.0, -1.0 ,  0.0,  0.0,  0.0,  0.0,  0.0, 0.0,   1.0,       ,      ,      ,        ,        ,        ,        ,        ,        ,        ,        ,      
brimaar01, 1995,     1, PHI , NHL , D  , 17.0,  0.0,   2.0,   2.0,  12.0, -1.0 ,  0.0,  0.0,  0.0,  0.0,  0.0, 0.0,  11.0,       ,      ,      ,        ,        ,        ,        ,        ,        ,        ,        ,      
brimaar01, 1996,     1, PHI , NHL , D  ,  3.0,  0.0,   1.0,   1.0,   0.0, 0.0  ,  0.0,  0.0,  0.0,  0.0,  0.0, 0.0,   1.0,       ,      ,      ,        ,        ,        ,        ,        ,        ,        ,        ,      
brimaar01, 1999,     1, NYI , NHL , D  , 18.0,  2.0,   1.0,   3.0,   6.0, -5.0 ,  2.0,  0.0,  0.0,  0.0,  0.0, 0.0,  16.0,       ,      ,      ,        ,        ,        ,        ,        ,        ,        ,        ,      
brimaar01, 2000,     1, NYI , NHL , D  , 56.0,  0.0,   8.0,   8.0,  26.0, -12.0,  0.0,  4.0,  0.0,  0.0,  0.0, 0.0,  66.0,       ,      ,      ,        ,        ,        ,        ,        ,        ,        ,        ,      
brimaar01, 2001,     1, ANA , NHL , D  ,  5.0,  0.0,   0.0,   0.0,   9.0, -1.0 ,  0.0,  0.0,  0.0,  0.0,  0.0, 0.0,   2.0,       ,      ,      ,        ,        ,        ,        ,        ,        ,        ,        ,      
brimaar01, 2003,     1, STL , NHL , D  , 13.0,  0.0,   0.0,   0.0,   4.0, 0.0  ,  0.0,  0.0,  0.0,  0.0,  0.0, 0.0,   3.0,       ,      ,      ,        ,        ,        ,        ,        ,        ,        ,        ,      
brimsfr01, 1938,     1, BOS , NHL , G  , 43.0,  0.0,   0.0,   0.0,   0.0,      ,     ,     ,     ,     ,     ,    ,      ,   12.0,   0.0,   0.0,     0.0,     0.0,        ,        ,        ,        ,        ,        ,      
brimsfr01, 1939,     1, BOS , NHL , G  , 48.0,  0.0,   0.0,   0.0,   0.0,      ,     ,     ,     ,     ,     ,    ,      ,    6.0,   0.0,   0.0,     0.0,     0.0,        ,        ,        ,        ,        ,        ,      
brimsfr01, 1940,     1, BOS , NHL , G  , 48.0,  0.0,   0.0,   0.0,   0.0,      ,     ,     ,     ,     ,     ,    ,      ,   11.0,   0.0,   0.0,     0.0,     0.0,        ,        ,        ,        ,        ,        ,      
brimsfr01, 1941,     1, BOS , NHL , G  , 47.0,  0.0,   0.0,   0.0,   0.0,      ,     ,     ,     ,     ,     ,    ,      ,    5.0,   0.0,   0.0,     0.0,     0.0,        ,        ,        ,        ,        ,        ,      
brimsfr01, 1942,     1, BOS , NHL , G  , 50.0,  0.0,   0.0,   0.0,   0.0,      ,     ,     ,     ,     ,     ,    ,      ,    9.0,   0.0,   0.0,     0.0,     0.0,        ,        ,        ,        ,        ,        ,      
brimsfr01, 1945,     1, BOS , NHL , G  , 34.0,  0.0,   0.0,   0.0,   0.0,      ,     ,     ,     ,     ,     ,    ,      ,   10.0,   0.0,   0.0,     0.0,     0.0,        ,        ,        ,        ,        ,        ,      
brimsfr01, 1946,     1, BOS , NHL , G  , 60.0,  0.0,   0.0,   0.0,   2.0,      ,     ,     ,     ,     ,     ,    ,      ,    5.0,   0.0,   0.0,     0.0,     0.0,        ,        ,        ,        ,        ,        ,      
brimsfr01, 1947,     1, BOS , NHL , G  , 60.0,  0.0,   0.0,   0.0,   0.0,      ,     ,     ,     ,     ,     ,    ,      ,    5.0,   0.0,   0.0,     0.0,     0.0,        ,        ,        ,        ,        ,        ,      
brimsfr01, 1948,     1, BOS , NHL , G  , 54.0,  0.0,   0.0,   0.0,   2.0,      ,     ,     ,     ,     ,     ,    ,      ,    5.0,   0.0,   0.0,     0.0,     0.0,        ,        ,        ,        ,        ,        ,      
brimsfr01, 1949,     1, CHI , NHL , G  , 70.0,  0.0,   0.0,   0.0,   2.0,      ,     ,     ,     ,     ,     ,    ,      ,       ,      ,      ,        ,        ,        ,        ,        ,        ,        ,        ,      
brinddo01, 1970,     1, TOR , NHL , C  ,  3.0,  0.0,   0.0,   0.0,   0.0, 0.0  ,  0.0,     ,  0.0,     ,  0.0, 0.0,   0.0,       ,      ,      ,        ,        ,        ,        ,        ,        ,        ,        ,      
brinddo01, 1972,     1, CLC , WHA , C  , 73.0, 15.0,  11.0,  26.0,   6.0,      ,  2.0,     ,  0.0,     ,     ,    ,      ,    9.0,   0.0,   0.0,     0.0,     6.0,        ,     0.0,        ,     0.0,        ,     0.0,      
brinddo01, 1973,     1, CLC , WHA , C  , 30.0, 13.0,   9.0,  22.0,  13.0,      ,  1.0,     ,  0.0,     ,  1.0,    ,      ,    5.0,   0.0,   1.0,     1.0,     2.0,        ,        ,        ,        ,        ,     0.0,      
brindro01, 1988,     1, STL , NHL , C  ,     ,     ,      ,      ,      ,      ,     ,     ,     ,     ,     ,    ,      ,    5.0,   2.0,   0.0,     2.0,     4.0, -2.0   ,     0.0,     0.0,     0.0,     0.0,     0.0,     4.0
brindro01, 1989,     1, STL , NHL , L  , 79.0, 26.0,  35.0,  61.0,  46.0, 23.0 , 10.0,  8.0,  0.0,  0.0,  1.0, 1.0, 160.0,   12.0,   5.0,   8.0,    13.0,     6.0, 0.0    ,     1.0,     4.0,     0.0,     0.0,     0.0,    29.0
brindro01, 1990,     1, STL , NHL , L  , 78.0, 17.0,  32.0,  49.0,  93.0, 2.0  ,  4.0,  5.0,  0.0,  0.0,  3.0, 0.0, 169.0,   13.0,   2.0,   5.0,     7.0,    10.0, 0.0    ,     1.0,     3.0,     0.0,     0.0,     0.0,    24.0
brindro01, 1991,     1, PHI , NHL , C  , 80.0, 33.0,  44.0,  77.0, 100.0, -3.0 ,  8.0, 15.0,  4.0,  4.0,  5.0, 0.0, 202.0,       ,      ,      ,        ,        ,        ,        ,        ,        ,        ,        ,      
brindro01, 1992,     1, PHI , NHL , C  , 81.0, 37.0,  49.0,  86.0,  89.0, -8.0 , 13.0, 17.0,  4.0,  2.0,  4.0, 1.0, 206.0,       ,      ,      ,        ,        ,        ,        ,        ,        ,        ,        ,      
brindro01, 1993,     1, PHI , NHL , L  , 84.0, 35.0,  62.0,  97.0,  85.0, -9.0 , 14.0, 17.0,  1.0,  3.0,  4.0, 0.0, 230.0,       ,      ,      ,        ,        ,        ,        ,        ,        ,        ,        ,      
brindro01, 1994,     1, PHI , NHL , C  , 48.0, 12.0,  27.0,  39.0,  33.0, -4.0 ,  4.0, 12.0,  1.0,  1.0,  2.0, 0.0,  86.0,   15.0,   6.0,   9.0,    15.0,     8.0, 5.0    ,     2.0,     0.0,     1.0,     2.0,     1.0,    28.0
brindro01, 1995,     1, PHI , NHL , L  , 82.0, 26.0,  61.0,  87.0, 110.0, 20.0 ,  4.0, 22.0,  4.0,  2.0,  5.0, 4.0, 213.0,   12.0,   2.0,   5.0,     7.0,     6.0, -2.0   ,     1.0,     1.0,     0.0,     0.0,     0.0,    34.0
brindro01, 1996,     1, PHI , NHL , C  , 82.0, 27.0,  32.0,  59.0,  41.0, 2.0  ,  8.0,  5.0,  2.0,  2.0,  3.0, 2.0, 205.0,   19.0,  13.0,   8.0,    21.0,    10.0, 9.0    ,     4.0,     2.0,     2.0,     0.0,     1.0,    65.0
brindro01, 1997,     1, PHI , NHL , L  , 82.0, 36.0,  38.0,  74.0,  54.0, -2.0 , 10.0, 13.0,  2.0,  2.0,  8.0, 0.0, 205.0,    5.0,   2.0,   2.0,     4.0,     7.0, 2.0    ,     0.0,     1.0,     0.0,     0.0,     0.0,    15.0
brindro01, 1998,     1, PHI , NHL , C  , 82.0, 24.0,  50.0,  74.0,  47.0, 3.0  , 10.0, 22.0,  0.0,  1.0,  3.0, 2.0, 191.0,    6.0,   1.0,   3.0,     4.0,     0.0, 1.0    ,     0.0,     2.0,     0.0,     0.0,     0.0,    19.0
brindro01, 1999,     1, PHI , NHL , C  , 12.0,  5.0,   3.0,   8.0,   4.0, -1.0 ,  4.0,  1.0,  0.0,  0.0,  0.0, 0.0,  26.0,       ,      ,      ,        ,        ,        ,        ,        ,        ,        ,        ,      
brindro01, 1999,     2, CAR , NHL , C  , 33.0,  4.0,  10.0,  14.0,  22.0, -12.0,  0.0,  3.0,  1.0,  0.0,  1.0, 0.0,  61.0,       ,      ,      ,        ,        ,        ,        ,        ,        ,        ,        ,      
brindro01, 2000,     1, CAR , NHL , C  , 79.0, 20.0,  36.0,  56.0,  47.0, -7.0 ,  5.0, 12.0,  1.0,  1.0,  5.0, 0.0, 163.0,    6.0,   1.0,   3.0,     4.0,     6.0, -7.0   ,     0.0,     2.0,     0.0,     0.0,     1.0,     7.0
brindro01, 2001,     1, CAR , NHL , C  , 81.0, 23.0,  32.0,  55.0,  40.0, 3.0  ,  5.0,  9.0,  2.0,  1.0,  5.0, 1.0, 162.0,   23.0,   4.0,   8.0,    12.0,    16.0, -3.0   ,     2.0,     5.0,     1.0,     0.0,     1.0,    48.0
brindro01, 2002,     1, CAR , NHL , C  , 48.0, 14.0,  23.0,  37.0,  37.0, -9.0 ,  7.0, 13.0,  1.0,  1.0,  0.0, 0.0, 110.0,       ,      ,      ,        ,        ,        ,        ,        ,        ,        ,        ,      
brindro01, 2003,     1, CAR , NHL , C  , 78.0, 12.0,  26.0,  38.0,  28.0, 0.0  ,  1.0,  3.0,  0.0,  1.0,  1.0, 0.0, 141.0,       ,      ,      ,        ,        ,        ,        ,        ,        ,        ,        ,      
brindro01, 2005,     1, CAR , NHL , C  , 78.0, 31.0,  39.0,  70.0,  68.0, 8.0  , 19.0, 16.0,  2.0,  3.0,  5.0,    , 198.0,   25.0,  12.0,   6.0,    18.0,    16.0, 9.0    ,     6.0,     3.0,     0.0,     0.0,     4.0,    75.0
brindro01, 2006,     1, CAR , NHL , C  , 78.0, 26.0,  56.0,  82.0,  46.0, 7.0  ,  9.0, 21.0,  2.0,  3.0,  5.0,    , 181.0,       ,      ,      ,        ,        ,        ,        ,        ,        ,        ,        ,      
brindro01, 2007,     1, CAR , NHL , C  , 59.0, 19.0,  32.0,  51.0,  38.0, 0.0  ,  6.0, 12.0,  0.0,  0.0,  4.0,    , 151.0,       ,      ,      ,        ,        ,        ,        ,        ,        ,        ,        ,      
brindro01, 2008,     1, CAR , NHL , C  , 80.0, 16.0,  35.0,  51.0,  36.0, -23.0,  6.0, 18.0,  1.0,  1.0,  1.0,    , 135.0,   18.0,   1.0,   3.0,     4.0,     8.0, -5.0   ,     0.0,     2.0,     0.0,     0.0,     0.0,    29.0
brindro01, 2009,     1, CAR , NHL , C  , 80.0,  9.0,  10.0,  19.0,  36.0, -29.0,  2.0,  3.0,  0.0,  0.0,  2.0,    ,  95.0,       ,      ,      ,        ,        ,        ,        ,        ,        ,        ,        ,      
brineda01, 2007,     1, FLO , NHL , C  ,  9.0,  0.0,   1.0,   1.0,   4.0, -1.0 ,  0.0,  0.0,  0.0,  0.0,  0.0,    ,   3.0,       ,      ,      ,        ,        ,        ,        ,        ,        ,        ,        ,      
brinkmi01, 1936,     1, CHI , NHL , F  ,  5.0,  0.0,   0.0,   0.0,   0.0,      ,     ,     ,     ,     ,     ,    ,      ,       ,      ,      ,        ,        ,        ,        ,        ,        ,        ,        ,      
brisepa01, 1990,     1, MTL , NHL , D  , 10.0,  0.0,   2.0,   2.0,   4.0, 1.0  ,  0.0,  1.0,  0.0,  0.0,  0.0, 0.0,  11.0,       ,      ,      ,        ,        ,        ,        ,        ,        ,        ,        ,      
brisepa01, 1991,     1, MTL , NHL , D  , 26.0,  2.0,   8.0,  10.0,  20.0, 9.0  ,  0.0,  5.0,  0.0,  0.0,  1.0, 0.0,  37.0,   11.0,   2.0,   4.0,     6.0,     6.0, 3.0    ,     1.0,     0.0,     0.0,     0.0,     1.0,    25.0
brisepa01, 1992,     1, MTL , NHL , D  , 70.0, 10.0,  21.0,  31.0,  79.0, 6.0  ,  4.0,  8.0,  0.0,  0.0,  2.0, 0.0, 123.0,   20.0,   0.0,   4.0,     4.0,    18.0, 5.0    ,     0.0,     0.0,     0.0,     0.0,     0.0,    35.0
brisepa01, 1993,     1, MTL , NHL , D  , 53.0,  2.0,  21.0,  23.0,  63.0, 5.0  ,  1.0,  8.0,  0.0,  1.0,  0.0, 0.0,  71.0,    7.0,   0.0,   4.0,     4.0,     6.0, -3.0   ,     0.0,     1.0,     0.0,     0.0,     0.0,    11.0
brisepa01, 1994,     1, MTL , NHL , D  , 35.0,  4.0,   8.0,  12.0,  26.0, -2.0 ,  0.0,  3.0,  0.0,  0.0,  2.0, 0.0,  67.0,       ,      ,      ,        ,        ,        ,        ,        ,        ,        ,        ,      
brisepa01, 1995,     1, MTL , NHL , D  , 69.0,  9.0,  27.0,  36.0,  65.0, 10.0 ,  3.0, 16.0,  0.0,  0.0,  1.0, 0.0, 127.0,    6.0,   1.0,   2.0,     3.0,     6.0, 2.0    ,     0.0,     1.0,     0.0,     0.0,     0.0,     8.0
brisepa01, 1996,     1, MTL , NHL , D  , 49.0,  2.0,  13.0,  15.0,  24.0, -7.0 ,  0.0,  5.0,  0.0,  0.0,  1.0, 0.0,  72.0,    3.0,   1.0,   1.0,     2.0,    24.0, 3.0    ,     0.0,     0.0,     0.0,     0.0,     1.0,     3.0
brisepa01, 1997,     1, MTL , NHL , D  , 79.0, 10.0,  27.0,  37.0,  67.0, 16.0 ,  5.0, 13.0,  0.0,  1.0,  1.0, 0.0, 125.0,   10.0,   1.0,   0.0,     1.0,     0.0, -5.0   ,     0.0,     0.0,     0.0,     0.0,     0.0,    26.0
brisepa01, 1998,     1, MTL , NHL , D  , 54.0,  3.0,   9.0,  12.0,  28.0, -8.0 ,  1.0,  3.0,  0.0,  0.0,  1.0, 0.0,  90.0,       ,      ,      ,        ,        ,        ,        ,        ,        ,        ,        ,      
brisepa01, 1999,     1, MTL , NHL , D  , 54.0, 10.0,  25.0,  35.0,  18.0, -1.0 ,  5.0, 12.0,  0.0,  0.0,  2.0, 2.0,  88.0,       ,      ,      ,        ,        ,        ,        ,        ,        ,        ,        ,      
brisepa01, 2000,     1, MTL , NHL , D  , 77.0, 15.0,  21.0,  36.0,  28.0, -31.0, 11.0, 17.0,  0.0,  0.0,  4.0, 0.0, 178.0,       ,      ,      ,        ,        ,        ,        ,        ,        ,        ,        ,      
brisepa01, 2001,     1, MTL , NHL , D  , 71.0,  4.0,  29.0,  33.0,  25.0, 9.0  ,  2.0, 12.0,  1.0,  0.0,  1.0, 0.0,  95.0,   10.0,   1.0,   1.0,     2.0,     2.0, -4.0   ,     0.0,     0.0,     0.0,     0.0,     0.0,    16.0
brisepa01, 2002,     1, MTL , NHL , D  , 73.0,  4.0,  25.0,  29.0,  32.0, -14.0,  1.0, 18.0,  0.0,  0.0,  1.0, 0.0, 105.0,       ,      ,      ,        ,        ,        ,        ,        ,        ,        ,        ,      
brisepa01, 2003,     1, MTL , NHL , D  , 71.0,  4.0,  27.0,  31.0,  22.0, 17.0 ,  2.0,  9.0,  0.0,  0.0,  0.0, 0.0,  96.0,   11.0,   2.0,   1.0,     3.0,     4.0, -5.0   ,     1.0,     1.0,     0.0,     0.0,     0.0,    10.0
brisepa01, 2005,     1, COL , NHL , D  , 80.0, 10.0,  28.0,  38.0,  55.0, 1.0  ,  4.0, 12.0,  0.0,  1.0,  2.0,    , 107.0,    9.0,   0.0,   1.0,     1.0,     4.0, -7.0   ,     0.0,     1.0,     0.0,     0.0,     0.0,    10.0
brisepa01, 2006,     1, COL , NHL , D  , 33.0,  1.0,  10.0,  11.0,  22.0, -5.0 ,  1.0,  4.0,  0.0,  0.0,  0.0,    ,  36.0,       ,      ,      ,        ,        ,        ,        ,        ,        ,        ,        ,      
brisepa01, 2007,     1, MTL , NHL , D  , 43.0,  3.0,   8.0,  11.0,  26.0, -2.0 ,  2.0,  5.0,  0.0,  0.0,  0.0,    ,  42.0,   10.0,   1.0,   5.0,     6.0,     6.0, -3.0   ,     1.0,     2.0,     0.0,     0.0,     1.0,    10.0
brisepa01, 2008,     1, MTL , NHL , D  , 62.0,  5.0,  13.0,  18.0,  19.0, -3.0 ,  4.0,  3.0,  0.0,  0.0,  1.0,    ,  68.0,    1.0,   0.0,   0.0,     0.0,     0.0, -1.0   ,     0.0,     0.0,     0.0,     0.0,     0.0,     1.0
brissge01, 1962,     1, MTL , NHL , R  ,  4.0,  0.0,   2.0,   2.0,   4.0,      ,     ,     ,     ,     ,     ,    ,      ,       ,      ,      ,        ,        ,        ,        ,        ,        ,        ,        ,      
britzgr01, 1983,     1, TOR , NHL , R  ,  6.0,  0.0,   0.0,   0.0,   2.0, -1.0 ,  0.0,     ,  0.0,     ,  0.0, 0.0,   1.0,       ,      ,      ,        ,        ,        ,        ,        ,        ,        ,        ,      
britzgr01, 1984,     1, TOR , NHL , R  ,  1.0,  0.0,   0.0,   0.0,   2.0, 0.0  ,  0.0,     ,  0.0,     ,  0.0, 0.0,   0.0,       ,      ,      ,        ,        ,        ,        ,        ,        ,        ,        ,      
britzgr01, 1986,     1, HAR , NHL , R  ,  1.0,  0.0,   0.0,   0.0,   0.0, 0.0  ,  0.0,     ,  0.0,     ,  0.0, 0.0,   0.0,       ,      ,      ,        ,        ,        ,        ,        ,        ,        ,        ,      
broadpu01, 1912,     1, OT1 , NHA ,    , 20.0, 20.0,   0.0,  20.0,  15.0,      ,     ,     ,     ,     ,     ,    ,      ,       ,      ,      ,        ,        ,        ,        ,        ,        ,        ,        ,      
broadpu01, 1913,     1, OT1 , NHA ,    , 17.0,  6.0,   7.0,  13.0,  61.0,      ,     ,     ,     ,     ,     ,    ,      ,       ,      ,      ,        ,        ,        ,        ,        ,        ,        ,        ,      
broadpu01, 1914,     1, OT1 , NHA ,    , 20.0, 24.0,   3.0,  27.0, 115.0,      ,     ,     ,     ,     ,     ,    ,      ,    2.0,   0.0,      ,        ,        ,        ,        ,        ,        ,        ,        ,      
broadpu01, 1918,     1, OTS , NHL , R  ,  8.0,  4.0,   3.0,   7.0,  12.0,      ,     ,     ,     ,     ,     ,    ,      ,    5.0,   2.0,   2.0,     4.0,    28.0,        ,        ,        ,        ,        ,        ,      
broadpu01, 1919,     1, OTS , NHL , R  , 21.0, 19.0,   6.0,  25.0,  40.0,      ,     ,     ,     ,     ,     ,    ,      ,       ,      ,      ,        ,        ,        ,        ,        ,        ,        ,        ,      
broadpu01, 1920,     1, OTS , NHL , R  ,  9.0,  4.0,   1.0,   5.0,  10.0,      ,     ,     ,     ,     ,     ,    ,      ,    2.0,   0.0,   2.0,     2.0,     4.0,        ,        ,        ,        ,        ,        ,      
broadpu01, 1921,     1, OTS , NHL , R  , 24.0, 32.0,  14.0,  46.0,  28.0,      ,     ,     ,     ,     ,     ,    ,      ,    2.0,   0.0,   1.0,     1.0,     8.0,        ,        ,        ,        ,        ,        ,      
broadpu01, 1922,     1, OTS , NHL , R  , 24.0, 14.0,   1.0,  15.0,  34.0,      ,     ,     ,     ,     ,     ,    ,      ,    2.0,   0.0,   0.0,     0.0,     2.0,        ,        ,        ,        ,        ,        ,      
broadpu01, 1923,     1, OTS , NHL , R  , 22.0,  9.0,   4.0,  13.0,  44.0,      ,     ,     ,     ,     ,     ,    ,      ,    2.0,   0.0,   0.0,     0.0,     2.0,        ,        ,        ,        ,        ,        ,      
broadpu01, 1924,     1, MTM , NHL , R  , 30.0, 14.0,   6.0,  20.0,  75.0,      ,     ,     ,     ,     ,     ,    ,      ,       ,      ,      ,        ,        ,        ,        ,        ,        ,        ,        ,      
broadpu01, 1925,     1, MTM , NHL , R  , 36.0, 12.0,   5.0,  17.0, 112.0,      ,     ,     ,     ,     ,     ,    ,      ,    4.0,   2.0,   1.0,     3.0,    14.0,        ,        ,        ,        ,        ,        ,      
broadpu01, 1926,     1, MTM , NHL , L  , 42.0,  9.0,   5.0,  14.0,  88.0,      ,     ,     ,     ,     ,     ,    ,      ,    2.0,   0.0,   0.0,     0.0,     0.0,        ,        ,        ,        ,        ,        ,      
broadpu01, 1927,     1, OTS , NHL , R  , 43.0,  3.0,   2.0,   5.0,  62.0,      ,     ,     ,     ,     ,     ,    ,      ,    2.0,   0.0,   0.0,     0.0,     0.0,        ,        ,        ,        ,        ,        ,      
broadpu01, 1928,     1, NYA , NHL , R  , 44.0,  1.0,   4.0,   5.0,  59.0,      ,     ,     ,     ,     ,     ,    ,      ,    2.0,   0.0,   0.0,     0.0,     2.0,        ,        ,        ,        ,        ,        ,      
brochma01, 1998,     1, WAS , NHL , G  ,  2.0,  0.0,   0.0,   0.0,   2.0, 0.0  ,  0.0,  0.0,  0.0,  0.0,  0.0, 0.0,   0.0,       ,      ,      ,        ,        ,        ,        ,        ,        ,        ,        ,      
brochma01, 2001,     1, VAN , NHL , G  ,  6.0,  0.0,   0.0,   0.0,   0.0, 0.0  ,  0.0,  0.0,  0.0,  0.0,  0.0, 0.0,   0.0,       ,      ,      ,        ,        ,        ,        ,        ,        ,        ,        ,      
brochma01, 2003,     1, PIT , NHL , G  ,  1.0,  0.0,   0.0,   0.0,   0.0, 0.0  ,  0.0,  0.0,  0.0,  0.0,  0.0, 0.0,   0.0,       ,      ,      ,        ,        ,        ,        ,        ,        ,        ,        ,      
brochst01, 1988,     1, NYR , NHL , D  ,  1.0,  0.0,   0.0,   0.0,   0.0, 1.0  ,  0.0,  0.0,  0.0,  0.0,  0.0, 0.0,   1.0,       ,      ,      ,        ,        ,        ,        ,        ,        ,        ,        ,      
brock01  , 1916,     1, TBS , NHA , G  ,  4.0,  0.0,   0.0,   0.0,   0.0,      ,     ,     ,     ,     ,     ,    ,      ,       ,      ,      ,        ,        ,        ,        ,        ,        ,        ,        ,      
brodatu01, 1936,     1, TOR , NHL , G  , 45.0,  0.0,   0.0,   0.0,   0.0,      ,     ,     ,     ,     ,     ,    ,      ,    2.0,   0.0,   0.0,     0.0,     0.0,        ,        ,        ,        ,        ,        ,      
brodatu01, 1937,     1, TOR , NHL , G  , 48.0,  0.0,   0.0,   0.0,   0.0,      ,     ,     ,     ,     ,     ,    ,      ,    7.0,   0.0,   0.0,     0.0,     0.0,        ,        ,        ,        ,        ,        ,      
brodatu01, 1938,     1, TOR , NHL , G  , 48.0,  0.0,   0.0,   0.0,   0.0,      ,     ,     ,     ,     ,     ,    ,      ,   10.0,   0.0,   0.0,     0.0,     0.0,        ,        ,        ,        ,        ,        ,      
brodatu01, 1939,     1, TOR , NHL , G  , 47.0,  0.0,   0.0,   0.0,   0.0,      ,     ,     ,     ,     ,     ,    ,      ,   10.0,   0.0,   0.0,     0.0,     0.0,        ,        ,        ,        ,        ,        ,      
brodatu01, 1940,     1, TOR , NHL , G  , 48.0,  0.0,   0.0,   0.0,   0.0,      ,     ,     ,     ,     ,     ,    ,      ,    7.0,   0.0,   0.0,     0.0,     0.0,        ,        ,        ,        ,        ,        ,      
brodatu01, 1941,     1, TOR , NHL , G  , 48.0,  0.0,   0.0,   0.0,   0.0,      ,     ,     ,     ,     ,     ,    ,      ,   13.0,   0.0,   0.0,     0.0,     0.0,        ,        ,        ,        ,        ,        ,      
brodatu01, 1942,     1, TOR , NHL , G  , 50.0,  0.0,   0.0,   0.0,   0.0,      ,     ,     ,     ,     ,     ,    ,      ,    6.0,   0.0,   0.0,     0.0,     0.0,        ,        ,        ,        ,        ,        ,      
brodatu01, 1945,     1, TOR , NHL , G  , 15.0,  0.0,   0.0,   0.0,   0.0,      ,     ,     ,     ,     ,     ,    ,      ,       ,      ,      ,        ,        ,        ,        ,        ,        ,        ,        ,      
brodatu01, 1946,     1, TOR , NHL , G  , 60.0,  0.0,   0.0,   0.0,   0.0,      ,     ,     ,     ,     ,     ,    ,      ,   11.0,   0.0,   0.0,     0.0,     0.0,        ,        ,        ,        ,        ,        ,      
brodatu01, 1947,     1, TOR , NHL , G  , 60.0,  0.0,   0.0,   0.0,   2.0,      ,     ,     ,     ,     ,     ,    ,      ,    9.0,   0.0,   0.0,     0.0,    10.0,        ,        ,        ,        ,        ,        ,      
brodatu01, 1948,     1, TOR , NHL , G  , 60.0,  0.0,   0.0,   0.0,   0.0,      ,     ,     ,     ,     ,     ,    ,      ,    9.0,   0.0,   0.0,     0.0,     2.0,        ,        ,        ,        ,        ,        ,      
brodatu01, 1949,     1, TOR , NHL , G  , 68.0,  0.0,   0.0,   0.0,   2.0,      ,     ,     ,     ,     ,     ,    ,      ,    7.0,   0.0,   0.0,     0.0,     0.0,        ,        ,        ,        ,        ,        ,      
brodatu01, 1950,     1, TOR , NHL , G  , 31.0,  0.0,   0.0,   0.0,   4.0,      ,     ,     ,     ,     ,     ,    ,      ,    8.0,   0.0,   0.0,     0.0,     0.0,        ,        ,        ,        ,        ,        ,      
brodatu01, 1951,     1, TOR , NHL , G  ,  1.0,  0.0,   0.0,   0.0,   0.0,      ,     ,     ,     ,     ,     ,    ,      ,    2.0,   0.0,   0.0,     0.0,     0.0,        ,        ,        ,        ,        ,        ,      
brodeco01, 1955,     1, MTL , NHL , C  ,  3.0,  0.0,   0.0,   0.0,   2.0,      ,     ,     ,     ,     ,     ,    ,      ,       ,      ,      ,        ,        ,        ,        ,        ,        ,        ,        ,      
brodeco01, 1956,     1, MTL , NHL , C  ,     ,     ,      ,      ,      ,      ,     ,     ,     ,     ,     ,    ,      ,    6.0,   0.0,   1.0,     1.0,     0.0,        ,        ,        ,        ,        ,        ,      
brodeco01, 1957,     1, MTL , NHL , C  ,  3.0,  2.0,   1.0,   3.0,   0.0,      ,     ,     ,     ,     ,     ,    ,      ,    1.0,   0.0,   0.0,     0.0,     0.0,        ,        ,        ,        ,        ,        ,      
brodeke01, 1969,     1, MNS , NHL , G  ,  7.0,  0.0,   0.0,   0.0,   0.0, 0.0  ,  0.0,     ,  0.0,     ,  0.0, 0.0,   0.0,       ,      ,      ,        ,        ,        ,        ,        ,        ,        ,        ,      
brodeke01, 1973,     1, BOS , NHL , G  ,  5.0,  0.0,   1.0,   1.0,   0.0, 0.0  ,  0.0,     ,  0.0,     ,  0.0, 0.0,   0.0,       ,      ,      ,        ,        ,        ,        ,        ,        ,        ,        ,      
brodeke01, 1974,     1, BOS , NHL , G  , 15.0,  0.0,   0.0,   0.0,   2.0, 0.0  ,  0.0,     ,  0.0,     ,  0.0, 0.0,   0.0,       ,      ,      ,        ,        ,        ,        ,        ,        ,        ,        ,      
brodeke01, 1976,     1, EDO , WHA , G  , 40.0,  0.0,   3.0,   3.0,   2.0, 0.0  ,  0.0,     ,  0.0,     ,  0.0,    ,   0.0,    3.0,   0.0,   0.0,     0.0,     0.0, 0.0    ,     0.0,        ,     0.0,        ,     0.0,      
brodeke01, 1977,     1, EDO , WHA , G  ,  9.0,  0.0,   0.0,   0.0,   0.0, 0.0  ,  0.0,     ,  0.0,     ,     ,    ,   0.0,       ,      ,      ,        ,        ,        ,        ,        ,        ,        ,        ,      
brodeke01, 1977,     2, QUN , WHA , G  , 24.0,  0.0,   0.0,   0.0,   0.0, 0.0  ,  0.0,     ,  0.0,     ,     ,    ,   0.0,    2.0,   0.0,   0.0,     0.0,     0.0, 0.0    ,        ,        ,        ,        ,     0.0,      
brodele01, 1957,     1, MTL , NHL , G  ,  1.0,  0.0,   0.0,   0.0,   0.0,      ,     ,     ,     ,     ,     ,    ,      ,       ,      ,      ,        ,        ,        ,        ,        ,        ,        ,        ,      
brodema01, 1991,     1, NJD , NHL , G  ,  4.0,  0.0,   0.0,   0.0,   0.0, 0.0  ,  0.0,  0.0,  0.0,  0.0,  0.0, 0.0,   0.0,    1.0,   0.0,   0.0,     0.0,     0.0, 0.0    ,     0.0,     0.0,     0.0,     0.0,     0.0,     0.0
brodema01, 1993,     1, NJD , NHL , G  , 47.0,  0.0,   0.0,   0.0,   2.0, 0.0  ,  0.0,  0.0,  0.0,  0.0,  0.0, 0.0,   0.0,   17.0,   0.0,   1.0,     1.0,     0.0, 0.0    ,     0.0,        ,     0.0,        ,     0.0,     0.0
brodema01, 1994,     1, NJD , NHL , G  , 40.0,  0.0,   2.0,   2.0,   2.0, 0.0  ,  0.0,  1.0,  0.0,  0.0,  0.0, 0.0,   0.0,   20.0,   0.0,   1.0,     1.0,     6.0, 0.0    ,     0.0,     1.0,     0.0,     0.0,     0.0,     0.0
brodema01, 1995,     1, NJD , NHL , G  , 77.0,  0.0,   1.0,   1.0,   6.0, 0.0  ,  0.0,  0.0,  0.0,  1.0,  0.0, 0.0,   1.0,       ,      ,      ,        ,        ,        ,        ,        ,        ,        ,        ,      
brodema01, 1996,     1, NJD , NHL , G  , 67.0,  0.0,   4.0,   4.0,   8.0, 0.0  ,  0.0,  0.0,  0.0,  0.0,  0.0, 0.0,   0.0,   10.0,   1.0,   0.0,     1.0,     0.0, 0.0    ,     0.0,     0.0,     0.0,     0.0,     0.0,     1.0
brodema01, 1997,     1, NJD , NHL , G  , 70.0,  0.0,   3.0,   3.0,  10.0, 0.0  ,  0.0,  1.0,  0.0,  0.0,  0.0, 0.0,   0.0,    6.0,   0.0,   1.0,     1.0,     0.0, 0.0    ,     0.0,        ,     0.0,        ,     0.0,     0.0
brodema01, 1998,     1, NJD , NHL , G  , 70.0,  0.0,   4.0,   4.0,   4.0, 0.0  ,  0.0,  1.0,  0.0,  1.0,  0.0, 0.0,   0.0,    7.0,   0.0,   2.0,     2.0,     2.0, 0.0    ,     0.0,     1.0,     0.0,     1.0,     0.0,     0.0
brodema01, 1999,     1, NJD , NHL , G  , 72.0,  1.0,   4.0,   5.0,  16.0, 0.0  ,  0.0,  0.0,  0.0,  1.0,  1.0, 0.0,   1.0,   23.0,   0.0,   0.0,     0.0,    10.0, 0.0    ,     0.0,     0.0,     0.0,     0.0,     0.0,     0.0
brodema01, 2000,     1, NJD , NHL , G  , 72.0,  0.0,   1.0,   1.0,  14.0, 0.0  ,  0.0,  0.0,  0.0,  0.0,  0.0, 0.0,   2.0,   25.0,   0.0,   1.0,     1.0,     0.0, 0.0    ,     0.0,     0.0,     0.0,     0.0,     0.0,     0.0
brodema01, 2001,     1, NJD , NHL , G  , 73.0,  0.0,   4.0,   4.0,   8.0, 0.0  ,  0.0,  2.0,  0.0,  0.0,  0.0, 0.0,   0.0,    6.0,   0.0,   0.0,     0.0,     0.0, 0.0    ,     0.0,     0.0,     0.0,     0.0,     0.0,     0.0
brodema01, 2002,     1, NJD , NHL , G  , 73.0,  0.0,   0.0,   0.0,  10.0, 0.0  ,  0.0,  0.0,  0.0,  0.0,  0.0, 0.0,   0.0,   24.0,   0.0,   1.0,     1.0,     6.0, 0.0    ,     0.0,     0.0,     0.0,     0.0,     0.0,     0.0
brodema01, 2003,     1, NJD , NHL , G  , 75.0,  0.0,   0.0,   0.0,   4.0, 0.0  ,  0.0,  0.0,  0.0,  0.0,  0.0, 0.0,   0.0,    5.0,   0.0,   0.0,     0.0,     0.0, 0.0    ,     0.0,     0.0,     0.0,     0.0,     0.0,     0.0
brodema01, 2005,     1, NJD , NHL , G  , 73.0,  0.0,   3.0,   3.0,   4.0, 0.0  ,  0.0,  0.0,  0.0,  0.0,  0.0,    ,   2.0,    9.0,   0.0,   0.0,     0.0,     2.0, 0.0    ,     0.0,     0.0,     0.0,     0.0,     0.0,     1.0
brodema01, 2006,     1, NJD , NHL , G  , 78.0,  0.0,   1.0,   1.0,  12.0, 0.0  ,  0.0,  0.0,  0.0,  0.0,  0.0,    ,   0.0,   11.0,   0.0,   1.0,     1.0,     2.0, 0.0    ,     0.0,     1.0,     0.0,     0.0,     0.0,     0.0
brodema01, 2007,     1, NJD , NHL , G  , 77.0,  0.0,   4.0,   4.0,   6.0, 0.0  ,  0.0,  0.0,  0.0,  0.0,  0.0,    ,   0.0,    5.0,   0.0,   0.0,     0.0,     2.0, 0.0    ,     0.0,     0.0,     0.0,     0.0,     0.0,     0.0
brodema01, 2008,     1, NJD , NHL , G  , 31.0,  0.0,   0.0,   0.0,   4.0, 0.0  ,  0.0,  0.0,  0.0,  0.0,  0.0,    ,   0.0,    7.0,   0.0,   0.0,     0.0,     4.0, 0.0    ,     0.0,     0.0,     0.0,     0.0,     0.0,     0.0
brodema01, 2009,     1, NJD , NHL , G  , 77.0,  0.0,   3.0,   3.0,   6.0, 0.0  ,  0.0,  2.0,  0.0,  0.0,  0.0,    ,   0.0,    5.0,   0.0,   0.0,     0.0,     0.0, 0.0    ,     0.0,     0.0,     0.0,     0.0,     0.0,     0.0
brodemi01, 2009,     1, OTT , NHL , G  ,  3.0,  0.0,   0.0,   0.0,   0.0, 0.0  ,  0.0,  0.0,  0.0,  0.0,  0.0,    ,   0.0,       ,      ,      ,        ,        ,        ,        ,        ,        ,        ,        ,      
broderi01, 1972,     1, QUN , WHA , G  , 24.0,  0.0,   0.0,   0.0,   4.0,      ,  0.0,     ,  0.0,     ,     ,    ,      ,       ,      ,      ,        ,        ,        ,        ,        ,        ,        ,        ,      
broderi01, 1973,     1, QUN , WHA , G  , 30.0,  0.0,   1.0,   1.0,   0.0,      ,  0.0,     ,  0.0,     ,  0.0,    ,      ,       ,      ,      ,        ,        ,        ,        ,        ,        ,        ,        ,      
broderi01, 1974,     1, QUN , WHA , G  , 51.0,  0.0,   2.0,   2.0,  13.0,      ,  0.0,     ,  0.0,     ,  0.0,    ,   0.0,   15.0,   0.0,   1.0,     1.0,     0.0,        ,     0.0,        ,     0.0,        ,     0.0,      
broderi01, 1975,     1, QUN , WHA , G  , 69.0,  0.0,   3.0,   3.0,   2.0, 0.0  ,  0.0,     ,  0.0,     ,  0.0,    ,   0.0,    5.0,   0.0,   0.0,     0.0,     2.0, 0.0    ,        ,        ,        ,        ,        ,      
broderi01, 1976,     1, QUN , WHA , G  , 53.0,  0.0,   1.0,   1.0,   0.0, 0.0  ,  0.0,     ,  0.0,     ,  0.0,    ,   0.0,   17.0,   0.0,   0.0,     0.0,     2.0, 0.0    ,     0.0,        ,     0.0,        ,     0.0,      
broderi01, 1977,     1, QUN , WHA , G  , 36.0,  0.0,   2.0,   2.0,   0.0, 0.0  ,  0.0,     ,  0.0,     ,     ,    ,   1.0,   11.0,   0.0,   1.0,     1.0,     0.0, 0.0    ,        ,        ,        ,        ,     0.0,      
broderi01, 1978,     1, QUN , WHA , G  , 42.0,  0.0,   3.0,   3.0,   2.0, 0.0  ,  0.0,     ,  0.0,     ,     ,    ,   0.0,    3.0,   0.0,   0.0,     0.0,     0.0, 0.0    ,        ,        ,        ,        ,     0.0,      
broderi01, 1979,     1, NYI , NHL , G  ,  2.0,  0.0,   0.0,   0.0,   0.0, 0.0  ,  0.0,     ,  0.0,     ,  0.0, 0.0,   0.0,       ,      ,      ,        ,        ,        ,        ,        ,        ,        ,        ,      
broderi01, 1980,     1, VAN , NHL , G  , 52.0,  0.0,   0.0,   0.0,   0.0, 0.0  ,  0.0,     ,  0.0,     ,  0.0, 0.0,   0.0,    3.0,   0.0,   0.0,     0.0,     0.0,        ,     0.0,        ,     0.0,        ,     0.0,      
broderi01, 1981,     1, VAN , NHL , G  , 52.0,  0.0,   2.0,   2.0,   0.0, 0.0  ,  0.0,     ,  0.0,     ,  0.0, 0.0,   0.0,   17.0,   0.0,   0.0,     0.0,     0.0,        ,     0.0,        ,     0.0,        ,     0.0,      
broderi01, 1982,     1, VAN , NHL , G  , 58.0,  0.0,   1.0,   1.0,   2.0, 0.0  ,  0.0,     ,  0.0,     ,  0.0, 0.0,   0.0,    3.0,   0.0,   0.0,     0.0,     0.0,        ,     0.0,        ,     0.0,        ,     0.0,      
broderi01, 1983,     1, VAN , NHL , G  , 36.0,  0.0,   2.0,   2.0,   0.0, 0.0  ,  0.0,     ,  0.0,     ,  0.0, 0.0,   0.0,    4.0,   0.0,   0.0,     0.0,     2.0, 0.0    ,     0.0,        ,     0.0,        ,     0.0,     0.0
broderi01, 1984,     1, VAN , NHL , G  , 51.0,  0.0,   1.0,   1.0,   4.0, 0.0  ,  0.0,     ,  0.0,     ,  0.0, 0.0,   0.0,       ,      ,      ,        ,        ,        ,        ,        ,        ,        ,        ,      
broderi01, 1985,     1, VAN , NHL , G  , 64.0,  0.0,   2.0,   2.0,  16.0, 0.0  ,  0.0,     ,  0.0,     ,  0.0, 0.0,   0.0,    2.0,   0.0,   0.0,     0.0,     2.0, 0.0    ,     0.0,        ,     0.0,        ,     0.0,     0.0
broderi01, 1986,     1, VAN , NHL , G  , 53.0,  0.0,   0.0,   0.0,   2.0, 0.0  ,  0.0,     ,  0.0,     ,  0.0, 0.0,   0.0,       ,      ,      ,        ,        ,        ,        ,        ,        ,        ,        ,      
broderi01, 1987,     1, VAN , NHL , G  , 11.0,  0.0,   0.0,   0.0,   0.0, 0.0  ,  0.0,  0.0,  0.0,  0.0,  0.0, 0.0,   0.0,       ,      ,      ,        ,        ,        ,        ,        ,        ,        ,        ,      
broderi01, 1987,     2, HAR , NHL , G  ,  6.0,  0.0,   0.0,   0.0,   2.0, 0.0  ,  0.0,  0.0,  0.0,  0.0,  0.0, 0.0,   0.0,    4.0,   0.0,   0.0,     0.0,     0.0, 0.0    ,     0.0,     0.0,     0.0,     0.0,     0.0,     0.0
brodzky01, 2005,     1, EDM , NHL , C  , 10.0,  0.0,   0.0,   0.0,   4.0, -4.0 ,  0.0,  0.0,  0.0,  0.0,  0.0,    ,   7.0,       ,      ,      ,        ,        ,        ,        ,        ,        ,        ,        ,      
brodzky01, 2006,     1, EDM , NHL , C  ,  6.0,  1.0,   0.0,   1.0,   2.0, 0.0  ,  0.0,  0.0,  0.0,  0.0,  0.0,    ,  11.0,       ,      ,      ,        ,        ,        ,        ,        ,        ,        ,        ,      
brodzky01, 2007,     1, EDM , NHL , C  , 80.0, 14.0,  17.0,  31.0,  33.0, -6.0 ,  0.0,  0.0,  1.0,  2.0,  3.0,    , 125.0,       ,      ,      ,        ,        ,        ,        ,        ,        ,        ,        ,      
brodzky01, 2008,     1, EDM , NHL , C  , 79.0, 11.0,  16.0,  27.0,  21.0, 4.0  ,  1.0,  1.0,  1.0,  1.0,  3.0,    ,  99.0,       ,      ,      ,        ,        ,        ,        ,        ,        ,        ,        ,      
brodzky01, 2009,     1, MIN , NHL , C  , 82.0,  9.0,  23.0,  32.0,  22.0, -3.0 ,  0.0,  3.0,  0.0,  0.0,  3.0,    , 140.0,       ,      ,      ,        ,        ,        ,        ,        ,        ,        ,        ,      
bromlga01, 1973,     1, BUF , NHL , G  , 12.0,  0.0,   0.0,   0.0,   2.0, 0.0  ,  0.0,     ,  0.0,     ,  0.0, 0.0,   0.0,       ,      ,      ,        ,        ,        ,        ,        ,        ,        ,        ,      
bromlga01, 1974,     1, BUF , NHL , G  , 50.0,  0.0,   4.0,   4.0,   2.0, 0.0  ,  0.0,     ,  0.0,     ,  0.0, 0.0,   0.0,       ,      ,      ,        ,        ,        ,        ,        ,        ,        ,        ,      
bromlga01, 1975,     1, BUF , NHL , G  ,  1.0,  0.0,   0.0,   0.0,   0.0, 0.0  ,  0.0,     ,  0.0,     ,  0.0, 0.0,   0.0,       ,      ,      ,        ,        ,        ,        ,        ,        ,        ,        ,      
bromlga01, 1976,     1, CAC , WHA , G  , 28.0,  0.0,   0.0,   0.0,   2.0, 0.0  ,  0.0,     ,  0.0,     ,  0.0,    ,   0.0,       ,      ,      ,        ,        ,        ,        ,        ,        ,        ,        ,      
bromlga01, 1977,     1, WIJ , WHA , G  , 39.0,  0.0,   1.0,   1.0,   4.0, 0.0  ,  0.0,     ,  0.0,     ,     ,    ,   0.0,    5.0,   0.0,   0.0,     0.0,     2.0, 0.0    ,        ,        ,        ,        ,     0.0,      
bromlga01, 1978,     1, VAN , NHL , G  , 38.0,  0.0,   1.0,   1.0,   6.0, 0.0  ,  0.0,     ,  0.0,     ,  0.0, 0.0,   0.0,    3.0,   0.0,   0.0,     0.0,     2.0,        ,     0.0,        ,     0.0,        ,     0.0,      
bromlga01, 1979,     1, VAN , NHL , G  , 15.0,  0.0,   0.0,   0.0,   2.0, 0.0  ,  0.0,     ,  0.0,     ,  0.0, 0.0,   0.0,    4.0,   0.0,   0.0,     0.0,     0.0,        ,     0.0,        ,     0.0,        ,     0.0,      
bromlga01, 1980,     1, VAN , NHL , G  , 20.0,  0.0,   1.0,   1.0,   0.0, 0.0  ,  0.0,     ,  0.0,     ,  0.0, 0.0,   0.0,       ,      ,      ,        ,        ,        ,        ,        ,        ,        ,        ,      
brook01  , 1916,     1, MOC , NHA ,    ,  1.0,  0.0,   0.0,   0.0,   0.0,      ,     ,     ,     ,     ,     ,    ,      ,       ,      ,      ,        ,        ,        ,        ,        ,        ,        ,        ,      
brookal01, 2006,     1, NJD , NHL , D  , 19.0,  0.0,   1.0,   1.0,   4.0, -1.0 ,  0.0,  0.0,  0.0,  0.0,  0.0,    ,   4.0,       ,      ,      ,        ,        ,        ,        ,        ,        ,        ,        ,      
brookar01, 1917,     1, TOA , NHL , G  ,  4.0,  0.0,   0.0,   0.0,   0.0,      ,     ,     ,     ,     ,  0.0,    ,      ,       ,      ,      ,        ,        ,        ,        ,        ,        ,        ,        ,      
brookbo01, 1983,     1, NYR , NHL , R  ,  9.0,  1.0,   2.0,   3.0,   4.0, 1.0  ,  0.0,     ,  0.0,     ,  0.0, 0.0,  10.0,    5.0,   0.0,   0.0,     0.0,     7.0, -4.0   ,     0.0,        ,     0.0,        ,     0.0,     7.0
brookbo01, 1984,     1, NYR , NHL , R  , 72.0,  7.0,   9.0,  16.0,  79.0, -18.0,  0.0,     ,  0.0,     ,  2.0, 0.0,  93.0,    3.0,   0.0,   0.0,     0.0,     8.0, 0.0    ,     0.0,        ,     0.0,        ,     0.0,     9.0
brookbo01, 1985,     1, NYR , NHL , R  , 79.0, 24.0,  20.0,  44.0, 111.0, 6.0  ,  6.0,     ,  2.0,     ,  1.0, 0.0, 178.0,   16.0,   6.0,   9.0,    15.0,    28.0, 7.0    ,     0.0,        ,     2.0,        ,     2.0,    31.0
brookbo01, 1986,     1, NYR , NHL , R  , 15.0,  3.0,   5.0,   8.0,  20.0, -3.0 ,  0.0,     ,  0.0,     ,  0.0, 0.0,  24.0,       ,      ,      ,        ,        ,        ,        ,        ,        ,        ,        ,      
brookbo01, 1986,     2, MNS , NHL , C  , 65.0, 10.0,  18.0,  28.0,  78.0, -6.0 ,  1.0,     ,  1.0,     ,  0.0, 0.0, 114.0,       ,      ,      ,        ,        ,        ,        ,        ,        ,        ,        ,      
brookbo01, 1987,     1, MNS , NHL , R  , 77.0,  5.0,  20.0,  25.0, 108.0, -6.0 ,  1.0,  8.0,  1.0,  1.0,  1.0, 0.0, 127.0,       ,      ,      ,        ,        ,        ,        ,        ,        ,        ,        ,      
brookbo01, 1988,     1, MNS , NHL , R  , 57.0,  7.0,   9.0,  16.0,  57.0, -12.0,  0.0,  0.0,  1.0,  3.0,  2.0, 0.0,  77.0,    5.0,   3.0,   0.0,     3.0,     2.0, -1.0   ,     0.0,     0.0,     0.0,     0.0,     0.0,     7.0
brookbo01, 1989,     1, MNS , NHL , R  , 38.0,  4.0,   4.0,   8.0,  33.0, -5.0 ,  0.0,     ,  3.0,     ,  0.0, 0.0,  65.0,       ,      ,      ,        ,        ,        ,        ,        ,        ,        ,        ,      
brookbo01, 1989,     2, NJD , NHL , R  , 35.0,  8.0,  10.0,  18.0,  30.0, 3.0  ,  0.0,     ,  0.0,     ,  1.0, 0.0,  44.0,    5.0,   0.0,   0.0,     0.0,    14.0, 0.0    ,     0.0,     0.0,     0.0,     0.0,     0.0,     2.0
brookgo01, 1971,     1, STL , NHL , R  ,  2.0,  0.0,   0.0,   0.0,   0.0, 0.0  ,  0.0,     ,  0.0,     ,  0.0, 0.0,   2.0,       ,      ,      ,        ,        ,        ,        ,        ,        ,        ,        ,      
brookgo01, 1973,     1, STL , NHL , R  , 30.0,  6.0,   8.0,  14.0,  12.0, 0.0  ,  0.0,     ,  0.0,     ,  1.0, 1.0,  51.0,       ,      ,      ,        ,        ,        ,        ,        ,        ,        ,        ,      
brookgo01, 1974,     1, WAS , NHL , R  , 38.0,  1.0,  10.0,  11.0,  25.0, -19.0,  1.0,     ,  0.0,     ,  0.0, 0.0,  79.0,       ,      ,      ,        ,        ,        ,        ,        ,        ,        ,        ,      
brookro01, 1972,     1, BOS , NHL , G  , 16.0,  0.0,   1.0,   1.0,   0.0, 0.0  ,  0.0,     ,  0.0,     ,  0.0, 0.0,   0.0,    1.0,   0.0,   0.0,     0.0,     0.0,        ,     0.0,        ,     0.0,        ,     0.0,      
brookro01, 1973,     1, BOS , NHL , G  , 21.0,  0.0,   0.0,   0.0,   2.0, 0.0  ,  0.0,     ,  0.0,     ,  0.0, 0.0,   0.0,       ,      ,      ,        ,        ,        ,        ,        ,        ,        ,        ,      
brookro01, 1974,     1, BOS , NHL , G  , 17.0,  0.0,   0.0,   0.0,   0.0, 0.0  ,  0.0,     ,  0.0,     ,  0.0, 0.0,   0.0,       ,      ,      ,        ,        ,        ,        ,        ,        ,        ,        ,      
brooksh01, 2006,     1, NAS , NHL , D  ,  3.0,  0.0,   1.0,   1.0,  12.0, 0.0  ,  0.0,  0.0,  0.0,  0.0,  0.0,    ,   3.0,       ,      ,      ,        ,        ,        ,        ,        ,        ,        ,        ,      
brooksh01, 2007,     1, NJD , NHL , D  , 44.0,  0.0,   8.0,   8.0,  63.0, 0.0  ,  0.0,  1.0,  0.0,  0.0,  0.0,    ,  43.0,       ,      ,      ,        ,        ,        ,        ,        ,        ,        ,        ,      
brooksh01, 2008,     1, NJD , NHL , D  , 15.0,  0.0,   0.0,   0.0,  25.0, 1.0  ,  0.0,  0.0,  0.0,  0.0,  0.0,    ,   6.0,       ,      ,      ,        ,        ,        ,        ,        ,        ,        ,        ,      
brooksh01, 2008,     2, AND , NHL , D  , 29.0,  1.0,   3.0,   4.0,  51.0, 3.0  ,  0.0,  0.0,  0.0,  0.0,  0.0,    ,  24.0,   13.0,   0.0,   0.0,     0.0,    18.0, -1.0   ,     0.0,     0.0,     0.0,     0.0,     0.0,     3.0
brooksh01, 2009,     1, AND , NHL , D  , 66.0,  0.0,   9.0,   9.0, 114.0, 10.0 ,  0.0,  0.0,  0.0,  0.0,  0.0,    ,  60.0,       ,      ,      ,        ,        ,        ,        ,        ,        ,        ,        ,      
brookwa01, 2003,     1, NAS , NHL , D  ,  9.0,  0.0,   0.0,   0.0,  38.0, -4.0 ,  0.0,  0.0,  0.0,  0.0,  0.0, 0.0,   1.0,       ,      ,      ,        ,        ,        ,        ,        ,        ,        ,        ,      
brookwa01, 2003,     2, VAN , NHL , D  , 20.0,  2.0,   0.0,   2.0,  95.0, 3.0  ,  0.0,  0.0,  0.0,  0.0,  1.0, 0.0,   6.0,       ,      ,      ,        ,        ,        ,        ,        ,        ,        ,        ,      
brookwa01, 2005,     1, VAN , NHL , D  , 32.0,  1.0,   2.0,   3.0,  81.0, 3.0  ,  0.0,  0.0,  0.0,  0.0,  0.0,    ,  10.0,       ,      ,      ,        ,        ,        ,        ,        ,        ,        ,        ,      
brookwa01, 2006,     1, BOS , NHL , D  ,  7.0,  1.0,   0.0,   1.0,  15.0, -1.0 ,  0.0,  0.0,  0.0,  0.0,  0.0,    ,   1.0,       ,      ,      ,        ,        ,        ,        ,        ,        ,        ,        ,      
brookwa01, 2007,     1, CAR , NHL , L  , 32.0,  1.0,   1.0,   2.0,  76.0, 4.0  ,  0.0,  0.0,  0.0,  0.0,  0.0,    ,  12.0,       ,      ,      ,        ,        ,        ,        ,        ,        ,        ,        ,      
brookwa01, 2008,     1, CAR , NHL , L  , 27.0,  1.0,   0.0,   1.0,  40.0, 0.0  ,  0.0,  0.0,  0.0,  0.0,  0.0,    ,   8.0,       ,      ,      ,        ,        ,        ,        ,        ,        ,        ,        ,      
brophbe01, 1925,     1, MTM , NHL , L  , 10.0,  0.0,   0.0,   0.0,   0.0,      ,     ,     ,     ,     ,     ,    ,      ,       ,      ,      ,        ,        ,        ,        ,        ,        ,        ,        ,      
brophbe01, 1928,     1, DTC , NHL , L  , 37.0,  2.0,   4.0,   6.0,  23.0,      ,     ,     ,     ,     ,     ,    ,      ,    2.0,   0.0,   0.0,     0.0,     2.0,        ,        ,        ,        ,        ,        ,      
brophbe01, 1929,     1, DTC , NHL , L  , 15.0,  2.0,   0.0,   2.0,   2.0,      ,     ,     ,     ,     ,     ,    ,      ,       ,      ,      ,        ,        ,        ,        ,        ,        ,        ,        ,      
brophfr01, 1919,     1, QUB , NHL , G  , 21.0,  0.0,   0.0,   0.0,   0.0,      ,     ,     ,     ,     ,     ,    ,      ,       ,      ,      ,        ,        ,        ,        ,        ,        ,        ,        ,      
brosswi01, 1970,     1, PHI , NHL , D  ,  1.0,  0.0,   0.0,   0.0,   0.0, -2.0 ,  0.0,     ,  0.0,     ,  0.0, 0.0,   3.0,       ,      ,      ,        ,        ,        ,        ,        ,        ,        ,        ,      
brosswi01, 1971,     1, PHI , NHL , D  , 42.0,  0.0,   4.0,   4.0,  12.0, -7.0 ,  0.0,     ,  0.0,     ,  0.0, 0.0,  42.0,       ,      ,      ,        ,        ,        ,        ,        ,        ,        ,        ,      
brosswi01, 1972,     1, PHI , NHL , D  ,  4.0,  0.0,   1.0,   1.0,   0.0, -5.0 ,  0.0,     ,  0.0,     ,  0.0, 0.0,   6.0,       ,      ,      ,        ,        ,        ,        ,        ,        ,        ,        ,      
brosswi01, 1973,     1, TOR , NHL , D  , 17.0,  0.0,   1.0,   1.0,  20.0, 2.0  ,  0.0,     ,  0.0,     ,  0.0, 0.0,   9.0,    1.0,   0.0,   0.0,     0.0,     0.0,        ,     0.0,        ,     0.0,        ,     0.0,      
brosswi01, 1974,     1, TOR , NHL , D  ,  4.0,  0.0,   0.0,   0.0,   2.0, 0.0  ,  0.0,     ,  0.0,     ,  0.0, 0.0,   1.0,       ,      ,      ,        ,        ,        ,        ,        ,        ,        ,        ,      
brosswi01, 1974,     2, WAS , NHL , D  , 12.0,  1.0,   0.0,   1.0,  14.0, -14.0,  0.0,     ,  0.0,     ,  0.0, 0.0,  12.0,       ,      ,      ,        ,        ,        ,        ,        ,        ,        ,        ,      
brosswi01, 1975,     1, WAS , NHL , D  , 49.0,  0.0,   8.0,   8.0,  40.0, -49.0,  0.0,     ,  0.0,     ,  0.0, 0.0,  36.0,       ,      ,      ,        ,        ,        ,        ,        ,        ,        ,        ,      
broteaa01, 1980,     1, COR , NHL , L  ,  2.0,  0.0,   0.0,   0.0,   0.0, 0.0  ,  0.0,     ,  0.0,     ,  0.0, 0.0,   1.0,       ,      ,      ,        ,        ,        ,        ,        ,        ,        ,        ,      
broteaa01, 1981,     1, COR , NHL , L  , 58.0, 15.0,  24.0,  39.0,   6.0, -11.0,  5.0,     ,  1.0,     ,  5.0, 2.0,  67.0,       ,      ,      ,        ,        ,        ,        ,        ,        ,        ,        ,      
broteaa01, 1982,     1, NJD , NHL , C  , 73.0, 16.0,  39.0,  55.0,  28.0, -20.0,  5.0,     ,  1.0,     ,  1.0, 0.0, 126.0,       ,      ,      ,        ,        ,        ,        ,        ,        ,        ,        ,      
broteaa01, 1983,     1, NJD , NHL , C  , 80.0, 13.0,  23.0,  36.0,  36.0, -28.0,  3.0,     ,  0.0,     ,  1.0, 0.0, 102.0,       ,      ,      ,        ,        ,        ,        ,        ,        ,        ,        ,      
broteaa01, 1984,     1, NJD , NHL , L  , 80.0, 22.0,  35.0,  57.0,  38.0, -18.0, 10.0,     ,  0.0,     ,  2.0, 0.0, 170.0,       ,      ,      ,        ,        ,        ,        ,        ,        ,        ,        ,      
broteaa01, 1985,     1, NJD , NHL , L  , 66.0, 18.0,  25.0,  43.0,  26.0, 2.0  ,  4.0,     ,  0.0,     ,  1.0, 1.0, 157.0,       ,      ,      ,        ,        ,        ,        ,        ,        ,        ,        ,      
broteaa01, 1986,     1, NJD , NHL , L  , 80.0, 26.0,  53.0,  79.0,  36.0, 5.0  ,  6.0,     ,  0.0,     ,  3.0, 0.0, 179.0,       ,      ,      ,        ,        ,        ,        ,        ,        ,        ,        ,      
broteaa01, 1987,     1, NJD , NHL , L  , 80.0, 26.0,  57.0,  83.0,  80.0, 20.0 ,  7.0, 24.0,  2.0,  1.0,  4.0, 0.0, 180.0,   20.0,   5.0,  11.0,    16.0,    20.0, -9.0   ,     3.0,     3.0,     0.0,     1.0,     1.0,    46.0
broteaa01, 1988,     1, NJD , NHL , C  , 80.0, 16.0,  43.0,  59.0,  81.0, -7.0 ,  4.0, 21.0,  0.0,  0.0,  2.0, 0.0, 178.0,       ,      ,      ,        ,        ,        ,        ,        ,        ,        ,        ,      
broteaa01, 1989,     1, NJD , NHL , C  , 42.0, 10.0,   8.0,  18.0,  36.0, -15.0,  1.0,     ,  2.0,  0.0,  0.0, 0.0,  83.0,       ,      ,      ,        ,        ,        ,        ,        ,        ,        ,        ,      
broteaa01, 1989,     2, MNS , NHL , C  , 35.0,  9.0,   9.0,  18.0,  22.0, -8.0 ,  0.0,     ,  0.0,  0.0,  2.0, 0.0,  65.0,    7.0,   0.0,   5.0,     5.0,     8.0, -2.0   ,     0.0,     3.0,     0.0,     0.0,     0.0,    18.0
broteaa01, 1990,     1, QUE , NHL , L  , 20.0,  5.0,   4.0,   9.0,   6.0, -3.0 ,  1.0,     ,  0.0,  0.0,  0.0, 0.0,  40.0,       ,      ,      ,        ,        ,        ,        ,        ,        ,        ,        ,      
broteaa01, 1990,     2, TOR , NHL , L  , 27.0,  6.0,   4.0,  10.0,  32.0, 12.0 ,  0.0,     ,  0.0,  0.0,  1.0, 0.0,  45.0,       ,      ,      ,        ,        ,        ,        ,        ,        ,        ,        ,      
broteaa01, 1991,     1, WIN , NHL , L  , 25.0,  4.0,   5.0,   9.0,  14.0, 2.0  ,  0.0,  0.0,  0.0,  0.0,  3.0, 0.0,  29.0,    7.0,   2.0,   2.0,     4.0,    12.0, -2.0   ,     0.0,     0.0,     0.0,     0.0,     0.0,    10.0
brotene01, 1980,     1, MNS , NHL , C  ,  3.0,  2.0,   0.0,   2.0,  12.0, 1.0  ,  0.0,     ,  0.0,     ,  0.0, 0.0,   6.0,   19.0,   1.0,   7.0,     8.0,     9.0,        ,     0.0,        ,     0.0,        ,     1.0,      
brotene01, 1981,     1, MNS , NHL , C  , 73.0, 38.0,  60.0,  98.0,  42.0, 14.0 ,  7.0,     ,  2.0,     ,  4.0, 0.0, 188.0,    4.0,   0.0,   2.0,     2.0,     0.0,        ,     0.0,        ,     0.0,        ,     0.0,      
brotene01, 1982,     1, MNS , NHL , C  , 79.0, 32.0,  45.0,  77.0,  43.0, 24.0 ,  8.0,     ,  2.0,     ,  4.0, 1.0, 165.0,    9.0,   1.0,   6.0,     7.0,    10.0,        ,     1.0,        ,     0.0,        ,     0.0,      
brotene01, 1983,     1, MNS , NHL , C  , 76.0, 28.0,  61.0,  89.0,  43.0, 16.0 ,  8.0,     ,  3.0,     ,  5.0, 1.0, 185.0,   16.0,   5.0,   5.0,    10.0,     4.0, -5.0   ,     2.0,        ,     0.0,        ,     1.0,    40.0
brotene01, 1984,     1, MNS , NHL , C  , 80.0, 19.0,  37.0,  56.0,  39.0, -18.0,  5.0,     ,  1.0,     ,  1.0, 0.0, 188.0,    9.0,   2.0,   5.0,     7.0,    10.0, -7.0   ,     0.0,        ,     0.0,        ,     0.0,    25.0
brotene01, 1985,     1, MNS , NHL , C  , 80.0, 29.0,  76.0, 105.0,  47.0, 14.0 ,  6.0,     ,  0.0,     ,  0.0, 0.0, 193.0,    5.0,   3.0,   2.0,     5.0,     2.0, -5.0   ,     1.0,        ,     0.0,        ,     0.0,    16.0
brotene01, 1986,     1, MNS , NHL , C  , 46.0, 18.0,  35.0,  53.0,  33.0, 12.0 ,  5.0,     ,  1.0,     ,  4.0, 0.0, 112.0,       ,      ,      ,        ,        ,        ,        ,        ,        ,        ,        ,      
brotene01, 1987,     1, MNS , NHL , C  , 54.0,  9.0,  30.0,  39.0,  32.0, -23.0,  4.0, 16.0,  1.0,  0.0,  0.0, 1.0, 121.0,       ,      ,      ,        ,        ,        ,        ,        ,        ,        ,        ,      
brotene01, 1988,     1, MNS , NHL , C  , 68.0, 18.0,  38.0,  56.0,  57.0, 1.0  ,  4.0, 15.0,  5.0,  3.0,  1.0, 1.0, 160.0,    5.0,   2.0,   2.0,     4.0,     4.0, -3.0   ,     1.0,     1.0,     1.0,     0.0,     0.0,    14.0
brotene01, 1989,     1, MNS , NHL , C  , 80.0, 23.0,  62.0,  85.0,  45.0, -16.0,  9.0, 22.0,  1.0,  3.0,  4.0, 0.0, 212.0,    7.0,   2.0,   2.0,     4.0,    18.0, 2.0    ,     1.0,     0.0,     0.0,     0.0,     0.0,    13.0
brotene01, 1990,     1, MNS , NHL , C  , 79.0, 13.0,  56.0,  69.0,  26.0, -3.0 ,  1.0, 24.0,  2.0,  3.0,  0.0, 1.0, 191.0,   23.0,   9.0,  13.0,    22.0,     6.0, 2.0    ,     2.0,    10.0,     1.0,     1.0,     0.0,    55.0
brotene01, 1991,     1, MNS , NHL , C  , 76.0,  8.0,  26.0,  34.0,  16.0, -15.0,  4.0, 11.0,  1.0,  1.0,  1.0, 0.0, 119.0,    7.0,   1.0,   5.0,     6.0,     2.0, 3.0    ,     0.0,     0.0,     0.0,     0.0,     0.0,    12.0
brotene01, 1992,     1, MNS , NHL , C  , 82.0, 12.0,  21.0,  33.0,  22.0, 7.0  ,  0.0,  1.0,  3.0,  1.0,  3.0, 0.0, 123.0,       ,      ,      ,        ,        ,        ,        ,        ,        ,        ,        ,      
brotene01, 1993,     1, DAL , NHL , C  , 79.0, 17.0,  35.0,  52.0,  62.0, 10.0 ,  2.0,  9.0,  1.0,  3.0,  1.0, 0.0, 153.0,    9.0,   2.0,   1.0,     3.0,     6.0, 1.0    ,     0.0,     0.0,     0.0,     0.0,     1.0,    23.0
brotene01, 1994,     1, DAL , NHL , C  , 17.0,  0.0,   4.0,   4.0,   4.0, -8.0 ,  0.0,  1.0,  0.0,  0.0,  0.0, 0.0,  29.0,       ,      ,      ,        ,        ,        ,        ,        ,        ,        ,        ,      
brotene01, 1994,     2, NJD , NHL , C  , 30.0,  8.0,  20.0,  28.0,  20.0, 9.0  ,  2.0,  4.0,  0.0,  1.0,  3.0, 0.0,  43.0,   20.0,   7.0,  12.0,    19.0,     6.0, 13.0   ,     1.0,     7.0,     0.0,     0.0,     4.0,    47.0
brotene01, 1995,     1, NJD , NHL , C  , 55.0,  7.0,  16.0,  23.0,  14.0, -3.0 ,  1.0,  5.0,  1.0,  2.0,  1.0, 0.0,  73.0,       ,      ,      ,        ,        ,        ,        ,        ,        ,        ,        ,      
brotene01, 1996,     1, NJD , NHL , C  ,  3.0,  0.0,   1.0,   1.0,   0.0, -1.0 ,  0.0,  0.0,  0.0,  1.0,  0.0, 0.0,   3.0,       ,      ,      ,        ,        ,        ,        ,        ,        ,        ,        ,      
brotene01, 1996,     2, LAK , NHL , C  , 19.0,  0.0,   4.0,   4.0,   0.0, -9.0 ,  0.0,  2.0,  0.0,  0.0,  0.0, 0.0,  17.0,       ,      ,      ,        ,        ,        ,        ,        ,        ,        ,        ,      
brotene01, 1996,     3, DAL , NHL , C  , 20.0,  8.0,   7.0,  15.0,  12.0, 6.0  ,  1.0,  0.0,  1.0,  0.0,  2.0, 0.0,  35.0,    2.0,   0.0,   1.0,     1.0,     0.0, 0.0    ,     0.0,     0.0,     0.0,     0.0,     0.0,     3.0
brotepa01, 1989,     1, NYR , NHL , C  , 32.0,  5.0,   3.0,   8.0,  26.0, -4.0 ,  0.0,  0.0,  0.0,  0.0,  0.0, 0.0,  43.0,    6.0,   1.0,   1.0,     2.0,     2.0, -2.0   ,     0.0,     0.0,     1.0,     1.0,     0.0,    16.0
brotepa01, 1990,     1, NYR , NHL , C  , 28.0,  4.0,   6.0,  10.0,  18.0, 7.0  ,  0.0,  0.0,  0.0,  1.0,  0.0, 0.0,  34.0,    5.0,   0.0,   0.0,     0.0,     2.0, 1.0    ,     0.0,     0.0,     0.0,     0.0,     0.0,     5.0
brotepa01, 1991,     1, NYR , NHL , R  , 74.0, 13.0,  15.0,  28.0, 102.0, 14.0 ,  0.0,  0.0,  3.0,  0.0,  1.0, 0.0,  96.0,   13.0,   1.0,   2.0,     3.0,    10.0, 2.0    ,     0.0,     0.0,     0.0,     0.0,     0.0,    24.0
brotepa01, 1992,     1, NYR , NHL , R  , 60.0,  5.0,   9.0,  14.0,  48.0, -6.0 ,  0.0,  0.0,  1.0,  2.0,  0.0, 0.0,  57.0,       ,      ,      ,        ,        ,        ,        ,        ,        ,        ,        ,      
brotepa01, 1993,     1, DAL , NHL , R  , 64.0, 12.0,  12.0,  24.0,  30.0, 18.0 ,  0.0,  0.0,  0.0,  0.0,  3.0, 0.0,  76.0,    9.0,   1.0,   1.0,     2.0,     2.0, 0.0    ,     0.0,     0.0,     0.0,     0.0,     0.0,    15.0
brotepa01, 1994,     1, DAL , NHL , R  , 47.0,  7.0,   9.0,  16.0,  36.0, -7.0 ,  0.0,  1.0,  0.0,  0.0,  0.0, 1.0,  67.0,    5.0,   1.0,   2.0,     3.0,     2.0, -2.0   ,     0.0,     0.0,     0.0,     0.0,     0.0,     6.0
brotepa01, 1995,     1, STL , NHL , R  , 17.0,  0.0,   1.0,   1.0,   4.0, -1.0 ,  0.0,  0.0,  0.0,  0.0,  0.0, 0.0,  11.0,       ,      ,      ,        ,        ,        ,        ,        ,        ,        ,        ,      
brougge01, 1909,     1, MOS , NHA , G  ,  5.0,  0.0,   0.0,   0.0,   0.0,      ,     ,     ,     ,     ,     ,    ,      ,       ,      ,      ,        ,        ,        ,        ,        ,        ,        ,        ,      
brougge01, 1911,     1, MOW , NHA , G  ,  7.0,  0.0,   0.0,   0.0,   0.0,      ,     ,     ,     ,     ,     ,    ,      ,       ,      ,      ,        ,        ,        ,        ,        ,        ,        ,        ,      
brouspa01, 1995,     1, COL , NHL , R  ,  8.0,  1.0,   1.0,   2.0,   2.0, 1.0  ,  0.0,  0.0,  0.0,  0.0,  0.0, 1.0,  10.0,       ,      ,      ,        ,        ,        ,        ,        ,        ,        ,        ,      
brouspa01, 1996,     1, TBL , NHL , R  ,  6.0,  0.0,   0.0,   0.0,   0.0, -4.0 ,  0.0,  0.0,  0.0,  0.0,  0.0, 0.0,   3.0,       ,      ,      ,        ,        ,        ,        ,        ,        ,        ,        ,      
brouspa01, 1997,     1, TBL , NHL , R  , 11.0,  0.0,   2.0,   2.0,  27.0, 0.0  ,  0.0,  0.0,  0.0,  0.0,  0.0, 0.0,   6.0,       ,      ,      ,        ,        ,        ,        ,        ,        ,        ,        ,      
brouspa01, 2000,     1, FLO , NHL , R  ,  1.0,  0.0,   0.0,   0.0,   0.0, 0.0  ,  0.0,  0.0,  0.0,  0.0,  0.0, 0.0,   0.0,       ,      ,      ,        ,        ,        ,        ,        ,        ,        ,        ,      
brouwtr01, 2006,     1, CHI , NHL , R  , 10.0,  0.0,   0.0,   0.0,   7.0, -7.0 ,  0.0,  0.0,  0.0,  0.0,  0.0,    ,   7.0,       ,      ,      ,        ,        ,        ,        ,        ,        ,        ,        ,      
brouwtr01, 2007,     1, CHI , NHL , R  ,  2.0,  0.0,   1.0,   1.0,   0.0, 1.0  ,  0.0,  0.0,  0.0,  0.0,  0.0,    ,   0.0,       ,      ,      ,        ,        ,        ,        ,        ,        ,        ,        ,      
brouwtr01, 2008,     1, CHI , NHL , R  , 69.0, 10.0,  16.0,  26.0,  50.0, 7.0  ,  4.0,  4.0,  1.0,  0.0,  0.0,    , 126.0,   17.0,   0.0,   2.0,     2.0,    12.0, -1.0   ,     0.0,     0.0,     0.0,     0.0,     0.0,    24.0
brouwtr01, 2009,     1, CHI , NHL , R  , 78.0, 22.0,  18.0,  40.0,  66.0, 9.0  ,  7.0,  6.0,  1.0,  0.0,  7.0,    , 116.0,   19.0,   4.0,   4.0,     8.0,     8.0, -1.0   ,     0.0,     1.0,     0.0,     0.0,     0.0,    21.0
brownad01, 1941,     1, DET , NHL , L  , 28.0,  6.0,   9.0,  15.0,  15.0,      ,     ,     ,     ,     ,     ,    ,      ,   10.0,   0.0,   2.0,     2.0,     4.0,        ,        ,        ,        ,        ,        ,      
brownad01, 1942,     1, DET , NHL , L  ,     ,     ,      ,      ,      ,      ,     ,     ,     ,     ,     ,    ,      ,    6.0,   1.0,   1.0,     2.0,     2.0,        ,        ,        ,        ,        ,        ,      
brownad01, 1943,     1, DET , NHL , L  , 50.0, 24.0,  18.0,  42.0,  56.0,      ,     ,     ,     ,     ,     ,    ,      ,    5.0,   0.0,   0.0,     0.0,     8.0,        ,        ,        ,        ,        ,        ,      
brownad01, 1945,     1, DET , NHL , L  , 48.0, 20.0,  11.0,  31.0,  27.0,      ,     ,     ,     ,     ,     ,    ,      ,    5.0,   1.0,   1.0,     2.0,     0.0,        ,        ,        ,        ,        ,        ,      
brownad01, 1946,     1, DET , NHL , L  , 22.0,  8.0,   5.0,  13.0,  28.0,      ,     ,     ,     ,     ,     ,    ,      ,       ,      ,      ,        ,        ,        ,        ,        ,        ,        ,        ,      
brownad01, 1946,     2, CHI , NHL , L  , 42.0, 11.0,  25.0,  36.0,  59.0,      ,     ,     ,     ,     ,     ,    ,      ,       ,      ,      ,        ,        ,        ,        ,        ,        ,        ,        ,      
brownad01, 1947,     1, CHI , NHL , L  , 32.0,  7.0,  10.0,  17.0,  41.0,      ,     ,     ,     ,     ,     ,    ,      ,       ,      ,      ,        ,        ,        ,        ,        ,        ,        ,        ,      
brownad01, 1948,     1, CHI , NHL , R  , 58.0,  8.0,  12.0,  20.0,  69.0,      ,     ,     ,     ,     ,     ,    ,      ,       ,      ,      ,        ,        ,        ,        ,        ,        ,        ,        ,      
brownad01, 1949,     1, CHI , NHL , L  , 25.0,  2.0,   2.0,   4.0,  16.0,      ,     ,     ,     ,     ,     ,    ,      ,       ,      ,      ,        ,        ,        ,        ,        ,        ,        ,        ,      
brownad01, 1950,     1, CHI , NHL , L  , 53.0, 10.0,  12.0,  22.0,  61.0,      ,     ,     ,     ,     ,     ,    ,      ,       ,      ,      ,        ,        ,        ,        ,        ,        ,        ,        ,      
brownad01, 1951,     1, BOS , NHL , L  , 33.0,  8.0,   9.0,  17.0,   6.0,      ,     ,     ,     ,     ,     ,    ,      ,       ,      ,      ,        ,        ,        ,        ,        ,        ,        ,        ,      
brownan01, 1971,     1, DET , NHL , G  , 10.0,  0.0,   1.0,   1.0,   0.0, 0.0  ,  0.0,     ,  0.0,     ,  0.0, 0.0,   0.0,       ,      ,      ,        ,        ,        ,        ,        ,        ,        ,        ,      
brownan01, 1972,     1, DET , NHL , G  ,  7.0,  0.0,   0.0,   0.0,   2.0, 0.0  ,  0.0,     ,  0.0,     ,  0.0, 0.0,   0.0,       ,      ,      ,        ,        ,        ,        ,        ,        ,        ,        ,      
brownan01, 1972,     2, PIT , NHL , G  ,  9.0,  0.0,   0.0,   0.0,   2.0, 0.0  ,  0.0,     ,  0.0,     ,  0.0, 0.0,   0.0,       ,      ,      ,        ,        ,        ,        ,        ,        ,        ,        ,      
brownan01, 1973,     1, PIT , NHL , G  , 36.0,  0.0,   0.0,   0.0,  60.0, 0.0  ,  0.0,     ,  0.0,     ,  0.0, 0.0,   0.0,       ,      ,      ,        ,        ,        ,        ,        ,        ,        ,        ,      
brownan01, 1974,     1, IND , WHA , G  , 52.0,  0.0,   1.0,   1.0,  75.0,      ,  0.0,     ,  0.0,     ,  0.0,    ,   0.0,       ,      ,      ,        ,        ,        ,        ,        ,        ,        ,        ,      
brownan01, 1975,     1, IND , WHA , G  , 24.0,  0.0,   3.0,   3.0,  17.0, 0.0  ,  0.0,     ,  0.0,     ,  0.0,    ,   0.0,       ,      ,      ,        ,        ,        ,        ,        ,        ,        ,        ,      
brownan01, 1976,     1, IND , WHA , G  , 10.0,  0.0,   0.0,   0.0,   0.0, 0.0  ,  0.0,     ,  0.0,     ,  0.0,    ,   0.0,       ,      ,      ,        ,        ,        ,        ,        ,        ,        ,        ,      
brownar01, 1961,     1, TOR , NHL , D  ,  2.0,  0.0,   0.0,   0.0,   0.0,      ,     ,     ,     ,     ,     ,    ,      ,       ,      ,      ,        ,        ,        ,        ,        ,        ,        ,        ,      
brownar01, 1963,     1, TOR , NHL , D  ,  4.0,  0.0,   0.0,   0.0,   6.0,      ,  0.0,     ,  0.0,     ,  0.0, 0.0,      ,       ,      ,      ,        ,        ,        ,        ,        ,        ,        ,        ,      
brownar01, 1964,     1, NYR , NHL , D  , 58.0,  1.0,  11.0,  12.0, 145.0,      ,  0.0,     ,  0.0,     ,  0.0, 0.0,      ,       ,      ,      ,        ,        ,        ,        ,        ,        ,        ,        ,      
brownar01, 1965,     1, NYR , NHL , D  , 64.0,  1.0,   7.0,   8.0, 106.0,      ,  0.0,     ,  0.0,     ,  0.0, 0.0,      ,       ,      ,      ,        ,        ,        ,        ,        ,        ,        ,        ,      
brownar01, 1966,     1, NYR , NHL , D  , 69.0,  2.0,  10.0,  12.0,  61.0,      ,  0.0,     ,  0.0,     ,  0.0, 1.0,      ,    4.0,   0.0,   0.0,     0.0,     6.0,        ,        ,        ,        ,        ,     0.0,      
brownar01, 1967,     1, NYR , NHL , D  , 74.0,  1.0,  25.0,  26.0,  83.0, 17.0 ,  0.0,     ,  0.0,     ,  0.0, 0.0, 116.0,    6.0,   0.0,   1.0,     1.0,     8.0,        ,     0.0,        ,     0.0,        ,     0.0,      
brownar01, 1968,     1, NYR , NHL , D  , 74.0, 10.0,  12.0,  22.0,  48.0, 1.0  ,  0.0,     ,  0.0,     ,  1.0, 0.0, 189.0,    4.0,   0.0,   1.0,     1.0,     0.0,        ,     0.0,        ,     0.0,        ,     0.0,      
brownar01, 1969,     1, NYR , NHL , D  , 73.0, 15.0,  21.0,  36.0,  78.0, 28.0 ,  3.0,     ,  0.0,     ,  2.0, 2.0, 220.0,    4.0,   0.0,   4.0,     4.0,     9.0,        ,     0.0,        ,     0.0,        ,     0.0,      
brownar01, 1970,     1, NYR , NHL , D  , 48.0,  3.0,  12.0,  15.0,  24.0, 0.0  ,  0.0,     ,  0.0,     ,  2.0, 0.0, 114.0,       ,      ,      ,        ,        ,        ,        ,        ,        ,        ,        ,      
brownar01, 1970,     2, DET , NHL , D  , 27.0,  2.0,   6.0,   8.0,  30.0, -17.0,  0.0,     ,  0.0,     ,  0.0, 1.0,  57.0,       ,      ,      ,        ,        ,        ,        ,        ,        ,        ,        ,      
brownar01, 1971,     1, DET , NHL , D  , 77.0,  2.0,  23.0,  25.0,  84.0, -12.0,  0.0,     ,  0.0,     ,  1.0, 0.0, 107.0,       ,      ,      ,        ,        ,        ,        ,        ,        ,        ,        ,      
brownar01, 1972,     1, NYI , NHL , D  , 48.0,  4.0,   8.0,  12.0,  27.0, -47.0,  1.0,     ,  0.0,     ,  0.0, 0.0,  50.0,       ,      ,      ,        ,        ,        ,        ,        ,        ,        ,        ,      
brownar01, 1972,     2, ATF , NHL , D  , 15.0,  1.0,   0.0,   1.0,  17.0, -10.0,  0.0,     ,  0.0,     ,  0.0, 0.0,  13.0,       ,      ,      ,        ,        ,        ,        ,        ,        ,        ,        ,      
brownar01, 1973,     1, ATF , NHL , D  , 48.0,  2.0,   6.0,   8.0,  29.0, -14.0,  0.0,     ,  0.0,     ,  0.0, 0.0,  58.0,    4.0,   0.0,   0.0,     0.0,     0.0,        ,     0.0,        ,     0.0,        ,     0.0,      
brownar01, 1974,     1, MIB , WHA , D  , 50.0,  3.0,   4.0,   7.0,  27.0, -32.0,  1.0,     ,  0.0,     ,     ,    ,  63.0,       ,      ,      ,        ,        ,        ,        ,        ,        ,        ,        ,      
brownar01, 1974,     2, VAB , WHA , D  , 10.0,  0.0,   1.0,   1.0,  13.0, -8.0 ,  0.0,     ,  0.0,     ,  0.0,    ,  14.0,       ,      ,      ,        ,        ,        ,        ,        ,        ,        ,        ,      
brownbo01, 1972,     1, PHB , WHA , D  ,  4.0,  0.0,   0.0,   0.0,   2.0,      ,  0.0,     ,  0.0,     ,     ,    ,      ,       ,      ,      ,        ,        ,        ,        ,        ,        ,        ,        ,      
brownbo01, 1972,     2, NRA , WHA , D  , 17.0,  0.0,   4.0,   4.0,   6.0,      ,  0.0,     ,  0.0,     ,     ,    ,      ,       ,      ,      ,        ,        ,        ,        ,        ,        ,        ,        ,      
brownbo01, 1973,     1, NYJ , WHA , D  , 59.0,  7.0,  13.0,  20.0,  38.0,      ,  1.0,     ,  0.0,     ,  1.0,    ,      ,       ,      ,      ,        ,        ,        ,        ,        ,        ,        ,        ,      
brownbr01, 1996,     1, MTL , NHL , D  ,  8.0,  0.0,   0.0,   0.0,  22.0, -1.0 ,  0.0,  0.0,  0.0,  0.0,  0.0, 0.0,   0.0,       ,      ,      ,        ,        ,        ,        ,        ,        ,        ,        ,      
brownbr01, 1998,     1, MTL , NHL , D  ,  5.0,  0.0,   0.0,   0.0,  21.0, 0.0  ,  0.0,  0.0,  0.0,  0.0,  0.0, 0.0,   0.0,       ,      ,      ,        ,        ,        ,        ,        ,        ,        ,        ,      
brownbr01, 1998,     2, CHI , NHL , D  , 61.0,  1.0,   7.0,   8.0, 184.0, -4.0 ,  0.0,  0.0,  0.0,  0.0,  0.0, 1.0,  26.0,       ,      ,      ,        ,        ,        ,        ,        ,        ,        ,        ,      
brownbr01, 1999,     1, CHI , NHL , D  , 57.0,  0.0,   9.0,   9.0, 134.0, -1.0 ,  0.0,  0.0,  0.0,  1.0,  0.0, 0.0,  15.0,       ,      ,      ,        ,        ,        ,        ,        ,        ,        ,        ,      
brownbr01, 2000,     1, NYR , NHL , D  , 48.0,  1.0,   3.0,   4.0, 107.0, 0.0  ,  0.0,  0.0,  0.0,  0.0,  0.0, 0.0,  14.0,       ,      ,      ,        ,        ,        ,        ,        ,        ,        ,        ,      
brownbr01, 2001,     1, MIN , NHL , D  , 51.0,  0.0,   4.0,   4.0, 123.0, -11.0,  0.0,  0.0,  0.0,  0.0,  0.0, 0.0,  23.0,       ,      ,      ,        ,        ,        ,        ,        ,        ,        ,        ,      
brownbr01, 2002,     1, MIN , NHL , D  , 57.0,  0.0,   1.0,   1.0,  90.0, -1.0 ,  0.0,  0.0,  0.0,  0.0,  0.0, 0.0,  10.0,   11.0,   0.0,   0.0,     0.0,    16.0, -1.0   ,     0.0,     0.0,     0.0,     0.0,     0.0,     0.0
brownbr01, 2003,     1, MIN , NHL , D  , 30.0,  0.0,   1.0,   1.0,  54.0, -1.0 ,  0.0,  0.0,  0.0,  0.0,  0.0, 0.0,  14.0,       ,      ,      ,        ,        ,        ,        ,        ,        ,        ,        ,      
brownbr01, 2003,     2, BUF , NHL , D  , 13.0,  0.0,   2.0,   2.0,  12.0, 3.0  ,  0.0,  0.0,  0.0,  0.0,  0.0, 0.0,   6.0,       ,      ,      ,        ,        ,        ,        ,        ,        ,        ,        ,      
brownca01, 1990,     1, VAN , NHL , L  ,  1.0,  0.0,   0.0,   0.0,   7.0, 0.0  ,  0.0,  0.0,  0.0,  0.0,  0.0, 0.0,   0.0,       ,      ,      ,        ,        ,        ,        ,        ,        ,        ,        ,      
brownce01, 1927,     1, CHI , NHL , L  , 13.0,  2.0,   0.0,   2.0,   4.0,      ,     ,     ,     ,     ,     ,    ,      ,       ,      ,      ,        ,        ,        ,        ,        ,        ,        ,        ,      
brownco01, 1938,     1, DET , NHL , C  ,  2.0,  1.0,   0.0,   1.0,   0.0,      ,     ,     ,     ,     ,     ,    ,      ,       ,      ,      ,        ,        ,        ,        ,        ,        ,        ,        ,      
brownco01, 1939,     1, DET , NHL , C  , 36.0,  8.0,   3.0,  11.0,   2.0,      ,     ,     ,     ,     ,     ,    ,      ,    5.0,   2.0,   1.0,     3.0,     0.0,        ,        ,        ,        ,        ,        ,      
brownco01, 1940,     1, DET , NHL , C  ,  3.0,  1.0,   2.0,   3.0,   0.0,      ,     ,     ,     ,     ,     ,    ,      ,    9.0,   0.0,   2.0,     2.0,     0.0,        ,        ,        ,        ,        ,        ,      
brownco01, 1941,     1, DET , NHL , C  ,  9.0,  0.0,   3.0,   3.0,   4.0,      ,     ,     ,     ,     ,     ,    ,      ,       ,      ,      ,        ,        ,        ,        ,        ,        ,        ,        ,      
brownco01, 1942,     1, DET , NHL , C  , 23.0,  5.0,  16.0,  21.0,   6.0,      ,     ,     ,     ,     ,     ,    ,      ,       ,      ,      ,        ,        ,        ,        ,        ,        ,        ,        ,      
browncu01, 1994,     1, BUF , NHL , C  ,  1.0,  1.0,   1.0,   2.0,   2.0, 2.0  ,  0.0,  0.0,  0.0,  0.0,  0.0, 0.0,   4.0,       ,      ,      ,        ,        ,        ,        ,        ,        ,        ,        ,      
browncu01, 1995,     1, BUF , NHL , C  ,  4.0,  0.0,   0.0,   0.0,   0.0, 0.0  ,  0.0,  0.0,  0.0,  0.0,  0.0, 0.0,   1.0,       ,      ,      ,        ,        ,        ,        ,        ,        ,        ,        ,      
browncu01, 1996,     1, BUF , NHL , C  , 28.0,  4.0,   3.0,   7.0,  18.0, 4.0  ,  0.0,  0.0,  0.0,  0.0,  1.0, 0.0,  31.0,       ,      ,      ,        ,        ,        ,        ,        ,        ,        ,        ,      
browncu01, 1997,     1, BUF , NHL , C  , 63.0, 12.0,  12.0,  24.0,  34.0, 11.0 ,  1.0,  3.0,  1.0,  1.0,  2.0, 1.0,  91.0,   13.0,   1.0,   2.0,     3.0,    10.0, 6.0    ,     1.0,     0.0,     0.0,     0.0,     0.0,    23.0
browncu01, 1998,     1, BUF , NHL , C  , 78.0, 16.0,  31.0,  47.0,  56.0, 23.0 ,  5.0,  5.0,  1.0,  1.0,  3.0, 3.0, 128.0,   21.0,   7.0,   6.0,    13.0,    10.0, 3.0    ,     3.0,     1.0,     0.0,     0.0,     3.0,    34.0
browncu01, 1999,     1, BUF , NHL , C  , 74.0, 22.0,  29.0,  51.0,  42.0, 19.0 ,  5.0,  4.0,  0.0,  0.0,  4.0, 1.0, 149.0,    5.0,   1.0,   3.0,     4.0,     6.0, 1.0    ,     1.0,     0.0,     0.0,     0.0,     0.0,    10.0
browncu01, 2000,     1, BUF , NHL , C  , 70.0, 10.0,  22.0,  32.0,  34.0, 15.0 ,  2.0,  2.0,  1.0,  1.0,  0.0, 0.0, 105.0,   13.0,   5.0,   0.0,     5.0,     8.0, 4.0    ,     0.0,     0.0,     2.0,     0.0,     1.0,    29.0
browncu01, 2001,     1, BUF , NHL , C  , 82.0, 20.0,  17.0,  37.0,  32.0, -4.0 ,  4.0,  3.0,  1.0,  1.0,  5.0, 0.0, 171.0,       ,      ,      ,        ,        ,        ,        ,        ,        ,        ,        ,      
browncu01, 2002,     1, BUF , NHL , C  , 74.0, 15.0,  16.0,  31.0,  40.0, 4.0  ,  3.0,  6.0,  4.0,  0.0,  4.0, 0.0, 144.0,       ,      ,      ,        ,        ,        ,        ,        ,        ,        ,        ,      
browncu01, 2003,     1, BUF , NHL , C  , 68.0,  9.0,  12.0,  21.0,  30.0, 2.0  ,  2.0,  1.0,  1.0,  0.0,  2.0, 0.0, 117.0,       ,      ,      ,        ,        ,        ,        ,        ,        ,        ,        ,      
browncu01, 2003,     2, SJS , NHL , C  , 12.0,  2.0,   2.0,   4.0,   6.0, 1.0  ,  0.0,  0.0,  0.0,  1.0,  0.0, 0.0,  21.0,   17.0,   0.0,   2.0,     2.0,    18.0, -5.0   ,     0.0,     0.0,     0.0,     0.0,     0.0,    23.0
browncu01, 2005,     1, CHI , NHL , C  , 71.0,  5.0,  10.0,  15.0,  38.0, -9.0 ,  0.0,  3.0,  1.0,  1.0,  0.0,    ,  84.0,       ,      ,      ,        ,        ,        ,        ,        ,        ,        ,        ,      
browncu01, 2006,     1, SJS , NHL , C  , 78.0,  8.0,  12.0,  20.0,  56.0, -2.0 ,  0.0,  1.0,  2.0,  1.0,  3.0,    ,  84.0,   11.0,   0.0,   2.0,     2.0,     2.0, 1.0    ,     0.0,     0.0,     0.0,     0.0,     0.0,    10.0
browncu01, 2007,     1, SJS , NHL , C  , 33.0,  5.0,   4.0,   9.0,  10.0, 4.0  ,  0.0,  0.0,  0.0,  0.0,  0.0,    ,  38.0,    7.0,   0.0,   0.0,     0.0,     4.0, -2.0   ,     0.0,     0.0,     0.0,     0.0,     0.0,     5.0
brownda01, 1982,     1, PHI , NHL , R  ,  2.0,  0.0,   0.0,   0.0,   5.0, -1.0 ,  0.0,     ,  0.0,     ,  0.0, 0.0,   2.0,       ,      ,      ,        ,        ,        ,        ,        ,        ,        ,        ,      
brownda01, 1983,     1, PHI , NHL , R  , 19.0,  1.0,   5.0,   6.0,  98.0, 4.0  ,  0.0,     ,  0.0,     ,  0.0, 0.0,   9.0,    2.0,   0.0,   0.0,     0.0,    12.0, 0.0    ,     0.0,        ,     0.0,        ,     0.0,     1.0
brownda01, 1984,     1, PHI , NHL , R  , 57.0,  3.0,   6.0,   9.0, 165.0, -3.0 ,  0.0,     ,  0.0,     ,  1.0, 0.0,  53.0,   11.0,   0.0,   0.0,     0.0,    59.0, -1.0   ,     0.0,        ,     0.0,        ,     0.0,     3.0
brownda01, 1985,     1, PHI , NHL , R  , 76.0, 10.0,   7.0,  17.0, 277.0, 7.0  ,  0.0,     ,  0.0,     ,  1.0, 0.0,  73.0,    5.0,   0.0,   0.0,     0.0,    16.0, -3.0   ,     0.0,        ,     0.0,        ,     0.0,     4.0
brownda01, 1986,     1, PHI , NHL , R  , 62.0,  7.0,   3.0,  10.0, 274.0, -7.0 ,  0.0,     ,  0.0,     ,  0.0, 0.0,  53.0,   26.0,   1.0,   2.0,     3.0,    59.0, 1.0    ,     0.0,        ,     0.0,        ,     0.0,    15.0
brownda01, 1987,     1, PHI , NHL , R  , 47.0, 12.0,   5.0,  17.0, 114.0, 10.0 ,  0.0,  0.0,  0.0,  0.0,  4.0, 0.0,  41.0,    7.0,   1.0,   0.0,     1.0,    27.0, -4.0   ,     0.0,     0.0,     0.0,     0.0,     0.0,     6.0
brownda01, 1988,     1, PHI , NHL , R  , 50.0,  0.0,   3.0,   3.0, 100.0, -8.0 ,  0.0,  0.0,  0.0,  0.0,  0.0, 0.0,  28.0,       ,      ,      ,        ,        ,        ,        ,        ,        ,        ,        ,      
brownda01, 1988,     2, EDM , NHL , R  , 22.0,  0.0,   2.0,   2.0,  56.0, -4.0 ,  0.0,  0.0,  0.0,  0.0,  0.0, 0.0,  14.0,    7.0,   0.0,   0.0,     0.0,     6.0, -2.0   ,     0.0,     0.0,     0.0,     0.0,     0.0,     5.0
brownda01, 1989,     1, EDM , NHL , R  , 60.0,  0.0,   6.0,   6.0, 145.0, -3.0 ,  0.0,  0.0,  0.0,  0.0,  0.0, 0.0,  32.0,    3.0,   0.0,   0.0,     0.0,     0.0, 0.0    ,     0.0,     0.0,     0.0,     0.0,     0.0,     2.0
brownda01, 1990,     1, EDM , NHL , R  , 58.0,  3.0,   4.0,   7.0, 160.0, -7.0 ,  0.0,  0.0,  0.0,  0.0,  0.0, 0.0,  32.0,   16.0,   0.0,   1.0,     1.0,    30.0, -2.0   ,     0.0,     0.0,     0.0,     0.0,     0.0,    11.0
brownda01, 1991,     1, PHI , NHL , R  , 70.0,  4.0,   2.0,   6.0,  81.0, -11.0,  0.0,  0.0,  0.0,  0.0,  0.0, 0.0,  50.0,       ,      ,      ,        ,        ,        ,        ,        ,        ,        ,        ,      
brownda01, 1992,     1, PHI , NHL , R  , 70.0,  0.0,   2.0,   2.0,  78.0, -5.0 ,  0.0,  0.0,  0.0,  0.0,  0.0, 0.0,  19.0,       ,      ,      ,        ,        ,        ,        ,        ,        ,        ,        ,      
brownda01, 1993,     1, PHI , NHL , R  , 71.0,  1.0,   4.0,   5.0, 137.0, -12.0,  0.0,  0.0,  0.0,  0.0,  0.0, 0.0,  16.0,       ,      ,      ,        ,        ,        ,        ,        ,        ,        ,        ,      
brownda01, 1994,     1, PHI , NHL , R  , 28.0,  1.0,   2.0,   3.0,  53.0, -1.0 ,  0.0,  0.0,  0.0,  0.0,  0.0, 0.0,   8.0,    3.0,   0.0,   0.0,     0.0,     0.0, 0.0    ,     0.0,     0.0,     0.0,     0.0,     0.0,     2.0
brownda01, 1995,     1, SJS , NHL , R  , 37.0,  3.0,   1.0,   4.0,  46.0, 4.0  ,  0.0,  0.0,  0.0,  0.0,  0.0, 0.0,   8.0,       ,      ,      ,        ,        ,        ,        ,        ,        ,        ,        ,      
browndo01, 1986,     1, NJD , NHL , R  ,  4.0,  0.0,   1.0,   1.0,   0.0, -4.0 ,  0.0,     ,  0.0,     ,  0.0, 0.0,  10.0,       ,      ,      ,        ,        ,        ,        ,        ,        ,        ,        ,      
browndo01, 1987,     1, NJD , NHL , R  , 70.0, 14.0,  11.0,  25.0,  20.0, 7.0  ,  1.0,  1.0,  4.0,  1.0,  2.0, 0.0, 112.0,   19.0,   5.0,   1.0,     6.0,     6.0, 3.0    ,     0.0,     0.0,     1.0,     1.0,     1.0,    31.0
browndo01, 1988,     1, NJD , NHL , R  , 63.0, 15.0,  10.0,  25.0,  15.0, -7.0 ,  4.0,  1.0,  0.0,  2.0,  2.0, 0.0, 110.0,       ,      ,      ,        ,        ,        ,        ,        ,        ,        ,        ,      
browndo01, 1989,     1, NJD , NHL , R  , 69.0, 14.0,  20.0,  34.0,  16.0, 7.0  ,  1.0,  2.0,  3.0,  1.0,  3.0, 0.0, 135.0,    6.0,   0.0,   1.0,     1.0,     2.0, -1.0   ,     0.0,     0.0,     0.0,     0.0,     0.0,     5.0
browndo01, 1990,     1, NJD , NHL , R  , 58.0, 14.0,  16.0,  30.0,   4.0, 18.0 ,  0.0,  0.0,  2.0,  0.0,  2.0, 1.0, 122.0,    7.0,   2.0,   2.0,     4.0,     2.0, 1.0    ,     0.0,     1.0,     1.0,     0.0,     0.0,    14.0
browndo01, 1991,     1, NJD , NHL , R  , 71.0, 11.0,  17.0,  28.0,  27.0, 17.0 ,  1.0,  0.0,  2.0,  3.0,  1.0, 0.0, 140.0,       ,      ,      ,        ,        ,        ,        ,        ,        ,        ,        ,      
browndo01, 1992,     1, NJD , NHL , R  , 15.0,  0.0,   5.0,   5.0,   2.0, 3.0  ,  0.0,  0.0,  0.0,  0.0,  0.0, 0.0,  17.0,       ,      ,      ,        ,        ,        ,        ,        ,        ,        ,        ,      
browndo01, 1993,     1, PIT , NHL , R  , 77.0, 18.0,  37.0,  55.0,  18.0, 19.0 ,  2.0,  1.0,  0.0,  0.0,  1.0, 0.0, 152.0,    6.0,   0.0,   0.0,     0.0,     2.0, 0.0    ,     0.0,     0.0,     0.0,     0.0,     0.0,     3.0
browndo01, 1994,     1, DET , NHL , R  , 45.0,  9.0,  12.0,  21.0,  16.0, 14.0 ,  1.0,  0.0,  1.0,  1.0,  2.0, 0.0,  69.0,   18.0,   4.0,   8.0,    12.0,     2.0, 14.0   ,     0.0,     1.0,     1.0,     1.0,     1.0,    27.0
browndo01, 1995,     1, DET , NHL , L  , 62.0, 12.0,  15.0,  27.0,   4.0, 11.0 ,  0.0,  2.0,  1.0,  2.0,  1.0, 0.0, 115.0,   13.0,   3.0,   3.0,     6.0,     4.0, 0.0    ,     0.0,     0.0,     1.0,     1.0,     0.0,    18.0
browndo01, 1996,     1, DET , NHL , L  , 49.0,  6.0,   7.0,  13.0,   8.0, -3.0 ,  1.0,  1.0,  0.0,  1.0,  0.0, 0.0,  69.0,   14.0,   3.0,   3.0,     6.0,     2.0, 4.0    ,     0.0,     0.0,     0.0,     0.0,     0.0,    23.0
browndo01, 1997,     1, DET , NHL , C  , 80.0, 19.0,  23.0,  42.0,  12.0, 17.0 ,  6.0,  7.0,  1.0,  0.0,  5.0, 0.0, 145.0,    9.0,   4.0,   2.0,     6.0,     0.0, -1.0   ,     3.0,     0.0,     0.0,     0.0,     1.0,    19.0
browndo01, 1998,     1, DET , NHL , R  , 80.0,  9.0,  19.0,  28.0,  42.0, 5.0  ,  3.0,  1.0,  1.0,  2.0,  1.0, 0.0, 180.0,   10.0,   2.0,   2.0,     4.0,     4.0, 0.0    ,     1.0,     1.0,     0.0,     0.0,     1.0,    15.0
browndo01, 1999,     1, DET , NHL , R  , 51.0, 10.0,   8.0,  18.0,  12.0, 8.0  ,  0.0,  0.0,  1.0,  1.0,  0.0, 0.0,  67.0,    3.0,   0.0,   1.0,     1.0,     0.0, 0.0    ,     0.0,     0.0,     0.0,     0.0,     0.0,     4.0
browndo01, 2000,     1, DET , NHL , C  , 60.0,  9.0,  13.0,  22.0,  14.0, 0.0  ,  2.0,  3.0,  1.0,  0.0,  1.0, 0.0,  91.0,    4.0,   0.0,   0.0,     0.0,     2.0, -1.0   ,     0.0,     0.0,     0.0,     0.0,     0.0,     3.0
browndu01, 2003,     1, LAK , NHL , R  , 31.0,  1.0,   4.0,   5.0,  16.0, 0.0  ,  0.0,  0.0,  0.0,  0.0,  0.0, 0.0,  40.0,       ,      ,      ,        ,        ,        ,        ,        ,        ,        ,        ,      
browndu01, 2005,     1, LAK , NHL , R  , 79.0, 14.0,  14.0,  28.0,  80.0, -10.0,  6.0,  3.0,  0.0,  0.0,  2.0,    , 159.0,       ,      ,      ,        ,        ,        ,        ,        ,        ,        ,        ,      
browndu01, 2006,     1, LAK , NHL , L  , 81.0, 17.0,  29.0,  46.0,  54.0, -21.0, 13.0, 12.0,  0.0,  1.0,  1.0,    , 195.0,       ,      ,      ,        ,        ,        ,        ,        ,        ,        ,        ,      
browndu01, 2007,     1, LAK , NHL , R  , 78.0, 33.0,  27.0,  60.0,  55.0, -13.0, 12.0, 10.0,  2.0,  2.0,  4.0,    , 219.0,       ,      ,      ,        ,        ,        ,        ,        ,        ,        ,        ,      
browndu01, 2008,     1, LAK , NHL , R  , 80.0, 24.0,  29.0,  53.0,  64.0, -15.0,  7.0, 11.0,  0.0,  0.0,  6.0,    , 292.0,       ,      ,      ,        ,        ,        ,        ,        ,        ,        ,        ,      
browndu01, 2009,     1, LAK , NHL , R  , 82.0, 24.0,  32.0,  56.0,  41.0, -6.0 ,  7.0, 10.0,  0.0,  0.0,  3.0,    , 248.0,    6.0,   1.0,   4.0,     5.0,     6.0, -7.0   ,     1.0,     4.0,     0.0,     0.0,     0.0,    15.0
brownfr01, 1927,     1, MTM , NHL , D  , 19.0,  1.0,   0.0,   1.0,   0.0,      ,     ,     ,     ,     ,     ,    ,      ,    9.0,   0.0,   0.0,     0.0,     0.0,        ,        ,        ,        ,        ,        ,      
brownge01, 1936,     1, MTL , NHL , C/L, 27.0,  4.0,   6.0,  10.0,  10.0,      ,     ,     ,     ,     ,     ,    ,      ,    4.0,   0.0,   0.0,     0.0,     0.0,        ,        ,        ,        ,        ,        ,      
brownge01, 1937,     1, MTL , NHL , C  , 34.0,  1.0,   7.0,   8.0,  14.0,      ,     ,     ,     ,     ,     ,    ,      ,    3.0,   0.0,   0.0,     0.0,     2.0,        ,        ,        ,        ,        ,        ,      
brownge01, 1938,     1, MTL , NHL , C  , 18.0,  1.0,   9.0,  10.0,  10.0,      ,     ,     ,     ,     ,     ,    ,      ,       ,      ,      ,        ,        ,        ,        ,        ,        ,        ,        ,      
brownge02, 1941,     1, DET , NHL , L  , 13.0,  4.0,   4.0,   8.0,   0.0,      ,     ,     ,     ,     ,     ,    ,      ,   12.0,   2.0,   1.0,     3.0,     4.0,        ,        ,        ,        ,        ,        ,      
brownge02, 1945,     1, DET , NHL , L  , 10.0,  0.0,   1.0,   1.0,   2.0,      ,     ,     ,     ,     ,     ,    ,      ,       ,      ,      ,        ,        ,        ,        ,        ,        ,        ,        ,      
browngr01, 1990,     1, BUF , NHL , D  , 39.0,  1.0,   2.0,   3.0,  35.0, -20.0,  0.0,  1.0,  0.0,  0.0,  0.0, 0.0,  26.0,       ,      ,      ,        ,        ,        ,        ,        ,        ,        ,        ,      
browngr01, 1992,     1, BUF , NHL , D  , 10.0,  0.0,   1.0,   1.0,   6.0, -5.0 ,  0.0,  0.0,  0.0,  0.0,  0.0, 0.0,  10.0,       ,      ,      ,        ,        ,        ,        ,        ,        ,        ,        ,      
browngr01, 1993,     1, PIT , NHL , D  , 36.0,  3.0,   8.0,  11.0,  28.0, 1.0  ,  1.0,  0.0,  0.0,  0.0,  0.0, 0.0,  37.0,    6.0,   0.0,   1.0,     1.0,     4.0, -2.0   ,     0.0,     0.0,     0.0,     0.0,     0.0,     3.0
browngr01, 1994,     1, WIN , NHL , D  ,  9.0,  0.0,   3.0,   3.0,  17.0, 1.0  ,  0.0,  1.0,  0.0,  0.0,  0.0, 0.0,  12.0,       ,      ,      ,        ,        ,        ,        ,        ,        ,        ,        ,      
brownha01, 1945,     1, NYR , NHL , R  , 13.0,  2.0,   1.0,   3.0,   2.0,      ,     ,     ,     ,     ,     ,    ,      ,       ,      ,      ,        ,        ,        ,        ,        ,        ,        ,        ,      
brownja01, 1977,     1, STL , NHL , D  , 40.0,  2.0,  15.0,  17.0,  23.0, -11.0,  1.0,     ,  0.0,     ,  0.0, 0.0,  62.0,       ,      ,      ,        ,        ,        ,        ,        ,        ,        ,        ,      
brownja01, 1978,     1, STL , NHL , D  , 64.0, 10.0,  24.0,  34.0,  14.0, -21.0,  5.0,     ,  0.0,     ,  1.0, 1.0, 101.0,       ,      ,      ,        ,        ,        ,        ,        ,        ,        ,        ,      
brownja01, 1979,     1, STL , NHL , D  , 77.0, 12.0,  32.0,  44.0,   8.0, 16.0 ,  3.0,     ,  0.0,     ,  2.0, 1.0, 130.0,    3.0,   0.0,   0.0,     0.0,     0.0,        ,     0.0,        ,     0.0,        ,     0.0,      
brownja01, 1980,     1, STL , NHL , D  , 71.0,  5.0,  23.0,  28.0,  12.0, 5.0  ,  3.0,     ,  1.0,     ,  1.0, 0.0,  96.0,   11.0,   0.0,   3.0,     3.0,     2.0,        ,     0.0,        ,     0.0,        ,     0.0,      
brownja01, 1981,     1, STL , NHL , D  , 80.0,  5.0,  33.0,  38.0,  26.0, -5.0 ,  3.0,     ,  0.0,     ,  1.0, 1.0, 149.0,    8.0,   0.0,   2.0,     2.0,    14.0,        ,     0.0,        ,     0.0,        ,     0.0,      
brownja01, 1982,     1, STL , NHL , D  , 72.0,  1.0,  22.0,  23.0,  30.0, -3.0 ,  1.0,     ,  0.0,     ,  0.0, 0.0, 127.0,    4.0,   0.0,   0.0,     0.0,     2.0,        ,     0.0,        ,     0.0,        ,     0.0,      
brownja01, 1983,     1, STL , NHL , D  , 51.0,  1.0,   7.0,   8.0,  19.0, -21.0,  1.0,     ,  0.0,     ,  0.0, 0.0,  50.0,       ,      ,      ,        ,        ,        ,        ,        ,        ,        ,        ,      
brownja01, 1983,     2, HAR , NHL , D  , 13.0,  2.0,   2.0,   4.0,  10.0, -5.0 ,  0.0,     ,  0.0,     ,  1.0, 0.0,  17.0,       ,      ,      ,        ,        ,        ,        ,        ,        ,        ,        ,      
brownja01, 1984,     1, HAR , NHL , D  , 17.0,  1.0,   4.0,   5.0,   5.0, 0.0  ,  1.0,     ,  0.0,     ,  0.0, 0.0,  27.0,       ,      ,      ,        ,        ,        ,        ,        ,        ,        ,        ,      
brownja01, 1985,     1, HAR , NHL , D  ,  9.0,  0.0,   0.0,   0.0,   4.0, -4.0 ,  0.0,     ,  0.0,     ,  0.0, 0.0,   7.0,       ,      ,      ,        ,        ,        ,        ,        ,        ,        ,        ,      
brownja02, 1914,     1, TOO , NHA ,    , 13.0,  1.0,   0.0,   1.0,   0.0,      ,     ,     ,     ,     ,     ,    ,      ,       ,      ,      ,        ,        ,        ,        ,        ,        ,        ,        ,      
brownja02, 1915,     1, TBS , NHA ,    ,  2.0,  0.0,   1.0,   1.0,   2.0,      ,     ,     ,     ,     ,     ,    ,      ,       ,      ,      ,        ,        ,        ,        ,        ,        ,        ,        ,      
brownja02, 1916,     1, TOB , NHA ,    ,  2.0,  0.0,   0.0,   0.0,   0.0,      ,     ,     ,     ,     ,     ,    ,      ,       ,      ,      ,        ,        ,        ,        ,        ,        ,        ,        ,      
brownje01, 1981,     1, HAR , NHL , D  ,  3.0,  0.0,   1.0,   1.0,   2.0, -3.0 ,  0.0,     ,  0.0,     ,  0.0, 0.0,   4.0,       ,      ,      ,        ,        ,        ,        ,        ,        ,        ,        ,      
brownje01, 1982,     1, HAR , NHL , D  ,  4.0,  0.0,   0.0,   0.0,   0.0, -6.0 ,  0.0,     ,  0.0,     ,  0.0, 0.0,   0.0,       ,      ,      ,        ,        ,        ,        ,        ,        ,        ,        ,      
brownje02, 1985,     1, QUE , NHL , D  ,  8.0,  3.0,   2.0,   5.0,   6.0, 5.0  ,  0.0,     ,  0.0,     ,  0.0, 0.0,  16.0,    1.0,   0.0,   0.0,     0.0,     0.0, 0.0    ,     0.0,        ,     0.0,        ,     0.0,     0.0
brownje02, 1986,     1, QUE , NHL , D  , 44.0,  7.0,  22.0,  29.0,  16.0, 11.0 ,  3.0,     ,  0.0,     ,  0.0, 0.0,  99.0,   13.0,   3.0,   3.0,     6.0,     2.0, -3.0   ,     2.0,        ,     0.0,        ,     0.0,    24.0
brownje02, 1987,     1, QUE , NHL , D  , 78.0, 16.0,  36.0,  52.0,  64.0, -25.0,  9.0, 24.0,  0.0,  1.0,  4.0, 0.0, 208.0,       ,      ,      ,        ,        ,        ,        ,        ,        ,        ,        ,      
brownje02, 1988,     1, QUE , NHL , D  , 78.0, 21.0,  47.0,  68.0,  62.0, -22.0, 13.0, 33.0,  1.0,  1.0,  1.0, 0.0, 276.0,       ,      ,      ,        ,        ,        ,        ,        ,        ,        ,        ,      
brownje02, 1989,     1, QUE , NHL , D  , 29.0,  6.0,  10.0,  16.0,  18.0, -14.0,  2.0,     ,  0.0,  0.0,  3.0, 0.0, 104.0,       ,      ,      ,        ,        ,        ,        ,        ,        ,        ,        ,      
brownje02, 1989,     2, STL , NHL , D  , 48.0, 10.0,  28.0,  38.0,  37.0, -12.0,  6.0,     ,  1.0,  0.0,  0.0, 0.0, 180.0,   12.0,   2.0,  10.0,    12.0,     4.0, -6.0   ,     1.0,     5.0,     0.0,     0.0,     1.0,    42.0
brownje02, 1990,     1, STL , NHL , D  , 67.0, 12.0,  47.0,  59.0,  39.0, 4.0  ,  6.0, 24.0,  1.0,  0.0,  0.0, 2.0, 176.0,   13.0,   3.0,   9.0,    12.0,     6.0, 6.0    ,     0.0,     3.0,     0.0,     0.0,     0.0,    42.0
brownje02, 1991,     1, STL , NHL , D  , 80.0, 20.0,  39.0,  59.0,  38.0, 8.0  , 10.0, 13.0,  0.0,  0.0,  2.0, 1.0, 214.0,    6.0,   2.0,   1.0,     3.0,     2.0, -3.0   ,     0.0,     1.0,     0.0,     0.0,     1.0,    19.0
brownje02, 1992,     1, STL , NHL , D  , 71.0, 25.0,  53.0,  78.0,  58.0, -6.0 , 12.0, 34.0,  2.0,  2.0,  3.0, 0.0, 220.0,   11.0,   3.0,   8.0,    11.0,     6.0, 3.0    ,     1.0,     7.0,     0.0,     0.0,     2.0,    41.0
brownje02, 1993,     1, STL , NHL , D  , 63.0, 13.0,  47.0,  60.0,  46.0, -13.0,  7.0, 30.0,  0.0,  3.0,  3.0, 1.0, 196.0,       ,      ,      ,        ,        ,        ,        ,        ,        ,        ,        ,      
brownje02, 1993,     2, VAN , NHL , D  , 11.0,  1.0,   5.0,   6.0,  10.0, 2.0  ,  0.0,  4.0,  0.0,  0.0,  0.0, 0.0,  41.0,   24.0,   6.0,   9.0,    15.0,    37.0, 7.0    ,     3.0,     7.0,     0.0,     0.0,     0.0,    76.0
brownje02, 1994,     1, VAN , NHL , D  , 33.0,  8.0,  23.0,  31.0,  16.0, -2.0 ,  3.0, 18.0,  0.0,  0.0,  0.0, 0.0, 111.0,    5.0,   1.0,   3.0,     4.0,     2.0, 2.0    ,     0.0,     3.0,     0.0,     0.0,     0.0,    11.0
brownje02, 1995,     1, VAN , NHL , D  , 28.0,  1.0,  16.0,  17.0,  18.0, 6.0  ,  0.0,  8.0,  0.0,  0.0,  0.0, 0.0,  62.0,       ,      ,      ,        ,        ,        ,        ,        ,        ,        ,        ,      
brownje02, 1995,     2, HAR , NHL , D  , 48.0,  7.0,  31.0,  38.0,  38.0, 2.0  ,  5.0, 18.0,  0.0,  0.0,  0.0, 0.0, 115.0,       ,      ,      ,        ,        ,        ,        ,        ,        ,        ,        ,      
brownje02, 1996,     1, HAR , NHL , D  ,  1.0,  0.0,   0.0,   0.0,   0.0, 0.0  ,  0.0,  0.0,  0.0,  0.0,  0.0, 0.0,   0.0,       ,      ,      ,        ,        ,        ,        ,        ,        ,        ,        ,      
brownje02, 1997,     1, CAR , NHL , D  , 32.0,  3.0,  10.0,  13.0,  16.0, -1.0 ,  3.0,  5.0,  0.0,  0.0,  0.0, 0.0,  57.0,       ,      ,      ,        ,        ,        ,        ,        ,        ,        ,        ,      
brownje02, 1997,     2, TOR , NHL , D  , 19.0,  1.0,   8.0,   9.0,  10.0, 2.0  ,  1.0,  6.0,  0.0,  0.0,  0.0, 0.0,  30.0,       ,      ,      ,        ,        ,        ,        ,        ,        ,        ,        ,      
brownje02, 1997,     3, WAS , NHL , D  ,  9.0,  0.0,   6.0,   6.0,   6.0, 4.0  ,  0.0,  4.0,  0.0,  0.0,  0.0, 0.0,  15.0,    2.0,   0.0,   2.0,     2.0,     0.0, 1.0    ,     0.0,     0.0,     0.0,     0.0,     0.0,     2.0
brownji01, 1982,     1, LAK , NHL , D  ,  3.0,  0.0,   1.0,   1.0,   5.0, -2.0 ,  0.0,     ,  0.0,     ,  0.0, 0.0,   0.0,       ,      ,      ,        ,        ,        ,        ,        ,        ,        ,        ,      
brownke01, 1970,     1, CHI , NHL , G  ,  1.0,  0.0,   0.0,   0.0,   0.0, 0.0  ,  0.0,     ,  0.0,     ,  0.0, 0.0,   0.0,       ,      ,      ,        ,        ,        ,        ,        ,        ,        ,        ,      
brownke01, 1972,     1, ALB , WHA , G  , 20.0,  0.0,   0.0,   0.0,   2.0,      ,  0.0,     ,  0.0,     ,     ,    ,      ,       ,      ,      ,        ,        ,        ,        ,        ,        ,        ,        ,      
brownke01, 1974,     1, EDO , WHA , G  , 32.0,  0.0,   1.0,   1.0,   2.0,      ,  0.0,     ,  0.0,     ,  0.0,    ,   0.0,       ,      ,      ,        ,        ,        ,        ,        ,        ,        ,        ,      
brownke02, 1979,     1, CHI , NHL , D  , 76.0,  2.0,  18.0,  20.0,  27.0, 7.0  ,  0.0,     ,  0.0,     ,  2.0, 0.0, 105.0,    6.0,   0.0,   0.0,     0.0,     4.0,        ,     0.0,        ,     0.0,        ,     0.0,      
brownke02, 1980,     1, CHI , NHL , D  , 80.0,  9.0,  34.0,  43.0,  80.0, 5.0  ,  0.0,     ,  1.0,     ,  1.0, 1.0, 130.0,    3.0,   0.0,   2.0,     2.0,     2.0,        ,     0.0,        ,     0.0,        ,     0.0,      
brownke02, 1981,     1, CHI , NHL , D  , 33.0,  4.0,  20.0,  24.0,  26.0, 4.0  ,  2.0,     ,  0.0,     ,  0.0, 0.0,  87.0,    4.0,   0.0,   2.0,     2.0,     5.0,        ,     0.0,        ,     0.0,        ,     0.0,      
brownke02, 1982,     1, CHI , NHL , D  , 50.0,  4.0,  27.0,  31.0,  20.0, 8.0  ,  2.0,     ,  0.0,     ,  0.0, 0.0, 116.0,    7.0,   0.0,   0.0,     0.0,    11.0,        ,     0.0,        ,     0.0,        ,     0.0,      
brownke02, 1983,     1, CHI , NHL , D  , 74.0, 10.0,  25.0,  35.0,  94.0, -18.0,  3.0,     ,  0.0,     ,  0.0, 0.0, 148.0,    5.0,   0.0,   1.0,     1.0,    10.0, 1.0    ,     0.0,        ,     0.0,        ,     0.0,     8.0
brownke02, 1984,     1, CHI , NHL , D  , 56.0,  1.0,  22.0,  23.0,  55.0, 2.0  ,  0.0,     ,  0.0,     ,  0.0, 0.0, 100.0,   11.0,   2.0,   7.0,     9.0,    31.0, 13.0   ,     1.0,        ,     0.0,        ,     0.0,    20.0
brownke02, 1985,     1, CHI , NHL , D  , 70.0, 11.0,  29.0,  40.0,  87.0, -6.0 ,  1.0,     ,  1.0,     ,  0.0, 0.0, 151.0,    3.0,   0.0,   1.0,     1.0,     9.0, -1.0   ,     0.0,        ,     0.0,        ,     0.0,     5.0
brownke02, 1986,     1, CHI , NHL , D  , 73.0,  4.0,  23.0,  27.0,  86.0, 5.0  ,  2.0,     ,  0.0,     ,  0.0, 1.0, 100.0,    4.0,   0.0,   1.0,     1.0,     6.0, -1.0   ,     0.0,        ,     0.0,        ,     0.0,     7.0
brownke02, 1987,     1, CHI , NHL , D  , 24.0,  3.0,   6.0,   9.0,  45.0, 5.0  ,  0.0,  2.0,  0.0,  0.0,  1.0, 0.0,  39.0,    5.0,   0.0,   2.0,     2.0,    10.0, -3.0   ,     0.0,     1.0,     0.0,     0.0,     0.0,    12.0
brownke02, 1988,     1, CHI , NHL , D  , 74.0,  2.0,  16.0,  18.0,  84.0, -5.0 ,  1.0,  7.0,  0.0,  2.0,  0.0, 0.0, 105.0,   13.0,   1.0,   3.0,     4.0,    25.0, 1.0    ,     0.0,     2.0,     0.0,     0.0,     0.0,    13.0
brownke02, 1989,     1, CHI , NHL , D  , 67.0,  5.0,  20.0,  25.0,  87.0, 26.0 ,  2.0,  3.0,  0.0,  1.0,  0.0, 0.0, 111.0,   18.0,   0.0,   4.0,     4.0,    43.0, 2.0    ,     0.0,     2.0,     0.0,     2.0,     0.0,    18.0
brownke02, 1990,     1, CHI , NHL , D  , 45.0,  1.0,  10.0,  11.0,  55.0, 9.0  ,  0.0,  6.0,  0.0,  1.0,  0.0, 0.0,  71.0,    6.0,   1.0,   0.0,     1.0,     8.0, 0.0    ,     0.0,     0.0,     0.0,     0.0,     0.0,     9.0
brownke02, 1991,     1, CHI , NHL , D  , 57.0,  6.0,  10.0,  16.0,  69.0, 7.0  ,  2.0,  7.0,  1.0,  0.0,  1.0, 0.0, 105.0,   14.0,   0.0,   8.0,     8.0,    18.0, -3.0   ,     0.0,     4.0,     0.0,     0.0,     0.0,    20.0
brownke02, 1992,     1, CHI , NHL , D  , 33.0,  2.0,   6.0,   8.0,  39.0, 3.0  ,  0.0,  1.0,  0.0,  0.0,  0.0, 0.0,  47.0,    4.0,   0.0,   1.0,     1.0,     2.0, 1.0    ,     0.0,     0.0,     0.0,     0.0,     0.0,     3.0
brownke02, 1993,     1, FLO , NHL , D  , 51.0,  4.0,   8.0,  12.0,  60.0, 11.0 ,  1.0,  1.0,  0.0,  0.0,  0.0, 0.0,  52.0,       ,      ,      ,        ,        ,        ,        ,        ,        ,        ,        ,      
brownke02, 1994,     1, FLO , NHL , D  , 13.0,  0.0,   0.0,   0.0,   2.0, 1.0  ,  0.0,  0.0,  0.0,  0.0,  0.0, 0.0,  10.0,       ,      ,      ,        ,        ,        ,        ,        ,        ,        ,        ,      
brownke03, 1994,     1, LAK , NHL , R  , 23.0,  2.0,   3.0,   5.0,  18.0, -7.0 ,  0.0,  0.0,  0.0,  0.0,  0.0, 0.0,  25.0,       ,      ,      ,        ,        ,        ,        ,        ,        ,        ,        ,      
brownke03, 1995,     1, LAK , NHL , R  ,  7.0,  1.0,   0.0,   1.0,   4.0, -2.0 ,  0.0,  0.0,  0.0,  0.0,  0.0, 0.0,   9.0,       ,      ,      ,        ,        ,        ,        ,        ,        ,        ,        ,      
brownke03, 1996,     1, HAR , NHL , R  , 11.0,  0.0,   4.0,   4.0,   6.0, -6.0 ,  0.0,  1.0,  0.0,  0.0,  0.0, 0.0,  12.0,       ,      ,      ,        ,        ,        ,        ,        ,        ,        ,        ,      
brownke03, 1997,     1, CAR , NHL , R  ,  4.0,  0.0,   0.0,   0.0,   0.0, -2.0 ,  0.0,  0.0,  0.0,  0.0,  0.0, 0.0,   0.0,       ,      ,      ,        ,        ,        ,        ,        ,        ,        ,        ,      
brownke03, 1998,     1, EDM , NHL , R  , 12.0,  4.0,   2.0,   6.0,   0.0, -2.0 ,  2.0,  1.0,  0.0,  0.0,  0.0, 0.0,  13.0,       ,      ,      ,        ,        ,        ,        ,        ,        ,        ,        ,      
brownke03, 1999,     1, EDM , NHL , R  ,  7.0,  0.0,   0.0,   0.0,   0.0, 0.0  ,  0.0,  0.0,  0.0,  0.0,  0.0, 0.0,   5.0,    1.0,   0.0,   0.0,     0.0,     0.0, 0.0    ,     0.0,     0.0,     0.0,     0.0,     0.0,     0.0
brownla01, 1969,     1, NYR , NHL , D  , 15.0,  0.0,   3.0,   3.0,   8.0, 6.0  ,  0.0,     ,  0.0,     ,  0.0, 0.0,  17.0,       ,      ,      ,        ,        ,        ,        ,        ,        ,        ,        ,      
brownla01, 1970,     1, DET , NHL , D  , 33.0,  1.0,   4.0,   5.0,   8.0, -15.0,  0.0,     ,  0.0,     ,  1.0, 0.0,  52.0,       ,      ,      ,        ,        ,        ,        ,        ,        ,        ,        ,      
brownla01, 1970,     2, NYR , NHL , D  , 31.0,  1.0,   1.0,   2.0,  10.0, 8.0  ,  1.0,     ,  0.0,     ,  0.0, 0.0,  56.0,   11.0,   0.0,   1.0,     1.0,     0.0,        ,     0.0,        ,     0.0,        ,     0.0,      
brownla01, 1971,     1, PHI , NHL , D  , 12.0,  0.0,   0.0,   0.0,   2.0, -3.0 ,  0.0,     ,  0.0,     ,  0.0, 0.0,   9.0,       ,      ,      ,        ,        ,        ,        ,        ,        ,        ,        ,      
brownla01, 1972,     1, LAK , NHL , D  , 55.0,  0.0,   7.0,   7.0,   8.0, -4.0 ,  0.0,     ,  0.0,     ,  0.0, 0.0,  46.0,       ,      ,      ,        ,        ,        ,        ,        ,        ,        ,        ,      
brownla01, 1973,     1, LAK , NHL , D  , 45.0,  0.0,   4.0,   4.0,  14.0, 4.0  ,  0.0,     ,  0.0,     ,  0.0, 0.0,  31.0,    2.0,   0.0,   0.0,     0.0,     0.0,        ,     0.0,        ,     0.0,        ,     0.0,      
brownla01, 1974,     1, LAK , NHL , D  , 78.0,  1.0,  15.0,  16.0,  50.0, 31.0 ,  0.0,     ,  0.0,     ,  0.0, 0.0,  83.0,    3.0,   0.0,   2.0,     2.0,     0.0,        ,     0.0,        ,     0.0,        ,     0.0,      
brownla01, 1975,     1, LAK , NHL , D  , 74.0,  2.0,   5.0,   7.0,  33.0, -27.0,  0.0,     ,  0.0,     ,  0.0, 0.0,  49.0,    9.0,   0.0,   0.0,     0.0,     2.0,        ,     0.0,        ,     0.0,        ,     0.0,      
brownla01, 1976,     1, LAK , NHL , D  , 55.0,  1.0,   6.0,   7.0,  24.0, -17.0,  0.0,     ,  0.0,     ,  0.0, 0.0,  59.0,    9.0,   0.0,   1.0,     1.0,     6.0,        ,     0.0,        ,     0.0,        ,     0.0,      
brownla01, 1977,     1, LAK , NHL , D  , 57.0,  1.0,   8.0,   9.0,  23.0, -13.0,  0.0,     ,  0.0,     ,  0.0, 0.0,  24.0,    1.0,   0.0,   0.0,     0.0,     2.0,        ,     0.0,        ,     0.0,        ,     0.0,      
brownmi01, 2000,     1, VAN , NHL , L  ,  1.0,  0.0,   0.0,   0.0,   5.0, 0.0  ,  0.0,  0.0,  0.0,  0.0,  0.0, 0.0,   1.0,       ,      ,      ,        ,        ,        ,        ,        ,        ,        ,        ,      
brownmi01, 2001,     1, VAN , NHL , L  , 15.0,  0.0,   0.0,   0.0,  72.0, 1.0  ,  0.0,  0.0,  0.0,  0.0,  0.0, 0.0,   2.0,       ,      ,      ,        ,        ,        ,        ,        ,        ,        ,        ,      
brownmi01, 2002,     1, ANA , NHL , L  , 16.0,  1.0,   1.0,   2.0,  44.0, 0.0  ,  0.0,  0.0,  0.0,  0.0,  1.0, 0.0,   8.0,       ,      ,      ,        ,        ,        ,        ,        ,        ,        ,        ,      
brownmi01, 2005,     1, CHI , NHL , L  ,  2.0,  0.0,   1.0,   1.0,   9.0, 0.0  ,  0.0,  0.0,  0.0,  0.0,  0.0,    ,   1.0,       ,      ,      ,        ,        ,        ,        ,        ,        ,        ,        ,      
brownmi02, 2007,     1, VAN , NHL , R  , 19.0,  1.0,   0.0,   1.0,  55.0, -2.0 ,  0.0,  0.0,  0.0,  0.0,  0.0,    ,   9.0,       ,      ,      ,        ,        ,        ,        ,        ,        ,        ,        ,      
brownmi02, 2008,     1, VAN , NHL , R  , 20.0,  0.0,   1.0,   1.0,  85.0, -5.0 ,  0.0,  0.0,  0.0,  0.0,  0.0,    ,   6.0,       ,      ,      ,        ,        ,        ,        ,        ,        ,        ,        ,      
brownmi02, 2008,     2, AND , NHL , R  , 28.0,  2.0,   1.0,   3.0,  60.0, -2.0 ,  0.0,  0.0,  0.0,  0.0,  2.0,    ,  38.0,   13.0,   0.0,   2.0,     2.0,    25.0, 0.0    ,     0.0,     0.0,     0.0,     0.0,     0.0,     6.0
brownmi02, 2009,     1, AND , NHL , R  , 75.0,  6.0,   1.0,   7.0, 106.0, 1.0  ,  0.0,  0.0,  1.0,  0.0,  2.0,    ,  82.0,       ,      ,      ,        ,        ,        ,        ,        ,        ,        ,        ,      
brownro01, 1987,     1, PIT , NHL , R  , 51.0, 24.0,  20.0,  44.0,  56.0, 8.0  , 13.0,  2.0,  0.0,  0.0,  1.0, 0.0,  80.0,       ,      ,      ,        ,        ,        ,        ,        ,        ,        ,        ,      
brownro01, 1988,     1, PIT , NHL , R  , 68.0, 49.0,  66.0, 115.0, 118.0, 27.0 , 24.0, 23.0,  0.0,  0.0,  6.0, 0.0, 169.0,   11.0,   5.0,   3.0,     8.0,    22.0, -2.0   ,     1.0,     1.0,     0.0,     0.0,     3.0,    17.0
brownro01, 1989,     1, PIT , NHL , R  , 80.0, 33.0,  47.0,  80.0, 102.0, -10.0, 12.0, 12.0,  0.0,  0.0,  3.0, 0.0, 157.0,       ,      ,      ,        ,        ,        ,        ,        ,        ,        ,        ,      
brownro01, 1990,     1, PIT , NHL , R  , 25.0,  6.0,  10.0,  16.0,  31.0, 0.0  ,  2.0,     ,  0.0,  0.0,  0.0, 0.0,  32.0,       ,      ,      ,        ,        ,        ,        ,        ,        ,        ,        ,      
brownro01, 1990,     2, HAR , NHL , R  , 44.0, 18.0,  24.0,  42.0, 101.0, -7.0 , 10.0,     ,  0.0,  0.0,  2.0, 0.0,  94.0,    5.0,   1.0,   0.0,     1.0,     7.0, 2.0    ,     1.0,     0.0,     0.0,     0.0,     1.0,    10.0
brownro01, 1991,     1, HAR , NHL , C  , 42.0, 16.0,  15.0,  31.0,  39.0, -14.0, 13.0,  9.0,  0.0,  0.0,  2.0, 2.0,  65.0,       ,      ,      ,        ,        ,        ,        ,        ,        ,        ,        ,      
brownro01, 1991,     2, CHI , NHL , C  , 25.0,  5.0,  11.0,  16.0,  34.0, -1.0 ,  3.0,  5.0,  0.0,  0.0,  1.0, 0.0,  41.0,    8.0,   2.0,   4.0,     6.0,     4.0, 1.0    ,     1.0,     2.0,     0.0,     0.0,     0.0,     8.0
brownro01, 1992,     1, CHI , NHL , R  , 15.0,  1.0,   6.0,   7.0,  33.0, 6.0  ,  0.0,  1.0,  0.0,  0.0,  0.0, 0.0,  16.0,       ,      ,      ,        ,        ,        ,        ,        ,        ,        ,        ,      
brownro01, 1993,     1, DAL , NHL , R  ,  1.0,  0.0,   0.0,   0.0,   0.0, -1.0 ,  0.0,  0.0,  0.0,  0.0,  0.0, 0.0,   1.0,       ,      ,      ,        ,        ,        ,        ,        ,        ,        ,        ,      
brownro01, 1994,     1, LAK , NHL , R  ,  2.0,  0.0,   0.0,   0.0,   0.0, -2.0 ,  0.0,  0.0,  0.0,  0.0,  0.0, 0.0,   1.0,       ,      ,      ,        ,        ,        ,        ,        ,        ,        ,        ,      
brownro01, 1997,     1, PIT , NHL , R  , 82.0, 15.0,  25.0,  40.0,  59.0, -1.0 ,  4.0, 11.0,  0.0,  0.0,  4.0, 0.0, 172.0,    6.0,   1.0,   0.0,     1.0,     4.0, -4.0   ,     1.0,     0.0,     0.0,     0.0,     0.0,    10.0
brownro01, 1998,     1, PIT , NHL , R  , 58.0, 13.0,  11.0,  24.0,  16.0, -15.0,  9.0,  6.0,  0.0,  0.0,  1.0, 0.0,  78.0,   13.0,   2.0,   5.0,     7.0,     8.0, -2.0   ,     2.0,     4.0,     0.0,     0.0,     0.0,    14.0
brownro01, 1999,     1, PIT , NHL , R  , 50.0, 10.0,  13.0,  23.0,  10.0, -13.0,  4.0, 11.0,  0.0,  0.0,  3.0, 0.0,  73.0,   11.0,   1.0,   2.0,     3.0,     0.0, 1.0    ,     0.0,     1.0,     0.0,     0.0,     0.0,    17.0
brownse01, 1996,     1, EDM , NHL , D  ,  5.0,  0.0,   0.0,   0.0,   4.0, -1.0 ,  0.0,  0.0,  0.0,  0.0,  0.0, 0.0,   2.0,       ,      ,      ,        ,        ,        ,        ,        ,        ,        ,        ,      
brownse01, 1997,     1, EDM , NHL , D  , 18.0,  0.0,   1.0,   1.0,  43.0, -1.0 ,  0.0,  0.0,  0.0,  0.0,  0.0, 0.0,   9.0,       ,      ,      ,        ,        ,        ,        ,        ,        ,        ,        ,      
brownse01, 1998,     1, EDM , NHL , D  , 51.0,  0.0,   7.0,   7.0, 188.0, 1.0  ,  0.0,  1.0,  0.0,  0.0,  0.0, 0.0,  27.0,    1.0,   0.0,   0.0,     0.0,    10.0, 0.0    ,     0.0,     0.0,     0.0,     0.0,     0.0,     0.0
brownse01, 1999,     1, EDM , NHL , D  , 72.0,  4.0,   8.0,  12.0, 192.0, 1.0  ,  0.0,  1.0,  0.0,  0.0,  2.0, 0.0,  36.0,    3.0,   0.0,   0.0,     0.0,    23.0, -1.0   ,     0.0,     0.0,     0.0,     0.0,     0.0,     0.0
brownse01, 2000,     1, EDM , NHL , D  , 62.0,  2.0,   3.0,   5.0, 110.0, 2.0  ,  0.0,  0.0,  0.0,  0.0,  0.0, 0.0,  30.0,       ,      ,      ,        ,        ,        ,        ,        ,        ,        ,        ,      
brownse01, 2001,     1, EDM , NHL , D  , 61.0,  6.0,   4.0,  10.0, 127.0, 8.0  ,  3.0,  0.0,  0.0,  0.0,  1.0, 0.0,  58.0,       ,      ,      ,        ,        ,        ,        ,        ,        ,        ,        ,      
brownse01, 2001,     2, BOS , NHL , D  , 12.0,  0.0,   1.0,   1.0,  47.0, -1.0 ,  0.0,  0.0,  0.0,  0.0,  0.0, 0.0,   6.0,    4.0,   0.0,   0.0,     0.0,     2.0, 0.0    ,     0.0,     0.0,     0.0,     0.0,     0.0,     1.0
brownse01, 2002,     1, BOS , NHL , L  , 69.0,  1.0,   5.0,   6.0, 117.0, -6.0 ,  0.0,  0.0,  0.0,  0.0,  0.0, 0.0,  39.0,       ,      ,      ,        ,        ,        ,        ,        ,        ,        ,        ,      
brownse01, 2003,     1, NJD , NHL , D  , 39.0,  0.0,   3.0,   3.0,  44.0, 5.0  ,  0.0,  0.0,  0.0,  0.0,  0.0, 0.0,  25.0,    1.0,   0.0,   0.0,     0.0,     2.0, -1.0   ,     0.0,     0.0,     0.0,     0.0,     0.0,     0.0
brownse01, 2005,     1, NJD , NHL , D  , 35.0,  1.0,  11.0,  12.0,  27.0, -14.0,  0.0,  3.0,  0.0,  0.0,  0.0,    ,  37.0,       ,      ,      ,        ,        ,        ,        ,        ,        ,        ,        ,      
brownse01, 2005,     2, VAN , NHL , D  , 12.0,  0.0,   0.0,   0.0,   8.0, -3.0 ,  0.0,  0.0,  0.0,  0.0,  0.0,    ,  12.0,       ,      ,      ,        ,        ,        ,        ,        ,        ,        ,        ,      
brownst01, 1926,     1, NYR , NHL , D  , 24.0,  6.0,   2.0,   8.0,  14.0,      ,     ,     ,     ,     ,     ,    ,      ,    2.0,   0.0,   0.0,     0.0,     0.0,        ,        ,        ,        ,        ,        ,      
brownst01, 1927,     1, DTC , NHL , D  , 24.0,  2.0,   0.0,   2.0,   4.0,      ,     ,     ,     ,     ,     ,    ,      ,       ,      ,      ,        ,        ,        ,        ,        ,        ,        ,        ,      
brownwa01, 1953,     1, BOS , NHL , R  ,     ,     ,      ,      ,      ,      ,     ,     ,     ,     ,     ,    ,      ,    4.0,   0.0,   0.0,     0.0,     2.0,        ,        ,        ,        ,        ,        ,      
brubaje01, 1978,     1, NEW , WHA , L  , 12.0,  0.0,   0.0,   0.0,  19.0, -2.0 ,  0.0,     ,  0.0,     ,     ,    ,   0.0,    3.0,   0.0,   0.0,     0.0,    12.0, 0.0    ,        ,        ,        ,        ,     0.0,      
brubaje01, 1979,     1, HAR , NHL , L  ,  3.0,  0.0,   1.0,   1.0,   2.0, -2.0 ,  0.0,     ,  0.0,     ,  0.0, 0.0,   2.0,       ,      ,      ,        ,        ,        ,        ,        ,        ,        ,        ,      
brubaje01, 1980,     1, HAR , NHL , L  , 43.0,  5.0,   3.0,   8.0,  93.0, -5.0 ,  0.0,     ,  0.0,     ,  0.0, 0.0,  29.0,       ,      ,      ,        ,        ,        ,        ,        ,        ,        ,        ,      
brubaje01, 1981,     1, MTL , NHL , L  ,  3.0,  0.0,   1.0,   1.0,  32.0, 1.0  ,  0.0,     ,  0.0,     ,  0.0, 0.0,   3.0,    2.0,   0.0,   0.0,     0.0,    27.0,        ,     0.0,        ,     0.0,        ,     0.0,      
brubaje01, 1983,     1, CAL , NHL , L  ,  4.0,  0.0,   0.0,   0.0,  19.0, -1.0 ,  0.0,     ,  0.0,     ,  0.0, 0.0,   2.0,       ,      ,      ,        ,        ,        ,        ,        ,        ,        ,        ,      
brubaje01, 1984,     1, TOR , NHL , L  , 68.0,  8.0,   4.0,  12.0, 209.0, -18.0,  2.0,     ,  0.0,     ,  1.0, 0.0,  39.0,       ,      ,      ,        ,        ,        ,        ,        ,        ,        ,        ,      
brubaje01, 1985,     1, TOR , NHL , L  , 21.0,  0.0,   0.0,   0.0,  67.0, 0.0  ,  0.0,     ,  0.0,     ,  0.0, 0.0,   8.0,       ,      ,      ,        ,        ,        ,        ,        ,        ,        ,        ,      
brubaje01, 1985,     2, EDM , NHL , L  ,  4.0,  1.0,   0.0,   1.0,  12.0, 1.0  ,  0.0,     ,  0.0,     ,  0.0, 0.0,   4.0,       ,      ,      ,        ,        ,        ,        ,        ,        ,        ,        ,      
brubaje01, 1987,     1, NYR , NHL , L  , 31.0,  2.0,   0.0,   2.0,  78.0, 0.0  ,  0.0,  0.0,  0.0,  0.0,  0.0, 0.0,   9.0,       ,      ,      ,        ,        ,        ,        ,        ,        ,        ,        ,      
brubaje01, 1988,     1, DET , NHL , L  ,  1.0,  0.0,   0.0,   0.0,   0.0, 0.0  ,  0.0,  0.0,  0.0,  0.0,  0.0, 0.0,   0.0,       ,      ,      ,        ,        ,        ,        ,        ,        ,        ,        ,      
bruceda01, 1985,     1, VAN , NHL , R  , 12.0,  0.0,   1.0,   1.0,  14.0, -2.0 ,  0.0,     ,  0.0,     ,  0.0, 0.0,  17.0,    1.0,   0.0,   0.0,     0.0,     0.0, 0.0    ,     0.0,        ,     0.0,        ,     0.0,     0.0
bruceda01, 1986,     1, VAN , NHL , R  , 50.0,  9.0,   7.0,  16.0, 109.0, 2.0  ,  0.0,     ,  0.0,     ,  2.0, 0.0,  76.0,       ,      ,      ,        ,        ,        ,        ,        ,        ,        ,        ,      
bruceda01, 1987,     1, VAN , NHL , R  , 28.0,  7.0,   3.0,  10.0,  57.0, -6.0 ,  1.0,  1.0,  0.0,  0.0,  0.0, 0.0,  46.0,       ,      ,      ,        ,        ,        ,        ,        ,        ,        ,        ,      
bruceda01, 1988,     1, VAN , NHL , R  , 53.0,  7.0,   7.0,  14.0,  65.0, -16.0,  1.0,  3.0,  0.0,  0.0,  2.0, 0.0,  86.0,       ,      ,      ,        ,        ,        ,        ,        ,        ,        ,        ,      
bruceda01, 1990,     1, STL , NHL , R  , 12.0,  1.0,   2.0,   3.0,  14.0, 1.0  ,  0.0,  0.0,  0.0,  0.0,  0.0, 0.0,  23.0,    2.0,   0.0,   0.0,     0.0,     2.0, 0.0    ,     0.0,     0.0,     0.0,     0.0,     0.0,     1.0
bruceda01, 1991,     1, SJS , NHL , R  , 60.0, 22.0,  16.0,  38.0,  46.0, -20.0, 10.0,  3.0,  1.0,  0.0,  1.0, 0.0, 137.0,       ,      ,      ,        ,        ,        ,        ,        ,        ,        ,        ,      
bruceda01, 1992,     1, SJS , NHL , R  , 17.0,  2.0,   3.0,   5.0,  33.0, -14.0,  2.0,  2.0,  0.0,  0.0,  0.0, 0.0,  36.0,       ,      ,      ,        ,        ,        ,        ,        ,        ,        ,        ,      
bruceda01, 1993,     1, SJS , NHL , L  ,  2.0,  0.0,   0.0,   0.0,   0.0, -2.0 ,  0.0,  0.0,  0.0,  0.0,  0.0, 0.0,   5.0,       ,      ,      ,        ,        ,        ,        ,        ,        ,        ,        ,      
brucego01, 1940,     1, BOS , NHL , L  ,  8.0,  0.0,   1.0,   1.0,   2.0,      ,     ,     ,     ,     ,     ,    ,      ,    2.0,   0.0,   0.0,     0.0,     0.0,        ,        ,        ,        ,        ,        ,      
brucego01, 1941,     1, BOS , NHL , L  , 15.0,  4.0,   8.0,  12.0,  11.0,      ,     ,     ,     ,     ,     ,    ,      ,    5.0,   2.0,   3.0,     5.0,     4.0,        ,        ,        ,        ,        ,        ,      
brucego01, 1945,     1, BOS , NHL , L  ,  5.0,  0.0,   0.0,   0.0,   0.0,      ,     ,     ,     ,     ,     ,    ,      ,       ,      ,      ,        ,        ,        ,        ,        ,        ,        ,        ,      
brucemo01, 1917,     1, OTS , NHL , D  ,  7.0,  0.0,   0.0,   0.0,   0.0,      ,     ,     ,     ,     ,  0.0,    ,      ,       ,      ,      ,        ,        ,        ,        ,        ,        ,        ,        ,      
brucemo01, 1919,     1, OTS , NHL , F  , 21.0,  1.0,   1.0,   2.0,   2.0,      ,     ,     ,     ,     ,     ,    ,      ,       ,      ,      ,        ,        ,        ,        ,        ,        ,        ,        ,      
brucemo01, 1920,     1, OTS , NHL , F  , 21.0,  3.0,   1.0,   4.0,  23.0,      ,     ,     ,     ,     ,     ,    ,      ,    2.0,   0.0,   0.0,     0.0,     2.0,        ,        ,        ,        ,        ,        ,      
brucemo01, 1921,     1, OTS , NHL , D  , 22.0,  4.0,   1.0,   5.0,   2.0,      ,     ,     ,     ,     ,     ,    ,      ,    1.0,   0.0,   0.0,     0.0,     0.0,        ,        ,        ,        ,        ,        ,      
brulegi01, 2005,     1, CBS , NHL , C  ,  7.0,  2.0,   2.0,   4.0,   0.0, -2.0 ,  0.0,  1.0,  0.0,  0.0,  0.0,    ,  11.0,       ,      ,      ,        ,        ,        ,        ,        ,        ,        ,        ,      
brulegi01, 2006,     1, CBS , NHL , C  , 78.0,  9.0,  10.0,  19.0,  28.0, -21.0,  3.0,  4.0,  0.0,  0.0,  0.0,    ,  98.0,       ,      ,      ,        ,        ,        ,        ,        ,        ,        ,        ,      
brulegi01, 2007,     1, CBS , NHL , C  , 61.0,  1.0,   8.0,   9.0,  24.0, -4.0 ,  0.0,  1.0,  0.0,  0.0,  1.0,    ,  74.0,       ,      ,      ,        ,        ,        ,        ,        ,        ,        ,        ,      
brulegi01, 2008,     1, EDM , NHL , C  , 11.0,  2.0,   1.0,   3.0,  12.0, -3.0 ,  0.0,  0.0,  0.0,  0.0,  1.0,    ,  13.0,       ,      ,      ,        ,        ,        ,        ,        ,        ,        ,        ,      
brulegi01, 2009,     1, EDM , NHL , C  , 65.0, 17.0,  20.0,  37.0,  38.0, -8.0 ,  2.0,  3.0,  0.0,  0.0,  3.0,    , 121.0,       ,      ,      ,        ,        ,        ,        ,        ,        ,        ,        ,      
brulest01, 1999,     1, NJD , NHL , C  ,     ,     ,      ,      ,      ,      ,     ,     ,     ,     ,     ,    ,      ,    1.0,   0.0,   0.0,     0.0,     0.0, 0.0    ,     0.0,     0.0,     0.0,     0.0,     0.0,     0.0
brulest01, 2002,     1, COL , NHL , C  ,  2.0,  0.0,   0.0,   0.0,   0.0, 0.0  ,  0.0,  0.0,  0.0,  0.0,  0.0, 0.0,   2.0,       ,      ,      ,        ,        ,        ,        ,        ,        ,        ,        ,      
brumwmu01, 1980,     1, MNS , NHL , D  ,  1.0,  0.0,   0.0,   0.0,   0.0, 1.0  ,  0.0,     ,  0.0,     ,  0.0, 0.0,   0.0,       ,      ,      ,        ,        ,        ,        ,        ,        ,        ,        ,      
brumwmu01, 1981,     1, MNS , NHL , D  , 21.0,  0.0,   3.0,   3.0,  18.0, 0.0  ,  0.0,     ,  0.0,     ,  0.0, 0.0,  12.0,    2.0,   0.0,   0.0,     0.0,     2.0,        ,     0.0,        ,     0.0,        ,     0.0,      
brumwmu01, 1982,     1, NJD , NHL , D  , 59.0,  5.0,  14.0,  19.0,  34.0, -20.0,  1.0,     ,  0.0,     ,  0.0, 0.0,  61.0,       ,      ,      ,        ,        ,        ,        ,        ,        ,        ,        ,      
brumwmu01, 1983,     1, NJD , NHL , D  , 42.0,  7.0,  13.0,  20.0,  14.0, -5.0 ,  5.0,     ,  0.0,     ,  0.0, 0.0,  55.0,       ,      ,      ,        ,        ,        ,        ,        ,        ,        ,        ,      
brumwmu01, 1985,     1, NJD , NHL , D  ,  1.0,  0.0,   0.0,   0.0,   0.0, -1.0 ,  0.0,     ,  0.0,     ,  0.0, 0.0,   3.0,       ,      ,      ,        ,        ,        ,        ,        ,        ,        ,        ,      
brumwmu01, 1986,     1, NJD , NHL , D  ,  1.0,  0.0,   0.0,   0.0,   2.0, 1.0  ,  0.0,     ,  0.0,     ,  0.0, 0.0,   2.0,       ,      ,      ,        ,        ,        ,        ,        ,        ,        ,        ,      
brumwmu01, 1987,     1, NJD , NHL , D  ,  3.0,  0.0,   1.0,   1.0,   2.0, 0.0  ,  0.0,  0.0,  0.0,  0.0,  0.0, 0.0,   4.0,       ,      ,      ,        ,        ,        ,        ,        ,        ,        ,        ,      
bruncbe01, 1978,     1, CZE , WHA ,    ,  6.0,  2.0,   3.0,   5.0,   4.0,      ,     ,     ,     ,     ,     ,    ,      ,       ,      ,      ,        ,        ,        ,        ,        ,        ,        ,        ,      
brunean01, 1995,     1, WAS , NHL , L  , 11.0,  3.0,   3.0,   6.0,   0.0, 5.0  ,  0.0,  0.0,  0.0,  0.0,  1.0, 0.0,  16.0,    6.0,   1.0,   3.0,     4.0,     0.0, -5.0   ,     0.0,     3.0,     0.0,     0.0,     0.0,     7.0
brunean01, 1996,     1, WAS , NHL , L  , 23.0,  4.0,   7.0,  11.0,  12.0, -3.0 ,  2.0,  3.0,  0.0,  0.0,  0.0, 0.0,  23.0,       ,      ,      ,        ,        ,        ,        ,        ,        ,        ,        ,      
brunean01, 1997,     1, WAS , NHL , L  , 28.0, 11.0,  12.0,  23.0,  12.0, 2.0  ,  4.0,  4.0,  0.0,  0.0,  2.0, 2.0,  42.0,       ,      ,      ,        ,        ,        ,        ,        ,        ,        ,        ,      
brunean01, 1998,     1, NAS , NHL , L  , 77.0, 11.0,  20.0,  31.0,  26.0, -10.0,  7.0,  6.0,  0.0,  0.0,  1.0, 0.0,  65.0,       ,      ,      ,        ,        ,        ,        ,        ,        ,        ,        ,      
brunean01, 1999,     1, ATL , NHL , L  , 81.0, 23.0,  27.0,  50.0,  30.0, -32.0,  9.0, 12.0,  0.0,  0.0,  2.0, 1.0, 107.0,       ,      ,      ,        ,        ,        ,        ,        ,        ,        ,        ,      
brunean01, 2000,     1, ATL , NHL , L  , 77.0, 15.0,  44.0,  59.0,  26.0, -5.0 ,  6.0, 16.0,  0.0,  0.0,  4.0, 1.0, 104.0,       ,      ,      ,        ,        ,        ,        ,        ,        ,        ,        ,      
brunean01, 2001,     1, MIN , NHL , L  , 81.0, 21.0,  48.0,  69.0,  18.0, -4.0 , 10.0, 22.0,  0.0,  0.0,  2.0, 1.0, 106.0,       ,      ,      ,        ,        ,        ,        ,        ,        ,        ,        ,      
brunean01, 2002,     1, MIN , NHL , L  , 82.0, 18.0,  28.0,  46.0,  30.0, -10.0,  9.0, 15.0,  0.0,  0.0,  2.0, 3.0,  97.0,   18.0,   7.0,   6.0,    13.0,     4.0, -3.0   ,     4.0,     4.0,     0.0,     0.0,     1.0,    33.0
brunean01, 2003,     1, MIN , NHL , R  , 82.0, 15.0,  34.0,  49.0,  12.0, 3.0  ,  7.0, 12.0,  0.0,  0.0,  3.0, 1.0,  90.0,       ,      ,      ,        ,        ,        ,        ,        ,        ,        ,        ,      
brunean01, 2005,     1, COL , NHL , L  , 82.0, 24.0,  39.0,  63.0,  48.0, 9.0  , 11.0, 17.0,  0.0,  0.0,  2.0,    , 129.0,    9.0,   3.0,   6.0,     9.0,     8.0, -2.0   ,     1.0,     1.0,     0.0,     0.0,     1.0,    15.0
brunean01, 2006,     1, COL , NHL , L  , 82.0, 27.0,  56.0,  83.0,  36.0, -8.0 ,  9.0, 27.0,  0.0,  0.0,  2.0,    , 173.0,       ,      ,      ,        ,        ,        ,        ,        ,        ,        ,        ,      
brunean01, 2007,     1, COL , NHL , L  , 82.0, 19.0,  40.0,  59.0,  14.0, 5.0  ,  7.0,  9.0,  0.0,  0.0,  2.0,    , 125.0,   10.0,   5.0,   3.0,     8.0,     2.0, -5.0   ,     3.0,     2.0,     0.0,     0.0,     0.0,    18.0
brunean01, 2008,     1, MIN , NHL , L  , 80.0, 22.0,  28.0,  50.0,  18.0, -5.0 ,  9.0,  9.0,  0.0,  0.0,  3.0,    , 118.0,       ,      ,      ,        ,        ,        ,        ,        ,        ,        ,        ,      
brunean01, 2009,     1, MIN , NHL , L  , 82.0, 25.0,  36.0,  61.0,  12.0, -5.0 , 12.0, 13.0,  0.0,  0.0,  3.0,    , 129.0,       ,      ,      ,        ,        ,        ,        ,        ,        ,        ,        ,      
brunebe01, 1988,     1, MTL , NHL , L  ,  2.0,  0.0,   1.0,   1.0,   0.0, 0.0  ,  0.0,  0.0,  0.0,  0.0,  0.0, 0.0,   1.0,       ,      ,      ,        ,        ,        ,        ,        ,        ,        ,        ,      
brunebe01, 1990,     1, MTL , NHL , L  , 17.0,  1.0,   3.0,   4.0,   0.0, -1.0 ,  0.0,  0.0,  0.0,  0.0,  0.0, 0.0,  12.0,       ,      ,      ,        ,        ,        ,        ,        ,        ,        ,        ,      
brunebe01, 1991,     1, MTL , NHL , L  , 18.0,  4.0,   6.0,  10.0,  14.0, 4.0  ,  0.0,  3.0,  0.0,  0.0,  0.0, 0.0,  37.0,       ,      ,      ,        ,        ,        ,        ,        ,        ,        ,        ,      
brunebe01, 1992,     1, MTL , NHL , L  , 47.0, 10.0,  15.0,  25.0,  19.0, 13.0 ,  0.0,  1.0,  0.0,  0.0,  1.0, 1.0,  71.0,   20.0,   2.0,   8.0,    10.0,     8.0, 1.0    ,     1.0,     1.0,     0.0,     0.0,     1.0,    36.0
brunebe01, 1993,     1, MTL , NHL , L  , 71.0, 10.0,  20.0,  30.0,  20.0, 14.0 ,  0.0,  0.0,  3.0,  1.0,  1.0, 0.0,  92.0,    7.0,   1.0,   4.0,     5.0,    16.0, 1.0    ,     0.0,     0.0,     0.0,     0.0,     0.0,    13.0
brunebe01, 1994,     1, MTL , NHL , L  , 45.0,  7.0,  18.0,  25.0,  16.0, 7.0  ,  1.0,  1.0,  1.0,  0.0,  2.0, 1.0,  80.0,       ,      ,      ,        ,        ,        ,        ,        ,        ,        ,        ,      
brunebe01, 1995,     1, MTL , NHL , L  , 26.0,  7.0,   8.0,  15.0,  17.0, -4.0 ,  3.0,  3.0,  1.0,  0.0,  4.0, 0.0,  48.0,    3.0,   0.0,   2.0,     2.0,     0.0, 1.0    ,     0.0,     0.0,     0.0,     0.0,     0.0,    10.0
brunebe01, 1996,     1, MTL , NHL , L  , 39.0, 10.0,  13.0,  23.0,  14.0, 6.0  ,  2.0,  1.0,  0.0,  1.0,  2.0, 1.0,  63.0,    4.0,   1.0,   3.0,     4.0,     4.0, 4.0    ,     0.0,     0.0,     1.0,     0.0,     0.0,     8.0
brunebe01, 1997,     1, MTL , NHL , L  , 68.0, 12.0,  20.0,  32.0,  61.0, 11.0 ,  1.0,  3.0,  2.0,  2.0,  2.0, 1.0,  87.0,    8.0,   1.0,   0.0,     1.0,     4.0, 1.0    ,     0.0,     0.0,     0.0,     0.0,     1.0,     5.0
brunebe01, 1998,     1, MTL , NHL , L  , 60.0, 14.0,  17.0,  31.0,  31.0, -1.0 ,  4.0,  2.0,  2.0,  1.0,  0.0, 0.0, 115.0,       ,      ,      ,        ,        ,        ,        ,        ,        ,        ,        ,      
brunebe01, 1999,     1, MTL , NHL , L  , 50.0, 14.0,  15.0,  29.0,  13.0, 3.0  ,  6.0,  5.0,  1.0,  0.0,  2.0, 0.0, 103.0,       ,      ,      ,        ,        ,        ,        ,        ,        ,        ,        ,      
brunebe01, 2000,     1, MTL , NHL , R  , 35.0,  3.0,  11.0,  14.0,  12.0, -4.0 ,  0.0,  4.0,  0.0,  0.0,  0.0, 0.0,  61.0,       ,      ,      ,        ,        ,        ,        ,        ,        ,        ,        ,      
brunebe01, 2001,     1, MTL , NHL , L  , 16.0,  0.0,   2.0,   2.0,   4.0, -4.0 ,  0.0,  0.0,  0.0,  0.0,  0.0, 0.0,  19.0,       ,      ,      ,        ,        ,        ,        ,        ,        ,        ,        ,      
brunebe01, 2001,     2, DAL , NHL , L  , 32.0,  4.0,   9.0,  13.0,   8.0, 5.0  ,  0.0,  0.0,  1.0,  0.0,  1.0, 0.0,  33.0,       ,      ,      ,        ,        ,        ,        ,        ,        ,        ,        ,      
brunebe01, 2001,     3, OTT , NHL , L  , 13.0,  5.0,   3.0,   8.0,   0.0, -4.0 ,  1.0,  1.0,  0.0,  0.0,  2.0, 0.0,  20.0,   12.0,   0.0,   3.0,     3.0,     0.0, 8.0    ,     0.0,     0.0,     0.0,     0.0,     0.0,    12.0
bruneed01, 1940,     1, DET , NHL , R  , 11.0,  1.0,   1.0,   2.0,   2.0,      ,     ,     ,     ,     ,     ,    ,      ,    3.0,   0.0,   0.0,     0.0,     0.0,        ,        ,        ,        ,        ,        ,      
bruneed01, 1943,     1, DET , NHL , R  ,  2.0,  0.0,   1.0,   1.0,   0.0,      ,     ,     ,     ,     ,     ,    ,      ,       ,      ,      ,        ,        ,        ,        ,        ,        ,        ,        ,      
bruneed01, 1944,     1, DET , NHL , L  , 42.0, 12.0,  13.0,  25.0,   6.0,      ,     ,     ,     ,     ,     ,    ,      ,   14.0,   5.0,   2.0,     7.0,     0.0,        ,        ,        ,        ,        ,        ,      
bruneed01, 1945,     1, DET , NHL , R  , 46.0, 17.0,  12.0,  29.0,  11.0,      ,     ,     ,     ,     ,     ,    ,      ,    4.0,   1.0,   0.0,     1.0,     0.0,        ,        ,        ,        ,        ,        ,      
bruneed01, 1946,     1, DET , NHL , R  , 60.0,  9.0,  14.0,  23.0,  14.0,      ,     ,     ,     ,     ,     ,    ,      ,    4.0,   1.0,   4.0,     5.0,     0.0,        ,        ,        ,        ,        ,        ,      
bruneed01, 1947,     1, DET , NHL , R  , 18.0,  1.0,   1.0,   2.0,   2.0,      ,     ,     ,     ,     ,     ,    ,      ,    6.0,   0.0,   0.0,     0.0,     0.0,        ,        ,        ,        ,        ,        ,      
bruneed01, 1948,     1, DET , NHL , R  ,  1.0,  0.0,   0.0,   0.0,   0.0,      ,     ,     ,     ,     ,     ,    ,      ,       ,      ,      ,        ,        ,        ,        ,        ,        ,        ,        ,      
brunema01, 1987,     1, QUE , NHL , G  , 29.0,  0.0,   0.0,   0.0,  16.0, 0.0  ,  0.0,  0.0,  0.0,  0.0,  0.0, 0.0,   0.0,       ,      ,      ,        ,        ,        ,        ,        ,        ,        ,        ,      
brunema01, 1988,     1, QUE , NHL , G  ,  5.0,  0.0,   0.0,   0.0,   0.0, 0.0  ,  0.0,  0.0,  0.0,  0.0,  0.0, 0.0,   0.0,       ,      ,      ,        ,        ,        ,        ,        ,        ,        ,        ,      
brunema01, 1989,     1, QUE , NHL , G  ,  6.0,  0.0,   0.0,   0.0,   0.0, 0.0  ,  0.0,  0.0,  0.0,  0.0,  0.0, 0.0,   0.0,       ,      ,      ,        ,        ,        ,        ,        ,        ,        ,        ,      
brunemu01, 1935,     1, DET , NHL , R  , 24.0,  2.0,   0.0,   2.0,   2.0,      ,     ,     ,     ,     ,     ,    ,      ,    7.0,   2.0,   2.0,     4.0,     4.0,        ,        ,        ,        ,        ,        ,      
brunemu01, 1936,     1, DET , NHL , R  , 42.0,  9.0,   7.0,  16.0,  18.0,      ,     ,     ,     ,     ,     ,    ,      ,   10.0,   2.0,   0.0,     2.0,     6.0,        ,        ,        ,        ,        ,        ,      
brunemu01, 1937,     1, DET , NHL , R  , 24.0,  3.0,   6.0,   9.0,  16.0,      ,     ,     ,     ,     ,     ,    ,      ,       ,      ,      ,        ,        ,        ,        ,        ,        ,        ,        ,      
brunemu01, 1938,     1, DET , NHL , R  , 20.0,  3.0,   7.0,  10.0,   0.0,      ,     ,     ,     ,     ,     ,    ,      ,    6.0,   0.0,   0.0,     0.0,     0.0,        ,        ,        ,        ,        ,        ,      
brunemu01, 1939,     1, DET , NHL , R  , 48.0, 10.0,  14.0,  24.0,  10.0,      ,     ,     ,     ,     ,     ,    ,      ,    5.0,   3.0,   2.0,     5.0,     0.0,        ,        ,        ,        ,        ,        ,      
brunemu01, 1940,     1, DET , NHL , R  , 45.0, 11.0,  17.0,  28.0,  12.0,      ,     ,     ,     ,     ,     ,    ,      ,    9.0,   2.0,   1.0,     3.0,     2.0,        ,        ,        ,        ,        ,        ,      
brunemu01, 1941,     1, DET , NHL , R  , 48.0, 14.0,  19.0,  33.0,   8.0,      ,     ,     ,     ,     ,     ,    ,      ,   12.0,   5.0,   1.0,     6.0,     6.0,        ,        ,        ,        ,        ,        ,      
brunemu01, 1942,     1, DET , NHL , R  , 50.0, 23.0,  22.0,  45.0,   2.0,      ,     ,     ,     ,     ,     ,    ,      ,    9.0,   5.0,   4.0,     9.0,     0.0,        ,        ,        ,        ,        ,        ,      
brunemu01, 1943,     1, DET , NHL , R  , 39.0, 35.0,  18.0,  53.0,   4.0,      ,     ,     ,     ,     ,     ,    ,      ,    5.0,   1.0,   2.0,     3.0,     2.0,        ,        ,        ,        ,        ,        ,      
brunemu01, 1944,     1, DET , NHL , R  , 43.0, 23.0,  24.0,  47.0,   6.0,      ,     ,     ,     ,     ,     ,    ,      ,   14.0,   3.0,   2.0,     5.0,     2.0,        ,        ,        ,        ,        ,        ,      
brunemu01, 1945,     1, DET , NHL , R  , 28.0,  6.0,   4.0,  10.0,   2.0,      ,     ,     ,     ,     ,     ,    ,      ,       ,      ,      ,        ,        ,        ,        ,        ,        ,        ,        ,      
brunnfa01, 2008,     1, DAL , NHL , L  , 55.0, 17.0,  12.0,  29.0,   8.0, -8.0 ,  4.0,  2.0,  0.0,  0.0,  5.0,    ,  81.0,       ,      ,      ,        ,        ,        ,        ,        ,        ,        ,        ,      
brunnfa01, 2009,     1, DAL , NHL , L  , 44.0,  2.0,   9.0,  11.0,  10.0, -3.0 ,  0.0,  1.0,  0.0,  0.0,  0.0,    ,  38.0,       ,      ,      ,        ,        ,        ,        ,        ,        ,        ,        ,      
brustba01, 2006,     1, LAK , NHL , G  , 11.0,  0.0,   0.0,   0.0,   0.0, 0.0  ,  0.0,  0.0,  0.0,  0.0,  0.0,    ,   0.0,       ,      ,      ,        ,        ,        ,        ,        ,        ,        ,        ,      
brydgbi01, 1926,     1, TRS , NHL , D  , 41.0,  6.0,   3.0,   9.0,  76.0,      ,     ,     ,     ,     ,     ,    ,      ,       ,      ,      ,        ,        ,        ,        ,        ,        ,        ,        ,      
brydgbi01, 1928,     1, DTC , NHL , D  , 31.0,  2.0,   2.0,   4.0,  59.0,      ,     ,     ,     ,     ,     ,    ,      ,    2.0,   0.0,   0.0,     0.0,     4.0,        ,        ,        ,        ,        ,        ,      
brydgbi01, 1929,     1, NYA , NHL , D  , 41.0,  2.0,   6.0,   8.0,  64.0,      ,     ,     ,     ,     ,     ,    ,      ,       ,      ,      ,        ,        ,        ,        ,        ,        ,        ,        ,      
brydgbi01, 1930,     1, NYA , NHL , D  , 43.0,  2.0,   5.0,   7.0,  70.0,      ,     ,     ,     ,     ,     ,    ,      ,       ,      ,      ,        ,        ,        ,        ,        ,        ,        ,        ,      
brydgbi01, 1931,     1, NYA , NHL , D  , 48.0,  2.0,   8.0,  10.0,  77.0,      ,     ,     ,     ,     ,     ,    ,      ,       ,      ,      ,        ,        ,        ,        ,        ,        ,        ,        ,      
brydgbi01, 1932,     1, NYA , NHL , D  , 48.0,  4.0,  15.0,  19.0,  60.0,      ,     ,     ,     ,     ,     ,    ,      ,       ,      ,      ,        ,        ,        ,        ,        ,        ,        ,        ,      
brydgbi01, 1933,     1, NYA , NHL , D  , 48.0,  6.0,   7.0,  13.0,  44.0,      ,     ,     ,     ,     ,     ,    ,      ,       ,      ,      ,        ,        ,        ,        ,        ,        ,        ,        ,      
brydgbi01, 1934,     1, NYA , NHL , D  , 47.0,  2.0,   6.0,   8.0,  29.0,      ,     ,     ,     ,     ,     ,    ,      ,       ,      ,      ,        ,        ,        ,        ,        ,        ,        ,        ,      
brydgbi01, 1935,     1, NYA , NHL , D  , 21.0,  0.0,   0.0,   0.0,  27.0,      ,     ,     ,     ,     ,     ,    ,      ,       ,      ,      ,        ,        ,        ,        ,        ,        ,        ,        ,      
brydgpa01, 1986,     1, BUF , NHL , C  , 15.0,  2.0,   2.0,   4.0,   6.0, 4.0  ,  0.0,     ,  0.0,     ,  0.0, 0.0,   8.0,       ,      ,      ,        ,        ,        ,        ,        ,        ,        ,        ,      
brydsgl01, 1930,     1, MTM , NHL , R  , 14.0,  0.0,   0.0,   0.0,   4.0,      ,     ,     ,     ,     ,     ,    ,      ,    2.0,   0.0,   0.0,     0.0,     0.0,        ,        ,        ,        ,        ,        ,      
brydsgl01, 1931,     1, MTM , NHL , R  , 47.0, 10.0,  13.0,  23.0,  44.0,      ,     ,     ,     ,     ,     ,    ,      ,    4.0,   0.0,   0.0,     0.0,     4.0,        ,        ,        ,        ,        ,        ,      
brydsgl01, 1932,     1, MTM , NHL , R  , 48.0, 11.0,  17.0,  28.0,  26.0,      ,     ,     ,     ,     ,     ,    ,      ,    2.0,   0.0,   0.0,     0.0,     0.0,        ,        ,        ,        ,        ,        ,      
brydsgl01, 1933,     1, MTM , NHL , R  , 37.0,  4.0,   5.0,   9.0,  19.0,      ,     ,     ,     ,     ,     ,    ,      ,    1.0,   0.0,   0.0,     0.0,     0.0,        ,        ,        ,        ,        ,        ,      
brydsgl01, 1934,     1, STE , NHL , R  , 48.0, 11.0,  18.0,  29.0,  45.0,      ,     ,     ,     ,     ,     ,    ,      ,       ,      ,      ,        ,        ,        ,        ,        ,        ,        ,        ,      
brydsgl01, 1935,     1, NYR , NHL , R  , 30.0,  4.0,  12.0,  16.0,   7.0,      ,     ,     ,     ,     ,     ,    ,      ,       ,      ,      ,        ,        ,        ,        ,        ,        ,        ,        ,      
brydsgl01, 1935,     2, CHI , NHL , R  , 22.0,  6.0,   4.0,  10.0,  32.0,      ,     ,     ,     ,     ,     ,    ,      ,    2.0,   0.0,   0.0,     0.0,     4.0,        ,        ,        ,        ,        ,        ,      
brydsgl01, 1936,     1, CHI , NHL , R  , 34.0,  7.0,   7.0,  14.0,  20.0,      ,     ,     ,     ,     ,     ,    ,      ,       ,      ,      ,        ,        ,        ,        ,        ,        ,        ,        ,      
brydsgl01, 1937,     1, CHI , NHL , R  , 19.0,  1.0,   3.0,   4.0,   6.0,      ,     ,     ,     ,     ,     ,    ,      ,       ,      ,      ,        ,        ,        ,        ,        ,        ,        ,        ,      
brydsgo01, 1929,     1, TOR , NHL , F  ,  8.0,  2.0,   0.0,   2.0,   8.0,      ,     ,     ,     ,     ,     ,    ,      ,       ,      ,      ,        ,        ,        ,        ,        ,        ,        ,        ,      
brylise01, 1994,     1, NJD , NHL , C  , 26.0,  6.0,   8.0,  14.0,   8.0, 12.0 ,  0.0,  4.0,  0.0,  0.0,  0.0, 0.0,  41.0,   12.0,   1.0,   2.0,     3.0,     4.0, 1.0    ,     0.0,     0.0,     0.0,     0.0,     0.0,    11.0
brylise01, 1995,     1, NJD , NHL , C  , 50.0,  4.0,   5.0,   9.0,  26.0, -2.0 ,  0.0,  0.0,  0.0,  0.0,  1.0, 0.0,  51.0,       ,      ,      ,        ,        ,        ,        ,        ,        ,        ,        ,      
brylise01, 1996,     1, NJD , NHL , C  , 29.0,  2.0,   2.0,   4.0,  20.0, -13.0,  0.0,  0.0,  0.0,  0.0,  0.0, 0.0,  34.0,       ,      ,      ,        ,        ,        ,        ,        ,        ,        ,        ,      
brylise01, 1997,     1, NJD , NHL , C  , 18.0,  2.0,   3.0,   5.0,   0.0, 4.0  ,  0.0,  0.0,  0.0,  0.0,  0.0, 1.0,  20.0,       ,      ,      ,        ,        ,        ,        ,        ,        ,        ,        ,      
brylise01, 1998,     1, NJD , NHL , C  , 47.0,  5.0,  10.0,  15.0,  28.0, 8.0  ,  3.0,  0.0,  0.0,  0.0,  1.0, 0.0,  51.0,    5.0,   3.0,   1.0,     4.0,     4.0, 2.0    ,     1.0,     0.0,     0.0,     0.0,     1.0,    12.0
brylise01, 1999,     1, NJD , NHL , C  , 64.0,  9.0,  11.0,  20.0,  20.0, 0.0  ,  1.0,  1.0,  0.0,  0.0,  1.0, 0.0,  84.0,   17.0,   3.0,   5.0,     8.0,     0.0, 2.0    ,     0.0,     0.0,     0.0,     0.0,     0.0,    24.0
brylise01, 2000,     1, NJD , NHL , L  , 75.0, 23.0,  29.0,  52.0,  24.0, 25.0 ,  3.0,  6.0,  1.0,  0.0,  0.0, 2.0, 130.0,   20.0,   3.0,   4.0,     7.0,     6.0, 1.0    ,     1.0,     0.0,     0.0,     0.0,     1.0,    23.0
brylise01, 2001,     1, NJD , NHL , L  , 76.0, 16.0,  28.0,  44.0,  10.0, 21.0 ,  5.0,  2.0,  0.0,  0.0,  3.0, 0.0, 133.0,    6.0,   0.0,   2.0,     2.0,     2.0, 3.0    ,     0.0,     0.0,     0.0,     0.0,     0.0,    15.0
brylise01, 2002,     1, NJD , NHL , L  , 52.0, 11.0,   8.0,  19.0,  16.0, -2.0 ,  3.0,  1.0,  1.0,  1.0,  1.0, 0.0,  86.0,   19.0,   1.0,   3.0,     4.0,     8.0, -4.0   ,     0.0,     0.0,     0.0,     0.0,     1.0,    25.0
brylise01, 2003,     1, NJD , NHL , C  , 82.0, 14.0,  19.0,  33.0,  20.0, 10.0 ,  7.0,  4.0,  0.0,  2.0,  1.0, 1.0,  98.0,    5.0,   0.0,   0.0,     0.0,     0.0, 0.0    ,     0.0,     0.0,     0.0,     0.0,     0.0,     9.0
brylise01, 2005,     1, NJD , NHL , L  , 82.0, 15.0,  22.0,  37.0,  46.0, -4.0 ,  4.0,  9.0,  0.0,  0.0,  3.0,    , 126.0,    9.0,   2.0,   0.0,     2.0,     2.0, 5.0    ,     0.0,     0.0,     0.0,     0.0,     0.0,    14.0
brylise01, 2006,     1, NJD , NHL , C  , 82.0, 16.0,  24.0,  40.0,  35.0, -5.0 ,  8.0,  7.0,  0.0,  1.0,  2.0,    ,  97.0,   11.0,   1.0,   2.0,     3.0,     6.0, -8.0   ,     1.0,     0.0,     0.0,     0.0,     0.0,    13.0
brylise01, 2007,     1, NJD , NHL , C  , 82.0,  6.0,  10.0,  16.0,  20.0, -5.0 ,  0.0,  1.0,  0.0,  1.0,  1.0,    ,  65.0,    5.0,   1.0,   0.0,     1.0,     0.0, 0.0    ,     0.0,     0.0,     0.0,     0.0,     0.0,     4.0
bryzgil01, 2001,     1, ANA , NHL , G  ,  1.0,  0.0,   0.0,   0.0,   0.0, 0.0  ,  0.0,  0.0,  0.0,  0.0,  0.0, 0.0,   0.0,       ,      ,      ,        ,        ,        ,        ,        ,        ,        ,        ,      
bryzgil01, 2003,     1, ANA , NHL , G  ,  1.0,  0.0,   0.0,   0.0,   0.0, 0.0  ,  0.0,  0.0,  0.0,  0.0,  0.0, 0.0,   0.0,       ,      ,      ,        ,        ,        ,        ,        ,        ,        ,        ,      
bryzgil01, 2005,     1, ANA , NHL , G  , 31.0,  0.0,   2.0,   2.0,   4.0, 0.0  ,  0.0,  2.0,  0.0,  0.0,  0.0,    ,   0.0,   11.0,   0.0,   0.0,     0.0,     2.0, 0.0    ,     0.0,     0.0,     0.0,     0.0,     0.0,     0.0
bryzgil01, 2006,     1, AND , NHL , G  , 27.0,  0.0,   0.0,   0.0,   0.0, 0.0  ,  0.0,  0.0,  0.0,  0.0,  0.0,    ,   0.0,    5.0,   0.0,   0.0,     0.0,     0.0, 0.0    ,     0.0,     0.0,     0.0,     0.0,     0.0,     0.0
bryzgil01, 2007,     1, AND , NHL , G  ,  9.0,  0.0,   0.0,   0.0,   0.0, 0.0  ,  0.0,  0.0,  0.0,  0.0,  0.0,    ,   0.0,       ,      ,      ,        ,        ,        ,        ,        ,        ,        ,        ,      
bryzgil01, 2007,     2, PHO , NHL , G  , 55.0,  0.0,   0.0,   0.0,   2.0, 0.0  ,  0.0,  0.0,  0.0,  0.0,  0.0,    ,   0.0,       ,      ,      ,        ,        ,        ,        ,        ,        ,        ,        ,      
bryzgil01, 2008,     1, PHO , NHL , G  , 65.0,  0.0,   2.0,   2.0,   4.0, 0.0  ,  0.0,  1.0,  0.0,  0.0,  0.0,    ,   0.0,       ,      ,      ,        ,        ,        ,        ,        ,        ,        ,        ,      
bryzgil01, 2009,     1, PHO , NHL , G  , 69.0,  0.0,   1.0,   1.0,   4.0, 0.0  ,  0.0,  0.0,  0.0,  0.0,  0.0,    ,   0.0,    7.0,   0.0,   0.0,     0.0,     0.0, 0.0    ,     0.0,     0.0,     0.0,     0.0,     0.0,     0.0
bublaji01, 1981,     1, VAN , NHL , D  , 23.0,  1.0,   1.0,   2.0,  16.0, 8.0  ,  0.0,     ,  0.0,     ,  0.0, 0.0,  23.0,       ,      ,      ,        ,        ,        ,        ,        ,        ,        ,        ,      
bublaji01, 1982,     1, VAN , NHL , D  , 72.0,  2.0,  28.0,  30.0,  59.0, -9.0 ,  1.0,     ,  0.0,     ,  0.0, 1.0,  92.0,    1.0,   0.0,   0.0,     0.0,     5.0,        ,     0.0,        ,     0.0,        ,     0.0,      
bublaji01, 1983,     1, VAN , NHL , D  , 62.0,  6.0,  33.0,  39.0,  43.0, -10.0,  2.0,     ,  0.0,     ,  1.0, 0.0,  84.0,    2.0,   0.0,   0.0,     0.0,     0.0, -1.0   ,     0.0,        ,     0.0,        ,     0.0,     2.0
bublaji01, 1984,     1, VAN , NHL , D  , 56.0,  2.0,  15.0,  17.0,  54.0, -15.0,  0.0,     ,  0.0,     ,  0.0, 0.0,  73.0,       ,      ,      ,        ,        ,        ,        ,        ,        ,        ,        ,      
bublaji01, 1985,     1, VAN , NHL , D  , 43.0,  6.0,  24.0,  30.0,  30.0, -25.0,  4.0,     ,  0.0,     ,  1.0, 0.0,  62.0,    3.0,   0.0,   0.0,     0.0,     2.0, -6.0   ,     0.0,        ,     0.0,        ,     0.0,     4.0
buchaal01, 1948,     1, TOR , NHL , L  ,  3.0,  0.0,   1.0,   1.0,   2.0,      ,     ,     ,     ,     ,     ,    ,      ,       ,      ,      ,        ,        ,        ,        ,        ,        ,        ,        ,      
buchaal01, 1949,     1, TOR , NHL , L  ,  1.0,  0.0,   0.0,   0.0,   0.0,      ,     ,     ,     ,     ,     ,    ,      ,       ,      ,      ,        ,        ,        ,        ,        ,        ,        ,        ,      
buchabu01, 1948,     1, NYR , NHL , R  ,  2.0,  0.0,   0.0,   0.0,   0.0,      ,     ,     ,     ,     ,     ,    ,      ,       ,      ,      ,        ,        ,        ,        ,        ,        ,        ,        ,      
buchaje01, 1998,     1, COL , NHL , D  ,  6.0,  0.0,   0.0,   0.0,   6.0, 1.0  ,  0.0,  0.0,  0.0,  0.0,  0.0, 0.0,   1.0,       ,      ,      ,        ,        ,        ,        ,        ,        ,        ,        ,      
buchami01, 1951,     1, CHI , NHL , D  ,  1.0,  0.0,   0.0,   0.0,   0.0,      ,     ,     ,     ,     ,     ,    ,      ,       ,      ,      ,        ,        ,        ,        ,        ,        ,        ,        ,      
bucharo01, 1966,     1, BOS , NHL , C  ,  3.0,  0.0,   0.0,   0.0,   0.0,      ,  0.0,     ,  0.0,     ,  0.0, 0.0,      ,       ,      ,      ,        ,        ,        ,        ,        ,        ,        ,        ,      
bucharo01, 1969,     1, STL , NHL , C  ,  2.0,  0.0,   0.0,   0.0,   0.0, -1.0 ,  0.0,     ,  0.0,     ,  0.0, 0.0,   4.0,       ,      ,      ,        ,        ,        ,        ,        ,        ,        ,        ,      
bucharo01, 1972,     1, CLC , WHA , C  , 75.0, 37.0,  44.0,  81.0,  20.0,      ,  6.0,     ,  0.0,     ,  5.0,    ,      ,    9.0,   7.0,   3.0,    10.0,     0.0,        ,     1.0,        ,     0.0,        ,     1.0,      
bucharo01, 1973,     1, CLC , WHA , C  , 49.0, 18.0,  27.0,  45.0,   2.0,      ,  6.0,     ,  0.0,     ,  3.0,    ,      ,    5.0,   0.0,   0.0,     0.0,     2.0,        ,        ,        ,        ,        ,     0.0,      
bucharo01, 1974,     1, CLC , WHA , R  ,  4.0,  2.0,   0.0,   2.0,   2.0,      ,  1.0,     ,  0.0,     ,     ,    ,   6.0,       ,      ,      ,        ,        ,        ,        ,        ,        ,        ,        ,      
bucharo01, 1974,     2, EDO , WHA , R  , 22.0,  6.0,   9.0,  15.0,   4.0,      ,  1.0,     ,     ,     ,     ,    ,  60.0,       ,      ,      ,        ,        ,        ,        ,        ,        ,        ,        ,      
bucharo01, 1974,     3, IND , WHA , R  , 32.0, 16.0,  15.0,  31.0,  16.0, -12.0,  9.0,     ,     ,     ,     ,    ,  89.0,       ,      ,      ,        ,        ,        ,        ,        ,        ,        ,        ,      
bucharo01, 1975,     1, IND , WHA , C  , 23.0,  4.0,   7.0,  11.0,   4.0, -5.0 ,  1.0,     ,  0.0,     ,  0.0,    ,  60.0,       ,      ,      ,        ,        ,        ,        ,        ,        ,        ,        ,      
buchbke01, 1986,     1, EDM , NHL , L  ,     ,     ,      ,      ,      ,      ,     ,     ,     ,     ,     ,    ,      ,    3.0,   0.0,   0.0,     0.0,     5.0, 0.0    ,     0.0,        ,     0.0,        ,     0.0,     1.0
buchbke01, 1987,     1, EDM , NHL , L  , 19.0,  1.0,   0.0,   1.0,  81.0, -1.0 ,  0.0,  0.0,  0.0,  0.0,  0.0, 1.0,  10.0,       ,      ,      ,        ,        ,        ,        ,        ,        ,        ,        ,      
buchbke01, 1988,     1, EDM , NHL , L  , 66.0,  5.0,   9.0,  14.0, 234.0, -14.0,  1.0,  3.0,  0.0,  0.0,  1.0, 0.0,  57.0,       ,      ,      ,        ,        ,        ,        ,        ,        ,        ,        ,      
buchbke01, 1989,     1, EDM , NHL , L  , 55.0,  2.0,   6.0,   8.0, 168.0, -8.0 ,  0.0,  0.0,  0.0,  0.0,  2.0, 0.0,  35.0,   19.0,   0.0,   5.0,     5.0,    13.0, 2.0    ,     0.0,     0.0,     0.0,     0.0,     0.0,    15.0
buchbke01, 1990,     1, EDM , NHL , L  , 64.0,  3.0,   1.0,   4.0, 160.0, -6.0 ,  0.0,  0.0,  0.0,  0.0,  2.0, 0.0,  54.0,   12.0,   2.0,   1.0,     3.0,    25.0, -3.0   ,     0.0,     0.0,     0.0,     0.0,     0.0,    12.0
buchbke01, 1991,     1, EDM , NHL , L  , 79.0, 20.0,  24.0,  44.0, 157.0, 9.0  ,  0.0,  1.0,  4.0,  1.0,  3.0, 1.0,  90.0,   16.0,   1.0,   4.0,     5.0,    32.0, 2.0    ,     0.0,     0.0,     0.0,     0.0,     0.0,    12.0
buchbke01, 1992,     1, EDM , NHL , R  , 83.0, 12.0,  18.0,  30.0, 133.0, -27.0,  1.0,  0.0,  2.0,  5.0,  3.0, 0.0,  92.0,       ,      ,      ,        ,        ,        ,        ,        ,        ,        ,        ,      
buchbke01, 1993,     1, EDM , NHL , R  , 84.0,  3.0,  18.0,  21.0, 199.0, -20.0,  0.0,  0.0,  0.0,  0.0,  0.0, 0.0,  93.0,       ,      ,      ,        ,        ,        ,        ,        ,        ,        ,        ,      
buchbke01, 1994,     1, EDM , NHL , R  , 48.0,  7.0,  17.0,  24.0,  82.0, 0.0  ,  2.0,  0.0,  1.0,  2.0,  5.0, 0.0,  73.0,       ,      ,      ,        ,        ,        ,        ,        ,        ,        ,        ,      
buchbke01, 1995,     1, EDM , NHL , R  , 82.0, 11.0,  14.0,  25.0, 184.0, -20.0,  0.0,  0.0,  2.0,  4.0,  3.0, 0.0, 119.0,       ,      ,      ,        ,        ,        ,        ,        ,        ,        ,        ,      
buchbke01, 1996,     1, EDM , NHL , R  , 81.0,  8.0,  30.0,  38.0, 159.0, 4.0  ,  0.0,  0.0,  0.0,  4.0,  3.0, 0.0,  78.0,   12.0,   5.0,   2.0,     7.0,    16.0, -1.0   ,     0.0,     0.0,     0.0,     0.0,     1.0,    19.0
buchbke01, 1997,     1, EDM , NHL , R  , 82.0,  6.0,  17.0,  23.0, 122.0, -10.0,  1.0,  0.0,  1.0,  0.0,  1.0, 0.0,  86.0,   12.0,   1.0,   2.0,     3.0,    25.0, 0.0    ,     0.0,     0.0,     0.0,     0.0,     0.0,    13.0
buchbke01, 1998,     1, EDM , NHL , R  , 52.0,  4.0,   4.0,   8.0,  68.0, -6.0 ,  0.0,  0.0,  2.0,  0.0,  1.0, 0.0,  29.0,    4.0,   0.0,   0.0,     0.0,     0.0, -4.0   ,     0.0,     0.0,     0.0,     0.0,     0.0,     2.0
buchbke01, 1999,     1, ATL , NHL , L  , 68.0,  5.0,  12.0,  17.0, 139.0, -34.0,  0.0,  1.0,  0.0,  0.0,  0.0, 0.0,  56.0,       ,      ,      ,        ,        ,        ,        ,        ,        ,        ,        ,      
buchbke01, 1999,     2, LAK , NHL , L  , 13.0,  2.0,   1.0,   3.0,  13.0, -2.0 ,  0.0,  0.0,  0.0,  0.0,  0.0, 0.0,  20.0,    4.0,   0.0,   0.0,     0.0,     4.0, -1.0   ,     0.0,     0.0,     0.0,     0.0,     0.0,     1.0
buchbke01, 2000,     1, LAK , NHL , L  , 82.0,  6.0,  14.0,  20.0,  75.0, -10.0,  0.0,  0.0,  0.0,  1.0,  1.0, 0.0,  66.0,    8.0,   1.0,   0.0,     1.0,     2.0, -1.0   ,     0.0,     0.0,     0.0,     0.0,     0.0,     5.0
buchbke01, 2001,     1, LAK , NHL , L  , 74.0,  6.0,   7.0,  13.0, 105.0, -13.0,  0.0,  2.0,  0.0,  0.0,  1.0, 0.0,  39.0,    7.0,   0.0,   0.0,     0.0,     7.0, -3.0   ,     0.0,     0.0,     0.0,     0.0,     0.0,     2.0
buchbke01, 2002,     1, PHO , NHL , L  , 79.0,  3.0,   9.0,  12.0, 109.0, 0.0  ,  0.0,  0.0,  1.0,  0.0,  0.0, 0.0,  32.0,       ,      ,      ,        ,        ,        ,        ,        ,        ,        ,        ,      
buchbke01, 2003,     1, PIT , NHL , C  , 71.0,  1.0,   3.0,   4.0, 109.0, -19.0,  0.0,  0.0,  0.0,  0.0,  0.0, 0.0,  34.0,       ,      ,      ,        ,        ,        ,        ,        ,        ,        ,        ,      
bucykjo01, 1955,     1, DET , NHL , L  , 38.0,  1.0,   8.0,   9.0,  20.0,      ,     ,     ,     ,     ,     ,    ,      ,   10.0,   1.0,   1.0,     2.0,     8.0,        ,        ,        ,        ,        ,        ,      
bucykjo01, 1956,     1, DET , NHL , L  , 66.0, 10.0,  11.0,  21.0,  41.0,      ,     ,     ,     ,     ,     ,    ,      ,    5.0,   0.0,   1.0,     1.0,     0.0,        ,        ,        ,        ,        ,        ,      
bucykjo01, 1957,     1, BOS , NHL , L  , 68.0, 21.0,  31.0,  52.0,  57.0,      ,     ,     ,     ,     ,     ,    ,      ,   12.0,   0.0,   4.0,     4.0,    16.0,        ,        ,        ,        ,        ,        ,      
bucykjo01, 1958,     1, BOS , NHL , L  , 69.0, 24.0,  36.0,  60.0,  36.0,      ,     ,     ,     ,     ,     ,    ,      ,    7.0,   2.0,   4.0,     6.0,     6.0,        ,        ,        ,        ,        ,        ,      
bucykjo01, 1959,     1, BOS , NHL , L  , 56.0, 16.0,  36.0,  52.0,  26.0,      ,     ,     ,     ,     ,     ,    ,      ,       ,      ,      ,        ,        ,        ,        ,        ,        ,        ,        ,      
bucykjo01, 1960,     1, BOS , NHL , L  , 70.0, 19.0,  20.0,  39.0,  48.0,      ,     ,     ,     ,     ,     ,    ,      ,       ,      ,      ,        ,        ,        ,        ,        ,        ,        ,        ,      
bucykjo01, 1961,     1, BOS , NHL , L  , 67.0, 20.0,  40.0,  60.0,  32.0,      ,     ,     ,     ,     ,     ,    ,      ,       ,      ,      ,        ,        ,        ,        ,        ,        ,        ,        ,      
bucykjo01, 1962,     1, BOS , NHL , L  , 69.0, 27.0,  39.0,  66.0,  36.0,      ,     ,     ,     ,     ,     ,    ,      ,       ,      ,      ,        ,        ,        ,        ,        ,        ,        ,        ,      
bucykjo01, 1963,     1, BOS , NHL , L  , 62.0, 18.0,  36.0,  54.0,  36.0,      ,  1.0,     ,  0.0,     ,  2.0, 2.0,      ,       ,      ,      ,        ,        ,        ,        ,        ,        ,        ,        ,      
bucykjo01, 1964,     1, BOS , NHL , L  , 68.0, 26.0,  29.0,  55.0,  24.0,      ,  7.0,     ,  0.0,     ,  2.0, 0.0,      ,       ,      ,      ,        ,        ,        ,        ,        ,        ,        ,        ,      
bucykjo01, 1965,     1, BOS , NHL , L  , 63.0, 27.0,  30.0,  57.0,  12.0,      ,  3.0,     ,  0.0,     ,  5.0, 0.0,      ,       ,      ,      ,        ,        ,        ,        ,        ,        ,        ,        ,      
bucykjo01, 1966,     1, BOS , NHL , L  , 59.0, 18.0,  30.0,  48.0,  12.0,      ,  4.0,     ,  0.0,     ,  1.0, 2.0,      ,       ,      ,      ,        ,        ,        ,        ,        ,        ,        ,        ,      
bucykjo01, 1967,     1, BOS , NHL , L  , 72.0, 30.0,  39.0,  69.0,   8.0, 18.0 ,  6.0,     ,  1.0,     ,  4.0, 0.0, 172.0,    3.0,   0.0,   2.0,     2.0,     0.0,        ,     0.0,        ,     0.0,        ,     0.0,      
bucykjo01, 1968,     1, BOS , NHL , L  , 70.0, 24.0,  42.0,  66.0,  18.0, -3.0 , 11.0,     ,  0.0,     ,  3.0, 0.0, 192.0,   10.0,   5.0,   6.0,    11.0,     0.0,        ,     2.0,        ,     0.0,        ,     1.0,      
bucykjo01, 1969,     1, BOS , NHL , L  , 76.0, 31.0,  38.0,  69.0,  13.0, 19.0 , 14.0,     ,  0.0,     ,  6.0, 2.0, 190.0,   14.0,  11.0,   8.0,    19.0,     2.0,        ,     4.0,        ,     0.0,        ,     1.0,      
bucykjo01, 1970,     1, BOS , NHL , L  , 78.0, 51.0,  65.0, 116.0,   8.0, 36.0 , 22.0,     ,  0.0,     ,  5.0, 2.0, 225.0,    7.0,   2.0,   5.0,     7.0,     0.0,        ,     0.0,        ,     0.0,        ,     0.0,      
bucykjo01, 1971,     1, BOS , NHL , L  , 78.0, 32.0,  51.0,  83.0,   4.0, 16.0 , 13.0,     ,  0.0,     ,  7.0, 1.0, 174.0,   15.0,   9.0,  11.0,    20.0,     6.0,        ,     5.0,        ,     0.0,        ,     0.0,      
bucykjo01, 1972,     1, BOS , NHL , L  , 78.0, 40.0,  53.0,  93.0,  12.0, 18.0 , 10.0,     ,  0.0,     , 10.0, 1.0, 168.0,    5.0,   0.0,   3.0,     3.0,     0.0,        ,     0.0,        ,     0.0,        ,     0.0,      
bucykjo01, 1973,     1, BOS , NHL , L  , 76.0, 31.0,  44.0,  75.0,   8.0, 13.0 , 12.0,     ,  0.0,     ,  9.0, 0.0, 139.0,   16.0,   8.0,  10.0,    18.0,     4.0,        ,     3.0,        ,     0.0,        ,     1.0,      
bucykjo01, 1974,     1, BOS , NHL , L  , 78.0, 29.0,  52.0,  81.0,  10.0, 11.0 ,  9.0,     ,  0.0,     ,  4.0, 2.0, 167.0,    3.0,   1.0,   0.0,     1.0,     0.0,        ,     0.0,        ,     0.0,        ,     0.0,      
bucykjo01, 1975,     1, BOS , NHL , L  , 77.0, 36.0,  47.0,  83.0,  20.0, 22.0 , 13.0,     ,  0.0,     ,  9.0, 2.0, 151.0,   12.0,   2.0,   7.0,     9.0,     0.0,        ,     2.0,        ,     0.0,        ,     0.0,      
bucykjo01, 1976,     1, BOS , NHL , L  , 49.0, 20.0,  23.0,  43.0,  12.0, -2.0 ,  6.0,     ,  0.0,     ,  2.0, 1.0,  98.0,    5.0,   0.0,   0.0,     0.0,     0.0,        ,     0.0,        ,     0.0,        ,     0.0,      
bucykjo01, 1977,     1, BOS , NHL , L  , 53.0,  5.0,  13.0,  18.0,   4.0, -2.0 ,  5.0,     ,  0.0,     ,  0.0, 0.0,  47.0,       ,      ,      ,        ,        ,        ,        ,        ,        ,        ,        ,      
bucykra01, 1985,     1, MTL , NHL , C  , 17.0,  4.0,   2.0,   6.0,   8.0, 5.0  ,  0.0,     ,  0.0,     ,  0.0, 0.0,  21.0,    2.0,   0.0,   0.0,     0.0,     0.0, -1.0   ,     0.0,        ,     0.0,        ,     0.0,     1.0
bucykra01, 1987,     1, CAL , NHL , C  ,  2.0,  0.0,   0.0,   0.0,   0.0, -1.0 ,  0.0,  0.0,  0.0,  0.0,  0.0, 0.0,   2.0,       ,      ,      ,        ,        ,        ,        ,        ,        ,        ,        ,      
budajpe01, 2005,     1, COL , NHL , G  , 34.0,  0.0,   1.0,   1.0,   4.0, 0.0  ,  0.0,  0.0,  0.0,  1.0,  0.0,    ,   0.0,       ,      ,      ,        ,        ,        ,        ,        ,        ,        ,        ,      
budajpe01, 2006,     1, COL , NHL , G  , 57.0,  0.0,   2.0,   2.0,   0.0, 0.0  ,  0.0,  2.0,  0.0,  0.0,  0.0,    ,   0.0,       ,      ,      ,        ,        ,        ,        ,        ,        ,        ,        ,      
budajpe01, 2007,     1, COL , NHL , G  , 35.0,  0.0,   1.0,   1.0,   2.0, 0.0  ,  0.0,  0.0,  0.0,  0.0,  0.0,    ,   0.0,    3.0,   0.0,   0.0,     0.0,     0.0, 0.0    ,     0.0,     0.0,     0.0,     0.0,     0.0,     0.0
budajpe01, 2008,     1, COL , NHL , G  , 56.0,  0.0,   1.0,   1.0,   0.0, 0.0  ,  0.0,  1.0,  0.0,  0.0,  0.0,    ,   0.0,       ,      ,      ,        ,        ,        ,        ,        ,        ,        ,        ,      
budajpe01, 2009,     1, COL , NHL , G  , 15.0,  0.0,   1.0,   1.0,   0.0, 0.0  ,  0.0,  0.0,  0.0,  0.0,  0.0,    ,   0.0,    1.0,   0.0,   0.0,     0.0,     0.0, 0.0    ,     0.0,     0.0,     0.0,     0.0,     0.0,     0.0
buetobr01, 1973,     1, CLC , WHA , D  , 25.0,  0.0,   0.0,   0.0,   4.0,      ,  0.0,     ,  0.0,     ,  0.0,    ,      ,       ,      ,      ,        ,        ,        ,        ,        ,        ,        ,        ,      
buhrdo01 , 1974,     1, KCS , NHL , L  ,  6.0,  0.0,   2.0,   2.0,   4.0, 0.0  ,  0.0,     ,  0.0,     ,  0.0, 0.0,   3.0,       ,      ,      ,        ,        ,        ,        ,        ,        ,        ,        ,      
bukovto01, 1943,     1, DET , NHL , L  ,  3.0,  0.0,   1.0,   1.0,   0.0,      ,     ,     ,     ,     ,     ,    ,      ,       ,      ,      ,        ,        ,        ,        ,        ,        ,        ,        ,      
bukovto01, 1944,     1, DET , NHL , L  , 14.0,  7.0,   2.0,   9.0,   6.0,      ,     ,     ,     ,     ,     ,    ,      ,    6.0,   0.0,   1.0,     1.0,     0.0,        ,        ,        ,        ,        ,        ,      
bulisja01, 1997,     1, WAS , NHL , C  , 48.0,  5.0,  11.0,  16.0,  18.0, -5.0 ,  0.0,  1.0,  0.0,  0.0,  0.0, 1.0,  37.0,       ,      ,      ,        ,        ,        ,        ,        ,        ,        ,        ,      
bulisja01, 1998,     1, WAS , NHL , C  , 38.0,  7.0,  16.0,  23.0,   6.0, 3.0  ,  3.0,  7.0,  0.0,  0.0,  3.0, 0.0,  57.0,       ,      ,      ,        ,        ,        ,        ,        ,        ,        ,        ,      
bulisja01, 1999,     1, WAS , NHL , C  , 56.0,  9.0,  22.0,  31.0,  30.0, 7.0  ,  0.0,  3.0,  0.0,  0.0,  1.0, 0.0,  92.0,       ,      ,      ,        ,        ,        ,        ,        ,        ,        ,        ,      
bulisja01, 2000,     1, WAS , NHL , C  , 39.0,  5.0,  13.0,  18.0,  26.0, 0.0  ,  1.0,  3.0,  0.0,  0.0,  0.0, 0.0,  41.0,       ,      ,      ,        ,        ,        ,        ,        ,        ,        ,        ,      
bulisja01, 2000,     2, MTL , NHL , C  , 12.0,  0.0,   5.0,   5.0,   0.0, -1.0 ,  0.0,  1.0,  0.0,  0.0,  0.0, 0.0,  20.0,       ,      ,      ,        ,        ,        ,        ,        ,        ,        ,        ,      
bulisja01, 2001,     1, MTL , NHL , L  , 53.0,  9.0,  10.0,  19.0,   8.0, -2.0 ,  1.0,  2.0,  0.0,  0.0,  3.0, 0.0,  87.0,    6.0,   0.0,   0.0,     0.0,     6.0, -6.0   ,     0.0,     0.0,     0.0,     0.0,     0.0,     6.0
bulisja01, 2002,     1, MTL , NHL , L  , 82.0, 16.0,  24.0,  40.0,  30.0, 9.0  ,  0.0,  0.0,  0.0,  1.0,  2.0, 0.0, 160.0,       ,      ,      ,        ,        ,        ,        ,        ,        ,        ,        ,      
bulisja01, 2003,     1, MTL , NHL , L  , 72.0, 13.0,  17.0,  30.0,  30.0, -8.0 ,  1.0,  3.0,  1.0,  0.0,  4.0, 0.0, 147.0,   11.0,   1.0,   1.0,     2.0,     4.0, -6.0   ,     0.0,     0.0,     0.0,     0.0,     0.0,    15.0
bulisja01, 2005,     1, MTL , NHL , L  , 73.0, 20.0,  20.0,  40.0,  50.0, 2.0  ,  6.0,  3.0,  1.0,  0.0,  3.0,    , 131.0,    6.0,   1.0,   1.0,     2.0,     2.0, 1.0    ,     0.0,     0.0,     0.0,     0.0,     0.0,     7.0
bulisja01, 2006,     1, VAN , NHL , C  , 79.0, 12.0,  11.0,  23.0,  70.0, -8.0 ,  1.0,  2.0,  1.0,  0.0,  2.0,    , 122.0,   12.0,   1.0,   1.0,     2.0,     2.0, 0.0    ,     0.0,     0.0,     0.0,     0.0,     0.0,    20.0
bullami01, 1980,     1, PIT , NHL , C  , 15.0,  1.0,   2.0,   3.0,  19.0, -1.0 ,  0.0,     ,  0.0,     ,  0.0, 0.0,  18.0,    4.0,   3.0,   3.0,     6.0,     0.0,        ,     1.0,        ,     0.0,        ,     1.0,      
bullami01, 1981,     1, PIT , NHL , C  , 75.0, 36.0,  27.0,  63.0,  91.0, -1.0 , 10.0,     ,  0.0,     ,  5.0, 0.0, 145.0,    5.0,   1.0,   1.0,     2.0,     4.0,        ,     0.0,        ,     0.0,        ,     0.0,      
bullami01, 1982,     1, PIT , NHL , L  , 57.0, 22.0,  22.0,  44.0,  60.0, -21.0,  3.0,     ,  0.0,     ,  2.0, 0.0, 148.0,       ,      ,      ,        ,        ,        ,        ,        ,        ,        ,        ,      
bullami01, 1983,     1, PIT , NHL , C  , 76.0, 51.0,  41.0,  92.0,  57.0, -33.0, 15.0,     ,  0.0,     ,  0.0, 2.0, 213.0,       ,      ,      ,        ,        ,        ,        ,        ,        ,        ,        ,      
bullami01, 1984,     1, PIT , NHL , C  , 68.0, 32.0,  31.0,  63.0,  75.0, -43.0, 14.0,     ,  0.0,     ,  3.0, 0.0, 185.0,       ,      ,      ,        ,        ,        ,        ,        ,        ,        ,        ,      
bullami01, 1985,     1, PIT , NHL , C  , 77.0, 41.0,  42.0,  83.0,  69.0, -16.0, 16.0,     ,  2.0,     ,  5.0, 1.0, 213.0,       ,      ,      ,        ,        ,        ,        ,        ,        ,        ,        ,      
bullami01, 1986,     1, PIT , NHL , C  , 14.0,  2.0,  10.0,  12.0,  17.0, -1.0 ,  1.0,     ,  0.0,     ,  0.0, 0.0,  49.0,       ,      ,      ,        ,        ,        ,        ,        ,        ,        ,        ,      
bullami01, 1986,     2, CAL , NHL , C  , 57.0, 28.0,  26.0,  54.0,  34.0, 10.0 , 10.0,     ,  0.0,     ,  3.0, 0.0, 138.0,    6.0,   4.0,   2.0,     6.0,     2.0, 1.0    ,     3.0,        ,     0.0,        ,     1.0,    20.0
bullami01, 1987,     1, CAL , NHL , C  , 79.0, 48.0,  55.0, 103.0,  68.0, 25.0 , 21.0, 26.0,  0.0,  0.0,  3.0, 2.0, 230.0,    6.0,   0.0,   2.0,     2.0,     6.0, -5.0   ,     0.0,     0.0,     0.0,     0.0,     0.0,    10.0
bullami01, 1988,     1, STL , NHL , C  , 20.0,  4.0,  12.0,  16.0,  46.0, 1.0  ,  2.0,     ,  0.0,  0.0,  0.0, 0.0,  52.0,       ,      ,      ,        ,        ,        ,        ,        ,        ,        ,        ,      
bullami01, 1988,     2, PHI , NHL , C  , 54.0, 23.0,  26.0,  49.0,  60.0, 1.0  ,  8.0,     ,  0.0,  0.0,  3.0, 0.0, 137.0,   19.0,   3.0,   9.0,    12.0,    32.0, 0.0    ,     1.0,     3.0,     0.0,     0.0,     0.0,    36.0
bullami01, 1989,     1, PHI , NHL , C  , 70.0, 27.0,  37.0,  64.0,  67.0, 0.0  ,  6.0, 14.0,  0.0,  0.0,  4.0, 0.0, 181.0,       ,      ,      ,        ,        ,        ,        ,        ,        ,        ,        ,      
bullami01, 1991,     1, TOR , NHL , C  , 65.0, 14.0,  14.0,  28.0,  40.0, -19.0,  7.0, 10.0,  0.0,  0.0,  0.0, 1.0, 140.0,       ,      ,      ,        ,        ,        ,        ,        ,        ,        ,        ,      
bullehy01, 1943,     1, DET , NHL , D  ,  7.0,  0.0,   3.0,   3.0,   4.0,      ,     ,     ,     ,     ,     ,    ,      ,       ,      ,      ,        ,        ,        ,        ,        ,        ,        ,        ,      
bullehy01, 1944,     1, DET , NHL , D  ,  2.0,  0.0,   0.0,   0.0,   2.0,      ,     ,     ,     ,     ,     ,    ,      ,       ,      ,      ,        ,        ,        ,        ,        ,        ,        ,        ,      
bullehy01, 1951,     1, NYR , NHL , D  , 68.0, 12.0,  23.0,  35.0,  96.0,      ,     ,     ,     ,     ,     ,    ,      ,       ,      ,      ,        ,        ,        ,        ,        ,        ,        ,        ,      
bullehy01, 1952,     1, NYR , NHL , D  , 70.0,  7.0,  18.0,  25.0,  73.0,      ,     ,     ,     ,     ,     ,    ,      ,       ,      ,      ,        ,        ,        ,        ,        ,        ,        ,        ,      
bullehy01, 1953,     1, NYR , NHL , D  , 41.0,  3.0,  14.0,  17.0,  40.0,      ,     ,     ,     ,     ,     ,    ,      ,       ,      ,      ,        ,        ,        ,        ,        ,        ,        ,        ,      
bullete01, 1976,     1, CHI , NHL , L  ,  2.0,  0.0,   0.0,   0.0,   0.0, -2.0 ,  0.0,     ,  0.0,     ,  0.0, 0.0,   0.0,       ,      ,      ,        ,        ,        ,        ,        ,        ,        ,        ,      
bullete01, 1977,     1, CHI , NHL , L  , 79.0, 23.0,  28.0,  51.0, 141.0, 4.0  ,  6.0,     ,  0.0,     ,  5.0, 1.0, 150.0,    4.0,   1.0,   1.0,     2.0,     2.0,        ,     0.0,        ,     0.0,        ,     0.0,      
bullete01, 1978,     1, CHI , NHL , L  , 75.0, 27.0,  23.0,  50.0, 153.0, 18.0 ,  1.0,     ,  0.0,     ,  8.0, 3.0, 105.0,    2.0,   0.0,   0.0,     0.0,     0.0,        ,     0.0,        ,     0.0,        ,     0.0,      
bullete01, 1979,     1, CHI , NHL , L  , 66.0, 14.0,  17.0,  31.0, 136.0, -12.0,  1.0,     ,  0.0,     ,  1.0, 0.0, 125.0,    7.0,   2.0,   3.0,     5.0,    10.0,        ,     0.0,        ,     0.0,        ,     0.0,      
bullete01, 1980,     1, CHI , NHL , L  , 68.0, 18.0,  16.0,  34.0,  95.0, 18.0 ,  3.0,     ,  0.0,     ,  2.0, 0.0, 112.0,       ,      ,      ,        ,        ,        ,        ,        ,        ,        ,        ,      
bullete01, 1981,     1, CHI , NHL , L  , 59.0, 12.0,  18.0,  30.0, 120.0, -1.0 ,  2.0,     ,  0.0,     ,  2.0, 0.0,  83.0,   15.0,   2.0,   1.0,     3.0,    12.0,        ,     0.0,        ,     0.0,        ,     1.0,      
bullete01, 1982,     1, WAS , NHL , L  , 39.0,  4.0,   9.0,  13.0,  47.0, -3.0 ,  0.0,     ,  0.0,     ,  1.0, 0.0,  35.0,    1.0,   0.0,   0.0,     0.0,     0.0,        ,     0.0,        ,     0.0,        ,     0.0,      
bullete01, 1983,     1, PIT , NHL , L  , 26.0,  3.0,   2.0,   5.0,  12.0, -14.0,  0.0,     ,  0.0,     ,  1.0, 0.0,  27.0,       ,      ,      ,        ,        ,        ,        ,        ,        ,        ,        ,      
bullobr01, 1972,     1, VAN , NHL , G  , 14.0,  0.0,   0.0,   0.0,   2.0, 0.0  ,  0.0,     ,  0.0,     ,  0.0, 0.0,   0.0,       ,      ,      ,        ,        ,        ,        ,        ,        ,        ,        ,      
bullobr01, 1974,     1, VAN , NHL , G  ,  1.0,  0.0,   0.0,   0.0,   0.0, 0.0  ,  0.0,     ,  0.0,     ,  0.0, 0.0,   0.0,       ,      ,      ,        ,        ,        ,        ,        ,        ,        ,        ,      
bullobr01, 1976,     1, VAN , NHL , G  ,  1.0,  0.0,   0.0,   0.0,   0.0, 0.0  ,  0.0,     ,  0.0,     ,  0.0, 0.0,   0.0,       ,      ,      ,        ,        ,        ,        ,        ,        ,        ,        ,      
burakro01, 1993,     1, OTT , NHL , R  , 23.0,  2.0,   3.0,   5.0,   6.0, -7.0 ,  0.0,  0.0,  0.0,  0.0,  0.0, 0.0,  40.0,       ,      ,      ,        ,        ,        ,        ,        ,        ,        ,        ,      
burchbi01, 1922,     1, HAM , NHL , C  , 10.0,  6.0,   3.0,   9.0,   4.0,      ,     ,     ,     ,     ,     ,    ,      ,       ,      ,      ,        ,        ,        ,        ,        ,        ,        ,        ,      
burchbi01, 1923,     1, HAM , NHL , C  , 24.0, 16.0,   6.0,  22.0,   6.0,      ,     ,     ,     ,     ,     ,    ,      ,       ,      ,      ,        ,        ,        ,        ,        ,        ,        ,        ,      
burchbi01, 1924,     1, HAM , NHL , C  , 27.0, 20.0,   7.0,  27.0,  10.0,      ,     ,     ,     ,     ,     ,    ,      ,       ,      ,      ,        ,        ,        ,        ,        ,        ,        ,        ,      
burchbi01, 1925,     1, NYA , NHL , C  , 36.0, 22.0,   3.0,  25.0,  33.0,      ,     ,     ,     ,     ,     ,    ,      ,       ,      ,      ,        ,        ,        ,        ,        ,        ,        ,        ,      
burchbi01, 1926,     1, NYA , NHL , C  , 43.0, 19.0,   8.0,  27.0,  40.0,      ,     ,     ,     ,     ,     ,    ,      ,       ,      ,      ,        ,        ,        ,        ,        ,        ,        ,        ,      
burchbi01, 1927,     1, NYA , NHL , C  , 32.0, 10.0,   2.0,  12.0,  34.0,      ,     ,     ,     ,     ,     ,    ,      ,       ,      ,      ,        ,        ,        ,        ,        ,        ,        ,        ,      
burchbi01, 1928,     1, NYA , NHL , C  , 44.0, 11.0,   5.0,  16.0,  45.0,      ,     ,     ,     ,     ,     ,    ,      ,    2.0,   0.0,   0.0,     0.0,     0.0,        ,        ,        ,        ,        ,        ,      
burchbi01, 1929,     1, NYA , NHL , C  , 35.0,  7.0,   3.0,  10.0,  22.0,      ,     ,     ,     ,     ,     ,    ,      ,       ,      ,      ,        ,        ,        ,        ,        ,        ,        ,        ,      
burchbi01, 1930,     1, NYA , NHL , C  , 44.0, 14.0,   8.0,  22.0,  35.0,      ,     ,     ,     ,     ,     ,    ,      ,       ,      ,      ,        ,        ,        ,        ,        ,        ,        ,        ,      
burchbi01, 1931,     1, NYA , NHL , C  , 48.0,  7.0,  15.0,  22.0,  20.0,      ,     ,     ,     ,     ,     ,    ,      ,       ,      ,      ,        ,        ,        ,        ,        ,        ,        ,        ,      
burchbi01, 1932,     1, BOS , NHL , C  , 23.0,  3.0,   1.0,   4.0,   4.0,      ,     ,     ,     ,     ,     ,    ,      ,       ,      ,      ,        ,        ,        ,        ,        ,        ,        ,        ,      
burchbi01, 1932,     2, CHI , NHL , C  , 24.0,  2.0,   0.0,   2.0,   2.0,      ,     ,     ,     ,     ,     ,    ,      ,       ,      ,      ,        ,        ,        ,        ,        ,        ,        ,        ,      
burchfr01, 1950,     1, MTL , NHL , C  ,  2.0,  0.0,   0.0,   0.0,   0.0,      ,     ,     ,     ,     ,     ,    ,      ,       ,      ,      ,        ,        ,        ,        ,        ,        ,        ,        ,      
burchfr01, 1953,     1, MTL , NHL , C  ,  2.0,  0.0,   0.0,   0.0,   2.0,      ,     ,     ,     ,     ,     ,    ,      ,       ,      ,      ,        ,        ,        ,        ,        ,        ,        ,        ,      
burchra01, 1976,     1, IND , WHA , G  ,  5.0,  0.0,   1.0,   1.0,   0.0, 0.0  ,  0.0,     ,  0.0,     ,  0.0,    ,   0.0,       ,      ,      ,        ,        ,        ,        ,        ,        ,        ,        ,      
burdogl01, 1974,     1, KCS , NHL , C  , 11.0,  0.0,   2.0,   2.0,   0.0, -3.0 ,  0.0,     ,  0.0,     ,  0.0, 0.0,   2.0,       ,      ,      ,        ,        ,        ,        ,        ,        ,        ,        ,      
bureama01, 1989,     1, CAL , NHL , C  ,  5.0,  0.0,   0.0,   0.0,   4.0, -1.0 ,  0.0,  0.0,  0.0,  0.0,  0.0, 0.0,   3.0,       ,      ,      ,        ,        ,        ,        ,        ,        ,        ,        ,      
bureama01, 1990,     1, CAL , NHL , C  ,  5.0,  0.0,   0.0,   0.0,   2.0, -4.0 ,  0.0,  0.0,  0.0,  0.0,  0.0, 0.0,   4.0,       ,      ,      ,        ,        ,        ,        ,        ,        ,        ,        ,      
bureama01, 1990,     2, MNS , NHL , C  ,  9.0,  0.0,   6.0,   6.0,   4.0, -3.0 ,  0.0,  2.0,  0.0,  0.0,  0.0, 0.0,   8.0,   23.0,   3.0,   2.0,     5.0,    20.0, -4.0   ,     0.0,     0.0,     1.0,     0.0,     0.0,    19.0
bureama01, 1991,     1, MNS , NHL , C  , 46.0,  6.0,   4.0,  10.0,  50.0, -5.0 ,  0.0,  1.0,  0.0,  0.0,  0.0, 0.0,  53.0,    5.0,   0.0,   0.0,     0.0,    14.0, -3.0   ,     0.0,     0.0,     0.0,     0.0,     0.0,     1.0
bureama01, 1992,     1, TBL , NHL , R  , 63.0, 10.0,  21.0,  31.0, 111.0, -12.0,  1.0,  5.0,  2.0,  1.0,  1.0, 0.0, 132.0,       ,      ,      ,        ,        ,        ,        ,        ,        ,        ,        ,      
bureama01, 1993,     1, TBL , NHL , C  , 75.0,  8.0,   7.0,  15.0,  30.0, -9.0 ,  0.0,  0.0,  1.0,  0.0,  1.0, 0.0, 110.0,       ,      ,      ,        ,        ,        ,        ,        ,        ,        ,        ,      
bureama01, 1994,     1, TBL , NHL , C  , 48.0,  2.0,  12.0,  14.0,  30.0, -8.0 ,  0.0,  1.0,  1.0,  1.0,  0.0, 1.0,  72.0,       ,      ,      ,        ,        ,        ,        ,        ,        ,        ,        ,      
bureama01, 1995,     1, MTL , NHL , C  , 65.0,  3.0,   7.0,  10.0,  46.0, -3.0 ,  0.0,  1.0,  0.0,  1.0,  1.0, 0.0,  43.0,    6.0,   1.0,   1.0,     2.0,     4.0, 2.0    ,     0.0,     0.0,     0.0,     0.0,     0.0,     6.0
bureama01, 1996,     1, MTL , NHL , C  , 43.0,  6.0,   9.0,  15.0,  16.0, 4.0  ,  1.0,  0.0,  1.0,  1.0,  2.0, 0.0,  56.0,       ,      ,      ,        ,        ,        ,        ,        ,        ,        ,        ,      
bureama01, 1997,     1, MTL , NHL , C  , 74.0, 13.0,   6.0,  19.0,  12.0, 0.0  ,  0.0,  0.0,  0.0,  2.0,  2.0, 0.0,  82.0,   10.0,   1.0,   2.0,     3.0,     6.0, -1.0   ,     0.0,     0.0,     0.0,     0.0,     0.0,    16.0
bureama01, 1998,     1, PHI , NHL , C  , 71.0,  4.0,   6.0,  10.0,  10.0, -2.0 ,  0.0,  0.0,  0.0,  0.0,  0.0, 0.0,  52.0,    6.0,   0.0,   2.0,     2.0,     2.0, 2.0    ,     0.0,     0.0,     0.0,     0.0,     0.0,     3.0
bureama01, 1999,     1, PHI , NHL , C  , 54.0,  2.0,   2.0,   4.0,  10.0, -1.0 ,  0.0,  0.0,  1.0,  0.0,  0.0, 0.0,  46.0,       ,      ,      ,        ,        ,        ,        ,        ,        ,        ,        ,      
bureama01, 1999,     2, CAL , NHL , C  ,  9.0,  1.0,   3.0,   4.0,   2.0, -3.0 ,  0.0,  0.0,  0.0,  0.0,  0.0, 0.0,   5.0,       ,      ,      ,        ,        ,        ,        ,        ,        ,        ,        ,      
buregbi01, 1955,     1, TOR , NHL , D  ,  4.0,  0.0,   1.0,   1.0,   4.0,      ,     ,     ,     ,     ,     ,    ,      ,       ,      ,      ,        ,        ,        ,        ,        ,        ,        ,        ,      
burepa01 , 1991,     1, VAN , NHL , R  , 65.0, 34.0,  26.0,  60.0,  30.0, 0.0  ,  7.0,  9.0,  3.0,  1.0,  6.0, 0.0, 268.0,   13.0,   6.0,   4.0,    10.0,    14.0, 4.0    ,     0.0,     2.0,     0.0,     0.0,     0.0,    50.0
burepa01 , 1992,     1, VAN , NHL , R  , 83.0, 60.0,  50.0, 110.0,  69.0, 35.0 , 13.0, 20.0,  7.0,  2.0,  9.0, 0.0, 407.0,   12.0,   5.0,   7.0,    12.0,     8.0, 0.0    ,     0.0,     2.0,     0.0,     0.0,     1.0,    47.0
burepa01 , 1993,     1, VAN , NHL , R  , 76.0, 60.0,  47.0, 107.0,  86.0, 1.0  , 25.0, 18.0,  4.0,  2.0,  9.0, 0.0, 374.0,   24.0,  16.0,  15.0,    31.0,    40.0, 8.0    ,     3.0,     7.0,     0.0,     1.0,     2.0,   101.0
burepa01 , 1994,     1, VAN , NHL , L  , 44.0, 20.0,  23.0,  43.0,  47.0, -8.0 ,  6.0,  7.0,  2.0,  4.0,  2.0, 0.0, 198.0,   11.0,   7.0,   6.0,    13.0,    10.0, -1.0   ,     2.0,     3.0,     2.0,     2.0,     0.0,    39.0
burepa01 , 1995,     1, VAN , NHL , L  , 15.0,  6.0,   7.0,  13.0,   8.0, -2.0 ,  1.0,  4.0,  1.0,  0.0,  0.0, 0.0,  78.0,       ,      ,      ,        ,        ,        ,        ,        ,        ,        ,        ,      
burepa01 , 1996,     1, VAN , NHL , R  , 63.0, 23.0,  32.0,  55.0,  40.0, -14.0,  4.0,  8.0,  1.0,  2.0,  2.0, 0.0, 265.0,       ,      ,      ,        ,        ,        ,        ,        ,        ,        ,        ,      
burepa01 , 1997,     1, VAN , NHL , R  , 82.0, 51.0,  39.0,  90.0,  48.0, 5.0  , 13.0, 12.0,  6.0,  3.0,  4.0, 1.0, 329.0,       ,      ,      ,        ,        ,        ,        ,        ,        ,        ,        ,      
burepa01 , 1998,     1, FLO , NHL , R  , 11.0, 13.0,   3.0,  16.0,   4.0, 3.0  ,  5.0,  0.0,  1.0,  1.0,  0.0, 1.0,  44.0,       ,      ,      ,        ,        ,        ,        ,        ,        ,        ,        ,      
burepa01 , 1999,     1, FLO , NHL , R  , 74.0, 58.0,  36.0,  94.0,  16.0, 25.0 , 11.0,  9.0,  2.0,  0.0, 14.0, 0.0, 360.0,    4.0,   1.0,   3.0,     4.0,     2.0, -3.0   ,     1.0,     0.0,     0.0,     0.0,     0.0,    15.0
burepa01 , 2000,     1, FLO , NHL , R  , 82.0, 59.0,  33.0,  92.0,  58.0, -2.0 , 19.0,  9.0,  5.0,  0.0,  8.0, 3.0, 384.0,       ,      ,      ,        ,        ,        ,        ,        ,        ,        ,        ,      
burepa01 , 2001,     1, FLO , NHL , R  , 56.0, 22.0,  27.0,  49.0,  56.0, -14.0,  9.0, 12.0,  1.0,  0.0,  1.0, 1.0, 238.0,       ,      ,      ,        ,        ,        ,        ,        ,        ,        ,        ,      
burepa01 , 2001,     2, NYR , NHL , R  , 12.0, 12.0,   8.0,  20.0,   6.0, 9.0  ,  3.0,  0.0,  0.0,  0.0,  1.0, 0.0,  49.0,       ,      ,      ,        ,        ,        ,        ,        ,        ,        ,        ,      
burepa01 , 2002,     1, NYR , NHL , R  , 39.0, 19.0,  11.0,  30.0,  16.0, 4.0  ,  5.0,  7.0,  1.0,  0.0,  3.0, 1.0, 136.0,       ,      ,      ,        ,        ,        ,        ,        ,        ,        ,        ,      
bureva01 , 1994,     1, MTL , NHL , R  , 24.0,  3.0,   1.0,   4.0,   6.0, -1.0 ,  0.0,  0.0,  0.0,  0.0,  1.0, 0.0,  39.0,       ,      ,      ,        ,        ,        ,        ,        ,        ,        ,        ,      
bureva01 , 1995,     1, MTL , NHL , R  , 77.0, 22.0,  20.0,  42.0,  28.0, 10.0 ,  5.0,  8.0,  0.0,  0.0,  1.0, 2.0, 143.0,    6.0,   0.0,   1.0,     1.0,     6.0, -1.0   ,     0.0,     0.0,     0.0,     0.0,     0.0,    19.0
bureva01 , 1996,     1, MTL , NHL , R  , 64.0, 14.0,  21.0,  35.0,   6.0, 4.0  ,  4.0,  8.0,  0.0,  0.0,  2.0, 1.0, 131.0,    5.0,   0.0,   1.0,     1.0,     2.0, -4.0   ,     0.0,     0.0,     0.0,     0.0,     0.0,     7.0
bureva01 , 1997,     1, MTL , NHL , R  , 50.0,  7.0,  22.0,  29.0,  33.0, -5.0 ,  2.0, 10.0,  0.0,  0.0,  1.0, 0.0, 134.0,       ,      ,      ,        ,        ,        ,        ,        ,        ,        ,        ,      
bureva01 , 1997,     2, CAL , NHL , R  , 16.0,  5.0,   4.0,   9.0,   2.0, 0.0  ,  0.0,  1.0,  0.0,  0.0,  1.0, 0.0,  45.0,       ,      ,      ,        ,        ,        ,        ,        ,        ,        ,        ,      
bureva01 , 1998,     1, CAL , NHL , R  , 80.0, 26.0,  27.0,  53.0,  22.0, 0.0  ,  7.0, 13.0,  0.0,  0.0,  4.0, 0.0, 260.0,       ,      ,      ,        ,        ,        ,        ,        ,        ,        ,        ,      
bureva01 , 1999,     1, CAL , NHL , R  , 82.0, 35.0,  40.0,  75.0,  50.0, -7.0 , 13.0, 18.0,  0.0,  0.0,  6.0, 1.0, 308.0,       ,      ,      ,        ,        ,        ,        ,        ,        ,        ,        ,      
bureva01 , 2000,     1, CAL , NHL , R  , 78.0, 27.0,  28.0,  55.0,  26.0, -21.0, 16.0, 11.0,  0.0,  0.0,  2.0, 0.0, 276.0,       ,      ,      ,        ,        ,        ,        ,        ,        ,        ,        ,      
bureva01 , 2001,     1, FLO , NHL , R  , 31.0,  8.0,  10.0,  18.0,  12.0, -3.0 ,  2.0,  6.0,  0.0,  0.0,  1.0, 0.0, 100.0,       ,      ,      ,        ,        ,        ,        ,        ,        ,        ,        ,      
bureva01 , 2002,     1, FLO , NHL , R  , 46.0,  5.0,  21.0,  26.0,  10.0, -11.0,  3.0, 12.0,  0.0,  0.0,  2.0, 0.0, 150.0,       ,      ,      ,        ,        ,        ,        ,        ,        ,        ,        ,      
bureva01 , 2002,     2, STL , NHL , R  ,  5.0,  0.0,   2.0,   2.0,   0.0, -2.0 ,  0.0,  2.0,  0.0,  0.0,  0.0, 0.0,  11.0,    6.0,   0.0,   2.0,     2.0,     8.0, 2.0    ,     0.0,     0.0,     0.0,     0.0,     0.0,    13.0
bureva01 , 2003,     1, FLO , NHL , R  , 55.0, 20.0,  25.0,  45.0,  20.0, 0.0  ,  8.0,  9.0,  0.0,  0.0,  4.0, 1.0, 175.0,       ,      ,      ,        ,        ,        ,        ,        ,        ,        ,        ,      
bureva01 , 2003,     2, DAL , NHL , R  , 13.0,  2.0,   5.0,   7.0,   6.0, 3.0  ,  0.0,  1.0,  0.0,  0.0,  0.0, 0.0,  34.0,    5.0,   0.0,   3.0,     3.0,     0.0, -1.0   ,     0.0,     2.0,     0.0,     0.0,     0.0,     9.0
burgedo01, 1972,     1, PHB , WHA , L  , 74.0, 20.0,  22.0,  42.0,  15.0,      ,  1.0,     ,  3.0,     ,     ,    ,      ,    4.0,   1.0,   0.0,     1.0,     0.0,        ,     0.0,        ,     0.0,        ,     0.0,      
burgedo01, 1973,     1, VAB , WHA , L  , 78.0, 30.0,  36.0,  66.0,   8.0,      ,  5.0,     ,  3.0,     ,  3.0,    ,      ,       ,      ,      ,        ,        ,        ,        ,        ,        ,        ,        ,      
burgedo01, 1974,     1, VAB , WHA , L  , 62.0, 11.0,  18.0,  29.0,  19.0, 2.0  ,  2.0,     ,  0.0,     ,     ,    , 131.0,       ,      ,      ,        ,        ,        ,        ,        ,        ,        ,        ,      
burgedo01, 1975,     1, SDM , WHA , L  , 73.0, 14.0,  11.0,  25.0,  35.0, -17.0,  2.0,     ,  0.0,     ,  1.0,    , 122.0,   11.0,   1.0,   7.0,     8.0,     4.0, -3.0   ,        ,        ,        ,        ,        ,      
burgedo01, 1976,     1, SDM , WHA , L  , 77.0, 20.0,  22.0,  42.0,   8.0, -8.0 ,  4.0,     ,  1.0,     ,     ,    , 167.0,    7.0,   2.0,   2.0,     4.0,     0.0, -2.0   ,        ,        ,        ,        ,     0.0,      
burgedo01, 1977,     1, IND , WHA , L  , 79.0, 11.0,  12.0,  23.0,   2.0, -30.0,  2.0,     ,  0.0,     ,     ,    , 100.0,       ,      ,      ,        ,        ,        ,        ,        ,        ,        ,        ,      
burgedo01, 1978,     1, IND , WHA , L  ,  3.0,  1.0,   1.0,   2.0,   0.0, -4.0 ,  0.0,     ,  0.0,     ,     ,    ,   3.0,       ,      ,      ,        ,        ,        ,        ,        ,        ,        ,        ,      
burisad01, 2006,     1, CHI , NHL , R  ,  9.0,  0.0,   0.0,   0.0,   2.0, -4.0 ,  0.0,  0.0,  0.0,  0.0,  0.0,    ,  12.0,       ,      ,      ,        ,        ,        ,        ,        ,        ,        ,        ,      
burisad01, 2007,     1, CHI , NHL , R  , 81.0,  4.0,   4.0,   8.0, 214.0, -13.0,  0.0,  0.0,  1.0,  0.0,  1.0,    ,  69.0,       ,      ,      ,        ,        ,        ,        ,        ,        ,        ,        ,      
burisad01, 2008,     1, CHI , NHL , R  , 66.0,  6.0,   3.0,   9.0,  93.0, 3.0  ,  0.0,  0.0,  0.0,  0.0,  2.0,    ,  83.0,   17.0,   3.0,   2.0,     5.0,    30.0, 3.0    ,     0.0,     0.0,     0.0,     0.0,     1.0,    23.0
burisad01, 2009,     1, CHI , NHL , C  , 13.0,  1.0,   3.0,   4.0,  14.0, 2.0  ,  0.0,  0.0,  0.0,  0.0,  0.0,    ,   9.0,   15.0,   0.0,   0.0,     0.0,     2.0, -1.0   ,     0.0,     0.0,     0.0,     0.0,     0.0,    15.0
burkeed01, 1931,     1, BOS , NHL , W  , 16.0,  3.0,   0.0,   3.0,  12.0,      ,     ,     ,     ,     ,     ,    ,      ,       ,      ,      ,        ,        ,        ,        ,        ,        ,        ,        ,      
burkeed01, 1932,     1, NYA , NHL , W  , 15.0,  2.0,   0.0,   2.0,   4.0,      ,     ,     ,     ,     ,     ,    ,      ,       ,      ,      ,        ,        ,        ,        ,        ,        ,        ,        ,      
burkeed01, 1933,     1, NYA , NHL , W  , 46.0, 20.0,  10.0,  30.0,  24.0,      ,     ,     ,     ,     ,     ,    ,      ,       ,      ,      ,        ,        ,        ,        ,        ,        ,        ,        ,      
burkeed01, 1934,     1, NYA , NHL , W  , 29.0,  4.0,  10.0,  14.0,  15.0,      ,     ,     ,     ,     ,     ,    ,      ,       ,      ,      ,        ,        ,        ,        ,        ,        ,        ,        ,      
burkema01, 1927,     1, MTL , NHL , D  , 11.0,  1.0,   0.0,   1.0,  10.0,      ,     ,     ,     ,     ,     ,    ,      ,       ,      ,      ,        ,        ,        ,        ,        ,        ,        ,        ,      
burkema01, 1927,     2, PIP , NHL , D  , 35.0,  1.0,   1.0,   2.0,  51.0,      ,     ,     ,     ,     ,     ,    ,      ,    2.0,   1.0,   0.0,     1.0,     2.0,        ,        ,        ,        ,        ,        ,      
burkema01, 1928,     1, MTL , NHL , D  , 44.0,  4.0,   2.0,   6.0,  68.0,      ,     ,     ,     ,     ,     ,    ,      ,    3.0,   0.0,   0.0,     0.0,     8.0,        ,        ,        ,        ,        ,        ,      
burkema01, 1929,     1, MTL , NHL , D  , 44.0,  2.0,  11.0,  13.0,  71.0,      ,     ,     ,     ,     ,     ,    ,      ,    6.0,   0.0,   1.0,     1.0,     6.0,        ,        ,        ,        ,        ,        ,      
burkema01, 1930,     1, MTL , NHL , D  , 44.0,  2.0,   5.0,   7.0,  91.0,      ,     ,     ,     ,     ,     ,    ,      ,   10.0,   1.0,   2.0,     3.0,    10.0,        ,        ,        ,        ,        ,        ,      
burkema01, 1931,     1, MTL , NHL , D  , 48.0,  3.0,   6.0,   9.0,  50.0,      ,     ,     ,     ,     ,     ,    ,      ,    4.0,   0.0,   0.0,     0.0,    12.0,        ,        ,        ,        ,        ,        ,      
burkema01, 1932,     1, MTL , NHL , D  , 29.0,  2.0,   5.0,   7.0,  36.0,      ,     ,     ,     ,     ,     ,    ,      ,       ,      ,      ,        ,        ,        ,        ,        ,        ,        ,        ,      
burkema01, 1932,     2, OTS , NHL , D  , 16.0,  0.0,   0.0,   0.0,  10.0,      ,     ,     ,     ,     ,     ,    ,      ,       ,      ,      ,        ,        ,        ,        ,        ,        ,        ,        ,      
burkema01, 1933,     1, MTL , NHL , D  , 45.0,  1.0,   4.0,   5.0,  28.0,      ,     ,     ,     ,     ,     ,    ,      ,    2.0,   0.0,   1.0,     1.0,     2.0,        ,        ,        ,        ,        ,        ,      
burkema01, 1934,     1, CHI , NHL , D  , 47.0,  2.0,   2.0,   4.0,  29.0,      ,     ,     ,     ,     ,     ,    ,      ,    2.0,   0.0,   0.0,     0.0,     2.0,        ,        ,        ,        ,        ,        ,      
burkema01, 1935,     1, CHI , NHL , D  , 40.0,  0.0,   3.0,   3.0,  49.0,      ,     ,     ,     ,     ,     ,    ,      ,    2.0,   0.0,   0.0,     0.0,     2.0,        ,        ,        ,        ,        ,        ,      
burkema01, 1936,     1, CHI , NHL , D  , 41.0,  1.0,   3.0,   4.0,  28.0,      ,     ,     ,     ,     ,     ,    ,      ,       ,      ,      ,        ,        ,        ,        ,        ,        ,        ,        ,      
burkema01, 1937,     1, CHI , NHL , D  , 12.0,  0.0,   0.0,   0.0,   8.0,      ,     ,     ,     ,     ,     ,    ,      ,       ,      ,      ,        ,        ,        ,        ,        ,        ,        ,        ,      
burkema01, 1937,     2, MTL , NHL , D  , 38.0,  0.0,   5.0,   5.0,  31.0,      ,     ,     ,     ,     ,     ,    ,      ,       ,      ,      ,        ,        ,        ,        ,        ,        ,        ,        ,      
burkese01, 1987,     1, NJD , NHL , G  , 13.0,  0.0,   1.0,   1.0,   6.0, 0.0  ,  0.0,     ,  0.0,     ,  0.0, 0.0,   0.0,   17.0,   0.0,   0.0,     0.0,    14.0, 0.0    ,     0.0,     0.0,     0.0,     0.0,     0.0,     0.0
burkese01, 1988,     1, NJD , NHL , G  , 62.0,  0.0,   3.0,   3.0,  54.0, 0.0  ,  0.0,     ,  0.0,     ,  0.0, 0.0,   0.0,       ,      ,      ,        ,        ,        ,        ,        ,        ,        ,        ,      
burkese01, 1989,     1, NJD , NHL , G  , 52.0,  0.0,   1.0,   1.0,  38.0, 0.0  ,  0.0,     ,  0.0,     ,  0.0, 0.0,   0.0,    2.0,   0.0,   0.0,     0.0,     2.0, 0.0    ,     0.0,     0.0,     0.0,     0.0,     0.0,     0.0
burkese01, 1990,     1, NJD , NHL , G  , 35.0,  0.0,   0.0,   0.0,  18.0, 0.0  ,  0.0,  0.0,  0.0,  0.0,  0.0, 0.0,   0.0,       ,      ,      ,        ,        ,        ,        ,        ,        ,        ,        ,      
burkese01, 1992,     1, HAR , NHL , G  , 50.0,  0.0,   2.0,   2.0,  25.0, 0.0  ,  0.0,  1.0,  0.0,  0.0,  0.0, 0.0,   0.0,       ,      ,      ,        ,        ,        ,        ,        ,        ,        ,        ,      
burkese01, 1993,     1, HAR , NHL , G  , 47.0,  0.0,   0.0,   0.0,  16.0, 0.0  ,  0.0,  0.0,  0.0,  0.0,  0.0, 0.0,   0.0,       ,      ,      ,        ,        ,        ,        ,        ,        ,        ,        ,      
burkese01, 1994,     1, HAR , NHL , G  , 42.0,  0.0,   1.0,   1.0,   8.0, 0.0  ,  0.0,  0.0,  0.0,  0.0,  0.0, 0.0,   0.0,       ,      ,      ,        ,        ,        ,        ,        ,        ,        ,        ,      
burkese01, 1995,     1, HAR , NHL , G  , 66.0,  0.0,   6.0,   6.0,  16.0, 0.0  ,  0.0,  2.0,  0.0,  0.0,  0.0, 0.0,   1.0,       ,      ,      ,        ,        ,        ,        ,        ,        ,        ,        ,      
burkese01, 1996,     1, HAR , NHL , G  , 51.0,  0.0,   2.0,   2.0,  14.0, 0.0  ,  0.0,  0.0,  0.0,  0.0,  0.0, 0.0,   0.0,       ,      ,      ,        ,        ,        ,        ,        ,        ,        ,        ,      
burkese01, 1997,     1, CAR , NHL , G  , 25.0,  0.0,   1.0,   1.0,   6.0, 0.0  ,  0.0,  0.0,  0.0,  1.0,  0.0, 0.0,   0.0,       ,      ,      ,        ,        ,        ,        ,        ,        ,        ,        ,      
burkese01, 1997,     2, VAN , NHL , G  , 16.0,  0.0,   1.0,   1.0,  14.0, 0.0  ,  0.0,  0.0,  0.0,  0.0,  0.0, 0.0,   0.0,       ,      ,      ,        ,        ,        ,        ,        ,        ,        ,        ,      
burkese01, 1997,     3, PHI , NHL , G  , 11.0,  0.0,   0.0,   0.0,   0.0, 0.0  ,  0.0,  0.0,  0.0,  0.0,  0.0, 0.0,   0.0,    5.0,   0.0,   0.0,     0.0,     0.0, 0.0    ,     0.0,     0.0,     0.0,     0.0,     0.0,     0.0
burkese01, 1998,     1, FLO , NHL , G  , 59.0,  0.0,   4.0,   4.0,  27.0, 0.0  ,  0.0,  3.0,  0.0,  0.0,  0.0, 0.0,   0.0,       ,      ,      ,        ,        ,        ,        ,        ,        ,        ,        ,      
burkese01, 1999,     1, FLO , NHL , G  ,  7.0,  0.0,   0.0,   0.0,   2.0, 0.0  ,  0.0,  0.0,  0.0,  0.0,  0.0, 0.0,   0.0,       ,      ,      ,        ,        ,        ,        ,        ,        ,        ,        ,      
burkese01, 1999,     2, PHO , NHL , G  , 35.0,  0.0,   0.0,   0.0,  10.0, 0.0  ,  0.0,  0.0,  0.0,  0.0,  0.0, 0.0,   0.0,    5.0,   0.0,   0.0,     0.0,     0.0, 0.0    ,     0.0,     0.0,     0.0,     0.0,     0.0,     0.0
burkese01, 2000,     1, PHO , NHL , G  , 62.0,  0.0,   1.0,   1.0,  16.0, 0.0  ,  0.0,  0.0,  0.0,  0.0,  0.0, 0.0,   0.0,       ,      ,      ,        ,        ,        ,        ,        ,        ,        ,        ,      
burkese01, 2001,     1, PHO , NHL , G  , 60.0,  0.0,   1.0,   1.0,  14.0, 0.0  ,  0.0,  0.0,  0.0,  0.0,  0.0, 0.0,   0.0,    5.0,   0.0,   2.0,     2.0,     0.0, 0.0    ,     0.0,     1.0,     0.0,     0.0,     0.0,     0.0
burkese01, 2002,     1, PHO , NHL , G  , 22.0,  0.0,   0.0,   0.0,   4.0, 0.0  ,  0.0,  0.0,  0.0,  0.0,  0.0, 0.0,   0.0,       ,      ,      ,        ,        ,        ,        ,        ,        ,        ,        ,      
burkese01, 2003,     1, PHO , NHL , G  , 32.0,  0.0,   2.0,   2.0,   8.0, 0.0  ,  0.0,  1.0,  0.0,  0.0,  0.0, 0.0,   0.0,       ,      ,      ,        ,        ,        ,        ,        ,        ,        ,        ,      
burkese01, 2003,     2, PHI , NHL , G  , 15.0,  0.0,   0.0,   0.0,   0.0, 0.0  ,  0.0,  0.0,  0.0,  0.0,  0.0, 0.0,   0.0,    1.0,   0.0,   0.0,     0.0,     0.0, 0.0    ,     0.0,     0.0,     0.0,     0.0,     0.0,     0.0
burkese01, 2005,     1, TBL , NHL , G  , 35.0,  0.0,   1.0,   1.0,  10.0, 0.0  ,  0.0,  0.0,  0.0,  1.0,  0.0,    ,   0.0,    3.0,   0.0,   0.0,     0.0,     0.0, 0.0    ,     0.0,     0.0,     0.0,     0.0,     0.0,     0.0
burkese01, 2006,     1, LAK , NHL , G  , 23.0,  0.0,   1.0,   1.0,   4.0, 0.0  ,  0.0,  1.0,  0.0,  0.0,  0.0,    ,   0.0,       ,      ,      ,        ,        ,        ,        ,        ,        ,        ,        ,      
burmiro01, 1929,     1, NYA , NHL , L  , 40.0,  1.0,   1.0,   2.0,   2.0,      ,     ,     ,     ,     ,     ,    ,      ,       ,      ,      ,        ,        ,        ,        ,        ,        ,        ,        ,      
burmiro01, 1930,     1, NYA , NHL , L  , 11.0,  0.0,   0.0,   0.0,   0.0,      ,     ,     ,     ,     ,     ,    ,      ,       ,      ,      ,        ,        ,        ,        ,        ,        ,        ,        ,      
burmiro01, 1931,     1, NYA , NHL , L  , 16.0,  3.0,   2.0,   5.0,   2.0,      ,     ,     ,     ,     ,     ,    ,      ,       ,      ,      ,        ,        ,        ,        ,        ,        ,        ,        ,      
burnega01, 2003,     1, ANA , NHL , L  , 39.0,  1.0,   2.0,   3.0, 184.0, 0.0  ,  0.0,  0.0,  0.0,  0.0,  0.0, 0.0,  24.0,       ,      ,      ,        ,        ,        ,        ,        ,        ,        ,        ,      
burneke01, 1952,     1, NYR , NHL , C  ,  3.0,  1.0,   0.0,   1.0,   0.0,      ,     ,     ,     ,     ,     ,    ,      ,       ,      ,      ,        ,        ,        ,        ,        ,        ,        ,        ,      
burnsbo01, 1927,     1, CHI , NHL , L  ,  1.0,  0.0,   0.0,   0.0,   0.0,      ,     ,     ,     ,     ,     ,    ,      ,       ,      ,      ,        ,        ,        ,        ,        ,        ,        ,        ,      
burnsbo01, 1928,     1, CHI , NHL , L  ,  7.0,  0.0,   0.0,   0.0,   6.0,      ,     ,     ,     ,     ,     ,    ,      ,       ,      ,      ,        ,        ,        ,        ,        ,        ,        ,        ,      
burnsbo01, 1929,     1, CHI , NHL , L  , 12.0,  1.0,   0.0,   1.0,   2.0,      ,     ,     ,     ,     ,     ,    ,      ,       ,      ,      ,        ,        ,        ,        ,        ,        ,        ,        ,      
burnsbr01, 2003,     1, MIN , NHL , R  , 36.0,  1.0,   5.0,   6.0,  12.0, -10.0,  0.0,  2.0,  0.0,  0.0,  0.0, 0.0,  34.0,       ,      ,      ,        ,        ,        ,        ,        ,        ,        ,        ,      
burnsbr01, 2005,     1, MIN , NHL , R  , 72.0,  4.0,  12.0,  16.0,  32.0, -7.0 ,  1.0,  3.0,  0.0,  1.0,  1.0,    ,  73.0,       ,      ,      ,        ,        ,        ,        ,        ,        ,        ,        ,      
burnsbr01, 2006,     1, MIN , NHL , D  , 77.0,  7.0,  18.0,  25.0,  26.0, 16.0 ,  3.0,  4.0,  0.0,  1.0,  3.0,    , 108.0,    5.0,   0.0,   1.0,     1.0,    14.0, 1.0    ,     0.0,     0.0,     0.0,     0.0,     0.0,    12.0
burnsbr01, 2007,     1, MIN , NHL , D  , 82.0, 15.0,  28.0,  43.0,  80.0, 12.0 ,  8.0, 11.0,  0.0,  1.0,  4.0,    , 158.0,    6.0,   0.0,   2.0,     2.0,     6.0, 0.0    ,     0.0,     2.0,     0.0,     0.0,     0.0,    17.0
burnsbr01, 2008,     1, MIN , NHL , D  , 59.0,  8.0,  19.0,  27.0,  45.0, -7.0 ,  4.0, 10.0,  0.0,  0.0,  2.0,    , 147.0,       ,      ,      ,        ,        ,        ,        ,        ,        ,        ,        ,      
burnsbr01, 2009,     1, MIN , NHL , D  , 47.0,  3.0,  17.0,  20.0,  32.0, -15.0,  2.0,  9.0,  0.0,  0.0,  0.0,    , 104.0,       ,      ,      ,        ,        ,        ,        ,        ,        ,        ,        ,      
burnsch01, 1958,     1, DET , NHL , C  , 70.0,  9.0,  11.0,  20.0,  32.0,      ,     ,     ,     ,     ,     ,    ,      ,       ,      ,      ,        ,        ,        ,        ,        ,        ,        ,        ,      
burnsch01, 1959,     1, BOS , NHL , C  , 62.0, 10.0,  17.0,  27.0,  46.0,      ,     ,     ,     ,     ,     ,    ,      ,       ,      ,      ,        ,        ,        ,        ,        ,        ,        ,        ,      
burnsch01, 1960,     1, BOS , NHL , C  , 62.0, 15.0,  26.0,  41.0,  16.0,      ,     ,     ,     ,     ,     ,    ,      ,       ,      ,      ,        ,        ,        ,        ,        ,        ,        ,        ,      
burnsch01, 1961,     1, BOS , NHL , C  , 70.0, 11.0,  17.0,  28.0,  43.0,      ,     ,     ,     ,     ,     ,    ,      ,       ,      ,      ,        ,        ,        ,        ,        ,        ,        ,        ,      
burnsch01, 1962,     1, BOS , NHL , C  , 68.0, 12.0,  10.0,  22.0,  13.0,      ,     ,     ,     ,     ,     ,    ,      ,       ,      ,      ,        ,        ,        ,        ,        ,        ,        ,        ,      
burnsch01, 1967,     1, OAK , NHL , L  , 73.0,  9.0,  26.0,  35.0,  20.0, -14.0,  1.0,     ,  2.0,     ,  1.0, 0.0, 119.0,       ,      ,      ,        ,        ,        ,        ,        ,        ,        ,        ,      
burnsch01, 1968,     1, PIT , NHL , C  , 76.0, 13.0,  38.0,  51.0,  22.0, -9.0 ,  1.0,     ,  1.0,     ,  1.0, 1.0, 133.0,       ,      ,      ,        ,        ,        ,        ,        ,        ,        ,        ,      
burnsch01, 1969,     1, MNS , NHL , L  , 50.0,  3.0,  13.0,  16.0,  10.0, -4.0 ,  0.0,     ,  1.0,     ,  0.0, 0.0,  61.0,    6.0,   1.0,   0.0,     1.0,     2.0,        ,     0.0,        ,     0.0,        ,     0.0,      
burnsch01, 1970,     1, MNS , NHL , L  , 76.0,  9.0,  19.0,  28.0,  13.0, 0.0  ,  0.0,     ,  0.0,     ,  1.0, 1.0, 110.0,   12.0,   3.0,   3.0,     6.0,     2.0,        ,     0.0,        ,     0.0,        ,     1.0,      
burnsch01, 1971,     1, MNS , NHL , L  , 77.0, 11.0,  14.0,  25.0,  24.0, 5.0  ,  0.0,     ,  1.0,     ,  2.0, 0.0,  88.0,    7.0,   1.0,   1.0,     2.0,     2.0,        ,     0.0,        ,     0.0,        ,     0.0,      
burnsch01, 1972,     1, MNS , NHL , L  , 65.0,  4.0,   7.0,  11.0,  13.0, -3.0 ,  0.0,     ,  1.0,     ,  0.0, 1.0,  41.0,    6.0,   0.0,   0.0,     0.0,     0.0,        ,     0.0,        ,     0.0,        ,     0.0,      
burnsga01, 1980,     1, NYR , NHL , C  , 11.0,  2.0,   2.0,   4.0,  18.0, -9.0 ,  0.0,     ,  0.0,     ,  1.0, 0.0,  13.0,    1.0,   0.0,   0.0,     0.0,     2.0,        ,     0.0,        ,     0.0,        ,     0.0,      
burnsga01, 1981,     1, NYR , NHL , L  ,     ,     ,      ,      ,      ,      ,     ,     ,     ,     ,     ,    ,      ,    4.0,   0.0,   0.0,     0.0,     4.0,        ,     0.0,        ,     0.0,        ,     0.0,      
burnsno01, 1941,     1, NYR , NHL , C  , 11.0,  0.0,   4.0,   4.0,   2.0,      ,     ,     ,     ,     ,     ,    ,      ,       ,      ,      ,        ,        ,        ,        ,        ,        ,        ,        ,      
burnsro01, 1970,     1, PIT , NHL , L  , 10.0,  0.0,   3.0,   3.0,   4.0, 1.0  ,  0.0,     ,  0.0,     ,  0.0, 0.0,  10.0,       ,      ,      ,        ,        ,        ,        ,        ,        ,        ,        ,      
burnsro01, 1971,     1, PIT , NHL , L  ,  5.0,  0.0,   0.0,   0.0,   8.0, -4.0 ,  0.0,     ,  0.0,     ,  0.0, 0.0,   4.0,       ,      ,      ,        ,        ,        ,        ,        ,        ,        ,        ,      
burnsro01, 1972,     1, PIT , NHL , L  , 26.0,  0.0,   2.0,   2.0,  20.0, -6.0 ,  0.0,     ,  0.0,     ,  0.0, 0.0,  26.0,       ,      ,      ,        ,        ,        ,        ,        ,        ,        ,        ,      
burnsro01, 1974,     1, KCS , NHL , L  , 71.0, 18.0,  15.0,  33.0,  70.0, -40.0,  7.0,     ,  0.0,     ,  1.0, 3.0, 126.0,       ,      ,      ,        ,        ,        ,        ,        ,        ,        ,        ,      
burnsro01, 1975,     1, KCS , NHL , L  , 78.0, 13.0,  18.0,  31.0,  37.0, -40.0,  2.0,     ,  0.0,     ,  0.0, 0.0, 145.0,       ,      ,      ,        ,        ,        ,        ,        ,        ,        ,        ,      
burrira01, 1985,     1, BOS , NHL , L  , 52.0, 17.0,  25.0,  42.0,  28.0, 17.0 ,  1.0,     ,  0.0,     ,  2.0, 0.0,  90.0,    3.0,   0.0,   4.0,     4.0,    12.0, 2.0    ,     0.0,        ,     0.0,        ,     0.0,     3.0
burrira01, 1986,     1, BOS , NHL , L  , 23.0,  1.0,   4.0,   5.0,  16.0, -6.0 ,  0.0,     ,  0.0,     ,  1.0, 0.0,  27.0,    2.0,   1.0,   0.0,     1.0,     2.0, -2.0   ,     0.0,        ,     0.0,        ,     0.0,     2.0
burrira01, 1987,     1, BOS , NHL , L  , 79.0, 27.0,  28.0,  55.0, 105.0, 0.0  ,  5.0,  7.0,  3.0,  1.0,  3.0, 1.0, 159.0,   23.0,   2.0,  10.0,    12.0,    16.0, 9.0    ,     0.0,     0.0,     0.0,     0.0,     0.0,    33.0
burrira01, 1988,     1, BOS , NHL , L  , 80.0, 31.0,  30.0,  61.0,  39.0, 19.0 ,  6.0,  8.0,  2.0,  1.0,  6.0, 1.0, 189.0,   10.0,   5.0,   2.0,     7.0,     8.0, 6.0    ,     1.0,     1.0,     1.0,     0.0,     0.0,    22.0
burrira01, 1989,     1, BOS , NHL , L  , 63.0, 17.0,  15.0,  32.0,  47.0, 9.0  ,  7.0,  5.0,  0.0,  0.0,  1.0, 0.0, 118.0,   21.0,   4.0,  11.0,    15.0,    14.0, 2.0    ,     0.0,     5.0,     1.0,     0.0,     0.0,    39.0
burrira01, 1990,     1, BOS , NHL , L  , 62.0, 15.0,  13.0,  28.0,  40.0, 17.0 ,  1.0,  1.0,  0.0,  1.0,  4.0, 0.0, 108.0,   19.0,   0.0,   3.0,     3.0,    39.0, -5.0   ,     0.0,     0.0,     0.0,     0.0,     0.0,    20.0
burrira01, 1991,     1, WAS , NHL , L  , 66.0, 23.0,  44.0,  67.0,  50.0, -4.0 ,  9.0, 23.0,  0.0,  2.0,  3.0, 0.0, 131.0,    2.0,   0.0,   1.0,     1.0,     0.0, 2.0    ,     0.0,     0.0,     0.0,     0.0,     0.0,     6.0
burrira01, 1992,     1, WAS , NHL , L  ,  4.0,  0.0,   0.0,   0.0,   0.0, 1.0  ,  0.0,  0.0,  0.0,  0.0,  0.0, 0.0,   7.0,    4.0,   1.0,   0.0,     1.0,     0.0, -3.0   ,     0.0,     0.0,     0.0,     0.0,     0.0,     2.0
burrira01, 1993,     1, WAS , NHL , L  , 78.0, 25.0,  17.0,  42.0,  73.0, -1.0 ,  8.0,  5.0,  1.0,  0.0,  5.0, 0.0, 150.0,   11.0,   0.0,   2.0,     2.0,    12.0, -3.0   ,     0.0,     0.0,     0.0,     0.0,     0.0,    11.0
burrira01, 1994,     1, WAS , NHL , L  ,  2.0,  0.0,   0.0,   0.0,   2.0, 0.0  ,  0.0,  0.0,  0.0,  0.0,  0.0, 0.0,   2.0,       ,      ,      ,        ,        ,        ,        ,        ,        ,        ,        ,      
burrira01, 1994,     2, LAK , NHL , L  , 38.0,  4.0,  15.0,  19.0,   8.0, -4.0 ,  2.0,  3.0,  0.0,  0.0,  0.0, 0.0,  50.0,       ,      ,      ,        ,        ,        ,        ,        ,        ,        ,        ,      
burrira01, 1995,     1, BUF , NHL , L  , 74.0, 25.0,  33.0,  58.0,  30.0, 0.0  ,  6.0, 16.0,  0.0,  0.0,  3.0, 0.0, 154.0,       ,      ,      ,        ,        ,        ,        ,        ,        ,        ,        ,      
burrira01, 1996,     1, BUF , NHL , L  , 55.0, 10.0,  21.0,  31.0,  20.0, 17.0 ,  1.0,  4.0,  3.0,  1.0,  0.0, 0.0,  85.0,   12.0,   5.0,   1.0,     6.0,     2.0, -5.0   ,     3.0,     1.0,     0.0,     0.0,     0.0,    26.0
burrira01, 1997,     1, BUF , NHL , L  , 30.0,  4.0,   6.0,  10.0,   0.0, 0.0  ,  1.0,  0.0,  0.0,  1.0,  1.0, 0.0,  40.0,       ,      ,      ,        ,        ,        ,        ,        ,        ,        ,        ,      
burroal01, 2005,     1, VAN , NHL , L  , 43.0,  7.0,   5.0,  12.0,  61.0, 5.0  ,  0.0,  0.0,  1.0,  0.0,  1.0,    ,  49.0,       ,      ,      ,        ,        ,        ,        ,        ,        ,        ,        ,      
burroal01, 2006,     1, VAN , NHL , L  , 81.0,  3.0,   6.0,   9.0,  93.0, -7.0 ,  0.0,  1.0,  0.0,  0.0,  1.0,    ,  70.0,   11.0,   1.0,   0.0,     1.0,    14.0, 0.0    ,     0.0,     0.0,     0.0,     0.0,     0.0,    12.0
burroal01, 2007,     1, VAN , NHL , L  , 82.0, 12.0,  19.0,  31.0, 179.0, 11.0 ,  1.0,  0.0,  3.0,  1.0,  3.0,    , 126.0,       ,      ,      ,        ,        ,        ,        ,        ,        ,        ,        ,      
burroal01, 2008,     1, VAN , NHL , L  , 82.0, 28.0,  23.0,  51.0, 150.0, 23.0 ,  0.0,  0.0,  4.0,  1.0,  3.0,    , 175.0,   10.0,   3.0,   1.0,     4.0,    20.0, 3.0    ,     0.0,     0.0,     0.0,     0.0,     1.0,    22.0
burroal01, 2009,     1, VAN , NHL , L  , 82.0, 35.0,  32.0,  67.0, 121.0, 34.0 ,  4.0,  2.0,  5.0,  2.0,  3.0,    , 209.0,   12.0,   3.0,   3.0,     6.0,    22.0, 4.0    ,     0.0,     1.0,     0.0,     0.0,     0.0,    27.0
burroda01, 1971,     1, PIT , NHL , D  , 77.0,  2.0,  10.0,  12.0,  48.0, -7.0 ,  0.0,     ,  0.0,     ,  0.0, 0.0, 100.0,    4.0,   0.0,   0.0,     0.0,     4.0,        ,     0.0,        ,     0.0,        ,     0.0,      
burroda01, 1972,     1, PIT , NHL , D  , 78.0,  3.0,  24.0,  27.0,  42.0, -4.0 ,  0.0,     ,  0.0,     ,  0.0, 1.0, 132.0,       ,      ,      ,        ,        ,        ,        ,        ,        ,        ,        ,      
burroda01, 1973,     1, PIT , NHL , D  , 71.0,  3.0,  14.0,  17.0,  30.0, -13.0,  2.0,     ,  0.0,     ,  0.0, 0.0, 123.0,       ,      ,      ,        ,        ,        ,        ,        ,        ,        ,        ,      
burroda01, 1974,     1, PIT , NHL , D  , 78.0,  2.0,  15.0,  17.0,  49.0, 3.0  ,  0.0,     ,  0.0,     ,  1.0, 0.0, 126.0,    9.0,   1.0,   1.0,     2.0,    12.0,        ,     0.0,        ,     0.0,        ,     1.0,      
burroda01, 1975,     1, PIT , NHL , D  , 80.0,  7.0,  22.0,  29.0,  51.0, 27.0 ,  1.0,     ,  1.0,     ,  1.0, 0.0, 125.0,    3.0,   0.0,   0.0,     0.0,     0.0,        ,     0.0,        ,     0.0,        ,     0.0,      
burroda01, 1976,     1, PIT , NHL , D  , 69.0,  3.0,   6.0,   9.0,  29.0, -15.0,  1.0,     ,  0.0,     ,  1.0, 0.0,  92.0,    3.0,   0.0,   2.0,     2.0,     0.0,        ,     0.0,        ,     0.0,        ,     0.0,      
burroda01, 1977,     1, PIT , NHL , D  , 67.0,  4.0,  15.0,  19.0,  24.0, -30.0,  0.0,     ,  0.0,     ,  1.0, 1.0,  92.0,       ,      ,      ,        ,        ,        ,        ,        ,        ,        ,        ,      
burroda01, 1978,     1, TOR , NHL , D  , 65.0,  2.0,  11.0,  13.0,  28.0, -10.0,  0.0,     ,  0.0,     ,  0.0, 0.0,  70.0,    6.0,   0.0,   1.0,     1.0,     7.0,        ,     0.0,        ,     0.0,        ,     0.0,      
burroda01, 1979,     1, TOR , NHL , D  , 80.0,  3.0,  16.0,  19.0,  42.0, 0.0  ,  0.0,     ,  0.0,     ,  0.0, 0.0, 102.0,    3.0,   0.0,   1.0,     1.0,     2.0,        ,     0.0,        ,     0.0,        ,     0.0,      
burroda01, 1980,     1, TOR , NHL , D  ,  6.0,  0.0,   0.0,   0.0,   2.0, -4.0 ,  0.0,     ,  0.0,     ,  0.0, 0.0,   3.0,       ,      ,      ,        ,        ,        ,        ,        ,        ,        ,        ,      
burroda01, 1980,     2, PIT , NHL , D  , 53.0,  0.0,   2.0,   2.0,  28.0, -13.0,  0.0,     ,  0.0,     ,  0.0, 0.0,  32.0,    1.0,   0.0,   0.0,     0.0,     0.0,        ,     0.0,        ,     0.0,        ,     0.0,      
burrsh01 , 1984,     1, DET , NHL , L  ,  9.0,  0.0,   0.0,   0.0,   2.0, -4.0 ,  0.0,     ,  0.0,     ,  0.0, 0.0,   4.0,       ,      ,      ,        ,        ,        ,        ,        ,        ,        ,        ,      
burrsh01 , 1985,     1, DET , NHL , C  ,  5.0,  1.0,   0.0,   1.0,   4.0, 1.0  ,  1.0,     ,  0.0,     ,  0.0, 0.0,   6.0,       ,      ,      ,        ,        ,        ,        ,        ,        ,        ,        ,      
burrsh01 , 1986,     1, DET , NHL , C  , 80.0, 22.0,  25.0,  47.0, 107.0, 2.0  ,  1.0,     ,  2.0,     ,  1.0, 0.0, 153.0,   16.0,   7.0,   2.0,     9.0,    20.0, 1.0    ,     0.0,        ,     0.0,        ,     2.0,    29.0
burrsh01 , 1987,     1, DET , NHL , C  , 78.0, 17.0,  23.0,  40.0,  97.0, 7.0  ,  5.0,  2.0,  3.0,  2.0,  3.0, 0.0, 124.0,    9.0,   3.0,   1.0,     4.0,    14.0, -3.0   ,     0.0,     0.0,     0.0,     0.0,     1.0,    17.0
burrsh01 , 1988,     1, DET , NHL , L  , 79.0, 19.0,  27.0,  46.0,  78.0, 5.0  ,  1.0,  2.0,  4.0,  2.0,  2.0, 0.0, 149.0,    6.0,   1.0,   2.0,     3.0,     6.0, 2.0    ,     0.0,     0.0,     0.0,     0.0,     0.0,     8.0
burrsh01 , 1989,     1, DET , NHL , L  , 76.0, 24.0,  32.0,  56.0,  82.0, 14.0 ,  4.0,  6.0,  3.0,  3.0,  2.0, 0.0, 173.0,       ,      ,      ,        ,        ,        ,        ,        ,        ,        ,        ,      
burrsh01 , 1990,     1, DET , NHL , L  , 80.0, 20.0,  30.0,  50.0, 112.0, 14.0 ,  6.0,  3.0,  0.0,  2.0,  4.0, 0.0, 164.0,    7.0,   0.0,   4.0,     4.0,    15.0, -3.0   ,     0.0,     0.0,     0.0,     0.0,     0.0,    17.0
burrsh01 , 1991,     1, DET , NHL , L  , 79.0, 19.0,  32.0,  51.0, 118.0, 26.0 ,  2.0,  0.0,  0.0,  3.0,  3.0, 1.0, 140.0,   11.0,   1.0,   5.0,     6.0,    10.0, 4.0    ,     0.0,     0.0,     0.0,     1.0,     0.0,    20.0
burrsh01 , 1992,     1, DET , NHL , L  , 80.0, 10.0,  25.0,  35.0,  74.0, 18.0 ,  1.0,  0.0,  1.0,  6.0,  2.0, 0.0,  99.0,    7.0,   2.0,   1.0,     3.0,     2.0, -2.0   ,     0.0,     0.0,     1.0,     1.0,     0.0,     8.0
burrsh01 , 1993,     1, DET , NHL , L  , 51.0, 10.0,  12.0,  22.0,  31.0, 12.0 ,  0.0,  0.0,  1.0,  3.0,  1.0, 0.0,  64.0,    7.0,   2.0,   0.0,     2.0,     6.0, 3.0    ,     0.0,     0.0,     0.0,     0.0,     2.0,    13.0
burrsh01 , 1994,     1, DET , NHL , L  , 42.0,  6.0,   8.0,  14.0,  60.0, 13.0 ,  0.0,  0.0,  0.0,  0.0,  3.0, 0.0,  65.0,   16.0,   0.0,   2.0,     2.0,     6.0, -2.0   ,     0.0,     0.0,     0.0,     0.0,     0.0,    20.0
burrsh01 , 1995,     1, TBL , NHL , L  , 81.0, 13.0,  15.0,  28.0, 119.0, 4.0  ,  1.0,  0.0,  0.0,  0.0,  2.0, 0.0, 122.0,    6.0,   0.0,   2.0,     2.0,     8.0, 0.0    ,     0.0,     0.0,     0.0,     1.0,     0.0,     5.0
burrsh01 , 1996,     1, TBL , NHL , L  , 74.0, 14.0,  21.0,  35.0, 106.0, 5.0  ,  1.0,  4.0,  0.0,  0.0,  3.0, 0.0, 128.0,       ,      ,      ,        ,        ,        ,        ,        ,        ,        ,        ,      
burrsh01 , 1997,     1, SJS , NHL , L  , 42.0,  6.0,   6.0,  12.0,  50.0, 2.0  ,  0.0,  0.0,  0.0,  0.0,  0.0, 0.0,  63.0,    6.0,   0.0,   0.0,     0.0,     8.0, -1.0   ,     0.0,     0.0,     0.0,     0.0,     0.0,     4.0
burrsh01 , 1998,     1, SJS , NHL , L  , 18.0,  0.0,   1.0,   1.0,  29.0, -3.0 ,  0.0,  1.0,  0.0,  0.0,  0.0, 0.0,  22.0,       ,      ,      ,        ,        ,        ,        ,        ,        ,        ,        ,      
burrsh01 , 1999,     1, TBL , NHL , L  ,  4.0,  0.0,   2.0,   2.0,   0.0, 2.0  ,  0.0,  0.0,  0.0,  0.0,  0.0, 0.0,   6.0,       ,      ,      ,        ,        ,        ,        ,        ,        ,        ,        ,      
burrybe01, 1932,     1, OTS , NHL , D  ,  4.0,  0.0,   0.0,   0.0,   0.0,      ,     ,     ,     ,     ,     ,    ,      ,       ,      ,      ,        ,        ,        ,        ,        ,        ,        ,        ,      
burtad01 , 1988,     1, HAR , NHL , D  ,  5.0,  0.0,   0.0,   0.0,   6.0, -1.0 ,  0.0,  0.0,  0.0,  0.0,  0.0, 0.0,   1.0,       ,      ,      ,        ,        ,        ,        ,        ,        ,        ,        ,      
burtad01 , 1989,     1, HAR , NHL , D  , 63.0,  4.0,   8.0,  12.0, 105.0, 3.0  ,  1.0,  1.0,  0.0,  0.0,  0.0, 1.0,  83.0,    2.0,   0.0,   0.0,     0.0,     0.0, -2.0   ,     0.0,     0.0,     0.0,     0.0,     0.0,     1.0
burtad01 , 1990,     1, HAR , NHL , D  , 42.0,  2.0,   7.0,   9.0,  63.0, -4.0 ,  1.0,  3.0,  0.0,  0.0,  1.0, 0.0,  43.0,       ,      ,      ,        ,        ,        ,        ,        ,        ,        ,        ,      
burtad01 , 1991,     1, HAR , NHL , D  , 66.0,  9.0,  15.0,  24.0,  93.0, -16.0,  4.0,  6.0,  0.0,  0.0,  1.0, 0.0,  89.0,    2.0,   0.0,   0.0,     0.0,     0.0, -1.0   ,     0.0,     0.0,     0.0,     0.0,     0.0,     0.0
burtad01 , 1992,     1, HAR , NHL , D  , 65.0,  6.0,  14.0,  20.0, 116.0, -11.0,  0.0,  2.0,  0.0,  0.0,  0.0, 0.0,  81.0,       ,      ,      ,        ,        ,        ,        ,        ,        ,        ,        ,      
burtad01 , 1993,     1, HAR , NHL , D  , 63.0,  1.0,  17.0,  18.0,  75.0, -4.0 ,  0.0,  3.0,  0.0,  0.0,  0.0, 0.0,  91.0,       ,      ,      ,        ,        ,        ,        ,        ,        ,        ,        ,      
burtad01 , 1994,     1, HAR , NHL , D  , 46.0,  7.0,  11.0,  18.0,  65.0, 0.0  ,  3.0,  4.0,  0.0,  0.0,  1.0, 0.0,  73.0,       ,      ,      ,        ,        ,        ,        ,        ,        ,        ,        ,      
burtad01 , 1995,     1, HAR , NHL , D  , 78.0,  4.0,   9.0,  13.0, 121.0, -4.0 ,  0.0,  1.0,  0.0,  0.0,  1.0, 0.0,  90.0,       ,      ,      ,        ,        ,        ,        ,        ,        ,        ,        ,      
burtad01 , 1996,     1, HAR , NHL , D  , 71.0,  2.0,  11.0,  13.0,  79.0, -13.0,  0.0,  3.0,  0.0,  2.0,  0.0, 0.0,  85.0,       ,      ,      ,        ,        ,        ,        ,        ,        ,        ,        ,      
burtad01 , 1997,     1, CAR , NHL , D  , 76.0,  1.0,  11.0,  12.0, 106.0, -6.0 ,  0.0,  1.0,  1.0,  0.0,  0.0, 0.0,  51.0,       ,      ,      ,        ,        ,        ,        ,        ,        ,        ,        ,      
burtad01 , 1998,     1, CAR , NHL , D  , 51.0,  0.0,   3.0,   3.0,  46.0, 3.0  ,  0.0,  0.0,  0.0,  0.0,  0.0, 0.0,  37.0,       ,      ,      ,        ,        ,        ,        ,        ,        ,        ,        ,      
burtad01 , 1998,     2, PHI , NHL , D  , 17.0,  0.0,   1.0,   1.0,  14.0, 1.0  ,  0.0,  0.0,  0.0,  0.0,  0.0, 0.0,  24.0,    6.0,   0.0,   0.0,     0.0,     4.0, 1.0    ,     0.0,     0.0,     0.0,     0.0,     0.0,     3.0
burtad01 , 1999,     1, PHI , NHL , D  , 67.0,  1.0,   6.0,   7.0,  45.0, -2.0 ,  0.0,  0.0,  0.0,  0.0,  1.0, 0.0,  49.0,   11.0,   0.0,   1.0,     1.0,     4.0, 4.0    ,     0.0,     0.0,     0.0,     0.0,     0.0,     3.0
burtad01 , 2000,     1, ATL , NHL , D  , 27.0,  0.0,   2.0,   2.0,  27.0, 2.0  ,  0.0,  0.0,  0.0,  0.0,  0.0, 0.0,  18.0,       ,      ,      ,        ,        ,        ,        ,        ,        ,        ,        ,      
burtocu01, 1955,     1, DET , NHL , R  ,  3.0,  0.0,   0.0,   0.0,   0.0,      ,     ,     ,     ,     ,     ,    ,      ,    3.0,   0.0,   0.0,     0.0,     0.0,        ,        ,        ,        ,        ,        ,      
burtocu01, 1957,     1, DET , NHL , R  , 26.0,  0.0,   1.0,   1.0,  12.0,      ,     ,     ,     ,     ,     ,    ,      ,       ,      ,      ,        ,        ,        ,        ,        ,        ,        ,        ,      
burtocu01, 1958,     1, DET , NHL , R  , 14.0,  0.0,   1.0,   1.0,   9.0,      ,     ,     ,     ,     ,     ,    ,      ,       ,      ,      ,        ,        ,        ,        ,        ,        ,        ,        ,      
burtone01, 1977,     1, WAS , NHL , L  ,  5.0,  1.0,   0.0,   1.0,   8.0, -3.0 ,  0.0,     ,  0.0,     ,  0.0, 0.0,   3.0,       ,      ,      ,        ,        ,        ,        ,        ,        ,        ,        ,      
burtone01, 1978,     1, WAS , NHL , L  ,  3.0,  0.0,   0.0,   0.0,  13.0, -2.0 ,  0.0,     ,  0.0,     ,  0.0, 0.0,   0.0,       ,      ,      ,        ,        ,        ,        ,        ,        ,        ,        ,      
bushed01 , 1938,     1, DET , NHL , D  ,  8.0,  0.0,   0.0,   0.0,   0.0,      ,     ,     ,     ,     ,     ,    ,      ,       ,      ,      ,        ,        ,        ,        ,        ,        ,        ,        ,      
bushed01 , 1941,     1, DET , NHL , D  , 18.0,  4.0,   6.0,  10.0,  50.0,      ,     ,     ,     ,     ,     ,    ,      ,   12.0,   1.0,   6.0,     7.0,    23.0,        ,        ,        ,        ,        ,        ,      
buskaro01, 1982,     1, PIT , NHL , D  , 41.0,  2.0,   2.0,   4.0, 102.0, -15.0,  1.0,     ,  0.0,     ,  0.0, 0.0,  27.0,       ,      ,      ,        ,        ,        ,        ,        ,        ,        ,        ,      
buskaro01, 1983,     1, PIT , NHL , D  , 47.0,  2.0,   4.0,   6.0,  60.0, -18.0,  1.0,     ,  0.0,     ,  0.0, 0.0,  39.0,       ,      ,      ,        ,        ,        ,        ,        ,        ,        ,        ,      
buskaro01, 1984,     1, PIT , NHL , D  , 69.0,  2.0,   7.0,   9.0, 191.0, -21.0,  0.0,     ,  0.0,     ,  0.0, 0.0,  53.0,       ,      ,      ,        ,        ,        ,        ,        ,        ,        ,        ,      
buskaro01, 1985,     1, PIT , NHL , D  , 72.0,  2.0,   7.0,   9.0, 159.0, -9.0 ,  1.0,     ,  0.0,     ,  0.0, 0.0,  50.0,       ,      ,      ,        ,        ,        ,        ,        ,        ,        ,        ,      
buskaro01, 1986,     1, PIT , NHL , D  , 68.0,  3.0,  15.0,  18.0, 123.0, 2.0  ,  1.0,     ,  0.0,     ,  0.0, 0.0,  90.0,       ,      ,      ,        ,        ,        ,        ,        ,        ,        ,        ,      
buskaro01, 1987,     1, PIT , NHL , D  , 76.0,  4.0,   8.0,  12.0, 206.0, 6.0  ,  0.0,  1.0,  0.0,  0.0,  1.0, 0.0,  53.0,       ,      ,      ,        ,        ,        ,        ,        ,        ,        ,        ,      
buskaro01, 1988,     1, PIT , NHL , D  , 52.0,  1.0,   5.0,   6.0, 105.0, -2.0 ,  0.0,  0.0,  0.0,  0.0,  0.0, 0.0,  15.0,   10.0,   0.0,   0.0,     0.0,    23.0, -1.0   ,     0.0,     0.0,     0.0,     0.0,     0.0,     4.0
buskaro01, 1989,     1, VAN , NHL , D  , 17.0,  0.0,   3.0,   3.0,  36.0, 1.0  ,  0.0,  0.0,  0.0,  0.0,  0.0, 0.0,  11.0,       ,      ,      ,        ,        ,        ,        ,        ,        ,        ,        ,      
buskaro01, 1989,     2, PIT , NHL , D  ,  6.0,  0.0,   0.0,   0.0,  13.0, -4.0 ,  0.0,  0.0,  0.0,  0.0,  0.0, 0.0,   1.0,       ,      ,      ,        ,        ,        ,        ,        ,        ,        ,        ,      
buskaro01, 1990,     1, LAK , NHL , D  , 57.0,  3.0,   8.0,  11.0, 182.0, 14.0 ,  0.0,  1.0,  0.0,  1.0,  0.0, 0.0,  60.0,    2.0,   0.0,   2.0,     2.0,    22.0, 2.0    ,     0.0,     0.0,     0.0,     0.0,     0.0,     2.0
buskaro01, 1991,     1, LAK , NHL , D  ,  5.0,  0.0,   0.0,   0.0,  11.0, -1.0 ,  0.0,  0.0,  0.0,  0.0,  0.0, 0.0,   1.0,       ,      ,      ,        ,        ,        ,        ,        ,        ,        ,        ,      
buskaro01, 1991,     2, CHI , NHL , D  , 42.0,  0.0,   4.0,   4.0,  80.0, -12.0,  0.0,  0.0,  0.0,  0.0,  0.0, 0.0,  22.0,    6.0,   0.0,   1.0,     1.0,     0.0, -3.0   ,     0.0,     0.0,     0.0,     0.0,     0.0,     1.0
buskaro01, 1992,     1, CHI , NHL , D  ,  4.0,  0.0,   0.0,   0.0,  26.0, 2.0  ,  0.0,  0.0,  0.0,  0.0,  0.0, 0.0,   3.0,       ,      ,      ,        ,        ,        ,        ,        ,        ,        ,        ,      
busnimi01, 1979,     1, PHI , NHL , D  , 71.0,  2.0,  18.0,  20.0,  93.0, 39.0 ,  0.0,     ,  0.0,     ,  1.0, 0.0,  56.0,   19.0,   2.0,   4.0,     6.0,    23.0,        ,     0.0,        ,     0.0,        ,     0.0,      
busnimi01, 1980,     1, PHI , NHL , D  , 72.0,  1.0,   5.0,   6.0, 204.0, 27.0 ,  0.0,     ,  0.0,     ,  0.0, 0.0,  33.0,    6.0,   0.0,   1.0,     1.0,    11.0,        ,     0.0,        ,     0.0,        ,     0.0,      
busniro01, 1972,     1, BUF , NHL , D  ,  1.0,  0.0,   0.0,   0.0,   9.0, 0.0  ,  0.0,     ,  0.0,     ,  0.0, 0.0,   1.0,       ,      ,      ,        ,        ,        ,        ,        ,        ,        ,        ,      
busniro01, 1973,     1, BUF , NHL , D  ,  5.0,  0.0,   3.0,   3.0,   4.0, -1.0 ,  0.0,     ,  0.0,     ,  0.0, 0.0,   3.0,       ,      ,      ,        ,        ,        ,        ,        ,        ,        ,        ,      
busniro01, 1974,     1, MFS , WHA , D  , 73.0,  2.0,  21.0,  23.0, 176.0, 12.0 ,  0.0,     ,  0.0,     ,  1.0,    ,  76.0,   12.0,   2.0,   1.0,     3.0,    63.0,        ,        ,        ,        ,        ,     0.0,      
busniro01, 1975,     1, MFS , WHA , D  , 59.0,  2.0,  11.0,  13.0, 150.0, 9.0  ,  2.0,     ,  0.0,     ,  0.0,    ,  76.0,       ,      ,      ,        ,        ,        ,        ,        ,        ,        ,        ,      
busniro01, 1975,     2, NEW , WHA , D  , 11.0,  0.0,   3.0,   3.0,  55.0, 0.0  ,  0.0,     ,  0.0,     ,  0.0,    ,  18.0,   17.0,   0.0,   2.0,     2.0,    14.0, 1.0    ,        ,        ,        ,        ,        ,      
busniro01, 1976,     1, NEW , WHA , R  , 55.0,  1.0,   9.0,  10.0, 141.0, -10.0,  0.0,     ,  0.0,     ,     ,    ,  78.0,       ,      ,      ,        ,        ,        ,        ,        ,        ,        ,        ,      
busniro01, 1976,     2, EDO , WHA , R  , 29.0,  2.0,   2.0,   4.0,  83.0, 0.0  ,  0.0,     ,  0.0,     ,     ,    ,  37.0,    5.0,   0.0,   2.0,     2.0,    37.0, -4.0   ,     0.0,        ,     0.0,        ,     0.0,      
busniro01, 1977,     1, EDO , WHA , D  , 59.0,  2.0,  18.0,  20.0, 157.0, -8.0 ,  0.0,     ,  0.0,     ,     ,    ,  69.0,    5.0,   0.0,   0.0,     0.0,    18.0, -2.0   ,        ,        ,        ,        ,     0.0,      
buswewa01, 1932,     1, DET , NHL , D  , 46.0,  2.0,   4.0,   6.0,  16.0,      ,     ,     ,     ,     ,     ,    ,      ,    4.0,   0.0,   0.0,     0.0,     4.0,        ,        ,        ,        ,        ,        ,      
buswewa01, 1933,     1, DET , NHL , D  , 47.0,  1.0,   2.0,   3.0,   8.0,      ,     ,     ,     ,     ,     ,    ,      ,    9.0,   0.0,   1.0,     1.0,     2.0,        ,        ,        ,        ,        ,        ,      
buswewa01, 1934,     1, DET , NHL , D  , 47.0,  1.0,   3.0,   4.0,  32.0,      ,     ,     ,     ,     ,     ,    ,      ,       ,      ,      ,        ,        ,        ,        ,        ,        ,        ,        ,      
buswewa01, 1935,     1, MTL , NHL , D  , 44.0,  0.0,   2.0,   2.0,  34.0,      ,     ,     ,     ,     ,     ,    ,      ,       ,      ,      ,        ,        ,        ,        ,        ,        ,        ,        ,      
buswewa01, 1936,     1, MTL , NHL , D  , 44.0,  0.0,   4.0,   4.0,  30.0,      ,     ,     ,     ,     ,     ,    ,      ,    5.0,   0.0,   0.0,     0.0,     2.0,        ,        ,        ,        ,        ,        ,      
buswewa01, 1937,     1, MTL , NHL , D  , 48.0,  2.0,  15.0,  17.0,  24.0,      ,     ,     ,     ,     ,     ,    ,      ,    3.0,   0.0,   0.0,     0.0,     0.0,        ,        ,        ,        ,        ,        ,      
buswewa01, 1938,     1, MTL , NHL , D  , 46.0,  3.0,   7.0,  10.0,  10.0,      ,     ,     ,     ,     ,     ,    ,      ,    3.0,   2.0,   0.0,     2.0,     2.0,        ,        ,        ,        ,        ,        ,      
buswewa01, 1939,     1, MTL , NHL , D  , 46.0,  1.0,   3.0,   4.0,  10.0,      ,     ,     ,     ,     ,     ,    ,      ,       ,      ,      ,        ,        ,        ,        ,        ,        ,        ,        ,      
butchga01, 1981,     1, VAN , NHL , D  ,  5.0,  0.0,   0.0,   0.0,   9.0, 4.0  ,  0.0,     ,  0.0,     ,  0.0, 0.0,   7.0,    1.0,   0.0,   0.0,     0.0,     0.0,        ,     0.0,        ,     0.0,        ,     0.0,      
butchga01, 1982,     1, VAN , NHL , D  , 55.0,  1.0,  13.0,  14.0, 104.0, -7.0 ,  0.0,     ,  0.0,     ,  0.0, 0.0,  60.0,    3.0,   1.0,   0.0,     1.0,     2.0,        ,     0.0,        ,     0.0,        ,     0.0,      
butchga01, 1983,     1, VAN , NHL , D  , 28.0,  2.0,   0.0,   2.0,  34.0, -12.0,  0.0,     ,  0.0,     ,  0.0, 1.0,  33.0,       ,      ,      ,        ,        ,        ,        ,        ,        ,        ,        ,      
butchga01, 1984,     1, VAN , NHL , D  , 75.0,  3.0,   9.0,  12.0, 152.0, -31.0,  0.0,     ,  0.0,     ,  1.0, 0.0,  59.0,       ,      ,      ,        ,        ,        ,        ,        ,        ,        ,        ,      
butchga01, 1985,     1, VAN , NHL , D  , 70.0,  4.0,   7.0,  11.0, 188.0, -25.0,  0.0,     ,  0.0,     ,  0.0, 0.0,  57.0,    3.0,   0.0,   0.0,     0.0,     0.0, 1.0    ,     0.0,        ,     0.0,        ,     0.0,     0.0
butchga01, 1986,     1, VAN , NHL , D  , 70.0,  5.0,  15.0,  20.0, 207.0, -12.0,  0.0,     ,  0.0,     ,  0.0, 0.0,  95.0,       ,      ,      ,        ,        ,        ,        ,        ,        ,        ,        ,      
butchga01, 1987,     1, VAN , NHL , D  , 80.0,  6.0,  17.0,  23.0, 285.0, -14.0,  1.0,  7.0,  0.0,  2.0,  0.0, 0.0,  77.0,       ,      ,      ,        ,        ,        ,        ,        ,        ,        ,        ,      
butchga01, 1988,     1, VAN , NHL , D  , 78.0,  0.0,  20.0,  20.0, 227.0, 4.0  ,  0.0,  0.0,  0.0,  0.0,  0.0, 0.0, 101.0,    7.0,   1.0,   1.0,     2.0,    22.0, 0.0    ,     0.0,     0.0,     0.0,     0.0,     1.0,     9.0
butchga01, 1989,     1, VAN , NHL , D  , 80.0,  6.0,  14.0,  20.0, 205.0, -10.0,  1.0,  0.0,  0.0,  0.0,  1.0, 0.0,  87.0,       ,      ,      ,        ,        ,        ,        ,        ,        ,        ,        ,      
butchga01, 1990,     1, VAN , NHL , D  , 69.0,  6.0,  12.0,  18.0, 257.0, -18.0,  1.0,     ,  0.0,     ,  1.0, 0.0,  70.0,       ,      ,      ,        ,        ,        ,        ,        ,        ,        ,        ,      
butchga01, 1990,     2, STL , NHL , D  , 13.0,  0.0,   4.0,   4.0,  32.0, 4.0  ,  0.0,     ,  0.0,     ,  0.0, 0.0,   5.0,   13.0,   2.0,   1.0,     3.0,    54.0, -1.0   ,     0.0,     0.0,     0.0,     0.0,     0.0,    21.0
butchga01, 1991,     1, STL , NHL , D  , 68.0,  5.0,  15.0,  20.0, 189.0, 5.0  ,  0.0,  1.0,  0.0,  0.0,  0.0, 0.0,  50.0,    5.0,   1.0,   2.0,     3.0,    16.0, 3.0    ,     0.0,     0.0,     0.0,     0.0,     0.0,     4.0
butchga01, 1992,     1, STL , NHL , D  , 84.0,  5.0,  10.0,  15.0, 211.0, 0.0  ,  0.0,  0.0,  0.0,  0.0,  2.0, 0.0,  83.0,   11.0,   1.0,   1.0,     2.0,    20.0, 6.0    ,     0.0,     0.0,     0.0,     0.0,     1.0,     8.0
butchga01, 1993,     1, STL , NHL , D  , 43.0,  1.0,   6.0,   7.0,  76.0, -6.0 ,  0.0,  0.0,  1.0,  1.0,  0.0, 0.0,  37.0,       ,      ,      ,        ,        ,        ,        ,        ,        ,        ,        ,      
butchga01, 1993,     2, QUE , NHL , D  , 34.0,  3.0,   9.0,  12.0,  67.0, -1.0 ,  0.0,  0.0,  1.0,  2.0,  1.0, 0.0,  29.0,       ,      ,      ,        ,        ,        ,        ,        ,        ,        ,        ,      
butchga01, 1994,     1, TOR , NHL , D  , 45.0,  1.0,   7.0,   8.0,  59.0, -5.0 ,  0.0,  0.0,  0.0,  1.0,  0.0, 0.0,  24.0,    7.0,   0.0,   0.0,     0.0,     8.0, 0.0    ,     0.0,     0.0,     0.0,     0.0,     0.0,     6.0
butensv01, 1997,     1, PIT , NHL , D  ,  8.0,  0.0,   0.0,   0.0,   6.0, -1.0 ,  0.0,  0.0,  0.0,  0.0,  0.0, 0.0,   4.0,       ,      ,      ,        ,        ,        ,        ,        ,        ,        ,        ,      
butensv01, 1998,     1, PIT , NHL , D  , 17.0,  0.0,   0.0,   0.0,   6.0, -7.0 ,  0.0,  0.0,  0.0,  0.0,  0.0, 0.0,   8.0,       ,      ,      ,        ,        ,        ,        ,        ,        ,        ,        ,      
butensv01, 1999,     1, PIT , NHL , D  ,  3.0,  0.0,   0.0,   0.0,   0.0, 3.0  ,  0.0,  0.0,  0.0,  0.0,  0.0, 0.0,   2.0,       ,      ,      ,        ,        ,        ,        ,        ,        ,        ,        ,      
butensv01, 2000,     1, PIT , NHL , D  ,  5.0,  0.0,   1.0,   1.0,   2.0, 1.0  ,  0.0,  0.0,  0.0,  0.0,  0.0, 0.0,   6.0,       ,      ,      ,        ,        ,        ,        ,        ,        ,        ,        ,      
butensv01, 2000,     2, EDM , NHL , D  ,  7.0,  1.0,   1.0,   2.0,   2.0, 2.0  ,  0.0,  0.0,  0.0,  0.0,  0.0, 0.0,   3.0,       ,      ,      ,        ,        ,        ,        ,        ,        ,        ,        ,      
butensv01, 2001,     1, EDM , NHL , D  , 14.0,  0.0,   0.0,   0.0,   4.0, 0.0  ,  0.0,  0.0,  0.0,  0.0,  0.0, 0.0,   8.0,       ,      ,      ,        ,        ,        ,        ,        ,        ,        ,        ,      
butensv01, 2002,     1, NYI , NHL , D  , 37.0,  0.0,   4.0,   4.0,  26.0, -6.0 ,  0.0,  0.0,  0.0,  0.0,  0.0, 0.0,  19.0,       ,      ,      ,        ,        ,        ,        ,        ,        ,        ,        ,      
butensv01, 2003,     1, NYI , NHL , D  , 41.0,  1.0,   6.0,   7.0,  30.0, -3.0 ,  0.0,  0.0,  0.0,  1.0,  0.0, 0.0,  17.0,    4.0,   0.0,   0.0,     0.0,     0.0, -1.0   ,     0.0,     0.0,     0.0,     0.0,     0.0,     1.0
butensv01, 2005,     1, VAN , NHL , D  ,  8.0,  0.0,   0.0,   0.0,  10.0, 1.0  ,  0.0,  0.0,  0.0,  0.0,  0.0,    ,   4.0,       ,      ,      ,        ,        ,        ,        ,        ,        ,        ,        ,      
butlebo01, 2009,     1, OTT , NHL , L  ,  2.0,  0.0,   0.0,   0.0,   0.0, -1.0 ,  0.0,  0.0,  0.0,  0.0,  0.0,    ,   2.0,       ,      ,      ,        ,        ,        ,        ,        ,        ,        ,        ,      
butlech01, 2008,     1, BUF , NHL , D  , 47.0,  2.0,   4.0,   6.0,  18.0, 11.0 ,  0.0,  0.0,  0.0,  0.0,  1.0,    ,  36.0,       ,      ,      ,        ,        ,        ,        ,        ,        ,        ,        ,      
butlech01, 2009,     1, BUF , NHL , D  , 59.0,  1.0,  20.0,  21.0,  22.0, -15.0,  0.0, 12.0,  0.0,  0.0,  0.0,    ,  61.0,       ,      ,      ,        ,        ,        ,        ,        ,        ,        ,        ,      
butledi01, 1947,     1, CHI , NHL , R  ,  7.0,  2.0,   0.0,   2.0,   0.0,      ,     ,     ,     ,     ,     ,    ,      ,       ,      ,      ,        ,        ,        ,        ,        ,        ,        ,        ,      
butleje01, 1972,     1, NYR , NHL , R  ,  8.0,  1.0,   0.0,   1.0,   4.0, 1.0  ,  0.0,     ,  0.0,     ,  0.0, 0.0,  11.0,       ,      ,      ,        ,        ,        ,        ,        ,        ,        ,        ,      
butleje01, 1973,     1, NYR , NHL , R  , 26.0,  6.0,  10.0,  16.0,  24.0, 7.0  ,  1.0,     ,  0.0,     ,  1.0, 0.0,  60.0,   12.0,   0.0,   2.0,     2.0,    25.0,        ,     0.0,        ,     0.0,        ,     0.0,      
butleje01, 1974,     1, NYR , NHL , R  , 78.0, 17.0,  16.0,  33.0, 102.0, -5.0 ,  1.0,     ,  2.0,     ,  1.0, 0.0, 157.0,    3.0,   1.0,   0.0,     1.0,    16.0,        ,     0.0,        ,     0.0,        ,     0.0,      
butleje01, 1975,     1, STL , NHL , R  , 66.0, 17.0,  24.0,  41.0,  75.0, 0.0  ,  1.0,     ,  0.0,     ,  3.0, 1.0, 154.0,    3.0,   0.0,   0.0,     0.0,     0.0,        ,     0.0,        ,     0.0,        ,     0.0,      
butleje01, 1976,     1, STL , NHL , R  , 80.0, 12.0,  20.0,  32.0,  65.0, -31.0,  0.0,     ,  0.0,     ,  0.0, 0.0, 152.0,    4.0,   0.0,   0.0,     0.0,    14.0,        ,     0.0,        ,     0.0,        ,     0.0,      
butleje01, 1977,     1, STL , NHL , L  ,  9.0,  0.0,   2.0,   2.0,   5.0, -6.0 ,  0.0,     ,  0.0,     ,  0.0, 0.0,  15.0,       ,      ,      ,        ,        ,        ,        ,        ,        ,        ,        ,      
butleje01, 1977,     2, TOR , NHL , L  , 73.0,  9.0,   7.0,  16.0,  49.0, -10.0,  1.0,     ,  1.0,     ,  1.0, 0.0,  99.0,   13.0,   1.0,   1.0,     2.0,    18.0,        ,     0.0,        ,     0.0,        ,     0.0,      
butleje01, 1978,     1, TOR , NHL , L  , 76.0,  8.0,   7.0,  15.0,  52.0, -2.0 ,  0.0,     ,  2.0,     ,  2.0, 0.0,  77.0,    6.0,   0.0,   0.0,     0.0,     4.0,        ,     0.0,        ,     0.0,        ,     0.0,      
butleje01, 1979,     1, TOR , NHL , R  , 55.0,  7.0,   8.0,  15.0,  29.0, -3.0 ,  0.0,     ,  0.0,     ,  1.0, 0.0,  60.0,       ,      ,      ,        ,        ,        ,        ,        ,        ,        ,        ,      
butleje01, 1979,     2, VAN , NHL , L  , 23.0,  4.0,   4.0,   8.0,  21.0, -5.0 ,  1.0,     ,  0.0,     ,  1.0, 1.0,  24.0,    4.0,   0.0,   0.0,     0.0,     2.0,        ,     0.0,        ,     0.0,        ,     0.0,      
butleje01, 1980,     1, VAN , NHL , R  , 80.0, 12.0,  15.0,  27.0,  60.0, 2.0  ,  0.0,     ,  2.0,     ,  2.0, 0.0,  99.0,    3.0,   1.0,   0.0,     1.0,     0.0,        ,     0.0,        ,     0.0,        ,     0.0,      
butleje01, 1981,     1, VAN , NHL , R  , 25.0,  3.0,   1.0,   4.0,  15.0, -5.0 ,  0.0,     ,  0.0,     ,  0.0, 0.0,  21.0,       ,      ,      ,        ,        ,        ,        ,        ,        ,        ,        ,      
butleje01, 1982,     1, WIN , NHL , R  , 42.0,  3.0,   6.0,   9.0,  14.0, -5.0 ,  0.0,     ,  1.0,     ,  1.0, 0.0,  24.0,       ,      ,      ,        ,        ,        ,        ,        ,        ,        ,        ,      
butsavi01, 1992,     1, PHI , NHL , C  , 52.0,  2.0,  14.0,  16.0,  61.0, 3.0  ,  0.0,  0.0,  0.0,  0.0,  0.0, 0.0,  58.0,       ,      ,      ,        ,        ,        ,        ,        ,        ,        ,        ,      
butsavi01, 1993,     1, PHI , NHL , C  , 47.0, 12.0,   9.0,  21.0,  58.0, 2.0  ,  2.0,  2.0,  0.0,  0.0,  3.0, 0.0,  79.0,       ,      ,      ,        ,        ,        ,        ,        ,        ,        ,        ,      
butsavi01, 1993,     2, SJS , NHL , C  , 12.0,  0.0,   2.0,   2.0,  10.0, -2.0 ,  0.0,  1.0,  0.0,  0.0,  0.0, 0.0,   6.0,       ,      ,      ,        ,        ,        ,        ,        ,        ,        ,        ,      
butsavi01, 1994,     1, SJS , NHL , C  ,  6.0,  2.0,   0.0,   2.0,   0.0, -2.0 ,  0.0,  0.0,  0.0,  0.0,  0.0, 0.0,   6.0,       ,      ,      ,        ,        ,        ,        ,        ,        ,        ,        ,      
butsavi01, 1995,     1, ANA , NHL , C  ,  7.0,  1.0,   0.0,   1.0,   0.0, -4.0 ,  0.0,  0.0,  0.0,  0.0,  0.0, 0.0,   9.0,       ,      ,      ,        ,        ,        ,        ,        ,        ,        ,        ,      
butsavi01, 1998,     1, FLO , NHL , C  ,  1.0,  0.0,   0.0,   0.0,   2.0, -1.0 ,  0.0,  0.0,  0.0,  0.0,  0.0, 0.0,   0.0,       ,      ,      ,        ,        ,        ,        ,        ,        ,        ,        ,      
butsavi01, 1998,     2, OTT , NHL , C  ,  2.0,  0.0,   1.0,   1.0,   2.0, 0.0  ,  0.0,  0.0,  0.0,  0.0,  0.0, 0.0,   5.0,       ,      ,      ,        ,        ,        ,        ,        ,        ,        ,        ,      
butsavi01, 1999,     1, TBL , NHL , C  ,  2.0,  0.0,   0.0,   0.0,   0.0, -2.0 ,  0.0,  0.0,  0.0,  0.0,  0.0, 0.0,   1.0,       ,      ,      ,        ,        ,        ,        ,        ,        ,        ,        ,      
butsavi01, 1999,     2, OTT , NHL , C  ,  3.0,  0.0,   0.0,   0.0,   0.0, -2.0 ,  0.0,  0.0,  0.0,  0.0,  0.0, 0.0,   1.0,       ,      ,      ,        ,        ,        ,        ,        ,        ,        ,        ,      
butsayu01, 1999,     1, DET , NHL , C  , 57.0,  5.0,   3.0,   8.0,  12.0, -6.0 ,  0.0,  0.0,  0.0,  0.0,  0.0, 0.0,  46.0,       ,      ,      ,        ,        ,        ,        ,        ,        ,        ,        ,      
butsayu01, 2000,     1, DET , NHL , C  , 15.0,  1.0,   1.0,   2.0,   4.0, -2.0 ,  0.0,  0.0,  0.0,  0.0,  0.0, 0.0,  18.0,       ,      ,      ,        ,        ,        ,        ,        ,        ,        ,        ,      
butsayu01, 2001,     1, DET , NHL , C  ,  3.0,  0.0,   0.0,   0.0,   0.0, -1.0 ,  0.0,  0.0,  0.0,  0.0,  0.0, 0.0,   4.0,       ,      ,      ,        ,        ,        ,        ,        ,        ,        ,        ,      
butsayu01, 2001,     2, ATL , NHL , C  ,  8.0,  2.0,   0.0,   2.0,   4.0, 1.0  ,  0.0,  0.0,  0.0,  0.0,  0.0, 0.0,   6.0,       ,      ,      ,        ,        ,        ,        ,        ,        ,        ,        ,      
butsayu01, 2002,     1, ATL , NHL , L  , 16.0,  2.0,   0.0,   2.0,   8.0, -5.0 ,  0.0,  0.0,  0.0,  0.0,  0.0, 0.0,  21.0,       ,      ,      ,        ,        ,        ,        ,        ,        ,        ,        ,      
buttebi01, 1974,     1, MFS , WHA , D  , 24.0,  2.0,   2.0,   4.0,  58.0, -8.0 ,  0.0,     ,  0.0,     ,  0.0,    ,  16.0,   12.0,   1.0,   0.0,     1.0,    21.0,        ,        ,        ,        ,        ,     0.0,      
buttebi01, 1975,     1, MFS , WHA , D  , 59.0,  0.0,  15.0,  15.0, 170.0, 19.0 ,  0.0,     ,  0.0,     ,  0.0,    ,  82.0,       ,      ,      ,        ,        ,        ,        ,        ,        ,        ,        ,      
buttebi01, 1975,     2, HOU , WHA , D  , 14.0,  0.0,   4.0,   4.0,  18.0, 8.0  ,  0.0,     ,  0.0,     ,  0.0,    ,  11.0,   17.0,   0.0,   3.0,     3.0,    51.0, -6.0   ,        ,        ,        ,        ,        ,      
buttebi01, 1976,     1, MF2 , WHA , D  , 42.0,  0.0,   7.0,   7.0, 133.0, 5.0  ,  0.0,     ,  0.0,     ,  0.0,    ,  48.0,       ,      ,      ,        ,        ,        ,        ,        ,        ,        ,        ,      
buttebi01, 1976,     2, EDO , WHA , D  ,  7.0,  0.0,   2.0,   2.0,  17.0, -2.0 ,  0.0,     ,  0.0,     ,  0.0,    ,   7.0,       ,      ,      ,        ,        ,        ,        ,        ,        ,        ,        ,      
buttebi01, 1976,     3, NEW , WHA , D  , 26.0,  1.0,   8.0,   9.0,  65.0, 13.0 ,  0.0,     ,  0.0,     ,     ,    ,  38.0,    5.0,   0.0,   1.0,     1.0,    15.0, -1.0   ,     0.0,        ,     0.0,        ,     0.0,      
buttebi01, 1977,     1, NEW , WHA , D  , 45.0,  1.0,  13.0,  14.0,  69.0, 21.0 ,  0.0,     ,  0.0,     ,     ,    ,  37.0,       ,      ,      ,        ,        ,        ,        ,        ,        ,        ,        ,      
buttebi01, 1977,     2, MNS , NHL , D  , 23.0,  1.0,   0.0,   1.0,  30.0, -3.0 ,  0.0,     ,  0.0,     ,  0.0, 0.0,  18.0,       ,      ,      ,        ,        ,        ,        ,        ,        ,        ,        ,      
buttebi01, 1978,     1, MNS , NHL , D  , 49.0,  0.0,   4.0,   4.0,  47.0, -12.0,  0.0,     ,  0.0,     ,  0.0, 0.0,  17.0,       ,      ,      ,        ,        ,        ,        ,        ,        ,        ,        ,      
buttrgo01, 1943,     1, CHI , NHL , L  , 10.0,  0.0,   0.0,   0.0,   0.0,      ,     ,     ,     ,     ,     ,    ,      ,       ,      ,      ,        ,        ,        ,        ,        ,        ,        ,        ,      
buynago01, 1974,     1, STL , NHL , D  ,  4.0,  0.0,   0.0,   0.0,   2.0, 3.0  ,  0.0,     ,  0.0,     ,  0.0, 0.0,   3.0,       ,      ,      ,        ,        ,        ,        ,        ,        ,        ,        ,      
buzekpe01, 1997,     1, DAL , NHL , D  ,  2.0,  0.0,   0.0,   0.0,   2.0, 1.0  ,  0.0,  0.0,  0.0,  0.0,  0.0, 0.0,   0.0,       ,      ,      ,        ,        ,        ,        ,        ,        ,        ,        ,      
buzekpe01, 1998,     1, DAL , NHL , D  ,  2.0,  0.0,   0.0,   0.0,   2.0, 0.0  ,  0.0,  0.0,  0.0,  0.0,  0.0, 0.0,   0.0,       ,      ,      ,        ,        ,        ,        ,        ,        ,        ,        ,      
buzekpe01, 1999,     1, ATL , NHL , D  , 63.0,  5.0,  14.0,  19.0,  41.0, -22.0,  3.0,  4.0,  0.0,  0.0,  0.0, 0.0,  90.0,       ,      ,      ,        ,        ,        ,        ,        ,        ,        ,        ,      
buzekpe01, 2000,     1, ATL , NHL , D  ,  5.0,  0.0,   0.0,   0.0,   8.0, 2.0  ,  0.0,  0.0,  0.0,  0.0,  0.0, 0.0,  11.0,       ,      ,      ,        ,        ,        ,        ,        ,        ,        ,        ,      
buzekpe01, 2001,     1, ATL , NHL , D  ,  9.0,  0.0,   0.0,   0.0,  13.0, -4.0 ,  0.0,  0.0,  0.0,  0.0,  0.0, 0.0,   2.0,       ,      ,      ,        ,        ,        ,        ,        ,        ,        ,        ,      
buzekpe01, 2001,     2, CAL , NHL , D  , 32.0,  1.0,   3.0,   4.0,  14.0, 4.0  ,  0.0,  0.0,  0.0,  0.0,  0.0, 0.0,  34.0,       ,      ,      ,        ,        ,        ,        ,        ,        ,        ,        ,      
buzekpe01, 2002,     1, CAL , NHL , D  , 44.0,  3.0,   5.0,   8.0,  14.0, -6.0 ,  3.0,  0.0,  0.0,  0.0,  0.0, 0.0,  48.0,       ,      ,      ,        ,        ,        ,        ,        ,        ,        ,        ,      
buzinst01, 1942,     1, NYR , NHL , G  ,  9.0,  0.0,   0.0,   0.0,   0.0,      ,     ,     ,     ,     ,     ,    ,      ,       ,      ,      ,        ,        ,        ,        ,        ,        ,        ,        ,      
byakiil01, 1993,     1, EDM , NHL , D  , 44.0,  8.0,  20.0,  28.0,  30.0, -3.0 ,  6.0,  7.0,  0.0,  0.0,  3.0, 0.0,  51.0,       ,      ,      ,        ,        ,        ,        ,        ,        ,        ,        ,      
byakiil01, 1994,     1, SJS , NHL , D  , 13.0,  0.0,   5.0,   5.0,  14.0, -9.0 ,  0.0,  2.0,  0.0,  0.0,  0.0, 0.0,  19.0,       ,      ,      ,        ,        ,        ,        ,        ,        ,        ,        ,      
bycejo01 , 1989,     1, BOS , NHL , C  ,     ,     ,      ,      ,      ,      ,     ,     ,     ,     ,     ,    ,      ,    8.0,   2.0,   0.0,     2.0,     2.0, 2.0    ,     0.0,     0.0,     0.0,     0.0,     0.0,     7.0
bycejo01 , 1990,     1, BOS , NHL , R  , 18.0,  1.0,   3.0,   4.0,   6.0, 1.0  ,  0.0,  0.0,  0.0,  0.0,  0.0, 0.0,  13.0,       ,      ,      ,        ,        ,        ,        ,        ,        ,        ,        ,      
bycejo01 , 1991,     1, BOS , NHL , R  ,  3.0,  1.0,   0.0,   1.0,   0.0, -1.0 ,  1.0,  0.0,  0.0,  0.0,  0.0, 0.0,   2.0,       ,      ,      ,        ,        ,        ,        ,        ,        ,        ,        ,      
byebr01  , 1975,     1, SDM , WHA , C  ,  1.0,  0.0,   0.0,   0.0,   0.0, 0.0  ,  0.0,     ,  0.0,     ,  0.0,    ,   1.0,       ,      ,      ,        ,        ,        ,        ,        ,        ,        ,        ,      
byersda01, 2007,     1, NYR , NHL , L  ,  1.0,  0.0,   0.0,   0.0,   0.0, -1.0 ,  0.0,  0.0,  0.0,  0.0,  0.0,    ,   0.0,       ,      ,      ,        ,        ,        ,        ,        ,        ,        ,        ,      
byersda01, 2009,     1, NYR , NHL , L  ,  5.0,  1.0,   0.0,   1.0,  31.0, 1.0  ,  0.0,  0.0,  0.0,  0.0,  0.0,    ,   3.0,       ,      ,      ,        ,        ,        ,        ,        ,        ,        ,        ,      
byersgo01, 1949,     1, BOS , NHL , D  ,  1.0,  0.0,   1.0,   1.0,   0.0,      ,     ,     ,     ,     ,     ,    ,      ,       ,      ,      ,        ,        ,        ,        ,        ,        ,        ,        ,      
byersje01, 1972,     1, MNS , NHL , L  , 14.0,  0.0,   2.0,   2.0,   6.0, -2.0 ,  0.0,     ,  0.0,     ,  0.0, 0.0,  17.0,       ,      ,      ,        ,        ,        ,        ,        ,        ,        ,        ,      
byersje01, 1973,     1, MNS , NHL , D  , 10.0,  0.0,   0.0,   0.0,   0.0, -5.0 ,  0.0,     ,  0.0,     ,  0.0, 0.0,  11.0,       ,      ,      ,        ,        ,        ,        ,        ,        ,        ,        ,      
byersje01, 1974,     1, ATF , NHL , L  , 12.0,  1.0,   1.0,   2.0,   9.0, -4.0 ,  0.0,     ,  0.0,     ,  0.0, 0.0,  10.0,       ,      ,      ,        ,        ,        ,        ,        ,        ,        ,        ,      
byersje01, 1977,     1, NYR , NHL , L  ,  7.0,  2.0,   1.0,   3.0,   0.0, -1.0 ,  0.0,     ,  0.0,     ,  1.0, 0.0,   7.0,       ,      ,      ,        ,        ,        ,        ,        ,        ,        ,        ,      
byersly01, 1983,     1, BOS , NHL , R  , 10.0,  2.0,   4.0,   6.0,  32.0, 3.0  ,  0.0,     ,  0.0,     ,  0.0, 0.0,  11.0,       ,      ,      ,        ,        ,        ,        ,        ,        ,        ,        ,      
byersly01, 1984,     1, BOS , NHL , R  , 33.0,  3.0,   8.0,  11.0,  41.0, 0.0  ,  0.0,     ,  0.0,     ,  0.0, 0.0,  25.0,       ,      ,      ,        ,        ,        ,        ,        ,        ,        ,        ,      
byersly01, 1985,     1, BOS , NHL , R  ,  5.0,  0.0,   2.0,   2.0,   9.0, 1.0  ,  0.0,     ,  0.0,     ,  0.0, 0.0,   1.0,       ,      ,      ,        ,        ,        ,        ,        ,        ,        ,        ,      
byersly01, 1986,     1, BOS , NHL , R  , 18.0,  2.0,   3.0,   5.0,  53.0, -1.0 ,  0.0,     ,  0.0,     ,  0.0, 0.0,  14.0,    1.0,   0.0,   0.0,     0.0,     0.0, -1.0   ,     0.0,        ,     0.0,        ,     0.0,     2.0
byersly01, 1987,     1, BOS , NHL , R  , 53.0, 10.0,  14.0,  24.0, 236.0, 10.0 ,  0.0,  0.0,  0.0,  0.0,  2.0, 0.0,  69.0,   11.0,   1.0,   2.0,     3.0,    62.0, 1.0    ,     0.0,     0.0,     0.0,     0.0,     0.0,     4.0
byersly01, 1988,     1, BOS , NHL , R  , 49.0,  0.0,   4.0,   4.0, 218.0, -8.0 ,  0.0,  0.0,  0.0,  0.0,  0.0, 0.0,  25.0,    2.0,   0.0,   0.0,     0.0,     0.0, -1.0   ,     0.0,     0.0,     0.0,     0.0,     0.0,     0.0
byersly01, 1989,     1, BOS , NHL , R  , 43.0,  4.0,   4.0,   8.0, 159.0, 0.0  ,  0.0,  0.0,  0.0,  0.0,  0.0, 1.0,  43.0,   17.0,   1.0,   0.0,     1.0,    12.0, -4.0   ,     0.0,     0.0,     0.0,     0.0,     0.0,    11.0
byersly01, 1990,     1, BOS , NHL , R  , 19.0,  2.0,   2.0,   4.0,  82.0, -2.0 ,  0.0,  0.0,  0.0,  0.0,  0.0, 0.0,  20.0,    1.0,   0.0,   0.0,     0.0,    10.0, -1.0   ,     0.0,     0.0,     0.0,     0.0,     0.0,     0.0
byersly01, 1991,     1, BOS , NHL , R  , 31.0,  1.0,   1.0,   2.0, 129.0, -5.0 ,  0.0,  0.0,  0.0,  0.0,  0.0, 0.0,  12.0,    5.0,   0.0,   0.0,     0.0,    12.0, -3.0   ,     0.0,     0.0,     0.0,     0.0,     0.0,     2.0
byersly01, 1992,     1, SJS , NHL , R  , 18.0,  4.0,   1.0,   5.0, 122.0, -2.0 ,  0.0,  0.0,  0.0,  0.0,  0.0, 0.0,  18.0,       ,      ,      ,        ,        ,        ,        ,        ,        ,        ,        ,      
byersmi01, 1967,     1, TOR , NHL , R  , 10.0,  2.0,   2.0,   4.0,   0.0, 2.0  ,  1.0,     ,  0.0,     ,  0.0, 0.0,  16.0,       ,      ,      ,        ,        ,        ,        ,        ,        ,        ,        ,      
byersmi01, 1968,     1, TOR , NHL , R  ,  5.0,  0.0,   0.0,   0.0,   2.0, 0.0  ,  0.0,     ,  0.0,     ,  0.0, 0.0,   8.0,       ,      ,      ,        ,        ,        ,        ,        ,        ,        ,        ,      
byersmi01, 1968,     2, PHI , NHL , R  ,  5.0,  0.0,   2.0,   2.0,   0.0, -1.0 ,  0.0,     ,  0.0,     ,  0.0, 0.0,   8.0,    4.0,   0.0,   1.0,     1.0,     0.0,        ,     0.0,        ,     0.0,        ,     0.0,      
byersmi01, 1970,     1, LAK , NHL , R  , 72.0, 27.0,  18.0,  45.0,  14.0, -5.0 ,  4.0,     ,  0.0,     ,  5.0, 1.0, 179.0,       ,      ,      ,        ,        ,        ,        ,        ,        ,        ,        ,      
byersmi01, 1971,     1, LAK , NHL , R  , 28.0,  4.0,   5.0,   9.0,  11.0, -13.0,  0.0,     ,  0.0,     ,  1.0, 1.0,  48.0,       ,      ,      ,        ,        ,        ,        ,        ,        ,        ,        ,      
byersmi01, 1971,     2, BUF , NHL , R  , 46.0,  9.0,   7.0,  16.0,  12.0, -20.0,  3.0,     ,  0.0,     ,  1.0, 1.0,  69.0,       ,      ,      ,        ,        ,        ,        ,        ,        ,        ,        ,      
byersmi01, 1972,     1, LAS , WHA , R  , 56.0, 19.0,  17.0,  36.0,  20.0,      ,  2.0,     ,  0.0,     ,     ,    ,      ,       ,      ,      ,        ,        ,        ,        ,        ,        ,        ,        ,      
byersmi01, 1972,     2, NEW , WHA , R  , 19.0,  6.0,   4.0,  10.0,   4.0,      ,  0.0,     ,  0.0,     ,     ,    ,      ,   12.0,   6.0,   5.0,    11.0,     6.0,        ,     0.0,        ,     0.0,        ,     2.0,      
byersmi01, 1973,     1, NEW , WHA , R  , 78.0, 29.0,  21.0,  50.0,   6.0,      ,  3.0,     ,  0.0,     ,  2.0,    ,      ,    7.0,   2.0,   4.0,     6.0,    12.0,        ,        ,        ,        ,        ,     0.0,      
byersmi01, 1974,     1, NEW , WHA , R  , 72.0, 22.0,  26.0,  48.0,  10.0, 6.0  ,  1.0,     ,  0.0,     ,     ,    , 157.0,    6.0,   2.0,   2.0,     4.0,     2.0,        ,        ,        ,        ,        ,     0.0,      
byersmi01, 1975,     1, NEW , WHA , R  , 18.0,  4.0,   3.0,   7.0,   0.0, -2.0 ,  0.0,     ,  0.0,     ,  0.0,    ,  25.0,       ,      ,      ,        ,        ,        ,        ,        ,        ,        ,        ,      
byersmi01, 1975,     2, CIN , WHA , R  , 20.0,  3.0,   3.0,   6.0,   0.0, -5.0 ,  0.0,     ,  0.0,     ,  0.0,    ,  42.0,       ,      ,      ,        ,        ,        ,        ,        ,        ,        ,        ,      
byfugdu01, 2005,     1, CHI , NHL , D  , 25.0,  3.0,   2.0,   5.0,  24.0, -6.0 ,  0.0,  0.0,  0.0,  0.0,  1.0,    ,  45.0,       ,      ,      ,        ,        ,        ,        ,        ,        ,        ,        ,      
byfugdu01, 2006,     1, CHI , NHL , D  ,  9.0,  1.0,   2.0,   3.0,  10.0, -2.0 ,  0.0,  2.0,  0.0,  0.0,  0.0,    ,  18.0,       ,      ,      ,        ,        ,        ,        ,        ,        ,        ,        ,      
byfugdu01, 2007,     1, CHI , NHL , D  , 67.0, 19.0,  17.0,  36.0,  59.0, -7.0 ,  7.0, 10.0,  0.0,  0.0,  4.0,    , 163.0,       ,      ,      ,        ,        ,        ,        ,        ,        ,        ,        ,      
byfugdu01, 2008,     1, CHI , NHL , R  , 77.0, 15.0,  16.0,  31.0,  81.0, 7.0  ,  3.0,  4.0,  0.0,  0.0,  4.0,    , 202.0,   17.0,   3.0,   6.0,     9.0,    26.0, -2.0   ,     1.0,     3.0,     0.0,     0.0,     0.0,    40.0
byfugdu01, 2009,     1, CHI , NHL , D  , 82.0, 17.0,  17.0,  34.0,  94.0, -7.0 ,  6.0,  5.0,  0.0,  0.0,  3.0,    , 211.0,   22.0,  11.0,   5.0,    16.0,    20.0, -4.0   ,     5.0,     0.0,     0.0,     0.0,     5.0,    45.0
bykovdm01, 2002,     1, DET , NHL , D  , 71.0,  2.0,  10.0,  12.0,  43.0, 1.0  ,  1.0,  3.0,  0.0,  0.0,  0.0, 0.0,  58.0,    4.0,   0.0,   0.0,     0.0,     0.0, -2.0   ,     0.0,     0.0,     0.0,     0.0,     0.0,     4.0
bylsmda01, 1995,     1, LAK , NHL , L  ,  4.0,  0.0,   0.0,   0.0,   0.0, 0.0  ,  0.0,  0.0,  0.0,  0.0,  0.0, 0.0,   6.0,       ,      ,      ,        ,        ,        ,        ,        ,        ,        ,        ,      
bylsmda01, 1996,     1, LAK , NHL , R  , 79.0,  3.0,   6.0,   9.0,  32.0, -15.0,  0.0,  1.0,  0.0,  0.0,  0.0, 0.0,  86.0,       ,      ,      ,        ,        ,        ,        ,        ,        ,        ,        ,      
bylsmda01, 1997,     1, LAK , NHL , C  , 65.0,  3.0,   9.0,  12.0,  33.0, 9.0  ,  0.0,  0.0,  0.0,  1.0,  0.0, 1.0,  57.0,    2.0,   0.0,   0.0,     0.0,     0.0, -3.0   ,     0.0,     0.0,     0.0,     0.0,     0.0,     1.0
bylsmda01, 1998,     1, LAK , NHL , R  ,  8.0,  0.0,   0.0,   0.0,   2.0, -1.0 ,  0.0,  0.0,  0.0,  0.0,  0.0, 0.0,   3.0,       ,      ,      ,        ,        ,        ,        ,        ,        ,        ,        ,      
bylsmda01, 1999,     1, LAK , NHL , L  , 64.0,  3.0,   6.0,   9.0,  55.0, -2.0 ,  0.0,  0.0,  1.0,  0.0,  0.0, 0.0,  43.0,    3.0,   0.0,   0.0,     0.0,     0.0, -1.0   ,     0.0,     0.0,     0.0,     0.0,     0.0,     2.0
bylsmda01, 2000,     1, ANA , NHL , L  , 82.0,  1.0,   9.0,  10.0,  22.0, -12.0,  0.0,  1.0,  0.0,  0.0,  0.0, 0.0,  50.0,       ,      ,      ,        ,        ,        ,        ,        ,        ,        ,        ,      
bylsmda01, 2001,     1, ANA , NHL , R  , 77.0,  8.0,   9.0,  17.0,  28.0, 5.0  ,  0.0,  0.0,  1.0,  0.0,  2.0, 0.0,  72.0,       ,      ,      ,        ,        ,        ,        ,        ,        ,        ,        ,      
bylsmda01, 2002,     1, ANA , NHL , R  , 39.0,  1.0,   4.0,   5.0,  12.0, -1.0 ,  0.0,  0.0,  0.0,  0.0,  0.0, 0.0,  23.0,   11.0,   0.0,   1.0,     1.0,     2.0, 3.0    ,     0.0,     0.0,     0.0,     1.0,     0.0,    12.0
bylsmda01, 2003,     1, ANA , NHL , R  , 11.0,  0.0,   0.0,   0.0,   0.0, -3.0 ,  0.0,  0.0,  0.0,  0.0,  0.0, 0.0,   6.0,       ,      ,      ,        ,        ,        ,        ,        ,        ,        ,        ,      
byramsh01, 1990,     1, NYI , NHL , L  ,  4.0,  0.0,   0.0,   0.0,  14.0, -2.0 ,  0.0,  0.0,  0.0,  0.0,  0.0, 0.0,   2.0,       ,      ,      ,        ,        ,        ,        ,        ,        ,        ,        ,      
byramsh01, 1991,     1, CHI , NHL , L  ,  1.0,  0.0,   0.0,   0.0,   0.0, 0.0  ,  0.0,  0.0,  0.0,  0.0,  0.0, 0.0,   1.0,       ,      ,      ,        ,        ,        ,        ,        ,        ,        ,        ,      
cadlebr01, 1972,     1, WIJ , WHA , L  , 56.0,  4.0,   4.0,   8.0,  39.0,      ,  1.0,     ,  0.0,     ,     ,    ,      ,    3.0,   0.0,   0.0,     0.0,     0.0,        ,     0.0,        ,     0.0,        ,     0.0,      
cadotbe01, 1912,     1, MOW , NHA , G  ,  6.0,  0.0,   0.0,   0.0,   0.0,      ,     ,     ,     ,     ,     ,    ,      ,       ,      ,      ,        ,        ,        ,        ,        ,        ,        ,        ,      
caffeja01, 1954,     1, TOR , NHL , C  ,  3.0,  0.0,   0.0,   0.0,   0.0,      ,     ,     ,     ,     ,     ,    ,      ,       ,      ,      ,        ,        ,        ,        ,        ,        ,        ,        ,      
caffeja01, 1956,     1, BOS , NHL , C  , 47.0,  2.0,   2.0,   4.0,  20.0,      ,     ,     ,     ,     ,     ,    ,      ,   10.0,   1.0,   0.0,     1.0,     4.0,        ,        ,        ,        ,        ,        ,      
caffeja01, 1957,     1, BOS , NHL , C  ,  7.0,  1.0,   0.0,   1.0,   2.0,      ,     ,     ,     ,     ,     ,    ,      ,       ,      ,      ,        ,        ,        ,        ,        ,        ,        ,        ,      
caffete01, 1969,     1, CHI , NHL , C  ,  6.0,  0.0,   0.0,   0.0,   0.0, 0.0  ,  0.0,     ,  0.0,     ,  0.0, 0.0,   2.0,       ,      ,      ,        ,        ,        ,        ,        ,        ,        ,        ,      
caffete01, 1970,     1, MNS , NHL , C  ,  8.0,  0.0,   0.0,   0.0,   0.0, -2.0 ,  0.0,     ,  0.0,     ,  0.0, 0.0,   1.0,    1.0,   0.0,   0.0,     0.0,     0.0,        ,     0.0,        ,     0.0,        ,     0.0,      
caffete01, 1972,     1, NEW , WHA , C  , 74.0, 39.0,  61.0, 100.0,  14.0,      ,  9.0,     ,  1.0,     ,  7.0,    ,      ,    8.0,   3.0,   7.0,    10.0,     0.0,        ,     0.0,        ,     0.0,        ,     0.0,      
caffete01, 1974,     1, NEW , WHA , C  , 67.0, 15.0,  37.0,  52.0,  12.0, -8.0 ,  2.0,     ,  0.0,     ,     ,    , 133.0,       ,      ,      ,        ,        ,        ,        ,        ,        ,        ,        ,      
caffete01, 1975,     1, NEW , WHA , C  ,  2.0,  0.0,   0.0,   0.0,   0.0, -1.0 ,  0.0,     ,  0.0,     ,  0.0,    ,   2.0,       ,      ,      ,        ,        ,        ,        ,        ,        ,        ,        ,      
caffete01, 1975,     2, CAC , WHA , C  , 21.0,  5.0,  13.0,  18.0,   4.0, 3.0  ,  1.0,     ,  0.0,     ,  2.0,    ,  38.0,       ,      ,      ,        ,        ,        ,        ,        ,        ,        ,        ,      
cahanla01, 1954,     1, TOR , NHL , D  , 59.0,  0.0,   6.0,   6.0,  64.0,      ,     ,     ,     ,     ,     ,    ,      ,    4.0,   0.0,   0.0,     0.0,     0.0,        ,        ,        ,        ,        ,        ,      
cahanla01, 1955,     1, TOR , NHL , D  , 21.0,  0.0,   2.0,   2.0,  46.0,      ,     ,     ,     ,     ,     ,    ,      ,       ,      ,      ,        ,        ,        ,        ,        ,        ,        ,        ,      
cahanla01, 1956,     1, NYR , NHL , D  , 61.0,  5.0,   4.0,   9.0,  65.0,      ,     ,     ,     ,     ,     ,    ,      ,    3.0,   0.0,   0.0,     0.0,     2.0,        ,        ,        ,        ,        ,        ,      
cahanla01, 1957,     1, NYR , NHL , D  , 34.0,  1.0,   1.0,   2.0,  20.0,      ,     ,     ,     ,     ,     ,    ,      ,    5.0,   0.0,   0.0,     0.0,     4.0,        ,        ,        ,        ,        ,        ,      
cahanla01, 1958,     1, NYR , NHL , D  , 16.0,  1.0,   0.0,   1.0,   8.0,      ,     ,     ,     ,     ,     ,    ,      ,       ,      ,      ,        ,        ,        ,        ,        ,        ,        ,        ,      
cahanla01, 1961,     1, NYR , NHL , D  , 57.0,  2.0,   7.0,   9.0,  85.0,      ,     ,     ,     ,     ,     ,    ,      ,    6.0,   0.0,   0.0,     0.0,    10.0,        ,        ,        ,        ,        ,     0.0,      
cahanla01, 1962,     1, NYR , NHL , D  , 56.0,  6.0,  14.0,  20.0,  47.0,      ,     ,     ,     ,     ,     ,    ,      ,       ,      ,      ,        ,        ,        ,        ,        ,        ,        ,        ,      
cahanla01, 1963,     1, NYR , NHL , D  , 53.0,  4.0,   8.0,  12.0,  80.0,      ,  0.0,     ,  0.0,     ,  1.0, 0.0,      ,       ,      ,      ,        ,        ,        ,        ,        ,        ,        ,        ,      
cahanla01, 1964,     1, NYR , NHL , D  , 26.0,  0.0,   5.0,   5.0,  32.0,      ,  0.0,     ,  0.0,     ,  0.0, 0.0,      ,       ,      ,      ,        ,        ,        ,        ,        ,        ,        ,        ,      
cahanla01, 1967,     1, OAK , NHL , D  , 74.0,  9.0,  15.0,  24.0,  80.0, -29.0,  5.0,     ,  0.0,     ,  1.0, 1.0, 161.0,       ,      ,      ,        ,        ,        ,        ,        ,        ,        ,        ,      
cahanla01, 1968,     1, LAK , NHL , D  , 72.0,  3.0,  11.0,  14.0,  76.0, -20.0,  0.0,     ,  0.0,     ,  1.0, 2.0, 129.0,   11.0,   1.0,   1.0,     2.0,    22.0,        ,     0.0,        ,     0.0,        ,     1.0,      
cahanla01, 1969,     1, LAK , NHL , D  , 70.0,  4.0,   8.0,  12.0,  52.0, -25.0,  2.0,     ,  0.0,     ,  0.0, 0.0,  95.0,       ,      ,      ,        ,        ,        ,        ,        ,        ,        ,        ,      
cahanla01, 1970,     1, LAK , NHL , D  , 67.0,  3.0,  11.0,  14.0,  45.0, -29.0,  1.0,     ,  0.0,     ,  0.0, 1.0, 113.0,       ,      ,      ,        ,        ,        ,        ,        ,        ,        ,        ,      
cahanla01, 1972,     1, CHC , WHA , D  , 75.0,  1.0,  10.0,  11.0,  44.0,      ,  0.0,     ,  0.0,     ,     ,    ,      ,       ,      ,      ,        ,        ,        ,        ,        ,        ,        ,        ,      
cahanla01, 1973,     1, CHC , WHA , D  ,  3.0,  0.0,   0.0,   0.0,   2.0,      ,  0.0,     ,  0.0,     ,  0.0,    ,      ,       ,      ,      ,        ,        ,        ,        ,        ,        ,        ,        ,      
cahilch01, 1925,     1, BOS , NHL , F  , 31.0,  0.0,   1.0,   1.0,   4.0,      ,     ,     ,     ,     ,     ,    ,      ,       ,      ,      ,        ,        ,        ,        ,        ,        ,        ,        ,      
cahilch01, 1926,     1, BOS , NHL , F  ,  1.0,  0.0,   0.0,   0.0,   0.0,      ,     ,     ,     ,     ,     ,    ,      ,       ,      ,      ,        ,        ,        ,        ,        ,        ,        ,        ,      
cainfr01 , 1924,     1, MTM , NHL , F  , 28.0,  4.0,   0.0,   4.0,  27.0,      ,     ,     ,     ,     ,     ,    ,      ,       ,      ,      ,        ,        ,        ,        ,        ,        ,        ,        ,      
cainfr01 , 1925,     1, MTM , NHL , D  , 10.0,  0.0,   0.0,   0.0,   0.0,      ,     ,     ,     ,     ,     ,    ,      ,       ,      ,      ,        ,        ,        ,        ,        ,        ,        ,        ,      
cainfr01 , 1925,     2, TRS , NHL , D  , 23.0,  0.0,   0.0,   0.0,   8.0,      ,     ,     ,     ,     ,     ,    ,      ,       ,      ,      ,        ,        ,        ,        ,        ,        ,        ,        ,      
cainhe01 , 1933,     1, MTM , NHL , L  , 30.0,  4.0,   5.0,   9.0,  14.0,      ,     ,     ,     ,     ,     ,    ,      ,    4.0,   0.0,   0.0,     0.0,     0.0,        ,        ,        ,        ,        ,        ,      
cainhe01 , 1934,     1, MTM , NHL , L  , 44.0, 20.0,   7.0,  27.0,  13.0,      ,     ,     ,     ,     ,     ,    ,      ,    7.0,   1.0,   0.0,     1.0,     2.0,        ,        ,        ,        ,        ,        ,      
cainhe01 , 1935,     1, MTM , NHL , L  , 48.0,  5.0,  13.0,  18.0,  16.0,      ,     ,     ,     ,     ,     ,    ,      ,    3.0,   0.0,   1.0,     1.0,     0.0,        ,        ,        ,        ,        ,        ,      
cainhe01 , 1936,     1, MTM , NHL , L  , 42.0, 13.0,  17.0,  30.0,  18.0,      ,     ,     ,     ,     ,     ,    ,      ,    5.0,   1.0,   1.0,     2.0,     0.0,        ,        ,        ,        ,        ,        ,      
cainhe01 , 1937,     1, MTM , NHL , L  , 47.0, 11.0,  19.0,  30.0,  10.0,      ,     ,     ,     ,     ,     ,    ,      ,       ,      ,      ,        ,        ,        ,        ,        ,        ,        ,        ,      
cainhe01 , 1938,     1, MTL , NHL , L  , 45.0, 13.0,  14.0,  27.0,  26.0,      ,     ,     ,     ,     ,     ,    ,      ,    3.0,   0.0,   0.0,     0.0,     2.0,        ,        ,        ,        ,        ,        ,      
cainhe01 , 1939,     1, BOS , NHL , L  , 48.0, 21.0,  10.0,  31.0,  30.0,      ,     ,     ,     ,     ,     ,    ,      ,    6.0,   1.0,   3.0,     4.0,     2.0,        ,        ,        ,        ,        ,        ,      
cainhe01 , 1940,     1, BOS , NHL , L  , 41.0,  8.0,  10.0,  18.0,   6.0,      ,     ,     ,     ,     ,     ,    ,      ,   11.0,   3.0,   2.0,     5.0,     5.0,        ,        ,        ,        ,        ,        ,      
cainhe01 , 1941,     1, BOS , NHL , L  , 34.0,  8.0,  10.0,  18.0,   2.0,      ,     ,     ,     ,     ,     ,    ,      ,    5.0,   1.0,   0.0,     1.0,     0.0,        ,        ,        ,        ,        ,        ,      
cainhe01 , 1942,     1, BOS , NHL , L  , 45.0, 18.0,  18.0,  36.0,  19.0,      ,     ,     ,     ,     ,     ,    ,      ,    7.0,   4.0,   2.0,     6.0,     0.0,        ,        ,        ,        ,        ,        ,      
cainhe01 , 1943,     1, BOS , NHL , L  , 48.0, 36.0,  46.0,  82.0,   4.0,      ,     ,     ,     ,     ,     ,    ,      ,       ,      ,      ,        ,        ,        ,        ,        ,        ,        ,        ,      
cainhe01 , 1944,     1, BOS , NHL , L  , 50.0, 32.0,  13.0,  45.0,  16.0,      ,     ,     ,     ,     ,     ,    ,      ,    7.0,   5.0,   2.0,     7.0,     0.0,        ,        ,        ,        ,        ,        ,      
cainhe01 , 1945,     1, BOS , NHL , L  , 48.0, 17.0,  12.0,  29.0,   4.0,      ,     ,     ,     ,     ,     ,    ,      ,    9.0,   0.0,   2.0,     2.0,     2.0,        ,        ,        ,        ,        ,        ,      
cairndo01, 1975,     1, KCS , NHL , L  ,  7.0,  0.0,   0.0,   0.0,   0.0, -1.0 ,  0.0,     ,  0.0,     ,  0.0, 0.0,   2.0,       ,      ,      ,        ,        ,        ,        ,        ,        ,        ,        ,      
cairndo01, 1976,     1, COR , NHL , L  ,  2.0,  0.0,   1.0,   1.0,   2.0, 1.0  ,  0.0,     ,  0.0,     ,  0.0, 0.0,   3.0,       ,      ,      ,        ,        ,        ,        ,        ,        ,        ,        ,      
cairner01, 1996,     1, NYR , NHL , D  , 40.0,  0.0,   1.0,   1.0, 147.0, -7.0 ,  0.0,  0.0,  0.0,  0.0,  0.0, 0.0,  17.0,    3.0,   0.0,   0.0,     0.0,     0.0, 0.0    ,     0.0,     0.0,     0.0,     0.0,     0.0,     0.0
cairner01, 1997,     1, NYR , NHL , D  , 39.0,  0.0,   3.0,   3.0,  92.0, -3.0 ,  0.0,  0.0,  0.0,  0.0,  0.0, 0.0,  17.0,       ,      ,      ,        ,        ,        ,        ,        ,        ,        ,        ,      
cairner01, 1998,     1, NYI , NHL , D  ,  9.0,  0.0,   3.0,   3.0,  23.0, 1.0  ,  0.0,  0.0,  0.0,  0.0,  0.0, 0.0,   2.0,       ,      ,      ,        ,        ,        ,        ,        ,        ,        ,        ,      
cairner01, 1999,     1, NYI , NHL , D  , 67.0,  2.0,   7.0,   9.0, 196.0, -5.0 ,  0.0,  0.0,  0.0,  2.0,  0.0, 0.0,  55.0,       ,      ,      ,        ,        ,        ,        ,        ,        ,        ,        ,      
cairner01, 2000,     1, NYI , NHL , D  , 45.0,  2.0,   2.0,   4.0, 106.0, -18.0,  0.0,  0.0,  0.0,  0.0,  0.0, 0.0,  21.0,       ,      ,      ,        ,        ,        ,        ,        ,        ,        ,        ,      
cairner01, 2001,     1, NYI , NHL , D  , 74.0,  2.0,   5.0,   7.0, 176.0, -2.0 ,  0.0,  0.0,  0.0,  0.0,  1.0, 0.0,  34.0,    7.0,   0.0,   0.0,     0.0,    15.0, -2.0   ,     0.0,     0.0,     0.0,     0.0,     0.0,     4.0
cairner01, 2002,     1, NYI , NHL , D  , 60.0,  1.0,   4.0,   5.0, 124.0, -7.0 ,  0.0,  0.0,  0.0,  1.0,  0.0, 0.0,  31.0,    5.0,   0.0,   0.0,     0.0,    13.0, -1.0   ,     0.0,     0.0,     0.0,     0.0,     0.0,     3.0
cairner01, 2003,     1, NYI , NHL , D  , 72.0,  2.0,   6.0,   8.0, 189.0, -5.0 ,  0.0,  0.0,  0.0,  0.0,  0.0, 0.0,  24.0,    1.0,   0.0,   0.0,     0.0,     0.0, -2.0   ,     0.0,     0.0,     0.0,     0.0,     0.0,     0.0
cairner01, 2005,     1, FLO , NHL , D  , 23.0,  0.0,   1.0,   1.0,  37.0, 1.0  ,  0.0,  0.0,  0.0,  0.0,  0.0,    ,  11.0,       ,      ,      ,        ,        ,        ,        ,        ,        ,        ,        ,      
cairner01, 2005,     2, PIT , NHL , D  , 27.0,  1.0,   0.0,   1.0,  87.0, 0.0  ,  0.0,  0.0,  0.0,  0.0,  0.0,    ,   8.0,       ,      ,      ,        ,        ,        ,        ,        ,        ,        ,        ,      
cairner01, 2006,     1, PIT , NHL , D  ,  1.0,  0.0,   0.0,   0.0,   5.0, 0.0  ,  0.0,  0.0,  0.0,  0.0,  0.0,    ,   0.0,       ,      ,      ,        ,        ,        ,        ,        ,        ,        ,        ,      
cajanpe01, 2002,     1, STL , NHL , C  , 51.0,  9.0,  29.0,  38.0,  20.0, 16.0 ,  2.0,  7.0,  2.0,  1.0,  1.0, 0.0,  90.0,    2.0,   0.0,   0.0,     0.0,     2.0, -1.0   ,     0.0,     0.0,     0.0,     0.0,     0.0,     2.0
cajanpe01, 2003,     1, STL , NHL , C  , 70.0, 12.0,  14.0,  26.0,  16.0, 12.0 ,  3.0,  6.0,  0.0,  0.0,  4.0, 0.0, 126.0,    5.0,   0.0,   2.0,     2.0,     2.0, 3.0    ,     0.0,     1.0,     0.0,     0.0,     0.0,     8.0
cajanpe01, 2005,     1, STL , NHL , L  , 71.0, 10.0,  31.0,  41.0,  54.0, -22.0,  3.0, 19.0,  0.0,  0.0,  0.0,    , 150.0,       ,      ,      ,        ,        ,        ,        ,        ,        ,        ,        ,      
cajanpe01, 2006,     1, STL , NHL , C  , 77.0, 15.0,  33.0,  48.0,  54.0, 9.0  ,  1.0,  8.0,  0.0,  0.0,  1.0,    , 167.0,       ,      ,      ,        ,        ,        ,        ,        ,        ,        ,        ,      
caldeer01, 1981,     1, WAS , NHL , D  ,  1.0,  0.0,   0.0,   0.0,   0.0, 0.0  ,  0.0,     ,  0.0,     ,  0.0, 0.0,   0.0,       ,      ,      ,        ,        ,        ,        ,        ,        ,        ,        ,      
caldeer01, 1982,     1, WAS , NHL , D  ,  1.0,  0.0,   0.0,   0.0,   0.0, 0.0  ,  0.0,     ,  0.0,     ,  0.0, 0.0,   0.0,       ,      ,      ,        ,        ,        ,        ,        ,        ,        ,        ,      
caldeky01, 1999,     1, CHI , NHL , C  ,  8.0,  1.0,   1.0,   2.0,   2.0, -3.0 ,  0.0,  0.0,  0.0,  0.0,  0.0, 0.0,   5.0,       ,      ,      ,        ,        ,        ,        ,        ,        ,        ,        ,      
caldeky01, 2000,     1, CHI , NHL , C  , 43.0,  5.0,  10.0,  15.0,  14.0, -4.0 ,  0.0,  1.0,  0.0,  0.0,  1.0, 0.0,  63.0,       ,      ,      ,        ,        ,        ,        ,        ,        ,        ,        ,      
caldeky01, 2001,     1, CHI , NHL , L  , 81.0, 17.0,  36.0,  53.0,  47.0, 8.0  ,  6.0,  8.0,  0.0,  0.0,  3.0, 0.0, 133.0,    5.0,   2.0,   0.0,     2.0,     2.0, 0.0    ,     1.0,     0.0,     0.0,     0.0,     0.0,    10.0
caldeky01, 2002,     1, CHI , NHL , L  , 82.0, 15.0,  27.0,  42.0,  40.0, -6.0 ,  7.0,  3.0,  0.0,  0.0,  2.0, 0.0, 164.0,       ,      ,      ,        ,        ,        ,        ,        ,        ,        ,        ,      
caldeky01, 2003,     1, CHI , NHL , L  , 66.0, 21.0,  18.0,  39.0,  29.0, -18.0, 10.0,  4.0,  0.0,  0.0,  1.0, 0.0, 144.0,       ,      ,      ,        ,        ,        ,        ,        ,        ,        ,        ,      
caldeky01, 2005,     1, CHI , NHL , L  , 79.0, 26.0,  33.0,  59.0,  52.0, -4.0 ,  6.0,  7.0,  2.0,  0.0,  6.0,    , 183.0,       ,      ,      ,        ,        ,        ,        ,        ,        ,        ,        ,      
caldeky01, 2006,     1, PHI , NHL , L  , 59.0,  9.0,  12.0,  21.0,  36.0, -31.0,  2.0,  4.0,  2.0,  0.0,  0.0,    ,  88.0,       ,      ,      ,        ,        ,        ,        ,        ,        ,        ,        ,      
caldeky01, 2006,     2, DET , NHL , L  , 19.0,  5.0,   9.0,  14.0,  22.0, 6.0  ,  1.0,  3.0,  0.0,  0.0,  2.0,    ,  42.0,   13.0,   0.0,   1.0,     1.0,     8.0, 1.0    ,     0.0,     0.0,     0.0,     0.0,     0.0,    13.0
caldeky01, 2007,     1, LAK , NHL , L  , 65.0,  7.0,  13.0,  20.0,  18.0, -11.0,  3.0,  3.0,  0.0,  0.0,  0.0,    ,  70.0,       ,      ,      ,        ,        ,        ,        ,        ,        ,        ,        ,      
caldeky01, 2008,     1, LAK , NHL , L  , 74.0,  8.0,  19.0,  27.0,  41.0, -1.0 ,  2.0,  2.0,  0.0,  0.0,  1.0,    ,  93.0,       ,      ,      ,        ,        ,        ,        ,        ,        ,        ,        ,      
caldeky01, 2009,     1, AND , NHL , L  , 14.0,  0.0,   2.0,   2.0,   8.0, -7.0 ,  0.0,  1.0,  0.0,  0.0,  0.0,    ,  20.0,       ,      ,      ,        ,        ,        ,        ,        ,        ,        ,        ,      
caldwry01, 2005,     1, NYI , NHL , D  ,  2.0,  0.0,   0.0,   0.0,   2.0, -2.0 ,  0.0,  0.0,  0.0,  0.0,  0.0,    ,   2.0,       ,      ,      ,        ,        ,        ,        ,        ,        ,        ,        ,      
caldwry01, 2007,     1, PHO , NHL , D  ,  2.0,  0.0,   0.0,   0.0,   2.0, 0.0  ,  0.0,  0.0,  0.0,  0.0,  0.0,    ,   1.0,       ,      ,      ,        ,        ,        ,        ,        ,        ,        ,        ,      
caleydo01, 1967,     1, STL , NHL , G  ,  1.0,  0.0,   0.0,   0.0,   0.0, 0.0  ,  0.0,     ,  0.0,     ,  0.0, 0.0,   0.0,       ,      ,      ,        ,        ,        ,        ,        ,        ,        ,        ,      
calladr01, 1976,     1, PHI , NHL , C  ,  2.0,  1.0,   0.0,   1.0,   0.0, 1.0  ,  0.0,     ,  0.0,     ,  0.0, 0.0,   1.0,       ,      ,      ,        ,        ,        ,        ,        ,        ,        ,        ,      
calladr01, 1977,     1, PHI , NHL , C  ,  1.0,  0.0,   0.0,   0.0,   0.0, 0.0  ,  0.0,     ,  0.0,     ,  0.0, 0.0,   0.0,       ,      ,      ,        ,        ,        ,        ,        ,        ,        ,        ,      
calladr01, 1978,     1, PHI , NHL , C  , 15.0,  2.0,   1.0,   3.0,   5.0, -1.0 ,  0.0,     ,  0.0,     ,  0.0, 0.0,  22.0,       ,      ,      ,        ,        ,        ,        ,        ,        ,        ,        ,      
calladr01, 1978,     2, VAN , NHL , C  , 17.0,  2.0,   0.0,   2.0,   2.0, -9.0 ,  0.0,     ,  0.0,     ,  0.0, 1.0,  19.0,       ,      ,      ,        ,        ,        ,        ,        ,        ,        ,        ,      
calladr01, 1979,     1, VAN , NHL , C  ,  4.0,  1.0,   1.0,   2.0,   0.0, -2.0 ,  0.0,     ,  0.0,     ,  0.0, 0.0,   3.0,       ,      ,      ,        ,        ,        ,        ,        ,        ,        ,        ,      
callajo01, 1987,     1, PIT , NHL , R  , 41.0, 11.0,  16.0,  27.0,  45.0, -13.0,  4.0,  7.0,  0.0,  0.0,  1.0, 0.0,  59.0,       ,      ,      ,        ,        ,        ,        ,        ,        ,        ,        ,      
callajo01, 1988,     1, PIT , NHL , R  , 30.0,  6.0,   5.0,  11.0,  20.0, -3.0 ,  2.0,  2.0,  0.0,  0.0,  0.0, 0.0,  35.0,   10.0,   2.0,   5.0,     7.0,    10.0, 6.0    ,     0.0,     1.0,     0.0,     0.0,     0.0,    14.0
callajo01, 1989,     1, PIT , NHL , R  , 30.0,  4.0,   7.0,  11.0,  49.0, 0.0  ,  0.0,  0.0,  0.0,  0.0,  1.0, 0.0,  22.0,       ,      ,      ,        ,        ,        ,        ,        ,        ,        ,        ,      
callajo01, 1991,     1, PIT , NHL , R  ,     ,     ,      ,      ,      ,      ,     ,     ,     ,     ,     ,    ,      ,   12.0,   1.0,   3.0,     4.0,     2.0, 0.0    ,     0.0,     1.0,     0.0,     0.0,     0.0,     9.0
callajo01, 1992,     1, TBL , NHL , R  ,  8.0,  1.0,   1.0,   2.0,   2.0, -5.0 ,  0.0,  0.0,  0.0,  0.0,  0.0, 0.0,  12.0,       ,      ,      ,        ,        ,        ,        ,        ,        ,        ,        ,      
callajo02, 2008,     1, NYI , NHL , D  , 18.0,  0.0,   2.0,   2.0,   4.0, 5.0  ,  0.0,  0.0,  0.0,  0.0,  0.0,    ,   6.0,       ,      ,      ,        ,        ,        ,        ,        ,        ,        ,        ,      
callajo02, 2009,     1, SJS , NHL , D  ,  1.0,  0.0,   1.0,   1.0,   0.0, 1.0  ,  0.0,  0.0,  0.0,  0.0,  0.0,    ,   0.0,       ,      ,      ,        ,        ,        ,        ,        ,        ,        ,        ,      
callano01, 1942,     1, BOS , NHL , C  ,  3.0,  0.0,   1.0,   1.0,   0.0,      ,     ,     ,     ,     ,     ,    ,      ,       ,      ,      ,        ,        ,        ,        ,        ,        ,        ,        ,      
callano01, 1943,     1, BOS , NHL , C  , 49.0, 16.0,  27.0,  43.0,   8.0,      ,     ,     ,     ,     ,     ,    ,      ,       ,      ,      ,        ,        ,        ,        ,        ,        ,        ,        ,      
callano01, 1944,     1, BOS , NHL , C  , 11.0,  3.0,   1.0,   4.0,   0.0,      ,     ,     ,     ,     ,     ,    ,      ,       ,      ,      ,        ,        ,        ,        ,        ,        ,        ,        ,      
callary01, 2006,     1, NYR , NHL , R  , 14.0,  4.0,   2.0,   6.0,   9.0, 5.0  ,  0.0,  0.0,  0.0,  0.0,  1.0,    ,  40.0,   10.0,   2.0,   1.0,     3.0,     6.0, 1.0    ,     1.0,     0.0,     0.0,     0.0,     0.0,    26.0
callary01, 2007,     1, NYR , NHL , R  , 52.0,  8.0,   5.0,  13.0,  31.0, 7.0  ,  0.0,  0.0,  1.0,  0.0,  1.0,    ,  92.0,   10.0,   2.0,   2.0,     4.0,    10.0, 3.0    ,     0.0,     0.0,     1.0,     0.0,     1.0,    25.0
callary01, 2008,     1, NYR , NHL , R  , 81.0, 22.0,  18.0,  40.0,  45.0, 7.0  ,  2.0,  2.0,  1.0,  0.0,  1.0,    , 237.0,    7.0,   2.0,   0.0,     2.0,     4.0, -1.0   ,     1.0,     0.0,     0.0,     0.0,     1.0,    19.0
callary01, 2009,     1, NYR , NHL , R  , 77.0, 19.0,  18.0,  37.0,  48.0, -12.0,  9.0, 11.0,  0.0,  1.0,  3.0,    , 204.0,       ,      ,      ,        ,        ,        ,        ,        ,        ,        ,        ,      
callibr01, 1976,     1, NEW , WHA , R  , 33.0,  6.0,  10.0,  16.0,  41.0, -1.0 ,  1.0,     ,  0.0,     ,     ,    ,  49.0,       ,      ,      ,        ,        ,        ,        ,        ,        ,        ,        ,      
callibr01, 1976,     2, EDO , WHA , R  , 29.0,  9.0,  16.0,  25.0,  48.0, 6.0  ,  2.0,     ,  0.0,     ,     ,    ,  48.0,    5.0,   4.0,   1.0,     5.0,     7.0, 1.0    ,        ,        ,        ,        ,     1.0,      
callibr01, 1977,     1, EDO , WHA , C  , 80.0, 20.0,  30.0,  50.0, 112.0, 5.0  ,  1.0,     ,  0.0,     ,     ,    , 201.0,    5.0,   0.0,   2.0,     2.0,    16.0, -1.0   ,        ,        ,        ,        ,     0.0,      
callibr01, 1978,     1, EDO , WHA , L  , 71.0, 31.0,  39.0,  70.0,  79.0, 29.0 , 12.0,     ,  0.0,     ,     ,    , 161.0,   13.0,   5.0,  10.0,    15.0,    15.0, 5.0    ,        ,        ,        ,        ,     1.0,      
callibr01, 1979,     1, EDM , NHL , L  , 59.0, 23.0,  35.0,  58.0,  72.0, -1.0 ,  8.0,     ,  0.0,     ,  0.0, 2.0, 159.0,    3.0,   0.0,   2.0,     2.0,     0.0,        ,     0.0,        ,     0.0,        ,     0.0,      
callibr01, 1980,     1, EDM , NHL , C  , 55.0, 25.0,  35.0,  60.0,  32.0, 13.0 ,  6.0,     ,  0.0,     ,  1.0, 1.0, 127.0,    9.0,   4.0,   4.0,     8.0,     6.0,        ,     1.0,        ,     0.0,        ,     1.0,      
callibr01, 1981,     1, EDM , NHL , C  , 46.0,  8.0,  19.0,  27.0,  28.0, 16.0 ,  3.0,     ,  0.0,     ,  1.0, 0.0,  87.0,    2.0,   0.0,   0.0,     0.0,     2.0,        ,     0.0,        ,     0.0,        ,     0.0,      
callipa01, 1927,     1, NYR , NHL , D  , 36.0,  0.0,   0.0,   0.0,  32.0,      ,     ,     ,     ,     ,     ,    ,      ,    9.0,   0.0,   0.0,     0.0,     0.0,        ,        ,        ,        ,        ,        ,      
calouja01, 1995,     1, SJS , NHL , R  , 11.0,  8.0,   3.0,  11.0,   0.0, 4.0  ,  2.0,  0.0,  0.0,  0.0,  0.0, 0.0,  20.0,       ,      ,      ,        ,        ,        ,        ,        ,        ,        ,        ,      
calouja01, 1996,     1, SJS , NHL , R  ,  2.0,  0.0,   0.0,   0.0,   0.0, -2.0 ,  0.0,  0.0,  0.0,  0.0,  0.0, 0.0,   3.0,       ,      ,      ,        ,        ,        ,        ,        ,        ,        ,        ,      
calouja01, 2000,     1, CBS , NHL , R  , 11.0,  0.0,   3.0,   3.0,   2.0, -8.0 ,  0.0,  1.0,  0.0,  0.0,  0.0, 0.0,  14.0,       ,      ,      ,        ,        ,        ,        ,        ,        ,        ,        ,      
camazja01, 1983,     1, CHI , NHL , L  ,  1.0,  0.0,   0.0,   0.0,   0.0, 0.0  ,  0.0,     ,  0.0,     ,  0.0, 0.0,   1.0,       ,      ,      ,        ,        ,        ,        ,        ,        ,        ,        ,      
camazja01, 1986,     1, CHI , NHL , L  ,  2.0,  0.0,   0.0,   0.0,   0.0, 0.0  ,  0.0,     ,  0.0,     ,  0.0, 0.0,   2.0,       ,      ,      ,        ,        ,        ,        ,        ,        ,        ,        ,      
camazto01, 1981,     1, WAS , NHL , D  ,  3.0,  0.0,   0.0,   0.0,   4.0, 0.0  ,  0.0,     ,  0.0,     ,  0.0, 0.0,   0.0,       ,      ,      ,        ,        ,        ,        ,        ,        ,        ,        ,      
cameral01, 1975,     1, DET , NHL , D  , 38.0,  2.0,   8.0,  10.0,  49.0, -7.0 ,  1.0,     ,  0.0,     ,  0.0, 0.0,  59.0,       ,      ,      ,        ,        ,        ,        ,        ,        ,        ,        ,      
cameral01, 1976,     1, DET , NHL , D  , 80.0,  3.0,  13.0,  16.0, 112.0, -43.0,  1.0,     ,  0.0,     ,  0.0, 0.0, 139.0,       ,      ,      ,        ,        ,        ,        ,        ,        ,        ,        ,      
cameral01, 1977,     1, DET , NHL , D  , 63.0,  2.0,   7.0,   9.0,  94.0, -12.0,  1.0,     ,  0.0,     ,  0.0, 0.0,  71.0,    7.0,   0.0,   1.0,     1.0,     2.0,        ,     0.0,        ,     0.0,        ,     0.0,      
cameral01, 1978,     1, DET , NHL , D  ,  9.0,  0.0,   3.0,   3.0,   8.0, 1.0  ,  0.0,     ,  0.0,     ,  0.0, 0.0,   7.0,       ,      ,      ,        ,        ,        ,        ,        ,        ,        ,        ,      
cameral01, 1979,     1, WIN , NHL , D  , 63.0,  3.0,  11.0,  14.0,  72.0, -26.0,  0.0,     ,  0.0,     ,  0.0, 0.0,  79.0,       ,      ,      ,        ,        ,        ,        ,        ,        ,        ,        ,      
cameral01, 1980,     1, WIN , NHL , D  , 29.0,  1.0,   2.0,   3.0,  21.0, -19.0,  0.0,     ,  0.0,     ,  0.0, 0.0,  16.0,       ,      ,      ,        ,        ,        ,        ,        ,        ,        ,        ,      
camerbi01, 1923,     1, MTL , NHL , R  , 18.0,  0.0,   0.0,   0.0,   2.0,      ,     ,     ,     ,     ,     ,    ,      ,    2.0,   0.0,   0.0,     0.0,     0.0,        ,        ,        ,        ,        ,        ,      
camerbi01, 1925,     1, NYA , NHL , R  , 21.0,  0.0,   0.0,   0.0,   0.0,      ,     ,     ,     ,     ,     ,    ,      ,       ,      ,      ,        ,        ,        ,        ,        ,        ,        ,        ,      
camercr01, 1966,     1, DET , NHL , R  ,  1.0,  0.0,   0.0,   0.0,   0.0,      ,  0.0,     ,  0.0,     ,  0.0, 0.0,      ,       ,      ,      ,        ,        ,        ,        ,        ,        ,        ,        ,      
camercr01, 1967,     1, STL , NHL , R  , 32.0,  7.0,   2.0,   9.0,   8.0, 2.0  ,  0.0,     ,  0.0,     ,  1.0, 1.0,  43.0,   14.0,   1.0,   0.0,     1.0,    11.0,        ,     0.0,        ,     0.0,        ,     0.0,      
camercr01, 1968,     1, STL , NHL , R  , 72.0, 11.0,   5.0,  16.0,  40.0, -8.0 ,  2.0,     ,  0.0,     ,  1.0, 0.0, 123.0,    2.0,   0.0,   0.0,     0.0,     0.0,        ,     0.0,        ,     0.0,        ,     0.0,      
camercr01, 1970,     1, STL , NHL , R  , 78.0, 14.0,   6.0,  20.0,  32.0, -11.0,  0.0,     ,  1.0,     ,  2.0, 1.0,  86.0,    6.0,   2.0,   0.0,     2.0,     4.0,        ,     0.0,        ,     0.0,        ,     0.0,      
camercr01, 1971,     1, MNS , NHL , R  , 64.0,  2.0,   1.0,   3.0,  11.0, -1.0 ,  0.0,     ,  0.0,     ,  0.0, 0.0,  32.0,    5.0,   0.0,   1.0,     1.0,     2.0,        ,     0.0,        ,     0.0,        ,     0.0,      
camercr01, 1972,     1, NYI , NHL , R  , 72.0, 19.0,  14.0,  33.0,  27.0, -38.0,  2.0,     ,  0.0,     ,  2.0, 1.0, 144.0,       ,      ,      ,        ,        ,        ,        ,        ,        ,        ,        ,      
camercr01, 1973,     1, NYI , NHL , R  , 78.0, 15.0,  14.0,  29.0,  28.0, -15.0,  2.0,     ,  0.0,     ,  2.0, 0.0, 121.0,       ,      ,      ,        ,        ,        ,        ,        ,        ,        ,        ,      
camercr01, 1974,     1, NYI , NHL , R  , 37.0,  1.0,   6.0,   7.0,   4.0, 0.0  ,  0.0,     ,  0.0,     ,  0.0, 0.0,  52.0,       ,      ,      ,        ,        ,        ,        ,        ,        ,        ,        ,      
camercr01, 1974,     2, MNS , NHL , R  , 40.0, 10.0,   7.0,  17.0,  12.0, 5.0  ,  1.0,     ,  0.0,     ,  1.0, 0.0,  65.0,       ,      ,      ,        ,        ,        ,        ,        ,        ,        ,        ,      
camercr01, 1975,     1, MNS , NHL , R  , 78.0,  8.0,  10.0,  18.0,  34.0, -27.0,  1.0,     ,  0.0,     ,  0.0, 0.0,  73.0,       ,      ,      ,        ,        ,        ,        ,        ,        ,        ,        ,      
camerda01, 1981,     1, COR , NHL , C  , 66.0, 11.0,  12.0,  23.0, 103.0, -14.0,  0.0,     ,  1.0,     ,  0.0, 0.0,  65.0,       ,      ,      ,        ,        ,        ,        ,        ,        ,        ,        ,      
camerda01, 1982,     1, NJD , NHL , C  , 35.0,  5.0,   4.0,   9.0,  50.0, -8.0 ,  1.0,     ,  0.0,     ,  0.0, 1.0,  29.0,       ,      ,      ,        ,        ,        ,        ,        ,        ,        ,        ,      
camerda01, 1983,     1, NJD , NHL , C  , 67.0,  9.0,  12.0,  21.0,  85.0, -11.0,  2.0,     ,  0.0,     ,  0.0, 0.0,  79.0,       ,      ,      ,        ,        ,        ,        ,        ,        ,        ,        ,      
camerha01, 1912,     1, TBS , NHA ,    , 20.0,  9.0,   0.0,   9.0,  20.0,      ,     ,     ,     ,     ,     ,    ,      ,       ,      ,      ,        ,        ,        ,        ,        ,        ,        ,        ,      
camerha01, 1913,     1, TBS , NHA ,    , 19.0, 14.0,   5.0,  19.0,  22.0,      ,     ,     ,     ,     ,     ,    ,      ,    2.0,   0.0,      ,        ,        ,        ,        ,        ,        ,        ,        ,      
camerha01, 1914,     1, TBS , NHA ,    , 17.0, 12.0,   8.0,  20.0,  43.0,      ,     ,     ,     ,     ,     ,    ,      ,       ,      ,      ,        ,        ,        ,        ,        ,        ,        ,        ,      
camerha01, 1915,     1, TBS , NHA ,    , 24.0,  8.0,   3.0,  11.0,  70.0,      ,     ,     ,     ,     ,     ,    ,      ,       ,      ,      ,        ,        ,        ,        ,        ,        ,        ,        ,      
camerha01, 1916,     1, TBS , NHA ,    , 14.0,  8.0,   4.0,  12.0,  32.0,      ,     ,     ,     ,     ,     ,    ,      ,       ,      ,      ,        ,        ,        ,        ,        ,        ,        ,        ,      
camerha01, 1916,     2, MOW , NHA ,    ,  6.0,  1.0,   1.0,   2.0,   9.0,      ,     ,     ,     ,     ,     ,    ,      ,       ,      ,      ,        ,        ,        ,        ,        ,        ,        ,        ,      
camerha01, 1917,     1, TOA , NHL , D  , 21.0, 17.0,  10.0,  27.0,  28.0,      ,     ,     ,     ,     ,  1.0,    ,      ,    2.0,   1.0,   2.0,     3.0,     0.0,        ,        ,        ,        ,        ,        ,      
camerha01, 1918,     1, TOA , NHL , D  ,  7.0,  6.0,   2.0,   8.0,   9.0,      ,     ,     ,     ,     ,     ,    ,      ,       ,      ,      ,        ,        ,        ,        ,        ,        ,        ,        ,      
camerha01, 1918,     2, OTS , NHL , D  ,  7.0,  5.0,   1.0,   6.0,  26.0,      ,     ,     ,     ,     ,     ,    ,      ,    5.0,   4.0,   0.0,     4.0,     6.0,        ,        ,        ,        ,        ,        ,      
camerha01, 1919,     1, TRS , NHL , D  ,  7.0,  3.0,   0.0,   3.0,   6.0,      ,     ,     ,     ,     ,     ,    ,      ,       ,      ,      ,        ,        ,        ,        ,        ,        ,        ,        ,      
camerha01, 1919,     2, MTL , NHL , D  , 16.0, 12.0,   5.0,  17.0,  36.0,      ,     ,     ,     ,     ,     ,    ,      ,       ,      ,      ,        ,        ,        ,        ,        ,        ,        ,        ,      
camerha01, 1920,     1, TRS , NHL , D  , 24.0, 18.0,   9.0,  27.0,  35.0,      ,     ,     ,     ,     ,     ,    ,      ,    2.0,   0.0,   0.0,     0.0,     2.0,        ,        ,        ,        ,        ,        ,      
camerha01, 1921,     1, TRS , NHL , D  , 24.0, 18.0,  17.0,  35.0,  22.0,      ,     ,     ,     ,     ,     ,    ,      ,    2.0,   0.0,   2.0,     2.0,     8.0,        ,        ,        ,        ,        ,        ,      
camerha01, 1922,     1, TRS , NHL , D  , 22.0,  9.0,   7.0,  16.0,  27.0,      ,     ,     ,     ,     ,     ,    ,      ,       ,      ,      ,        ,        ,        ,        ,        ,        ,        ,        ,      
camerha01, 1923,     1, SAC , WCHL, D  , 30.0, 10.0,  10.0,  20.0,  16.0,      ,     ,     ,     ,     ,     ,    ,      ,       ,      ,      ,        ,        ,        ,        ,        ,        ,        ,        ,      
camerha01, 1924,     1, SAS , WCHL, D  , 28.0, 13.0,   7.0,  20.0,  21.0,      ,     ,     ,     ,     ,     ,    ,      ,    2.0,   1.0,   0.0,     1.0,     0.0,        ,        ,        ,        ,        ,        ,      
camerha01, 1925,     1, SAS , WCHL, D  , 30.0,  9.0,   3.0,  12.0,  12.0,      ,     ,     ,     ,     ,     ,    ,      ,    2.0,   0.0,   0.0,     0.0,     0.0,        ,        ,        ,        ,        ,        ,      
camersc01, 1942,     1, NYR , NHL , C  , 35.0,  8.0,  11.0,  19.0,   0.0,      ,     ,     ,     ,     ,     ,    ,      ,       ,      ,      ,        ,        ,        ,        ,        ,        ,        ,        ,      
cammami01, 2002,     1, LAK , NHL , C  , 28.0,  5.0,   3.0,   8.0,  22.0, -4.0 ,  2.0,  3.0,  0.0,  0.0,  2.0, 0.0,  40.0,       ,      ,      ,        ,        ,        ,        ,        ,        ,        ,        ,      
cammami01, 2003,     1, LAK , NHL , C  , 31.0,  9.0,   6.0,  15.0,  20.0, 1.0  ,  2.0,  3.0,  0.0,  0.0,  2.0, 0.0,  53.0,       ,      ,      ,        ,        ,        ,        ,        ,        ,        ,        ,      
cammami01, 2005,     1, LAK , NHL , C  , 80.0, 26.0,  29.0,  55.0,  50.0, -14.0, 15.0, 19.0,  0.0,  1.0,  4.0,    , 206.0,       ,      ,      ,        ,        ,        ,        ,        ,        ,        ,        ,      
cammami01, 2006,     1, LAK , NHL , C  , 81.0, 34.0,  46.0,  80.0,  48.0, 5.0  , 16.0, 21.0,  0.0,  0.0,  5.0,    , 299.0,       ,      ,      ,        ,        ,        ,        ,        ,        ,        ,        ,      
cammami01, 2007,     1, LAK , NHL , L  , 63.0, 19.0,  28.0,  47.0,  30.0, -16.0, 10.0,  9.0,  0.0,  0.0,  1.0,    , 210.0,       ,      ,      ,        ,        ,        ,        ,        ,        ,        ,        ,      
cammami01, 2008,     1, CAL , NHL , L  , 81.0, 39.0,  43.0,  82.0,  44.0, -2.0 , 19.0, 15.0,  0.0,  0.0,  6.0,    , 255.0,    6.0,   1.0,   2.0,     3.0,     2.0, 1.0    ,     0.0,     2.0,     0.0,     0.0,     0.0,    16.0
cammami01, 2009,     1, MTL , NHL , C  , 65.0, 26.0,  24.0,  50.0,  16.0, 7.0  ,  4.0, 11.0,  0.0,  0.0,  4.0,    , 218.0,   19.0,  13.0,   6.0,    19.0,     6.0, -6.0   ,     4.0,     3.0,     0.0,     0.0,     3.0,    60.0
campban01, 1909,     1, COB , NHA ,    ,  2.0,  4.0,   0.0,   4.0,   8.0,      ,     ,     ,     ,     ,     ,    ,      ,       ,      ,      ,        ,        ,        ,        ,        ,        ,        ,        ,      
campbbr01, 1967,     1, LAK , NHL , C  , 44.0,  6.0,  15.0,  21.0,  16.0, 2.0  ,  0.0,     ,  0.0,     ,  1.0, 0.0,  55.0,       ,      ,      ,        ,        ,        ,        ,        ,        ,        ,        ,      
campbbr01, 1968,     1, LAK , NHL , C  , 18.0,  2.0,   1.0,   3.0,   4.0, -7.0 ,  0.0,     ,  0.0,     ,  0.0, 0.0,  37.0,    6.0,   2.0,   1.0,     3.0,     0.0,        ,     0.0,        ,     1.0,        ,     0.0,      
campbbr01, 1969,     1, LAK , NHL , C  , 31.0,  4.0,   4.0,   8.0,   4.0, -15.0,  0.0,     ,  0.0,     ,  0.0, 0.0,  54.0,       ,      ,      ,        ,        ,        ,        ,        ,        ,        ,        ,      
campbbr01, 1969,     2, CHI , NHL , C  , 14.0,  1.0,   1.0,   2.0,   2.0, 2.0  ,  0.0,     ,  0.0,     ,  0.0, 0.0,   7.0,    8.0,   1.0,   2.0,     3.0,     0.0,        ,     1.0,        ,     0.0,        ,     0.0,      
campbbr01, 1970,     1, CHI , NHL , C  , 78.0, 17.0,  37.0,  54.0,  26.0, 26.0 ,  3.0,     ,  0.0,     ,  1.0, 1.0, 155.0,    4.0,   0.0,   1.0,     1.0,     0.0,        ,     0.0,        ,     0.0,        ,     0.0,      
campbbr01, 1971,     1, CHI , NHL , C  , 75.0,  5.0,  13.0,  18.0,  22.0, 2.0  ,  0.0,     ,  0.0,     ,  1.0, 0.0,  87.0,    4.0,   0.0,   0.0,     0.0,     2.0,        ,     0.0,        ,     0.0,        ,     0.0,      
campbbr01, 1972,     1, PHB , WHA , C  , 75.0, 25.0,  48.0,  73.0,  85.0,      ,  6.0,     ,  0.0,     ,  1.0,    ,      ,    3.0,   0.0,   1.0,     1.0,     8.0,        ,     0.0,        ,     0.0,        ,     0.0,      
campbbr01, 1973,     1, VAB , WHA , C  , 76.0, 27.0,  62.0,  89.0,  50.0,      ,  8.0,     ,  1.0,     ,  3.0,    ,      ,       ,      ,      ,        ,        ,        ,        ,        ,        ,        ,        ,      
campbbr01, 1974,     1, VAB , WHA , C  , 78.0, 29.0,  34.0,  63.0,  24.0, -15.0, 10.0,     ,  1.0,     ,     ,    , 251.0,       ,      ,      ,        ,        ,        ,        ,        ,        ,        ,        ,      
campbbr01, 1975,     1, CIN , WHA , C  , 77.0, 22.0,  50.0,  72.0,  24.0, -10.0,  6.0,     ,  1.0,     ,  2.0,    , 191.0,       ,      ,      ,        ,        ,        ,        ,        ,        ,        ,        ,      
campbbr01, 1976,     1, IND , WHA , C  ,  8.0,  1.0,   4.0,   5.0,   6.0, -8.0 ,  1.0,     ,  0.0,     ,     ,    ,  21.0,       ,      ,      ,        ,        ,        ,        ,        ,        ,        ,        ,      
campbbr01, 1976,     2, EDO , WHA , C  , 66.0, 12.0,  42.0,  54.0,  18.0, -10.0,  0.0,     ,  1.0,     ,     ,    , 149.0,    5.0,   3.0,   1.0,     4.0,     0.0, -4.0   ,        ,        ,        ,        ,     0.0,      
campbbr01, 1977,     1, EDO , WHA , C  , 53.0,  7.0,  13.0,  20.0,  12.0, -17.0,  2.0,     ,  0.0,     ,     ,    ,  81.0,       ,      ,      ,        ,        ,        ,        ,        ,        ,        ,        ,      
campbbr02, 1999,     1, BUF , NHL , D  , 12.0,  1.0,   4.0,   5.0,   4.0, -2.0 ,  0.0,  2.0,  0.0,  0.0,  0.0, 0.0,  10.0,       ,      ,      ,        ,        ,        ,        ,        ,        ,        ,        ,      
campbbr02, 2000,     1, BUF , NHL , D  ,  8.0,  0.0,   0.0,   0.0,   2.0, -2.0 ,  0.0,  0.0,  0.0,  0.0,  0.0, 0.0,   7.0,       ,      ,      ,        ,        ,        ,        ,        ,        ,        ,        ,      
campbbr02, 2001,     1, BUF , NHL , D  , 29.0,  3.0,   3.0,   6.0,  12.0, 0.0  ,  0.0,  1.0,  0.0,  0.0,  0.0, 0.0,  30.0,       ,      ,      ,        ,        ,        ,        ,        ,        ,        ,        ,      
campbbr02, 2002,     1, BUF , NHL , D  , 65.0,  2.0,  17.0,  19.0,  20.0, -8.0 ,  0.0,  3.0,  0.0,  0.0,  1.0, 0.0,  90.0,       ,      ,      ,        ,        ,        ,        ,        ,        ,        ,        ,      
campbbr02, 2003,     1, BUF , NHL , D  , 53.0,  3.0,   8.0,  11.0,  12.0, -8.0 ,  0.0,  1.0,  0.0,  0.0,  0.0, 0.0,  45.0,       ,      ,      ,        ,        ,        ,        ,        ,        ,        ,        ,      
campbbr02, 2005,     1, BUF , NHL , D  , 79.0, 12.0,  32.0,  44.0,  16.0, -14.0,  5.0, 22.0,  0.0,  0.0,  5.0,    , 105.0,   18.0,   0.0,   6.0,     6.0,    12.0, -5.0   ,     0.0,     2.0,     0.0,     0.0,     0.0,    29.0
campbbr02, 2006,     1, BUF , NHL , D  , 82.0,  6.0,  42.0,  48.0,  35.0, 28.0 ,  1.0,  8.0,  0.0,  1.0,  1.0,    ,  92.0,   16.0,   3.0,   4.0,     7.0,    14.0, 0.0    ,     2.0,     3.0,     0.0,     0.0,     0.0,    29.0
campbbr02, 2007,     1, BUF , NHL , D  , 63.0,  5.0,  38.0,  43.0,  12.0, -1.0 ,  3.0, 18.0,  0.0,  0.0,  0.0,    , 102.0,       ,      ,      ,        ,        ,        ,        ,        ,        ,        ,        ,      
campbbr02, 2007,     2, SJS , NHL , D  , 20.0,  3.0,  16.0,  19.0,   8.0, 9.0  ,  2.0, 10.0,  0.0,  0.0,  0.0,    ,  40.0,   13.0,   1.0,   6.0,     7.0,     4.0, 3.0    ,     0.0,     2.0,     0.0,     0.0,     0.0,    22.0
campbbr02, 2008,     1, CHI , NHL , D  , 82.0,  7.0,  45.0,  52.0,  22.0, 5.0  ,  4.0, 20.0,  0.0,  0.0,  1.0,    , 108.0,   17.0,   2.0,   8.0,    10.0,     0.0, 0.0    ,     2.0,     4.0,     0.0,     0.0,     0.0,    27.0
campbbr02, 2009,     1, CHI , NHL , D  , 68.0,  7.0,  31.0,  38.0,  18.0, 18.0 ,  3.0,  8.0,  0.0,  1.0,  2.0,    , 131.0,   19.0,   1.0,   4.0,     5.0,     2.0, 11.0   ,     0.0,     0.0,     0.0,     0.0,     0.0,    23.0
campbco01, 1973,     1, VAB , WHA , D  , 78.0,  3.0,  20.0,  23.0, 191.0,      ,  0.0,     ,  0.0,     ,  0.0,    ,      ,       ,      ,      ,        ,        ,        ,        ,        ,        ,        ,        ,      
campbco01, 1974,     1, PIT , NHL , D  , 59.0,  4.0,  15.0,  19.0, 172.0, 28.0 ,  0.0,     ,  1.0,     ,  0.0, 0.0,  84.0,    9.0,   1.0,   3.0,     4.0,    21.0,        ,     0.0,        ,     1.0,        ,     1.0,      
campbco01, 1975,     1, PIT , NHL , D  , 64.0,  7.0,  10.0,  17.0, 105.0, -4.0 ,  1.0,     ,  0.0,     ,  2.0, 0.0,  64.0,    3.0,   0.0,   0.0,     0.0,     0.0,        ,     0.0,        ,     0.0,        ,     0.0,      
campbco01, 1976,     1, COR , NHL , D  , 54.0,  3.0,   8.0,  11.0,  67.0, -22.0,  0.0,     ,  0.0,     ,  0.0, 0.0,  87.0,       ,      ,      ,        ,        ,        ,        ,        ,        ,        ,        ,      
campbco01, 1977,     1, PIT , NHL , D  , 55.0,  1.0,   9.0,  10.0, 103.0, -19.0,  1.0,     ,  0.0,     ,  1.0, 0.0,  54.0,       ,      ,      ,        ,        ,        ,        ,        ,        ,        ,        ,      
campbco01, 1978,     1, PIT , NHL , D  , 65.0,  2.0,  18.0,  20.0, 137.0, 14.0 ,  0.0,     ,  0.0,     ,  1.0, 0.0,  52.0,    7.0,   1.0,   4.0,     5.0,    30.0,        ,     0.0,        ,     0.0,        ,     0.0,      
campbco01, 1979,     1, EDM , NHL , D  , 72.0,  2.0,  11.0,  13.0, 196.0, -18.0,  0.0,     ,  0.0,     ,  0.0, 0.0,  80.0,    3.0,   0.0,   0.0,     0.0,    11.0,        ,     0.0,        ,     0.0,        ,     0.0,      
campbco01, 1980,     1, VAN , NHL , D  , 42.0,  1.0,   8.0,   9.0,  75.0, 10.0 ,  0.0,     ,  0.0,     ,  0.0, 0.0,  37.0,    3.0,   0.0,   1.0,     1.0,     9.0,        ,     0.0,        ,     0.0,        ,     0.0,      
campbco01, 1981,     1, VAN , NHL , D  , 47.0,  0.0,   8.0,   8.0, 131.0, 4.0  ,  0.0,     ,  0.0,     ,  0.0, 0.0,  35.0,   16.0,   2.0,   2.0,     4.0,    89.0,        ,     0.0,        ,     0.0,        ,     1.0,      
campbco01, 1982,     1, DET , NHL , D  , 53.0,  1.0,   7.0,   8.0,  74.0, 2.0  ,  0.0,     ,  0.0,     ,  0.0, 1.0,  30.0,       ,      ,      ,        ,        ,        ,        ,        ,        ,        ,        ,      
campbco01, 1983,     1, DET , NHL , D  , 68.0,  3.0,   4.0,   7.0, 108.0, 0.0  ,  0.0,     ,  0.0,     ,  1.0, 1.0,  48.0,    4.0,   0.0,   0.0,     0.0,    21.0, 3.0    ,     0.0,        ,     0.0,        ,     0.0,     3.0
campbco01, 1984,     1, DET , NHL , D  , 57.0,  1.0,   5.0,   6.0, 124.0, -14.0,  0.0,     ,  0.0,     ,  0.0, 0.0,  36.0,       ,      ,      ,        ,        ,        ,        ,        ,        ,        ,        ,      
campbda01, 1920,     1, MTL , NHL , D  ,  2.0,  0.0,   0.0,   0.0,   0.0,      ,     ,     ,     ,     ,     ,    ,      ,       ,      ,      ,        ,        ,        ,        ,        ,        ,        ,        ,      
campbda02, 2006,     1, CBS , NHL , D  ,  1.0,  0.0,   0.0,   0.0,   0.0, 0.0  ,  0.0,  0.0,  0.0,  0.0,  0.0,    ,   0.0,       ,      ,      ,        ,        ,        ,        ,        ,        ,        ,        ,      
campbdo01, 1943,     1, CHI , NHL , L  , 17.0,  1.0,   3.0,   4.0,   8.0,      ,     ,     ,     ,     ,     ,    ,      ,       ,      ,      ,        ,        ,        ,        ,        ,        ,        ,        ,      
campbea01, 1921,     1, SMJ , WCHL, L  , 20.0,  8.0,   5.0,  13.0,  19.0,      ,     ,     ,     ,     ,     ,    ,      ,       ,      ,      ,        ,        ,        ,        ,        ,        ,        ,        ,      
campbea01, 1922,     1, SAC , WCHL, L  , 10.0,  2.0,   2.0,   4.0,   8.0,      ,     ,     ,     ,     ,     ,    ,      ,       ,      ,      ,        ,        ,        ,        ,        ,        ,        ,        ,      
campbea01, 1922,     2, EDE , WCHL, L  , 13.0,  7.0,   2.0,   9.0,   6.0,      ,     ,     ,     ,     ,     ,    ,      ,    2.0,   0.0,   0.0,     0.0,     0.0,        ,        ,        ,        ,        ,        ,      
campbea01, 1923,     1, EDE , WCHL, L  ,  5.0,  0.0,   2.0,   2.0,   4.0,      ,     ,     ,     ,     ,     ,    ,      ,       ,      ,      ,        ,        ,        ,        ,        ,        ,        ,        ,      
campbea01, 1923,     2, OTS , NHL , F  , 18.0,  5.0,   3.0,   8.0,   8.0,      ,     ,     ,     ,     ,     ,    ,      ,    1.0,   0.0,   0.0,     0.0,     6.0,        ,        ,        ,        ,        ,        ,      
campbea01, 1924,     1, OTS , NHL , F  , 29.0,  0.0,   0.0,   0.0,   0.0,      ,     ,     ,     ,     ,     ,    ,      ,       ,      ,      ,        ,        ,        ,        ,        ,        ,        ,        ,      
campbea01, 1925,     1, NYA , NHL , F  , 29.0,  1.0,   0.0,   1.0,   6.0,      ,     ,     ,     ,     ,     ,    ,      ,       ,      ,      ,        ,        ,        ,        ,        ,        ,        ,        ,      
campbgr01, 2003,     1, FLO , NHL , L  ,  2.0,  0.0,   0.0,   0.0,   5.0, -1.0 ,  0.0,  0.0,  0.0,  0.0,  0.0, 0.0,   0.0,       ,      ,      ,        ,        ,        ,        ,        ,        ,        ,        ,      
campbgr01, 2005,     1, FLO , NHL , C  , 64.0,  3.0,   6.0,   9.0,  40.0, -11.0,  0.0,  0.0,  0.0,  0.0,  0.0,    ,  59.0,       ,      ,      ,        ,        ,        ,        ,        ,        ,        ,        ,      
campbgr01, 2006,     1, FLO , NHL , C  , 79.0,  6.0,   3.0,   9.0,  66.0, -10.0,  0.0,  0.0,  1.0,  0.0,  0.0,    , 103.0,       ,      ,      ,        ,        ,        ,        ,        ,        ,        ,        ,      
campbgr01, 2007,     1, FLO , NHL , C  , 81.0,  5.0,  13.0,  18.0,  72.0, -12.0,  0.0,  0.0,  2.0,  1.0,  1.0,    , 113.0,       ,      ,      ,        ,        ,        ,        ,        ,        ,        ,        ,      
campbgr01, 2008,     1, FLO , NHL , C  , 77.0, 13.0,  19.0,  32.0,  76.0, 0.0  ,  1.0,  1.0,  0.0,  1.0,  1.0,    , 135.0,       ,      ,      ,        ,        ,        ,        ,        ,        ,        ,        ,      
campbgr01, 2009,     1, FLO , NHL , C  , 60.0,  2.0,  15.0,  17.0,  53.0, -5.0 ,  0.0,  0.0,  0.0,  0.0,  1.0,    ,  84.0,       ,      ,      ,        ,        ,        ,        ,        ,        ,        ,        ,      
campbji01, 1995,     1, ANA , NHL , C  , 16.0,  2.0,   3.0,   5.0,  36.0, 0.0  ,  1.0,  1.0,  0.0,  0.0,  0.0, 0.0,  25.0,       ,      ,      ,        ,        ,        ,        ,        ,        ,        ,        ,      
campbji01, 1996,     1, STL , NHL , R  , 68.0, 23.0,  20.0,  43.0,  68.0, 3.0  ,  5.0,  5.0,  0.0,  2.0,  6.0, 1.0, 169.0,    4.0,   1.0,   0.0,     1.0,     6.0, -1.0   ,     1.0,     0.0,     0.0,     0.0,     0.0,     6.0
campbji01, 1997,     1, STL , NHL , R  , 76.0, 22.0,  19.0,  41.0,  55.0, 0.0  ,  7.0,  8.0,  0.0,  0.0,  6.0, 1.0, 147.0,   10.0,   7.0,   3.0,    10.0,    12.0, -1.0   ,     4.0,     1.0,     0.0,     0.0,     2.0,    23.0
campbji01, 1998,     1, STL , NHL , R  , 55.0,  4.0,  21.0,  25.0,  41.0, -8.0 ,  1.0,  8.0,  0.0,  0.0,  0.0, 0.0,  99.0,       ,      ,      ,        ,        ,        ,        ,        ,        ,        ,        ,      
campbji01, 1999,     1, STL , NHL , R  ,  2.0,  0.0,   0.0,   0.0,   9.0, 0.0  ,  0.0,  0.0,  0.0,  0.0,  0.0, 0.0,   6.0,       ,      ,      ,        ,        ,        ,        ,        ,        ,        ,        ,      
campbji01, 2000,     1, MTL , NHL , R  , 57.0,  9.0,  11.0,  20.0,  53.0, -3.0 ,  6.0,  5.0,  0.0,  0.0,  1.0, 0.0,  81.0,       ,      ,      ,        ,        ,        ,        ,        ,        ,        ,        ,      
campbji01, 2001,     1, CHI , NHL , R  ,  9.0,  1.0,   1.0,   2.0,   4.0, -3.0 ,  0.0,  1.0,  0.0,  0.0,  0.0, 0.0,  12.0,       ,      ,      ,        ,        ,        ,        ,        ,        ,        ,        ,      
campbji01, 2002,     1, FLO , NHL , R  ,  1.0,  0.0,   0.0,   0.0,   0.0, 0.0  ,  0.0,  0.0,  0.0,  0.0,  0.0, 0.0,   3.0,       ,      ,      ,        ,        ,        ,        ,        ,        ,        ,        ,      
campbji01, 2005,     1, TBL , NHL , R  ,  1.0,  0.0,   0.0,   0.0,   2.0, 0.0  ,  0.0,  0.0,  0.0,  0.0,  0.0,    ,   0.0,       ,      ,      ,        ,        ,        ,        ,        ,        ,        ,        ,      
campbsc01, 1977,     1, HOU , WHA , D  , 75.0,  8.0,  29.0,  37.0, 116.0, 10.0 ,  1.0,     ,  0.0,     ,     ,    , 113.0,    6.0,   1.0,   1.0,     2.0,     8.0, -2.0   ,        ,        ,        ,        ,     1.0,      
campbsc01, 1978,     1, WIJ , WHA , D  , 74.0,  3.0,  15.0,  18.0, 248.0, 5.0  ,  0.0,     ,  0.0,     ,     ,    , 108.0,   10.0,   0.0,   2.0,     2.0,    25.0, 3.0    ,        ,        ,        ,        ,     0.0,      
campbsc01, 1979,     1, WIN , NHL , D  , 63.0,  3.0,  17.0,  20.0, 136.0, -39.0,  0.0,     ,  0.0,     ,  2.0, 0.0,  92.0,       ,      ,      ,        ,        ,        ,        ,        ,        ,        ,        ,      
campbsc01, 1980,     1, WIN , NHL , D  , 14.0,  1.0,   4.0,   5.0,  55.0, 3.0  ,  0.0,     ,  0.0,     ,  0.0, 0.0,  12.0,       ,      ,      ,        ,        ,        ,        ,        ,        ,        ,        ,      
campbsc01, 1981,     1, STL , NHL , D  ,  3.0,  0.0,   0.0,   0.0,  52.0, -1.0 ,  0.0,     ,  0.0,     ,  0.0, 0.0,   4.0,       ,      ,      ,        ,        ,        ,        ,        ,        ,        ,        ,      
campbwa01, 1982,     1, WIN , NHL , D  , 42.0,  1.0,   2.0,   3.0,  50.0, -12.0,  0.0,     ,  0.0,     ,  0.0, 0.0,  36.0,       ,      ,      ,        ,        ,        ,        ,        ,        ,        ,        ,      
campbwa01, 1983,     1, WIN , NHL , D  , 79.0,  7.0,  14.0,  21.0, 147.0, -2.0 ,  0.0,     ,  0.0,     ,  0.0, 0.0,  89.0,    3.0,   0.0,   0.0,     0.0,     7.0, -6.0   ,     0.0,        ,     0.0,        ,     0.0,     3.0
campbwa01, 1984,     1, WIN , NHL , D  , 40.0,  1.0,   6.0,   7.0,  21.0, 1.0  ,  0.0,     ,  1.0,     ,  0.0, 0.0,  28.0,    3.0,   0.0,   0.0,     0.0,     2.0, 1.0    ,     0.0,        ,     0.0,        ,     0.0,     1.0
campbwa01, 1985,     1, WIN , NHL , D  , 24.0,  0.0,   1.0,   1.0,  27.0, -12.0,  0.0,     ,  0.0,     ,  0.0, 0.0,  13.0,       ,      ,      ,        ,        ,        ,        ,        ,        ,        ,        ,      
campbwa01, 1985,     2, BOS , NHL , D  ,  8.0,  0.0,   0.0,   0.0,  15.0, 1.0  ,  0.0,     ,  0.0,     ,  0.0, 0.0,   0.0,       ,      ,      ,        ,        ,        ,        ,        ,        ,        ,        ,      
campbwa01, 1986,     1, BOS , NHL , D  , 14.0,  0.0,   3.0,   3.0,  24.0, -1.0 ,  0.0,     ,  0.0,     ,  0.0, 0.0,  20.0,    4.0,   0.0,   0.0,     0.0,    11.0, -2.0   ,     0.0,        ,     0.0,        ,     0.0,     6.0
campbwa01, 1987,     1, BOS , NHL , D  ,  6.0,  0.0,   1.0,   1.0,  21.0, 1.0  ,  0.0,  0.0,  0.0,  0.0,  0.0, 0.0,   3.0,       ,      ,      ,        ,        ,        ,        ,        ,        ,        ,        ,      
campedo01, 1985,     1, MTL , NHL , D  ,  2.0,  0.0,   0.0,   0.0,   0.0, -2.0 ,  0.0,     ,  0.0,     ,  0.0, 0.0,   1.0,       ,      ,      ,        ,        ,        ,        ,        ,        ,        ,        ,      
campery01, 1972,     1, PHB , WHA , D  , 75.0,  1.0,  18.0,  19.0,  72.0,      ,  1.0,     ,  0.0,     ,     ,    ,      ,    4.0,   1.0,   0.0,     1.0,    17.0,        ,     1.0,        ,     0.0,        ,     0.0,      
campery01, 1973,     1, VAB , WHA , D  ,  7.0,  0.0,   0.0,   0.0,   2.0,      ,  0.0,     ,  0.0,     ,  0.0,    ,      ,       ,      ,      ,        ,        ,        ,        ,        ,        ,        ,        ,      
campeto01, 1943,     1, MTL , NHL , C  ,  2.0,  0.0,   0.0,   0.0,   0.0,      ,     ,     ,     ,     ,     ,    ,      ,       ,      ,      ,        ,        ,        ,        ,        ,        ,        ,        ,      
campeto01, 1947,     1, MTL , NHL , C  , 14.0,  2.0,   2.0,   4.0,   4.0,      ,     ,     ,     ,     ,     ,    ,      ,       ,      ,      ,        ,        ,        ,        ,        ,        ,        ,        ,      
campeto01, 1948,     1, MTL , NHL , C  , 26.0,  3.0,   7.0,  10.0,  12.0,      ,     ,     ,     ,     ,     ,    ,      ,    1.0,   0.0,   0.0,     0.0,     0.0,        ,        ,        ,        ,        ,        ,      
campoch01, 2005,     1, NYI , NHL , D  , 80.0,  9.0,  25.0,  34.0,  46.0, -16.0,  2.0, 11.0,  0.0,  0.0,  2.0,    , 123.0,       ,      ,      ,        ,        ,        ,        ,        ,        ,        ,        ,      
campoch01, 2006,     1, NYI , NHL , D  , 51.0,  1.0,  13.0,  14.0,  23.0, -3.0 ,  0.0,  4.0,  0.0,  0.0,  0.0,    ,  41.0,    5.0,   1.0,   1.0,     2.0,     2.0, -1.0   ,     0.0,     0.0,     0.0,     0.0,     0.0,     2.0
campoch01, 2007,     1, NYI , NHL , D  , 46.0,  4.0,  14.0,  18.0,  16.0, -1.0 ,  2.0,  9.0,  1.0,  0.0,  0.0,    ,  68.0,       ,      ,      ,        ,        ,        ,        ,        ,        ,        ,        ,      
campoch01, 2008,     1, NYI , NHL , D  , 51.0,  6.0,  11.0,  17.0,  43.0, -20.0,  0.0,  7.0,  1.0,  1.0,  2.0,    ,  53.0,       ,      ,      ,        ,        ,        ,        ,        ,        ,        ,        ,      
campoch01, 2008,     2, OTT , NHL , D  , 25.0,  5.0,   8.0,  13.0,  12.0, 4.0  ,  2.0,  2.0,  0.0,  0.0,  2.0,    ,  38.0,       ,      ,      ,        ,        ,        ,        ,        ,        ,        ,        ,      
campoch01, 2009,     1, OTT , NHL , D  , 67.0,  4.0,  14.0,  18.0,  16.0, -3.0 ,  1.0,  2.0,  0.0,  0.0,  1.0,    ,  71.0,    6.0,   0.0,   2.0,     2.0,     4.0, 1.0    ,     0.0,     1.0,     0.0,     0.0,     0.0,     4.0
caprifr01, 1982,     1, VAN , NHL , G  ,  1.0,  0.0,   0.0,   0.0,   0.0, 0.0  ,  0.0,     ,  0.0,     ,  0.0, 0.0,   0.0,       ,      ,      ,        ,        ,        ,        ,        ,        ,        ,        ,      
caprifr01, 1983,     1, VAN , NHL , G  , 19.0,  0.0,   0.0,   0.0,   2.0, 0.0  ,  0.0,     ,  0.0,     ,  0.0, 0.0,   0.0,       ,      ,      ,        ,        ,        ,        ,        ,        ,        ,        ,      
caprifr01, 1984,     1, VAN , NHL , G  , 28.0,  0.0,   2.0,   2.0,   0.0, 0.0  ,  0.0,     ,  0.0,     ,  0.0, 0.0,   0.0,       ,      ,      ,        ,        ,        ,        ,        ,        ,        ,        ,      
caprifr01, 1985,     1, VAN , NHL , G  ,  7.0,  0.0,   1.0,   1.0,   0.0, 0.0  ,  0.0,     ,  0.0,     ,  0.0, 0.0,   0.0,       ,      ,      ,        ,        ,        ,        ,        ,        ,        ,        ,      
caprifr01, 1986,     1, VAN , NHL , G  , 25.0,  0.0,   0.0,   0.0,   9.0, 0.0  ,  0.0,     ,  0.0,     ,  0.0, 0.0,   0.0,       ,      ,      ,        ,        ,        ,        ,        ,        ,        ,        ,      
caprifr01, 1987,     1, VAN , NHL , G  , 22.0,  0.0,   0.0,   0.0,   6.0, 0.0  ,  0.0,  0.0,  0.0,  0.0,  0.0, 0.0,   0.0,       ,      ,      ,        ,        ,        ,        ,        ,        ,        ,        ,      
capuada01, 1989,     1, PIT , NHL , C  ,  6.0,  0.0,   0.0,   0.0,   2.0, 0.0  ,  0.0,  0.0,  0.0,  0.0,  0.0, 0.0,   1.0,       ,      ,      ,        ,        ,        ,        ,        ,        ,        ,        ,      
capuada01, 1989,     2, VAN , NHL , C  , 27.0,  3.0,   5.0,   8.0,  10.0, -7.0 ,  0.0,  1.0,  0.0,  0.0,  1.0, 0.0,  25.0,       ,      ,      ,        ,        ,        ,        ,        ,        ,        ,        ,      
capuada01, 1990,     1, VAN , NHL , C  , 61.0, 13.0,  31.0,  44.0,  42.0, 1.0  ,  5.0,  7.0,  0.0,  0.0,  1.0, 0.0,  77.0,    6.0,   1.0,   1.0,     2.0,     5.0, -4.0   ,     0.0,     1.0,     0.0,     0.0,     0.0,    11.0
capuada01, 1992,     1, TBL , NHL , L  ,  6.0,  1.0,   1.0,   2.0,   2.0, -4.0 ,  1.0,  1.0,  0.0,  0.0,  0.0, 0.0,  10.0,       ,      ,      ,        ,        ,        ,        ,        ,        ,        ,        ,      
capuada01, 1993,     1, SJS , NHL , L  ,  4.0,  0.0,   1.0,   1.0,   0.0, -5.0 ,  0.0,  1.0,  0.0,  0.0,  0.0, 0.0,   5.0,       ,      ,      ,        ,        ,        ,        ,        ,        ,        ,        ,      
capuaja01, 1989,     1, TOR , NHL , D  ,  1.0,  0.0,   0.0,   0.0,   0.0, -1.0 ,  0.0,  0.0,  0.0,  0.0,  0.0, 0.0,   1.0,       ,      ,      ,        ,        ,        ,        ,        ,        ,        ,        ,      
capuaja01, 1990,     1, VAN , NHL , D  ,  3.0,  0.0,   0.0,   0.0,   0.0, 0.0  ,  0.0,  0.0,  0.0,  0.0,  0.0, 0.0,   4.0,       ,      ,      ,        ,        ,        ,        ,        ,        ,        ,        ,      
capuaja01, 1991,     1, BOS , NHL , D  ,  2.0,  0.0,   0.0,   0.0,   0.0, -1.0 ,  0.0,  0.0,  0.0,  0.0,  0.0, 0.0,   1.0,       ,      ,      ,        ,        ,        ,        ,        ,        ,        ,        ,      
caputlu01, 2008,     1, PIT , NHL , L  ,  5.0,  1.0,   0.0,   1.0,   4.0, -1.0 ,  0.0,  0.0,  0.0,  0.0,  0.0,    ,   7.0,       ,      ,      ,        ,        ,        ,        ,        ,        ,        ,        ,      
caputlu01, 2009,     1, PIT , NHL , L  ,  4.0,  1.0,   1.0,   2.0,   2.0, -1.0 ,  0.0,  0.0,  0.0,  0.0,  0.0,    ,   4.0,       ,      ,      ,        ,        ,        ,        ,        ,        ,        ,        ,      
caputlu01, 2009,     2, TOR , NHL , L  , 19.0,  1.0,   5.0,   6.0,  10.0, 0.0  ,  0.0,  0.0,  0.0,  0.0,  0.0,    ,  32.0,       ,      ,      ,        ,        ,        ,        ,        ,        ,        ,        ,      
carbogu01, 1980,     1, MTL , NHL , C  ,  2.0,  0.0,   1.0,   1.0,   0.0, 0.0  ,  0.0,     ,  0.0,     ,  0.0, 0.0,   1.0,       ,      ,      ,        ,        ,        ,        ,        ,        ,        ,        ,      
carbogu01, 1982,     1, MTL , NHL , C  , 77.0, 18.0,  29.0,  47.0,  68.0, 18.0 ,  0.0,     ,  5.0,     ,  2.0, 1.0, 109.0,    3.0,   0.0,   0.0,     0.0,     2.0,        ,     0.0,        ,     0.0,        ,     0.0,      
carbogu01, 1983,     1, MTL , NHL , C  , 78.0, 24.0,  30.0,  54.0,  75.0, 5.0  ,  3.0,     ,  7.0,     ,  2.0, 1.0, 166.0,   15.0,   4.0,   3.0,     7.0,    12.0, 3.0    ,     0.0,        ,     0.0,        ,     1.0,    17.0
carbogu01, 1984,     1, MTL , NHL , C  , 79.0, 23.0,  34.0,  57.0,  43.0, 28.0 ,  0.0,     ,  4.0,     ,  2.0, 2.0, 163.0,   12.0,   4.0,   3.0,     7.0,     8.0, -4.0   ,     0.0,        ,     1.0,        ,     1.0,    24.0
carbogu01, 1985,     1, MTL , NHL , C  , 80.0, 20.0,  36.0,  56.0,  57.0, 18.0 ,  1.0,     ,  2.0,     ,  3.0, 0.0, 147.0,   20.0,   7.0,   5.0,    12.0,    35.0, 9.0    ,     0.0,        ,     2.0,        ,     1.0,    42.0
carbogu01, 1986,     1, MTL , NHL , C  , 79.0, 18.0,  27.0,  45.0,  68.0, 9.0  ,  0.0,     ,  0.0,     ,  2.0, 0.0, 120.0,   17.0,   3.0,   8.0,    11.0,    20.0, 1.0    ,     0.0,        ,     0.0,        ,     0.0,    25.0
carbogu01, 1987,     1, MTL , NHL , C  , 80.0, 17.0,  21.0,  38.0,  61.0, 14.0 ,  0.0,  0.0,  3.0,  2.0,  1.0, 0.0, 109.0,   11.0,   0.0,   4.0,     4.0,     2.0, -3.0   ,     0.0,     0.0,     0.0,     0.0,     0.0,    13.0
carbogu01, 1988,     1, MTL , NHL , C  , 79.0, 26.0,  30.0,  56.0,  44.0, 37.0 ,  1.0,  3.0,  2.0,  2.0, 10.0, 0.0, 142.0,   21.0,   4.0,   5.0,     9.0,    10.0, 3.0    ,     0.0,     1.0,     1.0,     0.0,     0.0,    34.0
carbogu01, 1989,     1, MTL , NHL , C  , 68.0, 19.0,  36.0,  55.0,  37.0, 21.0 ,  1.0,  2.0,  1.0,  0.0,  3.0, 0.0, 125.0,   11.0,   2.0,   3.0,     5.0,     6.0, -4.0   ,     0.0,     0.0,     0.0,     0.0,     0.0,    23.0
carbogu01, 1990,     1, MTL , NHL , C  , 78.0, 20.0,  24.0,  44.0,  63.0, -1.0 ,  4.0,  1.0,  1.0,  1.0,  3.0, 1.0, 131.0,   13.0,   1.0,   5.0,     6.0,    10.0, -2.0   ,     0.0,     2.0,     0.0,     1.0,     1.0,    21.0
carbogu01, 1991,     1, MTL , NHL , C  , 72.0, 18.0,  21.0,  39.0,  39.0, 2.0  ,  1.0,  0.0,  1.0,  0.0,  4.0, 0.0, 120.0,   11.0,   1.0,   1.0,     2.0,     6.0, -4.0   ,     0.0,     0.0,     0.0,     0.0,     0.0,    22.0
carbogu01, 1992,     1, MTL , NHL , C  , 61.0,  4.0,  13.0,  17.0,  20.0, -9.0 ,  0.0,  0.0,  1.0,  2.0,  0.0, 0.0,  73.0,   20.0,   3.0,   3.0,     6.0,    10.0, 3.0    ,     0.0,     0.0,     1.0,     0.0,     2.0,    35.0
carbogu01, 1993,     1, MTL , NHL , C  , 79.0, 14.0,  24.0,  38.0,  48.0, 16.0 ,  0.0,  3.0,  0.0,  2.0,  1.0, 0.0, 120.0,    7.0,   1.0,   3.0,     4.0,     4.0, 4.0    ,     0.0,     0.0,     0.0,     0.0,     0.0,     4.0
carbogu01, 1994,     1, STL , NHL , C  , 42.0,  5.0,  11.0,  16.0,  16.0, 11.0 ,  1.0,  0.0,  0.0,  0.0,  1.0, 0.0,  33.0,    7.0,   1.0,   2.0,     3.0,     6.0, 3.0    ,     0.0,     0.0,     0.0,     0.0,     0.0,     6.0
carbogu01, 1995,     1, DAL , NHL , C  , 71.0,  8.0,  15.0,  23.0,  38.0, -2.0 ,  0.0,  0.0,  2.0,  1.0,  1.0, 0.0,  54.0,       ,      ,      ,        ,        ,        ,        ,        ,        ,        ,        ,      
carbogu01, 1996,     1, DAL , NHL , C  , 73.0,  5.0,  16.0,  21.0,  36.0, 9.0  ,  0.0,  0.0,  1.0,  0.0,  0.0, 0.0,  99.0,    7.0,   0.0,   1.0,     1.0,     6.0, -3.0   ,     0.0,     0.0,     0.0,     0.0,     0.0,     9.0
carbogu01, 1997,     1, DAL , NHL , C  , 77.0,  7.0,  17.0,  24.0,  40.0, 3.0  ,  0.0,  0.0,  1.0,  0.0,  1.0, 0.0,  81.0,   16.0,   3.0,   1.0,     4.0,     6.0, 0.0    ,     0.0,     0.0,     0.0,     0.0,     0.0,    19.0
carbogu01, 1998,     1, DAL , NHL , C  , 74.0,  4.0,  12.0,  16.0,  31.0, -3.0 ,  0.0,  1.0,  0.0,  0.0,  2.0, 0.0,  60.0,   17.0,   2.0,   4.0,     6.0,     6.0, 0.0    ,     0.0,     0.0,     0.0,     1.0,     1.0,    29.0
carbogu01, 1999,     1, DAL , NHL , C  , 69.0, 10.0,   6.0,  16.0,  36.0, 10.0 ,  0.0,  0.0,  1.0,  0.0,  4.0, 0.0,  70.0,   23.0,   2.0,   4.0,     6.0,    12.0, 2.0    ,     0.0,     0.0,     1.0,     0.0,     1.0,    12.0
carbole01, 1942,     1, CHI , NHL , D  ,  6.0,  0.0,   1.0,   1.0,   4.0,      ,     ,     ,     ,     ,     ,    ,      ,       ,      ,      ,        ,        ,        ,        ,        ,        ,        ,        ,      
carcida01, 2006,     1, PHO , NHL , L  , 18.0,  4.0,   3.0,   7.0,  74.0, -7.0 ,  3.0,  0.0,  0.0,  0.0,  0.0,    ,  32.0,       ,      ,      ,        ,        ,        ,        ,        ,        ,        ,        ,      
carcida01, 2007,     1, PHO , NHL , L  , 57.0, 13.0,  11.0,  24.0, 324.0, 1.0  ,  3.0,  5.0,  0.0,  0.0,  1.0,    , 106.0,       ,      ,      ,        ,        ,        ,        ,        ,        ,        ,        ,      
carcida01, 2008,     1, PHO , NHL , L  , 54.0,  3.0,   7.0,  10.0, 174.0, -13.0,  2.0,  1.0,  0.0,  0.0,  0.0,    ,  95.0,       ,      ,      ,        ,        ,        ,        ,        ,        ,        ,        ,      
carcida01, 2008,     2, PHI , NHL , L  , 20.0,  0.0,   4.0,   4.0,  80.0, -2.0 ,  0.0,  0.0,  0.0,  0.0,  0.0,    ,  35.0,    5.0,   1.0,   1.0,     2.0,     5.0, 3.0    ,     0.0,     0.0,     0.0,     0.0,     0.0,     4.0
carcida01, 2009,     1, PHI , NHL , L  , 76.0, 12.0,  10.0,  22.0, 207.0, 5.0  ,  1.0,  1.0,  0.0,  0.0,  1.0,    , 105.0,   17.0,   2.0,   4.0,     6.0,    34.0, 1.0    ,     0.0,     0.0,     0.0,     0.0,     1.0,    21.0
cardicl01, 1967,     1, STL , NHL , L  ,  1.0,  0.0,   0.0,   0.0,   0.0, -1.0 ,  0.0,     ,  0.0,     ,  0.0, 0.0,   1.0,       ,      ,      ,        ,        ,        ,        ,        ,        ,        ,        ,      
cardiji01, 1972,     1, PHB , WHA , D  , 78.0,  3.0,  24.0,  27.0, 185.0,      ,  0.0,     ,  2.0,     ,     ,    ,      ,    4.0,   0.0,   0.0,     0.0,    11.0,        ,     0.0,        ,     0.0,        ,     0.0,      
cardiji01, 1973,     1, VAB , WHA , D  , 78.0,  1.0,  21.0,  22.0, 188.0,      ,  1.0,     ,  0.0,     ,  0.0,    ,      ,       ,      ,      ,        ,        ,        ,        ,        ,        ,        ,        ,      
cardiji01, 1974,     1, VAB , WHA , D  , 44.0,  0.0,   2.0,   2.0,  25.0, -7.0 ,  0.0,     ,  0.0,     ,  0.0,    ,  15.0,       ,      ,      ,        ,        ,        ,        ,        ,        ,        ,        ,      
cardmi01 , 2006,     1, BUF , NHL , D  ,  4.0,  0.0,   0.0,   0.0,   0.0, 0.0  ,  0.0,  0.0,  0.0,  0.0,  0.0,    ,   0.0,       ,      ,      ,        ,        ,        ,        ,        ,        ,        ,        ,      
cardwst01, 1970,     1, PIT , NHL , L  ,  5.0,  0.0,   1.0,   1.0,  15.0, -4.0 ,  0.0,     ,  0.0,     ,  0.0, 0.0,   2.0,       ,      ,      ,        ,        ,        ,        ,        ,        ,        ,        ,      
cardwst01, 1971,     1, PIT , NHL , L  , 28.0,  7.0,   8.0,  15.0,  18.0, 0.0  ,  2.0,     ,  0.0,     ,  1.0, 0.0,  47.0,    4.0,   0.0,   0.0,     0.0,     2.0,        ,     0.0,        ,     0.0,        ,     0.0,      
cardwst01, 1972,     1, PIT , NHL , L  , 20.0,  2.0,   2.0,   4.0,   2.0, -2.0 ,  0.0,     ,  0.0,     ,  0.0, 0.0,  21.0,       ,      ,      ,        ,        ,        ,        ,        ,        ,        ,        ,      
cardwst01, 1973,     1, MFS , WHA , L  , 77.0, 23.0,  23.0,  46.0, 100.0,      ,  1.0,     ,  1.0,     ,  3.0,    ,      ,   10.0,   0.0,   0.0,     0.0,    20.0,        ,        ,        ,        ,        ,     0.0,      
cardwst01, 1974,     1, CLC , WHA , L  , 75.0,  9.0,  13.0,  22.0, 127.0, -3.0 ,  0.0,     ,  1.0,     ,     ,    , 110.0,    5.0,   0.0,   1.0,     1.0,    14.0,        ,     0.0,        ,     0.0,        ,     0.0,      
careyge01, 1911,     1, QU1 , NHA ,    ,  2.0,  0.0,   0.0,   0.0,   0.0,      ,     ,     ,     ,     ,     ,    ,      ,       ,      ,      ,        ,        ,        ,        ,        ,        ,        ,        ,      
careyge01, 1916,     1, QU1 , NHA ,    , 17.0,  8.0,   9.0,  17.0,  11.0,      ,     ,     ,     ,     ,     ,    ,      ,       ,      ,      ,        ,        ,        ,        ,        ,        ,        ,        ,      
careyge01, 1919,     1, QUB , NHL , R  , 20.0, 11.0,   9.0,  20.0,   6.0,      ,     ,     ,     ,     ,     ,    ,      ,       ,      ,      ,        ,        ,        ,        ,        ,        ,        ,        ,      
careyge01, 1920,     1, HAM , NHL , R  , 20.0,  6.0,   1.0,   7.0,   8.0,      ,     ,     ,     ,     ,     ,    ,      ,       ,      ,      ,        ,        ,        ,        ,        ,        ,        ,        ,      
careyge01, 1921,     1, HAM , NHL , R  , 23.0,  3.0,   2.0,   5.0,   6.0,      ,     ,     ,     ,     ,     ,    ,      ,       ,      ,      ,        ,        ,        ,        ,        ,        ,        ,        ,      
careyge01, 1922,     1, HAM , NHL , R  ,  5.0,  1.0,   0.0,   1.0,   0.0,      ,     ,     ,     ,     ,     ,    ,      ,       ,      ,      ,        ,        ,        ,        ,        ,        ,        ,        ,      
careyge01, 1922,     2, CAT , WCHL, R  , 16.0,  3.0,   4.0,   7.0,   0.0,      ,     ,     ,     ,     ,     ,    ,      ,       ,      ,      ,        ,        ,        ,        ,        ,        ,        ,        ,      
careyge01, 1923,     1, TRS , NHL , R  ,  4.0,  0.0,   0.0,   0.0,   0.0,      ,     ,     ,     ,     ,     ,    ,      ,       ,      ,      ,        ,        ,        ,        ,        ,        ,        ,        ,      
careyji01, 1994,     1, WAS , NHL , G  , 28.0,  0.0,   0.0,   0.0,   0.0, 0.0  ,  0.0,  0.0,  0.0,  0.0,  0.0, 0.0,   0.0,    7.0,   0.0,   0.0,     0.0,     4.0, 0.0    ,     0.0,     0.0,     0.0,     0.0,     0.0,     0.0
careyji01, 1995,     1, WAS , NHL , G  , 71.0,  0.0,   1.0,   1.0,   6.0, 0.0  ,  0.0,  1.0,  0.0,  0.0,  0.0, 0.0,   0.0,    3.0,   0.0,   0.0,     0.0,     0.0, 0.0    ,     0.0,     0.0,     0.0,     0.0,     0.0,     0.0
careyji01, 1996,     1, WAS , NHL , G  , 40.0,  0.0,   0.0,   0.0,   2.0, 0.0  ,  0.0,  0.0,  0.0,  0.0,  0.0, 0.0,   0.0,       ,      ,      ,        ,        ,        ,        ,        ,        ,        ,        ,      
careyji01, 1996,     2, BOS , NHL , G  , 19.0,  0.0,   0.0,   0.0,   0.0, 0.0  ,  0.0,  0.0,  0.0,  0.0,  0.0, 0.0,   0.0,       ,      ,      ,        ,        ,        ,        ,        ,        ,        ,        ,      
careyji01, 1997,     1, BOS , NHL , G  , 10.0,  0.0,   0.0,   0.0,   0.0, 0.0  ,  0.0,  0.0,  0.0,  0.0,  0.0, 0.0,   0.0,       ,      ,      ,        ,        ,        ,        ,        ,        ,        ,        ,      
careyji01, 1998,     1, STL , NHL , G  ,  4.0,  0.0,   0.0,   0.0,   0.0, 0.0  ,  0.0,  0.0,  0.0,  0.0,  0.0, 0.0,   0.0,       ,      ,      ,        ,        ,        ,        ,        ,        ,        ,        ,      
carknma01, 2005,     1, SJS , NHL , D  ,  1.0,  0.0,   1.0,   1.0,   2.0, 0.0  ,  0.0,  0.0,  0.0,  0.0,  0.0,    ,   0.0,       ,      ,      ,        ,        ,        ,        ,        ,        ,        ,        ,      
carknma01, 2008,     1, OTT , NHL , R  ,  1.0,  0.0,   0.0,   0.0,   0.0, 0.0  ,  0.0,  0.0,  0.0,  0.0,  0.0,    ,   0.0,       ,      ,      ,        ,        ,        ,        ,        ,        ,        ,        ,      
carknma01, 2009,     1, OTT , NHL , D  , 81.0,  2.0,   9.0,  11.0, 190.0, 0.0  ,  0.0,  0.0,  0.0,  0.0,  0.0,    ,  87.0,    6.0,   1.0,   0.0,     1.0,    12.0, 0.0    ,     0.0,     0.0,     0.0,     0.0,     1.0,     4.0
carknte01, 1986,     1, NYR , NHL , D  , 52.0,  2.0,  13.0,  15.0, 118.0, -1.0 ,  0.0,     ,  0.0,     ,  0.0, 0.0,  33.0,    1.0,   0.0,   0.0,     0.0,     0.0, 0.0    ,     0.0,        ,     0.0,        ,     0.0,     1.0
carknte01, 1987,     1, QUE , NHL , D  , 63.0,  3.0,  24.0,  27.0, 159.0, -8.0 ,  2.0, 16.0,  0.0,  0.0,  1.0, 0.0,  54.0,       ,      ,      ,        ,        ,        ,        ,        ,        ,        ,        ,      
carknte01, 1988,     1, PHI , NHL , D  , 78.0, 11.0,  32.0,  43.0, 149.0, -6.0 ,  2.0, 13.0,  1.0,  2.0,  1.0, 0.0,  84.0,   19.0,   1.0,   5.0,     6.0,    28.0, -1.0   ,     0.0,     2.0,     1.0,     1.0,     0.0,    21.0
carknte01, 1989,     1, PHI , NHL , D  , 63.0,  4.0,  18.0,  22.0, 169.0, -8.0 ,  1.0,  2.0,  0.0,  1.0,  1.0, 0.0,  60.0,       ,      ,      ,        ,        ,        ,        ,        ,        ,        ,        ,      
carknte01, 1990,     1, PHI , NHL , D  , 79.0,  7.0,  25.0,  32.0, 204.0, -15.0,  6.0, 14.0,  0.0,  0.0,  1.0, 0.0,  97.0,       ,      ,      ,        ,        ,        ,        ,        ,        ,        ,        ,      
carknte01, 1991,     1, PHI , NHL , D  , 73.0,  4.0,  12.0,  16.0, 195.0, -14.0,  0.0,  2.0,  1.0,  0.0,  0.0, 0.0,  70.0,       ,      ,      ,        ,        ,        ,        ,        ,        ,        ,        ,      
carknte01, 1992,     1, PHI , NHL , D  , 83.0,  3.0,  16.0,  19.0, 150.0, 18.0 ,  0.0,  2.0,  0.0,  0.0,  0.0, 0.0,  45.0,       ,      ,      ,        ,        ,        ,        ,        ,        ,        ,        ,      
carknte01, 1993,     1, DET , NHL , D  , 68.0,  1.0,   6.0,   7.0, 130.0, 13.0 ,  0.0,  0.0,  0.0,  0.0,  0.0, 0.0,  32.0,    7.0,   0.0,   0.0,     0.0,     4.0, -1.0   ,     0.0,     0.0,     0.0,     0.0,     0.0,     3.0
carknte01, 1994,     1, DET , NHL , D  , 20.0,  1.0,   2.0,   3.0,  21.0, 7.0  ,  0.0,  0.0,  0.0,  0.0,  0.0, 0.0,   9.0,       ,      ,      ,        ,        ,        ,        ,        ,        ,        ,        ,      
carknte01, 1995,     1, FLO , NHL , D  , 73.0,  3.0,  10.0,  13.0,  80.0, 10.0 ,  1.0,  2.0,  0.0,  0.0,  0.0, 0.0,  42.0,   22.0,   0.0,   4.0,     4.0,    10.0, 8.0    ,     0.0,     0.0,     0.0,     0.0,     0.0,    15.0
carknte01, 1996,     1, FLO , NHL , D  , 70.0,  0.0,  14.0,  14.0,  96.0, -4.0 ,  0.0,  1.0,  0.0,  0.0,  0.0, 0.0,  38.0,    5.0,   0.0,   0.0,     0.0,     6.0, -3.0   ,     0.0,     0.0,     0.0,     0.0,     0.0,     7.0
carknte01, 1997,     1, FLO , NHL , D  , 74.0,  1.0,   7.0,   8.0,  63.0, 6.0  ,  0.0,  0.0,  0.0,  0.0,  1.0, 0.0,  34.0,       ,      ,      ,        ,        ,        ,        ,        ,        ,        ,        ,      
carknte01, 1998,     1, FLO , NHL , D  , 62.0,  2.0,   9.0,  11.0,  54.0, 0.0  ,  0.0,  0.0,  0.0,  1.0,  0.0, 0.0,  25.0,       ,      ,      ,        ,        ,        ,        ,        ,        ,        ,        ,      
carlema01, 2005,     1, SJS , NHL , D  , 12.0,  3.0,   3.0,   6.0,  14.0, -2.0 ,  2.0,  2.0,  0.0,  0.0,  1.0,    ,  11.0,   11.0,   0.0,   3.0,     3.0,     4.0, 1.0    ,     0.0,     0.0,     0.0,     0.0,     0.0,    13.0
carlema01, 2006,     1, SJS , NHL , D  , 77.0, 11.0,  31.0,  42.0,  30.0, 9.0  ,  8.0, 18.0,  0.0,  0.0,  1.0,    , 111.0,   11.0,   2.0,   3.0,     5.0,     0.0, 3.0    ,     1.0,     0.0,     0.0,     0.0,     1.0,    12.0
carlema01, 2007,     1, SJS , NHL , D  , 62.0,  2.0,  13.0,  15.0,  26.0, -8.0 ,  2.0,  6.0,  0.0,  0.0,  1.0,    ,  63.0,   11.0,   0.0,   1.0,     1.0,     4.0, 0.0    ,     0.0,     0.0,     0.0,     0.0,     0.0,     7.0
carlema01, 2008,     1, TBL , NHL , D  , 12.0,  1.0,   1.0,   2.0,   6.0, 1.0  ,  0.0,  0.0,  0.0,  0.0,  0.0,    ,  13.0,       ,      ,      ,        ,        ,        ,        ,        ,        ,        ,        ,      
carlema01, 2008,     2, PHI , NHL , D  , 64.0,  4.0,  20.0,  24.0,  16.0, 2.0  ,  0.0,  8.0,  0.0,  0.0,  2.0,    ,  72.0,    6.0,   0.0,   3.0,     3.0,     4.0, 0.0    ,     0.0,     1.0,     0.0,     0.0,     0.0,    13.0
carlema01, 2009,     1, PHI , NHL , D  , 80.0,  6.0,  29.0,  35.0,  16.0, 19.0 ,  2.0, 12.0,  0.0,  0.0,  1.0,    , 137.0,   23.0,   1.0,  12.0,    13.0,     8.0, 6.0    ,     0.0,     1.0,     0.0,     0.0,     0.0,    33.0
carlema02, 2009,     1, MTL , NHL , D  ,  3.0,  0.0,   0.0,   0.0,   4.0, 1.0  ,  0.0,  0.0,  0.0,  0.0,  0.0,    ,   2.0,       ,      ,      ,        ,        ,        ,        ,        ,        ,        ,        ,      
carlewa01, 1965,     1, TOR , NHL , C  ,  2.0,  0.0,   1.0,   1.0,   0.0,      ,  0.0,     ,  0.0,     ,  0.0, 0.0,      ,       ,      ,      ,        ,        ,        ,        ,        ,        ,        ,        ,      
carlewa01, 1966,     1, TOR , NHL , L  ,  5.0,  1.0,   0.0,   1.0,  14.0,      ,  1.0,     ,  0.0,     ,  0.0, 0.0,      ,       ,      ,      ,        ,        ,        ,        ,        ,        ,        ,        ,      
carlewa01, 1967,     1, TOR , NHL , L  , 65.0,  8.0,  11.0,  19.0,  34.0, 5.0  ,  0.0,     ,  0.0,     ,  1.0, 1.0, 140.0,       ,      ,      ,        ,        ,        ,        ,        ,        ,        ,        ,      
carlewa01, 1968,     1, TOR , NHL , L  , 12.0,  1.0,   3.0,   4.0,   6.0, -8.0 ,  0.0,     ,  0.0,     ,  0.0, 0.0,  24.0,       ,      ,      ,        ,        ,        ,        ,        ,        ,        ,        ,      
carlewa01, 1969,     1, TOR , NHL , L  ,  7.0,  0.0,   1.0,   1.0,   6.0, 1.0  ,  0.0,     ,  0.0,     ,  0.0, 0.0,   6.0,       ,      ,      ,        ,        ,        ,        ,        ,        ,        ,        ,      
carlewa01, 1969,     2, BOS , NHL , L  , 42.0,  6.0,  19.0,  25.0,  23.0, 6.0  ,  0.0,     ,  0.0,     ,  1.0, 0.0,  80.0,   14.0,   2.0,   4.0,     6.0,    14.0,        ,     0.0,        ,     0.0,        ,     0.0,      
carlewa01, 1970,     1, BOS , NHL , L  , 69.0, 22.0,  24.0,  46.0,  44.0, 35.0 ,  0.0,     ,  0.0,     ,  5.0, 0.0, 164.0,    4.0,   0.0,   0.0,     0.0,     0.0,        ,     0.0,        ,     0.0,        ,     0.0,      
carlewa01, 1971,     1, CLF , NHL , C  , 76.0, 17.0,  14.0,  31.0,  45.0, -23.0,  4.0,     ,  0.0,     ,  0.0, 3.0, 188.0,       ,      ,      ,        ,        ,        ,        ,        ,        ,        ,        ,      
carlewa01, 1972,     1, OTN , WHA , L  , 75.0, 42.0,  49.0,  91.0,  42.0,      ,  6.0,     ,  1.0,     ,  4.0,    ,      ,    3.0,   3.0,   3.0,     6.0,     4.0,        ,     1.0,        ,     0.0,        ,     0.0,      
carlewa01, 1973,     1, TOT , WHA , L  , 78.0, 37.0,  55.0,  92.0,  31.0,      ,  8.0,     ,  0.0,     ,  6.0,    ,      ,   12.0,   2.0,  12.0,    14.0,     4.0,        ,        ,        ,        ,        ,     0.0,      
carlewa01, 1974,     1, NEW , WHA , C  , 73.0, 35.0,  39.0,  74.0,  50.0, 8.0  ,  3.0,     ,  0.0,     ,     ,    , 323.0,    6.0,   2.0,   5.0,     7.0,    14.0,        ,        ,        ,        ,        ,     0.0,      
carlewa01, 1975,     1, NEW , WHA , C  , 35.0, 12.0,  21.0,  33.0,   6.0, -3.0 ,  2.0,     ,  0.0,     ,  0.0,    , 107.0,       ,      ,      ,        ,        ,        ,        ,        ,        ,        ,        ,      
carlewa01, 1975,     2, EDO , WHA , C  , 26.0,  5.0,  16.0,  21.0,   6.0, -3.0 ,  2.0,     ,  0.0,     ,  1.0,    ,  86.0,    4.0,   1.0,   1.0,     2.0,     2.0, -6.0   ,        ,        ,        ,        ,        ,      
carlewa01, 1976,     1, BIR , WHA , C  ,  3.0,  1.0,   0.0,   1.0,   0.0, -2.0 ,  0.0,     ,  0.0,     ,     ,    ,   4.0,       ,      ,      ,        ,        ,        ,        ,        ,        ,        ,        ,      
carlibr01, 1971,     1, LAK , NHL , L  ,  5.0,  1.0,   0.0,   1.0,   0.0, 0.0  ,  0.0,     ,  0.0,     ,  0.0, 0.0,   3.0,       ,      ,      ,        ,        ,        ,        ,        ,        ,        ,        ,      
carlibr01, 1972,     1, ALB , WHA , L  , 65.0, 12.0,  22.0,  34.0,   6.0,      ,  1.0,     ,  0.0,     ,     ,    ,      ,       ,      ,      ,        ,        ,        ,        ,        ,        ,        ,        ,      
carlibr01, 1973,     1, EDO , WHA , L  ,  5.0,  1.0,   0.0,   1.0,   0.0,      ,  0.0,     ,  0.0,     ,  0.0,    ,      ,       ,      ,      ,        ,        ,        ,        ,        ,        ,        ,        ,      
carlsan01, 1986,     1, NJD , NHL , C  , 48.0,  2.0,  18.0,  20.0,  14.0, -11.0,  0.0,     ,  0.0,     ,  0.0, 0.0,  35.0,       ,      ,      ,        ,        ,        ,        ,        ,        ,        ,        ,      
carlsan01, 1987,     1, NJD , NHL , C  ,  9.0,  1.0,   0.0,   1.0,   0.0, -5.0 ,  0.0,  0.0,  0.0,  0.0,  0.0, 0.0,   6.0,    3.0,   1.0,   0.0,     1.0,     2.0, 1.0    ,     0.0,     0.0,     0.0,     0.0,     1.0,     2.0
carlsan01, 1988,     1, NJD , NHL , C  , 47.0,  4.0,   8.0,  12.0,  20.0, 3.0  ,  0.0,  2.0,  0.0,  2.0,  0.0, 0.0,  42.0,       ,      ,      ,        ,        ,        ,        ,        ,        ,        ,        ,      
carlsja01, 1974,     1, MFS , WHA , L  , 32.0,  5.0,   5.0,  10.0,  85.0, -1.0 ,  0.0,     ,  0.0,     ,  0.0,    ,  50.0,   10.0,   1.0,   2.0,     3.0,    41.0,        ,        ,        ,        ,        ,     0.0,      
carlsja01, 1975,     1, MFS , WHA , L  , 58.0,  8.0,  10.0,  18.0, 189.0, -14.0,  0.0,     ,  0.0,     ,  1.0,    ,  68.0,       ,      ,      ,        ,        ,        ,        ,        ,        ,        ,        ,      
carlsja01, 1975,     2, EDO , WHA , L  , 10.0,  1.0,   1.0,   2.0,  31.0, -2.0 ,  0.0,     ,  0.0,     ,  0.0,    ,  13.0,    4.0,   0.0,   0.0,     0.0,     4.0, -4.0   ,        ,        ,        ,        ,        ,      
carlsja01, 1976,     1, MF2 , WHA , L  , 36.0,  4.0,   3.0,   7.0,  55.0, -1.0 ,  0.0,     ,  0.0,     ,     ,    ,  50.0,       ,      ,      ,        ,        ,        ,        ,        ,        ,        ,        ,      
carlsja01, 1976,     2, NEW , WHA , L  , 35.0,  7.0,   5.0,  12.0,  81.0, -2.0 ,  0.0,     ,  0.0,     ,     ,    ,  46.0,    5.0,   1.0,   1.0,     2.0,     9.0, -2.0   ,        ,        ,        ,        ,     0.0,      
carlsja01, 1977,     1, NEW , WHA , L  , 67.0,  9.0,  20.0,  29.0, 192.0, 9.0  ,  0.0,     ,  0.0,     ,     ,    ,  81.0,    9.0,   1.0,   1.0,     2.0,    14.0, 4.0    ,        ,        ,        ,        ,     0.0,      
carlsja01, 1978,     1, NEW , WHA , L  , 34.0,  2.0,   7.0,   9.0,  61.0, -6.0 ,  0.0,     ,  0.0,     ,     ,    ,  39.0,       ,      ,      ,        ,        ,        ,        ,        ,        ,        ,        ,      
carlsja01, 1978,     2, MNS , NHL , L  , 16.0,  3.0,   0.0,   3.0,  40.0, 2.0  ,  0.0,     ,  0.0,     ,  0.0, 0.0,  18.0,       ,      ,      ,        ,        ,        ,        ,        ,        ,        ,        ,      
carlsja01, 1980,     1, MNS , NHL , L  , 43.0,  7.0,   2.0,   9.0, 108.0, -5.0 ,  0.0,     ,  0.0,     ,  0.0, 0.0,  24.0,   15.0,   1.0,   2.0,     3.0,    50.0,        ,     0.0,        ,     0.0,        ,     0.0,      
carlsja01, 1981,     1, MNS , NHL , L  , 57.0,  8.0,   4.0,  12.0, 103.0, -5.0 ,  1.0,     ,  0.0,     ,  1.0, 0.0,  39.0,    1.0,   0.0,   0.0,     0.0,    15.0,        ,     0.0,        ,     0.0,        ,     0.0,      
carlsja01, 1982,     1, STL , NHL , L  , 54.0,  6.0,   1.0,   7.0,  58.0, -3.0 ,  0.0,     ,  0.0,     ,  1.0, 0.0,  43.0,    4.0,   0.0,   0.0,     0.0,     5.0,        ,     0.0,        ,     0.0,        ,     0.0,      
carlsja01, 1983,     1, STL , NHL , L  , 58.0,  6.0,   8.0,  14.0,  95.0, 9.0  ,  0.0,     ,  0.0,     ,  0.0, 0.0,  35.0,    5.0,   0.0,   0.0,     0.0,     2.0, 0.0    ,     0.0,        ,     0.0,        ,     0.0,     1.0
carlsja01, 1986,     1, MNS , NHL , L  ,  8.0,  0.0,   0.0,   0.0,  13.0, 0.0  ,  0.0,     ,  0.0,     ,  0.0, 0.0,   1.0,       ,      ,      ,        ,        ,        ,        ,        ,        ,        ,        ,      
carlsje01, 1975,     1, MFS , WHA , R  ,  7.0,  0.0,   1.0,   1.0,  14.0, 0.0  ,  0.0,     ,  0.0,     ,  0.0,    ,  10.0,       ,      ,      ,        ,        ,        ,        ,        ,        ,        ,        ,      
carlsjo01, 2009,     1, WAS , NHL , D  , 22.0,  1.0,   5.0,   6.0,   8.0, 11.0 ,  0.0,  0.0,  0.0,  0.0,  0.0,    ,  21.0,    7.0,   1.0,   3.0,     4.0,     0.0, 6.0    ,     0.0,     0.0,     0.0,     0.0,     0.0,    14.0
carlske01, 1983,     1, MTL , NHL , D  , 65.0,  3.0,   7.0,  10.0,  73.0, -15.0,  0.0,     ,  0.0,     ,  2.0, 0.0,  41.0,       ,      ,      ,        ,        ,        ,        ,        ,        ,        ,        ,      
carlske01, 1984,     1, MTL , NHL , D  , 18.0,  1.0,   1.0,   2.0,  33.0, 1.0  ,  0.0,     ,  0.0,     ,  0.0, 0.0,   5.0,       ,      ,      ,        ,        ,        ,        ,        ,        ,        ,        ,      
carlske01, 1985,     1, MTL , NHL , D  ,  2.0,  0.0,   0.0,   0.0,   0.0, 0.0  ,  0.0,     ,  0.0,     ,  0.0, 0.0,   0.0,       ,      ,      ,        ,        ,        ,        ,        ,        ,        ,        ,      
carlske01, 1985,     2, STL , NHL , D  , 26.0,  2.0,   3.0,   5.0,  42.0, 2.0  ,  0.0,     ,  0.0,     ,  0.0, 0.0,  14.0,    5.0,   0.0,   0.0,     0.0,    11.0, 0.0    ,     0.0,        ,     0.0,        ,     0.0,     1.0
carlske01, 1987,     1, STL , NHL , D  ,     ,     ,      ,      ,      ,      ,     ,     ,     ,     ,     ,    ,      ,    3.0,   0.0,   0.0,     0.0,     2.0, -2.0   ,     0.0,     0.0,     0.0,     0.0,     0.0,     1.0
carlske01, 1988,     1, WAS , NHL , D  ,  2.0,  1.0,   0.0,   1.0,   0.0, 2.0  ,  0.0,  0.0,  0.0,  0.0,  0.0, 0.0,   1.0,       ,      ,      ,        ,        ,        ,        ,        ,        ,        ,        ,      
carlsst01, 1975,     1, MFS , WHA , C  , 10.0,  0.0,   1.0,   1.0,  23.0, -1.0 ,  0.0,     ,  0.0,     ,  0.0,    ,   7.0,       ,      ,      ,        ,        ,        ,        ,        ,        ,        ,        ,      
carlsst01, 1976,     1, MF2 , WHA , C  , 21.0,  5.0,   8.0,  13.0,   8.0, 3.0  ,  0.0,     ,  0.0,     ,     ,    ,  38.0,       ,      ,      ,        ,        ,        ,        ,        ,        ,        ,        ,      
carlsst01, 1976,     2, NEW , WHA , C  , 31.0,  4.0,   9.0,  13.0,  40.0, 0.0  ,  0.0,     ,  0.0,     ,     ,    ,  51.0,    5.0,   0.0,   0.0,     0.0,     9.0, -2.0   ,     0.0,        ,     0.0,        ,     0.0,      
carlsst01, 1977,     1, NEW , WHA , C  , 38.0,  6.0,   7.0,  13.0,  11.0, 7.0  ,  1.0,     ,  1.0,     ,     ,    ,  41.0,   13.0,   2.0,   7.0,     9.0,     2.0, 4.0    ,        ,        ,        ,        ,     0.0,      
carlsst01, 1978,     1, EDO , WHA , C  , 73.0, 18.0,  22.0,  40.0,  50.0, 15.0 ,  4.0,     ,  3.0,     ,     ,    ,  71.0,   11.0,   1.0,   1.0,     2.0,    12.0, -5.0   ,        ,        ,        ,        ,     0.0,      
carlsst01, 1979,     1, LAK , NHL , C  , 52.0,  9.0,  12.0,  21.0,  23.0, -7.0 ,  1.0,     ,  0.0,     ,  1.0, 0.0,  45.0,    4.0,   1.0,   1.0,     2.0,     7.0,        ,     0.0,        ,     0.0,        ,     0.0,      
carlyra01, 1976,     1, TOR , NHL , D  , 45.0,  0.0,   5.0,   5.0,  51.0, -19.0,  0.0,     ,  0.0,     ,  0.0, 0.0,  30.0,    9.0,   0.0,   1.0,     1.0,    20.0,        ,     0.0,        ,     0.0,        ,     0.0,      
carlyra01, 1977,     1, TOR , NHL , D  , 49.0,  2.0,  11.0,  13.0,  31.0, 4.0  ,  0.0,     ,  0.0,     ,  0.0, 0.0,  54.0,    7.0,   0.0,   1.0,     1.0,     8.0,        ,     0.0,        ,     0.0,        ,     0.0,      
carlyra01, 1978,     1, PIT , NHL , D  , 70.0, 13.0,  34.0,  47.0,  78.0, 4.0  ,  3.0,     ,  1.0,     ,  3.0, 2.0, 208.0,    7.0,   0.0,   0.0,     0.0,    12.0,        ,     0.0,        ,     0.0,        ,     0.0,      
carlyra01, 1979,     1, PIT , NHL , D  , 67.0,  8.0,  28.0,  36.0,  45.0, -23.0,  3.0,     ,  0.0,     ,  1.0, 0.0, 123.0,    5.0,   1.0,   0.0,     1.0,     4.0,        ,     0.0,        ,     0.0,        ,     0.0,      
carlyra01, 1980,     1, PIT , NHL , D  , 76.0, 16.0,  67.0,  83.0, 136.0, -16.0,  7.0,     ,  1.0,     ,  1.0, 0.0, 242.0,    5.0,   4.0,   5.0,     9.0,     9.0,        ,     0.0,        ,     1.0,        ,     0.0,      
carlyra01, 1981,     1, PIT , NHL , D  , 73.0, 11.0,  64.0,  75.0, 131.0, -16.0,  7.0,     ,  1.0,     ,  0.0, 0.0, 193.0,    5.0,   1.0,   3.0,     4.0,    16.0,        ,     0.0,        ,     0.0,        ,     0.0,      
carlyra01, 1982,     1, PIT , NHL , D  , 61.0, 15.0,  41.0,  56.0, 110.0, -26.0,  8.0,     ,  1.0,     ,  0.0, 1.0, 177.0,       ,      ,      ,        ,        ,        ,        ,        ,        ,        ,        ,      
carlyra01, 1983,     1, PIT , NHL , D  , 50.0,  3.0,  23.0,  26.0,  82.0, -25.0,  0.0,     ,  0.0,     ,  1.0, 0.0, 107.0,       ,      ,      ,        ,        ,        ,        ,        ,        ,        ,        ,      
carlyra01, 1983,     2, WIN , NHL , D  ,  5.0,  0.0,   3.0,   3.0,   2.0, 4.0  ,  0.0,     ,  0.0,     ,  0.0, 0.0,   5.0,    3.0,   0.0,   2.0,     2.0,     4.0, 0.0    ,     0.0,        ,     0.0,        ,     0.0,     5.0
carlyra01, 1984,     1, WIN , NHL , D  , 71.0, 13.0,  38.0,  51.0,  98.0, 23.0 ,  6.0,     ,  0.0,     ,  2.0, 0.0, 135.0,    8.0,   1.0,   5.0,     6.0,    13.0, -4.0   ,     1.0,        ,     0.0,        ,     0.0,    15.0
carlyra01, 1985,     1, WIN , NHL , D  , 68.0, 16.0,  33.0,  49.0,  93.0, -12.0,  3.0,     ,  0.0,     ,  2.0, 1.0, 152.0,       ,      ,      ,        ,        ,        ,        ,        ,        ,        ,        ,      
carlyra01, 1986,     1, WIN , NHL , D  , 71.0, 16.0,  26.0,  42.0,  93.0, -6.0 ,  5.0,     ,  0.0,     ,  4.0, 0.0, 172.0,   10.0,   1.0,   5.0,     6.0,    18.0, -4.0   ,     0.0,        ,     0.0,        ,     0.0,    12.0
carlyra01, 1987,     1, WIN , NHL , D  , 78.0, 15.0,  44.0,  59.0, 210.0, -20.0,  8.0, 30.0,  0.0,  2.0,  1.0, 0.0, 165.0,    5.0,   0.0,   2.0,     2.0,    10.0, 0.0    ,     0.0,     1.0,     0.0,     0.0,     0.0,    15.0
carlyra01, 1988,     1, WIN , NHL , D  , 78.0,  6.0,  38.0,  44.0,  78.0, -19.0,  2.0, 18.0,  0.0,  3.0,  2.0, 0.0, 124.0,       ,      ,      ,        ,        ,        ,        ,        ,        ,        ,        ,      
carlyra01, 1989,     1, WIN , NHL , D  , 53.0,  3.0,  15.0,  18.0,  50.0, 8.0  ,  2.0,  3.0,  0.0,  0.0,  0.0, 0.0,  92.0,       ,      ,      ,        ,        ,        ,        ,        ,        ,        ,        ,      
carlyra01, 1990,     1, WIN , NHL , D  , 52.0,  9.0,  19.0,  28.0,  44.0, 6.0  ,  2.0,  6.0,  0.0,  1.0,  1.0, 0.0,  89.0,       ,      ,      ,        ,        ,        ,        ,        ,        ,        ,        ,      
carlyra01, 1991,     1, WIN , NHL , D  , 66.0,  1.0,   9.0,  10.0,  54.0, 4.0  ,  0.0,  1.0,  0.0,  3.0,  0.0, 0.0,  84.0,    5.0,   1.0,   0.0,     1.0,     6.0, -3.0   ,     0.0,     0.0,     0.0,     0.0,     0.0,     4.0
carlyra01, 1992,     1, WIN , NHL , D  , 22.0,  1.0,   1.0,   2.0,  14.0, -6.0 ,  0.0,  0.0,  0.0,  0.0,  0.0, 0.0,  21.0,       ,      ,      ,        ,        ,        ,        ,        ,        ,        ,        ,      
carlyst01, 1972,     1, ALB , WHA , D  , 67.0,  7.0,  10.0,  17.0,  35.0,      ,  0.0,     ,  0.0,     ,     ,    ,      ,       ,      ,      ,        ,        ,        ,        ,        ,        ,        ,        ,      
carlyst01, 1973,     1, EDO , WHA , D  , 50.0,  2.0,  13.0,  15.0,  18.0,      ,  0.0,     ,  0.0,     ,  1.0,    ,      ,    5.0,   0.0,   1.0,     1.0,     4.0,        ,        ,        ,        ,        ,     0.0,      
carlyst01, 1974,     1, EDO , WHA , D  , 73.0,  2.0,  25.0,  27.0,  46.0, -13.0,  0.0,     ,  0.0,     ,     ,    , 118.0,       ,      ,      ,        ,        ,        ,        ,        ,        ,        ,        ,      
carlyst01, 1975,     1, EDO , WHA , D  , 28.0,  0.0,  11.0,  11.0,  10.0, -3.0 ,  0.0,     ,  0.0,     ,  0.0,    ,  27.0,       ,      ,      ,        ,        ,        ,        ,        ,        ,        ,        ,      
carnbpa01, 1992,     1, MTL , NHL , L  ,  6.0,  0.0,   0.0,   0.0,   2.0, -4.0 ,  0.0,  0.0,  0.0,  0.0,  0.0, 0.0,   4.0,       ,      ,      ,        ,        ,        ,        ,        ,        ,        ,        ,      
carnbpa01, 1993,     1, ANA , NHL , C  , 73.0, 12.0,  11.0,  23.0,  54.0, -8.0 ,  3.0,  1.0,  0.0,  0.0,  2.0, 0.0,  81.0,       ,      ,      ,        ,        ,        ,        ,        ,        ,        ,        ,      
carnbpa01, 1994,     1, ANA , NHL , L  , 41.0,  6.0,  15.0,  21.0,  32.0, -8.0 ,  0.0,  2.0,  0.0,  1.0,  0.0, 0.0,  58.0,       ,      ,      ,        ,        ,        ,        ,        ,        ,        ,        ,      
carnbpa01, 1995,     1, ANA , NHL , R  , 34.0,  6.0,  12.0,  18.0,  34.0, 3.0  ,  1.0,  4.0,  0.0,  0.0,  0.0, 0.0,  54.0,       ,      ,      ,        ,        ,        ,        ,        ,        ,        ,        ,      
carneke01, 1991,     1, BUF , NHL , D  , 14.0,  1.0,   2.0,   3.0,  18.0, -3.0 ,  1.0,  0.0,  0.0,  0.0,  0.0, 0.0,  17.0,    7.0,   0.0,   3.0,     3.0,     0.0, 0.0    ,     0.0,     2.0,     0.0,     0.0,     0.0,     6.0
carneke01, 1992,     1, BUF , NHL , D  , 30.0,  2.0,   4.0,   6.0,  55.0, 3.0  ,  0.0,  1.0,  0.0,  0.0,  1.0, 0.0,  26.0,    8.0,   0.0,   3.0,     3.0,     6.0, 1.0    ,     0.0,     1.0,     0.0,     0.0,     0.0,     2.0
carneke01, 1993,     1, BUF , NHL , D  ,  7.0,  1.0,   3.0,   4.0,   4.0, -1.0 ,  0.0,  1.0,  0.0,  0.0,  0.0, 0.0,   6.0,       ,      ,      ,        ,        ,        ,        ,        ,        ,        ,        ,      
carneke01, 1993,     2, CHI , NHL , D  , 30.0,  3.0,   5.0,   8.0,  35.0, 15.0 ,  0.0,  2.0,  0.0,  0.0,  0.0, 0.0,  31.0,    6.0,   0.0,   1.0,     1.0,     4.0, 2.0    ,     0.0,     0.0,     0.0,     0.0,     0.0,     3.0
carneke01, 1994,     1, CHI , NHL , D  , 18.0,  1.0,   0.0,   1.0,  11.0, -1.0 ,  0.0,  0.0,  0.0,  0.0,  1.0, 0.0,  14.0,    4.0,   0.0,   1.0,     1.0,     0.0, 0.0    ,     0.0,     0.0,     0.0,     0.0,     0.0,     1.0
carneke01, 1995,     1, CHI , NHL , D  , 82.0,  5.0,  14.0,  19.0,  94.0, 31.0 ,  1.0,  0.0,  0.0,  1.0,  1.0, 0.0,  69.0,   10.0,   0.0,   3.0,     3.0,     4.0, -1.0   ,     0.0,     1.0,     0.0,     0.0,     0.0,    11.0
carneke01, 1996,     1, CHI , NHL , D  , 81.0,  3.0,  15.0,  18.0,  62.0, 26.0 ,  0.0,  3.0,  0.0,  0.0,  1.0, 0.0,  77.0,    6.0,   1.0,   1.0,     2.0,     2.0, -2.0   ,     0.0,     0.0,     0.0,     0.0,     0.0,     7.0
carneke01, 1997,     1, CHI , NHL , D  , 60.0,  2.0,  13.0,  15.0,  73.0, -7.0 ,  0.0,  0.0,  1.0,  2.0,  0.0, 0.0,  53.0,       ,      ,      ,        ,        ,        ,        ,        ,        ,        ,        ,      
carneke01, 1997,     2, PHO , NHL , D  , 20.0,  1.0,   6.0,   7.0,  18.0, 5.0  ,  1.0,  2.0,  0.0,  0.0,  0.0, 0.0,  18.0,    6.0,   0.0,   0.0,     0.0,     4.0, -3.0   ,     0.0,     0.0,     0.0,     0.0,     0.0,     2.0
carneke01, 1998,     1, PHO , NHL , D  , 82.0,  2.0,  14.0,  16.0,  62.0, 15.0 ,  0.0,  0.0,  2.0,  1.0,  0.0, 0.0,  62.0,    7.0,   1.0,   2.0,     3.0,    10.0, 5.0    ,     0.0,     0.0,     0.0,     0.0,     0.0,     5.0
carneke01, 1999,     1, PHO , NHL , D  , 82.0,  4.0,  20.0,  24.0,  87.0, 11.0 ,  0.0,  2.0,  0.0,  0.0,  1.0, 0.0,  73.0,    5.0,   0.0,   0.0,     0.0,    17.0, -4.0   ,     0.0,     0.0,     0.0,     0.0,     0.0,     5.0
carneke01, 2000,     1, PHO , NHL , D  , 82.0,  2.0,  14.0,  16.0,  86.0, 15.0 ,  0.0,  0.0,  0.0,  0.0,  0.0, 0.0,  65.0,       ,      ,      ,        ,        ,        ,        ,        ,        ,        ,        ,      
carneke01, 2001,     1, ANA , NHL , D  , 60.0,  5.0,   9.0,  14.0,  30.0, 14.0 ,  0.0,  3.0,  0.0,  0.0,  1.0, 0.0,  66.0,       ,      ,      ,        ,        ,        ,        ,        ,        ,        ,        ,      
carneke01, 2002,     1, ANA , NHL , D  , 81.0,  4.0,  18.0,  22.0,  65.0, 8.0  ,  0.0,  0.0,  0.0,  1.0,  1.0, 2.0,  87.0,   21.0,   0.0,   4.0,     4.0,    16.0, 3.0    ,     0.0,     1.0,     0.0,     0.0,     0.0,    26.0
carneke01, 2003,     1, ANA , NHL , D  , 69.0,  2.0,   5.0,   7.0,  42.0, -5.0 ,  1.0,  1.0,  0.0,  0.0,  0.0, 0.0,  58.0,       ,      ,      ,        ,        ,        ,        ,        ,        ,        ,        ,      
carneke01, 2005,     1, ANA , NHL , D  , 61.0,  2.0,  16.0,  18.0,  48.0, 13.0 ,  1.0,  4.0,  0.0,  1.0,  1.0,    ,  71.0,       ,      ,      ,        ,        ,        ,        ,        ,        ,        ,        ,      
carneke01, 2005,     2, VAN , NHL , D  , 18.0,  0.0,   2.0,   2.0,  14.0, -5.0 ,  0.0,  1.0,  0.0,  0.0,  0.0,    ,  14.0,       ,      ,      ,        ,        ,        ,        ,        ,        ,        ,        ,      
carneke01, 2006,     1, MIN , NHL , D  , 80.0,  4.0,  13.0,  17.0,  58.0, 22.0 ,  0.0,  0.0,  0.0,  2.0,  1.0,    ,  31.0,    5.0,   0.0,   0.0,     0.0,     4.0, 1.0    ,     0.0,     0.0,     0.0,     0.0,     0.0,     1.0
carneke01, 2007,     1, MIN , NHL , D  , 61.0,  1.0,  10.0,  11.0,  42.0, 8.0  ,  0.0,  0.0,  0.0,  0.0,  0.0,    ,  27.0,    6.0,   1.0,   1.0,     2.0,     0.0, 2.0    ,     0.0,     0.0,     0.0,     1.0,     1.0,     2.0
caronal01, 1967,     1, OAK , NHL , R  , 58.0,  9.0,  13.0,  22.0,  18.0, -22.0,  3.0,     ,  0.0,     ,  0.0, 2.0, 121.0,       ,      ,      ,        ,        ,        ,        ,        ,        ,        ,        ,      
caronal01, 1968,     1, MTL , NHL , R  ,  2.0,  0.0,   0.0,   0.0,   0.0, 0.0  ,  0.0,     ,  0.0,     ,  0.0, 0.0,   0.0,       ,      ,      ,        ,        ,        ,        ,        ,        ,        ,        ,      
caronal01, 1972,     1, QUN , WHA , R  , 68.0, 36.0,  27.0,  63.0,  14.0,      , 15.0,     ,  0.0,     ,  5.0,    ,      ,       ,      ,      ,        ,        ,        ,        ,        ,        ,        ,        ,      
caronal01, 1973,     1, QUN , WHA , R  , 59.0, 31.0,  15.0,  46.0,  10.0,      ,  9.0,     ,  0.0,     ,  4.0,    ,      ,       ,      ,      ,        ,        ,        ,        ,        ,        ,        ,        ,      
caronal01, 1974,     1, QUN , WHA , R  , 21.0,  7.0,   3.0,  10.0,   2.0, -1.0 ,  6.0,     ,     ,     ,     ,    ,  35.0,       ,      ,      ,        ,        ,        ,        ,        ,        ,        ,        ,      
caronal01, 1974,     2, MIB , WHA , R  , 47.0,  8.0,   5.0,  13.0,   4.0, -15.0,  5.0,     ,  0.0,     ,     ,    ,  98.0,       ,      ,      ,        ,        ,        ,        ,        ,        ,        ,        ,      
caronja01, 1967,     1, LAK , NHL , G  ,  1.0,  0.0,   0.0,   0.0,   0.0, 0.0  ,  0.0,     ,  0.0,     ,  0.0, 0.0,   0.0,       ,      ,      ,        ,        ,        ,        ,        ,        ,        ,        ,      
caronja01, 1968,     1, LAK , NHL , G  ,  3.0,  0.0,   0.0,   0.0,   0.0, 0.0  ,  0.0,     ,  0.0,     ,  0.0, 0.0,   0.0,       ,      ,      ,        ,        ,        ,        ,        ,        ,        ,        ,      
caronja01, 1971,     1, STL , NHL , G  , 28.0,  0.0,   1.0,   1.0,   0.0, 0.0  ,  0.0,     ,  0.0,     ,  0.0, 0.0,   0.0,    9.0,   0.0,   0.0,     0.0,     2.0,        ,     0.0,        ,     0.0,        ,     0.0,      
caronja01, 1972,     1, STL , NHL , G  , 30.0,  0.0,   0.0,   0.0,   0.0, 0.0  ,  0.0,     ,  0.0,     ,  0.0, 0.0,   0.0,    3.0,   0.0,   0.0,     0.0,     0.0,        ,     0.0,        ,     0.0,        ,     0.0,      
caronja01, 1973,     1, VAN , NHL , G  , 10.0,  0.0,   0.0,   0.0,   2.0, 0.0  ,  0.0,     ,  0.0,     ,  0.0, 0.0,   0.0,       ,      ,      ,        ,        ,        ,        ,        ,        ,        ,        ,      
caronja01, 1975,     1, CLC , WHA , G  ,  2.0,  0.0,   0.0,   0.0,   0.0, 0.0  ,  0.0,     ,  0.0,     ,  0.0,    ,   0.0,       ,      ,      ,        ,        ,        ,        ,        ,        ,        ,        ,      
caronja01, 1976,     1, CIN , WHA , G  , 24.0,  0.0,   1.0,   1.0,   0.0, 0.0  ,  0.0,     ,  0.0,     ,  0.0,    ,   0.0,    1.0,   0.0,   0.0,     0.0,     0.0, 0.0    ,     0.0,        ,     0.0,        ,     0.0,      
caronse01, 2002,     1, PIT , NHL , G  , 24.0,  0.0,   0.0,   0.0,   6.0, 0.0  ,  0.0,  0.0,  0.0,  0.0,  0.0, 0.0,   0.0,       ,      ,      ,        ,        ,        ,        ,        ,        ,        ,        ,      
caronse01, 2003,     1, PIT , NHL , G  , 40.0,  0.0,   0.0,   0.0,   6.0, 0.0  ,  0.0,  0.0,  0.0,  0.0,  0.0, 0.0,   0.0,       ,      ,      ,        ,        ,        ,        ,        ,        ,        ,        ,      
caronse01, 2005,     1, PIT , NHL , G  , 26.0,  0.0,   1.0,   1.0,   0.0, 0.0  ,  0.0,  1.0,  0.0,  0.0,  0.0,    ,   0.0,       ,      ,      ,        ,        ,        ,        ,        ,        ,        ,        ,      
caronse01, 2006,     1, CHI , NHL , G  ,  1.0,  0.0,   0.0,   0.0,   0.0, 0.0  ,  0.0,  0.0,  0.0,  0.0,  0.0,    ,   0.0,       ,      ,      ,        ,        ,        ,        ,        ,        ,        ,        ,      
caronse01, 2006,     2, AND , NHL , G  ,  1.0,  0.0,   0.0,   0.0,   0.0, 0.0  ,  0.0,  0.0,  0.0,  0.0,  0.0,    ,   0.0,       ,      ,      ,        ,        ,        ,        ,        ,        ,        ,        ,      
carpebo01, 1981,     1, WAS , NHL , L  , 80.0, 32.0,  35.0,  67.0,  69.0, -23.0,  7.0,     ,  1.0,     ,  3.0, 2.0, 263.0,       ,      ,      ,        ,        ,        ,        ,        ,        ,        ,        ,      
carpebo01, 1982,     1, WAS , NHL , L  , 80.0, 32.0,  37.0,  69.0,  64.0, 0.0  , 14.0,     ,  0.0,     ,  4.0, 2.0, 197.0,    4.0,   1.0,   0.0,     1.0,     2.0,        ,     0.0,        ,     0.0,        ,     0.0,      
carpebo01, 1983,     1, WAS , NHL , L  , 80.0, 28.0,  40.0,  68.0,  51.0, 0.0  ,  8.0,     ,  0.0,     ,  5.0, 1.0, 228.0,    8.0,   2.0,   1.0,     3.0,    25.0, -2.0   ,     1.0,        ,     0.0,        ,     0.0,    15.0
carpebo01, 1984,     1, WAS , NHL , C  , 80.0, 53.0,  42.0,  95.0,  87.0, 20.0 , 12.0,     ,  0.0,     ,  7.0, 1.0, 260.0,    5.0,   1.0,   4.0,     5.0,     8.0, 0.0    ,     0.0,        ,     0.0,        ,     0.0,    15.0
carpebo01, 1985,     1, WAS , NHL , C  , 80.0, 27.0,  29.0,  56.0, 105.0, -12.0,  7.0,     ,  0.0,     ,  3.0, 0.0, 205.0,    9.0,   5.0,   4.0,     9.0,    12.0, 4.0    ,     2.0,        ,     0.0,        ,     1.0,    24.0
carpebo01, 1986,     1, WAS , NHL , C  , 22.0,  5.0,   7.0,  12.0,  21.0, -7.0 ,  4.0,     ,  0.0,     ,  0.0, 0.0,  47.0,       ,      ,      ,        ,        ,        ,        ,        ,        ,        ,        ,      
carpebo01, 1986,     2, NYR , NHL , C  , 28.0,  2.0,   8.0,  10.0,  20.0, -12.0,  1.0,     ,  0.0,     ,  0.0, 0.0,  41.0,       ,      ,      ,        ,        ,        ,        ,        ,        ,        ,        ,      
carpebo01, 1986,     3, LAK , NHL , C  , 10.0,  2.0,   3.0,   5.0,   6.0, -8.0 ,  0.0,     ,  0.0,     ,  0.0, 0.0,  23.0,    5.0,   1.0,   2.0,     3.0,     2.0, -4.0   ,     0.0,        ,     0.0,        ,     0.0,     4.0
carpebo01, 1987,     1, LAK , NHL , L  , 71.0, 19.0,  33.0,  52.0,  84.0, -21.0, 10.0, 11.0,  0.0,  2.0,  2.0, 0.0, 176.0,    5.0,   1.0,   1.0,     2.0,     0.0, -7.0   ,     0.0,     0.0,     0.0,     0.0,     0.0,    13.0
carpebo01, 1988,     1, LAK , NHL , L  , 39.0, 11.0,  15.0,  26.0,  16.0, 3.0  ,  3.0,     ,  0.0,  0.0,  1.0, 0.0,  91.0,       ,      ,      ,        ,        ,        ,        ,        ,        ,        ,        ,      
carpebo01, 1988,     2, BOS , NHL , L  , 18.0,  5.0,   9.0,  14.0,  10.0, 4.0  ,  1.0,     ,  0.0,  0.0,  2.0, 0.0,  46.0,    8.0,   1.0,   1.0,     2.0,     4.0, -6.0   ,     1.0,     0.0,     0.0,     0.0,     1.0,    19.0
carpebo01, 1989,     1, BOS , NHL , L  , 80.0, 25.0,  31.0,  56.0,  97.0, -3.0 ,  5.0, 12.0,  0.0,  1.0,  5.0, 0.0, 220.0,   21.0,   4.0,   6.0,    10.0,    39.0, -3.0   ,     2.0,     1.0,     0.0,     0.0,     1.0,    41.0
carpebo01, 1990,     1, BOS , NHL , L  , 29.0,  8.0,   8.0,  16.0,  22.0, 2.0  ,  2.0,  1.0,  0.0,  0.0,  0.0, 1.0,  54.0,    1.0,   0.0,   1.0,     1.0,     2.0, 1.0    ,     0.0,     0.0,     0.0,     0.0,     0.0,     1.0
carpebo01, 1991,     1, BOS , NHL , L  , 60.0, 25.0,  23.0,  48.0,  46.0, -3.0 ,  6.0,  6.0,  1.0,  1.0,  6.0, 2.0, 171.0,    8.0,   0.0,   1.0,     1.0,     6.0, -1.0   ,     0.0,     0.0,     0.0,     0.0,     0.0,    13.0
carpebo01, 1992,     1, WAS , NHL , C  , 68.0, 11.0,  17.0,  28.0,  65.0, -16.0,  2.0,  2.0,  0.0,  1.0,  0.0, 0.0, 141.0,    6.0,   1.0,   4.0,     5.0,     6.0, 2.0    ,     0.0,     1.0,     0.0,     0.0,     0.0,    13.0
carpebo01, 1993,     1, NJD , NHL , C  , 76.0, 10.0,  23.0,  33.0,  51.0, 7.0  ,  0.0,  1.0,  2.0,  0.0,  1.0, 0.0, 125.0,   20.0,   1.0,   7.0,     8.0,    20.0, -1.0   ,     0.0,     0.0,     0.0,     0.0,     0.0,    39.0
carpebo01, 1994,     1, NJD , NHL , C  , 41.0,  5.0,  11.0,  16.0,  19.0, -1.0 ,  0.0,  0.0,  0.0,  0.0,  0.0, 2.0,  69.0,   17.0,   1.0,   4.0,     5.0,     6.0, -1.0   ,     1.0,     0.0,     0.0,     0.0,     0.0,    21.0
carpebo01, 1995,     1, NJD , NHL , L  , 52.0,  5.0,   5.0,  10.0,  14.0, -10.0,  0.0,  0.0,  1.0,  0.0,  0.0, 0.0,  63.0,       ,      ,      ,        ,        ,        ,        ,        ,        ,        ,        ,      
carpebo01, 1996,     1, NJD , NHL , L  , 62.0,  4.0,  15.0,  19.0,  14.0, 6.0  ,  0.0,  0.0,  1.0,  0.0,  0.0, 0.0,  76.0,   10.0,   1.0,   2.0,     3.0,     2.0, 2.0    ,     0.0,     0.0,     0.0,     1.0,     0.0,    15.0
carpebo01, 1997,     1, NJD , NHL , L  , 66.0,  9.0,   9.0,  18.0,  22.0, -4.0 ,  0.0,  1.0,  1.0,  2.0,  1.0, 0.0,  81.0,    6.0,   1.0,   0.0,     1.0,     0.0, 0.0    ,     0.0,     0.0,     0.0,     0.0,     0.0,     3.0
carpebo01, 1998,     1, NJD , NHL , C  , 56.0,  2.0,   8.0,  10.0,  36.0, -3.0 ,  0.0,  1.0,  0.0,  0.0,  0.0, 0.0,  69.0,    7.0,   0.0,   0.0,     0.0,     2.0, -1.0   ,     0.0,     0.0,     0.0,     0.0,     0.0,     7.0
carpeed01, 1914,     1, TBS , NHA ,    , 19.0,  1.0,   0.0,   1.0,  63.0,      ,     ,     ,     ,     ,     ,    ,      ,       ,      ,      ,        ,        ,        ,        ,        ,        ,        ,        ,      
carpeed01, 1915,     1, SEA , PCHA, D  , 18.0,  6.0,   4.0,  10.0,  17.0,      ,     ,     ,     ,     ,     ,    ,      ,       ,      ,      ,        ,        ,        ,        ,        ,        ,        ,        ,      
carpeed01, 1916,     1, SEA , PCHA, D  , 24.0,  5.0,   2.0,   7.0,   9.0,      ,     ,     ,     ,     ,     ,    ,      ,       ,      ,      ,        ,        ,        ,        ,        ,        ,        ,        ,      
carpeed01, 1919,     1, QUB , NHL , D  , 24.0,  8.0,   4.0,  12.0,  24.0,      ,     ,     ,     ,     ,     ,    ,      ,       ,      ,      ,        ,        ,        ,        ,        ,        ,        ,        ,      
carpeed01, 1920,     1, HAM , NHL , D  , 21.0,  2.0,   1.0,   3.0,  17.0,      ,     ,     ,     ,     ,     ,    ,      ,       ,      ,      ,        ,        ,        ,        ,        ,        ,        ,        ,      
carrge01 , 1971,     1, STL , NHL , C  , 14.0,  3.0,   2.0,   5.0,   9.0, 0.0  ,  0.0,     ,  0.0,     ,  0.0, 0.0,  29.0,       ,      ,      ,        ,        ,        ,        ,        ,        ,        ,        ,      
carrge01 , 1971,     2, NYR , NHL , C/L, 60.0,  8.0,   8.0,  16.0,  25.0, 16.0 ,  1.0,     ,  0.0,     ,  3.0, 0.0,  74.0,   16.0,   1.0,   3.0,     4.0,    21.0,        ,     0.0,        ,     0.0,        ,     0.0,      
carrge01 , 1972,     1, NYR , NHL , C  , 50.0,  9.0,  10.0,  19.0,  50.0, -4.0 ,  1.0,     ,  0.0,     ,  1.0, 0.0,  65.0,    1.0,   0.0,   1.0,     1.0,     0.0,        ,     0.0,        ,     0.0,        ,     0.0,      
carrge01 , 1973,     1, NYR , NHL , C  , 29.0,  1.0,   5.0,   6.0,  15.0, -8.0 ,  1.0,     ,  0.0,     ,  0.0, 1.0,  23.0,       ,      ,      ,        ,        ,        ,        ,        ,        ,        ,        ,      
carrge01 , 1973,     2, LAK , NHL , C  , 21.0,  6.0,  11.0,  17.0,  36.0, 2.0  ,  0.0,     ,  1.0,     ,  1.0, 1.0,  37.0,    5.0,   2.0,   1.0,     3.0,    14.0,        ,     1.0,        ,     0.0,        ,     0.0,      
carrge01 , 1974,     1, LAK , NHL , C/L, 80.0,  7.0,  32.0,  39.0, 103.0, 19.0 ,  2.0,     ,  0.0,     ,  2.0, 1.0, 157.0,    3.0,   1.0,   2.0,     3.0,    29.0,        ,     0.0,        ,     0.0,        ,     0.0,      
carrge01 , 1975,     1, LAK , NHL , L  , 38.0,  8.0,  11.0,  19.0,  16.0, -1.0 ,  0.0,     ,  0.0,     ,  1.0, 1.0,  61.0,       ,      ,      ,        ,        ,        ,        ,        ,        ,        ,        ,      
carrge01 , 1976,     1, LAK , NHL , C  , 68.0, 15.0,  12.0,  27.0,  25.0, 5.0  ,  0.0,     ,  1.0,     ,  2.0, 1.0,  99.0,    9.0,   1.0,   1.0,     2.0,     2.0,        ,     0.0,        ,     0.0,        ,     0.0,      
carrge01 , 1977,     1, LAK , NHL , C  ,  5.0,  2.0,   0.0,   2.0,   4.0, 0.0  ,  0.0,     ,  0.0,     ,  0.0, 0.0,   8.0,       ,      ,      ,        ,        ,        ,        ,        ,        ,        ,        ,      
carrge01 , 1977,     2, PIT , NHL , C  , 70.0, 17.0,  37.0,  54.0,  76.0, -15.0,  4.0,     ,  0.0,     ,  2.0, 2.0, 145.0,       ,      ,      ,        ,        ,        ,        ,        ,        ,        ,        ,      
carrge01 , 1978,     1, ATF , NHL , L  , 30.0,  3.0,   8.0,  11.0,   6.0, -4.0 ,  0.0,     ,  0.0,     ,  0.0, 0.0,  35.0,    1.0,   0.0,   0.0,     0.0,     0.0,        ,     0.0,        ,     0.0,        ,     0.0,      
carrige01, 1930,     1, NYR , NHL , C  , 33.0,  2.0,   0.0,   2.0,  13.0,      ,     ,     ,     ,     ,     ,    ,      ,       ,      ,      ,        ,        ,        ,        ,        ,        ,        ,        ,      
carrige01, 1933,     1, DET , NHL , C  ,     ,     ,      ,      ,      ,      ,     ,     ,     ,     ,     ,    ,      ,    4.0,   0.0,   0.0,     0.0,     0.0,        ,        ,        ,        ,        ,        ,      
carrige01, 1934,     1, STE , NHL , C  ,  4.0,  0.0,   1.0,   1.0,   0.0,      ,     ,     ,     ,     ,     ,    ,      ,       ,      ,      ,        ,        ,        ,        ,        ,        ,        ,        ,      
carrila01, 1972,     1, BUF , NHL , D  , 40.0,  2.0,   8.0,  10.0,  52.0, -1.0 ,  0.0,     ,  0.0,     ,  0.0, 0.0,  34.0,    6.0,   0.0,   1.0,     1.0,     8.0,        ,     0.0,        ,     0.0,        ,     0.0,      
carrila01, 1973,     1, BUF , NHL , D  , 78.0,  6.0,  24.0,  30.0, 103.0, 3.0  ,  3.0,     ,  0.0,     ,  0.0, 0.0, 113.0,       ,      ,      ,        ,        ,        ,        ,        ,        ,        ,        ,      
carrila01, 1974,     1, BUF , NHL , D  , 80.0,  1.0,  11.0,  12.0, 111.0, 12.0 ,  0.0,     ,  0.0,     ,  0.0, 0.0,  84.0,   17.0,   0.0,   2.0,     2.0,    32.0,        ,     0.0,        ,     0.0,        ,     0.0,      
carrila01, 1975,     1, ATF , NHL , D  , 75.0,  4.0,  15.0,  19.0,  96.0, 5.0  ,  1.0,     ,  1.0,     ,  0.0, 0.0, 126.0,    2.0,   0.0,   0.0,     0.0,     2.0,        ,     0.0,        ,     0.0,        ,     0.0,      
carrila01, 1976,     1, ATF , NHL , D  , 25.0,  2.0,   3.0,   5.0,  16.0, 3.0  ,  0.0,     ,  0.0,     ,  1.0, 0.0,  28.0,       ,      ,      ,        ,        ,        ,        ,        ,        ,        ,        ,      
carrila01, 1976,     2, VAN , NHL , D  , 49.0,  1.0,   9.0,  10.0,  55.0, -11.0,  0.0,     ,  1.0,     ,  0.0, 0.0,  65.0,       ,      ,      ,        ,        ,        ,        ,        ,        ,        ,        ,      
carrila01, 1977,     1, VAN , NHL , D  ,  7.0,  0.0,   3.0,   3.0,  11.0, 0.0  ,  0.0,     ,  0.0,     ,  0.0, 0.0,  10.0,       ,      ,      ,        ,        ,        ,        ,        ,        ,        ,        ,      
carrila01, 1977,     2, LAK , NHL , D  ,  2.0,  0.0,   0.0,   0.0,   0.0, 0.0  ,  0.0,     ,  0.0,     ,  0.0, 0.0,   0.0,       ,      ,      ,        ,        ,        ,        ,        ,        ,        ,        ,      
carrila01, 1977,     3, BUF , NHL , D  ,  9.0,  0.0,   0.0,   0.0,  18.0, -1.0 ,  0.0,     ,  0.0,     ,  0.0, 0.0,   4.0,       ,      ,      ,        ,        ,        ,        ,        ,        ,        ,        ,      
carrila01, 1979,     1, TOR , NHL , D  ,  2.0,  0.0,   1.0,   1.0,   0.0, -1.0 ,  0.0,     ,  0.0,     ,  0.0, 0.0,   1.0,    2.0,   0.0,   0.0,     0.0,     0.0,        ,     0.0,        ,     0.0,        ,     0.0,      
carrlo01 , 1933,     1, NYR , NHL , R  , 14.0,  0.0,   0.0,   0.0,   0.0,      ,     ,     ,     ,     ,     ,    ,      ,       ,      ,      ,        ,        ,        ,        ,        ,        ,        ,        ,      
carrlo01 , 1934,     1, NYA , NHL , R  , 48.0, 17.0,  14.0,  31.0,  14.0,      ,     ,     ,     ,     ,     ,    ,      ,       ,      ,      ,        ,        ,        ,        ,        ,        ,        ,        ,      
carrlo01 , 1935,     1, NYA , NHL , R  , 44.0,  8.0,  10.0,  18.0,   4.0,      ,     ,     ,     ,     ,     ,    ,      ,    5.0,   1.0,   1.0,     2.0,     0.0,        ,        ,        ,        ,        ,        ,      
carrlo01 , 1936,     1, NYA , NHL , R  , 48.0, 18.0,  16.0,  34.0,  22.0,      ,     ,     ,     ,     ,     ,    ,      ,       ,      ,      ,        ,        ,        ,        ,        ,        ,        ,        ,      
carrlo01 , 1937,     1, NYA , NHL , R  , 48.0, 16.0,   7.0,  23.0,  12.0,      ,     ,     ,     ,     ,     ,    ,      ,    6.0,   3.0,   1.0,     4.0,     2.0,        ,        ,        ,        ,        ,        ,      
carrlo01 , 1938,     1, NYA , NHL , R  , 46.0, 19.0,  18.0,  37.0,  16.0,      ,     ,     ,     ,     ,     ,    ,      ,    2.0,   0.0,   0.0,     0.0,     0.0,        ,        ,        ,        ,        ,        ,      
carrlo01 , 1939,     1, NYA , NHL , R  , 48.0,  8.0,  17.0,  25.0,  17.0,      ,     ,     ,     ,     ,     ,    ,      ,    3.0,   0.0,   0.0,     0.0,     0.0,        ,        ,        ,        ,        ,        ,      
carrlo01 , 1940,     1, NYA , NHL , R  , 48.0, 13.0,  19.0,  32.0,  10.0,      ,     ,     ,     ,     ,     ,    ,      ,       ,      ,      ,        ,        ,        ,        ,        ,        ,        ,        ,      
carrlo01 , 1941,     1, TOR , NHL , R  , 47.0, 16.0,  17.0,  33.0,   4.0,      ,     ,     ,     ,     ,     ,    ,      ,   13.0,   3.0,   2.0,     5.0,     6.0,        ,        ,        ,        ,        ,        ,      
carrlo01 , 1942,     1, TOR , NHL , R  , 50.0, 27.0,  33.0,  60.0,  15.0,      ,     ,     ,     ,     ,     ,    ,      ,    6.0,   1.0,   2.0,     3.0,     0.0,        ,        ,        ,        ,        ,        ,      
carrlo01 , 1943,     1, TOR , NHL , R  , 50.0, 36.0,  38.0,  74.0,   9.0,      ,     ,     ,     ,     ,     ,    ,      ,    5.0,   0.0,   1.0,     1.0,     0.0,        ,        ,        ,        ,        ,        ,      
carrlo01 , 1944,     1, TOR , NHL , R  , 47.0, 21.0,  25.0,  46.0,   7.0,      ,     ,     ,     ,     ,     ,    ,      ,   13.0,   2.0,   2.0,     4.0,     5.0,        ,        ,        ,        ,        ,        ,      
carrlo01 , 1945,     1, TOR , NHL , R  , 42.0,  5.0,   8.0,  13.0,   2.0,      ,     ,     ,     ,     ,     ,    ,      ,       ,      ,      ,        ,        ,        ,        ,        ,        ,        ,        ,      
carrobi01, 1980,     1, NYI , NHL , C  , 18.0,  4.0,   4.0,   8.0,   6.0, 3.0  ,  0.0,     ,  0.0,     ,  1.0, 0.0,  25.0,   18.0,   3.0,   9.0,    12.0,     4.0,        ,     0.0,        ,     1.0,        ,     1.0,      
carrobi01, 1981,     1, NYI , NHL , C  , 72.0,  9.0,  20.0,  29.0,  32.0, 12.0 ,  0.0,     ,  3.0,     ,  1.0, 0.0,  42.0,   19.0,   2.0,   2.0,     4.0,     8.0,        ,     0.0,        ,     2.0,        ,     0.0,      
carrobi01, 1982,     1, NYI , NHL , C  , 71.0,  1.0,  11.0,  12.0,  24.0, 3.0  ,  0.0,     ,  1.0,     ,  0.0, 0.0,  52.0,   20.0,   1.0,   1.0,     2.0,     2.0,        ,     0.0,        ,     1.0,        ,     0.0,      
carrobi01, 1983,     1, NYI , NHL , C  , 39.0,  5.0,   2.0,   7.0,  12.0, -1.0 ,  0.0,     ,  0.0,     ,  2.0, 0.0,  39.0,    5.0,   0.0,   0.0,     0.0,     0.0, 0.0    ,     0.0,        ,     0.0,        ,     0.0,     2.0
carrobi01, 1984,     1, EDM , NHL , C  , 65.0,  8.0,   9.0,  17.0,  22.0, 0.0  ,  0.0,     ,  0.0,     ,  1.0, 0.0,  44.0,    9.0,   0.0,   0.0,     0.0,     4.0, 3.0    ,     0.0,        ,     0.0,        ,     0.0,     4.0
carrobi01, 1985,     1, EDM , NHL , C  ,  5.0,  0.0,   2.0,   2.0,   0.0, 2.0  ,  0.0,     ,  0.0,     ,  0.0, 0.0,   0.0,       ,      ,      ,        ,        ,        ,        ,        ,        ,        ,        ,      
carrobi01, 1985,     2, DET , NHL , C  , 21.0,  2.0,   4.0,   6.0,  11.0, -8.0 ,  0.0,     ,  0.0,     ,  0.0, 0.0,  13.0,       ,      ,      ,        ,        ,        ,        ,        ,        ,        ,        ,      
carrobi01, 1986,     1, DET , NHL , C  , 31.0,  1.0,   2.0,   3.0,   6.0, -9.0 ,  0.0,     ,  0.0,     ,  1.0, 0.0,  12.0,       ,      ,      ,        ,        ,        ,        ,        ,        ,        ,        ,      
carroge01, 1924,     1, MTM , NHL , D  ,  5.0,  0.0,   0.0,   0.0,   2.0,      ,     ,     ,     ,     ,     ,    ,      ,       ,      ,      ,        ,        ,        ,        ,        ,        ,        ,        ,      
carroge01, 1924,     2, BOS , NHL , D  , 11.0,  0.0,   0.0,   0.0,   9.0,      ,     ,     ,     ,     ,     ,    ,      ,       ,      ,      ,        ,        ,        ,        ,        ,        ,        ,        ,      
carrogr01, 1976,     1, CIN , WHA , C  , 77.0, 15.0,  39.0,  54.0,  53.0, 16.0 ,  0.0,     ,  0.0,     ,     ,    , 125.0,    4.0,   1.0,   2.0,     3.0,     0.0, 0.0    ,        ,        ,        ,        ,     0.0,      
carrogr01, 1977,     1, NEW , WHA , C  , 48.0,  9.0,  14.0,  23.0,  27.0, 3.0  ,  0.0,     ,  2.0,     ,     ,    ,  70.0,       ,      ,      ,        ,        ,        ,        ,        ,        ,        ,        ,      
carrogr01, 1977,     2, CIN , WHA , C  , 26.0,  6.0,  13.0,  19.0,  36.0, 3.0  ,  0.0,     ,  1.0,     ,     ,    ,  48.0,       ,      ,      ,        ,        ,        ,        ,        ,        ,        ,        ,      
carrogr01, 1978,     1, WAS , NHL , C  , 24.0,  5.0,   6.0,  11.0,  12.0, -2.0 ,  0.0,     ,  0.0,     ,  0.0, 0.0,  29.0,       ,      ,      ,        ,        ,        ,        ,        ,        ,        ,        ,      
carrogr01, 1978,     2, DET , NHL , C  , 36.0,  2.0,   9.0,  11.0,   8.0, -6.0 ,  1.0,     ,  0.0,     ,  0.0, 0.0,  16.0,       ,      ,      ,        ,        ,        ,        ,        ,        ,        ,        ,      
carrogr01, 1979,     1, HAR , NHL , C  , 71.0, 13.0,  19.0,  32.0,  24.0, -5.0 ,  0.0,     ,  1.0,     ,  2.0, 1.0,  85.0,       ,      ,      ,        ,        ,        ,        ,        ,        ,        ,        ,      
carrre01 , 1943,     1, TOR , NHL , L  ,  5.0,  0.0,   1.0,   1.0,   4.0,      ,     ,     ,     ,     ,     ,    ,      ,       ,      ,      ,        ,        ,        ,        ,        ,        ,        ,        ,      
carrudw01, 1965,     1, DET , NHL , D  ,  1.0,  0.0,   0.0,   0.0,   0.0,      ,  0.0,     ,  0.0,     ,  0.0, 0.0,      ,       ,      ,      ,        ,        ,        ,        ,        ,        ,        ,        ,      
carrudw01, 1967,     1, PHI , NHL , D  ,  1.0,  0.0,   0.0,   0.0,   0.0, 0.0  ,  0.0,     ,  0.0,     ,  0.0, 0.0,   0.0,       ,      ,      ,        ,        ,        ,        ,        ,        ,        ,        ,      
carsebi01, 1938,     1, NYR , NHL , C  ,  1.0,  0.0,   1.0,   1.0,   0.0,      ,     ,     ,     ,     ,     ,    ,      ,    6.0,   1.0,   1.0,     2.0,     0.0,        ,        ,        ,        ,        ,        ,      
carsebi01, 1939,     1, CHI , NHL , C  , 48.0, 10.0,  13.0,  23.0,  10.0,      ,     ,     ,     ,     ,     ,    ,      ,    2.0,   1.0,   0.0,     1.0,     0.0,        ,        ,        ,        ,        ,        ,      
carsebi01, 1940,     1, CHI , NHL , L  , 32.0,  5.0,  15.0,  20.0,  12.0,      ,     ,     ,     ,     ,     ,    ,      ,    2.0,   0.0,   0.0,     0.0,     0.0,        ,        ,        ,        ,        ,        ,      
carsebi01, 1941,     1, CHI , NHL , R  , 43.0, 13.0,  14.0,  27.0,  16.0,      ,     ,     ,     ,     ,     ,    ,      ,    3.0,   1.0,   1.0,     2.0,     0.0,        ,        ,        ,        ,        ,        ,      
carsebo01, 1939,     1, CHI , NHL , L  , 22.0,  3.0,   5.0,   8.0,  11.0,      ,     ,     ,     ,     ,     ,    ,      ,    2.0,   0.0,   0.0,     0.0,     0.0,        ,        ,        ,        ,        ,        ,      
carsebo01, 1940,     1, CHI , NHL , C  , 43.0,  9.0,   9.0,  18.0,   9.0,      ,     ,     ,     ,     ,     ,    ,      ,    5.0,   0.0,   0.0,     0.0,     2.0,        ,        ,        ,        ,        ,        ,      
carsebo01, 1941,     1, CHI , NHL , C  , 33.0,  7.0,  16.0,  23.0,  10.0,      ,     ,     ,     ,     ,     ,    ,      ,    3.0,   0.0,   2.0,     2.0,     0.0,        ,        ,        ,        ,        ,        ,      
carsebo01, 1942,     1, CHI , NHL , L  , 47.0, 10.0,  22.0,  32.0,   6.0,      ,     ,     ,     ,     ,     ,    ,      ,       ,      ,      ,        ,        ,        ,        ,        ,        ,        ,        ,      
carsebo01, 1947,     1, MTL , NHL , L  , 22.0,  3.0,   3.0,   6.0,  16.0,      ,     ,     ,     ,     ,     ,    ,      ,       ,      ,      ,        ,        ,        ,        ,        ,        ,        ,        ,      
carsobi01, 1926,     1, TRS , NHL , C  , 40.0, 16.0,   6.0,  22.0,  41.0,      ,     ,     ,     ,     ,     ,    ,      ,       ,      ,      ,        ,        ,        ,        ,        ,        ,        ,        ,      
carsobi01, 1927,     1, TOR , NHL , C  , 32.0, 20.0,   6.0,  26.0,  36.0,      ,     ,     ,     ,     ,     ,    ,      ,       ,      ,      ,        ,        ,        ,        ,        ,        ,        ,        ,      
carsobi01, 1928,     1, TOR , NHL , C  , 24.0,  7.0,   6.0,  13.0,  45.0,      ,     ,     ,     ,     ,     ,    ,      ,       ,      ,      ,        ,        ,        ,        ,        ,        ,        ,        ,      
carsobi01, 1928,     2, BOS , NHL , C  , 19.0,  4.0,   2.0,   6.0,  10.0,      ,     ,     ,     ,     ,     ,    ,      ,    5.0,   2.0,   0.0,     2.0,     8.0,        ,        ,        ,        ,        ,        ,      
carsobi01, 1929,     1, BOS , NHL , C  , 44.0,  7.0,   4.0,  11.0,  24.0,      ,     ,     ,     ,     ,     ,    ,      ,    6.0,   1.0,   0.0,     1.0,     6.0,        ,        ,        ,        ,        ,        ,      
carsobr01, 2008,     1, CAR , NHL , D  ,  5.0,  0.0,   0.0,   0.0,   4.0, -3.0 ,  0.0,  0.0,  0.0,  0.0,  0.0,    ,   2.0,       ,      ,      ,        ,        ,        ,        ,        ,        ,        ,        ,      
carsobr01, 2009,     1, CAR , NHL , D  , 54.0,  2.0,  10.0,  12.0,  12.0, 5.0  ,  0.0,  2.0,  0.0,  0.0,  0.0,    ,  42.0,       ,      ,      ,        ,        ,        ,        ,        ,        ,        ,        ,      
carsofr01, 1925,     1, MTM , NHL , R  , 16.0,  2.0,   1.0,   3.0,   6.0,      ,     ,     ,     ,     ,     ,    ,      ,    4.0,   0.0,   0.0,     0.0,     0.0,        ,        ,        ,        ,        ,        ,      
carsofr01, 1926,     1, MTM , NHL , R  , 44.0,  2.0,   3.0,   5.0,  12.0,      ,     ,     ,     ,     ,     ,    ,      ,    2.0,   0.0,   0.0,     0.0,     2.0,        ,        ,        ,        ,        ,        ,      
carsofr01, 1927,     1, MTM , NHL , R  , 21.0,  0.0,   1.0,   1.0,  10.0,      ,     ,     ,     ,     ,     ,    ,      ,    9.0,   0.0,   0.0,     0.0,     0.0,        ,        ,        ,        ,        ,        ,      
carsofr01, 1930,     1, NYA , NHL , R  , 44.0,  6.0,   7.0,  13.0,  36.0,      ,     ,     ,     ,     ,     ,    ,      ,       ,      ,      ,        ,        ,        ,        ,        ,        ,        ,        ,      
carsofr01, 1931,     1, DTF , NHL , R  , 31.0, 10.0,  14.0,  24.0,  31.0,      ,     ,     ,     ,     ,     ,    ,      ,    2.0,   0.0,   0.0,     0.0,     2.0,        ,        ,        ,        ,        ,        ,      
carsofr01, 1932,     1, DET , NHL , R  , 45.0, 12.0,  13.0,  25.0,  35.0,      ,     ,     ,     ,     ,     ,    ,      ,    4.0,   0.0,   1.0,     1.0,     0.0,        ,        ,        ,        ,        ,        ,      
carsofr01, 1933,     1, DET , NHL , R  , 47.0, 10.0,   9.0,  19.0,  36.0,      ,     ,     ,     ,     ,     ,    ,      ,    6.0,   0.0,   1.0,     1.0,     5.0,        ,        ,        ,        ,        ,        ,      
carsoge01, 1928,     1, MTL , NHL , D  , 30.0,  0.0,   0.0,   0.0,   4.0,      ,     ,     ,     ,     ,     ,    ,      ,       ,      ,      ,        ,        ,        ,        ,        ,        ,        ,        ,      
carsoge01, 1928,     2, NYR , NHL , D  , 10.0,  0.0,   0.0,   0.0,   5.0,      ,     ,     ,     ,     ,     ,    ,      ,    5.0,   0.0,   0.0,     0.0,     0.0,        ,        ,        ,        ,        ,        ,      
carsoge01, 1929,     1, MTL , NHL , D  , 35.0,  1.0,   0.0,   1.0,   8.0,      ,     ,     ,     ,     ,     ,    ,      ,    6.0,   0.0,   0.0,     0.0,     0.0,        ,        ,        ,        ,        ,        ,      
carsoge01, 1932,     1, MTL , NHL , D  , 48.0,  5.0,   2.0,   7.0,  53.0,      ,     ,     ,     ,     ,     ,    ,      ,    2.0,   0.0,   0.0,     0.0,     2.0,        ,        ,        ,        ,        ,        ,      
carsoge01, 1933,     1, MTL , NHL , D  , 48.0,  5.0,   1.0,   6.0,  51.0,      ,     ,     ,     ,     ,     ,    ,      ,    2.0,   0.0,   0.0,     0.0,     2.0,        ,        ,        ,        ,        ,        ,      
carsoge01, 1934,     1, MTL , NHL , D  , 48.0,  0.0,   5.0,   5.0,  56.0,      ,     ,     ,     ,     ,     ,    ,      ,    2.0,   0.0,   0.0,     0.0,     4.0,        ,        ,        ,        ,        ,        ,      
carsoge01, 1936,     1, MTM , NHL , D  , 42.0,  1.0,   3.0,   4.0,  28.0,      ,     ,     ,     ,     ,     ,    ,      ,    5.0,   0.0,   0.0,     0.0,     4.0,        ,        ,        ,        ,        ,        ,      
carsoji01, 1986,     1, LAK , NHL , C  , 80.0, 37.0,  42.0,  79.0,  22.0, -5.0 , 18.0,     ,  0.0,     ,  2.0, 0.0, 215.0,    5.0,   1.0,   2.0,     3.0,     6.0, -6.0   ,     0.0,        ,     0.0,        ,     0.0,    11.0
carsoji01, 1987,     1, LAK , NHL , C  , 80.0, 55.0,  52.0, 107.0,  45.0, -19.0, 22.0, 26.0,  0.0,  0.0,  7.0, 2.0, 264.0,    5.0,   5.0,   3.0,     8.0,     4.0, -2.0   ,     1.0,     1.0,     0.0,     0.0,     0.0,    16.0
carsoji01, 1988,     1, EDM , NHL , C  , 80.0, 49.0,  51.0, 100.0,  36.0, 3.0  , 19.0, 16.0,  0.0,  0.0,  5.0, 1.0, 240.0,    7.0,   2.0,   1.0,     3.0,     6.0, 0.0    ,     1.0,     1.0,     0.0,     0.0,     1.0,    15.0
carsoji01, 1989,     1, EDM , NHL , R  ,  4.0,  1.0,   2.0,   3.0,   0.0, -2.0 ,  1.0,     ,  0.0,  0.0,  0.0, 0.0,  11.0,       ,      ,      ,        ,        ,        ,        ,        ,        ,        ,        ,      
carsoji01, 1989,     2, DET , NHL , R  , 44.0, 20.0,  16.0,  36.0,   8.0, -6.0 , 10.0,     ,  0.0,  0.0,  1.0, 1.0, 127.0,       ,      ,      ,        ,        ,        ,        ,        ,        ,        ,        ,      
carsoji01, 1990,     1, DET , NHL , C  , 64.0, 21.0,  25.0,  46.0,  28.0, 3.0  ,  5.0,  8.0,  1.0,  0.0,  4.0, 2.0, 175.0,    7.0,   2.0,   1.0,     3.0,     4.0, -2.0   ,     0.0,     0.0,     0.0,     0.0,     1.0,     6.0
carsoji01, 1991,     1, DET , NHL , C  , 80.0, 34.0,  35.0,  69.0,  30.0, 17.0 , 11.0, 11.0,  0.0,  0.0,  3.0, 0.0, 150.0,   11.0,   2.0,   3.0,     5.0,     0.0, 0.0    ,     0.0,     1.0,     0.0,     0.0,     0.0,    20.0
carsoji01, 1992,     1, DET , NHL , C  , 52.0, 25.0,  26.0,  51.0,  18.0, 0.0  , 13.0, 11.0,  0.0,  0.0,  4.0, 0.0, 108.0,       ,      ,      ,        ,        ,        ,        ,        ,        ,        ,        ,      
carsoji01, 1992,     2, LAK , NHL , C  , 34.0, 12.0,  10.0,  22.0,  14.0, -2.0 ,  4.0,  2.0,  0.0,  0.0,  1.0, 0.0,  81.0,   18.0,   5.0,   4.0,     9.0,     2.0, 1.0    ,     2.0,     1.0,     0.0,     0.0,     0.0,    30.0
carsoji01, 1993,     1, LAK , NHL , C  , 25.0,  4.0,   7.0,  11.0,   2.0, -2.0 ,  1.0,  1.0,  0.0,  0.0,  0.0, 0.0,  47.0,       ,      ,      ,        ,        ,        ,        ,        ,        ,        ,        ,      
carsoji01, 1993,     2, VAN , NHL , C  , 34.0,  7.0,  10.0,  17.0,  22.0, -13.0,  2.0,  5.0,  0.0,  0.0,  1.0, 0.0,  82.0,    2.0,   0.0,   1.0,     1.0,     0.0, 1.0    ,     0.0,     0.0,     0.0,     0.0,     0.0,     2.0
carsoji01, 1994,     1, HAR , NHL , C  , 38.0,  9.0,  10.0,  19.0,  29.0, 5.0  ,  4.0,  2.0,  0.0,  0.0,  3.0, 0.0,  58.0,       ,      ,      ,        ,        ,        ,        ,        ,        ,        ,        ,      
carsoji01, 1995,     1, HAR , NHL , C  , 11.0,  1.0,   0.0,   1.0,   0.0, 1.0  ,  0.0,  0.0,  0.0,  0.0,  0.0, 0.0,   9.0,       ,      ,      ,        ,        ,        ,        ,        ,        ,        ,        ,      
carsoli01, 1981,     1, PHI , NHL , C  , 18.0,  0.0,   1.0,   1.0,  32.0, -15.0,  0.0,     ,  0.0,     ,  0.0, 0.0,  24.0,       ,      ,      ,        ,        ,        ,        ,        ,        ,        ,        ,      
carsoli01, 1982,     1, PHI , NHL , C  , 78.0, 18.0,  19.0,  37.0,  68.0, 20.0 ,  0.0,     ,  0.0,     ,  2.0, 0.0, 150.0,    1.0,   0.0,   0.0,     0.0,     0.0,        ,     0.0,        ,     0.0,        ,     0.0,      
carsoli01, 1983,     1, PHI , NHL , C  , 16.0,  1.0,   3.0,   4.0,  10.0, -7.0 ,  0.0,     ,  0.0,     ,  1.0, 0.0,  16.0,    1.0,   0.0,   0.0,     0.0,     5.0, -1.0   ,     0.0,        ,     0.0,        ,     0.0,     1.0
carsoli01, 1984,     1, PHI , NHL , C  , 77.0, 20.0,  19.0,  39.0, 123.0, 0.0  ,  1.0,     ,  0.0,     ,  1.0, 0.0, 120.0,   17.0,   0.0,   3.0,     3.0,    24.0, 0.0    ,     0.0,        ,     0.0,        ,     0.0,    15.0
carsoli01, 1985,     1, PHI , NHL , L  , 50.0,  9.0,  12.0,  21.0,  84.0, 10.0 ,  0.0,     ,  0.0,     ,  0.0, 0.0,  59.0,    1.0,   0.0,   0.0,     0.0,     5.0, 0.0    ,     0.0,        ,     0.0,        ,     0.0,     1.0
carsoli01, 1986,     1, PHI , NHL , L  , 71.0, 11.0,  15.0,  26.0, 141.0, -2.0 ,  0.0,     ,  1.0,     ,  2.0, 0.0, 100.0,   24.0,   3.0,   5.0,     8.0,    22.0, 3.0    ,     0.0,        ,     0.0,        ,     0.0,    39.0
carsoli01, 1987,     1, PHI , NHL , C  , 36.0,  2.0,   7.0,   9.0,  37.0, -4.0 ,  0.0,     ,  0.0,     ,  0.0, 0.0,  34.0,       ,      ,      ,        ,        ,        ,        ,        ,        ,        ,        ,      
carsoli01, 1987,     2, HAR , NHL , L  , 27.0,  5.0,   4.0,   9.0,  30.0, 0.0  ,  1.0,     ,  1.0,     ,  1.0, 0.0,  39.0,    5.0,   1.0,   2.0,     3.0,     0.0, 2.0    ,     0.0,     0.0,     0.0,     0.0,     0.0,     8.0
cartean01, 1996,     1, WAS , NHL , R  , 19.0,  3.0,   2.0,   5.0,   7.0, 0.0  ,  1.0,  0.0,  0.0,  0.0,  1.0, 0.0,  28.0,       ,      ,      ,        ,        ,        ,        ,        ,        ,        ,        ,      
cartean01, 1996,     2, BOS , NHL , R  , 19.0,  8.0,   5.0,  13.0,   2.0, -7.0 ,  1.0,  3.0,  1.0,  0.0,  1.0, 0.0,  51.0,       ,      ,      ,        ,        ,        ,        ,        ,        ,        ,        ,      
cartean01, 1997,     1, BOS , NHL , C  , 78.0, 16.0,  27.0,  43.0,  31.0, 7.0  ,  6.0,  6.0,  0.0,  0.0,  4.0, 0.0, 179.0,    6.0,   1.0,   1.0,     2.0,     0.0, -3.0   ,     0.0,     0.0,     0.0,     0.0,     0.0,    19.0
cartean01, 1998,     1, BOS , NHL , C  , 55.0, 24.0,  16.0,  40.0,  22.0, 7.0  ,  6.0,  3.0,  0.0,  0.0,  6.0, 0.0, 123.0,   12.0,   4.0,   3.0,     7.0,     0.0, -3.0   ,     1.0,     1.0,     0.0,     0.0,     1.0,    27.0
cartean01, 1999,     1, BOS , NHL , C  , 59.0, 22.0,  25.0,  47.0,  14.0, 8.0  ,  4.0,  9.0,  0.0,  0.0,  1.0, 1.0, 144.0,       ,      ,      ,        ,        ,        ,        ,        ,        ,        ,        ,      
cartean01, 2000,     1, EDM , NHL , L  , 61.0, 16.0,  26.0,  42.0,  23.0, 1.0  ,  7.0,  5.0,  1.0,  0.0,  4.0, 0.0, 102.0,    6.0,   3.0,   1.0,     4.0,     4.0, 1.0    ,     1.0,     1.0,     0.0,     0.0,     1.0,    13.0
cartean01, 2001,     1, EDM , NHL , R  , 82.0, 28.0,  32.0,  60.0,  25.0, 3.0  , 12.0, 14.0,  0.0,  0.0,  6.0, 0.0, 181.0,       ,      ,      ,        ,        ,        ,        ,        ,        ,        ,        ,      
cartean01, 2002,     1, EDM , NHL , R  , 68.0, 25.0,  30.0,  55.0,  20.0, -11.0, 10.0, 13.0,  0.0,  1.0,  1.0, 1.0, 176.0,       ,      ,      ,        ,        ,        ,        ,        ,        ,        ,        ,      
cartean01, 2002,     2, NYR , NHL , R  , 11.0,  1.0,   4.0,   5.0,   6.0, 0.0  ,  0.0,  0.0,  0.0,  0.0,  0.0, 0.0,  17.0,       ,      ,      ,        ,        ,        ,        ,        ,        ,        ,        ,      
cartean01, 2003,     1, NYR , NHL , R  , 43.0, 10.0,   7.0,  17.0,  14.0, -12.0,  4.0,  2.0,  1.0,  0.0,  2.0, 0.0,  63.0,       ,      ,      ,        ,        ,        ,        ,        ,        ,        ,        ,      
cartean01, 2003,     2, WAS , NHL , R  , 19.0,  5.0,   5.0,  10.0,   6.0, 2.0  ,  2.0,  2.0,  0.0,  0.0,  2.0, 0.0,  33.0,       ,      ,      ,        ,        ,        ,        ,        ,        ,        ,        ,      
cartean01, 2003,     3, LAK , NHL , R  , 15.0,  0.0,   1.0,   1.0,   0.0, -5.0 ,  0.0,  0.0,  0.0,  0.0,  0.0, 0.0,  18.0,       ,      ,      ,        ,        ,        ,        ,        ,        ,        ,        ,      
cartean01, 2005,     1, VAN , NHL , R  , 81.0, 33.0,  22.0,  55.0,  41.0, -1.0 , 15.0, 10.0,  0.0,  0.0,  7.0,    , 146.0,       ,      ,      ,        ,        ,        ,        ,        ,        ,        ,        ,      
cartean01, 2006,     1, CBS , NHL , R  , 54.0, 10.0,  17.0,  27.0,  16.0, -1.0 ,  3.0,  4.0,  0.0,  0.0,  1.0,    ,  62.0,       ,      ,      ,        ,        ,        ,        ,        ,        ,        ,        ,      
cartean01, 2006,     2, CAR , NHL , R  , 10.0,  1.0,   0.0,   1.0,   2.0, -3.0 ,  1.0,  0.0,  0.0,  0.0,  0.0,    ,   8.0,       ,      ,      ,        ,        ,        ,        ,        ,        ,        ,        ,      
cartebi01, 1957,     1, MTL , NHL , C  ,  1.0,  0.0,   0.0,   0.0,   0.0,      ,     ,     ,     ,     ,     ,    ,      ,       ,      ,      ,        ,        ,        ,        ,        ,        ,        ,        ,      
cartebi01, 1960,     1, BOS , NHL , C  ,  8.0,  0.0,   0.0,   0.0,   2.0,      ,     ,     ,     ,     ,     ,    ,      ,       ,      ,      ,        ,        ,        ,        ,        ,        ,        ,        ,      
cartebi01, 1961,     1, MTL , NHL , C  ,  7.0,  0.0,   0.0,   0.0,   4.0,      ,     ,     ,     ,     ,     ,    ,      ,       ,      ,      ,        ,        ,        ,        ,        ,        ,        ,        ,      
carteje01, 2005,     1, PHI , NHL , C  , 81.0, 23.0,  19.0,  42.0,  40.0, 10.0 ,  6.0,  7.0,  2.0,  0.0,  7.0,    , 189.0,    6.0,   0.0,   0.0,     0.0,    10.0, -4.0   ,     0.0,     0.0,     0.0,     0.0,     0.0,    10.0
carteje01, 2006,     1, PHI , NHL , C  , 62.0, 14.0,  23.0,  37.0,  48.0, -17.0,  3.0,  4.0,  2.0,  1.0,  1.0,    , 215.0,       ,      ,      ,        ,        ,        ,        ,        ,        ,        ,        ,      
carteje01, 2007,     1, PHI , NHL , C  , 82.0, 29.0,  24.0,  53.0,  55.0, 6.0  ,  7.0, 11.0,  2.0,  1.0,  5.0,    , 260.0,   17.0,   6.0,   5.0,    11.0,    12.0, 0.0    ,     3.0,     0.0,     0.0,     0.0,     1.0,    72.0
carteje01, 2008,     1, PHI , NHL , C  , 82.0, 46.0,  38.0,  84.0,  68.0, 23.0 , 13.0, 11.0,  4.0,  0.0, 12.0,    , 342.0,    6.0,   1.0,   0.0,     1.0,     8.0, -2.0   ,     0.0,     0.0,     0.0,     0.0,     0.0,    30.0
carteje01, 2009,     1, PHI , NHL , C  , 74.0, 33.0,  28.0,  61.0,  38.0, 2.0  , 11.0, 11.0,  2.0,  0.0,  6.0,    , 319.0,   12.0,   5.0,   2.0,     7.0,     2.0, -5.0   ,     2.0,     1.0,     0.0,     0.0,     1.0,    51.0
cartejo01, 1985,     1, BOS , NHL , L  ,  3.0,  0.0,   0.0,   0.0,   0.0, 0.0  ,  0.0,     ,  0.0,     ,  0.0, 0.0,   2.0,       ,      ,      ,        ,        ,        ,        ,        ,        ,        ,        ,      
cartejo01, 1986,     1, BOS , NHL , L  ,  8.0,  0.0,   1.0,   1.0,   0.0, 3.0  ,  0.0,     ,  0.0,     ,  0.0, 0.0,  12.0,       ,      ,      ,        ,        ,        ,        ,        ,        ,        ,        ,      
cartejo01, 1987,     1, BOS , NHL , L  ,  4.0,  0.0,   1.0,   1.0,   2.0, 3.0  ,  0.0,  0.0,  0.0,  0.0,  0.0, 0.0,   8.0,       ,      ,      ,        ,        ,        ,        ,        ,        ,        ,        ,      
cartejo01, 1988,     1, BOS , NHL , L  , 44.0, 12.0,  10.0,  22.0,  24.0, -1.0 ,  4.0,  3.0,  1.0,  0.0,  0.0, 0.0,  96.0,   10.0,   1.0,   2.0,     3.0,     6.0, 1.0    ,     0.0,     1.0,     0.0,     0.0,     0.0,    16.0
cartejo01, 1989,     1, BOS , NHL , L  , 76.0, 17.0,  22.0,  39.0,  26.0, 17.0 ,  2.0,  2.0,  1.0,  0.0,  1.0, 0.0, 142.0,   21.0,   6.0,   3.0,     9.0,    45.0, 0.0    ,     0.0,     1.0,     1.0,     0.0,     0.0,    47.0
cartejo01, 1990,     1, BOS , NHL , L  , 50.0,  4.0,   7.0,  11.0,  68.0, -13.0,  1.0,  0.0,  1.0,  1.0,  2.0, 0.0,  61.0,       ,      ,      ,        ,        ,        ,        ,        ,        ,        ,        ,      
cartejo01, 1991,     1, SJS , NHL , L  ,  4.0,  0.0,   0.0,   0.0,   0.0, -2.0 ,  0.0,  0.0,  0.0,  0.0,  0.0, 0.0,   5.0,       ,      ,      ,        ,        ,        ,        ,        ,        ,        ,        ,      
cartejo01, 1992,     1, SJS , NHL , L  , 55.0,  7.0,   9.0,  16.0,  81.0, -25.0,  0.0,  0.0,  1.0,  0.0,  0.0, 0.0, 110.0,       ,      ,      ,        ,        ,        ,        ,        ,        ,        ,        ,      
cartely01, 1971,     1, CLF , NHL , G  , 15.0,  0.0,   0.0,   0.0,   2.0, 0.0  ,  0.0,     ,  0.0,     ,  0.0, 0.0,   0.0,       ,      ,      ,        ,        ,        ,        ,        ,        ,        ,        ,      
cartero01, 1979,     1, EDM , NHL , R  ,  2.0,  0.0,   0.0,   0.0,   0.0, 0.0  ,  0.0,     ,  0.0,     ,  0.0, 0.0,   0.0,       ,      ,      ,        ,        ,        ,        ,        ,        ,        ,        ,      
cartery01, 2006,     1, AND , NHL , C  ,     ,     ,      ,      ,      ,      ,     ,     ,     ,     ,     ,    ,      ,    4.0,   0.0,   0.0,     0.0,     0.0, -1.0   ,     0.0,     0.0,     0.0,     0.0,     0.0,     0.0
cartery01, 2007,     1, AND , NHL , C  , 34.0,  4.0,   4.0,   8.0,  36.0, -2.0 ,  0.0,  0.0,  0.0,  0.0,  1.0,    ,  56.0,    6.0,   0.0,   0.0,     0.0,     6.0, -2.0   ,     0.0,     0.0,     0.0,     0.0,     0.0,     6.0
cartery01, 2008,     1, AND , NHL , C  , 48.0,  3.0,   6.0,   9.0,  52.0, 3.0  ,  0.0,  1.0,  0.0,  0.0,  1.0,    ,  40.0,   10.0,   2.0,   3.0,     5.0,     0.0, 0.0    ,     1.0,     0.0,     0.0,     0.0,     0.0,    18.0
cartery01, 2009,     1, AND , NHL , C  , 38.0,  4.0,   5.0,   9.0,  31.0, 0.0  ,  0.0,  0.0,  0.0,  1.0,  1.0,    ,  38.0,       ,      ,      ,        ,        ,        ,        ,        ,        ,        ,        ,      
cartije01, 1972,     1, QUN , WHA , D  , 15.0,  0.0,   3.0,   3.0,   8.0,      ,  0.0,     ,  0.0,     ,     ,    ,      ,       ,      ,      ,        ,        ,        ,        ,        ,        ,        ,        ,      
carvejo01, 1940,     1, DET , NHL , R  , 19.0,  2.0,   1.0,   3.0,   2.0,      ,     ,     ,     ,     ,     ,    ,      ,       ,      ,      ,        ,        ,        ,        ,        ,        ,        ,        ,      
carvejo01, 1941,     1, DET , NHL , R  , 29.0,  6.0,  11.0,  17.0,   2.0,      ,     ,     ,     ,     ,     ,    ,      ,    9.0,   4.0,   0.0,     4.0,     0.0,        ,        ,        ,        ,        ,        ,      
carvejo01, 1942,     1, DET , NHL , R  , 43.0, 18.0,  18.0,  36.0,   6.0,      ,     ,     ,     ,     ,     ,    ,      ,   10.0,   6.0,   2.0,     8.0,     4.0,        ,        ,        ,        ,        ,        ,      
carvejo01, 1943,     1, DET , NHL , R  , 46.0, 21.0,  35.0,  56.0,   6.0,      ,     ,     ,     ,     ,     ,    ,      ,    5.0,   2.0,   1.0,     3.0,     8.0,        ,        ,        ,        ,        ,        ,      
carvejo01, 1944,     1, DET , NHL , R  , 50.0, 26.0,  28.0,  54.0,   6.0,      ,     ,     ,     ,     ,     ,    ,      ,   14.0,   5.0,   6.0,    11.0,     2.0,        ,        ,        ,        ,        ,        ,      
carvejo01, 1945,     1, DET , NHL , R  , 48.0, 17.0,  18.0,  35.0,  10.0,      ,     ,     ,     ,     ,     ,    ,      ,    5.0,   0.0,   1.0,     1.0,     0.0,        ,        ,        ,        ,        ,        ,      
carvejo01, 1946,     1, BOS , NHL , R  , 51.0, 21.0,  15.0,  36.0,  18.0,      ,     ,     ,     ,     ,     ,    ,      ,    5.0,   2.0,   1.0,     3.0,     0.0,        ,        ,        ,        ,        ,        ,      
carvejo01, 1947,     1, BOS , NHL , R  , 22.0,  8.0,   9.0,  17.0,   2.0,      ,     ,     ,     ,     ,     ,    ,      ,       ,      ,      ,        ,        ,        ,        ,        ,        ,        ,        ,      
carvejo01, 1947,     2, MTL , NHL , R  , 35.0,  1.0,  10.0,  11.0,   6.0,      ,     ,     ,     ,     ,     ,    ,      ,       ,      ,      ,        ,        ,        ,        ,        ,        ,        ,        ,      
carvejo01, 1948,     1, MTL , NHL , R  , 60.0, 15.0,  22.0,  37.0,   8.0,      ,     ,     ,     ,     ,     ,    ,      ,    7.0,   0.0,   1.0,     1.0,     8.0,        ,        ,        ,        ,        ,        ,      
carvejo01, 1949,     1, MTL , NHL , R  , 11.0,  1.0,   1.0,   2.0,   4.0,      ,     ,     ,     ,     ,     ,    ,      ,       ,      ,      ,        ,        ,        ,        ,        ,        ,        ,        ,      
carvejo01, 1949,     2, DET , NHL , R  , 60.0, 13.0,  17.0,  30.0,  11.0,      ,     ,     ,     ,     ,     ,    ,      ,   14.0,   2.0,   4.0,     6.0,     6.0,        ,        ,        ,        ,        ,        ,      
carvejo01, 1950,     1, DET , NHL , R  , 30.0,  1.0,   4.0,   5.0,   0.0,      ,     ,     ,     ,     ,     ,    ,      ,       ,      ,      ,        ,        ,        ,        ,        ,        ,        ,        ,      
caseyjo01, 1983,     1, MNS , NHL , G  ,  2.0,  0.0,   0.0,   0.0,   0.0, 0.0  ,  0.0,     ,  0.0,     ,  0.0, 0.0,   0.0,       ,      ,      ,        ,        ,        ,        ,        ,        ,        ,        ,      
caseyjo01, 1985,     1, MNS , NHL , G  , 26.0,  0.0,   0.0,   0.0,   6.0, 0.0  ,  0.0,     ,  0.0,     ,  0.0, 0.0,   0.0,       ,      ,      ,        ,        ,        ,        ,        ,        ,        ,        ,      
caseyjo01, 1987,     1, MNS , NHL , G  , 14.0,  0.0,   0.0,   0.0,   2.0, 0.0  ,  0.0,  0.0,  0.0,  0.0,  0.0, 0.0,   0.0,       ,      ,      ,        ,        ,        ,        ,        ,        ,        ,        ,      
caseyjo01, 1988,     1, MNS , NHL , G  , 55.0,  0.0,   1.0,   1.0,  10.0, 0.0  ,  0.0,     ,  0.0,     ,  0.0, 0.0,   0.0,    4.0,   0.0,   0.0,     0.0,     2.0, 0.0    ,     0.0,     0.0,     0.0,     0.0,     0.0,     0.0
caseyjo01, 1989,     1, MNS , NHL , G  , 61.0,  0.0,   3.0,   3.0,  18.0, 0.0  ,  0.0,     ,  0.0,     ,  0.0, 0.0,   0.0,    7.0,   0.0,   0.0,     0.0,     8.0, 0.0    ,     0.0,     0.0,     0.0,     0.0,     0.0,     0.0
caseyjo01, 1990,     1, MNS , NHL , G  , 55.0,  0.0,   2.0,   2.0,  22.0, 0.0  ,  0.0,     ,  0.0,     ,  0.0, 0.0,   0.0,   23.0,   0.0,   1.0,     1.0,    12.0, 0.0    ,     0.0,        ,     0.0,        ,     0.0,     0.0
caseyjo01, 1991,     1, MNS , NHL , G  , 52.0,  0.0,   2.0,   2.0,  26.0, 0.0  ,  0.0,  0.0,  0.0,  0.0,  0.0, 0.0,   0.0,    7.0,   0.0,   0.0,     0.0,     0.0, 0.0    ,     0.0,     0.0,     0.0,     0.0,     0.0,     0.0
caseyjo01, 1992,     1, MNS , NHL , G  , 60.0,  0.0,   3.0,   3.0,  28.0, 0.0  ,  0.0,  2.0,  0.0,  0.0,  0.0, 0.0,   0.0,       ,      ,      ,        ,        ,        ,        ,        ,        ,        ,        ,      
caseyjo01, 1993,     1, BOS , NHL , G  , 57.0,  0.0,   2.0,   2.0,  14.0, 0.0  ,  0.0,  1.0,  0.0,  0.0,  0.0, 0.0,   0.0,   11.0,   0.0,   0.0,     0.0,     0.0, 0.0    ,     0.0,     0.0,     0.0,     0.0,     0.0,     0.0
caseyjo01, 1994,     1, STL , NHL , G  , 19.0,  0.0,   0.0,   0.0,   0.0, 0.0  ,  0.0,  0.0,  0.0,  0.0,  0.0, 0.0,   0.0,    2.0,   0.0,   0.0,     0.0,     0.0, 0.0    ,     0.0,     0.0,     0.0,     0.0,     0.0,     0.0
caseyjo01, 1995,     1, STL , NHL , G  ,  9.0,  0.0,   0.0,   0.0,   0.0, 0.0  ,  0.0,  0.0,  0.0,  0.0,  0.0, 0.0,   0.0,   12.0,   0.0,   2.0,     2.0,     8.0, 0.0    ,     0.0,        ,     0.0,        ,     0.0,     0.0
caseyjo01, 1996,     1, STL , NHL , G  , 15.0,  0.0,   0.0,   0.0,   0.0, 0.0  ,  0.0,  0.0,  0.0,  0.0,  0.0, 0.0,   0.0,       ,      ,      ,        ,        ,        ,        ,        ,        ,        ,        ,      
cashmwa01, 1964,     1, BOS , NHL , L  ,  1.0,  0.0,   0.0,   0.0,   0.0,      ,  0.0,     ,  0.0,     ,  0.0, 0.0,      ,       ,      ,      ,        ,        ,        ,        ,        ,        ,        ,        ,      
cashmwa01, 1967,     1, BOS , NHL , L  , 12.0,  0.0,   4.0,   4.0,   2.0, -5.0 ,  0.0,     ,  0.0,     ,  0.0, 0.0,  12.0,    1.0,   0.0,   0.0,     0.0,     0.0,        ,     0.0,        ,     0.0,        ,     0.0,      
cashmwa01, 1968,     1, BOS , NHL , L  , 51.0,  8.0,  23.0,  31.0,  49.0, 19.0 ,  1.0,     ,  0.0,     ,  1.0, 0.0,  66.0,    6.0,   0.0,   1.0,     1.0,     0.0,        ,     0.0,        ,     0.0,        ,     0.0,      
cashmwa01, 1969,     1, BOS , NHL , L  , 70.0,  9.0,  26.0,  35.0,  79.0, 22.0 ,  0.0,     ,  0.0,     ,  1.0, 1.0, 104.0,   14.0,   5.0,   4.0,     9.0,    50.0,        ,     0.0,        ,     0.0,        ,     2.0,      
cashmwa01, 1970,     1, BOS , NHL , L  , 77.0, 21.0,  58.0,  79.0, 100.0, 59.0 ,  4.0,     ,  0.0,     ,  3.0, 0.0, 175.0,    7.0,   3.0,   2.0,     5.0,    15.0,        ,     0.0,        ,     0.0,        ,     1.0,      
cashmwa01, 1971,     1, BOS , NHL , L  , 74.0, 23.0,  29.0,  52.0, 103.0, 42.0 ,  1.0,     ,  0.0,     ,  3.0, 1.0, 150.0,   15.0,   4.0,   7.0,    11.0,    42.0,        ,     1.0,        ,     0.0,        ,     0.0,      
cashmwa01, 1972,     1, BOS , NHL , L  , 76.0, 29.0,  39.0,  68.0, 100.0, 5.0  ,  6.0,     ,  0.0,     ,  3.0, 0.0, 169.0,    5.0,   1.0,   1.0,     2.0,     4.0,        ,     0.0,        ,     0.0,        ,     0.0,      
cashmwa01, 1973,     1, BOS , NHL , L  , 78.0, 30.0,  59.0,  89.0, 111.0, 49.0 ,  5.0,     ,  2.0,     ,  2.0, 0.0, 156.0,   16.0,   5.0,   9.0,    14.0,    46.0,        ,     1.0,        ,     0.0,        ,     1.0,      
cashmwa01, 1974,     1, BOS , NHL , L  , 42.0, 11.0,  22.0,  33.0,  24.0, 7.0  ,  2.0,     ,  0.0,     ,  3.0, 0.0,  75.0,    1.0,   0.0,   2.0,     2.0,     0.0,        ,     0.0,        ,     0.0,        ,     0.0,      
cashmwa01, 1975,     1, BOS , NHL , L  , 80.0, 28.0,  43.0,  71.0,  87.0, 30.0 ,  9.0,     ,  0.0,     ,  6.0, 4.0, 169.0,   11.0,   1.0,   5.0,     6.0,    16.0,        ,     0.0,        ,     0.0,        ,     0.0,      
cashmwa01, 1976,     1, BOS , NHL , L  , 65.0, 15.0,  37.0,  52.0,  76.0, 4.0  ,  3.0,     ,  0.0,     ,  3.0, 1.0, 105.0,   14.0,   1.0,   8.0,     9.0,    18.0,        ,     0.0,        ,     0.0,        ,     0.0,      
cashmwa01, 1977,     1, BOS , NHL , L  , 76.0, 24.0,  38.0,  62.0,  69.0, 34.0 ,  1.0,     ,  0.0,     ,  2.0, 0.0, 134.0,   15.0,   4.0,   6.0,    10.0,    13.0,        ,     3.0,        ,     0.0,        ,     2.0,      
cashmwa01, 1978,     1, BOS , NHL , L  , 75.0, 27.0,  40.0,  67.0,  63.0, 16.0 , 10.0,     ,  0.0,     ,  4.0, 0.0, 133.0,   10.0,   4.0,   5.0,     9.0,     8.0,        ,     1.0,        ,     0.0,        ,     1.0,      
cashmwa01, 1979,     1, BOS , NHL , L  , 44.0, 11.0,  21.0,  32.0,  19.0, -3.0 ,  3.0,     ,  1.0,     ,  2.0, 0.0,  60.0,   10.0,   3.0,   3.0,     6.0,    32.0,        ,     1.0,        ,     0.0,        ,     0.0,      
cashmwa01, 1980,     1, BOS , NHL , L  , 77.0, 25.0,  35.0,  60.0,  80.0, 17.0 ,  7.0,     ,  0.0,     ,  2.0, 1.0, 111.0,    3.0,   0.0,   1.0,     1.0,     0.0,        ,     0.0,        ,     0.0,        ,     0.0,      
cashmwa01, 1981,     1, BOS , NHL , L  , 64.0, 12.0,  31.0,  43.0,  59.0, -17.0,  3.0,     ,  0.0,     ,  1.0, 0.0,  90.0,    9.0,   0.0,   2.0,     2.0,     6.0,        ,     0.0,        ,     0.0,        ,     0.0,      
cashmwa01, 1982,     1, BOS , NHL , L  , 65.0,  4.0,  11.0,  15.0,  20.0, 2.0  ,  1.0,     ,  0.0,     ,  1.0, 1.0,  36.0,    8.0,   0.0,   1.0,     1.0,     0.0,        ,     0.0,        ,     0.0,        ,     0.0,      
cassean01, 1989,     1, MTL , NHL , C  ,  6.0,  2.0,   0.0,   2.0,   2.0, 1.0  ,  0.0,  0.0,  0.0,  0.0,  1.0, 0.0,   5.0,       ,      ,      ,        ,        ,        ,        ,        ,        ,        ,        ,      
cassean01, 1990,     1, MTL , NHL , L  , 54.0,  6.0,  19.0,  25.0,  20.0, 2.0  ,  1.0,  4.0,  0.0,  0.0,  3.0, 1.0,  55.0,    8.0,   0.0,   2.0,     2.0,     2.0, -3.0   ,     0.0,     2.0,     0.0,     0.0,     0.0,     5.0
cassean01, 1991,     1, HAR , NHL , C  , 67.0, 11.0,  30.0,  41.0,  18.0, 3.0  ,  2.0,  9.0,  2.0,  3.0,  3.0, 0.0,  99.0,    7.0,   2.0,   4.0,     6.0,     6.0, -1.0   ,     1.0,     1.0,     0.0,     1.0,     0.0,    10.0
cassean01, 1992,     1, HAR , NHL , C  , 84.0, 21.0,  64.0,  85.0,  62.0, -11.0,  8.0, 30.0,  3.0,  4.0,  1.0, 0.0, 134.0,       ,      ,      ,        ,        ,        ,        ,        ,        ,        ,        ,      
cassean01, 1993,     1, HAR , NHL , C  , 79.0, 16.0,  42.0,  58.0,  37.0, -21.0,  8.0, 18.0,  1.0,  3.0,  3.0, 0.0, 126.0,       ,      ,      ,        ,        ,        ,        ,        ,        ,        ,        ,      
cassean01, 1994,     1, HAR , NHL , C  , 46.0,  7.0,  30.0,  37.0,  18.0, -3.0 ,  1.0,  8.0,  0.0,  0.0,  1.0, 0.0,  74.0,       ,      ,      ,        ,        ,        ,        ,        ,        ,        ,        ,      
cassean01, 1995,     1, HAR , NHL , C  , 81.0, 20.0,  43.0,  63.0,  39.0, 8.0  ,  6.0, 17.0,  0.0,  2.0,  1.0, 2.0, 135.0,       ,      ,      ,        ,        ,        ,        ,        ,        ,        ,        ,      
cassean01, 1996,     1, HAR , NHL , C  , 81.0, 22.0,  44.0,  66.0,  46.0, -16.0,  8.0, 14.0,  0.0,  2.0,  2.0, 0.0, 142.0,       ,      ,      ,        ,        ,        ,        ,        ,        ,        ,        ,      
cassean01, 1997,     1, CAL , NHL , C  , 81.0, 17.0,  27.0,  44.0,  32.0, -7.0 ,  6.0,  6.0,  1.0,  4.0,  2.0, 1.0, 138.0,       ,      ,      ,        ,        ,        ,        ,        ,        ,        ,        ,      
cassean01, 1998,     1, CAL , NHL , C  , 70.0, 12.0,  25.0,  37.0,  18.0, -12.0,  4.0, 11.0,  1.0,  3.0,  3.0, 0.0,  97.0,       ,      ,      ,        ,        ,        ,        ,        ,        ,        ,        ,      
cassean01, 1999,     1, VAN , NHL , C  , 79.0, 17.0,  45.0,  62.0,  16.0, 8.0  ,  6.0, 17.0,  0.0,  1.0,  1.0, 0.0, 109.0,       ,      ,      ,        ,        ,        ,        ,        ,        ,        ,        ,      
cassean01, 2000,     1, VAN , NHL , C  , 66.0, 12.0,  44.0,  56.0,  10.0, 1.0  ,  2.0, 19.0,  0.0,  2.0,  1.0, 0.0, 104.0,       ,      ,      ,        ,        ,        ,        ,        ,        ,        ,        ,      
cassean01, 2001,     1, VAN , NHL , C  , 53.0, 11.0,  39.0,  50.0,  22.0, 5.0  ,  7.0, 17.0,  0.0,  0.0,  1.0, 0.0,  64.0,    6.0,   2.0,   1.0,     3.0,     0.0, -4.0   ,     1.0,     1.0,     0.0,     0.0,     0.0,    12.0
cassean01, 2002,     1, CBS , NHL , C  , 79.0, 20.0,  48.0,  68.0,  30.0, -4.0 ,  9.0, 25.0,  1.0,  2.0,  5.0, 0.0, 113.0,       ,      ,      ,        ,        ,        ,        ,        ,        ,        ,        ,      
cassean01, 2003,     1, CBS , NHL , C  , 58.0,  6.0,  20.0,  26.0,  26.0, -24.0,  2.0, 13.0,  0.0,  1.0,  0.0, 1.0,  91.0,       ,      ,      ,        ,        ,        ,        ,        ,        ,        ,        ,      
cassean01, 2005,     1, WAS , NHL , C  , 31.0,  4.0,   8.0,  12.0,  14.0, -3.0 ,  2.0,  4.0,  0.0,  0.0,  0.0,    ,  29.0,       ,      ,      ,        ,        ,        ,        ,        ,        ,        ,        ,      
cassemi01, 1995,     1, FLO , NHL , C  ,  3.0,  0.0,   0.0,   0.0,   0.0, -1.0 ,  0.0,  0.0,  0.0,  0.0,  0.0, 0.0,   2.0,       ,      ,      ,        ,        ,        ,        ,        ,        ,        ,        ,      
cassibr01, 1983,     1, CHI , NHL , D  ,  1.0,  0.0,   0.0,   0.0,   0.0, 0.0  ,  0.0,     ,  0.0,     ,  0.0, 0.0,   1.0,       ,      ,      ,        ,        ,        ,        ,        ,        ,        ,        ,      
cassibr01, 1985,     1, CHI , NHL , D  ,  1.0,  0.0,   0.0,   0.0,   0.0, 0.0  ,  0.0,     ,  0.0,     ,  0.0, 0.0,   2.0,       ,      ,      ,        ,        ,        ,        ,        ,        ,        ,        ,      
cassibr01, 1986,     1, CHI , NHL , D  ,  2.0,  0.0,   0.0,   0.0,   0.0, -1.0 ,  0.0,     ,  0.0,     ,  0.0, 0.0,   0.0,       ,      ,      ,        ,        ,        ,        ,        ,        ,        ,        ,      
cassibr01, 1987,     1, CHI , NHL , D  , 21.0,  3.0,  10.0,  13.0,   6.0, -3.0 ,  2.0,  5.0,  0.0,  0.0,  0.0, 0.0,  46.0,       ,      ,      ,        ,        ,        ,        ,        ,        ,        ,        ,      
cassibr01, 1988,     1, CHI , NHL , D  ,  9.0,  0.0,   2.0,   2.0,   4.0, -5.0 ,  0.0,  2.0,  0.0,  0.0,  0.0, 0.0,  12.0,    1.0,   0.0,   0.0,     0.0,     0.0, 0.0    ,     0.0,     0.0,     0.0,     0.0,     0.0,     1.0
cassibr01, 1989,     1, CHI , NHL , D  ,  2.0,  1.0,   1.0,   2.0,   0.0, -1.0 ,  1.0,  0.0,  0.0,  0.0,  0.0, 0.0,   3.0,       ,      ,      ,        ,        ,        ,        ,        ,        ,        ,        ,      
cassifr01, 2001,     1, ATL , NHL , G  ,  6.0,  0.0,   0.0,   0.0,   0.0, 0.0  ,  0.0,  0.0,  0.0,  0.0,  0.0, 0.0,   0.0,       ,      ,      ,        ,        ,        ,        ,        ,        ,        ,        ,      
cassifr01, 2002,     1, ATL , NHL , G  ,  2.0,  0.0,   0.0,   0.0,   0.0, 0.0  ,  0.0,  0.0,  0.0,  0.0,  0.0, 0.0,   0.0,       ,      ,      ,        ,        ,        ,        ,        ,        ,        ,        ,      
cassifr01, 2005,     1, WAS , NHL , G  ,  1.0,  0.0,   0.0,   0.0,   0.0, 0.0  ,  0.0,  0.0,  0.0,  0.0,  0.0,    ,   0.0,       ,      ,      ,        ,        ,        ,        ,        ,        ,        ,        ,      
cassifr01, 2006,     1, WAS , NHL , G  ,  4.0,  0.0,   0.0,   0.0,   0.0, 0.0  ,  0.0,  0.0,  0.0,  0.0,  0.0,    ,   0.0,       ,      ,      ,        ,        ,        ,        ,        ,        ,        ,        ,      
cassito01, 1977,     1, PIT , NHL , C  , 26.0,  3.0,   4.0,   7.0,  15.0, -4.0 ,  0.0,     ,  0.0,     ,  0.0, 0.0,  16.0,       ,      ,      ,        ,        ,        ,        ,        ,        ,        ,        ,      
cassoto01, 1976,     1, SDM , WHA , R  , 43.0, 13.0,  12.0,  25.0,  26.0, 9.0  ,  2.0,     ,  0.0,     ,     ,    ,  54.0,    3.0,   0.0,   0.0,     0.0,     4.0, -4.0   ,     0.0,        ,     0.0,        ,     0.0,      
cassoto01, 1977,     1, BIR , WHA , R  , 77.0, 18.0,  25.0,  43.0,  59.0, -3.0 ,  4.0,     ,  0.0,     ,     ,    , 124.0,    4.0,   0.0,   0.0,     0.0,     4.0, -2.0   ,        ,        ,        ,        ,     0.0,      
cassoto01, 1978,     1, BIR , WHA , R  , 64.0, 13.0,   7.0,  20.0,  62.0, 1.0  ,  2.0,     ,  0.0,     ,     ,    ,  66.0,       ,      ,      ,        ,        ,        ,        ,        ,        ,        ,        ,      
cassoto01, 1979,     1, WAS , NHL , R  ,  9.0,  0.0,   2.0,   2.0,   0.0, 2.0  ,  0.0,     ,  0.0,     ,  0.0, 0.0,   6.0,       ,      ,      ,        ,        ,        ,        ,        ,        ,        ,        ,      
cassoto01, 1980,     1, WAS , NHL , R  ,  2.0,  0.0,   0.0,   0.0,   0.0, 0.0  ,  0.0,     ,  0.0,     ,  0.0, 0.0,   1.0,       ,      ,      ,        ,        ,        ,        ,        ,        ,        ,        ,      
cassoto01, 1981,     1, WAS , NHL , R  , 12.0,  1.0,   4.0,   5.0,   4.0, 1.0  ,  0.0,     ,  0.0,     ,  0.0, 0.0,  15.0,       ,      ,      ,        ,        ,        ,        ,        ,        ,        ,        ,      
cattajo01, 1909,     1, LES , NHA , G  ,  4.0,  0.0,   0.0,   0.0,   0.0,      ,     ,     ,     ,     ,     ,    ,      ,       ,      ,      ,        ,        ,        ,        ,        ,        ,        ,        ,      
caufija01, 1986,     1, NYR , NHL , D  , 13.0,  2.0,   1.0,   3.0,  45.0, -2.0 ,  0.0,     ,  0.0,     ,  0.0, 0.0,   8.0,    3.0,   0.0,   0.0,     0.0,    12.0, 0.0    ,     0.0,        ,     0.0,        ,     0.0,     1.0
caufija01, 1987,     1, MNS , NHL , D  ,  1.0,  0.0,   0.0,   0.0,   0.0, 0.0  ,  0.0,  0.0,  0.0,  0.0,  0.0, 0.0,   0.0,       ,      ,      ,        ,        ,        ,        ,        ,        ,        ,        ,      
caufija01, 1988,     1, PIT , NHL , R  , 58.0,  1.0,   4.0,   5.0, 285.0, -4.0 ,  0.0,  0.0,  0.0,  0.0,  0.0, 0.0,  10.0,    9.0,   0.0,   0.0,     0.0,    28.0, -2.0   ,     0.0,     0.0,     0.0,     0.0,     0.0,     0.0
caufija01, 1989,     1, PIT , NHL , R  , 37.0,  1.0,   2.0,   3.0, 123.0, 0.0  ,  0.0,  0.0,  0.0,  0.0,  0.0, 0.0,   6.0,       ,      ,      ,        ,        ,        ,        ,        ,        ,        ,        ,      
caufija01, 1990,     1, PIT , NHL , R  , 23.0,  1.0,   1.0,   2.0,  71.0, -2.0 ,  0.0,  0.0,  0.0,  0.0,  1.0, 0.0,   5.0,       ,      ,      ,        ,        ,        ,        ,        ,        ,        ,        ,      
caufija01, 1991,     1, PIT , NHL , R  , 50.0,  0.0,   0.0,   0.0, 175.0, -6.0 ,  0.0,  0.0,  0.0,  0.0,  0.0, 0.0,  16.0,    5.0,   0.0,   0.0,     0.0,     2.0, 0.0    ,     0.0,     0.0,     0.0,     0.0,     0.0,     1.0
caufija01, 1992,     1, PIT , NHL , R  , 26.0,  0.0,   0.0,   0.0,  60.0, -1.0 ,  0.0,  0.0,  0.0,  0.0,  0.0, 0.0,   6.0,       ,      ,      ,        ,        ,        ,        ,        ,        ,        ,        ,      
cavalgi01, 1984,     1, CAL , NHL , L  , 27.0,  6.0,  10.0,  16.0,  14.0, 11.0 ,  1.0,     ,  0.0,     ,  0.0, 0.0,  44.0,    3.0,   0.0,   0.0,     0.0,     4.0, -4.0   ,     0.0,        ,     0.0,        ,     0.0,     3.0
cavalgi01, 1985,     1, CAL , NHL , L  , 27.0,  7.0,   7.0,  14.0,  26.0, -7.0 ,  4.0,     ,  0.0,     ,  0.0, 0.0,  51.0,       ,      ,      ,        ,        ,        ,        ,        ,        ,        ,        ,      
cavalgi01, 1985,     2, STL , NHL , L  , 30.0,  6.0,   5.0,  11.0,  36.0, -2.0 ,  1.0,     ,  0.0,     ,  0.0, 0.0,  44.0,   17.0,   4.0,   5.0,     9.0,    10.0, 8.0    ,     0.0,        ,     0.0,        ,     2.0,    28.0
cavalgi01, 1986,     1, STL , NHL , L  , 80.0, 18.0,  26.0,  44.0,  54.0, 4.0  ,  4.0,     ,  0.0,     ,  2.0, 0.0, 161.0,    6.0,   3.0,   1.0,     4.0,     2.0, 0.0    ,     1.0,        ,     0.0,        ,     1.0,    15.0
cavalgi01, 1987,     1, STL , NHL , L  , 64.0, 15.0,  17.0,  32.0,  62.0, -4.0 ,  2.0,  2.0,  1.0,  0.0,  3.0, 0.0, 131.0,   10.0,   5.0,   5.0,    10.0,    19.0, 3.0    ,     2.0,     2.0,     0.0,     0.0,     0.0,    17.0
cavalgi01, 1988,     1, STL , NHL , L  , 74.0, 20.0,  23.0,  43.0,  79.0, 2.0  ,  1.0,  4.0,  0.0,  0.0,  4.0, 1.0, 153.0,    9.0,   0.0,   2.0,     2.0,    17.0, 2.0    ,     0.0,     0.0,     0.0,     0.0,     0.0,    13.0
cavalgi01, 1989,     1, STL , NHL , L  , 80.0, 15.0,  15.0,  30.0,  77.0, -8.0 ,  1.0,  1.0,  0.0,  0.0,  4.0, 0.0, 134.0,   12.0,   1.0,   3.0,     4.0,     2.0, -4.0   ,     0.0,     1.0,     0.0,     0.0,     1.0,    15.0
cavalgi01, 1990,     1, STL , NHL , L  , 78.0,  8.0,  27.0,  35.0,  81.0, 4.0  ,  3.0,  3.0,  0.0,  0.0,  2.0, 0.0, 131.0,   13.0,   1.0,   3.0,     4.0,     2.0, 2.0    ,     0.0,     0.0,     0.0,     0.0,     0.0,    29.0
cavalgi01, 1991,     1, STL , NHL , L  , 48.0,  9.0,   7.0,  16.0,  40.0, -8.0 ,  0.0,  1.0,  0.0,  0.0,  2.0, 1.0,  72.0,       ,      ,      ,        ,        ,        ,        ,        ,        ,        ,        ,      
cavalgi01, 1991,     2, QUE , NHL , L  , 18.0,  1.0,   7.0,   8.0,   4.0, -1.0 ,  0.0,  5.0,  0.0,  0.0,  0.0, 0.0,  39.0,       ,      ,      ,        ,        ,        ,        ,        ,        ,        ,        ,      
cavalgi01, 1992,     1, QUE , NHL , L  , 67.0,  9.0,  15.0,  24.0,  34.0, 10.0 ,  0.0,  0.0,  0.0,  0.0,  0.0, 0.0,  71.0,    4.0,   0.0,   0.0,     0.0,     0.0, -1.0   ,     0.0,     0.0,     0.0,     0.0,     0.0,     2.0
cavalpa01, 1986,     1, WAS , NHL , D  ,  6.0,  0.0,   2.0,   2.0,   8.0, -4.0 ,  0.0,     ,  0.0,     ,  0.0, 0.0,   6.0,       ,      ,      ,        ,        ,        ,        ,        ,        ,        ,        ,      
cavalpa01, 1987,     1, WAS , NHL , D  , 24.0,  2.0,   3.0,   5.0,  66.0, 0.0  ,  0.0,  0.0,  0.0,  0.0,  1.0, 0.0,  18.0,       ,      ,      ,        ,        ,        ,        ,        ,        ,        ,        ,      
cavalpa01, 1987,     2, STL , NHL , D  , 48.0,  4.0,   7.0,  11.0,  86.0, 7.0  ,  1.0,  0.0,  0.0,  0.0,  0.0, 0.0,  53.0,   10.0,   1.0,   6.0,     7.0,    26.0, 5.0    ,     0.0,     3.0,     1.0,     0.0,     0.0,    12.0
cavalpa01, 1988,     1, STL , NHL , D  , 65.0,  4.0,  20.0,  24.0, 128.0, 25.0 ,  0.0,  5.0,  0.0,  0.0,  0.0, 0.0,  93.0,   10.0,   2.0,   2.0,     4.0,    14.0, 0.0    ,     0.0,     0.0,     0.0,     0.0,     0.0,    20.0
cavalpa01, 1989,     1, STL , NHL , D  , 80.0,  8.0,  39.0,  47.0, 106.0, 38.0 ,  2.0, 10.0,  1.0,  1.0,  0.0, 0.0, 135.0,   12.0,   2.0,   3.0,     5.0,    20.0, 4.0    ,     0.0,     2.0,     0.0,     0.0,     0.0,    13.0
cavalpa01, 1990,     1, STL , NHL , D  , 67.0, 10.0,  25.0,  35.0,  89.0, 19.0 ,  3.0,  4.0,  0.0,  1.0,  0.0, 0.0, 116.0,   13.0,   2.0,   3.0,     5.0,    20.0, 0.0    ,     1.0,     1.0,     0.0,     0.0,     0.0,    33.0
cavalpa01, 1991,     1, STL , NHL , D  , 66.0, 10.0,  25.0,  35.0,  95.0, 7.0  ,  3.0,  8.0,  1.0,  3.0,  2.0, 1.0, 164.0,    4.0,   0.0,   1.0,     1.0,     6.0, 0.0    ,     0.0,     0.0,     0.0,     0.0,     0.0,     6.0
cavalpa01, 1992,     1, STL , NHL , D  , 11.0,  1.0,   4.0,   5.0,  10.0, 3.0  ,  1.0,  1.0,  0.0,  0.0,  0.0, 0.0,  22.0,       ,      ,      ,        ,        ,        ,        ,        ,        ,        ,        ,      
cavalpa01, 1992,     2, WAS , NHL , D  , 71.0,  5.0,   8.0,  13.0,  46.0, 3.0  ,  0.0,  0.0,  0.0,  0.0,  0.0, 0.0,  77.0,    6.0,   0.0,   2.0,     2.0,    18.0, -1.0   ,     0.0,     0.0,     0.0,     0.0,     0.0,     5.0
cavalpa01, 1993,     1, DAL , NHL , D  , 74.0, 11.0,  33.0,  44.0,  82.0, 13.0 ,  6.0, 10.0,  0.0,  2.0,  3.0, 0.0, 145.0,    9.0,   1.0,   8.0,     9.0,     4.0, -4.0   ,     1.0,     6.0,     0.0,     0.0,     1.0,    20.0
cavalpa01, 1994,     1, DAL , NHL , D  , 44.0,  1.0,  11.0,  12.0,  28.0, 8.0  ,  0.0,  3.0,  0.0,  1.0,  0.0, 0.0,  69.0,    5.0,   0.0,   2.0,     2.0,     6.0, 2.0    ,     0.0,     0.0,     0.0,     0.0,     0.0,     8.0
cavalpa01, 1995,     1, DAL , NHL , D  ,  8.0,  0.0,   0.0,   0.0,   6.0, -3.0 ,  0.0,  0.0,  0.0,  0.0,  0.0, 0.0,   5.0,       ,      ,      ,        ,        ,        ,        ,        ,        ,        ,        ,      
cavanto01, 2007,     1, SJS , NHL , C  ,  1.0,  0.0,   1.0,   1.0,   0.0, 1.0  ,  0.0,  0.0,  0.0,  0.0,  0.0,    ,   0.0,       ,      ,      ,        ,        ,        ,        ,        ,        ,        ,        ,      
cavanto01, 2008,     1, SJS , NHL , C  , 17.0,  1.0,   1.0,   2.0,   4.0, -2.0 ,  0.0,  0.0,  0.0,  0.0,  0.0,    ,   9.0,       ,      ,      ,        ,        ,        ,        ,        ,        ,        ,        ,      
cechmro01, 2000,     1, PHI , NHL , G  , 59.0,  0.0,   1.0,   1.0,   4.0, 0.0  ,  0.0,  0.0,  0.0,  0.0,  0.0, 0.0,   0.0,    6.0,   0.0,   0.0,     0.0,     0.0, 0.0    ,     0.0,     0.0,     0.0,     0.0,     0.0,     0.0
cechmro01, 2001,     1, PHI , NHL , G  , 46.0,  0.0,   0.0,   0.0,  10.0, 0.0  ,  0.0,  0.0,  0.0,  0.0,  0.0, 0.0,   0.0,    4.0,   0.0,   0.0,     0.0,     0.0, 0.0    ,     0.0,     0.0,     0.0,     0.0,     0.0,     0.0
cechmro01, 2002,     1, PHI , NHL , G  , 58.0,  0.0,   0.0,   0.0,   8.0, 0.0  ,  0.0,  0.0,  0.0,  0.0,  0.0, 0.0,   0.0,   13.0,   0.0,   0.0,     0.0,     0.0, 0.0    ,     0.0,     0.0,     0.0,     0.0,     0.0,     0.0
cechmro01, 2003,     1, LAK , NHL , G  , 49.0,  0.0,   0.0,   0.0,   2.0, 0.0  ,  0.0,  0.0,  0.0,  0.0,  0.0, 0.0,   0.0,       ,      ,      ,        ,        ,        ,        ,        ,        ,        ,        ,      
centose01, 2001,     1, TOR , NHL , G  ,  1.0,  0.0,   0.0,   0.0,   0.0, 0.0  ,  0.0,  0.0,  0.0,  0.0,  0.0, 0.0,   0.0,       ,      ,      ,        ,        ,        ,        ,        ,        ,        ,        ,      
ceresra01, 1948,     1, TOR , NHL , R  , 12.0,  1.0,   1.0,   2.0,   2.0,      ,     ,     ,     ,     ,     ,    ,      ,       ,      ,      ,        ,        ,        ,        ,        ,        ,        ,        ,      
cernifr01, 1977,     1, CZE , WHA , R  ,  8.0,  4.0,   3.0,   7.0,   4.0,      ,  2.0,     ,  1.0,     ,  0.0,    ,      ,       ,      ,      ,        ,        ,        ,        ,        ,        ,        ,        ,      
cernifr01, 1984,     1, DET , NHL , L  , 49.0,  5.0,   4.0,   9.0,  13.0, -7.0 ,  0.0,     ,  0.0,     ,  0.0, 0.0,  50.0,       ,      ,      ,        ,        ,        ,        ,        ,        ,        ,        ,      
chabofr01, 1990,     1, MTL , NHL , G  ,  3.0,  0.0,   0.0,   0.0,   0.0, 0.0  ,  0.0,  0.0,  0.0,  0.0,  0.0, 0.0,   0.0,       ,      ,      ,        ,        ,        ,        ,        ,        ,        ,        ,      
chabofr01, 1992,     1, MTL , NHL , G  ,  1.0,  0.0,   0.0,   0.0,   0.0, 0.0  ,  0.0,  0.0,  0.0,  0.0,  0.0, 0.0,   0.0,       ,      ,      ,        ,        ,        ,        ,        ,        ,        ,        ,      
chabofr01, 1993,     1, MTL , NHL , G  ,  1.0,  0.0,   0.0,   0.0,   0.0, 0.0  ,  0.0,  0.0,  0.0,  0.0,  0.0, 0.0,   0.0,       ,      ,      ,        ,        ,        ,        ,        ,        ,        ,        ,      
chabofr01, 1993,     2, PHI , NHL , G  ,  4.0,  0.0,   0.0,   0.0,   0.0, 0.0  ,  0.0,  0.0,  0.0,  0.0,  0.0, 0.0,   0.0,       ,      ,      ,        ,        ,        ,        ,        ,        ,        ,        ,      
chabofr01, 1997,     1, LAK , NHL , G  , 12.0,  0.0,   0.0,   0.0,   0.0, 0.0  ,  0.0,  0.0,  0.0,  0.0,  0.0, 0.0,   0.0,       ,      ,      ,        ,        ,        ,        ,        ,        ,        ,        ,      
chabofr01, 1998,     1, MTL , NHL , G  , 11.0,  0.0,   0.0,   0.0,   2.0, 0.0  ,  0.0,  0.0,  0.0,  0.0,  0.0, 0.0,   0.0,       ,      ,      ,        ,        ,        ,        ,        ,        ,        ,        ,      
chabojo01, 1983,     1, MTL , NHL , C  , 56.0, 18.0,  25.0,  43.0,  13.0, -2.0 ,  4.0,     ,  1.0,     ,  2.0, 0.0,  69.0,   11.0,   1.0,   4.0,     5.0,     0.0, -1.0   ,     0.0,        ,     0.0,        ,     1.0,     9.0
chabojo01, 1984,     1, MTL , NHL , C  , 10.0,  1.0,   6.0,   7.0,   2.0, 3.0  ,  0.0,     ,  0.0,     ,  0.0, 0.0,   8.0,       ,      ,      ,        ,        ,        ,        ,        ,        ,        ,        ,      
chabojo01, 1984,     2, PIT , NHL , C  , 67.0,  8.0,  45.0,  53.0,  12.0, -37.0,  2.0,     ,  1.0,     ,  2.0, 0.0, 105.0,       ,      ,      ,        ,        ,        ,        ,        ,        ,        ,        ,      
chabojo01, 1985,     1, PIT , NHL , C  , 77.0, 14.0,  31.0,  45.0,   6.0, -1.0 ,  1.0,     ,  2.0,     ,  3.0, 0.0,  89.0,       ,      ,      ,        ,        ,        ,        ,        ,        ,        ,        ,      
chabojo01, 1986,     1, PIT , NHL , C  , 72.0, 14.0,  22.0,  36.0,   8.0, -7.0 ,  0.0,     ,  0.0,     ,  1.0, 0.0,  90.0,       ,      ,      ,        ,        ,        ,        ,        ,        ,        ,        ,      
chabojo01, 1987,     1, DET , NHL , C  , 78.0, 13.0,  44.0,  57.0,  10.0, 12.0 ,  0.0,  8.0,  2.0,  4.0,  0.0, 0.0,  83.0,   16.0,   4.0,  15.0,    19.0,     2.0, 13.0   ,     1.0,     1.0,     0.0,     1.0,     0.0,    32.0
chabojo01, 1988,     1, DET , NHL , C  , 52.0,  2.0,  10.0,  12.0,   6.0, -18.0,  0.0,  1.0,  2.0,  1.0,  0.0, 0.0,  49.0,    6.0,   1.0,   1.0,     2.0,     0.0, 0.0    ,     0.0,     0.0,     0.0,     0.0,     1.0,     5.0
chabojo01, 1989,     1, DET , NHL , C  , 69.0,  9.0,  40.0,  49.0,  24.0, 5.0  ,  0.0, 10.0,  2.0,  4.0,  0.0, 0.0,  91.0,       ,      ,      ,        ,        ,        ,        ,        ,        ,        ,        ,      
chabojo01, 1990,     1, DET , NHL , C  , 27.0,  5.0,   5.0,  10.0,   4.0, 6.0  ,  2.0,  2.0,  0.0,  0.0,  1.0, 0.0,  26.0,       ,      ,      ,        ,        ,        ,        ,        ,        ,        ,        ,      
chabolo01, 1926,     1, NYR , NHL , G  , 36.0,  0.0,   0.0,   0.0,   0.0,      ,     ,     ,     ,     ,     ,    ,      ,    2.0,   0.0,   0.0,     0.0,     0.0,        ,        ,        ,        ,        ,        ,      
chabolo01, 1927,     1, NYR , NHL , G  , 44.0,  0.0,   0.0,   0.0,   0.0,      ,     ,     ,     ,     ,     ,    ,      ,    6.0,   0.0,   0.0,     0.0,     0.0,        ,        ,        ,        ,        ,        ,      
chabolo01, 1928,     1, TOR , NHL , G  , 43.0,  0.0,   0.0,   0.0,   2.0,      ,     ,     ,     ,     ,     ,    ,      ,    4.0,   0.0,   0.0,     0.0,     0.0,        ,        ,        ,        ,        ,        ,      
chabolo01, 1929,     1, TOR , NHL , G  , 42.0,  0.0,   0.0,   0.0,   0.0,      ,     ,     ,     ,     ,     ,    ,      ,       ,      ,      ,        ,        ,        ,        ,        ,        ,        ,        ,      
chabolo01, 1930,     1, TOR , NHL , G  , 37.0,  0.0,   0.0,   0.0,   0.0,      ,     ,     ,     ,     ,     ,    ,      ,    2.0,   0.0,   0.0,     0.0,     0.0,        ,        ,        ,        ,        ,        ,      
chabolo01, 1931,     1, TOR , NHL , G  , 44.0,  0.0,   0.0,   0.0,   2.0,      ,     ,     ,     ,     ,     ,    ,      ,    7.0,   0.0,   0.0,     0.0,     0.0,        ,        ,        ,        ,        ,        ,      
chabolo01, 1932,     1, TOR , NHL , G  , 48.0,  0.0,   0.0,   0.0,   4.0,      ,     ,     ,     ,     ,     ,    ,      ,    9.0,   0.0,   0.0,     0.0,     0.0,        ,        ,        ,        ,        ,        ,      
chabolo01, 1933,     1, MTL , NHL , G  , 47.0,  0.0,   0.0,   0.0,   2.0,      ,     ,     ,     ,     ,     ,    ,      ,    2.0,   0.0,   0.0,     0.0,     0.0,        ,        ,        ,        ,        ,        ,      
chabolo01, 1934,     1, CHI , NHL , G  , 48.0,  0.0,   0.0,   0.0,   0.0,      ,     ,     ,     ,     ,     ,    ,      ,    2.0,   0.0,   0.0,     0.0,     0.0,        ,        ,        ,        ,        ,        ,      
chabolo01, 1935,     1, MTM , NHL , G  , 16.0,  0.0,   0.0,   0.0,   0.0,      ,     ,     ,     ,     ,     ,    ,      ,    3.0,   0.0,   0.0,     0.0,     0.0,        ,        ,        ,        ,        ,        ,      
chabolo01, 1936,     1, NYA , NHL , G  ,  6.0,  0.0,   0.0,   0.0,   0.0,      ,     ,     ,     ,     ,     ,    ,      ,       ,      ,      ,        ,        ,        ,        ,        ,        ,        ,        ,      
chadjo01 , 1939,     1, CHI , NHL , R  , 22.0,  8.0,   3.0,  11.0,  11.0,      ,     ,     ,     ,     ,     ,    ,      ,    2.0,   0.0,   0.0,     0.0,     0.0,        ,        ,        ,        ,        ,        ,      
chadjo01 , 1940,     1, CHI , NHL , R  , 45.0,  7.0,  18.0,  25.0,  16.0,      ,     ,     ,     ,     ,     ,    ,      ,    5.0,   0.0,   0.0,     0.0,     2.0,        ,        ,        ,        ,        ,        ,      
chadjo01 , 1945,     1, CHI , NHL , R  , 13.0,  0.0,   1.0,   1.0,   2.0,      ,     ,     ,     ,     ,     ,    ,      ,    3.0,   0.0,   1.0,     1.0,     0.0,        ,        ,        ,        ,        ,        ,      
chadwed01, 1955,     1, TOR , NHL , G  ,  5.0,  0.0,   0.0,   0.0,   0.0,      ,     ,     ,     ,     ,     ,    ,      ,       ,      ,      ,        ,        ,        ,        ,        ,        ,        ,        ,      
chadwed01, 1956,     1, TOR , NHL , G  , 70.0,  0.0,   0.0,   0.0,   0.0,      ,     ,     ,     ,     ,     ,    ,      ,       ,      ,      ,        ,        ,        ,        ,        ,        ,        ,        ,      
chadwed01, 1957,     1, TOR , NHL , G  , 70.0,  0.0,   0.0,   0.0,   0.0,      ,     ,     ,     ,     ,     ,    ,      ,       ,      ,      ,        ,        ,        ,        ,        ,        ,        ,        ,      
chadwed01, 1958,     1, TOR , NHL , G  , 31.0,  0.0,   0.0,   0.0,   0.0,      ,     ,     ,     ,     ,     ,    ,      ,       ,      ,      ,        ,        ,        ,        ,        ,        ,        ,        ,      
chadwed01, 1959,     1, TOR , NHL , G  ,  4.0,  0.0,   0.0,   0.0,   0.0,      ,     ,     ,     ,     ,     ,    ,      ,       ,      ,      ,        ,        ,        ,        ,        ,        ,        ,        ,      
chadwed01, 1961,     1, BOS , NHL , G  ,  4.0,  0.0,   0.0,   0.0,   0.0,      ,     ,     ,     ,     ,     ,    ,      ,       ,      ,      ,        ,        ,        ,        ,        ,        ,        ,        ,      
chalmch01, 1953,     1, NYR , NHL , C  ,  1.0,  0.0,   0.0,   0.0,   0.0,      ,     ,     ,     ,     ,     ,    ,      ,       ,      ,      ,        ,        ,        ,        ,        ,        ,        ,        ,      
chalumi01, 1984,     1, DET , NHL , D  , 14.0,  0.0,   5.0,   5.0,   6.0, 4.0  ,  0.0,     ,  0.0,     ,  0.0, 0.0,  10.0,       ,      ,      ,        ,        ,        ,        ,        ,        ,        ,        ,      
chambmu01, 1937,     1, TOR , NHL , L  , 43.0,  4.0,  12.0,  16.0,  51.0,      ,     ,     ,     ,     ,     ,    ,      ,    5.0,   0.0,   0.0,     0.0,     2.0,        ,        ,        ,        ,        ,        ,      
chambmu01, 1938,     1, TOR , NHL , L  , 48.0, 10.0,  16.0,  26.0,  32.0,      ,     ,     ,     ,     ,     ,    ,      ,   10.0,   2.0,   5.0,     7.0,     4.0,        ,        ,        ,        ,        ,        ,      
chambmu01, 1939,     1, TOR , NHL , L  , 40.0,  5.0,  17.0,  22.0,  63.0,      ,     ,     ,     ,     ,     ,    ,      ,    3.0,   0.0,   0.0,     0.0,     0.0,        ,        ,        ,        ,        ,        ,      
chambmu01, 1940,     1, MTL , NHL , L  , 45.0, 10.0,  15.0,  25.0,  75.0,      ,     ,     ,     ,     ,     ,    ,      ,    3.0,   0.0,   2.0,     2.0,    11.0,        ,        ,        ,        ,        ,        ,      
chambmu01, 1941,     1, MTL , NHL , R  , 26.0,  6.0,   3.0,   9.0,  30.0,      ,     ,     ,     ,     ,     ,    ,      ,       ,      ,      ,        ,        ,        ,        ,        ,        ,        ,        ,      
chambmu01, 1941,     2, BKN , NHL , R  , 11.0,  6.0,   9.0,  15.0,  16.0,      ,     ,     ,     ,     ,     ,    ,      ,       ,      ,      ,        ,        ,        ,        ,        ,        ,        ,        ,      
chambmu01, 1942,     1, BOS , NHL , L  , 45.0,  9.0,  24.0,  33.0,  67.0,      ,     ,     ,     ,     ,     ,    ,      ,    6.0,   1.0,   1.0,     2.0,    12.0,        ,        ,        ,        ,        ,        ,      
chambmu01, 1943,     1, MTL , NHL , L  , 47.0, 15.0,  32.0,  47.0,  85.0,      ,     ,     ,     ,     ,     ,    ,      ,    9.0,   5.0,   3.0,     8.0,    12.0,        ,        ,        ,        ,        ,        ,      
chambmu01, 1944,     1, MTL , NHL , L  , 32.0,  2.0,  12.0,  14.0,  38.0,      ,     ,     ,     ,     ,     ,    ,      ,    6.0,   1.0,   1.0,     2.0,    10.0,        ,        ,        ,        ,        ,        ,      
chambmu01, 1945,     1, MTL , NHL , L  , 40.0, 12.0,  14.0,  26.0,  42.0,      ,     ,     ,     ,     ,     ,    ,      ,    9.0,   4.0,   2.0,     6.0,    18.0,        ,        ,        ,        ,        ,        ,      
chambmu01, 1946,     1, MTL , NHL , L  , 49.0, 10.0,  10.0,  20.0,  97.0,      ,     ,     ,     ,     ,     ,    ,      ,   11.0,   1.0,   3.0,     4.0,    19.0,        ,        ,        ,        ,        ,        ,      
chambmu01, 1947,     1, MTL , NHL , L  , 30.0,  6.0,   3.0,   9.0,  62.0,      ,     ,     ,     ,     ,     ,    ,      ,       ,      ,      ,        ,        ,        ,        ,        ,        ,        ,        ,      
chambmu01, 1948,     1, MTL , NHL , L  , 54.0,  5.0,   8.0,  13.0, 111.0,      ,     ,     ,     ,     ,     ,    ,      ,    4.0,   0.0,   0.0,     0.0,     8.0,        ,        ,        ,        ,        ,        ,      
chambsh01, 1987,     1, MNS , NHL , D  , 19.0,  1.0,   7.0,   8.0,  21.0, -6.0 ,  1.0,  2.0,  0.0,  0.0,  0.0, 0.0,  28.0,       ,      ,      ,        ,        ,        ,        ,        ,        ,        ,        ,      
chambsh01, 1988,     1, MNS , NHL , D  , 72.0,  5.0,  19.0,  24.0,  80.0, -4.0 ,  1.0,  7.0,  2.0,  1.0,  0.0, 0.0, 131.0,    3.0,   0.0,   2.0,     2.0,     0.0, 0.0    ,     0.0,     1.0,     0.0,     0.0,     0.0,     4.0
chambsh01, 1989,     1, MNS , NHL , D  , 78.0,  8.0,  18.0,  26.0,  81.0, -2.0 ,  0.0,  7.0,  1.0,  1.0,  2.0, 0.0, 116.0,    7.0,   2.0,   1.0,     3.0,    10.0, -5.0   ,     1.0,     0.0,     0.0,     0.0,     0.0,    13.0
chambsh01, 1990,     1, MNS , NHL , D  , 29.0,  1.0,   3.0,   4.0,  24.0, 2.0  ,  0.0,  1.0,  0.0,  0.0,  0.0, 0.0,  55.0,   23.0,   0.0,   7.0,     7.0,    16.0, -7.0   ,     0.0,     3.0,     0.0,     0.0,     0.0,    44.0
chambsh01, 1991,     1, WAS , NHL , D  ,  2.0,  0.0,   0.0,   0.0,   2.0, -3.0 ,  0.0,  0.0,  0.0,  0.0,  0.0, 0.0,   1.0,       ,      ,      ,        ,        ,        ,        ,        ,        ,        ,        ,      
chambsh01, 1992,     1, TBL , NHL , D  , 55.0, 10.0,  29.0,  39.0,  36.0, -21.0,  5.0, 18.0,  0.0,  1.0,  1.0, 0.0, 152.0,       ,      ,      ,        ,        ,        ,        ,        ,        ,        ,        ,      
chambsh01, 1993,     1, TBL , NHL , D  , 66.0, 11.0,  23.0,  34.0,  23.0, -6.0 ,  6.0, 12.0,  1.0,  0.0,  1.0, 0.0, 142.0,       ,      ,      ,        ,        ,        ,        ,        ,        ,        ,        ,      
chambsh01, 1994,     1, TBL , NHL , D  , 24.0,  2.0,  12.0,  14.0,   6.0, 0.0  ,  1.0,  4.0,  0.0,  0.0,  0.0, 0.0,  44.0,       ,      ,      ,        ,        ,        ,        ,        ,        ,        ,        ,      
chambsh01, 1994,     2, NJD , NHL , D  , 21.0,  2.0,   5.0,   7.0,   6.0, 2.0  ,  1.0,  1.0,  0.0,  0.0,  0.0, 0.0,  23.0,   20.0,   4.0,   5.0,     9.0,     2.0, 2.0    ,     2.0,     1.0,     0.0,     0.0,     0.0,    36.0
chambsh01, 1995,     1, NJD , NHL , D  , 64.0,  2.0,  21.0,  23.0,  18.0, 1.0  ,  2.0, 13.0,  0.0,  0.0,  1.0, 0.0, 112.0,       ,      ,      ,        ,        ,        ,        ,        ,        ,        ,        ,      
chambsh01, 1996,     1, NJD , NHL , D  , 73.0,  4.0,  17.0,  21.0,  19.0, 17.0 ,  1.0,  5.0,  0.0,  1.0,  0.0, 0.0, 114.0,   10.0,   1.0,   6.0,     7.0,     6.0, -2.0   ,     1.0,     5.0,     0.0,     1.0,     0.0,    17.0
chambsh01, 1997,     1, DAL , NHL , D  , 57.0,  2.0,  22.0,  24.0,  26.0, 11.0 ,  1.0, 12.0,  1.0,  1.0,  0.0, 0.0,  73.0,   14.0,   0.0,   3.0,     3.0,    20.0, 5.0    ,     0.0,     2.0,     0.0,     0.0,     0.0,    16.0
chambsh01, 1998,     1, DAL , NHL , D  , 61.0,  2.0,   9.0,  11.0,  18.0, 6.0  ,  1.0,  4.0,  0.0,  0.0,  1.0, 0.0,  82.0,   17.0,   0.0,   2.0,     2.0,    18.0, -1.0   ,     0.0,     0.0,     0.0,     0.0,     0.0,    19.0
chambsh01, 1999,     1, DAL , NHL , D  ,  4.0,  0.0,   0.0,   0.0,   4.0, -2.0 ,  0.0,  0.0,  0.0,  0.0,  0.0, 0.0,   2.0,       ,      ,      ,        ,        ,        ,        ,        ,        ,        ,        ,      
champan01, 1962,     1, TOR , NHL , L/C,  2.0,  0.0,   0.0,   0.0,   0.0,      ,     ,     ,     ,     ,     ,    ,      ,       ,      ,      ,        ,        ,        ,        ,        ,        ,        ,        ,      
champbo01, 1963,     1, DET , NHL , G  ,     ,     ,      ,      ,      ,      ,     ,     ,     ,     ,     ,    ,      ,    1.0,   0.0,   0.0,     0.0,     0.0,        ,        ,        ,        ,        ,     0.0,      
champbo01, 1973,     1, CLF , NHL , G  , 17.0,  0.0,   0.0,   0.0,   0.0, 0.0  ,  0.0,     ,  0.0,     ,  0.0, 0.0,   0.0,       ,      ,      ,        ,        ,        ,        ,        ,        ,        ,        ,      
chapdre01, 1990,     1, LAK , NHL , D  ,  3.0,  0.0,   1.0,   1.0,  10.0, 1.0  ,  0.0,  0.0,  0.0,  0.0,  0.0, 0.0,   1.0,       ,      ,      ,        ,        ,        ,        ,        ,        ,        ,        ,      
chapdre01, 1991,     1, LAK , NHL , D  , 16.0,  0.0,   1.0,   1.0,  10.0, 0.0  ,  0.0,  0.0,  0.0,  0.0,  0.0, 0.0,   6.0,       ,      ,      ,        ,        ,        ,        ,        ,        ,        ,        ,      
chapdre01, 1992,     1, LAK , NHL , D  , 13.0,  0.0,   0.0,   0.0,  12.0, -6.0 ,  0.0,  0.0,  0.0,  0.0,  0.0, 0.0,   5.0,       ,      ,      ,        ,        ,        ,        ,        ,        ,        ,        ,      
chapl01  , 1909,     1, LES , NHA ,    ,  1.0,  0.0,   0.0,   0.0,   3.0,      ,     ,     ,     ,     ,     ,    ,      ,       ,      ,      ,        ,        ,        ,        ,        ,        ,        ,        ,      
chapmar01, 1930,     1, BOS , NHL , C  , 44.0,  7.0,   7.0,  14.0,  22.0,      ,     ,     ,     ,     ,     ,    ,      ,    5.0,   0.0,   1.0,     1.0,     7.0,        ,        ,        ,        ,        ,        ,      
chapmar01, 1931,     1, BOS , NHL , C  , 48.0, 11.0,  14.0,  25.0,  18.0,      ,     ,     ,     ,     ,     ,    ,      ,       ,      ,      ,        ,        ,        ,        ,        ,        ,        ,        ,      
chapmar01, 1932,     1, BOS , NHL , C  , 46.0,  3.0,   6.0,   9.0,  19.0,      ,     ,     ,     ,     ,     ,    ,      ,    5.0,   0.0,   0.0,     0.0,     2.0,        ,        ,        ,        ,        ,        ,      
chapmar01, 1933,     1, BOS , NHL , C  , 21.0,  3.0,   2.0,   5.0,   7.0,      ,     ,     ,     ,     ,     ,    ,      ,       ,      ,      ,        ,        ,        ,        ,        ,        ,        ,        ,      
chapmar01, 1933,     2, NYA , NHL , C  , 25.0,  2.0,   8.0,  10.0,   8.0,      ,     ,     ,     ,     ,     ,    ,      ,       ,      ,      ,        ,        ,        ,        ,        ,        ,        ,        ,      
chapmar01, 1934,     1, NYA , NHL , C  , 47.0,  9.0,  34.0,  43.0,   4.0,      ,     ,     ,     ,     ,     ,    ,      ,       ,      ,      ,        ,        ,        ,        ,        ,        ,        ,        ,      
chapmar01, 1935,     1, NYA , NHL , C  , 48.0, 10.0,  28.0,  38.0,  14.0,      ,     ,     ,     ,     ,     ,    ,      ,    5.0,   0.0,   3.0,     3.0,     0.0,        ,        ,        ,        ,        ,        ,      
chapmar01, 1936,     1, NYA , NHL , C  , 43.0,  8.0,  23.0,  31.0,  36.0,      ,     ,     ,     ,     ,     ,    ,      ,       ,      ,      ,        ,        ,        ,        ,        ,        ,        ,        ,      
chapmar01, 1937,     1, NYA , NHL , C  , 45.0,  2.0,  27.0,  29.0,   8.0,      ,     ,     ,     ,     ,     ,    ,      ,    6.0,   0.0,   1.0,     1.0,     0.0,        ,        ,        ,        ,        ,        ,      
chapmar01, 1938,     1, NYA , NHL , C  , 45.0,  3.0,  19.0,  22.0,   2.0,      ,     ,     ,     ,     ,     ,    ,      ,    2.0,   0.0,   0.0,     0.0,     0.0,        ,        ,        ,        ,        ,        ,      
chapmar01, 1939,     1, NYA , NHL , C  , 26.0,  4.0,   6.0,  10.0,   2.0,      ,     ,     ,     ,     ,     ,    ,      ,    3.0,   1.0,   0.0,     1.0,     0.0,        ,        ,        ,        ,        ,        ,      
chapmbl01, 1976,     1, PIT , NHL , R  , 80.0, 14.0,  23.0,  37.0,  16.0, -12.0,  1.0,     ,  0.0,     ,  3.0, 0.0, 152.0,    3.0,   1.0,   1.0,     2.0,     7.0,        ,     0.0,        ,     0.0,        ,     0.0,      
chapmbl01, 1977,     1, PIT , NHL , R  , 75.0, 24.0,  20.0,  44.0,  37.0, -11.0,  4.0,     ,  0.0,     ,  2.0, 1.0, 180.0,       ,      ,      ,        ,        ,        ,        ,        ,        ,        ,        ,      
chapmbl01, 1978,     1, PIT , NHL , R  , 71.0, 10.0,   8.0,  18.0,  18.0, -12.0,  1.0,     ,  0.0,     ,  0.0, 0.0,  96.0,    7.0,   1.0,   0.0,     1.0,     2.0,        ,     0.0,        ,     0.0,        ,     0.0,      
chapmbl01, 1979,     1, PIT , NHL , R  ,  1.0,  0.0,   0.0,   0.0,   0.0, 0.0  ,  0.0,     ,  0.0,     ,  0.0, 0.0,   1.0,       ,      ,      ,        ,        ,        ,        ,        ,        ,        ,        ,      
chapmbl01, 1979,     2, STL , NHL , R  , 63.0, 25.0,  26.0,  51.0,  28.0, -5.0 ,  7.0,     ,  0.0,     ,  6.0, 2.0, 124.0,    3.0,   0.0,   0.0,     0.0,     0.0,        ,     0.0,        ,     0.0,        ,     0.0,      
chapmbl01, 1980,     1, STL , NHL , R  , 55.0, 20.0,  26.0,  46.0,  41.0, 3.0  ,  5.0,     ,  0.0,     ,  3.0, 2.0, 114.0,    9.0,   2.0,   5.0,     7.0,     6.0,        ,     0.0,        ,     0.0,        ,     0.0,      
chapmbl01, 1981,     1, STL , NHL , R  , 18.0,  6.0,  11.0,  17.0,   8.0, 1.0  ,  2.0,     ,  0.0,     ,  0.0, 0.0,  28.0,    3.0,   0.0,   0.0,     0.0,     0.0,        ,     0.0,        ,     0.0,        ,     0.0,      
chapmbl01, 1982,     1, STL , NHL , R  , 39.0,  7.0,  11.0,  18.0,  10.0, -8.0 ,  3.0,     ,  0.0,     ,  1.0, 1.0,  46.0,       ,      ,      ,        ,        ,        ,        ,        ,        ,        ,        ,      
chapmbr01, 1990,     1, HAR , NHL , D  ,  3.0,  0.0,   0.0,   0.0,  29.0, 0.0  ,  0.0,  0.0,  0.0,  0.0,  0.0, 0.0,   0.0,       ,      ,      ,        ,        ,        ,        ,        ,        ,        ,        ,      
charazd01, 1997,     1, NYI , NHL , D  , 25.0,  0.0,   1.0,   1.0,  50.0, 1.0  ,  0.0,  0.0,  0.0,  0.0,  0.0, 0.0,  10.0,       ,      ,      ,        ,        ,        ,        ,        ,        ,        ,        ,      
charazd01, 1998,     1, NYI , NHL , D  , 59.0,  2.0,   6.0,   8.0,  83.0, -8.0 ,  0.0,  0.0,  1.0,  0.0,  0.0, 0.0,  56.0,       ,      ,      ,        ,        ,        ,        ,        ,        ,        ,        ,      
charazd01, 1999,     1, NYI , NHL , D  , 65.0,  2.0,   9.0,  11.0,  57.0, -27.0,  0.0,  0.0,  0.0,  1.0,  1.0, 1.0,  47.0,       ,      ,      ,        ,        ,        ,        ,        ,        ,        ,        ,      
charazd01, 2000,     1, NYI , NHL , D  , 82.0,  2.0,   7.0,   9.0, 157.0, -27.0,  0.0,  0.0,  1.0,  2.0,  0.0, 0.0,  83.0,       ,      ,      ,        ,        ,        ,        ,        ,        ,        ,        ,      
charazd01, 2001,     1, OTT , NHL , D  , 75.0, 10.0,  13.0,  23.0, 156.0, 30.0 ,  4.0,  1.0,  1.0,  2.0,  2.0, 0.0, 105.0,   10.0,   0.0,   1.0,     1.0,    12.0, 4.0    ,     0.0,     0.0,     0.0,     0.0,     0.0,    17.0
charazd01, 2002,     1, OTT , NHL , D  , 74.0,  9.0,  30.0,  39.0, 116.0, 29.0 ,  3.0, 14.0,  0.0,  2.0,  2.0, 0.0, 168.0,   18.0,   1.0,   6.0,     7.0,    14.0, 3.0    ,     0.0,     3.0,     0.0,     0.0,     0.0,    32.0
charazd01, 2003,     1, OTT , NHL , D  , 79.0, 16.0,  25.0,  41.0, 147.0, 33.0 ,  7.0,  7.0,  0.0,  3.0,  3.0, 2.0, 185.0,    7.0,   1.0,   1.0,     2.0,     8.0, 3.0    ,     0.0,     0.0,     0.0,     0.0,     0.0,    12.0
charazd01, 2005,     1, OTT , NHL , D  , 71.0, 16.0,  27.0,  43.0, 135.0, 17.0 , 10.0, 12.0,  1.0,  2.0,  3.0,    , 212.0,   10.0,   1.0,   3.0,     4.0,    23.0, 0.0    ,     1.0,     2.0,     0.0,     0.0,     0.0,    17.0
charazd01, 2006,     1, BOS , NHL , D  , 80.0, 11.0,  32.0,  43.0, 100.0, -21.0,  9.0, 17.0,  0.0,  1.0,  3.0,    , 204.0,       ,      ,      ,        ,        ,        ,        ,        ,        ,        ,        ,      
charazd01, 2007,     1, BOS , NHL , D  , 77.0, 17.0,  34.0,  51.0, 114.0, 14.0 ,  9.0, 16.0,  1.0,  1.0,  0.0,    , 207.0,    7.0,   1.0,   1.0,     2.0,    12.0, -1.0   ,     1.0,     0.0,     0.0,     0.0,     0.0,    14.0
charazd01, 2008,     1, BOS , NHL , D  , 80.0, 19.0,  31.0,  50.0,  95.0, 23.0 , 11.0, 17.0,  0.0,  2.0,  3.0,    , 216.0,   11.0,   1.0,   3.0,     4.0,    12.0, 1.0    ,     1.0,     1.0,     0.0,     0.0,     1.0,    28.0
charazd01, 2009,     1, BOS , NHL , D  , 80.0,  7.0,  37.0,  44.0,  87.0, 19.0 ,  4.0, 12.0,  0.0,  1.0,  1.0,    , 242.0,   13.0,   2.0,   5.0,     7.0,    29.0, 1.0    ,     0.0,     3.0,     0.0,     0.0,     1.0,    34.0
charbjo01, 1987,     1, MTL , NHL , R  , 16.0,  0.0,   2.0,   2.0,   6.0, 1.0  ,  0.0,  0.0,  0.0,  0.0,  0.0, 0.0,  22.0,    8.0,   0.0,   0.0,     0.0,     4.0, -5.0   ,     0.0,     0.0,     0.0,     0.0,     0.0,     0.0
charbjo01, 1988,     1, MTL , NHL , R  ,  9.0,  1.0,   3.0,   4.0,   6.0, -1.0 ,  0.0,     ,  0.0,  0.0,  0.0, 0.0,  15.0,       ,      ,      ,        ,        ,        ,        ,        ,        ,        ,        ,      
charbjo01, 1988,     2, VAN , NHL , R  , 13.0,  0.0,   1.0,   1.0,   6.0, -3.0 ,  0.0,     ,  0.0,  0.0,  0.0, 0.0,  16.0,       ,      ,      ,        ,        ,        ,        ,        ,        ,        ,        ,      
charbjo01, 1993,     1, VAN , NHL , R  , 30.0,  7.0,   7.0,  14.0,  49.0, -3.0 ,  1.0,  1.0,  0.0,  0.0,  0.0, 0.0,  28.0,    3.0,   1.0,   0.0,     1.0,     4.0, 1.0    ,     0.0,     0.0,     0.0,     0.0,     0.0,     4.0
charbjo01, 1994,     1, VAN , NHL , R  ,  3.0,  1.0,   0.0,   1.0,   0.0, 0.0  ,  0.0,  0.0,  0.0,  0.0,  0.0, 0.0,   2.0,       ,      ,      ,        ,        ,        ,        ,        ,        ,        ,        ,      
charbst01, 1991,     1, QUE , NHL , R  ,  2.0,  0.0,   0.0,   0.0,   0.0, -2.0 ,  0.0,  0.0,  0.0,  0.0,  0.0, 0.0,   4.0,       ,      ,      ,        ,        ,        ,        ,        ,        ,        ,        ,      
charlbo01, 1967,     1, MNS , NHL , L  ,  7.0,  1.0,   0.0,   1.0,   0.0, -3.0 ,  1.0,     ,  0.0,     ,  0.0, 0.0,   8.0,       ,      ,      ,        ,        ,        ,        ,        ,        ,        ,        ,      
charlbo01, 1972,     1, OTN , WHA , L  , 78.0, 24.0,  40.0,  64.0,  28.0,      ,  5.0,     ,  1.0,     ,  5.0,    ,      ,    5.0,   1.0,   1.0,     2.0,     4.0,        ,     0.0,        ,     0.0,        ,     0.0,      
charlbo01, 1973,     1, NEW , WHA , L  , 74.0,  4.0,   7.0,  11.0,   6.0,      ,  0.0,     ,  2.0,     ,  0.0,    ,      ,    7.0,   0.0,   0.0,     0.0,     4.0,        ,        ,        ,        ,        ,     0.0,      
charlbo01, 1974,     1, NEW , WHA , L  ,  8.0,  1.0,   0.0,   1.0,   0.0, -4.0 ,  0.0,     ,  0.0,     ,     ,    ,   6.0,    4.0,   1.0,   0.0,     1.0,     0.0,        ,        ,        ,        ,        ,     0.0,      
charlbo01, 1975,     1, NEW , WHA , L  , 28.0,  3.0,   3.0,   6.0,   0.0, -1.0 ,  0.0,     ,  0.0,     ,  1.0,    ,  19.0,       ,      ,      ,        ,        ,        ,        ,        ,        ,        ,        ,      
charlto01, 1983,     1, PIT , NHL , D  , 10.0,  0.0,   0.0,   0.0,   8.0, -7.0 ,  0.0,     ,  0.0,     ,  0.0, 0.0,   6.0,       ,      ,      ,        ,        ,        ,        ,        ,        ,        ,        ,      
charlto01, 1984,     1, PIT , NHL , D  , 67.0,  1.0,   8.0,   9.0,  31.0, -23.0,  0.0,     ,  0.0,     ,  1.0, 0.0,  68.0,       ,      ,      ,        ,        ,        ,        ,        ,        ,        ,        ,      
charlto01, 1985,     1, PIT , NHL , D  ,  2.0,  0.0,   1.0,   1.0,   0.0, -1.0 ,  0.0,     ,  0.0,     ,  0.0, 0.0,   1.0,       ,      ,      ,        ,        ,        ,        ,        ,        ,        ,        ,      
charlto01, 1986,     1, PIT , NHL , D  ,  1.0,  0.0,   0.0,   0.0,   0.0, 0.0  ,  0.0,     ,  0.0,     ,  0.0, 0.0,   0.0,       ,      ,      ,        ,        ,        ,        ,        ,        ,        ,        ,      
charlto01, 1987,     1, PIT , NHL , D  ,  6.0,  2.0,   0.0,   2.0,   2.0, 0.0  ,  0.0,  0.0,  0.0,  0.0,  0.0, 0.0,   4.0,       ,      ,      ,        ,        ,        ,        ,        ,        ,        ,        ,      
charlto01, 1989,     1, NYR , NHL , D  ,  7.0,  0.0,   0.0,   0.0,   6.0, -3.0 ,  0.0,  0.0,  0.0,  0.0,  0.0, 0.0,   4.0,       ,      ,      ,        ,        ,        ,        ,        ,        ,        ,        ,      
charpse01, 2001,     1, WAS , NHL , G  ,  2.0,  0.0,   0.0,   0.0,   0.0, 0.0  ,  0.0,  0.0,  0.0,  0.0,  0.0, 0.0,   0.0,       ,      ,      ,        ,        ,        ,        ,        ,        ,        ,        ,      
charpse01, 2002,     1, WAS , NHL , G  , 17.0,  0.0,   0.0,   0.0,   0.0, 0.0  ,  0.0,  0.0,  0.0,  0.0,  0.0, 0.0,   0.0,       ,      ,      ,        ,        ,        ,        ,        ,        ,        ,        ,      
charpse01, 2003,     1, WAS , NHL , G  ,  7.0,  0.0,   0.0,   0.0,   0.0, 0.0  ,  0.0,  0.0,  0.0,  0.0,  0.0, 0.0,   0.0,       ,      ,      ,        ,        ,        ,        ,        ,        ,        ,        ,      
charrer01, 1992,     1, MTL , NHL , D  ,  3.0,  0.0,   0.0,   0.0,   2.0, 0.0  ,  0.0,  0.0,  0.0,  0.0,  0.0, 0.0,   0.0,       ,      ,      ,        ,        ,        ,        ,        ,        ,        ,        ,      
charrer01, 1993,     1, TBL , NHL , D  ,  4.0,  0.0,   0.0,   0.0,   2.0, 0.0  ,  0.0,  0.0,  0.0,  0.0,  0.0, 0.0,   1.0,       ,      ,      ,        ,        ,        ,        ,        ,        ,        ,        ,      
charrer01, 1994,     1, TBL , NHL , D  , 45.0,  1.0,   4.0,   5.0,  26.0, 1.0  ,  0.0,  1.0,  0.0,  1.0,  0.0, 0.0,  33.0,       ,      ,      ,        ,        ,        ,        ,        ,        ,        ,        ,      
charrer01, 1995,     1, TBL , NHL , D  , 14.0,  0.0,   0.0,   0.0,  18.0, -6.0 ,  0.0,  0.0,  0.0,  0.0,  0.0, 0.0,  11.0,       ,      ,      ,        ,        ,        ,        ,        ,        ,        ,        ,      
charrer01, 1995,     2, WAS , NHL , D  ,  4.0,  0.0,   1.0,   1.0,   4.0, 3.0  ,  0.0,  0.0,  0.0,  0.0,  0.0, 0.0,   2.0,    6.0,   0.0,   0.0,     0.0,     8.0, 1.0    ,     0.0,     0.0,     0.0,     0.0,     0.0,     2.0
charrer01, 1996,     1, WAS , NHL , D  , 25.0,  1.0,   1.0,   2.0,  20.0, 1.0  ,  0.0,  0.0,  0.0,  0.0,  0.0, 0.0,  11.0,       ,      ,      ,        ,        ,        ,        ,        ,        ,        ,        ,      
charrer01, 1997,     1, CAL , NHL , D  ,  2.0,  0.0,   0.0,   0.0,   4.0, 0.0  ,  0.0,  0.0,  0.0,  0.0,  0.0, 0.0,   1.0,       ,      ,      ,        ,        ,        ,        ,        ,        ,        ,        ,      
charrer01, 1998,     1, CAL , NHL , D  , 12.0,  0.0,   1.0,   1.0,  14.0, -6.0 ,  0.0,  0.0,  0.0,  0.0,  0.0, 0.0,   9.0,       ,      ,      ,        ,        ,        ,        ,        ,        ,        ,        ,      
charrer01, 1999,     1, CAL , NHL , D  , 21.0,  0.0,   0.0,   0.0,  37.0, -3.0 ,  0.0,  0.0,  0.0,  0.0,  0.0, 0.0,   8.0,       ,      ,      ,        ,        ,        ,        ,        ,        ,        ,        ,      
charrgu01, 1969,     1, MTL , NHL , L  ,  5.0,  0.0,   0.0,   0.0,   0.0, -2.0 ,  0.0,     ,  0.0,     ,  0.0, 0.0,   2.0,       ,      ,      ,        ,        ,        ,        ,        ,        ,        ,        ,      
charrgu01, 1970,     1, MTL , NHL , L  , 15.0,  2.0,   2.0,   4.0,   2.0, -2.0 ,  0.0,     ,  0.0,     ,  0.0, 0.0,  13.0,       ,      ,      ,        ,        ,        ,        ,        ,        ,        ,        ,      
charrgu01, 1970,     2, DET , NHL , L  , 24.0,  8.0,   4.0,  12.0,   4.0, 0.0  ,  2.0,     ,  0.0,     ,  1.0, 0.0,  55.0,       ,      ,      ,        ,        ,        ,        ,        ,        ,        ,        ,      
charrgu01, 1971,     1, DET , NHL , L  , 64.0,  9.0,  16.0,  25.0,  14.0, -8.0 ,  0.0,     ,  0.0,     ,  0.0, 0.0, 119.0,       ,      ,      ,        ,        ,        ,        ,        ,        ,        ,        ,      
charrgu01, 1972,     1, DET , NHL , L  , 75.0, 18.0,  18.0,  36.0,  23.0, 9.0  ,  0.0,     ,  0.0,     ,  2.0, 0.0, 117.0,       ,      ,      ,        ,        ,        ,        ,        ,        ,        ,        ,      
charrgu01, 1973,     1, DET , NHL , L  , 76.0, 25.0,  30.0,  55.0,  10.0, -31.0,  6.0,     ,  0.0,     ,  2.0, 0.0, 205.0,       ,      ,      ,        ,        ,        ,        ,        ,        ,        ,        ,      
charrgu01, 1974,     1, DET , NHL , L  , 26.0,  1.0,  10.0,  11.0,   6.0, -9.0 ,  0.0,     ,  0.0,     ,  1.0, 0.0,  27.0,       ,      ,      ,        ,        ,        ,        ,        ,        ,        ,        ,      
charrgu01, 1974,     2, KCS , NHL , L  , 51.0, 13.0,  29.0,  42.0,  21.0, -41.0,  4.0,     ,  0.0,     ,  0.0, 0.0, 157.0,       ,      ,      ,        ,        ,        ,        ,        ,        ,        ,        ,      
charrgu01, 1975,     1, KCS , NHL , C  , 78.0, 27.0,  44.0,  71.0,  12.0, -51.0,  9.0,     ,  0.0,     ,  4.0, 2.0, 226.0,       ,      ,      ,        ,        ,        ,        ,        ,        ,        ,        ,      
charrgu01, 1976,     1, WAS , NHL , C  , 80.0, 36.0,  46.0,  82.0,  10.0, -28.0,  6.0,     ,  1.0,     ,  4.0, 4.0, 261.0,       ,      ,      ,        ,        ,        ,        ,        ,        ,        ,        ,      
charrgu01, 1977,     1, WAS , NHL , C  , 80.0, 38.0,  35.0,  73.0,  12.0, -25.0,  4.0,     ,  0.0,     ,  3.0, 2.0, 260.0,       ,      ,      ,        ,        ,        ,        ,        ,        ,        ,        ,      
charrgu01, 1978,     1, WAS , NHL , C  , 80.0, 28.0,  42.0,  70.0,  24.0, -14.0,  9.0,     ,  0.0,     ,  4.0, 1.0, 225.0,       ,      ,      ,        ,        ,        ,        ,        ,        ,        ,        ,      
charrgu01, 1979,     1, WAS , NHL , C  , 33.0, 11.0,  20.0,  31.0,   6.0, -2.0 ,  5.0,     ,  0.0,     ,  1.0, 0.0,  80.0,       ,      ,      ,        ,        ,        ,        ,        ,        ,        ,        ,      
charrgu01, 1980,     1, WAS , NHL , C  , 47.0,  5.0,  13.0,  18.0,   2.0, -4.0 ,  2.0,     ,  1.0,     ,  0.0, 0.0,  62.0,       ,      ,      ,        ,        ,        ,        ,        ,        ,        ,        ,      
chartbr01, 1999,     1, LAK , NHL , R  , 50.0,  6.0,   6.0,  12.0,  17.0, 4.0  ,  0.0,  0.0,  1.0,  0.0,  3.0, 0.0,  51.0,    4.0,   0.0,   0.0,     0.0,     6.0, -1.0   ,     0.0,     0.0,     0.0,     0.0,     0.0,     5.0
chartbr01, 2000,     1, LAK , NHL , R  ,  4.0,  1.0,   0.0,   1.0,   2.0, -2.0 ,  0.0,  0.0,  0.0,  0.0,  1.0, 0.0,   6.0,       ,      ,      ,        ,        ,        ,        ,        ,        ,        ,        ,      
chartbr01, 2001,     1, LAK , NHL , C  , 46.0,  7.0,   9.0,  16.0,  40.0, 5.0  ,  0.0,  0.0,  0.0,  0.0,  1.0, 0.0,  49.0,    7.0,   1.0,   1.0,     2.0,     2.0, 0.0    ,     0.0,     0.0,     0.0,     0.0,     1.0,     6.0
chartbr01, 2002,     1, LAK , NHL , C  , 62.0,  8.0,   6.0,  14.0,  33.0, -10.0,  0.0,  0.0,  1.0,  0.0,  2.0, 0.0,  64.0,       ,      ,      ,        ,        ,        ,        ,        ,        ,        ,        ,      
chartbr01, 2003,     1, LAK , NHL , C  , 53.0,  3.0,   4.0,   7.0,  30.0, -3.0 ,  0.0,  0.0,  1.0,  0.0,  0.0, 0.0,  63.0,       ,      ,      ,        ,        ,        ,        ,        ,        ,        ,        ,      
chartcl01, 1972,     1, NRA , WHA , C  , 12.0,  2.0,   3.0,   5.0,   0.0,      ,  2.0,     ,  0.0,     ,     ,    ,      ,       ,      ,      ,        ,        ,        ,        ,        ,        ,        ,        ,      
chartcl01, 1973,     1, NYJ , WHA , C  ,  5.0,  0.0,   0.0,   0.0,   0.0,      ,  0.0,     ,  0.0,     ,  0.0,    ,      ,       ,      ,      ,        ,        ,        ,        ,        ,        ,        ,        ,      
chartcl01, 1974,     1, MIB , WHA , C  ,  1.0,  0.0,   0.0,   0.0,   0.0,      ,  0.0,     ,  0.0,     ,  0.0,    ,   2.0,       ,      ,      ,        ,        ,        ,        ,        ,        ,        ,        ,      
chartda01, 1980,     1, WIN , NHL , C  ,  1.0,  0.0,   0.0,   0.0,   0.0, 0.0  ,  0.0,     ,  0.0,     ,  0.0, 0.0,   0.0,       ,      ,      ,        ,        ,        ,        ,        ,        ,        ,        ,      
chartri01, 1974,     1, MTL , NHL , D  , 12.0,  0.0,   0.0,   0.0,   6.0, -4.0 ,  0.0,     ,  0.0,     ,  0.0, 0.0,   7.0,       ,      ,      ,        ,        ,        ,        ,        ,        ,        ,        ,      
chartri01, 1975,     1, MTL , NHL , D  , 16.0,  1.0,   3.0,   4.0,  25.0, 12.0 ,  0.0,     ,  0.0,     ,  0.0, 0.0,  22.0,    2.0,   0.0,   0.0,     0.0,     0.0,        ,     0.0,        ,     0.0,        ,     0.0,      
chartri01, 1976,     1, MTL , NHL , D  , 43.0,  3.0,   4.0,   7.0,  59.0, 27.0 ,  0.0,     ,  0.0,     ,  1.0, 0.0,  42.0,   13.0,   2.0,   1.0,     3.0,    17.0,        ,     0.0,        ,     0.0,        ,     0.0,      
chartri01, 1977,     1, MTL , NHL , D  , 68.0,  4.0,  12.0,  16.0,  64.0, 16.0 ,  0.0,     ,  0.0,     ,  1.0, 0.0,  75.0,   10.0,   1.0,   0.0,     1.0,    10.0,        ,     0.0,        ,     0.0,        ,     1.0,      
chartri01, 1978,     1, MTL , NHL , D  , 62.0,  5.0,  11.0,  16.0,  29.0, 14.0 ,  0.0,     ,  0.0,     ,  1.0, 0.0,  81.0,   16.0,   2.0,   1.0,     3.0,    24.0,        ,     0.0,        ,     0.0,        ,     0.0,      
chartri01, 1979,     1, MTL , NHL , D  , 66.0,  5.0,   7.0,  12.0,  35.0, 6.0  ,  0.0,     ,  0.0,     ,  0.0, 0.0,  65.0,   10.0,   2.0,   2.0,     4.0,     0.0,        ,     0.0,        ,     0.0,        ,     0.0,      
chartri01, 1980,     1, MTL , NHL , D  , 14.0,  0.0,   0.0,   0.0,   4.0, -5.0 ,  0.0,     ,  0.0,     ,  0.0, 0.0,  10.0,       ,      ,      ,        ,        ,        ,        ,        ,        ,        ,        ,      
chartri01, 1980,     2, LAK , NHL , D  , 21.0,  1.0,   6.0,   7.0,  28.0, 1.0  ,  0.0,     ,  0.0,     ,  1.0, 0.0,  32.0,    4.0,   0.0,   1.0,     1.0,     4.0,        ,     0.0,        ,     0.0,        ,     0.0,      
chartri01, 1981,     1, LAK , NHL , D  , 33.0,  2.0,   8.0,  10.0,  56.0, -11.0,  1.0,     ,  0.0,     ,  0.0, 0.0,  32.0,   10.0,   0.0,   2.0,     2.0,    17.0,        ,     0.0,        ,     0.0,        ,     0.0,      
chartri01, 1982,     1, LAK , NHL , D  , 31.0,  3.0,   5.0,   8.0,  31.0, -14.0,  0.0,     ,  0.0,     ,  0.0, 0.0,  32.0,       ,      ,      ,        ,        ,        ,        ,        ,        ,        ,        ,      
chartri01, 1982,     2, NYR , NHL , D  , 26.0,  2.0,   2.0,   4.0,  37.0, 2.0  ,  0.0,     ,  0.0,     ,  0.0, 0.0,  21.0,    9.0,   0.0,   2.0,     2.0,     6.0,        ,     0.0,        ,     0.0,        ,     0.0,      
chartri01, 1983,     1, NYR , NHL , D  ,  4.0,  0.0,   0.0,   0.0,   4.0, -3.0 ,  0.0,     ,  0.0,     ,  0.0, 0.0,   0.0,       ,      ,      ,        ,        ,        ,        ,        ,        ,        ,        ,      
chartri01, 1983,     2, EDM , NHL , D  , 24.0,  2.0,   6.0,   8.0,  21.0, 5.0  ,  0.0,     ,  0.0,     ,  0.0, 0.0,  23.0,    1.0,   0.0,   0.0,     0.0,     2.0, -1.0   ,     0.0,        ,     0.0,        ,     0.0,     0.0
chaseke01, 1989,     1, STL , NHL , R  , 43.0,  1.0,   3.0,   4.0, 244.0, -1.0 ,  0.0,  0.0,  0.0,  0.0,  0.0, 0.0,   9.0,    9.0,   1.0,   0.0,     1.0,    46.0, -1.0   ,     0.0,     0.0,     0.0,     0.0,     0.0,     4.0
chaseke01, 1990,     1, STL , NHL , R  ,  2.0,  1.0,   0.0,   1.0,  15.0, 1.0  ,  0.0,  0.0,  0.0,  0.0,  1.0, 0.0,   1.0,    6.0,   0.0,   0.0,     0.0,    18.0, -1.0   ,     0.0,     0.0,     0.0,     0.0,     0.0,     0.0
chaseke01, 1991,     1, STL , NHL , R  , 46.0,  1.0,   2.0,   3.0, 264.0, -6.0 ,  0.0,  0.0,  0.0,  0.0,  0.0, 0.0,  29.0,    1.0,   0.0,   0.0,     0.0,     7.0, 0.0    ,     0.0,     0.0,     0.0,     0.0,     0.0,     0.0
chaseke01, 1992,     1, STL , NHL , R  , 49.0,  2.0,   5.0,   7.0, 204.0, -9.0 ,  0.0,  0.0,  0.0,  0.0,  0.0, 0.0,  28.0,       ,      ,      ,        ,        ,        ,        ,        ,        ,        ,        ,      
chaseke01, 1993,     1, STL , NHL , R  , 68.0,  2.0,   5.0,   7.0, 278.0, -5.0 ,  0.0,  0.0,  0.0,  0.0,  0.0, 0.0,  57.0,    4.0,   0.0,   1.0,     1.0,     6.0, 0.0    ,     0.0,     0.0,     0.0,     0.0,     0.0,     3.0
chaseke01, 1994,     1, HAR , NHL , R  , 28.0,  0.0,   4.0,   4.0, 141.0, 1.0  ,  0.0,  0.0,  0.0,  0.0,  0.0, 0.0,  15.0,       ,      ,      ,        ,        ,        ,        ,        ,        ,        ,        ,      
chaseke01, 1995,     1, HAR , NHL , R  , 55.0,  2.0,   4.0,   6.0, 230.0, -4.0 ,  0.0,  0.0,  0.0,  0.0,  1.0, 0.0,  19.0,       ,      ,      ,        ,        ,        ,        ,        ,        ,        ,        ,      
chaseke01, 1996,     1, HAR , NHL , R  , 28.0,  1.0,   2.0,   3.0, 122.0, 2.0  ,  0.0,  0.0,  0.0,  0.0,  0.0, 0.0,   5.0,       ,      ,      ,        ,        ,        ,        ,        ,        ,        ,        ,      
chaseke01, 1996,     2, TOR , NHL , R  ,  2.0,  0.0,   0.0,   0.0,  27.0, 0.0  ,  0.0,  0.0,  0.0,  0.0,  0.0, 0.0,   1.0,       ,      ,      ,        ,        ,        ,        ,        ,        ,        ,        ,      
chaseke01, 1997,     1, STL , NHL , R  , 67.0,  4.0,   3.0,   7.0, 231.0, 10.0 ,  0.0,  0.0,  0.0,  0.0,  1.0, 0.0,  29.0,    7.0,   0.0,   0.0,     0.0,    23.0, -2.0   ,     0.0,     0.0,     0.0,     0.0,     0.0,     0.0
chaseke01, 1998,     1, STL , NHL , R  , 45.0,  3.0,   7.0,  10.0, 143.0, 2.0  ,  0.0,  1.0,  0.0,  0.0,  1.0, 0.0,  25.0,       ,      ,      ,        ,        ,        ,        ,        ,        ,        ,        ,      
chaseke01, 1999,     1, STL , NHL , R  , 25.0,  0.0,   1.0,   1.0, 118.0, -5.0 ,  0.0,  0.0,  0.0,  0.0,  0.0, 0.0,  14.0,       ,      ,      ,        ,        ,        ,        ,        ,        ,        ,        ,      
chassde01, 1993,     1, STL , NHL , R  ,  3.0,  0.0,   1.0,   1.0,  15.0, 1.0  ,  0.0,  0.0,  0.0,  0.0,  0.0, 0.0,   5.0,       ,      ,      ,        ,        ,        ,        ,        ,        ,        ,        ,      
chassde01, 1994,     1, STL , NHL , R  , 47.0,  7.0,   9.0,  16.0, 133.0, 12.0 ,  1.0,  0.0,  0.0,  0.0,  0.0, 0.0,  48.0,    7.0,   1.0,   7.0,     8.0,    23.0, 7.0    ,     0.0,     0.0,     0.0,     0.0,     0.0,    10.0
chassde01, 1995,     1, STL , NHL , R  , 42.0,  3.0,   0.0,   3.0, 108.0, -9.0 ,  1.0,  0.0,  0.0,  0.0,  1.0, 0.0,  25.0,       ,      ,      ,        ,        ,        ,        ,        ,        ,        ,        ,      
chassde01, 1995,     2, WAS , NHL , R  ,  3.0,  0.0,   0.0,   0.0,   5.0, -1.0 ,  0.0,  0.0,  0.0,  0.0,  0.0, 0.0,   3.0,       ,      ,      ,        ,        ,        ,        ,        ,        ,        ,        ,      
chassde01, 1995,     3, WIN , NHL , R  , 15.0,  0.0,   0.0,   0.0,  12.0, -4.0 ,  0.0,  0.0,  0.0,  0.0,  0.0, 0.0,   3.0,       ,      ,      ,        ,        ,        ,        ,        ,        ,        ,        ,      
chassde01, 1996,     1, OTT , NHL , R  , 22.0,  1.0,   4.0,   5.0,  19.0, 3.0  ,  0.0,  0.0,  0.0,  0.0,  0.0, 0.0,  12.0,       ,      ,      ,        ,        ,        ,        ,        ,        ,        ,        ,      
chebavl01, 1997,     1, NYI , NHL , D  ,  2.0,  0.0,   2.0,   2.0,   0.0, -1.0 ,  0.0,  0.0,  0.0,  0.0,  0.0, 0.0,   0.0,       ,      ,      ,        ,        ,        ,        ,        ,        ,        ,        ,      
chebavl01, 1998,     1, NYI , NHL , D  ,  8.0,  0.0,   0.0,   0.0,  12.0, 6.0  ,  0.0,  0.0,  0.0,  0.0,  0.0, 0.0,   4.0,       ,      ,      ,        ,        ,        ,        ,        ,        ,        ,        ,      
chebavl01, 1999,     1, NYI , NHL , D  , 17.0,  1.0,   1.0,   2.0,   8.0, -3.0 ,  0.0,  0.0,  0.0,  0.0,  0.0, 0.0,   9.0,       ,      ,      ,        ,        ,        ,        ,        ,        ,        ,        ,      
chebavl01, 2000,     1, STL , NHL , D  , 22.0,  1.0,   2.0,   3.0,  26.0, 5.0  ,  0.0,  0.0,  0.0,  0.0,  0.0, 0.0,   5.0,       ,      ,      ,        ,        ,        ,        ,        ,        ,        ,        ,      
chebavl01, 2001,     1, CHI , NHL , D  , 13.0,  0.0,   2.0,   2.0,   6.0, 0.0  ,  0.0,  0.0,  0.0,  0.0,  0.0, 0.0,   8.0,    3.0,   0.0,   0.0,     0.0,     2.0, -2.0   ,     0.0,     0.0,     0.0,     0.0,     0.0,     1.0
checklu01, 1943,     1, DET , NHL , L  ,  1.0,  0.0,   0.0,   0.0,   0.0,      ,     ,     ,     ,     ,     ,    ,      ,       ,      ,      ,        ,        ,        ,        ,        ,        ,        ,        ,      
checklu01, 1944,     1, CHI , NHL , L  , 26.0,  6.0,   2.0,   8.0,   4.0,      ,     ,     ,     ,     ,     ,    ,      ,       ,      ,      ,        ,        ,        ,        ,        ,        ,        ,        ,      
cheecjo01, 2002,     1, SJS , NHL , R  , 66.0,  9.0,   7.0,  16.0,  39.0, -5.0 ,  0.0,  0.0,  0.0,  0.0,  3.0, 1.0,  94.0,       ,      ,      ,        ,        ,        ,        ,        ,        ,        ,        ,      
cheecjo01, 2003,     1, SJS , NHL , R  , 81.0, 28.0,  19.0,  47.0,  33.0, 5.0  ,  8.0,  7.0,  0.0,  0.0,  9.0, 1.0, 175.0,   17.0,   4.0,   6.0,    10.0,    10.0, 4.0    ,     1.0,     1.0,     0.0,     0.0,     0.0,    34.0
cheecjo01, 2005,     1, SJS , NHL , R  , 82.0, 56.0,  37.0,  93.0,  58.0, 23.0 , 24.0, 17.0,  2.0,  0.0, 11.0,    , 317.0,   11.0,   4.0,   5.0,     9.0,     8.0, -1.0   ,     1.0,     3.0,     0.0,     0.0,     1.0,    46.0
cheecjo01, 2006,     1, SJS , NHL , R  , 76.0, 37.0,  32.0,  69.0,  69.0, 11.0 , 15.0, 15.0,  0.0,  0.0,  5.0,    , 250.0,   11.0,   3.0,   3.0,     6.0,     6.0, 1.0    ,     1.0,     0.0,     0.0,     0.0,     1.0,    27.0
cheecjo01, 2007,     1, SJS , NHL , R  , 69.0, 23.0,  14.0,  37.0,  46.0, 11.0 , 10.0,  5.0,  0.0,  0.0,  4.0,    , 220.0,   13.0,   4.0,   4.0,     8.0,     4.0, 3.0    ,     0.0,     2.0,     0.0,     0.0,     1.0,    34.0
cheecjo01, 2008,     1, SJS , NHL , R  , 66.0, 12.0,  17.0,  29.0,  59.0, -3.0 ,  5.0,  4.0,  1.0,  0.0,  4.0,    , 152.0,    6.0,   1.0,   1.0,     2.0,     4.0, 1.0    ,     0.0,     0.0,     0.0,     0.0,     0.0,    17.0
cheecjo01, 2009,     1, OTT , NHL , R  , 61.0,  5.0,   9.0,  14.0,  20.0, -13.0,  0.0,  0.0,  0.0,  0.0,  0.0,    , 117.0,    1.0,   0.0,   0.0,     0.0,     0.0, 0.0    ,     0.0,     0.0,     0.0,     0.0,     0.0,     0.0
cheevge01, 1961,     1, TOR , NHL , G  ,  2.0,  0.0,   0.0,   0.0,   0.0,      ,     ,     ,     ,     ,     ,    ,      ,       ,      ,      ,        ,        ,        ,        ,        ,        ,        ,        ,      
cheevge01, 1965,     1, BOS , NHL , G  ,  7.0,  0.0,   0.0,   0.0,   0.0,      ,  0.0,     ,  0.0,     ,  0.0, 0.0,      ,       ,      ,      ,        ,        ,        ,        ,        ,        ,        ,        ,      
cheevge01, 1966,     1, BOS , NHL , G  , 22.0,  0.0,   0.0,   0.0,  12.0,      ,  0.0,     ,  0.0,     ,  0.0, 0.0,      ,       ,      ,      ,        ,        ,        ,        ,        ,        ,        ,        ,      
cheevge01, 1967,     1, BOS , NHL , G  , 47.0,  0.0,   2.0,   2.0,   8.0, 0.0  ,  0.0,     ,  0.0,     ,  0.0, 0.0,   0.0,    4.0,   0.0,   0.0,     0.0,     4.0,        ,     0.0,        ,     0.0,        ,     0.0,      
cheevge01, 1968,     1, BOS , NHL , G  , 52.0,  0.0,   0.0,   0.0,  14.0, 0.0  ,  0.0,     ,  0.0,     ,  0.0, 0.0,   0.0,    9.0,   0.0,   0.0,     0.0,    17.0,        ,     0.0,        ,     0.0,        ,     0.0,      
cheevge01, 1969,     1, BOS , NHL , G  , 41.0,  0.0,   0.0,   0.0,   4.0, 0.0  ,  0.0,     ,  0.0,     ,  0.0, 0.0,   0.0,   13.0,   0.0,   1.0,     1.0,     2.0,        ,     0.0,        ,     0.0,        ,     0.0,      
cheevge01, 1970,     1, BOS , NHL , G  , 40.0,  0.0,   0.0,   0.0,   4.0, 0.0  ,  0.0,     ,  0.0,     ,  0.0, 0.0,   0.0,    6.0,   0.0,   0.0,     0.0,     4.0,        ,     0.0,        ,     0.0,        ,     0.0,      
cheevge01, 1971,     1, BOS , NHL , G  , 41.0,  0.0,   2.0,   2.0,  25.0, 0.0  ,  0.0,     ,  0.0,     ,  0.0, 0.0,   0.0,    8.0,   0.0,   0.0,     0.0,     0.0,        ,     0.0,        ,     0.0,        ,     0.0,      
cheevge01, 1972,     1, CLC , WHA , G  , 52.0,  0.0,   1.0,   1.0,  30.0,      ,  0.0,     ,  0.0,     ,     ,    ,      ,    9.0,   0.0,   0.0,     0.0,     4.0,        ,     0.0,        ,     0.0,        ,     0.0,      
cheevge01, 1973,     1, CLC , WHA , G  , 59.0,  0.0,   0.0,   0.0,  30.0,      ,  0.0,     ,  0.0,     ,  0.0,    ,      ,    5.0,   0.0,   0.0,     0.0,     6.0,        ,        ,        ,        ,        ,     0.0,      
cheevge01, 1974,     1, CLC , WHA , G  , 52.0,  0.0,   1.0,   1.0,  59.0,      ,  0.0,     ,  0.0,     ,  0.0,    ,   0.0,    5.0,   0.0,   0.0,     0.0,     0.0,        ,     0.0,        ,     0.0,        ,     0.0,      
cheevge01, 1975,     1, CLC , WHA , G  , 28.0,  0.0,   0.0,   0.0,  15.0, 0.0  ,  0.0,     ,  0.0,     ,  0.0,    ,   0.0,       ,      ,      ,        ,        ,        ,        ,        ,        ,        ,        ,      
cheevge01, 1975,     2, BOS , NHL , G  , 15.0,  0.0,   0.0,   0.0,   2.0, 0.0  ,  0.0,     ,  0.0,     ,  0.0, 0.0,   0.0,    6.0,   0.0,   0.0,     0.0,     0.0,        ,     0.0,        ,     0.0,        ,     0.0,      
cheevge01, 1976,     1, BOS , NHL , G  , 45.0,  0.0,   4.0,   4.0,  46.0, 0.0  ,  0.0,     ,  0.0,     ,  0.0, 0.0,   0.0,   14.0,   0.0,   0.0,     0.0,     4.0,        ,     0.0,        ,     0.0,        ,     0.0,      
cheevge01, 1977,     1, BOS , NHL , G  , 21.0,  0.0,   1.0,   1.0,  14.0, 0.0  ,  0.0,     ,  0.0,     ,  0.0, 0.0,   0.0,   12.0,   0.0,   0.0,     0.0,     6.0,        ,     0.0,        ,     0.0,        ,     0.0,      
cheevge01, 1978,     1, BOS , NHL , G  , 43.0,  0.0,   2.0,   2.0,  23.0, 0.0  ,  0.0,     ,  0.0,     ,  0.0, 0.0,   0.0,    6.0,   0.0,   0.0,     0.0,     0.0,        ,     0.0,        ,     0.0,        ,     0.0,      
cheevge01, 1979,     1, BOS , NHL , G  , 42.0,  0.0,   0.0,   0.0,  62.0, 0.0  ,  0.0,     ,  0.0,     ,  0.0, 0.0,   0.0,   10.0,   0.0,   0.0,     0.0,     0.0,        ,     0.0,        ,     0.0,        ,     0.0,      
chelich01, 1983,     1, MTL , NHL , D  , 12.0,  0.0,   2.0,   2.0,  12.0, -5.0 ,  0.0,     ,  0.0,     ,  0.0, 0.0,  23.0,   15.0,   1.0,   9.0,    10.0,    17.0, 3.0    ,     1.0,        ,     0.0,        ,     0.0,    25.0
chelich01, 1984,     1, MTL , NHL , D  , 74.0,  9.0,  55.0,  64.0,  87.0, 11.0 ,  2.0,     ,  1.0,     ,  0.0, 0.0, 199.0,    9.0,   2.0,   8.0,    10.0,    17.0, 2.0    ,     2.0,        ,     0.0,        ,     0.0,    19.0
chelich01, 1985,     1, MTL , NHL , D  , 41.0,  8.0,  26.0,  34.0,  67.0, 4.0  ,  2.0,     ,  0.0,     ,  0.0, 0.0, 101.0,   20.0,   2.0,   9.0,    11.0,    49.0, 3.0    ,     1.0,        ,     0.0,        ,     0.0,    57.0
chelich01, 1986,     1, MTL , NHL , D  , 71.0, 11.0,  33.0,  44.0, 124.0, -5.0 ,  6.0,     ,  0.0,     ,  2.0, 0.0, 141.0,   17.0,   4.0,   9.0,    13.0,    38.0, -1.0   ,     2.0,        ,     1.0,        ,     0.0,    49.0
chelich01, 1987,     1, MTL , NHL , D  , 71.0, 20.0,  41.0,  61.0, 172.0, 14.0 , 10.0, 14.0,  1.0,  1.0,  5.0, 3.0, 199.0,   11.0,   3.0,   1.0,     4.0,    29.0, 3.0    ,     1.0,     0.0,     0.0,     1.0,     0.0,    39.0
chelich01, 1988,     1, MTL , NHL , D  , 80.0, 15.0,  58.0,  73.0, 185.0, 35.0 ,  8.0, 30.0,  0.0,  1.0,  6.0, 0.0, 206.0,   21.0,   4.0,  15.0,    19.0,    28.0, 2.0    ,     1.0,     8.0,     0.0,     0.0,     2.0,    53.0
chelich01, 1989,     1, MTL , NHL , D  , 53.0,  9.0,  22.0,  31.0, 136.0, 20.0 ,  1.0,  7.0,  2.0,  0.0,  1.0, 0.0, 123.0,    5.0,   0.0,   1.0,     1.0,     8.0, -4.0   ,     0.0,     0.0,     0.0,     0.0,     0.0,     6.0
chelich01, 1990,     1, CHI , NHL , D  , 77.0, 12.0,  52.0,  64.0, 192.0, 23.0 ,  5.0, 29.0,  2.0,  5.0,  2.0, 0.0, 187.0,    6.0,   1.0,   7.0,     8.0,    46.0, 2.0    ,     1.0,     2.0,     0.0,     0.0,     0.0,    11.0
chelich01, 1991,     1, CHI , NHL , D  , 80.0,  9.0,  47.0,  56.0, 245.0, 24.0 ,  2.0, 22.0,  2.0,  1.0,  2.0, 1.0, 239.0,   18.0,   6.0,  15.0,    21.0,    37.0, 19.0   ,     3.0,     3.0,     0.0,     0.0,     1.0,    54.0
chelich01, 1992,     1, CHI , NHL , D  , 84.0, 15.0,  58.0,  73.0, 282.0, 14.0 ,  8.0, 39.0,  0.0,  4.0,  2.0, 0.0, 290.0,    4.0,   0.0,   2.0,     2.0,    14.0, -1.0   ,     0.0,     1.0,     0.0,     0.0,     0.0,    18.0
chelich01, 1993,     1, CHI , NHL , D  , 76.0, 16.0,  44.0,  60.0, 212.0, 12.0 ,  7.0, 26.0,  1.0,  3.0,  2.0, 0.0, 219.0,    6.0,   1.0,   1.0,     2.0,     8.0, 0.0    ,     1.0,     1.0,     0.0,     0.0,     0.0,    29.0
chelich01, 1994,     1, CHI , NHL , D  , 48.0,  5.0,  33.0,  38.0,  72.0, 17.0 ,  3.0, 20.0,  1.0,  1.0,  0.0, 0.0, 166.0,   16.0,   4.0,   7.0,    11.0,    12.0, 6.0    ,     0.0,     3.0,     1.0,     0.0,     3.0,    49.0
chelich01, 1995,     1, CHI , NHL , D  , 81.0, 14.0,  58.0,  72.0, 140.0, 25.0 ,  7.0, 24.0,  0.0,  6.0,  3.0, 0.0, 219.0,    9.0,   0.0,   3.0,     3.0,     8.0, 2.0    ,     0.0,     2.0,     0.0,     0.0,     0.0,    28.0
chelich01, 1996,     1, CHI , NHL , D  , 72.0, 10.0,  38.0,  48.0, 112.0, 16.0 ,  2.0, 18.0,  0.0,  1.0,  2.0, 0.0, 194.0,    6.0,   0.0,   1.0,     1.0,     8.0, -2.0   ,     0.0,     0.0,     0.0,     0.0,     0.0,    18.0
chelich01, 1997,     1, CHI , NHL , D  , 81.0,  3.0,  39.0,  42.0, 151.0, -7.0 ,  1.0, 22.0,  0.0,  0.0,  0.0, 0.0, 205.0,       ,      ,      ,        ,        ,        ,        ,        ,        ,        ,        ,      
chelich01, 1998,     1, CHI , NHL , D  , 65.0,  8.0,  26.0,  34.0,  89.0, -4.0 ,  2.0, 10.0,  1.0,  1.0,  0.0, 1.0, 172.0,       ,      ,      ,        ,        ,        ,        ,        ,        ,        ,        ,      
chelich01, 1998,     2, DET , NHL , D  , 10.0,  1.0,   1.0,   2.0,   4.0, 5.0  ,  1.0,  1.0,  0.0,  0.0,  1.0, 0.0,  15.0,   10.0,   0.0,   4.0,     4.0,    14.0, -6.0   ,     0.0,     3.0,     0.0,     0.0,     0.0,    21.0
chelich01, 1999,     1, DET , NHL , D  , 81.0,  3.0,  31.0,  34.0, 103.0, 48.0 ,  0.0,  4.0,  0.0,  2.0,  0.0, 0.0, 135.0,    9.0,   0.0,   1.0,     1.0,     8.0, -3.0   ,     0.0,     0.0,     0.0,     0.0,     0.0,    11.0
chelich01, 2000,     1, DET , NHL , D  , 24.0,  0.0,   3.0,   3.0,  45.0, 4.0  ,  0.0,  0.0,  0.0,  1.0,  0.0, 0.0,  26.0,    5.0,   1.0,   0.0,     1.0,     2.0, -1.0   ,     0.0,     0.0,     0.0,     0.0,     0.0,     9.0
chelich01, 2001,     1, DET , NHL , D  , 79.0,  6.0,  33.0,  39.0, 126.0, 40.0 ,  1.0,  6.0,  0.0,  3.0,  1.0, 0.0, 128.0,   23.0,   1.0,  13.0,    14.0,    44.0, 15.0   ,     1.0,     3.0,     0.0,     3.0,     0.0,    28.0
chelich01, 2002,     1, DET , NHL , D  , 66.0,  2.0,  17.0,  19.0,  78.0, 4.0  ,  0.0,  3.0,  1.0,  1.0,  1.0, 0.0,  92.0,    4.0,   0.0,   0.0,     0.0,     2.0, -3.0   ,     0.0,     0.0,     0.0,     0.0,     0.0,     4.0
chelich01, 2003,     1, DET , NHL , D  , 69.0,  2.0,  19.0,  21.0,  61.0, 12.0 ,  0.0,  0.0,  0.0,  0.0,  0.0, 0.0, 113.0,    8.0,   0.0,   1.0,     1.0,     4.0, 1.0    ,     0.0,     0.0,     0.0,     1.0,     0.0,    14.0
chelich01, 2005,     1, DET , NHL , D  , 81.0,  4.0,   7.0,  11.0, 108.0, 22.0 ,  1.0,  1.0,  1.0,  2.0,  0.0,    ,  83.0,    6.0,   0.0,   0.0,     0.0,     6.0, 2.0    ,     0.0,     0.0,     0.0,     0.0,     0.0,     3.0
chelich01, 2006,     1, DET , NHL , D  , 71.0,  0.0,  11.0,  11.0,  34.0, 11.0 ,  0.0,  0.0,  0.0,  1.0,  0.0,    ,  72.0,   18.0,   1.0,   6.0,     7.0,    12.0, 7.0    ,     0.0,     0.0,     1.0,     0.0,     0.0,    27.0
chelich01, 2007,     1, DET , NHL , D  , 69.0,  3.0,   9.0,  12.0,  36.0, 11.0 ,  0.0,  0.0,  0.0,  0.0,  1.0,    ,  60.0,   14.0,   0.0,   0.0,     0.0,    10.0, 2.0    ,     0.0,     0.0,     0.0,     0.0,     0.0,    11.0
chelich01, 2008,     1, DET , NHL , D  , 28.0,  0.0,   0.0,   0.0,  18.0, 1.0  ,  0.0,  0.0,  0.0,  0.0,  0.0,    ,  14.0,    6.0,   0.0,   0.0,     0.0,     2.0, 0.0    ,     0.0,     0.0,     0.0,     0.0,     0.0,     4.0
chelich01, 2009,     1, ATL , NHL , D  ,  7.0,  0.0,   0.0,   0.0,   0.0, -2.0 ,  0.0,  0.0,  0.0,  0.0,  0.0,    ,   5.0,       ,      ,      ,        ,        ,        ,        ,        ,        ,        ,        ,      
chernmi01, 1968,     1, MNS , NHL , L  ,  1.0,  0.0,   0.0,   0.0,   0.0, 0.0  ,  0.0,     ,  0.0,     ,  0.0, 0.0,   0.0,       ,      ,      ,        ,        ,        ,        ,        ,        ,        ,        ,      
chernmi01, 1973,     1, VAB , WHA , L  , 36.0, 11.0,  10.0,  21.0,   4.0,      ,  0.0,     ,  1.0,     ,  1.0,    ,      ,       ,      ,      ,        ,        ,        ,        ,        ,        ,        ,        ,      
chernmi01, 1974,     1, VAB , WHA , L  ,  3.0,  0.0,   0.0,   0.0,   0.0,      ,  0.0,     ,  0.0,     ,  0.0,    ,   3.0,       ,      ,      ,        ,        ,        ,        ,        ,        ,        ,        ,      
chernri01, 1981,     1, COR , NHL , R  ,  2.0,  0.0,   0.0,   0.0,   0.0, -2.0 ,  0.0,     ,  0.0,     ,  0.0, 0.0,   2.0,       ,      ,      ,        ,        ,        ,        ,        ,        ,        ,        ,      
chernri01, 1983,     1, NJD , NHL , R  ,  7.0,  2.0,   1.0,   3.0,   2.0, -3.0 ,  0.0,     ,  0.0,     ,  0.0, 0.0,   7.0,       ,      ,      ,        ,        ,        ,        ,        ,        ,        ,        ,      
chernri01, 1984,     1, NJD , NHL , R  ,  3.0,  0.0,   2.0,   2.0,   2.0, 2.0  ,  0.0,     ,  0.0,     ,  0.0, 0.0,   2.0,       ,      ,      ,        ,        ,        ,        ,        ,        ,        ,        ,      
chernri01, 1986,     1, NJD , NHL , R  , 25.0,  6.0,   4.0,  10.0,   8.0, -11.0,  2.0,     ,  0.0,     ,  0.0, 0.0,  44.0,       ,      ,      ,        ,        ,        ,        ,        ,        ,        ,        ,      
chernri01, 1987,     1, CAL , NHL , R  ,  2.0,  1.0,   0.0,   1.0,   0.0, 1.0  ,  0.0,  0.0,  0.0,  0.0,  0.0, 0.0,   5.0,       ,      ,      ,        ,        ,        ,        ,        ,        ,        ,        ,      
chernri01, 1988,     1, CAL , NHL , R  ,  1.0,  0.0,   0.0,   0.0,   0.0, -1.0 ,  0.0,  0.0,  0.0,  0.0,  0.0, 0.0,   2.0,       ,      ,      ,        ,        ,        ,        ,        ,        ,        ,        ,      
chernri01, 1991,     1, CAL , NHL , R  , 11.0,  0.0,   0.0,   0.0,   6.0, -9.0 ,  0.0,  0.0,  0.0,  0.0,  0.0, 0.0,  21.0,       ,      ,      ,        ,        ,        ,        ,        ,        ,        ,        ,      
cherrdi01, 1956,     1, BOS , NHL , D  ,  6.0,  0.0,   0.0,   0.0,   4.0,      ,     ,     ,     ,     ,     ,    ,      ,       ,      ,      ,        ,        ,        ,        ,        ,        ,        ,        ,      
cherrdi01, 1968,     1, PHI , NHL , D  , 71.0,  9.0,   6.0,  15.0,  18.0, -11.0,  1.0,     ,  1.0,     ,  2.0, 1.0,  91.0,    4.0,   1.0,   0.0,     1.0,     4.0,        ,     0.0,        ,     0.0,        ,     0.0,      
cherrdi01, 1969,     1, PHI , NHL , D  , 68.0,  3.0,   4.0,   7.0,  23.0, -24.0,  0.0,     ,  1.0,     ,  1.0, 1.0,  99.0,       ,      ,      ,        ,        ,        ,        ,        ,        ,        ,        ,      
cherrdo01, 1954,     1, BOS , NHL , D  ,     ,     ,      ,      ,      ,      ,     ,     ,     ,     ,     ,    ,      ,    1.0,   0.0,   0.0,     0.0,     0.0,        ,        ,        ,        ,        ,        ,      
chervde01, 1992,     1, BOS , NHL , D  ,  2.0,  0.0,   0.0,   0.0,   2.0, -1.0 ,  0.0,  0.0,  0.0,  0.0,  0.0, 0.0,   2.0,       ,      ,      ,        ,        ,        ,        ,        ,        ,        ,        ,      
cheveti01, 1988,     1, DET , NHL , G  ,  2.0,  0.0,   0.0,   0.0,   0.0, 0.0  ,  0.0,  0.0,  0.0,  0.0,  0.0, 0.0,   0.0,       ,      ,      ,        ,        ,        ,        ,        ,        ,        ,        ,      
cheveti01, 1989,     1, DET , NHL , G  , 28.0,  0.0,   1.0,   1.0,   2.0, 0.0  ,  0.0,     ,  0.0,     ,  0.0, 0.0,   0.0,       ,      ,      ,        ,        ,        ,        ,        ,        ,        ,        ,      
cheveti01, 1990,     1, DET , NHL , G  , 65.0,  0.0,   5.0,   5.0,   2.0, 0.0  ,  0.0,     ,  0.0,     ,  0.0, 0.0,   0.0,    7.0,   0.0,   0.0,     0.0,     0.0, 0.0    ,     0.0,     0.0,     0.0,     0.0,     0.0,     0.0
cheveti01, 1991,     1, DET , NHL , G  , 72.0,  0.0,   4.0,   4.0,   6.0, 0.0  ,  0.0,  1.0,  0.0,  0.0,  0.0, 0.0,   0.0,   11.0,   0.0,   1.0,     1.0,     6.0, 0.0    ,     0.0,        ,     0.0,        ,     0.0,     0.0
cheveti01, 1992,     1, DET , NHL , G  , 67.0,  0.0,   4.0,   4.0,   4.0, 0.0  ,  0.0,  0.0,  0.0,  3.0,  0.0, 0.0,   0.0,    7.0,   0.0,   2.0,     2.0,     2.0, 0.0    ,     0.0,        ,     0.0,        ,     0.0,     0.0
cheveti01, 1993,     1, DET , NHL , G  , 30.0,  0.0,   1.0,   1.0,   0.0, 0.0  ,  0.0,  1.0,  0.0,  0.0,  0.0, 0.0,   0.0,       ,      ,      ,        ,        ,        ,        ,        ,        ,        ,        ,      
cheveti01, 1993,     2, WIN , NHL , G  , 14.0,  0.0,   0.0,   0.0,   2.0, 0.0  ,  0.0,  0.0,  0.0,  0.0,  0.0, 0.0,   0.0,       ,      ,      ,        ,        ,        ,        ,        ,        ,        ,        ,      
cheveti01, 1994,     1, WIN , NHL , G  , 30.0,  0.0,   1.0,   1.0,   2.0, 0.0  ,  0.0,  0.0,  0.0,  0.0,  0.0, 0.0,   0.0,       ,      ,      ,        ,        ,        ,        ,        ,        ,        ,        ,      
cheveti01, 1995,     1, WIN , NHL , G  , 30.0,  0.0,   0.0,   0.0,   0.0, 0.0  ,  0.0,  0.0,  0.0,  0.0,  0.0, 0.0,   0.0,       ,      ,      ,        ,        ,        ,        ,        ,        ,        ,        ,      
cheveti01, 1996,     1, BOS , NHL , G  ,  2.0,  0.0,   0.0,   0.0,   0.0, 0.0  ,  0.0,  0.0,  0.0,  0.0,  0.0, 0.0,   0.0,       ,      ,      ,        ,        ,        ,        ,        ,        ,        ,        ,      
chevral01, 1985,     1, NJD , NHL , G  , 37.0,  0.0,   3.0,   3.0,   0.0, 0.0  ,  0.0,     ,  0.0,     ,  0.0, 0.0,   0.0,       ,      ,      ,        ,        ,        ,        ,        ,        ,        ,        ,      
chevral01, 1986,     1, NJD , NHL , G  , 58.0,  0.0,   0.0,   0.0,  17.0, 0.0  ,  0.0,     ,  0.0,     ,  0.0, 0.0,   0.0,       ,      ,      ,        ,        ,        ,        ,        ,        ,        ,        ,      
chevral01, 1987,     1, NJD , NHL , G  , 45.0,  0.0,   1.0,   1.0,   8.0, 0.0  ,  0.0,     ,  0.0,     ,  0.0, 0.0,   0.0,       ,      ,      ,        ,        ,        ,        ,        ,        ,        ,        ,      
chevral01, 1988,     1, WIN , NHL , G  , 22.0,  0.0,   4.0,   4.0,   2.0, 0.0  ,  0.0,     ,  0.0,     ,  0.0, 0.0,   0.0,       ,      ,      ,        ,        ,        ,        ,        ,        ,        ,        ,      
chevral01, 1988,     2, CHI , NHL , G  , 27.0,  0.0,   0.0,   0.0,   0.0, 0.0  ,  0.0,  0.0,  0.0,  0.0,  0.0, 0.0,   0.0,   16.0,   0.0,   1.0,     1.0,     0.0, 0.0    ,     0.0,        ,     0.0,        ,     0.0,     0.0
chevral01, 1989,     1, CHI , NHL , G  , 39.0,  0.0,   2.0,   2.0,   6.0, 0.0  ,  0.0,     ,  0.0,     ,  0.0, 0.0,   0.0,       ,      ,      ,        ,        ,        ,        ,        ,        ,        ,        ,      
chevral01, 1989,     2, PIT , NHL , G  ,  3.0,  0.0,   1.0,   1.0,   2.0, 0.0  ,  0.0,     ,  0.0,     ,  0.0, 0.0,   0.0,       ,      ,      ,        ,        ,        ,        ,        ,        ,        ,        ,      
chevral01, 1990,     1, DET , NHL , G  ,  3.0,  0.0,   0.0,   0.0,   0.0, 0.0  ,  0.0,  0.0,  0.0,  0.0,  0.0, 0.0,   0.0,       ,      ,      ,        ,        ,        ,        ,        ,        ,        ,        ,      
chevrre01, 1951,     1, BOS , NHL , L  , 33.0,  8.0,  17.0,  25.0,   8.0,      ,     ,     ,     ,     ,     ,    ,      ,    7.0,   1.0,   1.0,     2.0,     6.0,        ,        ,        ,        ,        ,        ,      
chevrre01, 1952,     1, BOS , NHL , L  , 69.0, 19.0,  14.0,  33.0,  44.0,      ,     ,     ,     ,     ,     ,    ,      ,    7.0,   0.0,   1.0,     1.0,     6.0,        ,        ,        ,        ,        ,        ,      
chevrre01, 1953,     1, BOS , NHL , L  , 14.0,  4.0,   1.0,   5.0,   2.0,      ,     ,     ,     ,     ,     ,    ,      ,       ,      ,      ,        ,        ,        ,        ,        ,        ,        ,        ,      
chevrre01, 1954,     1, BOS , NHL , L  , 64.0, 18.0,  22.0,  40.0,  30.0,      ,     ,     ,     ,     ,     ,    ,      ,    5.0,   2.0,   1.0,     3.0,     4.0,        ,        ,        ,        ,        ,        ,      
chevrre01, 1955,     1, DET , NHL , L  , 38.0,  3.0,   4.0,   7.0,  24.0,      ,     ,     ,     ,     ,     ,    ,      ,       ,      ,      ,        ,        ,        ,        ,        ,        ,        ,        ,      
chevrre01, 1955,     2, BOS , NHL , L  , 25.0, 11.0,   8.0,  19.0,  10.0,      ,     ,     ,     ,     ,     ,    ,      ,       ,      ,      ,        ,        ,        ,        ,        ,        ,        ,        ,      
chevrre01, 1956,     1, BOS , NHL , L  , 70.0, 31.0,  17.0,  48.0,  38.0,      ,     ,     ,     ,     ,     ,    ,      ,   10.0,   2.0,   1.0,     3.0,     4.0,        ,        ,        ,        ,        ,        ,      
chevrre01, 1957,     1, BOS , NHL , L  , 44.0,  9.0,   9.0,  18.0,  21.0,      ,     ,     ,     ,     ,     ,    ,      ,    1.0,   0.0,   0.0,     0.0,     0.0,        ,        ,        ,        ,        ,        ,      
chevrre01, 1958,     1, BOS , NHL , L  , 30.0,  1.0,   5.0,   6.0,   8.0,      ,     ,     ,     ,     ,     ,    ,      ,       ,      ,      ,        ,        ,        ,        ,        ,        ,        ,        ,      
chiasst01, 1986,     1, DET , NHL , D  , 45.0,  1.0,   4.0,   5.0,  73.0, -7.0 ,  0.0,     ,  0.0,     ,  0.0, 0.0,  44.0,    2.0,   0.0,   0.0,     0.0,    19.0, 0.0    ,     0.0,        ,     0.0,        ,     0.0,     0.0
chiasst01, 1987,     1, DET , NHL , D  , 29.0,  2.0,   9.0,  11.0,  57.0, 15.0 ,  0.0,  2.0,  0.0,  1.0,  0.0, 0.0,  45.0,    9.0,   2.0,   2.0,     4.0,    31.0, 0.0    ,     1.0,     1.0,     0.0,     0.0,     0.0,    12.0
chiasst01, 1988,     1, DET , NHL , D  , 65.0, 12.0,  35.0,  47.0, 149.0, -6.0 ,  5.0, 11.0,  2.0,  2.0,  0.0, 0.0, 187.0,    5.0,   2.0,   1.0,     3.0,     6.0, -3.0   ,     1.0,     1.0,     0.0,     0.0,     0.0,    18.0
chiasst01, 1989,     1, DET , NHL , D  , 67.0, 14.0,  28.0,  42.0, 114.0, -16.0,  4.0, 12.0,  0.0,  0.0,  2.0, 0.0, 190.0,       ,      ,      ,        ,        ,        ,        ,        ,        ,        ,        ,      
chiasst01, 1990,     1, DET , NHL , D  , 42.0,  3.0,  17.0,  20.0,  80.0, 0.0  ,  1.0,  4.0,  0.0,  0.0,  1.0, 0.0, 101.0,    5.0,   3.0,   1.0,     4.0,    19.0, -1.0   ,     1.0,     1.0,     0.0,     0.0,     0.0,    12.0
chiasst01, 1991,     1, DET , NHL , D  , 62.0, 10.0,  24.0,  34.0, 136.0, 22.0 ,  5.0, 14.0,  0.0,  1.0,  2.0, 1.0, 143.0,   11.0,   1.0,   5.0,     6.0,    12.0, 6.0    ,     1.0,     2.0,     0.0,     1.0,     0.0,    30.0
chiasst01, 1992,     1, DET , NHL , D  , 79.0, 12.0,  50.0,  62.0, 155.0, 14.0 ,  6.0, 27.0,  0.0,  2.0,  1.0, 0.0, 227.0,    7.0,   2.0,   2.0,     4.0,    19.0, -3.0   ,     1.0,     2.0,     0.0,     0.0,     1.0,    21.0
chiasst01, 1993,     1, DET , NHL , D  , 82.0, 13.0,  33.0,  46.0, 122.0, 17.0 ,  4.0, 13.0,  1.0,  4.0,  2.0, 0.0, 238.0,    7.0,   2.0,   3.0,     5.0,     2.0, 3.0    ,     2.0,     1.0,     0.0,     0.0,     1.0,    13.0
chiasst01, 1994,     1, CAL , NHL , D  , 45.0,  2.0,  23.0,  25.0,  39.0, 10.0 ,  1.0, 11.0,  0.0,  0.0,  0.0, 0.0, 110.0,    7.0,   1.0,   2.0,     3.0,     9.0, 9.0    ,     1.0,     0.0,     0.0,     0.0,     0.0,    16.0
chiasst01, 1995,     1, CAL , NHL , D  , 76.0,  8.0,  25.0,  33.0,  62.0, 3.0  ,  5.0, 11.0,  0.0,  1.0,  2.0, 0.0, 175.0,    4.0,   2.0,   1.0,     3.0,     0.0, 0.0    ,     0.0,     0.0,     0.0,     0.0,     0.0,    20.0
chiasst01, 1996,     1, CAL , NHL , D  , 47.0,  5.0,  11.0,  16.0,  32.0, -11.0,  1.0,  5.0,  2.0,  0.0,  1.0, 0.0, 112.0,       ,      ,      ,        ,        ,        ,        ,        ,        ,        ,        ,      
chiasst01, 1996,     2, HAR , NHL , D  , 18.0,  3.0,  11.0,  14.0,   7.0, -10.0,  3.0,  8.0,  0.0,  0.0,  0.0, 0.0,  56.0,       ,      ,      ,        ,        ,        ,        ,        ,        ,        ,        ,      
chiasst01, 1997,     1, CAR , NHL , D  , 66.0,  7.0,  27.0,  34.0,  65.0, -2.0 ,  6.0, 13.0,  0.0,  0.0,  0.0, 0.0, 173.0,       ,      ,      ,        ,        ,        ,        ,        ,        ,        ,        ,      
chiasst01, 1998,     1, CAR , NHL , D  , 28.0,  1.0,   8.0,   9.0,  16.0, 7.0  ,  1.0,  4.0,  0.0,  0.0,  0.0, 0.0,  74.0,    6.0,   1.0,   2.0,     3.0,     2.0, 1.0    ,     1.0,     1.0,     0.0,     0.0,     0.0,    17.0
chibiig01, 1993,     1, HAR , NHL , C  , 37.0,  4.0,  11.0,  15.0,   2.0, 7.0  ,  0.0,  2.0,  0.0,  0.0,  1.0, 0.0,  30.0,       ,      ,      ,        ,        ,        ,        ,        ,        ,        ,        ,      
chibiig01, 1994,     1, HAR , NHL , C  ,  8.0,  3.0,   1.0,   4.0,   0.0, 1.0  ,  0.0,  0.0,  0.0,  0.0,  0.0, 0.0,   9.0,       ,      ,      ,        ,        ,        ,        ,        ,        ,        ,        ,      
chicoda01, 1977,     1, CLE , NHL , R  ,  6.0,  0.0,   0.0,   0.0,   0.0, -2.0 ,  0.0,     ,  0.0,     ,  0.0, 0.0,   5.0,       ,      ,      ,        ,        ,        ,        ,        ,        ,        ,        ,      
chicoda01, 1978,     1, MNS , NHL , R  ,  1.0,  0.0,   0.0,   0.0,   0.0, 0.0  ,  0.0,     ,  0.0,     ,  0.0, 0.0,   0.0,       ,      ,      ,        ,        ,        ,        ,        ,        ,        ,        ,      
chicoda01, 1979,     1, MNS , NHL , R  , 24.0,  1.0,   2.0,   3.0,  12.0, -10.0,  0.0,     ,  0.0,     ,  0.0, 0.0,  25.0,    1.0,   0.0,   0.0,     0.0,     0.0,        ,     0.0,        ,     0.0,        ,     0.0,      
chimeja01, 2000,     1, EDM , NHL , C  ,  1.0,  0.0,   0.0,   0.0,   0.0, 0.0  ,  0.0,  0.0,  0.0,  0.0,  0.0, 0.0,   0.0,       ,      ,      ,        ,        ,        ,        ,        ,        ,        ,        ,      
chimeja01, 2001,     1, EDM , NHL , C  ,  3.0,  1.0,   0.0,   1.0,   0.0, -3.0 ,  0.0,  0.0,  0.0,  0.0,  0.0, 0.0,   3.0,       ,      ,      ,        ,        ,        ,        ,        ,        ,        ,        ,      
chimeja01, 2002,     1, EDM , NHL , C  , 66.0, 14.0,   9.0,  23.0,  36.0, -2.0 ,  0.0,  1.0,  1.0,  0.0,  4.0, 1.0,  90.0,    2.0,   0.0,   2.0,     2.0,     0.0, 2.0    ,     0.0,     0.0,     0.0,     0.0,     0.0,     3.0
chimeja01, 2003,     1, EDM , NHL , L  , 60.0,  4.0,   8.0,  12.0,  57.0, -1.0 ,  0.0,  1.0,  0.0,  0.0,  1.0, 0.0,  79.0,       ,      ,      ,        ,        ,        ,        ,        ,        ,        ,        ,      
chimeja01, 2005,     1, CBS , NHL , L  , 80.0, 17.0,  13.0,  30.0,  95.0, -10.0,  1.0,  0.0,  1.0,  0.0,  5.0,    , 127.0,       ,      ,      ,        ,        ,        ,        ,        ,        ,        ,        ,      
chimeja01, 2006,     1, CBS , NHL , L  , 82.0, 15.0,  21.0,  36.0,  91.0, 2.0  ,  2.0,  2.0,  2.0,  0.0,  2.0,    , 151.0,       ,      ,      ,        ,        ,        ,        ,        ,        ,        ,        ,      
chimeja01, 2007,     1, CBS , NHL , L  , 81.0, 14.0,  17.0,  31.0,  98.0, -5.0 ,  1.0,  4.0,  1.0,  0.0,  3.0,    , 198.0,       ,      ,      ,        ,        ,        ,        ,        ,        ,        ,        ,      
chimeja01, 2008,     1, CBS , NHL , L  , 49.0,  8.0,  14.0,  22.0,  41.0, 8.0  ,  1.0,  1.0,  0.0,  0.0,  1.0,    , 115.0,    4.0,   0.0,   1.0,     1.0,     2.0, 0.0    ,     0.0,     0.0,     0.0,     0.0,     0.0,    11.0
chimeja01, 2009,     1, CBS , NHL , L  , 39.0,  8.0,   9.0,  17.0,  47.0, -7.0 ,  1.0,  0.0,  0.0,  0.0,  1.0,    ,  92.0,       ,      ,      ,        ,        ,        ,        ,        ,        ,        ,        ,      
chimeja01, 2009,     2, WAS , NHL , L  , 39.0,  7.0,  10.0,  17.0,  51.0, 6.0  ,  0.0,  0.0,  0.0,  0.0,  0.0,    ,  68.0,    7.0,   1.0,   2.0,     3.0,     2.0, 2.0    ,     0.0,     0.0,     0.0,     0.0,     1.0,    15.0
chinnri01, 1973,     1, MNS , NHL , R  ,  1.0,  0.0,   1.0,   1.0,   0.0, 0.0  ,  0.0,     ,  0.0,     ,  0.0, 0.0,   1.0,       ,      ,      ,        ,        ,        ,        ,        ,        ,        ,        ,      
chinnri01, 1974,     1, MNS , NHL , R  ,  3.0,  0.0,   1.0,   1.0,   0.0, 0.0  ,  0.0,     ,  0.0,     ,  0.0, 0.0,   6.0,       ,      ,      ,        ,        ,        ,        ,        ,        ,        ,        ,      
chiodan01, 2003,     1, PIT , NHL , G  ,  8.0,  0.0,   0.0,   0.0,   0.0, 0.0  ,  0.0,  0.0,  0.0,  0.0,  0.0, 0.0,   0.0,       ,      ,      ,        ,        ,        ,        ,        ,        ,        ,        ,      
chipcbi01, 1909,     1, MOW , NHA ,    ,  1.0,  1.0,   0.0,   1.0,   2.0,      ,     ,     ,     ,     ,     ,    ,      ,       ,      ,      ,        ,        ,        ,        ,        ,        ,        ,        ,      
chipcja01, 1972,     1, PHB , WHA , D  ,  4.0,  0.0,   0.0,   0.0,   2.0,      ,  0.0,     ,  0.0,     ,     ,    ,      ,       ,      ,      ,        ,        ,        ,        ,        ,        ,        ,        ,      
chipcky01, 2007,     1, MTL , NHL , C  , 36.0,  4.0,   7.0,  11.0,  10.0, -1.0 ,  0.0,  0.0,  0.0,  1.0,  0.0,    ,  36.0,       ,      ,      ,        ,        ,        ,        ,        ,        ,        ,        ,      
chipcky01, 2008,     1, MTL , NHL , C  , 13.0,  0.0,   3.0,   3.0,   5.0, -6.0 ,  0.0,  0.0,  0.0,  0.0,  0.0,    ,   5.0,       ,      ,      ,        ,        ,        ,        ,        ,        ,        ,        ,      
chipcky01, 2009,     1, MTL , NHL , C  , 19.0,  0.0,   0.0,   0.0,  16.0, -10.0,  0.0,  0.0,  0.0,  0.0,  0.0,    ,  11.0,       ,      ,      ,        ,        ,        ,        ,        ,        ,        ,        ,      
chipcky01, 2009,     2, AND , NHL , C  , 55.0,  6.0,   6.0,  12.0,  56.0, -2.0 ,  0.0,  0.0,  1.0,  1.0,  1.0,    ,  43.0,       ,      ,      ,        ,        ,        ,        ,        ,        ,        ,        ,      
chippro01, 1974,     1, VAB , WHA , C  , 78.0, 19.0,  20.0,  39.0,  30.0, -2.0 ,  7.0,     ,  0.0,     ,     ,    , 238.0,       ,      ,      ,        ,        ,        ,        ,        ,        ,        ,        ,      
chippro01, 1975,     1, CAC , WHA , C  , 75.0, 42.0,  41.0,  83.0,  32.0, 13.0 , 19.0,     ,  0.0,     ,  5.0,    , 228.0,   10.0,   5.0,   4.0,     9.0,     6.0, 2.0    ,        ,        ,        ,        ,        ,      
chippro01, 1976,     1, CAC , WHA , C  , 81.0, 27.0,  27.0,  54.0,  32.0, -10.0,  5.0,     ,  0.0,     ,     ,    , 209.0,       ,      ,      ,        ,        ,        ,        ,        ,        ,        ,        ,      
chippro01, 1977,     1, EDO , WHA , C  , 80.0, 33.0,  52.0,  85.0,  48.0, 1.0  , 11.0,     ,  1.0,     ,     ,    , 212.0,    5.0,   1.0,   1.0,     2.0,     0.0, -1.0   ,        ,        ,        ,        ,     0.0,      
chippro01, 1978,     1, EDO , WHA , C  , 55.0, 32.0,  37.0,  69.0,  47.0, 25.0 ,  6.0,     ,  0.0,     ,     ,    , 181.0,   13.0,   9.0,  10.0,    19.0,     8.0, 1.0    ,        ,        ,        ,        ,     0.0,      
chippro01, 1979,     1, EDM , NHL , C  , 67.0, 18.0,  19.0,  37.0,  24.0, -15.0,  2.0,     ,  1.0,     ,  1.0, 1.0, 129.0,       ,      ,      ,        ,        ,        ,        ,        ,        ,        ,        ,      
chippro01, 1979,     2, QUE , NHL , C  , 12.0,  4.0,   4.0,   8.0,   8.0, -9.0 ,  0.0,     ,  0.0,     ,  1.0, 0.0,  26.0,       ,      ,      ,        ,        ,        ,        ,        ,        ,        ,        ,      
chippro01, 1980,     1, QUE , NHL , C  ,  4.0,  0.0,   1.0,   1.0,   2.0, -1.0 ,  0.0,     ,  0.0,     ,  0.0, 0.0,   0.0,       ,      ,      ,        ,        ,        ,        ,        ,        ,        ,        ,      
chishar01, 1960,     1, BOS , NHL , C  ,  3.0,  0.0,   0.0,   0.0,   0.0,      ,     ,     ,     ,     ,     ,    ,      ,       ,      ,      ,        ,        ,        ,        ,        ,        ,        ,        ,      
chishco01, 1986,     1, MNS , NHL , D  ,  1.0,  0.0,   0.0,   0.0,   0.0, 0.0  ,  0.0,     ,  0.0,     ,  0.0, 0.0,   0.0,       ,      ,      ,        ,        ,        ,        ,        ,        ,        ,        ,      
chishle01, 1939,     1, TOR , NHL , R  , 28.0,  6.0,   8.0,  14.0,  11.0,      ,     ,     ,     ,     ,     ,    ,      ,       ,      ,      ,        ,        ,        ,        ,        ,        ,        ,        ,      
chishle01, 1940,     1, TOR , NHL , R  , 26.0,  4.0,   0.0,   4.0,   8.0,      ,     ,     ,     ,     ,     ,    ,      ,    3.0,   1.0,   0.0,     1.0,     0.0,        ,        ,        ,        ,        ,        ,      
chistst01, 2002,     1, ANA , NHL , L  , 79.0, 12.0,  18.0,  30.0,  54.0, 4.0  ,  3.0,  7.0,  0.0,  0.0,  2.0, 0.0, 114.0,   21.0,   4.0,   2.0,     6.0,     8.0, 4.0    ,     0.0,     1.0,     0.0,     0.0,     1.0,    33.0
chistst01, 2003,     1, ANA , NHL , R  , 56.0,  2.0,  16.0,  18.0,  26.0, -16.0,  2.0, 10.0,  0.0,  0.0,  0.0, 0.0,  70.0,       ,      ,      ,        ,        ,        ,        ,        ,        ,        ,        ,      
chistst01, 2006,     1, AND , NHL , R  ,  1.0,  0.0,   0.0,   0.0,   0.0, 0.0  ,  0.0,  0.0,  0.0,  0.0,  0.0,    ,   0.0,       ,      ,      ,        ,        ,        ,        ,        ,        ,        ,        ,      
chistst01, 2006,     2, BOS , NHL , R  , 60.0,  5.0,   8.0,  13.0,  36.0, -8.0 ,  1.0,  0.0,  0.0,  0.0,  1.0,    ,  49.0,       ,      ,      ,        ,        ,        ,        ,        ,        ,        ,        ,      
chornma01, 1980,     1, PIT , NHL , D  ,  8.0,  1.0,   6.0,   7.0,  14.0, 1.0  ,  0.0,     ,  0.0,     ,  0.0, 0.0,   3.0,    2.0,   0.0,   1.0,     1.0,     2.0,        ,     0.0,        ,     0.0,        ,     0.0,      
chornma01, 1981,     1, PIT , NHL , D  , 60.0,  1.0,   6.0,   7.0,  63.0, -11.0,  0.0,     ,  0.0,     ,  1.0, 0.0,  37.0,    5.0,   0.0,   0.0,     0.0,     0.0,        ,     0.0,        ,     0.0,        ,     0.0,      
chornma01, 1982,     1, PIT , NHL , D  , 67.0,  3.0,   5.0,   8.0,  66.0, -30.0,  0.0,     ,  0.0,     ,  0.0, 0.0,  66.0,       ,      ,      ,        ,        ,        ,        ,        ,        ,        ,        ,      
chornma01, 1983,     1, PIT , NHL , D  ,  4.0,  0.0,   1.0,   1.0,   8.0, -4.0 ,  0.0,     ,  0.0,     ,  0.0, 0.0,   5.0,       ,      ,      ,        ,        ,        ,        ,        ,        ,        ,        ,      
chornma01, 1983,     2, LAK , NHL , D  , 71.0,  3.0,   9.0,  12.0,  58.0, -24.0,  0.0,     ,  0.0,     ,  0.0, 0.0,  57.0,       ,      ,      ,        ,        ,        ,        ,        ,        ,        ,        ,      
chornta01, 2008,     1, EDM , NHL , D  ,  2.0,  0.0,   0.0,   0.0,   0.0, -4.0 ,  0.0,  0.0,  0.0,  0.0,  0.0,    ,   0.0,       ,      ,      ,        ,        ,        ,        ,        ,        ,        ,        ,      
chornta01, 2009,     1, EDM , NHL , D  , 42.0,  0.0,   3.0,   3.0,  12.0, -21.0,  0.0,  1.0,  0.0,  0.0,  0.0,    ,  35.0,       ,      ,      ,        ,        ,        ,        ,        ,        ,        ,        ,      
chorsto01, 1989,     1, MTL , NHL , R  , 14.0,  3.0,   1.0,   4.0,   2.0, 2.0  ,  0.0,  1.0,  0.0,  0.0,  0.0, 0.0,  19.0,       ,      ,      ,        ,        ,        ,        ,        ,        ,        ,        ,      
chorsto01, 1990,     1, MTL , NHL , R  , 57.0,  9.0,  11.0,  20.0,  32.0, -8.0 ,  3.0,  4.0,  0.0,  0.0,  1.0, 0.0,  82.0,       ,      ,      ,        ,        ,        ,        ,        ,        ,        ,        ,      
chorsto01, 1991,     1, NJD , NHL , L  , 76.0, 19.0,  17.0,  36.0,  32.0, 8.0  ,  0.0,  0.0,  3.0,  2.0,  2.0, 0.0, 143.0,    7.0,   0.0,   3.0,     3.0,     4.0, -2.0   ,     0.0,     0.0,     0.0,     0.0,     0.0,    16.0
chorsto01, 1992,     1, NJD , NHL , L  , 50.0,  7.0,  12.0,  19.0,  25.0, -1.0 ,  0.0,  0.0,  0.0,  0.0,  1.0, 0.0,  63.0,    1.0,   0.0,   0.0,     0.0,     0.0, 0.0    ,     0.0,     0.0,     0.0,     0.0,     0.0,     1.0
chorsto01, 1993,     1, NJD , NHL , L  , 76.0, 21.0,  20.0,  41.0,  32.0, 14.0 ,  1.0,  0.0,  1.0,  2.0,  4.0, 0.0, 131.0,   20.0,   4.0,   3.0,     7.0,     0.0, 0.0    ,     0.0,     0.0,     0.0,     0.0,     1.0,    32.0
chorsto01, 1994,     1, NJD , NHL , L  , 42.0, 10.0,   8.0,  18.0,  16.0, -4.0 ,  0.0,  0.0,  0.0,  1.0,  2.0, 0.0,  59.0,   17.0,   1.0,   5.0,     6.0,     4.0, -2.0   ,     0.0,     0.0,     0.0,     0.0,     0.0,    21.0
chorsto01, 1995,     1, OTT , NHL , L  , 72.0, 15.0,  14.0,  29.0,  21.0, -9.0 ,  0.0,  1.0,  2.0,  0.0,  1.0, 0.0, 118.0,       ,      ,      ,        ,        ,        ,        ,        ,        ,        ,        ,      
chorsto01, 1996,     1, OTT , NHL , L  , 68.0, 18.0,   8.0,  26.0,  16.0, -1.0 ,  1.0,  1.0,  1.0,  1.0,  1.0, 0.0, 116.0,    5.0,   0.0,   1.0,     1.0,     2.0, -1.0   ,     0.0,     0.0,     0.0,     0.0,     0.0,     3.0
chorsto01, 1997,     1, NYI , NHL , L  , 82.0, 12.0,  23.0,  35.0,  39.0, 7.0  ,  1.0,  3.0,  4.0,  1.0,  2.0, 0.0, 132.0,       ,      ,      ,        ,        ,        ,        ,        ,        ,        ,        ,      
chorsto01, 1998,     1, NYI , NHL , L  ,  2.0,  0.0,   1.0,   1.0,   2.0, 1.0  ,  0.0,  0.0,  0.0,  0.0,  0.0, 0.0,   9.0,       ,      ,      ,        ,        ,        ,        ,        ,        ,        ,        ,      
chorsto01, 1998,     2, WAS , NHL , L  , 17.0,  0.0,   2.0,   2.0,   4.0, -4.0 ,  0.0,  0.0,  0.0,  0.0,  0.0, 0.0,  22.0,       ,      ,      ,        ,        ,        ,        ,        ,        ,        ,        ,      
chorsto01, 1998,     3, CAL , NHL , L  ,  7.0,  0.0,   0.0,   0.0,   2.0, -5.0 ,  0.0,  0.0,  0.0,  0.0,  0.0, 0.0,  13.0,       ,      ,      ,        ,        ,        ,        ,        ,        ,        ,        ,      
chorsto01, 1999,     1, PIT , NHL , L  , 33.0,  1.0,   5.0,   6.0,   2.0, -2.0 ,  0.0,  0.0,  0.0,  1.0,  0.0, 0.0,  14.0,       ,      ,      ,        ,        ,        ,        ,        ,        ,        ,        ,      
chouier01, 2000,     1, MTL , NHL , C  , 13.0,  1.0,   3.0,   4.0,   0.0, 0.0  ,  1.0,  1.0,  0.0,  0.0,  0.0, 0.0,  11.0,       ,      ,      ,        ,        ,        ,        ,        ,        ,        ,        ,      
chouier01, 2002,     1, PHI , NHL , C  , 28.0,  4.0,   4.0,   8.0,   8.0, 2.0  ,  1.0,  0.0,  0.0,  0.0,  0.0, 0.0,  45.0,       ,      ,      ,        ,        ,        ,        ,        ,        ,        ,        ,      
chouier01, 2003,     1, PHI , NHL , R  , 17.0,  3.0,   0.0,   3.0,   0.0, -3.0 ,  0.0,  0.0,  0.0,  0.0,  0.0, 1.0,  15.0,       ,      ,      ,        ,        ,        ,        ,        ,        ,        ,        ,      
chouier01, 2003,     2, MIN , NHL , R  , 31.0,  3.0,   4.0,   7.0,   6.0, -7.0 ,  0.0,  1.0,  0.0,  0.0,  1.0, 0.0,  45.0,       ,      ,      ,        ,        ,        ,        ,        ,        ,        ,        ,      
chouier01, 2005,     1, PHI , NHL , C  ,  1.0,  0.0,   0.0,   0.0,   2.0, 0.0  ,  0.0,  0.0,  0.0,  0.0,  0.0,    ,   0.0,       ,      ,      ,        ,        ,        ,        ,        ,        ,        ,        ,      
chouige01, 1927,     1, OTS , NHL , D  ,  8.0,  0.0,   0.0,   0.0,   0.0,      ,     ,     ,     ,     ,     ,    ,      ,       ,      ,      ,        ,        ,        ,        ,        ,        ,        ,        ,      
chouigu01, 1974,     1, ATF , NHL , C  ,  5.0,  0.0,   0.0,   0.0,   2.0, -2.0 ,  0.0,     ,  0.0,     ,  0.0, 0.0,   5.0,       ,      ,      ,        ,        ,        ,        ,        ,        ,        ,        ,      
chouigu01, 1975,     1, ATF , NHL , C  ,  4.0,  0.0,   2.0,   2.0,   2.0, 2.0  ,  0.0,     ,  0.0,     ,  0.0, 0.0,   8.0,    2.0,   0.0,   0.0,     0.0,     0.0,        ,     0.0,        ,     0.0,        ,     0.0,      
chouigu01, 1976,     1, ATF , NHL , C  , 80.0, 17.0,  33.0,  50.0,   8.0, -12.0,  3.0,     ,  0.0,     ,  0.0, 1.0, 167.0,    3.0,   2.0,   0.0,     2.0,     0.0,        ,     1.0,        ,     0.0,        ,     0.0,      
chouigu01, 1977,     1, ATF , NHL , C  , 73.0, 28.0,  30.0,  58.0,   8.0, 8.0  , 11.0,     ,  0.0,     ,  1.0, 2.0, 146.0,    2.0,   1.0,   0.0,     1.0,     0.0,        ,     0.0,        ,     0.0,        ,     0.0,      
chouigu01, 1978,     1, ATF , NHL , C  , 80.0, 50.0,  57.0, 107.0,  14.0, 23.0 , 11.0,     ,  0.0,     ,  5.0, 2.0, 229.0,    2.0,   1.0,   2.0,     3.0,     0.0,        ,     1.0,        ,     0.0,        ,     0.0,      
chouigu01, 1979,     1, ATF , NHL , C  , 76.0, 31.0,  46.0,  77.0,  22.0, 5.0  ,  9.0,     ,  0.0,     ,  1.0, 2.0, 208.0,    4.0,   1.0,   3.0,     4.0,     4.0,        ,     1.0,        ,     0.0,        ,     0.0,      
chouigu01, 1980,     1, CAL , NHL , C  , 52.0, 31.0,  52.0,  83.0,  24.0, 18.0 , 10.0,     ,  0.0,     ,  1.0, 3.0, 141.0,   16.0,   3.0,  14.0,    17.0,     4.0,        ,     0.0,        ,     0.0,        ,     0.0,      
chouigu01, 1981,     1, CAL , NHL , C  , 64.0, 23.0,  57.0,  80.0,  12.0, -5.0 , 13.0,     ,  0.0,     ,  4.0, 1.0, 182.0,    3.0,   0.0,   1.0,     1.0,     0.0,        ,     0.0,        ,     0.0,        ,     0.0,      
chouigu01, 1982,     1, CAL , NHL , C  , 80.0, 13.0,  59.0,  72.0,  18.0, -24.0,  7.0,     ,  0.0,     ,  2.0, 0.0, 158.0,    9.0,   1.0,   6.0,     7.0,     4.0,        ,     0.0,        ,     0.0,        ,     0.0,      
chouigu01, 1983,     1, STL , NHL , C  , 64.0, 12.0,  34.0,  46.0,  10.0, -15.0,  4.0,     ,  0.0,     ,  2.0, 0.0, 117.0,    5.0,   0.0,   2.0,     2.0,     0.0, 1.0    ,     0.0,        ,     0.0,        ,     0.0,     6.0
chouima01, 2000,     1, ANA , NHL , C  , 44.0,  3.0,   4.0,   7.0,  12.0, -5.0 ,  0.0,  0.0,  0.0,  0.0,  1.0, 0.0,  26.0,       ,      ,      ,        ,        ,        ,        ,        ,        ,        ,        ,      
chouima01, 2001,     1, ANA , NHL , C  , 45.0,  4.0,   5.0,   9.0,  10.0, 2.0  ,  0.0,  0.0,  0.0,  1.0,  0.0, 0.0,  40.0,       ,      ,      ,        ,        ,        ,        ,        ,        ,        ,        ,      
chouima01, 2002,     1, ANA , NHL , C  , 70.0,  3.0,   4.0,   7.0,  40.0, -9.0 ,  0.0,  0.0,  1.0,  1.0,  0.0, 0.0,  52.0,   15.0,   1.0,   0.0,     1.0,     0.0, 1.0    ,     0.0,     0.0,     0.0,     0.0,     0.0,    11.0
chouima01, 2003,     1, MIN , NHL , C  , 45.0, 11.0,  10.0,  21.0,  17.0, 4.0  ,  3.0,  1.0,  1.0,  0.0,  2.0, 0.0,  70.0,       ,      ,      ,        ,        ,        ,        ,        ,        ,        ,        ,      
chouima01, 2005,     1, MIN , NHL , C  , 74.0, 14.0,  16.0,  30.0,  34.0, 1.0  ,  6.0,  6.0,  2.0,  0.0,  3.0,    , 112.0,       ,      ,      ,        ,        ,        ,        ,        ,        ,        ,        ,      
chouima01, 2006,     1, VAN , NHL , C  , 42.0,  2.0,   2.0,   4.0,  10.0, -2.0 ,  1.0,  0.0,  0.0,  0.0,  0.0,    ,  15.0,       ,      ,      ,        ,        ,        ,        ,        ,        ,        ,        ,      
chouima02, 2003,     1, LAK , NHL , G  ,  1.0,  0.0,   0.0,   0.0,   0.0, 0.0  ,  0.0,  0.0,  0.0,  0.0,  0.0, 0.0,   0.0,       ,      ,      ,        ,        ,        ,        ,        ,        ,        ,        ,      
chrisda01, 1979,     1, WIN , NHL , R  , 15.0,  8.0,  10.0,  18.0,   2.0, -5.0 ,  3.0,     ,  0.0,     ,  0.0, 1.0,  34.0,       ,      ,      ,        ,        ,        ,        ,        ,        ,        ,        ,      
chrisda01, 1980,     1, WIN , NHL , C  , 80.0, 28.0,  43.0,  71.0,  22.0, -54.0,  9.0,     ,  1.0,     ,  0.0, 2.0, 185.0,       ,      ,      ,        ,        ,        ,        ,        ,        ,        ,        ,      
chrisda01, 1981,     1, WIN , NHL , C  , 80.0, 25.0,  51.0,  76.0,  28.0, -41.0,  6.0,     ,  1.0,     ,  3.0, 1.0, 218.0,    4.0,   0.0,   1.0,     1.0,     2.0,        ,     0.0,        ,     0.0,        ,     0.0,      
chrisda01, 1982,     1, WIN , NHL , C  , 55.0, 18.0,  26.0,  44.0,  23.0, -5.0 ,  4.0,     ,  0.0,     ,  2.0, 0.0, 131.0,    3.0,   0.0,   0.0,     0.0,     0.0,        ,     0.0,        ,     0.0,        ,     0.0,      
chrisda01, 1983,     1, WAS , NHL , C  , 80.0, 29.0,  52.0,  81.0,  28.0, 26.0 ,  9.0,     ,  0.0,     ,  6.0, 0.0, 164.0,    8.0,   5.0,   4.0,     9.0,     5.0, -1.0   ,     1.0,        ,     0.0,        ,     0.0,    15.0
chrisda01, 1984,     1, WAS , NHL , C  , 80.0, 26.0,  43.0,  69.0,  14.0, 20.0 ,  5.0,     ,  0.0,     ,  2.0, 0.0, 152.0,    5.0,   1.0,   1.0,     2.0,     0.0, 0.0    ,     0.0,        ,     0.0,        ,     0.0,     9.0
chrisda01, 1985,     1, WAS , NHL , R  , 80.0, 41.0,  42.0,  83.0,  15.0, 3.0  , 18.0,     ,  2.0,     ,  4.0, 0.0, 218.0,    9.0,   4.0,   4.0,     8.0,     0.0, 1.0    ,     1.0,        ,     0.0,        ,     0.0,    26.0
chrisda01, 1986,     1, WAS , NHL , C  , 76.0, 23.0,  27.0,  50.0,   8.0, -5.0 ,  5.0,     ,  0.0,     ,  2.0, 1.0, 152.0,    7.0,   1.0,   3.0,     4.0,     6.0, 1.0    ,     0.0,        ,     0.0,        ,     1.0,    21.0
chrisda01, 1987,     1, WAS , NHL , R  , 80.0, 37.0,  21.0,  58.0,  26.0, -14.0, 14.0,  9.0,  0.0,  0.0,  5.0, 0.0, 187.0,   14.0,   5.0,   6.0,    11.0,     6.0, 9.0    ,     1.0,     3.0,     0.0,     0.0,     0.0,    40.0
chrisda01, 1988,     1, WAS , NHL , C  , 80.0, 34.0,  31.0,  65.0,  12.0, 2.0  , 16.0,  9.0,  1.0,  1.0,  1.0, 2.0, 177.0,    6.0,   1.0,   1.0,     2.0,     0.0, -3.0   ,     1.0,     0.0,     0.0,     0.0,     0.0,    21.0
chrisda01, 1989,     1, WAS , NHL , R  , 28.0,  3.0,   8.0,  11.0,   4.0, -12.0,  0.0,     ,  0.0,  0.0,  1.0, 0.0,  54.0,       ,      ,      ,        ,        ,        ,        ,        ,        ,        ,        ,      
chrisda01, 1989,     2, BOS , NHL , R  , 50.0, 12.0,  17.0,  29.0,   8.0, 4.0  ,  2.0,     ,  0.0,  0.0,  3.0, 0.0,  99.0,   21.0,   4.0,   1.0,     5.0,     4.0, -6.0   ,     1.0,     0.0,     0.0,     0.0,     0.0,    37.0
chrisda01, 1990,     1, BOS , NHL , R  , 78.0, 32.0,  21.0,  53.0,  41.0, 8.0  ,  9.0,  6.0,  0.0,  0.0,  2.0, 0.0, 173.0,   19.0,   8.0,   4.0,    12.0,     4.0, -2.0   ,     0.0,     1.0,     0.0,     0.0,     2.0,    39.0
chrisda01, 1991,     1, STL , NHL , R  , 78.0, 20.0,  24.0,  44.0,  41.0, 2.0  ,  1.0,  6.0,  3.0,  1.0,  3.0, 0.0, 142.0,    4.0,   3.0,   0.0,     3.0,     0.0, -1.0   ,     0.0,     0.0,     0.0,     0.0,     0.0,     4.0
chrisda01, 1992,     1, CHI , NHL , C  , 60.0,  4.0,  14.0,  18.0,  12.0, 6.0  ,  1.0,  2.0,  0.0,  1.0,  1.0, 0.0,  75.0,    1.0,   0.0,   0.0,     0.0,     0.0, 0.0    ,     0.0,     0.0,     0.0,     0.0,     0.0,     1.0
chrisda01, 1993,     1, CHI , NHL , R  ,  9.0,  0.0,   3.0,   3.0,   0.0, 0.0  ,  0.0,  1.0,  0.0,  0.0,  0.0, 0.0,   6.0,    1.0,   0.0,   0.0,     0.0,     0.0, 0.0    ,     0.0,     0.0,     0.0,     0.0,     0.0,     0.0
chriser01, 2005,     1, PIT , NHL , C  , 33.0,  6.0,   7.0,  13.0,  34.0, -3.0 ,  2.0,  3.0,  0.0,  0.0,  0.0,    ,  85.0,       ,      ,      ,        ,        ,        ,        ,        ,        ,        ,        ,      
chriser01, 2006,     1, PIT , NHL , C  , 61.0, 18.0,  15.0,  33.0,  26.0, -3.0 ,  6.0,  5.0,  0.0,  0.0,  1.0,    , 133.0,    4.0,   0.0,   0.0,     0.0,     6.0, -1.0   ,     0.0,     0.0,     0.0,     0.0,     0.0,     6.0
chriser01, 2007,     1, PIT , NHL , C  , 49.0,  9.0,  11.0,  20.0,  28.0, -3.0 ,  2.0,  4.0,  0.0,  0.0,  0.0,    , 109.0,       ,      ,      ,        ,        ,        ,        ,        ,        ,        ,        ,      
chriser01, 2007,     2, ATL , NHL , C  , 10.0,  2.0,   2.0,   4.0,   2.0, -7.0 ,  0.0,  2.0,  0.0,  0.0,  0.0,    ,  23.0,       ,      ,      ,        ,        ,        ,        ,        ,        ,        ,        ,      
chriser01, 2008,     1, ATL , NHL , C  , 47.0,  5.0,  14.0,  19.0,  14.0, -7.0 ,  1.0,  3.0,  0.0,  0.0,  0.0,    ,  90.0,       ,      ,      ,        ,        ,        ,        ,        ,        ,        ,        ,      
chriser01, 2008,     2, AND , NHL , C  , 17.0,  2.0,   7.0,   9.0,   6.0, -2.0 ,  1.0,  2.0,  0.0,  0.0,  0.0,    ,  32.0,    8.0,   0.0,   2.0,     2.0,     0.0, -1.0   ,     0.0,     1.0,     0.0,     0.0,     0.0,    10.0
chriser01, 2009,     1, AND , NHL , C  ,  9.0,  0.0,   0.0,   0.0,   2.0, -3.0 ,  0.0,  0.0,  0.0,  0.0,  0.0,    ,   9.0,       ,      ,      ,        ,        ,        ,        ,        ,        ,        ,        ,      
chriser01, 2009,     2, NYR , NHL , C  , 49.0,  8.0,  18.0,  26.0,  24.0, 14.0 ,  1.0,  3.0,  0.0,  0.0,  1.0,    ,  77.0,       ,      ,      ,        ,        ,        ,        ,        ,        ,        ,        ,      
chrisje01, 1991,     1, NJD , NHL , L  ,  2.0,  0.0,   0.0,   0.0,   2.0, 0.0  ,  0.0,  0.0,  0.0,  0.0,  0.0, 0.0,   1.0,       ,      ,      ,        ,        ,        ,        ,        ,        ,        ,        ,      
chrisje01, 1994,     1, PIT , NHL , L  ,  1.0,  0.0,   0.0,   0.0,   0.0, 0.0  ,  0.0,  0.0,  0.0,  0.0,  0.0, 0.0,   2.0,       ,      ,      ,        ,        ,        ,        ,        ,        ,        ,        ,      
chrisje01, 1995,     1, PIT , NHL , L  ,  3.0,  0.0,   0.0,   0.0,   2.0, 0.0  ,  0.0,  0.0,  0.0,  0.0,  0.0, 0.0,   0.0,       ,      ,      ,        ,        ,        ,        ,        ,        ,        ,        ,      
chrisje01, 1996,     1, PIT , NHL , L  , 11.0,  2.0,   2.0,   4.0,  13.0, -3.0 ,  0.0,  0.0,  0.0,  0.0,  0.0, 0.0,  18.0,       ,      ,      ,        ,        ,        ,        ,        ,        ,        ,        ,      
chrisje01, 1997,     1, PHO , NHL , L  ,  1.0,  0.0,   0.0,   0.0,   0.0, -1.0 ,  0.0,  0.0,  0.0,  0.0,  0.0, 0.0,   0.0,       ,      ,      ,        ,        ,        ,        ,        ,        ,        ,        ,      
chriske01, 1972,     1, MFS , WHA , C  , 64.0, 12.0,  30.0,  42.0,  24.0,      ,  2.0,     ,  0.0,     ,     ,    ,      ,    5.0,   1.0,   0.0,     1.0,     0.0,        ,     0.0,        ,     0.0,        ,     0.0,      
chriske01, 1973,     1, MFS , WHA , C  , 74.0, 11.0,  25.0,  36.0,  36.0,      ,  4.0,     ,  0.0,     ,  1.0,    ,      ,   10.0,   0.0,   1.0,     1.0,     2.0,        ,        ,        ,        ,        ,     0.0,      
chrismi01, 1974,     1, CLF , NHL , D  , 34.0,  0.0,  14.0,  14.0,  76.0, -13.0,  0.0,     ,  0.0,     ,  0.0, 0.0,  30.0,       ,      ,      ,        ,        ,        ,        ,        ,        ,        ,        ,      
chrismi01, 1975,     1, CLF , NHL , D  , 78.0,  3.0,  18.0,  21.0, 152.0, -18.0,  0.0,     ,  0.0,     ,  0.0, 0.0,  63.0,       ,      ,      ,        ,        ,        ,        ,        ,        ,        ,        ,      
chrismi01, 1976,     1, CLE , NHL , D  , 79.0,  6.0,  27.0,  33.0,  79.0, 18.0 ,  0.0,     ,  0.0,     ,  2.0, 1.0,  61.0,       ,      ,      ,        ,        ,        ,        ,        ,        ,        ,        ,      
chrismi01, 1977,     1, CLE , NHL , D  , 34.0,  1.0,   6.0,   7.0,  49.0, -14.0,  0.0,     ,  0.0,     ,  0.0, 1.0,  14.0,       ,      ,      ,        ,        ,        ,        ,        ,        ,        ,        ,      
chrismi01, 1977,     2, COR , NHL , D  , 35.0,  2.0,   8.0,  10.0,  28.0, -6.0 ,  0.0,     ,  0.0,     ,  0.0, 1.0,  36.0,    2.0,   0.0,   0.0,     0.0,     0.0,        ,     0.0,        ,     0.0,        ,     0.0,      
chrismi01, 1978,     1, COR , NHL , D  , 68.0,  1.0,  10.0,  11.0,  88.0, -44.0,  0.0,     ,  0.0,     ,  0.0, 0.0,  50.0,       ,      ,      ,        ,        ,        ,        ,        ,        ,        ,        ,      
chrismi01, 1979,     1, COR , NHL , D  , 74.0,  1.0,  17.0,  18.0,  78.0, -30.0,  0.0,     ,  0.0,     ,  0.0, 0.0,  50.0,       ,      ,      ,        ,        ,        ,        ,        ,        ,        ,        ,      
chrismi01, 1980,     1, COR , NHL , D  ,  1.0,  0.0,   0.0,   0.0,   0.0, 1.0  ,  0.0,     ,  0.0,     ,  0.0, 0.0,   1.0,       ,      ,      ,        ,        ,        ,        ,        ,        ,        ,        ,      
chrismi01, 1980,     2, VAN , NHL , D  ,  9.0,  1.0,   1.0,   2.0,   0.0, 9.0  ,  0.0,     ,  0.0,     ,  0.0, 0.0,   5.0,       ,      ,      ,        ,        ,        ,        ,        ,        ,        ,        ,      
chrisry01, 1999,     1, DAL , NHL , L  ,  5.0,  0.0,   0.0,   0.0,   0.0, -1.0 ,  0.0,  0.0,  0.0,  0.0,  0.0, 0.0,   1.0,       ,      ,      ,        ,        ,        ,        ,        ,        ,        ,        ,      
chrisry01, 2001,     1, CAL , NHL , L  ,  2.0,  0.0,   0.0,   0.0,   0.0, -1.0 ,  0.0,  0.0,  0.0,  0.0,  0.0, 0.0,   0.0,       ,      ,      ,        ,        ,        ,        ,        ,        ,        ,        ,      
chrisst01, 1979,     1, MNS , NHL , C  , 20.0,  8.0,   7.0,  15.0,  19.0, 3.0  ,  0.0,     ,  0.0,     ,  1.0, 0.0,  34.0,   14.0,   8.0,   4.0,    12.0,     7.0,        ,     2.0,        ,     0.0,        ,     0.0,      
chrisst01, 1980,     1, MNS , NHL , C  , 56.0, 26.0,  13.0,  39.0,  58.0, -9.0 ,  9.0,     ,  0.0,     ,  2.0, 1.0, 132.0,   18.0,   8.0,   8.0,    16.0,    16.0,        ,     5.0,        ,     0.0,        ,     1.0,      
chrisst01, 1981,     1, MNS , NHL , C  , 69.0, 26.0,  29.0,  55.0,  14.0, 9.0  ,  4.0,     ,  0.0,     ,  1.0, 0.0, 178.0,    2.0,   0.0,   0.0,     0.0,     2.0,        ,     0.0,        ,     0.0,        ,     0.0,      
chrisst01, 1982,     1, CAL , NHL , C  , 45.0,  9.0,   8.0,  17.0,   4.0, -3.0 ,  0.0,     ,  0.0,     ,  2.0, 1.0,  52.0,    1.0,   0.0,   0.0,     0.0,     0.0,        ,     0.0,        ,     0.0,        ,     0.0,      
chrisst01, 1983,     1, LAK , NHL , R  , 58.0,  8.0,   7.0,  15.0,  13.0, -19.0,  0.0,     ,  0.0,     ,  1.0, 0.0,  74.0,       ,      ,      ,        ,        ,        ,        ,        ,        ,        ,        ,      
chrysbo01, 1953,     1, NYR , NHL , D  , 64.0,  5.0,   5.0,  10.0,  44.0,      ,     ,     ,     ,     ,     ,    ,      ,       ,      ,      ,        ,        ,        ,        ,        ,        ,        ,        ,      
chrysbo01, 1954,     1, NYR , NHL , D  , 68.0,  6.0,   9.0,  15.0,  68.0,      ,     ,     ,     ,     ,     ,    ,      ,       ,      ,      ,        ,        ,        ,        ,        ,        ,        ,        ,      
chubaar01, 1999,     1, VAN , NHL , C  , 49.0,  1.0,   8.0,   9.0,  10.0, -4.0 ,  0.0,  0.0,  0.0,  0.0,  1.0, 0.0,  53.0,       ,      ,      ,        ,        ,        ,        ,        ,        ,        ,        ,      
chubaar01, 2000,     1, VAN , NHL , C  ,  1.0,  0.0,   0.0,   0.0,   0.0, -1.0 ,  0.0,  0.0,  0.0,  0.0,  0.0, 0.0,   0.0,       ,      ,      ,        ,        ,        ,        ,        ,        ,        ,        ,      
chubaar01, 2001,     1, VAN , NHL , C  , 51.0,  5.0,   5.0,  10.0,  10.0, -3.0 ,  0.0,  0.0,  0.0,  1.0,  3.0, 0.0,  73.0,    6.0,   0.0,   1.0,     1.0,     0.0, 0.0    ,     0.0,     0.0,     0.0,     0.0,     0.0,     8.0
chubaar01, 2002,     1, VAN , NHL , C  , 62.0,  7.0,  13.0,  20.0,   6.0, 4.0  ,  1.0,  0.0,  0.0,  3.0,  1.0, 0.0,  78.0,   14.0,   0.0,   2.0,     2.0,     4.0, -2.0   ,     0.0,     0.0,     0.0,     0.0,     0.0,    18.0
chubaar01, 2003,     1, VAN , NHL , C  , 65.0, 12.0,   7.0,  19.0,  14.0, 1.0  ,  1.0,  0.0,  1.0,  0.0,  3.0, 0.0,  93.0,    7.0,   0.0,   1.0,     1.0,     0.0, -3.0   ,     0.0,     0.0,     0.0,     0.0,     0.0,     5.0
chuckkr01, 2008,     1, CAL , NHL , R  ,  2.0,  0.0,   0.0,   0.0,   2.0, 0.0  ,  0.0,  0.0,  0.0,  0.0,  0.0,    ,   0.0,       ,      ,      ,        ,        ,        ,        ,        ,        ,        ,        ,      
churcbr01, 1997,     1, WAS , NHL , L  ,  2.0,  0.0,   0.0,   0.0,   0.0, 0.0  ,  0.0,  0.0,  0.0,  0.0,  0.0, 0.0,   4.0,       ,      ,      ,        ,        ,        ,        ,        ,        ,        ,        ,      
churcja01, 1938,     1, TOR , NHL , D  ,  3.0,  0.0,   2.0,   2.0,   2.0,      ,     ,     ,     ,     ,     ,    ,      ,    1.0,   0.0,   0.0,     0.0,     0.0,        ,        ,        ,        ,        ,        ,      
churcja01, 1939,     1, TOR , NHL , D  , 31.0,  1.0,   4.0,   5.0,  62.0,      ,     ,     ,     ,     ,     ,    ,      ,   10.0,   1.0,   1.0,     2.0,     6.0,        ,        ,        ,        ,        ,        ,      
churcja01, 1940,     1, TOR , NHL , D  , 11.0,  0.0,   1.0,   1.0,  22.0,      ,     ,     ,     ,     ,     ,    ,      ,    5.0,   0.0,   0.0,     0.0,     8.0,        ,        ,        ,        ,        ,        ,      
churcja01, 1941,     1, TOR , NHL , D  , 27.0,  0.0,   4.0,   4.0,  28.0,      ,     ,     ,     ,     ,     ,    ,      ,       ,      ,      ,        ,        ,        ,        ,        ,        ,        ,        ,      
churcja01, 1941,     2, BKN , NHL , D  , 15.0,  1.0,   2.0,   3.0,  12.0,      ,     ,     ,     ,     ,     ,    ,      ,       ,      ,      ,        ,        ,        ,        ,        ,        ,        ,        ,      
churcja01, 1945,     1, BOS , NHL , D  , 43.0,  2.0,   6.0,   8.0,  28.0,      ,     ,     ,     ,     ,     ,    ,      ,    9.0,   0.0,   0.0,     0.0,     4.0,        ,        ,        ,        ,        ,        ,      
churlsh01, 1986,     1, HAR , NHL , R  , 20.0,  0.0,   1.0,   1.0,  78.0, -1.0 ,  0.0,     ,  0.0,     ,  0.0, 0.0,   2.0,    2.0,   0.0,   0.0,     0.0,    42.0, 0.0    ,     0.0,        ,     0.0,        ,     0.0,     0.0
churlsh01, 1987,     1, HAR , NHL , R  ,  2.0,  0.0,   0.0,   0.0,  14.0, -1.0 ,  0.0,  0.0,  0.0,  0.0,  0.0, 0.0,   0.0,       ,      ,      ,        ,        ,        ,        ,        ,        ,        ,        ,      
churlsh01, 1987,     2, CAL , NHL , R  , 29.0,  1.0,   5.0,   6.0, 132.0, 2.0  ,  0.0,  0.0,  0.0,  0.0,  0.0, 0.0,  15.0,    7.0,   0.0,   1.0,     1.0,    17.0, 2.0    ,     0.0,     0.0,     0.0,     0.0,     0.0,     5.0
churlsh01, 1988,     1, CAL , NHL , R  ,  5.0,  0.0,   0.0,   0.0,  25.0, -3.0 ,  0.0,  0.0,  0.0,  0.0,  0.0, 0.0,   2.0,       ,      ,      ,        ,        ,        ,        ,        ,        ,        ,        ,      
churlsh01, 1988,     2, MNS , NHL , R  , 13.0,  1.0,   0.0,   1.0,  54.0, 0.0  ,  0.0,  0.0,  0.0,  0.0,  0.0, 0.0,   6.0,       ,      ,      ,        ,        ,        ,        ,        ,        ,        ,        ,      
churlsh01, 1989,     1, MNS , NHL , R  , 53.0,  2.0,   3.0,   5.0, 292.0, -4.0 ,  0.0,  0.0,  0.0,  0.0,  1.0, 0.0,  40.0,    7.0,   0.0,   0.0,     0.0,    44.0, 1.0    ,     0.0,     0.0,     0.0,     0.0,     0.0,     3.0
churlsh01, 1990,     1, MNS , NHL , R  , 40.0,  2.0,   2.0,   4.0, 286.0, 1.0  ,  0.0,  0.0,  0.0,  0.0,  0.0, 0.0,  32.0,   22.0,   2.0,   1.0,     3.0,    90.0, -2.0   ,     0.0,     1.0,     0.0,     0.0,     1.0,    14.0
churlsh01, 1991,     1, MNS , NHL , R  , 57.0,  4.0,   1.0,   5.0, 278.0, -12.0,  0.0,  0.0,  0.0,  0.0,  0.0, 0.0,  42.0,       ,      ,      ,        ,        ,        ,        ,        ,        ,        ,        ,      
churlsh01, 1992,     1, MNS , NHL , R  , 73.0,  5.0,  16.0,  21.0, 286.0, -8.0 ,  1.0,  3.0,  0.0,  0.0,  1.0, 0.0,  61.0,       ,      ,      ,        ,        ,        ,        ,        ,        ,        ,        ,      
churlsh01, 1993,     1, DAL , NHL , R  , 69.0,  6.0,   7.0,  13.0, 333.0, -8.0 ,  3.0,  1.0,  0.0,  0.0,  0.0, 1.0,  62.0,    9.0,   1.0,   3.0,     4.0,    35.0, 1.0    ,     1.0,     1.0,     0.0,     0.0,     0.0,    10.0
churlsh01, 1994,     1, DAL , NHL , R  , 27.0,  1.0,   3.0,   4.0, 186.0, 0.0  ,  0.0,  0.0,  0.0,  0.0,  1.0, 0.0,  22.0,    5.0,   0.0,   0.0,     0.0,    20.0, -1.0   ,     0.0,     0.0,     0.0,     0.0,     0.0,     2.0
churlsh01, 1995,     1, DAL , NHL , R  , 34.0,  3.0,   4.0,   7.0, 168.0, 4.0  ,  0.0,  1.0,  0.0,  0.0,  0.0, 0.0,  18.0,       ,      ,      ,        ,        ,        ,        ,        ,        ,        ,        ,      
churlsh01, 1995,     2, LAK , NHL , R  , 11.0,  1.0,   2.0,   3.0,  37.0, -9.0 ,  0.0,  0.0,  0.0,  0.0,  0.0, 0.0,   9.0,       ,      ,      ,        ,        ,        ,        ,        ,        ,        ,        ,      
churlsh01, 1995,     3, NYR , NHL , R  , 10.0,  0.0,   0.0,   0.0,  26.0, -3.0 ,  0.0,  0.0,  0.0,  0.0,  0.0, 0.0,   5.0,   11.0,   2.0,   2.0,     4.0,    14.0, -2.0   ,     0.0,     0.0,     0.0,     0.0,     0.0,    10.0
churlsh01, 1996,     1, NYR , NHL , R  , 45.0,  0.0,   1.0,   1.0, 106.0, -10.0,  0.0,  0.0,  0.0,  0.0,  0.0, 0.0,  19.0,   15.0,   0.0,   0.0,     0.0,    20.0, -3.0   ,     0.0,     0.0,     0.0,     0.0,     0.0,     6.0
chychje01, 1986,     1, PHI , NHL , D  ,  1.0,  0.0,   0.0,   0.0,   4.0, 0.0  ,  0.0,     ,  0.0,     ,  0.0, 0.0,   1.0,       ,      ,      ,        ,        ,        ,        ,        ,        ,        ,        ,      
chychje01, 1987,     1, PHI , NHL , D  ,  3.0,  0.0,   0.0,   0.0,   4.0, -1.0 ,  0.0,  0.0,  0.0,  0.0,  0.0, 0.0,   1.0,       ,      ,      ,        ,        ,        ,        ,        ,        ,        ,        ,      
chychje01, 1988,     1, PHI , NHL , D  , 80.0,  1.0,   4.0,   5.0, 245.0, 11.0 ,  0.0,  1.0,  0.0,  0.0,  1.0, 0.0,  53.0,   19.0,   0.0,   2.0,     2.0,    65.0, -3.0   ,     0.0,     1.0,     0.0,     0.0,     0.0,    16.0
chychje01, 1989,     1, PHI , NHL , D  , 79.0,  2.0,   7.0,   9.0, 248.0, -12.0,  0.0,  0.0,  0.0,  1.0,  1.0, 0.0,  52.0,       ,      ,      ,        ,        ,        ,        ,        ,        ,        ,        ,      
chychje01, 1990,     1, PHI , NHL , D  , 36.0,  0.0,   6.0,   6.0, 105.0, 1.0  ,  0.0,  0.0,  0.0,  0.0,  0.0, 0.0,  25.0,       ,      ,      ,        ,        ,        ,        ,        ,        ,        ,        ,      
chychje01, 1991,     1, LAK , NHL , D  , 26.0,  0.0,   3.0,   3.0,  76.0, -4.0 ,  0.0,  0.0,  0.0,  0.0,  0.0, 0.0,  22.0,       ,      ,      ,        ,        ,        ,        ,        ,        ,        ,        ,      
chychje01, 1991,     2, PIT , NHL , D  , 17.0,  0.0,   1.0,   1.0,  35.0, -8.0 ,  0.0,  0.0,  0.0,  0.0,  0.0, 0.0,   4.0,       ,      ,      ,        ,        ,        ,        ,        ,        ,        ,        ,      
chychje01, 1992,     1, PIT , NHL , D  ,  1.0,  0.0,   0.0,   0.0,   2.0, 1.0  ,  0.0,  0.0,  0.0,  0.0,  0.0, 0.0,   0.0,       ,      ,      ,        ,        ,        ,        ,        ,        ,        ,        ,      
chychje01, 1992,     2, LAK , NHL , D  , 17.0,  0.0,   1.0,   1.0,  23.0, -3.0 ,  0.0,  0.0,  0.0,  0.0,  0.0, 0.0,   3.0,       ,      ,      ,        ,        ,        ,        ,        ,        ,        ,        ,      
chychje01, 1993,     1, EDM , NHL , D  ,  2.0,  0.0,   0.0,   0.0,   0.0, 1.0  ,  0.0,  0.0,  0.0,  0.0,  0.0, 0.0,   2.0,       ,      ,      ,        ,        ,        ,        ,        ,        ,        ,        ,      
chynode01, 1988,     1, NYI , NHL , D  ,  6.0,  0.0,   0.0,   0.0,  48.0, -4.0 ,  0.0,  0.0,  0.0,  0.0,  0.0, 0.0,   0.0,       ,      ,      ,        ,        ,        ,        ,        ,        ,        ,        ,      
chynode01, 1989,     1, NYI , NHL , D  , 20.0,  0.0,   2.0,   2.0,  39.0, 0.0  ,  0.0,  0.0,  0.0,  0.0,  0.0, 0.0,   8.0,       ,      ,      ,        ,        ,        ,        ,        ,        ,        ,        ,      
chynode01, 1990,     1, NYI , NHL , D  , 25.0,  1.0,   1.0,   2.0,  59.0, -6.0 ,  0.0,  0.0,  0.0,  0.0,  0.0, 0.0,  14.0,       ,      ,      ,        ,        ,        ,        ,        ,        ,        ,        ,      
chynode01, 1991,     1, NYI , NHL , D  , 11.0,  1.0,   0.0,   1.0,  23.0, -3.0 ,  0.0,  0.0,  0.0,  0.0,  0.0, 0.0,   6.0,       ,      ,      ,        ,        ,        ,        ,        ,        ,        ,        ,      
chynode01, 1993,     1, NYI , NHL , D  , 39.0,  0.0,   4.0,   4.0, 122.0, 3.0  ,  0.0,  0.0,  0.0,  0.0,  0.0, 0.0,  26.0,    2.0,   0.0,   0.0,     0.0,     2.0, -1.0   ,     0.0,     0.0,     0.0,     0.0,     0.0,     0.0
chynode01, 1994,     1, NYI , NHL , D  , 32.0,  0.0,   2.0,   2.0,  77.0, 9.0  ,  0.0,  0.0,  0.0,  0.0,  0.0, 0.0,  22.0,       ,      ,      ,        ,        ,        ,        ,        ,        ,        ,        ,      
chynode01, 1995,     1, NYI , NHL , D  , 14.0,  0.0,   1.0,   1.0,  40.0, -4.0 ,  0.0,  0.0,  0.0,  0.0,  0.0, 0.0,   6.0,       ,      ,      ,        ,        ,        ,        ,        ,        ,        ,        ,      
chynode01, 1995,     2, BOS , NHL , D  , 35.0,  2.0,   5.0,   7.0,  88.0, -1.0 ,  0.0,  0.0,  0.0,  0.0,  0.0, 0.0,  32.0,    4.0,   0.0,   0.0,     0.0,    24.0, -2.0   ,     0.0,     0.0,     0.0,     0.0,     0.0,     3.0
chynode01, 1996,     1, BOS , NHL , D  , 57.0,  0.0,   3.0,   3.0, 171.0, -12.0,  0.0,  0.0,  0.0,  0.0,  0.0, 0.0,  30.0,       ,      ,      ,        ,        ,        ,        ,        ,        ,        ,        ,      
chynode01, 1997,     1, BOS , NHL , D  ,  2.0,  0.0,   0.0,   0.0,   0.0, -4.0 ,  0.0,  0.0,  0.0,  0.0,  0.0, 0.0,   1.0,       ,      ,      ,        ,        ,        ,        ,        ,        ,        ,        ,      
chyzoda01, 1989,     1, NYI , NHL , L  , 34.0,  8.0,   6.0,  14.0,  45.0, -4.0 ,  3.0,  2.0,  0.0,  0.0,  1.0, 0.0,  59.0,       ,      ,      ,        ,        ,        ,        ,        ,        ,        ,        ,      
chyzoda01, 1990,     1, NYI , NHL , R  , 56.0,  5.0,   9.0,  14.0,  61.0, -19.0,  0.0,  2.0,  0.0,  0.0,  0.0, 0.0,  66.0,       ,      ,      ,        ,        ,        ,        ,        ,        ,        ,        ,      
chyzoda01, 1991,     1, NYI , NHL , L  , 12.0,  1.0,   1.0,   2.0,  17.0, -4.0 ,  0.0,  1.0,  0.0,  0.0,  0.0, 0.0,  18.0,       ,      ,      ,        ,        ,        ,        ,        ,        ,        ,        ,      
chyzoda01, 1993,     1, NYI , NHL , R  ,  3.0,  1.0,   0.0,   1.0,   4.0, -1.0 ,  0.0,  0.0,  0.0,  0.0,  0.0, 0.0,   4.0,    2.0,   0.0,   0.0,     0.0,     0.0, -1.0   ,     0.0,     0.0,     0.0,     0.0,     0.0,     3.0
chyzoda01, 1994,     1, NYI , NHL , L  , 13.0,  0.0,   0.0,   0.0,  11.0, -2.0 ,  0.0,  0.0,  0.0,  0.0,  0.0, 0.0,  11.0,       ,      ,      ,        ,        ,        ,        ,        ,        ,        ,        ,      
chyzoda01, 1996,     1, CHI , NHL , L  ,  8.0,  0.0,   0.0,   0.0,   6.0, 1.0  ,  0.0,  0.0,  0.0,  0.0,  0.0, 0.0,   6.0,       ,      ,      ,        ,        ,        ,        ,        ,        ,        ,        ,      
ciavape01, 1991,     1, BUF , NHL , C  ,  2.0,  0.0,   0.0,   0.0,   0.0, 1.0  ,  0.0,  0.0,  0.0,  0.0,  0.0, 0.0,   1.0,       ,      ,      ,        ,        ,        ,        ,        ,        ,        ,        ,      
ciavape01, 1992,     1, BUF , NHL , C  ,  3.0,  0.0,   0.0,   0.0,   0.0, 0.0  ,  0.0,  0.0,  0.0,  0.0,  0.0, 0.0,   2.0,       ,      ,      ,        ,        ,        ,        ,        ,        ,        ,        ,      
cibakma01, 2001,     1, TBL , NHL , C  , 26.0,  1.0,   5.0,   6.0,   8.0, -6.0 ,  0.0,  0.0,  0.0,  0.0,  0.0, 0.0,  22.0,       ,      ,      ,        ,        ,        ,        ,        ,        ,        ,        ,      
cibakma01, 2003,     1, TBL , NHL , C  , 63.0,  2.0,   7.0,   9.0,  30.0, -1.0 ,  0.0,  0.0,  0.0,  0.0,  0.0, 0.0,  44.0,    6.0,   0.0,   1.0,     1.0,     0.0, 0.0    ,     0.0,     0.0,     0.0,     0.0,     0.0,     3.0
cibakma01, 2005,     1, TBL , NHL , C  , 65.0,  2.0,   6.0,   8.0,  22.0, -9.0 ,  0.0,  0.0,  0.0,  0.0,  0.0,    ,  50.0,    5.0,   0.0,   0.0,     0.0,     0.0, -1.0   ,     0.0,     0.0,     0.0,     0.0,     0.0,     2.0
ciccadi01, 1980,     1, MNS , NHL , R  , 32.0, 18.0,  12.0,  30.0,  29.0, 2.0  ,  8.0,     ,  0.0,     ,  0.0, 1.0, 126.0,   19.0,  14.0,   7.0,    21.0,    25.0,        ,     5.0,        ,     0.0,        ,     3.0,      
ciccadi01, 1981,     1, MNS , NHL , R  , 76.0, 55.0,  51.0, 106.0, 138.0, 14.0 , 20.0,     ,  0.0,     ,  4.0, 5.0, 289.0,    4.0,   3.0,   1.0,     4.0,     2.0,        ,     2.0,        ,     0.0,        ,     1.0,      
ciccadi01, 1982,     1, MNS , NHL , R  , 77.0, 37.0,  38.0,  75.0,  94.0, 16.0 , 14.0,     ,  0.0,     ,  4.0, 2.0, 210.0,    9.0,   4.0,   6.0,    10.0,    11.0,        ,     1.0,        ,     0.0,        ,     2.0,      
ciccadi01, 1983,     1, MNS , NHL , R  , 79.0, 38.0,  33.0,  71.0,  58.0, 1.0  , 16.0,     ,  0.0,     ,  2.0, 0.0, 211.0,   16.0,   4.0,   5.0,     9.0,    27.0, -6.0   ,     1.0,        ,     0.0,        ,     1.0,    38.0
ciccadi01, 1984,     1, MNS , NHL , R  , 51.0, 15.0,  17.0,  32.0,  41.0, -10.0,  5.0,     ,  0.0,     ,  0.0, 1.0, 133.0,    9.0,   3.0,   3.0,     6.0,     8.0, -4.0   ,     1.0,        ,     0.0,        ,     0.0,    36.0
ciccadi01, 1985,     1, MNS , NHL , R  , 75.0, 44.0,  45.0,  89.0,  51.0, 12.0 , 19.0,     ,  0.0,     ,  5.0, 1.0, 262.0,    5.0,   0.0,   1.0,     1.0,     6.0, -6.0   ,     0.0,        ,     0.0,        ,     0.0,     8.0
ciccadi01, 1986,     1, MNS , NHL , R  , 80.0, 52.0,  51.0, 103.0,  88.0, 10.0 , 22.0,     ,  0.0,     ,  5.0, 3.0, 255.0,       ,      ,      ,        ,        ,        ,        ,        ,        ,        ,        ,      
ciccadi01, 1987,     1, MNS , NHL , R  , 67.0, 41.0,  45.0,  86.0,  79.0, -29.0, 13.0, 21.0,  1.0,  1.0,  2.0, 0.0, 262.0,       ,      ,      ,        ,        ,        ,        ,        ,        ,        ,        ,      
ciccadi01, 1988,     1, MNS , NHL , R  , 65.0, 32.0,  27.0,  59.0,  64.0, -16.0, 13.0,     ,  0.0,     ,  5.0, 1.0, 208.0,       ,      ,      ,        ,        ,        ,        ,        ,        ,        ,        ,      
ciccadi01, 1988,     2, WAS , NHL , R  , 11.0, 12.0,   3.0,  15.0,  12.0, 10.0 ,  3.0,     ,  0.0,     ,  3.0, 0.0,  39.0,    6.0,   3.0,   3.0,     6.0,    12.0, -2.0   ,     3.0,     2.0,     0.0,     0.0,     0.0,    16.0
ciccadi01, 1989,     1, WAS , NHL , R  , 80.0, 41.0,  38.0,  79.0, 122.0, -5.0 , 10.0, 10.0,  0.0,  0.0,  6.0, 0.0, 267.0,    8.0,   8.0,   3.0,    11.0,     6.0, 0.0    ,     1.0,     1.0,     0.0,     0.0,     1.0,    28.0
ciccadi01, 1990,     1, WAS , NHL , R  , 54.0, 21.0,  18.0,  39.0,  66.0, -17.0,  2.0,  3.0,  0.0,  0.0,  2.0, 3.0, 186.0,   11.0,   5.0,   4.0,     9.0,    22.0, -3.0   ,     3.0,     0.0,     0.0,     0.0,     2.0,    44.0
ciccadi01, 1991,     1, WAS , NHL , R  , 78.0, 38.0,  38.0,  76.0,  78.0, -10.0, 13.0, 12.0,  0.0,  0.0,  7.0, 0.0, 279.0,    7.0,   5.0,   4.0,     9.0,    14.0, -1.0   ,     1.0,     2.0,     0.0,     0.0,     0.0,    12.0
ciccadi01, 1992,     1, DET , NHL , R  , 82.0, 41.0,  56.0,  97.0,  81.0, 12.0 , 21.0, 22.0,  0.0,  0.0,  8.0, 0.0, 200.0,    7.0,   4.0,   2.0,     6.0,    16.0, -6.0   ,     3.0,     0.0,     0.0,     0.0,     0.0,    17.0
ciccadi01, 1993,     1, DET , NHL , R  , 66.0, 28.0,  29.0,  57.0,  73.0, 10.0 , 12.0,  8.0,  0.0,  0.0,  1.0, 2.0, 153.0,    7.0,   5.0,   2.0,     7.0,    14.0, 1.0    ,     1.0,     1.0,     0.0,     0.0,     0.0,    22.0
ciccadi01, 1994,     1, DET , NHL , R  , 42.0, 16.0,  27.0,  43.0,  39.0, 12.0 ,  6.0, 11.0,  0.0,  0.0,  3.0, 0.0, 106.0,   16.0,   9.0,   2.0,    11.0,    22.0, -4.0   ,     6.0,     2.0,     0.0,     0.0,     2.0,    49.0
ciccadi01, 1995,     1, DET , NHL , R  , 64.0, 22.0,  21.0,  43.0,  99.0, 14.0 , 13.0,  7.0,  0.0,  0.0,  5.0, 0.0, 107.0,   17.0,   6.0,   2.0,     8.0,    26.0, -6.0   ,     6.0,     1.0,     0.0,     0.0,     1.0,    36.0
ciccadi01, 1996,     1, TBL , NHL , R  , 77.0, 35.0,  25.0,  60.0, 116.0, -11.0, 12.0,  6.0,  0.0,  0.0,  6.0, 0.0, 229.0,       ,      ,      ,        ,        ,        ,        ,        ,        ,        ,        ,      
ciccadi01, 1997,     1, TBL , NHL , R  , 34.0, 11.0,   6.0,  17.0,  42.0, -14.0,  3.0,  1.0,  0.0,  0.0,  3.0, 1.0, 104.0,       ,      ,      ,        ,        ,        ,        ,        ,        ,        ,        ,      
ciccadi01, 1997,     2, FLO , NHL , R  , 28.0,  5.0,  11.0,  16.0,  28.0, -2.0 ,  2.0,  4.0,  0.0,  0.0,  1.0, 1.0,  57.0,       ,      ,      ,        ,        ,        ,        ,        ,        ,        ,        ,      
ciccadi01, 1998,     1, FLO , NHL , R  , 14.0,  6.0,   1.0,   7.0,  27.0, -1.0 ,  5.0,  1.0,  0.0,  0.0,  1.0, 0.0,  23.0,       ,      ,      ,        ,        ,        ,        ,        ,        ,        ,        ,      
ciccoen01, 1991,     1, MNS , NHL , D  , 11.0,  0.0,   0.0,   0.0,  48.0, -2.0 ,  0.0,  0.0,  0.0,  0.0,  0.0, 0.0,   2.0,       ,      ,      ,        ,        ,        ,        ,        ,        ,        ,        ,      
ciccoen01, 1992,     1, MNS , NHL , D  , 31.0,  0.0,   1.0,   1.0, 115.0, 2.0  ,  0.0,  0.0,  0.0,  0.0,  0.0, 0.0,  13.0,       ,      ,      ,        ,        ,        ,        ,        ,        ,        ,        ,      
ciccoen01, 1993,     1, WAS , NHL , D  , 46.0,  1.0,   1.0,   2.0, 174.0, -2.0 ,  0.0,  0.0,  0.0,  0.0,  0.0, 0.0,  23.0,       ,      ,      ,        ,        ,        ,        ,        ,        ,        ,        ,      
ciccoen01, 1993,     2, TBL , NHL , D  , 11.0,  0.0,   1.0,   1.0,  52.0, -2.0 ,  0.0,  0.0,  0.0,  0.0,  0.0, 0.0,  10.0,       ,      ,      ,        ,        ,        ,        ,        ,        ,        ,        ,      
ciccoen01, 1994,     1, TBL , NHL , D  , 41.0,  2.0,   4.0,   6.0, 225.0, 3.0  ,  0.0,  0.0,  0.0,  0.0,  0.0, 0.0,  43.0,       ,      ,      ,        ,        ,        ,        ,        ,        ,        ,        ,      
ciccoen01, 1995,     1, TBL , NHL , D  , 55.0,  2.0,   3.0,   5.0, 258.0, -4.0 ,  0.0,  1.0,  0.0,  0.0,  0.0, 0.0,  48.0,       ,      ,      ,        ,        ,        ,        ,        ,        ,        ,        ,      
ciccoen01, 1995,     2, CHI , NHL , D  , 11.0,  0.0,   1.0,   1.0,  48.0, 5.0  ,  0.0,  0.0,  0.0,  0.0,  0.0, 0.0,  12.0,    9.0,   1.0,   0.0,     1.0,    30.0, -1.0   ,     0.0,     0.0,     0.0,     0.0,     0.0,     4.0
ciccoen01, 1996,     1, CHI , NHL , D  , 67.0,  2.0,   2.0,   4.0, 233.0, -1.0 ,  0.0,  0.0,  0.0,  0.0,  1.0, 0.0,  65.0,    4.0,   0.0,   0.0,     0.0,    18.0, 0.0    ,     0.0,     0.0,     0.0,     0.0,     0.0,     6.0
ciccoen01, 1997,     1, CAR , NHL , D  , 14.0,  0.0,   3.0,   3.0,  83.0, 3.0  ,  0.0,  0.0,  0.0,  0.0,  0.0, 0.0,   8.0,       ,      ,      ,        ,        ,        ,        ,        ,        ,        ,        ,      
ciccoen01, 1997,     2, VAN , NHL , D  , 13.0,  0.0,   1.0,   1.0,  47.0, -2.0 ,  0.0,  1.0,  0.0,  0.0,  0.0, 0.0,   7.0,       ,      ,      ,        ,        ,        ,        ,        ,        ,        ,        ,      
ciccoen01, 1997,     3, TBL , NHL , D  , 12.0,  0.0,   0.0,   0.0,  45.0, -3.0 ,  0.0,  0.0,  0.0,  0.0,  0.0, 0.0,   7.0,       ,      ,      ,        ,        ,        ,        ,        ,        ,        ,        ,      
ciccoen01, 1998,     1, TBL , NHL , D  , 16.0,  1.0,   1.0,   2.0,  24.0, -1.0 ,  0.0,  0.0,  0.0,  0.0,  0.0, 0.0,   9.0,       ,      ,      ,        ,        ,        ,        ,        ,        ,        ,        ,      
ciccoen01, 1998,     2, WAS , NHL , D  , 43.0,  2.0,   0.0,   2.0, 103.0, -6.0 ,  0.0,  0.0,  0.0,  0.0,  0.0, 1.0,  43.0,       ,      ,      ,        ,        ,        ,        ,        ,        ,        ,        ,      
ciccoen01, 2000,     1, MTL , NHL , D  ,  3.0,  0.0,   0.0,   0.0,  14.0, -1.0 ,  0.0,  0.0,  0.0,  0.0,  0.0, 0.0,   0.0,       ,      ,      ,        ,        ,        ,        ,        ,        ,        ,        ,      
cichoch01, 1985,     1, DET , NHL , R  , 59.0, 10.0,  11.0,  21.0,  21.0, -8.0 ,  1.0,     ,  1.0,     ,  0.0, 0.0,  76.0,       ,      ,      ,        ,        ,        ,        ,        ,        ,        ,        ,      
cichoch01, 1986,     1, DET , NHL , R  ,  2.0,  0.0,   0.0,   0.0,   2.0, -2.0 ,  0.0,     ,  0.0,     ,  0.0, 0.0,   0.0,       ,      ,      ,        ,        ,        ,        ,        ,        ,        ,        ,      
cichoch01, 1987,     1, NJD , NHL , R  ,  5.0,  1.0,   0.0,   1.0,   2.0, 1.0  ,  0.0,  0.0,  0.0,  0.0,  0.0, 0.0,   2.0,       ,      ,      ,        ,        ,        ,        ,        ,        ,        ,        ,      
cichoch01, 1988,     1, NJD , NHL , R  ,  2.0,  0.0,   1.0,   1.0,   2.0, 0.0  ,  0.0,  0.0,  0.0,  0.0,  0.0, 0.0,   2.0,       ,      ,      ,        ,        ,        ,        ,        ,        ,        ,        ,      
cierniv01, 1997,     1, OTT , NHL , R  ,  2.0,  0.0,   0.0,   0.0,   0.0, 0.0  ,  0.0,  0.0,  0.0,  0.0,  0.0, 0.0,   0.0,       ,      ,      ,        ,        ,        ,        ,        ,        ,        ,        ,      
cierniv01, 2000,     1, OTT , NHL , L  ,  4.0,  2.0,   0.0,   2.0,   2.0, 2.0  ,  0.0,  0.0,  0.0,  0.0,  0.0, 0.0,   7.0,       ,      ,      ,        ,        ,        ,        ,        ,        ,        ,        ,      
cierniv01, 2001,     1, OTT , NHL , L  , 23.0,  1.0,   2.0,   3.0,   4.0, 0.0  ,  0.0,  0.0,  0.0,  0.0,  0.0, 0.0,  18.0,       ,      ,      ,        ,        ,        ,        ,        ,        ,        ,        ,      
cierniv01, 2001,     2, WAS , NHL , L  ,  6.0,  0.0,   1.0,   1.0,   2.0, 0.0  ,  0.0,  0.0,  0.0,  0.0,  0.0, 0.0,   5.0,       ,      ,      ,        ,        ,        ,        ,        ,        ,        ,        ,      
cierniv01, 2002,     1, WAS , NHL , L  , 47.0,  8.0,  10.0,  18.0,  24.0, 6.0  ,  0.0,  0.0,  0.0,  0.0,  2.0, 1.0,  61.0,    2.0,   0.0,   1.0,     1.0,     6.0, 1.0    ,     0.0,     0.0,     0.0,     0.0,     0.0,     2.0
cierniv01, 2003,     1, WAS , NHL , R  ,  7.0,  1.0,   1.0,   2.0,   0.0, 1.0  ,  0.0,  0.0,  0.0,  0.0,  0.0, 0.0,   8.0,       ,      ,      ,        ,        ,        ,        ,        ,        ,        ,        ,      
ciernjo01, 1993,     1, EDM , NHL , L  ,  1.0,  0.0,   0.0,   0.0,   0.0, -1.0 ,  0.0,  0.0,  0.0,  0.0,  0.0, 0.0,   0.0,       ,      ,      ,        ,        ,        ,        ,        ,        ,        ,        ,      
cieslha01, 1955,     1, CHI , NHL , C  , 70.0,  8.0,  23.0,  31.0,  22.0,      ,     ,     ,     ,     ,     ,    ,      ,       ,      ,      ,        ,        ,        ,        ,        ,        ,        ,        ,      
cieslha01, 1956,     1, CHI , NHL , C  , 70.0, 10.0,   8.0,  18.0,  28.0,      ,     ,     ,     ,     ,     ,    ,      ,       ,      ,      ,        ,        ,        ,        ,        ,        ,        ,        ,      
cieslha01, 1957,     1, NYR , NHL , C  , 60.0,  2.0,   6.0,   8.0,  16.0,      ,     ,     ,     ,     ,     ,    ,      ,    6.0,   0.0,   2.0,     2.0,     0.0,        ,        ,        ,        ,        ,        ,      
cieslha01, 1958,     1, NYR , NHL , C  , 69.0,  6.0,  14.0,  20.0,  21.0,      ,     ,     ,     ,     ,     ,    ,      ,       ,      ,      ,        ,        ,        ,        ,        ,        ,        ,        ,      
cigerzd01, 1990,     1, NJD , NHL , L  , 45.0,  8.0,  17.0,  25.0,   8.0, 3.0  ,  2.0,  4.0,  0.0,  0.0,  1.0, 0.0,  82.0,    6.0,   0.0,   2.0,     2.0,     4.0, -1.0   ,     0.0,     0.0,     0.0,     0.0,     0.0,    13.0
cigerzd01, 1991,     1, NJD , NHL , L  , 20.0,  6.0,   5.0,  11.0,  10.0, -2.0 ,  1.0,  1.0,  0.0,  0.0,  0.0, 0.0,  33.0,    7.0,   2.0,   4.0,     6.0,     0.0, 0.0    ,     0.0,     0.0,     0.0,     0.0,     1.0,    15.0
cigerzd01, 1992,     1, NJD , NHL , R  , 27.0,  4.0,   8.0,  12.0,   2.0, -8.0 ,  2.0,  3.0,  0.0,  1.0,  1.0, 0.0,  39.0,       ,      ,      ,        ,        ,        ,        ,        ,        ,        ,        ,      
cigerzd01, 1992,     2, EDM , NHL , R  , 37.0,  9.0,  15.0,  24.0,   6.0, -5.0 ,  0.0,  6.0,  0.0,  2.0,  1.0, 0.0,  67.0,       ,      ,      ,        ,        ,        ,        ,        ,        ,        ,        ,      
cigerzd01, 1993,     1, EDM , NHL , R  , 84.0, 22.0,  35.0,  57.0,   8.0, -11.0,  8.0, 10.0,  0.0,  1.0,  1.0, 2.0, 158.0,       ,      ,      ,        ,        ,        ,        ,        ,        ,        ,        ,      
cigerzd01, 1994,     1, EDM , NHL , L  ,  5.0,  2.0,   2.0,   4.0,   0.0, -1.0 ,  1.0,  1.0,  0.0,  0.0,  1.0, 0.0,  10.0,       ,      ,      ,        ,        ,        ,        ,        ,        ,        ,        ,      
cigerzd01, 1995,     1, EDM , NHL , L  , 78.0, 31.0,  39.0,  70.0,  41.0, -15.0, 12.0, 19.0,  0.0,  0.0,  3.0, 0.0, 184.0,       ,      ,      ,        ,        ,        ,        ,        ,        ,        ,        ,      
cigerzd01, 2001,     1, NYR , NHL , L  , 29.0,  6.0,   7.0,  13.0,  16.0, -3.0 ,  1.0,  1.0,  0.0,  0.0,  1.0, 0.0,  48.0,       ,      ,      ,        ,        ,        ,        ,        ,        ,        ,        ,      
cigerzd01, 2001,     2, TBL , NHL , L  , 27.0,  6.0,   6.0,  12.0,  10.0, -12.0,  0.0,  1.0,  0.0,  0.0,  2.0, 0.0,  44.0,       ,      ,      ,        ,        ,        ,        ,        ,        ,        ,        ,      
cimelto01, 1992,     1, OTT , NHL , C  ,  2.0,  0.0,   0.0,   0.0,   0.0, -2.0 ,  0.0,  0.0,  0.0,  0.0,  0.0, 0.0,   4.0,       ,      ,      ,        ,        ,        ,        ,        ,        ,        ,        ,      
cimetro01, 1988,     1, BOS , NHL , L  ,  7.0,  2.0,   0.0,   2.0,   0.0, -4.0 ,  0.0,  0.0,  0.0,  0.0,  1.0, 0.0,   4.0,    1.0,   0.0,   0.0,     0.0,    15.0, 0.0    ,     0.0,     0.0,     0.0,     0.0,     0.0,     0.0
cimetro01, 1989,     1, BOS , NHL , R  , 47.0,  8.0,   9.0,  17.0,  33.0, 4.0  ,  0.0,  1.0,  0.0,  0.0,  0.0, 0.0,  28.0,       ,      ,      ,        ,        ,        ,        ,        ,        ,        ,        ,      
cimetro01, 1990,     1, TOR , NHL , L  , 25.0,  2.0,   4.0,   6.0,  21.0, -5.0 ,  2.0,  0.0,  0.0,  0.0,  1.0, 0.0,  18.0,       ,      ,      ,        ,        ,        ,        ,        ,        ,        ,        ,      
cimetro01, 1991,     1, TOR , NHL , L  , 24.0,  4.0,   3.0,   7.0,  12.0, 5.0  ,  0.0,  2.0,  0.0,  0.0,  0.0, 0.0,  31.0,       ,      ,      ,        ,        ,        ,        ,        ,        ,        ,        ,      
cireljo01, 1981,     1, COR , NHL , D  , 65.0,  7.0,  12.0,  19.0,  52.0, -36.0,  2.0,     ,  0.0,     ,  1.0, 0.0,  71.0,       ,      ,      ,        ,        ,        ,        ,        ,        ,        ,        ,      
cireljo01, 1982,     1, NJD , NHL , D  ,  2.0,  0.0,   1.0,   1.0,   4.0, -2.0 ,  0.0,     ,  0.0,     ,  0.0, 0.0,   3.0,       ,      ,      ,        ,        ,        ,        ,        ,        ,        ,        ,      
cireljo01, 1983,     1, NJD , NHL , D  , 79.0, 11.0,  33.0,  44.0, 137.0, -43.0,  6.0,     ,  0.0,     ,  0.0, 0.0, 156.0,       ,      ,      ,        ,        ,        ,        ,        ,        ,        ,        ,      
cireljo01, 1984,     1, NJD , NHL , D  , 66.0,  6.0,  18.0,  24.0, 141.0, -45.0,  2.0,     ,  0.0,     ,  0.0, 0.0,  97.0,       ,      ,      ,        ,        ,        ,        ,        ,        ,        ,        ,      
cireljo01, 1985,     1, NJD , NHL , D  , 66.0,  6.0,  23.0,  29.0, 147.0, -12.0,  2.0,     ,  0.0,     ,  0.0, 0.0,  89.0,       ,      ,      ,        ,        ,        ,        ,        ,        ,        ,        ,      
cireljo01, 1986,     1, NJD , NHL , D  , 65.0,  9.0,  22.0,  31.0, 111.0, -20.0,  6.0,     ,  0.0,     ,  0.0, 0.0, 115.0,       ,      ,      ,        ,        ,        ,        ,        ,        ,        ,        ,      
cireljo01, 1987,     1, NJD , NHL , D  , 80.0,  8.0,  31.0,  39.0, 191.0, 15.0 ,  2.0, 12.0,  0.0,  2.0,  2.0, 0.0, 135.0,   19.0,   0.0,   7.0,     7.0,    49.0, -3.0   ,     0.0,     1.0,     0.0,     1.0,     0.0,    27.0
cireljo01, 1988,     1, NJD , NHL , D  , 80.0,  3.0,  19.0,  22.0, 155.0, -14.0,  0.0,  3.0,  1.0,  0.0,  1.0, 0.0,  84.0,       ,      ,      ,        ,        ,        ,        ,        ,        ,        ,        ,      
cireljo01, 1989,     1, QUE , NHL , D  , 56.0,  4.0,  14.0,  18.0,  67.0, -27.0,  1.0,  1.0,  0.0,  0.0,  0.0, 0.0,  76.0,       ,      ,      ,        ,        ,        ,        ,        ,        ,        ,        ,      
cireljo01, 1990,     1, QUE , NHL , D  , 39.0,  2.0,  10.0,  12.0,  59.0, -28.0,  0.0,  8.0,  0.0,  1.0,  0.0, 0.0,  60.0,       ,      ,      ,        ,        ,        ,        ,        ,        ,        ,        ,      
cireljo01, 1990,     2, NYR , NHL , D  , 19.0,  1.0,   0.0,   1.0,  52.0, 1.0  ,  0.0,  0.0,  0.0,  0.0,  0.0, 0.0,  22.0,    6.0,   0.0,   2.0,     2.0,    26.0, 2.0    ,     0.0,     0.0,     0.0,     0.0,     0.0,     4.0
cireljo01, 1991,     1, NYR , NHL , D  , 67.0,  3.0,  12.0,  15.0, 121.0, 11.0 ,  1.0,  2.0,  0.0,  1.0,  0.0, 0.0,  58.0,   13.0,   0.0,   4.0,     4.0,    23.0, 3.0    ,     0.0,     2.0,     0.0,     0.0,     0.0,    14.0
cireljo01, 1992,     1, NYR , NHL , D  , 55.0,  3.0,   6.0,   9.0,  85.0, 1.0  ,  0.0,  1.0,  1.0,  0.0,  0.0, 0.0,  37.0,       ,      ,      ,        ,        ,        ,        ,        ,        ,        ,        ,      
cireljo01, 1993,     1, FLO , NHL , D  , 63.0,  1.0,   9.0,  10.0,  99.0, 8.0  ,  0.0,  0.0,  0.0,  2.0,  0.0, 0.0,  63.0,       ,      ,      ,        ,        ,        ,        ,        ,        ,        ,        ,      
cireljo01, 1994,     1, FLO , NHL , D  , 20.0,  0.0,   1.0,   1.0,  21.0, -7.0 ,  0.0,  0.0,  0.0,  0.0,  0.0, 0.0,  13.0,       ,      ,      ,        ,        ,        ,        ,        ,        ,        ,        ,      
cireljo01, 1995,     1, OTT , NHL , D  ,  6.0,  0.0,   0.0,   0.0,   4.0, -3.0 ,  0.0,  0.0,  0.0,  0.0,  0.0, 0.0,   3.0,       ,      ,      ,        ,        ,        ,        ,        ,        ,        ,        ,      
cironja01, 1991,     1, WIN , NHL , C  ,  3.0,  0.0,   0.0,   0.0,   2.0, 0.0  ,  0.0,  0.0,  0.0,  0.0,  0.0, 0.0,   1.0,       ,      ,      ,        ,        ,        ,        ,        ,        ,        ,        ,      
cisarma01, 1999,     1, NAS , NHL , R  ,  3.0,  0.0,   0.0,   0.0,   4.0, -2.0 ,  0.0,  0.0,  0.0,  0.0,  0.0, 0.0,   2.0,       ,      ,      ,        ,        ,        ,        ,        ,        ,        ,        ,      
cisarma01, 2000,     1, NAS , NHL , R  , 60.0, 12.0,  15.0,  27.0,  45.0, -7.0 ,  5.0,  3.0,  0.0,  0.0,  1.0, 0.0,  97.0,       ,      ,      ,        ,        ,        ,        ,        ,        ,        ,        ,      
cisarma01, 2001,     1, NAS , NHL , R  , 10.0,  1.0,   2.0,   3.0,   8.0, -3.0 ,  1.0,  0.0,  0.0,  0.0,  0.0, 0.0,  16.0,       ,      ,      ,        ,        ,        ,        ,        ,        ,        ,        ,      
clackki01, 1975,     1, IND , WHA , D  , 77.0,  1.0,  12.0,  13.0, 351.0, -10.0,  1.0,     ,  0.0,     ,  0.0,    ,  71.0,    6.0,   0.0,   0.0,     0.0,    25.0, -2.0   ,        ,        ,        ,        ,        ,      
clackki01, 1976,     1, IND , WHA , D  , 71.0,  3.0,   8.0,  11.0, 168.0, -9.0 ,  0.0,     ,  0.0,     ,     ,    ,  44.0,    9.0,   0.0,   1.0,     1.0,    24.0, 2.0    ,     0.0,        ,     0.0,        ,     0.0,      
clackki01, 1977,     1, WIJ , WHA , D  , 52.0,  2.0,   7.0,   9.0, 203.0, 6.0  ,  0.0,     ,  0.0,     ,     ,    ,  42.0,    9.0,   0.0,   1.0,     1.0,    61.0, 6.0    ,        ,        ,        ,        ,     0.0,      
clackki01, 1978,     1, WIJ , WHA , D  , 71.0,  0.0,  12.0,  12.0, 210.0, -6.0 ,  0.0,     ,  0.0,     ,     ,    ,  32.0,    9.0,   0.0,   5.0,     5.0,    28.0, 7.0    ,        ,        ,        ,        ,     0.0,      
clackki01, 1979,     1, PIT , NHL , D  , 45.0,  0.0,   3.0,   3.0, 166.0, -8.0 ,  0.0,     ,  0.0,     ,  0.0, 0.0,  12.0,    3.0,   0.0,   0.0,     0.0,    37.0,        ,     0.0,        ,     0.0,        ,     0.0,      
clackki01, 1980,     1, QUE , NHL , D  , 61.0,  0.0,   5.0,   5.0, 204.0, -3.0 ,  0.0,     ,  0.0,     ,  0.0, 0.0,  20.0,    5.0,   0.0,   0.0,     0.0,    33.0,        ,     0.0,        ,     0.0,        ,     0.0,      
clancki01, 1921,     1, OTS , NHL , D  , 24.0,  4.0,   6.0,  10.0,  21.0,      ,     ,     ,     ,     ,     ,    ,      ,    2.0,   0.0,   0.0,     0.0,     2.0,        ,        ,        ,        ,        ,        ,      
clancki01, 1922,     1, OTS , NHL , D  , 24.0,  3.0,   2.0,   5.0,  20.0,      ,     ,     ,     ,     ,     ,    ,      ,    2.0,   0.0,   0.0,     0.0,     0.0,        ,        ,        ,        ,        ,        ,      
clancki01, 1923,     1, OTS , NHL , D  , 24.0,  8.0,   8.0,  16.0,  26.0,      ,     ,     ,     ,     ,     ,    ,      ,    2.0,   0.0,   0.0,     0.0,     6.0,        ,        ,        ,        ,        ,        ,      
clancki01, 1924,     1, OTS , NHL , D  , 29.0, 14.0,   7.0,  21.0,  61.0,      ,     ,     ,     ,     ,     ,    ,      ,       ,      ,      ,        ,        ,        ,        ,        ,        ,        ,        ,      
clancki01, 1925,     1, OTS , NHL , D  , 35.0,  8.0,   4.0,  12.0,  80.0,      ,     ,     ,     ,     ,     ,    ,      ,    2.0,   1.0,   0.0,     1.0,     8.0,        ,        ,        ,        ,        ,        ,      
clancki01, 1926,     1, OTS , NHL , D  , 43.0,  9.0,  10.0,  19.0,  78.0,      ,     ,     ,     ,     ,     ,    ,      ,    6.0,   1.0,   1.0,     2.0,    14.0,        ,        ,        ,        ,        ,        ,      
clancki01, 1927,     1, OTS , NHL , D  , 39.0,  8.0,   7.0,  15.0,  73.0,      ,     ,     ,     ,     ,     ,    ,      ,    2.0,   0.0,   0.0,     0.0,     6.0,        ,        ,        ,        ,        ,        ,      
clancki01, 1928,     1, OTS , NHL , D  , 44.0, 13.0,   2.0,  15.0,  89.0,      ,     ,     ,     ,     ,     ,    ,      ,       ,      ,      ,        ,        ,        ,        ,        ,        ,        ,        ,      
clancki01, 1929,     1, OTS , NHL , D  , 44.0, 17.0,  23.0,  40.0,  83.0,      ,     ,     ,     ,     ,     ,    ,      ,    2.0,   0.0,   1.0,     1.0,     2.0,        ,        ,        ,        ,        ,        ,      
clancki01, 1930,     1, TOR , NHL , D  , 44.0,  7.0,  14.0,  21.0,  63.0,      ,     ,     ,     ,     ,     ,    ,      ,    2.0,   1.0,   0.0,     1.0,     0.0,        ,        ,        ,        ,        ,        ,      
clancki01, 1931,     1, TOR , NHL , D  , 48.0, 10.0,   9.0,  19.0,  61.0,      ,     ,     ,     ,     ,     ,    ,      ,    7.0,   2.0,   1.0,     3.0,    14.0,        ,        ,        ,        ,        ,        ,      
clancki01, 1932,     1, TOR , NHL , D  , 48.0, 13.0,  12.0,  25.0,  79.0,      ,     ,     ,     ,     ,     ,    ,      ,    9.0,   0.0,   3.0,     3.0,    14.0,        ,        ,        ,        ,        ,        ,      
clancki01, 1933,     1, TOR , NHL , D  , 46.0, 11.0,  17.0,  28.0,  62.0,      ,     ,     ,     ,     ,     ,    ,      ,    3.0,   0.0,   0.0,     0.0,     8.0,        ,        ,        ,        ,        ,        ,      
clancki01, 1934,     1, TOR , NHL , D  , 47.0,  5.0,  16.0,  21.0,  53.0,      ,     ,     ,     ,     ,     ,    ,      ,    7.0,   1.0,   0.0,     1.0,     8.0,        ,        ,        ,        ,        ,        ,      
clancki01, 1935,     1, TOR , NHL , D  , 47.0,  5.0,  10.0,  15.0,  61.0,      ,     ,     ,     ,     ,     ,    ,      ,    9.0,   2.0,   2.0,     4.0,    10.0,        ,        ,        ,        ,        ,        ,      
clancki01, 1936,     1, TOR , NHL , D  ,  6.0,  1.0,   0.0,   1.0,   4.0,      ,     ,     ,     ,     ,     ,    ,      ,       ,      ,      ,        ,        ,        ,        ,        ,        ,        ,        ,      
clancte01, 1967,     1, OAK , NHL , R  ,  7.0,  0.0,   0.0,   0.0,   2.0, -4.0 ,  0.0,     ,  0.0,     ,  0.0, 0.0,   4.0,       ,      ,      ,        ,        ,        ,        ,        ,        ,        ,        ,      
clancte01, 1968,     1, TOR , NHL , R  ,  2.0,  0.0,   0.0,   0.0,   0.0, -1.0 ,  0.0,     ,  0.0,     ,  0.0, 0.0,   3.0,       ,      ,      ,        ,        ,        ,        ,        ,        ,        ,        ,      
clancte01, 1969,     1, TOR , NHL , R  , 52.0,  6.0,   5.0,  11.0,  31.0, 4.0  ,  0.0,     ,  0.0,     ,  1.0, 0.0,  77.0,       ,      ,      ,        ,        ,        ,        ,        ,        ,        ,        ,      
clancte01, 1972,     1, TOR , NHL , R  , 32.0,  0.0,   1.0,   1.0,   6.0, -10.0,  0.0,     ,  0.0,     ,  0.0, 0.0,  12.0,       ,      ,      ,        ,        ,        ,        ,        ,        ,        ,        ,      
clappdi01, 1927,     1, BOS , NHL , R/D, 40.0,  4.0,   1.0,   5.0,  20.0,      ,     ,     ,     ,     ,     ,    ,      ,    2.0,   0.0,   0.0,     0.0,     2.0,        ,        ,        ,        ,        ,        ,      
clappdi01, 1928,     1, BOS , NHL , R/D, 40.0,  9.0,   2.0,  11.0,  48.0,      ,     ,     ,     ,     ,     ,    ,      ,    5.0,   1.0,   0.0,     1.0,     0.0,        ,        ,        ,        ,        ,        ,      
clappdi01, 1929,     1, BOS , NHL , R/D, 44.0, 41.0,  20.0,  61.0,  48.0,      ,     ,     ,     ,     ,     ,    ,      ,    6.0,   4.0,   0.0,     4.0,     4.0,        ,        ,        ,        ,        ,        ,      
clappdi01, 1930,     1, BOS , NHL , R/D, 43.0, 22.0,   8.0,  30.0,  50.0,      ,     ,     ,     ,     ,     ,    ,      ,    5.0,   2.0,   4.0,     6.0,     4.0,        ,        ,        ,        ,        ,        ,      
clappdi01, 1931,     1, BOS , NHL , R  , 48.0, 17.0,  22.0,  39.0,  21.0,      ,     ,     ,     ,     ,     ,    ,      ,       ,      ,      ,        ,        ,        ,        ,        ,        ,        ,        ,      
clappdi01, 1932,     1, BOS , NHL , R/D, 48.0, 14.0,  14.0,  28.0,  42.0,      ,     ,     ,     ,     ,     ,    ,      ,    5.0,   1.0,   1.0,     2.0,     2.0,        ,        ,        ,        ,        ,        ,      
clappdi01, 1933,     1, BOS , NHL , R/D, 48.0, 10.0,  12.0,  22.0,   6.0,      ,     ,     ,     ,     ,     ,    ,      ,       ,      ,      ,        ,        ,        ,        ,        ,        ,        ,        ,      
clappdi01, 1934,     1, BOS , NHL , R/D, 48.0, 21.0,  16.0,  37.0,  21.0,      ,     ,     ,     ,     ,     ,    ,      ,    3.0,   1.0,   0.0,     1.0,     0.0,        ,        ,        ,        ,        ,        ,      
clappdi01, 1935,     1, BOS , NHL , R/D, 44.0, 12.0,  13.0,  25.0,  14.0,      ,     ,     ,     ,     ,     ,    ,      ,    2.0,   0.0,   1.0,     1.0,     0.0,        ,        ,        ,        ,        ,        ,      
clappdi01, 1936,     1, BOS , NHL , R/D, 48.0, 17.0,   8.0,  25.0,  25.0,      ,     ,     ,     ,     ,     ,    ,      ,    3.0,   2.0,   0.0,     2.0,     5.0,        ,        ,        ,        ,        ,        ,      
clappdi01, 1937,     1, BOS , NHL , D  , 46.0,  6.0,   9.0,  15.0,  24.0,      ,     ,     ,     ,     ,     ,    ,      ,    3.0,   0.0,   0.0,     0.0,    12.0,        ,        ,        ,        ,        ,        ,      
clappdi01, 1938,     1, BOS , NHL , D  , 42.0, 13.0,  13.0,  26.0,  22.0,      ,     ,     ,     ,     ,     ,    ,      ,   11.0,   0.0,   1.0,     1.0,     6.0,        ,        ,        ,        ,        ,        ,      
clappdi01, 1939,     1, BOS , NHL , D  , 44.0, 10.0,  18.0,  28.0,  25.0,      ,     ,     ,     ,     ,     ,    ,      ,    6.0,   0.0,   2.0,     2.0,     2.0,        ,        ,        ,        ,        ,        ,      
clappdi01, 1940,     1, BOS , NHL , D  , 48.0,  8.0,  18.0,  26.0,  24.0,      ,     ,     ,     ,     ,     ,    ,      ,   11.0,   0.0,   5.0,     5.0,     4.0,        ,        ,        ,        ,        ,        ,      
clappdi01, 1941,     1, BOS , NHL , D  , 32.0,  3.0,  12.0,  15.0,  31.0,      ,     ,     ,     ,     ,     ,    ,      ,       ,      ,      ,        ,        ,        ,        ,        ,        ,        ,        ,      
clappdi01, 1942,     1, BOS , NHL , D  , 38.0,  5.0,  18.0,  23.0,  12.0,      ,     ,     ,     ,     ,     ,    ,      ,    9.0,   2.0,   3.0,     5.0,     9.0,        ,        ,        ,        ,        ,        ,      
clappdi01, 1943,     1, BOS , NHL , D  , 50.0,  6.0,  25.0,  31.0,  13.0,      ,     ,     ,     ,     ,     ,    ,      ,       ,      ,      ,        ,        ,        ,        ,        ,        ,        ,        ,      
clappdi01, 1944,     1, BOS , NHL , D  , 46.0,  8.0,  14.0,  22.0,  16.0,      ,     ,     ,     ,     ,     ,    ,      ,    7.0,   0.0,   0.0,     0.0,     0.0,        ,        ,        ,        ,        ,        ,      
clappdi01, 1945,     1, BOS , NHL , D  , 30.0,  2.0,   3.0,   5.0,   0.0,      ,     ,     ,     ,     ,     ,    ,      ,    4.0,   0.0,   0.0,     0.0,     0.0,        ,        ,        ,        ,        ,        ,      
clappdi01, 1946,     1, BOS , NHL , D  ,  6.0,  0.0,   0.0,   0.0,   0.0,      ,     ,     ,     ,     ,     ,    ,      ,       ,      ,      ,        ,        ,        ,        ,        ,        ,        ,        ,      
clarkbo01, 1969,     1, PHI , NHL , C  , 76.0, 15.0,  31.0,  46.0,  68.0, 1.0  ,  5.0,     ,  1.0,     ,  0.0, 1.0, 214.0,       ,      ,      ,        ,        ,        ,        ,        ,        ,        ,        ,      
clarkbo01, 1970,     1, PHI , NHL , C  , 77.0, 27.0,  36.0,  63.0,  78.0, 9.0  , 10.0,     ,  1.0,     ,  5.0, 3.0, 185.0,    4.0,   0.0,   0.0,     0.0,     2.0,        ,     0.0,        ,     0.0,        ,     0.0,      
clarkbo01, 1971,     1, PHI , NHL , C  , 78.0, 35.0,  46.0,  81.0,  87.0, 22.0 , 11.0,     ,  1.0,     ,  3.0, 3.0, 225.0,       ,      ,      ,        ,        ,        ,        ,        ,        ,        ,        ,      
clarkbo01, 1972,     1, PHI , NHL , C  , 78.0, 37.0,  67.0, 104.0,  80.0, 32.0 , 10.0,     ,  2.0,     ,  4.0, 4.0, 231.0,   11.0,   2.0,   6.0,     8.0,     6.0,        ,     2.0,        ,     0.0,        ,     1.0,      
clarkbo01, 1973,     1, PHI , NHL , C  , 77.0, 35.0,  52.0,  87.0, 113.0, 35.0 , 10.0,     ,  5.0,     ,  5.0, 3.0, 221.0,   17.0,   5.0,  11.0,    16.0,    42.0,        ,     2.0,        ,     0.0,        ,     2.0,      
clarkbo01, 1974,     1, PHI , NHL , C  , 80.0, 27.0,  89.0, 116.0, 125.0, 79.0 , 10.0,     ,  3.0,     ,  4.0, 1.0, 193.0,   17.0,   4.0,  12.0,    16.0,    16.0,        ,     2.0,        ,     1.0,        ,     2.0,      
clarkbo01, 1975,     1, PHI , NHL , C  , 76.0, 30.0,  89.0, 119.0, 136.0, 83.0 , 10.0,     ,  4.0,     ,  2.0, 1.0, 194.0,   16.0,   2.0,  14.0,    16.0,    28.0,        ,     1.0,        ,     0.0,        ,     0.0,      
clarkbo01, 1976,     1, PHI , NHL , C  , 80.0, 27.0,  63.0,  90.0,  71.0, 39.0 ,  6.0,     ,  6.0,     ,  3.0, 0.0, 158.0,   10.0,   5.0,   5.0,    10.0,     8.0,        ,     2.0,        ,     0.0,        ,     0.0,      
clarkbo01, 1977,     1, PHI , NHL , C  , 71.0, 21.0,  68.0,  89.0,  83.0, 47.0 ,  5.0,     ,  2.0,     ,  1.0, 1.0, 131.0,   12.0,   4.0,   7.0,    11.0,     8.0,        ,     1.0,        ,     0.0,        ,     0.0,      
clarkbo01, 1978,     1, PHI , NHL , C  , 80.0, 16.0,  57.0,  73.0,  68.0, 12.0 ,  5.0,     ,  1.0,     ,  1.0, 1.0, 143.0,    8.0,   2.0,   4.0,     6.0,     8.0,        ,     1.0,        ,     0.0,        ,     0.0,      
clarkbo01, 1979,     1, PHI , NHL , C  , 76.0, 12.0,  57.0,  69.0,  65.0, 42.0 ,  1.0,     ,  2.0,     ,  2.0, 1.0, 139.0,   19.0,   8.0,  12.0,    20.0,    16.0,        ,     3.0,        ,     0.0,        ,     2.0,      
clarkbo01, 1980,     1, PHI , NHL , C  , 80.0, 19.0,  46.0,  65.0, 140.0, 17.0 ,  5.0,     ,  1.0,     ,  2.0, 0.0, 150.0,   12.0,   3.0,   3.0,     6.0,     6.0,        ,     0.0,        ,     1.0,        ,     0.0,      
clarkbo01, 1981,     1, PHI , NHL , C  , 62.0, 17.0,  46.0,  63.0, 154.0, 28.0 ,  2.0,     ,  1.0,     ,  3.0, 1.0, 110.0,    4.0,   4.0,   2.0,     6.0,     4.0,        ,     1.0,        ,     1.0,        ,     0.0,      
clarkbo01, 1982,     1, PHI , NHL , C  , 80.0, 23.0,  62.0,  85.0, 115.0, 37.0 ,  6.0,     ,  1.0,     ,  2.0, 2.0, 164.0,    3.0,   1.0,   0.0,     1.0,     2.0,        ,     0.0,        ,     0.0,        ,     0.0,      
clarkbo01, 1983,     1, PHI , NHL , C  , 73.0, 17.0,  43.0,  60.0,  70.0, 23.0 ,  3.0,     ,  1.0,     ,  1.0, 1.0, 129.0,    3.0,   2.0,   1.0,     3.0,     6.0, -1.0   ,     0.0,        ,     0.0,        ,     0.0,     8.0
clarkbr01, 1997,     1, MTL , NHL , D  , 41.0,  1.0,   0.0,   1.0,  20.0, -3.0 ,  0.0,  0.0,  0.0,  0.0,  0.0, 0.0,  26.0,       ,      ,      ,        ,        ,        ,        ,        ,        ,        ,        ,      
clarkbr01, 1998,     1, MTL , NHL , D  , 61.0,  2.0,   2.0,   4.0,  16.0, -3.0 ,  0.0,  0.0,  0.0,  0.0,  0.0, 0.0,  36.0,       ,      ,      ,        ,        ,        ,        ,        ,        ,        ,        ,      
clarkbr01, 1999,     1, ATL , NHL , D  , 14.0,  0.0,   1.0,   1.0,   4.0, -12.0,  0.0,  0.0,  0.0,  0.0,  0.0, 0.0,  13.0,       ,      ,      ,        ,        ,        ,        ,        ,        ,        ,        ,      
clarkbr01, 2000,     1, ATL , NHL , D  , 28.0,  1.0,   2.0,   3.0,  14.0, -12.0,  0.0,  0.0,  0.0,  0.0,  0.0, 0.0,  35.0,       ,      ,      ,        ,        ,        ,        ,        ,        ,        ,        ,      
clarkbr01, 2001,     1, ATL , NHL , D  ,  2.0,  0.0,   0.0,   0.0,   0.0, -3.0 ,  0.0,  0.0,  0.0,  0.0,  0.0, 0.0,   0.0,       ,      ,      ,        ,        ,        ,        ,        ,        ,        ,        ,      
clarkbr01, 2003,     1, COL , NHL , D  , 12.0,  1.0,   1.0,   2.0,   6.0, 3.0  ,  0.0,  0.0,  0.0,  0.0,  0.0, 0.0,  14.0,       ,      ,      ,        ,        ,        ,        ,        ,        ,        ,        ,      
clarkbr01, 2005,     1, COL , NHL , D  , 80.0,  9.0,  27.0,  36.0,  56.0, 3.0  ,  4.0, 10.0,  0.0,  1.0,  1.0,    , 148.0,    9.0,   2.0,   2.0,     4.0,     2.0, -2.0   ,     0.0,     1.0,     1.0,     1.0,     0.0,    19.0
clarkbr01, 2006,     1, COL , NHL , D  , 82.0, 10.0,  29.0,  39.0,  50.0, 5.0  ,  4.0, 10.0,  0.0,  1.0,  1.0,    , 140.0,       ,      ,      ,        ,        ,        ,        ,        ,        ,        ,        ,      
clarkbr01, 2007,     1, COL , NHL , D  , 57.0,  5.0,  16.0,  21.0,  33.0, 5.0  ,  1.0,  5.0,  0.0,  0.0,  0.0,    ,  87.0,       ,      ,      ,        ,        ,        ,        ,        ,        ,        ,        ,      
clarkbr01, 2008,     1, COL , NHL , D  , 76.0,  2.0,  10.0,  12.0,  32.0, -16.0,  0.0,  2.0,  0.0,  0.0,  1.0,    ,  97.0,       ,      ,      ,        ,        ,        ,        ,        ,        ,        ,        ,      
clarkbr01, 2009,     1, COL , NHL , D  , 64.0,  3.0,  17.0,  20.0,  28.0, 6.0  ,  2.0,  5.0,  0.0,  0.0,  1.0,    ,  75.0,    1.0,   0.0,   0.0,     0.0,     0.0, 0.0    ,     0.0,     0.0,     0.0,     0.0,     0.0,     3.0
clarkch01, 1999,     1, CAL , NHL , R  , 22.0,  0.0,   1.0,   1.0,  14.0, -3.0 ,  0.0,  0.0,  0.0,  0.0,  0.0, 0.0,  17.0,       ,      ,      ,        ,        ,        ,        ,        ,        ,        ,        ,      
clarkch01, 2000,     1, CAL , NHL , R  , 29.0,  5.0,   1.0,   6.0,  38.0, 0.0  ,  1.0,  0.0,  0.0,  0.0,  0.0, 0.0,  43.0,       ,      ,      ,        ,        ,        ,        ,        ,        ,        ,        ,      
clarkch01, 2001,     1, CAL , NHL , R  , 64.0, 10.0,   7.0,  17.0,  79.0, -12.0,  2.0,  0.0,  1.0,  0.0,  4.0, 0.0, 109.0,       ,      ,      ,        ,        ,        ,        ,        ,        ,        ,        ,      
clarkch01, 2002,     1, CAL , NHL , R  , 81.0, 10.0,  12.0,  22.0, 126.0, -11.0,  2.0,  2.0,  0.0,  0.0,  2.0, 1.0, 156.0,       ,      ,      ,        ,        ,        ,        ,        ,        ,        ,        ,      
clarkch01, 2003,     1, CAL , NHL , R  , 82.0, 10.0,  15.0,  25.0, 106.0, -3.0 ,  4.0,  2.0,  0.0,  1.0,  2.0, 0.0, 137.0,   26.0,   3.0,   3.0,     6.0,    30.0, 0.0    ,     1.0,     0.0,     0.0,     1.0,     0.0,    29.0
clarkch01, 2005,     1, WAS , NHL , R  , 78.0, 20.0,  19.0,  39.0, 110.0, 9.0  ,  1.0,  1.0,  3.0,  1.0,  0.0,    , 144.0,       ,      ,      ,        ,        ,        ,        ,        ,        ,        ,        ,      
clarkch01, 2006,     1, WAS , NHL , R  , 74.0, 30.0,  24.0,  54.0,  66.0, -10.0,  9.0,  7.0,  4.0,  0.0,  2.0,    , 164.0,       ,      ,      ,        ,        ,        ,        ,        ,        ,        ,        ,      
clarkch01, 2007,     1, WAS , NHL , R  , 18.0,  5.0,   4.0,   9.0,  43.0, 0.0  ,  1.0,  2.0,  0.0,  0.0,  1.0,    ,  29.0,       ,      ,      ,        ,        ,        ,        ,        ,        ,        ,        ,      
clarkch01, 2008,     1, WAS , NHL , R  , 32.0,  1.0,   5.0,   6.0,  32.0, -3.0 ,  0.0,  1.0,  0.0,  0.0,  0.0,    ,  36.0,    8.0,   1.0,   0.0,     1.0,     8.0, -2.0   ,     0.0,     0.0,     0.0,     0.0,     0.0,     7.0
clarkch01, 2009,     1, WAS , NHL , R  , 38.0,  4.0,  11.0,  15.0,  27.0, -4.0 ,  0.0,  4.0,  0.0,  0.0,  1.0,    ,  59.0,       ,      ,      ,        ,        ,        ,        ,        ,        ,        ,        ,      
clarkch01, 2009,     2, CBS , NHL , R  , 36.0,  3.0,   2.0,   5.0,  21.0, -8.0 ,  0.0,  0.0,  0.0,  0.0,  0.0,    ,  46.0,       ,      ,      ,        ,        ,        ,        ,        ,        ,        ,        ,      
clarkch02, 1913,     1, VML , PCHA, G  ,  1.0,  0.0,   0.0,   0.0,   0.0,      ,     ,     ,     ,     ,     ,    ,      ,       ,      ,      ,        ,        ,        ,        ,        ,        ,        ,        ,      
clarkda01, 1978,     1, NYR , NHL , D  ,  4.0,  0.0,   1.0,   1.0,   6.0, 1.0  ,  0.0,     ,  0.0,     ,  0.0, 0.0,   4.0,       ,      ,      ,        ,        ,        ,        ,        ,        ,        ,        ,      
clarkda02, 2000,     1, STL , NHL , D  ,  3.0,  0.0,   0.0,   0.0,   0.0, 1.0  ,  0.0,  0.0,  0.0,  0.0,  0.0, 0.0,   5.0,       ,      ,      ,        ,        ,        ,        ,        ,        ,        ,        ,      
clarkda03, 2006,     1, NJD , NHL , R  ,  7.0,  3.0,   1.0,   4.0,   6.0, -1.0 ,  2.0,  0.0,  0.0,  0.0,  1.0,    ,  18.0,    3.0,   0.0,   0.0,     0.0,     2.0, -1.0   ,     0.0,     0.0,     0.0,     0.0,     0.0,     2.0
clarkda03, 2007,     1, NJD , NHL , R  , 81.0,  9.0,  13.0,  22.0, 183.0, 1.0  ,  0.0,  2.0,  0.0,  0.0,  1.0,    , 151.0,    5.0,   0.0,   0.0,     0.0,     4.0, -2.0   ,     0.0,     0.0,     0.0,     0.0,     0.0,     3.0
clarkda03, 2008,     1, NJD , NHL , R  , 82.0, 17.0,  15.0,  32.0, 164.0, -1.0 ,  4.0,  2.0,  0.0,  0.0,  3.0,    , 158.0,    7.0,   2.0,   0.0,     2.0,    19.0, -1.0   ,     1.0,     0.0,     0.0,     0.0,     1.0,    12.0
clarkda03, 2009,     1, NJD , NHL , R  , 46.0, 11.0,  13.0,  24.0,  85.0, 3.0  ,  3.0,  3.0,  0.0,  0.0,  2.0,    , 106.0,    5.0,   0.0,   0.0,     0.0,    22.0, -1.0   ,     0.0,     0.0,     0.0,     0.0,     0.0,     4.0
clarkde01, 1983,     1, EDM , NHL , D  ,  1.0,  0.0,   0.0,   0.0,   0.0, 0.0  ,  0.0,     ,  0.0,     ,  0.0, 0.0,   0.0,       ,      ,      ,        ,        ,        ,        ,        ,        ,        ,        ,      
clarkgo01, 1974,     1, BOS , NHL , R  ,  1.0,  0.0,   0.0,   0.0,   0.0, 0.0  ,  0.0,     ,  0.0,     ,  0.0, 0.0,   1.0,       ,      ,      ,        ,        ,        ,        ,        ,        ,        ,        ,      
clarkgo01, 1975,     1, BOS , NHL , R  ,  7.0,  0.0,   1.0,   1.0,   0.0, -5.0 ,  0.0,     ,  0.0,     ,  0.0, 0.0,   3.0,    1.0,   0.0,   0.0,     0.0,     0.0,        ,     0.0,        ,     0.0,        ,     0.0,      
clarkgo01, 1978,     1, CIN , WHA , R  , 21.0,  3.0,   3.0,   6.0,   2.0, -2.0 ,  0.0,     ,  0.0,     ,     ,    ,  18.0,       ,      ,      ,        ,        ,        ,        ,        ,        ,        ,        ,      
clarkhe01, 1909,     1, COB , NHA ,    , 11.0, 20.0,   0.0,  20.0,  27.0,      ,     ,     ,     ,     ,     ,    ,      ,       ,      ,      ,        ,        ,        ,        ,        ,        ,        ,        ,      
clarkji01, 1975,     1, PHR , WHA , D  , 59.0,  1.0,   9.0,  10.0,  57.0, 3.0  ,  0.0,     ,  0.0,     ,  0.0,    ,  56.0,       ,      ,      ,        ,        ,        ,        ,        ,        ,        ,        ,      
clarkno01, 1927,     1, BOS , NHL , D  ,  5.0,  0.0,   0.0,   0.0,   0.0,      ,     ,     ,     ,     ,     ,    ,      ,       ,      ,      ,        ,        ,        ,        ,        ,        ,        ,        ,      
clarkno02, 2003,     1, LAK , NHL , L  ,  2.0,  0.0,   1.0,   1.0,   0.0, 1.0  ,  0.0,  0.0,  0.0,  0.0,  0.0, 0.0,   3.0,       ,      ,      ,        ,        ,        ,        ,        ,        ,        ,        ,      
clarkno02, 2005,     1, LAK , NHL , L  ,  5.0,  0.0,   0.0,   0.0,   0.0, 0.0  ,  0.0,  0.0,  0.0,  0.0,  0.0,    ,   3.0,       ,      ,      ,        ,        ,        ,        ,        ,        ,        ,        ,      
clarkno02, 2006,     1, LAK , NHL , L  , 13.0,  2.0,   0.0,   2.0,   4.0, -6.0 ,  0.0,  0.0,  1.0,  0.0,  0.0,    ,  11.0,       ,      ,      ,        ,        ,        ,        ,        ,        ,        ,        ,      
clarkno02, 2007,     1, NJD , NHL , L  ,  1.0,  1.0,   0.0,   1.0,   0.0, 0.0  ,  0.0,  0.0,  0.0,  0.0,  0.0,    ,   3.0,       ,      ,      ,        ,        ,        ,        ,        ,        ,        ,        ,      
clarkwe01, 1985,     1, TOR , NHL , L  , 66.0, 34.0,  11.0,  45.0, 227.0, -27.0,  4.0,     ,  0.0,     ,  3.0, 0.0, 164.0,   10.0,   5.0,   1.0,     6.0,    47.0, 1.0    ,     1.0,        ,     0.0,        ,     1.0,    25.0
clarkwe01, 1986,     1, TOR , NHL , L  , 80.0, 37.0,  23.0,  60.0, 271.0, -23.0, 15.0,     ,  0.0,     ,  1.0, 2.0, 246.0,   13.0,   6.0,   5.0,    11.0,    38.0, 6.0    ,     3.0,        ,     0.0,        ,     1.0,    61.0
clarkwe01, 1987,     1, TOR , NHL , L  , 28.0, 12.0,  11.0,  23.0,  80.0, -13.0,  4.0,  4.0,  0.0,  0.0,  1.0, 1.0,  93.0,       ,      ,      ,        ,        ,        ,        ,        ,        ,        ,        ,      
clarkwe01, 1988,     1, TOR , NHL , L  , 15.0,  7.0,   4.0,  11.0,  66.0, -3.0 ,  3.0,  1.0,  0.0,  0.0,  1.0, 0.0,  30.0,       ,      ,      ,        ,        ,        ,        ,        ,        ,        ,        ,      
clarkwe01, 1989,     1, TOR , NHL , L  , 38.0, 18.0,   8.0,  26.0, 116.0, 2.0  ,  7.0,  3.0,  0.0,  0.0,  2.0, 0.0,  85.0,    5.0,   1.0,   1.0,     2.0,    19.0, -2.0   ,     0.0,     1.0,     0.0,     0.0,     0.0,    14.0
clarkwe01, 1990,     1, TOR , NHL , L  , 63.0, 18.0,  16.0,  34.0, 152.0, -5.0 ,  4.0,  3.0,  0.0,  0.0,  2.0, 0.0, 181.0,       ,      ,      ,        ,        ,        ,        ,        ,        ,        ,        ,      
clarkwe01, 1991,     1, TOR , NHL , L  , 43.0, 19.0,  21.0,  40.0, 123.0, -14.0,  7.0,  8.0,  0.0,  0.0,  4.0, 0.0, 158.0,       ,      ,      ,        ,        ,        ,        ,        ,        ,        ,        ,      
clarkwe01, 1992,     1, TOR , NHL , L  , 66.0, 17.0,  22.0,  39.0, 193.0, 2.0  ,  2.0,  7.0,  0.0,  0.0,  5.0, 1.0, 146.0,   21.0,  10.0,  10.0,    20.0,    51.0, 15.0   ,     2.0,     0.0,     0.0,     0.0,     1.0,    71.0
clarkwe01, 1993,     1, TOR , NHL , L  , 64.0, 46.0,  30.0,  76.0, 115.0, 10.0 , 21.0, 11.0,  0.0,  0.0,  8.0, 0.0, 275.0,   18.0,   9.0,   7.0,    16.0,    24.0, 0.0    ,     2.0,     3.0,     0.0,     0.0,     1.0,    72.0
clarkwe01, 1994,     1, QUE , NHL , L  , 37.0, 12.0,  18.0,  30.0,  45.0, -1.0 ,  5.0,  3.0,  0.0,  0.0,  0.0, 0.0,  95.0,    6.0,   1.0,   2.0,     3.0,     6.0, -6.0   ,     0.0,     1.0,     0.0,     0.0,     0.0,    18.0
clarkwe01, 1995,     1, NYI , NHL , L  , 58.0, 24.0,  19.0,  43.0,  60.0, -12.0,  6.0,  8.0,  0.0,  0.0,  2.0, 1.0, 192.0,       ,      ,      ,        ,        ,        ,        ,        ,        ,        ,        ,      
clarkwe01, 1995,     2, TOR , NHL , L  , 13.0,  8.0,   7.0,  15.0,  16.0, 7.0  ,  2.0,  2.0,  0.0,  0.0,  1.0, 0.0,  45.0,    6.0,   2.0,   2.0,     4.0,     2.0, -6.0   ,     1.0,     2.0,     0.0,     0.0,     0.0,    17.0
clarkwe01, 1996,     1, TOR , NHL , L  , 65.0, 30.0,  19.0,  49.0,  75.0, -2.0 ,  6.0,  6.0,  0.0,  0.0,  6.0, 0.0, 212.0,       ,      ,      ,        ,        ,        ,        ,        ,        ,        ,        ,      
clarkwe01, 1997,     1, TOR , NHL , L  , 47.0, 12.0,   7.0,  19.0,  80.0, -21.0,  4.0,  3.0,  0.0,  0.0,  3.0, 0.0, 140.0,       ,      ,      ,        ,        ,        ,        ,        ,        ,        ,        ,      
clarkwe01, 1998,     1, TBL , NHL , L  , 65.0, 28.0,  14.0,  42.0,  35.0, -25.0, 11.0,  4.0,  0.0,  0.0,  2.0, 1.0, 171.0,       ,      ,      ,        ,        ,        ,        ,        ,        ,        ,        ,      
clarkwe01, 1998,     2, DET , NHL , L  , 12.0,  4.0,   2.0,   6.0,   2.0, 1.0  ,  0.0,  0.0,  0.0,  0.0,  1.0, 0.0,  44.0,   10.0,   2.0,   3.0,     5.0,    10.0, -1.0   ,     1.0,     1.0,     0.0,     0.0,     0.0,    29.0
clarkwe01, 1999,     1, CHI , NHL , L  , 13.0,  2.0,   0.0,   2.0,  13.0, -2.0 ,  0.0,  0.0,  0.0,  0.0,  0.0, 0.0,  27.0,       ,      ,      ,        ,        ,        ,        ,        ,        ,        ,        ,      
clarkwe01, 1999,     2, TOR , NHL , L  , 20.0,  2.0,   2.0,   4.0,  21.0, -3.0 ,  0.0,  0.0,  0.0,  0.0,  1.0, 0.0,  36.0,    6.0,   1.0,   1.0,     2.0,     4.0, 2.0    ,     0.0,     0.0,     0.0,     0.0,     0.0,    15.0
classgr01, 2000,     1, NAS , NHL , C  , 27.0,  2.0,   4.0,   6.0,  14.0, -4.0 ,  1.0,  1.0,  0.0,  0.0,  0.0, 0.0,  18.0,       ,      ,      ,        ,        ,        ,        ,        ,        ,        ,        ,      
classgr01, 2001,     1, NAS , NHL , C  , 55.0,  5.0,   6.0,  11.0,  30.0, 1.0  ,  0.0,  0.0,  1.0,  0.0,  0.0, 0.0,  32.0,       ,      ,      ,        ,        ,        ,        ,        ,        ,        ,        ,      
classgr01, 2002,     1, NAS , NHL , C  ,  8.0,  0.0,   0.0,   0.0,   4.0, -3.0 ,  0.0,  0.0,  0.0,  0.0,  0.0, 0.0,   2.0,       ,      ,      ,        ,        ,        ,        ,        ,        ,        ,        ,      
clearda01, 1997,     1, CHI , NHL , L  ,  6.0,  0.0,   0.0,   0.0,   0.0, -2.0 ,  0.0,  0.0,  0.0,  0.0,  0.0, 0.0,   4.0,       ,      ,      ,        ,        ,        ,        ,        ,        ,        ,        ,      
clearda01, 1998,     1, CHI , NHL , L  , 35.0,  4.0,   5.0,   9.0,  24.0, -1.0 ,  0.0,  0.0,  0.0,  0.0,  0.0, 0.0,  49.0,       ,      ,      ,        ,        ,        ,        ,        ,        ,        ,        ,      
clearda01, 1999,     1, EDM , NHL , L  , 17.0,  3.0,   2.0,   5.0,   8.0, -1.0 ,  0.0,  1.0,  0.0,  0.0,  1.0, 0.0,  18.0,    4.0,   0.0,   1.0,     1.0,     2.0, 1.0    ,     0.0,     0.0,     0.0,     0.0,     0.0,     3.0
clearda01, 2000,     1, EDM , NHL , R  , 81.0, 14.0,  21.0,  35.0,  37.0, 5.0  ,  2.0,  7.0,  0.0,  0.0,  2.0, 1.0, 107.0,    6.0,   1.0,   1.0,     2.0,     8.0, -2.0   ,     1.0,     1.0,     0.0,     0.0,     0.0,     6.0
clearda01, 2001,     1, EDM , NHL , R  , 65.0, 10.0,  19.0,  29.0,  51.0, -1.0 ,  2.0,  5.0,  1.0,  0.0,  1.0, 0.0,  75.0,       ,      ,      ,        ,        ,        ,        ,        ,        ,        ,        ,      
clearda01, 2002,     1, EDM , NHL , R  , 57.0,  4.0,  13.0,  17.0,  31.0, 5.0  ,  0.0,  0.0,  0.0,  0.0,  1.0, 0.0,  89.0,       ,      ,      ,        ,        ,        ,        ,        ,        ,        ,        ,      
clearda01, 2003,     1, PHO , NHL , L  , 68.0,  6.0,  11.0,  17.0,  42.0, -8.0 ,  0.0,  1.0,  3.0,  0.0,  0.0, 0.0,  83.0,       ,      ,      ,        ,        ,        ,        ,        ,        ,        ,        ,      
clearda01, 2005,     1, DET , NHL , L  , 77.0,  3.0,  12.0,  15.0,  40.0, 5.0  ,  0.0,  0.0,  0.0,  2.0,  1.0,    , 106.0,    6.0,   0.0,   1.0,     1.0,     6.0, 2.0    ,     0.0,     0.0,     0.0,     0.0,     0.0,    14.0
clearda01, 2006,     1, DET , NHL , R  , 71.0, 20.0,  20.0,  40.0,  24.0, 6.0  ,  6.0,  2.0,  2.0,  1.0,  5.0,    , 135.0,   18.0,   4.0,   8.0,    12.0,    30.0, 2.0    ,     1.0,     3.0,     2.0,     1.0,     0.0,    53.0
clearda01, 2007,     1, DET , NHL , R  , 63.0, 20.0,  22.0,  42.0,  33.0, 21.0 ,  5.0,  7.0,  0.0,  1.0,  3.0,    , 177.0,   22.0,   2.0,   1.0,     3.0,     4.0, 1.0    ,     0.0,     0.0,     1.0,     0.0,     0.0,    54.0
clearda01, 2008,     1, DET , NHL , R  , 74.0, 14.0,  26.0,  40.0,  46.0, 0.0  ,  3.0,  3.0,  0.0,  0.0,  3.0,    , 163.0,   23.0,   9.0,   6.0,    15.0,    12.0, 17.0   ,     0.0,     0.0,     0.0,     0.0,     3.0,    57.0
clearda01, 2009,     1, DET , NHL , L  , 64.0, 15.0,  19.0,  34.0,  29.0, -3.0 ,  2.0,  5.0,  0.0,  0.0,  2.0,    , 140.0,   12.0,   2.0,   0.0,     2.0,     4.0, 3.0    ,     0.0,     0.0,     0.0,     0.0,     0.0,    27.0
clearra01, 1972,     1, CLC , WHA , D  , 78.0, 11.0,  36.0,  47.0,  41.0,      ,  1.0,     ,  0.0,     ,     ,    ,      ,    9.0,   1.0,   2.0,     3.0,     8.0,        ,     0.0,        ,     0.0,        ,     0.0,      
clearra01, 1973,     1, CLC , WHA , D  , 68.0, 12.0,  23.0,  35.0,  47.0,      ,  3.0,     ,  0.0,     ,  1.0,    ,      ,    5.0,   0.0,   0.0,     0.0,     2.0,        ,        ,        ,        ,        ,     0.0,      
clearra01, 1974,     1, CLC , WHA , D  , 66.0,  4.0,  18.0,  22.0,  51.0, 4.0  ,  0.0,     ,  0.0,     ,     ,    , 104.0,    4.0,   1.0,   1.0,     2.0,     0.0,        ,        ,        ,        ,        ,     0.0,      
clearra01, 1976,     1, MF2 , WHA , D  ,  2.0,  0.0,   0.0,   0.0,   2.0, -3.0 ,  0.0,     ,  0.0,     ,  0.0,    ,      ,       ,      ,      ,        ,        ,        ,        ,        ,        ,        ,        ,      
cleghod01, 1910,     1, REN , NHA ,    , 16.0, 20.0,   0.0,  20.0,  66.0,      ,     ,     ,     ,     ,     ,    ,      ,       ,      ,      ,        ,        ,        ,        ,        ,        ,        ,        ,      
cleghod01, 1911,     1, MOW , NHA ,    , 17.0, 23.0,   0.0,  23.0,   0.0,      ,     ,     ,     ,     ,     ,    ,      ,       ,      ,      ,        ,        ,        ,        ,        ,        ,        ,        ,      
cleghod01, 1912,     1, MOW , NHA ,    , 20.0, 18.0,   0.0,  18.0,  44.0,      ,     ,     ,     ,     ,     ,    ,      ,       ,      ,      ,        ,        ,        ,        ,        ,        ,        ,        ,      
cleghod01, 1913,     1, MOW , NHA ,    , 13.0,  9.0,   7.0,  16.0,  19.0,      ,     ,     ,     ,     ,     ,    ,      ,       ,      ,      ,        ,        ,        ,        ,        ,        ,        ,        ,      
cleghod01, 1914,     1, MOW , NHA ,    , 15.0, 21.0,   5.0,  26.0,  39.0,      ,     ,     ,     ,     ,     ,    ,      ,    2.0,   0.0,      ,        ,        ,        ,        ,        ,        ,        ,        ,      
cleghod01, 1915,     1, MOW , NHA ,    , 21.0, 15.0,   7.0,  22.0,  51.0,      ,     ,     ,     ,     ,     ,    ,      ,       ,      ,      ,        ,        ,        ,        ,        ,        ,        ,        ,      
cleghod01, 1916,     1, MOW , NHA ,    , 18.0, 28.0,   4.0,  32.0,  49.0,      ,     ,     ,     ,     ,     ,    ,      ,       ,      ,      ,        ,        ,        ,        ,        ,        ,        ,        ,      
cleghod01, 1918,     1, MTL , NHL , C  , 17.0, 22.0,   6.0,  28.0,  22.0,      ,     ,     ,     ,     ,     ,    ,      ,    5.0,   7.0,   0.0,     7.0,     3.0,        ,        ,        ,        ,        ,        ,      
cleghod01, 1919,     1, MTL , NHL , C  , 21.0, 20.0,   4.0,  24.0,  30.0,      ,     ,     ,     ,     ,     ,    ,      ,       ,      ,      ,        ,        ,        ,        ,        ,        ,        ,        ,      
cleghod01, 1920,     1, MTL , NHL , C  , 21.0,  6.0,   6.0,  12.0,   8.0,      ,     ,     ,     ,     ,     ,    ,      ,       ,      ,      ,        ,        ,        ,        ,        ,        ,        ,        ,      
cleghod01, 1921,     1, MTL , NHL , R  , 24.0, 21.0,   3.0,  24.0,  26.0,      ,     ,     ,     ,     ,     ,    ,      ,       ,      ,      ,        ,        ,        ,        ,        ,        ,        ,        ,      
cleghod01, 1922,     1, MTL , NHL , C  , 24.0, 19.0,   6.0,  25.0,  18.0,      ,     ,     ,     ,     ,     ,    ,      ,    2.0,   0.0,   0.0,     0.0,     2.0,        ,        ,        ,        ,        ,        ,      
cleghod01, 1923,     1, MTL , NHL , R/C, 22.0,  2.0,   5.0,   7.0,  16.0,      ,     ,     ,     ,     ,     ,    ,      ,    2.0,   0.0,   0.0,     0.0,     0.0,        ,        ,        ,        ,        ,        ,      
cleghod01, 1924,     1, MTL , NHL , R/C, 30.0,  3.0,   3.0,   6.0,  14.0,      ,     ,     ,     ,     ,     ,    ,      ,    2.0,   0.0,   1.0,     1.0,     0.0,        ,        ,        ,        ,        ,        ,      
cleghod01, 1925,     1, PIP , NHL , R/C, 17.0,  2.0,   1.0,   3.0,   4.0,      ,     ,     ,     ,     ,     ,    ,      ,       ,      ,      ,        ,        ,        ,        ,        ,        ,        ,        ,      
cleghod01, 1926,     1, PIP , NHL , C  ,  3.0,  0.0,   0.0,   0.0,   0.0,      ,     ,     ,     ,     ,     ,    ,      ,       ,      ,      ,        ,        ,        ,        ,        ,        ,        ,        ,      
cleghod01, 1927,     1, PIP , NHL , C  ,  2.0,  0.0,   0.0,   0.0,   4.0,      ,     ,     ,     ,     ,     ,    ,      ,       ,      ,      ,        ,        ,        ,        ,        ,        ,        ,        ,      
cleghsp01, 1910,     1, REN , NHA ,    , 12.0,  5.0,   0.0,   5.0,  21.0,      ,     ,     ,     ,     ,     ,    ,      ,       ,      ,      ,        ,        ,        ,        ,        ,        ,        ,        ,      
cleghsp01, 1911,     1, MOW , NHA ,    , 18.0,  9.0,   0.0,   9.0,  40.0,      ,     ,     ,     ,     ,     ,    ,      ,       ,      ,      ,        ,        ,        ,        ,        ,        ,        ,        ,      
cleghsp01, 1912,     1, MOW , NHA ,    , 19.0, 12.0,   0.0,  12.0,  46.0,      ,     ,     ,     ,     ,     ,    ,      ,       ,      ,      ,        ,        ,        ,        ,        ,        ,        ,        ,      
cleghsp01, 1913,     1, MOW , NHA ,    , 20.0, 12.0,   8.0,  20.0,  17.0,      ,     ,     ,     ,     ,     ,    ,      ,       ,      ,      ,        ,        ,        ,        ,        ,        ,        ,        ,      
cleghsp01, 1914,     1, MOW , NHA ,    , 19.0, 21.0,  12.0,  33.0,  51.0,      ,     ,     ,     ,     ,     ,    ,      ,    2.0,   0.0,      ,        ,        ,        ,        ,        ,        ,        ,        ,      
cleghsp01, 1915,     1, MOW , NHA ,    ,  8.0,  9.0,   4.0,  13.0,  22.0,      ,     ,     ,     ,     ,     ,    ,      ,       ,      ,      ,        ,        ,        ,        ,        ,        ,        ,        ,      
cleghsp01, 1916,     1, MOW , NHA ,    , 19.0, 16.0,   3.0,  19.0,  53.0,      ,     ,     ,     ,     ,     ,    ,      ,       ,      ,      ,        ,        ,        ,        ,        ,        ,        ,        ,      
cleghsp01, 1918,     1, OTS , NHL , D  , 18.0,  7.0,   6.0,  13.0,  27.0,      ,     ,     ,     ,     ,     ,    ,      ,    5.0,   2.0,   0.0,     2.0,    11.0,        ,        ,        ,        ,        ,        ,      
cleghsp01, 1919,     1, OTS , NHL , D  , 21.0, 16.0,   5.0,  21.0,  85.0,      ,     ,     ,     ,     ,     ,    ,      ,       ,      ,      ,        ,        ,        ,        ,        ,        ,        ,        ,      
cleghsp01, 1920,     1, OTS , NHL , D  ,  3.0,  2.0,   3.0,   5.0,   9.0,      ,     ,     ,     ,     ,     ,    ,      ,       ,      ,      ,        ,        ,        ,        ,        ,        ,        ,        ,      
cleghsp01, 1920,     2, TRS , NHL , D  , 13.0,  3.0,   5.0,   8.0,  31.0,      ,     ,     ,     ,     ,     ,    ,      ,    1.0,   0.0,   0.0,     0.0,     0.0,        ,        ,        ,        ,        ,        ,      
cleghsp01, 1920,     3, OTS , NHL , D  ,     ,     ,      ,      ,      ,      ,     ,     ,     ,     ,     ,    ,      ,       ,      ,      ,        ,        ,        ,        ,        ,        ,        ,        ,      
cleghsp01, 1921,     1, MTL , NHL , D  , 24.0, 17.0,   9.0,  26.0,  80.0,      ,     ,     ,     ,     ,     ,    ,      ,       ,      ,      ,        ,        ,        ,        ,        ,        ,        ,        ,      
cleghsp01, 1922,     1, MTL , NHL , D  , 24.0,  9.0,   8.0,  17.0,  34.0,      ,     ,     ,     ,     ,     ,    ,      ,    1.0,   0.0,   0.0,     0.0,     7.0,        ,        ,        ,        ,        ,        ,      
cleghsp01, 1923,     1, MTL , NHL , D  , 23.0,  8.0,   4.0,  12.0,  45.0,      ,     ,     ,     ,     ,     ,    ,      ,    2.0,   0.0,   0.0,     0.0,     0.0,        ,        ,        ,        ,        ,        ,      
cleghsp01, 1924,     1, MTL , NHL , D  , 27.0,  8.0,  10.0,  18.0,  89.0,      ,     ,     ,     ,     ,     ,    ,      ,    2.0,   1.0,   2.0,     3.0,     2.0,        ,        ,        ,        ,        ,        ,      
cleghsp01, 1925,     1, BOS , NHL , D  , 28.0,  6.0,   5.0,  11.0,  49.0,      ,     ,     ,     ,     ,     ,    ,      ,       ,      ,      ,        ,        ,        ,        ,        ,        ,        ,        ,      
cleghsp01, 1926,     1, BOS , NHL , D  , 44.0,  7.0,   1.0,   8.0,  84.0,      ,     ,     ,     ,     ,     ,    ,      ,    8.0,   1.0,   0.0,     1.0,     8.0,        ,        ,        ,        ,        ,        ,      
cleghsp01, 1927,     1, BOS , NHL , D  , 37.0,  2.0,   2.0,   4.0,  14.0,      ,     ,     ,     ,     ,     ,    ,      ,    2.0,   0.0,   0.0,     0.0,     0.0,        ,        ,        ,        ,        ,        ,      
clemebi01, 1971,     1, PHI , NHL , C  , 49.0,  9.0,  14.0,  23.0,  39.0, -14.0,  0.0,     ,  0.0,     ,  1.0, 0.0,  94.0,       ,      ,      ,        ,        ,        ,        ,        ,        ,        ,        ,      
clemebi01, 1972,     1, PHI , NHL , C  , 73.0, 14.0,  14.0,  28.0,  51.0, -11.0,  0.0,     ,  1.0,     ,  3.0, 1.0, 132.0,    2.0,   0.0,   0.0,     0.0,     0.0,        ,     0.0,        ,     0.0,        ,     0.0,      
clemebi01, 1973,     1, PHI , NHL , C  , 39.0,  9.0,   8.0,  17.0,  34.0, 15.0 ,  0.0,     ,  2.0,     ,  2.0, 0.0,  54.0,    4.0,   1.0,   0.0,     1.0,     4.0,        ,     0.0,        ,     0.0,        ,     0.0,      
clemebi01, 1974,     1, PHI , NHL , C  , 68.0, 21.0,  16.0,  37.0,  42.0, 21.0 ,  1.0,     ,  0.0,     ,  2.0, 0.0, 140.0,   12.0,   1.0,   0.0,     1.0,     8.0,        ,     0.0,        ,     0.0,        ,     0.0,      
clemebi01, 1975,     1, WAS , NHL , C  , 46.0, 10.0,  17.0,  27.0,  20.0, -30.0,  2.0,     ,  0.0,     ,  0.0, 0.0,  95.0,       ,      ,      ,        ,        ,        ,        ,        ,        ,        ,        ,      
clemebi01, 1975,     2, ATF , NHL , C  , 31.0, 13.0,  14.0,  27.0,  29.0, 3.0  ,  2.0,     ,  1.0,     ,  3.0, 0.0,  71.0,    2.0,   0.0,   1.0,     1.0,     0.0,        ,     0.0,        ,     0.0,        ,     0.0,      
clemebi01, 1976,     1, ATF , NHL , C  , 67.0, 17.0,  26.0,  43.0,  27.0, -4.0 ,  2.0,     ,  5.0,     ,  1.0, 1.0, 114.0,    3.0,   1.0,   1.0,     2.0,     0.0,        ,     0.0,        ,     1.0,        ,     0.0,      
clemebi01, 1977,     1, ATF , NHL , C  , 70.0, 20.0,  30.0,  50.0,  34.0, 18.0 ,  1.0,     ,  3.0,     ,  4.0, 0.0, 105.0,    2.0,   0.0,   0.0,     0.0,     2.0,        ,     0.0,        ,     0.0,        ,     0.0,      
clemebi01, 1978,     1, ATF , NHL , C  , 65.0, 12.0,  23.0,  35.0,  14.0, -5.0 ,  0.0,     ,  0.0,     ,  1.0, 1.0,  86.0,    2.0,   0.0,   0.0,     0.0,     0.0,        ,     0.0,        ,     0.0,        ,     0.0,      
clemebi01, 1979,     1, ATF , NHL , C  , 64.0,  7.0,  14.0,  21.0,  32.0, 3.0  ,  0.0,     ,  2.0,     ,  2.0, 0.0,  51.0,    4.0,   0.0,   0.0,     0.0,     4.0,        ,     0.0,        ,     0.0,        ,     0.0,      
clemebi01, 1980,     1, CAL , NHL , C  , 78.0, 12.0,  20.0,  32.0,  33.0, -16.0,  1.0,     ,  2.0,     ,  2.0, 1.0,  94.0,   16.0,   2.0,   1.0,     3.0,     6.0,        ,     0.0,        ,     0.0,        ,     0.0,      
clemebi01, 1981,     1, CAL , NHL , C  , 69.0,  4.0,  12.0,  16.0,  28.0, -2.0 ,  0.0,     ,  0.0,     ,  0.0, 0.0,  56.0,    3.0,   0.0,   0.0,     0.0,     2.0,        ,     0.0,        ,     0.0,        ,     0.0,      
clemmsc01, 2001,     1, NJD , NHL , G  ,  2.0,  0.0,   0.0,   0.0,   0.0, 0.0  ,  0.0,  0.0,  0.0,  0.0,  0.0, 0.0,   0.0,       ,      ,      ,        ,        ,        ,        ,        ,        ,        ,        ,      
clemmsc01, 2003,     1, NJD , NHL , G  ,  4.0,  0.0,   0.0,   0.0,   0.0, 0.0  ,  0.0,  0.0,  0.0,  0.0,  0.0, 0.0,   0.0,       ,      ,      ,        ,        ,        ,        ,        ,        ,        ,        ,      
clemmsc01, 2005,     1, NJD , NHL , G  , 13.0,  0.0,   0.0,   0.0,   0.0, 0.0  ,  0.0,  0.0,  0.0,  0.0,  0.0,    ,   0.0,    1.0,   0.0,   0.0,     0.0,     0.0, 0.0    ,     0.0,     0.0,     0.0,     0.0,     0.0,     0.0
clemmsc01, 2006,     1, NJD , NHL , G  ,  6.0,  0.0,   0.0,   0.0,   0.0, 0.0  ,  0.0,  0.0,  0.0,  0.0,  0.0,    ,   0.0,       ,      ,      ,        ,        ,        ,        ,        ,        ,        ,        ,      
clemmsc01, 2007,     1, TOR , NHL , G  ,  3.0,  0.0,   0.0,   0.0,   0.0, 0.0  ,  0.0,  0.0,  0.0,  0.0,  0.0,    ,   0.0,       ,      ,      ,        ,        ,        ,        ,        ,        ,        ,        ,      
clemmsc01, 2008,     1, NJD , NHL , G  , 40.0,  0.0,   0.0,   0.0,   2.0, 0.0  ,  0.0,  0.0,  0.0,  0.0,  0.0,    ,   0.0,       ,      ,      ,        ,        ,        ,        ,        ,        ,        ,        ,      
clemmsc01, 2009,     1, FLO , NHL , G  , 23.0,  0.0,   0.0,   0.0,   0.0, 0.0  ,  0.0,  0.0,  0.0,  0.0,  0.0,    ,   0.0,       ,      ,      ,        ,        ,        ,        ,        ,        ,        ,        ,      
clichma01, 2009,     1, LAK , NHL , R  ,  1.0,  0.0,   0.0,   0.0,   0.0, 1.0  ,  0.0,  0.0,  0.0,  0.0,  0.0,    ,   0.0,       ,      ,      ,        ,        ,        ,        ,        ,        ,        ,        ,      
cliffch01, 1984,     1, CHI , NHL , G  ,  1.0,  0.0,   0.0,   0.0,   0.0, 0.0  ,  0.0,     ,  0.0,     ,  0.0, 0.0,   0.0,       ,      ,      ,        ,        ,        ,        ,        ,        ,        ,        ,      
cliffch01, 1988,     1, CHI , NHL , G  ,  1.0,  0.0,   0.0,   0.0,   0.0, 0.0  ,  0.0,  0.0,  0.0,  0.0,  0.0, 0.0,   0.0,       ,      ,      ,        ,        ,        ,        ,        ,        ,        ,        ,      
climima01, 2008,     1, DAL , NHL , G  ,  3.0,  0.0,   0.0,   0.0,   0.0, 0.0  ,  0.0,  0.0,  0.0,  0.0,  0.0,    ,   0.0,       ,      ,      ,        ,        ,        ,        ,        ,        ,        ,        ,      
climima01, 2009,     1, DAL , NHL , G  ,  1.0,  0.0,   0.0,   0.0,   0.0, 0.0  ,  0.0,  0.0,  0.0,  0.0,  0.0,    ,   0.0,       ,      ,      ,        ,        ,        ,        ,        ,        ,        ,        ,      
climiro01, 1972,     1, OTN , WHA , L  , 31.0, 12.0,  19.0,  31.0,   2.0,      ,  4.0,     ,  0.0,     ,     ,    ,      ,    4.0,   1.0,   0.0,     1.0,     2.0,        ,     1.0,        ,     0.0,        ,     0.0,      
climiro01, 1973,     1, EDO , WHA , L  , 76.0, 38.0,  36.0,  74.0,  22.0,      ,  9.0,     ,  0.0,     ,  7.0,    ,      ,    5.0,   0.0,   0.0,     0.0,     0.0,        ,        ,        ,        ,        ,     0.0,      
climiro01, 1974,     1, EDO , WHA , L  , 49.0, 15.0,  27.0,  42.0,  15.0, 3.0  ,  3.0,     ,  0.0,     ,     ,    ,  90.0,       ,      ,      ,        ,        ,        ,        ,        ,        ,        ,        ,      
climiro01, 1974,     2, NEW , WHA , L  , 25.0,  8.0,   4.0,  12.0,  12.0, 0.0  ,  0.0,     ,  0.0,     ,     ,    ,  43.0,    6.0,   3.0,   0.0,     3.0,     0.0,        ,        ,        ,        ,        ,     0.0,      
climiro01, 1975,     1, NEW , WHA , L  , 65.0, 25.0,  20.0,  45.0,  17.0, -8.0 ,  6.0,     ,  0.0,     ,  3.0,    , 118.0,       ,      ,      ,        ,        ,        ,        ,        ,        ,        ,        ,      
climiro01, 1976,     1, NEW , WHA , L  ,  3.0,  0.0,   0.0,   0.0,   0.0, -1.0 ,  0.0,     ,  0.0,     ,  0.0,    ,   4.0,       ,      ,      ,        ,        ,        ,        ,        ,        ,        ,        ,      
clinebr01, 1956,     1, NYR , NHL , R  , 30.0,  2.0,   3.0,   5.0,  10.0,      ,     ,     ,     ,     ,     ,    ,      ,       ,      ,      ,        ,        ,        ,        ,        ,        ,        ,        ,      
clippst01, 1976,     1, LAK , NHL , L  , 16.0,  1.0,   2.0,   3.0,   9.0, 3.0  ,  0.0,     ,  0.0,     ,  0.0, 0.0,  11.0,    1.0,   0.0,   0.0,     0.0,     0.0,        ,     0.0,        ,     0.0,        ,     0.0,      
clippst01, 1979,     1, WAS , NHL , L  ,  3.0,  0.0,   0.0,   0.0,   0.0, 0.0  ,  0.0,     ,  0.0,     ,  0.0, 0.0,   1.0,       ,      ,      ,        ,        ,        ,        ,        ,        ,        ,        ,      
clitsgr01, 2009,     1, CBS , NHL , D  , 11.0,  1.0,   2.0,   3.0,   6.0, 0.0  ,  0.0,  0.0,  0.0,  0.0,  0.0,    ,   7.0,       ,      ,      ,        ,        ,        ,        ,        ,        ,        ,        ,      
cloutda01, 1997,     1, NYR , NHL , G  , 12.0,  0.0,   0.0,   0.0,  19.0, 0.0  ,  0.0,  0.0,  0.0,  0.0,  0.0, 0.0,   0.0,       ,      ,      ,        ,        ,        ,        ,        ,        ,        ,        ,      
cloutda01, 1998,     1, NYR , NHL , G  , 22.0,  0.0,   0.0,   0.0,   2.0, 0.0  ,  0.0,  0.0,  0.0,  0.0,  0.0, 0.0,   0.0,       ,      ,      ,        ,        ,        ,        ,        ,        ,        ,        ,      
cloutda01, 1999,     1, TBL , NHL , G  , 52.0,  0.0,   0.0,   0.0,  29.0, 0.0  ,  0.0,  0.0,  0.0,  0.0,  0.0, 0.0,   0.0,       ,      ,      ,        ,        ,        ,        ,        ,        ,        ,        ,      
cloutda01, 2000,     1, TBL , NHL , G  , 24.0,  0.0,   0.0,   0.0,   4.0, 0.0  ,  0.0,  0.0,  0.0,  0.0,  0.0, 0.0,   0.0,       ,      ,      ,        ,        ,        ,        ,        ,        ,        ,        ,      
cloutda01, 2000,     2, VAN , NHL , G  , 16.0,  0.0,   0.0,   0.0,   0.0, 0.0  ,  0.0,  0.0,  0.0,  0.0,  0.0, 0.0,   0.0,    2.0,   0.0,   0.0,     0.0,     0.0, 0.0    ,     0.0,     0.0,     0.0,     0.0,     0.0,     0.0
cloutda01, 2001,     1, VAN , NHL , G  , 62.0,  0.0,   0.0,   0.0,  20.0, 0.0  ,  0.0,  0.0,  0.0,  0.0,  0.0, 0.0,   0.0,    6.0,   0.0,   0.0,     0.0,     0.0, 0.0    ,     0.0,     0.0,     0.0,     0.0,     0.0,     0.0
cloutda01, 2002,     1, VAN , NHL , G  , 57.0,  0.0,   3.0,   3.0,  24.0, 0.0  ,  0.0,  2.0,  0.0,  1.0,  0.0, 0.0,   0.0,   14.0,   0.0,   0.0,     0.0,     8.0, 0.0    ,     0.0,     0.0,     0.0,     0.0,     0.0,     0.0
cloutda01, 2003,     1, VAN , NHL , G  , 60.0,  0.0,   1.0,   1.0,  22.0, 0.0  ,  0.0,  0.0,  0.0,  0.0,  0.0, 0.0,   0.0,    3.0,   0.0,   0.0,     0.0,     2.0, 0.0    ,     0.0,     0.0,     0.0,     0.0,     0.0,     0.0
cloutda01, 2005,     1, VAN , NHL , G  , 13.0,  0.0,   0.0,   0.0,   4.0, 0.0  ,  0.0,  0.0,  0.0,  0.0,  0.0,    ,   0.0,       ,      ,      ,        ,        ,        ,        ,        ,        ,        ,        ,      
cloutda01, 2006,     1, LAK , NHL , G  , 24.0,  0.0,   1.0,   1.0,  21.0, 0.0  ,  0.0,  0.0,  0.0,  0.0,  0.0,    ,   0.0,       ,      ,      ,        ,        ,        ,        ,        ,        ,        ,        ,      
cloutda01, 2007,     1, LAK , NHL , G  ,  9.0,  0.0,   0.0,   0.0,   2.0, 0.0  ,  0.0,  0.0,  0.0,  0.0,  0.0,    ,   0.0,       ,      ,      ,        ,        ,        ,        ,        ,        ,        ,        ,      
cloutja01, 1981,     1, BUF , NHL , G  ,  7.0,  0.0,   0.0,   0.0,   0.0, 0.0  ,  0.0,     ,  0.0,     ,  0.0, 0.0,   0.0,       ,      ,      ,        ,        ,        ,        ,        ,        ,        ,        ,      
cloutja01, 1982,     1, BUF , NHL , G  , 25.0,  0.0,   0.0,   0.0,   0.0, 0.0  ,  0.0,     ,  0.0,     ,  0.0, 0.0,   0.0,       ,      ,      ,        ,        ,        ,        ,        ,        ,        ,        ,      
cloutja01, 1984,     1, BUF , NHL , G  ,  1.0,  0.0,   1.0,   1.0,   0.0, 0.0  ,  0.0,     ,  0.0,     ,  0.0, 0.0,   0.0,       ,      ,      ,        ,        ,        ,        ,        ,        ,        ,        ,      
cloutja01, 1985,     1, BUF , NHL , G  , 15.0,  0.0,   2.0,   2.0,   2.0, 0.0  ,  0.0,     ,  0.0,     ,  0.0, 0.0,   0.0,       ,      ,      ,        ,        ,        ,        ,        ,        ,        ,        ,      
cloutja01, 1986,     1, BUF , NHL , G  , 40.0,  0.0,   2.0,   2.0,  10.0, 0.0  ,  0.0,     ,  0.0,     ,  0.0, 0.0,   0.0,       ,      ,      ,        ,        ,        ,        ,        ,        ,        ,        ,      
cloutja01, 1987,     1, BUF , NHL , G  , 20.0,  0.0,   0.0,   0.0,  11.0, 0.0  ,  0.0,  0.0,  0.0,  0.0,  0.0, 0.0,   0.0,       ,      ,      ,        ,        ,        ,        ,        ,        ,        ,        ,      
cloutja01, 1988,     1, BUF , NHL , G  , 36.0,  0.0,   2.0,   2.0,   6.0, 0.0  ,  0.0,     ,  0.0,     ,  0.0, 0.0,   0.0,    4.0,   0.0,   0.0,     0.0,     0.0, 0.0    ,     0.0,     0.0,     0.0,     0.0,     0.0,     0.0
cloutja01, 1989,     1, CHI , NHL , G  , 43.0,  0.0,   0.0,   0.0,   8.0, 0.0  ,  0.0,  0.0,  0.0,  0.0,  0.0, 0.0,   0.0,    4.0,   0.0,   0.0,     0.0,     0.0, 0.0    ,     0.0,     0.0,     0.0,     0.0,     0.0,     0.0
cloutja01, 1990,     1, CHI , NHL , G  , 10.0,  0.0,   0.0,   0.0,   2.0, 0.0  ,  0.0,  0.0,  0.0,  0.0,  0.0, 0.0,   0.0,       ,      ,      ,        ,        ,        ,        ,        ,        ,        ,        ,      
cloutja01, 1990,     2, QUE , NHL , G  , 15.0,  0.0,   0.0,   0.0,   4.0, 0.0  ,  0.0,  0.0,  0.0,  0.0,  0.0, 0.0,   0.0,       ,      ,      ,        ,        ,        ,        ,        ,        ,        ,        ,      
cloutja01, 1991,     1, QUE , NHL , G  , 26.0,  0.0,   0.0,   0.0,   6.0, 0.0  ,  0.0,  0.0,  0.0,  0.0,  0.0, 0.0,   0.0,       ,      ,      ,        ,        ,        ,        ,        ,        ,        ,        ,      
cloutja01, 1992,     1, QUE , NHL , G  ,  3.0,  0.0,   0.0,   0.0,   0.0, 0.0  ,  0.0,  0.0,  0.0,  0.0,  0.0, 0.0,   0.0,       ,      ,      ,        ,        ,        ,        ,        ,        ,        ,        ,      
cloutja01, 1993,     1, QUE , NHL , G  , 14.0,  0.0,   0.0,   0.0,   2.0, 0.0  ,  0.0,  0.0,  0.0,  0.0,  0.0, 0.0,   0.0,       ,      ,      ,        ,        ,        ,        ,        ,        ,        ,        ,      
cloutre01, 1974,     1, QUN , WHA , R  , 63.0, 26.0,  27.0,  53.0,  36.0, 16.0 ,  5.0,     ,  0.0,     ,     ,    , 154.0,   12.0,   4.0,   3.0,     7.0,     2.0,        ,        ,        ,        ,        ,     0.0,      
cloutre01, 1975,     1, QUN , WHA , R  , 80.0, 60.0,  54.0, 114.0,  27.0, 33.0 , 16.0,     ,  0.0,     ,  5.0,    , 246.0,    5.0,   4.0,   5.0,     9.0,     0.0, -3.0   ,        ,        ,        ,        ,        ,      
cloutre01, 1976,     1, QUN , WHA , R  , 76.0, 66.0,  75.0, 141.0,  39.0, 47.0 , 25.0,     ,  1.0,     ,  7.0,    , 332.0,   17.0,  14.0,  13.0,    27.0,    10.0, 11.0   ,        ,        ,        ,        ,     2.0,      
cloutre01, 1977,     1, QUN , WHA , R  , 73.0, 56.0,  73.0, 129.0,  19.0, 14.0 , 20.0,     ,  0.0,     ,     ,    , 312.0,   10.0,   9.0,   7.0,    16.0,    15.0, 0.0    ,        ,        ,        ,        ,     0.0,      
cloutre01, 1978,     1, QUN , WHA , R  , 77.0, 75.0,  54.0, 129.0,  48.0, 23.0 , 21.0,     ,  0.0,     ,     ,    , 363.0,    4.0,   2.0,   2.0,     4.0,     2.0, -4.0   ,        ,        ,        ,        ,     0.0,      
cloutre01, 1979,     1, QUE , NHL , R  , 67.0, 42.0,  47.0,  89.0,  12.0, -6.0 , 13.0,     ,  0.0,     ,  3.0, 5.0, 254.0,       ,      ,      ,        ,        ,        ,        ,        ,        ,        ,        ,      
cloutre01, 1980,     1, QUE , NHL , R  , 34.0, 15.0,  16.0,  31.0,  18.0, 2.0  ,  2.0,     ,  0.0,     ,  2.0, 1.0,  89.0,    3.0,   0.0,   0.0,     0.0,    10.0,        ,     0.0,        ,     0.0,        ,     0.0,      
cloutre01, 1981,     1, QUE , NHL , R  , 67.0, 37.0,  60.0,  97.0,  34.0, 26.0 ,  8.0,     ,  0.0,     ,  5.0, 2.0, 214.0,   16.0,   7.0,   5.0,    12.0,    10.0,        ,     1.0,        ,     0.0,        ,     1.0,      
cloutre01, 1982,     1, QUE , NHL , R  , 68.0, 28.0,  39.0,  67.0,  30.0, -4.0 ,  5.0,     ,  0.0,     ,  3.0, 2.0, 185.0,    4.0,   0.0,   0.0,     0.0,     0.0,        ,     0.0,        ,     0.0,        ,     0.0,      
cloutre01, 1983,     1, BUF , NHL , R  , 77.0, 24.0,  36.0,  60.0,  25.0, -1.0 ,  9.0,     ,  0.0,     ,  6.0, 0.0, 169.0,    2.0,   0.0,   0.0,     0.0,     0.0, -2.0   ,     0.0,        ,     0.0,        ,     0.0,     0.0
cloutre01, 1984,     1, BUF , NHL , R  ,  4.0,  0.0,   0.0,   0.0,   0.0, -2.0 ,  0.0,     ,  0.0,     ,  0.0, 0.0,   6.0,       ,      ,      ,        ,        ,        ,        ,        ,        ,        ,        ,      
cloutre02, 1979,     1, DET , NHL , D  ,  3.0,  0.0,   1.0,   1.0,   0.0, 2.0  ,  0.0,     ,  0.0,     ,  0.0, 0.0,   1.0,       ,      ,      ,        ,        ,        ,        ,        ,        ,        ,        ,      
cloutre02, 1981,     1, DET , NHL , D  ,  2.0,  0.0,   1.0,   1.0,   2.0, 0.0  ,  0.0,     ,  0.0,     ,  0.0, 0.0,   0.0,       ,      ,      ,        ,        ,        ,        ,        ,        ,        ,        ,      
cloutro01, 1977,     1, DET , NHL , C  ,  1.0,  0.0,   0.0,   0.0,   0.0, -2.0 ,  0.0,     ,  0.0,     ,  0.0, 0.0,   1.0,       ,      ,      ,        ,        ,        ,        ,        ,        ,        ,        ,      
cloutro01, 1978,     1, DET , NHL , C  , 19.0,  6.0,   6.0,  12.0,   2.0, 0.0  ,  1.0,     ,  0.0,     ,  1.0, 0.0,  40.0,       ,      ,      ,        ,        ,        ,        ,        ,        ,        ,        ,      
cloutro01, 1979,     1, QUE , NHL , C  , 14.0,  2.0,   3.0,   5.0,   0.0, 1.0  ,  0.0,     ,  0.0,     ,  0.0, 0.0,  19.0,       ,      ,      ,        ,        ,        ,        ,        ,        ,        ,        ,      
cloutsy01, 1998,     1, CHI , NHL , C  ,  7.0,  0.0,   0.0,   0.0,   0.0, -1.0 ,  0.0,  0.0,  0.0,  0.0,  0.0, 0.0,   3.0,       ,      ,      ,        ,        ,        ,        ,        ,        ,        ,        ,      
clowery01, 2005,     1, SJS , NHL , R  , 18.0,  0.0,   2.0,   2.0,   9.0, -2.0 ,  0.0,  0.0,  0.0,  0.0,  0.0,    ,  14.0,    1.0,   0.0,   0.0,     0.0,     0.0, -1.0   ,     0.0,     0.0,     0.0,     0.0,     0.0,     0.0
clowery01, 2006,     1, SJS , NHL , L  , 58.0, 16.0,  18.0,  34.0,  78.0, 4.0  ,  4.0,  3.0,  0.0,  0.0,  3.0,    ,  93.0,   11.0,   4.0,   2.0,     6.0,    17.0, -2.0   ,     0.0,     2.0,     0.0,     0.0,     1.0,    14.0
clowery01, 2007,     1, SJS , NHL , L  , 15.0,  3.0,   5.0,   8.0,  22.0, -1.0 ,  2.0,  0.0,  0.0,  0.0,  0.0,    ,  22.0,   13.0,   5.0,   4.0,     9.0,    12.0, -2.0   ,     2.0,     1.0,     0.0,     0.0,     0.0,    41.0
clowery01, 2008,     1, SJS , NHL , L  , 71.0, 22.0,  30.0,  52.0,  51.0, 8.0  , 11.0, 13.0,  0.0,  0.0,  1.0,    , 161.0,    6.0,   1.0,   1.0,     2.0,     8.0, -4.0   ,     0.0,     0.0,     0.0,     0.0,     0.0,    11.0
clowery01, 2009,     1, SJS , NHL , L  , 82.0, 19.0,  38.0,  57.0, 131.0, 0.0  ,  2.0, 13.0,  0.0,  0.0,  2.0,    , 189.0,   15.0,   2.0,   8.0,    10.0,    28.0, 4.0    ,     0.0,     2.0,     0.0,     0.0,     0.0,    42.0
cluneri01, 2009,     1, LAK , NHL , L  , 14.0,  0.0,   2.0,   2.0,  26.0, 1.0  ,  0.0,  0.0,  0.0,  0.0,  0.0,    ,   7.0,    4.0,   0.0,   0.0,     0.0,     5.0, -2.0   ,     0.0,     0.0,     0.0,     0.0,     0.0,     1.0
clunewa01, 1955,     1, MTL , NHL , D  ,  5.0,  0.0,   0.0,   0.0,   6.0,      ,     ,     ,     ,     ,     ,    ,      ,       ,      ,      ,        ,        ,        ,        ,        ,        ,        ,        ,      
cluttca01, 2007,     1, MIN , NHL , R  ,  2.0,  0.0,   0.0,   0.0,   0.0, 0.0  ,  0.0,  0.0,  0.0,  0.0,  0.0,    ,   0.0,       ,      ,      ,        ,        ,        ,        ,        ,        ,        ,        ,      
cluttca01, 2008,     1, MIN , NHL , R  , 78.0, 11.0,   7.0,  18.0,  76.0, -5.0 ,  1.0,  0.0,  0.0,  0.0,  1.0,    , 136.0,       ,      ,      ,        ,        ,        ,        ,        ,        ,        ,        ,      
cluttca01, 2009,     1, MIN , NHL , R  , 74.0, 13.0,   8.0,  21.0,  52.0, -8.0 ,  1.0,  0.0,  2.0,  0.0,  1.0,    , 136.0,       ,      ,      ,        ,        ,        ,        ,        ,        ,        ,        ,      
clymebe01, 1999,     1, TBL , NHL , D  , 60.0,  2.0,   6.0,   8.0,  87.0, -26.0,  2.0,  1.0,  0.0,  0.0,  0.0, 0.0,  98.0,       ,      ,      ,        ,        ,        ,        ,        ,        ,        ,        ,      
clymebe01, 2000,     1, TBL , NHL , D  , 23.0,  5.0,   1.0,   6.0,  21.0, -7.0 ,  3.0,  0.0,  0.0,  0.0,  0.0, 0.0,  25.0,       ,      ,      ,        ,        ,        ,        ,        ,        ,        ,        ,      
clymebe01, 2001,     1, TBL , NHL , R  , 81.0, 14.0,  20.0,  34.0,  36.0, -10.0,  4.0,  6.0,  0.0,  0.0,  2.0, 0.0, 151.0,       ,      ,      ,        ,        ,        ,        ,        ,        ,        ,        ,      
clymebe01, 2002,     1, TBL , NHL , R  , 65.0,  6.0,  12.0,  18.0,  57.0, -2.0 ,  1.0,  2.0,  0.0,  0.0,  1.0, 0.0, 103.0,   11.0,   0.0,   2.0,     2.0,     6.0, -2.0   ,     0.0,     0.0,     0.0,     0.0,     0.0,    11.0
clymebe01, 2003,     1, TBL , NHL , R  , 66.0,  2.0,   8.0,  10.0,  50.0, 5.0  ,  0.0,  0.0,  0.0,  0.0,  0.0, 0.0,  96.0,    5.0,   0.0,   0.0,     0.0,     0.0, 0.0    ,     0.0,     0.0,     0.0,     0.0,     0.0,     2.0
clymebe01, 2005,     1, WAS , NHL , R  , 77.0, 16.0,  17.0,  33.0,  72.0, -7.0 ,  3.0,  6.0,  0.0,  0.0,  3.0,    , 149.0,       ,      ,      ,        ,        ,        ,        ,        ,        ,        ,        ,      
clymebe01, 2006,     1, WAS , NHL , D  , 66.0,  7.0,  13.0,  20.0,  44.0, -17.0,  0.0,  7.0,  0.0,  0.0,  0.0,    ,  78.0,       ,      ,      ,        ,        ,        ,        ,        ,        ,        ,        ,      
coaltga01, 1973,     1, CLF , NHL , R  ,  4.0,  0.0,   0.0,   0.0,   0.0, -4.0 ,  0.0,     ,  0.0,     ,  0.0, 0.0,   6.0,       ,      ,      ,        ,        ,        ,        ,        ,        ,        ,        ,      
coaltga01, 1974,     1, KCS , NHL , R  , 30.0,  2.0,   4.0,   6.0,   2.0, -8.0 ,  0.0,     ,  0.0,     ,  1.0, 0.0,  20.0,       ,      ,      ,        ,        ,        ,        ,        ,        ,        ,        ,      
coatebr01, 1973,     1, CHC , WHA , C  , 50.0, 10.0,   3.0,  13.0,  14.0,      ,  0.0,     ,  1.0,     ,  1.0,    ,      ,   17.0,   0.0,   3.0,     3.0,    35.0,        ,        ,        ,        ,        ,     0.0,      
coatebr01, 1974,     1, CHC , WHA , C  , 35.0, 12.0,   9.0,  21.0,  26.0, -6.0 ,  1.0,     ,  0.0,     ,     ,    ,  62.0,       ,      ,      ,        ,        ,        ,        ,        ,        ,        ,        ,      
coatebr01, 1975,     1, IND , WHA , L  , 59.0, 11.0,  16.0,  27.0,  24.0, -5.0 ,  2.0,     ,  1.0,     ,  2.0,    ,  72.0,    4.0,   0.0,   0.0,     0.0,     6.0, -2.0   ,        ,        ,        ,        ,        ,      
coatebr01, 1976,     1, IND , WHA , L  , 16.0,  1.0,   5.0,   6.0,   4.0, -2.0 ,  0.0,     ,  0.0,     ,     ,    ,  24.0,       ,      ,      ,        ,        ,        ,        ,        ,        ,        ,        ,      
coatebr01, 1977,     1, CIN , WHA , L  , 42.0,  8.0,  10.0,  18.0,  18.0, 7.0  ,  2.0,     ,  0.0,     ,     ,    ,  53.0,       ,      ,      ,        ,        ,        ,        ,        ,        ,        ,        ,      
coatest01, 1976,     1, DET , NHL , R  ,  5.0,  1.0,   0.0,   1.0,  24.0, -1.0 ,  0.0,     ,  0.0,     ,  0.0, 0.0,   5.0,       ,      ,      ,        ,        ,        ,        ,        ,        ,        ,        ,      
coburbr01, 2005,     1, ATL , NHL , D  ,  9.0,  0.0,   1.0,   1.0,   4.0, -2.0 ,  0.0,  1.0,  0.0,  0.0,  0.0,    ,   4.0,       ,      ,      ,        ,        ,        ,        ,        ,        ,        ,        ,      
coburbr01, 2006,     1, ATL , NHL , D  , 29.0,  0.0,   4.0,   4.0,  30.0, 1.0  ,  0.0,  1.0,  0.0,  0.0,  0.0,    ,  21.0,       ,      ,      ,        ,        ,        ,        ,        ,        ,        ,        ,      
coburbr01, 2006,     2, PHI , NHL , D  , 20.0,  3.0,   4.0,   7.0,  16.0, -2.0 ,  1.0,  2.0,  0.0,  0.0,  0.0,    ,  33.0,       ,      ,      ,        ,        ,        ,        ,        ,        ,        ,        ,      
coburbr01, 2007,     1, PHI , NHL , D  , 78.0,  9.0,  27.0,  36.0,  74.0, 17.0 ,  5.0, 10.0,  0.0,  1.0,  2.0,    , 113.0,   14.0,   0.0,   6.0,     6.0,    14.0, 4.0    ,     0.0,     1.0,     0.0,     0.0,     0.0,    24.0
coburbr01, 2008,     1, PHI , NHL , D  , 80.0,  7.0,  21.0,  28.0,  97.0, 7.0  ,  3.0,  8.0,  0.0,  2.0,  0.0,    , 130.0,    6.0,   0.0,   3.0,     3.0,     7.0, 2.0    ,     0.0,     1.0,     0.0,     0.0,     0.0,     4.0
coburbr01, 2009,     1, PHI , NHL , D  , 81.0,  5.0,  14.0,  19.0,  54.0, -6.0 ,  1.0,  2.0,  0.0,  0.0,  0.0,    , 122.0,   23.0,   1.0,   3.0,     4.0,    22.0, -2.0   ,     1.0,     2.0,     0.0,     0.0,     1.0,    29.0
cochrgl01, 1978,     1, PHI , NHL , D  ,  1.0,  0.0,   0.0,   0.0,   0.0, -2.0 ,  0.0,     ,  0.0,     ,  0.0, 0.0,   0.0,       ,      ,      ,        ,        ,        ,        ,        ,        ,        ,        ,      
cochrgl01, 1980,     1, PHI , NHL , D  , 31.0,  1.0,   8.0,   9.0, 219.0, 3.0  ,  0.0,     ,  0.0,     ,  1.0, 0.0,  25.0,    6.0,   1.0,   1.0,     2.0,    18.0,        ,     0.0,        ,     0.0,        ,     0.0,      
cochrgl01, 1981,     1, PHI , NHL , D  , 63.0,  6.0,  12.0,  18.0, 329.0, 19.0 ,  0.0,     ,  1.0,     ,  0.0, 1.0,  67.0,    2.0,   0.0,   0.0,     0.0,     2.0,        ,     0.0,        ,     0.0,        ,     0.0,      
cochrgl01, 1982,     1, PHI , NHL , D  , 77.0,  2.0,  22.0,  24.0, 237.0, 42.0 ,  0.0,     ,  0.0,     ,  1.0, 0.0,  94.0,    3.0,   0.0,   0.0,     0.0,     4.0,        ,     0.0,        ,     0.0,        ,     0.0,      
cochrgl01, 1983,     1, PHI , NHL , D  , 67.0,  7.0,  16.0,  23.0, 225.0, 16.0 ,  0.0,     ,  0.0,     ,  3.0, 0.0,  69.0,       ,      ,      ,        ,        ,        ,        ,        ,        ,        ,        ,      
cochrgl01, 1984,     1, PHI , NHL , D  , 18.0,  0.0,   3.0,   3.0, 100.0, -4.0 ,  0.0,     ,  0.0,     ,  0.0, 0.0,   7.0,       ,      ,      ,        ,        ,        ,        ,        ,        ,        ,        ,      
cochrgl01, 1985,     1, VAN , NHL , D  , 49.0,  0.0,   3.0,   3.0, 125.0, -5.0 ,  0.0,     ,  0.0,     ,  0.0, 0.0,  24.0,    2.0,   0.0,   0.0,     0.0,     5.0, -1.0   ,     0.0,        ,     0.0,        ,     0.0,     1.0
cochrgl01, 1986,     1, VAN , NHL , D  , 14.0,  0.0,   0.0,   0.0,  52.0, 0.0  ,  0.0,     ,  0.0,     ,  0.0, 0.0,   2.0,       ,      ,      ,        ,        ,        ,        ,        ,        ,        ,        ,      
cochrgl01, 1987,     1, CHI , NHL , D  , 73.0,  1.0,   8.0,   9.0, 204.0, -7.0 ,  0.0,  0.0,  0.0,  0.0,  0.0, 0.0,  21.0,    5.0,   0.0,   0.0,     0.0,     2.0, 0.0    ,     0.0,     0.0,     0.0,     0.0,     0.0,     0.0
cochrgl01, 1988,     1, CHI , NHL , D  ,  6.0,  0.0,   0.0,   0.0,  13.0, -1.0 ,  0.0,  0.0,  0.0,  0.0,  0.0, 0.0,   1.0,       ,      ,      ,        ,        ,        ,        ,        ,        ,        ,        ,      
cochrgl01, 1988,     2, EDM , NHL , D  , 12.0,  0.0,   0.0,   0.0,  52.0, -2.0 ,  0.0,  0.0,  0.0,  0.0,  0.0, 0.0,   3.0,       ,      ,      ,        ,        ,        ,        ,        ,        ,        ,        ,      
coffepa01, 1980,     1, EDM , NHL , D  , 74.0,  9.0,  23.0,  32.0, 130.0, 4.0  ,  2.0,     ,  0.0,     ,  0.0, 0.0, 113.0,    9.0,   4.0,   3.0,     7.0,    22.0,        ,     1.0,        ,     0.0,        ,     0.0,      
coffepa01, 1981,     1, EDM , NHL , D  , 80.0, 29.0,  60.0,  89.0, 106.0, 35.0 , 13.0,     ,  0.0,     ,  1.0, 0.0, 234.0,    5.0,   1.0,   1.0,     2.0,     6.0,        ,     1.0,        ,     0.0,        ,     0.0,      
coffepa01, 1982,     1, EDM , NHL , D  , 80.0, 29.0,  67.0,  96.0,  87.0, 52.0 ,  9.0,     ,  1.0,     ,  2.0, 0.0, 259.0,   16.0,   7.0,   7.0,    14.0,    14.0,        ,     2.0,        ,     2.0,        ,     0.0,      
coffepa01, 1983,     1, EDM , NHL , D  , 80.0, 40.0,  86.0, 126.0, 104.0, 52.0 , 14.0,     ,  1.0,     ,  4.0, 1.0, 258.0,   19.0,   8.0,  14.0,    22.0,    21.0, 21.0   ,     2.0,        ,     0.0,        ,     1.0,    66.0
coffepa01, 1984,     1, EDM , NHL , D  , 80.0, 37.0,  84.0, 121.0,  97.0, 55.0 , 12.0,     ,  2.0,     ,  6.0, 0.0, 284.0,   18.0,  12.0,  25.0,    37.0,    44.0, 26.0   ,     3.0,        ,     1.0,        ,     4.0,    66.0
coffepa01, 1985,     1, EDM , NHL , D  , 79.0, 48.0,  90.0, 138.0, 120.0, 61.0 ,  9.0,     ,  9.0,     ,  3.0, 1.0, 307.0,   10.0,   1.0,   9.0,    10.0,    30.0, 0.0    ,     1.0,        ,     0.0,        ,     0.0,    33.0
coffepa01, 1986,     1, EDM , NHL , D  , 59.0, 17.0,  50.0,  67.0,  49.0, 12.0 , 10.0,     ,  2.0,     ,  3.0, 0.0, 165.0,   17.0,   3.0,   8.0,    11.0,    30.0, 7.0    ,     1.0,        ,     0.0,        ,     1.0,    43.0
coffepa01, 1987,     1, PIT , NHL , D  , 46.0, 15.0,  52.0,  67.0,  93.0, -1.0 ,  6.0, 36.0,  2.0,  2.0,  2.0, 0.0, 193.0,       ,      ,      ,        ,        ,        ,        ,        ,        ,        ,        ,      
coffepa01, 1988,     1, PIT , NHL , D  , 75.0, 30.0,  83.0, 113.0, 195.0, -10.0, 11.0, 53.0,  0.0,  0.0,  2.0, 0.0, 342.0,   11.0,   2.0,  13.0,    15.0,    31.0, -7.0   ,     2.0,     7.0,     0.0,     0.0,     1.0,    48.0
coffepa01, 1989,     1, PIT , NHL , D  , 80.0, 29.0,  74.0, 103.0,  95.0, -25.0, 10.0, 38.0,  0.0,  1.0,  3.0, 1.0, 324.0,       ,      ,      ,        ,        ,        ,        ,        ,        ,        ,        ,      
coffepa01, 1990,     1, PIT , NHL , D  , 76.0, 24.0,  69.0,  93.0, 128.0, -18.0,  8.0, 34.0,  0.0,  0.0,  3.0, 0.0, 240.0,   12.0,   2.0,   9.0,    11.0,     6.0, -1.0   ,     0.0,     6.0,     0.0,     0.0,     0.0,    37.0
coffepa01, 1991,     1, PIT , NHL , D  , 54.0, 10.0,  54.0,  64.0,  62.0, 4.0  ,  5.0, 24.0,  0.0,  2.0,  1.0, 0.0, 207.0,       ,      ,      ,        ,        ,        ,        ,        ,        ,        ,        ,      
coffepa01, 1991,     2, LAK , NHL , D  , 10.0,  1.0,   4.0,   5.0,  25.0, -3.0 ,  0.0,  2.0,  0.0,  0.0,  0.0, 0.0,  25.0,    6.0,   4.0,   3.0,     7.0,     2.0, -5.0   ,     3.0,     1.0,     0.0,     0.0,     0.0,    28.0
coffepa01, 1992,     1, LAK , NHL , D  , 50.0,  8.0,  49.0,  57.0,  50.0, 9.0  ,  2.0, 28.0,  0.0,  0.0,  0.0, 0.0, 182.0,       ,      ,      ,        ,        ,        ,        ,        ,        ,        ,        ,      
coffepa01, 1992,     2, DET , NHL , D  , 30.0,  4.0,  26.0,  30.0,  27.0, 7.0  ,  3.0, 18.0,  0.0,  0.0,  0.0, 0.0,  72.0,    7.0,   2.0,   9.0,    11.0,     2.0, -3.0   ,     0.0,     8.0,     0.0,     0.0,     0.0,    24.0
coffepa01, 1993,     1, DET , NHL , D  , 80.0, 14.0,  63.0,  77.0, 106.0, 28.0 ,  5.0, 31.0,  0.0,  2.0,  3.0, 0.0, 278.0,    7.0,   1.0,   6.0,     7.0,     8.0, 6.0    ,     0.0,     2.0,     0.0,     1.0,     0.0,    23.0
coffepa01, 1994,     1, DET , NHL , D  , 45.0, 14.0,  44.0,  58.0,  72.0, 18.0 ,  4.0, 27.0,  1.0,  0.0,  2.0, 0.0, 181.0,   18.0,   6.0,  12.0,    18.0,    10.0, 4.0    ,     2.0,    10.0,     1.0,     0.0,     0.0,    74.0
coffepa01, 1995,     1, DET , NHL , D  , 76.0, 14.0,  60.0,  74.0,  90.0, 19.0 ,  3.0, 30.0,  1.0,  0.0,  3.0, 0.0, 234.0,   17.0,   5.0,   9.0,    14.0,    30.0, -3.0   ,     3.0,     5.0,     2.0,     0.0,     1.0,    49.0
coffepa01, 1996,     1, HAR , NHL , D  , 20.0,  3.0,   5.0,   8.0,  18.0, 0.0  ,  1.0,  2.0,  0.0,  0.0,  1.0, 0.0,  39.0,       ,      ,      ,        ,        ,        ,        ,        ,        ,        ,        ,      
coffepa01, 1996,     2, PHI , NHL , D  , 37.0,  6.0,  20.0,  26.0,  20.0, 11.0 ,  0.0,  6.0,  1.0,  0.0,  1.0, 0.0,  71.0,   17.0,   1.0,   8.0,     9.0,     6.0, -3.0   ,     0.0,     5.0,     0.0,     0.0,     0.0,    37.0
coffepa01, 1997,     1, PHI , NHL , D  , 57.0,  2.0,  27.0,  29.0,  30.0, 3.0  ,  1.0, 19.0,  0.0,  0.0,  1.0, 0.0, 107.0,       ,      ,      ,        ,        ,        ,        ,        ,        ,        ,        ,      
coffepa01, 1998,     1, CHI , NHL , D  , 10.0,  0.0,   4.0,   4.0,   0.0, -6.0 ,  0.0,  3.0,  0.0,  0.0,  0.0, 0.0,   8.0,       ,      ,      ,        ,        ,        ,        ,        ,        ,        ,        ,      
coffepa01, 1998,     2, CAR , NHL , D  , 44.0,  2.0,   8.0,  10.0,  28.0, -1.0 ,  1.0,  3.0,  0.0,  0.0,  0.0, 0.0,  79.0,    5.0,   0.0,   1.0,     1.0,     2.0, 0.0    ,     0.0,     0.0,     0.0,     0.0,     0.0,     8.0
coffepa01, 1999,     1, CAR , NHL , D  , 69.0, 11.0,  29.0,  40.0,  40.0, -6.0 ,  6.0, 16.0,  0.0,  0.0,  3.0, 1.0, 155.0,       ,      ,      ,        ,        ,        ,        ,        ,        ,        ,        ,      
coffepa01, 2000,     1, BOS , NHL , D  , 18.0,  0.0,   4.0,   4.0,  30.0, -6.0 ,  0.0,  1.0,  0.0,  0.0,  0.0, 0.0,  28.0,       ,      ,      ,        ,        ,        ,        ,        ,        ,        ,        ,      
coflihu01, 1950,     1, CHI , NHL , D  , 31.0,  0.0,   3.0,   3.0,  33.0,      ,     ,     ,     ,     ,     ,    ,      ,       ,      ,      ,        ,        ,        ,        ,        ,        ,        ,        ,      
coglian01, 2007,     1, EDM , NHL , C  , 82.0, 18.0,  27.0,  45.0,  20.0, 1.0  ,  1.0,  6.0,  2.0,  1.0,  5.0,    ,  98.0,       ,      ,      ,        ,        ,        ,        ,        ,        ,        ,        ,      
coglian01, 2008,     1, EDM , NHL , C  , 82.0, 18.0,  20.0,  38.0,  22.0, -6.0 ,  4.0,  5.0,  0.0,  0.0,  4.0,    , 116.0,       ,      ,      ,        ,        ,        ,        ,        ,        ,        ,        ,      
coglian01, 2009,     1, EDM , NHL , C  , 82.0, 10.0,  18.0,  28.0,  31.0, -5.0 ,  1.0,  2.0,  0.0,  0.0,  1.0,    , 139.0,       ,      ,      ,        ,        ,        ,        ,        ,        ,        ,        ,      
colaica01, 2002,     1, TOR , NHL , D  ,  2.0,  0.0,   1.0,   1.0,   0.0, 0.0  ,  0.0,  0.0,  0.0,  0.0,  0.0, 0.0,   1.0,       ,      ,      ,        ,        ,        ,        ,        ,        ,        ,        ,      
colaica01, 2003,     1, TOR , NHL , D  ,  2.0,  0.0,   1.0,   1.0,   2.0, 1.0  ,  0.0,  0.0,  0.0,  0.0,  0.0, 0.0,   0.0,       ,      ,      ,        ,        ,        ,        ,        ,        ,        ,        ,      
colaica01, 2005,     1, TOR , NHL , D  , 21.0,  2.0,   5.0,   7.0,  17.0, 0.0  ,  1.0,  2.0,  0.0,  1.0,  0.0,    ,  21.0,       ,      ,      ,        ,        ,        ,        ,        ,        ,        ,        ,      
colaica01, 2006,     1, TOR , NHL , D  , 48.0,  8.0,   9.0,  17.0,  22.0, 5.0  ,  0.0,  5.0,  0.0,  0.0,  1.0,    ,  60.0,       ,      ,      ,        ,        ,        ,        ,        ,        ,        ,        ,      
colaica01, 2007,     1, TOR , NHL , D  , 28.0,  2.0,   4.0,   6.0,  10.0, -4.0 ,  0.0,  0.0,  0.0,  0.0,  1.0,    ,  30.0,       ,      ,      ,        ,        ,        ,        ,        ,        ,        ,        ,      
colaica01, 2008,     1, TOR , NHL , D  , 10.0,  0.0,   1.0,   1.0,   6.0, -2.0 ,  0.0,  1.0,  0.0,  0.0,  0.0,    ,   9.0,       ,      ,      ,        ,        ,        ,        ,        ,        ,        ,        ,      
colaica01, 2008,     2, STL , NHL , D  , 63.0,  3.0,  26.0,  29.0,  29.0, 2.0  ,  0.0, 19.0,  0.0,  0.0,  0.0,    ,  78.0,    4.0,   0.0,   0.0,     0.0,     2.0, 0.0    ,     0.0,     0.0,     0.0,     0.0,     0.0,    11.0
colaica01, 2009,     1, STL , NHL , D  , 67.0,  7.0,  25.0,  32.0,  60.0, 8.0  ,  4.0,  3.0,  1.0,  1.0,  1.0,    ,  74.0,       ,      ,      ,        ,        ,        ,        ,        ,        ,        ,        ,      
colboho01, 1973,     1, EDO , WHA , L  ,  2.0,  0.0,   0.0,   0.0,   0.0,      ,  0.0,     ,  0.0,     ,  0.0,    ,      ,       ,      ,      ,        ,        ,        ,        ,        ,        ,        ,        ,      
coleda01 , 1989,     1, WIN , NHL , R  ,  2.0,  1.0,   1.0,   2.0,   0.0, -1.0 ,  0.0,  0.0,  0.0,  0.0,  0.0, 0.0,   2.0,       ,      ,      ,        ,        ,        ,        ,        ,        ,        ,        ,      
coleda01 , 1990,     1, WIN , NHL , R  , 66.0, 13.0,  11.0,  24.0,  24.0, -14.0,  1.0,  1.0,  1.0,  0.0,  1.0, 1.0, 109.0,       ,      ,      ,        ,        ,        ,        ,        ,        ,        ,        ,      
coleda01 , 1991,     1, WIN , NHL , R  , 52.0,  7.0,   5.0,  12.0,  32.0, -15.0,  1.0,  1.0,  2.0,  0.0,  0.0, 0.0,  65.0,       ,      ,      ,        ,        ,        ,        ,        ,        ,        ,        ,      
coleda01 , 1992,     1, TBL , NHL , R  , 67.0, 12.0,  15.0,  27.0,  23.0, -2.0 ,  0.0,  0.0,  1.0,  0.0,  1.0, 0.0, 100.0,       ,      ,      ,        ,        ,        ,        ,        ,        ,        ,        ,      
coleda01 , 1993,     1, TBL , NHL , R  , 81.0, 20.0,  23.0,  43.0,  32.0, 7.0  ,  8.0,  7.0,  1.0,  0.0,  4.0, 0.0, 149.0,       ,      ,      ,        ,        ,        ,        ,        ,        ,        ,        ,      
coleda01 , 1994,     1, TBL , NHL , L  , 26.0,  3.0,   3.0,   6.0,   6.0, -1.0 ,  1.0,  0.0,  0.0,  0.0,  0.0, 0.0,  56.0,       ,      ,      ,        ,        ,        ,        ,        ,        ,        ,        ,      
coleda01 , 1994,     2, NJD , NHL , L  , 12.0,  1.0,   2.0,   3.0,   8.0, 0.0  ,  0.0,  0.0,  0.0,  0.0,  0.0, 0.0,  20.0,    1.0,   0.0,   0.0,     0.0,     0.0, -1.0   ,     0.0,     0.0,     0.0,     0.0,     0.0,     1.0
coleda01 , 1995,     1, NYI , NHL , R  , 10.0,  1.0,   0.0,   1.0,   0.0, 0.0  ,  0.0,  0.0,  0.0,  0.0,  0.0, 0.0,   5.0,       ,      ,      ,        ,        ,        ,        ,        ,        ,        ,        ,      
coleda01 , 1995,     2, CHI , NHL , R  ,  2.0,  0.0,   0.0,   0.0,   0.0, 0.0  ,  0.0,  0.0,  0.0,  0.0,  0.0, 0.0,   1.0,       ,      ,      ,        ,        ,        ,        ,        ,        ,        ,        ,      
coleer01 , 2001,     1, CAR , NHL , R  , 81.0, 16.0,  24.0,  40.0,  35.0, -10.0,  3.0,  3.0,  0.0,  0.0,  2.0, 0.0, 159.0,   23.0,   6.0,   3.0,     9.0,    30.0, -2.0   ,     1.0,     0.0,     0.0,     0.0,     1.0,    68.0
coleer01 , 2002,     1, CAR , NHL , R  , 53.0, 14.0,  13.0,  27.0,  72.0, 1.0  ,  6.0,  3.0,  2.0,  1.0,  3.0, 0.0, 125.0,       ,      ,      ,        ,        ,        ,        ,        ,        ,        ,        ,      
coleer01 , 2003,     1, CAR , NHL , R  , 80.0, 18.0,  24.0,  42.0,  93.0, -4.0 ,  2.0,  9.0,  2.0,  1.0,  3.0, 1.0, 172.0,       ,      ,      ,        ,        ,        ,        ,        ,        ,        ,        ,      
coleer01 , 2005,     1, CAR , NHL , R  , 60.0, 30.0,  29.0,  59.0,  54.0, 19.0 ,  3.0, 11.0,  3.0,  1.0,  8.0,    , 164.0,    2.0,   0.0,   0.0,     0.0,     0.0, -1.0   ,     0.0,     0.0,     0.0,     0.0,     0.0,     3.0
coleer01 , 2006,     1, CAR , NHL , L  , 71.0, 29.0,  32.0,  61.0,  76.0, 2.0  ,  9.0,  9.0,  0.0,  1.0,  4.0,    , 166.0,       ,      ,      ,        ,        ,        ,        ,        ,        ,        ,        ,      
coleer01 , 2007,     1, CAR , NHL , R  , 73.0, 22.0,  29.0,  51.0,  76.0, 5.0  , 10.0,  7.0,  0.0,  0.0,  4.0,    , 216.0,       ,      ,      ,        ,        ,        ,        ,        ,        ,        ,        ,      
coleer01 , 2008,     1, EDM , NHL , L  , 63.0, 16.0,  11.0,  27.0,  63.0, -3.0 ,  5.0,  2.0,  0.0,  0.0,  1.0,    , 145.0,       ,      ,      ,        ,        ,        ,        ,        ,        ,        ,        ,      
coleer01 , 2008,     2, CAR , NHL , L  , 17.0,  2.0,  13.0,  15.0,  10.0, 3.0  ,  0.0,  2.0,  0.0,  0.0,  0.0,    ,  33.0,   18.0,   0.0,   5.0,     5.0,    22.0, -5.0   ,     0.0,     1.0,     0.0,     0.0,     0.0,    32.0
coleer01 , 2009,     1, CAR , NHL , L  , 40.0, 11.0,   5.0,  16.0,  29.0, -9.0 ,  2.0,  0.0,  0.0,  0.0,  1.0,    ,  81.0,       ,      ,      ,        ,        ,        ,        ,        ,        ,        ,        ,      
coleji01 , 1976,     1, WIJ , WHA , L  ,  2.0,  0.0,   1.0,   1.0,   0.0, -1.0 ,  0.0,     ,  0.0,     ,  0.0,    ,   5.0,       ,      ,      ,        ,        ,        ,        ,        ,        ,        ,        ,      
colemge01, 2005,     1, TBL , NHL , G  ,  2.0,  0.0,   0.0,   0.0,   0.0, 0.0  ,  0.0,  0.0,  0.0,  0.0,  0.0,    ,   0.0,       ,      ,      ,        ,        ,        ,        ,        ,        ,        ,        ,      
colleke01, 2005,     1, NYI , NHL , C  , 16.0,  0.0,   0.0,   0.0,  52.0, -2.0 ,  0.0,  0.0,  0.0,  0.0,  0.0,    ,   4.0,       ,      ,      ,        ,        ,        ,        ,        ,        ,        ,        ,      
colleto01, 1974,     1, MNS , NHL , C  ,  1.0,  0.0,   0.0,   0.0,   2.0, -3.0 ,  0.0,     ,  0.0,     ,  0.0, 0.0,   0.0,       ,      ,      ,        ,        ,        ,        ,        ,        ,        ,        ,      
collibi01, 1967,     1, MNS , NHL , R  , 71.0,  9.0,  11.0,  20.0,  41.0, -16.0,  0.0,     ,  0.0,     ,  1.0, 0.0, 114.0,   10.0,   2.0,   4.0,     6.0,     4.0,        ,     0.0,        ,     0.0,        ,     1.0,      
collibi01, 1968,     1, MNS , NHL , R  , 75.0,  9.0,  10.0,  19.0,  24.0, -26.0,  0.0,     ,  1.0,     ,  1.0, 0.0, 123.0,       ,      ,      ,        ,        ,        ,        ,        ,        ,        ,        ,      
collibi01, 1969,     1, MNS , NHL , R  , 74.0, 29.0,   9.0,  38.0,  48.0, 4.0  ,  3.0,     ,  6.0,     ,  2.0, 1.0, 186.0,    6.0,   0.0,   1.0,     1.0,     8.0,        ,     0.0,        ,     0.0,        ,     0.0,      
collibi01, 1970,     1, MTL , NHL , R  , 40.0,  6.0,   2.0,   8.0,  39.0, 1.0  ,  0.0,     ,  0.0,     ,  1.0, 1.0,  57.0,       ,      ,      ,        ,        ,        ,        ,        ,        ,        ,        ,      
collibi01, 1970,     2, DET , NHL , R  , 36.0,  5.0,  16.0,  21.0,  10.0, -1.0 ,  1.0,     ,  0.0,     ,  0.0, 0.0, 105.0,       ,      ,      ,        ,        ,        ,        ,        ,        ,        ,        ,      
collibi01, 1971,     1, DET , NHL , R  , 71.0, 15.0,  25.0,  40.0,  38.0, 3.0  ,  2.0,     ,  0.0,     ,  2.0, 0.0, 157.0,       ,      ,      ,        ,        ,        ,        ,        ,        ,        ,        ,      
collibi01, 1972,     1, DET , NHL , R  , 78.0, 21.0,  21.0,  42.0,  44.0, -1.0 ,  1.0,     ,  1.0,     ,  6.0, 0.0, 186.0,       ,      ,      ,        ,        ,        ,        ,        ,        ,        ,        ,      
collibi01, 1973,     1, DET , NHL , R  , 54.0, 13.0,  15.0,  28.0,  37.0, -20.0,  2.0,     ,  3.0,     ,  0.0, 1.0, 134.0,       ,      ,      ,        ,        ,        ,        ,        ,        ,        ,        ,      
collibi01, 1973,     2, STL , NHL , R  , 12.0,  2.0,   2.0,   4.0,  14.0, -10.0,  0.0,     ,  0.0,     ,  0.0, 0.0,  21.0,       ,      ,      ,        ,        ,        ,        ,        ,        ,        ,        ,      
collibi01, 1974,     1, STL , NHL , R  , 70.0, 22.0,  15.0,  37.0,  34.0, 4.0  ,  2.0,     ,  2.0,     ,  2.0, 1.0, 142.0,    2.0,   1.0,   0.0,     1.0,     0.0,        ,     0.0,        ,     0.0,        ,     0.0,      
collibi01, 1975,     1, NYR , NHL , R  , 50.0,  4.0,   4.0,   8.0,  38.0, -19.0,  0.0,     ,  1.0,     ,  0.0, 0.0,  47.0,       ,      ,      ,        ,        ,        ,        ,        ,        ,        ,        ,      
collibi01, 1976,     1, PHI , NHL , R  ,  9.0,  1.0,   1.0,   2.0,   4.0, -1.0 ,  0.0,     ,  0.0,     ,  1.0, 0.0,   5.0,       ,      ,      ,        ,        ,        ,        ,        ,        ,        ,        ,      
collibi01, 1976,     2, WAS , NHL , R  , 54.0, 11.0,  14.0,  25.0,  26.0, -7.0 ,  0.0,     ,  2.0,     ,  1.0, 0.0,  87.0,       ,      ,      ,        ,        ,        ,        ,        ,        ,        ,        ,      
collibi01, 1977,     1, WAS , NHL , R  , 74.0, 10.0,   9.0,  19.0,  18.0, -32.0,  0.0,     ,  1.0,     ,  1.0, 1.0, 104.0,       ,      ,      ,        ,        ,        ,        ,        ,        ,        ,        ,      
colliga01, 1958,     1, TOR , NHL , C  ,     ,     ,      ,      ,      ,      ,     ,     ,     ,     ,     ,    ,      ,    2.0,   0.0,   0.0,     0.0,     0.0,        ,        ,        ,        ,        ,        ,      
collije01, 2005,     1, NYI , NHL , C  , 19.0,  1.0,   1.0,   2.0,   6.0, 2.0  ,  0.0,  0.0,  0.0,  0.0,  0.0,    ,   9.0,       ,      ,      ,        ,        ,        ,        ,        ,        ,        ,        ,      
collije01, 2006,     1, NYI , NHL , C  ,  1.0,  0.0,   0.0,   0.0,   0.0, -1.0 ,  0.0,  0.0,  0.0,  0.0,  0.0,    ,   0.0,       ,      ,      ,        ,        ,        ,        ,        ,        ,        ,        ,      
collije01, 2007,     1, NYI , NHL , C  , 16.0,  0.0,   0.0,   0.0,   8.0, -4.0 ,  0.0,  0.0,  0.0,  0.0,  0.0,    ,  16.0,       ,      ,      ,        ,        ,        ,        ,        ,        ,        ,        ,      
collije01, 2008,     1, NYI , NHL , C  ,  6.0,  0.0,   1.0,   1.0,   2.0, -2.0 ,  0.0,  0.0,  0.0,  0.0,  0.0,    ,   4.0,       ,      ,      ,        ,        ,        ,        ,        ,        ,        ,        ,      
collino01, 1934,     1, MTL , NHL , R  ,  1.0,  0.0,   1.0,   1.0,   0.0,      ,     ,     ,     ,     ,     ,    ,      ,       ,      ,      ,        ,        ,        ,        ,        ,        ,        ,        ,      
colliro01, 2005,     1, NYI , NHL , C  ,  8.0,  1.0,   1.0,   2.0,   0.0, 1.0  ,  1.0,  0.0,  0.0,  0.0,  0.0,    ,   8.0,       ,      ,      ,        ,        ,        ,        ,        ,        ,        ,        ,      
collise01, 2008,     1, WAS , NHL , D  , 15.0,  1.0,   1.0,   2.0,  12.0, 1.0  ,  0.0,  0.0,  0.0,  0.0,  0.0,    ,  14.0,       ,      ,      ,        ,        ,        ,        ,        ,        ,        ,        ,      
collybo01, 1973,     1, STL , NHL , C  , 10.0,  1.0,   3.0,   4.0,   4.0, 1.0  ,  0.0,     ,  0.0,     ,  0.0, 0.0,  12.0,       ,      ,      ,        ,        ,        ,        ,        ,        ,        ,        ,      
colmami01, 1991,     1, SJS , NHL , D  , 15.0,  0.0,   1.0,   1.0,  32.0, -8.0 ,  0.0,  0.0,  0.0,  0.0,  0.0, 0.0,   7.0,       ,      ,      ,        ,        ,        ,        ,        ,        ,        ,        ,      
colvile01, 1948,     1, BOS , NHL , G  ,  1.0,  0.0,   0.0,   0.0,   0.0,      ,     ,     ,     ,     ,     ,    ,      ,       ,      ,      ,        ,        ,        ,        ,        ,        ,        ,        ,      
colvima01, 1935,     1, NYR , NHL , R  , 18.0,  1.0,   4.0,   5.0,   6.0,      ,     ,     ,     ,     ,     ,    ,      ,       ,      ,      ,        ,        ,        ,        ,        ,        ,        ,        ,      
colvima01, 1936,     1, NYR , NHL , R  , 46.0,  7.0,  12.0,  19.0,  10.0,      ,     ,     ,     ,     ,     ,    ,      ,    9.0,   1.0,   2.0,     3.0,     2.0,        ,        ,        ,        ,        ,        ,      
colvima01, 1937,     1, NYR , NHL , R  , 48.0, 14.0,  14.0,  28.0,  18.0,      ,     ,     ,     ,     ,     ,    ,      ,    3.0,   0.0,   2.0,     2.0,     0.0,        ,        ,        ,        ,        ,        ,      
colvima01, 1938,     1, NYR , NHL , R  , 48.0,  7.0,  21.0,  28.0,  24.0,      ,     ,     ,     ,     ,     ,    ,      ,    7.0,   1.0,   2.0,     3.0,     4.0,        ,        ,        ,        ,        ,        ,      
colvima01, 1939,     1, NYR , NHL , R  , 47.0,  7.0,  14.0,  21.0,  12.0,      ,     ,     ,     ,     ,     ,    ,      ,   12.0,   3.0,   2.0,     5.0,     6.0,        ,        ,        ,        ,        ,        ,      
colvima01, 1940,     1, NYR , NHL , R  , 47.0, 14.0,  17.0,  31.0,  18.0,      ,     ,     ,     ,     ,     ,    ,      ,    3.0,   1.0,   1.0,     2.0,     2.0,        ,        ,        ,        ,        ,        ,      
colvima01, 1941,     1, NYR , NHL , R  , 46.0, 14.0,  16.0,  30.0,  26.0,      ,     ,     ,     ,     ,     ,    ,      ,    6.0,   3.0,   1.0,     4.0,     0.0,        ,        ,        ,        ,        ,        ,      
colvima01, 1945,     1, NYR , NHL , R  , 39.0,  7.0,   6.0,  13.0,   8.0,      ,     ,     ,     ,     ,     ,    ,      ,       ,      ,      ,        ,        ,        ,        ,        ,        ,        ,        ,      
colvima01, 1946,     1, NYR , NHL , R  , 14.0,  0.0,   0.0,   0.0,   8.0,      ,     ,     ,     ,     ,     ,    ,      ,       ,      ,      ,        ,        ,        ,        ,        ,        ,        ,        ,      
colvine01, 1935,     1, NYR , NHL , C/D,  1.0,  0.0,   0.0,   0.0,   0.0,      ,     ,     ,     ,     ,     ,    ,      ,       ,      ,      ,        ,        ,        ,        ,        ,        ,        ,        ,      
colvine01, 1936,     1, NYR , NHL , C/D, 45.0, 10.0,  18.0,  28.0,  33.0,      ,     ,     ,     ,     ,     ,    ,      ,    9.0,   3.0,   3.0,     6.0,     0.0,        ,        ,        ,        ,        ,        ,      
colvine01, 1937,     1, NYR , NHL , C  , 45.0, 17.0,  19.0,  36.0,  11.0,      ,     ,     ,     ,     ,     ,    ,      ,    3.0,   0.0,   1.0,     1.0,     0.0,        ,        ,        ,        ,        ,        ,      
colvine01, 1938,     1, NYR , NHL , C  , 47.0, 18.0,  19.0,  37.0,  12.0,      ,     ,     ,     ,     ,     ,    ,      ,    7.0,   0.0,   2.0,     2.0,     2.0,        ,        ,        ,        ,        ,        ,      
colvine01, 1939,     1, NYR , NHL , C  , 48.0, 19.0,  19.0,  38.0,  22.0,      ,     ,     ,     ,     ,     ,    ,      ,   12.0,   2.0,   7.0,     9.0,    18.0,        ,        ,        ,        ,        ,        ,      
colvine01, 1940,     1, NYR , NHL , C  , 48.0, 14.0,  28.0,  42.0,  28.0,      ,     ,     ,     ,     ,     ,    ,      ,    3.0,   1.0,   1.0,     2.0,     0.0,        ,        ,        ,        ,        ,        ,      
colvine01, 1941,     1, NYR , NHL , C  , 48.0,  8.0,  25.0,  33.0,  37.0,      ,     ,     ,     ,     ,     ,    ,      ,    6.0,   0.0,   6.0,     6.0,     6.0,        ,        ,        ,        ,        ,        ,      
colvine01, 1944,     1, NYR , NHL , C  ,  4.0,  0.0,   1.0,   1.0,   2.0,      ,     ,     ,     ,     ,     ,    ,      ,       ,      ,      ,        ,        ,        ,        ,        ,        ,        ,        ,      
colvine01, 1945,     1, NYR , NHL , D  , 49.0,  5.0,   4.0,   9.0,  25.0,      ,     ,     ,     ,     ,     ,    ,      ,       ,      ,      ,        ,        ,        ,        ,        ,        ,        ,        ,      
colvine01, 1946,     1, NYR , NHL , D  , 60.0,  4.0,  16.0,  20.0,  16.0,      ,     ,     ,     ,     ,     ,    ,      ,       ,      ,      ,        ,        ,        ,        ,        ,        ,        ,        ,      
colvine01, 1947,     1, NYR , NHL , D  , 55.0,  4.0,  12.0,  16.0,  25.0,      ,     ,     ,     ,     ,     ,    ,      ,    6.0,   1.0,   0.0,     1.0,     6.0,        ,        ,        ,        ,        ,        ,      
colvine01, 1948,     1, NYR , NHL , D  , 14.0,  0.0,   5.0,   5.0,   2.0,      ,     ,     ,     ,     ,     ,    ,      ,       ,      ,      ,        ,        ,        ,        ,        ,        ,        ,        ,      
colwile01, 1958,     1, NYR , NHL , R  , 69.0,  7.0,   6.0,  13.0,  16.0,      ,     ,     ,     ,     ,     ,    ,      ,       ,      ,      ,        ,        ,        ,        ,        ,        ,        ,        ,      
comeabl01, 2006,     1, NYI , NHL , R  ,  3.0,  0.0,   0.0,   0.0,   0.0, 0.0  ,  0.0,  0.0,  0.0,  0.0,  0.0,    ,   1.0,       ,      ,      ,        ,        ,        ,        ,        ,        ,        ,        ,      
comeabl01, 2007,     1, NYI , NHL , L  , 51.0,  8.0,   7.0,  15.0,  22.0, 1.0  ,  1.0,  1.0,  0.0,  0.0,  1.0,    ,  67.0,       ,      ,      ,        ,        ,        ,        ,        ,        ,        ,        ,      
comeabl01, 2008,     1, NYI , NHL , L  , 53.0,  7.0,  18.0,  25.0,  32.0, -17.0,  2.0,  7.0,  0.0,  0.0,  0.0,    ,  78.0,       ,      ,      ,        ,        ,        ,        ,        ,        ,        ,        ,      
comeabl01, 2009,     1, NYI , NHL , R  , 61.0, 17.0,  18.0,  35.0,  40.0, -2.0 ,  0.0,  3.0,  1.0,  3.0,  2.0,    , 133.0,       ,      ,      ,        ,        ,        ,        ,        ,        ,        ,        ,      
comeare01, 1971,     1, MTL , NHL , C  ,  4.0,  0.0,   0.0,   0.0,   0.0, 0.0  ,  0.0,     ,  0.0,     ,  0.0, 0.0,   2.0,       ,      ,      ,        ,        ,        ,        ,        ,        ,        ,        ,      
comeare01, 1972,     1, ATF , NHL , C  , 77.0, 21.0,  21.0,  42.0,  19.0, 0.0  ,  3.0,     ,  0.0,     ,  2.0, 3.0, 146.0,       ,      ,      ,        ,        ,        ,        ,        ,        ,        ,        ,      
comeare01, 1973,     1, ATF , NHL , C  , 78.0, 11.0,  23.0,  34.0,  16.0, -15.0,  0.0,     ,  1.0,     ,  4.0, 0.0, 130.0,    4.0,   2.0,   1.0,     3.0,     6.0,        ,     1.0,        ,     0.0,        ,     0.0,      
comeare01, 1974,     1, ATF , NHL , C  , 75.0, 14.0,  20.0,  34.0,  40.0, 9.0  ,  2.0,     ,  0.0,     ,  3.0, 0.0, 116.0,       ,      ,      ,        ,        ,        ,        ,        ,        ,        ,        ,      
comeare01, 1975,     1, ATF , NHL , C  , 79.0, 17.0,  22.0,  39.0,  42.0, 9.0  ,  1.0,     ,  0.0,     ,  2.0, 1.0, 124.0,       ,      ,      ,        ,        ,        ,        ,        ,        ,        ,        ,      
comeare01, 1976,     1, ATF , NHL , C  , 80.0, 15.0,  18.0,  33.0,  16.0, 7.0  ,  2.0,     ,  1.0,     ,  4.0, 0.0, 133.0,    3.0,   0.0,   0.0,     0.0,     2.0,        ,     0.0,        ,     0.0,        ,     0.0,      
comeare01, 1977,     1, ATF , NHL , C  , 79.0, 10.0,  22.0,  32.0,  20.0, 0.0  ,  0.0,     ,  1.0,     ,  1.0, 0.0, 114.0,    2.0,   0.0,   0.0,     0.0,     0.0,        ,     0.0,        ,     0.0,        ,     0.0,      
comeare01, 1978,     1, COR , NHL , C  , 70.0,  8.0,  10.0,  18.0,  16.0, -20.0,  1.0,     ,  2.0,     ,  0.0, 2.0,  85.0,       ,      ,      ,        ,        ,        ,        ,        ,        ,        ,        ,      
comeare01, 1979,     1, COR , NHL , C  , 22.0,  2.0,   5.0,   7.0,   6.0, 0.0  ,  0.0,     ,  0.0,     ,  0.0, 0.0,  21.0,       ,      ,      ,        ,        ,        ,        ,        ,        ,        ,        ,      
commomi01, 2000,     1, NJD , NHL , D  , 20.0,  1.0,   4.0,   5.0,  14.0, 5.0  ,  0.0,  0.0,  0.0,  0.0,  0.0, 0.0,  11.0,       ,      ,      ,        ,        ,        ,        ,        ,        ,        ,        ,      
commomi01, 2001,     1, NJD , NHL , D  , 37.0,  0.0,   1.0,   1.0,  30.0, -12.0,  0.0,  0.0,  0.0,  0.0,  0.0, 0.0,  22.0,       ,      ,      ,        ,        ,        ,        ,        ,        ,        ,        ,      
commomi01, 2002,     1, CAL , NHL , D  ,  6.0,  0.0,   1.0,   1.0,  19.0, 2.0  ,  0.0,  0.0,  0.0,  0.0,  0.0, 0.0,   5.0,       ,      ,      ,        ,        ,        ,        ,        ,        ,        ,        ,      
commomi01, 2003,     1, CAL , NHL , D  , 12.0,  0.0,   0.0,   0.0,  25.0, -4.0 ,  0.0,  0.0,  0.0,  0.0,  0.0, 0.0,  10.0,   20.0,   0.0,   2.0,     2.0,    19.0, 1.0    ,     0.0,     1.0,     0.0,     0.0,     0.0,    13.0
commomi01, 2005,     1, CAR , NHL , D  , 72.0,  3.0,  10.0,  13.0, 138.0, 12.0 ,  0.0,  1.0,  0.0,  1.0,  2.0,    ,  72.0,   25.0,   2.0,   2.0,     4.0,    33.0, 1.0    ,     0.0,     0.0,     1.0,     0.0,     0.0,    27.0
commomi01, 2006,     1, CAR , NHL , D  , 82.0,  7.0,  22.0,  29.0, 113.0, 0.0  ,  0.0,  1.0,  2.0,  3.0,  1.0,    , 136.0,       ,      ,      ,        ,        ,        ,        ,        ,        ,        ,        ,      
commomi01, 2007,     1, CAR , NHL , D  , 41.0,  3.0,   9.0,  12.0,  74.0, 2.0  ,  0.0,  0.0,  0.0,  1.0,  0.0,    ,  67.0,       ,      ,      ,        ,        ,        ,        ,        ,        ,        ,        ,      
commomi01, 2007,     2, OTT , NHL , D  , 26.0,  0.0,   2.0,   2.0,  26.0, -9.0 ,  0.0,  0.0,  0.0,  0.0,  0.0,    ,  30.0,    4.0,   0.0,   2.0,     2.0,     0.0, -1.0   ,     0.0,     0.0,     0.0,     0.0,     0.0,     6.0
commomi01, 2008,     1, CBS , NHL , D  , 81.0,  5.0,  19.0,  24.0, 100.0, 11.0 ,  0.0,  2.0,  0.0,  0.0,  0.0,    , 103.0,    4.0,   0.0,   0.0,     0.0,    18.0, -7.0   ,     0.0,     0.0,     0.0,     0.0,     0.0,     4.0
commomi01, 2009,     1, CBS , NHL , D  , 57.0,  2.0,   9.0,  11.0,  62.0, -9.0 ,  0.0,  1.0,  0.0,  0.0,  1.0,    ,  54.0,       ,      ,      ,        ,        ,        ,        ,        ,        ,        ,        ,      
comrimi01, 2000,     1, EDM , NHL , C  , 41.0,  8.0,  14.0,  22.0,  14.0, 6.0  ,  3.0,  3.0,  0.0,  0.0,  1.0, 0.0,  62.0,    6.0,   1.0,   2.0,     3.0,     0.0, 0.0    ,     1.0,     0.0,     0.0,     0.0,     1.0,     7.0
comrimi01, 2001,     1, EDM , NHL , C  , 82.0, 33.0,  27.0,  60.0,  45.0, 16.0 ,  8.0, 14.0,  0.0,  0.0,  5.0, 3.0, 170.0,       ,      ,      ,        ,        ,        ,        ,        ,        ,        ,        ,      
comrimi01, 2002,     1, EDM , NHL , C  , 69.0, 20.0,  31.0,  51.0,  90.0, -18.0,  8.0,  9.0,  0.0,  0.0,  6.0, 0.0, 170.0,    6.0,   1.0,   0.0,     1.0,    10.0, -1.0   ,     0.0,     0.0,     0.0,     0.0,     0.0,     9.0
comrimi01, 2003,     1, PHI , NHL , C  , 21.0,  4.0,   5.0,   9.0,  12.0, 2.0  ,  0.0,  3.0,  0.0,  0.0,  1.0, 0.0,  36.0,       ,      ,      ,        ,        ,        ,        ,        ,        ,        ,        ,      
comrimi01, 2003,     2, PHO , NHL , C  , 28.0,  8.0,   7.0,  15.0,  16.0, -8.0 ,  1.0,  4.0,  1.0,  1.0,  1.0, 1.0,  65.0,       ,      ,      ,        ,        ,        ,        ,        ,        ,        ,        ,      
comrimi01, 2005,     1, PHO , NHL , C  , 80.0, 30.0,  30.0,  60.0,  55.0, 2.0  , 10.0, 15.0,  0.0,  0.0,  4.0,    , 190.0,       ,      ,      ,        ,        ,        ,        ,        ,        ,        ,        ,      
comrimi01, 2006,     1, PHO , NHL , C  , 24.0,  7.0,  13.0,  20.0,  20.0, 1.0  ,  4.0,  4.0,  0.0,  0.0,  1.0,    ,  38.0,       ,      ,      ,        ,        ,        ,        ,        ,        ,        ,        ,      
comrimi01, 2006,     2, OTT , NHL , C  , 41.0, 13.0,  12.0,  25.0,  24.0, -1.0 ,  3.0,  4.0,  0.0,  0.0,  2.0,    ,  87.0,   20.0,   2.0,   4.0,     6.0,    17.0, -1.0   ,     0.0,     1.0,     0.0,     0.0,     0.0,    25.0
comrimi01, 2007,     1, NYI , NHL , C  , 76.0, 21.0,  28.0,  49.0,  87.0, -21.0,  4.0, 17.0,  0.0,  0.0,  3.0,    , 194.0,       ,      ,      ,        ,        ,        ,        ,        ,        ,        ,        ,      
comrimi01, 2008,     1, NYI , NHL , C  , 41.0,  7.0,  13.0,  20.0,  26.0, -8.0 ,  2.0,  1.0,  0.0,  1.0,  0.0,    ,  80.0,       ,      ,      ,        ,        ,        ,        ,        ,        ,        ,        ,      
comrimi01, 2008,     2, OTT , NHL , C  , 22.0,  3.0,   4.0,   7.0,   6.0, -7.0 ,  0.0,  3.0,  0.0,  0.0,  1.0,    ,  41.0,       ,      ,      ,        ,        ,        ,        ,        ,        ,        ,        ,      
comrimi01, 2009,     1, EDM , NHL , C  , 43.0, 13.0,   8.0,  21.0,  30.0, -9.0 ,  5.0,  5.0,  0.0,  0.0,  0.0,    ,  97.0,       ,      ,      ,        ,        ,        ,        ,        ,        ,        ,        ,      
comripa01, 1999,     1, EDM , NHL , C  , 15.0,  1.0,   2.0,   3.0,   4.0, -2.0 ,  0.0,  0.0,  0.0,  0.0,  0.0, 0.0,  11.0,       ,      ,      ,        ,        ,        ,        ,        ,        ,        ,        ,      
conacbr01, 1961,     1, TOR , NHL , L  ,  1.0,  0.0,   0.0,   0.0,   0.0,      ,     ,     ,     ,     ,     ,    ,      ,       ,      ,      ,        ,        ,        ,        ,        ,        ,        ,        ,      
conacbr01, 1965,     1, TOR , NHL , L  ,  2.0,  0.0,   0.0,   0.0,   2.0,      ,  0.0,     ,  0.0,     ,  0.0, 0.0,      ,       ,      ,      ,        ,        ,        ,        ,        ,        ,        ,        ,      
conacbr01, 1966,     1, TOR , NHL , C  , 66.0, 14.0,  13.0,  27.0,  47.0,      ,  1.0,     ,  0.0,     ,  1.0, 1.0,      ,   12.0,   3.0,   2.0,     5.0,    21.0,        ,        ,        ,        ,        ,     2.0,      
conacbr01, 1967,     1, TOR , NHL , L  , 64.0, 11.0,  14.0,  25.0,  31.0, 7.0  ,  0.0,     ,  1.0,     ,  1.0, 0.0,  88.0,       ,      ,      ,        ,        ,        ,        ,        ,        ,        ,        ,      
conacbr01, 1971,     1, DET , NHL , L  , 22.0,  3.0,   1.0,   4.0,   4.0, -3.0 ,  0.0,     ,  1.0,     ,  0.0, 0.0,  21.0,       ,      ,      ,        ,        ,        ,        ,        ,        ,        ,        ,      
conacbr01, 1972,     1, OTN , WHA , C  , 69.0,  8.0,  19.0,  27.0,  32.0,      ,  0.0,     ,  0.0,     ,     ,    ,      ,    5.0,   1.0,   3.0,     4.0,     4.0,        ,     0.0,        ,     0.0,        ,     0.0,      
conacch01, 1929,     1, TOR , NHL , R  , 38.0, 20.0,   9.0,  29.0,  48.0,      ,     ,     ,     ,     ,     ,    ,      ,       ,      ,      ,        ,        ,        ,        ,        ,        ,        ,        ,      
conacch01, 1930,     1, TOR , NHL , R  , 37.0, 31.0,  12.0,  43.0,  78.0,      ,     ,     ,     ,     ,     ,    ,      ,    2.0,   0.0,   1.0,     1.0,     0.0,        ,        ,        ,        ,        ,        ,      
conacch01, 1931,     1, TOR , NHL , R  , 44.0, 34.0,  14.0,  48.0,  66.0,      ,     ,     ,     ,     ,     ,    ,      ,    7.0,   6.0,   2.0,     8.0,     6.0,        ,        ,        ,        ,        ,        ,      
conacch01, 1932,     1, TOR , NHL , R  , 40.0, 14.0,  19.0,  33.0,  64.0,      ,     ,     ,     ,     ,     ,    ,      ,    9.0,   1.0,   1.0,     2.0,    10.0,        ,        ,        ,        ,        ,        ,      
conacch01, 1933,     1, TOR , NHL , R  , 42.0, 32.0,  20.0,  52.0,  38.0,      ,     ,     ,     ,     ,     ,    ,      ,    5.0,   3.0,   2.0,     5.0,     0.0,        ,        ,        ,        ,        ,        ,      
conacch01, 1934,     1, TOR , NHL , R  , 47.0, 36.0,  21.0,  57.0,  24.0,      ,     ,     ,     ,     ,     ,    ,      ,    7.0,   1.0,   4.0,     5.0,     6.0,        ,        ,        ,        ,        ,        ,      
conacch01, 1935,     1, TOR , NHL , R  , 44.0, 23.0,  15.0,  38.0,  74.0,      ,     ,     ,     ,     ,     ,    ,      ,    9.0,   3.0,   2.0,     5.0,    12.0,        ,        ,        ,        ,        ,        ,      
conacch01, 1936,     1, TOR , NHL , R  , 15.0,  3.0,   5.0,   8.0,  13.0,      ,     ,     ,     ,     ,     ,    ,      ,    2.0,   0.0,   0.0,     0.0,     5.0,        ,        ,        ,        ,        ,        ,      
conacch01, 1937,     1, TOR , NHL , R  , 19.0,  7.0,   9.0,  16.0,   6.0,      ,     ,     ,     ,     ,     ,    ,      ,       ,      ,      ,        ,        ,        ,        ,        ,        ,        ,        ,      
conacch01, 1938,     1, DET , NHL , R  , 40.0,  8.0,  15.0,  23.0,  39.0,      ,     ,     ,     ,     ,     ,    ,      ,    5.0,   2.0,   5.0,     7.0,     2.0,        ,        ,        ,        ,        ,        ,      
conacch01, 1939,     1, NYA , NHL , D/R, 47.0, 10.0,  18.0,  28.0,  41.0,      ,     ,     ,     ,     ,     ,    ,      ,    3.0,   1.0,   1.0,     2.0,     8.0,        ,        ,        ,        ,        ,        ,      
conacch01, 1940,     1, NYA , NHL , D  , 46.0,  7.0,  16.0,  23.0,  32.0,      ,     ,     ,     ,     ,     ,    ,      ,       ,      ,      ,        ,        ,        ,        ,        ,        ,        ,        ,      
conacji01, 1945,     1, DET , NHL , C  , 20.0,  1.0,   5.0,   6.0,  10.0,      ,     ,     ,     ,     ,     ,    ,      ,    5.0,   1.0,   1.0,     2.0,     0.0,        ,        ,        ,        ,        ,        ,      
conacji01, 1946,     1, DET , NHL , C  , 33.0, 16.0,  13.0,  29.0,   2.0,      ,     ,     ,     ,     ,     ,    ,      ,    5.0,   2.0,   1.0,     3.0,     2.0,        ,        ,        ,        ,        ,        ,      
conacji01, 1947,     1, DET , NHL , C  , 60.0, 17.0,  23.0,  40.0,   2.0,      ,     ,     ,     ,     ,     ,    ,      ,    9.0,   2.0,   0.0,     2.0,     2.0,        ,        ,        ,        ,        ,        ,      
conacji01, 1948,     1, DET , NHL , C  ,  4.0,  1.0,   0.0,   1.0,   2.0,      ,     ,     ,     ,     ,     ,    ,      ,       ,      ,      ,        ,        ,        ,        ,        ,        ,        ,        ,      
conacji01, 1948,     2, CHI , NHL , C  , 55.0, 25.0,  23.0,  48.0,  41.0,      ,     ,     ,     ,     ,     ,    ,      ,       ,      ,      ,        ,        ,        ,        ,        ,        ,        ,        ,      
conacji01, 1949,     1, CHI , NHL , C  , 66.0, 13.0,  20.0,  33.0,  14.0,      ,     ,     ,     ,     ,     ,    ,      ,       ,      ,      ,        ,        ,        ,        ,        ,        ,        ,        ,      
conacji01, 1950,     1, CHI , NHL , C  , 52.0, 10.0,  27.0,  37.0,  16.0,      ,     ,     ,     ,     ,     ,    ,      ,       ,      ,      ,        ,        ,        ,        ,        ,        ,        ,        ,      
conacji01, 1951,     1, CHI , NHL , C  ,  5.0,  1.0,   1.0,   2.0,   0.0,      ,     ,     ,     ,     ,     ,    ,      ,       ,      ,      ,        ,        ,        ,        ,        ,        ,        ,        ,      
conacji01, 1951,     2, NYR , NHL , C  , 16.0,  0.0,   1.0,   1.0,   2.0,      ,     ,     ,     ,     ,     ,    ,      ,       ,      ,      ,        ,        ,        ,        ,        ,        ,        ,        ,      
conacji01, 1952,     1, NYR , NHL , C  , 17.0,  1.0,   4.0,   5.0,   2.0,      ,     ,     ,     ,     ,     ,    ,      ,       ,      ,      ,        ,        ,        ,        ,        ,        ,        ,        ,      
conacli01, 1925,     1, PIP , NHL , D  , 33.0,  9.0,   4.0,  13.0,  64.0,      ,     ,     ,     ,     ,     ,    ,      ,    2.0,   0.0,   0.0,     0.0,     0.0,        ,        ,        ,        ,        ,        ,      
conacli01, 1926,     1, PIP , NHL , D  ,  9.0,  0.0,   0.0,   0.0,  12.0,      ,     ,     ,     ,     ,     ,    ,      ,       ,      ,      ,        ,        ,        ,        ,        ,        ,        ,        ,      
conacli01, 1926,     2, NYA , NHL , D  , 30.0,  8.0,   9.0,  17.0,  81.0,      ,     ,     ,     ,     ,     ,    ,      ,       ,      ,      ,        ,        ,        ,        ,        ,        ,        ,        ,      
conacli01, 1927,     1, NYA , NHL , D  , 35.0, 11.0,   6.0,  17.0,  82.0,      ,     ,     ,     ,     ,     ,    ,      ,       ,      ,      ,        ,        ,        ,        ,        ,        ,        ,        ,      
conacli01, 1928,     1, NYA , NHL , D  , 44.0,  5.0,   2.0,   7.0, 132.0,      ,     ,     ,     ,     ,     ,    ,      ,    2.0,   0.0,   0.0,     0.0,    10.0,        ,        ,        ,        ,        ,        ,      
conacli01, 1929,     1, NYA , NHL , D  , 40.0,  4.0,   6.0,  10.0,  73.0,      ,     ,     ,     ,     ,     ,    ,      ,       ,      ,      ,        ,        ,        ,        ,        ,        ,        ,        ,      
conacli01, 1930,     1, MTM , NHL , D  , 36.0,  4.0,   3.0,   7.0,  57.0,      ,     ,     ,     ,     ,     ,    ,      ,    2.0,   0.0,   0.0,     0.0,     2.0,        ,        ,        ,        ,        ,        ,      
conacli01, 1931,     1, MTM , NHL , D  , 45.0,  7.0,   9.0,  16.0,  60.0,      ,     ,     ,     ,     ,     ,    ,      ,    4.0,   0.0,   0.0,     0.0,     2.0,        ,        ,        ,        ,        ,        ,      
conacli01, 1932,     1, MTM , NHL , D  , 47.0,  7.0,  21.0,  28.0,  61.0,      ,     ,     ,     ,     ,     ,    ,      ,    2.0,   0.0,   1.0,     1.0,     0.0,        ,        ,        ,        ,        ,        ,      
conacli01, 1933,     1, CHI , NHL , D  , 48.0, 10.0,  13.0,  23.0,  87.0,      ,     ,     ,     ,     ,     ,    ,      ,    8.0,   2.0,   0.0,     2.0,     4.0,        ,        ,        ,        ,        ,        ,      
conacli01, 1934,     1, MTM , NHL , D  , 38.0,  2.0,   6.0,   8.0,  44.0,      ,     ,     ,     ,     ,     ,    ,      ,    7.0,   0.0,   0.0,     0.0,    14.0,        ,        ,        ,        ,        ,        ,      
conacli01, 1935,     1, MTM , NHL , D  , 46.0,  7.0,   7.0,  14.0,  65.0,      ,     ,     ,     ,     ,     ,    ,      ,    3.0,   0.0,   0.0,     0.0,     0.0,        ,        ,        ,        ,        ,        ,      
conacli01, 1936,     1, MTM , NHL , D  , 47.0,  6.0,  19.0,  25.0,  64.0,      ,     ,     ,     ,     ,     ,    ,      ,    5.0,   0.0,   1.0,     1.0,     2.0,        ,        ,        ,        ,        ,        ,      
conacpa01, 1979,     1, NYR , NHL , C  , 17.0,  0.0,   5.0,   5.0,   4.0, -10.0,  0.0,     ,  0.0,     ,  0.0, 0.0,  15.0,    3.0,   0.0,   1.0,     1.0,     2.0,        ,     0.0,        ,     0.0,        ,     0.0,      
conacpa01, 1982,     1, NYR , NHL , C  ,  5.0,  0.0,   1.0,   1.0,   4.0, 0.0  ,  0.0,     ,  0.0,     ,  0.0, 0.0,   5.0,    1.0,   0.0,   0.0,     0.0,     0.0,        ,     0.0,        ,     0.0,        ,     0.0,      
conacpa01, 1983,     1, EDM , NHL , C  , 45.0,  2.0,   8.0,  10.0,  31.0, -2.0 ,  0.0,     ,  0.0,     ,  0.0, 0.0,  18.0,    3.0,   1.0,   0.0,     1.0,     2.0, 1.0    ,     0.0,        ,     0.0,        ,     0.0,     3.0
conacpa01, 1985,     1, NJD , NHL , C  ,  2.0,  0.0,   2.0,   2.0,   2.0, 0.0  ,  0.0,     ,  0.0,     ,  0.0, 0.0,   3.0,       ,      ,      ,        ,        ,        ,        ,        ,        ,        ,        ,      
conacpa01, 1987,     1, NJD , NHL , C  , 24.0,  2.0,   5.0,   7.0,  12.0, 8.0  ,  0.0,  0.0,  0.0,  0.0,  0.0, 0.0,  22.0,   17.0,   2.0,   2.0,     4.0,    14.0, 1.0    ,     0.0,     0.0,     1.0,     0.0,     1.0,    10.0
conacpa01, 1988,     1, NJD , NHL , L  , 55.0,  7.0,   5.0,  12.0,  14.0, -7.0 ,  0.0,  0.0,  1.0,  1.0,  1.0, 0.0,  59.0,       ,      ,      ,        ,        ,        ,        ,        ,        ,        ,        ,      
conacpa01, 1989,     1, NJD , NHL , L  , 19.0,  3.0,   3.0,   6.0,   4.0, 2.0  ,  0.0,  0.0,  0.0,  0.0,  0.0, 0.0,  18.0,    5.0,   1.0,   0.0,     1.0,    10.0, 0.0    ,     0.0,     0.0,     0.0,     0.0,     0.0,     4.0
conacpa01, 1990,     1, NJD , NHL , L  , 49.0,  5.0,  11.0,  16.0,  27.0, 9.0  ,  0.0,  0.0,  0.0,  0.0,  0.0, 0.0,  45.0,    7.0,   0.0,   2.0,     2.0,     2.0, -1.0   ,     0.0,     0.0,     0.0,     1.0,     0.0,     9.0
conacpa01, 1991,     1, NJD , NHL , L  , 44.0,  7.0,   3.0,  10.0,  16.0, 0.0  ,  0.0,  0.0,  1.0,  1.0,  1.0, 0.0,  38.0,    7.0,   1.0,   1.0,     2.0,     4.0, 3.0    ,     0.0,     0.0,     1.0,     0.0,     0.0,     5.0
conacpa01, 1992,     1, LAK , NHL , C  , 81.0,  9.0,   8.0,  17.0,  20.0, -16.0,  0.0,  3.0,  2.0,  0.0,  1.0, 0.0,  65.0,   24.0,   6.0,   4.0,    10.0,     6.0, 8.0    ,     0.0,     1.0,     0.0,     1.0,     0.0,    24.0
conacpa01, 1993,     1, LAK , NHL , C  , 77.0, 15.0,  13.0,  28.0,  71.0, 0.0  ,  0.0,  0.0,  3.0,  2.0,  1.0, 0.0,  98.0,       ,      ,      ,        ,        ,        ,        ,        ,        ,        ,        ,      
conacpa01, 1994,     1, LAK , NHL , L  , 48.0,  7.0,   9.0,  16.0,  12.0, -9.0 ,  0.0,  0.0,  1.0,  1.0,  0.0, 0.0,  64.0,       ,      ,      ,        ,        ,        ,        ,        ,        ,        ,        ,      
conacpa01, 1995,     1, LAK , NHL , C  , 35.0,  5.0,   2.0,   7.0,  18.0, -8.0 ,  0.0,  0.0,  1.0,  0.0,  2.0, 0.0,  35.0,       ,      ,      ,        ,        ,        ,        ,        ,        ,        ,        ,      
conacpa01, 1995,     2, CAL , NHL , C  ,  7.0,  0.0,   0.0,   0.0,   0.0, -1.0 ,  0.0,  0.0,  0.0,  0.0,  0.0, 0.0,   1.0,       ,      ,      ,        ,        ,        ,        ,        ,        ,        ,        ,      
conacpa01, 1995,     3, NYI , NHL , C  , 13.0,  1.0,   1.0,   2.0,   0.0, -4.0 ,  0.0,  0.0,  0.0,  0.0,  0.0, 0.0,   9.0,       ,      ,      ,        ,        ,        ,        ,        ,        ,        ,        ,      
conacpe01, 1951,     1, CHI , NHL , L  ,  2.0,  0.0,   1.0,   1.0,   0.0,      ,     ,     ,     ,     ,     ,    ,      ,       ,      ,      ,        ,        ,        ,        ,        ,        ,        ,        ,      
conacpe01, 1952,     1, CHI , NHL , L  , 41.0,  5.0,   6.0,  11.0,   7.0,      ,     ,     ,     ,     ,     ,    ,      ,    2.0,   0.0,   0.0,     0.0,     0.0,        ,        ,        ,        ,        ,        ,      
conacpe01, 1953,     1, CHI , NHL , L  , 70.0, 19.0,   9.0,  28.0,  23.0,      ,     ,     ,     ,     ,     ,    ,      ,       ,      ,      ,        ,        ,        ,        ,        ,        ,        ,        ,      
conacpe01, 1954,     1, CHI , NHL , L  , 18.0,  2.0,   4.0,   6.0,   2.0,      ,     ,     ,     ,     ,     ,    ,      ,       ,      ,      ,        ,        ,        ,        ,        ,        ,        ,        ,      
conacpe01, 1954,     2, NYR , NHL , L  , 52.0, 10.0,   7.0,  17.0,  10.0,      ,     ,     ,     ,     ,     ,    ,      ,       ,      ,      ,        ,        ,        ,        ,        ,        ,        ,        ,      
conacpe01, 1955,     1, NYR , NHL , L  , 41.0, 11.0,  11.0,  22.0,  10.0,      ,     ,     ,     ,     ,     ,    ,      ,    5.0,   0.0,   0.0,     0.0,     0.0,        ,        ,        ,        ,        ,        ,      
conacpe01, 1957,     1, TOR , NHL , L  ,  5.0,  0.0,   1.0,   1.0,   5.0,      ,     ,     ,     ,     ,     ,    ,      ,       ,      ,      ,        ,        ,        ,        ,        ,        ,        ,        ,      
conacro01, 1938,     1, BOS , NHL , L  , 47.0, 26.0,  11.0,  37.0,  12.0,      ,     ,     ,     ,     ,     ,    ,      ,   12.0,   6.0,   4.0,    10.0,    12.0,        ,        ,        ,        ,        ,        ,      
conacro01, 1939,     1, BOS , NHL , L  , 31.0, 18.0,  12.0,  30.0,   9.0,      ,     ,     ,     ,     ,     ,    ,      ,    6.0,   2.0,   1.0,     3.0,     0.0,        ,        ,        ,        ,        ,        ,      
conacro01, 1940,     1, BOS , NHL , L  , 41.0, 24.0,  14.0,  38.0,   7.0,      ,     ,     ,     ,     ,     ,    ,      ,   11.0,   1.0,   5.0,     6.0,     0.0,        ,        ,        ,        ,        ,        ,      
conacro01, 1941,     1, BOS , NHL , L  , 43.0, 24.0,  13.0,  37.0,  12.0,      ,     ,     ,     ,     ,     ,    ,      ,    5.0,   2.0,   1.0,     3.0,     0.0,        ,        ,        ,        ,        ,        ,      
conacro01, 1945,     1, BOS , NHL , L  ,  4.0,  2.0,   1.0,   3.0,   0.0,      ,     ,     ,     ,     ,     ,    ,      ,    3.0,   0.0,   0.0,     0.0,     0.0,        ,        ,        ,        ,        ,        ,      
conacro01, 1946,     1, DET , NHL , L  , 60.0, 30.0,  24.0,  54.0,   6.0,      ,     ,     ,     ,     ,     ,    ,      ,    5.0,   4.0,   4.0,     8.0,     2.0,        ,        ,        ,        ,        ,        ,      
conacro01, 1947,     1, CHI , NHL , L  , 52.0, 22.0,  27.0,  49.0,   4.0,      ,     ,     ,     ,     ,     ,    ,      ,       ,      ,      ,        ,        ,        ,        ,        ,        ,        ,        ,      
conacro01, 1948,     1, CHI , NHL , L  , 60.0, 26.0,  42.0,  68.0,   8.0,      ,     ,     ,     ,     ,     ,    ,      ,       ,      ,      ,        ,        ,        ,        ,        ,        ,        ,        ,      
conacro01, 1949,     1, CHI , NHL , L  , 70.0, 25.0,  31.0,  56.0,  16.0,      ,     ,     ,     ,     ,     ,    ,      ,       ,      ,      ,        ,        ,        ,        ,        ,        ,        ,        ,      
conacro01, 1950,     1, CHI , NHL , L  , 70.0, 26.0,  24.0,  50.0,  16.0,      ,     ,     ,     ,     ,     ,    ,      ,       ,      ,      ,        ,        ,        ,        ,        ,        ,        ,        ,      
conacro01, 1951,     1, CHI , NHL , L  , 12.0,  3.0,   1.0,   4.0,   0.0,      ,     ,     ,     ,     ,     ,    ,      ,       ,      ,      ,        ,        ,        ,        ,        ,        ,        ,        ,      
conboti01, 2007,     1, CAR , NHL , D  , 19.0,  0.0,   5.0,   5.0,  60.0, 1.0  ,  0.0,  0.0,  0.0,  0.0,  0.0,    ,  16.0,       ,      ,      ,        ,        ,        ,        ,        ,        ,        ,        ,      
conboti01, 2008,     1, CAR , NHL , R  , 28.0,  0.0,   1.0,   1.0,  37.0, -1.0 ,  0.0,  0.0,  0.0,  0.0,  0.0,    ,  13.0,    3.0,   0.0,   0.0,     0.0,     9.0, 0.0    ,     0.0,     0.0,     0.0,     0.0,     0.0,     0.0
conboti01, 2009,     1, CAR , NHL , D  , 12.0,  0.0,   0.0,   0.0,  24.0, -5.0 ,  0.0,  0.0,  0.0,  0.0,  0.0,    ,   5.0,       ,      ,      ,        ,        ,        ,        ,        ,        ,        ,        ,      
conklty01, 2001,     1, EDM , NHL , G  ,  4.0,  0.0,   0.0,   0.0,   0.0, 0.0  ,  0.0,  0.0,  0.0,  0.0,  0.0, 0.0,   0.0,       ,      ,      ,        ,        ,        ,        ,        ,        ,        ,        ,      
conklty01, 2003,     1, EDM , NHL , G  , 38.0,  0.0,   0.0,   0.0,  17.0, 0.0  ,  0.0,  0.0,  0.0,  0.0,  0.0, 0.0,   0.0,       ,      ,      ,        ,        ,        ,        ,        ,        ,        ,        ,      
conklty01, 2005,     1, EDM , NHL , G  , 18.0,  0.0,   0.0,   0.0,   2.0, 0.0  ,  0.0,  0.0,  0.0,  0.0,  0.0,    ,   0.0,    1.0,   0.0,   0.0,     0.0,     0.0, 0.0    ,     0.0,     0.0,     0.0,     0.0,     0.0,     0.0
conklty01, 2006,     1, CBS , NHL , G  , 11.0,  0.0,   0.0,   0.0,   0.0, 0.0  ,  0.0,  0.0,  0.0,  0.0,  0.0,    ,   0.0,       ,      ,      ,        ,        ,        ,        ,        ,        ,        ,        ,      
conklty01, 2006,     2, BUF , NHL , G  ,  5.0,  0.0,   0.0,   0.0,   2.0, 0.0  ,  0.0,  0.0,  0.0,  0.0,  0.0,    ,   0.0,       ,      ,      ,        ,        ,        ,        ,        ,        ,        ,        ,      
conklty01, 2007,     1, PIT , NHL , G  , 33.0,  0.0,   1.0,   1.0,   4.0, 0.0  ,  0.0,  1.0,  0.0,  0.0,  0.0,    ,   0.0,       ,      ,      ,        ,        ,        ,        ,        ,        ,        ,        ,      
conklty01, 2008,     1, DET , NHL , G  , 40.0,  0.0,   0.0,   0.0,   4.0, 0.0  ,  0.0,  0.0,  0.0,  0.0,  0.0,    ,   0.0,    1.0,   0.0,   0.0,     0.0,     0.0, 0.0    ,     0.0,     0.0,     0.0,     0.0,     0.0,     0.0
conklty01, 2009,     1, STL , NHL , G  , 26.0,  0.0,   1.0,   1.0,   4.0, 0.0  ,  0.0,  0.0,  0.0,  0.0,  0.0,    ,   0.0,       ,      ,      ,        ,        ,        ,        ,        ,        ,        ,        ,      
conneal01, 1924,     1, OTS , NHL , G  , 30.0,  0.0,   0.0,   0.0,   2.0,      ,     ,     ,     ,     ,     ,    ,      ,       ,      ,      ,        ,        ,        ,        ,        ,        ,        ,        ,      
conneal01, 1925,     1, OTS , NHL , G  , 36.0,  0.0,   0.0,   0.0,   0.0,      ,     ,     ,     ,     ,     ,    ,      ,    2.0,   0.0,   0.0,     0.0,     0.0,        ,        ,        ,        ,        ,        ,      
conneal01, 1926,     1, OTS , NHL , G  , 44.0,  0.0,   0.0,   0.0,   2.0,      ,     ,     ,     ,     ,     ,    ,      ,    6.0,   0.0,   0.0,     0.0,     0.0,        ,        ,        ,        ,        ,        ,      
conneal01, 1927,     1, OTS , NHL , G  , 44.0,  0.0,   0.0,   0.0,   0.0,      ,     ,     ,     ,     ,     ,    ,      ,    2.0,   0.0,   0.0,     0.0,     0.0,        ,        ,        ,        ,        ,        ,      
conneal01, 1928,     1, OTS , NHL , G  , 44.0,  0.0,   0.0,   0.0,   0.0,      ,     ,     ,     ,     ,     ,    ,      ,       ,      ,      ,        ,        ,        ,        ,        ,        ,        ,        ,      
conneal01, 1929,     1, OTS , NHL , G  , 44.0,  0.0,   0.0,   0.0,   0.0,      ,     ,     ,     ,     ,     ,    ,      ,    2.0,   0.0,   0.0,     0.0,     0.0,        ,        ,        ,        ,        ,        ,      
conneal01, 1930,     1, OTS , NHL , G  , 36.0,  0.0,   0.0,   0.0,   0.0,      ,     ,     ,     ,     ,     ,    ,      ,       ,      ,      ,        ,        ,        ,        ,        ,        ,        ,        ,      
conneal01, 1931,     1, DTF , NHL , G  , 48.0,  0.0,   0.0,   0.0,   0.0,      ,     ,     ,     ,     ,     ,    ,      ,    2.0,   0.0,   0.0,     0.0,     0.0,        ,        ,        ,        ,        ,        ,      
conneal01, 1932,     1, OTS , NHL , G  , 15.0,  0.0,   0.0,   0.0,   0.0,      ,     ,     ,     ,     ,     ,    ,      ,       ,      ,      ,        ,        ,        ,        ,        ,        ,        ,        ,      
conneal01, 1933,     1, NYA , NHL , G  ,  1.0,  0.0,   0.0,   0.0,   0.0,      ,     ,     ,     ,     ,     ,    ,      ,       ,      ,      ,        ,        ,        ,        ,        ,        ,        ,        ,      
conneal01, 1934,     1, MTM , NHL , G  , 48.0,  0.0,   0.0,   0.0,   0.0,      ,     ,     ,     ,     ,     ,    ,      ,    7.0,   0.0,   0.0,     0.0,     0.0,        ,        ,        ,        ,        ,        ,      
conneal01, 1936,     1, MTM , NHL , G  , 27.0,  0.0,   0.0,   0.0,   0.0,      ,     ,     ,     ,     ,     ,    ,      ,       ,      ,      ,        ,        ,        ,        ,        ,        ,        ,        ,      
connebe01, 1934,     1, NYR , NHL , C  , 47.0, 10.0,  11.0,  21.0,  23.0,      ,     ,     ,     ,     ,     ,    ,      ,    4.0,   1.0,   0.0,     1.0,     0.0,        ,        ,        ,        ,        ,        ,      
connebe01, 1935,     1, NYR , NHL , C  , 25.0,  2.0,   2.0,   4.0,  10.0,      ,     ,     ,     ,     ,     ,    ,      ,       ,      ,      ,        ,        ,        ,        ,        ,        ,        ,        ,      
connebe01, 1937,     1, CHI , NHL , L  , 15.0,  1.0,   2.0,   3.0,   4.0,      ,     ,     ,     ,     ,     ,    ,      ,   10.0,   0.0,   0.0,     0.0,     0.0,        ,        ,        ,        ,        ,        ,      
connech01, 2006,     1, DAL , NHL , R  , 11.0,  1.0,   2.0,   3.0,   4.0, -3.0 ,  0.0,  0.0,  0.0,  0.0,  0.0,    ,  18.0,       ,      ,      ,        ,        ,        ,        ,        ,        ,        ,        ,      
connech01, 2007,     1, DAL , NHL , R  , 22.0,  3.0,   2.0,   5.0,   6.0, 0.0  ,  0.0,  0.0,  0.0,  0.0,  0.0,    ,  27.0,    1.0,   0.0,   0.0,     0.0,     0.0, -1.0   ,     0.0,     0.0,     0.0,     0.0,     0.0,     0.0
connech01, 2008,     1, DAL , NHL , R  , 38.0,  3.0,  10.0,  13.0,  10.0, -5.0 ,  0.0,  1.0,  0.0,  0.0,  1.0,    ,  34.0,       ,      ,      ,        ,        ,        ,        ,        ,        ,        ,        ,      
connech01, 2009,     1, PIT , NHL , R  ,  8.0,  2.0,   1.0,   3.0,   0.0, -1.0 ,  0.0,  0.0,  0.0,  0.0,  1.0,    ,  11.0,    1.0,   0.0,   0.0,     0.0,     0.0, 0.0    ,     0.0,     0.0,     0.0,     0.0,     0.0,     0.0
connega01, 1973,     1, CHC , WHA , R  ,  4.0,  0.0,   1.0,   1.0,   2.0,      ,  0.0,     ,  0.0,     ,  0.0,    ,      ,       ,      ,      ,        ,        ,        ,        ,        ,        ,        ,        ,      
connewa01, 1960,     1, MTL , NHL , C  ,  3.0,  0.0,   0.0,   0.0,   0.0,      ,     ,     ,     ,     ,     ,    ,      ,       ,      ,      ,        ,        ,        ,        ,        ,        ,        ,        ,      
connewa01, 1961,     1, BOS , NHL , C  , 61.0,  8.0,  12.0,  20.0,  34.0,      ,     ,     ,     ,     ,     ,    ,      ,       ,      ,      ,        ,        ,        ,        ,        ,        ,        ,        ,      
connewa01, 1962,     1, BOS , NHL , C  , 18.0,  2.0,   6.0,   8.0,   2.0,      ,     ,     ,     ,     ,     ,    ,      ,       ,      ,      ,        ,        ,        ,        ,        ,        ,        ,        ,      
connewa01, 1963,     1, BOS , NHL , R  , 26.0,  2.0,   3.0,   5.0,  12.0,      ,  0.0,     ,  0.0,     ,  0.0, 0.0,      ,       ,      ,      ,        ,        ,        ,        ,        ,        ,        ,        ,      
connewa01, 1966,     1, BOS , NHL , C  , 64.0, 13.0,  17.0,  30.0,  12.0,      ,  1.0,     ,  0.0,     ,  1.0, 3.0,      ,       ,      ,      ,        ,        ,        ,        ,        ,        ,        ,        ,      
connewa01, 1967,     1, MNS , NHL , R  , 74.0, 35.0,  21.0,  56.0,  40.0, -32.0, 14.0,     ,  0.0,     ,  8.0, 3.0, 258.0,   14.0,   8.0,   3.0,    11.0,     2.0,        ,     3.0,        ,     0.0,        ,     0.0,      
connewa01, 1968,     1, MNS , NHL , R  , 55.0, 14.0,  16.0,  30.0,  11.0, -25.0,  4.0,     ,  0.0,     ,  1.0, 1.0, 193.0,       ,      ,      ,        ,        ,        ,        ,        ,        ,        ,        ,      
connewa01, 1968,     2, DET , NHL , R  , 19.0,  4.0,   9.0,  13.0,   0.0, -7.0 ,  1.0,     ,  0.0,     ,  0.0, 0.0,  58.0,       ,      ,      ,        ,        ,        ,        ,        ,        ,        ,        ,      
connewa01, 1969,     1, DET , NHL , R  , 76.0, 23.0,  36.0,  59.0,  10.0, 27.0 ,  5.0,     ,  0.0,     ,  5.0, 1.0, 242.0,    4.0,   1.0,   3.0,     4.0,     2.0,        ,     1.0,        ,     0.0,        ,     0.0,      
connewa01, 1970,     1, DET , NHL , R  , 51.0,  8.0,  13.0,  21.0,  12.0, -23.0,  1.0,     ,  0.0,     ,  2.0, 0.0, 115.0,       ,      ,      ,        ,        ,        ,        ,        ,        ,        ,        ,      
connewa01, 1970,     2, STL , NHL , R  , 28.0,  5.0,  16.0,  21.0,   9.0, -6.0 ,  3.0,     ,  0.0,     ,  0.0, 0.0, 102.0,    6.0,   2.0,   1.0,     3.0,     0.0,        ,     1.0,        ,     0.0,        ,     1.0,      
connewa01, 1971,     1, STL , NHL , R  , 15.0,  5.0,   5.0,  10.0,   2.0, -6.0 ,  2.0,     ,  0.0,     ,  0.0, 1.0,  48.0,       ,      ,      ,        ,        ,        ,        ,        ,        ,        ,        ,      
connewa01, 1971,     2, VAN , NHL , R  , 53.0, 14.0,  20.0,  34.0,  12.0, -15.0,  6.0,     ,  0.0,     ,  3.0, 0.0, 151.0,       ,      ,      ,        ,        ,        ,        ,        ,        ,        ,        ,      
connewa01, 1972,     1, MFS , WHA , R  , 78.0, 40.0,  30.0,  70.0,  16.0,      , 10.0,     ,  0.0,     ,  6.0,    ,      ,    5.0,   1.0,   3.0,     4.0,     0.0,        ,     0.0,        ,     0.0,        ,     0.0,      
connewa01, 1973,     1, MFS , WHA , R  , 78.0, 42.0,  53.0,  95.0,  16.0,      , 15.0,     ,  0.0,     ,  6.0,    ,      ,   11.0,   6.0,   7.0,    13.0,     4.0,        ,        ,        ,        ,        ,     0.0,      
connewa01, 1974,     1, MFS , WHA , R  , 76.0, 38.0,  33.0,  71.0,  16.0, 14.0 , 13.0,     ,  1.0,     ,  6.0,    , 260.0,   12.0,   8.0,   4.0,    12.0,    10.0,        ,        ,        ,        ,        ,     1.0,      
connewa01, 1975,     1, MFS , WHA , R  , 59.0, 24.0,  23.0,  47.0,  19.0, 9.0  ,  4.0,     ,  0.0,     ,  2.0,    , 203.0,       ,      ,      ,        ,        ,        ,        ,        ,        ,        ,        ,      
connewa01, 1975,     2, CLC , WHA , R  , 12.0,  5.0,   2.0,   7.0,   4.0, -1.0 ,  3.0,     ,  0.0,     ,  1.0,    ,  39.0,    3.0,   1.0,   0.0,     1.0,     2.0, -2.0   ,        ,        ,        ,        ,     0.0,      
connewa01, 1976,     1, CAC , WHA , R  , 25.0,  5.0,   6.0,  11.0,   4.0, -2.0 ,  1.0,     ,  0.0,     ,     ,    ,  51.0,       ,      ,      ,        ,        ,        ,        ,        ,        ,        ,        ,      
connewa01, 1976,     2, EDO , WHA , R  , 38.0, 13.0,  15.0,  28.0,  18.0, 0.0  ,  4.0,     ,  0.0,     ,     ,    , 111.0,    5.0,   0.0,   1.0,     1.0,     0.0, -4.0   ,     0.0,        ,     0.0,        ,     0.0,      
connobo01, 1926,     1, NYA , NHL , L  ,  6.0,  1.0,   0.0,   1.0,   0.0,      ,     ,     ,     ,     ,     ,    ,      ,       ,      ,      ,        ,        ,        ,        ,        ,        ,        ,        ,      
connobo01, 1928,     1, DTC , NHL , L  , 41.0, 13.0,   3.0,  16.0,  68.0,      ,     ,     ,     ,     ,     ,    ,      ,    2.0,   0.0,   0.0,     0.0,    10.0,        ,        ,        ,        ,        ,        ,      
connobo01, 1929,     1, DTC , NHL , L  , 31.0,  3.0,   7.0,  10.0,  42.0,      ,     ,     ,     ,     ,     ,    ,      ,       ,      ,      ,        ,        ,        ,        ,        ,        ,        ,        ,      
connoca01, 1974,     1, PHR , WHA , R  , 57.0,  9.0,  19.0,  28.0, 168.0, 20.0 ,  0.0,     ,  0.0,     ,     ,    ,  91.0,    5.0,   0.0,   0.0,     0.0,     0.0,        ,     0.0,        ,     0.0,        ,     0.0,      
connoca01, 1975,     1, PHR , WHA , L  , 73.0, 18.0,  21.0,  39.0, 295.0, 23.0 ,  1.0,     ,  0.0,     ,  0.0,    , 153.0,    5.0,   1.0,   0.0,     1.0,    21.0, 2.0    ,        ,        ,        ,        ,        ,      
connoca01, 1976,     1, HOU , WHA , L  , 76.0, 35.0,  32.0,  67.0, 224.0, 23.0 ,  6.0,     ,  1.0,     ,  6.0,    , 217.0,   11.0,   3.0,   4.0,     7.0,    47.0, -1.0   ,        ,        ,        ,        ,     0.0,      
connoca01, 1977,     1, HOU , WHA , L  , 68.0, 21.0,  16.0,  37.0, 217.0, 4.0  ,  0.0,     ,  0.0,     ,     ,    , 152.0,    2.0,   1.0,   0.0,     1.0,    22.0, 1.0    ,        ,        ,        ,        ,     0.0,      
connoca01, 1978,     1, MTL , NHL , C  , 23.0,  1.0,   3.0,   4.0,  39.0, 2.0  ,  0.0,     ,  0.0,     ,  0.0, 0.0,  12.0,    8.0,   1.0,   0.0,     1.0,     0.0,        ,     0.0,        ,     0.0,        ,     1.0,      
connoca01, 1979,     1, EDM , NHL , R  , 38.0,  7.0,  13.0,  20.0, 136.0, 2.0  ,  0.0,     ,  0.0,     ,  0.0, 0.0,  44.0,       ,      ,      ,        ,        ,        ,        ,        ,        ,        ,        ,      
connoca01, 1979,     2, NYR , NHL , R  , 12.0,  0.0,   3.0,   3.0,  37.0, 3.0  ,  0.0,     ,  0.0,     ,  0.0, 0.0,  10.0,    2.0,   0.0,   0.0,     0.0,     2.0,        ,     0.0,        ,     0.0,        ,     0.0,      
connoca01, 1980,     1, NYR , NHL , R  , 15.0,  1.0,   3.0,   4.0,  44.0, 6.0  ,  0.0,     ,  0.0,     ,  0.0, 0.0,  16.0,       ,      ,      ,        ,        ,        ,        ,        ,        ,        ,        ,      
connoca01, 1981,     1, NYR , NHL , R  ,     ,     ,      ,      ,      ,      ,     ,     ,     ,     ,     ,    ,      ,   10.0,   4.0,   0.0,     4.0,    16.0,        ,     1.0,        ,     0.0,        ,     1.0,      
connoca01, 1982,     1, NYR , NHL , R  ,  1.0,  0.0,   0.0,   0.0,   0.0, 0.0  ,  0.0,     ,  0.0,     ,  0.0, 0.0,   0.0,       ,      ,      ,        ,        ,        ,        ,        ,        ,        ,        ,      
connoha01, 1927,     1, BOS , NHL , L  , 42.0,  9.0,   1.0,  10.0,  36.0,      ,     ,     ,     ,     ,     ,    ,      ,    2.0,   0.0,   0.0,     0.0,     0.0,        ,        ,        ,        ,        ,        ,      
connoha01, 1928,     1, NYA , NHL , L  , 43.0,  6.0,   2.0,   8.0,  83.0,      ,     ,     ,     ,     ,     ,    ,      ,    2.0,   0.0,   0.0,     0.0,     2.0,        ,        ,        ,        ,        ,        ,      
connoha01, 1929,     1, OTS , NHL , L  , 25.0,  1.0,   2.0,   3.0,  22.0,      ,     ,     ,     ,     ,     ,    ,      ,       ,      ,      ,        ,        ,        ,        ,        ,        ,        ,        ,      
connoha01, 1929,     2, BOS , NHL , L  , 13.0,  0.0,   0.0,   0.0,   4.0,      ,     ,     ,     ,     ,     ,    ,      ,    6.0,   0.0,   0.0,     0.0,     0.0,        ,        ,        ,        ,        ,        ,      
connoha01, 1930,     1, OTS , NHL , L  , 11.0,  0.0,   0.0,   0.0,   4.0,      ,     ,     ,     ,     ,     ,    ,      ,       ,      ,      ,        ,        ,        ,        ,        ,        ,        ,        ,      
connojo01, 1925,     1, VMR , WCHL, C  , 15.0,  3.0,   2.0,   5.0,   2.0,      ,     ,     ,     ,     ,     ,    ,      ,       ,      ,      ,        ,        ,        ,        ,        ,        ,        ,        ,      
connoti01, 1999,     1, NYI , NHL , C  , 81.0, 14.0,  20.0,  34.0,  44.0, -25.0,  2.0,  4.0,  1.0,  0.0,  1.0, 1.0, 114.0,       ,      ,      ,        ,        ,        ,        ,        ,        ,        ,        ,      
connoti01, 2000,     1, NYI , NHL , C  , 82.0, 10.0,  31.0,  41.0,  42.0, -14.0,  5.0, 14.0,  0.0,  1.0,  0.0, 0.0, 171.0,       ,      ,      ,        ,        ,        ,        ,        ,        ,        ,        ,      
connoti01, 2001,     1, BUF , NHL , C  , 82.0, 10.0,  35.0,  45.0,  34.0, 4.0  ,  3.0, 14.0,  0.0,  0.0,  3.0, 0.0, 126.0,       ,      ,      ,        ,        ,        ,        ,        ,        ,        ,        ,      
connoti01, 2002,     1, BUF , NHL , C  , 80.0, 12.0,  13.0,  25.0,  32.0, -28.0,  6.0,  8.0,  0.0,  0.0,  2.0, 0.0, 159.0,       ,      ,      ,        ,        ,        ,        ,        ,        ,        ,        ,      
connoti01, 2005,     1, BUF , NHL , C  , 63.0, 16.0,  39.0,  55.0,  28.0, 5.0  ,  7.0, 16.0,  0.0,  3.0,  3.0,    ,  99.0,    8.0,   5.0,   6.0,    11.0,     0.0, 3.0    ,     1.0,     2.0,     1.0,     1.0,     1.0,    11.0
connoti01, 2006,     1, BUF , NHL , C  ,  2.0,  1.0,   0.0,   1.0,   2.0, 1.0  ,  0.0,  0.0,  0.0,  0.0,  0.0,    ,   2.0,   16.0,   0.0,   9.0,     9.0,     4.0, 6.0    ,     0.0,     3.0,     0.0,     0.0,     0.0,    25.0
connoti01, 2007,     1, BUF , NHL , C  , 48.0,  7.0,  33.0,  40.0,   8.0, 4.0  ,  3.0, 12.0,  1.0,  1.0,  3.0,    , 111.0,       ,      ,      ,        ,        ,        ,        ,        ,        ,        ,        ,      
connoti01, 2008,     1, BUF , NHL , C  , 48.0, 18.0,  29.0,  47.0,  22.0, 12.0 ,  5.0, 13.0,  1.0,  0.0,  5.0,    , 126.0,       ,      ,      ,        ,        ,        ,        ,        ,        ,        ,        ,      
connoti01, 2009,     1, BUF , NHL , C  , 73.0, 17.0,  48.0,  65.0,  28.0, 10.0 ,  7.0, 20.0,  1.0,  1.0,  5.0,    , 206.0,    6.0,   0.0,   1.0,     1.0,     2.0, -2.0   ,     0.0,     0.0,     0.0,     0.0,     0.0,    16.0
connre01 , 1933,     1, NYA , NHL , D  , 48.0,  4.0,  17.0,  21.0,  12.0,      ,     ,     ,     ,     ,     ,    ,      ,       ,      ,      ,        ,        ,        ,        ,        ,        ,        ,        ,      
connre01 , 1934,     1, NYA , NHL , D  , 48.0,  5.0,  11.0,  16.0,  10.0,      ,     ,     ,     ,     ,     ,    ,      ,       ,      ,      ,        ,        ,        ,        ,        ,        ,        ,        ,      
connro01 , 1991,     1, CHI , NHL , L  ,  2.0,  0.0,   0.0,   0.0,   2.0, 1.0  ,  0.0,  0.0,  0.0,  0.0,  0.0, 0.0,   3.0,       ,      ,      ,        ,        ,        ,        ,        ,        ,        ,        ,      
connro01 , 1995,     1, BUF , NHL , R  , 28.0,  2.0,   5.0,   7.0,  18.0, -9.0 ,  0.0,  0.0,  0.0,  0.0,  0.0, 0.0,  36.0,       ,      ,      ,        ,        ,        ,        ,        ,        ,        ,        ,      
conroal01, 1991,     1, PHI , NHL , C  , 31.0,  2.0,   9.0,  11.0,  74.0, 1.0  ,  0.0,  1.0,  0.0,  0.0,  0.0, 0.0,  25.0,       ,      ,      ,        ,        ,        ,        ,        ,        ,        ,        ,      
conroal01, 1992,     1, PHI , NHL , C  , 21.0,  3.0,   2.0,   5.0,  17.0, -1.0 ,  0.0,  0.0,  0.0,  0.0,  1.0, 0.0,  24.0,       ,      ,      ,        ,        ,        ,        ,        ,        ,        ,        ,      
conroal01, 1993,     1, PHI , NHL , L  , 62.0,  4.0,   3.0,   7.0,  65.0, -12.0,  0.0,  0.0,  1.0,  0.0,  0.0, 0.0,  40.0,       ,      ,      ,        ,        ,        ,        ,        ,        ,        ,        ,      
conrocr01, 1994,     1, MTL , NHL , C  ,  6.0,  1.0,   0.0,   1.0,   0.0, -1.0 ,  0.0,  0.0,  0.0,  0.0,  0.0, 0.0,   4.0,       ,      ,      ,        ,        ,        ,        ,        ,        ,        ,        ,      
conrocr01, 1995,     1, MTL , NHL , C  ,  7.0,  0.0,   0.0,   0.0,   2.0, -4.0 ,  0.0,  0.0,  0.0,  0.0,  0.0, 0.0,   1.0,       ,      ,      ,        ,        ,        ,        ,        ,        ,        ,        ,      
conrocr01, 1996,     1, STL , NHL , C  , 61.0,  6.0,  11.0,  17.0,  43.0, 0.0  ,  0.0,  0.0,  0.0,  2.0,  1.0, 0.0,  74.0,    6.0,   0.0,   0.0,     0.0,     8.0, -1.0   ,     0.0,     0.0,     0.0,     0.0,     0.0,     4.0
conrocr01, 1997,     1, STL , NHL , R  , 81.0, 14.0,  29.0,  43.0,  46.0, 20.0 ,  0.0,  1.0,  3.0,  1.0,  1.0, 0.0, 118.0,   10.0,   1.0,   2.0,     3.0,     8.0, -1.0   ,     0.0,     0.0,     0.0,     0.0,     1.0,    17.0
conrocr01, 1998,     1, STL , NHL , C  , 69.0, 14.0,  25.0,  39.0,  38.0, 14.0 ,  0.0,  0.0,  1.0,  2.0,  1.0, 0.0, 134.0,   13.0,   2.0,   1.0,     3.0,     6.0, -3.0   ,     0.0,     0.0,     0.0,     0.0,     0.0,    20.0
conrocr01, 1999,     1, STL , NHL , C  , 79.0, 12.0,  15.0,  27.0,  36.0, 5.0  ,  1.0,  0.0,  2.0,  2.0,  3.0, 0.0,  98.0,    7.0,   0.0,   2.0,     2.0,     2.0, 1.0    ,     0.0,     0.0,     0.0,     0.0,     0.0,     8.0
conrocr01, 2000,     1, STL , NHL , C  , 69.0, 11.0,  14.0,  25.0,  46.0, 2.0  ,  0.0,  1.0,  3.0,  0.0,  2.0, 0.0, 101.0,       ,      ,      ,        ,        ,        ,        ,        ,        ,        ,        ,      
conrocr01, 2000,     2, CAL , NHL , C  , 14.0,  3.0,   4.0,   7.0,  14.0, 0.0  ,  0.0,  2.0,  1.0,  0.0,  0.0, 0.0,  32.0,       ,      ,      ,        ,        ,        ,        ,        ,        ,        ,        ,      
conrocr01, 2001,     1, CAL , NHL , C  , 81.0, 27.0,  48.0,  75.0,  32.0, 24.0 ,  7.0, 17.0,  2.0,  1.0,  4.0, 1.0, 146.0,       ,      ,      ,        ,        ,        ,        ,        ,        ,        ,        ,      
conrocr01, 2002,     1, CAL , NHL , C  , 79.0, 22.0,  37.0,  59.0,  36.0, -4.0 ,  5.0, 13.0,  0.0,  1.0,  2.0, 0.0, 143.0,       ,      ,      ,        ,        ,        ,        ,        ,        ,        ,        ,      
conrocr01, 2003,     1, CAL , NHL , C  , 63.0,  8.0,  39.0,  47.0,  44.0, 13.0 ,  2.0, 12.0,  0.0,  4.0,  0.0, 0.0, 112.0,   26.0,   6.0,  11.0,    17.0,    12.0, 12.0   ,     2.0,     2.0,     0.0,     0.0,     1.0,    49.0
conrocr01, 2005,     1, LAK , NHL , C  , 78.0, 22.0,  44.0,  66.0,  78.0, 13.0 ,  5.0, 16.0,  3.0,  3.0,  3.0,    , 154.0,       ,      ,      ,        ,        ,        ,        ,        ,        ,        ,        ,      
conrocr01, 2006,     1, LAK , NHL , C  , 52.0,  5.0,  11.0,  16.0,  38.0, -13.0,  4.0,  3.0,  0.0,  0.0,  2.0,    ,  73.0,       ,      ,      ,        ,        ,        ,        ,        ,        ,        ,        ,      
conrocr01, 2006,     2, CAL , NHL , C  , 28.0,  8.0,  13.0,  21.0,  18.0, 10.0 ,  0.0,  2.0,  1.0,  1.0,  0.0,    ,  39.0,    6.0,   1.0,   1.0,     2.0,     8.0, -1.0   ,     0.0,     0.0,     0.0,     1.0,     0.0,    11.0
conrocr01, 2007,     1, CAL , NHL , C  , 79.0, 12.0,  22.0,  34.0,  71.0, 6.0  ,  1.0,  3.0,  0.0,  0.0,  4.0,    , 116.0,    7.0,   0.0,   2.0,     2.0,     8.0, 0.0    ,     0.0,     0.0,     0.0,     0.0,     0.0,    12.0
conrocr01, 2008,     1, CAL , NHL , C  , 82.0, 12.0,  36.0,  48.0,  28.0, 20.0 ,  0.0,  0.0,  1.0,  1.0,  1.0,    , 104.0,    6.0,   0.0,   1.0,     1.0,     0.0, -2.0   ,     0.0,     0.0,     0.0,     0.0,     0.0,     5.0
conrocr01, 2009,     1, CAL , NHL , C  , 63.0,  3.0,  12.0,  15.0,  25.0, -6.0 ,  0.0,  0.0,  0.0,  0.0,  1.0,    ,  52.0,       ,      ,      ,        ,        ,        ,        ,        ,        ,        ,        ,      
conromi01, 1975,     1, CLC , WHA , L  ,  4.0,  0.0,   1.0,   1.0,   0.0, 0.0  ,  0.0,     ,  0.0,     ,  0.0,    ,   0.0,       ,      ,      ,        ,        ,        ,        ,        ,        ,        ,        ,      
constch01, 1974,     1, QUN , WHA , L  , 20.0,  2.0,   4.0,   6.0,   9.0, 0.0  ,  0.0,     ,  0.0,     ,     ,    ,  14.0,       ,      ,      ,        ,        ,        ,        ,        ,        ,        ,        ,      
constch01, 1975,     1, QUN , WHA , L  , 41.0,  8.0,   7.0,  15.0,  77.0, -1.0 ,  0.0,     ,  1.0,     ,  2.0,    ,  60.0,    5.0,   0.0,   1.0,     1.0,     4.0, -4.0   ,        ,        ,        ,        ,        ,      
constch01, 1976,     1, QUN , WHA , L  , 77.0, 14.0,  19.0,  33.0,  93.0, 1.0  ,  1.0,     ,  0.0,     ,     ,    , 117.0,   15.0,   0.0,   1.0,     1.0,    15.0, 4.0    ,     0.0,        ,     0.0,        ,     0.0,      
constch01, 1977,     1, QUN , WHA , L  , 48.0,  2.0,   4.0,   6.0,  50.0, -3.0 ,  0.0,     ,  0.0,     ,     ,    ,  42.0,       ,      ,      ,        ,        ,        ,        ,        ,        ,        ,        ,      
constch01, 1977,     2, IND , WHA , L  ,  6.0,  2.0,   1.0,   3.0,   0.0, 1.0  ,  2.0,     ,  0.0,     ,     ,    ,   7.0,       ,      ,      ,        ,        ,        ,        ,        ,        ,        ,        ,      
contijo01, 1977,     1, COR , NHL , C  , 37.0, 12.0,   9.0,  21.0,  28.0, -2.0 ,  3.0,     ,  0.0,     ,  0.0, 0.0,  49.0,    2.0,   0.0,   0.0,     0.0,     0.0,        ,     0.0,        ,     0.0,        ,     0.0,      
contijo01, 1978,     1, COR , NHL , C  , 30.0,  5.0,  12.0,  17.0,   6.0, -19.0,  2.0,     ,  0.0,     ,  1.0, 0.0,  26.0,       ,      ,      ,        ,        ,        ,        ,        ,        ,        ,        ,      
contijo01, 1980,     1, MNS , NHL , C  ,  1.0,  0.0,   0.0,   0.0,   0.0, 0.0  ,  0.0,     ,  0.0,     ,  0.0, 0.0,   0.0,       ,      ,      ,        ,        ,        ,        ,        ,        ,        ,        ,      
convebr01, 1995,     1, TOR , NHL , C  , 11.0,  5.0,   2.0,   7.0,   4.0, -7.0 ,  3.0,  0.0,  0.0,  0.0,  1.0, 0.0,  16.0,    5.0,   0.0,   0.0,     0.0,     2.0, 0.0    ,     0.0,     0.0,     0.0,     0.0,     0.0,     4.0
convebr01, 1996,     1, TOR , NHL , R  , 39.0,  2.0,   8.0,  10.0,  20.0, -9.0 ,  0.0,  2.0,  0.0,  1.0,  0.0, 0.0,  41.0,       ,      ,      ,        ,        ,        ,        ,        ,        ,        ,        ,      
convebr01, 1997,     1, VAN , NHL , C  ,  7.0,  0.0,   2.0,   2.0,   0.0, 0.0  ,  0.0,  1.0,  0.0,  0.0,  0.0, 0.0,   2.0,       ,      ,      ,        ,        ,        ,        ,        ,        ,        ,        ,      
convebr01, 1998,     1, VAN , NHL , C  , 12.0,  2.0,   7.0,   9.0,   8.0, 5.0  ,  0.0,  3.0,  0.0,  0.0,  1.0, 0.0,  12.0,       ,      ,      ,        ,        ,        ,        ,        ,        ,        ,        ,      
convebr01, 1998,     2, LAK , NHL , C  ,  3.0,  0.0,   0.0,   0.0,   4.0, -1.0 ,  0.0,  0.0,  0.0,  0.0,  0.0, 0.0,   2.0,       ,      ,      ,        ,        ,        ,        ,        ,        ,        ,        ,      
conveed01, 1930,     1, NYA , NHL , C  ,  2.0,  0.0,   0.0,   0.0,   0.0,      ,     ,     ,     ,     ,     ,    ,      ,       ,      ,      ,        ,        ,        ,        ,        ,        ,        ,        ,      
conveed01, 1931,     1, NYA , NHL , C  , 21.0,  1.0,   0.0,   1.0,  21.0,      ,     ,     ,     ,     ,     ,    ,      ,       ,      ,      ,        ,        ,        ,        ,        ,        ,        ,        ,      
conveed01, 1932,     1, NYA , NHL , F  , 13.0,  0.0,   1.0,   1.0,  12.0,      ,     ,     ,     ,     ,     ,    ,      ,       ,      ,      ,        ,        ,        ,        ,        ,        ,        ,        ,      
cookbi01 , 1922,     1, SAC , WCHL, R  , 30.0,  9.0,  16.0,  25.0,  19.0,      ,     ,     ,     ,     ,     ,    ,      ,       ,      ,      ,        ,        ,        ,        ,        ,        ,        ,        ,      
cookbi01 , 1923,     1, SAC , WCHL, R  , 30.0, 26.0,  14.0,  40.0,  20.0,      ,     ,     ,     ,     ,     ,    ,      ,       ,      ,      ,        ,        ,        ,        ,        ,        ,        ,        ,      
cookbi01 , 1924,     1, SAS , WCHL, R  , 27.0, 21.0,  13.0,  34.0,  79.0,      ,     ,     ,     ,     ,     ,    ,      ,    2.0,   0.0,   0.0,     0.0,     2.0,        ,        ,        ,        ,        ,        ,      
cookbi01 , 1925,     1, SAS , WCHL, R  , 30.0, 31.0,  13.0,  44.0,  22.0,      ,     ,     ,     ,     ,     ,    ,      ,    2.0,   2.0,   0.0,     2.0,    16.0,        ,        ,        ,        ,        ,        ,      
cookbi01 , 1926,     1, NYR , NHL , R  , 44.0, 33.0,   4.0,  37.0,  58.0,      ,     ,     ,     ,     ,     ,    ,      ,    2.0,   1.0,   0.0,     1.0,     6.0,        ,        ,        ,        ,        ,        ,      
cookbi01 , 1927,     1, NYR , NHL , R  , 43.0, 18.0,   6.0,  24.0,  42.0,      ,     ,     ,     ,     ,     ,    ,      ,    9.0,   2.0,   3.0,     5.0,    26.0,        ,        ,        ,        ,        ,        ,      
cookbi01 , 1928,     1, NYR , NHL , R  , 43.0, 15.0,   8.0,  23.0,  41.0,      ,     ,     ,     ,     ,     ,    ,      ,    6.0,   0.0,   0.0,     0.0,     6.0,        ,        ,        ,        ,        ,        ,      
cookbi01 , 1929,     1, NYR , NHL , R  , 44.0, 29.0,  30.0,  59.0,  56.0,      ,     ,     ,     ,     ,     ,    ,      ,    4.0,   0.0,   1.0,     1.0,    11.0,        ,        ,        ,        ,        ,        ,      
cookbi01 , 1930,     1, NYR , NHL , R  , 43.0, 30.0,  12.0,  42.0,  39.0,      ,     ,     ,     ,     ,     ,    ,      ,    4.0,   3.0,   0.0,     3.0,     4.0,        ,        ,        ,        ,        ,        ,      
cookbi01 , 1931,     1, NYR , NHL , R  , 48.0, 33.0,  14.0,  47.0,  33.0,      ,     ,     ,     ,     ,     ,    ,      ,    7.0,   3.0,   3.0,     6.0,     2.0,        ,        ,        ,        ,        ,        ,      
cookbi01 , 1932,     1, NYR , NHL , R  , 48.0, 28.0,  22.0,  50.0,  51.0,      ,     ,     ,     ,     ,     ,    ,      ,    8.0,   3.0,   2.0,     5.0,     4.0,        ,        ,        ,        ,        ,        ,      
cookbi01 , 1933,     1, NYR , NHL , R  , 48.0, 13.0,  13.0,  26.0,  21.0,      ,     ,     ,     ,     ,     ,    ,      ,    2.0,   0.0,   0.0,     0.0,     2.0,        ,        ,        ,        ,        ,        ,      
cookbi01 , 1934,     1, NYR , NHL , R  , 48.0, 21.0,  15.0,  36.0,  23.0,      ,     ,     ,     ,     ,     ,    ,      ,    4.0,   1.0,   2.0,     3.0,     7.0,        ,        ,        ,        ,        ,        ,      
cookbi01 , 1935,     1, NYR , NHL , R  , 44.0,  7.0,  10.0,  17.0,  16.0,      ,     ,     ,     ,     ,     ,    ,      ,       ,      ,      ,        ,        ,        ,        ,        ,        ,        ,        ,      
cookbi01 , 1936,     1, NYR , NHL , R  , 21.0,  1.0,   4.0,   5.0,   6.0,      ,     ,     ,     ,     ,     ,    ,      ,       ,      ,      ,        ,        ,        ,        ,        ,        ,        ,        ,      
cookbo01 , 1970,     1, VAN , NHL , R  ,  2.0,  0.0,   0.0,   0.0,   0.0, 0.0  ,  0.0,     ,  0.0,     ,  0.0, 0.0,   2.0,       ,      ,      ,        ,        ,        ,        ,        ,        ,        ,        ,      
cookbo01 , 1972,     1, DET , NHL , R  , 13.0,  3.0,   1.0,   4.0,   4.0, -11.0,  1.0,     ,  0.0,     ,  0.0, 0.0,  23.0,       ,      ,      ,        ,        ,        ,        ,        ,        ,        ,        ,      
cookbo01 , 1972,     2, NYI , NHL , R  , 33.0,  8.0,   6.0,  14.0,  14.0, -9.0 ,  1.0,     ,  0.0,     ,  0.0, 0.0,  83.0,       ,      ,      ,        ,        ,        ,        ,        ,        ,        ,        ,      
cookbo01 , 1973,     1, NYI , NHL , R  , 22.0,  2.0,   1.0,   3.0,   4.0, 3.0  ,  0.0,     ,  0.0,     ,  0.0, 0.0,  20.0,       ,      ,      ,        ,        ,        ,        ,        ,        ,        ,        ,      
cookbo01 , 1974,     1, MNS , NHL , R  ,  2.0,  0.0,   1.0,   1.0,   0.0, -1.0 ,  0.0,     ,  0.0,     ,  0.0, 0.0,   9.0,       ,      ,      ,        ,        ,        ,        ,        ,        ,        ,        ,      
cookbu01 , 1924,     1, SAS , WCHL, L  , 28.0, 18.0,   4.0,  22.0,  44.0,      ,     ,     ,     ,     ,     ,    ,      ,    2.0,   0.0,   0.0,     0.0,     2.0,        ,        ,        ,        ,        ,        ,      
cookbu01 , 1925,     1, SAS , WCHL, L  , 30.0,  9.0,   4.0,  13.0,  22.0,      ,     ,     ,     ,     ,     ,    ,      ,    2.0,   0.0,   0.0,     0.0,    12.0,        ,        ,        ,        ,        ,        ,      
cookbu01 , 1926,     1, NYR , NHL , L  , 44.0, 14.0,   9.0,  23.0,  42.0,      ,     ,     ,     ,     ,     ,    ,      ,    2.0,   0.0,   0.0,     0.0,     6.0,        ,        ,        ,        ,        ,        ,      
cookbu01 , 1927,     1, NYR , NHL , L  , 44.0, 14.0,  14.0,  28.0,  45.0,      ,     ,     ,     ,     ,     ,    ,      ,    9.0,   2.0,   1.0,     3.0,    10.0,        ,        ,        ,        ,        ,        ,      
cookbu01 , 1928,     1, NYR , NHL , L  , 43.0, 13.0,   5.0,  18.0,  70.0,      ,     ,     ,     ,     ,     ,    ,      ,    6.0,   1.0,   0.0,     1.0,    12.0,        ,        ,        ,        ,        ,        ,      
cookbu01 , 1929,     1, NYR , NHL , L  , 43.0, 24.0,  18.0,  42.0,  55.0,      ,     ,     ,     ,     ,     ,    ,      ,    4.0,   2.0,   0.0,     2.0,     2.0,        ,        ,        ,        ,        ,        ,      
cookbu01 , 1930,     1, NYR , NHL , L  , 44.0, 18.0,  17.0,  35.0,  72.0,      ,     ,     ,     ,     ,     ,    ,      ,    4.0,   0.0,   0.0,     0.0,     2.0,        ,        ,        ,        ,        ,        ,      
cookbu01 , 1931,     1, NYR , NHL , L  , 45.0, 14.0,  20.0,  34.0,  43.0,      ,     ,     ,     ,     ,     ,    ,      ,    7.0,   6.0,   2.0,     8.0,    12.0,        ,        ,        ,        ,        ,        ,      
cookbu01 , 1932,     1, NYR , NHL , L  , 48.0, 22.0,  15.0,  37.0,  35.0,      ,     ,     ,     ,     ,     ,    ,      ,    8.0,   2.0,   0.0,     2.0,     4.0,        ,        ,        ,        ,        ,        ,      
cookbu01 , 1933,     1, NYR , NHL , L  , 48.0, 18.0,  15.0,  33.0,  36.0,      ,     ,     ,     ,     ,     ,    ,      ,    2.0,   0.0,   0.0,     0.0,     2.0,        ,        ,        ,        ,        ,        ,      
cookbu01 , 1934,     1, NYR , NHL , R  , 48.0, 13.0,  21.0,  34.0,  26.0,      ,     ,     ,     ,     ,     ,    ,      ,    4.0,   2.0,   0.0,     2.0,     0.0,        ,        ,        ,        ,        ,        ,      
cookbu01 , 1935,     1, NYR , NHL , L  , 26.0,  4.0,   5.0,   9.0,  12.0,      ,     ,     ,     ,     ,     ,    ,      ,       ,      ,      ,        ,        ,        ,        ,        ,        ,        ,        ,      
cookbu01 , 1936,     1, BOS , NHL , L  , 40.0,  4.0,   5.0,   9.0,   8.0,      ,     ,     ,     ,     ,     ,    ,      ,       ,      ,      ,        ,        ,        ,        ,        ,        ,        ,        ,      
cookbu02 , 1931,     1, BOS , NHL , C  , 28.0,  4.0,   4.0,   8.0,  14.0,      ,     ,     ,     ,     ,     ,    ,      ,       ,      ,      ,        ,        ,        ,        ,        ,        ,        ,        ,      
cookbu02 , 1933,     1, OTS , NHL , C  , 18.0,  1.0,   0.0,   1.0,   8.0,      ,     ,     ,     ,     ,     ,    ,      ,       ,      ,      ,        ,        ,        ,        ,        ,        ,        ,        ,      
cookbu02 , 1934,     1, STE , NHL , C  ,  4.0,  0.0,   0.0,   0.0,   0.0,      ,     ,     ,     ,     ,     ,    ,      ,       ,      ,      ,        ,        ,        ,        ,        ,        ,        ,        ,      
cookema01, 1998,     1, VAN , NHL , L  , 30.0,  0.0,   2.0,   2.0,  27.0, -12.0,  0.0,  0.0,  0.0,  0.0,  0.0, 0.0,  22.0,       ,      ,      ,        ,        ,        ,        ,        ,        ,        ,        ,      
cookema01, 1999,     1, VAN , NHL , L  , 51.0,  5.0,   7.0,  12.0,  39.0, 3.0  ,  0.0,  0.0,  1.0,  0.0,  1.0, 0.0,  58.0,       ,      ,      ,        ,        ,        ,        ,        ,        ,        ,        ,      
cookema01, 2000,     1, VAN , NHL , R  , 81.0, 14.0,  13.0,  27.0,  94.0, 5.0  ,  0.0,  0.0,  2.0,  0.0,  0.0, 0.0, 121.0,    4.0,   0.0,   0.0,     0.0,     4.0, -3.0   ,     0.0,     0.0,     0.0,     0.0,     0.0,     1.0
cookema01, 2001,     1, VAN , NHL , L  , 82.0, 13.0,  20.0,  33.0, 111.0, 4.0  ,  1.0,  0.0,  0.0,  1.0,  2.0, 0.0, 103.0,    6.0,   3.0,   2.0,     5.0,     0.0, 3.0    ,     1.0,     0.0,     0.0,     0.0,     0.0,    11.0
cookema01, 2002,     1, VAN , NHL , L  , 82.0, 15.0,  27.0,  42.0,  82.0, 21.0 ,  1.0,  1.0,  4.0,  1.0,  0.0, 0.0, 118.0,   14.0,   2.0,   1.0,     3.0,    12.0, 3.0    ,     0.0,     0.0,     0.0,     0.0,     0.0,    15.0
cookema01, 2003,     1, VAN , NHL , L  , 53.0, 11.0,  12.0,  23.0,  73.0, 5.0  ,  1.0,  1.0,  1.0,  1.0,  4.0, 0.0,  79.0,    7.0,   3.0,   1.0,     4.0,    12.0, 3.0    ,     0.0,     0.0,     0.0,     0.0,     1.0,    15.0
cookema01, 2005,     1, VAN , NHL , L  , 45.0,  8.0,  10.0,  18.0,  71.0, -8.0 ,  0.0,  1.0,  0.0,  0.0,  2.0,    ,  67.0,       ,      ,      ,        ,        ,        ,        ,        ,        ,        ,        ,      
cookema01, 2006,     1, VAN , NHL , L  , 81.0, 10.0,  20.0,  30.0,  64.0, 0.0  ,  1.0,  3.0,  0.0,  2.0,  3.0,    , 133.0,    1.0,   0.0,   0.0,     0.0,     2.0, 0.0    ,     0.0,     0.0,     0.0,     0.0,     0.0,     1.0
cookema01, 2007,     1, VAN , NHL , L  , 61.0,  7.0,   9.0,  16.0,  64.0, -4.0 ,  0.0,  1.0,  0.0,  0.0,  1.0,    ,  68.0,       ,      ,      ,        ,        ,        ,        ,        ,        ,        ,        ,      
cookema01, 2007,     2, WAS , NHL , L  , 17.0,  3.0,   4.0,   7.0,  27.0, 5.0  ,  0.0,  1.0,  1.0,  0.0,  0.0,    ,  18.0,    7.0,   0.0,   0.0,     0.0,     4.0, -1.0   ,     0.0,     0.0,     0.0,     0.0,     0.0,     8.0
cookema01, 2008,     1, PIT , NHL , L  , 76.0, 13.0,  18.0,  31.0, 101.0, 0.0  ,  0.0,  1.0,  0.0,  0.0,  1.0,    ,  86.0,   24.0,   1.0,   6.0,     7.0,    22.0, -2.0   ,     0.0,     0.0,     0.0,     0.0,     0.0,    31.0
cookema01, 2009,     1, PIT , NHL , L  , 79.0, 15.0,  15.0,  30.0, 106.0, 17.0 ,  2.0,  1.0,  0.0,  1.0,  1.0,    , 105.0,   13.0,   4.0,   2.0,     6.0,    22.0, -4.0   ,     0.0,     1.0,     0.0,     0.0,     0.0,    18.0
cookle01 , 1916,     1, SPO , PCHA, C  , 20.0,  9.0,   2.0,  11.0,  18.0,      ,     ,     ,     ,     ,     ,    ,      ,       ,      ,      ,        ,        ,        ,        ,        ,        ,        ,        ,      
cookle01 , 1917,     1, VML , PCHA, C  ,  2.0,  0.0,   0.0,   0.0,   0.0,      ,     ,     ,     ,     ,     ,    ,      ,    1.0,   0.0,   0.0,     0.0,     6.0,        ,        ,        ,        ,        ,        ,      
cookle01 , 1921,     1, REG , WCHL, C  ,  5.0,  0.0,   2.0,   2.0,   0.0,      ,     ,     ,     ,     ,     ,    ,      ,       ,      ,      ,        ,        ,        ,        ,        ,        ,        ,        ,      
cookle01 , 1921,     2, SMJ , WCHL, C  , 18.0,  5.0,   2.0,   7.0,   2.0,      ,     ,     ,     ,     ,     ,    ,      ,       ,      ,      ,        ,        ,        ,        ,        ,        ,        ,        ,      
cookle01 , 1922,     1, EDE , WCHL, C  ,  2.0,  0.0,   0.0,   0.0,   0.0,      ,     ,     ,     ,     ,     ,    ,      ,       ,      ,      ,        ,        ,        ,        ,        ,        ,        ,        ,      
cookll01 , 1914,     1, VML , PCHA, D  , 17.0, 11.0,   6.0,  17.0,  15.0,      ,     ,     ,     ,     ,     ,    ,      ,       ,      ,      ,        ,        ,        ,        ,        ,        ,        ,        ,      
cookll01 , 1915,     1, VML , PCHA, D  , 18.0, 18.0,   3.0,  21.0,  24.0,      ,     ,     ,     ,     ,     ,    ,      ,       ,      ,      ,        ,        ,        ,        ,        ,        ,        ,        ,      
cookll01 , 1916,     1, SPO , PCHA, D  , 22.0, 13.0,   9.0,  22.0,  32.0,      ,     ,     ,     ,     ,     ,    ,      ,       ,      ,      ,        ,        ,        ,        ,        ,        ,        ,        ,      
cookll01 , 1917,     1, VML , PCHA, D  , 18.0,  6.0,   3.0,   9.0,  11.0,      ,     ,     ,     ,     ,     ,    ,      ,    2.0,   0.0,   0.0,     0.0,     0.0,        ,        ,        ,        ,        ,        ,      
cookll01 , 1918,     1, VML , PCHA, D  , 20.0,  8.0,   5.0,  13.0,  22.0,      ,     ,     ,     ,     ,     ,    ,      ,    2.0,   1.0,   0.0,     1.0,     0.0,        ,        ,        ,        ,        ,        ,      
cookll01 , 1919,     1, VML , PCHA, D  , 21.0, 10.0,   4.0,  14.0,  15.0,      ,     ,     ,     ,     ,     ,    ,      ,    2.0,   1.0,   0.0,     1.0,     0.0,        ,        ,        ,        ,        ,        ,      
cookll01 , 1920,     1, VML , PCHA, D  , 24.0, 12.0,   9.0,  21.0,  18.0,      ,     ,     ,     ,     ,     ,    ,      ,    2.0,   1.0,   1.0,     2.0,     0.0,        ,        ,        ,        ,        ,        ,      
cookll01 , 1921,     1, VML , PCHA, D  , 24.0,  2.0,   3.0,   5.0,   9.0,      ,     ,     ,     ,     ,     ,    ,      ,    4.0,   2.0,   0.0,     2.0,     2.0,        ,        ,        ,        ,        ,        ,      
cookll01 , 1922,     1, VAM , PCHA, D  , 30.0, 19.0,  10.0,  29.0,  31.0,      ,     ,     ,     ,     ,     ,    ,      ,    2.0,   0.0,   0.0,     0.0,     6.0,        ,        ,        ,        ,        ,        ,      
cookll01 , 1923,     1, VAM , PCHA, D  , 29.0,  7.0,   5.0,  12.0,  20.0,      ,     ,     ,     ,     ,     ,    ,      ,    5.0,   2.0,   2.0,     4.0,     2.0,        ,        ,        ,        ,        ,        ,      
cookll01 , 1924,     1, BOS , NHL , D  ,  4.0,  1.0,   0.0,   1.0,   0.0,      ,     ,     ,     ,     ,     ,    ,      ,       ,      ,      ,        ,        ,        ,        ,        ,        ,        ,        ,      
cookto01 , 1929,     1, CHI , NHL , C  , 41.0, 14.0,  16.0,  30.0,  16.0,      ,     ,     ,     ,     ,     ,    ,      ,    2.0,   0.0,   1.0,     1.0,     4.0,        ,        ,        ,        ,        ,        ,      
cookto01 , 1930,     1, CHI , NHL , C  , 44.0, 15.0,  14.0,  29.0,  34.0,      ,     ,     ,     ,     ,     ,    ,      ,    9.0,   1.0,   3.0,     4.0,    11.0,        ,        ,        ,        ,        ,        ,      
cookto01 , 1931,     1, CHI , NHL , C  , 48.0, 12.0,  13.0,  25.0,  36.0,      ,     ,     ,     ,     ,     ,    ,      ,    2.0,   0.0,   0.0,     0.0,     2.0,        ,        ,        ,        ,        ,        ,      
cookto01 , 1932,     1, CHI , NHL , C  , 48.0, 12.0,  14.0,  26.0,  30.0,      ,     ,     ,     ,     ,     ,    ,      ,       ,      ,      ,        ,        ,        ,        ,        ,        ,        ,        ,      
cookto01 , 1933,     1, CHI , NHL , C  , 37.0,  5.0,   9.0,  14.0,  15.0,      ,     ,     ,     ,     ,     ,    ,      ,    8.0,   1.0,   0.0,     1.0,     0.0,        ,        ,        ,        ,        ,        ,      
cookto01 , 1934,     1, CHI , NHL , C  , 48.0, 13.0,  18.0,  31.0,  33.0,      ,     ,     ,     ,     ,     ,    ,      ,    2.0,   0.0,   0.0,     0.0,     2.0,        ,        ,        ,        ,        ,        ,      
cookto01 , 1935,     1, CHI , NHL , C  , 47.0,  4.0,   8.0,  12.0,  20.0,      ,     ,     ,     ,     ,     ,    ,      ,    1.0,   0.0,   0.0,     0.0,     0.0,        ,        ,        ,        ,        ,        ,      
cookto01 , 1936,     1, CHI , NHL , C  , 15.0,  0.0,   2.0,   2.0,   0.0,      ,     ,     ,     ,     ,     ,    ,      ,       ,      ,      ,        ,        ,        ,        ,        ,        ,        ,        ,      
cookto01 , 1937,     1, MTM , NHL , C  , 21.0,  2.0,   4.0,   6.0,   0.0,      ,     ,     ,     ,     ,     ,    ,      ,       ,      ,      ,        ,        ,        ,        ,        ,        ,        ,        ,      
coolega01, 1975,     1, NEW , WHA , G  ,     ,     ,      ,      ,      ,      ,     ,     ,     ,     ,     ,    ,      ,    1.0,   0.0,   0.0,     0.0,     0.0, 0.0    ,        ,        ,        ,        ,        ,      
coopeca01, 1924,     1, BOS , NHL , R  , 12.0,  5.0,   3.0,   8.0,   4.0,      ,     ,     ,     ,     ,     ,    ,      ,       ,      ,      ,        ,        ,        ,        ,        ,        ,        ,        ,      
coopeca01, 1925,     1, BOS , NHL , R  , 36.0, 28.0,   3.0,  31.0,  10.0,      ,     ,     ,     ,     ,     ,    ,      ,       ,      ,      ,        ,        ,        ,        ,        ,        ,        ,        ,      
coopeca01, 1926,     1, BOS , NHL , R  , 10.0,  4.0,   0.0,   4.0,   0.0,      ,     ,     ,     ,     ,     ,    ,      ,       ,      ,      ,        ,        ,        ,        ,        ,        ,        ,        ,      
coopeca01, 1926,     2, MTL , NHL , R  , 14.0,  5.0,   3.0,   8.0,  16.0,      ,     ,     ,     ,     ,     ,    ,      ,    3.0,   0.0,   0.0,     0.0,     0.0,        ,        ,        ,        ,        ,        ,      
coopeca01, 1927,     1, DTC , NHL , R  , 43.0, 15.0,   2.0,  17.0,  32.0,      ,     ,     ,     ,     ,     ,    ,      ,       ,      ,      ,        ,        ,        ,        ,        ,        ,        ,        ,      
coopeca01, 1928,     1, DTC , NHL , R  , 43.0, 18.0,   9.0,  27.0,  14.0,      ,     ,     ,     ,     ,     ,    ,      ,    2.0,   0.0,   0.0,     0.0,     2.0,        ,        ,        ,        ,        ,        ,      
coopeca01, 1929,     1, DTC , NHL , R  , 44.0, 18.0,  18.0,  36.0,  14.0,      ,     ,     ,     ,     ,     ,    ,      ,       ,      ,      ,        ,        ,        ,        ,        ,        ,        ,        ,      
coopeca01, 1930,     1, DTF , NHL , R  , 44.0, 14.0,  14.0,  28.0,  10.0,      ,     ,     ,     ,     ,     ,    ,      ,       ,      ,      ,        ,        ,        ,        ,        ,        ,        ,        ,      
coopeca01, 1931,     1, DTF , NHL , R  , 48.0,  3.0,   5.0,   8.0,  11.0,      ,     ,     ,     ,     ,     ,    ,      ,    2.0,   0.0,   0.0,     0.0,     0.0,        ,        ,        ,        ,        ,        ,      
coopeda01, 1996,     1, TOR , NHL , D  , 19.0,  3.0,   3.0,   6.0,  16.0, -3.0 ,  2.0,  2.0,  0.0,  0.0,  0.0, 0.0,  23.0,       ,      ,      ,        ,        ,        ,        ,        ,        ,        ,        ,      
coopeda01, 1997,     1, TOR , NHL , D  ,  9.0,  0.0,   4.0,   4.0,   8.0, 2.0  ,  0.0,  0.0,  0.0,  0.0,  0.0, 0.0,  13.0,       ,      ,      ,        ,        ,        ,        ,        ,        ,        ,        ,      
coopeda01, 2000,     1, TOR , NHL , D  ,  2.0,  0.0,   0.0,   0.0,   0.0, -1.0 ,  0.0,  0.0,  0.0,  0.0,  0.0, 0.0,   3.0,       ,      ,      ,        ,        ,        ,        ,        ,        ,        ,        ,      
coopeed01, 1980,     1, COR , NHL , L  , 47.0,  7.0,   7.0,  14.0,  46.0, -6.0 ,  1.0,     ,  0.0,     ,  2.0, 0.0,  52.0,       ,      ,      ,        ,        ,        ,        ,        ,        ,        ,        ,      
coopeed01, 1981,     1, COR , NHL , L  ,  2.0,  1.0,   0.0,   1.0,   0.0, 0.0  ,  0.0,     ,  0.0,     ,  0.0, 0.0,   1.0,       ,      ,      ,        ,        ,        ,        ,        ,        ,        ,        ,      
coopeha01, 1944,     1, NYR , NHL , R  ,  8.0,  0.0,   0.0,   0.0,   2.0,      ,     ,     ,     ,     ,     ,    ,      ,       ,      ,      ,        ,        ,        ,        ,        ,        ,        ,        ,      
coopejo01, 1935,     1, NYR , NHL , D  ,  1.0,  0.0,   0.0,   0.0,   0.0,      ,     ,     ,     ,     ,     ,    ,      ,       ,      ,      ,        ,        ,        ,        ,        ,        ,        ,        ,      
coopejo01, 1936,     1, NYR , NHL , D  , 48.0,  0.0,   3.0,   3.0,  42.0,      ,     ,     ,     ,     ,     ,    ,      ,    9.0,   1.0,   1.0,     2.0,    12.0,        ,        ,        ,        ,        ,        ,      
coopejo01, 1937,     1, NYR , NHL , D  , 46.0,  3.0,   2.0,   5.0,  56.0,      ,     ,     ,     ,     ,     ,    ,      ,    3.0,   0.0,   0.0,     0.0,     4.0,        ,        ,        ,        ,        ,        ,      
coopejo01, 1938,     1, CHI , NHL , D  , 17.0,  3.0,   3.0,   6.0,  10.0,      ,     ,     ,     ,     ,     ,    ,      ,       ,      ,      ,        ,        ,        ,        ,        ,        ,        ,        ,      
coopejo01, 1939,     1, CHI , NHL , D  , 44.0,  4.0,   7.0,  11.0,  59.0,      ,     ,     ,     ,     ,     ,    ,      ,    2.0,   0.0,   0.0,     0.0,     0.0,        ,        ,        ,        ,        ,        ,      
coopejo01, 1940,     1, CHI , NHL , D  , 45.0,  5.0,   5.0,  10.0,  66.0,      ,     ,     ,     ,     ,     ,    ,      ,    5.0,   1.0,   0.0,     1.0,     8.0,        ,        ,        ,        ,        ,        ,      
coopejo01, 1941,     1, CHI , NHL , D  , 47.0,  6.0,  14.0,  20.0,  58.0,      ,     ,     ,     ,     ,     ,    ,      ,    3.0,   0.0,   2.0,     2.0,     2.0,        ,        ,        ,        ,        ,        ,      
coopejo01, 1943,     1, CHI , NHL , D  , 13.0,  1.0,   0.0,   1.0,  17.0,      ,     ,     ,     ,     ,     ,    ,      ,    9.0,   1.0,   1.0,     2.0,    18.0,        ,        ,        ,        ,        ,        ,      
coopejo01, 1944,     1, CHI , NHL , D  , 50.0,  4.0,  17.0,  21.0,  50.0,      ,     ,     ,     ,     ,     ,    ,      ,       ,      ,      ,        ,        ,        ,        ,        ,        ,        ,        ,      
coopejo01, 1945,     1, CHI , NHL , D  , 50.0,  2.0,   7.0,   9.0,  46.0,      ,     ,     ,     ,     ,     ,    ,      ,    4.0,   0.0,   1.0,     1.0,    14.0,        ,        ,        ,        ,        ,        ,      
coopejo01, 1946,     1, NYR , NHL , D  , 59.0,  2.0,   8.0,  10.0,  38.0,      ,     ,     ,     ,     ,     ,    ,      ,       ,      ,      ,        ,        ,        ,        ,        ,        ,        ,        ,      
coppbo01 , 1942,     1, TOR , NHL , D  , 38.0,  3.0,   9.0,  12.0,  24.0,      ,     ,     ,     ,     ,     ,    ,      ,       ,      ,      ,        ,        ,        ,        ,        ,        ,        ,        ,      
coppbo01 , 1950,     1, TOR , NHL , D  ,  2.0,  0.0,   0.0,   0.0,   2.0,      ,     ,     ,     ,     ,     ,    ,      ,       ,      ,      ,        ,        ,        ,        ,        ,        ,        ,        ,      
corazca01, 2003,     1, BOS , NHL , C  , 12.0,  2.0,   0.0,   2.0,   0.0, 2.0  ,  0.0,  0.0,  1.0,  0.0,  0.0, 0.0,  16.0,       ,      ,      ,        ,        ,        ,        ,        ,        ,        ,        ,      
corazca01, 2006,     1, CHI , NHL , C  ,  7.0,  0.0,   1.0,   1.0,   2.0, 0.0  ,  0.0,  0.0,  0.0,  0.0,  0.0,    ,   5.0,       ,      ,      ,        ,        ,        ,        ,        ,        ,        ,        ,      
corbebe01, 1914,     1, MOC , NHA ,    , 18.0,  1.0,   1.0,   2.0,  35.0,      ,     ,     ,     ,     ,     ,    ,      ,       ,      ,      ,        ,        ,        ,        ,        ,        ,        ,        ,      
corbebe01, 1915,     1, MOC , NHA ,    , 23.0,  7.0,   0.0,   7.0, 134.0,      ,     ,     ,     ,     ,     ,    ,      ,       ,      ,      ,        ,        ,        ,        ,        ,        ,        ,        ,      
corbebe01, 1916,     1, MOC , NHA ,    , 19.0,  7.0,   5.0,  12.0,  87.0,      ,     ,     ,     ,     ,     ,    ,      ,    2.0,   2.0,      ,        ,        ,        ,        ,        ,        ,        ,        ,      
corbebe01, 1917,     1, MTL , NHL , D  , 21.0,  8.0,   8.0,  16.0,  41.0,      ,     ,     ,     ,     ,  0.0,    ,      ,    2.0,   1.0,   1.0,     2.0,    11.0,        ,        ,        ,        ,        ,        ,      
corbebe01, 1918,     1, MTL , NHL , D  , 16.0,  2.0,   3.0,   5.0,  51.0,      ,     ,     ,     ,     ,     ,    ,      ,    5.0,   1.0,   1.0,     2.0,    17.0,        ,        ,        ,        ,        ,        ,      
corbebe01, 1919,     1, MTL , NHL , D  , 23.0, 11.0,   6.0,  17.0,  65.0,      ,     ,     ,     ,     ,     ,    ,      ,       ,      ,      ,        ,        ,        ,        ,        ,        ,        ,        ,      
corbebe01, 1920,     1, MTL , NHL , D  , 24.0, 11.0,   2.0,  13.0,  86.0,      ,     ,     ,     ,     ,     ,    ,      ,       ,      ,      ,        ,        ,        ,        ,        ,        ,        ,        ,      
corbebe01, 1921,     1, MTL , NHL , D  , 22.0,  3.0,   7.0,  10.0,  26.0,      ,     ,     ,     ,     ,     ,    ,      ,       ,      ,      ,        ,        ,        ,        ,        ,        ,        ,        ,      
corbebe01, 1922,     1, HAM , NHL , D  , 21.0, 10.0,   4.0,  14.0,  22.0,      ,     ,     ,     ,     ,     ,    ,      ,       ,      ,      ,        ,        ,        ,        ,        ,        ,        ,        ,      
corbebe01, 1923,     1, TRS , NHL , D  , 24.0,  8.0,   6.0,  14.0,  55.0,      ,     ,     ,     ,     ,     ,    ,      ,       ,      ,      ,        ,        ,        ,        ,        ,        ,        ,        ,      
corbebe01, 1924,     1, TRS , NHL , D  , 30.0,  4.0,   6.0,  10.0,  74.0,      ,     ,     ,     ,     ,     ,    ,      ,    2.0,   0.0,   0.0,     0.0,    10.0,        ,        ,        ,        ,        ,        ,      
corbebe01, 1925,     1, TRS , NHL , D  , 36.0,  5.0,   5.0,  10.0, 121.0,      ,     ,     ,     ,     ,     ,    ,      ,       ,      ,      ,        ,        ,        ,        ,        ,        ,        ,        ,      
corbebe01, 1926,     1, TRS , NHL , D  , 41.0,  1.0,   2.0,   3.0,  88.0,      ,     ,     ,     ,     ,     ,    ,      ,       ,      ,      ,        ,        ,        ,        ,        ,        ,        ,        ,      
corbeco01, 1912,     1, TO1 , NHA ,    , 17.0,  2.0,   0.0,   2.0,  38.0,      ,     ,     ,     ,     ,     ,    ,      ,       ,      ,      ,        ,        ,        ,        ,        ,        ,        ,        ,      
corbeco01, 1913,     1, TBS , NHA ,    , 11.0,  2.0,   2.0,   4.0,   7.0,      ,     ,     ,     ,     ,     ,    ,      ,       ,      ,      ,        ,        ,        ,        ,        ,        ,        ,        ,      
corbemi01, 1967,     1, LAK , NHL , R  ,     ,     ,      ,      ,      ,      ,     ,     ,     ,     ,     ,    ,      ,    2.0,   0.0,   1.0,     1.0,     2.0,        ,     0.0,        ,     0.0,        ,     0.0,      
corbere01, 1993,     1, QUE , NHL , L  ,  9.0,  1.0,   1.0,   2.0,   0.0, 1.0  ,  0.0,  1.0,  0.0,  0.0,  0.0, 0.0,  14.0,       ,      ,      ,        ,        ,        ,        ,        ,        ,        ,        ,      
corbere01, 1994,     1, QUE , NHL , L  ,  8.0,  0.0,   3.0,   3.0,   2.0, 3.0  ,  0.0,  0.0,  0.0,  0.0,  0.0, 0.0,   4.0,    2.0,   0.0,   1.0,     1.0,     0.0, 1.0    ,     0.0,     0.0,     0.0,     1.0,     0.0,     0.0
corbere01, 1995,     1, COL , NHL , L  , 33.0,  3.0,   6.0,   9.0,  33.0, 10.0 ,  0.0,  0.0,  0.0,  0.0,  0.0, 0.0,  35.0,    8.0,   3.0,   2.0,     5.0,     2.0, 3.0    ,     1.0,     0.0,     0.0,     0.0,     1.0,     9.0
corbere01, 1996,     1, COL , NHL , L  , 76.0, 12.0,  15.0,  27.0,  67.0, 14.0 ,  1.0,  2.0,  0.0,  0.0,  3.0, 1.0, 128.0,   17.0,   2.0,   2.0,     4.0,    27.0, 0.0    ,     0.0,     1.0,     0.0,     0.0,     0.0,    31.0
corbere01, 1997,     1, COL , NHL , L  , 68.0, 16.0,  12.0,  28.0, 133.0, 8.0  ,  4.0,  5.0,  0.0,  0.0,  4.0, 2.0, 117.0,    2.0,   0.0,   0.0,     0.0,     2.0, 0.0    ,     0.0,     0.0,     0.0,     0.0,     0.0,     5.0
corbere01, 1998,     1, COL , NHL , L  , 53.0,  8.0,  14.0,  22.0,  58.0, 3.0  ,  2.0,  6.0,  0.0,  0.0,  1.0, 0.0,  82.0,       ,      ,      ,        ,        ,        ,        ,        ,        ,        ,        ,      
corbere01, 1998,     2, CAL , NHL , L  , 20.0,  5.0,   4.0,   9.0,  10.0, -2.0 ,  1.0,  1.0,  0.0,  0.0,  0.0, 0.0,  45.0,       ,      ,      ,        ,        ,        ,        ,        ,        ,        ,        ,      
corbere01, 1999,     1, CAL , NHL , L  , 48.0,  4.0,  10.0,  14.0,  60.0, -7.0 ,  0.0,  2.0,  0.0,  0.0,  0.0, 0.0, 100.0,       ,      ,      ,        ,        ,        ,        ,        ,        ,        ,        ,      
corbere01, 1999,     2, PIT , NHL , L  ,  4.0,  1.0,   0.0,   1.0,   0.0, -4.0 ,  1.0,  0.0,  0.0,  0.0,  0.0, 0.0,   9.0,    7.0,   1.0,   1.0,     2.0,     9.0, -2.0   ,     0.0,     0.0,     0.0,     0.0,     0.0,    13.0
corbere01, 2000,     1, PIT , NHL , L  , 43.0,  8.0,   9.0,  17.0,  57.0, -3.0 ,  2.0,  1.0,  0.0,  1.0,  1.0, 1.0,  85.0,   17.0,   1.0,   0.0,     1.0,    12.0, -5.0   ,     0.0,     0.0,     0.0,     0.0,     1.0,    14.0
corcono01, 1949,     1, BOS , NHL , R  ,  1.0,  0.0,   0.0,   0.0,   0.0,      ,     ,     ,     ,     ,     ,    ,      ,       ,      ,      ,        ,        ,        ,        ,        ,        ,        ,        ,      
corcono01, 1952,     1, BOS , NHL , C  ,  1.0,  0.0,   0.0,   0.0,   0.0,      ,     ,     ,     ,     ,     ,    ,      ,       ,      ,      ,        ,        ,        ,        ,        ,        ,        ,        ,      
corcono01, 1954,     1, BOS , NHL , C  ,  2.0,  0.0,   0.0,   0.0,   2.0,      ,     ,     ,     ,     ,     ,    ,      ,    4.0,   0.0,   0.0,     0.0,     6.0,        ,        ,        ,        ,        ,        ,      
corcono01, 1955,     1, DET , NHL , C  ,  2.0,  0.0,   0.0,   0.0,   0.0,      ,     ,     ,     ,     ,     ,    ,      ,       ,      ,      ,        ,        ,        ,        ,        ,        ,        ,        ,      
corcono01, 1955,     2, CHI , NHL , R  , 23.0,  1.0,   3.0,   4.0,  19.0,      ,     ,     ,     ,     ,     ,    ,      ,       ,      ,      ,        ,        ,        ,        ,        ,        ,        ,        ,      
corkubo01, 1989,     1, BUF , NHL , R  ,  8.0,  2.0,   0.0,   2.0,   4.0, 2.0  ,  0.0,  0.0,  0.0,  0.0,  1.0, 0.0,   6.0,    5.0,   1.0,   0.0,     1.0,     4.0, 0.0    ,     0.0,     0.0,     0.0,     0.0,     0.0,     4.0
corkubo01, 1991,     1, BUF , NHL , C  , 20.0,  2.0,   4.0,   6.0,  21.0, -9.0 ,  0.0,  0.0,  0.0,  0.0,  0.0, 0.0,  23.0,    4.0,   1.0,   0.0,     1.0,     0.0, -1.0   ,     1.0,     0.0,     0.0,     0.0,     0.0,     9.0
corkubo01, 1992,     1, BUF , NHL , R  , 68.0,  6.0,   4.0,  10.0,  38.0, -3.0 ,  0.0,  0.0,  1.0,  1.0,  1.0, 0.0,  69.0,    5.0,   0.0,   0.0,     0.0,     2.0, 1.0    ,     0.0,     0.0,     0.0,     0.0,     0.0,     1.0
corkubo01, 1993,     1, ANA , NHL , C  , 76.0, 23.0,  28.0,  51.0,  18.0, 4.0  ,  3.0,  3.0,  3.0,  1.0,  0.0, 1.0, 180.0,       ,      ,      ,        ,        ,        ,        ,        ,        ,        ,        ,      
corkubo01, 1994,     1, ANA , NHL , R  , 44.0, 10.0,   9.0,  19.0,  25.0, -7.0 ,  0.0,  1.0,  0.0,  0.0,  1.0, 1.0, 100.0,       ,      ,      ,        ,        ,        ,        ,        ,        ,        ,        ,      
corkubo01, 1995,     1, ANA , NHL , C  , 48.0,  5.0,   7.0,  12.0,  26.0, 0.0  ,  0.0,  0.0,  0.0,  1.0,  1.0, 0.0,  88.0,       ,      ,      ,        ,        ,        ,        ,        ,        ,        ,        ,      
corkubo01, 1995,     2, PHI , NHL , C  , 28.0,  4.0,   3.0,   7.0,   8.0, 3.0  ,  0.0,  0.0,  0.0,  0.0,  2.0, 0.0,  38.0,   12.0,   1.0,   2.0,     3.0,     6.0, -1.0   ,     0.0,     0.0,     0.0,     0.0,     0.0,    11.0
corkubo01, 1996,     1, PHO , NHL , C  , 80.0,  9.0,  11.0,  20.0,  40.0, -7.0 ,  0.0,  1.0,  1.0,  0.0,  3.0, 0.0, 119.0,    7.0,   2.0,   2.0,     4.0,     4.0, -1.0   ,     0.0,     0.0,     0.0,     0.0,     1.0,     9.0
corkubo01, 1997,     1, PHO , NHL , C  , 76.0, 12.0,   9.0,  21.0,  28.0, -7.0 ,  0.0,  0.0,  5.0,  1.0,  0.0, 0.0, 105.0,    6.0,   1.0,   0.0,     1.0,     4.0, -3.0   ,     0.0,     0.0,     0.0,     0.0,     0.0,     3.0
corkubo01, 1998,     1, PHO , NHL , C  , 77.0,  9.0,  10.0,  19.0,  17.0, -9.0 ,  0.0,  0.0,  0.0,  1.0,  0.0, 0.0, 146.0,    7.0,   0.0,   1.0,     1.0,     4.0, 1.0    ,     0.0,     0.0,     0.0,     0.0,     0.0,     6.0
corkubo01, 1999,     1, LAK , NHL , R  , 45.0,  5.0,   6.0,  11.0,  14.0, 0.0  ,  0.0,  0.0,  0.0,  1.0,  0.0, 0.0,  45.0,    4.0,   0.0,   0.0,     0.0,     0.0, -1.0   ,     0.0,     0.0,     0.0,     0.0,     0.0,     2.0
corkubo01, 2000,     1, LAK , NHL , C  , 58.0,  4.0,   6.0,  10.0,  18.0, -12.0,  1.0,  0.0,  0.0,  0.0,  0.0, 0.0,  47.0,       ,      ,      ,        ,        ,        ,        ,        ,        ,        ,        ,      
corkubo01, 2000,     2, NJD , NHL , C  , 17.0,  3.0,   1.0,   4.0,   4.0, 4.0  ,  0.0,  0.0,  0.0,  0.0,  0.0, 0.0,  19.0,   12.0,   1.0,   2.0,     3.0,     0.0, -2.0   ,     0.0,     0.0,     0.0,     0.0,     0.0,    11.0
corkubo01, 2001,     1, ATL , NHL , C  , 65.0,  3.0,   4.0,   7.0,  16.0, -30.0,  0.0,  0.0,  0.0,  0.0,  0.0, 0.0,  70.0,       ,      ,      ,        ,        ,        ,        ,        ,        ,        ,        ,      
corkubo01, 2001,     2, BUF , NHL , C  , 10.0,  0.0,   1.0,   1.0,   4.0, -2.0 ,  0.0,  1.0,  0.0,  0.0,  0.0, 0.0,  10.0,       ,      ,      ,        ,        ,        ,        ,        ,        ,        ,        ,      
cormimi01, 1974,     1, PHR , WHA , L  , 78.0, 36.0,  38.0,  74.0,  26.0, 18.0 ,  5.0,     ,  1.0,     ,     ,    , 242.0,    5.0,   1.0,   0.0,     1.0,     2.0,        ,        ,        ,        ,        ,     1.0,      
cormimi01, 1975,     1, PHR , WHA , L  , 46.0, 21.0,  15.0,  36.0,   4.0, 5.0  ,  4.0,     ,  0.0,     ,  1.0,    , 120.0,       ,      ,      ,        ,        ,        ,        ,        ,        ,        ,        ,      
cormimi01, 1976,     1, PHR , WHA , L  , 58.0, 13.0,  16.0,  29.0,  22.0, -26.0,  0.0,     ,  0.0,     ,     ,    , 105.0,       ,      ,      ,        ,        ,        ,        ,        ,        ,        ,        ,      
cormiro01, 1925,     1, MTL , NHL , F  ,  1.0,  0.0,   0.0,   0.0,   0.0,      ,     ,     ,     ,     ,     ,    ,      ,       ,      ,      ,        ,        ,        ,        ,        ,        ,        ,        ,      
cornfma01, 1995,     1, BOS , NHL , D  ,  6.0,  0.0,   0.0,   0.0,   4.0, 4.0  ,  0.0,  0.0,  0.0,  0.0,  0.0, 0.0,   1.0,       ,      ,      ,        ,        ,        ,        ,        ,        ,        ,        ,      
correma01, 2009,     1, NJD , NHL , D  , 12.0,  0.0,   0.0,   0.0,  24.0, 0.0  ,  0.0,  0.0,  0.0,  0.0,  0.0,    ,   6.0,    2.0,   0.0,   0.0,     0.0,     2.0, 0.0    ,     0.0,     0.0,     0.0,     0.0,     0.0,     3.0
corrian01, 1953,     1, MTL , NHL , R  ,  3.0,  0.0,   1.0,   1.0,   0.0,      ,     ,     ,     ,     ,     ,    ,      ,       ,      ,      ,        ,        ,        ,        ,        ,        ,        ,        ,      
corrich01, 1937,     1, TOR , NHL , R  ,  3.0,  0.0,   0.0,   0.0,   0.0,      ,     ,     ,     ,     ,     ,    ,      ,       ,      ,      ,        ,        ,        ,        ,        ,        ,        ,        ,      
corrich01, 1940,     1, NYA , NHL , R  , 16.0,  2.0,   2.0,   4.0,   2.0,      ,     ,     ,     ,     ,     ,    ,      ,       ,      ,      ,        ,        ,        ,        ,        ,        ,        ,        ,      
corrich02, 2001,     1, WAS , NHL , R  ,  8.0,  0.0,   1.0,   1.0,   6.0, -4.0 ,  0.0,  0.0,  0.0,  0.0,  0.0, 0.0,   8.0,       ,      ,      ,        ,        ,        ,        ,        ,        ,        ,        ,      
corrimi01, 1967,     1, LAK , NHL , R  ,  5.0,  0.0,   0.0,   0.0,   2.0, -2.0 ,  0.0,     ,  0.0,     ,  0.0, 0.0,   5.0,       ,      ,      ,        ,        ,        ,        ,        ,        ,        ,        ,      
corrimi01, 1969,     1, LAK , NHL , R  , 36.0,  6.0,   4.0,  10.0,  30.0, -17.0,  2.0,     ,  0.0,     ,  1.0, 0.0,  67.0,       ,      ,      ,        ,        ,        ,        ,        ,        ,        ,        ,      
corrimi01, 1970,     1, VAN , NHL , R  , 76.0, 21.0,  28.0,  49.0, 103.0, -20.0,  5.0,     ,  0.0,     ,  1.0, 1.0, 164.0,       ,      ,      ,        ,        ,        ,        ,        ,        ,        ,        ,      
corrimi01, 1971,     1, VAN , NHL , R  , 19.0,  3.0,   4.0,   7.0,  27.0, -8.0 ,  1.0,     ,  0.0,     ,  0.0, 0.0,  42.0,       ,      ,      ,        ,        ,        ,        ,        ,        ,        ,        ,      
corrimi01, 1971,     2, LAK , NHL , R  , 56.0, 12.0,  22.0,  34.0,  93.0, -7.0 ,  3.0,     ,  0.0,     ,  1.0, 0.0, 102.0,       ,      ,      ,        ,        ,        ,        ,        ,        ,        ,        ,      
corrimi01, 1972,     1, LAK , NHL , R  , 78.0, 37.0,  30.0,  67.0, 146.0, -17.0, 14.0,     ,  0.0,     ,  6.0, 2.0, 180.0,       ,      ,      ,        ,        ,        ,        ,        ,        ,        ,        ,      
corrimi01, 1973,     1, LAK , NHL , R  , 75.0, 16.0,  26.0,  42.0, 119.0, -10.0,  4.0,     ,  0.0,     ,  1.0, 0.0, 131.0,    3.0,   0.0,   1.0,     1.0,     4.0,        ,     0.0,        ,     0.0,        ,     0.0,      
corrimi01, 1974,     1, LAK , NHL , R  , 80.0, 13.0,  21.0,  34.0,  61.0, 9.0  ,  2.0,     ,  1.0,     ,  2.0, 1.0, 100.0,    3.0,   0.0,   0.0,     0.0,     4.0,        ,     0.0,        ,     0.0,        ,     0.0,      
corrimi01, 1975,     1, LAK , NHL , L  , 71.0, 22.0,  21.0,  43.0,  71.0, -2.0 ,  9.0,     ,  0.0,     ,  4.0, 0.0, 135.0,    9.0,   2.0,   2.0,     4.0,    12.0,        ,     0.0,        ,     0.0,        ,     0.0,      
corrimi01, 1976,     1, PIT , NHL , L  , 73.0, 14.0,  27.0,  41.0,  36.0, -13.0,  2.0,     ,  0.0,     ,  1.0, 0.0, 124.0,    2.0,   0.0,   0.0,     0.0,     0.0,        ,     0.0,        ,     0.0,        ,     0.0,      
corrimi01, 1977,     1, PIT , NHL , L  , 25.0,  8.0,  12.0,  20.0,  10.0, -7.0 ,  0.0,     ,  0.0,     ,  0.0, 0.0,  36.0,       ,      ,      ,        ,        ,        ,        ,        ,        ,        ,        ,      
corriyv01, 1985,     1, WAS , NHL , L  ,  2.0,  0.0,   0.0,   0.0,   0.0, -1.0 ,  0.0,     ,  0.0,     ,  0.0, 0.0,   3.0,    4.0,   0.0,   3.0,     3.0,     2.0, 2.0    ,     0.0,        ,     0.0,        ,     0.0,     4.0
corriyv01, 1986,     1, WAS , NHL , L  , 17.0,  1.0,   1.0,   2.0,  24.0, -4.0 ,  0.0,     ,  0.0,     ,  0.0, 0.0,   7.0,       ,      ,      ,        ,        ,        ,        ,        ,        ,        ,        ,      
corriyv01, 1987,     1, WAS , NHL , L  , 44.0, 10.0,   9.0,  19.0,  84.0, 17.0 ,  0.0,  0.0,  0.0,  0.0,  1.0, 0.0,  52.0,   13.0,   1.0,   2.0,     3.0,    30.0, -2.0   ,     0.0,     0.0,     0.0,     0.0,     0.0,    14.0
corriyv01, 1988,     1, WAS , NHL , L  , 33.0,  3.0,   2.0,   5.0,  62.0, 0.0  ,  0.0,  0.0,  0.0,  0.0,  0.0, 0.0,  39.0,    1.0,   0.0,   0.0,     0.0,     0.0, -1.0   ,     0.0,     0.0,     0.0,     0.0,     0.0,     0.0
corriyv01, 1989,     1, WAS , NHL , R  , 50.0,  9.0,   6.0,  15.0,  50.0, -1.0 ,  1.0,  0.0,  0.0,  0.0,  1.0, 0.0,  76.0,       ,      ,      ,        ,        ,        ,        ,        ,        ,        ,        ,      
corriyv01, 1989,     2, HAR , NHL , R  , 13.0,  4.0,   1.0,   5.0,  22.0, 3.0  ,  0.0,  0.0,  0.0,  0.0,  0.0, 0.0,  14.0,    4.0,   1.0,   0.0,     1.0,     0.0, 0.0    ,     0.0,     0.0,     0.0,     0.0,     0.0,     4.0
corriyv01, 1990,     1, HAR , NHL , L  , 23.0,  1.0,   1.0,   2.0,  18.0, -8.0 ,  0.0,  0.0,  0.0,  0.0,  0.0, 0.0,  21.0,       ,      ,      ,        ,        ,        ,        ,        ,        ,        ,        ,      
corriyv01, 1991,     1, HAR , NHL , L  , 38.0, 12.0,   8.0,  20.0,  36.0, 5.0  ,  3.0,  1.0,  0.0,  0.0,  0.0, 0.0,  69.0,    7.0,   3.0,   2.0,     5.0,    18.0, -1.0   ,     2.0,     1.0,     0.0,     0.0,     1.0,    17.0
corriyv01, 1992,     1, SJS , NHL , R  , 20.0,  3.0,   7.0,  10.0,   0.0, -7.0 ,  1.0,  0.0,  0.0,  0.0,  0.0, 0.0,  32.0,       ,      ,      ,        ,        ,        ,        ,        ,        ,        ,        ,      
corriyv01, 1992,     2, HAR , NHL , R  , 37.0,  5.0,   5.0,  10.0,  14.0, -13.0,  1.0,  0.0,  0.0,  0.0,  1.0, 0.0,  45.0,       ,      ,      ,        ,        ,        ,        ,        ,        ,        ,        ,      
corriyv01, 1993,     1, HAR , NHL , R  ,  3.0,  0.0,   0.0,   0.0,   0.0, 0.0  ,  0.0,  0.0,  0.0,  0.0,  0.0, 0.0,   0.0,       ,      ,      ,        ,        ,        ,        ,        ,        ,        ,        ,      
corsiji01, 1977,     1, QUN , WHA , G  , 23.0,  0.0,   1.0,   1.0,   2.0, 0.0  ,  0.0,     ,  0.0,     ,     ,    ,   0.0,       ,      ,      ,        ,        ,        ,        ,        ,        ,        ,        ,      
corsiji01, 1978,     1, QUN , WHA , G  , 40.0,  0.0,   2.0,   2.0,  20.0, 0.0  ,  0.0,     ,  0.0,     ,     ,    ,   0.0,    2.0,   0.0,   0.0,     0.0,     2.0, 0.0    ,        ,        ,        ,        ,     0.0,      
corsiji01, 1979,     1, EDM , NHL , G  , 26.0,  0.0,   3.0,   3.0,   6.0, 0.0  ,  0.0,     ,  0.0,     ,  0.0, 0.0,   0.0,       ,      ,      ,        ,        ,        ,        ,        ,        ,        ,        ,      
corsoda01, 2000,     1, STL , NHL , C  , 28.0, 10.0,   3.0,  13.0,  14.0, 0.0  ,  5.0,  1.0,  0.0,  0.0,  4.0, 0.0,  42.0,   12.0,   0.0,   1.0,     1.0,     0.0, -5.0   ,     0.0,     0.0,     0.0,     0.0,     0.0,     4.0
corsoda01, 2001,     1, STL , NHL , C  , 41.0,  4.0,   7.0,  11.0,   6.0, 3.0  ,  1.0,  2.0,  0.0,  0.0,  2.0, 0.0,  25.0,    2.0,   0.0,   0.0,     0.0,     0.0, 0.0    ,     0.0,     0.0,     0.0,     0.0,     0.0,     1.0
corsoda01, 2002,     1, STL , NHL , C  ,  1.0,  0.0,   0.0,   0.0,   0.0, -1.0 ,  0.0,  0.0,  0.0,  0.0,  0.0, 0.0,   0.0,       ,      ,      ,        ,        ,        ,        ,        ,        ,        ,        ,      
corsoda01, 2003,     1, ATL , NHL , C  ,  7.0,  0.0,   1.0,   1.0,   0.0, -2.0 ,  0.0,  0.0,  0.0,  0.0,  0.0, 0.0,   2.0,       ,      ,      ,        ,        ,        ,        ,        ,        ,        ,        ,      
corsosh01, 1985,     1, MTL , NHL , C  ,  3.0,  0.0,   0.0,   0.0,   2.0, -3.0 ,  0.0,     ,  0.0,     ,  0.0, 0.0,   1.0,       ,      ,      ,        ,        ,        ,        ,        ,        ,        ,        ,      
corsosh01, 1986,     1, MTL , NHL , C  , 55.0, 12.0,  11.0,  23.0, 144.0, 10.0 ,  0.0,     ,  1.0,     ,  3.0, 0.0,  69.0,   17.0,   6.0,   5.0,    11.0,    30.0, 4.0    ,     1.0,        ,     1.0,        ,     1.0,    30.0
corsosh01, 1987,     1, MTL , NHL , C  , 71.0, 12.0,  27.0,  39.0, 152.0, 22.0 ,  2.0,  2.0,  0.0,  0.0,  2.0, 0.0,  90.0,    3.0,   1.0,   0.0,     1.0,    12.0, -3.0   ,     0.0,     0.0,     0.0,     0.0,     0.0,     9.0
corsosh01, 1988,     1, MTL , NHL , C  , 80.0, 26.0,  24.0,  50.0, 193.0, -1.0 , 10.0,  9.0,  0.0,  0.0,  3.0, 1.0, 133.0,   21.0,   4.0,   5.0,     9.0,    65.0, 3.0    ,     2.0,     3.0,     0.0,     0.0,     2.0,    28.0
corsosh01, 1989,     1, MTL , NHL , L  , 76.0, 31.0,  44.0,  75.0, 144.0, 33.0 ,  7.0, 12.0,  0.0,  0.0,  6.0, 1.0, 192.0,   11.0,   2.0,   8.0,    10.0,    20.0, 8.0    ,     0.0,     0.0,     0.0,     0.0,     0.0,    29.0
corsosh01, 1990,     1, MTL , NHL , L  , 71.0, 23.0,  24.0,  47.0, 138.0, 9.0  ,  7.0,  3.0,  0.0,  0.0,  2.0, 1.0, 164.0,   13.0,   9.0,   6.0,    15.0,    36.0, 5.0    ,     4.0,     1.0,     1.0,     0.0,     3.0,    42.0
corsosh01, 1991,     1, MTL , NHL , L  , 64.0, 17.0,  36.0,  53.0, 118.0, 15.0 ,  3.0, 11.0,  0.0,  2.0,  2.0, 0.0, 165.0,   10.0,   2.0,   5.0,     7.0,    15.0, 1.0    ,     0.0,     1.0,     0.0,     0.0,     0.0,    23.0
corsosh01, 1992,     1, EDM , NHL , L  , 80.0, 16.0,  31.0,  47.0, 209.0, -19.0,  9.0, 10.0,  2.0,  2.0,  1.0, 0.0, 164.0,       ,      ,      ,        ,        ,        ,        ,        ,        ,        ,        ,      
corsosh01, 1993,     1, EDM , NHL , L  , 64.0, 25.0,  29.0,  54.0, 118.0, -8.0 , 11.0, 10.0,  0.0,  0.0,  3.0, 1.0, 171.0,       ,      ,      ,        ,        ,        ,        ,        ,        ,        ,        ,      
corsosh01, 1994,     1, EDM , NHL , L  , 48.0, 12.0,  24.0,  36.0,  86.0, -17.0,  2.0,  9.0,  0.0,  1.0,  1.0, 0.0, 131.0,       ,      ,      ,        ,        ,        ,        ,        ,        ,        ,        ,      
corsosh01, 1995,     1, STL , NHL , L  , 77.0, 18.0,  28.0,  46.0, 192.0, 3.0  , 13.0,  9.0,  0.0,  1.0,  0.0, 2.0, 150.0,   13.0,   8.0,   6.0,    14.0,    22.0, -1.0   ,     6.0,     3.0,     1.0,     0.0,     1.0,    37.0
corsosh01, 1996,     1, STL , NHL , L  , 11.0,  2.0,   1.0,   3.0,  24.0, -4.0 ,  1.0,  0.0,  0.0,  0.0,  0.0, 0.0,  19.0,       ,      ,      ,        ,        ,        ,        ,        ,        ,        ,        ,      
corsosh01, 1996,     2, MTL , NHL , L  , 47.0,  6.0,  15.0,  21.0,  80.0, -5.0 ,  2.0,  1.0,  0.0,  1.0,  2.0, 0.0,  96.0,    5.0,   1.0,   0.0,     1.0,     4.0, -5.0   ,     0.0,     0.0,     1.0,     0.0,     0.0,     8.0
corsosh01, 1997,     1, MTL , NHL , L  , 62.0, 21.0,  34.0,  55.0, 108.0, 2.0  , 14.0,  9.0,  1.0,  2.0,  1.0, 0.0, 142.0,   10.0,   3.0,   6.0,     9.0,    26.0, 3.0    ,     1.0,     2.0,     0.0,     0.0,     1.0,    33.0
corsosh01, 1998,     1, MTL , NHL , L  , 63.0, 12.0,  20.0,  32.0, 147.0, -10.0,  7.0,  9.0,  0.0,  0.0,  4.0, 0.0, 142.0,       ,      ,      ,        ,        ,        ,        ,        ,        ,        ,        ,      
corsosh01, 1999,     1, MTL , NHL , L  , 70.0,  8.0,  20.0,  28.0, 115.0, -2.0 ,  2.0, 12.0,  0.0,  1.0,  1.0, 0.0, 121.0,       ,      ,      ,        ,        ,        ,        ,        ,        ,        ,        ,      
corsosh01, 2000,     1, TOR , NHL , C  , 77.0,  8.0,  18.0,  26.0, 189.0, 1.0  ,  0.0,  3.0,  0.0,  0.0,  2.0, 0.0, 102.0,   11.0,   1.0,   1.0,     2.0,    14.0, -1.0   ,     0.0,     0.0,     0.0,     0.0,     0.0,    12.0
corsosh01, 2001,     1, TOR , NHL , C  , 74.0, 12.0,  21.0,  33.0, 120.0, 11.0 ,  0.0,  2.0,  1.0,  0.0,  1.0, 0.0, 111.0,   19.0,   1.0,   6.0,     7.0,    33.0, -2.0   ,     0.0,     1.0,     0.0,     0.0,     0.0,    37.0
corsosh01, 2002,     1, TOR , NHL , L  , 46.0,  7.0,   8.0,  15.0,  49.0, -5.0 ,  0.0,  1.0,  0.0,  0.0,  0.0, 0.0,  69.0,    2.0,   0.0,   0.0,     0.0,     2.0, -2.0   ,     0.0,     0.0,     0.0,     0.0,     0.0,     1.0
corsosh01, 2003,     1, DAL , NHL , L  , 17.0,  5.0,   5.0,  10.0,  29.0, 12.0 ,  0.0,  0.0,  1.0,  0.0,  1.0, 0.0,  21.0,    5.0,   0.0,   1.0,     1.0,    12.0, -5.0   ,     0.0,     0.0,     0.0,     0.0,     0.0,     2.0
corvojo01, 2002,     1, LAK , NHL , D  , 50.0,  5.0,   7.0,  12.0,  14.0, 2.0  ,  2.0,  3.0,  0.0,  0.0,  0.0, 0.0,  84.0,       ,      ,      ,        ,        ,        ,        ,        ,        ,        ,        ,      
corvojo01, 2003,     1, LAK , NHL , D  , 72.0,  8.0,  17.0,  25.0,  36.0, 7.0  ,  0.0,  4.0,  0.0,  0.0,  3.0, 0.0, 150.0,       ,      ,      ,        ,        ,        ,        ,        ,        ,        ,        ,      
corvojo01, 2005,     1, LAK , NHL , D  , 81.0, 14.0,  26.0,  40.0,  38.0, 16.0 ,  7.0, 14.0,  0.0,  0.0,  3.0,    , 190.0,       ,      ,      ,        ,        ,        ,        ,        ,        ,        ,        ,      
corvojo01, 2006,     1, OTT , NHL , D  , 76.0,  8.0,  29.0,  37.0,  42.0, 8.0  ,  3.0, 12.0,  0.0,  0.0,  2.0,    , 160.0,   20.0,   2.0,   7.0,     9.0,     6.0, 4.0    ,     1.0,     4.0,     0.0,     0.0,     1.0,    49.0
corvojo01, 2007,     1, OTT , NHL , D  , 51.0,  6.0,  21.0,  27.0,  18.0, 13.0 ,  1.0, 14.0,  0.0,  0.0,  1.0,    , 111.0,       ,      ,      ,        ,        ,        ,        ,        ,        ,        ,        ,      
corvojo01, 2007,     2, CAR , NHL , D  , 23.0,  7.0,  14.0,  21.0,   8.0, 4.0  ,  5.0,  8.0,  0.0,  0.0,  2.0,    ,  56.0,       ,      ,      ,        ,        ,        ,        ,        ,        ,        ,        ,      
corvojo01, 2008,     1, CAR , NHL , D  , 81.0, 14.0,  24.0,  38.0,  18.0, -1.0 ,  8.0, 14.0,  1.0,  0.0,  6.0,    , 213.0,   18.0,   2.0,   5.0,     7.0,     4.0, -7.0   ,     1.0,     1.0,     0.0,     0.0,     1.0,    52.0
corvojo01, 2009,     1, CAR , NHL , D  , 34.0,  4.0,   8.0,  12.0,  10.0, -6.0 ,  4.0,  2.0,  0.0,  0.0,  0.0,    ,  76.0,       ,      ,      ,        ,        ,        ,        ,        ,        ,        ,        ,      
corvojo01, 2009,     2, WAS , NHL , D  , 18.0,  2.0,   4.0,   6.0,   2.0, -4.0 ,  1.0,  2.0,  0.0,  0.0,  0.0,    ,  23.0,    7.0,   1.0,   1.0,     2.0,     4.0, -2.0   ,     0.0,     0.0,     0.0,     0.0,     0.0,    21.0
coryro01 , 1979,     1, WIN , NHL , D  , 46.0,  2.0,   9.0,  11.0,  32.0, -16.0,  1.0,     ,  0.0,     ,  0.0, 0.0,  47.0,       ,      ,      ,        ,        ,        ,        ,        ,        ,        ,        ,      
coryro01 , 1980,     1, WIN , NHL , D  ,  5.0,  0.0,   1.0,   1.0,   9.0, -8.0 ,  0.0,     ,  0.0,     ,  0.0, 0.0,   1.0,       ,      ,      ,        ,        ,        ,        ,        ,        ,        ,        ,      
cosseja01, 1975,     1, PIT , NHL , R  ,  7.0,  0.0,   2.0,   2.0,   9.0, -2.0 ,  0.0,     ,  0.0,     ,  0.0, 0.0,   6.0,       ,      ,      ,        ,        ,        ,        ,        ,        ,        ,        ,      
cosseja01, 1977,     1, PIT , NHL , R  , 19.0,  1.0,   2.0,   3.0,   4.0, -5.0 ,  1.0,     ,  0.0,     ,  0.0, 0.0,  17.0,       ,      ,      ,        ,        ,        ,        ,        ,        ,        ,        ,      
cosseja01, 1978,     1, PIT , NHL , R  , 38.0,  7.0,   2.0,   9.0,  16.0, -1.0 ,  1.0,     ,  0.0,     ,  1.0, 0.0,  35.0,    3.0,   0.0,   1.0,     1.0,     4.0,        ,     0.0,        ,     0.0,        ,     0.0,      
costele01, 1947,     1, TOR , NHL , L  ,     ,     ,      ,      ,      ,      ,     ,     ,     ,     ,     ,    ,      ,    5.0,   2.0,   2.0,     4.0,     2.0,        ,        ,        ,        ,        ,        ,      
costele01, 1948,     1, TOR , NHL , L  , 15.0,  2.0,   3.0,   5.0,  11.0,      ,     ,     ,     ,     ,     ,    ,      ,       ,      ,      ,        ,        ,        ,        ,        ,        ,        ,        ,      
costele01, 1949,     1, TOR , NHL , L  ,     ,     ,      ,      ,      ,      ,     ,     ,     ,     ,     ,    ,      ,    1.0,   0.0,   0.0,     0.0,     0.0,        ,        ,        ,        ,        ,        ,      
costemu01, 1953,     1, CHI , NHL , C  , 40.0,  3.0,   2.0,   5.0,   6.0,      ,     ,     ,     ,     ,     ,    ,      ,       ,      ,      ,        ,        ,        ,        ,        ,        ,        ,        ,      
costemu01, 1954,     1, BOS , NHL , R  , 54.0,  4.0,  11.0,  15.0,  25.0,      ,     ,     ,     ,     ,     ,    ,      ,    1.0,   0.0,   0.0,     0.0,     2.0,        ,        ,        ,        ,        ,        ,      
costemu01, 1955,     1, BOS , NHL , C  , 41.0,  6.0,   6.0,  12.0,  19.0,      ,     ,     ,     ,     ,     ,    ,      ,       ,      ,      ,        ,        ,        ,        ,        ,        ,        ,        ,      
costemu01, 1955,     2, DET , NHL , C  , 24.0,  0.0,   0.0,   0.0,   4.0,      ,     ,     ,     ,     ,     ,    ,      ,    4.0,   0.0,   0.0,     0.0,     0.0,        ,        ,        ,        ,        ,        ,      
costemu01, 1956,     1, DET , NHL , C  ,  3.0,  0.0,   0.0,   0.0,   0.0,      ,     ,     ,     ,     ,     ,    ,      ,       ,      ,      ,        ,        ,        ,        ,        ,        ,        ,        ,      
costeri01, 1983,     1, TOR , NHL , C  , 10.0,  2.0,   1.0,   3.0,   2.0, -5.0 ,  1.0,     ,  0.0,     ,  0.0, 0.0,   7.0,       ,      ,      ,        ,        ,        ,        ,        ,        ,        ,        ,      
costeri01, 1985,     1, TOR , NHL , C  ,  2.0,  0.0,   1.0,   1.0,   0.0, 0.0  ,  0.0,     ,  0.0,     ,  0.0, 0.0,   2.0,       ,      ,      ,        ,        ,        ,        ,        ,        ,        ,        ,      
cotchch01, 1922,     1, VAM , PCHA, L  , 11.0,  0.0,   0.0,   0.0,   0.0,      ,     ,     ,     ,     ,     ,    ,      ,    2.0,   0.0,   0.0,     0.0,     0.0,        ,        ,        ,        ,        ,        ,      
cotchch01, 1923,     1, VAM , PCHA, L  , 15.0,  2.0,   0.0,   2.0,  14.0,      ,     ,     ,     ,     ,     ,    ,      ,    5.0,   0.0,   0.0,     0.0,     0.0,        ,        ,        ,        ,        ,        ,      
cotchch01, 1924,     1, HAM , NHL , F  ,  7.0,  1.0,   0.0,   1.0,   0.0,      ,     ,     ,     ,     ,     ,    ,      ,       ,      ,      ,        ,        ,        ,        ,        ,        ,        ,        ,      
cotchch01, 1924,     2, TRS , NHL , F  ,  5.0,  0.0,   0.0,   0.0,   0.0,      ,     ,     ,     ,     ,     ,    ,      ,       ,      ,      ,        ,        ,        ,        ,        ,        ,        ,        ,      
coteal01 , 1977,     1, QUN , WHA , L  , 27.0,  3.0,   5.0,   8.0,   8.0, -9.0 ,  1.0,     ,  0.0,     ,     ,    ,  19.0,   11.0,   1.0,   2.0,     3.0,     0.0, -3.0   ,        ,        ,        ,        ,     0.0,      
coteal01 , 1978,     1, QUN , WHA , L  , 79.0, 14.0,  13.0,  27.0,  23.0, -7.0 ,  0.0,     ,  1.0,     ,     ,    , 109.0,    4.0,   0.0,   0.0,     0.0,     2.0, -2.0   ,        ,        ,        ,        ,     0.0,      
coteal01 , 1979,     1, QUE , NHL , L  , 41.0,  5.0,  11.0,  16.0,  13.0, -8.0 ,  0.0,     ,  0.0,     ,  1.0, 0.0,  58.0,       ,      ,      ,        ,        ,        ,        ,        ,        ,        ,        ,      
coteal01 , 1980,     1, QUE , NHL , L  , 51.0,  8.0,  18.0,  26.0,  64.0, 9.0  ,  1.0,     ,  2.0,     ,  2.0, 0.0,  65.0,    4.0,   0.0,   0.0,     0.0,     6.0,        ,     0.0,        ,     0.0,        ,     0.0,      
coteal01 , 1981,     1, QUE , NHL , L  , 79.0, 15.0,  16.0,  31.0,  82.0, -11.0,  0.0,     ,  0.0,     ,  1.0, 2.0,  95.0,   16.0,   1.0,   2.0,     3.0,     8.0,        ,     0.0,        ,     0.0,        ,     0.0,      
coteal01 , 1982,     1, QUE , NHL , L  , 79.0, 12.0,  28.0,  40.0,  45.0, -1.0 ,  0.0,     ,  0.0,     ,  0.0, 0.0,  88.0,    4.0,   0.0,   3.0,     3.0,     0.0,        ,     0.0,        ,     0.0,        ,     0.0,      
coteal01 , 1983,     1, QUE , NHL , L  , 77.0, 19.0,  24.0,  43.0,  41.0, 21.0 ,  0.0,     ,  1.0,     ,  1.0, 0.0, 116.0,    9.0,   0.0,   2.0,     2.0,    17.0, 0.0    ,     0.0,        ,     0.0,        ,     0.0,    11.0
coteal01 , 1984,     1, QUE , NHL , L  , 80.0, 13.0,  22.0,  35.0,  31.0, 12.0 ,  1.0,     ,  1.0,     ,  0.0, 0.0, 127.0,   18.0,   5.0,   5.0,    10.0,    11.0, 5.0    ,     0.0,        ,     0.0,        ,     1.0,    32.0
coteal01 , 1985,     1, QUE , NHL , L  , 78.0, 13.0,  21.0,  34.0,  29.0, -3.0 ,  0.0,     ,  3.0,     ,  2.0, 0.0, 119.0,    3.0,   1.0,   0.0,     1.0,     0.0, -2.0   ,     0.0,        ,     0.0,        ,     0.0,     8.0
coteal01 , 1986,     1, QUE , NHL , R  , 80.0, 12.0,  24.0,  36.0,  38.0, -4.0 ,  0.0,     ,  2.0,     ,  1.0, 0.0, 137.0,   13.0,   2.0,   3.0,     5.0,     2.0, 0.0    ,     0.0,        ,     0.0,        ,     0.0,    26.0
coteal01 , 1987,     1, QUE , NHL , R  , 76.0,  4.0,  18.0,  22.0,  26.0, 3.0  ,  0.0,  1.0,  0.0,  2.0,  0.0, 0.0,  84.0,       ,      ,      ,        ,        ,        ,        ,        ,        ,        ,        ,      
coteal01 , 1988,     1, QUE , NHL , L  , 55.0,  2.0,   8.0,  10.0,  14.0, -1.0 ,  0.0,  0.0,  1.0,  2.0,  0.0, 0.0,  31.0,       ,      ,      ,        ,        ,        ,        ,        ,        ,        ,        ,      
coteal02 , 1985,     1, BOS , NHL , D  , 32.0,  0.0,   6.0,   6.0,  14.0, 5.0  ,  0.0,     ,  0.0,     ,  0.0, 0.0,  15.0,       ,      ,      ,        ,        ,        ,        ,        ,        ,        ,        ,      
coteal02 , 1986,     1, BOS , NHL , D  ,  3.0,  0.0,   0.0,   0.0,   0.0, -1.0 ,  0.0,     ,  0.0,     ,  0.0, 0.0,   1.0,       ,      ,      ,        ,        ,        ,        ,        ,        ,        ,        ,      
coteal02 , 1987,     1, BOS , NHL , D  ,  2.0,  0.0,   0.0,   0.0,   0.0, -1.0 ,  0.0,  0.0,  0.0,  0.0,  0.0, 0.0,   1.0,       ,      ,      ,        ,        ,        ,        ,        ,        ,        ,        ,      
coteal02 , 1988,     1, BOS , NHL , D  , 31.0,  2.0,   3.0,   5.0,  51.0, -9.0 ,  0.0,  0.0,  0.0,  0.0,  0.0, 0.0,  45.0,       ,      ,      ,        ,        ,        ,        ,        ,        ,        ,        ,      
coteal02 , 1989,     1, WAS , NHL , D  ,  2.0,  0.0,   0.0,   0.0,   7.0, -2.0 ,  0.0,  0.0,  0.0,  0.0,  0.0, 0.0,   2.0,       ,      ,      ,        ,        ,        ,        ,        ,        ,        ,        ,      
coteal02 , 1990,     1, MTL , NHL , D  , 28.0,  0.0,   6.0,   6.0,  26.0, 8.0  ,  0.0,  0.0,  0.0,  0.0,  0.0, 0.0,  24.0,   11.0,   0.0,   2.0,     2.0,    26.0, 4.0    ,     0.0,     0.0,     0.0,     0.0,     0.0,    14.0
coteal02 , 1991,     1, MTL , NHL , D  , 13.0,  0.0,   3.0,   3.0,  22.0, 7.0  ,  0.0,  0.0,  0.0,  0.0,  0.0, 0.0,   6.0,       ,      ,      ,        ,        ,        ,        ,        ,        ,        ,        ,      
coteal02 , 1992,     1, TBL , NHL , D  ,  2.0,  0.0,   0.0,   0.0,   0.0, -1.0 ,  0.0,  0.0,  0.0,  0.0,  0.0, 0.0,   1.0,       ,      ,      ,        ,        ,        ,        ,        ,        ,        ,        ,      
coteal02 , 1993,     1, QUE , NHL , D  ,  6.0,  0.0,   0.0,   0.0,   4.0, -2.0 ,  0.0,  0.0,  0.0,  0.0,  0.0, 0.0,   4.0,       ,      ,      ,        ,        ,        ,        ,        ,        ,        ,        ,      
coteje01 , 2005,     1, MTL , NHL , D  ,  8.0,  0.0,   0.0,   0.0,   4.0, 2.0  ,  0.0,  0.0,  0.0,  0.0,  0.0,    ,   2.0,       ,      ,      ,        ,        ,        ,        ,        ,        ,        ,        ,      
cotepa01 , 1995,     1, DAL , NHL , L  ,  2.0,  0.0,   0.0,   0.0,   5.0, -2.0 ,  0.0,  0.0,  0.0,  0.0,  0.0, 0.0,   0.0,       ,      ,      ,        ,        ,        ,        ,        ,        ,        ,        ,      
cotepa01 , 1996,     1, DAL , NHL , L  ,  3.0,  0.0,   0.0,   0.0,  27.0, 0.0  ,  0.0,  0.0,  0.0,  0.0,  0.0, 0.0,   1.0,       ,      ,      ,        ,        ,        ,        ,        ,        ,        ,        ,      
cotepa01 , 1997,     1, DAL , NHL , L  ,  3.0,  0.0,   0.0,   0.0,  15.0, -1.0 ,  0.0,  0.0,  0.0,  0.0,  0.0, 0.0,   3.0,       ,      ,      ,        ,        ,        ,        ,        ,        ,        ,        ,      
cotepa01 , 1998,     1, NAS , NHL , L  , 70.0,  1.0,   2.0,   3.0, 242.0, -7.0 ,  0.0,  0.0,  0.0,  0.0,  0.0, 0.0,  21.0,       ,      ,      ,        ,        ,        ,        ,        ,        ,        ,        ,      
cotepa01 , 1999,     1, NAS , NHL , L  , 21.0,  0.0,   0.0,   0.0,  70.0, -7.0 ,  0.0,  0.0,  0.0,  0.0,  0.0, 0.0,   8.0,       ,      ,      ,        ,        ,        ,        ,        ,        ,        ,        ,      
cotepa01 , 2000,     1, EDM , NHL , L  ,  6.0,  0.0,   0.0,   0.0,  18.0, -2.0 ,  0.0,  0.0,  0.0,  0.0,  0.0, 0.0,   0.0,       ,      ,      ,        ,        ,        ,        ,        ,        ,        ,        ,      
cotera01 , 1982,     1, EDM , NHL , C  ,     ,     ,      ,      ,      ,      ,     ,     ,     ,     ,     ,    ,      ,   14.0,   3.0,   2.0,     5.0,     4.0,        ,     0.0,        ,     0.0,        ,     0.0,      
cotera01 , 1983,     1, EDM , NHL , C  , 13.0,  0.0,   0.0,   0.0,   2.0, -5.0 ,  0.0,     ,  0.0,     ,  0.0, 0.0,  12.0,       ,      ,      ,        ,        ,        ,        ,        ,        ,        ,        ,      
cotera01 , 1984,     1, EDM , NHL , C  ,  2.0,  0.0,   0.0,   0.0,   2.0, 0.0  ,  0.0,     ,  0.0,     ,  0.0, 0.0,   1.0,       ,      ,      ,        ,        ,        ,        ,        ,        ,        ,        ,      
coteri01 , 2006,     1, PHI , NHL , L  ,  8.0,  0.0,   0.0,   0.0,  11.0, 0.0  ,  0.0,  0.0,  0.0,  0.0,  0.0,    ,   3.0,       ,      ,      ,        ,        ,        ,        ,        ,        ,        ,        ,      
coteri01 , 2007,     1, PHI , NHL , L  , 70.0,  1.0,   3.0,   4.0, 202.0, 2.0  ,  0.0,  1.0,  0.0,  0.0,  0.0,    ,  17.0,    3.0,   0.0,   0.0,     0.0,     0.0, 0.0    ,     0.0,     0.0,     0.0,     0.0,     0.0,     0.0
coteri01 , 2008,     1, PHI , NHL , L  , 63.0,  0.0,   3.0,   3.0, 174.0, -7.0 ,  0.0,  0.0,  0.0,  0.0,  0.0,    ,  24.0,       ,      ,      ,        ,        ,        ,        ,        ,        ,        ,        ,      
coteri01 , 2009,     1, PHI , NHL , L  , 15.0,  0.0,   0.0,   0.0,  24.0, 0.0  ,  0.0,  0.0,  0.0,  0.0,  0.0,    ,   7.0,       ,      ,      ,        ,        ,        ,        ,        ,        ,        ,        ,      
cotero01 , 1972,     1, ALB , WHA , D  , 60.0,  3.0,   5.0,   8.0,  46.0,      ,  1.0,     ,  0.0,     ,     ,    ,      ,       ,      ,      ,        ,        ,        ,        ,        ,        ,        ,        ,      
cotero01 , 1973,     1, EDO , WHA , D  , 59.0,  0.0,   3.0,   3.0,  34.0,      ,  0.0,     ,  0.0,     ,  0.0,    ,      ,    2.0,   0.0,   0.0,     0.0,     0.0,        ,        ,        ,        ,        ,     0.0,      
cotero01 , 1974,     1, IND , WHA , D  , 36.0,  0.0,   6.0,   6.0,  24.0, -9.0 ,  0.0,     ,  0.0,     ,  0.0,    ,  33.0,       ,      ,      ,        ,        ,        ,        ,        ,        ,        ,        ,      
cotesy01 , 1984,     1, HAR , NHL , D  , 67.0,  3.0,   9.0,  12.0,  17.0, -30.0,  1.0,     ,  0.0,     ,  1.0, 0.0,  90.0,       ,      ,      ,        ,        ,        ,        ,        ,        ,        ,        ,      
cotesy01 , 1985,     1, HAR , NHL , D  ,  2.0,  0.0,   0.0,   0.0,   0.0, 1.0  ,  0.0,     ,  0.0,     ,  0.0, 0.0,   0.0,       ,      ,      ,        ,        ,        ,        ,        ,        ,        ,        ,      
cotesy01 , 1986,     1, HAR , NHL , D  , 67.0,  2.0,   8.0,  10.0,  20.0, 11.0 ,  0.0,     ,  0.0,     ,  0.0, 0.0, 100.0,    2.0,   0.0,   2.0,     2.0,     2.0, 4.0    ,     0.0,        ,     0.0,        ,     0.0,     2.0
cotesy01 , 1987,     1, HAR , NHL , D  , 67.0,  7.0,  21.0,  28.0,  30.0, -8.0 ,  0.0,  5.0,  1.0,  3.0,  0.0, 0.0, 142.0,    6.0,   1.0,   1.0,     2.0,     4.0, 0.0    ,     1.0,     1.0,     0.0,     0.0,     0.0,     9.0
cotesy01 , 1988,     1, HAR , NHL , D  , 78.0,  8.0,   9.0,  17.0,  49.0, -7.0 ,  1.0,  0.0,  0.0,  0.0,  0.0, 0.0, 130.0,    3.0,   0.0,   1.0,     1.0,     4.0, -3.0   ,     0.0,     0.0,     0.0,     0.0,     0.0,     2.0
cotesy01 , 1989,     1, HAR , NHL , D  , 28.0,  4.0,   2.0,   6.0,  14.0, 2.0  ,  1.0,  0.0,  0.0,  0.0,  1.0, 1.0,  50.0,    5.0,   0.0,   0.0,     0.0,     2.0, 0.0    ,     0.0,     0.0,     0.0,     0.0,     0.0,    10.0
cotesy01 , 1990,     1, HAR , NHL , D  , 73.0,  7.0,  12.0,  19.0,  17.0, -17.0,  1.0,  5.0,  0.0,  1.0,  0.0, 0.0, 154.0,    6.0,   0.0,   2.0,     2.0,     2.0, 2.0    ,     0.0,     1.0,     0.0,     0.0,     0.0,    10.0
cotesy01 , 1991,     1, WAS , NHL , D  , 78.0, 11.0,  29.0,  40.0,  31.0, 7.0  ,  6.0, 14.0,  0.0,  1.0,  2.0, 0.0, 151.0,    7.0,   1.0,   2.0,     3.0,     4.0, 4.0    ,     0.0,     0.0,     0.0,     0.0,     0.0,    13.0
cotesy01 , 1992,     1, WAS , NHL , D  , 77.0, 21.0,  29.0,  50.0,  34.0, 28.0 ,  8.0,  9.0,  2.0,  1.0,  3.0, 0.0, 206.0,    6.0,   1.0,   1.0,     2.0,     4.0, -3.0   ,     0.0,     1.0,     0.0,     0.0,     0.0,     8.0
cotesy01 , 1993,     1, WAS , NHL , D  , 84.0, 16.0,  35.0,  51.0,  66.0, 30.0 ,  3.0, 11.0,  2.0,  0.0,  2.0, 0.0, 212.0,    9.0,   1.0,   8.0,     9.0,     6.0, 3.0    ,     0.0,     2.0,     0.0,     0.0,     0.0,    30.0
cotesy01 , 1994,     1, WAS , NHL , D  , 47.0,  5.0,  14.0,  19.0,  53.0, 2.0  ,  1.0,  6.0,  0.0,  3.0,  2.0, 0.0, 124.0,    7.0,   1.0,   3.0,     4.0,     2.0, -9.0   ,     0.0,     2.0,     0.0,     0.0,     0.0,    16.0
cotesy01 , 1995,     1, WAS , NHL , D  , 81.0,  5.0,  33.0,  38.0,  40.0, 5.0  ,  3.0, 11.0,  0.0,  2.0,  2.0, 0.0, 212.0,    6.0,   2.0,   0.0,     2.0,    12.0, -3.0   ,     1.0,     0.0,     0.0,     0.0,     0.0,    25.0
cotesy01 , 1996,     1, WAS , NHL , D  , 57.0,  6.0,  18.0,  24.0,  28.0, 11.0 ,  2.0,  7.0,  0.0,  0.0,  0.0, 0.0, 131.0,       ,      ,      ,        ,        ,        ,        ,        ,        ,        ,        ,      
cotesy01 , 1997,     1, WAS , NHL , D  , 59.0,  1.0,  15.0,  16.0,  36.0, -5.0 ,  0.0,  1.0,  0.0,  1.0,  0.0, 0.0,  83.0,       ,      ,      ,        ,        ,        ,        ,        ,        ,        ,        ,      
cotesy01 , 1997,     2, TOR , NHL , D  , 12.0,  3.0,   6.0,   9.0,   6.0, 2.0  ,  1.0,  2.0,  0.0,  0.0,  1.0, 0.0,  20.0,       ,      ,      ,        ,        ,        ,        ,        ,        ,        ,        ,      
cotesy01 , 1998,     1, TOR , NHL , D  , 79.0,  5.0,  24.0,  29.0,  28.0, 22.0 ,  0.0,  9.0,  0.0,  0.0,  1.0, 0.0, 119.0,   17.0,   2.0,   1.0,     3.0,    10.0, -3.0   ,     0.0,     0.0,     0.0,     0.0,     0.0,    19.0
cotesy01 , 1999,     1, TOR , NHL , D  ,  3.0,  0.0,   1.0,   1.0,   0.0, 1.0  ,  0.0,  1.0,  0.0,  0.0,  0.0, 0.0,   3.0,       ,      ,      ,        ,        ,        ,        ,        ,        ,        ,        ,      
cotesy01 , 1999,     2, CHI , NHL , D  , 45.0,  6.0,  18.0,  24.0,  14.0, -4.0 ,  5.0,  7.0,  0.0,  0.0,  2.0, 0.0,  78.0,       ,      ,      ,        ,        ,        ,        ,        ,        ,        ,        ,      
cotesy01 , 1999,     3, DAL , NHL , D  , 28.0,  2.0,   8.0,  10.0,  14.0, 6.0  ,  0.0,  5.0,  0.0,  0.0,  0.0, 0.0,  47.0,   23.0,   2.0,   1.0,     3.0,     8.0, 0.0    ,     2.0,     0.0,     0.0,     0.0,     0.0,    24.0
cotesy01 , 2000,     1, WAS , NHL , D  , 68.0,  7.0,  11.0,  18.0,  18.0, -3.0 ,  1.0,  6.0,  1.0,  0.0,  1.0, 0.0,  86.0,    5.0,   0.0,   0.0,     0.0,     2.0, -1.0   ,     0.0,     0.0,     0.0,     0.0,     0.0,     4.0
cotesy01 , 2001,     1, WAS , NHL , D  , 70.0,  3.0,  11.0,  14.0,  26.0, -15.0,  1.0,  2.0,  0.0,  0.0,  2.0, 0.0, 101.0,       ,      ,      ,        ,        ,        ,        ,        ,        ,        ,        ,      
cotesy01 , 2002,     1, WAS , NHL , D  ,  1.0,  0.0,   0.0,   0.0,   4.0, 0.0  ,  0.0,  0.0,  0.0,  0.0,  0.0, 0.0,   0.0,       ,      ,      ,        ,        ,        ,        ,        ,        ,        ,        ,      
cottoba01, 1925,     1, PIP , NHL , L  , 33.0,  7.0,   1.0,   8.0,  22.0,      ,     ,     ,     ,     ,     ,    ,      ,    2.0,   1.0,   0.0,     1.0,     0.0,        ,        ,        ,        ,        ,        ,      
cottoba01, 1926,     1, PIP , NHL , L  , 37.0,  5.0,   0.0,   5.0,  17.0,      ,     ,     ,     ,     ,     ,    ,      ,       ,      ,      ,        ,        ,        ,        ,        ,        ,        ,        ,      
cottoba01, 1927,     1, PIP , NHL , L  , 42.0,  9.0,   3.0,  12.0,  40.0,      ,     ,     ,     ,     ,     ,    ,      ,    2.0,   1.0,   1.0,     2.0,     2.0,        ,        ,        ,        ,        ,        ,      
cottoba01, 1928,     1, PIP , NHL , L  , 32.0,  3.0,   2.0,   5.0,  38.0,      ,     ,     ,     ,     ,     ,    ,      ,       ,      ,      ,        ,        ,        ,        ,        ,        ,        ,        ,      
cottoba01, 1928,     2, TOR , NHL , L  , 11.0,  1.0,   2.0,   3.0,   8.0,      ,     ,     ,     ,     ,     ,    ,      ,    4.0,   0.0,   0.0,     0.0,     2.0,        ,        ,        ,        ,        ,        ,      
cottoba01, 1929,     1, TOR , NHL , L  , 41.0, 21.0,  17.0,  38.0,  47.0,      ,     ,     ,     ,     ,     ,    ,      ,       ,      ,      ,        ,        ,        ,        ,        ,        ,        ,        ,      
cottoba01, 1930,     1, TOR , NHL , L  , 43.0, 12.0,  17.0,  29.0,  45.0,      ,     ,     ,     ,     ,     ,    ,      ,    2.0,   0.0,   0.0,     0.0,     2.0,        ,        ,        ,        ,        ,        ,      
cottoba01, 1931,     1, TOR , NHL , L  , 48.0,  5.0,  13.0,  18.0,  41.0,      ,     ,     ,     ,     ,     ,    ,      ,    7.0,   2.0,   2.0,     4.0,     8.0,        ,        ,        ,        ,        ,        ,      
cottoba01, 1932,     1, TOR , NHL , L  , 48.0, 10.0,  11.0,  21.0,  29.0,      ,     ,     ,     ,     ,     ,    ,      ,    9.0,   0.0,   3.0,     3.0,     6.0,        ,        ,        ,        ,        ,        ,      
cottoba01, 1933,     1, TOR , NHL , L  , 47.0,  8.0,  14.0,  22.0,  46.0,      ,     ,     ,     ,     ,     ,    ,      ,    5.0,   0.0,   2.0,     2.0,     0.0,        ,        ,        ,        ,        ,        ,      
cottoba01, 1934,     1, TOR , NHL , L  , 47.0, 11.0,  14.0,  25.0,  36.0,      ,     ,     ,     ,     ,     ,    ,      ,    7.0,   0.0,   0.0,     0.0,    17.0,        ,        ,        ,        ,        ,        ,      
cottoba01, 1935,     1, NYA , NHL , L  , 45.0,  7.0,   9.0,  16.0,  27.0,      ,     ,     ,     ,     ,     ,    ,      ,    5.0,   0.0,   1.0,     1.0,     9.0,        ,        ,        ,        ,        ,        ,      
cottoba01, 1936,     1, NYA , NHL , L  , 29.0,  2.0,   0.0,   2.0,  23.0,      ,     ,     ,     ,     ,     ,    ,      ,       ,      ,      ,        ,        ,        ,        ,        ,        ,        ,        ,      
cottrto01, 1972,     1, PHB , WHA , G  ,  2.0,  0.0,   0.0,   0.0,   0.0,      ,  0.0,     ,  0.0,     ,     ,    ,      ,       ,      ,      ,        ,        ,        ,        ,        ,        ,        ,        ,      
coughja01, 1916,     1, TBS , NHA ,    ,  8.0,  2.0,   0.0,   2.0,   3.0,      ,     ,     ,     ,     ,     ,    ,      ,       ,      ,      ,        ,        ,        ,        ,        ,        ,        ,        ,      
coughja01, 1917,     1, TOA , NHL , F  ,  5.0,  2.0,   0.0,   2.0,   3.0,      ,     ,     ,     ,     ,  0.0,    ,      ,       ,      ,      ,        ,        ,        ,        ,        ,        ,        ,        ,      
coughja01, 1919,     1, QUB , NHL , F  ,  9.0,  0.0,   0.0,   0.0,   0.0,      ,     ,     ,     ,     ,     ,    ,      ,       ,      ,      ,        ,        ,        ,        ,        ,        ,        ,        ,      
coughja01, 1919,     2, MTL , NHL , F  ,  3.0,  0.0,   0.0,   0.0,   0.0,      ,     ,     ,     ,     ,     ,    ,      ,       ,      ,      ,        ,        ,        ,        ,        ,        ,        ,        ,      
coughja01, 1920,     1, HAM , NHL , F  ,  2.0,  0.0,   0.0,   0.0,   0.0,      ,     ,     ,     ,     ,     ,    ,      ,       ,      ,      ,        ,        ,        ,        ,        ,        ,        ,        ,      
couliti01, 1979,     1, WAS , NHL , L  , 19.0,  1.0,   2.0,   3.0,  27.0, -6.0 ,  0.0,     ,  0.0,     ,  0.0, 0.0,  12.0,       ,      ,      ,        ,        ,        ,        ,        ,        ,        ,        ,      
couliti01, 1983,     1, MNS , NHL , L  ,  2.0,  0.0,   0.0,   0.0,   4.0, -1.0 ,  0.0,     ,  0.0,     ,  0.0, 0.0,   0.0,       ,      ,      ,        ,        ,        ,        ,        ,        ,        ,        ,      
couliti01, 1984,     1, MNS , NHL , L  ,  7.0,  1.0,   1.0,   2.0,  34.0, -1.0 ,  0.0,     ,  0.0,     ,  0.0, 0.0,  10.0,    3.0,   1.0,   0.0,     1.0,     2.0, 0.0    ,     0.0,        ,     0.0,        ,     1.0,     4.0
couliti01, 1985,     1, MNS , NHL , L  , 19.0,  2.0,   2.0,   4.0,  73.0, -5.0 ,  0.0,     ,  0.0,     ,  0.0, 0.0,  13.0,       ,      ,      ,        ,        ,        ,        ,        ,        ,        ,        ,      
coulopa01, 2006,     1, VAN , NHL , D  ,  7.0,  0.0,   1.0,   1.0,   4.0, -6.0 ,  0.0,  0.0,  0.0,  0.0,  0.0,    ,  11.0,       ,      ,      ,        ,        ,        ,        ,        ,        ,        ,        ,      
coulsda01, 1930,     1, PHQ , NHL , D  , 28.0,  0.0,   0.0,   0.0, 103.0,      ,     ,     ,     ,     ,     ,    ,      ,       ,      ,      ,        ,        ,        ,        ,        ,        ,        ,        ,      
coultar01, 1931,     1, CHI , NHL , D  , 13.0,  0.0,   1.0,   1.0,  23.0,      ,     ,     ,     ,     ,     ,    ,      ,    2.0,   1.0,   0.0,     1.0,     0.0,        ,        ,        ,        ,        ,        ,      
coultar01, 1932,     1, CHI , NHL , D  , 46.0,  3.0,   2.0,   5.0,  53.0,      ,     ,     ,     ,     ,     ,    ,      ,       ,      ,      ,        ,        ,        ,        ,        ,        ,        ,        ,      
coultar01, 1933,     1, CHI , NHL , D  , 46.0,  5.0,   2.0,   7.0,  39.0,      ,     ,     ,     ,     ,     ,    ,      ,    8.0,   1.0,   0.0,     1.0,    10.0,        ,        ,        ,        ,        ,        ,      
coultar01, 1934,     1, CHI , NHL , D  , 48.0,  4.0,   8.0,  12.0,  68.0,      ,     ,     ,     ,     ,     ,    ,      ,    2.0,   0.0,   0.0,     0.0,     5.0,        ,        ,        ,        ,        ,        ,      
coultar01, 1935,     1, CHI , NHL , D  , 25.0,  1.0,   2.0,   3.0,  18.0,      ,     ,     ,     ,     ,     ,    ,      ,       ,      ,      ,        ,        ,        ,        ,        ,        ,        ,        ,      
coultar01, 1935,     2, NYR , NHL , D  , 23.0,  0.0,   5.0,   5.0,  26.0,      ,     ,     ,     ,     ,     ,    ,      ,       ,      ,      ,        ,        ,        ,        ,        ,        ,        ,        ,      
coultar01, 1936,     1, NYR , NHL , D  , 47.0,  1.0,   5.0,   6.0,  27.0,      ,     ,     ,     ,     ,     ,    ,      ,    9.0,   0.0,   3.0,     3.0,    15.0,        ,        ,        ,        ,        ,        ,      
coultar01, 1937,     1, NYR , NHL , D  , 43.0,  5.0,  10.0,  15.0,  90.0,      ,     ,     ,     ,     ,     ,    ,      ,       ,      ,      ,        ,        ,        ,        ,        ,        ,        ,        ,      
coultar01, 1938,     1, NYR , NHL , D  , 44.0,  4.0,   8.0,  12.0,  58.0,      ,     ,     ,     ,     ,     ,    ,      ,    7.0,   1.0,   1.0,     2.0,     6.0,        ,        ,        ,        ,        ,        ,      
coultar01, 1939,     1, NYR , NHL , D  , 48.0,  1.0,   9.0,  10.0,  68.0,      ,     ,     ,     ,     ,     ,    ,      ,   12.0,   1.0,   0.0,     1.0,    21.0,        ,        ,        ,        ,        ,        ,      
coultar01, 1940,     1, NYR , NHL , D  , 35.0,  5.0,  14.0,  19.0,  42.0,      ,     ,     ,     ,     ,     ,    ,      ,    3.0,   0.0,   0.0,     0.0,     0.0,        ,        ,        ,        ,        ,        ,      
coultar01, 1941,     1, NYR , NHL , D  , 47.0,  1.0,  16.0,  17.0,  31.0,      ,     ,     ,     ,     ,     ,    ,      ,    6.0,   0.0,   1.0,     1.0,     4.0,        ,        ,        ,        ,        ,        ,      
coultne01, 1985,     1, NYI , NHL , R  , 16.0,  3.0,   4.0,   7.0,   4.0, -1.0 ,  0.0,     ,  0.0,     ,  0.0, 0.0,  17.0,       ,      ,      ,        ,        ,        ,        ,        ,        ,        ,        ,      
coultne01, 1986,     1, NYI , NHL , R  ,  9.0,  2.0,   1.0,   3.0,   7.0, -2.0 ,  0.0,     ,  0.0,     ,  0.0, 0.0,   5.0,       ,      ,      ,        ,        ,        ,        ,        ,        ,        ,        ,      
coultne01, 1987,     1, NYI , NHL , R  ,  1.0,  0.0,   0.0,   0.0,   0.0, -1.0 ,  0.0,  0.0,  0.0,  0.0,  0.0, 0.0,   0.0,       ,      ,      ,        ,        ,        ,        ,        ,        ,        ,        ,      
coultto01, 1933,     1, CHI , NHL , F  ,  2.0,  0.0,   0.0,   0.0,   0.0,      ,     ,     ,     ,     ,     ,    ,      ,       ,      ,      ,        ,        ,        ,        ,        ,        ,        ,        ,      
cournno01, 1973,     1, CLC , WHA , C  , 13.0,  3.0,   5.0,   8.0,   6.0,      ,  1.0,     ,  0.0,     ,  0.0,    ,      ,       ,      ,      ,        ,        ,        ,        ,        ,        ,        ,        ,      
cournno01, 1976,     1, SDM , WHA , C  , 19.0,  1.0,   2.0,   3.0,   8.0, -14.0,  0.0,     ,  0.0,     ,     ,    ,  30.0,       ,      ,      ,        ,        ,        ,        ,        ,        ,        ,        ,      
cournyv01, 1963,     1, MTL , NHL , R  ,  5.0,  4.0,   0.0,   4.0,   0.0,      ,  1.0,     ,  0.0,     ,  0.0, 0.0,      ,       ,      ,      ,        ,        ,        ,        ,        ,        ,        ,        ,      
cournyv01, 1964,     1, MTL , NHL , R  , 55.0,  7.0,  10.0,  17.0,  10.0,      ,  4.0,     ,  0.0,     ,  0.0, 0.0,      ,   12.0,   3.0,   1.0,     4.0,     0.0,        ,        ,        ,        ,        ,     1.0,      
cournyv01, 1965,     1, MTL , NHL , R  , 65.0, 18.0,  11.0,  29.0,   8.0,      , 16.0,     ,  0.0,     ,  0.0, 0.0,      ,   10.0,   2.0,   3.0,     5.0,     2.0,        ,        ,        ,        ,        ,     1.0,      
cournyv01, 1966,     1, MTL , NHL , R  , 69.0, 25.0,  15.0,  40.0,  14.0,      , 20.0,     ,  0.0,     ,  7.0, 0.0,      ,   10.0,   2.0,   3.0,     5.0,     6.0,        ,        ,        ,        ,        ,     1.0,      
cournyv01, 1967,     1, MTL , NHL , R  , 64.0, 28.0,  32.0,  60.0,  23.0, 19.0 ,  7.0,     ,  1.0,     ,  4.0, 2.0, 222.0,   13.0,   6.0,   8.0,    14.0,     4.0,        ,     3.0,        ,     0.0,        ,     1.0,      
cournyv01, 1968,     1, MTL , NHL , R  , 76.0, 43.0,  44.0,  87.0,  31.0, 19.0 , 14.0,     ,  0.0,     ,  8.0, 4.0, 245.0,   14.0,   4.0,   7.0,    11.0,     5.0,        ,     2.0,        ,     0.0,        ,     2.0,      
cournyv01, 1969,     1, MTL , NHL , R  , 72.0, 27.0,  36.0,  63.0,  23.0, 1.0  , 10.0,     ,  0.0,     ,  4.0, 3.0, 233.0,       ,      ,      ,        ,        ,        ,        ,        ,        ,        ,        ,      
cournyv01, 1970,     1, MTL , NHL , R  , 65.0, 37.0,  36.0,  73.0,  21.0, 20.0 , 18.0,     ,  0.0,     ,  5.0, 1.0, 197.0,   20.0,  10.0,  12.0,    22.0,     6.0,        ,     2.0,        ,     0.0,        ,     1.0,      
cournyv01, 1971,     1, MTL , NHL , R  , 73.0, 47.0,  36.0,  83.0,  15.0, 23.0 , 18.0,     ,  0.0,     ,  5.0, 1.0, 208.0,    6.0,   2.0,   1.0,     3.0,     2.0,        ,     0.0,        ,     0.0,        ,     0.0,      
cournyv01, 1972,     1, MTL , NHL , R  , 67.0, 40.0,  39.0,  79.0,  18.0, 50.0 ,  6.0,     ,  0.0,     ,  4.0, 6.0, 194.0,   17.0,  15.0,  10.0,    25.0,     2.0,        ,     3.0,        ,     0.0,        ,     3.0,      
cournyv01, 1973,     1, MTL , NHL , R  , 67.0, 40.0,  33.0,  73.0,  18.0, 16.0 , 10.0,     ,  0.0,     ,  9.0, 0.0, 187.0,    6.0,   5.0,   2.0,     7.0,     2.0,        ,     0.0,        ,     0.0,        ,     2.0,      
cournyv01, 1974,     1, MTL , NHL , R  , 76.0, 29.0,  45.0,  74.0,  32.0, 16.0 , 11.0,     ,  0.0,     ,  2.0, 1.0, 176.0,   11.0,   5.0,   6.0,    11.0,     4.0,        ,     2.0,        ,     0.0,        ,     0.0,      
cournyv01, 1975,     1, MTL , NHL , R  , 71.0, 32.0,  36.0,  68.0,  20.0, 37.0 ,  8.0,     ,  0.0,     , 12.0, 0.0, 163.0,   13.0,   3.0,   6.0,     9.0,     4.0,        ,     2.0,        ,     0.0,        ,     1.0,      
cournyv01, 1976,     1, MTL , NHL , R  , 60.0, 25.0,  28.0,  53.0,   8.0, 27.0 ,  6.0,     ,  0.0,     ,  2.0, 2.0, 122.0,       ,      ,      ,        ,        ,        ,        ,        ,        ,        ,        ,      
cournyv01, 1977,     1, MTL , NHL , R  , 68.0, 24.0,  29.0,  53.0,  12.0, 39.0 ,  4.0,     ,  0.0,     ,  6.0, 0.0, 125.0,   15.0,   7.0,   4.0,    11.0,    10.0,        ,     0.0,        ,     0.0,        ,     2.0,      
cournyv01, 1978,     1, MTL , NHL , R  , 15.0,  2.0,   5.0,   7.0,   2.0, 5.0  ,  0.0,     ,  0.0,     ,  0.0, 0.0,  23.0,       ,      ,      ,        ,        ,        ,        ,        ,        ,        ,        ,      
courted01, 1991,     1, SJS , NHL , R  ,  5.0,  0.0,   0.0,   0.0,   0.0, -6.0 ,  0.0,  0.0,  0.0,  0.0,  0.0, 0.0,   7.0,       ,      ,      ,        ,        ,        ,        ,        ,        ,        ,        ,      
courted01, 1992,     1, SJS , NHL , C  , 39.0,  7.0,  13.0,  20.0,  10.0, -15.0,  2.0, 10.0,  0.0,  0.0,  1.0, 0.0,  56.0,       ,      ,      ,        ,        ,        ,        ,        ,        ,        ,        ,      
courtge01, 1983,     1, BOS , NHL , L  ,  4.0,  0.0,   0.0,   0.0,   0.0, -1.0 ,  0.0,     ,  0.0,     ,  0.0, 0.0,   1.0,       ,      ,      ,        ,        ,        ,        ,        ,        ,        ,        ,      
courtge01, 1984,     1, BOS , NHL , L  , 64.0, 12.0,  16.0,  28.0,  82.0, -3.0 ,  0.0,     ,  0.0,     ,  1.0, 0.0,  91.0,    5.0,   0.0,   2.0,     2.0,     7.0, -3.0   ,     0.0,        ,     0.0,        ,     0.0,     3.0
courtge01, 1985,     1, BOS , NHL , L  , 64.0, 21.0,  16.0,  37.0,  61.0, 1.0  ,  2.0,     ,  0.0,     ,  4.0, 0.0, 161.0,    3.0,   0.0,   0.0,     0.0,     2.0, -4.0   ,     0.0,        ,     0.0,        ,     0.0,     3.0
courtge01, 1986,     1, BOS , NHL , L  , 65.0, 13.0,  23.0,  36.0, 117.0, -4.0 ,  2.0,     ,  0.0,     ,  1.0, 0.0, 178.0,    1.0,   0.0,   0.0,     0.0,     0.0, 0.0    ,     0.0,        ,     0.0,        ,     0.0,     2.0
courtge01, 1987,     1, BOS , NHL , L  , 62.0, 32.0,  26.0,  58.0, 108.0, 24.0 ,  8.0,     ,  0.0,  0.0,  4.0, 0.0, 220.0,       ,      ,      ,        ,        ,        ,        ,        ,        ,        ,        ,      
courtge01, 1987,     2, EDM , NHL , L  , 12.0,  4.0,   4.0,   8.0,  15.0, 1.0  ,  0.0,     ,  0.0,  0.0,  1.0, 0.0,  32.0,   19.0,   0.0,   3.0,     3.0,    23.0, 2.0    ,     0.0,     0.0,     0.0,     0.0,     0.0,    33.0
courtge01, 1988,     1, WAS , NHL , L  , 79.0, 42.0,  38.0,  80.0, 112.0, 11.0 , 16.0, 19.0,  0.0,  0.0,  6.0, 0.0, 239.0,    6.0,   2.0,   5.0,     7.0,    12.0, 2.0    ,     1.0,     3.0,     0.0,     0.0,     0.0,    19.0
courtge01, 1989,     1, WAS , NHL , L  , 80.0, 35.0,  39.0,  74.0, 104.0, 27.0 ,  9.0,  6.0,  0.0,  0.0,  2.0, 1.0, 307.0,   15.0,   4.0,   9.0,    13.0,    32.0, -3.0   ,     1.0,     5.0,     0.0,     0.0,     2.0,    49.0
courtge01, 1990,     1, STL , NHL , L  , 66.0, 27.0,  30.0,  57.0,  56.0, 19.0 ,  9.0,  4.0,  0.0,  0.0,  6.0, 0.0, 216.0,       ,      ,      ,        ,        ,        ,        ,        ,        ,        ,        ,      
courtge01, 1990,     2, VAN , NHL , L  , 11.0,  6.0,   2.0,   8.0,   8.0, -3.0 ,  3.0,  1.0,  0.0,  0.0,  2.0, 0.0,  47.0,    6.0,   3.0,   5.0,     8.0,     4.0, 2.0    ,     0.0,     2.0,     0.0,     0.0,     0.0,    26.0
courtge01, 1991,     1, VAN , NHL , L  , 70.0, 23.0,  34.0,  57.0, 116.0, -6.0 , 12.0, 15.0,  0.0,  0.0,  3.0, 0.0, 281.0,   12.0,   6.0,   8.0,    14.0,    20.0, 4.0    ,     2.0,     1.0,     0.0,     0.0,     1.0,    41.0
courtge01, 1992,     1, VAN , NHL , L  , 84.0, 31.0,  46.0,  77.0, 167.0, 27.0 ,  9.0, 11.0,  0.0,  0.0, 11.0, 0.0, 214.0,   12.0,   4.0,  10.0,    14.0,    12.0, 7.0    ,     1.0,     2.0,     0.0,     0.0,     1.0,    43.0
courtge01, 1993,     1, VAN , NHL , L  , 82.0, 26.0,  44.0,  70.0, 123.0, 15.0 , 12.0, 17.0,  1.0,  2.0,  2.0, 0.0, 264.0,   24.0,   9.0,  10.0,    19.0,    51.0, 10.0   ,     0.0,     2.0,     1.0,     0.0,     3.0,    77.0
courtge01, 1994,     1, VAN , NHL , L  , 45.0, 16.0,  18.0,  34.0,  81.0, 2.0  ,  7.0,  9.0,  0.0,  0.0,  1.0, 0.0, 144.0,   11.0,   4.0,   2.0,     6.0,    34.0, -8.0   ,     3.0,     1.0,     1.0,     0.0,     1.0,    31.0
courtge01, 1995,     1, STL , NHL , L  , 69.0, 24.0,  16.0,  40.0, 101.0, -9.0 ,  7.0,  7.0,  1.0,  0.0,  1.0, 2.0, 228.0,   13.0,   0.0,   3.0,     3.0,    14.0, 2.0    ,     0.0,     0.0,     0.0,     0.0,     0.0,    26.0
courtge01, 1996,     1, STL , NHL , L  , 82.0, 17.0,  40.0,  57.0,  86.0, 3.0  ,  4.0, 10.0,  0.0,  0.0,  2.0, 0.0, 203.0,    6.0,   3.0,   1.0,     4.0,    23.0, 0.0    ,     1.0,     1.0,     0.0,     0.0,     2.0,    11.0
courtge01, 1997,     1, STL , NHL , L  , 79.0, 31.0,  31.0,  62.0,  94.0, 12.0 ,  6.0,  8.0,  0.0,  0.0,  5.0, 0.0, 189.0,   10.0,   2.0,   8.0,    10.0,    18.0, -2.0   ,     1.0,     3.0,     0.0,     0.0,     0.0,    24.0
courtge01, 1998,     1, STL , NHL , L  , 24.0,  5.0,   7.0,  12.0,  28.0, 2.0  ,  1.0,  2.0,  0.0,  0.0,  2.0, 0.0,  60.0,   13.0,   2.0,   4.0,     6.0,    10.0, -4.0   ,     2.0,     2.0,     0.0,     0.0,     0.0,    18.0
courtge01, 1999,     1, STL , NHL , L  ,  6.0,  2.0,   2.0,   4.0,   6.0, 3.0  ,  0.0,  1.0,  0.0,  0.0,  1.0, 0.0,  15.0,       ,      ,      ,        ,        ,        ,        ,        ,        ,        ,        ,      
courtma01, 1943,     1, BOS , NHL , G  ,  6.0,  0.0,   0.0,   0.0,   0.0,      ,     ,     ,     ,     ,     ,    ,      ,       ,      ,      ,        ,        ,        ,        ,        ,        ,        ,        ,      
courtru01, 1983,     1, TOR , NHL , C  , 14.0,  3.0,   9.0,  12.0,   6.0, 0.0  ,  1.0,     ,  0.0,     ,  0.0, 0.0,  29.0,       ,      ,      ,        ,        ,        ,        ,        ,        ,        ,        ,      
courtru01, 1984,     1, TOR , NHL , C  , 69.0, 12.0,  10.0,  22.0,  44.0, -23.0,  0.0,     ,  2.0,     ,  1.0, 0.0, 130.0,       ,      ,      ,        ,        ,        ,        ,        ,        ,        ,        ,      
courtru01, 1985,     1, TOR , NHL , C  , 73.0, 22.0,  38.0,  60.0,  52.0, 0.0  ,  3.0,     ,  1.0,     ,  4.0, 0.0, 203.0,   10.0,   3.0,   6.0,     9.0,     8.0, 2.0    ,     1.0,        ,     0.0,        ,     0.0,    32.0
courtru01, 1986,     1, TOR , NHL , C  , 79.0, 29.0,  44.0,  73.0,  90.0, -20.0,  3.0,     ,  6.0,     ,  3.0, 0.0, 282.0,   13.0,   3.0,   4.0,     7.0,    11.0, 1.0    ,     1.0,        ,     0.0,        ,     0.0,    31.0
courtru01, 1987,     1, TOR , NHL , C  , 65.0, 23.0,  26.0,  49.0,  47.0, -16.0,  6.0, 10.0,  3.0,  0.0,  1.0, 1.0, 212.0,    6.0,   2.0,   1.0,     3.0,     0.0, -5.0   ,     0.0,     0.0,     0.0,     0.0,     0.0,    10.0
courtru01, 1988,     1, TOR , NHL , R  ,  9.0,  1.0,   1.0,   2.0,   4.0, -2.0 ,  0.0,     ,  1.0,  0.0,  0.0, 0.0,  11.0,       ,      ,      ,        ,        ,        ,        ,        ,        ,        ,        ,      
courtru01, 1988,     2, MTL , NHL , R  , 64.0, 22.0,  17.0,  39.0,  15.0, 11.0 ,  7.0,     ,  0.0,  0.0,  3.0, 0.0, 136.0,   21.0,   8.0,   5.0,    13.0,    18.0, 12.0   ,     1.0,     1.0,     0.0,     0.0,     2.0,    53.0
courtru01, 1989,     1, MTL , NHL , R  , 80.0, 27.0,  32.0,  59.0,  27.0, 14.0 ,  3.0,  4.0,  0.0,  0.0,  2.0, 2.0, 294.0,   11.0,   5.0,   1.0,     6.0,    10.0, 1.0    ,     0.0,     0.0,     0.0,     0.0,     0.0,    38.0
courtru01, 1990,     1, MTL , NHL , R  , 79.0, 26.0,  50.0,  76.0,  29.0, 5.0  ,  5.0, 12.0,  1.0,  2.0,  5.0, 1.0, 279.0,   13.0,   8.0,   3.0,    11.0,     7.0, 3.0    ,     2.0,     1.0,     2.0,     0.0,     1.0,    51.0
courtru01, 1991,     1, MTL , NHL , R  , 27.0,  7.0,  14.0,  21.0,   6.0, 6.0  ,  0.0,  2.0,  1.0,  0.0,  1.0, 1.0,  63.0,   10.0,   1.0,   1.0,     2.0,     4.0, -2.0   ,     0.0,     0.0,     0.0,     0.0,     1.0,    14.0
courtru01, 1992,     1, MNS , NHL , R  , 84.0, 36.0,  43.0,  79.0,  49.0, 1.0  , 14.0, 14.0,  2.0,  1.0,  3.0, 2.0, 294.0,       ,      ,      ,        ,        ,        ,        ,        ,        ,        ,        ,      
courtru01, 1993,     1, DAL , NHL , R  , 84.0, 23.0,  57.0,  80.0,  59.0, 6.0  ,  5.0, 16.0,  0.0,  0.0,  4.0, 0.0, 231.0,    9.0,   1.0,   8.0,     9.0,     0.0, -3.0   ,     0.0,     5.0,     0.0,     0.0,     0.0,    41.0
courtru01, 1994,     1, DAL , NHL , R  , 32.0,  7.0,  10.0,  17.0,  13.0, -8.0 ,  2.0,  5.0,  0.0,  0.0,  1.0, 0.0,  90.0,       ,      ,      ,        ,        ,        ,        ,        ,        ,        ,        ,      
courtru01, 1994,     2, VAN , NHL , R  , 13.0,  4.0,  14.0,  18.0,   4.0, 10.0 ,  0.0,  5.0,  2.0,  1.0,  1.0, 0.0,  42.0,   11.0,   4.0,   8.0,    12.0,    21.0, 1.0    ,     0.0,     2.0,     2.0,     2.0,     1.0,    27.0
courtru01, 1995,     1, VAN , NHL , R  , 81.0, 26.0,  39.0,  65.0,  40.0, 25.0 ,  6.0,  4.0,  4.0,  5.0,  4.0, 2.0, 205.0,    6.0,   1.0,   3.0,     4.0,     2.0, -4.0   ,     0.0,     1.0,     0.0,     0.0,     0.0,     8.0
courtru01, 1996,     1, VAN , NHL , R  , 47.0,  9.0,  19.0,  28.0,  24.0, 4.0  ,  1.0,  5.0,  0.0,  1.0,  1.0, 0.0, 101.0,       ,      ,      ,        ,        ,        ,        ,        ,        ,        ,        ,      
courtru01, 1996,     2, NYR , NHL , R  , 14.0,  2.0,   5.0,   7.0,   2.0, -3.0 ,  1.0,  2.0,  1.0,  0.0,  1.0, 0.0,  24.0,   15.0,   3.0,   4.0,     7.0,     0.0, 1.0    ,     1.0,     1.0,     0.0,     0.0,     0.0,    27.0
courtru01, 1997,     1, LAK , NHL , R  , 58.0, 12.0,   6.0,  18.0,  27.0, -2.0 ,  1.0,  3.0,  4.0,  0.0,  4.0, 0.0,  97.0,    4.0,   0.0,   0.0,     0.0,     2.0, -2.0   ,     0.0,     0.0,     0.0,     0.0,     0.0,     7.0
courtru01, 1998,     1, LAK , NHL , R  , 57.0,  6.0,  13.0,  19.0,  19.0, -9.0 ,  0.0,  0.0,  1.0,  1.0,  1.0, 0.0,  77.0,       ,      ,      ,        ,        ,        ,        ,        ,        ,        ,        ,      
courtyv01, 1984,     1, CAL , NHL , R  , 14.0,  1.0,   4.0,   5.0,   4.0, 2.0  ,  0.0,     ,  0.0,     ,  1.0, 0.0,  18.0,       ,      ,      ,        ,        ,        ,        ,        ,        ,        ,        ,      
courtyv01, 1985,     1, CAL , NHL , R  ,  4.0,  1.0,   1.0,   2.0,   0.0, 1.0  ,  0.0,     ,  0.0,     ,  0.0, 0.0,   7.0,    1.0,   0.0,   0.0,     0.0,     0.0, -1.0   ,     0.0,        ,     0.0,        ,     0.0,     1.0
courtyv01, 1986,     1, HAR , NHL , R  ,  4.0,  0.0,   0.0,   0.0,   0.0, -6.0 ,  0.0,     ,  0.0,     ,  0.0, 0.0,   4.0,       ,      ,      ,        ,        ,        ,        ,        ,        ,        ,        ,      
courvla01, 1995,     1, VAN , NHL , L  ,  3.0,  1.0,   0.0,   1.0,   0.0, 1.0  ,  0.0,  0.0,  0.0,  0.0,  1.0, 0.0,   2.0,       ,      ,      ,        ,        ,        ,        ,        ,        ,        ,        ,      
courvla01, 1996,     1, VAN , NHL , L  , 19.0,  0.0,   2.0,   2.0,  11.0, -4.0 ,  0.0,  0.0,  0.0,  0.0,  0.0, 0.0,  11.0,       ,      ,      ,        ,        ,        ,        ,        ,        ,        ,        ,      
courvla01, 1997,     1, VAN , NHL , L  , 11.0,  0.0,   0.0,   0.0,   5.0, -7.0 ,  0.0,  0.0,  0.0,  0.0,  0.0, 0.0,   3.0,       ,      ,      ,        ,        ,        ,        ,        ,        ,        ,        ,      
cousima01, 1996,     1, TOR , NHL , G  , 13.0,  0.0,   1.0,   1.0,   0.0, 0.0  ,  0.0,  1.0,  0.0,  0.0,  0.0, 0.0,   0.0,       ,      ,      ,        ,        ,        ,        ,        ,        ,        ,        ,      
cousima01, 1997,     1, TOR , NHL , G  ,  2.0,  0.0,   0.0,   0.0,   0.0, 0.0  ,  0.0,  0.0,  0.0,  0.0,  0.0, 0.0,   0.0,       ,      ,      ,        ,        ,        ,        ,        ,        ,        ,        ,      
cousima01, 1998,     1, NYI , NHL , G  ,  6.0,  0.0,   0.0,   0.0,   0.0, 0.0  ,  0.0,  0.0,  0.0,  0.0,  0.0, 0.0,   0.0,       ,      ,      ,        ,        ,        ,        ,        ,        ,        ,        ,      
cousima01, 1999,     1, LAK , NHL , G  ,  5.0,  0.0,   0.0,   0.0,   0.0, 0.0  ,  0.0,  0.0,  0.0,  0.0,  0.0, 0.0,   0.0,       ,      ,      ,        ,        ,        ,        ,        ,        ,        ,        ,      
coutubi01, 1916,     1, MOC , NHA ,    , 19.0,  1.0,   0.0,   1.0,  19.0,      ,     ,     ,     ,     ,     ,    ,      ,    2.0,   0.0,      ,        ,        ,        ,        ,        ,        ,        ,        ,      
coutubi01, 1917,     1, MTL , NHL , D  , 20.0,  2.0,   2.0,   4.0,  49.0,      ,     ,     ,     ,     ,  0.0,    ,      ,    2.0,   0.0,   0.0,     0.0,     3.0,        ,        ,        ,        ,        ,        ,      
coutubi01, 1918,     1, MTL , NHL , D  , 15.0,  1.0,   2.0,   3.0,  18.0,      ,     ,     ,     ,     ,     ,    ,      ,    5.0,   0.0,   1.0,     1.0,     8.0,        ,        ,        ,        ,        ,        ,      
coutubi01, 1919,     1, MTL , NHL , D  , 20.0,  4.0,   0.0,   4.0,  67.0,      ,     ,     ,     ,     ,     ,    ,      ,       ,      ,      ,        ,        ,        ,        ,        ,        ,        ,        ,      
coutubi01, 1920,     1, HAM , NHL , D  , 24.0,  8.0,   4.0,  12.0,  95.0,      ,     ,     ,     ,     ,     ,    ,      ,       ,      ,      ,        ,        ,        ,        ,        ,        ,        ,        ,      
coutubi01, 1921,     1, MTL , NHL , D  , 24.0,  4.0,   3.0,   7.0,   8.0,      ,     ,     ,     ,     ,     ,    ,      ,       ,      ,      ,        ,        ,        ,        ,        ,        ,        ,        ,      
coutubi01, 1922,     1, MTL , NHL , D  , 24.0,  5.0,   2.0,   7.0,  37.0,      ,     ,     ,     ,     ,     ,    ,      ,    1.0,   0.0,   0.0,     0.0,    22.0,        ,        ,        ,        ,        ,        ,      
coutubi01, 1923,     1, MTL , NHL , D  , 16.0,  3.0,   1.0,   4.0,  18.0,      ,     ,     ,     ,     ,     ,    ,      ,    2.0,   0.0,   0.0,     0.0,     0.0,        ,        ,        ,        ,        ,        ,      
coutubi01, 1924,     1, MTL , NHL , D  , 28.0,  3.0,   2.0,   5.0,  56.0,      ,     ,     ,     ,     ,     ,    ,      ,    2.0,   0.0,   0.0,     0.0,     2.0,        ,        ,        ,        ,        ,        ,      
coutubi01, 1925,     1, MTL , NHL , D  , 33.0,  2.0,   4.0,   6.0,  95.0,      ,     ,     ,     ,     ,     ,    ,      ,       ,      ,      ,        ,        ,        ,        ,        ,        ,        ,        ,      
coutubi01, 1926,     1, BOS , NHL , D  , 40.0,  1.0,   1.0,   2.0,  35.0,      ,     ,     ,     ,     ,     ,    ,      ,    7.0,   1.0,   0.0,     1.0,     4.0,        ,        ,        ,        ,        ,        ,      
coutuge01, 1944,     1, DET , NHL , C  ,     ,     ,      ,      ,      ,      ,     ,     ,     ,     ,     ,    ,      ,    2.0,   0.0,   0.0,     0.0,     0.0,        ,        ,        ,        ,        ,        ,      
coutuge01, 1945,     1, DET , NHL , C  , 43.0,  3.0,   7.0,  10.0,  18.0,      ,     ,     ,     ,     ,     ,    ,      ,    5.0,   0.0,   2.0,     2.0,     0.0,        ,        ,        ,        ,        ,        ,      
coutuge01, 1946,     1, DET , NHL , R  , 30.0,  5.0,  10.0,  15.0,   0.0,      ,     ,     ,     ,     ,     ,    ,      ,    1.0,   0.0,   0.0,     0.0,     0.0,        ,        ,        ,        ,        ,        ,      
coutuge01, 1947,     1, DET , NHL , R  , 19.0,  3.0,   6.0,   9.0,   2.0,      ,     ,     ,     ,     ,     ,    ,      ,       ,      ,      ,        ,        ,        ,        ,        ,        ,        ,        ,      
coutuge01, 1948,     1, DET , NHL , R  , 51.0, 19.0,  10.0,  29.0,   6.0,      ,     ,     ,     ,     ,     ,    ,      ,   10.0,   2.0,   0.0,     2.0,     2.0,        ,        ,        ,        ,        ,        ,      
coutuge01, 1949,     1, DET , NHL , R  , 69.0, 24.0,   7.0,  31.0,  21.0,      ,     ,     ,     ,     ,     ,    ,      ,   14.0,   5.0,   4.0,     9.0,     2.0,        ,        ,        ,        ,        ,        ,      
coutuge01, 1950,     1, DET , NHL , R  , 53.0,  7.0,   6.0,  13.0,   2.0,      ,     ,     ,     ,     ,     ,    ,      ,    6.0,   1.0,   1.0,     2.0,     0.0,        ,        ,        ,        ,        ,        ,      
coutuge01, 1951,     1, MTL , NHL , R  , 10.0,  0.0,   1.0,   1.0,   4.0,      ,     ,     ,     ,     ,     ,    ,      ,       ,      ,      ,        ,        ,        ,        ,        ,        ,        ,        ,      
coutuge01, 1952,     1, CHI , NHL , R  , 70.0, 19.0,  18.0,  37.0,  22.0,      ,     ,     ,     ,     ,     ,    ,      ,    7.0,   1.0,   0.0,     1.0,     0.0,        ,        ,        ,        ,        ,        ,      
coutuge01, 1953,     1, CHI , NHL , R  , 40.0,  6.0,   5.0,  11.0,  14.0,      ,     ,     ,     ,     ,     ,    ,      ,       ,      ,      ,        ,        ,        ,        ,        ,        ,        ,        ,      
coutulo01, 2009,     1, SJS , NHL , C  , 25.0,  5.0,   4.0,   9.0,   6.0, 4.0  ,  1.0,  0.0,  0.0,  0.0,  1.0,    ,  42.0,   15.0,   4.0,   0.0,     4.0,     4.0, 1.0    ,     0.0,     0.0,     0.0,     0.0,     1.0,    18.0
couturi01, 1973,     1, CHC , WHA , G  , 20.0,  0.0,   0.0,   0.0,   0.0,      ,  0.0,     ,  0.0,     ,  0.0,    ,      ,       ,      ,      ,        ,        ,        ,        ,        ,        ,        ,        ,      
couturi01, 1974,     1, CHC , WHA , G  ,  1.0,  0.0,   0.0,   0.0,   0.0,      ,  0.0,     ,  0.0,     ,  0.0,    ,   0.0,       ,      ,      ,        ,        ,        ,        ,        ,        ,        ,        ,      
couturi01, 1975,     1, CIN , WHA , G  ,  3.0,  0.0,   0.0,   0.0,   0.0, 0.0  ,  0.0,     ,  0.0,     ,  0.0,    ,   0.0,       ,      ,      ,        ,        ,        ,        ,        ,        ,        ,        ,      
couturo01, 1928,     1, CHI , NHL , R  , 43.0,  1.0,   3.0,   4.0,  22.0,      ,     ,     ,     ,     ,     ,    ,      ,       ,      ,      ,        ,        ,        ,        ,        ,        ,        ,        ,      
couturo01, 1929,     1, CHI , NHL , R  , 43.0,  8.0,   8.0,  16.0,  63.0,      ,     ,     ,     ,     ,     ,    ,      ,    2.0,   0.0,   0.0,     0.0,     2.0,        ,        ,        ,        ,        ,        ,      
couturo01, 1930,     1, CHI , NHL , R  , 44.0,  8.0,  11.0,  19.0,  30.0,      ,     ,     ,     ,     ,     ,    ,      ,    9.0,   0.0,   3.0,     3.0,     2.0,        ,        ,        ,        ,        ,        ,      
couturo01, 1931,     1, CHI , NHL , R  , 48.0,  9.0,   9.0,  18.0,   8.0,      ,     ,     ,     ,     ,     ,    ,      ,    2.0,   0.0,   0.0,     0.0,     2.0,        ,        ,        ,        ,        ,        ,      
couturo01, 1932,     1, CHI , NHL , R  , 46.0, 10.0,   7.0,  17.0,  26.0,      ,     ,     ,     ,     ,     ,    ,      ,       ,      ,      ,        ,        ,        ,        ,        ,        ,        ,        ,      
couturo01, 1933,     1, CHI , NHL , R  , 48.0,  5.0,   8.0,  13.0,  21.0,      ,     ,     ,     ,     ,     ,    ,      ,    8.0,   1.0,   2.0,     3.0,     4.0,        ,        ,        ,        ,        ,        ,      
couturo01, 1934,     1, CHI , NHL , R  , 27.0,  7.0,   9.0,  16.0,  14.0,      ,     ,     ,     ,     ,     ,    ,      ,    2.0,   0.0,   0.0,     0.0,     5.0,        ,        ,        ,        ,        ,        ,      
couturo01, 1935,     1, MTL , NHL , R  , 10.0,  0.0,   1.0,   1.0,   0.0,      ,     ,     ,     ,     ,     ,    ,      ,       ,      ,      ,        ,        ,        ,        ,        ,        ,        ,        ,      
coutusy01, 1988,     1, LAK , NHL , C  , 16.0,  1.0,   3.0,   4.0,   2.0, -3.0 ,  1.0,  1.0,  0.0,  0.0,  0.0, 0.0,  15.0,       ,      ,      ,        ,        ,        ,        ,        ,        ,        ,        ,      
coutusy01, 1990,     1, LAK , NHL , C  ,  3.0,  0.0,   1.0,   1.0,   0.0, 0.0  ,  0.0,  0.0,  0.0,  0.0,  0.0, 0.0,   2.0,       ,      ,      ,        ,        ,        ,        ,        ,        ,        ,        ,      
coutusy01, 1991,     1, LAK , NHL , C  , 14.0,  3.0,   1.0,   4.0,   2.0, -3.0 ,  0.0,  0.0,  0.0,  0.0,  0.0, 0.0,  21.0,       ,      ,      ,        ,        ,        ,        ,        ,        ,        ,        ,      
cowanje01, 1999,     1, CAL , NHL , L  , 13.0,  4.0,   1.0,   5.0,  16.0, 2.0  ,  0.0,  0.0,  0.0,  0.0,  0.0, 0.0,  26.0,       ,      ,      ,        ,        ,        ,        ,        ,        ,        ,        ,      
cowanje01, 2000,     1, CAL , NHL , L  , 51.0,  9.0,   4.0,  13.0,  74.0, -8.0 ,  2.0,  1.0,  0.0,  0.0,  1.0, 0.0,  48.0,       ,      ,      ,        ,        ,        ,        ,        ,        ,        ,        ,      
cowanje01, 2001,     1, CAL , NHL , R  , 19.0,  1.0,   0.0,   1.0,  40.0, -3.0 ,  0.0,  0.0,  0.0,  0.0,  1.0, 0.0,  13.0,       ,      ,      ,        ,        ,        ,        ,        ,        ,        ,        ,      
cowanje01, 2001,     2, ATL , NHL , R  , 38.0,  4.0,   1.0,   5.0,  50.0, -11.0,  0.0,  0.0,  0.0,  0.0,  1.0, 0.0,  51.0,       ,      ,      ,        ,        ,        ,        ,        ,        ,        ,        ,      
cowanje01, 2002,     1, ATL , NHL , L  , 66.0,  3.0,   5.0,   8.0, 115.0, -15.0,  0.0,  0.0,  0.0,  0.0,  0.0, 0.0,  52.0,       ,      ,      ,        ,        ,        ,        ,        ,        ,        ,        ,      
cowanje01, 2003,     1, ATL , NHL , L  , 58.0,  9.0,  15.0,  24.0,  68.0, 2.0  ,  1.0,  1.0,  0.0,  0.0,  1.0, 1.0,  74.0,       ,      ,      ,        ,        ,        ,        ,        ,        ,        ,        ,      
cowanje01, 2003,     2, LAK , NHL , L  , 13.0,  2.0,   1.0,   3.0,  24.0, -1.0 ,  1.0,  0.0,  0.0,  0.0,  0.0, 0.0,  15.0,       ,      ,      ,        ,        ,        ,        ,        ,        ,        ,        ,      
cowanje01, 2005,     1, LAK , NHL , R  , 46.0,  8.0,   1.0,   9.0,  73.0, -8.0 ,  0.0,  0.0,  0.0,  0.0,  0.0,    ,  53.0,       ,      ,      ,        ,        ,        ,        ,        ,        ,        ,        ,      
cowanje01, 2006,     1, LAK , NHL , L  , 21.0,  0.0,   2.0,   2.0,  32.0, -1.0 ,  0.0,  0.0,  0.0,  0.0,  0.0,    ,  28.0,       ,      ,      ,        ,        ,        ,        ,        ,        ,        ,        ,      
cowanje01, 2006,     2, VAN , NHL , L  , 42.0,  7.0,   3.0,  10.0,  93.0, 4.0  ,  0.0,  0.0,  1.0,  0.0,  0.0,    ,  46.0,   10.0,   2.0,   0.0,     2.0,    22.0, 1.0    ,     0.0,     0.0,     0.0,     0.0,     1.0,    10.0
cowanje01, 2007,     1, VAN , NHL , L  , 46.0,  0.0,   1.0,   1.0, 110.0, -5.0 ,  0.0,  0.0,  0.0,  0.0,  0.0,    ,  35.0,       ,      ,      ,        ,        ,        ,        ,        ,        ,        ,        ,      
cowenja01, 2009,     1, OTT , NHL , D  ,  1.0,  0.0,   0.0,   0.0,   2.0, 0.0  ,  0.0,  0.0,  0.0,  0.0,  0.0,    ,   0.0,       ,      ,      ,        ,        ,        ,        ,        ,        ,        ,        ,      
cowicbr01, 1973,     1, PHI , NHL , L  ,     ,     ,      ,      ,      ,      ,     ,     ,     ,     ,     ,    ,      ,    8.0,   0.0,   0.0,     0.0,     9.0,        ,     0.0,        ,     0.0,        ,     0.0,      
cowicbr01, 1974,     1, WAS , NHL , R  , 65.0,  5.0,   6.0,  11.0,  41.0, -42.0,  0.0,     ,  0.0,     ,  0.0, 0.0,  73.0,       ,      ,      ,        ,        ,        ,        ,        ,        ,        ,        ,      
cowicbr01, 1975,     1, STL , NHL , L  ,  5.0,  0.0,   0.0,   0.0,   2.0, 1.0  ,  0.0,     ,  0.0,     ,  0.0, 0.0,   3.0,       ,      ,      ,        ,        ,        ,        ,        ,        ,        ,        ,      
cowiero01, 1994,     1, LAK , NHL , D  , 32.0,  2.0,   7.0,   9.0,  20.0, -6.0 ,  0.0,  2.0,  0.0,  0.0,  0.0, 0.0,  39.0,       ,      ,      ,        ,        ,        ,        ,        ,        ,        ,        ,      
cowiero01, 1995,     1, LAK , NHL , D  , 46.0,  5.0,   5.0,  10.0,  32.0, -16.0,  2.0,  2.0,  0.0,  0.0,  0.0, 1.0,  86.0,       ,      ,      ,        ,        ,        ,        ,        ,        ,        ,        ,      
cowlebi01, 1934,     1, STE , NHL , C  , 41.0,  5.0,   7.0,  12.0,  10.0,      ,     ,     ,     ,     ,     ,    ,      ,       ,      ,      ,        ,        ,        ,        ,        ,        ,        ,        ,      
cowlebi01, 1935,     1, BOS , NHL , C  , 48.0, 11.0,  10.0,  21.0,  17.0,      ,     ,     ,     ,     ,     ,    ,      ,    2.0,   2.0,   1.0,     3.0,     2.0,        ,        ,        ,        ,        ,        ,      
cowlebi01, 1936,     1, BOS , NHL , C  , 46.0, 13.0,  22.0,  35.0,   4.0,      ,     ,     ,     ,     ,     ,    ,      ,    3.0,   0.0,   3.0,     3.0,     0.0,        ,        ,        ,        ,        ,        ,      
cowlebi01, 1937,     1, BOS , NHL , C  , 48.0, 17.0,  22.0,  39.0,   8.0,      ,     ,     ,     ,     ,     ,    ,      ,    3.0,   2.0,   0.0,     2.0,     0.0,        ,        ,        ,        ,        ,        ,      
cowlebi01, 1938,     1, BOS , NHL , C  , 34.0,  8.0,  34.0,  42.0,   2.0,      ,     ,     ,     ,     ,     ,    ,      ,   12.0,   3.0,  11.0,    14.0,     2.0,        ,        ,        ,        ,        ,        ,      
cowlebi01, 1939,     1, BOS , NHL , C  , 48.0, 13.0,  27.0,  40.0,  24.0,      ,     ,     ,     ,     ,     ,    ,      ,    6.0,   0.0,   1.0,     1.0,     7.0,        ,        ,        ,        ,        ,        ,      
cowlebi01, 1940,     1, BOS , NHL , C  , 46.0, 17.0,  45.0,  62.0,  16.0,      ,     ,     ,     ,     ,     ,    ,      ,    2.0,   0.0,   0.0,     0.0,     0.0,        ,        ,        ,        ,        ,        ,      
cowlebi01, 1941,     1, BOS , NHL , C  , 28.0,  4.0,  23.0,  27.0,   6.0,      ,     ,     ,     ,     ,     ,    ,      ,    5.0,   0.0,   3.0,     3.0,     5.0,        ,        ,        ,        ,        ,        ,      
cowlebi01, 1942,     1, BOS , NHL , C  , 48.0, 27.0,  45.0,  72.0,  10.0,      ,     ,     ,     ,     ,     ,    ,      ,    9.0,   1.0,   7.0,     8.0,     4.0,        ,        ,        ,        ,        ,        ,      
cowlebi01, 1943,     1, BOS , NHL , C  , 36.0, 30.0,  41.0,  71.0,  12.0,      ,     ,     ,     ,     ,     ,    ,      ,       ,      ,      ,        ,        ,        ,        ,        ,        ,        ,        ,      
cowlebi01, 1944,     1, BOS , NHL , C  , 49.0, 25.0,  40.0,  65.0,  12.0,      ,     ,     ,     ,     ,     ,    ,      ,    7.0,   3.0,   3.0,     6.0,     0.0,        ,        ,        ,        ,        ,        ,      
cowlebi01, 1945,     1, BOS , NHL , C  , 26.0, 12.0,  12.0,  24.0,   6.0,      ,     ,     ,     ,     ,     ,    ,      ,   10.0,   1.0,   3.0,     4.0,     2.0,        ,        ,        ,        ,        ,        ,      
cowlebi01, 1946,     1, BOS , NHL , C  , 51.0, 13.0,  25.0,  38.0,  16.0,      ,     ,     ,     ,     ,     ,    ,      ,    5.0,   0.0,   2.0,     2.0,     0.0,        ,        ,        ,        ,        ,        ,      
cowlewa01, 1993,     1, EDM , NHL , G  ,  1.0,  0.0,   0.0,   0.0,   0.0, 0.0  ,  0.0,  0.0,  0.0,  0.0,  0.0, 0.0,   0.0,       ,      ,      ,        ,        ,        ,        ,        ,        ,        ,        ,      
coxab01  , 1929,     1, MTM , NHL , G  ,  1.0,  0.0,   0.0,   0.0,   0.0,      ,     ,     ,     ,     ,     ,    ,      ,       ,      ,      ,        ,        ,        ,        ,        ,        ,        ,        ,      
coxab01  , 1933,     1, DET , NHL , G  ,  2.0,  0.0,   0.0,   0.0,   0.0,      ,     ,     ,     ,     ,     ,    ,      ,       ,      ,      ,        ,        ,        ,        ,        ,        ,        ,        ,      
coxab01  , 1933,     2, NYA , NHL , G  ,  1.0,  0.0,   0.0,   0.0,   0.0,      ,     ,     ,     ,     ,     ,    ,      ,       ,      ,      ,        ,        ,        ,        ,        ,        ,        ,        ,      
coxab01  , 1935,     1, MTL , NHL , G  ,  1.0,  0.0,   0.0,   0.0,   0.0,      ,     ,     ,     ,     ,     ,    ,      ,       ,      ,      ,        ,        ,        ,        ,        ,        ,        ,        ,      
coxda01  , 1926,     1, TRS , NHL , L  , 14.0,  0.0,   1.0,   1.0,   4.0,      ,     ,     ,     ,     ,     ,    ,      ,       ,      ,      ,        ,        ,        ,        ,        ,        ,        ,        ,      
coxda01  , 1927,     1, TOR , NHL , L  , 41.0,  9.0,   6.0,  15.0,  27.0,      ,     ,     ,     ,     ,     ,    ,      ,       ,      ,      ,        ,        ,        ,        ,        ,        ,        ,        ,      
coxda01  , 1928,     1, TOR , NHL , L  , 42.0, 12.0,   7.0,  19.0,  14.0,      ,     ,     ,     ,     ,     ,    ,      ,    4.0,   0.0,   1.0,     1.0,     4.0,        ,        ,        ,        ,        ,        ,      
coxda01  , 1929,     1, TOR , NHL , L  , 18.0,  1.0,   5.0,   6.0,  18.0,      ,     ,     ,     ,     ,     ,    ,      ,       ,      ,      ,        ,        ,        ,        ,        ,        ,        ,        ,      
coxda01  , 1929,     2, OTS , NHL , L  , 24.0,  3.0,   1.0,   4.0,   2.0,      ,     ,     ,     ,     ,     ,    ,      ,    2.0,   0.0,   0.0,     0.0,     0.0,        ,        ,        ,        ,        ,        ,      
coxda01  , 1930,     1, OTS , NHL , L  , 44.0,  9.0,  12.0,  21.0,  12.0,      ,     ,     ,     ,     ,     ,    ,      ,       ,      ,      ,        ,        ,        ,        ,        ,        ,        ,        ,      
coxda01  , 1931,     1, DTF , NHL , L  , 47.0,  4.0,   6.0,  10.0,  23.0,      ,     ,     ,     ,     ,     ,    ,      ,    2.0,   0.0,   0.0,     0.0,     2.0,        ,        ,        ,        ,        ,        ,      
coxda01  , 1932,     1, OTS , NHL , L  , 47.0,  4.0,   7.0,  11.0,   8.0,      ,     ,     ,     ,     ,     ,    ,      ,       ,      ,      ,        ,        ,        ,        ,        ,        ,        ,        ,      
coxda01  , 1933,     1, OTS , NHL , L  , 29.0,  0.0,   4.0,   4.0,   0.0,      ,     ,     ,     ,     ,     ,    ,      ,       ,      ,      ,        ,        ,        ,        ,        ,        ,        ,        ,      
coxda01  , 1933,     2, NYR , NHL , L  , 13.0,  5.0,   0.0,   5.0,   2.0,      ,     ,     ,     ,     ,     ,    ,      ,    2.0,   0.0,   0.0,     0.0,     0.0,        ,        ,        ,        ,        ,        ,      
coxecr01 , 1984,     1, VAN , NHL , C  ,  9.0,  0.0,   0.0,   0.0,  49.0, -5.0 ,  0.0,     ,  0.0,     ,  0.0, 0.0,   1.0,       ,      ,      ,        ,        ,        ,        ,        ,        ,        ,        ,      
coxecr01 , 1985,     1, VAN , NHL , C  , 57.0,  3.0,   5.0,   8.0, 176.0, -13.0,  1.0,     ,  0.0,     ,  0.0, 0.0,  48.0,    3.0,   0.0,   0.0,     0.0,     2.0, -1.0   ,     0.0,        ,     0.0,        ,     0.0,     4.0
coxecr01 , 1986,     1, VAN , NHL , C  , 15.0,  1.0,   0.0,   1.0,  31.0, -3.0 ,  1.0,     ,  0.0,     ,  0.0, 0.0,   7.0,       ,      ,      ,        ,        ,        ,        ,        ,        ,        ,        ,      
coxecr01 , 1987,     1, VAN , NHL , C  , 64.0,  5.0,  12.0,  17.0, 186.0, -1.0 ,  1.0,     ,  0.0,  0.0,  1.0, 0.0,  43.0,       ,      ,      ,        ,        ,        ,        ,        ,        ,        ,        ,      
coxecr01 , 1987,     2, CAL , NHL , C  ,  7.0,  2.0,   3.0,   5.0,  32.0, 3.0  ,  0.0,     ,  0.0,  0.0,  0.0, 0.0,   5.0,    2.0,   1.0,   0.0,     1.0,    16.0, -1.0   ,     0.0,     0.0,     0.0,     0.0,     0.0,     1.0
coxecr01 , 1988,     1, STL , NHL , C  , 41.0,  0.0,   7.0,   7.0, 127.0, 3.0  ,  0.0,  0.0,  0.0,  0.0,  0.0, 0.0,  15.0,       ,      ,      ,        ,        ,        ,        ,        ,        ,        ,        ,      
coxecr01 , 1989,     1, VAN , NHL , C  , 25.0,  1.0,   4.0,   5.0,  66.0, -4.0 ,  0.0,  0.0,  0.0,  0.0,  1.0, 0.0,  11.0,       ,      ,      ,        ,        ,        ,        ,        ,        ,        ,        ,      
coxecr01 , 1990,     1, VAN , NHL , C  ,  7.0,  0.0,   0.0,   0.0,  27.0, -3.0 ,  0.0,  0.0,  0.0,  0.0,  0.0, 0.0,   5.0,       ,      ,      ,        ,        ,        ,        ,        ,        ,        ,        ,      
coxecr01 , 1991,     1, SJS , NHL , C  , 10.0,  2.0,   0.0,   2.0,  19.0, -4.0 ,  0.0,  0.0,  0.0,  0.0,  0.0, 0.0,  11.0,       ,      ,      ,        ,        ,        ,        ,        ,        ,        ,        ,      
crabbjo01, 2008,     1, ATL , NHL , R  , 29.0,  4.0,   5.0,   9.0,  28.0, -2.0 ,  0.0,  0.0,  1.0,  0.0,  1.0,    ,  33.0,       ,      ,      ,        ,        ,        ,        ,        ,        ,        ,        ,      
craigda01, 1991,     1, SJS , NHL , C  , 32.0,  5.0,  11.0,  16.0,   8.0, -3.0 ,  4.0,  1.0,  0.0,  0.0,  2.0, 0.0,  38.0,       ,      ,      ,        ,        ,        ,        ,        ,        ,        ,        ,      
craigda01, 1992,     1, SJS , NHL , C  ,  8.0,  3.0,   1.0,   4.0,   4.0, -4.0 ,  0.0,  0.0,  0.0,  0.0,  0.0, 0.0,   7.0,       ,      ,      ,        ,        ,        ,        ,        ,        ,        ,        ,      
craigda01, 1993,     1, SJS , NHL , C  , 58.0,  3.0,   6.0,   9.0,  16.0, -13.0,  0.0,  0.0,  1.0,  0.0,  0.0, 0.0,  35.0,       ,      ,      ,        ,        ,        ,        ,        ,        ,        ,        ,      
craigji01, 1979,     1, ATF , NHL , G  ,  4.0,  0.0,   0.0,   0.0,   0.0, 0.0  ,  0.0,     ,  0.0,     ,  0.0, 0.0,   0.0,       ,      ,      ,        ,        ,        ,        ,        ,        ,        ,        ,      
craigji01, 1980,     1, BOS , NHL , G  , 23.0,  0.0,   1.0,   1.0,  11.0, 0.0  ,  0.0,     ,  0.0,     ,  0.0, 0.0,   0.0,       ,      ,      ,        ,        ,        ,        ,        ,        ,        ,        ,      
craigji01, 1983,     1, MNS , NHL , G  ,  3.0,  0.0,   0.0,   0.0,   0.0, 0.0  ,  0.0,     ,  0.0,     ,  0.0, 0.0,   0.0,       ,      ,      ,        ,        ,        ,        ,        ,        ,        ,        ,      
craigjo01, 1996,     1, TOR , NHL , R  ,  5.0,  0.0,   0.0,   0.0,  10.0, 0.0  ,  0.0,  0.0,  0.0,  0.0,  0.0, 0.0,   0.0,       ,      ,      ,        ,        ,        ,        ,        ,        ,        ,        ,      
craigmi01, 1990,     1, MNS , NHL , R  , 39.0,  8.0,   4.0,  12.0,  32.0, -11.0,  1.0,  1.0,  0.0,  0.0,  2.0, 0.0,  59.0,   10.0,   1.0,   1.0,     2.0,    20.0, -2.0   ,     1.0,     0.0,     0.0,     0.0,     1.0,    12.0
craigmi01, 1991,     1, MNS , NHL , R  , 67.0, 15.0,  16.0,  31.0, 155.0, -12.0,  4.0,  5.0,  0.0,  0.0,  4.0, 0.0, 136.0,    4.0,   1.0,   0.0,     1.0,     7.0, 0.0    ,     0.0,     0.0,     0.0,     0.0,     0.0,     1.0
craigmi01, 1992,     1, MNS , NHL , R  , 70.0, 15.0,  23.0,  38.0, 106.0, -11.0,  7.0, 11.0,  0.0,  0.0,  0.0, 0.0, 131.0,       ,      ,      ,        ,        ,        ,        ,        ,        ,        ,        ,      
craigmi01, 1993,     1, DAL , NHL , R  , 72.0, 13.0,  24.0,  37.0, 139.0, -14.0,  3.0,  8.0,  0.0,  0.0,  2.0, 0.0, 150.0,    4.0,   0.0,   0.0,     0.0,     2.0, -1.0   ,     0.0,     0.0,     0.0,     0.0,     0.0,     6.0
craigmi01, 1994,     1, TOR , NHL , R  , 37.0,  5.0,   5.0,  10.0,  12.0, -21.0,  1.0,  0.0,  0.0,  0.0,  1.0, 0.0,  61.0,    2.0,   0.0,   1.0,     1.0,     2.0, 0.0    ,     0.0,     0.0,     0.0,     0.0,     0.0,     7.0
craigmi01, 1995,     1, TOR , NHL , L  , 70.0,  8.0,  12.0,  20.0,  42.0, -8.0 ,  1.0,  0.0,  0.0,  0.0,  1.0, 0.0, 108.0,    6.0,   0.0,   0.0,     0.0,    18.0, 0.0    ,     0.0,     0.0,     0.0,     0.0,     0.0,     7.0
craigmi01, 1996,     1, TOR , NHL , R  , 65.0,  7.0,  13.0,  20.0,  62.0, -20.0,  1.0,  2.0,  0.0,  0.0,  0.0, 0.0, 128.0,       ,      ,      ,        ,        ,        ,        ,        ,        ,        ,        ,      
craigmi01, 1998,     1, SJS , NHL , R  ,  1.0,  0.0,   0.0,   0.0,   0.0, -1.0 ,  0.0,  0.0,  0.0,  0.0,  0.0, 0.0,   1.0,       ,      ,      ,        ,        ,        ,        ,        ,        ,        ,        ,      
craigmi01, 2001,     1, SJS , NHL , R  ,  2.0,  0.0,   0.0,   0.0,   2.0, 0.0  ,  0.0,  0.0,  0.0,  0.0,  0.0, 0.0,   2.0,       ,      ,      ,        ,        ,        ,        ,        ,        ,        ,        ,      
craigry01, 2005,     1, TBL , NHL , C  , 48.0, 15.0,  13.0,  28.0,   6.0, -4.0 ,  6.0,  4.0,  0.0,  0.0,  0.0,    ,  81.0,    5.0,   0.0,   0.0,     0.0,    10.0, -3.0   ,     0.0,     0.0,     0.0,     0.0,     0.0,     6.0
craigry01, 2006,     1, TBL , NHL , C  , 72.0, 14.0,  13.0,  27.0,  55.0, -11.0,  4.0,  7.0,  0.0,  0.0,  2.0,    , 130.0,    6.0,   0.0,   0.0,     0.0,    12.0, -1.0   ,     0.0,     0.0,     0.0,     0.0,     0.0,     5.0
craigry01, 2007,     1, TBL , NHL , C  ,  7.0,  1.0,   1.0,   2.0,   0.0, -1.0 ,  1.0,  0.0,  0.0,  0.0,  0.0,    ,   8.0,       ,      ,      ,        ,        ,        ,        ,        ,        ,        ,        ,      
craigry01, 2008,     1, TBL , NHL , C  , 54.0,  2.0,   4.0,   6.0,  60.0, -7.0 ,  0.0,  0.0,  0.0,  0.0,  0.0,    ,  64.0,       ,      ,      ,        ,        ,        ,        ,        ,        ,        ,        ,      
craigry01, 2009,     1, TBL , NHL , C  ,  3.0,  0.0,   0.0,   0.0,   5.0, 0.0  ,  0.0,  0.0,  0.0,  0.0,  0.0,    ,   5.0,       ,      ,      ,        ,        ,        ,        ,        ,        ,        ,        ,      
crashba01, 1965,     1, DET , NHL , D  ,  1.0,  0.0,   0.0,   0.0,   0.0,      ,  0.0,     ,  0.0,     ,  0.0, 0.0,      ,       ,      ,      ,        ,        ,        ,        ,        ,        ,        ,        ,      
crashba01, 1966,     1, DET , NHL , D  ,  2.0,  0.0,   0.0,   0.0,   2.0,      ,  0.0,     ,  0.0,     ,  0.0, 0.0,      ,       ,      ,      ,        ,        ,        ,        ,        ,        ,        ,        ,      
crashba01, 1967,     1, DET , NHL , D  , 57.0,  2.0,  14.0,  16.0,  18.0, 6.0  ,  0.0,     ,  0.0,     ,  0.0, 1.0,  86.0,       ,      ,      ,        ,        ,        ,        ,        ,        ,        ,        ,      
crashba01, 1968,     1, DET , NHL , D  ,  1.0,  0.0,   0.0,   0.0,   0.0, 0.0  ,  0.0,     ,  0.0,     ,  0.0, 0.0,   0.0,       ,      ,      ,        ,        ,        ,        ,        ,        ,        ,        ,      
crashba01, 1972,     1, LAS , WHA , D  , 70.0, 18.0,  27.0,  45.0,  10.0,      ,  7.0,     ,  0.0,     ,     ,    ,      ,    6.0,   0.0,   2.0,     2.0,     2.0,        ,     0.0,        ,     0.0,        ,     0.0,      
crashba01, 1973,     1, LAS , WHA , D  , 78.0,  4.0,  26.0,  30.0,  16.0,      ,  2.0,     ,  0.0,     ,  1.0,    ,      ,       ,      ,      ,        ,        ,        ,        ,        ,        ,        ,        ,      
crashba01, 1974,     1, KCS , NHL , D  , 27.0,  3.0,   6.0,   9.0,  10.0, -16.0,  1.0,     ,  0.0,     ,  1.0, 0.0,  39.0,       ,      ,      ,        ,        ,        ,        ,        ,        ,        ,        ,      
crashba01, 1974,     2, DET , NHL , D  , 48.0,  2.0,  15.0,  17.0,  14.0, -10.0,  0.0,     ,  0.0,     ,  0.0, 0.0,  43.0,       ,      ,      ,        ,        ,        ,        ,        ,        ,        ,        ,      
crashba01, 1975,     1, LAK , NHL , D  ,  4.0,  0.0,   1.0,   1.0,   6.0, -10.0,  0.0,     ,  0.0,     ,  0.0, 0.0,   2.0,       ,      ,      ,        ,        ,        ,        ,        ,        ,        ,        ,      
cravemu01, 1982,     1, DET , NHL , L  , 31.0,  4.0,   7.0,  11.0,   6.0, 4.0  ,  0.0,     ,  0.0,     ,  1.0, 0.0,  21.0,       ,      ,      ,        ,        ,        ,        ,        ,        ,        ,        ,      
cravemu01, 1983,     1, DET , NHL , L  , 15.0,  0.0,   4.0,   4.0,   6.0, 2.0  ,  0.0,     ,  0.0,     ,  0.0, 0.0,   8.0,       ,      ,      ,        ,        ,        ,        ,        ,        ,        ,        ,      
cravemu01, 1984,     1, PHI , NHL , L  , 80.0, 26.0,  35.0,  61.0,  30.0, 45.0 ,  2.0,     ,  2.0,     ,  5.0, 0.0, 142.0,   19.0,   4.0,   6.0,    10.0,    11.0, 6.0    ,     1.0,        ,     1.0,        ,     1.0,    38.0
cravemu01, 1985,     1, PHI , NHL , L  , 78.0, 21.0,  33.0,  54.0,  34.0, 24.0 ,  2.0,     ,  0.0,     ,  6.0, 0.0, 182.0,    5.0,   0.0,   3.0,     3.0,     4.0, 0.0    ,     0.0,        ,     0.0,        ,     0.0,    10.0
cravemu01, 1986,     1, PHI , NHL , L  , 77.0, 19.0,  30.0,  49.0,  38.0, 1.0  ,  5.0,     ,  3.0,     ,  2.0, 0.0,  98.0,   12.0,   3.0,   1.0,     4.0,     9.0, -4.0   ,     2.0,        ,     0.0,        ,     0.0,    15.0
cravemu01, 1987,     1, PHI , NHL , L  , 72.0, 30.0,  46.0,  76.0,  58.0, 25.0 ,  6.0, 17.0,  2.0,  3.0,  2.0, 1.0, 184.0,    7.0,   2.0,   5.0,     7.0,     4.0, 1.0    ,     0.0,     3.0,     0.0,     0.0,     1.0,    13.0
cravemu01, 1988,     1, PHI , NHL , L  , 51.0,  9.0,  28.0,  37.0,  52.0, 4.0  ,  0.0,  9.0,  0.0,  0.0,  2.0, 0.0,  89.0,    1.0,   0.0,   0.0,     0.0,     2.0, -1.0   ,     0.0,     0.0,     0.0,     0.0,     0.0,     2.0
cravemu01, 1989,     1, PHI , NHL , L  , 76.0, 25.0,  50.0,  75.0,  42.0, 2.0  ,  7.0, 15.0,  2.0,  2.0,  3.0, 0.0, 175.0,       ,      ,      ,        ,        ,        ,        ,        ,        ,        ,        ,      
cravemu01, 1990,     1, PHI , NHL , L  , 77.0, 19.0,  47.0,  66.0,  53.0, -2.0 ,  6.0, 15.0,  0.0,  0.0,  0.0, 0.0, 170.0,       ,      ,      ,        ,        ,        ,        ,        ,        ,        ,        ,      
cravemu01, 1991,     1, PHI , NHL , C  , 12.0,  3.0,   3.0,   6.0,   8.0, 2.0  ,  1.0,  0.0,  0.0,  1.0,  0.0, 0.0,  19.0,       ,      ,      ,        ,        ,        ,        ,        ,        ,        ,        ,      
cravemu01, 1991,     2, HAR , NHL , C  , 61.0, 24.0,  30.0,  54.0,  38.0, -4.0 ,  8.0,  6.0,  4.0,  1.0,  1.0, 1.0, 133.0,    7.0,   3.0,   3.0,     6.0,     6.0, 0.0    ,     0.0,     2.0,     1.0,     0.0,     0.0,    20.0
cravemu01, 1992,     1, HAR , NHL , C  , 67.0, 25.0,  42.0,  67.0,  20.0, -4.0 ,  6.0, 16.0,  3.0,  3.0,  2.0, 0.0, 139.0,       ,      ,      ,        ,        ,        ,        ,        ,        ,        ,        ,      
cravemu01, 1992,     2, VAN , NHL , C  , 10.0,  0.0,  10.0,  10.0,  12.0, 3.0  ,  0.0,  6.0,  0.0,  0.0,  0.0, 0.0,  12.0,   12.0,   4.0,   6.0,    10.0,     4.0, 0.0    ,     1.0,     3.0,     0.0,     0.0,     1.0,    27.0
cravemu01, 1993,     1, VAN , NHL , C  , 78.0, 15.0,  40.0,  55.0,  30.0, 5.0  ,  2.0, 12.0,  1.0,  3.0,  3.0, 0.0, 115.0,   22.0,   4.0,   9.0,    13.0,    18.0, 10.0   ,     0.0,     0.0,     0.0,     0.0,     1.0,    38.0
cravemu01, 1994,     1, CHI , NHL , L  , 16.0,  4.0,   3.0,   7.0,   2.0, 2.0  ,  1.0,  0.0,  0.0,  0.0,  2.0, 0.0,  29.0,   16.0,   5.0,   5.0,    10.0,     4.0, 2.0    ,     0.0,     1.0,     0.0,     0.0,     1.0,    28.0
cravemu01, 1995,     1, CHI , NHL , L  , 66.0, 18.0,  29.0,  47.0,  36.0, 20.0 ,  5.0,  1.0,  1.0,  1.0,  7.0, 0.0,  86.0,    9.0,   1.0,   4.0,     5.0,     2.0, -1.0   ,     1.0,     0.0,     0.0,     0.0,     0.0,    17.0
cravemu01, 1996,     1, CHI , NHL , C  , 75.0,  8.0,  27.0,  35.0,  12.0, 0.0  ,  2.0,  7.0,  0.0,  0.0,  1.0, 0.0, 122.0,    2.0,   0.0,   0.0,     0.0,     2.0, -4.0   ,     0.0,     0.0,     0.0,     0.0,     0.0,     5.0
cravemu01, 1997,     1, SJS , NHL , L  , 67.0, 12.0,  17.0,  29.0,  25.0, 4.0  ,  2.0,  3.0,  3.0,  0.0,  3.0, 0.0, 107.0,    6.0,   1.0,   1.0,     2.0,     0.0, -2.0   ,     0.0,     1.0,     0.0,     0.0,     0.0,     6.0
cravemu01, 1998,     1, SJS , NHL , L  , 43.0,  4.0,  10.0,  14.0,  18.0, -3.0 ,  0.0,  3.0,  1.0,  0.0,  1.0, 0.0,  55.0,       ,      ,      ,        ,        ,        ,        ,        ,        ,        ,        ,      
cravemu01, 1999,     1, SJS , NHL , C  , 19.0,  0.0,   2.0,   2.0,   4.0, -2.0 ,  0.0,  1.0,  0.0,  0.0,  0.0, 0.0,  18.0,       ,      ,      ,        ,        ,        ,        ,        ,        ,        ,        ,      
crawfbo01, 1979,     1, STL , NHL , C  ,  8.0,  1.0,   0.0,   1.0,   2.0, -6.0 ,  0.0,     ,  0.0,     ,  0.0, 0.0,  12.0,       ,      ,      ,        ,        ,        ,        ,        ,        ,        ,        ,      
crawfbo01, 1981,     1, STL , NHL , R  ,  3.0,  0.0,   1.0,   1.0,   0.0, -4.0 ,  0.0,     ,  0.0,     ,  0.0, 0.0,   9.0,       ,      ,      ,        ,        ,        ,        ,        ,        ,        ,        ,      
crawfbo01, 1982,     1, STL , NHL , R  , 27.0,  5.0,   9.0,  14.0,   2.0, -5.0 ,  1.0,     ,  0.0,     ,  0.0, 0.0,  63.0,    4.0,   0.0,   0.0,     0.0,     0.0,        ,     0.0,        ,     0.0,        ,     0.0,      
crawfbo01, 1983,     1, HAR , NHL , R  , 80.0, 36.0,  25.0,  61.0,  32.0, -1.0 ,  5.0,     ,  0.0,     ,  3.0, 2.0, 179.0,       ,      ,      ,        ,        ,        ,        ,        ,        ,        ,        ,      
crawfbo01, 1984,     1, HAR , NHL , R  , 45.0, 14.0,  14.0,  28.0,   8.0, -3.0 ,  2.0,     ,  0.0,     ,  0.0, 0.0,  90.0,       ,      ,      ,        ,        ,        ,        ,        ,        ,        ,        ,      
crawfbo01, 1985,     1, HAR , NHL , R  , 57.0, 14.0,  20.0,  34.0,  16.0, -16.0,  4.0,     ,  0.0,     ,  2.0, 0.0, 110.0,       ,      ,      ,        ,        ,        ,        ,        ,        ,        ,        ,      
crawfbo01, 1985,     2, NYR , NHL , R  , 11.0,  1.0,   2.0,   3.0,  10.0, 2.0  ,  0.0,     ,  0.0,     ,  0.0, 0.0,  15.0,    7.0,   0.0,   1.0,     1.0,     8.0, 0.0    ,     0.0,        ,     0.0,        ,     0.0,     9.0
crawfbo01, 1986,     1, NYR , NHL , R  ,  3.0,  0.0,   0.0,   0.0,   2.0, -1.0 ,  0.0,     ,  0.0,     ,  0.0, 0.0,   1.0,       ,      ,      ,        ,        ,        ,        ,        ,        ,        ,        ,      
crawfbo01, 1986,     2, WAS , NHL , R  , 12.0,  0.0,   0.0,   0.0,   0.0, 0.0  ,  0.0,     ,  0.0,     ,  0.0, 0.0,  14.0,       ,      ,      ,        ,        ,        ,        ,        ,        ,        ,        ,      
crawfbo02, 1980,     1, COR , NHL , R  , 15.0,  1.0,   3.0,   4.0,   6.0, 4.0  ,  0.0,     ,  0.0,     ,  0.0, 0.0,  25.0,       ,      ,      ,        ,        ,        ,        ,        ,        ,        ,        ,      
crawfbo02, 1982,     1, DET , NHL , R  ,  1.0,  0.0,   0.0,   0.0,   0.0, 0.0  ,  0.0,     ,  0.0,     ,  0.0, 0.0,   1.0,       ,      ,      ,        ,        ,        ,        ,        ,        ,        ,        ,      
crawfco01, 2005,     1, CHI , NHL , G  ,  2.0,  0.0,   0.0,   0.0,   0.0, 0.0  ,  0.0,  0.0,  0.0,  0.0,  0.0,    ,   0.0,       ,      ,      ,        ,        ,        ,        ,        ,        ,        ,        ,      
crawfco01, 2007,     1, CHI , NHL , G  ,  5.0,  0.0,   0.0,   0.0,   0.0, 0.0  ,  0.0,  0.0,  0.0,  0.0,  0.0,    ,   0.0,       ,      ,      ,        ,        ,        ,        ,        ,        ,        ,        ,      
crawfco01, 2008,     1, CHI , NHL , G  ,     ,     ,      ,      ,      ,      ,     ,     ,     ,     ,     ,    ,      ,    1.0,   0.0,   0.0,     0.0,     0.0, 0.0    ,     0.0,     0.0,     0.0,     0.0,     0.0,     0.0
crawfco01, 2009,     1, CHI , NHL , G  ,  1.0,  0.0,   0.0,   0.0,   0.0, 0.0  ,  0.0,  0.0,  0.0,  0.0,  0.0,    ,   0.0,       ,      ,      ,        ,        ,        ,        ,        ,        ,        ,        ,      
crawfja01, 1937,     1, BOS , NHL , D  ,  2.0,  0.0,   0.0,   0.0,   0.0,      ,     ,     ,     ,     ,     ,    ,      ,       ,      ,      ,        ,        ,        ,        ,        ,        ,        ,        ,      
crawfja01, 1938,     1, BOS , NHL , D  , 48.0,  4.0,   8.0,  12.0,  12.0,      ,     ,     ,     ,     ,     ,    ,      ,   12.0,   1.0,   1.0,     2.0,     9.0,        ,        ,        ,        ,        ,        ,      
crawfja01, 1939,     1, BOS , NHL , D  , 35.0,  1.0,   4.0,   5.0,  26.0,      ,     ,     ,     ,     ,     ,    ,      ,    6.0,   0.0,   0.0,     0.0,     0.0,        ,        ,        ,        ,        ,        ,      
crawfja01, 1940,     1, BOS , NHL , D  , 45.0,  2.0,   8.0,  10.0,  27.0,      ,     ,     ,     ,     ,     ,    ,      ,   11.0,   0.0,   2.0,     2.0,     7.0,        ,        ,        ,        ,        ,        ,      
crawfja01, 1941,     1, BOS , NHL , D  , 43.0,  2.0,   9.0,  11.0,  37.0,      ,     ,     ,     ,     ,     ,    ,      ,    5.0,   0.0,   1.0,     1.0,     4.0,        ,        ,        ,        ,        ,        ,      
crawfja01, 1942,     1, BOS , NHL , D  , 49.0,  5.0,  18.0,  23.0,  24.0,      ,     ,     ,     ,     ,     ,    ,      ,    6.0,   1.0,   1.0,     2.0,    10.0,        ,        ,        ,        ,        ,        ,      
crawfja01, 1943,     1, BOS , NHL , D  , 34.0,  4.0,  16.0,  20.0,   8.0,      ,     ,     ,     ,     ,     ,    ,      ,       ,      ,      ,        ,        ,        ,        ,        ,        ,        ,        ,      
crawfja01, 1944,     1, BOS , NHL , D  , 40.0,  5.0,  19.0,  24.0,  10.0,      ,     ,     ,     ,     ,     ,    ,      ,    7.0,   0.0,   5.0,     5.0,     0.0,        ,        ,        ,        ,        ,        ,      
crawfja01, 1945,     1, BOS , NHL , D  , 48.0,  7.0,   9.0,  16.0,  10.0,      ,     ,     ,     ,     ,     ,    ,      ,   10.0,   1.0,   2.0,     3.0,     4.0,        ,        ,        ,        ,        ,        ,      
crawfja01, 1946,     1, BOS , NHL , D  , 58.0,  1.0,  17.0,  18.0,  16.0,      ,     ,     ,     ,     ,     ,    ,      ,    2.0,   0.0,   0.0,     0.0,     0.0,        ,        ,        ,        ,        ,        ,      
crawfja01, 1947,     1, BOS , NHL , D  , 45.0,  3.0,  11.0,  14.0,  10.0,      ,     ,     ,     ,     ,     ,    ,      ,    4.0,   0.0,   1.0,     1.0,     2.0,        ,        ,        ,        ,        ,        ,      
crawfja01, 1948,     1, BOS , NHL , D  , 55.0,  2.0,  13.0,  15.0,  14.0,      ,     ,     ,     ,     ,     ,    ,      ,    3.0,   0.0,   0.0,     0.0,     0.0,        ,        ,        ,        ,        ,        ,      
crawfja01, 1949,     1, BOS , NHL , D  , 46.0,  2.0,   8.0,  10.0,   8.0,      ,     ,     ,     ,     ,     ,    ,      ,       ,      ,      ,        ,        ,        ,        ,        ,        ,        ,        ,      
crawflo01, 1989,     1, BOS , NHL , L  ,  7.0,  0.0,   0.0,   0.0,  20.0, 1.0  ,  0.0,  0.0,  0.0,  0.0,  0.0, 0.0,   6.0,    1.0,   0.0,   0.0,     0.0,     0.0, -1.0   ,     0.0,     0.0,     0.0,     0.0,     0.0,     1.0
crawflo01, 1991,     1, BOS , NHL , L  , 19.0,  2.0,   1.0,   3.0,   9.0, -6.0 ,  0.0,  0.0,  0.0,  0.0,  0.0, 0.0,  14.0,       ,      ,      ,        ,        ,        ,        ,        ,        ,        ,        ,      
crawfma01, 1981,     1, VAN , NHL , L  , 40.0,  4.0,   8.0,  12.0,  29.0, 0.0  ,  0.0,     ,  0.0,     ,  0.0, 0.0,  57.0,   14.0,   1.0,   0.0,     1.0,    11.0,        ,     0.0,        ,     0.0,        ,     0.0,      
crawfma01, 1982,     1, VAN , NHL , L  , 41.0,  4.0,   5.0,   9.0,  28.0, -3.0 ,  0.0,     ,  0.0,     ,  1.0, 0.0,  34.0,    3.0,   0.0,   1.0,     1.0,    25.0,        ,     0.0,        ,     0.0,        ,     0.0,      
crawfma01, 1983,     1, VAN , NHL , L  , 19.0,  0.0,   1.0,   1.0,   9.0, 0.0  ,  0.0,     ,  0.0,     ,  0.0, 0.0,  13.0,       ,      ,      ,        ,        ,        ,        ,        ,        ,        ,        ,      
crawfma01, 1984,     1, VAN , NHL , L  ,  1.0,  0.0,   0.0,   0.0,   4.0, -4.0 ,  0.0,     ,  0.0,     ,  0.0, 0.0,   0.0,       ,      ,      ,        ,        ,        ,        ,        ,        ,        ,        ,      
crawfma01, 1985,     1, VAN , NHL , L  , 54.0, 11.0,  14.0,  25.0,  92.0, -7.0 ,  0.0,     ,  0.0,     ,  0.0, 0.0,  80.0,    3.0,   0.0,   1.0,     1.0,     8.0, -2.0   ,     0.0,        ,     0.0,        ,     0.0,     4.0
crawfma01, 1986,     1, VAN , NHL , L  , 21.0,  0.0,   3.0,   3.0,  67.0, -8.0 ,  0.0,     ,  0.0,     ,  0.0, 0.0,  19.0,       ,      ,      ,        ,        ,        ,        ,        ,        ,        ,        ,      
crawfru01, 1912,     1, QU1 , NHA ,    , 19.0,  4.0,   0.0,   4.0,  29.0,      ,     ,     ,     ,     ,     ,    ,      ,       ,      ,      ,        ,        ,        ,        ,        ,        ,        ,        ,      
crawfru01, 1913,     1, QU1 , NHA ,    , 19.0, 15.0,  10.0,  25.0,  14.0,      ,     ,     ,     ,     ,     ,    ,      ,       ,      ,      ,        ,        ,        ,        ,        ,        ,        ,        ,      
crawfru01, 1914,     1, QU1 , NHA ,    , 20.0, 18.0,   8.0,  26.0,  30.0,      ,     ,     ,     ,     ,     ,    ,      ,       ,      ,      ,        ,        ,        ,        ,        ,        ,        ,        ,      
crawfru01, 1915,     1, QU1 , NHA ,    , 22.0, 18.0,   5.0,  23.0,  54.0,      ,     ,     ,     ,     ,     ,    ,      ,       ,      ,      ,        ,        ,        ,        ,        ,        ,        ,        ,      
crawfru01, 1916,     1, QU1 , NHA ,    , 19.0, 10.0,   6.0,  16.0,  62.0,      ,     ,     ,     ,     ,     ,    ,      ,       ,      ,      ,        ,        ,        ,        ,        ,        ,        ,        ,      
crawfru01, 1917,     1, OTS , NHL , L  , 12.0,  2.0,   2.0,   4.0,  15.0,      ,     ,     ,     ,     ,  0.0,    ,      ,       ,      ,      ,        ,        ,        ,        ,        ,        ,        ,        ,      
crawfru01, 1917,     2, TOA , NHL , L  ,  8.0,  1.0,   2.0,   3.0,  51.0,      ,     ,     ,     ,     ,  0.0,    ,      ,    2.0,   2.0,   1.0,     3.0,     9.0,        ,        ,        ,        ,        ,        ,      
crawfru01, 1918,     1, TOA , NHL , R  , 18.0,  7.0,   4.0,  11.0,  51.0,      ,     ,     ,     ,     ,     ,    ,      ,       ,      ,      ,        ,        ,        ,        ,        ,        ,        ,        ,      
crawfru01, 1921,     1, SMJ , WCHL, L  , 24.0,  9.0,   8.0,  17.0,  29.0,      ,     ,     ,     ,     ,     ,    ,      ,       ,      ,      ,        ,        ,        ,        ,        ,        ,        ,        ,      
crawfru01, 1922,     1, SAC , WCHL, L  , 19.0,  7.0,   6.0,  13.0,  10.0,      ,     ,     ,     ,     ,     ,    ,      ,       ,      ,      ,        ,        ,        ,        ,        ,        ,        ,        ,      
crawfru01, 1922,     2, CAT , WCHL, L  , 11.0,  3.0,   1.0,   4.0,   7.0,      ,     ,     ,     ,     ,     ,    ,      ,       ,      ,      ,        ,        ,        ,        ,        ,        ,        ,        ,      
crawfru01, 1923,     1, CAT , WCHL, L  , 26.0,  4.0,   4.0,   8.0,  21.0,      ,     ,     ,     ,     ,     ,    ,      ,    5.0,   1.0,   1.0,     2.0,     6.0,        ,        ,        ,        ,        ,        ,      
crawfru01, 1924,     1, CAT , WCHL, L  , 27.0, 12.0,   2.0,  14.0,  27.0,      ,     ,     ,     ,     ,     ,    ,      ,    2.0,   0.0,   0.0,     0.0,     4.0,        ,        ,        ,        ,        ,        ,      
crawfru01, 1925,     1, VMR , WCHL, L  , 14.0,  0.0,   0.0,   0.0,   8.0,      ,     ,     ,     ,     ,     ,    ,      ,       ,      ,      ,        ,        ,        ,        ,        ,        ,        ,        ,      
creigad01, 1983,     1, BUF , NHL , C  ,  7.0,  2.0,   2.0,   4.0,   4.0, 0.0  ,  0.0,     ,  0.0,     ,  1.0, 0.0,   8.0,       ,      ,      ,        ,        ,        ,        ,        ,        ,        ,        ,      
creigad01, 1984,     1, BUF , NHL , C  , 30.0,  2.0,   8.0,  10.0,  33.0, -7.0 ,  1.0,     ,  0.0,     ,  0.0, 0.0,  20.0,       ,      ,      ,        ,        ,        ,        ,        ,        ,        ,        ,      
creigad01, 1985,     1, BUF , NHL , C  , 19.0,  1.0,   1.0,   2.0,   2.0, -2.0 ,  0.0,     ,  0.0,     ,  1.0, 0.0,   9.0,       ,      ,      ,        ,        ,        ,        ,        ,        ,        ,        ,      
creigad01, 1986,     1, BUF , NHL , C  , 56.0, 18.0,  22.0,  40.0,  26.0, 4.0  ,  6.0,     ,  0.0,     ,  3.0, 0.0, 109.0,       ,      ,      ,        ,        ,        ,        ,        ,        ,        ,        ,      
creigad01, 1987,     1, BUF , NHL , C  , 36.0, 10.0,  17.0,  27.0,  87.0, 7.0  ,  4.0,  2.0,  0.0,  0.0,  1.0, 0.0,  61.0,       ,      ,      ,        ,        ,        ,        ,        ,        ,        ,        ,      
creigad01, 1988,     1, BUF , NHL , L  , 24.0,  7.0,  10.0,  17.0,  44.0, -5.0 ,  3.0,     ,  0.0,  0.0,  1.0, 0.0,  42.0,       ,      ,      ,        ,        ,        ,        ,        ,        ,        ,        ,      
creigad01, 1988,     2, CHI , NHL , L  , 43.0, 15.0,  14.0,  29.0,  92.0, -4.0 ,  8.0,     ,  0.0,  0.0,  3.0, 0.0, 113.0,   15.0,   5.0,   6.0,    11.0,    44.0, -1.0   ,     3.0,     2.0,     1.0,     1.0,     0.0,    31.0
creigad01, 1989,     1, CHI , NHL , L  , 80.0, 34.0,  36.0,  70.0, 224.0, 4.0  , 12.0, 13.0,  0.0,  1.0,  3.0, 0.0, 156.0,   20.0,   3.0,   6.0,     9.0,    59.0, 1.0    ,     0.0,     1.0,     1.0,     0.0,     0.0,    24.0
creigad01, 1990,     1, CHI , NHL , C  , 72.0, 22.0,  29.0,  51.0, 135.0, 0.0  , 10.0,  8.0,  2.0,  2.0,  6.0, 0.0, 127.0,    6.0,   0.0,   1.0,     1.0,    10.0, 0.0    ,     0.0,     1.0,     0.0,     0.0,     0.0,    10.0
creigad01, 1991,     1, CHI , NHL , C  , 11.0,  6.0,   6.0,  12.0,  16.0, -1.0 ,  2.0,  1.0,  0.0,  0.0,  0.0, 1.0,  32.0,       ,      ,      ,        ,        ,        ,        ,        ,        ,        ,        ,      
creigad01, 1991,     2, NYI , NHL , C  , 66.0, 15.0,   9.0,  24.0, 102.0, -4.0 ,  2.0,  0.0,  0.0,  0.0,  2.0, 0.0, 108.0,       ,      ,      ,        ,        ,        ,        ,        ,        ,        ,        ,      
creigad01, 1992,     1, TBL , NHL , C  , 83.0, 19.0,  20.0,  39.0, 110.0, -19.0,  7.0,  3.0,  1.0,  1.0,  0.0, 0.0, 168.0,       ,      ,      ,        ,        ,        ,        ,        ,        ,        ,        ,      
creigad01, 1993,     1, TBL , NHL , L  , 53.0, 10.0,  10.0,  20.0,  37.0, -7.0 ,  2.0,  2.0,  0.0,  0.0,  1.0, 0.0,  77.0,       ,      ,      ,        ,        ,        ,        ,        ,        ,        ,        ,      
creigad01, 1994,     1, STL , NHL , C  , 48.0, 14.0,  20.0,  34.0,  74.0, 17.0 ,  3.0,  4.0,  0.0,  0.0,  1.0, 0.0,  81.0,    7.0,   2.0,   0.0,     2.0,    16.0, -1.0   ,     1.0,     0.0,     0.0,     0.0,     1.0,    17.0
creigad01, 1995,     1, STL , NHL , C  , 61.0, 11.0,  10.0,  21.0,  78.0, 0.0  ,  2.0,  4.0,  0.0,  0.0,  3.0, 1.0,  98.0,   13.0,   1.0,   1.0,     2.0,     8.0, -4.0   ,     0.0,     0.0,     0.0,     0.0,     0.0,    18.0
creigad01, 1996,     1, CHI , NHL , C  , 19.0,  1.0,   2.0,   3.0,  13.0, -2.0 ,  0.0,  0.0,  0.0,  0.0,  0.0, 0.0,  20.0,       ,      ,      ,        ,        ,        ,        ,        ,        ,        ,        ,      
creigbi01, 1912,     1, QU1 , NHA ,    ,  6.0,  0.0,   0.0,   0.0,   2.0,      ,     ,     ,     ,     ,     ,    ,      ,       ,      ,      ,        ,        ,        ,        ,        ,        ,        ,        ,      
creigbi01, 1913,     1, TOO , NHA ,    ,  9.0,  1.0,   0.0,   1.0,   0.0,      ,     ,     ,     ,     ,     ,    ,      ,       ,      ,      ,        ,        ,        ,        ,        ,        ,        ,        ,      
creigbi01, 1916,     1, TBS , NHA ,    ,  1.0,  0.0,   0.0,   0.0,   0.0,      ,     ,     ,     ,     ,     ,    ,      ,       ,      ,      ,        ,        ,        ,        ,        ,        ,        ,        ,      
creigbi01, 1916,     2, MOC , NHA ,    ,  1.0,  0.0,   0.0,   0.0,   0.0,      ,     ,     ,     ,     ,     ,    ,      ,       ,      ,      ,        ,        ,        ,        ,        ,        ,        ,        ,      
creigda01, 1948,     1, BOS , NHL , C  , 12.0,  1.0,   3.0,   4.0,   0.0,      ,     ,     ,     ,     ,     ,    ,      ,    3.0,   0.0,   0.0,     0.0,     0.0,        ,        ,        ,        ,        ,        ,      
creigda01, 1949,     1, BOS , NHL , C  , 64.0, 18.0,  13.0,  31.0,  13.0,      ,     ,     ,     ,     ,     ,    ,      ,       ,      ,      ,        ,        ,        ,        ,        ,        ,        ,        ,      
creigda01, 1950,     1, BOS , NHL , C  , 56.0,  5.0,   4.0,   9.0,   4.0,      ,     ,     ,     ,     ,     ,    ,      ,    5.0,   0.0,   1.0,     1.0,     0.0,        ,        ,        ,        ,        ,        ,      
creigda01, 1951,     1, BOS , NHL , C  , 49.0, 20.0,  17.0,  37.0,  18.0,      ,     ,     ,     ,     ,     ,    ,      ,    7.0,   2.0,   1.0,     3.0,     2.0,        ,        ,        ,        ,        ,        ,      
creigda01, 1952,     1, BOS , NHL , C  , 45.0,  8.0,   8.0,  16.0,  14.0,      ,     ,     ,     ,     ,     ,    ,      ,   11.0,   4.0,   5.0,     9.0,    10.0,        ,        ,        ,        ,        ,        ,      
creigda01, 1953,     1, BOS , NHL , C  , 69.0, 20.0,  20.0,  40.0,  27.0,      ,     ,     ,     ,     ,     ,    ,      ,    4.0,   0.0,   0.0,     0.0,     0.0,        ,        ,        ,        ,        ,        ,      
creigda01, 1954,     1, TOR , NHL , C  , 14.0,  2.0,   1.0,   3.0,   8.0,      ,     ,     ,     ,     ,     ,    ,      ,       ,      ,      ,        ,        ,        ,        ,        ,        ,        ,        ,      
creigda01, 1954,     2, CHI , NHL , C  , 49.0,  7.0,   7.0,  14.0,   6.0,      ,     ,     ,     ,     ,     ,    ,      ,       ,      ,      ,        ,        ,        ,        ,        ,        ,        ,        ,      
creigda01, 1955,     1, NYR , NHL , C  , 70.0, 20.0,  31.0,  51.0,  43.0,      ,     ,     ,     ,     ,     ,    ,      ,    5.0,   0.0,   0.0,     0.0,     4.0,        ,        ,        ,        ,        ,        ,      
creigda01, 1956,     1, NYR , NHL , C  , 70.0, 18.0,  21.0,  39.0,  42.0,      ,     ,     ,     ,     ,     ,    ,      ,    5.0,   2.0,   2.0,     4.0,     2.0,        ,        ,        ,        ,        ,        ,      
creigda01, 1957,     1, NYR , NHL , C  , 70.0, 17.0,  35.0,  52.0,  40.0,      ,     ,     ,     ,     ,     ,    ,      ,    6.0,   3.0,   3.0,     6.0,     2.0,        ,        ,        ,        ,        ,        ,      
creigda01, 1958,     1, TOR , NHL , C  , 34.0,  3.0,   9.0,  12.0,   4.0,      ,     ,     ,     ,     ,     ,    ,      ,    5.0,   0.0,   1.0,     1.0,     0.0,        ,        ,        ,        ,        ,        ,      
creigda01, 1959,     1, TOR , NHL , C  , 14.0,  1.0,   5.0,   6.0,   4.0,      ,     ,     ,     ,     ,     ,    ,      ,       ,      ,      ,        ,        ,        ,        ,        ,        ,        ,        ,      
creigji01, 1930,     1, DTF , NHL , F  , 11.0,  1.0,   0.0,   1.0,   2.0,      ,     ,     ,     ,     ,     ,    ,      ,       ,      ,      ,        ,        ,        ,        ,        ,        ,        ,        ,      
cressda01, 1974,     1, MNS , NHL , L  ,  5.0,  2.0,   0.0,   2.0,   4.0, 2.0  ,  0.0,     ,  0.0,     ,  0.0, 0.0,  13.0,       ,      ,      ,        ,        ,        ,        ,        ,        ,        ,        ,      
cressda01, 1975,     1, MNS , NHL , L  , 80.0,  4.0,   8.0,  12.0,  33.0, -4.0 ,  0.0,     ,  0.0,     ,  1.0, 0.0,  72.0,       ,      ,      ,        ,        ,        ,        ,        ,        ,        ,        ,      
cressgl01, 1956,     1, MTL , NHL , C  ,  4.0,  0.0,   0.0,   0.0,   2.0,      ,     ,     ,     ,     ,     ,    ,      ,       ,      ,      ,        ,        ,        ,        ,        ,        ,        ,        ,      
crhaji01 , 1978,     1, CZE , WHA , G  ,  4.0,  0.0,   0.0,   0.0,   0.0,      ,     ,     ,     ,     ,     ,    ,      ,       ,      ,      ,        ,        ,        ,        ,        ,        ,        ,        ,      
crhaji01 , 1979,     1, TOR , NHL , G  , 15.0,  0.0,   0.0,   0.0,   4.0, 0.0  ,  0.0,     ,  0.0,     ,  0.0, 0.0,   0.0,    2.0,   0.0,   0.0,     0.0,     0.0,        ,     0.0,        ,     0.0,        ,     0.0,      
crhaji01 , 1980,     1, TOR , NHL , G  , 54.0,  0.0,   1.0,   1.0,   8.0, 0.0  ,  0.0,     ,  0.0,     ,  0.0, 0.0,   0.0,    3.0,   0.0,   0.0,     0.0,     0.0,        ,     0.0,        ,     0.0,        ,     0.0,      
crispte01, 1965,     1, BOS , NHL , C  ,  3.0,  0.0,   0.0,   0.0,   0.0,      ,  0.0,     ,  0.0,     ,  0.0, 0.0,      ,       ,      ,      ,        ,        ,        ,        ,        ,        ,        ,        ,      
crispte01, 1967,     1, STL , NHL , C  , 73.0,  9.0,  20.0,  29.0,  10.0, 9.0  ,  0.0,     ,  1.0,     ,  1.0, 1.0, 135.0,   18.0,   1.0,   5.0,     6.0,     6.0,        ,     0.0,        ,     0.0,        ,     0.0,      
crispte01, 1968,     1, STL , NHL , C  , 57.0,  6.0,   9.0,  15.0,  14.0, 8.0  ,  1.0,     ,  1.0,     ,  0.0, 0.0,  40.0,   12.0,   3.0,   4.0,     7.0,    20.0,        ,     0.0,        ,     0.0,        ,     2.0,      
crispte01, 1969,     1, STL , NHL , C  , 26.0,  5.0,   6.0,  11.0,   2.0, 0.0  ,  0.0,     ,  0.0,     ,  1.0, 1.0,  44.0,   16.0,   2.0,   3.0,     5.0,     2.0,        ,     1.0,        ,     0.0,        ,     0.0,      
crispte01, 1970,     1, STL , NHL , C  , 54.0,  5.0,  11.0,  16.0,  13.0, 3.0  ,  0.0,     ,  1.0,     ,  0.0, 0.0,  47.0,    6.0,   1.0,   0.0,     1.0,     2.0,        ,     0.0,        ,     0.0,        ,     0.0,      
crispte01, 1971,     1, STL , NHL , C  , 75.0, 13.0,  18.0,  31.0,  12.0, 7.0  ,  1.0,     ,  6.0,     ,  3.0, 0.0,  94.0,   11.0,   1.0,   3.0,     4.0,     2.0,        ,     0.0,        ,     0.0,        ,     0.0,      
crispte01, 1972,     1, NYI , NHL , C  , 54.0,  4.0,  16.0,  20.0,   6.0, -22.0,  0.0,     ,  1.0,     ,  0.0, 1.0,  72.0,       ,      ,      ,        ,        ,        ,        ,        ,        ,        ,        ,      
crispte01, 1972,     2, PHI , NHL , C  , 12.0,  1.0,   5.0,   6.0,   2.0, 4.0  ,  0.0,     ,  0.0,     ,  0.0, 0.0,  18.0,   11.0,   3.0,   2.0,     5.0,     2.0,        ,     1.0,        ,     0.0,        ,     0.0,      
crispte01, 1973,     1, PHI , NHL , C  , 71.0, 10.0,  21.0,  31.0,  28.0, 12.0 ,  1.0,     ,  2.0,     ,  3.0, 0.0,  88.0,   17.0,   2.0,   2.0,     4.0,     4.0,        ,     0.0,        ,     0.0,        ,     1.0,      
crispte01, 1974,     1, PHI , NHL , C  , 71.0,  8.0,  19.0,  27.0,  20.0, 11.0 ,  0.0,     ,  1.0,     ,  1.0, 1.0,  70.0,    9.0,   2.0,   4.0,     6.0,     0.0,        ,     0.0,        ,     0.0,        ,     0.0,      
crispte01, 1975,     1, PHI , NHL , C  , 38.0,  6.0,   9.0,  15.0,  28.0, 6.0  ,  1.0,     ,  0.0,     ,  1.0, 0.0,  48.0,   10.0,   0.0,   5.0,     5.0,     2.0,        ,     0.0,        ,     0.0,        ,     0.0,      
crispte01, 1976,     1, PHI , NHL , C  ,  2.0,  0.0,   0.0,   0.0,   0.0, 0.0  ,  0.0,     ,  0.0,     ,  0.0, 0.0,   0.0,       ,      ,      ,        ,        ,        ,        ,        ,        ,        ,        ,      
cristed01, 1989,     1, MTL , NHL , C  ,  9.0,  0.0,   1.0,   1.0,   4.0, -1.0 ,  0.0,  0.0,  0.0,  0.0,  0.0, 0.0,   6.0,       ,      ,      ,        ,        ,        ,        ,        ,        ,        ,        ,      
critcgl01, 1975,     1, IND , WHA , D  ,  3.0,  0.0,   0.0,   0.0,   0.0, 0.0  ,  0.0,     ,  0.0,     ,  0.0,    ,   0.0,       ,      ,      ,        ,        ,        ,        ,        ,        ,        ,        ,      
croghma01, 1937,     1, MTM , NHL , D  , 16.0,  0.0,   0.0,   0.0,   4.0,      ,     ,     ,     ,     ,     ,    ,      ,       ,      ,      ,        ,        ,        ,        ,        ,        ,        ,        ,      
crombbj01, 2007,     1, DAL , NHL , R  ,  8.0,  0.0,   2.0,   2.0,  39.0, 1.0  ,  0.0,  0.0,  0.0,  0.0,  0.0,    ,   9.0,    5.0,   0.0,   0.0,     0.0,     0.0, 0.0    ,     0.0,     0.0,     0.0,     0.0,     0.0,     3.0
crombbj01, 2008,     1, DAL , NHL , R  , 15.0,  1.0,   4.0,   5.0,  26.0, -1.0 ,  0.0,  0.0,  0.0,  0.0,  0.0,    ,  12.0,       ,      ,      ,        ,        ,        ,        ,        ,        ,        ,        ,      
crombbj01, 2008,     2, STL , NHL , R  , 66.0, 11.0,   6.0,  17.0, 122.0, -8.0 ,  0.0,  2.0,  1.0,  0.0,  3.0,    , 112.0,    4.0,   0.0,   0.0,     0.0,    12.0, -2.0   ,     0.0,     0.0,     0.0,     0.0,     0.0,     3.0
crombbj01, 2009,     1, STL , NHL , R  , 79.0,  7.0,   8.0,  15.0, 168.0, -5.0 ,  0.0,  0.0,  1.0,  1.0,  1.0,    , 120.0,       ,      ,      ,        ,        ,        ,        ,        ,        ,        ,        ,      
crombmi01, 1977,     1, CLE , NHL , C  , 48.0,  3.0,   4.0,   7.0,  13.0, -26.0,  2.0,     ,  0.0,     ,  0.0, 0.0,  65.0,       ,      ,      ,        ,        ,        ,        ,        ,        ,        ,        ,      
crombmi01, 1978,     1, STL , NHL , C  , 37.0,  3.0,   8.0,  11.0,  34.0, -13.0,  0.0,     ,  0.0,     ,  0.0, 0.0,  51.0,       ,      ,      ,        ,        ,        ,        ,        ,        ,        ,        ,      
crombmi01, 1979,     1, STL , NHL , C  , 71.0, 10.0,  12.0,  22.0,  20.0, -14.0,  1.0,     ,  0.0,     ,  2.0, 0.0,  98.0,    2.0,   0.0,   0.0,     0.0,     0.0,        ,     0.0,        ,     0.0,        ,     0.0,      
crombmi01, 1980,     1, STL , NHL , R  , 66.0,  9.0,  14.0,  23.0,  58.0, 1.0  ,  0.0,     ,  1.0,     ,  1.0, 0.0,  91.0,   11.0,   3.0,   0.0,     3.0,     8.0,        ,     0.0,        ,     0.0,        ,     2.0,      
crombmi01, 1981,     1, STL , NHL , R  , 71.0, 19.0,   8.0,  27.0,  32.0, -10.0,  0.0,     ,  1.0,     ,  1.0, 0.0,  99.0,   10.0,   3.0,   1.0,     4.0,    20.0,        ,     0.0,        ,     0.0,        ,     1.0,      
crombmi01, 1982,     1, STL , NHL , R  , 80.0,  6.0,  11.0,  17.0,  20.0, -5.0 ,  0.0,     ,  1.0,     ,  1.0, 0.0,  71.0,    4.0,   0.0,   1.0,     1.0,     4.0,        ,     0.0,        ,     0.0,        ,     0.0,      
crombmi01, 1983,     1, HAR , NHL , R  , 56.0,  1.0,   4.0,   5.0,  25.0, -13.0,  0.0,     ,  0.0,     ,  0.0, 0.0,  46.0,       ,      ,      ,        ,        ,        ,        ,        ,        ,        ,        ,      
crombmi01, 1984,     1, HAR , NHL , R  , 46.0,  4.0,   7.0,  11.0,  16.0, 0.0  ,  0.0,     ,  1.0,     ,  1.0, 0.0,  31.0,       ,      ,      ,        ,        ,        ,        ,        ,        ,        ,        ,      
cronish01, 1988,     1, WAS , NHL , D  ,  1.0,  0.0,   0.0,   0.0,   0.0, 0.0  ,  0.0,  0.0,  0.0,  0.0,  0.0, 0.0,   0.0,       ,      ,      ,        ,        ,        ,        ,        ,        ,        ,        ,      
cronish01, 1989,     1, WIN , NHL , D  , 61.0,  0.0,   4.0,   4.0, 243.0, -16.0,  0.0,  0.0,  0.0,  1.0,  0.0, 0.0,  30.0,    5.0,   0.0,   0.0,     0.0,     7.0, -2.0   ,     0.0,     0.0,     0.0,     0.0,     0.0,     2.0
cronish01, 1990,     1, WIN , NHL , D  , 67.0,  1.0,   5.0,   6.0, 189.0, -10.0,  0.0,  0.0,  0.0,  0.0,  0.0, 0.0,  40.0,       ,      ,      ,        ,        ,        ,        ,        ,        ,        ,        ,      
cronish01, 1991,     1, WIN , NHL , D  , 65.0,  0.0,   4.0,   4.0, 271.0, -11.0,  0.0,  0.0,  0.0,  0.0,  0.0, 0.0,  25.0,    4.0,   0.0,   0.0,     0.0,     6.0, 0.0    ,     0.0,     0.0,     0.0,     0.0,     0.0,     0.0
cronish01, 1992,     1, PHI , NHL , D  , 35.0,  2.0,   1.0,   3.0,  37.0, 0.0  ,  0.0,  0.0,  0.0,  0.0,  0.0, 0.0,  12.0,       ,      ,      ,        ,        ,        ,        ,        ,        ,        ,        ,      
cronish01, 1993,     1, SJS , NHL , D  , 34.0,  0.0,   2.0,   2.0,  76.0, 2.0  ,  0.0,  0.0,  0.0,  0.0,  0.0, 0.0,  14.0,   14.0,   1.0,   0.0,     1.0,    20.0, -4.0   ,     0.0,     0.0,     0.0,     0.0,     0.0,     5.0
cronish01, 1994,     1, SJS , NHL , D  , 29.0,  0.0,   2.0,   2.0,  61.0, 0.0  ,  0.0,  0.0,  0.0,  0.0,  0.0, 0.0,  12.0,    9.0,   0.0,   0.0,     0.0,     5.0, 2.0    ,     0.0,     0.0,     0.0,     0.0,     0.0,     1.0
crosbsi01, 2005,     1, PIT , NHL , C  , 81.0, 39.0,  63.0, 102.0, 110.0, -1.0 , 16.0, 31.0,  0.0,  2.0,  5.0,    , 278.0,       ,      ,      ,        ,        ,        ,        ,        ,        ,        ,        ,      
crosbsi01, 2006,     1, PIT , NHL , C  , 79.0, 36.0,  84.0, 120.0,  60.0, 10.0 , 13.0, 48.0,  0.0,  0.0,  4.0,    , 250.0,    5.0,   3.0,   2.0,     5.0,     4.0, 0.0    ,     1.0,     1.0,     0.0,     0.0,     1.0,    20.0
crosbsi01, 2007,     1, PIT , NHL , C  , 53.0, 24.0,  48.0,  72.0,  39.0, 18.0 ,  6.0, 21.0,  0.0,  1.0,  4.0,    , 173.0,   20.0,   6.0,  21.0,    27.0,    12.0, 7.0    ,     2.0,    12.0,     0.0,     0.0,     1.0,    59.0
crosbsi01, 2008,     1, PIT , NHL , C  , 77.0, 33.0,  70.0, 103.0,  76.0, 3.0  ,  7.0, 33.0,  0.0,  1.0,  3.0,    , 238.0,   24.0,  15.0,  16.0,    31.0,    14.0, 9.0    ,     5.0,     5.0,     0.0,     0.0,     2.0,    79.0
crosbsi01, 2009,     1, PIT , NHL , C  , 81.0, 51.0,  58.0, 109.0,  71.0, 15.0 , 13.0, 21.0,  2.0,  1.0,  6.0,    , 298.0,   13.0,   6.0,  13.0,    19.0,     6.0, 6.0    ,     1.0,     8.0,     0.0,     0.0,     1.0,    41.0
crossco01, 1993,     1, TBL , NHL , D  ,  5.0,  0.0,   0.0,   0.0,   6.0, -3.0 ,  0.0,  0.0,  0.0,  0.0,  0.0, 0.0,   5.0,       ,      ,      ,        ,        ,        ,        ,        ,        ,        ,        ,      
crossco01, 1994,     1, TBL , NHL , D  , 43.0,  1.0,   5.0,   6.0,  41.0, -6.0 ,  0.0,  3.0,  0.0,  0.0,  1.0, 0.0,  35.0,       ,      ,      ,        ,        ,        ,        ,        ,        ,        ,        ,      
crossco01, 1995,     1, TBL , NHL , D  , 75.0,  2.0,  14.0,  16.0,  66.0, 4.0  ,  0.0,  0.0,  0.0,  0.0,  0.0, 0.0,  57.0,    6.0,   0.0,   0.0,     0.0,    22.0, -4.0   ,     0.0,     0.0,     0.0,     0.0,     0.0,     6.0
crossco01, 1996,     1, TBL , NHL , D  , 72.0,  4.0,   5.0,   9.0,  95.0, 6.0  ,  0.0,  0.0,  0.0,  0.0,  2.0, 0.0,  75.0,       ,      ,      ,        ,        ,        ,        ,        ,        ,        ,        ,      
crossco01, 1997,     1, TBL , NHL , D  , 74.0,  3.0,   6.0,   9.0,  77.0, -24.0,  0.0,  1.0,  1.0,  0.0,  0.0, 0.0,  72.0,       ,      ,      ,        ,        ,        ,        ,        ,        ,        ,        ,      
crossco01, 1998,     1, TBL , NHL , D  , 67.0,  2.0,  16.0,  18.0,  92.0, -25.0,  0.0,  5.0,  0.0,  1.0,  0.0, 0.0,  96.0,       ,      ,      ,        ,        ,        ,        ,        ,        ,        ,        ,      
crossco01, 1999,     1, TOR , NHL , D  , 71.0,  4.0,  11.0,  15.0,  64.0, 13.0 ,  0.0,  0.0,  0.0,  1.0,  1.0, 0.0,  60.0,   12.0,   0.0,   2.0,     2.0,     2.0, 1.0    ,     0.0,     0.0,     0.0,     0.0,     0.0,     7.0
crossco01, 2000,     1, TOR , NHL , D  , 41.0,  3.0,   5.0,   8.0,  50.0, 7.0  ,  1.0,  0.0,  0.0,  0.0,  1.0, 0.0,  34.0,   11.0,   2.0,   1.0,     3.0,    10.0, -1.0   ,     0.0,     0.0,     0.0,     0.0,     1.0,     7.0
crossco01, 2001,     1, TOR , NHL , D  , 50.0,  3.0,   9.0,  12.0,  54.0, 11.0 ,  0.0,  0.0,  0.0,  0.0,  1.0, 0.0,  39.0,   12.0,   0.0,   0.0,     0.0,     8.0, -1.0   ,     0.0,     0.0,     0.0,     0.0,     0.0,     8.0
crossco01, 2002,     1, NYR , NHL , D  , 26.0,  0.0,   4.0,   4.0,  16.0, 13.0 ,  0.0,  0.0,  0.0,  1.0,  0.0, 0.0,  18.0,       ,      ,      ,        ,        ,        ,        ,        ,        ,        ,        ,      
crossco01, 2002,     2, EDM , NHL , D  , 11.0,  2.0,   3.0,   5.0,   8.0, 3.0  ,  1.0,  2.0,  0.0,  0.0,  1.0, 0.0,  11.0,    6.0,   0.0,   1.0,     1.0,    20.0, -3.0   ,     0.0,     0.0,     0.0,     1.0,     0.0,    10.0
crossco01, 2003,     1, EDM , NHL , D  , 68.0,  7.0,  14.0,  21.0,  56.0, 9.0  ,  1.0,  3.0,  0.0,  0.0,  1.0, 0.0,  83.0,       ,      ,      ,        ,        ,        ,        ,        ,        ,        ,        ,      
crossco01, 2005,     1, EDM , NHL , D  , 34.0,  2.0,   3.0,   5.0,  38.0, -5.0 ,  0.0,  0.0,  1.0,  0.0,  0.0,    ,  20.0,       ,      ,      ,        ,        ,        ,        ,        ,        ,        ,        ,      
crossco01, 2005,     2, PIT , NHL , D  ,  6.0,  0.0,   1.0,   1.0,   6.0, -1.0 ,  0.0,  0.0,  0.0,  0.0,  0.0,    ,   1.0,       ,      ,      ,        ,        ,        ,        ,        ,        ,        ,        ,      
crossco01, 2005,     3, DET , NHL , D  , 16.0,  1.0,   1.0,   2.0,  15.0, 3.0  ,  0.0,  0.0,  0.0,  0.0,  0.0,    ,  11.0,       ,      ,      ,        ,        ,        ,        ,        ,        ,        ,        ,      
crossdo01, 1980,     1, CHI , NHL , D  ,  9.0,  0.0,   2.0,   2.0,   2.0, -5.0 ,  0.0,     ,  0.0,     ,  0.0, 0.0,  16.0,       ,      ,      ,        ,        ,        ,        ,        ,        ,        ,        ,      
crossdo01, 1981,     1, CHI , NHL , D  , 70.0, 12.0,  28.0,  40.0,  24.0, -19.0,  7.0,     ,  0.0,     ,  1.0, 0.0, 127.0,   11.0,   0.0,   3.0,     3.0,     4.0,        ,     0.0,        ,     0.0,        ,     0.0,      
crossdo01, 1982,     1, CHI , NHL , D  , 80.0, 13.0,  40.0,  53.0,  46.0, 21.0 ,  6.0,     ,  0.0,     ,  1.0, 0.0, 134.0,   13.0,   3.0,   7.0,    10.0,     6.0,        ,     1.0,        ,     0.0,        ,     0.0,      
crossdo01, 1983,     1, PHI , NHL , D  , 78.0,  7.0,  28.0,  35.0,  63.0, 23.0 ,  2.0,     ,  0.0,     ,  2.0, 0.0, 160.0,    3.0,   0.0,   0.0,     0.0,     0.0, -2.0   ,     0.0,        ,     0.0,        ,     0.0,     3.0
crossdo01, 1984,     1, PHI , NHL , D  , 80.0,  4.0,  33.0,  37.0,  65.0, 31.0 ,  1.0,     ,  1.0,     ,  1.0, 0.0, 111.0,   19.0,   4.0,   6.0,    10.0,    38.0, -3.0   ,     3.0,        ,     0.0,        ,     0.0,    49.0
crossdo01, 1985,     1, PHI , NHL , D  , 80.0,  6.0,  37.0,  43.0,  55.0, -5.0 ,  2.0,     ,  0.0,     ,  1.0, 0.0, 134.0,    5.0,   0.0,   1.0,     1.0,     4.0, 0.0    ,     0.0,        ,     0.0,        ,     0.0,     8.0
crossdo01, 1986,     1, PHI , NHL , D  , 78.0,  9.0,  31.0,  40.0,  29.0, 18.0 ,  7.0,     ,  0.0,     ,  1.0, 1.0, 122.0,   26.0,   4.0,  14.0,    18.0,    31.0, 0.0    ,     2.0,        ,     0.0,        ,     0.0,    41.0
crossdo01, 1987,     1, PHI , NHL , D  , 76.0,  9.0,  29.0,  38.0,  43.0, -1.0 ,  6.0, 11.0,  0.0,  1.0,  0.0, 0.0, 153.0,    7.0,   1.0,   1.0,     2.0,     8.0, 9.0    ,     1.0,     0.0,     0.0,     0.0,     0.0,    15.0
crossdo01, 1988,     1, LAK , NHL , D  , 74.0, 10.0,  15.0,  25.0,  53.0, -11.0,  2.0,  2.0,  0.0,  0.0,  0.0, 0.0, 137.0,    2.0,   0.0,   1.0,     1.0,     2.0, 1.0    ,     0.0,     0.0,     0.0,     0.0,     0.0,     1.0
crossdo01, 1989,     1, NYI , NHL , D  , 80.0, 15.0,  44.0,  59.0,  54.0, 3.0  ,  8.0, 27.0,  0.0,  0.0,  1.0, 2.0, 159.0,    5.0,   0.0,   1.0,     1.0,     6.0, 1.0    ,     0.0,     0.0,     0.0,     0.0,     0.0,     6.0
crossdo01, 1990,     1, NYI , NHL , D  , 16.0,  1.0,   6.0,   7.0,  12.0, -4.0 ,  1.0,     ,  0.0,  0.0,  0.0, 0.0,  30.0,       ,      ,      ,        ,        ,        ,        ,        ,        ,        ,        ,      
crossdo01, 1990,     2, HAR , NHL , D  , 41.0,  4.0,  19.0,  23.0,  19.0, -13.0,  2.0,     ,  0.0,  0.0,  0.0, 0.0,  62.0,       ,      ,      ,        ,        ,        ,        ,        ,        ,        ,        ,      
crossdo01, 1990,     3, DET , NHL , D  , 17.0,  3.0,   4.0,   7.0,  17.0, -6.0 ,  1.0,     ,  0.0,  0.0,  0.0, 0.0,  16.0,    6.0,   0.0,   5.0,     5.0,     6.0, 0.0    ,     0.0,     3.0,     0.0,     0.0,     0.0,     6.0
crossdo01, 1991,     1, DET , NHL , D  , 26.0,  0.0,   8.0,   8.0,  14.0, 8.0  ,  0.0,  1.0,  0.0,  0.0,  0.0, 0.0,  21.0,       ,      ,      ,        ,        ,        ,        ,        ,        ,        ,        ,      
crossdo01, 1992,     1, TBL , NHL , D  , 40.0,  8.0,  21.0,  29.0,  18.0, -4.0 ,  2.0, 14.0,  0.0,  1.0,  1.0, 0.0,  54.0,       ,      ,      ,        ,        ,        ,        ,        ,        ,        ,        ,      
crossdo01, 1992,     2, STL , NHL , D  , 19.0,  2.0,   7.0,   9.0,  10.0, -3.0 ,  2.0,  4.0,  0.0,  0.0,  0.0, 0.0,  24.0,       ,      ,      ,        ,        ,        ,        ,        ,        ,        ,        ,      
crossdo01, 1993,     1, STL , NHL , D  , 50.0,  2.0,   7.0,   9.0,  10.0, 1.0  ,  1.0,  4.0,  0.0,  0.0,  0.0, 0.0,  30.0,       ,      ,      ,        ,        ,        ,        ,        ,        ,        ,        ,      
crossja01, 1913,     1, TOO , NHA ,    ,  1.0,  0.0,   0.0,   0.0,   0.0,      ,     ,     ,     ,     ,     ,    ,      ,       ,      ,      ,        ,        ,        ,        ,        ,        ,        ,        ,      
crossji01, 1977,     1, EDO , WHA , D  ,  2.0,  0.0,   0.0,   0.0,   0.0, -3.0 ,  0.0,     ,  0.0,     ,     ,    ,   1.0,       ,      ,      ,        ,        ,        ,        ,        ,        ,        ,        ,      
crossst01, 1930,     1, PHQ , NHL , D  , 21.0,  0.0,   0.0,   0.0,  10.0,      ,     ,     ,     ,     ,     ,    ,      ,       ,      ,      ,        ,        ,        ,        ,        ,        ,        ,        ,      
crotega01, 1968,     1, LAK , NHL , L  , 11.0,  5.0,   1.0,   6.0,   6.0, -1.0 ,  3.0,     ,  0.0,     ,  0.0, 0.0,  19.0,   11.0,   3.0,   2.0,     5.0,     8.0,        ,     1.0,        ,     0.0,        ,     0.0,      
crotega01, 1969,     1, LAK , NHL , L  ,  3.0,  0.0,   0.0,   0.0,   0.0, 0.0  ,  0.0,     ,  0.0,     ,  0.0, 0.0,   1.0,       ,      ,      ,        ,        ,        ,        ,        ,        ,        ,        ,      
crotega01, 1969,     2, DET , NHL , L  , 10.0,  0.0,   2.0,   2.0,   2.0, -1.0 ,  0.0,     ,  0.0,     ,  0.0, 0.0,   5.0,       ,      ,      ,        ,        ,        ,        ,        ,        ,        ,        ,      
crotega01, 1970,     1, CLF , NHL , L  , 74.0, 15.0,  28.0,  43.0,  12.0, -22.0,  2.0,     ,  0.0,     ,  1.0, 0.0, 182.0,       ,      ,      ,        ,        ,        ,        ,        ,        ,        ,        ,      
crotega01, 1971,     1, CLF , NHL , R  , 73.0, 12.0,  12.0,  24.0,  11.0, -18.0,  1.0,     ,  0.0,     ,  1.0, 1.0, 107.0,       ,      ,      ,        ,        ,        ,        ,        ,        ,        ,        ,      
crotega01, 1972,     1, CLF , NHL , L  , 47.0,  6.0,  15.0,  21.0,   8.0, -13.0,  1.0,     ,  0.0,     ,  0.0, 0.0,  77.0,       ,      ,      ,        ,        ,        ,        ,        ,        ,        ,        ,      
crotega01, 1973,     1, CLF , NHL , L  , 76.0, 14.0,  21.0,  35.0,  16.0, -47.0,  1.0,     ,  0.0,     ,  2.0, 0.0, 149.0,       ,      ,      ,        ,        ,        ,        ,        ,        ,        ,        ,      
crotega01, 1974,     1, KCS , NHL , L  , 77.0,  8.0,  11.0,  19.0,  16.0, -36.0,  0.0,     ,  1.0,     ,  1.0, 0.0, 137.0,       ,      ,      ,        ,        ,        ,        ,        ,        ,        ,        ,      
crotega01, 1975,     1, KCS , NHL , L  , 79.0, 19.0,  14.0,  33.0,  12.0, -24.0,  4.0,     ,  0.0,     ,  1.0, 2.0, 139.0,       ,      ,      ,        ,        ,        ,        ,        ,        ,        ,        ,      
crotega01, 1976,     1, COR , NHL , L  , 78.0, 24.0,  27.0,  51.0,  14.0, -18.0,  5.0,     ,  0.0,     ,  2.0, 0.0, 145.0,       ,      ,      ,        ,        ,        ,        ,        ,        ,        ,        ,      
crotega01, 1977,     1, COR , NHL , L  , 62.0, 17.0,  22.0,  39.0,  24.0, -15.0,  8.0,     ,  0.0,     ,  0.0, 3.0, 104.0,       ,      ,      ,        ,        ,        ,        ,        ,        ,        ,        ,      
crotega01, 1978,     1, COR , NHL , L  , 79.0, 23.0,  18.0,  41.0,  18.0, -28.0,  8.0,     ,  0.0,     ,  1.0, 1.0, 104.0,       ,      ,      ,        ,        ,        ,        ,        ,        ,        ,        ,      
crotega01, 1979,     1, COR , NHL , L  , 15.0,  1.0,   4.0,   5.0,   4.0, -4.0 ,  1.0,     ,  0.0,     ,  0.0, 0.0,   6.0,       ,      ,      ,        ,        ,        ,        ,        ,        ,        ,        ,      
crowdbr01, 1981,     1, BOS , NHL , R  , 63.0, 16.0,  11.0,  27.0,  31.0, -7.0 ,  1.0,     ,  0.0,     ,  1.0, 0.0,  83.0,   11.0,   5.0,   3.0,     8.0,     9.0,        ,     1.0,        ,     0.0,        ,     0.0,      
crowdbr01, 1982,     1, BOS , NHL , R  , 80.0, 21.0,  19.0,  40.0,  58.0, 30.0 ,  1.0,     ,  0.0,     ,  0.0, 0.0, 148.0,   17.0,   3.0,   1.0,     4.0,    32.0,        ,     0.0,        ,     0.0,        ,     1.0,      
crowdbr01, 1983,     1, BOS , NHL , R  , 74.0,  6.0,  14.0,  20.0,  44.0, 1.0  ,  0.0,     ,  0.0,     ,  0.0, 0.0,  65.0,    3.0,   0.0,   0.0,     0.0,     0.0, -1.0   ,     0.0,        ,     0.0,        ,     0.0,     2.0
crowdbr01, 1984,     1, PIT , NHL , R  , 26.0,  4.0,   7.0,  11.0,  23.0, -9.0 ,  0.0,     ,  0.0,     ,  0.0, 0.0,  36.0,       ,      ,      ,        ,        ,        ,        ,        ,        ,        ,        ,      
crowdke01, 1978,     1, BIR , WHA , R  ,  5.0,  1.0,   0.0,   1.0,  17.0, -1.0 ,  0.0,     ,  0.0,     ,     ,    ,      ,       ,      ,      ,        ,        ,        ,        ,        ,        ,        ,        ,      
crowdke01, 1980,     1, BOS , NHL , R  , 47.0, 13.0,  12.0,  25.0, 172.0, 9.0  ,  1.0,     ,  0.0,     ,  1.0, 0.0,  69.0,    3.0,   2.0,   0.0,     2.0,     9.0,        ,     0.0,        ,     0.0,        ,     0.0,      
crowdke01, 1981,     1, BOS , NHL , R  , 71.0, 23.0,  21.0,  44.0, 101.0, 0.0  ,  0.0,     ,  0.0,     ,  1.0, 1.0, 130.0,   11.0,   2.0,   2.0,     4.0,    14.0,        ,     0.0,        ,     0.0,        ,     0.0,      
crowdke01, 1982,     1, BOS , NHL , R  , 74.0, 35.0,  39.0,  74.0, 105.0, 22.0 , 10.0,     ,  0.0,     ,  5.0, 1.0, 156.0,   17.0,   1.0,   6.0,     7.0,    54.0,        ,     1.0,        ,     0.0,        ,     0.0,      
crowdke01, 1983,     1, BOS , NHL , R  , 63.0, 24.0,  28.0,  52.0, 128.0, 12.0 ,  4.0,     ,  0.0,     ,  4.0, 2.0, 110.0,    3.0,   0.0,   0.0,     0.0,     7.0, -1.0   ,     0.0,        ,     0.0,        ,     0.0,     2.0
crowdke01, 1984,     1, BOS , NHL , R  , 79.0, 32.0,  38.0,  70.0, 152.0, 31.0 , 14.0,     ,  0.0,     ,  1.0, 0.0, 173.0,    4.0,   3.0,   2.0,     5.0,    19.0, 3.0    ,     0.0,        ,     0.0,        ,     1.0,     7.0
crowdke01, 1985,     1, BOS , NHL , R  , 78.0, 38.0,  46.0,  84.0, 177.0, 14.0 , 20.0,     ,  0.0,     ,  4.0, 1.0, 184.0,    3.0,   2.0,   0.0,     2.0,    21.0, 1.0    ,     0.0,        ,     0.0,        ,     0.0,    10.0
crowdke01, 1986,     1, BOS , NHL , R  , 58.0, 22.0,  30.0,  52.0, 106.0, 20.0 ,  4.0,     ,  0.0,     ,  5.0, 0.0, 114.0,    4.0,   0.0,   1.0,     1.0,     4.0, -1.0   ,     0.0,        ,     0.0,        ,     0.0,     6.0
crowdke01, 1987,     1, BOS , NHL , R  , 68.0, 17.0,  26.0,  43.0, 173.0, 14.0 ,  6.0,  7.0,  0.0,  0.0,  3.0, 0.0, 123.0,   23.0,   3.0,   9.0,    12.0,    44.0, 0.0    ,     1.0,     0.0,     0.0,     0.0,     0.0,    28.0
crowdke01, 1988,     1, BOS , NHL , R  , 69.0, 15.0,  18.0,  33.0, 147.0, 6.0  ,  5.0,  7.0,  0.0,  0.0,  2.0, 0.0, 121.0,   10.0,   0.0,   2.0,     2.0,    37.0, 4.0    ,     0.0,     0.0,     0.0,     0.0,     0.0,     7.0
crowdke01, 1989,     1, LAK , NHL , C  , 55.0,  4.0,  13.0,  17.0,  93.0, 2.0  ,  0.0,  0.0,  0.0,  0.0,  1.0, 0.0,  48.0,    7.0,   1.0,   0.0,     1.0,     9.0, -1.0   ,     0.0,     0.0,     0.0,     0.0,     0.0,     8.0
crowdtr01, 1987,     1, NJD , NHL , R  ,     ,     ,      ,      ,      ,      ,     ,     ,     ,     ,     ,    ,      ,    1.0,   0.0,   0.0,     0.0,    12.0, -2.0   ,     0.0,     0.0,     0.0,     0.0,     0.0,     2.0
crowdtr01, 1989,     1, NJD , NHL , R  , 10.0,  0.0,   0.0,   0.0,  23.0, 0.0  ,  0.0,  0.0,  0.0,  0.0,  0.0, 0.0,   4.0,    2.0,   0.0,   0.0,     0.0,    10.0, 0.0    ,     0.0,     0.0,     0.0,     0.0,     0.0,     0.0
crowdtr01, 1990,     1, NJD , NHL , R  , 59.0,  6.0,   3.0,   9.0, 182.0, -10.0,  0.0,  0.0,  0.0,  0.0,  0.0, 0.0,  46.0,       ,      ,      ,        ,        ,        ,        ,        ,        ,        ,        ,      
crowdtr01, 1991,     1, DET , NHL , R  ,  7.0,  0.0,   0.0,   0.0,  35.0, 0.0  ,  0.0,  0.0,  0.0,  0.0,  0.0, 0.0,   2.0,    1.0,   0.0,   0.0,     0.0,     0.0, 0.0    ,     0.0,     0.0,     0.0,     0.0,     0.0,     0.0
crowdtr01, 1994,     1, LAK , NHL , R  , 29.0,  1.0,   2.0,   3.0,  99.0, 0.0  ,  0.0,  0.0,  0.0,  0.0,  0.0, 0.0,   4.0,       ,      ,      ,        ,        ,        ,        ,        ,        ,        ,        ,      
crowdtr01, 1995,     1, LAK , NHL , R  , 15.0,  1.0,   0.0,   1.0,  42.0, -3.0 ,  0.0,  0.0,  0.0,  0.0,  0.0, 0.0,  11.0,       ,      ,      ,        ,        ,        ,        ,        ,        ,        ,        ,      
crowdtr01, 1996,     1, VAN , NHL , R  , 30.0,  1.0,   2.0,   3.0,  52.0, -6.0 ,  0.0,  0.0,  0.0,  0.0,  0.0, 0.0,  11.0,       ,      ,      ,        ,        ,        ,        ,        ,        ,        ,        ,      
croweph01, 1993,     1, LAK , NHL , R  , 31.0,  0.0,   2.0,   2.0,  77.0, 4.0  ,  0.0,  0.0,  0.0,  0.0,  0.0, 0.0,   5.0,       ,      ,      ,        ,        ,        ,        ,        ,        ,        ,        ,      
croweph01, 1995,     1, PHI , NHL , L  , 16.0,  1.0,   1.0,   2.0,  28.0, 0.0  ,  0.0,  0.0,  0.0,  0.0,  0.0, 0.0,   6.0,       ,      ,      ,        ,        ,        ,        ,        ,        ,        ,        ,      
croweph01, 1996,     1, OTT , NHL , R  , 26.0,  0.0,   1.0,   1.0,  30.0, 0.0  ,  0.0,  0.0,  0.0,  0.0,  0.0, 0.0,   8.0,    3.0,   0.0,   0.0,     0.0,    16.0, 0.0    ,     0.0,     0.0,     0.0,     0.0,     0.0,     1.0
croweph01, 1997,     1, OTT , NHL , R  ,  9.0,  3.0,   0.0,   3.0,  24.0, 3.0  ,  0.0,  0.0,  0.0,  0.0,  1.0, 0.0,   6.0,       ,      ,      ,        ,        ,        ,        ,        ,        ,        ,        ,      
croweph01, 1998,     1, OTT , NHL , L  ,  8.0,  0.0,   1.0,   1.0,   4.0, 1.0  ,  0.0,  0.0,  0.0,  0.0,  0.0, 0.0,   2.0,       ,      ,      ,        ,        ,        ,        ,        ,        ,        ,        ,      
croweph01, 1999,     1, NAS , NHL , R  ,  4.0,  0.0,   0.0,   0.0,  10.0, 0.0  ,  0.0,  0.0,  0.0,  0.0,  0.0, 0.0,   1.0,       ,      ,      ,        ,        ,        ,        ,        ,        ,        ,        ,      
crowlmi01, 1997,     1, ANA , NHL , D  ,  8.0,  2.0,   2.0,   4.0,   8.0, 0.0  ,  0.0,  0.0,  0.0,  0.0,  1.0, 0.0,  17.0,       ,      ,      ,        ,        ,        ,        ,        ,        ,        ,        ,      
crowlmi01, 1998,     1, ANA , NHL , D  , 20.0,  2.0,   3.0,   5.0,  16.0, -10.0,  1.0,  2.0,  0.0,  0.0,  1.0, 0.0,  41.0,       ,      ,      ,        ,        ,        ,        ,        ,        ,        ,        ,      
crowlmi01, 2000,     1, ANA , NHL , D  , 39.0,  1.0,  10.0,  11.0,  20.0, -16.0,  0.0,  2.0,  0.0,  0.0,  1.0, 0.0,  45.0,       ,      ,      ,        ,        ,        ,        ,        ,        ,        ,        ,      
crowlpa01, 1975,     1, TOT , WHA , R  ,  4.0,  0.0,   0.0,   0.0,   0.0, 0.0  ,  0.0,     ,  0.0,     ,  0.0,    ,   5.0,       ,      ,      ,        ,        ,        ,        ,        ,        ,        ,        ,      
crowlte01, 1993,     1, HAR , NHL , D  , 21.0,  1.0,   2.0,   3.0,  10.0, -1.0 ,  1.0,  0.0,  0.0,  0.0,  0.0, 0.0,  28.0,       ,      ,      ,        ,        ,        ,        ,        ,        ,        ,        ,      
crowlte01, 1998,     1, COL , NHL , D  ,  7.0,  0.0,   1.0,   1.0,   2.0, -1.0 ,  0.0,  1.0,  0.0,  0.0,  0.0, 0.0,  10.0,       ,      ,      ,        ,        ,        ,        ,        ,        ,        ,        ,      
crowlte01, 1998,     2, NYI , NHL , D  ,  6.0,  1.0,   1.0,   2.0,   0.0, 0.0  ,  1.0,  0.0,  0.0,  0.0,  0.0, 0.0,  10.0,       ,      ,      ,        ,        ,        ,        ,        ,        ,        ,        ,      
crozigr01, 2000,     1, PIT , NHL , L  ,  1.0,  0.0,   0.0,   0.0,   0.0, 0.0  ,  0.0,  0.0,  0.0,  0.0,  0.0, 0.0,   0.0,       ,      ,      ,        ,        ,        ,        ,        ,        ,        ,        ,      
crozijo01, 1959,     1, TOR , NHL , D  ,  5.0,  0.0,   3.0,   3.0,   2.0,      ,     ,     ,     ,     ,     ,    ,      ,       ,      ,      ,        ,        ,        ,        ,        ,        ,        ,        ,      
croziro01, 1963,     1, DET , NHL , G  , 15.0,  0.0,   0.0,   0.0,   0.0,      ,  0.0,     ,  0.0,     ,  0.0, 0.0,      ,    3.0,   0.0,   0.0,     0.0,     0.0,        ,        ,        ,        ,        ,     0.0,      
croziro01, 1964,     1, DET , NHL , G  , 70.0,  0.0,   0.0,   0.0,  10.0,      ,  0.0,     ,  0.0,     ,  0.0, 0.0,      ,    7.0,   0.0,   0.0,     0.0,     2.0,        ,        ,        ,        ,        ,     0.0,      
croziro01, 1965,     1, DET , NHL , G  , 64.0,  0.0,   0.0,   0.0,   4.0,      ,  0.0,     ,  0.0,     ,  0.0, 0.0,      ,   12.0,   0.0,   0.0,     0.0,     0.0,        ,        ,        ,        ,        ,     0.0,      
croziro01, 1966,     1, DET , NHL , G  , 58.0,  0.0,   0.0,   0.0,   2.0,      ,  0.0,     ,  0.0,     ,  0.0, 0.0,      ,       ,      ,      ,        ,        ,        ,        ,        ,        ,        ,        ,      
croziro01, 1967,     1, DET , NHL , G  , 34.0,  0.0,   0.0,   0.0,   2.0, 0.0  ,  0.0,     ,  0.0,     ,  0.0, 0.0,   0.0,       ,      ,      ,        ,        ,        ,        ,        ,        ,        ,        ,      
croziro01, 1968,     1, DET , NHL , G  , 38.0,  0.0,   0.0,   0.0,   0.0, 0.0  ,  0.0,     ,  0.0,     ,  0.0, 0.0,   0.0,       ,      ,      ,        ,        ,        ,        ,        ,        ,        ,        ,      
croziro01, 1969,     1, DET , NHL , G  , 34.0,  0.0,   0.0,   0.0,   0.0, 0.0  ,  0.0,     ,  0.0,     ,  0.0, 0.0,   0.0,    1.0,   0.0,   0.0,     0.0,     0.0,        ,     0.0,        ,     0.0,        ,     0.0,      
croziro01, 1970,     1, BUF , NHL , G  , 44.0,  0.0,   0.0,   0.0,   0.0, 0.0  ,  0.0,     ,  0.0,     ,  0.0, 0.0,   0.0,       ,      ,      ,        ,        ,        ,        ,        ,        ,        ,        ,      
croziro01, 1971,     1, BUF , NHL , G  , 63.0,  0.0,   0.0,   0.0,  10.0, 0.0  ,  0.0,     ,  0.0,     ,  0.0, 0.0,   0.0,       ,      ,      ,        ,        ,        ,        ,        ,        ,        ,        ,      
croziro01, 1972,     1, BUF , NHL , G  , 49.0,  0.0,   0.0,   0.0,   4.0, 0.0  ,  0.0,     ,  0.0,     ,  0.0, 0.0,   0.0,    4.0,   0.0,   1.0,     1.0,     2.0,        ,     0.0,        ,     0.0,        ,     0.0,      
croziro01, 1973,     1, BUF , NHL , G  , 12.0,  0.0,   0.0,   0.0,   2.0, 0.0  ,  0.0,     ,  0.0,     ,  0.0, 0.0,   0.0,       ,      ,      ,        ,        ,        ,        ,        ,        ,        ,        ,      
croziro01, 1974,     1, BUF , NHL , G  , 23.0,  0.0,   2.0,   2.0,   8.0, 0.0  ,  0.0,     ,  0.0,     ,  0.0, 0.0,   0.0,    5.0,   0.0,   0.0,     0.0,     0.0,        ,     0.0,        ,     0.0,        ,     0.0,      
croziro01, 1975,     1, BUF , NHL , G  , 11.0,  0.0,   1.0,   1.0,   0.0, 0.0  ,  0.0,     ,  0.0,     ,  0.0, 0.0,   0.0,       ,      ,      ,        ,        ,        ,        ,        ,        ,        ,        ,      
croziro01, 1976,     1, WAS , NHL , G  ,  3.0,  0.0,   0.0,   0.0,   0.0, 0.0  ,  0.0,     ,  0.0,     ,  0.0, 0.0,   0.0,       ,      ,      ,        ,        ,        ,        ,        ,        ,        ,        ,      
crutcne01, 1934,     1, MTL , NHL , C  , 41.0,  5.0,   5.0,  10.0,  20.0,      ,     ,     ,     ,     ,     ,    ,      ,    2.0,   0.0,   1.0,     1.0,    22.0,        ,        ,        ,        ,        ,        ,      
cuddist01, 1972,     1, WIJ , WHA , D  , 77.0,  7.0,  13.0,  20.0, 121.0,      ,  0.0,     ,  0.0,     ,     ,    ,      ,   12.0,   0.0,   1.0,     1.0,    10.0,        ,     0.0,        ,     0.0,        ,     0.0,      
cuddist01, 1973,     1, TOT , WHA , D  , 74.0,  5.0,  18.0,  23.0,  65.0,      ,  1.0,     ,  0.0,     ,  0.0,    ,      ,    8.0,   1.0,   4.0,     5.0,    14.0,        ,        ,        ,        ,        ,     0.0,      
cuddist01, 1974,     1, TOT , WHA , D  , 70.0,  5.0,  16.0,  21.0,  49.0, 3.0  ,  1.0,     ,  0.0,     ,     ,    ,  92.0,    6.0,   0.0,   4.0,     4.0,     8.0,        ,     0.0,        ,     0.0,        ,     0.0,      
cudewi01 , 1930,     1, PHQ , NHL , G  , 30.0,  0.0,   0.0,   0.0,   0.0,      ,     ,     ,     ,     ,     ,    ,      ,       ,      ,      ,        ,        ,        ,        ,        ,        ,        ,        ,      
cudewi01 , 1931,     1, CHI , NHL , G  ,  1.0,  0.0,   0.0,   0.0,   0.0,      ,     ,     ,     ,     ,     ,    ,      ,       ,      ,      ,        ,        ,        ,        ,        ,        ,        ,        ,      
cudewi01 , 1931,     2, BOS , NHL , G  ,  2.0,  0.0,   0.0,   0.0,   0.0,      ,     ,     ,     ,     ,     ,    ,      ,       ,      ,      ,        ,        ,        ,        ,        ,        ,        ,        ,      
cudewi01 , 1933,     1, MTL , NHL , G  ,  1.0,  0.0,   0.0,   0.0,   0.0,      ,     ,     ,     ,     ,     ,    ,      ,       ,      ,      ,        ,        ,        ,        ,        ,        ,        ,        ,      
cudewi01 , 1933,     2, DET , NHL , G  , 29.0,  0.0,   0.0,   0.0,   0.0,      ,     ,     ,     ,     ,     ,    ,      ,    9.0,   0.0,   0.0,     0.0,     0.0,        ,        ,        ,        ,        ,        ,      
cudewi01 , 1934,     1, MTL , NHL , G  , 48.0,  0.0,   0.0,   0.0,   0.0,      ,     ,     ,     ,     ,     ,    ,      ,    2.0,   0.0,   0.0,     0.0,     0.0,        ,        ,        ,        ,        ,        ,      
cudewi01 , 1935,     1, MTL , NHL , G  , 47.0,  0.0,   0.0,   0.0,   0.0,      ,     ,     ,     ,     ,     ,    ,      ,       ,      ,      ,        ,        ,        ,        ,        ,        ,        ,        ,      
cudewi01 , 1936,     1, MTL , NHL , G  , 44.0,  0.0,   0.0,   0.0,   0.0,      ,     ,     ,     ,     ,     ,    ,      ,    5.0,   0.0,   0.0,     0.0,     0.0,        ,        ,        ,        ,        ,        ,      
cudewi01 , 1937,     1, MTL , NHL , G  , 47.0,  0.0,   0.0,   0.0,   0.0,      ,     ,     ,     ,     ,     ,    ,      ,    3.0,   0.0,   0.0,     0.0,     0.0,        ,        ,        ,        ,        ,        ,      
cudewi01 , 1938,     1, MTL , NHL , G  , 23.0,  0.0,   0.0,   0.0,   0.0,      ,     ,     ,     ,     ,     ,    ,      ,       ,      ,      ,        ,        ,        ,        ,        ,        ,        ,        ,      
cudewi01 , 1939,     1, MTL , NHL , G  ,  7.0,  0.0,   0.0,   0.0,   0.0,      ,     ,     ,     ,     ,     ,    ,      ,       ,      ,      ,        ,        ,        ,        ,        ,        ,        ,        ,      
cudewi01 , 1940,     1, MTL , NHL , G  ,  3.0,  0.0,   0.0,   0.0,   0.0,      ,     ,     ,     ,     ,     ,    ,      ,       ,      ,      ,        ,        ,        ,        ,        ,        ,        ,        ,      
culhaji01, 1989,     1, HAR , NHL , D  ,  6.0,  0.0,   1.0,   1.0,   4.0, 3.0  ,  0.0,  0.0,  0.0,  0.0,  0.0, 0.0,   6.0,       ,      ,      ,        ,        ,        ,        ,        ,        ,        ,        ,      
culleba01, 1955,     1, TOR , NHL , R  ,  3.0,  0.0,   0.0,   0.0,   4.0,      ,     ,     ,     ,     ,     ,    ,      ,       ,      ,      ,        ,        ,        ,        ,        ,        ,        ,        ,      
culleba01, 1956,     1, TOR , NHL , R  , 51.0,  6.0,  10.0,  16.0,  30.0,      ,     ,     ,     ,     ,     ,    ,      ,       ,      ,      ,        ,        ,        ,        ,        ,        ,        ,        ,      
culleba01, 1957,     1, TOR , NHL , R  , 70.0, 16.0,  25.0,  41.0,  37.0,      ,     ,     ,     ,     ,     ,    ,      ,       ,      ,      ,        ,        ,        ,        ,        ,        ,        ,        ,      
culleba01, 1958,     1, TOR , NHL , R  , 40.0,  6.0,   8.0,  14.0,  17.0,      ,     ,     ,     ,     ,     ,    ,      ,    2.0,   0.0,   0.0,     0.0,     0.0,        ,        ,        ,        ,        ,        ,      
culleba01, 1959,     1, DET , NHL , R  , 55.0,  4.0,   9.0,  13.0,  23.0,      ,     ,     ,     ,     ,     ,    ,      ,    4.0,   0.0,   0.0,     0.0,     2.0,        ,        ,        ,        ,        ,        ,      
cullebr01, 1954,     1, TOR , NHL , C  , 27.0,  3.0,   5.0,   8.0,   6.0,      ,     ,     ,     ,     ,     ,    ,      ,    4.0,   1.0,   0.0,     1.0,     0.0,        ,        ,        ,        ,        ,        ,      
cullebr01, 1955,     1, TOR , NHL , C  , 21.0,  2.0,   6.0,   8.0,   8.0,      ,     ,     ,     ,     ,     ,    ,      ,    5.0,   1.0,   0.0,     1.0,     2.0,        ,        ,        ,        ,        ,        ,      
cullebr01, 1956,     1, TOR , NHL , C  , 46.0,  8.0,  12.0,  20.0,  27.0,      ,     ,     ,     ,     ,     ,    ,      ,       ,      ,      ,        ,        ,        ,        ,        ,        ,        ,        ,      
cullebr01, 1957,     1, TOR , NHL , C  , 67.0, 20.0,  23.0,  43.0,  29.0,      ,     ,     ,     ,     ,     ,    ,      ,       ,      ,      ,        ,        ,        ,        ,        ,        ,        ,        ,      
cullebr01, 1958,     1, TOR , NHL , C  , 59.0,  4.0,  14.0,  18.0,  10.0,      ,     ,     ,     ,     ,     ,    ,      ,   10.0,   1.0,   0.0,     1.0,     0.0,        ,        ,        ,        ,        ,        ,      
cullebr01, 1959,     1, NYR , NHL , C  , 64.0,  8.0,  21.0,  29.0,   6.0,      ,     ,     ,     ,     ,     ,    ,      ,       ,      ,      ,        ,        ,        ,        ,        ,        ,        ,        ,      
cullebr01, 1960,     1, NYR , NHL , C  , 42.0, 11.0,  19.0,  30.0,   6.0,      ,     ,     ,     ,     ,     ,    ,      ,       ,      ,      ,        ,        ,        ,        ,        ,        ,        ,        ,      
culleda01, 2000,     1, PHO , NHL , D  ,  2.0,  0.0,   0.0,   0.0,   0.0, 1.0  ,  0.0,  0.0,  0.0,  0.0,  0.0, 0.0,   0.0,       ,      ,      ,        ,        ,        ,        ,        ,        ,        ,        ,      
culleda01, 2001,     1, PHO , NHL , D  , 14.0,  0.0,   0.0,   0.0,   6.0, -5.0 ,  0.0,  0.0,  0.0,  0.0,  0.0, 0.0,   3.0,       ,      ,      ,        ,        ,        ,        ,        ,        ,        ,        ,      
culleda01, 2001,     2, MIN , NHL , D  ,  3.0,  0.0,   0.0,   0.0,   0.0, -3.0 ,  0.0,  0.0,  0.0,  0.0,  0.0, 0.0,   0.0,       ,      ,      ,        ,        ,        ,        ,        ,        ,        ,        ,      
cullejo01, 1988,     1, PIT , NHL , C  , 79.0, 12.0,  37.0,  49.0, 112.0, -25.0,  8.0, 17.0,  0.0,  0.0,  0.0, 0.0, 121.0,   11.0,   3.0,   6.0,     9.0,    28.0, 4.0    ,     0.0,     1.0,     0.0,     0.0,     0.0,    20.0
cullejo01, 1989,     1, PIT , NHL , C  , 72.0, 32.0,  60.0,  92.0, 138.0, -13.0,  9.0, 20.0,  0.0,  1.0,  4.0, 0.0, 197.0,       ,      ,      ,        ,        ,        ,        ,        ,        ,        ,        ,      
cullejo01, 1990,     1, PIT , NHL , C  , 65.0, 31.0,  63.0,  94.0,  83.0, 0.0  , 10.0,     ,  0.0,  0.0,  2.0, 1.0, 171.0,       ,      ,      ,        ,        ,        ,        ,        ,        ,        ,        ,      
cullejo01, 1990,     2, HAR , NHL , C  , 13.0,  8.0,   8.0,  16.0,  18.0, -6.0 ,  4.0,     ,  0.0,  0.0,  1.0, 0.0,  34.0,    6.0,   2.0,   7.0,     9.0,    10.0, 0.0    ,     0.0,     5.0,     0.0,     0.0,     0.0,    10.0
cullejo01, 1991,     1, HAR , NHL , C  , 77.0, 26.0,  51.0,  77.0, 141.0, -28.0, 10.0, 26.0,  0.0,  0.0,  4.0, 0.0, 172.0,    7.0,   2.0,   1.0,     3.0,    12.0, -2.0   ,     1.0,     1.0,     0.0,     0.0,     1.0,    18.0
cullejo01, 1992,     1, HAR , NHL , C  , 19.0,  5.0,   4.0,   9.0,  58.0, -15.0,  3.0,  1.0,  0.0,  0.0,  0.0, 0.0,  38.0,       ,      ,      ,        ,        ,        ,        ,        ,        ,        ,        ,      
cullejo01, 1992,     2, TOR , NHL , C  , 47.0, 13.0,  28.0,  41.0,  53.0, -8.0 , 10.0, 16.0,  0.0,  0.0,  1.0, 0.0,  86.0,   12.0,   2.0,   3.0,     5.0,     0.0, -1.0   ,     1.0,     1.0,     0.0,     0.0,     0.0,    10.0
cullejo01, 1993,     1, TOR , NHL , C  , 53.0, 13.0,  17.0,  30.0,  67.0, -2.0 ,  2.0,  4.0,  0.0,  0.0,  4.0, 1.0,  80.0,    3.0,   0.0,   0.0,     0.0,     0.0, 0.0    ,     0.0,     0.0,     0.0,     0.0,     0.0,     3.0
cullejo01, 1994,     1, PIT , NHL , C  , 46.0, 13.0,  24.0,  37.0,  66.0, -4.0 ,  2.0,  7.0,  0.0,  0.0,  1.0, 0.0,  88.0,    9.0,   0.0,   2.0,     2.0,     8.0, -4.0   ,     0.0,     2.0,     0.0,     0.0,     0.0,     7.0
cullejo01, 1995,     1, TBL , NHL , C  , 76.0, 16.0,  34.0,  50.0,  65.0, 1.0  ,  8.0, 12.0,  0.0,  0.0,  3.0, 0.0, 152.0,    5.0,   3.0,   3.0,     6.0,     0.0, 4.0    ,     0.0,     1.0,     1.0,     0.0,     0.0,     6.0
cullejo01, 1996,     1, TBL , NHL , C  , 70.0, 18.0,  37.0,  55.0,  95.0, -14.0,  5.0, 18.0,  0.0,  0.0,  2.0, 1.0, 116.0,       ,      ,      ,        ,        ,        ,        ,        ,        ,        ,        ,      
cullejo01, 1998,     1, TBL , NHL , C  ,  4.0,  0.0,   0.0,   0.0,   2.0, -2.0 ,  0.0,  0.0,  0.0,  0.0,  0.0, 0.0,   3.0,       ,      ,      ,        ,        ,        ,        ,        ,        ,        ,        ,      
cullema01, 1997,     1, ANA , NHL , C  , 61.0,  6.0,  21.0,  27.0,  23.0, -4.0 ,  2.0,  4.0,  0.0,  0.0,  0.0, 0.0,  75.0,       ,      ,      ,        ,        ,        ,        ,        ,        ,        ,        ,      
cullema01, 1998,     1, ANA , NHL , C  , 75.0, 11.0,  14.0,  25.0,  47.0, -12.0,  5.0,  2.0,  1.0,  0.0,  1.0, 1.0, 112.0,    4.0,   0.0,   0.0,     0.0,     0.0, -2.0   ,     0.0,     0.0,     0.0,     0.0,     0.0,     6.0
cullema01, 1999,     1, ANA , NHL , C  , 80.0, 13.0,  26.0,  39.0,  24.0, 5.0  ,  1.0,  7.0,  0.0,  1.0,  1.0, 0.0, 137.0,       ,      ,      ,        ,        ,        ,        ,        ,        ,        ,        ,      
cullema01, 2000,     1, ANA , NHL , C  , 82.0, 10.0,  30.0,  40.0,  38.0, -23.0,  4.0, 11.0,  0.0,  0.0,  1.0, 0.0, 159.0,       ,      ,      ,        ,        ,        ,        ,        ,        ,        ,        ,      
cullema01, 2001,     1, ANA , NHL , C  , 79.0, 18.0,  30.0,  48.0,  24.0, -1.0 ,  3.0,  8.0,  1.0,  1.0,  4.0, 0.0, 164.0,       ,      ,      ,        ,        ,        ,        ,        ,        ,        ,        ,      
cullema01, 2002,     1, ANA , NHL , C  , 50.0,  7.0,  14.0,  21.0,  12.0, -4.0 ,  1.0,  6.0,  0.0,  0.0,  1.0, 0.0,  77.0,       ,      ,      ,        ,        ,        ,        ,        ,        ,        ,        ,      
cullema01, 2002,     2, FLO , NHL , C  , 30.0,  6.0,   6.0,  12.0,  22.0, -4.0 ,  2.0,  1.0,  1.0,  1.0,  1.0, 0.0,  54.0,       ,      ,      ,        ,        ,        ,        ,        ,        ,        ,        ,      
cullema01, 2003,     1, FLO , NHL , C  , 56.0,  6.0,  13.0,  19.0,  24.0, -2.0 ,  1.0,  1.0,  0.0,  2.0,  2.0, 0.0,  75.0,       ,      ,      ,        ,        ,        ,        ,        ,        ,        ,        ,      
cullema01, 2005,     1, CAR , NHL , C  , 78.0, 25.0,  24.0,  49.0,  40.0, 4.0  ,  8.0, 10.0,  0.0,  1.0,  5.0,    , 214.0,   25.0,   4.0,  14.0,    18.0,    12.0, 2.0    ,     2.0,     7.0,     0.0,     0.0,     1.0,    56.0
cullema01, 2006,     1, NYR , NHL , C  , 80.0, 16.0,  25.0,  41.0,  52.0, 0.0  ,  2.0,  5.0,  3.0,  2.0,  2.0,    , 217.0,   10.0,   1.0,   3.0,     4.0,     6.0, -2.0   ,     0.0,     3.0,     0.0,     0.0,     1.0,    23.0
cullema01, 2007,     1, CAR , NHL , C  , 59.0, 13.0,  36.0,  49.0,  32.0, 2.0  ,  8.0, 15.0,  0.0,  1.0,  1.0,    , 137.0,       ,      ,      ,        ,        ,        ,        ,        ,        ,        ,        ,      
cullema01, 2008,     1, CAR , NHL , C  , 69.0, 22.0,  21.0,  43.0,  20.0, 11.0 ,  4.0,  3.0,  2.0,  3.0,  2.0,    , 139.0,   18.0,   3.0,   3.0,     6.0,    14.0, 0.0    ,     0.0,     0.0,     1.0,     0.0,     0.0,    29.0
cullema01, 2009,     1, CAR , NHL , C  , 60.0, 12.0,  28.0,  40.0,  26.0, 0.0  ,  1.0,  8.0,  2.0,  1.0,  1.0,    , 137.0,       ,      ,      ,        ,        ,        ,        ,        ,        ,        ,        ,      
cullema01, 2009,     2, OTT , NHL , C  , 21.0,  4.0,   4.0,   8.0,   8.0, -7.0 ,  1.0,  2.0,  0.0,  0.0,  1.0,    ,  58.0,    6.0,   3.0,   5.0,     8.0,     0.0, -3.0   ,     2.0,     3.0,     0.0,     0.0,     0.0,    14.0
cullema02, 2005,     1, CHI , NHL , C  , 29.0,  7.0,   9.0,  16.0,   2.0, 7.0  ,  0.0,  1.0,  0.0,  0.0,  0.0,    ,  45.0,       ,      ,      ,        ,        ,        ,        ,        ,        ,        ,        ,      
cullema02, 2006,     1, PHI , NHL , C  ,  3.0,  0.0,   0.0,   0.0,   0.0, -3.0 ,  0.0,  0.0,  0.0,  0.0,  0.0,    ,   4.0,       ,      ,      ,        ,        ,        ,        ,        ,        ,        ,        ,      
cullera01, 1965,     1, NYR , NHL , C  ,  8.0,  1.0,   3.0,   4.0,   0.0,      ,  0.0,     ,  0.0,     ,  0.0, 0.0,      ,       ,      ,      ,        ,        ,        ,        ,        ,        ,        ,        ,      
cullera01, 1966,     1, DET , NHL , C  , 27.0,  8.0,   8.0,  16.0,   8.0,      ,  0.0,     ,  0.0,     ,  1.0, 0.0,      ,       ,      ,      ,        ,        ,        ,        ,        ,        ,        ,        ,      
cullera01, 1967,     1, MNS , NHL , C  , 67.0, 28.0,  25.0,  53.0,  18.0, -24.0, 11.0,     ,  0.0,     ,  6.0, 1.0, 203.0,   14.0,   2.0,   6.0,     8.0,     2.0,        ,     1.0,        ,     0.0,        ,     0.0,      
cullera01, 1968,     1, MNS , NHL , C  , 67.0, 26.0,  38.0,  64.0,  44.0, -27.0,  3.0,     ,  0.0,     ,  2.0, 2.0, 195.0,       ,      ,      ,        ,        ,        ,        ,        ,        ,        ,        ,      
cullera01, 1969,     1, MNS , NHL , C  , 74.0, 17.0,  28.0,  45.0,   8.0, -3.0 ,  3.0,     ,  0.0,     ,  3.0, 2.0, 143.0,    6.0,   1.0,   4.0,     5.0,     0.0,        ,     0.0,        ,     0.0,        ,     0.0,      
cullera01, 1970,     1, VAN , NHL , C  , 70.0, 12.0,  21.0,  33.0,  42.0, -24.0,  4.0,     ,  0.0,     ,  3.0, 0.0, 114.0,       ,      ,      ,        ,        ,        ,        ,        ,        ,        ,        ,      
cullija01, 1994,     1, VAN , NHL , D  , 34.0,  1.0,   2.0,   3.0,  39.0, -2.0 ,  0.0,  0.0,  0.0,  1.0,  0.0, 0.0,  30.0,   11.0,   0.0,   0.0,     0.0,    12.0, -4.0   ,     0.0,     0.0,     0.0,     0.0,     0.0,     9.0
cullija01, 1995,     1, VAN , NHL , D  , 27.0,  1.0,   1.0,   2.0,  21.0, 4.0  ,  0.0,  0.0,  0.0,  0.0,  1.0, 0.0,  12.0,       ,      ,      ,        ,        ,        ,        ,        ,        ,        ,        ,      
cullija01, 1996,     1, VAN , NHL , D  ,  3.0,  0.0,   0.0,   0.0,   2.0, -2.0 ,  0.0,  0.0,  0.0,  0.0,  0.0, 0.0,   2.0,       ,      ,      ,        ,        ,        ,        ,        ,        ,        ,        ,      
cullija01, 1996,     2, MTL , NHL , D  , 49.0,  2.0,   6.0,   8.0,  42.0, 4.0  ,  0.0,  3.0,  1.0,  0.0,  1.0, 0.0,  52.0,    2.0,   0.0,   0.0,     0.0,     2.0, -1.0   ,     0.0,     0.0,     0.0,     0.0,     0.0,     0.0
cullija01, 1997,     1, MTL , NHL , D  ,  3.0,  0.0,   0.0,   0.0,   4.0, 0.0  ,  0.0,  0.0,  0.0,  0.0,  0.0, 0.0,   1.0,       ,      ,      ,        ,        ,        ,        ,        ,        ,        ,        ,      
cullija01, 1997,     2, TBL , NHL , D  , 25.0,  1.0,   2.0,   3.0,  22.0, -4.0 ,  1.0,  1.0,  0.0,  1.0,  0.0, 0.0,  17.0,       ,      ,      ,        ,        ,        ,        ,        ,        ,        ,        ,      
cullija01, 1998,     1, TBL , NHL , D  , 78.0,  5.0,  12.0,  17.0,  81.0, -22.0,  1.0,  3.0,  1.0,  0.0,  1.0, 0.0,  73.0,       ,      ,      ,        ,        ,        ,        ,        ,        ,        ,        ,      
cullija01, 1999,     1, TBL , NHL , D  , 46.0,  1.0,   1.0,   2.0,  66.0, -12.0,  0.0,  0.0,  0.0,  0.0,  0.0, 0.0,  23.0,       ,      ,      ,        ,        ,        ,        ,        ,        ,        ,        ,      
cullija01, 2000,     1, TBL , NHL , D  , 74.0,  1.0,   6.0,   7.0,  80.0, -6.0 ,  0.0,  1.0,  0.0,  0.0,  0.0, 0.0,  56.0,       ,      ,      ,        ,        ,        ,        ,        ,        ,        ,        ,      
cullija01, 2001,     1, TBL , NHL , D  , 78.0,  4.0,   9.0,  13.0,  58.0, -1.0 ,  0.0,  0.0,  0.0,  0.0,  1.0, 0.0,  84.0,       ,      ,      ,        ,        ,        ,        ,        ,        ,        ,        ,      
cullija01, 2002,     1, TBL , NHL , D  , 28.0,  1.0,   3.0,   4.0,  31.0, 3.0  ,  0.0,  0.0,  0.0,  0.0,  0.0, 0.0,  23.0,   11.0,   1.0,   1.0,     2.0,     4.0, -2.0   ,     0.0,     0.0,     0.0,     0.0,     0.0,    12.0
cullija01, 2003,     1, TBL , NHL , D  , 79.0,  2.0,   5.0,   7.0,  58.0, 8.0  ,  0.0,  0.0,  0.0,  0.0,  1.0, 0.0,  78.0,   11.0,   0.0,   2.0,     2.0,     6.0, 7.0    ,     0.0,     0.0,     0.0,     0.0,     0.0,     7.0
cullija01, 2005,     1, CHI , NHL , D  , 54.0,  1.0,   6.0,   7.0,  53.0, -24.0,  1.0,  1.0,  0.0,  0.0,  1.0,    ,  23.0,       ,      ,      ,        ,        ,        ,        ,        ,        ,        ,        ,      
cullija01, 2006,     1, CHI , NHL , D  , 65.0,  1.0,   6.0,   7.0,  64.0, -6.0 ,  0.0,  0.0,  0.0,  0.0,  0.0,    ,  17.0,       ,      ,      ,        ,        ,        ,        ,        ,        ,        ,        ,      
cullija01, 2007,     1, FLO , NHL , D  , 65.0,  3.0,  10.0,  13.0,  38.0, 21.0 ,  0.0,  0.0,  0.0,  0.0,  1.0,    ,  55.0,       ,      ,      ,        ,        ,        ,        ,        ,        ,        ,        ,      
cullija01, 2008,     1, FLO , NHL , D  , 68.0,  2.0,   8.0,  10.0,  37.0, -10.0,  0.0,  1.0,  0.0,  0.0,  0.0,    ,  52.0,       ,      ,      ,        ,        ,        ,        ,        ,        ,        ,        ,      
cumisky01, 2006,     1, COL , NHL , D  ,  9.0,  1.0,   1.0,   2.0,   2.0, 0.0  ,  0.0,  0.0,  0.0,  0.0,  0.0,    ,   8.0,       ,      ,      ,        ,        ,        ,        ,        ,        ,        ,        ,      
cumisky01, 2007,     1, COL , NHL , D  , 38.0,  0.0,   5.0,   5.0,  16.0, -3.0 ,  0.0,  0.0,  0.0,  0.0,  0.0,    ,  19.0,       ,      ,      ,        ,        ,        ,        ,        ,        ,        ,        ,      
cumisky01, 2008,     1, COL , NHL , D  ,  6.0,  0.0,   0.0,   0.0,   0.0, -2.0 ,  0.0,  0.0,  0.0,  0.0,  0.0,    ,   2.0,       ,      ,      ,        ,        ,        ,        ,        ,        ,        ,        ,      
cumisky01, 2009,     1, COL , NHL , D  , 61.0,  7.0,  13.0,  20.0,  20.0, 0.0  ,  2.0,  5.0,  0.0,  0.0,  1.0,    ,  74.0,    6.0,   1.0,   1.0,     2.0,     2.0, -7.0   ,     0.0,     0.0,     0.0,     0.0,     0.0,     3.0
cummiba01, 1973,     1, CLF , NHL , D  , 36.0,  1.0,   2.0,   3.0,  39.0, -35.0,  0.0,     ,  0.0,     ,  0.0, 0.0,  28.0,       ,      ,      ,        ,        ,        ,        ,        ,        ,        ,        ,      
cummiji01, 1991,     1, DET , NHL , R  ,  1.0,  0.0,   0.0,   0.0,   7.0, 0.0  ,  0.0,  0.0,  0.0,  0.0,  0.0, 0.0,   0.0,       ,      ,      ,        ,        ,        ,        ,        ,        ,        ,        ,      
cummiji01, 1992,     1, DET , NHL , R  ,  7.0,  1.0,   1.0,   2.0,  58.0, 0.0  ,  0.0,  0.0,  0.0,  0.0,  0.0, 0.0,   5.0,       ,      ,      ,        ,        ,        ,        ,        ,        ,        ,        ,      
cummiji01, 1993,     1, PHI , NHL , R  , 22.0,  1.0,   2.0,   3.0,  71.0, 0.0  ,  0.0,  0.0,  0.0,  0.0,  0.0, 0.0,  17.0,       ,      ,      ,        ,        ,        ,        ,        ,        ,        ,        ,      
cummiji01, 1993,     2, TBL , NHL , R  ,  4.0,  0.0,   0.0,   0.0,  13.0, -1.0 ,  0.0,  0.0,  0.0,  0.0,  0.0, 0.0,   3.0,       ,      ,      ,        ,        ,        ,        ,        ,        ,        ,        ,      
cummiji01, 1994,     1, TBL , NHL , R  , 10.0,  1.0,   0.0,   1.0,  41.0, -3.0 ,  0.0,  0.0,  0.0,  0.0,  1.0, 0.0,   3.0,       ,      ,      ,        ,        ,        ,        ,        ,        ,        ,        ,      
cummiji01, 1994,     2, CHI , NHL , R  , 27.0,  3.0,   1.0,   4.0, 117.0, -3.0 ,  0.0,  0.0,  0.0,  0.0,  0.0, 0.0,  20.0,   14.0,   1.0,   1.0,     2.0,     4.0, 3.0    ,     0.0,     0.0,     0.0,     0.0,     1.0,     8.0
cummiji01, 1995,     1, CHI , NHL , R  , 52.0,  2.0,   4.0,   6.0, 180.0, -1.0 ,  0.0,  0.0,  0.0,  0.0,  2.0, 0.0,  34.0,   10.0,   0.0,   0.0,     0.0,     2.0, -1.0   ,     0.0,     0.0,     0.0,     0.0,     0.0,     3.0
cummiji01, 1996,     1, CHI , NHL , R  , 65.0,  6.0,   6.0,  12.0, 199.0, 4.0  ,  0.0,  0.0,  0.0,  0.0,  0.0, 1.0,  61.0,    6.0,   0.0,   0.0,     0.0,    24.0, -5.0   ,     0.0,     0.0,     0.0,     0.0,     0.0,     3.0
cummiji01, 1997,     1, CHI , NHL , R  , 55.0,  0.0,   2.0,   2.0, 178.0, -9.0 ,  0.0,  0.0,  0.0,  0.0,  0.0, 0.0,  33.0,       ,      ,      ,        ,        ,        ,        ,        ,        ,        ,        ,      
cummiji01, 1997,     2, PHO , NHL , R  , 20.0,  0.0,   0.0,   0.0,  47.0, -7.0 ,  0.0,  0.0,  0.0,  0.0,  0.0, 0.0,  10.0,    3.0,   0.0,   0.0,     0.0,     4.0, 0.0    ,     0.0,     0.0,     0.0,     0.0,     0.0,     2.0
cummiji01, 1998,     1, PHO , NHL , R  , 55.0,  1.0,   7.0,   8.0, 190.0, 3.0  ,  0.0,  0.0,  0.0,  0.0,  0.0, 0.0,  26.0,    3.0,   0.0,   1.0,     1.0,     0.0, 1.0    ,     0.0,     0.0,     0.0,     0.0,     0.0,     0.0
cummiji01, 1999,     1, MTL , NHL , R  , 47.0,  3.0,   5.0,   8.0,  92.0, -5.0 ,  0.0,  1.0,  0.0,  0.0,  0.0, 0.0,  33.0,       ,      ,      ,        ,        ,        ,        ,        ,        ,        ,        ,      
cummiji01, 2000,     1, ANA , NHL , R  , 79.0,  5.0,   6.0,  11.0, 167.0, -11.0,  0.0,  0.0,  0.0,  0.0,  1.0, 0.0,  45.0,       ,      ,      ,        ,        ,        ,        ,        ,        ,        ,        ,      
cummiji01, 2001,     1, ANA , NHL , R  ,  2.0,  0.0,   0.0,   0.0,   0.0, -1.0 ,  0.0,  0.0,  0.0,  0.0,  0.0, 0.0,   0.0,       ,      ,      ,        ,        ,        ,        ,        ,        ,        ,        ,      
cummiji01, 2001,     2, NYI , NHL , R  , 10.0,  0.0,   0.0,   0.0,  31.0, -5.0 ,  0.0,  0.0,  0.0,  0.0,  0.0, 0.0,   3.0,    1.0,   0.0,   0.0,     0.0,     9.0, 0.0    ,     0.0,     0.0,     0.0,     0.0,     0.0,     0.0
cummiji01, 2003,     1, COL , NHL , R  , 55.0,  1.0,   2.0,   3.0, 147.0, -5.0 ,  0.0,  0.0,  0.0,  0.0,  1.0, 0.0,  25.0,       ,      ,      ,        ,        ,        ,        ,        ,        ,        ,        ,      
cunnera01, 1980,     1, BUF , NHL , C  ,  1.0,  0.0,   0.0,   0.0,   2.0, 0.0  ,  0.0,     ,  0.0,     ,  0.0, 0.0,   1.0,       ,      ,      ,        ,        ,        ,        ,        ,        ,        ,        ,      
cunnera01, 1981,     1, BUF , NHL , C  , 20.0,  2.0,   4.0,   6.0,  47.0, -3.0 ,  0.0,     ,  0.0,     ,  0.0, 0.0,  33.0,       ,      ,      ,        ,        ,        ,        ,        ,        ,        ,        ,      
cunnera01, 1985,     1, PIT , NHL , L  , 75.0, 15.0,  30.0,  45.0,  74.0, 12.0 ,  2.0,     ,  2.0,     ,  2.0, 0.0, 134.0,       ,      ,      ,        ,        ,        ,        ,        ,        ,        ,        ,      
cunnera01, 1986,     1, PIT , NHL , L  , 79.0, 26.0,  27.0,  53.0, 142.0, 14.0 ,  3.0,     ,  2.0,     ,  5.0, 0.0, 169.0,       ,      ,      ,        ,        ,        ,        ,        ,        ,        ,        ,      
cunnera01, 1987,     1, PIT , NHL , L  , 71.0, 35.0,  39.0,  74.0, 141.0, 13.0 , 14.0, 15.0,  0.0,  1.0,  6.0, 0.0, 229.0,       ,      ,      ,        ,        ,        ,        ,        ,        ,        ,        ,      
cunnera01, 1988,     1, PIT , NHL , L  , 70.0, 25.0,  19.0,  44.0, 156.0, -22.0, 10.0,  5.0,  0.0,  0.0,  1.0, 0.0, 163.0,   11.0,   3.0,   5.0,     8.0,    26.0, -1.0   ,     1.0,     1.0,     0.0,     0.0,     1.0,    20.0
cunnera01, 1989,     1, WIN , NHL , L  , 28.0,  5.0,   6.0,  11.0,  34.0, -7.0 ,  2.0,     ,  0.0,  0.0,  1.0, 0.0,  51.0,       ,      ,      ,        ,        ,        ,        ,        ,        ,        ,        ,      
cunnera01, 1989,     2, HAR , NHL , L  , 43.0,  9.0,   9.0,  18.0,  41.0, -4.0 ,  2.0,     ,  0.0,  0.0,  1.0, 0.0,  70.0,    4.0,   0.0,   0.0,     0.0,     2.0, -1.0   ,     0.0,     0.0,     0.0,     0.0,     0.0,     2.0
cunnera01, 1990,     1, HAR , NHL , L  , 32.0,  9.0,   5.0,  14.0,  49.0, -6.0 ,  0.0,  1.0,  0.0,  0.0,  1.0, 0.0,  56.0,    1.0,   0.0,   0.0,     0.0,     0.0, 0.0    ,     0.0,     0.0,     0.0,     0.0,     0.0,     0.0
cunnera01, 1991,     1, HAR , NHL , L  , 39.0,  7.0,  10.0,  17.0,  71.0, -5.0 ,  0.0,  3.0,  0.0,  0.0,  1.0, 0.0,  63.0,    7.0,   3.0,   0.0,     3.0,     9.0, 0.0    ,     1.0,     0.0,     1.0,     0.0,     1.0,    11.0
cunnera01, 1992,     1, HAR , NHL , L  , 39.0,  5.0,   4.0,   9.0,  63.0, -1.0 ,  0.0,  0.0,  0.0,  0.0,  1.0, 0.0,  47.0,       ,      ,      ,        ,        ,        ,        ,        ,        ,        ,        ,      
cunnera01, 1993,     1, HAR , NHL , L  , 63.0,  9.0,   8.0,  17.0,  87.0, -2.0 ,  0.0,  0.0,  1.0,  0.0,  1.0, 0.0, 121.0,       ,      ,      ,        ,        ,        ,        ,        ,        ,        ,        ,      
cunnera01, 1993,     2, CHI , NHL , L  , 16.0,  4.0,   3.0,   7.0,  13.0, 1.0  ,  0.0,  0.0,  0.0,  0.0,  1.0, 0.0,  33.0,    6.0,   0.0,   0.0,     0.0,     8.0, -1.0   ,     0.0,     0.0,     0.0,     0.0,     0.0,     7.0
cunnera01, 1994,     1, OTT , NHL , L  , 48.0,  5.0,   5.0,  10.0,  68.0, -19.0,  2.0,  0.0,  0.0,  0.0,  0.0, 0.0,  71.0,       ,      ,      ,        ,        ,        ,        ,        ,        ,        ,        ,      
cunnera01, 1995,     1, OTT , NHL , L  , 81.0, 17.0,  19.0,  36.0, 130.0, -31.0,  4.0,  4.0,  0.0,  0.0,  2.0, 0.0, 142.0,       ,      ,      ,        ,        ,        ,        ,        ,        ,        ,        ,      
cunnera01, 1996,     1, OTT , NHL , L  , 76.0, 12.0,  24.0,  36.0,  99.0, -7.0 ,  6.0,  4.0,  0.0,  0.0,  3.0, 0.0, 115.0,    7.0,   1.0,   1.0,     2.0,    10.0, -3.0   ,     0.0,     1.0,     0.0,     0.0,     0.0,    18.0
cunnera01, 1997,     1, OTT , NHL , L  , 71.0,  2.0,  11.0,  13.0,  63.0, -14.0,  1.0,  2.0,  0.0,  0.0,  0.0, 0.0,  81.0,    6.0,   0.0,   1.0,     1.0,     6.0, 0.0    ,     0.0,     0.0,     0.0,     0.0,     0.0,     2.0
cunnera01, 1998,     1, BUF , NHL , L  , 14.0,  2.0,   2.0,   4.0,   0.0, 1.0  ,  0.0,  0.0,  0.0,  0.0,  1.0, 0.0,  12.0,    3.0,   0.0,   0.0,     0.0,     0.0, -1.0   ,     0.0,     0.0,     0.0,     0.0,     0.0,     2.0
cunnibo01, 1960,     1, NYR , NHL , C/L,  3.0,  0.0,   1.0,   1.0,   0.0,      ,     ,     ,     ,     ,     ,    ,      ,       ,      ,      ,        ,        ,        ,        ,        ,        ,        ,        ,      
cunnibo01, 1961,     1, NYR , NHL , C  ,  1.0,  0.0,   0.0,   0.0,   0.0,      ,     ,     ,     ,     ,     ,    ,      ,       ,      ,      ,        ,        ,        ,        ,        ,        ,        ,        ,      
cunniga01, 1973,     1, EDO , WHA , D  ,  2.0,  0.0,   0.0,   0.0,   0.0,      ,  0.0,     ,  0.0,     ,  0.0,    ,      ,       ,      ,      ,        ,        ,        ,        ,        ,        ,        ,        ,      
cunniji01, 1977,     1, PHI , NHL , L  ,  1.0,  0.0,   0.0,   0.0,   4.0, 1.0  ,  0.0,     ,  0.0,     ,  0.0, 0.0,   0.0,       ,      ,      ,        ,        ,        ,        ,        ,        ,        ,        ,      
cunnijo01, 1972,     1, NEW , WHA , L  , 33.0,  3.0,   5.0,   8.0,  16.0,      ,  0.0,     ,  0.0,     ,     ,    ,      ,   13.0,   1.0,   1.0,     2.0,     2.0,        ,     0.0,        ,     0.0,        ,     0.0,      
cunnijo01, 1973,     1, NEW , WHA , L  , 30.0,  7.0,   5.0,  12.0,  14.0,      ,  0.0,     ,  0.0,     ,  0.0,    ,      ,    5.0,   1.0,   1.0,     2.0,     0.0,        ,        ,        ,        ,        ,     0.0,      
cunnijo01, 1975,     1, QUN , WHA , L  ,  2.0,  0.0,   0.0,   0.0,   5.0, -2.0 ,  0.0,     ,  0.0,     ,  0.0,    ,   0.0,       ,      ,      ,        ,        ,        ,        ,        ,        ,        ,        ,      
cunnile01, 1936,     1, NYA , NHL , C  , 23.0,  1.0,   8.0,   9.0,  19.0,      ,     ,     ,     ,     ,     ,    ,      ,       ,      ,      ,        ,        ,        ,        ,        ,        ,        ,        ,      
cunnile01, 1939,     1, CHI , NHL , C  , 37.0,  6.0,  11.0,  17.0,   2.0,      ,     ,     ,     ,     ,     ,    ,      ,    1.0,   0.0,   0.0,     0.0,     0.0,        ,        ,        ,        ,        ,        ,      
cunniri01, 1972,     1, OTN , WHA , D  , 78.0,  9.0,  32.0,  41.0, 121.0,      ,  2.0,     ,  0.0,     ,     ,    ,      ,    5.0,   1.0,   1.0,     2.0,     2.0,        ,     1.0,        ,     0.0,        ,     0.0,      
cunniri01, 1973,     1, TOT , WHA , D  , 75.0,  2.0,  19.0,  21.0,  88.0,      ,  1.0,     ,  0.0,     ,  0.0,    ,      ,   11.0,   0.0,   4.0,     4.0,    31.0,        ,        ,        ,        ,        ,     0.0,      
cunniri01, 1974,     1, TOT , WHA , D  , 71.0,  7.0,  18.0,  25.0, 117.0, 23.0 ,  1.0,     ,  0.0,     ,     ,    , 113.0,    5.0,   0.0,   1.0,     1.0,     0.0,        ,     0.0,        ,     0.0,        ,     0.0,      
cunniri01, 1975,     1, TOT , WHA , D  , 36.0,  5.0,  14.0,  19.0,  57.0, 1.0  ,  0.0,     ,  0.0,     ,  0.0,    ,  58.0,       ,      ,      ,        ,        ,        ,        ,        ,        ,        ,        ,      
cunniri01, 1976,     1, BIR , WHA , D  , 63.0,  0.0,   8.0,   8.0,  75.0, -18.0,  0.0,     ,  0.0,     ,  0.0,    ,  90.0,       ,      ,      ,        ,        ,        ,        ,        ,        ,        ,        ,      
cupolbi01, 1944,     1, BOS , NHL , R  , 47.0, 11.0,  13.0,  24.0,  10.0,      ,     ,     ,     ,     ,     ,    ,      ,    7.0,   1.0,   2.0,     3.0,     0.0,        ,        ,        ,        ,        ,        ,      
currabr01, 1983,     1, BOS , NHL , D  , 16.0,  1.0,   1.0,   2.0,  57.0, 0.0  ,  0.0,     ,  0.0,     ,  0.0, 0.0,   6.0,    3.0,   0.0,   0.0,     0.0,     7.0, -2.0   ,     0.0,        ,     0.0,        ,     0.0,     2.0
currabr01, 1984,     1, BOS , NHL , D  , 56.0,  0.0,   1.0,   1.0, 158.0, -8.0 ,  0.0,     ,  0.0,     ,  0.0, 0.0,  17.0,       ,      ,      ,        ,        ,        ,        ,        ,        ,        ,        ,      
currabr01, 1985,     1, BOS , NHL , D  , 43.0,  2.0,   5.0,   7.0, 192.0, 6.0  ,  0.0,     ,  0.0,     ,  0.0, 0.0,  23.0,    2.0,   0.0,   0.0,     0.0,     4.0, -1.0   ,     0.0,        ,     0.0,        ,     0.0,     0.0
currabr01, 1986,     1, NYI , NHL , D  , 68.0,  0.0,  10.0,  10.0, 356.0, 3.0  ,  0.0,     ,  0.0,     ,  0.0, 0.0,  34.0,    8.0,   0.0,   0.0,     0.0,    51.0, -4.0   ,     0.0,        ,     0.0,        ,     0.0,     4.0
currabr01, 1987,     1, NYI , NHL , D  , 22.0,  0.0,   1.0,   1.0,  68.0, -9.0 ,  0.0,  0.0,  0.0,  0.0,  0.0, 0.0,  12.0,       ,      ,      ,        ,        ,        ,        ,        ,        ,        ,        ,      
currabr01, 1987,     2, TOR , NHL , D  ,  7.0,  0.0,   1.0,   1.0,  19.0, 3.0  ,  0.0,  0.0,  0.0,  0.0,  0.0, 0.0,   1.0,    6.0,   0.0,   0.0,     0.0,    41.0, 0.0    ,     0.0,     0.0,     0.0,     0.0,     0.0,     1.0
currabr01, 1988,     1, TOR , NHL , D  , 47.0,  1.0,   4.0,   5.0, 185.0, 0.0  ,  0.0,  0.0,  0.0,  0.0,  0.0, 0.0,  18.0,       ,      ,      ,        ,        ,        ,        ,        ,        ,        ,        ,      
currabr01, 1989,     1, TOR , NHL , D  , 72.0,  2.0,   9.0,  11.0, 301.0, -2.0 ,  0.0,  0.0,  0.0,  0.0,  0.0, 0.0,  21.0,    5.0,   0.0,   1.0,     1.0,    19.0, -1.0   ,     0.0,     0.0,     0.0,     0.0,     0.0,     2.0
currabr01, 1990,     1, TOR , NHL , D  ,  4.0,  0.0,   0.0,   0.0,   7.0, -2.0 ,  0.0,  0.0,  0.0,  0.0,  0.0, 0.0,   0.0,       ,      ,      ,        ,        ,        ,        ,        ,        ,        ,        ,      
currabr01, 1990,     2, BUF , NHL , D  , 17.0,  0.0,   1.0,   1.0,  43.0, -3.0 ,  0.0,  0.0,  0.0,  0.0,  0.0, 0.0,   7.0,       ,      ,      ,        ,        ,        ,        ,        ,        ,        ,        ,      
currabr01, 1991,     1, BUF , NHL , D  ,  3.0,  0.0,   0.0,   0.0,  14.0, 0.0  ,  0.0,  0.0,  0.0,  0.0,  0.0, 0.0,   1.0,       ,      ,      ,        ,        ,        ,        ,        ,        ,        ,        ,      
currabr01, 1993,     1, WAS , NHL , D  , 26.0,  1.0,   0.0,   1.0,  61.0, -2.0 ,  0.0,  0.0,  0.0,  0.0,  0.0, 0.0,  11.0,       ,      ,      ,        ,        ,        ,        ,        ,        ,        ,        ,      
currami01, 1972,     1, MFS , WHA , G  , 43.0,  0.0,   1.0,   1.0,  26.0,      ,  0.0,     ,  0.0,     ,     ,    ,      ,    2.0,   0.0,   0.0,     0.0,     0.0,        ,     0.0,        ,     0.0,        ,     0.0,      
currami01, 1973,     1, MFS , WHA , G  , 40.0,  0.0,   0.0,   0.0,   6.0,      ,  0.0,     ,  0.0,     ,  0.0,    ,      ,    5.0,   0.0,   0.0,     0.0,    10.0,        ,        ,        ,        ,        ,     0.0,      
currami01, 1974,     1, MFS , WHA , G  , 26.0,  0.0,   0.0,   0.0,  18.0,      ,  0.0,     ,  0.0,     ,  0.0,    ,   0.0,       ,      ,      ,        ,        ,        ,        ,        ,        ,        ,        ,      
currami01, 1975,     1, MFS , WHA , G  ,  5.0,  0.0,   0.0,   0.0,   2.0, 0.0  ,  0.0,     ,  0.0,     ,  0.0,    ,   0.0,       ,      ,      ,        ,        ,        ,        ,        ,        ,        ,        ,      
currami01, 1976,     1, MF2 , WHA , G  , 16.0,  0.0,   0.0,   0.0,   6.0, 0.0  ,  0.0,     ,  0.0,     ,  0.0,    ,   0.0,       ,      ,      ,        ,        ,        ,        ,        ,        ,        ,        ,      
currial01, 1909,     1, HAI , NHA ,    ,  7.0, 14.0,   0.0,  14.0,   9.0,      ,     ,     ,     ,     ,     ,    ,      ,       ,      ,      ,        ,        ,        ,        ,        ,        ,        ,        ,      
currial01, 1910,     1, OT1 , NHA ,    , 11.0,  1.0,   0.0,   1.0,  10.0,      ,     ,     ,     ,     ,     ,    ,      ,       ,      ,      ,        ,        ,        ,        ,        ,        ,        ,        ,      
currial01, 1910,     2, QU1 , NHA ,    ,  1.0,  0.0,   0.0,   0.0,   3.0,      ,     ,     ,     ,     ,     ,    ,      ,       ,      ,      ,        ,        ,        ,        ,        ,        ,        ,        ,      
currial01, 1912,     1, MOW , NHA ,    ,  4.0,  0.0,   0.0,   0.0,   2.0,      ,     ,     ,     ,     ,     ,    ,      ,       ,      ,      ,        ,        ,        ,        ,        ,        ,        ,        ,      
currial01, 1913,     1, OT1 , NHA ,    ,  3.0,  0.0,   0.0,   0.0,   0.0,      ,     ,     ,     ,     ,     ,    ,      ,       ,      ,      ,        ,        ,        ,        ,        ,        ,        ,        ,      
currida01, 1990,     1, EDM , NHL , L  ,  5.0,  0.0,   0.0,   0.0,   0.0, 0.0  ,  0.0,  0.0,  0.0,  0.0,  0.0, 0.0,   5.0,       ,      ,      ,        ,        ,        ,        ,        ,        ,        ,        ,      
currida01, 1991,     1, EDM , NHL , L  ,  7.0,  1.0,   0.0,   1.0,   0.0, -1.0 ,  0.0,  0.0,  0.0,  0.0,  0.0, 0.0,   3.0,       ,      ,      ,        ,        ,        ,        ,        ,        ,        ,        ,      
currida01, 1992,     1, EDM , NHL , L  ,  5.0,  0.0,   0.0,   0.0,   4.0, -4.0 ,  0.0,  0.0,  0.0,  0.0,  0.0, 0.0,  11.0,       ,      ,      ,        ,        ,        ,        ,        ,        ,        ,        ,      
currida01, 1993,     1, LAK , NHL , C  ,  5.0,  1.0,   1.0,   2.0,   0.0, -1.0 ,  0.0,  0.0,  0.0,  0.0,  0.0, 0.0,  12.0,       ,      ,      ,        ,        ,        ,        ,        ,        ,        ,        ,      
currigl01, 1979,     1, WAS , NHL , C  , 32.0,  2.0,   0.0,   2.0,   2.0, -2.0 ,  0.0,     ,  0.0,     ,  0.0, 0.0,  25.0,       ,      ,      ,        ,        ,        ,        ,        ,        ,        ,        ,      
currigl01, 1980,     1, WAS , NHL , C  , 40.0,  5.0,  13.0,  18.0,  16.0, -5.0 ,  2.0,     ,  1.0,     ,  0.0, 0.0,  52.0,       ,      ,      ,        ,        ,        ,        ,        ,        ,        ,        ,      
currigl01, 1981,     1, WAS , NHL , C  , 43.0,  7.0,   7.0,  14.0,  14.0, -2.0 ,  0.0,     ,  1.0,     ,  0.0, 0.0,  45.0,       ,      ,      ,        ,        ,        ,        ,        ,        ,        ,        ,      
currigl01, 1982,     1, WAS , NHL , C  , 68.0, 11.0,  28.0,  39.0,  20.0, 18.0 ,  0.0,     ,  0.0,     ,  2.0, 0.0,  54.0,    4.0,   0.0,   3.0,     3.0,     4.0,        ,     0.0,        ,     0.0,        ,     0.0,      
currigl01, 1983,     1, WAS , NHL , C  , 80.0, 12.0,  24.0,  36.0,  20.0, 9.0  ,  0.0,     ,  2.0,     ,  2.0, 0.0,  71.0,    8.0,   1.0,   0.0,     1.0,     0.0, 1.0    ,     0.0,        ,     0.0,        ,     0.0,     5.0
currigl01, 1984,     1, WAS , NHL , C  , 44.0,  1.0,   5.0,   6.0,  19.0, 2.0  ,  0.0,     ,  0.0,     ,  0.0, 0.0,  27.0,       ,      ,      ,        ,        ,        ,        ,        ,        ,        ,        ,      
currigl01, 1985,     1, LAK , NHL , C  , 12.0,  1.0,   2.0,   3.0,   9.0, 0.0  ,  1.0,     ,  0.0,     ,  0.0, 0.0,  11.0,       ,      ,      ,        ,        ,        ,        ,        ,        ,        ,        ,      
currigl01, 1987,     1, LAK , NHL , C  ,  7.0,  0.0,   0.0,   0.0,   0.0, -2.0 ,  0.0,  0.0,  0.0,  0.0,  0.0, 0.0,   3.0,       ,      ,      ,        ,        ,        ,        ,        ,        ,        ,        ,      
currihu01, 1950,     1, MTL , NHL , D  ,  1.0,  0.0,   0.0,   0.0,   0.0,      ,     ,     ,     ,     ,     ,    ,      ,       ,      ,      ,        ,        ,        ,        ,        ,        ,        ,        ,      
currito01, 1977,     1, STL , NHL , R  , 22.0,  4.0,   5.0,   9.0,   4.0, -10.0,  1.0,     ,  0.0,     ,  0.0, 1.0,  35.0,       ,      ,      ,        ,        ,        ,        ,        ,        ,        ,        ,      
currito01, 1978,     1, STL , NHL , R  , 36.0,  4.0,  15.0,  19.0,   0.0, -9.0 ,  1.0,     ,  0.0,     ,  2.0, 0.0,  57.0,       ,      ,      ,        ,        ,        ,        ,        ,        ,        ,        ,      
currito01, 1979,     1, STL , NHL , R  , 40.0, 19.0,  14.0,  33.0,   4.0, 9.0  ,  2.0,     ,  0.0,     ,  3.0, 1.0,  70.0,    2.0,   0.0,   0.0,     0.0,     0.0,        ,     0.0,        ,     0.0,        ,     0.0,      
currito01, 1980,     1, STL , NHL , R  , 61.0, 23.0,  32.0,  55.0,  38.0, 32.0 ,  2.0,     ,  0.0,     ,  4.0, 1.0, 112.0,   11.0,   4.0,  12.0,    16.0,     4.0,        ,     1.0,        ,     0.0,        ,     0.0,      
currito01, 1981,     1, STL , NHL , R  , 48.0, 18.0,  22.0,  40.0,  17.0, -7.0 ,  4.0,     ,  0.0,     ,  2.0, 1.0, 103.0,       ,      ,      ,        ,        ,        ,        ,        ,        ,        ,        ,      
currito01, 1981,     2, VAN , NHL , R  , 12.0,  5.0,   3.0,   8.0,   2.0, 1.0  ,  2.0,     ,  0.0,     ,  0.0, 0.0,  29.0,    3.0,   0.0,   0.0,     0.0,    10.0,        ,     0.0,        ,     0.0,        ,     0.0,      
currito01, 1982,     1, VAN , NHL , R  ,  8.0,  1.0,   1.0,   2.0,   0.0, -3.0 ,  0.0,     ,  0.0,     ,  0.0, 0.0,   6.0,       ,      ,      ,        ,        ,        ,        ,        ,        ,        ,        ,      
currito01, 1983,     1, VAN , NHL , R  , 18.0,  3.0,   3.0,   6.0,   2.0, -1.0 ,  1.0,     ,  0.0,     ,  0.0, 0.0,  22.0,       ,      ,      ,        ,        ,        ,        ,        ,        ,        ,        ,      
currito01, 1983,     2, HAR , NHL , R  , 32.0, 12.0,  16.0,  28.0,   4.0, -3.0 ,  6.0,     ,  0.0,     ,  2.0, 0.0,  54.0,       ,      ,      ,        ,        ,        ,        ,        ,        ,        ,        ,      
currito01, 1984,     1, HAR , NHL , R  , 13.0,  3.0,   8.0,  11.0,  12.0, -4.0 ,  1.0,     ,  0.0,     ,  0.0, 0.0,  20.0,       ,      ,      ,        ,        ,        ,        ,        ,        ,        ,        ,      
curryfl01, 1947,     1, MTL , NHL , R  , 31.0,  1.0,   5.0,   6.0,   0.0,      ,     ,     ,     ,     ,     ,    ,      ,       ,      ,      ,        ,        ,        ,        ,        ,        ,        ,        ,      
curryfl01, 1948,     1, MTL , NHL , R  ,     ,     ,      ,      ,      ,      ,     ,     ,     ,     ,     ,    ,      ,    2.0,   0.0,   0.0,     0.0,     2.0,        ,        ,        ,        ,        ,        ,      
curryfl01, 1949,     1, MTL , NHL , R  , 49.0,  8.0,   8.0,  16.0,   8.0,      ,     ,     ,     ,     ,     ,    ,      ,    5.0,   1.0,   0.0,     1.0,     2.0,        ,        ,        ,        ,        ,        ,      
curryfl01, 1950,     1, MTL , NHL , R  , 69.0, 13.0,  14.0,  27.0,  23.0,      ,     ,     ,     ,     ,     ,    ,      ,   11.0,   0.0,   2.0,     2.0,     2.0,        ,        ,        ,        ,        ,        ,      
curryfl01, 1951,     1, MTL , NHL , R  , 64.0, 20.0,  18.0,  38.0,  10.0,      ,     ,     ,     ,     ,     ,    ,      ,   11.0,   4.0,   3.0,     7.0,     6.0,        ,        ,        ,        ,        ,        ,      
curryfl01, 1952,     1, MTL , NHL , R  , 68.0, 16.0,   6.0,  22.0,  10.0,      ,     ,     ,     ,     ,     ,    ,      ,   12.0,   2.0,   1.0,     3.0,     2.0,        ,        ,        ,        ,        ,        ,      
curryfl01, 1953,     1, MTL , NHL , R  , 70.0, 13.0,   8.0,  21.0,  22.0,      ,     ,     ,     ,     ,     ,    ,      ,   11.0,   4.0,   0.0,     4.0,     4.0,        ,        ,        ,        ,        ,        ,      
curryfl01, 1954,     1, MTL , NHL , R  , 68.0, 11.0,  10.0,  21.0,  36.0,      ,     ,     ,     ,     ,     ,    ,      ,   12.0,   8.0,   4.0,    12.0,     4.0,        ,        ,        ,        ,        ,        ,      
curryfl01, 1955,     1, MTL , NHL , R  , 70.0, 14.0,  18.0,  32.0,  10.0,      ,     ,     ,     ,     ,     ,    ,      ,   10.0,   1.0,   5.0,     6.0,    12.0,        ,        ,        ,        ,        ,        ,      
curryfl01, 1956,     1, MTL , NHL , R  , 70.0,  7.0,   9.0,  16.0,  20.0,      ,     ,     ,     ,     ,     ,    ,      ,   10.0,   3.0,   2.0,     5.0,     2.0,        ,        ,        ,        ,        ,        ,      
curryfl01, 1957,     1, MTL , NHL , R  , 42.0,  2.0,   3.0,   5.0,   8.0,      ,     ,     ,     ,     ,     ,    ,      ,    7.0,   0.0,   0.0,     0.0,     2.0,        ,        ,        ,        ,        ,        ,      
curryjo01, 2008,     1, PIT , NHL , G  ,  3.0,  0.0,   0.0,   0.0,   0.0, 0.0  ,  0.0,  0.0,  0.0,  0.0,  0.0,    ,   0.0,       ,      ,      ,        ,        ,        ,        ,        ,        ,        ,        ,      
curryjo01, 2009,     1, PIT , NHL , G  ,  1.0,  0.0,   0.0,   0.0,   0.0, 0.0  ,  0.0,  0.0,  0.0,  0.0,  0.0,    ,   0.0,       ,      ,      ,        ,        ,        ,        ,        ,        ,        ,        ,      
curtato01, 1980,     1, CAL , NHL , D  ,  2.0,  0.0,   0.0,   0.0,   0.0, -1.0 ,  0.0,     ,  0.0,     ,  0.0, 0.0,   4.0,       ,      ,      ,        ,        ,        ,        ,        ,        ,        ,        ,      
curtipa01, 1969,     1, MTL , NHL , D  ,  1.0,  0.0,   0.0,   0.0,   0.0, -1.0 ,  0.0,     ,  0.0,     ,  0.0, 0.0,   1.0,       ,      ,      ,        ,        ,        ,        ,        ,        ,        ,        ,      
curtipa01, 1970,     1, LAK , NHL , D  , 64.0,  1.0,  13.0,  14.0,  82.0, -18.0,  0.0,     ,  0.0,     ,  0.0, 0.0,  66.0,       ,      ,      ,        ,        ,        ,        ,        ,        ,        ,        ,      
curtipa01, 1971,     1, LAK , NHL , D  , 64.0,  1.0,  12.0,  13.0,  57.0, -32.0,  0.0,     ,  0.0,     ,  0.0, 0.0,  66.0,       ,      ,      ,        ,        ,        ,        ,        ,        ,        ,        ,      
curtipa01, 1972,     1, LAK , NHL , D  , 27.0,  0.0,   5.0,   5.0,  16.0, -2.0 ,  0.0,     ,  0.0,     ,  0.0, 0.0,  16.0,       ,      ,      ,        ,        ,        ,        ,        ,        ,        ,        ,      
curtipa01, 1972,     2, STL , NHL , D  , 29.0,  1.0,   4.0,   5.0,   6.0, 2.0  ,  0.0,     ,  0.0,     ,  0.0, 0.0,  37.0,    5.0,   0.0,   0.0,     0.0,     2.0,        ,     0.0,        ,     0.0,        ,     0.0,      
curtipa01, 1974,     1, MIB , WHA , D  , 76.0,  4.0,  15.0,  19.0,  32.0, -63.0,  1.0,     ,  0.0,     ,     ,    , 110.0,       ,      ,      ,        ,        ,        ,        ,        ,        ,        ,        ,      
cusheia01, 1956,     1, CHI , NHL , D  , 11.0,  0.0,   0.0,   0.0,  13.0,      ,     ,     ,     ,     ,     ,    ,      ,       ,      ,      ,        ,        ,        ,        ,        ,        ,        ,        ,      
cusheia01, 1957,     1, CHI , NHL , D  , 61.0,  2.0,   8.0,  10.0,  67.0,      ,     ,     ,     ,     ,     ,    ,      ,       ,      ,      ,        ,        ,        ,        ,        ,        ,        ,        ,      
cusheia01, 1958,     1, MTL , NHL , D  , 35.0,  1.0,   2.0,   3.0,  28.0,      ,     ,     ,     ,     ,     ,    ,      ,       ,      ,      ,        ,        ,        ,        ,        ,        ,        ,        ,      
cusheia01, 1959,     1, NYR , NHL , D  , 17.0,  0.0,   1.0,   1.0,  22.0,      ,     ,     ,     ,     ,     ,    ,      ,       ,      ,      ,        ,        ,        ,        ,        ,        ,        ,        ,      
cusheia01, 1963,     1, DET , NHL , D  ,  5.0,  0.0,   0.0,   0.0,   4.0,      ,  0.0,     ,  0.0,     ,  0.0, 0.0,      ,       ,      ,      ,        ,        ,        ,        ,        ,        ,        ,        ,      
cussoje01, 1967,     1, OAK , NHL , L  ,  2.0,  0.0,   0.0,   0.0,   0.0, -1.0 ,  0.0,     ,  0.0,     ,  0.0, 0.0,   1.0,       ,      ,      ,        ,        ,        ,        ,        ,        ,        ,        ,      
cuttaja01, 2000,     1, WAS , NHL , D  ,  3.0,  0.0,   0.0,   0.0,   0.0, -1.0 ,  0.0,  0.0,  0.0,  0.0,  0.0, 0.0,   1.0,       ,      ,      ,        ,        ,        ,        ,        ,        ,        ,        ,      
cuttaja01, 2001,     1, WAS , NHL , D  ,  2.0,  0.0,   0.0,   0.0,   0.0, -3.0 ,  0.0,  0.0,  0.0,  0.0,  0.0, 0.0,   2.0,       ,      ,      ,        ,        ,        ,        ,        ,        ,        ,        ,      
cuttaja01, 2003,     1, WAS , NHL , D  ,  3.0,  0.0,   0.0,   0.0,   0.0, -1.0 ,  0.0,  0.0,  0.0,  0.0,  0.0, 0.0,   1.0,       ,      ,      ,        ,        ,        ,        ,        ,        ,        ,        ,      
cuttsdo01, 1979,     1, EDM , NHL , G  ,  6.0,  0.0,   0.0,   0.0,   6.0, 0.0  ,  0.0,     ,  0.0,     ,  0.0, 0.0,   0.0,       ,      ,      ,        ,        ,        ,        ,        ,        ,        ,        ,      
cyrcl01  , 1958,     1, MTL , NHL , G  ,  1.0,  0.0,   0.0,   0.0,   0.0,      ,     ,     ,     ,     ,     ,    ,      ,       ,      ,      ,        ,        ,        ,        ,        ,        ,        ,        ,      
cyrde01  , 1980,     1, CAL , NHL , R  , 10.0,  1.0,   4.0,   5.0,   0.0, 2.0  ,  0.0,     ,  0.0,     ,  0.0, 0.0,  10.0,       ,      ,      ,        ,        ,        ,        ,        ,        ,        ,        ,      
cyrde01  , 1981,     1, CAL , NHL , R  , 45.0, 12.0,  10.0,  22.0,  13.0, 5.0  ,  2.0,     ,  0.0,     ,  2.0, 0.0,  71.0,       ,      ,      ,        ,        ,        ,        ,        ,        ,        ,        ,      
cyrde01  , 1982,     1, CAL , NHL , R  , 11.0,  1.0,   1.0,   2.0,   0.0, 1.0  ,  0.0,     ,  0.0,     ,  0.0, 0.0,  15.0,       ,      ,      ,        ,        ,        ,        ,        ,        ,        ,        ,      
cyrde01  , 1982,     2, CHI , NHL , R  , 41.0,  7.0,   8.0,  15.0,   2.0, 6.0  ,  0.0,     ,  0.0,     ,  0.0, 0.0,  36.0,    1.0,   0.0,   0.0,     0.0,     0.0,        ,     0.0,        ,     0.0,        ,     0.0,      
cyrde01  , 1983,     1, CHI , NHL , R  , 46.0, 12.0,  13.0,  25.0,  19.0, 0.0  ,  6.0,     ,  0.0,     ,  1.0, 0.0,  72.0,       ,      ,      ,        ,        ,        ,        ,        ,        ,        ,        ,      
cyrde01  , 1984,     1, STL , NHL , R  ,  9.0,  5.0,   3.0,   8.0,   0.0, 1.0  ,  0.0,     ,  0.0,     ,  1.0, 0.0,  12.0,    3.0,   0.0,   0.0,     0.0,     0.0, -1.0   ,     0.0,        ,     0.0,        ,     0.0,     4.0
cyrde01  , 1985,     1, STL , NHL , R  , 31.0,  3.0,   4.0,   7.0,   2.0, -11.0,  0.0,     ,  0.0,     ,  0.0, 0.0,  21.0,       ,      ,      ,        ,        ,        ,        ,        ,        ,        ,        ,      
cyrpa01  , 1982,     1, BUF , NHL , L  , 36.0, 15.0,  12.0,  27.0,  59.0, -6.0 ,  5.0,     ,  0.0,     ,  2.0, 1.0,  65.0,   10.0,   1.0,   3.0,     4.0,     6.0,        ,     1.0,        ,     0.0,        ,     0.0,      
cyrpa01  , 1983,     1, BUF , NHL , L  , 71.0, 16.0,  27.0,  43.0,  52.0, -3.0 ,  5.0,     ,  0.0,     ,  1.0, 1.0, 142.0,    3.0,   0.0,   1.0,     1.0,     0.0, 1.0    ,     0.0,        ,     0.0,        ,     0.0,     8.0
cyrpa01  , 1984,     1, BUF , NHL , L  , 71.0, 22.0,  24.0,  46.0,  63.0, -7.0 ,  5.0,     ,  0.0,     ,  1.0, 2.0, 169.0,    5.0,   2.0,   2.0,     4.0,    15.0, 0.0    ,     0.0,        ,     0.0,        ,     0.0,    12.0
cyrpa01  , 1985,     1, BUF , NHL , L  , 71.0, 20.0,  31.0,  51.0, 120.0, 4.0  ,  4.0,     ,  1.0,     ,  2.0, 0.0, 151.0,       ,      ,      ,        ,        ,        ,        ,        ,        ,        ,        ,      
cyrpa01  , 1986,     1, BUF , NHL , L  , 73.0, 11.0,  16.0,  27.0, 122.0, -16.0,  0.0,     ,  0.0,     ,  1.0, 0.0, 131.0,       ,      ,      ,        ,        ,        ,        ,        ,        ,        ,        ,      
cyrpa01  , 1987,     1, BUF , NHL , L  , 20.0,  1.0,   1.0,   2.0,  38.0, -2.0 ,  0.0,     ,  1.0,  0.0,  1.0, 0.0,  20.0,       ,      ,      ,        ,        ,        ,        ,        ,        ,        ,        ,      
cyrpa01  , 1987,     2, NYR , NHL , L  , 40.0,  4.0,  13.0,  17.0,  41.0, -5.0 ,  1.0,     ,  1.0,  0.0,  0.0, 0.0,  72.0,       ,      ,      ,        ,        ,        ,        ,        ,        ,        ,        ,      
cyrpa01  , 1988,     1, NYR , NHL , L  ,  1.0,  0.0,   0.0,   0.0,   2.0, 0.0  ,  0.0,  0.0,  0.0,  0.0,  0.0, 0.0,   0.0,       ,      ,      ,        ,        ,        ,        ,        ,        ,        ,        ,      
cyrpa01  , 1990,     1, HAR , NHL , C  , 70.0, 12.0,  13.0,  25.0, 107.0, -8.0 ,  0.0,  1.0,  1.0,  0.0,  2.0, 0.0, 128.0,    6.0,   1.0,   0.0,     1.0,    10.0, -2.0   ,     0.0,     0.0,     0.0,     0.0,     0.0,    14.0
cyrpa01  , 1991,     1, HAR , NHL , L  , 17.0,  0.0,   3.0,   3.0,  19.0, -4.0 ,  0.0,  0.0,  0.0,  0.0,  0.0, 0.0,  20.0,       ,      ,      ,        ,        ,        ,        ,        ,        ,        ,        ,      
czerkma01, 1993,     1, BOS , NHL , R  ,  4.0,  2.0,   1.0,   3.0,   0.0, -2.0 ,  1.0,  0.0,  0.0,  0.0,  0.0, 0.0,  11.0,   13.0,   3.0,   3.0,     6.0,     4.0, -1.0   ,     1.0,     2.0,     0.0,     0.0,     0.0,    22.0
czerkma01, 1994,     1, BOS , NHL , R  , 47.0, 12.0,  14.0,  26.0,  31.0, 4.0  ,  1.0,  7.0,  0.0,  0.0,  2.0, 0.0, 126.0,    5.0,   1.0,   0.0,     1.0,     0.0, 0.0    ,     0.0,     0.0,     0.0,     0.0,     0.0,    11.0
czerkma01, 1995,     1, BOS , NHL , R  , 33.0,  5.0,   6.0,  11.0,  10.0, -11.0,  1.0,  0.0,  0.0,  0.0,  0.0, 0.0,  63.0,       ,      ,      ,        ,        ,        ,        ,        ,        ,        ,        ,      
czerkma01, 1995,     2, EDM , NHL , R  , 37.0, 12.0,  17.0,  29.0,   8.0, 7.0  ,  2.0,  6.0,  0.0,  0.0,  1.0, 0.0,  79.0,       ,      ,      ,        ,        ,        ,        ,        ,        ,        ,        ,      
czerkma01, 1996,     1, EDM , NHL , L  , 76.0, 26.0,  21.0,  47.0,  16.0, 0.0  ,  4.0,  5.0,  0.0,  0.0,  3.0, 0.0, 182.0,   12.0,   2.0,   1.0,     3.0,    10.0, -2.0   ,     0.0,     1.0,     0.0,     0.0,     0.0,    19.0
czerkma01, 1997,     1, NYI , NHL , R  , 68.0, 12.0,  13.0,  25.0,  23.0, 11.0 ,  2.0,  1.0,  0.0,  0.0,  1.0, 0.0, 136.0,       ,      ,      ,        ,        ,        ,        ,        ,        ,        ,        ,      
czerkma01, 1998,     1, NYI , NHL , R  , 78.0, 21.0,  17.0,  38.0,  14.0, -10.0,  4.0,  5.0,  0.0,  0.0,  1.0, 2.0, 205.0,       ,      ,      ,        ,        ,        ,        ,        ,        ,        ,        ,      
czerkma01, 1999,     1, NYI , NHL , R  , 79.0, 35.0,  35.0,  70.0,  34.0, -16.0, 16.0, 13.0,  0.0,  0.0,  4.0, 1.0, 276.0,       ,      ,      ,        ,        ,        ,        ,        ,        ,        ,        ,      
czerkma01, 2000,     1, NYI , NHL , R  , 82.0, 30.0,  32.0,  62.0,  48.0, -24.0, 10.0, 11.0,  1.0,  1.0,  0.0, 0.0, 287.0,       ,      ,      ,        ,        ,        ,        ,        ,        ,        ,        ,      
czerkma01, 2001,     1, NYI , NHL , R  , 82.0, 22.0,  29.0,  51.0,  48.0, -8.0 ,  6.0, 11.0,  0.0,  0.0,  6.0, 1.0, 169.0,    7.0,   2.0,   2.0,     4.0,     4.0, -3.0   ,     1.0,     2.0,     0.0,     0.0,     0.0,    11.0
czerkma01, 2002,     1, MTL , NHL , L  , 43.0,  5.0,   9.0,  14.0,  16.0, -7.0 ,  1.0,  3.0,  0.0,  0.0,  0.0, 0.0,  77.0,       ,      ,      ,        ,        ,        ,        ,        ,        ,        ,        ,      
czerkma01, 2003,     1, NYI , NHL , R  , 81.0, 25.0,  24.0,  49.0,  16.0, 8.0  ,  9.0,  7.0,  0.0,  0.0,  2.0, 2.0, 157.0,    5.0,   0.0,   1.0,     1.0,     0.0, -1.0   ,     0.0,     1.0,     0.0,     0.0,     0.0,     7.0
czerkma01, 2005,     1, TOR , NHL , R  , 19.0,  4.0,   1.0,   5.0,   6.0, -2.0 ,  1.0,  1.0,  0.0,  0.0,  0.0,    ,  41.0,       ,      ,      ,        ,        ,        ,        ,        ,        ,        ,        ,      
czerkma01, 2005,     2, BOS , NHL , R  , 16.0,  4.0,   1.0,   5.0,   4.0, -4.0 ,  0.0,  1.0,  0.0,  0.0,  0.0,    ,  31.0,       ,      ,      ,        ,        ,        ,        ,        ,        ,        ,        ,      
dackean01, 1996,     1, OTT , NHL , R  , 79.0, 12.0,  19.0,  31.0,   8.0, -6.0 ,  2.0,  1.0,  0.0,  0.0,  3.0, 0.0,  79.0,    7.0,   1.0,   0.0,     1.0,     0.0, 0.0    ,     0.0,     0.0,     0.0,     0.0,     0.0,     5.0
dackean01, 1997,     1, OTT , NHL , R  , 82.0, 15.0,  18.0,  33.0,  24.0, -11.0,  3.0,  5.0,  2.0,  1.0,  2.0, 1.0, 130.0,   11.0,   1.0,   1.0,     2.0,     2.0, -4.0   ,     1.0,     0.0,     0.0,     0.0,     0.0,    14.0
dackean01, 1998,     1, OTT , NHL , R  , 77.0, 15.0,  35.0,  50.0,  30.0, 9.0  ,  6.0, 10.0,  0.0,  0.0,  3.0, 0.0, 107.0,    4.0,   0.0,   1.0,     1.0,     0.0, -3.0   ,     0.0,     1.0,     0.0,     0.0,     0.0,     3.0
dackean01, 1999,     1, OTT , NHL , R  , 82.0, 10.0,  25.0,  35.0,  18.0, 5.0  ,  0.0,  5.0,  0.0,  0.0,  1.0, 1.0,  99.0,    6.0,   2.0,   1.0,     3.0,     2.0, 0.0    ,     0.0,     0.0,     0.0,     0.0,     1.0,    13.0
dackean01, 2000,     1, OTT , NHL , R  , 81.0, 13.0,  18.0,  31.0,  24.0, 7.0  ,  1.0,  0.0,  0.0,  1.0,  3.0, 0.0,  72.0,    4.0,   0.0,   0.0,     0.0,     0.0, 0.0    ,     0.0,     0.0,     0.0,     0.0,     0.0,     3.0
dackean01, 2001,     1, MTL , NHL , R  , 79.0, 15.0,  18.0,  33.0,  24.0, -3.0 ,  2.0,  2.0,  3.0,  2.0,  2.0, 0.0,  83.0,   12.0,   1.0,   2.0,     3.0,     6.0, -4.0   ,     0.0,     0.0,     0.0,     0.0,     0.0,    11.0
dackean01, 2002,     1, MTL , NHL , R  , 73.0,  7.0,  18.0,  25.0,  24.0, -5.0 ,  0.0,  0.0,  0.0,  1.0,  1.0, 0.0,  74.0,       ,      ,      ,        ,        ,        ,        ,        ,        ,        ,        ,      
dackean01, 2003,     1, MTL , NHL , R  , 60.0,  4.0,   8.0,  12.0,  10.0, 8.0  ,  0.0,  0.0,  0.0,  2.0,  0.0, 0.0,  50.0,       ,      ,      ,        ,        ,        ,        ,        ,        ,        ,        ,      
dadonev01, 2009,     1, FLO , NHL , R  ,  4.0,  0.0,   0.0,   0.0,   0.0, -1.0 ,  0.0,  0.0,  0.0,  0.0,  0.0,    ,   4.0,       ,      ,      ,        ,        ,        ,        ,        ,        ,        ,        ,      
dadswdo01, 1986,     1, CAL , NHL , G  ,  2.0,  0.0,   0.0,   0.0,   0.0, 0.0  ,  0.0,     ,  0.0,     ,  0.0, 0.0,   0.0,       ,      ,      ,        ,        ,        ,        ,        ,        ,        ,        ,      
dadswdo01, 1987,     1, CAL , NHL , G  , 25.0,  0.0,   2.0,   2.0,   2.0, 0.0  ,  0.0,     ,  0.0,     ,  0.0, 0.0,   0.0,       ,      ,      ,        ,        ,        ,        ,        ,        ,        ,        ,      
dafoeby01, 1992,     1, WAS , NHL , G  ,  1.0,  0.0,   0.0,   0.0,   0.0, 0.0  ,  0.0,  0.0,  0.0,  0.0,  0.0, 0.0,   0.0,       ,      ,      ,        ,        ,        ,        ,        ,        ,        ,        ,      
dafoeby01, 1993,     1, WAS , NHL , G  ,  5.0,  0.0,   0.0,   0.0,   0.0, 0.0  ,  0.0,  0.0,  0.0,  0.0,  0.0, 0.0,   0.0,    2.0,   0.0,   0.0,     0.0,     0.0, 0.0    ,     0.0,     0.0,     0.0,     0.0,     0.0,     0.0
dafoeby01, 1994,     1, WAS , NHL , G  ,  4.0,  0.0,   0.0,   0.0,   0.0, 0.0  ,  0.0,  0.0,  0.0,  0.0,  0.0, 0.0,   0.0,    1.0,   0.0,   0.0,     0.0,     0.0, 0.0    ,     0.0,     0.0,     0.0,     0.0,     0.0,     0.0
dafoeby01, 1995,     1, LAK , NHL , G  , 47.0,  0.0,   0.0,   0.0,   6.0, 0.0  ,  0.0,  0.0,  0.0,  0.0,  0.0, 0.0,   0.0,       ,      ,      ,        ,        ,        ,        ,        ,        ,        ,        ,      
dafoeby01, 1996,     1, LAK , NHL , G  , 40.0,  0.0,   0.0,   0.0,   0.0, 0.0  ,  0.0,  0.0,  0.0,  0.0,  0.0, 0.0,   0.0,       ,      ,      ,        ,        ,        ,        ,        ,        ,        ,        ,      
dafoeby01, 1997,     1, BOS , NHL , G  , 65.0,  0.0,   3.0,   3.0,   2.0, 0.0  ,  0.0,  1.0,  0.0,  0.0,  0.0, 0.0,   0.0,    6.0,   0.0,   0.0,     0.0,     0.0, 0.0    ,     0.0,     0.0,     0.0,     0.0,     0.0,     0.0
dafoeby01, 1998,     1, BOS , NHL , G  , 68.0,  0.0,   2.0,   2.0,  25.0, 0.0  ,  0.0,  0.0,  0.0,  0.0,  0.0, 0.0,   0.0,   12.0,   0.0,   0.0,     0.0,     2.0, 0.0    ,     0.0,     0.0,     0.0,     0.0,     0.0,     0.0
dafoeby01, 1999,     1, BOS , NHL , G  , 41.0,  0.0,   0.0,   0.0,   0.0, 0.0  ,  0.0,  0.0,  0.0,  0.0,  0.0, 0.0,   0.0,       ,      ,      ,        ,        ,        ,        ,        ,        ,        ,        ,      
dafoeby01, 2000,     1, BOS , NHL , G  , 45.0,  0.0,   2.0,   2.0,   6.0, 0.0  ,  0.0,  0.0,  0.0,  0.0,  0.0, 0.0,   0.0,       ,      ,      ,        ,        ,        ,        ,        ,        ,        ,        ,      
dafoeby01, 2001,     1, BOS , NHL , G  , 64.0,  0.0,   1.0,   1.0,  27.0, 0.0  ,  0.0,  0.0,  0.0,  0.0,  0.0, 0.0,   0.0,    6.0,   0.0,   0.0,     0.0,     0.0, 0.0    ,     0.0,     0.0,     0.0,     0.0,     0.0,     0.0
dafoeby01, 2002,     1, ATL , NHL , G  , 17.0,  0.0,   0.0,   0.0,   0.0, 0.0  ,  0.0,  0.0,  0.0,  0.0,  0.0, 0.0,   0.0,       ,      ,      ,        ,        ,        ,        ,        ,        ,        ,        ,      
dafoeby01, 2003,     1, ATL , NHL , G  , 18.0,  0.0,   0.0,   0.0,   2.0, 0.0  ,  0.0,  0.0,  0.0,  0.0,  0.0, 0.0,   0.0,       ,      ,      ,        ,        ,        ,        ,        ,        ,        ,        ,      
dagenpi01, 2000,     1, NJD , NHL , R  ,  9.0,  3.0,   2.0,   5.0,   6.0, 1.0  ,  1.0,  1.0,  0.0,  0.0,  1.0, 0.0,  20.0,       ,      ,      ,        ,        ,        ,        ,        ,        ,        ,        ,      
dagenpi01, 2001,     1, NJD , NHL , R  , 16.0,  3.0,   3.0,   6.0,   4.0, -5.0 ,  1.0,  2.0,  0.0,  0.0,  1.0, 0.0,  30.0,       ,      ,      ,        ,        ,        ,        ,        ,        ,        ,        ,      
dagenpi01, 2001,     2, FLO , NHL , R  , 26.0,  7.0,   1.0,   8.0,   4.0, -5.0 ,  2.0,  0.0,  0.0,  0.0,  0.0, 2.0,  47.0,       ,      ,      ,        ,        ,        ,        ,        ,        ,        ,        ,      
dagenpi01, 2002,     1, FLO , NHL , R  ,  9.0,  0.0,   0.0,   0.0,   4.0, -1.0 ,  0.0,  0.0,  0.0,  0.0,  0.0, 0.0,   5.0,       ,      ,      ,        ,        ,        ,        ,        ,        ,        ,        ,      
dagenpi01, 2003,     1, MTL , NHL , R  , 50.0, 17.0,  10.0,  27.0,  24.0, 15.0 ,  4.0,  3.0,  0.0,  0.0,  3.0, 0.0, 149.0,    8.0,   0.0,   1.0,     1.0,     6.0, -1.0   ,     0.0,     0.0,     0.0,     0.0,     0.0,    17.0
dagenpi01, 2005,     1, MTL , NHL , R  , 32.0,  5.0,   7.0,  12.0,  16.0, -5.0 ,  2.0,  4.0,  0.0,  0.0,  1.0,    ,  74.0,       ,      ,      ,        ,        ,        ,        ,        ,        ,        ,        ,      
dagosma01, 2007,     1, MTL , NHL , R  ,  1.0,  0.0,   0.0,   0.0,   2.0, 0.0  ,  0.0,  0.0,  0.0,  0.0,  0.0,    ,   0.0,       ,      ,      ,        ,        ,        ,        ,        ,        ,        ,        ,      
dagosma01, 2008,     1, MTL , NHL , R  , 53.0, 12.0,   9.0,  21.0,  16.0, -17.0,  3.0,  2.0,  0.0,  0.0,  1.0,    , 116.0,    3.0,   0.0,   0.0,     0.0,     0.0, -5.0   ,     0.0,     0.0,     0.0,     0.0,     0.0,     5.0
dagosma01, 2009,     1, MTL , NHL , R  , 40.0,  2.0,   2.0,   4.0,  26.0, -12.0,  0.0,  0.0,  0.0,  0.0,  0.0,    ,  48.0,       ,      ,      ,        ,        ,        ,        ,        ,        ,        ,        ,      
dagosma01, 2009,     2, STL , NHL , R  ,  7.0,  0.0,   0.0,   0.0,   2.0, -3.0 ,  0.0,  0.0,  0.0,  0.0,  0.0,    ,   6.0,       ,      ,      ,        ,        ,        ,        ,        ,        ,        ,        ,      
dahleul01, 1987,     1, NYR , NHL , R  , 70.0, 29.0,  23.0,  52.0,  26.0, 5.0  , 11.0,  8.0,  0.0,  0.0,  4.0, 0.0, 159.0,       ,      ,      ,        ,        ,        ,        ,        ,        ,        ,        ,      
dahleul01, 1988,     1, NYR , NHL , R  , 56.0, 24.0,  19.0,  43.0,  50.0, -6.0 ,  8.0,  6.0,  0.0,  0.0,  1.0, 1.0, 147.0,    4.0,   0.0,   0.0,     0.0,     0.0, -3.0   ,     0.0,     0.0,     0.0,     0.0,     0.0,     5.0
dahleul01, 1989,     1, NYR , NHL , R  , 63.0, 18.0,  18.0,  36.0,  30.0, -4.0 , 13.0,  9.0,  0.0,  0.0,  4.0, 0.0, 111.0,       ,      ,      ,        ,        ,        ,        ,        ,        ,        ,        ,      
dahleul01, 1989,     2, MNS , NHL , R  , 13.0,  2.0,   4.0,   6.0,   0.0, 1.0  ,  0.0,  1.0,  0.0,  0.0,  0.0, 0.0,  24.0,    7.0,   1.0,   4.0,     5.0,     2.0, -2.0   ,     0.0,     3.0,     0.0,     0.0,     0.0,    19.0
dahleul01, 1990,     1, MNS , NHL , R  , 66.0, 21.0,  18.0,  39.0,   6.0, 7.0  ,  4.0,  4.0,  0.0,  0.0,  3.0, 0.0, 133.0,   15.0,   2.0,   6.0,     8.0,     4.0, -4.0   ,     0.0,     1.0,     0.0,     0.0,     0.0,    26.0
dahleul01, 1991,     1, MNS , NHL , R  , 79.0, 36.0,  30.0,  66.0,  10.0, -5.0 , 16.0, 15.0,  1.0,  0.0,  5.0, 0.0, 216.0,    7.0,   0.0,   3.0,     3.0,     2.0, 0.0    ,     0.0,     2.0,     0.0,     0.0,     0.0,    13.0
dahleul01, 1992,     1, MNS , NHL , R  , 83.0, 35.0,  39.0,  74.0,   6.0, -20.0, 13.0, 21.0,  0.0,  0.0,  6.0, 0.0, 223.0,       ,      ,      ,        ,        ,        ,        ,        ,        ,        ,        ,      
dahleul01, 1993,     1, DAL , NHL , R  , 65.0, 19.0,  38.0,  57.0,  10.0, -1.0 , 12.0, 20.0,  0.0,  0.0,  3.0, 1.0, 147.0,       ,      ,      ,        ,        ,        ,        ,        ,        ,        ,        ,      
dahleul01, 1993,     2, SJS , NHL , R  , 13.0,  6.0,   6.0,  12.0,   0.0, 0.0  ,  3.0,  3.0,  0.0,  0.0,  2.0, 0.0,  43.0,   14.0,   6.0,   2.0,     8.0,     0.0, -3.0   ,     3.0,     1.0,     0.0,     0.0,     1.0,    36.0
dahleul01, 1994,     1, SJS , NHL , R  , 46.0, 11.0,  23.0,  34.0,  11.0, -2.0 ,  4.0,  9.0,  1.0,  0.0,  4.0, 0.0,  85.0,   11.0,   5.0,   4.0,     9.0,     0.0, -13.0  ,     3.0,     3.0,     0.0,     0.0,     1.0,    19.0
dahleul01, 1995,     1, SJS , NHL , R  , 59.0, 16.0,  12.0,  28.0,  27.0, -21.0,  5.0,  4.0,  0.0,  0.0,  2.0, 1.0, 103.0,       ,      ,      ,        ,        ,        ,        ,        ,        ,        ,        ,      
dahleul01, 1996,     1, SJS , NHL , L  , 43.0,  8.0,  11.0,  19.0,   8.0, -11.0,  3.0,  3.0,  0.0,  0.0,  1.0, 0.0,  78.0,       ,      ,      ,        ,        ,        ,        ,        ,        ,        ,        ,      
dahleul01, 1996,     2, CHI , NHL , L  , 30.0,  6.0,   8.0,  14.0,  10.0, 9.0  ,  1.0,  1.0,  0.0,  0.0,  3.0, 0.0,  53.0,    5.0,   0.0,   1.0,     1.0,     0.0, 0.0    ,     0.0,     0.0,     0.0,     0.0,     0.0,     2.0
dahleul01, 1999,     1, WAS , NHL , R  , 75.0, 15.0,  23.0,  38.0,   8.0, 11.0 ,  5.0,  2.0,  0.0,  0.0,  4.0, 1.0, 106.0,    5.0,   0.0,   1.0,     1.0,     2.0, -1.0   ,     0.0,     0.0,     0.0,     0.0,     0.0,    11.0
dahleul01, 2000,     1, WAS , NHL , R  , 73.0, 15.0,  33.0,  48.0,   6.0, 11.0 ,  6.0,  6.0,  0.0,  0.0,  2.0, 1.0, 145.0,    6.0,   0.0,   1.0,     1.0,     2.0, -2.0   ,     0.0,     0.0,     0.0,     0.0,     0.0,    10.0
dahleul01, 2001,     1, WAS , NHL , L  , 69.0, 23.0,  29.0,  52.0,   8.0, -5.0 ,  7.0, 11.0,  0.0,  0.0,  4.0, 1.0, 141.0,       ,      ,      ,        ,        ,        ,        ,        ,        ,        ,        ,      
dahleul01, 2002,     1, DAL , NHL , L  , 63.0, 17.0,  20.0,  37.0,  14.0, 11.0 ,  9.0,  7.0,  0.0,  0.0,  1.0, 0.0, 100.0,   11.0,   1.0,   3.0,     4.0,     0.0, -3.0   ,     1.0,     0.0,     0.0,     0.0,     0.0,    19.0
dahlikj01, 1985,     1, MTL , NHL , R  , 77.0, 32.0,  39.0,  71.0,   4.0, 10.0 , 14.0,     ,  0.0,     ,  3.0, 0.0, 172.0,   16.0,   2.0,   3.0,     5.0,     4.0, 1.0    ,     0.0,        ,     0.0,        ,     0.0,    20.0
dahlikj01, 1986,     1, MTL , NHL , R  , 41.0, 12.0,   8.0,  20.0,   0.0, -3.0 ,  3.0,     ,  1.0,     ,  0.0, 1.0,  53.0,    8.0,   2.0,   4.0,     6.0,     0.0, 5.0    ,     0.0,        ,     0.0,        ,     0.0,     7.0
dahlikj01, 1987,     1, MTL , NHL , R  , 48.0, 13.0,  12.0,  25.0,   6.0, 5.0  ,  2.0,  3.0,  0.0,  0.0,  2.0, 0.0,  51.0,   11.0,   2.0,   4.0,     6.0,     2.0, 3.0    ,     0.0,     1.0,     0.0,     0.0,     0.0,    20.0
dahlke01 , 1992,     1, CAL , NHL , D  , 61.0,  2.0,   9.0,  11.0,  56.0, 9.0  ,  1.0,  0.0,  0.0,  0.0,  0.0, 0.0,  40.0,    6.0,   0.0,   2.0,     2.0,     8.0, -3.0   ,     0.0,     0.0,     0.0,     1.0,     0.0,     5.0
dahlke01 , 1993,     1, CAL , NHL , D  , 33.0,  0.0,   3.0,   3.0,  23.0, -2.0 ,  0.0,  1.0,  0.0,  0.0,  0.0, 0.0,  20.0,    6.0,   0.0,   0.0,     0.0,     4.0, -3.0   ,     0.0,     0.0,     0.0,     0.0,     0.0,     4.0
dahlke01 , 1994,     1, CAL , NHL , D  , 34.0,  4.0,   8.0,  12.0,  38.0, 8.0  ,  0.0,  0.0,  0.0,  0.0,  0.0, 0.0,  30.0,    3.0,   0.0,   0.0,     0.0,     0.0, -1.0   ,     0.0,     0.0,     0.0,     0.0,     0.0,     0.0
dahlke01 , 1995,     1, CAL , NHL , D  , 32.0,  1.0,   1.0,   2.0,  26.0, -2.0 ,  0.0,  0.0,  0.0,  0.0,  1.0, 0.0,  17.0,    1.0,   0.0,   0.0,     0.0,     0.0, 0.0    ,     0.0,     0.0,     0.0,     0.0,     0.0,     0.0
dahlke01 , 1996,     1, PHO , NHL , D  ,  2.0,  0.0,   0.0,   0.0,   0.0, 0.0  ,  0.0,  0.0,  0.0,  0.0,  0.0, 0.0,   2.0,       ,      ,      ,        ,        ,        ,        ,        ,        ,        ,        ,      
dahlke01 , 1997,     1, CAL , NHL , D  , 19.0,  0.0,   1.0,   1.0,   6.0, -3.0 ,  0.0,  0.0,  0.0,  0.0,  0.0, 0.0,  17.0,       ,      ,      ,        ,        ,        ,        ,        ,        ,        ,        ,      
dahlke01 , 1998,     1, TOR , NHL , D  ,  3.0,  0.0,   0.0,   0.0,   2.0, 0.0  ,  0.0,  0.0,  0.0,  0.0,  0.0, 0.0,   0.0,       ,      ,      ,        ,        ,        ,        ,        ,        ,        ,        ,      
dahlke01 , 2000,     1, CBS , NHL , D  ,  4.0,  0.0,   0.0,   0.0,   2.0, 1.0  ,  0.0,  0.0,  0.0,  0.0,  0.0, 0.0,   3.0,       ,      ,      ,        ,        ,        ,        ,        ,        ,        ,        ,      
dahlmto01, 2001,     1, OTT , NHL , R  , 10.0,  0.0,   1.0,   1.0,   0.0, -1.0 ,  0.0,  0.0,  0.0,  0.0,  0.0, 0.0,   5.0,       ,      ,      ,        ,        ,        ,        ,        ,        ,        ,        ,      
dahlmto01, 2002,     1, OTT , NHL , R  , 12.0,  1.0,   0.0,   1.0,   0.0, -1.0 ,  0.0,  0.0,  0.0,  0.0,  1.0, 0.0,   5.0,       ,      ,      ,        ,        ,        ,        ,        ,        ,        ,        ,      
dahlqch01, 1985,     1, PIT , NHL , D  ,  5.0,  1.0,   2.0,   3.0,   2.0, 1.0  ,  0.0,     ,  0.0,     ,  0.0, 0.0,   5.0,       ,      ,      ,        ,        ,        ,        ,        ,        ,        ,        ,      
dahlqch01, 1986,     1, PIT , NHL , D  , 19.0,  0.0,   1.0,   1.0,  20.0, -2.0 ,  0.0,     ,  0.0,     ,  0.0, 0.0,  15.0,       ,      ,      ,        ,        ,        ,        ,        ,        ,        ,        ,      
dahlqch01, 1987,     1, PIT , NHL , D  , 44.0,  3.0,   6.0,   9.0,  69.0, 3.0  ,  0.0,  1.0,  0.0,  0.0,  0.0, 1.0,  35.0,       ,      ,      ,        ,        ,        ,        ,        ,        ,        ,        ,      
dahlqch01, 1988,     1, PIT , NHL , D  , 43.0,  1.0,   5.0,   6.0,  42.0, -8.0 ,  0.0,  1.0,  0.0,  0.0,  0.0, 0.0,  27.0,    2.0,   0.0,   0.0,     0.0,     0.0, 0.0    ,     0.0,     0.0,     0.0,     0.0,     0.0,     0.0
dahlqch01, 1989,     1, PIT , NHL , D  , 62.0,  4.0,  10.0,  14.0,  56.0, -2.0 ,  0.0,  0.0,  0.0,  0.0,  0.0, 0.0,  57.0,       ,      ,      ,        ,        ,        ,        ,        ,        ,        ,        ,      
dahlqch01, 1990,     1, PIT , NHL , D  , 22.0,  1.0,   2.0,   3.0,  30.0, 0.0  ,  0.0,  0.0,  0.0,     ,  0.0, 0.0,  15.0,       ,      ,      ,        ,        ,        ,        ,        ,        ,        ,        ,      
dahlqch01, 1990,     2, MNS , NHL , D  , 42.0,  2.0,   6.0,   8.0,  33.0, -1.0 ,  0.0,  0.0,  0.0,     ,  0.0, 0.0,  37.0,   23.0,   1.0,   6.0,     7.0,    20.0, 4.0    ,     0.0,     0.0,     0.0,     0.0,     0.0,    21.0
dahlqch01, 1991,     1, MNS , NHL , D  , 74.0,  1.0,  13.0,  14.0,  68.0, -10.0,  0.0,  1.0,  0.0,  1.0,  0.0, 0.0,  63.0,    7.0,   0.0,   0.0,     0.0,     6.0, -5.0   ,     0.0,     0.0,     0.0,     0.0,     0.0,     9.0
dahlqch01, 1992,     1, CAL , NHL , D  , 74.0,  3.0,   7.0,  10.0,  66.0, 0.0  ,  0.0,  1.0,  0.0,  1.0,  1.0, 0.0,  64.0,    6.0,   3.0,   1.0,     4.0,     4.0, 1.0    ,     0.0,     0.0,     0.0,     0.0,     0.0,    12.0
dahlqch01, 1993,     1, CAL , NHL , D  , 77.0,  1.0,  11.0,  12.0,  52.0, 5.0  ,  0.0,  0.0,  0.0,  1.0,  0.0, 0.0,  57.0,    1.0,   0.0,   0.0,     0.0,     0.0, -3.0   ,     0.0,     0.0,     0.0,     0.0,     0.0,     1.0
dahlqch01, 1994,     1, OTT , NHL , D  , 46.0,  1.0,   7.0,   8.0,  36.0, -30.0,  1.0,  0.0,  0.0,  0.0,  0.0, 0.0,  45.0,       ,      ,      ,        ,        ,        ,        ,        ,        ,        ,        ,      
dahlqch01, 1995,     1, OTT , NHL , D  , 24.0,  1.0,   1.0,   2.0,  14.0, -7.0 ,  0.0,  0.0,  0.0,  0.0,  0.0, 0.0,  13.0,       ,      ,      ,        ,        ,        ,        ,        ,        ,        ,        ,      
dahlscu01, 1937,     1, CHI , NHL , C  , 48.0, 10.0,   9.0,  19.0,  11.0,      ,     ,     ,     ,     ,     ,    ,      ,   10.0,   3.0,   1.0,     4.0,     2.0,        ,        ,        ,        ,        ,        ,      
dahlscu01, 1938,     1, CHI , NHL , C  , 48.0,  6.0,  14.0,  20.0,   2.0,      ,     ,     ,     ,     ,     ,    ,      ,       ,      ,      ,        ,        ,        ,        ,        ,        ,        ,        ,      
dahlscu01, 1939,     1, CHI , NHL , C  , 45.0, 11.0,  19.0,  30.0,  15.0,      ,     ,     ,     ,     ,     ,    ,      ,    2.0,   0.0,   0.0,     0.0,     0.0,        ,        ,        ,        ,        ,        ,      
dahlscu01, 1940,     1, CHI , NHL , C  , 40.0, 11.0,  14.0,  25.0,   6.0,      ,     ,     ,     ,     ,     ,    ,      ,    5.0,   3.0,   3.0,     6.0,     2.0,        ,        ,        ,        ,        ,        ,      
dahlscu01, 1941,     1, CHI , NHL , C  , 33.0, 13.0,  14.0,  27.0,   6.0,      ,     ,     ,     ,     ,     ,    ,      ,    3.0,   0.0,   0.0,     0.0,     0.0,        ,        ,        ,        ,        ,        ,      
dahlscu01, 1942,     1, CHI , NHL , C  , 38.0, 11.0,  13.0,  24.0,  10.0,      ,     ,     ,     ,     ,     ,    ,      ,       ,      ,      ,        ,        ,        ,        ,        ,        ,        ,        ,      
dahlscu01, 1943,     1, CHI , NHL , C  , 50.0, 20.0,  22.0,  42.0,   8.0,      ,     ,     ,     ,     ,     ,    ,      ,    9.0,   0.0,   4.0,     4.0,     6.0,        ,        ,        ,        ,        ,        ,      
dahlscu01, 1944,     1, CHI , NHL , C  , 40.0,  6.0,  13.0,  19.0,   0.0,      ,     ,     ,     ,     ,     ,    ,      ,       ,      ,      ,        ,        ,        ,        ,        ,        ,        ,        ,      
daiglal01, 1974,     1, CHI , NHL , R  , 52.0,  5.0,   4.0,   9.0,   6.0, -6.0 ,  0.0,     ,  0.0,     ,  0.0, 0.0,  47.0,    2.0,   0.0,   0.0,     0.0,     0.0,        ,     0.0,        ,     0.0,        ,     0.0,      
daiglal01, 1975,     1, CHI , NHL , R  , 71.0, 15.0,   9.0,  24.0,  15.0, -18.0,  8.0,     ,  0.0,     ,  2.0, 0.0,  85.0,    4.0,   0.0,   0.0,     0.0,     0.0,        ,     0.0,        ,     0.0,        ,     0.0,      
daiglal01, 1976,     1, CHI , NHL , R  , 73.0, 12.0,   8.0,  20.0,  11.0, -1.0 ,  2.0,     ,  0.0,     ,  1.0, 0.0,  89.0,    1.0,   0.0,   0.0,     0.0,     0.0,        ,     0.0,        ,     0.0,        ,     0.0,      
daiglal01, 1977,     1, CHI , NHL , R  , 53.0,  6.0,   6.0,  12.0,  13.0, -12.0,  1.0,     ,  0.0,     ,  0.0, 1.0,  84.0,    4.0,   0.0,   1.0,     1.0,     0.0,        ,     0.0,        ,     0.0,        ,     0.0,      
daiglal01, 1978,     1, CHI , NHL , R  , 74.0, 11.0,  14.0,  25.0,  55.0, 2.0  ,  0.0,     ,  0.0,     ,  0.0, 0.0,  80.0,    4.0,   0.0,   0.0,     0.0,     0.0,        ,     0.0,        ,     0.0,        ,     0.0,      
daiglal01, 1979,     1, CHI , NHL , R  , 66.0,  7.0,   9.0,  16.0,  22.0, -6.0 ,  0.0,     ,  1.0,     ,  0.0, 0.0,  56.0,    2.0,   0.0,   0.0,     0.0,     0.0,        ,     0.0,        ,     0.0,        ,     0.0,      
daiglal02, 1993,     1, OTT , NHL , C  , 84.0, 20.0,  31.0,  51.0,  40.0, -45.0,  4.0, 10.0,  0.0,  1.0,  2.0, 0.0, 168.0,       ,      ,      ,        ,        ,        ,        ,        ,        ,        ,        ,      
daiglal02, 1994,     1, OTT , NHL , C  , 47.0, 16.0,  21.0,  37.0,  14.0, -22.0,  4.0, 10.0,  1.0,  0.0,  2.0, 0.0, 105.0,       ,      ,      ,        ,        ,        ,        ,        ,        ,        ,        ,      
daiglal02, 1995,     1, OTT , NHL , C  , 50.0,  5.0,  12.0,  17.0,  24.0, -30.0,  1.0,  5.0,  0.0,  0.0,  0.0, 0.0,  77.0,       ,      ,      ,        ,        ,        ,        ,        ,        ,        ,        ,      
daiglal02, 1996,     1, OTT , NHL , R  , 82.0, 26.0,  25.0,  51.0,  33.0, -33.0,  4.0, 14.0,  0.0,  0.0,  5.0, 2.0, 203.0,    7.0,   0.0,   0.0,     0.0,     2.0, -5.0   ,     0.0,     0.0,     0.0,     0.0,     0.0,    16.0
daiglal02, 1997,     1, OTT , NHL , R  , 38.0,  7.0,   9.0,  16.0,   8.0, -7.0 ,  4.0,  4.0,  0.0,  0.0,  2.0, 0.0,  68.0,       ,      ,      ,        ,        ,        ,        ,        ,        ,        ,        ,      
daiglal02, 1997,     2, PHI , NHL , R  , 37.0,  9.0,  17.0,  26.0,   6.0, -1.0 ,  4.0,  3.0,  0.0,  0.0,  3.0, 1.0,  78.0,    5.0,   0.0,   2.0,     2.0,     0.0, 0.0    ,     0.0,     0.0,     0.0,     0.0,     0.0,     6.0
daiglal02, 1998,     1, PHI , NHL , C  , 31.0,  3.0,   2.0,   5.0,   2.0, -1.0 ,  1.0,  0.0,  0.0,  0.0,  1.0, 0.0,  26.0,       ,      ,      ,        ,        ,        ,        ,        ,        ,        ,        ,      
daiglal02, 1998,     2, TBL , NHL , C  , 32.0,  6.0,   6.0,  12.0,   2.0, -12.0,  3.0,  4.0,  0.0,  0.0,  0.0, 2.0,  56.0,       ,      ,      ,        ,        ,        ,        ,        ,        ,        ,        ,      
daiglal02, 1999,     1, NYR , NHL , R  , 58.0,  8.0,  18.0,  26.0,  23.0, -5.0 ,  1.0,  5.0,  0.0,  0.0,  1.0, 1.0,  52.0,       ,      ,      ,        ,        ,        ,        ,        ,        ,        ,        ,      
daiglal02, 2002,     1, PIT , NHL , R  , 33.0,  4.0,   3.0,   7.0,   8.0, -10.0,  1.0,  1.0,  0.0,  0.0,  0.0, 0.0,  48.0,       ,      ,      ,        ,        ,        ,        ,        ,        ,        ,        ,      
daiglal02, 2003,     1, MIN , NHL , L  , 78.0, 20.0,  31.0,  51.0,  14.0, -4.0 ,  6.0, 11.0,  0.0,  0.0,  3.0, 0.0, 145.0,       ,      ,      ,        ,        ,        ,        ,        ,        ,        ,        ,      
daiglal02, 2005,     1, MIN , NHL , R  , 46.0,  5.0,  23.0,  28.0,  12.0, -6.0 ,  2.0, 11.0,  0.0,  0.0,  1.0,    ,  59.0,       ,      ,      ,        ,        ,        ,        ,        ,        ,        ,        ,      
daignjj01, 1984,     1, VAN , NHL , D  , 67.0,  4.0,  23.0,  27.0,  69.0, -14.0,  2.0,     ,  0.0,     ,  0.0, 0.0,  93.0,       ,      ,      ,        ,        ,        ,        ,        ,        ,        ,        ,      
daignjj01, 1985,     1, VAN , NHL , D  , 64.0,  5.0,  23.0,  28.0,  45.0, -20.0,  4.0,     ,  0.0,     ,  0.0, 0.0, 114.0,    3.0,   0.0,   2.0,     2.0,     0.0, -1.0   ,     0.0,        ,     0.0,        ,     0.0,     0.0
daignjj01, 1986,     1, PHI , NHL , D  , 77.0,  6.0,  16.0,  22.0,  56.0, 12.0 ,  0.0,     ,  0.0,     ,  1.0, 0.0,  82.0,    9.0,   1.0,   0.0,     1.0,     0.0, -1.0   ,     0.0,        ,     0.0,        ,     1.0,     5.0
daignjj01, 1987,     1, PHI , NHL , D  , 28.0,  2.0,   2.0,   4.0,  12.0, -8.0 ,  2.0,  0.0,  0.0,  0.0,  0.0, 0.0,  20.0,       ,      ,      ,        ,        ,        ,        ,        ,        ,        ,        ,      
daignjj01, 1989,     1, MTL , NHL , D  , 36.0,  2.0,  10.0,  12.0,  14.0, 11.0 ,  0.0,  1.0,  0.0,  0.0,  1.0, 0.0,  40.0,    9.0,   0.0,   0.0,     0.0,     2.0, 4.0    ,     0.0,     0.0,     0.0,     0.0,     0.0,    13.0
daignjj01, 1990,     1, MTL , NHL , D  , 51.0,  3.0,  16.0,  19.0,  31.0, -2.0 ,  2.0,  6.0,  0.0,  0.0,  0.0, 0.0,  68.0,    5.0,   0.0,   1.0,     1.0,     0.0, 4.0    ,     0.0,     0.0,     0.0,     0.0,     0.0,     2.0
daignjj01, 1991,     1, MTL , NHL , D  , 79.0,  4.0,  14.0,  18.0,  36.0, 16.0 ,  2.0,  5.0,  0.0,  1.0,  0.0, 1.0, 108.0,   11.0,   0.0,   3.0,     3.0,     4.0, -2.0   ,     0.0,     1.0,     0.0,     0.0,     0.0,    17.0
daignjj01, 1992,     1, MTL , NHL , D  , 66.0,  8.0,  10.0,  18.0,  57.0, 25.0 ,  0.0,  3.0,  0.0,  0.0,  1.0, 0.0,  68.0,   20.0,   1.0,   3.0,     4.0,    22.0, 2.0    ,     0.0,     0.0,     0.0,     0.0,     0.0,    33.0
daignjj01, 1993,     1, MTL , NHL , D  , 68.0,  2.0,  12.0,  14.0,  73.0, 16.0 ,  0.0,  0.0,  0.0,  0.0,  1.0, 0.0,  61.0,    7.0,   0.0,   1.0,     1.0,    12.0, 1.0    ,     0.0,     1.0,     0.0,     0.0,     0.0,    14.0
daignjj01, 1994,     1, MTL , NHL , D  , 45.0,  3.0,   5.0,   8.0,  40.0, 2.0  ,  0.0,  0.0,  0.0,  1.0,  0.0, 0.0,  36.0,       ,      ,      ,        ,        ,        ,        ,        ,        ,        ,        ,      
daignjj01, 1995,     1, MTL , NHL , D  ,  7.0,  0.0,   1.0,   1.0,   6.0, 0.0  ,  0.0,  0.0,  0.0,  0.0,  0.0, 0.0,   3.0,       ,      ,      ,        ,        ,        ,        ,        ,        ,        ,        ,      
daignjj01, 1995,     2, STL , NHL , D  , 37.0,  1.0,   3.0,   4.0,  24.0, -6.0 ,  0.0,  3.0,  0.0,  0.0,  0.0, 0.0,  45.0,       ,      ,      ,        ,        ,        ,        ,        ,        ,        ,        ,      
daignjj01, 1995,     3, PIT , NHL , D  , 13.0,  3.0,   3.0,   6.0,  23.0, 0.0  ,  2.0,  3.0,  0.0,  0.0,  0.0, 0.0,  13.0,   17.0,   1.0,   9.0,    10.0,    36.0, 4.0    ,     1.0,     2.0,     0.0,     0.0,     1.0,    30.0
daignjj01, 1996,     1, PIT , NHL , D  , 53.0,  3.0,  14.0,  17.0,  36.0, -5.0 ,  0.0,  5.0,  0.0,  0.0,  1.0, 0.0,  49.0,       ,      ,      ,        ,        ,        ,        ,        ,        ,        ,        ,      
daignjj01, 1996,     2, ANA , NHL , D  , 13.0,  2.0,   9.0,  11.0,  22.0, 5.0  ,  0.0,  6.0,  0.0,  0.0,  0.0, 0.0,  13.0,   11.0,   2.0,   7.0,     9.0,    16.0, -6.0   ,     1.0,     6.0,     0.0,     0.0,     1.0,    24.0
daignjj01, 1997,     1, ANA , NHL , D  , 53.0,  2.0,  15.0,  17.0,  28.0, -10.0,  1.0,  8.0,  0.0,  0.0,  1.0, 0.0,  74.0,       ,      ,      ,        ,        ,        ,        ,        ,        ,        ,        ,      
daignjj01, 1997,     2, NYI , NHL , D  , 18.0,  0.0,   6.0,   6.0,  21.0, 1.0  ,  0.0,  2.0,  0.0,  0.0,  0.0, 0.0,  18.0,       ,      ,      ,        ,        ,        ,        ,        ,        ,        ,        ,      
daignjj01, 1998,     1, NAS , NHL , D  , 35.0,  2.0,   2.0,   4.0,  38.0, -4.0 ,  1.0,  0.0,  0.0,  0.0,  1.0, 0.0,  38.0,       ,      ,      ,        ,        ,        ,        ,        ,        ,        ,        ,      
daignjj01, 1998,     2, PHO , NHL , D  , 35.0,  0.0,   7.0,   7.0,  32.0, -8.0 ,  0.0,  0.0,  0.0,  0.0,  0.0, 0.0,  27.0,    6.0,   0.0,   0.0,     0.0,     8.0, -1.0   ,     0.0,     0.0,     0.0,     0.0,     0.0,     4.0
daignjj01, 1999,     1, PHO , NHL , D  , 53.0,  1.0,   6.0,   7.0,  22.0, -16.0,  0.0,  1.0,  0.0,  0.0,  0.0, 0.0,  44.0,    1.0,   0.0,   0.0,     0.0,     0.0, -1.0   ,     0.0,     0.0,     0.0,     0.0,     0.0,     2.0
daignjj01, 2000,     1, MIN , NHL , D  ,  1.0,  0.0,   0.0,   0.0,   2.0, -1.0 ,  0.0,  0.0,  0.0,  0.0,  0.0, 0.0,   0.0,       ,      ,      ,        ,        ,        ,        ,        ,        ,        ,        ,      
dailebo01, 1973,     1, VAN , NHL , D  , 76.0,  7.0,  17.0,  24.0, 143.0, -32.0,  0.0,     ,  0.0,     ,  0.0, 0.0, 124.0,       ,      ,      ,        ,        ,        ,        ,        ,        ,        ,        ,      
dailebo01, 1974,     1, VAN , NHL , D  , 70.0, 12.0,  36.0,  48.0, 103.0, -9.0 ,  7.0,     ,  0.0,     ,  1.0, 1.0, 170.0,    5.0,   1.0,   3.0,     4.0,    14.0,        ,     0.0,        ,     0.0,        ,     0.0,      
dailebo01, 1975,     1, VAN , NHL , D  , 67.0, 15.0,  24.0,  39.0, 119.0, -5.0 ,  9.0,     ,  0.0,     ,  3.0, 0.0, 187.0,    2.0,   1.0,   1.0,     2.0,     0.0,        ,     1.0,        ,     0.0,        ,     0.0,      
dailebo01, 1976,     1, VAN , NHL , D  , 44.0,  4.0,  16.0,  20.0,  52.0, -16.0,  2.0,     ,  0.0,     ,  1.0, 0.0, 100.0,       ,      ,      ,        ,        ,        ,        ,        ,        ,        ,        ,      
dailebo01, 1976,     2, PHI , NHL , D  , 32.0,  5.0,  14.0,  19.0,  38.0, 16.0 ,  2.0,     ,  0.0,     ,  0.0, 0.0,  77.0,   10.0,   4.0,   9.0,    13.0,    15.0,        ,     2.0,        ,     0.0,        ,     0.0,      
dailebo01, 1977,     1, PHI , NHL , D  , 76.0, 21.0,  36.0,  57.0,  62.0, 45.0 ,  5.0,     ,  2.0,     ,  2.0, 2.0, 211.0,   12.0,   1.0,   5.0,     6.0,    22.0,        ,     0.0,        ,     0.0,        ,     0.0,      
dailebo01, 1978,     1, PHI , NHL , D  , 70.0,  9.0,  30.0,  39.0,  63.0, 21.0 ,  1.0,     ,  0.0,     ,  1.0, 2.0, 164.0,    8.0,   1.0,   2.0,     3.0,    14.0,        ,     0.0,        ,     0.0,        ,     0.0,      
dailebo01, 1979,     1, PHI , NHL , D  , 61.0, 13.0,  26.0,  39.0,  71.0, 30.0 ,  2.0,     ,  1.0,     ,  4.0, 0.0, 185.0,   19.0,   4.0,  13.0,    17.0,    22.0,        ,     1.0,        ,     1.0,        ,     2.0,      
dailebo01, 1980,     1, PHI , NHL , D  , 53.0,  7.0,  27.0,  34.0, 141.0, 8.0  ,  1.0,     ,  0.0,     ,  0.0, 0.0, 141.0,    7.0,   0.0,   1.0,     1.0,    18.0,        ,     0.0,        ,     0.0,        ,     0.0,      
dailebo01, 1981,     1, PHI , NHL , D  , 12.0,  1.0,   5.0,   6.0,  22.0, 4.0  ,  0.0,     ,  0.0,     ,  0.0, 0.0,  22.0,       ,      ,      ,        ,        ,        ,        ,        ,        ,        ,        ,      
dalesco01, 1992,     1, HAR , NHL , G  ,  1.0,  0.0,   0.0,   0.0,   0.0, 0.0  ,  0.0,  0.0,  0.0,  0.0,  0.0, 0.0,   0.0,       ,      ,      ,        ,        ,        ,        ,        ,        ,        ,        ,      
daleyfr01, 1928,     1, DTC , NHL , D  ,  5.0,  0.0,   0.0,   0.0,   0.0,      ,     ,     ,     ,     ,     ,    ,      ,    2.0,   0.0,   0.0,     0.0,     0.0,        ,        ,        ,        ,        ,        ,      
daleyjo01, 1968,     1, PIT , NHL , G  , 29.0,  0.0,   0.0,   0.0,   2.0, 0.0  ,  0.0,     ,  0.0,     ,  0.0, 0.0,   0.0,       ,      ,      ,        ,        ,        ,        ,        ,        ,        ,        ,      
daleyjo01, 1969,     1, PIT , NHL , G  ,  9.0,  0.0,   0.0,   0.0,   0.0, 0.0  ,  0.0,     ,  0.0,     ,  0.0, 0.0,   0.0,       ,      ,      ,        ,        ,        ,        ,        ,        ,        ,        ,      
daleyjo01, 1970,     1, BUF , NHL , G  , 38.0,  0.0,   1.0,   1.0,  12.0, 0.0  ,  0.0,     ,  0.0,     ,  0.0, 0.0,   0.0,       ,      ,      ,        ,        ,        ,        ,        ,        ,        ,        ,      
daleyjo01, 1971,     1, DET , NHL , G  , 29.0,  0.0,   0.0,   0.0,   2.0, 0.0  ,  0.0,     ,  0.0,     ,  0.0, 0.0,   0.0,       ,      ,      ,        ,        ,        ,        ,        ,        ,        ,        ,      
daleyjo01, 1972,     1, WIJ , WHA , G  , 29.0,  0.0,   1.0,   1.0,  10.0,      ,  0.0,     ,  0.0,     ,     ,    ,      ,    7.0,   0.0,   0.0,     0.0,     0.0,        ,     0.0,        ,     0.0,        ,     0.0,      
daleyjo01, 1973,     1, WIJ , WHA , G  , 41.0,  0.0,   1.0,   1.0,   4.0,      ,  0.0,     ,  0.0,     ,  0.0,    ,      ,    2.0,   0.0,   0.0,     0.0,     0.0,        ,        ,        ,        ,        ,     0.0,      
daleyjo01, 1974,     1, WIJ , WHA , G  , 51.0,  0.0,   1.0,   1.0,   6.0,      ,  0.0,     ,  0.0,     ,  0.0,    ,   0.0,       ,      ,      ,        ,        ,        ,        ,        ,        ,        ,        ,      
daleyjo01, 1975,     1, WIJ , WHA , G  , 62.0,  0.0,   1.0,   1.0,  17.0, 0.0  ,  0.0,     ,  0.0,     ,  0.0,    ,   0.0,   12.0,   0.0,   1.0,     1.0,    10.0, 0.0    ,        ,        ,        ,        ,        ,      
daleyjo01, 1976,     1, WIJ , WHA , G  , 65.0,  0.0,   4.0,   4.0,   6.0, 0.0  ,  0.0,     ,  0.0,     ,  0.0,    ,   0.0,   20.0,   0.0,   1.0,     1.0,     0.0, 0.0    ,     0.0,        ,     0.0,        ,     0.0,      
daleyjo01, 1977,     1, WIJ , WHA , G  , 37.0,  0.0,   2.0,   2.0,   2.0, 0.0  ,  0.0,     ,  0.0,     ,     ,    ,   0.0,    5.0,   0.0,   1.0,     1.0,    20.0, 0.0    ,        ,        ,        ,        ,     0.0,      
daleyjo01, 1978,     1, WIJ , WHA , G  , 23.0,  0.0,   1.0,   1.0,   2.0, 0.0  ,  0.0,     ,  0.0,     ,     ,    ,   0.0,    3.0,   0.0,   0.0,     0.0,     0.0, 0.0    ,        ,        ,        ,        ,     0.0,      
daleypa01, 1979,     1, WIN , NHL , L  ,  5.0,  1.0,   0.0,   1.0,   4.0, -2.0 ,  0.0,     ,  0.0,     ,  0.0, 0.0,   6.0,       ,      ,      ,        ,        ,        ,        ,        ,        ,        ,        ,      
daleypa01, 1980,     1, WIN , NHL , L  ,  7.0,  0.0,   0.0,   0.0,   9.0, -3.0 ,  0.0,     ,  0.0,     ,  0.0, 0.0,   4.0,       ,      ,      ,        ,        ,        ,        ,        ,        ,        ,        ,      
daleytr01, 2003,     1, DAL , NHL , D  , 27.0,  1.0,   5.0,   6.0,  14.0, -6.0 ,  1.0,  3.0,  0.0,  0.0,  0.0, 0.0,  34.0,    1.0,   0.0,   0.0,     0.0,     0.0, 0.0    ,     0.0,     0.0,     0.0,     0.0,     0.0,     0.0
daleytr01, 2005,     1, DAL , NHL , D  , 81.0,  3.0,  11.0,  14.0,  87.0, -2.0 ,  0.0,  5.0,  0.0,  1.0,  1.0,    ,  91.0,    3.0,   0.0,   0.0,     0.0,     0.0, -3.0   ,     0.0,     0.0,     0.0,     0.0,     0.0,     1.0
daleytr01, 2006,     1, DAL , NHL , D  , 74.0,  4.0,   8.0,  12.0,  63.0, 2.0  ,  0.0,  2.0,  0.0,  0.0,  1.0,    ,  68.0,    7.0,   1.0,   0.0,     1.0,     4.0, -3.0   ,     0.0,     0.0,     0.0,     0.0,     0.0,    12.0
daleytr01, 2007,     1, DAL , NHL , D  , 82.0,  5.0,  19.0,  24.0,  85.0, -1.0 ,  0.0,  5.0,  0.0,  1.0,  1.0,    ,  87.0,   18.0,   1.0,   0.0,     1.0,    20.0, 0.0    ,     0.0,     0.0,     0.0,     0.0,     0.0,    25.0
daleytr01, 2008,     1, DAL , NHL , D  , 75.0,  7.0,  18.0,  25.0,  73.0, 2.0  ,  0.0,  1.0,  0.0,  1.0,  2.0,    , 104.0,       ,      ,      ,        ,        ,        ,        ,        ,        ,        ,        ,      
daleytr01, 2009,     1, DAL , NHL , D  , 77.0,  6.0,  16.0,  22.0,  25.0, 3.0  ,  2.0,  3.0,  0.0,  1.0,  2.0,    , 107.0,       ,      ,      ,        ,        ,        ,        ,        ,        ,        ,        ,      
dalgabr01, 1985,     1, NYI , NHL , R  ,  2.0,  1.0,   0.0,   1.0,   0.0, 1.0  ,  0.0,     ,  0.0,     ,  0.0, 0.0,   3.0,       ,      ,      ,        ,        ,        ,        ,        ,        ,        ,        ,      
dalgabr01, 1986,     1, NYI , NHL , R  ,     ,     ,      ,      ,      ,      ,     ,     ,     ,     ,     ,    ,      ,    1.0,   0.0,   1.0,     1.0,     0.0, 0.0    ,     0.0,        ,     0.0,        ,     0.0,     0.0
dalgabr01, 1987,     1, NYI , NHL , R  , 38.0,  2.0,   8.0,  10.0,  58.0, 4.0  ,  0.0,  1.0,  0.0,  0.0,  1.0, 0.0,  39.0,    4.0,   0.0,   0.0,     0.0,    19.0, 0.0    ,     0.0,     0.0,     0.0,     0.0,     0.0,     4.0
dalgabr01, 1988,     1, NYI , NHL , R  , 55.0, 11.0,  10.0,  21.0,  86.0, -8.0 ,  2.0,  3.0,  0.0,  0.0,  1.0, 0.0,  83.0,       ,      ,      ,        ,        ,        ,        ,        ,        ,        ,        ,      
dalgabr01, 1990,     1, NYI , NHL , R  , 41.0,  3.0,  12.0,  15.0,  24.0, -10.0,  0.0,  1.0,  0.0,  0.0,  1.0, 0.0,  34.0,       ,      ,      ,        ,        ,        ,        ,        ,        ,        ,        ,      
dalgabr01, 1991,     1, NYI , NHL , R  , 15.0,  2.0,   1.0,   3.0,  12.0, -8.0 ,  1.0,  0.0,  0.0,  0.0,  0.0, 0.0,  17.0,       ,      ,      ,        ,        ,        ,        ,        ,        ,        ,        ,      
dalgabr01, 1992,     1, NYI , NHL , R  , 57.0, 15.0,  17.0,  32.0,  62.0, 17.0 ,  2.0,  1.0,  0.0,  0.0,  2.0, 0.0,  62.0,   18.0,   2.0,   2.0,     4.0,    14.0, -1.0   ,     0.0,     0.0,     0.0,     0.0,     0.0,    22.0
dalgabr01, 1993,     1, NYI , NHL , R  , 73.0, 11.0,  19.0,  30.0,  62.0, 14.0 ,  3.0,  1.0,  0.0,  1.0,  1.0, 0.0,  97.0,    4.0,   0.0,   1.0,     1.0,     4.0, -2.0   ,     0.0,     0.0,     0.0,     0.0,     0.0,     8.0
dalgabr01, 1994,     1, NYI , NHL , R  , 22.0,  3.0,   2.0,   5.0,  14.0, -8.0 ,  1.0,  0.0,  1.0,  0.0,  0.0, 1.0,  18.0,       ,      ,      ,        ,        ,        ,        ,        ,        ,        ,        ,      
dalgabr01, 1995,     1, NYI , NHL , R  , 18.0,  1.0,   2.0,   3.0,  14.0, -2.0 ,  0.0,  1.0,  0.0,  0.0,  0.0, 0.0,  11.0,       ,      ,      ,        ,        ,        ,        ,        ,        ,        ,        ,      
dallahe01, 1910,     1, MOC , NHA ,    , 14.0, 11.0,   0.0,  11.0,  30.0,      ,     ,     ,     ,     ,     ,    ,      ,       ,      ,      ,        ,        ,        ,        ,        ,        ,        ,        ,      
dallahe01, 1911,     1, MOC , NHA ,    , 13.0,  5.0,   0.0,   5.0,   5.0,      ,     ,     ,     ,     ,     ,    ,      ,       ,      ,      ,        ,        ,        ,        ,        ,        ,        ,        ,      
dallmke01, 2005,     1, BOS , NHL , D  , 21.0,  0.0,   1.0,   1.0,   8.0, 1.0  ,  0.0,  1.0,  0.0,  0.0,  0.0,    ,  42.0,       ,      ,      ,        ,        ,        ,        ,        ,        ,        ,        ,      
dallmke01, 2005,     2, STL , NHL , D  , 46.0,  4.0,   9.0,  13.0,  21.0, -15.0,  3.0,  4.0,  0.0,  0.0,  0.0,    ,  89.0,       ,      ,      ,        ,        ,        ,        ,        ,        ,        ,        ,      
dallmke01, 2006,     1, LAK , NHL , D  , 53.0,  1.0,   9.0,  10.0,  12.0, -13.0,  0.0,  3.0,  0.0,  0.0,  0.0,    ,  76.0,       ,      ,      ,        ,        ,        ,        ,        ,        ,        ,        ,      
dallmke01, 2007,     1, LAK , NHL , D  , 34.0,  3.0,   4.0,   7.0,   4.0, 4.0  ,  0.0,  1.0,  0.0,  0.0,  1.0,    ,  41.0,       ,      ,      ,        ,        ,        ,        ,        ,        ,        ,        ,      
dallmma01, 1987,     1, TOR , NHL , R  ,  2.0,  0.0,   1.0,   1.0,   0.0, 1.0  ,  0.0,  0.0,  0.0,  0.0,  0.0, 0.0,   1.0,       ,      ,      ,        ,        ,        ,        ,        ,        ,        ,        ,      
dallmma01, 1988,     1, TOR , NHL , C  ,  4.0,  0.0,   0.0,   0.0,   0.0, 0.0  ,  0.0,  0.0,  0.0,  0.0,  0.0, 0.0,   2.0,       ,      ,      ,        ,        ,        ,        ,        ,        ,        ,        ,      
dallmro01, 1987,     1, NYI , NHL , L  ,  3.0,  1.0,   0.0,   1.0,   6.0, 1.0  ,  0.0,  0.0,  0.0,  0.0,  0.0, 0.0,   2.0,       ,      ,      ,        ,        ,        ,        ,        ,        ,        ,        ,      
dallmro01, 1988,     1, NYI , NHL , L  ,  1.0,  0.0,   0.0,   0.0,  15.0, -1.0 ,  0.0,  0.0,  0.0,  0.0,  0.0, 0.0,   1.0,       ,      ,      ,        ,        ,        ,        ,        ,        ,        ,        ,      
dallmro01, 1989,     1, NYI , NHL , L  ,     ,     ,      ,      ,      ,      ,     ,     ,     ,     ,     ,    ,      ,    1.0,   0.0,   1.0,     1.0,     0.0, 1.0    ,     0.0,     0.0,     0.0,     0.0,     0.0,     1.0
dallmro01, 1991,     1, PHI , NHL , L  ,  2.0,  0.0,   0.0,   0.0,   5.0, 0.0  ,  0.0,  0.0,  0.0,  0.0,  0.0, 0.0,   2.0,       ,      ,      ,        ,        ,        ,        ,        ,        ,        ,        ,      
dalvibo01, 1975,     1, TOT , WHA , C  , 59.0,  5.0,   8.0,  13.0,  10.0, -13.0,  1.0,     ,  2.0,     ,  0.0,    ,  61.0,       ,      ,      ,        ,        ,        ,        ,        ,        ,        ,        ,      
damebu01 , 1941,     1, MTL , NHL , L  , 34.0,  2.0,   5.0,   7.0,   4.0,      ,     ,     ,     ,     ,     ,    ,      ,       ,      ,      ,        ,        ,        ,        ,        ,        ,        ,        ,      
damorha01, 1943,     1, NYR , NHL , C  ,  4.0,  1.0,   0.0,   1.0,   2.0,      ,     ,     ,     ,     ,     ,    ,      ,       ,      ,      ,        ,        ,        ,        ,        ,        ,        ,        ,      
damorni01, 1941,     1, BOS , NHL , G  ,  1.0,  0.0,   0.0,   0.0,   0.0,      ,     ,     ,     ,     ,     ,    ,      ,       ,      ,      ,        ,        ,        ,        ,        ,        ,        ,        ,      
damouma01, 1985,     1, CAL , NHL , G  , 15.0,  0.0,   0.0,   0.0,  22.0, 0.0  ,  0.0,     ,  0.0,     ,  0.0, 0.0,   0.0,       ,      ,      ,        ,        ,        ,        ,        ,        ,        ,        ,      
damouma01, 1988,     1, PHI , NHL , G  ,  1.0,  0.0,   0.0,   0.0,   0.0, 0.0  ,  0.0,  0.0,  0.0,  0.0,  0.0, 0.0,   0.0,       ,      ,      ,        ,        ,        ,        ,        ,        ,        ,        ,      
damphje01, 2001,     1, NJD , NHL , G  ,  6.0,  0.0,   0.0,   0.0,   0.0, 0.0  ,  0.0,  0.0,  0.0,  0.0,  0.0, 0.0,   0.0,       ,      ,      ,        ,        ,        ,        ,        ,        ,        ,        ,      
damphvi01, 1986,     1, TOR , NHL , C  , 80.0, 21.0,  25.0,  46.0,  26.0, -6.0 ,  4.0,     ,  0.0,     ,  1.0, 0.0, 142.0,   12.0,   1.0,   5.0,     6.0,     8.0, -3.0   ,     1.0,        ,     0.0,        ,     0.0,    18.0
damphvi01, 1987,     1, TOR , NHL , L  , 75.0, 12.0,  36.0,  48.0,  40.0, 2.0  ,  1.0,  6.0,  0.0,  0.0,  2.0, 0.0, 111.0,    6.0,   0.0,   1.0,     1.0,    10.0, -3.0   ,     0.0,     0.0,     0.0,     0.0,     0.0,     4.0
damphvi01, 1988,     1, TOR , NHL , L  , 80.0, 26.0,  42.0,  68.0,  75.0, -8.0 ,  6.0,  9.0,  0.0,  0.0,  4.0, 0.0, 190.0,       ,      ,      ,        ,        ,        ,        ,        ,        ,        ,        ,      
damphvi01, 1989,     1, TOR , NHL , L  , 80.0, 33.0,  61.0,  94.0,  56.0, 2.0  ,  9.0, 20.0,  0.0,  0.0,  5.0, 1.0, 229.0,    5.0,   0.0,   2.0,     2.0,     2.0, 1.0    ,     0.0,     0.0,     0.0,     0.0,     0.0,    10.0
damphvi01, 1990,     1, TOR , NHL , L  , 79.0, 26.0,  47.0,  73.0,  65.0, -31.0, 10.0, 15.0,  1.0,  1.0,  4.0, 0.0, 247.0,       ,      ,      ,        ,        ,        ,        ,        ,        ,        ,        ,      
damphvi01, 1991,     1, EDM , NHL , L  , 80.0, 38.0,  51.0,  89.0,  53.0, 10.0 , 12.0, 20.0,  1.0,  2.0,  8.0, 1.0, 247.0,   16.0,   6.0,   8.0,    14.0,     8.0, 5.0    ,     1.0,     2.0,     0.0,     0.0,     0.0,    45.0
damphvi01, 1992,     1, MTL , NHL , L  , 84.0, 39.0,  58.0,  97.0,  98.0, 5.0  ,  9.0, 24.0,  3.0,  0.0,  8.0, 1.0, 287.0,   20.0,  11.0,  12.0,    23.0,    16.0, 8.0    ,     5.0,     2.0,     0.0,     0.0,     3.0,    52.0
damphvi01, 1993,     1, MTL , NHL , L  , 84.0, 40.0,  51.0,  91.0,  75.0, 0.0  , 13.0, 24.0,  0.0,  1.0, 10.0, 1.0, 274.0,    7.0,   1.0,   2.0,     3.0,     8.0, -1.0   ,     0.0,     0.0,     0.0,     0.0,     0.0,    14.0
damphvi01, 1994,     1, MTL , NHL , L  , 48.0, 10.0,  30.0,  40.0,  42.0, 15.0 ,  4.0, 10.0,  0.0,  0.0,  4.0, 0.0, 123.0,       ,      ,      ,        ,        ,        ,        ,        ,        ,        ,        ,      
damphvi01, 1995,     1, MTL , NHL , C  , 80.0, 38.0,  56.0,  94.0, 158.0, 5.0  , 11.0, 24.0,  4.0,  1.0,  3.0, 0.0, 254.0,    6.0,   4.0,   4.0,     8.0,     0.0, 2.0    ,     0.0,     2.0,     1.0,     0.0,     2.0,    26.0
damphvi01, 1996,     1, MTL , NHL , C  , 82.0, 27.0,  54.0,  81.0,  82.0, -6.0 ,  7.0, 14.0,  2.0,  3.0,  3.0, 2.0, 244.0,    5.0,   0.0,   0.0,     0.0,     2.0, -5.0   ,     0.0,     0.0,     0.0,     0.0,     0.0,     7.0
damphvi01, 1997,     1, MTL , NHL , C  , 76.0, 18.0,  41.0,  59.0,  58.0, 14.0 ,  2.0, 13.0,  1.0,  2.0,  5.0, 0.0, 164.0,   10.0,   3.0,   6.0,     9.0,    22.0, -4.0   ,     1.0,     3.0,     0.0,     0.0,     0.0,    42.0
damphvi01, 1998,     1, MTL , NHL , C  , 65.0, 12.0,  24.0,  36.0,  46.0, -7.0 ,  3.0, 10.0,  2.0,  1.0,  2.0, 0.0, 147.0,       ,      ,      ,        ,        ,        ,        ,        ,        ,        ,        ,      
damphvi01, 1998,     2, SJS , NHL , C  , 12.0,  7.0,   6.0,  13.0,   4.0, 3.0  ,  3.0,  4.0,  0.0,  0.0,  1.0, 0.0,  43.0,    6.0,   3.0,   2.0,     5.0,     6.0, 1.0    ,     0.0,     1.0,     2.0,     0.0,     0.0,    22.0
damphvi01, 1999,     1, SJS , NHL , C  , 82.0, 21.0,  49.0,  70.0,  58.0, 4.0  ,  3.0, 27.0,  1.0,  5.0,  1.0, 1.0, 204.0,   12.0,   1.0,   7.0,     8.0,    16.0, -5.0   ,     1.0,     4.0,     0.0,     1.0,     0.0,    28.0
damphvi01, 2000,     1, SJS , NHL , C  , 45.0,  9.0,  37.0,  46.0,  62.0, 17.0 ,  4.0, 13.0,  0.0,  2.0,  3.0, 0.0, 101.0,    6.0,   2.0,   1.0,     3.0,    14.0, -1.0   ,     0.0,     0.0,     1.0,     0.0,     0.0,    15.0
damphvi01, 2001,     1, SJS , NHL , C  , 82.0, 20.0,  38.0,  58.0,  60.0, 8.0  ,  7.0, 12.0,  2.0,  0.0,  4.0, 1.0, 172.0,   12.0,   2.0,   6.0,     8.0,    12.0, -1.0   ,     1.0,     2.0,     0.0,     0.0,     0.0,    17.0
damphvi01, 2002,     1, SJS , NHL , C  , 82.0, 23.0,  38.0,  61.0,  66.0, -13.0, 15.0, 19.0,  0.0,  1.0,  6.0, 0.0, 176.0,       ,      ,      ,        ,        ,        ,        ,        ,        ,        ,        ,      
damphvi01, 2003,     1, SJS , NHL , L  , 82.0, 12.0,  29.0,  41.0,  66.0, -5.0 ,  7.0, 12.0,  0.0,  0.0,  4.0, 0.0, 156.0,   17.0,   7.0,   7.0,    14.0,    20.0, 0.0    ,     3.0,     3.0,     0.0,     1.0,     3.0,    37.0
danbyjo01, 1972,     1, NEW , WHA , C  , 77.0, 14.0,  23.0,  37.0,  10.0,      ,  1.0,     ,  0.0,     ,     ,    ,      ,    8.0,   0.0,   0.0,     0.0,     0.0,        ,     0.0,        ,     0.0,        ,     0.0,      
danbyjo01, 1973,     1, NEW , WHA , C  , 72.0,  2.0,   2.0,   4.0,   6.0,      ,  0.0,     ,  0.0,     ,  0.0,    ,      ,    7.0,   1.0,   0.0,     1.0,     0.0,        ,        ,        ,        ,        ,     1.0,      
danbyjo01, 1974,     1, NEW , WHA , C  ,     ,     ,      ,      ,      ,      ,     ,     ,     ,     ,     ,    ,      ,    4.0,   0.0,   1.0,     1.0,     0.0,        ,     0.0,        ,     0.0,        ,     0.0,      
danbyjo01, 1975,     1, NEW , WHA , C  ,  1.0,  0.0,   0.0,   0.0,   0.0, 0.0  ,  0.0,     ,  0.0,     ,  0.0,    ,   0.0,       ,      ,      ,        ,        ,        ,        ,        ,        ,        ,        ,      
dandema01, 1995,     1, DET , NHL , R  , 34.0,  5.0,   7.0,  12.0,   6.0, 6.0  ,  1.0,  0.0,  0.0,  0.0,  0.0, 0.0,  32.0,       ,      ,      ,        ,        ,        ,        ,        ,        ,        ,        ,      
dandema01, 1996,     1, DET , NHL , R  , 65.0,  3.0,   9.0,  12.0,  28.0, -10.0,  0.0,  0.0,  0.0,  0.0,  0.0, 0.0,  81.0,       ,      ,      ,        ,        ,        ,        ,        ,        ,        ,        ,      
dandema01, 1997,     1, DET , NHL , R  , 68.0,  5.0,  12.0,  17.0,  43.0, 5.0  ,  0.0,  0.0,  0.0,  0.0,  0.0, 0.0,  75.0,    3.0,   1.0,   0.0,     1.0,     0.0, -2.0   ,     1.0,     0.0,     0.0,     0.0,     0.0,     4.0
dandema01, 1998,     1, DET , NHL , R/D, 75.0,  4.0,  10.0,  14.0,  59.0, 17.0 ,  0.0,  1.0,  0.0,  0.0,  0.0, 0.0,  94.0,   10.0,   0.0,   1.0,     1.0,     0.0, 0.0    ,     0.0,     1.0,     0.0,     0.0,     0.0,    15.0
dandema01, 1999,     1, DET , NHL , D  , 81.0,  6.0,  12.0,  18.0,  20.0, -12.0,  0.0,  0.0,  0.0,  1.0,  0.0, 0.0,  98.0,    6.0,   0.0,   0.0,     0.0,     2.0, 2.0    ,     0.0,     0.0,     0.0,     0.0,     0.0,     1.0
dandema01, 2000,     1, DET , NHL , D  , 73.0, 10.0,  15.0,  25.0,  38.0, 11.0 ,  2.0,  2.0,  0.0,  0.0,  2.0, 0.0,  95.0,    6.0,   0.0,   1.0,     1.0,     0.0, -1.0   ,     0.0,     1.0,     0.0,     0.0,     0.0,     5.0
dandema01, 2001,     1, DET , NHL , D  , 81.0,  8.0,  12.0,  20.0,  44.0, -5.0 ,  2.0,  2.0,  0.0,  0.0,  3.0, 0.0,  97.0,   23.0,   1.0,   2.0,     3.0,     8.0, 7.0    ,     0.0,     0.0,     1.0,     0.0,     0.0,    11.0
dandema01, 2002,     1, DET , NHL , D  , 74.0,  4.0,  15.0,  19.0,  64.0, 25.0 ,  1.0,  0.0,  0.0,  0.0,  0.0, 0.0,  74.0,    4.0,   0.0,   0.0,     0.0,     2.0, -1.0   ,     0.0,     0.0,     0.0,     0.0,     0.0,     9.0
dandema01, 2003,     1, DET , NHL , D  , 65.0,  3.0,   9.0,  12.0,  40.0, 9.0  ,  0.0,  1.0,  1.0,  0.0,  0.0, 0.0,  68.0,   12.0,   1.0,   1.0,     2.0,     6.0, -1.0   ,     0.0,     0.0,     0.0,     0.0,     1.0,    17.0
dandema01, 2005,     1, MTL , NHL , D  , 82.0,  5.0,  15.0,  20.0,  83.0, 8.0  ,  0.0,  2.0,  0.0,  1.0,  1.0,    , 101.0,    6.0,   0.0,   3.0,     3.0,     4.0, 1.0    ,     0.0,     1.0,     0.0,     0.0,     0.0,     8.0
dandema01, 2006,     1, MTL , NHL , D  , 68.0,  2.0,   6.0,   8.0,  40.0, -8.0 ,  0.0,  0.0,  0.0,  0.0,  0.0,    ,  54.0,       ,      ,      ,        ,        ,        ,        ,        ,        ,        ,        ,      
dandema01, 2007,     1, MTL , NHL , R  , 61.0,  9.0,   5.0,  14.0,  34.0, -11.0,  0.0,  0.0,  1.0,  0.0,  0.0,    ,  69.0,    9.0,   0.0,   0.0,     0.0,     2.0, -3.0   ,     0.0,     0.0,     0.0,     0.0,     0.0,    13.0
dandema01, 2008,     1, MTL , NHL , R  , 41.0,  4.0,   8.0,  12.0,  17.0, 7.0  ,  0.0,  1.0,  0.0,  1.0,  0.0,    ,  46.0,    4.0,   0.0,   0.0,     0.0,     0.0, -2.0   ,     0.0,     0.0,     0.0,     0.0,     0.0,     8.0
daneyke01, 1983,     1, NJD , NHL , D  , 11.0,  1.0,   4.0,   5.0,  17.0, -1.0 ,  0.0,     ,  0.0,     ,  0.0, 0.0,  17.0,       ,      ,      ,        ,        ,        ,        ,        ,        ,        ,        ,      
daneyke01, 1984,     1, NJD , NHL , D  ,  1.0,  0.0,   0.0,   0.0,  10.0, -1.0 ,  0.0,     ,  0.0,     ,  0.0, 0.0,   1.0,       ,      ,      ,        ,        ,        ,        ,        ,        ,        ,        ,      
daneyke01, 1985,     1, NJD , NHL , D  , 44.0,  0.0,  10.0,  10.0, 100.0, 0.0  ,  0.0,     ,  0.0,     ,  0.0, 0.0,  48.0,       ,      ,      ,        ,        ,        ,        ,        ,        ,        ,        ,      
daneyke01, 1986,     1, NJD , NHL , D  , 79.0,  2.0,  12.0,  14.0, 183.0, -13.0,  0.0,     ,  0.0,     ,  0.0, 0.0, 113.0,       ,      ,      ,        ,        ,        ,        ,        ,        ,        ,        ,      
daneyke01, 1987,     1, NJD , NHL , D  , 80.0,  5.0,   7.0,  12.0, 239.0, -3.0 ,  1.0,  0.0,  0.0,  1.0,  0.0, 0.0,  82.0,   20.0,   1.0,   6.0,     7.0,    83.0, -3.0   ,     0.0,     2.0,     0.0,     0.0,     1.0,    27.0
daneyke01, 1988,     1, NJD , NHL , D  , 80.0,  5.0,   5.0,  10.0, 283.0, -22.0,  1.0,  1.0,  0.0,  0.0,  0.0, 0.0, 108.0,       ,      ,      ,        ,        ,        ,        ,        ,        ,        ,        ,      
daneyke01, 1989,     1, NJD , NHL , D  , 74.0,  6.0,  15.0,  21.0, 216.0, 15.0 ,  0.0,  0.0,  1.0,  3.0,  1.0, 0.0,  64.0,    6.0,   2.0,   0.0,     2.0,    21.0, -4.0   ,     0.0,     0.0,     0.0,     0.0,     0.0,     3.0
daneyke01, 1990,     1, NJD , NHL , D  , 80.0,  4.0,  16.0,  20.0, 249.0, -10.0,  1.0,  2.0,  2.0,  0.0,  1.0, 0.0, 106.0,    7.0,   0.0,   1.0,     1.0,    10.0, 2.0    ,     0.0,     0.0,     0.0,     0.0,     0.0,     4.0
daneyke01, 1991,     1, NJD , NHL , D  , 80.0,  1.0,   7.0,   8.0, 170.0, 7.0  ,  0.0,  0.0,  0.0,  0.0,  0.0, 0.0,  57.0,    7.0,   0.0,   3.0,     3.0,    16.0, 3.0    ,     0.0,     0.0,     0.0,     1.0,     0.0,     6.0
daneyke01, 1992,     1, NJD , NHL , D  , 84.0,  2.0,  11.0,  13.0, 236.0, 4.0  ,  0.0,  0.0,  0.0,  0.0,  0.0, 0.0,  71.0,    5.0,   0.0,   0.0,     0.0,     8.0, -1.0   ,     0.0,     0.0,     0.0,     0.0,     0.0,     4.0
daneyke01, 1993,     1, NJD , NHL , D  , 78.0,  1.0,   9.0,  10.0, 176.0, 27.0 ,  0.0,  0.0,  0.0,  0.0,  1.0, 0.0,  60.0,   20.0,   0.0,   1.0,     1.0,    45.0, -6.0   ,     0.0,     0.0,     0.0,     0.0,     0.0,     8.0
daneyke01, 1994,     1, NJD , NHL , D  , 25.0,  1.0,   2.0,   3.0,  54.0, 4.0  ,  0.0,  0.0,  0.0,  0.0,  0.0, 0.0,  27.0,   20.0,   1.0,   0.0,     1.0,    22.0, 9.0    ,     0.0,     0.0,     0.0,     0.0,     0.0,    11.0
daneyke01, 1995,     1, NJD , NHL , D  , 80.0,  2.0,   4.0,   6.0, 115.0, -10.0,  0.0,  1.0,  0.0,  0.0,  0.0, 0.0,  67.0,       ,      ,      ,        ,        ,        ,        ,        ,        ,        ,        ,      
daneyke01, 1996,     1, NJD , NHL , D  , 77.0,  2.0,   7.0,   9.0,  70.0, 24.0 ,  0.0,  0.0,  0.0,  1.0,  0.0, 1.0,  63.0,   10.0,   0.0,   0.0,     0.0,    28.0, 1.0    ,     0.0,     0.0,     0.0,     0.0,     0.0,     8.0
daneyke01, 1997,     1, NJD , NHL , D  , 37.0,  0.0,   1.0,   1.0,  57.0, 3.0  ,  0.0,  0.0,  0.0,  0.0,  0.0, 0.0,  18.0,    6.0,   0.0,   1.0,     1.0,    10.0, 0.0    ,     0.0,     0.0,     0.0,     0.0,     0.0,     7.0
daneyke01, 1998,     1, NJD , NHL , D  , 82.0,  2.0,   9.0,  11.0,  63.0, 27.0 ,  0.0,  0.0,  0.0,  0.0,  0.0, 0.0,  63.0,    7.0,   0.0,   0.0,     0.0,     8.0, 3.0    ,     0.0,     0.0,     0.0,     0.0,     0.0,     5.0
daneyke01, 1999,     1, NJD , NHL , D  , 78.0,  0.0,   6.0,   6.0,  98.0, 13.0 ,  0.0,  0.0,  0.0,  1.0,  0.0, 0.0,  74.0,   23.0,   1.0,   2.0,     3.0,    14.0, -2.0   ,     0.0,     0.0,     0.0,     1.0,     0.0,     9.0
daneyke01, 2000,     1, NJD , NHL , D  , 77.0,  0.0,   4.0,   4.0,  87.0, 8.0  ,  0.0,  0.0,  0.0,  0.0,  0.0, 0.0,  50.0,   25.0,   0.0,   3.0,     3.0,    21.0, 4.0    ,     0.0,     0.0,     0.0,     0.0,     0.0,    13.0
daneyke01, 2001,     1, NJD , NHL , D  , 67.0,  0.0,   6.0,   6.0,  60.0, 2.0  ,  0.0,  0.0,  0.0,  0.0,  0.0, 0.0,  44.0,    6.0,   0.0,   0.0,     0.0,     8.0, 3.0    ,     0.0,     0.0,     0.0,     0.0,     0.0,     4.0
daneyke01, 2002,     1, NJD , NHL , D  , 69.0,  2.0,   7.0,   9.0,  33.0, 6.0  ,  0.0,  0.0,  0.0,  0.0,  0.0, 0.0,  38.0,   13.0,   0.0,   0.0,     0.0,     2.0, 2.0    ,     0.0,     0.0,     0.0,     0.0,     0.0,     2.0
danieje01, 1990,     1, PIT , NHL , L  , 11.0,  0.0,   2.0,   2.0,   2.0, 0.0  ,  0.0,  0.0,  0.0,  0.0,  0.0, 0.0,   6.0,       ,      ,      ,        ,        ,        ,        ,        ,        ,        ,        ,      
danieje01, 1991,     1, PIT , NHL , L  ,  2.0,  0.0,   0.0,   0.0,   0.0, 0.0  ,  0.0,  0.0,  0.0,  0.0,  0.0, 0.0,   0.0,       ,      ,      ,        ,        ,        ,        ,        ,        ,        ,        ,      
danieje01, 1992,     1, PIT , NHL , L  , 58.0,  5.0,   4.0,   9.0,  14.0, -5.0 ,  0.0,  0.0,  0.0,  0.0,  1.0, 0.0,  30.0,   12.0,   3.0,   2.0,     5.0,     0.0, 1.0    ,     0.0,     0.0,     0.0,     0.0,     1.0,    16.0
danieje01, 1993,     1, PIT , NHL , R  , 63.0,  3.0,   5.0,   8.0,  20.0, -1.0 ,  0.0,  0.0,  0.0,  0.0,  1.0, 0.0,  46.0,       ,      ,      ,        ,        ,        ,        ,        ,        ,        ,        ,      
danieje01, 1993,     2, FLO , NHL , R  ,  7.0,  0.0,   0.0,   0.0,   0.0, 0.0  ,  0.0,  0.0,  0.0,  0.0,  0.0, 0.0,   6.0,       ,      ,      ,        ,        ,        ,        ,        ,        ,        ,        ,      
danieje01, 1994,     1, FLO , NHL , L  ,  3.0,  0.0,   0.0,   0.0,   0.0, 0.0  ,  0.0,  0.0,  0.0,  0.0,  0.0, 0.0,   0.0,       ,      ,      ,        ,        ,        ,        ,        ,        ,        ,        ,      
danieje01, 1996,     1, HAR , NHL , L  , 10.0,  0.0,   2.0,   2.0,   0.0, 2.0  ,  0.0,  0.0,  0.0,  0.0,  0.0, 0.0,   6.0,       ,      ,      ,        ,        ,        ,        ,        ,        ,        ,        ,      
danieje01, 1997,     1, CAR , NHL , L  ,  2.0,  0.0,   0.0,   0.0,   0.0, 0.0  ,  0.0,  0.0,  0.0,  0.0,  0.0, 0.0,   1.0,       ,      ,      ,        ,        ,        ,        ,        ,        ,        ,        ,      
danieje01, 1998,     1, NAS , NHL , L  ,  9.0,  1.0,   3.0,   4.0,   2.0, -1.0 ,  0.0,  0.0,  0.0,  0.0,  0.0, 0.0,   8.0,       ,      ,      ,        ,        ,        ,        ,        ,        ,        ,        ,      
danieje01, 1999,     1, CAR , NHL , L  , 69.0,  3.0,   4.0,   7.0,  10.0, -8.0 ,  0.0,  0.0,  0.0,  0.0,  0.0, 1.0,  28.0,       ,      ,      ,        ,        ,        ,        ,        ,        ,        ,        ,      
danieje01, 2000,     1, CAR , NHL , R  , 67.0,  1.0,   1.0,   2.0,  15.0, -3.0 ,  0.0,  0.0,  0.0,  0.0,  0.0, 0.0,  42.0,    6.0,   0.0,   2.0,     2.0,     2.0, -1.0   ,     0.0,     0.0,     0.0,     0.0,     0.0,     3.0
danieje01, 2001,     1, CAR , NHL , C  , 65.0,  4.0,   1.0,   5.0,  12.0, -6.0 ,  0.0,  0.0,  1.0,  0.0,  0.0, 0.0,  40.0,   23.0,   0.0,   1.0,     1.0,     0.0, -1.0   ,     0.0,     0.0,     0.0,     0.0,     0.0,     7.0
danieje01, 2002,     1, CAR , NHL , C  , 59.0,  0.0,   4.0,   4.0,   8.0, -9.0 ,  0.0,  0.0,  0.0,  0.0,  0.0, 0.0,  41.0,       ,      ,      ,        ,        ,        ,        ,        ,        ,        ,        ,      
danieki01, 1990,     1, PHI , NHL , C  ,  2.0,  0.0,   1.0,   1.0,   0.0, -2.0 ,  0.0,  0.0,  0.0,  0.0,  0.0, 0.0,   2.0,       ,      ,      ,        ,        ,        ,        ,        ,        ,        ,        ,      
danieki01, 1991,     1, PHI , NHL , C  , 25.0,  1.0,   1.0,   2.0,   4.0, -4.0 ,  0.0,  0.0,  0.0,  0.0,  1.0, 0.0,  16.0,       ,      ,      ,        ,        ,        ,        ,        ,        ,        ,        ,      
daniesc01, 1992,     1, HAR , NHL , L  ,  1.0,  0.0,   0.0,   0.0,  19.0, 0.0  ,  0.0,  0.0,  0.0,  0.0,  0.0, 0.0,   0.0,       ,      ,      ,        ,        ,        ,        ,        ,        ,        ,        ,      
daniesc01, 1994,     1, HAR , NHL , L  , 12.0,  0.0,   2.0,   2.0,  55.0, 1.0  ,  0.0,  0.0,  0.0,  0.0,  0.0, 0.0,   7.0,       ,      ,      ,        ,        ,        ,        ,        ,        ,        ,        ,      
daniesc01, 1995,     1, HAR , NHL , L  , 53.0,  3.0,   4.0,   7.0, 254.0, -4.0 ,  0.0,  0.0,  0.0,  0.0,  0.0, 0.0,  43.0,       ,      ,      ,        ,        ,        ,        ,        ,        ,        ,        ,      
daniesc01, 1996,     1, PHI , NHL , R  , 56.0,  5.0,   3.0,   8.0, 237.0, 2.0  ,  0.0,  0.0,  0.0,  0.0,  2.0, 0.0,  48.0,       ,      ,      ,        ,        ,        ,        ,        ,        ,        ,        ,      
daniesc01, 1997,     1, NJD , NHL , L  , 26.0,  0.0,   3.0,   3.0, 102.0, 1.0  ,  0.0,  0.0,  0.0,  0.0,  0.0, 0.0,  17.0,    1.0,   0.0,   0.0,     0.0,     0.0, 0.0    ,     0.0,     0.0,     0.0,     0.0,     0.0,     0.0
daniesc01, 1998,     1, NJD , NHL , L  ,  1.0,  0.0,   0.0,   0.0,   0.0, 0.0  ,  0.0,  0.0,  0.0,  0.0,  0.0, 0.0,   0.0,       ,      ,      ,        ,        ,        ,        ,        ,        ,        ,        ,      
danisya01, 2005,     1, MTL , NHL , G  ,  6.0,  0.0,   0.0,   0.0,   0.0, 0.0  ,  0.0,  0.0,  0.0,  0.0,  0.0,    ,   0.0,       ,      ,      ,        ,        ,        ,        ,        ,        ,        ,        ,      
danisya01, 2008,     1, NYI , NHL , G  , 31.0,  0.0,   0.0,   0.0,   0.0, 0.0  ,  0.0,  0.0,  0.0,  0.0,  0.0,    ,   0.0,       ,      ,      ,        ,        ,        ,        ,        ,        ,        ,        ,      
danisya01, 2009,     1, NJD , NHL , G  , 12.0,  0.0,   0.0,   0.0,   0.0, 0.0  ,  0.0,  0.0,  0.0,  0.0,  0.0,    ,   0.0,       ,      ,      ,        ,        ,        ,        ,        ,        ,        ,        ,      
dantomi01, 2000,     1, NJD , NHL , C  ,  2.0,  0.0,   0.0,   0.0,   6.0, 0.0  ,  0.0,  0.0,  0.0,  0.0,  0.0, 0.0,   3.0,       ,      ,      ,        ,        ,        ,        ,        ,        ,        ,        ,      
dantomi01, 2002,     1, NJD , NHL , C  , 17.0,  2.0,   0.0,   2.0,  35.0, 0.0  ,  0.0,  0.0,  0.0,  0.0,  0.0, 0.0,  18.0,       ,      ,      ,        ,        ,        ,        ,        ,        ,        ,        ,      
dantomi01, 2003,     1, STL , NHL , L  , 68.0,  7.0,   5.0,  12.0, 141.0, -8.0 ,  0.0,  2.0,  1.0,  0.0,  0.0, 0.0,  72.0,    5.0,   1.0,   0.0,     1.0,     2.0, 1.0    ,     0.0,     0.0,     0.0,     0.0,     0.0,     1.0
daousda01, 1982,     1, MTL , NHL , C  ,  4.0,  0.0,   1.0,   1.0,   4.0, -2.0 ,  0.0,     ,  0.0,     ,  0.0, 0.0,   6.0,       ,      ,      ,        ,        ,        ,        ,        ,        ,        ,        ,      
daousda01, 1982,     2, TOR , NHL , C  , 48.0, 18.0,  33.0,  51.0,  31.0, -1.0 ,  9.0,     ,  0.0,     ,  0.0, 0.0, 119.0,       ,      ,      ,        ,        ,        ,        ,        ,        ,        ,        ,      
daousda01, 1983,     1, TOR , NHL , C  , 78.0, 18.0,  56.0,  74.0,  88.0, -16.0,  8.0,     ,  0.0,     ,  1.0, 0.0, 154.0,       ,      ,      ,        ,        ,        ,        ,        ,        ,        ,        ,      
daousda01, 1984,     1, TOR , NHL , C  , 79.0, 17.0,  37.0,  54.0,  98.0, -27.0,  1.0,     ,  3.0,     ,  2.0, 0.0, 141.0,       ,      ,      ,        ,        ,        ,        ,        ,        ,        ,        ,      
daousda01, 1985,     1, TOR , NHL , C  , 80.0,  7.0,  13.0,  20.0,  88.0, -21.0,  1.0,     ,  0.0,     ,  0.0, 0.0,  92.0,   10.0,   2.0,   2.0,     4.0,    19.0, 2.0    ,     0.0,        ,     0.0,        ,     0.0,    12.0
daousda01, 1986,     1, TOR , NHL , C  , 33.0,  4.0,   3.0,   7.0,  35.0, 0.0  ,  0.0,     ,  0.0,     ,  1.0, 0.0,  25.0,   13.0,   5.0,   2.0,     7.0,    42.0, -2.0   ,     0.0,        ,     0.0,        ,     2.0,    27.0
daousda01, 1987,     1, TOR , NHL , C  , 67.0,  9.0,   8.0,  17.0,  57.0, -7.0 ,  0.0,  0.0,  0.0,  0.0,  1.0, 0.0,  57.0,    4.0,   0.0,   0.0,     0.0,     2.0, -4.0   ,     0.0,     0.0,     0.0,     0.0,     0.0,     0.0
daousda01, 1988,     1, TOR , NHL , C  , 68.0,  7.0,   5.0,  12.0,  54.0, -20.0,  0.0,  1.0,  2.0,  1.0,  1.0, 0.0,  66.0,       ,      ,      ,        ,        ,        ,        ,        ,        ,        ,        ,      
daousda01, 1989,     1, TOR , NHL , C  , 65.0,  7.0,  11.0,  18.0,  89.0, 1.0  ,  0.0,  0.0,  4.0,  4.0,  0.0, 0.0,  53.0,    5.0,   0.0,   1.0,     1.0,    20.0, 1.0    ,     0.0,     0.0,     0.0,     0.0,     0.0,     5.0
darbycr01, 1994,     1, MTL , NHL , C  , 10.0,  0.0,   2.0,   2.0,   0.0, -5.0 ,  0.0,  0.0,  0.0,  0.0,  0.0, 0.0,   4.0,       ,      ,      ,        ,        ,        ,        ,        ,        ,        ,        ,      
darbycr01, 1994,     2, NYI , NHL , C  ,  3.0,  0.0,   0.0,   0.0,   0.0, -1.0 ,  0.0,  0.0,  0.0,  0.0,  0.0, 0.0,   1.0,       ,      ,      ,        ,        ,        ,        ,        ,        ,        ,        ,      
darbycr01, 1995,     1, NYI , NHL , C  , 10.0,  0.0,   2.0,   2.0,   0.0, -1.0 ,  0.0,  0.0,  0.0,  0.0,  0.0, 0.0,   1.0,       ,      ,      ,        ,        ,        ,        ,        ,        ,        ,        ,      
darbycr01, 1996,     1, PHI , NHL , C  ,  9.0,  1.0,   4.0,   5.0,   2.0, 2.0  ,  0.0,  0.0,  1.0,  0.0,  0.0, 0.0,  13.0,       ,      ,      ,        ,        ,        ,        ,        ,        ,        ,        ,      
darbycr01, 1997,     1, PHI , NHL , C  ,  3.0,  1.0,   0.0,   1.0,   0.0, 0.0  ,  0.0,  0.0,  0.0,  0.0,  0.0, 0.0,   3.0,       ,      ,      ,        ,        ,        ,        ,        ,        ,        ,        ,      
darbycr01, 1999,     1, MTL , NHL , C  , 76.0,  7.0,  10.0,  17.0,  14.0, -14.0,  0.0,  0.0,  1.0,  0.0,  2.0, 0.0,  90.0,       ,      ,      ,        ,        ,        ,        ,        ,        ,        ,        ,      
darbycr01, 2000,     1, MTL , NHL , C  , 78.0, 12.0,  16.0,  28.0,  16.0, -17.0,  0.0,  3.0,  1.0,  0.0,  0.0, 2.0,  97.0,       ,      ,      ,        ,        ,        ,        ,        ,        ,        ,        ,      
darbycr01, 2001,     1, MTL , NHL , C  ,  2.0,  0.0,   0.0,   0.0,   0.0, 0.0  ,  0.0,  0.0,  0.0,  0.0,  0.0, 0.0,   0.0,       ,      ,      ,        ,        ,        ,        ,        ,        ,        ,        ,      
darbycr01, 2002,     1, NJD , NHL , C  ,  3.0,  0.0,   1.0,   1.0,   0.0, -1.0 ,  0.0,  0.0,  0.0,  0.0,  0.0, 0.0,   1.0,       ,      ,      ,        ,        ,        ,        ,        ,        ,        ,        ,      
darbycr01, 2003,     1, NJD , NHL , C  ,  2.0,  0.0,   0.0,   0.0,   0.0, -1.0 ,  0.0,  0.0,  0.0,  0.0,  0.0, 0.0,   0.0,       ,      ,      ,        ,        ,        ,        ,        ,        ,        ,        ,      
darchma01, 2000,     1, CBS , NHL , L  ,  9.0,  0.0,   0.0,   0.0,   0.0, -4.0 ,  0.0,  0.0,  0.0,  0.0,  0.0, 0.0,   9.0,       ,      ,      ,        ,        ,        ,        ,        ,        ,        ,        ,      
darchma01, 2001,     1, CBS , NHL , L  , 14.0,  1.0,   1.0,   2.0,   6.0, -5.0 ,  0.0,  0.0,  0.0,  0.0,  0.0, 0.0,  15.0,       ,      ,      ,        ,        ,        ,        ,        ,        ,        ,        ,      
darchma01, 2002,     1, CBS , NHL , L  ,  1.0,  0.0,   0.0,   0.0,   0.0, -1.0 ,  0.0,  0.0,  0.0,  0.0,  0.0, 0.0,   0.0,       ,      ,      ,        ,        ,        ,        ,        ,        ,        ,        ,      
darchma01, 2003,     1, NAS , NHL , L  ,  2.0,  0.0,   0.0,   0.0,   0.0, -1.0 ,  0.0,  0.0,  0.0,  0.0,  0.0, 0.0,   1.0,       ,      ,      ,        ,        ,        ,        ,        ,        ,        ,        ,      
darchma01, 2006,     1, SJS , NHL , L  ,  2.0,  0.0,   0.0,   0.0,   0.0, 0.0  ,  0.0,  0.0,  0.0,  0.0,  0.0,    ,   3.0,       ,      ,      ,        ,        ,        ,        ,        ,        ,        ,        ,      
darchma01, 2007,     1, TBL , NHL , L  , 73.0,  7.0,  15.0,  22.0,  20.0, -14.0,  1.0,  1.0,  1.0,  0.0,  0.0,    , 120.0,       ,      ,      ,        ,        ,        ,        ,        ,        ,        ,        ,      
darchma01, 2009,     1, MTL , NHL , L  , 29.0,  5.0,   5.0,  10.0,   4.0, 2.0  ,  0.0,  0.0,  0.0,  0.0,  3.0,    ,  43.0,   11.0,   0.0,   1.0,     1.0,     2.0, -1.0   ,     0.0,     0.0,     0.0,     0.0,     0.0,     7.0
darkmi01 , 1986,     1, STL , NHL , D  , 13.0,  2.0,   0.0,   2.0,   2.0, 0.0  ,  0.0,     ,  0.0,     ,  0.0, 0.0,   4.0,       ,      ,      ,        ,        ,        ,        ,        ,        ,        ,        ,      
darkmi01 , 1987,     1, STL , NHL , R  , 30.0,  3.0,   6.0,   9.0,  12.0, 6.0  ,  0.0,  0.0,  0.0,  0.0,  1.0, 0.0,  27.0,       ,      ,      ,        ,        ,        ,        ,        ,        ,        ,        ,      
darraha01, 1925,     1, PIP , NHL , R  , 35.0, 10.0,   7.0,  17.0,   6.0,      ,     ,     ,     ,     ,     ,    ,      ,    2.0,   1.0,   0.0,     1.0,     0.0,        ,        ,        ,        ,        ,        ,      
darraha01, 1926,     1, PIP , NHL , R  , 42.0, 12.0,   3.0,  15.0,   4.0,      ,     ,     ,     ,     ,     ,    ,      ,       ,      ,      ,        ,        ,        ,        ,        ,        ,        ,        ,      
darraha01, 1927,     1, PIP , NHL , R  , 44.0, 13.0,   2.0,  15.0,  16.0,      ,     ,     ,     ,     ,     ,    ,      ,    2.0,   0.0,   1.0,     1.0,     0.0,        ,        ,        ,        ,        ,        ,      
darraha01, 1928,     1, PIP , NHL , R  , 43.0,  9.0,   3.0,  12.0,   6.0,      ,     ,     ,     ,     ,     ,    ,      ,       ,      ,      ,        ,        ,        ,        ,        ,        ,        ,        ,      
darraha01, 1929,     1, PIP , NHL , R  , 42.0, 15.0,  17.0,  32.0,   6.0,      ,     ,     ,     ,     ,     ,    ,      ,       ,      ,      ,        ,        ,        ,        ,        ,        ,        ,        ,      
darraha01, 1930,     1, PHQ , NHL , R  , 10.0,  1.0,   1.0,   2.0,   2.0,      ,     ,     ,     ,     ,     ,    ,      ,       ,      ,      ,        ,        ,        ,        ,        ,        ,        ,        ,      
darraha01, 1930,     2, BOS , NHL , R  , 25.0,  2.0,   4.0,   6.0,   4.0,      ,     ,     ,     ,     ,     ,    ,      ,    5.0,   0.0,   1.0,     1.0,     2.0,        ,        ,        ,        ,        ,        ,      
darraha01, 1931,     1, TOR , NHL , R  , 48.0,  5.0,  10.0,  15.0,   6.0,      ,     ,     ,     ,     ,     ,    ,      ,    7.0,   0.0,   1.0,     1.0,     2.0,        ,        ,        ,        ,        ,        ,      
darraha01, 1932,     1, TOR , NHL , R  , 19.0,  1.0,   2.0,   3.0,   0.0,      ,     ,     ,     ,     ,     ,    ,      ,       ,      ,      ,        ,        ,        ,        ,        ,        ,        ,        ,      
darraja01, 1910,     1, OT1 , NHA ,    , 16.0, 18.0,   0.0,  18.0,  33.0,      ,     ,     ,     ,     ,     ,    ,      ,       ,      ,      ,        ,        ,        ,        ,        ,        ,        ,        ,      
darraja01, 1911,     1, OT1 , NHA ,    , 16.0, 15.0,   0.0,  15.0,  10.0,      ,     ,     ,     ,     ,     ,    ,      ,       ,      ,      ,        ,        ,        ,        ,        ,        ,        ,        ,      
darraja01, 1912,     1, OT1 , NHA ,    , 20.0, 15.0,   0.0,  15.0,  16.0,      ,     ,     ,     ,     ,     ,    ,      ,       ,      ,      ,        ,        ,        ,        ,        ,        ,        ,        ,      
darraja01, 1913,     1, OT1 , NHA ,    , 20.0, 23.0,   5.0,  28.0,  69.0,      ,     ,     ,     ,     ,     ,    ,      ,       ,      ,      ,        ,        ,        ,        ,        ,        ,        ,        ,      
darraja01, 1914,     1, OT1 , NHA ,    , 18.0, 11.0,   2.0,  13.0,  32.0,      ,     ,     ,     ,     ,     ,    ,      ,    2.0,   1.0,      ,        ,        ,        ,        ,        ,        ,        ,        ,      
darraja01, 1915,     1, OT1 , NHA ,    , 21.0, 16.0,   5.0,  21.0,  41.0,      ,     ,     ,     ,     ,     ,    ,      ,       ,      ,      ,        ,        ,        ,        ,        ,        ,        ,        ,      
darraja01, 1916,     1, OT1 , NHA ,    , 20.0, 26.0,   5.0,  31.0,  25.0,      ,     ,     ,     ,     ,     ,    ,      ,    2.0,   1.0,      ,        ,        ,        ,        ,        ,        ,        ,        ,      
darraja01, 1917,     1, OTS , NHL , R  , 18.0, 14.0,   5.0,  19.0,  26.0,      ,     ,     ,     ,     ,  1.0,    ,      ,       ,      ,      ,        ,        ,        ,        ,        ,        ,        ,        ,      
darraja01, 1918,     1, OTS , NHL , R/L, 14.0, 11.0,   3.0,  14.0,  33.0,      ,     ,     ,     ,     ,     ,    ,      ,    5.0,   2.0,   0.0,     2.0,     3.0,        ,        ,        ,        ,        ,        ,      
darraja01, 1919,     1, OTS , NHL , R/L, 23.0, 22.0,  14.0,  36.0,  22.0,      ,     ,     ,     ,     ,     ,    ,      ,       ,      ,      ,        ,        ,        ,        ,        ,        ,        ,        ,      
darraja01, 1920,     1, OTS , NHL , R/L, 24.0, 11.0,  15.0,  26.0,  20.0,      ,     ,     ,     ,     ,     ,    ,      ,    2.0,   0.0,   0.0,     0.0,     2.0,        ,        ,        ,        ,        ,        ,      
darraja01, 1922,     1, OTS , NHL , R  , 24.0,  6.0,   9.0,  15.0,  10.0,      ,     ,     ,     ,     ,     ,    ,      ,    2.0,   1.0,   0.0,     1.0,     2.0,        ,        ,        ,        ,        ,        ,      
darraja01, 1923,     1, OTS , NHL , R  , 18.0,  2.0,   0.0,   2.0,   2.0,      ,     ,     ,     ,     ,     ,    ,      ,    2.0,   0.0,   0.0,     0.0,     2.0,        ,        ,        ,        ,        ,        ,      
daskacl01, 1984,     1, BOS , NHL , G  ,  8.0,  0.0,   0.0,   0.0,   0.0, 0.0  ,  0.0,     ,  0.0,     ,  0.0, 0.0,   0.0,       ,      ,      ,        ,        ,        ,        ,        ,        ,        ,        ,      
daskacl01, 1985,     1, BOS , NHL , G  ,  2.0,  0.0,   0.0,   0.0,   0.0, 0.0  ,  0.0,     ,  0.0,     ,  0.0, 0.0,   0.0,       ,      ,      ,        ,        ,        ,        ,        ,        ,        ,        ,      
daskacl01, 1986,     1, BOS , NHL , G  ,  2.0,  0.0,   0.0,   0.0,   0.0, 0.0  ,  0.0,     ,  0.0,     ,  0.0, 0.0,   0.0,       ,      ,      ,        ,        ,        ,        ,        ,        ,        ,        ,      
datsypa01, 2001,     1, DET , NHL , C  , 70.0, 11.0,  24.0,  35.0,   4.0, 4.0  ,  2.0,  9.0,  0.0,  0.0,  1.0, 0.0,  79.0,   21.0,   3.0,   3.0,     6.0,     2.0, 1.0    ,     1.0,     0.0,     0.0,     0.0,     1.0,    20.0
datsypa01, 2002,     1, DET , NHL , C  , 64.0, 12.0,  39.0,  51.0,  16.0, 20.0 ,  1.0, 13.0,  0.0,  0.0,  1.0, 1.0,  82.0,    4.0,   0.0,   0.0,     0.0,     0.0, -3.0   ,     0.0,     0.0,     0.0,     0.0,     0.0,     9.0
datsypa01, 2003,     1, DET , NHL , C  , 75.0, 30.0,  38.0,  68.0,  35.0, -2.0 ,  8.0, 15.0,  1.0,  0.0,  4.0, 0.0, 136.0,   12.0,   0.0,   6.0,     6.0,     2.0, 1.0    ,     0.0,     2.0,     0.0,     0.0,     0.0,    19.0
datsypa01, 2005,     1, DET , NHL , C  , 75.0, 28.0,  59.0,  87.0,  22.0, 26.0 , 11.0, 28.0,  0.0,  0.0,  4.0,    , 145.0,    5.0,   0.0,   3.0,     3.0,     0.0, 0.0    ,     0.0,     1.0,     0.0,     0.0,     0.0,    11.0
datsypa01, 2006,     1, DET , NHL , C  , 79.0, 27.0,  60.0,  87.0,  20.0, 36.0 ,  5.0, 24.0,  2.0,  1.0,  5.0,    , 207.0,   18.0,   8.0,   8.0,    16.0,     8.0, 2.0    ,     4.0,     4.0,     0.0,     0.0,     2.0,    66.0
datsypa01, 2007,     1, DET , NHL , C  , 82.0, 31.0,  66.0,  97.0,  20.0, 41.0 , 10.0, 30.0,  1.0,  0.0,  6.0,    , 264.0,   22.0,  10.0,  13.0,    23.0,     6.0, 13.0   ,     4.0,     4.0,     0.0,     0.0,     1.0,    74.0
datsypa01, 2008,     1, DET , NHL , C  , 81.0, 32.0,  65.0,  97.0,  22.0, 34.0 , 11.0, 25.0,  1.0,  1.0,  3.0,    , 248.0,   16.0,   1.0,   8.0,     9.0,     9.0, 5.0    ,     1.0,     3.0,     0.0,     0.0,     0.0,    52.0
datsypa01, 2009,     1, DET , NHL , C  , 80.0, 27.0,  43.0,  70.0,  18.0, 17.0 ,  9.0, 16.0,  0.0,  0.0,  3.0,    , 203.0,   12.0,   6.0,   7.0,    13.0,     8.0, 3.0    ,     1.0,     1.0,     0.0,     0.0,     1.0,    39.0
daugaka01, 2009,     1, OTT , NHL , L  ,  1.0,  0.0,   0.0,   0.0,   0.0, 0.0  ,  0.0,  0.0,  0.0,  0.0,  0.0,    ,   2.0,       ,      ,      ,        ,        ,        ,        ,        ,        ,        ,        ,      
davidal01, 1912,     1, TBS , NHA ,    , 20.0, 19.0,   0.0,  19.0,  69.0,      ,     ,     ,     ,     ,     ,    ,      ,       ,      ,      ,        ,        ,        ,        ,        ,        ,        ,        ,      
davidal01, 1913,     1, TBS , NHA ,    , 20.0, 23.0,  13.0,  36.0,  64.0,      ,     ,     ,     ,     ,     ,    ,      ,    2.0,   2.0,      ,        ,        ,        ,        ,        ,        ,        ,        ,      
davidbl01, 1976,     1, PHR , WHA , D  ,  2.0,  0.0,   0.0,   0.0,   2.0, -1.0 ,  0.0,     ,  0.0,     ,  0.0,    ,   0.0,       ,      ,      ,        ,        ,        ,        ,        ,        ,        ,        ,      
davidbo01, 1934,     1, TOR , NHL , L  ,  5.0,  0.0,   0.0,   0.0,   6.0,      ,     ,     ,     ,     ,     ,    ,      ,       ,      ,      ,        ,        ,        ,        ,        ,        ,        ,        ,      
davidbo01, 1935,     1, TOR , NHL , L  , 35.0,  4.0,   4.0,   8.0,  32.0,      ,     ,     ,     ,     ,     ,    ,      ,    9.0,   1.0,   3.0,     4.0,     2.0,        ,        ,        ,        ,        ,        ,      
davidbo01, 1936,     1, TOR , NHL , L  , 46.0,  8.0,   7.0,  15.0,  43.0,      ,     ,     ,     ,     ,     ,    ,      ,    2.0,   0.0,   0.0,     0.0,     5.0,        ,        ,        ,        ,        ,        ,      
davidbo01, 1937,     1, TOR , NHL , L  , 48.0,  3.0,  17.0,  20.0,  52.0,      ,     ,     ,     ,     ,     ,    ,      ,    7.0,   0.0,   2.0,     2.0,    10.0,        ,        ,        ,        ,        ,        ,      
davidbo01, 1938,     1, TOR , NHL , L  , 47.0,  4.0,  10.0,  14.0,  29.0,      ,     ,     ,     ,     ,     ,    ,      ,   10.0,   1.0,   1.0,     2.0,     6.0,        ,        ,        ,        ,        ,        ,      
davidbo01, 1939,     1, TOR , NHL , C  , 48.0,  8.0,  18.0,  26.0,  56.0,      ,     ,     ,     ,     ,     ,    ,      ,   10.0,   0.0,   3.0,     3.0,    16.0,        ,        ,        ,        ,        ,        ,      
davidbo01, 1940,     1, TOR , NHL , L  , 37.0,  3.0,   6.0,   9.0,  39.0,      ,     ,     ,     ,     ,     ,    ,      ,    7.0,   0.0,   2.0,     2.0,     7.0,        ,        ,        ,        ,        ,        ,      
davidbo01, 1941,     1, TOR , NHL , L  , 37.0,  6.0,  20.0,  26.0,  39.0,      ,     ,     ,     ,     ,     ,    ,      ,   13.0,   1.0,   2.0,     3.0,    20.0,        ,        ,        ,        ,        ,        ,      
davidbo01, 1942,     1, TOR , NHL , L  , 50.0, 13.0,  23.0,  36.0,  20.0,      ,     ,     ,     ,     ,     ,    ,      ,    6.0,   1.0,   2.0,     3.0,     7.0,        ,        ,        ,        ,        ,        ,      
davidbo01, 1943,     1, TOR , NHL , L  , 47.0, 19.0,  28.0,  47.0,  21.0,      ,     ,     ,     ,     ,     ,    ,      ,    5.0,   0.0,   0.0,     0.0,     4.0,        ,        ,        ,        ,        ,        ,      
davidbo01, 1944,     1, TOR , NHL , L  , 50.0, 17.0,  18.0,  35.0,  49.0,      ,     ,     ,     ,     ,     ,    ,      ,   13.0,   1.0,   2.0,     3.0,     2.0,        ,        ,        ,        ,        ,        ,      
davidbo01, 1945,     1, TOR , NHL , L  , 41.0,  9.0,   9.0,  18.0,  12.0,      ,     ,     ,     ,     ,     ,    ,      ,       ,      ,      ,        ,        ,        ,        ,        ,        ,        ,        ,      
davidgo01, 1942,     1, NYR , NHL , D  , 35.0,  2.0,   3.0,   5.0,   4.0,      ,     ,     ,     ,     ,     ,    ,      ,       ,      ,      ,        ,        ,        ,        ,        ,        ,        ,        ,      
davidgo01, 1943,     1, NYR , NHL , D  , 16.0,  1.0,   3.0,   4.0,   4.0,      ,     ,     ,     ,     ,     ,    ,      ,       ,      ,      ,        ,        ,        ,        ,        ,        ,        ,        ,      
davidhu01, 1923,     1, REG , WCHL, C  ,  5.0,  0.0,   0.0,   0.0,   4.0,      ,     ,     ,     ,     ,     ,    ,      ,    2.0,   0.0,   0.0,     0.0,     4.0,        ,        ,        ,        ,        ,        ,      
davidhu01, 1924,     1, REG , WCHL, C  , 10.0,  1.0,   0.0,   1.0,   6.0,      ,     ,     ,     ,     ,     ,    ,      ,       ,      ,      ,        ,        ,        ,        ,        ,        ,        ,        ,      
davidjo01, 1973,     1, STL , NHL , G  , 39.0,  0.0,   0.0,   0.0,  10.0, 0.0  ,  0.0,     ,  0.0,     ,  0.0, 0.0,   0.0,       ,      ,      ,        ,        ,        ,        ,        ,        ,        ,        ,      
davidjo01, 1974,     1, STL , NHL , G  , 40.0,  0.0,   2.0,   2.0,   8.0, 0.0  ,  0.0,     ,  0.0,     ,  0.0, 0.0,   0.0,    1.0,   0.0,   0.0,     0.0,     0.0,        ,     0.0,        ,     0.0,        ,     0.0,      
davidjo01, 1975,     1, NYR , NHL , G  , 56.0,  0.0,   2.0,   2.0,   8.0, 0.0  ,  0.0,     ,  0.0,     ,  0.0, 0.0,   0.0,       ,      ,      ,        ,        ,        ,        ,        ,        ,        ,        ,      
davidjo01, 1976,     1, NYR , NHL , G  , 39.0,  0.0,   0.0,   0.0,   6.0, 0.0  ,  0.0,     ,  0.0,     ,  0.0, 0.0,   0.0,       ,      ,      ,        ,        ,        ,        ,        ,        ,        ,        ,      
davidjo01, 1977,     1, NYR , NHL , G  , 34.0,  0.0,   0.0,   0.0,  10.0, 0.0  ,  0.0,     ,  0.0,     ,  0.0, 0.0,   0.0,    2.0,   0.0,   0.0,     0.0,     0.0,        ,     0.0,        ,     0.0,        ,     0.0,      
davidjo01, 1978,     1, NYR , NHL , G  , 39.0,  0.0,   0.0,   0.0,  12.0, 0.0  ,  0.0,     ,  0.0,     ,  0.0, 0.0,   0.0,   18.0,   0.0,   0.0,     0.0,     6.0,        ,     0.0,        ,     0.0,        ,     0.0,      
davidjo01, 1979,     1, NYR , NHL , G  , 41.0,  0.0,   2.0,   2.0,   2.0, 0.0  ,  0.0,     ,  0.0,     ,  0.0, 0.0,   0.0,    9.0,   0.0,   0.0,     0.0,     0.0,        ,     0.0,        ,     0.0,        ,     0.0,      
davidjo01, 1980,     1, NYR , NHL , G  , 10.0,  0.0,   1.0,   1.0,   2.0, 0.0  ,  0.0,     ,  0.0,     ,  0.0, 0.0,   0.0,       ,      ,      ,        ,        ,        ,        ,        ,        ,        ,        ,      
davidjo01, 1981,     1, NYR , NHL , G  ,  1.0,  0.0,   0.0,   0.0,   2.0, 0.0  ,  0.0,     ,  0.0,     ,  0.0, 0.0,   0.0,    1.0,   0.0,   0.0,     0.0,     0.0,        ,     0.0,        ,     0.0,        ,     0.0,      
davidjo01, 1982,     1, NYR , NHL , G  ,  2.0,  0.0,   0.0,   0.0,   0.0, 0.0  ,  0.0,     ,  0.0,     ,  0.0, 0.0,   0.0,       ,      ,      ,        ,        ,        ,        ,        ,        ,        ,        ,      
davidjo02, 1998,     1, ANA , NHL , C  , 64.0,  3.0,   5.0,   8.0,  14.0, -9.0 ,  1.0,  1.0,  0.0,  0.0,  1.0, 0.0,  48.0,    1.0,   0.0,   0.0,     0.0,     0.0, 0.0    ,     0.0,     0.0,     0.0,     0.0,     0.0,     0.0
davidjo02, 1999,     1, ANA , NHL , C  ,  5.0,  1.0,   0.0,   1.0,   2.0, 0.0  ,  0.0,  0.0,  0.0,  0.0,  1.0, 0.0,   8.0,       ,      ,      ,        ,        ,        ,        ,        ,        ,        ,        ,      
davidjo02, 1999,     2, NYI , NHL , C  , 14.0,  2.0,   4.0,   6.0,   0.0, 0.0  ,  0.0,  1.0,  0.0,  0.0,  0.0, 0.0,  21.0,       ,      ,      ,        ,        ,        ,        ,        ,        ,        ,        ,      
davidma01, 2000,     1, CBS , NHL , R  ,  5.0,  0.0,   0.0,   0.0,   0.0, 2.0  ,  0.0,  0.0,  0.0,  0.0,  0.0, 0.0,   2.0,       ,      ,      ,        ,        ,        ,        ,        ,        ,        ,        ,      
davidma01, 2001,     1, CBS , NHL , R  , 17.0,  1.0,   2.0,   3.0,  10.0, -11.0,  0.0,  0.0,  0.0,  0.0,  0.0, 0.0,  18.0,       ,      ,      ,        ,        ,        ,        ,        ,        ,        ,        ,      
davidma01, 2002,     1, CBS , NHL , R  , 34.0,  4.0,   5.0,   9.0,  18.0, -12.0,  0.0,  0.0,  0.0,  0.0,  0.0, 0.0,  28.0,       ,      ,      ,        ,        ,        ,        ,        ,        ,        ,        ,      
davidri01, 1978,     1, QUN , WHA , L  , 14.0,  0.0,   4.0,   4.0,   4.0, 3.0  ,  0.0,     ,  0.0,     ,     ,    ,  11.0,       ,      ,      ,        ,        ,        ,        ,        ,        ,        ,        ,      
davidri01, 1979,     1, QUE , NHL , L  , 10.0,  0.0,   0.0,   0.0,   2.0, -2.0 ,  0.0,     ,  0.0,     ,  0.0, 0.0,  10.0,       ,      ,      ,        ,        ,        ,        ,        ,        ,        ,        ,      
davidri01, 1981,     1, QUE , NHL , L  ,  5.0,  1.0,   1.0,   2.0,   4.0, -3.0 ,  0.0,     ,  0.0,     ,  0.0, 0.0,   6.0,    1.0,   0.0,   0.0,     0.0,     0.0,        ,     0.0,        ,     0.0,        ,     0.0,      
davidri01, 1982,     1, QUE , NHL , L  , 16.0,  3.0,   3.0,   6.0,   4.0, -2.0 ,  2.0,     ,  0.0,     ,  1.0, 0.0,  13.0,       ,      ,      ,        ,        ,        ,        ,        ,        ,        ,        ,      
daviebo01, 1933,     1, BOS , NHL , D  ,  9.0,  0.0,   0.0,   0.0,   6.0,      ,     ,     ,     ,     ,     ,    ,      ,       ,      ,      ,        ,        ,        ,        ,        ,        ,        ,        ,      
daviebo01, 1934,     1, BOS , NHL , D  , 30.0,  0.0,   1.0,   1.0,  17.0,      ,     ,     ,     ,     ,     ,    ,      ,       ,      ,      ,        ,        ,        ,        ,        ,        ,        ,        ,      
daviebo01, 1935,     1, BOS , NHL , D  ,  2.0,  0.0,   0.0,   0.0,   2.0,      ,     ,     ,     ,     ,     ,    ,      ,       ,      ,      ,        ,        ,        ,        ,        ,        ,        ,        ,      
daviebu01, 1947,     1, NYR , NHL , C  ,     ,     ,      ,      ,      ,      ,     ,     ,     ,     ,     ,    ,      ,    1.0,   0.0,   0.0,     0.0,     0.0,        ,        ,        ,        ,        ,        ,      
davisbi01, 1977,     1, WIJ , WHA , D  , 12.0,  0.0,   0.0,   0.0,   2.0, -9.0 ,  0.0,     ,  0.0,     ,     ,    ,   9.0,       ,      ,      ,        ,        ,        ,        ,        ,        ,        ,        ,      
davisbi01, 1978,     1, WIJ , WHA , D  ,  5.0,  1.0,   2.0,   3.0,   0.0, -2.0 ,  0.0,     ,  0.0,     ,     ,    ,   4.0,       ,      ,      ,        ,        ,        ,        ,        ,        ,        ,        ,      
davisbo01, 1932,     1, DET , NHL , F  ,  3.0,  0.0,   0.0,   0.0,   4.0,      ,     ,     ,     ,     ,     ,    ,      ,       ,      ,      ,        ,        ,        ,        ,        ,        ,        ,        ,      
daviske01, 1978,     1, CIN , WHA , R  , 18.0,  0.0,   1.0,   1.0,  20.0, -2.0 ,  0.0,     ,  0.0,     ,     ,    ,  11.0,       ,      ,      ,        ,        ,        ,        ,        ,        ,        ,        ,      
daviski01, 1977,     1, PIT , NHL , C  ,  1.0,  0.0,   0.0,   0.0,   0.0, 0.0  ,  0.0,     ,  0.0,     ,  0.0, 0.0,   0.0,       ,      ,      ,        ,        ,        ,        ,        ,        ,        ,        ,      
daviski01, 1978,     1, PIT , NHL , C  ,  1.0,  1.0,   0.0,   1.0,   0.0, 0.0  ,  0.0,     ,  0.0,     ,  1.0, 0.0,   1.0,       ,      ,      ,        ,        ,        ,        ,        ,        ,        ,        ,      
daviski01, 1979,     1, PIT , NHL , C  , 24.0,  3.0,   7.0,  10.0,  43.0, -7.0 ,  0.0,     ,  0.0,     ,  1.0, 0.0,  25.0,    4.0,   0.0,   0.0,     0.0,     0.0,        ,     0.0,        ,     0.0,        ,     0.0,      
daviski01, 1980,     1, PIT , NHL , C  ,  8.0,  1.0,   0.0,   1.0,   4.0, -3.0 ,  0.0,     ,  0.0,     ,  0.0, 1.0,   2.0,       ,      ,      ,        ,        ,        ,        ,        ,        ,        ,        ,      
daviski01, 1980,     2, TOR , NHL , C  ,  2.0,  0.0,   0.0,   0.0,   4.0, 0.0  ,  0.0,     ,  0.0,     ,  0.0, 0.0,   2.0,       ,      ,      ,        ,        ,        ,        ,        ,        ,        ,        ,      
davislo01, 1951,     1, MTL , NHL , R  ,  3.0,  1.0,   1.0,   2.0,   2.0,      ,     ,     ,     ,     ,     ,    ,      ,       ,      ,      ,        ,        ,        ,        ,        ,        ,        ,        ,      
davislo01, 1952,     1, MTL , NHL , R  ,     ,     ,      ,      ,      ,      ,     ,     ,     ,     ,     ,    ,      ,    7.0,   1.0,   1.0,     2.0,     2.0,        ,        ,        ,        ,        ,        ,      
davislo01, 1953,     1, MTL , NHL , R  , 37.0,  6.0,   4.0,  10.0,   2.0,      ,     ,     ,     ,     ,     ,    ,      ,   11.0,   2.0,   0.0,     2.0,     8.0,        ,        ,        ,        ,        ,        ,      
davislo01, 1954,     1, CHI , NHL , R  ,  8.0,  0.0,   0.0,   0.0,   4.0,      ,     ,     ,     ,     ,     ,    ,      ,       ,      ,      ,        ,        ,        ,        ,        ,        ,        ,        ,      
davislo01, 1954,     2, DET , NHL , R  , 22.0,  0.0,   5.0,   5.0,   2.0,      ,     ,     ,     ,     ,     ,    ,      ,       ,      ,      ,        ,        ,        ,        ,        ,        ,        ,        ,      
davislo01, 1955,     1, BOS , NHL , R  , 15.0,  0.0,   1.0,   1.0,   0.0,      ,     ,     ,     ,     ,     ,    ,      ,       ,      ,      ,        ,        ,        ,        ,        ,        ,        ,        ,      
davislo01, 1959,     1, BOS , NHL , R  , 10.0,  1.0,   1.0,   2.0,  10.0,      ,     ,     ,     ,     ,     ,    ,      ,       ,      ,      ,        ,        ,        ,        ,        ,        ,        ,        ,      
davisma01, 1978,     1, DET , NHL , R  ,  6.0,  0.0,   0.0,   0.0,   0.0, -2.0 ,  0.0,     ,  0.0,     ,  0.0, 0.0,   1.0,       ,      ,      ,        ,        ,        ,        ,        ,        ,        ,        ,      
davisma01, 1980,     1, DET , NHL , L  ,  5.0,  2.0,   0.0,   2.0,   0.0, 5.0  ,  0.0,     ,  0.0,     ,  0.0, 0.0,  12.0,       ,      ,      ,        ,        ,        ,        ,        ,        ,        ,        ,      
davisma01, 1982,     1, BUF , NHL , L  , 24.0,  8.0,  12.0,  20.0,   0.0, -6.0 ,  3.0,     ,  0.0,     ,  3.0, 0.0,  32.0,    6.0,   1.0,   0.0,     1.0,     0.0,        ,     0.0,        ,     0.0,        ,     0.0,      
davisma01, 1983,     1, BUF , NHL , L  , 11.0,  2.0,   1.0,   3.0,   4.0, -1.0 ,  1.0,     ,  0.0,     ,  0.0, 0.0,  12.0,    1.0,   0.0,   0.0,     0.0,     0.0, -1.0   ,     0.0,        ,     0.0,        ,     0.0,     1.0
davisma01, 1984,     1, BUF , NHL , R  , 47.0, 17.0,   9.0,  26.0,  26.0, 1.0  ,  5.0,     ,  0.0,     ,  5.0, 0.0,  62.0,       ,      ,      ,        ,        ,        ,        ,        ,        ,        ,        ,      
davisma01, 1985,     1, BUF , NHL , L  ,  7.0,  2.0,   0.0,   2.0,   4.0, -1.0 ,  2.0,     ,  0.0,     ,  0.0, 0.0,   5.0,       ,      ,      ,        ,        ,        ,        ,        ,        ,        ,        ,      
davismu01, 1965,     1, BOS , NHL , D  ,  1.0,  0.0,   0.0,   0.0,   0.0,      ,  0.0,     ,  0.0,     ,  0.0, 0.0,      ,       ,      ,      ,        ,        ,        ,        ,        ,        ,        ,        ,      
davispa01, 2008,     1, NJD , NHL , L  ,  1.0,  0.0,   0.0,   0.0,   0.0, 0.0  ,  0.0,  0.0,  0.0,  0.0,  0.0,    ,   0.0,       ,      ,      ,        ,        ,        ,        ,        ,        ,        ,        ,      
davispa01, 2009,     1, NJD , NHL , L  ,  8.0,  1.0,   0.0,   1.0,   0.0, -2.0 ,  0.0,  0.0,  0.0,  0.0,  0.0,    ,   8.0,       ,      ,      ,        ,        ,        ,        ,        ,        ,        ,        ,      
davisro01, 2002,     1, SJS , NHL , D  , 15.0,  1.0,   2.0,   3.0,  22.0, 4.0  ,  0.0,  0.0,  0.0,  0.0,  0.0, 0.0,  15.0,       ,      ,      ,        ,        ,        ,        ,        ,        ,        ,        ,      
davisro01, 2003,     1, SJS , NHL , D  , 55.0,  0.0,   3.0,   3.0,  92.0, -3.0 ,  0.0,  0.0,  0.0,  0.0,  0.0, 0.0,  33.0,    5.0,   0.0,   2.0,     2.0,     4.0, 0.0    ,     0.0,     0.0,     0.0,     0.0,     0.0,     2.0
davisro01, 2005,     1, SJS , NHL , D  , 69.0,  1.0,   5.0,   6.0,  76.0, 6.0  ,  0.0,  0.0,  0.0,  0.0,  0.0,    ,  36.0,    1.0,   0.0,   0.0,     0.0,     0.0, 0.0    ,     0.0,     0.0,     0.0,     0.0,     0.0,     1.0
davisro01, 2006,     1, SJS , NHL , D  , 22.0,  0.0,   2.0,   2.0,  27.0, -2.0 ,  0.0,  0.0,  0.0,  0.0,  0.0,    ,  14.0,       ,      ,      ,        ,        ,        ,        ,        ,        ,        ,        ,      
davisro01, 2007,     1, SJS , NHL , D  , 15.0,  0.0,   0.0,   0.0,  21.0, -3.0 ,  0.0,  0.0,  0.0,  0.0,  0.0,    ,  10.0,       ,      ,      ,        ,        ,        ,        ,        ,        ,        ,        ,      
davisro01, 2007,     2, NYI , NHL , D  , 19.0,  1.0,   1.0,   2.0,  32.0, -3.0 ,  0.0,  0.0,  1.0,  0.0,  0.0,    ,  22.0,       ,      ,      ,        ,        ,        ,        ,        ,        ,        ,        ,      
davisro01, 2008,     1, VAN , NHL , D  , 23.0,  0.0,   2.0,   2.0,  51.0, -4.0 ,  0.0,  0.0,  0.0,  0.0,  0.0,    ,  15.0,       ,      ,      ,        ,        ,        ,        ,        ,        ,        ,        ,      
davisro01, 2009,     1, NJD , NHL , D  ,  1.0,  0.0,   0.0,   0.0,   0.0, 0.0  ,  0.0,  0.0,  0.0,  0.0,  0.0,    ,   0.0,       ,      ,      ,        ,        ,        ,        ,        ,        ,        ,        ,      
davydev01, 1991,     1, WIN , NHL , L  , 12.0,  4.0,   3.0,   7.0,   8.0, 7.0  ,  2.0,  1.0,  0.0,  0.0,  0.0, 0.0,  32.0,    7.0,   2.0,   2.0,     4.0,     2.0, -4.0   ,     1.0,     0.0,     0.0,     0.0,     0.0,    15.0
davydev01, 1992,     1, WIN , NHL , R  , 79.0, 28.0,  21.0,  49.0,  66.0, -2.0 ,  7.0,  6.0,  0.0,  0.0,  2.0, 0.0, 176.0,    4.0,   0.0,   0.0,     0.0,     0.0, -1.0   ,     0.0,     0.0,     0.0,     0.0,     0.0,     3.0
davydev01, 1993,     1, FLO , NHL , R  , 21.0,  2.0,   6.0,   8.0,   8.0, -3.0 ,  1.0,  2.0,  0.0,  0.0,  0.0, 0.0,  22.0,       ,      ,      ,        ,        ,        ,        ,        ,        ,        ,        ,      
davydev01, 1993,     2, OTT , NHL , R  , 40.0,  5.0,   7.0,  12.0,  38.0, -6.0 ,  0.0,  0.0,  0.0,  0.0,  0.0, 1.0,  44.0,       ,      ,      ,        ,        ,        ,        ,        ,        ,        ,        ,      
davydev01, 1994,     1, OTT , NHL , R  ,  3.0,  1.0,   2.0,   3.0,   0.0, 2.0  ,  0.0,  0.0,  0.0,  0.0,  0.0, 0.0,   2.0,       ,      ,      ,        ,        ,        ,        ,        ,        ,        ,        ,      
daweja01 , 1993,     1, BUF , NHL , L  , 32.0,  6.0,   7.0,  13.0,  12.0, 1.0  ,  3.0,  2.0,  0.0,  0.0,  1.0, 0.0,  35.0,    6.0,   0.0,   1.0,     1.0,     6.0, 1.0    ,     0.0,     0.0,     0.0,     0.0,     0.0,     3.0
daweja01 , 1994,     1, BUF , NHL , L  , 42.0,  7.0,   4.0,  11.0,  19.0, -6.0 ,  0.0,  2.0,  1.0,  0.0,  2.0, 0.0,  51.0,    5.0,   2.0,   1.0,     3.0,     6.0, -2.0   ,     0.0,     0.0,     0.0,     0.0,     0.0,    10.0
daweja01 , 1995,     1, BUF , NHL , R  , 67.0, 25.0,  25.0,  50.0,  33.0, -8.0 ,  8.0,  7.0,  1.0,  0.0,  0.0, 2.0, 130.0,       ,      ,      ,        ,        ,        ,        ,        ,        ,        ,        ,      
daweja01 , 1996,     1, BUF , NHL , R  , 81.0, 22.0,  26.0,  48.0,  32.0, 14.0 ,  4.0,  8.0,  1.0,  1.0,  3.0, 0.0, 136.0,   11.0,   2.0,   1.0,     3.0,     6.0, -2.0   ,     0.0,     0.0,     0.0,     0.0,     0.0,    19.0
daweja01 , 1997,     1, BUF , NHL , R  , 68.0, 19.0,  17.0,  36.0,  36.0, 10.0 ,  4.0,  6.0,  1.0,  0.0,  3.0, 1.0, 115.0,       ,      ,      ,        ,        ,        ,        ,        ,        ,        ,        ,      
daweja01 , 1997,     2, NYI , NHL , R  , 13.0,  1.0,   2.0,   3.0,   6.0, -2.0 ,  0.0,  0.0,  0.0,  0.0,  0.0, 0.0,  19.0,       ,      ,      ,        ,        ,        ,        ,        ,        ,        ,        ,      
daweja01 , 1998,     1, NYI , NHL , R  , 22.0,  2.0,   3.0,   5.0,   8.0, 0.0  ,  0.0,  1.0,  0.0,  0.0,  0.0, 0.0,  29.0,       ,      ,      ,        ,        ,        ,        ,        ,        ,        ,        ,      
daweja01 , 1998,     2, MTL , NHL , R  , 37.0,  4.0,   5.0,   9.0,  14.0, 0.0  ,  1.0,  0.0,  0.0,  0.0,  1.0, 0.0,  52.0,       ,      ,      ,        ,        ,        ,        ,        ,        ,        ,        ,      
daweja01 , 1999,     1, NYR , NHL , R  ,  3.0,  0.0,   1.0,   1.0,   2.0, 0.0  ,  0.0,  0.0,  0.0,  0.0,  0.0, 0.0,   8.0,       ,      ,      ,        ,        ,        ,        ,        ,        ,        ,        ,      
daweja01 , 2001,     1, NYR , NHL , R  ,  1.0,  0.0,   0.0,   0.0,   0.0, -1.0 ,  0.0,  0.0,  0.0,  0.0,  0.0, 0.0,   1.0,       ,      ,      ,        ,        ,        ,        ,        ,        ,        ,        ,      
dawesbo01, 1946,     1, TOR , NHL , D  ,  1.0,  0.0,   0.0,   0.0,   0.0,      ,     ,     ,     ,     ,     ,    ,      ,       ,      ,      ,        ,        ,        ,        ,        ,        ,        ,        ,      
dawesbo01, 1948,     1, TOR , NHL , D  ,  5.0,  1.0,   0.0,   1.0,   0.0,      ,     ,     ,     ,     ,     ,    ,      ,    9.0,   0.0,   0.0,     0.0,     2.0,        ,        ,        ,        ,        ,        ,      
dawesbo01, 1949,     1, TOR , NHL , D  , 11.0,  1.0,   2.0,   3.0,   2.0,      ,     ,     ,     ,     ,     ,    ,      ,       ,      ,      ,        ,        ,        ,        ,        ,        ,        ,        ,      
dawesbo01, 1950,     1, MTL , NHL , D  , 15.0,  0.0,   5.0,   5.0,   4.0,      ,     ,     ,     ,     ,     ,    ,      ,    1.0,   0.0,   0.0,     0.0,     2.0,        ,        ,        ,        ,        ,        ,      
dawesni01, 2006,     1, NYR , NHL , L  ,  8.0,  1.0,   0.0,   1.0,   0.0, -4.0 ,  0.0,  0.0,  0.0,  0.0,  0.0,    ,   7.0,    1.0,   0.0,   0.0,     0.0,     0.0, -2.0   ,     0.0,     0.0,     0.0,     0.0,     0.0,     2.0
dawesni01, 2007,     1, NYR , NHL , L  , 61.0, 14.0,  15.0,  29.0,  10.0, 11.0 ,  3.0,  1.0,  0.0,  0.0,  4.0,    , 121.0,   10.0,   2.0,   2.0,     4.0,     0.0, 3.0    ,     0.0,     0.0,     0.0,     0.0,     0.0,    19.0
dawesni01, 2008,     1, NYR , NHL , L  , 52.0, 10.0,   9.0,  19.0,  15.0, -2.0 ,  3.0,  1.0,  0.0,  0.0,  4.0,    ,  96.0,       ,      ,      ,        ,        ,        ,        ,        ,        ,        ,        ,      
dawesni01, 2008,     2, PHO , NHL , L  , 12.0,  0.0,   2.0,   2.0,   0.0, -4.0 ,  0.0,  0.0,  0.0,  0.0,  0.0,    ,  19.0,       ,      ,      ,        ,        ,        ,        ,        ,        ,        ,        ,      
dawesni01, 2009,     1, CAL , NHL , L  , 66.0, 14.0,  18.0,  32.0,  18.0, 1.0  ,  4.0,  5.0,  0.0,  0.0,  2.0,    ,  96.0,       ,      ,      ,        ,        ,        ,        ,        ,        ,        ,        ,      
dawje01  , 2001,     1, COL , NHL , C  ,  1.0,  0.0,   1.0,   1.0,   0.0, 0.0  ,  0.0,  0.0,  0.0,  0.0,  0.0, 0.0,   2.0,       ,      ,      ,        ,        ,        ,        ,        ,        ,        ,        ,      
dayha01  , 1924,     1, TRS , NHL , L  , 26.0, 10.0,  12.0,  22.0,  33.0,      ,     ,     ,     ,     ,     ,    ,      ,    2.0,   0.0,   0.0,     0.0,     0.0,        ,        ,        ,        ,        ,        ,      
dayha01  , 1925,     1, TRS , NHL , L/D, 36.0, 14.0,   2.0,  16.0,  26.0,      ,     ,     ,     ,     ,     ,    ,      ,       ,      ,      ,        ,        ,        ,        ,        ,        ,        ,        ,      
dayha01  , 1926,     1, TRS , NHL , L/D, 44.0, 11.0,   5.0,  16.0,  50.0,      ,     ,     ,     ,     ,     ,    ,      ,       ,      ,      ,        ,        ,        ,        ,        ,        ,        ,        ,      
dayha01  , 1927,     1, TOR , NHL , L/D, 22.0,  9.0,   8.0,  17.0,  48.0,      ,     ,     ,     ,     ,     ,    ,      ,       ,      ,      ,        ,        ,        ,        ,        ,        ,        ,        ,      
dayha01  , 1928,     1, TOR , NHL , L/D, 44.0,  6.0,   6.0,  12.0,  84.0,      ,     ,     ,     ,     ,     ,    ,      ,    4.0,   1.0,   0.0,     1.0,     4.0,        ,        ,        ,        ,        ,        ,      
dayha01  , 1929,     1, TOR , NHL , L/D, 43.0,  7.0,  14.0,  21.0,  77.0,      ,     ,     ,     ,     ,     ,    ,      ,       ,      ,      ,        ,        ,        ,        ,        ,        ,        ,        ,      
dayha01  , 1930,     1, TOR , NHL , L/D, 44.0,  1.0,  13.0,  14.0,  56.0,      ,     ,     ,     ,     ,     ,    ,      ,    2.0,   0.0,   3.0,     3.0,     7.0,        ,        ,        ,        ,        ,        ,      
dayha01  , 1931,     1, TOR , NHL , L/D, 47.0,  7.0,   8.0,  15.0,  33.0,      ,     ,     ,     ,     ,     ,    ,      ,    7.0,   3.0,   3.0,     6.0,     6.0,        ,        ,        ,        ,        ,        ,      
dayha01  , 1932,     1, TOR , NHL , L/D, 47.0,  6.0,  14.0,  20.0,  46.0,      ,     ,     ,     ,     ,     ,    ,      ,    9.0,   0.0,   1.0,     1.0,    21.0,        ,        ,        ,        ,        ,        ,      
dayha01  , 1933,     1, TOR , NHL , L/D, 48.0,  9.0,  10.0,  19.0,  35.0,      ,     ,     ,     ,     ,     ,    ,      ,    5.0,   0.0,   0.0,     0.0,     6.0,        ,        ,        ,        ,        ,        ,      
dayha01  , 1934,     1, TOR , NHL , L/D, 45.0,  2.0,   4.0,   6.0,  38.0,      ,     ,     ,     ,     ,     ,    ,      ,    7.0,   0.0,   0.0,     0.0,     4.0,        ,        ,        ,        ,        ,        ,      
dayha01  , 1935,     1, TOR , NHL , L/D, 44.0,  1.0,  13.0,  14.0,  41.0,      ,     ,     ,     ,     ,     ,    ,      ,    9.0,   0.0,   0.0,     0.0,     8.0,        ,        ,        ,        ,        ,        ,      
dayha01  , 1936,     1, TOR , NHL , L/D, 48.0,  3.0,   4.0,   7.0,  20.0,      ,     ,     ,     ,     ,     ,    ,      ,    2.0,   0.0,   0.0,     0.0,     0.0,        ,        ,        ,        ,        ,        ,      
dayha01  , 1937,     1, NYA , NHL , D  , 43.0,  0.0,   3.0,   3.0,  14.0,      ,     ,     ,     ,     ,     ,    ,      ,    6.0,   0.0,   0.0,     0.0,     0.0,        ,        ,        ,        ,        ,        ,      
dayjo01  , 1991,     1, HAR , NHL , L  , 24.0,  0.0,   3.0,   3.0,  10.0, -2.0 ,  0.0,  0.0,  0.0,  1.0,  0.0, 0.0,  13.0,       ,      ,      ,        ,        ,        ,        ,        ,        ,        ,        ,      
dayjo01  , 1992,     1, HAR , NHL , L  , 24.0,  1.0,   7.0,   8.0,  47.0, -8.0 ,  0.0,  0.0,  0.0,  0.0,  0.0, 0.0,  10.0,       ,      ,      ,        ,        ,        ,        ,        ,        ,        ,        ,      
dayjo01  , 1993,     1, NYI , NHL , C  , 24.0,  0.0,   0.0,   0.0,  30.0, -7.0 ,  0.0,  0.0,  0.0,  0.0,  0.0, 0.0,  16.0,       ,      ,      ,        ,        ,        ,        ,        ,        ,        ,        ,      
dazeer01 , 1994,     1, CHI , NHL , L  ,  4.0,  1.0,   1.0,   2.0,   2.0, 2.0  ,  0.0,  0.0,  0.0,  0.0,  0.0, 0.0,   1.0,   16.0,   0.0,   1.0,     1.0,     4.0, -4.0   ,     0.0,     0.0,     0.0,     0.0,     0.0,    16.0
dazeer01 , 1995,     1, CHI , NHL , L  , 80.0, 30.0,  23.0,  53.0,  18.0, 16.0 ,  2.0,  4.0,  0.0,  0.0,  2.0, 0.0, 167.0,   10.0,   3.0,   5.0,     8.0,     0.0, 4.0    ,     0.0,     2.0,     0.0,     0.0,     1.0,    32.0
dazeer01 , 1996,     1, CHI , NHL , R  , 71.0, 22.0,  19.0,  41.0,  16.0, -4.0 , 11.0,  4.0,  0.0,  0.0,  4.0, 0.0, 176.0,    6.0,   2.0,   1.0,     3.0,     2.0, -1.0   ,     0.0,     0.0,     0.0,     0.0,     0.0,    15.0
dazeer01 , 1997,     1, CHI , NHL , R  , 80.0, 31.0,  11.0,  42.0,  22.0, 4.0  , 10.0,  2.0,  0.0,  0.0,  7.0, 1.0, 216.0,       ,      ,      ,        ,        ,        ,        ,        ,        ,        ,        ,      
dazeer01 , 1998,     1, CHI , NHL , L  , 72.0, 22.0,  20.0,  42.0,  22.0, -13.0,  8.0,  9.0,  0.0,  0.0,  2.0, 3.0, 189.0,       ,      ,      ,        ,        ,        ,        ,        ,        ,        ,        ,      
dazeer01 , 1999,     1, CHI , NHL , R  , 59.0, 23.0,  13.0,  36.0,  28.0, -16.0,  6.0,  5.0,  0.0,  1.0,  1.0, 1.0, 143.0,       ,      ,      ,        ,        ,        ,        ,        ,        ,        ,        ,      
dazeer01 , 2000,     1, CHI , NHL , L  , 79.0, 33.0,  24.0,  57.0,  16.0, 1.0  ,  9.0,  3.0,  1.0,  3.0,  8.0, 2.0, 205.0,       ,      ,      ,        ,        ,        ,        ,        ,        ,        ,        ,      
dazeer01 , 2001,     1, CHI , NHL , L  , 82.0, 38.0,  32.0,  70.0,  36.0, 17.0 , 12.0, 13.0,  0.0,  0.0,  5.0, 1.0, 264.0,    5.0,   0.0,   0.0,     0.0,     2.0, -2.0   ,     0.0,     0.0,     0.0,     0.0,     0.0,    13.0
dazeer01 , 2002,     1, CHI , NHL , L  , 54.0, 22.0,  22.0,  44.0,  14.0, 10.0 ,  3.0,  5.0,  0.0,  0.0,  5.0, 0.0, 170.0,       ,      ,      ,        ,        ,        ,        ,        ,        ,        ,        ,      
dazeer01 , 2003,     1, CHI , NHL , R  , 19.0,  4.0,   7.0,  11.0,   0.0, -7.0 ,  1.0,  3.0,  0.0,  0.0,  0.0, 0.0,  76.0,       ,      ,      ,        ,        ,        ,        ,        ,        ,        ,        ,      
dazeer01 , 2005,     1, CHI , NHL , L  ,  1.0,  0.0,   0.0,   0.0,   2.0, -2.0 ,  0.0,  0.0,  0.0,  0.0,  0.0,    ,   0.0,       ,      ,      ,        ,        ,        ,        ,        ,        ,        ,        ,      
deabi01  , 1953,     1, NYR , NHL , C  , 14.0,  1.0,   1.0,   2.0,   2.0,      ,     ,     ,     ,     ,     ,    ,      ,       ,      ,      ,        ,        ,        ,        ,        ,        ,        ,        ,      
deabi01  , 1956,     1, DET , NHL , R  , 69.0, 15.0,  15.0,  30.0,  14.0,      ,     ,     ,     ,     ,     ,    ,      ,    5.0,   2.0,   0.0,     2.0,     2.0,        ,        ,        ,        ,        ,        ,      
deabi01  , 1957,     1, DET , NHL , C  , 29.0,  4.0,   4.0,   8.0,   6.0,      ,     ,     ,     ,     ,     ,    ,      ,       ,      ,      ,        ,        ,        ,        ,        ,        ,        ,        ,      
deabi01  , 1957,     2, CHI , NHL , C  , 34.0,  5.0,   8.0,  13.0,   4.0,      ,     ,     ,     ,     ,     ,    ,      ,       ,      ,      ,        ,        ,        ,        ,        ,        ,        ,        ,      
deabi01  , 1966,     1, CHI , NHL , L  ,     ,     ,      ,      ,      ,      ,     ,     ,     ,     ,     ,    ,      ,    2.0,   0.0,   0.0,     0.0,     2.0,        ,        ,        ,        ,        ,     0.0,      
deabi01  , 1967,     1, PIT , NHL , L  , 73.0, 16.0,  12.0,  28.0,   6.0, -15.0,  1.0,     ,  0.0,     ,  3.0, 1.0, 137.0,       ,      ,      ,        ,        ,        ,        ,        ,        ,        ,        ,      
deabi01  , 1968,     1, PIT , NHL , L  , 66.0, 10.0,   8.0,  18.0,   4.0, -32.0,  2.0,     ,  0.0,     ,  1.0, 0.0, 111.0,       ,      ,      ,        ,        ,        ,        ,        ,        ,        ,        ,      
deabi01  , 1969,     1, DET , NHL , C  , 70.0, 10.0,   3.0,  13.0,   6.0, 3.0  ,  0.0,     ,  0.0,     ,  3.0, 1.0,  63.0,    4.0,   0.0,   1.0,     1.0,     2.0,        ,     0.0,        ,     0.0,        ,     0.0,      
deabi01  , 1970,     1, DET , NHL , C  , 42.0,  6.0,   3.0,   9.0,   2.0, -5.0 ,  1.0,     ,  0.0,     ,  0.0, 0.0,  30.0,       ,      ,      ,        ,        ,        ,        ,        ,        ,        ,        ,      
deacodo01, 1936,     1, DET , NHL , C  ,  4.0,  0.0,   0.0,   0.0,   2.0,      ,     ,     ,     ,     ,     ,    ,      ,       ,      ,      ,        ,        ,        ,        ,        ,        ,        ,        ,      
deacodo01, 1938,     1, DET , NHL , L  ,  8.0,  1.0,   3.0,   4.0,   2.0,      ,     ,     ,     ,     ,     ,    ,      ,    2.0,   2.0,   1.0,     3.0,     0.0,        ,        ,        ,        ,        ,        ,      
deacodo01, 1939,     1, DET , NHL , L  , 18.0,  5.0,   1.0,   6.0,   2.0,      ,     ,     ,     ,     ,     ,    ,      ,       ,      ,      ,        ,        ,        ,        ,        ,        ,        ,        ,      
deadmad01, 1994,     1, QUE , NHL , R  , 48.0,  9.0,   8.0,  17.0,  56.0, 16.0 ,  0.0,  0.0,  0.0,  0.0,  0.0, 1.0,  48.0,    6.0,   0.0,   1.0,     1.0,     0.0, -3.0   ,     0.0,     0.0,     0.0,     0.0,     0.0,     6.0
deadmad01, 1995,     1, COL , NHL , R  , 78.0, 21.0,  27.0,  48.0, 142.0, 20.0 ,  3.0,  5.0,  0.0,  0.0,  2.0, 0.0, 151.0,   22.0,   5.0,  12.0,    17.0,    25.0, 8.0    ,     1.0,     5.0,     0.0,     0.0,     0.0,    40.0
deadmad01, 1996,     1, COL , NHL , R  , 78.0, 33.0,  27.0,  60.0, 136.0, 8.0  , 10.0, 14.0,  3.0,  1.0,  4.0, 0.0, 198.0,   17.0,   3.0,   6.0,     9.0,    24.0, -6.0   ,     1.0,     1.0,     0.0,     0.0,     1.0,    39.0
deadmad01, 1997,     1, COL , NHL , R  , 73.0, 22.0,  21.0,  43.0, 125.0, 0.0  , 10.0,  6.0,  0.0,  2.0,  6.0, 3.0, 187.0,    7.0,   2.0,   0.0,     2.0,     4.0, -1.0   ,     1.0,     0.0,     0.0,     0.0,     0.0,    14.0
deadmad01, 1998,     1, COL , NHL , R  , 66.0, 22.0,  27.0,  49.0,  99.0, -2.0 , 10.0, 10.0,  0.0,  1.0,  3.0, 1.0, 152.0,   19.0,   8.0,   4.0,    12.0,    20.0, 2.0    ,     3.0,     1.0,     0.0,     1.0,     0.0,    44.0
deadmad01, 1999,     1, COL , NHL , R  , 71.0, 18.0,  27.0,  45.0, 106.0, -10.0,  5.0, 14.0,  0.0,  1.0,  4.0, 0.0, 153.0,   17.0,   4.0,  11.0,    15.0,    21.0, 7.0    ,     1.0,     4.0,     0.0,     0.0,     1.0,    41.0
deadmad01, 2000,     1, COL , NHL , R  , 39.0, 13.0,  13.0,  26.0,  59.0, -2.0 ,  7.0,  7.0,  0.0,  0.0,  2.0, 1.0,  86.0,       ,      ,      ,        ,        ,        ,        ,        ,        ,        ,        ,      
deadmad01, 2000,     2, LAK , NHL , R  , 18.0,  4.0,   2.0,   6.0,   4.0, 3.0  ,  0.0,  0.0,  0.0,  0.0,  0.0, 0.0,  40.0,   13.0,   3.0,   3.0,     6.0,     4.0, 0.0    ,     0.0,     1.0,     0.0,     0.0,     2.0,    20.0
deadmad01, 2001,     1, LAK , NHL , L  , 76.0, 29.0,  33.0,  62.0,  71.0, 8.0  , 12.0, 11.0,  0.0,  0.0,  5.0, 0.0, 139.0,    4.0,   1.0,   3.0,     4.0,     2.0, 0.0    ,     0.0,     0.0,     0.0,     0.0,     0.0,     9.0
deadmad01, 2002,     1, LAK , NHL , L  , 20.0, 13.0,   4.0,  17.0,  21.0, 2.0  ,  4.0,  1.0,  0.0,  0.0,  1.0, 0.0,  55.0,       ,      ,      ,        ,        ,        ,        ,        ,        ,        ,        ,      
deadmbu01, 1970,     1, BUF , NHL , L  , 10.0,  0.0,   0.0,   0.0,   9.0, -3.0 ,  0.0,     ,  0.0,     ,  0.0, 0.0,   7.0,       ,      ,      ,        ,        ,        ,        ,        ,        ,        ,        ,      
deadmbu01, 1971,     1, BUF , NHL , L  , 12.0,  1.0,   1.0,   2.0,   4.0, -10.0,  0.0,     ,  0.0,     ,  0.0, 0.0,  10.0,       ,      ,      ,        ,        ,        ,        ,        ,        ,        ,        ,      
deadmbu01, 1972,     1, BUF , NHL , L  , 34.0,  1.0,   1.0,   2.0,  26.0, -3.0 ,  1.0,     ,  0.0,     ,  0.0, 0.0,  15.0,       ,      ,      ,        ,        ,        ,        ,        ,        ,        ,        ,      
deadmbu01, 1972,     2, ATF , NHL , L  , 19.0,  1.0,   0.0,   1.0,   8.0, -4.0 ,  0.0,     ,  0.0,     ,  0.0, 0.0,  19.0,       ,      ,      ,        ,        ,        ,        ,        ,        ,        ,        ,      
deadmbu01, 1973,     1, ATF , NHL , L  , 42.0,  6.0,   1.0,   7.0,  89.0, 1.0  ,  0.0,     ,  0.0,     ,  1.0, 1.0,  49.0,    4.0,   0.0,   0.0,     0.0,    17.0,        ,     0.0,        ,     0.0,        ,     0.0,      
deadmbu01, 1974,     1, KCS , NHL , L  , 20.0,  3.0,   2.0,   5.0,  19.0, -5.0 ,  1.0,     ,  0.0,     ,  1.0, 0.0,  32.0,       ,      ,      ,        ,        ,        ,        ,        ,        ,        ,        ,      
deadmbu01, 1974,     2, VAB , WHA , L  , 38.0,  7.0,   8.0,  15.0, 128.0, -4.0 ,  1.0,     ,  0.0,     ,     ,    ,  44.0,       ,      ,      ,        ,        ,        ,        ,        ,        ,        ,        ,      
deadmbu01, 1975,     1, CAC , WHA , L  , 79.0, 26.0,  28.0,  54.0, 196.0, 5.0  ,  5.0,     ,  2.0,     ,  4.0,    , 215.0,    8.0,   0.0,   1.0,     1.0,    14.0, -1.0   ,        ,        ,        ,        ,        ,      
deadmbu01, 1976,     1, MF2 , WHA , L  , 35.0,  9.0,   4.0,  13.0,  51.0, -5.0 ,  2.0,     ,  0.0,     ,     ,    ,  82.0,       ,      ,      ,        ,        ,        ,        ,        ,        ,        ,        ,      
deadmbu01, 1976,     2, CAC , WHA , L  , 38.0, 13.0,  17.0,  30.0,  77.0, -5.0 ,  3.0,     ,  0.0,     ,     ,    ,  79.0,       ,      ,      ,        ,        ,        ,        ,        ,        ,        ,        ,      
deadmbu01, 1977,     1, EDO , WHA , L  , 20.0,  1.0,   3.0,   4.0,  32.0, -1.0 ,  0.0,     ,  0.0,     ,     ,    ,  27.0,       ,      ,      ,        ,        ,        ,        ,        ,        ,        ,        ,      
deadmbu01, 1977,     2, CIN , WHA , L  , 45.0,  7.0,   6.0,  13.0,  86.0, 6.0  ,  0.0,     ,  0.0,     ,     ,    ,  71.0,       ,      ,      ,        ,        ,        ,        ,        ,        ,        ,        ,      
deaho01  , 1921,     1, EDE , WCHL, L  , 11.0,  2.0,   0.0,   2.0,   0.0,      ,     ,     ,     ,     ,     ,    ,      ,       ,      ,      ,        ,        ,        ,        ,        ,        ,        ,        ,      
deaho01  , 1921,     2, CAT , WCHL, L  , 11.0,  3.0,   1.0,   4.0,   2.0,      ,     ,     ,     ,     ,     ,    ,      ,    2.0,   0.0,   0.0,     0.0,     2.0,        ,        ,        ,        ,        ,        ,      
deaho01  , 1922,     1, CAT , WCHL, L  ,  6.0,  0.0,   2.0,   2.0,   4.0,      ,     ,     ,     ,     ,     ,    ,      ,       ,      ,      ,        ,        ,        ,        ,        ,        ,        ,        ,      
deaho01  , 1923,     1, CAT , WCHL, L  ,  4.0,  0.0,   0.0,   0.0,   0.0,      ,     ,     ,     ,     ,     ,    ,      ,       ,      ,      ,        ,        ,        ,        ,        ,        ,        ,        ,      
deanba01 , 1975,     1, PHR , WHA , L  , 71.0,  9.0,  25.0,  34.0, 110.0, 17.0 ,  1.0,     ,  0.0,     ,  4.0,    , 126.0,       ,      ,      ,        ,        ,        ,        ,        ,        ,        ,        ,      
deanba01 , 1976,     1, COR , NHL , L  , 79.0, 14.0,  25.0,  39.0,  92.0, -26.0,  2.0,     ,  0.0,     ,  0.0, 1.0, 130.0,       ,      ,      ,        ,        ,        ,        ,        ,        ,        ,        ,      
deanba01 , 1977,     1, PHI , NHL , L  , 56.0,  7.0,  18.0,  25.0,  34.0, 12.0 ,  0.0,     ,  0.0,     ,  2.0, 0.0,  76.0,       ,      ,      ,        ,        ,        ,        ,        ,        ,        ,        ,      
deanba01 , 1978,     1, PHI , NHL , L  , 30.0,  4.0,  13.0,  17.0,  20.0, -1.0 ,  0.0,     ,  0.0,     ,  1.0, 2.0,  52.0,       ,      ,      ,        ,        ,        ,        ,        ,        ,        ,        ,      
deanke01 , 1994,     1, NJD , NHL , D  , 17.0,  0.0,   1.0,   1.0,   4.0, 6.0  ,  0.0,  0.0,  0.0,  0.0,  0.0, 0.0,  11.0,    3.0,   0.0,   2.0,     2.0,     0.0, 0.0    ,     0.0,     2.0,     0.0,     0.0,     0.0,     4.0
deanke01 , 1995,     1, NJD , NHL , D  , 41.0,  0.0,   6.0,   6.0,  28.0, 4.0  ,  0.0,  2.0,  0.0,  0.0,  0.0, 0.0,  29.0,       ,      ,      ,        ,        ,        ,        ,        ,        ,        ,        ,      
deanke01 , 1996,     1, NJD , NHL , D  , 28.0,  2.0,   4.0,   6.0,   6.0, 2.0  ,  0.0,  1.0,  0.0,  0.0,  0.0, 0.0,  21.0,    1.0,   1.0,   0.0,     1.0,     0.0, 1.0    ,     0.0,     0.0,     0.0,     0.0,     1.0,     3.0
deanke01 , 1997,     1, NJD , NHL , D  , 50.0,  1.0,   8.0,   9.0,  12.0, 12.0 ,  1.0,  1.0,  0.0,  1.0,  0.0, 0.0,  28.0,    5.0,   1.0,   0.0,     1.0,     2.0, -1.0   ,     0.0,     0.0,     0.0,     0.0,     0.0,     4.0
deanke01 , 1998,     1, NJD , NHL , D  , 62.0,  1.0,  10.0,  11.0,  22.0, 4.0  ,  1.0,  1.0,  0.0,  0.0,  0.0, 0.0,  51.0,    7.0,   0.0,   0.0,     0.0,     0.0, -4.0   ,     0.0,     0.0,     0.0,     0.0,     0.0,     7.0
deanke01 , 1999,     1, ATL , NHL , D  , 23.0,  1.0,   0.0,   1.0,  14.0, -5.0 ,  0.0,  0.0,  1.0,  0.0,  0.0, 0.0,   9.0,       ,      ,      ,        ,        ,        ,        ,        ,        ,        ,        ,      
deanke01 , 1999,     2, DAL , NHL , D  , 14.0,  0.0,   0.0,   0.0,  10.0, -1.0 ,  0.0,  0.0,  0.0,  0.0,  0.0, 0.0,   6.0,       ,      ,      ,        ,        ,        ,        ,        ,        ,        ,        ,      
deanke01 , 1999,     3, CHI , NHL , D  , 27.0,  2.0,   8.0,  10.0,  12.0, 9.0  ,  0.0,  1.0,  0.0,  0.0,  0.0, 0.0,  32.0,       ,      ,      ,        ,        ,        ,        ,        ,        ,        ,        ,      
deanke01 , 2000,     1, CHI , NHL , D  , 69.0,  0.0,  11.0,  11.0,  30.0, -16.0,  0.0,  0.0,  0.0,  2.0,  0.0, 0.0,  75.0,       ,      ,      ,        ,        ,        ,        ,        ,        ,        ,        ,      
debenne01, 1973,     1, DET , NHL , L  , 15.0,  4.0,   1.0,   5.0,   2.0, 1.0  ,  0.0,     ,  0.0,     ,  0.0, 0.0,  13.0,       ,      ,      ,        ,        ,        ,        ,        ,        ,        ,        ,      
debenne01, 1974,     1, PIT , NHL , L  , 31.0,  6.0,   3.0,   9.0,  11.0, -3.0 ,  1.0,     ,  0.0,     ,  0.0, 0.0,  28.0,       ,      ,      ,        ,        ,        ,        ,        ,        ,        ,        ,      
deblolu01, 1977,     1, NYR , NHL , R  , 71.0, 22.0,   8.0,  30.0,  27.0, -11.0,  1.0,     ,  0.0,     ,  3.0, 2.0, 111.0,    3.0,   0.0,   0.0,     0.0,     2.0,        ,     0.0,        ,     0.0,        ,     0.0,      
deblolu01, 1978,     1, NYR , NHL , R  , 62.0, 11.0,  17.0,  28.0,  26.0, -10.0,  0.0,     ,  0.0,     ,  1.0, 1.0, 106.0,    9.0,   2.0,   0.0,     2.0,     4.0,        ,     1.0,        ,     0.0,        ,     0.0,      
deblolu01, 1979,     1, NYR , NHL , L  ,  6.0,  3.0,   1.0,   4.0,   7.0, -1.0 ,  0.0,     ,  0.0,     ,  0.0, 0.0,  16.0,       ,      ,      ,        ,        ,        ,        ,        ,        ,        ,        ,      
deblolu01, 1979,     2, COR , NHL , R  , 70.0, 24.0,  19.0,  43.0,  36.0, -18.0,  4.0,     ,  0.0,     ,  1.0, 0.0, 151.0,       ,      ,      ,        ,        ,        ,        ,        ,        ,        ,        ,      
deblolu01, 1980,     1, COR , NHL , R  , 74.0, 26.0,  16.0,  42.0,  78.0, -42.0,  9.0,     ,  1.0,     ,  2.0, 3.0, 183.0,       ,      ,      ,        ,        ,        ,        ,        ,        ,        ,        ,      
deblolu01, 1981,     1, WIN , NHL , R  , 65.0, 25.0,  27.0,  52.0,  87.0, -10.0,  1.0,     ,  1.0,     ,  2.0, 2.0, 149.0,    4.0,   2.0,   1.0,     3.0,     4.0,        ,     0.0,        ,     0.0,        ,     0.0,      
deblolu01, 1982,     1, WIN , NHL , R  , 79.0, 27.0,  27.0,  54.0,  69.0, -25.0,  1.0,     ,  3.0,     ,  7.0, 1.0, 183.0,    3.0,   0.0,   0.0,     0.0,     5.0,        ,     0.0,        ,     0.0,        ,     0.0,      
deblolu01, 1983,     1, WIN , NHL , R  , 80.0, 34.0,  45.0,  79.0,  50.0, -15.0,  8.0,     ,  1.0,     ,  2.0, 0.0, 195.0,    3.0,   0.0,   1.0,     1.0,     4.0, -10.0  ,     0.0,        ,     0.0,        ,     0.0,     6.0
deblolu01, 1984,     1, MTL , NHL , R  , 51.0, 12.0,  11.0,  23.0,  20.0, 9.0  ,  4.0,     ,  1.0,     ,  2.0, 0.0,  85.0,    8.0,   2.0,   4.0,     6.0,     4.0, 2.0    ,     1.0,        ,     0.0,        ,     0.0,    12.0
deblolu01, 1985,     1, MTL , NHL , R  , 61.0, 14.0,  17.0,  31.0,  48.0, 3.0  ,  2.0,     ,  0.0,     ,  1.0, 0.0, 102.0,   11.0,   0.0,   0.0,     0.0,     7.0, -4.0   ,     0.0,        ,     0.0,        ,     0.0,    11.0
deblolu01, 1986,     1, NYR , NHL , R  , 40.0,  3.0,   8.0,  11.0,  27.0, -7.0 ,  1.0,     ,  0.0,     ,  0.0, 1.0,  45.0,    2.0,   0.0,   0.0,     0.0,     2.0, -1.0   ,     0.0,        ,     0.0,        ,     0.0,     2.0
deblolu01, 1987,     1, NYR , NHL , C  , 74.0,  9.0,  21.0,  30.0, 103.0, -3.0 ,  2.0,  3.0,  0.0,  0.0,  0.0, 0.0,  99.0,       ,      ,      ,        ,        ,        ,        ,        ,        ,        ,        ,      
deblolu01, 1988,     1, NYR , NHL , C  , 73.0,  9.0,  24.0,  33.0, 107.0, -6.0 ,  0.0,  0.0,  0.0,  1.0,  2.0, 0.0, 117.0,    4.0,   0.0,   0.0,     0.0,     4.0, -1.0   ,     0.0,     0.0,     0.0,     0.0,     0.0,     4.0
deblolu01, 1989,     1, QUE , NHL , L  , 70.0,  9.0,   8.0,  17.0,  45.0, -29.0,  1.0,  0.0,  0.0,  1.0,  1.0, 1.0,  83.0,       ,      ,      ,        ,        ,        ,        ,        ,        ,        ,        ,      
deblolu01, 1990,     1, QUE , NHL , R  , 14.0,  2.0,   2.0,   4.0,  13.0, 1.0  ,  0.0,  0.0,  0.0,     ,  1.0, 0.0,   8.0,       ,      ,      ,        ,        ,        ,        ,        ,        ,        ,        ,      
deblolu01, 1990,     2, TOR , NHL , R  , 38.0, 10.0,  12.0,  22.0,  30.0, -4.0 ,  0.0,  0.0,  1.0,     ,  0.0, 0.0,  57.0,       ,      ,      ,        ,        ,        ,        ,        ,        ,        ,        ,      
deblolu01, 1991,     1, TOR , NHL , L  , 54.0,  8.0,  11.0,  19.0,  39.0, -3.0 ,  0.0,  0.0,  1.0,  1.0,  1.0, 0.0,  75.0,       ,      ,      ,        ,        ,        ,        ,        ,        ,        ,        ,      
deblolu01, 1991,     2, WIN , NHL , L  , 11.0,  1.0,   2.0,   3.0,   2.0, 1.0  ,  0.0,  0.0,  0.0,  0.0,  1.0, 0.0,  15.0,    5.0,   1.0,   0.0,     1.0,     2.0, -4.0   ,     0.0,     0.0,     0.0,     0.0,     1.0,     8.0
debolda01, 1977,     1, CIN , WHA , C  ,  9.0,  3.0,   2.0,   5.0,   2.0, 2.0  ,  0.0,     ,  0.0,     ,     ,    ,  15.0,       ,      ,      ,        ,        ,        ,        ,        ,        ,        ,        ,      
debolda01, 1978,     1, CIN , WHA , C  , 59.0, 10.0,  27.0,  37.0,   9.0, -22.0,  2.0,     ,  0.0,     ,     ,    , 141.0,       ,      ,      ,        ,        ,        ,        ,        ,        ,        ,        ,      
debolda01, 1979,     1, HAR , NHL , C  , 48.0, 12.0,  14.0,  26.0,   4.0, -5.0 ,  0.0,     ,  0.0,     ,  1.0, 0.0,  96.0,    3.0,   0.0,   0.0,     0.0,     0.0,        ,     0.0,        ,     0.0,        ,     0.0,      
debolda01, 1980,     1, HAR , NHL , C  , 44.0, 14.0,  12.0,  26.0,   0.0, -12.0,  2.0,     ,  0.0,     ,  0.0, 1.0,  70.0,       ,      ,      ,        ,        ,        ,        ,        ,        ,        ,        ,      
debrulo01, 1991,     1, EDM , NHL , L  , 25.0,  2.0,   1.0,   3.0, 124.0, 4.0  ,  0.0,  0.0,  0.0,  0.0,  1.0, 0.0,   7.0,       ,      ,      ,        ,        ,        ,        ,        ,        ,        ,        ,      
debrulo01, 1992,     1, EDM , NHL , L  , 51.0,  8.0,   2.0,  10.0, 205.0, -16.0,  0.0,  1.0,  0.0,  0.0,  1.0, 0.0,  33.0,       ,      ,      ,        ,        ,        ,        ,        ,        ,        ,        ,      
debrulo01, 1993,     1, EDM , NHL , L  , 48.0,  4.0,   6.0,  10.0, 185.0, -9.0 ,  0.0,  0.0,  0.0,  0.0,  0.0, 0.0,  27.0,       ,      ,      ,        ,        ,        ,        ,        ,        ,        ,        ,      
debrulo01, 1994,     1, EDM , NHL , L  , 34.0,  2.0,   0.0,   2.0,  93.0, -4.0 ,  0.0,  0.0,  0.0,  0.0,  0.0, 0.0,  14.0,       ,      ,      ,        ,        ,        ,        ,        ,        ,        ,        ,      
debrulo01, 1995,     1, EDM , NHL , L  , 38.0,  1.0,   3.0,   4.0,  96.0, -7.0 ,  0.0,  0.0,  0.0,  0.0,  0.0, 0.0,  17.0,       ,      ,      ,        ,        ,        ,        ,        ,        ,        ,        ,      
debrulo01, 1996,     1, EDM , NHL , L  , 32.0,  2.0,   0.0,   2.0,  94.0, -6.0 ,  0.0,  0.0,  0.0,  0.0,  0.0, 0.0,  10.0,    6.0,   0.0,   0.0,     0.0,     4.0, 0.0    ,     0.0,     0.0,     0.0,     0.0,     0.0,     1.0
debrulo01, 1997,     1, TBL , NHL , L  , 54.0,  1.0,   2.0,   3.0, 166.0, -2.0 ,  0.0,  0.0,  0.0,  0.0,  0.0, 0.0,  14.0,       ,      ,      ,        ,        ,        ,        ,        ,        ,        ,        ,      
debrulo01, 1998,     1, PHO , NHL , L  , 15.0,  0.0,   0.0,   0.0,  34.0, -2.0 ,  0.0,  0.0,  0.0,  0.0,  0.0, 0.0,   6.0,    6.0,   2.0,   0.0,     2.0,     6.0, -1.0   ,     0.0,     0.0,     0.0,     0.0,     0.0,     5.0
debrulo01, 1999,     1, PHO , NHL , L  , 61.0,  4.0,   3.0,   7.0,  78.0, 1.0  ,  0.0,  0.0,  0.0,  0.0,  0.0, 0.0,  24.0,    3.0,   0.0,   0.0,     0.0,     0.0, 0.0    ,     0.0,     0.0,     0.0,     0.0,     0.0,     0.0
debrulo01, 2000,     1, PHO , NHL , R  , 39.0,  0.0,   0.0,   0.0,  79.0, -5.0 ,  0.0,  0.0,  0.0,  0.0,  0.0, 0.0,  12.0,       ,      ,      ,        ,        ,        ,        ,        ,        ,        ,        ,      
debrulo01, 2002,     1, CHI , NHL , L  ,  4.0,  0.0,   0.0,   0.0,   7.0, 0.0  ,  0.0,  0.0,  0.0,  0.0,  0.0, 0.0,   0.0,       ,      ,      ,        ,        ,        ,        ,        ,        ,        ,        ,      
decared01, 1909,     1, LES , NHA ,    , 12.0,  5.0,   0.0,   5.0,  42.0,      ,     ,     ,     ,     ,     ,    ,      ,       ,      ,      ,        ,        ,        ,        ,        ,        ,        ,        ,      
decoubo01, 1947,     1, NYR , NHL , G  ,  1.0,  0.0,   0.0,   0.0,   0.0,      ,     ,     ,     ,     ,     ,    ,      ,       ,      ,      ,        ,        ,        ,        ,        ,        ,        ,        ,      
defaubr01, 2002,     1, CAR , NHL , L  ,  9.0,  3.0,   0.0,   3.0,   2.0, -2.0 ,  1.0,  0.0,  0.0,  0.0,  1.0, 0.0,  19.0,       ,      ,      ,        ,        ,        ,        ,        ,        ,        ,        ,      
defazde01, 1983,     1, PIT , NHL , L  , 22.0,  0.0,   2.0,   2.0,  28.0, -11.0,  0.0,     ,  0.0,     ,  0.0, 0.0,  12.0,       ,      ,      ,        ,        ,        ,        ,        ,        ,        ,        ,      
defelno01, 1956,     1, BOS , NHL , G  , 10.0,  0.0,   0.0,   0.0,   2.0,      ,     ,     ,     ,     ,     ,    ,      ,       ,      ,      ,        ,        ,        ,        ,        ,        ,        ,        ,      
degrada01, 1985,     1, CAL , NHL , D  ,  1.0,  0.0,   0.0,   0.0,   0.0, -1.0 ,  0.0,     ,  0.0,     ,  0.0, 0.0,   1.0,       ,      ,      ,        ,        ,        ,        ,        ,        ,        ,        ,      
degrada01, 1986,     1, CAL , NHL , D  , 27.0,  6.0,   7.0,  13.0,  29.0, -3.0 ,  0.0,     ,  0.0,     ,  1.0, 0.0,  57.0,       ,      ,      ,        ,        ,        ,        ,        ,        ,        ,        ,      
degrada01, 1987,     1, TOR , NHL , D  , 56.0,  6.0,  18.0,  24.0,  63.0, 4.0  ,  1.0, 10.0,  0.0,  2.0,  1.0, 0.0, 122.0,    5.0,   0.0,   1.0,     1.0,    16.0, -3.0   ,     0.0,     0.0,     0.0,     1.0,     0.0,    11.0
degrada01, 1988,     1, LAK , NHL , D  , 63.0,  6.0,  22.0,  28.0,  97.0, 3.0  ,  0.0,  8.0,  0.0,  0.0,  1.0, 0.0,  87.0,    8.0,   1.0,   2.0,     3.0,    12.0, -2.0   ,     1.0,     0.0,     0.0,     0.0,     0.0,    10.0
degrada01, 1989,     1, BUF , NHL , D  ,  6.0,  0.0,   0.0,   0.0,   6.0, -4.0 ,  0.0,  0.0,  0.0,  0.0,  0.0, 0.0,   5.0,       ,      ,      ,        ,        ,        ,        ,        ,        ,        ,        ,      
deguimi01, 1973,     1, QUN , WHA , G  , 32.0,  0.0,   1.0,   1.0,   0.0,      ,  0.0,     ,  0.0,     ,  0.0,    ,      ,       ,      ,      ,        ,        ,        ,        ,        ,        ,        ,        ,      
deguimi01, 1975,     1, QUN , WHA , G  , 18.0,  0.0,   1.0,   1.0,   0.0, 0.0  ,  0.0,     ,  0.0,     ,  0.0,    ,   0.0,       ,      ,      ,        ,        ,        ,        ,        ,        ,        ,        ,      
dejorde01, 1962,     1, CHI , NHL , G  ,  5.0,  0.0,   0.0,   0.0,   0.0,      ,     ,     ,     ,     ,     ,    ,      ,       ,      ,      ,        ,        ,        ,        ,        ,        ,        ,        ,      
dejorde01, 1963,     1, CHI , NHL , G  ,  6.0,  0.0,   0.0,   0.0,   0.0,      ,  0.0,     ,  0.0,     ,  0.0, 0.0,      ,    1.0,   0.0,   0.0,     0.0,     0.0,        ,        ,        ,        ,        ,     0.0,      
dejorde01, 1964,     1, CHI , NHL , G  , 30.0,  0.0,   1.0,   1.0,   0.0,      ,  0.0,     ,  0.0,     ,  0.0, 0.0,      ,    2.0,   0.0,   0.0,     0.0,     0.0,        ,        ,        ,        ,        ,     0.0,      
dejorde01, 1966,     1, CHI , NHL , G  , 44.0,  0.0,   0.0,   0.0,   0.0,      ,  0.0,     ,  0.0,     ,  0.0, 0.0,      ,    4.0,   0.0,   0.0,     0.0,     0.0,        ,        ,        ,        ,        ,     0.0,      
dejorde01, 1967,     1, CHI , NHL , G  , 50.0,  0.0,   0.0,   0.0,   0.0, 0.0  ,  0.0,     ,  0.0,     ,  0.0, 0.0,   0.0,   11.0,   0.0,   0.0,     0.0,     0.0,        ,     0.0,        ,     0.0,        ,     0.0,      
dejorde01, 1968,     1, CHI , NHL , G  , 53.0,  0.0,   1.0,   1.0,   2.0, 0.0  ,  0.0,     ,  0.0,     ,  0.0, 0.0,   0.0,       ,      ,      ,        ,        ,        ,        ,        ,        ,        ,        ,      
dejorde01, 1969,     1, CHI , NHL , G  , 10.0,  0.0,   0.0,   0.0,   0.0, 0.0  ,  0.0,     ,  0.0,     ,  0.0, 0.0,   0.0,       ,      ,      ,        ,        ,        ,        ,        ,        ,        ,        ,      
dejorde01, 1969,     2, LAK , NHL , G  , 21.0,  0.0,   0.0,   0.0,   0.0, 0.0  ,  0.0,     ,  0.0,     ,  0.0, 0.0,   0.0,       ,      ,      ,        ,        ,        ,        ,        ,        ,        ,        ,      
dejorde01, 1970,     1, LAK , NHL , G  , 60.0,  0.0,   0.0,   0.0,   0.0, 0.0  ,  0.0,     ,  0.0,     ,  0.0, 0.0,   0.0,       ,      ,      ,        ,        ,        ,        ,        ,        ,        ,        ,      
dejorde01, 1971,     1, LAK , NHL , G  ,  5.0,  0.0,   0.0,   0.0,   0.0, 0.0  ,  0.0,     ,  0.0,     ,  0.0, 0.0,   0.0,       ,      ,      ,        ,        ,        ,        ,        ,        ,        ,        ,      
dejorde01, 1971,     2, MTL , NHL , G  ,  7.0,  0.0,   1.0,   1.0,   0.0, 0.0  ,  0.0,     ,  0.0,     ,  0.0, 0.0,   0.0,       ,      ,      ,        ,        ,        ,        ,        ,        ,        ,        ,      
dejorde01, 1972,     1, DET , NHL , G  , 24.0,  0.0,   0.0,   0.0,   0.0, 0.0  ,  0.0,     ,  0.0,     ,  0.0, 0.0,   0.0,       ,      ,      ,        ,        ,        ,        ,        ,        ,        ,        ,      
dejorde01, 1973,     1, DET , NHL , G  ,  1.0,  0.0,   0.0,   0.0,   0.0, 0.0  ,  0.0,     ,  0.0,     ,  0.0, 0.0,   0.0,       ,      ,      ,        ,        ,        ,        ,        ,        ,        ,        ,      
delguma01, 1990,     1, BOS , NHL , G  ,  1.0,  0.0,   0.0,   0.0,   0.0, 0.0  ,  0.0,  0.0,  0.0,  0.0,  0.0, 0.0,   0.0,       ,      ,      ,        ,        ,        ,        ,        ,        ,        ,        ,      
delguma01, 1991,     1, BOS , NHL , G  , 10.0,  0.0,   0.0,   0.0,   2.0, 0.0  ,  0.0,  0.0,  0.0,  0.0,  0.0, 0.0,   0.0,       ,      ,      ,        ,        ,        ,        ,        ,        ,        ,        ,      
delisjo01, 1998,     1, MTL , NHL , R  ,  1.0,  0.0,   0.0,   0.0,   0.0, 0.0  ,  0.0,  0.0,  0.0,  0.0,  0.0, 0.0,   0.0,       ,      ,      ,        ,        ,        ,        ,        ,        ,        ,        ,      
delisxa01, 1998,     1, TBL , NHL , C  ,  2.0,  0.0,   0.0,   0.0,   0.0, 0.0  ,  0.0,  0.0,  0.0,  0.0,  0.0, 0.0,   1.0,       ,      ,      ,        ,        ,        ,        ,        ,        ,        ,        ,      
delisxa01, 2000,     1, MTL , NHL , C  , 14.0,  3.0,   2.0,   5.0,   6.0, -5.0 ,  1.0,  2.0,  0.0,  0.0,  0.0, 1.0,  15.0,       ,      ,      ,        ,        ,        ,        ,        ,        ,        ,        ,      
dellahe01, 1913,     1, MOC , NHA ,    ,  7.0,  2.0,   2.0,   4.0,   4.0,      ,     ,     ,     ,     ,     ,    ,      ,       ,      ,      ,        ,        ,        ,        ,        ,        ,        ,        ,      
delmoan01, 1998,     1, PHI , NHL , D  ,  2.0,  0.0,   1.0,   1.0,   0.0, -1.0 ,  0.0,  1.0,  0.0,  0.0,  0.0, 0.0,   2.0,       ,      ,      ,        ,        ,        ,        ,        ,        ,        ,        ,      
delmoan01, 1999,     1, PHI , NHL , D  , 27.0,  2.0,   5.0,   7.0,   8.0, -1.0 ,  0.0,  1.0,  0.0,  0.0,  1.0, 0.0,  55.0,   18.0,   5.0,   2.0,     7.0,    14.0, 0.0    ,     1.0,     1.0,     0.0,     0.0,     1.0,    31.0
delmoan01, 2000,     1, PHI , NHL , D  , 66.0,  5.0,   9.0,  14.0,  16.0, 2.0  ,  2.0,  2.0,  0.0,  1.0,  0.0, 0.0, 119.0,    2.0,   1.0,   0.0,     1.0,     2.0, -1.0   ,     0.0,     0.0,     0.0,     0.0,     1.0,     2.0
delmoan01, 2001,     1, NAS , NHL , D  , 73.0, 16.0,  22.0,  38.0,  22.0, -13.0, 11.0,  8.0,  0.0,  1.0,  3.0, 0.0, 175.0,       ,      ,      ,        ,        ,        ,        ,        ,        ,        ,        ,      
delmoan01, 2002,     1, NAS , NHL , D  , 71.0, 18.0,  16.0,  34.0,  28.0, -17.0, 14.0, 10.0,  0.0,  0.0,  6.0, 0.0, 149.0,       ,      ,      ,        ,        ,        ,        ,        ,        ,        ,        ,      
delmoan01, 2003,     1, BUF , NHL , D  , 37.0,  2.0,   5.0,   7.0,  29.0, -5.0 ,  2.0,  1.0,  0.0,  0.0,  0.0, 0.0,  40.0,       ,      ,      ,        ,        ,        ,        ,        ,        ,        ,        ,      
delmoan01, 2005,     1, CBS , NHL , D  ,  7.0,  0.0,   0.0,   0.0,   2.0, -1.0 ,  0.0,  0.0,  0.0,  0.0,  0.0,    ,   7.0,       ,      ,      ,        ,        ,        ,        ,        ,        ,        ,        ,      
delmoar01, 1945,     1, BOS , NHL , R  ,  1.0,  0.0,   0.0,   0.0,   0.0,      ,     ,     ,     ,     ,     ,    ,      ,       ,      ,      ,        ,        ,        ,        ,        ,        ,        ,        ,      
delorgi01, 1981,     1, MTL , NHL , D  , 60.0,  3.0,   8.0,  11.0,  55.0, 19.0 ,  0.0,     ,  0.0,     ,  0.0, 0.0,  80.0,       ,      ,      ,        ,        ,        ,        ,        ,        ,        ,        ,      
delorgi01, 1982,     1, MTL , NHL , D  , 78.0, 12.0,  21.0,  33.0,  89.0, 27.0 ,  3.0,     ,  0.0,     ,  2.0, 1.0, 166.0,    3.0,   0.0,   0.0,     0.0,     2.0,        ,     0.0,        ,     0.0,        ,     0.0,      
delorgi01, 1983,     1, MTL , NHL , D  , 27.0,  2.0,   7.0,   9.0,   8.0, -4.0 ,  0.0,     ,  0.0,     ,  0.0, 0.0,  37.0,       ,      ,      ,        ,        ,        ,        ,        ,        ,        ,        ,      
delorgi01, 1983,     2, STL , NHL , D  , 44.0,  0.0,   5.0,   5.0,  41.0, -7.0 ,  0.0,     ,  0.0,     ,  0.0, 0.0,  68.0,   11.0,   1.0,   3.0,     4.0,    11.0, 2.0    ,     0.0,        ,     0.0,        ,     0.0,    15.0
delorgi01, 1984,     1, STL , NHL , D  , 74.0,  2.0,  12.0,  14.0,  53.0, 7.0  ,  1.0,     ,  0.0,     ,  0.0, 0.0,  85.0,    3.0,   0.0,   0.0,     0.0,     0.0, -2.0   ,     0.0,        ,     0.0,        ,     0.0,     5.0
delorgi01, 1985,     1, QUE , NHL , D  , 64.0,  2.0,  18.0,  20.0,  51.0, -1.0 ,  1.0,     ,  0.0,     ,  0.0, 0.0, 102.0,    2.0,   0.0,   0.0,     0.0,     5.0, -2.0   ,     0.0,        ,     0.0,        ,     0.0,     3.0
delorgi01, 1986,     1, QUE , NHL , D  , 19.0,  2.0,   0.0,   2.0,  14.0, -1.0 ,  0.0,     ,  0.0,     ,  0.0, 0.0,  22.0,       ,      ,      ,        ,        ,        ,        ,        ,        ,        ,        ,      
delorgi01, 1986,     2, DET , NHL , D  , 24.0,  2.0,   3.0,   5.0,  33.0, -1.0 ,  0.0,     ,  0.0,     ,  0.0, 0.0,  24.0,   16.0,   0.0,   2.0,     2.0,    14.0, 2.0    ,     0.0,        ,     0.0,        ,     0.0,    21.0
delorgi01, 1987,     1, DET , NHL , D  , 55.0,  2.0,   8.0,  10.0,  81.0, 9.0  ,  0.0,  0.0,  0.0,  1.0,  0.0, 0.0,  46.0,   15.0,   0.0,   3.0,     3.0,    22.0, 2.0    ,     0.0,     0.0,     0.0,     0.0,     0.0,    14.0
delorgi01, 1988,     1, DET , NHL , D  , 42.0,  1.0,   3.0,   4.0,  51.0, -11.0,  0.0,  1.0,  0.0,  0.0,  0.0, 0.0,  23.0,    6.0,   0.0,   1.0,     1.0,     2.0, 3.0    ,     0.0,     0.0,     0.0,     0.0,     0.0,     5.0
delorgi01, 1989,     1, PIT , NHL , D  , 54.0,  3.0,   7.0,  10.0,  44.0, 3.0  ,  0.0,  0.0,  0.0,  0.0,  0.0, 0.0,  37.0,       ,      ,      ,        ,        ,        ,        ,        ,        ,        ,        ,      
delorra01, 1974,     1, VAB , WHA , R  ,  3.0,  0.0,   0.0,   0.0,   0.0,      ,  0.0,     ,  0.0,     ,  0.0,    ,   4.0,       ,      ,      ,        ,        ,        ,        ,        ,        ,        ,        ,      
delorra01, 1975,     1, CAC , WHA , R  , 39.0,  8.0,  12.0,  20.0,   4.0, 7.0  ,  0.0,     ,  1.0,     ,  0.0,    ,  56.0,       ,      ,      ,        ,        ,        ,        ,        ,        ,        ,        ,      
delorro01, 1975,     1, DOT , WHA , C  , 22.0,  1.0,   3.0,   4.0,  28.0, -3.0 ,     ,     ,     ,     ,     ,    ,  10.0,       ,      ,      ,        ,        ,        ,        ,        ,        ,        ,        ,      
delorro01, 1976,     1, COR , NHL , C  , 29.0,  6.0,   4.0,  10.0,  23.0, -11.0,  0.0,     ,  0.0,     ,  2.0, 0.0,  31.0,       ,      ,      ,        ,        ,        ,        ,        ,        ,        ,        ,      
delorro01, 1977,     1, COR , NHL , R  , 68.0, 10.0,  11.0,  21.0,  47.0, -20.0,  0.0,     ,  0.0,     ,  0.0, 1.0,  76.0,    2.0,   0.0,   0.0,     0.0,    10.0,        ,     0.0,        ,     0.0,        ,     0.0,      
delorro01, 1978,     1, COR , NHL , R  , 77.0, 20.0,   8.0,  28.0,  68.0, -30.0,  2.0,     ,  0.0,     ,  3.0, 0.0,  85.0,       ,      ,      ,        ,        ,        ,        ,        ,        ,        ,        ,      
delorro01, 1979,     1, COR , NHL , R  , 75.0, 19.0,  24.0,  43.0,  76.0, -24.0,  5.0,     ,  0.0,     ,  4.0, 1.0,  98.0,       ,      ,      ,        ,        ,        ,        ,        ,        ,        ,        ,      
delorro01, 1980,     1, COR , NHL , C  , 65.0, 11.0,  16.0,  27.0,  70.0, -11.0,  3.0,     ,  0.0,     ,  0.0, 1.0,  65.0,       ,      ,      ,        ,        ,        ,        ,        ,        ,        ,        ,      
delorro01, 1981,     1, VAN , NHL , R  , 59.0,  9.0,   8.0,  17.0, 177.0, -8.0 ,  0.0,     ,  0.0,     ,  0.0, 0.0,  47.0,   15.0,   0.0,   2.0,     2.0,    31.0,        ,     0.0,        ,     0.0,        ,     0.0,      
delorro01, 1982,     1, VAN , NHL , R  , 56.0,  5.0,   8.0,  13.0,  87.0, -6.0 ,  0.0,     ,  0.0,     ,  0.0, 0.0,  38.0,    4.0,   0.0,   0.0,     0.0,    10.0,        ,     0.0,        ,     0.0,        ,     0.0,      
delorro01, 1983,     1, VAN , NHL , R  , 64.0,  2.0,   2.0,   4.0,  68.0, -2.0 ,  0.0,     ,  0.0,     ,  0.0, 0.0,  18.0,    4.0,   1.0,   0.0,     1.0,     8.0, 2.0    ,     0.0,        ,     0.0,        ,     0.0,     3.0
delorro01, 1984,     1, VAN , NHL , C  , 31.0,  1.0,   2.0,   3.0,  51.0, -8.0 ,  0.0,     ,  0.0,     ,  0.0, 0.0,  13.0,       ,      ,      ,        ,        ,        ,        ,        ,        ,        ,        ,      
delorva01, 1948,     1, NYR , NHL , L  ,  1.0,  0.0,   0.0,   0.0,   0.0,      ,     ,     ,     ,     ,     ,    ,      ,       ,      ,      ,        ,        ,        ,        ,        ,        ,        ,        ,      
delpagu01, 1976,     1, COR , NHL , L  , 48.0,  1.0,   8.0,   9.0,  18.0, -10.0,  0.0,     ,  0.0,     ,  0.0, 0.0,  37.0,       ,      ,      ,        ,        ,        ,        ,        ,        ,        ,        ,      
delveal01, 1950,     1, DET , NHL , C  ,  1.0,  0.0,   0.0,   0.0,   0.0,      ,     ,     ,     ,     ,     ,    ,      ,       ,      ,      ,        ,        ,        ,        ,        ,        ,        ,        ,      
delveal01, 1951,     1, DET , NHL , C  , 65.0, 15.0,  22.0,  37.0,  22.0,      ,     ,     ,     ,     ,     ,    ,      ,    8.0,   0.0,   3.0,     3.0,     4.0,        ,        ,        ,        ,        ,        ,      
delveal01, 1952,     1, DET , NHL , C  , 70.0, 16.0,  43.0,  59.0,  28.0,      ,     ,     ,     ,     ,     ,    ,      ,    6.0,   2.0,   4.0,     6.0,     2.0,        ,        ,        ,        ,        ,        ,      
delveal01, 1953,     1, DET , NHL , C  , 69.0, 11.0,  18.0,  29.0,  34.0,      ,     ,     ,     ,     ,     ,    ,      ,   12.0,   2.0,   7.0,     9.0,     7.0,        ,        ,        ,        ,        ,        ,      
delveal01, 1954,     1, DET , NHL , C  , 69.0, 17.0,  31.0,  48.0,  37.0,      ,     ,     ,     ,     ,     ,    ,      ,   11.0,   7.0,   8.0,    15.0,     2.0,        ,        ,        ,        ,        ,        ,      
delveal01, 1955,     1, DET , NHL , C  , 70.0, 25.0,  26.0,  51.0,  24.0,      ,     ,     ,     ,     ,     ,    ,      ,   10.0,   7.0,   3.0,    10.0,     2.0,        ,        ,        ,        ,        ,        ,      
delveal01, 1956,     1, DET , NHL , C  , 48.0, 16.0,  25.0,  41.0,   8.0,      ,     ,     ,     ,     ,     ,    ,      ,    5.0,   3.0,   2.0,     5.0,     2.0,        ,        ,        ,        ,        ,        ,      
delveal01, 1957,     1, DET , NHL , C  , 70.0, 21.0,  38.0,  59.0,  22.0,      ,     ,     ,     ,     ,     ,    ,      ,    4.0,   0.0,   1.0,     1.0,     0.0,        ,        ,        ,        ,        ,        ,      
delveal01, 1958,     1, DET , NHL , L  , 70.0, 19.0,  35.0,  54.0,   6.0,      ,     ,     ,     ,     ,     ,    ,      ,       ,      ,      ,        ,        ,        ,        ,        ,        ,        ,        ,      
delveal01, 1959,     1, DET , NHL , C  , 70.0, 19.0,  28.0,  47.0,   8.0,      ,     ,     ,     ,     ,     ,    ,      ,    6.0,   2.0,   6.0,     8.0,     0.0,        ,        ,        ,        ,        ,        ,      
delveal01, 1960,     1, DET , NHL , C  , 70.0, 27.0,  35.0,  62.0,  26.0,      ,     ,     ,     ,     ,     ,    ,      ,   11.0,   4.0,   5.0,     9.0,     0.0,        ,        ,        ,        ,        ,     1.0,      
delveal01, 1961,     1, DET , NHL , C  , 70.0, 26.0,  43.0,  69.0,  18.0,      ,     ,     ,     ,     ,     ,    ,      ,       ,      ,      ,        ,        ,        ,        ,        ,        ,        ,        ,      
delveal01, 1962,     1, DET , NHL , C  , 70.0, 20.0,  44.0,  64.0,   8.0,      ,     ,     ,     ,     ,     ,    ,      ,   11.0,   3.0,   6.0,     9.0,     2.0,        ,        ,        ,        ,        ,     0.0,      
delveal01, 1963,     1, DET , NHL , C  , 70.0, 23.0,  30.0,  53.0,  11.0,      ,  6.0,     ,  0.0,     ,  2.0, 1.0,      ,   14.0,   3.0,   8.0,    11.0,     0.0,        ,        ,        ,        ,        ,     2.0,      
delveal01, 1964,     1, DET , NHL , C  , 68.0, 25.0,  42.0,  67.0,  16.0,      ,  6.0,     ,  0.0,     ,  7.0, 1.0,      ,    7.0,   2.0,   3.0,     5.0,     4.0,        ,        ,        ,        ,        ,     0.0,      
delveal01, 1965,     1, DET , NHL , C  , 70.0, 31.0,  38.0,  69.0,  16.0,      ,  9.0,     ,  4.0,     ,  6.0, 1.0,      ,   12.0,   0.0,  11.0,    11.0,     4.0,        ,        ,        ,        ,        ,     0.0,      
delveal01, 1966,     1, DET , NHL , C  , 70.0, 17.0,  38.0,  55.0,  10.0,      ,  4.0,     ,  1.0,     ,  2.0, 0.0,      ,       ,      ,      ,        ,        ,        ,        ,        ,        ,        ,        ,      
delveal01, 1967,     1, DET , NHL , C  , 74.0, 22.0,  48.0,  70.0,  14.0, 8.0  ,  3.0,     ,  0.0,     ,  2.0, 0.0, 212.0,       ,      ,      ,        ,        ,        ,        ,        ,        ,        ,        ,      
delveal01, 1968,     1, DET , NHL , C  , 72.0, 25.0,  58.0,  83.0,   8.0, 43.0 ,  7.0,     ,  0.0,     ,  2.0, 2.0, 221.0,       ,      ,      ,        ,        ,        ,        ,        ,        ,        ,        ,      
delveal01, 1969,     1, DET , NHL , C  , 73.0, 21.0,  47.0,  68.0,  24.0, 26.0 ,  4.0,     ,  0.0,     ,  3.0, 2.0, 218.0,    4.0,   0.0,   2.0,     2.0,     0.0,        ,     0.0,        ,     0.0,        ,     0.0,      
delveal01, 1970,     1, DET , NHL , C  , 77.0, 21.0,  34.0,  55.0,   6.0, -18.0,  6.0,     ,  0.0,     ,  2.0, 0.0, 171.0,       ,      ,      ,        ,        ,        ,        ,        ,        ,        ,        ,      
delveal01, 1971,     1, DET , NHL , C  , 75.0, 20.0,  45.0,  65.0,  22.0, -19.0,  9.0,     ,  0.0,     ,  5.0, 0.0, 123.0,       ,      ,      ,        ,        ,        ,        ,        ,        ,        ,        ,      
delveal01, 1972,     1, DET , NHL , C  , 77.0, 18.0,  53.0,  71.0,  13.0, 6.0  ,  8.0,     ,  0.0,     ,  3.0, 0.0, 130.0,       ,      ,      ,        ,        ,        ,        ,        ,        ,        ,        ,      
delveal01, 1973,     1, DET , NHL , C  , 11.0,  1.0,   4.0,   5.0,   2.0, -13.0,  1.0,     ,  0.0,     ,  0.0, 0.0,   9.0,       ,      ,      ,        ,        ,        ,        ,        ,        ,        ,        ,      
delzomi01, 2009,     1, NYR , NHL , D  , 80.0,  9.0,  28.0,  37.0,  32.0, -20.0,  4.0, 18.0,  0.0,  0.0,  1.0,    ,  81.0,       ,      ,      ,        ,        ,        ,        ,        ,        ,        ,        ,      
demarab01, 1938,     1, CHI , NHL , C  ,  2.0,  1.0,   0.0,   1.0,   0.0,      ,     ,     ,     ,     ,     ,    ,      ,       ,      ,      ,        ,        ,        ,        ,        ,        ,        ,        ,      
demarab01, 1939,     1, CHI , NHL , C  , 17.0,  0.0,   5.0,   5.0,  17.0,      ,     ,     ,     ,     ,     ,    ,      ,    2.0,   0.0,   0.0,     0.0,     0.0,        ,        ,        ,        ,        ,        ,      
demarab01, 1942,     1, TOR , NHL , C  ,  4.0,  0.0,   1.0,   1.0,   0.0,      ,     ,     ,     ,     ,     ,    ,      ,       ,      ,      ,        ,        ,        ,        ,        ,        ,        ,        ,      
demarab01, 1942,     2, BOS , NHL , C  ,  3.0,  4.0,   1.0,   5.0,   0.0,      ,     ,     ,     ,     ,     ,    ,      ,    9.0,   3.0,   0.0,     3.0,     2.0,        ,        ,        ,        ,        ,        ,      
demarab01, 1943,     1, BOS , NHL , C  ,  3.0,  0.0,   0.0,   0.0,   0.0,      ,     ,     ,     ,     ,     ,    ,      ,       ,      ,      ,        ,        ,        ,        ,        ,        ,        ,        ,      
demarab01, 1943,     2, NYR , NHL , C  , 36.0, 14.0,  19.0,  33.0,   2.0,      ,     ,     ,     ,     ,     ,    ,      ,       ,      ,      ,        ,        ,        ,        ,        ,        ,        ,        ,      
demarab01, 1944,     1, NYR , NHL , C  , 50.0, 24.0,  30.0,  54.0,  10.0,      ,     ,     ,     ,     ,     ,    ,      ,       ,      ,      ,        ,        ,        ,        ,        ,        ,        ,        ,      
demarab01, 1945,     1, NYR , NHL , C  , 50.0, 20.0,  27.0,  47.0,  20.0,      ,     ,     ,     ,     ,     ,    ,      ,       ,      ,      ,        ,        ,        ,        ,        ,        ,        ,        ,      
demarab01, 1946,     1, NYR , NHL , C  , 44.0,  9.0,  10.0,  19.0,   4.0,      ,     ,     ,     ,     ,     ,    ,      ,       ,      ,      ,        ,        ,        ,        ,        ,        ,        ,        ,      
demarab02, 1969,     1, NYR , NHL , D  ,  3.0,  0.0,   0.0,   0.0,   0.0, -1.0 ,  0.0,     ,  0.0,     ,  0.0, 0.0,   6.0,    5.0,   0.0,   0.0,     0.0,     2.0,        ,     0.0,        ,     0.0,        ,     0.0,      
demarab02, 1970,     1, NYR , NHL , D  ,  2.0,  0.0,   1.0,   1.0,   0.0, 1.0  ,  0.0,     ,  0.0,     ,  0.0, 0.0,   2.0,       ,      ,      ,        ,        ,        ,        ,        ,        ,        ,        ,      
demarab02, 1971,     1, NYR , NHL , D  , 48.0,  4.0,   7.0,  11.0,   4.0, 18.0 ,  1.0,     ,  0.0,     ,  0.0, 0.0,  95.0,    4.0,   0.0,   1.0,     1.0,     0.0,        ,     0.0,        ,     0.0,        ,     0.0,      
demarab02, 1972,     1, NYR , NHL , D  , 51.0,  4.0,  13.0,  17.0,  15.0, 16.0 ,  1.0,     ,  0.0,     ,  2.0, 0.0, 104.0,       ,      ,      ,        ,        ,        ,        ,        ,        ,        ,        ,      
demarab02, 1972,     2, STL , NHL , D  , 14.0,  4.0,   9.0,  13.0,   2.0, 4.0  ,  2.0,     ,  1.0,     ,  1.0, 0.0,  51.0,    4.0,   1.0,   1.0,     2.0,     2.0,        ,     1.0,        ,     0.0,        ,     0.0,      
demarab02, 1973,     1, STL , NHL , D  , 23.0,  3.0,   9.0,  12.0,  11.0, 6.0  ,  1.0,     ,  0.0,     ,  0.0, 0.0,  71.0,       ,      ,      ,        ,        ,        ,        ,        ,        ,        ,        ,      
demarab02, 1973,     2, PIT , NHL , D  , 34.0,  7.0,  12.0,  19.0,   4.0, 5.0  ,  3.0,     ,  0.0,     ,  1.0, 0.0, 101.0,       ,      ,      ,        ,        ,        ,        ,        ,        ,        ,        ,      
demarab02, 1974,     1, PIT , NHL , D  ,  8.0,  2.0,   1.0,   3.0,   4.0, -4.0 ,  1.0,     ,  0.0,     ,  0.0, 0.0,  25.0,       ,      ,      ,        ,        ,        ,        ,        ,        ,        ,        ,      
demarab02, 1974,     2, VAN , NHL , D  , 61.0, 10.0,  14.0,  24.0,  21.0, -2.0 ,  8.0,     ,  0.0,     ,  1.0, 0.0, 117.0,    2.0,   0.0,   0.0,     0.0,     0.0,        ,     0.0,        ,     0.0,        ,     0.0,      
demarab02, 1975,     1, VAN , NHL , D  , 34.0,  3.0,   8.0,  11.0,   2.0, -3.0 ,  2.0,     ,  0.0,     ,  0.0, 0.0,  33.0,       ,      ,      ,        ,        ,        ,        ,        ,        ,        ,        ,      
demarab02, 1975,     2, LAK , NHL , D  , 30.0,  4.0,   3.0,   7.0,   6.0, -3.0 ,  2.0,     ,  0.0,     ,  1.0, 0.0,  70.0,    9.0,   0.0,   0.0,     0.0,    11.0,        ,     0.0,        ,     0.0,        ,     0.0,      
demarab02, 1976,     1, LAK , NHL , D  , 33.0,  3.0,   3.0,   6.0,   6.0, -8.0 ,  0.0,     ,  0.0,     ,  0.0, 0.0,  82.0,    1.0,   0.0,   0.0,     0.0,     2.0,        ,     0.0,        ,     0.0,        ,     0.0,      
demarab02, 1977,     1, EDO , WHA , D  , 47.0,  6.0,   8.0,  14.0,  20.0, -7.0 ,  3.0,     ,  0.0,     ,     ,    , 101.0,    1.0,   0.0,   0.0,     0.0,     0.0, -1.0   ,        ,        ,        ,        ,     0.0,      
demarab02, 1978,     1, BOS , NHL , D  ,  3.0,  0.0,   0.0,   0.0,   0.0, 0.0  ,  0.0,     ,  0.0,     ,  0.0, 0.0,   5.0,       ,      ,      ,        ,        ,        ,        ,        ,        ,        ,        ,      
demerja02, 2009,     1, SJS , NHL , D  , 51.0,  4.0,  17.0,  21.0,  21.0, 5.0  ,  3.0,  8.0,  0.0,  0.0,  1.0,    ,  52.0,   15.0,   1.0,   4.0,     5.0,     8.0, 0.0    ,     1.0,     3.0,     0.0,     0.0,     0.0,    12.0
demerto01, 1937,     1, MTL , NHL , R  ,  6.0,  0.0,   0.0,   0.0,   0.0,      ,     ,     ,     ,     ,     ,    ,      ,       ,      ,      ,        ,        ,        ,        ,        ,        ,        ,        ,      
demerto01, 1939,     1, MTL , NHL , C  , 14.0,  2.0,   3.0,   5.0,   2.0,      ,     ,     ,     ,     ,     ,    ,      ,       ,      ,      ,        ,        ,        ,        ,        ,        ,        ,        ,      
demerto01, 1940,     1, MTL , NHL , R  , 46.0, 13.0,  10.0,  23.0,  17.0,      ,     ,     ,     ,     ,     ,    ,      ,    2.0,   0.0,   0.0,     0.0,     0.0,        ,        ,        ,        ,        ,        ,      
demerto01, 1941,     1, MTL , NHL , R  ,  7.0,  3.0,   4.0,   7.0,   4.0,      ,     ,     ,     ,     ,     ,    ,      ,       ,      ,      ,        ,        ,        ,        ,        ,        ,        ,        ,      
demerto01, 1942,     1, MTL , NHL , R  ,  9.0,  2.0,   5.0,   7.0,   0.0,      ,     ,     ,     ,     ,     ,    ,      ,       ,      ,      ,        ,        ,        ,        ,        ,        ,        ,        ,      
demerto01, 1943,     1, NYR , NHL , R  ,  1.0,  0.0,   0.0,   0.0,   0.0,      ,     ,     ,     ,     ,     ,    ,      ,       ,      ,      ,        ,        ,        ,        ,        ,        ,        ,        ,      
demitpa01, 1993,     1, OTT , NHL , L  , 12.0,  1.0,   1.0,   2.0,   4.0, -7.0 ,  1.0,  0.0,  0.0,  0.0,  0.0, 0.0,  10.0,       ,      ,      ,        ,        ,        ,        ,        ,        ,        ,        ,      
demitpa01, 1994,     1, OTT , NHL , R  , 16.0,  4.0,   3.0,   7.0,   0.0, -4.0 ,  1.0,  1.0,  0.0,  0.0,  0.0, 0.0,  21.0,       ,      ,      ,        ,        ,        ,        ,        ,        ,        ,        ,      
demitpa01, 1995,     1, OTT , NHL , R  , 31.0,  7.0,  10.0,  17.0,   6.0, -3.0 ,  2.0,  4.0,  0.0,  0.0,  1.0, 0.0,  66.0,       ,      ,      ,        ,        ,        ,        ,        ,        ,        ,        ,      
demitpa01, 1996,     1, STL , NHL , R  ,  8.0,  3.0,   0.0,   3.0,   2.0, 0.0  ,  2.0,  0.0,  0.0,  0.0,  1.0, 0.0,  15.0,    6.0,   1.0,   3.0,     4.0,     6.0, 3.0    ,     0.0,     1.0,     0.0,     0.0,     0.0,     8.0
demitpa01, 1997,     1, STL , NHL , L  , 61.0, 22.0,  30.0,  52.0,  22.0, 11.0 ,  4.0,  7.0,  4.0,  0.0,  6.0, 1.0, 147.0,   10.0,   3.0,   3.0,     6.0,     2.0, -3.0   ,     0.0,     1.0,     0.0,     0.0,     0.0,    32.0
demitpa01, 1998,     1, STL , NHL , L  , 82.0, 37.0,  52.0,  89.0,  16.0, 13.0 , 14.0, 15.0,  0.0,  0.0, 10.0, 1.0, 259.0,   13.0,   5.0,   4.0,     9.0,     4.0, -5.0   ,     3.0,     0.0,     0.0,     0.0,     1.0,    31.0
demitpa01, 1999,     1, STL , NHL , R  , 71.0, 28.0,  47.0,  75.0,   8.0, 34.0 ,  8.0, 15.0,  0.0,  0.0,  4.0, 0.0, 241.0,       ,      ,      ,        ,        ,        ,        ,        ,        ,        ,        ,      
demitpa01, 2000,     1, STL , NHL , R  , 44.0, 20.0,  25.0,  45.0,  16.0, 27.0 ,  5.0,  6.0,  0.0,  0.0,  5.0, 0.0, 124.0,   15.0,   2.0,   4.0,     6.0,     2.0, 3.0    ,     0.0,     1.0,     0.0,     0.0,     1.0,    38.0
demitpa01, 2001,     1, STL , NHL , C  , 82.0, 35.0,  43.0,  78.0,  46.0, 13.0 , 11.0, 18.0,  0.0,  0.0, 10.0, 0.0, 212.0,   10.0,   4.0,   7.0,    11.0,     6.0, 3.0    ,     2.0,     3.0,     1.0,     0.0,     1.0,    26.0
demitpa01, 2002,     1, STL , NHL , C  , 78.0, 36.0,  57.0,  93.0,  32.0, 0.0  , 11.0, 25.0,  0.0,  0.0,  4.0, 1.0, 205.0,    7.0,   2.0,   4.0,     6.0,     2.0, 2.0    ,     1.0,     3.0,     0.0,     0.0,     0.0,    11.0
demitpa01, 2003,     1, STL , NHL , C  , 68.0, 23.0,  35.0,  58.0,  18.0, 1.0  ,  8.0, 13.0,  0.0,  0.0,  5.0, 1.0, 179.0,    5.0,   1.0,   0.0,     1.0,     4.0, 1.0    ,     0.0,     0.0,     0.0,     0.0,     0.0,    13.0
demitpa01, 2005,     1, LAK , NHL , R  , 58.0, 25.0,  37.0,  62.0,  42.0, 21.0 ,  7.0, 19.0,  5.0,  2.0,  7.0,    , 184.0,       ,      ,      ,        ,        ,        ,        ,        ,        ,        ,        ,      
demitpa01, 2006,     1, MIN , NHL , R  , 71.0, 25.0,  39.0,  64.0,  28.0, 0.0  ,  9.0, 17.0,  1.0,  1.0,  4.0,    , 175.0,    5.0,   1.0,   3.0,     4.0,     0.0, -1.0   ,     0.0,     1.0,     0.0,     0.0,     0.0,     9.0
demitpa01, 2007,     1, MIN , NHL , L  , 68.0, 15.0,  39.0,  54.0,  24.0, 9.0  ,  2.0, 11.0,  0.0,  1.0,  1.0,    , 126.0,    6.0,   1.0,   2.0,     3.0,     2.0, 0.0    ,     1.0,     0.0,     0.0,     1.0,     0.0,    15.0
demitpa01, 2008,     1, VAN , NHL , C  , 69.0, 20.0,  33.0,  53.0,  20.0, 6.0  ,  4.0, 12.0,  0.0,  0.0,  1.0,    , 143.0,    6.0,   1.0,   2.0,     3.0,     2.0, -2.0   ,     1.0,     0.0,     0.0,     0.0,     0.0,    13.0
demitpa01, 2009,     1, VAN , NHL , C  , 28.0,  3.0,  13.0,  16.0,   0.0, 3.0  ,  1.0,  7.0,  0.0,  0.0,  0.0,    ,  53.0,   11.0,   2.0,   4.0,     6.0,     4.0, 2.0    ,     0.0,     1.0,     0.0,     0.0,     0.0,    17.0
dempsna01, 1996,     1, TOR , NHL , L  , 14.0,  1.0,   1.0,   2.0,   2.0, -2.0 ,  0.0,  0.0,  0.0,  0.0,  0.0, 0.0,  11.0,       ,      ,      ,        ,        ,        ,        ,        ,        ,        ,        ,      
dempsna01, 1999,     1, TOR , NHL , L  ,  6.0,  0.0,   2.0,   2.0,   2.0, 2.0  ,  0.0,  0.0,  0.0,  0.0,  0.0, 0.0,   3.0,       ,      ,      ,        ,        ,        ,        ,        ,        ,        ,        ,      
dempsna01, 2000,     1, TOR , NHL , D  , 25.0,  1.0,   9.0,  10.0,   4.0, 13.0 ,  1.0,  3.0,  0.0,  0.0,  0.0, 0.0,  31.0,       ,      ,      ,        ,        ,        ,        ,        ,        ,        ,        ,      
dempsna01, 2001,     1, TOR , NHL , D  ,  3.0,  0.0,   0.0,   0.0,   0.0, 1.0  ,  0.0,  0.0,  0.0,  0.0,  0.0, 0.0,   3.0,    6.0,   0.0,   2.0,     2.0,     0.0, 1.0    ,     0.0,     2.0,     0.0,     0.0,     0.0,     7.0
dempsna01, 2002,     1, CHI , NHL , D  , 67.0,  5.0,  23.0,  28.0,  26.0, -7.0 ,  1.0,  5.0,  0.0,  0.0,  2.0, 0.0, 124.0,       ,      ,      ,        ,        ,        ,        ,        ,        ,        ,        ,      
dempsna01, 2003,     1, CHI , NHL , D  , 58.0,  8.0,  17.0,  25.0,  30.0, -5.0 ,  2.0,  8.0,  0.0,  0.0,  1.0, 0.0, 155.0,       ,      ,      ,        ,        ,        ,        ,        ,        ,        ,        ,      
dempsna01, 2003,     2, LAK , NHL , D  , 17.0,  4.0,   3.0,   7.0,   2.0, -7.0 ,  1.0,  2.0,  0.0,  0.0,  0.0, 0.0,  28.0,       ,      ,      ,        ,        ,        ,        ,        ,        ,        ,        ,      
dempsna01, 2005,     1, LAK , NHL , D  , 53.0,  2.0,  11.0,  13.0,  48.0, 0.0  ,  0.0,  4.0,  0.0,  0.0,  0.0,    ,  58.0,       ,      ,      ,        ,        ,        ,        ,        ,        ,        ,        ,      
dempsna01, 2006,     1, BOS , NHL , D  , 17.0,  0.0,   1.0,   1.0,   6.0, -2.0 ,  0.0,  0.0,  0.0,  0.0,  0.0,    ,   4.0,       ,      ,      ,        ,        ,        ,        ,        ,        ,        ,        ,      
denisje01, 1946,     1, NYR , NHL , R  ,  6.0,  0.0,   1.0,   1.0,   0.0,      ,     ,     ,     ,     ,     ,    ,      ,       ,      ,      ,        ,        ,        ,        ,        ,        ,        ,        ,      
denisje01, 1949,     1, NYR , NHL , R  ,  4.0,  0.0,   1.0,   1.0,   2.0,      ,     ,     ,     ,     ,     ,    ,      ,       ,      ,      ,        ,        ,        ,        ,        ,        ,        ,        ,      
denislu01, 1949,     1, MTL , NHL , R  ,  2.0,  0.0,   1.0,   1.0,   0.0,      ,     ,     ,     ,     ,     ,    ,      ,       ,      ,      ,        ,        ,        ,        ,        ,        ,        ,        ,      
denislu01, 1950,     1, MTL , NHL , R  ,  1.0,  0.0,   0.0,   0.0,   0.0,      ,     ,     ,     ,     ,     ,    ,      ,       ,      ,      ,        ,        ,        ,        ,        ,        ,        ,        ,      
denisma01, 1996,     1, COL , NHL , G  ,  1.0,  0.0,   0.0,   0.0,   0.0, 0.0  ,  0.0,  0.0,  0.0,  0.0,  0.0, 0.0,   0.0,       ,      ,      ,        ,        ,        ,        ,        ,        ,        ,        ,      
denisma01, 1998,     1, COL , NHL , G  ,  4.0,  0.0,   0.0,   0.0,   0.0, 0.0  ,  0.0,  0.0,  0.0,  0.0,  0.0, 0.0,   0.0,       ,      ,      ,        ,        ,        ,        ,        ,        ,        ,        ,      
denisma01, 1999,     1, COL , NHL , G  , 23.0,  0.0,   2.0,   2.0,   6.0, 0.0  ,  0.0,  1.0,  0.0,  0.0,  0.0, 0.0,   0.0,       ,      ,      ,        ,        ,        ,        ,        ,        ,        ,        ,      
denisma01, 2000,     1, CBS , NHL , G  , 32.0,  0.0,   0.0,   0.0,   2.0, 0.0  ,  0.0,  0.0,  0.0,  0.0,  0.0, 0.0,   0.0,       ,      ,      ,        ,        ,        ,        ,        ,        ,        ,        ,      
denisma01, 2001,     1, CBS , NHL , G  , 42.0,  0.0,   1.0,   1.0,   2.0, 0.0  ,  0.0,  1.0,  0.0,  0.0,  0.0, 0.0,   0.0,       ,      ,      ,        ,        ,        ,        ,        ,        ,        ,        ,      
denisma01, 2002,     1, CBS , NHL , G  , 77.0,  0.0,   0.0,   0.0,   6.0, 0.0  ,  0.0,  0.0,  0.0,  0.0,  0.0, 0.0,   0.0,       ,      ,      ,        ,        ,        ,        ,        ,        ,        ,        ,      
denisma01, 2003,     1, CBS , NHL , G  , 66.0,  0.0,   2.0,   2.0,  10.0, 0.0  ,  0.0,  0.0,  0.0,  0.0,  0.0, 0.0,   0.0,       ,      ,      ,        ,        ,        ,        ,        ,        ,        ,        ,      
denisma01, 2005,     1, CBS , NHL , G  , 49.0,  0.0,   1.0,   1.0,   2.0, 0.0  ,  0.0,  0.0,  0.0,  0.0,  0.0,    ,   0.0,       ,      ,      ,        ,        ,        ,        ,        ,        ,        ,        ,      
denisma01, 2006,     1, TBL , NHL , G  , 44.0,  0.0,   0.0,   0.0,   2.0, 0.0  ,  0.0,  0.0,  0.0,  0.0,  0.0,    ,   0.0,       ,      ,      ,        ,        ,        ,        ,        ,        ,        ,        ,      
denisma01, 2007,     1, TBL , NHL , G  , 10.0,  0.0,   0.0,   0.0,   2.0, 0.0  ,  0.0,  0.0,  0.0,  0.0,  0.0,    ,   0.0,       ,      ,      ,        ,        ,        ,        ,        ,        ,        ,        ,      
denisma01, 2008,     1, MTL , NHL , G  ,  1.0,  0.0,   0.0,   0.0,   0.0, 0.0  ,  0.0,  0.0,  0.0,  0.0,  0.0,    ,   0.0,       ,      ,      ,        ,        ,        ,        ,        ,        ,        ,        ,      
denneco01, 1914,     1, TOO , NHA ,    , 19.0, 13.0,   3.0,  16.0,  18.0,      ,     ,     ,     ,     ,     ,    ,      ,       ,      ,      ,        ,        ,        ,        ,        ,        ,        ,        ,      
denneco01, 1915,     1, TBS , NHA ,    , 22.0, 20.0,   3.0,  23.0,  75.0,      ,     ,     ,     ,     ,     ,    ,      ,       ,      ,      ,        ,        ,        ,        ,        ,        ,        ,        ,      
denneco01, 1916,     1, TBS , NHA ,    , 14.0, 14.0,   1.0,  15.0,  35.0,      ,     ,     ,     ,     ,     ,    ,      ,       ,      ,      ,        ,        ,        ,        ,        ,        ,        ,        ,      
denneco01, 1916,     2, OT1 , NHA ,    ,  6.0,  5.0,   1.0,   6.0,  18.0,      ,     ,     ,     ,     ,     ,    ,      ,    2.0,   0.0,      ,        ,        ,        ,        ,        ,        ,        ,        ,      
denneco01, 1917,     1, TOA , NHL , L/C, 21.0, 20.0,   9.0,  29.0,  14.0,      ,     ,     ,     ,     ,  1.0,    ,      ,    2.0,   0.0,   0.0,     0.0,     3.0,        ,        ,        ,        ,        ,        ,      
denneco01, 1918,     1, TOA , NHL , C  , 16.0,  8.0,   3.0,  11.0,  15.0,      ,     ,     ,     ,     ,     ,    ,      ,       ,      ,      ,        ,        ,        ,        ,        ,        ,        ,        ,      
denneco01, 1919,     1, TRS , NHL , C  , 24.0, 24.0,  12.0,  36.0,  20.0,      ,     ,     ,     ,     ,     ,    ,      ,       ,      ,      ,        ,        ,        ,        ,        ,        ,        ,        ,      
denneco01, 1920,     1, TRS , NHL , C  , 20.0, 19.0,   7.0,  26.0,  29.0,      ,     ,     ,     ,     ,     ,    ,      ,    2.0,   0.0,   0.0,     0.0,     4.0,        ,        ,        ,        ,        ,        ,      
denneco01, 1921,     1, TRS , NHL , L/C, 24.0, 19.0,   9.0,  28.0,  28.0,      ,     ,     ,     ,     ,     ,    ,      ,    2.0,   1.0,   0.0,     1.0,     0.0,        ,        ,        ,        ,        ,        ,      
denneco01, 1922,     1, TRS , NHL , L/C,  1.0,  1.0,   0.0,   1.0,   0.0,      ,     ,     ,     ,     ,     ,    ,      ,       ,      ,      ,        ,        ,        ,        ,        ,        ,        ,        ,      
denneco01, 1922,     2, VAM , PCHA, C  , 20.0,  7.0,   3.0,  10.0,   2.0,      ,     ,     ,     ,     ,     ,    ,      ,    2.0,   0.0,   0.0,     0.0,     2.0,        ,        ,        ,        ,        ,        ,      
denneco01, 1923,     1, HAM , NHL , L/C, 23.0,  0.0,   1.0,   1.0,   6.0,      ,     ,     ,     ,     ,     ,    ,      ,       ,      ,      ,        ,        ,        ,        ,        ,        ,        ,        ,      
denneco01, 1924,     1, SAS , WCHL, C  , 28.0, 15.0,   3.0,  18.0,  20.0,      ,     ,     ,     ,     ,     ,    ,      ,    2.0,   2.0,   0.0,     2.0,     0.0,        ,        ,        ,        ,        ,        ,      
denneco01, 1925,     1, SAS , WCHL, C  , 30.0, 18.0,  16.0,  34.0,  16.0,      ,     ,     ,     ,     ,     ,    ,      ,    2.0,   0.0,   0.0,     0.0,     2.0,        ,        ,        ,        ,        ,        ,      
denneco01, 1926,     1, TRS , NHL , C  , 29.0,  7.0,   1.0,   8.0,  24.0,      ,     ,     ,     ,     ,     ,    ,      ,       ,      ,      ,        ,        ,        ,        ,        ,        ,        ,        ,      
denneco01, 1927,     1, CHI , NHL , C  , 18.0,  5.0,   0.0,   5.0,  12.0,      ,     ,     ,     ,     ,     ,    ,      ,       ,      ,      ,        ,        ,        ,        ,        ,        ,        ,        ,      
dennecy01, 1914,     1, TOO , NHA ,    ,  8.0,  6.0,   0.0,   6.0,  43.0,      ,     ,     ,     ,     ,     ,    ,      ,       ,      ,      ,        ,        ,        ,        ,        ,        ,        ,        ,      
dennecy01, 1915,     1, TBS , NHA ,    , 24.0, 24.0,   4.0,  28.0,  57.0,      ,     ,     ,     ,     ,     ,    ,      ,       ,      ,      ,        ,        ,        ,        ,        ,        ,        ,        ,      
dennecy01, 1916,     1, OT1 , NHA ,    , 10.0,  3.0,   1.0,   4.0,  25.0,      ,     ,     ,     ,     ,     ,    ,      ,    2.0,   1.0,      ,        ,        ,        ,        ,        ,        ,        ,        ,      
dennecy01, 1917,     1, OTS , NHL , L  , 20.0, 36.0,  10.0,  46.0,  80.0,      ,     ,     ,     ,     ,  2.0,    ,      ,       ,      ,      ,        ,        ,        ,        ,        ,        ,        ,        ,      
dennecy01, 1918,     1, OTS , NHL , L  , 18.0, 18.0,   4.0,  22.0,  58.0,      ,     ,     ,     ,     ,     ,    ,      ,    5.0,   3.0,   2.0,     5.0,     6.0,        ,        ,        ,        ,        ,        ,      
dennecy01, 1919,     1, OTS , NHL , L  , 24.0, 16.0,   6.0,  22.0,  31.0,      ,     ,     ,     ,     ,     ,    ,      ,       ,      ,      ,        ,        ,        ,        ,        ,        ,        ,        ,      
dennecy01, 1920,     1, OTS , NHL , L  , 24.0, 34.0,   5.0,  39.0,  10.0,      ,     ,     ,     ,     ,     ,    ,      ,    2.0,   2.0,   0.0,     2.0,     5.0,        ,        ,        ,        ,        ,        ,      
dennecy01, 1921,     1, OTS , NHL , L  , 22.0, 27.0,  12.0,  39.0,  20.0,      ,     ,     ,     ,     ,     ,    ,      ,    2.0,   2.0,   0.0,     2.0,     4.0,        ,        ,        ,        ,        ,        ,      
dennecy01, 1922,     1, OTS , NHL , L  , 24.0, 23.0,  11.0,  34.0,  28.0,      ,     ,     ,     ,     ,     ,    ,      ,    2.0,   2.0,   0.0,     2.0,     2.0,        ,        ,        ,        ,        ,        ,      
dennecy01, 1923,     1, OTS , NHL , L  , 22.0, 22.0,   2.0,  24.0,  10.0,      ,     ,     ,     ,     ,     ,    ,      ,    2.0,   2.0,   0.0,     2.0,     2.0,        ,        ,        ,        ,        ,        ,      
dennecy01, 1924,     1, OTS , NHL , L  , 29.0, 27.0,  15.0,  42.0,  16.0,      ,     ,     ,     ,     ,     ,    ,      ,       ,      ,      ,        ,        ,        ,        ,        ,        ,        ,        ,      
dennecy01, 1925,     1, OTS , NHL , L  , 36.0, 24.0,  12.0,  36.0,  18.0,      ,     ,     ,     ,     ,     ,    ,      ,    2.0,   0.0,   0.0,     0.0,     4.0,        ,        ,        ,        ,        ,        ,      
dennecy01, 1926,     1, OTS , NHL , L  , 42.0, 17.0,   6.0,  23.0,  16.0,      ,     ,     ,     ,     ,     ,    ,      ,    6.0,   5.0,   0.0,     5.0,     0.0,        ,        ,        ,        ,        ,        ,      
dennecy01, 1927,     1, OTS , NHL , L  , 44.0,  3.0,   0.0,   3.0,  12.0,      ,     ,     ,     ,     ,     ,    ,      ,    2.0,   0.0,   0.0,     0.0,     0.0,        ,        ,        ,        ,        ,        ,      
dennecy01, 1928,     1, BOS , NHL , L  , 23.0,  1.0,   2.0,   3.0,   2.0,      ,     ,     ,     ,     ,     ,    ,      ,    2.0,   0.0,   0.0,     0.0,     0.0,        ,        ,        ,        ,        ,        ,      
dennijo01, 1911,     1, OT1 , NHA ,    ,  2.0,  1.0,   0.0,   1.0,   0.0,      ,     ,     ,     ,     ,     ,    ,      ,       ,      ,      ,        ,        ,        ,        ,        ,        ,        ,        ,      
dennijo01, 1912,     1, OT1 , NHA ,    , 12.0,  4.0,   0.0,   4.0,   6.0,      ,     ,     ,     ,     ,     ,    ,      ,       ,      ,      ,        ,        ,        ,        ,        ,        ,        ,        ,      
dennino01, 1968,     1, STL , NHL , C  ,  2.0,  0.0,   0.0,   0.0,   2.0, 1.0  ,  0.0,     ,  0.0,     ,  0.0, 0.0,   4.0,       ,      ,      ,        ,        ,        ,        ,        ,        ,        ,        ,      
dennino01, 1969,     1, STL , NHL , C  ,  5.0,  3.0,   0.0,   3.0,   5.0, 0.0  ,  1.0,     ,  0.0,     ,  0.0, 0.0,   8.0,    2.0,   0.0,   0.0,     0.0,     2.0,        ,     0.0,        ,     0.0,        ,     0.0,      
dennino01, 1970,     1, STL , NHL , C  ,  4.0,  0.0,   0.0,   0.0,   0.0, -4.0 ,  0.0,     ,  0.0,     ,  0.0, 0.0,   0.0,    3.0,   0.0,   0.0,     0.0,     0.0,        ,     0.0,        ,     0.0,        ,     0.0,      
dennino01, 1971,     1, STL , NHL , C  ,  1.0,  0.0,   0.0,   0.0,   4.0, -1.0 ,  0.0,     ,  0.0,     ,  0.0, 0.0,   1.0,       ,      ,      ,        ,        ,        ,        ,        ,        ,        ,        ,      
denoige01, 1922,     1, TRS , NHL , F  , 17.0,  0.0,   1.0,   1.0,   0.0,      ,     ,     ,     ,     ,     ,    ,      ,       ,      ,      ,        ,        ,        ,        ,        ,        ,        ,        ,      
depalla01, 1985,     1, MNS , NHL , L  ,  1.0,  0.0,   0.0,   0.0,   0.0, 0.0  ,  0.0,     ,  0.0,     ,  0.0, 0.0,   0.0,       ,      ,      ,        ,        ,        ,        ,        ,        ,        ,        ,      
depalla01, 1986,     1, MNS , NHL , L  , 56.0,  9.0,   6.0,  15.0, 219.0, -7.0 ,  2.0,     ,  0.0,     ,  0.0, 0.0,  56.0,       ,      ,      ,        ,        ,        ,        ,        ,        ,        ,        ,      
depalla01, 1987,     1, MNS , NHL , L  ,  7.0,  1.0,   1.0,   2.0,  15.0, -2.0 ,  0.0,  0.0,  0.0,  0.0,  0.0, 0.0,   8.0,       ,      ,      ,        ,        ,        ,        ,        ,        ,        ,        ,      
depalla01, 1988,     1, MNS , NHL , L  , 43.0,  5.0,   7.0,  12.0, 102.0, -14.0,  1.0,  1.0,  0.0,  0.0,  1.0, 0.0,  42.0,    2.0,   0.0,   0.0,     0.0,     6.0, 0.0    ,     0.0,     0.0,     0.0,     0.0,     0.0,     0.0
depalla01, 1990,     1, MNS , NHL , L  , 14.0,  3.0,   0.0,   3.0,  26.0, -5.0 ,  1.0,  0.0,  0.0,  0.0,  1.0, 0.0,  18.0,       ,      ,      ,        ,        ,        ,        ,        ,        ,        ,        ,      
depalla01, 1992,     1, SJS , NHL , L  , 20.0,  2.0,   6.0,   8.0,  41.0, -14.0,  1.0,  3.0,  0.0,  0.0,  0.0, 0.0,  29.0,       ,      ,      ,        ,        ,        ,        ,        ,        ,        ,        ,      
depalla01, 1993,     1, PIT , NHL , L  ,  7.0,  1.0,   0.0,   1.0,   5.0, 1.0  ,  0.0,  0.0,  0.0,  0.0,  0.0, 0.0,   2.0,    1.0,   0.0,   0.0,     0.0,     0.0, 0.0    ,     0.0,     0.0,     0.0,     0.0,     0.0,     0.0
derksbr01, 1973,     1, LAS , WHA , D  ,  1.0,  0.0,   0.0,   0.0,   2.0,      ,  0.0,     ,  0.0,     ,  0.0,    ,      ,       ,      ,      ,        ,        ,        ,        ,        ,        ,        ,        ,      
derlabi01, 1978,     1, VAN , NHL , C  ,  9.0,  4.0,   4.0,   8.0,   2.0, -2.0 ,  1.0,     ,  0.0,     ,  0.0, 0.0,  28.0,       ,      ,      ,        ,        ,        ,        ,        ,        ,        ,        ,      
derlabi01, 1979,     1, VAN , NHL , C  , 54.0, 11.0,  15.0,  26.0,  27.0, -17.0,  4.0,     ,  0.0,     ,  1.0, 0.0,  75.0,       ,      ,      ,        ,        ,        ,        ,        ,        ,        ,        ,      
derlabi01, 1979,     2, TOR , NHL , C  , 23.0,  5.0,  12.0,  17.0,  13.0, -6.0 ,  1.0,     ,  0.0,     ,  0.0, 0.0,  45.0,    3.0,   0.0,   0.0,     0.0,     4.0,        ,     0.0,        ,     0.0,        ,     0.0,      
derlabi01, 1980,     1, TOR , NHL , C  , 80.0, 35.0,  39.0,  74.0,  26.0, -11.0,  6.0,     ,  0.0,     ,  3.0, 3.0, 208.0,    3.0,   1.0,   0.0,     1.0,     2.0,        ,     1.0,        ,     0.0,        ,     0.0,      
derlabi01, 1981,     1, TOR , NHL , C  , 75.0, 34.0,  50.0,  84.0,  42.0, 5.0  ,  6.0,     ,  0.0,     ,  2.0, 0.0, 198.0,       ,      ,      ,        ,        ,        ,        ,        ,        ,        ,        ,      
derlabi01, 1982,     1, TOR , NHL , C  , 58.0, 13.0,  24.0,  37.0,  27.0, -19.0,  5.0,     ,  0.0,     ,  1.0, 0.0, 135.0,    4.0,   3.0,   0.0,     3.0,     2.0,        ,     2.0,        ,     0.0,        ,     0.0,      
derlabi01, 1983,     1, TOR , NHL , C  , 79.0, 40.0,  20.0,  60.0,  50.0, -8.0 ,  8.0,     ,  2.0,     ,  3.0, 3.0, 210.0,       ,      ,      ,        ,        ,        ,        ,        ,        ,        ,        ,      
derlabi01, 1984,     1, TOR , NHL , C  , 62.0, 31.0,  31.0,  62.0,  21.0, -15.0,  7.0,     ,  5.0,     ,  4.0, 0.0, 147.0,       ,      ,      ,        ,        ,        ,        ,        ,        ,        ,        ,      
derlabi01, 1985,     1, TOR , NHL , C  ,  1.0,  0.0,   0.0,   0.0,   0.0, 0.0  ,  0.0,     ,  0.0,     ,  0.0, 0.0,   2.0,       ,      ,      ,        ,        ,        ,        ,        ,        ,        ,        ,      
derlabi01, 1985,     2, BOS , NHL , C  , 39.0,  5.0,  16.0,  21.0,  15.0, 4.0  ,  1.0,     ,  1.0,     ,  1.0, 0.0,  40.0,       ,      ,      ,        ,        ,        ,        ,        ,        ,        ,        ,      
derlabi01, 1985,     3, WIN , NHL , C  , 27.0,  5.0,   5.0,  10.0,   6.0, -13.0,  1.0,     ,  0.0,     ,  0.0, 0.0,  35.0,    3.0,   1.0,   0.0,     1.0,     0.0, 1.0    ,     0.0,        ,     0.0,        ,     0.0,     8.0
derlabi01, 1986,     1, WIN , NHL , C  , 30.0,  3.0,   6.0,   9.0,  12.0, -3.0 ,  1.0,     ,  0.0,     ,  1.0, 0.0,  26.0,       ,      ,      ,        ,        ,        ,        ,        ,        ,        ,        ,      
derlabi01, 1986,     2, QUE , NHL , C  , 18.0,  3.0,   5.0,   8.0,   6.0, -4.0 ,  0.0,     ,  0.0,     ,  0.0, 0.0,  20.0,       ,      ,      ,        ,        ,        ,        ,        ,        ,        ,        ,      
derouph01, 1994,     1, PIT , NHL , G  ,  1.0,  0.0,   0.0,   0.0,   0.0, 0.0  ,  0.0,  0.0,  0.0,  0.0,  0.0, 0.0,   0.0,       ,      ,      ,        ,        ,        ,        ,        ,        ,        ,        ,      
derouph01, 1996,     1, PIT , NHL , G  ,  2.0,  0.0,   0.0,   0.0,   0.0, 0.0  ,  0.0,  0.0,  0.0,  0.0,  0.0, 0.0,   0.0,       ,      ,      ,        ,        ,        ,        ,        ,        ,        ,        ,      
desauge01, 1950,     1, MTL , NHL , C  ,  3.0,  0.0,   1.0,   1.0,   2.0,      ,     ,     ,     ,     ,     ,    ,      ,       ,      ,      ,        ,        ,        ,        ,        ,        ,        ,        ,      
desauge01, 1952,     1, MTL , NHL , C  ,  2.0,  0.0,   1.0,   1.0,   2.0,      ,     ,     ,     ,     ,     ,    ,      ,       ,      ,      ,        ,        ,        ,        ,        ,        ,        ,        ,      
desauge01, 1953,     1, MTL , NHL , C  ,  3.0,  0.0,   0.0,   0.0,   0.0,      ,     ,     ,     ,     ,     ,    ,      ,       ,      ,      ,        ,        ,        ,        ,        ,        ,        ,        ,      
desbigu01, 2009,     1, VAN , NHL , D  ,  1.0,  0.0,   0.0,   0.0,   2.0, 0.0  ,  0.0,  0.0,  0.0,  0.0,  0.0,    ,   0.0,       ,      ,      ,        ,        ,        ,        ,        ,        ,        ,        ,      
deschan01, 1976,     1, CAC , WHA , L  ,  9.0,  1.0,   2.0,   3.0,  19.0, -2.0 ,  0.0,     ,  0.0,     ,     ,    ,   4.0,       ,      ,      ,        ,        ,        ,        ,        ,        ,        ,        ,      
descoma01, 2000,     1, MTL , NHL , D  ,  5.0,  1.0,   1.0,   2.0,   4.0, -2.0 ,  1.0,  1.0,  0.0,  0.0,  0.0, 0.0,   6.0,       ,      ,      ,        ,        ,        ,        ,        ,        ,        ,        ,      
descono01, 1972,     1, QUN , WHA , D  ,  2.0,  0.0,   1.0,   1.0,   0.0,      ,  0.0,     ,  0.0,     ,     ,    ,      ,       ,      ,      ,        ,        ,        ,        ,        ,        ,        ,        ,      
descono01, 1973,     1, QUN , WHA , D  , 35.0,  1.0,   6.0,   7.0,   6.0,      ,  0.0,     ,  0.0,     ,  0.0,    ,      ,       ,      ,      ,        ,        ,        ,        ,        ,        ,        ,        ,      
deshada01, 2009,     1, MTL , NHL , C  ,  6.0,  0.0,   1.0,   1.0,   0.0, -1.0 ,  0.0,  1.0,  0.0,  0.0,  0.0,    ,   2.0,       ,      ,      ,        ,        ,        ,        ,        ,        ,        ,        ,      
desiljo01, 1935,     1, MTL , NHL , R  , 38.0,  7.0,   6.0,  13.0,   0.0,      ,     ,     ,     ,     ,     ,    ,      ,       ,      ,      ,        ,        ,        ,        ,        ,        ,        ,        ,      
desiljo01, 1936,     1, MTL , NHL , R  , 48.0,  7.0,  12.0,  19.0,  17.0,      ,     ,     ,     ,     ,     ,    ,      ,    5.0,   1.0,   0.0,     1.0,     0.0,        ,        ,        ,        ,        ,        ,      
desiljo01, 1937,     1, MTL , NHL , R  , 32.0,  6.0,   7.0,  13.0,   6.0,      ,     ,     ,     ,     ,     ,    ,      ,    2.0,   0.0,   0.0,     0.0,     7.0,        ,        ,        ,        ,        ,        ,      
desiljo01, 1938,     1, CHI , NHL , R  , 48.0, 11.0,  13.0,  24.0,  28.0,      ,     ,     ,     ,     ,     ,    ,      ,       ,      ,      ,        ,        ,        ,        ,        ,        ,        ,        ,      
desiljo01, 1939,     1, CHI , NHL , R  , 26.0,  6.0,   7.0,  13.0,   6.0,      ,     ,     ,     ,     ,     ,    ,      ,       ,      ,      ,        ,        ,        ,        ,        ,        ,        ,        ,      
desirsy01, 1920,     1, VML , PCHA, D  , 13.0,  2.0,   0.0,   2.0,  13.0,      ,     ,     ,     ,     ,     ,    ,      ,    2.0,   0.0,   0.0,     0.0,     0.0,        ,        ,        ,        ,        ,        ,      
desirsy01, 1921,     1, VML , PCHA, D  ,  6.0,  0.0,   0.0,   0.0,   0.0,      ,     ,     ,     ,     ,     ,    ,      ,    3.0,   0.0,   0.0,     0.0,     0.0,        ,        ,        ,        ,        ,        ,      
desjaer01, 1988,     1, MTL , NHL , D  , 36.0,  2.0,  12.0,  14.0,  26.0, 9.0  ,  1.0,  3.0,  0.0,  0.0,  0.0, 0.0,  39.0,   14.0,   1.0,   1.0,     2.0,     6.0, 0.0    ,     1.0,     1.0,     0.0,     0.0,     0.0,    21.0
desjaer01, 1989,     1, MTL , NHL , D  , 55.0,  3.0,  13.0,  16.0,  51.0, 1.0  ,  1.0,  1.0,  0.0,  0.0,  0.0, 0.0,  48.0,    6.0,   0.0,   0.0,     0.0,    10.0, 0.0    ,     0.0,     0.0,     0.0,     0.0,     0.0,    15.0
desjaer01, 1990,     1, MTL , NHL , D  , 62.0,  7.0,  18.0,  25.0,  27.0, 7.0  ,  0.0,  8.0,  0.0,  0.0,  1.0, 0.0, 114.0,   13.0,   1.0,   4.0,     5.0,     8.0, 5.0    ,     1.0,     0.0,     0.0,     2.0,     0.0,    23.0
desjaer01, 1991,     1, MTL , NHL , D  , 77.0,  6.0,  32.0,  38.0,  50.0, 17.0 ,  4.0,  9.0,  0.0,  0.0,  2.0, 0.0, 141.0,   11.0,   3.0,   3.0,     6.0,     4.0, 0.0    ,     1.0,     1.0,     0.0,     1.0,     0.0,    28.0
desjaer01, 1992,     1, MTL , NHL , D  , 82.0, 13.0,  32.0,  45.0,  98.0, 20.0 ,  7.0, 13.0,  0.0,  2.0,  1.0, 0.0, 163.0,   20.0,   4.0,  10.0,    14.0,    23.0, 2.0    ,     1.0,     6.0,     0.0,     1.0,     1.0,    47.0
desjaer01, 1993,     1, MTL , NHL , D  , 84.0, 12.0,  23.0,  35.0,  97.0, -1.0 ,  6.0, 10.0,  1.0,  0.0,  3.0, 0.0, 193.0,    7.0,   0.0,   2.0,     2.0,     4.0, -1.0   ,     0.0,     1.0,     0.0,     0.0,     0.0,     9.0
desjaer01, 1994,     1, MTL , NHL , D  ,  9.0,  0.0,   6.0,   6.0,   2.0, 2.0  ,  0.0,  3.0,  0.0,  0.0,  0.0, 0.0,  14.0,       ,      ,      ,        ,        ,        ,        ,        ,        ,        ,        ,      
desjaer01, 1994,     2, PHI , NHL , D  , 34.0,  5.0,  18.0,  23.0,  12.0, 10.0 ,  1.0,  8.0,  0.0,  0.0,  1.0, 0.0,  79.0,   15.0,   4.0,   4.0,     8.0,    10.0, 13.0   ,     1.0,     1.0,     0.0,     0.0,     2.0,    35.0
desjaer01, 1995,     1, PHI , NHL , D  , 80.0,  7.0,  40.0,  47.0,  45.0, 19.0 ,  5.0, 25.0,  0.0,  2.0,  2.0, 0.0, 184.0,   12.0,   0.0,   6.0,     6.0,     2.0, -5.0   ,     0.0,     5.0,     0.0,     0.0,     0.0,    26.0
desjaer01, 1996,     1, PHI , NHL , D  , 82.0, 12.0,  34.0,  46.0,  50.0, 25.0 ,  5.0, 11.0,  1.0,  1.0,  1.0, 0.0, 183.0,   19.0,   2.0,   8.0,    10.0,    12.0, 9.0    ,     0.0,     4.0,     0.0,     0.0,     0.0,    49.0
desjaer01, 1997,     1, PHI , NHL , D  , 77.0,  6.0,  27.0,  33.0,  36.0, 11.0 ,  2.0, 14.0,  1.0,  0.0,  0.0, 0.0, 150.0,    5.0,   0.0,   1.0,     1.0,     0.0, -3.0   ,     0.0,     1.0,     0.0,     0.0,     0.0,    17.0
desjaer01, 1998,     1, PHI , NHL , D  , 68.0, 15.0,  36.0,  51.0,  38.0, 18.0 ,  6.0, 18.0,  0.0,  1.0,  2.0, 0.0, 190.0,    6.0,   2.0,   2.0,     4.0,     4.0, 1.0    ,     1.0,     1.0,     0.0,     0.0,     1.0,    21.0
desjaer01, 1999,     1, PHI , NHL , D  , 81.0, 14.0,  41.0,  55.0,  32.0, 20.0 ,  8.0, 16.0,  0.0,  0.0,  4.0, 1.0, 207.0,   18.0,   2.0,  10.0,    12.0,     2.0, 1.0    ,     1.0,     4.0,     0.0,     1.0,     1.0,    31.0
desjaer01, 2000,     1, PHI , NHL , D  , 79.0, 15.0,  33.0,  48.0,  50.0, -3.0 ,  6.0, 13.0,  1.0,  1.0,  4.0, 1.0, 187.0,    6.0,   1.0,   1.0,     2.0,     0.0, -2.0   ,     0.0,     1.0,     0.0,     0.0,     0.0,    10.0
desjaer01, 2001,     1, PHI , NHL , D  , 65.0,  6.0,  19.0,  25.0,  24.0, -1.0 ,  2.0,  4.0,  1.0,  1.0,  0.0, 0.0, 117.0,    5.0,   0.0,   1.0,     1.0,     2.0, -3.0   ,     0.0,     1.0,     0.0,     0.0,     0.0,     6.0
desjaer01, 2002,     1, PHI , NHL , D  , 79.0,  8.0,  24.0,  32.0,  35.0, 30.0 ,  1.0,  7.0,  0.0,  1.0,  2.0, 0.0, 197.0,    5.0,   2.0,   1.0,     3.0,     0.0, 2.0    ,     0.0,     0.0,     0.0,     0.0,     0.0,    16.0
desjaer01, 2003,     1, PHI , NHL , D  , 48.0,  1.0,  11.0,  12.0,  28.0, 11.0 ,  0.0,  3.0,  0.0,  1.0,  0.0, 0.0,  92.0,       ,      ,      ,        ,        ,        ,        ,        ,        ,        ,        ,      
desjaer01, 2005,     1, PHI , NHL , D  , 45.0,  4.0,  20.0,  24.0,  56.0, 3.0  ,  3.0, 10.0,  0.0,  3.0,  1.0,    ,  88.0,    6.0,   1.0,   3.0,     4.0,     6.0, -3.0   ,     0.0,     1.0,     0.0,     0.0,     0.0,    10.0
desjage01, 1968,     1, LAK , NHL , G  , 60.0,  0.0,   1.0,   1.0,   6.0, 0.0  ,  0.0,     ,  0.0,     ,  0.0, 0.0,   0.0,    9.0,   0.0,   1.0,     1.0,     0.0,        ,     0.0,        ,     0.0,        ,     0.0,      
desjage01, 1969,     1, LAK , NHL , G  , 43.0,  0.0,   0.0,   0.0,  14.0, 0.0  ,  0.0,     ,  0.0,     ,  0.0, 0.0,   0.0,       ,      ,      ,        ,        ,        ,        ,        ,        ,        ,        ,      
desjage01, 1969,     2, CHI , NHL , G  ,  4.0,  0.0,   1.0,   1.0,   0.0, 0.0  ,  0.0,     ,  0.0,     ,  0.0, 0.0,   0.0,       ,      ,      ,        ,        ,        ,        ,        ,        ,        ,        ,      
desjage01, 1970,     1, CHI , NHL , G  , 22.0,  0.0,   0.0,   0.0,   6.0, 0.0  ,  0.0,     ,  0.0,     ,  0.0, 0.0,   0.0,       ,      ,      ,        ,        ,        ,        ,        ,        ,        ,        ,      
desjage01, 1971,     1, CHI , NHL , G  ,  6.0,  0.0,   0.0,   0.0,   0.0, 0.0  ,  0.0,     ,  0.0,     ,  0.0, 0.0,   0.0,    1.0,   0.0,   0.0,     0.0,     4.0,        ,     0.0,        ,     0.0,        ,     0.0,      
desjage01, 1972,     1, NYI , NHL , G  , 44.0,  0.0,   0.0,   0.0,   9.0, 0.0  ,  0.0,     ,  0.0,     ,  0.0, 0.0,   0.0,       ,      ,      ,        ,        ,        ,        ,        ,        ,        ,        ,      
desjage01, 1973,     1, NYI , NHL , G  , 36.0,  0.0,   0.0,   0.0,   0.0, 0.0  ,  0.0,     ,  0.0,     ,  0.0, 0.0,   0.0,       ,      ,      ,        ,        ,        ,        ,        ,        ,        ,        ,      
desjage01, 1974,     1, MIB , WHA , G  , 41.0,  0.0,   1.0,   1.0,  13.0,      ,  0.0,     ,  0.0,     ,  0.0,    ,   0.0,       ,      ,      ,        ,        ,        ,        ,        ,        ,        ,        ,      
desjage01, 1974,     2, BUF , NHL , G  ,  9.0,  0.0,   0.0,   0.0,   0.0, 0.0  ,  0.0,     ,  0.0,     ,  0.0, 0.0,   0.0,   15.0,   0.0,   0.0,     0.0,     0.0,        ,     0.0,        ,     0.0,        ,     0.0,      
desjage01, 1975,     1, BUF , NHL , G  , 55.0,  0.0,   1.0,   1.0,   2.0, 0.0  ,  0.0,     ,  0.0,     ,  0.0, 0.0,   0.0,    9.0,   0.0,   0.0,     0.0,     2.0,        ,     0.0,        ,     0.0,        ,     0.0,      
desjage01, 1976,     1, BUF , NHL , G  , 49.0,  0.0,   0.0,   0.0,   2.0, 0.0  ,  0.0,     ,  0.0,     ,  0.0, 0.0,   0.0,    1.0,   0.0,   0.0,     0.0,     2.0,        ,     0.0,        ,     0.0,        ,     0.0,      
desjage01, 1977,     1, BUF , NHL , G  ,  3.0,  0.0,   0.0,   0.0,   0.0, 0.0  ,  0.0,     ,  0.0,     ,  0.0, 0.0,   0.0,       ,      ,      ,        ,        ,        ,        ,        ,        ,        ,        ,      
desjake01, 1972,     1, QUN , WHA , D  , 37.0,  2.0,   6.0,   8.0,  36.0,      ,  0.0,     ,  0.0,     ,     ,    ,      ,       ,      ,      ,        ,        ,        ,        ,        ,        ,        ,        ,      
desjake01, 1973,     1, QUN , WHA , D  , 70.0,  2.0,  10.0,  12.0,  44.0,      ,  1.0,     ,  0.0,     ,  1.0,    ,      ,       ,      ,      ,        ,        ,        ,        ,        ,        ,        ,        ,      
desjake01, 1974,     1, IND , WHA , D  , 46.0,  0.0,   8.0,   8.0,  68.0, -24.0,  0.0,     ,  0.0,     ,  0.0,    ,  60.0,       ,      ,      ,        ,        ,        ,        ,        ,        ,        ,        ,      
desjake01, 1975,     1, CAC , WHA , D  ,  1.0,  0.0,   0.0,   0.0,   0.0, 0.0  ,  0.0,     ,  0.0,     ,  0.0,    ,   0.0,       ,      ,      ,        ,        ,        ,        ,        ,        ,        ,        ,      
desjama01, 1989,     1, MTL , NHL , C  ,  8.0,  0.0,   2.0,   2.0,   2.0, -4.0 ,  0.0,  0.0,  0.0,  0.0,  0.0, 0.0,   7.0,       ,      ,      ,        ,        ,        ,        ,        ,        ,        ,        ,      
desjavi01, 1930,     1, CHI , NHL , C  , 39.0,  3.0,  12.0,  15.0,  11.0,      ,     ,     ,     ,     ,     ,    ,      ,    9.0,   0.0,   0.0,     0.0,     0.0,        ,        ,        ,        ,        ,        ,      
desjavi01, 1931,     1, NYR , NHL , C  , 48.0,  3.0,   3.0,   6.0,  16.0,      ,     ,     ,     ,     ,     ,    ,      ,    7.0,   0.0,   0.0,     0.0,     0.0,        ,        ,        ,        ,        ,        ,      
deslaja01, 1955,     1, MTL , NHL , D  ,  2.0,  0.0,   0.0,   0.0,   0.0,      ,     ,     ,     ,     ,     ,    ,      ,       ,      ,      ,        ,        ,        ,        ,        ,        ,        ,        ,      
desropa01, 2001,     1, PHO , NHL , G  ,  5.0,  0.0,   0.0,   0.0,   2.0, 0.0  ,  0.0,  0.0,  0.0,  0.0,  0.0, 0.0,   0.0,       ,      ,      ,        ,        ,        ,        ,        ,        ,        ,        ,      
desropa01, 2002,     1, PHO , NHL , G  ,  4.0,  0.0,   0.0,   0.0,   0.0, 0.0  ,  0.0,  0.0,  0.0,  0.0,  0.0, 0.0,   0.0,       ,      ,      ,        ,        ,        ,        ,        ,        ,        ,        ,      
desropa01, 2002,     2, CAR , NHL , G  ,  2.0,  0.0,   0.0,   0.0,   0.0, 0.0  ,  0.0,  0.0,  0.0,  0.0,  0.0, 0.0,   0.0,       ,      ,      ,        ,        ,        ,        ,        ,        ,        ,        ,      
deulija01, 1995,     1, NYI , NHL , L  , 14.0,  0.0,   1.0,   1.0,  11.0, -1.0 ,  0.0,  0.0,  0.0,  0.0,  0.0, 0.0,  11.0,       ,      ,      ,        ,        ,        ,        ,        ,        ,        ,        ,      
deulija01, 1996,     1, NYI , NHL , L  ,  1.0,  0.0,   0.0,   0.0,   0.0, 0.0  ,  0.0,  0.0,  0.0,  0.0,  0.0, 0.0,   0.0,       ,      ,      ,        ,        ,        ,        ,        ,        ,        ,        ,      
deveaan01, 2008,     1, TOR , NHL , C  , 21.0,  0.0,   1.0,   1.0,  75.0, -3.0 ,  0.0,  0.0,  0.0,  0.0,  0.0,    ,  15.0,       ,      ,      ,        ,        ,        ,        ,        ,        ,        ,        ,      
deveaan01, 2009,     1, TOR , NHL , C  ,  1.0,  0.0,   0.0,   0.0,   0.0, -1.0 ,  0.0,  0.0,  0.0,  0.0,  0.0,    ,   1.0,       ,      ,      ,        ,        ,        ,        ,        ,        ,        ,        ,      
deverbo01, 1997,     1, EDM , NHL , C  , 38.0,  1.0,   4.0,   5.0,   6.0, -5.0 ,  0.0,  0.0,  0.0,  0.0,  0.0, 0.0,  27.0,       ,      ,      ,        ,        ,        ,        ,        ,        ,        ,        ,      
deverbo01, 1998,     1, EDM , NHL , C  , 61.0,  6.0,   8.0,  14.0,  23.0, 2.0  ,  0.0,  0.0,  1.0,  0.0,  4.0, 1.0,  39.0,    1.0,   0.0,   0.0,     0.0,     0.0, 0.0    ,     0.0,     0.0,     0.0,     0.0,     0.0,     3.0
deverbo01, 1999,     1, EDM , NHL , C  , 76.0,  8.0,  19.0,  27.0,  20.0, 7.0  ,  0.0,  0.0,  1.0,  0.0,  2.0, 1.0, 108.0,       ,      ,      ,        ,        ,        ,        ,        ,        ,        ,        ,      
deverbo01, 2000,     1, DET , NHL , L  , 55.0,  5.0,   6.0,  11.0,  14.0, 1.0  ,  0.0,  0.0,  0.0,  0.0,  0.0, 0.0,  66.0,    2.0,   0.0,   0.0,     0.0,     0.0, -1.0   ,     0.0,     0.0,     0.0,     0.0,     0.0,     2.0
deverbo01, 2001,     1, DET , NHL , L  , 79.0,  9.0,  16.0,  25.0,  24.0, 9.0  ,  0.0,  0.0,  0.0,  0.0,  2.0, 0.0, 116.0,   21.0,   2.0,   4.0,     6.0,     4.0, 5.0    ,     0.0,     0.0,     0.0,     0.0,     0.0,    29.0
deverbo01, 2002,     1, DET , NHL , L  , 61.0,  3.0,   9.0,  12.0,  16.0, 4.0  ,  0.0,  0.0,  0.0,  0.0,  1.0, 0.0,  72.0,       ,      ,      ,        ,        ,        ,        ,        ,        ,        ,        ,      
deverbo01, 2003,     1, DET , NHL , R  , 61.0,  6.0,   9.0,  15.0,  20.0, -1.0 ,  0.0,  1.0,  0.0,  0.0,  2.0, 0.0,  62.0,    3.0,   1.0,   0.0,     1.0,     0.0, 0.0    ,     0.0,     0.0,     0.0,     0.0,     0.0,     3.0
deverbo01, 2005,     1, PHO , NHL , C  , 78.0,  8.0,  14.0,  22.0,  44.0, -13.0,  1.0,  2.0,  0.0,  0.0,  1.0,    ,  76.0,       ,      ,      ,        ,        ,        ,        ,        ,        ,        ,        ,      
deverbo01, 2006,     1, TOR , NHL , C  , 33.0,  8.0,  11.0,  19.0,  12.0, 4.0  ,  0.0,  1.0,  0.0,  0.0,  0.0,    ,  57.0,       ,      ,      ,        ,        ,        ,        ,        ,        ,        ,        ,      
deverbo01, 2007,     1, TOR , NHL , C  , 62.0,  7.0,  11.0,  18.0,  24.0, -6.0 ,  0.0,  0.0,  1.0,  0.0,  1.0,    ,  81.0,       ,      ,      ,        ,        ,        ,        ,        ,        ,        ,        ,      
deverbo01, 2008,     1, TOR , NHL , C  , 23.0,  6.0,   5.0,  11.0,   2.0, 3.0  ,  0.0,  0.0,  3.0,  0.0,  0.0,    ,  41.0,       ,      ,      ,        ,        ,        ,        ,        ,        ,        ,        ,      
devinke01, 1974,     1, SDM , WHA , L  , 46.0,  4.0,  10.0,  14.0,  48.0, -4.0 ,  1.0,     ,  0.0,     ,     ,    ,  60.0,   10.0,   1.0,   0.0,     1.0,    14.0,        ,        ,        ,        ,        ,     0.0,      
devinke01, 1975,     1, SDM , WHA , L  , 80.0, 21.0,  28.0,  49.0, 102.0, 2.0  ,  3.0,     ,  0.0,     ,  2.0,    , 109.0,   11.0,   3.0,   1.0,     4.0,    36.0, 0.0    ,        ,        ,        ,        ,        ,      
devinke01, 1976,     1, SDM , WHA , L  , 81.0, 30.0,  20.0,  50.0, 114.0, -12.0,  7.0,     ,  1.0,     ,     ,    , 182.0,    7.0,   1.0,   3.0,     4.0,    14.0, -5.0   ,        ,        ,        ,        ,     0.0,      
devinke01, 1977,     1, IND , WHA , L  , 76.0, 19.0,  23.0,  42.0, 141.0, -24.0,  1.0,     ,  0.0,     ,     ,    , 143.0,       ,      ,      ,        ,        ,        ,        ,        ,        ,        ,        ,      
devinke01, 1978,     1, QUN , WHA , L  ,  5.0,  0.0,   0.0,   0.0,   6.0, -3.0 ,  0.0,     ,  0.0,     ,     ,    ,   3.0,       ,      ,      ,        ,        ,        ,        ,        ,        ,        ,        ,      
devinke01, 1982,     1, NYI , NHL , L  ,  2.0,  0.0,   1.0,   1.0,   8.0, 1.0  ,  0.0,     ,  0.0,     ,  0.0, 0.0,   3.0,       ,      ,      ,        ,        ,        ,        ,        ,        ,        ,        ,      
devrigr01, 1995,     1, EDM , NHL , D  , 13.0,  1.0,   1.0,   2.0,  12.0, -2.0 ,  0.0,  0.0,  0.0,  0.0,  0.0, 0.0,   8.0,       ,      ,      ,        ,        ,        ,        ,        ,        ,        ,        ,      
devrigr01, 1996,     1, EDM , NHL , D  , 37.0,  0.0,   4.0,   4.0,  52.0, -2.0 ,  0.0,  0.0,  0.0,  0.0,  0.0, 0.0,  31.0,   12.0,   0.0,   1.0,     1.0,     8.0, 4.0    ,     0.0,     0.0,     0.0,     0.0,     0.0,    16.0
devrigr01, 1997,     1, EDM , NHL , D  , 65.0,  7.0,   4.0,  11.0,  80.0, -17.0,  1.0,  0.0,  0.0,  1.0,  0.0, 0.0,  53.0,    7.0,   0.0,   0.0,     0.0,    21.0, -4.0   ,     0.0,     0.0,     0.0,     0.0,     0.0,     2.0
devrigr01, 1998,     1, NAS , NHL , D  ,  6.0,  0.0,   0.0,   0.0,   4.0, -4.0 ,  0.0,  0.0,  0.0,  0.0,  0.0, 0.0,   1.0,       ,      ,      ,        ,        ,        ,        ,        ,        ,        ,        ,      
devrigr01, 1998,     2, COL , NHL , D  , 67.0,  1.0,   3.0,   4.0,  60.0, -3.0 ,  0.0,  0.0,  0.0,  0.0,  0.0, 0.0,  56.0,   19.0,   0.0,   2.0,     2.0,    22.0, 3.0    ,     0.0,     0.0,     0.0,     0.0,     0.0,     7.0
devrigr01, 1999,     1, COL , NHL , D  , 69.0,  2.0,   7.0,   9.0,  73.0, -7.0 ,  0.0,  0.0,  0.0,  0.0,  0.0, 0.0,  40.0,    5.0,   0.0,   0.0,     0.0,     4.0, 2.0    ,     0.0,     0.0,     0.0,     0.0,     0.0,     1.0
devrigr01, 2000,     1, COL , NHL , D  , 79.0,  5.0,  12.0,  17.0,  51.0, 23.0 ,  0.0,  0.0,  0.0,  1.0,  0.0, 0.0,  76.0,   23.0,   0.0,   1.0,     1.0,    20.0, 5.0    ,     0.0,     0.0,     0.0,     0.0,     0.0,    20.0
devrigr01, 2001,     1, COL , NHL , D  , 82.0,  8.0,  12.0,  20.0,  57.0, 18.0 ,  1.0,  1.0,  1.0,  1.0,  3.0, 0.0, 148.0,   21.0,   4.0,   9.0,    13.0,     2.0, 1.0    ,     0.0,     0.0,     0.0,     0.0,     1.0,    41.0
devrigr01, 2002,     1, COL , NHL , D  , 82.0,  6.0,  26.0,  32.0,  70.0, 15.0 ,  0.0,  0.0,  0.0,  1.0,  2.0, 0.0, 112.0,    7.0,   2.0,   0.0,     2.0,     0.0, 2.0    ,     0.0,     0.0,     0.0,     0.0,     0.0,    12.0
devrigr01, 2003,     1, NYR , NHL , D  , 53.0,  3.0,  12.0,  15.0,  37.0, 12.0 ,  0.0,  1.0,  0.0,  1.0,  0.0, 0.0,  58.0,       ,      ,      ,        ,        ,        ,        ,        ,        ,        ,        ,      
devrigr01, 2003,     2, OTT , NHL , D  , 13.0,  0.0,   1.0,   1.0,   6.0, 0.0  ,  0.0,  1.0,  0.0,  0.0,  0.0, 0.0,  12.0,    7.0,   0.0,   1.0,     1.0,     8.0, -2.0   ,     0.0,     0.0,     0.0,     0.0,     0.0,    10.0
devrigr01, 2005,     1, ATL , NHL , D  , 82.0,  7.0,  28.0,  35.0,  76.0, 1.0  ,  3.0, 12.0,  0.0,  1.0,  2.0,    , 111.0,       ,      ,      ,        ,        ,        ,        ,        ,        ,        ,        ,      
devrigr01, 2006,     1, ATL , NHL , D  , 82.0,  3.0,  21.0,  24.0,  66.0, -3.0 ,  0.0,  9.0,  0.0,  0.0,  0.0,    , 102.0,    4.0,   1.0,   0.0,     1.0,     4.0, -2.0   ,     0.0,     0.0,     0.0,     0.0,     0.0,     5.0
devrigr01, 2007,     1, NAS , NHL , D  , 77.0,  4.0,  11.0,  15.0,  71.0, 7.0  ,  0.0,  0.0,  0.0,  0.0,  1.0,    ,  66.0,    6.0,   1.0,   0.0,     1.0,     2.0, -2.0   ,     0.0,     0.0,     0.0,     0.0,     1.0,     3.0
devrigr01, 2008,     1, NAS , NHL , D  , 71.0,  1.0,   4.0,   5.0,  65.0, -15.0,  0.0,  0.0,  0.0,  0.0,  0.0,    ,  38.0,       ,      ,      ,        ,        ,        ,        ,        ,        ,        ,        ,      
dewarto01, 1943,     1, NYR , NHL , D  ,  9.0,  0.0,   2.0,   2.0,   4.0,      ,     ,     ,     ,     ,     ,    ,      ,       ,      ,      ,        ,        ,        ,        ,        ,        ,        ,        ,      
dewsbal01, 1946,     1, DET , NHL , D  , 23.0,  2.0,   1.0,   3.0,  12.0,      ,     ,     ,     ,     ,     ,    ,      ,    2.0,   0.0,   0.0,     0.0,     4.0,        ,        ,        ,        ,        ,        ,      
dewsbal01, 1947,     1, DET , NHL , D  ,     ,     ,      ,      ,      ,      ,     ,     ,     ,     ,     ,    ,      ,    1.0,   0.0,   0.0,     0.0,     0.0,        ,        ,        ,        ,        ,        ,      
dewsbal01, 1949,     1, DET , NHL , D  , 11.0,  2.0,   2.0,   4.0,   2.0,      ,     ,     ,     ,     ,     ,    ,      ,    4.0,   0.0,   3.0,     3.0,     8.0,        ,        ,        ,        ,        ,        ,      
dewsbal01, 1950,     1, CHI , NHL , D  , 67.0,  5.0,  14.0,  19.0,  79.0,      ,     ,     ,     ,     ,     ,    ,      ,       ,      ,      ,        ,        ,        ,        ,        ,        ,        ,        ,      
dewsbal01, 1951,     1, CHI , NHL , D  , 69.0,  7.0,  17.0,  24.0,  99.0,      ,     ,     ,     ,     ,     ,    ,      ,       ,      ,      ,        ,        ,        ,        ,        ,        ,        ,        ,      
dewsbal01, 1952,     1, CHI , NHL , D  , 69.0,  5.0,  16.0,  21.0,  97.0,      ,     ,     ,     ,     ,     ,    ,      ,    7.0,   1.0,   2.0,     3.0,     4.0,        ,        ,        ,        ,        ,        ,      
dewsbal01, 1953,     1, CHI , NHL , D  , 69.0,  6.0,  15.0,  21.0,  44.0,      ,     ,     ,     ,     ,     ,    ,      ,       ,      ,      ,        ,        ,        ,        ,        ,        ,        ,        ,      
dewsbal01, 1954,     1, CHI , NHL , D  ,  2.0,  0.0,   1.0,   1.0,  10.0,      ,     ,     ,     ,     ,     ,    ,      ,       ,      ,      ,        ,        ,        ,        ,        ,        ,        ,        ,      
dewsbal01, 1955,     1, CHI , NHL , D  , 37.0,  3.0,  12.0,  15.0,  22.0,      ,     ,     ,     ,     ,     ,    ,      ,       ,      ,      ,        ,        ,        ,        ,        ,        ,        ,        ,      
deyed01  , 1909,     1, HAI , NHA ,    ,  6.0,  3.0,   0.0,   3.0,  23.0,      ,     ,     ,     ,     ,     ,    ,      ,       ,      ,      ,        ,        ,        ,        ,        ,        ,        ,        ,      
deziemi01, 1974,     1, BUF , NHL , L  ,     ,     ,      ,      ,      ,      ,     ,     ,     ,     ,     ,    ,      ,    1.0,   0.0,   0.0,     0.0,     0.0,        ,     0.0,        ,     0.0,        ,     0.0,      
dheerma01, 1942,     1, MTL , NHL , L  , 11.0,  1.0,   2.0,   3.0,   2.0,      ,     ,     ,     ,     ,     ,    ,      ,    5.0,   0.0,   0.0,     0.0,     6.0,        ,        ,        ,        ,        ,        ,      
diached01, 1960,     1, DET , NHL , L  , 12.0,  0.0,   0.0,   0.0,  19.0,      ,     ,     ,     ,     ,     ,    ,      ,       ,      ,      ,        ,        ,        ,        ,        ,        ,        ,        ,      
dickeer01, 1941,     1, TOR , NHL , D  , 10.0,  2.0,   2.0,   4.0,   6.0,      ,     ,     ,     ,     ,     ,    ,      ,    5.0,   0.0,   0.0,     0.0,     4.0,        ,        ,        ,        ,        ,        ,      
dickeer01, 1945,     1, TOR , NHL , D  , 15.0,  1.0,   3.0,   4.0,   6.0,      ,     ,     ,     ,     ,     ,    ,      ,       ,      ,      ,        ,        ,        ,        ,        ,        ,        ,        ,      
dickeer01, 1947,     1, CHI , NHL , D  , 54.0,  5.0,  15.0,  20.0,  30.0,      ,     ,     ,     ,     ,     ,    ,      ,       ,      ,      ,        ,        ,        ,        ,        ,        ,        ,        ,      
dickeer01, 1948,     1, CHI , NHL , D  , 59.0,  2.0,   3.0,   5.0,  14.0,      ,     ,     ,     ,     ,     ,    ,      ,       ,      ,      ,        ,        ,        ,        ,        ,        ,        ,        ,      
dickeer01, 1949,     1, CHI , NHL , D  , 70.0,  0.0,  13.0,  13.0,  22.0,      ,     ,     ,     ,     ,     ,    ,      ,       ,      ,      ,        ,        ,        ,        ,        ,        ,        ,        ,      
dickeer01, 1950,     1, CHI , NHL , D  , 70.0,  2.0,   8.0,  10.0,  20.0,      ,     ,     ,     ,     ,     ,    ,      ,       ,      ,      ,        ,        ,        ,        ,        ,        ,        ,        ,      
dickehe01, 1951,     1, NYR , NHL , L  , 37.0, 14.0,  13.0,  27.0,   8.0,      ,     ,     ,     ,     ,     ,    ,      ,       ,      ,      ,        ,        ,        ,        ,        ,        ,        ,        ,      
dickehe01, 1952,     1, NYR , NHL , L  , 11.0,  4.0,   4.0,   8.0,   2.0,      ,     ,     ,     ,     ,     ,    ,      ,       ,      ,      ,        ,        ,        ,        ,        ,        ,        ,        ,      
dickha01 , 1946,     1, CHI , NHL , D  , 12.0,  0.0,   1.0,   1.0,  12.0,      ,     ,     ,     ,     ,     ,    ,      ,       ,      ,      ,        ,        ,        ,        ,        ,        ,        ,        ,      
dickibi01, 1941,     1, CHI , NHL , G  ,  1.0,  0.0,   0.0,   0.0,   0.0,      ,     ,     ,     ,     ,     ,    ,      ,       ,      ,      ,        ,        ,        ,        ,        ,        ,        ,        ,      
diducge01, 1984,     1, NYI , NHL , D  , 65.0,  2.0,   8.0,  10.0,  80.0, 2.0  ,  0.0,     ,  0.0,     ,  0.0, 0.0,  52.0,       ,      ,      ,        ,        ,        ,        ,        ,        ,        ,        ,      
diducge01, 1985,     1, NYI , NHL , D  , 10.0,  1.0,   2.0,   3.0,   2.0, 5.0  ,  0.0,     ,  0.0,     ,  0.0, 0.0,   6.0,       ,      ,      ,        ,        ,        ,        ,        ,        ,        ,        ,      
diducge01, 1986,     1, NYI , NHL , D  , 30.0,  2.0,   3.0,   5.0,  67.0, -3.0 ,  0.0,     ,  0.0,     ,  0.0, 0.0,  54.0,   14.0,   0.0,   1.0,     1.0,    35.0, -7.0   ,     0.0,        ,     0.0,        ,     0.0,    18.0
diducge01, 1987,     1, NYI , NHL , D  , 68.0,  7.0,  12.0,  19.0, 113.0, 22.0 ,  4.0,  4.0,  0.0,  0.0,  1.0, 0.0, 128.0,    6.0,   1.0,   0.0,     1.0,    42.0, -1.0   ,     1.0,     0.0,     0.0,     0.0,     0.0,    12.0
diducge01, 1988,     1, NYI , NHL , D  , 65.0, 11.0,  21.0,  32.0, 155.0, 9.0  ,  6.0, 12.0,  0.0,  0.0,  0.0, 0.0, 132.0,       ,      ,      ,        ,        ,        ,        ,        ,        ,        ,        ,      
diducge01, 1989,     1, NYI , NHL , D  , 76.0,  3.0,  17.0,  20.0, 163.0, 2.0  ,  1.0,  3.0,  0.0,  0.0,  0.0, 0.0, 102.0,    5.0,   0.0,   0.0,     0.0,    12.0, -5.0   ,     0.0,     0.0,     0.0,     0.0,     0.0,    12.0
diducge01, 1990,     1, MTL , NHL , D  , 32.0,  1.0,   2.0,   3.0,  39.0, 3.0  ,  0.0,  0.0,  0.0,  0.0,  0.0, 0.0,  34.0,       ,      ,      ,        ,        ,        ,        ,        ,        ,        ,        ,      
diducge01, 1990,     2, VAN , NHL , D  , 31.0,  3.0,   7.0,  10.0,  66.0, -8.0 ,  0.0,  2.0,  0.0,  1.0,  1.0, 0.0,  66.0,    6.0,   1.0,   0.0,     1.0,    11.0, -1.0   ,     1.0,     0.0,     0.0,     0.0,     0.0,    10.0
diducge01, 1991,     1, VAN , NHL , D  , 77.0,  6.0,  21.0,  27.0, 229.0, -3.0 ,  2.0,  9.0,  0.0,  2.0,  1.0, 0.0, 128.0,    5.0,   0.0,   0.0,     0.0,    10.0, -3.0   ,     0.0,     0.0,     0.0,     0.0,     0.0,     7.0
diducge01, 1992,     1, VAN , NHL , D  , 80.0,  6.0,  14.0,  20.0, 171.0, 32.0 ,  0.0,  5.0,  1.0,  0.0,  0.0, 0.0,  92.0,   12.0,   4.0,   2.0,     6.0,    12.0, 1.0    ,     0.0,     0.0,     0.0,     0.0,     0.0,    17.0
diducge01, 1993,     1, VAN , NHL , D  , 55.0,  1.0,  10.0,  11.0,  72.0, 2.0  ,  0.0,  1.0,  0.0,  3.0,  0.0, 0.0,  50.0,   24.0,   1.0,   7.0,     8.0,    22.0, 1.0    ,     0.0,     1.0,     0.0,     1.0,     0.0,    32.0
diducge01, 1994,     1, VAN , NHL , D  , 22.0,  1.0,   3.0,   4.0,  15.0, -8.0 ,  1.0,  1.0,  0.0,  0.0,  0.0, 0.0,  25.0,       ,      ,      ,        ,        ,        ,        ,        ,        ,        ,        ,      
diducge01, 1994,     2, CHI , NHL , D  , 13.0,  1.0,   0.0,   1.0,  48.0, 3.0  ,  0.0,  0.0,  0.0,  0.0,  0.0, 0.0,  17.0,   16.0,   1.0,   3.0,     4.0,    22.0, -4.0   ,     0.0,     1.0,     0.0,     0.0,     0.0,    21.0
diducge01, 1995,     1, HAR , NHL , D  , 79.0,  1.0,   9.0,  10.0,  88.0, 7.0  ,  0.0,  0.0,  0.0,  1.0,  0.0, 0.0,  93.0,       ,      ,      ,        ,        ,        ,        ,        ,        ,        ,        ,      
diducge01, 1996,     1, HAR , NHL , D  , 56.0,  1.0,  10.0,  11.0,  40.0, -9.0 ,  0.0,  2.0,  0.0,  0.0,  1.0, 0.0,  59.0,       ,      ,      ,        ,        ,        ,        ,        ,        ,        ,        ,      
diducge01, 1996,     2, PHO , NHL , D  , 11.0,  1.0,   2.0,   3.0,  23.0, 2.0  ,  1.0,  0.0,  0.0,  0.0,  0.0, 0.0,  21.0,    7.0,   0.0,   0.0,     0.0,    10.0, 2.0    ,     0.0,     0.0,     0.0,     0.0,     0.0,     8.0
diducge01, 1997,     1, PHO , NHL , D  , 78.0,  8.0,  10.0,  18.0, 118.0, 14.0 ,  1.0,  0.0,  0.0,  1.0,  4.0, 0.0, 104.0,    6.0,   0.0,   2.0,     2.0,    20.0, -4.0   ,     0.0,     1.0,     0.0,     0.0,     0.0,    14.0
diducge01, 1998,     1, PHO , NHL , D  , 44.0,  0.0,   2.0,   2.0,  72.0, 9.0  ,  0.0,  0.0,  0.0,  0.0,  0.0, 0.0,  39.0,    3.0,   0.0,   0.0,     0.0,     2.0, -1.0   ,     0.0,     0.0,     0.0,     0.0,     0.0,     4.0
diducge01, 1999,     1, TOR , NHL , D  , 26.0,  0.0,   3.0,   3.0,  33.0, 2.0  ,  0.0,  0.0,  0.0,  0.0,  0.0, 0.0,  18.0,   10.0,   0.0,   1.0,     1.0,    14.0, -1.0   ,     0.0,     0.0,     0.0,     0.0,     0.0,     4.0
diducge01, 2000,     1, DAL , NHL , D  , 14.0,  0.0,   0.0,   0.0,  18.0, 4.0  ,  0.0,  0.0,  0.0,  0.0,  0.0, 0.0,   8.0,       ,      ,      ,        ,        ,        ,        ,        ,        ,        ,        ,      
dieldch01, 1922,     1, VC1 , PCHA, R  , 14.0,  1.0,   0.0,   1.0,   0.0,      ,     ,     ,     ,     ,     ,    ,      ,    2.0,   0.0,   0.0,     0.0,     0.0,        ,        ,        ,        ,        ,        ,      
dietrdo01, 1983,     1, CHI , NHL , D  , 17.0,  0.0,   5.0,   5.0,   0.0, -1.0 ,  0.0,     ,  0.0,     ,  0.0, 0.0,  22.0,       ,      ,      ,        ,        ,        ,        ,        ,        ,        ,        ,      
dietrdo01, 1985,     1, NJD , NHL , D  , 11.0,  0.0,   2.0,   2.0,  10.0, -8.0 ,  0.0,     ,  0.0,     ,  0.0, 0.0,  14.0,       ,      ,      ,        ,        ,        ,        ,        ,        ,        ,        ,      
dillabo01, 1961,     1, DET , NHL , C/L,  5.0,  0.0,   0.0,   0.0,   2.0,      ,     ,     ,     ,     ,     ,    ,      ,       ,      ,      ,        ,        ,        ,        ,        ,        ,        ,        ,      
dillabo01, 1962,     1, DET , NHL , C  ,     ,     ,      ,      ,      ,      ,     ,     ,     ,     ,     ,    ,      ,    1.0,   0.0,   0.0,     0.0,     0.0,        ,        ,        ,        ,        ,     0.0,      
dillabo01, 1963,     1, DET , NHL , C  ,     ,     ,      ,      ,      ,      ,     ,     ,     ,     ,     ,    ,      ,    1.0,   0.0,   0.0,     0.0,     0.0,        ,        ,        ,        ,        ,     0.0,      
dillabo01, 1964,     1, DET , NHL , C  ,  4.0,  0.0,   0.0,   0.0,   2.0,      ,  0.0,     ,  0.0,     ,  0.0, 0.0,      ,    4.0,   0.0,   0.0,     0.0,     0.0,        ,        ,        ,        ,        ,     0.0,      
dillabo01, 1965,     1, BOS , NHL , C  , 53.0,  7.0,  13.0,  20.0,  18.0,      ,  0.0,     ,  0.0,     ,  1.0, 0.0,      ,       ,      ,      ,        ,        ,        ,        ,        ,        ,        ,        ,      
dillabo01, 1966,     1, BOS , NHL , C  , 60.0,  6.0,  12.0,  18.0,  14.0,      ,  0.0,     ,  1.0,     ,  1.0, 0.0,      ,       ,      ,      ,        ,        ,        ,        ,        ,        ,        ,        ,      
dillabo01, 1967,     1, PIT , NHL , C  , 47.0,  7.0,  12.0,  19.0,  18.0, -7.0 ,  1.0,     ,  0.0,     ,  0.0, 1.0,  70.0,       ,      ,      ,        ,        ,        ,        ,        ,        ,        ,        ,      
dillabo01, 1968,     1, PIT , NHL , L  , 14.0,  0.0,   0.0,   0.0,   2.0, -6.0 ,  0.0,     ,  0.0,     ,  0.0, 0.0,   2.0,       ,      ,      ,        ,        ,        ,        ,        ,        ,        ,        ,      
dillabo01, 1968,     2, OAK , NHL , L  , 48.0,  7.0,  12.0,  19.0,   4.0, -4.0 ,  0.0,     ,  0.0,     ,  3.0, 0.0,  51.0,    7.0,   3.0,   0.0,     3.0,     0.0,        ,     0.0,        ,     0.0,        ,     1.0,      
dillabo01, 1969,     1, OAK , NHL , L  , 52.0,  5.0,   5.0,  10.0,  16.0, -18.0,  1.0,     ,  1.0,     ,  0.0, 1.0,  45.0,    4.0,   0.0,   0.0,     0.0,     0.0,        ,     0.0,        ,     0.0,        ,     0.0,      
dillabo01, 1972,     1, CLC , WHA , C  , 72.0,  8.0,   8.0,  16.0,   8.0,      ,  1.0,     ,  6.0,     ,     ,    ,      ,    9.0,   1.0,   0.0,     1.0,     0.0,        ,     0.0,        ,     1.0,        ,     0.0,      
dillbo01 , 1943,     1, NYR , NHL , D  , 28.0,  6.0,  10.0,  16.0,  66.0,      ,     ,     ,     ,     ,     ,    ,      ,       ,      ,      ,        ,        ,        ,        ,        ,        ,        ,        ,      
dillbo01 , 1944,     1, NYR , NHL , D  , 48.0,  9.0,   5.0,  14.0,  69.0,      ,     ,     ,     ,     ,     ,    ,      ,       ,      ,      ,        ,        ,        ,        ,        ,        ,        ,        ,      
dilloce01, 1930,     1, NYR , NHL , R  , 25.0,  7.0,   3.0,  10.0,   8.0,      ,     ,     ,     ,     ,     ,    ,      ,    4.0,   0.0,   1.0,     1.0,     0.0,        ,        ,        ,        ,        ,        ,      
dilloce01, 1931,     1, NYR , NHL , R  , 48.0, 23.0,  15.0,  38.0,  22.0,      ,     ,     ,     ,     ,     ,    ,      ,    7.0,   2.0,   1.0,     3.0,     4.0,        ,        ,        ,        ,        ,        ,      
dilloce01, 1932,     1, NYR , NHL , R  , 48.0, 21.0,  10.0,  31.0,  12.0,      ,     ,     ,     ,     ,     ,    ,      ,    8.0,   8.0,   2.0,    10.0,     6.0,        ,        ,        ,        ,        ,        ,      
dilloce01, 1933,     1, NYR , NHL , R  , 48.0, 13.0,  26.0,  39.0,  10.0,      ,     ,     ,     ,     ,     ,    ,      ,    2.0,   0.0,   1.0,     1.0,     2.0,        ,        ,        ,        ,        ,        ,      
dilloce01, 1934,     1, NYR , NHL , R  , 48.0, 25.0,   9.0,  34.0,   4.0,      ,     ,     ,     ,     ,     ,    ,      ,    4.0,   2.0,   1.0,     3.0,     0.0,        ,        ,        ,        ,        ,        ,      
dilloce01, 1935,     1, NYR , NHL , R  , 48.0, 18.0,  14.0,  32.0,  12.0,      ,     ,     ,     ,     ,     ,    ,      ,       ,      ,      ,        ,        ,        ,        ,        ,        ,        ,        ,      
dilloce01, 1936,     1, NYR , NHL , R  , 48.0, 20.0,  11.0,  31.0,  13.0,      ,     ,     ,     ,     ,     ,    ,      ,    9.0,   0.0,   3.0,     3.0,     0.0,        ,        ,        ,        ,        ,        ,      
dilloce01, 1937,     1, NYR , NHL , R  , 48.0, 21.0,  18.0,  39.0,   6.0,      ,     ,     ,     ,     ,     ,    ,      ,    3.0,   1.0,   0.0,     1.0,     0.0,        ,        ,        ,        ,        ,        ,      
dilloce01, 1938,     1, NYR , NHL , R  , 48.0, 12.0,  15.0,  27.0,   6.0,      ,     ,     ,     ,     ,     ,    ,      ,    1.0,   0.0,   0.0,     0.0,     0.0,        ,        ,        ,        ,        ,        ,      
dilloce01, 1939,     1, DET , NHL , R  , 44.0,  7.0,  10.0,  17.0,  12.0,      ,     ,     ,     ,     ,     ,    ,      ,    5.0,   1.0,   0.0,     1.0,     0.0,        ,        ,        ,        ,        ,        ,      
dilloga01, 1980,     1, COR , NHL , C  , 13.0,  1.0,   1.0,   2.0,  29.0, -6.0 ,  0.0,     ,  0.0,     ,  0.0, 0.0,  15.0,       ,      ,      ,        ,        ,        ,        ,        ,        ,        ,        ,      
dillowa01, 1973,     1, TOT , WHA , C  , 71.0, 30.0,  35.0,  65.0,  13.0,      ,  6.0,     ,  0.0,     ,  5.0,    ,      ,   12.0,   5.0,   6.0,    11.0,     9.0,        ,        ,        ,        ,        ,     1.0,      
dillowa01, 1974,     1, TOT , WHA , C  , 77.0, 29.0,  66.0,  95.0,  22.0, 17.0 ,  6.0,     ,  0.0,     ,     ,    , 250.0,    6.0,   4.0,   4.0,     8.0,     4.0,        ,        ,        ,        ,        ,     0.0,      
dillowa01, 1975,     1, NYR , NHL , C  , 79.0, 21.0,  24.0,  45.0,  10.0, -11.0,  3.0,     ,  0.0,     ,  1.0, 0.0, 138.0,       ,      ,      ,        ,        ,        ,        ,        ,        ,        ,        ,      
dillowa01, 1976,     1, NYR , NHL , C  , 78.0, 17.0,  29.0,  46.0,  33.0, -14.0,  1.0,     ,  0.0,     ,  1.0, 0.0, 158.0,       ,      ,      ,        ,        ,        ,        ,        ,        ,        ,        ,      
dillowa01, 1977,     1, NYR , NHL , C  , 59.0,  5.0,  13.0,  18.0,  15.0, -8.0 ,  1.0,     ,  0.0,     ,  1.0, 0.0,  50.0,    3.0,   0.0,   1.0,     1.0,     0.0,        ,     0.0,        ,     0.0,        ,     0.0,      
dillowa01, 1978,     1, BIR , WHA , C  , 64.0, 12.0,  27.0,  39.0,  43.0, -3.0 ,  4.0,     ,  0.0,     ,     ,    ,  80.0,       ,      ,      ,        ,        ,        ,        ,        ,        ,        ,        ,      
dillowa01, 1979,     1, WIN , NHL , C  , 13.0,  0.0,   0.0,   0.0,   2.0, -6.0 ,  0.0,     ,  0.0,     ,  0.0, 0.0,   5.0,       ,      ,      ,        ,        ,        ,        ,        ,        ,        ,        ,      
dimairo01, 1988,     1, NYI , NHL , C  , 16.0,  1.0,   0.0,   1.0,  30.0, -6.0 ,  0.0,  0.0,  0.0,  0.0,  1.0, 0.0,  16.0,       ,      ,      ,        ,        ,        ,        ,        ,        ,        ,        ,      
dimairo01, 1989,     1, NYI , NHL , C  ,  7.0,  0.0,   0.0,   0.0,   2.0, 0.0  ,  0.0,  0.0,  0.0,  0.0,  0.0, 0.0,   2.0,    1.0,   1.0,   0.0,     1.0,     4.0, 2.0    ,     0.0,     0.0,     0.0,     0.0,     0.0,     4.0
dimairo01, 1990,     1, NYI , NHL , C  ,  1.0,  0.0,   0.0,   0.0,   0.0, 0.0  ,  0.0,  0.0,  0.0,  0.0,  0.0, 0.0,   0.0,       ,      ,      ,        ,        ,        ,        ,        ,        ,        ,        ,      
dimairo01, 1991,     1, NYI , NHL , L  , 50.0,  5.0,   2.0,   7.0,  43.0, -23.0,  0.0,  0.0,  2.0,  0.0,  0.0, 0.0,  43.0,       ,      ,      ,        ,        ,        ,        ,        ,        ,        ,        ,      
dimairo01, 1992,     1, TBL , NHL , R  , 54.0,  9.0,  15.0,  24.0,  62.0, 0.0  ,  2.0,  1.0,  0.0,  0.0,  0.0, 0.0,  75.0,       ,      ,      ,        ,        ,        ,        ,        ,        ,        ,        ,      
dimairo01, 1993,     1, TBL , NHL , L  , 39.0,  8.0,   7.0,  15.0,  40.0, -5.0 ,  2.0,  3.0,  0.0,  0.0,  1.0, 0.0,  51.0,       ,      ,      ,        ,        ,        ,        ,        ,        ,        ,        ,      
dimairo01, 1993,     2, PHI , NHL , L  , 14.0,  3.0,   5.0,   8.0,   6.0, 1.0  ,  0.0,  0.0,  0.0,  0.0,  1.0, 0.0,  30.0,       ,      ,      ,        ,        ,        ,        ,        ,        ,        ,        ,      
dimairo01, 1994,     1, PHI , NHL , L  , 36.0,  3.0,   1.0,   4.0,  53.0, 8.0  ,  0.0,  0.0,  0.0,  0.0,  0.0, 1.0,  34.0,   15.0,   2.0,   4.0,     6.0,     4.0, 3.0    ,     0.0,     0.0,     1.0,     0.0,     1.0,     8.0
dimairo01, 1995,     1, PHI , NHL , R  , 59.0,  6.0,  15.0,  21.0,  58.0, 0.0  ,  1.0,  0.0,  1.0,  1.0,  0.0, 0.0,  49.0,    3.0,   0.0,   0.0,     0.0,     0.0, -1.0   ,     0.0,     0.0,     0.0,     0.0,     0.0,     1.0
dimairo01, 1996,     1, BOS , NHL , C  , 72.0, 13.0,  15.0,  28.0,  82.0, -21.0,  0.0,  2.0,  3.0,  2.0,  2.0, 0.0, 152.0,       ,      ,      ,        ,        ,        ,        ,        ,        ,        ,        ,      
dimairo01, 1997,     1, BOS , NHL , R  , 79.0, 10.0,  17.0,  27.0,  82.0, -13.0,  0.0,  3.0,  0.0,  1.0,  4.0, 1.0, 112.0,    6.0,   1.0,   0.0,     1.0,     8.0, -3.0   ,     0.0,     0.0,     0.0,     0.0,     0.0,    14.0
dimairo01, 1998,     1, BOS , NHL , C  , 71.0,  7.0,  14.0,  21.0,  95.0, -14.0,  1.0,  1.0,  0.0,  1.0,  0.0, 0.0, 121.0,   12.0,   2.0,   0.0,     2.0,     8.0, 2.0    ,     0.0,     0.0,     0.0,     0.0,     1.0,    21.0
dimairo01, 1999,     1, BOS , NHL , R  , 50.0,  5.0,  16.0,  21.0,  42.0, -1.0 ,  0.0,  0.0,  0.0,  0.0,  0.0, 0.0,  93.0,       ,      ,      ,        ,        ,        ,        ,        ,        ,        ,        ,      
dimairo01, 1999,     2, NYR , NHL , R  , 12.0,  1.0,   3.0,   4.0,   8.0, -8.0 ,  0.0,  1.0,  0.0,  0.0,  0.0, 0.0,  18.0,       ,      ,      ,        ,        ,        ,        ,        ,        ,        ,        ,      
dimairo01, 2000,     1, CAR , NHL , R  , 74.0,  6.0,  18.0,  24.0,  54.0, -14.0,  0.0,  2.0,  2.0,  0.0,  1.0, 0.0,  99.0,    6.0,   0.0,   0.0,     0.0,     4.0, -5.0   ,     0.0,     0.0,     0.0,     0.0,     0.0,     7.0
dimairo01, 2001,     1, DAL , NHL , L  , 61.0,  6.0,   6.0,  12.0,  25.0, -2.0 ,  0.0,  0.0,  2.0,  0.0,  2.0, 0.0,  63.0,       ,      ,      ,        ,        ,        ,        ,        ,        ,        ,        ,      
dimairo01, 2002,     1, DAL , NHL , L  , 69.0, 10.0,   9.0,  19.0,  76.0, 18.0 ,  0.0,  0.0,  0.0,  0.0,  2.0, 0.0,  81.0,   12.0,   1.0,   4.0,     5.0,    10.0, 2.0    ,     0.0,     0.0,     0.0,     0.0,     0.0,    26.0
dimairo01, 2003,     1, DAL , NHL , R  , 69.0,  9.0,  15.0,  24.0,  52.0, 2.0  ,  0.0,  0.0,  1.0,  1.0,  1.0, 1.0,  76.0,    5.0,   0.0,   1.0,     1.0,     2.0, -2.0   ,     0.0,     0.0,     0.0,     0.0,     0.0,     2.0
dimairo01, 2005,     1, TBL , NHL , R  , 61.0,  4.0,  13.0,  17.0,  30.0, -7.0 ,  2.0,  1.0,  0.0,  1.0,  1.0,    ,  72.0,    2.0,   0.0,   0.0,     0.0,     0.0, -1.0   ,     0.0,     0.0,     0.0,     0.0,     0.0,     1.0
dimitni01, 2002,     1, SJS , NHL , R  , 21.0,  6.0,   7.0,  13.0,   8.0, -7.0 ,  3.0,  1.0,  0.0,  0.0,  0.0, 1.0,  34.0,       ,      ,      ,        ,        ,        ,        ,        ,        ,        ,        ,      
dimitni01, 2003,     1, SJS , NHL , R  , 68.0,  9.0,  15.0,  24.0,  49.0, 6.0  ,  2.0,  5.0,  0.0,  0.0,  4.0, 0.0, 116.0,   15.0,   1.0,   8.0,     9.0,     8.0, 2.0    ,     0.0,     4.0,     0.0,     0.0,     1.0,    22.0
dimitni01, 2005,     1, SJS , NHL , R  , 45.0,  4.0,  12.0,  16.0,  26.0, 0.0  ,  0.0,  4.0,  0.0,  1.0,  0.0,    ,  66.0,       ,      ,      ,        ,        ,        ,        ,        ,        ,        ,        ,      
dimitni01, 2005,     2, PHI , NHL , R  , 19.0,  5.0,   4.0,   9.0,   6.0, 4.0  ,  1.0,  1.0,  0.0,  0.0,  1.0,    ,  27.0,    5.0,   0.0,   0.0,     0.0,     2.0, -2.0   ,     0.0,     0.0,     0.0,     0.0,     0.0,     4.0
dimitni01, 2006,     1, PHI , NHL , R  ,  5.0,  0.0,   0.0,   0.0,   6.0, -4.0 ,  0.0,  0.0,  0.0,  0.0,  0.0,    ,   4.0,       ,      ,      ,        ,        ,        ,        ,        ,        ,        ,        ,      
dineebi01, 1953,     1, DET , NHL , R  , 70.0, 17.0,   8.0,  25.0,  34.0,      ,     ,     ,     ,     ,     ,    ,      ,   12.0,   0.0,   0.0,     0.0,     2.0,        ,        ,        ,        ,        ,        ,      
dineebi01, 1954,     1, DET , NHL , R  , 69.0, 10.0,   9.0,  19.0,  36.0,      ,     ,     ,     ,     ,     ,    ,      ,   11.0,   0.0,   1.0,     1.0,     8.0,        ,        ,        ,        ,        ,        ,      
dineebi01, 1955,     1, DET , NHL , R  , 70.0, 12.0,   7.0,  19.0,  30.0,      ,     ,     ,     ,     ,     ,    ,      ,   10.0,   1.0,   0.0,     1.0,     8.0,        ,        ,        ,        ,        ,        ,      
dineebi01, 1956,     1, DET , NHL , R  , 51.0,  6.0,   7.0,  13.0,  12.0,      ,     ,     ,     ,     ,     ,    ,      ,    4.0,   0.0,   0.0,     0.0,     0.0,        ,        ,        ,        ,        ,        ,      
dineebi01, 1957,     1, DET , NHL , R  , 22.0,  2.0,   4.0,   6.0,   2.0,      ,     ,     ,     ,     ,     ,    ,      ,       ,      ,      ,        ,        ,        ,        ,        ,        ,        ,        ,      
dineebi01, 1957,     2, CHI , NHL , R  , 41.0,  4.0,   9.0,  13.0,   8.0,      ,     ,     ,     ,     ,     ,    ,      ,       ,      ,      ,        ,        ,        ,        ,        ,        ,        ,        ,      
dineega01, 1968,     1, MNS , NHL , C  ,  4.0,  0.0,   1.0,   1.0,   0.0, -2.0 ,  0.0,     ,  0.0,     ,  0.0, 0.0,   2.0,       ,      ,      ,        ,        ,        ,        ,        ,        ,        ,        ,      
dineego01, 1982,     1, NYI , NHL , D  ,  2.0,  0.0,   0.0,   0.0,   4.0, -2.0 ,  0.0,     ,  0.0,     ,  0.0, 0.0,   3.0,       ,      ,      ,        ,        ,        ,        ,        ,        ,        ,        ,      
dineego01, 1983,     1, NYI , NHL , D  , 43.0,  1.0,  11.0,  12.0,  32.0, 10.0 ,  0.0,     ,  0.0,     ,  0.0, 0.0,  37.0,    9.0,   1.0,   1.0,     2.0,    28.0, -4.0   ,     0.0,        ,     0.0,        ,     0.0,     8.0
dineego01, 1984,     1, NYI , NHL , D  , 48.0,  1.0,  12.0,  13.0,  89.0, 10.0 ,  0.0,     ,  0.0,     ,  0.0, 0.0,  45.0,   10.0,   0.0,   0.0,     0.0,    26.0, -7.0   ,     0.0,        ,     0.0,        ,     0.0,    11.0
dineego01, 1985,     1, NYI , NHL , D  , 57.0,  1.0,   8.0,   9.0,  81.0, 15.0 ,  0.0,     ,  0.0,     ,  0.0, 0.0,  52.0,    3.0,   0.0,   0.0,     0.0,     2.0, -1.0   ,     0.0,        ,     0.0,        ,     0.0,     1.0
dineego01, 1986,     1, NYI , NHL , D  , 71.0,  4.0,  10.0,  14.0, 110.0, -8.0 ,  0.0,     ,  0.0,     ,  0.0, 0.0,  59.0,    7.0,   0.0,   4.0,     4.0,     4.0, 4.0    ,     0.0,        ,     0.0,        ,     0.0,     5.0
dineego01, 1987,     1, NYI , NHL , D  , 57.0,  4.0,  12.0,  16.0,  62.0, 9.0  ,  1.0,     ,  0.0,  0.0,  0.0, 0.0,  50.0,       ,      ,      ,        ,        ,        ,        ,        ,        ,        ,        ,      
dineego01, 1987,     2, MNS , NHL , D  , 13.0,  1.0,   1.0,   2.0,  21.0, -5.0 ,  0.0,     ,  0.0,  0.0,  0.0, 0.0,   6.0,       ,      ,      ,        ,        ,        ,        ,        ,        ,        ,        ,      
dineego01, 1988,     1, MNS , NHL , D  ,  2.0,  0.0,   1.0,   1.0,   2.0, -4.0 ,  0.0,     ,  0.0,  0.0,  0.0, 0.0,   7.0,       ,      ,      ,        ,        ,        ,        ,        ,        ,        ,        ,      
dineego01, 1988,     2, PIT , NHL , D  , 38.0,  1.0,   2.0,   3.0,  42.0, -5.0 ,  0.0,     ,  0.0,  0.0,  0.0, 0.0,  25.0,   11.0,   0.0,   2.0,     2.0,     8.0, 8.0    ,     0.0,     0.0,     0.0,     0.0,     0.0,    11.0
dineego01, 1989,     1, PIT , NHL , D  , 69.0,  1.0,   8.0,   9.0, 125.0, 6.0  ,  0.0,  0.0,  0.0,  0.0,  0.0, 0.0,  38.0,       ,      ,      ,        ,        ,        ,        ,        ,        ,        ,        ,      
dineego01, 1990,     1, PIT , NHL , D  ,  9.0,  0.0,   0.0,   0.0,   6.0, -4.0 ,  0.0,  0.0,  0.0,  0.0,  0.0, 0.0,   6.0,       ,      ,      ,        ,        ,        ,        ,        ,        ,        ,        ,      
dineego01, 1991,     1, PIT , NHL , D  ,  1.0,  0.0,   0.0,   0.0,   0.0, -2.0 ,  0.0,  0.0,  0.0,  0.0,  0.0, 0.0,   0.0,       ,      ,      ,        ,        ,        ,        ,        ,        ,        ,        ,      
dineego01, 1992,     1, OTT , NHL , D  , 32.0,  2.0,   4.0,   6.0,  30.0, -19.0,  1.0,  2.0,  0.0,  0.0,  0.0, 0.0,  36.0,       ,      ,      ,        ,        ,        ,        ,        ,        ,        ,        ,      
dineego01, 1993,     1, OTT , NHL , D  , 77.0,  0.0,  21.0,  21.0,  89.0, -52.0,  0.0,  6.0,  0.0,  2.0,  0.0, 0.0,  62.0,       ,      ,      ,        ,        ,        ,        ,        ,        ,        ,        ,      
dineego01, 1994,     1, NYI , NHL , D  ,  9.0,  0.0,   0.0,   0.0,   2.0, -5.0 ,  0.0,  0.0,  0.0,  0.0,  0.0, 0.0,   4.0,       ,      ,      ,        ,        ,        ,        ,        ,        ,        ,        ,      
dineeke01, 1984,     1, HAR , NHL , R  , 57.0, 25.0,  16.0,  41.0, 120.0, -6.0 ,  8.0,     ,  4.0,     ,  2.0, 1.0, 141.0,       ,      ,      ,        ,        ,        ,        ,        ,        ,        ,        ,      
dineeke01, 1985,     1, HAR , NHL , R  , 57.0, 33.0,  35.0,  68.0, 124.0, 16.0 ,  6.0,     ,  0.0,     ,  8.0, 0.0, 167.0,   10.0,   6.0,   7.0,    13.0,    18.0, 2.0    ,     1.0,        ,     0.0,        ,     2.0,    28.0
dineeke01, 1986,     1, HAR , NHL , R  , 78.0, 40.0,  39.0,  79.0, 110.0, 7.0  , 11.0,     ,  0.0,     ,  7.0, 0.0, 234.0,    6.0,   2.0,   1.0,     3.0,    31.0, -1.0   ,     1.0,        ,     0.0,        ,     0.0,    13.0
dineeke01, 1987,     1, HAR , NHL , R  , 74.0, 25.0,  25.0,  50.0, 217.0, -14.0,  5.0, 11.0,  0.0,  1.0,  4.0, 1.0, 223.0,    6.0,   4.0,   4.0,     8.0,     8.0, 2.0    ,     1.0,     1.0,     0.0,     0.0,     1.0,    17.0
dineeke01, 1988,     1, HAR , NHL , R  , 79.0, 45.0,  44.0,  89.0, 167.0, -6.0 , 20.0, 17.0,  1.0,  0.0,  4.0, 0.0, 294.0,    4.0,   1.0,   0.0,     1.0,    10.0, 0.0    ,     0.0,     0.0,     0.0,     0.0,     0.0,    10.0
dineeke01, 1989,     1, HAR , NHL , R  , 67.0, 25.0,  41.0,  66.0, 164.0, 7.0  ,  8.0, 20.0,  2.0,  0.0,  2.0, 2.0, 214.0,    6.0,   3.0,   2.0,     5.0,    18.0, 4.0    ,     0.0,     0.0,     0.0,     0.0,     1.0,    15.0
dineeke01, 1990,     1, HAR , NHL , R  , 61.0, 17.0,  30.0,  47.0, 104.0, -15.0,  4.0, 13.0,  0.0,  0.0,  2.0, 0.0, 161.0,    6.0,   1.0,   0.0,     1.0,    16.0, -3.0   ,     0.0,     0.0,     0.0,     0.0,     0.0,    11.0
dineeke01, 1991,     1, HAR , NHL , R  , 16.0,  4.0,   2.0,   6.0,  23.0, -6.0 ,  1.0,  1.0,  0.0,  0.0,  1.0, 0.0,  28.0,       ,      ,      ,        ,        ,        ,        ,        ,        ,        ,        ,      
dineeke01, 1991,     2, PHI , NHL , R  , 64.0, 26.0,  30.0,  56.0, 130.0, 1.0  ,  5.0, 10.0,  3.0,  1.0,  4.0, 0.0, 197.0,       ,      ,      ,        ,        ,        ,        ,        ,        ,        ,        ,      
dineeke01, 1992,     1, PHI , NHL , R  , 83.0, 35.0,  28.0,  63.0, 201.0, 14.0 ,  6.0,  6.0,  3.0,  4.0,  7.0, 1.0, 241.0,       ,      ,      ,        ,        ,        ,        ,        ,        ,        ,        ,      
dineeke01, 1993,     1, PHI , NHL , R  , 71.0, 19.0,  23.0,  42.0, 113.0, -9.0 ,  5.0,  4.0,  1.0,  0.0,  2.0, 1.0, 156.0,       ,      ,      ,        ,        ,        ,        ,        ,        ,        ,        ,      
dineeke01, 1994,     1, PHI , NHL , R  , 40.0,  8.0,   5.0,  13.0,  39.0, -1.0 ,  4.0,  0.0,  0.0,  1.0,  2.0, 0.0,  55.0,   15.0,   6.0,   4.0,    10.0,    18.0, 2.0    ,     1.0,     0.0,     0.0,     0.0,     1.0,    24.0
dineeke01, 1995,     1, PHI , NHL , R  , 26.0,  0.0,   2.0,   2.0,  50.0, -8.0 ,  0.0,  1.0,  0.0,  0.0,  0.0, 0.0,  31.0,       ,      ,      ,        ,        ,        ,        ,        ,        ,        ,        ,      
dineeke01, 1995,     2, HAR , NHL , R  , 20.0,  2.0,   7.0,   9.0,  67.0, 7.0  ,  0.0,  2.0,  0.0,  0.0,  0.0, 0.0,  35.0,       ,      ,      ,        ,        ,        ,        ,        ,        ,        ,        ,      
dineeke01, 1996,     1, HAR , NHL , R  , 78.0, 19.0,  29.0,  48.0, 141.0, -6.0 ,  8.0,  7.0,  0.0,  1.0,  5.0, 2.0, 185.0,       ,      ,      ,        ,        ,        ,        ,        ,        ,        ,        ,      
dineeke01, 1997,     1, CAR , NHL , R  , 54.0,  7.0,  16.0,  23.0, 105.0, -7.0 ,  0.0,  4.0,  0.0,  0.0,  1.0, 0.0,  96.0,       ,      ,      ,        ,        ,        ,        ,        ,        ,        ,        ,      
dineeke01, 1998,     1, CAR , NHL , R  , 67.0,  8.0,  10.0,  18.0,  97.0, 5.0  ,  0.0,  1.0,  0.0,  0.0,  1.0, 0.0,  86.0,    6.0,   0.0,   0.0,     0.0,     8.0, 0.0    ,     0.0,     0.0,     0.0,     0.0,     0.0,     4.0
dineeke01, 1999,     1, OTT , NHL , R  , 67.0,  4.0,   8.0,  12.0,  57.0, 2.0  ,  0.0,  0.0,  0.0,  0.0,  1.0, 0.0,  71.0,       ,      ,      ,        ,        ,        ,        ,        ,        ,        ,        ,      
dineeke01, 2000,     1, CBS , NHL , R  , 66.0,  8.0,   7.0,  15.0, 126.0, 2.0  ,  0.0,  0.0,  0.0,  0.0,  3.0, 0.0,  74.0,       ,      ,      ,        ,        ,        ,        ,        ,        ,        ,        ,      
dineeke01, 2001,     1, CBS , NHL , R  , 59.0,  5.0,   8.0,  13.0,  62.0, -6.0 ,  0.0,  1.0,  0.0,  0.0,  0.0, 0.0,  73.0,       ,      ,      ,        ,        ,        ,        ,        ,        ,        ,        ,      
dineeke01, 2002,     1, CBS , NHL , R  ,  4.0,  0.0,   0.0,   0.0,  12.0, 0.0  ,  0.0,  0.0,  0.0,  0.0,  0.0, 0.0,   7.0,       ,      ,      ,        ,        ,        ,        ,        ,        ,        ,        ,      
dineepe01, 1986,     1, LAK , NHL , D  , 11.0,  0.0,   2.0,   2.0,   8.0, -9.0 ,  0.0,     ,  0.0,     ,  0.0, 0.0,   5.0,       ,      ,      ,        ,        ,        ,        ,        ,        ,        ,        ,      
dineepe01, 1989,     1, DET , NHL , D  ,  2.0,  0.0,   0.0,   0.0,   5.0, 0.0  ,  0.0,  0.0,  0.0,  0.0,  0.0, 0.0,   0.0,       ,      ,      ,        ,        ,        ,        ,        ,        ,        ,        ,      
dingmch01, 1997,     1, CAL , NHL , L  , 70.0,  3.0,   3.0,   6.0, 149.0, -11.0,  1.0,  0.0,  0.0,  0.0,  0.0, 0.0,  47.0,       ,      ,      ,        ,        ,        ,        ,        ,        ,        ,        ,      
dingmch01, 1998,     1, CAL , NHL , L  ,  2.0,  0.0,   0.0,   0.0,  17.0, -2.0 ,  0.0,  0.0,  0.0,  0.0,  0.0, 0.0,   1.0,       ,      ,      ,        ,        ,        ,        ,        ,        ,        ,        ,      
dingmch01, 1998,     2, COL , NHL , L  ,  1.0,  0.0,   0.0,   0.0,   7.0, 0.0  ,  0.0,  0.0,  0.0,  0.0,  0.0, 0.0,   0.0,       ,      ,      ,        ,        ,        ,        ,        ,        ,        ,        ,      
dingmch01, 1999,     1, COL , NHL , L  , 68.0,  8.0,   3.0,  11.0, 132.0, -2.0 ,  2.0,  2.0,  0.0,  0.0,  1.0, 0.0,  54.0,       ,      ,      ,        ,        ,        ,        ,        ,        ,        ,        ,      
dingmch01, 2000,     1, COL , NHL , L  , 41.0,  1.0,   1.0,   2.0, 108.0, -3.0 ,  0.0,  0.0,  0.0,  0.0,  0.0, 0.0,  33.0,   16.0,   0.0,   4.0,     4.0,    14.0, 3.0    ,     0.0,     0.0,     0.0,     0.0,     0.0,     8.0
dingmch01, 2001,     1, CAR , NHL , L  , 30.0,  0.0,   1.0,   1.0,  77.0, -2.0 ,  0.0,  0.0,  0.0,  0.0,  0.0, 0.0,  17.0,       ,      ,      ,        ,        ,        ,        ,        ,        ,        ,        ,      
dingmch01, 2001,     2, TBL , NHL , L  , 14.0,  0.0,   4.0,   4.0,  26.0, -8.0 ,  0.0,  0.0,  0.0,  0.0,  0.0, 0.0,  24.0,       ,      ,      ,        ,        ,        ,        ,        ,        ,        ,        ,      
dingmch01, 2002,     1, TBL , NHL , L  , 51.0,  2.0,   1.0,   3.0,  91.0, -11.0,  0.0,  0.0,  0.0,  0.0,  0.0, 0.0,  41.0,   10.0,   1.0,   0.0,     1.0,     4.0, 1.0    ,     0.0,     0.0,     0.0,     0.0,     0.0,    18.0
dingmch01, 2003,     1, TBL , NHL , L  , 74.0,  1.0,   5.0,   6.0, 140.0, -9.0 ,  0.0,  0.0,  0.0,  0.0,  0.0, 0.0,  65.0,   23.0,   1.0,   1.0,     2.0,    63.0, 1.0    ,     0.0,     0.0,     0.0,     0.0,     0.0,    13.0
dingmch01, 2005,     1, TBL , NHL , L  , 34.0,  0.0,   1.0,   1.0,  22.0, -10.0,  0.0,  0.0,  0.0,  0.0,  0.0,    ,  24.0,    3.0,   0.0,   0.0,     0.0,    19.0, 0.0    ,     0.0,     0.0,     0.0,     0.0,     0.0,     1.0
dinsmch01, 1924,     1, MTM , NHL , F  , 30.0,  2.0,   1.0,   3.0,  26.0,      ,     ,     ,     ,     ,     ,    ,      ,       ,      ,      ,        ,        ,        ,        ,        ,        ,        ,        ,      
dinsmch01, 1925,     1, MTM , NHL , F  , 33.0,  3.0,   1.0,   4.0,  18.0,      ,     ,     ,     ,     ,     ,    ,      ,    4.0,   1.0,   0.0,     1.0,     2.0,        ,        ,        ,        ,        ,        ,      
dinsmch01, 1926,     1, MTM , NHL , F  , 28.0,  1.0,   0.0,   1.0,   6.0,      ,     ,     ,     ,     ,     ,    ,      ,       ,      ,      ,        ,        ,        ,        ,        ,        ,        ,        ,      
dinsmch01, 1929,     1, MTM , NHL , F  ,  9.0,  0.0,   0.0,   0.0,   0.0,      ,     ,     ,     ,     ,     ,    ,      ,    4.0,   0.0,   0.0,     0.0,     0.0,        ,        ,        ,        ,        ,        ,      
dionco01 , 1943,     1, DET , NHL , G  , 26.0,  0.0,   0.0,   0.0,   0.0,      ,     ,     ,     ,     ,     ,    ,      ,    5.0,   0.0,   0.0,     0.0,     0.0,        ,        ,        ,        ,        ,        ,      
dionco01 , 1944,     1, DET , NHL , G  , 12.0,  0.0,   0.0,   0.0,   0.0,      ,     ,     ,     ,     ,     ,    ,      ,       ,      ,      ,        ,        ,        ,        ,        ,        ,        ,        ,      
dionmi01 , 1974,     1, IND , WHA , G  ,  1.0,  0.0,   0.0,   0.0,   0.0,      ,  0.0,     ,  0.0,     ,  0.0,    ,   0.0,       ,      ,      ,        ,        ,        ,        ,        ,        ,        ,        ,      
dionmi01 , 1975,     1, IND , WHA , G  , 31.0,  0.0,   0.0,   0.0,   2.0, 0.0  ,  0.0,     ,  0.0,     ,  0.0,    ,   0.0,    3.0,   0.0,   0.0,     0.0,     0.0, 0.0    ,        ,        ,        ,        ,        ,      
dionmi01 , 1976,     1, IND , WHA , G  , 42.0,  0.0,   0.0,   0.0,   0.0, 0.0  ,  0.0,     ,  0.0,     ,  0.0,    ,   0.0,    4.0,   0.0,   0.0,     0.0,     0.0, 0.0    ,     0.0,        ,     0.0,        ,     0.0,      
dionmi01 , 1977,     1, CIN , WHA , G  , 45.0,  0.0,   0.0,   0.0,  26.0, 0.0  ,  0.0,     ,  0.0,     ,     ,    ,   0.0,       ,      ,      ,        ,        ,        ,        ,        ,        ,        ,        ,      
dionmi01 , 1978,     1, CIN , WHA , G  , 30.0,  0.0,   0.0,   0.0,   2.0, 0.0  ,  0.0,     ,  0.0,     ,     ,    ,   0.0,       ,      ,      ,        ,        ,        ,        ,        ,        ,        ,        ,      
dionmi01 , 1979,     1, QUE , NHL , G  , 50.0,  0.0,   0.0,   0.0,   8.0, 0.0  ,  0.0,     ,  0.0,     ,  0.0, 0.0,   0.0,       ,      ,      ,        ,        ,        ,        ,        ,        ,        ,        ,      
dionmi01 , 1980,     1, QUE , NHL , G  , 12.0,  0.0,   1.0,   1.0,   0.0, 0.0  ,  0.0,     ,  0.0,     ,  0.0, 0.0,   0.0,       ,      ,      ,        ,        ,        ,        ,        ,        ,        ,        ,      
dionmi01 , 1980,     2, WIN , NHL , G  , 14.0,  0.0,   0.0,   0.0,   2.0, 0.0  ,  0.0,     ,  0.0,     ,  0.0, 0.0,   0.0,       ,      ,      ,        ,        ,        ,        ,        ,        ,        ,        ,      
dionmi01 , 1981,     1, PIT , NHL , G  , 62.0,  0.0,   1.0,   1.0,   4.0, 0.0  ,  0.0,     ,  0.0,     ,  0.0, 0.0,   1.0,    5.0,   0.0,   0.0,     0.0,     0.0,        ,     0.0,        ,     0.0,        ,     0.0,      
dionmi01 , 1982,     1, PIT , NHL , G  , 49.0,  0.0,   2.0,   2.0,   8.0, 0.0  ,  0.0,     ,  0.0,     ,  0.0, 0.0,   0.0,       ,      ,      ,        ,        ,        ,        ,        ,        ,        ,        ,      
dionmi01 , 1983,     1, PIT , NHL , G  , 30.0,  0.0,   1.0,   1.0,   2.0, 0.0  ,  0.0,     ,  0.0,     ,  0.0, 0.0,   0.0,       ,      ,      ,        ,        ,        ,        ,        ,        ,        ,        ,      
dionmi01 , 1984,     1, PIT , NHL , G  , 10.0,  0.0,   1.0,   1.0,   0.0, 0.0  ,  0.0,     ,  0.0,     ,  0.0, 0.0,   0.0,       ,      ,      ,        ,        ,        ,        ,        ,        ,        ,        ,      
dionngi01, 1990,     1, MTL , NHL , L  ,  2.0,  0.0,   0.0,   0.0,   0.0, -2.0 ,  0.0,  0.0,  0.0,  0.0,  0.0, 0.0,   0.0,       ,      ,      ,        ,        ,        ,        ,        ,        ,        ,        ,      
dionngi01, 1991,     1, MTL , NHL , L  , 39.0, 21.0,  13.0,  34.0,  10.0, 7.0  ,  7.0,  6.0,  0.0,  0.0,  2.0, 0.0,  90.0,   11.0,   3.0,   4.0,     7.0,    10.0, 2.0    ,     1.0,     1.0,     0.0,     0.0,     1.0,    33.0
dionngi01, 1992,     1, MTL , NHL , L  , 75.0, 20.0,  28.0,  48.0,  63.0, 5.0  ,  6.0, 10.0,  1.0,  0.0,  2.0, 0.0, 145.0,   20.0,   6.0,   6.0,    12.0,    20.0, -2.0   ,     1.0,     2.0,     0.0,     0.0,     1.0,    42.0
dionngi01, 1993,     1, MTL , NHL , L  , 74.0, 19.0,  26.0,  45.0,  31.0, -9.0 ,  3.0,  7.0,  0.0,  0.0,  5.0, 2.0, 162.0,    5.0,   1.0,   2.0,     3.0,     0.0, -1.0   ,     0.0,     0.0,     0.0,     0.0,     0.0,     8.0
dionngi01, 1994,     1, MTL , NHL , L  ,  6.0,  0.0,   3.0,   3.0,   2.0, -3.0 ,  0.0,  1.0,  0.0,  0.0,  0.0, 0.0,   4.0,       ,      ,      ,        ,        ,        ,        ,        ,        ,        ,        ,      
dionngi01, 1994,     2, PHI , NHL , L  , 20.0,  0.0,   6.0,   6.0,   2.0, -1.0 ,  0.0,  1.0,  0.0,  0.0,  0.0, 0.0,  29.0,    3.0,   0.0,   0.0,     0.0,     4.0, -1.0   ,     0.0,     0.0,     0.0,     0.0,     0.0,     2.0
dionngi01, 1995,     1, PHI , NHL , L  ,  2.0,  0.0,   1.0,   1.0,   0.0, 0.0  ,  0.0,  0.0,  0.0,  0.0,  0.0, 0.0,   0.0,       ,      ,      ,        ,        ,        ,        ,        ,        ,        ,        ,      
dionngi01, 1995,     2, FLO , NHL , L  ,  5.0,  1.0,   2.0,   3.0,   0.0, 0.0  ,  0.0,  0.0,  0.0,  0.0,  0.0, 0.0,  12.0,       ,      ,      ,        ,        ,        ,        ,        ,        ,        ,        ,      
dionnma01, 1971,     1, DET , NHL , C  , 78.0, 28.0,  49.0,  77.0,  14.0, 0.0  ,  7.0,     ,  0.0,     ,  2.0, 2.0, 268.0,       ,      ,      ,        ,        ,        ,        ,        ,        ,        ,        ,      
dionnma01, 1972,     1, DET , NHL , C  , 77.0, 40.0,  50.0,  90.0,  21.0, -4.0 , 10.0,     ,  0.0,     ,  6.0, 2.0, 282.0,       ,      ,      ,        ,        ,        ,        ,        ,        ,        ,        ,      
dionnma01, 1973,     1, DET , NHL , C  , 74.0, 24.0,  54.0,  78.0,  10.0, -31.0,  3.0,     ,  0.0,     ,  1.0, 1.0, 280.0,       ,      ,      ,        ,        ,        ,        ,        ,        ,        ,        ,      
dionnma01, 1974,     1, DET , NHL , C  , 80.0, 47.0,  74.0, 121.0,  14.0, -15.0, 15.0,     , 10.0,     ,  1.0, 3.0, 378.0,       ,      ,      ,        ,        ,        ,        ,        ,        ,        ,        ,      
dionnma01, 1975,     1, LAK , NHL , C  , 80.0, 40.0,  54.0,  94.0,  38.0, 2.0  ,  7.0,     ,  1.0,     ,  6.0, 1.0, 329.0,    9.0,   6.0,   1.0,     7.0,     0.0,        ,     3.0,        ,     0.0,        ,     0.0,      
dionnma01, 1976,     1, LAK , NHL , C  , 80.0, 53.0,  69.0, 122.0,  12.0, 10.0 , 14.0,     ,  1.0,     ,  5.0, 3.0, 378.0,    9.0,   5.0,   9.0,    14.0,     2.0,        ,     1.0,        ,     0.0,        ,     1.0,      
dionnma01, 1977,     1, LAK , NHL , C  , 70.0, 36.0,  43.0,  79.0,  37.0, -8.0 ,  9.0,     ,  0.0,     ,  4.0, 0.0, 294.0,    2.0,   0.0,   0.0,     0.0,     0.0,        ,     0.0,        ,     0.0,        ,     0.0,      
dionnma01, 1978,     1, LAK , NHL , C  , 80.0, 59.0,  71.0, 130.0,  30.0, 23.0 , 19.0,     ,  0.0,     ,  7.0, 5.0, 362.0,    2.0,   0.0,   1.0,     1.0,     0.0,        ,     0.0,        ,     0.0,        ,     0.0,      
dionnma01, 1979,     1, LAK , NHL , C  , 80.0, 53.0,  84.0, 137.0,  32.0, 35.0 , 17.0,     ,  0.0,     ,  6.0, 2.0, 348.0,    4.0,   0.0,   3.0,     3.0,     4.0,        ,     0.0,        ,     0.0,        ,     0.0,      
dionnma01, 1980,     1, LAK , NHL , C  , 80.0, 58.0,  77.0, 135.0,  70.0, 55.0 , 23.0,     ,  4.0,     ,  9.0, 4.0, 342.0,    4.0,   1.0,   3.0,     4.0,     7.0,        ,     1.0,        ,     0.0,        ,     0.0,      
dionnma01, 1981,     1, LAK , NHL , C  , 78.0, 50.0,  67.0, 117.0,  50.0, -10.0, 17.0,     ,  1.0,     ,  5.0, 4.0, 351.0,   10.0,   7.0,   4.0,    11.0,     0.0,        ,     4.0,        ,     0.0,        ,     0.0,      
dionnma01, 1982,     1, LAK , NHL , C  , 80.0, 56.0,  51.0, 107.0,  22.0, 10.0 , 17.0,     ,  1.0,     ,  7.0, 6.0, 345.0,       ,      ,      ,        ,        ,        ,        ,        ,        ,        ,        ,      
dionnma01, 1983,     1, LAK , NHL , C  , 66.0, 39.0,  53.0,  92.0,  28.0, 8.0  , 13.0,     ,  0.0,     ,  2.0, 2.0, 278.0,       ,      ,      ,        ,        ,        ,        ,        ,        ,        ,        ,      
dionnma01, 1984,     1, LAK , NHL , C  , 80.0, 46.0,  80.0, 126.0,  46.0, 11.0 , 16.0,     ,  1.0,     ,  2.0, 1.0, 316.0,    3.0,   1.0,   2.0,     3.0,     2.0, -1.0   ,     1.0,        ,     0.0,        ,     0.0,    13.0
dionnma01, 1985,     1, LAK , NHL , C  , 80.0, 36.0,  58.0,  94.0,  42.0, -22.0, 11.0,     ,  0.0,     ,  4.0, 1.0, 284.0,       ,      ,      ,        ,        ,        ,        ,        ,        ,        ,        ,      
dionnma01, 1986,     1, LAK , NHL , C  , 67.0, 24.0,  50.0,  74.0,  54.0, -8.0 ,  9.0,     ,  0.0,     ,  2.0, 1.0, 224.0,       ,      ,      ,        ,        ,        ,        ,        ,        ,        ,        ,      
dionnma01, 1986,     2, NYR , NHL , C  , 14.0,  4.0,   6.0,  10.0,   6.0, -8.0 ,  1.0,     ,  0.0,     ,  0.0, 0.0,  49.0,    6.0,   1.0,   1.0,     2.0,     2.0, -4.0   ,     1.0,        ,     0.0,        ,     0.0,    15.0
dionnma01, 1987,     1, NYR , NHL , C  , 67.0, 31.0,  34.0,  65.0,  54.0, -14.0, 22.0, 22.0,  0.0,  0.0,  4.0, 1.0, 184.0,       ,      ,      ,        ,        ,        ,        ,        ,        ,        ,        ,      
dionnma01, 1988,     1, NYR , NHL , C  , 37.0,  7.0,  16.0,  23.0,  20.0, -6.0 ,  4.0,  7.0,  0.0,  0.0,  0.0, 0.0,  74.0,       ,      ,      ,        ,        ,        ,        ,        ,        ,        ,        ,      
dipenjo01, 2002,     1, ATL , NHL , D  ,  3.0,  1.0,   1.0,   2.0,   0.0, 3.0  ,  0.0,  0.0,  0.0,  0.0,  0.0, 0.0,   2.0,       ,      ,      ,        ,        ,        ,        ,        ,        ,        ,        ,      
dipenjo01, 2005,     1, ANA , NHL , D  , 72.0,  2.0,   6.0,   8.0,  46.0, 8.0  ,  0.0,  0.0,  0.0,  0.0,  0.0,    ,  27.0,   16.0,   0.0,   0.0,     0.0,    13.0, 1.0    ,     0.0,     0.0,     0.0,     0.0,     0.0,     5.0
dipenjo01, 2006,     1, AND , NHL , D  , 76.0,  2.0,   6.0,   8.0,  48.0, 1.0  ,  0.0,  0.0,  0.0,  0.0,  1.0,    ,  33.0,   16.0,   0.0,   0.0,     0.0,     4.0, 0.0    ,     0.0,     0.0,     0.0,     0.0,     0.0,     3.0
dipenjo01, 2007,     1, AND , NHL , D  , 23.0,  1.0,   4.0,   5.0,  16.0, 3.0  ,  0.0,  0.0,  0.0,  0.0,  0.0,    ,   5.0,       ,      ,      ,        ,        ,        ,        ,        ,        ,        ,        ,      
dipiepa01, 1991,     1, MTL , NHL , C  , 33.0,  4.0,   6.0,  10.0,  25.0, 5.0  ,  0.0,  0.0,  0.0,  0.0,  0.0, 0.0,  27.0,       ,      ,      ,        ,        ,        ,        ,        ,        ,        ,        ,      
dipiepa01, 1992,     1, MTL , NHL , C  , 29.0,  4.0,  13.0,  17.0,  14.0, 11.0 ,  0.0,  3.0,  0.0,  0.0,  0.0, 0.0,  43.0,   17.0,   8.0,   5.0,    13.0,     8.0, 2.0    ,     0.0,     1.0,     0.0,     0.0,     1.0,    38.0
dipiepa01, 1993,     1, MTL , NHL , C  , 70.0, 13.0,  20.0,  33.0,  37.0, -2.0 ,  2.0,  4.0,  0.0,  0.0,  0.0, 0.0, 115.0,    7.0,   2.0,   4.0,     6.0,     2.0, -3.0   ,     2.0,     1.0,     0.0,     0.0,     1.0,    12.0
dipiepa01, 1994,     1, MTL , NHL , C  , 22.0,  4.0,   5.0,   9.0,   4.0, -3.0 ,  0.0,  2.0,  0.0,  0.0,  1.0, 1.0,  41.0,       ,      ,      ,        ,        ,        ,        ,        ,        ,        ,        ,      
dipiepa01, 1994,     2, TOR , NHL , C  , 12.0,  1.0,   1.0,   2.0,   6.0, -6.0 ,  0.0,  0.0,  0.0,  0.0,  0.0, 0.0,  19.0,    7.0,   1.0,   1.0,     2.0,     0.0, -3.0   ,     0.0,     0.0,     0.0,     0.0,     0.0,     9.0
dipiepa01, 1995,     1, TOR , NHL , C  , 20.0,  4.0,   4.0,   8.0,   4.0, -3.0 ,  1.0,  1.0,  0.0,  0.0,  0.0, 0.0,  23.0,       ,      ,      ,        ,        ,        ,        ,        ,        ,        ,        ,      
dipiepa01, 1996,     1, LAK , NHL , C  ,  6.0,  1.0,   0.0,   1.0,   6.0, -2.0 ,  0.0,  0.0,  0.0,  0.0,  0.0, 0.0,  10.0,       ,      ,      ,        ,        ,        ,        ,        ,        ,        ,        ,      
dipieri01, 2000,     1, NYI , NHL , G  , 20.0,  0.0,   2.0,   2.0,   6.0, 0.0  ,  0.0,  0.0,  0.0,  0.0,  0.0, 0.0,   0.0,       ,      ,      ,        ,        ,        ,        ,        ,        ,        ,        ,      
dipieri01, 2002,     1, NYI , NHL , G  , 10.0,  0.0,   0.0,   0.0,   2.0, 0.0  ,  0.0,  0.0,  0.0,  0.0,  0.0, 0.0,   0.0,    1.0,   0.0,   0.0,     0.0,     0.0, 0.0    ,     0.0,     0.0,     0.0,     0.0,     0.0,     0.0
dipieri01, 2003,     1, NYI , NHL , G  , 50.0,  0.0,   2.0,   2.0,  22.0, 0.0  ,  0.0,  1.0,  0.0,  0.0,  0.0, 0.0,   0.0,    5.0,   0.0,   0.0,     0.0,     0.0, 0.0    ,     0.0,     0.0,     0.0,     0.0,     0.0,     0.0
dipieri01, 2005,     1, NYI , NHL , G  , 63.0,  0.0,   1.0,   1.0,  28.0, 0.0  ,  0.0,  0.0,  0.0,  0.0,  0.0,    ,   0.0,       ,      ,      ,        ,        ,        ,        ,        ,        ,        ,        ,      
dipieri01, 2006,     1, NYI , NHL , G  , 62.0,  0.0,   2.0,   2.0,  24.0, 0.0  ,  0.0,  1.0,  0.0,  0.0,  0.0,    ,   2.0,    4.0,   0.0,   0.0,     0.0,     0.0, 0.0    ,     0.0,     0.0,     0.0,     0.0,     0.0,     0.0
dipieri01, 2007,     1, NYI , NHL , G  , 63.0,  0.0,   6.0,   6.0,  18.0, 0.0  ,  0.0,  0.0,  0.0,  0.0,  0.0,    ,   4.0,       ,      ,      ,        ,        ,        ,        ,        ,        ,        ,        ,      
dipieri01, 2008,     1, NYI , NHL , G  ,  5.0,  0.0,   2.0,   2.0,   2.0, 0.0  ,  0.0,  0.0,  0.0,  0.0,  0.0,    ,   0.0,       ,      ,      ,        ,        ,        ,        ,        ,        ,        ,        ,      
dipieri01, 2009,     1, NYI , NHL , G  ,  8.0,  0.0,   1.0,   1.0,   2.0, 0.0  ,  0.0,  0.0,  0.0,  0.0,  0.0,    ,   0.0,       ,      ,      ,        ,        ,        ,        ,        ,        ,        ,        ,      
dirkro01 , 1987,     1, STL , NHL , D  ,  7.0,  0.0,   1.0,   1.0,  16.0, 0.0  ,  0.0,  0.0,  0.0,  0.0,  0.0, 0.0,   2.0,    6.0,   0.0,   1.0,     1.0,     2.0, 1.0    ,     0.0,     0.0,     0.0,     0.0,     0.0,     0.0
dirkro01 , 1988,     1, STL , NHL , D  ,  9.0,  0.0,   1.0,   1.0,  11.0, -3.0 ,  0.0,  0.0,  0.0,  0.0,  0.0, 0.0,   7.0,       ,      ,      ,        ,        ,        ,        ,        ,        ,        ,        ,      
dirkro01 , 1989,     1, STL , NHL , D  , 37.0,  1.0,   1.0,   2.0, 128.0, 9.0  ,  0.0,  0.0,  0.0,  0.0,  0.0, 0.0,  14.0,    3.0,   0.0,   0.0,     0.0,     0.0, -1.0   ,     0.0,     0.0,     0.0,     0.0,     0.0,     3.0
dirkro01 , 1990,     1, STL , NHL , D  , 41.0,  1.0,   3.0,   4.0, 100.0, 2.0  ,  0.0,  0.0,  0.0,  0.0,  0.0, 0.0,  20.0,       ,      ,      ,        ,        ,        ,        ,        ,        ,        ,        ,      
dirkro01 , 1990,     2, VAN , NHL , D  , 11.0,  1.0,   0.0,   1.0,  20.0, -7.0 ,  0.0,  0.0,  0.0,  0.0,  0.0, 0.0,   9.0,    6.0,   0.0,   0.0,     0.0,    13.0, -4.0   ,     0.0,     0.0,     0.0,     0.0,     0.0,     6.0
dirkro01 , 1991,     1, VAN , NHL , D  , 72.0,  2.0,   7.0,   9.0, 126.0, 6.0  ,  0.0,  0.0,  0.0,  0.0,  0.0, 1.0,  44.0,   13.0,   0.0,   0.0,     0.0,    20.0, 3.0    ,     0.0,     0.0,     0.0,     0.0,     0.0,    10.0
dirkro01 , 1992,     1, VAN , NHL , D  , 69.0,  4.0,   8.0,  12.0, 150.0, 25.0 ,  0.0,  0.0,  0.0,  0.0,  2.0, 0.0,  41.0,    9.0,   0.0,   0.0,     0.0,     6.0, -2.0   ,     0.0,     0.0,     0.0,     0.0,     0.0,     4.0
dirkro01 , 1993,     1, VAN , NHL , D  , 65.0,  2.0,   3.0,   5.0, 105.0, 18.0 ,  0.0,  0.0,  0.0,  0.0,  0.0, 0.0,  38.0,       ,      ,      ,        ,        ,        ,        ,        ,        ,        ,        ,      
dirkro01 , 1993,     2, CHI , NHL , D  ,  6.0,  0.0,   0.0,   0.0,  26.0, 0.0  ,  0.0,  0.0,  0.0,  0.0,  0.0, 0.0,   4.0,    2.0,   0.0,   0.0,     0.0,    15.0, -1.0   ,     0.0,     0.0,     0.0,     0.0,     0.0,     1.0
dirkro01 , 1994,     1, ANA , NHL , D  , 38.0,  1.0,   3.0,   4.0,  56.0, -3.0 ,  0.0,  0.0,  0.0,  0.0,  0.0, 0.0,  15.0,       ,      ,      ,        ,        ,        ,        ,        ,        ,        ,        ,      
dirkro01 , 1995,     1, ANA , NHL , D  , 44.0,  1.0,   2.0,   3.0,  42.0, 8.0  ,  0.0,  0.0,  0.0,  0.0,  0.0, 0.0,  20.0,       ,      ,      ,        ,        ,        ,        ,        ,        ,        ,        ,      
dirkro01 , 1995,     2, MTL , NHL , D  ,  3.0,  0.0,   0.0,   0.0,   6.0, 0.0  ,  0.0,  0.0,  0.0,  0.0,  0.0, 0.0,   0.0,       ,      ,      ,        ,        ,        ,        ,        ,        ,        ,        ,      
disaljo01, 2005,     1, STL , NHL , R  ,  5.0,  0.0,   0.0,   0.0,   2.0, -1.0 ,  0.0,  0.0,  0.0,  0.0,  0.0,    ,   3.0,       ,      ,      ,        ,        ,        ,        ,        ,        ,        ,        ,      
divisre01, 2001,     1, STL , NHL , G  ,  1.0,  0.0,   0.0,   0.0,   0.0, 0.0  ,  0.0,  0.0,  0.0,  0.0,  0.0, 0.0,   0.0,       ,      ,      ,        ,        ,        ,        ,        ,        ,        ,        ,      
divisre01, 2002,     1, STL , NHL , G  ,  2.0,  0.0,   0.0,   0.0,   0.0, 0.0  ,  0.0,  0.0,  0.0,  0.0,  0.0, 0.0,   0.0,       ,      ,      ,        ,        ,        ,        ,        ,        ,        ,        ,      
divisre01, 2003,     1, STL , NHL , G  , 13.0,  0.0,   0.0,   0.0,   2.0, 0.0  ,  0.0,  0.0,  0.0,  0.0,  0.0, 0.0,   0.0,    1.0,   0.0,   0.0,     0.0,     0.0, 0.0    ,     0.0,     0.0,     0.0,     0.0,     0.0,     0.0
divisre01, 2005,     1, STL , NHL , G  , 12.0,  0.0,   0.0,   0.0,   0.0, 0.0  ,  0.0,  0.0,  0.0,  0.0,  0.0,    ,   0.0,       ,      ,      ,        ,        ,        ,        ,        ,        ,        ,        ,      
divisto01, 2000,     1, PHI , NHL , L  ,  2.0,  0.0,   0.0,   0.0,   0.0, -1.0 ,  0.0,  0.0,  0.0,  0.0,  0.0, 0.0,   2.0,       ,      ,      ,        ,        ,        ,        ,        ,        ,        ,        ,      
divisto01, 2001,     1, PHI , NHL , C  ,  3.0,  1.0,   0.0,   1.0,   0.0, 1.0  ,  0.0,  0.0,  0.0,  0.0,  1.0, 0.0,   3.0,       ,      ,      ,        ,        ,        ,        ,        ,        ,        ,        ,      
djoospe01, 1990,     1, DET , NHL , D  , 26.0,  0.0,  12.0,  12.0,  16.0, -2.0 ,  0.0,  5.0,  0.0,  0.0,  0.0, 0.0,  23.0,       ,      ,      ,        ,        ,        ,        ,        ,        ,        ,        ,      
djoospe01, 1991,     1, NYR , NHL , D  , 50.0,  1.0,  18.0,  19.0,  40.0, 7.0  ,  1.0,  4.0,  0.0,  0.0,  1.0, 0.0,  39.0,       ,      ,      ,        ,        ,        ,        ,        ,        ,        ,        ,      
djoospe01, 1992,     1, NYR , NHL , D  ,  6.0,  1.0,   1.0,   2.0,   2.0, 0.0  ,  0.0,  1.0,  0.0,  0.0,  0.0, 0.0,   4.0,       ,      ,      ,        ,        ,        ,        ,        ,        ,        ,        ,      
doakga01 , 1965,     1, DET , NHL , D  ,  4.0,  0.0,   0.0,   0.0,  12.0,      ,  0.0,     ,  0.0,     ,  0.0, 0.0,      ,       ,      ,      ,        ,        ,        ,        ,        ,        ,        ,        ,      
doakga01 , 1965,     2, BOS , NHL , D  , 20.0,  0.0,   8.0,   8.0,  28.0,      ,  0.0,     ,  0.0,     ,  0.0, 0.0,      ,       ,      ,      ,        ,        ,        ,        ,        ,        ,        ,        ,      
doakga01 , 1966,     1, BOS , NHL , D  , 29.0,  0.0,   1.0,   1.0,  50.0,      ,  0.0,     ,  0.0,     ,  0.0, 0.0,      ,       ,      ,      ,        ,        ,        ,        ,        ,        ,        ,        ,      
doakga01 , 1967,     1, BOS , NHL , D  , 59.0,  2.0,  10.0,  12.0, 100.0, 13.0 ,  0.0,     ,  0.0,     ,  1.0, 0.0,  53.0,    4.0,   0.0,   0.0,     0.0,     4.0,        ,     0.0,        ,     0.0,        ,     0.0,      
doakga01 , 1968,     1, BOS , NHL , D  , 22.0,  3.0,   3.0,   6.0,  37.0, 11.0 ,  0.0,     ,  0.0,     ,  0.0, 0.0,  22.0,       ,      ,      ,        ,        ,        ,        ,        ,        ,        ,        ,      
doakga01 , 1969,     1, BOS , NHL , D  , 44.0,  1.0,   7.0,   8.0,  63.0, 7.0  ,  0.0,     ,  0.0,     ,  1.0, 0.0,  36.0,    8.0,   0.0,   0.0,     0.0,     9.0,        ,     0.0,        ,     0.0,        ,     0.0,      
doakga01 , 1970,     1, VAN , NHL , D  , 77.0,  2.0,  10.0,  12.0, 112.0, -5.0 ,  0.0,     ,  0.0,     ,  0.0, 0.0,  60.0,       ,      ,      ,        ,        ,        ,        ,        ,        ,        ,        ,      
doakga01 , 1971,     1, VAN , NHL , D  ,  5.0,  0.0,   1.0,   1.0,  23.0, -1.0 ,  0.0,     ,  0.0,     ,  0.0, 0.0,   4.0,       ,      ,      ,        ,        ,        ,        ,        ,        ,        ,        ,      
doakga01 , 1971,     2, NYR , NHL , D  , 50.0,  1.0,  10.0,  11.0,  54.0, 16.0 ,  0.0,     ,  0.0,     ,  0.0, 0.0,  33.0,   12.0,   0.0,   0.0,     0.0,    46.0,        ,     0.0,        ,     0.0,        ,     0.0,      
doakga01 , 1972,     1, DET , NHL , D  , 44.0,  0.0,   5.0,   5.0,  51.0, 5.0  ,  0.0,     ,  0.0,     ,  0.0, 0.0,  28.0,       ,      ,      ,        ,        ,        ,        ,        ,        ,        ,        ,      
doakga01 , 1972,     2, BOS , NHL , D  ,  5.0,  0.0,   0.0,   0.0,   2.0, -1.0 ,  0.0,     ,  0.0,     ,  0.0, 0.0,   1.0,    2.0,   0.0,   0.0,     0.0,     2.0,        ,     0.0,        ,     0.0,        ,     0.0,      
doakga01 , 1973,     1, BOS , NHL , D  , 69.0,  0.0,   4.0,   4.0,  44.0, -2.0 ,  0.0,     ,  0.0,     ,  0.0, 0.0,  30.0,       ,      ,      ,        ,        ,        ,        ,        ,        ,        ,        ,      
doakga01 , 1974,     1, BOS , NHL , D  , 40.0,  0.0,   0.0,   0.0,  30.0, -3.0 ,  0.0,     ,  0.0,     ,  0.0, 0.0,  27.0,    3.0,   0.0,   0.0,     0.0,     4.0,        ,     0.0,        ,     0.0,        ,     0.0,      
doakga01 , 1975,     1, BOS , NHL , D  , 58.0,  1.0,   6.0,   7.0,  60.0, 25.0 ,  0.0,     ,  0.0,     ,  1.0, 0.0,  70.0,   12.0,   1.0,   0.0,     1.0,    22.0,        ,     0.0,        ,     0.0,        ,     0.0,      
doakga01 , 1976,     1, BOS , NHL , D  , 76.0,  3.0,  13.0,  16.0, 107.0, 15.0 ,  0.0,     ,  0.0,     ,  0.0, 0.0,  70.0,   14.0,   0.0,   2.0,     2.0,    26.0,        ,     0.0,        ,     0.0,        ,     0.0,      
doakga01 , 1977,     1, BOS , NHL , D  , 61.0,  4.0,  13.0,  17.0,  50.0, 37.0 ,  1.0,     ,  0.0,     ,  2.0, 0.0,  66.0,   12.0,   1.0,   0.0,     1.0,     4.0,        ,     0.0,        ,     0.0,        ,     1.0,      
doakga01 , 1978,     1, BOS , NHL , D  , 63.0,  6.0,  11.0,  17.0,  28.0, 12.0 ,  1.0,     ,  0.0,     ,  0.0, 2.0,  64.0,    7.0,   0.0,   2.0,     2.0,     4.0,        ,     0.0,        ,     0.0,        ,     0.0,      
doakga01 , 1979,     1, BOS , NHL , D  , 52.0,  0.0,   5.0,   5.0,  45.0, 14.0 ,  0.0,     ,  0.0,     ,  0.0, 0.0,  29.0,    4.0,   0.0,   0.0,     0.0,     0.0,        ,     0.0,        ,     0.0,        ,     0.0,      
doakga01 , 1980,     1, BOS , NHL , D  , 11.0,  0.0,   0.0,   0.0,  12.0, -3.0 ,  0.0,     ,  0.0,     ,  0.0, 0.0,   4.0,       ,      ,      ,        ,        ,        ,        ,        ,        ,        ,        ,      
doansh01 , 1995,     1, WIN , NHL , R  , 74.0,  7.0,  10.0,  17.0, 101.0, -9.0 ,  1.0,  3.0,  0.0,  0.0,  3.0, 0.0, 106.0,    6.0,   0.0,   0.0,     0.0,     6.0, 0.0    ,     0.0,     0.0,     0.0,     0.0,     0.0,     2.0
doansh01 , 1996,     1, PHO , NHL , R  , 63.0,  4.0,   8.0,  12.0,  49.0, -3.0 ,  0.0,  1.0,  0.0,  0.0,  0.0, 0.0, 100.0,    4.0,   0.0,   0.0,     0.0,     2.0, -1.0   ,     0.0,     0.0,     0.0,     0.0,     0.0,     2.0
doansh01 , 1997,     1, PHO , NHL , R  , 33.0,  5.0,   6.0,  11.0,  35.0, -3.0 ,  0.0,  1.0,  0.0,  0.0,  3.0, 0.0,  42.0,    6.0,   1.0,   0.0,     1.0,     6.0, -2.0   ,     0.0,     0.0,     0.0,     0.0,     0.0,     7.0
doansh01 , 1998,     1, PHO , NHL , R  , 79.0,  6.0,  16.0,  22.0,  54.0, -5.0 ,  0.0,  1.0,  0.0,  0.0,  0.0, 0.0, 156.0,    7.0,   2.0,   2.0,     4.0,     6.0, 4.0    ,     0.0,     0.0,     0.0,     0.0,     2.0,    17.0
doansh01 , 1999,     1, PHO , NHL , R  , 81.0, 26.0,  25.0,  51.0,  66.0, 6.0  ,  1.0,  2.0,  1.0,  0.0,  4.0, 0.0, 221.0,    4.0,   1.0,   2.0,     3.0,     8.0, -2.0   ,     1.0,     0.0,     0.0,     0.0,     0.0,     7.0
doansh01 , 2000,     1, PHO , NHL , R  , 76.0, 26.0,  37.0,  63.0,  89.0, 0.0  ,  6.0, 17.0,  1.0,  0.0,  6.0, 1.0, 220.0,       ,      ,      ,        ,        ,        ,        ,        ,        ,        ,        ,      
doansh01 , 2001,     1, PHO , NHL , R  , 81.0, 20.0,  29.0,  49.0,  61.0, 11.0 ,  6.0,  6.0,  0.0,  0.0,  2.0, 0.0, 205.0,    5.0,   2.0,   2.0,     4.0,     6.0, -2.0   ,     0.0,     0.0,     0.0,     0.0,     0.0,    14.0
doansh01 , 2002,     1, PHO , NHL , L  , 82.0, 21.0,  37.0,  58.0,  86.0, 3.0  ,  7.0, 13.0,  0.0,  1.0,  2.0, 0.0, 225.0,       ,      ,      ,        ,        ,        ,        ,        ,        ,        ,        ,      
doansh01 , 2003,     1, PHO , NHL , R  , 79.0, 27.0,  41.0,  68.0,  47.0, -11.0,  9.0, 18.0,  2.0,  1.0,  1.0, 3.0, 254.0,       ,      ,      ,        ,        ,        ,        ,        ,        ,        ,        ,      
doansh01 , 2005,     1, PHO , NHL , R  , 82.0, 30.0,  36.0,  66.0, 123.0, -9.0 , 17.0, 24.0,  0.0,  1.0,  7.0,    , 254.0,       ,      ,      ,        ,        ,        ,        ,        ,        ,        ,        ,      
doansh01 , 2006,     1, PHO , NHL , R  , 73.0, 27.0,  28.0,  55.0,  73.0, -14.0, 11.0, 12.0,  0.0,  0.0,  7.0,    , 209.0,       ,      ,      ,        ,        ,        ,        ,        ,        ,        ,        ,      
doansh01 , 2007,     1, PHO , NHL , R  , 80.0, 28.0,  50.0,  78.0,  59.0, 4.0  ,  9.0, 18.0,  2.0,  7.0,  5.0,    , 243.0,       ,      ,      ,        ,        ,        ,        ,        ,        ,        ,        ,      
doansh01 , 2008,     1, PHO , NHL , R  , 82.0, 31.0,  42.0,  73.0,  72.0, 5.0  , 10.0, 15.0,  0.0,  2.0,  4.0,    , 230.0,       ,      ,      ,        ,        ,        ,        ,        ,        ,        ,        ,      
doansh01 , 2009,     1, PHO , NHL , R  , 82.0, 18.0,  37.0,  55.0,  41.0, 3.0  ,  5.0, 11.0,  0.0,  0.0,  4.0,    , 234.0,    3.0,   1.0,   1.0,     2.0,     4.0, 0.0    ,     0.0,     0.0,     0.0,     0.0,     0.0,     7.0
dobbibr01, 1986,     1, PHI , NHL , R  , 12.0,  2.0,   1.0,   3.0,  14.0, 2.0  ,  0.0,     ,  0.0,     ,  0.0, 0.0,  13.0,       ,      ,      ,        ,        ,        ,        ,        ,        ,        ,        ,      
dobbibr01, 1987,     1, PHI , NHL , R  , 21.0,  3.0,   5.0,   8.0,   6.0, -1.0 ,  0.0,  2.0,  0.0,  0.0,  1.0, 0.0,  15.0,       ,      ,      ,        ,        ,        ,        ,        ,        ,        ,        ,      
dobbibr01, 1988,     1, PHI , NHL , R  , 14.0,  0.0,   1.0,   1.0,   8.0, -6.0 ,  0.0,  0.0,  0.0,  0.0,  0.0, 0.0,  13.0,    2.0,   0.0,   0.0,     0.0,    17.0, 0.0    ,     0.0,     0.0,     0.0,     0.0,     0.0,     1.0
dobbibr01, 1989,     1, PHI , NHL , R  ,  9.0,  1.0,   1.0,   2.0,  11.0, 1.0  ,  1.0,  1.0,  0.0,  0.0,  0.0, 0.0,  11.0,       ,      ,      ,        ,        ,        ,        ,        ,        ,        ,        ,      
dobbibr01, 1991,     1, BOS , NHL , R  ,  7.0,  1.0,   0.0,   1.0,  22.0, 0.0  ,  0.0,  0.0,  0.0,  0.0,  0.0, 0.0,   4.0,       ,      ,      ,        ,        ,        ,        ,        ,        ,        ,        ,      
dobekbo01, 1975,     1, SDM , WHA , C  , 14.0,  3.0,   1.0,   4.0,   2.0, 1.0  ,  0.0,     ,  0.0,     ,  0.0,    ,  23.0,   11.0,   1.0,   2.0,     3.0,     0.0, -1.0   ,        ,        ,        ,        ,        ,      
dobekbo01, 1976,     1, SDM , WHA , C  , 58.0,  7.0,  17.0,  24.0,  17.0, -9.0 ,  2.0,     ,  0.0,     ,     ,    ,  87.0,    5.0,   0.0,   0.0,     0.0,     4.0, -2.0   ,     0.0,        ,     0.0,        ,     0.0,      
dobsoji01, 1979,     1, MNS , NHL , R  ,  1.0,  0.0,   0.0,   0.0,   0.0, 0.0  ,  0.0,     ,  0.0,     ,  0.0, 0.0,   0.0,       ,      ,      ,        ,        ,        ,        ,        ,        ,        ,        ,      
dobsoji01, 1980,     1, MNS , NHL , R  ,  1.0,  0.0,   0.0,   0.0,   0.0, 0.0  ,  0.0,     ,  0.0,     ,  0.0, 0.0,   0.0,       ,      ,      ,        ,        ,        ,        ,        ,        ,        ,        ,      
dobsoji01, 1981,     1, MNS , NHL , R  ,  6.0,  0.0,   0.0,   0.0,   4.0, 0.0  ,  0.0,     ,  0.0,     ,  0.0, 0.0,   5.0,       ,      ,      ,        ,        ,        ,        ,        ,        ,        ,        ,      
dobsoji01, 1981,     2, COR , NHL , R  ,  3.0,  0.0,   0.0,   0.0,   2.0, -1.0 ,  0.0,     ,  0.0,     ,  0.0, 0.0,   5.0,       ,      ,      ,        ,        ,        ,        ,        ,        ,        ,        ,      
dobsoji01, 1983,     1, QUE , NHL , R  ,  1.0,  0.0,   0.0,   0.0,   0.0, -1.0 ,  0.0,     ,  0.0,     ,  0.0, 0.0,   1.0,       ,      ,      ,        ,        ,        ,        ,        ,        ,        ,        ,      
doellke01, 2007,     1, ATL , NHL , C  ,  8.0,  0.0,   1.0,   1.0,   4.0, -2.0 ,  0.0,  1.0,  0.0,  0.0,  0.0,    ,   6.0,       ,      ,      ,        ,        ,        ,        ,        ,        ,        ,        ,      
doherfr01, 1910,     1, REN , NHA ,    ,  1.0,  0.0,   0.0,   0.0,   0.0,      ,     ,     ,     ,     ,     ,    ,      ,       ,      ,      ,        ,        ,        ,        ,        ,        ,        ,        ,      
doherfr01, 1912,     1, TBS , NHA ,    ,  1.0,  0.0,   0.0,   0.0,   0.0,      ,     ,     ,     ,     ,     ,    ,      ,       ,      ,      ,        ,        ,        ,        ,        ,        ,        ,        ,      
doherfr01, 1913,     1, TOO , NHA ,    , 19.0,  9.0,   5.0,  14.0,  20.0,      ,     ,     ,     ,     ,     ,    ,      ,       ,      ,      ,        ,        ,        ,        ,        ,        ,        ,        ,      
doherfr01, 1914,     1, QU1 , NHA ,    ,  1.0,  0.0,   0.0,   0.0,   0.0,      ,     ,     ,     ,     ,     ,    ,      ,       ,      ,      ,        ,        ,        ,        ,        ,        ,        ,        ,      
doherfr01, 1915,     1, MOW , NHA ,    ,  1.0,  0.0,   0.0,   0.0,   0.0,      ,     ,     ,     ,     ,     ,    ,      ,       ,      ,      ,        ,        ,        ,        ,        ,        ,        ,        ,      
doherfr01, 1918,     1, MTL , NHL , F  ,  1.0,  0.0,   0.0,   0.0,   0.0,      ,     ,     ,     ,     ,     ,    ,      ,       ,      ,      ,        ,        ,        ,        ,        ,        ,        ,        ,      
doigja01 , 1995,     1, WIN , NHL , D  , 15.0,  1.0,   1.0,   2.0,  28.0, -2.0 ,  0.0,  0.0,  0.0,  0.0,  0.0, 0.0,   7.0,       ,      ,      ,        ,        ,        ,        ,        ,        ,        ,        ,      
doigja01 , 1997,     1, PHO , NHL , D  ,  4.0,  0.0,   1.0,   1.0,  12.0, -4.0 ,  0.0,  0.0,  0.0,  0.0,  0.0, 0.0,   1.0,       ,      ,      ,        ,        ,        ,        ,        ,        ,        ,        ,      
doigja01 , 1998,     1, PHO , NHL , D  ,  9.0,  0.0,   1.0,   1.0,  10.0, 2.0  ,  0.0,  0.0,  0.0,  0.0,  0.0, 0.0,   0.0,       ,      ,      ,        ,        ,        ,        ,        ,        ,        ,        ,      
doigja01 , 1999,     1, NYR , NHL , D  ,  7.0,  0.0,   1.0,   1.0,  22.0, -2.0 ,  0.0,  0.0,  0.0,  0.0,  0.0, 0.0,   3.0,       ,      ,      ,        ,        ,        ,        ,        ,        ,        ,        ,      
doigja01 , 2000,     1, NYR , NHL , D  ,  3.0,  0.0,   0.0,   0.0,   0.0, 0.0  ,  0.0,  0.0,  0.0,  0.0,  0.0, 0.0,   1.0,       ,      ,      ,        ,        ,        ,        ,        ,        ,        ,        ,      
doigja01 , 2002,     1, WAS , NHL , D  , 55.0,  3.0,   5.0,   8.0, 108.0, -3.0 ,  0.0,  0.0,  0.0,  0.0,  1.0, 0.0,  41.0,    6.0,   0.0,   1.0,     1.0,     6.0, 1.0    ,     0.0,     0.0,     0.0,     0.0,     0.0,     5.0
doigja01 , 2003,     1, WAS , NHL , D  , 65.0,  2.0,   9.0,  11.0, 105.0, -12.0,  0.0,  0.0,  0.0,  0.0,  0.0, 0.0,  59.0,       ,      ,      ,        ,        ,        ,        ,        ,        ,        ,        ,      
dollabo01, 1983,     1, WIN , NHL , D  ,  1.0,  0.0,   0.0,   0.0,   0.0, -2.0 ,  0.0,     ,  0.0,     ,  0.0, 0.0,   0.0,       ,      ,      ,        ,        ,        ,        ,        ,        ,        ,        ,      
dollabo01, 1984,     1, WIN , NHL , D  ,  9.0,  0.0,   0.0,   0.0,   0.0, 4.0  ,  0.0,     ,  0.0,     ,  0.0, 0.0,   2.0,       ,      ,      ,        ,        ,        ,        ,        ,        ,        ,        ,      
dollabo01, 1985,     1, WIN , NHL , D  , 46.0,  0.0,   5.0,   5.0,  66.0, -3.0 ,  0.0,     ,  0.0,     ,  0.0, 0.0,  50.0,    3.0,   0.0,   0.0,     0.0,     2.0, -2.0   ,     0.0,        ,     0.0,        ,     0.0,     0.0
dollabo01, 1987,     1, QUE , NHL , D  ,  9.0,  0.0,   0.0,   0.0,   2.0, -4.0 ,  0.0,  0.0,  0.0,  0.0,  0.0, 0.0,   5.0,       ,      ,      ,        ,        ,        ,        ,        ,        ,        ,        ,      
dollabo01, 1988,     1, QUE , NHL , D  , 16.0,  0.0,   3.0,   3.0,  16.0, -11.0,  0.0,  0.0,  0.0,  0.0,  0.0, 0.0,  11.0,       ,      ,      ,        ,        ,        ,        ,        ,        ,        ,        ,      
dollabo01, 1990,     1, DET , NHL , D  , 56.0,  3.0,   5.0,   8.0,  20.0, 6.0  ,  0.0,  0.0,  0.0,  0.0,  1.0, 0.0,  59.0,    7.0,   1.0,   0.0,     1.0,    13.0, -2.0   ,     0.0,     0.0,     0.0,     0.0,     0.0,     3.0
dollabo01, 1991,     1, DET , NHL , D  , 27.0,  3.0,   1.0,   4.0,  20.0, 4.0  ,  0.0,  0.0,  1.0,  0.0,  0.0, 0.0,  26.0,    2.0,   0.0,   1.0,     1.0,     0.0, 1.0    ,     0.0,     0.0,     0.0,     0.0,     0.0,     3.0
dollabo01, 1992,     1, DET , NHL , D  ,  6.0,  0.0,   0.0,   0.0,   2.0, -1.0 ,  0.0,  0.0,  0.0,  0.0,  0.0, 0.0,   5.0,       ,      ,      ,        ,        ,        ,        ,        ,        ,        ,        ,      
dollabo01, 1993,     1, ANA , NHL , D  , 77.0,  9.0,  11.0,  20.0,  55.0, 20.0 ,  1.0,  5.0,  0.0,  0.0,  1.0, 0.0, 121.0,       ,      ,      ,        ,        ,        ,        ,        ,        ,        ,        ,      
dollabo01, 1994,     1, ANA , NHL , D  , 45.0,  7.0,  13.0,  20.0,  12.0, -3.0 ,  3.0,  3.0,  1.0,  0.0,  1.0, 0.0,  70.0,       ,      ,      ,        ,        ,        ,        ,        ,        ,        ,        ,      
dollabo01, 1995,     1, ANA , NHL , D  , 82.0,  8.0,  22.0,  30.0,  64.0, 9.0  ,  0.0,  8.0,  1.0,  1.0,  1.0, 0.0, 117.0,       ,      ,      ,        ,        ,        ,        ,        ,        ,        ,        ,      
dollabo01, 1996,     1, ANA , NHL , D  , 79.0,  4.0,  14.0,  18.0,  55.0, 17.0 ,  1.0,  3.0,  0.0,  0.0,  1.0, 1.0,  96.0,   11.0,   0.0,   0.0,     0.0,     4.0, -2.0   ,     0.0,     0.0,     0.0,     0.0,     0.0,    10.0
dollabo01, 1997,     1, ANA , NHL , D  , 22.0,  0.0,   1.0,   1.0,  27.0, -12.0,  0.0,  0.0,  0.0,  0.0,  0.0, 0.0,  11.0,       ,      ,      ,        ,        ,        ,        ,        ,        ,        ,        ,      
dollabo01, 1997,     2, EDM , NHL , D  , 30.0,  2.0,   5.0,   7.0,  22.0, 6.0  ,  0.0,  3.0,  0.0,  0.0,  0.0, 0.0,  27.0,   11.0,   0.0,   0.0,     0.0,    16.0, 2.0    ,     0.0,     0.0,     0.0,     0.0,     0.0,    10.0
dollabo01, 1998,     1, PIT , NHL , D  , 70.0,  2.0,   8.0,  10.0,  60.0, -3.0 ,  0.0,  0.0,  0.0,  1.0,  0.0, 0.0,  34.0,   13.0,   1.0,   0.0,     1.0,     6.0, -4.0   ,     0.0,     0.0,     0.0,     0.0,     0.0,     6.0
dollabo01, 1999,     1, OTT , NHL , D  ,  1.0,  0.0,   0.0,   0.0,   0.0, 2.0  ,  0.0,  0.0,  0.0,  0.0,  0.0, 0.0,   0.0,       ,      ,      ,        ,        ,        ,        ,        ,        ,        ,        ,      
dollabo01, 1999,     2, CAL , NHL , D  , 49.0,  3.0,   7.0,  10.0,  28.0, 4.0  ,  1.0,  0.0,  0.0,  0.0,  0.0, 0.0,  36.0,       ,      ,      ,        ,        ,        ,        ,        ,        ,        ,        ,      
dollabo01, 2000,     1, SJS , NHL , D  , 16.0,  1.0,   1.0,   2.0,  14.0, 4.0  ,  0.0,  0.0,  0.0,  0.0,  0.0, 0.0,   5.0,       ,      ,      ,        ,        ,        ,        ,        ,        ,        ,        ,      
dollabo01, 2000,     2, PIT , NHL , D  ,  5.0,  0.0,   0.0,   0.0,   4.0, 0.0  ,  0.0,  0.0,  0.0,  0.0,  0.0, 0.0,   6.0,       ,      ,      ,        ,        ,        ,        ,        ,        ,        ,        ,      
dolsodo01, 1928,     1, DTC , NHL , G  , 44.0,  0.0,   0.0,   0.0,   0.0,      ,     ,     ,     ,     ,     ,    ,      ,    2.0,   0.0,   0.0,     0.0,     0.0,        ,        ,        ,        ,        ,        ,      
dolsodo01, 1929,     1, DTC , NHL , G  ,  5.0,  0.0,   0.0,   0.0,   0.0,      ,     ,     ,     ,     ,     ,    ,      ,       ,      ,      ,        ,        ,        ,        ,        ,        ,        ,        ,      
dolsodo01, 1930,     1, DTF , NHL , G  , 44.0,  0.0,   0.0,   0.0,   0.0,      ,     ,     ,     ,     ,     ,    ,      ,       ,      ,      ,        ,        ,        ,        ,        ,        ,        ,        ,      
domenhn01, 1996,     1, HAR , NHL , L  , 13.0,  2.0,   1.0,   3.0,   7.0, -4.0 ,  1.0,  0.0,  0.0,  0.0,  0.0, 0.0,  14.0,       ,      ,      ,        ,        ,        ,        ,        ,        ,        ,        ,      
domenhn01, 1996,     2, CAL , NHL , L  , 10.0,  1.0,   2.0,   3.0,   2.0, 1.0  ,  0.0,  1.0,  0.0,  0.0,  0.0, 0.0,  16.0,       ,      ,      ,        ,        ,        ,        ,        ,        ,        ,        ,      
domenhn01, 1997,     1, CAL , NHL , L  , 31.0,  9.0,   7.0,  16.0,   6.0, 4.0  ,  1.0,  0.0,  0.0,  0.0,  1.0, 2.0,  70.0,       ,      ,      ,        ,        ,        ,        ,        ,        ,        ,        ,      
domenhn01, 1998,     1, CAL , NHL , C  , 23.0,  5.0,   5.0,  10.0,  11.0, -4.0 ,  3.0,  1.0,  0.0,  0.0,  0.0, 0.0,  45.0,       ,      ,      ,        ,        ,        ,        ,        ,        ,        ,        ,      
domenhn01, 1999,     1, CAL , NHL , C  , 32.0,  5.0,   9.0,  14.0,  12.0, 0.0  ,  1.0,  2.0,  0.0,  0.0,  1.0, 0.0,  57.0,       ,      ,      ,        ,        ,        ,        ,        ,        ,        ,        ,      
domenhn01, 1999,     2, ATL , NHL , C  , 27.0,  6.0,   9.0,  15.0,   4.0, -21.0,  0.0,  5.0,  0.0,  0.0,  0.0, 0.0,  68.0,       ,      ,      ,        ,        ,        ,        ,        ,        ,        ,        ,      
domenhn01, 2000,     1, ATL , NHL , L  , 63.0, 15.0,  12.0,  27.0,  18.0, -9.0 ,  4.0,  1.0,  0.0,  0.0,  1.0, 0.0, 150.0,       ,      ,      ,        ,        ,        ,        ,        ,        ,        ,        ,      
domenhn01, 2001,     1, ATL , NHL , R  , 40.0,  8.0,  11.0,  19.0,  34.0, -18.0,  1.0,  1.0,  0.0,  0.0,  1.0, 1.0,  87.0,       ,      ,      ,        ,        ,        ,        ,        ,        ,        ,        ,      
domenhn01, 2001,     2, MIN , NHL , R  , 27.0,  1.0,   5.0,   6.0,  10.0, -5.0 ,  0.0,  1.0,  0.0,  0.0,  0.0, 0.0,  57.0,       ,      ,      ,        ,        ,        ,        ,        ,        ,        ,        ,      
domenhn01, 2002,     1, MIN , NHL , R  ,  1.0,  0.0,   0.0,   0.0,   0.0, 0.0  ,  0.0,  0.0,  0.0,  0.0,  0.0, 0.0,   1.0,       ,      ,      ,        ,        ,        ,        ,        ,        ,        ,        ,      
domero01 , 1997,     1, PIT , NHL , R  , 30.0,  5.0,   2.0,   7.0,  12.0, -1.0 ,  1.0,  0.0,  0.0,  0.0,  0.0, 0.0,  29.0,       ,      ,      ,        ,        ,        ,        ,        ,        ,        ,        ,      
domero01 , 1999,     1, PIT , NHL , C  , 22.0,  2.0,   5.0,   7.0,   0.0, 1.0  ,  0.0,  1.0,  0.0,  0.0,  0.0, 0.0,  27.0,       ,      ,      ,        ,        ,        ,        ,        ,        ,        ,        ,      
domero01 , 2002,     1, CAL , NHL , R  ,  1.0,  0.0,   0.0,   0.0,   0.0, 0.0  ,  0.0,  0.0,  0.0,  0.0,  0.0, 0.0,   1.0,       ,      ,      ,        ,        ,        ,        ,        ,        ,        ,        ,      
domiti01 , 1989,     1, TOR , NHL , R  ,  2.0,  0.0,   0.0,   0.0,  42.0, 0.0  ,  0.0,  0.0,  0.0,  0.0,  0.0, 0.0,   0.0,       ,      ,      ,        ,        ,        ,        ,        ,        ,        ,        ,      
domiti01 , 1990,     1, NYR , NHL , R  , 28.0,  1.0,   0.0,   1.0, 185.0, -5.0 ,  0.0,  0.0,  0.0,  0.0,  0.0, 0.0,   5.0,       ,      ,      ,        ,        ,        ,        ,        ,        ,        ,        ,      
domiti01 , 1991,     1, NYR , NHL , R  , 42.0,  2.0,   4.0,   6.0, 246.0, -4.0 ,  0.0,  0.0,  0.0,  0.0,  1.0, 0.0,  20.0,    6.0,   1.0,   1.0,     2.0,    32.0, 1.0    ,     0.0,     0.0,     0.0,     0.0,     0.0,     1.0
domiti01 , 1992,     1, NYR , NHL , R  , 12.0,  2.0,   0.0,   2.0,  95.0, -1.0 ,  0.0,  0.0,  0.0,  0.0,  0.0, 0.0,  11.0,       ,      ,      ,        ,        ,        ,        ,        ,        ,        ,        ,      
domiti01 , 1992,     2, WIN , NHL , R  , 49.0,  3.0,  10.0,  13.0, 249.0, 2.0  ,  0.0,  0.0,  0.0,  0.0,  0.0, 0.0,  29.0,    6.0,   1.0,   0.0,     1.0,    23.0, 1.0    ,     0.0,     0.0,     0.0,     0.0,     0.0,     5.0
domiti01 , 1993,     1, WIN , NHL , R  , 81.0,  8.0,  11.0,  19.0, 347.0, -8.0 ,  0.0,  0.0,  0.0,  0.0,  1.0, 0.0,  98.0,       ,      ,      ,        ,        ,        ,        ,        ,        ,        ,        ,      
domiti01 , 1994,     1, WIN , NHL , R  , 31.0,  4.0,   4.0,   8.0, 128.0, -6.0 ,  0.0,  0.0,  0.0,  0.0,  0.0, 0.0,  34.0,       ,      ,      ,        ,        ,        ,        ,        ,        ,        ,        ,      
domiti01 , 1994,     2, TOR , NHL , R  ,  9.0,  0.0,   1.0,   1.0,  31.0, 1.0  ,  0.0,  0.0,  0.0,  0.0,  0.0, 0.0,  12.0,    7.0,   1.0,   0.0,     1.0,     0.0, -2.0   ,     0.0,     0.0,     0.0,     0.0,     0.0,     7.0
domiti01 , 1995,     1, TOR , NHL , R  , 72.0,  7.0,   6.0,  13.0, 297.0, -3.0 ,  0.0,  0.0,  0.0,  0.0,  1.0, 0.0,  61.0,    6.0,   0.0,   2.0,     2.0,     4.0, 0.0    ,     0.0,     0.0,     0.0,     0.0,     0.0,     4.0
domiti01 , 1996,     1, TOR , NHL , R  , 80.0, 11.0,  17.0,  28.0, 275.0, -17.0,  2.0,  1.0,  0.0,  0.0,  1.0, 0.0,  98.0,       ,      ,      ,        ,        ,        ,        ,        ,        ,        ,        ,      
domiti01 , 1997,     1, TOR , NHL , R  , 80.0,  4.0,  10.0,  14.0, 365.0, -5.0 ,  0.0,  0.0,  0.0,  0.0,  0.0, 1.0,  72.0,       ,      ,      ,        ,        ,        ,        ,        ,        ,        ,        ,      
domiti01 , 1998,     1, TOR , NHL , R  , 72.0,  8.0,  14.0,  22.0, 198.0, 5.0  ,  0.0,  0.0,  0.0,  0.0,  1.0, 0.0,  65.0,   14.0,   0.0,   2.0,     2.0,    24.0, -1.0   ,     0.0,     1.0,     0.0,     0.0,     0.0,     7.0
domiti01 , 1999,     1, TOR , NHL , R  , 70.0,  5.0,   9.0,  14.0, 198.0, -5.0 ,  0.0,  1.0,  0.0,  0.0,  2.0, 0.0,  64.0,   12.0,   0.0,   1.0,     1.0,    20.0, -5.0   ,     0.0,     0.0,     0.0,     0.0,     0.0,     3.0
domiti01 , 2000,     1, TOR , NHL , R  , 82.0, 13.0,   7.0,  20.0, 214.0, 2.0  ,  1.0,  0.0,  0.0,  0.0,  1.0, 0.0,  60.0,    8.0,   0.0,   1.0,     1.0,    20.0, 0.0    ,     0.0,     0.0,     0.0,     0.0,     0.0,     3.0
domiti01 , 2001,     1, TOR , NHL , R  , 74.0,  9.0,  10.0,  19.0, 157.0, 3.0  ,  0.0,  1.0,  0.0,  0.0,  2.0, 0.0,  93.0,   19.0,   1.0,   3.0,     4.0,    61.0, 0.0    ,     0.0,     0.0,     0.0,     0.0,     1.0,    25.0
domiti01 , 2002,     1, TOR , NHL , R  , 79.0, 15.0,  14.0,  29.0, 171.0, -1.0 ,  4.0,  2.0,  0.0,  0.0,  0.0, 0.0,  91.0,    7.0,   1.0,   0.0,     1.0,    13.0, 0.0    ,     0.0,     0.0,     0.0,     0.0,     0.0,    11.0
domiti01 , 2003,     1, TOR , NHL , R  , 80.0,  7.0,  13.0,  20.0, 208.0, -2.0 ,  1.0,  0.0,  0.0,  0.0,  0.0, 0.0,  84.0,   13.0,   2.0,   2.0,     4.0,    41.0, 4.0    ,     0.0,     0.0,     0.0,     0.0,     1.0,    27.0
domiti01 , 2005,     1, TOR , NHL , R  , 77.0,  5.0,  11.0,  16.0, 109.0, -10.0,  1.0,  0.0,  0.0,  0.0,  0.0,    ,  67.0,       ,      ,      ,        ,        ,        ,        ,        ,        ,        ,        ,      
donalga01, 1973,     1, CHI , NHL , R  ,  1.0,  0.0,   0.0,   0.0,   0.0, 1.0  ,  0.0,     ,  0.0,     ,  0.0, 0.0,   3.0,       ,      ,      ,        ,        ,        ,        ,        ,        ,        ,        ,      
donalga01, 1976,     1, HOU , WHA , R  ,  5.0,  0.0,   0.0,   0.0,   6.0, -3.0 ,  0.0,     ,  0.0,     ,  0.0,    ,  14.0,       ,      ,      ,        ,        ,        ,        ,        ,        ,        ,        ,      
donatcl01, 1989,     1, MNS , NHL , L  , 25.0,  3.0,   3.0,   6.0,  17.0, -11.0,  0.0,  2.0,  0.0,  0.0,  1.0, 0.0,  25.0,       ,      ,      ,        ,        ,        ,        ,        ,        ,        ,        ,      
donatcl01, 1991,     1, BOS , NHL , L  , 10.0,  0.0,   1.0,   1.0,  22.0, -8.0 ,  0.0,  0.0,  0.0,  0.0,  0.0, 0.0,   7.0,    2.0,   0.0,   0.0,     0.0,     0.0, 0.0    ,     0.0,     0.0,     0.0,     0.0,     0.0,     0.0
donatte01, 1991,     1, BOS , NHL , C  , 10.0,  1.0,   2.0,   3.0,   8.0, -1.0 ,  0.0,  0.0,  0.0,  0.0,  0.0, 0.0,  13.0,   15.0,   3.0,   4.0,     7.0,     4.0, 0.0    ,     0.0,     2.0,     0.0,     0.0,     1.0,    20.0
donatte01, 1992,     1, BOS , NHL , L  , 82.0, 15.0,  20.0,  35.0,  61.0, 2.0  ,  3.0, 11.0,  2.0,  0.0,  5.0, 0.0, 118.0,    4.0,   0.0,   1.0,     1.0,     0.0, -7.0   ,     0.0,     1.0,     0.0,     0.0,     0.0,     9.0
donatte01, 1993,     1, BOS , NHL , L  , 84.0, 22.0,  32.0,  54.0,  59.0, 0.0  ,  9.0,  4.0,  2.0,  2.0,  1.0, 1.0, 158.0,   13.0,   4.0,   2.0,     6.0,    10.0, -1.0   ,     2.0,     2.0,     0.0,     0.0,     1.0,    18.0
donatte01, 1994,     1, BOS , NHL , C  , 47.0, 10.0,  10.0,  20.0,  10.0, 3.0  ,  1.0,  2.0,  0.0,  1.0,  1.0, 0.0,  71.0,    5.0,   0.0,   0.0,     0.0,     4.0, 0.0    ,     0.0,     0.0,     0.0,     0.0,     0.0,     5.0
donatte01, 1995,     1, BOS , NHL , L  , 82.0, 23.0,  26.0,  49.0,  46.0, 6.0  ,  7.0,  8.0,  0.0,  2.0,  1.0, 0.0, 152.0,    5.0,   1.0,   2.0,     3.0,     2.0, -3.0   ,     1.0,     1.0,     0.0,     0.0,     0.0,     7.0
donatte01, 1996,     1, BOS , NHL , L  , 67.0, 25.0,  26.0,  51.0,  37.0, -9.0 ,  6.0,  5.0,  2.0,  1.0,  2.0, 0.0, 172.0,       ,      ,      ,        ,        ,        ,        ,        ,        ,        ,        ,      
donatte01, 1997,     1, BOS , NHL , L  , 79.0, 16.0,  23.0,  39.0,  54.0, 6.0  ,  3.0,  7.0,  0.0,  0.0,  5.0, 1.0, 129.0,    5.0,   0.0,   0.0,     0.0,     2.0, -3.0   ,     0.0,     0.0,     0.0,     0.0,     0.0,     3.0
donatte01, 1998,     1, BOS , NHL , L  , 14.0,  1.0,   3.0,   4.0,   4.0, 0.0  ,  0.0,  1.0,  0.0,  0.0,  0.0, 0.0,  22.0,       ,      ,      ,        ,        ,        ,        ,        ,        ,        ,        ,      
donatte01, 1998,     2, NYI , NHL , L  , 55.0,  7.0,  11.0,  18.0,  27.0, -10.0,  2.0,  3.0,  0.0,  0.0,  0.0, 0.0,  68.0,       ,      ,      ,        ,        ,        ,        ,        ,        ,        ,        ,      
donatte01, 1998,     3, OTT , NHL , L  , 13.0,  3.0,   2.0,   5.0,  10.0, 2.0  ,  1.0,  0.0,  0.0,  0.0,  0.0, 0.0,  16.0,    1.0,   0.0,   0.0,     0.0,     0.0, 0.0    ,     0.0,     0.0,     0.0,     0.0,     0.0,     0.0
donatte01, 1999,     1, ANA , NHL , L  , 81.0, 11.0,  19.0,  30.0,  26.0, -3.0 ,  2.0,  3.0,  0.0,  1.0,  3.0, 0.0, 138.0,       ,      ,      ,        ,        ,        ,        ,        ,        ,        ,        ,      
donatte01, 2000,     1, DAL , NHL , L  , 65.0,  8.0,  17.0,  25.0,  26.0, 6.0  ,  1.0,  0.0,  0.0,  0.0,  3.0, 0.0,  71.0,    8.0,   0.0,   1.0,     1.0,     0.0, 0.0    ,     0.0,     0.0,     0.0,     0.0,     0.0,    10.0
donatte01, 2001,     1, NYI , NHL , L  ,  1.0,  0.0,   0.0,   0.0,   0.0, -1.0 ,  0.0,  0.0,  0.0,  0.0,  0.0, 0.0,   1.0,       ,      ,      ,        ,        ,        ,        ,        ,        ,        ,        ,      
donatte01, 2001,     2, LAK , NHL , L  ,  2.0,  0.0,   0.0,   0.0,   2.0, -2.0 ,  0.0,  0.0,  0.0,  0.0,  0.0, 0.0,   1.0,       ,      ,      ,        ,        ,        ,        ,        ,        ,        ,        ,      
donatte01, 2001,     3, STL , NHL , L  ,  2.0,  0.0,   0.0,   0.0,   2.0, -2.0 ,  0.0,  0.0,  0.0,  0.0,  0.0, 0.0,   0.0,       ,      ,      ,        ,        ,        ,        ,        ,        ,        ,        ,      
donatte01, 2002,     1, NYR , NHL , C  , 49.0,  2.0,   1.0,   3.0,   6.0, -1.0 ,  0.0,  0.0,  0.0,  0.0,  0.0, 0.0,  30.0,       ,      ,      ,        ,        ,        ,        ,        ,        ,        ,        ,      
donatte01, 2003,     1, BOS , NHL , C  , 63.0,  6.0,   5.0,  11.0,  18.0, 2.0  ,  0.0,  0.0,  3.0,  2.0,  1.0, 1.0,  35.0,    2.0,   0.0,   0.0,     0.0,     0.0, 0.0    ,     0.0,     0.0,     0.0,     0.0,     0.0,     1.0
donneba01, 1926,     1, MTM , NHL , D  , 34.0,  0.0,   1.0,   1.0,  14.0,      ,     ,     ,     ,     ,     ,    ,      ,    2.0,   0.0,   0.0,     0.0,     0.0,        ,        ,        ,        ,        ,        ,      
donneda01, 1983,     1, BOS , NHL , L  , 16.0,  3.0,   4.0,   7.0,   2.0, 13.0 ,  0.0,     ,  0.0,     ,  0.0, 0.0,  22.0,    3.0,   0.0,   0.0,     0.0,     0.0, 1.0    ,     0.0,        ,     0.0,        ,     0.0,     3.0
donneda01, 1984,     1, BOS , NHL , C  , 38.0,  6.0,   8.0,  14.0,  46.0, -1.0 ,  0.0,     ,  1.0,     ,  1.0, 0.0,  33.0,    1.0,   0.0,   0.0,     0.0,     0.0, 0.0    ,     0.0,        ,     0.0,        ,     0.0,     1.0
donneda01, 1985,     1, BOS , NHL , C  ,  8.0,  0.0,   0.0,   0.0,  17.0, 3.0  ,  0.0,     ,  0.0,     ,  0.0, 0.0,   8.0,       ,      ,      ,        ,        ,        ,        ,        ,        ,        ,        ,      
donneda01, 1986,     1, CHI , NHL , C  , 71.0,  6.0,  12.0,  18.0,  81.0, -7.0 ,  0.0,     ,  0.0,     ,  0.0, 0.0,  64.0,    1.0,   0.0,   0.0,     0.0,     0.0, 0.0    ,     0.0,        ,     0.0,        ,     0.0,     0.0
donneda01, 1987,     1, EDM , NHL , C  ,  4.0,  0.0,   0.0,   0.0,   4.0, 0.0  ,  0.0,  0.0,  0.0,  0.0,  0.0, 0.0,   3.0,       ,      ,      ,        ,        ,        ,        ,        ,        ,        ,        ,      
donnego01, 1983,     1, QUE , NHL , D  , 38.0,  0.0,   5.0,   5.0,  60.0, -1.0 ,  0.0,     ,  0.0,     ,  0.0, 0.0,  14.0,       ,      ,      ,        ,        ,        ,        ,        ,        ,        ,        ,      
donnego01, 1984,     1, QUE , NHL , D  , 22.0,  0.0,   0.0,   0.0,  33.0, 1.0  ,  0.0,     ,  0.0,     ,  0.0, 0.0,   9.0,       ,      ,      ,        ,        ,        ,        ,        ,        ,        ,        ,      
donnego01, 1985,     1, QUE , NHL , D  , 36.0,  2.0,   2.0,   4.0,  85.0, 0.0  ,  0.0,     ,  0.0,     ,  0.0, 0.0,  30.0,    1.0,   0.0,   0.0,     0.0,     0.0, -2.0   ,     0.0,        ,     0.0,        ,     0.0,     1.0
donnego01, 1986,     1, QUE , NHL , R  , 38.0,  0.0,   2.0,   2.0, 143.0, -3.0 ,  0.0,     ,  0.0,     ,  0.0, 0.0,  14.0,   13.0,   0.0,   0.0,     0.0,    53.0, -2.0   ,     0.0,        ,     0.0,        ,     0.0,     9.0
donnego01, 1987,     1, QUE , NHL , R  , 63.0,  4.0,   3.0,   7.0, 301.0, -16.0,  1.0,  1.0,  0.0,  0.0,  0.0, 0.0,  46.0,       ,      ,      ,        ,        ,        ,        ,        ,        ,        ,        ,      
donnego01, 1988,     1, QUE , NHL , R  , 16.0,  4.0,   0.0,   4.0,  46.0, -8.0 ,  1.0,  0.0,  0.0,  0.0,  0.0, 0.0,  14.0,       ,      ,      ,        ,        ,        ,        ,        ,        ,        ,        ,      
donnego01, 1988,     2, WIN , NHL , R  , 57.0,  6.0,  10.0,  16.0, 228.0, -12.0,  0.0,  0.0,  0.0,  0.0,  0.0, 0.0,  53.0,       ,      ,      ,        ,        ,        ,        ,        ,        ,        ,        ,      
donnego01, 1989,     1, WIN , NHL , R  , 55.0,  3.0,   3.0,   6.0, 222.0, 3.0  ,  0.0,  0.0,  0.0,  0.0,  0.0, 0.0,  43.0,    6.0,   0.0,   1.0,     1.0,     8.0, 3.0    ,     0.0,     0.0,     0.0,     0.0,     0.0,     4.0
donnego01, 1990,     1, WIN , NHL , R  , 57.0,  3.0,   4.0,   7.0, 265.0, -13.0,  0.0,  0.0,  0.0,  0.0,  0.0, 0.0,  35.0,       ,      ,      ,        ,        ,        ,        ,        ,        ,        ,        ,      
donnego01, 1991,     1, WIN , NHL , D  ,  4.0,  0.0,   0.0,   0.0,  11.0, -5.0 ,  0.0,  0.0,  0.0,  0.0,  0.0, 0.0,   5.0,       ,      ,      ,        ,        ,        ,        ,        ,        ,        ,        ,      
donnego01, 1991,     2, BUF , NHL , D  , 67.0,  2.0,   3.0,   5.0, 305.0, -7.0 ,  0.0,  0.0,  0.0,  0.0,  1.0, 0.0,  25.0,    6.0,   0.0,   1.0,     1.0,     0.0, 0.0    ,     0.0,     1.0,     0.0,     0.0,     0.0,     0.0
donnego01, 1992,     1, BUF , NHL , D  , 60.0,  3.0,   8.0,  11.0, 221.0, 5.0  ,  0.0,  0.0,  0.0,  1.0,  0.0, 0.0,  38.0,       ,      ,      ,        ,        ,        ,        ,        ,        ,        ,        ,      
donnego01, 1993,     1, BUF , NHL , D  ,  7.0,  0.0,   0.0,   0.0,  31.0, 1.0  ,  0.0,  0.0,  0.0,  0.0,  0.0, 0.0,   2.0,       ,      ,      ,        ,        ,        ,        ,        ,        ,        ,        ,      
donnego01, 1993,     2, DAL , NHL , D  , 18.0,  0.0,   1.0,   1.0,  66.0, -4.0 ,  0.0,  0.0,  0.0,  0.0,  0.0, 0.0,   5.0,       ,      ,      ,        ,        ,        ,        ,        ,        ,        ,        ,      
donnego01, 1994,     1, DAL , NHL , R  , 16.0,  1.0,   0.0,   1.0,  52.0, 1.0  ,  0.0,  0.0,  0.0,  0.0,  0.0, 0.0,   9.0,       ,      ,      ,        ,        ,        ,        ,        ,        ,        ,        ,      
donnejo01, 1972,     1, OTN , WHA , D  , 15.0,  1.0,   1.0,   2.0,  44.0,      ,  0.0,     ,  0.0,     ,     ,    ,      ,       ,      ,      ,        ,        ,        ,        ,        ,        ,        ,        ,      
donnemi01, 1986,     1, NYR , NHL , L  ,  5.0,  1.0,   1.0,   2.0,   0.0, 0.0  ,  0.0,     ,  0.0,     ,  0.0, 0.0,   5.0,       ,      ,      ,        ,        ,        ,        ,        ,        ,        ,        ,      
donnemi01, 1987,     1, NYR , NHL , L  , 17.0,  2.0,   2.0,   4.0,   8.0, -5.0 ,  0.0,     ,  0.0,  0.0,  0.0, 0.0,  30.0,       ,      ,      ,        ,        ,        ,        ,        ,        ,        ,        ,      
donnemi01, 1987,     2, BUF , NHL , L  , 40.0,  6.0,   8.0,  14.0,  44.0, -1.0 ,  0.0,     ,  0.0,  0.0,  0.0, 0.0,  69.0,       ,      ,      ,        ,        ,        ,        ,        ,        ,        ,        ,      
donnemi01, 1988,     1, BUF , NHL , L  , 22.0,  4.0,   6.0,  10.0,  10.0, -1.0 ,  0.0,  2.0,  0.0,  0.0,  0.0, 0.0,  25.0,       ,      ,      ,        ,        ,        ,        ,        ,        ,        ,        ,      
donnemi01, 1989,     1, BUF , NHL , L  , 12.0,  1.0,   2.0,   3.0,   8.0, -4.0 ,  0.0,  0.0,  0.0,  0.0,  0.0, 0.0,  20.0,       ,      ,      ,        ,        ,        ,        ,        ,        ,        ,        ,      
donnemi01, 1990,     1, LAK , NHL , L  , 53.0,  7.0,   5.0,  12.0,  41.0, 3.0  ,  0.0,  0.0,  0.0,  0.0,  2.0, 0.0,  76.0,   12.0,   5.0,   4.0,     9.0,     6.0, 6.0    ,     0.0,     0.0,     0.0,     1.0,     0.0,    29.0
donnemi01, 1991,     1, LAK , NHL , L  , 80.0, 29.0,  16.0,  45.0,  20.0, 5.0  ,  0.0,  1.0,  1.0,  1.0,  4.0, 0.0, 197.0,    6.0,   1.0,   0.0,     1.0,     4.0, -2.0   ,     0.0,     0.0,     0.0,     0.0,     0.0,    14.0
donnemi01, 1992,     1, LAK , NHL , L  , 84.0, 29.0,  40.0,  69.0,  45.0, 17.0 ,  8.0, 11.0,  1.0,  0.0,  2.0, 0.0, 244.0,   24.0,   6.0,   7.0,    13.0,    14.0, 3.0    ,     0.0,     3.0,     0.0,     0.0,     0.0,    43.0
donnemi01, 1993,     1, LAK , NHL , L  , 81.0, 21.0,  21.0,  42.0,  34.0, 2.0  ,  4.0,  5.0,  2.0,  1.0,  3.0, 0.0, 177.0,       ,      ,      ,        ,        ,        ,        ,        ,        ,        ,        ,      
donnemi01, 1994,     1, LAK , NHL , L  ,  9.0,  1.0,   1.0,   2.0,   4.0, -7.0 ,  0.0,  1.0,  0.0,  0.0,  0.0, 0.0,  22.0,       ,      ,      ,        ,        ,        ,        ,        ,        ,        ,        ,      
donnemi01, 1994,     2, DAL , NHL , L  , 35.0, 11.0,  14.0,  25.0,  29.0, 3.0  ,  3.0,  3.0,  0.0,  0.0,  3.0, 0.0,  94.0,    5.0,   0.0,   1.0,     1.0,     6.0, 0.0    ,     0.0,     0.0,     0.0,     0.0,     0.0,     6.0
donnemi01, 1995,     1, DAL , NHL , L  , 24.0,  2.0,   5.0,   7.0,  10.0, -2.0 ,  0.0,  1.0,  0.0,  0.0,  0.0, 0.0,  21.0,       ,      ,      ,        ,        ,        ,        ,        ,        ,        ,        ,      
donnemi01, 1996,     1, NYI , NHL , L  ,  3.0,  0.0,   0.0,   0.0,   2.0, 0.0  ,  0.0,  0.0,  0.0,  0.0,  0.0, 0.0,   5.0,       ,      ,      ,        ,        ,        ,        ,        ,        ,        ,        ,      
donnepa01, 1975,     1, CIN , WHA , C  , 23.0,  5.0,   7.0,  12.0,   4.0, -18.0,  0.0,     ,  0.0,     ,  0.0,    ,  54.0,       ,      ,      ,        ,        ,        ,        ,        ,        ,        ,        ,      
donnepe01, 1972,     1, NRA , WHA , G  , 47.0,  0.0,   0.0,   0.0,   2.0,      ,  0.0,     ,  0.0,     ,     ,    ,      ,       ,      ,      ,        ,        ,        ,        ,        ,        ,        ,        ,      
donnepe01, 1973,     1, VAB , WHA , G  , 49.0,  0.0,   1.0,   1.0,   9.0,      ,  0.0,     ,  0.0,     ,  0.0,    ,      ,       ,      ,      ,        ,        ,        ,        ,        ,        ,        ,        ,      
donnepe01, 1975,     1, QUN , WHA , G  ,  4.0,  0.0,   0.0,   0.0,   0.0, 0.0  ,  0.0,     ,  0.0,     ,  0.0,    ,   0.0,       ,      ,      ,        ,        ,        ,        ,        ,        ,        ,        ,      
donovsh01, 1994,     1, SJS , NHL , R  , 14.0,  0.0,   0.0,   0.0,   6.0, -6.0 ,  0.0,  0.0,  0.0,  0.0,  0.0, 0.0,  13.0,    7.0,   0.0,   1.0,     1.0,     6.0, -3.0   ,     0.0,     0.0,     0.0,     0.0,     0.0,     7.0
donovsh01, 1995,     1, SJS , NHL , R  , 74.0, 13.0,   8.0,  21.0,  39.0, -17.0,  0.0,  0.0,  1.0,  0.0,  2.0, 0.0,  73.0,       ,      ,      ,        ,        ,        ,        ,        ,        ,        ,        ,      
donovsh01, 1996,     1, SJS , NHL , R  , 73.0,  9.0,   6.0,  15.0,  42.0, -18.0,  0.0,  0.0,  1.0,  0.0,  0.0, 0.0, 115.0,       ,      ,      ,        ,        ,        ,        ,        ,        ,        ,        ,      
donovsh01, 1997,     1, SJS , NHL , R  , 20.0,  3.0,   3.0,   6.0,  22.0, 3.0  ,  0.0,  0.0,  0.0,  0.0,  0.0, 0.0,  24.0,       ,      ,      ,        ,        ,        ,        ,        ,        ,        ,        ,      
donovsh01, 1997,     2, COL , NHL , R  , 47.0,  5.0,   7.0,  12.0,  48.0, 3.0  ,  0.0,  0.0,  0.0,  0.0,  0.0, 0.0,  57.0,       ,      ,      ,        ,        ,        ,        ,        ,        ,        ,        ,      
donovsh01, 1998,     1, COL , NHL , R  , 68.0,  7.0,  12.0,  19.0,  37.0, 4.0  ,  1.0,  1.0,  0.0,  0.0,  1.0, 0.0,  81.0,    5.0,   0.0,   0.0,     0.0,     2.0, 0.0    ,     0.0,     0.0,     0.0,     0.0,     0.0,     1.0
donovsh01, 1999,     1, COL , NHL , R  , 18.0,  1.0,   0.0,   1.0,   8.0, -4.0 ,  0.0,  0.0,  0.0,  0.0,  0.0, 0.0,  13.0,       ,      ,      ,        ,        ,        ,        ,        ,        ,        ,        ,      
donovsh01, 1999,     2, ATL , NHL , R  , 33.0,  4.0,   7.0,  11.0,  18.0, -13.0,  1.0,  2.0,  0.0,  0.0,  1.0, 0.0,  53.0,       ,      ,      ,        ,        ,        ,        ,        ,        ,        ,        ,      
donovsh01, 2000,     1, ATL , NHL , R  , 63.0, 12.0,  11.0,  23.0,  47.0, -14.0,  1.0,  1.0,  3.0,  0.0,  1.0, 0.0,  93.0,       ,      ,      ,        ,        ,        ,        ,        ,        ,        ,        ,      
donovsh01, 2001,     1, ATL , NHL , R  , 48.0,  6.0,   6.0,  12.0,  40.0, -16.0,  1.0,  0.0,  0.0,  0.0,  2.0, 0.0,  64.0,       ,      ,      ,        ,        ,        ,        ,        ,        ,        ,        ,      
donovsh01, 2001,     2, PIT , NHL , R  , 13.0,  2.0,   1.0,   3.0,   4.0, -5.0 ,  0.0,  0.0,  0.0,  1.0,  0.0, 0.0,  18.0,       ,      ,      ,        ,        ,        ,        ,        ,        ,        ,        ,      
donovsh01, 2002,     1, PIT , NHL , R  , 52.0,  4.0,   5.0,   9.0,  30.0, -6.0 ,  0.0,  0.0,  1.0,  0.0,  0.0, 0.0,  66.0,       ,      ,      ,        ,        ,        ,        ,        ,        ,        ,        ,      
donovsh01, 2002,     2, CAL , NHL , R  , 13.0,  1.0,   2.0,   3.0,   7.0, -2.0 ,  0.0,  0.0,  0.0,  0.0,  1.0, 0.0,  22.0,       ,      ,      ,        ,        ,        ,        ,        ,        ,        ,        ,      
donovsh01, 2003,     1, CAL , NHL , R  , 82.0, 18.0,  24.0,  42.0,  72.0, 14.0 ,  3.0,  2.0,  3.0,  0.0,  8.0, 0.0, 138.0,   24.0,   5.0,   5.0,    10.0,    23.0, 0.0    ,     0.0,     1.0,     0.0,     0.0,     2.0,    43.0
donovsh01, 2005,     1, CAL , NHL , R  , 80.0,  9.0,  11.0,  20.0,  82.0, 9.0  ,  0.0,  0.0,  1.0,  1.0,  0.0,    , 132.0,    7.0,   0.0,   0.0,     0.0,     6.0, -2.0   ,     0.0,     0.0,     0.0,     0.0,     0.0,     4.0
donovsh01, 2006,     1, BOS , NHL , R  , 76.0,  6.0,  11.0,  17.0,  56.0, -13.0,  0.0,  0.0,  0.0,  2.0,  0.0,    , 108.0,       ,      ,      ,        ,        ,        ,        ,        ,        ,        ,        ,      
donovsh01, 2007,     1, OTT , NHL , R  , 82.0,  5.0,   7.0,  12.0,  73.0, -3.0 ,  0.0,  0.0,  0.0,  0.0,  3.0,    ,  91.0,    4.0,   1.0,   0.0,     1.0,     2.0, -1.0   ,     0.0,     0.0,     0.0,     0.0,     0.0,     5.0
donovsh01, 2008,     1, OTT , NHL , R  , 65.0,  5.0,   5.0,  10.0,  34.0, -2.0 ,  0.0,  0.0,  0.0,  0.0,  1.0,    ,  58.0,       ,      ,      ,        ,        ,        ,        ,        ,        ,        ,        ,      
donovsh01, 2009,     1, OTT , NHL , R  , 30.0,  2.0,   3.0,   5.0,  40.0, -4.0 ,  0.0,  0.0,  0.0,  0.0,  0.0,    ,  24.0,    2.0,   0.0,   0.0,     0.0,     0.0, -1.0   ,     0.0,     0.0,     0.0,     0.0,     0.0,     2.0
dopitji01, 2001,     1, PHI , NHL , C  , 52.0, 11.0,  16.0,  27.0,   8.0, 9.0  ,  3.0,  3.0,  0.0,  0.0,  2.0, 0.0,  79.0,       ,      ,      ,        ,        ,        ,        ,        ,        ,        ,        ,      
dopitji01, 2002,     1, EDM , NHL , C  , 21.0,  1.0,   5.0,   6.0,  11.0, -4.0 ,  0.0,  1.0,  0.0,  0.0,  1.0, 0.0,  23.0,       ,      ,      ,        ,        ,        ,        ,        ,        ,        ,        ,      
dopsoro01, 1993,     1, PIT , NHL , G  ,  2.0,  0.0,   0.0,   0.0,   0.0, 0.0  ,  0.0,  0.0,  0.0,  0.0,  0.0, 0.0,   0.0,       ,      ,      ,        ,        ,        ,        ,        ,        ,        ,        ,      
doranjo01, 1933,     1, NYA , NHL , D  , 39.0,  1.0,   4.0,   5.0,  40.0,      ,     ,     ,     ,     ,     ,    ,      ,       ,      ,      ,        ,        ,        ,        ,        ,        ,        ,        ,      
doranjo01, 1935,     1, NYA , NHL , D  , 25.0,  4.0,   2.0,   6.0,  44.0,      ,     ,     ,     ,     ,     ,    ,      ,    3.0,   0.0,   0.0,     0.0,     0.0,        ,        ,        ,        ,        ,        ,      
doranjo01, 1936,     1, NYA , NHL , D  , 21.0,  0.0,   1.0,   1.0,  10.0,      ,     ,     ,     ,     ,     ,    ,      ,       ,      ,      ,        ,        ,        ,        ,        ,        ,        ,        ,      
doranjo01, 1937,     1, DET , NHL , D  ,  7.0,  0.0,   0.0,   0.0,  10.0,      ,     ,     ,     ,     ,     ,    ,      ,       ,      ,      ,        ,        ,        ,        ,        ,        ,        ,        ,      
doranjo01, 1939,     1, MTL , NHL , D  ,  6.0,  0.0,   3.0,   3.0,   6.0,      ,     ,     ,     ,     ,     ,    ,      ,       ,      ,      ,        ,        ,        ,        ,        ,        ,        ,        ,      
doranll01, 1946,     1, DET , NHL , C  , 24.0,  3.0,   2.0,   5.0,  10.0,      ,     ,     ,     ,     ,     ,    ,      ,       ,      ,      ,        ,        ,        ,        ,        ,        ,        ,        ,      
doranst01, 1909,     1, COB , NHA ,    ,  8.0,  1.0,   0.0,   1.0,   3.0,      ,     ,     ,     ,     ,     ,    ,      ,       ,      ,      ,        ,        ,        ,        ,        ,        ,        ,        ,      
doratke01, 1925,     1, POR , WCHL, R  , 30.0,  4.0,   1.0,   5.0,   4.0,      ,     ,     ,     ,     ,     ,    ,      ,       ,      ,      ,        ,        ,        ,        ,        ,        ,        ,        ,      
doratke01, 1926,     1, CHI , NHL , R  , 18.0,  0.0,   0.0,   0.0,   0.0,      ,     ,     ,     ,     ,     ,    ,      ,       ,      ,      ,        ,        ,        ,        ,        ,        ,        ,        ,      
doratke01, 1932,     1, TOR , NHL , R  , 38.0,  5.0,  11.0,  16.0,  16.0,      ,     ,     ,     ,     ,     ,    ,      ,    9.0,   5.0,   0.0,     5.0,     4.0,        ,        ,        ,        ,        ,        ,      
doratke01, 1933,     1, TOR , NHL , R  , 34.0,  9.0,  10.0,  19.0,   6.0,      ,     ,     ,     ,     ,     ,    ,      ,    5.0,   2.0,   2.0,     4.0,     0.0,        ,        ,        ,        ,        ,        ,      
doratke01, 1934,     1, TOR , NHL , R  , 11.0,  1.0,   4.0,   5.0,   0.0,      ,     ,     ,     ,     ,     ,    ,      ,    1.0,   0.0,   0.0,     0.0,     0.0,        ,        ,        ,        ,        ,        ,      
doratke01, 1937,     1, DET , NHL , R  ,  2.0,  0.0,   1.0,   1.0,   2.0,      ,     ,     ,     ,     ,     ,    ,      ,       ,      ,      ,        ,        ,        ,        ,        ,        ,        ,        ,      
dorean01 , 1978,     1, NYR , NHL , D  ,  2.0,  0.0,   0.0,   0.0,   0.0, 0.0  ,  0.0,     ,  0.0,     ,  0.0, 0.0,   0.0,       ,      ,      ,        ,        ,        ,        ,        ,        ,        ,        ,      
dorean01 , 1979,     1, NYR , NHL , D  ,  2.0,  0.0,   0.0,   0.0,   0.0, -1.0 ,  0.0,     ,  0.0,     ,  0.0, 0.0,   0.0,       ,      ,      ,        ,        ,        ,        ,        ,        ,        ,        ,      
dorean01 , 1980,     1, NYR , NHL , D  , 15.0,  1.0,   3.0,   4.0,  15.0, -1.0 ,  0.0,     ,  0.0,     ,  0.0, 0.0,  15.0,       ,      ,      ,        ,        ,        ,        ,        ,        ,        ,        ,      
dorean01 , 1981,     1, NYR , NHL , D  , 56.0,  4.0,  16.0,  20.0,  64.0, 10.0 ,  0.0,     ,  0.0,     ,  0.0, 1.0,  40.0,   10.0,   1.0,   1.0,     2.0,    16.0,        ,     0.0,        ,     0.0,        ,     0.0,      
dorean01 , 1982,     1, NYR , NHL , D  , 39.0,  3.0,  12.0,  15.0,  39.0, 17.0 ,  0.0,     ,  0.0,     ,  1.0, 0.0,  33.0,       ,      ,      ,        ,        ,        ,        ,        ,        ,        ,        ,      
dorean01 , 1982,     2, STL , NHL , D  , 38.0,  2.0,  15.0,  17.0,  25.0, 9.0  ,  0.0,     ,  0.0,     ,  0.0, 1.0,  41.0,    4.0,   0.0,   1.0,     1.0,     8.0,        ,     0.0,        ,     0.0,        ,     0.0,      
dorean01 , 1983,     1, STL , NHL , D  , 55.0,  3.0,  12.0,  15.0,  58.0, 3.0  ,  0.0,     ,  0.0,     ,  1.0, 0.0,  51.0,       ,      ,      ,        ,        ,        ,        ,        ,        ,        ,        ,      
dorean01 , 1983,     2, QUE , NHL , D  , 25.0,  1.0,  16.0,  17.0,  25.0, 1.0  ,  0.0,     ,  0.0,     ,  0.0, 0.0,  30.0,    9.0,   0.0,   0.0,     0.0,     8.0, -4.0   ,     0.0,        ,     0.0,        ,     0.0,     8.0
dorean01 , 1984,     1, NYR , NHL , D  , 25.0,  0.0,   7.0,   7.0,  35.0, -2.0 ,  0.0,     ,  0.0,     ,  0.0, 0.0,  14.0,       ,      ,      ,        ,        ,        ,        ,        ,        ,        ,        ,      
doreda01 , 1989,     1, QUE , NHL , R  , 16.0,  2.0,   3.0,   5.0,  59.0, -8.0 ,  1.0,  2.0,  0.0,  0.0,  0.0, 0.0,   5.0,       ,      ,      ,        ,        ,        ,        ,        ,        ,        ,        ,      
doreda01 , 1990,     1, QUE , NHL , R  ,  1.0,  0.0,   0.0,   0.0,   0.0, 1.0  ,  0.0,  0.0,  0.0,  0.0,  0.0, 0.0,   0.0,       ,      ,      ,        ,        ,        ,        ,        ,        ,        ,        ,      
doreyji01, 1968,     1, TOR , NHL , D  , 61.0,  8.0,  22.0,  30.0, 200.0, 9.0  ,  0.0,     ,  1.0,     ,  0.0, 0.0, 133.0,    4.0,   0.0,   1.0,     1.0,    21.0,        ,     0.0,        ,     0.0,        ,     0.0,      
doreyji01, 1969,     1, TOR , NHL , D  , 46.0,  6.0,  11.0,  17.0,  99.0, 9.0  ,  0.0,     ,  0.0,     ,  0.0, 0.0, 122.0,       ,      ,      ,        ,        ,        ,        ,        ,        ,        ,        ,      
doreyji01, 1970,     1, TOR , NHL , D  , 74.0,  7.0,  22.0,  29.0, 198.0, 6.0  ,  0.0,     ,  1.0,     ,  1.0, 1.0, 171.0,    6.0,   0.0,   1.0,     1.0,    19.0,        ,     0.0,        ,     0.0,        ,     0.0,      
doreyji01, 1971,     1, TOR , NHL , D  , 50.0,  4.0,  19.0,  23.0,  56.0, 10.0 ,  1.0,     ,  0.0,     ,  2.0, 0.0, 104.0,       ,      ,      ,        ,        ,        ,        ,        ,        ,        ,        ,      
doreyji01, 1971,     2, NYR , NHL , D  ,  1.0,  0.0,   0.0,   0.0,   0.0, 0.0  ,  0.0,     ,  0.0,     ,  0.0, 0.0,   0.0,    1.0,   0.0,   0.0,     0.0,     0.0,        ,     0.0,        ,     0.0,        ,     0.0,      
doreyji01, 1972,     1, NEW , WHA , D  , 75.0,  7.0,  56.0,  63.0,  95.0,      ,  0.0,     ,  1.0,     ,  1.0,    ,      ,   15.0,   3.0,  16.0,    19.0,    41.0,        ,     1.0,        ,     0.0,        ,     0.0,      
doreyji01, 1973,     1, NEW , WHA , D  , 77.0,  6.0,  40.0,  46.0, 134.0,      ,  2.0,     ,  0.0,     ,  2.0,    ,      ,    6.0,   0.0,   6.0,     6.0,    26.0,        ,        ,        ,        ,        ,     0.0,      
doreyji01, 1974,     1, NEW , WHA , D  , 31.0,  5.0,  17.0,  22.0,  43.0, 6.0  ,  1.0,     ,  1.0,     ,     ,    ,  85.0,       ,      ,      ,        ,        ,        ,        ,        ,        ,        ,        ,      
doreyji01, 1974,     2, TOT , WHA , D  , 43.0, 11.0,  23.0,  34.0,  69.0, 18.0 ,  3.0,     ,  0.0,     ,     ,    , 114.0,    6.0,   2.0,   6.0,     8.0,     2.0,        ,        ,        ,        ,        ,     0.0,      
doreyji01, 1975,     1, TOT , WHA , D  , 74.0,  9.0,  51.0,  60.0, 134.0, -21.0,  3.0,     ,  2.0,     ,  0.0,    , 163.0,       ,      ,      ,        ,        ,        ,        ,        ,        ,        ,        ,      
doreyji01, 1976,     1, QUN , WHA , D  , 73.0, 13.0,  34.0,  47.0, 102.0, 26.0 ,  1.0,     ,  3.0,     ,     ,    , 135.0,   10.0,   0.0,   2.0,     2.0,    28.0, 10.0   ,     0.0,        ,     0.0,        ,     0.0,      
doreyji01, 1977,     1, QUN , WHA , D  , 26.0,  1.0,   9.0,  10.0,  23.0, -5.0 ,  0.0,     ,  0.0,     ,     ,    ,  32.0,   11.0,   0.0,   3.0,     3.0,    34.0, -2.0   ,        ,        ,        ,        ,     0.0,      
doreyji01, 1978,     1, QUN , WHA , D  , 32.0,  0.0,   2.0,   2.0,  17.0, -5.0 ,  0.0,     ,  0.0,     ,     ,    ,  19.0,    3.0,   0.0,   0.0,     0.0,     0.0, -3.0   ,        ,        ,        ,        ,     0.0,      
dorioda01, 1985,     1, NJD , NHL , C  ,  3.0,  1.0,   1.0,   2.0,   0.0, -1.0 ,  0.0,     ,  0.0,     ,  0.0, 0.0,   6.0,       ,      ,      ,        ,        ,        ,        ,        ,        ,        ,        ,      
dorioda01, 1987,     1, NJD , NHL , R  ,  1.0,  0.0,   0.0,   0.0,   2.0, 0.0  ,  0.0,  0.0,  0.0,  0.0,  0.0, 0.0,   0.0,       ,      ,      ,        ,        ,        ,        ,        ,        ,        ,        ,      
dornhga01, 1963,     1, BOS , NHL , R  , 32.0, 12.0,  10.0,  22.0,  20.0,      ,  3.0,     ,  0.0,     ,  1.0, 1.0,      ,       ,      ,      ,        ,        ,        ,        ,        ,        ,        ,        ,      
dornhga01, 1964,     1, BOS , NHL , R  , 20.0,  0.0,   1.0,   1.0,  13.0,      ,  0.0,     ,  0.0,     ,  0.0, 0.0,      ,       ,      ,      ,        ,        ,        ,        ,        ,        ,        ,        ,      
dornhga01, 1965,     1, BOS , NHL , R  , 10.0,  0.0,   1.0,   1.0,   2.0,      ,  0.0,     ,  0.0,     ,  0.0, 0.0,      ,       ,      ,      ,        ,        ,        ,        ,        ,        ,        ,        ,      
dornhga01, 1967,     1, PHI , NHL , R  , 65.0, 13.0,  30.0,  43.0, 134.0, 6.0  ,  2.0,     ,  0.0,     ,  4.0, 0.0,  96.0,    3.0,   0.0,   0.0,     0.0,    15.0,        ,     0.0,        ,     0.0,        ,     0.0,      
dornhga01, 1968,     1, PHI , NHL , R  , 60.0,  8.0,  16.0,  24.0,  80.0, -20.0,  2.0,     ,  0.0,     ,  0.0, 1.0, 111.0,    4.0,   0.0,   1.0,     1.0,    20.0,        ,     0.0,        ,     0.0,        ,     0.0,      
dornhga01, 1969,     1, PHI , NHL , R  , 65.0, 26.0,  29.0,  55.0,  96.0, 2.0  ,  4.0,     ,  2.0,     ,  1.0, 3.0, 146.0,       ,      ,      ,        ,        ,        ,        ,        ,        ,        ,        ,      
dornhga01, 1970,     1, PHI , NHL , R  , 57.0, 20.0,  20.0,  40.0,  93.0, 3.0  ,  5.0,     ,  0.0,     ,  2.0, 2.0,  96.0,    2.0,   0.0,   0.0,     0.0,     4.0,        ,     0.0,        ,     0.0,        ,     0.0,      
dornhga01, 1971,     1, PHI , NHL , R  , 75.0, 17.0,  32.0,  49.0, 183.0, -15.0,  2.0,     ,  3.0,     ,  2.0, 1.0, 167.0,       ,      ,      ,        ,        ,        ,        ,        ,        ,        ,        ,      
dornhga01, 1972,     1, PHI , NHL , R  , 77.0, 30.0,  49.0,  79.0, 168.0, 17.0 ,  3.0,     ,  0.0,     ,  4.0, 1.0, 187.0,   11.0,   3.0,   3.0,     6.0,    16.0,        ,     1.0,        ,     0.0,        ,     1.0,      
dornhga01, 1973,     1, PHI , NHL , R  , 57.0, 11.0,  39.0,  50.0, 125.0, 13.0 ,  3.0,     ,  0.0,     ,  4.0, 2.0, 109.0,   14.0,   5.0,   6.0,    11.0,    43.0,        ,     2.0,        ,     1.0,        ,     1.0,      
dornhga01, 1974,     1, PHI , NHL , R  , 69.0, 17.0,  27.0,  44.0, 102.0, 23.0 ,  3.0,     ,  2.0,     ,  4.0, 0.0, 115.0,   17.0,   5.0,   5.0,    10.0,    33.0,        ,     0.0,        ,     0.0,        ,     2.0,      
dornhga01, 1975,     1, PHI , NHL , R  , 74.0, 28.0,  35.0,  63.0, 128.0, 14.0 , 13.0,     ,  0.0,     ,  3.0, 1.0, 152.0,   16.0,   3.0,   4.0,     7.0,    43.0,        ,     1.0,        ,     0.0,        ,     0.0,      
dornhga01, 1976,     1, PHI , NHL , R  , 79.0, 25.0,  34.0,  59.0,  85.0, 47.0 ,  5.0,     ,  0.0,     ,  3.0, 2.0, 115.0,    9.0,   1.0,   0.0,     1.0,    22.0,        ,     0.0,        ,     0.0,        ,     0.0,      
dornhga01, 1977,     1, PHI , NHL , R  , 47.0,  7.0,   5.0,  12.0,  62.0, -3.0 ,  2.0,     ,  0.0,     ,  0.0, 1.0,  61.0,    4.0,   0.0,   0.0,     0.0,     7.0,        ,     0.0,        ,     0.0,        ,     0.0,      
dornsda01, 1977,     1, IND , WHA , D  ,  3.0,  0.0,   1.0,   1.0,   0.0, 1.0  ,  0.0,     ,  0.0,     ,     ,    ,   1.0,       ,      ,      ,        ,        ,        ,        ,        ,        ,        ,        ,      
dornsda01, 1978,     1, CIN , WHA , D  ,  1.0,  0.0,   0.0,   0.0,   0.0, -1.0 ,  0.0,     ,  0.0,     ,     ,    ,   1.0,       ,      ,      ,        ,        ,        ,        ,        ,        ,        ,        ,      
dorohed01, 1948,     1, MTL , NHL , C  , 16.0,  0.0,   0.0,   0.0,   6.0,      ,     ,     ,     ,     ,     ,    ,      ,       ,      ,      ,        ,        ,        ,        ,        ,        ,        ,        ,      
dorsede01, 2008,     1, CBS , NHL , R  , 52.0,  4.0,   1.0,   5.0, 150.0, -1.0 ,  0.0,  0.0,  0.0,  0.0,  1.0,    ,  59.0,    3.0,   0.0,   0.0,     0.0,     2.0, -1.0   ,     0.0,     0.0,     0.0,     0.0,     0.0,     7.0
dorsede01, 2009,     1, CBS , NHL , R  , 51.0,  4.0,  10.0,  14.0, 105.0, 6.0  ,  0.0,  1.0,  0.0,  0.0,  0.0,    ,  57.0,       ,      ,      ,        ,        ,        ,        ,        ,        ,        ,        ,      
doughdr01, 2008,     1, LAK , NHL , D  , 81.0,  6.0,  21.0,  27.0,  56.0, -17.0,  3.0, 13.0,  0.0,  0.0,  1.0,    , 126.0,       ,      ,      ,        ,        ,        ,        ,        ,        ,        ,        ,      
doughdr01, 2009,     1, LAK , NHL , D  , 82.0, 16.0,  43.0,  59.0,  54.0, 20.0 ,  9.0, 22.0,  0.0,  0.0,  5.0,    , 142.0,    6.0,   3.0,   4.0,     7.0,     4.0, -5.0   ,     2.0,     3.0,     0.0,     0.0,     0.0,    13.0
dougljo01, 1978,     1, NEW , WHA , C  , 51.0,  6.0,  10.0,  16.0,  15.0, -8.0 ,  3.0,     ,  0.0,     ,     ,    ,  76.0,   10.0,   4.0,   0.0,     4.0,    23.0, -1.0   ,        ,        ,        ,        ,     0.0,      
dougljo01, 1979,     1, HAR , NHL , L  , 77.0, 33.0,  24.0,  57.0,  39.0, -11.0,  5.0,     ,  0.0,     ,  5.0, 2.0, 188.0,       ,      ,      ,        ,        ,        ,        ,        ,        ,        ,        ,      
dougljo01, 1980,     1, HAR , NHL , L  , 55.0, 13.0,   9.0,  22.0,  29.0, -23.0,  3.0,     ,  0.0,     ,  1.0, 0.0,  98.0,       ,      ,      ,        ,        ,        ,        ,        ,        ,        ,        ,      
dougljo01, 1981,     1, HAR , NHL , L  , 30.0, 10.0,   7.0,  17.0,  44.0, -11.0,  4.0,     ,  0.0,     ,  2.0, 1.0,  74.0,       ,      ,      ,        ,        ,        ,        ,        ,        ,        ,        ,      
dougljo01, 1982,     1, MNS , NHL , L  , 68.0, 13.0,  14.0,  27.0,  30.0, -7.0 ,  1.0,     ,  0.0,     ,  2.0, 0.0,  89.0,    5.0,   0.0,   0.0,     0.0,     2.0,        ,     0.0,        ,     0.0,        ,     0.0,      
dougljo01, 1983,     1, MNS , NHL , L  , 14.0,  3.0,   4.0,   7.0,  10.0, -2.0 ,  0.0,     ,  0.0,     ,  1.0, 0.0,  21.0,       ,      ,      ,        ,        ,        ,        ,        ,        ,        ,        ,      
dougljo01, 1983,     2, WIN , NHL , L  , 17.0,  4.0,   2.0,   6.0,   8.0, -9.0 ,  1.0,     ,  0.0,     ,  1.0, 0.0,  14.0,    1.0,   0.0,   0.0,     0.0,     2.0, -2.0   ,     0.0,        ,     0.0,        ,     0.0,     0.0
dougljo01, 1984,     1, WIN , NHL , L  ,  7.0,  0.0,   2.0,   2.0,   0.0, -6.0 ,  0.0,     ,  0.0,     ,  0.0, 0.0,   6.0,       ,      ,      ,        ,        ,        ,        ,        ,        ,        ,        ,      
douglke01, 1962,     1, TOR , NHL , D  , 70.0,  7.0,  15.0,  22.0, 105.0,      ,     ,     ,     ,     ,     ,    ,      ,   10.0,   1.0,   1.0,     2.0,     2.0,        ,        ,        ,        ,        ,     0.0,      
douglke01, 1963,     1, TOR , NHL , D  , 43.0,  0.0,   1.0,   1.0,  29.0,      ,  0.0,     ,  0.0,     ,  0.0, 0.0,      ,       ,      ,      ,        ,        ,        ,        ,        ,        ,        ,        ,      
douglke01, 1964,     1, TOR , NHL , D  , 67.0,  5.0,  23.0,  28.0, 129.0,      ,  5.0,     ,  0.0,     ,  0.0, 0.0,      ,    5.0,   0.0,   1.0,     1.0,    19.0,        ,        ,        ,        ,        ,     0.0,      
douglke01, 1965,     1, TOR , NHL , D  , 64.0,  6.0,  14.0,  20.0,  97.0,      ,  5.0,     ,  0.0,     ,  0.0, 0.0,      ,    4.0,   0.0,   1.0,     1.0,    12.0,        ,        ,        ,        ,        ,     0.0,      
douglke01, 1966,     1, TOR , NHL , D  , 39.0,  2.0,  12.0,  14.0,  48.0,      ,  1.0,     ,  0.0,     ,  0.0, 0.0,      ,       ,      ,      ,        ,        ,        ,        ,        ,        ,        ,        ,      
douglke01, 1967,     1, OAK , NHL , D  , 40.0,  4.0,  11.0,  15.0,  80.0, -18.0,  1.0,     ,  0.0,     ,  0.0, 1.0, 103.0,       ,      ,      ,        ,        ,        ,        ,        ,        ,        ,        ,      
douglke01, 1967,     2, DET , NHL , D  , 36.0,  7.0,  10.0,  17.0,  46.0, 6.0  ,  0.0,     ,  0.0,     ,  0.0, 0.0,  62.0,       ,      ,      ,        ,        ,        ,        ,        ,        ,        ,        ,      
douglke01, 1968,     1, DET , NHL , D  , 69.0,  2.0,  29.0,  31.0,  97.0, 4.0  ,  1.0,     ,  0.0,     ,  0.0, 1.0, 114.0,       ,      ,      ,        ,        ,        ,        ,        ,        ,        ,        ,      
douglke01, 1972,     1, NRA , WHA , D  , 60.0,  3.0,  15.0,  18.0,  74.0,      ,  0.0,     ,  0.0,     ,     ,    ,      ,       ,      ,      ,        ,        ,        ,        ,        ,        ,        ,        ,      
douglle01, 1940,     1, DET , NHL , C  , 18.0,  1.0,   2.0,   3.0,   2.0,      ,     ,     ,     ,     ,     ,    ,      ,       ,      ,      ,        ,        ,        ,        ,        ,        ,        ,        ,      
douglle01, 1942,     1, DET , NHL , C  , 21.0,  5.0,   8.0,  13.0,   4.0,      ,     ,     ,     ,     ,     ,    ,      ,   10.0,   3.0,   2.0,     5.0,     2.0,        ,        ,        ,        ,        ,        ,      
douglle01, 1945,     1, DET , NHL , C  ,  1.0,  0.0,   0.0,   0.0,   0.0,      ,     ,     ,     ,     ,     ,    ,      ,       ,      ,      ,        ,        ,        ,        ,        ,        ,        ,        ,      
douglle01, 1946,     1, DET , NHL , C  , 12.0,  0.0,   2.0,   2.0,   2.0,      ,     ,     ,     ,     ,     ,    ,      ,       ,      ,      ,        ,        ,        ,        ,        ,        ,        ,        ,      
doulldo01, 2003,     1, BOS , NHL , L  , 35.0,  0.0,   1.0,   1.0, 132.0, 2.0  ,  0.0,  0.0,  0.0,  0.0,  0.0, 0.0,   4.0,       ,      ,      ,        ,        ,        ,        ,        ,        ,        ,        ,      
doulldo01, 2005,     1, WAS , NHL , C  ,  2.0,  0.0,   0.0,   0.0,  19.0, -1.0 ,  0.0,  0.0,  0.0,  0.0,  0.0,    ,   0.0,       ,      ,      ,        ,        ,        ,        ,        ,        ,        ,        ,      
douripe01, 1985,     1, WIN , NHL , R  , 11.0,  0.0,   0.0,   0.0,   0.0, -1.0 ,  0.0,     ,  0.0,     ,  0.0, 0.0,   0.0,       ,      ,      ,        ,        ,        ,        ,        ,        ,        ,        ,      
douripe01, 1986,     1, WIN , NHL , R  ,  6.0,  0.0,   0.0,   0.0,   0.0, -1.0 ,  0.0,     ,  0.0,     ,  0.0, 0.0,   3.0,       ,      ,      ,        ,        ,        ,        ,        ,        ,        ,        ,      
douripe01, 1987,     1, WIN , NHL , R  ,  4.0,  0.0,   2.0,   2.0,   0.0, -1.0 ,  0.0,  0.0,  0.0,  0.0,  0.0, 0.0,   2.0,    1.0,   0.0,   0.0,     0.0,     0.0, 0.0    ,     0.0,     0.0,     0.0,     0.0,     0.0,     1.0
douripe01, 1989,     1, BOS , NHL , R  , 36.0,  5.0,   6.0,  11.0,  15.0, 8.0  ,  1.0,  0.0,  0.0,  0.0,  0.0, 0.0,  63.0,    8.0,   0.0,   1.0,     1.0,     5.0, 0.0    ,     0.0,     0.0,     0.0,     0.0,     0.0,     1.0
douripe01, 1990,     1, BOS , NHL , R  , 39.0,  5.0,   2.0,   7.0,   9.0, -12.0,  1.0,  0.0,  0.0,  0.0,  1.0, 0.0,  46.0,    7.0,   0.0,   1.0,     1.0,     6.0, 1.0    ,     0.0,     0.0,     0.0,     0.0,     0.0,     7.0
douripe01, 1991,     1, BOS , NHL , R  , 54.0, 10.0,  13.0,  23.0,  10.0, 9.0  ,  0.0,  0.0,  0.0,  0.0,  1.0, 0.0, 107.0,    7.0,   2.0,   3.0,     5.0,     0.0, 2.0    ,     0.0,     0.0,     0.0,     0.0,     1.0,    15.0
douripe01, 1992,     1, BOS , NHL , R  , 19.0,  4.0,   4.0,   8.0,   4.0, 5.0  ,  0.0,  0.0,  1.0,  0.0,  0.0, 0.0,  33.0,    4.0,   1.0,   0.0,     1.0,     0.0, -3.0   ,     0.0,     0.0,     0.0,     0.0,     0.0,    12.0
douripe01, 1993,     1, ANA , NHL , R  , 74.0, 12.0,  22.0,  34.0,  21.0, -5.0 ,  1.0,  5.0,  0.0,  0.0,  1.0, 0.0, 142.0,       ,      ,      ,        ,        ,        ,        ,        ,        ,        ,        ,      
douripe01, 1994,     1, ANA , NHL , L  , 46.0, 10.0,  11.0,  21.0,  12.0, 4.0  ,  0.0,  0.0,  0.0,  0.0,  4.0, 0.0,  69.0,       ,      ,      ,        ,        ,        ,        ,        ,        ,        ,        ,      
douripe01, 1995,     1, ANA , NHL , R  , 31.0,  8.0,   7.0,  15.0,   9.0, -3.0 ,  2.0,  2.0,  0.0,  0.0,  3.0, 0.0,  45.0,       ,      ,      ,        ,        ,        ,        ,        ,        ,        ,        ,      
douripe01, 1997,     1, DAL , NHL , R  ,  1.0,  0.0,   0.0,   0.0,   0.0, -1.0 ,  0.0,  0.0,  0.0,  0.0,  0.0, 0.0,   3.0,       ,      ,      ,        ,        ,        ,        ,        ,        ,        ,        ,      
dowdji01 , 1991,     1, NJD , NHL , R  ,  1.0,  0.0,   0.0,   0.0,   0.0, 0.0  ,  0.0,  0.0,  0.0,  0.0,  0.0, 0.0,   0.0,       ,      ,      ,        ,        ,        ,        ,        ,        ,        ,        ,      
dowdji01 , 1992,     1, NJD , NHL , R  ,  1.0,  0.0,   0.0,   0.0,   0.0, -1.0 ,  0.0,  0.0,  0.0,  0.0,  0.0, 0.0,   1.0,       ,      ,      ,        ,        ,        ,        ,        ,        ,        ,        ,      
dowdji01 , 1993,     1, NJD , NHL , C  , 15.0,  5.0,  10.0,  15.0,   0.0, 8.0  ,  2.0,  5.0,  0.0,  0.0,  0.0, 0.0,  26.0,   19.0,   2.0,   6.0,     8.0,     8.0, -3.0   ,     0.0,     4.0,     0.0,     0.0,     0.0,    30.0
dowdji01 , 1994,     1, NJD , NHL , C  , 10.0,  1.0,   4.0,   5.0,   0.0, -5.0 ,  1.0,  2.0,  0.0,  0.0,  0.0, 0.0,  14.0,   11.0,   2.0,   1.0,     3.0,     8.0, 3.0    ,     0.0,     0.0,     0.0,     0.0,     1.0,    12.0
dowdji01 , 1995,     1, NJD , NHL , C  , 28.0,  4.0,   9.0,  13.0,  17.0, -1.0 ,  0.0,  0.0,  0.0,  1.0,  0.0, 0.0,  41.0,       ,      ,      ,        ,        ,        ,        ,        ,        ,        ,        ,      
dowdji01 , 1995,     2, VAN , NHL , C  , 38.0,  1.0,   6.0,   7.0,   6.0, -8.0 ,  0.0,  0.0,  0.0,  1.0,  0.0, 0.0,  35.0,    1.0,   0.0,   0.0,     0.0,     0.0, -1.0   ,     0.0,     0.0,     0.0,     0.0,     0.0,     0.0
dowdji01 , 1996,     1, NYI , NHL , C  ,  3.0,  0.0,   0.0,   0.0,   0.0, -1.0 ,  0.0,  0.0,  0.0,  0.0,  0.0, 0.0,   0.0,       ,      ,      ,        ,        ,        ,        ,        ,        ,        ,        ,      
dowdji01 , 1997,     1, CAL , NHL , C  , 48.0,  6.0,   8.0,  14.0,  12.0, 10.0 ,  0.0,  1.0,  1.0,  0.0,  0.0, 0.0,  58.0,       ,      ,      ,        ,        ,        ,        ,        ,        ,        ,        ,      
dowdji01 , 1998,     1, EDM , NHL , C  ,  1.0,  0.0,   0.0,   0.0,   0.0, 0.0  ,  0.0,  0.0,  0.0,  0.0,  0.0, 0.0,   1.0,       ,      ,      ,        ,        ,        ,        ,        ,        ,        ,        ,      
dowdji01 , 1999,     1, EDM , NHL , C  , 69.0,  5.0,  18.0,  23.0,  45.0, 10.0 ,  2.0,  5.0,  0.0,  0.0,  1.0, 1.0, 103.0,    5.0,   2.0,   1.0,     3.0,     4.0, -2.0   ,     0.0,     0.0,     0.0,     0.0,     0.0,     6.0
dowdji01 , 2000,     1, MIN , NHL , C  , 68.0,  7.0,  22.0,  29.0,  80.0, -6.0 ,  0.0,  7.0,  0.0,  1.0,  0.0, 1.0,  92.0,       ,      ,      ,        ,        ,        ,        ,        ,        ,        ,        ,      
dowdji01 , 2001,     1, MIN , NHL , C  , 82.0, 13.0,  30.0,  43.0,  54.0, -14.0,  5.0, 17.0,  0.0,  0.0,  1.0, 0.0, 111.0,       ,      ,      ,        ,        ,        ,        ,        ,        ,        ,        ,      
dowdji01 , 2002,     1, MIN , NHL , C  , 78.0,  8.0,  17.0,  25.0,  31.0, -1.0 ,  3.0,  7.0,  1.0,  0.0,  2.0, 0.0,  78.0,   15.0,   0.0,   2.0,     2.0,     0.0, -1.0   ,     0.0,     1.0,     0.0,     0.0,     0.0,    24.0
dowdji01 , 2003,     1, MIN , NHL , C  , 55.0,  4.0,  20.0,  24.0,  38.0, 6.0  ,  2.0,  5.0,  0.0,  0.0,  2.0, 0.0,  41.0,       ,      ,      ,        ,        ,        ,        ,        ,        ,        ,        ,      
dowdji01 , 2003,     2, MTL , NHL , C  , 14.0,  3.0,   2.0,   5.0,   6.0, 6.0  ,  0.0,  0.0,  1.0,  0.0,  0.0, 0.0,  13.0,   11.0,   0.0,   2.0,     2.0,     2.0, -3.0   ,     0.0,     0.0,     0.0,     0.0,     0.0,    10.0
dowdji01 , 2005,     1, CHI , NHL , C  , 60.0,  3.0,  12.0,  15.0,  38.0, -5.0 ,  0.0,  0.0,  0.0,  0.0,  0.0,    ,  55.0,       ,      ,      ,        ,        ,        ,        ,        ,        ,        ,        ,      
dowdji01 , 2005,     2, COL , NHL , C  , 18.0,  2.0,   1.0,   3.0,   2.0, -6.0 ,  0.0,  0.0,  1.0,  0.0,  0.0,    ,  12.0,    9.0,   2.0,   3.0,     5.0,    20.0, 3.0    ,     0.0,     0.0,     1.0,     0.0,     0.0,     6.0
dowdji01 , 2006,     1, NJD , NHL , C  , 66.0,  4.0,   4.0,   8.0,  20.0, -5.0 ,  0.0,  0.0,  1.0,  1.0,  1.0,    ,  44.0,   11.0,   0.0,   0.0,     0.0,     4.0, -2.0   ,     0.0,     0.0,     0.0,     0.0,     0.0,     4.0
dowdji01 , 2007,     1, PHI , NHL , C  , 73.0,  5.0,   5.0,  10.0,  41.0, 0.0  ,  0.0,  0.0,  1.0,  1.0,  0.0,    ,  41.0,   17.0,   1.0,   2.0,     3.0,     4.0, 0.0    ,     0.0,     0.0,     0.0,     0.0,     0.0,    11.0
dowelja01, 2007,     1, CHI , NHL , C  , 19.0,  2.0,   1.0,   3.0,  10.0, 1.0  ,  0.0,  0.0,  1.0,  0.0,  0.0,    ,  19.0,       ,      ,      ,        ,        ,        ,        ,        ,        ,        ,        ,      
dowelja01, 2008,     1, CHI , NHL , C  ,  1.0,  0.0,   0.0,   0.0,   2.0, 1.0  ,  0.0,  0.0,  0.0,  0.0,  0.0,    ,   0.0,       ,      ,      ,        ,        ,        ,        ,        ,        ,        ,        ,      
dowelja01, 2009,     1, CHI , NHL , C  ,  3.0,  1.0,   1.0,   2.0,   5.0, 1.0  ,  0.0,  0.0,  0.0,  0.0,  0.0,    ,   4.0,       ,      ,      ,        ,        ,        ,        ,        ,        ,        ,        ,      
dowiebr01, 1983,     1, TOR , NHL , G  ,  2.0,  0.0,   0.0,   0.0,   0.0, 0.0  ,  0.0,     ,  0.0,     ,  0.0, 0.0,   0.0,       ,      ,      ,        ,        ,        ,        ,        ,        ,        ,        ,      
downeaa01, 1999,     1, BOS , NHL , R  ,  1.0,  0.0,   0.0,   0.0,   0.0, 0.0  ,  0.0,  0.0,  0.0,  0.0,  0.0, 0.0,   0.0,       ,      ,      ,        ,        ,        ,        ,        ,        ,        ,        ,      
downeaa01, 2000,     1, CHI , NHL , R  ,  3.0,  0.0,   0.0,   0.0,   6.0, -1.0 ,  0.0,  0.0,  0.0,  0.0,  0.0, 0.0,   2.0,       ,      ,      ,        ,        ,        ,        ,        ,        ,        ,        ,      
downeaa01, 2001,     1, CHI , NHL , R  , 36.0,  1.0,   0.0,   1.0,  76.0, -2.0 ,  0.0,  0.0,  0.0,  0.0,  1.0, 0.0,  10.0,    4.0,   0.0,   0.0,     0.0,     8.0, -1.0   ,     0.0,     0.0,     0.0,     0.0,     0.0,     0.0
downeaa01, 2002,     1, DAL , NHL , R  , 43.0,  1.0,   1.0,   2.0,  69.0, 1.0  ,  0.0,  0.0,  0.0,  0.0,  0.0, 0.0,  14.0,       ,      ,      ,        ,        ,        ,        ,        ,        ,        ,        ,      
downeaa01, 2003,     1, DAL , NHL , R  , 37.0,  1.0,   1.0,   2.0,  77.0, 2.0  ,  0.0,  0.0,  0.0,  0.0,  1.0, 0.0,  11.0,       ,      ,      ,        ,        ,        ,        ,        ,        ,        ,        ,      
downeaa01, 2005,     1, STL , NHL , R  , 17.0,  2.0,   0.0,   2.0,  45.0, 0.0  ,  0.0,  0.0,  0.0,  0.0,  0.0,    ,  11.0,       ,      ,      ,        ,        ,        ,        ,        ,        ,        ,        ,      
downeaa01, 2005,     2, MTL , NHL , R  , 25.0,  1.0,   4.0,   5.0,  50.0, 2.0  ,  0.0,  0.0,  0.0,  0.0,  0.0,    ,  10.0,    1.0,   0.0,   0.0,     0.0,     0.0, 0.0    ,     0.0,     0.0,     0.0,     0.0,     0.0,     0.0
downeaa01, 2006,     1, MTL , NHL , R  , 21.0,  1.0,   0.0,   1.0,  48.0, -6.0 ,  0.0,  0.0,  0.0,  0.0,  1.0,    ,  10.0,       ,      ,      ,        ,        ,        ,        ,        ,        ,        ,        ,      
downeaa01, 2007,     1, DET , NHL , R  , 56.0,  0.0,   3.0,   3.0, 116.0, 0.0  ,  0.0,  0.0,  0.0,  0.0,  0.0,    ,  15.0,       ,      ,      ,        ,        ,        ,        ,        ,        ,        ,        ,      
downeaa01, 2008,     1, DET , NHL , R  ,  4.0,  1.0,   1.0,   2.0,   7.0, 0.0  ,  0.0,  0.0,  0.0,  0.0,  0.0,    ,   2.0,       ,      ,      ,        ,        ,        ,        ,        ,        ,        ,        ,      
downida01, 1932,     1, TOR , NHL , R  , 11.0,  0.0,   1.0,   1.0,   2.0,      ,     ,     ,     ,     ,     ,    ,      ,       ,      ,      ,        ,        ,        ,        ,        ,        ,        ,        ,      
downist01, 2007,     1, PHI , NHL , R  , 32.0,  6.0,   6.0,  12.0,  73.0, 2.0  ,  0.0,  0.0,  1.0,  0.0,  1.0,    ,  25.0,    6.0,   0.0,   1.0,     1.0,    10.0, -2.0   ,     0.0,     0.0,     0.0,     0.0,     0.0,     2.0
downist01, 2008,     1, PHI , NHL , R  ,  6.0,  0.0,   0.0,   0.0,  11.0, -4.0 ,  0.0,  0.0,  0.0,  0.0,  0.0,    ,   1.0,       ,      ,      ,        ,        ,        ,        ,        ,        ,        ,        ,      
downist01, 2008,     2, TBL , NHL , R  , 23.0,  3.0,   3.0,   6.0,  54.0, 2.0  ,  0.0,  0.0,  0.0,  0.0,  1.0,    ,  25.0,       ,      ,      ,        ,        ,        ,        ,        ,        ,        ,        ,      
downist01, 2009,     1, TBL , NHL , R  , 79.0, 22.0,  24.0,  46.0, 208.0, 14.0 ,  7.0,  4.0,  0.0,  0.0,  1.0,    , 116.0,       ,      ,      ,        ,        ,        ,        ,        ,        ,        ,        ,      
doylega01, 1973,     1, EDO , WHA , G  ,  1.0,  0.0,   0.0,   0.0,   0.0,      ,  0.0,     ,  0.0,     ,  0.0,    ,      ,       ,      ,      ,        ,        ,        ,        ,        ,        ,        ,        ,      
doyonma01, 1988,     1, CHI , NHL , D  ,  7.0,  1.0,   1.0,   2.0,   6.0, 2.0  ,  1.0,  1.0,  0.0,  0.0,  0.0, 0.0,   7.0,       ,      ,      ,        ,        ,        ,        ,        ,        ,        ,        ,      
doyonma01, 1989,     1, QUE , NHL , D  ,  9.0,  2.0,   3.0,   5.0,   6.0, -1.0 ,  1.0,  1.0,  0.0,  0.0,  0.0, 0.0,  19.0,       ,      ,      ,        ,        ,        ,        ,        ,        ,        ,        ,      
doyonma01, 1990,     1, QUE , NHL , D  , 12.0,  0.0,   0.0,   0.0,   4.0, -3.0 ,  0.0,  0.0,  0.0,  0.0,  0.0, 0.0,  12.0,       ,      ,      ,        ,        ,        ,        ,        ,        ,        ,        ,      
drakeda01, 1992,     1, DET , NHL , L  , 72.0, 18.0,  26.0,  44.0,  93.0, 15.0 ,  3.0,  4.0,  2.0,  0.0,  5.0, 0.0,  89.0,    7.0,   3.0,   3.0,     6.0,     6.0, 3.0    ,     1.0,     0.0,     0.0,     0.0,     0.0,     8.0
drakeda01, 1993,     1, DET , NHL , L  , 47.0, 10.0,  22.0,  32.0,  37.0, 5.0  ,  0.0,  5.0,  1.0,  1.0,  2.0, 0.0,  78.0,       ,      ,      ,        ,        ,        ,        ,        ,        ,        ,        ,      
drakeda01, 1993,     2, WIN , NHL , L  , 15.0,  3.0,   5.0,   8.0,  12.0, -6.0 ,  1.0,  1.0,  1.0,  0.0,  1.0, 0.0,  34.0,       ,      ,      ,        ,        ,        ,        ,        ,        ,        ,        ,      
drakeda01, 1994,     1, WIN , NHL , R  , 43.0,  8.0,  18.0,  26.0,  30.0, -6.0 ,  0.0,  3.0,  0.0,  0.0,  1.0, 0.0,  66.0,       ,      ,      ,        ,        ,        ,        ,        ,        ,        ,        ,      
drakeda01, 1995,     1, WIN , NHL , R  , 69.0, 19.0,  20.0,  39.0,  36.0, -7.0 ,  4.0,  3.0,  4.0,  1.0,  2.0, 1.0, 121.0,    3.0,   0.0,   0.0,     0.0,     0.0, -2.0   ,     0.0,     0.0,     0.0,     0.0,     0.0,     3.0
drakeda01, 1996,     1, PHO , NHL , L  , 63.0, 17.0,  19.0,  36.0,  52.0, -11.0,  5.0,  4.0,  1.0,  2.0,  1.0, 0.0, 113.0,    7.0,   0.0,   1.0,     1.0,     2.0, -2.0   ,     0.0,     0.0,     0.0,     0.0,     0.0,    12.0
drakeda01, 1997,     1, PHO , NHL , R  , 60.0, 11.0,  29.0,  40.0,  71.0, 17.0 ,  3.0,  1.0,  0.0,  1.0,  2.0, 0.0, 112.0,    4.0,   0.0,   1.0,     1.0,     2.0, -4.0   ,     0.0,     0.0,     0.0,     0.0,     0.0,     4.0
drakeda01, 1998,     1, PHO , NHL , R  , 53.0,  9.0,  22.0,  31.0,  65.0, 17.0 ,  0.0,  2.0,  0.0,  0.0,  3.0, 0.0, 105.0,    7.0,   4.0,   3.0,     7.0,     4.0, 3.0    ,     2.0,     1.0,     0.0,     0.0,     1.0,    18.0
drakeda01, 1999,     1, PHO , NHL , R  , 79.0, 15.0,  30.0,  45.0,  62.0, 11.0 ,  0.0,  1.0,  2.0,  3.0,  5.0, 0.0, 127.0,    5.0,   0.0,   1.0,     1.0,     4.0, 1.0    ,     0.0,     0.0,     0.0,     0.0,     0.0,     8.0
drakeda01, 2000,     1, STL , NHL , L  , 82.0, 12.0,  29.0,  41.0,  71.0, 18.0 ,  2.0,  9.0,  0.0,  0.0,  3.0, 0.0, 142.0,   15.0,   4.0,   2.0,     6.0,    16.0, 1.0    ,     0.0,     0.0,     1.0,     0.0,     1.0,    21.0
drakeda01, 2001,     1, STL , NHL , L  , 80.0, 11.0,  15.0,  26.0,  87.0, 8.0  ,  1.0,  0.0,  3.0,  0.0,  2.0, 0.0, 116.0,    8.0,   0.0,   0.0,     0.0,     8.0, 0.0    ,     0.0,     0.0,     0.0,     0.0,     0.0,     8.0
drakeda01, 2002,     1, STL , NHL , L  , 80.0, 20.0,  10.0,  30.0,  66.0, -7.0 ,  4.0,  3.0,  1.0,  1.0,  2.0, 1.0, 113.0,    7.0,   1.0,   4.0,     5.0,    23.0, 0.0    ,     0.0,     2.0,     0.0,     0.0,     1.0,    10.0
drakeda01, 2003,     1, STL , NHL , L  , 79.0, 13.0,  22.0,  35.0,  65.0, 10.0 ,  3.0,  3.0,  2.0,  1.0,  1.0, 0.0, 121.0,    5.0,   1.0,   1.0,     2.0,     2.0, -1.0   ,     0.0,     0.0,     0.0,     0.0,     1.0,     7.0
drakeda01, 2005,     1, STL , NHL , L  , 62.0,  2.0,  24.0,  26.0,  59.0, -13.0,  1.0,  4.0,  0.0,  2.0,  1.0,    ,  88.0,       ,      ,      ,        ,        ,        ,        ,        ,        ,        ,        ,      
drakeda01, 2006,     1, STL , NHL , R  , 60.0,  6.0,   6.0,  12.0,  38.0, -14.0,  0.0,  0.0,  2.0,  1.0,  2.0,    ,  74.0,       ,      ,      ,        ,        ,        ,        ,        ,        ,        ,        ,      
drakeda01, 2007,     1, DET , NHL , R  , 65.0,  3.0,   3.0,   6.0,  41.0, -12.0,  0.0,  0.0,  1.0,  0.0,  0.0,    ,  46.0,   22.0,   1.0,   3.0,     4.0,    12.0, 2.0    ,     0.0,     0.0,     0.0,     0.0,     0.0,    27.0
drapebr01, 1962,     1, TOR , NHL , F  ,  1.0,  0.0,   0.0,   0.0,   0.0,      ,     ,     ,     ,     ,     ,    ,      ,       ,      ,      ,        ,        ,        ,        ,        ,        ,        ,        ,      
drapekr01, 1990,     1, WIN , NHL , C  ,  3.0,  1.0,   0.0,   1.0,   5.0, 0.0  ,  0.0,  0.0,  0.0,  0.0,  0.0, 0.0,   1.0,       ,      ,      ,        ,        ,        ,        ,        ,        ,        ,        ,      
drapekr01, 1991,     1, WIN , NHL , C  , 10.0,  2.0,   0.0,   2.0,   2.0, 0.0  ,  0.0,  0.0,  0.0,  0.0,  0.0, 0.0,  19.0,    2.0,   0.0,   0.0,     0.0,     0.0, -2.0   ,     0.0,     0.0,     0.0,     0.0,     0.0,     1.0
drapekr01, 1992,     1, WIN , NHL , C  ,  7.0,  0.0,   0.0,   0.0,   2.0, -6.0 ,  0.0,  0.0,  0.0,  0.0,  0.0, 0.0,   5.0,       ,      ,      ,        ,        ,        ,        ,        ,        ,        ,        ,      
drapekr01, 1993,     1, DET , NHL , C  , 39.0,  5.0,   8.0,  13.0,  31.0, 11.0 ,  0.0,  0.0,  1.0,  1.0,  0.0, 0.0,  55.0,    7.0,   2.0,   2.0,     4.0,     4.0, 5.0    ,     0.0,     0.0,     1.0,     0.0,     0.0,    15.0
drapekr01, 1994,     1, DET , NHL , C  , 36.0,  2.0,   6.0,   8.0,  22.0, 1.0  ,  0.0,  0.0,  0.0,  1.0,  0.0, 0.0,  44.0,   18.0,   4.0,   1.0,     5.0,    12.0, -2.0   ,     0.0,     0.0,     1.0,     0.0,     1.0,    22.0
drapekr01, 1995,     1, DET , NHL , C  , 52.0,  7.0,   9.0,  16.0,  32.0, 2.0  ,  0.0,  0.0,  1.0,  2.0,  0.0, 0.0,  51.0,   18.0,   4.0,   2.0,     6.0,    18.0, 2.0    ,     0.0,     0.0,     1.0,     0.0,     0.0,    25.0
drapekr01, 1996,     1, DET , NHL , C  , 76.0,  8.0,   5.0,  13.0,  73.0, -11.0,  1.0,  0.0,  0.0,  1.0,  1.0, 0.0,  85.0,   20.0,   2.0,   4.0,     6.0,    12.0, 5.0    ,     0.0,     0.0,     1.0,     1.0,     0.0,    30.0
drapekr01, 1997,     1, DET , NHL , C  , 64.0, 13.0,  10.0,  23.0,  45.0, 5.0  ,  1.0,  1.0,  0.0,  0.0,  4.0, 0.0,  96.0,   19.0,   1.0,   3.0,     4.0,    12.0, 4.0    ,     0.0,     0.0,     0.0,     1.0,     1.0,    20.0
drapekr01, 1998,     1, DET , NHL , C  , 80.0,  4.0,  14.0,  18.0,  79.0, 2.0  ,  0.0,  0.0,  1.0,  3.0,  1.0, 0.0,  78.0,   10.0,   0.0,   1.0,     1.0,     6.0, -1.0   ,     0.0,     0.0,     0.0,     0.0,     0.0,     9.0
drapekr01, 1999,     1, DET , NHL , C  , 51.0,  5.0,   7.0,  12.0,  28.0, 3.0  ,  0.0,  0.0,  0.0,  0.0,  3.0, 0.0,  76.0,    9.0,   2.0,   0.0,     2.0,     6.0, 4.0    ,     0.0,     0.0,     0.0,     0.0,     0.0,    16.0
drapekr01, 2000,     1, DET , NHL , C  , 75.0,  8.0,  17.0,  25.0,  38.0, 17.0 ,  0.0,  0.0,  1.0,  2.0,  1.0, 0.0, 123.0,    6.0,   0.0,   1.0,     1.0,     2.0, -3.0   ,     0.0,     0.0,     0.0,     0.0,     0.0,     7.0
drapekr01, 2001,     1, DET , NHL , R  , 82.0, 15.0,  15.0,  30.0,  56.0, 26.0 ,  0.0,  0.0,  2.0,  1.0,  3.0, 0.0, 137.0,   23.0,   2.0,   3.0,     5.0,    20.0, 4.0    ,     0.0,     0.0,     0.0,     2.0,     0.0,    44.0
drapekr01, 2002,     1, DET , NHL , C  , 82.0, 14.0,  21.0,  35.0,  82.0, 6.0  ,  0.0,  1.0,  1.0,  2.0,  2.0, 0.0, 142.0,    4.0,   0.0,   0.0,     0.0,     4.0, -2.0   ,     0.0,     0.0,     0.0,     0.0,     0.0,     8.0
drapekr01, 2003,     1, DET , NHL , C  , 67.0, 24.0,  16.0,  40.0,  31.0, 22.0 ,  2.0,  2.0,  5.0,  2.0,  1.0, 1.0, 149.0,   12.0,   1.0,   3.0,     4.0,     6.0, 1.0    ,     0.0,     0.0,     0.0,     0.0,     0.0,    23.0
drapekr01, 2005,     1, DET , NHL , R  , 80.0, 10.0,  22.0,  32.0,  58.0, 3.0  ,  0.0,  2.0,  1.0,  1.0,  1.0,    , 153.0,    6.0,   0.0,   0.0,     0.0,     6.0, 3.0    ,     0.0,     0.0,     0.0,     0.0,     0.0,    14.0
drapekr01, 2006,     1, DET , NHL , C  , 81.0, 14.0,  15.0,  29.0,  58.0, 7.0  ,  0.0,  0.0,  5.0,  0.0,  1.0,    , 157.0,   18.0,   2.0,   0.0,     2.0,    24.0, -5.0   ,     0.0,     0.0,     0.0,     0.0,     0.0,    26.0
drapekr01, 2007,     1, DET , NHL , C  , 65.0,  9.0,   8.0,  17.0,  68.0, -2.0 ,  0.0,  0.0,  2.0,  0.0,  2.0,    ,  97.0,   22.0,   3.0,   1.0,     4.0,    10.0, 0.0    ,     0.0,     0.0,     0.0,     0.0,     1.0,    37.0
drapekr01, 2008,     1, DET , NHL , C  , 79.0,  7.0,  10.0,  17.0,  40.0, -13.0,  0.0,  0.0,  1.0,  1.0,  2.0,    ,  93.0,    8.0,   1.0,   0.0,     1.0,     0.0, 0.0    ,     0.0,     0.0,     0.0,     0.0,     0.0,     6.0
drapekr01, 2009,     1, DET , NHL , C  , 81.0,  7.0,  15.0,  22.0,  28.0, -2.0 ,  1.0,  0.0,  0.0,  1.0,  0.0,    ,  98.0,   12.0,   0.0,   0.0,     0.0,    16.0, 0.0    ,     0.0,     0.0,     0.0,     0.0,     0.0,     4.0
drapeto01, 1988,     1, WIN , NHL , G  ,  2.0,  0.0,   0.0,   0.0,   0.0, 0.0  ,  0.0,  0.0,  0.0,  0.0,  0.0, 0.0,   0.0,       ,      ,      ,        ,        ,        ,        ,        ,        ,        ,        ,      
drapeto01, 1989,     1, WIN , NHL , G  ,  6.0,  0.0,   0.0,   0.0,   0.0, 0.0  ,  0.0,  0.0,  0.0,  0.0,  0.0, 0.0,   0.0,       ,      ,      ,        ,        ,        ,        ,        ,        ,        ,        ,      
drapeto01, 1991,     1, BUF , NHL , G  , 26.0,  0.0,   2.0,   2.0,   2.0, 0.0  ,  0.0,  1.0,  0.0,  0.0,  0.0, 0.0,   0.0,    7.0,   0.0,   0.0,     0.0,     0.0, 0.0    ,     0.0,     0.0,     0.0,     0.0,     0.0,     0.0
drapeto01, 1992,     1, BUF , NHL , G  , 11.0,  0.0,   1.0,   1.0,   2.0, 0.0  ,  0.0,  0.0,  0.0,  0.0,  0.0, 0.0,   0.0,       ,      ,      ,        ,        ,        ,        ,        ,        ,        ,        ,      
drapeto01, 1993,     1, NYI , NHL , G  ,  7.0,  0.0,   0.0,   0.0,   0.0, 0.0  ,  0.0,  0.0,  0.0,  0.0,  0.0, 0.0,   0.0,       ,      ,      ,        ,        ,        ,        ,        ,        ,        ,        ,      
drapeto01, 1995,     1, WIN , NHL , G  ,  1.0,  0.0,   0.0,   0.0,   0.0, 0.0  ,  0.0,  0.0,  0.0,  0.0,  0.0, 0.0,   0.0,       ,      ,      ,        ,        ,        ,        ,        ,        ,        ,        ,      
drewida01, 2008,     1, LAK , NHL , D  , 17.0,  0.0,   3.0,   3.0,  18.0, 1.0  ,  0.0,  1.0,  0.0,  0.0,  0.0,    ,  21.0,       ,      ,      ,        ,        ,        ,        ,        ,        ,        ,        ,      
drewida01, 2009,     1, LAK , NHL , D  , 42.0,  1.0,   7.0,   8.0,  14.0, -4.0 ,  0.0,  0.0,  0.0,  0.0,  0.0,    ,  32.0,       ,      ,      ,        ,        ,        ,        ,        ,        ,        ,        ,      
drillgo01, 1936,     1, TOR , NHL , R  , 41.0, 16.0,  17.0,  33.0,   2.0,      ,     ,     ,     ,     ,     ,    ,      ,    2.0,   0.0,   0.0,     0.0,     0.0,        ,        ,        ,        ,        ,        ,      
drillgo01, 1937,     1, TOR , NHL , R  , 48.0, 26.0,  26.0,  52.0,   4.0,      ,     ,     ,     ,     ,     ,    ,      ,    7.0,   7.0,   1.0,     8.0,     2.0,        ,        ,        ,        ,        ,        ,      
drillgo01, 1938,     1, TOR , NHL , R  , 40.0, 18.0,  16.0,  34.0,  15.0,      ,     ,     ,     ,     ,     ,    ,      ,   10.0,   7.0,   6.0,    13.0,     4.0,        ,        ,        ,        ,        ,        ,      
drillgo01, 1939,     1, TOR , NHL , R  , 43.0, 21.0,  19.0,  40.0,  13.0,      ,     ,     ,     ,     ,     ,    ,      ,   10.0,   3.0,   1.0,     4.0,     0.0,        ,        ,        ,        ,        ,        ,      
drillgo01, 1940,     1, TOR , NHL , R  , 42.0, 23.0,  21.0,  44.0,   2.0,      ,     ,     ,     ,     ,     ,    ,      ,    7.0,   3.0,   2.0,     5.0,     2.0,        ,        ,        ,        ,        ,        ,      
drillgo01, 1941,     1, TOR , NHL , R  , 48.0, 23.0,  18.0,  41.0,   6.0,      ,     ,     ,     ,     ,     ,    ,      ,    9.0,   2.0,   3.0,     5.0,     2.0,        ,        ,        ,        ,        ,        ,      
drillgo01, 1942,     1, MTL , NHL , R  , 49.0, 28.0,  22.0,  50.0,  14.0,      ,     ,     ,     ,     ,     ,    ,      ,    5.0,   4.0,   2.0,     6.0,     0.0,        ,        ,        ,        ,        ,        ,      
driscpe01, 1974,     1, VAB , WHA , L  , 21.0,  3.0,   2.0,   5.0,  40.0, -2.0 ,  0.0,     ,  0.0,     ,     ,    ,  18.0,       ,      ,      ,        ,        ,        ,        ,        ,        ,        ,        ,      
driscpe01, 1975,     1, CAC , WHA , L  , 75.0, 16.0,  18.0,  34.0, 127.0, 12.0 ,  2.0,     ,  0.0,     ,  6.0,    , 118.0,   10.0,   2.0,   5.0,     7.0,    41.0, -1.0   ,        ,        ,        ,        ,        ,      
driscpe01, 1976,     1, CAC , WHA , L  , 76.0, 23.0,  29.0,  52.0, 120.0, -8.0 ,  4.0,     ,  0.0,     ,     ,    , 130.0,       ,      ,      ,        ,        ,        ,        ,        ,        ,        ,        ,      
driscpe01, 1977,     1, QUN , WHA , L  , 21.0,  3.0,   7.0,  10.0,  28.0, -1.0 ,  1.0,     ,  0.0,     ,     ,    ,  32.0,       ,      ,      ,        ,        ,        ,        ,        ,        ,        ,        ,      
driscpe01, 1977,     2, IND , WHA , L  , 56.0, 25.0,  21.0,  46.0, 130.0, 0.0  ,  5.0,     ,  0.0,     ,     ,    , 122.0,       ,      ,      ,        ,        ,        ,        ,        ,        ,        ,        ,      
driscpe01, 1978,     1, IND , WHA , L  ,  8.0,  3.0,   1.0,   4.0,  17.0, 1.0  ,  1.0,     ,  0.0,     ,     ,    ,  23.0,       ,      ,      ,        ,        ,        ,        ,        ,        ,        ,        ,      
driscpe01, 1978,     2, EDO , WHA , L  , 69.0, 17.0,  23.0,  40.0, 115.0, 16.0 ,  3.0,     ,  0.0,     ,     ,    ,  93.0,   13.0,   1.0,   6.0,     7.0,     8.0, 4.0    ,        ,        ,        ,        ,     0.0,      
driscpe01, 1979,     1, EDM , NHL , R  , 39.0,  1.0,   5.0,   6.0,  54.0, -11.0,  0.0,     ,  0.0,     ,  0.0, 1.0,  23.0,    3.0,   0.0,   0.0,     0.0,     0.0,        ,     0.0,        ,     0.0,        ,     0.0,      
driscpe01, 1980,     1, EDM , NHL , L  , 21.0,  2.0,   3.0,   5.0,  43.0, 1.0  ,  1.0,     ,  0.0,     ,  0.0, 0.0,  17.0,       ,      ,      ,        ,        ,        ,        ,        ,        ,        ,        ,      
drivebr01, 1983,     1, NJD , NHL , D  ,  4.0,  0.0,   2.0,   2.0,   0.0, -2.0 ,  0.0,     ,  0.0,     ,  0.0, 0.0,   5.0,       ,      ,      ,        ,        ,        ,        ,        ,        ,        ,        ,      
drivebr01, 1984,     1, NJD , NHL , D  , 67.0,  9.0,  23.0,  32.0,  36.0, -22.0,  3.0,     ,  1.0,     ,  0.0, 0.0, 143.0,       ,      ,      ,        ,        ,        ,        ,        ,        ,        ,        ,      
drivebr01, 1985,     1, NJD , NHL , D  , 40.0,  3.0,  15.0,  18.0,  32.0, 9.0  ,  1.0,     ,  0.0,     ,  1.0, 0.0,  64.0,       ,      ,      ,        ,        ,        ,        ,        ,        ,        ,        ,      
drivebr01, 1986,     1, NJD , NHL , D  , 74.0,  6.0,  28.0,  34.0,  36.0, -26.0,  0.0,     ,  0.0,     ,  0.0, 1.0, 132.0,       ,      ,      ,        ,        ,        ,        ,        ,        ,        ,        ,      
drivebr01, 1987,     1, NJD , NHL , D  , 74.0, 15.0,  40.0,  55.0,  68.0, 7.0  ,  7.0, 27.0,  0.0,  0.0,  0.0, 0.0, 190.0,   18.0,   3.0,   7.0,    10.0,    14.0, 2.0    ,     3.0,     5.0,     0.0,     0.0,     0.0,    16.0
drivebr01, 1988,     1, NJD , NHL , D  , 27.0,  1.0,  15.0,  16.0,  24.0, 0.0  ,  1.0, 10.0,  0.0,  0.0,  0.0, 1.0,  69.0,       ,      ,      ,        ,        ,        ,        ,        ,        ,        ,        ,      
drivebr01, 1989,     1, NJD , NHL , D  , 75.0,  7.0,  46.0,  53.0,  63.0, 6.0  ,  1.0, 18.0,  0.0,  1.0,  0.0, 1.0, 185.0,    6.0,   1.0,   5.0,     6.0,     6.0, 3.0    ,     0.0,     3.0,     0.0,     0.0,     0.0,    21.0
drivebr01, 1990,     1, NJD , NHL , D  , 73.0,  9.0,  36.0,  45.0,  62.0, 11.0 ,  7.0, 15.0,  0.0,  1.0,  2.0, 0.0, 195.0,    7.0,   1.0,   2.0,     3.0,    12.0, 1.0    ,     1.0,     2.0,     0.0,     0.0,     0.0,    21.0
drivebr01, 1991,     1, NJD , NHL , D  , 78.0,  7.0,  35.0,  42.0,  66.0, 5.0  ,  3.0, 13.0,  1.0,  4.0,  1.0, 0.0, 205.0,    7.0,   0.0,   4.0,     4.0,     2.0, -2.0   ,     0.0,     2.0,     0.0,     0.0,     0.0,    23.0
drivebr01, 1992,     1, NJD , NHL , D  , 83.0, 14.0,  40.0,  54.0,  66.0, -10.0,  6.0, 18.0,  0.0,  1.0,  0.0, 0.0, 177.0,    5.0,   1.0,   3.0,     4.0,     4.0, -2.0   ,     0.0,     2.0,     1.0,     0.0,     0.0,    19.0
drivebr01, 1993,     1, NJD , NHL , D  , 66.0,  8.0,  24.0,  32.0,  63.0, 29.0 ,  3.0, 14.0,  1.0,  1.0,  0.0, 1.0, 109.0,   20.0,   3.0,   5.0,     8.0,    12.0, 4.0    ,     2.0,     3.0,     0.0,     0.0,     0.0,    33.0
drivebr01, 1994,     1, NJD , NHL , D  , 41.0,  4.0,  12.0,  16.0,  18.0, -1.0 ,  1.0,  8.0,  0.0,  0.0,  1.0, 1.0,  62.0,   17.0,   1.0,   6.0,     7.0,     8.0, 13.0   ,     1.0,     2.0,     0.0,     0.0,     0.0,    19.0
drivebr01, 1995,     1, NYR , NHL , D  , 66.0,  3.0,  34.0,  37.0,  42.0, 2.0  ,  3.0, 19.0,  0.0,  0.0,  0.0, 1.0, 140.0,   11.0,   0.0,   7.0,     7.0,     4.0, 1.0    ,     0.0,     4.0,     0.0,     0.0,     0.0,    23.0
drivebr01, 1996,     1, NYR , NHL , D  , 79.0,  5.0,  25.0,  30.0,  48.0, 8.0  ,  2.0, 12.0,  0.0,  0.0,  2.0, 0.0, 154.0,   15.0,   0.0,   1.0,     1.0,     2.0, -3.0   ,     0.0,     0.0,     0.0,     0.0,     0.0,    26.0
drivebr01, 1997,     1, NYR , NHL , D  , 75.0,  5.0,  15.0,  20.0,  46.0, -3.0 ,  1.0,  4.0,  0.0,  0.0,  0.0, 0.0, 116.0,       ,      ,      ,        ,        ,        ,        ,        ,        ,        ,        ,      
drolere01, 1971,     1, PHI , NHL , R  ,  1.0,  0.0,   0.0,   0.0,   0.0, 0.0  ,  0.0,     ,  0.0,     ,  0.0, 0.0,   3.0,       ,      ,      ,        ,        ,        ,        ,        ,        ,        ,        ,      
drolere01, 1974,     1, DET , NHL , R  ,  1.0,  0.0,   0.0,   0.0,   0.0, 0.0  ,  0.0,     ,  0.0,     ,  0.0, 0.0,   0.0,       ,      ,      ,        ,        ,        ,        ,        ,        ,        ,        ,      
droppiv01, 1993,     1, CHI , NHL , D  , 12.0,  0.0,   1.0,   1.0,  12.0, 2.0  ,  0.0,  0.0,  0.0,  0.0,  0.0, 0.0,  13.0,       ,      ,      ,        ,        ,        ,        ,        ,        ,        ,        ,      
droppiv01, 1995,     1, CHI , NHL , D  ,  7.0,  0.0,   0.0,   0.0,   2.0, 2.0  ,  0.0,  0.0,  0.0,  0.0,  0.0, 0.0,   1.0,       ,      ,      ,        ,        ,        ,        ,        ,        ,        ,        ,      
drouicl01, 1937,     1, DET , NHL , C  , 10.0,  0.0,   1.0,   1.0,   0.0,      ,     ,     ,     ,     ,     ,    ,      ,       ,      ,      ,        ,        ,        ,        ,        ,        ,        ,        ,      
drouije01, 2008,     1, EDM , NHL , G  , 10.0,  0.0,   1.0,   1.0,   0.0, 0.0  ,  0.0,  1.0,  0.0,  0.0,  0.0,    ,   0.0,       ,      ,      ,        ,        ,        ,        ,        ,        ,        ,        ,      
drouije01, 2009,     1, EDM , NHL , G  , 48.0,  0.0,   3.0,   3.0,   8.0, 0.0  ,  0.0,  2.0,  0.0,  0.0,  0.0,    ,   0.0,       ,      ,      ,        ,        ,        ,        ,        ,        ,        ,        ,      
drouiju01, 1968,     1, MTL , NHL , C  ,  9.0,  0.0,   1.0,   1.0,   0.0, 1.0  ,  0.0,     ,  0.0,     ,  0.0, 0.0,   3.0,       ,      ,      ,        ,        ,        ,        ,        ,        ,        ,        ,      
drouiju01, 1969,     1, MTL , NHL , C  ,  3.0,  0.0,   0.0,   0.0,   2.0, -2.0 ,  0.0,     ,  0.0,     ,  0.0, 0.0,   8.0,       ,      ,      ,        ,        ,        ,        ,        ,        ,        ,        ,      
drouiju01, 1970,     1, MNS , NHL , C  , 75.0, 16.0,  52.0,  68.0,  49.0, 5.0  ,  4.0,     ,  0.0,     ,  2.0, 2.0, 208.0,   12.0,   5.0,   7.0,    12.0,    10.0,        ,     1.0,        ,     0.0,        ,     0.0,      
drouiju01, 1971,     1, MNS , NHL , C  , 63.0, 13.0,  43.0,  56.0,  31.0, 4.0  ,  3.0,     ,  0.0,     ,  5.0, 1.0, 213.0,    7.0,   4.0,   4.0,     8.0,     6.0,        ,     1.0,        ,     0.0,        ,     1.0,      
drouiju01, 1972,     1, MNS , NHL , C  , 78.0, 27.0,  46.0,  73.0,  61.0, 12.0 ,  3.0,     ,  0.0,     ,  5.0, 0.0, 279.0,    6.0,   1.0,   3.0,     4.0,     0.0,        ,     0.0,        ,     0.0,        ,     0.0,      
drouiju01, 1973,     1, MNS , NHL , C  , 65.0, 19.0,  24.0,  43.0,  30.0, -11.0,  4.0,     ,  0.0,     ,  2.0, 2.0, 200.0,       ,      ,      ,        ,        ,        ,        ,        ,        ,        ,        ,      
drouiju01, 1974,     1, MNS , NHL , C  , 38.0,  4.0,  18.0,  22.0,  16.0, -19.0,  1.0,     ,  0.0,     ,  1.0, 0.0,  72.0,       ,      ,      ,        ,        ,        ,        ,        ,        ,        ,        ,      
drouiju01, 1974,     2, NYI , NHL , C  , 40.0, 14.0,  18.0,  32.0,   6.0, 8.0  ,  2.0,     ,  0.0,     ,  2.0, 1.0,  93.0,   17.0,   6.0,  12.0,    18.0,     6.0,        ,     1.0,        ,     0.0,        ,     1.0,      
drouiju01, 1975,     1, NYI , NHL , C  , 76.0, 21.0,  41.0,  62.0,  58.0, 18.0 , 10.0,     ,  0.0,     ,  2.0, 0.0, 153.0,   13.0,   6.0,   9.0,    15.0,     0.0,        ,     1.0,        ,     0.0,        ,     1.0,      
drouiju01, 1976,     1, NYI , NHL , C  , 78.0, 24.0,  29.0,  53.0,  27.0, 18.0 ,  4.0,     ,  0.0,     ,  2.0, 2.0, 135.0,   12.0,   5.0,   6.0,    11.0,     6.0,        ,     1.0,        ,     0.0,        ,     0.0,      
drouiju01, 1977,     1, NYI , NHL , C  , 56.0,  5.0,  17.0,  22.0,  12.0, 14.0 ,  0.0,     ,  0.0,     ,  0.0, 1.0,  78.0,    5.0,   0.0,   0.0,     0.0,     5.0,        ,     0.0,        ,     0.0,        ,     0.0,      
drouiju01, 1979,     1, WIN , NHL , C  , 78.0,  8.0,  16.0,  24.0,  50.0, -38.0,  1.0,     ,  2.0,     ,  1.0, 1.0,  84.0,       ,      ,      ,        ,        ,        ,        ,        ,        ,        ,        ,      
drouiju01, 1980,     1, WIN , NHL , C  ,  7.0,  0.0,   0.0,   0.0,   4.0, -2.0 ,  0.0,     ,  0.0,     ,  0.0, 0.0,   1.0,       ,      ,      ,        ,        ,        ,        ,        ,        ,        ,        ,      
drouipc01, 1996,     1, BOS , NHL , L  ,  3.0,  0.0,   0.0,   0.0,   0.0, 1.0  ,  0.0,  0.0,  0.0,  0.0,  0.0, 0.0,   1.0,       ,      ,      ,        ,        ,        ,        ,        ,        ,        ,        ,      
drouipo01, 1934,     1, MTL , NHL , L  ,  4.0,  0.0,   0.0,   0.0,   0.0,      ,     ,     ,     ,     ,     ,    ,      ,       ,      ,      ,        ,        ,        ,        ,        ,        ,        ,        ,      
drouipo01, 1935,     1, MTL , NHL , C/L, 30.0,  1.0,   8.0,   9.0,  19.0,      ,     ,     ,     ,     ,     ,    ,      ,       ,      ,      ,        ,        ,        ,        ,        ,        ,        ,        ,      
drouipo01, 1936,     1, MTL , NHL , L  ,  4.0,  0.0,   0.0,   0.0,   0.0,      ,     ,     ,     ,     ,     ,    ,      ,       ,      ,      ,        ,        ,        ,        ,        ,        ,        ,        ,      
drouipo01, 1937,     1, MTL , NHL , L  , 31.0,  7.0,  13.0,  20.0,   8.0,      ,     ,     ,     ,     ,     ,    ,      ,    1.0,   0.0,   0.0,     0.0,     0.0,        ,        ,        ,        ,        ,        ,      
drouipo01, 1938,     1, MTL , NHL , L  , 28.0,  7.0,  11.0,  18.0,   2.0,      ,     ,     ,     ,     ,     ,    ,      ,    3.0,   0.0,   1.0,     1.0,     5.0,        ,        ,        ,        ,        ,        ,      
drouipo01, 1939,     1, MTL , NHL , L  , 42.0,  4.0,  11.0,  15.0,  51.0,      ,     ,     ,     ,     ,     ,    ,      ,       ,      ,      ,        ,        ,        ,        ,        ,        ,        ,        ,      
drouipo01, 1940,     1, MTL , NHL , L  , 21.0,  4.0,   7.0,  11.0,   0.0,      ,     ,     ,     ,     ,     ,    ,      ,    1.0,   0.0,   0.0,     0.0,     0.0,        ,        ,        ,        ,        ,        ,      
drucejo01, 1988,     1, WAS , NHL , R  , 48.0,  8.0,   7.0,  15.0,  62.0, 7.0  ,  0.0,  0.0,  0.0,  0.0,  1.0, 0.0,  59.0,    1.0,   0.0,   0.0,     0.0,     0.0, 0.0    ,     0.0,     0.0,     0.0,     0.0,     0.0,     0.0
drucejo01, 1989,     1, WAS , NHL , R  , 45.0,  8.0,   3.0,  11.0,  52.0, -3.0 ,  1.0,  0.0,  0.0,  0.0,  1.0, 0.0,  66.0,   15.0,  14.0,   3.0,    17.0,    23.0, -2.0   ,     8.0,     1.0,     1.0,     0.0,     4.0,    44.0
drucejo01, 1990,     1, WAS , NHL , R  , 80.0, 22.0,  36.0,  58.0,  46.0, 4.0  ,  7.0, 11.0,  1.0,  1.0,  4.0, 0.0, 209.0,   11.0,   1.0,   1.0,     2.0,     7.0, -4.0   ,     1.0,     0.0,     0.0,     0.0,     0.0,    22.0
drucejo01, 1991,     1, WAS , NHL , R  , 67.0, 19.0,  18.0,  37.0,  39.0, 14.0 ,  1.0,  1.0,  0.0,  0.0,  3.0, 0.0, 129.0,    7.0,   1.0,   0.0,     1.0,     2.0, -1.0   ,     0.0,     0.0,     0.0,     0.0,     1.0,     9.0
drucejo01, 1992,     1, WIN , NHL , R  , 50.0,  6.0,  14.0,  20.0,  37.0, -4.0 ,  0.0,  0.0,  0.0,  0.0,  0.0, 0.0,  60.0,    2.0,   0.0,   0.0,     0.0,     0.0, 0.0    ,     0.0,     0.0,     0.0,     0.0,     0.0,     1.0
drucejo01, 1993,     1, LAK , NHL , R  , 55.0, 14.0,  17.0,  31.0,  50.0, 16.0 ,  1.0,  0.0,  1.0,  0.0,  0.0, 0.0, 104.0,       ,      ,      ,        ,        ,        ,        ,        ,        ,        ,        ,      
drucejo01, 1994,     1, LAK , NHL , R  , 43.0, 15.0,   5.0,  20.0,  20.0, -3.0 ,  3.0,  1.0,  0.0,  0.0,  1.0, 0.0,  75.0,       ,      ,      ,        ,        ,        ,        ,        ,        ,        ,        ,      
drucejo01, 1995,     1, LAK , NHL , R  , 64.0,  9.0,  12.0,  21.0,  14.0, -26.0,  0.0,  3.0,  0.0,  1.0,  0.0, 0.0, 103.0,       ,      ,      ,        ,        ,        ,        ,        ,        ,        ,        ,      
drucejo01, 1995,     2, PHI , NHL , R  , 13.0,  4.0,   4.0,   8.0,  13.0, 6.0  ,  0.0,  1.0,  0.0,  0.0,  0.0, 0.0,  25.0,    2.0,   0.0,   2.0,     2.0,     2.0, 1.0    ,     0.0,     0.0,     0.0,     0.0,     0.0,     8.0
drucejo01, 1996,     1, PHI , NHL , R  , 43.0,  7.0,   8.0,  15.0,  12.0, -5.0 ,  1.0,  0.0,  0.0,  0.0,  0.0, 0.0,  73.0,   13.0,   1.0,   0.0,     1.0,     2.0, 2.0    ,     0.0,     0.0,     1.0,     0.0,     0.0,    10.0
drucejo01, 1997,     1, PHI , NHL , R  , 23.0,  1.0,   2.0,   3.0,   2.0, 0.0  ,  0.0,  0.0,  0.0,  0.0,  0.0, 0.0,  18.0,    2.0,   0.0,   0.0,     0.0,     2.0, -1.0   ,     0.0,     0.0,     0.0,     0.0,     0.0,     3.0
drukeha01, 1999,     1, VAN , NHL , C  , 33.0,  7.0,   9.0,  16.0,  10.0, 14.0 ,  2.0,  0.0,  0.0,  0.0,  0.0, 0.0,  69.0,       ,      ,      ,        ,        ,        ,        ,        ,        ,        ,        ,      
drukeha01, 2000,     1, VAN , NHL , C  , 55.0, 15.0,  15.0,  30.0,  14.0, 2.0  ,  6.0,  3.0,  0.0,  0.0,  3.0, 0.0,  82.0,    4.0,   0.0,   1.0,     1.0,     0.0, -5.0   ,     0.0,     1.0,     0.0,     0.0,     0.0,     6.0
drukeha01, 2001,     1, VAN , NHL , L  , 27.0,  4.0,   4.0,   8.0,   6.0, -1.0 ,  1.0,  2.0,  0.0,  0.0,  2.0, 0.0,  33.0,       ,      ,      ,        ,        ,        ,        ,        ,        ,        ,        ,      
drukeha01, 2002,     1, VAN , NHL , C  ,  3.0,  1.0,   1.0,   2.0,   0.0, -1.0 ,  0.0,  0.0,  0.0,  0.0,  0.0, 0.0,   3.0,       ,      ,      ,        ,        ,        ,        ,        ,        ,        ,        ,      
drukeha01, 2002,     2, TOR , NHL , C  ,  5.0,  0.0,   2.0,   2.0,   2.0, 1.0  ,  0.0,  0.0,  0.0,  0.0,  0.0, 0.0,   8.0,       ,      ,      ,        ,        ,        ,        ,        ,        ,        ,        ,      
drukeha01, 2002,     3, CAR , NHL , C  , 14.0,  0.0,   1.0,   1.0,   2.0, -1.0 ,  0.0,  0.0,  0.0,  0.0,  0.0, 0.0,   5.0,       ,      ,      ,        ,        ,        ,        ,        ,        ,        ,        ,      
drukeha01, 2003,     1, TOR , NHL , C  ,  9.0,  0.0,   4.0,   4.0,   2.0, 4.0  ,  0.0,  0.0,  0.0,  0.0,  0.0, 0.0,  19.0,       ,      ,      ,        ,        ,        ,        ,        ,        ,        ,        ,      
drulist01, 1992,     1, TBL , NHL , R  , 24.0,  2.0,   1.0,   3.0,  10.0, 1.0  ,  0.0,  0.0,  0.0,  0.0,  1.0, 0.0,  22.0,       ,      ,      ,        ,        ,        ,        ,        ,        ,        ,        ,      
drulist01, 1999,     1, TBL , NHL , R  , 68.0, 11.0,  22.0,  33.0,  24.0, -18.0,  1.0,  5.0,  2.0,  0.0,  1.0, 1.0,  94.0,       ,      ,      ,        ,        ,        ,        ,        ,        ,        ,        ,      
drulist01, 2000,     1, TBL , NHL , R  , 34.0,  2.0,   4.0,   6.0,  18.0, -11.0,  1.0,  1.0,  0.0,  0.0,  0.0, 0.0,  20.0,       ,      ,      ,        ,        ,        ,        ,        ,        ,        ,        ,      
drummji01, 1944,     1, NYR , NHL , D  ,  2.0,  0.0,   0.0,   0.0,   0.0,      ,     ,     ,     ,     ,     ,    ,      ,       ,      ,      ,        ,        ,        ,        ,        ,        ,        ,        ,      
drurych01, 1998,     1, COL , NHL , C  , 79.0, 20.0,  24.0,  44.0,  62.0, 9.0  ,  6.0,  7.0,  0.0,  0.0,  3.0, 1.0, 138.0,   19.0,   6.0,   2.0,     8.0,     4.0, 2.0    ,     0.0,     0.0,     0.0,     0.0,     4.0,    40.0
drurych01, 1999,     1, COL , NHL , C  , 82.0, 20.0,  47.0,  67.0,  42.0, 8.0  ,  7.0, 16.0,  0.0,  0.0,  2.0, 0.0, 213.0,   17.0,   4.0,  10.0,    14.0,     4.0, 7.0    ,     1.0,     3.0,     0.0,     1.0,     2.0,    44.0
drurych01, 2000,     1, COL , NHL , L  , 71.0, 24.0,  41.0,  65.0,  47.0, 6.0  , 11.0, 19.0,  0.0,  0.0,  5.0, 1.0, 204.0,   23.0,  11.0,   5.0,    16.0,     4.0, 5.0    ,     2.0,     1.0,     0.0,     0.0,     2.0,    62.0
drurych01, 2001,     1, COL , NHL , L  , 82.0, 21.0,  25.0,  46.0,  38.0, 1.0  ,  5.0, 10.0,  0.0,  1.0,  6.0, 0.0, 236.0,   21.0,   5.0,   7.0,    12.0,    10.0, 4.0    ,     1.0,     4.0,     0.0,     0.0,     3.0,    56.0
drurych01, 2002,     1, CAL , NHL , L  , 80.0, 23.0,  30.0,  53.0,  33.0, -9.0 ,  5.0, 15.0,  1.0,  0.0,  5.0, 2.0, 224.0,       ,      ,      ,        ,        ,        ,        ,        ,        ,        ,        ,      
drurych01, 2003,     1, BUF , NHL , C  , 76.0, 18.0,  35.0,  53.0,  68.0, 8.0  ,  5.0, 11.0,  1.0,  3.0,  2.0, 0.0, 152.0,       ,      ,      ,        ,        ,        ,        ,        ,        ,        ,        ,      
drurych01, 2005,     1, BUF , NHL , C  , 81.0, 30.0,  37.0,  67.0,  32.0, -11.0, 16.0, 21.0,  2.0,  0.0,  5.0,    , 172.0,   18.0,   9.0,   9.0,    18.0,    10.0, 5.0    ,     5.0,     4.0,     1.0,     1.0,     1.0,    42.0
drurych01, 2006,     1, BUF , NHL , C  , 77.0, 37.0,  32.0,  69.0,  30.0, 1.0  , 17.0, 10.0,  3.0,  0.0,  9.0,    , 199.0,   16.0,   8.0,   5.0,    13.0,     2.0, 3.0    ,     3.0,     1.0,     0.0,     0.0,     3.0,    43.0
drurych01, 2007,     1, NYR , NHL , C  , 82.0, 25.0,  33.0,  58.0,  45.0, -3.0 , 12.0, 17.0,  0.0,  2.0,  7.0,    , 220.0,   10.0,   3.0,   3.0,     6.0,     8.0, 3.0    ,     0.0,     2.0,     0.0,     0.0,     1.0,    19.0
drurych01, 2008,     1, NYR , NHL , C  , 81.0, 22.0,  34.0,  56.0,  32.0, -8.0 , 10.0, 10.0,  1.0,  1.0,  2.0,    , 219.0,    6.0,   1.0,   0.0,     1.0,     2.0, -5.0   ,     0.0,     0.0,     0.0,     0.0,     1.0,     5.0
drurych01, 2009,     1, NYR , NHL , C  , 77.0, 14.0,  18.0,  32.0,  31.0, -10.0,  2.0,  6.0,  0.0,  1.0,  1.0,    , 148.0,       ,      ,      ,        ,        ,        ,        ,        ,        ,        ,        ,      
druryhe01, 1925,     1, PIP , NHL , L  , 33.0,  6.0,   2.0,   8.0,  40.0,      ,     ,     ,     ,     ,     ,    ,      ,    2.0,   1.0,   0.0,     1.0,     0.0,        ,        ,        ,        ,        ,        ,      
druryhe01, 1926,     1, PIP , NHL , L  , 42.0,  5.0,   1.0,   6.0,  48.0,      ,     ,     ,     ,     ,     ,    ,      ,       ,      ,      ,        ,        ,        ,        ,        ,        ,        ,        ,      
druryhe01, 1927,     1, PIP , NHL , L  , 44.0,  6.0,   4.0,  10.0,  44.0,      ,     ,     ,     ,     ,     ,    ,      ,    2.0,   0.0,   1.0,     1.0,     0.0,        ,        ,        ,        ,        ,        ,      
druryhe01, 1928,     1, PIP , NHL , L  , 43.0,  5.0,   4.0,   9.0,  49.0,      ,     ,     ,     ,     ,     ,    ,      ,       ,      ,      ,        ,        ,        ,        ,        ,        ,        ,        ,      
druryhe01, 1929,     1, PIP , NHL , L  , 27.0,  2.0,   0.0,   2.0,  12.0,      ,     ,     ,     ,     ,     ,    ,      ,       ,      ,      ,        ,        ,        ,        ,        ,        ,        ,        ,      
druryhe01, 1930,     1, PHQ , NHL , L  , 24.0,  0.0,   2.0,   2.0,  10.0,      ,     ,     ,     ,     ,     ,    ,      ,       ,      ,      ,        ,        ,        ,        ,        ,        ,        ,        ,      
druryte01, 1993,     1, CAL , NHL , C  , 34.0,  5.0,   7.0,  12.0,  26.0, -5.0 ,  0.0,  1.0,  1.0,  0.0,  1.0, 1.0,  43.0,       ,      ,      ,        ,        ,        ,        ,        ,        ,        ,        ,      
druryte01, 1993,     2, HAR , NHL , C  , 16.0,  1.0,   5.0,   6.0,  10.0, -10.0,  0.0,  0.0,  0.0,  0.0,  0.0, 0.0,  37.0,       ,      ,      ,        ,        ,        ,        ,        ,        ,        ,        ,      
druryte01, 1994,     1, HAR , NHL , L  , 34.0,  3.0,   6.0,   9.0,  21.0, -3.0 ,  0.0,  0.0,  0.0,  0.0,  0.0, 0.0,  31.0,       ,      ,      ,        ,        ,        ,        ,        ,        ,        ,        ,      
druryte01, 1995,     1, OTT , NHL , C  , 42.0,  9.0,   7.0,  16.0,  54.0, -19.0,  1.0,  2.0,  0.0,  0.0,  1.0, 1.0,  80.0,       ,      ,      ,        ,        ,        ,        ,        ,        ,        ,        ,      
druryte01, 1996,     1, ANA , NHL , L  , 73.0,  9.0,   9.0,  18.0,  54.0, -9.0 ,  1.0,  0.0,  0.0,  0.0,  2.0, 1.0, 114.0,   10.0,   1.0,   0.0,     1.0,     4.0, -2.0   ,     0.0,     0.0,     0.0,     0.0,     0.0,    17.0
druryte01, 1997,     1, ANA , NHL , L  , 73.0,  6.0,  10.0,  16.0,  82.0, -10.0,  0.0,  0.0,  1.0,  0.0,  0.0, 0.0, 110.0,       ,      ,      ,        ,        ,        ,        ,        ,        ,        ,        ,      
druryte01, 1998,     1, ANA , NHL , C  , 75.0,  5.0,   6.0,  11.0,  83.0, 2.0  ,  0.0,  0.0,  0.0,  0.0,  0.0, 0.0,  79.0,    4.0,   0.0,   0.0,     0.0,     0.0, -6.0   ,     0.0,     0.0,     0.0,     0.0,     0.0,     4.0
druryte01, 1999,     1, ANA , NHL , C  , 11.0,  1.0,   1.0,   2.0,   6.0, -1.0 ,  0.0,  0.0,  0.0,  0.0,  0.0, 0.0,   9.0,       ,      ,      ,        ,        ,        ,        ,        ,        ,        ,        ,      
druryte01, 1999,     2, NYI , NHL , C  , 55.0,  2.0,   1.0,   3.0,  31.0, -8.0 ,  1.0,  0.0,  0.0,  0.0,  0.0, 0.0,  48.0,       ,      ,      ,        ,        ,        ,        ,        ,        ,        ,        ,      
druryte01, 2000,     1, CBS , NHL , C  ,  1.0,  0.0,   0.0,   0.0,   0.0, -3.0 ,  0.0,  0.0,  0.0,  0.0,  0.0, 0.0,   3.0,       ,      ,      ,        ,        ,        ,        ,        ,        ,        ,        ,      
drydeda01, 1961,     1, NYR , NHL , G  ,  1.0,  0.0,   0.0,   0.0,   0.0,      ,     ,     ,     ,     ,     ,    ,      ,       ,      ,      ,        ,        ,        ,        ,        ,        ,        ,        ,      
drydeda01, 1965,     1, CHI , NHL , G  , 11.0,  0.0,   1.0,   1.0,   0.0,      ,  0.0,     ,  0.0,     ,  0.0, 0.0,      ,    1.0,   0.0,   0.0,     0.0,     0.0,        ,        ,        ,        ,        ,     0.0,      
drydeda01, 1967,     1, CHI , NHL , G  , 27.0,  0.0,   0.0,   0.0,   0.0, 0.0  ,  0.0,     ,  0.0,     ,  0.0, 0.0,   0.0,       ,      ,      ,        ,        ,        ,        ,        ,        ,        ,        ,      
drydeda01, 1968,     1, CHI , NHL , G  , 30.0,  0.0,   1.0,   1.0,   0.0, 0.0  ,  0.0,     ,  0.0,     ,  0.0, 0.0,   0.0,       ,      ,      ,        ,        ,        ,        ,        ,        ,        ,        ,      
drydeda01, 1970,     1, BUF , NHL , G  , 10.0,  0.0,   1.0,   1.0,   0.0, 0.0  ,  0.0,     ,  0.0,     ,  0.0, 0.0,   0.0,       ,      ,      ,        ,        ,        ,        ,        ,        ,        ,        ,      
drydeda01, 1971,     1, BUF , NHL , G  , 20.0,  0.0,   0.0,   0.0,   0.0, 0.0  ,  0.0,     ,  0.0,     ,  0.0, 0.0,   0.0,       ,      ,      ,        ,        ,        ,        ,        ,        ,        ,        ,      
drydeda01, 1972,     1, BUF , NHL , G  , 37.0,  0.0,   0.0,   0.0,   0.0, 0.0  ,  0.0,     ,  0.0,     ,  0.0, 0.0,   0.0,    2.0,   0.0,   0.0,     0.0,     0.0,        ,     0.0,        ,     0.0,        ,     0.0,      
drydeda01, 1973,     1, BUF , NHL , G  , 53.0,  0.0,   1.0,   1.0,   4.0, 0.0  ,  0.0,     ,  0.0,     ,  0.0, 0.0,   0.0,       ,      ,      ,        ,        ,        ,        ,        ,        ,        ,        ,      
drydeda01, 1974,     1, CHC , WHA , G  , 45.0,  0.0,   1.0,   1.0,   4.0,      ,  0.0,     ,  0.0,     ,  0.0,    ,   0.0,       ,      ,      ,        ,        ,        ,        ,        ,        ,        ,        ,      
drydeda01, 1975,     1, EDO , WHA , G  , 62.0,  0.0,   2.0,   2.0,   2.0, 0.0  ,  0.0,     ,  0.0,     ,  0.0,    ,   0.0,    3.0,   0.0,   0.0,     0.0,     0.0, 0.0    ,        ,        ,        ,        ,        ,      
drydeda01, 1976,     1, EDO , WHA , G  , 24.0,  0.0,   2.0,   2.0,   0.0, 0.0  ,  0.0,     ,  0.0,     ,  0.0,    ,   0.0,       ,      ,      ,        ,        ,        ,        ,        ,        ,        ,        ,      
drydeda01, 1977,     1, EDO , WHA , G  , 48.0,  0.0,   1.0,   1.0,   0.0, 0.0  ,  0.0,     ,  0.0,     ,     ,    ,   0.0,    2.0,   0.0,   0.0,     0.0,     0.0, 0.0    ,        ,        ,        ,        ,     0.0,      
drydeda01, 1978,     1, EDO , WHA , G  , 63.0,  0.0,   8.0,   8.0,   0.0, 0.0  ,  0.0,     ,  0.0,     ,     ,    ,   0.0,   13.0,   0.0,   1.0,     1.0,     0.0, 0.0    ,        ,        ,        ,        ,     0.0,      
drydeda01, 1979,     1, EDM , NHL , G  , 14.0,  0.0,   0.0,   0.0,   0.0, 0.0  ,  0.0,     ,  0.0,     ,  0.0, 0.0,   0.0,       ,      ,      ,        ,        ,        ,        ,        ,        ,        ,        ,      
drydeke01, 1970,     1, MTL , NHL , G  ,  6.0,  0.0,   0.0,   0.0,   0.0, 0.0  ,  0.0,     ,  0.0,     ,  0.0, 0.0,   0.0,   20.0,   0.0,   1.0,     1.0,     0.0,        ,     0.0,        ,     0.0,        ,     0.0,      
drydeke01, 1971,     1, MTL , NHL , G  , 64.0,  0.0,   3.0,   3.0,   4.0, 0.0  ,  0.0,     ,  0.0,     ,  0.0, 0.0,   0.0,    6.0,   0.0,   0.0,     0.0,     0.0,        ,     0.0,        ,     0.0,        ,     0.0,      
drydeke01, 1972,     1, MTL , NHL , G  , 54.0,  0.0,   4.0,   4.0,   2.0, 0.0  ,  0.0,     ,  0.0,     ,  0.0, 0.0,   0.0,   17.0,   0.0,   0.0,     0.0,     2.0,        ,     0.0,        ,     0.0,        ,     0.0,      
drydeke01, 1974,     1, MTL , NHL , G  , 56.0,  0.0,   3.0,   3.0,   2.0, 0.0  ,  0.0,     ,  0.0,     ,  0.0, 0.0,   0.0,   11.0,   0.0,   0.0,     0.0,     0.0,        ,     0.0,        ,     0.0,        ,     0.0,      
drydeke01, 1975,     1, MTL , NHL , G  , 62.0,  0.0,   2.0,   2.0,   0.0, 0.0  ,  0.0,     ,  0.0,     ,  0.0, 0.0,   0.0,   13.0,   0.0,   0.0,     0.0,     0.0,        ,     0.0,        ,     0.0,        ,     0.0,      
drydeke01, 1976,     1, MTL , NHL , G  , 56.0,  0.0,   2.0,   2.0,   0.0, 0.0  ,  0.0,     ,  0.0,     ,  0.0, 0.0,   0.0,   14.0,   0.0,   0.0,     0.0,     0.0,        ,     0.0,        ,     0.0,        ,     0.0,      
drydeke01, 1977,     1, MTL , NHL , G  , 52.0,  0.0,   2.0,   2.0,   0.0, 0.0  ,  0.0,     ,  0.0,     ,  0.0, 0.0,   0.0,   15.0,   0.0,   0.0,     0.0,     0.0,        ,     0.0,        ,     0.0,        ,     0.0,      
drydeke01, 1978,     1, MTL , NHL , G  , 47.0,  0.0,   3.0,   3.0,   4.0, 0.0  ,  0.0,     ,  0.0,     ,  0.0, 0.0,   0.0,   16.0,   0.0,   3.0,     3.0,     2.0,        ,     0.0,        ,     0.0,        ,     0.0,      
dubeaer01, 1911,     1, MOC , NHA ,    , 18.0,  3.0,   0.0,   3.0,  55.0,      ,     ,     ,     ,     ,     ,    ,      ,       ,      ,      ,        ,        ,        ,        ,        ,        ,        ,        ,      
dubeaer01, 1912,     1, MOC , NHA ,    , 19.0,  0.0,   0.0,   0.0,  26.0,      ,     ,     ,     ,     ,     ,    ,      ,       ,      ,      ,        ,        ,        ,        ,        ,        ,        ,        ,      
dubeaer01, 1913,     1, MOC , NHA ,    , 20.0,  7.0,  11.0,  18.0,   8.0,      ,     ,     ,     ,     ,     ,    ,      ,    2.0,   0.0,      ,        ,        ,        ,        ,        ,        ,        ,        ,      
dubeaer01, 1914,     1, MOC , NHA ,    , 20.0,  6.0,   3.0,   9.0,  36.0,      ,     ,     ,     ,     ,     ,    ,      ,       ,      ,      ,        ,        ,        ,        ,        ,        ,        ,        ,      
dubech01 , 1996,     1, NYR , NHL , C  , 27.0,  1.0,   1.0,   2.0,   4.0, -4.0 ,  1.0,  1.0,  0.0,  0.0,  0.0, 0.0,  14.0,    3.0,   0.0,   0.0,     0.0,     0.0, -2.0   ,     0.0,     0.0,     0.0,     0.0,     0.0,     0.0
dubech01 , 1998,     1, NYR , NHL , C  ,  6.0,  0.0,   0.0,   0.0,   0.0, 0.0  ,  0.0,  0.0,  0.0,  0.0,  0.0, 0.0,   0.0,       ,      ,      ,        ,        ,        ,        ,        ,        ,        ,        ,      
dubegi01 , 1949,     1, MTL , NHL , L  , 12.0,  1.0,   2.0,   3.0,   2.0,      ,     ,     ,     ,     ,     ,    ,      ,       ,      ,      ,        ,        ,        ,        ,        ,        ,        ,        ,      
dubegi01 , 1953,     1, DET , NHL , L  ,     ,     ,      ,      ,      ,      ,     ,     ,     ,     ,     ,    ,      ,    2.0,   0.0,   0.0,     0.0,     0.0,        ,        ,        ,        ,        ,        ,      
dubeno01 , 1974,     1, KCS , NHL , L  , 56.0,  8.0,  10.0,  18.0,  54.0, -12.0,  2.0,     ,  0.0,     ,  1.0, 0.0,  77.0,       ,      ,      ,        ,        ,        ,        ,        ,        ,        ,        ,      
dubeno01 , 1975,     1, KCS , NHL , L  ,  1.0,  0.0,   0.0,   0.0,   0.0, 0.0  ,  0.0,     ,  0.0,     ,  0.0, 0.0,   0.0,       ,      ,      ,        ,        ,        ,        ,        ,        ,        ,        ,      
dubeno01 , 1976,     1, QUN , WHA , L  , 39.0, 15.0,  18.0,  33.0,   8.0, 11.0 ,  1.0,     ,  0.0,     ,     ,    ,  75.0,   14.0,   3.0,  12.0,    15.0,    11.0, 12.0   ,        ,        ,        ,        ,     0.0,      
dubeno01 , 1977,     1, QUN , WHA , L  , 73.0, 16.0,  31.0,  47.0,  17.0, -10.0,  3.0,     ,  0.0,     ,     ,    , 148.0,   10.0,   2.0,   2.0,     4.0,     6.0, 4.0    ,        ,        ,        ,        ,     0.0,      
dubeno01 , 1978,     1, QUN , WHA , L  , 36.0,  2.0,  13.0,  15.0,   4.0, 6.0  ,  0.0,     ,  0.0,     ,     ,    ,  37.0,       ,      ,      ,        ,        ,        ,        ,        ,        ,        ,        ,      
duberju01, 1993,     1, PIT , NHL , R  ,  4.0,  0.0,   0.0,   0.0,   0.0, 0.0  ,  0.0,  0.0,  0.0,  0.0,  0.0, 0.0,   2.0,       ,      ,      ,        ,        ,        ,        ,        ,        ,        ,        ,      
dubiewa01, 2003,     1, NYI , NHL , G  ,  2.0,  0.0,   0.0,   0.0,   0.0, 0.0  ,  0.0,  0.0,  0.0,  0.0,  0.0, 0.0,   0.0,       ,      ,      ,        ,        ,        ,        ,        ,        ,        ,        ,      
dubiewa01, 2005,     1, NYI , NHL , G  ,  7.0,  0.0,   0.0,   0.0,   0.0, 0.0  ,  0.0,  0.0,  0.0,  0.0,  0.0,    ,   0.0,       ,      ,      ,        ,        ,        ,        ,        ,        ,        ,        ,      
dubiewa01, 2006,     1, NYI , NHL , G  ,  8.0,  0.0,   0.0,   0.0,   0.0, 0.0  ,  0.0,  0.0,  0.0,  0.0,  0.0,    ,   0.0,    1.0,   0.0,   0.0,     0.0,     0.0, 0.0    ,     0.0,     0.0,     0.0,     0.0,     0.0,     0.0
dubiewa01, 2007,     1, NYI , NHL , G  , 20.0,  0.0,   0.0,   0.0,   0.0, 0.0  ,  0.0,  0.0,  0.0,  0.0,  0.0,    ,   0.0,       ,      ,      ,        ,        ,        ,        ,        ,        ,        ,        ,      
dubiewa01, 2008,     1, CBS , NHL , G  ,  3.0,  0.0,   0.0,   0.0,   0.0, 0.0  ,  0.0,  0.0,  0.0,  0.0,  0.0,    ,   0.0,       ,      ,      ,        ,        ,        ,        ,        ,        ,        ,        ,      
dubiewa01, 2009,     1, MIN , NHL , G  ,  3.0,  0.0,   0.0,   0.0,   0.0, 0.0  ,  0.0,  0.0,  0.0,  0.0,  0.0,    ,   0.0,       ,      ,      ,        ,        ,        ,        ,        ,        ,        ,        ,      
dubinbr01, 2006,     1, NYR , NHL , C  ,  6.0,  0.0,   0.0,   0.0,   2.0, 0.0  ,  0.0,  0.0,  0.0,  0.0,  0.0,    ,   9.0,       ,      ,      ,        ,        ,        ,        ,        ,        ,        ,        ,      
dubinbr01, 2007,     1, NYR , NHL , C  , 82.0, 14.0,  26.0,  40.0,  79.0, 8.0  ,  1.0,  6.0,  0.0,  0.0,  0.0,    , 157.0,   10.0,   4.0,   4.0,     8.0,    12.0, 2.0    ,     2.0,     1.0,     0.0,     0.0,     0.0,    26.0
dubinbr01, 2008,     1, NYR , NHL , C  , 82.0, 13.0,  28.0,  41.0, 112.0, -6.0 ,  3.0,  5.0,  1.0,  1.0,  7.0,    , 188.0,    7.0,   1.0,   3.0,     4.0,    18.0, 1.0    ,     0.0,     0.0,     0.0,     0.0,     1.0,     9.0
dubinbr01, 2009,     1, NYR , NHL , C  , 69.0, 20.0,  24.0,  44.0,  54.0, 9.0  ,  6.0,  4.0,  2.0,  0.0,  5.0,    , 165.0,       ,      ,      ,        ,        ,        ,        ,        ,        ,        ,        ,      
dubinst01, 1993,     1, CHI , NHL , L  , 27.0,  2.0,   6.0,   8.0,  16.0, 1.0  ,  0.0,  1.0,  0.0,  0.0,  0.0, 0.0,  20.0,    6.0,   0.0,   0.0,     0.0,    10.0, -1.0   ,     0.0,     0.0,     0.0,     0.0,     0.0,     2.0
dubinst01, 1994,     1, CHI , NHL , C  , 16.0,  0.0,   0.0,   0.0,   8.0, -5.0 ,  0.0,  0.0,  0.0,  0.0,  0.0, 0.0,  16.0,       ,      ,      ,        ,        ,        ,        ,        ,        ,        ,        ,      
dubinst01, 1995,     1, CHI , NHL , C  , 43.0,  2.0,   3.0,   5.0,  14.0, 3.0  ,  0.0,  0.0,  0.0,  0.0,  0.0, 0.0,  33.0,       ,      ,      ,        ,        ,        ,        ,        ,        ,        ,        ,      
dubinst01, 1996,     1, CHI , NHL , C  ,  5.0,  0.0,   0.0,   0.0,   0.0, 2.0  ,  0.0,  0.0,  0.0,  0.0,  0.0, 0.0,   4.0,    4.0,   1.0,   0.0,     1.0,     4.0, 0.0    ,     0.0,     0.0,     0.0,     0.0,     0.0,     6.0
dubinst01, 1997,     1, CHI , NHL , C  , 82.0,  5.0,  13.0,  18.0,  57.0, -6.0 ,  0.0,  0.0,  1.0,  3.0,  0.0, 0.0, 112.0,       ,      ,      ,        ,        ,        ,        ,        ,        ,        ,        ,      
dubinst01, 1998,     1, CHI , NHL , C  ,  1.0,  0.0,   0.0,   0.0,   0.0, 0.0  ,  0.0,  0.0,  0.0,  0.0,  0.0, 0.0,   1.0,       ,      ,      ,        ,        ,        ,        ,        ,        ,        ,        ,      
dubinst01, 1998,     2, CAL , NHL , C  , 61.0,  4.0,  10.0,  14.0,  14.0, -7.0 ,  0.0,  0.0,  2.0,  1.0,  0.0, 0.0,  69.0,       ,      ,      ,        ,        ,        ,        ,        ,        ,        ,        ,      
dubinst01, 1999,     1, CAL , NHL , C  , 23.0,  0.0,   1.0,   1.0,   4.0, -12.0,  0.0,  0.0,  0.0,  0.0,  0.0, 0.0,  29.0,       ,      ,      ,        ,        ,        ,        ,        ,        ,        ,        ,      
dubinst01, 2000,     1, CHI , NHL , C  , 60.0,  6.0,   4.0,  10.0,  33.0, -4.0 ,  0.0,  0.0,  1.0,  0.0,  0.0, 0.0,  70.0,       ,      ,      ,        ,        ,        ,        ,        ,        ,        ,        ,      
dubinst01, 2001,     1, CHI , NHL , L  ,  3.0,  1.0,   0.0,   1.0,   4.0, 1.0  ,  0.0,  0.0,  0.0,  0.0,  1.0, 0.0,   6.0,       ,      ,      ,        ,        ,        ,        ,        ,        ,        ,        ,      
dubinst01, 2001,     2, NAS , NHL , L  , 26.0,  5.0,   2.0,   7.0,  10.0, -2.0 ,  0.0,  0.0,  0.0,  0.0,  0.0, 0.0,  42.0,       ,      ,      ,        ,        ,        ,        ,        ,        ,        ,        ,      
dubinst01, 2002,     1, STL , NHL , C  , 28.0,  0.0,   6.0,   6.0,   4.0, 3.0  ,  0.0,  0.0,  0.0,  1.0,  0.0, 0.0,  23.0,       ,      ,      ,        ,        ,        ,        ,        ,        ,        ,        ,      
dubnyde01, 2009,     1, EDM , NHL , G  , 19.0,  0.0,   0.0,   0.0,   0.0, 0.0  ,  0.0,  0.0,  0.0,  0.0,  0.0,    ,   0.0,       ,      ,      ,        ,        ,        ,        ,        ,        ,        ,        ,      
duboimi01, 1975,     1, IND , WHA , D  , 34.0,  2.0,   2.0,   4.0, 104.0, -11.0,  1.0,     ,  0.0,     ,  0.0,    ,  29.0,       ,      ,      ,        ,        ,        ,        ,        ,        ,        ,        ,      
duboimi01, 1975,     2, QUN , WHA , D  , 21.0,  0.0,   3.0,   3.0,  23.0, 2.0  ,  0.0,     ,  0.0,     ,  0.0,    ,  13.0,       ,      ,      ,        ,        ,        ,        ,        ,        ,        ,        ,      
duboimi01, 1976,     1, QUN , WHA , D  ,  4.0,  0.0,   0.0,   0.0,   0.0, 0.0  ,  0.0,     ,  0.0,     ,  0.0,    ,   2.0,    2.0,   0.0,   1.0,     1.0,     0.0, 1.0    ,     0.0,        ,     0.0,        ,     0.0,      
duchega01, 1981,     1, WAS , NHL , L  , 74.0,  9.0,  14.0,  23.0,  46.0, -6.0 ,  0.0,     ,  0.0,     ,  1.0, 0.0,  78.0,       ,      ,      ,        ,        ,        ,        ,        ,        ,        ,        ,      
duchega01, 1982,     1, WAS , NHL , L  , 77.0, 18.0,  19.0,  37.0,  52.0, 15.0 ,  0.0,     ,  1.0,     ,  6.0, 0.0, 126.0,    4.0,   1.0,   1.0,     2.0,     4.0,        ,     0.0,        ,     0.0,        ,     0.0,      
duchega01, 1983,     1, WAS , NHL , L  , 79.0, 17.0,  19.0,  36.0,  29.0, 15.0 ,  3.0,     ,  2.0,     ,  1.0, 0.0, 116.0,    8.0,   2.0,   1.0,     3.0,     2.0, 2.0    ,     0.0,        ,     0.0,        ,     1.0,     8.0
duchega01, 1984,     1, WAS , NHL , L  , 67.0, 15.0,  23.0,  38.0,  32.0, 16.0 ,  0.0,     ,  1.0,     ,  1.0, 0.0,  84.0,    5.0,   0.0,   1.0,     1.0,     7.0, -3.0   ,     0.0,        ,     0.0,        ,     0.0,     9.0
duchega01, 1985,     1, WAS , NHL , L  , 80.0, 11.0,  28.0,  39.0,  39.0, 10.0 ,  0.0,     ,  1.0,     ,  3.0, 0.0, 119.0,    9.0,   4.0,   3.0,     7.0,    12.0, 5.0    ,     0.0,        ,     1.0,        ,     0.0,    18.0
duchega01, 1986,     1, WAS , NHL , L  , 74.0, 17.0,  35.0,  52.0,  53.0, 18.0 ,  0.0,     ,  1.0,     ,  4.0, 0.0, 108.0,    7.0,   3.0,   0.0,     3.0,    14.0, 3.0    ,     0.0,        ,     0.0,        ,     0.0,    13.0
duchega01, 1987,     1, QUE , NHL , L  , 80.0, 24.0,  23.0,  47.0,  83.0, 8.0  ,  4.0,  4.0,  1.0,  1.0,  2.0, 0.0, 138.0,       ,      ,      ,        ,        ,        ,        ,        ,        ,        ,        ,      
duchega01, 1988,     1, QUE , NHL , L  , 70.0,  8.0,  21.0,  29.0,  56.0, 0.0  ,  2.0,  1.0,  1.0,  1.0,  1.0, 0.0, 110.0,       ,      ,      ,        ,        ,        ,        ,        ,        ,        ,        ,      
duchega01, 1989,     1, MNS , NHL , L  , 72.0, 12.0,   8.0,  20.0,  33.0, 5.0  ,  0.0,  0.0,  1.0,  0.0,  1.0, 0.0,  93.0,    7.0,   0.0,   0.0,     0.0,     6.0, 0.0    ,     0.0,     0.0,     0.0,     0.0,     0.0,     8.0
duchega01, 1990,     1, MNS , NHL , L  , 68.0,  9.0,   9.0,  18.0,  18.0, 4.0  ,  0.0,  0.0,  0.0,  1.0,  1.0, 0.0, 100.0,   23.0,   2.0,   3.0,     5.0,    34.0, 0.0    ,     0.0,     0.0,     0.0,     0.0,     0.0,    26.0
duchega01, 1991,     1, MNS , NHL , L  , 73.0,  8.0,  15.0,  23.0, 102.0, 6.0  ,  0.0,  0.0,  2.0,  1.0,  1.0, 0.0, 106.0,    7.0,   1.0,   0.0,     1.0,     6.0, 2.0    ,     0.0,     0.0,     0.0,     0.0,     0.0,    10.0
duchega01, 1992,     1, MNS , NHL , L  , 84.0, 16.0,  13.0,  29.0,  30.0, 6.0  ,  0.0,  0.0,  2.0,  1.0,  3.0, 0.0, 134.0,       ,      ,      ,        ,        ,        ,        ,        ,        ,        ,        ,      
duchega01, 1993,     1, SJS , NHL , L  , 84.0, 12.0,  18.0,  30.0,  28.0, 8.0  ,  0.0,  0.0,  1.0,  2.0,  3.0, 0.0, 121.0,   14.0,   1.0,   4.0,     5.0,    12.0, -2.0   ,     0.0,     0.0,     0.0,     1.0,     0.0,    17.0
duchega01, 1994,     1, SJS , NHL , L  , 33.0,  2.0,   7.0,   9.0,  16.0, -6.0 ,  0.0,  0.0,  0.0,  2.0,  0.0, 0.0,  48.0,       ,      ,      ,        ,        ,        ,        ,        ,        ,        ,        ,      
duchega01, 1994,     2, FLO , NHL , L  , 13.0,  1.0,   2.0,   3.0,   0.0, 3.0  ,  0.0,  0.0,  0.0,  0.0,  0.0, 0.0,  14.0,       ,      ,      ,        ,        ,        ,        ,        ,        ,        ,        ,      
ducheje01, 2009,     1, PHI , NHL , G  ,  1.0,  0.0,   0.0,   0.0,   0.0, 0.0  ,  0.0,  0.0,  0.0,  0.0,  0.0,    ,   0.0,       ,      ,      ,        ,        ,        ,        ,        ,        ,        ,        ,      
duchema01, 2009,     1, COL , NHL , C  , 81.0, 24.0,  31.0,  55.0,  16.0, 1.0  , 10.0, 11.0,  1.0,  0.0,  2.0,    , 180.0,    6.0,   0.0,   3.0,     3.0,     0.0, -2.0   ,     0.0,     1.0,     0.0,     0.0,     0.0,     9.0
duchest01, 1986,     1, LAK , NHL , D  , 75.0, 13.0,  25.0,  38.0,  74.0, 8.0  ,  5.0,     ,  0.0,     ,  2.0, 1.0, 113.0,    5.0,   2.0,   2.0,     4.0,     4.0, -8.0   ,     1.0,        ,     0.0,        ,     0.0,     6.0
duchest01, 1987,     1, LAK , NHL , D  , 71.0, 16.0,  39.0,  55.0, 109.0, 0.0  ,  5.0, 13.0,  0.0,  0.0,  4.0, 0.0, 190.0,    5.0,   1.0,   3.0,     4.0,    14.0, -5.0   ,     1.0,     3.0,     0.0,     0.0,     0.0,    11.0
duchest01, 1988,     1, LAK , NHL , D  , 79.0, 25.0,  50.0,  75.0,  92.0, 31.0 ,  8.0, 16.0,  5.0,  1.0,  2.0, 0.0, 215.0,   11.0,   4.0,   4.0,     8.0,    12.0, -4.0   ,     2.0,     4.0,     0.0,     0.0,     0.0,    23.0
duchest01, 1989,     1, LAK , NHL , D  , 79.0, 20.0,  42.0,  62.0,  36.0, -3.0 ,  6.0, 16.0,  0.0,  1.0,  1.0, 1.0, 224.0,   10.0,   2.0,   9.0,    11.0,     6.0, -2.0   ,     1.0,     5.0,     0.0,     0.0,     0.0,    32.0
duchest01, 1990,     1, LAK , NHL , D  , 78.0, 21.0,  41.0,  62.0,  66.0, 19.0 ,  8.0, 14.0,  0.0,  1.0,  3.0, 0.0, 171.0,   12.0,   4.0,   8.0,    12.0,     8.0, 7.0    ,     1.0,     4.0,     0.0,     0.0,     0.0,    39.0
duchest01, 1991,     1, PHI , NHL , D  , 78.0, 18.0,  38.0,  56.0,  86.0, -7.0 ,  7.0, 12.0,  2.0,  1.0,  3.0, 0.0, 229.0,       ,      ,      ,        ,        ,        ,        ,        ,        ,        ,        ,      
duchest01, 1992,     1, QUE , NHL , D  , 82.0, 20.0,  62.0,  82.0,  57.0, 15.0 ,  8.0, 37.0,  0.0,  0.0,  2.0, 1.0, 227.0,    6.0,   0.0,   5.0,     5.0,     6.0, 0.0    ,     0.0,     1.0,     0.0,     0.0,     0.0,    14.0
duchest01, 1993,     1, STL , NHL , D  , 36.0, 12.0,  19.0,  31.0,  14.0, 1.0  ,  8.0,  9.0,  0.0,  2.0,  1.0, 0.0, 115.0,    4.0,   0.0,   2.0,     2.0,     2.0, -1.0   ,     0.0,     2.0,     0.0,     0.0,     0.0,    11.0
duchest01, 1994,     1, STL , NHL , D  , 47.0, 12.0,  26.0,  38.0,  36.0, 29.0 ,  1.0, 12.0,  0.0,  1.0,  1.0, 0.0, 116.0,    7.0,   0.0,   4.0,     4.0,     2.0, 0.0    ,     0.0,     2.0,     0.0,     0.0,     0.0,    22.0
duchest01, 1995,     1, OTT , NHL , D  , 62.0, 12.0,  24.0,  36.0,  42.0, -23.0,  7.0, 19.0,  0.0,  0.0,  2.0, 0.0, 163.0,       ,      ,      ,        ,        ,        ,        ,        ,        ,        ,        ,      
duchest01, 1996,     1, OTT , NHL , D  , 78.0, 19.0,  28.0,  47.0,  38.0, -9.0 , 10.0, 10.0,  2.0,  0.0,  3.0, 0.0, 208.0,    7.0,   1.0,   4.0,     5.0,     0.0, -3.0   ,     1.0,     4.0,     0.0,     0.0,     1.0,    18.0
duchest01, 1997,     1, STL , NHL , D  , 80.0, 14.0,  42.0,  56.0,  32.0, 9.0  ,  5.0, 24.0,  1.0,  1.0,  1.0, 0.0, 153.0,   10.0,   0.0,   4.0,     4.0,     6.0, -8.0   ,     0.0,     3.0,     0.0,     0.0,     0.0,    28.0
duchest01, 1998,     1, LAK , NHL , D  , 60.0,  4.0,  19.0,  23.0,  22.0, -6.0 ,  1.0, 12.0,  0.0,  0.0,  1.0, 0.0,  99.0,       ,      ,      ,        ,        ,        ,        ,        ,        ,        ,        ,      
duchest01, 1998,     2, PHI , NHL , D  , 11.0,  2.0,   5.0,   7.0,   2.0, 0.0  ,  1.0,  4.0,  0.0,  0.0,  1.0, 0.0,  19.0,    6.0,   0.0,   2.0,     2.0,     2.0, 2.0    ,     0.0,     2.0,     0.0,     0.0,     0.0,    10.0
duchest01, 1999,     1, DET , NHL , D  , 79.0, 10.0,  31.0,  41.0,  42.0, 12.0 ,  1.0, 14.0,  0.0,  0.0,  1.0, 0.0, 154.0,    9.0,   0.0,   4.0,     4.0,    10.0, 2.0    ,     0.0,     1.0,     0.0,     0.0,     0.0,    14.0
duchest01, 2000,     1, DET , NHL , D  , 54.0,  6.0,  19.0,  25.0,  48.0, 9.0  ,  2.0, 10.0,  0.0,  0.0,  0.0, 0.0,  76.0,    6.0,   2.0,   4.0,     6.0,     0.0, 0.0    ,     2.0,     3.0,     0.0,     0.0,     0.0,    13.0
duchest01, 2001,     1, DET , NHL , D  , 64.0,  3.0,  15.0,  18.0,  28.0, 3.0  ,  1.0,  1.0,  0.0,  0.0,  2.0, 0.0,  70.0,   23.0,   0.0,   6.0,     6.0,    24.0, 6.0    ,     0.0,     2.0,     0.0,     0.0,     0.0,    15.0
ducomi01 , 2009,     1, FLO , NHL , L  , 10.0,  0.0,   0.0,   0.0,  50.0, -3.0 ,  0.0,  0.0,  0.0,  0.0,  0.0,    ,   6.0,       ,      ,      ,        ,        ,        ,        ,        ,        ,        ,        ,      
dudleri01, 1972,     1, BUF , NHL , L  ,  6.0,  0.0,   1.0,   1.0,   7.0, -2.0 ,  0.0,     ,  0.0,     ,  0.0, 0.0,   6.0,       ,      ,      ,        ,        ,        ,        ,        ,        ,        ,        ,      
dudleri01, 1973,     1, BUF , NHL , L  , 67.0, 13.0,  13.0,  26.0,  71.0, 0.0  ,  0.0,     ,  0.0,     ,  2.0, 1.0, 100.0,       ,      ,      ,        ,        ,        ,        ,        ,        ,        ,        ,      
dudleri01, 1974,     1, BUF , NHL , L  , 78.0, 31.0,  39.0,  70.0, 116.0, 29.0 ,  4.0,     ,  0.0,     ,  6.0, 0.0, 226.0,   10.0,   3.0,   1.0,     4.0,    26.0,        ,     1.0,        ,     0.0,        ,     1.0,      
dudleri01, 1975,     1, CIN , WHA , R  , 74.0, 43.0,  38.0,  81.0, 156.0, 5.0  , 13.0,     ,  0.0,     ,  6.0,    , 218.0,       ,      ,      ,        ,        ,        ,        ,        ,        ,        ,        ,      
dudleri01, 1976,     1, CIN , WHA , L  , 77.0, 41.0,  47.0,  88.0, 102.0, 25.0 ,  7.0,     ,  0.0,     ,  6.0,    , 229.0,    4.0,   0.0,   1.0,     1.0,     7.0, -7.0   ,     0.0,        ,     0.0,        ,     0.0,      
dudleri01, 1977,     1, CIN , WHA , L  , 72.0, 30.0,  41.0,  71.0, 156.0, -1.0 ,  5.0,     ,  1.0,     ,     ,    , 204.0,       ,      ,      ,        ,        ,        ,        ,        ,        ,        ,        ,      
dudleri01, 1978,     1, CIN , WHA , L  , 47.0, 17.0,  20.0,  37.0, 102.0, 5.0  ,  3.0,     ,  0.0,     ,     ,    , 106.0,       ,      ,      ,        ,        ,        ,        ,        ,        ,        ,        ,      
dudleri01, 1978,     2, BUF , NHL , L  , 24.0,  5.0,   6.0,  11.0,   2.0, 11.0 ,  0.0,     ,  0.0,     ,  1.0, 0.0,  36.0,    3.0,   1.0,   1.0,     2.0,     2.0,        ,     0.0,        ,     0.0,        ,     0.0,      
dudleri01, 1979,     1, BUF , NHL , L  , 66.0, 11.0,  22.0,  33.0,  58.0, 11.0 ,  0.0,     ,  0.0,     ,  2.0, 0.0, 109.0,   12.0,   3.0,   0.0,     3.0,    41.0,        ,     1.0,        ,     0.0,        ,     1.0,      
dudleri01, 1980,     1, BUF , NHL , L  , 38.0, 10.0,  13.0,  23.0,  10.0, 7.0  ,  2.0,     ,  0.0,     ,  0.0, 0.0,  49.0,       ,      ,      ,        ,        ,        ,        ,        ,        ,        ,        ,      
dudleri01, 1980,     2, WIN , NHL , L  , 30.0,  5.0,   5.0,  10.0,  28.0, -12.0,  0.0,     ,  0.0,     ,  0.0, 0.0,  53.0,       ,      ,      ,        ,        ,        ,        ,        ,        ,        ,        ,      
duerdda01, 1999,     1, FLO , NHL , L  ,  2.0,  0.0,   0.0,   0.0,   0.0, 0.0  ,  0.0,  0.0,  0.0,  0.0,  0.0, 0.0,   1.0,       ,      ,      ,        ,        ,        ,        ,        ,        ,        ,        ,      
duffdi01 , 1954,     1, TOR , NHL , L  ,  3.0,  0.0,   0.0,   0.0,   2.0,      ,     ,     ,     ,     ,     ,    ,      ,       ,      ,      ,        ,        ,        ,        ,        ,        ,        ,        ,      
duffdi01 , 1955,     1, TOR , NHL , L  , 69.0, 18.0,  19.0,  37.0,  74.0,      ,     ,     ,     ,     ,     ,    ,      ,    5.0,   1.0,   4.0,     5.0,     2.0,        ,        ,        ,        ,        ,        ,      
duffdi01 , 1956,     1, TOR , NHL , L  , 70.0, 26.0,  14.0,  40.0,  50.0,      ,     ,     ,     ,     ,     ,    ,      ,       ,      ,      ,        ,        ,        ,        ,        ,        ,        ,        ,      
duffdi01 , 1957,     1, TOR , NHL , L  , 65.0, 26.0,  23.0,  49.0,  79.0,      ,     ,     ,     ,     ,     ,    ,      ,       ,      ,      ,        ,        ,        ,        ,        ,        ,        ,        ,      
duffdi01 , 1958,     1, TOR , NHL , L  , 69.0, 29.0,  24.0,  53.0,  73.0,      ,     ,     ,     ,     ,     ,    ,      ,   12.0,   4.0,   3.0,     7.0,     8.0,        ,        ,        ,        ,        ,        ,      
duffdi01 , 1959,     1, TOR , NHL , L  , 67.0, 19.0,  22.0,  41.0,  51.0,      ,     ,     ,     ,     ,     ,    ,      ,   10.0,   2.0,   4.0,     6.0,     6.0,        ,        ,        ,        ,        ,        ,      
duffdi01 , 1960,     1, TOR , NHL , L  , 67.0, 16.0,  17.0,  33.0,  54.0,      ,     ,     ,     ,     ,     ,    ,      ,    5.0,   0.0,   1.0,     1.0,     2.0,        ,        ,        ,        ,        ,     0.0,      
duffdi01 , 1961,     1, TOR , NHL , L  , 51.0, 17.0,  20.0,  37.0,  37.0,      ,     ,     ,     ,     ,     ,    ,      ,   12.0,   3.0,  10.0,    13.0,    20.0,        ,        ,        ,        ,        ,     1.0,      
duffdi01 , 1962,     1, TOR , NHL , L  , 69.0, 16.0,  19.0,  35.0,  56.0,      ,     ,     ,     ,     ,     ,    ,      ,   10.0,   4.0,   1.0,     5.0,     2.0,        ,        ,        ,        ,        ,     1.0,      
duffdi01 , 1963,     1, TOR , NHL , L  , 52.0,  7.0,  10.0,  17.0,  59.0,      ,  2.0,     ,  0.0,     ,  0.0, 1.0,      ,       ,      ,      ,        ,        ,        ,        ,        ,        ,        ,        ,      
duffdi01 , 1963,     2, NYR , NHL , L  , 14.0,  4.0,   4.0,   8.0,   2.0,      ,  2.0,     ,  0.0,     ,  0.0, 1.0,      ,       ,      ,      ,        ,        ,        ,        ,        ,        ,        ,        ,      
duffdi01 , 1964,     1, NYR , NHL , L  , 29.0,  3.0,   9.0,  12.0,  20.0,      ,  1.0,     ,  0.0,     ,  0.0, 1.0,      ,       ,      ,      ,        ,        ,        ,        ,        ,        ,        ,        ,      
duffdi01 , 1964,     2, MTL , NHL , L  , 40.0,  9.0,   7.0,  16.0,  16.0,      ,  0.0,     ,  0.0,     ,  3.0, 1.0,      ,   13.0,   3.0,   6.0,     9.0,    17.0,        ,        ,        ,        ,        ,     0.0,      
duffdi01 , 1965,     1, MTL , NHL , L  , 63.0, 21.0,  24.0,  45.0,  78.0,      ,  5.0,     ,  0.0,     ,  2.0, 1.0,      ,   10.0,   2.0,   5.0,     7.0,     2.0,        ,        ,        ,        ,        ,     0.0,      
duffdi01 , 1966,     1, MTL , NHL , L  , 51.0, 12.0,  11.0,  23.0,  23.0,      ,  3.0,     ,  0.0,     ,  2.0, 2.0,      ,   10.0,   2.0,   3.0,     5.0,     4.0,        ,        ,        ,        ,        ,     0.0,      
duffdi01 , 1967,     1, MTL , NHL , L  , 66.0, 25.0,  21.0,  46.0,  21.0, 6.0  ,  6.0,     ,  0.0,     ,  8.0, 0.0, 111.0,   13.0,   3.0,   4.0,     7.0,     4.0,        ,     0.0,        ,     0.0,        ,     1.0,      
duffdi01 , 1968,     1, MTL , NHL , L  , 68.0, 19.0,  21.0,  40.0,  24.0, -13.0,  5.0,     ,  0.0,     ,  2.0, 0.0, 138.0,   14.0,   6.0,   8.0,    14.0,    11.0,        ,     3.0,        ,     0.0,        ,     1.0,      
duffdi01 , 1969,     1, MTL , NHL , L  , 17.0,  1.0,   1.0,   2.0,   4.0, -5.0 ,  0.0,     ,  0.0,     ,  0.0, 0.0,  21.0,       ,      ,      ,        ,        ,        ,        ,        ,        ,        ,        ,      
duffdi01 , 1969,     2, LAK , NHL , L  , 32.0,  5.0,   8.0,  13.0,   8.0, -15.0,  0.0,     ,  0.0,     ,  0.0, 2.0,  37.0,       ,      ,      ,        ,        ,        ,        ,        ,        ,        ,        ,      
duffdi01 , 1970,     1, LAK , NHL , L  ,  7.0,  1.0,   0.0,   1.0,   0.0, -2.0 ,  0.0,     ,  0.0,     ,  0.0, 0.0,   4.0,       ,      ,      ,        ,        ,        ,        ,        ,        ,        ,        ,      
duffdi01 , 1970,     2, BUF , NHL , L  , 53.0,  7.0,  13.0,  20.0,  12.0, -16.0,  0.0,     ,  0.0,     ,  1.0, 1.0,  67.0,       ,      ,      ,        ,        ,        ,        ,        ,        ,        ,        ,      
duffdi01 , 1971,     1, BUF , NHL , L  ,  8.0,  2.0,   2.0,   4.0,   0.0, -2.0 ,  0.0,     ,  0.0,     ,  0.0, 0.0,   5.0,       ,      ,      ,        ,        ,        ,        ,        ,        ,        ,        ,      
duffupa01, 1996,     1, PHO , NHL , G  ,  1.0,  0.0,   0.0,   0.0,   0.0, 0.0  ,  0.0,  0.0,  0.0,  0.0,  0.0, 0.0,   0.0,       ,      ,      ,        ,        ,        ,        ,        ,        ,        ,        ,      
duforan01, 1913,     1, OT1 , NHA ,    , 14.0,  1.0,   1.0,   2.0,  37.0,      ,     ,     ,     ,     ,     ,    ,      ,       ,      ,      ,        ,        ,        ,        ,        ,        ,        ,        ,      
duforan01, 1914,     1, OT1 , NHA ,    , 12.0,  7.0,   1.0,   8.0,   8.0,      ,     ,     ,     ,     ,     ,    ,      ,    2.0,   1.0,      ,        ,        ,        ,        ,        ,        ,        ,        ,      
duforan01, 1915,     1, OT1 , NHA ,    , 19.0,  5.0,   1.0,   6.0,  35.0,      ,     ,     ,     ,     ,     ,    ,      ,       ,      ,      ,        ,        ,        ,        ,        ,        ,        ,        ,      
dufougu01, 1972,     1, QUN , WHA , R  ,  9.0,  3.0,   2.0,   5.0,   2.0,      ,  1.0,     ,  0.0,     ,     ,    ,      ,       ,      ,      ,        ,        ,        ,        ,        ,        ,        ,        ,      
dufougu01, 1973,     1, QUN , WHA , R  , 74.0, 27.0,  23.0,  50.0,  30.0,      ,  6.0,     ,  0.0,     ,  1.0,    ,      ,       ,      ,      ,        ,        ,        ,        ,        ,        ,        ,        ,      
dufoulu01, 1982,     1, BOS , NHL , L  , 73.0, 14.0,  11.0,  25.0, 107.0, 19.0 ,  0.0,     ,  0.0,     ,  1.0, 1.0, 121.0,   17.0,   1.0,   0.0,     1.0,    30.0,        ,     0.0,        ,     0.0,        ,     1.0,      
dufoulu01, 1983,     1, BOS , NHL , L  , 41.0,  6.0,   4.0,  10.0,  47.0, 2.0  ,  0.0,     ,  0.0,     ,  1.0, 0.0,  39.0,       ,      ,      ,        ,        ,        ,        ,        ,        ,        ,        ,      
dufoulu01, 1984,     1, QUE , NHL , L  , 30.0,  2.0,   3.0,   5.0,  27.0, -5.0 ,  0.0,     ,  0.0,     ,  0.0, 0.0,  18.0,       ,      ,      ,        ,        ,        ,        ,        ,        ,        ,        ,      
dufoulu01, 1984,     2, STL , NHL , L  , 23.0,  1.0,   3.0,   4.0,  18.0, -8.0 ,  0.0,     ,  0.0,     ,  0.0, 0.0,  38.0,    1.0,   0.0,   0.0,     0.0,     2.0, -1.0   ,     0.0,        ,     0.0,        ,     0.0,     0.0
dufouma01, 1963,     1, NYR , NHL , R  , 10.0,  1.0,   0.0,   1.0,   2.0,      ,  0.0,     ,  0.0,     ,  0.0, 0.0,      ,       ,      ,      ,        ,        ,        ,        ,        ,        ,        ,        ,      
dufouma01, 1964,     1, NYR , NHL , R  ,  2.0,  0.0,   0.0,   0.0,   0.0,      ,  0.0,     ,  0.0,     ,  0.0, 0.0,      ,       ,      ,      ,        ,        ,        ,        ,        ,        ,        ,        ,      
dufouma01, 1968,     1, LAK , NHL , R  ,  2.0,  0.0,   0.0,   0.0,   0.0, -1.0 ,  0.0,     ,  0.0,     ,  0.0, 0.0,   2.0,       ,      ,      ,        ,        ,        ,        ,        ,        ,        ,        ,      
dufredo01, 1988,     1, MTL , NHL , D  , 13.0,  0.0,   1.0,   1.0,  43.0, 3.0  ,  0.0,  0.0,  0.0,  0.0,  0.0, 0.0,   5.0,    6.0,   1.0,   1.0,     2.0,     4.0, 2.0    ,     0.0,     0.0,     0.0,     0.0,     0.0,     2.0
dufredo01, 1989,     1, MTL , NHL , D  , 18.0,  0.0,   4.0,   4.0,  23.0, 1.0  ,  0.0,  0.0,  0.0,  0.0,  0.0, 0.0,   6.0,   10.0,   0.0,   1.0,     1.0,    18.0, 6.0    ,     0.0,     0.0,     0.0,     0.0,     0.0,    11.0
dufredo01, 1990,     1, MTL , NHL , D  , 53.0,  2.0,  13.0,  15.0,  55.0, 5.0  ,  0.0,  0.0,  0.0,  0.0,  0.0, 0.0,  32.0,   10.0,   0.0,   1.0,     1.0,    21.0, 2.0    ,     0.0,     0.0,     0.0,     0.0,     0.0,     8.0
dufredo01, 1991,     1, MTL , NHL , D  ,  3.0,  0.0,   0.0,   0.0,   2.0, 2.0  ,  0.0,  0.0,  0.0,  0.0,  0.0, 0.0,   2.0,       ,      ,      ,        ,        ,        ,        ,        ,        ,        ,        ,      
dufredo01, 1992,     1, MTL , NHL , D  , 32.0,  1.0,   2.0,   3.0,  32.0, 0.0  ,  0.0,  0.0,  0.0,  0.0,  0.0, 0.0,  13.0,    2.0,   0.0,   0.0,     0.0,     0.0, 2.0    ,     0.0,     0.0,     0.0,     0.0,     0.0,     0.0
dufredo01, 1993,     1, TBL , NHL , D  , 51.0,  2.0,   6.0,   8.0,  48.0, -2.0 ,  0.0,  0.0,  0.0,  0.0,  0.0, 0.0,  49.0,       ,      ,      ,        ,        ,        ,        ,        ,        ,        ,        ,      
dufredo01, 1993,     2, LAK , NHL , D  ,  9.0,  0.0,   0.0,   0.0,  10.0, -5.0 ,  0.0,  0.0,  0.0,  0.0,  0.0, 0.0,   7.0,       ,      ,      ,        ,        ,        ,        ,        ,        ,        ,        ,      
dufredo01, 1994,     1, STL , NHL , D  , 22.0,  0.0,   3.0,   3.0,  10.0, 2.0  ,  0.0,  0.0,  0.0,  0.0,  0.0, 0.0,  11.0,    3.0,   0.0,   0.0,     0.0,     4.0, -1.0   ,     0.0,     0.0,     0.0,     0.0,     0.0,     2.0
dufredo01, 1995,     1, STL , NHL , D  ,  3.0,  0.0,   0.0,   0.0,   4.0, -2.0 ,  0.0,  0.0,  0.0,  0.0,  0.0, 0.0,   1.0,       ,      ,      ,        ,        ,        ,        ,        ,        ,        ,        ,      
dufredo01, 1995,     2, EDM , NHL , D  , 42.0,  1.0,   6.0,   7.0,  16.0, -2.0 ,  0.0,  0.0,  0.0,  0.0,  0.0, 0.0,  20.0,       ,      ,      ,        ,        ,        ,        ,        ,        ,        ,        ,      
dufredo01, 1996,     1, EDM , NHL , D  , 22.0,  0.0,   1.0,   1.0,  15.0, -1.0 ,  0.0,  0.0,  0.0,  0.0,  0.0, 0.0,  10.0,    3.0,   0.0,   0.0,     0.0,     0.0, 0.0    ,     0.0,     0.0,     0.0,     0.0,     0.0,     0.0
duggajo01, 1925,     1, OTS , NHL , D  , 27.0,  0.0,   0.0,   0.0,   0.0,      ,     ,     ,     ,     ,     ,    ,      ,    2.0,   0.0,   0.0,     0.0,     0.0,        ,        ,        ,        ,        ,        ,      
duggake01, 1987,     1, MNS , NHL , D  ,  1.0,  0.0,   0.0,   0.0,   0.0, 0.0  ,  0.0,  0.0,  0.0,  0.0,  0.0, 0.0,   0.0,       ,      ,      ,        ,        ,        ,        ,        ,        ,        ,        ,      
duguaro01, 1977,     1, NYR , NHL , C  , 71.0, 20.0,  20.0,  40.0,  43.0, -17.0,  3.0,     ,  0.0,     ,  1.0, 0.0, 129.0,    3.0,   1.0,   1.0,     2.0,     2.0,        ,     1.0,        ,     0.0,        ,     0.0,      
duguaro01, 1978,     1, NYR , NHL , C  , 79.0, 27.0,  36.0,  63.0,  35.0, 10.0 ,  1.0,     ,  2.0,     ,  3.0, 0.0, 178.0,   18.0,   5.0,   4.0,     9.0,    11.0,        ,     0.0,        ,     1.0,        ,     0.0,      
duguaro01, 1979,     1, NYR , NHL , C  , 73.0, 28.0,  22.0,  50.0,  37.0, -6.0 ,  3.0,     ,  3.0,     ,  2.0, 0.0, 154.0,    9.0,   5.0,   2.0,     7.0,    11.0,        ,     2.0,        ,     0.0,        ,     0.0,      
duguaro01, 1980,     1, NYR , NHL , C  , 50.0, 17.0,  21.0,  38.0,  83.0, 2.0  ,  5.0,     ,  1.0,     ,  0.0, 0.0, 103.0,   14.0,   8.0,   9.0,    17.0,    16.0,        ,     0.0,        ,     1.0,        ,     1.0,      
duguaro01, 1981,     1, NYR , NHL , R  , 72.0, 40.0,  36.0,  76.0,  82.0, 18.0 , 10.0,     ,  1.0,     ,  3.0, 2.0, 202.0,   10.0,   5.0,   1.0,     6.0,    31.0,        ,     1.0,        ,     0.0,        ,     0.0,      
duguaro01, 1982,     1, NYR , NHL , R  , 72.0, 19.0,  25.0,  44.0,  58.0, -13.0,  5.0,     ,  0.0,     ,  2.0, 2.0, 160.0,    9.0,   2.0,   2.0,     4.0,    28.0,        ,     0.0,        ,     0.0,        ,     0.0,      
duguaro01, 1983,     1, DET , NHL , R  , 80.0, 33.0,  47.0,  80.0,  34.0, -26.0, 13.0,     ,  1.0,     ,  1.0, 0.0, 215.0,    4.0,   2.0,   3.0,     5.0,     2.0, 1.0    ,     1.0,        ,     0.0,        ,     0.0,    16.0
duguaro01, 1984,     1, DET , NHL , R  , 80.0, 38.0,  51.0,  89.0,  51.0, -16.0, 11.0,     ,  3.0,     ,  4.0, 1.0, 201.0,    3.0,   1.0,   0.0,     1.0,     7.0, -4.0   ,     1.0,        ,     0.0,        ,     0.0,    11.0
duguaro01, 1985,     1, DET , NHL , R  , 67.0, 19.0,  29.0,  48.0,  26.0, -30.0,  8.0,     ,  0.0,     ,  2.0, 0.0, 153.0,       ,      ,      ,        ,        ,        ,        ,        ,        ,        ,        ,      
duguaro01, 1985,     2, PIT , NHL , R  , 13.0,  6.0,   7.0,  13.0,   6.0, -14.0,  3.0,     ,  0.0,     ,  0.0, 1.0,  33.0,       ,      ,      ,        ,        ,        ,        ,        ,        ,        ,        ,      
duguaro01, 1986,     1, PIT , NHL , R  , 40.0,  5.0,  13.0,  18.0,  30.0, -8.0 ,  0.0,     ,  0.0,     ,  0.0, 0.0,  55.0,       ,      ,      ,        ,        ,        ,        ,        ,        ,        ,        ,      
duguaro01, 1986,     2, NYR , NHL , C  , 34.0,  9.0,  12.0,  21.0,   9.0, -8.0 ,  2.0,     ,  1.0,     ,  0.0, 0.0,  66.0,    6.0,   2.0,   0.0,     2.0,     4.0, 1.0    ,     1.0,        ,     0.0,        ,     0.0,    10.0
duguaro01, 1987,     1, NYR , NHL , R  , 48.0,  4.0,   4.0,   8.0,  23.0, -9.0 ,  0.0,     ,  2.0,  0.0,  0.0, 0.0,  59.0,       ,      ,      ,        ,        ,        ,        ,        ,        ,        ,        ,      
duguaro01, 1987,     2, LAK , NHL , C  , 15.0,  2.0,   6.0,   8.0,  17.0, -5.0 ,  0.0,     ,  0.0,  0.0,  1.0, 0.0,  21.0,    2.0,   0.0,   0.0,     0.0,     0.0, -1.0   ,     0.0,     0.0,     0.0,     0.0,     0.0,     0.0
duguaro01, 1988,     1, LAK , NHL , C  , 70.0,  7.0,  17.0,  24.0,  48.0, 23.0 ,  0.0,  0.0,  0.0,  2.0,  0.0, 0.0,  80.0,   11.0,   0.0,   0.0,     0.0,     6.0, -2.0   ,     0.0,     0.0,     0.0,     0.0,     0.0,    12.0
duguilo01, 1931,     1, MTM , NHL , L  , 13.0,  0.0,   0.0,   0.0,   6.0,      ,     ,     ,     ,     ,     ,    ,      ,       ,      ,      ,        ,        ,        ,        ,        ,        ,        ,        ,      
duguilo01, 1932,     1, MTM , NHL , L  , 48.0,  4.0,   7.0,  11.0,  38.0,      ,     ,     ,     ,     ,     ,    ,      ,    2.0,   0.0,   0.0,     0.0,     4.0,        ,        ,        ,        ,        ,        ,      
duguilo01, 1933,     1, MTM , NHL , L  ,  5.0,  0.0,   1.0,   1.0,   0.0,      ,     ,     ,     ,     ,     ,    ,      ,       ,      ,      ,        ,        ,        ,        ,        ,        ,        ,        ,      
duguilo01, 1934,     1, DET , NHL , L  , 34.0,  3.0,   3.0,   6.0,   9.0,      ,     ,     ,     ,     ,     ,    ,      ,       ,      ,      ,        ,        ,        ,        ,        ,        ,        ,        ,      
duguilo01, 1935,     1, DET , NHL , L  ,  5.0,  0.0,   0.0,   0.0,   0.0,      ,     ,     ,     ,     ,     ,    ,      ,       ,      ,      ,        ,        ,        ,        ,        ,        ,        ,        ,      
duguilo01, 1935,     2, BOS , NHL , L  , 29.0,  1.0,   4.0,   5.0,   2.0,      ,     ,     ,     ,     ,     ,    ,      ,    2.0,   1.0,   0.0,     1.0,     2.0,        ,        ,        ,        ,        ,        ,      
duguilo01, 1936,     1, BOS , NHL , L  ,  1.0,  1.0,   0.0,   1.0,   2.0,      ,     ,     ,     ,     ,     ,    ,      ,       ,      ,      ,        ,        ,        ,        ,        ,        ,        ,        ,      
dukowdu01, 1921,     1, SMJ , WCHL, C/D, 21.0, 13.0,   2.0,  15.0,  19.0,      ,     ,     ,     ,     ,     ,    ,      ,       ,      ,      ,        ,        ,        ,        ,        ,        ,        ,        ,      
dukowdu01, 1922,     1, REG , WCHL, D  , 29.0,  6.0,   0.0,   6.0,  20.0,      ,     ,     ,     ,     ,     ,    ,      ,    2.0,   0.0,   1.0,     1.0,     2.0,        ,        ,        ,        ,        ,        ,      
dukowdu01, 1923,     1, REG , WCHL, D  , 30.0,  8.0,   3.0,  11.0,  39.0,      ,     ,     ,     ,     ,     ,    ,      ,    2.0,   0.0,   0.0,     0.0,     6.0,        ,        ,        ,        ,        ,        ,      
dukowdu01, 1924,     1, REG , WCHL, D  , 27.0, 13.0,   4.0,  17.0,  86.0,      ,     ,     ,     ,     ,     ,    ,      ,       ,      ,      ,        ,        ,        ,        ,        ,        ,        ,        ,      
dukowdu01, 1925,     1, POR , WCHL, D/C, 29.0,  6.0,   7.0,  13.0,  46.0,      ,     ,     ,     ,     ,     ,    ,      ,       ,      ,      ,        ,        ,        ,        ,        ,        ,        ,        ,      
dukowdu01, 1926,     1, CHI , NHL , F/D, 28.0,  3.0,   2.0,   5.0,  16.0,      ,     ,     ,     ,     ,     ,    ,      ,    2.0,   0.0,   0.0,     0.0,     0.0,        ,        ,        ,        ,        ,        ,      
dukowdu01, 1929,     1, CHI , NHL , F/D, 44.0,  7.0,  10.0,  17.0,  42.0,      ,     ,     ,     ,     ,     ,    ,      ,    2.0,   0.0,   0.0,     0.0,     6.0,        ,        ,        ,        ,        ,        ,      
dukowdu01, 1930,     1, CHI , NHL , F/D, 25.0,  1.0,   3.0,   4.0,  28.0,      ,     ,     ,     ,     ,     ,    ,      ,       ,      ,      ,        ,        ,        ,        ,        ,        ,        ,        ,      
dukowdu01, 1930,     2, NYA , NHL , F/D, 12.0,  1.0,   1.0,   2.0,  12.0,      ,     ,     ,     ,     ,     ,    ,      ,       ,      ,      ,        ,        ,        ,        ,        ,        ,        ,        ,      
dukowdu01, 1932,     1, NYA , NHL , F/D, 48.0,  4.0,   7.0,  11.0,  43.0,      ,     ,     ,     ,     ,     ,    ,      ,       ,      ,      ,        ,        ,        ,        ,        ,        ,        ,        ,      
dukowdu01, 1933,     1, NYA , NHL , F/D,  9.0,  0.0,   4.0,   4.0,  13.0,      ,     ,     ,     ,     ,     ,    ,      ,       ,      ,      ,        ,        ,        ,        ,        ,        ,        ,        ,      
dukowdu01, 1933,     2, CHI , NHL , F/D,  5.0,  0.0,   0.0,   0.0,   2.0,      ,     ,     ,     ,     ,     ,    ,      ,       ,      ,      ,        ,        ,        ,        ,        ,        ,        ,        ,      
dukowdu01, 1933,     3, NYR , NHL , F/D, 29.0,  0.0,   3.0,   3.0,  16.0,      ,     ,     ,     ,     ,     ,    ,      ,    2.0,   0.0,   0.0,     0.0,     0.0,        ,        ,        ,        ,        ,        ,      
dumarez01, 1912,     1, TO1 , NHA ,    ,  1.0,  0.0,   0.0,   0.0,   0.0,      ,     ,     ,     ,     ,     ,    ,      ,       ,      ,      ,        ,        ,        ,        ,        ,        ,        ,        ,      
dumarwo01, 1935,     1, BOS , NHL , L  ,  1.0,  0.0,   0.0,   0.0,   0.0,      ,     ,     ,     ,     ,     ,    ,      ,       ,      ,      ,        ,        ,        ,        ,        ,        ,        ,        ,      
dumarwo01, 1936,     1, BOS , NHL , L  , 17.0,  4.0,   4.0,   8.0,   2.0,      ,     ,     ,     ,     ,     ,    ,      ,    3.0,   0.0,   0.0,     0.0,     0.0,        ,        ,        ,        ,        ,        ,      
dumarwo01, 1937,     1, BOS , NHL , L  , 48.0, 13.0,  14.0,  27.0,   6.0,      ,     ,     ,     ,     ,     ,    ,      ,    3.0,   0.0,   0.0,     0.0,     0.0,        ,        ,        ,        ,        ,        ,      
dumarwo01, 1938,     1, BOS , NHL , L  , 46.0, 14.0,  15.0,  29.0,   2.0,      ,     ,     ,     ,     ,     ,    ,      ,   12.0,   1.0,   3.0,     4.0,     6.0,        ,        ,        ,        ,        ,        ,      
dumarwo01, 1939,     1, BOS , NHL , L  , 48.0, 22.0,  21.0,  43.0,  16.0,      ,     ,     ,     ,     ,     ,    ,      ,    6.0,   1.0,   0.0,     1.0,     0.0,        ,        ,        ,        ,        ,        ,      
dumarwo01, 1940,     1, BOS , NHL , L  , 40.0, 18.0,  15.0,  33.0,   2.0,      ,     ,     ,     ,     ,     ,    ,      ,   11.0,   1.0,   3.0,     4.0,     9.0,        ,        ,        ,        ,        ,        ,      
dumarwo01, 1941,     1, BOS , NHL , D  , 35.0, 14.0,  15.0,  29.0,   8.0,      ,     ,     ,     ,     ,     ,    ,      ,       ,      ,      ,        ,        ,        ,        ,        ,        ,        ,        ,      
dumarwo01, 1945,     1, BOS , NHL , L  , 50.0, 22.0,  12.0,  34.0,   2.0,      ,     ,     ,     ,     ,     ,    ,      ,   10.0,   4.0,   3.0,     7.0,     0.0,        ,        ,        ,        ,        ,        ,      
dumarwo01, 1946,     1, BOS , NHL , L  , 60.0, 24.0,  28.0,  52.0,  12.0,      ,     ,     ,     ,     ,     ,    ,      ,    5.0,   1.0,   1.0,     2.0,     8.0,        ,        ,        ,        ,        ,        ,      
dumarwo01, 1947,     1, BOS , NHL , L  , 59.0, 21.0,  16.0,  37.0,  14.0,      ,     ,     ,     ,     ,     ,    ,      ,    5.0,   0.0,   0.0,     0.0,     0.0,        ,        ,        ,        ,        ,        ,      
dumarwo01, 1948,     1, BOS , NHL , L  , 59.0, 11.0,  12.0,  23.0,   6.0,      ,     ,     ,     ,     ,     ,    ,      ,    5.0,   3.0,   0.0,     3.0,     0.0,        ,        ,        ,        ,        ,        ,      
dumarwo01, 1949,     1, BOS , NHL , L  , 69.0, 14.0,  25.0,  39.0,  14.0,      ,     ,     ,     ,     ,     ,    ,      ,       ,      ,      ,        ,        ,        ,        ,        ,        ,        ,        ,      
dumarwo01, 1950,     1, BOS , NHL , L  , 70.0, 20.0,  21.0,  41.0,   7.0,      ,     ,     ,     ,     ,     ,    ,      ,    6.0,   1.0,   2.0,     3.0,     0.0,        ,        ,        ,        ,        ,        ,      
dumarwo01, 1951,     1, BOS , NHL , L  , 39.0,  5.0,   8.0,  13.0,   0.0,      ,     ,     ,     ,     ,     ,    ,      ,    7.0,   0.0,   1.0,     1.0,     0.0,        ,        ,        ,        ,        ,        ,      
dumarwo01, 1952,     1, BOS , NHL , L  , 62.0,  5.0,   9.0,  14.0,   2.0,      ,     ,     ,     ,     ,     ,    ,      ,   11.0,   0.0,   2.0,     2.0,     0.0,        ,        ,        ,        ,        ,        ,      
dumarwo01, 1953,     1, BOS , NHL , L  , 69.0,  4.0,   3.0,   7.0,   6.0,      ,     ,     ,     ,     ,     ,    ,      ,    4.0,   0.0,   0.0,     0.0,     0.0,        ,        ,        ,        ,        ,        ,      
dumasmi01, 1974,     1, CHI , NHL , G  ,  3.0,  0.0,   0.0,   0.0,   0.0, 0.0  ,  0.0,     ,  0.0,     ,  0.0, 0.0,   0.0,    1.0,   0.0,   0.0,     0.0,     0.0,        ,     0.0,        ,     0.0,        ,     0.0,      
dumasmi01, 1976,     1, CHI , NHL , G  ,  5.0,  0.0,   1.0,   1.0,   0.0, 0.0  ,  0.0,     ,  0.0,     ,  0.0, 0.0,   0.0,       ,      ,      ,        ,        ,        ,        ,        ,        ,        ,        ,      
dumasri01, 1974,     1, CHC , WHA , G  ,  1.0,  0.0,   0.0,   0.0,   0.0,      ,  0.0,     ,  0.0,     ,  0.0,    ,   0.0,       ,      ,      ,        ,        ,        ,        ,        ,        ,        ,        ,      
dumonjp01, 1998,     1, CHI , NHL , R  , 25.0,  9.0,   6.0,  15.0,  10.0, 7.0  ,  0.0,  1.0,  0.0,  0.0,  2.0, 0.0,  42.0,       ,      ,      ,        ,        ,        ,        ,        ,        ,        ,        ,      
dumonjp01, 1999,     1, CHI , NHL , L  , 47.0, 10.0,   8.0,  18.0,  18.0, -6.0 ,  0.0,  0.0,  0.0,  0.0,  1.0, 0.0,  86.0,       ,      ,      ,        ,        ,        ,        ,        ,        ,        ,        ,      
dumonjp01, 2000,     1, BUF , NHL , L  , 79.0, 23.0,  28.0,  51.0,  54.0, 1.0  ,  9.0,  5.0,  0.0,  0.0,  5.0, 0.0, 156.0,   13.0,   4.0,   3.0,     7.0,     8.0, 4.0    ,     0.0,     1.0,     0.0,     0.0,     0.0,    23.0
dumonjp01, 2001,     1, BUF , NHL , L  , 76.0, 23.0,  21.0,  44.0,  42.0, -10.0,  7.0,  6.0,  0.0,  0.0,  3.0, 1.0, 154.0,       ,      ,      ,        ,        ,        ,        ,        ,        ,        ,        ,      
dumonjp01, 2002,     1, BUF , NHL , R  , 76.0, 14.0,  21.0,  35.0,  44.0, -14.0,  2.0,  8.0,  0.0,  0.0,  2.0, 0.0, 135.0,       ,      ,      ,        ,        ,        ,        ,        ,        ,        ,        ,      
dumonjp01, 2003,     1, BUF , NHL , R  , 77.0, 22.0,  31.0,  53.0,  40.0, -9.0 , 10.0,  7.0,  0.0,  0.0,  1.0, 0.0, 156.0,       ,      ,      ,        ,        ,        ,        ,        ,        ,        ,        ,      
dumonjp01, 2005,     1, BUF , NHL , R  , 54.0, 20.0,  20.0,  40.0,  38.0, -1.0 ,  9.0, 11.0,  0.0,  0.0,  4.0,    , 116.0,   18.0,   7.0,   7.0,    14.0,    14.0, 1.0    ,     3.0,     2.0,     0.0,     0.0,     1.0,    25.0
dumonjp01, 2006,     1, NAS , NHL , R  , 82.0, 21.0,  45.0,  66.0,  28.0, 14.0 ,  5.0, 14.0,  0.0,  0.0,  3.0,    , 143.0,    5.0,   4.0,   2.0,     6.0,     0.0, 4.0    ,     1.0,     0.0,     1.0,     0.0,     1.0,     8.0
dumonjp01, 2007,     1, NAS , NHL , R  , 80.0, 29.0,  43.0,  72.0,  34.0, 5.0  ,  7.0,  9.0,  0.0,  0.0,  8.0,    , 192.0,    6.0,   0.0,   2.0,     2.0,     4.0, -5.0   ,     0.0,     0.0,     0.0,     0.0,     0.0,     8.0
dumonjp01, 2008,     1, NAS , NHL , R  , 82.0, 16.0,  49.0,  65.0,  20.0, 1.0  ,  5.0, 17.0,  0.0,  0.0,  4.0,    , 176.0,       ,      ,      ,        ,        ,        ,        ,        ,        ,        ,        ,      
dumonjp01, 2009,     1, NAS , NHL , R  , 74.0, 17.0,  28.0,  45.0,  20.0, 8.0  ,  3.0, 10.0,  1.0,  0.0,  3.0,    , 112.0,    6.0,   2.0,   2.0,     4.0,     0.0, 3.0    ,     0.0,     0.0,     0.0,     0.0,     1.0,     7.0
dunbada01, 1985,     1, VAN , NHL , D  ,  1.0,  0.0,   0.0,   0.0,   2.0, 0.0  ,  0.0,     ,  0.0,     ,  0.0, 0.0,   0.0,       ,      ,      ,        ,        ,        ,        ,        ,        ,        ,        ,      
dunbada01, 1988,     1, BOS , NHL , D  ,  1.0,  0.0,   0.0,   0.0,   0.0, 0.0  ,  0.0,  0.0,  0.0,  0.0,  0.0, 0.0,   2.0,       ,      ,      ,        ,        ,        ,        ,        ,        ,        ,        ,      
duncaar01, 1915,     1, VML , PCHA, D  , 17.0,  7.0,   4.0,  11.0,  25.0,      ,     ,     ,     ,     ,     ,    ,      ,       ,      ,      ,        ,        ,        ,        ,        ,        ,        ,        ,      
duncaar01, 1916,     1, TOB , NHA ,    ,  8.0,  4.0,   1.0,   5.0,  12.0,      ,     ,     ,     ,     ,     ,    ,      ,       ,      ,      ,        ,        ,        ,        ,        ,        ,        ,        ,      
duncaar01, 1918,     1, VML , PCHA, D  , 17.0,  2.0,   1.0,   3.0,   0.0,      ,     ,     ,     ,     ,     ,    ,      ,    2.0,   0.0,   0.0,     0.0,     0.0,        ,        ,        ,        ,        ,        ,      
duncaar01, 1919,     1, VML , PCHA, D  , 22.0,  5.0,   9.0,  14.0,   3.0,      ,     ,     ,     ,     ,     ,    ,      ,    2.0,   0.0,   0.0,     0.0,     0.0,        ,        ,        ,        ,        ,        ,      
duncaar01, 1920,     1, VML , PCHA, D  , 24.0,  3.0,   5.0,   8.0,   6.0,      ,     ,     ,     ,     ,     ,    ,      ,    2.0,   0.0,   3.0,     3.0,     0.0,        ,        ,        ,        ,        ,        ,      
duncaar01, 1921,     1, VML , PCHA, D  , 24.0,  5.0,   9.0,  14.0,  19.0,      ,     ,     ,     ,     ,     ,    ,      ,    4.0,   3.0,   0.0,     3.0,     0.0,        ,        ,        ,        ,        ,        ,      
duncaar01, 1922,     1, VAM , PCHA, D  , 26.0, 15.0,   5.0,  20.0,   4.0,      ,     ,     ,     ,     ,     ,    ,      ,    2.0,   1.0,   0.0,     1.0,     0.0,        ,        ,        ,        ,        ,        ,      
duncaar01, 1923,     1, VAM , PCHA, D  , 30.0, 21.0,   9.0,  30.0,  22.0,      ,     ,     ,     ,     ,     ,    ,      ,    5.0,   1.0,   2.0,     3.0,     6.0,        ,        ,        ,        ,        ,        ,      
duncaar01, 1924,     1, VMR , WCHL, D  , 26.0,  5.0,   5.0,  10.0,  28.0,      ,     ,     ,     ,     ,     ,    ,      ,       ,      ,      ,        ,        ,        ,        ,        ,        ,        ,        ,      
duncaar01, 1925,     1, CAT , WCHL, D  , 29.0,  9.0,   4.0,  13.0,  30.0,      ,     ,     ,     ,     ,     ,    ,      ,       ,      ,      ,        ,        ,        ,        ,        ,        ,        ,        ,      
duncaar01, 1926,     1, DTC , NHL , D  , 34.0,  3.0,   2.0,   5.0,  26.0,      ,     ,     ,     ,     ,     ,    ,      ,       ,      ,      ,        ,        ,        ,        ,        ,        ,        ,        ,      
duncaar01, 1927,     1, TOR , NHL , D  , 43.0,  7.0,   5.0,  12.0,  97.0,      ,     ,     ,     ,     ,     ,    ,      ,       ,      ,      ,        ,        ,        ,        ,        ,        ,        ,        ,      
duncaar01, 1928,     1, TOR , NHL , D  , 39.0,  4.0,   4.0,   8.0,  53.0,      ,     ,     ,     ,     ,     ,    ,      ,    4.0,   0.0,   0.0,     0.0,     4.0,        ,        ,        ,        ,        ,        ,      
duncaar01, 1929,     1, TOR , NHL , D  , 38.0,  4.0,   5.0,   9.0,  49.0,      ,     ,     ,     ,     ,     ,    ,      ,       ,      ,      ,        ,        ,        ,        ,        ,        ,        ,        ,      
duncaar01, 1930,     1, TOR , NHL , D  ,  2.0,  0.0,   0.0,   0.0,   0.0,      ,     ,     ,     ,     ,     ,    ,      ,    1.0,   0.0,   0.0,     0.0,     0.0,        ,        ,        ,        ,        ,        ,      
duncacr01, 1985,     1, LAK , NHL , L  ,  2.0,  0.0,   1.0,   1.0,   0.0, -1.0 ,  0.0,     ,  0.0,     ,  0.0, 0.0,   0.0,       ,      ,      ,        ,        ,        ,        ,        ,        ,        ,        ,      
duncacr01, 1986,     1, LAK , NHL , L  ,  2.0,  0.0,   0.0,   0.0,  24.0, 0.0  ,  0.0,     ,  0.0,     ,  0.0, 0.0,   1.0,       ,      ,      ,        ,        ,        ,        ,        ,        ,        ,        ,      
duncacr01, 1987,     1, LAK , NHL , L  ,  9.0,  0.0,   0.0,   0.0,  12.0, -5.0 ,  0.0,  0.0,  0.0,  0.0,  0.0, 0.0,   8.0,       ,      ,      ,        ,        ,        ,        ,        ,        ,        ,        ,      
duncacr01, 1988,     1, LAK , NHL , L  ,  5.0,  0.0,   0.0,   0.0,   0.0, -1.0 ,  0.0,  0.0,  0.0,  0.0,  0.0, 0.0,   1.0,       ,      ,      ,        ,        ,        ,        ,        ,        ,        ,        ,      
duncacr01, 1989,     1, LAK , NHL , L  , 10.0,  3.0,   2.0,   5.0,   9.0, 1.0  ,  0.0,  0.0,  0.0,  0.0,  0.0, 0.0,  12.0,       ,      ,      ,        ,        ,        ,        ,        ,        ,        ,        ,      
duncacr01, 1990,     1, WIN , NHL , L  ,  7.0,  2.0,   0.0,   2.0,  16.0, -5.0 ,  0.0,  0.0,  0.0,  0.0,  0.0, 0.0,   6.0,       ,      ,      ,        ,        ,        ,        ,        ,        ,        ,        ,      
duncacr01, 1992,     1, NYR , NHL , L  ,  3.0,  0.0,   1.0,   1.0,   0.0, 0.0  ,  0.0,  0.0,  0.0,  0.0,  0.0, 0.0,   1.0,       ,      ,      ,        ,        ,        ,        ,        ,        ,        ,        ,      
duncaia01, 1986,     1, WIN , NHL , L  ,  6.0,  1.0,   2.0,   3.0,   0.0, 1.0  ,  0.0,     ,  0.0,     ,  0.0, 0.0,   7.0,    7.0,   0.0,   2.0,     2.0,     6.0, 3.0    ,     0.0,        ,     0.0,        ,     0.0,    12.0
duncaia01, 1987,     1, WIN , NHL , L  , 62.0, 19.0,  23.0,  42.0,  73.0, -2.0 ,  4.0,  5.0,  0.0,  0.0,  4.0, 0.0, 104.0,    4.0,   0.0,   1.0,     1.0,     0.0, -3.0   ,     0.0,     0.0,     0.0,     0.0,     0.0,     1.0
duncaia01, 1988,     1, WIN , NHL , L  , 57.0, 14.0,  30.0,  44.0,  74.0, -17.0,  1.0, 13.0,  0.0,  0.0,  0.0, 0.0,  91.0,       ,      ,      ,        ,        ,        ,        ,        ,        ,        ,        ,      
duncaia01, 1990,     1, WIN , NHL , L  ,  2.0,  0.0,   0.0,   0.0,   2.0, -1.0 ,  0.0,  0.0,  0.0,  0.0,  0.0, 0.0,   2.0,       ,      ,      ,        ,        ,        ,        ,        ,        ,        ,        ,      
dundaro01, 1989,     1, TOR , NHL , R  ,  5.0,  0.0,   0.0,   0.0,  14.0, -1.0 ,  0.0,  0.0,  0.0,  0.0,  0.0, 0.0,   1.0,       ,      ,      ,        ,        ,        ,        ,        ,        ,        ,        ,      
dundeto01, 1909,     1, MOS , NHA ,    , 12.0, 14.0,   0.0,  14.0,  19.0,      ,     ,     ,     ,     ,     ,    ,      ,       ,      ,      ,        ,        ,        ,        ,        ,        ,        ,        ,      
dundeto01, 1910,     1, QU1 , NHA ,    ,  9.0, 13.0,   0.0,  13.0,  25.0,      ,     ,     ,     ,     ,     ,    ,      ,       ,      ,      ,        ,        ,        ,        ,        ,        ,        ,        ,      
dundeto01, 1911,     1, VA1 , PCHA, C  , 16.0, 24.0,   0.0,  24.0,  27.0,      ,     ,     ,     ,     ,     ,    ,      ,       ,      ,      ,        ,        ,        ,        ,        ,        ,        ,        ,      
dundeto01, 1912,     1, VA1 , PCHA, C  , 15.0, 24.0,   5.0,  29.0,  35.0,      ,     ,     ,     ,     ,     ,    ,      ,       ,      ,      ,        ,        ,        ,        ,        ,        ,        ,        ,      
dundeto01, 1913,     1, VA1 , PCHA, C  , 16.0, 24.0,   4.0,  28.0,  34.0,      ,     ,     ,     ,     ,     ,    ,      ,       ,      ,      ,        ,        ,        ,        ,        ,        ,        ,        ,      
dundeto01, 1914,     1, VA1 , PCHA, C  , 17.0, 17.0,   9.0,  26.0,  22.0,      ,     ,     ,     ,     ,     ,    ,      ,       ,      ,      ,        ,        ,        ,        ,        ,        ,        ,        ,      
dundeto01, 1915,     1, PO1 , PCHA, C  , 18.0, 14.0,   4.0,  18.0,  40.0,      ,     ,     ,     ,     ,     ,    ,      ,       ,      ,      ,        ,        ,        ,        ,        ,        ,        ,        ,      
dundeto01, 1916,     1, PO1 , PCHA, C  , 23.0, 22.0,   4.0,  26.0, 140.0,      ,     ,     ,     ,     ,     ,    ,      ,       ,      ,      ,        ,        ,        ,        ,        ,        ,        ,        ,      
dundeto01, 1917,     1, PO1 , PCHA, C  , 18.0, 14.0,   6.0,  20.0,  57.0,      ,     ,     ,     ,     ,     ,    ,      ,       ,      ,      ,        ,        ,        ,        ,        ,        ,        ,        ,      
dundeto01, 1918,     1, VA2 , PCHA, C  , 20.0,  5.0,   3.0,   8.0,  31.0,      ,     ,     ,     ,     ,     ,    ,      ,       ,      ,      ,        ,        ,        ,        ,        ,        ,        ,        ,      
dundeto01, 1919,     1, VA2 , PCHA, C  , 22.0, 26.0,   7.0,  33.0,  18.0,      ,     ,     ,     ,     ,     ,    ,      ,       ,      ,      ,        ,        ,        ,        ,        ,        ,        ,        ,      
dundeto01, 1920,     1, VA2 , PCHA, C  , 24.0,  9.0,  11.0,  20.0,  18.0,      ,     ,     ,     ,     ,     ,    ,      ,       ,      ,      ,        ,        ,        ,        ,        ,        ,        ,        ,      
dundeto01, 1921,     1, VA2 , PCHA, C  , 24.0, 13.0,   6.0,  19.0,  40.0,      ,     ,     ,     ,     ,     ,    ,      ,       ,      ,      ,        ,        ,        ,        ,        ,        ,        ,        ,      
dundeto01, 1922,     1, VC1 , PCHA, C  , 29.0,  2.0,   0.0,   2.0,  14.0,      ,     ,     ,     ,     ,     ,    ,      ,    2.0,   0.0,   0.0,     0.0,     0.0,        ,        ,        ,        ,        ,        ,      
dundeto01, 1923,     1, SAC , WCHL, C  ,  6.0,  1.0,   0.0,   1.0,   4.0,      ,     ,     ,     ,     ,     ,    ,      ,       ,      ,      ,        ,        ,        ,        ,        ,        ,        ,        ,      
dundeto01, 1923,     2, EDE , WCHL, C  , 11.0,  1.0,   1.0,   2.0,   5.0,      ,     ,     ,     ,     ,     ,    ,      ,       ,      ,      ,        ,        ,        ,        ,        ,        ,        ,        ,      
dunhami01, 1996,     1, NJD , NHL , G  , 26.0,  0.0,   0.0,   0.0,   2.0, 0.0  ,  0.0,  0.0,  0.0,  0.0,  0.0, 0.0,   0.0,       ,      ,      ,        ,        ,        ,        ,        ,        ,        ,        ,      
dunhami01, 1997,     1, NJD , NHL , G  , 15.0,  0.0,   1.0,   1.0,   0.0, 0.0  ,  0.0,  0.0,  0.0,  0.0,  0.0, 0.0,   0.0,       ,      ,      ,        ,        ,        ,        ,        ,        ,        ,        ,      
dunhami01, 1998,     1, NAS , NHL , G  , 44.0,  0.0,   0.0,   0.0,   4.0, 0.0  ,  0.0,  0.0,  0.0,  0.0,  0.0, 0.0,   0.0,       ,      ,      ,        ,        ,        ,        ,        ,        ,        ,        ,      
dunhami01, 1999,     1, NAS , NHL , G  , 52.0,  0.0,   0.0,   0.0,   6.0, 0.0  ,  0.0,  0.0,  0.0,  0.0,  0.0, 0.0,   0.0,       ,      ,      ,        ,        ,        ,        ,        ,        ,        ,        ,      
dunhami01, 2000,     1, NAS , NHL , G  , 48.0,  0.0,   0.0,   0.0,   2.0, 0.0  ,  0.0,  0.0,  0.0,  0.0,  0.0, 0.0,   0.0,       ,      ,      ,        ,        ,        ,        ,        ,        ,        ,        ,      
dunhami01, 2001,     1, NAS , NHL , G  , 58.0,  0.0,   2.0,   2.0,   2.0, 0.0  ,  0.0,  1.0,  0.0,  1.0,  0.0, 0.0,   0.0,       ,      ,      ,        ,        ,        ,        ,        ,        ,        ,        ,      
dunhami01, 2002,     1, NAS , NHL , G  , 15.0,  0.0,   0.0,   0.0,   0.0, 0.0  ,  0.0,  0.0,  0.0,  0.0,  0.0, 0.0,   0.0,       ,      ,      ,        ,        ,        ,        ,        ,        ,        ,        ,      
dunhami01, 2002,     2, NYR , NHL , G  , 43.0,  0.0,   1.0,   1.0,   0.0, 0.0  ,  0.0,  0.0,  0.0,  0.0,  0.0, 0.0,   0.0,       ,      ,      ,        ,        ,        ,        ,        ,        ,        ,        ,      
dunhami01, 2003,     1, NYR , NHL , G  , 57.0,  0.0,   0.0,   0.0,   0.0, 0.0  ,  0.0,  0.0,  0.0,  0.0,  0.0, 0.0,   0.0,       ,      ,      ,        ,        ,        ,        ,        ,        ,        ,        ,      
dunhami01, 2005,     1, ATL , NHL , G  , 17.0,  0.0,   0.0,   0.0,   0.0, 0.0  ,  0.0,  0.0,  0.0,  0.0,  0.0,    ,   0.0,       ,      ,      ,        ,        ,        ,        ,        ,        ,        ,        ,      
dunhami01, 2006,     1, NYI , NHL , G  , 19.0,  0.0,   1.0,   1.0,   0.0, 0.0  ,  0.0,  0.0,  0.0,  0.0,  0.0,    ,   0.0,       ,      ,      ,        ,        ,        ,        ,        ,        ,        ,        ,      
dunlafr01, 1943,     1, TOR , NHL , L  , 15.0,  0.0,   1.0,   1.0,   2.0,      ,     ,     ,     ,     ,     ,    ,      ,       ,      ,      ,        ,        ,        ,        ,        ,        ,        ,        ,      
dunlobl01, 1973,     1, MNS , NHL , C  , 12.0,  0.0,   0.0,   0.0,   2.0, -3.0 ,  0.0,     ,  0.0,     ,  0.0, 0.0,  11.0,       ,      ,      ,        ,        ,        ,        ,        ,        ,        ,        ,      
dunlobl01, 1974,     1, MNS , NHL , C  , 52.0,  9.0,  18.0,  27.0,   8.0, -7.0 ,  2.0,     ,  0.0,     ,  3.0, 0.0,  82.0,       ,      ,      ,        ,        ,        ,        ,        ,        ,        ,        ,      
dunlobl01, 1975,     1, MNS , NHL , C  , 33.0,  9.0,  11.0,  20.0,   8.0, -9.0 ,  1.0,     ,  0.0,     ,  1.0, 1.0,  55.0,       ,      ,      ,        ,        ,        ,        ,        ,        ,        ,        ,      
dunlobl01, 1976,     1, MNS , NHL , C  ,  3.0,  0.0,   1.0,   1.0,   0.0, -2.0 ,  0.0,     ,  0.0,     ,  0.0, 0.0,   8.0,       ,      ,      ,        ,        ,        ,        ,        ,        ,        ,        ,      
dunlobl01, 1977,     1, PHI , NHL , C  ,  3.0,  0.0,   1.0,   1.0,   0.0, 1.0  ,  0.0,     ,  0.0,     ,  0.0, 0.0,   1.0,       ,      ,      ,        ,        ,        ,        ,        ,        ,        ,        ,      
dunlobl01, 1978,     1, PHI , NHL , C  , 66.0, 20.0,  28.0,  48.0,  16.0, 27.0 ,  5.0,     ,  0.0,     ,  5.0, 0.0, 122.0,    8.0,   1.0,   1.0,     2.0,     4.0,        ,     0.0,        ,     0.0,        ,     0.0,      
dunlobl01, 1979,     1, STL , NHL , C  , 72.0, 18.0,  27.0,  45.0,  28.0, -6.0 ,  8.0,     ,  0.0,     ,  2.0, 1.0, 101.0,    3.0,   0.0,   2.0,     2.0,     2.0,        ,     0.0,        ,     0.0,        ,     0.0,      
dunlobl01, 1980,     1, STL , NHL , C  , 80.0, 20.0,  67.0,  87.0,  40.0, 16.0 ,  6.0,     ,  0.0,     ,  2.0, 1.0, 134.0,   11.0,   0.0,   3.0,     3.0,     4.0,        ,     0.0,        ,     0.0,        ,     0.0,      
dunlobl01, 1981,     1, STL , NHL , C  , 77.0, 25.0,  53.0,  78.0,  32.0, -9.0 , 10.0,     ,  1.0,     ,  1.0, 0.0, 129.0,   10.0,   2.0,   2.0,     4.0,     4.0,        ,     0.0,        ,     0.0,        ,     0.0,      
dunlobl01, 1982,     1, STL , NHL , C  , 78.0, 22.0,  44.0,  66.0,  14.0, -6.0 ,  8.0,     ,  0.0,     ,  2.0, 1.0, 135.0,    4.0,   1.0,   1.0,     2.0,     0.0,        ,     1.0,        ,     0.0,        ,     0.0,      
dunlobl01, 1983,     1, STL , NHL , C  , 17.0,  1.0,  10.0,  11.0,   4.0, -1.0 ,  0.0,     ,  0.0,     ,  0.0, 0.0,  18.0,       ,      ,      ,        ,        ,        ,        ,        ,        ,        ,        ,      
dunlobl01, 1983,     2, DET , NHL , C  , 57.0,  6.0,  14.0,  20.0,  20.0, -13.0,  1.0,     ,  1.0,     ,  0.0, 1.0,  67.0,    4.0,   0.0,   1.0,     1.0,     4.0, -2.0   ,     0.0,        ,     0.0,        ,     0.0,     5.0
dunnda01 , 1973,     1, VAN , NHL , D  , 68.0, 11.0,  22.0,  33.0,  76.0, -13.0,  0.0,     ,  0.0,     ,  1.0, 1.0,  97.0,       ,      ,      ,        ,        ,        ,        ,        ,        ,        ,        ,      
dunnda01 , 1974,     1, VAN , NHL , D  ,  1.0,  0.0,   0.0,   0.0,  11.0, 0.0  ,  0.0,     ,  0.0,     ,  0.0, 0.0,   1.0,       ,      ,      ,        ,        ,        ,        ,        ,        ,        ,        ,      
dunnda01 , 1974,     2, TOR , NHL , D  , 72.0,  3.0,  11.0,  14.0, 142.0, -10.0,  0.0,     ,  0.0,     ,  2.0, 0.0,  76.0,    7.0,   1.0,   1.0,     2.0,    24.0,        ,     0.0,        ,     0.0,        ,     0.0,      
dunnda01 , 1975,     1, TOR , NHL , D  , 43.0,  0.0,   8.0,   8.0,  84.0, -5.0 ,  0.0,     ,  0.0,     ,  0.0, 0.0,  43.0,    3.0,   0.0,   0.0,     0.0,    17.0,        ,     0.0,        ,     0.0,        ,     0.0,      
dunnda01 , 1976,     1, WIJ , WHA , D  , 40.0,  3.0,  11.0,  14.0, 129.0, -1.0 ,  0.0,     ,  0.0,     ,     ,    ,  30.0,   20.0,   4.0,   4.0,     8.0,    23.0, -7.0   ,        ,        ,        ,        ,     1.0,      
dunnda01 , 1977,     1, WIJ , WHA , D  , 66.0,  6.0,  20.0,  26.0,  79.0, 20.0 ,  1.0,     ,  0.0,     ,     ,    ,  53.0,    9.0,   1.0,   2.0,     3.0,     0.0, 8.0    ,        ,        ,        ,        ,     0.0,      
dunnri01 , 1977,     1, BUF , NHL , D  , 25.0,  0.0,   3.0,   3.0,  16.0, -3.0 ,  0.0,     ,  0.0,     ,  0.0, 0.0,  23.0,    1.0,   0.0,   0.0,     0.0,     2.0,        ,     0.0,        ,     0.0,        ,     0.0,      
dunnri01 , 1978,     1, BUF , NHL , D  , 24.0,  0.0,   3.0,   3.0,  14.0, -2.0 ,  0.0,     ,  0.0,     ,  0.0, 0.0,  18.0,       ,      ,      ,        ,        ,        ,        ,        ,        ,        ,        ,      
dunnri01 , 1979,     1, BUF , NHL , D  , 80.0,  7.0,  31.0,  38.0,  61.0, 25.0 ,  4.0,     ,  0.0,     ,  2.0, 0.0, 147.0,   14.0,   2.0,   8.0,    10.0,     8.0,        ,     2.0,        ,     0.0,        ,     0.0,      
dunnri01 , 1980,     1, BUF , NHL , D  , 79.0,  7.0,  42.0,  49.0,  34.0, 21.0 ,  4.0,     ,  0.0,     ,  1.0, 2.0, 175.0,    8.0,   0.0,   5.0,     5.0,     6.0,        ,     0.0,        ,     0.0,        ,     0.0,      
dunnri01 , 1981,     1, BUF , NHL , D  , 72.0,  7.0,  19.0,  26.0,  73.0, 6.0  ,  0.0,     ,  0.0,     ,  1.0, 1.0, 122.0,    4.0,   0.0,   1.0,     1.0,     0.0,        ,     0.0,        ,     0.0,        ,     0.0,      
dunnri01 , 1982,     1, CAL , NHL , D  , 80.0,  3.0,  11.0,  14.0,  47.0, -4.0 ,  0.0,     ,  0.0,     ,  1.0, 0.0,  88.0,    9.0,   1.0,   1.0,     2.0,     8.0,        ,     0.0,        ,     0.0,        ,     0.0,      
dunnri01 , 1983,     1, HAR , NHL , D  , 63.0,  5.0,  20.0,  25.0,  30.0, -20.0,  0.0,     ,  0.0,     ,  0.0, 0.0,  82.0,       ,      ,      ,        ,        ,        ,        ,        ,        ,        ,        ,      
dunnri01 , 1984,     1, HAR , NHL , D  , 13.0,  1.0,   4.0,   5.0,   2.0, -3.0 ,  0.0,     ,  0.0,     ,  0.0, 0.0,  17.0,       ,      ,      ,        ,        ,        ,        ,        ,        ,        ,        ,      
dunnri01 , 1985,     1, BUF , NHL , D  , 29.0,  4.0,   5.0,   9.0,  25.0, -5.0 ,  4.0,     ,  0.0,     ,  0.0, 0.0,  55.0,       ,      ,      ,        ,        ,        ,        ,        ,        ,        ,        ,      
dunnri01 , 1986,     1, BUF , NHL , D  ,  2.0,  0.0,   1.0,   1.0,   2.0, 2.0  ,  0.0,     ,  0.0,     ,  0.0, 0.0,   1.0,       ,      ,      ,        ,        ,        ,        ,        ,        ,        ,        ,      
dunnri01 , 1987,     1, BUF , NHL , D  , 12.0,  2.0,   0.0,   2.0,   8.0, -7.0 ,  0.0,  0.0,  0.0,  0.0,  0.0, 0.0,  19.0,       ,      ,      ,        ,        ,        ,        ,        ,        ,        ,        ,      
dunnri01 , 1988,     1, BUF , NHL , D  ,  4.0,  0.0,   1.0,   1.0,   2.0, -1.0 ,  0.0,  1.0,  0.0,  0.0,  0.0, 0.0,   2.0,       ,      ,      ,        ,        ,        ,        ,        ,        ,        ,        ,      
duperde01, 1970,     1, TOR , NHL , L  , 20.0,  1.0,   2.0,   3.0,   4.0, -1.0 ,  1.0,     ,  0.0,     ,  0.0, 0.0,  18.0,    6.0,   0.0,   0.0,     0.0,     0.0,        ,     0.0,        ,     0.0,        ,     0.0,      
duperde01, 1971,     1, TOR , NHL , L  , 77.0,  7.0,  10.0,  17.0,   4.0, 5.0  ,  1.0,     ,  0.0,     ,  0.0, 1.0,  55.0,    5.0,   0.0,   0.0,     0.0,     0.0,        ,     0.0,        ,     0.0,        ,     0.0,      
duperde01, 1972,     1, TOR , NHL , L  , 61.0, 13.0,  23.0,  36.0,  10.0, -4.0 ,  4.0,     ,  0.0,     ,  0.0, 0.0, 129.0,       ,      ,      ,        ,        ,        ,        ,        ,        ,        ,        ,      
duperde01, 1973,     1, TOR , NHL , L  , 34.0,  8.0,   9.0,  17.0,   8.0, 3.0  ,  2.0,     ,  0.0,     ,  0.0, 1.0,  53.0,    3.0,   0.0,   0.0,     0.0,     0.0,        ,     0.0,        ,     0.0,        ,     0.0,      
duperde01, 1974,     1, WAS , NHL , L  , 53.0, 20.0,  15.0,  35.0,   8.0, -41.0,  8.0,     ,  0.0,     ,  0.0, 0.0, 133.0,       ,      ,      ,        ,        ,        ,        ,        ,        ,        ,        ,      
duperde01, 1974,     2, STL , NHL , L  , 22.0,  3.0,   6.0,   9.0,   8.0, 4.0  ,  1.0,     ,  0.0,     ,  0.0, 0.0,  35.0,       ,      ,      ,        ,        ,        ,        ,        ,        ,        ,        ,      
duperde01, 1975,     1, KCS , NHL , L  , 43.0,  6.0,   8.0,  14.0,  16.0, -8.0 ,  2.0,     ,  0.0,     ,  0.0, 0.0,  37.0,       ,      ,      ,        ,        ,        ,        ,        ,        ,        ,        ,      
duperde01, 1976,     1, COR , NHL , L  , 57.0,  7.0,  11.0,  18.0,   4.0, 3.0  ,  1.0,     ,  3.0,     ,  2.0, 1.0,  60.0,       ,      ,      ,        ,        ,        ,        ,        ,        ,        ,        ,      
duperde01, 1977,     1, COR , NHL , L  , 54.0, 15.0,  15.0,  30.0,   4.0, 9.0  ,  2.0,     ,  2.0,     ,  4.0, 1.0,  67.0,    2.0,   1.0,   0.0,     1.0,     0.0,        ,     1.0,        ,     0.0,        ,     0.0,      
duponan01, 1970,     1, NYR , NHL , D  ,  7.0,  1.0,   2.0,   3.0,  21.0, 1.0  ,  0.0,     ,  0.0,     ,  0.0, 0.0,  17.0,       ,      ,      ,        ,        ,        ,        ,        ,        ,        ,        ,      
duponan01, 1971,     1, STL , NHL , D  , 60.0,  3.0,  10.0,  13.0, 147.0, 11.0 ,  0.0,     ,  0.0,     ,  0.0, 1.0, 133.0,   11.0,   1.0,   0.0,     1.0,    20.0,        ,     0.0,        ,     0.0,        ,     0.0,      
duponan01, 1972,     1, STL , NHL , D  , 25.0,  1.0,   6.0,   7.0,  51.0, -2.0 ,  0.0,     ,  0.0,     ,  0.0, 0.0,  38.0,       ,      ,      ,        ,        ,        ,        ,        ,        ,        ,        ,      
duponan01, 1972,     2, PHI , NHL , D  , 46.0,  3.0,  20.0,  23.0, 164.0, 8.0  ,  1.0,     ,  0.0,     ,  1.0, 0.0, 103.0,   11.0,   1.0,   2.0,     3.0,    29.0,        ,     0.0,        ,     0.0,        ,     0.0,      
duponan01, 1973,     1, PHI , NHL , D  , 75.0,  3.0,  20.0,  23.0, 216.0, 34.0 ,  2.0,     ,  0.0,     ,  1.0, 0.0, 165.0,   16.0,   4.0,   3.0,     7.0,    67.0,        ,     0.0,        ,     0.0,        ,     0.0,      
duponan01, 1974,     1, PHI , NHL , D  , 80.0, 11.0,  21.0,  32.0, 276.0, 41.0 ,  2.0,     ,  0.0,     ,  4.0, 0.0, 164.0,   17.0,   3.0,   2.0,     5.0,    49.0,        ,     1.0,        ,     0.0,        ,     2.0,      
duponan01, 1975,     1, PHI , NHL , D  , 75.0,  9.0,  27.0,  36.0, 214.0, 40.0 ,  3.0,     ,  0.0,     ,  2.0, 0.0, 139.0,   15.0,   2.0,   2.0,     4.0,    46.0,        ,     2.0,        ,     0.0,        ,     0.0,      
duponan01, 1976,     1, PHI , NHL , D  , 59.0, 10.0,  19.0,  29.0, 168.0, 57.0 ,  1.0,     ,  0.0,     ,  0.0, 0.0, 110.0,   10.0,   1.0,   1.0,     2.0,    35.0,        ,     0.0,        ,     0.0,        ,     0.0,      
duponan01, 1977,     1, PHI , NHL , D  , 69.0,  2.0,  12.0,  14.0, 225.0, 31.0 ,  0.0,     ,  0.0,     ,  0.0, 0.0, 108.0,   12.0,   2.0,   1.0,     3.0,    13.0,        ,     0.0,        ,     0.0,        ,     0.0,      
duponan01, 1978,     1, PHI , NHL , D  , 77.0,  3.0,   9.0,  12.0, 135.0, 21.0 ,  0.0,     ,  0.0,     ,  0.0, 0.0, 128.0,    8.0,   0.0,   0.0,     0.0,    17.0,        ,     0.0,        ,     0.0,        ,     0.0,      
duponan01, 1979,     1, PHI , NHL , D  , 58.0,  1.0,   7.0,   8.0, 107.0, 37.0 ,  0.0,     ,  0.0,     ,  0.0, 0.0,  67.0,   19.0,   0.0,   4.0,     4.0,    50.0,        ,     0.0,        ,     0.0,        ,     0.0,      
duponan01, 1980,     1, QUE , NHL , D  , 63.0,  5.0,   8.0,  13.0,  93.0, 6.0  ,  1.0,     ,  1.0,     ,  0.0, 1.0,  72.0,    1.0,   0.0,   0.0,     0.0,     0.0,        ,     0.0,        ,     0.0,        ,     0.0,      
duponan01, 1981,     1, QUE , NHL , D  , 60.0,  4.0,  12.0,  16.0, 100.0, 3.0  ,  0.0,     ,  0.0,     ,  2.0, 0.0,  62.0,   16.0,   0.0,   3.0,     3.0,    18.0,        ,     0.0,        ,     0.0,        ,     0.0,      
duponan01, 1982,     1, QUE , NHL , D  , 46.0,  3.0,  12.0,  15.0,  69.0, 11.0 ,  0.0,     ,  0.0,     ,  0.0, 0.0,  42.0,    4.0,   0.0,   0.0,     0.0,     8.0,        ,     0.0,        ,     0.0,        ,     0.0,      
duponje01, 1981,     1, CHI , NHL , D  , 34.0,  0.0,   4.0,   4.0,  51.0, -2.0 ,  0.0,     ,  0.0,     ,  0.0, 0.0,  22.0,       ,      ,      ,        ,        ,        ,        ,        ,        ,        ,        ,      
duponje01, 1982,     1, CHI , NHL , D  ,  1.0,  0.0,   0.0,   0.0,   0.0, 0.0  ,  0.0,     ,  0.0,     ,  0.0, 0.0,   0.0,       ,      ,      ,        ,        ,        ,        ,        ,        ,        ,        ,      
duponje01, 1983,     1, CHI , NHL , D  , 36.0,  2.0,   2.0,   4.0, 116.0, -11.0,  0.0,     ,  0.0,     ,  0.0, 0.0,  28.0,    4.0,   0.0,   0.0,     0.0,    15.0, 1.0    ,     0.0,        ,     0.0,        ,     0.0,     1.0
duponje01, 1984,     1, CHI , NHL , D  , 55.0,  3.0,  10.0,  13.0, 105.0, 5.0  ,  0.0,     ,  0.0,     ,  1.0, 0.0,  54.0,   15.0,   0.0,   2.0,     2.0,    41.0, -7.0   ,     0.0,        ,     0.0,        ,     0.0,    15.0
duponje01, 1985,     1, CHI , NHL , D  , 75.0,  2.0,  13.0,  15.0, 173.0, -17.0,  0.0,     ,  0.0,     ,  0.0, 0.0,  69.0,    1.0,   0.0,   0.0,     0.0,     0.0, 1.0    ,     0.0,        ,     0.0,        ,     0.0,     0.0
duponje01, 1986,     1, TOR , NHL , D  , 13.0,  0.0,   0.0,   0.0,  23.0, -5.0 ,  0.0,     ,  0.0,     ,  0.0, 0.0,   5.0,       ,      ,      ,        ,        ,        ,        ,        ,        ,        ,        ,      
duponmi01, 2001,     1, CAL , NHL , D  ,  2.0,  0.0,   0.0,   0.0,   2.0, 0.0  ,  0.0,  0.0,  0.0,  0.0,  0.0, 0.0,   2.0,       ,      ,      ,        ,        ,        ,        ,        ,        ,        ,        ,      
duponmi01, 2002,     1, CAL , NHL , D  , 16.0,  1.0,   2.0,   3.0,   4.0, -5.0 ,  0.0,  2.0,  0.0,  0.0,  0.0, 0.0,  27.0,       ,      ,      ,        ,        ,        ,        ,        ,        ,        ,        ,      
duponmi01, 2006,     1, PIT , NHL , D  ,  3.0,  0.0,   1.0,   1.0,   4.0, -3.0 ,  0.0,  1.0,  0.0,  0.0,  0.0,    ,   6.0,       ,      ,      ,        ,        ,        ,        ,        ,        ,        ,        ,      
duponmi01, 2007,     1, STL , NHL , D  ,  2.0,  0.0,   0.0,   0.0,   2.0, 1.0  ,  0.0,  0.0,  0.0,  0.0,  0.0,    ,   3.0,       ,      ,      ,        ,        ,        ,        ,        ,        ,        ,        ,      
duponno01, 1979,     1, MTL , NHL , L  , 35.0,  1.0,   3.0,   4.0,   4.0, 2.0  ,  0.0,     ,  0.0,     ,  0.0, 0.0,  18.0,    8.0,   1.0,   1.0,     2.0,     0.0,        ,     0.0,        ,     0.0,        ,     1.0,      
duponno01, 1980,     1, WIN , NHL , L  , 80.0, 27.0,  26.0,  53.0,   8.0, -57.0,  8.0,     ,  0.0,     ,  1.0, 2.0, 215.0,       ,      ,      ,        ,        ,        ,        ,        ,        ,        ,        ,      
duponno01, 1981,     1, WIN , NHL , L  , 62.0, 13.0,  25.0,  38.0,  22.0, -24.0,  4.0,     ,  0.0,     ,  2.0, 0.0, 148.0,    4.0,   2.0,   0.0,     2.0,     0.0,        ,     2.0,        ,     0.0,        ,     0.0,      
duponno01, 1982,     1, WIN , NHL , L  , 39.0,  7.0,  16.0,  23.0,   6.0, -16.0,  6.0,     ,  0.0,     ,  1.0, 0.0,  71.0,    1.0,   1.0,   1.0,     2.0,     0.0,        ,     1.0,        ,     0.0,        ,     0.0,      
duponno01, 1983,     1, HAR , NHL , L  , 40.0,  7.0,  15.0,  22.0,  12.0, -16.0,  2.0,     ,  0.0,     ,  0.0, 0.0,  85.0,       ,      ,      ,        ,        ,        ,        ,        ,        ,        ,        ,      
duprari01, 1973,     1, TOT , WHA , C  ,  2.0,  0.0,   0.0,   0.0,   0.0,      ,  0.0,     ,  0.0,     ,  0.0,    ,      ,       ,      ,      ,        ,        ,        ,        ,        ,        ,        ,        ,      
dupreya01, 1991,     1, PHI , NHL , L  ,  1.0,  0.0,   0.0,   0.0,   0.0, 0.0  ,  0.0,  0.0,  0.0,  0.0,  0.0, 0.0,   0.0,       ,      ,      ,        ,        ,        ,        ,        ,        ,        ,        ,      
dupreya01, 1994,     1, PHI , NHL , L  , 22.0,  0.0,   0.0,   0.0,   8.0, -7.0 ,  0.0,  0.0,  0.0,  0.0,  0.0, 0.0,  21.0,       ,      ,      ,        ,        ,        ,        ,        ,        ,        ,        ,      
dupreya01, 1995,     1, PHI , NHL , L  , 12.0,  2.0,   0.0,   2.0,   8.0, 0.0  ,  0.0,  0.0,  0.0,  0.0,  1.0, 0.0,  10.0,       ,      ,      ,        ,        ,        ,        ,        ,        ,        ,        ,      
dupuibo01, 1979,     1, EDM , NHL , G  ,  1.0,  0.0,   0.0,   0.0,   0.0, 0.0  ,  0.0,     ,  0.0,     ,  0.0, 0.0,   0.0,       ,      ,      ,        ,        ,        ,        ,        ,        ,        ,        ,      
dupuipa01, 2000,     1, MIN , NHL , L  ,  4.0,  1.0,   0.0,   1.0,   4.0, 0.0  ,  1.0,  0.0,  0.0,  0.0,  0.0, 0.0,   8.0,       ,      ,      ,        ,        ,        ,        ,        ,        ,        ,        ,      
dupuipa01, 2001,     1, MIN , NHL , R  , 76.0, 15.0,  12.0,  27.0,  16.0, -10.0,  3.0,  2.0,  2.0,  0.0,  0.0, 0.0, 154.0,       ,      ,      ,        ,        ,        ,        ,        ,        ,        ,        ,      
dupuipa01, 2002,     1, MIN , NHL , R  , 80.0, 20.0,  28.0,  48.0,  44.0, 17.0 ,  6.0,  7.0,  0.0,  1.0,  4.0, 1.0, 183.0,   16.0,   4.0,   4.0,     8.0,     8.0, 0.0    ,     2.0,     0.0,     0.0,     0.0,     1.0,    36.0
dupuipa01, 2003,     1, MIN , NHL , L  , 59.0, 11.0,  15.0,  26.0,  20.0, 5.0  ,  2.0,  3.0,  0.0,  1.0,  1.0, 0.0, 127.0,       ,      ,      ,        ,        ,        ,        ,        ,        ,        ,        ,      
dupuipa01, 2005,     1, MIN , NHL , R  , 67.0, 10.0,  16.0,  26.0,  40.0, -10.0,  4.0,  6.0,  0.0,  1.0,  2.0,    , 151.0,       ,      ,      ,        ,        ,        ,        ,        ,        ,        ,        ,      
dupuipa01, 2006,     1, MIN , NHL , L  , 48.0, 10.0,   3.0,  13.0,  38.0, -7.0 ,  2.0,  0.0,  2.0,  1.0,  0.0,    , 106.0,       ,      ,      ,        ,        ,        ,        ,        ,        ,        ,        ,      
dupuipa01, 2006,     2, NYR , NHL , L  ,  6.0,  1.0,   0.0,   1.0,   0.0, -4.0 ,  0.0,  0.0,  0.0,  0.0,  0.0,    ,  10.0,       ,      ,      ,        ,        ,        ,        ,        ,        ,        ,        ,      
dupuipa01, 2006,     3, ATL , NHL , L  , 17.0,  3.0,   2.0,   5.0,   4.0, -6.0 ,  0.0,  1.0,  0.0,  0.0,  1.0,    ,  40.0,    4.0,   1.0,   2.0,     3.0,     4.0, 2.0    ,     0.0,     0.0,     0.0,     0.0,     0.0,     7.0
dupuipa01, 2007,     1, ATL , NHL , L  , 62.0, 10.0,   5.0,  15.0,  24.0, -4.0 ,  0.0,  0.0,  3.0,  0.0,  1.0,    , 111.0,       ,      ,      ,        ,        ,        ,        ,        ,        ,        ,        ,      
dupuipa01, 2007,     2, PIT , NHL , L  , 16.0,  2.0,  10.0,  12.0,   8.0, 4.0  ,  0.0,  0.0,  0.0,  1.0,  0.0,    ,  32.0,   20.0,   2.0,   5.0,     7.0,    18.0, 5.0    ,     0.0,     0.0,     0.0,     0.0,     0.0,    38.0
dupuipa01, 2008,     1, PIT , NHL , L  , 71.0, 12.0,  16.0,  28.0,  30.0, 1.0  ,  0.0,  0.0,  0.0,  1.0,  2.0,    , 145.0,   16.0,   0.0,   0.0,     0.0,     8.0, -5.0   ,     0.0,     0.0,     0.0,     0.0,     0.0,    17.0
dupuipa01, 2009,     1, PIT , NHL , L  , 81.0, 18.0,  20.0,  38.0,  16.0, 5.0  ,  0.0,  0.0,  0.0,  0.0,  5.0,    , 157.0,   13.0,   2.0,   6.0,     8.0,     4.0, 5.0    ,     0.0,     0.0,     0.0,     0.0,     1.0,    33.0
dupuiph01, 2008,     1, COL , NHL , C  ,  8.0,  0.0,   0.0,   0.0,   4.0, -1.0 ,  0.0,  0.0,  0.0,  0.0,  0.0,    ,  11.0,       ,      ,      ,        ,        ,        ,        ,        ,        ,        ,        ,      
dupuiph01, 2009,     1, COL , NHL , C  ,  4.0,  0.0,   1.0,   1.0,   2.0, 1.0  ,  0.0,  0.0,  0.0,  0.0,  0.0,    ,   4.0,       ,      ,      ,        ,        ,        ,        ,        ,        ,        ,        ,      
durbast01, 1972,     1, STL , NHL , D  , 49.0,  3.0,  18.0,  21.0, 231.0, -3.0 ,  0.0,     ,  0.0,     ,  0.0, 0.0,  83.0,    5.0,   0.0,   2.0,     2.0,     8.0,        ,     0.0,        ,     0.0,        ,     0.0,      
durbast01, 1973,     1, STL , NHL , D  , 36.0,  4.0,   5.0,   9.0, 146.0, -1.0 ,  2.0,     ,  0.0,     ,  0.0, 0.0,  40.0,       ,      ,      ,        ,        ,        ,        ,        ,        ,        ,        ,      
durbast01, 1973,     2, PIT , NHL , D  , 33.0,  4.0,  14.0,  18.0, 138.0, 17.0 ,  2.0,     ,  0.0,     ,  0.0, 0.0,  68.0,       ,      ,      ,        ,        ,        ,        ,        ,        ,        ,        ,      
durbast01, 1974,     1, PIT , NHL , D  ,  1.0,  0.0,   1.0,   1.0,  10.0, 0.0  ,  0.0,     ,  0.0,     ,  0.0, 0.0,   1.0,       ,      ,      ,        ,        ,        ,        ,        ,        ,        ,        ,      
durbast01, 1975,     1, PIT , NHL , D  , 32.0,  0.0,   8.0,   8.0, 161.0, 9.0  ,  0.0,     ,  0.0,     ,  0.0, 0.0,  41.0,       ,      ,      ,        ,        ,        ,        ,        ,        ,        ,        ,      
durbast01, 1975,     2, KCS , NHL , D  , 37.0,  1.0,  11.0,  12.0, 209.0, -30.0,  0.0,     ,  0.0,     ,  0.0, 0.0,  65.0,       ,      ,      ,        ,        ,        ,        ,        ,        ,        ,        ,      
durbast01, 1976,     1, COR , NHL , D  , 19.0,  0.0,   2.0,   2.0, 129.0, -6.0 ,  0.0,     ,  0.0,     ,  0.0, 0.0,  17.0,       ,      ,      ,        ,        ,        ,        ,        ,        ,        ,        ,      
durbast01, 1977,     1, BIR , WHA , D  , 45.0,  6.0,   4.0,  10.0, 284.0, -12.0,  1.0,     ,  0.0,     ,     ,    ,  64.0,    4.0,   0.0,   2.0,     2.0,    16.0, 0.0    ,        ,        ,        ,        ,     0.0,      
durbast01, 1978,     1, STL , NHL , D  , 13.0,  1.0,   1.0,   2.0, 103.0, -7.0 ,  0.0,     ,  0.0,     ,  0.0, 0.0,  18.0,       ,      ,      ,        ,        ,        ,        ,        ,        ,        ,        ,      
durdivl01, 1978,     1, SOV , WHA ,    ,  3.0,  0.0,   0.0,   0.0,   0.0,      ,     ,     ,     ,     ,     ,    ,      ,       ,      ,      ,        ,        ,        ,        ,        ,        ,        ,        ,      
durisvi01, 1977,     1, CZE , WHA , D  ,  8.0,  5.0,   0.0,   5.0,  12.0,      ,  3.0,     ,  0.0,     ,  0.0,    ,      ,       ,      ,      ,        ,        ,        ,        ,        ,        ,        ,        ,      
durisvi01, 1980,     1, TOR , NHL , D  , 57.0,  1.0,  12.0,  13.0,  50.0, 13.0 ,  0.0,     ,  0.0,     ,  0.0, 1.0,  70.0,    3.0,   0.0,   1.0,     1.0,     2.0,        ,     0.0,        ,     0.0,        ,     0.0,      
durisvi01, 1982,     1, TOR , NHL , D  , 32.0,  2.0,   8.0,  10.0,  12.0, 3.0  ,  0.0,     ,  1.0,     ,  0.0, 0.0,  48.0,       ,      ,      ,        ,        ,        ,        ,        ,        ,        ,        ,      
durnabi01, 1943,     1, MTL , NHL , G  , 50.0,  0.0,   0.0,   0.0,   0.0,      ,     ,     ,     ,     ,     ,    ,      ,    9.0,   0.0,   0.0,     0.0,     0.0,        ,        ,        ,        ,        ,        ,      
durnabi01, 1944,     1, MTL , NHL , G  , 50.0,  0.0,   0.0,   0.0,   0.0,      ,     ,     ,     ,     ,     ,    ,      ,    6.0,   0.0,   0.0,     0.0,     0.0,        ,        ,        ,        ,        ,        ,      
durnabi01, 1945,     1, MTL , NHL , G  , 40.0,  0.0,   0.0,   0.0,   0.0,      ,     ,     ,     ,     ,     ,    ,      ,    9.0,   0.0,   0.0,     0.0,     0.0,        ,        ,        ,        ,        ,        ,      
durnabi01, 1946,     1, MTL , NHL , G  , 60.0,  0.0,   0.0,   0.0,   0.0,      ,     ,     ,     ,     ,     ,    ,      ,   11.0,   0.0,   0.0,     0.0,     0.0,        ,        ,        ,        ,        ,        ,      
durnabi01, 1947,     1, MTL , NHL , G  , 59.0,  0.0,   0.0,   0.0,   5.0,      ,     ,     ,     ,     ,     ,    ,      ,       ,      ,      ,        ,        ,        ,        ,        ,        ,        ,        ,      
durnabi01, 1948,     1, MTL , NHL , G  , 60.0,  0.0,   0.0,   0.0,   0.0,      ,     ,     ,     ,     ,     ,    ,      ,    7.0,   0.0,   0.0,     0.0,     0.0,        ,        ,        ,        ,        ,        ,      
durnabi01, 1949,     1, MTL , NHL , G  , 64.0,  0.0,   1.0,   1.0,   2.0,      ,     ,     ,     ,     ,     ,    ,      ,    3.0,   0.0,   0.0,     0.0,     0.0,        ,        ,        ,        ,        ,        ,      
durnoch01, 2008,     1, COL , NHL , L  ,  2.0,  0.0,   0.0,   0.0,   0.0, 0.0  ,  0.0,  0.0,  0.0,  0.0,  0.0,    ,   3.0,       ,      ,      ,        ,        ,        ,        ,        ,        ,        ,        ,      
durnoch01, 2009,     1, COL , NHL , L  , 41.0,  4.0,   4.0,   8.0,  47.0, 3.0  ,  0.0,  0.0,  0.0,  0.0,  0.0,    ,  27.0,    1.0,   0.0,   0.0,     0.0,     0.0, 0.0    ,     0.0,     0.0,     0.0,     0.0,     0.0,     0.0
dusabbe01, 2003,     1, NYR , NHL , C  ,  3.0,  0.0,   0.0,   0.0,   2.0, -1.0 ,  0.0,  0.0,  0.0,  0.0,  0.0, 0.0,   3.0,       ,      ,      ,        ,        ,        ,        ,        ,        ,        ,        ,      
dussano01, 1947,     1, MTL , NHL , C  , 28.0,  5.0,  10.0,  15.0,   4.0,      ,     ,     ,     ,     ,     ,    ,      ,       ,      ,      ,        ,        ,        ,        ,        ,        ,        ,        ,      
dussano01, 1948,     1, MTL , NHL , C  , 47.0,  9.0,   8.0,  17.0,   6.0,      ,     ,     ,     ,     ,     ,    ,      ,    2.0,   0.0,   0.0,     0.0,     0.0,        ,        ,        ,        ,        ,        ,      
dussano01, 1949,     1, MTL , NHL , C  , 67.0, 13.0,  24.0,  37.0,  22.0,      ,     ,     ,     ,     ,     ,    ,      ,    5.0,   3.0,   1.0,     4.0,     0.0,        ,        ,        ,        ,        ,        ,      
dussano01, 1950,     1, MTL , NHL , C  , 64.0,  4.0,  20.0,  24.0,  15.0,      ,     ,     ,     ,     ,     ,    ,      ,       ,      ,      ,        ,        ,        ,        ,        ,        ,        ,        ,      
duttore01, 1921,     1, CAT , WCHL, D  , 22.0, 15.0,   6.0,  21.0,  73.0,      ,     ,     ,     ,     ,     ,    ,      ,    2.0,   0.0,   0.0,     0.0,     2.0,        ,        ,        ,        ,        ,        ,      
duttore01, 1922,     1, CAT , WCHL, D  , 18.0,  2.0,   4.0,   6.0,  24.0,      ,     ,     ,     ,     ,     ,    ,      ,       ,      ,      ,        ,        ,        ,        ,        ,        ,        ,        ,      
duttore01, 1923,     1, CAT , WCHL, D  , 30.0,  6.0,   7.0,  13.0,  54.0,      ,     ,     ,     ,     ,     ,    ,      ,    5.0,   1.0,   1.0,     2.0,     4.0,        ,        ,        ,        ,        ,        ,      
duttore01, 1924,     1, CAT , WCHL, D  , 23.0,  8.0,   4.0,  12.0,  72.0,      ,     ,     ,     ,     ,     ,    ,      ,    2.0,   0.0,   0.0,     0.0,     8.0,        ,        ,        ,        ,        ,        ,      
duttore01, 1925,     1, CAT , WCHL, D  , 30.0, 10.0,   5.0,  15.0,  87.0,      ,     ,     ,     ,     ,     ,    ,      ,       ,      ,      ,        ,        ,        ,        ,        ,        ,        ,        ,      
duttore01, 1926,     1, MTM , NHL , D  , 44.0,  4.0,   4.0,   8.0, 108.0,      ,     ,     ,     ,     ,     ,    ,      ,    2.0,   0.0,   0.0,     0.0,     4.0,        ,        ,        ,        ,        ,        ,      
duttore01, 1927,     1, MTM , NHL , D  , 42.0,  7.0,   6.0,  13.0,  94.0,      ,     ,     ,     ,     ,     ,    ,      ,    9.0,   1.0,   0.0,     1.0,    29.0,        ,        ,        ,        ,        ,        ,      
duttore01, 1928,     1, MTM , NHL , D  , 44.0,  1.0,   3.0,   4.0, 139.0,      ,     ,     ,     ,     ,     ,    ,      ,       ,      ,      ,        ,        ,        ,        ,        ,        ,        ,        ,      
duttore01, 1929,     1, MTM , NHL , D  , 43.0,  3.0,  13.0,  16.0,  98.0,      ,     ,     ,     ,     ,     ,    ,      ,    4.0,   0.0,   0.0,     0.0,     4.0,        ,        ,        ,        ,        ,        ,      
duttore01, 1930,     1, NYA , NHL , D  , 44.0,  1.0,  11.0,  12.0,  71.0,      ,     ,     ,     ,     ,     ,    ,      ,       ,      ,      ,        ,        ,        ,        ,        ,        ,        ,        ,      
duttore01, 1931,     1, NYA , NHL , D  , 47.0,  3.0,   5.0,   8.0, 107.0,      ,     ,     ,     ,     ,     ,    ,      ,       ,      ,      ,        ,        ,        ,        ,        ,        ,        ,        ,      
duttore01, 1932,     1, NYA , NHL , D  , 43.0,  0.0,   2.0,   2.0,  74.0,      ,     ,     ,     ,     ,     ,    ,      ,       ,      ,      ,        ,        ,        ,        ,        ,        ,        ,        ,      
duttore01, 1933,     1, NYA , NHL , D  , 48.0,  2.0,   8.0,  10.0,  65.0,      ,     ,     ,     ,     ,     ,    ,      ,       ,      ,      ,        ,        ,        ,        ,        ,        ,        ,        ,      
duttore01, 1934,     1, NYA , NHL , D  , 48.0,  3.0,   7.0,  10.0,  46.0,      ,     ,     ,     ,     ,     ,    ,      ,       ,      ,      ,        ,        ,        ,        ,        ,        ,        ,        ,      
duttore01, 1935,     1, NYA , NHL , D  , 46.0,  5.0,   8.0,  13.0,  69.0,      ,     ,     ,     ,     ,     ,    ,      ,    3.0,   0.0,   0.0,     0.0,     0.0,        ,        ,        ,        ,        ,        ,      
dvorami01, 1982,     1, PHI , NHL , D  , 80.0,  4.0,  33.0,  37.0,  20.0, 27.0 ,  2.0,     ,  1.0,     ,  0.0, 0.0, 112.0,    3.0,   0.0,   1.0,     1.0,     0.0,        ,     0.0,        ,     0.0,        ,     0.0,      
dvorami01, 1983,     1, PHI , NHL , D  , 66.0,  4.0,  27.0,  31.0,  27.0, 19.0 ,  0.0,     ,  1.0,     ,  0.0, 1.0,  85.0,    2.0,   0.0,   0.0,     0.0,     2.0, -5.0   ,     0.0,        ,     0.0,        ,     0.0,     3.0
dvorami01, 1984,     1, PHI , NHL , D  , 47.0,  3.0,  14.0,  17.0,   4.0, 12.0 ,  0.0,     ,  1.0,     ,  1.0, 0.0,  51.0,   13.0,   0.0,   1.0,     1.0,     4.0, -1.0   ,     0.0,        ,     0.0,        ,     0.0,     4.0
dvorara01, 1995,     1, FLO , NHL , R  , 77.0, 13.0,  14.0,  27.0,  20.0, 5.0  ,  0.0,  1.0,  0.0,  0.0,  4.0, 0.0, 126.0,   16.0,   1.0,   3.0,     4.0,     0.0, 2.0    ,     0.0,     0.0,     0.0,     0.0,     0.0,    36.0
dvorara01, 1996,     1, FLO , NHL , L  , 78.0, 18.0,  21.0,  39.0,  30.0, -2.0 ,  2.0,  5.0,  0.0,  0.0,  1.0, 0.0, 139.0,    3.0,   0.0,   0.0,     0.0,     0.0, 0.0    ,     0.0,     0.0,     0.0,     0.0,     0.0,     1.0
dvorara01, 1997,     1, FLO , NHL , L  , 64.0, 12.0,  24.0,  36.0,  33.0, -1.0 ,  2.0,  2.0,  3.0,  2.0,  0.0, 1.0, 112.0,       ,      ,      ,        ,        ,        ,        ,        ,        ,        ,        ,      
dvorara01, 1998,     1, FLO , NHL , R  , 82.0, 19.0,  24.0,  43.0,  29.0, 7.0  ,  0.0,  3.0,  4.0,  0.0,  0.0, 0.0, 182.0,       ,      ,      ,        ,        ,        ,        ,        ,        ,        ,        ,      
dvorara01, 1999,     1, FLO , NHL , R  , 35.0,  7.0,  10.0,  17.0,   6.0, 5.0  ,  0.0,  1.0,  0.0,  1.0,  1.0, 0.0,  67.0,       ,      ,      ,        ,        ,        ,        ,        ,        ,        ,        ,      
dvorara01, 1999,     2, NYR , NHL , R  , 46.0, 11.0,  22.0,  33.0,  10.0, 0.0  ,  2.0,  8.0,  1.0,  2.0,  0.0, 0.0,  90.0,       ,      ,      ,        ,        ,        ,        ,        ,        ,        ,        ,      
dvorara01, 2000,     1, NYR , NHL , R  , 82.0, 31.0,  36.0,  67.0,  20.0, 9.0  ,  5.0,  8.0,  2.0,  2.0,  3.0, 0.0, 230.0,       ,      ,      ,        ,        ,        ,        ,        ,        ,        ,        ,      
dvorara01, 2001,     1, NYR , NHL , R  , 65.0, 17.0,  20.0,  37.0,  14.0, -20.0,  3.0,  9.0,  3.0,  0.0,  1.0, 0.0, 210.0,       ,      ,      ,        ,        ,        ,        ,        ,        ,        ,        ,      
dvorara01, 2002,     1, NYR , NHL , R  , 63.0,  6.0,  21.0,  27.0,  16.0, -3.0 ,  2.0,  3.0,  0.0,  2.0,  0.0, 0.0, 134.0,       ,      ,      ,        ,        ,        ,        ,        ,        ,        ,        ,      
dvorara01, 2002,     2, EDM , NHL , R  , 12.0,  4.0,   4.0,   8.0,  14.0, -3.0 ,  1.0,  3.0,  0.0,  0.0,  0.0, 1.0,  32.0,    4.0,   1.0,   0.0,     1.0,     0.0, 0.0    ,     0.0,     0.0,     0.0,     0.0,     1.0,    10.0
dvorara01, 2003,     1, EDM , NHL , R  , 78.0, 15.0,  35.0,  50.0,  26.0, 18.0 ,  6.0,  2.0,  0.0,  0.0,  0.0, 2.0, 188.0,       ,      ,      ,        ,        ,        ,        ,        ,        ,        ,        ,      
dvorara01, 2005,     1, EDM , NHL , R  , 64.0,  8.0,  20.0,  28.0,  26.0, -2.0 ,  2.0,  0.0,  0.0,  1.0,  2.0,    , 131.0,   16.0,   0.0,   2.0,     2.0,     4.0, -1.0   ,     0.0,     1.0,     0.0,     0.0,     0.0,    32.0
dvorara01, 2006,     1, STL , NHL , R  , 82.0, 10.0,  27.0,  37.0,  48.0, -6.0 ,  1.0,  8.0,  1.0,  0.0,  1.0,    , 139.0,       ,      ,      ,        ,        ,        ,        ,        ,        ,        ,        ,      
dvorara01, 2007,     1, FLO , NHL , R  , 67.0,  8.0,   9.0,  17.0,  16.0, -1.0 ,  0.0,  0.0,  1.0,  1.0,  1.0,    , 146.0,       ,      ,      ,        ,        ,        ,        ,        ,        ,        ,        ,      
dvorara01, 2008,     1, FLO , NHL , R  , 81.0, 15.0,  21.0,  36.0,  42.0, 0.0  ,  0.0,  0.0,  4.0,  0.0,  3.0,    , 136.0,       ,      ,      ,        ,        ,        ,        ,        ,        ,        ,        ,      
dvorara01, 2009,     1, FLO , NHL , R  , 76.0, 14.0,  18.0,  32.0,  20.0, -7.0 ,  1.0,  2.0,  3.0,  0.0,  1.0,    , 140.0,       ,      ,      ,        ,        ,        ,        ,        ,        ,        ,        ,      
dwyergo01, 1999,     1, TBL , NHL , L  , 24.0,  0.0,   1.0,   1.0, 135.0, -6.0 ,  0.0,  0.0,  0.0,  0.0,  0.0, 0.0,   7.0,       ,      ,      ,        ,        ,        ,        ,        ,        ,        ,        ,      
dwyergo01, 2000,     1, TBL , NHL , L  , 28.0,  0.0,   1.0,   1.0,  96.0, -7.0 ,  0.0,  0.0,  0.0,  0.0,  0.0, 0.0,  12.0,       ,      ,      ,        ,        ,        ,        ,        ,        ,        ,        ,      
dwyergo01, 2001,     1, TBL , NHL , L  , 26.0,  0.0,   2.0,   2.0,  60.0, -4.0 ,  0.0,  0.0,  0.0,  0.0,  0.0, 0.0,   6.0,       ,      ,      ,        ,        ,        ,        ,        ,        ,        ,        ,      
dwyergo01, 2002,     1, NYR , NHL , L  , 17.0,  0.0,   1.0,   1.0,  50.0, -1.0 ,  0.0,  1.0,  0.0,  0.0,  0.0, 0.0,   8.0,       ,      ,      ,        ,        ,        ,        ,        ,        ,        ,        ,      
dwyergo01, 2002,     2, MTL , NHL , L  , 11.0,  0.0,   0.0,   0.0,  46.0, -2.0 ,  0.0,  0.0,  0.0,  0.0,  0.0, 0.0,   2.0,       ,      ,      ,        ,        ,        ,        ,        ,        ,        ,        ,      
dwyergo01, 2003,     1, MTL , NHL , L  ,  2.0,  0.0,   0.0,   0.0,   7.0, 0.0  ,  0.0,  0.0,  0.0,  0.0,  0.0, 0.0,   0.0,       ,      ,      ,        ,        ,        ,        ,        ,        ,        ,        ,      
dwyermi01, 1978,     1, COR , NHL , L  , 12.0,  2.0,   3.0,   5.0,   2.0, -4.0 ,  0.0,     ,  0.0,     ,  0.0, 0.0,  10.0,       ,      ,      ,        ,        ,        ,        ,        ,        ,        ,        ,      
dwyermi01, 1979,     1, COR , NHL , L  , 10.0,  0.0,   0.0,   0.0,  19.0, -5.0 ,  0.0,     ,  0.0,     ,  0.0, 0.0,  12.0,       ,      ,      ,        ,        ,        ,        ,        ,        ,        ,        ,      
dwyermi01, 1980,     1, CAL , NHL , L  ,  4.0,  0.0,   1.0,   1.0,   4.0, -1.0 ,  0.0,     ,  0.0,     ,  0.0, 0.0,   6.0,    1.0,   1.0,   0.0,     1.0,     0.0,        ,     0.0,        ,     0.0,        ,     0.0,      
dwyermi01, 1981,     1, CAL , NHL , L  ,  5.0,  0.0,   2.0,   2.0,   0.0, 0.0  ,  0.0,     ,  0.0,     ,  0.0, 0.0,   5.0,       ,      ,      ,        ,        ,        ,        ,        ,        ,        ,        ,      
dwyerpa01, 2008,     1, CAR , NHL , R  , 13.0,  1.0,   0.0,   1.0,   0.0, -2.0 ,  0.0,  0.0,  0.0,  0.0,  0.0,    ,   9.0,    2.0,   0.0,   1.0,     1.0,     0.0, 1.0    ,     0.0,     0.0,     0.0,     0.0,     0.0,     0.0
dwyerpa01, 2009,     1, CAR , NHL , R  , 58.0,  7.0,   5.0,  12.0,   6.0, -3.0 ,  0.0,  0.0,  0.0,  1.0,  2.0,    ,  80.0,       ,      ,      ,        ,        ,        ,        ,        ,        ,        ,        ,      
dycked01 , 1971,     1, VAN , NHL , G  , 12.0,  0.0,   0.0,   0.0,   0.0, 0.0  ,  0.0,     ,  0.0,     ,  0.0, 0.0,   0.0,       ,      ,      ,        ,        ,        ,        ,        ,        ,        ,        ,      
dycked01 , 1972,     1, VAN , NHL , G  , 25.0,  0.0,   0.0,   0.0,   0.0, 0.0  ,  0.0,     ,  0.0,     ,  0.0, 0.0,   0.0,       ,      ,      ,        ,        ,        ,        ,        ,        ,        ,        ,      
dycked01 , 1973,     1, VAN , NHL , G  , 12.0,  0.0,   0.0,   0.0,   0.0, 0.0  ,  0.0,     ,  0.0,     ,  0.0, 0.0,   0.0,       ,      ,      ,        ,        ,        ,        ,        ,        ,        ,        ,      
dycked01 , 1974,     1, IND , WHA , G  , 32.0,  0.0,   0.0,   0.0,   6.0,      ,  0.0,     ,  0.0,     ,  0.0,    ,   0.0,       ,      ,      ,        ,        ,        ,        ,        ,        ,        ,        ,      
dyckhe01 , 1943,     1, NYR , NHL , C  ,  1.0,  0.0,   0.0,   0.0,   0.0,      ,     ,     ,     ,     ,     ,    ,      ,       ,      ,      ,        ,        ,        ,        ,        ,        ,        ,        ,      
dyeba01  , 1919,     1, TRS , NHL , R  , 23.0, 11.0,   3.0,  14.0,  10.0,      ,     ,     ,     ,     ,     ,    ,      ,       ,      ,      ,        ,        ,        ,        ,        ,        ,        ,        ,      
dyeba01  , 1920,     1, HAM , NHL , R  ,  1.0,  2.0,   0.0,   2.0,   0.0,      ,     ,     ,     ,     ,     ,    ,      ,       ,      ,      ,        ,        ,        ,        ,        ,        ,        ,        ,      
dyeba01  , 1920,     2, TRS , NHL , R  , 23.0, 33.0,   5.0,  38.0,  32.0,      ,     ,     ,     ,     ,     ,    ,      ,    2.0,   0.0,   0.0,     0.0,     7.0,        ,        ,        ,        ,        ,        ,      
dyeba01  , 1921,     1, TRS , NHL , R  , 24.0, 31.0,   7.0,  38.0,  39.0,      ,     ,     ,     ,     ,     ,    ,      ,    2.0,   2.0,   0.0,     2.0,     2.0,        ,        ,        ,        ,        ,        ,      
dyeba01  , 1922,     1, TRS , NHL , R  , 22.0, 26.0,  11.0,  37.0,  19.0,      ,     ,     ,     ,     ,     ,    ,      ,       ,      ,      ,        ,        ,        ,        ,        ,        ,        ,        ,      
dyeba01  , 1923,     1, TRS , NHL , R  , 19.0, 16.0,   3.0,  19.0,  23.0,      ,     ,     ,     ,     ,     ,    ,      ,       ,      ,      ,        ,        ,        ,        ,        ,        ,        ,        ,      
dyeba01  , 1924,     1, TRS , NHL , R  , 29.0, 38.0,   8.0,  46.0,  41.0,      ,     ,     ,     ,     ,     ,    ,      ,    2.0,   0.0,   0.0,     0.0,     0.0,        ,        ,        ,        ,        ,        ,      
dyeba01  , 1925,     1, TRS , NHL , R  , 31.0, 18.0,   5.0,  23.0,  26.0,      ,     ,     ,     ,     ,     ,    ,      ,       ,      ,      ,        ,        ,        ,        ,        ,        ,        ,        ,      
dyeba01  , 1926,     1, CHI , NHL , R  , 41.0, 25.0,   5.0,  30.0,  14.0,      ,     ,     ,     ,     ,     ,    ,      ,    2.0,   0.0,   0.0,     0.0,     2.0,        ,        ,        ,        ,        ,        ,      
dyeba01  , 1927,     1, CHI , NHL , R  , 10.0,  0.0,   0.0,   0.0,   0.0,      ,     ,     ,     ,     ,     ,    ,      ,       ,      ,      ,        ,        ,        ,        ,        ,        ,        ,        ,      
dyeba01  , 1928,     1, NYA , NHL , R  , 42.0,  1.0,   0.0,   1.0,  17.0,      ,     ,     ,     ,     ,     ,    ,      ,    2.0,   0.0,   0.0,     0.0,     0.0,        ,        ,        ,        ,        ,        ,      
dyeba01  , 1930,     1, TOR , NHL , R  ,  6.0,  0.0,   0.0,   0.0,   0.0,      ,     ,     ,     ,     ,     ,    ,      ,       ,      ,      ,        ,        ,        ,        ,        ,        ,        ,        ,      
dykhuka01, 1991,     1, CHI , NHL , D  ,  6.0,  1.0,   3.0,   4.0,   4.0, -1.0 ,  1.0,  0.0,  0.0,  1.0,  0.0, 0.0,  12.0,       ,      ,      ,        ,        ,        ,        ,        ,        ,        ,        ,      
dykhuka01, 1992,     1, CHI , NHL , D  , 12.0,  0.0,   5.0,   5.0,   0.0, 2.0  ,  0.0,  1.0,  0.0,  0.0,  0.0, 0.0,  10.0,       ,      ,      ,        ,        ,        ,        ,        ,        ,        ,        ,      
dykhuka01, 1994,     1, PHI , NHL , D  , 33.0,  2.0,   6.0,   8.0,  37.0, 7.0  ,  1.0,  1.0,  0.0,  0.0,  1.0, 0.0,  46.0,   15.0,   4.0,   4.0,     8.0,    14.0, 2.0    ,     2.0,     0.0,     0.0,     0.0,     2.0,    17.0
dykhuka01, 1995,     1, PHI , NHL , D  , 82.0,  5.0,  15.0,  20.0, 101.0, 12.0 ,  1.0,  7.0,  0.0,  0.0,  0.0, 0.0, 104.0,   12.0,   2.0,   2.0,     4.0,    22.0, 6.0    ,     1.0,     1.0,     0.0,     0.0,     0.0,    18.0
dykhuka01, 1996,     1, PHI , NHL , D  , 62.0,  4.0,  15.0,  19.0,  35.0, 6.0  ,  2.0,  3.0,  0.0,  0.0,  1.0, 0.0, 101.0,   18.0,   0.0,   3.0,     3.0,     2.0, 1.0    ,     0.0,     1.0,     0.0,     1.0,     0.0,    15.0
dykhuka01, 1997,     1, TBL , NHL , D  , 78.0,  5.0,   9.0,  14.0, 110.0, -8.0 ,  0.0,  1.0,  1.0,  0.0,  0.0, 0.0,  91.0,       ,      ,      ,        ,        ,        ,        ,        ,        ,        ,        ,      
dykhuka01, 1998,     1, TBL , NHL , D  , 33.0,  2.0,   1.0,   3.0,  18.0, -21.0,  0.0,  0.0,  0.0,  1.0,  0.0, 0.0,  27.0,       ,      ,      ,        ,        ,        ,        ,        ,        ,        ,        ,      
dykhuka01, 1998,     2, PHI , NHL , D  , 45.0,  2.0,   4.0,   6.0,  32.0, -2.0 ,  1.0,  1.0,  0.0,  0.0,  0.0, 0.0,  61.0,    5.0,   1.0,   0.0,     1.0,     4.0, 1.0    ,     0.0,     0.0,     0.0,     0.0,     0.0,    12.0
dykhuka01, 1999,     1, PHI , NHL , D  ,  5.0,  0.0,   1.0,   1.0,   6.0, -2.0 ,  0.0,  0.0,  0.0,  0.0,  0.0, 0.0,   5.0,       ,      ,      ,        ,        ,        ,        ,        ,        ,        ,        ,      
dykhuka01, 1999,     2, MTL , NHL , D  , 67.0,  7.0,  12.0,  19.0,  40.0, -3.0 ,  3.0,  4.0,  1.0,  0.0,  0.0, 0.0,  64.0,       ,      ,      ,        ,        ,        ,        ,        ,        ,        ,        ,      
dykhuka01, 2000,     1, MTL , NHL , D  , 67.0,  8.0,   9.0,  17.0,  44.0, 9.0  ,  2.0,  1.0,  0.0,  1.0,  1.0, 0.0,  66.0,       ,      ,      ,        ,        ,        ,        ,        ,        ,        ,        ,      
dykhuka01, 2001,     1, MTL , NHL , D  , 80.0,  5.0,   7.0,  12.0,  32.0, 16.0 ,  0.0,  0.0,  0.0,  0.0,  1.0, 0.0,  85.0,   12.0,   1.0,   1.0,     2.0,     8.0, 2.0    ,     0.0,     0.0,     0.0,     0.0,     0.0,    11.0
dykhuka01, 2002,     1, MTL , NHL , D  , 65.0,  1.0,   4.0,   5.0,  34.0, -5.0 ,  0.0,  0.0,  0.0,  0.0,  0.0, 0.0,  24.0,       ,      ,      ,        ,        ,        ,        ,        ,        ,        ,        ,      
dykhuka01, 2003,     1, MTL , NHL , D  ,  9.0,  0.0,   0.0,   0.0,   2.0, -2.0 ,  0.0,  0.0,  0.0,  0.0,  0.0, 0.0,   6.0,       ,      ,      ,        ,        ,        ,        ,        ,        ,        ,        ,      
dykstst01, 1985,     1, BUF , NHL , D  , 64.0,  4.0,  21.0,  25.0, 108.0, 1.0  ,  1.0,     ,  1.0,     ,  0.0, 0.0,  70.0,       ,      ,      ,        ,        ,        ,        ,        ,        ,        ,        ,      
dykstst01, 1986,     1, BUF , NHL , D  , 37.0,  0.0,   1.0,   1.0, 179.0, -7.0 ,  0.0,     ,  0.0,     ,  0.0, 0.0,  21.0,       ,      ,      ,        ,        ,        ,        ,        ,        ,        ,        ,      
dykstst01, 1987,     1, BUF , NHL , D  , 27.0,  1.0,   1.0,   2.0,  91.0, 0.0  ,  0.0,  0.0,  0.0,  0.0,  0.0, 0.0,  11.0,       ,      ,      ,        ,        ,        ,        ,        ,        ,        ,        ,      
dykstst01, 1987,     2, EDM , NHL , D  , 15.0,  2.0,   3.0,   5.0,  39.0, 1.0  ,  0.0,  0.0,  0.0,  0.0,  0.0, 0.0,  15.0,       ,      ,      ,        ,        ,        ,        ,        ,        ,        ,        ,      
dykstst01, 1988,     1, PIT , NHL , D  , 65.0,  1.0,   6.0,   7.0, 126.0, -12.0,  0.0,  0.0,  0.0,  1.0,  0.0, 0.0,  38.0,    1.0,   0.0,   0.0,     0.0,     2.0, 0.0    ,     0.0,     0.0,     0.0,     0.0,     0.0,     1.0
dykstst01, 1989,     1, HAR , NHL , D  ,  9.0,  0.0,   0.0,   0.0,   2.0, 2.0  ,  0.0,  0.0,  0.0,  0.0,  0.0, 0.0,  10.0,       ,      ,      ,        ,        ,        ,        ,        ,        ,        ,        ,      
dyteja01 , 1943,     1, CHI , NHL , D  , 27.0,  1.0,   0.0,   1.0,  31.0,      ,     ,     ,     ,     ,     ,    ,      ,       ,      ,      ,        ,        ,        ,        ,        ,        ,        ,        ,      
dziedjo01, 1995,     1, PIT , NHL , L  , 69.0,  5.0,   5.0,  10.0,  68.0, -5.0 ,  0.0,  0.0,  0.0,  0.0,  3.0, 0.0,  44.0,   16.0,   1.0,   2.0,     3.0,    19.0, 1.0    ,     0.0,     0.0,     0.0,     0.0,     0.0,     6.0
dziedjo01, 1996,     1, PIT , NHL , L  , 59.0,  9.0,   9.0,  18.0,  63.0, -4.0 ,  0.0,  0.0,  0.0,  0.0,  1.0, 0.0,  85.0,    5.0,   0.0,   1.0,     1.0,     4.0, -1.0   ,     0.0,     0.0,     0.0,     0.0,     0.0,     5.0
dziedjo01, 1998,     1, PHO , NHL , L  ,  2.0,  0.0,   0.0,   0.0,   0.0, -2.0 ,  0.0,  0.0,  0.0,  0.0,  0.0, 0.0,   1.0,       ,      ,      ,        ,        ,        ,        ,        ,        ,        ,        ,      
dzurivl01, 1977,     1, CZE , WHA , G  ,  3.0,  0.0,   0.0,   0.0,   0.0,      ,  0.0,     ,  0.0,     ,  0.0,    ,      ,       ,      ,      ,        ,        ,        ,        ,        ,        ,        ,        ,      
eagerbe01, 2005,     1, PHI , NHL , L  , 25.0,  3.0,   5.0,   8.0,  18.0, 0.0  ,  0.0,  0.0,  0.0,  0.0,  0.0,    ,  21.0,    2.0,   0.0,   0.0,     0.0,    26.0, -4.0   ,     0.0,     0.0,     0.0,     0.0,     0.0,     3.0
eagerbe01, 2006,     1, PHI , NHL , L  , 63.0,  6.0,   5.0,  11.0, 233.0, -13.0,  0.0,  0.0,  0.0,  0.0,  0.0,    ,  48.0,       ,      ,      ,        ,        ,        ,        ,        ,        ,        ,        ,      
eagerbe01, 2007,     1, PHI , NHL , L  , 23.0,  0.0,   0.0,   0.0,  62.0, -8.0 ,  0.0,  0.0,  0.0,  0.0,  0.0,    ,  11.0,       ,      ,      ,        ,        ,        ,        ,        ,        ,        ,        ,      
eagerbe01, 2007,     2, CHI , NHL , L  ,  9.0,  0.0,   2.0,   2.0,  27.0, -1.0 ,  0.0,  0.0,  0.0,  0.0,  0.0,    ,   5.0,       ,      ,      ,        ,        ,        ,        ,        ,        ,        ,        ,      
eagerbe01, 2008,     1, CHI , NHL , L  , 75.0, 11.0,   4.0,  15.0, 161.0, 1.0  ,  0.0,  0.0,  0.0,  0.0,  0.0,    ,  80.0,   17.0,   1.0,   1.0,     2.0,    61.0, -1.0   ,     0.0,     0.0,     0.0,     0.0,     1.0,    15.0
eagerbe01, 2009,     1, CHI , NHL , L  , 60.0,  7.0,   9.0,  16.0, 120.0, 9.0  ,  0.0,  0.0,  0.0,  0.0,  2.0,    ,  68.0,   18.0,   1.0,   2.0,     3.0,    20.0, 2.0    ,     0.0,     0.0,     0.0,     0.0,     1.0,    13.0
eaglemi01, 1982,     1, QUE , NHL , C  ,  2.0,  0.0,   0.0,   0.0,   2.0, -1.0 ,  0.0,     ,  0.0,     ,  0.0, 0.0,   1.0,       ,      ,      ,        ,        ,        ,        ,        ,        ,        ,        ,      
eaglemi01, 1985,     1, QUE , NHL , L  , 73.0, 11.0,  12.0,  23.0,  49.0, 3.0  ,  1.0,     ,  0.0,     ,  1.0, 1.0,  68.0,    3.0,   0.0,   0.0,     0.0,     2.0, -1.0   ,     0.0,        ,     0.0,        ,     0.0,     4.0
eaglemi01, 1986,     1, QUE , NHL , L  , 73.0, 13.0,  19.0,  32.0,  55.0, -15.0,  0.0,     ,  2.0,     ,  2.0, 0.0,  95.0,    4.0,   1.0,   0.0,     1.0,    10.0, -1.0   ,     0.0,        ,     0.0,        ,     0.0,     4.0
eaglemi01, 1987,     1, QUE , NHL , L  , 76.0, 10.0,  10.0,  20.0,  74.0, -18.0,  1.0,  0.0,  2.0,  0.0,  2.0, 0.0,  89.0,       ,      ,      ,        ,        ,        ,        ,        ,        ,        ,        ,      
eaglemi01, 1988,     1, CHI , NHL , C  , 47.0,  5.0,  11.0,  16.0,  44.0, -8.0 ,  0.0,  0.0,  0.0,  2.0,  0.0, 0.0,  39.0,       ,      ,      ,        ,        ,        ,        ,        ,        ,        ,        ,      
eaglemi01, 1989,     1, CHI , NHL , C  , 23.0,  1.0,   2.0,   3.0,  34.0, -4.0 ,  0.0,  0.0,  0.0,  0.0,  0.0, 0.0,  23.0,       ,      ,      ,        ,        ,        ,        ,        ,        ,        ,        ,      
eaglemi01, 1990,     1, WIN , NHL , C  , 44.0,  0.0,   9.0,   9.0,  79.0, -10.0,  0.0,  0.0,  0.0,  0.0,  0.0, 0.0,  51.0,       ,      ,      ,        ,        ,        ,        ,        ,        ,        ,        ,      
eaglemi01, 1991,     1, WIN , NHL , C  , 65.0,  7.0,  10.0,  17.0, 118.0, -17.0,  0.0,  0.0,  1.0,  2.0,  0.0, 0.0,  60.0,    7.0,   0.0,   0.0,     0.0,     8.0, -5.0   ,     0.0,     0.0,     0.0,     0.0,     0.0,     5.0
eaglemi01, 1992,     1, WIN , NHL , C  , 84.0,  8.0,  18.0,  26.0, 131.0, -1.0 ,  1.0,  0.0,  0.0,  0.0,  1.0, 0.0,  67.0,    5.0,   0.0,   1.0,     1.0,     6.0, -2.0   ,     0.0,     0.0,     0.0,     0.0,     0.0,     6.0
eaglemi01, 1993,     1, WIN , NHL , C  , 73.0,  4.0,   8.0,  12.0,  96.0, -20.0,  0.0,  0.0,  1.0,  1.0,  0.0, 0.0,  53.0,       ,      ,      ,        ,        ,        ,        ,        ,        ,        ,        ,      
eaglemi01, 1994,     1, WIN , NHL , C  , 27.0,  2.0,   1.0,   3.0,  40.0, -13.0,  0.0,  0.0,  0.0,  0.0,  0.0, 0.0,  13.0,       ,      ,      ,        ,        ,        ,        ,        ,        ,        ,        ,      
eaglemi01, 1994,     2, WAS , NHL , C  , 13.0,  1.0,   3.0,   4.0,   8.0, 2.0  ,  0.0,  1.0,  0.0,  1.0,  0.0, 0.0,  15.0,    7.0,   0.0,   2.0,     2.0,     4.0, 1.0    ,     0.0,     0.0,     0.0,     0.0,     0.0,     6.0
eaglemi01, 1995,     1, WAS , NHL , C  , 70.0,  4.0,   7.0,  11.0,  75.0, -1.0 ,  0.0,  0.0,  0.0,  2.0,  0.0, 0.0,  70.0,    6.0,   1.0,   1.0,     2.0,     2.0, 1.0    ,     0.0,     0.0,     0.0,     0.0,     0.0,    12.0
eaglemi01, 1996,     1, WAS , NHL , C  , 70.0,  1.0,   7.0,   8.0,  42.0, -4.0 ,  0.0,  0.0,  0.0,  1.0,  0.0, 0.0,  38.0,       ,      ,      ,        ,        ,        ,        ,        ,        ,        ,        ,      
eaglemi01, 1997,     1, WAS , NHL , L  , 36.0,  1.0,   3.0,   4.0,  16.0, -2.0 ,  0.0,  0.0,  0.0,  0.0,  0.0, 0.0,  25.0,   12.0,   0.0,   2.0,     2.0,     2.0, 1.0    ,     0.0,     0.0,     0.0,     0.0,     0.0,     7.0
eaglemi01, 1998,     1, WAS , NHL , C  , 52.0,  4.0,   2.0,   6.0,  50.0, -5.0 ,  0.0,  0.0,  0.0,  0.0,  0.0, 0.0,  41.0,       ,      ,      ,        ,        ,        ,        ,        ,        ,        ,        ,      
eaglemi01, 1999,     1, WAS , NHL , L  , 25.0,  2.0,   0.0,   2.0,  15.0, -7.0 ,  0.0,  0.0,  0.0,  0.0,  1.0, 0.0,  13.0,       ,      ,      ,        ,        ,        ,        ,        ,        ,        ,        ,      
eakinbr01, 1981,     1, CAL , NHL , C  ,  1.0,  0.0,   0.0,   0.0,   0.0, -2.0 ,  0.0,     ,  0.0,     ,  0.0, 0.0,   0.0,       ,      ,      ,        ,        ,        ,        ,        ,        ,        ,        ,      
eakinbr01, 1983,     1, CAL , NHL , C  ,  7.0,  2.0,   1.0,   3.0,   4.0, -1.0 ,  0.0,     ,  0.0,     ,  0.0, 0.0,   8.0,       ,      ,      ,        ,        ,        ,        ,        ,        ,        ,        ,      
eakinbr01, 1984,     1, CAL , NHL , C  ,  1.0,  0.0,   0.0,   0.0,   0.0, 0.0  ,  0.0,     ,  0.0,     ,  0.0, 0.0,   0.0,       ,      ,      ,        ,        ,        ,        ,        ,        ,        ,        ,      
eakinbr01, 1985,     1, DET , NHL , C  ,  4.0,  0.0,   1.0,   1.0,   0.0, -4.0 ,  0.0,     ,  0.0,     ,  0.0, 0.0,   1.0,       ,      ,      ,        ,        ,        ,        ,        ,        ,        ,        ,      
eakinda01, 1992,     1, WIN , NHL , D  , 14.0,  0.0,   2.0,   2.0,  38.0, 2.0  ,  0.0,  0.0,  0.0,  0.0,  0.0, 0.0,   9.0,       ,      ,      ,        ,        ,        ,        ,        ,        ,        ,        ,      
eakinda01, 1993,     1, FLO , NHL , D  ,  1.0,  0.0,   0.0,   0.0,   0.0, 0.0  ,  0.0,  0.0,  0.0,  0.0,  0.0, 0.0,   2.0,       ,      ,      ,        ,        ,        ,        ,        ,        ,        ,        ,      
eakinda01, 1994,     1, FLO , NHL , D  , 17.0,  0.0,   1.0,   1.0,  35.0, 2.0  ,  0.0,  0.0,  0.0,  1.0,  0.0, 0.0,   3.0,       ,      ,      ,        ,        ,        ,        ,        ,        ,        ,        ,      
eakinda01, 1995,     1, STL , NHL , D  , 16.0,  0.0,   1.0,   1.0,  34.0, -2.0 ,  0.0,  0.0,  0.0,  0.0,  0.0, 0.0,   6.0,       ,      ,      ,        ,        ,        ,        ,        ,        ,        ,        ,      
eakinda01, 1995,     2, WIN , NHL , D  ,  2.0,  0.0,   0.0,   0.0,   0.0, 1.0  ,  0.0,  0.0,  0.0,  0.0,  0.0, 0.0,   0.0,       ,      ,      ,        ,        ,        ,        ,        ,        ,        ,        ,      
eakinda01, 1996,     1, PHO , NHL , D  ,  4.0,  0.0,   0.0,   0.0,  10.0, -3.0 ,  0.0,  0.0,  0.0,  0.0,  0.0, 0.0,   2.0,       ,      ,      ,        ,        ,        ,        ,        ,        ,        ,        ,      
eakinda01, 1996,     2, NYR , NHL , D  ,  3.0,  0.0,   0.0,   0.0,   6.0, -1.0 ,  0.0,  0.0,  0.0,  0.0,  0.0, 0.0,   2.0,    4.0,   0.0,   0.0,     0.0,     4.0, -1.0   ,     0.0,     0.0,     0.0,     0.0,     0.0,     1.0
eakinda01, 1997,     1, FLO , NHL , D  , 23.0,  0.0,   1.0,   1.0,  44.0, 1.0  ,  0.0,  0.0,  0.0,  0.0,  0.0, 0.0,  16.0,       ,      ,      ,        ,        ,        ,        ,        ,        ,        ,        ,      
eakinda01, 1998,     1, TOR , NHL , D  , 18.0,  0.0,   2.0,   2.0,  24.0, 3.0  ,  0.0,  0.0,  0.0,  0.0,  0.0, 0.0,  11.0,    1.0,   0.0,   0.0,     0.0,     0.0, 0.0    ,     0.0,     0.0,     0.0,     0.0,     0.0,     0.0
eakinda01, 1999,     1, NYI , NHL , D  ,  2.0,  0.0,   1.0,   1.0,   2.0, 3.0  ,  0.0,  0.0,  0.0,  0.0,  0.0, 0.0,   4.0,       ,      ,      ,        ,        ,        ,        ,        ,        ,        ,        ,      
eakinda01, 2000,     1, CAL , NHL , D  , 17.0,  0.0,   1.0,   1.0,  11.0, -1.0 ,  0.0,  0.0,  0.0,  0.0,  0.0, 0.0,   4.0,       ,      ,      ,        ,        ,        ,        ,        ,        ,        ,        ,      
eakinda01, 2001,     1, CAL , NHL , D  ,  3.0,  0.0,   0.0,   0.0,   4.0, 1.0  ,  0.0,  0.0,  0.0,  0.0,  0.0, 0.0,   0.0,       ,      ,      ,        ,        ,        ,        ,        ,        ,        ,        ,      
earlro01 , 2007,     1, TOR , NHL , L  ,  9.0,  0.0,   1.0,   1.0,   0.0, -2.0 ,  0.0,  0.0,  0.0,  0.0,  0.0,    ,   9.0,       ,      ,      ,        ,        ,        ,        ,        ,        ,        ,        ,      
earlro01 , 2009,     1, MIN , NHL , L  , 32.0,  6.0,   0.0,   6.0,   6.0, 1.0  ,  0.0,  0.0,  0.0,  0.0,  0.0,    ,  29.0,       ,      ,      ,        ,        ,        ,        ,        ,        ,        ,        ,      
earlto01 , 1972,     1, NEW , WHA , R  , 77.0, 10.0,  13.0,  23.0,   4.0,      ,  0.0,     ,  4.0,     ,     ,    ,      ,   15.0,   2.0,   3.0,     5.0,    10.0,        ,     0.0,        ,     0.0,        ,     2.0,      
earlto01 , 1973,     1, NEW , WHA , R  , 78.0, 10.0,  10.0,  20.0,  29.0,      ,  0.0,     ,  0.0,     ,  1.0,    ,      ,    7.0,   0.0,   2.0,     2.0,     2.0,        ,        ,        ,        ,        ,     0.0,      
earlto01 , 1974,     1, NEW , WHA , R  , 72.0,  3.0,   8.0,  11.0,  20.0, -13.0,  0.0,     ,  1.0,     ,     ,    ,  52.0,    6.0,   1.0,   1.0,     2.0,    12.0,        ,        ,        ,        ,        ,     1.0,      
earlto01 , 1975,     1, NEW , WHA , R  , 66.0,  8.0,  11.0,  19.0,  26.0, -7.0 ,  0.0,     ,  6.0,     ,  2.0,    ,  63.0,   17.0,   0.0,   5.0,     5.0,     4.0, 0.0    ,        ,        ,        ,        ,        ,      
earlto01 , 1976,     1, NEW , WHA , R  , 54.0,  9.0,  14.0,  23.0,  37.0, -7.0 ,  0.0,     ,  1.0,     ,     ,    ,  69.0,    1.0,   0.0,   0.0,     0.0,     0.0, 0.0    ,     0.0,        ,     0.0,        ,     0.0,      
eastwmi01, 1991,     1, TOR , NHL , C  ,  9.0,  0.0,   2.0,   2.0,   4.0, -4.0 ,  0.0,  1.0,  0.0,  0.0,  0.0, 0.0,   6.0,       ,      ,      ,        ,        ,        ,        ,        ,        ,        ,        ,      
eastwmi01, 1992,     1, TOR , NHL , C  , 12.0,  1.0,   6.0,   7.0,  21.0, -2.0 ,  0.0,  1.0,  0.0,  0.0,  0.0, 0.0,  11.0,   10.0,   1.0,   2.0,     3.0,     8.0, -1.0   ,     0.0,     0.0,     0.0,     0.0,     0.0,     6.0
eastwmi01, 1993,     1, TOR , NHL , C  , 54.0,  8.0,  10.0,  18.0,  28.0, 2.0  ,  1.0,  4.0,  0.0,  0.0,  2.0, 0.0,  41.0,   18.0,   3.0,   2.0,     5.0,    12.0, -5.0   ,     1.0,     0.0,     0.0,     0.0,     1.0,    22.0
eastwmi01, 1994,     1, TOR , NHL , C  , 36.0,  5.0,   5.0,  10.0,  32.0, -12.0,  0.0,  1.0,  0.0,  0.0,  0.0, 0.0,  38.0,       ,      ,      ,        ,        ,        ,        ,        ,        ,        ,        ,      
eastwmi01, 1994,     2, WIN , NHL , C  , 13.0,  3.0,   6.0,   9.0,   4.0, 3.0  ,  0.0,  0.0,  0.0,  1.0,  0.0, 0.0,  17.0,       ,      ,      ,        ,        ,        ,        ,        ,        ,        ,        ,      
eastwmi01, 1995,     1, WIN , NHL , C  , 80.0, 14.0,  14.0,  28.0,  20.0, -14.0,  2.0,  1.0,  0.0,  0.0,  3.0, 1.0,  94.0,    6.0,   0.0,   1.0,     1.0,     2.0, -1.0   ,     0.0,     0.0,     0.0,     0.0,     0.0,     2.0
eastwmi01, 1996,     1, PHO , NHL , C  , 33.0,  1.0,   3.0,   4.0,   4.0, -3.0 ,  0.0,  0.0,  0.0,  0.0,  0.0, 0.0,  22.0,       ,      ,      ,        ,        ,        ,        ,        ,        ,        ,        ,      
eastwmi01, 1996,     2, NYR , NHL , C  , 27.0,  1.0,   7.0,   8.0,  10.0, 2.0  ,  0.0,  0.0,  0.0,  1.0,  0.0, 0.0,  22.0,   15.0,   1.0,   2.0,     3.0,    22.0, 0.0    ,     0.0,     0.0,     0.0,     0.0,     0.0,    19.0
eastwmi01, 1997,     1, NYR , NHL , C  , 48.0,  5.0,   5.0,  10.0,  16.0, -2.0 ,  0.0,  0.0,  0.0,  0.0,  0.0, 0.0,  34.0,       ,      ,      ,        ,        ,        ,        ,        ,        ,        ,        ,      
eastwmi01, 1997,     2, STL , NHL , C  , 10.0,  1.0,   0.0,   1.0,   6.0, 0.0  ,  0.0,  0.0,  0.0,  0.0,  1.0, 0.0,   4.0,    3.0,   1.0,   0.0,     1.0,     0.0, -1.0   ,     0.0,     0.0,     0.0,     0.0,     1.0,     4.0
eastwmi01, 1998,     1, STL , NHL , C  , 82.0,  9.0,  21.0,  30.0,  36.0, 6.0  ,  0.0,  0.0,  0.0,  0.0,  0.0, 0.0,  76.0,   13.0,   1.0,   1.0,     2.0,     6.0, 2.0    ,     0.0,     0.0,     0.0,     0.0,     0.0,     8.0
eastwmi01, 1999,     1, STL , NHL , C  , 79.0, 19.0,  15.0,  34.0,  32.0, 5.0  ,  1.0,  0.0,  3.0,  2.0,  3.0, 1.0,  83.0,    7.0,   1.0,   1.0,     2.0,     6.0, -2.0   ,     0.0,     0.0,     0.0,     0.0,     0.0,     6.0
eastwmi01, 2000,     1, STL , NHL , C  , 77.0,  6.0,  17.0,  23.0,  28.0, 4.0  ,  0.0,  1.0,  2.0,  5.0,  1.0, 0.0,  51.0,   15.0,   0.0,   2.0,     2.0,     2.0, 0.0    ,     0.0,     0.0,     0.0,     0.0,     0.0,     9.0
eastwmi01, 2001,     1, STL , NHL , C  , 71.0,  7.0,  10.0,  17.0,  41.0, -2.0 ,  0.0,  0.0,  0.0,  2.0,  2.0, 0.0,  60.0,   10.0,   0.0,   0.0,     0.0,     6.0, -1.0   ,     0.0,     0.0,     0.0,     0.0,     0.0,     5.0
eastwmi01, 2002,     1, STL , NHL , C  , 17.0,  1.0,   3.0,   4.0,   8.0, 1.0  ,  1.0,  1.0,  0.0,  0.0,  0.0, 0.0,   7.0,       ,      ,      ,        ,        ,        ,        ,        ,        ,        ,        ,      
eastwmi01, 2002,     2, CHI , NHL , C  , 53.0,  2.0,  10.0,  12.0,  24.0, -6.0 ,  0.0,  0.0,  0.0,  2.0,  0.0, 0.0,  32.0,       ,      ,      ,        ,        ,        ,        ,        ,        ,        ,        ,      
eastwmi01, 2003,     1, PIT , NHL , C  , 82.0,  4.0,  15.0,  19.0,  40.0, -18.0,  0.0,  0.0,  0.0,  2.0,  1.0, 0.0,  55.0,       ,      ,      ,        ,        ,        ,        ,        ,        ,        ,        ,      
eatonma01, 1999,     1, PHI , NHL , D  , 27.0,  1.0,   1.0,   2.0,   8.0, 1.0  ,  0.0,  1.0,  0.0,  0.0,  1.0, 0.0,  25.0,    7.0,   0.0,   0.0,     0.0,     0.0, -2.0   ,     0.0,     0.0,     0.0,     0.0,     0.0,     2.0
eatonma01, 2000,     1, NAS , NHL , D  , 34.0,  3.0,   8.0,  11.0,  14.0, 7.0  ,  1.0,  3.0,  0.0,  0.0,  1.0, 0.0,  32.0,       ,      ,      ,        ,        ,        ,        ,        ,        ,        ,        ,      
eatonma01, 2001,     1, NAS , NHL , D  , 58.0,  3.0,   5.0,   8.0,  24.0, -12.0,  0.0,  1.0,  0.0,  0.0,  0.0, 0.0,  52.0,       ,      ,      ,        ,        ,        ,        ,        ,        ,        ,        ,      
eatonma01, 2002,     1, NAS , NHL , D  , 50.0,  2.0,   7.0,   9.0,  22.0, 1.0  ,  0.0,  2.0,  0.0,  0.0,  0.0, 1.0,  52.0,       ,      ,      ,        ,        ,        ,        ,        ,        ,        ,        ,      
eatonma01, 2003,     1, NAS , NHL , D  , 75.0,  4.0,   9.0,  13.0,  26.0, 16.0 ,  0.0,  0.0,  0.0,  3.0,  1.0, 0.0,  82.0,    6.0,   0.0,   0.0,     0.0,     2.0, -2.0   ,     0.0,     0.0,     0.0,     0.0,     0.0,     6.0
eatonma01, 2005,     1, NAS , NHL , D  , 69.0,  3.0,   1.0,   4.0,  44.0, -2.0 ,  0.0,  0.0,  0.0,  1.0,  0.0,    ,  28.0,    5.0,   0.0,   0.0,     0.0,     8.0, 0.0    ,     0.0,     0.0,     0.0,     0.0,     0.0,     3.0
eatonma01, 2006,     1, PIT , NHL , D  , 35.0,  0.0,   3.0,   3.0,  16.0, -6.0 ,  0.0,  0.0,  0.0,  1.0,  0.0,    ,  22.0,    5.0,   0.0,   0.0,     0.0,     0.0, -1.0   ,     0.0,     0.0,     0.0,     0.0,     0.0,     3.0
eatonma01, 2007,     1, PIT , NHL , D  , 36.0,  0.0,   3.0,   3.0,   4.0, 6.0  ,  0.0,  0.0,  0.0,  0.0,  0.0,    ,  28.0,       ,      ,      ,        ,        ,        ,        ,        ,        ,        ,        ,      
eatonma01, 2008,     1, PIT , NHL , D  , 68.0,  4.0,   5.0,   9.0,  36.0, 3.0  ,  1.0,  0.0,  0.0,  0.0,  0.0,    ,  34.0,   24.0,   4.0,   3.0,     7.0,    10.0, 4.0    ,     1.0,     0.0,     0.0,     1.0,     0.0,    16.0
eatonma01, 2009,     1, PIT , NHL , D  , 79.0,  3.0,  13.0,  16.0,  26.0, 5.0  ,  0.0,  1.0,  0.0,  0.0,  1.0,    ,  65.0,   13.0,   0.0,   3.0,     3.0,     4.0, -4.0   ,     0.0,     0.0,     0.0,     0.0,     0.0,    13.0
eatouje01, 1981,     1, BUF , NHL , R  ,  1.0,  0.0,   0.0,   0.0,   0.0, -1.0 ,  0.0,     ,  0.0,     ,  0.0, 0.0,   0.0,       ,      ,      ,        ,        ,        ,        ,        ,        ,        ,        ,      
eavesmi01, 1978,     1, MNS , NHL , C  ,  3.0,  0.0,   0.0,   0.0,   0.0, -1.0 ,  0.0,     ,  0.0,     ,  0.0, 0.0,   5.0,       ,      ,      ,        ,        ,        ,        ,        ,        ,        ,        ,      
eavesmi01, 1979,     1, MNS , NHL , C  , 56.0, 18.0,  28.0,  46.0,  11.0, 3.0  ,  9.0,     ,  0.0,     ,  3.0, 1.0,  80.0,   15.0,   2.0,   5.0,     7.0,     4.0,        ,     0.0,        ,     0.0,        ,     0.0,      
eavesmi01, 1980,     1, MNS , NHL , C  , 48.0, 10.0,  24.0,  34.0,  18.0, 1.0  ,  1.0,     ,  1.0,     ,  1.0, 2.0, 104.0,       ,      ,      ,        ,        ,        ,        ,        ,        ,        ,        ,      
eavesmi01, 1981,     1, MNS , NHL , R  , 25.0, 11.0,  10.0,  21.0,   0.0, 2.0  ,  2.0,     ,  0.0,     ,  1.0, 1.0,  62.0,       ,      ,      ,        ,        ,        ,        ,        ,        ,        ,        ,      
eavesmi01, 1982,     1, MNS , NHL , C  , 75.0, 16.0,  16.0,  32.0,  21.0, -3.0 ,  1.0,     ,  5.0,     ,  2.0, 2.0, 143.0,    9.0,   0.0,   0.0,     0.0,     0.0,        ,     0.0,        ,     0.0,        ,     0.0,      
eavesmi01, 1983,     1, CAL , NHL , C  , 61.0, 14.0,  36.0,  50.0,  20.0, 9.0  ,  3.0,     ,  0.0,     ,  3.0, 1.0, 118.0,   11.0,   4.0,   4.0,     8.0,     2.0, 2.0    ,     1.0,        ,     1.0,        ,     1.0,    20.0
eavesmi01, 1984,     1, CAL , NHL , C  , 56.0, 14.0,  29.0,  43.0,  10.0, 14.0 ,  1.0,     ,  2.0,     ,  1.0, 1.0,  96.0,       ,      ,      ,        ,        ,        ,        ,        ,        ,        ,        ,      
eavesmi01, 1985,     1, CAL , NHL , C  ,     ,     ,      ,      ,      ,      ,     ,     ,     ,     ,     ,    ,      ,    8.0,   1.0,   1.0,     2.0,     8.0, -5.0   ,     0.0,        ,     0.0,        ,     0.0,     9.0
eavesmu01, 1980,     1, WIN , NHL , C  , 12.0,  1.0,   2.0,   3.0,   5.0, -7.0 ,  1.0,     ,  0.0,     ,  0.0, 0.0,  12.0,       ,      ,      ,        ,        ,        ,        ,        ,        ,        ,        ,      
eavesmu01, 1981,     1, WIN , NHL , C  ,  2.0,  0.0,   0.0,   0.0,   0.0, 0.0  ,  0.0,     ,  0.0,     ,  0.0, 0.0,   0.0,       ,      ,      ,        ,        ,        ,        ,        ,        ,        ,        ,      
eavesmu01, 1982,     1, WIN , NHL , C  , 26.0,  2.0,   7.0,   9.0,   2.0, -5.0 ,  0.0,     ,  0.0,     ,  0.0, 0.0,  17.0,       ,      ,      ,        ,        ,        ,        ,        ,        ,        ,        ,      
eavesmu01, 1983,     1, WIN , NHL , C  ,  2.0,  0.0,   0.0,   0.0,   0.0, 0.0  ,  0.0,     ,  0.0,     ,  0.0, 0.0,   1.0,    2.0,   0.0,   0.0,     0.0,     2.0, 1.0    ,     0.0,        ,     0.0,        ,     0.0,     0.0
eavesmu01, 1984,     1, WIN , NHL , C  ,  3.0,  0.0,   3.0,   3.0,   0.0, 3.0  ,  0.0,     ,  0.0,     ,  0.0, 0.0,   2.0,    2.0,   0.0,   1.0,     1.0,     0.0, 1.0    ,     0.0,        ,     0.0,        ,     0.0,     0.0
eavesmu01, 1985,     1, WIN , NHL , C  ,  4.0,  1.0,   0.0,   1.0,   0.0, -2.0 ,  0.0,     ,  0.0,     ,  0.0, 0.0,   6.0,       ,      ,      ,        ,        ,        ,        ,        ,        ,        ,        ,      
eavesmu01, 1987,     1, DET , NHL , C  ,  7.0,  0.0,   1.0,   1.0,   2.0, -1.0 ,  0.0,  0.0,  0.0,  0.0,  0.0, 0.0,   4.0,       ,      ,      ,        ,        ,        ,        ,        ,        ,        ,        ,      
eavesmu01, 1989,     1, DET , NHL , C  ,  1.0,  0.0,   0.0,   0.0,   0.0, -2.0 ,  0.0,  0.0,  0.0,  0.0,  0.0, 0.0,   2.0,       ,      ,      ,        ,        ,        ,        ,        ,        ,        ,        ,      
eavespa01, 2005,     1, OTT , NHL , R  , 58.0, 20.0,   9.0,  29.0,  22.0, 7.0  ,  5.0,  1.0,  1.0,  0.0,  4.0,    , 100.0,   10.0,   1.0,   0.0,     1.0,    10.0, -3.0   ,     0.0,     0.0,     0.0,     0.0,     0.0,    20.0
eavespa01, 2006,     1, OTT , NHL , R  , 73.0, 14.0,  18.0,  32.0,  36.0, 1.0  ,  3.0,  3.0,  1.0,  0.0,  1.0,    , 130.0,    7.0,   0.0,   2.0,     2.0,     2.0, 0.0    ,     0.0,     0.0,     0.0,     0.0,     0.0,     7.0
eavespa01, 2007,     1, OTT , NHL , R  , 26.0,  4.0,   6.0,  10.0,   6.0, 0.0  ,  1.0,  2.0,  0.0,  0.0,  1.0,    ,  59.0,       ,      ,      ,        ,        ,        ,        ,        ,        ,        ,        ,      
eavespa01, 2007,     2, CAR , NHL , R  , 11.0,  1.0,   4.0,   5.0,   4.0, -2.0 ,  1.0,  0.0,  0.0,  0.0,  0.0,    ,  22.0,       ,      ,      ,        ,        ,        ,        ,        ,        ,        ,        ,      
eavespa01, 2008,     1, CAR , NHL , R  , 74.0,  6.0,   8.0,  14.0,  31.0, 7.0  ,  1.0,  0.0,  1.0,  0.0,  1.0,    , 115.0,   18.0,   1.0,   2.0,     3.0,    13.0, -1.0   ,     0.0,     0.0,     0.0,     0.0,     0.0,    21.0
eavespa01, 2009,     1, DET , NHL , R  , 65.0, 12.0,  10.0,  22.0,  26.0, 0.0  ,  0.0,  0.0,  1.0,  0.0,  1.0,    , 120.0,    8.0,   0.0,   0.0,     0.0,     2.0, -3.0   ,     0.0,     0.0,     0.0,     0.0,     0.0,    14.0
ebbetan01, 2007,     1, AND , NHL , C  ,  3.0,  0.0,   0.0,   0.0,   2.0, 3.0  ,  0.0,  0.0,  0.0,  0.0,  0.0,    ,   3.0,       ,      ,      ,        ,        ,        ,        ,        ,        ,        ,        ,      
ebbetan01, 2008,     1, AND , NHL , C  , 48.0,  8.0,  24.0,  32.0,  24.0, 8.0  ,  6.0,  5.0,  0.0,  0.0,  0.0,    , 100.0,   13.0,   1.0,   2.0,     3.0,     8.0, -1.0   ,     0.0,     1.0,     0.0,     0.0,     0.0,    16.0
ebbetan01, 2009,     1, AND , NHL , C  ,  2.0,  0.0,   0.0,   0.0,   0.0, -1.0 ,  0.0,  0.0,  0.0,  0.0,  0.0,    ,   1.0,       ,      ,      ,        ,        ,        ,        ,        ,        ,        ,        ,      
ebbetan01, 2009,     2, CHI , NHL , C  , 10.0,  1.0,   0.0,   1.0,   2.0, 1.0  ,  0.0,  0.0,  0.0,  0.0,  0.0,    ,  14.0,       ,      ,      ,        ,        ,        ,        ,        ,        ,        ,        ,      
ebbetan01, 2009,     3, MIN , NHL , C  , 49.0,  8.0,   6.0,  14.0,   6.0, -8.0 ,  2.0,  3.0,  0.0,  0.0,  2.0,    ,  57.0,       ,      ,      ,        ,        ,        ,        ,        ,        ,        ,        ,      
eccleti01, 1967,     1, STL , NHL , R  , 50.0,  6.0,   8.0,  14.0,  16.0, 1.0  ,  3.0,     ,  0.0,     ,  0.0, 1.0,  97.0,   12.0,   1.0,   2.0,     3.0,     2.0,        ,     0.0,        ,     0.0,        ,     0.0,      
eccleti01, 1968,     1, STL , NHL , L  , 68.0, 11.0,  23.0,  34.0,  31.0, 20.0 ,  1.0,     ,  0.0,     ,  4.0, 0.0, 151.0,   12.0,   2.0,   2.0,     4.0,    20.0,        ,     0.0,        ,     0.0,        ,     0.0,      
eccleti01, 1969,     1, STL , NHL , R  , 65.0, 16.0,  21.0,  37.0,  59.0, 7.0  ,  5.0,     ,  0.0,     ,  2.0, 1.0, 166.0,   16.0,   3.0,   4.0,     7.0,    48.0,        ,     1.0,        ,     1.0,        ,     0.0,      
eccleti01, 1970,     1, STL , NHL , L  , 47.0, 15.0,  24.0,  39.0,  34.0, -7.0 ,  6.0,     ,  0.0,     ,  4.0, 3.0, 143.0,       ,      ,      ,        ,        ,        ,        ,        ,        ,        ,        ,      
eccleti01, 1970,     2, DET , NHL , L  , 27.0,  4.0,  10.0,  14.0,  13.0, -15.0,  1.0,     ,  0.0,     ,  0.0, 0.0,  62.0,       ,      ,      ,        ,        ,        ,        ,        ,        ,        ,        ,      
eccleti01, 1971,     1, DET , NHL , R  , 72.0, 18.0,  35.0,  53.0,  33.0, -21.0, 10.0,     ,  0.0,     ,  1.0, 0.0, 189.0,       ,      ,      ,        ,        ,        ,        ,        ,        ,        ,        ,      
eccleti01, 1972,     1, DET , NHL , R  , 78.0, 18.0,  30.0,  48.0,  28.0, 6.0  ,  3.0,     ,  1.0,     ,  2.0, 1.0, 175.0,       ,      ,      ,        ,        ,        ,        ,        ,        ,        ,        ,      
eccleti01, 1973,     1, DET , NHL , R  , 14.0,  0.0,   5.0,   5.0,   6.0, -6.0 ,  0.0,     ,  0.0,     ,  0.0, 0.0,  22.0,       ,      ,      ,        ,        ,        ,        ,        ,        ,        ,        ,      
eccleti01, 1973,     2, TOR , NHL , R  , 46.0,  9.0,  14.0,  23.0,  32.0, 8.0  ,  1.0,     ,  2.0,     ,  1.0, 0.0,  79.0,    4.0,   0.0,   1.0,     1.0,     0.0,        ,     0.0,        ,     0.0,        ,     0.0,      
eccleti01, 1974,     1, TOR , NHL , R  ,  5.0,  1.0,   1.0,   2.0,   0.0, 1.0  ,  0.0,     ,  0.0,     ,  0.0, 0.0,   3.0,       ,      ,      ,        ,        ,        ,        ,        ,        ,        ,        ,      
eccleti01, 1974,     2, ATF , NHL , R  , 62.0, 13.0,  21.0,  34.0,  34.0, 7.0  ,  0.0,     ,  1.0,     ,  4.0, 1.0, 103.0,       ,      ,      ,        ,        ,        ,        ,        ,        ,        ,        ,      
eccleti01, 1975,     1, ATF , NHL , R  , 69.0,  6.0,  21.0,  27.0,  30.0, 7.0  ,  1.0,     ,  1.0,     ,  0.0, 0.0, 117.0,       ,      ,      ,        ,        ,        ,        ,        ,        ,        ,        ,      
eccleti01, 1976,     1, ATF , NHL , L  , 78.0,  9.0,  18.0,  27.0,  26.0, 10.0 ,  0.0,     ,  1.0,     ,  0.0, 0.0, 116.0,    3.0,   0.0,   2.0,     2.0,     6.0,        ,     0.0,        ,     0.0,        ,     0.0,      
eccleti01, 1977,     1, ATF , NHL , R  , 11.0,  0.0,   2.0,   2.0,   2.0, 1.0  ,  0.0,     ,  0.0,     ,  0.0, 0.0,  11.0,    1.0,   0.0,   0.0,     0.0,     0.0,        ,     0.0,        ,     0.0,        ,     0.0,      
eckfoty01, 2009,     1, NJD , NHL , D  ,  3.0,  0.0,   1.0,   1.0,   4.0, 0.0  ,  0.0,  1.0,  0.0,  0.0,  0.0,    ,   1.0,       ,      ,      ,        ,        ,        ,        ,        ,        ,        ,        ,      
edberro01, 1978,     1, WAS , NHL , C  , 76.0, 14.0,  27.0,  41.0,   6.0, 11.0 ,  1.0,     ,  0.0,     ,  2.0, 1.0, 133.0,       ,      ,      ,        ,        ,        ,        ,        ,        ,        ,        ,      
edberro01, 1979,     1, WAS , NHL , C  , 63.0, 23.0,  23.0,  46.0,  12.0, -5.0 ,  4.0,     ,  1.0,     ,  7.0, 0.0, 136.0,       ,      ,      ,        ,        ,        ,        ,        ,        ,        ,        ,      
edberro01, 1980,     1, WAS , NHL , L  , 45.0,  8.0,   8.0,  16.0,   6.0, 1.0  ,  0.0,     ,  0.0,     ,  0.0, 1.0,  48.0,       ,      ,      ,        ,        ,        ,        ,        ,        ,        ,        ,      
eddolfr01, 1944,     1, MTL , NHL , D  , 43.0,  5.0,   8.0,  13.0,  20.0,      ,     ,     ,     ,     ,     ,    ,      ,    3.0,   0.0,   0.0,     0.0,     0.0,        ,        ,        ,        ,        ,        ,      
eddolfr01, 1945,     1, MTL , NHL , D  ,  8.0,  0.0,   1.0,   1.0,   6.0,      ,     ,     ,     ,     ,     ,    ,      ,    8.0,   0.0,   1.0,     1.0,     2.0,        ,        ,        ,        ,        ,        ,      
eddolfr01, 1946,     1, MTL , NHL , D  ,  6.0,  0.0,   0.0,   0.0,   0.0,      ,     ,     ,     ,     ,     ,    ,      ,    7.0,   0.0,   0.0,     0.0,     4.0,        ,        ,        ,        ,        ,        ,      
eddolfr01, 1947,     1, NYR , NHL , D  , 58.0,  6.0,  13.0,  19.0,  16.0,      ,     ,     ,     ,     ,     ,    ,      ,    2.0,   0.0,   0.0,     0.0,     0.0,        ,        ,        ,        ,        ,        ,      
eddolfr01, 1948,     1, NYR , NHL , D  , 34.0,  4.0,   2.0,   6.0,  10.0,      ,     ,     ,     ,     ,     ,    ,      ,       ,      ,      ,        ,        ,        ,        ,        ,        ,        ,        ,      
eddolfr01, 1949,     1, NYR , NHL , D  , 58.0,  2.0,   6.0,   8.0,  20.0,      ,     ,     ,     ,     ,     ,    ,      ,   11.0,   0.0,   1.0,     1.0,     4.0,        ,        ,        ,        ,        ,        ,      
eddolfr01, 1950,     1, NYR , NHL , D  , 68.0,  3.0,   8.0,  11.0,  24.0,      ,     ,     ,     ,     ,     ,    ,      ,       ,      ,      ,        ,        ,        ,        ,        ,        ,        ,        ,      
eddolfr01, 1951,     1, NYR , NHL , D  , 42.0,  3.0,   5.0,   8.0,  18.0,      ,     ,     ,     ,     ,     ,    ,      ,       ,      ,      ,        ,        ,        ,        ,        ,        ,        ,        ,      
edestda01, 1967,     1, STL , NHL , D  , 12.0,  0.0,   0.0,   0.0,   2.0, -2.0 ,  0.0,     ,  0.0,     ,  0.0, 0.0,  12.0,       ,      ,      ,        ,        ,        ,        ,        ,        ,        ,        ,      
edestda01, 1969,     1, PHI , NHL , D  ,  2.0,  0.0,   0.0,   0.0,   6.0, -1.0 ,  0.0,     ,  0.0,     ,  0.0, 0.0,   3.0,       ,      ,      ,        ,        ,        ,        ,        ,        ,        ,        ,      
edestda01, 1971,     1, PIT , NHL , D  , 77.0, 10.0,  23.0,  33.0,  52.0, -12.0,  2.0,     ,  1.0,     ,  3.0, 1.0, 156.0,    4.0,   0.0,   2.0,     2.0,     0.0,        ,     0.0,        ,     0.0,        ,     0.0,      
edestda01, 1972,     1, PIT , NHL , D  , 78.0, 15.0,  24.0,  39.0,  88.0, 3.0  ,  4.0,     ,  1.0,     ,  2.0, 0.0, 155.0,       ,      ,      ,        ,        ,        ,        ,        ,        ,        ,        ,      
edestda01, 1973,     1, PIT , NHL , D  ,  3.0,  0.0,   0.0,   0.0,   0.0, -2.0 ,  0.0,     ,  0.0,     ,  0.0, 0.0,   0.0,       ,      ,      ,        ,        ,        ,        ,        ,        ,        ,        ,      
edestda01, 1973,     2, BOS , NHL , D  , 52.0,  3.0,   8.0,  11.0,  20.0, 19.0 ,  1.0,     ,  0.0,     ,  2.0, 0.0,  66.0,   16.0,   1.0,   2.0,     3.0,    15.0,        ,     0.0,        ,     0.0,        ,     0.0,      
edestda01, 1974,     1, BOS , NHL , D  , 68.0,  1.0,   9.0,  10.0,  56.0, 8.0  ,  0.0,     ,  0.0,     ,  0.0, 0.0,  86.0,    3.0,   0.0,   1.0,     1.0,     7.0,        ,     0.0,        ,     0.0,        ,     0.0,      
edestda01, 1975,     1, BOS , NHL , D  , 77.0,  4.0,  17.0,  21.0, 103.0, 7.0  ,  1.0,     ,  0.0,     ,  1.0, 0.0, 131.0,   12.0,   1.0,   3.0,     4.0,    23.0,        ,     0.0,        ,     0.0,        ,     0.0,      
edestda01, 1976,     1, BOS , NHL , D  , 17.0,  0.0,   3.0,   3.0,  16.0, 4.0  ,  0.0,     ,  0.0,     ,  0.0, 0.0,  28.0,    3.0,   0.0,   0.0,     0.0,     2.0,        ,     0.0,        ,     0.0,        ,     0.0,      
edestda01, 1977,     1, BOS , NHL , D  ,  1.0,  0.0,   0.0,   0.0,   0.0, -1.0 ,  0.0,     ,  0.0,     ,  0.0, 0.0,   0.0,       ,      ,      ,        ,        ,        ,        ,        ,        ,        ,        ,      
edestda01, 1977,     2, LAK , NHL , D  , 13.0,  0.0,   2.0,   2.0,  15.0, -8.0 ,  0.0,     ,  0.0,     ,  0.0, 0.0,  29.0,    2.0,   1.0,   1.0,     2.0,     4.0,        ,     0.0,        ,     0.0,        ,     0.0,      
edestda01, 1978,     1, LAK , NHL , D  , 55.0,  1.0,   4.0,   5.0,  46.0, -8.0 ,  0.0,     ,  0.0,     ,  0.0, 0.0,  62.0,    2.0,   0.0,   0.0,     0.0,     6.0,        ,     0.0,        ,     0.0,        ,     0.0,      
edleral01, 2006,     1, VAN , NHL , D  , 22.0,  1.0,   2.0,   3.0,   6.0, 3.0  ,  0.0,  0.0,  0.0,  0.0,  0.0,    ,  10.0,    3.0,   0.0,   0.0,     0.0,     2.0, 0.0    ,     0.0,     0.0,     0.0,     0.0,     0.0,     2.0
edleral01, 2007,     1, VAN , NHL , D  , 75.0,  8.0,  12.0,  20.0,  42.0, 6.0  ,  4.0,  6.0,  0.0,  0.0,  0.0,    , 124.0,       ,      ,      ,        ,        ,        ,        ,        ,        ,        ,        ,      
edleral01, 2008,     1, VAN , NHL , D  , 80.0, 10.0,  27.0,  37.0,  54.0, 11.0 ,  5.0, 16.0,  0.0,  0.0,  1.0,    , 145.0,   10.0,   1.0,   7.0,     8.0,     6.0, -2.0   ,     1.0,     3.0,     0.0,     0.0,     0.0,    14.0
edleral01, 2009,     1, VAN , NHL , D  , 76.0,  5.0,  37.0,  42.0,  40.0, 0.0  ,  2.0, 17.0,  0.0,  0.0,  0.0,    , 161.0,   12.0,   2.0,   4.0,     6.0,    10.0, 9.0    ,     1.0,     2.0,     0.0,     0.0,     0.0,    25.0
edmunga01, 1951,     1, MTL , NHL , L  ,  1.0,  0.0,   0.0,   0.0,   2.0,      ,     ,     ,     ,     ,     ,    ,      ,    2.0,   0.0,   0.0,     0.0,     4.0,        ,        ,        ,        ,        ,        ,      
edmunga01, 1959,     1, TOR , NHL , L  , 39.0,  4.0,   6.0,  10.0,  47.0,      ,     ,     ,     ,     ,     ,    ,      ,    9.0,   0.0,   1.0,     1.0,     4.0,        ,        ,        ,        ,        ,        ,      
edmunga01, 1960,     1, TOR , NHL , L  ,  3.0,  0.0,   0.0,   0.0,   0.0,      ,     ,     ,     ,     ,     ,    ,      ,       ,      ,      ,        ,        ,        ,        ,        ,        ,        ,        ,      
edurto01 , 1973,     1, CLC , WHA , D  , 76.0,  7.0,  31.0,  38.0,  26.0,      ,  1.0,     ,  0.0,     ,  0.0,    ,      ,    5.0,   1.0,   2.0,     3.0,     0.0,        ,        ,        ,        ,        ,     0.0,      
edurto01 , 1974,     1, CLC , WHA , D  , 61.0,  3.0,  20.0,  23.0,  28.0, -4.0 ,  0.0,     ,  0.0,     ,     ,    , 107.0,    5.0,   2.0,   0.0,     2.0,     0.0,        ,        ,        ,        ,        ,     0.0,      
edurto01 , 1975,     1, CLC , WHA , D  , 80.0,  7.0,  28.0,  35.0,  62.0, 15.0 ,  3.0,     ,  0.0,     ,  0.0,    , 151.0,    3.0,   0.0,   2.0,     2.0,     0.0, -3.0   ,        ,        ,        ,        ,     0.0,      
edurto01 , 1976,     1, COR , NHL , D  , 80.0,  7.0,  25.0,  32.0,  39.0, 14.0 ,  3.0,     ,  0.0,     ,  1.0, 0.0, 150.0,       ,      ,      ,        ,        ,        ,        ,        ,        ,        ,        ,      
edurto01 , 1977,     1, COR , NHL , D  , 20.0,  5.0,   7.0,  12.0,  10.0, 10.0 ,  1.0,     ,  0.0,     ,  0.0, 0.0,  38.0,       ,      ,      ,        ,        ,        ,        ,        ,        ,        ,        ,      
edurto01 , 1977,     2, PIT , NHL , D  , 58.0,  5.0,  38.0,  43.0,  18.0, -9.0 ,  2.0,     ,  0.0,     ,  1.0, 0.0, 135.0,       ,      ,      ,        ,        ,        ,        ,        ,        ,        ,        ,      
edwardo01, 1976,     1, BUF , NHL , G  , 25.0,  0.0,   1.0,   1.0,   2.0, 0.0  ,  0.0,     ,  0.0,     ,  0.0, 0.0,   0.0,    5.0,   0.0,   0.0,     0.0,     0.0,        ,     0.0,        ,     0.0,        ,     0.0,      
edwardo01, 1977,     1, BUF , NHL , G  , 72.0,  0.0,   3.0,   3.0,  12.0, 0.0  ,  0.0,     ,  0.0,     ,  0.0, 0.0,   0.0,    8.0,   0.0,   0.0,     0.0,     7.0,        ,     0.0,        ,     0.0,        ,     0.0,      
edwardo01, 1978,     1, BUF , NHL , G  , 54.0,  0.0,   2.0,   2.0,   8.0, 0.0  ,  0.0,     ,  0.0,     ,  0.0, 0.0,   0.0,       ,      ,      ,        ,        ,        ,        ,        ,        ,        ,        ,      
edwardo01, 1979,     1, BUF , NHL , G  , 49.0,  0.0,   1.0,   1.0,   8.0, 0.0  ,  0.0,     ,  0.0,     ,  0.0, 0.0,   0.0,    6.0,   0.0,   0.0,     0.0,     0.0,        ,     0.0,        ,     0.0,        ,     0.0,      
edwardo01, 1980,     1, BUF , NHL , G  , 45.0,  0.0,   2.0,   2.0,   0.0, 0.0  ,  0.0,     ,  0.0,     ,  0.0, 0.0,   0.0,    8.0,   0.0,   0.0,     0.0,     0.0,        ,     0.0,        ,     0.0,        ,     0.0,      
edwardo01, 1981,     1, BUF , NHL , G  , 62.0,  0.0,   2.0,   2.0,   2.0, 0.0  ,  0.0,     ,  0.0,     ,  0.0, 0.0,   0.0,    4.0,   0.0,   0.0,     0.0,     0.0,        ,     0.0,        ,     0.0,        ,     0.0,      
edwardo01, 1982,     1, CAL , NHL , G  , 39.0,  0.0,   1.0,   1.0,   0.0, 0.0  ,  0.0,     ,  0.0,     ,  0.0, 0.0,   0.0,    5.0,   0.0,   0.0,     0.0,     0.0,        ,     0.0,        ,     0.0,        ,     0.0,      
edwardo01, 1983,     1, CAL , NHL , G  , 41.0,  0.0,   2.0,   2.0,   2.0, 0.0  ,  0.0,     ,  0.0,     ,  0.0, 0.0,   0.0,    6.0,   0.0,   0.0,     0.0,     0.0, 0.0    ,     0.0,        ,     0.0,        ,     0.0,     0.0
edwardo01, 1984,     1, CAL , NHL , G  , 34.0,  0.0,   0.0,   0.0,   4.0, 0.0  ,  0.0,     ,  0.0,     ,  0.0, 0.0,   0.0,       ,      ,      ,        ,        ,        ,        ,        ,        ,        ,        ,      
edwardo01, 1985,     1, TOR , NHL , G  , 38.0,  0.0,   0.0,   0.0,   4.0, 0.0  ,  0.0,     ,  0.0,     ,  0.0, 0.0,   0.0,       ,      ,      ,        ,        ,        ,        ,        ,        ,        ,        ,      
edwarga01, 1968,     1, STL , NHL , G  ,  1.0,  0.0,   0.0,   0.0,   0.0, 0.0  ,  0.0,     ,  0.0,     ,  0.0, 0.0,   0.0,       ,      ,      ,        ,        ,        ,        ,        ,        ,        ,        ,      
edwarga01, 1969,     1, STL , NHL , G  ,  1.0,  0.0,   0.0,   0.0,   0.0, 0.0  ,  0.0,     ,  0.0,     ,  0.0, 0.0,   0.0,       ,      ,      ,        ,        ,        ,        ,        ,        ,        ,        ,      
edwarga01, 1971,     1, LAK , NHL , G  , 44.0,  0.0,   0.0,   0.0,   0.0, 0.0  ,  0.0,     ,  0.0,     ,  0.0, 0.0,   0.0,       ,      ,      ,        ,        ,        ,        ,        ,        ,        ,        ,      
edwarga01, 1972,     1, LAK , NHL , G  , 27.0,  0.0,   1.0,   1.0,   0.0, 0.0  ,  0.0,     ,  0.0,     ,  0.0, 0.0,   0.0,       ,      ,      ,        ,        ,        ,        ,        ,        ,        ,        ,      
edwarga01, 1973,     1, LAK , NHL , G  , 18.0,  0.0,   0.0,   0.0,  12.0, 0.0  ,  0.0,     ,  0.0,     ,  0.0, 0.0,   0.0,    1.0,   0.0,   0.0,     0.0,     0.0,        ,     0.0,        ,     0.0,        ,     0.0,      
edwarga01, 1974,     1, LAK , NHL , G  , 27.0,  0.0,   0.0,   0.0,   0.0, 0.0  ,  0.0,     ,  0.0,     ,  0.0, 0.0,   0.0,       ,      ,      ,        ,        ,        ,        ,        ,        ,        ,        ,      
edwarga01, 1975,     1, LAK , NHL , G  , 29.0,  0.0,   0.0,   0.0,   2.0, 0.0  ,  0.0,     ,  0.0,     ,  0.0, 0.0,   0.0,    2.0,   0.0,   0.0,     0.0,     0.0,        ,     0.0,        ,     0.0,        ,     0.0,      
edwarga01, 1976,     1, LAK , NHL , G  , 10.0,  0.0,   0.0,   0.0,   0.0, 0.0  ,  0.0,     ,  0.0,     ,  0.0, 0.0,   0.0,       ,      ,      ,        ,        ,        ,        ,        ,        ,        ,        ,      
edwarga01, 1976,     2, CLE , NHL , G  , 17.0,  0.0,   1.0,   1.0,   2.0, 0.0  ,  0.0,     ,  0.0,     ,  0.0, 0.0,   0.0,       ,      ,      ,        ,        ,        ,        ,        ,        ,        ,        ,      
edwarga01, 1977,     1, CLE , NHL , G  , 30.0,  0.0,   1.0,   1.0,   4.0, 0.0  ,  0.0,     ,  0.0,     ,  0.0, 0.0,   0.0,       ,      ,      ,        ,        ,        ,        ,        ,        ,        ,        ,      
edwarga01, 1978,     1, MNS , NHL , G  , 25.0,  0.0,   1.0,   1.0,  26.0, 0.0  ,  0.0,     ,  0.0,     ,  0.0, 0.0,   0.0,       ,      ,      ,        ,        ,        ,        ,        ,        ,        ,        ,      
edwarga01, 1979,     1, MNS , NHL , G  , 26.0,  0.0,   0.0,   0.0,   0.0, 0.0  ,  0.0,     ,  0.0,     ,  0.0, 0.0,   0.0,    7.0,   0.0,   0.0,     0.0,     2.0,        ,     0.0,        ,     0.0,        ,     0.0,      
edwarga01, 1980,     1, EDM , NHL , G  , 15.0,  0.0,   2.0,   2.0,   0.0, 0.0  ,  0.0,     ,  0.0,     ,  0.0, 0.0,   0.0,    1.0,   0.0,   0.0,     0.0,     0.0,        ,     0.0,        ,     0.0,        ,     0.0,      
edwarga01, 1981,     1, STL , NHL , G  , 10.0,  0.0,   1.0,   1.0,   0.0, 0.0  ,  0.0,     ,  0.0,     ,  0.0, 0.0,   0.0,       ,      ,      ,        ,        ,        ,        ,        ,        ,        ,        ,      
edwarga01, 1981,     2, PIT , NHL , G  ,  6.0,  0.0,   0.0,   0.0,   2.0, 0.0  ,  0.0,     ,  0.0,     ,  0.0, 0.0,   0.0,       ,      ,      ,        ,        ,        ,        ,        ,        ,        ,        ,      
edwarma01, 1968,     1, PIT , NHL , G  ,  1.0,  0.0,   0.0,   0.0,   0.0, 0.0  ,  0.0,     ,  0.0,     ,  0.0, 0.0,   0.0,       ,      ,      ,        ,        ,        ,        ,        ,        ,        ,        ,      
edwarma01, 1969,     1, TOR , NHL , G  , 25.0,  0.0,   1.0,   1.0,  24.0, 0.0  ,  0.0,     ,  0.0,     ,  0.0, 0.0,   0.0,       ,      ,      ,        ,        ,        ,        ,        ,        ,        ,        ,      
edwarma01, 1972,     1, CLF , NHL , G  , 21.0,  0.0,   1.0,   1.0,   6.0, 0.0  ,  0.0,     ,  0.0,     ,  0.0, 0.0,   0.0,       ,      ,      ,        ,        ,        ,        ,        ,        ,        ,        ,      
edwarma01, 1973,     1, CLF , NHL , G  , 14.0,  0.0,   1.0,   1.0,   4.0, 0.0  ,  0.0,     ,  0.0,     ,  0.0, 0.0,   0.0,       ,      ,      ,        ,        ,        ,        ,        ,        ,        ,        ,      
edwarro01, 1967,     1, DET , NHL , G  , 41.0,  0.0,   0.0,   0.0,   0.0, 0.0  ,  0.0,     ,  0.0,     ,  0.0, 0.0,   0.0,       ,      ,      ,        ,        ,        ,        ,        ,        ,        ,        ,      
edwarro01, 1968,     1, DET , NHL , G  , 40.0,  0.0,   0.0,   0.0,   0.0, 0.0  ,  0.0,     ,  0.0,     ,  0.0, 0.0,   0.0,       ,      ,      ,        ,        ,        ,        ,        ,        ,        ,        ,      
edwarro01, 1969,     1, DET , NHL , G  , 47.0,  0.0,   1.0,   1.0,   0.0, 0.0  ,  0.0,     ,  0.0,     ,  0.0, 0.0,   0.0,    4.0,   0.0,   0.0,     0.0,     0.0,        ,     0.0,        ,     0.0,        ,     0.0,      
edwarro01, 1970,     1, DET , NHL , G  , 37.0,  0.0,   0.0,   0.0,   2.0, 0.0  ,  0.0,     ,  0.0,     ,  0.0, 0.0,   0.0,       ,      ,      ,        ,        ,        ,        ,        ,        ,        ,        ,      
edwarro01, 1971,     1, PIT , NHL , G  , 15.0,  0.0,   1.0,   1.0,   0.0, 0.0  ,  0.0,     ,  0.0,     ,  0.0, 0.0,   0.0,       ,      ,      ,        ,        ,        ,        ,        ,        ,        ,        ,      
edwarro01, 1972,     1, DET , NHL , G  , 52.0,  0.0,   0.0,   0.0,   4.0, 0.0  ,  0.0,     ,  0.0,     ,  0.0, 0.0,   0.0,       ,      ,      ,        ,        ,        ,        ,        ,        ,        ,        ,      
edwarro01, 1973,     1, DET , NHL , G  ,  4.0,  0.0,   0.0,   0.0,   0.0, 0.0  ,  0.0,     ,  0.0,     ,  0.0, 0.0,   0.0,       ,      ,      ,        ,        ,        ,        ,        ,        ,        ,        ,      
eganpa01 , 1939,     1, NYA , NHL , D  , 10.0,  4.0,   3.0,   7.0,   6.0,      ,     ,     ,     ,     ,     ,    ,      ,    2.0,   0.0,   0.0,     0.0,     4.0,        ,        ,        ,        ,        ,        ,      
eganpa01 , 1940,     1, NYA , NHL , D  , 39.0,  4.0,   9.0,  13.0,  41.0,      ,     ,     ,     ,     ,     ,    ,      ,       ,      ,      ,        ,        ,        ,        ,        ,        ,        ,        ,      
eganpa01 , 1941,     1, BKN , NHL , D  , 48.0,  8.0,  20.0,  28.0, 124.0,      ,     ,     ,     ,     ,     ,    ,      ,       ,      ,      ,        ,        ,        ,        ,        ,        ,        ,        ,      
eganpa01 , 1943,     1, DET , NHL , D  , 23.0,  4.0,  15.0,  19.0,  40.0,      ,     ,     ,     ,     ,     ,    ,      ,       ,      ,      ,        ,        ,        ,        ,        ,        ,        ,        ,      
eganpa01 , 1943,     2, BOS , NHL , D  , 25.0, 11.0,  13.0,  24.0,  55.0,      ,     ,     ,     ,     ,     ,    ,      ,       ,      ,      ,        ,        ,        ,        ,        ,        ,        ,        ,      
eganpa01 , 1944,     1, BOS , NHL , D  , 48.0,  7.0,  15.0,  22.0,  86.0,      ,     ,     ,     ,     ,     ,    ,      ,    7.0,   2.0,   0.0,     2.0,     6.0,        ,        ,        ,        ,        ,        ,      
eganpa01 , 1945,     1, BOS , NHL , D  , 41.0,  8.0,  10.0,  18.0,  32.0,      ,     ,     ,     ,     ,     ,    ,      ,   10.0,   3.0,   0.0,     3.0,     8.0,        ,        ,        ,        ,        ,        ,      
eganpa01 , 1946,     1, BOS , NHL , D  , 60.0,  7.0,  18.0,  25.0,  89.0,      ,     ,     ,     ,     ,     ,    ,      ,    5.0,   0.0,   2.0,     2.0,     6.0,        ,        ,        ,        ,        ,        ,      
eganpa01 , 1947,     1, BOS , NHL , D  , 60.0,  8.0,  11.0,  19.0,  81.0,      ,     ,     ,     ,     ,     ,    ,      ,    5.0,   1.0,   1.0,     2.0,     2.0,        ,        ,        ,        ,        ,        ,      
eganpa01 , 1948,     1, BOS , NHL , D  , 60.0,  6.0,  18.0,  24.0,  92.0,      ,     ,     ,     ,     ,     ,    ,      ,    5.0,   0.0,   0.0,     0.0,    16.0,        ,        ,        ,        ,        ,        ,      
eganpa01 , 1949,     1, NYR , NHL , D  , 70.0,  5.0,  11.0,  16.0,  50.0,      ,     ,     ,     ,     ,     ,    ,      ,   12.0,   3.0,   1.0,     4.0,     6.0,        ,        ,        ,        ,        ,        ,      
eganpa01 , 1950,     1, NYR , NHL , D  , 70.0,  5.0,  10.0,  15.0,  70.0,      ,     ,     ,     ,     ,     ,    ,      ,       ,      ,      ,        ,        ,        ,        ,        ,        ,        ,        ,      
egelaal01, 1995,     1, TBL , NHL , C  ,  5.0,  0.0,   0.0,   0.0,   2.0, 0.0  ,  0.0,  0.0,  0.0,  0.0,  0.0, 0.0,   1.0,       ,      ,      ,        ,        ,        ,        ,        ,        ,        ,        ,      
egelaal01, 1996,     1, TBL , NHL , C  ,  4.0,  0.0,   0.0,   0.0,   5.0, -3.0 ,  0.0,  0.0,  0.0,  0.0,  0.0, 0.0,   1.0,       ,      ,      ,        ,        ,        ,        ,        ,        ,        ,        ,      
egelaal01, 1997,     1, TBL , NHL , C  ,  8.0,  0.0,   0.0,   0.0,   9.0, 0.0  ,  0.0,  0.0,  0.0,  0.0,  0.0, 0.0,   4.0,       ,      ,      ,        ,        ,        ,        ,        ,        ,        ,        ,      
egersja01, 1969,     1, NYR , NHL , L  ,  6.0,  3.0,   0.0,   3.0,   2.0, 0.0  ,  2.0,     ,  0.0,     ,  0.0, 0.0,  18.0,    5.0,   3.0,   1.0,     4.0,    10.0,        ,     1.0,        ,     0.0,        ,     0.0,      
egersja01, 1970,     1, NYR , NHL , R  , 60.0,  7.0,  10.0,  17.0,  50.0, 8.0  ,  3.0,     ,  0.0,     ,  3.0, 0.0,  88.0,    3.0,   0.0,   0.0,     0.0,     2.0,        ,     0.0,        ,     0.0,        ,     0.0,      
egersja01, 1971,     1, NYR , NHL , R  , 17.0,  2.0,   1.0,   3.0,  14.0, 2.0  ,  1.0,     ,  0.0,     ,  0.0, 0.0,  13.0,       ,      ,      ,        ,        ,        ,        ,        ,        ,        ,        ,      
egersja01, 1971,     2, STL , NHL , L  , 63.0, 21.0,  25.0,  46.0,  34.0, 5.0  ,  5.0,     ,  0.0,     ,  2.0, 0.0, 210.0,   11.0,   1.0,   4.0,     5.0,    14.0,        ,     0.0,        ,     0.0,        ,     0.0,      
egersja01, 1972,     1, STL , NHL , L  , 78.0, 24.0,  24.0,  48.0,  26.0, 1.0  ,  4.0,     ,  0.0,     ,  4.0, 2.0, 240.0,    5.0,   0.0,   1.0,     1.0,     2.0,        ,     0.0,        ,     0.0,        ,     0.0,      
egersja01, 1973,     1, STL , NHL , L  ,  6.0,  0.0,   1.0,   1.0,   6.0, 1.0  ,  0.0,     ,  0.0,     ,  0.0, 0.0,  15.0,       ,      ,      ,        ,        ,        ,        ,        ,        ,        ,        ,      
egersja01, 1973,     2, NYR , NHL , L  , 28.0,  1.0,   3.0,   4.0,   6.0, 1.0  ,  0.0,     ,  0.0,     ,  0.0, 0.0,   9.0,    8.0,   1.0,   0.0,     1.0,     4.0,        ,     0.0,        ,     0.0,        ,     0.0,      
egersja01, 1974,     1, WAS , NHL , R  , 14.0,  3.0,   2.0,   5.0,   8.0, -14.0,  1.0,     ,  0.0,     ,  1.0, 1.0,  21.0,       ,      ,      ,        ,        ,        ,        ,        ,        ,        ,        ,      
egersja01, 1975,     1, WAS , NHL , R  , 12.0,  3.0,   3.0,   6.0,   8.0, -2.0 ,  2.0,     ,  0.0,     ,  0.0, 0.0,  18.0,       ,      ,      ,        ,        ,        ,        ,        ,        ,        ,        ,      
ehmange01, 1957,     1, BOS , NHL , R  ,  1.0,  1.0,   0.0,   1.0,   0.0,      ,     ,     ,     ,     ,     ,    ,      ,       ,      ,      ,        ,        ,        ,        ,        ,        ,        ,        ,      
ehmange01, 1958,     1, DET , NHL , R  ,  6.0,  0.0,   1.0,   1.0,   4.0,      ,     ,     ,     ,     ,     ,    ,      ,       ,      ,      ,        ,        ,        ,        ,        ,        ,        ,        ,      
ehmange01, 1958,     2, TOR , NHL , R  , 38.0, 12.0,  13.0,  25.0,  12.0,      ,     ,     ,     ,     ,     ,    ,      ,   12.0,   6.0,   7.0,    13.0,     8.0,        ,        ,        ,        ,        ,        ,      
ehmange01, 1959,     1, TOR , NHL , R  , 69.0, 12.0,  16.0,  28.0,  26.0,      ,     ,     ,     ,     ,     ,    ,      ,    9.0,   0.0,   0.0,     0.0,     2.0,        ,        ,        ,        ,        ,        ,      
ehmange01, 1960,     1, TOR , NHL , R  , 14.0,  1.0,   1.0,   2.0,   2.0,      ,     ,     ,     ,     ,     ,    ,      ,       ,      ,      ,        ,        ,        ,        ,        ,        ,        ,        ,      
ehmange01, 1963,     1, TOR , NHL , R  ,  4.0,  1.0,   1.0,   2.0,   0.0,      ,  1.0,     ,  0.0,     ,  1.0, 0.0,      ,    9.0,   1.0,   0.0,     1.0,     4.0,        ,        ,        ,        ,        ,     0.0,      
ehmange01, 1967,     1, OAK , NHL , R  , 73.0, 19.0,  25.0,  44.0,  20.0, -5.0 ,  6.0,     ,  0.0,     ,  3.0, 3.0, 189.0,       ,      ,      ,        ,        ,        ,        ,        ,        ,        ,        ,      
ehmange01, 1968,     1, OAK , NHL , R  , 70.0, 21.0,  24.0,  45.0,  12.0, -13.0,  4.0,     ,  0.0,     ,  3.0, 2.0, 160.0,    7.0,   2.0,   2.0,     4.0,     0.0,        ,     0.0,        ,     0.0,        ,     0.0,      
ehmange01, 1969,     1, OAK , NHL , L  , 76.0, 11.0,  19.0,  30.0,   8.0, -25.0,  3.0,     ,  0.0,     ,  1.0, 0.0, 156.0,    4.0,   1.0,   1.0,     2.0,     0.0,        ,     1.0,        ,     0.0,        ,     0.0,      
ehmange01, 1970,     1, CLF , NHL , R  , 78.0, 18.0,  18.0,  36.0,  16.0, -40.0,  1.0,     ,  0.0,     ,  3.0, 1.0, 154.0,       ,      ,      ,        ,        ,        ,        ,        ,        ,        ,        ,      
ehrhoch01, 2003,     1, SJS , NHL , D  , 41.0,  1.0,  11.0,  12.0,  14.0, 4.0  ,  0.0,  4.0,  0.0,  0.0,  1.0, 0.0,  58.0,       ,      ,      ,        ,        ,        ,        ,        ,        ,        ,        ,      
ehrhoch01, 2005,     1, SJS , NHL , D  , 64.0,  5.0,  18.0,  23.0,  32.0, 10.0 ,  2.0, 11.0,  0.0,  0.0,  2.0,    , 124.0,   11.0,   2.0,   6.0,     8.0,    18.0, 2.0    ,     1.0,     3.0,     0.0,     0.0,     1.0,    27.0
ehrhoch01, 2006,     1, SJS , NHL , D  , 82.0, 10.0,  23.0,  33.0,  63.0, 8.0  ,  6.0, 12.0,  0.0,  0.0,  2.0,    , 164.0,   11.0,   0.0,   2.0,     2.0,     6.0, 1.0    ,     0.0,     0.0,     0.0,     0.0,     0.0,    12.0
ehrhoch01, 2007,     1, SJS , NHL , D  , 77.0,  1.0,  21.0,  22.0,  72.0, 9.0  ,  1.0,  4.0,  0.0,  1.0,  1.0,    ,  97.0,   10.0,   0.0,   5.0,     5.0,    14.0, 1.0    ,     0.0,     1.0,     0.0,     0.0,     0.0,     9.0
ehrhoch01, 2008,     1, SJS , NHL , D  , 77.0,  8.0,  34.0,  42.0,  63.0, -12.0,  5.0, 20.0,  0.0,  0.0,  2.0,    , 165.0,    6.0,   0.0,   0.0,     0.0,     2.0, -2.0   ,     0.0,     0.0,     0.0,     0.0,     0.0,    20.0
ehrhoch01, 2009,     1, VAN , NHL , D  , 80.0, 14.0,  30.0,  44.0,  42.0, 36.0 ,  6.0, 17.0,  0.0,  0.0,  3.0,    , 181.0,   12.0,   3.0,   4.0,     7.0,     8.0, -1.0   ,     1.0,     2.0,     0.0,     0.0,     0.0,    25.0
eisenne01, 1993,     1, VAN , NHL , C  , 13.0,  1.0,   3.0,   4.0,  21.0, 0.0  ,  0.0,  0.0,  0.0,  0.0,  0.0, 0.0,  13.0,       ,      ,      ,        ,        ,        ,        ,        ,        ,        ,        ,      
eisenne01, 1994,     1, CAL , NHL , C  ,  3.0,  0.0,   0.0,   0.0,   0.0, 0.0  ,  0.0,  0.0,  0.0,  0.0,  0.0, 0.0,   2.0,       ,      ,      ,        ,        ,        ,        ,        ,        ,        ,        ,      
eklunbr01, 2005,     1, TBL , NHL , G  ,  1.0,  0.0,   0.0,   0.0,   0.0, 0.0  ,  0.0,  0.0,  0.0,  0.0,  0.0,    ,   0.0,       ,      ,      ,        ,        ,        ,        ,        ,        ,        ,        ,      
eklunpe01, 1985,     1, PHI , NHL , C  , 70.0, 15.0,  51.0,  66.0,  12.0, -4.0 ,  8.0,     ,  0.0,     ,  5.0, 0.0, 141.0,    5.0,   0.0,   2.0,     2.0,     0.0, 2.0    ,     0.0,        ,     0.0,        ,     0.0,     7.0
eklunpe01, 1986,     1, PHI , NHL , C  , 72.0, 14.0,  41.0,  55.0,   2.0, -2.0 ,  5.0,     ,  0.0,     ,  0.0, 0.0, 127.0,   26.0,   7.0,  20.0,    27.0,     2.0, 11.0   ,     2.0,        ,     0.0,        ,     0.0,    62.0
eklunpe01, 1987,     1, PHI , NHL , C  , 71.0, 10.0,  32.0,  42.0,  12.0, -6.0 ,  2.0, 17.0,  0.0,  0.0,  2.0, 0.0, 101.0,    7.0,   0.0,   3.0,     3.0,     0.0, 4.0    ,     0.0,     0.0,     0.0,     0.0,     0.0,     1.0
eklunpe01, 1988,     1, PHI , NHL , L  , 79.0, 18.0,  51.0,  69.0,  23.0, 5.0  ,  8.0, 32.0,  1.0,  2.0,  2.0, 0.0, 121.0,   19.0,   3.0,   8.0,    11.0,     2.0, -4.0   ,     3.0,     6.0,     0.0,     0.0,     1.0,    22.0
eklunpe01, 1989,     1, PHI , NHL , L  , 70.0, 23.0,  39.0,  62.0,  16.0, 7.0  ,  5.0, 12.0,  3.0,  0.0,  2.0, 0.0, 126.0,       ,      ,      ,        ,        ,        ,        ,        ,        ,        ,        ,      
eklunpe01, 1990,     1, PHI , NHL , C  , 73.0, 19.0,  50.0,  69.0,  14.0, -2.0 ,  8.0, 20.0,  0.0,  1.0,  4.0, 1.0, 131.0,       ,      ,      ,        ,        ,        ,        ,        ,        ,        ,        ,      
eklunpe01, 1991,     1, PHI , NHL , L  , 51.0,  7.0,  16.0,  23.0,   4.0, 0.0  ,  1.0,  7.0,  2.0,  0.0,  1.0, 0.0,  74.0,       ,      ,      ,        ,        ,        ,        ,        ,        ,        ,        ,      
eklunpe01, 1992,     1, PHI , NHL , L  , 55.0, 11.0,  38.0,  49.0,  16.0, 12.0 ,  4.0,  7.0,  0.0,  2.0,  0.0, 0.0,  82.0,       ,      ,      ,        ,        ,        ,        ,        ,        ,        ,        ,      
eklunpe01, 1993,     1, PHI , NHL , L  , 48.0,  1.0,  16.0,  17.0,   8.0, -1.0 ,  0.0,  3.0,  0.0,  1.0,  0.0, 0.0,  49.0,       ,      ,      ,        ,        ,        ,        ,        ,        ,        ,        ,      
eklunpe01, 1993,     2, DAL , NHL , L  ,  5.0,  2.0,   1.0,   3.0,   2.0, -1.0 ,  0.0,  0.0,  0.0,  0.0,  0.0, 0.0,   4.0,    9.0,   0.0,   3.0,     3.0,     4.0, -2.0   ,     0.0,     1.0,     0.0,     0.0,     0.0,     9.0
ekmanni01, 1999,     1, TBL , NHL , R  , 28.0,  2.0,   2.0,   4.0,  36.0, -8.0 ,  1.0,  1.0,  0.0,  0.0,  0.0, 0.0,  42.0,       ,      ,      ,        ,        ,        ,        ,        ,        ,        ,        ,      
ekmanni01, 2000,     1, TBL , NHL , L  , 43.0,  9.0,  11.0,  20.0,  40.0, -15.0,  2.0,  4.0,  1.0,  0.0,  1.0, 0.0,  72.0,       ,      ,      ,        ,        ,        ,        ,        ,        ,        ,        ,      
ekmanni01, 2003,     1, SJS , NHL , R  , 82.0, 22.0,  33.0,  55.0,  34.0, 30.0 ,  1.0,  8.0,  4.0,  1.0,  5.0, 1.0, 147.0,   16.0,   0.0,   3.0,     3.0,     8.0, -2.0   ,     0.0,     1.0,     0.0,     0.0,     0.0,    29.0
ekmanni01, 2005,     1, SJS , NHL , R  , 77.0, 21.0,  36.0,  57.0,  54.0, 20.0 ,  5.0, 14.0,  0.0,  0.0,  2.0,    , 176.0,   11.0,   2.0,   2.0,     4.0,     8.0, -2.0   ,     1.0,     1.0,     0.0,     0.0,     0.0,    24.0
ekmanni01, 2006,     1, PIT , NHL , R  , 34.0,  6.0,   9.0,  15.0,  24.0, -14.0,  2.0,  4.0,  0.0,  0.0,  0.0,    ,  69.0,    1.0,   0.0,   0.0,     0.0,     0.0, 0.0    ,     0.0,     0.0,     0.0,     0.0,     0.0,     2.0
eldeban01, 1981,     1, VAN , NHL , D  , 38.0,  1.0,   8.0,   9.0,  21.0, -2.0 ,  0.0,     ,  0.0,     ,  0.0, 0.0,  47.0,   13.0,   0.0,   0.0,     0.0,    10.0,        ,     0.0,        ,     0.0,        ,     0.0,      
eldeban01, 1982,     1, VAN , NHL , D  ,  5.0,  1.0,   1.0,   2.0,   0.0, -1.0 ,  0.0,     ,  0.0,     ,  0.0, 0.0,   5.0,       ,      ,      ,        ,        ,        ,        ,        ,        ,        ,        ,      
eldeban01, 1982,     2, QUE , NHL , D  , 12.0,  1.0,   2.0,   3.0,   8.0, -1.0 ,  0.0,     ,  0.0,     ,  0.0, 1.0,  14.0,    1.0,   0.0,   0.0,     0.0,     0.0,        ,     0.0,        ,     0.0,        ,     0.0,      
eliaspa01, 1995,     1, NJD , NHL , R  ,  1.0,  0.0,   0.0,   0.0,   0.0, -1.0 ,  0.0,  0.0,  0.0,  0.0,  0.0, 0.0,   2.0,       ,      ,      ,        ,        ,        ,        ,        ,        ,        ,        ,      
eliaspa01, 1996,     1, NJD , NHL , R  , 17.0,  2.0,   3.0,   5.0,   2.0, -4.0 ,  0.0,  0.0,  0.0,  0.0,  0.0, 0.0,  23.0,    8.0,   2.0,   3.0,     5.0,     4.0, 0.0    ,     1.0,     2.0,     0.0,     0.0,     0.0,    18.0
eliaspa01, 1997,     1, NJD , NHL , L  , 74.0, 18.0,  19.0,  37.0,  28.0, 18.0 ,  5.0,  6.0,  0.0,  0.0,  6.0, 1.0, 147.0,    4.0,   0.0,   1.0,     1.0,     0.0, -2.0   ,     0.0,     0.0,     0.0,     0.0,     0.0,     9.0
eliaspa01, 1998,     1, NJD , NHL , L  , 74.0, 17.0,  33.0,  50.0,  34.0, 19.0 ,  3.0, 10.0,  0.0,  0.0,  2.0, 0.0, 157.0,    7.0,   0.0,   5.0,     5.0,     6.0, 0.0    ,     0.0,     0.0,     0.0,     0.0,     0.0,    14.0
eliaspa01, 1999,     1, NJD , NHL , L  , 72.0, 35.0,  37.0,  72.0,  58.0, 16.0 ,  9.0, 15.0,  0.0,  0.0,  9.0, 1.0, 183.0,   23.0,   7.0,  13.0,    20.0,     9.0, 9.0    ,     2.0,     2.0,     1.0,     0.0,     1.0,    60.0
eliaspa01, 2000,     1, NJD , NHL , L  , 82.0, 40.0,  56.0,  96.0,  51.0, 45.0 ,  8.0, 21.0,  3.0,  0.0,  6.0, 1.0, 220.0,   25.0,   9.0,  14.0,    23.0,    10.0, 11.0   ,     3.0,     6.0,     1.0,     1.0,     2.0,    58.0
eliaspa01, 2001,     1, NJD , NHL , L  , 75.0, 29.0,  32.0,  61.0,  36.0, 4.0  ,  8.0, 10.0,  1.0,  0.0,  8.0, 0.0, 199.0,    6.0,   2.0,   4.0,     6.0,     6.0, -1.0   ,     2.0,     4.0,     0.0,     0.0,     0.0,    16.0
eliaspa01, 2002,     1, NJD , NHL , L  , 81.0, 28.0,  29.0,  57.0,  22.0, 17.0 ,  6.0,  8.0,  0.0,  3.0,  4.0, 1.0, 255.0,   24.0,   5.0,   8.0,    13.0,    26.0, 5.0    ,     2.0,     2.0,     0.0,     0.0,     2.0,    59.0
eliaspa01, 2003,     1, NJD , NHL , L  , 82.0, 38.0,  43.0,  81.0,  44.0, 26.0 ,  9.0, 11.0,  3.0,  1.0,  9.0, 0.0, 300.0,    5.0,   3.0,   2.0,     5.0,     2.0, -3.0   ,     1.0,     0.0,     0.0,     0.0,     1.0,    18.0
eliaspa01, 2005,     1, NJD , NHL , L  , 38.0, 16.0,  29.0,  45.0,  20.0, 11.0 ,  6.0, 15.0,  0.0,  0.0,  3.0,    , 142.0,    9.0,   6.0,  10.0,    16.0,     4.0, 5.0    ,     4.0,     5.0,     0.0,     0.0,     0.0,    32.0
eliaspa01, 2006,     1, NJD , NHL , C  , 75.0, 21.0,  48.0,  69.0,  38.0, 1.0  ,  8.0, 23.0,  0.0,  0.0,  5.0,    , 267.0,   10.0,   1.0,   9.0,    10.0,     4.0, 3.0    ,     1.0,     5.0,     0.0,     0.0,     0.0,    48.0
eliaspa01, 2007,     1, NJD , NHL , L  , 74.0, 20.0,  35.0,  55.0,  38.0, 10.0 ,  7.0, 12.0,  0.0,  2.0,  8.0,    , 263.0,    5.0,   4.0,   2.0,     6.0,     4.0, -5.0   ,     3.0,     1.0,     0.0,     0.0,     0.0,    18.0
eliaspa01, 2008,     1, NJD , NHL , L  , 77.0, 31.0,  47.0,  78.0,  32.0, 18.0 , 12.0, 19.0,  2.0,  3.0,  6.0,    , 247.0,    7.0,   1.0,   2.0,     3.0,     2.0, -1.0   ,     0.0,     2.0,     0.0,     0.0,     0.0,    25.0
eliaspa01, 2009,     1, NJD , NHL , L  , 58.0, 19.0,  29.0,  48.0,  40.0, 18.0 ,  3.0,  8.0,  1.0,  0.0,  4.0,    , 145.0,    5.0,   0.0,   4.0,     4.0,     2.0, -2.0   ,     0.0,     2.0,     0.0,     1.0,     0.0,    12.0
elichma01, 1999,     1, TBL , NHL , R  ,  8.0,  1.0,   1.0,   2.0,   0.0, -1.0 ,  0.0,  0.0,  0.0,  0.0,  0.0, 0.0,   5.0,       ,      ,      ,        ,        ,        ,        ,        ,        ,        ,        ,      
elichma01, 2000,     1, TBL , NHL , R  ,  8.0,  0.0,   0.0,   0.0,   0.0, -5.0 ,  0.0,  0.0,  0.0,  0.0,  0.0, 0.0,   7.0,       ,      ,      ,        ,        ,        ,        ,        ,        ,        ,        ,      
elikbo01 , 1962,     1, DET , NHL , L  ,  3.0,  0.0,   0.0,   0.0,   0.0,      ,     ,     ,     ,     ,     ,    ,      ,       ,      ,      ,        ,        ,        ,        ,        ,        ,        ,        ,      
elikto01 , 1989,     1, LAK , NHL , C  , 48.0, 10.0,  23.0,  33.0,  41.0, 4.0  ,  1.0,  2.0,  0.0,  0.0,  0.0, 0.0,  86.0,   10.0,   3.0,   9.0,    12.0,    10.0, 1.0    ,     1.0,     3.0,     0.0,     0.0,     0.0,    30.0
elikto01 , 1990,     1, LAK , NHL , C  , 74.0, 21.0,  37.0,  58.0,  58.0, 20.0 ,  2.0,  6.0,  0.0,  0.0,  4.0, 0.0, 153.0,   12.0,   2.0,   7.0,     9.0,     6.0, 0.0    ,     0.0,     2.0,     0.0,     0.0,     0.0,    32.0
elikto01 , 1991,     1, MNS , NHL , C  , 62.0, 14.0,  32.0,  46.0, 125.0, 0.0  ,  4.0,  5.0,  3.0,  1.0,  1.0, 0.0, 118.0,    5.0,   1.0,   1.0,     2.0,     2.0, -1.0   ,     0.0,     0.0,     0.0,     0.0,     1.0,     3.0
elikto01 , 1992,     1, MNS , NHL , C  , 46.0, 13.0,  18.0,  31.0,  48.0, -5.0 ,  4.0,  4.0,  0.0,  0.0,  1.0, 1.0,  76.0,       ,      ,      ,        ,        ,        ,        ,        ,        ,        ,        ,      
elikto01 , 1992,     2, EDM , NHL , C  , 14.0,  1.0,   9.0,  10.0,   8.0, 1.0  ,  0.0,  2.0,  0.0,  0.0,  0.0, 0.0,  28.0,       ,      ,      ,        ,        ,        ,        ,        ,        ,        ,        ,      
elikto01 , 1993,     1, EDM , NHL , C  ,  4.0,  0.0,   0.0,   0.0,   6.0, 0.0  ,  0.0,  0.0,  0.0,  0.0,  0.0, 0.0,   5.0,       ,      ,      ,        ,        ,        ,        ,        ,        ,        ,        ,      
elikto01 , 1993,     2, SJS , NHL , C  , 75.0, 25.0,  41.0,  66.0,  89.0, -3.0 ,  9.0, 21.0,  0.0,  0.0,  4.0, 1.0, 180.0,   14.0,   5.0,   5.0,    10.0,    12.0, -5.0   ,     1.0,     3.0,     0.0,     0.0,     0.0,    45.0
elikto01 , 1994,     1, SJS , NHL , C  , 22.0,  7.0,  10.0,  17.0,  18.0, 3.0  ,  4.0,  2.0,  0.0,  0.0,  0.0, 1.0,  50.0,       ,      ,      ,        ,        ,        ,        ,        ,        ,        ,        ,      
elikto01 , 1994,     2, STL , NHL , C  , 13.0,  2.0,   4.0,   6.0,   4.0, 5.0  ,  0.0,  1.0,  0.0,  0.0,  0.0, 1.0,  26.0,    7.0,   4.0,   3.0,     7.0,     2.0, 1.0    ,     1.0,     0.0,     1.0,     0.0,     0.0,    20.0
elikto01 , 1995,     1, BOS , NHL , L  , 59.0, 13.0,  33.0,  46.0,  40.0, 2.0  ,  6.0, 10.0,  0.0,  0.0,  2.0, 0.0, 108.0,    4.0,   0.0,   2.0,     2.0,    16.0, -1.0   ,     0.0,     0.0,     0.0,     0.0,     0.0,     9.0
elikto01 , 1996,     1, BOS , NHL , L  , 31.0,  4.0,  12.0,  16.0,  16.0, -12.0,  1.0,  1.0,  0.0,  0.0,  0.0, 0.0,  72.0,       ,      ,      ,        ,        ,        ,        ,        ,        ,        ,        ,      
eliotda01, 1984,     1, LAK , NHL , G  , 33.0,  0.0,   0.0,   0.0,   0.0, 0.0  ,  0.0,     ,  0.0,     ,  0.0, 0.0,   0.0,       ,      ,      ,        ,        ,        ,        ,        ,        ,        ,        ,      
eliotda01, 1985,     1, LAK , NHL , G  , 27.0,  0.0,   1.0,   1.0,   4.0, 0.0  ,  0.0,     ,  0.0,     ,  0.0, 0.0,   0.0,       ,      ,      ,        ,        ,        ,        ,        ,        ,        ,        ,      
eliotda01, 1986,     1, LAK , NHL , G  , 24.0,  0.0,   1.0,   1.0,  18.0, 0.0  ,  0.0,     ,  0.0,     ,  0.0, 0.0,   0.0,    1.0,   0.0,   0.0,     0.0,     0.0, 0.0    ,     0.0,        ,     0.0,        ,     0.0,     0.0
eliotda01, 1987,     1, DET , NHL , G  ,  3.0,  0.0,   0.0,   0.0,   2.0, 0.0  ,  0.0,  0.0,  0.0,  0.0,  0.0, 0.0,   0.0,       ,      ,      ,        ,        ,        ,        ,        ,        ,        ,        ,      
eliotda01, 1988,     1, BUF , NHL , G  ,  2.0,  0.0,   0.0,   0.0,   0.0, 0.0  ,  0.0,  0.0,  0.0,  0.0,  0.0, 0.0,   0.0,       ,      ,      ,        ,        ,        ,        ,        ,        ,        ,        ,      
elkinco01, 2009,     1, LAK , NHL , C  ,  3.0,  1.0,   0.0,   1.0,   0.0, -2.0 ,  0.0,  0.0,  0.0,  0.0,  0.0,    ,   5.0,       ,      ,      ,        ,        ,        ,        ,        ,        ,        ,        ,      
ellacke01, 1982,     1, VAN , NHL , G  , 12.0,  0.0,   0.0,   0.0,   0.0, 0.0  ,  0.0,     ,  0.0,     ,  0.0, 0.0,   0.0,       ,      ,      ,        ,        ,        ,        ,        ,        ,        ,        ,      
ellerke01, 2009,     1, FLO , NHL , D  , 22.0,  0.0,   0.0,   0.0,   2.0, -1.0 ,  0.0,  0.0,  0.0,  0.0,  0.0,    ,   5.0,       ,      ,      ,        ,        ,        ,        ,        ,        ,        ,        ,      
ellerla01, 2009,     1, STL , NHL , C  ,  7.0,  2.0,   0.0,   2.0,   4.0, 2.0  ,  1.0,  0.0,  0.0,  0.0,  0.0,    ,   8.0,       ,      ,      ,        ,        ,        ,        ,        ,        ,        ,        ,      
elletda01, 1984,     1, WIN , NHL , D  , 80.0, 11.0,  27.0,  38.0,  85.0, 20.0 ,  3.0,     ,  0.0,     ,  0.0, 0.0, 146.0,    8.0,   1.0,   5.0,     6.0,     4.0, -3.0   ,     1.0,        ,     0.0,        ,     0.0,    20.0
elletda01, 1985,     1, WIN , NHL , D  , 80.0, 15.0,  31.0,  46.0,  96.0, -38.0,  2.0,     ,  0.0,     ,  1.0, 0.0, 168.0,    3.0,   0.0,   1.0,     1.0,     0.0, -4.0   ,     0.0,        ,     0.0,        ,     0.0,     7.0
elletda01, 1986,     1, WIN , NHL , D  , 78.0, 13.0,  31.0,  44.0,  53.0, 19.0 ,  5.0,     ,  0.0,     ,  2.0, 2.0, 159.0,   10.0,   0.0,   8.0,     8.0,     2.0, -1.0   ,     0.0,        ,     0.0,        ,     0.0,    22.0
elletda01, 1987,     1, WIN , NHL , D  , 68.0, 13.0,  45.0,  58.0, 106.0, -8.0 ,  5.0, 31.0,  0.0,  2.0,  1.0, 0.0, 198.0,    5.0,   1.0,   2.0,     3.0,    10.0, -5.0   ,     1.0,     1.0,     0.0,     0.0,     0.0,    16.0
elletda01, 1988,     1, WIN , NHL , D  , 75.0, 22.0,  34.0,  56.0,  62.0, -18.0,  9.0, 23.0,  2.0,  0.0,  5.0, 0.0, 209.0,       ,      ,      ,        ,        ,        ,        ,        ,        ,        ,        ,      
elletda01, 1989,     1, WIN , NHL , D  , 77.0, 17.0,  29.0,  46.0,  96.0, -15.0,  8.0,  9.0,  0.0,  2.0,  1.0, 0.0, 205.0,    7.0,   2.0,   0.0,     2.0,     6.0, -6.0   ,     2.0,     0.0,     0.0,     0.0,     1.0,    22.0
elletda01, 1990,     1, WIN , NHL , D  , 17.0,  4.0,   7.0,  11.0,   6.0, -4.0 ,  1.0,  5.0,  1.0,  0.0,  0.0, 0.0,  41.0,       ,      ,      ,        ,        ,        ,        ,        ,        ,        ,        ,      
elletda01, 1990,     2, TOR , NHL , D  , 60.0,  8.0,  30.0,  38.0,  69.0, -4.0 ,  5.0, 18.0,  0.0,  2.0,  1.0, 1.0, 154.0,       ,      ,      ,        ,        ,        ,        ,        ,        ,        ,        ,      
elletda01, 1991,     1, TOR , NHL , D  , 79.0, 18.0,  33.0,  51.0,  95.0, -13.0,  9.0, 20.0,  1.0,  1.0,  4.0, 0.0, 225.0,       ,      ,      ,        ,        ,        ,        ,        ,        ,        ,        ,      
elletda01, 1992,     1, TOR , NHL , D  , 70.0,  6.0,  34.0,  40.0,  46.0, 19.0 ,  4.0, 25.0,  0.0,  0.0,  1.0, 0.0, 186.0,   21.0,   4.0,   8.0,    12.0,     8.0, 4.0    ,     2.0,     4.0,     0.0,     0.0,     0.0,    62.0
elletda01, 1993,     1, TOR , NHL , D  , 68.0,  7.0,  36.0,  43.0,  42.0, 6.0  ,  5.0, 24.0,  0.0,  0.0,  1.0, 1.0, 146.0,   18.0,   3.0,  15.0,    18.0,    31.0, 1.0    ,     3.0,    11.0,     0.0,     0.0,     0.0,    33.0
elletda01, 1994,     1, TOR , NHL , D  , 33.0,  5.0,  10.0,  15.0,  26.0, -6.0 ,  3.0,  6.0,  0.0,  0.0,  1.0, 0.0,  84.0,    7.0,   0.0,   2.0,     2.0,     0.0, -5.0   ,     0.0,     1.0,     0.0,     0.0,     0.0,    18.0
elletda01, 1995,     1, TOR , NHL , D  , 80.0,  3.0,  19.0,  22.0,  59.0, -10.0,  1.0,  6.0,  1.0,  1.0,  0.0, 0.0, 153.0,    6.0,   0.0,   0.0,     0.0,     4.0, -5.0   ,     0.0,     0.0,     0.0,     0.0,     0.0,    16.0
elletda01, 1996,     1, TOR , NHL , D  , 56.0,  4.0,  10.0,  14.0,  34.0, -8.0 ,  0.0,  3.0,  0.0,  3.0,  1.0, 0.0,  83.0,       ,      ,      ,        ,        ,        ,        ,        ,        ,        ,        ,      
elletda01, 1996,     2, NJD , NHL , D  , 20.0,  2.0,   5.0,   7.0,   6.0, 2.0  ,  1.0,  5.0,  0.0,  0.0,  1.0, 0.0,  22.0,   10.0,   0.0,   3.0,     3.0,    10.0, -1.0   ,     0.0,     1.0,     0.0,     0.0,     0.0,    15.0
elletda01, 1997,     1, BOS , NHL , D  , 82.0,  3.0,  20.0,  23.0,  67.0, 3.0  ,  2.0,  8.0,  0.0,  1.0,  1.0, 0.0, 129.0,    6.0,   0.0,   1.0,     1.0,     6.0, -1.0   ,     0.0,     0.0,     0.0,     0.0,     0.0,    11.0
elletda01, 1998,     1, BOS , NHL , D  , 54.0,  0.0,   6.0,   6.0,  25.0, 11.0 ,  0.0,  3.0,  0.0,  0.0,  0.0, 0.0,  45.0,    8.0,   0.0,   0.0,     0.0,     4.0, 0.0    ,     0.0,     0.0,     0.0,     0.0,     0.0,     4.0
elletda01, 1999,     1, STL , NHL , D  , 52.0,  2.0,   8.0,  10.0,  12.0, -4.0 ,  0.0,  4.0,  0.0,  0.0,  1.0, 0.0,  41.0,    7.0,   0.0,   1.0,     1.0,     2.0, 1.0    ,     0.0,     0.0,     0.0,     0.0,     0.0,     2.0
elliobr01, 2007,     1, OTT , NHL , G  ,  1.0,  0.0,   0.0,   0.0,   0.0, 0.0  ,  0.0,  0.0,  0.0,  0.0,  0.0,    ,   0.0,       ,      ,      ,        ,        ,        ,        ,        ,        ,        ,        ,      
elliobr01, 2008,     1, OTT , NHL , G  , 31.0,  0.0,   0.0,   0.0,   0.0, 0.0  ,  0.0,  0.0,  0.0,  0.0,  0.0,    ,   0.0,       ,      ,      ,        ,        ,        ,        ,        ,        ,        ,        ,      
elliobr01, 2009,     1, OTT , NHL , G  , 55.0,  0.0,   1.0,   1.0,   0.0, 0.0  ,  0.0,  0.0,  0.0,  0.0,  0.0,    ,   0.0,    4.0,   0.0,   0.0,     0.0,     0.0, 0.0    ,     0.0,     0.0,     0.0,     0.0,     0.0,     0.0
elliofr01, 1928,     1, OTS , NHL , R  , 43.0,  2.0,   0.0,   2.0,   6.0,      ,     ,     ,     ,     ,     ,    ,      ,       ,      ,      ,        ,        ,        ,        ,        ,        ,        ,        ,      
ellisda01, 2003,     1, DAL , NHL , G  ,  1.0,  0.0,   0.0,   0.0,   0.0, 0.0  ,  0.0,  0.0,  0.0,  0.0,  0.0, 0.0,   0.0,       ,      ,      ,        ,        ,        ,        ,        ,        ,        ,        ,      
ellisda01, 2007,     1, NAS , NHL , G  , 44.0,  0.0,   0.0,   0.0,   0.0, 0.0  ,  0.0,  0.0,  0.0,  0.0,  0.0,    ,   0.0,    6.0,   0.0,   0.0,     0.0,     0.0, 0.0    ,     0.0,     0.0,     0.0,     0.0,     0.0,     0.0
ellisda01, 2008,     1, NAS , NHL , G  , 35.0,  0.0,   0.0,   0.0,   2.0, 0.0  ,  0.0,  0.0,  0.0,  0.0,  0.0,    ,   0.0,       ,      ,      ,        ,        ,        ,        ,        ,        ,        ,        ,      
ellisda01, 2009,     1, NAS , NHL , G  , 31.0,  0.0,   1.0,   1.0,   4.0, 0.0  ,  0.0,  0.0,  0.0,  0.0,  0.0,    ,   0.0,       ,      ,      ,        ,        ,        ,        ,        ,        ,        ,        ,      
ellisma01, 2003,     1, CHI , NHL , R  , 10.0,  0.0,   1.0,   1.0,   0.0, -3.0 ,  0.0,  0.0,  0.0,  0.0,  0.0, 0.0,   4.0,       ,      ,      ,        ,        ,        ,        ,        ,        ,        ,        ,      
ellisma01, 2005,     1, CHI , NHL , R  , 26.0,  3.0,   9.0,  12.0,  17.0, -4.0 ,  1.0,  4.0,  0.0,  0.0,  0.0,    ,  47.0,       ,      ,      ,        ,        ,        ,        ,        ,        ,        ,        ,      
ellisma01, 2005,     2, PHI , NHL , R  ,  5.0,  0.0,   1.0,   1.0,   2.0, 2.0  ,  0.0,  0.0,  0.0,  0.0,  0.0,    ,   2.0,       ,      ,      ,        ,        ,        ,        ,        ,        ,        ,        ,      
ellisma01, 2006,     1, PHI , NHL , R  ,  2.0,  0.0,   0.0,   0.0,   0.0, 0.0  ,  0.0,  0.0,  0.0,  0.0,  0.0,    ,   1.0,       ,      ,      ,        ,        ,        ,        ,        ,        ,        ,        ,      
ellisma02, 2006,     1, DET , NHL , L  , 16.0,  0.0,   0.0,   0.0,   6.0, -1.0 ,  0.0,  0.0,  0.0,  0.0,  0.0,    ,  22.0,       ,      ,      ,        ,        ,        ,        ,        ,        ,        ,        ,      
ellisma02, 2007,     1, DET , NHL , L  , 35.0,  2.0,   4.0,   6.0,  12.0, 1.0  ,  0.0,  0.0,  0.0,  0.0,  1.0,    ,  28.0,       ,      ,      ,        ,        ,        ,        ,        ,        ,        ,        ,      
ellisma02, 2007,     2, LAK , NHL , L  , 19.0,  1.0,   1.0,   2.0,  14.0, 2.0  ,  0.0,  0.0,  1.0,  0.0,  0.0,    ,  38.0,       ,      ,      ,        ,        ,        ,        ,        ,        ,        ,        ,      
ellisma02, 2008,     1, BUF , NHL , L  , 45.0,  7.0,   5.0,  12.0,  12.0, 4.0  ,  0.0,  1.0,  0.0,  0.0,  2.0,    ,  73.0,       ,      ,      ,        ,        ,        ,        ,        ,        ,        ,        ,      
ellisma02, 2009,     1, BUF , NHL , L  , 72.0,  3.0,  10.0,  13.0,  12.0, -1.0 ,  0.0,  0.0,  0.0,  0.0,  1.0,    , 112.0,    3.0,   1.0,   0.0,     1.0,     0.0, 1.0    ,     0.0,     0.0,     0.0,     0.0,     0.0,     5.0
ellisro01, 1963,     1, TOR , NHL , R  ,  1.0,  0.0,   0.0,   0.0,   0.0,      ,  0.0,     ,  0.0,     ,  0.0, 0.0,      ,       ,      ,      ,        ,        ,        ,        ,        ,        ,        ,        ,      
ellisro01, 1964,     1, TOR , NHL , R  , 62.0, 23.0,  16.0,  39.0,  14.0,      ,  7.0,     ,  1.0,     ,  3.0, 2.0,      ,    6.0,   3.0,   0.0,     3.0,     2.0,        ,        ,        ,        ,        ,     0.0,      
ellisro01, 1965,     1, TOR , NHL , R  , 70.0, 19.0,  23.0,  42.0,  24.0,      ,  3.0,     ,  0.0,     ,  1.0, 0.0,      ,    4.0,   0.0,   0.0,     0.0,     2.0,        ,        ,        ,        ,        ,     0.0,      
ellisro01, 1966,     1, TOR , NHL , R  , 67.0, 22.0,  23.0,  45.0,  14.0,      ,  4.0,     ,  2.0,     ,  7.0, 1.0,      ,   12.0,   2.0,   1.0,     3.0,     4.0,        ,        ,        ,        ,        ,     0.0,      
ellisro01, 1967,     1, TOR , NHL , R  , 74.0, 28.0,  20.0,  48.0,   8.0, 6.0  ,  1.0,     ,  1.0,     ,  5.0, 0.0, 215.0,       ,      ,      ,        ,        ,        ,        ,        ,        ,        ,        ,      
ellisro01, 1968,     1, TOR , NHL , R  , 72.0, 25.0,  21.0,  46.0,  12.0, 5.0  ,  4.0,     ,  0.0,     ,  5.0, 1.0, 180.0,    4.0,   2.0,   1.0,     3.0,     2.0,        ,     1.0,        ,     0.0,        ,     0.0,      
ellisro01, 1969,     1, TOR , NHL , R  , 76.0, 35.0,  19.0,  54.0,  14.0, 11.0 ,  6.0,     ,  1.0,     ,  3.0, 3.0, 227.0,       ,      ,      ,        ,        ,        ,        ,        ,        ,        ,        ,      
ellisro01, 1970,     1, TOR , NHL , R  , 78.0, 24.0,  29.0,  53.0,  10.0, 17.0 ,  2.0,     ,  0.0,     ,  2.0, 0.0, 234.0,    6.0,   1.0,   1.0,     2.0,     2.0,        ,     1.0,        ,     0.0,        ,     0.0,      
ellisro01, 1971,     1, TOR , NHL , R  , 78.0, 23.0,  24.0,  47.0,  17.0, 7.0  ,  4.0,     ,  0.0,     ,  7.0, 0.0, 191.0,    5.0,   1.0,   1.0,     2.0,     4.0,        ,     1.0,        ,     0.0,        ,     0.0,      
ellisro01, 1972,     1, TOR , NHL , R  , 78.0, 22.0,  29.0,  51.0,  22.0, -1.0 ,  4.0,     ,  1.0,     ,  2.0, 2.0, 228.0,       ,      ,      ,        ,        ,        ,        ,        ,        ,        ,        ,      
ellisro01, 1973,     1, TOR , NHL , R  , 70.0, 23.0,  25.0,  48.0,  12.0, 8.0  ,  3.0,     ,  0.0,     ,  3.0, 1.0, 158.0,    4.0,   2.0,   1.0,     3.0,     0.0,        ,     0.0,        ,     0.0,        ,     0.0,      
ellisro01, 1974,     1, TOR , NHL , R  , 79.0, 32.0,  29.0,  61.0,  25.0, 9.0  , 11.0,     ,  0.0,     ,  5.0, 2.0, 177.0,    7.0,   3.0,   0.0,     3.0,     2.0,        ,     1.0,        ,     0.0,        ,     0.0,      
ellisro01, 1977,     1, TOR , NHL , R  , 80.0, 26.0,  24.0,  50.0,  17.0, 8.0  ,  3.0,     ,  0.0,     ,  5.0, 1.0, 128.0,   13.0,   3.0,   2.0,     5.0,     0.0,        ,     0.0,        ,     0.0,        ,     2.0,      
ellisro01, 1978,     1, TOR , NHL , R  , 63.0, 16.0,  12.0,  28.0,  10.0, 7.0  ,  4.0,     ,  0.0,     ,  1.0, 0.0,  97.0,    6.0,   1.0,   1.0,     2.0,     2.0,        ,     0.0,        ,     0.0,        ,     0.0,      
ellisro01, 1979,     1, TOR , NHL , R  , 59.0, 12.0,  11.0,  23.0,   6.0, -9.0 ,  0.0,     ,  1.0,     ,  2.0, 0.0,  55.0,    3.0,   0.0,   0.0,     0.0,     0.0,        ,     0.0,        ,     0.0,        ,     0.0,      
ellisro01, 1980,     1, TOR , NHL , R  , 27.0,  2.0,   3.0,   5.0,   2.0, -1.0 ,  0.0,     ,  0.0,     ,  0.0, 0.0,  19.0,       ,      ,      ,        ,        ,        ,        ,        ,        ,        ,        ,      
elmerwa01, 1922,     1, SAC , WCHL, L  , 12.0,  5.0,   3.0,   8.0,  15.0,      ,     ,     ,     ,     ,     ,    ,      ,       ,      ,      ,        ,        ,        ,        ,        ,        ,        ,        ,      
elmerwa01, 1923,     1, SAC , WCHL, L  , 10.0,  0.0,   1.0,   1.0,   4.0,      ,     ,     ,     ,     ,     ,    ,      ,       ,      ,      ,        ,        ,        ,        ,        ,        ,        ,        ,      
elmerwa01, 1924,     1, VIC , WCHL, L  ,  4.0,  2.0,   1.0,   3.0,   0.0,      ,     ,     ,     ,     ,     ,    ,      ,       ,      ,      ,        ,        ,        ,        ,        ,        ,        ,        ,      
elomomi01, 1999,     1, WAS , NHL , L  ,  2.0,  0.0,   1.0,   1.0,   2.0, 1.0  ,  0.0,  0.0,  0.0,  0.0,  0.0, 0.0,   3.0,       ,      ,      ,        ,        ,        ,        ,        ,        ,        ,        ,      
eloraka01, 1981,     1, CAL , NHL , D  , 19.0,  0.0,   5.0,   5.0,  14.0, -14.0,  0.0,     ,  0.0,     ,  0.0, 0.0,  11.0,       ,      ,      ,        ,        ,        ,        ,        ,        ,        ,        ,      
eloraka01, 1981,     2, STL , NHL , D  , 12.0,  1.0,   7.0,   8.0,   6.0, 5.0  ,  1.0,     ,  0.0,     ,  1.0, 0.0,  22.0,    5.0,   0.0,   0.0,     0.0,     0.0,        ,     0.0,        ,     0.0,        ,     0.0,      
eloraka01, 1982,     1, CAL , NHL , D  , 80.0,  4.0,  40.0,  44.0,  43.0, 13.0 ,  0.0,     ,  0.0,     ,  0.0, 0.0,  68.0,    9.0,   1.0,   3.0,     4.0,    17.0,        ,     0.0,        ,     0.0,        ,     0.0,      
eloraka01, 1983,     1, CAL , NHL , D  , 78.0,  5.0,  34.0,  39.0,  44.0, 12.0 ,  2.0,     ,  0.0,     ,  0.0, 0.0,  59.0,    6.0,   0.0,   2.0,     2.0,     2.0, -3.0   ,     0.0,        ,     0.0,        ,     0.0,     2.0
eloraka01, 1984,     1, CAL , NHL , D  , 65.0,  2.0,  11.0,  13.0,  39.0, 1.0  ,  0.0,     ,  0.0,     ,  0.0, 0.0,  43.0,       ,      ,      ,        ,        ,        ,        ,        ,        ,        ,        ,      
eloraka01, 1986,     1, CAL , NHL , D  , 13.0,  1.0,   6.0,   7.0,   9.0, 3.0  ,  0.0,     ,  0.0,     ,  0.0, 0.0,  11.0,    6.0,   0.0,   2.0,     2.0,     0.0, -5.0   ,     0.0,        ,     0.0,        ,     0.0,     4.0
elorami01, 1999,     1, BOS , NHL , L  , 50.0,  6.0,  12.0,  18.0,  36.0, -10.0,  1.0,  0.0,  0.0,  0.0,  0.0, 0.0,  59.0,       ,      ,      ,        ,        ,        ,        ,        ,        ,        ,        ,      
elorami01, 2000,     1, BOS , NHL , L  , 62.0, 12.0,  11.0,  23.0,  38.0, 2.0  ,  1.0,  3.0,  1.0,  0.0,  2.0, 0.0,  89.0,       ,      ,      ,        ,        ,        ,        ,        ,        ,        ,        ,      
elorami01, 2001,     1, BOS , NHL , L  ,  6.0,  0.0,   0.0,   0.0,   2.0, -1.0 ,  0.0,  0.0,  0.0,  0.0,  0.0, 0.0,  15.0,       ,      ,      ,        ,        ,        ,        ,        ,        ,        ,        ,      
elorami01, 2001,     2, LAK , NHL , L  , 71.0,  9.0,   9.0,  18.0,  54.0, 0.0  ,  1.0,  0.0,  0.0,  0.0,  2.0, 0.0, 121.0,    7.0,   1.0,   1.0,     2.0,     2.0, -1.0   ,     0.0,     0.0,     0.0,     0.0,     0.0,    14.0
elorami01, 2002,     1, LAK , NHL , L  , 75.0,  5.0,  12.0,  17.0,  56.0, -15.0,  1.0,  0.0,  0.0,  0.0,  1.0, 0.0,  96.0,       ,      ,      ,        ,        ,        ,        ,        ,        ,        ,        ,      
elynupa01, 1987,     1, WIN , NHL , R  , 13.0,  1.0,   3.0,   4.0,  12.0, 2.0  ,  0.0,  0.0,  0.0,  0.0,  0.0, 0.0,  12.0,       ,      ,      ,        ,        ,        ,        ,        ,        ,        ,        ,      
elynupa01, 1988,     1, WIN , NHL , R  , 56.0, 26.0,  25.0,  51.0,  29.0, 5.0  ,  5.0,  5.0,  0.0,  0.0,  6.0, 0.0, 100.0,       ,      ,      ,        ,        ,        ,        ,        ,        ,        ,        ,      
elynupa01, 1989,     1, WIN , NHL , R  , 80.0, 32.0,  42.0,  74.0,  83.0, 2.0  , 14.0,  8.0,  0.0,  1.0,  3.0, 1.0, 132.0,    7.0,   2.0,   4.0,     6.0,     2.0, -4.0   ,     0.0,     2.0,     0.0,     0.0,     0.0,    11.0
elynupa01, 1990,     1, WIN , NHL , R  , 80.0, 31.0,  34.0,  65.0,  73.0, -13.0, 16.0, 15.0,  0.0,  0.0,  4.0, 1.0, 150.0,       ,      ,      ,        ,        ,        ,        ,        ,        ,        ,        ,      
elynupa01, 1991,     1, WIN , NHL , R  , 60.0, 25.0,  25.0,  50.0,  65.0, -2.0 ,  9.0,  5.0,  0.0,  0.0,  1.0, 0.0, 127.0,    7.0,   2.0,   2.0,     4.0,     4.0, -2.0   ,     2.0,     1.0,     0.0,     0.0,     0.0,     9.0
elynupa01, 1992,     1, WAS , NHL , R  , 80.0, 22.0,  35.0,  57.0,  66.0, 3.0  ,  8.0, 10.0,  0.0,  1.0,  1.0, 0.0, 121.0,    6.0,   2.0,   3.0,     5.0,    19.0, -2.0   ,     0.0,     1.0,     0.0,     0.0,     0.0,     7.0
elynupa01, 1993,     1, WAS , NHL , R  ,  4.0,  1.0,   1.0,   2.0,   0.0, -3.0 ,  1.0,  0.0,  0.0,  0.0,  0.0, 0.0,   8.0,       ,      ,      ,        ,        ,        ,        ,        ,        ,        ,        ,      
elynupa01, 1993,     2, TBL , NHL , R  , 63.0, 12.0,  14.0,  26.0,  64.0, -18.0,  3.0,  3.0,  1.0,  0.0,  1.0, 0.0, 103.0,       ,      ,      ,        ,        ,        ,        ,        ,        ,        ,        ,      
elynupa01, 1994,     1, OTT , NHL , R  , 41.0,  3.0,   7.0,  10.0,  51.0, -11.0,  0.0,  3.0,  0.0,  0.0,  0.0, 0.0,  58.0,       ,      ,      ,        ,        ,        ,        ,        ,        ,        ,        ,      
elynupa01, 1995,     1, OTT , NHL , R  , 29.0,  1.0,   2.0,   3.0,  16.0, 2.0  ,  0.0,  0.0,  0.0,  0.0,  0.0, 0.0,  27.0,       ,      ,      ,        ,        ,        ,        ,        ,        ,        ,        ,      
embered01, 1944,     1, MTL , NHL , C  ,     ,     ,      ,      ,      ,      ,     ,     ,     ,     ,     ,    ,      ,    2.0,   1.0,   0.0,     1.0,     0.0,        ,        ,        ,        ,        ,        ,      
emeljan01, 1977,     1, SOV , WHA , R  ,  8.0,  2.0,   4.0,   6.0,  10.0,      ,     ,     ,     ,     ,     ,    ,      ,       ,      ,      ,        ,        ,        ,        ,        ,        ,        ,        ,      
emeljan01, 1978,     1, SOV , WHA ,    ,  5.0,  0.0,   1.0,   1.0,   2.0,      ,     ,     ,     ,     ,     ,    ,      ,       ,      ,      ,        ,        ,        ,        ,        ,        ,        ,        ,      
emersne01, 1990,     1, STL , NHL , C  ,  4.0,  0.0,   3.0,   3.0,   2.0, -2.0 ,  0.0,  0.0,  0.0,  0.0,  0.0, 0.0,   3.0,       ,      ,      ,        ,        ,        ,        ,        ,        ,        ,        ,      
emersne01, 1991,     1, STL , NHL , C  , 79.0, 23.0,  36.0,  59.0,  66.0, -5.0 ,  3.0, 18.0,  0.0,  0.0,  2.0, 0.0, 143.0,    6.0,   3.0,   3.0,     6.0,    21.0, 0.0    ,     2.0,     2.0,     0.0,     0.0,     0.0,    11.0
emersne01, 1992,     1, STL , NHL , R  , 82.0, 22.0,  51.0,  73.0,  62.0, 2.0  ,  5.0, 34.0,  2.0,  0.0,  4.0, 0.0, 196.0,   11.0,   1.0,   6.0,     7.0,     6.0, 3.0    ,     0.0,     3.0,     0.0,     0.0,     0.0,    43.0
emersne01, 1993,     1, WIN , NHL , R  , 83.0, 33.0,  41.0,  74.0,  80.0, -38.0,  4.0, 25.0,  5.0,  1.0,  6.0, 1.0, 282.0,       ,      ,      ,        ,        ,        ,        ,        ,        ,        ,        ,      
emersne01, 1994,     1, WIN , NHL , C  , 48.0, 14.0,  23.0,  37.0,  26.0, -12.0,  4.0, 10.0,  1.0,  2.0,  1.0, 0.0, 122.0,       ,      ,      ,        ,        ,        ,        ,        ,        ,        ,        ,      
emersne01, 1995,     1, HAR , NHL , R  , 81.0, 29.0,  29.0,  58.0,  78.0, -7.0 , 12.0, 16.0,  2.0,  0.0,  5.0, 0.0, 247.0,       ,      ,      ,        ,        ,        ,        ,        ,        ,        ,        ,      
emersne01, 1996,     1, HAR , NHL , R  , 66.0,  9.0,  29.0,  38.0,  34.0, -21.0,  2.0, 15.0,  1.0,  0.0,  2.0, 0.0, 194.0,       ,      ,      ,        ,        ,        ,        ,        ,        ,        ,        ,      
emersne01, 1997,     1, CAR , NHL , R  , 81.0, 21.0,  24.0,  45.0,  50.0, -17.0,  6.0, 15.0,  0.0,  0.0,  4.0, 1.0, 203.0,       ,      ,      ,        ,        ,        ,        ,        ,        ,        ,        ,      
emersne01, 1998,     1, CAR , NHL , R  , 35.0,  8.0,  13.0,  21.0,  36.0, 1.0  ,  3.0,  5.0,  0.0,  0.0,  0.0, 1.0,  84.0,       ,      ,      ,        ,        ,        ,        ,        ,        ,        ,        ,      
emersne01, 1998,     2, CHI , NHL , R  , 27.0,  4.0,  10.0,  14.0,  13.0, 8.0  ,  0.0,  1.0,  0.0,  0.0,  1.0, 1.0,  94.0,       ,      ,      ,        ,        ,        ,        ,        ,        ,        ,        ,      
emersne01, 1998,     3, OTT , NHL , R  ,  3.0,  1.0,   1.0,   2.0,   2.0, -1.0 ,  0.0,  1.0,  0.0,  0.0,  0.0, 0.0,  10.0,    4.0,   1.0,   3.0,     4.0,     0.0, 0.0    ,     0.0,     3.0,     0.0,     0.0,     0.0,    12.0
emersne01, 1999,     1, ATL , NHL , R  , 58.0, 14.0,  19.0,  33.0,  47.0, -24.0,  4.0,  5.0,  0.0,  1.0,  0.0, 1.0, 183.0,       ,      ,      ,        ,        ,        ,        ,        ,        ,        ,        ,      
emersne01, 1999,     2, LAK , NHL , R  ,  5.0,  1.0,   1.0,   2.0,   0.0, 1.0  ,  0.0,  0.0,  0.0,  0.0,  0.0, 0.0,  13.0,    1.0,   0.0,   0.0,     0.0,     0.0, 0.0    ,     0.0,     0.0,     0.0,     0.0,     0.0,     2.0
emersne01, 2000,     1, LAK , NHL , R  , 78.0, 11.0,  11.0,  22.0,  54.0, -13.0,  0.0,  2.0,  0.0,  1.0,  1.0, 0.0, 157.0,   13.0,   2.0,   2.0,     4.0,     4.0, 1.0    ,     0.0,     0.0,     0.0,     0.0,     0.0,    22.0
emersne01, 2001,     1, LAK , NHL , R  , 41.0,  5.0,   2.0,   7.0,  25.0, -8.0 ,  0.0,  1.0,  0.0,  0.0,  1.0, 0.0,  40.0,    5.0,   0.0,   1.0,     1.0,     2.0, 1.0    ,     0.0,     0.0,     0.0,     0.0,     0.0,     9.0
emeryra01, 2002,     1, OTT , NHL , G  ,  3.0,  0.0,   0.0,   0.0,   0.0, 0.0  ,  0.0,  0.0,  0.0,  0.0,  0.0, 0.0,   0.0,       ,      ,      ,        ,        ,        ,        ,        ,        ,        ,        ,      
emeryra01, 2003,     1, OTT , NHL , G  ,  3.0,  0.0,   0.0,   0.0,   2.0, 0.0  ,  0.0,  0.0,  0.0,  0.0,  0.0, 0.0,   0.0,       ,      ,      ,        ,        ,        ,        ,        ,        ,        ,        ,      
emeryra01, 2005,     1, OTT , NHL , G  , 39.0,  0.0,   1.0,   1.0,   2.0, 0.0  ,  0.0,  0.0,  0.0,  1.0,  0.0,    ,   0.0,   10.0,   0.0,   1.0,     1.0,     0.0, 0.0    ,     0.0,     1.0,     0.0,     0.0,     0.0,     0.0
emeryra01, 2006,     1, OTT , NHL , G  , 58.0,  0.0,   1.0,   1.0,  30.0, 0.0  ,  0.0,  0.0,  0.0,  0.0,  0.0,    ,   0.0,   20.0,   0.0,   2.0,     2.0,     0.0, 0.0    ,     0.0,     0.0,     0.0,     0.0,     0.0,     0.0
emeryra01, 2007,     1, OTT , NHL , G  , 31.0,  0.0,   0.0,   0.0,   6.0, 0.0  ,  0.0,  0.0,  0.0,  0.0,  0.0,    ,   0.0,       ,      ,      ,        ,        ,        ,        ,        ,        ,        ,        ,      
emeryra01, 2009,     1, PHI , NHL , G  , 29.0,  0.0,   1.0,   1.0,   2.0, 0.0  ,  0.0,  0.0,  0.0,  0.0,  0.0,    ,   0.0,       ,      ,      ,        ,        ,        ,        ,        ,        ,        ,        ,      
emingst01, 2002,     1, WAS , NHL , D  , 17.0,  0.0,   2.0,   2.0,  24.0, -3.0 ,  0.0,  0.0,  0.0,  0.0,  0.0, 0.0,   6.0,       ,      ,      ,        ,        ,        ,        ,        ,        ,        ,        ,      
emingst01, 2003,     1, WAS , NHL , D  , 41.0,  0.0,   4.0,   4.0,  45.0, -11.0,  0.0,  0.0,  0.0,  0.0,  0.0, 0.0,  12.0,       ,      ,      ,        ,        ,        ,        ,        ,        ,        ,        ,      
emingst01, 2005,     1, WAS , NHL , D  , 66.0,  5.0,  13.0,  18.0,  81.0, -12.0,  1.0,  2.0,  0.0,  1.0,  0.0,    ,  50.0,       ,      ,      ,        ,        ,        ,        ,        ,        ,        ,        ,      
emingst01, 2006,     1, WAS , NHL , D  , 68.0,  1.0,  16.0,  17.0,  63.0, -14.0,  0.0,  0.0,  0.0,  3.0,  0.0,    ,  27.0,       ,      ,      ,        ,        ,        ,        ,        ,        ,        ,        ,      
emingst01, 2007,     1, WAS , NHL , D  , 20.0,  0.0,   2.0,   2.0,   8.0, -4.0 ,  0.0,  0.0,  0.0,  0.0,  0.0,    ,  14.0,    5.0,   1.0,   0.0,     1.0,     2.0, 2.0    ,     0.0,     0.0,     0.0,     0.0,     0.0,     1.0
emingst01, 2008,     1, PHI , NHL , D  , 12.0,  0.0,   2.0,   2.0,   8.0, 0.0  ,  0.0,  0.0,  0.0,  0.0,  0.0,    ,   9.0,       ,      ,      ,        ,        ,        ,        ,        ,        ,        ,        ,      
emingst01, 2008,     2, TBL , NHL , D  , 50.0,  4.0,  19.0,  23.0,  36.0, -4.0 ,  2.0, 10.0,  0.0,  0.0,  0.0,    ,  63.0,       ,      ,      ,        ,        ,        ,        ,        ,        ,        ,        ,      
emingst01, 2008,     3, FLO , NHL , D  ,  9.0,  1.0,   0.0,   1.0,   6.0, 1.0  ,  0.0,  0.0,  0.0,  0.0,  1.0,    ,  13.0,       ,      ,      ,        ,        ,        ,        ,        ,        ,        ,        ,      
emingst01, 2009,     1, AND , NHL , D  , 63.0,  4.0,  12.0,  16.0,  30.0, 1.0  ,  0.0,  2.0,  0.0,  0.0,  1.0,    ,  45.0,       ,      ,      ,        ,        ,        ,        ,        ,        ,        ,        ,      
emmada01 , 1992,     1, NJD , NHL , C  ,  2.0,  0.0,   0.0,   0.0,   0.0, 0.0  ,  0.0,  0.0,  0.0,  0.0,  0.0, 0.0,   2.0,       ,      ,      ,        ,        ,        ,        ,        ,        ,        ,        ,      
emmada01 , 1993,     1, NJD , NHL , C  , 15.0,  5.0,   5.0,  10.0,   2.0, 0.0  ,  1.0,  1.0,  0.0,  0.0,  2.0, 0.0,  24.0,       ,      ,      ,        ,        ,        ,        ,        ,        ,        ,        ,      
emmada01 , 1994,     1, NJD , NHL , R  ,  6.0,  0.0,   1.0,   1.0,   0.0, -2.0 ,  0.0,  0.0,  0.0,  0.0,  0.0, 0.0,   4.0,       ,      ,      ,        ,        ,        ,        ,        ,        ,        ,        ,      
emmada01 , 1996,     1, BOS , NHL , C  ,  5.0,  0.0,   0.0,   0.0,   0.0, -1.0 ,  0.0,  0.0,  0.0,  0.0,  0.0, 0.0,   3.0,       ,      ,      ,        ,        ,        ,        ,        ,        ,        ,        ,      
emmada01 , 2000,     1, FLO , NHL , R  ,  6.0,  0.0,   0.0,   0.0,   0.0, -1.0 ,  0.0,  0.0,  0.0,  0.0,  0.0, 0.0,   6.0,       ,      ,      ,        ,        ,        ,        ,        ,        ,        ,        ,      
emmonga01, 1993,     1, SJS , NHL , C  ,  3.0,  1.0,   0.0,   1.0,   0.0, -4.0 ,  1.0,  0.0,  0.0,  0.0,  0.0, 0.0,   6.0,       ,      ,      ,        ,        ,        ,        ,        ,        ,        ,        ,      
emmonjo01, 1999,     1, OTT , NHL , C  , 10.0,  0.0,   0.0,   0.0,   6.0, -2.0 ,  0.0,  0.0,  0.0,  0.0,  0.0, 0.0,   3.0,       ,      ,      ,        ,        ,        ,        ,        ,        ,        ,        ,      
emmonjo01, 2000,     1, OTT , NHL , C  , 41.0,  1.0,   1.0,   2.0,  20.0, -5.0 ,  0.0,  0.0,  0.0,  0.0,  0.0, 0.0,  28.0,       ,      ,      ,        ,        ,        ,        ,        ,        ,        ,        ,      
emmonjo01, 2000,     2, TBL , NHL , C  , 12.0,  1.0,   1.0,   2.0,  22.0, 0.0  ,  0.0,  0.0,  0.0,  0.0,  0.0, 0.0,   9.0,       ,      ,      ,        ,        ,        ,        ,        ,        ,        ,        ,      
emmonjo01, 2001,     1, BOS , NHL , C  , 22.0,  0.0,   2.0,   2.0,  16.0, -4.0 ,  0.0,  0.0,  0.0,  0.0,  0.0, 0.0,  20.0,       ,      ,      ,        ,        ,        ,        ,        ,        ,        ,        ,      
emmsha01 , 1926,     1, MTM , NHL , L/D,  8.0,  0.0,   0.0,   0.0,   0.0,      ,     ,     ,     ,     ,     ,    ,      ,       ,      ,      ,        ,        ,        ,        ,        ,        ,        ,        ,      
emmsha01 , 1927,     1, MTM , NHL , L/D, 10.0,  0.0,   1.0,   1.0,  10.0,      ,     ,     ,     ,     ,     ,    ,      ,       ,      ,      ,        ,        ,        ,        ,        ,        ,        ,        ,      
emmsha01 , 1930,     1, NYA , NHL , L/D, 44.0,  5.0,   4.0,   9.0,  56.0,      ,     ,     ,     ,     ,     ,    ,      ,       ,      ,      ,        ,        ,        ,        ,        ,        ,        ,        ,      
emmsha01 , 1931,     1, NYA , NHL , L/D, 13.0,  2.0,   0.0,   2.0,  11.0,      ,     ,     ,     ,     ,     ,    ,      ,       ,      ,      ,        ,        ,        ,        ,        ,        ,        ,        ,      
emmsha01 , 1931,     2, DTF , NHL , L/D, 20.0,  5.0,   9.0,  14.0,  27.0,      ,     ,     ,     ,     ,     ,    ,      ,    2.0,   0.0,   0.0,     0.0,     0.0,        ,        ,        ,        ,        ,        ,      
emmsha01 , 1932,     1, DET , NHL , L/D, 43.0,  9.0,  13.0,  22.0,  63.0,      ,     ,     ,     ,     ,     ,    ,      ,    4.0,   0.0,   0.0,     0.0,     8.0,        ,        ,        ,        ,        ,        ,      
emmsha01 , 1933,     1, DET , NHL , L/D, 45.0,  7.0,   7.0,  14.0,  51.0,      ,     ,     ,     ,     ,     ,    ,      ,    8.0,   0.0,   0.0,     0.0,     2.0,        ,        ,        ,        ,        ,        ,      
emmsha01 , 1934,     1, BOS , NHL , L/D, 11.0,  1.0,   1.0,   2.0,   8.0,      ,     ,     ,     ,     ,     ,    ,      ,       ,      ,      ,        ,        ,        ,        ,        ,        ,        ,        ,      
emmsha01 , 1934,     2, NYA , NHL , L/D, 28.0,  2.0,   2.0,   4.0,  19.0,      ,     ,     ,     ,     ,     ,    ,      ,       ,      ,      ,        ,        ,        ,        ,        ,        ,        ,        ,      
emmsha01 , 1935,     1, NYA , NHL , L/D, 32.0,  1.0,   5.0,   6.0,  12.0,      ,     ,     ,     ,     ,     ,    ,      ,       ,      ,      ,        ,        ,        ,        ,        ,        ,        ,        ,      
emmsha01 , 1936,     1, NYA , NHL , L/D, 46.0,  4.0,   8.0,  12.0,  48.0,      ,     ,     ,     ,     ,     ,    ,      ,       ,      ,      ,        ,        ,        ,        ,        ,        ,        ,        ,      
emmsha01 , 1937,     1, NYA , NHL , L  , 20.0,  1.0,   3.0,   4.0,   6.0,      ,     ,     ,     ,     ,     ,    ,      ,       ,      ,      ,        ,        ,        ,        ,        ,        ,        ,        ,      
endeacr01, 1986,     1, WIN , NHL , L  ,  2.0,  0.0,   1.0,   1.0,   0.0, 1.0  ,  0.0,     ,  0.0,     ,  0.0, 0.0,   0.0,       ,      ,      ,        ,        ,        ,        ,        ,        ,        ,        ,      
endicsh01, 2001,     1, PIT , NHL , C  ,  4.0,  0.0,   1.0,   1.0,   4.0, -1.0 ,  0.0,  0.0,  0.0,  0.0,  0.0, 0.0,   2.0,       ,      ,      ,        ,        ,        ,        ,        ,        ,        ,        ,      
endicsh01, 2005,     1, PIT , NHL , C  , 41.0,  1.0,   1.0,   2.0,  43.0, -9.0 ,  0.0,  0.0,  1.0,  0.0,  0.0,    ,  44.0,       ,      ,      ,        ,        ,        ,        ,        ,        ,        ,        ,      
engblbr01, 1976,     1, MTL , NHL , D  ,     ,     ,      ,      ,      ,      ,     ,     ,     ,     ,     ,    ,      ,    2.0,   0.0,   0.0,     0.0,     2.0,        ,     0.0,        ,     0.0,        ,     0.0,      
engblbr01, 1977,     1, MTL , NHL , D  , 28.0,  1.0,   2.0,   3.0,  23.0, 9.0  ,  0.0,     ,  0.0,     ,  0.0, 0.0,  28.0,    5.0,   0.0,   0.0,     0.0,     2.0,        ,     0.0,        ,     0.0,        ,     0.0,      
engblbr01, 1978,     1, MTL , NHL , D  , 62.0,  3.0,  11.0,  14.0,  60.0, 21.0 ,  0.0,     ,  0.0,     ,  0.0, 0.0,  60.0,   16.0,   0.0,   1.0,     1.0,    11.0,        ,     0.0,        ,     0.0,        ,     0.0,      
engblbr01, 1979,     1, MTL , NHL , D  , 70.0,  3.0,  20.0,  23.0,  43.0, 22.0 ,  0.0,     ,  0.0,     ,  0.0, 1.0,  86.0,   10.0,   2.0,   4.0,     6.0,     6.0,        ,     1.0,        ,     0.0,        ,     1.0,      
engblbr01, 1980,     1, MTL , NHL , D  , 80.0,  3.0,  25.0,  28.0,  96.0, 63.0 ,  1.0,     ,  0.0,     ,  0.0, 0.0, 120.0,    3.0,   1.0,   0.0,     1.0,     4.0,        ,     0.0,        ,     0.0,        ,     0.0,      
engblbr01, 1981,     1, MTL , NHL , D  , 76.0,  4.0,  29.0,  33.0,  76.0, 78.0 ,  1.0,     ,  0.0,     ,  0.0, 0.0, 109.0,    5.0,   0.0,   2.0,     2.0,    14.0,        ,     0.0,        ,     0.0,        ,     0.0,      
engblbr01, 1982,     1, WAS , NHL , D  , 73.0,  5.0,  22.0,  27.0,  59.0, -4.0 ,  4.0,     ,  0.0,     ,  0.0, 1.0, 103.0,    4.0,   0.0,   2.0,     2.0,     2.0,        ,     0.0,        ,     0.0,        ,     0.0,      
engblbr01, 1983,     1, WAS , NHL , D  ,  6.0,  0.0,   1.0,   1.0,   8.0, -4.0 ,  0.0,     ,  0.0,     ,  0.0, 0.0,  15.0,       ,      ,      ,        ,        ,        ,        ,        ,        ,        ,        ,      
engblbr01, 1983,     2, LAK , NHL , D  , 74.0,  2.0,  27.0,  29.0,  59.0, -9.0 ,  2.0,     ,  0.0,     ,  0.0, 0.0, 127.0,       ,      ,      ,        ,        ,        ,        ,        ,        ,        ,        ,      
engblbr01, 1984,     1, LAK , NHL , D  , 79.0,  4.0,  19.0,  23.0,  70.0, -2.0 ,  3.0,     ,  0.0,     ,  0.0, 0.0, 100.0,    3.0,   0.0,   0.0,     0.0,     2.0, -4.0   ,     0.0,        ,     0.0,        ,     0.0,     2.0
engblbr01, 1985,     1, LAK , NHL , D  , 49.0,  3.0,  13.0,  16.0,  61.0, -13.0,  0.0,     ,  0.0,     ,  0.0, 0.0,  53.0,       ,      ,      ,        ,        ,        ,        ,        ,        ,        ,        ,      
engblbr01, 1985,     2, BUF , NHL , D  , 30.0,  1.0,   4.0,   5.0,  16.0, 3.0  ,  0.0,     ,  0.0,     ,  0.0, 0.0,  24.0,       ,      ,      ,        ,        ,        ,        ,        ,        ,        ,        ,      
engblbr01, 1986,     1, CAL , NHL , D  , 32.0,  0.0,   4.0,   4.0,  28.0, -7.0 ,  0.0,     ,  0.0,     ,  0.0, 0.0,  31.0,       ,      ,      ,        ,        ,        ,        ,        ,        ,        ,        ,      
engelde01, 2009,     1, PIT , NHL , D  ,  9.0,  0.0,   2.0,   2.0,  17.0, -2.0 ,  0.0,  0.0,  0.0,  1.0,  0.0,    ,   4.0,       ,      ,      ,        ,        ,        ,        ,        ,        ,        ,        ,      
engelje01, 1975,     1, MNS , NHL , D  , 17.0,  0.0,   1.0,   1.0,  16.0, -12.0,  0.0,     ,  0.0,     ,  0.0, 0.0,  16.0,       ,      ,      ,        ,        ,        ,        ,        ,        ,        ,        ,      
engelje01, 1976,     1, MNS , NHL , D  , 31.0,  1.0,   7.0,   8.0,  41.0, 3.0  ,  0.0,     ,  0.0,     ,  1.0, 0.0,  36.0,    2.0,   0.0,   1.0,     1.0,     0.0,        ,     0.0,        ,     0.0,        ,     0.0,      
engelje01, 1977,     1, MNS , NHL , D  , 52.0,  1.0,   5.0,   6.0, 105.0, -10.0,  0.0,     ,  1.0,     ,  0.0, 0.0,  44.0,       ,      ,      ,        ,        ,        ,        ,        ,        ,        ,        ,      
englijo01, 1987,     1, LAK , NHL , D  ,  3.0,  1.0,   3.0,   4.0,   4.0, 2.0  ,  1.0,  1.0,  0.0,  0.0,  0.0, 0.0,   5.0,    1.0,   0.0,   0.0,     0.0,     0.0, 0.0    ,     0.0,     0.0,     0.0,     0.0,     0.0,     0.0
ennisji01, 1987,     1, EDM , NHL , D  ,  5.0,  1.0,   0.0,   1.0,  10.0, 0.0  ,  1.0,  0.0,  0.0,  0.0,  0.0, 0.0,   9.0,       ,      ,      ,        ,        ,        ,        ,        ,        ,        ,        ,      
ennisty01, 2009,     1, BUF , NHL , C  , 10.0,  3.0,   6.0,   9.0,   6.0, 1.0  ,  0.0,  3.0,  0.0,  0.0,  0.0,    ,  23.0,    6.0,   1.0,   3.0,     4.0,     0.0, 1.0    ,     0.0,     0.0,     0.0,     0.0,     0.0,    20.0
enrotjh01, 2009,     1, BUF , NHL , G  ,  1.0,  0.0,   0.0,   0.0,   0.0, 0.0  ,  0.0,  0.0,  0.0,  0.0,  0.0,    ,   0.0,       ,      ,      ,        ,        ,        ,        ,        ,        ,        ,        ,      
enstrto01, 2007,     1, ATL , NHL , D  , 82.0,  5.0,  33.0,  38.0,  42.0, -5.0 ,  4.0, 22.0,  0.0,  0.0,  0.0,    , 105.0,       ,      ,      ,        ,        ,        ,        ,        ,        ,        ,        ,      
enstrto01, 2008,     1, ATL , NHL , D  , 82.0,  5.0,  27.0,  32.0,  52.0, 14.0 ,  2.0, 12.0,  1.0,  2.0,  1.0,    ,  86.0,       ,      ,      ,        ,        ,        ,        ,        ,        ,        ,        ,      
enstrto01, 2009,     1, ATL , NHL , D  , 82.0,  6.0,  44.0,  50.0,  30.0, -5.0 ,  2.0, 17.0,  0.0,  1.0,  0.0,    , 109.0,       ,      ,      ,        ,        ,        ,        ,        ,        ,        ,        ,      
eratma01 , 2001,     1, NAS , NHL , L  , 80.0,  9.0,  24.0,  33.0,  32.0, -11.0,  2.0,  8.0,  0.0,  0.0,  2.0, 0.0,  84.0,       ,      ,      ,        ,        ,        ,        ,        ,        ,        ,        ,      
eratma01 , 2002,     1, NAS , NHL , L  , 27.0,  1.0,   7.0,   8.0,  14.0, -9.0 ,  1.0,  3.0,  0.0,  0.0,  0.0, 0.0,  39.0,       ,      ,      ,        ,        ,        ,        ,        ,        ,        ,        ,      
eratma01 , 2003,     1, NAS , NHL , L  , 76.0, 16.0,  33.0,  49.0,  38.0, 10.0 ,  4.0, 10.0,  0.0,  0.0,  2.0, 1.0, 137.0,    6.0,   0.0,   1.0,     1.0,     6.0, -2.0   ,     0.0,     0.0,     0.0,     0.0,     0.0,     6.0
eratma01 , 2005,     1, NAS , NHL , L  , 80.0, 20.0,  29.0,  49.0,  76.0, 0.0  ,  5.0, 11.0,  0.0,  0.0,  1.0,    , 143.0,    5.0,   1.0,   1.0,     2.0,     6.0, -1.0   ,     1.0,     1.0,     0.0,     0.0,     0.0,     8.0
eratma01 , 2006,     1, NAS , NHL , L  , 68.0, 16.0,  41.0,  57.0,  50.0, 13.0 ,  5.0, 13.0,  1.0,  0.0,  3.0,    , 132.0,    3.0,   0.0,   1.0,     1.0,     0.0, -1.0   ,     0.0,     0.0,     0.0,     0.0,     0.0,     3.0
eratma01 , 2007,     1, NAS , NHL , R  , 76.0, 23.0,  34.0,  57.0,  40.0, -3.0 ,  4.0, 11.0,  0.0,  0.0,  6.0,    , 163.0,    6.0,   1.0,   3.0,     4.0,     8.0, 0.0    ,     0.0,     2.0,     0.0,     0.0,     0.0,    13.0
eratma01 , 2008,     1, NAS , NHL , R  , 71.0, 17.0,  33.0,  50.0,  48.0, -7.0 ,  3.0, 13.0,  0.0,  2.0,  3.0,    , 149.0,       ,      ,      ,        ,        ,        ,        ,        ,        ,        ,        ,      
eratma01 , 2009,     1, NAS , NHL , L  , 74.0, 21.0,  28.0,  49.0,  50.0, -7.0 ,  5.0,  9.0,  0.0,  1.0,  2.0,    , 168.0,    6.0,   4.0,   1.0,     5.0,     4.0, -2.0   ,     0.0,     0.0,     0.0,     0.0,     0.0,    15.0
erickau01, 1959,     1, BOS , NHL , D  , 58.0,  1.0,   6.0,   7.0,  29.0,      ,     ,     ,     ,     ,     ,    ,      ,       ,      ,      ,        ,        ,        ,        ,        ,        ,        ,        ,      
erickau01, 1960,     1, BOS , NHL , D  , 68.0,  2.0,   6.0,   8.0,  65.0,      ,     ,     ,     ,     ,     ,    ,      ,       ,      ,      ,        ,        ,        ,        ,        ,        ,        ,        ,      
erickau01, 1962,     1, CHI , NHL , D  ,  3.0,  0.0,   0.0,   0.0,   8.0,      ,     ,     ,     ,     ,     ,    ,      ,       ,      ,      ,        ,        ,        ,        ,        ,        ,        ,        ,      
erickau01, 1963,     1, CHI , NHL , D  , 31.0,  0.0,   1.0,   1.0,  34.0,      ,  0.0,     ,  0.0,     ,  0.0, 0.0,      ,    6.0,   0.0,   0.0,     0.0,     0.0,        ,        ,        ,        ,        ,     0.0,      
erickau01, 1966,     1, TOR , NHL , D  ,     ,     ,      ,      ,      ,      ,     ,     ,     ,     ,     ,    ,      ,    1.0,   0.0,   0.0,     0.0,     2.0,        ,        ,        ,        ,        ,     0.0,      
erickau01, 1967,     1, OAK , NHL , D  , 65.0,  4.0,  11.0,  15.0,  46.0, -17.0,  0.0,     ,  0.0,     ,  0.0, 1.0,  66.0,       ,      ,      ,        ,        ,        ,        ,        ,        ,        ,        ,      
erickau01, 1969,     1, OAK , NHL , D  ,  1.0,  0.0,   0.0,   0.0,   0.0, -1.0 ,  0.0,     ,  0.0,     ,  0.0, 0.0,   1.0,       ,      ,      ,        ,        ,        ,        ,        ,        ,        ,        ,      
erickbr01, 1983,     1, WAS , NHL , R  , 45.0, 12.0,  17.0,  29.0,  16.0, 10.0 ,  4.0,     ,  0.0,     ,  2.0, 0.0,  66.0,    8.0,   2.0,   3.0,     5.0,     7.0, -1.0   ,     1.0,        ,     0.0,        ,     0.0,     9.0
erickbr01, 1984,     1, WAS , NHL , R  , 57.0, 15.0,  13.0,  28.0,  23.0, 11.0 ,  1.0,     ,  0.0,     ,  1.0, 0.0,  79.0,       ,      ,      ,        ,        ,        ,        ,        ,        ,        ,        ,      
erickbr01, 1985,     1, LAK , NHL , R  , 55.0, 20.0,  23.0,  43.0,  36.0, 1.0  ,  6.0,     ,  0.0,     ,  4.0, 0.0, 108.0,       ,      ,      ,        ,        ,        ,        ,        ,        ,        ,        ,      
erickbr01, 1986,     1, LAK , NHL , R  , 68.0, 20.0,  30.0,  50.0,  26.0, -12.0,  6.0,     ,  2.0,     ,  4.0, 0.0, 142.0,    3.0,   1.0,   1.0,     2.0,     0.0, 0.0    ,     0.0,        ,     0.0,        ,     0.0,     3.0
erickbr01, 1987,     1, LAK , NHL , R  , 42.0,  6.0,  15.0,  21.0,  20.0, -14.0,  2.0,     ,  0.0,  0.0,  0.0, 0.0,  68.0,       ,      ,      ,        ,        ,        ,        ,        ,        ,        ,        ,      
erickbr01, 1987,     2, PIT , NHL , R  , 11.0,  1.0,   4.0,   5.0,   0.0, 2.0  ,  0.0,     ,  0.0,  0.0,  0.0, 0.0,  13.0,       ,      ,      ,        ,        ,        ,        ,        ,        ,        ,        ,      
erickbr01, 1990,     1, WIN , NHL , R  ,  6.0,  0.0,   7.0,   7.0,   0.0, 1.0  ,  0.0,  4.0,  0.0,  0.0,  0.0, 0.0,  16.0,       ,      ,      ,        ,        ,        ,        ,        ,        ,        ,        ,      
erickbr01, 1991,     1, WIN , NHL , R  , 10.0,  2.0,   4.0,   6.0,   0.0, 9.0  ,  0.0,  0.0,  0.0,  0.0,  1.0, 0.0,  16.0,       ,      ,      ,        ,        ,        ,        ,        ,        ,        ,        ,      
erickbr01, 1992,     1, WIN , NHL , R  , 41.0,  4.0,  12.0,  16.0,  14.0, 2.0  ,  2.0,  3.0,  0.0,  0.0,  1.0, 0.0,  45.0,    3.0,   0.0,   0.0,     0.0,     0.0, -1.0   ,     0.0,     0.0,     0.0,     0.0,     0.0,     0.0
erickbr01, 1993,     1, WIN , NHL , R  , 16.0,  0.0,   0.0,   0.0,   6.0, -7.0 ,  0.0,  0.0,  0.0,  0.0,  0.0, 0.0,   8.0,       ,      ,      ,        ,        ,        ,        ,        ,        ,        ,        ,      
erickch01, 1991,     1, NJD , NHL , G  ,  2.0,  0.0,   0.0,   0.0,   0.0, 0.0  ,  0.0,  0.0,  0.0,  0.0,  0.0, 0.0,   0.0,       ,      ,      ,        ,        ,        ,        ,        ,        ,        ,        ,      
erickgr01, 1968,     1, BOS , NHL , L  ,  2.0,  1.0,   0.0,   1.0,   0.0, 2.0  ,  0.0,     ,  0.0,     ,  0.0, 0.0,   2.0,       ,      ,      ,        ,        ,        ,        ,        ,        ,        ,        ,      
erickgr01, 1969,     1, MNS , NHL , L  ,  4.0,  0.0,   0.0,   0.0,   0.0, -3.0 ,  0.0,     ,  0.0,     ,  0.0, 0.0,   4.0,       ,      ,      ,        ,        ,        ,        ,        ,        ,        ,        ,      
erickgr01, 1972,     1, CLC , WHA , L  , 77.0, 15.0,  29.0,  44.0,  23.0,      ,  2.0,     ,  1.0,     ,     ,    ,      ,    9.0,   2.0,   1.0,     3.0,     2.0,        ,     0.0,        ,     0.0,        ,     1.0,      
erickgr01, 1973,     1, CLC , WHA , L  , 78.0, 23.0,  27.0,  50.0,  26.0,      ,  3.0,     ,  2.0,     ,  5.0,    ,      ,    5.0,   0.0,   2.0,     2.0,     0.0,        ,        ,        ,        ,        ,     0.0,      
erickgr01, 1974,     1, CLC , WHA , L  , 78.0, 12.0,  15.0,  27.0,  24.0, 2.0  ,  0.0,     ,  2.0,     ,     ,    , 128.0,    5.0,   0.0,   0.0,     0.0,     0.0,        ,     0.0,        ,     0.0,        ,     0.0,      
erickgr01, 1975,     1, PHR , WHA , L  , 33.0,  4.0,   7.0,  11.0,   6.0, 0.0  ,  0.0,     ,  1.0,     ,  0.0,    ,  64.0,    5.0,   0.0,   2.0,     2.0,     0.0, 1.0    ,        ,        ,        ,        ,        ,      
ericsjo01, 2007,     1, DET , NHL , D  ,  8.0,  1.0,   0.0,   1.0,   4.0, -3.0 ,  1.0,  0.0,  0.0,  0.0,  0.0,    ,  19.0,       ,      ,      ,        ,        ,        ,        ,        ,        ,        ,        ,      
ericsjo01, 2008,     1, DET , NHL , D  , 19.0,  1.0,   3.0,   4.0,  15.0, -1.0 ,  0.0,  0.0,  0.0,  0.0,  0.0,    ,  25.0,   22.0,   4.0,   4.0,     8.0,    25.0, 9.0    ,     0.0,     0.0,     0.0,     1.0,     1.0,    33.0
ericsjo01, 2009,     1, DET , NHL , D  , 62.0,  4.0,   9.0,  13.0,  44.0, -15.0,  0.0,  0.0,  1.0,  0.0,  1.0,    ,  55.0,   12.0,   0.0,   2.0,     2.0,     8.0, 1.0    ,     0.0,     0.0,     0.0,     0.0,     0.0,    11.0
eriksan01, 1995,     1, DET , NHL , D  ,  1.0,  0.0,   0.0,   0.0,   2.0, 1.0  ,  0.0,  0.0,  0.0,  0.0,  0.0, 0.0,   0.0,    3.0,   0.0,   0.0,     0.0,     0.0, 2.0    ,     0.0,     0.0,     0.0,     0.0,     0.0,     1.0
eriksan01, 1996,     1, DET , NHL , D  , 23.0,  0.0,   6.0,   6.0,  10.0, 5.0  ,  0.0,  0.0,  0.0,  0.0,  0.0, 0.0,  27.0,       ,      ,      ,        ,        ,        ,        ,        ,        ,        ,        ,      
eriksan01, 1997,     1, DET , NHL , D  , 66.0,  7.0,  14.0,  21.0,  32.0, 21.0 ,  1.0,  4.0,  0.0,  0.0,  2.0, 0.0,  91.0,   18.0,   0.0,   5.0,     5.0,    16.0, 7.0    ,     0.0,     2.0,     0.0,     0.0,     0.0,    17.0
eriksan01, 1998,     1, DET , NHL , D  , 61.0,  2.0,  10.0,  12.0,  34.0, 5.0  ,  0.0,  0.0,  0.0,  1.0,  1.0, 0.0,  67.0,       ,      ,      ,        ,        ,        ,        ,        ,        ,        ,        ,      
eriksan01, 1998,     2, CHI , NHL , D  , 11.0,  0.0,   8.0,   8.0,   0.0, 6.0  ,  0.0,  4.0,  0.0,  0.0,  0.0, 0.0,  12.0,       ,      ,      ,        ,        ,        ,        ,        ,        ,        ,        ,      
eriksan01, 1999,     1, CHI , NHL , D  , 73.0,  3.0,  25.0,  28.0,  20.0, 4.0  ,  0.0, 10.0,  0.0,  0.0,  1.0, 0.0,  86.0,       ,      ,      ,        ,        ,        ,        ,        ,        ,        ,        ,      
eriksan01, 2000,     1, CHI , NHL , D  , 13.0,  2.0,   3.0,   5.0,   2.0, -4.0 ,  1.0,  3.0,  0.0,  0.0,  0.0, 0.0,  19.0,       ,      ,      ,        ,        ,        ,        ,        ,        ,        ,        ,      
eriksan01, 2000,     2, FLO , NHL , D  , 60.0,  0.0,  21.0,  21.0,  28.0, 2.0  ,  0.0, 10.0,  0.0,  0.0,  0.0, 0.0,  80.0,       ,      ,      ,        ,        ,        ,        ,        ,        ,        ,        ,      
eriksan01, 2001,     1, TOR , NHL , D  , 34.0,  0.0,   2.0,   2.0,  12.0, -1.0 ,  0.0,  0.0,  0.0,  0.0,  0.0, 0.0,  31.0,   10.0,   0.0,   0.0,     0.0,     0.0, -3.0   ,     0.0,     0.0,     0.0,     0.0,     0.0,    11.0
eriksan01, 2002,     1, TOR , NHL , D  ,  4.0,  0.0,   0.0,   0.0,   0.0, 1.0  ,  0.0,  0.0,  0.0,  0.0,  0.0, 0.0,   7.0,       ,      ,      ,        ,        ,        ,        ,        ,        ,        ,        ,      
eriksan01, 2003,     1, CBS , NHL , D  , 66.0,  7.0,  20.0,  27.0,  18.0, -6.0 ,  2.0,  7.0,  0.0,  0.0,  1.0, 1.0,  84.0,       ,      ,      ,        ,        ,        ,        ,        ,        ,        ,        ,      
eriksan01, 2006,     1, CBS , NHL , D  , 79.0,  0.0,  23.0,  23.0,  46.0, 12.0 ,  0.0,  8.0,  0.0,  1.0,  0.0,    ,  78.0,       ,      ,      ,        ,        ,        ,        ,        ,        ,        ,        ,      
eriksan01, 2007,     1, CAL , NHL , D  , 61.0,  1.0,  17.0,  18.0,  36.0, -5.0 ,  1.0,  4.0,  0.0,  0.0,  0.0,    ,  50.0,    3.0,   0.0,   1.0,     1.0,     2.0, 0.0    ,     0.0,     0.0,     0.0,     0.0,     0.0,     0.0
eriksan01, 2008,     1, CAL , NHL , D  ,     ,     ,      ,      ,      ,      ,     ,     ,     ,     ,     ,    ,      ,    2.0,   0.0,   0.0,     0.0,     0.0, -1.0   ,     0.0,     0.0,     0.0,     0.0,     0.0,     2.0
eriksan01, 2009,     1, PHO , NHL , D  , 12.0,  0.0,   3.0,   3.0,   2.0, 0.0  ,  0.0,  0.0,  0.0,  0.0,  0.0,    ,   4.0,       ,      ,      ,        ,        ,        ,        ,        ,        ,        ,        ,      
eriksan01, 2009,     2, NYR , NHL , D  ,  8.0,  0.0,   2.0,   2.0,   0.0, 2.0  ,  0.0,  1.0,  0.0,  0.0,  0.0,    ,   2.0,       ,      ,      ,        ,        ,        ,        ,        ,        ,        ,        ,      
erikslo01, 2006,     1, DAL , NHL , L  , 59.0,  6.0,  13.0,  19.0,  18.0, -3.0 ,  2.0,  3.0,  0.0,  0.0,  0.0,    ,  78.0,    4.0,   0.0,   1.0,     1.0,     0.0, 0.0    ,     0.0,     0.0,     0.0,     0.0,     0.0,     7.0
erikslo01, 2007,     1, DAL , NHL , L  , 69.0, 14.0,  17.0,  31.0,  28.0, 5.0  ,  4.0,  2.0,  0.0,  0.0,  0.0,    , 120.0,   18.0,   4.0,   4.0,     8.0,     8.0, 1.0    ,     1.0,     0.0,     0.0,     0.0,     0.0,    31.0
erikslo01, 2008,     1, DAL , NHL , L  , 82.0, 36.0,  27.0,  63.0,  14.0, 14.0 ,  7.0,  5.0,  1.0,  0.0,  4.0,    , 178.0,       ,      ,      ,        ,        ,        ,        ,        ,        ,        ,        ,      
erikslo01, 2009,     1, DAL , NHL , L  , 82.0, 29.0,  42.0,  71.0,  26.0, -4.0 ,  6.0,  6.0,  2.0,  1.0,  4.0,    , 214.0,       ,      ,      ,        ,        ,        ,        ,        ,        ,        ,        ,      
erikspe01, 1989,     1, EDM , NHL , L  , 20.0,  3.0,   3.0,   6.0,  24.0, -1.0 ,  1.0,  1.0,  0.0,  0.0,  0.0, 0.0,  23.0,       ,      ,      ,        ,        ,        ,        ,        ,        ,        ,        ,      
eriksro01, 1976,     1, MNS , NHL , C  , 80.0, 25.0,  44.0,  69.0,  10.0, -29.0, 10.0,     ,  0.0,     ,  1.0, 3.0, 249.0,    2.0,   1.0,   0.0,     1.0,     0.0,        ,     0.0,        ,     0.0,        ,     0.0,      
eriksro01, 1977,     1, MNS , NHL , C  , 78.0, 21.0,  39.0,  60.0,  12.0, -29.0,  3.0,     ,  0.0,     ,  1.0, 0.0, 257.0,       ,      ,      ,        ,        ,        ,        ,        ,        ,        ,        ,      
eriksro01, 1978,     1, VAN , NHL , C  , 35.0,  2.0,  12.0,  14.0,   4.0, -12.0,  0.0,     ,  0.0,     ,  0.0, 0.0,  69.0,       ,      ,      ,        ,        ,        ,        ,        ,        ,        ,        ,      
eriksro01, 1978,     2, WIJ , WHA , C  , 33.0,  5.0,  10.0,  15.0,   2.0, -5.0 ,  3.0,     ,  0.0,     ,     ,    ,  55.0,   10.0,   1.0,   4.0,     5.0,     0.0, -3.0   ,        ,        ,        ,        ,     0.0,      
eriksth01, 1980,     1, PHI , NHL , D  , 24.0,  1.0,  10.0,  11.0,  14.0, 4.0  ,  1.0,     ,  0.0,     ,  0.0, 0.0,  49.0,    7.0,   0.0,   2.0,     2.0,     6.0,        ,     0.0,        ,     0.0,        ,     0.0,      
eriksth01, 1981,     1, PHI , NHL , D  ,  1.0,  0.0,   0.0,   0.0,   4.0, -1.0 ,  0.0,     ,  0.0,     ,  0.0, 0.0,   0.0,       ,      ,      ,        ,        ,        ,        ,        ,        ,        ,        ,      
eriksth01, 1983,     1, PHI , NHL , D  , 68.0, 11.0,  33.0,  44.0,  37.0, 28.0 ,  2.0,     ,  0.0,     ,  1.0, 0.0, 110.0,    3.0,   0.0,   1.0,     1.0,     0.0, -4.0   ,     0.0,        ,     0.0,        ,     0.0,     5.0
eriksth01, 1984,     1, PHI , NHL , D  , 72.0, 10.0,  29.0,  39.0,  36.0, 24.0 ,  4.0,     ,  1.0,     ,  1.0, 0.0, 125.0,    9.0,   0.0,   0.0,     0.0,     6.0, -1.0   ,     0.0,        ,     0.0,        ,     0.0,     7.0
eriksth01, 1985,     1, PHI , NHL , D  , 43.0,  0.0,   4.0,   4.0,  16.0, -12.0,  0.0,     ,  0.0,     ,  0.0, 0.0,  32.0,       ,      ,      ,        ,        ,        ,        ,        ,        ,        ,        ,      
erixoja01, 1983,     1, NYR , NHL , R  , 75.0,  5.0,  25.0,  30.0,  16.0, 14.0 ,  1.0,     ,  0.0,     ,  0.0, 0.0,  94.0,    5.0,   2.0,   0.0,     2.0,     4.0, -1.0   ,     0.0,        ,     0.0,        ,     1.0,     8.0
erixoja01, 1984,     1, NYR , NHL , L  , 66.0,  7.0,  22.0,  29.0,  33.0, -11.0,  0.0,     ,  1.0,     ,  0.0, 0.0,  72.0,    2.0,   0.0,   0.0,     0.0,     2.0, 0.0    ,     0.0,        ,     0.0,        ,     0.0,     1.0
erixoja01, 1985,     1, NYR , NHL , R  , 31.0,  2.0,  17.0,  19.0,   4.0, 12.0 ,  0.0,     ,  0.0,     ,  0.0, 0.0,  33.0,   12.0,   0.0,   1.0,     1.0,     4.0, -2.0   ,     0.0,        ,     0.0,        ,     0.0,     6.0
erixoja01, 1986,     1, NYR , NHL , R  , 68.0,  8.0,  18.0,  26.0,  24.0, 3.0  ,  0.0,     ,  1.0,     ,  1.0, 0.0,  73.0,    6.0,   1.0,   0.0,     1.0,     0.0, -5.0   ,     0.0,        ,     0.0,        ,     0.0,     7.0
erixoja01, 1987,     1, NYR , NHL , R  , 70.0,  7.0,  19.0,  26.0,  33.0, 3.0  ,  0.0,  0.0,  1.0,  2.0,  0.0, 0.0,  99.0,       ,      ,      ,        ,        ,        ,        ,        ,        ,        ,        ,      
erixoja01, 1988,     1, NYR , NHL , R  , 44.0,  4.0,  11.0,  15.0,  27.0, -3.0 ,  0.0,  0.0,  0.0,  1.0,  2.0, 0.0,  41.0,    4.0,   0.0,   1.0,     1.0,     2.0, -3.0   ,     0.0,     0.0,     0.0,     0.0,     0.0,     3.0
erixoja01, 1989,     1, NYR , NHL , R  , 58.0,  4.0,   9.0,  13.0,   8.0, -17.0,  0.0,  0.0,  0.0,  0.0,  1.0, 0.0,  61.0,   10.0,   1.0,   0.0,     1.0,     2.0, 2.0    ,     0.0,     0.0,     1.0,     0.0,     0.0,    11.0
erixoja01, 1990,     1, NYR , NHL , R  , 53.0,  7.0,  18.0,  25.0,   8.0, 13.0 ,  0.0,  0.0,  3.0,  1.0,  0.0, 0.0,  40.0,    6.0,   1.0,   2.0,     3.0,     0.0, -1.0   ,     0.0,     0.0,     0.0,     0.0,     0.0,     7.0
erixoja01, 1991,     1, NYR , NHL , R  , 46.0,  8.0,   9.0,  17.0,   4.0, 13.0 ,  0.0,  0.0,  1.0,  0.0,  0.0, 0.0,  51.0,   13.0,   2.0,   3.0,     5.0,     2.0, -6.0   ,     0.0,     0.0,     1.0,     0.0,     1.0,    11.0
erixoja01, 1992,     1, NYR , NHL , L  , 45.0,  5.0,  11.0,  16.0,  10.0, 11.0 ,  0.0,  0.0,  1.0,  1.0,  1.0, 0.0,  36.0,       ,      ,      ,        ,        ,        ,        ,        ,        ,        ,        ,      
erreybo01, 1983,     1, PIT , NHL , L  , 65.0,  9.0,  13.0,  22.0,  29.0, -20.0,  1.0,     ,  0.0,     ,  0.0, 0.0,  84.0,       ,      ,      ,        ,        ,        ,        ,        ,        ,        ,        ,      
erreybo01, 1984,     1, PIT , NHL , L  , 16.0,  0.0,   2.0,   2.0,   7.0, -8.0 ,  0.0,     ,  0.0,     ,  0.0, 0.0,  12.0,       ,      ,      ,        ,        ,        ,        ,        ,        ,        ,        ,      
erreybo01, 1985,     1, PIT , NHL , L  , 37.0, 11.0,   6.0,  17.0,   8.0, 1.0  ,  1.0,     ,  0.0,     ,  2.0, 0.0,  57.0,       ,      ,      ,        ,        ,        ,        ,        ,        ,        ,        ,      
erreybo01, 1986,     1, PIT , NHL , L  , 72.0, 16.0,  18.0,  34.0,  46.0, -5.0 ,  2.0,     ,  1.0,     ,  1.0, 0.0, 138.0,       ,      ,      ,        ,        ,        ,        ,        ,        ,        ,        ,      
erreybo01, 1987,     1, PIT , NHL , L  , 17.0,  3.0,   6.0,   9.0,  18.0, 6.0  ,  0.0,  0.0,  0.0,  1.0,  0.0, 0.0,  18.0,       ,      ,      ,        ,        ,        ,        ,        ,        ,        ,        ,      
erreybo01, 1988,     1, PIT , NHL , L  , 76.0, 26.0,  32.0,  58.0, 124.0, 40.0 ,  0.0,  0.0,  3.0,  6.0,  5.0, 0.0, 130.0,   11.0,   1.0,   2.0,     3.0,    12.0, 1.0    ,     0.0,     0.0,     0.0,     0.0,     0.0,    23.0
erreybo01, 1989,     1, PIT , NHL , L  , 78.0, 20.0,  19.0,  39.0, 109.0, 3.0  ,  0.0,  1.0,  1.0,  0.0,  1.0, 0.0, 127.0,       ,      ,      ,        ,        ,        ,        ,        ,        ,        ,        ,      
erreybo01, 1990,     1, PIT , NHL , L  , 79.0, 20.0,  22.0,  42.0, 115.0, 11.0 ,  0.0,  0.0,  1.0,  0.0,  2.0, 0.0, 131.0,   24.0,   5.0,   2.0,     7.0,    29.0, 5.0    ,     0.0,     0.0,     1.0,     0.0,     0.0,    40.0
erreybo01, 1991,     1, PIT , NHL , L  , 78.0, 19.0,  16.0,  35.0, 119.0, 1.0  ,  0.0,  0.0,  3.0,  2.0,  1.0, 0.0, 122.0,   14.0,   3.0,   0.0,     3.0,    10.0, 0.0    ,     0.0,     0.0,     1.0,     0.0,     0.0,    16.0
erreybo01, 1992,     1, PIT , NHL , L  , 54.0,  8.0,   6.0,  14.0,  76.0, -2.0 ,  0.0,  0.0,  0.0,  0.0,  2.0, 0.0,  79.0,       ,      ,      ,        ,        ,        ,        ,        ,        ,        ,        ,      
erreybo01, 1992,     2, BUF , NHL , L  ,  8.0,  1.0,   3.0,   4.0,   4.0, 2.0  ,  0.0,  0.0,  0.0,  0.0,  0.0, 0.0,   9.0,    4.0,   0.0,   1.0,     1.0,    10.0, -1.0   ,     0.0,     0.0,     0.0,     0.0,     0.0,     4.0
erreybo01, 1993,     1, SJS , NHL , L  , 64.0, 12.0,  18.0,  30.0, 126.0, -11.0,  5.0,  6.0,  0.0,  1.0,  2.0, 0.0,  89.0,   14.0,   3.0,   2.0,     5.0,    10.0, -3.0   ,     1.0,     0.0,     0.0,     0.0,     0.0,    12.0
erreybo01, 1994,     1, SJS , NHL , L  , 13.0,  2.0,   2.0,   4.0,  27.0, 4.0  ,  0.0,  0.0,  0.0,  0.0,  0.0, 0.0,  19.0,       ,      ,      ,        ,        ,        ,        ,        ,        ,        ,        ,      
erreybo01, 1994,     2, DET , NHL , L  , 30.0,  6.0,  11.0,  17.0,  31.0, 9.0  ,  0.0,  3.0,  0.0,  0.0,  1.0, 0.0,  53.0,   18.0,   1.0,   5.0,     6.0,    30.0, 0.0    ,     1.0,     0.0,     0.0,     0.0,     0.0,    18.0
erreybo01, 1995,     1, DET , NHL , L  , 71.0, 11.0,  21.0,  32.0,  66.0, 30.0 ,  2.0,  1.0,  2.0,  1.0,  2.0, 1.0,  85.0,   14.0,   0.0,   4.0,     4.0,     8.0, 1.0    ,     0.0,     1.0,     0.0,     0.0,     0.0,    21.0
erreybo01, 1996,     1, DET , NHL , L  , 36.0,  1.0,   2.0,   3.0,  27.0, -3.0 ,  0.0,  0.0,  0.0,  0.0,  0.0, 0.0,  34.0,       ,      ,      ,        ,        ,        ,        ,        ,        ,        ,        ,      
erreybo01, 1996,     2, SJS , NHL , L  , 30.0,  3.0,   6.0,   9.0,  20.0, -2.0 ,  0.0,  0.0,  0.0,  0.0,  0.0, 0.0,  38.0,       ,      ,      ,        ,        ,        ,        ,        ,        ,        ,        ,      
erreybo01, 1997,     1, DAL , NHL , R  , 59.0,  2.0,   9.0,  11.0,  46.0, 7.0  ,  0.0,  0.0,  0.0,  3.0,  0.0, 0.0,  34.0,       ,      ,      ,        ,        ,        ,        ,        ,        ,        ,        ,      
erreybo01, 1997,     2, NYR , NHL , R  , 12.0,  0.0,   0.0,   0.0,   7.0, -5.0 ,  0.0,  0.0,  0.0,  0.0,  0.0, 0.0,  11.0,       ,      ,      ,        ,        ,        ,        ,        ,        ,        ,        ,      
ersbeer01, 2007,     1, LAK , NHL , G  , 14.0,  0.0,   0.0,   0.0,   0.0, 0.0  ,  0.0,  0.0,  0.0,  0.0,  0.0,    ,   0.0,       ,      ,      ,        ,        ,        ,        ,        ,        ,        ,        ,      
ersbeer01, 2008,     1, LAK , NHL , G  , 28.0,  0.0,   0.0,   0.0,   2.0, 0.0  ,  0.0,  0.0,  0.0,  0.0,  0.0,    ,   0.0,       ,      ,      ,        ,        ,        ,        ,        ,        ,        ,        ,      
ersbeer01, 2009,     1, LAK , NHL , G  , 11.0,  0.0,   0.0,   0.0,   0.0, 0.0  ,  0.0,  0.0,  0.0,  0.0,  0.0,    ,   0.0,    1.0,   0.0,   0.0,     0.0,     0.0, 0.0    ,     0.0,     0.0,     0.0,     0.0,     0.0,     0.0
erskijo01, 2001,     1, DAL , NHL , D  , 33.0,  0.0,   1.0,   1.0,  62.0, -8.0 ,  0.0,  0.0,  0.0,  0.0,  0.0, 0.0,  16.0,       ,      ,      ,        ,        ,        ,        ,        ,        ,        ,        ,      
erskijo01, 2002,     1, DAL , NHL , D  , 16.0,  2.0,   0.0,   2.0,  29.0, 1.0  ,  0.0,  0.0,  0.0,  0.0,  0.0, 0.0,  12.0,       ,      ,      ,        ,        ,        ,        ,        ,        ,        ,        ,      
erskijo01, 2003,     1, DAL , NHL , D  , 32.0,  0.0,   1.0,   1.0,  84.0, -9.0 ,  0.0,  0.0,  0.0,  0.0,  0.0, 0.0,  23.0,       ,      ,      ,        ,        ,        ,        ,        ,        ,        ,        ,      
erskijo01, 2005,     1, DAL , NHL , D  , 26.0,  0.0,   0.0,   0.0,  62.0, -3.0 ,  0.0,  0.0,  0.0,  0.0,  0.0,    ,   9.0,       ,      ,      ,        ,        ,        ,        ,        ,        ,        ,        ,      
erskijo01, 2005,     2, NYI , NHL , D  , 34.0,  1.0,   0.0,   1.0,  99.0, -12.0,  0.0,  0.0,  0.0,  0.0,  0.0,    ,  23.0,       ,      ,      ,        ,        ,        ,        ,        ,        ,        ,        ,      
erskijo01, 2006,     1, WAS , NHL , D  , 29.0,  1.0,   6.0,   7.0,  69.0, -13.0,  0.0,  1.0,  0.0,  1.0,  0.0,    ,  14.0,       ,      ,      ,        ,        ,        ,        ,        ,        ,        ,        ,      
erskijo01, 2007,     1, WAS , NHL , D  , 51.0,  2.0,   7.0,   9.0,  96.0, 1.0  ,  0.0,  0.0,  0.0,  1.0,  1.0,    ,  48.0,    7.0,   0.0,   2.0,     2.0,     6.0, 1.0    ,     0.0,     0.0,     0.0,     0.0,     0.0,     8.0
erskijo01, 2008,     1, WAS , NHL , D  , 52.0,  0.0,   4.0,   4.0,  63.0, 1.0  ,  0.0,  0.0,  0.0,  1.0,  0.0,    ,  50.0,   12.0,   0.0,   1.0,     1.0,    16.0, 1.0    ,     0.0,     0.0,     0.0,     0.0,     0.0,     8.0
erskijo01, 2009,     1, WAS , NHL , D  , 50.0,  1.0,   5.0,   6.0,  66.0, 16.0 ,  0.0,  0.0,  0.0,  0.0,  0.0,    ,  50.0,       ,      ,      ,        ,        ,        ,        ,        ,        ,        ,        ,      
esaule01 , 1991,     1, TOR , NHL , D  ,  2.0,  0.0,   0.0,   0.0,   0.0, 0.0  ,  0.0,  0.0,  0.0,  0.0,  0.0, 0.0,   0.0,       ,      ,      ,        ,        ,        ,        ,        ,        ,        ,        ,      
esaule01 , 1992,     1, QUE , NHL , D  ,  4.0,  0.0,   1.0,   1.0,   2.0, 1.0  ,  0.0,  0.0,  0.0,  0.0,  0.0, 0.0,   1.0,       ,      ,      ,        ,        ,        ,        ,        ,        ,        ,        ,      
esaule01 , 1993,     1, CAL , NHL , D  ,  6.0,  0.0,   3.0,   3.0,   7.0, -1.0 ,  0.0,  0.0,  0.0,  0.0,  0.0, 0.0,   4.0,       ,      ,      ,        ,        ,        ,        ,        ,        ,        ,        ,      
esaule01 , 1994,     1, EDM , NHL , D  , 14.0,  0.0,   6.0,   6.0,  15.0, -8.0 ,  0.0,  2.0,  0.0,  0.0,  0.0, 0.0,  17.0,       ,      ,      ,        ,        ,        ,        ,        ,        ,        ,        ,      
esaule01 , 1994,     2, CAL , NHL , D  ,  1.0,  0.0,   0.0,   0.0,   0.0, -2.0 ,  0.0,  0.0,  0.0,  0.0,  0.0, 0.0,   4.0,       ,      ,      ,        ,        ,        ,        ,        ,        ,        ,        ,      
eschero01, 1998,     1, PHO , NHL , G  ,  3.0,  0.0,   0.0,   0.0,   0.0, 0.0  ,  0.0,  0.0,  0.0,  0.0,  0.0, 0.0,   0.0,       ,      ,      ,        ,        ,        ,        ,        ,        ,        ,        ,      
eschero01, 1999,     1, PHO , NHL , G  ,  8.0,  0.0,   0.0,   0.0,   4.0, 0.0  ,  0.0,  0.0,  0.0,  0.0,  0.0, 0.0,   1.0,       ,      ,      ,        ,        ,        ,        ,        ,        ,        ,        ,      
eschero01, 2000,     1, PHO , NHL , G  , 25.0,  0.0,   3.0,   3.0,   2.0, 0.0  ,  0.0,  1.0,  0.0,  1.0,  0.0, 0.0,   0.0,       ,      ,      ,        ,        ,        ,        ,        ,        ,        ,        ,      
eschero01, 2001,     1, PHO , NHL , G  , 22.0,  0.0,   0.0,   0.0,  16.0, 0.0  ,  0.0,  0.0,  0.0,  0.0,  0.0, 0.0,   0.0,       ,      ,      ,        ,        ,        ,        ,        ,        ,        ,        ,      
eschero01, 2002,     1, PHI , NHL , G  , 30.0,  0.0,   0.0,   0.0,   6.0, 0.0  ,  0.0,  0.0,  0.0,  0.0,  0.0, 0.0,   0.0,    1.0,   0.0,   0.0,     0.0,     0.0, 0.0    ,     0.0,     0.0,     0.0,     0.0,     0.0,     0.0
eschero01, 2003,     1, PHI , NHL , G  , 40.0,  0.0,   0.0,   0.0,  31.0, 0.0  ,  0.0,  0.0,  0.0,  0.0,  0.0, 0.0,   1.0,   18.0,   0.0,   0.0,     0.0,     8.0, 0.0    ,     0.0,     0.0,     0.0,     0.0,     0.0,     0.0
eschero01, 2005,     1, PHI , NHL , G  , 40.0,  0.0,   3.0,   3.0,   4.0, 0.0  ,  0.0,  1.0,  0.0,  1.0,  0.0,    ,   0.0,    6.0,   0.0,   0.0,     0.0,     2.0, 0.0    ,     0.0,     0.0,     0.0,     0.0,     0.0,     0.0
eschero01, 2006,     1, PHI , NHL , G  , 18.0,  0.0,   2.0,   2.0,   2.0, 0.0  ,  0.0,  1.0,  0.0,  0.0,  0.0,    ,   1.0,       ,      ,      ,        ,        ,        ,        ,        ,        ,        ,        ,      
esposph01, 1963,     1, CHI , NHL , C  , 27.0,  3.0,   2.0,   5.0,   2.0,      ,  0.0,     ,  0.0,     ,  0.0, 0.0,      ,    4.0,   0.0,   0.0,     0.0,     0.0,        ,        ,        ,        ,        ,     0.0,      
esposph01, 1964,     1, CHI , NHL , C  , 70.0, 23.0,  32.0,  55.0,  44.0,      ,  5.0,     ,  1.0,     ,  9.0, 1.0,      ,   13.0,   3.0,   3.0,     6.0,    15.0,        ,        ,        ,        ,        ,     0.0,      
esposph01, 1965,     1, CHI , NHL , C  , 69.0, 27.0,  26.0,  53.0,  49.0,      ,  7.0,     ,  0.0,     ,  6.0, 1.0,      ,    6.0,   1.0,   1.0,     2.0,     2.0,        ,        ,        ,        ,        ,     0.0,      
esposph01, 1966,     1, CHI , NHL , C  , 69.0, 21.0,  40.0,  61.0,  40.0,      ,  2.0,     ,  1.0,     ,  3.0, 2.0,      ,    6.0,   0.0,   0.0,     0.0,     7.0,        ,        ,        ,        ,        ,     0.0,      
esposph01, 1967,     1, BOS , NHL , C  , 74.0, 35.0,  49.0,  84.0,  21.0, 19.0 ,  9.0,     ,  1.0,     ,  3.0, 0.0, 284.0,    4.0,   0.0,   3.0,     3.0,     0.0,        ,     0.0,        ,     0.0,        ,     0.0,      
esposph01, 1968,     1, BOS , NHL , C  , 74.0, 49.0,  77.0, 126.0,  79.0, 56.0 , 10.0,     ,  2.0,     ,  9.0, 2.0, 351.0,   10.0,   8.0,  10.0,    18.0,     8.0,        ,     5.0,        ,     0.0,        ,     2.0,      
esposph01, 1969,     1, BOS , NHL , C  , 76.0, 43.0,  56.0,  99.0,  50.0, 28.0 , 18.0,     ,  1.0,     ,  5.0, 2.0, 405.0,   14.0,  13.0,  14.0,    27.0,    16.0,        ,     4.0,        ,     0.0,        ,     2.0,      
esposph01, 1970,     1, BOS , NHL , C  , 78.0, 76.0,  76.0, 152.0,  71.0, 71.0 , 25.0,     ,  1.0,     , 16.0, 0.0, 550.0,    7.0,   3.0,   7.0,    10.0,     6.0,        ,     2.0,        ,     0.0,        ,     0.0,      
esposph01, 1971,     1, BOS , NHL , C  , 76.0, 66.0,  67.0, 133.0,  76.0, 55.0 , 28.0,     ,  2.0,     , 16.0, 0.0, 426.0,   15.0,   9.0,  15.0,    24.0,    24.0,        ,     2.0,        ,     0.0,        ,     3.0,      
esposph01, 1972,     1, BOS , NHL , C  , 78.0, 55.0,  75.0, 130.0,  87.0, 16.0 , 19.0,     ,  5.0,     , 11.0, 2.0, 411.0,    2.0,   0.0,   1.0,     1.0,     2.0,        ,     0.0,        ,     0.0,        ,     0.0,      
esposph01, 1973,     1, BOS , NHL , C  , 78.0, 68.0,  77.0, 145.0,  58.0, 51.0 , 14.0,     ,  4.0,     ,  9.0, 4.0, 393.0,   16.0,   9.0,   5.0,    14.0,    25.0,        ,     4.0,        ,     0.0,        ,     2.0,      
esposph01, 1974,     1, BOS , NHL , C  , 79.0, 61.0,  66.0, 127.0,  62.0, 18.0 , 27.0,     ,  4.0,     ,  8.0, 1.0, 347.0,    3.0,   4.0,   1.0,     5.0,     0.0,        ,     1.0,        ,     0.0,        ,     0.0,      
esposph01, 1975,     1, BOS , NHL , C  , 12.0,  6.0,  10.0,  16.0,   8.0, -1.0 ,  3.0,     ,  0.0,     ,  0.0, 1.0,  57.0,       ,      ,      ,        ,        ,        ,        ,        ,        ,        ,        ,      
esposph01, 1975,     2, NYR , NHL , C  , 62.0, 29.0,  38.0,  67.0,  28.0, -39.0, 16.0,     ,  1.0,     ,  2.0, 2.0, 217.0,       ,      ,      ,        ,        ,        ,        ,        ,        ,        ,        ,      
esposph01, 1976,     1, NYR , NHL , C  , 80.0, 34.0,  46.0,  80.0,  52.0, -28.0, 15.0,     ,  0.0,     ,  4.0, 6.0, 344.0,       ,      ,      ,        ,        ,        ,        ,        ,        ,        ,        ,      
esposph01, 1977,     1, NYR , NHL , C  , 79.0, 38.0,  43.0,  81.0,  53.0, -22.0, 21.0,     ,  0.0,     ,  5.0, 1.0, 259.0,    3.0,   0.0,   1.0,     1.0,     5.0,        ,     0.0,        ,     0.0,        ,     0.0,      
esposph01, 1978,     1, NYR , NHL , C  , 80.0, 42.0,  36.0,  78.0,  37.0, -1.0 , 14.0,     ,  0.0,     ,  7.0, 2.0, 215.0,   18.0,   8.0,  12.0,    20.0,    20.0,        ,     2.0,        ,     0.0,        ,     2.0,      
esposph01, 1979,     1, NYR , NHL , C  , 80.0, 34.0,  44.0,  78.0,  73.0, -13.0, 13.0,     ,  0.0,     ,  5.0, 2.0, 245.0,    9.0,   3.0,   3.0,     6.0,     8.0,        ,     1.0,        ,     0.0,        ,     1.0,      
esposph01, 1980,     1, NYR , NHL , C  , 41.0,  7.0,  13.0,  20.0,  20.0, -13.0,  3.0,     ,  0.0,     ,  0.0, 0.0,  91.0,       ,      ,      ,        ,        ,        ,        ,        ,        ,        ,        ,      
esposto01, 1968,     1, MTL , NHL , G  , 13.0,  0.0,   0.0,   0.0,   0.0, 0.0  ,  0.0,     ,  0.0,     ,  0.0, 0.0,   0.0,       ,      ,      ,        ,        ,        ,        ,        ,        ,        ,        ,      
esposto01, 1969,     1, CHI , NHL , G  , 63.0,  0.0,   2.0,   2.0,   2.0, 0.0  ,  0.0,     ,  0.0,     ,  0.0, 0.0,   0.0,    8.0,   0.0,   0.0,     0.0,     0.0,        ,     0.0,        ,     0.0,        ,     0.0,      
esposto01, 1970,     1, CHI , NHL , G  , 57.0,  0.0,   1.0,   1.0,   4.0, 0.0  ,  0.0,     ,  0.0,     ,  0.0, 0.0,   0.0,   18.0,   0.0,   0.0,     0.0,     0.0,        ,     0.0,        ,     0.0,        ,     0.0,      
esposto01, 1971,     1, CHI , NHL , G  , 48.0,  0.0,   1.0,   1.0,   2.0, 0.0  ,  0.0,     ,  0.0,     ,  0.0, 0.0,   0.0,    5.0,   0.0,   0.0,     0.0,     0.0,        ,     0.0,        ,     0.0,        ,     0.0,      
esposto01, 1972,     1, CHI , NHL , G  , 56.0,  0.0,   2.0,   2.0,   0.0, 0.0  ,  0.0,     ,  0.0,     ,  0.0, 0.0,   0.0,   15.0,   0.0,   0.0,     0.0,     0.0,        ,     0.0,        ,     0.0,        ,     0.0,      
esposto01, 1973,     1, CHI , NHL , G  , 70.0,  0.0,   1.0,   1.0,   0.0, 0.0  ,  0.0,     ,  0.0,     ,  0.0, 0.0,   0.0,   10.0,   0.0,   0.0,     0.0,     0.0,        ,     0.0,        ,     0.0,        ,     0.0,      
esposto01, 1974,     1, CHI , NHL , G  , 71.0,  0.0,   1.0,   1.0,  11.0, 0.0  ,  0.0,     ,  0.0,     ,  0.0, 0.0,   0.0,    8.0,   0.0,   0.0,     0.0,     0.0,        ,     0.0,        ,     0.0,        ,     0.0,      
esposto01, 1975,     1, CHI , NHL , G  , 68.0,  0.0,   1.0,   1.0,   2.0, 0.0  ,  0.0,     ,  0.0,     ,  0.0, 0.0,   0.0,    4.0,   0.0,   0.0,     0.0,     0.0,        ,     0.0,        ,     0.0,        ,     0.0,      
esposto01, 1976,     1, CHI , NHL , G  , 69.0,  0.0,   2.0,   2.0,   6.0, 0.0  ,  0.0,     ,  0.0,     ,  0.0, 0.0,   0.0,    2.0,   0.0,   0.0,     0.0,     0.0,        ,     0.0,        ,     0.0,        ,     0.0,      
esposto01, 1977,     1, CHI , NHL , G  , 64.0,  0.0,   4.0,   4.0,   0.0, 0.0  ,  0.0,     ,  0.0,     ,  0.0, 0.0,   0.0,    4.0,   0.0,   0.0,     0.0,     0.0,        ,     0.0,        ,     0.0,        ,     0.0,      
esposto01, 1978,     1, CHI , NHL , G  , 63.0,  0.0,   1.0,   1.0,   2.0, 0.0  ,  0.0,     ,  0.0,     ,  0.0, 0.0,   0.0,    4.0,   0.0,   0.0,     0.0,     0.0,        ,     0.0,        ,     0.0,        ,     0.0,      
esposto01, 1979,     1, CHI , NHL , G  , 69.0,  0.0,   1.0,   1.0,   2.0, 0.0  ,  0.0,     ,  0.0,     ,  0.0, 0.0,   0.0,    6.0,   0.0,   0.0,     0.0,     0.0,        ,     0.0,        ,     0.0,        ,     0.0,      
esposto01, 1980,     1, CHI , NHL , G  , 66.0,  0.0,   3.0,   3.0,   0.0, 0.0  ,  0.0,     ,  0.0,     ,  0.0, 0.0,   0.0,    3.0,   0.0,   0.0,     0.0,     0.0,        ,     0.0,        ,     0.0,        ,     0.0,      
esposto01, 1981,     1, CHI , NHL , G  , 52.0,  0.0,   2.0,   2.0,   0.0, 0.0  ,  0.0,     ,  0.0,     ,  0.0, 0.0,   0.0,    7.0,   0.0,   0.0,     0.0,     0.0,        ,     0.0,        ,     0.0,        ,     0.0,      
esposto01, 1982,     1, CHI , NHL , G  , 39.0,  0.0,   0.0,   0.0,   0.0, 0.0  ,  0.0,     ,  0.0,     ,  0.0, 0.0,   0.0,    5.0,   0.0,   0.0,     0.0,     0.0,        ,     0.0,        ,     0.0,        ,     0.0,      
esposto01, 1983,     1, CHI , NHL , G  , 18.0,  0.0,   3.0,   3.0,   0.0, 0.0  ,  0.0,     ,  0.0,     ,  0.0, 0.0,   0.0,       ,      ,      ,        ,        ,        ,        ,        ,        ,        ,        ,      
essenbo01, 1988,     1, WIN , NHL , G  , 20.0,  0.0,   0.0,   0.0,   2.0, 0.0  ,  0.0,  0.0,  0.0,  0.0,  0.0, 0.0,   0.0,       ,      ,      ,        ,        ,        ,        ,        ,        ,        ,        ,      
essenbo01, 1989,     1, WIN , NHL , G  , 36.0,  0.0,   2.0,   2.0,   0.0, 0.0  ,  0.0,     ,  0.0,     ,  0.0, 0.0,   0.0,    4.0,   0.0,   0.0,     0.0,     0.0, 0.0    ,     0.0,     0.0,     0.0,     0.0,     0.0,     0.0
essenbo01, 1990,     1, WIN , NHL , G  , 55.0,  0.0,   3.0,   3.0,   6.0, 0.0  ,  0.0,     ,  0.0,     ,  0.0, 0.0,   0.0,       ,      ,      ,        ,        ,        ,        ,        ,        ,        ,        ,      
essenbo01, 1991,     1, WIN , NHL , G  , 47.0,  0.0,   2.0,   2.0,   2.0, 0.0  ,  0.0,  0.0,  0.0,  1.0,  0.0, 0.0,   0.0,    1.0,   0.0,   0.0,     0.0,     0.0, 0.0    ,     0.0,     0.0,     0.0,     0.0,     0.0,     0.0
essenbo01, 1992,     1, WIN , NHL , G  , 67.0,  0.0,   5.0,   5.0,   2.0, 0.0  ,  0.0,  0.0,  0.0,  0.0,  0.0, 0.0,   0.0,    6.0,   0.0,   0.0,     0.0,     2.0, 0.0    ,     0.0,     0.0,     0.0,     0.0,     0.0,     0.0
essenbo01, 1993,     1, WIN , NHL , G  , 56.0,  0.0,   0.0,   0.0,   6.0, 0.0  ,  0.0,  0.0,  0.0,  0.0,  0.0, 0.0,   0.0,       ,      ,      ,        ,        ,        ,        ,        ,        ,        ,        ,      
essenbo01, 1993,     2, DET , NHL , G  , 13.0,  0.0,   2.0,   2.0,   0.0, 0.0  ,  0.0,  1.0,  0.0,  0.0,  0.0, 0.0,   0.0,    2.0,   0.0,   0.0,     0.0,     0.0, 0.0    ,     0.0,     0.0,     0.0,     0.0,     0.0,     0.0
essenbo01, 1996,     1, EDM , NHL , G  , 19.0,  0.0,   0.0,   0.0,   4.0, 0.0  ,  0.0,  0.0,  0.0,  0.0,  0.0, 0.0,   0.0,       ,      ,      ,        ,        ,        ,        ,        ,        ,        ,        ,      
essenbo01, 1997,     1, EDM , NHL , G  , 16.0,  0.0,   0.0,   0.0,   0.0, 0.0  ,  0.0,  0.0,  0.0,  0.0,  0.0, 0.0,   0.0,    1.0,   0.0,   0.0,     0.0,     0.0, 0.0    ,     0.0,     0.0,     0.0,     0.0,     0.0,     0.0
essenbo01, 1998,     1, EDM , NHL , G  , 39.0,  0.0,   1.0,   1.0,   0.0, 0.0  ,  0.0,  1.0,  0.0,  0.0,  0.0, 0.0,   0.0,       ,      ,      ,        ,        ,        ,        ,        ,        ,        ,        ,      
essenbo01, 1999,     1, PHO , NHL , G  , 30.0,  0.0,   0.0,   0.0,   0.0, 0.0  ,  0.0,  0.0,  0.0,  0.0,  0.0, 0.0,   0.0,       ,      ,      ,        ,        ,        ,        ,        ,        ,        ,        ,      
essenbo01, 2000,     1, VAN , NHL , G  , 39.0,  0.0,   0.0,   0.0,   4.0, 0.0  ,  0.0,  0.0,  0.0,  0.0,  0.0, 0.0,   0.0,    2.0,   0.0,   0.0,     0.0,     0.0, 0.0    ,     0.0,     0.0,     0.0,     0.0,     0.0,     0.0
essenbo01, 2001,     1, BUF , NHL , G  ,  9.0,  0.0,   0.0,   0.0,   0.0, 0.0  ,  0.0,  0.0,  0.0,  0.0,  0.0, 0.0,   0.0,       ,      ,      ,        ,        ,        ,        ,        ,        ,        ,        ,      
evansbr01, 2003,     1, CAL , NHL , D  ,     ,     ,      ,      ,      ,      ,     ,     ,     ,     ,     ,    ,      ,    2.0,   0.0,   0.0,     0.0,     0.0, 0.0    ,     0.0,     0.0,     0.0,     0.0,     0.0,     0.0
evansch01, 1969,     1, TOR , NHL , D  ,  2.0,  0.0,   0.0,   0.0,   0.0, -5.0 ,  0.0,     ,  0.0,     ,  0.0, 0.0,   0.0,       ,      ,      ,        ,        ,        ,        ,        ,        ,        ,        ,      
evansch01, 1971,     1, BUF , NHL , D  , 61.0,  6.0,  18.0,  24.0,  98.0, -20.0,  2.0,     ,  0.0,     ,  0.0, 0.0,  99.0,       ,      ,      ,        ,        ,        ,        ,        ,        ,        ,        ,      
evansch01, 1971,     2, STL , NHL , L  ,  2.0,  0.0,   0.0,   0.0,   0.0, 0.0  ,  0.0,     ,  0.0,     ,  0.0, 0.0,   0.0,    7.0,   1.0,   0.0,     1.0,     4.0,        ,     0.0,        ,     0.0,        ,     0.0,      
evansch01, 1972,     1, STL , NHL , L  , 77.0,  9.0,  12.0,  21.0,  31.0, -2.0 ,  0.0,     ,  2.0,     ,  3.0, 0.0, 138.0,    5.0,   0.0,   1.0,     1.0,     4.0,        ,     0.0,        ,     0.0,        ,     0.0,      
evansch01, 1973,     1, STL , NHL , D  , 54.0,  4.0,   7.0,  11.0,   8.0, 5.0  ,  0.0,     ,  1.0,     ,  0.0, 0.0,  48.0,       ,      ,      ,        ,        ,        ,        ,        ,        ,        ,        ,      
evansch01, 1973,     2, DET , NHL , D  , 23.0,  0.0,   2.0,   2.0,   2.0, -4.0 ,  0.0,     ,  0.0,     ,  0.0, 0.0,  19.0,       ,      ,      ,        ,        ,        ,        ,        ,        ,        ,        ,      
evansch01, 1974,     1, KCS , NHL , D  ,  2.0,  0.0,   2.0,   2.0,   2.0, -1.0 ,  0.0,     ,  0.0,     ,  0.0, 0.0,   4.0,       ,      ,      ,        ,        ,        ,        ,        ,        ,        ,        ,      
evansch01, 1974,     2, STL , NHL , D  , 20.0,  0.0,   1.0,   1.0,   2.0, -1.0 ,  0.0,     ,  0.0,     ,  0.0, 0.0,   7.0,       ,      ,      ,        ,        ,        ,        ,        ,        ,        ,        ,      
evansch01, 1975,     1, CAC , WHA , D  , 75.0,  3.0,  20.0,  23.0,  50.0, 12.0 ,  1.0,     ,  0.0,     ,  0.0,    , 146.0,   10.0,   5.0,   5.0,    10.0,     4.0, -2.0   ,        ,        ,        ,        ,        ,      
evansch01, 1976,     1, CAC , WHA , D  , 81.0,  7.0,  27.0,  34.0,  60.0, 12.0 ,  0.0,     ,  0.0,     ,     ,    , 174.0,       ,      ,      ,        ,        ,        ,        ,        ,        ,        ,        ,      
evansch01, 1977,     1, BIR , WHA , D  , 12.0,  1.0,   2.0,   3.0,   4.0, -7.0 ,  0.0,     ,  0.0,     ,     ,    ,   8.0,       ,      ,      ,        ,        ,        ,        ,        ,        ,        ,        ,      
evansch01, 1977,     2, QUN , WHA , D  , 36.0,  0.0,   2.0,   2.0,  22.0, -4.0 ,  0.0,     ,  0.0,     ,     ,    ,  36.0,       ,      ,      ,        ,        ,        ,        ,        ,        ,        ,        ,      
evanscl01, 1954,     1, MTL , NHL , G  ,  4.0,  0.0,   0.0,   0.0,   0.0,      ,     ,     ,     ,     ,     ,    ,      ,       ,      ,      ,        ,        ,        ,        ,        ,        ,        ,        ,      
evanscl01, 1957,     1, BOS , NHL , G  ,  1.0,  0.0,   0.0,   0.0,   0.0,      ,     ,     ,     ,     ,     ,    ,      ,       ,      ,      ,        ,        ,        ,        ,        ,        ,        ,        ,      
evansda01, 1981,     1, LAK , NHL , L  , 14.0,  2.0,   6.0,   8.0,   2.0, 2.0  ,  0.0,     ,  0.0,     ,  0.0, 0.0,  25.0,   10.0,   5.0,   8.0,    13.0,    12.0,        ,     1.0,        ,     0.0,        ,     1.0,      
evansda01, 1982,     1, LAK , NHL , L  , 80.0, 18.0,  22.0,  40.0,  21.0, -18.0,  1.0,     ,  1.0,     ,  0.0, 1.0, 242.0,       ,      ,      ,        ,        ,        ,        ,        ,        ,        ,        ,      
evansda01, 1983,     1, LAK , NHL , L  ,  4.0,  0.0,   1.0,   1.0,   0.0, 1.0  ,  0.0,     ,  0.0,     ,  0.0, 0.0,   6.0,       ,      ,      ,        ,        ,        ,        ,        ,        ,        ,        ,      
evansda01, 1984,     1, LAK , NHL , L  ,  7.0,  1.0,   0.0,   1.0,   2.0, 2.0  ,  0.0,     ,  0.0,     ,  0.0, 0.0,  12.0,       ,      ,      ,        ,        ,        ,        ,        ,        ,        ,        ,      
evansda01, 1985,     1, WAS , NHL , L  ,  6.0,  0.0,   1.0,   1.0,   0.0, -1.0 ,  0.0,     ,  0.0,     ,  0.0, 0.0,  14.0,       ,      ,      ,        ,        ,        ,        ,        ,        ,        ,        ,      
evansda01, 1986,     1, TOR , NHL , L  ,  2.0,  1.0,   0.0,   1.0,   0.0, -2.0 ,  1.0,     ,  0.0,     ,  0.0, 0.0,   2.0,    1.0,   0.0,   0.0,     0.0,     0.0, 0.0    ,     0.0,        ,     0.0,        ,     0.0,     5.0
evansdo01, 1985,     1, STL , NHL , C  , 13.0,  1.0,   0.0,   1.0,   2.0, 0.0  ,  0.0,     ,  0.0,     ,  0.0, 0.0,  12.0,       ,      ,      ,        ,        ,        ,        ,        ,        ,        ,        ,      
evansdo01, 1986,     1, STL , NHL , L  , 53.0,  3.0,  13.0,  16.0,  91.0, 2.0  ,  0.0,     ,  0.0,     ,  0.0, 0.0,  51.0,    5.0,   0.0,   0.0,     0.0,    10.0, -2.0   ,     0.0,        ,     0.0,        ,     0.0,     2.0
evansdo01, 1987,     1, STL , NHL , L  , 41.0,  5.0,   7.0,  12.0,  49.0, -7.0 ,  0.0,  0.0,  0.0,  0.0,  1.0, 0.0,  32.0,    2.0,   0.0,   0.0,     0.0,     0.0, 1.0    ,     0.0,     0.0,     0.0,     0.0,     0.0,     0.0
evansdo01, 1988,     1, STL , NHL , L  , 53.0,  7.0,  12.0,  19.0,  81.0, 3.0  ,  0.0,  0.0,  1.0,  0.0,  0.0, 1.0,  48.0,    7.0,   1.0,   2.0,     3.0,    16.0, 0.0    ,     0.0,     0.0,     0.0,     1.0,     0.0,     3.0
evansdo01, 1989,     1, STL , NHL , L  ,  3.0,  0.0,   0.0,   0.0,   0.0, 0.0  ,  0.0,  0.0,  0.0,  0.0,  0.0, 0.0,   1.0,       ,      ,      ,        ,        ,        ,        ,        ,        ,        ,        ,      
evansdo01, 1989,     2, WIN , NHL , L  , 27.0, 10.0,   8.0,  18.0,  33.0, 7.0  ,  2.0,  2.0,  1.0,  1.0,  1.0, 0.0,  36.0,    7.0,   2.0,   2.0,     4.0,    10.0, 0.0    ,     0.0,     0.0,     0.0,     0.0,     0.0,    14.0
evansdo01, 1990,     1, WIN , NHL , L  , 70.0,  7.0,  27.0,  34.0, 108.0, -1.0 ,  1.0,  5.0,  0.0,  1.0,  0.0, 1.0,  70.0,       ,      ,      ,        ,        ,        ,        ,        ,        ,        ,        ,      
evansdo01, 1991,     1, WIN , NHL , L  , 30.0,  7.0,   7.0,  14.0,  68.0, 2.0  ,  1.0,  5.0,  0.0,  0.0,  0.0, 0.0,  39.0,    1.0,   0.0,   0.0,     0.0,     2.0, 0.0    ,     0.0,     0.0,     0.0,     0.0,     0.0,     0.0
evansdo01, 1992,     1, PHI , NHL , L  , 65.0,  8.0,  13.0,  21.0,  70.0, -9.0 ,  0.0,  0.0,  0.0,  1.0,  1.0, 1.0,  60.0,       ,      ,      ,        ,        ,        ,        ,        ,        ,        ,        ,      
evansja01, 1948,     1, NYR , NHL , D  ,  3.0,  0.0,   0.0,   0.0,   4.0,      ,     ,     ,     ,     ,     ,    ,      ,       ,      ,      ,        ,        ,        ,        ,        ,        ,        ,        ,      
evansja01, 1949,     1, NYR , NHL , D  ,  2.0,  0.0,   0.0,   0.0,   2.0,      ,     ,     ,     ,     ,     ,    ,      ,       ,      ,      ,        ,        ,        ,        ,        ,        ,        ,        ,      
evansja01, 1950,     1, NYR , NHL , D  , 49.0,  1.0,   0.0,   1.0,  95.0,      ,     ,     ,     ,     ,     ,    ,      ,       ,      ,      ,        ,        ,        ,        ,        ,        ,        ,        ,      
evansja01, 1951,     1, NYR , NHL , D  , 52.0,  1.0,   6.0,   7.0,  83.0,      ,     ,     ,     ,     ,     ,    ,      ,       ,      ,      ,        ,        ,        ,        ,        ,        ,        ,        ,      
evansja01, 1953,     1, NYR , NHL , D  , 44.0,  4.0,   4.0,   8.0,  73.0,      ,     ,     ,     ,     ,     ,    ,      ,       ,      ,      ,        ,        ,        ,        ,        ,        ,        ,        ,      
evansja01, 1954,     1, NYR , NHL , D  , 47.0,  0.0,   5.0,   5.0,  91.0,      ,     ,     ,     ,     ,     ,    ,      ,       ,      ,      ,        ,        ,        ,        ,        ,        ,        ,        ,      
evansja01, 1955,     1, NYR , NHL , D  , 70.0,  2.0,   9.0,  11.0, 104.0,      ,     ,     ,     ,     ,     ,    ,      ,    5.0,   1.0,   0.0,     1.0,    18.0,        ,        ,        ,        ,        ,        ,      
evansja01, 1956,     1, NYR , NHL , D  , 70.0,  3.0,   6.0,   9.0, 110.0,      ,     ,     ,     ,     ,     ,    ,      ,    5.0,   0.0,   1.0,     1.0,     4.0,        ,        ,        ,        ,        ,        ,      
evansja01, 1957,     1, NYR , NHL , D  , 70.0,  4.0,   8.0,  12.0, 108.0,      ,     ,     ,     ,     ,     ,    ,      ,    6.0,   0.0,   0.0,     0.0,    17.0,        ,        ,        ,        ,        ,        ,      
evansja01, 1958,     1, CHI , NHL , D  , 70.0,  1.0,   8.0,   9.0,  75.0,      ,     ,     ,     ,     ,     ,    ,      ,    6.0,   0.0,   0.0,     0.0,    10.0,        ,        ,        ,        ,        ,        ,      
evansja01, 1959,     1, CHI , NHL , D  , 68.0,  0.0,   4.0,   4.0,  60.0,      ,     ,     ,     ,     ,     ,    ,      ,    4.0,   0.0,   0.0,     0.0,     4.0,        ,        ,        ,        ,        ,        ,      
evansja01, 1960,     1, CHI , NHL , D  , 69.0,  0.0,   8.0,   8.0,  58.0,      ,     ,     ,     ,     ,     ,    ,      ,   12.0,   1.0,   1.0,     2.0,    14.0,        ,        ,        ,        ,        ,     0.0,      
evansja01, 1961,     1, CHI , NHL , D  , 70.0,  3.0,  14.0,  17.0,  80.0,      ,     ,     ,     ,     ,     ,    ,      ,   12.0,   0.0,   0.0,     0.0,    26.0,        ,        ,        ,        ,        ,     0.0,      
evansja01, 1962,     1, CHI , NHL , D  , 68.0,  0.0,   8.0,   8.0,  46.0,      ,     ,     ,     ,     ,     ,    ,      ,    6.0,   0.0,   0.0,     0.0,     4.0,        ,        ,        ,        ,        ,     0.0,      
evansjo01, 1978,     1, PHI , NHL , C  , 44.0,  6.0,   5.0,  11.0,  12.0, -3.0 ,  0.0,     ,  0.0,     ,  1.0, 0.0,  39.0,       ,      ,      ,        ,        ,        ,        ,        ,        ,        ,        ,      
evansjo01, 1980,     1, PHI , NHL , C  ,  1.0,  0.0,   0.0,   0.0,   2.0, 0.0  ,  0.0,     ,  0.0,     ,  0.0, 0.0,   0.0,       ,      ,      ,        ,        ,        ,        ,        ,        ,        ,        ,      
evansjo01, 1982,     1, PHI , NHL , C  , 58.0,  8.0,  20.0,  28.0,  20.0, 16.0 ,  0.0,     ,  1.0,     ,  1.0, 0.0,  51.0,    1.0,   0.0,   0.0,     0.0,     0.0,        ,     0.0,        ,     0.0,        ,     0.0,      
evanske01, 1990,     1, MNS , NHL , L  ,  4.0,  0.0,   0.0,   0.0,  19.0, -3.0 ,  0.0,  0.0,  0.0,  0.0,  0.0, 0.0,   2.0,       ,      ,      ,        ,        ,        ,        ,        ,        ,        ,        ,      
evanske01, 1991,     1, SJS , NHL , L  ,  5.0,  0.0,   1.0,   1.0,  25.0, 0.0  ,  0.0,  0.0,  0.0,  0.0,  0.0, 0.0,   4.0,       ,      ,      ,        ,        ,        ,        ,        ,        ,        ,        ,      
evanspa01, 1976,     1, TOR , NHL , C  ,  7.0,  1.0,   1.0,   2.0,  19.0, 3.0  ,  0.0,     ,  0.0,     ,  0.0, 0.0,  10.0,    2.0,   0.0,   0.0,     0.0,     0.0,        ,     0.0,        ,     0.0,        ,     0.0,      
evanspa01, 1977,     1, TOR , NHL , R  ,  4.0,  0.0,   0.0,   0.0,   2.0, -1.0 ,  0.0,     ,  0.0,     ,  0.0, 0.0,   0.0,       ,      ,      ,        ,        ,        ,        ,        ,        ,        ,        ,      
evanssh01, 1985,     1, STL , NHL , D  ,  7.0,  0.0,   0.0,   0.0,   2.0, -1.0 ,  0.0,     ,  0.0,     ,  0.0, 0.0,   1.0,       ,      ,      ,        ,        ,        ,        ,        ,        ,        ,        ,      
evanssh01, 1989,     1, NYI , NHL , D  ,  2.0,  1.0,   0.0,   1.0,   0.0, -1.0 ,  1.0,  0.0,  0.0,  0.0,  0.0, 0.0,   4.0,       ,      ,      ,        ,        ,        ,        ,        ,        ,        ,        ,      
evansst01, 1930,     1, DTF , NHL , D  , 43.0,  1.0,   4.0,   5.0,  14.0,      ,     ,     ,     ,     ,     ,    ,      ,       ,      ,      ,        ,        ,        ,        ,        ,        ,        ,        ,      
evansst01, 1932,     1, DET , NHL , D  , 48.0,  2.0,   6.0,   8.0,  74.0,      ,     ,     ,     ,     ,     ,    ,      ,    4.0,   0.0,   0.0,     0.0,     6.0,        ,        ,        ,        ,        ,        ,      
evansst01, 1933,     1, DET , NHL , D  , 17.0,  0.0,   0.0,   0.0,  20.0,      ,     ,     ,     ,     ,     ,    ,      ,       ,      ,      ,        ,        ,        ,        ,        ,        ,        ,        ,      
evansst01, 1933,     2, MTM , NHL , D  , 27.0,  4.0,   2.0,   6.0,  35.0,      ,     ,     ,     ,     ,     ,    ,      ,    4.0,   0.0,   0.0,     0.0,     4.0,        ,        ,        ,        ,        ,        ,      
evansst01, 1934,     1, MTM , NHL , D  , 46.0,  5.0,   7.0,  12.0,  54.0,      ,     ,     ,     ,     ,     ,    ,      ,    7.0,   0.0,   0.0,     0.0,     8.0,        ,        ,        ,        ,        ,        ,      
evansst01, 1935,     1, MTM , NHL , D  , 47.0,  3.0,   5.0,   8.0,  57.0,      ,     ,     ,     ,     ,     ,    ,      ,    3.0,   0.0,   0.0,     0.0,     0.0,        ,        ,        ,        ,        ,        ,      
evansst01, 1936,     1, MTM , NHL , D  , 48.0,  6.0,   7.0,  13.0,  54.0,      ,     ,     ,     ,     ,     ,    ,      ,    5.0,   0.0,   0.0,     0.0,     0.0,        ,        ,        ,        ,        ,        ,      
evansst01, 1937,     1, MTM , NHL , D  , 48.0,  5.0,  11.0,  16.0,  59.0,      ,     ,     ,     ,     ,     ,    ,      ,       ,      ,      ,        ,        ,        ,        ,        ,        ,        ,        ,      
evansst01, 1938,     1, MTL , NHL , D  , 43.0,  2.0,   7.0,   9.0,  58.0,      ,     ,     ,     ,     ,     ,    ,      ,    3.0,   0.0,   0.0,     0.0,     2.0,        ,        ,        ,        ,        ,        ,      
evasode01, 1983,     1, WAS , NHL , C  ,  2.0,  0.0,   0.0,   0.0,   2.0, 0.0  ,  0.0,     ,  0.0,     ,  0.0, 0.0,   0.0,       ,      ,      ,        ,        ,        ,        ,        ,        ,        ,        ,      
evasode01, 1984,     1, WAS , NHL , C  , 15.0,  3.0,   4.0,   7.0,   2.0, 9.0  ,  0.0,     ,  0.0,     ,  1.0, 0.0,  18.0,       ,      ,      ,        ,        ,        ,        ,        ,        ,        ,        ,      
evasode01, 1984,     2, HAR , NHL , C  ,  2.0,  0.0,   0.0,   0.0,   0.0, 0.0  ,  0.0,     ,  0.0,     ,  0.0, 0.0,   3.0,       ,      ,      ,        ,        ,        ,        ,        ,        ,        ,        ,      
evasode01, 1985,     1, HAR , NHL , C  , 55.0, 20.0,  28.0,  48.0,  65.0, 12.0 ,  5.0,     ,  2.0,     ,  4.0, 0.0, 101.0,   10.0,   1.0,   4.0,     5.0,    10.0, 4.0    ,     0.0,        ,     0.0,        ,     0.0,    11.0
evasode01, 1986,     1, HAR , NHL , C  , 80.0, 22.0,  37.0,  59.0,  67.0, 5.0  ,  7.0,     ,  2.0,     ,  2.0, 1.0, 124.0,    5.0,   3.0,   2.0,     5.0,    35.0, 4.0    ,     0.0,        ,     0.0,        ,     0.0,    10.0
evasode01, 1987,     1, HAR , NHL , C  , 77.0, 10.0,  18.0,  28.0, 115.0, -29.0,  6.0,  4.0,  0.0,  1.0,  0.0, 0.0, 126.0,    6.0,   1.0,   1.0,     2.0,     2.0, -2.0   ,     0.0,     0.0,     0.0,     0.0,     0.0,    12.0
evasode01, 1988,     1, HAR , NHL , C  , 67.0, 11.0,  17.0,  28.0,  60.0, -9.0 ,  0.0,  0.0,  0.0,  0.0,  0.0, 0.0,  95.0,    4.0,   1.0,   2.0,     3.0,    10.0, 0.0    ,     0.0,     0.0,     1.0,     0.0,     0.0,     7.0
evasode01, 1989,     1, HAR , NHL , C  , 78.0, 18.0,  25.0,  43.0, 138.0, 7.0  ,  2.0,  1.0,  2.0,  2.0,  2.0, 0.0, 150.0,    7.0,   2.0,   2.0,     4.0,    22.0, 3.0    ,     0.0,     0.0,     0.0,     0.0,     0.0,     9.0
evasode01, 1990,     1, HAR , NHL , C  , 75.0,  6.0,  23.0,  29.0, 170.0, -6.0 ,  1.0,  1.0,  0.0,  1.0,  0.0, 0.0,  85.0,    6.0,   0.0,   4.0,     4.0,    29.0, -1.0   ,     0.0,     0.0,     0.0,     0.0,     0.0,     6.0
evasode01, 1991,     1, SJS , NHL , C  , 74.0, 11.0,  15.0,  26.0,  99.0, -22.0,  1.0,  4.0,  0.0,  0.0,  1.0, 0.0,  88.0,       ,      ,      ,        ,        ,        ,        ,        ,        ,        ,        ,      
evasode01, 1992,     1, SJS , NHL , C  , 84.0, 12.0,  19.0,  31.0, 132.0, -35.0,  3.0,  2.0,  0.0,  1.0,  1.0, 1.0, 107.0,       ,      ,      ,        ,        ,        ,        ,        ,        ,        ,        ,      
evasode01, 1993,     1, DAL , NHL , C  , 80.0, 11.0,  33.0,  44.0,  66.0, -12.0,  3.0,  8.0,  2.0,  1.0,  2.0, 1.0, 118.0,    9.0,   0.0,   2.0,     2.0,    12.0, 1.0    ,     0.0,     0.0,     0.0,     0.0,     0.0,     4.0
evasode01, 1994,     1, DAL , NHL , C  , 47.0,  8.0,   7.0,  15.0,  48.0, 3.0  ,  1.0,  0.0,  0.0,  2.0,  0.0, 0.0,  53.0,    5.0,   1.0,   2.0,     3.0,    12.0, 1.0    ,     0.0,     0.0,     1.0,     0.0,     0.0,     7.0
evasode01, 1995,     1, CAL , NHL , C  , 67.0,  7.0,   7.0,  14.0,  38.0, -6.0 ,  1.0,  2.0,  0.0,  1.0,  1.0, 0.0,  68.0,    3.0,   0.0,   1.0,     1.0,     0.0, -1.0   ,     0.0,     0.0,     0.0,     0.0,     0.0,     3.0
evobi01  , 1974,     1, MIB , WHA , L  , 49.0, 13.0,   9.0,  22.0,  32.0, -25.0,     ,     ,     ,     ,     ,    ,  99.0,       ,      ,      ,        ,        ,        ,        ,        ,        ,        ,        ,      
evobi01  , 1975,     1, EDO , WHA , R  ,  8.0,  0.0,   4.0,   4.0,   0.0, 0.0  ,  0.0,     ,  0.0,     ,  0.0,    ,   4.0,       ,      ,      ,        ,        ,        ,        ,        ,        ,        ,        ,      
evobi01  , 1975,     2, CLC , WHA , R  , 40.0,  1.0,   5.0,   6.0,  32.0, -15.0,  0.0,     ,  0.0,     ,  0.0,    ,  30.0,       ,      ,      ,        ,        ,        ,        ,        ,        ,        ,        ,      
ewento01 , 1986,     1, STL , NHL , R  , 23.0,  2.0,   0.0,   2.0,  84.0, -1.0 ,  0.0,     ,  0.0,     ,  0.0, 0.0,  11.0,    4.0,   0.0,   0.0,     0.0,    23.0, 0.0    ,     0.0,        ,     0.0,        ,     0.0,     0.0
ewento01 , 1987,     1, STL , NHL , R  , 64.0,  4.0,   2.0,   6.0, 227.0, -5.0 ,  0.0,  0.0,  0.0,  0.0,  0.0, 0.0,  38.0,    6.0,   0.0,   0.0,     0.0,    21.0, -1.0   ,     0.0,     0.0,     0.0,     0.0,     0.0,     1.0
ewento01 , 1988,     1, STL , NHL , R  , 34.0,  4.0,   5.0,   9.0, 171.0, 4.0  ,  0.0,  0.0,  0.0,  0.0,  0.0, 0.0,  22.0,    2.0,   0.0,   0.0,     0.0,    21.0, 1.0    ,     0.0,     0.0,     0.0,     0.0,     0.0,     4.0
ewento01 , 1989,     1, STL , NHL , R  ,  3.0,  0.0,   0.0,   0.0,  11.0, -2.0 ,  0.0,  0.0,  0.0,  0.0,  0.0, 0.0,   3.0,       ,      ,      ,        ,        ,        ,        ,        ,        ,        ,        ,      
ewento01 , 1989,     2, MTL , NHL , R  , 41.0,  4.0,   6.0,  10.0, 158.0, 1.0  ,  0.0,  0.0,  0.0,  0.0,  2.0, 0.0,  26.0,   10.0,   0.0,   0.0,     0.0,     4.0, 0.0    ,     0.0,     0.0,     0.0,     0.0,     0.0,     0.0
ewento01 , 1990,     1, MTL , NHL , R  , 28.0,  3.0,   2.0,   5.0, 128.0, 4.0  ,  0.0,  0.0,  0.0,  0.0,  0.0, 0.0,  13.0,       ,      ,      ,        ,        ,        ,        ,        ,        ,        ,        ,      
ewento01 , 1991,     1, MTL , NHL , R  , 46.0,  1.0,   2.0,   3.0, 130.0, 3.0  ,  0.0,  0.0,  0.0,  0.0,  0.0, 0.0,  19.0,    3.0,   0.0,   0.0,     0.0,    18.0, 0.0    ,     0.0,     0.0,     0.0,     0.0,     0.0,     1.0
ewento01 , 1992,     1, MTL , NHL , R  , 75.0,  5.0,   9.0,  14.0, 193.0, 6.0  ,  0.0,  0.0,  0.0,  0.0,  1.0, 0.0,  59.0,    1.0,   0.0,   0.0,     0.0,     0.0, -1.0   ,     0.0,     0.0,     0.0,     0.0,     0.0,     0.0
ewento01 , 1993,     1, ANA , NHL , R  , 76.0,  9.0,   9.0,  18.0, 272.0, -7.0 ,  0.0,  2.0,  0.0,  0.0,  2.0, 0.0,  59.0,       ,      ,      ,        ,        ,        ,        ,        ,        ,        ,        ,      
ewento01 , 1994,     1, ANA , NHL , R  , 24.0,  0.0,   0.0,   0.0,  90.0, -2.0 ,  0.0,  0.0,  0.0,  0.0,  0.0, 0.0,  14.0,       ,      ,      ,        ,        ,        ,        ,        ,        ,        ,        ,      
ewento01 , 1995,     1, ANA , NHL , R  , 53.0,  4.0,   3.0,   7.0, 285.0, -5.0 ,  0.0,  0.0,  0.0,  0.0,  1.0, 0.0,  52.0,       ,      ,      ,        ,        ,        ,        ,        ,        ,        ,        ,      
ewento01 , 1996,     1, SJS , NHL , R  , 51.0,  0.0,   2.0,   2.0, 162.0, -5.0 ,  0.0,  0.0,  0.0,  0.0,  0.0, 0.0,  22.0,       ,      ,      ,        ,        ,        ,        ,        ,        ,        ,        ,      
exelbga01, 2002,     1, ATL , NHL , D  , 15.0,  0.0,   2.0,   2.0,  41.0, 0.0  ,  0.0,  0.0,  0.0,  0.0,  0.0, 0.0,   9.0,       ,      ,      ,        ,        ,        ,        ,        ,        ,        ,        ,      
exelbga01, 2003,     1, ATL , NHL , D  , 71.0,  1.0,   9.0,  10.0, 134.0, -10.0,  0.0,  0.0,  0.0,  1.0,  0.0, 0.0,  42.0,       ,      ,      ,        ,        ,        ,        ,        ,        ,        ,        ,      
exelbga01, 2005,     1, ATL , NHL , D  , 75.0,  1.0,   9.0,  10.0,  75.0, 11.0 ,  0.0,  0.0,  0.0,  1.0,  0.0,    ,  44.0,       ,      ,      ,        ,        ,        ,        ,        ,        ,        ,        ,      
exelbga01, 2006,     1, ATL , NHL , D  , 58.0,  2.0,   8.0,  10.0,  56.0, 2.0  ,  0.0,  0.0,  1.0,  0.0,  0.0,    ,  57.0,    4.0,   0.0,   0.0,     0.0,     6.0, -1.0   ,     0.0,     0.0,     0.0,     0.0,     0.0,     3.0
exelbga01, 2007,     1, ATL , NHL , D  , 79.0,  2.0,   5.0,   7.0,  85.0, -21.0,  0.0,  0.0,  0.0,  0.0,  0.0,    ,  37.0,       ,      ,      ,        ,        ,        ,        ,        ,        ,        ,        ,      
exelbga01, 2008,     1, ATL , NHL , D  , 59.0,  0.0,   7.0,   7.0, 120.0, -2.0 ,  0.0,  0.0,  0.0,  1.0,  0.0,    ,  42.0,       ,      ,      ,        ,        ,        ,        ,        ,        ,        ,        ,      
exelbga01, 2009,     1, TOR , NHL , D  , 51.0,  1.0,   3.0,   4.0,  73.0, -8.0 ,  0.0,  0.0,  0.0,  0.0,  0.0,    ,  14.0,       ,      ,      ,        ,        ,        ,        ,        ,        ,        ,        ,      
exelbra01, 1988,     1, MTL , NHL , G  ,  1.0,  0.0,   0.0,   0.0,   0.0, 0.0  ,  0.0,  0.0,  0.0,  0.0,  0.0, 0.0,   0.0,       ,      ,      ,        ,        ,        ,        ,        ,        ,        ,        ,      
exelbra01, 1989,     1, EDM , NHL , G  ,  1.0,  0.0,   0.0,   0.0,   0.0, 0.0  ,  0.0,  0.0,  0.0,  0.0,  0.0, 0.0,   0.0,       ,      ,      ,        ,        ,        ,        ,        ,        ,        ,        ,      
ezinibi01, 1944,     1, TOR , NHL , R  ,  8.0,  1.0,   4.0,   5.0,  17.0,      ,     ,     ,     ,     ,     ,    ,      ,       ,      ,      ,        ,        ,        ,        ,        ,        ,        ,        ,      
ezinibi01, 1945,     1, TOR , NHL , R  , 24.0,  4.0,   8.0,  12.0,  29.0,      ,     ,     ,     ,     ,     ,    ,      ,       ,      ,      ,        ,        ,        ,        ,        ,        ,        ,        ,      
ezinibi01, 1946,     1, TOR , NHL , R  , 60.0, 17.0,  20.0,  37.0,  93.0,      ,     ,     ,     ,     ,     ,    ,      ,   11.0,   0.0,   2.0,     2.0,    30.0,        ,        ,        ,        ,        ,        ,      
ezinibi01, 1947,     1, TOR , NHL , R  , 60.0, 11.0,  20.0,  31.0,  97.0,      ,     ,     ,     ,     ,     ,    ,      ,    9.0,   3.0,   1.0,     4.0,     6.0,        ,        ,        ,        ,        ,        ,      
ezinibi01, 1948,     1, TOR , NHL , R  , 52.0, 13.0,  15.0,  28.0, 145.0,      ,     ,     ,     ,     ,     ,    ,      ,    9.0,   1.0,   4.0,     5.0,    20.0,        ,        ,        ,        ,        ,        ,      
ezinibi01, 1949,     1, TOR , NHL , R  , 67.0, 10.0,  12.0,  22.0, 144.0,      ,     ,     ,     ,     ,     ,    ,      ,    5.0,   0.0,   0.0,     0.0,    13.0,        ,        ,        ,        ,        ,        ,      
ezinibi01, 1950,     1, BOS , NHL , R  , 53.0, 16.0,  19.0,  35.0, 119.0,      ,     ,     ,     ,     ,     ,    ,      ,    6.0,   1.0,   1.0,     2.0,    18.0,        ,        ,        ,        ,        ,        ,      
ezinibi01, 1951,     1, BOS , NHL , R  , 28.0,  5.0,   5.0,  10.0,  47.0,      ,     ,     ,     ,     ,     ,    ,      ,       ,      ,      ,        ,        ,        ,        ,        ,        ,        ,        ,      
ezinibi01, 1954,     1, NYR , NHL , R  , 16.0,  2.0,   2.0,   4.0,  22.0,      ,     ,     ,     ,     ,     ,    ,      ,       ,      ,      ,        ,        ,        ,        ,        ,        ,        ,        ,      
faheyji01, 2002,     1, SJS , NHL , D  , 43.0,  1.0,  19.0,  20.0,  33.0, -3.0 ,  0.0, 13.0,  0.0,  0.0,  0.0, 0.0,  66.0,       ,      ,      ,        ,        ,        ,        ,        ,        ,        ,        ,      
faheyji01, 2003,     1, SJS , NHL , D  , 15.0,  0.0,   2.0,   2.0,  18.0, -2.0 ,  0.0,  1.0,  0.0,  0.0,  0.0, 0.0,  19.0,    2.0,   0.0,   0.0,     0.0,     0.0, 0.0    ,     0.0,     0.0,     0.0,     0.0,     0.0,     0.0
faheyji01, 2005,     1, SJS , NHL , D  , 21.0,  0.0,   2.0,   2.0,  14.0, -11.0,  0.0,  0.0,  0.0,  0.0,  0.0,    ,  22.0,       ,      ,      ,        ,        ,        ,        ,        ,        ,        ,        ,      
faheyji01, 2006,     1, NJD , NHL , D  , 13.0,  0.0,   1.0,   1.0,   2.0, 0.0  ,  0.0,  0.0,  0.0,  0.0,  0.0,    ,   7.0,       ,      ,      ,        ,        ,        ,        ,        ,        ,        ,        ,      
faheytr01, 1964,     1, NYR , NHL , L  ,  1.0,  0.0,   0.0,   0.0,   0.0,      ,  0.0,     ,  0.0,     ,  0.0, 0.0,      ,       ,      ,      ,        ,        ,        ,        ,        ,        ,        ,        ,      
fairbbi01, 1968,     1, NYR , NHL , R  ,  1.0,  0.0,   0.0,   0.0,   0.0, -1.0 ,  0.0,     ,  0.0,     ,  0.0, 0.0,   1.0,       ,      ,      ,        ,        ,        ,        ,        ,        ,        ,        ,      
fairbbi01, 1969,     1, NYR , NHL , R  , 76.0, 23.0,  33.0,  56.0,  23.0, 24.0 ,  3.0,     ,  0.0,     ,  5.0, 1.0, 153.0,    6.0,   0.0,   1.0,     1.0,    10.0,        ,     0.0,        ,     0.0,        ,     0.0,      
fairbbi01, 1970,     1, NYR , NHL , R  , 56.0,  7.0,  23.0,  30.0,  32.0, -4.0 ,  2.0,     ,  0.0,     ,  1.0, 0.0,  88.0,    4.0,   0.0,   0.0,     0.0,     0.0,        ,     0.0,        ,     0.0,        ,     0.0,      
fairbbi01, 1971,     1, NYR , NHL , R  , 78.0, 22.0,  37.0,  59.0,  53.0, 36.0 ,  2.0,     ,  4.0,     ,  6.0, 0.0, 139.0,   16.0,   5.0,   7.0,    12.0,    11.0,        ,     2.0,        ,     0.0,        ,     1.0,      
fairbbi01, 1972,     1, NYR , NHL , R  , 78.0, 30.0,  33.0,  63.0,  23.0, 36.0 ,  5.0,     ,  2.0,     ,  5.0, 1.0, 174.0,   10.0,   1.0,   8.0,     9.0,     2.0,        ,     0.0,        ,     0.0,        ,     0.0,      
fairbbi01, 1973,     1, NYR , NHL , R  , 78.0, 18.0,  44.0,  62.0,  12.0, 11.0 ,  4.0,     ,  3.0,     ,  3.0, 0.0, 185.0,   13.0,   3.0,   5.0,     8.0,     6.0,        ,     0.0,        ,     0.0,        ,     0.0,      
fairbbi01, 1974,     1, NYR , NHL , R  , 80.0, 24.0,  37.0,  61.0,  10.0, 13.0 ,  7.0,     ,  2.0,     ,  3.0, 0.0, 191.0,    3.0,   4.0,   0.0,     4.0,    13.0,        ,     2.0,        ,     1.0,        ,     0.0,      
fairbbi01, 1975,     1, NYR , NHL , R  , 80.0, 13.0,  15.0,  28.0,   8.0, -14.0,  2.0,     ,  1.0,     ,  2.0, 0.0, 160.0,       ,      ,      ,        ,        ,        ,        ,        ,        ,        ,        ,      
fairbbi01, 1976,     1, NYR , NHL , R  ,  9.0,  1.0,   2.0,   3.0,   0.0, 1.0  ,  0.0,     ,  0.0,     ,  0.0, 0.0,  10.0,       ,      ,      ,        ,        ,        ,        ,        ,        ,        ,        ,      
fairbbi01, 1976,     2, MNS , NHL , R  , 51.0,  9.0,  20.0,  29.0,   2.0, -1.0 ,  0.0,     ,  2.0,     ,  2.0, 0.0,  83.0,    2.0,   0.0,   1.0,     1.0,     0.0,        ,     0.0,        ,     0.0,        ,     0.0,      
fairbbi01, 1977,     1, MNS , NHL , L  ,  6.0,  0.0,   1.0,   1.0,   0.0, -1.0 ,  0.0,     ,  0.0,     ,  0.0, 0.0,   7.0,       ,      ,      ,        ,        ,        ,        ,        ,        ,        ,        ,      
fairbbi01, 1977,     2, STL , NHL , L  , 60.0, 14.0,  16.0,  30.0,  10.0, -23.0,  2.0,     ,  1.0,     ,  1.0, 0.0,  82.0,       ,      ,      ,        ,        ,        ,        ,        ,        ,        ,        ,      
fairbbi01, 1978,     1, STL , NHL , L  ,  5.0,  1.0,   0.0,   1.0,   0.0, -2.0 ,  0.0,     ,  0.0,     ,  0.0, 0.0,   8.0,       ,      ,      ,        ,        ,        ,        ,        ,        ,        ,        ,      
faircke01, 1995,     1, TOR , NHL , C  ,  1.0,  0.0,   1.0,   1.0,   2.0, 1.0  ,  0.0,  0.0,  0.0,  0.0,  0.0, 0.0,   1.0,       ,      ,      ,        ,        ,        ,        ,        ,        ,        ,        ,      
faircke01, 1996,     1, TOR , NHL , C  , 22.0,  0.0,   2.0,   2.0,   2.0, -5.0 ,  0.0,  0.0,  0.0,  0.0,  0.0, 0.0,  14.0,       ,      ,      ,        ,        ,        ,        ,        ,        ,        ,        ,      
faircke01, 1998,     1, DAL , NHL , C  ,  1.0,  0.0,   0.0,   0.0,   0.0, 0.0  ,  0.0,  0.0,  0.0,  0.0,  0.0, 0.0,   4.0,       ,      ,      ,        ,        ,        ,        ,        ,        ,        ,        ,      
faircke01, 2001,     1, COL , NHL , C  , 10.0,  2.0,   0.0,   2.0,   2.0, 1.0  ,  0.0,  0.0,  0.0,  0.0,  0.0, 0.0,   6.0,       ,      ,      ,        ,        ,        ,        ,        ,        ,        ,        ,      
falkebo01, 1966,     1, DET , NHL , D  , 16.0,  1.0,   1.0,   2.0,  10.0,      ,  0.0,     ,  0.0,     ,  0.0, 0.0,      ,       ,      ,      ,        ,        ,        ,        ,        ,        ,        ,        ,      
falkebo01, 1967,     1, DET , NHL , D  , 20.0,  0.0,   3.0,   3.0,  10.0, -2.0 ,  0.0,     ,  0.0,     ,  0.0, 0.0,  14.0,       ,      ,      ,        ,        ,        ,        ,        ,        ,        ,        ,      
falkebo01, 1968,     1, DET , NHL , D  ,  5.0,  0.0,   0.0,   0.0,   0.0, -3.0 ,  0.0,     ,  0.0,     ,  0.0, 0.0,   0.0,       ,      ,      ,        ,        ,        ,        ,        ,        ,        ,        ,      
falkebo01, 1970,     1, DET , NHL , D  ,  9.0,  0.0,   1.0,   1.0,   6.0, -3.0 ,  0.0,     ,  0.0,     ,  0.0, 0.0,   4.0,       ,      ,      ,        ,        ,        ,        ,        ,        ,        ,        ,      
falkebo01, 1971,     1, DET , NHL , D  ,  4.0,  0.0,   0.0,   0.0,   0.0, 2.0  ,  0.0,     ,  0.0,     ,  0.0, 0.0,   3.0,       ,      ,      ,        ,        ,        ,        ,        ,        ,        ,        ,      
falkebo01, 1972,     1, ALB , WHA , D  , 77.0,  6.0,  23.0,  29.0,  44.0,      ,  2.0,     ,  0.0,     ,     ,    ,      ,       ,      ,      ,        ,        ,        ,        ,        ,        ,        ,        ,      
falkebo01, 1973,     1, EDO , WHA , D  , 78.0,  3.0,  14.0,  17.0,  32.0,      ,  0.0,     ,  0.0,     ,  0.0,    ,      ,    5.0,   0.0,   2.0,     2.0,    14.0,        ,        ,        ,        ,        ,     0.0,      
falkebo01, 1974,     1, SDM , WHA , D  , 78.0,  2.0,  18.0,  20.0,  42.0, 4.0  ,  0.0,     ,  0.0,     ,     ,    ,  95.0,   10.0,   0.0,   1.0,     1.0,     4.0,        ,     0.0,        ,     0.0,        ,     0.0,      
falkebo01, 1975,     1, SDM , WHA , D  , 79.0,  3.0,  13.0,  16.0,  31.0, -18.0,  0.0,     ,  0.0,     ,  0.0,    ,  71.0,   11.0,   1.0,   2.0,     3.0,     6.0, -3.0   ,        ,        ,        ,        ,        ,      
falkebo01, 1976,     1, SDM , WHA , D  , 64.0,  0.0,   6.0,   6.0,  34.0, -11.0,  0.0,     ,  0.0,     ,  0.0,    ,  25.0,    2.0,   0.0,   0.0,     0.0,     0.0, 0.0    ,     0.0,        ,     0.0,        ,     0.0,      
falkebo01, 1977,     1, EDO , WHA , D  ,  2.0,  0.0,   0.0,   0.0,   0.0, -1.0 ,  0.0,     ,  0.0,     ,     ,    ,   0.0,       ,      ,      ,        ,        ,        ,        ,        ,        ,        ,        ,      
falkju01 , 2009,     1, MIN , NHL , D  ,  3.0,  0.0,   0.0,   0.0,   0.0, -2.0 ,  0.0,  0.0,  0.0,  0.0,  0.0,    ,   1.0,       ,      ,      ,        ,        ,        ,        ,        ,        ,        ,        ,      
falkmcr01, 1972,     1, MFS , WHA , R  , 45.0,  1.0,   5.0,   6.0,  12.0,      ,  0.0,     ,  0.0,     ,     ,    ,      ,       ,      ,      ,        ,        ,        ,        ,        ,        ,        ,        ,      
fallopa01, 1991,     1, SJS , NHL , R  , 79.0, 25.0,  34.0,  59.0,  16.0, -32.0,  5.0, 14.0,  0.0,  0.0,  1.0, 2.0, 181.0,       ,      ,      ,        ,        ,        ,        ,        ,        ,        ,        ,      
fallopa01, 1992,     1, SJS , NHL , R  , 41.0, 14.0,  14.0,  28.0,  12.0, -25.0,  5.0,  6.0,  1.0,  2.0,  1.0, 0.0, 131.0,       ,      ,      ,        ,        ,        ,        ,        ,        ,        ,        ,      
fallopa01, 1993,     1, SJS , NHL , R  , 83.0, 22.0,  31.0,  53.0,  18.0, -3.0 ,  6.0,  6.0,  0.0,  0.0,  1.0, 0.0, 193.0,   14.0,   1.0,   2.0,     3.0,     6.0, -2.0   ,     0.0,     0.0,     0.0,     0.0,     0.0,     8.0
fallopa01, 1994,     1, SJS , NHL , R  , 46.0, 12.0,   7.0,  19.0,  25.0, -4.0 ,  0.0,  1.0,  0.0,  0.0,  3.0, 0.0,  91.0,   11.0,   3.0,   1.0,     4.0,     0.0, -6.0   ,     0.0,     0.0,     0.0,     0.0,     0.0,    24.0
fallopa01, 1995,     1, SJS , NHL , R  ,  9.0,  3.0,   0.0,   3.0,   4.0, -1.0 ,  0.0,  0.0,  0.0,  0.0,  0.0, 1.0,  18.0,       ,      ,      ,        ,        ,        ,        ,        ,        ,        ,        ,      
fallopa01, 1995,     2, PHI , NHL , R  , 62.0, 22.0,  26.0,  48.0,   6.0, 15.0 ,  9.0, 10.0,  0.0,  0.0,  2.0, 0.0, 152.0,   12.0,   3.0,   2.0,     5.0,     2.0, -2.0   ,     2.0,     1.0,     0.0,     0.0,     0.0,    37.0
fallopa01, 1996,     1, PHI , NHL , R  , 52.0, 11.0,  12.0,  23.0,  10.0, -8.0 ,  2.0,  4.0,  0.0,  1.0,  4.0, 0.0, 124.0,   14.0,   3.0,   1.0,     4.0,     2.0, -1.0   ,     1.0,     0.0,     0.0,     0.0,     0.0,    32.0
fallopa01, 1997,     1, PHI , NHL , R  , 30.0,  5.0,   7.0,  12.0,   8.0, 3.0  ,  1.0,  3.0,  0.0,  0.0,  0.0, 0.0,  63.0,       ,      ,      ,        ,        ,        ,        ,        ,        ,        ,        ,      
fallopa01, 1997,     2, OTT , NHL , R  , 28.0,  3.0,   3.0,   6.0,   8.0, -11.0,  2.0,  1.0,  0.0,  0.0,  0.0, 0.0,  73.0,    1.0,   0.0,   0.0,     0.0,     0.0, 0.0    ,     0.0,     0.0,     0.0,     0.0,     0.0,     2.0
fallopa01, 1998,     1, EDM , NHL , R  , 82.0, 17.0,  23.0,  40.0,  20.0, -4.0 ,  8.0,  7.0,  0.0,  0.0,  2.0, 0.0, 152.0,    4.0,   0.0,   1.0,     1.0,     4.0, 0.0    ,     0.0,     0.0,     0.0,     0.0,     0.0,     6.0
fallopa01, 1999,     1, EDM , NHL , R  , 33.0,  5.0,  13.0,  18.0,   4.0, 6.0  ,  1.0,  2.0,  0.0,  0.0,  0.0, 0.0,  51.0,       ,      ,      ,        ,        ,        ,        ,        ,        ,        ,        ,      
fallopa01, 1999,     2, PIT , NHL , R  , 30.0,  4.0,   9.0,  13.0,  10.0, -2.0 ,  0.0,  2.0,  0.0,  0.0,  0.0, 0.0,  41.0,   10.0,   1.0,   0.0,     1.0,     2.0, 0.0    ,     0.0,     0.0,     0.0,     0.0,     0.0,    12.0
fankhsc01, 1999,     1, ATL , NHL , G  , 16.0,  0.0,   0.0,   0.0,   4.0, 0.0  ,  0.0,  0.0,  0.0,  0.0,  0.0, 0.0,   0.0,       ,      ,      ,        ,        ,        ,        ,        ,        ,        ,        ,      
fankhsc01, 2000,     1, ATL , NHL , G  ,  7.0,  0.0,   0.0,   0.0,   2.0, 0.0  ,  0.0,  0.0,  0.0,  0.0,  0.0, 0.0,   0.0,       ,      ,      ,        ,        ,        ,        ,        ,        ,        ,        ,      
fardari01, 1974,     1, TOT , WHA , C  , 66.0,  6.0,  25.0,  31.0,   2.0, -7.0 ,  2.0,     ,  1.0,     ,     ,    ,  85.0,    1.0,   0.0,   0.0,     0.0,     0.0,        ,     0.0,        ,     0.0,        ,     0.0,      
fardari01, 1975,     1, TOT , WHA , C  , 63.0, 19.0,  35.0,  54.0,   8.0, -5.0 ,  2.0,     ,  0.0,     ,  1.0,    , 109.0,       ,      ,      ,        ,        ,        ,        ,        ,        ,        ,        ,      
fardari01, 1976,     1, BIR , WHA , C  , 48.0,  9.0,  26.0,  35.0,   2.0, -23.0,  1.0,     ,  0.0,     ,     ,    ,  76.0,       ,      ,      ,        ,        ,        ,        ,        ,        ,        ,        ,      
farkaje01, 1999,     1, TOR , NHL , C  ,     ,     ,      ,      ,      ,      ,     ,     ,     ,     ,     ,    ,      ,    3.0,   1.0,   0.0,     1.0,     0.0, 2.0    ,     0.0,     0.0,     0.0,     0.0,     0.0,     3.0
farkaje01, 2000,     1, TOR , NHL , C  ,  2.0,  0.0,   0.0,   0.0,   2.0, -1.0 ,  0.0,  0.0,  0.0,  0.0,  0.0, 0.0,   1.0,       ,      ,      ,        ,        ,        ,        ,        ,        ,        ,        ,      
farkaje01, 2001,     1, TOR , NHL , R  ,  6.0,  0.0,   2.0,   2.0,   4.0, 1.0  ,  0.0,  0.0,  0.0,  0.0,  0.0, 0.0,   3.0,    2.0,   0.0,   0.0,     0.0,     0.0, 0.0    ,     0.0,     0.0,     0.0,     0.0,     0.0,     0.0
farkaje01, 2002,     1, ATL , NHL , C  ,  3.0,  0.0,   0.0,   0.0,   0.0, -1.0 ,  0.0,  0.0,  0.0,  0.0,  0.0, 0.0,   5.0,       ,      ,      ,        ,        ,        ,        ,        ,        ,        ,        ,      
farrawa01, 1943,     1, CHI , NHL , R  ,  1.0,  0.0,   0.0,   0.0,   0.0,      ,     ,     ,     ,     ,     ,    ,      ,       ,      ,      ,        ,        ,        ,        ,        ,        ,        ,        ,      
farremi01, 2001,     1, WAS , NHL , R  ,  8.0,  0.0,   0.0,   0.0,   0.0, -1.0 ,  0.0,  0.0,  0.0,  0.0,  0.0, 0.0,   1.0,       ,      ,      ,        ,        ,        ,        ,        ,        ,        ,        ,      
farremi01, 2002,     1, WAS , NHL , R  ,  4.0,  0.0,   0.0,   0.0,   2.0, 1.0  ,  0.0,  0.0,  0.0,  0.0,  0.0, 0.0,   2.0,       ,      ,      ,        ,        ,        ,        ,        ,        ,        ,        ,      
farremi01, 2003,     1, NAS , NHL , R  ,  1.0,  0.0,   0.0,   0.0,   0.0, 0.0  ,  0.0,  0.0,  0.0,  0.0,  0.0, 0.0,   0.0,       ,      ,      ,        ,        ,        ,        ,        ,        ,        ,        ,      
farrida01, 1976,     1, NYR , NHL , D  , 80.0,  2.0,  17.0,  19.0, 102.0, -16.0,  0.0,     ,  0.0,     ,  0.0, 1.0, 116.0,       ,      ,      ,        ,        ,        ,        ,        ,        ,        ,        ,      
farrida01, 1977,     1, NYR , NHL , D  , 66.0,  3.0,   5.0,   8.0,  62.0, -13.0,  0.0,     ,  1.0,     ,  0.0, 0.0, 100.0,    3.0,   0.0,   0.0,     0.0,     0.0,        ,     0.0,        ,     0.0,        ,     0.0,      
farrida01, 1978,     1, NYR , NHL , D  , 71.0,  1.0,  19.0,  20.0,  61.0, -3.0 ,  0.0,     ,  0.0,     ,  1.0, 0.0,  96.0,    7.0,   0.0,   2.0,     2.0,    14.0,        ,     0.0,        ,     0.0,        ,     0.0,      
farrida01, 1979,     1, QUE , NHL , D  ,  4.0,  0.0,   0.0,   0.0,   0.0, 0.0  ,  0.0,     ,  0.0,     ,  0.0, 0.0,   2.0,       ,      ,      ,        ,        ,        ,        ,        ,        ,        ,        ,      
farrida01, 1979,     2, TOR , NHL , D  , 20.0,  1.0,   8.0,   9.0,  30.0, 5.0  ,  0.0,     ,  0.0,     ,  0.0, 0.0,  32.0,    3.0,   0.0,   0.0,     0.0,    10.0,        ,     0.0,        ,     0.0,        ,     0.0,      
farrida01, 1980,     1, TOR , NHL , D  , 74.0,  2.0,  18.0,  20.0,  90.0, -7.0 ,  1.0,     ,  0.0,     ,  0.0, 0.0, 110.0,    1.0,   0.0,   0.0,     0.0,     0.0,        ,     0.0,        ,     0.0,        ,     0.0,      
farrida01, 1982,     1, TOR , NHL , D  , 56.0,  4.0,  24.0,  28.0,  38.0, 1.0  ,  3.0,     ,  0.0,     ,  0.0, 1.0,  91.0,       ,      ,      ,        ,        ,        ,        ,        ,        ,        ,        ,      
farrida01, 1983,     1, TOR , NHL , D  , 59.0,  4.0,  19.0,  23.0,  57.0, -13.0,  1.0,     ,  0.0,     ,  0.0, 0.0,  77.0,       ,      ,      ,        ,        ,        ,        ,        ,        ,        ,        ,      
farrro01 , 1972,     1, BUF , NHL , G  ,  1.0,  0.0,   0.0,   0.0,   0.0, 0.0  ,  0.0,     ,  0.0,     ,  0.0, 0.0,   0.0,       ,      ,      ,        ,        ,        ,        ,        ,        ,        ,        ,      
farrro01 , 1973,     1, BUF , NHL , G  , 11.0,  0.0,   0.0,   0.0,   2.0, 0.0  ,  0.0,     ,  0.0,     ,  0.0, 0.0,   0.0,       ,      ,      ,        ,        ,        ,        ,        ,        ,        ,        ,      
farrro01 , 1974,     1, BUF , NHL , G  ,  7.0,  0.0,   0.0,   0.0,   0.0, 0.0  ,  0.0,     ,  0.0,     ,  0.0, 0.0,   0.0,       ,      ,      ,        ,        ,        ,        ,        ,        ,        ,        ,      
fashogo01, 1950,     1, CHI , NHL , L  , 13.0,  3.0,   2.0,   5.0,  14.0,      ,     ,     ,     ,     ,     ,    ,      ,       ,      ,      ,        ,        ,        ,        ,        ,        ,        ,        ,      
fastbr01 , 2003,     1, CAR , NHL , D  ,  1.0,  1.0,   0.0,   1.0,   0.0, 1.0  ,  0.0,  0.0,  0.0,  0.0,  0.0, 1.0,   4.0,       ,      ,      ,        ,        ,        ,        ,        ,        ,        ,        ,      
fatadr01 , 2006,     1, NYI , NHL , D  ,  3.0,  1.0,   0.0,   1.0,   5.0, -2.0 ,  0.0,  0.0,  0.0,  0.0,  0.0,    ,   1.0,    1.0,   0.0,   0.0,     0.0,     0.0, -2.0   ,     0.0,     0.0,     0.0,     0.0,     0.0,     0.0
fatadr01 , 2007,     1, NYI , NHL , D  ,  5.0,  0.0,   1.0,   1.0,   4.0, -1.0 ,  0.0,  0.0,  0.0,  0.0,  0.0,    ,   4.0,       ,      ,      ,        ,        ,        ,        ,        ,        ,        ,        ,      
fatari01 , 1998,     1, CAL , NHL , C  , 20.0,  0.0,   1.0,   1.0,   4.0, 0.0  ,  0.0,  0.0,  0.0,  0.0,  0.0, 0.0,  13.0,       ,      ,      ,        ,        ,        ,        ,        ,        ,        ,        ,      
fatari01 , 1999,     1, CAL , NHL , R  ,  2.0,  0.0,   0.0,   0.0,   0.0, -1.0 ,  0.0,  0.0,  0.0,  0.0,  0.0, 0.0,   0.0,       ,      ,      ,        ,        ,        ,        ,        ,        ,        ,        ,      
fatari01 , 2000,     1, CAL , NHL , R  ,  5.0,  0.0,   0.0,   0.0,   6.0, -3.0 ,  0.0,  0.0,  0.0,  0.0,  0.0, 0.0,   6.0,       ,      ,      ,        ,        ,        ,        ,        ,        ,        ,        ,      
fatari01 , 2001,     1, NYR , NHL , R  , 10.0,  0.0,   0.0,   0.0,   0.0, -2.0 ,  0.0,  0.0,  0.0,  0.0,  0.0, 0.0,   8.0,       ,      ,      ,        ,        ,        ,        ,        ,        ,        ,        ,      
fatari01 , 2002,     1, NYR , NHL , L  , 36.0,  2.0,   4.0,   6.0,   6.0, -1.0 ,  0.0,  1.0,  0.0,  0.0,  0.0, 0.0,  30.0,       ,      ,      ,        ,        ,        ,        ,        ,        ,        ,        ,      
fatari01 , 2002,     2, PIT , NHL , L  , 27.0,  5.0,   8.0,  13.0,  10.0, -6.0 ,  0.0,  3.0,  0.0,  0.0,  0.0, 0.0,  49.0,       ,      ,      ,        ,        ,        ,        ,        ,        ,        ,        ,      
fatari01 , 2003,     1, PIT , NHL , C  , 73.0, 16.0,  18.0,  34.0,  54.0, -46.0,  6.0,  6.0,  2.0,  2.0,  1.0, 0.0, 163.0,       ,      ,      ,        ,        ,        ,        ,        ,        ,        ,        ,      
fatari01 , 2005,     1, PIT , NHL , R  , 20.0,  0.0,   0.0,   0.0,  10.0, -5.0 ,  0.0,  0.0,  0.0,  0.0,  0.0,    ,  18.0,       ,      ,      ,        ,        ,        ,        ,        ,        ,        ,        ,      
fatari01 , 2005,     2, ATL , NHL , R  ,  6.0,  0.0,   1.0,   1.0,   4.0, -2.0 ,  0.0,  0.0,  0.0,  0.0,  0.0,    ,   1.0,       ,      ,      ,        ,        ,        ,        ,        ,        ,        ,        ,      
fatari01 , 2005,     3, WAS , NHL , R  , 21.0,  3.0,   3.0,   6.0,   8.0, 3.0  ,  1.0,  0.0,  0.0,  0.0,  0.0,    ,  31.0,       ,      ,      ,        ,        ,        ,        ,        ,        ,        ,        ,      
fatari01 , 2006,     1, WAS , NHL , L  , 10.0,  1.0,   1.0,   2.0,   2.0, 3.0  ,  0.0,  0.0,  0.0,  0.0,  0.0,    ,  15.0,       ,      ,      ,        ,        ,        ,        ,        ,        ,        ,        ,      
faubema01, 1974,     1, PIT , NHL , D  , 10.0,  1.0,   0.0,   1.0,   6.0, -2.0 ,  1.0,     ,  0.0,     ,  0.0, 0.0,  13.0,       ,      ,      ,        ,        ,        ,        ,        ,        ,        ,        ,      
faubema01, 1975,     1, PIT , NHL , D  , 21.0,  1.0,   8.0,   9.0,  10.0, 6.0  ,  1.0,     ,  0.0,     ,  0.0, 0.0,  22.0,       ,      ,      ,        ,        ,        ,        ,        ,        ,        ,        ,      
faubema01, 1976,     1, PIT , NHL , D  , 47.0,  2.0,  11.0,  13.0,  32.0, -4.0 ,  0.0,     ,  0.0,     ,  0.0, 0.0,  67.0,    3.0,   1.0,   0.0,     1.0,     2.0,        ,     1.0,        ,     0.0,        ,     0.0,      
faubema01, 1977,     1, PIT , NHL , D  , 18.0,  0.0,   6.0,   6.0,  11.0, 2.0  ,  0.0,     ,  0.0,     ,  0.0, 0.0,  26.0,       ,      ,      ,        ,        ,        ,        ,        ,        ,        ,        ,      
faubema01, 1979,     1, PIT , NHL , D  , 49.0,  5.0,  13.0,  18.0,  31.0, -19.0,  4.0,     ,  0.0,     ,  0.0, 0.0,  83.0,    2.0,   0.0,   1.0,     1.0,     0.0,        ,     0.0,        ,     0.0,        ,     0.0,      
faubema01, 1980,     1, PIT , NHL , D  , 72.0,  8.0,  44.0,  52.0, 118.0, -18.0,  3.0,     ,  0.0,     ,  1.0, 0.0, 142.0,    5.0,   1.0,   1.0,     2.0,     4.0,        ,     1.0,        ,     0.0,        ,     0.0,      
faubema01, 1981,     1, PIT , NHL , D  , 14.0,  4.0,   8.0,  12.0,  14.0, -2.0 ,  4.0,     ,  0.0,     ,  2.0, 0.0,  40.0,       ,      ,      ,        ,        ,        ,        ,        ,        ,        ,        ,      
faulkal01, 1961,     1, TOR , NHL , C  ,  1.0,  0.0,   0.0,   0.0,   0.0,      ,     ,     ,     ,     ,     ,    ,      ,       ,      ,      ,        ,        ,        ,        ,        ,        ,        ,        ,      
faulkal01, 1962,     1, DET , NHL , C  , 70.0, 10.0,  10.0,  20.0,   6.0,      ,     ,     ,     ,     ,     ,    ,      ,    8.0,   5.0,   0.0,     5.0,     2.0,        ,        ,        ,        ,        ,     3.0,      
faulkal01, 1963,     1, DET , NHL , C  , 30.0,  5.0,   7.0,  12.0,   9.0,      ,  0.0,     ,  0.0,     ,  2.0, 1.0,      ,    4.0,   0.0,   0.0,     0.0,     0.0,        ,        ,        ,        ,        ,     0.0,      
fausste01, 1986,     1, TOR , NHL , D  , 15.0,  0.0,   1.0,   1.0,  11.0, 4.0  ,  0.0,     ,  0.0,     ,  0.0, 0.0,   4.0,       ,      ,      ,        ,        ,        ,        ,        ,        ,        ,        ,      
fausste01, 1987,     1, TOR , NHL , D  , 13.0,  0.0,   1.0,   1.0,   4.0, 6.0  ,  0.0,  0.0,  0.0,  0.0,  0.0, 0.0,   2.0,       ,      ,      ,        ,        ,        ,        ,        ,        ,        ,        ,      
faustan01, 1992,     1, PHI , NHL , L  , 10.0,  2.0,   2.0,   4.0,   4.0, 5.0  ,  0.0,  0.0,  0.0,  0.0,  0.0, 0.0,  11.0,       ,      ,      ,        ,        ,        ,        ,        ,        ,        ,        ,      
faustan01, 1993,     1, PHI , NHL , L  , 37.0,  8.0,   5.0,  13.0,  10.0, -1.0 ,  0.0,  0.0,  0.0,  0.0,  1.0, 0.0,  33.0,       ,      ,      ,        ,        ,        ,        ,        ,        ,        ,        ,      
faveldo01, 1967,     1, PHI , NHL , G  , 37.0,  0.0,   0.0,   0.0,  37.0, 0.0  ,  0.0,     ,  0.0,     ,  0.0, 0.0,   0.0,    2.0,   0.0,   0.0,     0.0,     5.0,        ,     0.0,        ,     0.0,        ,     0.0,      
faveldo01, 1968,     1, PHI , NHL , G  , 21.0,  0.0,   0.0,   0.0,   4.0, 0.0  ,  0.0,     ,  0.0,     ,  0.0, 0.0,   0.0,    1.0,   0.0,   0.0,     0.0,     0.0,        ,     0.0,        ,     0.0,        ,     0.0,      
faveldo01, 1969,     1, PHI , NHL , G  , 15.0,  0.0,   0.0,   0.0,   2.0, 0.0  ,  0.0,     ,  0.0,     ,  0.0, 0.0,   1.0,       ,      ,      ,        ,        ,        ,        ,        ,        ,        ,        ,      
faveldo01, 1970,     1, PHI , NHL , G  , 44.0,  0.0,   1.0,   1.0,   9.0, 0.0  ,  0.0,     ,  0.0,     ,  0.0, 0.0,   0.0,    2.0,   0.0,   0.0,     0.0,     0.0,        ,     0.0,        ,     0.0,        ,     0.0,      
faveldo01, 1971,     1, PHI , NHL , G  , 54.0,  0.0,   1.0,   1.0,  32.0, 0.0  ,  0.0,     ,  0.0,     ,  0.0, 0.0,   0.0,       ,      ,      ,        ,        ,        ,        ,        ,        ,        ,        ,      
faveldo01, 1972,     1, PHI , NHL , G  , 44.0,  0.0,   2.0,   2.0,   4.0, 0.0  ,  0.0,     ,  0.0,     ,  0.0, 0.0,   0.0,   11.0,   0.0,   0.0,     0.0,     2.0,        ,     0.0,        ,     0.0,        ,     0.0,      
faveldo01, 1973,     1, TOR , NHL , G  , 32.0,  0.0,   0.0,   0.0,  20.0, 0.0  ,  0.0,     ,  0.0,     ,  0.0, 0.0,   0.0,    3.0,   0.0,   0.0,     0.0,     0.0,        ,     0.0,        ,     0.0,        ,     0.0,      
faveldo01, 1974,     1, TOR , NHL , G  , 39.0,  0.0,   1.0,   1.0,  10.0, 0.0  ,  0.0,     ,  0.0,     ,  0.0, 0.0,   0.0,       ,      ,      ,        ,        ,        ,        ,        ,        ,        ,        ,      
faveldo01, 1975,     1, TOR , NHL , G  ,  3.0,  0.0,   0.0,   0.0,   0.0, 0.0  ,  0.0,     ,  0.0,     ,  0.0, 0.0,   0.0,       ,      ,      ,        ,        ,        ,        ,        ,        ,        ,        ,      
faveldo01, 1976,     1, COR , NHL , G  , 30.0,  0.0,   0.0,   0.0,  15.0, 0.0  ,  0.0,     ,  0.0,     ,  0.0, 0.0,   0.0,       ,      ,      ,        ,        ,        ,        ,        ,        ,        ,        ,      
faveldo01, 1977,     1, COR , NHL , G  , 47.0,  0.0,   2.0,   2.0,   2.0, 0.0  ,  0.0,     ,  0.0,     ,  0.0, 0.0,   0.0,    2.0,   0.0,   0.0,     0.0,     0.0,        ,     0.0,        ,     0.0,        ,     0.0,      
faveldo01, 1978,     1, COR , NHL , G  ,  7.0,  0.0,   1.0,   1.0,  17.0, 0.0  ,  0.0,     ,  0.0,     ,  0.0, 0.0,   0.0,       ,      ,      ,        ,        ,        ,        ,        ,        ,        ,        ,      
feamsda01, 1981,     1, CHI , NHL , D  , 29.0,  0.0,   2.0,   2.0,  29.0, -6.0 ,  0.0,     ,  0.0,     ,  0.0, 0.0,  24.0,   15.0,   2.0,   4.0,     6.0,    53.0,        ,     0.0,        ,     0.0,        ,     1.0,      
feamsda01, 1982,     1, CHI , NHL , D  , 78.0,  6.0,  12.0,  18.0,  69.0, 15.0 ,  0.0,     ,  0.0,     ,  0.0, 0.0,  68.0,   13.0,   1.0,   0.0,     1.0,     4.0,        ,     0.0,        ,     0.0,        ,     0.0,      
feamsda01, 1983,     1, CHI , NHL , D  , 46.0,  6.0,   7.0,  13.0,  42.0, -8.0 ,  0.0,     ,  0.0,     ,  0.0, 0.0,  44.0,    5.0,   0.0,   1.0,     1.0,     4.0, 0.0    ,     0.0,        ,     0.0,        ,     0.0,     5.0
feamsda01, 1984,     1, CHI , NHL , D  , 16.0,  1.0,   3.0,   4.0,  14.0, 5.0  ,  0.0,     ,  0.0,     ,  0.0, 0.0,  10.0,       ,      ,      ,        ,        ,        ,        ,        ,        ,        ,        ,      
feathgl01, 1988,     1, STL , NHL , D  , 18.0,  0.0,   2.0,   2.0,  22.0, -3.0 ,  0.0,  0.0,  0.0,  0.0,  0.0, 0.0,   9.0,    6.0,   0.0,   0.0,     0.0,    25.0, -5.0   ,     0.0,     0.0,     0.0,     0.0,     0.0,     1.0
feathgl01, 1989,     1, STL , NHL , D  , 58.0,  0.0,  12.0,  12.0, 145.0, -1.0 ,  0.0,  3.0,  0.0,  0.0,  0.0, 0.0,  34.0,   12.0,   0.0,   2.0,     2.0,    47.0, -4.0   ,     0.0,     0.0,     0.0,     0.0,     0.0,     7.0
feathgl01, 1990,     1, STL , NHL , D  , 68.0,  5.0,  15.0,  20.0, 204.0, 19.0 ,  1.0,  1.0,  0.0,  0.0,  1.0, 0.0,  59.0,    9.0,   0.0,   0.0,     0.0,    31.0, -5.0   ,     0.0,     0.0,     0.0,     0.0,     0.0,     6.0
feathgl01, 1991,     1, BOS , NHL , D  ,  7.0,  1.0,   0.0,   1.0,  20.0, -2.0 ,  0.0,  0.0,  0.0,  0.0,  0.0, 0.0,   8.0,       ,      ,      ,        ,        ,        ,        ,        ,        ,        ,        ,      
feathgl01, 1992,     1, BOS , NHL , D  , 34.0,  5.0,   5.0,  10.0, 102.0, 6.0  ,  1.0,  1.0,  0.0,  0.0,  0.0, 0.0,  33.0,       ,      ,      ,        ,        ,        ,        ,        ,        ,        ,        ,      
feathgl01, 1993,     1, BOS , NHL , D  , 58.0,  1.0,   8.0,   9.0, 152.0, -5.0 ,  0.0,  0.0,  0.0,  0.0,  1.0, 0.0,  55.0,    1.0,   0.0,   0.0,     0.0,     0.0, 1.0    ,     0.0,     0.0,     0.0,     0.0,     0.0,     0.0
feathgl01, 1994,     1, NYR , NHL , D  ,  6.0,  1.0,   0.0,   1.0,  18.0, 0.0  ,  0.0,  0.0,  0.0,  0.0,  0.0, 0.0,   6.0,       ,      ,      ,        ,        ,        ,        ,        ,        ,        ,        ,      
feathgl01, 1994,     2, HAR , NHL , D  , 13.0,  1.0,   1.0,   2.0,  32.0, -7.0 ,  0.0,  0.0,  0.0,  0.0,  0.0, 0.0,  16.0,       ,      ,      ,        ,        ,        ,        ,        ,        ,        ,        ,      
feathgl01, 1995,     1, HAR , NHL , D  , 68.0,  2.0,  10.0,  12.0, 138.0, 10.0 ,  0.0,  0.0,  0.0,  0.0,  1.0, 0.0,  62.0,       ,      ,      ,        ,        ,        ,        ,        ,        ,        ,        ,      
feathgl01, 1996,     1, HAR , NHL , D  , 41.0,  2.0,   5.0,   7.0,  87.0, 0.0  ,  0.0,  3.0,  0.0,  1.0,  0.0, 0.0,  40.0,       ,      ,      ,        ,        ,        ,        ,        ,        ,        ,        ,      
feathgl01, 1996,     2, CAL , NHL , D  , 13.0,  1.0,   3.0,   4.0,  19.0, -1.0 ,  0.0,  2.0,  0.0,  0.0,  0.0, 0.0,  27.0,       ,      ,      ,        ,        ,        ,        ,        ,        ,        ,        ,      
feathto01, 1969,     1, OAK , NHL , R  ,  9.0,  0.0,   1.0,   1.0,  17.0, -7.0 ,  0.0,     ,  0.0,     ,  0.0, 0.0,  13.0,    2.0,   0.0,   0.0,     0.0,     0.0,        ,     0.0,        ,     0.0,        ,     0.0,      
feathto01, 1970,     1, CLF , NHL , R  , 67.0,  8.0,   8.0,  16.0,  44.0, -4.0 ,  1.0,     ,  0.0,     ,  1.0, 1.0,  90.0,       ,      ,      ,        ,        ,        ,        ,        ,        ,        ,        ,      
feathto01, 1973,     1, MNS , NHL , R  , 54.0,  9.0,  12.0,  21.0,   4.0, -9.0 ,  0.0,     ,  2.0,     ,  0.0, 1.0,  92.0,       ,      ,      ,        ,        ,        ,        ,        ,        ,        ,        ,      
feathto01, 1974,     1, TOT , WHA , R  , 76.0, 25.0,  38.0,  63.0,  26.0, 12.0 ,  3.0,     ,  2.0,     ,     ,    , 194.0,    6.0,   2.0,   1.0,     3.0,     2.0,        ,        ,        ,        ,        ,     0.0,      
feathto01, 1975,     1, TOT , WHA , R  , 32.0,  4.0,   7.0,  11.0,   5.0, -10.0,  1.0,     ,  0.0,     ,  0.0,    ,  33.0,       ,      ,      ,        ,        ,        ,        ,        ,        ,        ,        ,      
federbe01, 1976,     1, STL , NHL , C  , 31.0, 14.0,   9.0,  23.0,  15.0, -6.0 ,  6.0,     ,  0.0,     ,  3.0, 0.0,  67.0,    4.0,   1.0,   1.0,     2.0,     2.0,        ,     0.0,        ,     0.0,        ,     0.0,      
federbe01, 1977,     1, STL , NHL , C  , 72.0, 17.0,  24.0,  41.0,  27.0, -35.0,  4.0,     ,  0.0,     ,  1.0, 2.0, 128.0,       ,      ,      ,        ,        ,        ,        ,        ,        ,        ,        ,      
federbe01, 1978,     1, STL , NHL , C  , 74.0, 31.0,  64.0,  95.0,  14.0, -15.0,  7.0,     ,  0.0,     ,  1.0, 3.0, 156.0,       ,      ,      ,        ,        ,        ,        ,        ,        ,        ,        ,      
federbe01, 1979,     1, STL , NHL , C  , 79.0, 38.0,  56.0,  94.0,  24.0, 3.0  ,  7.0,     ,  0.0,     ,  4.0, 1.0, 184.0,    3.0,   1.0,   0.0,     1.0,     2.0,        ,     0.0,        ,     0.0,        ,     0.0,      
federbe01, 1980,     1, STL , NHL , C  , 78.0, 31.0,  73.0, 104.0,  47.0, 9.0  ,  9.0,     ,  2.0,     ,  4.0, 1.0, 170.0,   11.0,   8.0,  10.0,    18.0,     2.0,        ,     4.0,        ,     0.0,        ,     1.0,      
federbe01, 1981,     1, STL , NHL , C  , 74.0, 30.0,  62.0,  92.0,  70.0, -10.0, 11.0,     ,  0.0,     ,  6.0, 2.0, 177.0,   10.0,   3.0,  15.0,    18.0,    10.0,        ,     1.0,        ,     0.0,        ,     1.0,      
federbe01, 1982,     1, STL , NHL , C  , 75.0, 24.0,  60.0,  84.0,  24.0, -10.0,  9.0,     ,  0.0,     ,  1.0, 1.0, 184.0,    4.0,   2.0,   3.0,     5.0,     0.0,        ,     1.0,        ,     0.0,        ,     0.0,      
federbe01, 1983,     1, STL , NHL , C  , 79.0, 41.0,  66.0, 107.0,  43.0, -3.0 , 14.0,     ,  0.0,     ,  4.0, 2.0, 197.0,   11.0,   4.0,   4.0,     8.0,    10.0, -5.0   ,     1.0,        ,     0.0,        ,     1.0,    26.0
federbe01, 1984,     1, STL , NHL , C  , 76.0, 30.0,  73.0, 103.0,  27.0, -10.0,  6.0,     ,  0.0,     ,  3.0, 0.0, 174.0,    3.0,   0.0,   2.0,     2.0,     4.0, 1.0    ,     0.0,        ,     0.0,        ,     0.0,     3.0
federbe01, 1985,     1, STL , NHL , C  , 80.0, 34.0,  68.0, 102.0,  34.0, 10.0 , 16.0,     ,  0.0,     ,  2.0, 0.0, 167.0,   19.0,   7.0,  14.0,    21.0,    17.0, 2.0    ,     1.0,        ,     0.0,        ,     1.0,    34.0
federbe01, 1986,     1, STL , NHL , C  , 64.0, 20.0,  52.0,  72.0,  32.0, -25.0,  9.0,     ,  0.0,     ,  3.0, 0.0, 130.0,    6.0,   3.0,   3.0,     6.0,    18.0, 0.0    ,     1.0,        ,     0.0,        ,     0.0,     9.0
federbe01, 1987,     1, STL , NHL , C  , 79.0, 20.0,  69.0,  89.0,  52.0, -12.0,  9.0, 34.0,  0.0,  0.0,  2.0, 1.0, 119.0,   10.0,   2.0,   6.0,     8.0,    18.0, -6.0   ,     2.0,     4.0,     0.0,     0.0,     0.0,     8.0
federbe01, 1988,     1, STL , NHL , C  , 66.0, 22.0,  45.0,  67.0,  54.0, -20.0,  9.0, 20.0,  0.0,  0.0,  6.0, 2.0, 115.0,   10.0,   4.0,   8.0,    12.0,     0.0, -2.0   ,     2.0,     4.0,     0.0,     0.0,     0.0,    19.0
federbe01, 1989,     1, DET , NHL , C  , 73.0, 17.0,  40.0,  57.0,  24.0, -8.0 ,  3.0, 21.0,  0.0,  0.0,  0.0, 0.0, 108.0,       ,      ,      ,        ,        ,        ,        ,        ,        ,        ,        ,      
fedorfe01, 2002,     1, VAN , NHL , L  ,  7.0,  0.0,   1.0,   1.0,   4.0, 0.0  ,  0.0,  0.0,  0.0,  0.0,  0.0, 0.0,   2.0,       ,      ,      ,        ,        ,        ,        ,        ,        ,        ,        ,      
fedorfe01, 2003,     1, VAN , NHL , C  ,  8.0,  0.0,   1.0,   1.0,   4.0, 0.0  ,  0.0,  0.0,  0.0,  0.0,  0.0, 0.0,  10.0,       ,      ,      ,        ,        ,        ,        ,        ,        ,        ,        ,      
fedorfe01, 2005,     1, NYR , NHL , R  ,  3.0,  0.0,   0.0,   0.0,   6.0, 0.0  ,  0.0,  0.0,  0.0,  0.0,  0.0,    ,   2.0,       ,      ,      ,        ,        ,        ,        ,        ,        ,        ,        ,      
fedormi01, 1976,     1, HOU , WHA , D  ,  4.0,  0.0,   0.0,   0.0,   0.0, -4.0 ,  0.0,     ,  0.0,     ,  0.0,    ,   4.0,       ,      ,      ,        ,        ,        ,        ,        ,        ,        ,        ,      
fedorse01, 1990,     1, DET , NHL , C  , 77.0, 31.0,  48.0,  79.0,  66.0, 11.0 , 11.0, 16.0,  3.0,  1.0,  5.0, 1.0, 259.0,    7.0,   1.0,   5.0,     6.0,     4.0, -1.0   ,     0.0,     2.0,     0.0,     0.0,     1.0,    22.0
fedorse01, 1991,     1, DET , NHL , C  , 80.0, 32.0,  54.0,  86.0,  72.0, 26.0 ,  7.0, 20.0,  2.0,  3.0,  5.0, 0.0, 249.0,   11.0,   5.0,   5.0,    10.0,     8.0, 2.0    ,     1.0,     2.0,     2.0,     1.0,     1.0,    27.0
fedorse01, 1992,     1, DET , NHL , C  , 73.0, 34.0,  53.0,  87.0,  72.0, 33.0 , 13.0, 18.0,  4.0,  5.0,  3.0, 0.0, 217.0,    7.0,   3.0,   6.0,     9.0,    23.0, 4.0    ,     1.0,     2.0,     1.0,     1.0,     0.0,    26.0
fedorse01, 1993,     1, DET , NHL , C  , 82.0, 56.0,  64.0, 120.0,  34.0, 48.0 , 13.0, 15.0,  4.0,  7.0, 10.0, 0.0, 337.0,    7.0,   1.0,   7.0,     8.0,     6.0, -1.0   ,     0.0,     2.0,     0.0,     0.0,     0.0,    19.0
fedorse01, 1994,     1, DET , NHL , C  , 42.0, 20.0,  30.0,  50.0,  24.0, 6.0  ,  7.0,  9.0,  3.0,  0.0,  5.0, 0.0, 147.0,   17.0,   7.0,  17.0,    24.0,     6.0, 13.0   ,     3.0,     7.0,     0.0,     2.0,     0.0,    53.0
fedorse01, 1995,     1, DET , NHL , R  , 78.0, 39.0,  68.0, 107.0,  48.0, 49.0 , 11.0, 26.0,  3.0,  2.0, 11.0, 1.0, 306.0,   19.0,   2.0,  18.0,    20.0,    10.0, 8.0    ,     0.0,     9.0,     0.0,     1.0,     2.0,    59.0
fedorse01, 1996,     1, DET , NHL , C  , 74.0, 30.0,  33.0,  63.0,  30.0, 29.0 ,  9.0,  6.0,  2.0,  1.0,  4.0, 0.0, 273.0,   20.0,   8.0,  12.0,    20.0,    12.0, 5.0    ,     3.0,     5.0,     0.0,     0.0,     4.0,    79.0
fedorse01, 1997,     1, DET , NHL , R  , 21.0,  6.0,  11.0,  17.0,  25.0, 10.0 ,  2.0,  2.0,  0.0,  0.0,  2.0, 0.0,  68.0,   22.0,  10.0,  10.0,    20.0,    12.0, 0.0    ,     2.0,     5.0,     1.0,     0.0,     1.0,    86.0
fedorse01, 1998,     1, DET , NHL , C  , 77.0, 26.0,  37.0,  63.0,  66.0, 9.0  ,  6.0, 13.0,  2.0,  0.0,  3.0, 0.0, 224.0,   10.0,   1.0,   8.0,     9.0,     8.0, 3.0    ,     0.0,     3.0,     0.0,     0.0,     0.0,    38.0
fedorse01, 1999,     1, DET , NHL , C  , 68.0, 27.0,  35.0,  62.0,  22.0, 8.0  ,  4.0, 15.0,  4.0,  1.0,  7.0, 0.0, 263.0,    9.0,   4.0,   4.0,     8.0,     4.0, 2.0    ,     2.0,     3.0,     0.0,     0.0,     1.0,    34.0
fedorse01, 2000,     1, DET , NHL , C  , 75.0, 32.0,  37.0,  69.0,  40.0, 12.0 , 14.0, 23.0,  2.0,  1.0,  7.0, 1.0, 268.0,    6.0,   2.0,   5.0,     7.0,     0.0, 0.0    ,     1.0,     3.0,     0.0,     0.0,     1.0,    16.0
fedorse01, 2001,     1, DET , NHL , C  , 81.0, 31.0,  37.0,  68.0,  36.0, 20.0 , 10.0, 11.0,  0.0,  2.0,  6.0, 0.0, 256.0,   23.0,   5.0,  14.0,    19.0,    20.0, 4.0    ,     2.0,     5.0,     1.0,     1.0,     0.0,    88.0
fedorse01, 2002,     1, DET , NHL , C  , 80.0, 36.0,  47.0,  83.0,  52.0, 15.0 , 10.0, 18.0,  2.0,  1.0, 11.0, 0.0, 281.0,    4.0,   1.0,   2.0,     3.0,     0.0, -1.0   ,     0.0,     1.0,     0.0,     0.0,     0.0,    14.0
fedorse01, 2003,     1, ANA , NHL , C  , 80.0, 31.0,  34.0,  65.0,  42.0, -5.0 ,  9.0, 17.0,  2.0,  0.0,  6.0, 1.0, 268.0,       ,      ,      ,        ,        ,        ,        ,        ,        ,        ,        ,      
fedorse01, 2005,     1, ANA , NHL , C  ,  5.0,  0.0,   1.0,   1.0,   2.0, -1.0 ,  0.0,  1.0,  0.0,  0.0,  0.0,    ,  18.0,       ,      ,      ,        ,        ,        ,        ,        ,        ,        ,        ,      
fedorse01, 2005,     2, CBS , NHL , C  , 62.0, 12.0,  31.0,  43.0,  64.0, -1.0 ,  3.0, 13.0,  1.0,  1.0,  2.0,    , 142.0,       ,      ,      ,        ,        ,        ,        ,        ,        ,        ,        ,      
fedorse01, 2006,     1, CBS , NHL , C  , 73.0, 18.0,  24.0,  42.0,  56.0, -7.0 ,  7.0, 11.0,  2.0,  2.0,  2.0,    , 163.0,       ,      ,      ,        ,        ,        ,        ,        ,        ,        ,        ,      
fedorse01, 2007,     1, CBS , NHL , C  , 50.0,  9.0,  19.0,  28.0,  30.0, -3.0 ,  5.0,  5.0,  0.0,  0.0,  1.0,    ,  94.0,       ,      ,      ,        ,        ,        ,        ,        ,        ,        ,        ,      
fedorse01, 2007,     2, WAS , NHL , C  , 18.0,  2.0,  11.0,  13.0,   8.0, -2.0 ,  1.0,  6.0,  0.0,  2.0,  1.0,    ,  34.0,    7.0,   1.0,   4.0,     5.0,     8.0, -1.0   ,     0.0,     3.0,     0.0,     0.0,     0.0,    18.0
fedorse01, 2008,     1, WAS , NHL , C  , 52.0, 11.0,  22.0,  33.0,  50.0, 6.0  ,  2.0, 11.0,  0.0,  0.0,  2.0,    , 118.0,   14.0,   1.0,   7.0,     8.0,    12.0, 1.0    ,     0.0,     2.0,     0.0,     0.0,     1.0,    24.0
fedorto01, 2000,     1, PHI , NHL , R  , 53.0,  5.0,   5.0,  10.0, 109.0, 0.0  ,  0.0,  0.0,  0.0,  0.0,  0.0, 0.0,  28.0,    2.0,   0.0,   0.0,     0.0,    20.0, 0.0    ,     0.0,     0.0,     0.0,     0.0,     0.0,     0.0
fedorto01, 2001,     1, PHI , NHL , L  , 55.0,  3.0,   4.0,   7.0, 141.0, -2.0 ,  0.0,  0.0,  0.0,  0.0,  0.0, 0.0,  21.0,    3.0,   0.0,   0.0,     0.0,     0.0, 0.0    ,     0.0,     0.0,     0.0,     0.0,     0.0,     0.0
fedorto01, 2002,     1, PHI , NHL , L  , 63.0,  1.0,   5.0,   6.0, 105.0, 1.0  ,  0.0,  0.0,  0.0,  0.0,  0.0, 0.0,  33.0,    1.0,   0.0,   0.0,     0.0,     0.0, 0.0    ,     0.0,     0.0,     0.0,     0.0,     0.0,     2.0
fedorto01, 2003,     1, PHI , NHL , L  , 49.0,  1.0,   4.0,   5.0, 136.0, -4.0 ,  0.0,  0.0,  0.0,  0.0,  1.0, 0.0,  33.0,    1.0,   0.0,   0.0,     0.0,     2.0, -2.0   ,     0.0,     0.0,     0.0,     0.0,     0.0,     1.0
fedorto01, 2005,     1, ANA , NHL , L  , 76.0,  4.0,  19.0,  23.0, 174.0, 6.0  ,  0.0,  2.0,  0.0,  0.0,  1.0,    ,  69.0,   12.0,   0.0,   0.0,     0.0,    16.0, -1.0   ,     0.0,     0.0,     0.0,     0.0,     0.0,    12.0
fedorto01, 2006,     1, AND , NHL , L  , 10.0,  0.0,   3.0,   3.0,  36.0, 2.0  ,  0.0,  0.0,  0.0,  0.0,  0.0,    ,   2.0,       ,      ,      ,        ,        ,        ,        ,        ,        ,        ,        ,      
fedorto01, 2006,     2, PHI , NHL , L  , 48.0,  3.0,   8.0,  11.0,  84.0, -11.0,  0.0,  0.0,  0.0,  0.0,  0.0,    ,  28.0,       ,      ,      ,        ,        ,        ,        ,        ,        ,        ,        ,      
fedorto01, 2007,     1, DAL , NHL , L  , 11.0,  0.0,   2.0,   2.0,  33.0, 2.0  ,  0.0,  0.0,  0.0,  0.0,  0.0,    ,   6.0,       ,      ,      ,        ,        ,        ,        ,        ,        ,        ,        ,      
fedorto01, 2007,     2, MIN , NHL , L  , 58.0,  6.0,   5.0,  11.0, 106.0, 0.0  ,  2.0,  0.0,  0.0,  0.0,  0.0,    ,  51.0,    6.0,   1.0,   1.0,     2.0,    16.0, -2.0   ,     1.0,     0.0,     0.0,     0.0,     0.0,     5.0
fedorto01, 2008,     1, PHO , NHL , L  , 72.0,  6.0,   7.0,  13.0,  72.0, -9.0 ,  0.0,  0.0,  0.0,  0.0,  0.0,    ,  56.0,       ,      ,      ,        ,        ,        ,        ,        ,        ,        ,        ,      
fedorto01, 2009,     1, TBL , NHL , L  , 50.0,  3.0,   3.0,   6.0,  54.0, -12.0,  0.0,  0.0,  0.0,  0.0,  0.0,    ,  22.0,       ,      ,      ,        ,        ,        ,        ,        ,        ,        ,        ,      
fedotan01, 1992,     1, WIN , NHL , D  ,  1.0,  0.0,   2.0,   2.0,   0.0, 1.0  ,  0.0,  0.0,  0.0,  0.0,  0.0, 0.0,   1.0,       ,      ,      ,        ,        ,        ,        ,        ,        ,        ,        ,      
fedotan01, 1993,     1, ANA , NHL , D  ,  3.0,  0.0,   0.0,   0.0,   0.0, -1.0 ,  0.0,  0.0,  0.0,  0.0,  0.0, 0.0,   1.0,       ,      ,      ,        ,        ,        ,        ,        ,        ,        ,        ,      
fedotru01, 2000,     1, PHI , NHL , L  , 74.0, 16.0,  20.0,  36.0,  72.0, 8.0  ,  3.0,  2.0,  0.0,  0.0,  4.0, 0.0, 119.0,    6.0,   0.0,   1.0,     1.0,     4.0, -4.0   ,     0.0,     1.0,     0.0,     0.0,     0.0,     6.0
fedotru01, 2001,     1, PHI , NHL , R  , 78.0, 17.0,   9.0,  26.0,  43.0, 15.0 ,  0.0,  0.0,  1.0,  0.0,  3.0, 0.0, 121.0,    5.0,   1.0,   0.0,     1.0,     2.0, 0.0    ,     0.0,     0.0,     0.0,     0.0,     1.0,    11.0
fedotru01, 2002,     1, TBL , NHL , L  , 76.0, 19.0,  13.0,  32.0,  44.0, -7.0 ,  6.0,  2.0,  0.0,  1.0,  6.0, 0.0, 114.0,   11.0,   0.0,   1.0,     1.0,     2.0, -6.0   ,     0.0,     0.0,     0.0,     0.0,     0.0,    17.0
fedotru01, 2003,     1, TBL , NHL , L  , 77.0, 17.0,  22.0,  39.0,  30.0, 14.0 ,  0.0,  1.0,  0.0,  0.0,  3.0, 0.0, 116.0,   22.0,  12.0,   2.0,    14.0,    14.0, 0.0    ,     5.0,     1.0,     0.0,     0.0,     3.0,    43.0
fedotru01, 2005,     1, TBL , NHL , L  , 80.0, 26.0,  15.0,  41.0,  44.0, -4.0 ,  4.0,  3.0,  0.0,  0.0,  6.0,    , 164.0,    5.0,   0.0,   0.0,     0.0,    20.0, -1.0   ,     0.0,     0.0,     0.0,     0.0,     0.0,    11.0
fedotru01, 2006,     1, TBL , NHL , L  , 80.0, 12.0,  20.0,  32.0,  52.0, -3.0 ,  2.0,  4.0,  0.0,  0.0,  1.0,    , 154.0,    4.0,   0.0,   0.0,     0.0,     4.0, -4.0   ,     0.0,     0.0,     0.0,     0.0,     0.0,     1.0
fedotru01, 2007,     1, NYI , NHL , L  , 67.0, 16.0,  17.0,  33.0,  40.0, -9.0 ,  8.0,  1.0,  0.0,  2.0,  2.0,    , 121.0,       ,      ,      ,        ,        ,        ,        ,        ,        ,        ,        ,      
fedotru01, 2008,     1, PIT , NHL , L  , 65.0, 16.0,  23.0,  39.0,  44.0, 18.0 ,  1.0,  3.0,  0.0,  0.0,  3.0,    , 117.0,   24.0,   7.0,   7.0,    14.0,     4.0, 9.0    ,     0.0,     1.0,     0.0,     0.0,     0.0,    58.0
fedotru01, 2009,     1, PIT , NHL , L  , 80.0, 11.0,  19.0,  30.0,  50.0, -17.0,  3.0,  4.0,  0.0,  0.0,  3.0,    , 158.0,    6.0,   0.0,   0.0,     0.0,     4.0, -3.0   ,     0.0,     0.0,     0.0,     0.0,     0.0,     3.0
fedykbr01, 1987,     1, DET , NHL , R  ,  2.0,  0.0,   1.0,   1.0,   2.0, -1.0 ,  0.0,  0.0,  0.0,  0.0,  0.0, 0.0,   2.0,       ,      ,      ,        ,        ,        ,        ,        ,        ,        ,        ,      
fedykbr01, 1988,     1, DET , NHL , R  ,  5.0,  2.0,   0.0,   2.0,   0.0, -1.0 ,  1.0,  0.0,  0.0,  0.0,  0.0, 0.0,   6.0,       ,      ,      ,        ,        ,        ,        ,        ,        ,        ,        ,      
fedykbr01, 1989,     1, DET , NHL , R  , 27.0,  1.0,   4.0,   5.0,   6.0, -1.0 ,  0.0,  1.0,  0.0,  0.0,  0.0, 0.0,  28.0,       ,      ,      ,        ,        ,        ,        ,        ,        ,        ,        ,      
fedykbr01, 1990,     1, DET , NHL , R  , 67.0, 16.0,  19.0,  35.0,  38.0, 20.0 ,  0.0,  0.0,  0.0,  2.0,  1.0, 0.0,  74.0,    6.0,   1.0,   0.0,     1.0,     2.0, -3.0   ,     0.0,     0.0,     0.0,     0.0,     1.0,     3.0
fedykbr01, 1991,     1, DET , NHL , L  , 61.0,  5.0,   8.0,  13.0,  42.0, -5.0 ,  0.0,  0.0,  0.0,  0.0,  1.0, 0.0,  60.0,    1.0,   0.0,   0.0,     0.0,     2.0, 0.0    ,     0.0,     0.0,     0.0,     0.0,     0.0,     0.0
fedykbr01, 1992,     1, PHI , NHL , L  , 74.0, 21.0,  38.0,  59.0,  48.0, 14.0 ,  4.0,  9.0,  1.0,  1.0,  2.0, 2.0, 167.0,       ,      ,      ,        ,        ,        ,        ,        ,        ,        ,        ,      
fedykbr01, 1993,     1, PHI , NHL , R  , 72.0, 20.0,  18.0,  38.0,  74.0, -14.0,  5.0,  2.0,  0.0,  0.0,  1.0, 0.0, 104.0,       ,      ,      ,        ,        ,        ,        ,        ,        ,        ,        ,      
fedykbr01, 1994,     1, PHI , NHL , R  , 30.0,  8.0,   4.0,  12.0,  14.0, -2.0 ,  3.0,  2.0,  0.0,  0.0,  2.0, 0.0,  41.0,    9.0,   2.0,   2.0,     4.0,     8.0, 2.0    ,     0.0,     1.0,     0.0,     0.0,     0.0,     9.0
fedykbr01, 1995,     1, PHI , NHL , L  , 24.0, 10.0,   5.0,  15.0,  24.0, 1.0  ,  4.0,  0.0,  0.0,  1.0,  0.0, 0.0,  42.0,       ,      ,      ,        ,        ,        ,        ,        ,        ,        ,        ,      
fedykbr01, 1995,     2, DAL , NHL , L  , 41.0, 10.0,   9.0,  19.0,  30.0, -17.0,  4.0,  4.0,  0.0,  0.0,  0.0, 0.0,  71.0,       ,      ,      ,        ,        ,        ,        ,        ,        ,        ,        ,      
fedykbr01, 1998,     1, NYR , NHL , L  , 67.0,  4.0,   6.0,  10.0,  30.0, -11.0,  0.0,  0.0,  1.0,  1.0,  0.0, 0.0,  47.0,       ,      ,      ,        ,        ,        ,        ,        ,        ,        ,        ,      
fehrer01 , 2005,     1, WAS , NHL , R  , 11.0,  0.0,   0.0,   0.0,   2.0, 0.0  ,  0.0,  0.0,  0.0,  0.0,  0.0,    ,  10.0,       ,      ,      ,        ,        ,        ,        ,        ,        ,        ,        ,      
fehrer01 , 2006,     1, WAS , NHL , R  , 14.0,  2.0,   1.0,   3.0,   8.0, 3.0  ,  0.0,  0.0,  0.0,  0.0,  1.0,    ,  25.0,       ,      ,      ,        ,        ,        ,        ,        ,        ,        ,        ,      
fehrer01 , 2007,     1, WAS , NHL , R  , 23.0,  1.0,   5.0,   6.0,   6.0, 4.0  ,  0.0,  4.0,  0.0,  0.0,  0.0,    ,  40.0,    5.0,   1.0,   0.0,     1.0,     0.0, 1.0    ,     0.0,     0.0,     0.0,     0.0,     0.0,     5.0
fehrer01 , 2008,     1, WAS , NHL , R  , 61.0, 12.0,  13.0,  25.0,  22.0, 8.0  ,  1.0,  1.0,  0.0,  0.0,  2.0,    , 134.0,    9.0,   0.0,   0.0,     0.0,     0.0, -3.0   ,     0.0,     0.0,     0.0,     0.0,     0.0,    10.0
fehrer01 , 2009,     1, WAS , NHL , R  , 69.0, 21.0,  18.0,  39.0,  24.0, 18.0 ,  3.0,  3.0,  0.0,  0.0,  3.0,    , 145.0,    7.0,   3.0,   1.0,     4.0,     4.0, 2.0    ,     0.0,     0.0,     0.0,     0.0,     0.0,    20.0
felixch01, 1987,     1, WAS , NHL , D  ,     ,     ,      ,      ,      ,      ,     ,     ,     ,     ,     ,    ,      ,    1.0,   0.0,   0.0,     0.0,     0.0, 0.0    ,     0.0,     0.0,     0.0,     0.0,     0.0,     0.0
felixch01, 1988,     1, WAS , NHL , D  , 21.0,  0.0,   8.0,   8.0,   8.0, 7.0  ,  0.0,  5.0,  0.0,  0.0,  0.0, 0.0,  18.0,    1.0,   0.0,   1.0,     1.0,     0.0, 0.0    ,     0.0,     1.0,     0.0,     0.0,     0.0,     0.0
felixch01, 1989,     1, WAS , NHL , D  ,  6.0,  1.0,   0.0,   1.0,   2.0, -6.0 ,  1.0,  0.0,  0.0,  0.0,  0.0, 0.0,   3.0,       ,      ,      ,        ,        ,        ,        ,        ,        ,        ,        ,      
felixch01, 1990,     1, WAS , NHL , D  ,  8.0,  0.0,   4.0,   4.0,   0.0, 0.0  ,  0.0,  3.0,  0.0,  0.0,  0.0, 0.0,   7.0,       ,      ,      ,        ,        ,        ,        ,        ,        ,        ,        ,      
felsnbr01, 1997,     1, CHI , NHL , L  , 12.0,  1.0,   3.0,   4.0,  12.0, 0.0  ,  0.0,  0.0,  0.0,  0.0,  0.0, 0.0,  14.0,       ,      ,      ,        ,        ,        ,        ,        ,        ,        ,        ,      
felsnde01, 1991,     1, STL , NHL , L  ,  3.0,  0.0,   1.0,   1.0,   0.0, 0.0  ,  0.0,  0.0,  0.0,  0.0,  0.0, 0.0,   2.0,    1.0,   0.0,   0.0,     0.0,     0.0, 0.0    ,     0.0,     0.0,     0.0,     0.0,     0.0,     0.0
felsnde01, 1992,     1, STL , NHL , L  ,  6.0,  0.0,   3.0,   3.0,   2.0, 4.0  ,  0.0,  0.0,  0.0,  0.0,  0.0, 0.0,   4.0,    9.0,   2.0,   3.0,     5.0,     2.0, 4.0    ,     1.0,     0.0,     0.0,     0.0,     0.0,     7.0
felsnde01, 1993,     1, STL , NHL , L  ,  6.0,  1.0,   0.0,   1.0,   2.0, -1.0 ,  0.0,  0.0,  0.0,  0.0,  0.0, 0.0,   6.0,       ,      ,      ,        ,        ,        ,        ,        ,        ,        ,        ,      
felsnde01, 1994,     1, STL , NHL , L  ,  3.0,  0.0,   0.0,   0.0,   2.0, -1.0 ,  0.0,  0.0,  0.0,  0.0,  0.0, 0.0,   2.0,       ,      ,      ,        ,        ,        ,        ,        ,        ,        ,        ,      
feltrto01, 1980,     1, PIT , NHL , D  ,  2.0,  0.0,   0.0,   0.0,   0.0, -3.0 ,  0.0,     ,  0.0,     ,  0.0, 0.0,   0.0,       ,      ,      ,        ,        ,        ,        ,        ,        ,        ,        ,      
feltrto01, 1981,     1, PIT , NHL , D  ,  4.0,  0.0,   0.0,   0.0,   4.0, -3.0 ,  0.0,     ,  0.0,     ,  0.0, 0.0,   3.0,       ,      ,      ,        ,        ,        ,        ,        ,        ,        ,        ,      
feltrto01, 1982,     1, PIT , NHL , D  , 32.0,  3.0,   3.0,   6.0,  40.0, -11.0,  0.0,     ,  0.0,     ,  0.0, 0.0,  36.0,       ,      ,      ,        ,        ,        ,        ,        ,        ,        ,        ,      
feltrto01, 1985,     1, NYR , NHL , D  , 10.0,  0.0,   0.0,   0.0,  21.0, -3.0 ,  0.0,     ,  0.0,     ,  0.0, 0.0,   8.0,       ,      ,      ,        ,        ,        ,        ,        ,        ,        ,        ,      
fentopa01, 1984,     1, HAR , NHL , L  , 33.0,  7.0,   5.0,  12.0,  10.0, 6.0  ,  0.0,     ,  0.0,     ,  2.0, 0.0,  53.0,       ,      ,      ,        ,        ,        ,        ,        ,        ,        ,        ,      
fentopa01, 1985,     1, HAR , NHL , L  ,  1.0,  0.0,   0.0,   0.0,   0.0, 1.0  ,  0.0,     ,  0.0,     ,  0.0, 0.0,   3.0,       ,      ,      ,        ,        ,        ,        ,        ,        ,        ,        ,      
fentopa01, 1986,     1, NYR , NHL , L  ,  8.0,  0.0,   0.0,   0.0,   2.0, -5.0 ,  0.0,     ,  0.0,     ,  0.0, 0.0,  11.0,       ,      ,      ,        ,        ,        ,        ,        ,        ,        ,        ,      
fentopa01, 1987,     1, LAK , NHL , L  , 71.0, 20.0,  23.0,  43.0,  46.0, -14.0,  8.0,  4.0,  1.0,  1.0,  1.0, 0.0, 166.0,    5.0,   2.0,   1.0,     3.0,     2.0, -3.0   ,     1.0,     1.0,     0.0,     0.0,     0.0,    11.0
fentopa01, 1988,     1, LAK , NHL , L  , 21.0,  2.0,   3.0,   5.0,   6.0, -1.0 ,  0.0,  0.0,  0.0,  0.0,  0.0, 0.0,  26.0,       ,      ,      ,        ,        ,        ,        ,        ,        ,        ,        ,      
fentopa01, 1988,     2, WIN , NHL , L  , 59.0, 14.0,   9.0,  23.0,  33.0, -15.0,  1.0,  0.0,  0.0,  0.0,  0.0, 0.0, 109.0,       ,      ,      ,        ,        ,        ,        ,        ,        ,        ,        ,      
fentopa01, 1989,     1, WIN , NHL , L  , 80.0, 32.0,  18.0,  50.0,  40.0, 2.0  ,  4.0,  2.0,  1.0,  0.0,  1.0, 1.0, 152.0,    7.0,   2.0,   0.0,     2.0,    23.0, -2.0   ,     2.0,     0.0,     0.0,     0.0,     0.0,    11.0
fentopa01, 1990,     1, WIN , NHL , L  , 17.0,  4.0,   4.0,   8.0,  18.0, -4.0 ,  1.0,     ,  0.0,  0.0,  1.0, 0.0,  28.0,       ,      ,      ,        ,        ,        ,        ,        ,        ,        ,        ,      
fentopa01, 1990,     2, TOR , NHL , L  , 30.0,  5.0,  10.0,  15.0,   0.0, -3.0 ,  1.0,     ,  1.0,  0.0,  0.0, 0.0,  46.0,       ,      ,      ,        ,        ,        ,        ,        ,        ,        ,        ,      
fentopa01, 1990,     3, CAL , NHL , L  , 31.0,  5.0,   7.0,  12.0,  10.0, 2.0  ,  0.0,     ,  1.0,  0.0,  1.0, 0.0,  59.0,    5.0,   0.0,   0.0,     0.0,     2.0, -3.0   ,     0.0,     0.0,     0.0,     0.0,     0.0,     5.0
fentopa01, 1991,     1, SJS , NHL , L  , 60.0, 11.0,   4.0,  15.0,  33.0, -39.0,  3.0,  0.0,  2.0,  0.0,  1.0, 0.0,  96.0,       ,      ,      ,        ,        ,        ,        ,        ,        ,        ,        ,      
fenyvda01, 1982,     1, BUF , NHL , D  , 24.0,  0.0,   8.0,   8.0,  14.0, -10.0,  0.0,     ,  0.0,     ,  0.0, 0.0,  20.0,    4.0,   0.0,   0.0,     0.0,     0.0,        ,     0.0,        ,     0.0,        ,     0.0,      
fenyvda01, 1983,     1, BUF , NHL , D  , 10.0,  0.0,   4.0,   4.0,   9.0, 7.0  ,  0.0,     ,  0.0,     ,  0.0, 0.0,   4.0,    2.0,   0.0,   0.0,     0.0,     7.0, 1.0    ,     0.0,        ,     0.0,        ,     0.0,     0.0
fenyvda01, 1984,     1, BUF , NHL , D  , 60.0,  1.0,   8.0,   9.0,  27.0, 0.0  ,  0.0,     ,  0.0,     ,  0.0, 0.0,  50.0,    5.0,   0.0,   0.0,     0.0,     2.0, -1.0   ,     0.0,        ,     0.0,        ,     0.0,     3.0
fenyvda01, 1985,     1, BUF , NHL , D  , 47.0,  0.0,   7.0,   7.0,  37.0, 12.0 ,  0.0,     ,  0.0,     ,  0.0, 0.0,  31.0,       ,      ,      ,        ,        ,        ,        ,        ,        ,        ,        ,      
fenyvda01, 1986,     1, BUF , NHL , D  ,  7.0,  1.0,   0.0,   1.0,   0.0, -3.0 ,  0.0,     ,  0.0,     ,  0.0, 0.0,   3.0,       ,      ,      ,        ,        ,        ,        ,        ,        ,        ,        ,      
fenyvda01, 1987,     1, PHI , NHL , D  ,  5.0,  0.0,   0.0,   0.0,   0.0, -1.0 ,  0.0,  0.0,  0.0,  0.0,  0.0, 0.0,   3.0,       ,      ,      ,        ,        ,        ,        ,        ,        ,        ,        ,      
fenyvda01, 1988,     1, PHI , NHL , D  ,  1.0,  0.0,   1.0,   1.0,   0.0, 0.0  ,  0.0,  0.0,  0.0,  0.0,  0.0, 0.0,   0.0,       ,      ,      ,        ,        ,        ,        ,        ,        ,        ,        ,      
fenyvda01, 1989,     1, PHI , NHL , D  , 12.0,  0.0,   0.0,   0.0,   4.0, -6.0 ,  0.0,  0.0,  0.0,  0.0,  0.0, 0.0,  10.0,       ,      ,      ,        ,        ,        ,        ,        ,        ,        ,        ,      
fenyvda01, 1990,     1, PHI , NHL , D  , 40.0,  1.0,   4.0,   5.0,  28.0, 1.0  ,  0.0,  0.0,  0.0,  0.0,  0.0, 0.0,  32.0,       ,      ,      ,        ,        ,        ,        ,        ,        ,        ,        ,      
ferenan01, 1999,     1, PIT , NHL , D  , 30.0,  2.0,   4.0,   6.0,  20.0, 3.0  ,  0.0,  0.0,  0.0,  0.0,  1.0, 0.0,  26.0,       ,      ,      ,        ,        ,        ,        ,        ,        ,        ,        ,      
ferenan01, 2000,     1, PIT , NHL , D  , 36.0,  4.0,  11.0,  15.0,  28.0, 6.0  ,  1.0,  2.0,  0.0,  1.0,  1.0, 0.0,  47.0,   18.0,   3.0,   7.0,    10.0,    16.0, 0.0    ,     1.0,     4.0,     0.0,     0.0,     1.0,    32.0
ferenan01, 2001,     1, PIT , NHL , D  , 75.0,  4.0,   7.0,  11.0,  73.0, -12.0,  1.0,  0.0,  0.0,  0.0,  0.0, 1.0,  82.0,       ,      ,      ,        ,        ,        ,        ,        ,        ,        ,        ,      
ferenan01, 2002,     1, PIT , NHL , D  , 22.0,  1.0,   3.0,   4.0,  36.0, -16.0,  1.0,  0.0,  0.0,  0.0,  0.0, 0.0,  22.0,       ,      ,      ,        ,        ,        ,        ,        ,        ,        ,        ,      
ferenan01, 2002,     2, CAL , NHL , D  , 16.0,  0.0,   4.0,   4.0,   6.0, 1.0  ,  0.0,  2.0,  0.0,  0.0,  0.0, 0.0,  17.0,       ,      ,      ,        ,        ,        ,        ,        ,        ,        ,        ,      
ferenan01, 2003,     1, CAL , NHL , D  , 72.0,  4.0,  12.0,  16.0,  53.0, 5.0  ,  1.0,  4.0,  0.0,  0.0,  0.0, 0.0,  86.0,   26.0,   0.0,   3.0,     3.0,    25.0, 5.0    ,     0.0,     0.0,     0.0,     0.0,     0.0,    37.0
ferenan01, 2005,     1, CAL , NHL , D  , 82.0,  4.0,  27.0,  31.0,  85.0, -12.0,  2.0, 17.0,  0.0,  0.0,  0.0,    , 111.0,    7.0,   0.0,   4.0,     4.0,    12.0, 3.0    ,     0.0,     2.0,     0.0,     0.0,     0.0,     7.0
ferenan01, 2006,     1, CAL , NHL , D  , 54.0,  2.0,  10.0,  12.0,  66.0, 7.0  ,  1.0,  4.0,  0.0,  2.0,  0.0,    ,  51.0,       ,      ,      ,        ,        ,        ,        ,        ,        ,        ,        ,      
ferenan01, 2006,     2, BOS , NHL , D  , 26.0,  1.0,   2.0,   3.0,  31.0, -2.0 ,  0.0,  0.0,  0.0,  0.0,  0.0,    ,  29.0,       ,      ,      ,        ,        ,        ,        ,        ,        ,        ,        ,      
ferenan01, 2007,     1, BOS , NHL , D  , 59.0,  1.0,  14.0,  15.0,  50.0, -14.0,  0.0,  4.0,  0.0,  1.0,  0.0,    ,  71.0,    7.0,   0.0,   4.0,     4.0,     6.0, 1.0    ,     0.0,     1.0,     0.0,     1.0,     0.0,    10.0
ferenan01, 2008,     1, BOS , NHL , D  , 47.0,  1.0,  15.0,  16.0,  40.0, 7.0  ,  1.0,  6.0,  0.0,  0.0,  0.0,    ,  72.0,    3.0,   0.0,   0.0,     0.0,     4.0, 1.0    ,     0.0,     0.0,     0.0,     0.0,     0.0,     3.0
ferenan01, 2009,     1, BOS , NHL , D  , 51.0,  0.0,   8.0,   8.0,  16.0, -7.0 ,  0.0,  0.0,  0.0,  0.0,  0.0,    ,  60.0,   13.0,   0.0,   1.0,     1.0,    18.0, -9.0   ,     0.0,     0.0,     0.0,     0.0,     0.0,    12.0
ferenbr01, 1999,     1, FLO , NHL , D  , 13.0,  0.0,   2.0,   2.0,  46.0, 2.0  ,  0.0,  0.0,  0.0,  0.0,  0.0, 0.0,  10.0,       ,      ,      ,        ,        ,        ,        ,        ,        ,        ,        ,      
ferenbr01, 2000,     1, FLO , NHL , D  , 14.0,  0.0,   1.0,   1.0,  14.0, -10.0,  0.0,  0.0,  0.0,  0.0,  0.0, 0.0,   5.0,       ,      ,      ,        ,        ,        ,        ,        ,        ,        ,        ,      
ferenbr01, 2001,     1, FLO , NHL , D  , 80.0,  2.0,  15.0,  17.0, 254.0, -13.0,  0.0,  8.0,  0.0,  1.0,  0.0, 0.0,  65.0,       ,      ,      ,        ,        ,        ,        ,        ,        ,        ,        ,      
ferenbr01, 2002,     1, FLO , NHL , D  , 60.0,  2.0,   6.0,   8.0, 118.0, 2.0  ,  0.0,  0.0,  0.0,  0.0,  0.0, 0.0,  41.0,       ,      ,      ,        ,        ,        ,        ,        ,        ,        ,        ,      
ferenbr01, 2002,     2, PHO , NHL , D  , 15.0,  0.0,   1.0,   1.0,  28.0, -5.0 ,  0.0,  0.0,  0.0,  0.0,  0.0, 0.0,   8.0,       ,      ,      ,        ,        ,        ,        ,        ,        ,        ,        ,      
ferenbr01, 2003,     1, PHO , NHL , D  , 63.0,  0.0,   5.0,   5.0, 103.0, -19.0,  0.0,  1.0,  0.0,  0.0,  0.0, 0.0,  39.0,       ,      ,      ,        ,        ,        ,        ,        ,        ,        ,        ,      
ferenbr01, 2006,     1, CAL , NHL , D  ,  5.0,  0.0,   0.0,   0.0,   2.0, -1.0 ,  0.0,  0.0,  0.0,  0.0,  0.0,    ,   1.0,       ,      ,      ,        ,        ,        ,        ,        ,        ,        ,        ,      
fergucr01, 1993,     1, MTL , NHL , R  ,  2.0,  0.0,   1.0,   1.0,   0.0, 1.0  ,  0.0,  0.0,  0.0,  0.0,  0.0, 0.0,   0.0,       ,      ,      ,        ,        ,        ,        ,        ,        ,        ,        ,      
fergucr01, 1994,     1, MTL , NHL , C  ,  1.0,  0.0,   0.0,   0.0,   0.0, 0.0  ,  0.0,  0.0,  0.0,  0.0,  0.0, 0.0,   3.0,       ,      ,      ,        ,        ,        ,        ,        ,        ,        ,        ,      
fergucr01, 1995,     1, MTL , NHL , C  , 10.0,  1.0,   0.0,   1.0,   2.0, -5.0 ,  0.0,  0.0,  0.0,  0.0,  0.0, 0.0,   9.0,       ,      ,      ,        ,        ,        ,        ,        ,        ,        ,        ,      
fergucr01, 1995,     2, CAL , NHL , C  ,  8.0,  0.0,   0.0,   0.0,   4.0, -4.0 ,  0.0,  0.0,  0.0,  0.0,  0.0, 0.0,  11.0,       ,      ,      ,        ,        ,        ,        ,        ,        ,        ,        ,      
fergucr01, 1996,     1, FLO , NHL , C  ,  3.0,  0.0,   0.0,   0.0,   0.0, -1.0 ,  0.0,  0.0,  0.0,  0.0,  0.0, 0.0,   5.0,       ,      ,      ,        ,        ,        ,        ,        ,        ,        ,        ,      
fergucr01, 1999,     1, FLO , NHL , R  ,  3.0,  0.0,   0.0,   0.0,   0.0, -2.0 ,  0.0,  0.0,  0.0,  0.0,  0.0, 0.0,   2.0,       ,      ,      ,        ,        ,        ,        ,        ,        ,        ,        ,      
ferguge01, 1972,     1, TOR , NHL , R  , 72.0, 10.0,  13.0,  23.0,  34.0, -17.0,  3.0,     ,  0.0,     ,  1.0, 0.0,  92.0,       ,      ,      ,        ,        ,        ,        ,        ,        ,        ,        ,      
ferguge01, 1973,     1, TOR , NHL , C  , 16.0,  0.0,   4.0,   4.0,   4.0, 1.0  ,  0.0,     ,  0.0,     ,  0.0, 0.0,  19.0,    3.0,   0.0,   1.0,     1.0,     2.0,        ,     0.0,        ,     0.0,        ,     0.0,      
ferguge01, 1974,     1, TOR , NHL , R  , 69.0, 19.0,  30.0,  49.0,  61.0, 5.0  ,  3.0,     ,  1.0,     ,  5.0, 0.0, 134.0,    7.0,   1.0,   0.0,     1.0,     7.0,        ,     0.0,        ,     0.0,        ,     0.0,      
ferguge01, 1975,     1, TOR , NHL , R  , 79.0, 12.0,  32.0,  44.0,  76.0, 11.0 ,  3.0,     ,  2.0,     ,  2.0, 1.0, 140.0,   10.0,   2.0,   4.0,     6.0,     2.0,        ,     0.0,        ,     0.0,        ,     1.0,      
ferguge01, 1976,     1, TOR , NHL , R  , 50.0,  9.0,  15.0,  24.0,  24.0, 0.0  ,  0.0,     ,  2.0,     ,  0.0, 0.0,  73.0,    9.0,   0.0,   3.0,     3.0,     7.0,        ,     0.0,        ,     0.0,        ,     0.0,      
ferguge01, 1977,     1, TOR , NHL , R  , 73.0,  7.0,  16.0,  23.0,  37.0, -9.0 ,  0.0,     ,  0.0,     ,  0.0, 0.0, 119.0,   13.0,   5.0,   1.0,     6.0,     7.0,        ,     0.0,        ,     0.0,        ,     0.0,      
ferguge01, 1978,     1, PIT , NHL , R  , 80.0, 21.0,  29.0,  50.0,  37.0, 10.0 ,  0.0,     ,  3.0,     ,  2.0, 2.0, 201.0,    7.0,   2.0,   1.0,     3.0,     0.0,        ,     0.0,        ,     0.0,        ,     1.0,      
ferguge01, 1979,     1, PIT , NHL , R  , 73.0, 21.0,  28.0,  49.0,  36.0, 0.0  ,  1.0,     ,  3.0,     ,  3.0, 0.0, 176.0,    5.0,   0.0,   3.0,     3.0,     4.0,        ,     0.0,        ,     0.0,        ,     0.0,      
ferguge01, 1980,     1, PIT , NHL , R  , 79.0, 25.0,  18.0,  43.0,  42.0, -30.0,  7.0,     ,  3.0,     ,  1.0, 2.0, 181.0,    5.0,   2.0,   6.0,     8.0,     9.0,        ,     0.0,        ,     0.0,        ,     0.0,      
ferguge01, 1981,     1, PIT , NHL , R  , 71.0, 22.0,  31.0,  53.0,  45.0, -6.0 ,  4.0,     ,  3.0,     ,  0.0, 3.0, 168.0,    5.0,   0.0,   1.0,     1.0,     0.0,        ,     0.0,        ,     0.0,        ,     0.0,      
ferguge01, 1982,     1, PIT , NHL , C  ,  7.0,  0.0,   0.0,   0.0,   2.0, -7.0 ,  0.0,     ,  0.0,     ,  0.0, 0.0,  10.0,       ,      ,      ,        ,        ,        ,        ,        ,        ,        ,        ,      
ferguge01, 1982,     2, MNS , NHL , C  , 65.0,  8.0,  12.0,  20.0,  14.0, -1.0 ,  0.0,     ,  1.0,     ,  2.0, 0.0,  82.0,    9.0,   0.0,   3.0,     3.0,     4.0,        ,     0.0,        ,     0.0,        ,     0.0,      
ferguge01, 1983,     1, MNS , NHL , C  , 63.0,  6.0,  10.0,  16.0,  19.0, -6.0 ,  0.0,     ,  0.0,     ,  0.0, 0.0,  57.0,   13.0,   2.0,   0.0,     2.0,     2.0, 0.0    ,     0.0,        ,     0.0,        ,     1.0,    19.0
fergujo01, 1963,     1, MTL , NHL , L  , 59.0, 18.0,  27.0,  45.0, 125.0,      ,  3.0,     ,  0.0,     ,  4.0, 2.0,      ,    7.0,   0.0,   1.0,     1.0,    25.0,        ,        ,        ,        ,        ,     0.0,      
fergujo01, 1964,     1, MTL , NHL , L  , 69.0, 17.0,  27.0,  44.0, 156.0,      ,  6.0,     ,  0.0,     ,  2.0, 1.0,      ,   13.0,   3.0,   1.0,     4.0,    28.0,        ,        ,        ,        ,        ,     0.0,      
fergujo01, 1965,     1, MTL , NHL , L  , 65.0, 11.0,  14.0,  25.0, 153.0,      ,  1.0,     ,  0.0,     ,  1.0, 0.0,      ,   10.0,   2.0,   0.0,     2.0,    44.0,        ,        ,        ,        ,        ,     0.0,      
fergujo01, 1966,     1, MTL , NHL , L  , 67.0, 20.0,  22.0,  42.0, 177.0,      ,  5.0,     ,  0.0,     ,  2.0, 1.0,      ,   10.0,   4.0,   2.0,     6.0,    22.0,        ,        ,        ,        ,        ,     2.0,      
fergujo01, 1967,     1, MTL , NHL , L  , 61.0, 15.0,  18.0,  33.0, 117.0, 18.0 ,  0.0,     ,  0.0,     ,  3.0, 0.0, 153.0,   13.0,   3.0,   5.0,     8.0,    25.0,        ,     0.0,        ,     0.0,        ,     1.0,      
fergujo01, 1968,     1, MTL , NHL , L  , 71.0, 29.0,  23.0,  52.0, 185.0, 30.0 ,  2.0,     ,  0.0,     ,  7.0, 1.0, 185.0,   14.0,   4.0,   3.0,     7.0,    80.0,        ,     2.0,        ,     0.0,        ,     2.0,      
fergujo01, 1969,     1, MTL , NHL , L  , 48.0, 19.0,  13.0,  32.0, 139.0, 11.0 ,  6.0,     ,  0.0,     ,  7.0, 1.0, 116.0,       ,      ,      ,        ,        ,        ,        ,        ,        ,        ,        ,      
fergujo01, 1970,     1, MTL , NHL , L  , 60.0, 16.0,  14.0,  30.0, 162.0, 2.0  ,  3.0,     ,  0.0,     ,  4.0, 0.0, 117.0,   18.0,   4.0,   6.0,    10.0,    36.0,        ,     1.0,        ,     0.0,        ,     1.0,      
fergulo01, 1949,     1, BOS , NHL , L  ,  3.0,  1.0,   1.0,   2.0,   0.0,      ,     ,     ,     ,     ,     ,    ,      ,       ,      ,      ,        ,        ,        ,        ,        ,        ,        ,        ,      
fergulo01, 1950,     1, BOS , NHL , L  , 70.0, 16.0,  17.0,  33.0,  31.0,      ,     ,     ,     ,     ,     ,    ,      ,    6.0,   1.0,   0.0,     1.0,     2.0,        ,        ,        ,        ,        ,        ,      
fergulo01, 1951,     1, BOS , NHL , L  , 27.0,  3.0,   4.0,   7.0,  14.0,      ,     ,     ,     ,     ,     ,    ,      ,       ,      ,      ,        ,        ,        ,        ,        ,        ,        ,        ,      
fergulo01, 1954,     1, BOS , NHL , L  , 69.0, 20.0,  14.0,  34.0,  24.0,      ,     ,     ,     ,     ,     ,    ,      ,    4.0,   1.0,   0.0,     1.0,     2.0,        ,        ,        ,        ,        ,        ,      
fergulo01, 1955,     1, BOS , NHL , L  , 32.0,  7.0,   5.0,  12.0,  18.0,      ,     ,     ,     ,     ,     ,    ,      ,       ,      ,      ,        ,        ,        ,        ,        ,        ,        ,        ,      
fergulo01, 1955,     2, DET , NHL , L  , 31.0,  8.0,   7.0,  15.0,  12.0,      ,     ,     ,     ,     ,     ,    ,      ,   10.0,   1.0,   2.0,     3.0,    12.0,        ,        ,        ,        ,        ,        ,      
fergulo01, 1956,     1, DET , NHL , L  , 70.0, 13.0,  10.0,  23.0,  26.0,      ,     ,     ,     ,     ,     ,    ,      ,    5.0,   1.0,   0.0,     1.0,     6.0,        ,        ,        ,        ,        ,        ,      
fergulo01, 1957,     1, DET , NHL , L  , 15.0,  1.0,   3.0,   4.0,   0.0,      ,     ,     ,     ,     ,     ,    ,      ,       ,      ,      ,        ,        ,        ,        ,        ,        ,        ,        ,      
fergulo01, 1957,     2, CHI , NHL , L  , 38.0,  6.0,   9.0,  15.0,  24.0,      ,     ,     ,     ,     ,     ,    ,      ,       ,      ,      ,        ,        ,        ,        ,        ,        ,        ,        ,      
fergulo01, 1958,     1, CHI , NHL , L  , 67.0,  7.0,  10.0,  17.0,  44.0,      ,     ,     ,     ,     ,     ,    ,      ,    6.0,   2.0,   1.0,     3.0,     2.0,        ,        ,        ,        ,        ,        ,      
ferguno01, 1968,     1, OAK , NHL , R  , 76.0, 34.0,  20.0,  54.0,  31.0, -9.0 ,  7.0,     ,  0.0,     ,  3.0, 0.0, 217.0,    7.0,   1.0,   4.0,     5.0,     7.0,        ,     0.0,        ,     0.0,        ,     0.0,      
ferguno01, 1969,     1, OAK , NHL , R  , 72.0, 11.0,   9.0,  20.0,  19.0, -15.0,  2.0,     ,  0.0,     ,  2.0, 1.0, 125.0,    3.0,   0.0,   0.0,     0.0,     0.0,        ,     0.0,        ,     0.0,        ,     0.0,      
ferguno01, 1970,     1, CLF , NHL , C  , 54.0, 14.0,  17.0,  31.0,   9.0, -21.0,  2.0,     ,  0.0,     ,  2.0, 0.0,  90.0,       ,      ,      ,        ,        ,        ,        ,        ,        ,        ,        ,      
ferguno01, 1971,     1, CLF , NHL , R  , 77.0, 14.0,  20.0,  34.0,  13.0, -5.0 ,  4.0,     ,  0.0,     ,  3.0, 0.0,  94.0,       ,      ,      ,        ,        ,        ,        ,        ,        ,        ,        ,      
ferguno01, 1972,     1, NRA , WHA , R  , 56.0, 28.0,  40.0,  68.0,   8.0,      ,  8.0,     ,  1.0,     ,  5.0,    ,      ,       ,      ,      ,        ,        ,        ,        ,        ,        ,        ,        ,      
ferguno01, 1973,     1, NYJ , WHA , R  , 75.0, 15.0,  21.0,  36.0,  12.0,      ,  3.0,     ,  0.0,     ,  4.0,    ,      ,       ,      ,      ,        ,        ,        ,        ,        ,        ,        ,        ,      
ferguno01, 1974,     1, SDM , WHA , L  , 78.0, 36.0,  33.0,  69.0,   6.0, 22.0 ,  2.0,     ,  0.0,     ,     ,    , 227.0,   10.0,   6.0,   5.0,    11.0,     0.0,        ,        ,        ,        ,        ,     0.0,      
ferguno01, 1975,     1, SDM , WHA , R  , 79.0, 37.0,  37.0,  74.0,  12.0, 14.0 ,  4.0,     ,  0.0,     ,  4.0,    , 253.0,    4.0,   2.0,   0.0,     2.0,     9.0, -1.0   ,        ,        ,        ,        ,        ,      
ferguno01, 1976,     1, SDM , WHA , R  , 77.0, 39.0,  32.0,  71.0,   5.0, -5.0 , 10.0,     ,  0.0,     ,  8.0,    , 217.0,    7.0,   2.0,   4.0,     6.0,     0.0, 2.0    ,        ,        ,        ,        ,     1.0,      
ferguno01, 1977,     1, EDO , WHA , R  , 71.0, 26.0,  21.0,  47.0,   2.0, 14.0 ,  8.0,     ,  0.0,     ,     ,    , 159.0,    5.0,   0.0,   0.0,     0.0,     0.0, -2.0   ,        ,        ,        ,        ,     0.0,      
fergusc01, 1997,     1, EDM , NHL , D  ,  1.0,  0.0,   0.0,   0.0,   0.0, 1.0  ,  0.0,  0.0,  0.0,  0.0,  0.0, 0.0,   0.0,       ,      ,      ,        ,        ,        ,        ,        ,        ,        ,        ,      
fergusc01, 1998,     1, ANA , NHL , D  ,  2.0,  0.0,   1.0,   1.0,   0.0, 0.0  ,  0.0,  0.0,  0.0,  0.0,  0.0, 0.0,   1.0,       ,      ,      ,        ,        ,        ,        ,        ,        ,        ,        ,      
fergusc01, 2000,     1, EDM , NHL , D  , 20.0,  0.0,   1.0,   1.0,  13.0, 2.0  ,  0.0,  0.0,  0.0,  0.0,  0.0, 0.0,   8.0,    6.0,   0.0,   0.0,     0.0,     0.0, 2.0    ,     0.0,     0.0,     0.0,     0.0,     0.0,     2.0
fergusc01, 2001,     1, EDM , NHL , D  , 50.0,  3.0,   2.0,   5.0,  75.0, 11.0 ,  0.0,  0.0,  0.0,  0.0,  0.0, 0.0,  27.0,       ,      ,      ,        ,        ,        ,        ,        ,        ,        ,        ,      
fergusc01, 2002,     1, EDM , NHL , D  , 78.0,  3.0,   5.0,   8.0, 120.0, 11.0 ,  0.0,  0.0,  0.0,  0.0,  0.0, 0.0,  45.0,    5.0,   0.0,   0.0,     0.0,     8.0, 0.0    ,     0.0,     0.0,     0.0,     0.0,     0.0,     1.0
fergusc01, 2003,     1, EDM , NHL , D  , 52.0,  1.0,   5.0,   6.0,  80.0, -5.0 ,  0.0,  0.0,  0.0,  0.0,  1.0, 0.0,  38.0,       ,      ,      ,        ,        ,        ,        ,        ,        ,        ,        ,      
fergusc01, 2005,     1, MIN , NHL , D  , 15.0,  0.0,   0.0,   0.0,  22.0, -3.0 ,  0.0,  0.0,  0.0,  0.0,  0.0,    ,   6.0,       ,      ,      ,        ,        ,        ,        ,        ,        ,        ,        ,      
ferguto01, 1981,     1, BOS , NHL , C  , 61.0, 15.0,  24.0,  39.0,  12.0, 15.0 ,  2.0,     ,  0.0,     ,  2.0, 0.0, 116.0,    6.0,   3.0,   0.0,     3.0,     0.0,        ,     2.0,        ,     0.0,        ,     0.0,      
ferguto01, 1982,     1, BOS , NHL , C  , 80.0, 28.0,  35.0,  63.0,  39.0, 26.0 ,  4.0,     ,  0.0,     ,  6.0, 0.0, 169.0,   15.0,   2.0,   2.0,     4.0,    15.0,        ,     0.0,        ,     0.0,        ,     0.0,      
ferguto01, 1983,     1, BOS , NHL , C  , 69.0, 25.0,  36.0,  61.0,  12.0, 8.0  ,  6.0,     ,  0.0,     ,  3.0, 0.0, 123.0,    3.0,   2.0,   0.0,     2.0,     9.0, -1.0   ,     1.0,        ,     0.0,        ,     0.0,     8.0
ferguto01, 1984,     1, BOS , NHL , L  , 79.0, 30.0,  43.0,  73.0,  75.0, 14.0 ,  4.0,     ,  0.0,     ,  2.0, 1.0, 183.0,    5.0,   0.0,   0.0,     0.0,     4.0, -1.0   ,     0.0,        ,     0.0,        ,     0.0,     2.0
ferguto01, 1985,     1, TOR , NHL , C  , 78.0, 31.0,  42.0,  73.0,  64.0, -24.0,  3.0,     ,  2.0,     ,  3.0, 1.0, 168.0,   10.0,   5.0,   7.0,    12.0,     6.0, 3.0    ,     3.0,        ,     0.0,        ,     1.0,    25.0
ferguto01, 1986,     1, TOR , NHL , C  , 57.0, 21.0,  28.0,  49.0,  57.0, 1.0  ,  2.0,     ,  1.0,     ,  2.0, 1.0, 119.0,    2.0,   0.0,   1.0,     1.0,     2.0, 1.0    ,     0.0,        ,     0.0,        ,     0.0,     0.0
ferguto01, 1987,     1, TOR , NHL , C  , 63.0, 19.0,  31.0,  50.0,  81.0, 5.0  ,  5.0,  1.0,  0.0,  0.0,  0.0, 0.0, 124.0,    6.0,   2.0,   3.0,     5.0,     2.0, 0.0    ,     0.0,     1.0,     1.0,     0.0,     0.0,    12.0
ferguto01, 1988,     1, TOR , NHL , C  , 80.0, 22.0,  45.0,  67.0,  48.0, -38.0, 10.0, 16.0,  1.0,  3.0,  3.0, 0.0, 151.0,       ,      ,      ,        ,        ,        ,        ,        ,        ,        ,        ,      
ferguto01, 1989,     1, TOR , NHL , C  , 54.0, 19.0,  26.0,  45.0,  62.0, -18.0,  4.0,  8.0,  0.0,  0.0,  2.0, 0.0, 120.0,    5.0,   2.0,   1.0,     3.0,     4.0, 1.0    ,     0.0,     1.0,     0.0,     0.0,     0.0,     9.0
ferguto01, 1990,     1, TOR , NHL , C  , 14.0,  5.0,   4.0,   9.0,   8.0, -5.0 ,  2.0,  2.0,  0.0,  0.0,  0.0, 0.0,  17.0,       ,      ,      ,        ,        ,        ,        ,        ,        ,        ,        ,      
ferguto01, 1991,     1, TOR , NHL , C  , 11.0,  1.0,   3.0,   4.0,   4.0, -11.0,  0.0,  3.0,  0.0,  0.0,  0.0, 0.0,  24.0,       ,      ,      ,        ,        ,        ,        ,        ,        ,        ,        ,      
ferguto01, 1991,     2, VAN , NHL , C  , 44.0, 14.0,  20.0,  34.0,  17.0, 1.0  ,  6.0,  6.0,  0.0,  0.0,  3.0, 0.0,  79.0,   13.0,   5.0,   3.0,     8.0,     6.0, 3.0    ,     0.0,     0.0,     0.0,     0.0,     1.0,    22.0
ferguto01, 1992,     1, VAN , NHL , C  , 36.0,  5.0,   9.0,  14.0,  20.0, 1.0  ,  1.0,  2.0,  1.0,  1.0,  0.0, 1.0,  29.0,       ,      ,      ,        ,        ,        ,        ,        ,        ,        ,        ,      
ferlajo01, 2005,     1, MTL , NHL , R  ,  7.0,  1.0,   0.0,   1.0,   2.0, -2.0 ,  0.0,  0.0,  0.0,  0.0,  0.0,    ,   9.0,       ,      ,      ,        ,        ,        ,        ,        ,        ,        ,        ,      
fernama01, 1994,     1, DAL , NHL , G  ,  1.0,  0.0,   0.0,   0.0,   0.0, 0.0  ,  0.0,  0.0,  0.0,  0.0,  0.0, 0.0,   0.0,       ,      ,      ,        ,        ,        ,        ,        ,        ,        ,        ,      
fernama01, 1995,     1, DAL , NHL , G  ,  5.0,  0.0,   0.0,   0.0,   0.0, 0.0  ,  0.0,  0.0,  0.0,  0.0,  0.0, 0.0,   0.0,       ,      ,      ,        ,        ,        ,        ,        ,        ,        ,        ,      
fernama01, 1997,     1, DAL , NHL , G  ,  2.0,  0.0,   0.0,   0.0,   0.0, 0.0  ,  0.0,  0.0,  0.0,  0.0,  0.0, 0.0,   0.0,    1.0,   0.0,   0.0,     0.0,     0.0, 0.0    ,     0.0,     0.0,     0.0,     0.0,     0.0,     0.0
fernama01, 1998,     1, DAL , NHL , G  ,  1.0,  0.0,   0.0,   0.0,   0.0, 0.0  ,  0.0,  0.0,  0.0,  0.0,  0.0, 0.0,   0.0,       ,      ,      ,        ,        ,        ,        ,        ,        ,        ,        ,      
fernama01, 1999,     1, DAL , NHL , G  , 24.0,  0.0,   2.0,   2.0,   2.0, 0.0  ,  0.0,  1.0,  0.0,  0.0,  0.0, 0.0,   0.0,    1.0,   0.0,   0.0,     0.0,     0.0, 0.0    ,     0.0,     0.0,     0.0,     0.0,     0.0,     0.0
fernama01, 2000,     1, MIN , NHL , G  , 42.0,  0.0,   0.0,   0.0,   6.0, 0.0  ,  0.0,  0.0,  0.0,  0.0,  0.0, 0.0,   0.0,       ,      ,      ,        ,        ,        ,        ,        ,        ,        ,        ,      
fernama01, 2001,     1, MIN , NHL , G  , 44.0,  0.0,   0.0,   0.0,   4.0, 0.0  ,  0.0,  0.0,  0.0,  0.0,  0.0, 0.0,   0.0,       ,      ,      ,        ,        ,        ,        ,        ,        ,        ,        ,      
fernama01, 2002,     1, MIN , NHL , G  , 35.0,  0.0,   1.0,   1.0,   6.0, 0.0  ,  0.0,  1.0,  0.0,  0.0,  0.0, 0.0,   0.0,    9.0,   0.0,   0.0,     0.0,     0.0, 0.0    ,     0.0,     0.0,     0.0,     0.0,     0.0,     0.0
fernama01, 2003,     1, MIN , NHL , G  , 37.0,  0.0,   0.0,   0.0,   2.0, 0.0  ,  0.0,  0.0,  0.0,  0.0,  0.0, 0.0,   0.0,       ,      ,      ,        ,        ,        ,        ,        ,        ,        ,        ,      
fernama01, 2005,     1, MIN , NHL , G  , 58.0,  0.0,   3.0,   3.0,   6.0, 0.0  ,  0.0,  3.0,  0.0,  0.0,  0.0,    ,   0.0,       ,      ,      ,        ,        ,        ,        ,        ,        ,        ,        ,      
fernama01, 2006,     1, MIN , NHL , G  , 44.0,  0.0,   0.0,   0.0,  12.0, 0.0  ,  0.0,  0.0,  0.0,  0.0,  0.0,    ,   0.0,       ,      ,      ,        ,        ,        ,        ,        ,        ,        ,        ,      
fernama01, 2007,     1, BOS , NHL , G  ,  4.0,  0.0,   0.0,   0.0,   0.0, 0.0  ,  0.0,  0.0,  0.0,  0.0,  0.0,    ,   0.0,       ,      ,      ,        ,        ,        ,        ,        ,        ,        ,        ,      
fernama01, 2008,     1, BOS , NHL , G  , 28.0,  0.0,   0.0,   0.0,   2.0, 0.0  ,  0.0,  0.0,  0.0,  0.0,  0.0,    ,   0.0,       ,      ,      ,        ,        ,        ,        ,        ,        ,        ,        ,      
fernema01, 1986,     1, BUF , NHL , D  , 13.0,  0.0,   3.0,   3.0,   9.0, 2.0  ,  0.0,     ,  0.0,     ,  0.0, 0.0,   5.0,       ,      ,      ,        ,        ,        ,        ,        ,        ,        ,        ,      
fernema01, 1988,     1, BUF , NHL , D  ,  2.0,  0.0,   0.0,   0.0,   2.0, -2.0 ,  0.0,  0.0,  0.0,  0.0,  0.0, 0.0,   0.0,       ,      ,      ,        ,        ,        ,        ,        ,        ,        ,        ,      
fernema01, 1989,     1, WAS , NHL , D  ,  2.0,  0.0,   0.0,   0.0,   0.0, -1.0 ,  0.0,  0.0,  0.0,  0.0,  0.0, 0.0,   2.0,       ,      ,      ,        ,        ,        ,        ,        ,        ,        ,        ,      
fernema01, 1990,     1, WAS , NHL , D  ,  7.0,  0.0,   1.0,   1.0,   4.0, -2.0 ,  0.0,  0.0,  0.0,  0.0,  0.0, 0.0,   3.0,       ,      ,      ,        ,        ,        ,        ,        ,        ,        ,        ,      
fernema01, 1993,     1, ANA , NHL , D  , 50.0,  3.0,   5.0,   8.0,  30.0, -16.0,  0.0,  2.0,  0.0,  0.0,  0.0, 0.0,  44.0,       ,      ,      ,        ,        ,        ,        ,        ,        ,        ,        ,      
fernema01, 1994,     1, ANA , NHL , D  , 14.0,  0.0,   1.0,   1.0,   6.0, -4.0 ,  0.0,  0.0,  0.0,  0.0,  0.0, 0.0,  15.0,       ,      ,      ,        ,        ,        ,        ,        ,        ,        ,        ,      
fernema01, 1994,     2, DET , NHL , D  ,  3.0,  0.0,   0.0,   0.0,   0.0, 0.0  ,  0.0,  0.0,  0.0,  0.0,  0.0, 0.0,   1.0,       ,      ,      ,        ,        ,        ,        ,        ,        ,        ,        ,      
ferrach01, 1995,     1, NYR , NHL , R  ,  2.0,  1.0,   0.0,   1.0,   0.0, -3.0 ,  1.0,  0.0,  0.0,  0.0,  0.0, 0.0,   4.0,       ,      ,      ,        ,        ,        ,        ,        ,        ,        ,        ,      
ferrach01, 1996,     1, NYR , NHL , R  , 12.0,  1.0,   1.0,   2.0,   6.0, 1.0  ,  0.0,  1.0,  0.0,  0.0,  0.0, 0.0,  23.0,       ,      ,      ,        ,        ,        ,        ,        ,        ,        ,        ,      
ferrach01, 1997,     1, PIT , NHL , L  , 46.0,  3.0,   4.0,   7.0,  43.0, -2.0 ,  0.0,  1.0,  0.0,  0.0,  0.0, 0.0,  42.0,       ,      ,      ,        ,        ,        ,        ,        ,        ,        ,        ,      
ferrach01, 1998,     1, EDM , NHL , R  ,  2.0,  1.0,   0.0,   1.0,   0.0, 1.0  ,  0.0,  0.0,  0.0,  0.0,  0.0, 0.0,   1.0,       ,      ,      ,        ,        ,        ,        ,        ,        ,        ,        ,      
ferrach01, 1999,     1, NYI , NHL , C  , 11.0,  1.0,   3.0,   4.0,   8.0, 1.0  ,  0.0,  1.0,  0.0,  0.0,  0.0, 0.0,  15.0,       ,      ,      ,        ,        ,        ,        ,        ,        ,        ,        ,      
ferrach01, 2001,     1, WAS , NHL , C  ,  1.0,  0.0,   1.0,   1.0,   0.0, 0.0  ,  0.0,  1.0,  0.0,  0.0,  0.0, 0.0,   4.0,       ,      ,      ,        ,        ,        ,        ,        ,        ,        ,        ,      
ferrape01, 1995,     1, NYR , NHL , C  ,  5.0,  0.0,   1.0,   1.0,   0.0, -5.0 ,  0.0,  1.0,  0.0,  0.0,  0.0, 0.0,   6.0,       ,      ,      ,        ,        ,        ,        ,        ,        ,        ,        ,      
ferrape01, 1996,     1, NYR , NHL , C  ,  2.0,  0.0,   0.0,   0.0,   0.0, 0.0  ,  0.0,  0.0,  0.0,  0.0,  0.0, 0.0,   3.0,    2.0,   0.0,   0.0,     0.0,     0.0, 0.0    ,     0.0,     0.0,     0.0,     0.0,     0.0,     2.0
ferrape01, 1997,     1, PIT , NHL , R  , 29.0,  3.0,   4.0,   7.0,  12.0, -2.0 ,  0.0,  0.0,  0.0,  0.0,  0.0, 0.0,  34.0,       ,      ,      ,        ,        ,        ,        ,        ,        ,        ,        ,      
ferrape01, 1997,     2, NYR , NHL , R  ,  1.0,  0.0,   0.0,   0.0,   2.0, -2.0 ,  0.0,  0.0,  0.0,  0.0,  0.0, 0.0,   3.0,       ,      ,      ,        ,        ,        ,        ,        ,        ,        ,        ,      
ferrape01, 1998,     1, BOS , NHL , C  , 46.0,  6.0,   8.0,  14.0,  44.0, 10.0 ,  1.0,  1.0,  0.0,  0.0,  1.0, 0.0,  61.0,       ,      ,      ,        ,        ,        ,        ,        ,        ,        ,        ,      
ferrape01, 1999,     1, BOS , NHL , R  ,  5.0,  0.0,   1.0,   1.0,   0.0, -1.0 ,  0.0,  0.0,  0.0,  0.0,  0.0, 0.0,   3.0,       ,      ,      ,        ,        ,        ,        ,        ,        ,        ,        ,      
ferrape01, 2001,     1, WAS , NHL , L  ,  4.0,  0.0,   1.0,   1.0,   0.0, -1.0 ,  0.0,  1.0,  0.0,  0.0,  0.0, 0.0,   3.0,       ,      ,      ,        ,        ,        ,        ,        ,        ,        ,        ,      
ferrara01, 1984,     1, HAR , NHL , C  , 44.0, 11.0,  17.0,  28.0,  40.0, -1.0 ,  6.0,     ,  0.0,     ,  2.0, 0.0,  59.0,       ,      ,      ,        ,        ,        ,        ,        ,        ,        ,        ,      
ferrara01, 1985,     1, HAR , NHL , C  , 76.0, 30.0,  47.0,  77.0,  57.0, 10.0 , 14.0,     ,  0.0,     ,  0.0, 0.0, 132.0,   10.0,   3.0,   6.0,     9.0,     4.0, -1.0   ,     3.0,        ,     0.0,        ,     0.0,    14.0
ferrara01, 1986,     1, HAR , NHL , C  , 80.0, 27.0,  32.0,  59.0,  42.0, -9.0 , 14.0,     ,  0.0,     ,  2.0, 0.0,  96.0,    6.0,   1.0,   1.0,     2.0,     8.0, -2.0   ,     0.0,        ,     0.0,        ,     0.0,    11.0
ferrara01, 1987,     1, HAR , NHL , C  , 68.0, 21.0,  29.0,  50.0,  81.0, 1.0  ,  6.0, 12.0,  0.0,  0.0,  2.0, 0.0, 105.0,    6.0,   1.0,   1.0,     2.0,     6.0, -5.0   ,     1.0,     1.0,     0.0,     0.0,     0.0,     6.0
ferrara01, 1988,     1, HAR , NHL , C  , 80.0, 41.0,  35.0,  76.0,  86.0, 1.0  , 11.0,  7.0,  0.0,  0.0,  7.0, 0.0, 169.0,    4.0,   2.0,   0.0,     2.0,     4.0, -2.0   ,     0.0,     0.0,     0.0,     0.0,     0.0,     6.0
ferrara01, 1989,     1, HAR , NHL , C  , 79.0, 25.0,  29.0,  54.0, 109.0, -15.0,  7.0, 13.0,  0.0,  1.0,  4.0, 1.0, 138.0,    7.0,   0.0,   3.0,     3.0,     2.0, 1.0    ,     0.0,     0.0,     0.0,     0.0,     0.0,     5.0
ferrara01, 1990,     1, HAR , NHL , C  , 15.0,  2.0,   5.0,   7.0,  18.0, -1.0 ,  1.0,     ,  0.0,  0.0,  0.0, 0.0,  18.0,       ,      ,      ,        ,        ,        ,        ,        ,        ,        ,        ,      
ferrara01, 1990,     2, NYI , NHL , C  , 61.0, 19.0,  16.0,  35.0,  52.0, -11.0,  5.0,     ,  0.0,  0.0,  1.0, 1.0,  91.0,       ,      ,      ,        ,        ,        ,        ,        ,        ,        ,        ,      
ferrara01, 1991,     1, NYI , NHL , C  , 80.0, 40.0,  40.0,  80.0,  92.0, 25.0 ,  7.0,  7.0,  0.0,  0.0,  4.0, 2.0, 154.0,       ,      ,      ,        ,        ,        ,        ,        ,        ,        ,        ,      
ferrara01, 1992,     1, NYI , NHL , C  , 46.0, 14.0,  13.0,  27.0,  40.0, 0.0  ,  3.0,  1.0,  0.0,  0.0,  1.0, 0.0,  72.0,   18.0,  13.0,   7.0,    20.0,    18.0, 5.0    ,     4.0,     0.0,     1.0,     0.0,     2.0,    47.0
ferrara01, 1993,     1, NYI , NHL , C  , 82.0, 21.0,  32.0,  53.0,  83.0, 1.0  ,  5.0,  7.0,  0.0,  0.0,  3.0, 3.0, 136.0,    4.0,   1.0,   0.0,     1.0,     6.0, -2.0   ,     0.0,     0.0,     0.0,     0.0,     0.0,     8.0
ferrara01, 1994,     1, NYI , NHL , C  , 47.0, 22.0,  21.0,  43.0,  30.0, 1.0  ,  2.0,  5.0,  0.0,  0.0,  1.0, 2.0,  94.0,       ,      ,      ,        ,        ,        ,        ,        ,        ,        ,        ,      
ferrara01, 1995,     1, NYR , NHL , C  , 65.0, 25.0,  29.0,  54.0,  82.0, 13.0 ,  8.0,  9.0,  0.0,  0.0,  4.0, 0.0, 160.0,       ,      ,      ,        ,        ,        ,        ,        ,        ,        ,        ,      
ferrara01, 1995,     2, LAK , NHL , C  , 11.0,  4.0,   2.0,   6.0,  10.0, -13.0,  1.0,  1.0,  0.0,  0.0,  0.0, 0.0,  18.0,       ,      ,      ,        ,        ,        ,        ,        ,        ,        ,        ,      
ferrara01, 1996,     1, LAK , NHL , C  , 81.0, 25.0,  21.0,  46.0, 112.0, -22.0, 11.0,  6.0,  0.0,  0.0,  2.0, 1.0, 152.0,       ,      ,      ,        ,        ,        ,        ,        ,        ,        ,        ,      
ferrara01, 1997,     1, LAK , NHL , C  , 40.0,  6.0,   9.0,  15.0,  42.0, -10.0,  0.0,  3.0,  0.0,  0.0,  2.0, 0.0,  45.0,    3.0,   0.0,   1.0,     1.0,     2.0, 1.0    ,     0.0,     0.0,     0.0,     0.0,     0.0,     5.0
ferrara01, 1998,     1, LAK , NHL , C  , 65.0, 13.0,  18.0,  31.0,  59.0, 0.0  ,  4.0,  2.0,  0.0,  1.0,  4.0, 0.0,  84.0,       ,      ,      ,        ,        ,        ,        ,        ,        ,        ,        ,      
ferrara01, 1999,     1, ATL , NHL , C  , 81.0, 19.0,  25.0,  44.0,  88.0, -33.0, 10.0,  8.0,  0.0,  0.0,  3.0, 0.0, 170.0,       ,      ,      ,        ,        ,        ,        ,        ,        ,        ,        ,      
ferrara01, 2000,     1, ATL , NHL , C  , 81.0, 29.0,  47.0,  76.0,  91.0, -11.0, 11.0, 17.0,  0.0,  0.0,  2.0, 0.0, 172.0,       ,      ,      ,        ,        ,        ,        ,        ,        ,        ,        ,      
ferrara01, 2001,     1, ATL , NHL , C  , 61.0,  8.0,  19.0,  27.0,  66.0, -32.0,  2.0,  6.0,  0.0,  0.0,  0.0, 1.0,  72.0,       ,      ,      ,        ,        ,        ,        ,        ,        ,        ,        ,      
ferrara01, 2001,     2, STL , NHL , C  , 15.0,  6.0,   4.0,  10.0,   8.0, 2.0  ,  2.0,  1.0,  0.0,  0.0,  1.0, 0.0,  27.0,   10.0,   0.0,   3.0,     3.0,     4.0, -2.0   ,     0.0,     1.0,     0.0,     0.0,     0.0,     7.0
ferribe01, 2009,     1, SJS , NHL , C  , 24.0,  2.0,   3.0,   5.0,   8.0, 4.0  ,  0.0,  0.0,  0.0,  0.0,  0.0,    ,  42.0,       ,      ,      ,        ,        ,        ,        ,        ,        ,        ,        ,      
festebr01, 2008,     1, AND , NHL , D  , 40.0,  0.0,   5.0,   5.0,  18.0, 5.0  ,  0.0,  0.0,  0.0,  0.0,  0.0,    ,  15.0,    1.0,   0.0,   0.0,     0.0,     0.0, -1.0   ,     0.0,     0.0,     0.0,     0.0,     0.0,     0.0
festebr01, 2009,     1, AND , NHL , D  , 42.0,  0.0,   3.0,   3.0,  15.0, 1.0  ,  0.0,  0.0,  0.0,  0.0,  0.0,    ,  25.0,       ,      ,      ,        ,        ,        ,        ,        ,        ,        ,        ,      
fetisvi01, 1989,     1, NJD , NHL , D  , 72.0,  8.0,  34.0,  42.0,  52.0, 9.0  ,  2.0, 12.0,  0.0,  1.0,  0.0, 0.0, 108.0,    6.0,   0.0,   2.0,     2.0,    10.0, -5.0   ,     0.0,     2.0,     0.0,     0.0,     0.0,    11.0
fetisvi01, 1990,     1, NJD , NHL , D  , 67.0,  3.0,  16.0,  19.0,  62.0, 5.0  ,  1.0,  3.0,  0.0,  0.0,  0.0, 0.0,  71.0,    7.0,   0.0,   0.0,     0.0,    15.0, -3.0   ,     0.0,     0.0,     0.0,     0.0,     0.0,     7.0
fetisvi01, 1991,     1, NJD , NHL , D  , 70.0,  3.0,  23.0,  26.0, 108.0, 11.0 ,  0.0,  4.0,  0.0,  2.0,  1.0, 0.0,  70.0,    6.0,   0.0,   3.0,     3.0,     8.0, 5.0    ,     0.0,     0.0,     0.0,     0.0,     0.0,     3.0
fetisvi01, 1992,     1, NJD , NHL , D  , 76.0,  4.0,  23.0,  27.0, 158.0, 7.0  ,  1.0,  4.0,  1.0,  1.0,  0.0, 0.0,  63.0,    5.0,   0.0,   2.0,     2.0,     4.0, -3.0   ,     0.0,     0.0,     0.0,     0.0,     0.0,     2.0
fetisvi01, 1993,     1, NJD , NHL , D  , 52.0,  1.0,  14.0,  15.0,  30.0, 14.0 ,  0.0,  2.0,  0.0,  1.0,  0.0, 0.0,  36.0,   14.0,   1.0,   0.0,     1.0,     8.0, -1.0   ,     0.0,     0.0,     0.0,     0.0,     0.0,    14.0
fetisvi01, 1994,     1, NJD , NHL , D  ,  4.0,  0.0,   1.0,   1.0,   0.0, -2.0 ,  0.0,  0.0,  0.0,  0.0,  0.0, 0.0,   1.0,       ,      ,      ,        ,        ,        ,        ,        ,        ,        ,        ,      
fetisvi01, 1994,     2, DET , NHL , D  , 14.0,  3.0,  11.0,  14.0,   2.0, 3.0  ,  3.0,  2.0,  0.0,  0.0,  0.0, 0.0,  36.0,   18.0,   0.0,   8.0,     8.0,    14.0, 1.0    ,     0.0,     1.0,     0.0,     0.0,     0.0,    31.0
fetisvi01, 1995,     1, DET , NHL , D  , 69.0,  7.0,  35.0,  42.0,  96.0, 37.0 ,  1.0, 12.0,  1.0,  1.0,  1.0, 0.0, 127.0,   19.0,   1.0,   4.0,     5.0,    34.0, 3.0    ,     0.0,     2.0,     0.0,     0.0,     1.0,    24.0
fetisvi01, 1996,     1, DET , NHL , D  , 64.0,  5.0,  23.0,  28.0,  76.0, 26.0 ,  0.0,  3.0,  0.0,  0.0,  1.0, 0.0,  95.0,   20.0,   0.0,   4.0,     4.0,    42.0, 2.0    ,     0.0,     2.0,     0.0,     0.0,     0.0,    27.0
fetisvi01, 1997,     1, DET , NHL , D  , 58.0,  2.0,  12.0,  14.0,  72.0, 4.0  ,  0.0,  4.0,  0.0,  0.0,  1.0, 0.0,  55.0,   21.0,   0.0,   3.0,     3.0,    10.0, 4.0    ,     0.0,     0.0,     0.0,     1.0,     0.0,    14.0
fibigje01, 2002,     1, SJS , NHL , D  , 16.0,  0.0,   0.0,   0.0,   2.0, -5.0 ,  0.0,  0.0,  0.0,  0.0,  0.0, 0.0,   2.0,       ,      ,      ,        ,        ,        ,        ,        ,        ,        ,        ,      
fichaer01, 1995,     1, NYI , NHL , G  , 24.0,  0.0,   1.0,   1.0,   0.0, 0.0  ,  0.0,  0.0,  0.0,  0.0,  0.0, 0.0,   0.0,       ,      ,      ,        ,        ,        ,        ,        ,        ,        ,        ,      
fichaer01, 1996,     1, NYI , NHL , G  , 34.0,  0.0,   0.0,   0.0,   2.0, 0.0  ,  0.0,  0.0,  0.0,  0.0,  0.0, 0.0,   0.0,       ,      ,      ,        ,        ,        ,        ,        ,        ,        ,        ,      
fichaer01, 1997,     1, NYI , NHL , G  , 17.0,  0.0,   0.0,   0.0,   0.0, 0.0  ,  0.0,  0.0,  0.0,  0.0,  0.0, 0.0,   0.0,       ,      ,      ,        ,        ,        ,        ,        ,        ,        ,        ,      
fichaer01, 1998,     1, NAS , NHL , G  ,  9.0,  0.0,   0.0,   0.0,   0.0, 0.0  ,  0.0,  0.0,  0.0,  0.0,  0.0, 0.0,   0.0,       ,      ,      ,        ,        ,        ,        ,        ,        ,        ,        ,      
fichaer01, 1999,     1, CAR , NHL , G  ,  9.0,  0.0,   0.0,   0.0,   2.0, 0.0  ,  0.0,  0.0,  0.0,  0.0,  0.0, 0.0,   0.0,       ,      ,      ,        ,        ,        ,        ,        ,        ,        ,        ,      
fichaer01, 2000,     1, MTL , NHL , G  ,  2.0,  0.0,   0.0,   0.0,   0.0, 0.0  ,  0.0,  0.0,  0.0,  0.0,  0.0, 0.0,   0.0,       ,      ,      ,        ,        ,        ,        ,        ,        ,        ,        ,      
fiddlve01, 2002,     1, NAS , NHL , C  , 19.0,  4.0,   2.0,   6.0,  14.0, 2.0  ,  0.0,  0.0,  0.0,  0.0,  1.0, 0.0,  20.0,       ,      ,      ,        ,        ,        ,        ,        ,        ,        ,        ,      
fiddlve01, 2003,     1, NAS , NHL , C  , 17.0,  0.0,   0.0,   0.0,  23.0, -6.0 ,  0.0,  0.0,  0.0,  0.0,  0.0, 0.0,   8.0,       ,      ,      ,        ,        ,        ,        ,        ,        ,        ,        ,      
fiddlve01, 2005,     1, NAS , NHL , C  , 40.0,  8.0,   4.0,  12.0,  42.0, -2.0 ,  3.0,  1.0,  0.0,  0.0,  2.0,    ,  46.0,    2.0,   0.0,   1.0,     1.0,     0.0, -1.0   ,     0.0,     0.0,     0.0,     0.0,     0.0,     1.0
fiddlve01, 2006,     1, NAS , NHL , C  , 72.0, 11.0,  15.0,  26.0,  40.0, 11.0 ,  0.0,  0.0,  1.0,  0.0,  1.0,    ,  90.0,    5.0,   1.0,   1.0,     2.0,     4.0, -3.0   ,     0.0,     0.0,     0.0,     0.0,     0.0,     2.0
fiddlve01, 2007,     1, NAS , NHL , L  , 79.0, 11.0,  21.0,  32.0,  47.0, -4.0 ,  2.0,  3.0,  1.0,  0.0,  1.0,    ,  97.0,    6.0,   0.0,   0.0,     0.0,     0.0, 0.0    ,     0.0,     0.0,     0.0,     0.0,     0.0,    11.0
fiddlve01, 2008,     1, NAS , NHL , L  , 78.0, 11.0,   6.0,  17.0,  24.0, -13.0,  1.0,  0.0,  2.0,  1.0,  2.0,    , 114.0,       ,      ,      ,        ,        ,        ,        ,        ,        ,        ,        ,      
fiddlve01, 2009,     1, PHO , NHL , C  , 76.0,  8.0,  22.0,  30.0,  46.0, 13.0 ,  0.0,  0.0,  3.0,  0.0,  1.0,    , 119.0,    6.0,   1.0,   1.0,     2.0,    14.0, -4.0   ,     0.0,     0.0,     0.0,     0.0,     0.0,     8.0
fidlemi01, 1976,     1, CLE , NHL , L  , 46.0, 17.0,  16.0,  33.0,  17.0, -5.0 ,  7.0,     ,  0.0,     ,  3.0, 0.0, 112.0,       ,      ,      ,        ,        ,        ,        ,        ,        ,        ,        ,      
fidlemi01, 1977,     1, CLE , NHL , L  , 78.0, 23.0,  28.0,  51.0,  38.0, -13.0,  4.0,     ,  0.0,     ,  3.0, 2.0, 181.0,       ,      ,      ,        ,        ,        ,        ,        ,        ,        ,        ,      
fidlemi01, 1978,     1, MNS , NHL , L  , 59.0, 23.0,  26.0,  49.0,  42.0, -25.0,  4.0,     ,  0.0,     ,  3.0, 1.0, 158.0,       ,      ,      ,        ,        ,        ,        ,        ,        ,        ,        ,      
fidlemi01, 1979,     1, MNS , NHL , L  , 24.0,  5.0,   4.0,   9.0,  13.0, 3.0  ,  1.0,     ,  0.0,     ,  0.0, 0.0,  38.0,       ,      ,      ,        ,        ,        ,        ,        ,        ,        ,        ,      
fidlemi01, 1980,     1, MNS , NHL , L  , 20.0,  5.0,  12.0,  17.0,   6.0, 5.0  ,  0.0,     ,  0.0,     ,  0.0, 0.0,  42.0,       ,      ,      ,        ,        ,        ,        ,        ,        ,        ,        ,      
fidlemi01, 1980,     2, HAR , NHL , L  , 38.0,  9.0,   9.0,  18.0,   4.0, -15.0,  2.0,     ,  0.0,     ,  0.0, 0.0,  59.0,       ,      ,      ,        ,        ,        ,        ,        ,        ,        ,        ,      
fidlemi01, 1981,     1, HAR , NHL , L  ,  2.0,  0.0,   1.0,   1.0,   0.0, 0.0  ,  0.0,     ,  0.0,     ,  0.0, 0.0,   2.0,       ,      ,      ,        ,        ,        ,        ,        ,        ,        ,        ,      
fidlemi01, 1982,     1, CHI , NHL , L  ,  4.0,  2.0,   1.0,   3.0,   4.0, -1.0 ,  0.0,     ,  0.0,     ,  0.0, 0.0,   6.0,       ,      ,      ,        ,        ,        ,        ,        ,        ,        ,        ,      
fieldgu01, 1950,     1, CHI , NHL , C  ,  3.0,  0.0,   0.0,   0.0,   0.0,      ,     ,     ,     ,     ,     ,    ,      ,       ,      ,      ,        ,        ,        ,        ,        ,        ,        ,        ,      
fieldgu01, 1952,     1, DET , NHL , C  ,     ,     ,      ,      ,      ,      ,     ,     ,     ,     ,     ,    ,      ,    4.0,   0.0,   0.0,     0.0,     0.0,        ,        ,        ,        ,        ,        ,      
fieldgu01, 1953,     1, BOS , NHL , C  ,     ,     ,      ,      ,      ,      ,     ,     ,     ,     ,     ,    ,      ,    2.0,   0.0,   0.0,     0.0,     2.0,        ,        ,        ,        ,        ,        ,      
fieldgu01, 1957,     1, DET , NHL , C  ,  6.0,  0.0,   0.0,   0.0,   2.0,      ,     ,     ,     ,     ,     ,    ,      ,       ,      ,      ,        ,        ,        ,        ,        ,        ,        ,        ,      
fieldwi01, 1936,     1, NYA , NHL , D  ,  2.0,  0.0,   0.0,   0.0,   0.0,      ,     ,     ,     ,     ,     ,    ,      ,       ,      ,      ,        ,        ,        ,        ,        ,        ,        ,        ,      
fieldwi01, 1938,     1, NYA , NHL , D  , 47.0,  1.0,   3.0,   4.0,  37.0,      ,     ,     ,     ,     ,     ,    ,      ,    2.0,   0.0,   0.0,     0.0,     2.0,        ,        ,        ,        ,        ,        ,      
fieldwi01, 1939,     1, NYA , NHL , D  , 45.0,  1.0,   3.0,   4.0,  28.0,      ,     ,     ,     ,     ,     ,    ,      ,       ,      ,      ,        ,        ,        ,        ,        ,        ,        ,        ,      
fieldwi01, 1940,     1, NYA , NHL , D  , 36.0,  5.0,   6.0,  11.0,  31.0,      ,     ,     ,     ,     ,     ,    ,      ,       ,      ,      ,        ,        ,        ,        ,        ,        ,        ,        ,      
fieldwi01, 1941,     1, BKN , NHL , D  , 41.0,  6.0,   9.0,  15.0,  23.0,      ,     ,     ,     ,     ,     ,    ,      ,       ,      ,      ,        ,        ,        ,        ,        ,        ,        ,        ,      
fieldwi01, 1944,     1, MTL , NHL , D  ,  9.0,  1.0,   0.0,   1.0,  10.0,      ,     ,     ,     ,     ,     ,    ,      ,       ,      ,      ,        ,        ,        ,        ,        ,        ,        ,        ,      
fieldwi01, 1944,     2, CHI , NHL , D  , 39.0,  3.0,   4.0,   7.0,  22.0,      ,     ,     ,     ,     ,     ,    ,      ,       ,      ,      ,        ,        ,        ,        ,        ,        ,        ,        ,      
figalmi01, 1977,     1, CZE , WHA , D  ,  4.0,  0.0,   0.0,   0.0,   2.0,      ,  0.0,     ,  0.0,     ,  0.0,    ,      ,       ,      ,      ,        ,        ,        ,        ,        ,        ,        ,        ,      
filatni01, 2008,     1, CBS , NHL , L  ,  8.0,  4.0,   0.0,   4.0,   0.0, 3.0  ,  0.0,  0.0,  0.0,  0.0,  1.0,    ,  10.0,       ,      ,      ,        ,        ,        ,        ,        ,        ,        ,        ,      
filatni01, 2009,     1, CBS , NHL , L  , 13.0,  2.0,   0.0,   2.0,   8.0, 0.0  ,  0.0,  0.0,  0.0,  0.0,  1.0,    ,  11.0,       ,      ,      ,        ,        ,        ,        ,        ,        ,        ,        ,      
filewjo01, 2007,     1, PIT , NHL , R  ,  5.0,  0.0,   0.0,   0.0,   0.0, -2.0 ,  0.0,  0.0,  0.0,  0.0,  0.0,    ,   3.0,       ,      ,      ,        ,        ,        ,        ,        ,        ,        ,        ,      
filimdm01, 1993,     1, OTT , NHL , D  , 30.0,  1.0,   4.0,   5.0,  18.0, -10.0,  0.0,  0.0,  0.0,  1.0,  0.0, 0.0,  15.0,       ,      ,      ,        ,        ,        ,        ,        ,        ,        ,        ,      
fillibo01, 1943,     1, MTL , NHL , L  , 41.0,  7.0,  23.0,  30.0,  14.0,      ,     ,     ,     ,     ,     ,    ,      ,    3.0,   0.0,   0.0,     0.0,     0.0,        ,        ,        ,        ,        ,        ,      
fillibo01, 1944,     1, MTL , NHL , L  , 31.0,  6.0,   8.0,  14.0,  12.0,      ,     ,     ,     ,     ,     ,    ,      ,    1.0,   3.0,   0.0,     3.0,     0.0,        ,        ,        ,        ,        ,        ,      
fillibo01, 1945,     1, MTL , NHL , L  , 50.0, 10.0,   6.0,  16.0,  12.0,      ,     ,     ,     ,     ,     ,    ,      ,    9.0,   4.0,   3.0,     7.0,     6.0,        ,        ,        ,        ,        ,        ,      
fillibo01, 1946,     1, MTL , NHL , L  , 57.0,  6.0,   3.0,   9.0,  16.0,      ,     ,     ,     ,     ,     ,    ,      ,    8.0,   0.0,   0.0,     0.0,     0.0,        ,        ,        ,        ,        ,        ,      
fillibo01, 1947,     1, MTL , NHL , L  , 32.0,  9.0,   9.0,  18.0,   8.0,      ,     ,     ,     ,     ,     ,    ,      ,       ,      ,      ,        ,        ,        ,        ,        ,        ,        ,        ,      
fillibo01, 1948,     1, MTL , NHL , L  , 59.0,  3.0,   9.0,  12.0,  14.0,      ,     ,     ,     ,     ,     ,    ,      ,    7.0,   0.0,   1.0,     1.0,     4.0,        ,        ,        ,        ,        ,        ,      
fillibo01, 1949,     1, MTL , NHL , L  , 57.0,  1.0,   3.0,   4.0,   8.0,      ,     ,     ,     ,     ,     ,    ,      ,    5.0,   0.0,   0.0,     0.0,     0.0,        ,        ,        ,        ,        ,        ,      
fillima01, 1944,     1, BOS , NHL , L  ,  1.0,  0.0,   0.0,   0.0,   0.0,      ,     ,     ,     ,     ,     ,    ,      ,       ,      ,      ,        ,        ,        ,        ,        ,        ,        ,        ,      
filmoto01, 1930,     1, DTF , NHL , R  , 39.0,  7.0,   2.0,   9.0,  10.0,      ,     ,     ,     ,     ,     ,    ,      ,       ,      ,      ,        ,        ,        ,        ,        ,        ,        ,        ,      
filmoto01, 1931,     1, DTF , NHL , R  ,  9.0,  0.0,   0.0,   0.0,   2.0,      ,     ,     ,     ,     ,     ,    ,      ,       ,      ,      ,        ,        ,        ,        ,        ,        ,        ,        ,      
filmoto01, 1931,     2, NYA , NHL , R  , 31.0,  9.0,   6.0,  15.0,  12.0,      ,     ,     ,     ,     ,     ,    ,      ,       ,      ,      ,        ,        ,        ,        ,        ,        ,        ,        ,      
filmoto01, 1932,     1, NYA , NHL , R  , 34.0,  1.0,   4.0,   5.0,   9.0,      ,     ,     ,     ,     ,     ,    ,      ,       ,      ,      ,        ,        ,        ,        ,        ,        ,        ,        ,      
filmoto01, 1932,     2, BOS , NHL , R  ,  1.0,  0.0,   0.0,   0.0,   0.0,      ,     ,     ,     ,     ,     ,    ,      ,       ,      ,      ,        ,        ,        ,        ,        ,        ,        ,        ,      
filmoto01, 1933,     1, BOS , NHL , R  ,  3.0,  0.0,   0.0,   0.0,   0.0,      ,     ,     ,     ,     ,     ,    ,      ,       ,      ,      ,        ,        ,        ,        ,        ,        ,        ,        ,      
filppva01, 2005,     1, DET , NHL , C  ,  4.0,  0.0,   1.0,   1.0,   2.0, 1.0  ,  0.0,  0.0,  0.0,  0.0,  0.0,    ,   1.0,       ,      ,      ,        ,        ,        ,        ,        ,        ,        ,        ,      
filppva01, 2006,     1, DET , NHL , C  , 73.0, 10.0,   7.0,  17.0,  20.0, 8.0  ,  0.0,  0.0,  0.0,  0.0,  1.0,    ,  76.0,   18.0,   3.0,   2.0,     5.0,     2.0, -2.0   ,     0.0,     0.0,     0.0,     0.0,     0.0,    22.0
filppva01, 2007,     1, DET , NHL , C  , 78.0, 19.0,  17.0,  36.0,  28.0, 16.0 ,  3.0,  5.0,  0.0,  0.0,  3.0,    , 122.0,   22.0,   5.0,   6.0,    11.0,     2.0, 7.0    ,     0.0,     1.0,     0.0,     0.0,     0.0,    39.0
filppva01, 2008,     1, DET , NHL , C  , 80.0, 12.0,  28.0,  40.0,  42.0, 9.0  ,  1.0,  3.0,  0.0,  0.0,  1.0,    , 129.0,   23.0,   3.0,  13.0,    16.0,     8.0, 8.0    ,     1.0,     2.0,     0.0,     1.0,     1.0,    35.0
filppva01, 2009,     1, DET , NHL , C  , 55.0, 11.0,  24.0,  35.0,  24.0, -4.0 ,  1.0,  7.0,  1.0,  1.0,  1.0,    , 114.0,   12.0,   4.0,   5.0,     9.0,     6.0, 1.0    ,     2.0,     2.0,     0.0,     0.0,     0.0,    33.0
fingeje01, 2006,     1, COL , NHL , D  , 22.0,  1.0,   4.0,   5.0,  11.0, 10.0 ,  0.0,  0.0,  0.0,  0.0,  0.0,    ,  16.0,       ,      ,      ,        ,        ,        ,        ,        ,        ,        ,        ,      
fingeje01, 2007,     1, COL , NHL , D  , 72.0,  8.0,  11.0,  19.0,  40.0, 12.0 ,  1.0,  1.0,  1.0,  0.0,  1.0,    ,  93.0,    5.0,   0.0,   2.0,     2.0,     4.0, -2.0   ,     0.0,     1.0,     0.0,     0.0,     0.0,     7.0
fingeje01, 2008,     1, TOR , NHL , D  , 66.0,  6.0,  17.0,  23.0,  43.0, -7.0 ,  0.0,  2.0,  0.0,  0.0,  0.0,    ,  68.0,       ,      ,      ,        ,        ,        ,        ,        ,        ,        ,        ,      
fingeje01, 2009,     1, TOR , NHL , D  , 39.0,  2.0,   8.0,  10.0,  20.0, -11.0,  0.0,  0.0,  0.0,  0.0,  0.0,    ,  29.0,       ,      ,      ,        ,        ,        ,        ,        ,        ,        ,        ,      
finkbll01, 1940,     1, NYA , NHL , D  ,  2.0,  0.0,   0.0,   0.0,   0.0,      ,     ,     ,     ,     ,     ,    ,      ,       ,      ,      ,        ,        ,        ,        ,        ,        ,        ,        ,      
finlebr01, 2002,     1, NAS , NHL , G  ,  1.0,  0.0,   0.0,   0.0,   0.0, 0.0  ,  0.0,  0.0,  0.0,  0.0,  0.0, 0.0,   0.0,       ,      ,      ,        ,        ,        ,        ,        ,        ,        ,        ,      
finlebr01, 2005,     1, NAS , NHL , G  ,  1.0,  0.0,   0.0,   0.0,   0.0, 0.0  ,  0.0,  0.0,  0.0,  0.0,  0.0,    ,   0.0,       ,      ,      ,        ,        ,        ,        ,        ,        ,        ,        ,      
finlebr01, 2006,     1, BOS , NHL , G  ,  2.0,  0.0,   0.0,   0.0,   0.0, 0.0  ,  0.0,  0.0,  0.0,  0.0,  0.0,    ,   0.0,       ,      ,      ,        ,        ,        ,        ,        ,        ,        ,        ,      
finleje01, 1987,     1, NYI , NHL , D  , 10.0,  0.0,   5.0,   5.0,  15.0, 5.0  ,  0.0,  2.0,  0.0,  0.0,  0.0, 0.0,   9.0,    1.0,   0.0,   0.0,     0.0,     2.0, -1.0   ,     0.0,     0.0,     0.0,     0.0,     0.0,     0.0
finleje01, 1988,     1, NYI , NHL , D  ,  4.0,  0.0,   0.0,   0.0,   6.0, 1.0  ,  0.0,  0.0,  0.0,  0.0,  0.0, 0.0,   1.0,       ,      ,      ,        ,        ,        ,        ,        ,        ,        ,        ,      
finleje01, 1989,     1, NYI , NHL , D  , 11.0,  0.0,   1.0,   1.0,   0.0, 0.0  ,  0.0,  0.0,  0.0,  0.0,  0.0, 0.0,   7.0,    5.0,   0.0,   2.0,     2.0,     2.0, -3.0   ,     0.0,     1.0,     0.0,     0.0,     0.0,     4.0
finleje01, 1990,     1, NYI , NHL , D  , 11.0,  0.0,   0.0,   0.0,   4.0, -1.0 ,  0.0,  0.0,  0.0,  0.0,  0.0, 0.0,   0.0,       ,      ,      ,        ,        ,        ,        ,        ,        ,        ,        ,      
finleje01, 1991,     1, NYI , NHL , D  , 51.0,  1.0,  10.0,  11.0,  26.0, -6.0 ,  0.0,  3.0,  0.0,  1.0,  0.0, 0.0,  25.0,       ,      ,      ,        ,        ,        ,        ,        ,        ,        ,        ,      
finleje01, 1993,     1, PHI , NHL , D  , 55.0,  1.0,   8.0,   9.0,  24.0, 16.0 ,  0.0,  0.0,  0.0,  0.0,  0.0, 0.0,  43.0,       ,      ,      ,        ,        ,        ,        ,        ,        ,        ,        ,      
finleje01, 1995,     1, WIN , NHL , D  , 65.0,  1.0,   5.0,   6.0,  81.0, -2.0 ,  0.0,  0.0,  0.0,  0.0,  0.0, 0.0,  27.0,    6.0,   0.0,   0.0,     0.0,     4.0, -4.0   ,     0.0,     0.0,     0.0,     0.0,     0.0,     3.0
finleje01, 1996,     1, PHO , NHL , D  , 65.0,  3.0,   7.0,  10.0,  40.0, -8.0 ,  1.0,  0.0,  0.0,  1.0,  1.0, 0.0,  38.0,    1.0,   0.0,   0.0,     0.0,     2.0, -1.0   ,     0.0,     0.0,     0.0,     0.0,     0.0,     1.0
finleje01, 1997,     1, NYR , NHL , D  , 63.0,  1.0,   6.0,   7.0,  55.0, -3.0 ,  0.0,  1.0,  0.0,  0.0,  0.0, 0.0,  32.0,       ,      ,      ,        ,        ,        ,        ,        ,        ,        ,        ,      
finleje01, 1998,     1, NYR , NHL , D  ,  2.0,  0.0,   0.0,   0.0,   0.0, -1.0 ,  0.0,  0.0,  0.0,  0.0,  0.0, 0.0,   0.0,       ,      ,      ,        ,        ,        ,        ,        ,        ,        ,        ,      
finleje01, 1998,     2, STL , NHL , D  , 30.0,  1.0,   2.0,   3.0,  20.0, 12.0 ,  0.0,  0.0,  0.0,  0.0,  0.0, 0.0,  16.0,   13.0,   1.0,   2.0,     3.0,     8.0, -4.0   ,     0.0,     0.0,     0.0,     0.0,     1.0,     5.0
finleje01, 1999,     1, STL , NHL , D  , 74.0,  2.0,   8.0,  10.0,  38.0, 26.0 ,  0.0,  2.0,  0.0,  1.0,  2.0, 0.0,  31.0,    7.0,   0.0,   2.0,     2.0,     4.0, 0.0    ,     0.0,     0.0,     0.0,     0.0,     0.0,     2.0
finleje01, 2000,     1, STL , NHL , D  , 72.0,  2.0,   8.0,  10.0,  38.0, 7.0  ,  0.0,  1.0,  0.0,  1.0,  0.0, 0.0,  35.0,    2.0,   0.0,   0.0,     0.0,     0.0, -1.0   ,     0.0,     0.0,     0.0,     0.0,     0.0,     0.0
finleje01, 2001,     1, STL , NHL , D  , 78.0,  0.0,   6.0,   6.0,  30.0, 12.0 ,  0.0,  0.0,  0.0,  1.0,  0.0, 0.0,  39.0,   10.0,   0.0,   0.0,     0.0,     8.0, -1.0   ,     0.0,     0.0,     0.0,     0.0,     0.0,     3.0
finleje01, 2002,     1, STL , NHL , D  , 64.0,  1.0,   3.0,   4.0,  46.0, -2.0 ,  0.0,  0.0,  0.0,  0.0,  1.0, 0.0,  30.0,    6.0,   0.0,   0.0,     0.0,     6.0, 1.0    ,     0.0,     0.0,     0.0,     0.0,     0.0,     3.0
finleje01, 2003,     1, STL , NHL , D  , 53.0,  0.0,   1.0,   1.0,  34.0, -9.0 ,  0.0,  0.0,  0.0,  1.0,  0.0, 0.0,  25.0,    1.0,   0.0,   0.0,     0.0,     2.0, 0.0    ,     0.0,     0.0,     0.0,     0.0,     0.0,     0.0
finnesi01, 1951,     1, CHI , NHL , R  , 35.0,  6.0,   5.0,  11.0,   0.0,      ,     ,     ,     ,     ,     ,    ,      ,       ,      ,      ,        ,        ,        ,        ,        ,        ,        ,        ,      
finnesi01, 1952,     1, CHI , NHL , R  , 18.0,  4.0,   2.0,   6.0,   4.0,      ,     ,     ,     ,     ,     ,    ,      ,    7.0,   0.0,   2.0,     2.0,     0.0,        ,        ,        ,        ,        ,        ,      
finnesi01, 1953,     1, CHI , NHL , R  ,  6.0,  0.0,   0.0,   0.0,   0.0,      ,     ,     ,     ,     ,     ,    ,      ,       ,      ,      ,        ,        ,        ,        ,        ,        ,        ,        ,      
finnied01, 1934,     1, STE , NHL , F  , 12.0,  1.0,   1.0,   2.0,   2.0,      ,     ,     ,     ,     ,     ,    ,      ,       ,      ,      ,        ,        ,        ,        ,        ,        ,        ,        ,      
finnied01, 1935,     1, BOS , NHL , F  ,  3.0,  0.0,   0.0,   0.0,   0.0,      ,     ,     ,     ,     ,     ,    ,      ,       ,      ,      ,        ,        ,        ,        ,        ,        ,        ,        ,      
finnifr01, 1923,     1, OTS , NHL , F  ,  2.0,  0.0,   0.0,   0.0,   0.0,      ,     ,     ,     ,     ,     ,    ,      ,    2.0,   0.0,   0.0,     0.0,     2.0,        ,        ,        ,        ,        ,        ,      
finnifr01, 1924,     1, OTS , NHL , R  , 29.0,  0.0,   0.0,   0.0,  22.0,      ,     ,     ,     ,     ,     ,    ,      ,       ,      ,      ,        ,        ,        ,        ,        ,        ,        ,        ,      
finnifr01, 1925,     1, OTS , NHL , R  , 36.0,  2.0,   0.0,   2.0,  24.0,      ,     ,     ,     ,     ,     ,    ,      ,    2.0,   0.0,   0.0,     0.0,     0.0,        ,        ,        ,        ,        ,        ,      
finnifr01, 1926,     1, OTS , NHL , R  , 36.0, 15.0,   1.0,  16.0,  52.0,      ,     ,     ,     ,     ,     ,    ,      ,    6.0,   3.0,   0.0,     3.0,     0.0,        ,        ,        ,        ,        ,        ,      
finnifr01, 1927,     1, OTS , NHL , R  , 38.0, 20.0,   5.0,  25.0,  34.0,      ,     ,     ,     ,     ,     ,    ,      ,    2.0,   0.0,   1.0,     1.0,     6.0,        ,        ,        ,        ,        ,        ,      
finnifr01, 1928,     1, OTS , NHL , R  , 44.0, 15.0,   4.0,  19.0,  71.0,      ,     ,     ,     ,     ,     ,    ,      ,       ,      ,      ,        ,        ,        ,        ,        ,        ,        ,        ,      
finnifr01, 1929,     1, OTS , NHL , R  , 43.0, 21.0,  15.0,  36.0,  46.0,      ,     ,     ,     ,     ,     ,    ,      ,    2.0,   0.0,   0.0,     0.0,     4.0,        ,        ,        ,        ,        ,        ,      
finnifr01, 1930,     1, OTS , NHL , R  , 44.0,  9.0,   8.0,  17.0,  40.0,      ,     ,     ,     ,     ,     ,    ,      ,       ,      ,      ,        ,        ,        ,        ,        ,        ,        ,        ,      
finnifr01, 1931,     1, TOR , NHL , R  , 47.0,  8.0,  13.0,  21.0,  45.0,      ,     ,     ,     ,     ,     ,    ,      ,    7.0,   2.0,   3.0,     5.0,     8.0,        ,        ,        ,        ,        ,        ,      
finnifr01, 1932,     1, OTS , NHL , R  , 45.0,  4.0,  14.0,  18.0,  37.0,      ,     ,     ,     ,     ,     ,    ,      ,       ,      ,      ,        ,        ,        ,        ,        ,        ,        ,        ,      
finnifr01, 1933,     1, OTS , NHL , R  , 48.0, 10.0,  10.0,  20.0,  10.0,      ,     ,     ,     ,     ,     ,    ,      ,       ,      ,      ,        ,        ,        ,        ,        ,        ,        ,        ,      
finnifr01, 1934,     1, STE , NHL , R  , 34.0,  5.0,   5.0,  10.0,  10.0,      ,     ,     ,     ,     ,     ,    ,      ,       ,      ,      ,        ,        ,        ,        ,        ,        ,        ,        ,      
finnifr01, 1934,     2, TOR , NHL , R  , 11.0,  2.0,   0.0,   2.0,   2.0,      ,     ,     ,     ,     ,     ,    ,      ,    7.0,   1.0,   2.0,     3.0,     2.0,        ,        ,        ,        ,        ,        ,      
finnifr01, 1935,     1, TOR , NHL , R  , 48.0,  2.0,   6.0,   8.0,  10.0,      ,     ,     ,     ,     ,     ,    ,      ,    9.0,   0.0,   3.0,     3.0,     0.0,        ,        ,        ,        ,        ,        ,      
finnifr01, 1936,     1, TOR , NHL , R  , 48.0,  2.0,   7.0,   9.0,   4.0,      ,     ,     ,     ,     ,     ,    ,      ,    2.0,   0.0,   0.0,     0.0,     0.0,        ,        ,        ,        ,        ,        ,      
finnst01 , 1985,     1, QUE , NHL , D  , 17.0,  0.0,   1.0,   1.0,  28.0, 0.0  ,  0.0,     ,  0.0,     ,  0.0, 0.0,   8.0,       ,      ,      ,        ,        ,        ,        ,        ,        ,        ,        ,      
finnst01 , 1986,     1, QUE , NHL , D  , 36.0,  2.0,   5.0,   7.0,  40.0, -8.0 ,  0.0,     ,  0.0,     ,  0.0, 0.0,  36.0,   13.0,   0.0,   2.0,     2.0,    29.0, 1.0    ,     0.0,        ,     0.0,        ,     0.0,    16.0
finnst01 , 1987,     1, QUE , NHL , D  , 75.0,  3.0,   7.0,  10.0, 198.0, -4.0 ,  1.0,  1.0,  0.0,  0.0,  0.0, 0.0,  70.0,       ,      ,      ,        ,        ,        ,        ,        ,        ,        ,        ,      
finnst01 , 1988,     1, QUE , NHL , D  , 77.0,  2.0,   6.0,   8.0, 235.0, -21.0,  0.0,  0.0,  1.0,  0.0,  0.0, 0.0,  86.0,       ,      ,      ,        ,        ,        ,        ,        ,        ,        ,        ,      
finnst01 , 1989,     1, QUE , NHL , D  , 64.0,  3.0,   9.0,  12.0, 208.0, -33.0,  1.0,  0.0,  0.0,  0.0,  0.0, 0.0,  74.0,       ,      ,      ,        ,        ,        ,        ,        ,        ,        ,        ,      
finnst01 , 1990,     1, QUE , NHL , D  , 71.0,  6.0,  13.0,  19.0, 228.0, -26.0,  0.0,  0.0,  0.0,  0.0,  0.0, 1.0,  91.0,       ,      ,      ,        ,        ,        ,        ,        ,        ,        ,        ,      
finnst01 , 1991,     1, QUE , NHL , D  , 65.0,  4.0,   7.0,  11.0, 194.0, -9.0 ,  0.0,  3.0,  0.0,  0.0,  0.0, 0.0,  63.0,       ,      ,      ,        ,        ,        ,        ,        ,        ,        ,        ,      
finnst01 , 1992,     1, QUE , NHL , D  , 80.0,  5.0,   9.0,  14.0, 160.0, -3.0 ,  0.0,  0.0,  0.0,  0.0,  0.0, 0.0,  61.0,    6.0,   0.0,   1.0,     1.0,     8.0, -3.0   ,     0.0,     0.0,     0.0,     0.0,     0.0,    10.0
finnst01 , 1993,     1, QUE , NHL , D  , 80.0,  4.0,  13.0,  17.0, 159.0, -9.0 ,  0.0,  1.0,  0.0,  0.0,  1.0, 0.0,  74.0,       ,      ,      ,        ,        ,        ,        ,        ,        ,        ,        ,      
finnst01 , 1994,     1, QUE , NHL , D  , 40.0,  0.0,   3.0,   3.0,  64.0, 1.0  ,  0.0,  0.0,  0.0,  0.0,  0.0, 0.0,  28.0,    4.0,   0.0,   1.0,     1.0,     2.0, -4.0   ,     0.0,     0.0,     0.0,     0.0,     0.0,     2.0
finnst01 , 1995,     1, TBL , NHL , D  , 16.0,  0.0,   0.0,   0.0,  24.0, -6.0 ,  0.0,  0.0,  0.0,  0.0,  0.0, 0.0,  12.0,       ,      ,      ,        ,        ,        ,        ,        ,        ,        ,        ,      
finnst01 , 1995,     2, LAK , NHL , D  , 50.0,  3.0,   2.0,   5.0, 102.0, -6.0 ,  0.0,  1.0,  0.0,  0.0,  0.0, 0.0,  42.0,       ,      ,      ,        ,        ,        ,        ,        ,        ,        ,        ,      
finnst01 , 1996,     1, LAK , NHL , D  , 54.0,  2.0,   3.0,   5.0,  84.0, -8.0 ,  0.0,  0.0,  0.0,  0.0,  1.0, 0.0,  35.0,       ,      ,      ,        ,        ,        ,        ,        ,        ,        ,        ,      
fiorepe01, 1991,     1, NYR , NHL , D  ,  1.0,  0.0,   0.0,   0.0,   0.0, 0.0  ,  0.0,  0.0,  0.0,  0.0,  0.0, 0.0,   2.0,       ,      ,      ,        ,        ,        ,        ,        ,        ,        ,        ,      
fischji01, 1999,     1, DET , NHL , D  , 52.0,  0.0,   8.0,   8.0,  45.0, 1.0  ,  0.0,  0.0,  0.0,  0.0,  0.0, 0.0,  41.0,       ,      ,      ,        ,        ,        ,        ,        ,        ,        ,        ,      
fischji01, 2000,     1, DET , NHL , D  , 55.0,  1.0,   8.0,   9.0,  59.0, 3.0  ,  0.0,  0.0,  0.0,  0.0,  0.0, 0.0,  64.0,    5.0,   0.0,   0.0,     0.0,     9.0, -4.0   ,     0.0,     0.0,     0.0,     0.0,     0.0,     1.0
fischji01, 2001,     1, DET , NHL , D  , 80.0,  2.0,   8.0,  10.0,  67.0, 17.0 ,  0.0,  0.0,  0.0,  0.0,  1.0, 0.0, 103.0,   22.0,   3.0,   3.0,     6.0,    30.0, 6.0    ,     0.0,     0.0,     0.0,     0.0,     1.0,    24.0
fischji01, 2002,     1, DET , NHL , D  , 15.0,  1.0,   5.0,   6.0,  16.0, 0.0  ,  0.0,  1.0,  0.0,  0.0,  0.0, 0.0,  19.0,       ,      ,      ,        ,        ,        ,        ,        ,        ,        ,        ,      
fischji01, 2003,     1, DET , NHL , D  , 81.0,  4.0,  15.0,  19.0,  75.0, 0.0  ,  1.0,  0.0,  0.0,  2.0,  0.0, 0.0, 115.0,   11.0,   1.0,   0.0,     1.0,    16.0, -2.0   ,     0.0,     0.0,     0.0,     0.0,     0.0,     8.0
fischji01, 2005,     1, DET , NHL , D  , 22.0,  3.0,   5.0,   8.0,  33.0, 8.0  ,  0.0,  2.0,  1.0,  0.0,  1.0,    ,  36.0,       ,      ,      ,        ,        ,        ,        ,        ,        ,        ,        ,      
fischpa01, 2006,     1, PHO , NHL , C  , 27.0,  4.0,   6.0,  10.0,  24.0, 0.0  ,  0.0,  0.0,  0.0,  0.0,  1.0,    ,  32.0,       ,      ,      ,        ,        ,        ,        ,        ,        ,        ,        ,      
fischro01, 1981,     1, BUF , NHL , D  , 15.0,  0.0,   7.0,   7.0,   6.0, -3.0 ,  0.0,     ,  0.0,     ,  0.0, 0.0,  16.0,       ,      ,      ,        ,        ,        ,        ,        ,        ,        ,        ,      
fischro01, 1982,     1, BUF , NHL , D  ,  3.0,  0.0,   0.0,   0.0,   0.0, 0.0  ,  0.0,     ,  0.0,     ,  0.0, 0.0,   1.0,       ,      ,      ,        ,        ,        ,        ,        ,        ,        ,        ,      
fisetst01, 1989,     1, QUE , NHL , G  ,  6.0,  0.0,   0.0,   0.0,   0.0, 0.0  ,  0.0,  0.0,  0.0,  0.0,  0.0, 0.0,   0.0,       ,      ,      ,        ,        ,        ,        ,        ,        ,        ,        ,      
fisetst01, 1990,     1, QUE , NHL , G  ,  3.0,  0.0,   0.0,   0.0,   0.0, 0.0  ,  0.0,  0.0,  0.0,  0.0,  0.0, 0.0,   0.0,       ,      ,      ,        ,        ,        ,        ,        ,        ,        ,        ,      
fisetst01, 1991,     1, QUE , NHL , G  , 23.0,  0.0,   0.0,   0.0,   6.0, 0.0  ,  0.0,  0.0,  0.0,  0.0,  0.0, 0.0,   0.0,       ,      ,      ,        ,        ,        ,        ,        ,        ,        ,        ,      
fisetst01, 1992,     1, QUE , NHL , G  , 37.0,  0.0,   2.0,   2.0,   2.0, 0.0  ,  0.0,  0.0,  0.0,  0.0,  0.0, 0.0,   0.0,    1.0,   0.0,   0.0,     0.0,     0.0, 0.0    ,     0.0,     0.0,     0.0,     0.0,     0.0,     0.0
fisetst01, 1993,     1, QUE , NHL , G  , 50.0,  0.0,   3.0,   3.0,   8.0, 0.0  ,  0.0,  0.0,  0.0,  1.0,  0.0, 0.0,   0.0,       ,      ,      ,        ,        ,        ,        ,        ,        ,        ,        ,      
fisetst01, 1994,     1, QUE , NHL , G  , 32.0,  0.0,   3.0,   3.0,   2.0, 0.0  ,  0.0,  1.0,  0.0,  1.0,  0.0, 0.0,   0.0,    4.0,   0.0,   0.0,     0.0,     0.0, 0.0    ,     0.0,     0.0,     0.0,     0.0,     0.0,     0.0
fisetst01, 1995,     1, COL , NHL , G  , 37.0,  0.0,   1.0,   1.0,   2.0, 0.0  ,  0.0,  0.0,  0.0,  0.0,  0.0, 0.0,   0.0,    1.0,   0.0,   0.0,     0.0,     0.0, 0.0    ,     0.0,     0.0,     0.0,     0.0,     0.0,     0.0
fisetst01, 1996,     1, LAK , NHL , G  , 44.0,  0.0,   0.0,   0.0,   2.0, 0.0  ,  0.0,  0.0,  0.0,  0.0,  0.0, 0.0,   0.0,       ,      ,      ,        ,        ,        ,        ,        ,        ,        ,        ,      
fisetst01, 1997,     1, LAK , NHL , G  , 60.0,  0.0,   1.0,   1.0,   8.0, 0.0  ,  0.0,  0.0,  0.0,  0.0,  0.0, 0.0,   0.0,    2.0,   0.0,   0.0,     0.0,     0.0, 0.0    ,     0.0,     0.0,     0.0,     0.0,     0.0,     0.0
fisetst01, 1998,     1, LAK , NHL , G  , 42.0,  0.0,   0.0,   0.0,   2.0, 0.0  ,  0.0,  0.0,  0.0,  0.0,  0.0, 0.0,   0.0,       ,      ,      ,        ,        ,        ,        ,        ,        ,        ,        ,      
fisetst01, 1999,     1, LAK , NHL , G  , 47.0,  0.0,   2.0,   2.0,   4.0, 0.0  ,  0.0,  0.0,  0.0,  1.0,  0.0, 0.0,   0.0,    4.0,   0.0,   0.0,     0.0,     0.0, 0.0    ,     0.0,     0.0,     0.0,     0.0,     0.0,     0.0
fisetst01, 2000,     1, LAK , NHL , G  ,  7.0,  0.0,   0.0,   0.0,   2.0, 0.0  ,  0.0,  0.0,  0.0,  0.0,  0.0, 0.0,   0.0,    1.0,   0.0,   0.0,     0.0,     0.0, 0.0    ,     0.0,     0.0,     0.0,     0.0,     0.0,     0.0
fisetst01, 2001,     1, MTL , NHL , G  ,  2.0,  0.0,   0.0,   0.0,   0.0, 0.0  ,  0.0,  0.0,  0.0,  0.0,  0.0, 0.0,   0.0,    1.0,   0.0,   0.0,     0.0,     0.0, 0.0    ,     0.0,     0.0,     0.0,     0.0,     0.0,     0.0
fisheal01, 1922,     1, CAT , WCHL, L  , 18.0,  5.0,   3.0,   8.0,  10.0,      ,     ,     ,     ,     ,     ,    ,      ,       ,      ,      ,        ,        ,        ,        ,        ,        ,        ,        ,      
fisheal01, 1923,     1, SEA , PCHA, R  , 16.0,  1.0,   1.0,   2.0,   4.0,      ,     ,     ,     ,     ,     ,    ,      ,    2.0,   0.0,   0.0,     0.0,     0.0,        ,        ,        ,        ,        ,        ,      
fisheal01, 1924,     1, TRS , NHL , F  ,  9.0,  1.0,   0.0,   1.0,   4.0,      ,     ,     ,     ,     ,     ,    ,      ,       ,      ,      ,        ,        ,        ,        ,        ,        ,        ,        ,      
fishecr01, 1989,     1, PHI , NHL , C  ,  2.0,  0.0,   0.0,   0.0,   0.0, 0.0  ,  0.0,  0.0,  0.0,  0.0,  0.0, 0.0,   5.0,       ,      ,      ,        ,        ,        ,        ,        ,        ,        ,        ,      
fishecr01, 1990,     1, PHI , NHL , C  ,  2.0,  0.0,   0.0,   0.0,   0.0, 0.0  ,  0.0,  0.0,  0.0,  0.0,  0.0, 0.0,   2.0,       ,      ,      ,        ,        ,        ,        ,        ,        ,        ,        ,      
fishecr01, 1993,     1, WIN , NHL , C  ,  4.0,  0.0,   0.0,   0.0,   2.0, -1.0 ,  0.0,  0.0,  0.0,  0.0,  0.0, 0.0,   5.0,       ,      ,      ,        ,        ,        ,        ,        ,        ,        ,        ,      
fishecr01, 1996,     1, FLO , NHL , C  ,  4.0,  0.0,   0.0,   0.0,   0.0, -2.0 ,  0.0,  0.0,  0.0,  0.0,  0.0, 0.0,   2.0,       ,      ,      ,        ,        ,        ,        ,        ,        ,        ,        ,      
fishedu01, 1947,     1, NYR , NHL , R  ,     ,     ,      ,      ,      ,      ,     ,     ,     ,     ,     ,    ,      ,    1.0,   0.0,   1.0,     1.0,     0.0,        ,        ,        ,        ,        ,        ,      
fishedu01, 1948,     1, NYR , NHL , R  , 60.0,  9.0,  16.0,  25.0,  40.0,      ,     ,     ,     ,     ,     ,    ,      ,       ,      ,      ,        ,        ,        ,        ,        ,        ,        ,        ,      
fishedu01, 1949,     1, NYR , NHL , R  , 70.0, 12.0,  21.0,  33.0,  42.0,      ,     ,     ,     ,     ,     ,    ,      ,   12.0,   3.0,   3.0,     6.0,    14.0,        ,        ,        ,        ,        ,        ,      
fishedu01, 1950,     1, NYR , NHL , R  ,  8.0,  0.0,   0.0,   0.0,   0.0,      ,     ,     ,     ,     ,     ,    ,      ,       ,      ,      ,        ,        ,        ,        ,        ,        ,        ,        ,      
fishedu01, 1950,     2, BOS , NHL , R  , 57.0,  9.0,  20.0,  29.0,  20.0,      ,     ,     ,     ,     ,     ,    ,      ,    6.0,   1.0,   0.0,     1.0,     0.0,        ,        ,        ,        ,        ,        ,      
fishedu01, 1951,     1, BOS , NHL , R  , 65.0, 15.0,  12.0,  27.0,   2.0,      ,     ,     ,     ,     ,     ,    ,      ,    2.0,   0.0,   0.0,     0.0,     0.0,        ,        ,        ,        ,        ,        ,      
fishedu01, 1952,     1, BOS , NHL , R  ,  7.0,  0.0,   1.0,   1.0,   0.0,      ,     ,     ,     ,     ,     ,    ,      ,       ,      ,      ,        ,        ,        ,        ,        ,        ,        ,        ,      
fishedu01, 1958,     1, DET , NHL , R  ,  8.0,  0.0,   0.0,   0.0,   0.0,      ,     ,     ,     ,     ,     ,    ,      ,       ,      ,      ,        ,        ,        ,        ,        ,        ,        ,        ,      
fishejo01, 1939,     1, DET , NHL , R  , 34.0,  2.0,   4.0,   6.0,   2.0,      ,     ,     ,     ,     ,     ,    ,      ,    5.0,   1.0,   1.0,     2.0,     0.0,        ,        ,        ,        ,        ,        ,      
fishejo01, 1940,     1, DET , NHL , R  , 27.0,  5.0,   8.0,  13.0,  11.0,      ,     ,     ,     ,     ,     ,    ,      ,    5.0,   1.0,   0.0,     1.0,     6.0,        ,        ,        ,        ,        ,        ,      
fishejo01, 1941,     1, DET , NHL , R  ,  3.0,  0.0,   0.0,   0.0,   0.0,      ,     ,     ,     ,     ,     ,    ,      ,    1.0,   0.0,   0.0,     0.0,     0.0,        ,        ,        ,        ,        ,        ,      
fishejo01, 1942,     1, DET , NHL , R  ,  1.0,  1.0,   0.0,   1.0,   0.0,      ,     ,     ,     ,     ,     ,    ,      ,    1.0,   0.0,   0.0,     0.0,     0.0,        ,        ,        ,        ,        ,        ,      
fishejo02, 1972,     1, ALB , WHA , C  , 40.0,  0.0,   5.0,   5.0,   0.0,      ,  0.0,     ,  0.0,     ,     ,    ,      ,       ,      ,      ,        ,        ,        ,        ,        ,        ,        ,        ,      
fishemi01, 1999,     1, OTT , NHL , C  , 32.0,  4.0,   5.0,   9.0,  15.0, -6.0 ,  0.0,  0.0,  0.0,  0.0,  1.0, 0.0,  49.0,       ,      ,      ,        ,        ,        ,        ,        ,        ,        ,        ,      
fishemi01, 2000,     1, OTT , NHL , C  , 60.0,  7.0,  12.0,  19.0,  46.0, -1.0 ,  0.0,  0.0,  0.0,  2.0,  3.0, 0.0,  83.0,    4.0,   0.0,   1.0,     1.0,     4.0, -1.0   ,     0.0,     0.0,     0.0,     0.0,     0.0,     6.0
fishemi01, 2001,     1, OTT , NHL , C  , 58.0, 15.0,   9.0,  24.0,  55.0, 8.0  ,  0.0,  0.0,  3.0,  1.0,  4.0, 0.0, 123.0,   10.0,   2.0,   1.0,     3.0,     0.0, 4.0    ,     0.0,     0.0,     0.0,     0.0,     0.0,    25.0
fishemi01, 2002,     1, OTT , NHL , C  , 74.0, 18.0,  20.0,  38.0,  54.0, 13.0 ,  5.0,  4.0,  1.0,  0.0,  3.0, 0.0, 142.0,   18.0,   2.0,   2.0,     4.0,    16.0, -1.0   ,     0.0,     0.0,     1.0,     0.0,     1.0,    36.0
fishemi01, 2003,     1, OTT , NHL , C  , 24.0,  4.0,   6.0,  10.0,  39.0, -3.0 ,  1.0,  0.0,  0.0,  0.0,  0.0, 0.0,  47.0,    7.0,   1.0,   0.0,     1.0,     4.0, 0.0    ,     0.0,     0.0,     0.0,     0.0,     1.0,    13.0
fishemi01, 2005,     1, OTT , NHL , C  , 68.0, 22.0,  22.0,  44.0,  64.0, 23.0 ,  2.0,  7.0,  4.0,  3.0,  3.0,    , 150.0,   10.0,   2.0,   2.0,     4.0,    12.0, 1.0    ,     0.0,     0.0,     1.0,     0.0,     0.0,    20.0
fishemi01, 2006,     1, OTT , NHL , C  , 68.0, 22.0,  26.0,  48.0,  41.0, 15.0 ,  7.0,  5.0,  2.0,  2.0,  3.0,    , 193.0,   20.0,   5.0,   5.0,    10.0,    24.0, -2.0   ,     2.0,     1.0,     1.0,     0.0,     1.0,    54.0
fishemi01, 2007,     1, OTT , NHL , C  , 79.0, 23.0,  24.0,  47.0,  82.0, -10.0,  6.0,  1.0,  2.0,  3.0,  4.0,    , 215.0,       ,      ,      ,        ,        ,        ,        ,        ,        ,        ,        ,      
fishemi01, 2008,     1, OTT , NHL , C  , 78.0, 13.0,  19.0,  32.0,  66.0, 0.0  ,  1.0,  5.0,  2.0,  0.0,  3.0,    , 182.0,       ,      ,      ,        ,        ,        ,        ,        ,        ,        ,        ,      
fishemi01, 2009,     1, OTT , NHL , C  , 79.0, 25.0,  28.0,  53.0,  59.0, 1.0  , 10.0,  3.0,  0.0,  2.0,  6.0,    , 212.0,    6.0,   2.0,   3.0,     5.0,     6.0, -2.0   ,     2.0,     1.0,     0.0,     0.0,     0.0,    13.0
fistrma01, 2007,     1, DAL , NHL , D  , 37.0,  0.0,   2.0,   2.0,  24.0, 3.0  ,  0.0,  0.0,  0.0,  0.0,  0.0,    ,  17.0,    9.0,   0.0,   0.0,     0.0,     6.0, -1.0   ,     0.0,     0.0,     0.0,     0.0,     0.0,     3.0
fistrma01, 2008,     1, DAL , NHL , D  , 36.0,  0.0,   4.0,   4.0,  42.0, -1.0 ,  0.0,  0.0,  0.0,  0.0,  0.0,    ,  35.0,       ,      ,      ,        ,        ,        ,        ,        ,        ,        ,        ,      
fistrma01, 2009,     1, DAL , NHL , D  , 67.0,  1.0,   9.0,  10.0,  69.0, 27.0 ,  0.0,  0.0,  0.0,  1.0,  0.0,    ,  46.0,       ,      ,      ,        ,        ,        ,        ,        ,        ,        ,        ,      
fitchbo01, 1973,     1, EDO , WHA , C  , 31.0,  1.0,   2.0,   3.0,  21.0,      ,  0.0,     ,  0.0,     ,  0.0,    ,      ,       ,      ,      ,        ,        ,        ,        ,        ,        ,        ,        ,      
fitchbo01, 1974,     1, IND , WHA , C  , 78.0, 11.0,  19.0,  30.0,  96.0, -26.0,  2.0,     ,  0.0,     ,     ,    , 108.0,       ,      ,      ,        ,        ,        ,        ,        ,        ,        ,        ,      
fitchbo01, 1975,     1, IND , WHA , C  , 52.0, 15.0,  16.0,  31.0, 112.0, 0.0  ,  5.0,     ,  0.0,     ,  2.0,    ,  74.0,       ,      ,      ,        ,        ,        ,        ,        ,        ,        ,        ,      
fitchbo01, 1975,     2, QUN , WHA , C  , 21.0,  7.0,   9.0,  16.0,  22.0, 8.0  ,  0.0,     ,  0.0,     ,  0.0,    ,  34.0,    5.0,   1.0,   0.0,     1.0,     8.0, -3.0   ,        ,        ,        ,        ,        ,      
fitchbo01, 1976,     1, QUN , WHA , C  , 81.0,  9.0,  30.0,  39.0, 105.0, 1.0  ,  1.0,     ,  0.0,     ,     ,    , 110.0,   17.0,   3.0,   3.0,     6.0,    16.0, 1.0    ,        ,        ,        ,        ,     0.0,      
fitchbo01, 1977,     1, QUN , WHA , C  , 72.0, 15.0,  28.0,  43.0,  76.0, -5.0 ,  2.0,     ,  1.0,     ,     ,    , 125.0,   11.0,   1.0,   6.0,     7.0,    10.0, -3.0   ,        ,        ,        ,        ,     0.0,      
fitchbo01, 1978,     1, QUN , WHA , C  , 79.0, 10.0,  35.0,  45.0,  69.0, -3.0 ,  1.0,     ,  0.0,     ,     ,    , 115.0,    4.0,   1.0,   3.0,     4.0,     0.0, -2.0   ,        ,        ,        ,        ,     0.0,      
fitchbo01, 1979,     1, QUE , NHL , C  , 70.0, 11.0,  20.0,  31.0,  59.0, -24.0,  5.0,     ,  1.0,     ,  0.0, 0.0,  88.0,       ,      ,      ,        ,        ,        ,        ,        ,        ,        ,        ,      
fitchbo01, 1980,     1, QUE , NHL , C  ,  8.0,  1.0,   0.0,   1.0,   0.0, -1.0 ,  0.0,     ,  0.0,     ,  0.0, 0.0,   1.0,    3.0,   0.0,   0.0,     0.0,    10.0,        ,     0.0,        ,     0.0,        ,     0.0,      
fitzgru01, 1994,     1, PIT , NHL , L  ,  4.0,  1.0,   0.0,   1.0,   0.0, 2.0  ,  0.0,  0.0,  0.0,  0.0,  0.0, 0.0,   5.0,    5.0,   0.0,   0.0,     0.0,     4.0, -1.0   ,     0.0,     0.0,     0.0,     0.0,     0.0,     0.0
fitzgru01, 1995,     1, PIT , NHL , C  , 21.0,  1.0,   2.0,   3.0,  12.0, 7.0  ,  0.0,  0.0,  0.0,  0.0,  0.0, 0.0,  15.0,       ,      ,      ,        ,        ,        ,        ,        ,        ,        ,        ,      
fitzgto01, 1988,     1, NYI , NHL , C  , 23.0,  3.0,   5.0,   8.0,  10.0, 1.0  ,  0.0,  0.0,  0.0,  0.0,  1.0, 0.0,  24.0,       ,      ,      ,        ,        ,        ,        ,        ,        ,        ,        ,      
fitzgto01, 1989,     1, NYI , NHL , C  , 19.0,  2.0,   5.0,   7.0,   4.0, -3.0 ,  0.0,  0.0,  0.0,  0.0,  1.0, 0.0,  24.0,    4.0,   1.0,   0.0,     1.0,     4.0, 0.0    ,     0.0,     0.0,     0.0,     0.0,     0.0,     3.0
fitzgto01, 1990,     1, NYI , NHL , C  , 41.0,  5.0,   5.0,  10.0,  24.0, -9.0 ,  0.0,  0.0,  0.0,  0.0,  2.0, 0.0,  60.0,       ,      ,      ,        ,        ,        ,        ,        ,        ,        ,        ,      
fitzgto01, 1991,     1, NYI , NHL , C  , 45.0,  6.0,  11.0,  17.0,  28.0, -3.0 ,  0.0,  0.0,  2.0,  1.0,  2.0, 0.0,  71.0,       ,      ,      ,        ,        ,        ,        ,        ,        ,        ,        ,      
fitzgto01, 1992,     1, NYI , NHL , C  , 77.0,  9.0,  18.0,  27.0,  34.0, -2.0 ,  0.0,  1.0,  3.0,  2.0,  1.0, 0.0,  83.0,   18.0,   2.0,   5.0,     7.0,    18.0, 2.0    ,     0.0,     0.0,     2.0,     2.0,     0.0,    21.0
fitzgto01, 1993,     1, FLO , NHL , C  , 83.0, 18.0,  14.0,  32.0,  54.0, -3.0 ,  0.0,  3.0,  3.0,  1.0,  1.0, 0.0, 144.0,       ,      ,      ,        ,        ,        ,        ,        ,        ,        ,        ,      
fitzgto01, 1994,     1, FLO , NHL , R  , 48.0,  3.0,  13.0,  16.0,  31.0, -3.0 ,  0.0,  0.0,  0.0,  0.0,  0.0, 0.0,  78.0,       ,      ,      ,        ,        ,        ,        ,        ,        ,        ,        ,      
fitzgto01, 1995,     1, FLO , NHL , C  , 82.0, 13.0,  21.0,  34.0,  75.0, -3.0 ,  1.0,  1.0,  6.0,  0.0,  2.0, 0.0, 141.0,   22.0,   4.0,   4.0,     8.0,    34.0, 3.0    ,     0.0,     0.0,     0.0,     0.0,     2.0,    31.0
fitzgto01, 1996,     1, FLO , NHL , C  , 71.0, 10.0,  14.0,  24.0,  64.0, 7.0  ,  0.0,  0.0,  2.0,  1.0,  1.0, 1.0, 135.0,    5.0,   0.0,   1.0,     1.0,     0.0, -1.0   ,     0.0,     0.0,     0.0,     0.0,     0.0,    14.0
fitzgto01, 1997,     1, FLO , NHL , C  , 69.0, 10.0,   5.0,  15.0,  57.0, -4.0 ,  0.0,  0.0,  1.0,  0.0,  1.0, 0.0, 105.0,       ,      ,      ,        ,        ,        ,        ,        ,        ,        ,        ,      
fitzgto01, 1997,     2, COL , NHL , C  , 11.0,  2.0,   1.0,   3.0,  22.0, 0.0  ,  0.0,  0.0,  1.0,  0.0,  0.0, 0.0,  14.0,    7.0,   0.0,   1.0,     1.0,    20.0, -2.0   ,     0.0,     0.0,     0.0,     0.0,     0.0,     8.0
fitzgto01, 1998,     1, NAS , NHL , R  , 80.0, 13.0,  19.0,  32.0,  48.0, -18.0,  0.0,  2.0,  0.0,  2.0,  1.0, 0.0, 180.0,       ,      ,      ,        ,        ,        ,        ,        ,        ,        ,        ,      
fitzgto01, 1999,     1, NAS , NHL , R  , 82.0, 13.0,   9.0,  22.0,  66.0, -18.0,  0.0,  0.0,  3.0,  1.0,  1.0, 0.0, 119.0,       ,      ,      ,        ,        ,        ,        ,        ,        ,        ,        ,      
fitzgto01, 2000,     1, NAS , NHL , L  , 82.0,  9.0,   9.0,  18.0,  71.0, -5.0 ,  0.0,  0.0,  2.0,  2.0,  2.0, 0.0, 135.0,       ,      ,      ,        ,        ,        ,        ,        ,        ,        ,        ,      
fitzgto01, 2001,     1, NAS , NHL , R  , 63.0,  7.0,   9.0,  16.0,  33.0, -4.0 ,  0.0,  0.0,  1.0,  1.0,  0.0, 0.0, 101.0,       ,      ,      ,        ,        ,        ,        ,        ,        ,        ,        ,      
fitzgto01, 2001,     2, CHI , NHL , R  , 15.0,  1.0,   3.0,   4.0,   6.0, -3.0 ,  0.0,  0.0,  1.0,  0.0,  0.0, 0.0,  24.0,    5.0,   0.0,   0.0,     0.0,     4.0, -2.0   ,     0.0,     0.0,     0.0,     0.0,     0.0,     2.0
fitzgto01, 2002,     1, TOR , NHL , L  , 66.0,  4.0,  13.0,  17.0,  57.0, 10.0 ,  0.0,  0.0,  0.0,  0.0,  0.0, 0.0,  89.0,    7.0,   0.0,   1.0,     1.0,     4.0, -2.0   ,     0.0,     0.0,     0.0,     0.0,     0.0,    12.0
fitzgto01, 2003,     1, TOR , NHL , C  , 69.0,  7.0,  10.0,  17.0,  52.0, -2.0 ,  1.0,  0.0,  0.0,  0.0,  1.0, 0.0,  81.0,   10.0,   0.0,   0.0,     0.0,     6.0, 0.0    ,     0.0,     0.0,     0.0,     0.0,     0.0,     9.0
fitzgto01, 2005,     1, BOS , NHL , R  , 71.0,  4.0,   6.0,  10.0,  40.0, -10.0,  0.0,  0.0,  0.0,  1.0,  0.0,    ,  50.0,       ,      ,      ,        ,        ,        ,        ,        ,        ,        ,        ,      
fitzgza01, 2007,     1, VAN , NHL , D  ,  1.0,  0.0,   0.0,   0.0,   0.0, 0.0  ,  0.0,  0.0,  0.0,  0.0,  0.0,    ,   1.0,       ,      ,      ,        ,        ,        ,        ,        ,        ,        ,        ,      
fitzpma01, 1988,     1, LAK , NHL , G  , 17.0,  0.0,   1.0,   1.0,   2.0, 0.0  ,  0.0,     ,  0.0,     ,  0.0, 0.0,   0.0,       ,      ,      ,        ,        ,        ,        ,        ,        ,        ,        ,      
fitzpma01, 1988,     2, NYI , NHL , G  , 11.0,  0.0,   1.0,   1.0,   2.0, 0.0  ,  0.0,     ,  0.0,     ,  0.0, 0.0,   0.0,       ,      ,      ,        ,        ,        ,        ,        ,        ,        ,        ,      
fitzpma01, 1989,     1, NYI , NHL , G  , 47.0,  0.0,   2.0,   2.0,  18.0, 0.0  ,  0.0,     ,  0.0,     ,  0.0, 0.0,   0.0,    4.0,   0.0,   0.0,     0.0,    19.0, 0.0    ,     0.0,     0.0,     0.0,     0.0,     0.0,     0.0
fitzpma01, 1990,     1, NYI , NHL , G  ,  2.0,  0.0,   0.0,   0.0,   0.0, 0.0  ,  0.0,  0.0,  0.0,  0.0,  0.0, 0.0,   0.0,       ,      ,      ,        ,        ,        ,        ,        ,        ,        ,        ,      
fitzpma01, 1991,     1, NYI , NHL , G  , 30.0,  0.0,   2.0,   2.0,   8.0, 0.0  ,  0.0,  0.0,  0.0,  1.0,  0.0, 0.0,   0.0,       ,      ,      ,        ,        ,        ,        ,        ,        ,        ,        ,      
fitzpma01, 1992,     1, NYI , NHL , G  , 39.0,  0.0,   1.0,   1.0,   2.0, 0.0  ,  0.0,  0.0,  0.0,  0.0,  0.0, 0.0,   0.0,    3.0,   0.0,   0.0,     0.0,     2.0, 0.0    ,     0.0,     0.0,     0.0,     0.0,     0.0,     0.0
fitzpma01, 1993,     1, FLO , NHL , G  , 28.0,  0.0,   2.0,   2.0,   4.0, 0.0  ,  0.0,  0.0,  0.0,  0.0,  0.0, 0.0,   0.0,       ,      ,      ,        ,        ,        ,        ,        ,        ,        ,        ,      
fitzpma01, 1994,     1, FLO , NHL , G  , 15.0,  0.0,   0.0,   0.0,   0.0, 0.0  ,  0.0,  0.0,  0.0,  0.0,  0.0, 0.0,   0.0,       ,      ,      ,        ,        ,        ,        ,        ,        ,        ,        ,      
fitzpma01, 1995,     1, FLO , NHL , G  , 34.0,  0.0,   0.0,   0.0,  12.0, 0.0  ,  0.0,  0.0,  0.0,  0.0,  0.0, 0.0,   0.0,    2.0,   0.0,   0.0,     0.0,     0.0, 0.0    ,     0.0,     0.0,     0.0,     0.0,     0.0,     0.0
fitzpma01, 1996,     1, FLO , NHL , G  , 30.0,  0.0,   1.0,   1.0,  13.0, 0.0  ,  0.0,  0.0,  0.0,  0.0,  0.0, 0.0,   0.0,       ,      ,      ,        ,        ,        ,        ,        ,        ,        ,        ,      
fitzpma01, 1997,     1, FLO , NHL , G  , 12.0,  0.0,   0.0,   0.0,   2.0, 0.0  ,  0.0,  0.0,  0.0,  0.0,  0.0, 0.0,   0.0,       ,      ,      ,        ,        ,        ,        ,        ,        ,        ,        ,      
fitzpma01, 1997,     2, TBL , NHL , G  , 34.0,  0.0,   1.0,   1.0,  14.0, 0.0  ,  0.0,  0.0,  0.0,  0.0,  0.0, 0.0,   0.0,       ,      ,      ,        ,        ,        ,        ,        ,        ,        ,        ,      
fitzpma01, 1998,     1, CHI , NHL , G  , 27.0,  0.0,   1.0,   1.0,   8.0, 0.0  ,  0.0,  0.0,  0.0,  0.0,  0.0, 0.0,   0.0,       ,      ,      ,        ,        ,        ,        ,        ,        ,        ,        ,      
fitzpma01, 1999,     1, CAR , NHL , G  ,  3.0,  0.0,   0.0,   0.0,   0.0, 0.0  ,  0.0,  0.0,  0.0,  0.0,  0.0, 0.0,   0.0,       ,      ,      ,        ,        ,        ,        ,        ,        ,        ,        ,      
fitzpro01, 1982,     1, PHI , NHL , C  ,  1.0,  0.0,   0.0,   0.0,   0.0, -1.0 ,  0.0,     ,  0.0,     ,  0.0, 0.0,   3.0,       ,      ,      ,        ,        ,        ,        ,        ,        ,        ,        ,      
fitzpro01, 1983,     1, PHI , NHL , C  , 12.0,  4.0,   2.0,   6.0,   0.0, 4.0  ,  0.0,     ,  0.0,     ,  1.0, 0.0,  21.0,       ,      ,      ,        ,        ,        ,        ,        ,        ,        ,        ,      
fitzpro01, 1984,     1, PHI , NHL , C  ,  5.0,  1.0,   0.0,   1.0,   0.0, -3.0 ,  1.0,     ,  0.0,     ,  0.0, 0.0,  10.0,       ,      ,      ,        ,        ,        ,        ,        ,        ,        ,        ,      
fitzpro01, 1985,     1, PHI , NHL , C  ,  2.0,  0.0,   0.0,   0.0,   0.0, -1.0 ,  0.0,     ,  0.0,     ,  0.0, 0.0,   0.0,       ,      ,      ,        ,        ,        ,        ,        ,        ,        ,        ,      
fitzpro02, 1995,     1, MTL , NHL , D  , 42.0,  0.0,   2.0,   2.0,  18.0, -7.0 ,  0.0,  1.0,  0.0,  0.0,  0.0, 0.0,  31.0,    6.0,   1.0,   1.0,     2.0,     0.0, -1.0   ,     0.0,     0.0,     0.0,     0.0,     0.0,     5.0
fitzpro02, 1996,     1, MTL , NHL , D  ,  6.0,  0.0,   1.0,   1.0,   6.0, -2.0 ,  0.0,  0.0,  0.0,  0.0,  0.0, 0.0,   5.0,       ,      ,      ,        ,        ,        ,        ,        ,        ,        ,        ,      
fitzpro02, 1996,     2, STL , NHL , D  ,  2.0,  0.0,   0.0,   0.0,   2.0, -2.0 ,  0.0,  0.0,  0.0,  0.0,  0.0, 0.0,   1.0,       ,      ,      ,        ,        ,        ,        ,        ,        ,        ,        ,      
fitzpro02, 1998,     1, STL , NHL , D  ,  1.0,  0.0,   0.0,   0.0,   2.0, -3.0 ,  0.0,  0.0,  0.0,  0.0,  0.0, 0.0,   0.0,       ,      ,      ,        ,        ,        ,        ,        ,        ,        ,        ,      
fitzpro02, 2000,     1, NAS , NHL , D  ,  2.0,  0.0,   0.0,   0.0,   2.0, -2.0 ,  0.0,  0.0,  0.0,  0.0,  0.0, 0.0,   0.0,       ,      ,      ,        ,        ,        ,        ,        ,        ,        ,        ,      
fitzpro02, 2001,     1, BUF , NHL , D  ,  5.0,  0.0,   0.0,   0.0,   4.0, -2.0 ,  0.0,  0.0,  0.0,  0.0,  0.0, 0.0,   2.0,       ,      ,      ,        ,        ,        ,        ,        ,        ,        ,        ,      
fitzpro02, 2002,     1, BUF , NHL , D  , 36.0,  1.0,   3.0,   4.0,  16.0, -7.0 ,  0.0,  2.0,  0.0,  0.0,  0.0, 0.0,  29.0,       ,      ,      ,        ,        ,        ,        ,        ,        ,        ,        ,      
fitzpro02, 2003,     1, BUF , NHL , D  , 60.0,  4.0,   7.0,  11.0,  44.0, -5.0 ,  2.0,  2.0,  0.0,  0.0,  2.0, 0.0,  78.0,       ,      ,      ,        ,        ,        ,        ,        ,        ,        ,        ,      
fitzpro02, 2005,     1, BUF , NHL , D  , 56.0,  4.0,   5.0,   9.0,  50.0, -18.0,  2.0,  3.0,  0.0,  0.0,  1.0,    ,  45.0,   11.0,   0.0,   4.0,     4.0,    16.0, -1.0   ,     0.0,     3.0,     0.0,     0.0,     0.0,     3.0
fitzpro02, 2006,     1, VAN , NHL , D  , 58.0,  1.0,   6.0,   7.0,  46.0, 12.0 ,  0.0,  0.0,  0.0,  2.0,  1.0,    ,  41.0,    3.0,   0.0,   0.0,     0.0,     6.0, -1.0   ,     0.0,     0.0,     0.0,     0.0,     0.0,     0.0
fitzpro02, 2007,     1, PHI , NHL , D  , 19.0,  0.0,   1.0,   1.0,  11.0, -12.0,  0.0,  0.0,  0.0,  0.0,  0.0,    ,  10.0,       ,      ,      ,        ,        ,        ,        ,        ,        ,        ,        ,      
fitzpsa01, 1964,     1, NYR , NHL , C  ,  4.0,  0.0,   0.0,   0.0,   2.0,      ,  0.0,     ,  0.0,     ,  0.0, 0.0,      ,       ,      ,      ,        ,        ,        ,        ,        ,        ,        ,        ,      
fitzpsa01, 1967,     1, MNS , NHL , C  , 18.0,  3.0,   6.0,   9.0,   6.0, 0.0  ,  0.0,     ,  0.0,     ,  0.0, 1.0,  26.0,   12.0,   0.0,   0.0,     0.0,     0.0,        ,     0.0,        ,     0.0,        ,     0.0,      
flahewa01, 1991,     1, SJS , NHL , G  ,  3.0,  0.0,   0.0,   0.0,   0.0, 0.0  ,  0.0,  0.0,  0.0,  0.0,  0.0, 0.0,   0.0,       ,      ,      ,        ,        ,        ,        ,        ,        ,        ,        ,      
flahewa01, 1992,     1, SJS , NHL , G  ,  1.0,  0.0,   0.0,   0.0,   0.0, 0.0  ,  0.0,  0.0,  0.0,  0.0,  0.0, 0.0,   0.0,       ,      ,      ,        ,        ,        ,        ,        ,        ,        ,        ,      
flahewa01, 1994,     1, SJS , NHL , G  , 18.0,  0.0,   1.0,   1.0,   0.0, 0.0  ,  0.0,  0.0,  0.0,  0.0,  0.0, 0.0,   0.0,    7.0,   0.0,   0.0,     0.0,     0.0, 0.0    ,     0.0,     0.0,     0.0,     0.0,     0.0,     0.0
flahewa01, 1995,     1, SJS , NHL , G  , 24.0,  0.0,   0.0,   0.0,   0.0, 0.0  ,  0.0,  0.0,  0.0,  0.0,  0.0, 0.0,   0.0,       ,      ,      ,        ,        ,        ,        ,        ,        ,        ,        ,      
flahewa01, 1996,     1, SJS , NHL , G  ,  7.0,  0.0,   0.0,   0.0,   0.0, 0.0  ,  0.0,  0.0,  0.0,  0.0,  0.0, 0.0,   0.0,       ,      ,      ,        ,        ,        ,        ,        ,        ,        ,        ,      
flahewa01, 1997,     1, NYI , NHL , G  , 16.0,  0.0,   1.0,   1.0,   0.0, 0.0  ,  0.0,  0.0,  0.0,  1.0,  0.0, 0.0,   0.0,       ,      ,      ,        ,        ,        ,        ,        ,        ,        ,        ,      
flahewa01, 1998,     1, NYI , NHL , G  , 20.0,  0.0,   0.0,   0.0,   4.0, 0.0  ,  0.0,  0.0,  0.0,  0.0,  0.0, 0.0,   0.0,       ,      ,      ,        ,        ,        ,        ,        ,        ,        ,        ,      
flahewa01, 1999,     1, NYI , NHL , G  ,  4.0,  0.0,   0.0,   0.0,   0.0, 0.0  ,  0.0,  0.0,  0.0,  0.0,  0.0, 0.0,   0.0,       ,      ,      ,        ,        ,        ,        ,        ,        ,        ,        ,      
flahewa01, 2000,     1, NYI , NHL , G  , 20.0,  0.0,   0.0,   0.0,   2.0, 0.0  ,  0.0,  0.0,  0.0,  0.0,  0.0, 0.0,   0.0,       ,      ,      ,        ,        ,        ,        ,        ,        ,        ,        ,      
flahewa01, 2000,     2, TBL , NHL , G  ,  2.0,  0.0,   0.0,   0.0,   0.0, 0.0  ,  0.0,  0.0,  0.0,  0.0,  0.0, 0.0,   0.0,       ,      ,      ,        ,        ,        ,        ,        ,        ,        ,        ,      
flahewa01, 2001,     1, FLO , NHL , G  ,  4.0,  0.0,   0.0,   0.0,   0.0, 0.0  ,  0.0,  0.0,  0.0,  0.0,  0.0, 0.0,   0.0,       ,      ,      ,        ,        ,        ,        ,        ,        ,        ,        ,      
flahewa01, 2002,     1, NAS , NHL , G  ,  1.0,  0.0,   1.0,   1.0,   0.0, 0.0  ,  0.0,  0.0,  0.0,  0.0,  0.0, 0.0,   0.0,       ,      ,      ,        ,        ,        ,        ,        ,        ,        ,        ,      
flamafe01, 1944,     1, BOS , NHL , D  ,  1.0,  0.0,   0.0,   0.0,   0.0,      ,     ,     ,     ,     ,     ,    ,      ,       ,      ,      ,        ,        ,        ,        ,        ,        ,        ,        ,      
flamafe01, 1945,     1, BOS , NHL , D  ,  1.0,  0.0,   0.0,   0.0,   0.0,      ,     ,     ,     ,     ,     ,    ,      ,       ,      ,      ,        ,        ,        ,        ,        ,        ,        ,        ,      
flamafe01, 1946,     1, BOS , NHL , D  , 23.0,  1.0,   4.0,   5.0,  41.0,      ,     ,     ,     ,     ,     ,    ,      ,    5.0,   0.0,   0.0,     0.0,     8.0,        ,        ,        ,        ,        ,        ,      
flamafe01, 1947,     1, BOS , NHL , D  , 56.0,  4.0,   6.0,  10.0,  69.0,      ,     ,     ,     ,     ,     ,    ,      ,    5.0,   0.0,   0.0,     0.0,    12.0,        ,        ,        ,        ,        ,        ,      
flamafe01, 1948,     1, BOS , NHL , D  , 60.0,  4.0,  12.0,  16.0,  62.0,      ,     ,     ,     ,     ,     ,    ,      ,    5.0,   0.0,   1.0,     1.0,     8.0,        ,        ,        ,        ,        ,        ,      
flamafe01, 1949,     1, BOS , NHL , D  , 69.0,  2.0,   5.0,   7.0, 122.0,      ,     ,     ,     ,     ,     ,    ,      ,       ,      ,      ,        ,        ,        ,        ,        ,        ,        ,        ,      
flamafe01, 1950,     1, BOS , NHL , D  , 14.0,  1.0,   1.0,   2.0,  37.0,      ,     ,     ,     ,     ,     ,    ,      ,       ,      ,      ,        ,        ,        ,        ,        ,        ,        ,        ,      
flamafe01, 1950,     2, TOR , NHL , D  , 39.0,  2.0,   6.0,   8.0,  64.0,      ,     ,     ,     ,     ,     ,    ,      ,    9.0,   1.0,   0.0,     1.0,     8.0,        ,        ,        ,        ,        ,        ,      
flamafe01, 1951,     1, TOR , NHL , D  , 61.0,  0.0,   7.0,   7.0, 110.0,      ,     ,     ,     ,     ,     ,    ,      ,    4.0,   0.0,   2.0,     2.0,    18.0,        ,        ,        ,        ,        ,        ,      
flamafe01, 1952,     1, TOR , NHL , D  , 66.0,  2.0,   6.0,   8.0, 110.0,      ,     ,     ,     ,     ,     ,    ,      ,       ,      ,      ,        ,        ,        ,        ,        ,        ,        ,        ,      
flamafe01, 1953,     1, TOR , NHL , D  , 62.0,  0.0,   8.0,   8.0,  84.0,      ,     ,     ,     ,     ,     ,    ,      ,    2.0,   0.0,   0.0,     0.0,     0.0,        ,        ,        ,        ,        ,        ,      
flamafe01, 1954,     1, BOS , NHL , D  , 70.0,  4.0,  14.0,  18.0, 150.0,      ,     ,     ,     ,     ,     ,    ,      ,    4.0,   1.0,   0.0,     1.0,     2.0,        ,        ,        ,        ,        ,        ,      
flamafe01, 1955,     1, BOS , NHL , D  , 62.0,  4.0,  17.0,  21.0,  70.0,      ,     ,     ,     ,     ,     ,    ,      ,       ,      ,      ,        ,        ,        ,        ,        ,        ,        ,        ,      
flamafe01, 1956,     1, BOS , NHL , D  , 68.0,  6.0,  25.0,  31.0, 108.0,      ,     ,     ,     ,     ,     ,    ,      ,   10.0,   0.0,   3.0,     3.0,    19.0,        ,        ,        ,        ,        ,        ,      
flamafe01, 1957,     1, BOS , NHL , D  , 66.0,  0.0,  15.0,  15.0,  71.0,      ,     ,     ,     ,     ,     ,    ,      ,   12.0,   2.0,   2.0,     4.0,    10.0,        ,        ,        ,        ,        ,        ,      
flamafe01, 1958,     1, BOS , NHL , D  , 70.0,  0.0,  21.0,  21.0, 101.0,      ,     ,     ,     ,     ,     ,    ,      ,    7.0,   0.0,   0.0,     0.0,     8.0,        ,        ,        ,        ,        ,        ,      
flamafe01, 1959,     1, BOS , NHL , D  , 60.0,  2.0,  18.0,  20.0, 112.0,      ,     ,     ,     ,     ,     ,    ,      ,       ,      ,      ,        ,        ,        ,        ,        ,        ,        ,        ,      
flamafe01, 1960,     1, BOS , NHL , D  , 62.0,  2.0,   9.0,  11.0,  59.0,      ,     ,     ,     ,     ,     ,    ,      ,       ,      ,      ,        ,        ,        ,        ,        ,        ,        ,        ,      
flatlpa01, 1983,     1, NYI , NHL , R  , 16.0,  2.0,   7.0,   9.0,   6.0, 3.0  ,  1.0,     ,  0.0,     ,  0.0, 0.0,  17.0,   21.0,   9.0,   6.0,    15.0,    14.0, 6.0    ,     1.0,        ,     0.0,        ,     1.0,    30.0
flatlpa01, 1984,     1, NYI , NHL , R  , 78.0, 20.0,  31.0,  51.0, 106.0, -8.0 ,  2.0,     ,  0.0,     ,  4.0, 0.0, 135.0,    4.0,   1.0,   0.0,     1.0,     6.0, -2.0   ,     0.0,        ,     0.0,        ,     0.0,     6.0
flatlpa01, 1985,     1, NYI , NHL , R  , 73.0, 18.0,  34.0,  52.0,  66.0, 20.0 ,  6.0,     ,  0.0,     ,  2.0, 0.0, 120.0,    3.0,   0.0,   0.0,     0.0,    21.0, -2.0   ,     0.0,        ,     0.0,        ,     0.0,     4.0
flatlpa01, 1986,     1, NYI , NHL , R  , 63.0, 16.0,  35.0,  51.0,  81.0, 17.0 ,  6.0,     ,  0.0,     ,  4.0, 1.0, 113.0,   11.0,   3.0,   2.0,     5.0,     6.0, -2.0   ,     0.0,        ,     0.0,        ,     0.0,    18.0
flatlpa01, 1987,     1, NYI , NHL , R  , 40.0,  9.0,  15.0,  24.0,  28.0, 7.0  ,  5.0,  4.0,  1.0,  0.0,  0.0, 0.0,  83.0,       ,      ,      ,        ,        ,        ,        ,        ,        ,        ,        ,      
flatlpa01, 1988,     1, NYI , NHL , R  , 41.0, 10.0,  15.0,  25.0,  31.0, -5.0 ,  2.0,  3.0,  1.0,  0.0,  1.0, 0.0,  72.0,       ,      ,      ,        ,        ,        ,        ,        ,        ,        ,        ,      
flatlpa01, 1989,     1, NYI , NHL , R  , 62.0, 17.0,  32.0,  49.0, 101.0, 10.0 ,  4.0, 10.0,  0.0,  0.0,  2.0, 0.0, 136.0,    5.0,   3.0,   0.0,     3.0,     2.0, 1.0    ,     2.0,     0.0,     0.0,     0.0,     0.0,    12.0
flatlpa01, 1990,     1, NYI , NHL , R  , 56.0, 20.0,  25.0,  45.0,  74.0, -2.0 ,  8.0,  7.0,  0.0,  0.0,  4.0, 0.0, 137.0,       ,      ,      ,        ,        ,        ,        ,        ,        ,        ,        ,      
flatlpa01, 1991,     1, NYI , NHL , R  , 38.0,  8.0,  28.0,  36.0,  31.0, 14.0 ,  4.0,  3.0,  1.0,  1.0,  0.0, 0.0,  76.0,       ,      ,      ,        ,        ,        ,        ,        ,        ,        ,        ,      
flatlpa01, 1992,     1, NYI , NHL , R  , 80.0, 13.0,  47.0,  60.0,  63.0, 5.0  ,  1.0,  9.0,  2.0,  1.0,  1.0, 0.0, 139.0,   15.0,   2.0,   7.0,     9.0,    12.0, 1.0    ,     0.0,     1.0,     0.0,     0.0,     1.0,    29.0
flatlpa01, 1993,     1, NYI , NHL , R  , 64.0, 12.0,  30.0,  42.0,  40.0, 12.0 ,  2.0,  2.0,  1.0,  1.0,  2.0, 0.0, 112.0,       ,      ,      ,        ,        ,        ,        ,        ,        ,        ,        ,      
flatlpa01, 1994,     1, NYI , NHL , R  , 45.0,  7.0,  20.0,  27.0,  12.0, 9.0  ,  1.0,  1.0,  0.0,  0.0,  1.0, 0.0,  81.0,       ,      ,      ,        ,        ,        ,        ,        ,        ,        ,        ,      
flatlpa01, 1995,     1, NYI , NHL , R  , 56.0,  8.0,   9.0,  17.0,  21.0, -24.0,  0.0,  3.0,  0.0,  0.0,  0.0, 0.0,  89.0,       ,      ,      ,        ,        ,        ,        ,        ,        ,        ,        ,      
flatlpa01, 1996,     1, NYR , NHL , R  , 68.0, 10.0,  12.0,  22.0,  26.0, 6.0  ,  0.0,  1.0,  0.0,  0.0,  2.0, 0.0,  96.0,   11.0,   0.0,   0.0,     0.0,    14.0, 2.0    ,     0.0,     0.0,     0.0,     0.0,     0.0,    14.0
fleisto01, 2005,     1, WAS , NHL , C  , 14.0,  0.0,   2.0,   2.0,   0.0, -7.0 ,  0.0,  1.0,  0.0,  0.0,  0.0,    ,  11.0,       ,      ,      ,        ,        ,        ,        ,        ,        ,        ,        ,      
fleisto01, 2006,     1, WAS , NHL , C  , 29.0,  4.0,   4.0,   8.0,   8.0, -6.0 ,  1.0,  0.0,  0.0,  0.0,  1.0,    ,  52.0,       ,      ,      ,        ,        ,        ,        ,        ,        ,        ,        ,      
fleisto01, 2007,     1, WAS , NHL , R  , 75.0, 10.0,  20.0,  30.0,  18.0, -7.0 ,  1.0,  8.0,  0.0,  0.0,  1.0,    , 107.0,    2.0,   0.0,   0.0,     0.0,     0.0, -2.0   ,     0.0,     0.0,     0.0,     0.0,     0.0,     1.0
fleisto01, 2008,     1, WAS , NHL , R  , 73.0, 19.0,  18.0,  37.0,  20.0, -3.0 ,  7.0,  4.0,  0.0,  0.0,  4.0,    , 131.0,   14.0,   3.0,   1.0,     4.0,     4.0, 0.0    ,     1.0,     0.0,     0.0,     0.0,     1.0,    22.0
fleisto01, 2009,     1, WAS , NHL , L  , 69.0, 23.0,  28.0,  51.0,  28.0, 9.0  ,  7.0, 13.0,  0.0,  0.0,  4.0,    , 121.0,    6.0,   0.0,   1.0,     1.0,     6.0, -1.0   ,     0.0,     0.0,     0.0,     0.0,     0.0,     8.0
flemige01, 1993,     1, MTL , NHL , L  ,  5.0,  0.0,   0.0,   0.0,  25.0, -4.0 ,  0.0,  0.0,  0.0,  0.0,  0.0, 0.0,   4.0,       ,      ,      ,        ,        ,        ,        ,        ,        ,        ,        ,      
flemige01, 1994,     1, MTL , NHL , L  ,  6.0,  0.0,   0.0,   0.0,  17.0, -1.0 ,  0.0,  0.0,  0.0,  0.0,  0.0, 0.0,   1.0,       ,      ,      ,        ,        ,        ,        ,        ,        ,        ,        ,      
flemire01, 1959,     1, MTL , NHL , L  ,  3.0,  0.0,   0.0,   0.0,   2.0,      ,     ,     ,     ,     ,     ,    ,      ,       ,      ,      ,        ,        ,        ,        ,        ,        ,        ,        ,      
flemire01, 1960,     1, CHI , NHL , W/D, 66.0,  4.0,   4.0,   8.0, 145.0,      ,     ,     ,     ,     ,     ,    ,      ,   12.0,   1.0,   0.0,     1.0,    12.0,        ,        ,        ,        ,        ,     0.0,      
flemire01, 1961,     1, CHI , NHL , W/D, 70.0,  7.0,   9.0,  16.0,  71.0,      ,     ,     ,     ,     ,     ,    ,      ,   12.0,   2.0,   2.0,     4.0,    27.0,        ,        ,        ,        ,        ,     1.0,      
flemire01, 1962,     1, CHI , NHL , W/D, 64.0,  7.0,   7.0,  14.0,  99.0,      ,     ,     ,     ,     ,     ,    ,      ,    6.0,   0.0,   0.0,     0.0,    27.0,        ,        ,        ,        ,        ,     0.0,      
flemire01, 1963,     1, CHI , NHL , L  , 61.0,  3.0,   6.0,   9.0, 140.0,      ,  0.0,     ,  0.0,     ,  1.0, 0.0,      ,    7.0,   0.0,   0.0,     0.0,    18.0,        ,        ,        ,        ,        ,     0.0,      
flemire01, 1964,     1, BOS , NHL , L  , 67.0, 18.0,  23.0,  41.0, 136.0,      ,  1.0,     ,  2.0,     ,  4.0, 2.0,      ,       ,      ,      ,        ,        ,        ,        ,        ,        ,        ,        ,      
flemire01, 1965,     1, BOS , NHL , L  , 34.0,  4.0,   6.0,  10.0,  42.0,      ,  0.0,     ,  0.0,     ,  1.0, 0.0,      ,       ,      ,      ,        ,        ,        ,        ,        ,        ,        ,        ,      
flemire01, 1965,     2, NYR , NHL , L  , 35.0, 10.0,  14.0,  24.0, 124.0,      ,  4.0,     ,  0.0,     ,  2.0, 0.0,      ,       ,      ,      ,        ,        ,        ,        ,        ,        ,        ,        ,      
flemire01, 1966,     1, NYR , NHL , L  , 61.0, 15.0,  16.0,  31.0, 146.0,      ,  2.0,     ,  0.0,     ,  1.0, 1.0,      ,    4.0,   0.0,   2.0,     2.0,    11.0,        ,        ,        ,        ,        ,     0.0,      
flemire01, 1967,     1, NYR , NHL , L  , 73.0, 17.0,   7.0,  24.0, 132.0, 1.0  ,  0.0,     ,  1.0,     ,  0.0, 1.0, 143.0,    6.0,   0.0,   2.0,     2.0,     4.0,        ,     0.0,        ,     0.0,        ,     0.0,      
flemire01, 1968,     1, NYR , NHL , L  , 72.0,  8.0,  12.0,  20.0, 138.0, -13.0,  2.0,     ,  0.0,     ,  1.0, 1.0, 117.0,    3.0,   0.0,   0.0,     0.0,     7.0,        ,     0.0,        ,     0.0,        ,     0.0,      
flemire01, 1969,     1, PHI , NHL , L  , 65.0,  9.0,  18.0,  27.0, 134.0, -4.0 ,  3.0,     ,  0.0,     ,  1.0, 2.0, 129.0,       ,      ,      ,        ,        ,        ,        ,        ,        ,        ,        ,      
flemire01, 1970,     1, BUF , NHL , L  , 78.0,  6.0,  10.0,  16.0, 159.0, -8.0 ,  0.0,     ,  0.0,     ,  0.0, 0.0,  54.0,       ,      ,      ,        ,        ,        ,        ,        ,        ,        ,        ,      
flemire01, 1972,     1, CHC , WHA , L  , 75.0, 23.0,  45.0,  68.0,  93.0,      ,  7.0,     ,  1.0,     ,  2.0,    ,      ,       ,      ,      ,        ,        ,        ,        ,        ,        ,        ,        ,      
flemire01, 1973,     1, CHC , WHA , R  , 45.0,  2.0,  12.0,  14.0,  49.0,      ,  1.0,     ,  0.0,     ,  2.0,    ,      ,   12.0,   0.0,   4.0,     4.0,    12.0,        ,        ,        ,        ,        ,     0.0,      
flescjo01, 1974,     1, MNS , NHL , L  , 57.0,  8.0,  15.0,  23.0,  42.0, -19.0,  2.0,     ,  0.0,     ,  1.0, 0.0,  77.0,       ,      ,      ,        ,        ,        ,        ,        ,        ,        ,        ,      
flescjo01, 1975,     1, MNS , NHL , L  , 33.0,  3.0,   2.0,   5.0,  47.0, -8.0 ,  1.0,     ,  0.0,     ,  0.0, 0.0,  26.0,       ,      ,      ,        ,        ,        ,        ,        ,        ,        ,        ,      
flescjo01, 1977,     1, PIT , NHL , L  , 29.0,  7.0,   5.0,  12.0,  19.0, -7.0 ,  0.0,     ,  0.0,     ,  2.0, 2.0,  34.0,       ,      ,      ,        ,        ,        ,        ,        ,        ,        ,        ,      
flescjo01, 1979,     1, COR , NHL , L  ,  5.0,  0.0,   1.0,   1.0,   4.0, -1.0 ,  0.0,     ,  0.0,     ,  0.0, 0.0,   3.0,       ,      ,      ,        ,        ,        ,        ,        ,        ,        ,        ,      
fletcst01, 1987,     1, MTL , NHL , L  ,     ,     ,      ,      ,      ,      ,     ,     ,     ,     ,     ,    ,      ,    1.0,   0.0,   0.0,     0.0,     5.0, 0.0    ,     0.0,     0.0,     0.0,     0.0,     0.0,     0.0
fletcst01, 1988,     1, WIN , NHL , L  ,  3.0,  0.0,   0.0,   0.0,   5.0, -1.0 ,  0.0,  0.0,  0.0,  0.0,  0.0, 0.0,   1.0,       ,      ,      ,        ,        ,        ,        ,        ,        ,        ,        ,      
flettbi01, 1967,     1, LAK , NHL , R  , 73.0, 26.0,  20.0,  46.0,  97.0, 4.0  ,  3.0,     ,  0.0,     ,  6.0, 1.0, 205.0,    7.0,   1.0,   2.0,     3.0,     8.0,        ,     0.0,        ,     0.0,        ,     0.0,      
flettbi01, 1968,     1, LAK , NHL , R  , 72.0, 24.0,  25.0,  49.0,  53.0, -24.0,  4.0,     ,  0.0,     ,  6.0, 1.0, 198.0,   10.0,   3.0,   4.0,     7.0,    11.0,        ,     1.0,        ,     0.0,        ,     1.0,      
flettbi01, 1969,     1, LAK , NHL , R  , 69.0, 14.0,  18.0,  32.0,  70.0, -27.0,  2.0,     ,  0.0,     ,  0.0, 1.0, 198.0,       ,      ,      ,        ,        ,        ,        ,        ,        ,        ,        ,      
flettbi01, 1970,     1, LAK , NHL , R  , 64.0, 13.0,  24.0,  37.0,  57.0, -30.0,  5.0,     ,  0.0,     ,  0.0, 1.0, 182.0,       ,      ,      ,        ,        ,        ,        ,        ,        ,        ,        ,      
flettbi01, 1971,     1, LAK , NHL , R  , 45.0,  7.0,  12.0,  19.0,  18.0, -30.0,  1.0,     ,  0.0,     ,  0.0, 0.0, 113.0,       ,      ,      ,        ,        ,        ,        ,        ,        ,        ,        ,      
flettbi01, 1971,     2, PHI , NHL , R  , 31.0, 11.0,  10.0,  21.0,  26.0, 5.0  ,  3.0,     ,  0.0,     ,  1.0, 1.0, 116.0,       ,      ,      ,        ,        ,        ,        ,        ,        ,        ,        ,      
flettbi01, 1972,     1, PHI , NHL , R  , 69.0, 43.0,  31.0,  74.0,  53.0, 31.0 , 11.0,     ,  3.0,     ,  6.0, 3.0, 283.0,   11.0,   3.0,   4.0,     7.0,     0.0,        ,     0.0,        ,     1.0,        ,     1.0,      
flettbi01, 1973,     1, PHI , NHL , R  , 67.0, 17.0,  27.0,  44.0,  51.0, 20.0 ,  1.0,     ,  1.0,     ,  5.0, 1.0, 222.0,   17.0,   0.0,   6.0,     6.0,    21.0,        ,     0.0,        ,     0.0,        ,     0.0,      
flettbi01, 1974,     1, TOR , NHL , R  , 77.0, 15.0,  25.0,  40.0,  38.0, 0.0  ,  4.0,     ,  3.0,     ,  2.0, 1.0, 186.0,    5.0,   0.0,   0.0,     0.0,     2.0,        ,     0.0,        ,     0.0,        ,     0.0,      
flettbi01, 1975,     1, ATF , NHL , R  , 78.0, 23.0,  17.0,  40.0,  30.0, 9.0  ,  1.0,     ,  2.0,     ,  3.0, 2.0, 171.0,    2.0,   0.0,   0.0,     0.0,     0.0,        ,     0.0,        ,     0.0,        ,     0.0,      
flettbi01, 1976,     1, ATF , NHL , R  , 24.0,  4.0,   4.0,   8.0,   6.0, 1.0  ,  1.0,     ,  0.0,     ,  1.0, 0.0,  35.0,       ,      ,      ,        ,        ,        ,        ,        ,        ,        ,        ,      
flettbi01, 1976,     2, EDO , WHA , R  , 48.0, 34.0,  20.0,  54.0,  20.0, 7.0  ,  7.0,     ,  0.0,     ,     ,    , 177.0,    5.0,   0.0,   2.0,     2.0,     2.0, -3.0   ,     0.0,        ,     0.0,        ,     0.0,      
flettbi01, 1977,     1, EDO , WHA , R  , 74.0, 41.0,  28.0,  69.0,  34.0, 9.0  ,  8.0,     ,  1.0,     ,     ,    , 224.0,       ,      ,      ,        ,        ,        ,        ,        ,        ,        ,        ,      
flettbi01, 1978,     1, EDO , WHA , R  , 73.0, 28.0,  36.0,  64.0,  14.0, 26.0 ,  9.0,     ,  0.0,     ,     ,    , 170.0,   10.0,   5.0,   2.0,     7.0,     2.0, 3.0    ,        ,        ,        ,        ,     1.0,      
flettbi01, 1979,     1, EDM , NHL , R  , 20.0,  5.0,   2.0,   7.0,   2.0, -17.0,  1.0,     ,  0.0,     ,  0.0, 0.0,  26.0,       ,      ,      ,        ,        ,        ,        ,        ,        ,        ,        ,      
fleurma01, 2003,     1, PIT , NHL , G  , 21.0,  0.0,   0.0,   0.0,   0.0, 0.0  ,  0.0,  0.0,  0.0,  0.0,  0.0, 0.0,   0.0,       ,      ,      ,        ,        ,        ,        ,        ,        ,        ,        ,      
fleurma01, 2005,     1, PIT , NHL , G  , 50.0,  0.0,   1.0,   1.0,   0.0, 0.0  ,  0.0,  1.0,  0.0,  0.0,  0.0,    ,   0.0,       ,      ,      ,        ,        ,        ,        ,        ,        ,        ,        ,      
fleurma01, 2006,     1, PIT , NHL , G  , 67.0,  0.0,   3.0,   3.0,   4.0, 0.0  ,  0.0,  3.0,  0.0,  0.0,  0.0,    ,   0.0,    5.0,   0.0,   0.0,     0.0,     0.0, 0.0    ,     0.0,     0.0,     0.0,     0.0,     0.0,     0.0
fleurma01, 2007,     1, PIT , NHL , G  , 35.0,  0.0,   1.0,   1.0,   0.0, 0.0  ,  0.0,  0.0,  0.0,  0.0,  0.0,    ,   0.0,   20.0,   0.0,   0.0,     0.0,     2.0, 0.0    ,     0.0,     0.0,     0.0,     0.0,     0.0,     0.0
fleurma01, 2008,     1, PIT , NHL , G  , 62.0,  0.0,   1.0,   1.0,   8.0, 0.0  ,  0.0,  0.0,  0.0,  0.0,  0.0,    ,   0.0,   24.0,   0.0,   0.0,     0.0,     2.0, 0.0    ,     0.0,     0.0,     0.0,     0.0,     0.0,     0.0
fleurma01, 2009,     1, PIT , NHL , G  , 67.0,  0.0,   1.0,   1.0,  10.0, 0.0  ,  0.0,  0.0,  0.0,  0.0,  0.0,    ,   0.0,   13.0,   0.0,   0.0,     0.0,     2.0, 0.0    ,     0.0,     0.0,     0.0,     0.0,     0.0,     0.0
fleurth01, 1988,     1, CAL , NHL , C  , 36.0, 14.0,  20.0,  34.0,  46.0, 5.0  ,  5.0, 12.0,  0.0,  0.0,  3.0, 0.0,  89.0,   22.0,   5.0,   6.0,    11.0,    24.0, -4.0   ,     3.0,     4.0,     0.0,     0.0,     3.0,    46.0
fleurth01, 1989,     1, CAL , NHL , R  , 80.0, 31.0,  35.0,  66.0, 157.0, 22.0 ,  9.0, 11.0,  3.0,  0.0,  6.0, 3.0, 200.0,    6.0,   2.0,   3.0,     5.0,    10.0, 4.0    ,     0.0,     0.0,     0.0,     0.0,     0.0,    19.0
fleurth01, 1990,     1, CAL , NHL , R  , 79.0, 51.0,  53.0, 104.0, 136.0, 48.0 ,  9.0, 23.0,  7.0,  0.0,  9.0, 0.0, 249.0,    7.0,   2.0,   5.0,     7.0,    14.0, 1.0    ,     0.0,     2.0,     0.0,     0.0,     1.0,    20.0
fleurth01, 1991,     1, CAL , NHL , R  , 80.0, 33.0,  40.0,  73.0, 133.0, 0.0  , 11.0, 20.0,  1.0,  0.0,  6.0, 0.0, 225.0,       ,      ,      ,        ,        ,        ,        ,        ,        ,        ,        ,      
fleurth01, 1992,     1, CAL , NHL , R  , 83.0, 34.0,  66.0, 100.0,  88.0, 14.0 , 12.0, 21.0,  2.0,  1.0,  4.0, 0.0, 250.0,    6.0,   5.0,   7.0,    12.0,    27.0, -7.0   ,     3.0,     5.0,     1.0,     1.0,     0.0,    21.0
fleurth01, 1993,     1, CAL , NHL , R  , 83.0, 40.0,  45.0,  85.0, 186.0, 30.0 , 16.0, 12.0,  1.0,  2.0,  6.0, 0.0, 278.0,    7.0,   6.0,   4.0,    10.0,     5.0, 1.0    ,     1.0,     3.0,     0.0,     0.0,     2.0,    23.0
fleurth01, 1994,     1, CAL , NHL , R  , 47.0, 29.0,  29.0,  58.0, 112.0, 6.0  ,  9.0, 11.0,  2.0,  1.0,  5.0, 0.0, 173.0,    7.0,   7.0,   7.0,    14.0,     2.0, 8.0    ,     2.0,     1.0,     1.0,     1.0,     0.0,    40.0
fleurth01, 1995,     1, CAL , NHL , R  , 80.0, 46.0,  50.0,  96.0, 112.0, 17.0 , 17.0, 18.0,  5.0,  1.0,  4.0, 0.0, 353.0,    4.0,   2.0,   1.0,     3.0,    14.0, 1.0    ,     0.0,     0.0,     0.0,     0.0,     0.0,    28.0
fleurth01, 1996,     1, CAL , NHL , R  , 81.0, 29.0,  38.0,  67.0, 104.0, -12.0,  9.0, 15.0,  2.0,  1.0,  3.0, 3.0, 336.0,       ,      ,      ,        ,        ,        ,        ,        ,        ,        ,        ,      
fleurth01, 1997,     1, CAL , NHL , R  , 82.0, 27.0,  51.0,  78.0, 197.0, 0.0  ,  3.0, 18.0,  2.0,  5.0,  4.0, 1.0, 282.0,       ,      ,      ,        ,        ,        ,        ,        ,        ,        ,        ,      
fleurth01, 1998,     1, CAL , NHL , R  , 60.0, 30.0,  39.0,  69.0,  68.0, 18.0 ,  7.0, 13.0,  3.0,  2.0,  3.0, 1.0, 250.0,       ,      ,      ,        ,        ,        ,        ,        ,        ,        ,        ,      
fleurth01, 1998,     2, COL , NHL , R  , 15.0, 10.0,  14.0,  24.0,  18.0, 8.0  ,  1.0,  4.0,  0.0,  0.0,  2.0, 1.0,  51.0,   18.0,   5.0,  12.0,    17.0,    20.0, -2.0   ,     2.0,     2.0,     0.0,     0.0,     0.0,    56.0
fleurth01, 1999,     1, NYR , NHL , R  , 80.0, 15.0,  49.0,  64.0,  68.0, -4.0 ,  1.0, 20.0,  0.0,  0.0,  1.0, 0.0, 246.0,       ,      ,      ,        ,        ,        ,        ,        ,        ,        ,        ,      
fleurth01, 2000,     1, NYR , NHL , R  , 62.0, 30.0,  44.0,  74.0, 122.0, 0.0  ,  8.0, 23.0,  7.0,  2.0,  3.0, 0.0, 238.0,       ,      ,      ,        ,        ,        ,        ,        ,        ,        ,        ,      
fleurth01, 2001,     1, NYR , NHL , L  , 82.0, 24.0,  39.0,  63.0, 216.0, 0.0  ,  7.0, 11.0,  0.0,  0.0,  5.0, 0.0, 267.0,       ,      ,      ,        ,        ,        ,        ,        ,        ,        ,        ,      
fleurth01, 2002,     1, CHI , NHL , L  , 54.0, 12.0,  21.0,  33.0,  77.0, -7.0 ,  1.0,  7.0,  0.0,  0.0,  3.0, 1.0, 124.0,       ,      ,      ,        ,        ,        ,        ,        ,        ,        ,        ,      
flichto01, 1987,     1, WIN , NHL , D  ,  2.0,  0.0,   0.0,   0.0,   2.0, -4.0 ,  0.0,  0.0,  0.0,  0.0,  0.0, 0.0,   1.0,       ,      ,      ,        ,        ,        ,        ,        ,        ,        ,        ,      
flichto01, 1988,     1, WIN , NHL , D  ,  1.0,  0.0,   0.0,   0.0,   0.0, -1.0 ,  0.0,  0.0,  0.0,  0.0,  0.0, 0.0,   1.0,       ,      ,      ,        ,        ,        ,        ,        ,        ,        ,        ,      
flichto01, 1989,     1, WIN , NHL , D  ,  3.0,  0.0,   1.0,   1.0,   2.0, 0.0  ,  0.0,  0.0,  0.0,  0.0,  0.0, 0.0,   1.0,       ,      ,      ,        ,        ,        ,        ,        ,        ,        ,        ,      
flinnry01, 2001,     1, LAK , NHL , L  , 10.0,  0.0,   0.0,   0.0,  51.0, 0.0  ,  0.0,  0.0,  0.0,  0.0,  0.0, 0.0,   2.0,       ,      ,      ,        ,        ,        ,        ,        ,        ,        ,        ,      
flinnry01, 2002,     1, LAK , NHL , L  , 19.0,  1.0,   0.0,   1.0,  28.0, 0.0  ,  0.0,  0.0,  0.0,  0.0,  0.0, 0.0,  13.0,       ,      ,      ,        ,        ,        ,        ,        ,        ,        ,        ,      
flinnry01, 2005,     1, LAK , NHL , L  ,  2.0,  0.0,   0.0,   0.0,   5.0, 0.0  ,  0.0,  0.0,  0.0,  0.0,  0.0,    ,   0.0,       ,      ,      ,        ,        ,        ,        ,        ,        ,        ,        ,      
flockro01, 1976,     1, VAN , NHL , R  ,  5.0,  0.0,   0.0,   0.0,   0.0, 1.0  ,  0.0,     ,  0.0,     ,  0.0, 0.0,   1.0,       ,      ,      ,        ,        ,        ,        ,        ,        ,        ,        ,      
flockro01, 1977,     1, VAN , NHL , R  , 24.0,  0.0,   1.0,   1.0,  12.0, -14.0,  0.0,     ,  0.0,     ,  0.0, 0.0,  15.0,       ,      ,      ,        ,        ,        ,        ,        ,        ,        ,        ,      
flockro01, 1978,     1, VAN , NHL , R  , 14.0,  1.0,   1.0,   2.0,   0.0, -3.0 ,  0.0,     ,  0.0,     ,  0.0, 0.0,  10.0,       ,      ,      ,        ,        ,        ,        ,        ,        ,        ,        ,      
flockro01, 1979,     1, MNS , NHL , C  , 10.0,  1.0,   3.0,   4.0,   2.0, -4.0 ,  0.0,     ,  0.0,     ,  1.0, 0.0,  10.0,    1.0,   1.0,   0.0,     1.0,     2.0,        ,     0.0,        ,     0.0,        ,     0.0,      
flockro01, 1980,     1, MNS , NHL , R  ,  2.0,  0.0,   0.0,   0.0,   0.0, -2.0 ,  0.0,     ,  0.0,     ,  0.0, 0.0,   1.0,       ,      ,      ,        ,        ,        ,        ,        ,        ,        ,        ,      
flockro02, 1980,     1, PHI , NHL , C  , 14.0,  3.0,   7.0,  10.0,  11.0, 6.0  ,  0.0,     ,  0.0,     ,  0.0, 0.0,  24.0,    3.0,   1.0,   0.0,     1.0,     2.0,        ,     0.0,        ,     0.0,        ,     0.0,      
flockro02, 1981,     1, PHI , NHL , C  , 72.0, 33.0,  39.0,  72.0,  44.0, 18.0 , 10.0,     ,  0.0,     ,  2.0, 1.0, 240.0,    4.0,   0.0,   1.0,     1.0,     2.0,        ,     0.0,        ,     0.0,        ,     0.0,      
flockro02, 1982,     1, PHI , NHL , R  , 73.0, 29.0,  31.0,  60.0,  49.0, 3.0  ,  3.0,     ,  2.0,     ,  6.0, 0.0, 241.0,    2.0,   1.0,   1.0,     2.0,     2.0,        ,     1.0,        ,     0.0,        ,     0.0,      
flockro02, 1983,     1, PHI , NHL , C  ,  8.0,  0.0,   3.0,   3.0,   4.0, 1.0  ,  0.0,     ,  0.0,     ,  0.0, 0.0,  12.0,       ,      ,      ,        ,        ,        ,        ,        ,        ,        ,        ,      
flockro02, 1983,     2, PIT , NHL , R  , 68.0, 27.0,  18.0,  45.0,  40.0, -19.0,  5.0,     ,  0.0,     ,  1.0, 1.0, 202.0,       ,      ,      ,        ,        ,        ,        ,        ,        ,        ,        ,      
flockro02, 1984,     1, PIT , NHL , R  , 12.0,  0.0,   5.0,   5.0,   4.0, 4.0  ,  0.0,     ,  0.0,     ,  0.0, 0.0,  20.0,       ,      ,      ,        ,        ,        ,        ,        ,        ,        ,        ,      
flockro02, 1984,     2, MTL , NHL , R  , 42.0, 10.0,  12.0,  22.0,  14.0, 3.0  ,  1.0,     ,  0.0,     ,  2.0, 0.0,  58.0,    2.0,   1.0,   1.0,     2.0,     2.0, 1.0    ,     0.0,        ,     0.0,        ,     1.0,     2.0
flockro02, 1985,     1, STL , NHL , L  , 79.0, 22.0,  45.0,  67.0,  26.0, 8.0  ,  5.0,     ,  2.0,     ,  3.0, 1.0, 199.0,    8.0,   1.0,   3.0,     4.0,     6.0, -6.0   ,     0.0,        ,     0.0,        ,     0.0,    14.0
flockro02, 1986,     1, STL , NHL , L  , 60.0, 16.0,  19.0,  35.0,  12.0, -9.0 ,  2.0,     ,  0.0,     ,  2.0, 0.0, 101.0,       ,      ,      ,        ,        ,        ,        ,        ,        ,        ,        ,      
flockro02, 1987,     1, STL , NHL , L  , 21.0,  5.0,   4.0,   9.0,   4.0, 5.0  ,  0.0,  0.0,  0.0,  0.0,  1.0, 0.0,  27.0,       ,      ,      ,        ,        ,        ,        ,        ,        ,        ,        ,      
flockro02, 1988,     1, BOS , NHL , C  ,  4.0,  0.0,   0.0,   0.0,   0.0, -3.0 ,  0.0,  0.0,  0.0,  0.0,  0.0, 0.0,   3.0,       ,      ,      ,        ,        ,        ,        ,        ,        ,        ,        ,      
floodma01, 2009,     1, NYI , NHL , D  ,  6.0,  0.0,   1.0,   1.0,   0.0, -4.0 ,  0.0,  0.0,  0.0,  0.0,  0.0,    ,   5.0,       ,      ,      ,        ,        ,        ,        ,        ,        ,        ,        ,      
floydla01, 1982,     1, NJD , NHL , C  ,  5.0,  1.0,   0.0,   1.0,   2.0, -4.0 ,  0.0,     ,  0.0,     ,  0.0, 0.0,   9.0,       ,      ,      ,        ,        ,        ,        ,        ,        ,        ,        ,      
floydla01, 1983,     1, NJD , NHL , C  ,  7.0,  1.0,   3.0,   4.0,   7.0, -4.0 ,  0.0,     ,  0.0,     ,  0.0, 0.0,  15.0,       ,      ,      ,        ,        ,        ,        ,        ,        ,        ,        ,      
fochtda01, 2001,     1, PHO , NHL , D  ,  8.0,  0.0,   0.0,   0.0,  11.0, 0.0  ,  0.0,  0.0,  0.0,  0.0,  0.0, 0.0,   5.0,    1.0,   0.0,   1.0,     1.0,     0.0, 1.0    ,     0.0,     0.0,     0.0,     0.0,     0.0,     1.0
fochtda01, 2002,     1, PHO , NHL , D  , 10.0,  0.0,   0.0,   0.0,  10.0, -2.0 ,  0.0,  0.0,  0.0,  0.0,  0.0, 0.0,   1.0,       ,      ,      ,        ,        ,        ,        ,        ,        ,        ,        ,      
fochtda01, 2002,     2, PIT , NHL , D  , 12.0,  0.0,   3.0,   3.0,  19.0, -7.0 ,  0.0,  2.0,  0.0,  0.0,  0.0, 0.0,  11.0,       ,      ,      ,        ,        ,        ,        ,        ,        ,        ,        ,      
fochtda01, 2003,     1, PIT , NHL , D  , 52.0,  2.0,   3.0,   5.0, 105.0, -23.0,  0.0,  0.0,  0.0,  0.0,  0.0, 0.0,  56.0,       ,      ,      ,        ,        ,        ,        ,        ,        ,        ,        ,      
fogarbr01, 1989,     1, QUE , NHL , D  , 45.0,  4.0,  10.0,  14.0,  31.0, -47.0,  2.0,  4.0,  0.0,  1.0,  0.0, 0.0,  93.0,       ,      ,      ,        ,        ,        ,        ,        ,        ,        ,        ,      
fogarbr01, 1990,     1, QUE , NHL , D  , 45.0,  9.0,  22.0,  31.0,  24.0, -11.0,  3.0, 13.0,  0.0,  0.0,  2.0, 0.0, 107.0,       ,      ,      ,        ,        ,        ,        ,        ,        ,        ,        ,      
fogarbr01, 1991,     1, QUE , NHL , D  , 20.0,  3.0,  12.0,  15.0,  16.0, -15.0,  0.0,  7.0,  0.0,  0.0,  0.0, 0.0,  30.0,       ,      ,      ,        ,        ,        ,        ,        ,        ,        ,        ,      
fogarbr01, 1992,     1, PIT , NHL , D  , 12.0,  0.0,   4.0,   4.0,   4.0, -3.0 ,  0.0,  2.0,  0.0,  0.0,  0.0, 0.0,  11.0,       ,      ,      ,        ,        ,        ,        ,        ,        ,        ,        ,      
fogarbr01, 1993,     1, MTL , NHL , D  , 13.0,  1.0,   2.0,   3.0,  10.0, -4.0 ,  0.0,  1.0,  0.0,  0.0,  0.0, 0.0,  22.0,       ,      ,      ,        ,        ,        ,        ,        ,        ,        ,        ,      
fogarbr01, 1994,     1, MTL , NHL , D  , 21.0,  5.0,   2.0,   7.0,  34.0, -3.0 ,  3.0,  0.0,  0.0,  0.0,  0.0, 0.0,  41.0,       ,      ,      ,        ,        ,        ,        ,        ,        ,        ,        ,      
fogolle01, 1947,     1, DET , NHL , D  ,     ,     ,      ,      ,      ,      ,     ,     ,     ,     ,     ,    ,      ,    2.0,   0.0,   1.0,     1.0,     6.0,        ,        ,        ,        ,        ,        ,      
fogolle01, 1948,     1, DET , NHL , D  , 43.0,  1.0,   2.0,   3.0,  59.0,      ,     ,     ,     ,     ,     ,    ,      ,    9.0,   0.0,   0.0,     0.0,     4.0,        ,        ,        ,        ,        ,        ,      
fogolle01, 1949,     1, DET , NHL , D  , 63.0,  4.0,   8.0,  12.0,  63.0,      ,     ,     ,     ,     ,     ,    ,      ,   10.0,   0.0,   0.0,     0.0,    16.0,        ,        ,        ,        ,        ,        ,      
fogolle01, 1950,     1, DET , NHL , D  , 19.0,  0.0,   1.0,   1.0,  16.0,      ,     ,     ,     ,     ,     ,    ,      ,       ,      ,      ,        ,        ,        ,        ,        ,        ,        ,        ,      
fogolle01, 1950,     2, CHI , NHL , D  , 35.0,  3.0,  10.0,  13.0,  63.0,      ,     ,     ,     ,     ,     ,    ,      ,       ,      ,      ,        ,        ,        ,        ,        ,        ,        ,        ,      
fogolle01, 1951,     1, CHI , NHL , D  , 69.0,  0.0,   9.0,   9.0,  96.0,      ,     ,     ,     ,     ,     ,    ,      ,       ,      ,      ,        ,        ,        ,        ,        ,        ,        ,        ,      
fogolle01, 1952,     1, CHI , NHL , D  , 70.0,  2.0,   8.0,  10.0,  79.0,      ,     ,     ,     ,     ,     ,    ,      ,    7.0,   0.0,   1.0,     1.0,     4.0,        ,        ,        ,        ,        ,        ,      
fogolle01, 1953,     1, CHI , NHL , D  , 68.0,  0.0,   1.0,   1.0,  95.0,      ,     ,     ,     ,     ,     ,    ,      ,       ,      ,      ,        ,        ,        ,        ,        ,        ,        ,        ,      
fogolle01, 1954,     1, CHI , NHL , D  ,  9.0,  0.0,   1.0,   1.0,  16.0,      ,     ,     ,     ,     ,     ,    ,      ,       ,      ,      ,        ,        ,        ,        ,        ,        ,        ,        ,      
fogolle01, 1955,     1, CHI , NHL , D  , 51.0,  0.0,   8.0,   8.0,  88.0,      ,     ,     ,     ,     ,     ,    ,      ,       ,      ,      ,        ,        ,        ,        ,        ,        ,        ,        ,      
fogolle02, 1974,     1, BUF , NHL , D  , 50.0,  2.0,   2.0,   4.0,  59.0, 0.0  ,  2.0,     ,  0.0,     ,  0.0, 0.0,  14.0,    8.0,   0.0,   0.0,     0.0,     6.0,        ,     0.0,        ,     0.0,        ,     0.0,      
fogolle02, 1975,     1, BUF , NHL , D  , 58.0,  0.0,   9.0,   9.0,  64.0, 15.0 ,  0.0,     ,  0.0,     ,  0.0, 0.0,  61.0,    9.0,   0.0,   4.0,     4.0,    23.0,        ,     0.0,        ,     0.0,        ,     0.0,      
fogolle02, 1976,     1, BUF , NHL , D  , 71.0,  3.0,  15.0,  18.0, 100.0, 9.0  ,  1.0,     ,  0.0,     ,  2.0, 0.0,  76.0,    4.0,   0.0,   0.0,     0.0,     2.0,        ,     0.0,        ,     0.0,        ,     0.0,      
fogolle02, 1977,     1, BUF , NHL , D  , 76.0,  0.0,  23.0,  23.0,  98.0, 7.0  ,  0.0,     ,  0.0,     ,  0.0, 0.0,  77.0,    6.0,   0.0,   2.0,     2.0,    23.0,        ,     0.0,        ,     0.0,        ,     0.0,      
fogolle02, 1978,     1, BUF , NHL , D  , 74.0,  3.0,  19.0,  22.0, 103.0, -4.0 ,  0.0,     ,  0.0,     ,  0.0, 0.0,  70.0,    3.0,   0.0,   0.0,     0.0,     4.0,        ,     0.0,        ,     0.0,        ,     0.0,      
fogolle02, 1979,     1, EDM , NHL , D  , 80.0,  5.0,  10.0,  15.0, 104.0, -8.0 ,  0.0,     ,  0.0,     ,  0.0, 0.0,  90.0,    3.0,   0.0,   0.0,     0.0,     4.0,        ,     0.0,        ,     0.0,        ,     0.0,      
fogolle02, 1980,     1, EDM , NHL , D  , 80.0, 13.0,  17.0,  30.0, 139.0, 2.0  ,  0.0,     ,  4.0,     ,  1.0, 1.0,  89.0,    9.0,   0.0,   0.0,     0.0,    12.0,        ,     0.0,        ,     0.0,        ,     0.0,      
fogolle02, 1981,     1, EDM , NHL , D  , 80.0,  4.0,  25.0,  29.0, 154.0, 40.0 ,  0.0,     ,  0.0,     ,  0.0, 0.0,  98.0,    5.0,   1.0,   1.0,     2.0,    14.0,        ,     0.0,        ,     1.0,        ,     0.0,      
fogolle02, 1982,     1, EDM , NHL , D  , 72.0,  0.0,  18.0,  18.0,  92.0, 24.0 ,  0.0,     ,  0.0,     ,  0.0, 0.0,  66.0,   16.0,   0.0,   5.0,     5.0,    36.0,        ,     0.0,        ,     0.0,        ,     0.0,      
fogolle02, 1983,     1, EDM , NHL , D  , 80.0,  5.0,  16.0,  21.0, 125.0, 33.0 ,  0.0,     ,  0.0,     ,  0.0, 0.0,  73.0,   19.0,   1.0,   4.0,     5.0,    23.0, 10.0   ,     0.0,        ,     0.0,        ,     0.0,    22.0
fogolle02, 1984,     1, EDM , NHL , D  , 79.0,  4.0,  14.0,  18.0, 126.0, 16.0 ,  0.0,     ,  1.0,     ,  1.0, 0.0,  63.0,   18.0,   3.0,   1.0,     4.0,    16.0, 8.0    ,     0.0,        ,     0.0,        ,     1.0,    10.0
fogolle02, 1985,     1, EDM , NHL , D  , 80.0,  4.0,  22.0,  26.0, 129.0, 47.0 ,  0.0,     ,  0.0,     ,  0.0, 0.0,  71.0,    8.0,   0.0,   2.0,     2.0,    10.0, 3.0    ,     0.0,        ,     0.0,        ,     0.0,     7.0
fogolle02, 1986,     1, EDM , NHL , D  , 35.0,  1.0,   3.0,   4.0,  17.0, -2.0 ,  0.0,     ,  0.0,     ,  0.0, 0.0,  37.0,       ,      ,      ,        ,        ,        ,        ,        ,        ,        ,        ,      
fogolle02, 1986,     2, BUF , NHL , D  ,  9.0,  0.0,   2.0,   2.0,   8.0, -2.0 ,  0.0,     ,  0.0,     ,  0.0, 0.0,   5.0,       ,      ,      ,        ,        ,        ,        ,        ,        ,        ,        ,      
folcope01, 1973,     1, VAN , NHL , D  ,  2.0,  0.0,   0.0,   0.0,   0.0, -1.0 ,  0.0,     ,  0.0,     ,  0.0, 0.0,   0.0,       ,      ,      ,        ,        ,        ,        ,        ,        ,        ,        ,      
folcope01, 1975,     1, TOT , WHA , D  , 19.0,  1.0,   8.0,   9.0,  15.0, -7.0 ,  0.0,     ,  0.0,     ,  0.0,    ,  18.0,       ,      ,      ,        ,        ,        ,        ,        ,        ,        ,        ,      
folcope01, 1976,     1, BIR , WHA , D  ,  2.0,  0.0,   0.0,   0.0,   0.0, -3.0 ,  0.0,     ,  0.0,     ,  0.0,    ,   1.0,       ,      ,      ,        ,        ,        ,        ,        ,        ,        ,        ,      
foleyge01, 1954,     1, TOR , NHL , R  ,  4.0,  0.0,   0.0,   0.0,   8.0,      ,     ,     ,     ,     ,     ,    ,      ,       ,      ,      ,        ,        ,        ,        ,        ,        ,        ,        ,      
foleyge01, 1956,     1, NYR , NHL , R  , 69.0,  7.0,   9.0,  16.0,  48.0,      ,     ,     ,     ,     ,     ,    ,      ,    3.0,   0.0,   0.0,     0.0,     0.0,        ,        ,        ,        ,        ,        ,      
foleyge01, 1957,     1, NYR , NHL , R  , 68.0,  2.0,   5.0,   7.0,  43.0,      ,     ,     ,     ,     ,     ,    ,      ,    6.0,   0.0,   1.0,     1.0,     2.0,        ,        ,        ,        ,        ,        ,      
foleyge01, 1968,     1, LAK , NHL , R  ,  1.0,  0.0,   0.0,   0.0,   0.0, -1.0 ,  0.0,     ,  0.0,     ,  0.0, 0.0,   4.0,       ,      ,      ,        ,        ,        ,        ,        ,        ,        ,        ,      
foleyri01, 1970,     1, CHI , NHL , D  ,  2.0,  0.0,   1.0,   1.0,   8.0, 1.0  ,  0.0,     ,  0.0,     ,  0.0, 0.0,   4.0,    4.0,   0.0,   1.0,     1.0,     4.0,        ,     0.0,        ,     0.0,        ,     0.0,      
foleyri01, 1971,     1, PHI , NHL , D  , 58.0, 11.0,  25.0,  36.0, 168.0, -16.0,  5.0,     ,  0.0,     ,  0.0, 2.0, 124.0,       ,      ,      ,        ,        ,        ,        ,        ,        ,        ,        ,      
foleyri01, 1973,     1, DET , NHL , D  ,  7.0,  0.0,   0.0,   0.0,   4.0, -7.0 ,  0.0,     ,  0.0,     ,  0.0, 0.0,   5.0,       ,      ,      ,        ,        ,        ,        ,        ,        ,        ,        ,      
foleyri01, 1975,     1, TOT , WHA , D  , 11.0,  1.0,   2.0,   3.0,   6.0, -8.0 ,  1.0,     ,  0.0,     ,  0.0,    ,  15.0,       ,      ,      ,        ,        ,        ,        ,        ,        ,        ,        ,      
foligmi01, 1979,     1, DET , NHL , R  , 80.0, 36.0,  35.0,  71.0, 109.0, -2.0 ,  9.0,     ,  0.0,     ,  0.0, 1.0, 196.0,       ,      ,      ,        ,        ,        ,        ,        ,        ,        ,        ,      
foligmi01, 1980,     1, DET , NHL , R  , 80.0, 28.0,  35.0,  63.0, 210.0, -13.0,  3.0,     ,  0.0,     ,  5.0, 2.0, 181.0,       ,      ,      ,        ,        ,        ,        ,        ,        ,        ,        ,      
foligmi01, 1981,     1, DET , NHL , R  , 26.0, 13.0,  13.0,  26.0,  28.0, -2.0 ,  3.0,     ,  0.0,     ,  0.0, 0.0,  70.0,       ,      ,      ,        ,        ,        ,        ,        ,        ,        ,        ,      
foligmi01, 1981,     2, BUF , NHL , R  , 56.0, 20.0,  31.0,  51.0, 149.0, 21.0 ,  4.0,     ,  0.0,     ,  6.0, 0.0, 124.0,    4.0,   2.0,   0.0,     2.0,     9.0,        ,     2.0,        ,     0.0,        ,     0.0,      
foligmi01, 1982,     1, BUF , NHL , R  , 66.0, 22.0,  25.0,  47.0, 135.0, 9.0  ,  4.0,     ,  0.0,     ,  4.0, 2.0, 130.0,   10.0,   2.0,   3.0,     5.0,    39.0,        ,     0.0,        ,     0.0,        ,     0.0,      
foligmi01, 1983,     1, BUF , NHL , R  , 70.0, 32.0,  31.0,  63.0, 151.0, 32.0 ,  6.0,     ,  0.0,     ,  5.0, 0.0, 183.0,    3.0,   2.0,   1.0,     3.0,    19.0, 0.0    ,     0.0,        ,     0.0,        ,     0.0,     8.0
foligmi01, 1984,     1, BUF , NHL , R  , 77.0, 27.0,  29.0,  56.0, 154.0, 16.0 ,  6.0,     ,  0.0,     ,  6.0, 2.0, 167.0,    5.0,   1.0,   3.0,     4.0,    12.0, 6.0    ,     0.0,        ,     0.0,        ,     0.0,     6.0
foligmi01, 1985,     1, BUF , NHL , R  , 79.0, 41.0,  39.0,  80.0, 168.0, 25.0 ,  7.0,     ,  1.0,     ,  4.0, 0.0, 223.0,       ,      ,      ,        ,        ,        ,        ,        ,        ,        ,        ,      
foligmi01, 1986,     1, BUF , NHL , R  , 75.0, 30.0,  29.0,  59.0, 176.0, 13.0 , 11.0,     ,  1.0,     ,  5.0, 0.0, 185.0,       ,      ,      ,        ,        ,        ,        ,        ,        ,        ,        ,      
foligmi01, 1987,     1, BUF , NHL , R  , 74.0, 29.0,  28.0,  57.0, 220.0, -11.0, 10.0, 10.0,  0.0,  0.0,  7.0, 1.0, 159.0,    6.0,   3.0,   2.0,     5.0,    31.0, -1.0   ,     0.0,     0.0,     0.0,     0.0,     0.0,    13.0
foligmi01, 1988,     1, BUF , NHL , R  , 75.0, 27.0,  22.0,  49.0, 156.0, -7.0 , 11.0,  4.0,  0.0,  1.0,  5.0, 1.0, 144.0,    5.0,   3.0,   1.0,     4.0,    21.0, 2.0    ,     1.0,     0.0,     1.0,     0.0,     1.0,    11.0
foligmi01, 1989,     1, BUF , NHL , R  , 61.0, 15.0,  25.0,  40.0,  99.0, 13.0 ,  3.0,  5.0,  0.0,  0.0,  1.0, 1.0, 107.0,    6.0,   0.0,   1.0,     1.0,    12.0, 0.0    ,     0.0,     0.0,     0.0,     0.0,     0.0,     4.0
foligmi01, 1990,     1, BUF , NHL , R  , 31.0,  4.0,   5.0,   9.0,  42.0, 4.0  ,  0.0,     ,  0.0,  0.0,  0.0, 1.0,  27.0,       ,      ,      ,        ,        ,        ,        ,        ,        ,        ,        ,      
foligmi01, 1990,     2, TOR , NHL , R  , 37.0,  8.0,   7.0,  15.0,  65.0, -3.0 ,  1.0,     ,  0.0,  0.0,  0.0, 0.0,  56.0,       ,      ,      ,        ,        ,        ,        ,        ,        ,        ,        ,      
foligmi01, 1991,     1, TOR , NHL , R  , 33.0,  6.0,   8.0,  14.0,  50.0, -3.0 ,  2.0,  2.0,  0.0,  0.0,  1.0, 1.0,  41.0,       ,      ,      ,        ,        ,        ,        ,        ,        ,        ,        ,      
foligmi01, 1992,     1, TOR , NHL , R  , 55.0, 13.0,   5.0,  18.0,  84.0, 2.0  ,  5.0,  1.0,  0.0,  0.0,  2.0, 1.0,  95.0,   18.0,   2.0,   6.0,     8.0,    42.0, 9.0    ,     1.0,     0.0,     0.0,     0.0,     2.0,    36.0
foligmi01, 1993,     1, TOR , NHL , R  ,  4.0,  0.0,   0.0,   0.0,   4.0, 0.0  ,  0.0,  0.0,  0.0,  0.0,  0.0, 0.0,   3.0,       ,      ,      ,        ,        ,        ,        ,        ,        ,        ,        ,      
foligmi01, 1993,     2, FLO , NHL , R  , 39.0,  4.0,   5.0,   9.0,  49.0, 7.0  ,  0.0,  0.0,  0.0,  0.0,  0.0, 0.0,  32.0,       ,      ,      ,        ,        ,        ,        ,        ,        ,        ,        ,      
foligni01, 2007,     1, OTT , NHL , L  , 45.0,  6.0,   3.0,   9.0,  20.0, 0.0  ,  0.0,  0.0,  0.0,  0.0,  0.0,    ,  44.0,    4.0,   1.0,   0.0,     1.0,     2.0, 0.0    ,     0.0,     0.0,     0.0,     0.0,     0.0,     6.0
foligni01, 2008,     1, OTT , NHL , L  , 81.0, 17.0,  15.0,  32.0,  59.0, -10.0,  7.0,  7.0,  0.0,  0.0,  2.0,    , 145.0,       ,      ,      ,        ,        ,        ,        ,        ,        ,        ,        ,      
foligni01, 2009,     1, OTT , NHL , L  , 61.0,  9.0,  17.0,  26.0,  53.0, 6.0  ,  2.0,  4.0,  0.0,  0.0,  2.0,    ,  83.0,    6.0,   0.0,   1.0,     1.0,     2.0, -1.0   ,     0.0,     0.0,     0.0,     0.0,     0.0,    11.0
folkbi01 , 1951,     1, DET , NHL , D  ,  4.0,  0.0,   0.0,   0.0,   2.0,      ,     ,     ,     ,     ,     ,    ,      ,       ,      ,      ,        ,        ,        ,        ,        ,        ,        ,        ,      
folkbi01 , 1952,     1, DET , NHL , D  ,  8.0,  0.0,   0.0,   0.0,   2.0,      ,     ,     ,     ,     ,     ,    ,      ,       ,      ,      ,        ,        ,        ,        ,        ,        ,        ,        ,      
fontajo01, 1979,     1, MNS , NHL , C  ,  1.0,  0.0,   0.0,   0.0,   0.0, -1.0 ,  0.0,     ,  0.0,     ,  0.0, 0.0,   0.0,       ,      ,      ,        ,        ,        ,        ,        ,        ,        ,        ,      
fontajo01, 1980,     1, MNS , NHL , C  ,  1.0,  0.0,   0.0,   0.0,   0.0, 0.0  ,  0.0,     ,  0.0,     ,  0.0, 0.0,   0.0,       ,      ,      ,        ,        ,        ,        ,        ,        ,        ,        ,      
fontale01, 1972,     1, DET , NHL , R  , 39.0,  8.0,  10.0,  18.0,   6.0, -2.0 ,  1.0,     ,  0.0,     ,  0.0, 0.0,  37.0,       ,      ,      ,        ,        ,        ,        ,        ,        ,        ,        ,      
fontale01, 1973,     1, DET , NHL , R  ,  7.0,  0.0,   1.0,   1.0,   4.0, -2.0 ,  0.0,     ,  0.0,     ,  0.0, 0.0,   6.0,       ,      ,      ,        ,        ,        ,        ,        ,        ,        ,        ,      
fontale01, 1974,     1, MIB , WHA , C  , 21.0,  1.0,   8.0,   9.0,   6.0,      ,     ,     ,     ,     ,     ,    ,  28.0,       ,      ,      ,        ,        ,        ,        ,        ,        ,        ,        ,      
fonteva01, 1959,     1, DET , NHL , L  , 69.0,  4.0,   7.0,  11.0,   2.0,      ,     ,     ,     ,     ,     ,    ,      ,    6.0,   0.0,   4.0,     4.0,     0.0,        ,        ,        ,        ,        ,        ,      
fonteva01, 1960,     1, DET , NHL , L  , 66.0,  6.0,  11.0,  17.0,   4.0,      ,     ,     ,     ,     ,     ,    ,      ,   11.0,   2.0,   3.0,     5.0,     0.0,        ,        ,        ,        ,        ,     0.0,      
fonteva01, 1961,     1, DET , NHL , L  , 70.0,  5.0,   5.0,  10.0,   4.0,      ,     ,     ,     ,     ,     ,    ,      ,       ,      ,      ,        ,        ,        ,        ,        ,        ,        ,        ,      
fonteva01, 1962,     1, DET , NHL , L  , 67.0,  6.0,  14.0,  20.0,   2.0,      ,     ,     ,     ,     ,     ,    ,      ,   11.0,   0.0,   0.0,     0.0,     2.0,        ,        ,        ,        ,        ,     0.0,      
fonteva01, 1963,     1, NYR , NHL , L  , 69.0,  7.0,  18.0,  25.0,   4.0,      ,  1.0,     ,  2.0,     ,  1.0, 0.0,      ,       ,      ,      ,        ,        ,        ,        ,        ,        ,        ,        ,      
fonteva01, 1964,     1, NYR , NHL , L  , 27.0,  0.0,   1.0,   1.0,   2.0,      ,  0.0,     ,  0.0,     ,  0.0, 0.0,      ,       ,      ,      ,        ,        ,        ,        ,        ,        ,        ,        ,      
fonteva01, 1964,     2, DET , NHL , L  , 16.0,  2.0,   5.0,   7.0,   4.0,      ,  0.0,     ,  1.0,     ,  0.0, 0.0,      ,    5.0,   0.0,   1.0,     1.0,     0.0,        ,        ,        ,        ,        ,     0.0,      
fonteva01, 1965,     1, DET , NHL , L  , 59.0,  5.0,  10.0,  15.0,   0.0,      ,  1.0,     ,  0.0,     ,  0.0, 0.0,      ,   12.0,   1.0,   0.0,     1.0,     4.0,        ,        ,        ,        ,        ,     0.0,      
fonteva01, 1966,     1, DET , NHL , C  , 28.0,  1.0,   1.0,   2.0,   0.0,      ,  0.0,     ,  0.0,     ,  0.0, 0.0,      ,       ,      ,      ,        ,        ,        ,        ,        ,        ,        ,        ,      
fonteva01, 1967,     1, PIT , NHL , L  , 69.0,  6.0,  28.0,  34.0,   0.0, -23.0,  0.0,     ,  0.0,     ,  2.0, 0.0, 114.0,       ,      ,      ,        ,        ,        ,        ,        ,        ,        ,        ,      
fonteva01, 1968,     1, PIT , NHL , L  , 74.0, 12.0,  17.0,  29.0,   2.0, -25.0,  0.0,     ,  1.0,     ,  2.0, 0.0, 109.0,       ,      ,      ,        ,        ,        ,        ,        ,        ,        ,        ,      
fonteva01, 1969,     1, PIT , NHL , L  , 68.0, 11.0,  15.0,  26.0,   2.0, -4.0 ,  3.0,     ,  1.0,     ,  1.0, 0.0,  73.0,   10.0,   0.0,   2.0,     2.0,     0.0,        ,     0.0,        ,     0.0,        ,     0.0,      
fonteva01, 1970,     1, PIT , NHL , L  , 70.0,  4.0,   9.0,  13.0,   0.0, -8.0 ,  1.0,     ,  1.0,     ,  0.0, 0.0,  59.0,       ,      ,      ,        ,        ,        ,        ,        ,        ,        ,        ,      
fonteva01, 1971,     1, PIT , NHL , L  , 68.0,  6.0,  13.0,  19.0,   0.0, -1.0 ,  1.0,     ,  0.0,     ,  0.0, 0.0,  35.0,    4.0,   0.0,   0.0,     0.0,     2.0,        ,     0.0,        ,     0.0,        ,     0.0,      
fonteva01, 1972,     1, ALB , WHA , L  , 77.0,  7.0,  32.0,  39.0,   2.0,      ,  1.0,     ,  0.0,     ,     ,    ,      ,       ,      ,      ,        ,        ,        ,        ,        ,        ,        ,        ,      
fonteva01, 1973,     1, EDO , WHA , L  , 72.0,  9.0,  13.0,  22.0,   2.0,      ,  0.0,     ,  4.0,     ,  0.0,    ,      ,    5.0,   1.0,   0.0,     1.0,     0.0,        ,        ,        ,        ,        ,     0.0,      
fontilo01, 1954,     1, NYR , NHL , D  , 27.0,  2.0,   2.0,   4.0,  60.0,      ,     ,     ,     ,     ,     ,    ,      ,       ,      ,      ,        ,        ,        ,        ,        ,        ,        ,        ,      
fontilo01, 1955,     1, NYR , NHL , D  , 70.0,  3.0,  15.0,  18.0, 202.0,      ,     ,     ,     ,     ,     ,    ,      ,    4.0,   0.0,   0.0,     0.0,     6.0,        ,        ,        ,        ,        ,        ,      
fontilo01, 1956,     1, NYR , NHL , D  , 70.0,  3.0,  12.0,  15.0, 139.0,      ,     ,     ,     ,     ,     ,    ,      ,    5.0,   0.0,   0.0,     0.0,     7.0,        ,        ,        ,        ,        ,        ,      
fontilo01, 1957,     1, NYR , NHL , D  , 70.0,  3.0,   8.0,  11.0, 152.0,      ,     ,     ,     ,     ,     ,    ,      ,    6.0,   0.0,   1.0,     1.0,     6.0,        ,        ,        ,        ,        ,        ,      
fontilo01, 1958,     1, NYR , NHL , D  , 64.0,  7.0,   6.0,  13.0, 149.0,      ,     ,     ,     ,     ,     ,    ,      ,       ,      ,      ,        ,        ,        ,        ,        ,        ,        ,        ,      
fontilo01, 1959,     1, NYR , NHL , D  , 64.0,  2.0,  11.0,  13.0, 137.0,      ,     ,     ,     ,     ,     ,    ,      ,       ,      ,      ,        ,        ,        ,        ,        ,        ,        ,        ,      
fontilo01, 1960,     1, NYR , NHL , D  , 53.0,  2.0,   3.0,   5.0, 100.0,      ,     ,     ,     ,     ,     ,    ,      ,       ,      ,      ,        ,        ,        ,        ,        ,        ,        ,        ,      
fontilo01, 1961,     1, MTL , NHL , D  , 54.0,  2.0,  13.0,  15.0, 167.0,      ,     ,     ,     ,     ,     ,    ,      ,    6.0,   0.0,   1.0,     1.0,    23.0,        ,        ,        ,        ,        ,     0.0,      
fontilo01, 1962,     1, MTL , NHL , D  , 63.0,  2.0,   8.0,  10.0, 141.0,      ,     ,     ,     ,     ,     ,    ,      ,       ,      ,      ,        ,        ,        ,        ,        ,        ,        ,        ,      
footead01, 1991,     1, QUE , NHL , D  , 46.0,  2.0,   5.0,   7.0,  44.0, -4.0 ,  0.0,  1.0,  0.0,  0.0,  0.0, 1.0,  55.0,       ,      ,      ,        ,        ,        ,        ,        ,        ,        ,        ,      
footead01, 1992,     1, QUE , NHL , D  , 81.0,  4.0,  12.0,  16.0, 168.0, 6.0  ,  0.0,  0.0,  1.0,  2.0,  0.0, 0.0,  54.0,    6.0,   0.0,   1.0,     1.0,     2.0, -3.0   ,     0.0,     0.0,     0.0,     0.0,     0.0,     6.0
footead01, 1993,     1, QUE , NHL , D  , 45.0,  2.0,   6.0,   8.0,  67.0, 3.0  ,  0.0,  0.0,  0.0,  0.0,  0.0, 0.0,  42.0,       ,      ,      ,        ,        ,        ,        ,        ,        ,        ,        ,      
footead01, 1994,     1, QUE , NHL , D  , 35.0,  0.0,   7.0,   7.0,  52.0, 17.0 ,  0.0,  0.0,  0.0,  1.0,  0.0, 0.0,  24.0,    6.0,   0.0,   1.0,     1.0,    14.0, -3.0   ,     0.0,     0.0,     0.0,     0.0,     0.0,     6.0
footead01, 1995,     1, COL , NHL , D  , 73.0,  5.0,  11.0,  16.0,  88.0, 27.0 ,  1.0,  1.0,  0.0,  0.0,  1.0, 0.0,  49.0,   22.0,   1.0,   3.0,     4.0,    36.0, 11.0   ,     0.0,     0.0,     0.0,     0.0,     0.0,    20.0
footead01, 1996,     1, COL , NHL , D  , 78.0,  2.0,  19.0,  21.0, 135.0, 16.0 ,  0.0,  2.0,  0.0,  2.0,  0.0, 0.0,  60.0,   17.0,   0.0,   4.0,     4.0,    62.0, 3.0    ,     0.0,     1.0,     0.0,     0.0,     0.0,    17.0
footead01, 1997,     1, COL , NHL , D  , 77.0,  3.0,  14.0,  17.0, 124.0, -3.0 ,  0.0,  1.0,  0.0,  1.0,  1.0, 0.0,  64.0,    7.0,   0.0,   0.0,     0.0,    23.0, -1.0   ,     0.0,     0.0,     0.0,     0.0,     0.0,    12.0
footead01, 1998,     1, COL , NHL , D  , 64.0,  5.0,  16.0,  21.0,  92.0, 20.0 ,  3.0,  5.0,  0.0,  0.0,  0.0, 0.0,  83.0,   19.0,   2.0,   3.0,     5.0,    24.0, 3.0    ,     1.0,     0.0,     0.0,     0.0,     0.0,    28.0
footead01, 1999,     1, COL , NHL , D  , 59.0,  5.0,  13.0,  18.0,  98.0, 5.0  ,  1.0,  3.0,  0.0,  0.0,  2.0, 0.0,  63.0,   16.0,   0.0,   7.0,     7.0,    28.0, 6.0    ,     0.0,     2.0,     0.0,     1.0,     0.0,    15.0
footead01, 2000,     1, COL , NHL , D  , 35.0,  3.0,  12.0,  15.0,  42.0, 6.0  ,  1.0,  5.0,  1.0,  0.0,  1.0, 0.0,  59.0,   23.0,   3.0,   4.0,     7.0,    47.0, 5.0    ,     1.0,     1.0,     0.0,     0.0,     1.0,    28.0
footead01, 2001,     1, COL , NHL , D  , 55.0,  5.0,  22.0,  27.0,  55.0, 7.0  ,  1.0, 10.0,  1.0,  1.0,  0.0, 0.0,  85.0,   21.0,   1.0,   6.0,     7.0,    28.0, -2.0   ,     0.0,     3.0,     0.0,     0.0,     0.0,    26.0
footead01, 2002,     1, COL , NHL , D  , 78.0, 11.0,  20.0,  31.0,  88.0, 30.0 ,  3.0,  4.0,  0.0,  1.0,  2.0, 0.0, 106.0,    6.0,   0.0,   1.0,     1.0,     8.0, 2.0    ,     0.0,     0.0,     0.0,     0.0,     0.0,     3.0
footead01, 2003,     1, COL , NHL , D  , 73.0,  8.0,  22.0,  30.0,  87.0, 13.0 ,  5.0,  5.0,  0.0,  1.0,  1.0, 1.0, 105.0,   11.0,   0.0,   4.0,     4.0,    10.0, -2.0   ,     0.0,     2.0,     0.0,     0.0,     0.0,     6.0
footead01, 2005,     1, CBS , NHL , D  , 65.0,  6.0,  16.0,  22.0,  89.0, -16.0,  2.0,  2.0,  2.0,  2.0,  1.0,    ,  67.0,       ,      ,      ,        ,        ,        ,        ,        ,        ,        ,        ,      
footead01, 2006,     1, CBS , NHL , D  , 59.0,  3.0,   9.0,  12.0,  71.0, -17.0,  2.0,  5.0,  0.0,  0.0,  0.0,    ,  78.0,       ,      ,      ,        ,        ,        ,        ,        ,        ,        ,        ,      
footead01, 2007,     1, CBS , NHL , D  , 63.0,  1.0,  14.0,  15.0,  95.0, 3.0  ,  0.0,  2.0,  1.0,  1.0,  0.0,    ,  57.0,       ,      ,      ,        ,        ,        ,        ,        ,        ,        ,        ,      
footead01, 2007,     2, COL , NHL , D  , 12.0,  0.0,   1.0,   1.0,  12.0, -1.0 ,  0.0,  0.0,  0.0,  0.0,  0.0,    ,   9.0,   10.0,   0.0,   0.0,     0.0,     6.0, -6.0   ,     0.0,     0.0,     0.0,     0.0,     0.0,     5.0
footead01, 2008,     1, COL , NHL , D  , 42.0,  1.0,   6.0,   7.0,  30.0, -12.0,  0.0,  0.0,  0.0,  0.0,  1.0,    ,  19.0,       ,      ,      ,        ,        ,        ,        ,        ,        ,        ,        ,      
footead01, 2009,     1, COL , NHL , D  , 67.0,  0.0,   9.0,   9.0,  64.0, 8.0  ,  0.0,  0.0,  0.0,  1.0,  0.0,    ,  26.0,    6.0,   0.0,   1.0,     1.0,    10.0, -4.0   ,     0.0,     0.0,     0.0,     0.0,     0.0,     6.0
forbeco01, 1996,     1, PHI , NHL , L  ,  3.0,  1.0,   0.0,   1.0,   0.0, 0.0  ,  0.0,  0.0,  0.0,  0.0,  0.0, 0.0,   3.0,    3.0,   0.0,   0.0,     0.0,     0.0, 0.0    ,     0.0,     0.0,     0.0,     0.0,     0.0,     3.0
forbeco01, 1997,     1, PHI , NHL , L  , 63.0, 12.0,   7.0,  19.0,  59.0, 2.0  ,  2.0,  0.0,  0.0,  1.0,  2.0, 0.0,  93.0,    5.0,   0.0,   0.0,     0.0,     2.0, 2.0    ,     0.0,     0.0,     0.0,     0.0,     0.0,     9.0
forbeco01, 1998,     1, PHI , NHL , L  , 66.0,  9.0,   7.0,  16.0,  51.0, 0.0  ,  0.0,  0.0,  0.0,  0.0,  4.0, 0.0,  92.0,       ,      ,      ,        ,        ,        ,        ,        ,        ,        ,        ,      
forbeco01, 1998,     2, TBL , NHL , L  , 14.0,  3.0,   1.0,   4.0,  10.0, -5.0 ,  0.0,  0.0,  1.0,  0.0,  0.0, 0.0,  25.0,       ,      ,      ,        ,        ,        ,        ,        ,        ,        ,        ,      
forbeco01, 1999,     1, TBL , NHL , L  ,  8.0,  0.0,   0.0,   0.0,  18.0, -4.0 ,  0.0,  0.0,  0.0,  0.0,  0.0, 0.0,   3.0,       ,      ,      ,        ,        ,        ,        ,        ,        ,        ,        ,      
forbeco01, 1999,     2, OTT , NHL , L  , 45.0,  2.0,   5.0,   7.0,  12.0, -1.0 ,  0.0,  0.0,  0.0,  0.0,  0.0, 0.0,  54.0,    5.0,   1.0,   0.0,     1.0,    14.0, 0.0    ,     0.0,     0.0,     0.0,     0.0,     0.0,     7.0
forbeco01, 2000,     1, OTT , NHL , L  , 39.0,  0.0,   1.0,   1.0,  31.0, -3.0 ,  0.0,  0.0,  0.0,  0.0,  0.0, 0.0,  26.0,       ,      ,      ,        ,        ,        ,        ,        ,        ,        ,        ,      
forbeco01, 2000,     2, NYR , NHL , L  , 19.0,  1.0,   4.0,   5.0,  15.0, -3.0 ,  0.0,  0.0,  0.0,  0.0,  0.0, 0.0,  20.0,       ,      ,      ,        ,        ,        ,        ,        ,        ,        ,        ,      
forbeco01, 2001,     1, WAS , NHL , L  , 38.0,  5.0,   3.0,   8.0,  15.0, -2.0 ,  0.0,  0.0,  1.0,  0.0,  1.0, 0.0,  49.0,       ,      ,      ,        ,        ,        ,        ,        ,        ,        ,        ,      
forbeco01, 2002,     1, WAS , NHL , C  ,  5.0,  0.0,   0.0,   0.0,   0.0, -2.0 ,  0.0,  0.0,  0.0,  0.0,  0.0, 0.0,   3.0,       ,      ,      ,        ,        ,        ,        ,        ,        ,        ,        ,      
forbeco01, 2003,     1, WAS , NHL , C  ,  2.0,  0.0,   0.0,   0.0,   0.0, 0.0  ,  0.0,  0.0,  0.0,  0.0,  0.0, 0.0,   2.0,       ,      ,      ,        ,        ,        ,        ,        ,        ,        ,        ,      
forbeco01, 2005,     1, WAS , NHL , L  ,  9.0,  0.0,   0.0,   0.0,   2.0, -2.0 ,  0.0,  0.0,  0.0,  0.0,  0.0,    ,  10.0,       ,      ,      ,        ,        ,        ,        ,        ,        ,        ,        ,      
forbeda01, 1973,     1, BOS , NHL , L  , 63.0, 10.0,  16.0,  26.0,  41.0, 9.0  ,  0.0,     ,  0.0,     ,  1.0, 0.0,  64.0,   16.0,   0.0,   2.0,     2.0,     6.0,        ,     0.0,        ,     0.0,        ,     0.0,      
forbeda01, 1974,     1, BOS , NHL , L  , 69.0, 18.0,  12.0,  30.0,  80.0, 22.0 ,  0.0,     ,  0.0,     ,  2.0, 0.0,  89.0,    3.0,   0.0,   0.0,     0.0,     0.0,        ,     0.0,        ,     0.0,        ,     0.0,      
forbeda01, 1975,     1, BOS , NHL , L  , 79.0, 16.0,  13.0,  29.0,  52.0, 15.0 ,  0.0,     ,  4.0,     ,  1.0, 0.0, 165.0,   12.0,   1.0,   1.0,     2.0,     5.0,        ,     0.0,        ,     1.0,        ,     0.0,      
forbeda01, 1976,     1, BOS , NHL , L  , 73.0,  9.0,  11.0,  20.0,  47.0, 13.0 ,  0.0,     ,  2.0,     ,  1.0, 1.0,  56.0,   14.0,   0.0,   1.0,     1.0,     2.0,        ,     0.0,        ,     0.0,        ,     0.0,      
forbeda01, 1977,     1, WAS , NHL , L  , 77.0, 11.0,  11.0,  22.0, 119.0, -34.0,  0.0,     ,  0.0,     ,  0.0, 0.0, 143.0,       ,      ,      ,        ,        ,        ,        ,        ,        ,        ,        ,      
forbeda01, 1978,     1, WAS , NHL , L  ,  2.0,  0.0,   1.0,   1.0,   2.0, 0.0  ,  0.0,     ,  0.0,     ,  0.0, 0.0,   2.0,       ,      ,      ,        ,        ,        ,        ,        ,        ,        ,        ,      
forbeda01, 1978,     2, CIN , WHA , L  , 73.0,  6.0,   5.0,  11.0,  83.0, -21.0,  0.0,     ,  2.0,     ,     ,    ,  51.0,    3.0,   0.0,   1.0,     1.0,     7.0, -3.0   ,        ,        ,        ,        ,     0.0,      
forbeja01, 1919,     1, TRS , NHL , G  ,  5.0,  0.0,   0.0,   0.0,   0.0,      ,     ,     ,     ,     ,     ,    ,      ,       ,      ,      ,        ,        ,        ,        ,        ,        ,        ,        ,      
forbeja01, 1920,     1, TRS , NHL , G  , 20.0,  0.0,   0.0,   0.0,   0.0,      ,     ,     ,     ,     ,     ,    ,      ,    2.0,   0.0,   0.0,     0.0,     0.0,        ,        ,        ,        ,        ,        ,      
forbeja01, 1922,     1, HAM , NHL , G  , 24.0,  0.0,   0.0,   0.0,   0.0,      ,     ,     ,     ,     ,     ,    ,      ,       ,      ,      ,        ,        ,        ,        ,        ,        ,        ,        ,      
forbeja01, 1923,     1, HAM , NHL , G  , 24.0,  0.0,   0.0,   0.0,   0.0,      ,     ,     ,     ,     ,     ,    ,      ,       ,      ,      ,        ,        ,        ,        ,        ,        ,        ,        ,      
forbeja01, 1924,     1, HAM , NHL , G  , 30.0,  0.0,   0.0,   0.0,   2.0,      ,     ,     ,     ,     ,     ,    ,      ,       ,      ,      ,        ,        ,        ,        ,        ,        ,        ,        ,      
forbeja01, 1925,     1, NYA , NHL , G  , 36.0,  0.0,   0.0,   0.0,   0.0,      ,     ,     ,     ,     ,     ,    ,      ,       ,      ,      ,        ,        ,        ,        ,        ,        ,        ,        ,      
forbeja01, 1926,     1, NYA , NHL , G  , 44.0,  0.0,   0.0,   0.0,   0.0,      ,     ,     ,     ,     ,     ,    ,      ,       ,      ,      ,        ,        ,        ,        ,        ,        ,        ,        ,      
forbeja01, 1927,     1, NYA , NHL , G  , 16.0,  0.0,   0.0,   0.0,   0.0,      ,     ,     ,     ,     ,     ,    ,      ,       ,      ,      ,        ,        ,        ,        ,        ,        ,        ,        ,      
forbeja01, 1928,     1, NYA , NHL , G  ,  1.0,  0.0,   0.0,   0.0,   0.0,      ,     ,     ,     ,     ,     ,    ,      ,       ,      ,      ,        ,        ,        ,        ,        ,        ,        ,        ,      
forbeja01, 1929,     1, NYA , NHL , G  ,  1.0,  0.0,   0.0,   0.0,   0.0,      ,     ,     ,     ,     ,     ,    ,      ,       ,      ,      ,        ,        ,        ,        ,        ,        ,        ,        ,      
forbeja01, 1930,     1, PHQ , NHL , G  ,  2.0,  0.0,   0.0,   0.0,   0.0,      ,     ,     ,     ,     ,     ,    ,      ,       ,      ,      ,        ,        ,        ,        ,        ,        ,        ,        ,      
forbeja01, 1931,     1, NYA , NHL , G  ,  6.0,  0.0,   0.0,   0.0,   0.0,      ,     ,     ,     ,     ,     ,    ,      ,       ,      ,      ,        ,        ,        ,        ,        ,        ,        ,        ,      
forbeja01, 1932,     1, NYA , NHL , G  ,  1.0,  0.0,   0.0,   0.0,   0.0,      ,     ,     ,     ,     ,     ,    ,      ,       ,      ,      ,        ,        ,        ,        ,        ,        ,        ,        ,      
forbemi01, 1977,     1, BOS , NHL , D  , 32.0,  0.0,   4.0,   4.0,  15.0, -5.0 ,  0.0,     ,  0.0,     ,  0.0, 0.0,  22.0,       ,      ,      ,        ,        ,        ,        ,        ,        ,        ,        ,      
forbemi01, 1979,     1, EDM , NHL , D  ,  2.0,  0.0,   0.0,   0.0,   0.0, -4.0 ,  0.0,     ,  0.0,     ,  0.0, 0.0,   3.0,       ,      ,      ,        ,        ,        ,        ,        ,        ,        ,        ,      
forbemi01, 1981,     1, EDM , NHL , D  , 16.0,  1.0,   7.0,   8.0,  26.0, 14.0 ,  0.0,     ,  0.0,     ,  0.0, 0.0,  14.0,       ,      ,      ,        ,        ,        ,        ,        ,        ,        ,        ,      
fordbr01 , 1983,     1, QUE , NHL , G  ,  3.0,  0.0,   0.0,   0.0,   0.0, 0.0  ,  0.0,     ,  0.0,     ,  0.0, 0.0,   0.0,       ,      ,      ,        ,        ,        ,        ,        ,        ,        ,        ,      
fordbr01 , 1984,     1, PIT , NHL , G  ,  8.0,  0.0,   0.0,   0.0,   0.0, 0.0  ,  0.0,     ,  0.0,     ,  0.0, 0.0,   0.0,       ,      ,      ,        ,        ,        ,        ,        ,        ,        ,        ,      
fordmi01 , 1974,     1, WIJ , WHA , D  , 73.0, 12.0,  22.0,  34.0,  68.0, 43.0 ,  3.0,     ,  0.0,     ,     ,    , 205.0,       ,      ,      ,        ,        ,        ,        ,        ,        ,        ,        ,      
fordmi01 , 1975,     1, WIJ , WHA , D  , 81.0, 13.0,  43.0,  56.0,  70.0, 39.0 ,  2.0,     ,  0.0,     ,  2.0,    , 245.0,   12.0,   1.0,  12.0,    13.0,     8.0, 8.0    ,        ,        ,        ,        ,        ,      
fordmi01 , 1976,     1, WIJ , WHA , D  ,  8.0,  0.0,   9.0,   9.0,   9.0,      ,  0.0,     ,  0.0,     ,     ,    ,      ,       ,      ,      ,        ,        ,        ,        ,        ,        ,        ,        ,      
fordmi01 , 1976,     2, CAC , WHA , D  , 54.0,  5.0,  20.0,  25.0,  14.0, -8.0 ,  2.0,     ,  0.0,     ,     ,    , 144.0,       ,      ,      ,        ,        ,        ,        ,        ,        ,        ,        ,      
fordmi01 , 1976,     3, WIJ , WHA , D  , 14.0,  3.0,   5.0,   8.0,  11.0, 14.0 ,  0.0,     ,  0.0,     ,     ,    ,  57.0,   20.0,   3.0,  13.0,    16.0,    12.0, 7.0    ,        ,        ,        ,        ,     0.0,      
fordmi01 , 1977,     1, WIJ , WHA , D  ,  3.0,  0.0,   0.0,   0.0,   0.0, -5.0 ,  0.0,     ,  0.0,     ,     ,    ,   6.0,    2.0,   1.0,   0.0,     1.0,     0.0, -1.0   ,        ,        ,        ,        ,     0.0,      
foreyco01, 1973,     1, STL , NHL , L  ,  4.0,  0.0,   0.0,   0.0,   2.0, -1.0 ,  0.0,     ,  0.0,     ,  0.0, 0.0,   2.0,       ,      ,      ,        ,        ,        ,        ,        ,        ,        ,        ,      
foreyco01, 1973,     2, CHC , WHA , L  ,  1.0,  0.0,   0.0,   0.0,   0.0,      ,  0.0,     ,  0.0,     ,  0.0,    ,      ,       ,      ,      ,        ,        ,        ,        ,        ,        ,        ,        ,      
forregr01, 1909,     1, MOS , NHA ,    ,  8.0,  0.0,   0.0,   0.0,   0.0,      ,     ,     ,     ,     ,     ,    ,      ,       ,      ,      ,        ,        ,        ,        ,        ,        ,        ,        ,      
forsbpe01, 1994,     1, QUE , NHL , C  , 47.0, 15.0,  35.0,  50.0,  16.0, 17.0 ,  3.0, 12.0,  0.0,  1.0,  3.0, 0.0,  86.0,    6.0,   2.0,   4.0,     6.0,     4.0, 2.0    ,     1.0,     0.0,     0.0,     0.0,     0.0,    13.0
forsbpe01, 1995,     1, COL , NHL , C  , 82.0, 30.0,  86.0, 116.0,  47.0, 26.0 ,  7.0, 32.0,  3.0,  4.0,  3.0, 0.0, 217.0,   22.0,  10.0,  11.0,    21.0,    18.0, 10.0   ,     3.0,     3.0,     0.0,     0.0,     1.0,    50.0
forsbpe01, 1996,     1, COL , NHL , C  , 65.0, 28.0,  58.0,  86.0,  73.0, 31.0 ,  5.0, 21.0,  4.0,  3.0,  4.0, 0.0, 188.0,   14.0,   5.0,  12.0,    17.0,    10.0, -6.0   ,     3.0,     5.0,     0.0,     0.0,     0.0,    35.0
forsbpe01, 1997,     1, COL , NHL , C  , 72.0, 25.0,  66.0,  91.0,  94.0, 6.0  ,  7.0, 30.0,  3.0,  0.0,  7.0, 1.0, 202.0,    7.0,   6.0,   5.0,    11.0,    12.0, 3.0    ,     2.0,     2.0,     0.0,     1.0,     0.0,    18.0
forsbpe01, 1998,     1, COL , NHL , C  , 78.0, 30.0,  67.0,  97.0, 108.0, 27.0 ,  9.0, 28.0,  2.0,  4.0,  7.0, 0.0, 217.0,   19.0,   8.0,  16.0,    24.0,    31.0, 7.0    ,     1.0,     8.0,     1.0,     0.0,     0.0,    54.0
forsbpe01, 1999,     1, COL , NHL , C  , 49.0, 14.0,  37.0,  51.0,  52.0, 9.0  ,  3.0, 12.0,  0.0,  0.0,  2.0, 0.0, 105.0,   16.0,   7.0,   8.0,    15.0,    12.0, 9.0    ,     2.0,     3.0,     1.0,     0.0,     4.0,    54.0
forsbpe01, 2000,     1, COL , NHL , C  , 73.0, 27.0,  62.0,  89.0,  54.0, 23.0 , 12.0, 24.0,  2.0,  4.0,  5.0, 0.0, 178.0,   11.0,   4.0,  10.0,    14.0,     6.0, 5.0    ,     1.0,     4.0,     0.0,     0.0,     2.0,    23.0
forsbpe01, 2001,     1, COL , NHL , C  ,     ,     ,      ,      ,      ,      ,     ,     ,     ,     ,     ,    ,      ,   20.0,   9.0,  18.0,    27.0,    20.0, 8.0    ,     0.0,     7.0,     0.0,     0.0,     4.0,    35.0
forsbpe01, 2002,     1, COL , NHL , C  , 75.0, 29.0,  77.0, 106.0,  70.0, 52.0 ,  8.0, 25.0,  0.0,  0.0,  2.0, 0.0, 166.0,    7.0,   2.0,   6.0,     8.0,     6.0, 3.0    ,     1.0,     1.0,     0.0,     0.0,     0.0,    23.0
forsbpe01, 2003,     1, COL , NHL , C  , 39.0, 18.0,  37.0,  55.0,  30.0, 16.0 ,  3.0, 21.0,  1.0,  0.0,  5.0, 0.0,  85.0,   11.0,   4.0,   7.0,    11.0,    12.0, 6.0    ,     1.0,     2.0,     0.0,     0.0,     1.0,    16.0
forsbpe01, 2005,     1, PHI , NHL , C  , 60.0, 19.0,  56.0,  75.0,  46.0, 21.0 ,  8.0, 24.0,  1.0,  0.0,  2.0,    , 132.0,    6.0,   4.0,   4.0,     8.0,     6.0, 2.0    ,     1.0,     1.0,     0.0,     0.0,     2.0,    12.0
forsbpe01, 2006,     1, PHI , NHL , C  , 40.0, 11.0,  29.0,  40.0,  72.0, 2.0  ,  5.0, 13.0,  0.0,  0.0,  2.0,    ,  63.0,       ,      ,      ,        ,        ,        ,        ,        ,        ,        ,        ,      
forsbpe01, 2006,     2, NAS , NHL , C  , 17.0,  2.0,  13.0,  15.0,  16.0, 5.0  ,  1.0,  6.0,  0.0,  0.0,  1.0,    ,  36.0,    5.0,   2.0,   2.0,     4.0,    12.0, 2.0    ,     0.0,     0.0,     0.0,     0.0,     0.0,     7.0
forsbpe01, 2007,     1, COL , NHL , C  ,  9.0,  1.0,  13.0,  14.0,   8.0, 7.0  ,  0.0,  4.0,  0.0,  0.0,  0.0,    ,  15.0,    7.0,   1.0,   4.0,     5.0,    14.0, 3.0    ,     0.0,     2.0,     0.0,     0.0,     0.0,    13.0
forseja01, 1942,     1, TOR , NHL , R  , 19.0,  7.0,   9.0,  16.0,  10.0,      ,     ,     ,     ,     ,     ,    ,      ,    3.0,   0.0,   1.0,     1.0,     0.0,        ,        ,        ,        ,        ,        ,      
forslgu01, 1932,     1, OTS , NHL , F  , 48.0,  4.0,   9.0,  13.0,   2.0,      ,     ,     ,     ,     ,     ,    ,      ,       ,      ,      ,        ,        ,        ,        ,        ,        ,        ,        ,      
forslto01, 1991,     1, CAL , NHL , R  , 38.0,  5.0,   9.0,  14.0,  12.0, -6.0 ,  0.0,  0.0,  0.0,  0.0,  1.0, 0.0,  48.0,       ,      ,      ,        ,        ,        ,        ,        ,        ,        ,        ,      
forslto01, 1992,     1, CAL , NHL , R  ,  6.0,  0.0,   2.0,   2.0,   0.0, 0.0  ,  0.0,  0.0,  0.0,  1.0,  0.0, 0.0,   3.0,       ,      ,      ,        ,        ,        ,        ,        ,        ,        ,        ,      
forsyal01, 1976,     1, WAS , NHL , C  ,  1.0,  0.0,   0.0,   0.0,   0.0, 0.0  ,  0.0,     ,  0.0,     ,  0.0, 0.0,   0.0,       ,      ,      ,        ,        ,        ,        ,        ,        ,        ,        ,      
fortida01, 1972,     1, TOR , NHL , D  , 23.0,  1.0,   4.0,   5.0,  63.0, -10.0,  0.0,     ,  0.0,     ,  0.0, 0.0,  29.0,       ,      ,      ,        ,        ,        ,        ,        ,        ,        ,        ,      
fortida01, 1974,     1, NYI , NHL , D  , 65.0,  6.0,  12.0,  18.0,  79.0, 14.0 ,  1.0,     ,  0.0,     ,  0.0, 1.0,  74.0,   14.0,   0.0,   2.0,     2.0,    33.0,        ,     0.0,        ,     0.0,        ,     0.0,      
fortida01, 1975,     1, NYI , NHL , D  , 59.0,  0.0,   2.0,   2.0,  68.0, 9.0  ,  0.0,     ,  0.0,     ,  0.0, 0.0,  58.0,    6.0,   0.0,   0.0,     0.0,     0.0,        ,     0.0,        ,     0.0,        ,     0.0,      
fortida01, 1976,     1, VAN , NHL , D  , 58.0,  1.0,   3.0,   4.0, 125.0, -15.0,  0.0,     ,  0.0,     ,  0.0, 0.0,  46.0,       ,      ,      ,        ,        ,        ,        ,        ,        ,        ,        ,      
fortida01, 1977,     1, IND , WHA , D  , 54.0,  1.0,  15.0,  16.0,  86.0, -17.0,  0.0,     ,  0.0,     ,     ,    ,  69.0,       ,      ,      ,        ,        ,        ,        ,        ,        ,        ,        ,      
fortifl01, 1975,     1, QUN , WHA , D  ,  4.0,  1.0,   1.0,   2.0,   0.0, 1.0  ,  0.0,     ,  0.0,     ,  0.0,    ,   2.0,    1.0,   0.0,   0.0,     0.0,     0.0, 0.0    ,        ,        ,        ,        ,        ,      
fortije01, 2001,     1, WAS , NHL , D  , 36.0,  1.0,   3.0,   4.0,  20.0, -1.0 ,  0.0,  0.0,  0.0,  0.0,  0.0, 0.0,  24.0,       ,      ,      ,        ,        ,        ,        ,        ,        ,        ,        ,      
fortije01, 2002,     1, WAS , NHL , D  , 33.0,  0.0,   1.0,   1.0,  22.0, -3.0 ,  0.0,  0.0,  0.0,  0.0,  0.0, 0.0,  20.0,       ,      ,      ,        ,        ,        ,        ,        ,        ,        ,        ,      
fortije01, 2003,     1, WAS , NHL , D  ,  2.0,  0.0,   0.0,   0.0,   0.0, 0.0  ,  0.0,  0.0,  0.0,  0.0,  0.0, 0.0,   0.0,       ,      ,      ,        ,        ,        ,        ,        ,        ,        ,        ,      
fortima01, 1987,     1, QUE , NHL , C  , 27.0,  4.0,  10.0,  14.0,  12.0, -17.0,  3.0,  4.0,  0.0,  0.0,  1.0, 0.0,  40.0,       ,      ,      ,        ,        ,        ,        ,        ,        ,        ,        ,      
fortima01, 1988,     1, QUE , NHL , C  , 57.0, 20.0,  19.0,  39.0,  45.0, -18.0,  2.0,  6.0,  2.0,  1.0,  2.0, 1.0,  90.0,       ,      ,      ,        ,        ,        ,        ,        ,        ,        ,        ,      
fortima01, 1989,     1, QUE , NHL , R  , 59.0, 13.0,  17.0,  30.0,  28.0, -16.0,  3.0,  5.0,  1.0,  0.0,  1.0, 0.0,  89.0,       ,      ,      ,        ,        ,        ,        ,        ,        ,        ,        ,      
fortima01, 1990,     1, QUE , NHL , C  , 14.0,  0.0,   4.0,   4.0,   6.0, -3.0 ,  0.0,  1.0,  0.0,  0.0,  0.0, 0.0,  13.0,       ,      ,      ,        ,        ,        ,        ,        ,        ,        ,        ,      
fortima01, 1991,     1, QUE , NHL , C  , 39.0,  5.0,   9.0,  14.0,  33.0, -7.0 ,  2.0,  0.0,  0.0,  0.0,  1.0, 0.0,  42.0,       ,      ,      ,        ,        ,        ,        ,        ,        ,        ,        ,      
fortima01, 1992,     1, OTT , NHL , C  , 10.0,  0.0,   1.0,   1.0,   6.0, -7.0 ,  0.0,  0.0,  0.0,  0.0,  0.0, 0.0,  12.0,       ,      ,      ,        ,        ,        ,        ,        ,        ,        ,        ,      
fortima01, 1992,     2, LAK , NHL , C  ,  6.0,  0.0,   0.0,   0.0,   5.0, -2.0 ,  0.0,  0.0,  0.0,  0.0,  0.0, 0.0,   2.0,       ,      ,      ,        ,        ,        ,        ,        ,        ,        ,        ,      
fortira01, 1967,     1, STL , NHL , D  , 24.0,  0.0,   2.0,   2.0,   8.0, -3.0 ,  0.0,     ,  0.0,     ,  0.0, 0.0,  25.0,    3.0,   0.0,   0.0,     0.0,     2.0,        ,     0.0,        ,     0.0,        ,     0.0,      
fortira01, 1968,     1, STL , NHL , D  , 11.0,  1.0,   0.0,   1.0,   6.0, 4.0  ,  0.0,     ,  0.0,     ,  0.0, 0.0,  10.0,       ,      ,      ,        ,        ,        ,        ,        ,        ,        ,        ,      
fortira01, 1969,     1, STL , NHL , D  , 57.0,  1.0,   4.0,   5.0,  19.0, 3.0  ,  0.0,     ,  0.0,     ,  0.0, 0.0,  66.0,    3.0,   0.0,   0.0,     0.0,     6.0,        ,     0.0,        ,     0.0,        ,     0.0,      
fortujo01, 1976,     1, EDO , WHA , L  ,  1.0,  0.0,   0.0,   0.0,   0.0, 0.0  ,  0.0,     ,  0.0,     ,  0.0,    ,   0.0,       ,      ,      ,        ,        ,        ,        ,        ,        ,        ,        ,      
fortuma01, 2009,     1, DAL , NHL , D  ,  8.0,  0.0,   0.0,   0.0,   4.0, -6.0 ,  0.0,  0.0,  0.0,  0.0,  0.0,    ,   5.0,       ,      ,      ,        ,        ,        ,        ,        ,        ,        ,        ,      
fosteal01, 2007,     1, TOR , NHL , C  ,  3.0,  0.0,   0.0,   0.0,   0.0, 0.0  ,  0.0,  0.0,  0.0,  0.0,  0.0,    ,   1.0,       ,      ,      ,        ,        ,        ,        ,        ,        ,        ,        ,      
fosteco01, 1988,     1, NJD , NHL , D  ,  2.0,  0.0,   0.0,   0.0,   0.0, -2.0 ,  0.0,  0.0,  0.0,  0.0,  0.0, 0.0,   2.0,       ,      ,      ,        ,        ,        ,        ,        ,        ,        ,        ,      
fosteco01, 1991,     1, PHI , NHL , D  , 25.0,  3.0,   4.0,   7.0,  20.0, -14.0,  1.0,  2.0,  0.0,  0.0,  0.0, 0.0,  67.0,       ,      ,      ,        ,        ,        ,        ,        ,        ,        ,        ,      
fosteco01, 1995,     1, PIT , NHL , D  , 11.0,  2.0,   2.0,   4.0,   2.0, -2.0 ,  1.0,  1.0,  0.0,  0.0,  0.0, 0.0,   8.0,    3.0,   0.0,   0.0,     0.0,     4.0, -2.0   ,     0.0,     0.0,     0.0,     0.0,     0.0,     4.0
fosteco01, 1996,     1, NYI , NHL , D  ,  7.0,  0.0,   0.0,   0.0,   2.0, -2.0 ,  0.0,  0.0,  0.0,  0.0,  0.0, 0.0,   1.0,       ,      ,      ,        ,        ,        ,        ,        ,        ,        ,        ,      
fostedw01, 1977,     1, BOS , NHL , C  , 14.0,  2.0,   1.0,   3.0,   6.0, 1.0  ,  0.0,     ,  0.0,     ,  0.0, 1.0,  24.0,       ,      ,      ,        ,        ,        ,        ,        ,        ,        ,        ,      
fostedw01, 1978,     1, BOS , NHL , C  , 44.0, 11.0,  13.0,  24.0,  14.0, -1.0 ,  2.0,     ,  0.0,     ,  0.0, 1.0,  57.0,   11.0,   1.0,   3.0,     4.0,     0.0,        ,     0.0,        ,     0.0,        ,     0.0,      
fostedw01, 1979,     1, BOS , NHL , C  , 57.0, 10.0,  28.0,  38.0,  42.0, 23.0 ,  1.0,     ,  1.0,     ,  2.0, 1.0,  68.0,    9.0,   3.0,   5.0,     8.0,     2.0,        ,     0.0,        ,     1.0,        ,     1.0,      
fostedw01, 1980,     1, BOS , NHL , R  , 77.0, 24.0,  28.0,  52.0,  62.0, 4.0  ,  3.0,     ,  3.0,     ,  5.0, 1.0, 107.0,    3.0,   1.0,   1.0,     2.0,     0.0,        ,     0.0,        ,     0.0,        ,     0.0,      
fostedw01, 1981,     1, COR , NHL , R  , 70.0, 12.0,  19.0,  31.0,  41.0, -53.0,  1.0,     ,  1.0,     ,  0.0, 1.0,  97.0,       ,      ,      ,        ,        ,        ,        ,        ,        ,        ,        ,      
fostedw01, 1982,     1, NJD , NHL , R  ,  4.0,  0.0,   0.0,   0.0,   2.0, -1.0 ,  0.0,     ,  0.0,     ,  0.0, 0.0,   2.0,       ,      ,      ,        ,        ,        ,        ,        ,        ,        ,        ,      
fostedw01, 1982,     2, DET , NHL , C  , 58.0, 17.0,  22.0,  39.0,  58.0, -8.0 ,  3.0,     ,  1.0,     ,  1.0, 2.0,  83.0,       ,      ,      ,        ,        ,        ,        ,        ,        ,        ,        ,      
fostedw01, 1983,     1, DET , NHL , R  , 52.0,  9.0,  12.0,  21.0,  50.0, -4.0 ,  0.0,     ,  2.0,     ,  1.0, 0.0,  75.0,    3.0,   0.0,   1.0,     1.0,     0.0, 2.0    ,     0.0,        ,     0.0,        ,     0.0,     8.0
fostedw01, 1984,     1, DET , NHL , C  , 50.0, 16.0,  16.0,  32.0,  56.0, 12.0 ,  0.0,     ,  3.0,     ,  0.0, 0.0,  69.0,    3.0,   0.0,   0.0,     0.0,     0.0, -4.0   ,     0.0,        ,     0.0,        ,     0.0,     3.0
fostedw01, 1985,     1, DET , NHL , C  , 55.0,  6.0,  12.0,  18.0,  48.0, -13.0,  1.0,     ,  1.0,     ,  0.0, 0.0,  41.0,       ,      ,      ,        ,        ,        ,        ,        ,        ,        ,        ,      
fostedw01, 1985,     2, BOS , NHL , C/R, 13.0,  0.0,   0.0,   0.0,   4.0, -5.0 ,  0.0,     ,  0.0,     ,  0.0, 0.0,   8.0,    3.0,   0.0,   2.0,     2.0,     2.0, 1.0    ,     0.0,        ,     0.0,        ,     0.0,     1.0
fostedw01, 1986,     1, BOS , NHL , C  , 47.0,  4.0,  12.0,  16.0,  37.0, 1.0  ,  0.0,     ,  1.0,     ,  0.0, 0.0,  23.0,    3.0,   0.0,   0.0,     0.0,     0.0, -2.0   ,     0.0,        ,     0.0,        ,     0.0,     4.0
fostehe01, 1940,     1, NYR , NHL , L  ,  5.0,  1.0,   0.0,   1.0,   5.0,      ,     ,     ,     ,     ,     ,    ,      ,       ,      ,      ,        ,        ,        ,        ,        ,        ,        ,        ,      
fostehe01, 1947,     1, NYR , NHL , L  ,  1.0,  0.0,   0.0,   0.0,   0.0,      ,     ,     ,     ,     ,     ,    ,      ,       ,      ,      ,        ,        ,        ,        ,        ,        ,        ,        ,      
fosteku01, 2002,     1, ATL , NHL , D  ,  2.0,  0.0,   0.0,   0.0,   0.0, -2.0 ,  0.0,  0.0,  0.0,  0.0,  0.0, 0.0,   1.0,       ,      ,      ,        ,        ,        ,        ,        ,        ,        ,        ,      
fosteku01, 2003,     1, ATL , NHL , D  ,  3.0,  0.0,   1.0,   1.0,   0.0, 0.0  ,  0.0,  0.0,  0.0,  0.0,  0.0, 0.0,   1.0,       ,      ,      ,        ,        ,        ,        ,        ,        ,        ,        ,      
fosteku01, 2005,     1, MIN , NHL , D  , 58.0, 10.0,  18.0,  28.0,  60.0, -3.0 ,  6.0, 12.0,  0.0,  0.0,  2.0,    , 124.0,       ,      ,      ,        ,        ,        ,        ,        ,        ,        ,        ,      
fosteku01, 2006,     1, MIN , NHL , D  , 57.0,  3.0,  20.0,  23.0,  52.0, -3.0 ,  0.0, 13.0,  0.0,  0.0,  0.0,    , 135.0,    3.0,   0.0,   2.0,     2.0,     0.0, 0.0    ,     0.0,     0.0,     0.0,     0.0,     0.0,     5.0
fosteku01, 2007,     1, MIN , NHL , D  , 56.0,  7.0,  12.0,  19.0,  37.0, 0.0  ,  3.0,  7.0,  0.0,  0.0,  2.0,    , 118.0,       ,      ,      ,        ,        ,        ,        ,        ,        ,        ,        ,      
fosteku01, 2008,     1, MIN , NHL , D  , 10.0,  1.0,   5.0,   6.0,   6.0, 7.0  ,  0.0,  2.0,  0.0,  0.0,  0.0,    ,  10.0,       ,      ,      ,        ,        ,        ,        ,        ,        ,        ,        ,      
fosteku01, 2009,     1, TBL , NHL , D  , 71.0,  8.0,  34.0,  42.0,  48.0, -5.0 ,  3.0, 23.0,  0.0,  0.0,  1.0,    , 165.0,       ,      ,      ,        ,        ,        ,        ,        ,        ,        ,        ,      
fosteno01, 1990,     1, BOS , NHL , G  ,  3.0,  0.0,   0.0,   0.0,   0.0, 0.0  ,  0.0,  0.0,  0.0,  0.0,  0.0, 0.0,   0.0,       ,      ,      ,        ,        ,        ,        ,        ,        ,        ,        ,      
fosteno01, 1991,     1, EDM , NHL , G  , 10.0,  0.0,   0.0,   0.0,   2.0, 0.0  ,  0.0,  0.0,  0.0,  0.0,  0.0, 0.0,   0.0,       ,      ,      ,        ,        ,        ,        ,        ,        ,        ,        ,      
fosteyi01, 1929,     1, NYR , NHL , D  , 31.0,  0.0,   0.0,   0.0,  10.0,      ,     ,     ,     ,     ,     ,    ,      ,       ,      ,      ,        ,        ,        ,        ,        ,        ,        ,        ,      
fosteyi01, 1931,     1, BOS , NHL , R  , 34.0,  1.0,   2.0,   3.0,  12.0,      ,     ,     ,     ,     ,     ,    ,      ,       ,      ,      ,        ,        ,        ,        ,        ,        ,        ,        ,      
fosteyi01, 1933,     1, DET , NHL , D  ,  6.0,  0.0,   0.0,   0.0,   2.0,      ,     ,     ,     ,     ,     ,    ,      ,       ,      ,      ,        ,        ,        ,        ,        ,        ,        ,        ,      
fosteyi01, 1934,     1, DET , NHL , D  , 12.0,  2.0,   0.0,   2.0,   8.0,      ,     ,     ,     ,     ,     ,    ,      ,       ,      ,      ,        ,        ,        ,        ,        ,        ,        ,        ,      
fotiuni01, 1974,     1, NEW , WHA , L  , 61.0,  2.0,   2.0,   4.0, 144.0, -14.0,  0.0,     ,  0.0,     ,     ,    ,  40.0,    4.0,   2.0,   0.0,     2.0,    27.0,        ,        ,        ,        ,        ,     0.0,      
fotiuni01, 1975,     1, NEW , WHA , L  , 49.0,  3.0,   2.0,   5.0,  94.0, -5.0 ,  0.0,     ,  0.0,     ,  0.0,    ,  44.0,   16.0,   3.0,   2.0,     5.0,    57.0, 2.0    ,        ,        ,        ,        ,        ,      
fotiuni01, 1976,     1, NYR , NHL , L  , 70.0,  4.0,   8.0,  12.0, 174.0, -23.0,  0.0,     ,  0.0,     ,  0.0, 0.0,  48.0,       ,      ,      ,        ,        ,        ,        ,        ,        ,        ,        ,      
fotiuni01, 1977,     1, NYR , NHL , L  , 59.0,  2.0,   7.0,   9.0, 105.0, -14.0,  0.0,     ,  0.0,     ,  0.0, 0.0,  32.0,    3.0,   0.0,   0.0,     0.0,     5.0,        ,     0.0,        ,     0.0,        ,     0.0,      
fotiuni01, 1978,     1, NYR , NHL , L  , 71.0,  3.0,   5.0,   8.0, 190.0, 3.0  ,  0.0,     ,  0.0,     ,  1.0, 0.0,  51.0,    4.0,   0.0,   0.0,     0.0,     6.0,        ,     0.0,        ,     0.0,        ,     0.0,      
fotiuni01, 1979,     1, HAR , NHL , L  , 74.0, 10.0,   8.0,  18.0, 107.0, 2.0  ,  0.0,     ,  0.0,     ,  0.0, 0.0,  54.0,    3.0,   0.0,   0.0,     0.0,     6.0,        ,     0.0,        ,     0.0,        ,     0.0,      
fotiuni01, 1980,     1, HAR , NHL , L  , 42.0,  4.0,   3.0,   7.0,  79.0, -7.0 ,  0.0,     ,  0.0,     ,  0.0, 0.0,  36.0,       ,      ,      ,        ,        ,        ,        ,        ,        ,        ,        ,      
fotiuni01, 1980,     2, NYR , NHL , L  , 27.0,  5.0,   6.0,  11.0,  91.0, -6.0 ,  1.0,     ,  0.0,     ,  0.0, 1.0,  28.0,    2.0,   0.0,   0.0,     0.0,     4.0,        ,     0.0,        ,     0.0,        ,     0.0,      
fotiuni01, 1981,     1, NYR , NHL , L  , 70.0,  8.0,  10.0,  18.0, 151.0, -7.0 ,  0.0,     ,  0.0,     ,  1.0, 0.0,  76.0,   10.0,   0.0,   2.0,     2.0,     6.0,        ,     0.0,        ,     0.0,        ,     0.0,      
fotiuni01, 1982,     1, NYR , NHL , L  , 72.0,  8.0,  13.0,  21.0,  90.0, 6.0  ,  1.0,     ,  0.0,     ,  1.0, 0.0,  61.0,    5.0,   0.0,   1.0,     1.0,     6.0,        ,     0.0,        ,     0.0,        ,     0.0,      
fotiuni01, 1983,     1, NYR , NHL , L  , 40.0,  7.0,   6.0,  13.0, 115.0, 8.0  ,  0.0,     ,  0.0,     ,  2.0, 0.0,  40.0,       ,      ,      ,        ,        ,        ,        ,        ,        ,        ,        ,      
fotiuni01, 1984,     1, NYR , NHL , L  , 46.0,  4.0,   7.0,  11.0,  54.0, -7.0 ,  0.0,     ,  0.0,     ,  1.0, 0.0,  44.0,       ,      ,      ,        ,        ,        ,        ,        ,        ,        ,        ,      
fotiuni01, 1985,     1, CAL , NHL , L  ,  9.0,  0.0,   1.0,   1.0,  21.0, -3.0 ,  0.0,     ,  0.0,     ,  0.0, 0.0,   7.0,   11.0,   0.0,   1.0,     1.0,    34.0, 1.0    ,     0.0,        ,     0.0,        ,     0.0,    12.0
fotiuni01, 1986,     1, CAL , NHL , L  , 42.0,  5.0,   3.0,   8.0, 145.0, -3.0 ,  0.0,     ,  0.0,     ,  1.0, 0.0,  31.0,       ,      ,      ,        ,        ,        ,        ,        ,        ,        ,        ,      
fotiuni01, 1987,     1, PHI , NHL , L  , 23.0,  0.0,   0.0,   0.0,  40.0, -9.0 ,  0.0,  0.0,  0.0,  0.0,  0.0, 0.0,   9.0,       ,      ,      ,        ,        ,        ,        ,        ,        ,        ,        ,      
fotiuni01, 1988,     1, EDM , NHL , L  ,  1.0,  0.0,   0.0,   0.0,   0.0, 1.0  ,  0.0,  0.0,  0.0,  0.0,  0.0, 0.0,   0.0,       ,      ,      ,        ,        ,        ,        ,        ,        ,        ,        ,      
fountmi01, 1996,     1, VAN , NHL , G  ,  6.0,  0.0,   0.0,   0.0,   0.0, 0.0  ,  0.0,  0.0,  0.0,  0.0,  0.0, 0.0,   0.0,       ,      ,      ,        ,        ,        ,        ,        ,        ,        ,        ,      
fountmi01, 1997,     1, CAR , NHL , G  ,  3.0,  0.0,   0.0,   0.0,   2.0, 0.0  ,  0.0,  0.0,  0.0,  0.0,  0.0, 0.0,   0.0,       ,      ,      ,        ,        ,        ,        ,        ,        ,        ,        ,      
fountmi01, 1999,     1, OTT , NHL , G  ,  1.0,  0.0,   0.0,   0.0,   0.0, 0.0  ,  0.0,  0.0,  0.0,  0.0,  0.0, 0.0,   0.0,       ,      ,      ,        ,        ,        ,        ,        ,        ,        ,        ,      
fountmi01, 2000,     1, OTT , NHL , G  ,  1.0,  0.0,   0.0,   0.0,   0.0, 0.0  ,  0.0,  0.0,  0.0,  0.0,  0.0, 0.0,   0.0,       ,      ,      ,        ,        ,        ,        ,        ,        ,        ,        ,      
fournja01, 1914,     1, MOC , NHA ,    ,  9.0,  0.0,   1.0,   1.0,   3.0,      ,     ,     ,     ,     ,     ,    ,      ,       ,      ,      ,        ,        ,        ,        ,        ,        ,        ,        ,      
fournja01, 1915,     1, MOC , NHA ,    ,  9.0,  1.0,   0.0,   1.0,   4.0,      ,     ,     ,     ,     ,     ,    ,      ,       ,      ,      ,        ,        ,        ,        ,        ,        ,        ,        ,      
fournja01, 1916,     1, OT1 , NHA ,    ,  8.0,  0.0,   0.0,   0.0,   0.0,      ,     ,     ,     ,     ,     ,    ,      ,       ,      ,      ,        ,        ,        ,        ,        ,        ,        ,        ,      
fowlehe01, 1916,     1, SPO , PCHA, G  , 23.0,  0.0,   0.0,   0.0,   0.0,      ,     ,     ,     ,     ,     ,    ,      ,       ,      ,      ,        ,        ,        ,        ,        ,        ,        ,        ,      
fowlehe01, 1917,     1, SEA , PCHA, G  , 18.0,  0.0,   0.0,   0.0,   0.0,      ,     ,     ,     ,     ,     ,    ,      ,    2.0,   0.0,   0.0,     0.0,     0.0,        ,        ,        ,        ,        ,        ,      
fowlehe01, 1919,     1, VA2 , PCHA, G  , 22.0,  0.0,   0.0,   0.0,   0.0,      ,     ,     ,     ,     ,     ,    ,      ,       ,      ,      ,        ,        ,        ,        ,        ,        ,        ,        ,      
fowlehe01, 1920,     1, VA2 , PCHA, G  , 24.0,  0.0,   0.0,   0.0,   0.0,      ,     ,     ,     ,     ,     ,    ,      ,       ,      ,      ,        ,        ,        ,        ,        ,        ,        ,        ,      
fowlehe01, 1921,     1, VA2 , PCHA, G  , 24.0,  0.0,   0.0,   0.0,  16.0,      ,     ,     ,     ,     ,     ,    ,      ,       ,      ,      ,        ,        ,        ,        ,        ,        ,        ,        ,      
fowlehe01, 1922,     1, VC1 , PCHA, G  , 30.0,  0.0,   0.0,   0.0,   0.0,      ,     ,     ,     ,     ,     ,    ,      ,    2.0,   0.0,   0.0,     0.0,     0.0,        ,        ,        ,        ,        ,        ,      
fowlehe01, 1923,     1, VC1 , PCHA, G  , 30.0,  0.0,   0.0,   0.0,   2.0,      ,     ,     ,     ,     ,     ,    ,      ,       ,      ,      ,        ,        ,        ,        ,        ,        ,        ,        ,      
fowlehe01, 1924,     1, BOS , NHL , G  ,  7.0,  0.0,   0.0,   0.0,   0.0,      ,     ,     ,     ,     ,     ,    ,      ,       ,      ,      ,        ,        ,        ,        ,        ,        ,        ,        ,      
fowlehe01, 1924,     2, EDE , WCHL, G  ,  8.0,  0.0,   0.0,   0.0,   2.0,      ,     ,     ,     ,     ,     ,    ,      ,       ,      ,      ,        ,        ,        ,        ,        ,        ,        ,        ,      
fowleji01, 1936,     1, TOR , NHL , D  , 48.0,  7.0,  11.0,  18.0,  22.0,      ,     ,     ,     ,     ,     ,    ,      ,    2.0,   0.0,   0.0,     0.0,     0.0,        ,        ,        ,        ,        ,        ,      
fowleji01, 1937,     1, TOR , NHL , D  , 48.0, 10.0,  12.0,  22.0,   8.0,      ,     ,     ,     ,     ,     ,    ,      ,    7.0,   0.0,   2.0,     2.0,     0.0,        ,        ,        ,        ,        ,        ,      
fowleji01, 1938,     1, TOR , NHL , D  , 39.0,  1.0,   6.0,   7.0,   9.0,      ,     ,     ,     ,     ,     ,    ,      ,    9.0,   0.0,   1.0,     1.0,     2.0,        ,        ,        ,        ,        ,        ,      
fowleto01, 1946,     1, CHI , NHL , C  , 24.0,  0.0,   1.0,   1.0,  18.0,      ,     ,     ,     ,     ,     ,    ,      ,       ,      ,      ,        ,        ,        ,        ,        ,        ,        ,        ,      
foxgr01  , 1977,     1, ATF , NHL , D  , 16.0,  1.0,   2.0,   3.0,  25.0, 5.0  ,  1.0,     ,  0.0,     ,  0.0, 0.0,  15.0,    2.0,   0.0,   1.0,     1.0,     8.0,        ,     0.0,        ,     0.0,        ,     0.0,      
foxgr01  , 1978,     1, ATF , NHL , D  , 64.0,  0.0,  12.0,  12.0,  70.0, 25.0 ,  0.0,     ,  0.0,     ,  0.0, 0.0,  39.0,       ,      ,      ,        ,        ,        ,        ,        ,        ,        ,        ,      
foxgr01  , 1978,     2, CHI , NHL , D  , 14.0,  0.0,   5.0,   5.0,  16.0, 9.0  ,  0.0,     ,  0.0,     ,  0.0, 0.0,  18.0,    4.0,   0.0,   1.0,     1.0,     0.0,        ,     0.0,        ,     0.0,        ,     0.0,      
foxgr01  , 1979,     1, CHI , NHL , D  , 71.0,  4.0,  11.0,  15.0,  73.0, -13.0,  0.0,     ,  0.0,     ,  1.0, 0.0,  58.0,    7.0,   0.0,   0.0,     0.0,     8.0,        ,     0.0,        ,     0.0,        ,     0.0,      
foxgr01  , 1980,     1, CHI , NHL , D  , 75.0,  3.0,  16.0,  19.0, 112.0, -10.0,  0.0,     ,  0.0,     ,  0.0, 0.0,  69.0,    3.0,   0.0,   1.0,     1.0,     2.0,        ,     0.0,        ,     0.0,        ,     0.0,      
foxgr01  , 1981,     1, CHI , NHL , D  , 79.0,  2.0,  19.0,  21.0, 137.0, -13.0,  0.0,     ,  0.0,     ,  0.0, 0.0,  89.0,   15.0,   1.0,   3.0,     4.0,    27.0,        ,     0.0,        ,     0.0,        ,     1.0,      
foxgr01  , 1982,     1, CHI , NHL , D  , 76.0,  0.0,  12.0,  12.0,  81.0, 11.0 ,  0.0,     ,  0.0,     ,  0.0, 0.0,  55.0,   13.0,   0.0,   3.0,     3.0,    22.0,        ,     0.0,        ,     0.0,        ,     0.0,      
foxgr01  , 1983,     1, CHI , NHL , D  , 24.0,  0.0,   5.0,   5.0,  31.0, 0.0  ,  0.0,     ,  0.0,     ,  0.0, 0.0,  15.0,       ,      ,      ,        ,        ,        ,        ,        ,        ,        ,        ,      
foxgr01  , 1983,     2, PIT , NHL , D  , 49.0,  2.0,   5.0,   7.0,  66.0, -42.0,  0.0,     ,  0.0,     ,  0.0, 0.0,  27.0,       ,      ,      ,        ,        ,        ,        ,        ,        ,        ,        ,      
foxgr01  , 1984,     1, PIT , NHL , D  , 26.0,  2.0,   5.0,   7.0,  26.0, -6.0 ,  0.0,     ,  0.0,     ,  0.0, 0.0,  14.0,       ,      ,      ,        ,        ,        ,        ,        ,        ,        ,        ,      
foxji01  , 1980,     1, LAK , NHL , R  , 71.0, 18.0,  25.0,  43.0,   8.0, 0.0  ,  2.0,     ,  0.0,     ,  2.0, 3.0,  92.0,    4.0,   0.0,   1.0,     1.0,     0.0,        ,     0.0,        ,     0.0,        ,     0.0,      
foxji01  , 1981,     1, LAK , NHL , R  , 77.0, 30.0,  38.0,  68.0,  23.0, -15.0,  5.0,     ,  1.0,     ,  0.0, 4.0, 157.0,    9.0,   1.0,   4.0,     5.0,     0.0,        ,     0.0,        ,     0.0,        ,     0.0,      
foxji01  , 1982,     1, LAK , NHL , R  , 77.0, 28.0,  40.0,  68.0,   8.0, -11.0,  7.0,     ,  0.0,     ,  1.0, 0.0, 137.0,       ,      ,      ,        ,        ,        ,        ,        ,        ,        ,        ,      
foxji01  , 1983,     1, LAK , NHL , R  , 80.0, 30.0,  42.0,  72.0,  26.0, -12.0, 10.0,     ,  0.0,     ,  5.0, 1.0, 153.0,       ,      ,      ,        ,        ,        ,        ,        ,        ,        ,        ,      
foxji01  , 1984,     1, LAK , NHL , R  , 79.0, 30.0,  53.0,  83.0,  10.0, 4.0  ,  6.0,     ,  0.0,     ,  2.0, 0.0, 174.0,    3.0,   0.0,   1.0,     1.0,     0.0, 3.0    ,     0.0,        ,     0.0,        ,     0.0,     5.0
foxji01  , 1985,     1, LAK , NHL , R  , 39.0, 14.0,  17.0,  31.0,   2.0, -9.0 ,  2.0,     ,  0.0,     ,  0.0, 0.0,  81.0,       ,      ,      ,        ,        ,        ,        ,        ,        ,        ,        ,      
foxji01  , 1986,     1, LAK , NHL , R  , 76.0, 19.0,  42.0,  61.0,  48.0, -10.0,  4.0,     ,  0.0,     ,  2.0, 0.0, 162.0,    5.0,   3.0,   2.0,     5.0,     0.0, -2.0   ,     1.0,        ,     0.0,        ,     0.0,    20.0
foxji01  , 1987,     1, LAK , NHL , R  , 68.0, 16.0,  35.0,  51.0,  18.0, -7.0 ,  2.0, 11.0,  0.0,  0.0,  1.0, 0.0, 120.0,    1.0,   0.0,   0.0,     0.0,     0.0, -2.0   ,     0.0,     0.0,     0.0,     0.0,     0.0,     0.0
foxji01  , 1989,     1, LAK , NHL , R  , 11.0,  1.0,   1.0,   2.0,   0.0, -1.0 ,  0.0,  0.0,  0.0,  0.0,  1.0, 0.0,   7.0,       ,      ,      ,        ,        ,        ,        ,        ,        ,        ,        ,      
foyma01  , 2005,     1, MIN , NHL , R  , 19.0,  2.0,   3.0,   5.0,  16.0, -4.0 ,  1.0,  0.0,  0.0,  0.0,  0.0,    ,  21.0,       ,      ,      ,        ,        ,        ,        ,        ,        ,        ,        ,      
foyma01  , 2006,     1, MIN , NHL , R  ,  9.0,  0.0,   0.0,   0.0,   4.0, -1.0 ,  0.0,  0.0,  0.0,  0.0,  0.0,    ,   6.0,       ,      ,      ,        ,        ,        ,        ,        ,        ,        ,        ,      
foyma01  , 2007,     1, MIN , NHL , R  , 28.0,  4.0,   4.0,   8.0,  28.0, -1.0 ,  0.0,  0.0,  0.0,  0.0,  1.0,    ,  38.0,    1.0,   0.0,   0.0,     0.0,     0.0, 0.0    ,     0.0,     0.0,     0.0,     0.0,     0.0,     0.0
foystfr01, 1912,     1, TBS , NHA ,    , 16.0,  8.0,   0.0,   8.0,   8.0,      ,     ,     ,     ,     ,     ,    ,      ,       ,      ,      ,        ,        ,        ,        ,        ,        ,        ,        ,      
foystfr01, 1913,     1, TBS , NHA ,    , 19.0, 16.0,   2.0,  18.0,   8.0,      ,     ,     ,     ,     ,     ,    ,      ,    2.0,   1.0,      ,        ,        ,        ,        ,        ,        ,        ,        ,      
foystfr01, 1914,     1, TBS , NHA ,    , 20.0, 13.0,   9.0,  22.0,  11.0,      ,     ,     ,     ,     ,     ,    ,      ,       ,      ,      ,        ,        ,        ,        ,        ,        ,        ,        ,      
foystfr01, 1915,     1, TBS , NHA ,    ,  1.0,  0.0,   0.0,   0.0,   0.0,      ,     ,     ,     ,     ,     ,    ,      ,       ,      ,      ,        ,        ,        ,        ,        ,        ,        ,        ,      
foystfr01, 1915,     2, SEA , PCHA, L  , 18.0,  9.0,   4.0,  13.0,   6.0,      ,     ,     ,     ,     ,     ,    ,      ,       ,      ,      ,        ,        ,        ,        ,        ,        ,        ,        ,      
foystfr01, 1916,     1, SEA , PCHA, L  , 24.0, 36.0,  12.0,  48.0,  51.0,      ,     ,     ,     ,     ,     ,    ,      ,       ,      ,      ,        ,        ,        ,        ,        ,        ,        ,        ,      
foystfr01, 1917,     1, SEA , PCHA, C  , 13.0,  9.0,   5.0,  14.0,   9.0,      ,     ,     ,     ,     ,     ,    ,      ,    2.0,   0.0,   0.0,     0.0,     3.0,        ,        ,        ,        ,        ,        ,      
foystfr01, 1918,     1, SEA , PCHA, L  , 18.0, 15.0,   4.0,  19.0,   0.0,      ,     ,     ,     ,     ,     ,    ,      ,    2.0,   3.0,   0.0,     3.0,     0.0,        ,        ,        ,        ,        ,        ,      
foystfr01, 1919,     1, SEA , PCHA, C  , 22.0, 26.0,   3.0,  29.0,   3.0,      ,     ,     ,     ,     ,     ,    ,      ,    2.0,   3.0,   1.0,     4.0,     0.0,        ,        ,        ,        ,        ,        ,      
foystfr01, 1920,     1, SEA , PCHA, C  , 23.0, 26.0,   5.0,  31.0,   0.0,      ,     ,     ,     ,     ,     ,    ,      ,    2.0,   1.0,   0.0,     1.0,     0.0,        ,        ,        ,        ,        ,        ,      
foystfr01, 1921,     1, SEA , PCHA, C  , 24.0, 16.0,   7.0,  23.0,  25.0,      ,     ,     ,     ,     ,     ,    ,      ,    2.0,   0.0,   0.0,     0.0,     3.0,        ,        ,        ,        ,        ,        ,      
foystfr01, 1922,     1, SEA , PCHA, C  , 30.0, 20.0,   8.0,  28.0,  10.0,      ,     ,     ,     ,     ,     ,    ,      ,       ,      ,      ,        ,        ,        ,        ,        ,        ,        ,        ,      
foystfr01, 1923,     1, SEA , PCHA, L  , 30.0, 18.0,   5.0,  23.0,   8.0,      ,     ,     ,     ,     ,     ,    ,      ,    2.0,   0.0,   0.0,     0.0,     0.0,        ,        ,        ,        ,        ,        ,      
foystfr01, 1924,     1, VIC , WCHL, C  , 27.0,  6.0,   5.0,  11.0,   6.0,      ,     ,     ,     ,     ,     ,    ,      ,    4.0,   1.0,   1.0,     2.0,     2.0,        ,        ,        ,        ,        ,        ,      
foystfr01, 1925,     1, VIC , WCHL, L  , 12.0,  6.0,   3.0,   9.0,   8.0,      ,     ,     ,     ,     ,     ,    ,      ,    3.0,   2.0,   0.0,     2.0,     4.0,        ,        ,        ,        ,        ,        ,      
foystfr01, 1926,     1, DTC , NHL , C/L, 41.0, 10.0,   5.0,  15.0,  16.0,      ,     ,     ,     ,     ,     ,    ,      ,       ,      ,      ,        ,        ,        ,        ,        ,        ,        ,        ,      
foystfr01, 1927,     1, DTC , NHL , C/L, 23.0,  7.0,   2.0,   9.0,  16.0,      ,     ,     ,     ,     ,     ,    ,      ,       ,      ,      ,        ,        ,        ,        ,        ,        ,        ,        ,      
frampbo01, 1949,     1, MTL , NHL , L  ,  2.0,  0.0,   0.0,   0.0,   0.0,      ,     ,     ,     ,     ,     ,    ,      ,    3.0,   0.0,   0.0,     0.0,     0.0,        ,        ,        ,        ,        ,        ,      
francbo01, 1982,     1, DET , NHL , C  , 14.0,  2.0,   0.0,   2.0,   0.0, -1.0 ,  0.0,     ,  0.0,     ,  0.0, 0.0,   4.0,       ,      ,      ,        ,        ,        ,        ,        ,        ,        ,        ,      
francem01, 1946,     1, CHI , NHL , G  , 19.0,  0.0,   0.0,   0.0,   0.0,      ,     ,     ,     ,     ,     ,    ,      ,       ,      ,      ,        ,        ,        ,        ,        ,        ,        ,        ,      
francem01, 1947,     1, CHI , NHL , G  , 54.0,  0.0,   0.0,   0.0,   6.0,      ,     ,     ,     ,     ,     ,    ,      ,       ,      ,      ,        ,        ,        ,        ,        ,        ,        ,        ,      
francem01, 1948,     1, NYR , NHL , G  ,  2.0,  0.0,   0.0,   0.0,   0.0,      ,     ,     ,     ,     ,     ,    ,      ,       ,      ,      ,        ,        ,        ,        ,        ,        ,        ,        ,      
francem01, 1949,     1, NYR , NHL , G  ,  1.0,  0.0,   0.0,   0.0,   0.0,      ,     ,     ,     ,     ,     ,    ,      ,       ,      ,      ,        ,        ,        ,        ,        ,        ,        ,        ,      
francem01, 1950,     1, NYR , NHL , G  ,  5.0,  0.0,   0.0,   0.0,   0.0,      ,     ,     ,     ,     ,     ,    ,      ,       ,      ,      ,        ,        ,        ,        ,        ,        ,        ,        ,      
francem01, 1951,     1, NYR , NHL , G  , 14.0,  0.0,   0.0,   0.0,   0.0,      ,     ,     ,     ,     ,     ,    ,      ,       ,      ,      ,        ,        ,        ,        ,        ,        ,        ,        ,      
franclo01, 1981,     1, WAS , NHL , R  , 30.0,  2.0,  10.0,  12.0,  23.0, -4.0 ,  0.0,     ,  0.0,     ,  1.0, 0.0,  25.0,       ,      ,      ,        ,        ,        ,        ,        ,        ,        ,        ,      
franclo01, 1983,     1, WAS , NHL , R  ,  2.0,  0.0,   0.0,   0.0,   0.0, -2.0 ,  0.0,     ,  0.0,     ,  0.0, 0.0,   2.0,    3.0,   0.0,   0.0,     0.0,     8.0, -1.0   ,     0.0,        ,     0.0,        ,     0.0,     4.0
franclo01, 1984,     1, WAS , NHL , L  , 22.0,  4.0,   7.0,  11.0,  45.0, 1.0  ,  0.0,     ,  0.0,     ,  1.0, 0.0,  19.0,    5.0,   1.0,   1.0,     2.0,    15.0, 2.0    ,     0.0,        ,     0.0,        ,     0.0,     3.0
franclo01, 1985,     1, WAS , NHL , L  , 76.0,  7.0,  14.0,  21.0, 131.0, -4.0 ,  0.0,     ,  0.0,     ,  2.0, 0.0,  57.0,    8.0,   0.0,   0.0,     0.0,    15.0, -1.0   ,     0.0,        ,     0.0,        ,     0.0,     5.0
franclo01, 1986,     1, WAS , NHL , L  , 75.0, 12.0,   9.0,  21.0, 127.0, -9.0 ,  0.0,     ,  0.0,     ,  1.0, 0.0,  77.0,    7.0,   0.0,   0.0,     0.0,    23.0, -4.0   ,     0.0,        ,     0.0,        ,     0.0,    11.0
franclo01, 1987,     1, WAS , NHL , R  , 59.0,  4.0,   8.0,  12.0, 113.0, 2.0  ,  1.0,  0.0,  0.0,  0.0,  1.0, 1.0,  53.0,    4.0,   0.0,   0.0,     0.0,    14.0, -2.0   ,     0.0,     0.0,     0.0,     0.0,     0.0,     4.0
franclo01, 1988,     1, WAS , NHL , L  , 63.0,  7.0,  10.0,  17.0, 123.0, -4.0 ,  0.0,  0.0,  0.0,  0.0,  0.0, 0.0,  55.0,    6.0,   1.0,   0.0,     1.0,     8.0, -2.0   ,     0.0,     0.0,     0.0,     0.0,     1.0,     4.0
franclo01, 1989,     1, TOR , NHL , R  , 80.0, 21.0,  15.0,  36.0, 127.0, -12.0,  0.0,  0.0,  2.0,  3.0,  4.0, 0.0,  76.0,    5.0,   0.0,   1.0,     1.0,    26.0, -3.0   ,     0.0,     0.0,     0.0,     0.0,     0.0,     5.0
franclo01, 1990,     1, TOR , NHL , L  , 16.0,  1.0,   1.0,   2.0,  30.0, -2.0 ,  0.0,     ,  0.0,     ,  0.0, 0.0,   7.0,       ,      ,      ,        ,        ,        ,        ,        ,        ,        ,        ,      
franclo01, 1990,     2, BUF , NHL , L  , 35.0,  1.0,   7.0,   8.0,  28.0, 2.0  ,  0.0,     ,  0.0,     ,  1.0, 0.0,  20.0,    6.0,   1.0,   0.0,     1.0,     2.0, -2.0   ,     0.0,     0.0,     0.0,     0.0,     0.0,     1.0
franclo01, 1991,     1, BUF , NHL , L  ,  1.0,  0.0,   0.0,   0.0,   0.0, 0.0  ,  0.0,  0.0,  0.0,  0.0,  0.0, 0.0,   0.0,       ,      ,      ,        ,        ,        ,        ,        ,        ,        ,        ,      
francro01, 1981,     1, HAR , NHL , C  , 59.0, 25.0,  43.0,  68.0,  51.0, -13.0, 12.0,     ,  0.0,     ,  1.0, 1.0, 163.0,       ,      ,      ,        ,        ,        ,        ,        ,        ,        ,        ,      
francro01, 1982,     1, HAR , NHL , C  , 79.0, 31.0,  59.0,  90.0,  60.0, -25.0,  4.0,     ,  2.0,     ,  4.0, 0.0, 212.0,       ,      ,      ,        ,        ,        ,        ,        ,        ,        ,        ,      
francro01, 1983,     1, HAR , NHL , C  , 72.0, 23.0,  60.0,  83.0,  45.0, -10.0,  5.0,     ,  0.0,     ,  5.0, 2.0, 202.0,       ,      ,      ,        ,        ,        ,        ,        ,        ,        ,        ,      
francro01, 1984,     1, HAR , NHL , C  , 80.0, 24.0,  57.0,  81.0,  66.0, -23.0,  4.0,     ,  0.0,     ,  1.0, 0.0, 195.0,       ,      ,      ,        ,        ,        ,        ,        ,        ,        ,        ,      
francro01, 1985,     1, HAR , NHL , C  , 53.0, 24.0,  53.0,  77.0,  24.0, 8.0  ,  7.0,     ,  1.0,     ,  4.0, 1.0, 120.0,   10.0,   1.0,   2.0,     3.0,     4.0, -1.0   ,     0.0,        ,     0.0,        ,     0.0,    27.0
francro01, 1986,     1, HAR , NHL , C  , 75.0, 30.0,  63.0,  93.0,  45.0, 10.0 ,  7.0,     ,  0.0,     ,  7.0, 0.0, 189.0,    6.0,   2.0,   2.0,     4.0,     6.0, -1.0   ,     1.0,        ,     0.0,        ,     0.0,    15.0
francro01, 1987,     1, HAR , NHL , C  , 80.0, 25.0,  50.0,  75.0,  87.0, -8.0 , 11.0, 25.0,  1.0,  0.0,  3.0, 0.0, 172.0,    6.0,   2.0,   5.0,     7.0,     2.0, 5.0    ,     1.0,     0.0,     0.0,     0.0,     0.0,     8.0
francro01, 1988,     1, HAR , NHL , C  , 69.0, 29.0,  48.0,  77.0,  36.0, 4.0  ,  8.0, 21.0,  0.0,  0.0,  4.0, 0.0, 156.0,    4.0,   0.0,   2.0,     2.0,     0.0, -2.0   ,     0.0,     1.0,     0.0,     0.0,     0.0,    10.0
francro01, 1989,     1, HAR , NHL , C  , 80.0, 32.0,  69.0, 101.0,  73.0, 13.0 , 15.0, 28.0,  1.0,  0.0,  5.0, 1.0, 170.0,    7.0,   3.0,   3.0,     6.0,     8.0, 2.0    ,     1.0,     1.0,     0.0,     0.0,     0.0,    21.0
francro01, 1990,     1, HAR , NHL , C  , 67.0, 21.0,  55.0,  76.0,  51.0, -2.0 , 10.0, 18.0,  1.0,  0.0,  6.0, 0.0, 149.0,       ,      ,      ,        ,        ,        ,        ,        ,        ,        ,        ,      
francro01, 1990,     2, PIT , NHL , C  , 14.0,  2.0,   9.0,  11.0,  21.0, 0.0  ,  0.0,  1.0,  0.0,  0.0,  1.0, 0.0,  25.0,   24.0,   7.0,  10.0,    17.0,    24.0, 13.0   ,     0.0,     2.0,     0.0,     1.0,     4.0,    48.0
francro01, 1991,     1, PIT , NHL , C  , 70.0, 21.0,  33.0,  54.0,  30.0, -7.0 ,  5.0,  9.0,  1.0,  3.0,  2.0, 1.0, 121.0,   21.0,   8.0,  19.0,    27.0,     6.0, 8.0    ,     2.0,    10.0,     0.0,     1.0,     2.0,    58.0
francro01, 1992,     1, PIT , NHL , C  , 84.0, 24.0,  76.0, 100.0,  68.0, 6.0  ,  9.0, 41.0,  2.0,  7.0,  4.0, 0.0, 215.0,   12.0,   6.0,  11.0,    17.0,    19.0, 5.0    ,     1.0,     5.0,     0.0,     0.0,     1.0,    26.0
francro01, 1993,     1, PIT , NHL , C  , 82.0, 27.0,  66.0,  93.0,  62.0, -3.0 ,  8.0, 33.0,  0.0,  3.0,  2.0, 1.0, 216.0,    6.0,   0.0,   2.0,     2.0,     6.0, -2.0   ,     0.0,     1.0,     0.0,     0.0,     0.0,     9.0
francro01, 1994,     1, PIT , NHL , C  , 44.0, 11.0,  48.0,  59.0,  18.0, 30.0 ,  3.0, 18.0,  0.0,  1.0,  1.0, 0.0,  94.0,   12.0,   6.0,  13.0,    19.0,     4.0, 3.0    ,     2.0,     3.0,     0.0,     1.0,     0.0,    30.0
francro01, 1995,     1, PIT , NHL , C  , 77.0, 27.0,  92.0, 119.0,  56.0, 25.0 , 12.0, 42.0,  1.0,  1.0,  4.0, 0.0, 158.0,   11.0,   3.0,   6.0,     9.0,     4.0, 3.0    ,     2.0,     3.0,     0.0,     1.0,     1.0,    23.0
francro01, 1996,     1, PIT , NHL , C  , 81.0, 27.0,  63.0,  90.0,  20.0, 7.0  , 10.0, 24.0,  1.0,  1.0,  2.0, 0.0, 183.0,    5.0,   1.0,   2.0,     3.0,     2.0, -7.0   ,     1.0,     1.0,     0.0,     0.0,     0.0,     6.0
francro01, 1997,     1, PIT , NHL , C  , 81.0, 25.0,  62.0,  87.0,  20.0, 12.0 ,  7.0, 25.0,  0.0,  0.0,  5.0, 2.0, 189.0,    6.0,   1.0,   5.0,     6.0,     2.0, 5.0    ,     0.0,     3.0,     0.0,     0.0,     0.0,    19.0
francro01, 1998,     1, CAR , NHL , C  , 82.0, 21.0,  31.0,  52.0,  34.0, -2.0 ,  8.0, 10.0,  0.0,  0.0,  2.0, 1.0, 133.0,    3.0,   0.0,   1.0,     1.0,     0.0, 1.0    ,     0.0,     0.0,     0.0,     0.0,     0.0,     4.0
francro01, 1999,     1, CAR , NHL , C  , 78.0, 23.0,  50.0,  73.0,  18.0, 10.0 ,  7.0, 22.0,  0.0,  0.0,  4.0, 0.0, 150.0,       ,      ,      ,        ,        ,        ,        ,        ,        ,        ,        ,      
francro01, 2000,     1, CAR , NHL , C  , 82.0, 15.0,  50.0,  65.0,  32.0, -15.0,  7.0, 26.0,  0.0,  0.0,  4.0, 0.0, 130.0,    3.0,   0.0,   0.0,     0.0,     0.0, -2.0   ,     0.0,     0.0,     0.0,     0.0,     0.0,     5.0
francro01, 2001,     1, CAR , NHL , C  , 80.0, 27.0,  50.0,  77.0,  18.0, 4.0  , 14.0, 28.0,  0.0,  1.0,  5.0, 2.0, 165.0,   23.0,   6.0,  10.0,    16.0,     6.0, -2.0   ,     4.0,     6.0,     0.0,     0.0,     3.0,    51.0
francro01, 2002,     1, CAR , NHL , C  , 82.0, 22.0,  35.0,  57.0,  30.0, -22.0,  8.0, 15.0,  1.0,  0.0,  1.0, 0.0, 156.0,       ,      ,      ,        ,        ,        ,        ,        ,        ,        ,        ,      
francro01, 2003,     1, CAR , NHL , C  , 68.0, 10.0,  20.0,  30.0,  14.0, -12.0,  5.0, 11.0,  0.0,  0.0,  1.0, 2.0,  79.0,       ,      ,      ,        ,        ,        ,        ,        ,        ,        ,        ,      
francro01, 2003,     2, TOR , NHL , C  , 12.0,  3.0,   7.0,  10.0,   0.0, 3.0  ,  2.0,  2.0,  0.0,  0.0,  1.0, 0.0,  12.0,   12.0,   0.0,   4.0,     4.0,     2.0, 0.0    ,     0.0,     2.0,     0.0,     0.0,     0.0,    14.0
frankji01, 1936,     1, DET , NHL , G  ,     ,     ,      ,      ,      ,      ,     ,     ,     ,     ,     ,    ,      ,    1.0,   0.0,   0.0,     0.0,     0.0,        ,        ,        ,        ,        ,        ,      
frankji01, 1937,     1, DET , NHL , G  ,  1.0,  0.0,   0.0,   0.0,   0.0,      ,     ,     ,     ,     ,     ,    ,      ,       ,      ,      ,        ,        ,        ,        ,        ,        ,        ,        ,      
frankji01, 1942,     1, NYR , NHL , G  , 23.0,  0.0,   0.0,   0.0,   0.0,      ,     ,     ,     ,     ,     ,    ,      ,       ,      ,      ,        ,        ,        ,        ,        ,        ,        ,        ,      
frankji01, 1943,     1, BOS , NHL , G  ,  1.0,  0.0,   0.0,   0.0,   0.0,      ,     ,     ,     ,     ,     ,    ,      ,       ,      ,      ,        ,        ,        ,        ,        ,        ,        ,        ,      
frankji01, 1943,     2, DET , NHL , G  , 17.0,  0.0,   0.0,   0.0,   0.0,      ,     ,     ,     ,     ,     ,    ,      ,       ,      ,      ,        ,        ,        ,        ,        ,        ,        ,        ,      
fransco01, 2009,     1, NAS , NHL , D  , 61.0,  6.0,  15.0,  21.0,  16.0, 15.0 ,  1.0,  5.0,  0.0,  0.0,  3.0,    ,  90.0,    4.0,   0.0,   1.0,     1.0,     2.0, 1.0    ,     0.0,     0.0,     0.0,     0.0,     0.0,     5.0
franzjo01, 2005,     1, DET , NHL , C  , 80.0, 12.0,   4.0,  16.0,  36.0, 4.0  ,  0.0,  0.0,  2.0,  0.0,  2.0,    , 119.0,    6.0,   1.0,   2.0,     3.0,     4.0, 0.0    ,     0.0,     0.0,     0.0,     0.0,     0.0,    11.0
franzjo01, 2006,     1, DET , NHL , C  , 69.0, 10.0,  20.0,  30.0,  37.0, 20.0 ,  0.0,  1.0,  1.0,  3.0,  2.0,    , 151.0,   18.0,   3.0,   4.0,     7.0,    10.0, 8.0    ,     0.0,     0.0,     0.0,     1.0,     2.0,    47.0
franzjo01, 2007,     1, DET , NHL , C  , 72.0, 27.0,  11.0,  38.0,  51.0, 12.0 , 14.0,  2.0,  0.0,  1.0,  8.0,    , 199.0,   16.0,  13.0,   5.0,    18.0,    14.0, 13.0   ,     6.0,     1.0,     2.0,     0.0,     5.0,    70.0
franzjo01, 2008,     1, DET , NHL , R  , 71.0, 34.0,  25.0,  59.0,  44.0, 21.0 , 11.0,  8.0,  1.0,  0.0,  8.0,    , 246.0,   23.0,  12.0,  11.0,    23.0,    12.0, 8.0    ,     4.0,     4.0,     0.0,     0.0,     3.0,    72.0
franzjo01, 2009,     1, DET , NHL , C  , 27.0, 10.0,  11.0,  21.0,  22.0, 1.0  ,  6.0,  5.0,  0.0,  0.0,  1.0,    ,  91.0,   12.0,   6.0,  12.0,    18.0,    16.0, 8.0    ,     1.0,     5.0,     0.0,     0.0,     1.0,    48.0
frasear01, 1943,     1, NYR , NHL , C  ,  3.0,  0.0,   1.0,   1.0,   0.0,      ,     ,     ,     ,     ,     ,    ,      ,       ,      ,      ,        ,        ,        ,        ,        ,        ,        ,        ,      
frasech01, 1923,     1, HAM , NHL , F  ,  1.0,  0.0,   0.0,   0.0,   0.0,      ,     ,     ,     ,     ,     ,    ,      ,       ,      ,      ,        ,        ,        ,        ,        ,        ,        ,        ,      
fraseco01, 2006,     1, CHI , NHL , C  ,  1.0,  0.0,   0.0,   0.0,   2.0, -1.0 ,  0.0,  0.0,  0.0,  0.0,  0.0,    ,   0.0,       ,      ,      ,        ,        ,        ,        ,        ,        ,        ,        ,      
fraseco01, 2007,     1, CHI , NHL , C  ,  5.0,  0.0,   0.0,   0.0,   7.0, -2.0 ,  0.0,  0.0,  0.0,  0.0,  0.0,    ,   4.0,       ,      ,      ,        ,        ,        ,        ,        ,        ,        ,        ,      
fraseco01, 2008,     1, CHI , NHL , C  , 81.0,  6.0,  11.0,  17.0,  55.0, 3.0  ,  0.0,  1.0,  1.0,  1.0,  0.0,    ,  67.0,    2.0,   0.0,   0.0,     0.0,     2.0, 0.0    ,     0.0,     0.0,     0.0,     0.0,     0.0,     5.0
fraseco01, 2009,     1, CHI , NHL , C  , 70.0,  7.0,  12.0,  19.0,  44.0, 6.0  ,  0.0,  0.0,  0.0,  0.0,  0.0,    ,  92.0,    3.0,   0.0,   0.0,     0.0,     0.0, 0.0    ,     0.0,     0.0,     0.0,     0.0,     0.0,     1.0
frasecu01, 1978,     1, VAN , NHL , L  , 78.0, 16.0,  19.0,  35.0, 116.0, -7.0 ,  2.0,     ,  0.0,     ,  2.0, 0.0, 184.0,    3.0,   0.0,   2.0,     2.0,     6.0,        ,     0.0,        ,     0.0,        ,     0.0,      
frasecu01, 1979,     1, VAN , NHL , L  , 78.0, 17.0,  25.0,  42.0, 143.0, 7.0  ,  0.0,     ,  0.0,     ,  3.0, 0.0, 148.0,    4.0,   0.0,   0.0,     0.0,     2.0,        ,     0.0,        ,     0.0,        ,     0.0,      
frasecu01, 1980,     1, VAN , NHL , L  , 77.0, 25.0,  24.0,  49.0, 118.0, -19.0,  7.0,     ,  0.0,     ,  2.0, 3.0, 188.0,    3.0,   1.0,   0.0,     1.0,     2.0,        ,     0.0,        ,     0.0,        ,     0.0,      
frasecu01, 1981,     1, VAN , NHL , L  , 79.0, 28.0,  39.0,  67.0, 175.0, 2.0  , 11.0,     ,  0.0,     ,  5.0, 1.0, 233.0,   17.0,   3.0,   7.0,    10.0,    98.0,        ,     0.0,        ,     0.0,        ,     0.0,      
frasecu01, 1982,     1, VAN , NHL , L  , 36.0,  6.0,   7.0,  13.0,  99.0, -7.0 ,  2.0,     ,  0.0,     ,  0.0, 0.0,  67.0,       ,      ,      ,        ,        ,        ,        ,        ,        ,        ,        ,      
frasecu01, 1982,     2, CHI , NHL , L  , 38.0,  6.0,  13.0,  19.0,  77.0, 2.0  ,  0.0,     ,  0.0,     ,  2.0, 0.0,  42.0,   13.0,   4.0,   4.0,     8.0,    18.0,        ,     1.0,        ,     0.0,        ,     1.0,      
frasecu01, 1983,     1, CHI , NHL , L  , 29.0,  5.0,  12.0,  17.0,  28.0, 9.0  ,  1.0,     ,  0.0,     ,  0.0, 0.0,  45.0,    5.0,   0.0,   0.0,     0.0,    14.0, -3.0   ,     0.0,        ,     0.0,        ,     0.0,     5.0
frasecu01, 1984,     1, CHI , NHL , L  , 73.0, 25.0,  25.0,  50.0, 109.0, 3.0  ,  4.0,     ,  0.0,     ,  5.0, 0.0, 136.0,   15.0,   6.0,   3.0,     9.0,    36.0, -5.0   ,     0.0,        ,     0.0,        ,     1.0,    25.0
frasecu01, 1985,     1, CHI , NHL , L  , 61.0, 29.0,  39.0,  68.0,  84.0, 11.0 ,  7.0,     ,  0.0,     ,  1.0, 0.0, 144.0,    3.0,   0.0,   1.0,     1.0,    12.0, -4.0   ,     0.0,        ,     0.0,        ,     0.0,     4.0
frasecu01, 1986,     1, CHI , NHL , L  , 75.0, 25.0,  25.0,  50.0, 182.0, 5.0  ,  3.0,     ,  0.0,     ,  2.0, 0.0, 183.0,    2.0,   1.0,   1.0,     2.0,    10.0, -1.0   ,     0.0,        ,     0.0,        ,     0.0,     4.0
frasecu01, 1987,     1, CHI , NHL , L  , 27.0,  4.0,   6.0,  10.0,  57.0, -13.0,  1.0,     ,  0.0,  0.0,  1.0, 0.0,  51.0,       ,      ,      ,        ,        ,        ,        ,        ,        ,        ,        ,      
frasecu01, 1987,     2, MNS , NHL , L  , 10.0,  1.0,   1.0,   2.0,  20.0, -7.0 ,  0.0,     ,  0.0,  0.0,  0.0, 0.0,  21.0,       ,      ,      ,        ,        ,        ,        ,        ,        ,        ,        ,      
frasecu01, 1988,     1, MNS , NHL , L  , 35.0,  5.0,   5.0,  10.0,  76.0, -15.0,  1.0,  3.0,  0.0,  0.0,  0.0, 0.0,  58.0,       ,      ,      ,        ,        ,        ,        ,        ,        ,        ,        ,      
frasecu01, 1989,     1, MNS , NHL , L  ,  8.0,  1.0,   0.0,   1.0,  22.0, -5.0 ,  0.0,  0.0,  0.0,  0.0,  0.0, 0.0,   7.0,       ,      ,      ,        ,        ,        ,        ,        ,        ,        ,        ,      
frasego01, 1921,     1, SEA , PCHA, D  , 24.0,  5.0,   2.0,   7.0,  35.0,      ,     ,     ,     ,     ,     ,    ,      ,    2.0,   0.0,   0.0,     0.0,     0.0,        ,        ,        ,        ,        ,        ,      
frasego01, 1922,     1, SEA , PCHA, D  , 28.0,  4.0,   4.0,   8.0,  37.0,      ,     ,     ,     ,     ,     ,    ,      ,       ,      ,      ,        ,        ,        ,        ,        ,        ,        ,        ,      
frasego01, 1923,     1, SEA , PCHA, D  , 30.0, 14.0,   5.0,  19.0,  64.0,      ,     ,     ,     ,     ,     ,    ,      ,    2.0,   0.0,   0.0,     0.0,     4.0,        ,        ,        ,        ,        ,        ,      
frasego01, 1924,     1, VIC , WCHL, D  , 28.0,  9.0,   3.0,  12.0,  64.0,      ,     ,     ,     ,     ,     ,    ,      ,    4.0,   0.0,   0.0,     0.0,    12.0,        ,        ,        ,        ,        ,        ,      
frasego01, 1925,     1, VIC , WCHL, D  ,  7.0,  1.0,   0.0,   1.0,  12.0,      ,     ,     ,     ,     ,     ,    ,      ,    4.0,   2.0,   0.0,     2.0,    10.0,        ,        ,        ,        ,        ,        ,      
frasego01, 1926,     1, CHI , NHL , D  , 44.0, 14.0,   6.0,  20.0,  89.0,      ,     ,     ,     ,     ,     ,    ,      ,    2.0,   1.0,   0.0,     1.0,     6.0,        ,        ,        ,        ,        ,        ,      
frasego01, 1927,     1, CHI , NHL , D  , 11.0,  1.0,   1.0,   2.0,   8.0,      ,     ,     ,     ,     ,     ,    ,      ,       ,      ,      ,        ,        ,        ,        ,        ,        ,        ,        ,      
frasego01, 1927,     2, DTC , NHL , D  , 30.0,  3.0,   1.0,   4.0,  52.0,      ,     ,     ,     ,     ,     ,    ,      ,       ,      ,      ,        ,        ,        ,        ,        ,        ,        ,        ,      
frasego01, 1928,     1, DTC , NHL , D  , 14.0,  0.0,   0.0,   0.0,  12.0,      ,     ,     ,     ,     ,     ,    ,      ,       ,      ,      ,        ,        ,        ,        ,        ,        ,        ,        ,      
frasego01, 1929,     1, MTL , NHL , D  , 10.0,  0.0,   0.0,   0.0,   4.0,      ,     ,     ,     ,     ,     ,    ,      ,       ,      ,      ,        ,        ,        ,        ,        ,        ,        ,        ,      
frasego01, 1929,     2, PIP , NHL , D  , 30.0,  6.0,   4.0,  10.0,  37.0,      ,     ,     ,     ,     ,     ,    ,      ,       ,      ,      ,        ,        ,        ,        ,        ,        ,        ,        ,      
frasego01, 1930,     1, PHQ , NHL , D  ,  5.0,  0.0,   0.0,   0.0,  22.0,      ,     ,     ,     ,     ,     ,    ,      ,       ,      ,      ,        ,        ,        ,        ,        ,        ,        ,        ,      
fraseha01, 1944,     1, CHI , NHL , C  , 21.0,  5.0,   4.0,   9.0,   0.0,      ,     ,     ,     ,     ,     ,    ,      ,       ,      ,      ,        ,        ,        ,        ,        ,        ,        ,        ,      
fraseia01, 1992,     1, NYI , NHL , C  ,  7.0,  2.0,   2.0,   4.0,   2.0, -1.0 ,  1.0,  1.0,  0.0,  0.0,  0.0, 0.0,   7.0,       ,      ,      ,        ,        ,        ,        ,        ,        ,        ,        ,      
fraseia01, 1993,     1, QUE , NHL , R  , 60.0, 17.0,  20.0,  37.0,  23.0, -5.0 ,  2.0,  5.0,  0.0,  1.0,  2.0, 0.0, 109.0,       ,      ,      ,        ,        ,        ,        ,        ,        ,        ,        ,      
fraseia01, 1994,     1, DAL , NHL , C  ,  4.0,  0.0,   0.0,   0.0,   0.0, -3.0 ,  0.0,  0.0,  0.0,  0.0,  0.0, 0.0,   2.0,       ,      ,      ,        ,        ,        ,        ,        ,        ,        ,        ,      
fraseia01, 1994,     2, EDM , NHL , C  ,  9.0,  3.0,   0.0,   3.0,   0.0, 3.0  ,  0.0,  0.0,  0.0,  0.0,  0.0, 0.0,   5.0,       ,      ,      ,        ,        ,        ,        ,        ,        ,        ,        ,      
fraseia01, 1995,     1, WIN , NHL , C  , 12.0,  1.0,   1.0,   2.0,   4.0, 1.0  ,  0.0,  0.0,  0.0,  0.0,  0.0, 0.0,  12.0,    4.0,   0.0,   0.0,     0.0,     0.0, 0.0    ,     0.0,     0.0,     0.0,     0.0,     0.0,     0.0
fraseia01, 1996,     1, SJS , NHL , C  ,  2.0,  0.0,   0.0,   0.0,   2.0, -1.0 ,  0.0,  0.0,  0.0,  0.0,  0.0, 0.0,   0.0,       ,      ,      ,        ,        ,        ,        ,        ,        ,        ,        ,      
fraseja01, 1909,     1, REN , NHA ,    ,  3.0,  1.0,   0.0,   1.0,  12.0,      ,     ,     ,     ,     ,     ,    ,      ,       ,      ,      ,        ,        ,        ,        ,        ,        ,        ,        ,      
fraseja02, 2008,     1, NYI , NHL , D  ,  1.0,  0.0,   0.0,   0.0,   0.0, 0.0  ,  0.0,  0.0,  0.0,  0.0,  0.0,    ,   0.0,       ,      ,      ,        ,        ,        ,        ,        ,        ,        ,        ,      
frasema01, 2006,     1, NJD , NHL , D  ,  7.0,  0.0,   0.0,   0.0,   7.0, -1.0 ,  0.0,  0.0,  0.0,  0.0,  0.0,    ,   1.0,       ,      ,      ,        ,        ,        ,        ,        ,        ,        ,        ,      
frasema01, 2009,     1, NJD , NHL , D  , 61.0,  3.0,   3.0,   6.0,  36.0, 3.0  ,  0.0,  0.0,  0.0,  0.0,  0.0,    ,  24.0,    1.0,   0.0,   0.0,     0.0,     0.0, -1.0   ,     0.0,     0.0,     0.0,     0.0,     0.0,     0.0
fraseri01, 1974,     1, IND , WHA , D  ,  4.0,  0.0,   0.0,   0.0,   2.0,      ,  0.0,     ,  0.0,     ,  0.0,    ,   5.0,       ,      ,      ,        ,        ,        ,        ,        ,        ,        ,        ,      
frasesc01, 1995,     1, MTL , NHL , C  , 15.0,  2.0,   0.0,   2.0,   4.0, -1.0 ,  0.0,  0.0,  0.0,  0.0,  0.0, 0.0,   9.0,       ,      ,      ,        ,        ,        ,        ,        ,        ,        ,        ,      
frasesc01, 1997,     1, EDM , NHL , R  , 29.0, 12.0,  11.0,  23.0,   6.0, 6.0  ,  6.0,  7.0,  0.0,  0.0,  2.0, 0.0,  61.0,   11.0,   1.0,   1.0,     2.0,     0.0, 0.0    ,     0.0,     0.0,     0.0,     0.0,     0.0,    17.0
frasesc01, 1998,     1, NYR , NHL , R  , 28.0,  2.0,   4.0,   6.0,  14.0, -12.0,  1.0,  1.0,  0.0,  0.0,  0.0, 0.0,  35.0,       ,      ,      ,        ,        ,        ,        ,        ,        ,        ,        ,      
frawlda01, 1983,     1, CHI , NHL , R  ,  3.0,  0.0,   0.0,   0.0,   0.0, -1.0 ,  0.0,     ,  0.0,     ,  0.0, 0.0,   2.0,       ,      ,      ,        ,        ,        ,        ,        ,        ,        ,        ,      
frawlda01, 1984,     1, CHI , NHL , R  , 30.0,  4.0,   3.0,   7.0,  64.0, -2.0 ,  0.0,     ,  0.0,     ,  1.0, 0.0,  24.0,    1.0,   0.0,   0.0,     0.0,     0.0, 0.0    ,     0.0,        ,     0.0,        ,     0.0,     0.0
frawlda01, 1985,     1, PIT , NHL , R  , 69.0, 10.0,  11.0,  21.0, 174.0, -19.0,  4.0,     ,  0.0,     ,  1.0, 0.0,  79.0,       ,      ,      ,        ,        ,        ,        ,        ,        ,        ,        ,      
frawlda01, 1986,     1, PIT , NHL , R  , 78.0, 14.0,  14.0,  28.0, 218.0, -10.0,  0.0,     ,  0.0,     ,  1.0, 0.0, 109.0,       ,      ,      ,        ,        ,        ,        ,        ,        ,        ,        ,      
frawlda01, 1987,     1, PIT , NHL , R  , 47.0,  6.0,   8.0,  14.0, 152.0, 0.0  ,  1.0,  0.0,  2.0,  0.0,  1.0, 0.0,  66.0,       ,      ,      ,        ,        ,        ,        ,        ,        ,        ,        ,      
frawlda01, 1988,     1, PIT , NHL , R  , 46.0,  3.0,   4.0,   7.0,  66.0, -1.0 ,  0.0,  0.0,  0.0,  0.0,  1.0, 0.0,  37.0,       ,      ,      ,        ,        ,        ,        ,        ,        ,        ,        ,      
freadky01, 1999,     1, TBL , NHL , R  , 10.0,  0.0,   0.0,   0.0,  39.0, -1.0 ,  0.0,  0.0,  0.0,  0.0,  0.0, 0.0,   0.0,       ,      ,      ,        ,        ,        ,        ,        ,        ,        ,        ,      
freadky01, 2000,     1, TBL , NHL , L  , 13.0,  0.0,   1.0,   1.0,  36.0, -1.0 ,  0.0,  0.0,  0.0,  0.0,  0.0, 0.0,   3.0,       ,      ,      ,        ,        ,        ,        ,        ,        ,        ,        ,      
frechcl01, 1912,     1, MOC , NHA ,    ,  1.0,  0.0,   0.0,   0.0,   0.0,      ,     ,     ,     ,     ,     ,    ,      ,       ,      ,      ,        ,        ,        ,        ,        ,        ,        ,        ,      
frechcl01, 1913,     1, MOC , NHA ,    ,  1.0,  0.0,   0.0,   0.0,   0.0,      ,     ,     ,     ,     ,     ,    ,      ,       ,      ,      ,        ,        ,        ,        ,        ,        ,        ,        ,      
fredera01, 1954,     1, CHI , NHL , G  ,  5.0,  0.0,   0.0,   0.0,   0.0,      ,     ,     ,     ,     ,     ,    ,      ,       ,      ,      ,        ,        ,        ,        ,        ,        ,        ,        ,      
fredrfr01, 1920,     1, VA2 , PCHA, C  , 21.0, 20.0,  12.0,  32.0,   3.0,      ,     ,     ,     ,     ,     ,    ,      ,       ,      ,      ,        ,        ,        ,        ,        ,        ,        ,        ,      
fredrfr01, 1921,     1, VA2 , PCHA, C  , 24.0, 15.0,  10.0,  25.0,  21.0,      ,     ,     ,     ,     ,     ,    ,      ,       ,      ,      ,        ,        ,        ,        ,        ,        ,        ,        ,      
fredrfr01, 1922,     1, VC1 , PCHA, C  , 30.0, 39.0,  16.0,  55.0,  20.0,      ,     ,     ,     ,     ,     ,    ,      ,    2.0,   2.0,   0.0,     2.0,     4.0,        ,        ,        ,        ,        ,        ,      
fredrfr01, 1923,     1, VC1 , PCHA, C  , 30.0, 19.0,   9.0,  28.0,  22.0,      ,     ,     ,     ,     ,     ,    ,      ,       ,      ,      ,        ,        ,        ,        ,        ,        ,        ,        ,      
fredrfr01, 1924,     1, VIC , WCHL, C  , 28.0, 22.0,   8.0,  30.0,  43.0,      ,     ,     ,     ,     ,     ,    ,      ,    4.0,   3.0,   1.0,     4.0,     2.0,        ,        ,        ,        ,        ,        ,      
fredrfr01, 1925,     1, VIC , WCHL, C  , 30.0, 16.0,   8.0,  24.0,  89.0,      ,     ,     ,     ,     ,     ,    ,      ,    4.0,   2.0,   0.0,     2.0,     6.0,        ,        ,        ,        ,        ,        ,      
fredrfr01, 1926,     1, DTC , NHL , C  , 16.0,  4.0,   6.0,  10.0,  12.0,      ,     ,     ,     ,     ,     ,    ,      ,       ,      ,      ,        ,        ,        ,        ,        ,        ,        ,        ,      
fredrfr01, 1926,     2, BOS , NHL , C  , 28.0, 14.0,   7.0,  21.0,  34.0,      ,     ,     ,     ,     ,     ,    ,      ,    8.0,   2.0,   2.0,     4.0,    20.0,        ,        ,        ,        ,        ,        ,      
fredrfr01, 1927,     1, BOS , NHL , C  , 41.0, 10.0,   4.0,  14.0,  83.0,      ,     ,     ,     ,     ,     ,    ,      ,    2.0,   0.0,   1.0,     1.0,     4.0,        ,        ,        ,        ,        ,        ,      
fredrfr01, 1928,     1, BOS , NHL , C  , 12.0,  3.0,   1.0,   4.0,  24.0,      ,     ,     ,     ,     ,     ,    ,      ,       ,      ,      ,        ,        ,        ,        ,        ,        ,        ,        ,      
fredrfr01, 1928,     2, PIP , NHL , C  , 31.0,  3.0,   7.0,  10.0,  28.0,      ,     ,     ,     ,     ,     ,    ,      ,       ,      ,      ,        ,        ,        ,        ,        ,        ,        ,        ,      
fredrfr01, 1929,     1, PIP , NHL , C  ,  9.0,  4.0,   7.0,  11.0,  20.0,      ,     ,     ,     ,     ,     ,    ,      ,       ,      ,      ,        ,        ,        ,        ,        ,        ,        ,        ,      
fredrfr01, 1930,     1, DTF , NHL , C  , 24.0,  1.0,   2.0,   3.0,   6.0,      ,     ,     ,     ,     ,     ,    ,      ,       ,      ,      ,        ,        ,        ,        ,        ,        ,        ,        ,      
freerma01, 1986,     1, PHI , NHL , C  ,  1.0,  0.0,   1.0,   1.0,   0.0, 1.0  ,  0.0,     ,  0.0,     ,  0.0, 0.0,   0.0,       ,      ,      ,        ,        ,        ,        ,        ,        ,        ,        ,      
freerma01, 1987,     1, PHI , NHL , C  ,  1.0,  0.0,   0.0,   0.0,   0.0, -2.0 ,  0.0,  0.0,  0.0,  0.0,  0.0, 0.0,   0.0,       ,      ,      ,        ,        ,        ,        ,        ,        ,        ,        ,      
freerma01, 1988,     1, PHI , NHL , C  ,  5.0,  0.0,   1.0,   1.0,   0.0, 0.0  ,  0.0,  0.0,  0.0,  0.0,  0.0, 0.0,   1.0,       ,      ,      ,        ,        ,        ,        ,        ,        ,        ,        ,      
freerma01, 1989,     1, PHI , NHL , C  ,  2.0,  0.0,   0.0,   0.0,   0.0, 0.0  ,  0.0,  0.0,  0.0,  0.0,  0.0, 0.0,   2.0,       ,      ,      ,        ,        ,        ,        ,        ,        ,        ,        ,      
freerma01, 1991,     1, PHI , NHL , L  , 50.0,  6.0,   7.0,  13.0,  18.0, -1.0 ,  0.0,  1.0,  0.0,  0.0,  2.0, 0.0,  41.0,       ,      ,      ,        ,        ,        ,        ,        ,        ,        ,        ,      
freerma01, 1992,     1, OTT , NHL , L  , 63.0, 10.0,  14.0,  24.0,  39.0, -35.0,  3.0,  7.0,  3.0,  0.0,  0.0, 0.0,  80.0,       ,      ,      ,        ,        ,        ,        ,        ,        ,        ,        ,      
freerma01, 1993,     1, CAL , NHL , C  ,  2.0,  0.0,   0.0,   0.0,   4.0, 0.0  ,  0.0,  0.0,  0.0,  0.0,  0.0, 0.0,   0.0,       ,      ,      ,        ,        ,        ,        ,        ,        ,        ,        ,      
frencjo01, 1972,     1, NEW , WHA , C  , 74.0, 24.0,  35.0,  59.0,  43.0,      ,  2.0,     ,  0.0,     ,  3.0,    ,      ,   15.0,   3.0,  11.0,    14.0,     2.0,        ,     0.0,        ,     0.0,        ,     1.0,      
frencjo01, 1973,     1, NEW , WHA , L  , 77.0, 24.0,  48.0,  72.0,  31.0,      ,  9.0,     ,  1.0,     ,  9.0,    ,      ,    7.0,   4.0,   2.0,     6.0,     2.0,        ,        ,        ,        ,        ,     2.0,      
frencjo01, 1974,     1, NEW , WHA , L  , 75.0, 12.0,  41.0,  53.0,  28.0, -5.0 ,  2.0,     ,  1.0,     ,     ,    , 140.0,    4.0,   1.0,   2.0,     3.0,     0.0,        ,        ,        ,        ,        ,     0.0,      
frencjo01, 1975,     1, SDM , WHA , L  , 76.0, 25.0,  39.0,  64.0,  16.0, -2.0 ,  6.0,     ,  0.0,     ,  3.0,    , 110.0,   11.0,   4.0,   7.0,    11.0,     0.0, 0.0    ,        ,        ,        ,        ,        ,      
frencjo01, 1976,     1, SDM , WHA , L  , 44.0, 14.0,  21.0,  35.0,   6.0, -3.0 ,  2.0,     ,  0.0,     ,     ,    ,  79.0,    7.0,   2.0,   3.0,     5.0,     2.0, 1.0    ,        ,        ,        ,        ,     0.0,      
frencjo01, 1977,     1, IND , WHA , L  , 74.0,  9.0,   8.0,  17.0,   6.0, -25.0,  2.0,     ,  2.0,     ,     ,    ,  67.0,       ,      ,      ,        ,        ,        ,        ,        ,        ,        ,        ,      
frewir01 , 1933,     1, MTM , NHL , D  , 30.0,  2.0,   1.0,   3.0,  41.0,      ,     ,     ,     ,     ,     ,    ,      ,    4.0,   0.0,   0.0,     0.0,     6.0,        ,        ,        ,        ,        ,        ,      
frewir01 , 1934,     1, STE , NHL , D  , 48.0,  0.0,   2.0,   2.0,  89.0,      ,     ,     ,     ,     ,     ,    ,      ,       ,      ,      ,        ,        ,        ,        ,        ,        ,        ,        ,      
frewir01 , 1935,     1, MTL , NHL , D  , 18.0,  0.0,   2.0,   2.0,  16.0,      ,     ,     ,     ,     ,     ,    ,      ,       ,      ,      ,        ,        ,        ,        ,        ,        ,        ,        ,      
fridati01, 1985,     1, DET , NHL , D  , 23.0,  0.0,   3.0,   3.0,   6.0, -9.0 ,  0.0,     ,  0.0,     ,  0.0, 0.0,  13.0,       ,      ,      ,        ,        ,        ,        ,        ,        ,        ,        ,      
fridgda01, 1981,     1, HAR , NHL , L  ,  2.0,  0.0,   1.0,   1.0,   0.0, -2.0 ,  0.0,     ,  0.0,     ,  0.0, 0.0,   5.0,       ,      ,      ,        ,        ,        ,        ,        ,        ,        ,        ,      
fridgda01, 1982,     1, HAR , NHL , L  , 11.0,  2.0,   2.0,   4.0,   2.0, 2.0  ,  0.0,     ,  0.0,     ,  0.0, 0.0,  12.0,       ,      ,      ,        ,        ,        ,        ,        ,        ,        ,        ,      
frieddo01, 1997,     1, EDM , NHL , L  , 16.0,  0.0,   0.0,   0.0,  20.0, 0.0  ,  0.0,  0.0,  0.0,  0.0,  0.0, 0.0,   8.0,       ,      ,      ,        ,        ,        ,        ,        ,        ,        ,        ,      
frieddo01, 1998,     1, NAS , NHL , L  ,  2.0,  0.0,   1.0,   1.0,  14.0, 0.0  ,  0.0,  0.0,  0.0,  0.0,  0.0, 0.0,   3.0,       ,      ,      ,        ,        ,        ,        ,        ,        ,        ,        ,      
friesje01, 1994,     1, SJS , NHL , C  , 48.0, 15.0,  10.0,  25.0,  14.0, -8.0 ,  5.0,  2.0,  1.0,  1.0,  2.0, 0.0,  86.0,   11.0,   1.0,   5.0,     6.0,     4.0, -9.0   ,     0.0,     3.0,     0.0,     0.0,     0.0,    21.0
friesje01, 1995,     1, SJS , NHL , L  , 79.0, 15.0,  31.0,  46.0,  42.0, -19.0,  2.0,  8.0,  0.0,  3.0,  0.0, 0.0, 123.0,       ,      ,      ,        ,        ,        ,        ,        ,        ,        ,        ,      
friesje01, 1996,     1, SJS , NHL , L  , 82.0, 28.0,  34.0,  62.0,  75.0, -8.0 ,  6.0,  7.0,  2.0,  1.0,  5.0, 2.0, 200.0,       ,      ,      ,        ,        ,        ,        ,        ,        ,        ,        ,      
friesje01, 1997,     1, SJS , NHL , L  , 79.0, 31.0,  32.0,  63.0,  40.0, 8.0  ,  7.0, 14.0,  6.0,  1.0,  7.0, 0.0, 186.0,    6.0,   0.0,   1.0,     1.0,     2.0, -1.0   ,     0.0,     0.0,     0.0,     0.0,     0.0,     9.0
friesje01, 1998,     1, SJS , NHL , L  , 78.0, 22.0,  35.0,  57.0,  42.0, 3.0  , 10.0, 14.0,  1.0,  2.0,  3.0, 1.0, 215.0,    6.0,   2.0,   2.0,     4.0,    14.0, -1.0   ,     1.0,     1.0,     0.0,     0.0,     0.0,    20.0
friesje01, 1999,     1, SJS , NHL , L  , 82.0, 26.0,  35.0,  61.0,  47.0, -2.0 , 11.0, 13.0,  3.0,  3.0,  7.0, 0.0, 191.0,   11.0,   2.0,   2.0,     4.0,    10.0, -4.0   ,     0.0,     2.0,     0.0,     0.0,     0.0,    22.0
friesje01, 2000,     1, SJS , NHL , L  , 64.0, 12.0,  24.0,  36.0,  56.0, 7.0  ,  2.0,  8.0,  0.0,  1.0,  1.0, 0.0, 120.0,       ,      ,      ,        ,        ,        ,        ,        ,        ,        ,        ,      
friesje01, 2000,     2, ANA , NHL , L  , 15.0,  2.0,  10.0,  12.0,  10.0, -2.0 ,  2.0,  3.0,  0.0,  1.0,  0.0, 0.0,  29.0,       ,      ,      ,        ,        ,        ,        ,        ,        ,        ,        ,      
friesje01, 2001,     1, ANA , NHL , R  , 81.0, 17.0,  26.0,  43.0,  44.0, -1.0 ,  1.0, 10.0,  1.0,  1.0,  0.0, 0.0, 161.0,       ,      ,      ,        ,        ,        ,        ,        ,        ,        ,        ,      
friesje01, 2002,     1, NJD , NHL , R  , 81.0, 23.0,  28.0,  51.0,  26.0, 23.0 ,  3.0,  5.0,  0.0,  0.0,  4.0, 1.0, 179.0,   24.0,  10.0,   4.0,    14.0,     6.0, 10.0   ,     1.0,     1.0,     0.0,     0.0,     4.0,    46.0
friesje01, 2003,     1, NJD , NHL , L  , 81.0, 17.0,  20.0,  37.0,  26.0, 8.0  ,  5.0,  6.0,  0.0,  0.0,  4.0, 0.0, 177.0,    5.0,   0.0,   0.0,     0.0,     4.0, -2.0   ,     0.0,     0.0,     0.0,     0.0,     0.0,    11.0
friesje01, 2005,     1, WAS , NHL , L  , 33.0,  3.0,   4.0,   7.0,  24.0, -11.0,  0.0,  2.0,  0.0,  0.0,  0.0,    ,  64.0,       ,      ,      ,        ,        ,        ,        ,        ,        ,        ,        ,      
friesje01, 2005,     2, ANA , NHL , L  , 18.0,  1.0,   3.0,   4.0,   8.0, -4.0 ,  0.0,  0.0,  0.0,  0.0,  1.0,    ,  11.0,   16.0,   3.0,   1.0,     4.0,     6.0, -1.0   ,     0.0,     0.0,     0.0,     0.0,     0.0,    15.0
friesje01, 2006,     1, CAL , NHL , L  , 72.0,  6.0,   6.0,  12.0,  34.0, -2.0 ,  0.0,  1.0,  1.0,  1.0,  0.0,    ,  55.0,    5.0,   0.0,   0.0,     0.0,     2.0, -1.0   ,     0.0,     0.0,     0.0,     0.0,     0.0,     1.0
frieska01, 1986,     1, NJD , NHL , G  ,  4.0,  0.0,   1.0,   1.0,   0.0, 0.0  ,  0.0,     ,  0.0,     ,  0.0, 0.0,   0.0,       ,      ,      ,        ,        ,        ,        ,        ,        ,        ,        ,      
friesro01, 1980,     1, MNS , NHL , L  ,  4.0,  1.0,   0.0,   1.0,  10.0, -2.0 ,  0.0,     ,  0.0,     ,  0.0, 0.0,   6.0,       ,      ,      ,        ,        ,        ,        ,        ,        ,        ,        ,      
friesro01, 1981,     1, MNS , NHL , L  , 10.0,  0.0,   0.0,   0.0,  31.0, -4.0 ,  0.0,     ,  0.0,     ,  0.0, 0.0,   5.0,    2.0,   0.0,   0.0,     0.0,     5.0,        ,     0.0,        ,     0.0,        ,     0.0,      
friesro01, 1982,     1, MNS , NHL , L  , 50.0,  6.0,   7.0,  13.0, 150.0, -4.0 ,  0.0,     ,  0.0,     ,  0.0, 0.0,  44.0,    4.0,   1.0,   0.0,     1.0,     2.0,        ,     0.0,        ,     0.0,        ,     0.0,      
frigle01 , 1972,     1, CHI , NHL , D  ,     ,     ,      ,      ,      ,      ,     ,     ,     ,     ,     ,    ,      ,    4.0,   1.0,   1.0,     2.0,     0.0,        ,     1.0,        ,     0.0,        ,     0.0,      
frigle01 , 1973,     1, CHI , NHL , D  , 66.0,  4.0,  10.0,  14.0,  35.0, 16.0 ,  0.0,     ,  0.0,     ,  0.0, 0.0,  71.0,    7.0,   1.0,   0.0,     1.0,     0.0,        ,     1.0,        ,     0.0,        ,     0.0,      
frigle01 , 1974,     1, CLF , NHL , D  , 80.0,  3.0,  17.0,  20.0, 127.0, -28.0,  3.0,     ,  0.0,     ,  0.0, 0.0, 149.0,       ,      ,      ,        ,        ,        ,        ,        ,        ,        ,        ,      
frigle01 , 1975,     1, CLF , NHL , D  , 62.0,  3.0,  12.0,  15.0,  55.0, -5.0 ,  1.0,     ,  0.0,     ,  0.0, 0.0, 108.0,       ,      ,      ,        ,        ,        ,        ,        ,        ,        ,        ,      
frigle01 , 1976,     1, CLE , NHL , D  , 66.0,  2.0,   7.0,   9.0, 213.0, -31.0,  0.0,     ,  0.0,     ,  0.0, 0.0,  81.0,       ,      ,      ,        ,        ,        ,        ,        ,        ,        ,        ,      
frigle01 , 1977,     1, STL , NHL , D  , 30.0,  1.0,   3.0,   4.0,  45.0, -13.0,  0.0,     ,  0.0,     ,  1.0, 0.0,  32.0,       ,      ,      ,        ,        ,        ,        ,        ,        ,        ,        ,      
frigle01 , 1979,     1, STL , NHL , D  ,  7.0,  0.0,   2.0,   2.0,   4.0, -5.0 ,  0.0,     ,  0.0,     ,  0.0, 0.0,  12.0,    3.0,   0.0,   0.0,     0.0,     0.0,        ,     0.0,        ,     0.0,        ,     0.0,      
frisctr01, 2009,     1, CBS , NHL , C  ,  3.0,  0.0,   0.0,   0.0,   4.0, 0.0  ,  0.0,  0.0,  0.0,  0.0,  0.0,    ,   1.0,       ,      ,      ,        ,        ,        ,        ,        ,        ,        ,        ,      
fritsda01, 2003,     1, CBS , NHL , C  , 19.0,  1.0,   0.0,   1.0,  12.0, -5.0 ,  0.0,  0.0,  0.0,  0.0,  0.0, 0.0,  19.0,       ,      ,      ,        ,        ,        ,        ,        ,        ,        ,        ,      
fritsda01, 2005,     1, CBS , NHL , R  , 59.0,  6.0,   7.0,  13.0,  22.0, -14.0,  0.0,  0.0,  0.0,  0.0,  0.0,    ,  93.0,       ,      ,      ,        ,        ,        ,        ,        ,        ,        ,        ,      
fritsda01, 2006,     1, CBS , NHL , C  , 59.0, 12.0,  15.0,  27.0,  35.0, 3.0  ,  5.0,  3.0,  1.0,  0.0,  4.0,    ,  81.0,       ,      ,      ,        ,        ,        ,        ,        ,        ,        ,        ,      
fritsda01, 2007,     1, CBS , NHL , C  , 69.0, 10.0,  12.0,  22.0,  22.0, 2.0  ,  1.0,  0.0,  1.0,  0.0,  4.0,    , 109.0,       ,      ,      ,        ,        ,        ,        ,        ,        ,        ,        ,      
fritsda01, 2008,     1, NYR , NHL , C  , 16.0,  1.0,   3.0,   4.0,   2.0, -2.0 ,  0.0,  0.0,  0.0,  0.0,  0.0,    ,  20.0,       ,      ,      ,        ,        ,        ,        ,        ,        ,        ,        ,      
fritsda01, 2008,     2, MIN , NHL , C  , 34.0,  4.0,   5.0,   9.0,  10.0, -3.0 ,  1.0,  1.0,  1.0,  0.0,  0.0,    ,  34.0,       ,      ,      ,        ,        ,        ,        ,        ,        ,        ,        ,      
fritsja01, 2008,     1, PHI , NHL , D  ,  1.0,  0.0,   0.0,   0.0,   0.0, 1.0  ,  0.0,  0.0,  0.0,  0.0,  0.0,    ,   0.0,       ,      ,      ,        ,        ,        ,        ,        ,        ,        ,        ,      
fritzmi01, 2008,     1, NYI , NHL , L  , 20.0,  0.0,   0.0,   0.0,  42.0, -4.0 ,  0.0,  0.0,  0.0,  0.0,  0.0,    ,   2.0,       ,      ,      ,        ,        ,        ,        ,        ,        ,        ,        ,      
froesbo01, 1982,     1, PHI , NHL , G  , 25.0,  0.0,   2.0,   2.0,   2.0, 0.0  ,  0.0,     ,  0.0,     ,  0.0, 0.0,   0.0,       ,      ,      ,        ,        ,        ,        ,        ,        ,        ,        ,      
froesbo01, 1983,     1, PHI , NHL , G  , 48.0,  0.0,   2.0,   2.0,  10.0, 0.0  ,  0.0,     ,  0.0,     ,  0.0, 0.0,   0.0,    3.0,   0.0,   0.0,     0.0,     0.0, 0.0    ,     0.0,        ,     0.0,        ,     0.0,     0.0
froesbo01, 1984,     1, PHI , NHL , G  , 17.0,  0.0,   1.0,   1.0,   2.0, 0.0  ,  0.0,     ,  0.0,     ,  0.0, 0.0,   0.0,    4.0,   0.0,   0.0,     0.0,     2.0, 0.0    ,     0.0,        ,     0.0,        ,     0.0,     0.0
froesbo01, 1985,     1, PHI , NHL , G  , 51.0,  0.0,   1.0,   1.0,   8.0, 0.0  ,  0.0,     ,  0.0,     ,  0.0, 0.0,   0.0,    5.0,   0.0,   1.0,     1.0,     0.0, 0.0    ,     0.0,        ,     0.0,        ,     0.0,     0.0
froesbo01, 1986,     1, PHI , NHL , G  ,  3.0,  0.0,   0.0,   0.0,   0.0, 0.0  ,  0.0,     ,  0.0,     ,  0.0, 0.0,   0.0,       ,      ,      ,        ,        ,        ,        ,        ,        ,        ,        ,      
froesbo01, 1986,     2, NYR , NHL , G  , 28.0,  0.0,   2.0,   2.0,  56.0, 0.0  ,  0.0,     ,  0.0,     ,  0.0, 0.0,   0.0,    4.0,   0.0,   0.0,     0.0,     7.0, 0.0    ,     0.0,        ,     0.0,        ,     0.0,     0.0
froesbo01, 1987,     1, NYR , NHL , G  , 25.0,  0.0,   1.0,   1.0,   6.0, 0.0  ,  0.0,     ,  0.0,     ,  0.0, 0.0,   0.0,       ,      ,      ,        ,        ,        ,        ,        ,        ,        ,        ,      
froesbo01, 1988,     1, NYR , NHL , G  , 30.0,  0.0,   1.0,   1.0,   6.0, 0.0  ,  0.0,     ,  0.0,     ,  0.0, 0.0,   0.0,    2.0,   0.0,   1.0,     1.0,     0.0, 0.0    ,     0.0,        ,     0.0,     0.0,     0.0,     0.0
froesbo01, 1989,     1, NYR , NHL , G  , 15.0,  0.0,   0.0,   0.0,   0.0, 0.0  ,  0.0,  0.0,  0.0,  0.0,  0.0, 0.0,   0.0,       ,      ,      ,        ,        ,        ,        ,        ,        ,        ,        ,      
frogrjo01, 2008,     1, TOR , NHL , D  , 41.0,  1.0,   6.0,   7.0,  28.0, 0.0  ,  0.0,  0.0,  0.0,  1.0,  0.0,    ,  12.0,       ,      ,      ,        ,        ,        ,        ,        ,        ,        ,        ,      
frolimi01, 2008,     1, FLO , NHL , C  , 79.0, 21.0,  24.0,  45.0,  22.0, 10.0 ,  1.0, 11.0,  0.0,  0.0,  2.0,    , 158.0,       ,      ,      ,        ,        ,        ,        ,        ,        ,        ,        ,      
frolimi01, 2009,     1, FLO , NHL , C  , 82.0, 21.0,  22.0,  43.0,  43.0, -4.0 ,  5.0,  5.0,  0.0,  0.0,  1.0,    , 219.0,       ,      ,      ,        ,        ,        ,        ,        ,        ,        ,        ,      
froloal01, 2002,     1, LAK , NHL , L  , 79.0, 14.0,  17.0,  31.0,  34.0, 12.0 ,  1.0,  2.0,  0.0,  0.0,  3.0, 0.0, 141.0,       ,      ,      ,        ,        ,        ,        ,        ,        ,        ,        ,      
froloal01, 2003,     1, LAK , NHL , L  , 77.0, 24.0,  24.0,  48.0,  24.0, 8.0  ,  5.0,  8.0,  2.0,  1.0,  3.0, 1.0, 168.0,       ,      ,      ,        ,        ,        ,        ,        ,        ,        ,        ,      
froloal01, 2005,     1, LAK , NHL , L  , 69.0, 21.0,  33.0,  54.0,  40.0, 17.0 ,  4.0, 10.0,  3.0,  2.0,  4.0,    , 174.0,       ,      ,      ,        ,        ,        ,        ,        ,        ,        ,        ,      
froloal01, 2006,     1, LAK , NHL , L  , 82.0, 35.0,  36.0,  71.0,  34.0, -8.0 , 10.0, 18.0,  1.0,  2.0,  6.0,    , 195.0,       ,      ,      ,        ,        ,        ,        ,        ,        ,        ,        ,      
froloal01, 2007,     1, LAK , NHL , L  , 71.0, 23.0,  44.0,  67.0,  22.0, 1.0  ,  5.0, 13.0,  0.0,  0.0,  7.0,    , 160.0,       ,      ,      ,        ,        ,        ,        ,        ,        ,        ,        ,      
froloal01, 2008,     1, LAK , NHL , L  , 77.0, 32.0,  27.0,  59.0,  30.0, -6.0 , 12.0, 13.0,  1.0,  1.0,  1.0,    , 176.0,       ,      ,      ,        ,        ,        ,        ,        ,        ,        ,        ,      
froloal01, 2009,     1, LAK , NHL , L  , 81.0, 19.0,  32.0,  51.0,  26.0, -1.0 ,  5.0,  8.0,  0.0,  0.0,  1.0,    , 182.0,    6.0,   1.0,   3.0,     4.0,     0.0, -5.0   ,     0.0,     3.0,     0.0,     0.0,     0.0,     9.0
frostha01, 1938,     1, BOS , NHL , R  ,  4.0,  0.0,   0.0,   0.0,   0.0,      ,     ,     ,     ,     ,     ,    ,      ,    1.0,   0.0,   0.0,     0.0,     0.0,        ,        ,        ,        ,        ,        ,      
frycemi01, 1981,     1, QUE , NHL , R  , 49.0, 20.0,  17.0,  37.0,  47.0, -12.0,  5.0,     ,  0.0,     ,  2.0, 0.0,  89.0,       ,      ,      ,        ,        ,        ,        ,        ,        ,        ,        ,      
frycemi01, 1981,     2, TOR , NHL , R  , 10.0,  4.0,   6.0,  10.0,  31.0, -7.0 ,  1.0,     ,  0.0,     ,  2.0, 0.0,  23.0,       ,      ,      ,        ,        ,        ,        ,        ,        ,        ,        ,      
frycemi01, 1982,     1, TOR , NHL , R  , 67.0, 25.0,  30.0,  55.0,  90.0, 2.0  ,  5.0,     ,  0.0,     ,  4.0, 2.0, 133.0,    4.0,   2.0,   5.0,     7.0,     0.0,        ,     0.0,        ,     0.0,        ,     0.0,      
frycemi01, 1983,     1, TOR , NHL , R  , 47.0, 10.0,  16.0,  26.0,  55.0, -24.0,  1.0,     ,  0.0,     ,  2.0, 1.0,  78.0,       ,      ,      ,        ,        ,        ,        ,        ,        ,        ,        ,      
frycemi01, 1984,     1, TOR , NHL , R  , 65.0, 25.0,  30.0,  55.0,  55.0, -7.0 ,  5.0,     ,  0.0,     ,  1.0, 1.0, 182.0,       ,      ,      ,        ,        ,        ,        ,        ,        ,        ,        ,      
frycemi01, 1985,     1, TOR , NHL , R  , 73.0, 32.0,  43.0,  75.0,  74.0, -24.0,  7.0,     ,  0.0,     ,  3.0, 1.0, 201.0,   10.0,   1.0,   3.0,     4.0,    10.0, -3.0   ,     0.0,        ,     0.0,        ,     0.0,    20.0
frycemi01, 1986,     1, TOR , NHL , R  , 29.0,  7.0,   8.0,  15.0,  28.0, -15.0,  3.0,     ,  0.0,     ,  0.0, 0.0,  52.0,       ,      ,      ,        ,        ,        ,        ,        ,        ,        ,        ,      
frycemi01, 1987,     1, TOR , NHL , R  , 38.0, 12.0,  20.0,  32.0,  41.0, 8.0  ,  1.0,  1.0,  0.0,  0.0,  2.0, 1.0,  76.0,    3.0,   0.0,   0.0,     0.0,     6.0, -3.0   ,     0.0,     0.0,     0.0,     0.0,     0.0,     2.0
frycemi01, 1988,     1, DET , NHL , R  , 23.0,  7.0,   8.0,  15.0,  47.0, -4.0 ,  2.0,     ,  0.0,  0.0,  1.0, 0.0,  40.0,       ,      ,      ,        ,        ,        ,        ,        ,        ,        ,        ,      
frycemi01, 1988,     2, EDM , NHL , R  , 14.0,  5.0,   5.0,  10.0,  18.0, 2.0  ,  2.0,     ,  0.0,  0.0,  0.0, 0.0,  33.0,       ,      ,      ,        ,        ,        ,        ,        ,        ,        ,        ,      
frydabo01, 1949,     1, MTL , NHL , R  ,  2.0,  1.0,   0.0,   1.0,   0.0,      ,     ,     ,     ,     ,     ,    ,      ,       ,      ,      ,        ,        ,        ,        ,        ,        ,        ,        ,      
frydabo01, 1951,     1, MTL , NHL , R  ,  3.0,  0.0,   0.0,   0.0,   0.0,      ,     ,     ,     ,     ,     ,    ,      ,       ,      ,      ,        ,        ,        ,        ,        ,        ,        ,        ,      
ftorero01, 1972,     1, DET , NHL , C  ,  3.0,  0.0,   0.0,   0.0,   0.0, 0.0  ,  0.0,     ,  0.0,     ,  0.0, 0.0,   0.0,       ,      ,      ,        ,        ,        ,        ,        ,        ,        ,        ,      
ftorero01, 1973,     1, DET , NHL , C  , 12.0,  2.0,   5.0,   7.0,   4.0, 1.0  ,  1.0,     ,  0.0,     ,  0.0, 0.0,  10.0,       ,      ,      ,        ,        ,        ,        ,        ,        ,        ,        ,      
ftorero01, 1974,     1, PHR , WHA , C  , 53.0, 31.0,  37.0,  68.0,  29.0, 49.0 ,  4.0,     ,  0.0,     ,     ,    , 155.0,    5.0,   2.0,   5.0,     7.0,     2.0,        ,        ,        ,        ,        ,     0.0,      
ftorero01, 1975,     1, PHR , WHA , C  , 80.0, 41.0,  72.0, 113.0, 109.0, 36.0 , 10.0,     ,  0.0,     ,  4.0,    , 232.0,    5.0,   1.0,   3.0,     4.0,     2.0, -3.0   ,        ,        ,        ,        ,        ,      
ftorero01, 1976,     1, PHR , WHA , C  , 80.0, 46.0,  71.0, 117.0,  86.0, 26.0 , 11.0,     ,  0.0,     ,  5.0,    , 284.0,       ,      ,      ,        ,        ,        ,        ,        ,        ,        ,        ,      
ftorero01, 1977,     1, CIN , WHA , C  , 80.0, 59.0,  50.0, 109.0,  54.0, 31.0 , 20.0,     ,  2.0,     ,     ,    , 262.0,       ,      ,      ,        ,        ,        ,        ,        ,        ,        ,        ,      
ftorero01, 1978,     1, CIN , WHA , C  , 80.0, 39.0,  77.0, 116.0,  87.0, 11.0 , 14.0,     ,  3.0,     ,     ,    , 260.0,    3.0,   3.0,   2.0,     5.0,     6.0, 2.0    ,        ,        ,        ,        ,     1.0,      
ftorero01, 1979,     1, QUE , NHL , C  , 52.0, 18.0,  33.0,  51.0,  28.0, 6.0  ,  7.0,     ,  0.0,     ,  3.0, 1.0, 112.0,       ,      ,      ,        ,        ,        ,        ,        ,        ,        ,        ,      
ftorero01, 1980,     1, QUE , NHL , C  , 78.0, 24.0,  49.0,  73.0, 104.0, -19.0,  8.0,     ,  0.0,     ,  3.0, 1.0, 148.0,    5.0,   1.0,   2.0,     3.0,    17.0,        ,     1.0,        ,     0.0,        ,     0.0,      
ftorero01, 1981,     1, QUE , NHL , C  , 19.0,  1.0,   8.0,   9.0,   4.0, -2.0 ,  0.0,     ,  0.0,     ,  0.0, 0.0,  20.0,       ,      ,      ,        ,        ,        ,        ,        ,        ,        ,        ,      
ftorero01, 1981,     2, NYR , NHL , C  , 30.0,  8.0,  24.0,  32.0,  24.0, 8.0  ,  2.0,     ,  0.0,     ,  2.0, 0.0,  49.0,   10.0,   7.0,   4.0,    11.0,    11.0,        ,     4.0,        ,     0.0,        ,     1.0,      
ftorero01, 1982,     1, NYR , NHL , C  , 61.0, 12.0,  19.0,  31.0,  41.0, 11.0 ,  1.0,     ,  0.0,     ,  0.0, 2.0,  56.0,    4.0,   1.0,   0.0,     1.0,     0.0,        ,     0.0,        ,     0.0,        ,     0.0,      
ftorero01, 1983,     1, NYR , NHL , C  , 31.0,  3.0,   2.0,   5.0,  22.0, 2.0  ,  0.0,     ,  0.0,     ,  1.0, 0.0,   7.0,       ,      ,      ,        ,        ,        ,        ,        ,        ,        ,        ,      
ftorero01, 1984,     1, NYR , NHL , C  , 48.0,  9.0,  10.0,  19.0,  35.0, -7.0 ,  0.0,     ,  1.0,     ,  1.0, 1.0,  61.0,       ,      ,      ,        ,        ,        ,        ,        ,        ,        ,        ,      
fuhrgr01 , 1981,     1, EDM , NHL , G  , 48.0,  0.0,   6.0,   6.0,   0.0, 0.0  ,  0.0,     ,  0.0,     ,  0.0, 0.0,   0.0,    5.0,   0.0,   1.0,     1.0,     0.0,        ,     0.0,        ,     0.0,        ,     0.0,      
fuhrgr01 , 1982,     1, EDM , NHL , G  , 32.0,  0.0,   0.0,   0.0,   6.0, 0.0  ,  0.0,     ,  0.0,     ,  0.0, 0.0,   0.0,    1.0,   0.0,   0.0,     0.0,     0.0,        ,     0.0,        ,     0.0,        ,     0.0,      
fuhrgr01 , 1983,     1, EDM , NHL , G  , 45.0,  0.0,  14.0,  14.0,   6.0, 0.0  ,  0.0,     ,  0.0,     ,  0.0, 0.0,   0.0,   16.0,   0.0,   3.0,     3.0,     4.0, 0.0    ,     0.0,        ,     0.0,        ,     0.0,     0.0
fuhrgr01 , 1984,     1, EDM , NHL , G  , 46.0,  0.0,   3.0,   3.0,   6.0, 0.0  ,  0.0,     ,  0.0,     ,  0.0, 0.0,   0.0,   18.0,   0.0,   3.0,     3.0,     2.0, 0.0    ,     0.0,        ,     0.0,        ,     0.0,     0.0
fuhrgr01 , 1985,     1, EDM , NHL , G  , 40.0,  0.0,   2.0,   2.0,   0.0, 0.0  ,  0.0,     ,  0.0,     ,  0.0, 0.0,   0.0,    9.0,   0.0,   1.0,     1.0,     0.0, 0.0    ,     0.0,        ,     0.0,        ,     0.0,     0.0
fuhrgr01 , 1986,     1, EDM , NHL , G  , 44.0,  0.0,   2.0,   2.0,   6.0, 0.0  ,  0.0,     ,  0.0,     ,  0.0, 0.0,   0.0,   19.0,   0.0,   1.0,     1.0,     0.0, 0.0    ,     0.0,        ,     0.0,        ,     0.0,     0.0
fuhrgr01 , 1987,     1, EDM , NHL , G  , 75.0,  0.0,   8.0,   8.0,  16.0, 0.0  ,  0.0,     ,  0.0,     ,  0.0, 0.0,   0.0,   19.0,   0.0,   1.0,     1.0,     6.0, 0.0    ,     0.0,        ,     0.0,        ,     0.0,     0.0
fuhrgr01 , 1988,     1, EDM , NHL , G  , 59.0,  0.0,   1.0,   1.0,   6.0, 0.0  ,  0.0,     ,  0.0,     ,  0.0, 0.0,   0.0,    7.0,   0.0,   0.0,     0.0,     0.0, 0.0    ,     0.0,     0.0,     0.0,     0.0,     0.0,     0.0
fuhrgr01 , 1989,     1, EDM , NHL , G  , 21.0,  0.0,   0.0,   0.0,   2.0, 0.0  ,  0.0,  0.0,  0.0,  0.0,  0.0, 0.0,   0.0,       ,      ,      ,        ,        ,        ,        ,        ,        ,        ,        ,      
fuhrgr01 , 1990,     1, EDM , NHL , G  , 13.0,  0.0,   0.0,   0.0,   0.0, 0.0  ,  0.0,  0.0,  0.0,  0.0,  0.0, 0.0,   0.0,   17.0,   0.0,   2.0,     2.0,     2.0, 0.0    ,     0.0,        ,     0.0,        ,     0.0,     0.0
fuhrgr01 , 1991,     1, TOR , NHL , G  , 66.0,  0.0,   1.0,   1.0,   4.0, 0.0  ,  0.0,  0.0,  0.0,  0.0,  0.0, 0.0,   0.0,       ,      ,      ,        ,        ,        ,        ,        ,        ,        ,        ,      
fuhrgr01 , 1992,     1, TOR , NHL , G  , 29.0,  0.0,   0.0,   0.0,   0.0, 0.0  ,  0.0,  0.0,  0.0,  0.0,  0.0, 0.0,   0.0,       ,      ,      ,        ,        ,        ,        ,        ,        ,        ,        ,      
fuhrgr01 , 1992,     2, BUF , NHL , G  , 29.0,  0.0,   0.0,   0.0,  10.0, 0.0  ,  0.0,  0.0,  0.0,  0.0,  0.0, 0.0,   0.0,    8.0,   0.0,   0.0,     0.0,     2.0, 0.0    ,     0.0,     0.0,     0.0,     0.0,     0.0,     0.0
fuhrgr01 , 1993,     1, BUF , NHL , G  , 32.0,  0.0,   4.0,   4.0,  16.0, 0.0  ,  0.0,  2.0,  0.0,  0.0,  0.0, 0.0,   0.0,       ,      ,      ,        ,        ,        ,        ,        ,        ,        ,        ,      
fuhrgr01 , 1994,     1, BUF , NHL , G  ,  3.0,  0.0,   0.0,   0.0,   0.0, 0.0  ,  0.0,  0.0,  0.0,  0.0,  0.0, 0.0,   0.0,       ,      ,      ,        ,        ,        ,        ,        ,        ,        ,        ,      
fuhrgr01 , 1994,     2, LAK , NHL , G  , 14.0,  0.0,   0.0,   0.0,   2.0, 0.0  ,  0.0,  0.0,  0.0,  0.0,  0.0, 0.0,   0.0,       ,      ,      ,        ,        ,        ,        ,        ,        ,        ,        ,      
fuhrgr01 , 1995,     1, STL , NHL , G  , 79.0,  0.0,   1.0,   1.0,   8.0, 0.0  ,  0.0,  0.0,  0.0,  0.0,  0.0, 0.0,   0.0,    2.0,   0.0,   0.0,     0.0,     0.0, 0.0    ,     0.0,     0.0,     0.0,     0.0,     0.0,     0.0
fuhrgr01 , 1996,     1, STL , NHL , G  , 73.0,  0.0,   2.0,   2.0,   6.0, 0.0  ,  0.0,  0.0,  0.0,  0.0,  0.0, 0.0,   0.0,    6.0,   0.0,   0.0,     0.0,     4.0, 0.0    ,     0.0,     0.0,     0.0,     0.0,     0.0,     0.0
fuhrgr01 , 1997,     1, STL , NHL , G  , 58.0,  0.0,   2.0,   2.0,   6.0, 0.0  ,  0.0,  1.0,  0.0,  0.0,  0.0, 0.0,   0.0,   10.0,   0.0,   1.0,     1.0,     2.0, 0.0    ,     0.0,     0.0,     0.0,     0.0,     0.0,     0.0
fuhrgr01 , 1998,     1, STL , NHL , G  , 39.0,  0.0,   0.0,   0.0,  12.0, 0.0  ,  0.0,  0.0,  0.0,  0.0,  0.0, 0.0,   0.0,   13.0,   0.0,   1.0,     1.0,     2.0, 0.0    ,     0.0,     0.0,     0.0,     0.0,     0.0,     0.0
fuhrgr01 , 1999,     1, CAL , NHL , G  , 23.0,  0.0,   0.0,   0.0,   2.0, 0.0  ,  0.0,  0.0,  0.0,  0.0,  0.0, 0.0,   0.0,       ,      ,      ,        ,        ,        ,        ,        ,        ,        ,        ,      
fukufyu01, 2006,     1, LAK , NHL , G  ,  4.0,  0.0,   0.0,   0.0,   0.0, 0.0  ,  0.0,  0.0,  0.0,  0.0,  0.0,    ,   0.0,       ,      ,      ,        ,        ,        ,        ,        ,        ,        ,        ,      
fullala01, 1974,     1, WAS , NHL , L  ,  4.0,  1.0,   0.0,   1.0,   0.0, -2.0 ,  1.0,     ,  0.0,     ,  0.0, 0.0,   5.0,       ,      ,      ,        ,        ,        ,        ,        ,        ,        ,        ,      
funkmi01 , 2006,     1, BUF , NHL , D  ,  5.0,  0.0,   2.0,   2.0,   0.0, 2.0  ,  0.0,  0.0,  0.0,  0.0,  0.0,    ,   1.0,       ,      ,      ,        ,        ,        ,        ,        ,        ,        ,        ,      
funkmi01 , 2007,     1, BUF , NHL , D  ,  4.0,  0.0,   0.0,   0.0,   0.0, -3.0 ,  0.0,  0.0,  0.0,  0.0,  0.0,    ,   1.0,       ,      ,      ,        ,        ,        ,        ,        ,        ,        ,        ,      
fuscoma01, 1983,     1, HAR , NHL , D  , 17.0,  0.0,   4.0,   4.0,   2.0, -6.0 ,  0.0,     ,  0.0,     ,  0.0, 0.0,  17.0,       ,      ,      ,        ,        ,        ,        ,        ,        ,        ,        ,      
fuscoma01, 1984,     1, HAR , NHL , D  , 63.0,  3.0,   8.0,  11.0,  40.0, -15.0,  0.0,     ,  0.0,     ,  0.0, 0.0,  70.0,       ,      ,      ,        ,        ,        ,        ,        ,        ,        ,        ,      
fusseow01, 2003,     1, WAS , NHL , R  ,  4.0,  0.0,   1.0,   1.0,   0.0, -1.0 ,  0.0,  0.0,  0.0,  0.0,  0.0, 0.0,   6.0,       ,      ,      ,        ,        ,        ,        ,        ,        ,        ,        ,      
gaborma01, 2000,     1, MIN , NHL , L  , 71.0, 18.0,  18.0,  36.0,  32.0, -6.0 ,  6.0,  6.0,  0.0,  0.0,  3.0, 0.0, 179.0,       ,      ,      ,        ,        ,        ,        ,        ,        ,        ,        ,      
gaborma01, 2001,     1, MIN , NHL , R  , 78.0, 30.0,  37.0,  67.0,  34.0, 0.0  , 10.0, 16.0,  0.0,  0.0,  4.0, 1.0, 221.0,       ,      ,      ,        ,        ,        ,        ,        ,        ,        ,        ,      
gaborma01, 2002,     1, MIN , NHL , R  , 81.0, 30.0,  35.0,  65.0,  46.0, 12.0 ,  5.0, 16.0,  1.0,  1.0,  8.0, 0.0, 280.0,   18.0,   9.0,   8.0,    17.0,     6.0, 2.0    ,     4.0,     3.0,     0.0,     0.0,     0.0,    52.0
gaborma01, 2003,     1, MIN , NHL , R  , 65.0, 18.0,  22.0,  40.0,  20.0, 10.0 ,  3.0,  8.0,  0.0,  0.0,  4.0, 0.0, 220.0,       ,      ,      ,        ,        ,        ,        ,        ,        ,        ,        ,      
gaborma01, 2005,     1, MIN , NHL , R  , 65.0, 38.0,  28.0,  66.0,  64.0, 6.0  , 10.0, 12.0,  2.0,  1.0,  7.0,    , 252.0,       ,      ,      ,        ,        ,        ,        ,        ,        ,        ,        ,      
gaborma01, 2006,     1, MIN , NHL , R  , 48.0, 30.0,  27.0,  57.0,  40.0, 12.0 , 12.0, 10.0,  1.0,  0.0,  7.0,    , 196.0,    5.0,   3.0,   1.0,     4.0,     8.0, 3.0    ,     1.0,     0.0,     1.0,     0.0,     1.0,    18.0
gaborma01, 2007,     1, MIN , NHL , R  , 77.0, 42.0,  41.0,  83.0,  63.0, 17.0 , 11.0, 13.0,  1.0,  0.0,  8.0,    , 278.0,    6.0,   0.0,   1.0,     1.0,     4.0, -3.0   ,     0.0,     0.0,     0.0,     0.0,     0.0,    25.0
gaborma01, 2008,     1, MIN , NHL , R  , 17.0, 13.0,  10.0,  23.0,   2.0, 3.0  ,  2.0,  5.0,  1.0,  0.0,  2.0,    ,  68.0,       ,      ,      ,        ,        ,        ,        ,        ,        ,        ,        ,      
gaborma01, 2009,     1, NYR , NHL , R  , 76.0, 42.0,  44.0,  86.0,  37.0, 15.0 , 14.0, 12.0,  1.0,  1.0,  4.0,    , 272.0,       ,      ,      ,        ,        ,        ,        ,        ,        ,        ,        ,      
gadsbbi01, 1946,     1, CHI , NHL , D  , 48.0,  8.0,  10.0,  18.0,  31.0,      ,     ,     ,     ,     ,     ,    ,      ,       ,      ,      ,        ,        ,        ,        ,        ,        ,        ,        ,      
gadsbbi01, 1947,     1, CHI , NHL , D  , 60.0,  6.0,  10.0,  16.0,  66.0,      ,     ,     ,     ,     ,     ,    ,      ,       ,      ,      ,        ,        ,        ,        ,        ,        ,        ,        ,      
gadsbbi01, 1948,     1, CHI , NHL , D  , 50.0,  3.0,  10.0,  13.0,  85.0,      ,     ,     ,     ,     ,     ,    ,      ,       ,      ,      ,        ,        ,        ,        ,        ,        ,        ,        ,      
gadsbbi01, 1949,     1, CHI , NHL , D  , 70.0, 10.0,  25.0,  35.0, 138.0,      ,     ,     ,     ,     ,     ,    ,      ,       ,      ,      ,        ,        ,        ,        ,        ,        ,        ,        ,      
gadsbbi01, 1950,     1, CHI , NHL , D  , 25.0,  3.0,   7.0,  10.0,  32.0,      ,     ,     ,     ,     ,     ,    ,      ,       ,      ,      ,        ,        ,        ,        ,        ,        ,        ,        ,      
gadsbbi01, 1951,     1, CHI , NHL , D  , 59.0,  7.0,  15.0,  22.0,  87.0,      ,     ,     ,     ,     ,     ,    ,      ,       ,      ,      ,        ,        ,        ,        ,        ,        ,        ,        ,      
gadsbbi01, 1952,     1, CHI , NHL , D  , 68.0,  2.0,  20.0,  22.0,  84.0,      ,     ,     ,     ,     ,     ,    ,      ,    7.0,   0.0,   1.0,     1.0,     4.0,        ,        ,        ,        ,        ,        ,      
gadsbbi01, 1953,     1, CHI , NHL , D  , 70.0, 12.0,  29.0,  41.0, 108.0,      ,     ,     ,     ,     ,     ,    ,      ,       ,      ,      ,        ,        ,        ,        ,        ,        ,        ,        ,      
gadsbbi01, 1954,     1, CHI , NHL , D  , 18.0,  3.0,   5.0,   8.0,  19.0,      ,     ,     ,     ,     ,     ,    ,      ,       ,      ,      ,        ,        ,        ,        ,        ,        ,        ,        ,      
gadsbbi01, 1954,     2, NYR , NHL , D  , 52.0,  8.0,   8.0,  16.0,  42.0,      ,     ,     ,     ,     ,     ,    ,      ,       ,      ,      ,        ,        ,        ,        ,        ,        ,        ,        ,      
gadsbbi01, 1955,     1, NYR , NHL , D  , 70.0,  9.0,  42.0,  51.0,  84.0,      ,     ,     ,     ,     ,     ,    ,      ,    5.0,   1.0,   3.0,     4.0,     4.0,        ,        ,        ,        ,        ,        ,      
gadsbbi01, 1956,     1, NYR , NHL , D  , 70.0,  4.0,  37.0,  41.0,  72.0,      ,     ,     ,     ,     ,     ,    ,      ,    5.0,   1.0,   2.0,     3.0,     2.0,        ,        ,        ,        ,        ,        ,      
gadsbbi01, 1957,     1, NYR , NHL , D  , 65.0, 14.0,  32.0,  46.0,  48.0,      ,     ,     ,     ,     ,     ,    ,      ,    6.0,   0.0,   3.0,     3.0,     4.0,        ,        ,        ,        ,        ,        ,      
gadsbbi01, 1958,     1, NYR , NHL , D  , 70.0,  5.0,  46.0,  51.0,  56.0,      ,     ,     ,     ,     ,     ,    ,      ,       ,      ,      ,        ,        ,        ,        ,        ,        ,        ,        ,      
gadsbbi01, 1959,     1, NYR , NHL , D  , 65.0,  9.0,  22.0,  31.0,  60.0,      ,     ,     ,     ,     ,     ,    ,      ,       ,      ,      ,        ,        ,        ,        ,        ,        ,        ,        ,      
gadsbbi01, 1960,     1, NYR , NHL , D  , 65.0,  9.0,  26.0,  35.0,  49.0,      ,     ,     ,     ,     ,     ,    ,      ,       ,      ,      ,        ,        ,        ,        ,        ,        ,        ,        ,      
gadsbbi01, 1961,     1, DET , NHL , D  , 70.0,  7.0,  30.0,  37.0,  88.0,      ,     ,     ,     ,     ,     ,    ,      ,       ,      ,      ,        ,        ,        ,        ,        ,        ,        ,        ,      
gadsbbi01, 1962,     1, DET , NHL , D  , 70.0,  4.0,  24.0,  28.0, 116.0,      ,     ,     ,     ,     ,     ,    ,      ,   11.0,   1.0,   4.0,     5.0,    36.0,        ,        ,        ,        ,        ,     0.0,      
gadsbbi01, 1963,     1, DET , NHL , D  , 64.0,  2.0,  16.0,  18.0,  80.0,      ,  0.0,     ,  0.0,     ,  0.0, 0.0,      ,   14.0,   0.0,   4.0,     4.0,    22.0,        ,        ,        ,        ,        ,     0.0,      
gadsbbi01, 1964,     1, DET , NHL , D  , 61.0,  0.0,  12.0,  12.0, 122.0,      ,  0.0,     ,  0.0,     ,  0.0, 0.0,      ,    7.0,   0.0,   3.0,     3.0,     8.0,        ,        ,        ,        ,        ,     0.0,      
gadsbbi01, 1965,     1, DET , NHL , D  , 58.0,  5.0,  12.0,  17.0,  72.0,      ,  0.0,     ,  0.0,     ,  0.0, 0.0,      ,   12.0,   1.0,   3.0,     4.0,    12.0,        ,        ,        ,        ,        ,     0.0,      
gaetzli01, 1988,     1, MNS , NHL , D  , 12.0,  0.0,   2.0,   2.0,  53.0, -3.0 ,  0.0,  0.0,  0.0,  0.0,  0.0, 0.0,   8.0,       ,      ,      ,        ,        ,        ,        ,        ,        ,        ,        ,      
gaetzli01, 1989,     1, MNS , NHL , D  ,  5.0,  0.0,   0.0,   0.0,  33.0, -5.0 ,  0.0,  0.0,  0.0,  0.0,  0.0, 0.0,   4.0,       ,      ,      ,        ,        ,        ,        ,        ,        ,        ,        ,      
gaetzli01, 1991,     1, SJS , NHL , D  , 48.0,  6.0,   6.0,  12.0, 326.0, -27.0,  3.0,  3.0,  0.0,  0.0,  0.0, 0.0,  73.0,       ,      ,      ,        ,        ,        ,        ,        ,        ,        ,        ,      
gagejo01 , 1980,     1, DET , NHL , R  , 16.0,  2.0,   2.0,   4.0,  22.0, -10.0,  0.0,     ,  0.0,     ,  0.0, 0.0,  26.0,       ,      ,      ,        ,        ,        ,        ,        ,        ,        ,        ,      
gagejo01 , 1981,     1, DET , NHL , R  , 31.0,  9.0,  10.0,  19.0,   2.0, -1.0 ,  0.0,     ,  0.0,     ,  1.0, 0.0,  47.0,       ,      ,      ,        ,        ,        ,        ,        ,        ,        ,        ,      
gagejo01 , 1983,     1, DET , NHL , R  ,  3.0,  0.0,   0.0,   0.0,   0.0, 0.0  ,  0.0,     ,  0.0,     ,  0.0, 0.0,   1.0,       ,      ,      ,        ,        ,        ,        ,        ,        ,        ,        ,      
gagejo01 , 1985,     1, BUF , NHL , R  ,  7.0,  3.0,   2.0,   5.0,   0.0, -3.0 ,  3.0,     ,  0.0,     ,  0.0, 0.0,  18.0,       ,      ,      ,        ,        ,        ,        ,        ,        ,        ,        ,      
gagejo01 , 1987,     1, BUF , NHL , R  ,  2.0,  0.0,   0.0,   0.0,   0.0, -2.0 ,  0.0,  0.0,  0.0,  0.0,  0.0, 0.0,   1.0,       ,      ,      ,        ,        ,        ,        ,        ,        ,        ,        ,      
gagejo01 , 1991,     1, BUF , NHL , R  ,  9.0,  0.0,   1.0,   1.0,   2.0, -1.0 ,  0.0,  1.0,  0.0,  0.0,  0.0, 0.0,   9.0,       ,      ,      ,        ,        ,        ,        ,        ,        ,        ,        ,      
gagejo02 , 1994,     1, EDM , NHL , G  ,  2.0,  0.0,   1.0,   1.0,   0.0, 0.0  ,  0.0,  0.0,  0.0,  0.0,  0.0, 0.0,   0.0,       ,      ,      ,        ,        ,        ,        ,        ,        ,        ,        ,      
gagejo02 , 1995,     1, EDM , NHL , G  , 16.0,  0.0,   0.0,   0.0,   4.0, 0.0  ,  0.0,  0.0,  0.0,  0.0,  0.0, 0.0,   0.0,       ,      ,      ,        ,        ,        ,        ,        ,        ,        ,        ,      
gagejo02 , 2000,     1, EDM , NHL , G  ,  5.0,  0.0,   0.0,   0.0,   0.0, 0.0  ,  0.0,  0.0,  0.0,  0.0,  0.0, 0.0,   0.0,       ,      ,      ,        ,        ,        ,        ,        ,        ,        ,        ,      
gagnear01, 1921,     1, EDE , WCHL, R  , 20.0, 13.0,   7.0,  20.0,  24.0,      ,     ,     ,     ,     ,     ,    ,      ,    2.0,   0.0,   0.0,     0.0,     0.0,        ,        ,        ,        ,        ,        ,      
gagnear01, 1922,     1, EDE , WCHL, R  , 29.0, 22.0,  21.0,  43.0,  63.0,      ,     ,     ,     ,     ,     ,    ,      ,    2.0,   1.0,   0.0,     1.0,     0.0,        ,        ,        ,        ,        ,        ,      
gagnear01, 1923,     1, REG , WCHL, R  , 24.0,  6.0,   3.0,   9.0,  20.0,      ,     ,     ,     ,     ,     ,    ,      ,    2.0,   0.0,   0.0,     0.0,     0.0,        ,        ,        ,        ,        ,        ,      
gagnear01, 1924,     1, REG , WCHL, R  , 28.0,  7.0,   7.0,  14.0,  39.0,      ,     ,     ,     ,     ,     ,    ,      ,       ,      ,      ,        ,        ,        ,        ,        ,        ,        ,        ,      
gagnear01, 1925,     1, EDE , WCHL, R  , 30.0, 21.0,  12.0,  33.0,  20.0,      ,     ,     ,     ,     ,     ,    ,      ,    2.0,   1.0,   2.0,     3.0,     6.0,        ,        ,        ,        ,        ,        ,      
gagnear01, 1926,     1, MTL , NHL , R  , 44.0, 14.0,   3.0,  17.0,  42.0,      ,     ,     ,     ,     ,     ,    ,      ,    4.0,   0.0,   0.0,     0.0,     0.0,        ,        ,        ,        ,        ,        ,      
gagnear01, 1927,     1, MTL , NHL , R  , 44.0, 20.0,  10.0,  30.0,  75.0,      ,     ,     ,     ,     ,     ,    ,      ,    2.0,   1.0,   1.0,     2.0,     4.0,        ,        ,        ,        ,        ,        ,      
gagnear01, 1928,     1, MTL , NHL , R  , 44.0,  7.0,   3.0,  10.0,  52.0,      ,     ,     ,     ,     ,     ,    ,      ,    3.0,   0.0,   0.0,     0.0,    12.0,        ,        ,        ,        ,        ,        ,      
gagnear01, 1929,     1, BOS , NHL , R  ,  6.0,  0.0,   1.0,   1.0,   6.0,      ,     ,     ,     ,     ,     ,    ,      ,       ,      ,      ,        ,        ,        ,        ,        ,        ,        ,        ,      
gagnear01, 1929,     2, OTS , NHL , R  , 33.0,  6.0,   4.0,  10.0,  32.0,      ,     ,     ,     ,     ,     ,    ,      ,    2.0,   1.0,   0.0,     1.0,     4.0,        ,        ,        ,        ,        ,        ,      
gagnear01, 1930,     1, OTS , NHL , R  , 44.0, 19.0,  11.0,  30.0,  50.0,      ,     ,     ,     ,     ,     ,    ,      ,       ,      ,      ,        ,        ,        ,        ,        ,        ,        ,        ,      
gagnear01, 1931,     1, DTF , NHL , R  , 13.0,  1.0,   1.0,   2.0,   0.0,      ,     ,     ,     ,     ,     ,    ,      ,       ,      ,      ,        ,        ,        ,        ,        ,        ,        ,        ,      
gagneda01, 1984,     1, NYR , NHL , C  , 38.0,  6.0,   6.0,  12.0,  16.0, -16.0,  0.0,     ,  1.0,     ,  0.0, 0.0,  52.0,       ,      ,      ,        ,        ,        ,        ,        ,        ,        ,        ,      
gagneda01, 1985,     1, NYR , NHL , C  , 32.0,  4.0,   6.0,  10.0,  19.0, 1.0  ,  0.0,     ,  0.0,     ,  0.0, 0.0,  41.0,       ,      ,      ,        ,        ,        ,        ,        ,        ,        ,        ,      
gagneda01, 1986,     1, NYR , NHL , C  , 10.0,  1.0,   4.0,   5.0,  12.0, -1.0 ,  0.0,     ,  0.0,     ,  0.0, 0.0,  16.0,       ,      ,      ,        ,        ,        ,        ,        ,        ,        ,        ,      
gagneda01, 1987,     1, MNS , NHL , R  , 51.0,  8.0,  11.0,  19.0,  55.0, -14.0,  0.0,  3.0,  2.0,  0.0,  0.0, 0.0,  87.0,       ,      ,      ,        ,        ,        ,        ,        ,        ,        ,        ,      
gagneda01, 1988,     1, MNS , NHL , C  , 75.0, 35.0,  43.0,  78.0, 104.0, 13.0 , 11.0, 16.0,  3.0,  1.0,  3.0, 2.0, 183.0,       ,      ,      ,        ,        ,        ,        ,        ,        ,        ,        ,      
gagneda01, 1989,     1, MNS , NHL , C  , 79.0, 40.0,  38.0,  78.0,  54.0, -1.0 , 10.0, 18.0,  0.0,  3.0,  3.0, 0.0, 238.0,    7.0,   2.0,   3.0,     5.0,    16.0, -3.0   ,     1.0,     1.0,     0.0,     0.0,     0.0,    28.0
gagneda01, 1990,     1, MNS , NHL , C  , 73.0, 40.0,  42.0,  82.0, 114.0, 9.0  , 20.0, 14.0,  0.0,  0.0,  5.0, 2.0, 223.0,   23.0,  12.0,  15.0,    27.0,    28.0, -4.0   ,     6.0,    11.0,     1.0,     0.0,     1.0,    78.0
gagneda01, 1991,     1, MNS , NHL , C  , 78.0, 31.0,  40.0,  71.0, 107.0, -4.0 , 17.0, 14.0,  0.0,  0.0,  3.0, 0.0, 229.0,    7.0,   2.0,   4.0,     6.0,     8.0, -3.0   ,     2.0,     2.0,     0.0,     0.0,     0.0,    15.0
gagneda01, 1992,     1, MNS , NHL , L  , 84.0, 33.0,  43.0,  76.0, 143.0, -13.0, 17.0, 21.0,  0.0,  0.0,  5.0, 1.0, 230.0,       ,      ,      ,        ,        ,        ,        ,        ,        ,        ,        ,      
gagneda01, 1993,     1, DAL , NHL , L  , 76.0, 32.0,  29.0,  61.0,  83.0, 13.0 , 10.0,  9.0,  0.0,  0.0,  6.0, 1.0, 213.0,    9.0,   5.0,   1.0,     6.0,     2.0, -3.0   ,     3.0,     0.0,     0.0,     0.0,     0.0,    36.0
gagneda01, 1994,     1, DAL , NHL , L  , 48.0, 14.0,  28.0,  42.0,  42.0, 2.0  ,  7.0, 12.0,  0.0,  1.0,  2.0, 1.0, 138.0,    5.0,   1.0,   1.0,     2.0,     4.0, 0.0    ,     1.0,     1.0,     0.0,     0.0,     0.0,    10.0
gagneda01, 1995,     1, DAL , NHL , L  , 45.0, 14.0,  13.0,  27.0,  44.0, -17.0,  6.0,  9.0,  0.0,  0.0,  2.0, 0.0, 145.0,       ,      ,      ,        ,        ,        ,        ,        ,        ,        ,        ,      
gagneda01, 1995,     2, TOR , NHL , L  , 28.0,  7.0,  15.0,  22.0,  59.0, -2.0 ,  1.0,  2.0,  0.0,  2.0,  1.0, 0.0,  70.0,    6.0,   0.0,   2.0,     2.0,     6.0, -5.0   ,     0.0,     1.0,     0.0,     0.0,     0.0,     8.0
gagneda01, 1996,     1, CAL , NHL , C  , 82.0, 27.0,  33.0,  60.0,  48.0, 2.0  ,  9.0, 12.0,  0.0,  3.0,  4.0, 1.0, 228.0,       ,      ,      ,        ,        ,        ,        ,        ,        ,        ,        ,      
gagneda01, 1997,     1, FLO , NHL , C  , 78.0, 20.0,  28.0,  48.0,  55.0, -21.0,  5.0, 12.0,  1.0,  0.0,  1.0, 0.0, 165.0,       ,      ,      ,        ,        ,        ,        ,        ,        ,        ,        ,      
gagneda01, 1998,     1, FLO , NHL , C  , 36.0,  4.0,  10.0,  14.0,  39.0, -7.0 ,  2.0,  5.0,  0.0,  0.0,  0.0, 1.0,  50.0,       ,      ,      ,        ,        ,        ,        ,        ,        ,        ,        ,      
gagneda01, 1998,     2, VAN , NHL , C  , 33.0,  2.0,  12.0,  14.0,  24.0, -9.0 ,  0.0,  5.0,  0.0,  0.0,  1.0, 0.0,  50.0,       ,      ,      ,        ,        ,        ,        ,        ,        ,        ,        ,      
gagnepa01, 1980,     1, COR , NHL , L  , 61.0, 25.0,  16.0,  41.0,  12.0, -24.0,  9.0,     ,  0.0,     ,  2.0, 0.0,  99.0,       ,      ,      ,        ,        ,        ,        ,        ,        ,        ,        ,      
gagnepa01, 1981,     1, COR , NHL , R  , 59.0, 10.0,  12.0,  22.0,  17.0, -27.0,  2.0,     ,  0.0,     ,  0.0, 0.0, 104.0,       ,      ,      ,        ,        ,        ,        ,        ,        ,        ,        ,      
gagnepa01, 1982,     1, NJD , NHL , L  , 53.0, 14.0,  15.0,  29.0,  13.0, -2.0 ,  4.0,     ,  0.0,     ,  3.0, 0.0,  76.0,       ,      ,      ,        ,        ,        ,        ,        ,        ,        ,        ,      
gagnepa01, 1983,     1, NJD , NHL , L  , 66.0, 14.0,  18.0,  32.0,  33.0, -22.0,  3.0,     ,  0.0,     ,  1.0, 1.0, 109.0,       ,      ,      ,        ,        ,        ,        ,        ,        ,        ,        ,      
gagnepa01, 1984,     1, NJD , NHL , L  , 79.0, 24.0,  19.0,  43.0,  28.0, -11.0,  3.0,     ,  0.0,     ,  1.0, 0.0, 152.0,       ,      ,      ,        ,        ,        ,        ,        ,        ,        ,        ,      
gagnepa01, 1985,     1, NJD , NHL , L  , 47.0, 19.0,  19.0,  38.0,  14.0, -15.0,  4.0,     ,  0.0,     ,  3.0, 0.0,  91.0,       ,      ,      ,        ,        ,        ,        ,        ,        ,        ,        ,      
gagnepa01, 1988,     1, TOR , NHL , L  , 16.0,  3.0,   2.0,   5.0,   6.0, -8.0 ,  1.0,  0.0,  0.0,  0.0,  1.0, 0.0,  14.0,       ,      ,      ,        ,        ,        ,        ,        ,        ,        ,        ,      
gagnepa01, 1989,     1, NYI , NHL , L  ,  9.0,  1.0,   0.0,   1.0,   4.0, -1.0 ,  0.0,  0.0,  0.0,  0.0,  0.0, 0.0,  10.0,       ,      ,      ,        ,        ,        ,        ,        ,        ,        ,        ,      
gagnepi01, 1959,     1, BOS , NHL , L  ,  2.0,  0.0,   0.0,   0.0,   0.0,      ,     ,     ,     ,     ,     ,    ,      ,       ,      ,      ,        ,        ,        ,        ,        ,        ,        ,        ,      
gagnesa01, 2007,     1, EDM , NHL , C  , 79.0, 13.0,  36.0,  49.0,  23.0, -21.0,  4.0, 12.0,  0.0,  0.0,  1.0,    , 135.0,       ,      ,      ,        ,        ,        ,        ,        ,        ,        ,        ,      
gagnesa01, 2008,     1, EDM , NHL , C  , 76.0, 16.0,  25.0,  41.0,  51.0, -1.0 ,  6.0,  5.0,  0.0,  0.0,  1.0,    , 156.0,       ,      ,      ,        ,        ,        ,        ,        ,        ,        ,        ,      
gagnesa01, 2009,     1, EDM , NHL , C  , 68.0, 15.0,  26.0,  41.0,  33.0, -8.0 ,  6.0, 11.0,  0.0,  0.0,  1.0,    , 170.0,       ,      ,      ,        ,        ,        ,        ,        ,        ,        ,        ,      
gagnesi01, 1999,     1, PHI , NHL , C  , 80.0, 20.0,  28.0,  48.0,  22.0, 11.0 ,  8.0, 13.0,  1.0,  0.0,  4.0, 0.0, 159.0,   17.0,   5.0,   5.0,    10.0,     2.0, 0.0    ,     2.0,     2.0,     0.0,     0.0,     1.0,    34.0
gagnesi01, 2000,     1, PHI , NHL , L  , 69.0, 27.0,  32.0,  59.0,  18.0, 24.0 ,  6.0, 11.0,  0.0,  0.0,  7.0, 1.0, 191.0,    6.0,   3.0,   0.0,     3.0,     0.0, -2.0   ,     2.0,     0.0,     0.0,     0.0,     0.0,    21.0
gagnesi01, 2001,     1, PHI , NHL , L  , 79.0, 33.0,  33.0,  66.0,  32.0, 31.0 ,  4.0,  9.0,  1.0,  1.0,  7.0, 0.0, 199.0,    5.0,   0.0,   0.0,     0.0,     2.0, -3.0   ,     0.0,     0.0,     0.0,     0.0,     0.0,    11.0
gagnesi01, 2002,     1, PHI , NHL , L  , 46.0,  9.0,  18.0,  27.0,  16.0, 20.0 ,  1.0,  4.0,  1.0,  1.0,  3.0, 1.0, 115.0,   13.0,   4.0,   1.0,     5.0,     6.0, 1.0    ,     0.0,     0.0,     1.0,     0.0,     1.0,    31.0
gagnesi01, 2003,     1, PHI , NHL , L  , 80.0, 24.0,  21.0,  45.0,  29.0, 12.0 ,  6.0,  8.0,  0.0,  0.0,  6.0, 2.0, 211.0,   18.0,   5.0,   4.0,     9.0,    12.0, 10.0   ,     0.0,     0.0,     0.0,     0.0,     1.0,    44.0
gagnesi01, 2005,     1, PHI , NHL , L  , 72.0, 47.0,  32.0,  79.0,  38.0, 31.0 , 12.0, 11.0,  2.0,  3.0,  7.0,    , 334.0,    6.0,   3.0,   1.0,     4.0,     2.0, 2.0    ,     1.0,     1.0,     0.0,     0.0,     0.0,    26.0
gagnesi01, 2006,     1, PHI , NHL , L  , 76.0, 41.0,  27.0,  68.0,  30.0, 2.0  , 13.0,  8.0,  2.0,  1.0,  4.0,    , 291.0,       ,      ,      ,        ,        ,        ,        ,        ,        ,        ,        ,      
gagnesi01, 2007,     1, PHI , NHL , L  , 25.0,  7.0,  11.0,  18.0,   4.0, -8.0 ,  5.0,  5.0,  0.0,  1.0,  2.0,    ,  76.0,       ,      ,      ,        ,        ,        ,        ,        ,        ,        ,        ,      
gagnesi01, 2008,     1, PHI , NHL , L  , 79.0, 34.0,  40.0,  74.0,  42.0, 21.0 , 12.0, 13.0,  4.0,  4.0,  3.0,    , 221.0,    6.0,   3.0,   1.0,     4.0,     2.0, -4.0   ,     1.0,     1.0,     1.0,     0.0,     1.0,    19.0
gagnesi01, 2009,     1, PHI , NHL , L  , 58.0, 17.0,  23.0,  40.0,  47.0, -1.0 ,  5.0, 14.0,  0.0,  0.0,  4.0,    , 183.0,   19.0,   9.0,   3.0,    12.0,     0.0, -2.0   ,     5.0,     1.0,     0.0,     0.0,     2.0,    52.0
gagnoaa01, 2009,     1, DAL , NHL , C  ,  2.0,  0.0,   0.0,   0.0,   0.0, 0.0  ,  0.0,  0.0,  0.0,  0.0,  0.0,    ,   2.0,       ,      ,      ,        ,        ,        ,        ,        ,        ,        ,        ,      
gagnoda01, 1990,     1, DET , NHL , G  ,  2.0,  0.0,   0.0,   0.0,   0.0, 0.0  ,  0.0,  0.0,  0.0,  0.0,  0.0, 0.0,   0.0,       ,      ,      ,        ,        ,        ,        ,        ,        ,        ,        ,      
gagnoge01, 1971,     1, MTL , NHL , L  ,  4.0,  0.0,   0.0,   0.0,   0.0, 0.0  ,  0.0,     ,  0.0,     ,  0.0, 0.0,   3.0,       ,      ,      ,        ,        ,        ,        ,        ,        ,        ,        ,      
gagnoge01, 1972,     1, NYI , NHL , L  , 63.0, 12.0,  29.0,  41.0,  31.0, -24.0,  3.0,     ,  1.0,     ,  1.0, 0.0, 126.0,       ,      ,      ,        ,        ,        ,        ,        ,        ,        ,        ,      
gagnoge01, 1973,     1, NYI , NHL , L  , 62.0,  8.0,  14.0,  22.0,   8.0, 6.0  ,  0.0,     ,  0.0,     ,  0.0, 0.0,  68.0,       ,      ,      ,        ,        ,        ,        ,        ,        ,        ,        ,      
gagnoge01, 1973,     2, CHI , NHL , L  , 14.0,  3.0,  14.0,  17.0,   4.0, 6.0  ,  0.0,     ,  0.0,     ,  1.0, 0.0,  19.0,   11.0,   2.0,   2.0,     4.0,     2.0,        ,     1.0,        ,     0.0,        ,     1.0,      
gagnoge01, 1974,     1, CHI , NHL , L  , 80.0, 16.0,  35.0,  51.0,  21.0, 5.0  ,  8.0,     ,  0.0,     ,  2.0, 1.0,  97.0,    8.0,   0.0,   1.0,     1.0,     0.0,        ,     0.0,        ,     0.0,        ,     0.0,      
gagnoge01, 1975,     1, CHI , NHL , L  ,  5.0,  0.0,   0.0,   0.0,   2.0, -1.0 ,  0.0,     ,  0.0,     ,  0.0, 0.0,  10.0,       ,      ,      ,        ,        ,        ,        ,        ,        ,        ,        ,      
gagnoge01, 1975,     2, KCS , NHL , L  , 31.0,  1.0,   9.0,  10.0,   6.0, -14.0,  1.0,     ,  0.0,     ,  0.0, 0.0,  30.0,       ,      ,      ,        ,        ,        ,        ,        ,        ,        ,        ,      
gagnojo01, 1930,     1, MTL , NHL , R  , 41.0, 18.0,   7.0,  25.0,  43.0,      ,     ,     ,     ,     ,     ,    ,      ,   10.0,   6.0,   2.0,     8.0,     8.0,        ,        ,        ,        ,        ,        ,      
gagnojo01, 1931,     1, MTL , NHL , R  , 48.0, 19.0,  18.0,  37.0,  40.0,      ,     ,     ,     ,     ,     ,    ,      ,    4.0,   1.0,   1.0,     2.0,     4.0,        ,        ,        ,        ,        ,        ,      
gagnojo01, 1932,     1, MTL , NHL , R  , 48.0, 12.0,  23.0,  35.0,  64.0,      ,     ,     ,     ,     ,     ,    ,      ,    2.0,   0.0,   2.0,     2.0,     0.0,        ,        ,        ,        ,        ,        ,      
gagnojo01, 1933,     1, MTL , NHL , R  , 48.0,  9.0,  15.0,  24.0,  25.0,      ,     ,     ,     ,     ,     ,    ,      ,    2.0,   1.0,   0.0,     1.0,     2.0,        ,        ,        ,        ,        ,        ,      
gagnojo01, 1934,     1, BOS , NHL , R  , 24.0,  1.0,   1.0,   2.0,   9.0,      ,     ,     ,     ,     ,     ,    ,      ,       ,      ,      ,        ,        ,        ,        ,        ,        ,        ,        ,      
gagnojo01, 1934,     2, MTL , NHL , R  , 23.0,  1.0,   5.0,   6.0,   2.0,      ,     ,     ,     ,     ,     ,    ,      ,    2.0,   0.0,   1.0,     1.0,     2.0,        ,        ,        ,        ,        ,        ,      
gagnojo01, 1935,     1, MTL , NHL , R  , 48.0,  7.0,   9.0,  16.0,  42.0,      ,     ,     ,     ,     ,     ,    ,      ,       ,      ,      ,        ,        ,        ,        ,        ,        ,        ,        ,      
gagnojo01, 1936,     1, MTL , NHL , R  , 48.0, 20.0,  16.0,  36.0,  38.0,      ,     ,     ,     ,     ,     ,    ,      ,    5.0,   2.0,   1.0,     3.0,     9.0,        ,        ,        ,        ,        ,        ,      
gagnojo01, 1937,     1, MTL , NHL , R  , 47.0, 13.0,  17.0,  30.0,   9.0,      ,     ,     ,     ,     ,     ,    ,      ,    3.0,   1.0,   3.0,     4.0,     2.0,        ,        ,        ,        ,        ,        ,      
gagnojo01, 1938,     1, MTL , NHL , R  , 45.0, 12.0,  22.0,  34.0,  23.0,      ,     ,     ,     ,     ,     ,    ,      ,    3.0,   0.0,   2.0,     2.0,    10.0,        ,        ,        ,        ,        ,        ,      
gagnojo01, 1939,     1, MTL , NHL , R  , 10.0,  4.0,   5.0,   9.0,   0.0,      ,     ,     ,     ,     ,     ,    ,      ,       ,      ,      ,        ,        ,        ,        ,        ,        ,        ,        ,      
gagnojo01, 1939,     2, NYA , NHL , R  , 24.0,  4.0,   3.0,   7.0,   0.0,      ,     ,     ,     ,     ,     ,    ,      ,    1.0,   1.0,   0.0,     1.0,     0.0,        ,        ,        ,        ,        ,        ,      
gagnose01, 1997,     1, PHO , NHL , D  ,  5.0,  0.0,   1.0,   1.0,  14.0, 1.0  ,  0.0,  0.0,  0.0,  0.0,  0.0, 0.0,   3.0,       ,      ,      ,        ,        ,        ,        ,        ,        ,        ,        ,      
gagnose01, 1998,     1, PHO , NHL , D  ,  2.0,  0.0,   0.0,   0.0,   7.0, -2.0 ,  0.0,  0.0,  0.0,  0.0,  0.0, 0.0,   1.0,       ,      ,      ,        ,        ,        ,        ,        ,        ,        ,        ,      
gagnose01, 2000,     1, OTT , NHL , D  ,  5.0,  0.0,   0.0,   0.0,  13.0, 0.0  ,  0.0,  0.0,  0.0,  0.0,  0.0, 0.0,   0.0,       ,      ,      ,        ,        ,        ,        ,        ,        ,        ,        ,      
gainebo01, 1973,     1, MTL , NHL , L  , 66.0,  3.0,   7.0,  10.0,  34.0, -9.0 ,  0.0,     ,  0.0,     ,  0.0, 0.0,  55.0,    6.0,   0.0,   0.0,     0.0,     6.0,        ,     0.0,        ,     0.0,        ,     0.0,      
gainebo01, 1974,     1, MTL , NHL , L  , 80.0, 17.0,  20.0,  37.0,  49.0, 23.0 ,  1.0,     ,  0.0,     ,  2.0, 0.0, 132.0,   11.0,   2.0,   4.0,     6.0,     4.0,        ,     0.0,        ,     0.0,        ,     1.0,      
gainebo01, 1975,     1, MTL , NHL , L  , 78.0, 15.0,  13.0,  28.0,  57.0, 20.0 ,  1.0,     ,  2.0,     ,  1.0, 0.0, 155.0,   13.0,   1.0,   3.0,     4.0,    20.0,        ,     0.0,        ,     0.0,        ,     0.0,      
gainebo01, 1976,     1, MTL , NHL , L  , 80.0, 14.0,  19.0,  33.0,  41.0, 31.0 ,  0.0,     ,  1.0,     ,  3.0, 0.0, 143.0,   14.0,   4.0,   1.0,     5.0,    25.0,        ,     0.0,        ,     1.0,        ,     1.0,      
gainebo01, 1977,     1, MTL , NHL , L  , 66.0, 15.0,  16.0,  31.0,  57.0, 11.0 ,  0.0,     ,  2.0,     ,  1.0, 0.0, 140.0,   15.0,   2.0,   7.0,     9.0,    14.0,        ,     0.0,        ,     1.0,        ,     0.0,      
gainebo01, 1978,     1, MTL , NHL , L  , 79.0, 20.0,  18.0,  38.0,  44.0, 11.0 ,  1.0,     ,  1.0,     ,  1.0, 0.0, 153.0,   16.0,   6.0,  10.0,    16.0,    10.0,        ,     0.0,        ,     0.0,        ,     1.0,      
gainebo01, 1979,     1, MTL , NHL , L  , 64.0, 14.0,  19.0,  33.0,  32.0, -2.0 ,  4.0,     ,  1.0,     ,  3.0, 0.0, 153.0,   10.0,   1.0,   1.0,     2.0,     4.0,        ,     0.0,        ,     0.0,        ,     1.0,      
gainebo01, 1980,     1, MTL , NHL , L  , 78.0, 23.0,  24.0,  47.0,  36.0, 13.0 ,  5.0,     ,  3.0,     ,  3.0, 2.0, 181.0,    3.0,   0.0,   0.0,     0.0,     2.0,        ,     0.0,        ,     0.0,        ,     0.0,      
gainebo01, 1981,     1, MTL , NHL , L  , 79.0, 21.0,  24.0,  45.0,  24.0, 37.0 ,  1.0,     ,  3.0,     ,  1.0, 1.0, 172.0,    5.0,   0.0,   1.0,     1.0,     8.0,        ,     0.0,        ,     0.0,        ,     0.0,      
gainebo01, 1982,     1, MTL , NHL , L  , 80.0, 12.0,  18.0,  30.0,  43.0, 7.0  ,  0.0,     ,  1.0,     ,  3.0, 0.0, 150.0,    3.0,   0.0,   0.0,     0.0,     4.0,        ,     0.0,        ,     0.0,        ,     0.0,      
gainebo01, 1983,     1, MTL , NHL , L  , 77.0, 17.0,  22.0,  39.0,  41.0, 10.0 ,  0.0,     ,  0.0,     ,  3.0, 1.0, 125.0,   15.0,   1.0,   5.0,     6.0,     9.0, 5.0    ,     0.0,        ,     0.0,        ,     0.0,    10.0
gainebo01, 1984,     1, MTL , NHL , L  , 79.0, 19.0,  13.0,  32.0,  40.0, 13.0 ,  0.0,     ,  3.0,     ,  3.0, 0.0, 166.0,   12.0,   1.0,   3.0,     4.0,    13.0, -7.0   ,     0.0,        ,     0.0,        ,     0.0,    15.0
gainebo01, 1985,     1, MTL , NHL , L  , 80.0, 20.0,  23.0,  43.0,  20.0, 10.0 ,  0.0,     ,  2.0,     ,  4.0, 1.0, 135.0,   20.0,   5.0,   5.0,    10.0,    12.0, 3.0    ,     0.0,        ,     1.0,        ,     3.0,    36.0
gainebo01, 1986,     1, MTL , NHL , L  , 47.0,  8.0,   8.0,  16.0,  19.0, 0.0  ,  0.0,     ,  1.0,     ,  3.0, 0.0,  73.0,   17.0,   1.0,   3.0,     4.0,     6.0, -7.0   ,     0.0,        ,     0.0,        ,     0.0,    26.0
gainebo01, 1987,     1, MTL , NHL , L  , 78.0, 11.0,  11.0,  22.0,  14.0, 8.0  ,  0.0,  0.0,  0.0,  1.0,  1.0, 0.0, 101.0,    6.0,   0.0,   1.0,     1.0,     6.0, -4.0   ,     0.0,     0.0,     0.0,     0.0,     0.0,     5.0
gainebo01, 1988,     1, MTL , NHL , L  , 49.0, 10.0,   7.0,  17.0,  34.0, 13.0 ,  1.0,  0.0,  0.0,  1.0,  2.0, 0.0,  65.0,   16.0,   1.0,   4.0,     5.0,     8.0, 0.0    ,     0.0,     0.0,     0.0,     0.0,     0.0,    14.0
gainest01, 2000,     1, DAL , NHL , L  ,  1.0,  0.0,   0.0,   0.0,   0.0, 0.0  ,  0.0,  0.0,  0.0,  0.0,  0.0, 0.0,   0.0,       ,      ,      ,        ,        ,        ,        ,        ,        ,        ,        ,      
gainest01, 2001,     1, DAL , NHL , L  ,  5.0,  0.0,   1.0,   1.0,   7.0, -1.0 ,  0.0,  0.0,  0.0,  0.0,  0.0, 0.0,   1.0,       ,      ,      ,        ,        ,        ,        ,        ,        ,        ,        ,      
gainest01, 2003,     1, DAL , NHL , L  ,  7.0,  0.0,   0.0,   0.0,   7.0, 1.0  ,  0.0,  0.0,  0.0,  0.0,  0.0, 0.0,   0.0,       ,      ,      ,        ,        ,        ,        ,        ,        ,        ,        ,      
gainest01, 2005,     1, PHO , NHL , L  , 20.0,  0.0,   1.0,   1.0,  20.0, -3.0 ,  0.0,  0.0,  0.0,  0.0,  0.0,    ,  11.0,       ,      ,      ,        ,        ,        ,        ,        ,        ,        ,        ,      
gainodu01, 1927,     1, BOS , NHL , L  , 41.0,  8.0,   4.0,  12.0,  35.0,      ,     ,     ,     ,     ,     ,    ,      ,    2.0,   0.0,   0.0,     0.0,     6.0,        ,        ,        ,        ,        ,        ,      
gainodu01, 1928,     1, BOS , NHL , L  , 39.0, 14.0,   5.0,  19.0,  30.0,      ,     ,     ,     ,     ,     ,    ,      ,    5.0,   2.0,   0.0,     2.0,     4.0,        ,        ,        ,        ,        ,        ,      
gainodu01, 1929,     1, BOS , NHL , L  , 43.0, 18.0,  31.0,  49.0,  39.0,      ,     ,     ,     ,     ,     ,    ,      ,    3.0,   0.0,   0.0,     0.0,     0.0,        ,        ,        ,        ,        ,        ,      
gainodu01, 1930,     1, BOS , NHL , C  , 35.0,  8.0,   3.0,  11.0,  14.0,      ,     ,     ,     ,     ,     ,    ,      ,    5.0,   0.0,   1.0,     1.0,     2.0,        ,        ,        ,        ,        ,        ,      
gainodu01, 1931,     1, NYR , NHL , L  , 46.0,  3.0,   9.0,  12.0,   9.0,      ,     ,     ,     ,     ,     ,    ,      ,    7.0,   0.0,   0.0,     0.0,     2.0,        ,        ,        ,        ,        ,        ,      
gainodu01, 1932,     1, OTS , NHL , C  ,  2.0,  0.0,   0.0,   0.0,   0.0,      ,     ,     ,     ,     ,     ,    ,      ,       ,      ,      ,        ,        ,        ,        ,        ,        ,        ,        ,      
gainodu01, 1934,     1, MTM , NHL , L  , 40.0,  0.0,   4.0,   4.0,   2.0,      ,     ,     ,     ,     ,     ,    ,      ,       ,      ,      ,        ,        ,        ,        ,        ,        ,        ,        ,      
galanma01, 1997,     1, NYR , NHL , D  ,  6.0,  0.0,   1.0,   1.0,   2.0, 1.0  ,  0.0,  0.0,  0.0,  0.0,  0.0, 0.0,   5.0,       ,      ,      ,        ,        ,        ,        ,        ,        ,        ,        ,      
galanma01, 1998,     1, PIT , NHL , D  , 51.0,  4.0,   3.0,   7.0,  14.0, -8.0 ,  2.0,  1.0,  0.0,  0.0,  0.0, 1.0,  44.0,    1.0,   0.0,   0.0,     0.0,     0.0, 0.0    ,     0.0,     0.0,     0.0,     0.0,     0.0,     0.0
galanma01, 1999,     1, ATL , NHL , D  , 40.0,  4.0,   3.0,   7.0,  20.0, -12.0,  0.0,  2.0,  0.0,  0.0,  0.0, 0.0,  47.0,       ,      ,      ,        ,        ,        ,        ,        ,        ,        ,        ,      
galanma01, 2000,     1, TBL , NHL , D  , 25.0,  0.0,   5.0,   5.0,   8.0, -5.0 ,  0.0,  2.0,  0.0,  0.0,  0.0, 0.0,  10.0,       ,      ,      ,        ,        ,        ,        ,        ,        ,        ,        ,      
galarmi01, 1980,     1, HAR , NHL , C  , 30.0,  2.0,   6.0,   8.0,   9.0, -12.0,  0.0,     ,  0.0,     ,  1.0, 0.0,  19.0,       ,      ,      ,        ,        ,        ,        ,        ,        ,        ,        ,      
galarmi01, 1981,     1, HAR , NHL , C  , 10.0,  0.0,   0.0,   0.0,   4.0, -7.0 ,  0.0,     ,  0.0,     ,  0.0, 0.0,  10.0,       ,      ,      ,        ,        ,        ,        ,        ,        ,        ,        ,      
galarmi01, 1982,     1, HAR , NHL , C  , 38.0,  5.0,   4.0,   9.0,  21.0, -8.0 ,  0.0,     ,  0.0,     ,  0.0, 0.0,  29.0,       ,      ,      ,        ,        ,        ,        ,        ,        ,        ,        ,      
galbrpe01, 1926,     1, BOS , NHL , L  , 42.0,  9.0,   8.0,  17.0,  26.0,      ,     ,     ,     ,     ,     ,    ,      ,    8.0,   3.0,   3.0,     6.0,     2.0,        ,        ,        ,        ,        ,        ,      
galbrpe01, 1927,     1, BOS , NHL , L  , 42.0,  6.0,   5.0,  11.0,  26.0,      ,     ,     ,     ,     ,     ,    ,      ,    2.0,   0.0,   1.0,     1.0,     6.0,        ,        ,        ,        ,        ,        ,      
galbrpe01, 1928,     1, BOS , NHL , L  , 38.0,  2.0,   1.0,   3.0,  44.0,      ,     ,     ,     ,     ,     ,    ,      ,    5.0,   0.0,   0.0,     0.0,     2.0,        ,        ,        ,        ,        ,        ,      
galbrpe01, 1929,     1, BOS , NHL , L  , 44.0,  7.0,   9.0,  16.0,  38.0,      ,     ,     ,     ,     ,     ,    ,      ,    6.0,   1.0,   3.0,     4.0,     8.0,        ,        ,        ,        ,        ,        ,      
galbrpe01, 1930,     1, BOS , NHL , L  , 43.0,  2.0,   3.0,   5.0,  28.0,      ,     ,     ,     ,     ,     ,    ,      ,    5.0,   0.0,   0.0,     0.0,     6.0,        ,        ,        ,        ,        ,        ,      
galbrpe01, 1931,     1, BOS , NHL , L  , 47.0,  2.0,   1.0,   3.0,  28.0,      ,     ,     ,     ,     ,     ,    ,      ,       ,      ,      ,        ,        ,        ,        ,        ,        ,        ,        ,      
galbrpe01, 1932,     1, BOS , NHL , L  , 47.0,  1.0,   2.0,   3.0,  28.0,      ,     ,     ,     ,     ,     ,    ,      ,    5.0,   0.0,   0.0,     0.0,     0.0,        ,        ,        ,        ,        ,        ,      
galbrpe01, 1933,     1, OTS , NHL , L  ,  2.0,  0.0,   0.0,   0.0,   0.0,      ,     ,     ,     ,     ,     ,    ,      ,       ,      ,      ,        ,        ,        ,        ,        ,        ,        ,        ,      
galbrpe01, 1933,     2, BOS , NHL , L  , 42.0,  2.0,   0.0,   2.0,   6.0,      ,     ,     ,     ,     ,     ,    ,      ,       ,      ,      ,        ,        ,        ,        ,        ,        ,        ,        ,      
galiatj01, 2008,     1, COL , NHL , L  , 11.0,  3.0,   1.0,   4.0,   6.0, -4.0 ,  0.0,  0.0,  0.0,  0.0,  0.0,    ,  14.0,       ,      ,      ,        ,        ,        ,        ,        ,        ,        ,        ,      
galiatj01, 2009,     1, COL , NHL , L  , 70.0, 15.0,  24.0,  39.0,  28.0, 6.0  ,  2.0,  0.0,  1.0,  3.0,  3.0,    , 120.0,    6.0,   0.0,   2.0,     2.0,     6.0, -1.0   ,     0.0,     0.0,     0.0,     0.0,     0.0,     8.0
gallage01, 1984,     1, DET , NHL , L  , 32.0,  6.0,  12.0,  18.0,  66.0, 9.0  ,  0.0,     ,  0.0,     ,  2.0, 0.0,  44.0,    3.0,   0.0,   0.0,     0.0,    11.0, -2.0   ,     0.0,        ,     0.0,        ,     0.0,     6.0
gallage01, 1985,     1, DET , NHL , L  , 52.0, 20.0,  19.0,  39.0, 106.0, -10.0,  3.0,     ,  1.0,     ,  2.0, 0.0, 116.0,       ,      ,      ,        ,        ,        ,        ,        ,        ,        ,        ,      
gallage01, 1986,     1, DET , NHL , L  , 80.0, 38.0,  34.0,  72.0, 216.0, -5.0 , 17.0,     ,  0.0,     ,  4.0, 2.0, 191.0,   16.0,   8.0,   6.0,    14.0,    43.0, -1.0   ,     2.0,        ,     0.0,        ,     0.0,    50.0
gallage01, 1987,     1, DET , NHL , L  , 73.0, 34.0,  39.0,  73.0, 242.0, 24.0 , 10.0,  9.0,  0.0,  0.0,  3.0, 1.0, 197.0,   16.0,   6.0,   9.0,    15.0,    55.0, -5.0   ,     1.0,     5.0,     0.0,     0.0,     1.0,    36.0
gallage01, 1988,     1, DET , NHL , L  , 76.0, 39.0,  54.0,  93.0, 230.0, 7.0  , 13.0, 21.0,  0.0,  0.0,  7.0, 0.0, 221.0,    6.0,   1.0,   2.0,     3.0,    40.0, -2.0   ,     0.0,     1.0,     0.0,     0.0,     0.0,    12.0
gallage01, 1989,     1, DET , NHL , L  , 69.0, 36.0,  44.0,  80.0, 254.0, -6.0 , 12.0, 14.0,  3.0,  1.0,  5.0, 1.0, 219.0,       ,      ,      ,        ,        ,        ,        ,        ,        ,        ,        ,      
gallage01, 1990,     1, DET , NHL , L  , 45.0, 10.0,  16.0,  26.0, 111.0, 6.0  ,  3.0,  4.0,  0.0,  0.0,  1.0, 0.0,  82.0,       ,      ,      ,        ,        ,        ,        ,        ,        ,        ,        ,      
gallage01, 1991,     1, DET , NHL , L  , 69.0, 14.0,  22.0,  36.0, 187.0, 16.0 ,  4.0,  1.0,  0.0,  0.0,  1.0, 1.0, 116.0,   11.0,   2.0,   2.0,     4.0,    25.0, -4.0   ,     0.0,     0.0,     0.0,     0.0,     1.0,     8.0
gallage01, 1992,     1, DET , NHL , L  , 67.0, 10.0,  20.0,  30.0, 188.0, 20.0 ,  0.0,  1.0,  0.0,  0.0,  0.0, 0.0,  81.0,    6.0,   1.0,   2.0,     3.0,     4.0, -4.0   ,     0.0,     0.0,     0.0,     0.0,     0.0,     7.0
gallage01, 1993,     1, TBL , NHL , L  , 51.0,  4.0,   9.0,  13.0,  74.0, -6.0 ,  1.0,  0.0,  0.0,  0.0,  2.0, 0.0,  45.0,       ,      ,      ,        ,        ,        ,        ,        ,        ,        ,        ,      
gallage01, 1994,     1, TBL , NHL , L  ,  1.0,  0.0,   0.0,   0.0,   0.0, 0.0  ,  0.0,  0.0,  0.0,  0.0,  0.0, 0.0,   1.0,       ,      ,      ,        ,        ,        ,        ,        ,        ,        ,        ,      
gallago01, 1973,     1, MFS , WHA , L  , 72.0,  7.0,  15.0,  22.0, 223.0,      ,  0.0,     ,  0.0,     ,  2.0,    ,      ,   11.0,   1.0,   2.0,     3.0,    67.0,        ,        ,        ,        ,        ,     0.0,      
gallago01, 1974,     1, MFS , WHA , L  , 66.0, 10.0,  13.0,  23.0, 203.0, -3.0 ,  1.0,     ,  0.0,     ,  3.0,    ,  91.0,    1.0,   1.0,   0.0,     1.0,     0.0,        ,        ,        ,        ,        ,     0.0,      
gallago01, 1975,     1, QUN , WHA , L  , 64.0,  4.0,  15.0,  19.0, 297.0, 5.0  ,  0.0,     ,  0.0,     ,  1.0,    ,  90.0,    2.0,   0.0,   0.0,     0.0,    31.0, 0.0    ,        ,        ,        ,        ,        ,      
gallago01, 1976,     1, MF2 , WHA , L  , 37.0,  6.0,   3.0,   9.0,  64.0, -1.0 ,  0.0,     ,  0.0,     ,     ,    ,  55.0,       ,      ,      ,        ,        ,        ,        ,        ,        ,        ,        ,      
gallago01, 1976,     2, BIR , WHA , L  , 34.0,  4.0,  13.0,  17.0,  62.0, 8.0  ,  1.0,     ,  0.0,     ,     ,    ,  50.0,       ,      ,      ,        ,        ,        ,        ,        ,        ,        ,        ,      
gallajo01, 1930,     1, MTM , NHL , D  , 35.0,  4.0,   2.0,   6.0,  35.0,      ,     ,     ,     ,     ,     ,    ,      ,    2.0,   0.0,   0.0,     0.0,     0.0,        ,        ,        ,        ,        ,        ,      
gallajo01, 1931,     1, MTM , NHL , D  , 19.0,  1.0,   0.0,   1.0,  18.0,      ,     ,     ,     ,     ,     ,    ,      ,       ,      ,      ,        ,        ,        ,        ,        ,        ,        ,        ,      
gallajo01, 1932,     1, MTM , NHL , D  ,  6.0,  1.0,   0.0,   1.0,   0.0,      ,     ,     ,     ,     ,     ,    ,      ,       ,      ,      ,        ,        ,        ,        ,        ,        ,        ,        ,      
gallajo01, 1932,     2, DET , NHL , D  , 35.0,  3.0,   6.0,   9.0,  48.0,      ,     ,     ,     ,     ,     ,    ,      ,    4.0,   1.0,   1.0,     2.0,     4.0,        ,        ,        ,        ,        ,        ,      
gallajo01, 1933,     1, DET , NHL , D  ,  1.0,  0.0,   0.0,   0.0,   0.0,      ,     ,     ,     ,     ,     ,    ,      ,       ,      ,      ,        ,        ,        ,        ,        ,        ,        ,        ,      
gallajo01, 1936,     1, NYA , NHL , D  ,  9.0,  0.0,   0.0,   0.0,  12.0,      ,     ,     ,     ,     ,     ,    ,      ,       ,      ,      ,        ,        ,        ,        ,        ,        ,        ,        ,      
gallajo01, 1936,     2, DET , NHL , D  , 11.0,  1.0,   0.0,   1.0,   0.0,      ,     ,     ,     ,     ,     ,    ,      ,   10.0,   1.0,   0.0,     1.0,    15.0,        ,        ,        ,        ,        ,        ,      
gallajo01, 1937,     1, NYA , NHL , D  , 46.0,  3.0,   6.0,   9.0,  18.0,      ,     ,     ,     ,     ,     ,    ,      ,    6.0,   0.0,   2.0,     2.0,     6.0,        ,        ,        ,        ,        ,        ,      
gallajo01, 1938,     1, NYA , NHL , D  , 43.0,  1.0,   5.0,   6.0,  22.0,      ,     ,     ,     ,     ,     ,    ,      ,    2.0,   0.0,   0.0,     0.0,     0.0,        ,        ,        ,        ,        ,        ,      
gallega01, 1984,     1, LAK , NHL , D  , 78.0,  8.0,  30.0,  38.0,  82.0, 3.0  ,  1.0,     ,  1.0,     ,  2.0, 0.0, 131.0,    3.0,   1.0,   0.0,     1.0,     2.0, 0.0    ,     0.0,        ,     0.0,        ,     0.0,     7.0
gallega01, 1985,     1, LAK , NHL , D  , 49.0,  9.0,  13.0,  22.0,  46.0, -9.0 ,  1.0,     ,  0.0,     ,  1.0, 0.0,  57.0,       ,      ,      ,        ,        ,        ,        ,        ,        ,        ,        ,      
gallega01, 1986,     1, LAK , NHL , D  , 30.0,  5.0,  11.0,  16.0,  57.0, -9.0 ,  2.0,     ,  0.0,     ,  1.0, 0.0,  43.0,       ,      ,      ,        ,        ,        ,        ,        ,        ,        ,        ,      
gallega01, 1986,     2, WAS , NHL , D  , 18.0,  1.0,  10.0,  11.0,  10.0, 3.0  ,  1.0,     ,  0.0,     ,  0.0, 0.0,  27.0,    2.0,   0.0,   0.0,     0.0,     0.0, 0.0    ,     0.0,        ,     0.0,        ,     0.0,     4.0
gallega01, 1987,     1, WAS , NHL , D  , 58.0,  7.0,  23.0,  30.0,  44.0, 11.0 ,  3.0, 16.0,  0.0,  0.0,  0.0, 1.0, 100.0,   13.0,   2.0,   4.0,     6.0,    13.0, -1.0   ,     0.0,     2.0,     0.0,     0.0,     0.0,    21.0
gallega01, 1988,     1, BOS , NHL , D  , 78.0,  8.0,  22.0,  30.0,  80.0, -7.0 ,  2.0, 10.0,  1.0,  0.0,  0.0, 0.0, 145.0,    9.0,   0.0,   1.0,     1.0,    33.0, 2.0    ,     0.0,     1.0,     0.0,     0.0,     0.0,    16.0
gallega01, 1989,     1, BOS , NHL , D  , 71.0,  8.0,  27.0,  35.0,  75.0, 2.0  ,  1.0,  4.0,  0.0,  0.0,  0.0, 0.0, 142.0,   21.0,   3.0,   3.0,     6.0,    34.0, -8.0   ,     1.0,     2.0,     0.0,     0.0,     2.0,    35.0
gallega01, 1990,     1, BOS , NHL , D  , 70.0,  6.0,  21.0,  27.0,  84.0, 0.0  ,  1.0,  7.0,  0.0,  0.0,  0.0, 0.0, 128.0,   16.0,   1.0,   5.0,     6.0,    17.0, -2.0   ,     0.0,     2.0,     0.0,     0.0,     0.0,    20.0
gallega01, 1991,     1, BOS , NHL , D  , 38.0,  2.0,  12.0,  14.0,  83.0, -3.0 ,  1.0,  5.0,  0.0,  0.0,  0.0, 0.0,  51.0,       ,      ,      ,        ,        ,        ,        ,        ,        ,        ,        ,      
gallega01, 1991,     2, PHI , NHL , D  , 39.0,  3.0,  15.0,  18.0,  34.0, 1.0  ,  2.0,  4.0,  0.0,  0.0,  1.0, 0.0,  74.0,       ,      ,      ,        ,        ,        ,        ,        ,        ,        ,        ,      
gallega01, 1992,     1, PHI , NHL , D  , 83.0, 13.0,  49.0,  62.0, 115.0, 18.0 ,  4.0, 21.0,  1.0,  3.0,  3.0, 1.0, 231.0,       ,      ,      ,        ,        ,        ,        ,        ,        ,        ,        ,      
gallega01, 1993,     1, PHI , NHL , D  , 81.0, 10.0,  60.0,  70.0,  91.0, -11.0,  5.0, 30.0,  1.0,  1.0,  0.0, 1.0, 186.0,       ,      ,      ,        ,        ,        ,        ,        ,        ,        ,        ,      
gallega01, 1994,     1, PHI , NHL , D  , 33.0,  2.0,  20.0,  22.0,  20.0, 0.0  ,  1.0, 12.0,  0.0,  0.0,  0.0, 0.0,  66.0,       ,      ,      ,        ,        ,        ,        ,        ,        ,        ,        ,      
gallega01, 1994,     2, BUF , NHL , D  , 14.0,  1.0,   9.0,  10.0,  10.0, 4.0  ,  1.0,  3.0,  0.0,  0.0,  0.0, 0.0,  31.0,    5.0,   0.0,   3.0,     3.0,     4.0, -3.0   ,     0.0,     2.0,     0.0,     0.0,     0.0,    12.0
gallega01, 1995,     1, BUF , NHL , D  , 78.0, 10.0,  44.0,  54.0,  81.0, -2.0 ,  7.0, 28.0,  1.0,  2.0,  2.0, 0.0, 175.0,       ,      ,      ,        ,        ,        ,        ,        ,        ,        ,        ,      
gallega01, 1996,     1, BUF , NHL , D  , 71.0,  4.0,  34.0,  38.0, 102.0, 10.0 ,  1.0, 13.0,  1.0,  0.0,  1.0, 0.0,  84.0,   12.0,   0.0,   6.0,     6.0,    14.0, 2.0    ,     0.0,     4.0,     0.0,     0.0,     0.0,    22.0
gallega01, 1997,     1, LAK , NHL , D  , 74.0,  9.0,  28.0,  37.0,  63.0, -5.0 ,  7.0, 13.0,  0.0,  0.0,  0.0, 0.0, 128.0,    4.0,   0.0,   1.0,     1.0,     2.0, -2.0   ,     0.0,     0.0,     0.0,     0.0,     0.0,     6.0
gallega01, 1998,     1, LAK , NHL , D  , 60.0,  4.0,  12.0,  16.0,  30.0, -9.0 ,  3.0,  4.0,  0.0,  2.0,  0.0, 0.0,  77.0,       ,      ,      ,        ,        ,        ,        ,        ,        ,        ,        ,      
gallega01, 1999,     1, LAK , NHL , D  , 70.0,  9.0,  21.0,  30.0,  52.0, 9.0  ,  2.0, 11.0,  0.0,  0.0,  1.0, 0.0,  96.0,    4.0,   0.0,   0.0,     0.0,     0.0, -2.0   ,     0.0,     0.0,     0.0,     0.0,     0.0,     9.0
gallega01, 2000,     1, NYI , NHL , D  , 56.0,  6.0,  14.0,  20.0,  59.0, -4.0 ,  4.0,  8.0,  0.0,  0.0,  0.0, 0.0,  94.0,       ,      ,      ,        ,        ,        ,        ,        ,        ,        ,        ,      
gallido01, 1942,     1, BOS , NHL , C  , 48.0, 14.0,  20.0,  34.0,  16.0,      ,     ,     ,     ,     ,     ,    ,      ,    9.0,   3.0,   1.0,     4.0,    10.0,        ,        ,        ,        ,        ,        ,      
gallido01, 1943,     1, BOS , NHL , C  , 23.0, 13.0,   5.0,  18.0,   6.0,      ,     ,     ,     ,     ,     ,    ,      ,       ,      ,      ,        ,        ,        ,        ,        ,        ,        ,        ,      
gallido01, 1945,     1, BOS , NHL , C  , 50.0, 17.0,  23.0,  40.0,  18.0,      ,     ,     ,     ,     ,     ,    ,      ,   10.0,   2.0,   4.0,     6.0,     2.0,        ,        ,        ,        ,        ,        ,      
gallido01, 1946,     1, BOS , NHL , C  , 47.0, 11.0,  19.0,  30.0,  12.0,      ,     ,     ,     ,     ,     ,    ,      ,    4.0,   0.0,   0.0,     0.0,     7.0,        ,        ,        ,        ,        ,        ,      
gallido01, 1947,     1, BOS , NHL , C  , 54.0, 10.0,  21.0,  31.0,  37.0,      ,     ,     ,     ,     ,     ,    ,      ,       ,      ,      ,        ,        ,        ,        ,        ,        ,        ,        ,      
gallija01, 1977,     1, MNS , NHL , R  ,  2.0,  0.0,   0.0,   0.0,   0.0, 0.0  ,  0.0,     ,  0.0,     ,  0.0, 0.0,   0.0,       ,      ,      ,        ,        ,        ,        ,        ,        ,        ,        ,      
gamacsi01, 2002,     1, ATL , NHL , C  ,  2.0,  0.0,   0.0,   0.0,   2.0, -1.0 ,  0.0,  0.0,  0.0,  0.0,  0.0, 0.0,   3.0,       ,      ,      ,        ,        ,        ,        ,        ,        ,        ,        ,      
gamacsi01, 2003,     1, ATL , NHL , L  ,  2.0,  0.0,   1.0,   1.0,   0.0, 0.0  ,  0.0,  0.0,  0.0,  0.0,  0.0, 0.0,   1.0,       ,      ,      ,        ,        ,        ,        ,        ,        ,        ,        ,      
gamacsi01, 2003,     2, NAS , NHL , L  ,  7.0,  1.0,   0.0,   1.0,   0.0, -3.0 ,  1.0,  0.0,  0.0,  0.0,  0.0, 0.0,   4.0,       ,      ,      ,        ,        ,        ,        ,        ,        ,        ,        ,      
gamacsi01, 2005,     1, NAS , NHL , R  , 11.0,  0.0,   0.0,   0.0,   0.0, -6.0 ,  0.0,  0.0,  0.0,  0.0,  0.0,    ,   4.0,       ,      ,      ,        ,        ,        ,        ,        ,        ,        ,        ,      
gamacsi01, 2005,     2, STL , NHL , R  , 15.0,  3.0,   4.0,   7.0,  10.0, 1.0  ,  0.0,  1.0,  0.0,  0.0,  0.0,    ,  32.0,       ,      ,      ,        ,        ,        ,        ,        ,        ,        ,        ,      
gamacsi01, 2007,     1, TOR , NHL , L  , 11.0,  2.0,   2.0,   4.0,   6.0, -1.0 ,  1.0,  0.0,  0.0,  0.0,  0.0,    ,  11.0,       ,      ,      ,        ,        ,        ,        ,        ,        ,        ,        ,      
gamblbr01, 1958,     1, NYR , NHL , G  ,  2.0,  0.0,   0.0,   0.0,   0.0,      ,     ,     ,     ,     ,     ,    ,      ,       ,      ,      ,        ,        ,        ,        ,        ,        ,        ,        ,      
gamblbr01, 1960,     1, BOS , NHL , G  , 52.0,  0.0,   0.0,   0.0,  14.0,      ,     ,     ,     ,     ,     ,    ,      ,       ,      ,      ,        ,        ,        ,        ,        ,        ,        ,        ,      
gamblbr01, 1961,     1, BOS , NHL , G  , 28.0,  0.0,   0.0,   0.0,   4.0,      ,     ,     ,     ,     ,     ,    ,      ,       ,      ,      ,        ,        ,        ,        ,        ,        ,        ,        ,      
gamblbr01, 1965,     1, TOR , NHL , G  , 10.0,  0.0,   0.0,   0.0,   0.0,      ,  0.0,     ,  0.0,     ,  0.0, 0.0,      ,       ,      ,      ,        ,        ,        ,        ,        ,        ,        ,        ,      
gamblbr01, 1966,     1, TOR , NHL , G  , 23.0,  0.0,   0.0,   0.0,   0.0,      ,  0.0,     ,  0.0,     ,  0.0, 0.0,      ,       ,      ,      ,        ,        ,        ,        ,        ,        ,        ,        ,      
gamblbr01, 1967,     1, TOR , NHL , G  , 41.0,  0.0,   0.0,   0.0,   2.0, 0.0  ,  0.0,     ,  0.0,     ,  0.0, 0.0,   0.0,       ,      ,      ,        ,        ,        ,        ,        ,        ,        ,        ,      
gamblbr01, 1968,     1, TOR , NHL , G  , 61.0,  0.0,   0.0,   0.0,   2.0, 0.0  ,  0.0,     ,  0.0,     ,  0.0, 0.0,   0.0,    3.0,   0.0,   0.0,     0.0,     0.0,        ,     0.0,        ,     0.0,        ,     0.0,      
gamblbr01, 1969,     1, TOR , NHL , G  , 52.0,  0.0,   1.0,   1.0,   0.0, 0.0  ,  0.0,     ,  0.0,     ,  0.0, 0.0,   0.0,       ,      ,      ,        ,        ,        ,        ,        ,        ,        ,        ,      
gamblbr01, 1970,     1, TOR , NHL , G  , 23.0,  0.0,   0.0,   0.0,   0.0, 0.0  ,  0.0,     ,  0.0,     ,  0.0, 0.0,   0.0,       ,      ,      ,        ,        ,        ,        ,        ,        ,        ,        ,      
gamblbr01, 1970,     2, PHI , NHL , G  , 11.0,  0.0,   0.0,   0.0,   0.0, 0.0  ,  0.0,     ,  0.0,     ,  0.0, 0.0,   0.0,    2.0,   0.0,   0.0,     0.0,     0.0,        ,     0.0,        ,     0.0,        ,     0.0,      
gamblbr01, 1971,     1, PHI , NHL , G  , 24.0,  0.0,   0.0,   0.0,   2.0, 0.0  ,  0.0,     ,  0.0,     ,  0.0, 0.0,   0.0,       ,      ,      ,        ,        ,        ,        ,        ,        ,        ,        ,      
gambldi01, 1950,     1, MTL , NHL , L  ,  1.0,  0.0,   0.0,   0.0,   0.0,      ,     ,     ,     ,     ,     ,    ,      ,       ,      ,      ,        ,        ,        ,        ,        ,        ,        ,        ,      
gambldi01, 1951,     1, MTL , NHL , L  , 64.0, 23.0,  17.0,  40.0,   8.0,      ,     ,     ,     ,     ,     ,    ,      ,    7.0,   0.0,   2.0,     2.0,     0.0,        ,        ,        ,        ,        ,        ,      
gambldi01, 1952,     1, MTL , NHL , L  , 69.0, 11.0,  13.0,  24.0,  26.0,      ,     ,     ,     ,     ,     ,    ,      ,    5.0,   1.0,   0.0,     1.0,     2.0,        ,        ,        ,        ,        ,        ,      
gambldi01, 1953,     1, MTL , NHL , L  , 32.0,  4.0,   8.0,  12.0,  18.0,      ,     ,     ,     ,     ,     ,    ,      ,       ,      ,      ,        ,        ,        ,        ,        ,        ,        ,        ,      
gambldi01, 1954,     1, CHI , NHL , L  , 14.0,  2.0,   0.0,   2.0,   6.0,      ,     ,     ,     ,     ,     ,    ,      ,       ,      ,      ,        ,        ,        ,        ,        ,        ,        ,        ,      
gambldi01, 1954,     2, MTL , NHL , L  ,     ,     ,      ,      ,      ,      ,     ,     ,     ,     ,     ,    ,      ,    2.0,   0.0,   0.0,     0.0,     2.0,        ,        ,        ,        ,        ,        ,      
gambldi01, 1955,     1, MTL , NHL , L  , 12.0,  0.0,   3.0,   3.0,   8.0,      ,     ,     ,     ,     ,     ,    ,      ,       ,      ,      ,        ,        ,        ,        ,        ,        ,        ,        ,      
gambldi01, 1965,     1, TOR , NHL , L  ,  2.0,  1.0,   0.0,   1.0,   0.0,      ,  1.0,     ,  0.0,     ,  0.0, 0.0,      ,       ,      ,      ,        ,        ,        ,        ,        ,        ,        ,        ,      
gambldi01, 1966,     1, TOR , NHL , L  ,  1.0,  0.0,   0.0,   0.0,   0.0,      ,  0.0,     ,  0.0,     ,  0.0, 0.0,      ,       ,      ,      ,        ,        ,        ,        ,        ,        ,        ,        ,      
gambltr01, 1986,     1, VAN , NHL , G  ,  1.0,  0.0,   0.0,   0.0,   0.0, 0.0  ,  0.0,     ,  0.0,     ,  0.0, 0.0,   0.0,       ,      ,      ,        ,        ,        ,        ,        ,        ,        ,        ,      
gambltr01, 1988,     1, VAN , NHL , G  ,  5.0,  0.0,   0.0,   0.0,   0.0, 0.0  ,  0.0,  0.0,  0.0,  0.0,  0.0, 0.0,   0.0,       ,      ,      ,        ,        ,        ,        ,        ,        ,        ,        ,      
gambltr01, 1990,     1, VAN , NHL , G  , 47.0,  0.0,   1.0,   1.0,  14.0, 0.0  ,  0.0,     ,  0.0,     ,  0.0, 0.0,   0.0,    4.0,   0.0,   0.0,     0.0,     0.0, 0.0    ,     0.0,     0.0,     0.0,     0.0,     0.0,     0.0
gambltr01, 1991,     1, VAN , NHL , G  , 19.0,  0.0,   0.0,   0.0,   8.0, 0.0  ,  0.0,  0.0,  0.0,  0.0,  0.0, 0.0,   0.0,       ,      ,      ,        ,        ,        ,        ,        ,        ,        ,        ,      
gambuga01, 1971,     1, MNS , NHL , C  ,  9.0,  1.0,   0.0,   1.0,   0.0, 2.0  ,  0.0,     ,  0.0,     ,  0.0, 0.0,   3.0,       ,      ,      ,        ,        ,        ,        ,        ,        ,        ,        ,      
gambuga01, 1973,     1, MNS , NHL , L  , 42.0,  1.0,   7.0,   8.0,   9.0, 5.0  ,  0.0,     ,  0.0,     ,  0.0, 0.0,  26.0,       ,      ,      ,        ,        ,        ,        ,        ,        ,        ,        ,      
gambuga01, 1974,     1, MFS , WHA , C  , 68.0, 19.0,  18.0,  37.0,  19.0, 14.0 ,  2.0,     ,  0.0,     ,  3.0,    , 121.0,   12.0,   4.0,   0.0,     4.0,     6.0,        ,        ,        ,        ,        ,     1.0,      
gambuga01, 1975,     1, MFS , WHA , C  , 45.0, 10.0,   6.0,  16.0,  14.0, 5.0  ,     ,     ,     ,     ,     ,    ,  92.0,       ,      ,      ,        ,        ,        ,        ,        ,        ,        ,        ,      
ganchpe01, 1983,     1, STL , NHL , R  ,  1.0,  0.0,   0.0,   0.0,   0.0, 1.0  ,  0.0,     ,  0.0,     ,  0.0, 0.0,   0.0,    7.0,   3.0,   1.0,     4.0,     0.0, 2.0    ,     2.0,        ,     0.0,        ,     0.0,    15.0
ganchpe01, 1984,     1, STL , NHL , R  ,  7.0,  0.0,   2.0,   2.0,   0.0, 0.0  ,  0.0,     ,  0.0,     ,  0.0, 0.0,   4.0,       ,      ,      ,        ,        ,        ,        ,        ,        ,        ,        ,      
ganchpe01, 1987,     1, MTL , NHL , R  ,  1.0,  1.0,   0.0,   1.0,   0.0, -1.0 ,  0.0,  0.0,  0.0,  0.0,  0.0, 0.0,   1.0,       ,      ,      ,        ,        ,        ,        ,        ,        ,        ,        ,      
ganchpe01, 1987,     2, PIT , NHL , R  , 30.0,  2.0,   5.0,   7.0,  36.0, 0.0  ,  0.0,  0.0,  0.0,  0.0,  0.0, 0.0,  34.0,       ,      ,      ,        ,        ,        ,        ,        ,        ,        ,        ,      
ganchpe01, 1988,     1, PIT , NHL , R  ,  3.0,  0.0,   0.0,   0.0,   0.0, -3.0 ,  0.0,  0.0,  0.0,  0.0,  0.0, 0.0,   3.0,       ,      ,      ,        ,        ,        ,        ,        ,        ,        ,        ,      
gansda01 , 1982,     1, LAK , NHL , C  ,  3.0,  0.0,   0.0,   0.0,   0.0, -1.0 ,  0.0,     ,  0.0,     ,  0.0, 0.0,   0.0,       ,      ,      ,        ,        ,        ,        ,        ,        ,        ,        ,      
gansda01 , 1985,     1, LAK , NHL , C  ,  3.0,  0.0,   0.0,   0.0,   2.0, 0.0  ,  0.0,     ,  0.0,     ,  0.0, 0.0,   3.0,       ,      ,      ,        ,        ,        ,        ,        ,        ,        ,        ,      
gardibe01, 1935,     1, NYR , NHL , G  ,  1.0,  0.0,   0.0,   0.0,   0.0,      ,     ,     ,     ,     ,     ,    ,      ,       ,      ,      ,        ,        ,        ,        ,        ,        ,        ,        ,      
gardibe01, 1938,     1, NYR , NHL , G  ,     ,     ,      ,      ,      ,      ,     ,     ,     ,     ,     ,    ,      ,    6.0,   0.0,   0.0,     0.0,     0.0,        ,        ,        ,        ,        ,        ,      
gardibe01, 1940,     1, MTL , NHL , G  , 42.0,  0.0,   0.0,   0.0,   0.0,      ,     ,     ,     ,     ,     ,    ,      ,    3.0,   0.0,   0.0,     0.0,     0.0,        ,        ,        ,        ,        ,        ,      
gardibe01, 1941,     1, MTL , NHL , G  , 10.0,  0.0,   0.0,   0.0,   0.0,      ,     ,     ,     ,     ,     ,    ,      ,       ,      ,      ,        ,        ,        ,        ,        ,        ,        ,        ,      
gardibe01, 1942,     1, CHI , NHL , G  , 50.0,  0.0,   0.0,   0.0,   0.0,      ,     ,     ,     ,     ,     ,    ,      ,       ,      ,      ,        ,        ,        ,        ,        ,        ,        ,        ,      
gardibe01, 1943,     1, BOS , NHL , G  , 41.0,  0.0,   1.0,   1.0,   0.0,      ,     ,     ,     ,     ,     ,    ,      ,       ,      ,      ,        ,        ,        ,        ,        ,        ,        ,        ,      
gardibr01, 1996,     1, OTT , NHL , R  , 67.0, 11.0,  10.0,  21.0,  49.0, 4.0  ,  0.0,  1.0,  1.0,  0.0,  2.0, 2.0,  94.0,    7.0,   0.0,   1.0,     1.0,     2.0, 0.0    ,     0.0,     0.0,     0.0,     0.0,     0.0,     3.0
gardibr01, 1997,     1, OTT , NHL , C  , 55.0,  7.0,  11.0,  18.0,  50.0, 2.0  ,  0.0,  0.0,  0.0,  0.0,  0.0, 0.0,  64.0,   11.0,   1.0,   3.0,     4.0,     2.0, -2.0   ,     0.0,     0.0,     0.0,     1.0,     1.0,    21.0
gardibr01, 1998,     1, OTT , NHL , C  , 59.0,  4.0,   8.0,  12.0,  43.0, 6.0  ,  0.0,  0.0,  0.0,  1.0,  1.0, 0.0,  70.0,    3.0,   0.0,   0.0,     0.0,     4.0, 0.0    ,     0.0,     0.0,     0.0,     0.0,     0.0,     4.0
gardibr01, 1999,     1, OTT , NHL , R  , 10.0,  0.0,   3.0,   3.0,   4.0, 1.0  ,  0.0,  0.0,  0.0,  0.0,  0.0, 0.0,  18.0,       ,      ,      ,        ,        ,        ,        ,        ,        ,        ,        ,      
gardibr01, 1999,     2, TBL , NHL , R  , 41.0,  3.0,   6.0,   9.0,  37.0, -21.0,  0.0,  0.0,  0.0,  0.0,  0.0, 0.0,  30.0,       ,      ,      ,        ,        ,        ,        ,        ,        ,        ,        ,      
gardibr01, 2000,     1, CBS , NHL , L  , 73.0,  7.0,  15.0,  22.0,  78.0, -1.0 ,  0.0,  0.0,  0.0,  0.0,  1.0, 0.0,  60.0,       ,      ,      ,        ,        ,        ,        ,        ,        ,        ,        ,      
gardibr01, 2001,     1, NJD , NHL , R  ,  7.0,  2.0,   1.0,   3.0,   2.0, -1.0 ,  1.0,  0.0,  0.0,  0.0,  0.0, 0.0,  10.0,       ,      ,      ,        ,        ,        ,        ,        ,        ,        ,        ,      
gardich01, 1927,     1, CHI , NHL , G  , 40.0,  0.0,   0.0,   0.0,   0.0,      ,     ,     ,     ,     ,     ,    ,      ,       ,      ,      ,        ,        ,        ,        ,        ,        ,        ,        ,      
gardich01, 1928,     1, CHI , NHL , G  , 44.0,  0.0,   0.0,   0.0,   2.0,      ,     ,     ,     ,     ,     ,    ,      ,       ,      ,      ,        ,        ,        ,        ,        ,        ,        ,        ,      
gardich01, 1929,     1, CHI , NHL , G  , 44.0,  0.0,   0.0,   0.0,   0.0,      ,     ,     ,     ,     ,     ,    ,      ,    2.0,   0.0,   0.0,     0.0,     0.0,        ,        ,        ,        ,        ,        ,      
gardich01, 1930,     1, CHI , NHL , G  , 44.0,  0.0,   0.0,   0.0,   0.0,      ,     ,     ,     ,     ,     ,    ,      ,    9.0,   0.0,   0.0,     0.0,     0.0,        ,        ,        ,        ,        ,        ,      
gardich01, 1931,     1, CHI , NHL , G  , 48.0,  0.0,   0.0,   0.0,   0.0,      ,     ,     ,     ,     ,     ,    ,      ,    2.0,   0.0,   0.0,     0.0,     0.0,        ,        ,        ,        ,        ,        ,      
gardich01, 1932,     1, CHI , NHL , G  , 48.0,  0.0,   0.0,   0.0,   0.0,      ,     ,     ,     ,     ,     ,    ,      ,       ,      ,      ,        ,        ,        ,        ,        ,        ,        ,        ,      
gardich01, 1933,     1, CHI , NHL , G  , 48.0,  0.0,   0.0,   0.0,   0.0,      ,     ,     ,     ,     ,     ,    ,      ,    8.0,   0.0,   0.0,     0.0,     0.0,        ,        ,        ,        ,        ,        ,      
gardihe01, 1921,     1, CAT , WCHL, D  , 24.0,  5.0,   1.0,   6.0,   6.0,      ,     ,     ,     ,     ,     ,    ,      ,    2.0,   0.0,   0.0,     0.0,     0.0,        ,        ,        ,        ,        ,        ,      
gardihe01, 1922,     1, CAT , WCHL, D  , 29.0,  9.0,   3.0,  12.0,   9.0,      ,     ,     ,     ,     ,     ,    ,      ,       ,      ,      ,        ,        ,        ,        ,        ,        ,        ,        ,      
gardihe01, 1923,     1, CAT , WCHL, D  , 22.0,  5.0,   5.0,  10.0,   4.0,      ,     ,     ,     ,     ,     ,    ,      ,    5.0,   2.0,   1.0,     3.0,     0.0,        ,        ,        ,        ,        ,        ,      
gardihe01, 1924,     1, CAT , WCHL, D  , 28.0, 12.0,   8.0,  20.0,  18.0,      ,     ,     ,     ,     ,     ,    ,      ,    2.0,   0.0,   0.0,     0.0,     0.0,        ,        ,        ,        ,        ,        ,      
gardihe01, 1925,     1, CAT , WCHL, D  , 27.0,  3.0,   1.0,   4.0,  10.0,      ,     ,     ,     ,     ,     ,    ,      ,       ,      ,      ,        ,        ,        ,        ,        ,        ,        ,        ,      
gardihe01, 1926,     1, MTL , NHL , D  , 44.0,  6.0,   6.0,  12.0,  26.0,      ,     ,     ,     ,     ,     ,    ,      ,    4.0,   0.0,   0.0,     0.0,    10.0,        ,        ,        ,        ,        ,        ,      
gardihe01, 1927,     1, MTL , NHL , D  , 44.0,  4.0,   3.0,   7.0,  26.0,      ,     ,     ,     ,     ,     ,    ,      ,    2.0,   0.0,   1.0,     1.0,     4.0,        ,        ,        ,        ,        ,        ,      
gardihe01, 1928,     1, CHI , NHL , D  , 13.0,  0.0,   0.0,   0.0,   0.0,      ,     ,     ,     ,     ,     ,    ,      ,       ,      ,      ,        ,        ,        ,        ,        ,        ,        ,        ,      
gardihe01, 1928,     2, MTL , NHL , D  ,  7.0,  0.0,   0.0,   0.0,   0.0,      ,     ,     ,     ,     ,     ,    ,      ,    3.0,   0.0,   0.0,     0.0,     2.0,        ,        ,        ,        ,        ,        ,      
gardnbi01, 1980,     1, CHI , NHL , C  ,  1.0,  0.0,   0.0,   0.0,   0.0, 0.0  ,  0.0,     ,  0.0,     ,  0.0, 0.0,   0.0,       ,      ,      ,        ,        ,        ,        ,        ,        ,        ,        ,      
gardnbi01, 1981,     1, CHI , NHL , C  , 69.0,  8.0,  15.0,  23.0,  20.0, -9.0 ,  1.0,     ,  4.0,     ,  0.0, 0.0,  66.0,   15.0,   1.0,   4.0,     5.0,     6.0,        ,     0.0,        ,     0.0,        ,     1.0,      
gardnbi01, 1982,     1, CHI , NHL , C  , 77.0, 15.0,  25.0,  40.0,  12.0, 10.0 ,  2.0,     ,  0.0,     ,  2.0, 2.0, 105.0,   13.0,   1.0,   0.0,     1.0,     9.0,        ,     1.0,        ,     0.0,        ,     0.0,      
gardnbi01, 1983,     1, CHI , NHL , C  , 79.0, 27.0,  21.0,  48.0,  12.0, 1.0  ,  3.0,     ,  3.0,     ,  3.0, 4.0, 114.0,    5.0,   0.0,   1.0,     1.0,     0.0, -2.0   ,     0.0,        ,     0.0,        ,     0.0,     1.0
gardnbi01, 1984,     1, CHI , NHL , L  , 74.0, 17.0,  34.0,  51.0,  12.0, 7.0  ,  5.0,     ,  1.0,     ,  1.0, 0.0, 120.0,   12.0,   1.0,   3.0,     4.0,     2.0, -4.0   ,     0.0,        ,     0.0,        ,     0.0,    12.0
gardnbi01, 1985,     1, CHI , NHL , C  , 46.0,  3.0,  10.0,  13.0,   6.0, -8.0 ,  0.0,     ,  0.0,     ,  0.0, 0.0,  29.0,       ,      ,      ,        ,        ,        ,        ,        ,        ,        ,        ,      
gardnbi01, 1985,     2, HAR , NHL , C  , 18.0,  1.0,   8.0,   9.0,   4.0, -6.0 ,  0.0,     ,  0.0,     ,  0.0, 0.0,  12.0,       ,      ,      ,        ,        ,        ,        ,        ,        ,        ,        ,      
gardnbi01, 1986,     1, HAR , NHL , C  ,  8.0,  0.0,   1.0,   1.0,   0.0, -2.0 ,  0.0,     ,  0.0,     ,  0.0, 0.0,   7.0,       ,      ,      ,        ,        ,        ,        ,        ,        ,        ,        ,      
gardnbi01, 1987,     1, CHI , NHL , C  ,  2.0,  1.0,   0.0,   1.0,   2.0, -1.0 ,  1.0,  0.0,  0.0,  0.0,  0.0, 0.0,   1.0,       ,      ,      ,        ,        ,        ,        ,        ,        ,        ,        ,      
gardnbi01, 1988,     1, CHI , NHL , C  ,  6.0,  1.0,   1.0,   2.0,   0.0, 2.0  ,  1.0,  0.0,  0.0,  0.0,  1.0, 0.0,   4.0,       ,      ,      ,        ,        ,        ,        ,        ,        ,        ,        ,      
gardnca01, 1945,     1, NYR , NHL , C  , 16.0,  8.0,   2.0,  10.0,   2.0,      ,     ,     ,     ,     ,     ,    ,      ,       ,      ,      ,        ,        ,        ,        ,        ,        ,        ,        ,      
gardnca01, 1946,     1, NYR , NHL , C  , 52.0, 13.0,  16.0,  29.0,  30.0,      ,     ,     ,     ,     ,     ,    ,      ,       ,      ,      ,        ,        ,        ,        ,        ,        ,        ,        ,      
gardnca01, 1947,     1, NYR , NHL , C  , 58.0,  7.0,  18.0,  25.0,  71.0,      ,     ,     ,     ,     ,     ,    ,      ,    5.0,   0.0,   0.0,     0.0,     0.0,        ,        ,        ,        ,        ,        ,      
gardnca01, 1948,     1, TOR , NHL , C  , 53.0, 13.0,  22.0,  35.0,  35.0,      ,     ,     ,     ,     ,     ,    ,      ,    9.0,   2.0,   5.0,     7.0,     0.0,        ,        ,        ,        ,        ,        ,      
gardnca01, 1949,     1, TOR , NHL , C  , 31.0,  7.0,  19.0,  26.0,  12.0,      ,     ,     ,     ,     ,     ,    ,      ,    7.0,   1.0,   0.0,     1.0,     4.0,        ,        ,        ,        ,        ,        ,      
gardnca01, 1950,     1, TOR , NHL , C  , 66.0, 23.0,  28.0,  51.0,  42.0,      ,     ,     ,     ,     ,     ,    ,      ,   11.0,   1.0,   1.0,     2.0,     4.0,        ,        ,        ,        ,        ,        ,      
gardnca01, 1951,     1, TOR , NHL , C  , 70.0, 15.0,  26.0,  41.0,  40.0,      ,     ,     ,     ,     ,     ,    ,      ,    3.0,   0.0,   0.0,     0.0,     2.0,        ,        ,        ,        ,        ,        ,      
gardnca01, 1952,     1, CHI , NHL , C  , 70.0, 11.0,  24.0,  35.0,  60.0,      ,     ,     ,     ,     ,     ,    ,      ,    7.0,   0.0,   2.0,     2.0,     4.0,        ,        ,        ,        ,        ,        ,      
gardnca01, 1953,     1, BOS , NHL , C  , 70.0, 14.0,  20.0,  34.0,  62.0,      ,     ,     ,     ,     ,     ,    ,      ,    4.0,   1.0,   1.0,     2.0,     0.0,        ,        ,        ,        ,        ,        ,      
gardnca01, 1954,     1, BOS , NHL , C  , 70.0, 16.0,  22.0,  38.0,  40.0,      ,     ,     ,     ,     ,     ,    ,      ,    5.0,   0.0,   0.0,     0.0,     4.0,        ,        ,        ,        ,        ,        ,      
gardnca01, 1955,     1, BOS , NHL , C  , 70.0, 15.0,  21.0,  36.0,  57.0,      ,     ,     ,     ,     ,     ,    ,      ,       ,      ,      ,        ,        ,        ,        ,        ,        ,        ,        ,      
gardnca01, 1956,     1, BOS , NHL , C  , 70.0, 12.0,  20.0,  32.0,  66.0,      ,     ,     ,     ,     ,     ,    ,      ,   10.0,   2.0,   1.0,     3.0,     2.0,        ,        ,        ,        ,        ,        ,      
gardnda01, 1972,     1, MTL , NHL , C  ,  5.0,  1.0,   1.0,   2.0,   0.0, 0.0  ,  1.0,     ,  0.0,     ,  0.0, 0.0,   6.0,       ,      ,      ,        ,        ,        ,        ,        ,        ,        ,        ,      
gardnda01, 1973,     1, MTL , NHL , C  , 31.0,  1.0,  10.0,  11.0,   2.0, 4.0  ,  0.0,     ,  0.0,     ,  0.0, 0.0,  26.0,       ,      ,      ,        ,        ,        ,        ,        ,        ,        ,        ,      
gardnda01, 1973,     2, STL , NHL , C  , 15.0,  5.0,   2.0,   7.0,   6.0, -6.0 ,  1.0,     ,  0.0,     ,  0.0, 0.0,  29.0,       ,      ,      ,        ,        ,        ,        ,        ,        ,        ,        ,      
gardnda01, 1974,     1, STL , NHL , C  ,  8.0,  0.0,   2.0,   2.0,   0.0, -3.0 ,  0.0,     ,  0.0,     ,  0.0, 0.0,   8.0,       ,      ,      ,        ,        ,        ,        ,        ,        ,        ,        ,      
gardnda01, 1974,     2, CLF , NHL , C  , 64.0, 16.0,  20.0,  36.0,   6.0, -19.0,  6.0,     ,  1.0,     ,  0.0, 0.0, 133.0,       ,      ,      ,        ,        ,        ,        ,        ,        ,        ,        ,      
gardnda01, 1975,     1, CLF , NHL , C  , 74.0, 16.0,  32.0,  48.0,   8.0, -4.0 ,  2.0,     ,  0.0,     ,  1.0, 0.0, 157.0,       ,      ,      ,        ,        ,        ,        ,        ,        ,        ,        ,      
gardnda01, 1976,     1, CLE , NHL , C  , 76.0, 16.0,  22.0,  38.0,   9.0, -20.0,  5.0,     ,  0.0,     ,  3.0, 0.0, 141.0,       ,      ,      ,        ,        ,        ,        ,        ,        ,        ,        ,      
gardnda01, 1977,     1, CLE , NHL , C  , 75.0, 19.0,  25.0,  44.0,  10.0, -16.0,  3.0,     ,  0.0,     ,  3.0, 1.0, 106.0,       ,      ,      ,        ,        ,        ,        ,        ,        ,        ,        ,      
gardnda01, 1979,     1, PHI , NHL , C  ,  2.0,  1.0,   1.0,   2.0,   0.0, 1.0  ,  0.0,     ,  0.0,     ,  0.0, 0.0,   1.0,       ,      ,      ,        ,        ,        ,        ,        ,        ,        ,        ,      
gardnge01, 1965,     1, DET , NHL , G  ,  1.0,  0.0,   0.0,   0.0,   0.0,      ,  0.0,     ,  0.0,     ,  0.0, 0.0,      ,       ,      ,      ,        ,        ,        ,        ,        ,        ,        ,        ,      
gardnge01, 1966,     1, DET , NHL , G  , 11.0,  0.0,   0.0,   0.0,   0.0,      ,  0.0,     ,  0.0,     ,  0.0, 0.0,      ,       ,      ,      ,        ,        ,        ,        ,        ,        ,        ,        ,      
gardnge01, 1967,     1, DET , NHL , G  , 12.0,  0.0,   0.0,   0.0,   0.0, 0.0  ,  0.0,     ,  0.0,     ,  0.0, 0.0,   0.0,       ,      ,      ,        ,        ,        ,        ,        ,        ,        ,        ,      
gardnge01, 1970,     1, VAN , NHL , G  , 18.0,  0.0,   0.0,   0.0,   0.0, 0.0  ,  0.0,     ,  0.0,     ,  0.0, 0.0,   0.0,       ,      ,      ,        ,        ,        ,        ,        ,        ,        ,        ,      
gardnge01, 1971,     1, VAN , NHL , G  , 24.0,  0.0,   0.0,   0.0,   0.0, 0.0  ,  0.0,     ,  0.0,     ,  0.0, 0.0,   0.0,       ,      ,      ,        ,        ,        ,        ,        ,        ,        ,        ,      
gardnge01, 1972,     1, LAS , WHA , G  , 49.0,  0.0,   1.0,   1.0,   2.0,      ,  0.0,     ,  0.0,     ,     ,    ,      ,    3.0,   0.0,   0.0,     0.0,     0.0,        ,     0.0,        ,     0.0,        ,     0.0,      
gardnge01, 1973,     1, LAS , WHA , G  ,  2.0,  0.0,   0.0,   0.0,   0.0,      ,  0.0,     ,  0.0,     ,  0.0,    ,      ,       ,      ,      ,        ,        ,        ,        ,        ,        ,        ,        ,      
gardnge01, 1973,     2, VAB , WHA , G  , 28.0,  0.0,   0.0,   0.0,   0.0,      ,  0.0,     ,  0.0,     ,  0.0,    ,      ,       ,      ,      ,        ,        ,        ,        ,        ,        ,        ,        ,      
gardnji01, 1909,     1, MOW , NHA ,    , 12.0, 10.0,   0.0,  10.0,  58.0,      ,     ,     ,     ,     ,     ,    ,      ,       ,      ,      ,        ,        ,        ,        ,        ,        ,        ,        ,      
gardnji01, 1910,     1, MOW , NHA ,    , 16.0,  5.0,   0.0,   5.0,  35.0,      ,     ,     ,     ,     ,     ,    ,      ,       ,      ,      ,        ,        ,        ,        ,        ,        ,        ,        ,      
gardnji01, 1911,     1, NWR , PCHA, L  , 15.0,  8.0,   0.0,   8.0,  49.0,      ,     ,     ,     ,     ,     ,    ,      ,       ,      ,      ,        ,        ,        ,        ,        ,        ,        ,        ,      
gardnji01, 1912,     1, NWR , PCHA, L  , 13.0,  3.0,   4.0,   7.0,  21.0,      ,     ,     ,     ,     ,     ,    ,      ,       ,      ,      ,        ,        ,        ,        ,        ,        ,        ,        ,      
gardnji01, 1913,     1, MOC , NHA ,    , 15.0, 10.0,   9.0,  19.0,  12.0,      ,     ,     ,     ,     ,     ,    ,      ,       ,      ,      ,        ,        ,        ,        ,        ,        ,        ,        ,      
gardnji01, 1914,     1, MOC , NHA ,    ,  2.0,  0.0,   0.0,   0.0,   0.0,      ,     ,     ,     ,     ,     ,    ,      ,       ,      ,      ,        ,        ,        ,        ,        ,        ,        ,        ,      
gardnpa01, 1976,     1, COR , NHL , C  , 60.0, 30.0,  29.0,  59.0,  25.0, -28.0, 11.0,     ,  0.0,     ,  0.0, 0.0, 191.0,       ,      ,      ,        ,        ,        ,        ,        ,        ,        ,        ,      
gardnpa01, 1977,     1, COR , NHL , C  , 46.0, 30.0,  22.0,  52.0,  29.0, -17.0, 13.0,     ,  0.0,     ,  3.0, 4.0, 133.0,       ,      ,      ,        ,        ,        ,        ,        ,        ,        ,        ,      
gardnpa01, 1978,     1, COR , NHL , C  , 64.0, 23.0,  26.0,  49.0,  32.0, -25.0, 14.0,     ,  0.0,     ,  0.0, 1.0, 170.0,       ,      ,      ,        ,        ,        ,        ,        ,        ,        ,        ,      
gardnpa01, 1978,     2, TOR , NHL , C  , 11.0,  7.0,   2.0,   9.0,   0.0, 0.0  ,  2.0,     ,  0.0,     ,  1.0, 0.0,  20.0,    6.0,   0.0,   1.0,     1.0,     4.0,        ,     0.0,        ,     0.0,        ,     0.0,      
gardnpa01, 1979,     1, TOR , NHL , C  , 45.0, 11.0,  13.0,  24.0,  10.0, -8.0 ,  4.0,     ,  0.0,     ,  1.0, 0.0,  74.0,       ,      ,      ,        ,        ,        ,        ,        ,        ,        ,        ,      
gardnpa01, 1980,     1, PIT , NHL , C  , 62.0, 34.0,  40.0,  74.0,  59.0, -5.0 , 18.0,     ,  0.0,     ,  1.0, 4.0, 183.0,    5.0,   1.0,   0.0,     1.0,     8.0,        ,     1.0,        ,     0.0,        ,     0.0,      
gardnpa01, 1981,     1, PIT , NHL , C  , 59.0, 36.0,  33.0,  69.0,  28.0, -7.0 , 21.0,     ,  0.0,     ,  2.0, 2.0, 157.0,    5.0,   1.0,   5.0,     6.0,     2.0,        ,     1.0,        ,     0.0,        ,     0.0,      
gardnpa01, 1982,     1, PIT , NHL , C  , 70.0, 28.0,  27.0,  55.0,  12.0, -23.0, 20.0,     ,  0.0,     ,  1.0, 1.0, 155.0,       ,      ,      ,        ,        ,        ,        ,        ,        ,        ,        ,      
gardnpa01, 1983,     1, PIT , NHL , C  , 16.0,  0.0,   5.0,   5.0,   6.0, -4.0 ,  0.0,     ,  0.0,     ,  0.0, 0.0,  21.0,       ,      ,      ,        ,        ,        ,        ,        ,        ,        ,        ,      
gardnpa01, 1984,     1, WAS , NHL , C  , 12.0,  2.0,   4.0,   6.0,   6.0, -1.0 ,  2.0,     ,  0.0,     ,  0.0, 0.0,  17.0,       ,      ,      ,        ,        ,        ,        ,        ,        ,        ,        ,      
gardnpa01, 1985,     1, BUF , NHL , C  ,  2.0,  0.0,   0.0,   0.0,   0.0, -3.0 ,  0.0,     ,  0.0,     ,  0.0, 0.0,   4.0,       ,      ,      ,        ,        ,        ,        ,        ,        ,        ,        ,      
gareda01 , 1974,     1, BUF , NHL , R  , 78.0, 31.0,  31.0,  62.0,  75.0, 40.0 ,  5.0,     ,  0.0,     ,  2.0, 2.0, 274.0,   17.0,   7.0,   6.0,    13.0,    19.0,        ,     0.0,        ,     0.0,        ,     1.0,      
gareda01 , 1975,     1, BUF , NHL , R  , 79.0, 50.0,  23.0,  73.0, 129.0, 32.0 ,  8.0,     ,  1.0,     ,  9.0, 4.0, 303.0,    9.0,   5.0,   2.0,     7.0,    21.0,        ,     0.0,        ,     0.0,        ,     2.0,      
gareda01 , 1976,     1, BUF , NHL , R  , 35.0, 11.0,  15.0,  26.0,  73.0, 7.0  ,  3.0,     ,  0.0,     ,  0.0, 0.0,  92.0,    4.0,   0.0,   0.0,     0.0,    18.0,        ,     0.0,        ,     0.0,        ,     0.0,      
gareda01 , 1977,     1, BUF , NHL , R  , 69.0, 39.0,  38.0,  77.0,  95.0, 32.0 ,  9.0,     ,  0.0,     ,  2.0, 6.0, 265.0,    8.0,   4.0,   6.0,    10.0,    37.0,        ,     2.0,        ,     0.0,        ,     0.0,      
gareda01 , 1978,     1, BUF , NHL , R  , 71.0, 27.0,  40.0,  67.0,  90.0, 18.0 ,  7.0,     ,  0.0,     ,  3.0, 4.0, 260.0,    3.0,   0.0,   0.0,     0.0,     9.0,        ,     0.0,        ,     0.0,        ,     0.0,      
gareda01 , 1979,     1, BUF , NHL , R  , 76.0, 56.0,  33.0,  89.0,  90.0, 49.0 , 17.0,     ,  0.0,     , 11.0, 3.0, 270.0,   14.0,   4.0,   7.0,    11.0,    35.0,        ,     4.0,        ,     0.0,        ,     1.0,      
gareda01 , 1980,     1, BUF , NHL , R  , 73.0, 46.0,  39.0,  85.0, 109.0, 12.0 , 15.0,     ,  0.0,     ,  7.0, 2.0, 248.0,    3.0,   3.0,   0.0,     3.0,     8.0,        ,     2.0,        ,     0.0,        ,     1.0,      
gareda01 , 1981,     1, BUF , NHL , R  , 22.0,  7.0,  14.0,  21.0,  25.0, 0.0  ,  2.0,     ,  0.0,     ,  1.0, 0.0,  71.0,       ,      ,      ,        ,        ,        ,        ,        ,        ,        ,        ,      
gareda01 , 1981,     2, DET , NHL , R  , 36.0, 13.0,   9.0,  22.0,  74.0, -4.0 ,  2.0,     ,  1.0,     ,  0.0, 0.0, 100.0,       ,      ,      ,        ,        ,        ,        ,        ,        ,        ,        ,      
gareda01 , 1982,     1, DET , NHL , R  , 79.0, 26.0,  35.0,  61.0, 107.0, -16.0,  6.0,     ,  0.0,     ,  3.0, 1.0, 224.0,       ,      ,      ,        ,        ,        ,        ,        ,        ,        ,        ,      
gareda01 , 1983,     1, DET , NHL , R  , 63.0, 13.0,  13.0,  26.0, 147.0, 3.0  ,  1.0,     ,  0.0,     ,  2.0, 0.0, 148.0,    4.0,   2.0,   0.0,     2.0,    38.0, 2.0    ,     0.0,        ,     0.0,        ,     0.0,    11.0
gareda01 , 1984,     1, DET , NHL , R  , 71.0, 27.0,  29.0,  56.0, 163.0, 5.0  ,  3.0,     ,  0.0,     ,  3.0, 1.0, 167.0,    2.0,   0.0,   0.0,     0.0,    10.0, -2.0   ,     0.0,        ,     0.0,        ,     0.0,     4.0
gareda01 , 1985,     1, DET , NHL , R  , 57.0,  7.0,   9.0,  16.0, 102.0, -19.0,  1.0,     ,  0.0,     ,  0.0, 0.0, 108.0,       ,      ,      ,        ,        ,        ,        ,        ,        ,        ,        ,      
gareda01 , 1986,     1, EDM , NHL , R  , 18.0,  1.0,   3.0,   4.0,   6.0, 2.0  ,  0.0,     ,  0.0,     ,  0.0, 0.0,  22.0,       ,      ,      ,        ,        ,        ,        ,        ,        ,        ,        ,      
gariera01, 1953,     1, BOS , NHL , D  , 35.0,  1.0,   6.0,   7.0,  39.0,      ,     ,     ,     ,     ,     ,    ,      ,       ,      ,      ,        ,        ,        ,        ,        ,        ,        ,        ,      
gariera01, 1955,     1, TOR , NHL , D  ,  1.0,  0.0,   0.0,   0.0,   4.0,      ,     ,     ,     ,     ,     ,    ,      ,       ,      ,      ,        ,        ,        ,        ,        ,        ,        ,        ,      
garlasc01, 1975,     1, TOR , NHL , C  , 16.0,  4.0,   3.0,   7.0,   8.0, 0.0  ,  1.0,     ,  0.0,     ,  0.0, 0.0,  17.0,    7.0,   1.0,   2.0,     3.0,    35.0,        ,     1.0,        ,     0.0,        ,     0.0,      
garlasc01, 1976,     1, TOR , NHL , R  , 69.0,  9.0,  20.0,  29.0,  83.0, -18.0,  3.0,     ,  0.0,     ,  1.0, 0.0,  84.0,       ,      ,      ,        ,        ,        ,        ,        ,        ,        ,        ,      
garlasc01, 1978,     1, LAK , NHL , D  ,  6.0,  0.0,   1.0,   1.0,  24.0, -4.0 ,  0.0,     ,  0.0,     ,  0.0, 0.0,   1.0,       ,      ,      ,        ,        ,        ,        ,        ,        ,        ,        ,      
garneje01, 1974,     1, QUN , WHA , L  , 17.0,  0.0,   5.0,   5.0,  27.0,      ,  0.0,     ,  0.0,     ,  0.0,    ,      ,       ,      ,      ,        ,        ,        ,        ,        ,        ,        ,     0.0,      
garnemi01, 2005,     1, ATL , NHL , G  , 24.0,  0.0,   2.0,   2.0,   0.0, 0.0  ,  0.0,  1.0,  0.0,  0.0,  0.0,    ,   0.0,       ,      ,      ,        ,        ,        ,        ,        ,        ,        ,        ,      
garnero01, 1982,     1, PIT , NHL , C  ,  1.0,  0.0,   0.0,   0.0,   0.0, 0.0  ,  0.0,     ,  0.0,     ,  0.0, 0.0,   1.0,       ,      ,      ,        ,        ,        ,        ,        ,        ,        ,        ,      
garnety01, 1998,     1, CAL , NHL , G  ,  3.0,  0.0,   0.0,   0.0,   0.0, 0.0  ,  0.0,  0.0,  0.0,  0.0,  0.0, 0.0,   0.0,       ,      ,      ,        ,        ,        ,        ,        ,        ,        ,        ,      
garonma01, 2000,     1, MTL , NHL , G  , 11.0,  0.0,   0.0,   0.0,   0.0, 0.0  ,  0.0,  0.0,  0.0,  0.0,  0.0, 0.0,   0.0,       ,      ,      ,        ,        ,        ,        ,        ,        ,        ,        ,      
garonma01, 2001,     1, MTL , NHL , G  ,  5.0,  0.0,   0.0,   0.0,   0.0, 0.0  ,  0.0,  0.0,  0.0,  0.0,  0.0, 0.0,   0.0,       ,      ,      ,        ,        ,        ,        ,        ,        ,        ,        ,      
garonma01, 2002,     1, MTL , NHL , G  ,  8.0,  0.0,   0.0,   0.0,   0.0, 0.0  ,  0.0,  0.0,  0.0,  0.0,  0.0, 0.0,   0.0,       ,      ,      ,        ,        ,        ,        ,        ,        ,        ,        ,      
garonma01, 2003,     1, MTL , NHL , G  , 19.0,  0.0,   0.0,   0.0,   2.0, 0.0  ,  0.0,  0.0,  0.0,  0.0,  0.0, 0.0,   0.0,    1.0,   0.0,   0.0,     0.0,     0.0, 0.0    ,     0.0,     0.0,     0.0,     0.0,     0.0,     0.0
garonma01, 2005,     1, LAK , NHL , G  , 63.0,  0.0,   3.0,   3.0,   8.0, 0.0  ,  0.0,  1.0,  0.0,  1.0,  0.0,    ,   0.0,       ,      ,      ,        ,        ,        ,        ,        ,        ,        ,        ,      
garonma01, 2006,     1, LAK , NHL , G  , 32.0,  0.0,   1.0,   1.0,   6.0, 0.0  ,  0.0,  1.0,  0.0,  0.0,  0.0,    ,   0.0,       ,      ,      ,        ,        ,        ,        ,        ,        ,        ,        ,      
garonma01, 2007,     1, EDM , NHL , G  , 47.0,  0.0,   0.0,   0.0,   8.0, 0.0  ,  0.0,  0.0,  0.0,  0.0,  0.0,    ,   0.0,       ,      ,      ,        ,        ,        ,        ,        ,        ,        ,        ,      
garonma01, 2008,     1, EDM , NHL , G  , 15.0,  0.0,   0.0,   0.0,   0.0, 0.0  ,  0.0,  0.0,  0.0,  0.0,  0.0,    ,   0.0,       ,      ,      ,        ,        ,        ,        ,        ,        ,        ,        ,      
garonma01, 2008,     2, PIT , NHL , G  ,  4.0,  0.0,   0.0,   0.0,   0.0, 0.0  ,  0.0,  0.0,  0.0,  0.0,  0.0,    ,   0.0,    1.0,   0.0,   0.0,     0.0,     0.0, 0.0    ,     0.0,     0.0,     0.0,     0.0,     0.0,     0.0
garonma01, 2009,     1, CBS , NHL , G  , 35.0,  0.0,   0.0,   0.0,   2.0, 0.0  ,  0.0,  0.0,  0.0,  0.0,  0.0,    ,   0.0,       ,      ,      ,        ,        ,        ,        ,        ,        ,        ,        ,      
garpejo01, 1990,     1, DET , NHL , L  , 71.0, 18.0,  22.0,  40.0,  18.0, -4.0 ,  2.0,  4.0,  0.0,  0.0,  3.0, 0.0,  91.0,    6.0,   0.0,   1.0,     1.0,     4.0, -1.0   ,     0.0,     0.0,     0.0,     0.0,     0.0,     7.0
garpejo01, 1991,     1, DET , NHL , L  , 16.0,  1.0,   1.0,   2.0,   4.0, 2.0  ,  0.0,  0.0,  0.0,  0.0,  0.0, 0.0,  13.0,       ,      ,      ,        ,        ,        ,        ,        ,        ,        ,        ,      
garpejo01, 1991,     2, SJS , NHL , L  , 12.0,  5.0,   6.0,  11.0,   4.0, -2.0 ,  1.0,  2.0,  0.0,  0.0,  1.0, 0.0,  21.0,       ,      ,      ,        ,        ,        ,        ,        ,        ,        ,        ,      
garpejo01, 1992,     1, SJS , NHL , L  , 79.0, 22.0,  44.0,  66.0,  56.0, -26.0, 14.0, 11.0,  0.0,  1.0,  1.0, 0.0, 171.0,       ,      ,      ,        ,        ,        ,        ,        ,        ,        ,        ,      
garpejo01, 1993,     1, SJS , NHL , L  , 80.0, 18.0,  35.0,  53.0,  28.0, 9.0  ,  7.0,  8.0,  0.0,  0.0,  3.0, 0.0, 125.0,   14.0,   4.0,   6.0,    10.0,     6.0, 0.0    ,     0.0,     1.0,     0.0,     0.0,     2.0,    23.0
garpejo01, 1994,     1, SJS , NHL , R  , 13.0,  1.0,   1.0,   2.0,   2.0, -3.0 ,  0.0,  0.0,  0.0,  0.0,  0.0, 0.0,  16.0,       ,      ,      ,        ,        ,        ,        ,        ,        ,        ,        ,      
garpejo01, 1994,     2, FLO , NHL , R  , 27.0,  3.0,   9.0,  12.0,   0.0, 4.0  ,  0.0,  3.0,  0.0,  0.0,  0.0, 0.0,  28.0,       ,      ,      ,        ,        ,        ,        ,        ,        ,        ,        ,      
garpejo01, 1995,     1, FLO , NHL , L  , 82.0, 23.0,  28.0,  51.0,  36.0, -10.0,  8.0, 14.0,  0.0,  0.0,  7.0, 1.0, 130.0,   20.0,   4.0,   2.0,     6.0,     8.0, -2.0   ,     0.0,     0.0,     0.0,     0.0,     0.0,    35.0
garpejo01, 1996,     1, FLO , NHL , L  , 53.0, 11.0,  25.0,  36.0,  47.0, 10.0 ,  1.0,  7.0,  0.0,  0.0,  1.0, 2.0,  83.0,    4.0,   2.0,   0.0,     2.0,     4.0, 0.0    ,     2.0,     0.0,     0.0,     0.0,     1.0,     6.0
garpejo01, 1997,     1, FLO , NHL , L  , 39.0,  2.0,   3.0,   5.0,   8.0, -6.0 ,  0.0,  0.0,  0.0,  0.0,  0.0, 0.0,  43.0,       ,      ,      ,        ,        ,        ,        ,        ,        ,        ,        ,      
garpejo01, 1998,     1, FLO , NHL , L  , 64.0,  8.0,   9.0,  17.0,  42.0, -9.0 ,  0.0,  0.0,  1.0,  1.0,  0.0, 1.0,  71.0,       ,      ,      ,        ,        ,        ,        ,        ,        ,        ,        ,      
garpejo01, 1999,     1, ATL , NHL , L  , 73.0,  2.0,  14.0,  16.0,  31.0, -30.0,  0.0,  3.0,  0.0,  0.0,  0.0, 0.0,  79.0,       ,      ,      ,        ,        ,        ,        ,        ,        ,        ,        ,      
garrejo01, 1973,     1, MFS , WHA , G  , 40.0,  0.0,   0.0,   0.0,  10.0,      ,  0.0,     ,  0.0,     ,  0.0,    ,      ,    7.0,   0.0,   0.0,     0.0,    14.0,        ,        ,        ,        ,        ,     0.0,      
garrejo01, 1974,     1, MFS , WHA , G  , 58.0,  0.0,   0.0,   0.0,   6.0,      ,  0.0,     ,  0.0,     ,  0.0,    ,   0.0,   12.0,   0.0,   1.0,     1.0,     2.0,        ,     0.0,        ,     0.0,        ,     0.0,      
garrejo01, 1975,     1, MFS , WHA , G  , 52.0,  0.0,   0.0,   0.0,   6.0, 0.0  ,  0.0,     ,  0.0,     ,  0.0,    ,   0.0,       ,      ,      ,        ,        ,        ,        ,        ,        ,        ,        ,      
garrejo01, 1975,     2, TOT , WHA , G  ,  9.0,  0.0,   1.0,   1.0,   0.0, 0.0  ,  0.0,     ,  0.0,     ,  0.0,    ,   0.0,       ,      ,      ,        ,        ,        ,        ,        ,        ,        ,        ,      
garrejo01, 1976,     1, BIR , WHA , G  , 65.0,  0.0,   3.0,   3.0,  21.0, 0.0  ,  0.0,     ,  0.0,     ,  0.0,    ,   0.0,       ,      ,      ,        ,        ,        ,        ,        ,        ,        ,        ,      
garrejo01, 1977,     1, BIR , WHA , G  , 58.0,  0.0,   3.0,   3.0,  26.0, 0.0  ,  0.0,     ,  0.0,     ,     ,    ,   0.0,    5.0,   0.0,   0.0,     0.0,     0.0, 0.0    ,        ,        ,        ,        ,        ,      
garrejo01, 1978,     1, NEW , WHA , G  , 41.0,  0.0,   0.0,   0.0,   6.0, 0.0  ,  0.0,     ,  0.0,     ,     ,    ,   0.0,    8.0,   0.0,   0.0,     0.0,     0.0, 0.0    ,        ,        ,        ,        ,     0.0,      
garrejo01, 1979,     1, HAR , NHL , G  , 52.0,  0.0,   2.0,   2.0,  12.0, 0.0  ,  0.0,     ,  0.0,     ,  0.0, 0.0,   0.0,    1.0,   0.0,   0.0,     0.0,     0.0,        ,     0.0,        ,     0.0,        ,     0.0,      
garrejo01, 1980,     1, HAR , NHL , G  , 54.0,  0.0,   1.0,   1.0,   2.0, 0.0  ,  0.0,     ,  0.0,     ,  0.0, 0.0,   0.0,       ,      ,      ,        ,        ,        ,        ,        ,        ,        ,        ,      
garrejo01, 1981,     1, HAR , NHL , G  , 16.0,  0.0,   1.0,   1.0,   2.0, 0.0  ,  0.0,     ,  0.0,     ,  0.0, 0.0,   0.0,       ,      ,      ,        ,        ,        ,        ,        ,        ,        ,        ,      
garrejo01, 1981,     2, QUE , NHL , G  , 12.0,  0.0,   0.0,   0.0,   0.0, 0.0  ,  0.0,     ,  0.0,     ,  0.0, 0.0,   0.0,    5.0,   0.0,   0.0,     0.0,     0.0,        ,     0.0,        ,     0.0,        ,     0.0,      
garrejo01, 1982,     1, QUE , NHL , G  , 17.0,  0.0,   1.0,   1.0,   2.0, 0.0  ,  0.0,     ,  0.0,     ,  0.0, 0.0,   0.0,       ,      ,      ,        ,        ,        ,        ,        ,        ,        ,        ,      
garrejo01, 1982,     2, VAN , NHL , G  , 17.0,  0.0,   1.0,   1.0,   0.0, 0.0  ,  0.0,     ,  0.0,     ,  0.0, 0.0,   0.0,    1.0,   0.0,   0.0,     0.0,     0.0,        ,     0.0,        ,     0.0,        ,     0.0,      
garrejo01, 1983,     1, VAN , NHL , G  , 29.0,  0.0,   0.0,   0.0,   9.0, 0.0  ,  0.0,     ,  0.0,     ,  0.0, 0.0,   0.0,    2.0,   0.0,   0.0,     0.0,     0.0, 0.0    ,     0.0,        ,     0.0,        ,     0.0,     0.0
garrejo01, 1984,     1, VAN , NHL , G  , 10.0,  0.0,   0.0,   0.0,  14.0, 0.0  ,  0.0,     ,  0.0,     ,  0.0, 0.0,   0.0,       ,      ,      ,        ,        ,        ,        ,        ,        ,        ,        ,      
garrere01, 1942,     1, NYR , NHL , D  , 23.0,  1.0,   1.0,   2.0,  18.0,      ,     ,     ,     ,     ,     ,    ,      ,       ,      ,      ,        ,        ,        ,        ,        ,        ,        ,        ,      
garrija01, 2008,     1, FLO , NHL , D  ,  1.0,  0.0,   0.0,   0.0,   0.0, 0.0  ,  0.0,  0.0,  0.0,  0.0,  0.0,    ,   0.0,       ,      ,      ,        ,        ,        ,        ,        ,        ,        ,        ,      
garrija01, 2009,     1, FLO , NHL , D  , 39.0,  2.0,   6.0,   8.0,  23.0, 5.0  ,  0.0,  1.0,  0.0,  0.0,  0.0,    ,  24.0,       ,      ,      ,        ,        ,        ,        ,        ,        ,        ,        ,      
gartnmi01, 1978,     1, CIN , WHA , R  , 78.0, 27.0,  25.0,  52.0, 123.0, -18.0,  9.0,     ,  0.0,     ,     ,    , 227.0,    3.0,   0.0,   0.0,     0.0,     2.0, -2.0   ,        ,        ,        ,        ,     0.0,      
gartnmi01, 1979,     1, WAS , NHL , R  , 77.0, 36.0,  32.0,  68.0,  66.0, 15.0 ,  4.0,     ,  0.0,     ,  3.0, 2.0, 228.0,       ,      ,      ,        ,        ,        ,        ,        ,        ,        ,        ,      
gartnmi01, 1980,     1, WAS , NHL , R  , 80.0, 48.0,  46.0,  94.0, 100.0, -5.0 , 13.0,     ,  0.0,     ,  3.0, 3.0, 326.0,       ,      ,      ,        ,        ,        ,        ,        ,        ,        ,        ,      
gartnmi01, 1981,     1, WAS , NHL , R  , 80.0, 35.0,  45.0,  80.0, 121.0, -11.0,  5.0,     ,  2.0,     ,  5.0, 0.0, 300.0,       ,      ,      ,        ,        ,        ,        ,        ,        ,        ,        ,      
gartnmi01, 1982,     1, WAS , NHL , R  , 73.0, 38.0,  38.0,  76.0,  54.0, -2.0 , 10.0,     ,  1.0,     ,  3.0, 3.0, 269.0,    4.0,   0.0,   0.0,     0.0,     4.0,        ,     0.0,        ,     0.0,        ,     0.0,      
gartnmi01, 1983,     1, WAS , NHL , R  , 80.0, 40.0,  45.0,  85.0,  90.0, 22.0 ,  8.0,     ,  0.0,     ,  7.0, 2.0, 286.0,    8.0,   3.0,   7.0,    10.0,    16.0, 1.0    ,     2.0,        ,     0.0,        ,     0.0,    30.0
gartnmi01, 1984,     1, WAS , NHL , R  , 80.0, 50.0,  52.0, 102.0,  71.0, 17.0 , 17.0,     ,  0.0,     , 11.0, 1.0, 330.0,    5.0,   4.0,   3.0,     7.0,     9.0, 3.0    ,     1.0,        ,     0.0,        ,     1.0,    23.0
gartnmi01, 1985,     1, WAS , NHL , R  , 74.0, 35.0,  40.0,  75.0,  63.0, -5.0 , 11.0,     ,  2.0,     ,  4.0, 0.0, 279.0,    9.0,   2.0,  10.0,    12.0,     4.0, 6.0    ,     0.0,        ,     0.0,        ,     0.0,    26.0
gartnmi01, 1986,     1, WAS , NHL , R  , 78.0, 41.0,  32.0,  73.0,  61.0, 1.0  ,  5.0,     ,  6.0,     , 10.0, 1.0, 317.0,    7.0,   4.0,   3.0,     7.0,    14.0, 0.0    ,     0.0,        ,     0.0,        ,     0.0,    33.0
gartnmi01, 1987,     1, WAS , NHL , R  , 80.0, 48.0,  33.0,  81.0,  73.0, 20.0 , 19.0, 13.0,  0.0,  2.0,  7.0, 1.0, 316.0,   14.0,   3.0,   4.0,     7.0,    14.0, -7.0   ,     1.0,     1.0,     0.0,     0.0,     0.0,    45.0
gartnmi01, 1988,     1, WAS , NHL , R  , 56.0, 26.0,  29.0,  55.0,  71.0, 8.0  ,  6.0,     ,  0.0,  0.0,  1.0, 1.0, 190.0,       ,      ,      ,        ,        ,        ,        ,        ,        ,        ,        ,      
gartnmi01, 1988,     2, MNS , NHL , R  , 13.0,  7.0,   7.0,  14.0,   2.0, 3.0  ,  3.0,     ,  0.0,  0.0,  0.0, 0.0,  33.0,    5.0,   0.0,   0.0,     0.0,     6.0, -4.0   ,     0.0,     0.0,     0.0,     0.0,     0.0,    14.0
gartnmi01, 1989,     1, MNS , NHL , R  , 67.0, 34.0,  36.0,  70.0,  32.0, -8.0 , 15.0,     ,  4.0,     ,  2.0, 0.0, 240.0,       ,      ,      ,        ,        ,        ,        ,        ,        ,        ,        ,      
gartnmi01, 1989,     2, NYR , NHL , R  , 12.0, 11.0,   5.0,  16.0,   6.0, 4.0  ,  6.0,     ,  0.0,     ,  3.0, 0.0,  48.0,   10.0,   5.0,   3.0,     8.0,    12.0, 0.0    ,     4.0,     1.0,     0.0,     0.0,     1.0,    26.0
gartnmi01, 1990,     1, NYR , NHL , R  , 79.0, 49.0,  20.0,  69.0,  53.0, -9.0 , 22.0,  5.0,  1.0,  0.0,  4.0, 2.0, 262.0,    6.0,   1.0,   1.0,     2.0,     0.0, -4.0   ,     1.0,     0.0,     0.0,     0.0,     0.0,    22.0
gartnmi01, 1991,     1, NYR , NHL , R  , 76.0, 40.0,  41.0,  81.0,  55.0, 11.0 , 15.0, 12.0,  0.0,  0.0,  6.0, 0.0, 286.0,   13.0,   8.0,   8.0,    16.0,     4.0, 3.0    ,     3.0,     4.0,     0.0,     0.0,     1.0,    66.0
gartnmi01, 1992,     1, NYR , NHL , R  , 84.0, 45.0,  23.0,  68.0,  59.0, -4.0 , 13.0,  8.0,  0.0,  0.0,  3.0, 1.0, 323.0,       ,      ,      ,        ,        ,        ,        ,        ,        ,        ,        ,      
gartnmi01, 1993,     1, NYR , NHL , R  , 71.0, 28.0,  24.0,  52.0,  58.0, 11.0 , 10.0,  7.0,  5.0,  1.0,  4.0, 0.0, 245.0,       ,      ,      ,        ,        ,        ,        ,        ,        ,        ,        ,      
gartnmi01, 1993,     2, TOR , NHL , R  , 10.0,  6.0,   6.0,  12.0,   4.0, 9.0  ,  1.0,  2.0,  0.0,  0.0,  0.0, 0.0,  30.0,   18.0,   5.0,   6.0,    11.0,    14.0, 3.0    ,     1.0,     2.0,     0.0,     0.0,     3.0,    53.0
gartnmi01, 1994,     1, TOR , NHL , R  , 38.0, 12.0,   8.0,  20.0,   6.0, 0.0  ,  2.0,  1.0,  1.0,  0.0,  1.0, 1.0,  91.0,    5.0,   2.0,   2.0,     4.0,     2.0, 4.0    ,     0.0,     1.0,     0.0,     0.0,     0.0,    10.0
gartnmi01, 1995,     1, TOR , NHL , R  , 82.0, 35.0,  19.0,  54.0,  52.0, 5.0  , 15.0,  6.0,  0.0,  0.0,  4.0, 1.0, 275.0,    6.0,   4.0,   1.0,     5.0,     4.0, -5.0   ,     2.0,     0.0,     0.0,     0.0,     1.0,    18.0
gartnmi01, 1996,     1, PHO , NHL , R  , 82.0, 32.0,  31.0,  63.0,  38.0, -11.0, 13.0, 12.0,  1.0,  0.0,  7.0, 1.0, 271.0,    7.0,   1.0,   2.0,     3.0,     4.0, -1.0   ,     0.0,     0.0,     0.0,     0.0,     0.0,    17.0
gartnmi01, 1997,     1, PHO , NHL , R  , 60.0, 12.0,  15.0,  27.0,  24.0, -4.0 ,  4.0,  3.0,  0.0,  0.0,  2.0, 1.0, 145.0,    5.0,   1.0,   0.0,     1.0,    18.0, -2.0   ,     1.0,     0.0,     0.0,     0.0,     0.0,    11.0
garwaro01, 1973,     1, LAS , WHA , D  , 51.0,  6.0,  13.0,  19.0, 100.0,      ,  0.0,     ,  1.0,     ,  0.0,    ,      ,       ,      ,      ,        ,        ,        ,        ,        ,        ,        ,        ,      
gassobo01, 1973,     1, STL , NHL , D  , 28.0,  0.0,   3.0,   3.0,  84.0, -16.0,  0.0,     ,  0.0,     ,  0.0, 0.0,  20.0,       ,      ,      ,        ,        ,        ,        ,        ,        ,        ,        ,      
gassobo01, 1974,     1, STL , NHL , D  , 60.0,  4.0,  14.0,  18.0, 222.0, 11.0 ,  1.0,     ,  0.0,     ,  1.0, 0.0,  77.0,    2.0,   0.0,   0.0,     0.0,     0.0,        ,     0.0,        ,     0.0,        ,     0.0,      
gassobo01, 1975,     1, STL , NHL , D  , 80.0,  1.0,  12.0,  13.0, 306.0, -8.0 ,  0.0,     ,  0.0,     ,  0.0, 0.0, 100.0,    3.0,   0.0,   0.0,     0.0,     6.0,        ,     0.0,        ,     0.0,        ,     0.0,      
gassobo01, 1976,     1, STL , NHL , D  , 77.0,  6.0,  18.0,  24.0, 254.0, -2.0 ,  0.0,     ,  0.0,     ,  3.0, 0.0, 110.0,    4.0,   0.0,   1.0,     1.0,    10.0,        ,     0.0,        ,     0.0,        ,     0.0,      
gassobr01, 1975,     1, VAN , NHL , L  ,  4.0,  0.0,   0.0,   0.0,   5.0, -2.0 ,  0.0,     ,  0.0,     ,  0.0, 0.0,   3.0,       ,      ,      ,        ,        ,        ,        ,        ,        ,        ,        ,      
gassobr01, 1976,     1, VAN , NHL , L  , 37.0,  6.0,   4.0,  10.0,  35.0, -24.0,  1.0,     ,  0.0,     ,  0.0, 0.0,  53.0,       ,      ,      ,        ,        ,        ,        ,        ,        ,        ,        ,      
gassobr01, 1977,     1, VAN , NHL , L  , 47.0,  9.0,   6.0,  15.0,  70.0, -6.0 ,  0.0,     ,  0.0,     ,  1.0, 0.0,  40.0,       ,      ,      ,        ,        ,        ,        ,        ,        ,        ,        ,      
gassobr01, 1978,     1, VAN , NHL , L  , 34.0,  4.0,   7.0,  11.0,  53.0, -11.0,  0.0,     ,  0.0,     ,  0.0, 0.0,  44.0,    3.0,   0.0,   0.0,     0.0,     0.0,        ,     0.0,        ,     0.0,        ,     0.0,      
gatemma01, 1975,     1, NEW , WHA , D  , 12.0,  0.0,   1.0,   1.0,   6.0, -8.0 ,  0.0,     ,  0.0,     ,  0.0,    ,   6.0,       ,      ,      ,        ,        ,        ,        ,        ,        ,        ,        ,      
gatheda01, 1953,     1, DET , NHL , G  ,  3.0,  0.0,   0.0,   0.0,   0.0,      ,     ,     ,     ,     ,     ,    ,      ,       ,      ,      ,        ,        ,        ,        ,        ,        ,        ,        ,      
gatzost01, 1981,     1, PIT , NHL , R  , 16.0,  6.0,   8.0,  14.0,  14.0, 0.0  ,  1.0,     ,  0.0,     ,  0.0, 0.0,  36.0,    1.0,   0.0,   0.0,     0.0,     0.0,        ,     0.0,        ,     0.0,        ,     0.0,      
gatzost01, 1982,     1, PIT , NHL , R  , 44.0,  6.0,   7.0,  13.0,  52.0, -16.0,  2.0,     ,  0.0,     ,  1.0, 0.0,  70.0,       ,      ,      ,        ,        ,        ,        ,        ,        ,        ,        ,      
gatzost01, 1983,     1, PIT , NHL , R  , 23.0,  3.0,   3.0,   6.0,  15.0, -9.0 ,  0.0,     ,  0.0,     ,  1.0, 0.0,  29.0,       ,      ,      ,        ,        ,        ,        ,        ,        ,        ,        ,      
gatzost01, 1984,     1, PIT , NHL , R  ,  6.0,  0.0,   2.0,   2.0,   2.0, -6.0 ,  0.0,     ,  0.0,     ,  0.0, 0.0,   6.0,       ,      ,      ,        ,        ,        ,        ,        ,        ,        ,        ,      
gaudean01, 1972,     1, QUN , WHA , C  , 77.0, 27.0,  44.0,  71.0,  12.0,      ,  0.0,     ,  5.0,     ,  3.0,    ,      ,       ,      ,      ,        ,        ,        ,        ,        ,        ,        ,        ,      
gaudean01, 1973,     1, QUN , WHA , C  , 78.0, 24.0,  44.0,  68.0,  16.0,      ,  3.0,     ,  1.0,     ,  4.0,    ,      ,       ,      ,      ,        ,        ,        ,        ,        ,        ,        ,        ,      
gaudean01, 1974,     1, QUN , WHA , C  , 67.0, 10.0,  17.0,  27.0,   6.0, -4.0 ,  0.0,     ,  0.0,     ,     ,    ,  88.0,    9.0,   0.0,   1.0,     1.0,     0.0,        ,     0.0,        ,     0.0,        ,     0.0,      
gaudrar01, 1944,     1, BOS , NHL , L  , 44.0, 15.0,   9.0,  24.0,  27.0,      ,     ,     ,     ,     ,     ,    ,      ,    7.0,   0.0,   2.0,     2.0,     8.0,        ,        ,        ,        ,        ,        ,      
gaudrle01, 1927,     1, MTL , NHL , C  , 32.0,  6.0,   2.0,   8.0,  24.0,      ,     ,     ,     ,     ,     ,    ,      ,       ,      ,      ,        ,        ,        ,        ,        ,        ,        ,        ,      
gaudrle01, 1928,     1, MTL , NHL , C  , 11.0,  0.0,   0.0,   0.0,   4.0,      ,     ,     ,     ,     ,     ,    ,      ,       ,      ,      ,        ,        ,        ,        ,        ,        ,        ,        ,      
gaudrle01, 1932,     1, MTL , NHL , C  , 24.0,  2.0,   2.0,   4.0,   2.0,      ,     ,     ,     ,     ,     ,    ,      ,       ,      ,      ,        ,        ,        ,        ,        ,        ,        ,        ,      
gaudrro01, 1992,     1, SJS , NHL , R  , 59.0, 23.0,  20.0,  43.0,  18.0, -18.0,  5.0, 13.0,  2.0,  0.0,  1.0, 0.0, 191.0,       ,      ,      ,        ,        ,        ,        ,        ,        ,        ,        ,      
gaudrro01, 1993,     1, SJS , NHL , R  , 84.0, 15.0,  20.0,  35.0,  28.0, -10.0,  6.0,  9.0,  0.0,  0.0,  4.0, 0.0, 151.0,   14.0,   2.0,   0.0,     2.0,     0.0, -1.0   ,     1.0,     0.0,     1.0,     0.0,     0.0,    14.0
gaudrro01, 1994,     1, OTT , NHL , R  , 36.0,  5.0,   9.0,  14.0,   8.0, -16.0,  0.0,  2.0,  0.0,  0.0,  0.0, 0.0,  65.0,       ,      ,      ,        ,        ,        ,        ,        ,        ,        ,        ,      
gaudrro01, 1995,     1, OTT , NHL , R  , 52.0,  8.0,   5.0,  13.0,  15.0, -19.0,  1.0,  3.0,  1.0,  0.0,  0.0, 0.0,  76.0,       ,      ,      ,        ,        ,        ,        ,        ,        ,        ,        ,      
gaulho01 , 1909,     1, HAI , NHA ,    , 12.0, 20.0,   0.0,  20.0,  53.0,      ,     ,     ,     ,     ,     ,    ,      ,       ,      ,      ,        ,        ,        ,        ,        ,        ,        ,        ,      
gaulho01 , 1910,     1, OT1 , NHA ,    ,  3.0,  0.0,   0.0,   0.0,   3.0,      ,     ,     ,     ,     ,     ,    ,      ,       ,      ,      ,        ,        ,        ,        ,        ,        ,        ,        ,      
gaulho01 , 1912,     1, TO1 , NHA ,    , 17.0,  3.0,   0.0,   3.0,  43.0,      ,     ,     ,     ,     ,     ,    ,      ,       ,      ,      ,        ,        ,        ,        ,        ,        ,        ,        ,      
gaulije01, 1982,     1, QUE , NHL , R  ,  1.0,  0.0,   0.0,   0.0,   0.0, 0.0  ,  0.0,     ,  0.0,     ,  0.0, 0.0,   0.0,       ,      ,      ,        ,        ,        ,        ,        ,        ,        ,        ,      
gaulije01, 1983,     1, QUE , NHL , R  ,  2.0,  0.0,   0.0,   0.0,   0.0, -1.0 ,  0.0,     ,  0.0,     ,  0.0, 0.0,   0.0,       ,      ,      ,        ,        ,        ,        ,        ,        ,        ,        ,      
gaulije01, 1984,     1, QUE , NHL , L  , 22.0,  3.0,   3.0,   6.0,   8.0, 2.0  ,  0.0,     ,  0.0,     ,  0.0, 0.0,  24.0,    1.0,   0.0,   0.0,     0.0,     0.0, 0.0    ,     0.0,        ,     0.0,        ,     0.0,     0.0
gaulije01, 1985,     1, QUE , NHL , R  ,  1.0,  1.0,   0.0,   1.0,   0.0, 0.0  ,  0.0,     ,  0.0,     ,  0.0, 0.0,   2.0,       ,      ,      ,        ,        ,        ,        ,        ,        ,        ,        ,      
gaulmi01 , 1998,     1, COL , NHL , D  ,  1.0,  0.0,   0.0,   0.0,   0.0, 0.0  ,  0.0,  0.0,  0.0,  0.0,  0.0, 0.0,   1.0,       ,      ,      ,        ,        ,        ,        ,        ,        ,        ,        ,      
gaulmi01 , 2000,     1, CBS , NHL , D  ,  2.0,  0.0,   0.0,   0.0,   4.0, 0.0  ,  0.0,  0.0,  0.0,  0.0,  0.0, 0.0,   3.0,       ,      ,      ,        ,        ,        ,        ,        ,        ,        ,        ,      
gaumeda01, 1988,     1, HAR , NHL , C  ,  4.0,  1.0,   1.0,   2.0,   0.0, 1.0  ,  0.0,  0.0,  0.0,  0.0,  0.0, 0.0,   5.0,       ,      ,      ,        ,        ,        ,        ,        ,        ,        ,        ,      
gaustpa01, 2002,     1, BUF , NHL , C  ,  1.0,  0.0,   0.0,   0.0,   0.0, 0.0  ,  0.0,  0.0,  0.0,  0.0,  0.0, 0.0,   0.0,       ,      ,      ,        ,        ,        ,        ,        ,        ,        ,        ,      
gaustpa01, 2005,     1, BUF , NHL , C  , 78.0,  9.0,  15.0,  24.0,  65.0, 4.0  ,  0.0,  1.0,  0.0,  0.0,  0.0,    , 113.0,   18.0,   0.0,   4.0,     4.0,    14.0, 1.0    ,     0.0,     0.0,     0.0,     1.0,     0.0,    13.0
gaustpa01, 2006,     1, BUF , NHL , C  , 54.0,  9.0,  13.0,  22.0,  74.0, 11.0 ,  3.0,  5.0,  0.0,  1.0,  0.0,    ,  75.0,    7.0,   0.0,   1.0,     1.0,     2.0, -1.0   ,     0.0,     0.0,     0.0,     0.0,     0.0,     4.0
gaustpa01, 2007,     1, BUF , NHL , C  , 82.0, 10.0,  26.0,  36.0,  85.0, -4.0 ,  5.0,  3.0,  0.0,  1.0,  2.0,    , 136.0,       ,      ,      ,        ,        ,        ,        ,        ,        ,        ,        ,      
gaustpa01, 2008,     1, BUF , NHL , C  , 62.0, 12.0,  17.0,  29.0, 108.0, 4.0  ,  3.0,  5.0,  1.0,  0.0,  1.0,    , 122.0,       ,      ,      ,        ,        ,        ,        ,        ,        ,        ,        ,      
gaustpa01, 2009,     1, BUF , NHL , C  , 65.0, 12.0,  10.0,  22.0,  82.0, -7.0 ,  3.0,  2.0,  0.0,  0.0,  1.0,    , 111.0,    6.0,   0.0,   1.0,     1.0,     8.0, 1.0    ,     0.0,     0.0,     0.0,     0.0,     0.0,     7.0
gauthar01, 1926,     1, MTL , NHL , F  , 13.0,  0.0,   0.0,   0.0,   0.0,      ,     ,     ,     ,     ,     ,    ,      ,    1.0,   0.0,   0.0,     0.0,     0.0,        ,        ,        ,        ,        ,        ,      
gauthda01, 1994,     1, CHI , NHL , L  ,  5.0,  0.0,   0.0,   0.0,   0.0, 0.0  ,  0.0,  0.0,  0.0,  0.0,  0.0, 0.0,   4.0,       ,      ,      ,        ,        ,        ,        ,        ,        ,        ,        ,      
gauthde01, 1997,     1, CAL , NHL , D  , 10.0,  0.0,   0.0,   0.0,  16.0, -5.0 ,  0.0,  0.0,  0.0,  0.0,  0.0, 0.0,   3.0,       ,      ,      ,        ,        ,        ,        ,        ,        ,        ,        ,      
gauthde01, 1998,     1, CAL , NHL , D  , 55.0,  3.0,   4.0,   7.0,  68.0, 3.0  ,  0.0,  0.0,  0.0,  1.0,  0.0, 0.0,  40.0,       ,      ,      ,        ,        ,        ,        ,        ,        ,        ,        ,      
gauthde01, 1999,     1, CAL , NHL , D  , 39.0,  1.0,   1.0,   2.0,  50.0, -4.0 ,  0.0,  0.0,  0.0,  1.0,  0.0, 0.0,  29.0,       ,      ,      ,        ,        ,        ,        ,        ,        ,        ,        ,      
gauthde01, 2000,     1, CAL , NHL , D  , 62.0,  2.0,   6.0,   8.0,  78.0, 3.0  ,  0.0,  0.0,  0.0,  0.0,  0.0, 0.0,  33.0,       ,      ,      ,        ,        ,        ,        ,        ,        ,        ,        ,      
gauthde01, 2001,     1, CAL , NHL , D  , 66.0,  5.0,   8.0,  13.0,  91.0, 9.0  ,  0.0,  0.0,  1.0,  3.0,  2.0, 0.0,  76.0,       ,      ,      ,        ,        ,        ,        ,        ,        ,        ,        ,      
gauthde01, 2002,     1, CAL , NHL , D  , 72.0,  1.0,  11.0,  12.0,  99.0, 5.0  ,  0.0,  2.0,  0.0,  0.0,  1.0, 0.0,  50.0,       ,      ,      ,        ,        ,        ,        ,        ,        ,        ,        ,      
gauthde01, 2003,     1, CAL , NHL , D  , 80.0,  1.0,  15.0,  16.0, 113.0, 4.0  ,  0.0,  2.0,  0.0,  1.0,  0.0, 0.0,  90.0,    6.0,   0.0,   1.0,     1.0,     4.0, 2.0    ,     0.0,     1.0,     0.0,     0.0,     0.0,     3.0
gauthde01, 2005,     1, PHO , NHL , D  , 45.0,  2.0,   9.0,  11.0,  61.0, -4.0 ,  0.0,  0.0,  0.0,  0.0,  0.0,    ,  43.0,       ,      ,      ,        ,        ,        ,        ,        ,        ,        ,        ,      
gauthde01, 2005,     2, PHI , NHL , D  , 17.0,  0.0,   0.0,   0.0,  37.0, 6.0  ,  0.0,  0.0,  0.0,  0.0,  0.0,    ,  13.0,    6.0,   0.0,   1.0,     1.0,    19.0, -5.0   ,     0.0,     0.0,     0.0,     0.0,     0.0,     3.0
gauthde01, 2006,     1, PHI , NHL , D  , 43.0,  0.0,   4.0,   4.0,  45.0, -11.0,  0.0,  0.0,  0.0,  2.0,  0.0,    ,  23.0,       ,      ,      ,        ,        ,        ,        ,        ,        ,        ,        ,      
gauthde01, 2008,     1, LAK , NHL , D  , 65.0,  2.0,   2.0,   4.0,  90.0, -11.0,  0.0,  0.0,  0.0,  0.0,  0.0,    ,  36.0,       ,      ,      ,        ,        ,        ,        ,        ,        ,        ,        ,      
gauthfe01, 1943,     1, NYR , NHL , R  , 33.0, 14.0,  10.0,  24.0,   0.0,      ,     ,     ,     ,     ,     ,    ,      ,       ,      ,      ,        ,        ,        ,        ,        ,        ,        ,        ,      
gauthfe01, 1944,     1, MTL , NHL , R  , 50.0, 18.0,  13.0,  31.0,  23.0,      ,     ,     ,     ,     ,     ,    ,      ,    4.0,   0.0,   0.0,     0.0,     0.0,        ,        ,        ,        ,        ,        ,      
gauthfe01, 1945,     1, DET , NHL , R  , 30.0,  9.0,   8.0,  17.0,   6.0,      ,     ,     ,     ,     ,     ,    ,      ,    5.0,   3.0,   0.0,     3.0,     2.0,        ,        ,        ,        ,        ,        ,      
gauthfe01, 1946,     1, DET , NHL , R  , 40.0,  1.0,  12.0,  13.0,   2.0,      ,     ,     ,     ,     ,     ,    ,      ,    3.0,   1.0,   0.0,     1.0,     0.0,        ,        ,        ,        ,        ,        ,      
gauthfe01, 1947,     1, DET , NHL , R  , 35.0,  1.0,   5.0,   6.0,   2.0,      ,     ,     ,     ,     ,     ,    ,      ,   10.0,   1.0,   1.0,     2.0,     5.0,        ,        ,        ,        ,        ,        ,      
gauthfe01, 1948,     1, DET , NHL , R  , 41.0,  3.0,   2.0,   5.0,   2.0,      ,     ,     ,     ,     ,     ,    ,      ,       ,      ,      ,        ,        ,        ,        ,        ,        ,        ,        ,      
gauthga01, 2006,     1, LAK , NHL , L  ,  5.0,  0.0,   0.0,   0.0,   2.0, -1.0 ,  0.0,  0.0,  0.0,  0.0,  0.0,    ,   6.0,       ,      ,      ,        ,        ,        ,        ,        ,        ,        ,        ,      
gauthga01, 2007,     1, LAK , NHL , L  ,  3.0,  0.0,   0.0,   0.0,   0.0, 0.0  ,  0.0,  0.0,  0.0,  0.0,  0.0,    ,   2.0,       ,      ,      ,        ,        ,        ,        ,        ,        ,        ,        ,      
gauthje01, 1960,     1, MTL , NHL , D  ,  4.0,  0.0,   1.0,   1.0,   8.0,      ,     ,     ,     ,     ,     ,    ,      ,       ,      ,      ,        ,        ,        ,        ,        ,        ,        ,        ,      
gauthje01, 1961,     1, MTL , NHL , D  , 12.0,  0.0,   1.0,   1.0,  10.0,      ,     ,     ,     ,     ,     ,    ,      ,       ,      ,      ,        ,        ,        ,        ,        ,        ,        ,        ,      
gauthje01, 1962,     1, MTL , NHL , D  , 65.0,  1.0,  17.0,  18.0,  46.0,      ,     ,     ,     ,     ,     ,    ,      ,    5.0,   0.0,   0.0,     0.0,    12.0,        ,        ,        ,        ,        ,     0.0,      
gauthje01, 1963,     1, MTL , NHL , D  ,  1.0,  0.0,   0.0,   0.0,   2.0,      ,  0.0,     ,  0.0,     ,  0.0, 0.0,      ,       ,      ,      ,        ,        ,        ,        ,        ,        ,        ,        ,      
gauthje01, 1964,     1, MTL , NHL , D  ,     ,     ,      ,      ,      ,      ,     ,     ,     ,     ,     ,    ,      ,    2.0,   0.0,   0.0,     0.0,     4.0,        ,        ,        ,        ,        ,     0.0,      
gauthje01, 1965,     1, MTL , NHL , D  ,  2.0,  0.0,   0.0,   0.0,   0.0,      ,  0.0,     ,  0.0,     ,  0.0, 0.0,      ,       ,      ,      ,        ,        ,        ,        ,        ,        ,        ,        ,      
gauthje01, 1966,     1, MTL , NHL , D  ,  2.0,  0.0,   0.0,   0.0,   2.0,      ,  0.0,     ,  0.0,     ,  0.0, 0.0,      ,       ,      ,      ,        ,        ,        ,        ,        ,        ,        ,        ,      
gauthje01, 1967,     1, PHI , NHL , D  , 65.0,  5.0,   7.0,  12.0,  74.0, 0.0  ,  1.0,     ,  1.0,     ,  0.0, 0.0, 104.0,    7.0,   1.0,   3.0,     4.0,     6.0,        ,     1.0,        ,     0.0,        ,     0.0,      
gauthje01, 1968,     1, BOS , NHL , D  , 11.0,  0.0,   2.0,   2.0,   8.0, -2.0 ,  0.0,     ,  0.0,     ,  0.0, 0.0,  10.0,       ,      ,      ,        ,        ,        ,        ,        ,        ,        ,        ,      
gauthje01, 1969,     1, MTL , NHL , D  ,  4.0,  0.0,   1.0,   1.0,   0.0, 0.0  ,  0.0,     ,  0.0,     ,  0.0, 0.0,   2.0,       ,      ,      ,        ,        ,        ,        ,        ,        ,        ,        ,      
gauthje01, 1972,     1, NRA , WHA , D  , 31.0,  2.0,   1.0,   3.0,  21.0,      ,  0.0,     ,  0.0,     ,     ,    ,      ,       ,      ,      ,        ,        ,        ,        ,        ,        ,        ,        ,      
gauthlu01, 1990,     1, MTL , NHL , D  ,  3.0,  0.0,   0.0,   0.0,   2.0, 1.0  ,  0.0,  0.0,  0.0,  0.0,  0.0, 0.0,   0.0,       ,      ,      ,        ,        ,        ,        ,        ,        ,        ,        ,      
gauthpa01, 1937,     1, MTL , NHL , G  ,  1.0,  0.0,   0.0,   0.0,   0.0,      ,     ,     ,     ,     ,     ,    ,      ,       ,      ,      ,        ,        ,        ,        ,        ,        ,        ,        ,      
gauthse01, 1998,     1, SJS , NHL , G  ,  1.0,  0.0,   0.0,   0.0,   0.0, 0.0  ,  0.0,  0.0,  0.0,  0.0,  0.0, 0.0,   0.0,       ,      ,      ,        ,        ,        ,        ,        ,        ,        ,        ,      
gauvrjo01, 1983,     1, MTL , NHL , D  ,  2.0,  0.0,   0.0,   0.0,   0.0, -2.0 ,  0.0,     ,  0.0,     ,  0.0, 0.0,   0.0,       ,      ,      ,        ,        ,        ,        ,        ,        ,        ,        ,      
gaveyaa01, 1995,     1, TBL , NHL , C  , 73.0,  8.0,   4.0,  12.0,  56.0, -6.0 ,  1.0,  2.0,  1.0,  0.0,  2.0, 0.0,  65.0,    6.0,   0.0,   0.0,     0.0,     4.0, -3.0   ,     0.0,     0.0,     0.0,     0.0,     0.0,     5.0
gaveyaa01, 1996,     1, TBL , NHL , C  , 16.0,  1.0,   2.0,   3.0,  12.0, -1.0 ,  0.0,  0.0,  0.0,  0.0,  0.0, 0.0,   8.0,       ,      ,      ,        ,        ,        ,        ,        ,        ,        ,        ,      
gaveyaa01, 1996,     2, CAL , NHL , C  , 41.0,  7.0,   9.0,  16.0,  34.0, -11.0,  3.0,  1.0,  0.0,  0.0,  1.0, 1.0,  54.0,       ,      ,      ,        ,        ,        ,        ,        ,        ,        ,        ,      
gaveyaa01, 1997,     1, CAL , NHL , C  , 26.0,  2.0,   3.0,   5.0,  24.0, -5.0 ,  0.0,  0.0,  0.0,  0.0,  1.0, 0.0,  27.0,       ,      ,      ,        ,        ,        ,        ,        ,        ,        ,        ,      
gaveyaa01, 1998,     1, DAL , NHL , C  ,  7.0,  0.0,   0.0,   0.0,  10.0, -1.0 ,  0.0,  0.0,  0.0,  0.0,  0.0, 0.0,   4.0,       ,      ,      ,        ,        ,        ,        ,        ,        ,        ,        ,      
gaveyaa01, 1999,     1, DAL , NHL , C  , 41.0,  7.0,   6.0,  13.0,  44.0, 0.0  ,  1.0,  0.0,  0.0,  0.0,  2.0, 0.0,  39.0,   13.0,   1.0,   2.0,     3.0,    10.0, 1.0    ,     0.0,     0.0,     0.0,     0.0,     1.0,     6.0
gaveyaa01, 2000,     1, MIN , NHL , C  , 75.0, 10.0,  14.0,  24.0,  52.0, -8.0 ,  1.0,  4.0,  0.0,  0.0,  2.0, 0.0, 100.0,       ,      ,      ,        ,        ,        ,        ,        ,        ,        ,        ,      
gaveyaa01, 2001,     1, MIN , NHL , L  , 71.0,  6.0,  11.0,  17.0,  38.0, -21.0,  1.0,  1.0,  0.0,  1.0,  0.0, 0.0,  75.0,       ,      ,      ,        ,        ,        ,        ,        ,        ,        ,        ,      
gaveyaa01, 2002,     1, TOR , NHL , C  ,  5.0,  0.0,   1.0,   1.0,   0.0, 1.0  ,  0.0,  0.0,  0.0,  0.0,  0.0, 0.0,   8.0,       ,      ,      ,        ,        ,        ,        ,        ,        ,        ,        ,      
gaveyaa01, 2005,     1, ANA , NHL , C  ,  5.0,  0.0,   0.0,   0.0,   2.0, 0.0  ,  0.0,  0.0,  0.0,  0.0,  0.0,    ,   2.0,       ,      ,      ,        ,        ,        ,        ,        ,        ,        ,        ,      
gavinst01, 1980,     1, TOR , NHL , L  , 14.0,  1.0,   2.0,   3.0,  13.0, 0.0  ,  0.0,     ,  0.0,     ,  0.0, 0.0,  13.0,       ,      ,      ,        ,        ,        ,        ,        ,        ,        ,        ,      
gavinst01, 1981,     1, TOR , NHL , L  , 38.0,  5.0,   6.0,  11.0,  29.0, -6.0 ,  1.0,     ,  0.0,     ,  0.0, 0.0,  66.0,       ,      ,      ,        ,        ,        ,        ,        ,        ,        ,        ,      
gavinst01, 1982,     1, TOR , NHL , L  , 63.0,  6.0,   5.0,  11.0,  44.0, -7.0 ,  0.0,     ,  0.0,     ,  0.0, 0.0,  77.0,    4.0,   0.0,   0.0,     0.0,     0.0,        ,     0.0,        ,     0.0,        ,     0.0,      
gavinst01, 1983,     1, TOR , NHL , R  , 80.0, 10.0,  22.0,  32.0,  90.0, -6.0 ,  0.0,     ,  1.0,     ,  3.0, 0.0,  96.0,       ,      ,      ,        ,        ,        ,        ,        ,        ,        ,        ,      
gavinst01, 1984,     1, TOR , NHL , R  , 73.0, 12.0,  13.0,  25.0,  38.0, -22.0,  0.0,     ,  0.0,     ,  0.0, 0.0, 148.0,       ,      ,      ,        ,        ,        ,        ,        ,        ,        ,        ,      
gavinst01, 1985,     1, HAR , NHL , R  , 76.0, 26.0,  29.0,  55.0,  51.0, 12.0 ,  3.0,     ,  3.0,     ,  4.0, 1.0, 161.0,   10.0,   4.0,   1.0,     5.0,    13.0, 6.0    ,     0.0,        ,     0.0,        ,     0.0,    19.0
gavinst01, 1986,     1, HAR , NHL , R  , 79.0, 20.0,  21.0,  41.0,  28.0, 10.0 ,  3.0,     ,  2.0,     ,  4.0, 1.0, 162.0,    6.0,   2.0,   4.0,     6.0,    10.0, 3.0    ,     0.0,        ,     0.0,        ,     0.0,    18.0
gavinst01, 1987,     1, HAR , NHL , R  , 56.0, 11.0,  10.0,  21.0,  59.0, -17.0,  2.0,  2.0,  3.0,  1.0,  1.0, 1.0, 125.0,    6.0,   2.0,   2.0,     4.0,     4.0, 1.0    ,     0.0,     1.0,     0.0,     0.0,     0.0,    25.0
gavinst01, 1988,     1, MNS , NHL , L  , 73.0,  8.0,  18.0,  26.0,  34.0, 3.0  ,  0.0,  1.0,  1.0,  3.0,  0.0, 0.0, 129.0,    5.0,   3.0,   1.0,     4.0,    10.0, 1.0    ,     0.0,     0.0,     0.0,     0.0,     0.0,    12.0
gavinst01, 1989,     1, MNS , NHL , L  , 80.0, 12.0,  13.0,  25.0,  76.0, 9.0  ,  0.0,  0.0,  3.0,  1.0,  1.0, 0.0, 146.0,    7.0,   0.0,   2.0,     2.0,    12.0, -3.0   ,     0.0,     0.0,     0.0,     0.0,     0.0,     4.0
gavinst01, 1990,     1, MNS , NHL , L  , 38.0,  4.0,   4.0,   8.0,  36.0, -3.0 ,  0.0,  0.0,  1.0,  0.0,  0.0, 0.0,  56.0,   21.0,   3.0,  10.0,    13.0,    20.0, 9.0    ,     0.0,     0.0,     1.0,     1.0,     1.0,    40.0
gavinst01, 1991,     1, MNS , NHL , L  , 35.0,  5.0,   4.0,   9.0,  27.0, 0.0  ,  0.0,  0.0,  1.0,  1.0,  1.0, 0.0,  49.0,    7.0,   0.0,   0.0,     0.0,     6.0, -3.0   ,     0.0,     0.0,     0.0,     0.0,     0.0,    11.0
gavinst01, 1992,     1, MNS , NHL , L  , 63.0, 10.0,   8.0,  18.0,  59.0, -4.0 ,  0.0,  0.0,  0.0,  2.0,  0.0, 0.0, 114.0,       ,      ,      ,        ,        ,        ,        ,        ,        ,        ,        ,      
gealebo01, 1984,     1, PIT , NHL , C  ,  1.0,  0.0,   0.0,   0.0,   2.0, -1.0 ,  0.0,     ,  0.0,     ,  0.0, 0.0,   1.0,       ,      ,      ,        ,        ,        ,        ,        ,        ,        ,        ,      
geege01  , 1945,     1, CHI , NHL , C  , 35.0, 14.0,  15.0,  29.0,  12.0,      ,     ,     ,     ,     ,     ,    ,      ,    4.0,   1.0,   1.0,     2.0,     4.0,        ,        ,        ,        ,        ,        ,      
geege01  , 1946,     1, CHI , NHL , C  , 60.0, 20.0,  20.0,  40.0,  26.0,      ,     ,     ,     ,     ,     ,    ,      ,       ,      ,      ,        ,        ,        ,        ,        ,        ,        ,        ,      
geege01  , 1947,     1, CHI , NHL , C  , 60.0, 14.0,  25.0,  39.0,  18.0,      ,     ,     ,     ,     ,     ,    ,      ,       ,      ,      ,        ,        ,        ,        ,        ,        ,        ,        ,      
geege01  , 1948,     1, CHI , NHL , C  ,  4.0,  0.0,   2.0,   2.0,   4.0,      ,     ,     ,     ,     ,     ,    ,      ,       ,      ,      ,        ,        ,        ,        ,        ,        ,        ,        ,      
geege01  , 1948,     2, DET , NHL , C  , 47.0,  7.0,  12.0,  19.0,  27.0,      ,     ,     ,     ,     ,     ,    ,      ,   10.0,   1.0,   3.0,     4.0,    22.0,        ,        ,        ,        ,        ,        ,      
geege01  , 1949,     1, DET , NHL , C  , 69.0, 17.0,  21.0,  38.0,  42.0,      ,     ,     ,     ,     ,     ,    ,      ,   14.0,   3.0,   6.0,     9.0,     0.0,        ,        ,        ,        ,        ,        ,      
geege01  , 1950,     1, DET , NHL , C  , 70.0, 17.0,  20.0,  37.0,  19.0,      ,     ,     ,     ,     ,     ,    ,      ,    6.0,   0.0,   1.0,     1.0,     0.0,        ,        ,        ,        ,        ,        ,      
geege01  , 1951,     1, CHI , NHL , C  , 70.0, 18.0,  31.0,  49.0,  39.0,      ,     ,     ,     ,     ,     ,    ,      ,       ,      ,      ,        ,        ,        ,        ,        ,        ,        ,        ,      
geege01  , 1952,     1, CHI , NHL , L  , 67.0, 18.0,  21.0,  39.0,  99.0,      ,     ,     ,     ,     ,     ,    ,      ,    7.0,   1.0,   2.0,     3.0,     6.0,        ,        ,        ,        ,        ,        ,      
geege01  , 1953,     1, CHI , NHL , L  , 69.0, 10.0,  16.0,  26.0,  59.0,      ,     ,     ,     ,     ,     ,    ,      ,       ,      ,      ,        ,        ,        ,        ,        ,        ,        ,        ,      
geldaga01, 1970,     1, MNS , NHL , D  ,  4.0,  0.0,   0.0,   0.0,   5.0, 1.0  ,  0.0,     ,  0.0,     ,  0.0, 0.0,   3.0,       ,      ,      ,        ,        ,        ,        ,        ,        ,        ,        ,      
gelinja01, 1948,     1, BOS , NHL , G  ,  4.0,  0.0,   0.0,   0.0,   0.0,      ,     ,     ,     ,     ,     ,    ,      ,       ,      ,      ,        ,        ,        ,        ,        ,        ,        ,        ,      
gelinja01, 1949,     1, BOS , NHL , G  , 67.0,  0.0,   0.0,   0.0,   0.0,      ,     ,     ,     ,     ,     ,    ,      ,       ,      ,      ,        ,        ,        ,        ,        ,        ,        ,        ,      
gelinja01, 1950,     1, BOS , NHL , G  , 70.0,  0.0,   0.0,   0.0,   4.0,      ,     ,     ,     ,     ,     ,    ,      ,    4.0,   0.0,   0.0,     0.0,     0.0,        ,        ,        ,        ,        ,        ,      
gelinja01, 1953,     1, CHI , NHL , G  ,  2.0,  0.0,   0.0,   0.0,   0.0,      ,     ,     ,     ,     ,     ,    ,      ,       ,      ,      ,        ,        ,        ,        ,        ,        ,        ,        ,      
gelinma01, 1988,     1, EDM , NHL , L  ,  6.0,  1.0,   2.0,   3.0,   0.0, -1.0 ,  0.0,  0.0,  0.0,  0.0,  0.0, 0.0,  14.0,       ,      ,      ,        ,        ,        ,        ,        ,        ,        ,        ,      
gelinma01, 1989,     1, EDM , NHL , L  , 46.0, 17.0,   8.0,  25.0,  30.0, 0.0  ,  5.0,  0.0,  0.0,  0.0,  2.0, 2.0,  71.0,   20.0,   2.0,   3.0,     5.0,     6.0, 0.0    ,     0.0,     0.0,     0.0,     0.0,     0.0,    24.0
gelinma01, 1990,     1, EDM , NHL , L  , 73.0, 20.0,  20.0,  40.0,  34.0, -7.0 ,  4.0,  2.0,  0.0,  0.0,  2.0, 1.0, 124.0,   18.0,   3.0,   6.0,     9.0,    25.0, 4.0    ,     0.0,     0.0,     0.0,     0.0,     1.0,    29.0
gelinma01, 1991,     1, EDM , NHL , R  , 68.0, 11.0,  18.0,  29.0,  62.0, 14.0 ,  1.0,  2.0,  0.0,  0.0,  0.0, 0.0,  94.0,   15.0,   1.0,   3.0,     4.0,    10.0, -3.0   ,     0.0,     1.0,     0.0,     0.0,     0.0,    15.0
gelinma01, 1992,     1, EDM , NHL , L  , 65.0, 11.0,  12.0,  23.0,  30.0, 3.0  ,  0.0,  0.0,  0.0,  0.0,  1.0, 0.0,  93.0,       ,      ,      ,        ,        ,        ,        ,        ,        ,        ,        ,      
gelinma01, 1993,     1, QUE , NHL , R  , 31.0,  6.0,   6.0,  12.0,   8.0, -2.0 ,  0.0,  0.0,  0.0,  0.0,  0.0, 1.0,  53.0,       ,      ,      ,        ,        ,        ,        ,        ,        ,        ,        ,      
gelinma01, 1993,     2, VAN , NHL , R  , 33.0,  8.0,   8.0,  16.0,  26.0, -6.0 ,  3.0,  2.0,  0.0,  0.0,  1.0, 1.0,  54.0,   24.0,   5.0,   4.0,     9.0,    14.0, -1.0   ,     2.0,     1.0,     0.0,     0.0,     1.0,    35.0
gelinma01, 1994,     1, VAN , NHL , R  , 46.0, 13.0,  10.0,  23.0,  36.0, 8.0  ,  1.0,  0.0,  0.0,  1.0,  4.0, 0.0,  75.0,    3.0,   0.0,   1.0,     1.0,     0.0, 1.0    ,     0.0,     0.0,     0.0,     0.0,     0.0,     5.0
gelinma01, 1995,     1, VAN , NHL , L  , 81.0, 30.0,  26.0,  56.0,  59.0, 8.0  ,  3.0,  4.0,  4.0,  1.0,  5.0, 1.0, 181.0,    6.0,   1.0,   1.0,     2.0,    12.0, -1.0   ,     1.0,     0.0,     0.0,     0.0,     0.0,     8.0
gelinma01, 1996,     1, VAN , NHL , L  , 74.0, 35.0,  33.0,  68.0,  42.0, 6.0  ,  6.0,  5.0,  1.0,  1.0,  3.0, 1.0, 177.0,       ,      ,      ,        ,        ,        ,        ,        ,        ,        ,        ,      
gelinma01, 1997,     1, VAN , NHL , L  , 24.0,  4.0,   4.0,   8.0,  10.0, -6.0 ,  1.0,  1.0,  1.0,  1.0,  1.0, 0.0,  49.0,       ,      ,      ,        ,        ,        ,        ,        ,        ,        ,        ,      
gelinma01, 1997,     2, CAR , NHL , L  , 40.0, 12.0,  14.0,  26.0,  30.0, 1.0  ,  2.0,  2.0,  1.0,  1.0,  4.0, 0.0,  98.0,       ,      ,      ,        ,        ,        ,        ,        ,        ,        ,        ,      
gelinma01, 1998,     1, CAR , NHL , L  , 76.0, 13.0,  15.0,  28.0,  67.0, 3.0  ,  0.0,  0.0,  0.0,  0.0,  2.0, 2.0, 111.0,    6.0,   0.0,   3.0,     3.0,     2.0, -4.0   ,     0.0,     0.0,     0.0,     0.0,     0.0,    12.0
gelinma01, 1999,     1, CAR , NHL , L  , 81.0, 14.0,  16.0,  30.0,  40.0, -10.0,  3.0,  2.0,  0.0,  0.0,  0.0, 0.0, 139.0,       ,      ,      ,        ,        ,        ,        ,        ,        ,        ,        ,      
gelinma01, 2000,     1, CAR , NHL , L  , 79.0, 23.0,  29.0,  52.0,  59.0, -4.0 ,  6.0,  6.0,  1.0,  1.0,  4.0, 0.0, 170.0,    6.0,   0.0,   1.0,     1.0,     6.0, -4.0   ,     0.0,     0.0,     0.0,     0.0,     0.0,     4.0
gelinma01, 2001,     1, CAR , NHL , L  , 72.0, 13.0,  16.0,  29.0,  30.0, -1.0 ,  3.0,  2.0,  0.0,  0.0,  1.0, 1.0, 121.0,   23.0,   3.0,   4.0,     7.0,    10.0, 6.0    ,     0.0,     0.0,     0.0,     0.0,     1.0,    33.0
gelinma01, 2002,     1, CAL , NHL , L  , 81.0, 21.0,  31.0,  52.0,  51.0, -3.0 ,  6.0,  8.0,  0.0,  0.0,  3.0, 1.0, 152.0,       ,      ,      ,        ,        ,        ,        ,        ,        ,        ,        ,      
gelinma01, 2003,     1, CAL , NHL , L  , 76.0, 17.0,  18.0,  35.0,  70.0, 10.0 ,  5.0,  2.0,  0.0,  0.0,  3.0, 0.0, 139.0,   26.0,   8.0,   7.0,    15.0,    35.0, 10.0   ,     2.0,     1.0,     0.0,     0.0,     3.0,    51.0
gelinma01, 2005,     1, FLO , NHL , L  , 82.0, 17.0,  24.0,  41.0,  80.0, 27.0 ,  4.0,  1.0,  0.0,  0.0,  3.0,    , 186.0,       ,      ,      ,        ,        ,        ,        ,        ,        ,        ,        ,      
gelinma01, 2006,     1, FLO , NHL , L  , 82.0, 14.0,  30.0,  44.0,  36.0, 7.0  ,  7.0,  6.0,  0.0,  0.0,  1.0,    , 171.0,       ,      ,      ,        ,        ,        ,        ,        ,        ,        ,        ,      
gelinma01, 2007,     1, NAS , NHL , L  , 57.0,  9.0,  11.0,  20.0,  20.0, 5.0  ,  0.0,  0.0,  1.0,  0.0,  1.0,    , 110.0,       ,      ,      ,        ,        ,        ,        ,        ,        ,        ,        ,      
gellasa01, 1972,     1, PHB , WHA , L  ,  5.0,  0.0,   0.0,   0.0,   0.0,      ,  0.0,     ,  0.0,     ,     ,    ,      ,       ,      ,      ,        ,        ,        ,        ,        ,        ,        ,        ,      
gellasa01, 1973,     1, VAB , WHA , L  , 23.0,  7.0,   4.0,  11.0,  15.0,      ,  3.0,     ,  0.0,     ,  0.0,    ,      ,       ,      ,      ,        ,        ,        ,        ,        ,        ,        ,        ,      
gendrje01, 1955,     1, NYR , NHL , L  , 63.0,  5.0,   7.0,  12.0,  38.0,      ,     ,     ,     ,     ,     ,    ,      ,    5.0,   2.0,   1.0,     3.0,     2.0,        ,        ,        ,        ,        ,        ,      
gendrje01, 1956,     1, NYR , NHL , L  , 70.0,  9.0,   6.0,  15.0,  40.0,      ,     ,     ,     ,     ,     ,    ,      ,    5.0,   0.0,   1.0,     1.0,     6.0,        ,        ,        ,        ,        ,        ,      
gendrje01, 1957,     1, NYR , NHL , L  , 70.0, 10.0,  17.0,  27.0,  68.0,      ,     ,     ,     ,     ,     ,    ,      ,    6.0,   1.0,   0.0,     1.0,    11.0,        ,        ,        ,        ,        ,        ,      
gendrje01, 1958,     1, BOS , NHL , L  , 60.0, 15.0,   9.0,  24.0,  57.0,      ,     ,     ,     ,     ,     ,    ,      ,    7.0,   1.0,   0.0,     1.0,    18.0,        ,        ,        ,        ,        ,        ,      
gendrje01, 1959,     1, BOS , NHL , L  , 67.0, 24.0,  11.0,  35.0,  64.0,      ,     ,     ,     ,     ,     ,    ,      ,       ,      ,      ,        ,        ,        ,        ,        ,        ,        ,        ,      
gendrje01, 1960,     1, BOS , NHL , L  , 23.0,  1.0,   7.0,   8.0,  24.0,      ,     ,     ,     ,     ,     ,    ,      ,       ,      ,      ,        ,        ,        ,        ,        ,        ,        ,        ,      
gendrje01, 1960,     2, MTL , NHL , L  , 43.0,  9.0,  12.0,  21.0,  51.0,      ,     ,     ,     ,     ,     ,    ,      ,    5.0,   0.0,   0.0,     0.0,     2.0,        ,        ,        ,        ,        ,     0.0,      
gendrje01, 1961,     1, NYR , NHL , L  , 69.0, 14.0,  11.0,  25.0,  71.0,      ,     ,     ,     ,     ,     ,    ,      ,    6.0,   3.0,   1.0,     4.0,     2.0,        ,        ,        ,        ,        ,     0.0,      
gendrje01, 1962,     1, BOS , NHL , L  , 66.0, 21.0,  22.0,  43.0,  42.0,      ,     ,     ,     ,     ,     ,    ,      ,       ,      ,      ,        ,        ,        ,        ,        ,        ,        ,        ,      
gendrje01, 1963,     1, BOS , NHL , L  , 54.0,  5.0,  13.0,  18.0,  43.0,      ,  0.0,     ,  0.0,     ,  1.0, 0.0,      ,       ,      ,      ,        ,        ,        ,        ,        ,        ,        ,        ,      
gendrje01, 1967,     1, PHI , NHL , L  ,  1.0,  0.0,   1.0,   1.0,   2.0, 1.0  ,  0.0,     ,  0.0,     ,  0.0, 0.0,   2.0,       ,      ,      ,        ,        ,        ,        ,        ,        ,        ,        ,      
gendrje01, 1968,     1, PHI , NHL , L  , 74.0, 20.0,  35.0,  55.0,  65.0, -8.0 ,  5.0,     ,  1.0,     ,  3.0, 2.0, 198.0,    4.0,   0.0,   0.0,     0.0,     6.0,        ,     0.0,        ,     0.0,        ,     0.0,      
gendrje01, 1969,     1, PHI , NHL , L  , 71.0, 23.0,  21.0,  44.0,  54.0, 8.0  ,  5.0,     ,  0.0,     ,  1.0, 3.0, 155.0,       ,      ,      ,        ,        ,        ,        ,        ,        ,        ,        ,      
gendrje01, 1970,     1, PHI , NHL , L  , 76.0, 20.0,  16.0,  36.0,  46.0, -9.0 ,  5.0,     ,  0.0,     ,  1.0, 3.0, 145.0,    4.0,   0.0,   1.0,     1.0,     0.0,        ,     0.0,        ,     0.0,        ,     0.0,      
gendrje01, 1971,     1, PHI , NHL , L  , 56.0,  6.0,  13.0,  19.0,  36.0, -2.0 ,  2.0,     ,  0.0,     ,  0.0, 0.0,  95.0,       ,      ,      ,        ,        ,        ,        ,        ,        ,        ,        ,      
gendrje01, 1972,     1, QUN , WHA , L  , 63.0, 17.0,  33.0,  50.0, 113.0,      ,  5.0,     ,  0.0,     ,     ,    ,      ,       ,      ,      ,        ,        ,        ,        ,        ,        ,        ,        ,      
gendrje01, 1973,     1, QUN , WHA , L  , 64.0, 11.0,   8.0,  19.0,  42.0,      ,  1.0,     ,  0.0,     ,  0.0,    ,      ,       ,      ,      ,        ,        ,        ,        ,        ,        ,        ,        ,      
gendrma01, 1994,     1, WAS , NHL , R  ,  8.0,  2.0,   1.0,   3.0,   2.0, 3.0  ,  0.0,  0.0,  0.0,  0.0,  0.0, 0.0,  11.0,       ,      ,      ,        ,        ,        ,        ,        ,        ,        ,        ,      
gendrma01, 1995,     1, WAS , NHL , R  , 20.0,  2.0,   1.0,   3.0,   8.0, -5.0 ,  0.0,  1.0,  0.0,  0.0,  0.0, 0.0,  22.0,       ,      ,      ,        ,        ,        ,        ,        ,        ,        ,        ,      
gendrma01, 1997,     1, CHI , NHL , R  ,  2.0,  0.0,   0.0,   0.0,   0.0, -1.0 ,  0.0,  0.0,  0.0,  0.0,  0.0, 0.0,   3.0,       ,      ,      ,        ,        ,        ,        ,        ,        ,        ,        ,      
gengebo01, 1912,     1, VA1 , PCHA, C  ,  8.0,  2.0,   4.0,   6.0,  17.0,      ,     ,     ,     ,     ,     ,    ,      ,       ,      ,      ,        ,        ,        ,        ,        ,        ,        ,        ,      
gengebo01, 1913,     1, VA1 , PCHA, C  , 16.0,  9.0,   4.0,  13.0,  15.0,      ,     ,     ,     ,     ,     ,    ,      ,       ,      ,      ,        ,        ,        ,        ,        ,        ,        ,        ,      
gengebo01, 1914,     1, VA1 , PCHA, C  , 17.0,  1.0,   1.0,   2.0,  36.0,      ,     ,     ,     ,     ,     ,    ,      ,       ,      ,      ,        ,        ,        ,        ,        ,        ,        ,        ,      
gengebo01, 1915,     1, VA1 , PCHA, C  , 14.0,  3.0,   3.0,   6.0,  21.0,      ,     ,     ,     ,     ,     ,    ,      ,       ,      ,      ,        ,        ,        ,        ,        ,        ,        ,        ,      
gengebo01, 1916,     1, SPO , PCHA, R  , 19.0,  4.0,   3.0,   7.0,  48.0,      ,     ,     ,     ,     ,     ,    ,      ,       ,      ,      ,        ,        ,        ,        ,        ,        ,        ,        ,      
gengebo01, 1918,     1, VA2 , PCHA, R  , 12.0,  0.0,   0.0,   0.0,  12.0,      ,     ,     ,     ,     ,     ,    ,      ,       ,      ,      ,        ,        ,        ,        ,        ,        ,        ,        ,      
gengebo01, 1919,     1, VA2 , PCHA, R  , 17.0,  0.0,   0.0,   0.0,   6.0,      ,     ,     ,     ,     ,     ,    ,      ,       ,      ,      ,        ,        ,        ,        ,        ,        ,        ,        ,      
gengebo01, 1920,     1, VA2 , PCHA, R  ,  3.0,  0.0,   0.0,   0.0,   0.0,      ,     ,     ,     ,     ,     ,    ,      ,       ,      ,      ,        ,        ,        ,        ,        ,        ,        ,        ,      
geoffbe01, 1950,     1, MTL , NHL , R  , 18.0,  8.0,   6.0,  14.0,   9.0,      ,     ,     ,     ,     ,     ,    ,      ,   11.0,   1.0,   1.0,     2.0,     6.0,        ,        ,        ,        ,        ,        ,      
geoffbe01, 1951,     1, MTL , NHL , R  , 67.0, 30.0,  24.0,  54.0,  66.0,      ,     ,     ,     ,     ,     ,    ,      ,   11.0,   3.0,   1.0,     4.0,     6.0,        ,        ,        ,        ,        ,        ,      
geoffbe01, 1952,     1, MTL , NHL , R  , 65.0, 22.0,  17.0,  39.0,  37.0,      ,     ,     ,     ,     ,     ,    ,      ,   12.0,   6.0,   4.0,    10.0,    12.0,        ,        ,        ,        ,        ,        ,      
geoffbe01, 1953,     1, MTL , NHL , R  , 54.0, 29.0,  25.0,  54.0,  87.0,      ,     ,     ,     ,     ,     ,    ,      ,   11.0,   6.0,   5.0,    11.0,    18.0,        ,        ,        ,        ,        ,        ,      
geoffbe01, 1954,     1, MTL , NHL , R  , 70.0, 38.0,  37.0,  75.0,  57.0,      ,     ,     ,     ,     ,     ,    ,      ,   12.0,   8.0,   5.0,    13.0,     8.0,        ,        ,        ,        ,        ,        ,      
geoffbe01, 1955,     1, MTL , NHL , R  , 59.0, 29.0,  33.0,  62.0,  66.0,      ,     ,     ,     ,     ,     ,    ,      ,   10.0,   5.0,   9.0,    14.0,     6.0,        ,        ,        ,        ,        ,        ,      
geoffbe01, 1956,     1, MTL , NHL , R  , 41.0, 19.0,  21.0,  40.0,  18.0,      ,     ,     ,     ,     ,     ,    ,      ,   10.0,  11.0,   7.0,    18.0,     2.0,        ,        ,        ,        ,        ,        ,      
geoffbe01, 1957,     1, MTL , NHL , R  , 42.0, 27.0,  23.0,  50.0,  51.0,      ,     ,     ,     ,     ,     ,    ,      ,   10.0,   6.0,   5.0,    11.0,     2.0,        ,        ,        ,        ,        ,        ,      
geoffbe01, 1958,     1, MTL , NHL , R  , 59.0, 22.0,  44.0,  66.0,  30.0,      ,     ,     ,     ,     ,     ,    ,      ,   11.0,   5.0,   8.0,    13.0,    10.0,        ,        ,        ,        ,        ,        ,      
geoffbe01, 1959,     1, MTL , NHL , R  , 59.0, 30.0,  41.0,  71.0,  36.0,      ,     ,     ,     ,     ,     ,    ,      ,    8.0,   2.0,  10.0,    12.0,     4.0,        ,        ,        ,        ,        ,        ,      
geoffbe01, 1960,     1, MTL , NHL , R  , 64.0, 50.0,  45.0,  95.0,  29.0,      ,     ,     ,     ,     ,     ,    ,      ,    4.0,   2.0,   1.0,     3.0,     0.0,        ,        ,        ,        ,        ,     0.0,      
geoffbe01, 1961,     1, MTL , NHL , R  , 62.0, 23.0,  36.0,  59.0,  36.0,      ,     ,     ,     ,     ,     ,    ,      ,    5.0,   0.0,   1.0,     1.0,     6.0,        ,        ,        ,        ,        ,     0.0,      
geoffbe01, 1962,     1, MTL , NHL , R  , 51.0, 23.0,  18.0,  41.0,  73.0,      ,     ,     ,     ,     ,     ,    ,      ,    5.0,   0.0,   1.0,     1.0,     4.0,        ,        ,        ,        ,        ,     0.0,      
geoffbe01, 1963,     1, MTL , NHL , R  , 55.0, 21.0,  18.0,  39.0,  41.0,      ,  5.0,     ,  0.0,     ,  9.0, 0.0,      ,    7.0,   1.0,   1.0,     2.0,     4.0,        ,        ,        ,        ,        ,     1.0,      
geoffbe01, 1966,     1, NYR , NHL , R  , 58.0, 17.0,  25.0,  42.0,  42.0,      ,  5.0,     ,  0.0,     ,  2.0, 1.0,      ,    4.0,   2.0,   0.0,     2.0,     0.0,        ,        ,        ,        ,        ,     0.0,      
geoffbe01, 1967,     1, NYR , NHL , R  , 59.0,  5.0,  16.0,  21.0,  11.0, 1.0  ,  4.0,     ,  0.0,     ,  0.0, 1.0,  84.0,    1.0,   0.0,   1.0,     1.0,     0.0,        ,     0.0,        ,     0.0,        ,     0.0,      
geoffda01, 1978,     1, QUN , WHA , R  , 77.0, 12.0,  14.0,  26.0,  74.0, -2.0 ,  0.0,     ,  0.0,     ,     ,    , 122.0,    4.0,   1.0,   2.0,     3.0,     2.0, -6.0   ,        ,        ,        ,        ,     0.0,      
geoffda01, 1979,     1, MTL , NHL , R  , 32.0,  0.0,   6.0,   6.0,  12.0, 1.0  ,  0.0,     ,  0.0,     ,  0.0, 0.0,  19.0,    2.0,   0.0,   0.0,     0.0,     7.0,        ,     0.0,        ,     0.0,        ,     0.0,      
geoffda01, 1980,     1, WIN , NHL , R  , 78.0, 20.0,  26.0,  46.0,  82.0, -32.0,  3.0,     ,  0.0,     ,  0.0, 3.0, 142.0,       ,      ,      ,        ,        ,        ,        ,        ,        ,        ,        ,      
geoffda01, 1981,     1, WIN , NHL , R  ,  1.0,  0.0,   0.0,   0.0,   5.0, 0.0  ,  0.0,     ,  0.0,     ,  0.0, 0.0,   2.0,       ,      ,      ,        ,        ,        ,        ,        ,        ,        ,        ,      
georggr01, 1913,     1, OT1 , NHA ,    ,  3.0,  0.0,   0.0,   0.0,   0.0,      ,     ,     ,     ,     ,     ,    ,      ,       ,      ,      ,        ,        ,        ,        ,        ,        ,        ,        ,      
georggr01, 1916,     1, MOW , NHA ,    ,  6.0,  1.0,   0.0,   1.0,   0.0,      ,     ,     ,     ,     ,     ,    ,      ,       ,      ,      ,        ,        ,        ,        ,        ,        ,        ,        ,      
georgwe01, 1978,     1, EDO , WHA , L  ,  3.0,  0.0,   0.0,   0.0,  11.0, 1.0  ,  0.0,     ,  0.0,     ,     ,    ,   1.0,       ,      ,      ,        ,        ,        ,        ,        ,        ,        ,        ,      
georgwe01, 1978,     2, IND , WHA , L  ,  9.0,  4.0,   2.0,   6.0,  23.0, -11.0,  1.0,     ,  0.0,     ,     ,    ,  13.0,       ,      ,      ,        ,        ,        ,        ,        ,        ,        ,        ,      
gerange01, 1917,     1, MTW , NHL , F  ,  4.0,  0.0,   0.0,   0.0,   0.0,      ,     ,     ,     ,     ,  0.0,    ,      ,       ,      ,      ,        ,        ,        ,        ,        ,        ,        ,        ,      
gerange01, 1925,     1, BOS , NHL , F  , 33.0,  5.0,   1.0,   6.0,   6.0,      ,     ,     ,     ,     ,     ,    ,      ,       ,      ,      ,        ,        ,        ,        ,        ,        ,        ,        ,      
gerared01, 1913,     1, OT1 , NHA ,    , 11.0,  6.0,   7.0,  13.0,  34.0,      ,     ,     ,     ,     ,     ,    ,      ,       ,      ,      ,        ,        ,        ,        ,        ,        ,        ,        ,      
gerared01, 1914,     1, OT1 , NHA ,    , 20.0,  9.0,  10.0,  19.0,  39.0,      ,     ,     ,     ,     ,     ,    ,      ,    2.0,   0.0,      ,        ,        ,        ,        ,        ,        ,        ,        ,      
gerared01, 1915,     1, OT1 , NHA ,    , 24.0, 13.0,   5.0,  18.0,  57.0,      ,     ,     ,     ,     ,     ,    ,      ,       ,      ,      ,        ,        ,        ,        ,        ,        ,        ,        ,      
gerared01, 1916,     1, OT1 , NHA ,    , 19.0, 17.0,   9.0,  26.0,  37.0,      ,     ,     ,     ,     ,     ,    ,      ,    2.0,   1.0,      ,        ,        ,        ,        ,        ,        ,        ,        ,      
gerared01, 1917,     1, OTS , NHL , D  , 20.0, 13.0,   7.0,  20.0,  26.0,      ,     ,     ,     ,     ,  0.0,    ,      ,       ,      ,      ,        ,        ,        ,        ,        ,        ,        ,        ,      
gerared01, 1918,     1, OTS , NHL , D  , 18.0,  4.0,   6.0,  10.0,  17.0,      ,     ,     ,     ,     ,     ,    ,      ,    5.0,   3.0,   0.0,     3.0,     3.0,        ,        ,        ,        ,        ,        ,      
gerared01, 1919,     1, OTS , NHL , D  , 22.0,  9.0,   7.0,  16.0,  19.0,      ,     ,     ,     ,     ,     ,    ,      ,       ,      ,      ,        ,        ,        ,        ,        ,        ,        ,        ,      
gerared01, 1920,     1, OTS , NHL , D  , 24.0, 11.0,   4.0,  15.0,  18.0,      ,     ,     ,     ,     ,     ,    ,      ,    2.0,   1.0,   0.0,     1.0,     6.0,        ,        ,        ,        ,        ,        ,      
gerared01, 1921,     1, OTS , NHL , D  , 21.0,  7.0,  11.0,  18.0,  16.0,      ,     ,     ,     ,     ,     ,    ,      ,    2.0,   0.0,   0.0,     0.0,     8.0,        ,        ,        ,        ,        ,        ,      
gerared01, 1921,     2, TRS , NHL , D  ,     ,     ,      ,      ,      ,      ,     ,     ,     ,     ,     ,    ,      ,       ,      ,      ,        ,        ,        ,        ,        ,        ,        ,        ,      
gerared01, 1922,     1, OTS , NHL , D  , 23.0,  6.0,  13.0,  19.0,  12.0,      ,     ,     ,     ,     ,     ,    ,      ,    2.0,   0.0,   0.0,     0.0,     0.0,        ,        ,        ,        ,        ,        ,      
gerbema01, 2002,     1, ANA , NHL , G  , 22.0,  0.0,   1.0,   1.0,   0.0, 0.0  ,  0.0,  0.0,  0.0,  0.0,  0.0, 0.0,   0.0,    2.0,   0.0,   0.0,     0.0,     0.0, 0.0    ,     0.0,     0.0,     0.0,     0.0,     0.0,     0.0
gerbema01, 2003,     1, ANA , NHL , G  , 32.0,  0.0,   0.0,   0.0,   4.0, 0.0  ,  0.0,  0.0,  0.0,  0.0,  0.0, 0.0,   0.0,       ,      ,      ,        ,        ,        ,        ,        ,        ,        ,        ,      
gerbema01, 2005,     1, CAR , NHL , G  , 60.0,  0.0,   2.0,   2.0,   4.0, 0.0  ,  0.0,  2.0,  0.0,  0.0,  0.0,    ,   0.0,    6.0,   0.0,   0.0,     0.0,     4.0, 0.0    ,     0.0,     0.0,     0.0,     0.0,     0.0,     0.0
gerbema01, 2006,     1, OTT , NHL , G  , 29.0,  0.0,   0.0,   0.0,   0.0, 0.0  ,  0.0,  0.0,  0.0,  0.0,  0.0,    ,   0.0,       ,      ,      ,        ,        ,        ,        ,        ,        ,        ,        ,      
gerbema01, 2007,     1, OTT , NHL , G  , 57.0,  0.0,   2.0,   2.0,   6.0, 0.0  ,  0.0,  0.0,  0.0,  1.0,  0.0,    ,   0.0,    4.0,   0.0,   0.0,     0.0,     0.0, 0.0    ,     0.0,     0.0,     0.0,     0.0,     0.0,     0.0
gerbema01, 2008,     1, OTT , NHL , G  , 14.0,  0.0,   1.0,   1.0,   6.0, 0.0  ,  0.0,  1.0,  0.0,  0.0,  0.0,    ,   0.0,       ,      ,      ,        ,        ,        ,        ,        ,        ,        ,        ,      
gerbema01, 2008,     2, TOR , NHL , G  , 12.0,  0.0,   0.0,   0.0,  10.0, 0.0  ,  0.0,  0.0,  0.0,  0.0,  0.0,    ,   0.0,       ,      ,      ,        ,        ,        ,        ,        ,        ,        ,        ,      
gerbena01, 2008,     1, BUF , NHL , C  , 10.0,  0.0,   1.0,   1.0,   4.0, 3.0  ,  0.0,  1.0,  0.0,  0.0,  0.0,    ,  24.0,       ,      ,      ,        ,        ,        ,        ,        ,        ,        ,        ,      
gerbena01, 2009,     1, BUF , NHL , C  , 10.0,  2.0,   3.0,   5.0,   4.0, 1.0  ,  2.0,  0.0,  0.0,  0.0,  1.0,    ,  29.0,    2.0,   1.0,   1.0,     2.0,     0.0, 2.0    ,     0.0,     0.0,     0.0,     0.0,     0.0,     6.0
germaer01, 1987,     1, LAK , NHL , D  ,  4.0,  0.0,   1.0,   1.0,  13.0, -2.0 ,  0.0,  0.0,  0.0,  0.0,  0.0, 0.0,   2.0,    1.0,   0.0,   0.0,     0.0,     4.0, -1.0   ,     0.0,     0.0,     0.0,     0.0,     0.0,     0.0
germyca01, 2005,     1, CAL , NHL , C  ,  2.0,  0.0,   0.0,   0.0,   0.0, -1.0 ,  0.0,  0.0,  0.0,  0.0,  0.0,    ,   2.0,       ,      ,      ,        ,        ,        ,        ,        ,        ,        ,        ,      
germyca01, 2006,     1, CAL , NHL , C  ,  2.0,  0.0,   0.0,   0.0,   0.0, 0.0  ,  0.0,  0.0,  0.0,  0.0,  0.0,    ,   3.0,       ,      ,      ,        ,        ,        ,        ,        ,        ,        ,        ,      
gernake01, 1995,     1, NYR , NHL , R  , 10.0,  2.0,   3.0,   5.0,   4.0, -3.0 ,  2.0,  1.0,  0.0,  0.0,  0.0, 0.0,  10.0,    6.0,   0.0,   0.0,     0.0,     0.0, 0.0    ,     0.0,     0.0,     0.0,     0.0,     0.0,     1.0
gernake01, 1996,     1, NYR , NHL , C  ,     ,     ,      ,      ,      ,      ,     ,     ,     ,     ,     ,    ,      ,    9.0,   0.0,   0.0,     0.0,     0.0, 0.0    ,     0.0,     0.0,     0.0,     0.0,     0.0,     0.0
gernake01, 2003,     1, NYR , NHL , R  ,  2.0,  0.0,   0.0,   0.0,   2.0, -1.0 ,  0.0,  0.0,  0.0,  0.0,  0.0, 0.0,   0.0,       ,      ,      ,        ,        ,        ,        ,        ,        ,        ,        ,      
gervabr01, 2005,     1, NYI , NHL , D  , 27.0,  3.0,   4.0,   7.0,   8.0, -1.0 ,  1.0,  1.0,  0.0,  0.0,  0.0,    ,  21.0,       ,      ,      ,        ,        ,        ,        ,        ,        ,        ,        ,      
gervabr01, 2006,     1, NYI , NHL , D  , 51.0,  0.0,   6.0,   6.0,  28.0, -10.0,  0.0,  3.0,  0.0,  0.0,  0.0,    ,  47.0,    5.0,   1.0,   1.0,     2.0,     2.0, -2.0   ,     0.0,     0.0,     0.0,     0.0,     0.0,     9.0
gervabr01, 2007,     1, NYI , NHL , D  , 60.0,  0.0,  13.0,  13.0,  34.0, -5.0 ,  0.0,  4.0,  0.0,  0.0,  0.0,    ,  59.0,       ,      ,      ,        ,        ,        ,        ,        ,        ,        ,        ,      
gervabr01, 2008,     1, NYI , NHL , D  , 69.0,  3.0,  16.0,  19.0,  33.0, -15.0,  0.0,  3.0,  0.0,  1.0,  1.0,    ,  82.0,       ,      ,      ,        ,        ,        ,        ,        ,        ,        ,        ,      
gervabr01, 2009,     1, NYI , NHL , D  , 71.0,  3.0,  14.0,  17.0,  31.0, -15.0,  1.0,  1.0,  0.0,  1.0,  1.0,    ,  83.0,       ,      ,      ,        ,        ,        ,        ,        ,        ,        ,        ,      
getlira01, 1935,     1, BOS , NHL , L/C,  1.0,  0.0,   0.0,   0.0,   2.0,      ,     ,     ,     ,     ,     ,    ,      ,    2.0,   0.0,   0.0,     0.0,     0.0,        ,        ,        ,        ,        ,        ,      
getlira01, 1936,     1, BOS , NHL , L/C, 48.0, 16.0,  15.0,  31.0,  28.0,      ,     ,     ,     ,     ,     ,    ,      ,    3.0,   2.0,   1.0,     3.0,     2.0,        ,        ,        ,        ,        ,        ,      
getlira01, 1937,     1, BOS , NHL , L  , 36.0, 11.0,  13.0,  24.0,  16.0,      ,     ,     ,     ,     ,     ,    ,      ,    3.0,   0.0,   1.0,     1.0,     2.0,        ,        ,        ,        ,        ,        ,      
getlira01, 1938,     1, BOS , NHL , C  , 43.0, 10.0,  12.0,  22.0,  11.0,      ,     ,     ,     ,     ,     ,    ,      ,   12.0,   1.0,   1.0,     2.0,     2.0,        ,        ,        ,        ,        ,        ,      
getlira01, 1939,     1, MTL , NHL , C  , 46.0, 11.0,  12.0,  23.0,  29.0,      ,     ,     ,     ,     ,     ,    ,      ,       ,      ,      ,        ,        ,        ,        ,        ,        ,        ,        ,      
getlira01, 1940,     1, MTL , NHL , C  , 39.0, 15.0,  10.0,  25.0,  25.0,      ,     ,     ,     ,     ,     ,    ,      ,    3.0,   1.0,   1.0,     2.0,     0.0,        ,        ,        ,        ,        ,        ,      
getlira01, 1941,     1, MTL , NHL , C  , 45.0, 11.0,  15.0,  26.0,  35.0,      ,     ,     ,     ,     ,     ,    ,      ,    3.0,   0.0,   0.0,     0.0,     0.0,        ,        ,        ,        ,        ,        ,      
getlira01, 1942,     1, MTL , NHL , C/L, 50.0, 18.0,  28.0,  46.0,  26.0,      ,     ,     ,     ,     ,     ,    ,      ,    5.0,   0.0,   1.0,     1.0,     8.0,        ,        ,        ,        ,        ,        ,      
getlira01, 1943,     1, MTL , NHL , L/C, 44.0, 28.0,  25.0,  53.0,  44.0,      ,     ,     ,     ,     ,     ,    ,      ,    9.0,   5.0,   4.0,     9.0,    16.0,        ,        ,        ,        ,        ,        ,      
getlira01, 1944,     1, MTL , NHL , L  , 41.0, 16.0,   7.0,  23.0,  34.0,      ,     ,     ,     ,     ,     ,    ,      ,    6.0,   0.0,   1.0,     1.0,     2.0,        ,        ,        ,        ,        ,        ,      
getzlry01, 2005,     1, ANA , NHL , C  , 57.0, 14.0,  25.0,  39.0,  22.0, 6.0  , 10.0, 14.0,  0.0,  0.0,  1.0,    , 116.0,   16.0,   3.0,   4.0,     7.0,    13.0, -3.0   ,     2.0,     1.0,     0.0,     0.0,     1.0,    38.0
getzlry01, 2006,     1, AND , NHL , C  , 82.0, 25.0,  33.0,  58.0,  66.0, 17.0 , 11.0, 20.0,  1.0,  0.0,  6.0,    , 203.0,   21.0,   7.0,  10.0,    17.0,    32.0, 1.0    ,     3.0,     5.0,     1.0,     0.0,     3.0,    57.0
getzlry01, 2007,     1, AND , NHL , C  , 77.0, 24.0,  58.0,  82.0,  94.0, 32.0 ,  4.0, 32.0,  1.0,  0.0,  2.0,    , 185.0,    6.0,   2.0,   3.0,     5.0,     6.0, -2.0   ,     1.0,     3.0,     0.0,     0.0,     0.0,    14.0
getzlry01, 2008,     1, AND , NHL , C  , 81.0, 25.0,  66.0,  91.0, 121.0, 5.0  ,  9.0, 28.0,  0.0,  0.0,  2.0,    , 227.0,   13.0,   4.0,  14.0,    18.0,    25.0, 3.0    ,     1.0,     8.0,     0.0,     0.0,     0.0,    25.0
getzlry01, 2009,     1, AND , NHL , C  , 66.0, 19.0,  50.0,  69.0,  79.0, 4.0  ,  8.0, 14.0,  0.0,  0.0,  5.0,    , 149.0,       ,      ,      ,        ,        ,        ,        ,        ,        ,        ,        ,      
giacoed01, 1965,     1, NYR , NHL , G  , 35.0,  0.0,   0.0,   0.0,   8.0,      ,  0.0,     ,  0.0,     ,  0.0, 0.0,      ,       ,      ,      ,        ,        ,        ,        ,        ,        ,        ,        ,      
giacoed01, 1966,     1, NYR , NHL , G  , 68.0,  0.0,   0.0,   0.0,   8.0,      ,  0.0,     ,  0.0,     ,  0.0, 0.0,      ,    4.0,   0.0,   0.0,     0.0,     0.0,        ,        ,        ,        ,        ,     0.0,      
giacoed01, 1967,     1, NYR , NHL , G  , 66.0,  0.0,   0.0,   0.0,   4.0, 0.0  ,  0.0,     ,  0.0,     ,  0.0, 0.0,   0.0,    6.0,   0.0,   0.0,     0.0,     0.0,        ,     0.0,        ,     0.0,        ,     0.0,      
giacoed01, 1968,     1, NYR , NHL , G  , 70.0,  0.0,   0.0,   0.0,   2.0, 0.0  ,  0.0,     ,  0.0,     ,  0.0, 0.0,   0.0,    3.0,   0.0,   0.0,     0.0,     5.0,        ,     0.0,        ,     0.0,        ,     0.0,      
giacoed01, 1969,     1, NYR , NHL , G  , 70.0,  0.0,   2.0,   2.0,   2.0, 0.0  ,  0.0,     ,  0.0,     ,  0.0, 0.0,   0.0,    5.0,   0.0,   0.0,     0.0,     0.0,        ,     0.0,        ,     0.0,        ,     0.0,      
giacoed01, 1970,     1, NYR , NHL , G  , 45.0,  0.0,   0.0,   0.0,   4.0, 0.0  ,  0.0,     ,  0.0,     ,  0.0, 0.0,   0.0,   12.0,   0.0,   0.0,     0.0,     2.0,        ,     0.0,        ,     0.0,        ,     0.0,      
giacoed01, 1971,     1, NYR , NHL , G  , 44.0,  0.0,   3.0,   3.0,   4.0, 0.0  ,  0.0,     ,  0.0,     ,  0.0, 0.0,   0.0,   10.0,   0.0,   0.0,     0.0,     2.0,        ,     0.0,        ,     0.0,        ,     0.0,      
giacoed01, 1972,     1, NYR , NHL , G  , 43.0,  0.0,   2.0,   2.0,   6.0, 0.0  ,  0.0,     ,  0.0,     ,  0.0, 0.0,   0.0,   10.0,   0.0,   0.0,     0.0,     4.0,        ,     0.0,        ,     0.0,        ,     0.0,      
giacoed01, 1973,     1, NYR , NHL , G  , 56.0,  0.0,   1.0,   1.0,   4.0, 0.0  ,  0.0,     ,  0.0,     ,  0.0, 0.0,   0.0,   13.0,   0.0,   0.0,     0.0,     6.0,        ,     0.0,        ,     0.0,        ,     0.0,      
giacoed01, 1974,     1, NYR , NHL , G  , 37.0,  0.0,   0.0,   0.0,  20.0, 0.0  ,  0.0,     ,  0.0,     ,  0.0, 0.0,   0.0,    2.0,   0.0,   0.0,     0.0,     4.0,        ,     0.0,        ,     0.0,        ,     0.0,      
giacoed01, 1975,     1, NYR , NHL , G  ,  4.0,  0.0,   0.0,   0.0,   0.0, 0.0  ,  0.0,     ,  0.0,     ,  0.0, 0.0,   0.0,       ,      ,      ,        ,        ,        ,        ,        ,        ,        ,        ,      
giacoed01, 1975,     2, DET , NHL , G  , 29.0,  0.0,   0.0,   0.0,   0.0, 0.0  ,  0.0,     ,  0.0,     ,  0.0, 0.0,   0.0,       ,      ,      ,        ,        ,        ,        ,        ,        ,        ,        ,      
giacoed01, 1976,     1, DET , NHL , G  , 33.0,  0.0,   1.0,   1.0,   4.0, 0.0  ,  0.0,     ,  0.0,     ,  0.0, 0.0,   0.0,       ,      ,      ,        ,        ,        ,        ,        ,        ,        ,        ,      
giacoed01, 1977,     1, DET , NHL , G  ,  9.0,  0.0,   0.0,   0.0,   0.0, 0.0  ,  0.0,     ,  0.0,     ,  0.0, 0.0,   0.0,       ,      ,      ,        ,        ,        ,        ,        ,        ,        ,        ,      
giallma01, 1979,     1, COR , NHL , D  ,  8.0,  0.0,   1.0,   1.0,   2.0, -3.0 ,  0.0,     ,  0.0,     ,  0.0, 0.0,   4.0,       ,      ,      ,        ,        ,        ,        ,        ,        ,        ,        ,      
giallma01, 1980,     1, COR , NHL , D  , 15.0,  0.0,   2.0,   2.0,   4.0, 1.0  ,  0.0,     ,  0.0,     ,  0.0, 0.0,   8.0,       ,      ,      ,        ,        ,        ,        ,        ,        ,        ,        ,      
gibbobr01, 1972,     1, OTN , WHA , D  , 73.0,  7.0,  35.0,  42.0,  62.0,      ,  2.0,     ,  0.0,     ,     ,    ,      ,    5.0,   1.0,   2.0,     3.0,    12.0,        ,     0.0,        ,     0.0,        ,     0.0,      
gibbobr01, 1973,     1, TOT , WHA , D  , 78.0,  4.0,  31.0,  35.0,  84.0,      ,  3.0,     ,  0.0,     ,  2.0,    ,      ,   12.0,   2.0,   5.0,     7.0,    10.0,        ,        ,        ,        ,        ,     0.0,      
gibbobr01, 1974,     1, TOT , WHA , D  , 73.0,  4.0,  22.0,  26.0, 105.0, 0.0  ,  0.0,     ,  0.0,     ,     ,    , 103.0,    5.0,   0.0,   0.0,     0.0,     4.0,        ,     0.0,        ,     0.0,        ,     0.0,      
gibbobr01, 1975,     1, DOT , WHA , D  ,  2.0,  0.0,   0.0,   0.0,   0.0, -2.0 ,  0.0,     ,  0.0,     ,  0.0,    ,   0.0,       ,      ,      ,        ,        ,        ,        ,        ,        ,        ,        ,      
gibboge01, 1973,     1, TOT , WHA , D  , 26.0,  1.0,   4.0,   5.0,  23.0,      ,  0.0,     ,  0.0,     ,  0.0,    ,      ,    1.0,   0.0,   0.0,     0.0,     0.0,        ,        ,        ,        ,        ,     0.0,      
gibboge01, 1975,     1, TOT , WHA , D  ,  5.0,  1.0,   0.0,   1.0,   7.0, -1.0 ,  0.0,     ,  0.0,     ,  0.0,    ,   3.0,       ,      ,      ,        ,        ,        ,        ,        ,        ,        ,        ,      
gibbsba01, 1967,     1, BOS , NHL , D  , 16.0,  0.0,   0.0,   0.0,   2.0, -1.0 ,  0.0,     ,  0.0,     ,  0.0, 0.0,   3.0,       ,      ,      ,        ,        ,        ,        ,        ,        ,        ,        ,      
gibbsba01, 1968,     1, BOS , NHL , D  ,  8.0,  0.0,   0.0,   0.0,   2.0, -3.0 ,  0.0,     ,  0.0,     ,  0.0, 0.0,   3.0,       ,      ,      ,        ,        ,        ,        ,        ,        ,        ,        ,      
gibbsba01, 1969,     1, MNS , NHL , D  , 56.0,  3.0,  13.0,  16.0, 182.0, -12.0,  0.0,     ,  0.0,     ,  1.0, 0.0, 100.0,    6.0,   1.0,   0.0,     1.0,     7.0,        ,     1.0,        ,     0.0,        ,     0.0,      
gibbsba01, 1970,     1, MNS , NHL , D  , 68.0,  5.0,  15.0,  20.0, 132.0, -10.0,  3.0,     ,  0.0,     ,  2.0, 0.0, 116.0,   12.0,   0.0,   1.0,     1.0,    47.0,        ,     0.0,        ,     0.0,        ,     0.0,      
gibbsba01, 1971,     1, MNS , NHL , D  , 75.0,  4.0,  20.0,  24.0, 128.0, 4.0  ,  1.0,     ,  1.0,     ,  0.0, 0.0, 160.0,    7.0,   1.0,   1.0,     2.0,     9.0,        ,     0.0,        ,     0.0,        ,     0.0,      
gibbsba01, 1972,     1, MNS , NHL , D  , 63.0, 10.0,  24.0,  34.0,  54.0, 14.0 ,  2.0,     ,  0.0,     ,  0.0, 1.0, 163.0,    5.0,   1.0,   0.0,     1.0,     0.0,        ,     1.0,        ,     0.0,        ,     0.0,      
gibbsba01, 1973,     1, MNS , NHL , D  , 76.0,  9.0,  29.0,  38.0,  82.0, -17.0,  3.0,     ,  0.0,     ,  0.0, 1.0, 151.0,       ,      ,      ,        ,        ,        ,        ,        ,        ,        ,        ,      
gibbsba01, 1974,     1, MNS , NHL , D  , 37.0,  4.0,  20.0,  24.0,  22.0, -13.0,  2.0,     ,  0.0,     ,  1.0, 0.0, 101.0,       ,      ,      ,        ,        ,        ,        ,        ,        ,        ,        ,      
gibbsba01, 1974,     2, ATF , NHL , D  , 39.0,  3.0,  13.0,  16.0,  39.0, -6.0 ,  1.0,     ,  0.0,     ,  2.0, 0.0,  60.0,       ,      ,      ,        ,        ,        ,        ,        ,        ,        ,        ,      
gibbsba01, 1975,     1, ATF , NHL , D  , 76.0,  8.0,  21.0,  29.0,  92.0, 1.0  ,  1.0,     ,  0.0,     ,  0.0, 2.0, 125.0,    2.0,   1.0,   0.0,     1.0,     2.0,        ,     0.0,        ,     0.0,        ,     0.0,      
gibbsba01, 1976,     1, ATF , NHL , D  , 66.0,  1.0,  16.0,  17.0,  63.0, -5.0 ,  0.0,     ,  0.0,     ,  0.0, 0.0,  81.0,    3.0,   0.0,   0.0,     0.0,     2.0,        ,     0.0,        ,     0.0,        ,     0.0,      
gibbsba01, 1977,     1, ATF , NHL , D  , 27.0,  1.0,   5.0,   6.0,  24.0, -2.0 ,  0.0,     ,  0.0,     ,  0.0, 0.0,  42.0,       ,      ,      ,        ,        ,        ,        ,        ,        ,        ,        ,      
gibbsba01, 1977,     2, STL , NHL , D  , 51.0,  6.0,  12.0,  18.0,  45.0, -11.0,  4.0,     ,  0.0,     ,  0.0, 0.0, 103.0,       ,      ,      ,        ,        ,        ,        ,        ,        ,        ,        ,      
gibbsba01, 1978,     1, STL , NHL , D  , 76.0,  2.0,  27.0,  29.0,  46.0, -42.0,  0.0,     ,  0.0,     ,  0.0, 0.0,  86.0,       ,      ,      ,        ,        ,        ,        ,        ,        ,        ,        ,      
gibbsba01, 1979,     1, LAK , NHL , D  , 63.0,  2.0,   9.0,  11.0,  32.0, -13.0,  0.0,     ,  0.0,     ,  0.0, 0.0,  55.0,    1.0,   0.0,   0.0,     0.0,     0.0,        ,     0.0,        ,     0.0,        ,     0.0,      
gibsodo01, 1973,     1, BOS , NHL , C  ,  2.0,  0.0,   0.0,   0.0,   0.0, -1.0 ,  0.0,     ,  0.0,     ,  0.0, 0.0,   0.0,    1.0,   0.0,   0.0,     0.0,     0.0,        ,     0.0,        ,     0.0,        ,     0.0,      
gibsodo01, 1975,     1, BOS , NHL , C  , 50.0,  7.0,  18.0,  25.0,   0.0, 8.0  ,  1.0,     ,  0.0,     ,  1.0, 0.0,  41.0,       ,      ,      ,        ,        ,        ,        ,        ,        ,        ,        ,      
gibsodo01, 1977,     1, WAS , NHL , C  , 11.0,  2.0,   1.0,   3.0,   0.0, -3.0 ,  0.0,     ,  0.0,     ,  0.0, 0.0,  10.0,       ,      ,      ,        ,        ,        ,        ,        ,        ,        ,        ,      
gibsodo02, 1990,     1, VAN , NHL , D  , 14.0,  0.0,   3.0,   3.0,  20.0, -1.0 ,  0.0,  1.0,  0.0,  0.0,  0.0, 0.0,   9.0,       ,      ,      ,        ,        ,        ,        ,        ,        ,        ,        ,      
gibsoja01, 1972,     1, OTN , WHA , L  , 59.0, 22.0,  13.0,  35.0,  48.0,      ,  3.0,     ,  0.0,     ,     ,    ,      ,    1.0,   1.0,   0.0,     1.0,     0.0,        ,     0.0,        ,     0.0,        ,     0.0,      
gibsoja01, 1973,     1, TOT , WHA , L  , 61.0, 16.0,   9.0,  25.0,  60.0,      ,  1.0,     ,  0.0,     ,  1.0,    ,      ,   12.0,   1.0,   3.0,     4.0,    11.0,        ,        ,        ,        ,        ,     1.0,      
gibsoja01, 1974,     1, TOT , WHA , L  ,     ,     ,      ,      ,      ,      ,     ,     ,     ,     ,     ,    ,      ,    1.0,   0.0,   0.0,     0.0,     0.0,        ,     0.0,        ,     0.0,        ,     0.0,      
gibsoja01, 1975,     1, TOT , WHA , L  ,  2.0,  0.0,   0.0,   0.0,   0.0, -2.0 ,  0.0,     ,  0.0,     ,  0.0,    ,   5.0,       ,      ,      ,        ,        ,        ,        ,        ,        ,        ,        ,      
gibsoji01, 1922,     1, CAT , WCHL, L  , 29.0, 18.0,   5.0,  23.0,   6.0,      ,     ,     ,     ,     ,     ,    ,      ,       ,      ,      ,        ,        ,        ,        ,        ,        ,        ,        ,      
gibsoji01, 1923,     1, VC1 , PCHA, R  , 30.0,  6.0,   4.0,  10.0,   2.0,      ,     ,     ,     ,     ,     ,    ,      ,       ,      ,      ,        ,        ,        ,        ,        ,        ,        ,        ,      
gibsojo01, 1978,     1, WIJ , WHA , L  ,  9.0,  0.0,   1.0,   1.0,   5.0, 1.0  ,  0.0,     ,  0.0,     ,     ,    ,   6.0,       ,      ,      ,        ,        ,        ,        ,        ,        ,        ,        ,      
gibsojo01, 1980,     1, LAK , NHL , D  ,  4.0,  0.0,   0.0,   0.0,  21.0, -5.0 ,  0.0,     ,  0.0,     ,  0.0, 0.0,   5.0,       ,      ,      ,        ,        ,        ,        ,        ,        ,        ,        ,      
gibsojo01, 1981,     1, LAK , NHL , D  ,  6.0,  0.0,   0.0,   0.0,  18.0, 4.0  ,  0.0,     ,  0.0,     ,  0.0, 0.0,   6.0,       ,      ,      ,        ,        ,        ,        ,        ,        ,        ,        ,      
gibsojo01, 1981,     2, TOR , NHL , D  , 27.0,  0.0,   2.0,   2.0,  67.0, -13.0,  0.0,     ,  0.0,     ,  0.0, 0.0,  31.0,       ,      ,      ,        ,        ,        ,        ,        ,        ,        ,        ,      
gibsojo01, 1983,     1, WIN , NHL , D  , 11.0,  0.0,   0.0,   0.0,  14.0, 2.0  ,  0.0,     ,  0.0,     ,  0.0, 0.0,   4.0,       ,      ,      ,        ,        ,        ,        ,        ,        ,        ,        ,      
giesegu01, 1938,     1, DET , NHL , C  , 28.0, 10.0,  10.0,  20.0,   2.0,      ,     ,     ,     ,     ,     ,    ,      ,    6.0,   0.0,   2.0,     2.0,     0.0,        ,        ,        ,        ,        ,        ,      
giesegu01, 1939,     1, DET , NHL , C  , 30.0,  4.0,   7.0,  11.0,   2.0,      ,     ,     ,     ,     ,     ,    ,      ,       ,      ,      ,        ,        ,        ,        ,        ,        ,        ,        ,      
giesegu01, 1940,     1, DET , NHL , C  , 43.0,  7.0,  18.0,  25.0,   7.0,      ,     ,     ,     ,     ,     ,    ,      ,    9.0,   2.0,   1.0,     3.0,     0.0,        ,        ,        ,        ,        ,        ,      
giesegu01, 1941,     1, DET , NHL , C  , 34.0,  6.0,  16.0,  22.0,   2.0,      ,     ,     ,     ,     ,     ,    ,      ,    2.0,   0.0,   0.0,     0.0,     0.0,        ,        ,        ,        ,        ,        ,      
giffile01, 1986,     1, PIT , NHL , R  ,  8.0,  1.0,   1.0,   2.0,   0.0, 2.0  ,  0.0,     ,  0.0,     ,  0.0, 0.0,   8.0,       ,      ,      ,        ,        ,        ,        ,        ,        ,        ,        ,      
giffile01, 1987,     1, PIT , NHL , R  , 19.0,  0.0,   2.0,   2.0,   9.0, -2.0 ,  0.0,  0.0,  0.0,  0.0,  0.0, 0.0,   8.0,       ,      ,      ,        ,        ,        ,        ,        ,        ,        ,        ,      
gigueje01, 1996,     1, HAR , NHL , G  ,  8.0,  0.0,   0.0,   0.0,   0.0, 0.0  ,  0.0,  0.0,  0.0,  0.0,  0.0, 0.0,   0.0,       ,      ,      ,        ,        ,        ,        ,        ,        ,        ,        ,      
gigueje01, 1998,     1, CAL , NHL , G  , 15.0,  0.0,   1.0,   1.0,   4.0, 0.0  ,  0.0,  0.0,  0.0,  0.0,  0.0, 0.0,   0.0,       ,      ,      ,        ,        ,        ,        ,        ,        ,        ,        ,      
gigueje01, 1999,     1, CAL , NHL , G  ,  7.0,  0.0,   0.0,   0.0,   2.0, 0.0  ,  0.0,  0.0,  0.0,  0.0,  0.0, 0.0,   0.0,       ,      ,      ,        ,        ,        ,        ,        ,        ,        ,        ,      
gigueje01, 2000,     1, ANA , NHL , G  , 34.0,  0.0,   2.0,   2.0,   8.0, 0.0  ,  0.0,  0.0,  0.0,  0.0,  0.0, 0.0,   0.0,       ,      ,      ,        ,        ,        ,        ,        ,        ,        ,        ,      
gigueje01, 2001,     1, ANA , NHL , G  , 53.0,  0.0,   0.0,   0.0,  28.0, 0.0  ,  0.0,  0.0,  0.0,  0.0,  0.0, 0.0,   0.0,       ,      ,      ,        ,        ,        ,        ,        ,        ,        ,        ,      
gigueje01, 2002,     1, ANA , NHL , G  , 65.0,  0.0,   0.0,   0.0,   8.0, 0.0  ,  0.0,  0.0,  0.0,  0.0,  0.0, 0.0,   0.0,   21.0,   0.0,   1.0,     1.0,     0.0, 0.0    ,     0.0,     0.0,     0.0,     0.0,     0.0,     0.0
gigueje01, 2003,     1, ANA , NHL , G  , 55.0,  0.0,   2.0,   2.0,   4.0, 0.0  ,  0.0,  1.0,  0.0,  0.0,  0.0, 0.0,   0.0,       ,      ,      ,        ,        ,        ,        ,        ,        ,        ,        ,      
gigueje01, 2005,     1, ANA , NHL , G  , 60.0,  0.0,   0.0,   0.0,  20.0, 0.0  ,  0.0,  0.0,  0.0,  0.0,  0.0,    ,   0.0,    6.0,   0.0,   0.0,     0.0,     0.0, 0.0    ,     0.0,     0.0,     0.0,     0.0,     0.0,     0.0
gigueje01, 2006,     1, AND , NHL , G  , 56.0,  0.0,   2.0,   2.0,   0.0, 0.0  ,  0.0,  0.0,  0.0,  0.0,  0.0,    ,   0.0,   18.0,   0.0,   0.0,     0.0,     0.0, 0.0    ,     0.0,     0.0,     0.0,     0.0,     0.0,     0.0
gigueje01, 2007,     1, AND , NHL , G  , 58.0,  0.0,   0.0,   0.0,   4.0, 0.0  ,  0.0,  0.0,  0.0,  0.0,  0.0,    ,   0.0,    6.0,   0.0,   1.0,     1.0,     0.0, 0.0    ,     0.0,     0.0,     0.0,     0.0,     0.0,     0.0
gigueje01, 2008,     1, AND , NHL , G  , 46.0,  0.0,   0.0,   0.0,   4.0, 0.0  ,  0.0,  0.0,  0.0,  0.0,  0.0,    ,   0.0,    1.0,   0.0,   0.0,     0.0,     0.0, 0.0    ,     0.0,     0.0,     0.0,     0.0,     0.0,     0.0
gigueje01, 2009,     1, AND , NHL , G  , 20.0,  0.0,   0.0,   0.0,   2.0, 0.0  ,  0.0,  0.0,  0.0,  0.0,  0.0,    ,   0.0,       ,      ,      ,        ,        ,        ,        ,        ,        ,        ,        ,      
gigueje01, 2009,     2, TOR , NHL , G  , 15.0,  0.0,   0.0,   0.0,   0.0, 0.0  ,  0.0,  0.0,  0.0,  0.0,  0.0,    ,   0.0,       ,      ,      ,        ,        ,        ,        ,        ,        ,        ,        ,      
gilbeed01, 1974,     1, KCS , NHL , C  , 80.0, 16.0,  22.0,  38.0,  14.0, -45.0,  9.0,     ,  2.0,     ,  0.0, 1.0, 190.0,       ,      ,      ,        ,        ,        ,        ,        ,        ,        ,        ,      
gilbeed01, 1975,     1, KCS , NHL , C  , 41.0,  4.0,   8.0,  12.0,   8.0, -29.0,  1.0,     ,  0.0,     ,  0.0, 1.0,  74.0,       ,      ,      ,        ,        ,        ,        ,        ,        ,        ,        ,      
gilbeed01, 1975,     2, PIT , NHL , C  , 38.0,  1.0,   1.0,   2.0,   0.0, -1.0 ,  0.0,     ,  0.0,     ,  0.0, 0.0,  18.0,       ,      ,      ,        ,        ,        ,        ,        ,        ,        ,        ,      
gilbeed01, 1976,     1, PIT , NHL , C  ,  7.0,  0.0,   0.0,   0.0,   0.0, -3.0 ,  0.0,     ,  0.0,     ,  0.0, 0.0,   4.0,       ,      ,      ,        ,        ,        ,        ,        ,        ,        ,        ,      
gilbeed01, 1978,     1, CIN , WHA , C  , 29.0,  3.0,   3.0,   6.0,   6.0, -9.0 ,  1.0,     ,  0.0,     ,     ,    ,  60.0,       ,      ,      ,        ,        ,        ,        ,        ,        ,        ,        ,      
gilbegi01, 1969,     1, MNS , NHL , G  ,  1.0,  0.0,   0.0,   0.0,   0.0, 0.0  ,  0.0,     ,  0.0,     ,  0.0, 0.0,   0.0,       ,      ,      ,        ,        ,        ,        ,        ,        ,        ,        ,      
gilbegi01, 1970,     1, MNS , NHL , G  , 17.0,  0.0,   0.0,   0.0,   2.0, 0.0  ,  0.0,     ,  0.0,     ,  0.0, 0.0,   0.0,       ,      ,      ,        ,        ,        ,        ,        ,        ,        ,        ,      
gilbegi01, 1971,     1, MNS , NHL , G  ,  4.0,  0.0,   0.0,   0.0,   0.0, 0.0  ,  0.0,     ,  0.0,     ,  0.0, 0.0,   0.0,       ,      ,      ,        ,        ,        ,        ,        ,        ,        ,        ,      
gilbegi01, 1972,     1, MNS , NHL , G  , 22.0,  0.0,   0.0,   0.0,   4.0, 0.0  ,  0.0,     ,  0.0,     ,  0.0, 0.0,   0.0,    1.0,   0.0,   0.0,     0.0,     0.0,        ,     0.0,        ,     0.0,        ,     0.0,      
gilbegi01, 1973,     1, BOS , NHL , G  , 54.0,  0.0,   1.0,   1.0,   9.0, 0.0  ,  0.0,     ,  0.0,     ,  0.0, 0.0,   0.0,   16.0,   0.0,   3.0,     3.0,     8.0,        ,     0.0,        ,     0.0,        ,     0.0,      
gilbegi01, 1974,     1, BOS , NHL , G  , 53.0,  0.0,   1.0,   1.0,  10.0, 0.0  ,  0.0,     ,  0.0,     ,  0.0, 0.0,   0.0,    3.0,   0.0,   0.0,     0.0,     0.0,        ,     0.0,        ,     0.0,        ,     0.0,      
gilbegi01, 1975,     1, BOS , NHL , G  , 55.0,  0.0,   0.0,   0.0,  18.0, 0.0  ,  0.0,     ,  0.0,     ,  0.0, 0.0,   0.0,    6.0,   0.0,   0.0,     0.0,     2.0,        ,     0.0,        ,     0.0,        ,     0.0,      
gilbegi01, 1976,     1, BOS , NHL , G  , 34.0,  0.0,   1.0,   1.0,  15.0, 0.0  ,  0.0,     ,  0.0,     ,  0.0, 0.0,   0.0,    1.0,   0.0,   0.0,     0.0,     0.0,        ,     0.0,        ,     0.0,        ,     0.0,      
gilbegi01, 1977,     1, BOS , NHL , G  , 25.0,  0.0,   1.0,   1.0,   8.0, 0.0  ,  0.0,     ,  0.0,     ,  0.0, 0.0,   0.0,       ,      ,      ,        ,        ,        ,        ,        ,        ,        ,        ,      
gilbegi01, 1978,     1, BOS , NHL , G  , 23.0,  0.0,   0.0,   0.0,  16.0, 0.0  ,  0.0,     ,  0.0,     ,  0.0, 0.0,   0.0,    5.0,   0.0,   0.0,     0.0,     0.0,        ,     0.0,        ,     0.0,        ,     0.0,      
gilbegi01, 1979,     1, BOS , NHL , G  , 33.0,  0.0,   1.0,   1.0,  10.0, 0.0  ,  0.0,     ,  0.0,     ,  0.0, 0.0,   0.0,       ,      ,      ,        ,        ,        ,        ,        ,        ,        ,        ,      
gilbegi01, 1980,     1, DET , NHL , G  , 48.0,  0.0,   1.0,   1.0,  12.0, 0.0  ,  0.0,     ,  0.0,     ,  0.0, 0.0,   0.0,       ,      ,      ,        ,        ,        ,        ,        ,        ,        ,        ,      
gilbegi01, 1981,     1, DET , NHL , G  , 27.0,  0.0,   0.0,   0.0,   2.0, 0.0  ,  0.0,     ,  0.0,     ,  0.0, 0.0,   0.0,       ,      ,      ,        ,        ,        ,        ,        ,        ,        ,        ,      
gilbegi01, 1982,     1, DET , NHL , G  , 20.0,  0.0,   3.0,   3.0,   4.0, 0.0  ,  0.0,     ,  0.0,     ,  0.0, 0.0,   0.0,       ,      ,      ,        ,        ,        ,        ,        ,        ,        ,        ,      
gilbegr01, 1981,     1, NYI , NHL , L  ,  1.0,  1.0,   0.0,   1.0,   0.0, 0.0  ,  0.0,     ,  0.0,     ,  0.0, 0.0,   2.0,    4.0,   1.0,   1.0,     2.0,     2.0,        ,     0.0,        ,     0.0,        ,     0.0,      
gilbegr01, 1982,     1, NYI , NHL , L  , 45.0,  8.0,  11.0,  19.0,  30.0, 1.0  ,  0.0,     ,  0.0,     ,  0.0, 0.0,  37.0,   10.0,   1.0,   0.0,     1.0,    14.0,        ,     0.0,        ,     0.0,        ,     0.0,      
gilbegr01, 1983,     1, NYI , NHL , L  , 79.0, 31.0,  35.0,  66.0,  59.0, 51.0 ,  6.0,     ,  0.0,     ,  2.0, 0.0, 118.0,   21.0,   5.0,   7.0,    12.0,    39.0, 5.0    ,     2.0,        ,     0.0,        ,     1.0,    28.0
gilbegr01, 1984,     1, NYI , NHL , L  , 58.0, 13.0,  25.0,  38.0,  36.0, -4.0 ,  2.0,     ,  0.0,     ,  2.0, 0.0,  82.0,       ,      ,      ,        ,        ,        ,        ,        ,        ,        ,        ,      
gilbegr01, 1985,     1, NYI , NHL , L  , 60.0,  9.0,  19.0,  28.0,  82.0, 5.0  ,  1.0,     ,  0.0,     ,  2.0, 0.0,  58.0,    2.0,   0.0,   0.0,     0.0,     9.0, -1.0   ,     0.0,        ,     0.0,        ,     0.0,     0.0
gilbegr01, 1986,     1, NYI , NHL , L  , 51.0,  6.0,   7.0,  13.0,  26.0, -12.0,  0.0,     ,  0.0,     ,  0.0, 0.0,  50.0,   10.0,   2.0,   2.0,     4.0,     6.0, 3.0    ,     0.0,        ,     0.0,        ,     1.0,     7.0
gilbegr01, 1987,     1, NYI , NHL , L  , 76.0, 17.0,  28.0,  45.0,  46.0, 14.0 ,  1.0,  1.0,  1.0,  0.0,  0.0, 0.0,  77.0,    4.0,   0.0,   0.0,     0.0,     6.0, -4.0   ,     0.0,     0.0,     0.0,     0.0,     0.0,     6.0
gilbegr01, 1988,     1, NYI , NHL , L  , 55.0,  8.0,  13.0,  21.0,  45.0, 1.0  ,  0.0,  0.0,  0.0,  0.0,  1.0, 0.0,  73.0,       ,      ,      ,        ,        ,        ,        ,        ,        ,        ,        ,      
gilbegr01, 1988,     2, CHI , NHL , L  ,  4.0,  0.0,   0.0,   0.0,   0.0, 1.0  ,  0.0,  0.0,  0.0,  0.0,  0.0, 0.0,   2.0,   15.0,   1.0,   5.0,     6.0,    20.0, 4.0    ,     0.0,     0.0,     0.0,     1.0,     0.0,     8.0
gilbegr01, 1989,     1, CHI , NHL , L  , 70.0, 12.0,  25.0,  37.0,  54.0, 27.0 ,  0.0,  0.0,  0.0,  0.0,  3.0, 1.0, 108.0,   19.0,   5.0,   8.0,    13.0,    34.0, 10.0   ,     0.0,     0.0,     0.0,     1.0,     0.0,    24.0
gilbegr01, 1990,     1, CHI , NHL , L  , 72.0, 10.0,  15.0,  25.0,  58.0, 6.0  ,  1.0,  2.0,  0.0,  0.0,  0.0, 0.0,  98.0,    5.0,   0.0,   1.0,     1.0,     2.0, 1.0    ,     0.0,     0.0,     0.0,     0.0,     0.0,     2.0
gilbegr01, 1991,     1, CHI , NHL , L  , 50.0,  7.0,   5.0,  12.0,  35.0, -4.0 ,  0.0,  0.0,  0.0,  0.0,  1.0, 0.0,  45.0,   10.0,   1.0,   3.0,     4.0,    16.0, 1.0    ,     0.0,     0.0,     0.0,     0.0,     1.0,     9.0
gilbegr01, 1992,     1, CHI , NHL , L  , 77.0, 13.0,  19.0,  32.0,  57.0, 5.0  ,  0.0,  2.0,  1.0,  0.0,  2.0, 0.0,  72.0,    3.0,   0.0,   0.0,     0.0,     0.0, 0.0    ,     0.0,     0.0,     0.0,     0.0,     0.0,     2.0
gilbegr01, 1993,     1, NYR , NHL , L  , 76.0,  4.0,  11.0,  15.0,  29.0, -3.0 ,  1.0,  0.0,  0.0,  0.0,  0.0, 1.0,  64.0,   23.0,   1.0,   3.0,     4.0,     8.0, -2.0   ,     0.0,     0.0,     0.0,     0.0,     0.0,    23.0
gilbegr01, 1994,     1, STL , NHL , L  , 46.0, 11.0,  14.0,  25.0,  11.0, 22.0 ,  0.0,  0.0,  0.0,  0.0,  3.0, 0.0,  57.0,    7.0,   0.0,   3.0,     3.0,     6.0, 0.0    ,     0.0,     0.0,     0.0,     0.0,     0.0,     9.0
gilbegr01, 1995,     1, STL , NHL , L  , 17.0,  0.0,   1.0,   1.0,   8.0, -1.0 ,  0.0,  0.0,  0.0,  0.0,  0.0, 0.0,   9.0,       ,      ,      ,        ,        ,        ,        ,        ,        ,        ,        ,      
gilbeje01, 1962,     1, BOS , NHL , C  ,  5.0,  0.0,   0.0,   0.0,   4.0,      ,     ,     ,     ,     ,     ,    ,      ,       ,      ,      ,        ,        ,        ,        ,        ,        ,        ,        ,      
gilbeje01, 1964,     1, BOS , NHL , C  ,  4.0,  0.0,   1.0,   1.0,   0.0,      ,  0.0,     ,  0.0,     ,  0.0, 0.0,      ,       ,      ,      ,        ,        ,        ,        ,        ,        ,        ,        ,      
gilbeje01, 1973,     1, QUN , WHA , C  , 75.0, 17.0,  39.0,  56.0,  20.0,      ,  4.0,     ,  0.0,     ,  2.0,    ,      ,       ,      ,      ,        ,        ,        ,        ,        ,        ,        ,        ,      
gilbeje01, 1974,     1, QUN , WHA , C  , 58.0,  7.0,  21.0,  28.0,  12.0, -10.0,  1.0,     ,  0.0,     ,     ,    ,  46.0,   11.0,   3.0,   6.0,     9.0,     2.0,        ,        ,        ,        ,        ,     0.0,      
gilbero01, 1960,     1, NYR , NHL , R  ,  1.0,  0.0,   1.0,   1.0,   2.0,      ,     ,     ,     ,     ,     ,    ,      ,       ,      ,      ,        ,        ,        ,        ,        ,        ,        ,        ,      
gilbero01, 1961,     1, NYR , NHL , R  ,  1.0,  0.0,   0.0,   0.0,   0.0,      ,     ,     ,     ,     ,     ,    ,      ,    4.0,   2.0,   3.0,     5.0,     4.0,        ,        ,        ,        ,        ,     0.0,      
gilbero01, 1962,     1, NYR , NHL , R  , 70.0, 11.0,  20.0,  31.0,  20.0,      ,     ,     ,     ,     ,     ,    ,      ,       ,      ,      ,        ,        ,        ,        ,        ,        ,        ,        ,      
gilbero01, 1963,     1, NYR , NHL , R  , 70.0, 24.0,  40.0,  64.0,  62.0,      ,  7.0,     ,  0.0,     ,  0.0, 0.0,      ,       ,      ,      ,        ,        ,        ,        ,        ,        ,        ,        ,      
gilbero01, 1964,     1, NYR , NHL , R  , 70.0, 25.0,  36.0,  61.0,  52.0,      , 10.0,     ,  0.0,     ,  3.0, 1.0,      ,       ,      ,      ,        ,        ,        ,        ,        ,        ,        ,        ,      
gilbero01, 1965,     1, NYR , NHL , R  , 34.0, 10.0,  15.0,  25.0,  20.0,      ,  3.0,     ,  0.0,     ,  2.0, 2.0,      ,       ,      ,      ,        ,        ,        ,        ,        ,        ,        ,        ,      
gilbero01, 1966,     1, NYR , NHL , R  , 64.0, 28.0,  18.0,  46.0,  12.0,      ,  5.0,     ,  0.0,     ,  5.0, 0.0,      ,    4.0,   2.0,   2.0,     4.0,     6.0,        ,        ,        ,        ,        ,     0.0,      
gilbero01, 1967,     1, NYR , NHL , R  , 73.0, 29.0,  48.0,  77.0,  12.0, 13.0 ,  8.0,     ,  0.0,     ,  6.0, 1.0, 281.0,    6.0,   5.0,   0.0,     5.0,     4.0,        ,     0.0,        ,     0.0,        ,     0.0,      
gilbero01, 1968,     1, NYR , NHL , R  , 66.0, 28.0,  49.0,  77.0,  22.0, 12.0 ,  8.0,     ,  0.0,     ,  5.0, 0.0, 301.0,    4.0,   1.0,   0.0,     1.0,     2.0,        ,     0.0,        ,     0.0,        ,     0.0,      
gilbero01, 1969,     1, NYR , NHL , R  , 72.0, 16.0,  37.0,  53.0,  22.0, 2.0  ,  3.0,     ,  0.0,     ,  1.0, 0.0, 230.0,    6.0,   4.0,   5.0,     9.0,     0.0,        ,     3.0,        ,     0.0,        ,     0.0,      
gilbero01, 1970,     1, NYR , NHL , R  , 78.0, 30.0,  31.0,  61.0,  65.0, 22.0 ,  8.0,     ,  0.0,     ,  5.0, 2.0, 226.0,   13.0,   4.0,   6.0,    10.0,     8.0,        ,     1.0,        ,     0.0,        ,     1.0,      
gilbero01, 1971,     1, NYR , NHL , R  , 73.0, 43.0,  54.0,  97.0,  64.0, 51.0 ,  6.0,     ,  0.0,     ,  4.0, 1.0, 238.0,   16.0,   7.0,   8.0,    15.0,    11.0,        ,     4.0,        ,     0.0,        ,     2.0,      
gilbero01, 1972,     1, NYR , NHL , R  , 76.0, 25.0,  59.0,  84.0,  25.0, 12.0 ,  6.0,     ,  0.0,     ,  4.0, 3.0, 183.0,   10.0,   5.0,   1.0,     6.0,     2.0,        ,     0.0,        ,     0.0,        ,     1.0,      
gilbero01, 1973,     1, NYR , NHL , R  , 75.0, 36.0,  41.0,  77.0,  20.0, 11.0 , 16.0,     ,  0.0,     ,  8.0, 0.0, 168.0,   13.0,   3.0,   5.0,     8.0,     4.0,        ,     1.0,        ,     0.0,        ,     1.0,      
gilbero01, 1974,     1, NYR , NHL , R  , 76.0, 36.0,  61.0,  97.0,  22.0, 1.0  , 11.0,     ,  0.0,     ,  1.0, 3.0, 239.0,    3.0,   1.0,   3.0,     4.0,     2.0,        ,     0.0,        ,     0.0,        ,     0.0,      
gilbero01, 1975,     1, NYR , NHL , R  , 70.0, 36.0,  50.0,  86.0,  32.0, -8.0 ,  9.0,     ,  0.0,     ,  4.0, 1.0, 211.0,       ,      ,      ,        ,        ,        ,        ,        ,        ,        ,        ,      
gilbero01, 1976,     1, NYR , NHL , R  , 77.0, 27.0,  48.0,  75.0,  50.0, -17.0,  7.0,     ,  0.0,     ,  2.0, 0.0, 187.0,       ,      ,      ,        ,        ,        ,        ,        ,        ,        ,        ,      
gilbero01, 1977,     1, NYR , NHL , R  , 19.0,  2.0,   7.0,   9.0,   6.0, -10.0,  1.0,     ,  0.0,     ,  0.0, 0.0,  27.0,       ,      ,      ,        ,        ,        ,        ,        ,        ,        ,        ,      
gilbest01, 1971,     1, CLF , NHL , L  , 78.0, 16.0,  16.0,  32.0,  47.0, -6.0 ,  3.0,     ,  0.0,     ,  2.0, 0.0, 141.0,       ,      ,      ,        ,        ,        ,        ,        ,        ,        ,        ,      
gilbest01, 1972,     1, CLF , NHL , L  , 66.0,  6.0,  15.0,  21.0,  19.0, -34.0,  3.0,     ,  0.0,     ,  0.0, 0.0, 110.0,       ,      ,      ,        ,        ,        ,        ,        ,        ,        ,        ,      
gilbest01, 1973,     1, CLF , NHL , L  , 76.0, 18.0,  12.0,  30.0,  39.0, -41.0,  4.0,     ,  0.0,     ,  2.0, 0.0, 136.0,       ,      ,      ,        ,        ,        ,        ,        ,        ,        ,        ,      
gilbest01, 1974,     1, CLF , NHL , L  , 15.0,  1.0,   4.0,   5.0,   2.0, -8.0 ,  1.0,     ,  0.0,     ,  0.0, 0.0,  26.0,       ,      ,      ,        ,        ,        ,        ,        ,        ,        ,        ,      
gilbest01, 1974,     2, STL , NHL , L  , 22.0,  1.0,   4.0,   5.0,   4.0, -5.0 ,  0.0,     ,  0.0,     ,  0.0, 1.0,  32.0,       ,      ,      ,        ,        ,        ,        ,        ,        ,        ,        ,      
gilbest01, 1974,     3, WAS , NHL , L  , 25.0, 11.0,   7.0,  18.0,  12.0, -37.0,  2.0,     ,  0.0,     ,  1.0, 0.0,  67.0,       ,      ,      ,        ,        ,        ,        ,        ,        ,        ,        ,      
gilbest01, 1975,     1, WAS , NHL , L  , 31.0, 13.0,  14.0,  27.0,   6.0, -25.0,  5.0,     ,  0.0,     ,  0.0, 2.0,  62.0,       ,      ,      ,        ,        ,        ,        ,        ,        ,        ,        ,      
gilbest01, 1975,     2, PIT , NHL , L  , 48.0, 13.0,   8.0,  21.0,   6.0, -3.0 ,  3.0,     ,  0.0,     ,  1.0, 0.0,  86.0,    3.0,   1.0,   1.0,     2.0,     2.0,        ,     0.0,        ,     0.0,        ,     0.0,      
gilbest01, 1976,     1, PIT , NHL , L  , 67.0,  6.0,   9.0,  15.0,  13.0, -9.0 ,  0.0,     ,  0.0,     ,  0.0, 0.0,  62.0,       ,      ,      ,        ,        ,        ,        ,        ,        ,        ,        ,      
gilbeto01, 2006,     1, EDM , NHL , D  , 12.0,  1.0,   5.0,   6.0,   0.0, -1.0 ,  0.0,  1.0,  0.0,  0.0,  0.0,    ,  13.0,       ,      ,      ,        ,        ,        ,        ,        ,        ,        ,        ,      
gilbeto01, 2007,     1, EDM , NHL , D  , 82.0, 13.0,  20.0,  33.0,  20.0, -6.0 ,  3.0,  6.0,  0.0,  2.0,  1.0,    ,  98.0,       ,      ,      ,        ,        ,        ,        ,        ,        ,        ,        ,      
gilbeto01, 2008,     1, EDM , NHL , D  , 82.0,  5.0,  40.0,  45.0,  26.0, 6.0  ,  2.0, 14.0,  0.0,  1.0,  1.0,    , 107.0,       ,      ,      ,        ,        ,        ,        ,        ,        ,        ,        ,      
gilbeto01, 2009,     1, EDM , NHL , D  , 82.0,  5.0,  26.0,  31.0,  16.0, -10.0,  1.0,  8.0,  1.0,  1.0,  0.0,    ,  98.0,       ,      ,      ,        ,        ,        ,        ,        ,        ,        ,        ,      
gilchbr01, 1988,     1, MTL , NHL , L  , 49.0,  8.0,  16.0,  24.0,  16.0, 9.0  ,  0.0,  3.0,  0.0,  0.0,  2.0, 0.0,  68.0,    9.0,   1.0,   1.0,     2.0,    10.0, 0.0    ,     0.0,     0.0,     0.0,     0.0,     0.0,     6.0
gilchbr01, 1989,     1, MTL , NHL , C  , 57.0,  9.0,  15.0,  24.0,  28.0, 3.0  ,  1.0,  1.0,  0.0,  0.0,  0.0, 0.0,  80.0,    8.0,   2.0,   0.0,     2.0,     2.0, 2.0    ,     0.0,     0.0,     0.0,     0.0,     0.0,     9.0
gilchbr01, 1990,     1, MTL , NHL , L  , 51.0,  6.0,   9.0,  15.0,  10.0, -3.0 ,  1.0,  0.0,  0.0,  0.0,  1.0, 0.0,  81.0,   13.0,   5.0,   3.0,     8.0,     6.0, 3.0    ,     0.0,     0.0,     0.0,     0.0,     1.0,    21.0
gilchbr01, 1991,     1, MTL , NHL , C  , 79.0, 23.0,  27.0,  50.0,  57.0, 29.0 ,  2.0,  4.0,  0.0,  0.0,  3.0, 2.0, 146.0,   11.0,   2.0,   4.0,     6.0,     6.0, -2.0   ,     1.0,     1.0,     0.0,     0.0,     0.0,    20.0
gilchbr01, 1992,     1, EDM , NHL , C  , 60.0, 10.0,  10.0,  20.0,  47.0, -10.0,  2.0,  2.0,  0.0,  2.0,  0.0, 0.0,  94.0,       ,      ,      ,        ,        ,        ,        ,        ,        ,        ,        ,      
gilchbr01, 1992,     2, MNS , NHL , C  ,  8.0,  0.0,   1.0,   1.0,   2.0, -2.0 ,  0.0,  0.0,  0.0,  0.0,  0.0, 0.0,  12.0,       ,      ,      ,        ,        ,        ,        ,        ,        ,        ,        ,      
gilchbr01, 1993,     1, DAL , NHL , C  , 76.0, 17.0,  14.0,  31.0,  31.0, 0.0  ,  3.0,  1.0,  1.0,  0.0,  5.0, 0.0, 103.0,    9.0,   3.0,   1.0,     4.0,     2.0, -3.0   ,     1.0,     0.0,     0.0,     0.0,     0.0,    20.0
gilchbr01, 1994,     1, DAL , NHL , L  , 32.0,  9.0,   4.0,  13.0,  16.0, -3.0 ,  1.0,  0.0,  3.0,  0.0,  1.0, 0.0,  70.0,    5.0,   0.0,   1.0,     1.0,     2.0, -1.0   ,     0.0,     0.0,     0.0,     0.0,     0.0,     7.0
gilchbr01, 1995,     1, DAL , NHL , C  , 77.0, 20.0,  22.0,  42.0,  36.0, -11.0,  6.0,  3.0,  1.0,  1.0,  2.0, 0.0, 164.0,       ,      ,      ,        ,        ,        ,        ,        ,        ,        ,        ,      
gilchbr01, 1996,     1, DAL , NHL , L  , 67.0, 10.0,  20.0,  30.0,  24.0, 6.0  ,  2.0,  3.0,  0.0,  0.0,  2.0, 0.0, 116.0,    6.0,   2.0,   2.0,     4.0,     2.0, 0.0    ,     0.0,     0.0,     0.0,     0.0,     0.0,    20.0
gilchbr01, 1997,     1, DET , NHL , L  , 61.0, 13.0,  14.0,  27.0,  40.0, 4.0  ,  5.0,  1.0,  0.0,  0.0,  3.0, 1.0, 124.0,   15.0,   2.0,   1.0,     3.0,    12.0, 2.0    ,     0.0,     0.0,     0.0,     0.0,     0.0,    17.0
gilchbr01, 1998,     1, DET , NHL , L  ,  5.0,  1.0,   0.0,   1.0,   0.0, -1.0 ,  0.0,  0.0,  0.0,  0.0,  1.0, 0.0,   4.0,    3.0,   0.0,   0.0,     0.0,     0.0, -2.0   ,     0.0,     0.0,     0.0,     0.0,     0.0,     2.0
gilchbr01, 1999,     1, DET , NHL , L  , 24.0,  4.0,   2.0,   6.0,  24.0, 1.0  ,  0.0,  0.0,  0.0,  0.0,  0.0, 0.0,  33.0,    6.0,   0.0,   0.0,     0.0,     6.0, -3.0   ,     0.0,     0.0,     0.0,     0.0,     0.0,     7.0
gilchbr01, 2000,     1, DET , NHL , C  , 60.0,  1.0,   8.0,   9.0,  41.0, -8.0 ,  0.0,  0.0,  0.0,  0.0,  0.0, 0.0,  75.0,    5.0,   0.0,   1.0,     1.0,     0.0, 0.0    ,     0.0,     0.0,     0.0,     0.0,     0.0,     7.0
gilchbr01, 2001,     1, DET , NHL , C  , 19.0,  1.0,   1.0,   2.0,   8.0, -3.0 ,  0.0,  0.0,  0.0,  0.0,  1.0, 0.0,  24.0,       ,      ,      ,        ,        ,        ,        ,        ,        ,        ,        ,      
gilchbr01, 2001,     2, DAL , NHL , C  , 26.0,  2.0,   5.0,   7.0,   6.0, -6.0 ,  0.0,  0.0,  0.0,  0.0,  0.0, 0.0,  29.0,       ,      ,      ,        ,        ,        ,        ,        ,        ,        ,        ,      
gilchbr01, 2002,     1, NAS , NHL , L  , 41.0,  1.0,   2.0,   3.0,  14.0, -11.0,  0.0,  0.0,  0.0,  0.0,  0.0, 0.0,  41.0,       ,      ,      ,        ,        ,        ,        ,        ,        ,        ,        ,      
gilescu01, 1979,     1, MNS , NHL , D  , 37.0,  2.0,   7.0,   9.0,  31.0, -9.0 ,  1.0,     ,  0.0,     ,  1.0, 0.0,  48.0,   12.0,   2.0,   4.0,     6.0,    10.0,        ,     2.0,        ,     0.0,        ,     0.0,      
gilescu01, 1980,     1, MNS , NHL , D  , 67.0,  5.0,  22.0,  27.0,  56.0, 9.0  ,  1.0,     ,  0.0,     ,  1.0, 0.0,  82.0,   19.0,   1.0,   4.0,     5.0,    14.0,        ,     0.0,        ,     0.0,        ,     0.0,      
gilescu01, 1981,     1, MNS , NHL , D  , 74.0,  3.0,  12.0,  15.0,  87.0, 15.0 ,  0.0,     ,  0.0,     ,  1.0, 0.0,  65.0,    4.0,   0.0,   0.0,     0.0,     2.0,        ,     0.0,        ,     0.0,        ,     0.0,      
gilescu01, 1982,     1, MNS , NHL , D  , 76.0,  2.0,  21.0,  23.0,  70.0, 11.0 ,  0.0,     ,  0.0,     ,  0.0, 0.0,  78.0,    5.0,   0.0,   2.0,     2.0,     6.0,        ,     0.0,        ,     0.0,        ,     0.0,      
gilescu01, 1983,     1, MNS , NHL , D  , 70.0,  6.0,  22.0,  28.0,  59.0, 2.0  ,  2.0,     ,  0.0,     ,  0.0, 0.0,  78.0,   16.0,   1.0,   3.0,     4.0,    25.0, -2.0   ,     1.0,        ,     0.0,        ,     0.0,    34.0
gilescu01, 1984,     1, MNS , NHL , D  , 77.0,  5.0,  25.0,  30.0,  49.0, 3.0  ,  3.0,     ,  0.0,     ,  0.0, 0.0,  98.0,    9.0,   0.0,   0.0,     0.0,    17.0, -2.0   ,     0.0,        ,     0.0,        ,     0.0,    13.0
gilescu01, 1985,     1, MNS , NHL , D  , 69.0,  6.0,  21.0,  27.0,  30.0, 19.0 ,  0.0,     ,  0.0,     ,  1.0, 0.0,  59.0,    5.0,   0.0,   1.0,     1.0,    10.0, -3.0   ,     0.0,        ,     0.0,        ,     0.0,     5.0
gilescu01, 1986,     1, MNS , NHL , D  , 11.0,  0.0,   3.0,   3.0,   4.0, 2.0  ,  0.0,     ,  0.0,     ,  0.0, 0.0,   5.0,       ,      ,      ,        ,        ,        ,        ,        ,        ,        ,        ,      
gilescu01, 1986,     2, NYR , NHL , D  , 61.0,  2.0,  17.0,  19.0,  50.0, 3.0  ,  0.0,     ,  0.0,     ,  0.0, 0.0,  52.0,    5.0,   0.0,   0.0,     0.0,     6.0, 1.0    ,     0.0,        ,     0.0,        ,     0.0,     6.0
gilescu01, 1987,     1, NYR , NHL , D  , 13.0,  0.0,   0.0,   0.0,  10.0, -5.0 ,  0.0,  0.0,  0.0,  0.0,  0.0, 0.0,  12.0,       ,      ,      ,        ,        ,        ,        ,        ,        ,        ,        ,      
gilescu01, 1987,     2, MNS , NHL , D  , 59.0,  1.0,  12.0,  13.0,  66.0, -28.0,  0.0,  5.0,  0.0,  0.0,  0.0, 0.0,  60.0,       ,      ,      ,        ,        ,        ,        ,        ,        ,        ,        ,      
gilescu01, 1988,     1, MNS , NHL , D  , 76.0,  5.0,  10.0,  15.0,  77.0, 2.0  ,  0.0,  1.0,  1.0,  1.0,  0.0, 0.0,  64.0,    5.0,   0.0,   0.0,     0.0,     4.0, -1.0   ,     0.0,     0.0,     0.0,     0.0,     0.0,     8.0
gilescu01, 1989,     1, MNS , NHL , D  , 74.0,  1.0,  12.0,  13.0,  48.0, 3.0  ,  0.0,  0.0,  0.0,  0.0,  0.0, 0.0,  55.0,    7.0,   0.0,   1.0,     1.0,     6.0, -2.0   ,     0.0,     0.0,     0.0,     0.0,     0.0,     6.0
gilescu01, 1990,     1, MNS , NHL , D  , 70.0,  4.0,  10.0,  14.0,  48.0, 3.0  ,  0.0,  1.0,  0.0,  0.0,  0.0, 0.0,  53.0,   10.0,   1.0,   0.0,     1.0,    16.0, -4.0   ,     0.0,     0.0,     0.0,     0.0,     0.0,     7.0
gilescu01, 1991,     1, STL , NHL , D  , 13.0,  1.0,   1.0,   2.0,   8.0, -3.0 ,  0.0,  0.0,  0.0,  0.0,  0.0, 0.0,   4.0,    3.0,   1.0,   1.0,     2.0,     0.0, -2.0   ,     1.0,     0.0,     0.0,     0.0,     0.0,     2.0
gilescu01, 1992,     1, STL , NHL , D  , 48.0,  0.0,   4.0,   4.0,  40.0, -2.0 ,  0.0,  2.0,  0.0,  0.0,  0.0, 0.0,  23.0,    3.0,   0.0,   0.0,     0.0,     2.0, -1.0   ,     0.0,     0.0,     0.0,     0.0,     0.0,     0.0
gilhera01, 1982,     1, HAR , NHL , L  ,  2.0,  0.0,   1.0,   1.0,   0.0, 0.0  ,  0.0,     ,  0.0,     ,  0.0, 0.0,   4.0,       ,      ,      ,        ,        ,        ,        ,        ,        ,        ,        ,      
gilhera01, 1986,     1, WIN , NHL , C  ,  2.0,  0.0,   0.0,   0.0,   0.0, -2.0 ,  0.0,     ,  0.0,     ,  0.0, 0.0,   3.0,       ,      ,      ,        ,        ,        ,        ,        ,        ,        ,        ,      
gilhera01, 1987,     1, WIN , NHL , C  , 13.0,  3.0,   2.0,   5.0,  15.0, 5.0  ,  0.0,  0.0,  1.0,  0.0,  0.0, 0.0,  21.0,    4.0,   1.0,   0.0,     1.0,    10.0, -3.0   ,     0.0,     0.0,     0.0,     0.0,     1.0,     2.0
gilhera01, 1988,     1, WIN , NHL , C  , 64.0,  5.0,   3.0,   8.0,  38.0, -24.0,  0.0,  0.0,  1.0,  0.0,  1.0, 0.0,  76.0,       ,      ,      ,        ,        ,        ,        ,        ,        ,        ,        ,      
gilhera01, 1989,     1, PIT , NHL , C  , 61.0,  5.0,  11.0,  16.0,  54.0, -8.0 ,  0.0,  0.0,  0.0,  0.0,  1.0, 0.0,  67.0,       ,      ,      ,        ,        ,        ,        ,        ,        ,        ,        ,      
gilhera01, 1990,     1, PIT , NHL , C  , 72.0, 15.0,  10.0,  25.0,  51.0, 3.0  ,  1.0,  0.0,  2.0,  0.0,  1.0, 0.0, 112.0,   16.0,   1.0,   0.0,     1.0,    14.0, -4.0   ,     0.0,     0.0,     0.0,     0.0,     0.0,    10.0
gilhera01, 1991,     1, LAK , NHL , C  , 33.0,  3.0,   6.0,   9.0,  14.0, -3.0 ,  0.0,  0.0,  1.0,  1.0,  0.0, 0.0,  32.0,       ,      ,      ,        ,        ,        ,        ,        ,        ,        ,        ,      
gilhera01, 1991,     2, NYR , NHL , C  , 40.0,  7.0,   7.0,  14.0,  14.0, 5.0  ,  0.0,  0.0,  0.0,  1.0,  0.0, 0.0,  67.0,   13.0,   1.0,   2.0,     3.0,     2.0, 0.0    ,     0.0,     0.0,     0.0,     0.0,     0.0,    17.0
gilhera01, 1992,     1, NYR , NHL , C  , 33.0,  3.0,   2.0,   5.0,   8.0, -8.0 ,  0.0,  0.0,  1.0,  1.0,  1.0, 0.0,  34.0,       ,      ,      ,        ,        ,        ,        ,        ,        ,        ,        ,      
gilhera01, 1992,     2, TBL , NHL , C  , 11.0,  0.0,   2.0,   2.0,   6.0, -6.0 ,  0.0,  0.0,  0.0,  0.0,  0.0, 0.0,  11.0,       ,      ,      ,        ,        ,        ,        ,        ,        ,        ,        ,      
gilhera01, 1993,     1, FLO , NHL , C  , 20.0,  4.0,   4.0,   8.0,  16.0, 1.0  ,  0.0,  1.0,  0.0,  0.0,  0.0, 0.0,  52.0,       ,      ,      ,        ,        ,        ,        ,        ,        ,        ,        ,      
gilhera01, 1993,     2, WIN , NHL , C  , 40.0,  3.0,   3.0,   6.0,  34.0, -13.0,  0.0,  1.0,  0.0,  0.0,  0.0, 0.0,  43.0,       ,      ,      ,        ,        ,        ,        ,        ,        ,        ,        ,      
gilhera01, 1994,     1, WIN , NHL , R  , 44.0,  5.0,   6.0,  11.0,  52.0, -17.0,  0.0,  0.0,  1.0,  0.0,  1.0, 0.0,  47.0,       ,      ,      ,        ,        ,        ,        ,        ,        ,        ,        ,      
gilhera01, 1995,     1, WIN , NHL , C  , 22.0,  2.0,   3.0,   5.0,  12.0, 1.0  ,  0.0,  0.0,  0.0,  0.0,  0.0, 0.0,  26.0,       ,      ,      ,        ,        ,        ,        ,        ,        ,        ,        ,      
gillan01 , 1967,     1, BOS , NHL , G  ,  5.0,  0.0,   0.0,   0.0,   0.0, 0.0  ,  0.0,     ,  0.0,     ,  0.0, 0.0,   0.0,       ,      ,      ,        ,        ,        ,        ,        ,        ,        ,        ,      
gillan01 , 1972,     1, CHC , WHA , G  , 33.0,  0.0,   0.0,   0.0,   6.0,      ,  0.0,     ,  0.0,     ,     ,    ,      ,       ,      ,      ,        ,        ,        ,        ,        ,        ,        ,        ,      
gillan01 , 1973,     1, CHC , WHA , G  , 13.0,  0.0,   0.0,   0.0,   0.0,      ,  0.0,     ,  0.0,     ,  0.0,    ,      ,   11.0,   0.0,   0.0,     0.0,     4.0,        ,        ,        ,        ,        ,     0.0,      
gilleba01, 1910,     1, REN , NHA ,    ,  2.0,  0.0,   0.0,   0.0,   0.0,      ,     ,     ,     ,     ,     ,    ,      ,       ,      ,      ,        ,        ,        ,        ,        ,        ,        ,        ,      
gilledo01, 1979,     1, PHI , NHL , R  ,  1.0,  1.0,   0.0,   1.0,   0.0, 1.0  ,  0.0,     ,  0.0,     ,  0.0, 0.0,   2.0,       ,      ,      ,        ,        ,        ,        ,        ,        ,        ,        ,      
gilledo01, 1981,     1, HAR , NHL , R  , 34.0,  1.0,   4.0,   5.0,  22.0, -11.0,  0.0,     ,  0.0,     ,  0.0, 0.0,  25.0,       ,      ,      ,        ,        ,        ,        ,        ,        ,        ,        ,      
gilleha01, 1921,     1, EDE , WCHL, D  , 20.0,  5.0,   4.0,   9.0,  32.0,      ,     ,     ,     ,     ,     ,    ,      ,    2.0,   0.0,   0.0,     0.0,     0.0,        ,        ,        ,        ,        ,        ,      
gillha01 , 1997,     1, BOS , NHL , D  , 68.0,  2.0,   4.0,   6.0,  47.0, 4.0  ,  0.0,  0.0,  0.0,  0.0,  0.0, 0.0,  56.0,    6.0,   0.0,   0.0,     0.0,     4.0, -1.0   ,     0.0,     0.0,     0.0,     0.0,     0.0,     3.0
gillha01 , 1998,     1, BOS , NHL , D  , 80.0,  3.0,   7.0,  10.0,  63.0, -10.0,  0.0,  0.0,  0.0,  0.0,  2.0, 0.0, 102.0,   12.0,   0.0,   0.0,     0.0,    14.0, -1.0   ,     0.0,     0.0,     0.0,     0.0,     0.0,    10.0
gillha01 , 1999,     1, BOS , NHL , D  , 81.0,  3.0,   9.0,  12.0,  51.0, 0.0  ,  0.0,  0.0,  0.0,  0.0,  0.0, 0.0, 120.0,       ,      ,      ,        ,        ,        ,        ,        ,        ,        ,        ,      
gillha01 , 2000,     1, BOS , NHL , D  , 80.0,  1.0,  10.0,  11.0,  71.0, -2.0 ,  0.0,  1.0,  0.0,  0.0,  0.0, 0.0,  79.0,       ,      ,      ,        ,        ,        ,        ,        ,        ,        ,        ,      
gillha01 , 2001,     1, BOS , NHL , D  , 79.0,  4.0,  18.0,  22.0,  77.0, 16.0 ,  0.0,  0.0,  0.0,  2.0,  0.0, 0.0, 137.0,    6.0,   0.0,   1.0,     1.0,     2.0, 1.0    ,     0.0,     0.0,     0.0,     0.0,     0.0,    10.0
gillha01 , 2002,     1, BOS , NHL , D  , 76.0,  4.0,  13.0,  17.0,  56.0, 21.0 ,  0.0,  0.0,  0.0,  2.0,  0.0, 0.0, 114.0,    5.0,   0.0,   0.0,     0.0,     4.0, -1.0   ,     0.0,     0.0,     0.0,     0.0,     0.0,    10.0
gillha01 , 2003,     1, BOS , NHL , D  , 82.0,  2.0,   7.0,   9.0,  99.0, 16.0 ,  0.0,  0.0,  0.0,  0.0,  0.0, 0.0, 104.0,    7.0,   0.0,   1.0,     1.0,     4.0, -2.0   ,     0.0,     0.0,     0.0,     0.0,     0.0,    11.0
gillha01 , 2005,     1, BOS , NHL , D  , 80.0,  1.0,   9.0,  10.0, 124.0, -4.0 ,  0.0,  0.0,  0.0,  0.0,  0.0,    ,  68.0,       ,      ,      ,        ,        ,        ,        ,        ,        ,        ,        ,      
gillha01 , 2006,     1, TOR , NHL , D  , 82.0,  6.0,  14.0,  20.0,  91.0, 11.0 ,  0.0,  0.0,  0.0,  1.0,  1.0,    ,  79.0,       ,      ,      ,        ,        ,        ,        ,        ,        ,        ,        ,      
gillha01 , 2007,     1, TOR , NHL , D  , 63.0,  2.0,  18.0,  20.0,  52.0, 0.0  ,  0.0,  0.0,  0.0,  1.0,  0.0,    ,  69.0,       ,      ,      ,        ,        ,        ,        ,        ,        ,        ,        ,      
gillha01 , 2007,     2, PIT , NHL , D  , 18.0,  1.0,   3.0,   4.0,  16.0, 6.0  ,  0.0,  0.0,  0.0,  0.0,  0.0,    ,  17.0,   20.0,   0.0,   1.0,     1.0,    12.0, 2.0    ,     0.0,     0.0,     0.0,     0.0,     0.0,    16.0
gillha01 , 2008,     1, PIT , NHL , D  , 62.0,  2.0,   8.0,  10.0,  53.0, 11.0 ,  0.0,  0.0,  0.0,  0.0,  0.0,    ,  40.0,   24.0,   0.0,   2.0,     2.0,     6.0, 8.0    ,     0.0,     0.0,     0.0,     0.0,     0.0,    17.0
gillha01 , 2009,     1, MTL , NHL , D  , 68.0,  2.0,   9.0,  11.0,  68.0, -10.0,  0.0,  0.0,  0.0,  1.0,  0.0,    ,  41.0,   18.0,   0.0,   1.0,     1.0,    20.0, -3.0   ,     0.0,     0.0,     0.0,     0.0,     0.0,     8.0
gillibi01, 1977,     1, CIN , WHA , R  , 54.0, 10.0,  14.0,  24.0,  59.0, -13.0,  1.0,     ,  0.0,     ,     ,    ,  80.0,       ,      ,      ,        ,        ,        ,        ,        ,        ,        ,        ,      
gillibi01, 1978,     1, CIN , WHA , C  , 74.0, 17.0,  26.0,  43.0,  54.0, 6.0  ,  2.0,     ,  0.0,     ,     ,    ,  95.0,    3.0,   1.0,   0.0,     1.0,     0.0, -3.0   ,        ,        ,        ,        ,     0.0,      
gillicl01, 1974,     1, NYI , NHL , L  , 80.0, 25.0,  22.0,  47.0,  66.0, -4.0 ,  8.0,     ,  0.0,     ,  4.0, 3.0, 165.0,   17.0,   4.0,   2.0,     6.0,    36.0,        ,     0.0,        ,     0.0,        ,     2.0,      
gillicl01, 1975,     1, NYI , NHL , L  , 80.0, 34.0,  27.0,  61.0,  96.0, 20.0 , 15.0,     ,  0.0,     ,  6.0, 0.0, 210.0,   13.0,   2.0,   4.0,     6.0,    16.0,        ,     0.0,        ,     0.0,        ,     1.0,      
gillicl01, 1976,     1, NYI , NHL , L  , 70.0, 33.0,  22.0,  55.0,  93.0, 18.0 , 12.0,     ,  0.0,     ,  5.0, 2.0, 215.0,   12.0,   4.0,   4.0,     8.0,    15.0,        ,     0.0,        ,     0.0,        ,     4.0,      
gillicl01, 1977,     1, NYI , NHL , L  , 80.0, 35.0,  50.0,  85.0,  76.0, 49.0 ,  9.0,     ,  0.0,     ,  2.0, 2.0, 277.0,    7.0,   2.0,   0.0,     2.0,    15.0,        ,     1.0,        ,     0.0,        ,     0.0,      
gillicl01, 1978,     1, NYI , NHL , L  , 75.0, 35.0,  56.0,  91.0,  68.0, 57.0 , 11.0,     ,  0.0,     ,  5.0, 1.0, 210.0,   10.0,   1.0,   2.0,     3.0,    11.0,        ,     0.0,        ,     0.0,        ,     0.0,      
gillicl01, 1979,     1, NYI , NHL , L  , 73.0, 19.0,  35.0,  54.0,  49.0, 29.0 ,  7.0,     ,  0.0,     ,  5.0, 0.0, 175.0,   21.0,   6.0,  10.0,    16.0,    63.0,        ,     1.0,        ,     0.0,        ,     2.0,      
gillicl01, 1980,     1, NYI , NHL , L  , 80.0, 33.0,  45.0,  78.0,  99.0, 26.0 ,  9.0,     ,  0.0,     ,  3.0, 2.0, 188.0,   18.0,   6.0,   9.0,    15.0,    28.0,        ,     3.0,        ,     0.0,        ,     0.0,      
gillicl01, 1981,     1, NYI , NHL , L  , 79.0, 38.0,  39.0,  77.0,  75.0, 39.0 ,  8.0,     ,  0.0,     ,  5.0, 1.0, 200.0,   19.0,   8.0,   6.0,    14.0,    34.0,        ,     4.0,        ,     0.0,        ,     3.0,      
gillicl01, 1982,     1, NYI , NHL , L  , 70.0, 21.0,  20.0,  41.0,  76.0, 9.0  ,  4.0,     ,  0.0,     ,  2.0, 2.0, 145.0,    8.0,   0.0,   2.0,     2.0,    10.0,        ,     0.0,        ,     0.0,        ,     0.0,      
gillicl01, 1983,     1, NYI , NHL , L  , 76.0, 12.0,  16.0,  28.0,  65.0, 5.0  ,  3.0,     ,  0.0,     ,  2.0, 0.0, 138.0,   21.0,  12.0,   7.0,    19.0,    19.0, 2.0    ,     3.0,        ,     0.0,        ,     0.0,    41.0
gillicl01, 1984,     1, NYI , NHL , L  , 54.0, 15.0,  17.0,  32.0,  73.0, 0.0  ,  5.0,     ,  0.0,     ,  2.0, 0.0, 125.0,   10.0,   1.0,   0.0,     1.0,     9.0, 0.0    ,     0.0,        ,     0.0,        ,     0.0,    13.0
gillicl01, 1985,     1, NYI , NHL , L  , 55.0,  4.0,  10.0,  14.0,  55.0, -8.0 ,  1.0,     ,  0.0,     ,  0.0, 0.0,  74.0,    3.0,   1.0,   0.0,     1.0,     6.0, -2.0   ,     0.0,        ,     0.0,        ,     0.0,     7.0
gillicl01, 1986,     1, BUF , NHL , L  , 61.0, 10.0,  17.0,  27.0,  81.0, 0.0  ,  1.0,     ,  0.0,     ,  2.0, 0.0, 106.0,       ,      ,      ,        ,        ,        ,        ,        ,        ,        ,        ,      
gillicl01, 1987,     1, BUF , NHL , L  , 25.0,  5.0,   2.0,   7.0,  51.0, 1.0  ,  0.0,  0.0,  0.0,  0.0,  1.0, 0.0,  23.0,    5.0,   0.0,   1.0,     1.0,    25.0, -3.0   ,     0.0,     0.0,     0.0,     0.0,     0.0,     5.0
gillico01, 2008,     1, MIN , NHL , C  , 45.0,  2.0,   5.0,   7.0,  18.0, -2.0 ,  0.0,  1.0,  0.0,  0.0,  1.0,    ,  22.0,       ,      ,      ,        ,        ,        ,        ,        ,        ,        ,        ,      
gillifa01, 1928,     1, DTC , NHL , F  ,  1.0,  0.0,   0.0,   0.0,   0.0,      ,     ,     ,     ,     ,     ,    ,      ,       ,      ,      ,        ,        ,        ,        ,        ,        ,        ,        ,      
gillije01, 1977,     1, VAN , NHL , L  , 79.0, 23.0,  18.0,  41.0,  35.0, -24.0,  2.0,     ,  0.0,     ,  2.0, 1.0, 154.0,       ,      ,      ,        ,        ,        ,        ,        ,        ,        ,        ,      
gillije01, 1978,     1, VAN , NHL , L  , 78.0, 13.0,  12.0,  25.0,  33.0, -31.0,  4.0,     ,  0.0,     ,  3.0, 2.0, 143.0,    1.0,   0.0,   1.0,     1.0,     0.0,        ,     0.0,        ,     0.0,        ,     0.0,      
gillije01, 1979,     1, VAN , NHL , L  , 67.0, 13.0,  17.0,  30.0, 108.0, 0.0  ,  5.0,     ,  1.0,     ,  5.0, 1.0, 130.0,       ,      ,      ,        ,        ,        ,        ,        ,        ,        ,        ,      
gillije01, 1980,     1, VAN , NHL , L  , 11.0,  0.0,   4.0,   4.0,   4.0, 0.0  ,  0.0,     ,  0.0,     ,  0.0, 0.0,  11.0,       ,      ,      ,        ,        ,        ,        ,        ,        ,        ,        ,      
gillije01, 1980,     2, NYR , NHL , L  , 35.0, 10.0,  10.0,  20.0,   4.0, 6.0  ,  1.0,     ,  0.0,     ,  1.0, 0.0,  63.0,   14.0,   2.0,   5.0,     7.0,     9.0,        ,     0.0,        ,     0.0,        ,     0.0,      
gillije01, 1981,     1, NYR , NHL , L  , 26.0,  3.0,   9.0,  12.0,  16.0, -2.0 ,  0.0,     ,  0.0,     ,  1.0, 0.0,  41.0,       ,      ,      ,        ,        ,        ,        ,        ,        ,        ,        ,      
gillije01, 1981,     2, QUE , NHL , L  , 12.0,  2.0,   1.0,   3.0,   0.0, 2.0  ,  0.0,     ,  0.0,     ,  1.0, 0.0,  16.0,       ,      ,      ,        ,        ,        ,        ,        ,        ,        ,        ,      
gillije01, 1982,     1, BUF , NHL , L  ,  3.0,  0.0,   0.0,   0.0,   0.0, -6.0 ,  0.0,     ,  0.0,     ,  0.0, 0.0,   3.0,       ,      ,      ,        ,        ,        ,        ,        ,        ,        ,        ,      
gillije01, 1983,     1, VAN , NHL , L  , 37.0,  9.0,  13.0,  22.0,   7.0, 2.0  ,  0.0,     ,  1.0,     ,  0.0, 1.0,  55.0,    4.0,   2.0,   1.0,     3.0,     0.0, 4.0    ,     0.0,        ,     0.0,        ,     0.0,     9.0
gillije01, 1984,     1, VAN , NHL , L  , 37.0,  5.0,  11.0,  16.0,  23.0, -7.0 ,  0.0,     ,  0.0,     ,  1.0, 0.0,  56.0,       ,      ,      ,        ,        ,        ,        ,        ,        ,        ,        ,      
gillije01, 1986,     1, PHI , NHL , L  ,  1.0,  0.0,   0.0,   0.0,   0.0, 0.0  ,  0.0,     ,  0.0,     ,  0.0, 0.0,   0.0,       ,      ,      ,        ,        ,        ,        ,        ,        ,        ,        ,      
gillimi01, 1978,     1, COR , NHL , L  , 30.0,  1.0,   7.0,   8.0,   6.0, -18.0,  0.0,     ,  0.0,     ,  0.0, 0.0,  54.0,       ,      ,      ,        ,        ,        ,        ,        ,        ,        ,        ,      
gillimi01, 1979,     1, COR , NHL , L  , 40.0,  4.0,   5.0,   9.0,  22.0, -18.0,  1.0,     ,  0.0,     ,  0.0, 0.0,  56.0,       ,      ,      ,        ,        ,        ,        ,        ,        ,        ,        ,      
gillimi01, 1980,     1, COR , NHL , L  , 51.0, 11.0,   7.0,  18.0,  54.0, -21.0,  1.0,     ,  0.0,     ,  2.0, 0.0,  78.0,       ,      ,      ,        ,        ,        ,        ,        ,        ,        ,        ,      
gillimi01, 1980,     2, BOS , NHL , L  , 17.0,  2.0,   4.0,   6.0,  15.0, -2.0 ,  0.0,     ,  0.0,     ,  0.0, 0.0,  26.0,    1.0,   0.0,   0.0,     0.0,     0.0,        ,     0.0,        ,     0.0,        ,     0.0,      
gillimi01, 1981,     1, BOS , NHL , L  , 53.0,  9.0,   8.0,  17.0,  54.0, 10.0 ,  0.0,     ,  0.0,     ,  0.0, 0.0,  66.0,   11.0,   1.0,   2.0,     3.0,     6.0,        ,     0.0,        ,     0.0,        ,     0.0,      
gillimi01, 1982,     1, BOS , NHL , L  ,  5.0,  0.0,   1.0,   1.0,   0.0, 1.0  ,  0.0,     ,  0.0,     ,  0.0, 0.0,   2.0,   12.0,   1.0,   3.0,     4.0,     2.0,        ,     0.0,        ,     0.0,        ,     0.0,      
gillimi01, 1983,     1, BOS , NHL , L  , 50.0,  6.0,  11.0,  17.0,  35.0, -7.0 ,  0.0,     ,  0.0,     ,  1.0, 0.0,  59.0,    3.0,   0.0,   0.0,     0.0,     2.0, -2.0   ,     0.0,        ,     0.0,        ,     0.0,     3.0
gillipa01, 1982,     1, QUE , NHL , C  ,  7.0,  0.0,   2.0,   2.0,   2.0, -1.0 ,  0.0,     ,  0.0,     ,  0.0, 0.0,   1.0,       ,      ,      ,        ,        ,        ,        ,        ,        ,        ,        ,      
gillipa01, 1983,     1, QUE , NHL , C  , 57.0,  8.0,   9.0,  17.0,  59.0, 10.0 ,  0.0,     ,  0.0,     ,  1.0, 0.0,  58.0,    1.0,   0.0,   0.0,     0.0,     2.0, 0.0    ,     0.0,        ,     0.0,        ,     0.0,     0.0
gillipa01, 1984,     1, QUE , NHL , C  , 77.0, 14.0,  28.0,  42.0, 168.0, 12.0 ,  0.0,     ,  0.0,     ,  3.0, 0.0, 104.0,   18.0,   1.0,   7.0,     8.0,    73.0, 1.0    ,     0.0,        ,     0.0,        ,     0.0,    25.0
gillipa01, 1985,     1, QUE , NHL , C  , 80.0, 19.0,  24.0,  43.0, 203.0, -2.0 ,  0.0,     ,  2.0,     ,  2.0, 0.0, 136.0,    3.0,   0.0,   2.0,     2.0,    14.0, 0.0    ,     0.0,        ,     0.0,        ,     0.0,     6.0
gillipa01, 1986,     1, QUE , NHL , C  , 76.0, 13.0,  26.0,  39.0, 267.0, -5.0 ,  0.0,     ,  0.0,     ,  3.0, 0.0, 118.0,   13.0,   2.0,   4.0,     6.0,    65.0, 3.0    ,     0.0,        ,     0.0,        ,     0.0,    13.0
gillipa01, 1987,     1, QUE , NHL , C  , 80.0,  7.0,  10.0,  17.0, 164.0, -29.0,  1.0,  2.0,  0.0,  1.0,  0.0, 0.0,  82.0,       ,      ,      ,        ,        ,        ,        ,        ,        ,        ,        ,      
gillipa01, 1988,     1, QUE , NHL , C  , 79.0, 15.0,  25.0,  40.0, 163.0, -14.0,  5.0,  4.0,  0.0,  4.0,  1.0, 0.0,  97.0,       ,      ,      ,        ,        ,        ,        ,        ,        ,        ,        ,      
gillipa01, 1989,     1, QUE , NHL , L  , 71.0,  8.0,  14.0,  22.0, 234.0, -24.0,  0.0,  1.0,  1.0,  1.0,  0.0, 0.0,  68.0,       ,      ,      ,        ,        ,        ,        ,        ,        ,        ,        ,      
gillipa01, 1990,     1, QUE , NHL , C  , 49.0,  3.0,   8.0,  11.0,  91.0, -19.0,  0.0,  0.0,  1.0,  0.0,  0.0, 0.0,  57.0,       ,      ,      ,        ,        ,        ,        ,        ,        ,        ,        ,      
gillipa01, 1990,     2, CHI , NHL , C  , 13.0,  0.0,   5.0,   5.0,  53.0, 1.0  ,  0.0,  0.0,  0.0,  0.0,  0.0, 0.0,   9.0,    2.0,   0.0,   0.0,     0.0,     2.0, 1.0    ,     0.0,     0.0,     0.0,     0.0,     0.0,     0.0
gillipa01, 1991,     1, CHI , NHL , C  ,  2.0,  0.0,   0.0,   0.0,   6.0, -3.0 ,  0.0,  0.0,  0.0,  0.0,  0.0, 0.0,   1.0,       ,      ,      ,        ,        ,        ,        ,        ,        ,        ,        ,      
gillipa01, 1991,     2, HAR , NHL , C  , 12.0,  0.0,   2.0,   2.0,  48.0, 0.0  ,  0.0,  0.0,  0.0,  0.0,  0.0, 0.0,   6.0,    5.0,   0.0,   1.0,     1.0,     0.0, 1.0    ,     0.0,     0.0,     0.0,     0.0,     0.0,     2.0
gillipa01, 1992,     1, HAR , NHL , C  , 21.0,  1.0,   1.0,   2.0,  40.0, -2.0 ,  0.0,  0.0,  0.0,  0.0,  0.0, 0.0,   8.0,       ,      ,      ,        ,        ,        ,        ,        ,        ,        ,        ,      
gillitr01, 2005,     1, ANA , NHL , L  ,  1.0,  0.0,   0.0,   0.0,  21.0, 0.0  ,  0.0,  0.0,  0.0,  0.0,  0.0,    ,   1.0,       ,      ,      ,        ,        ,        ,        ,        ,        ,        ,        ,      
gillitr01, 2009,     1, NYI , NHL , L  , 14.0,  0.0,   1.0,   1.0,  75.0, -2.0 ,  0.0,  0.0,  0.0,  0.0,  0.0,    ,   6.0,       ,      ,      ,        ,        ,        ,        ,        ,        ,        ,        ,      
gilloru01, 1972,     1, LAS , WHA , G  , 38.0,  0.0,   0.0,   0.0,   6.0,      ,  0.0,     ,  0.0,     ,     ,    ,      ,    5.0,   0.0,   0.0,     0.0,     0.0,        ,     0.0,        ,     0.0,        ,     0.0,      
gilloru01, 1973,     1, LAS , WHA , G  , 18.0,  0.0,   0.0,   0.0,   2.0,      ,  0.0,     ,  0.0,     ,  0.0,    ,      ,       ,      ,      ,        ,        ,        ,        ,        ,        ,        ,        ,      
gilloru01, 1974,     1, SDM , WHA , G  , 30.0,  0.0,   1.0,   1.0,   4.0,      ,  0.0,     ,  0.0,     ,  0.0,    ,   0.0,    3.0,   0.0,   0.0,     0.0,     0.0,        ,     0.0,        ,     0.0,        ,     0.0,      
gilloru01, 1975,     1, SDM , WHA , G  , 23.0,  0.0,   0.0,   0.0,   0.0, 0.0  ,  0.0,     ,  0.0,     ,  0.0,    ,   0.0,    1.0,   0.0,   0.0,     0.0,     0.0, 0.0    ,        ,        ,        ,        ,        ,      
gillto01 , 1984,     1, TOR , NHL , D  , 10.0,  1.0,   0.0,   1.0,  13.0, -1.0 ,  0.0,     ,  0.0,     ,  0.0, 0.0,   9.0,       ,      ,      ,        ,        ,        ,        ,        ,        ,        ,        ,      
gillto01 , 1985,     1, TOR , NHL , D  , 15.0,  1.0,   2.0,   3.0,  28.0, 0.0  ,  0.0,     ,  0.0,     ,  0.0, 0.0,   9.0,    1.0,   0.0,   0.0,     0.0,     0.0, 0.0    ,     0.0,        ,     0.0,        ,     0.0,     1.0
gillto01 , 1986,     1, TOR , NHL , D  , 61.0,  4.0,  27.0,  31.0,  92.0, -3.0 ,  1.0,     ,  0.0,     ,  0.0, 0.0,  51.0,   13.0,   2.0,   2.0,     4.0,    42.0, 2.0    ,     0.0,        ,     0.0,        ,     0.0,    15.0
gillto01 , 1987,     1, TOR , NHL , D  , 65.0,  8.0,  17.0,  25.0, 131.0, -20.0,  1.0,  3.0,  0.0,  0.0,  3.0, 0.0, 109.0,    6.0,   1.0,   3.0,     4.0,    20.0, 1.0    ,     1.0,     1.0,     0.0,     1.0,     0.0,     9.0
gillto01 , 1988,     1, TOR , NHL , D  , 59.0, 11.0,  14.0,  25.0,  72.0, -3.0 ,  0.0,  3.0,  0.0,  0.0,  1.0, 0.0,  92.0,       ,      ,      ,        ,        ,        ,        ,        ,        ,        ,        ,      
gillto01 , 1989,     1, TOR , NHL , D  , 48.0,  1.0,  14.0,  15.0,  92.0, -8.0 ,  0.0,  1.0,  0.0,  0.0,  0.0, 0.0,  44.0,    5.0,   0.0,   3.0,     3.0,    16.0, 0.0    ,     0.0,     2.0,     0.0,     0.0,     0.0,     7.0
gillto01 , 1990,     1, TOR , NHL , D  , 72.0,  2.0,  22.0,  24.0, 113.0, -4.0 ,  0.0,  3.0,  0.0,  0.0,  0.0, 0.0,  90.0,       ,      ,      ,        ,        ,        ,        ,        ,        ,        ,        ,      
gillto01 , 1991,     1, TOR , NHL , D  , 74.0,  2.0,  15.0,  17.0,  91.0, -22.0,  1.0,  2.0,  0.0,  1.0,  0.0, 0.0,  82.0,       ,      ,      ,        ,        ,        ,        ,        ,        ,        ,        ,      
gillto01 , 1992,     1, TOR , NHL , D  , 69.0, 11.0,  32.0,  43.0,  66.0, 4.0  ,  5.0, 18.0,  0.0,  0.0,  2.0, 0.0, 113.0,   21.0,   1.0,  10.0,    11.0,    26.0, 1.0    ,     0.0,     5.0,     0.0,     0.0,     0.0,    41.0
gillto01 , 1993,     1, TOR , NHL , D  , 45.0,  4.0,  24.0,  28.0,  44.0, 8.0  ,  2.0, 12.0,  0.0,  1.0,  1.0, 0.0,  74.0,   18.0,   1.0,   5.0,     6.0,    37.0, 1.0    ,     0.0,     1.0,     0.0,     0.0,     1.0,    20.0
gillto01 , 1994,     1, TOR , NHL , D  , 47.0,  7.0,  25.0,  32.0,  64.0, -8.0 ,  3.0,  9.0,  1.0,  0.0,  2.0, 0.0,  82.0,    7.0,   0.0,   3.0,     3.0,     6.0, -4.0   ,     0.0,     2.0,     0.0,     0.0,     0.0,    16.0
gillto01 , 1995,     1, TOR , NHL , D  , 74.0,  7.0,  18.0,  25.0, 116.0, -15.0,  1.0,  3.0,  0.0,  2.0,  2.0, 0.0, 109.0,    6.0,   0.0,   0.0,     0.0,    24.0, -2.0   ,     0.0,     0.0,     0.0,     0.0,     0.0,     9.0
gillto01 , 1996,     1, SJS , NHL , D  , 79.0,  0.0,  21.0,  21.0, 101.0, -20.0,  0.0,  5.0,  0.0,  0.0,  0.0, 0.0, 101.0,       ,      ,      ,        ,        ,        ,        ,        ,        ,        ,        ,      
gillto01 , 1997,     1, SJS , NHL , D  , 64.0,  8.0,  13.0,  21.0,  31.0, -13.0,  4.0,  8.0,  0.0,  0.0,  1.0, 0.0, 100.0,       ,      ,      ,        ,        ,        ,        ,        ,        ,        ,        ,      
gillto01 , 1997,     2, STL , NHL , D  , 11.0,  5.0,   4.0,   9.0,  10.0, 2.0  ,  3.0,  1.0,  0.0,  0.0,  1.0, 0.0,  22.0,   10.0,   2.0,   2.0,     4.0,    10.0, -3.0   ,     1.0,     2.0,     1.0,     0.0,     0.0,    16.0
gillto01 , 1998,     1, STL , NHL , D  , 28.0,  2.0,   3.0,   5.0,  16.0, -6.0 ,  1.0,  0.0,  0.0,  0.0,  0.0, 1.0,  36.0,       ,      ,      ,        ,        ,        ,        ,        ,        ,        ,        ,      
gillto01 , 1998,     2, DET , NHL , D  , 23.0,  2.0,   2.0,   4.0,  11.0, -4.0 ,  0.0,  0.0,  0.0,  0.0,  1.0, 0.0,  25.0,    2.0,   0.0,   1.0,     1.0,     0.0, 0.0    ,     0.0,     0.0,     0.0,     0.0,     0.0,     3.0
gillto01 , 1999,     1, PHO , NHL , D  , 41.0,  1.0,   6.0,   7.0,  30.0, -10.0,  0.0,  0.0,  0.0,  0.0,  1.0, 0.0,  41.0,       ,      ,      ,        ,        ,        ,        ,        ,        ,        ,        ,      
gillto01 , 1999,     2, DET , NHL , D  , 13.0,  2.0,   0.0,   2.0,  15.0, 2.0  ,  0.0,  0.0,  0.0,  0.0,  1.0, 0.0,  20.0,    9.0,   0.0,   1.0,     1.0,     4.0, 2.0    ,     0.0,     0.0,     0.0,     0.0,     0.0,     7.0
gillto01 , 2000,     1, DET , NHL , D  , 68.0,  3.0,   8.0,  11.0,  53.0, 17.0 ,  0.0,  3.0,  1.0,  0.0,  0.0, 0.0,  66.0,    5.0,   0.0,   0.0,     0.0,     8.0, -5.0   ,     0.0,     0.0,     0.0,     0.0,     0.0,     4.0
gillto01 , 2001,     1, COL , NHL , D  , 36.0,  0.0,   4.0,   4.0,  25.0, 3.0  ,  0.0,  0.0,  0.0,  0.0,  0.0, 0.0,  26.0,       ,      ,      ,        ,        ,        ,        ,        ,        ,        ,        ,      
gillto01 , 2002,     1, CHI , NHL , D  ,  5.0,  0.0,   1.0,   1.0,   0.0, 3.0  ,  0.0,  0.0,  0.0,  0.0,  0.0, 0.0,   9.0,       ,      ,      ,        ,        ,        ,        ,        ,        ,        ,        ,      
gilmobi01, 1915,     1, OT1 , NHA ,    ,  2.0,  1.0,   0.0,   1.0,   0.0,      ,     ,     ,     ,     ,     ,    ,      ,       ,      ,      ,        ,        ,        ,        ,        ,        ,        ,        ,      
gilmoda01, 1975,     1, CAC , WHA , L  ,  1.0,  0.0,   0.0,   0.0,   0.0, -2.0 ,  0.0,     ,  0.0,     ,  0.0,    ,   0.0,       ,      ,      ,        ,        ,        ,        ,        ,        ,        ,        ,      
gilmodo01, 1983,     1, STL , NHL , C  , 80.0, 25.0,  28.0,  53.0,  57.0, 6.0  ,  3.0,     ,  1.0,     ,  1.0, 0.0, 157.0,   11.0,   2.0,   9.0,    11.0,    10.0, 2.0    ,     1.0,        ,     0.0,        ,     1.0,    20.0
gilmodo01, 1984,     1, STL , NHL , C  , 78.0, 21.0,  36.0,  57.0,  49.0, 3.0  ,  3.0,     ,  1.0,     ,  3.0, 3.0, 162.0,    3.0,   1.0,   1.0,     2.0,     2.0, -4.0   ,     0.0,        ,     0.0,        ,     0.0,    13.0
gilmodo01, 1985,     1, STL , NHL , C  , 74.0, 25.0,  28.0,  53.0,  41.0, -3.0 ,  2.0,     ,  1.0,     ,  5.0, 0.0, 183.0,   19.0,   9.0,  12.0,    21.0,    25.0, 3.0    ,     1.0,        ,     2.0,        ,     2.0,    55.0
gilmodo01, 1986,     1, STL , NHL , C  , 80.0, 42.0,  63.0, 105.0,  58.0, -2.0 , 17.0,     ,  1.0,     ,  2.0, 1.0, 207.0,    6.0,   2.0,   2.0,     4.0,    16.0, 1.0    ,     1.0,        ,     0.0,        ,     1.0,    14.0
gilmodo01, 1987,     1, STL , NHL , C  , 72.0, 36.0,  50.0,  86.0,  59.0, -13.0, 19.0, 25.0,  2.0,  1.0,  4.0, 1.0, 163.0,   10.0,   3.0,  14.0,    17.0,    18.0, 3.0    ,     1.0,     6.0,     0.0,     1.0,     0.0,    18.0
gilmodo01, 1988,     1, CAL , NHL , C  , 72.0, 26.0,  59.0,  85.0,  44.0, 45.0 , 11.0, 15.0,  0.0,  3.0,  5.0, 1.0, 161.0,   22.0,  11.0,  11.0,    22.0,    20.0, 12.0   ,     3.0,     3.0,     0.0,     0.0,     3.0,    49.0
gilmodo01, 1989,     1, CAL , NHL , C  , 78.0, 24.0,  67.0,  91.0,  54.0, 20.0 , 12.0, 24.0,  1.0,  3.0,  3.0, 1.0, 152.0,    6.0,   3.0,   1.0,     4.0,     8.0, -6.0   ,     0.0,     0.0,     0.0,     1.0,     1.0,    12.0
gilmodo01, 1990,     1, CAL , NHL , C  , 78.0, 20.0,  61.0,  81.0, 144.0, 27.0 ,  2.0, 15.0,  2.0,  3.0,  5.0, 0.0, 135.0,    7.0,   1.0,   1.0,     2.0,     0.0, 1.0    ,     0.0,     1.0,     0.0,     0.0,     1.0,    11.0
gilmodo01, 1991,     1, CAL , NHL , C  , 38.0, 11.0,  27.0,  38.0,  46.0, 12.0 ,  4.0, 10.0,  1.0,  0.0,  1.0, 0.0,  64.0,       ,      ,      ,        ,        ,        ,        ,        ,        ,        ,        ,      
gilmodo01, 1991,     2, TOR , NHL , C  , 40.0, 15.0,  34.0,  49.0,  32.0, 13.0 ,  6.0,  9.0,  0.0,  1.0,  3.0, 1.0, 104.0,       ,      ,      ,        ,        ,        ,        ,        ,        ,        ,        ,      
gilmodo01, 1992,     1, TOR , NHL , C  , 83.0, 32.0,  95.0, 127.0, 100.0, 32.0 , 15.0, 44.0,  3.0,  2.0,  2.0, 2.0, 211.0,   21.0,  10.0,  25.0,    35.0,    30.0, 16.0   ,     4.0,     8.0,     0.0,     0.0,     1.0,    51.0
gilmodo01, 1993,     1, TOR , NHL , C  , 83.0, 27.0,  84.0, 111.0, 105.0, 25.0 , 10.0, 30.0,  1.0,  4.0,  3.0, 2.0, 167.0,   18.0,   6.0,  22.0,    28.0,    42.0, 3.0    ,     5.0,    11.0,     0.0,     2.0,     1.0,    31.0
gilmodo01, 1994,     1, TOR , NHL , C  , 44.0, 10.0,  23.0,  33.0,  26.0, -5.0 ,  3.0, 12.0,  0.0,  0.0,  1.0, 1.0,  73.0,    7.0,   0.0,   6.0,     6.0,     6.0, 2.0    ,     0.0,     5.0,     0.0,     0.0,     0.0,     8.0
gilmodo01, 1995,     1, TOR , NHL , C  , 81.0, 32.0,  40.0,  72.0,  77.0, -5.0 , 10.0, 19.0,  2.0,  2.0,  3.0, 0.0, 180.0,    6.0,   1.0,   7.0,     8.0,    12.0, -4.0   ,     1.0,     4.0,     0.0,     1.0,     0.0,    15.0
gilmodo01, 1996,     1, TOR , NHL , C  , 61.0, 15.0,  45.0,  60.0,  46.0, -5.0 ,  2.0, 15.0,  1.0,  0.0,  1.0, 0.0, 103.0,       ,      ,      ,        ,        ,        ,        ,        ,        ,        ,        ,      
gilmodo01, 1996,     2, NJD , NHL , C  , 20.0,  7.0,  15.0,  22.0,  22.0, 7.0  ,  2.0,  3.0,  0.0,  0.0,  0.0, 1.0,  40.0,   10.0,   0.0,   4.0,     4.0,    14.0, -2.0   ,     0.0,     2.0,     0.0,     1.0,     0.0,    21.0
gilmodo01, 1997,     1, NJD , NHL , C  , 63.0, 13.0,  40.0,  53.0,  68.0, 10.0 ,  3.0, 20.0,  0.0,  1.0,  5.0, 0.0,  94.0,    6.0,   5.0,   2.0,     7.0,     4.0, 4.0    ,     1.0,     1.0,     0.0,     1.0,     1.0,    12.0
gilmodo01, 1998,     1, CHI , NHL , C  , 72.0, 16.0,  40.0,  56.0,  56.0, -16.0,  7.0, 13.0,  1.0,  0.0,  4.0, 0.0, 110.0,       ,      ,      ,        ,        ,        ,        ,        ,        ,        ,        ,      
gilmodo01, 1999,     1, CHI , NHL , C  , 63.0, 22.0,  34.0,  56.0,  51.0, -12.0,  8.0, 12.0,  0.0,  0.0,  3.0, 1.0, 100.0,       ,      ,      ,        ,        ,        ,        ,        ,        ,        ,        ,      
gilmodo01, 1999,     2, BUF , NHL , C  , 11.0,  3.0,  14.0,  17.0,  12.0, 3.0  ,  2.0,  1.0,  0.0,  0.0,  0.0, 0.0,  13.0,    5.0,   0.0,   1.0,     1.0,     0.0, -1.0   ,     0.0,     0.0,     0.0,     0.0,     0.0,     3.0
gilmodo01, 2000,     1, BUF , NHL , L  , 71.0,  7.0,  31.0,  38.0,  70.0, 3.0  ,  4.0, 11.0,  0.0,  0.0,  0.0, 0.0,  91.0,   13.0,   2.0,   4.0,     6.0,    12.0, -1.0   ,     1.0,     2.0,     0.0,     0.0,     1.0,    17.0
gilmodo01, 2001,     1, MTL , NHL , C  , 70.0, 10.0,  31.0,  41.0,  48.0, -7.0 ,  5.0,  7.0,  0.0,  0.0,  2.0, 0.0,  78.0,   12.0,   4.0,   6.0,    10.0,    16.0, -2.0   ,     1.0,     2.0,     0.0,     0.0,     0.0,    17.0
gilmodo01, 2002,     1, MTL , NHL , C  , 61.0, 11.0,  19.0,  30.0,  36.0, -6.0 ,  3.0,  6.0,  0.0,  0.0,  0.0, 0.0,  85.0,       ,      ,      ,        ,        ,        ,        ,        ,        ,        ,        ,      
gilmodo01, 2002,     2, TOR , NHL , C  ,  1.0,  0.0,   0.0,   0.0,   0.0, 0.0  ,  0.0,  0.0,  0.0,  0.0,  0.0, 0.0,   0.0,       ,      ,      ,        ,        ,        ,        ,        ,        ,        ,        ,      
gilmola01, 1909,     1, REN , NHA ,    ,  2.0,  0.0,   0.0,   0.0,   6.0,      ,     ,     ,     ,     ,     ,    ,      ,       ,      ,      ,        ,        ,        ,        ,        ,        ,        ,        ,      
gilmola01, 1910,     1, REN , NHA ,    ,  6.0,  0.0,   0.0,   0.0,  31.0,      ,     ,     ,     ,     ,     ,    ,      ,       ,      ,      ,        ,        ,        ,        ,        ,        ,        ,        ,      
gilmoto01, 1972,     1, LAS , WHA , L  , 71.0, 17.0,  18.0,  35.0, 191.0,      ,  6.0,     ,  0.0,     ,     ,    ,      ,    5.0,   1.0,   3.0,     4.0,     2.0,        ,     0.0,        ,     0.0,        ,     0.0,      
gilmoto01, 1973,     1, EDO , WHA , R  , 57.0, 19.0,  23.0,  42.0, 164.0,      ,  2.0,     ,  0.0,     ,  2.0,    ,      ,    5.0,   1.0,   4.0,     5.0,    15.0,        ,        ,        ,        ,        ,     0.0,      
gilmoto01, 1974,     1, EDO , WHA , R  , 74.0, 12.0,  19.0,  31.0,  84.0, -22.0,  0.0,     ,  0.0,     ,     ,    , 140.0,       ,      ,      ,        ,        ,        ,        ,        ,        ,        ,        ,      
gilroma01, 2009,     1, NYR , NHL , D  , 69.0,  4.0,  11.0,  15.0,  23.0, 0.0  ,  0.0,  3.0,  0.0,  0.0,  1.0,    ,  82.0,       ,      ,      ,        ,        ,        ,        ,        ,        ,        ,        ,      
gimaejr01, 1977,     1, SOV , WHA , C  ,  8.0,  1.0,   0.0,   1.0,  24.0,      ,     ,     ,     ,     ,     ,    ,      ,       ,      ,      ,        ,        ,        ,        ,        ,        ,        ,        ,      
gimaejr01, 1978,     1, SOV , WHA ,    ,  6.0,  2.0,   3.0,   5.0,   9.0,      ,     ,     ,     ,     ,     ,    ,      ,       ,      ,      ,        ,        ,        ,        ,        ,        ,        ,        ,      
gimaese01, 1977,     1, SOV , WHA ,    ,  6.0,  0.0,   0.0,   0.0,   4.0,      ,     ,     ,     ,     ,     ,    ,      ,       ,      ,      ,        ,        ,        ,        ,        ,        ,        ,        ,      
gimaese01, 1978,     1, SOV , WHA ,    ,  6.0,  3.0,   2.0,   5.0,  10.0,      ,     ,     ,     ,     ,     ,    ,      ,       ,      ,      ,        ,        ,        ,        ,        ,        ,        ,        ,      
gingrga01, 1978,     1, BIR , WHA , D  , 60.0, 13.0,  21.0,  34.0,  35.0, 1.0  ,  0.0,     ,  2.0,     ,     ,    , 138.0,       ,      ,      ,        ,        ,        ,        ,        ,        ,        ,        ,      
gingrga01, 1979,     1, MTL , NHL , D  , 34.0,  3.0,   7.0,  10.0,  18.0, 11.0 ,  2.0,     ,  0.0,     ,  1.0, 0.0,  60.0,   10.0,   1.0,   6.0,     7.0,     8.0,        ,     0.0,        ,     0.0,        ,     0.0,      
gingrga01, 1980,     1, MTL , NHL , D  , 55.0,  5.0,  16.0,  21.0,  22.0, 5.0  ,  3.0,     ,  0.0,     ,  1.0, 0.0, 133.0,    1.0,   1.0,   0.0,     1.0,     0.0,        ,     1.0,        ,     0.0,        ,     0.0,      
gingrga01, 1981,     1, MTL , NHL , D  , 34.0,  6.0,  18.0,  24.0,  28.0, 10.0 ,  3.0,     ,  0.0,     ,  3.0, 0.0,  89.0,    5.0,   0.0,   1.0,     1.0,     0.0,        ,     0.0,        ,     0.0,        ,     0.0,      
gingrga01, 1982,     1, MTL , NHL , D  , 22.0,  1.0,   8.0,   9.0,   8.0, 10.0 ,  1.0,     ,  0.0,     ,  1.0, 0.0,  60.0,       ,      ,      ,        ,        ,        ,        ,        ,        ,        ,        ,      
gingrga01, 1982,     2, TOR , NHL , D  , 45.0, 10.0,  18.0,  28.0,  10.0, 7.0  ,  4.0,     ,  0.0,     ,  1.0, 0.0,  95.0,    3.0,   1.0,   2.0,     3.0,     2.0,        ,     0.0,        ,     0.0,        ,     0.0,      
gingrga01, 1983,     1, TOR , NHL , D  , 59.0,  7.0,  20.0,  27.0,  16.0, -30.0,  4.0,     ,  0.0,     ,  0.0, 0.0, 125.0,       ,      ,      ,        ,        ,        ,        ,        ,        ,        ,        ,      
gingrga01, 1984,     1, TOR , NHL , D  ,  5.0,  0.0,   2.0,   2.0,   0.0, -7.0 ,  0.0,     ,  0.0,     ,  0.0, 0.0,  17.0,       ,      ,      ,        ,        ,        ,        ,        ,        ,        ,        ,      
gingrga01, 1985,     1, MTL , NHL , D  , 34.0,  8.0,  18.0,  26.0,  12.0, -10.0,  7.0,     ,  0.0,     ,  0.0, 0.0,  77.0,   11.0,   2.0,   3.0,     5.0,     4.0, 1.0    ,     1.0,        ,     0.0,        ,     0.0,    37.0
gingrga01, 1986,     1, MTL , NHL , D  , 66.0, 11.0,  34.0,  45.0,  21.0, -2.0 ,  7.0,     ,  0.0,     ,  2.0, 0.0, 173.0,    5.0,   0.0,   2.0,     2.0,     0.0, -2.0   ,     0.0,        ,     0.0,        ,     0.0,     8.0
gingrga01, 1987,     1, MTL , NHL , D  ,  2.0,  0.0,   1.0,   1.0,   2.0, 1.0  ,  0.0,     ,  0.0,  0.0,  0.0, 0.0,   2.0,       ,      ,      ,        ,        ,        ,        ,        ,        ,        ,        ,      
gingrga01, 1987,     2, STL , NHL , D  , 68.0,  7.0,  22.0,  29.0,  18.0, 0.0  ,  3.0,     ,  0.0,  0.0,  0.0, 0.0, 131.0,   10.0,   1.0,   3.0,     4.0,     4.0, -1.0   ,     0.0,     1.0,     0.0,     0.0,     0.0,    29.0
gingrga01, 1988,     1, STL , NHL , D  , 52.0,  3.0,  10.0,  13.0,   6.0, 1.0  ,  2.0,  7.0,  0.0,  0.0,  0.0, 0.0,  98.0,    7.0,   0.0,   1.0,     1.0,     2.0, -2.0   ,     0.0,     1.0,     0.0,     0.0,     0.0,    18.0
giontbr01, 2001,     1, NJD , NHL , R  , 33.0,  4.0,   7.0,  11.0,   8.0, 10.0 ,  0.0,  0.0,  0.0,  0.0,  0.0, 0.0,  58.0,    6.0,   2.0,   2.0,     4.0,     0.0, -1.0   ,     0.0,     2.0,     1.0,     0.0,     2.0,    16.0
giontbr01, 2002,     1, NJD , NHL , R  , 58.0, 12.0,  13.0,  25.0,  23.0, 5.0  ,  2.0,  1.0,  0.0,  0.0,  3.0, 0.0, 129.0,   24.0,   1.0,   8.0,     9.0,     6.0, 5.0    ,     0.0,     0.0,     0.0,     0.0,     0.0,    59.0
giontbr01, 2003,     1, NJD , NHL , R  , 75.0, 21.0,   8.0,  29.0,  36.0, 19.0 ,  0.0,  3.0,  0.0,  0.0,  8.0, 1.0, 174.0,    5.0,   2.0,   3.0,     5.0,     0.0, -2.0   ,     1.0,     2.0,     0.0,     0.0,     0.0,     9.0
giontbr01, 2005,     1, NJD , NHL , R  , 82.0, 48.0,  41.0,  89.0,  46.0, 18.0 , 24.0, 10.0,  1.0,  0.0, 10.0,    , 291.0,    9.0,   3.0,   4.0,     7.0,     2.0, -1.0   ,     1.0,     3.0,     1.0,     0.0,     2.0,    29.0
giontbr01, 2006,     1, NJD , NHL , R  , 62.0, 25.0,  20.0,  45.0,  36.0, -3.0 , 11.0,  7.0,  0.0,  0.0,  4.0,    , 194.0,   11.0,   8.0,   1.0,     9.0,     4.0, 5.0    ,     3.0,     1.0,     0.0,     0.0,     1.0,    37.0
giontbr01, 2007,     1, NJD , NHL , R  , 82.0, 22.0,  31.0,  53.0,  46.0, 1.0  ,  8.0, 13.0,  1.0,  0.0,  4.0,    , 257.0,    5.0,   1.0,   0.0,     1.0,     2.0, -2.0   ,     0.0,     0.0,     0.0,     0.0,     0.0,    14.0
giontbr01, 2008,     1, NJD , NHL , R  , 81.0, 20.0,  40.0,  60.0,  32.0, 12.0 ,  3.0,  8.0,  3.0,  1.0,  1.0,    , 248.0,    7.0,   2.0,   3.0,     5.0,     4.0, 0.0    ,     0.0,     1.0,     0.0,     0.0,     0.0,    23.0
giontbr01, 2009,     1, MTL , NHL , R  , 61.0, 28.0,  18.0,  46.0,  26.0, 3.0  , 10.0,  6.0,  0.0,  0.0,  3.0,    , 237.0,   19.0,   9.0,   6.0,    15.0,    14.0, -6.0   ,     4.0,     1.0,     0.0,     0.0,     1.0,    70.0
giordma01, 2005,     1, CAL , NHL , D  ,  7.0,  0.0,   1.0,   1.0,   8.0, 2.0  ,  0.0,  1.0,  0.0,  0.0,  0.0,    ,   5.0,       ,      ,      ,        ,        ,        ,        ,        ,        ,        ,        ,      
giordma01, 2006,     1, CAL , NHL , D  , 48.0,  7.0,   8.0,  15.0,  36.0, 7.0  ,  3.0,  2.0,  0.0,  0.0,  2.0,    ,  49.0,    4.0,   1.0,   0.0,     1.0,     0.0, -1.0   ,     1.0,     0.0,     0.0,     0.0,     0.0,     3.0
giordma01, 2008,     1, CAL , NHL , D  , 58.0,  2.0,  17.0,  19.0,  59.0, 2.0  ,  2.0,  4.0,  0.0,  0.0,  0.0,    ,  82.0,       ,      ,      ,        ,        ,        ,        ,        ,        ,        ,        ,      
giordma01, 2009,     1, CAL , NHL , D  , 82.0, 11.0,  19.0,  30.0,  81.0, 17.0 ,  5.0,  9.0,  0.0,  0.0,  1.0,    , 111.0,       ,      ,      ,        ,        ,        ,        ,        ,        ,        ,        ,      
girarbo01, 1975,     1, CLF , NHL , L  , 80.0, 16.0,  26.0,  42.0,  54.0, -3.0 ,  3.0,     ,  0.0,     ,  1.0, 0.0, 137.0,       ,      ,      ,        ,        ,        ,        ,        ,        ,        ,        ,      
girarbo01, 1976,     1, CLE , NHL , L  , 68.0, 11.0,  10.0,  21.0,  33.0, -24.0,  1.0,     ,  1.0,     ,  1.0, 1.0, 101.0,       ,      ,      ,        ,        ,        ,        ,        ,        ,        ,        ,      
girarbo01, 1977,     1, CLE , NHL , L  , 25.0,  0.0,   4.0,   4.0,  11.0, -8.0 ,  0.0,     ,  0.0,     ,  0.0, 0.0,  24.0,       ,      ,      ,        ,        ,        ,        ,        ,        ,        ,        ,      
girarbo01, 1977,     2, WAS , NHL , L  , 52.0,  9.0,  14.0,  23.0,   6.0, -3.0 ,  1.0,     ,  0.0,     ,  2.0, 0.0,  42.0,       ,      ,      ,        ,        ,        ,        ,        ,        ,        ,        ,      
girarbo01, 1978,     1, WAS , NHL , L  , 79.0,  9.0,  15.0,  24.0,  36.0, -15.0,  0.0,     ,  0.0,     ,  0.0, 1.0,  59.0,       ,      ,      ,        ,        ,        ,        ,        ,        ,        ,        ,      
girarbo01, 1979,     1, WAS , NHL , L  ,  1.0,  0.0,   0.0,   0.0,   0.0, 0.0  ,  0.0,     ,  0.0,     ,  0.0, 0.0,   0.0,       ,      ,      ,        ,        ,        ,        ,        ,        ,        ,        ,      
girarda01, 2006,     1, NYR , NHL , D  , 34.0,  0.0,   6.0,   6.0,   8.0, 7.0  ,  0.0,  0.0,  0.0,  1.0,  0.0,    ,  33.0,   10.0,   0.0,   0.0,     0.0,     4.0, -4.0   ,     0.0,     0.0,     0.0,     0.0,     0.0,     7.0
girarda01, 2007,     1, NYR , NHL , D  , 82.0, 10.0,  18.0,  28.0,  14.0, 0.0  ,  5.0,  6.0,  0.0,  1.0,  1.0,    , 147.0,   10.0,   0.0,   3.0,     3.0,     6.0, 1.0    ,     0.0,     1.0,     0.0,     1.0,     0.0,    14.0
girarda01, 2008,     1, NYR , NHL , D  , 82.0,  4.0,  18.0,  22.0,  53.0, -14.0,  2.0,  5.0,  0.0,  0.0,  1.0,    , 122.0,    7.0,   0.0,   0.0,     0.0,     6.0, -3.0   ,     0.0,     0.0,     0.0,     0.0,     0.0,    12.0
girarda01, 2009,     1, NYR , NHL , D  , 82.0,  6.0,  18.0,  24.0,  53.0, -2.0 ,  1.0,  3.0,  1.0,  0.0,  1.0,    , 108.0,       ,      ,      ,        ,        ,        ,        ,        ,        ,        ,        ,      
girarjo01, 1998,     1, BOS , NHL , D  ,  3.0,  0.0,   0.0,   0.0,   0.0, 1.0  ,  0.0,  0.0,  0.0,  0.0,  0.0, 0.0,   3.0,       ,      ,      ,        ,        ,        ,        ,        ,        ,        ,        ,      
girarjo01, 1999,     1, BOS , NHL , D  , 23.0,  1.0,   2.0,   3.0,   2.0, -1.0 ,  0.0,  0.0,  0.0,  0.0,  0.0, 0.0,  17.0,       ,      ,      ,        ,        ,        ,        ,        ,        ,        ,        ,      
girarjo01, 2000,     1, BOS , NHL , D  , 31.0,  3.0,  13.0,  16.0,  14.0, 2.0  ,  2.0,  5.0,  0.0,  0.0,  1.0, 0.0,  42.0,       ,      ,      ,        ,        ,        ,        ,        ,        ,        ,        ,      
girarjo01, 2001,     1, BOS , NHL , D  , 20.0,  0.0,   3.0,   3.0,   9.0, 0.0  ,  0.0,  3.0,  0.0,  0.0,  0.0, 0.0,  28.0,    1.0,   0.0,   0.0,     0.0,     2.0, 0.0    ,     0.0,     0.0,     0.0,     0.0,     0.0,     1.0
girarjo01, 2002,     1, BOS , NHL , D  , 73.0,  6.0,  16.0,  22.0,  21.0, 4.0  ,  2.0,  6.0,  0.0,  1.0,  2.0, 0.0, 123.0,    2.0,   0.0,   1.0,     1.0,     0.0, -1.0   ,     0.0,     1.0,     0.0,     0.0,     0.0,     4.0
girarke01, 1956,     1, TOR , NHL , R  ,  3.0,  0.0,   1.0,   1.0,   2.0,      ,     ,     ,     ,     ,     ,    ,      ,       ,      ,      ,        ,        ,        ,        ,        ,        ,        ,        ,      
girarke01, 1957,     1, TOR , NHL , R  ,  3.0,  0.0,   0.0,   0.0,   0.0,      ,     ,     ,     ,     ,     ,    ,      ,       ,      ,      ,        ,        ,        ,        ,        ,        ,        ,        ,      
girarke01, 1959,     1, TOR , NHL , R  ,  1.0,  0.0,   0.0,   0.0,   0.0,      ,     ,     ,     ,     ,     ,    ,      ,       ,      ,      ,        ,        ,        ,        ,        ,        ,        ,        ,      
giroual01, 2005,     1, NYR , NHL , L  ,  1.0,  0.0,   0.0,   0.0,   0.0, -1.0 ,  0.0,  0.0,  0.0,  0.0,  0.0,    ,   0.0,       ,      ,      ,        ,        ,        ,        ,        ,        ,        ,        ,      
giroual01, 2006,     1, WAS , NHL , C  ,  9.0,  2.0,   2.0,   4.0,   2.0, -4.0 ,  0.0,  1.0,  0.0,  0.0,  0.0,    ,  11.0,       ,      ,      ,        ,        ,        ,        ,        ,        ,        ,        ,      
giroual01, 2008,     1, WAS , NHL , L  , 12.0,  1.0,   1.0,   2.0,  10.0, 4.0  ,  0.0,  0.0,  0.0,  0.0,  1.0,    ,  20.0,       ,      ,      ,        ,        ,        ,        ,        ,        ,        ,        ,      
giroual01, 2009,     1, WAS , NHL , C  ,  9.0,  1.0,   2.0,   3.0,   4.0, 3.0  ,  0.0,  0.0,  0.0,  0.0,  0.0,    ,  17.0,       ,      ,      ,        ,        ,        ,        ,        ,        ,        ,        ,      
girouar01, 1932,     1, MTL , NHL , R  , 40.0,  5.0,   2.0,   7.0,  14.0,      ,     ,     ,     ,     ,     ,    ,      ,    2.0,   0.0,   0.0,     0.0,     0.0,        ,        ,        ,        ,        ,        ,      
girouar01, 1934,     1, BOS , NHL , R  , 10.0,  1.0,   0.0,   1.0,   0.0,      ,     ,     ,     ,     ,     ,    ,      ,       ,      ,      ,        ,        ,        ,        ,        ,        ,        ,        ,      
girouar01, 1935,     1, DET , NHL , R  ,  4.0,  0.0,   2.0,   2.0,   0.0,      ,     ,     ,     ,     ,     ,    ,      ,       ,      ,      ,        ,        ,        ,        ,        ,        ,        ,        ,      
giroucl01, 2007,     1, PHI , NHL , R  ,  2.0,  0.0,   0.0,   0.0,   0.0, -2.0 ,  0.0,  0.0,  0.0,  0.0,  0.0,    ,   2.0,       ,      ,      ,        ,        ,        ,        ,        ,        ,        ,        ,      
giroucl01, 2008,     1, PHI , NHL , R  , 42.0,  9.0,  18.0,  27.0,  14.0, 10.0 ,  2.0,  4.0,  0.0,  0.0,  0.0,    ,  67.0,    6.0,   2.0,   3.0,     5.0,     6.0, 2.0    ,     0.0,     0.0,     0.0,     1.0,     0.0,     9.0
giroucl01, 2009,     1, PHI , NHL , R  , 82.0, 16.0,  31.0,  47.0,  23.0, -9.0 ,  8.0, 13.0,  0.0,  0.0,  2.0,    , 145.0,   23.0,  10.0,  11.0,    21.0,     4.0, 7.0    ,     3.0,     4.0,     0.0,     1.0,     2.0,    47.0
giroula01, 1973,     1, STL , NHL , D  , 74.0,  5.0,  17.0,  22.0,  59.0, -14.0,  2.0,     ,  0.0,     ,  1.0, 0.0, 131.0,       ,      ,      ,        ,        ,        ,        ,        ,        ,        ,        ,      
giroula01, 1974,     1, KCS , NHL , D  , 21.0,  0.0,   6.0,   6.0,  24.0, -20.0,  0.0,     ,  0.0,     ,  0.0, 0.0,  27.0,       ,      ,      ,        ,        ,        ,        ,        ,        ,        ,        ,      
giroula01, 1974,     2, DET , NHL , D  , 39.0,  2.0,  20.0,  22.0,  60.0, -10.0,  1.0,     ,  0.0,     ,  1.0, 0.0,  56.0,       ,      ,      ,        ,        ,        ,        ,        ,        ,        ,        ,      
giroula01, 1975,     1, DET , NHL , D  , 10.0,  1.0,   1.0,   2.0,  25.0, -10.0,  0.0,     ,  0.0,     ,  0.0, 0.0,   9.0,       ,      ,      ,        ,        ,        ,        ,        ,        ,        ,        ,      
giroula01, 1976,     1, DET , NHL , D  ,  2.0,  0.0,   0.0,   0.0,   2.0, 0.0  ,  0.0,     ,  0.0,     ,  0.0, 0.0,   7.0,       ,      ,      ,        ,        ,        ,        ,        ,        ,        ,        ,      
giroula01, 1977,     1, DET , NHL , D  ,  5.0,  0.0,   3.0,   3.0,   4.0, -5.0 ,  0.0,     ,  0.0,     ,  0.0, 0.0,  10.0,    2.0,   0.0,   0.0,     0.0,     2.0,        ,     0.0,        ,     0.0,        ,     0.0,      
giroula01, 1978,     1, STL , NHL , D  , 73.0,  5.0,  22.0,  27.0, 111.0, -25.0,  0.0,     ,  0.0,     ,  1.0, 0.0, 107.0,       ,      ,      ,        ,        ,        ,        ,        ,        ,        ,        ,      
giroula01, 1979,     1, STL , NHL , D  ,  3.0,  0.0,   0.0,   0.0,   4.0, -3.0 ,  0.0,     ,  0.0,     ,  0.0, 0.0,   6.0,       ,      ,      ,        ,        ,        ,        ,        ,        ,        ,        ,      
giroula01, 1979,     2, HAR , NHL , D  , 47.0,  2.0,   5.0,   7.0,  44.0, 1.0  ,  0.0,     ,  0.0,     ,  0.0, 1.0,  63.0,    3.0,   0.0,   0.0,     0.0,     2.0,        ,     0.0,        ,     0.0,        ,     0.0,      
giroupi01, 1982,     1, LAK , NHL , C  ,  6.0,  1.0,   0.0,   1.0,  17.0, -1.0 ,  0.0,     ,  0.0,     ,  0.0, 1.0,   1.0,       ,      ,      ,        ,        ,        ,        ,        ,        ,        ,        ,      
giroura01, 1999,     1, NYI , NHL , D  , 14.0,  0.0,   9.0,   9.0,  10.0, 0.0  ,  0.0,  7.0,  0.0,  0.0,  0.0, 0.0,  24.0,       ,      ,      ,        ,        ,        ,        ,        ,        ,        ,        ,      
giroura01, 2001,     1, NYI , NHL , D  ,  2.0,  0.0,   0.0,   0.0,   2.0, -1.0 ,  0.0,  0.0,  0.0,  0.0,  0.0, 0.0,   2.0,       ,      ,      ,        ,        ,        ,        ,        ,        ,        ,        ,      
giroura01, 2002,     1, NJD , NHL , D  , 11.0,  0.0,   1.0,   1.0,   6.0, -2.0 ,  0.0,  0.0,  0.0,  0.0,  0.0, 0.0,  20.0,       ,      ,      ,        ,        ,        ,        ,        ,        ,        ,        ,      
giroura01, 2003,     1, NJD , NHL , D  , 11.0,  0.0,   3.0,   3.0,   4.0, -3.0 ,  0.0,  3.0,  0.0,  0.0,  0.0, 0.0,  17.0,    4.0,   0.0,   0.0,     0.0,     0.0, 1.0    ,     0.0,     0.0,     0.0,     0.0,     0.0,     3.0
giroure01, 1972,     1, QUN , WHA , R  , 59.0, 10.0,  12.0,  22.0,  41.0,      ,  4.0,     ,  0.0,     ,     ,    ,      ,       ,      ,      ,        ,        ,        ,        ,        ,        ,        ,        ,      
giroure01, 1973,     1, QUN , WHA , R  , 12.0,  5.0,   6.0,  11.0,  14.0,      ,  0.0,     ,  0.0,     ,  1.0,    ,      ,       ,      ,      ,        ,        ,        ,        ,        ,        ,        ,        ,      
giulije01, 2005,     1, LAK , NHL , L  , 48.0,  3.0,   4.0,   7.0,  26.0, 0.0  ,  0.0,  0.0,  0.0,  0.0,  2.0,    ,  32.0,       ,      ,      ,        ,        ,        ,        ,        ,        ,        ,        ,      
giulije01, 2007,     1, LAK , NHL , L  , 53.0,  0.0,   6.0,   6.0,  14.0, -9.0 ,  0.0,  0.0,  0.0,  1.0,  0.0,    ,  30.0,       ,      ,      ,        ,        ,        ,        ,        ,        ,        ,        ,      
givenda01, 1974,     1, VAB , WHA , R  ,  1.0,  0.0,   0.0,   0.0,   0.0,      ,  0.0,     ,  0.0,     ,  0.0,    ,   0.0,       ,      ,      ,        ,        ,        ,        ,        ,        ,        ,        ,      
gladnbo01, 1982,     1, LAK , NHL , D  ,  1.0,  0.0,   0.0,   0.0,   2.0, -2.0 ,  0.0,     ,  0.0,     ,  0.0, 0.0,   2.0,       ,      ,      ,        ,        ,        ,        ,        ,        ,        ,        ,      
gladnbo01, 1983,     1, PIT , NHL , D  , 13.0,  1.0,   5.0,   6.0,   2.0, -1.0 ,  0.0,     ,  0.0,     ,  0.0, 0.0,  15.0,       ,      ,      ,        ,        ,        ,        ,        ,        ,        ,        ,      
gladuje01, 1944,     1, BOS , NHL , L  , 40.0,  6.0,  14.0,  20.0,   2.0,      ,     ,     ,     ,     ,     ,    ,      ,    7.0,   2.0,   2.0,     4.0,     0.0,        ,        ,        ,        ,        ,        ,      
glasspu01, 1909,     1, MOW , NHA ,    , 12.0, 15.0,   0.0,  15.0,  38.0,      ,     ,     ,     ,     ,     ,    ,      ,       ,      ,      ,        ,        ,        ,        ,        ,        ,        ,        ,      
glasspu01, 1910,     1, MOW , NHA ,    , 16.0, 17.0,   0.0,  17.0,  31.0,      ,     ,     ,     ,     ,     ,    ,      ,       ,      ,      ,        ,        ,        ,        ,        ,        ,        ,        ,      
glasspu01, 1911,     1, MOC , NHA ,    , 16.0,  8.0,   0.0,   8.0,  25.0,      ,     ,     ,     ,     ,     ,    ,      ,       ,      ,      ,        ,        ,        ,        ,        ,        ,        ,        ,      
glassta01, 2007,     1, FLO , NHL , L  , 41.0,  1.0,   1.0,   2.0,  39.0, -5.0 ,  0.0,  0.0,  0.0,  0.0,  0.0,    ,  11.0,       ,      ,      ,        ,        ,        ,        ,        ,        ,        ,        ,      
glassta01, 2008,     1, FLO , NHL , L  ,  3.0,  0.0,   0.0,   0.0,   7.0, 0.0  ,  0.0,  0.0,  0.0,  0.0,  0.0,    ,   1.0,       ,      ,      ,        ,        ,        ,        ,        ,        ,        ,        ,      
glassta01, 2009,     1, VAN , NHL , L  , 67.0,  4.0,   7.0,  11.0, 115.0, 5.0  ,  0.0,  0.0,  0.0,  0.0,  0.0,    ,  52.0,    4.0,   0.0,   0.0,     0.0,     0.0, 0.0    ,     0.0,     0.0,     0.0,     0.0,     0.0,     0.0
gleasti01, 2003,     1, LAK , NHL , D  , 47.0,  0.0,   7.0,   7.0,  21.0, 1.0  ,  0.0,  0.0,  0.0,  0.0,  0.0, 0.0,  45.0,       ,      ,      ,        ,        ,        ,        ,        ,        ,        ,        ,      
gleasti01, 2005,     1, LAK , NHL , D  , 78.0,  2.0,  19.0,  21.0,  77.0, 0.0  ,  0.0,  0.0,  0.0,  2.0,  0.0,    ,  72.0,       ,      ,      ,        ,        ,        ,        ,        ,        ,        ,        ,      
gleasti01, 2006,     1, CAR , NHL , D  , 57.0,  2.0,   4.0,   6.0,  57.0, -10.0,  1.0,  1.0,  0.0,  1.0,  0.0,    ,  72.0,       ,      ,      ,        ,        ,        ,        ,        ,        ,        ,        ,      
gleasti01, 2007,     1, CAR , NHL , D  , 80.0,  3.0,  16.0,  19.0,  84.0, 5.0  ,  0.0,  1.0,  0.0,  2.0,  0.0,    ,  98.0,       ,      ,      ,        ,        ,        ,        ,        ,        ,        ,        ,      
gleasti01, 2008,     1, CAR , NHL , D  , 70.0,  0.0,  12.0,  12.0,  68.0, 3.0  ,  0.0,  1.0,  0.0,  1.0,  0.0,    ,  61.0,   18.0,   1.0,   4.0,     5.0,    32.0, -2.0   ,     0.0,     0.0,     0.0,     0.0,     1.0,    11.0
gleasti01, 2009,     1, CAR , NHL , D  , 61.0,  5.0,  14.0,  19.0,  78.0, 0.0  ,  1.0,  5.0,  1.0,  1.0,  0.0,    ,  76.0,       ,      ,      ,        ,        ,        ,        ,        ,        ,        ,        ,      
glenccu01, 2006,     1, AND , NHL , L  ,  2.0,  1.0,   0.0,   1.0,   2.0, -1.0 ,  0.0,  0.0,  0.0,  0.0,  0.0,    ,   5.0,       ,      ,      ,        ,        ,        ,        ,        ,        ,        ,        ,      
glenccu01, 2006,     2, CBS , NHL , L  ,  7.0,  0.0,   0.0,   0.0,   0.0, -4.0 ,  0.0,  0.0,  0.0,  0.0,  0.0,    ,   3.0,       ,      ,      ,        ,        ,        ,        ,        ,        ,        ,        ,      
glenccu01, 2007,     1, CBS , NHL , L  , 36.0,  6.0,   6.0,  12.0,  25.0, 3.0  ,  1.0,  1.0,  0.0,  0.0,  1.0,    ,  63.0,       ,      ,      ,        ,        ,        ,        ,        ,        ,        ,        ,      
glenccu01, 2007,     2, EDM , NHL , L  , 26.0,  9.0,   4.0,  13.0,  28.0, 5.0  ,  0.0,  0.0,  0.0,  0.0,  0.0,    ,  41.0,       ,      ,      ,        ,        ,        ,        ,        ,        ,        ,        ,      
glenccu01, 2008,     1, CAL , NHL , L  , 74.0, 13.0,  27.0,  40.0,  42.0, 14.0 ,  1.0,  4.0,  1.0,  0.0,  3.0,    , 152.0,    6.0,   0.0,   3.0,     3.0,    12.0, -1.0   ,     0.0,     0.0,     0.0,     0.0,     0.0,     8.0
glenccu01, 2009,     1, CAL , NHL , L  , 67.0, 15.0,  18.0,  33.0,  58.0, 11.0 ,  2.0,  2.0,  3.0,  1.0,  2.0,    , 117.0,       ,      ,      ,        ,        ,        ,        ,        ,        ,        ,        ,      
glennbr01, 1969,     1, TOR , NHL , D  , 52.0,  1.0,  14.0,  15.0,  50.0, -4.0 ,  0.0,     ,  0.0,     ,  0.0, 1.0,  44.0,       ,      ,      ,        ,        ,        ,        ,        ,        ,        ,        ,      
glennbr01, 1970,     1, TOR , NHL , D  , 54.0,  0.0,   8.0,   8.0,  31.0, -1.0 ,  0.0,     ,  0.0,     ,  0.0, 0.0,  42.0,    3.0,   0.0,   0.0,     0.0,     0.0,        ,     0.0,        ,     0.0,        ,     0.0,      
glennbr01, 1971,     1, TOR , NHL , D  , 61.0,  2.0,   8.0,  10.0,  44.0, 11.0 ,  0.0,     ,  0.0,     ,  1.0, 0.0,  80.0,    5.0,   0.0,   0.0,     0.0,    25.0,        ,     0.0,        ,     0.0,        ,     0.0,      
glennbr01, 1972,     1, TOR , NHL , D  , 44.0,  1.0,  10.0,  11.0,  54.0, 2.0  ,  0.0,     ,  0.0,     ,  0.0, 0.0,  74.0,       ,      ,      ,        ,        ,        ,        ,        ,        ,        ,        ,      
glennbr01, 1973,     1, TOR , NHL , D  , 65.0,  4.0,  18.0,  22.0, 100.0, 27.0 ,  1.0,     ,  1.0,     ,  0.0, 0.0,  65.0,    3.0,   0.0,   0.0,     0.0,    10.0,        ,     0.0,        ,     0.0,        ,     0.0,      
glennbr01, 1974,     1, TOR , NHL , D  , 63.0,  1.0,   7.0,   8.0, 110.0, -5.0 ,  0.0,     ,  0.0,     ,  0.0, 0.0,  55.0,       ,      ,      ,        ,        ,        ,        ,        ,        ,        ,        ,      
glennbr01, 1975,     1, TOR , NHL , D  , 69.0,  0.0,   8.0,   8.0,  75.0, 10.0 ,  0.0,     ,  0.0,     ,  0.0, 0.0,  65.0,    6.0,   0.0,   1.0,     1.0,    15.0,        ,     0.0,        ,     0.0,        ,     0.0,      
glennbr01, 1976,     1, TOR , NHL , D  , 69.0,  1.0,  10.0,  11.0,  73.0, -1.0 ,  0.0,     ,  0.0,     ,  0.0, 0.0,  63.0,    2.0,   0.0,   0.0,     0.0,     0.0,        ,     0.0,        ,     0.0,        ,     0.0,      
glennbr01, 1977,     1, TOR , NHL , D  , 77.0,  2.0,  15.0,  17.0,  62.0, 24.0 ,  0.0,     ,  0.0,     ,  0.0, 0.0,  64.0,   13.0,   0.0,   0.0,     0.0,    16.0,        ,     0.0,        ,     0.0,        ,     0.0,      
glennbr01, 1978,     1, LAK , NHL , D  , 18.0,  2.0,   2.0,   4.0,  22.0, 2.0  ,  0.0,     ,  0.0,     ,  1.0, 0.0,  11.0,       ,      ,      ,        ,        ,        ,        ,        ,        ,        ,        ,      
glennma01, 1991,     1, BOS , NHL , L  ,  3.0,  0.0,   0.0,   0.0,   2.0, 0.0  ,  0.0,  0.0,  0.0,  0.0,  0.0, 0.0,   2.0,       ,      ,      ,        ,        ,        ,        ,        ,        ,        ,        ,      
glenwbr01, 1972,     1, CHC , WHA , L  , 50.0,  2.0,   5.0,   7.0,   0.0,      ,  0.0,     ,  0.0,     ,     ,    ,      ,       ,      ,      ,        ,        ,        ,        ,        ,        ,        ,        ,      
glenwbr01, 1973,     1, CHC , WHA , L  , 15.0,  3.0,   2.0,   5.0,   0.0,      ,  0.0,     ,  0.0,     ,  1.0,    ,      ,       ,      ,      ,        ,        ,        ,        ,        ,        ,        ,        ,      
globeal01, 1972,     1, QUN , WHA , D  ,  3.0,  0.0,   0.0,   0.0,   0.0,      ,  0.0,     ,  0.0,     ,     ,    ,      ,       ,      ,      ,        ,        ,        ,        ,        ,        ,        ,        ,      
globeal01, 1974,     1, QUN , WHA , D  ,  5.0,  0.0,   0.0,   0.0,   5.0,      ,  0.0,     ,  0.0,     ,  0.0,    ,   2.0,    2.0,   1.0,   0.0,     1.0,     0.0,        ,        ,        ,        ,        ,     0.0,      
globeal01, 1975,     1, QUN , WHA , D  , 34.0,  1.0,   2.0,   3.0,  13.0, -2.0 ,  0.0,     ,  0.0,     ,  0.0,    ,   7.0,       ,      ,      ,        ,        ,        ,        ,        ,        ,        ,        ,      
globkro01, 2005,     1, FLO , NHL , R  , 18.0,  1.0,   0.0,   1.0,   6.0, 0.0  ,  0.0,  0.0,  0.0,  0.0,  0.0,    ,  18.0,       ,      ,      ,        ,        ,        ,        ,        ,        ,        ,        ,      
globkro01, 2006,     1, FLO , NHL , C  , 19.0,  0.0,   1.0,   1.0,   0.0, -3.0 ,  0.0,  0.0,  0.0,  0.0,  0.0,    ,  15.0,       ,      ,      ,        ,        ,        ,        ,        ,        ,        ,        ,      
globkro01, 2007,     1, FLO , NHL , C  ,  9.0,  0.0,   0.0,   0.0,   2.0, -3.0 ,  0.0,  0.0,  0.0,  0.0,  0.0,    ,   4.0,       ,      ,      ,        ,        ,        ,        ,        ,        ,        ,        ,      
gloeclo01, 1978,     1, DET , NHL , D  , 13.0,  0.0,   2.0,   2.0,   6.0, -7.0 ,  0.0,     ,  0.0,     ,  0.0, 0.0,  13.0,       ,      ,      ,        ,        ,        ,        ,        ,        ,        ,        ,      
gloorda01, 1973,     1, VAN , NHL , C  ,  2.0,  0.0,   0.0,   0.0,   0.0, -2.0 ,  0.0,     ,  0.0,     ,  0.0, 0.0,   0.0,       ,      ,      ,        ,        ,        ,        ,        ,        ,        ,        ,      
glovefr01, 1948,     1, DET , NHL , R  ,     ,     ,      ,      ,      ,      ,     ,     ,     ,     ,     ,    ,      ,    2.0,   0.0,   0.0,     0.0,     0.0,        ,        ,        ,        ,        ,        ,      
glovefr01, 1949,     1, DET , NHL , C  ,  7.0,  0.0,   0.0,   0.0,   0.0,      ,     ,     ,     ,     ,     ,    ,      ,       ,      ,      ,        ,        ,        ,        ,        ,        ,        ,        ,      
glovefr01, 1950,     1, DET , NHL , R  ,     ,     ,      ,      ,      ,      ,     ,     ,     ,     ,     ,    ,      ,    6.0,   0.0,   0.0,     0.0,     0.0,        ,        ,        ,        ,        ,        ,      
glovefr01, 1951,     1, DET , NHL , L  , 54.0,  9.0,   9.0,  18.0,  25.0,      ,     ,     ,     ,     ,     ,    ,      ,       ,      ,      ,        ,        ,        ,        ,        ,        ,        ,        ,      
glovefr01, 1952,     1, CHI , NHL , C  , 31.0,  4.0,   2.0,   6.0,  37.0,      ,     ,     ,     ,     ,     ,    ,      ,       ,      ,      ,        ,        ,        ,        ,        ,        ,        ,        ,      
gloveho01, 1958,     1, CHI , NHL , R  , 13.0,  0.0,   1.0,   1.0,   2.0,      ,     ,     ,     ,     ,     ,    ,      ,       ,      ,      ,        ,        ,        ,        ,        ,        ,        ,        ,      
gloveho01, 1960,     1, DET , NHL , R  , 66.0, 21.0,   8.0,  29.0,  46.0,      ,     ,     ,     ,     ,     ,    ,      ,   11.0,   1.0,   2.0,     3.0,     2.0,        ,        ,        ,        ,        ,     0.0,      
gloveho01, 1961,     1, DET , NHL , R  , 39.0,  7.0,   8.0,  15.0,  44.0,      ,     ,     ,     ,     ,     ,    ,      ,       ,      ,      ,        ,        ,        ,        ,        ,        ,        ,        ,      
gloveho01, 1963,     1, NYR , NHL , R  , 25.0,  1.0,   0.0,   1.0,   9.0,      ,  0.0,     ,  0.0,     ,  0.0, 0.0,      ,       ,      ,      ,        ,        ,        ,        ,        ,        ,        ,        ,      
gloveho01, 1968,     1, MTL , NHL , R  ,  1.0,  0.0,   0.0,   0.0,   0.0, 0.0  ,  0.0,     ,  0.0,     ,  0.0, 0.0,   0.0,       ,      ,      ,        ,        ,        ,        ,        ,        ,        ,        ,      
glumami01, 2005,     1, STL , NHL , C  , 33.0,  7.0,   5.0,  12.0,  33.0, -8.0 ,  5.0,  1.0,  0.0,  0.0,  0.0,    ,  55.0,       ,      ,      ,        ,        ,        ,        ,        ,        ,        ,        ,      
glumami01, 2006,     1, STL , NHL , C  ,  3.0,  0.0,   1.0,   1.0,   0.0, 1.0  ,  0.0,  0.0,  0.0,  0.0,  0.0,    ,   4.0,       ,      ,      ,        ,        ,        ,        ,        ,        ,        ,        ,      
glumami01, 2007,     1, STL , NHL , R  ,  4.0,  0.0,   0.0,   0.0,   5.0, -1.0 ,  0.0,  0.0,  0.0,  0.0,  0.0,    ,   3.0,       ,      ,      ,        ,        ,        ,        ,        ,        ,        ,        ,      
glynnbr01, 1987,     1, CAL , NHL , D  , 67.0,  5.0,  14.0,  19.0,  87.0, -2.0 ,  4.0,  6.0,  0.0,  1.0,  1.0, 0.0,  84.0,    1.0,   0.0,   0.0,     0.0,     0.0, 1.0    ,     0.0,     0.0,     0.0,     0.0,     0.0,     0.0
glynnbr01, 1988,     1, CAL , NHL , D  ,  9.0,  0.0,   1.0,   1.0,  19.0, 1.0  ,  0.0,  0.0,  0.0,  0.0,  0.0, 0.0,   4.0,       ,      ,      ,        ,        ,        ,        ,        ,        ,        ,        ,      
glynnbr01, 1989,     1, CAL , NHL , D  ,  1.0,  0.0,   0.0,   0.0,   0.0, -1.0 ,  0.0,  0.0,  0.0,  0.0,  0.0, 0.0,   0.0,       ,      ,      ,        ,        ,        ,        ,        ,        ,        ,        ,      
glynnbr01, 1990,     1, MNS , NHL , D  , 66.0,  8.0,  11.0,  19.0,  83.0, -5.0 ,  3.0,  3.0,  0.0,  0.0,  0.0, 0.0, 111.0,   23.0,   2.0,   6.0,     8.0,    18.0, -8.0   ,     2.0,     3.0,     0.0,     0.0,     0.0,    43.0
glynnbr01, 1991,     1, MNS , NHL , D  , 37.0,  2.0,  12.0,  14.0,  24.0, -16.0,  0.0,  5.0,  0.0,  0.0,  0.0, 1.0,  53.0,       ,      ,      ,        ,        ,        ,        ,        ,        ,        ,        ,      
glynnbr01, 1991,     2, EDM , NHL , D  , 25.0,  2.0,   6.0,   8.0,   6.0, 11.0 ,  0.0,  2.0,  1.0,  0.0,  0.0, 0.0,  29.0,   16.0,   4.0,   1.0,     5.0,    12.0, 1.0    ,     1.0,     1.0,     0.0,     0.0,     1.0,    13.0
glynnbr01, 1992,     1, EDM , NHL , D  , 64.0,  4.0,  12.0,  16.0,  60.0, -13.0,  2.0,  5.0,  0.0,  1.0,  0.0, 0.0,  80.0,       ,      ,      ,        ,        ,        ,        ,        ,        ,        ,        ,      
glynnbr01, 1993,     1, OTT , NHL , D  , 48.0,  2.0,  13.0,  15.0,  41.0, -15.0,  1.0,  8.0,  0.0,  0.0,  0.0, 0.0,  66.0,       ,      ,      ,        ,        ,        ,        ,        ,        ,        ,        ,      
glynnbr01, 1993,     2, VAN , NHL , D  , 16.0,  0.0,   0.0,   0.0,  12.0, -4.0 ,  0.0,  0.0,  0.0,  0.0,  0.0, 0.0,   5.0,   17.0,   0.0,   3.0,     3.0,    10.0, 5.0    ,     0.0,     0.0,     0.0,     1.0,     0.0,    11.0
glynnbr01, 1994,     1, HAR , NHL , D  , 43.0,  1.0,   6.0,   7.0,  32.0, -2.0 ,  0.0,  1.0,  0.0,  0.0,  0.0, 0.0,  35.0,       ,      ,      ,        ,        ,        ,        ,        ,        ,        ,        ,      
glynnbr01, 1995,     1, HAR , NHL , D  , 54.0,  0.0,   4.0,   4.0,  44.0, -15.0,  0.0,  3.0,  0.0,  0.0,  0.0, 0.0,  46.0,       ,      ,      ,        ,        ,        ,        ,        ,        ,        ,        ,      
glynnbr01, 1996,     1, HAR , NHL , D  ,  1.0,  1.0,   0.0,   1.0,   2.0, 2.0  ,  0.0,  0.0,  0.0,  0.0,  0.0, 0.0,   2.0,       ,      ,      ,        ,        ,        ,        ,        ,        ,        ,        ,      
gocma01  , 2003,     1, SJS , NHL , C  ,     ,     ,      ,      ,      ,      ,     ,     ,     ,     ,     ,    ,      ,    5.0,   1.0,   1.0,     2.0,     0.0, 1.0    ,     0.0,     0.0,     0.0,     0.0,     1.0,     1.0
gocma01  , 2005,     1, SJS , NHL , C  , 81.0,  8.0,  14.0,  22.0,  22.0, -7.0 ,  2.0,  2.0,  0.0,  0.0,  2.0,    ,  96.0,   11.0,   0.0,   3.0,     3.0,     0.0, 0.0    ,     0.0,     0.0,     0.0,     0.0,     0.0,     9.0
gocma01  , 2006,     1, SJS , NHL , C  , 78.0,  5.0,   8.0,  13.0,  24.0, -2.0 ,  0.0,  0.0,  1.0,  0.0,  0.0,    ,  96.0,   11.0,   2.0,   1.0,     3.0,     4.0, 3.0    ,     0.0,     0.0,     0.0,     0.0,     0.0,    16.0
gocma01  , 2007,     1, SJS , NHL , C  , 51.0,  5.0,   3.0,   8.0,  12.0, -15.0,  0.0,  0.0,  0.0,  0.0,  0.0,    ,  87.0,    4.0,   0.0,   0.0,     0.0,     2.0, 1.0    ,     0.0,     0.0,     0.0,     0.0,     0.0,     5.0
gocma01  , 2008,     1, SJS , NHL , C  , 55.0,  2.0,   9.0,  11.0,  18.0, -6.0 ,  0.0,  0.0,  0.0,  0.0,  1.0,    , 104.0,    6.0,   0.0,   0.0,     0.0,     2.0, -2.0   ,     0.0,     0.0,     0.0,     0.0,     0.0,     7.0
gocma01  , 2009,     1, NAS , NHL , C  , 73.0, 12.0,  18.0,  30.0,  14.0, 10.0 ,  0.0,  0.0,  0.0,  0.0,  1.0,    , 118.0,    6.0,   0.0,   1.0,     1.0,     2.0, -2.0   ,     0.0,     0.0,     0.0,     0.0,     0.0,    13.0
gocsa01  , 2000,     1, NJD , NHL , D  , 11.0,  0.0,   0.0,   0.0,   4.0, 7.0  ,  0.0,  0.0,  0.0,  0.0,  0.0, 0.0,   7.0,       ,      ,      ,        ,        ,        ,        ,        ,        ,        ,        ,      
gocsa01  , 2001,     1, NJD , NHL , D  ,  2.0,  0.0,   0.0,   0.0,   0.0, -2.0 ,  0.0,  0.0,  0.0,  0.0,  0.0, 0.0,   2.0,       ,      ,      ,        ,        ,        ,        ,        ,        ,        ,        ,      
gocsa01  , 2001,     2, TBL , NHL , D  ,  9.0,  0.0,   0.0,   0.0,   0.0, 0.0  ,  0.0,  0.0,  0.0,  0.0,  0.0, 0.0,   2.0,       ,      ,      ,        ,        ,        ,        ,        ,        ,        ,        ,      
godarer01, 2002,     1, NYI , NHL , R  , 19.0,  0.0,   0.0,   0.0,  48.0, -3.0 ,  0.0,  0.0,  0.0,  0.0,  0.0, 0.0,   6.0,    2.0,   0.0,   1.0,     1.0,     4.0, 1.0    ,     0.0,     0.0,     0.0,     0.0,     0.0,     0.0
godarer01, 2003,     1, NYI , NHL , R  , 31.0,  0.0,   1.0,   1.0,  97.0, -2.0 ,  0.0,  0.0,  0.0,  0.0,  0.0, 0.0,   5.0,       ,      ,      ,        ,        ,        ,        ,        ,        ,        ,        ,      
godarer01, 2005,     1, NYI , NHL , R  , 57.0,  2.0,   2.0,   4.0, 115.0, -2.0 ,  0.0,  0.0,  0.0,  0.0,  0.0,    ,  17.0,       ,      ,      ,        ,        ,        ,        ,        ,        ,        ,        ,      
godarer01, 2006,     1, CAL , NHL , R  , 19.0,  0.0,   1.0,   1.0,  50.0, 0.0  ,  0.0,  0.0,  0.0,  0.0,  0.0,    ,   3.0,       ,      ,      ,        ,        ,        ,        ,        ,        ,        ,        ,      
godarer01, 2007,     1, CAL , NHL , R  , 74.0,  1.0,   1.0,   2.0, 171.0, -8.0 ,  0.0,  0.0,  0.0,  0.0,  1.0,    ,  14.0,    5.0,   0.0,   0.0,     0.0,     2.0, 0.0    ,     0.0,     0.0,     0.0,     0.0,     0.0,     1.0
godarer01, 2008,     1, PIT , NHL , R  , 71.0,  2.0,   2.0,   4.0, 171.0, -3.0 ,  0.0,  0.0,  0.0,  0.0,  0.0,    ,  20.0,       ,      ,      ,        ,        ,        ,        ,        ,        ,        ,        ,      
godarer01, 2009,     1, PIT , NHL , R  , 45.0,  1.0,   2.0,   3.0,  76.0, 2.0  ,  0.0,  0.0,  0.0,  0.0,  0.0,    ,  17.0,       ,      ,      ,        ,        ,        ,        ,        ,        ,        ,        ,      
goddeer01, 1981,     1, TOR , NHL , C  ,  5.0,  1.0,   1.0,   2.0,   6.0, 1.0  ,  0.0,     ,  0.0,     ,  0.0, 0.0,   5.0,       ,      ,      ,        ,        ,        ,        ,        ,        ,        ,        ,      
godfrwa01, 1952,     1, BOS , NHL , D  , 60.0,  1.0,  13.0,  14.0,  40.0,      ,     ,     ,     ,     ,     ,    ,      ,   11.0,   0.0,   1.0,     1.0,     2.0,        ,        ,        ,        ,        ,        ,      
godfrwa01, 1953,     1, BOS , NHL , D  , 70.0,  5.0,   9.0,  14.0,  71.0,      ,     ,     ,     ,     ,     ,    ,      ,    4.0,   0.0,   0.0,     0.0,     4.0,        ,        ,        ,        ,        ,        ,      
godfrwa01, 1954,     1, BOS , NHL , D  , 62.0,  1.0,  17.0,  18.0,  58.0,      ,     ,     ,     ,     ,     ,    ,      ,    3.0,   0.0,   0.0,     0.0,     0.0,        ,        ,        ,        ,        ,        ,      
godfrwa01, 1955,     1, DET , NHL , D  , 67.0,  2.0,   6.0,   8.0,  86.0,      ,     ,     ,     ,     ,     ,    ,      ,       ,      ,      ,        ,        ,        ,        ,        ,        ,        ,        ,      
godfrwa01, 1956,     1, DET , NHL , D  , 69.0,  1.0,   8.0,   9.0, 103.0,      ,     ,     ,     ,     ,     ,    ,      ,    5.0,   0.0,   0.0,     0.0,     6.0,        ,        ,        ,        ,        ,        ,      
godfrwa01, 1957,     1, DET , NHL , D  , 67.0,  2.0,  16.0,  18.0,  56.0,      ,     ,     ,     ,     ,     ,    ,      ,    4.0,   0.0,   0.0,     0.0,     0.0,        ,        ,        ,        ,        ,        ,      
godfrwa01, 1958,     1, DET , NHL , D  , 69.0,  6.0,   4.0,  10.0,  44.0,      ,     ,     ,     ,     ,     ,    ,      ,       ,      ,      ,        ,        ,        ,        ,        ,        ,        ,        ,      
godfrwa01, 1959,     1, DET , NHL , D  , 69.0,  5.0,   9.0,  14.0,  60.0,      ,     ,     ,     ,     ,     ,    ,      ,    6.0,   1.0,   0.0,     1.0,    10.0,        ,        ,        ,        ,        ,        ,      
godfrwa01, 1960,     1, DET , NHL , D  , 63.0,  3.0,  16.0,  19.0,  62.0,      ,     ,     ,     ,     ,     ,    ,      ,   11.0,   0.0,   2.0,     2.0,    18.0,        ,        ,        ,        ,        ,     0.0,      
godfrwa01, 1961,     1, DET , NHL , D  , 69.0,  4.0,  13.0,  17.0,  84.0,      ,     ,     ,     ,     ,     ,    ,      ,       ,      ,      ,        ,        ,        ,        ,        ,        ,        ,        ,      
godfrwa01, 1962,     1, BOS , NHL , D  , 66.0,  2.0,   9.0,  11.0,  56.0,      ,     ,     ,     ,     ,     ,    ,      ,       ,      ,      ,        ,        ,        ,        ,        ,        ,        ,        ,      
godfrwa01, 1963,     1, DET , NHL , D  ,  4.0,  0.0,   0.0,   0.0,   2.0,      ,  0.0,     ,  0.0,     ,  0.0, 0.0,      ,       ,      ,      ,        ,        ,        ,        ,        ,        ,        ,        ,      
godfrwa01, 1964,     1, DET , NHL , D  , 11.0,  0.0,   0.0,   0.0,   8.0,      ,  0.0,     ,  0.0,     ,  0.0, 0.0,      ,    4.0,   0.0,   1.0,     1.0,     2.0,        ,        ,        ,        ,        ,     0.0,      
godfrwa01, 1965,     1, DET , NHL , D  , 26.0,  0.0,   4.0,   4.0,  22.0,      ,  0.0,     ,  0.0,     ,  0.0, 0.0,      ,    4.0,   0.0,   0.0,     0.0,     0.0,        ,        ,        ,        ,        ,     0.0,      
godfrwa01, 1966,     1, DET , NHL , D  ,  2.0,  0.0,   0.0,   0.0,   0.0,      ,  0.0,     ,  0.0,     ,  0.0, 0.0,      ,       ,      ,      ,        ,        ,        ,        ,        ,        ,        ,        ,      
godfrwa01, 1967,     1, DET , NHL , D  , 12.0,  0.0,   1.0,   1.0,   0.0, 11.0 ,  0.0,     ,  0.0,     ,  0.0, 0.0,   9.0,       ,      ,      ,        ,        ,        ,        ,        ,        ,        ,        ,      
godined01, 1977,     1, WAS , NHL , R  , 18.0,  3.0,   3.0,   6.0,   6.0, -14.0,  0.0,     ,  0.0,     ,  0.0, 1.0,  23.0,       ,      ,      ,        ,        ,        ,        ,        ,        ,        ,        ,      
godined01, 1978,     1, WAS , NHL , R  ,  9.0,  0.0,   3.0,   3.0,   6.0, -2.0 ,  0.0,     ,  0.0,     ,  0.0, 0.0,  10.0,       ,      ,      ,        ,        ,        ,        ,        ,        ,        ,        ,      
godinsa01, 1927,     1, OTS , NHL , W  , 24.0,  0.0,   0.0,   0.0,   0.0,      ,     ,     ,     ,     ,     ,    ,      ,       ,      ,      ,        ,        ,        ,        ,        ,        ,        ,        ,      
godinsa01, 1928,     1, OTS , NHL , W  , 23.0,  2.0,   1.0,   3.0,  21.0,      ,     ,     ,     ,     ,     ,    ,      ,       ,      ,      ,        ,        ,        ,        ,        ,        ,        ,        ,      
godinsa01, 1933,     1, MTL , NHL , W  , 36.0,  2.0,   2.0,   4.0,  15.0,      ,     ,     ,     ,     ,     ,    ,      ,       ,      ,      ,        ,        ,        ,        ,        ,        ,        ,        ,      
godynal01, 1990,     1, TOR , NHL , D  , 18.0,  0.0,   3.0,   3.0,  16.0, -3.0 ,  0.0,  0.0,  0.0,  0.0,  0.0, 0.0,  15.0,       ,      ,      ,        ,        ,        ,        ,        ,        ,        ,        ,      
godynal01, 1991,     1, TOR , NHL , D  , 31.0,  3.0,   6.0,   9.0,  59.0, -12.0,  1.0,  0.0,  0.0,  0.0,  1.0, 0.0,  30.0,       ,      ,      ,        ,        ,        ,        ,        ,        ,        ,        ,      
godynal01, 1991,     2, CAL , NHL , D  ,  6.0,  0.0,   1.0,   1.0,   4.0, -2.0 ,  0.0,  0.0,  0.0,  0.0,  0.0, 0.0,  12.0,       ,      ,      ,        ,        ,        ,        ,        ,        ,        ,        ,      
godynal01, 1992,     1, CAL , NHL , D  , 27.0,  3.0,   4.0,   7.0,  19.0, 6.0  ,  0.0,  3.0,  0.0,  0.0,  0.0, 0.0,  35.0,       ,      ,      ,        ,        ,        ,        ,        ,        ,        ,        ,      
godynal01, 1993,     1, FLO , NHL , D  , 26.0,  0.0,  10.0,  10.0,  35.0, 5.0  ,  0.0,  5.0,  0.0,  0.0,  0.0, 0.0,  43.0,       ,      ,      ,        ,        ,        ,        ,        ,        ,        ,        ,      
godynal01, 1993,     2, HAR , NHL , D  , 43.0,  3.0,   9.0,  12.0,  40.0, 8.0  ,  0.0,  2.0,  0.0,  0.0,  1.0, 0.0,  67.0,       ,      ,      ,        ,        ,        ,        ,        ,        ,        ,        ,      
godynal01, 1994,     1, HAR , NHL , D  , 14.0,  0.0,   0.0,   0.0,   8.0, 1.0  ,  0.0,  0.0,  0.0,  0.0,  0.0, 0.0,  16.0,       ,      ,      ,        ,        ,        ,        ,        ,        ,        ,        ,      
godynal01, 1995,     1, HAR , NHL , D  ,  3.0,  0.0,   0.0,   0.0,   2.0, -1.0 ,  0.0,  0.0,  0.0,  0.0,  0.0, 0.0,   1.0,       ,      ,      ,        ,        ,        ,        ,        ,        ,        ,        ,      
godynal01, 1996,     1, HAR , NHL , D  , 55.0,  1.0,   6.0,   7.0,  41.0, -10.0,  0.0,  0.0,  0.0,  0.0,  1.0, 0.0,  34.0,       ,      ,      ,        ,        ,        ,        ,        ,        ,        ,        ,      
goegape01, 1957,     1, DET , NHL , D  , 14.0,  0.0,   2.0,   2.0,  28.0,      ,     ,     ,     ,     ,     ,    ,      ,    4.0,   0.0,   0.0,     0.0,    18.0,        ,        ,        ,        ,        ,        ,      
goegape01, 1958,     1, DET , NHL , D  , 67.0,  1.0,  11.0,  12.0, 109.0,      ,     ,     ,     ,     ,     ,    ,      ,       ,      ,      ,        ,        ,        ,        ,        ,        ,        ,        ,      
goegape01, 1959,     1, DET , NHL , D  , 21.0,  3.0,   0.0,   3.0,   6.0,      ,     ,     ,     ,     ,     ,    ,      ,    6.0,   1.0,   0.0,     1.0,    13.0,        ,        ,        ,        ,        ,        ,      
goegape01, 1960,     1, DET , NHL , D  , 67.0,  5.0,  29.0,  34.0,  78.0,      ,     ,     ,     ,     ,     ,    ,      ,   11.0,   0.0,   1.0,     1.0,    18.0,        ,        ,        ,        ,        ,     0.0,      
goegape01, 1961,     1, DET , NHL , D  , 39.0,  5.0,   5.0,  10.0,  24.0,      ,     ,     ,     ,     ,     ,    ,      ,       ,      ,      ,        ,        ,        ,        ,        ,        ,        ,        ,      
goegape01, 1961,     2, NYR , NHL , D  ,  7.0,  0.0,   2.0,   2.0,   6.0,      ,     ,     ,     ,     ,     ,    ,      ,       ,      ,      ,        ,        ,        ,        ,        ,        ,        ,        ,      
goegape01, 1962,     1, DET , NHL , D  , 62.0,  1.0,   8.0,   9.0,  48.0,      ,     ,     ,     ,     ,     ,    ,      ,   11.0,   0.0,   2.0,     2.0,    12.0,        ,        ,        ,        ,        ,     0.0,      
goegape01, 1963,     1, DET , NHL , D  , 12.0,  0.0,   0.0,   0.0,   8.0,      ,  0.0,     ,  0.0,     ,  0.0, 0.0,      ,       ,      ,      ,        ,        ,        ,        ,        ,        ,        ,        ,      
goegape01, 1964,     1, DET , NHL , D  ,  4.0,  1.0,   0.0,   1.0,   2.0,      ,  0.0,     ,  0.0,     ,  0.0, 0.0,      ,       ,      ,      ,        ,        ,        ,        ,        ,        ,        ,        ,      
goegape01, 1965,     1, DET , NHL , D  , 13.0,  0.0,   2.0,   2.0,  14.0,      ,  0.0,     ,  0.0,     ,  0.0, 0.0,      ,    1.0,   0.0,   0.0,     0.0,     0.0,        ,        ,        ,        ,        ,     0.0,      
goegape01, 1966,     1, DET , NHL , D  , 31.0,  2.0,   6.0,   8.0,  12.0,      ,  1.0,     ,  0.0,     ,  0.0, 0.0,      ,       ,      ,      ,        ,        ,        ,        ,        ,        ,        ,        ,      
goegape01, 1967,     1, MNS , NHL , D  , 46.0,  1.0,   2.0,   3.0,  30.0, -16.0,  0.0,     ,  0.0,     ,  0.0, 0.0,  35.0,       ,      ,      ,        ,        ,        ,        ,        ,        ,        ,        ,      
goertda01, 1987,     1, PIT , NHL , D  ,  2.0,  0.0,   0.0,   0.0,   2.0, -1.0 ,  0.0,  0.0,  0.0,  0.0,  0.0, 0.0,   2.0,       ,      ,      ,        ,        ,        ,        ,        ,        ,        ,        ,      
goertst01, 2005,     1, CBS , NHL , R  , 39.0,  0.0,   0.0,   0.0,  44.0, -17.0,  0.0,  0.0,  0.0,  0.0,  0.0,    ,  23.0,       ,      ,      ,        ,        ,        ,        ,        ,        ,        ,        ,      
goertst01, 2006,     1, CBS , NHL , R  ,  7.0,  0.0,   0.0,   0.0,  10.0, 0.0  ,  0.0,  0.0,  0.0,  0.0,  0.0,    ,   1.0,       ,      ,      ,        ,        ,        ,        ,        ,        ,        ,        ,      
goertst01, 2008,     1, PHO , NHL , R  , 16.0,  2.0,   2.0,   4.0,  24.0, -2.0 ,  0.0,  0.0,  0.0,  0.0,  0.0,    ,  18.0,       ,      ,      ,        ,        ,        ,        ,        ,        ,        ,        ,      
goertst01, 2009,     1, CAR , NHL , R  ,  6.0,  0.0,   0.0,   0.0,   5.0, -2.0 ,  0.0,  0.0,  0.0,  0.0,  0.0,    ,   1.0,       ,      ,      ,        ,        ,        ,        ,        ,        ,        ,        ,      
goldhbo01, 1941,     1, TOR , NHL , D  , 19.0,  4.0,   7.0,  11.0,  25.0,      ,     ,     ,     ,     ,     ,    ,      ,   13.0,   2.0,   2.0,     4.0,    31.0,        ,        ,        ,        ,        ,        ,      
goldhbo01, 1945,     1, TOR , NHL , D  , 49.0,  7.0,  14.0,  21.0,  44.0,      ,     ,     ,     ,     ,     ,    ,      ,       ,      ,      ,        ,        ,        ,        ,        ,        ,        ,        ,      
goldhbo01, 1946,     1, TOR , NHL , D  , 11.0,  1.0,   1.0,   2.0,  10.0,      ,     ,     ,     ,     ,     ,    ,      ,       ,      ,      ,        ,        ,        ,        ,        ,        ,        ,        ,      
goldhbo01, 1947,     1, CHI , NHL , D  , 38.0,  2.0,   9.0,  11.0,  38.0,      ,     ,     ,     ,     ,     ,    ,      ,       ,      ,      ,        ,        ,        ,        ,        ,        ,        ,        ,      
goldhbo01, 1948,     1, CHI , NHL , D  , 60.0,  1.0,  10.0,  11.0,  43.0,      ,     ,     ,     ,     ,     ,    ,      ,       ,      ,      ,        ,        ,        ,        ,        ,        ,        ,        ,      
goldhbo01, 1949,     1, CHI , NHL , D  , 67.0,  2.0,  10.0,  12.0,  57.0,      ,     ,     ,     ,     ,     ,    ,      ,       ,      ,      ,        ,        ,        ,        ,        ,        ,        ,        ,      
goldhbo01, 1950,     1, DET , NHL , D  , 61.0,  5.0,  18.0,  23.0,  31.0,      ,     ,     ,     ,     ,     ,    ,      ,    6.0,   0.0,   1.0,     1.0,     2.0,        ,        ,        ,        ,        ,        ,      
goldhbo01, 1951,     1, DET , NHL , D  , 69.0,  0.0,  14.0,  14.0,  24.0,      ,     ,     ,     ,     ,     ,    ,      ,    8.0,   0.0,   1.0,     1.0,     8.0,        ,        ,        ,        ,        ,        ,      
goldhbo01, 1952,     1, DET , NHL , D  , 70.0,  1.0,  13.0,  14.0,  32.0,      ,     ,     ,     ,     ,     ,    ,      ,    6.0,   1.0,   1.0,     2.0,     2.0,        ,        ,        ,        ,        ,        ,      
goldhbo01, 1953,     1, DET , NHL , D  , 69.0,  1.0,  15.0,  16.0,  50.0,      ,     ,     ,     ,     ,     ,    ,      ,   12.0,   0.0,   2.0,     2.0,     2.0,        ,        ,        ,        ,        ,        ,      
goldhbo01, 1954,     1, DET , NHL , D  , 69.0,  1.0,  16.0,  17.0,  14.0,      ,     ,     ,     ,     ,     ,    ,      ,   11.0,   0.0,   4.0,     4.0,     4.0,        ,        ,        ,        ,        ,        ,      
goldhbo01, 1955,     1, DET , NHL , D  , 68.0,  3.0,  16.0,  19.0,  32.0,      ,     ,     ,     ,     ,     ,    ,      ,   10.0,   0.0,   3.0,     3.0,     4.0,        ,        ,        ,        ,        ,        ,      
goldmer01, 1999,     1, OTT , NHL , D  ,  1.0,  0.0,   0.0,   0.0,   0.0, 0.0  ,  0.0,  0.0,  0.0,  0.0,  0.0, 0.0,   0.0,       ,      ,      ,        ,        ,        ,        ,        ,        ,        ,        ,      
goldsbi01, 1964,     1, BOS , NHL , R  ,  2.0,  0.0,   0.0,   0.0,   0.0,      ,  0.0,     ,  0.0,     ,  0.0, 0.0,      ,       ,      ,      ,        ,        ,        ,        ,        ,        ,        ,        ,      
goldsbi01, 1965,     1, BOS , NHL , R  , 13.0,  3.0,   1.0,   4.0,   6.0,      ,  0.0,     ,  0.0,     ,  0.0, 0.0,      ,       ,      ,      ,        ,        ,        ,        ,        ,        ,        ,        ,      
goldsbi01, 1966,     1, BOS , NHL , R  , 18.0,  3.0,   5.0,   8.0,  21.0,      ,  0.0,     ,  0.0,     ,  0.0, 0.0,      ,       ,      ,      ,        ,        ,        ,        ,        ,        ,        ,        ,      
goldsbi01, 1967,     1, MNS , NHL , R  , 68.0, 14.0,  19.0,  33.0,  68.0, -8.0 ,  2.0,     ,  0.0,     ,  0.0, 4.0, 154.0,   14.0,   8.0,   7.0,    15.0,    12.0,        ,     1.0,        ,     0.0,        ,     1.0,      
goldsbi01, 1968,     1, MNS , NHL , R  , 68.0, 14.0,  10.0,  24.0, 110.0, -27.0,  4.0,     ,  0.0,     ,  3.0, 0.0, 196.0,       ,      ,      ,        ,        ,        ,        ,        ,        ,        ,        ,      
goldsbi01, 1969,     1, MNS , NHL , R  , 75.0, 36.0,  29.0,  65.0,  89.0, -9.0 , 11.0,     ,  0.0,     ,  4.0, 5.0, 230.0,    6.0,   4.0,   3.0,     7.0,     6.0,        ,     3.0,        ,     0.0,        ,     2.0,      
goldsbi01, 1970,     1, MNS , NHL , R  , 77.0, 34.0,  31.0,  65.0,  85.0, -13.0,  5.0,     ,  1.0,     ,  7.0, 2.0, 295.0,    7.0,   2.0,   4.0,     6.0,     6.0,        ,     0.0,        ,     0.0,        ,     0.0,      
goldsbi01, 1971,     1, MNS , NHL , R  , 78.0, 31.0,  31.0,  62.0,  59.0, 11.0 ,  6.0,     ,  0.0,     ,  8.0, 1.0, 295.0,    7.0,   2.0,   3.0,     5.0,     6.0,        ,     0.0,        ,     0.0,        ,     1.0,      
goldsbi01, 1972,     1, MNS , NHL , R  , 75.0, 27.0,  33.0,  60.0,  97.0, 24.0 ,  8.0,     ,  0.0,     ,  2.0, 2.0, 260.0,    6.0,   2.0,   2.0,     4.0,     0.0,        ,     1.0,        ,     0.0,        ,     0.0,      
goldsbi01, 1973,     1, MNS , NHL , R  , 74.0, 48.0,  26.0,  74.0,  73.0, 3.0  , 12.0,     ,  1.0,     ,  4.0, 2.0, 321.0,       ,      ,      ,        ,        ,        ,        ,        ,        ,        ,        ,      
goldsbi01, 1974,     1, MNS , NHL , R  , 71.0, 37.0,  35.0,  72.0,  77.0, -37.0, 11.0,     ,  1.0,     ,  3.0, 1.0, 273.0,       ,      ,      ,        ,        ,        ,        ,        ,        ,        ,        ,      
goldsbi01, 1975,     1, MNS , NHL , R  , 68.0, 24.0,  22.0,  46.0,  47.0, -19.0,  6.0,     ,  0.0,     ,  3.0, 0.0, 174.0,       ,      ,      ,        ,        ,        ,        ,        ,        ,        ,        ,      
goldsbi01, 1976,     1, MNS , NHL , R  , 16.0,  2.0,   3.0,   5.0,   6.0, -8.0 ,  1.0,     ,  0.0,     ,  0.0, 0.0,  39.0,       ,      ,      ,        ,        ,        ,        ,        ,        ,        ,        ,      
goldsbi01, 1976,     2, NYR , NHL , R  , 61.0, 10.0,  12.0,  22.0,  43.0, -17.0,  0.0,     ,  0.0,     ,  2.0, 0.0,  96.0,       ,      ,      ,        ,        ,        ,        ,        ,        ,        ,        ,      
goldsbi01, 1977,     1, NYR , NHL , R  ,  7.0,  0.0,   1.0,   1.0,  12.0, 1.0  ,  0.0,     ,  0.0,     ,  0.0, 0.0,   7.0,       ,      ,      ,        ,        ,        ,        ,        ,        ,        ,        ,      
goldsbi01, 1977,     2, IND , WHA , R  , 32.0,  8.0,  10.0,  18.0,  10.0, 2.0  ,  0.0,     ,  0.0,     ,     ,    ,  51.0,       ,      ,      ,        ,        ,        ,        ,        ,        ,        ,        ,      
goldsbi01, 1978,     1, EDO , WHA , C  , 17.0,  4.0,   2.0,   6.0,  14.0, -3.0 ,  0.0,     ,  0.0,     ,     ,    ,  27.0,    4.0,   1.0,   1.0,     2.0,    11.0, 4.0    ,        ,        ,        ,        ,     1.0,      
goldsle01, 1925,     1, EDE , WCHL, R  , 11.0,  0.0,   0.0,   0.0,   0.0,      ,     ,     ,     ,     ,     ,    ,      ,       ,      ,      ,        ,        ,        ,        ,        ,        ,        ,        ,      
goldsle01, 1929,     1, NYR , NHL , R  , 44.0,  4.0,   1.0,   5.0,  16.0,      ,     ,     ,     ,     ,     ,    ,      ,    4.0,   0.0,   0.0,     0.0,     2.0,        ,        ,        ,        ,        ,        ,      
goldsle01, 1930,     1, DTF , NHL , R  , 12.0,  1.0,   0.0,   1.0,   2.0,      ,     ,     ,     ,     ,     ,    ,      ,       ,      ,      ,        ,        ,        ,        ,        ,        ,        ,        ,      
goldsle01, 1932,     1, DET , NHL , R  , 26.0,  3.0,   6.0,   9.0,   6.0,      ,     ,     ,     ,     ,     ,    ,      ,    2.0,   0.0,   0.0,     0.0,     0.0,        ,        ,        ,        ,        ,        ,      
goldsle01, 1933,     1, CHI , NHL , R  , 28.0,  3.0,   3.0,   6.0,   0.0,      ,     ,     ,     ,     ,     ,    ,      ,    8.0,   0.0,   0.0,     0.0,     0.0,        ,        ,        ,        ,        ,        ,      
goldsle01, 1934,     1, CHI , NHL , R  ,  7.0,  0.0,   0.0,   0.0,   2.0,      ,     ,     ,     ,     ,     ,    ,      ,       ,      ,      ,        ,        ,        ,        ,        ,        ,        ,        ,      
goldsle01, 1934,     2, MTL , NHL , R  , 33.0, 20.0,   9.0,  29.0,  13.0,      ,     ,     ,     ,     ,     ,    ,      ,    2.0,   1.0,   0.0,     1.0,     0.0,        ,        ,        ,        ,        ,        ,      
goldsle01, 1935,     1, MTL , NHL , R  , 47.0, 15.0,  11.0,  26.0,   8.0,      ,     ,     ,     ,     ,     ,    ,      ,       ,      ,      ,        ,        ,        ,        ,        ,        ,        ,        ,      
goldsle01, 1936,     1, BOS , NHL , R  , 47.0,  8.0,   6.0,  14.0,   8.0,      ,     ,     ,     ,     ,     ,    ,      ,    3.0,   0.0,   0.0,     0.0,     0.0,        ,        ,        ,        ,        ,        ,      
goldsle01, 1937,     1, BOS , NHL , R  , 45.0,  9.0,  10.0,  19.0,  14.0,      ,     ,     ,     ,     ,     ,    ,      ,    3.0,   0.0,   0.0,     0.0,     2.0,        ,        ,        ,        ,        ,        ,      
goldsle01, 1938,     1, NYA , NHL , R  , 47.0,  3.0,  11.0,  14.0,  10.0,      ,     ,     ,     ,     ,     ,    ,      ,    2.0,   0.0,   0.0,     0.0,     0.0,        ,        ,        ,        ,        ,        ,      
goldtbi01, 1973,     1, MFS , WHA , L  ,     ,     ,      ,      ,      ,      ,     ,     ,     ,     ,     ,    ,      ,    3.0,   0.0,   0.0,     0.0,    25.0,        ,        ,        ,        ,        ,     0.0,      
goldtbi01, 1974,     1, MIB , WHA , L  ,  7.0,  0.0,   0.0,   0.0,  26.0,      ,  0.0,     ,  0.0,     ,  0.0,    ,   6.0,       ,      ,      ,        ,        ,        ,        ,        ,        ,        ,        ,      
goldtbi01, 1975,     1, SDM , WHA , L  , 14.0,  1.0,   0.0,   1.0,  30.0, 0.0  ,  0.0,     ,  0.0,     ,  0.0,    ,  12.0,       ,      ,      ,        ,        ,        ,        ,        ,        ,        ,        ,      
goldtbi01, 1975,     2, DOT , WHA , L  , 12.0,  0.0,   0.0,   0.0,  31.0, -5.0 ,  0.0,     ,  0.0,     ,  0.0,    ,   7.0,       ,      ,      ,        ,        ,        ,        ,        ,        ,        ,        ,      
goldugl01, 1973,     1, MTL , NHL , R  ,  6.0,  0.0,   0.0,   0.0,   0.0, -1.0 ,  0.0,     ,  0.0,     ,  0.0, 0.0,   2.0,       ,      ,      ,        ,        ,        ,        ,        ,        ,        ,        ,      
goldugl01, 1974,     1, MTL , NHL , R  ,  9.0,  0.0,   1.0,   1.0,   2.0, -1.0 ,  0.0,     ,  0.0,     ,  0.0, 0.0,   8.0,       ,      ,      ,        ,        ,        ,        ,        ,        ,        ,        ,      
goldugl01, 1975,     1, MTL , NHL , R  ,  3.0,  0.0,   0.0,   0.0,   2.0, -1.0 ,  0.0,     ,  0.0,     ,  0.0, 0.0,   1.0,       ,      ,      ,        ,        ,        ,        ,        ,        ,        ,        ,      
goldugl01, 1976,     1, LAK , NHL , R  , 28.0,  7.0,   6.0,  13.0,  29.0, 5.0  ,  1.0,     ,  0.0,     ,  2.0, 0.0,  28.0,    8.0,   2.0,   2.0,     4.0,     2.0,        ,     0.0,        ,     0.0,        ,     0.0,      
goldugl01, 1977,     1, LAK , NHL , R  , 66.0, 14.0,  18.0,  32.0,  66.0, -8.0 ,  0.0,     ,  0.0,     ,  0.0, 0.0, 108.0,    2.0,   1.0,   0.0,     1.0,    11.0,        ,     0.0,        ,     0.0,        ,     0.0,      
goldugl01, 1978,     1, LAK , NHL , R  , 73.0, 15.0,  22.0,  37.0,  89.0, -7.0 ,  3.0,     ,  0.0,     ,  1.0, 0.0, 117.0,    2.0,   0.0,   1.0,     1.0,     9.0,        ,     0.0,        ,     0.0,        ,     0.0,      
goldugl01, 1979,     1, LAK , NHL , R  , 55.0, 10.0,  11.0,  21.0,  78.0, -4.0 ,  1.0,     ,  0.0,     ,  1.0, 0.0,  92.0,    4.0,   1.0,   0.0,     1.0,     0.0,        ,     0.0,        ,     0.0,        ,     0.0,      
goldugl01, 1980,     1, LAK , NHL , R  , 49.0,  6.0,   9.0,  15.0,  35.0, -2.0 ,  0.0,     ,  0.0,     ,  0.0, 0.0,  64.0,       ,      ,      ,        ,        ,        ,        ,        ,        ,        ,        ,      
goldugl01, 1981,     1, LAK , NHL , R  ,  2.0,  0.0,   0.0,   0.0,   2.0, 0.0  ,  0.0,     ,  0.0,     ,  0.0, 0.0,   1.0,       ,      ,      ,        ,        ,        ,        ,        ,        ,        ,        ,      
golduha01, 1939,     1, TOR , NHL , L  , 21.0,  6.0,   4.0,  10.0,   2.0,      ,     ,     ,     ,     ,     ,    ,      ,   10.0,   5.0,   1.0,     6.0,     4.0,        ,        ,        ,        ,        ,        ,      
golduha01, 1940,     1, TOR , NHL , L  , 26.0, 10.0,   5.0,  15.0,   9.0,      ,     ,     ,     ,     ,     ,    ,      ,    7.0,   0.0,   0.0,     0.0,     0.0,        ,        ,        ,        ,        ,        ,      
golduha01, 1941,     1, TOR , NHL , L  , 44.0, 12.0,  18.0,  30.0,  13.0,      ,     ,     ,     ,     ,     ,    ,      ,    9.0,   0.0,   0.0,     0.0,     2.0,        ,        ,        ,        ,        ,        ,      
golduha01, 1942,     1, TOR , NHL , L  ,  8.0,  1.0,   7.0,   8.0,   4.0,      ,     ,     ,     ,     ,     ,    ,      ,       ,      ,      ,        ,        ,        ,        ,        ,        ,        ,        ,      
golduha01, 1942,     2, NYR , NHL , L  , 36.0, 11.0,  20.0,  31.0,  33.0,      ,     ,     ,     ,     ,     ,    ,      ,       ,      ,      ,        ,        ,        ,        ,        ,        ,        ,        ,      
golduha01, 1944,     1, NYR , NHL , L  , 48.0, 17.0,  25.0,  42.0,  25.0,      ,     ,     ,     ,     ,     ,    ,      ,       ,      ,      ,        ,        ,        ,        ,        ,        ,        ,        ,      
golduha01, 1945,     1, NYR , NHL , L  , 19.0,  6.0,   1.0,   7.0,  11.0,      ,     ,     ,     ,     ,     ,    ,      ,       ,      ,      ,        ,        ,        ,        ,        ,        ,        ,        ,      
golemfr01, 1972,     1, PHB , WHA , R  ,  8.0,  0.0,   0.0,   0.0,   9.0,      ,  0.0,     ,  0.0,     ,     ,    ,      ,       ,      ,      ,        ,        ,        ,        ,        ,        ,        ,        ,      
golemfr01, 1972,     2, QUN , WHA , R  , 52.0,  8.0,  12.0,  20.0,  44.0,      ,  0.0,     ,  0.0,     ,     ,    ,      ,       ,      ,      ,        ,        ,        ,        ,        ,        ,        ,        ,      
goligal01, 2007,     1, PIT , NHL , D  ,  3.0,  0.0,   2.0,   2.0,   2.0, 2.0  ,  0.0,  0.0,  0.0,  0.0,  0.0,    ,   2.0,       ,      ,      ,        ,        ,        ,        ,        ,        ,        ,        ,      
goligal01, 2008,     1, PIT , NHL , D  , 45.0,  6.0,  14.0,  20.0,  16.0, 5.0  ,  4.0,  4.0,  0.0,  0.0,  0.0,    ,  61.0,    2.0,   0.0,   1.0,     1.0,     0.0, -1.0   ,     0.0,     1.0,     0.0,     0.0,     0.0,     1.0
goligal01, 2009,     1, PIT , NHL , D  , 69.0,  8.0,  29.0,  37.0,  22.0, 7.0  ,  2.0, 15.0,  0.0,  0.0,  0.0,    ,  98.0,   13.0,   2.0,   7.0,     9.0,     2.0, 4.0    ,     1.0,     5.0,     0.0,     0.0,     0.0,    28.0
golubya01, 1997,     1, DET , NHL , D  , 12.0,  0.0,   2.0,   2.0,   6.0, 1.0  ,  0.0,  0.0,  0.0,  0.0,  0.0, 0.0,   9.0,       ,      ,      ,        ,        ,        ,        ,        ,        ,        ,        ,      
golubya01, 1998,     1, DET , NHL , D  , 17.0,  0.0,   1.0,   1.0,  16.0, 4.0  ,  0.0,  0.0,  0.0,  0.0,  0.0, 0.0,  10.0,       ,      ,      ,        ,        ,        ,        ,        ,        ,        ,        ,      
golubya01, 1999,     1, DET , NHL , D  , 21.0,  1.0,   2.0,   3.0,   8.0, 3.0  ,  0.0,  0.0,  0.0,  0.0,  0.0, 0.0,   7.0,       ,      ,      ,        ,        ,        ,        ,        ,        ,        ,        ,      
golubya01, 2000,     1, FLO , NHL , D  ,  6.0,  0.0,   2.0,   2.0,   2.0, 3.0  ,  0.0,  0.0,  0.0,  0.0,  0.0, 0.0,   4.0,       ,      ,      ,        ,        ,        ,        ,        ,        ,        ,        ,      
gomezsc01, 1999,     1, NJD , NHL , C  , 82.0, 19.0,  51.0,  70.0,  78.0, 14.0 ,  7.0, 20.0,  0.0,  0.0,  1.0, 2.0, 204.0,   23.0,   4.0,   6.0,    10.0,     4.0, 1.0    ,     1.0,     3.0,     0.0,     0.0,     2.0,    53.0
gomezsc01, 2000,     1, NJD , NHL , C  , 76.0, 14.0,  49.0,  63.0,  46.0, -1.0 ,  2.0, 15.0,  0.0,  0.0,  4.0, 0.0, 155.0,   25.0,   5.0,   9.0,    14.0,    24.0, 7.0    ,     0.0,     2.0,     0.0,     0.0,     0.0,    70.0
gomezsc01, 2001,     1, NJD , NHL , C  , 76.0, 10.0,  38.0,  48.0,  36.0, -4.0 ,  1.0, 13.0,  0.0,  0.0,  1.0, 0.0, 156.0,       ,      ,      ,        ,        ,        ,        ,        ,        ,        ,        ,      
gomezsc01, 2002,     1, NJD , NHL , C  , 80.0, 13.0,  42.0,  55.0,  48.0, 17.0 ,  2.0, 10.0,  0.0,  0.0,  4.0, 1.0, 205.0,   24.0,   3.0,   9.0,    12.0,     2.0, 3.0    ,     0.0,     4.0,     0.0,     0.0,     0.0,    56.0
gomezsc01, 2003,     1, NJD , NHL , C  , 80.0, 14.0,  56.0,  70.0,  70.0, 18.0 ,  3.0, 13.0,  0.0,  0.0,  1.0, 0.0, 189.0,    5.0,   0.0,   6.0,     6.0,     0.0, -2.0   ,     0.0,     2.0,     0.0,     0.0,     0.0,    17.0
gomezsc01, 2005,     1, NJD , NHL , C  , 82.0, 33.0,  51.0,  84.0,  42.0, 8.0  ,  9.0, 24.0,  0.0,  0.0,  5.0,    , 244.0,    9.0,   5.0,   4.0,     9.0,     6.0, -1.0   ,     4.0,     3.0,     0.0,     0.0,     1.0,    39.0
gomezsc01, 2006,     1, NJD , NHL , C  , 72.0, 13.0,  47.0,  60.0,  42.0, 7.0  ,  4.0, 19.0,  0.0,  0.0,  1.0,    , 248.0,   11.0,   4.0,  10.0,    14.0,    14.0, 6.0    ,     0.0,     4.0,     0.0,     0.0,     1.0,    37.0
gomezsc01, 2007,     1, NYR , NHL , C  , 81.0, 16.0,  54.0,  70.0,  36.0, 3.0  ,  7.0, 22.0,  0.0,  1.0,  3.0,    , 242.0,   10.0,   4.0,   7.0,    11.0,     8.0, 5.0    ,     1.0,     1.0,     0.0,     1.0,     0.0,    27.0
gomezsc01, 2008,     1, NYR , NHL , C  , 77.0, 16.0,  42.0,  58.0,  60.0, -2.0 ,  3.0, 14.0,  1.0,  0.0,  7.0,    , 271.0,    7.0,   2.0,   3.0,     5.0,     4.0, -4.0   ,     1.0,     3.0,     0.0,     0.0,     0.0,    15.0
gomezsc01, 2009,     1, MTL , NHL , C  , 78.0, 12.0,  47.0,  59.0,  60.0, 1.0  ,  5.0, 14.0,  0.0,  0.0,  1.0,    , 180.0,   19.0,   2.0,  12.0,    14.0,    25.0, -6.0   ,     0.0,     6.0,     0.0,     0.0,     0.0,    46.0
gonchse01, 1994,     1, WAS , NHL , D  , 31.0,  2.0,   5.0,   7.0,  22.0, 4.0  ,  0.0,  0.0,  0.0,  0.0,  0.0, 0.0,  38.0,    7.0,   2.0,   2.0,     4.0,     2.0, 8.0    ,     0.0,     0.0,     0.0,     0.0,     1.0,    15.0
gonchse01, 1995,     1, WAS , NHL , D  , 78.0, 15.0,  26.0,  41.0,  60.0, 25.0 ,  4.0, 10.0,  0.0,  0.0,  4.0, 0.0, 139.0,    6.0,   2.0,   4.0,     6.0,     4.0, -1.0   ,     1.0,     2.0,     0.0,     0.0,     0.0,    29.0
gonchse01, 1996,     1, WAS , NHL , D  , 57.0, 13.0,  17.0,  30.0,  36.0, -11.0,  3.0,  7.0,  0.0,  1.0,  3.0, 0.0, 129.0,       ,      ,      ,        ,        ,        ,        ,        ,        ,        ,        ,      
gonchse01, 1997,     1, WAS , NHL , D  , 72.0,  5.0,  16.0,  21.0,  66.0, 2.0  ,  2.0,  7.0,  0.0,  0.0,  0.0, 0.0, 134.0,   21.0,   7.0,   4.0,    11.0,    30.0, 2.0    ,     3.0,     2.0,     1.0,     0.0,     2.0,    37.0
gonchse01, 1998,     1, WAS , NHL , D  , 53.0, 21.0,  10.0,  31.0,  57.0, 1.0  , 13.0,  4.0,  1.0,  1.0,  3.0, 0.0, 180.0,       ,      ,      ,        ,        ,        ,        ,        ,        ,        ,        ,      
gonchse01, 1999,     1, WAS , NHL , D  , 73.0, 18.0,  36.0,  54.0,  52.0, 26.0 ,  5.0, 14.0,  0.0,  0.0,  3.0, 0.0, 181.0,    5.0,   1.0,   0.0,     1.0,     6.0, -3.0   ,     0.0,     0.0,     0.0,     0.0,     0.0,    16.0
gonchse01, 2000,     1, WAS , NHL , D  , 76.0, 19.0,  38.0,  57.0,  70.0, 12.0 ,  8.0, 26.0,  0.0,  0.0,  2.0, 0.0, 241.0,    6.0,   1.0,   3.0,     4.0,     2.0, 0.0    ,     1.0,     3.0,     0.0,     0.0,     0.0,    14.0
gonchse01, 2001,     1, WAS , NHL , D  , 76.0, 26.0,  33.0,  59.0,  58.0, -1.0 ,  7.0, 14.0,  0.0,  0.0,  2.0, 0.0, 216.0,       ,      ,      ,        ,        ,        ,        ,        ,        ,        ,        ,      
gonchse01, 2002,     1, WAS , NHL , D  , 82.0, 18.0,  49.0,  67.0,  52.0, 13.0 ,  7.0, 23.0,  0.0,  1.0,  2.0, 1.0, 224.0,    6.0,   0.0,   5.0,     5.0,     4.0, 2.0    ,     0.0,     3.0,     0.0,     0.0,     0.0,    15.0
gonchse01, 2003,     1, WAS , NHL , D  , 56.0,  7.0,  42.0,  49.0,  44.0, -20.0,  4.0, 27.0,  0.0,  0.0,  0.0, 1.0, 127.0,       ,      ,      ,        ,        ,        ,        ,        ,        ,        ,        ,      
gonchse01, 2003,     2, BOS , NHL , D  , 15.0,  4.0,   5.0,   9.0,  12.0, 6.0  ,  2.0,  1.0,  0.0,  0.0,  0.0, 0.0,  34.0,    7.0,   1.0,   4.0,     5.0,     4.0, -4.0   ,     1.0,     0.0,     0.0,     0.0,     1.0,    19.0
gonchse01, 2005,     1, PIT , NHL , D  , 75.0, 12.0,  46.0,  58.0, 100.0, -13.0,  8.0, 30.0,  0.0,  2.0,  2.0,    , 192.0,       ,      ,      ,        ,        ,        ,        ,        ,        ,        ,        ,      
gonchse01, 2006,     1, PIT , NHL , D  , 82.0, 13.0,  54.0,  67.0,  72.0, -5.0 , 10.0, 38.0,  1.0,  2.0,  3.0,    , 191.0,    5.0,   1.0,   3.0,     4.0,     2.0, -3.0   ,     1.0,     3.0,     0.0,     0.0,     0.0,    14.0
gonchse01, 2007,     1, PIT , NHL , D  , 78.0, 12.0,  53.0,  65.0,  66.0, 13.0 ,  8.0, 38.0,  0.0,  0.0,  2.0,    , 173.0,   20.0,   1.0,  13.0,    14.0,     8.0, 0.0    ,     1.0,    10.0,     0.0,     1.0,     0.0,    40.0
gonchse01, 2008,     1, PIT , NHL , D  , 25.0,  6.0,  13.0,  19.0,  26.0, 6.0  ,  5.0,  8.0,  0.0,  0.0,  1.0,    ,  71.0,   22.0,   3.0,  11.0,    14.0,    12.0, 3.0    ,     2.0,     9.0,     0.0,     0.0,     2.0,    41.0
gonchse01, 2009,     1, PIT , NHL , D  , 62.0, 11.0,  39.0,  50.0,  49.0, -4.0 ,  6.0, 24.0,  0.0,  1.0,  3.0,    , 138.0,   13.0,   2.0,  10.0,    12.0,     4.0, 4.0    ,     1.0,     6.0,     0.0,     0.0,     1.0,    24.0
goneada01, 1996,     1, NYR , NHL , L  , 41.0, 10.0,   3.0,  13.0,  10.0, -5.0 ,  3.0,  1.0,  0.0,  0.0,  2.0, 0.0,  44.0,       ,      ,      ,        ,        ,        ,        ,        ,        ,        ,        ,      
goneada01, 1997,     1, NYR , NHL , L  , 11.0,  2.0,   0.0,   2.0,   4.0, -4.0 ,  0.0,  0.0,  0.0,  0.0,  1.0, 0.0,  13.0,       ,      ,      ,        ,        ,        ,        ,        ,        ,        ,        ,      
goneada01, 1999,     1, NYR , NHL , L  ,  1.0,  0.0,   0.0,   0.0,   0.0, -1.0 ,  0.0,  0.0,  0.0,  0.0,  0.0, 0.0,   3.0,       ,      ,      ,        ,        ,        ,        ,        ,        ,        ,        ,      
goodebi01, 1942,     1, NYR , NHL , L  , 12.0,  0.0,   3.0,   3.0,   0.0,      ,     ,     ,     ,     ,     ,    ,      ,       ,      ,      ,        ,        ,        ,        ,        ,        ,        ,        ,      
goodebi01, 1943,     1, NYR , NHL , L  , 41.0,  9.0,   8.0,  17.0,  15.0,      ,     ,     ,     ,     ,     ,    ,      ,       ,      ,      ,        ,        ,        ,        ,        ,        ,        ,        ,      
goodela01, 1974,     1, PHI , NHL , D  , 20.0,  3.0,   9.0,  12.0,   0.0, 12.0 ,  1.0,     ,  0.0,     ,  0.0, 0.0,  37.0,    5.0,   0.0,   4.0,     4.0,     2.0,        ,     0.0,        ,     0.0,        ,     0.0,      
goodela01, 1975,     1, PHI , NHL , D  , 77.0,  8.0,  34.0,  42.0,  83.0, 45.0 ,  5.0,     ,  1.0,     ,  2.0, 0.0, 149.0,   16.0,   3.0,  11.0,    14.0,     6.0,        ,     1.0,        ,     0.0,        ,     0.0,      
goodela01, 1976,     1, PHI , NHL , D  , 32.0,  4.0,  13.0,  17.0,  21.0, 15.0 ,  1.0,     ,  0.0,     ,  0.0, 0.0,  52.0,       ,      ,      ,        ,        ,        ,        ,        ,        ,        ,        ,      
goodela01, 1976,     2, VAN , NHL , D  , 30.0,  2.0,   4.0,   6.0,  27.0, -5.0 ,  0.0,     ,  0.0,     ,  1.0, 0.0,  35.0,       ,      ,      ,        ,        ,        ,        ,        ,        ,        ,        ,      
goodela01, 1977,     1, VAN , NHL , D  , 42.0,  1.0,   6.0,   7.0,  28.0, -16.0,  0.0,     ,  0.0,     ,  0.0, 0.0,  49.0,       ,      ,      ,        ,        ,        ,        ,        ,        ,        ,        ,      
goodela01, 1978,     1, VAN , NHL , D  , 36.0,  4.0,   9.0,  13.0,  18.0, -14.0,  2.0,     ,  0.0,     ,  0.0, 1.0,  75.0,    1.0,   0.0,   0.0,     0.0,     2.0,        ,     0.0,        ,     0.0,        ,     0.0,      
goodela01, 1979,     1, VAN , NHL , D  ,  5.0,  0.0,   2.0,   2.0,   2.0, 0.0  ,  0.0,     ,  0.0,     ,  0.0, 0.0,   9.0,       ,      ,      ,        ,        ,        ,        ,        ,        ,        ,        ,      
goodfeb01, 1929,     1, DTC , NHL , C/D, 44.0, 17.0,  17.0,  34.0,  54.0,      ,     ,     ,     ,     ,     ,    ,      ,       ,      ,      ,        ,        ,        ,        ,        ,        ,        ,        ,      
goodfeb01, 1930,     1, DTF , NHL , C/D, 44.0, 25.0,  23.0,  48.0,  32.0,      ,     ,     ,     ,     ,     ,    ,      ,       ,      ,      ,        ,        ,        ,        ,        ,        ,        ,        ,      
goodfeb01, 1931,     1, DTF , NHL , C/D, 48.0, 14.0,  16.0,  30.0,  56.0,      ,     ,     ,     ,     ,     ,    ,      ,    2.0,   0.0,   0.0,     0.0,     0.0,        ,        ,        ,        ,        ,        ,      
goodfeb01, 1932,     1, DET , NHL , C/D, 41.0, 12.0,   8.0,  20.0,  47.0,      ,     ,     ,     ,     ,     ,    ,      ,    4.0,   1.0,   0.0,     1.0,    11.0,        ,        ,        ,        ,        ,        ,      
goodfeb01, 1933,     1, DET , NHL , C/D, 48.0, 13.0,  13.0,  26.0,  45.0,      ,     ,     ,     ,     ,     ,    ,      ,    9.0,   4.0,   3.0,     7.0,    12.0,        ,        ,        ,        ,        ,        ,      
goodfeb01, 1934,     1, DET , NHL , C/D, 48.0, 12.0,  24.0,  36.0,  44.0,      ,     ,     ,     ,     ,     ,    ,      ,       ,      ,      ,        ,        ,        ,        ,        ,        ,        ,        ,      
goodfeb01, 1935,     1, DET , NHL , C/D, 48.0,  5.0,  18.0,  23.0,  69.0,      ,     ,     ,     ,     ,     ,    ,      ,    7.0,   1.0,   0.0,     1.0,     4.0,        ,        ,        ,        ,        ,        ,      
goodfeb01, 1936,     1, DET , NHL , C/D, 48.0,  9.0,  16.0,  25.0,  43.0,      ,     ,     ,     ,     ,     ,    ,      ,    9.0,   2.0,   2.0,     4.0,    12.0,        ,        ,        ,        ,        ,        ,      
goodfeb01, 1937,     1, DET , NHL , D  , 30.0,  0.0,   7.0,   7.0,  13.0,      ,     ,     ,     ,     ,     ,    ,      ,       ,      ,      ,        ,        ,        ,        ,        ,        ,        ,        ,      
goodfeb01, 1938,     1, DET , NHL , D  , 48.0,  8.0,   8.0,  16.0,  36.0,      ,     ,     ,     ,     ,     ,    ,      ,    6.0,   0.0,   0.0,     0.0,     8.0,        ,        ,        ,        ,        ,        ,      
goodfeb01, 1939,     1, DET , NHL , D  , 43.0, 11.0,  17.0,  28.0,  31.0,      ,     ,     ,     ,     ,     ,    ,      ,    5.0,   0.0,   2.0,     2.0,     9.0,        ,        ,        ,        ,        ,        ,      
goodfeb01, 1940,     1, DET , NHL , D  , 47.0,  5.0,  17.0,  22.0,  35.0,      ,     ,     ,     ,     ,     ,    ,      ,    3.0,   0.0,   1.0,     1.0,     9.0,        ,        ,        ,        ,        ,        ,      
goodfeb01, 1941,     1, DET , NHL , D  ,  9.0,  2.0,   2.0,   4.0,   2.0,      ,     ,     ,     ,     ,     ,    ,      ,       ,      ,      ,        ,        ,        ,        ,        ,        ,        ,        ,      
goodfeb01, 1942,     1, DET , NHL , D  , 11.0,  1.0,   4.0,   5.0,   4.0,      ,     ,     ,     ,     ,     ,    ,      ,       ,      ,      ,        ,        ,        ,        ,        ,        ,        ,        ,      
goodmpa01, 1937,     1, CHI , NHL , G  ,     ,     ,      ,      ,      ,      ,     ,     ,     ,     ,     ,    ,      ,    1.0,   0.0,   0.0,     0.0,     0.0,        ,        ,        ,        ,        ,        ,      
goodmpa01, 1939,     1, CHI , NHL , G  , 31.0,  0.0,   0.0,   0.0,   0.0,      ,     ,     ,     ,     ,     ,    ,      ,    2.0,   0.0,   0.0,     0.0,     0.0,        ,        ,        ,        ,        ,        ,      
goodmpa01, 1940,     1, CHI , NHL , G  , 21.0,  0.0,   0.0,   0.0,   0.0,      ,     ,     ,     ,     ,     ,    ,      ,       ,      ,      ,        ,        ,        ,        ,        ,        ,        ,        ,      
gordivi01, 1992,     1, BUF , NHL , R  , 16.0,  3.0,   6.0,   9.0,   0.0, 4.0  ,  0.0,  0.0,  0.0,  0.0,  0.0, 0.0,  24.0,       ,      ,      ,        ,        ,        ,        ,        ,        ,        ,        ,      
gordivi01, 1994,     1, BUF , NHL , R  , 10.0,  0.0,   2.0,   2.0,   0.0, -3.0 ,  0.0,  1.0,  0.0,  0.0,  0.0, 0.0,  10.0,       ,      ,      ,        ,        ,        ,        ,        ,        ,        ,        ,      
gordoan01, 2008,     1, WAS , NHL , R  ,  1.0,  0.0,   0.0,   0.0,   0.0, 0.0  ,  0.0,  0.0,  0.0,  0.0,  0.0,    ,   1.0,       ,      ,      ,        ,        ,        ,        ,        ,        ,        ,        ,      
gordoan01, 2009,     1, WAS , NHL , R  ,  2.0,  0.0,   0.0,   0.0,   0.0, -2.0 ,  0.0,  0.0,  0.0,  0.0,  0.0,    ,   0.0,       ,      ,      ,        ,        ,        ,        ,        ,        ,        ,        ,      
gordobo01, 2003,     1, WAS , NHL , C  , 41.0,  1.0,   5.0,   6.0,   8.0, -9.0 ,  0.0,  0.0,  0.0,  0.0,  0.0, 0.0,  42.0,       ,      ,      ,        ,        ,        ,        ,        ,        ,        ,        ,      
gordobo01, 2005,     1, WAS , NHL , R  , 25.0,  0.0,   1.0,   1.0,   4.0, -4.0 ,  0.0,  0.0,  0.0,  0.0,  0.0,    ,  12.0,       ,      ,      ,        ,        ,        ,        ,        ,        ,        ,        ,      
gordobo01, 2006,     1, WAS , NHL , R  , 71.0,  7.0,  22.0,  29.0,  14.0, 10.0 ,  0.0,  0.0,  2.0,  4.0,  0.0,    , 104.0,       ,      ,      ,        ,        ,        ,        ,        ,        ,        ,        ,      
gordobo01, 2007,     1, WAS , NHL , C  , 67.0,  7.0,   9.0,  16.0,  12.0, 5.0  ,  0.0,  0.0,  1.0,  0.0,  0.0,    , 100.0,    7.0,   0.0,   0.0,     0.0,     0.0, -2.0   ,     0.0,     0.0,     0.0,     0.0,     0.0,     5.0
gordobo01, 2008,     1, WAS , NHL , C  , 63.0,  5.0,   9.0,  14.0,  16.0, -4.0 ,  0.0,  0.0,  1.0,  0.0,  2.0,    ,  69.0,   14.0,   0.0,   3.0,     3.0,     4.0, -1.0   ,     0.0,     0.0,     0.0,     2.0,     0.0,    10.0
gordobo01, 2009,     1, WAS , NHL , R  , 36.0,  4.0,   6.0,  10.0,  12.0, 4.0  ,  0.0,  0.0,  0.0,  0.0,  0.0,    ,  40.0,    6.0,   1.0,   1.0,     2.0,     0.0, 2.0    ,     0.0,     0.0,     1.0,     1.0,     0.0,    11.0
gordodo01, 1973,     1, LAS , WHA , R  , 29.0,  8.0,   6.0,  14.0,  24.0,      ,  1.0,     ,  0.0,     ,  0.0,    ,      ,       ,      ,      ,        ,        ,        ,        ,        ,        ,        ,        ,      
gordodo01, 1973,     2, CHC , WHA , R  , 23.0,  5.0,   4.0,   9.0,   9.0,      ,  3.0,     ,  0.0,     ,  0.0,    ,      ,   18.0,   4.0,   8.0,    12.0,     4.0,        ,        ,        ,        ,        ,     0.0,      
gordodo01, 1974,     1, CHC , WHA , R  , 42.0,  4.0,   5.0,   9.0,  10.0, -14.0,  1.0,     ,  0.0,     ,     ,    ,  49.0,       ,      ,      ,        ,        ,        ,        ,        ,        ,        ,        ,      
gordofr01, 1924,     1, SAS , WCHL, R  , 19.0,  2.0,   2.0,   4.0,  11.0,      ,     ,     ,     ,     ,     ,    ,      ,    2.0,   1.0,   0.0,     1.0,     0.0,        ,        ,        ,        ,        ,        ,      
gordofr01, 1925,     1, SAS , WCHL, R  , 30.0,  8.0,   2.0,  10.0,  36.0,      ,     ,     ,     ,     ,     ,    ,      ,    2.0,   0.0,   0.0,     0.0,     2.0,        ,        ,        ,        ,        ,        ,      
gordofr01, 1926,     1, DTC , NHL , F  , 38.0,  5.0,   5.0,  10.0,  28.0,      ,     ,     ,     ,     ,     ,    ,      ,       ,      ,      ,        ,        ,        ,        ,        ,        ,        ,        ,      
gordofr01, 1927,     1, BOS , NHL , F  , 43.0,  3.0,   2.0,   5.0,  40.0,      ,     ,     ,     ,     ,     ,    ,      ,    2.0,   0.0,   0.0,     0.0,     0.0,        ,        ,        ,        ,        ,        ,      
gordoja01, 1948,     1, NYR , NHL , C  , 31.0,  3.0,   9.0,  12.0,   0.0,      ,     ,     ,     ,     ,     ,    ,      ,       ,      ,      ,        ,        ,        ,        ,        ,        ,        ,        ,      
gordoja01, 1949,     1, NYR , NHL , C  ,  1.0,  0.0,   0.0,   0.0,   0.0,      ,     ,     ,     ,     ,     ,    ,      ,    9.0,   1.0,   1.0,     2.0,     7.0,        ,        ,        ,        ,        ,        ,      
gordoja01, 1950,     1, NYR , NHL , C  ,  4.0,  0.0,   1.0,   1.0,   0.0,      ,     ,     ,     ,     ,     ,    ,      ,       ,      ,      ,        ,        ,        ,        ,        ,        ,        ,        ,      
gordoro01, 1998,     1, VAN , NHL , C  ,  4.0,  0.0,   0.0,   0.0,   2.0, 0.0  ,  0.0,  0.0,  0.0,  0.0,  0.0, 0.0,   1.0,       ,      ,      ,        ,        ,        ,        ,        ,        ,        ,        ,      
gordosc01, 1989,     1, QUE , NHL , G  , 10.0,  0.0,   0.0,   0.0,   0.0, 0.0  ,  0.0,  0.0,  0.0,  0.0,  0.0, 0.0,   0.0,       ,      ,      ,        ,        ,        ,        ,        ,        ,        ,        ,      
gordosc01, 1990,     1, QUE , NHL , G  , 13.0,  0.0,   0.0,   0.0,   0.0, 0.0  ,  0.0,  0.0,  0.0,  0.0,  0.0, 0.0,   0.0,       ,      ,      ,        ,        ,        ,        ,        ,        ,        ,        ,      
gorenle01, 2000,     1, BOS , NHL , R  , 21.0,  2.0,   0.0,   2.0,   7.0, -3.0 ,  1.0,  0.0,  0.0,  0.0,  0.0, 0.0,   9.0,       ,      ,      ,        ,        ,        ,        ,        ,        ,        ,        ,      
gorenle01, 2002,     1, BOS , NHL , R  , 14.0,  2.0,   1.0,   3.0,   7.0, -2.0 ,  2.0,  0.0,  0.0,  0.0,  0.0, 0.0,  15.0,    5.0,   0.0,   0.0,     0.0,     5.0, -1.0   ,     0.0,     0.0,     0.0,     0.0,     0.0,     3.0
gorenle01, 2003,     1, FLO , NHL , R  ,  2.0,  0.0,   1.0,   1.0,   0.0, -4.0 ,  0.0,  1.0,  0.0,  0.0,  0.0, 0.0,   1.0,       ,      ,      ,        ,        ,        ,        ,        ,        ,        ,        ,      
gorenle01, 2005,     1, VAN , NHL , R  , 28.0,  1.0,   2.0,   3.0,  30.0, -6.0 ,  0.0,  0.0,  0.0,  0.0,  1.0,    ,  37.0,       ,      ,      ,        ,        ,        ,        ,        ,        ,        ,        ,      
gorenle01, 2006,     1, VAN , NHL , R  ,  2.0,  0.0,   0.0,   0.0,   0.0, -1.0 ,  0.0,  0.0,  0.0,  0.0,  0.0,    ,   2.0,       ,      ,      ,        ,        ,        ,        ,        ,        ,        ,        ,      
gorento01, 1978,     1, PHI , NHL , R  , 42.0, 13.0,   6.0,  19.0,  10.0, 16.0 ,  1.0,     ,  0.0,     ,  3.0, 1.0,  85.0,    7.0,   3.0,   1.0,     4.0,     0.0,        ,     1.0,        ,     0.0,        ,     0.0,      
gorento01, 1979,     1, PHI , NHL , R  , 51.0,  8.0,  13.0,  21.0,  15.0, 7.0  ,  0.0,     ,  0.0,     ,  2.0, 1.0,  89.0,   15.0,   3.0,   3.0,     6.0,    18.0,        ,     1.0,        ,     0.0,        ,     0.0,      
gorento01, 1980,     1, PHI , NHL , R  , 79.0, 24.0,  18.0,  42.0,  46.0, 17.0 ,  0.0,     ,  3.0,     ,  6.0, 1.0, 165.0,   12.0,   3.0,   2.0,     5.0,    29.0,        ,     0.0,        ,     0.0,        ,     0.0,      
gorento01, 1981,     1, PHI , NHL , R  , 66.0,  5.0,   8.0,  13.0,   8.0, -17.0,  0.0,     ,  1.0,     ,  0.0, 0.0,  88.0,    3.0,   0.0,   0.0,     0.0,     0.0,        ,     0.0,        ,     0.0,        ,     0.0,      
gorento01, 1982,     1, PHI , NHL , R  , 53.0,  7.0,   7.0,  14.0,  10.0, 4.0  ,  0.0,     ,  0.0,     ,  0.0, 0.0,  50.0,       ,      ,      ,        ,        ,        ,        ,        ,        ,        ,        ,      
gorento01, 1983,     1, EDM , NHL , R  , 12.0,  1.0,   1.0,   2.0,   0.0, 0.0  ,  0.0,     ,  0.0,     ,  0.0, 0.0,   7.0,       ,      ,      ,        ,        ,        ,        ,        ,        ,        ,        ,      
gorgejo01, 2005,     1, SJS , NHL , D  , 49.0,  0.0,   6.0,   6.0,  31.0, 5.0  ,  0.0,  1.0,  0.0,  0.0,  0.0,    ,  25.0,   11.0,   0.0,   1.0,     1.0,     4.0, -1.0   ,     0.0,     0.0,     0.0,     0.0,     0.0,     6.0
gorgejo01, 2006,     1, SJS , NHL , D  , 47.0,  1.0,   3.0,   4.0,  26.0, -3.0 ,  0.0,  2.0,  0.0,  0.0,  0.0,    ,  37.0,       ,      ,      ,        ,        ,        ,        ,        ,        ,        ,        ,      
gorgejo01, 2006,     2, MTL , NHL , D  ,  7.0,  0.0,   0.0,   0.0,   0.0, -1.0 ,  0.0,  0.0,  0.0,  0.0,  0.0,    ,   3.0,       ,      ,      ,        ,        ,        ,        ,        ,        ,        ,        ,      
gorgejo01, 2007,     1, MTL , NHL , D  , 62.0,  0.0,   9.0,   9.0,  32.0, 0.0  ,  0.0,  0.0,  0.0,  0.0,  0.0,    ,  41.0,   12.0,   0.0,   3.0,     3.0,     0.0, -2.0   ,     0.0,     0.0,     0.0,     0.0,     0.0,     7.0
gorgejo01, 2008,     1, MTL , NHL , D  , 81.0,  4.0,  19.0,  23.0,  37.0, 12.0 ,  2.0,  3.0,  0.0,  1.0,  0.0,    ,  63.0,    4.0,   0.0,   1.0,     1.0,     7.0, 0.0    ,     0.0,     0.0,     0.0,     0.0,     0.0,     2.0
gorgejo01, 2009,     1, MTL , NHL , D  , 82.0,  3.0,   7.0,  10.0,  39.0, 2.0  ,  0.0,  3.0,  0.0,  0.0,  1.0,    ,  52.0,   19.0,   0.0,   2.0,     2.0,    14.0, -4.0   ,     0.0,     0.0,     0.0,     0.0,     0.0,     5.0
gorinbu01, 1969,     1, LAK , NHL , C  , 59.0, 13.0,  23.0,  36.0,   8.0, -15.0,  2.0,     ,  0.0,     ,  0.0, 1.0, 125.0,       ,      ,      ,        ,        ,        ,        ,        ,        ,        ,        ,      
gorinbu01, 1970,     1, LAK , NHL , C  , 19.0,  2.0,   5.0,   7.0,   2.0, 4.0  ,  0.0,     ,  0.0,     ,  0.0, 1.0,  15.0,       ,      ,      ,        ,        ,        ,        ,        ,        ,        ,        ,      
gorinbu01, 1971,     1, LAK , NHL , C  , 74.0, 21.0,  29.0,  50.0,   2.0, -10.0,  3.0,     ,  0.0,     ,  2.0, 2.0, 137.0,       ,      ,      ,        ,        ,        ,        ,        ,        ,        ,        ,      
gorinbu01, 1972,     1, LAK , NHL , C  , 67.0, 28.0,  31.0,  59.0,   2.0, 0.0  ,  4.0,     ,  1.0,     ,  1.0, 2.0, 148.0,       ,      ,      ,        ,        ,        ,        ,        ,        ,        ,        ,      
gorinbu01, 1973,     1, LAK , NHL , C  , 70.0, 28.0,  33.0,  61.0,   2.0, 2.0  ,  5.0,     ,  3.0,     ,  5.0, 0.0, 161.0,    5.0,   0.0,   1.0,     1.0,     0.0,        ,     0.0,        ,     0.0,        ,     0.0,      
gorinbu01, 1974,     1, LAK , NHL , C  , 60.0, 27.0,  33.0,  60.0,   6.0, 26.0 ,  6.0,     ,  3.0,     ,  7.0, 2.0, 134.0,    3.0,   0.0,   0.0,     0.0,     0.0,        ,     0.0,        ,     0.0,        ,     0.0,      
gorinbu01, 1975,     1, LAK , NHL , C  , 80.0, 33.0,  40.0,  73.0,   8.0, 0.0  ,  5.0,     ,  5.0,     ,  2.0, 1.0, 193.0,    9.0,   2.0,   3.0,     5.0,     4.0,        ,     1.0,        ,     0.0,        ,     2.0,      
gorinbu01, 1976,     1, LAK , NHL , C  , 78.0, 30.0,  55.0,  85.0,   6.0, 10.0 , 13.0,     ,  0.0,     ,  3.0, 1.0, 216.0,    9.0,   7.0,   5.0,    12.0,     0.0,        ,     3.0,        ,     0.0,        ,     2.0,      
gorinbu01, 1977,     1, LAK , NHL , C  , 80.0, 37.0,  36.0,  73.0,   2.0, -4.0 ,  9.0,     ,  3.0,     ,  5.0, 2.0, 248.0,    2.0,   0.0,   0.0,     0.0,     2.0,        ,     0.0,        ,     0.0,        ,     0.0,      
gorinbu01, 1978,     1, LAK , NHL , C  , 80.0, 36.0,  51.0,  87.0,  16.0, -20.0, 13.0,     ,  4.0,     ,  2.0, 2.0, 217.0,    2.0,   0.0,   0.0,     0.0,     0.0,        ,     0.0,        ,     0.0,        ,     0.0,      
gorinbu01, 1979,     1, LAK , NHL , C  , 69.0, 20.0,  48.0,  68.0,  12.0, -21.0,  2.0,     ,  1.0,     ,  1.0, 1.0, 160.0,       ,      ,      ,        ,        ,        ,        ,        ,        ,        ,        ,      
gorinbu01, 1979,     2, NYI , NHL , C  , 12.0,  6.0,   5.0,  11.0,   2.0, 7.0  ,  0.0,     ,  1.0,     ,  0.0, 1.0,  20.0,   21.0,   7.0,  12.0,    19.0,     2.0,        ,     1.0,        ,     0.0,        ,     0.0,      
gorinbu01, 1980,     1, NYI , NHL , C  , 78.0, 23.0,  37.0,  60.0,   0.0, 4.0  ,  4.0,     ,  1.0,     ,  1.0, 1.0, 152.0,   18.0,  10.0,  10.0,    20.0,     6.0,        ,     4.0,        ,     2.0,        ,     2.0,      
gorinbu01, 1981,     1, NYI , NHL , C  , 67.0, 15.0,  17.0,  32.0,  10.0, -3.0 ,  1.0,     ,  5.0,     ,  1.0, 0.0,  63.0,   19.0,   6.0,   5.0,    11.0,    12.0,        ,     1.0,        ,     0.0,        ,     2.0,      
gorinbu01, 1982,     1, NYI , NHL , C  , 75.0, 19.0,  20.0,  39.0,   8.0, 10.0 ,  2.0,     ,  5.0,     ,  4.0, 0.0,  98.0,   20.0,   4.0,   8.0,    12.0,     4.0,        ,     0.0,        ,     0.0,        ,     1.0,      
gorinbu01, 1983,     1, NYI , NHL , C  , 71.0, 22.0,  24.0,  46.0,   8.0, 9.0  ,  0.0,     ,  5.0,     ,  3.0, 0.0,  89.0,   21.0,   1.0,   5.0,     6.0,     2.0, 2.0    ,     1.0,        ,     0.0,        ,     0.0,    16.0
gorinbu01, 1984,     1, NYI , NHL , C  , 29.0,  2.0,   5.0,   7.0,   2.0, -11.0,  0.0,     ,  1.0,     ,  0.0, 0.0,  19.0,       ,      ,      ,        ,        ,        ,        ,        ,        ,        ,        ,      
gorinbu01, 1984,     2, BOS , NHL , C  , 39.0, 13.0,  21.0,  34.0,   6.0, -8.0 ,  2.0,     ,  2.0,     ,  2.0, 0.0,  84.0,    5.0,   1.0,   1.0,     2.0,     0.0, 1.0    ,     0.0,        ,     0.0,        ,     0.0,    11.0
gormada01, 1974,     1, PHR , WHA , R  , 13.0,  3.0,   5.0,   8.0,  10.0,      ,  0.0,     ,  0.0,     ,     ,    ,  15.0,       ,      ,      ,        ,        ,        ,        ,        ,        ,        ,        ,      
gormada01, 1975,     1, PHR , WHA , R  , 67.0, 11.0,  20.0,  31.0,  28.0, 0.0  ,  1.0,     ,  0.0,     ,  1.0,    , 120.0,    5.0,   0.0,   2.0,     2.0,    24.0, 1.0    ,        ,        ,        ,        ,        ,      
gormada01, 1976,     1, PHR , WHA , R  ,  5.0,  0.0,   0.0,   0.0,   0.0, -2.0 ,  0.0,     ,  0.0,     ,  0.0,    ,   6.0,       ,      ,      ,        ,        ,        ,        ,        ,        ,        ,        ,      
gormada01, 1976,     2, BIR , WHA , R  , 52.0,  9.0,  13.0,  22.0,  38.0, 2.0  ,  0.0,     ,  1.0,     ,     ,    ,  62.0,       ,      ,      ,        ,        ,        ,        ,        ,        ,        ,        ,      
gormada01, 1977,     1, BIR , WHA , R  , 63.0, 19.0,  21.0,  40.0,  93.0, 18.0 ,  2.0,     ,  0.0,     ,     ,    , 108.0,    4.0,   1.0,   1.0,     2.0,     0.0, -2.0   ,        ,        ,        ,        ,     0.0,      
gormada01, 1978,     1, BIR , WHA , L  , 60.0, 14.0,  24.0,  38.0,  18.0, -1.0 ,  2.0,     ,  0.0,     ,     ,    ,  74.0,       ,      ,      ,        ,        ,        ,        ,        ,        ,        ,        ,      
gormada01, 1979,     1, ATF , NHL , R  ,  3.0,  0.0,   0.0,   0.0,   0.0, -1.0 ,  0.0,     ,  0.0,     ,  0.0, 0.0,   1.0,       ,      ,      ,        ,        ,        ,        ,        ,        ,        ,        ,      
gormaed01, 1924,     1, OTS , NHL , D  , 28.0, 11.0,   4.0,  15.0,  49.0,      ,     ,     ,     ,     ,     ,    ,      ,       ,      ,      ,        ,        ,        ,        ,        ,        ,        ,        ,      
gormaed01, 1925,     1, OTS , NHL , D  , 23.0,  2.0,   1.0,   3.0,  12.0,      ,     ,     ,     ,     ,     ,    ,      ,    2.0,   0.0,   0.0,     0.0,     2.0,        ,        ,        ,        ,        ,        ,      
gormaed01, 1926,     1, OTS , NHL , F/D, 41.0,  1.0,   0.0,   1.0,  17.0,      ,     ,     ,     ,     ,     ,    ,      ,    6.0,   0.0,   0.0,     0.0,     0.0,        ,        ,        ,        ,        ,        ,      
gormaed01, 1927,     1, TOR , NHL , D  , 19.0,  0.0,   1.0,   1.0,  30.0,      ,     ,     ,     ,     ,     ,    ,      ,       ,      ,      ,        ,        ,        ,        ,        ,        ,        ,        ,      
gossebe01, 1977,     1, NYR , NHL , L  ,  7.0,  0.0,   0.0,   0.0,  33.0, -3.0 ,  0.0,     ,  0.0,     ,  0.0, 0.0,   4.0,       ,      ,      ,        ,        ,        ,        ,        ,        ,        ,        ,      
gosseda01, 1999,     1, NAS , NHL , R  , 10.0,  2.0,   1.0,   3.0,   6.0, -4.0 ,  0.0,  0.0,  0.0,  0.0,  0.0, 0.0,  14.0,       ,      ,      ,        ,        ,        ,        ,        ,        ,        ,        ,      
gosseda01, 2001,     1, NAS , NHL , R  ,  3.0,  0.0,   0.0,   0.0,   5.0, -1.0 ,  0.0,  0.0,  0.0,  0.0,  0.0, 0.0,   0.0,       ,      ,      ,        ,        ,        ,        ,        ,        ,        ,        ,      
gossegu01, 1987,     1, WIN , NHL , D  ,  5.0,  0.0,   0.0,   0.0,   6.0, -1.0 ,  0.0,  0.0,  0.0,  0.0,  0.0, 0.0,   1.0,       ,      ,      ,        ,        ,        ,        ,        ,        ,        ,        ,      
gossema01, 1983,     1, QUE , NHL , G  ,  3.0,  0.0,   0.0,   0.0,   2.0, 0.0  ,  0.0,     ,  0.0,     ,  0.0, 0.0,   0.0,       ,      ,      ,        ,        ,        ,        ,        ,        ,        ,        ,      
gossema01, 1984,     1, QUE , NHL , G  , 36.0,  0.0,   0.0,   0.0,   2.0, 0.0  ,  0.0,     ,  0.0,     ,  0.0, 0.0,   0.0,   17.0,   0.0,   2.0,     2.0,     2.0, 0.0    ,     0.0,        ,     0.0,        ,     0.0,     0.0
gossema01, 1985,     1, QUE , NHL , G  , 31.0,  0.0,   3.0,   3.0,   2.0, 0.0  ,  0.0,     ,  0.0,     ,  0.0, 0.0,   0.0,    1.0,   0.0,   0.0,     0.0,     0.0, 0.0    ,     0.0,        ,     0.0,        ,     0.0,     0.0
gossema01, 1986,     1, QUE , NHL , G  , 30.0,  0.0,   3.0,   3.0,  20.0, 0.0  ,  0.0,     ,  0.0,     ,  0.0, 0.0,   0.0,   11.0,   0.0,   0.0,     0.0,     2.0, 0.0    ,     0.0,        ,     0.0,        ,     0.0,     0.0
gossema01, 1987,     1, QUE , NHL , G  , 54.0,  0.0,   0.0,   0.0,   8.0, 0.0  ,  0.0,  0.0,  0.0,  0.0,  0.0, 0.0,   0.0,       ,      ,      ,        ,        ,        ,        ,        ,        ,        ,        ,      
gossema01, 1988,     1, QUE , NHL , G  , 39.0,  0.0,   2.0,   2.0,   6.0, 0.0  ,  0.0,     ,  0.0,     ,  0.0, 0.0,   0.0,       ,      ,      ,        ,        ,        ,        ,        ,        ,        ,        ,      
gossema01, 1989,     1, LAK , NHL , G  , 26.0,  0.0,   0.0,   0.0,   0.0, 0.0  ,  0.0,  0.0,  0.0,  0.0,  0.0, 0.0,   0.0,    3.0,   0.0,   0.0,     0.0,     0.0, 0.0    ,     0.0,     0.0,     0.0,     0.0,     0.0,     0.0
gossema01, 1992,     1, HAR , NHL , G  , 16.0,  0.0,   1.0,   1.0,   2.0, 0.0  ,  0.0,  0.0,  0.0,  0.0,  0.0, 0.0,   0.0,       ,      ,      ,        ,        ,        ,        ,        ,        ,        ,        ,      
gossema01, 1993,     1, HAR , NHL , G  ,  7.0,  0.0,   0.0,   0.0,   0.0, 0.0  ,  0.0,  0.0,  0.0,  0.0,  0.0, 0.0,   0.0,       ,      ,      ,        ,        ,        ,        ,        ,        ,        ,        ,      
gosseri01, 1978,     1, WIJ , WHA , C  ,  3.0,  0.0,   0.0,   0.0,   0.0, -1.0 ,  0.0,     ,  0.0,     ,     ,    ,   1.0,       ,      ,      ,        ,        ,        ,        ,        ,        ,        ,        ,      
gotaast01, 1987,     1, PIT , NHL , C  , 36.0,  5.0,   6.0,  11.0,  45.0, -11.0,  0.0,  0.0,  0.0,  0.0,  1.0, 0.0,  27.0,       ,      ,      ,        ,        ,        ,        ,        ,        ,        ,        ,      
gotaast01, 1988,     1, MNS , NHL , C  , 12.0,  1.0,   3.0,   4.0,   6.0, -1.0 ,  1.0,  1.0,  0.0,  0.0,  0.0, 0.0,  18.0,    3.0,   0.0,   1.0,     1.0,     5.0, 1.0    ,     0.0,     0.0,     0.0,     0.0,     0.0,     1.0
gotaast01, 1990,     1, MNS , NHL , C  ,  1.0,  0.0,   0.0,   0.0,   2.0, -1.0 ,  0.0,  0.0,  0.0,  0.0,  0.0, 0.0,   2.0,       ,      ,      ,        ,        ,        ,        ,        ,        ,        ,        ,      
gottsjo01, 1928,     1, CHI , NHL , L  , 44.0,  5.0,   3.0,   8.0,  26.0,      ,     ,     ,     ,     ,     ,    ,      ,       ,      ,      ,        ,        ,        ,        ,        ,        ,        ,        ,      
gottsjo01, 1929,     1, CHI , NHL , L  , 39.0, 21.0,   4.0,  25.0,  28.0,      ,     ,     ,     ,     ,     ,    ,      ,    2.0,   0.0,   0.0,     0.0,     4.0,        ,        ,        ,        ,        ,        ,      
gottsjo01, 1930,     1, CHI , NHL , L  , 42.0, 20.0,  12.0,  32.0,  14.0,      ,     ,     ,     ,     ,     ,    ,      ,    9.0,   3.0,   3.0,     6.0,     2.0,        ,        ,        ,        ,        ,        ,      
gottsjo01, 1931,     1, CHI , NHL , L  , 44.0, 14.0,  15.0,  29.0,  28.0,      ,     ,     ,     ,     ,     ,    ,      ,    2.0,   0.0,   0.0,     0.0,     2.0,        ,        ,        ,        ,        ,        ,      
gottsjo01, 1932,     1, CHI , NHL , L  , 41.0, 11.0,  11.0,  22.0,   6.0,      ,     ,     ,     ,     ,     ,    ,      ,       ,      ,      ,        ,        ,        ,        ,        ,        ,        ,        ,      
gottsjo01, 1933,     1, CHI , NHL , L  , 48.0, 16.0,  14.0,  30.0,   4.0,      ,     ,     ,     ,     ,     ,    ,      ,    8.0,   4.0,   3.0,     7.0,     4.0,        ,        ,        ,        ,        ,        ,      
gottsjo01, 1934,     1, CHI , NHL , L  , 48.0, 19.0,  18.0,  37.0,  16.0,      ,     ,     ,     ,     ,     ,    ,      ,    2.0,   0.0,   0.0,     0.0,     0.0,        ,        ,        ,        ,        ,        ,      
gottsjo01, 1935,     1, CHI , NHL , L  , 40.0, 14.0,  15.0,  29.0,   4.0,      ,     ,     ,     ,     ,     ,    ,      ,    2.0,   0.0,   2.0,     2.0,     0.0,        ,        ,        ,        ,        ,        ,      
gottsjo01, 1936,     1, CHI , NHL , L  , 47.0,  9.0,  21.0,  30.0,  10.0,      ,     ,     ,     ,     ,     ,    ,      ,       ,      ,      ,        ,        ,        ,        ,        ,        ,        ,        ,      
gottsjo01, 1937,     1, CHI , NHL , L  , 48.0, 13.0,  19.0,  32.0,  22.0,      ,     ,     ,     ,     ,     ,    ,      ,   10.0,   5.0,   3.0,     8.0,     4.0,        ,        ,        ,        ,        ,        ,      
gottsjo01, 1938,     1, CHI , NHL , L  , 48.0, 16.0,  23.0,  39.0,  15.0,      ,     ,     ,     ,     ,     ,    ,      ,       ,      ,      ,        ,        ,        ,        ,        ,        ,        ,        ,      
gottsjo01, 1939,     1, CHI , NHL , L  , 39.0,  8.0,  15.0,  23.0,   7.0,      ,     ,     ,     ,     ,     ,    ,      ,    2.0,   0.0,   1.0,     1.0,     0.0,        ,        ,        ,        ,        ,        ,      
gottsjo01, 1940,     1, CHI , NHL , L  ,  5.0,  1.0,   4.0,   5.0,   5.0,      ,     ,     ,     ,     ,     ,    ,      ,       ,      ,      ,        ,        ,        ,        ,        ,        ,        ,        ,      
gottsjo01, 1942,     1, CHI , NHL , L  , 10.0,  2.0,   6.0,   8.0,  12.0,      ,     ,     ,     ,     ,     ,    ,      ,       ,      ,      ,        ,        ,        ,        ,        ,        ,        ,        ,      
gottsjo01, 1943,     1, CHI , NHL , L  , 45.0,  8.0,  15.0,  23.0,   6.0,      ,     ,     ,     ,     ,     ,    ,      ,    6.0,   1.0,   1.0,     2.0,     2.0,        ,        ,        ,        ,        ,        ,      
gottsjo01, 1944,     1, CHI , NHL , L  ,  1.0,  0.0,   0.0,   0.0,   0.0,      ,     ,     ,     ,     ,     ,    ,      ,       ,      ,      ,        ,        ,        ,        ,        ,        ,        ,        ,      
gouldbo01, 1979,     1, ATF , NHL , R  ,  1.0,  0.0,   0.0,   0.0,   0.0, -1.0 ,  0.0,     ,  0.0,     ,  0.0, 0.0,   1.0,       ,      ,      ,        ,        ,        ,        ,        ,        ,        ,        ,      
gouldbo01, 1980,     1, CAL , NHL , R  ,  3.0,  0.0,   0.0,   0.0,   0.0, 0.0  ,  0.0,     ,  0.0,     ,  0.0, 0.0,   5.0,   11.0,   3.0,   1.0,     4.0,     4.0,        ,     0.0,        ,     0.0,        ,     0.0,      
gouldbo01, 1981,     1, CAL , NHL , R  , 16.0,  3.0,   0.0,   3.0,   4.0, -2.0 ,  0.0,     ,  0.0,     ,  1.0, 0.0,  18.0,       ,      ,      ,        ,        ,        ,        ,        ,        ,        ,        ,      
gouldbo01, 1981,     2, WAS , NHL , R  , 60.0, 18.0,  13.0,  31.0,  69.0, -3.0 ,  1.0,     ,  0.0,     ,  1.0, 1.0, 103.0,       ,      ,      ,        ,        ,        ,        ,        ,        ,        ,        ,      
gouldbo01, 1982,     1, WAS , NHL , R  , 80.0, 22.0,  18.0,  40.0,  43.0, 16.0 ,  0.0,     ,  0.0,     ,  6.0, 1.0, 142.0,    4.0,   5.0,   0.0,     5.0,     4.0,        ,     1.0,        ,     0.0,        ,     1.0,      
gouldbo01, 1983,     1, WAS , NHL , R  , 78.0, 21.0,  19.0,  40.0,  74.0, -2.0 ,  4.0,     ,  0.0,     ,  4.0, 0.0, 155.0,    5.0,   0.0,   2.0,     2.0,     4.0, 3.0    ,     0.0,        ,     0.0,        ,     0.0,     6.0
gouldbo01, 1984,     1, WAS , NHL , R  , 78.0, 14.0,  19.0,  33.0,  69.0, 10.0 ,  0.0,     ,  1.0,     ,  3.0, 0.0, 114.0,    5.0,   0.0,   1.0,     1.0,     2.0, -1.0   ,     0.0,        ,     0.0,        ,     0.0,    12.0
gouldbo01, 1985,     1, WAS , NHL , R  , 79.0, 19.0,  19.0,  38.0,  26.0, 7.0  ,  0.0,     ,  3.0,     ,  5.0, 0.0, 125.0,    9.0,   4.0,   3.0,     7.0,    11.0, 5.0    ,     0.0,        ,     0.0,        ,     0.0,    24.0
gouldbo01, 1986,     1, WAS , NHL , R  , 78.0, 23.0,  27.0,  50.0,  74.0, 18.0 ,  1.0,     ,  1.0,     ,  2.0, 1.0, 156.0,    7.0,   0.0,   3.0,     3.0,     8.0, 3.0    ,     0.0,        ,     0.0,        ,     0.0,    27.0
gouldbo01, 1987,     1, WAS , NHL , R  , 72.0, 12.0,  14.0,  26.0,  56.0, -1.0 ,  0.0,  0.0,  0.0,  0.0,  2.0, 0.0, 119.0,   14.0,   3.0,   1.0,     4.0,    21.0, -1.0   ,     0.0,     0.0,     2.0,     0.0,     0.0,    16.0
gouldbo01, 1988,     1, WAS , NHL , C  , 75.0,  5.0,  13.0,  18.0,  65.0, -2.0 ,  0.0,  0.0,  1.0,  0.0,  0.0, 0.0,  91.0,    6.0,   0.0,   2.0,     2.0,     0.0, -1.0   ,     0.0,     0.0,     0.0,     1.0,     0.0,     4.0
gouldbo01, 1989,     1, BOS , NHL , R  , 77.0,  8.0,  17.0,  25.0,  92.0, -3.0 ,  0.0,  1.0,  0.0,  0.0,  2.0, 0.0,  92.0,   17.0,   0.0,   0.0,     0.0,     4.0, -3.0   ,     0.0,     0.0,     0.0,     0.0,     0.0,    14.0
gouldjo01, 1971,     1, BUF , NHL , L  ,  2.0,  1.0,   0.0,   1.0,   0.0, -1.0 ,  0.0,     ,  0.0,     ,  0.0, 0.0,   3.0,       ,      ,      ,        ,        ,        ,        ,        ,        ,        ,        ,      
gouldjo01, 1972,     1, BUF , NHL , L  ,  8.0,  0.0,   1.0,   1.0,   0.0, 0.0  ,  0.0,     ,  0.0,     ,  0.0, 0.0,   4.0,       ,      ,      ,        ,        ,        ,        ,        ,        ,        ,        ,      
gouldjo01, 1973,     1, BUF , NHL , L  , 30.0,  4.0,   2.0,   6.0,   2.0, -7.0 ,  0.0,     ,  0.0,     ,  1.0, 0.0,  48.0,       ,      ,      ,        ,        ,        ,        ,        ,        ,        ,        ,      
gouldjo01, 1973,     2, VAN , NHL , R  , 45.0,  9.0,  10.0,  19.0,   8.0, -4.0 ,  2.0,     ,  0.0,     ,  4.0, 0.0, 127.0,       ,      ,      ,        ,        ,        ,        ,        ,        ,        ,        ,      
gouldjo01, 1974,     1, VAN , NHL , R  , 78.0, 34.0,  31.0,  65.0,  27.0, 7.0  ,  7.0,     ,  0.0,     ,  6.0, 0.0, 230.0,    5.0,   2.0,   2.0,     4.0,     0.0,        ,     1.0,        ,     0.0,        ,     0.0,      
gouldjo01, 1975,     1, VAN , NHL , R  , 70.0, 32.0,  27.0,  59.0,  16.0, 9.0  ,  6.0,     ,  1.0,     ,  5.0, 1.0, 225.0,    2.0,   1.0,   0.0,     1.0,     0.0,        ,     0.0,        ,     1.0,        ,     0.0,      
gouldjo01, 1976,     1, VAN , NHL , R  , 25.0,  7.0,   8.0,  15.0,   2.0, -9.0 ,  1.0,     ,  0.0,     ,  2.0, 1.0,  65.0,       ,      ,      ,        ,        ,        ,        ,        ,        ,        ,        ,      
gouldjo01, 1976,     2, ATF , NHL , R  , 54.0,  8.0,  15.0,  23.0,   8.0, -2.0 ,  1.0,     ,  1.0,     ,  0.0, 1.0, 113.0,    3.0,   0.0,   0.0,     0.0,     2.0,        ,     0.0,        ,     0.0,        ,     0.0,      
gouldjo01, 1977,     1, ATF , NHL , L  , 79.0, 19.0,  28.0,  47.0,  21.0, 7.0  ,  2.0,     ,  0.0,     ,  4.0, 2.0, 133.0,    2.0,   0.0,   0.0,     0.0,     2.0,        ,     0.0,        ,     0.0,        ,     0.0,      
gouldjo01, 1978,     1, ATF , NHL , L  , 61.0,  8.0,   7.0,  15.0,  18.0, -4.0 ,  0.0,     ,  0.0,     ,  3.0, 0.0,  67.0,    2.0,   0.0,   0.0,     0.0,     0.0,        ,     0.0,        ,     0.0,        ,     0.0,      
gouldjo01, 1979,     1, BUF , NHL , L  , 52.0,  9.0,   9.0,  18.0,  11.0, 9.0  ,  0.0,     ,  0.0,     ,  2.0, 0.0,  72.0,       ,      ,      ,        ,        ,        ,        ,        ,        ,        ,        ,      
gouldla01, 1973,     1, VAN , NHL , L  ,  2.0,  0.0,   0.0,   0.0,   0.0, -2.0 ,  0.0,     ,  0.0,     ,  0.0, 0.0,   0.0,       ,      ,      ,        ,        ,        ,        ,        ,        ,        ,        ,      
goulemi01, 1978,     1, BIR , WHA , R  , 78.0, 28.0,  30.0,  58.0,  65.0, 13.0 ,  3.0,     ,  0.0,     ,     ,    , 146.0,       ,      ,      ,        ,        ,        ,        ,        ,        ,        ,        ,      
goulemi01, 1979,     1, QUE , NHL , L  , 77.0, 22.0,  32.0,  54.0,  48.0, -10.0,  5.0,     ,  0.0,     ,  1.0, 0.0, 167.0,       ,      ,      ,        ,        ,        ,        ,        ,        ,        ,        ,      
goulemi01, 1980,     1, QUE , NHL , R  , 76.0, 32.0,  39.0,  71.0,  45.0, 0.0  ,  3.0,     ,  2.0,     ,  3.0, 2.0, 265.0,    4.0,   3.0,   4.0,     7.0,     7.0,        ,     0.0,        ,     0.0,        ,     1.0,      
goulemi01, 1981,     1, QUE , NHL , L  , 80.0, 42.0,  42.0,  84.0,  48.0, 35.0 ,  7.0,     ,  6.0,     ,  3.0, 5.0, 251.0,   16.0,   8.0,   5.0,    13.0,     6.0,        ,     2.0,        ,     2.0,        ,     0.0,      
goulemi01, 1982,     1, QUE , NHL , L  , 80.0, 57.0,  48.0, 105.0,  51.0, 31.0 , 10.0,     ,  4.0,     ,  4.0, 1.0, 256.0,    4.0,   0.0,   0.0,     0.0,     6.0,        ,     0.0,        ,     0.0,        ,     0.0,      
goulemi01, 1983,     1, QUE , NHL , L  , 75.0, 56.0,  65.0, 121.0,  76.0, 62.0 , 11.0,     ,  2.0,     , 16.0, 1.0, 239.0,    9.0,   2.0,   4.0,     6.0,    17.0, 1.0    ,     0.0,        ,     0.0,        ,     0.0,    17.0
goulemi01, 1984,     1, QUE , NHL , L  , 69.0, 55.0,  40.0,  95.0,  55.0, 10.0 , 17.0,     ,  0.0,     ,  6.0, 2.0, 257.0,   17.0,  11.0,  10.0,    21.0,    17.0, 3.0    ,     7.0,        ,     0.0,        ,     0.0,    51.0
goulemi01, 1985,     1, QUE , NHL , L  , 75.0, 53.0,  51.0, 104.0,  64.0, 6.0  , 28.0,     ,  0.0,     ,  3.0, 1.0, 244.0,    3.0,   1.0,   2.0,     3.0,    10.0, -2.0   ,     1.0,        ,     0.0,        ,     0.0,    12.0
goulemi01, 1986,     1, QUE , NHL , L  , 75.0, 49.0,  47.0,  96.0,  61.0, -12.0, 17.0,     ,  0.0,     ,  6.0, 2.0, 276.0,   13.0,   9.0,   5.0,    14.0,    35.0, -2.0   ,     4.0,        ,     0.0,        ,     2.0,    40.0
goulemi01, 1987,     1, QUE , NHL , L  , 80.0, 48.0,  58.0, 106.0,  56.0, -31.0, 29.0, 25.0,  1.0,  0.0,  4.0, 1.0, 284.0,       ,      ,      ,        ,        ,        ,        ,        ,        ,        ,        ,      
goulemi01, 1988,     1, QUE , NHL , L  , 69.0, 26.0,  38.0,  64.0,  67.0, -20.0, 11.0, 13.0,  0.0,  0.0,  2.0, 0.0, 162.0,       ,      ,      ,        ,        ,        ,        ,        ,        ,        ,        ,      
goulemi01, 1989,     1, QUE , NHL , L  , 57.0, 16.0,  29.0,  45.0,  42.0, -33.0,  8.0,     ,  0.0,     ,  0.0, 0.0, 144.0,       ,      ,      ,        ,        ,        ,        ,        ,        ,        ,        ,      
goulemi01, 1989,     2, CHI , NHL , L  ,  8.0,  4.0,   1.0,   5.0,   9.0, 1.0  ,  1.0,     ,  1.0,     ,  0.0, 0.0,  10.0,   14.0,   2.0,   4.0,     6.0,     6.0, 2.0    ,     0.0,     1.0,     0.0,     0.0,     0.0,    18.0
goulemi01, 1990,     1, CHI , NHL , L  , 74.0, 27.0,  38.0,  65.0,  65.0, 27.0 ,  9.0, 11.0,  0.0,  0.0,  1.0, 1.0, 167.0,       ,      ,      ,        ,        ,        ,        ,        ,        ,        ,        ,      
goulemi01, 1991,     1, CHI , NHL , L  , 75.0, 22.0,  41.0,  63.0,  69.0, 20.0 ,  9.0, 11.0,  0.0,  1.0,  4.0, 0.0, 176.0,    9.0,   3.0,   4.0,     7.0,     6.0, 4.0    ,     0.0,     1.0,     0.0,     0.0,     1.0,    19.0
goulemi01, 1992,     1, CHI , NHL , L  , 63.0, 23.0,  21.0,  44.0,  43.0, 10.0 , 10.0, 10.0,  0.0,  0.0,  5.0, 0.0, 125.0,    3.0,   0.0,   1.0,     1.0,     0.0, -1.0   ,     0.0,     0.0,     0.0,     0.0,     0.0,     1.0
goulemi01, 1993,     1, CHI , NHL , L  , 56.0, 16.0,  14.0,  30.0,  26.0, 1.0  ,  3.0,  4.0,  0.0,  0.0,  6.0, 0.0, 120.0,       ,      ,      ,        ,        ,        ,        ,        ,        ,        ,        ,      
goupire01, 1935,     1, MTL , NHL , D  ,  4.0,  0.0,   0.0,   0.0,   0.0,      ,     ,     ,     ,     ,     ,    ,      ,       ,      ,      ,        ,        ,        ,        ,        ,        ,        ,        ,      
goupire01, 1936,     1, MTL , NHL , D  ,  4.0,  0.0,   0.0,   0.0,   0.0,      ,     ,     ,     ,     ,     ,    ,      ,       ,      ,      ,        ,        ,        ,        ,        ,        ,        ,        ,      
goupire01, 1937,     1, MTL , NHL , D  , 47.0,  4.0,   5.0,   9.0,  44.0,      ,     ,     ,     ,     ,     ,    ,      ,    3.0,   2.0,   0.0,     2.0,     4.0,        ,        ,        ,        ,        ,        ,      
goupire01, 1938,     1, MTL , NHL , D  , 18.0,  0.0,   2.0,   2.0,  24.0,      ,     ,     ,     ,     ,     ,    ,      ,       ,      ,      ,        ,        ,        ,        ,        ,        ,        ,        ,      
goupire01, 1939,     1, MTL , NHL , D  , 48.0,  2.0,  10.0,  12.0,  48.0,      ,     ,     ,     ,     ,     ,    ,      ,       ,      ,      ,        ,        ,        ,        ,        ,        ,        ,        ,      
goupire01, 1940,     1, MTL , NHL , D  , 48.0,  3.0,   6.0,   9.0,  81.0,      ,     ,     ,     ,     ,     ,    ,      ,    2.0,   0.0,   0.0,     0.0,     0.0,        ,        ,        ,        ,        ,        ,      
goupire01, 1941,     1, MTL , NHL , D  , 47.0,  1.0,   5.0,   6.0,  51.0,      ,     ,     ,     ,     ,     ,    ,      ,    3.0,   0.0,   0.0,     0.0,     2.0,        ,        ,        ,        ,        ,        ,      
goupire01, 1942,     1, MTL , NHL , D  ,  6.0,  2.0,   0.0,   2.0,   8.0,      ,     ,     ,     ,     ,     ,    ,      ,       ,      ,      ,        ,        ,        ,        ,        ,        ,        ,        ,      
goveda01 , 2005,     1, CAR , NHL , C  ,  1.0,  0.0,   1.0,   1.0,   0.0, 2.0  ,  0.0,  0.0,  0.0,  0.0,  0.0,    ,   0.0,       ,      ,      ,        ,        ,        ,        ,        ,        ,        ,        ,      
goveda01 , 2006,     1, CAR , NHL , L  ,  1.0,  0.0,   0.0,   0.0,   0.0, 0.0  ,  0.0,  0.0,  0.0,  0.0,  0.0,    ,   0.0,       ,      ,      ,        ,        ,        ,        ,        ,        ,        ,        ,      
govedch01, 1989,     1, HAR , NHL , L  , 12.0,  0.0,   1.0,   1.0,   6.0, 0.0  ,  0.0,  1.0,  0.0,  0.0,  0.0, 0.0,  13.0,    2.0,   0.0,   0.0,     0.0,     2.0, 0.0    ,     0.0,     0.0,     0.0,     0.0,     0.0,     1.0
govedch01, 1990,     1, HAR , NHL , L  , 14.0,  1.0,   3.0,   4.0,   4.0, -4.0 ,  0.0,  0.0,  0.0,  0.0,  1.0, 0.0,  10.0,       ,      ,      ,        ,        ,        ,        ,        ,        ,        ,        ,      
govedch01, 1992,     1, HAR , NHL , L  ,  7.0,  1.0,   0.0,   1.0,   0.0, -2.0 ,  0.0,  0.0,  0.0,  0.0,  0.0, 0.0,   6.0,       ,      ,      ,        ,        ,        ,        ,        ,        ,        ,        ,      
govedch01, 1993,     1, TOR , NHL , L  , 12.0,  2.0,   2.0,   4.0,  14.0, 4.0  ,  0.0,  0.0,  0.0,  0.0,  0.0, 1.0,  16.0,    2.0,   0.0,   0.0,     0.0,     0.0, -1.0   ,     0.0,     0.0,     0.0,     0.0,     0.0,     2.0
goverda01, 1991,     1, LAK , NHL , G  ,  2.0,  0.0,   1.0,   1.0,   0.0, 0.0  ,  0.0,  0.0,  0.0,  0.0,  0.0, 0.0,   0.0,       ,      ,      ,        ,        ,        ,        ,        ,        ,        ,        ,      
goverda01, 1992,     1, LAK , NHL , G  ,  2.0,  0.0,   0.0,   0.0,   0.0, 0.0  ,  0.0,  0.0,  0.0,  0.0,  0.0, 0.0,   0.0,       ,      ,      ,        ,        ,        ,        ,        ,        ,        ,        ,      
goverda01, 1993,     1, LAK , NHL , G  ,  1.0,  0.0,   0.0,   0.0,   0.0, 0.0  ,  0.0,  0.0,  0.0,  0.0,  0.0, 0.0,   0.0,       ,      ,      ,        ,        ,        ,        ,        ,        ,        ,        ,      
goyerge01, 1967,     1, CHI , NHL , C  , 40.0,  1.0,   2.0,   3.0,   4.0, -18.0,  0.0,     ,  0.0,     ,  0.0, 0.0,  20.0,    3.0,   0.0,   0.0,     0.0,     2.0,        ,     0.0,        ,     0.0,        ,     0.0,      
goyetph01, 1956,     1, MTL , NHL , C  , 14.0,  3.0,   4.0,   7.0,   0.0,      ,     ,     ,     ,     ,     ,    ,      ,   10.0,   2.0,   1.0,     3.0,     4.0,        ,        ,        ,        ,        ,        ,      
goyetph01, 1957,     1, MTL , NHL , C  , 70.0,  9.0,  37.0,  46.0,   8.0,      ,     ,     ,     ,     ,     ,    ,      ,   10.0,   4.0,   1.0,     5.0,     4.0,        ,        ,        ,        ,        ,        ,      
goyetph01, 1958,     1, MTL , NHL , R  , 63.0, 10.0,  18.0,  28.0,   8.0,      ,     ,     ,     ,     ,     ,    ,      ,   10.0,   0.0,   4.0,     4.0,     0.0,        ,        ,        ,        ,        ,        ,      
goyetph01, 1959,     1, MTL , NHL , C  , 65.0, 21.0,  22.0,  43.0,   4.0,      ,     ,     ,     ,     ,     ,    ,      ,    8.0,   2.0,   1.0,     3.0,     4.0,        ,        ,        ,        ,        ,        ,      
goyetph01, 1960,     1, MTL , NHL , C  , 62.0,  7.0,   4.0,  11.0,   4.0,      ,     ,     ,     ,     ,     ,    ,      ,    6.0,   3.0,   3.0,     6.0,     0.0,        ,        ,        ,        ,        ,     0.0,      
goyetph01, 1961,     1, MTL , NHL , C  , 69.0,  7.0,  27.0,  34.0,  18.0,      ,     ,     ,     ,     ,     ,    ,      ,    6.0,   1.0,   4.0,     5.0,     2.0,        ,        ,        ,        ,        ,     0.0,      
goyetph01, 1962,     1, MTL , NHL , C  , 32.0,  5.0,   8.0,  13.0,   2.0,      ,     ,     ,     ,     ,     ,    ,      ,    2.0,   0.0,   0.0,     0.0,     0.0,        ,        ,        ,        ,        ,     0.0,      
goyetph01, 1963,     1, NYR , NHL , C  , 67.0, 24.0,  41.0,  65.0,  15.0,      ,  6.0,     ,  0.0,     ,  4.0, 1.0,      ,       ,      ,      ,        ,        ,        ,        ,        ,        ,        ,        ,      
goyetph01, 1964,     1, NYR , NHL , C  , 52.0, 12.0,  34.0,  46.0,   6.0,      ,  5.0,     ,  0.0,     ,  2.0, 0.0,      ,       ,      ,      ,        ,        ,        ,        ,        ,        ,        ,        ,      
goyetph01, 1965,     1, NYR , NHL , C  , 60.0, 11.0,  31.0,  42.0,   6.0,      ,  4.0,     ,  0.0,     ,  0.0, 2.0,      ,       ,      ,      ,        ,        ,        ,        ,        ,        ,        ,        ,      
goyetph01, 1966,     1, NYR , NHL , C  , 70.0, 12.0,  49.0,  61.0,   6.0,      ,  1.0,     ,  0.0,     ,  1.0, 1.0,      ,    4.0,   1.0,   0.0,     1.0,     0.0,        ,        ,        ,        ,        ,     0.0,      
goyetph01, 1967,     1, NYR , NHL , C  , 73.0, 25.0,  40.0,  65.0,  10.0, 18.0 ,  4.0,     ,  0.0,     ,  7.0, 1.0, 179.0,    6.0,   0.0,   1.0,     1.0,     4.0,        ,     0.0,        ,     0.0,        ,     0.0,      
goyetph01, 1968,     1, NYR , NHL , C  , 67.0, 13.0,  32.0,  45.0,   8.0, 9.0  ,  2.0,     ,  0.0,     ,  3.0, 2.0, 135.0,    3.0,   0.0,   0.0,     0.0,     0.0,        ,     0.0,        ,     0.0,        ,     0.0,      
goyetph01, 1969,     1, STL , NHL , C  , 72.0, 29.0,  49.0,  78.0,  16.0, 3.0  , 13.0,     ,  0.0,     ,  5.0, 0.0, 152.0,   16.0,   3.0,  11.0,    14.0,     6.0,        ,     1.0,        ,     0.0,        ,     2.0,      
goyetph01, 1970,     1, BUF , NHL , C  , 60.0, 15.0,  46.0,  61.0,   6.0, -15.0,  9.0,     ,  0.0,     ,  1.0, 0.0, 119.0,       ,      ,      ,        ,        ,        ,        ,        ,        ,        ,        ,      
goyetph01, 1971,     1, BUF , NHL , C  , 37.0,  3.0,  21.0,  24.0,  14.0, -10.0,  3.0,     ,  0.0,     ,  0.0, 0.0,  33.0,       ,      ,      ,        ,        ,        ,        ,        ,        ,        ,        ,      
goyetph01, 1971,     2, NYR , NHL , C  ,  8.0,  1.0,   4.0,   5.0,   0.0, -1.0 ,  1.0,     ,  0.0,     ,  0.0, 0.0,  10.0,   13.0,   1.0,   3.0,     4.0,     2.0,        ,     1.0,        ,     0.0,        ,     0.0,      
grabnmi01, 2009,     1, VAN , NHL , R  , 20.0,  5.0,   6.0,  11.0,   8.0, 2.0  ,  2.0,  3.0,  0.0,  0.0,  1.0,    ,  63.0,    9.0,   1.0,   0.0,     1.0,     0.0, 2.0    ,     0.0,     0.0,     0.0,     0.0,     0.0,    14.0
grabomi01, 2006,     1, MTL , NHL , C  ,  3.0,  0.0,   0.0,   0.0,   0.0, -2.0 ,  0.0,  0.0,  0.0,  0.0,  0.0,    ,   5.0,       ,      ,      ,        ,        ,        ,        ,        ,        ,        ,        ,      
grabomi01, 2007,     1, MTL , NHL , C  , 24.0,  3.0,   6.0,   9.0,   8.0, -4.0 ,  0.0,  1.0,  0.0,  0.0,  1.0,    ,  23.0,       ,      ,      ,        ,        ,        ,        ,        ,        ,        ,        ,      
grabomi01, 2008,     1, TOR , NHL , C  , 78.0, 20.0,  28.0,  48.0,  92.0, -8.0 ,  6.0,  9.0,  0.0,  0.0,  2.0,    , 120.0,       ,      ,      ,        ,        ,        ,        ,        ,        ,        ,        ,      
grabomi01, 2009,     1, TOR , NHL , C  , 59.0, 10.0,  25.0,  35.0,  10.0, 3.0  ,  2.0,  3.0,  1.0,  0.0,  3.0,    , 126.0,       ,      ,      ,        ,        ,        ,        ,        ,        ,        ,        ,      
graboto01, 1940,     1, MTL , NHL , L  , 34.0,  4.0,   3.0,   7.0,  12.0,      ,     ,     ,     ,     ,     ,    ,      ,    3.0,   0.0,   0.0,     0.0,     6.0,        ,        ,        ,        ,        ,        ,      
graboto01, 1941,     1, MTL , NHL , L  , 23.0,  2.0,   5.0,   7.0,   8.0,      ,     ,     ,     ,     ,     ,    ,      ,       ,      ,      ,        ,        ,        ,        ,        ,        ,        ,        ,      
graboto01, 1942,     1, MTL , NHL , L  ,  9.0,  0.0,   2.0,   2.0,   4.0,      ,     ,     ,     ,     ,     ,    ,      ,       ,      ,      ,        ,        ,        ,        ,        ,        ,        ,        ,      
gracibo01, 1930,     1, TOR , NHL , C/L,  8.0,  4.0,   2.0,   6.0,   4.0,      ,     ,     ,     ,     ,     ,    ,      ,    2.0,   0.0,   0.0,     0.0,     0.0,        ,        ,        ,        ,        ,        ,      
gracibo01, 1931,     1, TOR , NHL , C/L, 48.0, 13.0,   8.0,  21.0,  29.0,      ,     ,     ,     ,     ,     ,    ,      ,    7.0,   3.0,   1.0,     4.0,     0.0,        ,        ,        ,        ,        ,        ,      
gracibo01, 1932,     1, TOR , NHL , C/L, 48.0,  9.0,  13.0,  22.0,  27.0,      ,     ,     ,     ,     ,     ,    ,      ,    9.0,   0.0,   1.0,     1.0,     0.0,        ,        ,        ,        ,        ,        ,      
gracibo01, 1933,     1, BOS , NHL , C/L, 24.0,  2.0,   6.0,   8.0,   8.0,      ,     ,     ,     ,     ,     ,    ,      ,       ,      ,      ,        ,        ,        ,        ,        ,        ,        ,        ,      
gracibo01, 1933,     2, NYA , NHL , C/L, 24.0,  4.0,   6.0,  10.0,  10.0,      ,     ,     ,     ,     ,     ,    ,      ,       ,      ,      ,        ,        ,        ,        ,        ,        ,        ,        ,      
gracibo01, 1934,     1, NYA , NHL , C/L, 14.0,  2.0,   1.0,   3.0,   4.0,      ,     ,     ,     ,     ,     ,    ,      ,       ,      ,      ,        ,        ,        ,        ,        ,        ,        ,        ,      
gracibo01, 1934,     2, MTM , NHL , C/L, 32.0, 10.0,   8.0,  18.0,  11.0,      ,     ,     ,     ,     ,     ,    ,      ,    7.0,   0.0,   2.0,     2.0,     2.0,        ,        ,        ,        ,        ,        ,      
gracibo01, 1935,     1, MTM , NHL , C/L, 48.0, 11.0,  14.0,  25.0,  31.0,      ,     ,     ,     ,     ,     ,    ,      ,    3.0,   0.0,   1.0,     1.0,     0.0,        ,        ,        ,        ,        ,        ,      
gracibo01, 1936,     1, MTM , NHL , C/L, 47.0, 11.0,  25.0,  36.0,  18.0,      ,     ,     ,     ,     ,     ,    ,      ,    5.0,   1.0,   2.0,     3.0,     2.0,        ,        ,        ,        ,        ,        ,      
gracibo01, 1937,     1, MTM , NHL , C  , 48.0, 12.0,  19.0,  31.0,  32.0,      ,     ,     ,     ,     ,     ,    ,      ,       ,      ,      ,        ,        ,        ,        ,        ,        ,        ,        ,      
gracibo01, 1938,     1, MTL , NHL , C  ,  7.0,  0.0,   1.0,   1.0,   4.0,      ,     ,     ,     ,     ,     ,    ,      ,       ,      ,      ,        ,        ,        ,        ,        ,        ,        ,        ,      
gracibo01, 1938,     2, CHI , NHL , L  , 31.0,  4.0,   6.0,  10.0,  27.0,      ,     ,     ,     ,     ,     ,    ,      ,       ,      ,      ,        ,        ,        ,        ,        ,        ,        ,        ,      
gradith01, 1978,     1, VAN , NHL , C  , 76.0, 20.0,  31.0,  51.0,  22.0, -12.0,  4.0,     ,  0.0,     ,  4.0, 2.0, 105.0,    3.0,   4.0,   1.0,     5.0,     4.0,        ,     0.0,        ,     0.0,        ,     0.0,      
gradith01, 1979,     1, VAN , NHL , C  , 80.0, 30.0,  45.0,  75.0,  22.0, 14.0 ,  7.0,     ,  0.0,     ,  2.0, 2.0, 146.0,    4.0,   0.0,   2.0,     2.0,     0.0,        ,     0.0,        ,     0.0,        ,     0.0,      
gradith01, 1980,     1, VAN , NHL , C  , 79.0, 21.0,  48.0,  69.0,  34.0, 2.0  ,  4.0,     ,  0.0,     ,  1.0, 1.0, 158.0,    3.0,   1.0,   3.0,     4.0,     0.0,        ,     0.0,        ,     0.0,        ,     0.0,      
gradith01, 1981,     1, VAN , NHL , C  , 76.0, 37.0,  49.0,  86.0,  32.0, 15.0 ,  6.0,     ,  3.0,     ,  4.0, 1.0, 183.0,   17.0,   9.0,  10.0,    19.0,    10.0,        ,     4.0,        ,     0.0,        ,     0.0,      
gradith01, 1982,     1, VAN , NHL , C  , 80.0, 32.0,  54.0,  86.0,  61.0, -17.0, 12.0,     ,  2.0,     ,  4.0, 2.0, 175.0,    4.0,   1.0,   3.0,     4.0,     2.0,        ,     0.0,        ,     0.0,        ,     0.0,      
gradith01, 1983,     1, VAN , NHL , C  , 75.0, 21.0,  57.0,  78.0,  32.0, -2.0 , 11.0,     ,  1.0,     ,  5.0, 0.0, 170.0,    4.0,   0.0,   1.0,     1.0,     2.0, -4.0   ,     0.0,        ,     0.0,        ,     0.0,     4.0
gradith01, 1984,     1, VAN , NHL , C  , 76.0, 22.0,  42.0,  64.0,  43.0, -22.0,  3.0,     ,  0.0,     ,  3.0, 0.0, 152.0,       ,      ,      ,        ,        ,        ,        ,        ,        ,        ,        ,      
gradith01, 1985,     1, VAN , NHL , C  , 71.0, 14.0,  27.0,  41.0,  34.0, -16.0,  2.0,     ,  1.0,     ,  3.0, 0.0, 121.0,    3.0,   2.0,   1.0,     3.0,     2.0, -3.0   ,     0.0,        ,     0.0,        ,     0.0,     9.0
gradith01, 1986,     1, BOS , NHL , C  , 64.0, 12.0,  31.0,  43.0,  18.0, 4.0  ,  2.0,     ,  3.0,     ,  3.0, 0.0,  87.0,    4.0,   0.0,   4.0,     4.0,     0.0, -1.0   ,     0.0,        ,     0.0,        ,     0.0,     7.0
gragnma01, 2007,     1, BUF , NHL , L  ,  2.0,  0.0,   0.0,   0.0,   4.0, -2.0 ,  0.0,  0.0,  0.0,  0.0,  0.0,    ,   1.0,       ,      ,      ,        ,        ,        ,        ,        ,        ,        ,        ,      
gragnma01, 2008,     1, BUF , NHL , D  ,  4.0,  0.0,   0.0,   0.0,   2.0, 2.0  ,  0.0,  0.0,  0.0,  0.0,  0.0,    ,   3.0,       ,      ,      ,        ,        ,        ,        ,        ,        ,        ,        ,      
grahadi01, 1983,     1, MNS , NHL , R  ,  6.0,  1.0,   1.0,   2.0,   0.0, 1.0  ,  0.0,     ,  0.0,     ,  0.0, 0.0,  10.0,    1.0,   0.0,   0.0,     0.0,     2.0, 0.0    ,     0.0,        ,     0.0,        ,     0.0,     0.0
grahadi01, 1984,     1, MNS , NHL , R  , 36.0, 12.0,  11.0,  23.0,  23.0, -15.0,  3.0,     ,  0.0,     ,  1.0, 0.0,  81.0,    9.0,   0.0,   4.0,     4.0,     7.0, -5.0   ,     0.0,        ,     0.0,        ,     0.0,    15.0
grahadi01, 1985,     1, MNS , NHL , R  , 80.0, 22.0,  33.0,  55.0,  87.0, -6.0 ,  0.0,     ,  4.0,     ,  3.0, 0.0, 173.0,    5.0,   3.0,   1.0,     4.0,     2.0, 3.0    ,     0.0,        ,     1.0,        ,     2.0,    23.0
grahadi01, 1986,     1, MNS , NHL , R  , 76.0, 25.0,  29.0,  54.0, 142.0, -2.0 ,  6.0,     ,  5.0,     ,  2.0, 0.0, 197.0,       ,      ,      ,        ,        ,        ,        ,        ,        ,        ,        ,      
grahadi01, 1987,     1, MNS , NHL , R  , 28.0,  7.0,   5.0,  12.0,  39.0, -11.0,  4.0,     ,  0.0,     ,  0.0, 0.0,  66.0,       ,      ,      ,        ,        ,        ,        ,        ,        ,        ,        ,      
grahadi01, 1987,     2, CHI , NHL , R  , 42.0, 17.0,  19.0,  36.0,  32.0, 4.0  ,  6.0,     ,  1.0,     ,  2.0, 0.0, 107.0,    4.0,   1.0,   2.0,     3.0,     4.0, -1.0   ,     0.0,     1.0,     0.0,     0.0,     0.0,     8.0
grahadi01, 1988,     1, CHI , NHL , R  , 80.0, 33.0,  45.0,  78.0,  89.0, 8.0  ,  5.0,  7.0, 10.0,  1.0,  5.0, 1.0, 217.0,   16.0,   2.0,   4.0,     6.0,    38.0, -3.0   ,     1.0,     0.0,     0.0,     0.0,     0.0,    37.0
grahadi01, 1989,     1, CHI , NHL , R  , 73.0, 22.0,  32.0,  54.0, 102.0, 1.0  ,  2.0,  6.0,  3.0,  2.0,  1.0, 0.0, 180.0,    5.0,   1.0,   5.0,     6.0,     2.0, 0.0    ,     0.0,     1.0,     1.0,     1.0,     0.0,    10.0
grahadi01, 1990,     1, CHI , NHL , R  , 80.0, 24.0,  21.0,  45.0,  88.0, 12.0 ,  4.0,  4.0,  6.0,  3.0,  7.0, 0.0, 189.0,    6.0,   1.0,   2.0,     3.0,    17.0, 2.0    ,     0.0,     0.0,     0.0,     0.0,     0.0,     5.0
grahadi01, 1991,     1, CHI , NHL , R  , 80.0, 17.0,  30.0,  47.0,  89.0, -5.0 ,  6.0,  6.0,  1.0,  5.0,  1.0, 0.0, 222.0,   18.0,   7.0,   5.0,    12.0,     8.0, 9.0    ,     0.0,     0.0,     0.0,     1.0,     1.0,    45.0
grahadi01, 1992,     1, CHI , NHL , R  , 84.0, 20.0,  17.0,  37.0, 139.0, 0.0  ,  1.0,  0.0,  2.0,  0.0,  5.0, 1.0, 187.0,    4.0,   0.0,   0.0,     0.0,     0.0, -1.0   ,     0.0,     0.0,     0.0,     0.0,     0.0,    10.0
grahadi01, 1993,     1, CHI , NHL , R  , 67.0, 15.0,  18.0,  33.0,  45.0, 13.0 ,  0.0,  1.0,  2.0,  1.0,  5.0, 0.0, 122.0,    6.0,   0.0,   1.0,     1.0,     4.0, 0.0    ,     0.0,     1.0,     0.0,     0.0,     0.0,    11.0
grahadi01, 1994,     1, CHI , NHL , R  , 40.0,  4.0,   9.0,  13.0,  42.0, 2.0  ,  1.0,  1.0,  1.0,  0.0,  0.0, 0.0,  68.0,   16.0,   2.0,   3.0,     5.0,     8.0, 6.0    ,     0.0,     0.0,     0.0,     0.0,     1.0,    21.0
grahajo01, 1999,     1, BOS , NHL , G  , 24.0,  0.0,   1.0,   1.0,   8.0, 0.0  ,  0.0,  0.0,  0.0,  0.0,  0.0, 0.0,   0.0,       ,      ,      ,        ,        ,        ,        ,        ,        ,        ,        ,      
grahajo01, 2000,     1, BOS , NHL , G  , 10.0,  0.0,   0.0,   0.0,   2.0, 0.0  ,  0.0,  0.0,  0.0,  0.0,  0.0, 0.0,   0.0,       ,      ,      ,        ,        ,        ,        ,        ,        ,        ,        ,      
grahajo01, 2001,     1, BOS , NHL , G  , 19.0,  0.0,   1.0,   1.0,   6.0, 0.0  ,  0.0,  0.0,  0.0,  1.0,  0.0, 0.0,   1.0,       ,      ,      ,        ,        ,        ,        ,        ,        ,        ,        ,      
grahajo01, 2002,     1, BOS , NHL , G  , 23.0,  0.0,   2.0,   2.0,   2.0, 0.0  ,  0.0,  1.0,  0.0,  0.0,  0.0, 0.0,   0.0,       ,      ,      ,        ,        ,        ,        ,        ,        ,        ,        ,      
grahajo01, 2002,     2, TBL , NHL , G  , 17.0,  0.0,   0.0,   0.0,   9.0, 0.0  ,  0.0,  0.0,  0.0,  0.0,  0.0, 0.0,   0.0,    1.0,   0.0,   0.0,     0.0,     0.0, 0.0    ,     0.0,     0.0,     0.0,     0.0,     0.0,     0.0
grahajo01, 2003,     1, TBL , NHL , G  , 29.0,  0.0,   0.0,   0.0,   4.0, 0.0  ,  0.0,  0.0,  0.0,  0.0,  0.0, 0.0,   0.0,    1.0,   0.0,   0.0,     0.0,     0.0, 0.0    ,     0.0,     0.0,     0.0,     0.0,     0.0,     0.0
grahajo01, 2005,     1, TBL , NHL , G  , 57.0,  0.0,   1.0,   1.0,  14.0, 0.0  ,  0.0,  0.0,  0.0,  0.0,  0.0,    ,   0.0,    4.0,   0.0,   0.0,     0.0,     0.0, 0.0    ,     0.0,     0.0,     0.0,     0.0,     0.0,     0.0
grahajo01, 2006,     1, CAR , NHL , G  , 28.0,  0.0,   3.0,   3.0,   2.0, 0.0  ,  0.0,  1.0,  0.0,  0.0,  0.0,    ,   0.0,       ,      ,      ,        ,        ,        ,        ,        ,        ,        ,        ,      
grahajo01, 2007,     1, CAR , NHL , G  , 17.0,  0.0,   1.0,   1.0,   4.0, 0.0  ,  0.0,  1.0,  0.0,  0.0,  0.0,    ,   0.0,       ,      ,      ,        ,        ,        ,        ,        ,        ,        ,        ,      
grahale01, 1913,     1, OT1 , NHA ,    , 17.0,  1.0,   1.0,   2.0,   2.0,      ,     ,     ,     ,     ,     ,    ,      ,       ,      ,      ,        ,        ,        ,        ,        ,        ,        ,        ,      
grahale01, 1914,     1, OT1 , NHA ,    , 17.0,  9.0,   3.0,  12.0,  34.0,      ,     ,     ,     ,     ,     ,    ,      ,    2.0,   0.0,      ,        ,        ,        ,        ,        ,        ,        ,        ,      
grahale01, 1920,     1, OTS , NHL , L  , 14.0,  0.0,   0.0,   0.0,   0.0,      ,     ,     ,     ,     ,     ,    ,      ,    1.0,   0.0,   0.0,     0.0,     0.0,        ,        ,        ,        ,        ,        ,      
grahale01, 1921,     1, OTS , NHL , L  ,  1.0,  2.0,   0.0,   2.0,   0.0,      ,     ,     ,     ,     ,     ,    ,      ,       ,      ,      ,        ,        ,        ,        ,        ,        ,        ,        ,      
grahale01, 1922,     1, HAM , NHL , L  ,  5.0,  1.0,   0.0,   1.0,   0.0,      ,     ,     ,     ,     ,     ,    ,      ,       ,      ,      ,        ,        ,        ,        ,        ,        ,        ,        ,      
grahale01, 1923,     1, OTS , NHL , L  ,  3.0,  0.0,   0.0,   0.0,   0.0,      ,     ,     ,     ,     ,     ,    ,      ,       ,      ,      ,        ,        ,        ,        ,        ,        ,        ,        ,      
grahale01, 1924,     1, OTS , NHL , L  ,  3.0,  0.0,   0.0,   0.0,   0.0,      ,     ,     ,     ,     ,     ,    ,      ,       ,      ,      ,        ,        ,        ,        ,        ,        ,        ,        ,      
grahale01, 1925,     1, OTS , NHL , L  ,  1.0,  0.0,   0.0,   0.0,   0.0,      ,     ,     ,     ,     ,     ,    ,      ,       ,      ,      ,        ,        ,        ,        ,        ,        ,        ,        ,      
grahapa01, 1981,     1, PIT , NHL , L  , 42.0,  6.0,   8.0,  14.0,  55.0, -1.0 ,  0.0,     ,  0.0,     ,  1.0, 0.0,  51.0,    4.0,   0.0,   0.0,     0.0,     2.0,        ,     0.0,        ,     0.0,        ,     0.0,      
grahapa01, 1982,     1, PIT , NHL , L  , 20.0,  1.0,   5.0,   6.0,  16.0, -6.0 ,  1.0,     ,  0.0,     ,  0.0, 0.0,  25.0,       ,      ,      ,        ,        ,        ,        ,        ,        ,        ,        ,      
grahapa01, 1983,     1, TOR , NHL , L  , 41.0,  4.0,   4.0,   8.0,  65.0, -9.0 ,  0.0,     ,  0.0,     ,  0.0, 0.0,  46.0,       ,      ,      ,        ,        ,        ,        ,        ,        ,        ,        ,      
graharo01, 1974,     1, BOS , NHL , L  , 14.0,  2.0,   1.0,   3.0,   7.0, 0.0  ,  1.0,     ,  0.0,     ,  0.0, 0.0,   7.0,       ,      ,      ,        ,        ,        ,        ,        ,        ,        ,        ,      
graharo02, 1973,     1, HOU , WHA , G  ,  4.0,  0.0,   0.0,   0.0,   0.0,      ,  0.0,     ,  0.0,     ,  0.0,    ,      ,       ,      ,      ,        ,        ,        ,        ,        ,        ,        ,     0.0,      
graharo02, 1974,     1, HOU , WHA , G  , 43.0,  0.0,   1.0,   1.0,   6.0,      ,  0.0,     ,  0.0,     ,  0.0,    ,   0.0,   13.0,   0.0,   1.0,     1.0,     0.0,        ,     0.0,        ,     0.0,        ,     0.0,      
graharo02, 1975,     1, HOU , WHA , G  , 57.0,  0.0,   1.0,   1.0,  22.0, 0.0  ,  0.0,     ,  0.0,     ,  0.0,    ,   0.0,   14.0,   0.0,   0.0,     0.0,     0.0, 0.0    ,        ,        ,        ,        ,        ,      
graharo02, 1976,     1, HOU , WHA , G  , 39.0,  0.0,   0.0,   0.0,   0.0, 0.0  ,  0.0,     ,  0.0,     ,  0.0,    ,   0.0,    9.0,   0.0,   1.0,     1.0,     2.0, 0.0    ,     0.0,        ,     0.0,        ,     0.0,      
graharo02, 1977,     1, BOS , NHL , G  , 40.0,  0.0,   1.0,   1.0,   0.0, 0.0  ,  0.0,     ,  0.0,     ,  0.0, 0.0,   0.0,    4.0,   0.0,   0.0,     0.0,     0.0,        ,     0.0,        ,     0.0,        ,     0.0,      
graharo02, 1978,     1, LAK , NHL , G  , 34.0,  0.0,   1.0,   1.0,   6.0, 0.0  ,  0.0,     ,  0.0,     ,  0.0, 0.0,   0.0,       ,      ,      ,        ,        ,        ,        ,        ,        ,        ,        ,      
graharo02, 1979,     1, LAK , NHL , G  , 26.0,  0.0,   1.0,   1.0,   2.0, 0.0  ,  0.0,     ,  0.0,     ,  0.0, 0.0,   0.0,       ,      ,      ,        ,        ,        ,        ,        ,        ,        ,        ,      
graharo02, 1980,     1, LAK , NHL , G  ,  6.0,  0.0,   0.0,   0.0,   0.0, 0.0  ,  0.0,     ,  0.0,     ,  0.0, 0.0,   0.0,       ,      ,      ,        ,        ,        ,        ,        ,        ,        ,        ,      
graharo02, 1980,     2, QUE , NHL , G  ,  8.0,  0.0,   0.0,   0.0,   2.0, 0.0  ,  0.0,     ,  0.0,     ,  0.0, 0.0,   0.0,       ,      ,      ,        ,        ,        ,        ,        ,        ,        ,        ,      
grahate01, 1927,     1, CHI , NHL , D  , 19.0,  1.0,   0.0,   1.0,   8.0,      ,     ,     ,     ,     ,     ,    ,      ,       ,      ,      ,        ,        ,        ,        ,        ,        ,        ,        ,      
grahate01, 1929,     1, CHI , NHL , D  , 26.0,  1.0,   2.0,   3.0,  23.0,      ,     ,     ,     ,     ,     ,    ,      ,    2.0,   0.0,   0.0,     0.0,     8.0,        ,        ,        ,        ,        ,        ,      
grahate01, 1930,     1, CHI , NHL , D  , 42.0,  0.0,   7.0,   7.0,  38.0,      ,     ,     ,     ,     ,     ,    ,      ,    9.0,   0.0,   0.0,     0.0,    12.0,        ,        ,        ,        ,        ,        ,      
grahate01, 1931,     1, CHI , NHL , D  , 48.0,  0.0,   3.0,   3.0,  40.0,      ,     ,     ,     ,     ,     ,    ,      ,    2.0,   0.0,   0.0,     0.0,     2.0,        ,        ,        ,        ,        ,        ,      
grahate01, 1932,     1, CHI , NHL , D  , 47.0,  3.0,   8.0,  11.0,  57.0,      ,     ,     ,     ,     ,     ,    ,      ,       ,      ,      ,        ,        ,        ,        ,        ,        ,        ,        ,      
grahate01, 1933,     1, MTM , NHL , D  , 19.0,  2.0,   1.0,   3.0,  10.0,      ,     ,     ,     ,     ,     ,    ,      ,       ,      ,      ,        ,        ,        ,        ,        ,        ,        ,        ,      
grahate01, 1933,     2, DET , NHL , D  , 28.0,  1.0,   0.0,   1.0,  29.0,      ,     ,     ,     ,     ,     ,    ,      ,    9.0,   3.0,   1.0,     4.0,     8.0,        ,        ,        ,        ,        ,        ,      
grahate01, 1934,     1, DET , NHL , D  , 24.0,  0.0,   2.0,   2.0,  26.0,      ,     ,     ,     ,     ,     ,    ,      ,       ,      ,      ,        ,        ,        ,        ,        ,        ,        ,        ,      
grahate01, 1934,     2, STE , NHL , D  , 13.0,  0.0,   0.0,   0.0,   2.0,      ,     ,     ,     ,     ,     ,    ,      ,       ,      ,      ,        ,        ,        ,        ,        ,        ,        ,        ,      
grahate01, 1935,     1, BOS , NHL , D  , 48.0,  4.0,   1.0,   5.0,  37.0,      ,     ,     ,     ,     ,     ,    ,      ,    2.0,   0.0,   0.0,     0.0,     0.0,        ,        ,        ,        ,        ,        ,      
grahate01, 1936,     1, BOS , NHL , D  ,  1.0,  0.0,   0.0,   0.0,   0.0,      ,     ,     ,     ,     ,     ,    ,      ,       ,      ,      ,        ,        ,        ,        ,        ,        ,        ,        ,      
grahate01, 1936,     2, NYA , NHL , D  , 31.0,  2.0,   1.0,   3.0,  30.0,      ,     ,     ,     ,     ,     ,    ,      ,       ,      ,      ,        ,        ,        ,        ,        ,        ,        ,        ,      
granato01, 1988,     1, NYR , NHL , L  , 78.0, 36.0,  27.0,  63.0, 140.0, 17.0 ,  4.0,  3.0,  4.0,  1.0,  3.0, 2.0, 234.0,    4.0,   1.0,   1.0,     2.0,    21.0, -1.0   ,     0.0,     0.0,     0.0,     0.0,     0.0,    16.0
granato01, 1989,     1, NYR , NHL , R  , 37.0,  7.0,  18.0,  25.0,  77.0, 1.0  ,  1.0,  7.0,  0.0,  2.0,  0.0, 0.0,  79.0,       ,      ,      ,        ,        ,        ,        ,        ,        ,        ,        ,      
granato01, 1989,     2, LAK , NHL , R  , 19.0,  5.0,   6.0,  11.0,  45.0, -2.0 ,  1.0,  2.0,  0.0,  1.0,  0.0, 0.0,  41.0,   10.0,   5.0,   4.0,     9.0,    12.0, -2.0   ,     2.0,     1.0,     1.0,     0.0,     2.0,    26.0
granato01, 1990,     1, LAK , NHL , L  , 68.0, 30.0,  34.0,  64.0, 154.0, 22.0 , 11.0,  8.0,  1.0,  0.0,  3.0, 0.0, 197.0,   12.0,   1.0,   4.0,     5.0,    28.0, 1.0    ,     0.0,     1.0,     0.0,     0.0,     0.0,    32.0
granato01, 1991,     1, LAK , NHL , L  , 80.0, 39.0,  29.0,  68.0, 187.0, 4.0  ,  7.0,  8.0,  2.0,  2.0,  8.0, 1.0, 223.0,    6.0,   1.0,   5.0,     6.0,    10.0, 1.0    ,     0.0,     0.0,     0.0,     0.0,     0.0,    19.0
granato01, 1992,     1, LAK , NHL , R  , 81.0, 37.0,  45.0,  82.0, 171.0, -1.0 , 14.0, 13.0,  2.0,  3.0,  6.0, 0.0, 247.0,   24.0,   6.0,  11.0,    17.0,    50.0, 3.0    ,     1.0,     1.0,     0.0,     0.0,     1.0,    77.0
granato01, 1993,     1, LAK , NHL , R  , 50.0,  7.0,  14.0,  21.0, 150.0, -2.0 ,  2.0,  0.0,  0.0,  2.0,  0.0, 0.0, 117.0,       ,      ,      ,        ,        ,        ,        ,        ,        ,        ,        ,      
granato01, 1994,     1, LAK , NHL , L  , 33.0, 13.0,  11.0,  24.0,  68.0, 9.0  ,  2.0,  2.0,  0.0,  1.0,  3.0, 0.0, 106.0,       ,      ,      ,        ,        ,        ,        ,        ,        ,        ,        ,      
granato01, 1995,     1, LAK , NHL , R  , 49.0, 17.0,  18.0,  35.0,  46.0, -5.0 ,  5.0,  4.0,  0.0,  1.0,  1.0, 2.0, 156.0,       ,      ,      ,        ,        ,        ,        ,        ,        ,        ,        ,      
granato01, 1996,     1, SJS , NHL , R  , 76.0, 25.0,  15.0,  40.0, 159.0, -7.0 ,  5.0,  4.0,  1.0,  0.0,  4.0, 0.0, 231.0,       ,      ,      ,        ,        ,        ,        ,        ,        ,        ,        ,      
granato01, 1997,     1, SJS , NHL , R  , 59.0, 16.0,   9.0,  25.0,  70.0, 3.0  ,  3.0,  1.0,  0.0,  0.0,  2.0, 0.0, 119.0,    1.0,   0.0,   0.0,     0.0,     0.0, 0.0    ,     0.0,     0.0,     0.0,     0.0,     0.0,     2.0
granato01, 1998,     1, SJS , NHL , R  , 35.0,  6.0,   6.0,  12.0,  54.0, 4.0  ,  0.0,  2.0,  1.0,  0.0,  1.0, 1.0,  65.0,    6.0,   1.0,   1.0,     2.0,     2.0, -1.0   ,     0.0,     0.0,     0.0,     0.0,     0.0,     5.0
granato01, 1999,     1, SJS , NHL , R  , 48.0,  6.0,   7.0,  13.0,  39.0, 2.0  ,  1.0,  0.0,  0.0,  0.0,  0.0, 0.0,  67.0,   12.0,   0.0,   1.0,     1.0,    14.0, 1.0    ,     0.0,     0.0,     0.0,     0.0,     0.0,    15.0
granato01, 2000,     1, SJS , NHL , R  , 60.0,  4.0,   5.0,   9.0,  65.0, -1.0 ,  1.0,  1.0,  0.0,  0.0,  1.0, 0.0,  85.0,    4.0,   1.0,   0.0,     1.0,     4.0, 0.0    ,     0.0,     0.0,     0.0,     0.0,     0.0,     5.0
grandje01, 1998,     1, BUF , NHL , D  , 16.0,  0.0,   1.0,   1.0,  17.0, 0.0  ,  0.0,  0.0,  0.0,  0.0,  0.0, 0.0,  11.0,       ,      ,      ,        ,        ,        ,        ,        ,        ,        ,        ,      
grandje01, 1999,     1, BUF , NHL , D  , 11.0,  0.0,   0.0,   0.0,  15.0, -1.0 ,  0.0,  0.0,  0.0,  0.0,  0.0, 0.0,  11.0,    4.0,   0.0,   0.0,     0.0,     4.0, 0.0    ,     0.0,     0.0,     0.0,     0.0,     0.0,     5.0
grandje01, 2000,     1, CBS , NHL , D  , 64.0,  1.0,   4.0,   5.0,  73.0, -6.0 ,  0.0,  0.0,  0.0,  0.0,  0.0, 0.0,  33.0,       ,      ,      ,        ,        ,        ,        ,        ,        ,        ,        ,      
grandje01, 2001,     1, CBS , NHL , D  , 81.0,  2.0,   6.0,   8.0,  90.0, -28.0,  0.0,  0.0,  0.0,  0.0,  0.0, 0.0,  62.0,       ,      ,      ,        ,        ,        ,        ,        ,        ,        ,        ,      
grandje01, 2002,     1, CBS , NHL , D  , 41.0,  1.0,   0.0,   1.0,  64.0, -6.0 ,  0.0,  0.0,  0.0,  0.0,  0.0, 0.0,  32.0,       ,      ,      ,        ,        ,        ,        ,        ,        ,        ,        ,      
grandje01, 2003,     1, CBS , NHL , D  , 16.0,  0.0,   0.0,   0.0,  12.0, -3.0 ,  0.0,  0.0,  0.0,  0.0,  0.0, 0.0,  15.0,       ,      ,      ,        ,        ,        ,        ,        ,        ,        ,        ,      
grandje01, 2003,     2, ATL , NHL , D  , 27.0,  2.0,   2.0,   4.0,  26.0, -7.0 ,  0.0,  0.0,  1.0,  0.0,  0.0, 0.0,  19.0,       ,      ,      ,        ,        ,        ,        ,        ,        ,        ,        ,      
grandje01, 2003,     3, WAS , NHL , D  , 13.0,  1.0,   0.0,   1.0,  14.0, -2.0 ,  0.0,  0.0,  0.0,  0.0,  0.0, 0.0,  19.0,       ,      ,      ,        ,        ,        ,        ,        ,        ,        ,        ,      
grannt01 , 1910,     1, QU1 , NHA ,    ,  4.0,  1.0,   0.0,   1.0,   3.0,      ,     ,     ,     ,     ,     ,    ,      ,       ,      ,      ,        ,        ,        ,        ,        ,        ,        ,        ,      
grannt01 , 1911,     1, QU1 , NHA ,    ,  1.0,  0.0,   0.0,   0.0,   0.0,      ,     ,     ,     ,     ,     ,    ,      ,       ,      ,      ,        ,        ,        ,        ,        ,        ,        ,        ,      
grantbe01, 1928,     1, TOR , NHL , G  ,  3.0,  0.0,   0.0,   0.0,   0.0,      ,     ,     ,     ,     ,     ,    ,      ,       ,      ,      ,        ,        ,        ,        ,        ,        ,        ,        ,      
grantbe01, 1929,     1, TOR , NHL , G  ,  2.0,  0.0,   0.0,   0.0,   0.0,      ,     ,     ,     ,     ,     ,    ,      ,       ,      ,      ,        ,        ,        ,        ,        ,        ,        ,        ,      
grantbe01, 1929,     2, NYA , NHL , G  ,  7.0,  0.0,   0.0,   0.0,   0.0,      ,     ,     ,     ,     ,     ,    ,      ,       ,      ,      ,        ,        ,        ,        ,        ,        ,        ,        ,      
grantbe01, 1930,     1, TOR , NHL , G  ,  7.0,  0.0,   0.0,   0.0,   0.0,      ,     ,     ,     ,     ,     ,    ,      ,       ,      ,      ,        ,        ,        ,        ,        ,        ,        ,        ,      
grantbe01, 1931,     1, TOR , NHL , G  ,  5.0,  0.0,   0.0,   0.0,   0.0,      ,     ,     ,     ,     ,     ,    ,      ,       ,      ,      ,        ,        ,        ,        ,        ,        ,        ,        ,      
grantbe01, 1933,     1, NYA , NHL , G  ,  5.0,  0.0,   0.0,   0.0,   0.0,      ,     ,     ,     ,     ,     ,    ,      ,       ,      ,      ,        ,        ,        ,        ,        ,        ,        ,        ,      
grantbe01, 1943,     1, BOS , NHL , G  ,  1.0,  0.0,   0.0,   0.0,   0.0,      ,     ,     ,     ,     ,     ,    ,      ,       ,      ,      ,        ,        ,        ,        ,        ,        ,        ,        ,      
grantbe01, 1943,     2, TOR , NHL , G  , 20.0,  0.0,   0.0,   0.0,   0.0,      ,     ,     ,     ,     ,     ,    ,      ,       ,      ,      ,        ,        ,        ,        ,        ,        ,        ,        ,      
grantbu01, 1921,     1, SMJ , WCHL, L  , 10.0,  1.0,   1.0,   2.0,   5.0,      ,     ,     ,     ,     ,     ,    ,      ,       ,      ,      ,        ,        ,        ,        ,        ,        ,        ,        ,      
grantbu01, 1921,     2, EDE , WCHL, L  ,  1.0,  1.0,   0.0,   1.0,   0.0,      ,     ,     ,     ,     ,     ,    ,      ,       ,      ,      ,        ,        ,        ,        ,        ,        ,        ,        ,      
grantbu01, 1922,     1, EDE , WCHL, L  ,  4.0,  0.0,   0.0,   0.0,   0.0,      ,     ,     ,     ,     ,     ,    ,      ,       ,      ,      ,        ,        ,        ,        ,        ,        ,        ,        ,      
grantda01, 1965,     1, MTL , NHL , L  ,  1.0,  0.0,   0.0,   0.0,   0.0,      ,  0.0,     ,  0.0,     ,  0.0, 0.0,      ,       ,      ,      ,        ,        ,        ,        ,        ,        ,        ,        ,      
grantda01, 1967,     1, MTL , NHL , L  , 22.0,  3.0,   4.0,   7.0,  10.0, 3.0  ,  0.0,     ,  0.0,     ,  0.0, 0.0,  16.0,   10.0,   0.0,   3.0,     3.0,     5.0,        ,     0.0,        ,     0.0,        ,     0.0,      
grantda01, 1968,     1, MNS , NHL , L  , 75.0, 34.0,  31.0,  65.0,  46.0, -12.0, 11.0,     ,  0.0,     ,  1.0, 4.0, 189.0,       ,      ,      ,        ,        ,        ,        ,        ,        ,        ,        ,      
grantda01, 1969,     1, MNS , NHL , L  , 76.0, 29.0,  28.0,  57.0,  23.0, -13.0, 14.0,     ,  0.0,     ,  2.0, 0.0, 247.0,    6.0,   0.0,   2.0,     2.0,     4.0,        ,     0.0,        ,     0.0,        ,     0.0,      
grantda01, 1970,     1, MNS , NHL , L  , 78.0, 34.0,  23.0,  57.0,  46.0, 7.0  , 12.0,     ,  0.0,     ,  1.0, 3.0, 283.0,   12.0,   5.0,   5.0,    10.0,     8.0,        ,     3.0,        ,     0.0,        ,     1.0,      
grantda01, 1971,     1, MNS , NHL , L  , 78.0, 18.0,  25.0,  43.0,  18.0, 0.0  ,  6.0,     ,  0.0,     ,  0.0, 1.0, 212.0,    7.0,   2.0,   1.0,     3.0,     0.0,        ,     0.0,        ,     0.0,        ,     0.0,      
grantda01, 1972,     1, MNS , NHL , L  , 78.0, 32.0,  35.0,  67.0,  12.0, 23.0 ,  3.0,     ,  0.0,     ,  6.0, 1.0, 251.0,    6.0,   3.0,   1.0,     4.0,     0.0,        ,     0.0,        ,     0.0,        ,     0.0,      
grantda01, 1973,     1, MNS , NHL , L  , 78.0, 29.0,  35.0,  64.0,  16.0, -1.0 ,  3.0,     ,  0.0,     ,  3.0, 3.0, 185.0,       ,      ,      ,        ,        ,        ,        ,        ,        ,        ,        ,      
grantda01, 1974,     1, DET , NHL , L  , 80.0, 50.0,  37.0,  87.0,  28.0, -11.0, 19.0,     ,  1.0,     ,  6.0, 4.0, 241.0,       ,      ,      ,        ,        ,        ,        ,        ,        ,        ,        ,      
grantda01, 1975,     1, DET , NHL , L  , 39.0, 10.0,  13.0,  23.0,  20.0, -17.0,  4.0,     ,  1.0,     ,  0.0, 0.0,  70.0,       ,      ,      ,        ,        ,        ,        ,        ,        ,        ,        ,      
grantda01, 1976,     1, DET , NHL , L  , 42.0,  2.0,  10.0,  12.0,   4.0, -34.0,  0.0,     ,  0.0,     ,  0.0, 0.0,  62.0,       ,      ,      ,        ,        ,        ,        ,        ,        ,        ,        ,      
grantda01, 1977,     1, DET , NHL , R  , 13.0,  2.0,   2.0,   4.0,   6.0, -2.0 ,  1.0,     ,  0.0,     ,  0.0, 0.0,   9.0,       ,      ,      ,        ,        ,        ,        ,        ,        ,        ,        ,      
grantda01, 1977,     2, LAK , NHL , C  , 41.0, 10.0,  19.0,  29.0,   2.0, -2.0 ,  4.0,     ,  0.0,     ,  0.0, 0.0,  97.0,    2.0,   0.0,   2.0,     2.0,     2.0,        ,     0.0,        ,     0.0,        ,     0.0,      
grantda01, 1978,     1, LAK , NHL , C  , 35.0, 10.0,  11.0,  21.0,   8.0, 5.0  ,  4.0,     ,  0.0,     ,  1.0, 0.0,  47.0,       ,      ,      ,        ,        ,        ,        ,        ,        ,        ,        ,      
grantdo01, 1973,     1, DET , NHL , G  , 37.0,  0.0,   0.0,   0.0,   2.0, 0.0  ,  0.0,     ,  0.0,     ,  0.0, 0.0,   0.0,       ,      ,      ,        ,        ,        ,        ,        ,        ,        ,        ,      
grantdo01, 1974,     1, DET , NHL , G  ,  7.0,  0.0,   0.0,   0.0,   0.0, 0.0  ,  0.0,     ,  0.0,     ,  0.0, 0.0,   0.0,       ,      ,      ,        ,        ,        ,        ,        ,        ,        ,        ,      
grantdo01, 1975,     1, DET , NHL , G  ,  2.0,  0.0,   0.0,   0.0,   0.0, 0.0  ,  0.0,     ,  0.0,     ,  0.0, 0.0,   0.0,       ,      ,      ,        ,        ,        ,        ,        ,        ,        ,        ,      
grantdo01, 1976,     1, STL , NHL , G  , 17.0,  0.0,   0.0,   0.0,   0.0, 0.0  ,  0.0,     ,  0.0,     ,  0.0, 0.0,   0.0,       ,      ,      ,        ,        ,        ,        ,        ,        ,        ,        ,      
grantdo01, 1977,     1, STL , NHL , G  ,  9.0,  0.0,   0.0,   0.0,   0.0, 0.0  ,  0.0,     ,  0.0,     ,  0.0, 0.0,   0.0,       ,      ,      ,        ,        ,        ,        ,        ,        ,        ,        ,      
grantdo01, 1978,     1, STL , NHL , G  ,  4.0,  0.0,   0.0,   0.0,   0.0, 0.0  ,  0.0,     ,  0.0,     ,  0.0, 0.0,   0.0,       ,      ,      ,        ,        ,        ,        ,        ,        ,        ,        ,      
grantdo01, 1979,     1, STL , NHL , G  ,  1.0,  0.0,   0.0,   0.0,   0.0, 0.0  ,  0.0,     ,  0.0,     ,  0.0, 0.0,   0.0,       ,      ,      ,        ,        ,        ,        ,        ,        ,        ,        ,      
granttr01, 2006,     1, PHI , NHL , L  ,  8.0,  0.0,   1.0,   1.0,  10.0, -1.0 ,  0.0,  0.0,  0.0,  0.0,  0.0,    ,   3.0,       ,      ,      ,        ,        ,        ,        ,        ,        ,        ,        ,      
granttr01, 2009,     1, NAS , NHL , L  ,  3.0,  0.0,   0.0,   0.0,   9.0, -1.0 ,  0.0,  0.0,  0.0,  0.0,  0.0,    ,   2.0,       ,      ,      ,        ,        ,        ,        ,        ,        ,        ,        ,      
grattbe01, 1997,     1, WAS , NHL , C  ,  6.0,  0.0,   1.0,   1.0,   6.0, 1.0  ,  0.0,  0.0,  0.0,  0.0,  0.0, 0.0,   5.0,       ,      ,      ,        ,        ,        ,        ,        ,        ,        ,        ,      
grattbe01, 1998,     1, WAS , NHL , L  , 16.0,  4.0,   3.0,   7.0,  16.0, -1.0 ,  0.0,  1.0,  0.0,  0.0,  0.0, 0.0,  24.0,       ,      ,      ,        ,        ,        ,        ,        ,        ,        ,        ,      
grattbe01, 1999,     1, CAL , NHL , L  , 10.0,  0.0,   2.0,   2.0,  10.0, 1.0  ,  0.0,  0.0,  0.0,  0.0,  0.0, 0.0,   4.0,       ,      ,      ,        ,        ,        ,        ,        ,        ,        ,        ,      
grattbe01, 2000,     1, CAL , NHL , L  , 14.0,  1.0,   3.0,   4.0,  14.0, 0.0  ,  0.0,  0.0,  0.0,  0.0,  0.0, 1.0,  13.0,       ,      ,      ,        ,        ,        ,        ,        ,        ,        ,        ,      
grattbe01, 2001,     1, MTL , NHL , C  ,  8.0,  1.0,   0.0,   1.0,   8.0, -1.0 ,  0.0,  0.0,  0.0,  0.0,  0.0, 0.0,   8.0,       ,      ,      ,        ,        ,        ,        ,        ,        ,        ,        ,      
grattbe01, 2003,     1, MTL , NHL , C  ,  4.0,  0.0,   1.0,   1.0,   4.0, 0.0  ,  0.0,  0.0,  0.0,  0.0,  0.0, 0.0,   3.0,       ,      ,      ,        ,        ,        ,        ,        ,        ,        ,        ,      
grattbi01, 1975,     1, CAC , WHA , L  ,  6.0,  0.0,   1.0,   1.0,   2.0, -2.0 ,  0.0,     ,  0.0,     ,  0.0,    ,   4.0,       ,      ,      ,        ,        ,        ,        ,        ,        ,        ,        ,      
grattch01, 1993,     1, TBL , NHL , C  , 84.0, 13.0,  29.0,  42.0, 123.0, -25.0,  5.0, 11.0,  1.0,  0.0,  2.0, 1.0, 161.0,       ,      ,      ,        ,        ,        ,        ,        ,        ,        ,        ,      
grattch01, 1994,     1, TBL , NHL , C  , 46.0,  7.0,  20.0,  27.0,  89.0, -2.0 ,  2.0,  6.0,  0.0,  0.0,  0.0, 0.0,  91.0,       ,      ,      ,        ,        ,        ,        ,        ,        ,        ,        ,      
grattch01, 1995,     1, TBL , NHL , C  , 82.0, 17.0,  21.0,  38.0, 105.0, -13.0,  7.0,  7.0,  0.0,  0.0,  3.0, 0.0, 183.0,    6.0,   0.0,   2.0,     2.0,    27.0, -3.0   ,     0.0,     1.0,     0.0,     0.0,     0.0,     4.0
grattch01, 1996,     1, TBL , NHL , C  , 82.0, 30.0,  32.0,  62.0, 201.0, -28.0,  9.0,  9.0,  0.0,  0.0,  4.0, 0.0, 230.0,       ,      ,      ,        ,        ,        ,        ,        ,        ,        ,        ,      
grattch01, 1997,     1, PHI , NHL , C  , 82.0, 22.0,  40.0,  62.0, 159.0, 11.0 ,  5.0,  8.0,  0.0,  0.0,  2.0, 0.0, 182.0,    5.0,   2.0,   0.0,     2.0,    10.0, -1.0   ,     0.0,     0.0,     0.0,     0.0,     0.0,    16.0
grattch01, 1998,     1, PHI , NHL , C  , 26.0,  1.0,   7.0,   8.0,  41.0, -8.0 ,  0.0,  2.0,  0.0,  0.0,  0.0, 0.0,  54.0,       ,      ,      ,        ,        ,        ,        ,        ,        ,        ,        ,      
grattch01, 1998,     2, TBL , NHL , C  , 52.0,  7.0,  19.0,  26.0, 102.0, -20.0,  1.0,  5.0,  0.0,  2.0,  1.0, 1.0, 127.0,       ,      ,      ,        ,        ,        ,        ,        ,        ,        ,        ,      
grattch01, 1999,     1, TBL , NHL , C  , 58.0, 14.0,  27.0,  41.0, 121.0, -24.0,  4.0,  6.0,  0.0,  0.0,  1.0, 1.0, 168.0,       ,      ,      ,        ,        ,        ,        ,        ,        ,        ,        ,      
grattch01, 1999,     2, BUF , NHL , C  , 14.0,  1.0,   7.0,   8.0,  15.0, 1.0  ,  0.0,  2.0,  0.0,  0.0,  0.0, 0.0,  34.0,    5.0,   0.0,   1.0,     1.0,     4.0, -1.0   ,     0.0,     1.0,     0.0,     0.0,     0.0,     4.0
grattch01, 2000,     1, BUF , NHL , C  , 82.0, 19.0,  21.0,  40.0, 102.0, 0.0  ,  5.0,  9.0,  0.0,  0.0,  5.0, 1.0, 156.0,   13.0,   6.0,   4.0,    10.0,    14.0, 0.0    ,     2.0,     4.0,     0.0,     0.0,     1.0,    22.0
grattch01, 2001,     1, BUF , NHL , C  , 82.0, 15.0,  24.0,  39.0,  75.0, 0.0  ,  1.0,  5.0,  0.0,  0.0,  5.0, 0.0, 139.0,       ,      ,      ,        ,        ,        ,        ,        ,        ,        ,        ,      
grattch01, 2002,     1, BUF , NHL , C  , 66.0, 15.0,  29.0,  44.0,  86.0, -5.0 ,  4.0, 10.0,  0.0,  0.0,  2.0, 1.0, 187.0,       ,      ,      ,        ,        ,        ,        ,        ,        ,        ,        ,      
grattch01, 2002,     2, PHO , NHL , C  , 14.0,  0.0,   1.0,   1.0,  21.0, -11.0,  0.0,  1.0,  0.0,  0.0,  0.0, 0.0,  28.0,       ,      ,      ,        ,        ,        ,        ,        ,        ,        ,        ,      
grattch01, 2003,     1, PHO , NHL , C  , 68.0, 11.0,  18.0,  29.0,  93.0, -19.0,  3.0,  2.0,  0.0,  0.0,  1.0, 0.0, 122.0,       ,      ,      ,        ,        ,        ,        ,        ,        ,        ,        ,      
grattch01, 2003,     2, COL , NHL , C  , 13.0,  2.0,   1.0,   3.0,  18.0, 1.0  ,  0.0,  0.0,  0.0,  0.0,  0.0, 0.0,  28.0,   11.0,   0.0,   0.0,     0.0,    27.0, -1.0   ,     0.0,     0.0,     0.0,     0.0,     0.0,    12.0
grattch01, 2005,     1, FLO , NHL , C  , 76.0, 17.0,  22.0,  39.0, 104.0, 6.0  ,  4.0,  4.0,  1.0,  0.0,  2.0,    , 135.0,       ,      ,      ,        ,        ,        ,        ,        ,        ,        ,        ,      
grattch01, 2006,     1, FLO , NHL , C  , 81.0, 13.0,  22.0,  35.0,  94.0, 1.0  ,  1.0,  1.0,  0.0,  0.0,  1.0,    , 131.0,       ,      ,      ,        ,        ,        ,        ,        ,        ,        ,        ,      
grattch01, 2007,     1, TBL , NHL , C  , 60.0, 10.0,  11.0,  21.0,  77.0, -7.0 ,  1.0,  3.0,  0.0,  0.0,  1.0,    ,  92.0,       ,      ,      ,        ,        ,        ,        ,        ,        ,        ,        ,      
grattch01, 2008,     1, TBL , NHL , C  , 18.0,  0.0,   2.0,   2.0,  10.0, -3.0 ,  0.0,  0.0,  0.0,  0.0,  0.0,    ,  16.0,       ,      ,      ,        ,        ,        ,        ,        ,        ,        ,        ,      
grattch01, 2008,     2, CBS , NHL , C  ,  6.0,  0.0,   1.0,   1.0,   2.0, 2.0  ,  0.0,  0.0,  0.0,  0.0,  0.0,    ,   4.0,       ,      ,      ,        ,        ,        ,        ,        ,        ,        ,        ,      
grattda01, 1987,     1, LAK , NHL , C  ,  7.0,  1.0,   0.0,   1.0,   5.0, 1.0  ,  0.0,  0.0,  0.0,  0.0,  0.0, 0.0,   3.0,       ,      ,      ,        ,        ,        ,        ,        ,        ,        ,        ,      
grattgi01, 1972,     1, OTN , WHA , G  , 51.0,  0.0,   1.0,   1.0,  10.0,      ,  0.0,     ,  0.0,     ,     ,    ,      ,    2.0,   0.0,   0.0,     0.0,     0.0,        ,     0.0,        ,     0.0,        ,     0.0,      
grattgi01, 1973,     1, TOT , WHA , G  , 57.0,  0.0,   4.0,   4.0,  28.0,      ,  0.0,     ,  0.0,     ,  0.0,    ,      ,   10.0,   0.0,   0.0,     0.0,     5.0,        ,        ,        ,        ,        ,     0.0,      
grattgi01, 1974,     1, TOT , WHA , G  , 53.0,  0.0,   4.0,   4.0,   8.0,      ,  0.0,     ,  0.0,     ,  0.0,    ,   1.0,    1.0,   0.0,   0.0,     0.0,     0.0,        ,     0.0,        ,     0.0,        ,     0.0,      
grattgi01, 1975,     1, STL , NHL , G  ,  6.0,  0.0,   0.0,   0.0,   2.0, 0.0  ,  0.0,     ,  0.0,     ,  0.0, 0.0,   0.0,       ,      ,      ,        ,        ,        ,        ,        ,        ,        ,        ,      
grattgi01, 1976,     1, NYR , NHL , G  , 41.0,  0.0,   0.0,   0.0,  13.0, 0.0  ,  0.0,     ,  0.0,     ,  0.0, 0.0,   0.0,       ,      ,      ,        ,        ,        ,        ,        ,        ,        ,        ,      
grattje01, 1972,     1, WIJ , WHA , R  , 71.0, 15.0,  12.0,  27.0,  37.0,      ,  1.0,     ,  0.0,     ,     ,    ,      ,   12.0,   1.0,   1.0,     2.0,     4.0,        ,     0.0,        ,     0.0,        ,     0.0,      
grattje01, 1973,     1, WIJ , WHA , R  , 68.0, 12.0,  21.0,  33.0,  13.0,      ,  4.0,     ,  0.0,     ,  0.0,    ,      ,    2.0,   0.0,   0.0,     0.0,     0.0,        ,        ,        ,        ,        ,     0.0,      
grattje01, 1974,     1, WIJ , WHA , R  , 49.0,  4.0,   8.0,  12.0,   2.0, 2.0  ,  0.0,     ,  0.0,     ,     ,    ,  57.0,       ,      ,      ,        ,        ,        ,        ,        ,        ,        ,        ,      
grattjo01, 2005,     1, PHI , NHL , L  ,  3.0,  0.0,   0.0,   0.0,  14.0, 0.0  ,  0.0,  0.0,  0.0,  0.0,  0.0,    ,   3.0,       ,      ,      ,        ,        ,        ,        ,        ,        ,        ,        ,      
grattjo01, 2005,     2, PHO , NHL , L  , 11.0,  1.0,   0.0,   1.0,  30.0, -3.0 ,  0.0,  0.0,  0.0,  0.0,  0.0,    ,  14.0,       ,      ,      ,        ,        ,        ,        ,        ,        ,        ,        ,      
grattjo01, 2006,     1, PHO , NHL , L  , 52.0,  1.0,   1.0,   2.0, 188.0, -9.0 ,  0.0,  0.0,  0.0,  0.0,  0.0,    ,  29.0,       ,      ,      ,        ,        ,        ,        ,        ,        ,        ,        ,      
grattjo01, 2007,     1, PHO , NHL , L  ,  1.0,  0.0,   0.0,   0.0,   5.0, 1.0  ,  0.0,  0.0,  0.0,  0.0,  0.0,    ,   0.0,       ,      ,      ,        ,        ,        ,        ,        ,        ,        ,        ,      
grattjo01, 2008,     1, PHI , NHL , L  , 19.0,  1.0,   2.0,   3.0,  57.0, -2.0 ,  0.0,  0.0,  0.0,  0.0,  0.0,    ,  14.0,       ,      ,      ,        ,        ,        ,        ,        ,        ,        ,        ,      
grattno01, 1971,     1, NYR , NHL , L  ,  3.0,  0.0,   1.0,   1.0,   0.0, 1.0  ,  0.0,     ,  0.0,     ,  0.0, 0.0,   2.0,       ,      ,      ,        ,        ,        ,        ,        ,        ,        ,        ,      
grattno01, 1972,     1, ATF , NHL , L  , 29.0,  3.0,   6.0,   9.0,  12.0, 1.0  ,  1.0,     ,  0.0,     ,  0.0, 0.0,  26.0,       ,      ,      ,        ,        ,        ,        ,        ,        ,        ,        ,      
grattno01, 1972,     2, BUF , NHL , L  , 21.0,  6.0,   5.0,  11.0,  12.0, 0.0  ,  2.0,     ,  0.0,     ,  1.0, 1.0,  26.0,    6.0,   0.0,   1.0,     1.0,     2.0,        ,     0.0,        ,     0.0,        ,     0.0,      
grattno01, 1973,     1, BUF , NHL , L  , 57.0,  6.0,  11.0,  17.0,  16.0, -10.0,  2.0,     ,  0.0,     ,  0.0, 0.0,  53.0,       ,      ,      ,        ,        ,        ,        ,        ,        ,        ,        ,      
grattno01, 1974,     1, BUF , NHL , L  , 25.0,  3.0,   6.0,   9.0,   2.0, 2.0  ,  1.0,     ,  0.0,     ,  0.0, 0.0,  16.0,       ,      ,      ,        ,        ,        ,        ,        ,        ,        ,        ,      
grattno01, 1974,     2, MNS , NHL , L  , 34.0, 14.0,  12.0,  26.0,   8.0, -11.0,  4.0,     ,  0.0,     ,  1.0, 0.0,  88.0,       ,      ,      ,        ,        ,        ,        ,        ,        ,        ,        ,      
grattno01, 1975,     1, MNS , NHL , L  , 32.0,  7.0,   3.0,  10.0,  14.0, -12.0,  3.0,     ,  0.0,     ,  0.0, 0.0,  51.0,       ,      ,      ,        ,        ,        ,        ,        ,        ,        ,        ,      
gravead01, 1987,     1, DET , NHL , C  ,  9.0,  0.0,   1.0,   1.0,   8.0, -2.0 ,  0.0,  0.0,  0.0,  0.0,  0.0, 0.0,   9.0,       ,      ,      ,        ,        ,        ,        ,        ,        ,        ,        ,      
gravead01, 1988,     1, DET , NHL , C  , 56.0,  7.0,   5.0,  12.0,  60.0, -5.0 ,  0.0,  0.0,  0.0,  0.0,  1.0, 0.0,  60.0,    5.0,   0.0,   0.0,     0.0,     4.0, -1.0   ,     0.0,     0.0,     0.0,     0.0,     0.0,     6.0
gravead01, 1989,     1, DET , NHL , L  , 13.0,  0.0,   1.0,   1.0,  13.0, -5.0 ,  0.0,  0.0,  0.0,  0.0,  0.0, 0.0,  10.0,       ,      ,      ,        ,        ,        ,        ,        ,        ,        ,        ,      
gravead01, 1989,     2, EDM , NHL , L  , 63.0,  9.0,  12.0,  21.0, 123.0, 5.0  ,  1.0,  1.0,  0.0,  0.0,  1.0, 0.0,  84.0,   22.0,   5.0,   6.0,    11.0,    17.0, 1.0    ,     0.0,     0.0,     0.0,     0.0,     1.0,    46.0
gravead01, 1990,     1, EDM , NHL , C  , 76.0,  7.0,  18.0,  25.0, 127.0, -21.0,  2.0,  5.0,  0.0,  0.0,  1.0, 0.0, 126.0,   18.0,   2.0,   4.0,     6.0,    22.0, 7.0    ,     0.0,     0.0,     0.0,     0.0,     0.0,    48.0
gravead01, 1991,     1, NYR , NHL , L  , 80.0, 26.0,  33.0,  59.0, 139.0, 19.0 ,  4.0,  5.0,  4.0,  3.0,  4.0, 0.0, 228.0,   10.0,   5.0,   3.0,     8.0,    22.0, -6.0   ,     1.0,     0.0,     0.0,     0.0,     1.0,    33.0
gravead01, 1992,     1, NYR , NHL , L  , 84.0, 36.0,  29.0,  65.0, 148.0, -4.0 , 12.0,  2.0,  1.0,  2.0,  6.0, 1.0, 275.0,       ,      ,      ,        ,        ,        ,        ,        ,        ,        ,        ,      
gravead01, 1993,     1, NYR , NHL , L  , 84.0, 52.0,  27.0,  79.0, 127.0, 27.0 , 20.0,  8.0,  4.0,  1.0,  4.0, 1.0, 291.0,   23.0,  10.0,   7.0,    17.0,    24.0, 12.0   ,     3.0,     4.0,     0.0,     0.0,     0.0,    93.0
gravead01, 1994,     1, NYR , NHL , L  , 47.0, 17.0,  14.0,  31.0,  51.0, 9.0  ,  9.0,  6.0,  0.0,  1.0,  3.0, 0.0, 185.0,   10.0,   4.0,   4.0,     8.0,     8.0, -13.0  ,     2.0,     3.0,     0.0,     0.0,     0.0,    38.0
gravead01, 1995,     1, NYR , NHL , L  , 82.0, 22.0,  36.0,  58.0, 100.0, 18.0 ,  9.0, 14.0,  1.0,  1.0,  2.0, 0.0, 266.0,   10.0,   7.0,   1.0,     8.0,     4.0, -9.0   ,     6.0,     0.0,     0.0,     0.0,     2.0,    43.0
gravead01, 1996,     1, NYR , NHL , L  , 82.0, 33.0,  28.0,  61.0,  66.0, 10.0 , 10.0,  6.0,  4.0,  2.0,  3.0, 5.0, 269.0,   15.0,   2.0,   1.0,     3.0,    12.0, 1.0    ,     1.0,     1.0,     0.0,     0.0,     2.0,    39.0
gravead01, 1997,     1, NYR , NHL , L  , 72.0, 23.0,  12.0,  35.0,  41.0, -30.0, 10.0,  5.0,  0.0,  0.0,  2.0, 1.0, 226.0,       ,      ,      ,        ,        ,        ,        ,        ,        ,        ,        ,      
gravead01, 1998,     1, NYR , NHL , L  , 82.0, 38.0,  15.0,  53.0,  47.0, -12.0, 14.0,  6.0,  2.0,  1.0,  7.0, 0.0, 239.0,       ,      ,      ,        ,        ,        ,        ,        ,        ,        ,        ,      
gravead01, 1999,     1, NYR , NHL , L  , 77.0, 23.0,  17.0,  40.0,  14.0, -15.0, 11.0,  7.0,  0.0,  0.0,  4.0, 0.0, 194.0,       ,      ,      ,        ,        ,        ,        ,        ,        ,        ,        ,      
gravead01, 2000,     1, NYR , NHL , L  , 82.0, 10.0,  16.0,  26.0,  77.0, -16.0,  1.0,  6.0,  0.0,  0.0,  1.0, 0.0, 136.0,       ,      ,      ,        ,        ,        ,        ,        ,        ,        ,        ,      
gravead01, 2001,     1, SJS , NHL , L  , 81.0, 17.0,  14.0,  31.0,  51.0, 11.0 ,  1.0,  1.0,  3.0,  0.0,  1.0, 0.0, 139.0,   12.0,   3.0,   1.0,     4.0,     6.0, -2.0   ,     0.0,     0.0,     0.0,     0.0,     2.0,    15.0
gravead01, 2002,     1, SJS , NHL , L  , 82.0,  9.0,   9.0,  18.0,  32.0, -14.0,  1.0,  0.0,  0.0,  1.0,  0.0, 0.0, 118.0,       ,      ,      ,        ,        ,        ,        ,        ,        ,        ,        ,      
gravehi01, 1970,     1, CLF , NHL , R  , 14.0,  0.0,   0.0,   0.0,   0.0, -2.0 ,  0.0,     ,  0.0,     ,  0.0, 0.0,   6.0,       ,      ,      ,        ,        ,        ,        ,        ,        ,        ,        ,      
gravehi01, 1972,     1, CLF , NHL , R  , 75.0, 27.0,  25.0,  52.0,  34.0, -15.0,  3.0,     ,  0.0,     ,  3.0, 3.0, 128.0,       ,      ,      ,        ,        ,        ,        ,        ,        ,        ,        ,      
gravehi01, 1973,     1, CLF , NHL , R  , 64.0, 11.0,  18.0,  29.0,  48.0, -32.0,  1.0,     ,  0.0,     ,  1.0, 0.0,  91.0,       ,      ,      ,        ,        ,        ,        ,        ,        ,        ,        ,      
gravehi01, 1974,     1, ATF , NHL , R  , 67.0, 10.0,  19.0,  29.0,  30.0, 3.0  ,  3.0,     ,  0.0,     ,  0.0, 0.0,  79.0,       ,      ,      ,        ,        ,        ,        ,        ,        ,        ,        ,      
gravehi01, 1975,     1, ATF , NHL , R  , 80.0, 19.0,  30.0,  49.0,  16.0, 3.0  ,  2.0,     ,  0.0,     ,  3.0, 0.0, 168.0,    2.0,   0.0,   0.0,     0.0,     0.0,        ,     0.0,        ,     0.0,        ,     0.0,      
gravehi01, 1976,     1, ATF , NHL , R  , 25.0,  8.0,   5.0,  13.0,  17.0, -1.0 ,  1.0,     ,  0.0,     ,  2.0, 0.0,  41.0,       ,      ,      ,        ,        ,        ,        ,        ,        ,        ,        ,      
gravehi01, 1976,     2, VAN , NHL , R  , 54.0, 10.0,  20.0,  30.0,  17.0, 2.0  ,  2.0,     ,  0.0,     ,  1.0, 1.0,  91.0,       ,      ,      ,        ,        ,        ,        ,        ,        ,        ,        ,      
gravehi01, 1977,     1, VAN , NHL , L  , 80.0, 21.0,  26.0,  47.0,  18.0, -17.0,  4.0,     ,  1.0,     ,  2.0, 3.0, 138.0,       ,      ,      ,        ,        ,        ,        ,        ,        ,        ,        ,      
gravehi01, 1978,     1, VAN , NHL , L  , 62.0, 11.0,  15.0,  26.0,  14.0, -15.0,  2.0,     ,  0.0,     ,  2.0, 0.0, 112.0,       ,      ,      ,        ,        ,        ,        ,        ,        ,        ,        ,      
gravehi01, 1979,     1, WIN , NHL , L  , 35.0,  1.0,   5.0,   6.0,  15.0, -13.0,  0.0,     ,  0.0,     ,  0.0, 0.0,  27.0,       ,      ,      ,        ,        ,        ,        ,        ,        ,        ,        ,      
gravejo01, 1972,     1, PHB , WHA , D  ,  8.0,  1.0,   3.0,   4.0,   0.0,      ,  0.0,     ,  0.0,     ,     ,    ,      ,       ,      ,      ,        ,        ,        ,        ,        ,        ,        ,        ,      
gravele01, 1946,     1, MTL , NHL , R  , 53.0, 16.0,  14.0,  30.0,  12.0,      ,     ,     ,     ,     ,     ,    ,      ,    6.0,   2.0,   0.0,     2.0,     2.0,        ,        ,        ,        ,        ,        ,      
gravele01, 1947,     1, MTL , NHL , R  , 15.0,  0.0,   0.0,   0.0,   0.0,      ,     ,     ,     ,     ,     ,    ,      ,       ,      ,      ,        ,        ,        ,        ,        ,        ,        ,        ,      
gravele01, 1948,     1, MTL , NHL , R  , 36.0,  4.0,   6.0,  10.0,   6.0,      ,     ,     ,     ,     ,     ,    ,      ,    7.0,   2.0,   1.0,     3.0,     0.0,        ,        ,        ,        ,        ,        ,      
gravele01, 1949,     1, MTL , NHL , R  , 70.0, 19.0,  10.0,  29.0,  18.0,      ,     ,     ,     ,     ,     ,    ,      ,    4.0,   0.0,   0.0,     0.0,     0.0,        ,        ,        ,        ,        ,        ,      
gravele01, 1950,     1, MTL , NHL , R  , 31.0,  4.0,   2.0,   6.0,   0.0,      ,     ,     ,     ,     ,     ,    ,      ,       ,      ,      ,        ,        ,        ,        ,        ,        ,        ,        ,      
gravele01, 1950,     2, DET , NHL , R  , 18.0,  1.0,   2.0,   3.0,   6.0,      ,     ,     ,     ,     ,     ,    ,      ,       ,      ,      ,        ,        ,        ,        ,        ,        ,        ,        ,      
gravest01, 1983,     1, EDM , NHL , C  ,  2.0,  0.0,   0.0,   0.0,   0.0, 0.0  ,  0.0,     ,  0.0,     ,  0.0, 0.0,   2.0,       ,      ,      ,        ,        ,        ,        ,        ,        ,        ,        ,      
gravest01, 1986,     1, EDM , NHL , C  , 12.0,  2.0,   0.0,   2.0,   0.0, -2.0 ,  0.0,     ,  0.0,     ,  1.0, 0.0,  12.0,       ,      ,      ,        ,        ,        ,        ,        ,        ,        ,        ,      
gravest01, 1987,     1, EDM , NHL , L  , 21.0,  3.0,   4.0,   7.0,  10.0, 13.0 ,  0.0,  0.0,  0.0,  0.0,  0.0, 0.0,  21.0,       ,      ,      ,        ,        ,        ,        ,        ,        ,        ,        ,      
grayal01 , 1927,     1, NYR , NHL , C  , 43.0,  7.0,   0.0,   7.0,  30.0,      ,     ,     ,     ,     ,     ,    ,      ,    9.0,   1.0,   0.0,     1.0,     0.0,        ,        ,        ,        ,        ,        ,      
grayal01 , 1928,     1, TOR , NHL , C  ,  7.0,  0.0,   0.0,   0.0,   2.0,      ,     ,     ,     ,     ,     ,    ,      ,    4.0,   0.0,   0.0,     0.0,     0.0,        ,        ,        ,        ,        ,        ,      
grayge01 , 1970,     1, DET , NHL , G  ,  7.0,  0.0,   0.0,   0.0,   0.0, 0.0  ,  0.0,     ,  0.0,     ,  0.0, 0.0,   0.0,       ,      ,      ,        ,        ,        ,        ,        ,        ,        ,        ,      
grayge01 , 1972,     1, NYI , NHL , G  ,  1.0,  0.0,   0.0,   0.0,   0.0, 0.0  ,  0.0,     ,  0.0,     ,  0.0, 0.0,   0.0,       ,      ,      ,        ,        ,        ,        ,        ,        ,        ,        ,      
grayha01 , 1963,     1, DET , NHL , G  ,  1.0,  0.0,   0.0,   0.0,   0.0,      ,  0.0,     ,  0.0,     ,  0.0, 0.0,      ,       ,      ,      ,        ,        ,        ,        ,        ,        ,        ,        ,      
grayjo01 , 1974,     1, PHR , WHA , R  , 75.0, 35.0,  33.0,  68.0, 107.0, 28.0 ,  4.0,     ,  0.0,     ,     ,    , 155.0,    5.0,   2.0,   3.0,     5.0,    12.0,        ,        ,        ,        ,        ,     0.0,      
grayjo01 , 1975,     1, PHR , WHA , R  , 79.0, 35.0,  45.0,  80.0, 136.0, 22.0 ,  6.0,     ,  0.0,     ,  5.0,    , 192.0,    5.0,   1.0,   1.0,     2.0,     7.0, 2.0    ,        ,        ,        ,        ,        ,      
grayjo01 , 1976,     1, PHR , WHA , R  , 28.0, 10.0,  10.0,  20.0,  59.0, -1.0 ,  0.0,     ,  0.0,     ,     ,    ,  54.0,       ,      ,      ,        ,        ,        ,        ,        ,        ,        ,        ,      
grayjo01 , 1976,     2, HOU , WHA , R  , 47.0, 21.0,  20.0,  41.0,  25.0, 22.0 ,  3.0,     ,  0.0,     ,     ,    , 120.0,    6.0,   0.0,   1.0,     1.0,     8.0, -3.0   ,     0.0,        ,     0.0,        ,     0.0,      
grayjo01 , 1977,     1, HOU , WHA , R  , 77.0, 35.0,  23.0,  58.0,  80.0, 15.0 ,  6.0,     ,  0.0,     ,     ,    , 151.0,    6.0,   0.0,   3.0,     3.0,    10.0, 2.0    ,        ,        ,        ,        ,     0.0,      
grayjo01 , 1978,     1, WIJ , WHA , R  , 57.0, 10.0,  15.0,  25.0,  51.0, -7.0 ,  6.0,     ,  0.0,     ,     ,    ,  91.0,    1.0,   0.0,   0.0,     0.0,     0.0, 0.0    ,        ,        ,        ,        ,     0.0,      
grayte01 , 1961,     1, BOS , NHL , R  , 42.0,  8.0,   7.0,  15.0,  15.0,      ,     ,     ,     ,     ,     ,    ,      ,       ,      ,      ,        ,        ,        ,        ,        ,        ,        ,        ,      
grayte01 , 1963,     1, MTL , NHL , R  ,  4.0,  0.0,   0.0,   0.0,   6.0,      ,  0.0,     ,  0.0,     ,  0.0, 0.0,      ,       ,      ,      ,        ,        ,        ,        ,        ,        ,        ,        ,      
grayte01 , 1967,     1, LAK , NHL , R  , 65.0, 12.0,  16.0,  28.0,  22.0, -3.0 ,  3.0,     ,  0.0,     ,  0.0, 0.0, 113.0,    7.0,   0.0,   2.0,     2.0,    10.0,        ,     0.0,        ,     0.0,        ,     0.0,      
grayte01 , 1968,     1, STL , NHL , R  ,  8.0,  4.0,   0.0,   4.0,   4.0, 0.0  ,  2.0,     ,  0.0,     ,  1.0, 0.0,  19.0,   11.0,   3.0,   2.0,     5.0,     8.0,        ,     1.0,        ,     0.0,        ,     0.0,      
grayte01 , 1969,     1, STL , NHL , R  , 28.0,  2.0,   5.0,   7.0,  17.0, 2.0  ,  0.0,     ,  0.0,     ,  2.0, 0.0,  63.0,   16.0,   2.0,   1.0,     3.0,     4.0,        ,     1.0,        ,     0.0,        ,     1.0,      
grayte01 , 1970,     1, STL , NHL , R  ,     ,     ,      ,      ,      ,      ,     ,     ,     ,     ,     ,    ,      ,    1.0,   0.0,   0.0,     0.0,     0.0,        ,     0.0,        ,     0.0,        ,     0.0,      
grebede01, 2003,     1, LAK , NHL , D  ,  4.0,  0.0,   1.0,   1.0,   0.0, -4.0 ,  0.0,  0.0,  0.0,  0.0,  0.0, 0.0,   5.0,       ,      ,      ,        ,        ,        ,        ,        ,        ,        ,        ,      
grebede01, 2005,     1, LAK , NHL , D  ,  8.0,  0.0,   2.0,   2.0,  12.0, -4.0 ,  0.0,  1.0,  0.0,  0.0,  0.0,    ,  10.0,       ,      ,      ,        ,        ,        ,        ,        ,        ,        ,        ,      
grebede01, 2005,     2, NYI , NHL , D  , 21.0,  0.0,   3.0,   3.0,   8.0, -8.0 ,  0.0,  2.0,  0.0,  0.0,  0.0,    ,  14.0,       ,      ,      ,        ,        ,        ,        ,        ,        ,        ,        ,      
grebede01, 2007,     1, EDM , NHL , D  , 71.0,  3.0,  15.0,  18.0,  22.0, 2.0  ,  1.0,  2.0,  0.0,  0.0,  0.0,    ,  34.0,       ,      ,      ,        ,        ,        ,        ,        ,        ,        ,        ,      
grebede01, 2008,     1, EDM , NHL , D  , 72.0,  7.0,  32.0,  39.0,  38.0, 12.0 ,  2.0, 11.0,  0.0,  0.0,  0.0,    ,  62.0,       ,      ,      ,        ,        ,        ,        ,        ,        ,        ,        ,      
grebede01, 2009,     1, EDM , NHL , D  , 47.0,  6.0,  13.0,  19.0,  26.0, -16.0,  1.0,  7.0,  0.0,  1.0,  0.0,    ,  43.0,       ,      ,      ,        ,        ,        ,        ,        ,        ,        ,        ,      
grebede01, 2009,     2, NAS , NHL , D  ,  4.0,  1.0,   1.0,   2.0,   6.0, 0.0  ,  0.0,  0.0,  0.0,  0.0,  0.0,    ,   4.0,    2.0,   0.0,   2.0,     2.0,     0.0, 2.0    ,     0.0,     0.0,     0.0,     0.0,     0.0,     0.0
greenan01, 2006,     1, NJD , NHL , D  , 23.0,  1.0,   5.0,   6.0,   6.0, -1.0 ,  1.0,  1.0,  0.0,  0.0,  0.0,    ,  23.0,   11.0,   2.0,   1.0,     3.0,     2.0, 6.0    ,     0.0,     1.0,     0.0,     0.0,     1.0,    10.0
greenan01, 2007,     1, NJD , NHL , D  , 59.0,  2.0,   8.0,  10.0,  22.0, 0.0  ,  2.0,  3.0,  0.0,  1.0,  0.0,    ,  50.0,    2.0,   0.0,   0.0,     0.0,     0.0, -1.0   ,     0.0,     0.0,     0.0,     0.0,     0.0,     2.0
greenan01, 2008,     1, NJD , NHL , D  , 49.0,  2.0,   7.0,   9.0,  22.0, 3.0  ,  0.0,  0.0,  0.0,  0.0,  0.0,    ,  38.0,    3.0,   0.0,   1.0,     1.0,     0.0, -1.0   ,     0.0,     1.0,     0.0,     0.0,     0.0,     5.0
greenan01, 2009,     1, NJD , NHL , D  , 78.0,  6.0,  31.0,  37.0,  14.0, 9.0  ,  4.0, 11.0,  0.0,  1.0,  4.0,    ,  86.0,    5.0,   1.0,   1.0,     2.0,     6.0, -1.0   ,     1.0,     0.0,     0.0,     0.0,     0.0,     8.0
greenje01, 1986,     1, WAS , NHL , L  , 22.0,  0.0,   3.0,   3.0,  44.0, 2.0  ,  0.0,     ,  0.0,     ,  0.0, 0.0,   9.0,       ,      ,      ,        ,        ,        ,        ,        ,        ,        ,        ,      
greenje01, 1987,     1, WAS , NHL , L  ,     ,     ,      ,      ,      ,      ,     ,     ,     ,     ,     ,    ,      ,    1.0,   0.0,   0.0,     0.0,    19.0, -1.0   ,     0.0,     0.0,     0.0,     0.0,     0.0,     0.0
greenje01, 1990,     1, WAS , NHL , L  , 10.0,  2.0,   0.0,   2.0,  10.0, 1.0  ,  0.0,  0.0,  0.0,  0.0,  1.0, 0.0,   9.0,    1.0,   0.0,   0.0,     0.0,     2.0, 0.0    ,     0.0,     0.0,     0.0,     0.0,     0.0,     1.0
greenje01, 1991,     1, WAS , NHL , L  ,  5.0,  0.0,   1.0,   1.0,  34.0, -1.0 ,  0.0,  0.0,  0.0,  0.0,  0.0, 0.0,   3.0,       ,      ,      ,        ,        ,        ,        ,        ,        ,        ,        ,      
greenje01, 1992,     1, WAS , NHL , L  , 16.0,  1.0,   1.0,   2.0,  18.0, -3.0 ,  0.0,  0.0,  0.0,  0.0,  0.0, 0.0,  15.0,       ,      ,      ,        ,        ,        ,        ,        ,        ,        ,        ,      
greenje01, 1993,     1, FLO , NHL , L  ,  4.0,  0.0,   1.0,   1.0,   2.0, -1.0 ,  0.0,  0.0,  0.0,  0.0,  0.0, 0.0,   6.0,       ,      ,      ,        ,        ,        ,        ,        ,        ,        ,        ,      
greenjo01, 1998,     1, LAK , NHL , L  , 27.0,  1.0,   3.0,   4.0,   8.0, -5.0 ,  1.0,  0.0,  0.0,  0.0,  0.0, 0.0,  35.0,       ,      ,      ,        ,        ,        ,        ,        ,        ,        ,        ,      
greenjo01, 1999,     1, NYI , NHL , L  , 49.0, 12.0,  14.0,  26.0,  41.0, -7.0 ,  2.0,  5.0,  0.0,  0.0,  3.0, 0.0, 109.0,       ,      ,      ,        ,        ,        ,        ,        ,        ,        ,        ,      
greenjo01, 2000,     1, EDM , NHL , L  ,     ,     ,      ,      ,      ,      ,     ,     ,     ,     ,     ,    ,      ,    3.0,   0.0,   0.0,     0.0,     0.0, 1.0    ,     0.0,     0.0,     0.0,     0.0,     0.0,     1.0
greenjo01, 2001,     1, EDM , NHL , L  , 61.0, 10.0,   5.0,  15.0,  52.0, 9.0  ,  1.0,  0.0,  0.0,  0.0,  1.0, 0.0,  78.0,       ,      ,      ,        ,        ,        ,        ,        ,        ,        ,        ,      
greenjo01, 2002,     1, EDM , NHL , L  , 20.0,  0.0,   2.0,   2.0,  12.0, -3.0 ,  0.0,  0.0,  0.0,  0.0,  0.0, 0.0,  20.0,       ,      ,      ,        ,        ,        ,        ,        ,        ,        ,        ,      
greenjo01, 2002,     2, NYR , NHL , L  ,  4.0,  0.0,   0.0,   0.0,   2.0, -1.0 ,  0.0,  0.0,  0.0,  0.0,  0.0, 0.0,   3.0,       ,      ,      ,        ,        ,        ,        ,        ,        ,        ,        ,      
greenjo01, 2002,     3, WAS , NHL , L  , 21.0,  1.0,   2.0,   3.0,   7.0, 1.0  ,  0.0,  0.0,  0.0,  0.0,  0.0, 0.0,  20.0,       ,      ,      ,        ,        ,        ,        ,        ,        ,        ,        ,      
greenjo01, 2003,     1, CAL , NHL , L  , 36.0,  2.0,   4.0,   6.0,  24.0, -3.0 ,  0.0,  0.0,  0.0,  0.0,  0.0, 0.0,  47.0,       ,      ,      ,        ,        ,        ,        ,        ,        ,        ,        ,      
greenjo01, 2003,     2, NYR , NHL , L  , 14.0,  3.0,   2.0,   5.0,   8.0, 0.0  ,  0.0,  0.0,  0.0,  0.0,  1.0, 0.0,  29.0,       ,      ,      ,        ,        ,        ,        ,        ,        ,        ,        ,      
greenjo01, 2005,     1, VAN , NHL , L  , 33.0,  4.0,   2.0,   6.0,  14.0, 2.0  ,  0.0,  0.0,  0.0,  0.0,  0.0,    ,  35.0,       ,      ,      ,        ,        ,        ,        ,        ,        ,        ,        ,      
greenjo01, 2006,     1, VAN , NHL , C  , 57.0,  2.0,   5.0,   7.0,  25.0, 0.0  ,  0.0,  0.0,  0.0,  1.0,  2.0,    ,  74.0,    9.0,   0.0,   1.0,     1.0,    12.0, 1.0    ,     0.0,     0.0,     0.0,     0.0,     0.0,     9.0
greenjo01, 2008,     1, AND , NHL , C  ,     ,     ,      ,      ,      ,      ,     ,     ,     ,     ,     ,    ,      ,    5.0,   0.0,   0.0,     0.0,     0.0, 0.0    ,     0.0,     0.0,     0.0,     0.0,     0.0,     2.0
greenky01, 2007,     1, PHI , NHL , L  ,  2.0,  0.0,   0.0,   0.0,   0.0, -1.0 ,  0.0,  0.0,  0.0,  0.0,  0.0,    ,   3.0,       ,      ,      ,        ,        ,        ,        ,        ,        ,        ,        ,      
greenky01, 2008,     1, CAL , NHL , L  ,  2.0,  0.0,   0.0,   0.0,   0.0, -1.0 ,  0.0,  0.0,  0.0,  0.0,  0.0,    ,   3.0,       ,      ,      ,        ,        ,        ,        ,        ,        ,        ,        ,      
greenma01, 2005,     1, EDM , NHL , D  , 27.0,  0.0,   2.0,   2.0,  43.0, -6.0 ,  0.0,  0.0,  0.0,  0.0,  0.0,    ,  10.0,   18.0,   0.0,   1.0,     1.0,    34.0, 1.0    ,     0.0,     0.0,     0.0,     0.0,     0.0,     4.0
greenma01, 2006,     1, EDM , NHL , D  , 78.0,  1.0,   9.0,  10.0, 109.0, -22.0,  0.0,  1.0,  0.0,  1.0,  0.0,    ,  52.0,       ,      ,      ,        ,        ,        ,        ,        ,        ,        ,        ,      
greenma01, 2007,     1, EDM , NHL , D  , 46.0,  0.0,   1.0,   1.0,  53.0, -3.0 ,  0.0,  0.0,  0.0,  0.0,  0.0,    ,  28.0,       ,      ,      ,        ,        ,        ,        ,        ,        ,        ,        ,      
greenma01, 2008,     1, LAK , NHL , D  , 82.0,  2.0,  12.0,  14.0, 111.0, 1.0  ,  0.0,  1.0,  0.0,  0.0,  0.0,    ,  76.0,       ,      ,      ,        ,        ,        ,        ,        ,        ,        ,        ,      
greenma01, 2009,     1, LAK , NHL , D  , 75.0,  2.0,   7.0,   9.0,  83.0, 4.0  ,  0.0,  0.0,  0.0,  0.0,  1.0,    ,  57.0,    6.0,   0.0,   1.0,     1.0,     0.0, -4.0   ,     0.0,     0.0,     0.0,     0.0,     0.0,     4.0
greenmi01, 1989,     1, EDM , NHL , G  ,  2.0,  0.0,   0.0,   0.0,   0.0, 0.0  ,  0.0,  0.0,  0.0,  0.0,  0.0, 0.0,   0.0,       ,      ,      ,        ,        ,        ,        ,        ,        ,        ,        ,      
greenmi02, 2003,     1, FLO , NHL , C  , 11.0,  0.0,   1.0,   1.0,   2.0, 0.0  ,  0.0,  0.0,  0.0,  0.0,  0.0, 0.0,   7.0,       ,      ,      ,        ,        ,        ,        ,        ,        ,        ,        ,      
greenmi02, 2003,     2, NYR , NHL , C  , 13.0,  1.0,   2.0,   3.0,   2.0, 0.0  ,  0.0,  0.0,  0.0,  0.0,  0.0, 0.0,  13.0,       ,      ,      ,        ,        ,        ,        ,        ,        ,        ,        ,      
greenmi03, 2005,     1, WAS , NHL , D  , 22.0,  1.0,   2.0,   3.0,  18.0, -8.0 ,  0.0,  1.0,  0.0,  0.0,  0.0,    ,  13.0,       ,      ,      ,        ,        ,        ,        ,        ,        ,        ,        ,      
greenmi03, 2006,     1, WAS , NHL , D  , 70.0,  2.0,  10.0,  12.0,  36.0, -10.0,  0.0,  6.0,  0.0,  0.0,  0.0,    ,  68.0,       ,      ,      ,        ,        ,        ,        ,        ,        ,        ,        ,      
greenmi03, 2007,     1, WAS , NHL , D  , 82.0, 18.0,  38.0,  56.0,  62.0, 6.0  ,  8.0, 15.0,  0.0,  0.0,  4.0,    , 234.0,    7.0,   3.0,   4.0,     7.0,    15.0, -2.0   ,     2.0,     2.0,     0.0,     0.0,     0.0,    19.0
greenmi03, 2008,     1, WAS , NHL , D  , 68.0, 31.0,  42.0,  73.0,  68.0, 24.0 , 18.0, 20.0,  1.0,  0.0,  4.0,    , 243.0,   14.0,   1.0,   8.0,     9.0,    12.0, -5.0   ,     1.0,     3.0,     0.0,     1.0,     0.0,    24.0
greenmi03, 2009,     1, WAS , NHL , D  , 75.0, 19.0,  57.0,  76.0,  54.0, 39.0 , 10.0, 25.0,  0.0,  1.0,  4.0,    , 205.0,    7.0,   0.0,   3.0,     3.0,    12.0, 1.0    ,     0.0,     1.0,     0.0,     0.0,     0.0,    23.0
greenre01, 1923,     1, HAM , NHL , F  , 23.0, 11.0,   2.0,  13.0,  31.0,      ,     ,     ,     ,     ,     ,    ,      ,       ,      ,      ,        ,        ,        ,        ,        ,        ,        ,        ,      
greenre01, 1924,     1, HAM , NHL , L  , 30.0, 19.0,  15.0,  34.0,  81.0,      ,     ,     ,     ,     ,     ,    ,      ,       ,      ,      ,        ,        ,        ,        ,        ,        ,        ,        ,      
greenre01, 1925,     1, NYA , NHL , L  , 35.0, 13.0,   4.0,  17.0,  42.0,      ,     ,     ,     ,     ,     ,    ,      ,       ,      ,      ,        ,        ,        ,        ,        ,        ,        ,        ,      
greenre01, 1926,     1, NYA , NHL , L  , 43.0, 10.0,   4.0,  14.0,  53.0,      ,     ,     ,     ,     ,     ,    ,      ,       ,      ,      ,        ,        ,        ,        ,        ,        ,        ,        ,      
greenre01, 1927,     1, NYA , NHL , L  , 40.0,  6.0,   1.0,   7.0,  67.0,      ,     ,     ,     ,     ,     ,    ,      ,       ,      ,      ,        ,        ,        ,        ,        ,        ,        ,        ,      
greenre01, 1928,     1, BOS , NHL , L  , 22.0,  0.0,   0.0,   0.0,  16.0,      ,     ,     ,     ,     ,     ,    ,      ,       ,      ,      ,        ,        ,        ,        ,        ,        ,        ,        ,      
greenre01, 1928,     2, DTC , NHL , L  ,  2.0,  0.0,   0.0,   0.0,   0.0,      ,     ,     ,     ,     ,     ,    ,      ,       ,      ,      ,        ,        ,        ,        ,        ,        ,        ,        ,      
greenri01, 1976,     1, WAS , NHL , D  , 45.0,  3.0,  12.0,  15.0,  16.0, -20.0,  1.0,     ,  0.0,     ,  0.0, 0.0,  89.0,       ,      ,      ,        ,        ,        ,        ,        ,        ,        ,        ,      
greenri01, 1977,     1, WAS , NHL , D  , 60.0,  5.0,  14.0,  19.0,  67.0, -35.0,  4.0,     ,  0.0,     ,  1.0, 1.0,  84.0,       ,      ,      ,        ,        ,        ,        ,        ,        ,        ,        ,      
greenri01, 1978,     1, WAS , NHL , D  , 71.0,  8.0,  33.0,  41.0,  62.0, -45.0,  2.0,     ,  1.0,     ,  0.0, 1.0, 133.0,       ,      ,      ,        ,        ,        ,        ,        ,        ,        ,        ,      
greenri01, 1979,     1, WAS , NHL , D  , 71.0,  4.0,  20.0,  24.0,  52.0, -10.0,  0.0,     ,  0.0,     ,  1.0, 1.0, 105.0,       ,      ,      ,        ,        ,        ,        ,        ,        ,        ,        ,      
greenri01, 1980,     1, WAS , NHL , D  , 65.0,  8.0,  23.0,  31.0,  91.0, -15.0,  2.0,     ,  0.0,     ,  1.0, 0.0, 120.0,       ,      ,      ,        ,        ,        ,        ,        ,        ,        ,        ,      
greenri01, 1981,     1, WAS , NHL , D  , 65.0,  3.0,  25.0,  28.0,  93.0, -12.0,  1.0,     ,  0.0,     ,  0.0, 1.0,  91.0,       ,      ,      ,        ,        ,        ,        ,        ,        ,        ,        ,      
greenri01, 1982,     1, MTL , NHL , D  , 66.0,  2.0,  24.0,  26.0,  58.0, 23.0 ,  1.0,     ,  0.0,     ,  0.0, 0.0,  71.0,    3.0,   0.0,   0.0,     0.0,     2.0,        ,     0.0,        ,     0.0,        ,     0.0,      
greenri01, 1983,     1, MTL , NHL , D  ,  7.0,  0.0,   1.0,   1.0,   7.0, -5.0 ,  0.0,     ,  0.0,     ,  0.0, 0.0,  10.0,   15.0,   1.0,   2.0,     3.0,    33.0, -3.0   ,     0.0,        ,     0.0,        ,     0.0,    11.0
greenri01, 1984,     1, MTL , NHL , D  , 77.0,  1.0,  18.0,  19.0,  30.0, -11.0,  1.0,     ,  0.0,     ,  0.0, 0.0,  63.0,   12.0,   0.0,   3.0,     3.0,    14.0, -7.0   ,     0.0,        ,     0.0,        ,     0.0,     7.0
greenri01, 1985,     1, MTL , NHL , D  , 46.0,  3.0,   2.0,   5.0,  20.0, -9.0 ,  0.0,     ,  0.0,     ,  0.0, 0.0,  45.0,   18.0,   1.0,   4.0,     5.0,     8.0, -4.0   ,     0.0,        ,     0.0,        ,     0.0,    18.0
greenri01, 1986,     1, MTL , NHL , D  , 72.0,  1.0,   9.0,  10.0,  10.0, -1.0 ,  0.0,     ,  0.0,     ,  0.0, 0.0,  38.0,   17.0,   0.0,   4.0,     4.0,     8.0, 13.0   ,     0.0,        ,     0.0,        ,     0.0,     4.0
greenri01, 1987,     1, MTL , NHL , D  , 59.0,  2.0,  11.0,  13.0,  33.0, 21.0 ,  1.0,  1.0,  0.0,  0.0,  0.0, 0.0,  44.0,   11.0,   0.0,   2.0,     2.0,     2.0, -2.0   ,     0.0,     0.0,     0.0,     0.0,     0.0,     6.0
greenri01, 1988,     1, MTL , NHL , D  , 72.0,  1.0,  14.0,  15.0,  25.0, 19.0 ,  0.0,  1.0,  0.0,  0.0,  0.0, 0.0,  42.0,   21.0,   1.0,   1.0,     2.0,     6.0, 0.0    ,     0.0,     0.0,     0.0,     0.0,     0.0,     9.0
greenri01, 1990,     1, DET , NHL , D  , 65.0,  2.0,  14.0,  16.0,  24.0, 10.0 ,  0.0,  0.0,  0.0,  1.0,  0.0, 0.0,  36.0,    3.0,   0.0,   0.0,     0.0,     0.0, 0.0    ,     0.0,     0.0,     0.0,     0.0,     0.0,     0.0
greenri01, 1991,     1, NYI , NHL , D  ,  4.0,  0.0,   0.0,   0.0,   0.0, -1.0 ,  0.0,  0.0,  0.0,  0.0,  0.0, 0.0,   2.0,       ,      ,      ,        ,        ,        ,        ,        ,        ,        ,        ,      
greensh01, 1923,     1, HAM , NHL , F  , 22.0,  7.0,   6.0,  13.0,  31.0,      ,     ,     ,     ,     ,     ,    ,      ,       ,      ,      ,        ,        ,        ,        ,        ,        ,        ,        ,      
greensh01, 1924,     1, HAM , NHL , R  , 28.0, 18.0,   9.0,  27.0,  63.0,      ,     ,     ,     ,     ,     ,    ,      ,       ,      ,      ,        ,        ,        ,        ,        ,        ,        ,        ,      
greensh01, 1925,     1, NYA , NHL , R  , 32.0,  6.0,   4.0,  10.0,  40.0,      ,     ,     ,     ,     ,     ,    ,      ,       ,      ,      ,        ,        ,        ,        ,        ,        ,        ,        ,      
greensh01, 1926,     1, NYA , NHL , R  , 21.0,  2.0,   1.0,   3.0,  17.0,      ,     ,     ,     ,     ,     ,    ,      ,       ,      ,      ,        ,        ,        ,        ,        ,        ,        ,        ,      
greente01, 1960,     1, BOS , NHL , D  ,  1.0,  0.0,   0.0,   0.0,   2.0,      ,     ,     ,     ,     ,     ,    ,      ,       ,      ,      ,        ,        ,        ,        ,        ,        ,        ,        ,      
greente01, 1961,     1, BOS , NHL , D  , 66.0,  3.0,   8.0,  11.0, 116.0,      ,     ,     ,     ,     ,     ,    ,      ,       ,      ,      ,        ,        ,        ,        ,        ,        ,        ,        ,      
greente01, 1962,     1, BOS , NHL , D  , 70.0,  1.0,  11.0,  12.0, 117.0,      ,     ,     ,     ,     ,     ,    ,      ,       ,      ,      ,        ,        ,        ,        ,        ,        ,        ,        ,      
greente01, 1963,     1, BOS , NHL , D  , 70.0,  4.0,  10.0,  14.0, 145.0,      ,  1.0,     ,  0.0,     ,  0.0, 0.0,      ,       ,      ,      ,        ,        ,        ,        ,        ,        ,        ,        ,      
greente01, 1964,     1, BOS , NHL , D  , 70.0,  8.0,  27.0,  35.0, 156.0,      ,  2.0,     ,  0.0,     ,  0.0, 0.0,      ,       ,      ,      ,        ,        ,        ,        ,        ,        ,        ,        ,      
greente01, 1965,     1, BOS , NHL , D  , 27.0,  5.0,  13.0,  18.0, 113.0,      ,  2.0,     ,  0.0,     ,  0.0, 1.0,      ,       ,      ,      ,        ,        ,        ,        ,        ,        ,        ,        ,      
greente01, 1966,     1, BOS , NHL , D  , 47.0,  6.0,  10.0,  16.0,  67.0,      ,  5.0,     ,  0.0,     ,  1.0, 0.0,      ,       ,      ,      ,        ,        ,        ,        ,        ,        ,        ,        ,      
greente01, 1967,     1, BOS , NHL , D  , 72.0,  7.0,  36.0,  43.0, 133.0, 14.0 ,  3.0,     ,  0.0,     ,  0.0, 0.0, 113.0,    4.0,   1.0,   1.0,     2.0,    11.0,        ,     1.0,        ,     0.0,        ,     0.0,      
greente01, 1968,     1, BOS , NHL , D  , 65.0,  8.0,  38.0,  46.0,  99.0, 9.0  ,  3.0,     ,  0.0,     ,  0.0, 0.0, 131.0,   10.0,   2.0,   7.0,     9.0,    18.0,        ,     0.0,        ,     0.0,        ,     0.0,      
greente01, 1970,     1, BOS , NHL , D  , 78.0,  5.0,  37.0,  42.0,  60.0, 37.0 ,  0.0,     ,  0.0,     ,  0.0, 0.0, 103.0,    7.0,   1.0,   0.0,     1.0,    25.0,        ,     0.0,        ,     0.0,        ,     0.0,      
greente01, 1971,     1, BOS , NHL , D  , 54.0,  1.0,  16.0,  17.0,  21.0, 10.0 ,  0.0,     ,  0.0,     ,  0.0, 0.0,  41.0,   10.0,   0.0,   0.0,     0.0,     0.0,        ,     0.0,        ,     0.0,        ,     0.0,      
greente01, 1972,     1, NEW , WHA , D  , 78.0, 16.0,  30.0,  46.0,  47.0,      ,  2.0,     ,  0.0,     ,     ,    ,      ,   12.0,   1.0,   5.0,     6.0,    25.0,        ,     0.0,        ,     0.0,        ,     0.0,      
greente01, 1973,     1, NEW , WHA , D  , 75.0,  7.0,  26.0,  33.0,  42.0,      ,  0.0,     ,  0.0,     ,  1.0,    ,      ,    7.0,   0.0,   4.0,     4.0,     2.0,        ,        ,        ,        ,        ,     0.0,      
greente01, 1974,     1, NEW , WHA , D  , 57.0,  6.0,  14.0,  20.0,  29.0, -13.0,  1.0,     ,  0.0,     ,     ,    ,  75.0,    3.0,   0.0,   0.0,     0.0,     0.0,        ,     0.0,        ,     0.0,        ,     0.0,      
greente01, 1975,     1, WIJ , WHA , D  , 79.0,  5.0,  23.0,  28.0,  73.0, 32.0 ,  0.0,     ,  0.0,     ,  0.0,    ,  61.0,   11.0,   0.0,   2.0,     2.0,    16.0, 6.0    ,        ,        ,        ,        ,        ,      
greente01, 1976,     1, WIJ , WHA , D  , 70.0,  4.0,  21.0,  25.0,  45.0, 12.0 ,  2.0,     ,  0.0,     ,     ,    ,  59.0,   20.0,   1.0,   3.0,     4.0,    12.0, -4.0   ,        ,        ,        ,        ,     0.0,      
greente01, 1977,     1, WIJ , WHA , D  , 73.0,  4.0,  22.0,  26.0,  52.0, 19.0 ,  2.0,     ,  0.0,     ,     ,    ,  88.0,    8.0,   0.0,   2.0,     2.0,     2.0, 4.0    ,        ,        ,        ,        ,     0.0,      
greente01, 1978,     1, WIJ , WHA , D  , 20.0,  0.0,   2.0,   2.0,  16.0, -7.0 ,  0.0,     ,  0.0,     ,     ,    ,  13.0,       ,      ,      ,        ,        ,        ,        ,        ,        ,        ,        ,      
greentr01, 1992,     1, NYI , NHL , C  , 61.0,  7.0,  18.0,  25.0,  43.0, 4.0  ,  1.0,  1.0,  0.0,  0.0,  0.0, 0.0, 115.0,   12.0,   3.0,   1.0,     4.0,     6.0, -3.0   ,     0.0,     0.0,     0.0,     0.0,     1.0,    27.0
greentr01, 1993,     1, NYI , NHL , C  , 83.0, 18.0,  22.0,  40.0,  44.0, 16.0 ,  1.0,  4.0,  0.0,  0.0,  2.0, 1.0, 164.0,    4.0,   0.0,   0.0,     0.0,     2.0, -5.0   ,     0.0,     0.0,     0.0,     0.0,     0.0,     7.0
greentr01, 1994,     1, NYI , NHL , C  , 42.0,  5.0,   7.0,  12.0,  25.0, -10.0,  0.0,  1.0,  0.0,  0.0,  0.0, 0.0,  59.0,       ,      ,      ,        ,        ,        ,        ,        ,        ,        ,        ,      
greentr01, 1995,     1, NYI , NHL , C  , 69.0, 25.0,  45.0,  70.0,  42.0, -20.0, 14.0, 20.0,  1.0,  0.0,  2.0, 1.0, 186.0,       ,      ,      ,        ,        ,        ,        ,        ,        ,        ,        ,      
greentr01, 1996,     1, NYI , NHL , C  , 79.0, 23.0,  41.0,  64.0,  38.0, -5.0 , 10.0,  9.0,  0.0,  0.0,  3.0, 0.0, 177.0,       ,      ,      ,        ,        ,        ,        ,        ,        ,        ,        ,      
greentr01, 1997,     1, NYI , NHL , C  , 54.0, 14.0,  12.0,  26.0,  66.0, -19.0,  8.0,  7.0,  0.0,  0.0,  2.0, 1.0,  99.0,       ,      ,      ,        ,        ,        ,        ,        ,        ,        ,        ,      
greentr01, 1997,     2, ANA , NHL , C  , 22.0,  5.0,  11.0,  16.0,  16.0, -10.0,  1.0,  4.0,  0.0,  0.0,  0.0, 1.0,  42.0,       ,      ,      ,        ,        ,        ,        ,        ,        ,        ,        ,      
greentr01, 1998,     1, ANA , NHL , C  , 79.0, 13.0,  17.0,  30.0,  81.0, -7.0 ,  3.0,  6.0,  1.0,  1.0,  2.0, 0.0, 165.0,    4.0,   0.0,   1.0,     1.0,     4.0, -4.0   ,     0.0,     1.0,     0.0,     0.0,     0.0,    12.0
greentr01, 1999,     1, PHO , NHL , C  , 78.0, 25.0,  21.0,  46.0,  45.0, -4.0 ,  6.0,  4.0,  0.0,  0.0,  2.0, 1.0, 157.0,    5.0,   2.0,   1.0,     3.0,     2.0, 0.0    ,     0.0,     1.0,     0.0,     0.0,     0.0,     8.0
greentr01, 2000,     1, PHO , NHL , C  , 69.0, 13.0,  15.0,  28.0,  63.0, -11.0,  3.0,  3.0,  0.0,  0.0,  0.0, 0.0, 113.0,       ,      ,      ,        ,        ,        ,        ,        ,        ,        ,        ,      
greentr01, 2001,     1, TOR , NHL , R  , 82.0, 11.0,  23.0,  34.0,  61.0, 13.0 ,  3.0,  4.0,  0.0,  0.0,  2.0, 0.0, 119.0,   20.0,   3.0,   6.0,     9.0,    34.0, 5.0    ,     0.0,     0.0,     0.0,     0.0,     1.0,    35.0
greentr01, 2002,     1, TOR , NHL , C  , 75.0, 12.0,  12.0,  24.0,  67.0, 2.0  ,  2.0,  0.0,  1.0,  0.0,  3.0, 0.0,  86.0,    4.0,   2.0,   1.0,     3.0,     4.0, 3.0    ,     0.0,     0.0,     1.0,     0.0,     1.0,     6.0
greentr01, 2003,     1, BOS , NHL , R  , 64.0, 11.0,   5.0,  16.0,  67.0, -6.0 ,  2.0,  0.0,  0.0,  1.0,  2.0, 0.0, 104.0,    7.0,   0.0,   1.0,     1.0,     8.0, 0.0    ,     0.0,     0.0,     0.0,     0.0,     0.0,     8.0
greentr01, 2005,     1, BOS , NHL , C  , 82.0, 10.0,  12.0,  22.0,  79.0, -2.0 ,  0.0,  0.0,  2.0,  1.0,  1.0,    , 118.0,       ,      ,      ,        ,        ,        ,        ,        ,        ,        ,        ,      
greentr01, 2006,     1, AND , NHL , C  ,  7.0,  1.0,   1.0,   2.0,   6.0, 3.0  ,  0.0,  0.0,  0.0,  0.0,  0.0,    ,   3.0,       ,      ,      ,        ,        ,        ,        ,        ,        ,        ,        ,      
greentr01, 2006,     2, TOR , NHL , C  , 24.0,  0.0,   0.0,   0.0,  21.0, 1.0  ,  0.0,  0.0,  0.0,  0.0,  0.0,    ,  19.0,       ,      ,      ,        ,        ,        ,        ,        ,        ,        ,        ,      
greggra01, 1981,     1, EDM , NHL , D  ,     ,     ,      ,      ,      ,      ,     ,     ,     ,     ,     ,    ,      ,    4.0,   0.0,   2.0,     2.0,    12.0,        ,     0.0,        ,     0.0,        ,     0.0,      
greggra01, 1982,     1, EDM , NHL , D  , 80.0,  6.0,  22.0,  28.0,  54.0, 15.0 ,  0.0,     ,  2.0,     ,  2.0, 0.0,  94.0,   16.0,   2.0,   4.0,     6.0,    13.0,        ,     0.0,        ,     1.0,        ,     1.0,      
greggra01, 1983,     1, EDM , NHL , D  , 80.0, 13.0,  27.0,  40.0,  56.0, 40.0 ,  2.0,     ,  1.0,     ,  2.0, 0.0,  91.0,   19.0,   3.0,   7.0,    10.0,    21.0, 16.0   ,     0.0,        ,     0.0,        ,     1.0,    32.0
greggra01, 1984,     1, EDM , NHL , D  , 57.0,  3.0,  20.0,  23.0,  32.0, 27.0 ,  0.0,     ,  0.0,     ,  0.0, 0.0,  58.0,   17.0,   0.0,   6.0,     6.0,    12.0, 19.0   ,     0.0,        ,     0.0,        ,     0.0,    17.0
greggra01, 1985,     1, EDM , NHL , D  , 64.0,  2.0,  26.0,  28.0,  47.0, 30.0 ,  0.0,     ,  0.0,     ,  0.0, 0.0,  55.0,   10.0,   1.0,   0.0,     1.0,    12.0, 3.0    ,     0.0,        ,     0.0,        ,     0.0,     6.0
greggra01, 1986,     1, EDM , NHL , D  , 52.0,  8.0,  16.0,  24.0,  42.0, 36.0 ,  0.0,     ,  0.0,     ,  2.0, 0.0,  59.0,   18.0,   3.0,   6.0,     9.0,    17.0, 8.0    ,     1.0,        ,     0.0,        ,     1.0,    29.0
greggra01, 1987,     1, EDM , NHL , D  , 15.0,  1.0,   2.0,   3.0,   8.0, 4.0  ,  0.0,  0.0,  0.0,  0.0,  0.0, 0.0,  20.0,   19.0,   1.0,   8.0,     9.0,    24.0, 17.0   ,     0.0,     1.0,     0.0,     0.0,     1.0,    22.0
greggra01, 1988,     1, EDM , NHL , D  , 57.0,  3.0,  15.0,  18.0,  28.0, -9.0 ,  1.0,  5.0,  0.0,  1.0,  1.0, 0.0,  42.0,    7.0,   1.0,   0.0,     1.0,     6.0, 4.0    ,     0.0,     0.0,     0.0,     0.0,     0.0,     8.0
greggra01, 1989,     1, EDM , NHL , D  , 48.0,  4.0,  20.0,  24.0,  42.0, 24.0 ,  0.0,  7.0,  0.0,  2.0,  0.0, 0.0,  41.0,   20.0,   2.0,   6.0,     8.0,    16.0, 1.0    ,     1.0,     2.0,     0.0,     1.0,     0.0,    17.0
greggra01, 1991,     1, VAN , NHL , D  , 21.0,  1.0,   4.0,   5.0,  24.0, -3.0 ,  0.0,  1.0,  0.0,  0.0,  0.0, 0.0,  19.0,    7.0,   0.0,   1.0,     1.0,     8.0, 3.0    ,     0.0,     0.0,     0.0,     0.0,     0.0,     3.0
greigbr01, 1973,     1, CLF , NHL , L  ,  1.0,  0.0,   0.0,   0.0,   4.0, 0.0  ,  0.0,     ,  0.0,     ,  0.0, 0.0,   0.0,       ,      ,      ,        ,        ,        ,        ,        ,        ,        ,        ,      
greigbr01, 1974,     1, CLF , NHL , L  ,  8.0,  0.0,   1.0,   1.0,  42.0, -3.0 ,  0.0,     ,  0.0,     ,  0.0, 0.0,   5.0,       ,      ,      ,        ,        ,        ,        ,        ,        ,        ,        ,      
greigbr01, 1976,     1, CAC , WHA , L  ,  7.0,  1.0,   1.0,   2.0,  10.0, -1.0 ,  0.0,     ,  0.0,     ,     ,    ,   4.0,       ,      ,      ,        ,        ,        ,        ,        ,        ,        ,        ,      
greigbr01, 1977,     1, CIN , WHA , L  , 32.0,  3.0,   1.0,   4.0,  57.0, -1.0 ,  1.0,     ,  0.0,     ,     ,    ,  10.0,       ,      ,      ,        ,        ,        ,        ,        ,        ,        ,        ,      
greigbr01, 1978,     1, IND , WHA , L  , 21.0,  3.0,   7.0,  10.0,  64.0, -5.0 ,  0.0,     ,  0.0,     ,     ,    ,  13.0,       ,      ,      ,        ,        ,        ,        ,        ,        ,        ,        ,      
greigma01, 1990,     1, HAR , NHL , R  ,  4.0,  0.0,   0.0,   0.0,   0.0, -1.0 ,  0.0,  0.0,  0.0,  0.0,  0.0, 0.0,   1.0,       ,      ,      ,        ,        ,        ,        ,        ,        ,        ,        ,      
greigma01, 1991,     1, HAR , NHL , R  , 17.0,  0.0,   5.0,   5.0,   6.0, 7.0  ,  0.0,  1.0,  0.0,  0.0,  0.0, 0.0,  18.0,       ,      ,      ,        ,        ,        ,        ,        ,        ,        ,        ,      
greigma01, 1992,     1, HAR , NHL , R  , 22.0,  1.0,   7.0,   8.0,  27.0, -11.0,  0.0,  2.0,  0.0,  0.0,  0.0, 0.0,  16.0,       ,      ,      ,        ,        ,        ,        ,        ,        ,        ,        ,      
greigma01, 1993,     1, HAR , NHL , R  , 31.0,  4.0,   5.0,   9.0,  31.0, -6.0 ,  0.0,  3.0,  0.0,  0.0,  0.0, 0.0,  41.0,       ,      ,      ,        ,        ,        ,        ,        ,        ,        ,        ,      
greigma01, 1993,     2, TOR , NHL , R  , 13.0,  2.0,   2.0,   4.0,  10.0, 1.0  ,  0.0,  0.0,  0.0,  0.0,  0.0, 0.0,  14.0,       ,      ,      ,        ,        ,        ,        ,        ,        ,        ,        ,      
greigma01, 1994,     1, CAL , NHL , R  ,  8.0,  1.0,   1.0,   2.0,   2.0, 1.0  ,  0.0,  0.0,  0.0,  0.0,  0.0, 0.0,   5.0,       ,      ,      ,        ,        ,        ,        ,        ,        ,        ,        ,      
greigma01, 1998,     1, PHI , NHL , R  ,  7.0,  1.0,   3.0,   4.0,   2.0, 1.0  ,  0.0,  2.0,  0.0,  0.0,  0.0, 0.0,   9.0,    2.0,   0.0,   1.0,     1.0,     0.0, 1.0    ,     0.0,     0.0,     0.0,     0.0,     0.0,     3.0
greigma01, 1999,     1, PHI , NHL , R  , 11.0,  3.0,   2.0,   5.0,   6.0, 0.0  ,  0.0,  1.0,  0.0,  0.0,  1.0, 0.0,  14.0,    3.0,   0.0,   0.0,     0.0,     0.0, -1.0   ,     0.0,     0.0,     0.0,     0.0,     0.0,     2.0
greigma01, 2000,     1, PHI , NHL , R  ,  7.0,  1.0,   1.0,   2.0,   4.0, -2.0 ,  0.0,  0.0,  0.0,  0.0,  0.0, 0.0,   7.0,       ,      ,      ,        ,        ,        ,        ,        ,        ,        ,        ,      
greigma01, 2002,     1, PHI , NHL , R  ,  5.0,  0.0,   1.0,   1.0,   2.0, 1.0  ,  0.0,  0.0,  0.0,  0.0,  0.0, 0.0,   2.0,       ,      ,      ,        ,        ,        ,        ,        ,        ,        ,        ,      
greisth01, 2007,     1, SJS , NHL , G  ,  3.0,  0.0,   0.0,   0.0,   0.0, 0.0  ,  0.0,  0.0,  0.0,  0.0,  0.0,    ,   0.0,       ,      ,      ,        ,        ,        ,        ,        ,        ,        ,        ,      
greisth01, 2009,     1, SJS , NHL , G  , 16.0,  0.0,   0.0,   0.0,   2.0, 0.0  ,  0.0,  0.0,  0.0,  0.0,  0.0,    ,   0.0,    1.0,   0.0,   0.0,     0.0,     0.0, 0.0    ,     0.0,     0.0,     0.0,     0.0,     0.0,     0.0
grenilu01, 1968,     1, MTL , NHL , R  ,     ,     ,      ,      ,      ,      ,     ,     ,     ,     ,     ,    ,      ,    2.0,   0.0,   0.0,     0.0,     0.0,        ,     0.0,        ,     0.0,        ,     0.0,      
grenilu01, 1969,     1, MTL , NHL , R  , 23.0,  2.0,   3.0,   5.0,   2.0, 1.0  ,  0.0,     ,  0.0,     ,  1.0, 0.0,  25.0,       ,      ,      ,        ,        ,        ,        ,        ,        ,        ,        ,      
grenilu01, 1970,     1, LAK , NHL , R  , 68.0,  9.0,   7.0,  16.0,  12.0, -1.0 ,  1.0,     ,  1.0,     ,  1.0, 0.0,  63.0,       ,      ,      ,        ,        ,        ,        ,        ,        ,        ,        ,      
grenilu01, 1971,     1, LAK , NHL , R  , 60.0,  3.0,   4.0,   7.0,   4.0, -6.0 ,  1.0,     ,  0.0,     ,  0.0, 0.0,  22.0,       ,      ,      ,        ,        ,        ,        ,        ,        ,        ,        ,      
grenima01, 2001,     1, PHO , NHL , D  ,  5.0,  0.0,   0.0,   0.0,   5.0, 0.0  ,  0.0,  0.0,  0.0,  0.0,  0.0, 0.0,   1.0,       ,      ,      ,        ,        ,        ,        ,        ,        ,        ,        ,      
grenima01, 2002,     1, PHO , NHL , D  ,  3.0,  0.0,   0.0,   0.0,   0.0, -1.0 ,  0.0,  0.0,  0.0,  0.0,  0.0, 0.0,   0.0,       ,      ,      ,        ,        ,        ,        ,        ,        ,        ,        ,      
grenima01, 2003,     1, VAN , NHL , D  ,  7.0,  1.0,   0.0,   1.0,   9.0, 3.0  ,  0.0,  0.0,  0.0,  0.0,  0.0, 0.0,   6.0,       ,      ,      ,        ,        ,        ,        ,        ,        ,        ,        ,      
grenima01, 2006,     1, PHI , NHL , D  ,  3.0,  0.0,   0.0,   0.0,   0.0, -3.0 ,  0.0,  0.0,  0.0,  0.0,  0.0,    ,   0.0,       ,      ,      ,        ,        ,        ,        ,        ,        ,        ,        ,      
greniri01, 1972,     1, NYI , NHL , C  , 10.0,  1.0,   1.0,   2.0,   2.0, -2.0 ,  0.0,     ,  0.0,     ,  1.0, 0.0,  18.0,       ,      ,      ,        ,        ,        ,        ,        ,        ,        ,        ,      
greniri01, 1976,     1, QUN , WHA , C  , 34.0, 11.0,   9.0,  20.0,   4.0, -6.0 ,  2.0,     ,  0.0,     ,     ,    ,  60.0,       ,      ,      ,        ,        ,        ,        ,        ,        ,        ,        ,      
grescro01, 1974,     1, NYR , NHL , D  , 70.0,  8.0,  37.0,  45.0,  93.0, 8.0  ,  0.0,     ,  0.0,     ,  2.0, 0.0, 122.0,    3.0,   0.0,   1.0,     1.0,     2.0,        ,     0.0,        ,     0.0,        ,     0.0,      
grescro01, 1975,     1, NYR , NHL , D  , 77.0,  6.0,  21.0,  27.0,  93.0, -51.0,  2.0,     ,  0.0,     ,  0.0, 0.0, 176.0,       ,      ,      ,        ,        ,        ,        ,        ,        ,        ,        ,      
grescro01, 1976,     1, NYR , NHL , D  , 80.0, 11.0,  36.0,  47.0,  89.0, 0.0  ,  0.0,     ,  2.0,     ,  1.0, 2.0, 192.0,       ,      ,      ,        ,        ,        ,        ,        ,        ,        ,        ,      
grescro01, 1977,     1, NYR , NHL , D  , 78.0, 24.0,  48.0,  72.0, 100.0, 3.0  ,  8.0,     ,  1.0,     ,  5.0, 1.0, 180.0,    3.0,   0.0,   0.0,     0.0,     2.0,        ,     0.0,        ,     0.0,        ,     0.0,      
grescro01, 1978,     1, NYR , NHL , D  , 60.0, 17.0,  36.0,  53.0,  66.0, 0.0  ,  8.0,     ,  0.0,     ,  1.0, 0.0, 153.0,   18.0,   7.0,   5.0,    12.0,    16.0,        ,     4.0,        ,     1.0,        ,     3.0,      
grescro01, 1979,     1, NYR , NHL , D  , 76.0, 21.0,  37.0,  58.0, 103.0, -11.0,  6.0,     ,  1.0,     ,  3.0, 1.0, 187.0,    9.0,   0.0,   6.0,     6.0,    10.0,        ,     0.0,        ,     0.0,        ,     0.0,      
grescro01, 1980,     1, NYR , NHL , D  , 74.0, 27.0,  41.0,  68.0, 112.0, 0.0  ,  6.0,     ,  0.0,     ,  1.0, 2.0, 193.0,   14.0,   4.0,   8.0,    12.0,    17.0,        ,     1.0,        ,     0.0,        ,     0.0,      
grescro01, 1981,     1, NYR , NHL , D  , 29.0,  5.0,  11.0,  16.0,  16.0, -11.0,  0.0,     ,  0.0,     ,  0.0, 0.0,  49.0,       ,      ,      ,        ,        ,        ,        ,        ,        ,        ,        ,      
grescro01, 1982,     1, NYR , NHL , D  , 10.0,  3.0,   5.0,   8.0,   0.0, 0.0  ,  1.0,     ,  0.0,     ,  0.0, 0.0,  12.0,    8.0,   2.0,   2.0,     4.0,    12.0,        ,     2.0,        ,     0.0,        ,     0.0,      
grescro01, 1983,     1, NYR , NHL , D  , 77.0, 12.0,  44.0,  56.0, 117.0, 5.0  ,  5.0,     ,  0.0,     ,  0.0, 1.0, 130.0,    2.0,   1.0,   0.0,     1.0,     2.0, 0.0    ,     0.0,        ,     0.0,        ,     0.0,     2.0
grescro01, 1984,     1, NYR , NHL , D  , 48.0, 16.0,  29.0,  45.0,  42.0, -19.0,  8.0,     ,  0.0,     ,  2.0, 0.0,  88.0,    2.0,   0.0,   3.0,     3.0,    12.0, 3.0    ,     0.0,        ,     0.0,        ,     0.0,     4.0
grescro01, 1985,     1, NYR , NHL , D  , 78.0, 20.0,  28.0,  48.0, 104.0, 9.0  ,  6.0,     ,  1.0,     ,  2.0, 1.0, 150.0,    5.0,   3.0,   1.0,     4.0,    11.0, 2.0    ,     0.0,        ,     0.0,        ,     0.0,     9.0
grescro01, 1986,     1, NYR , NHL , D  , 61.0,  6.0,  34.0,  40.0,  62.0, -6.0 ,  1.0,     ,  1.0,     ,  1.0, 0.0, 109.0,    6.0,   0.0,   5.0,     5.0,     0.0, -1.0   ,     0.0,        ,     0.0,        ,     0.0,    16.0
grescro01, 1987,     1, NYR , NHL , D  , 51.0,  1.0,   5.0,   6.0,  82.0, -9.0 ,  0.0,  3.0,  0.0,  0.0,  0.0, 0.0,  67.0,       ,      ,      ,        ,        ,        ,        ,        ,        ,        ,        ,      
grescro01, 1988,     1, NYR , NHL , D  , 58.0,  1.0,  10.0,  11.0,  94.0, 9.0  ,  0.0,  1.0,  0.0,  0.0,  0.0, 0.0,  49.0,    4.0,   0.0,   1.0,     1.0,     6.0, -1.0   ,     0.0,     1.0,     0.0,     0.0,     0.0,    11.0
grescro01, 1989,     1, NYR , NHL , D  , 55.0,  1.0,   9.0,  10.0,  53.0, -7.0 ,  0.0,  3.0,  0.0,  0.0,  0.0, 0.0,  26.0,   10.0,   0.0,   0.0,     0.0,    16.0, 0.0    ,     0.0,     0.0,     0.0,     0.0,     0.0,     3.0
gresdga01, 1975,     1, QUN , WHA , D  ,  2.0,  0.0,   1.0,   1.0,   5.0, 2.0  ,  0.0,     ,  0.0,     ,  0.0,    ,   0.0,    1.0,   0.0,   0.0,     0.0,    14.0, 0.0    ,        ,        ,        ,        ,        ,      
gretzbr01, 1993,     1, TBL , NHL , C  , 10.0,  1.0,   2.0,   3.0,   2.0, 0.0  ,  0.0,  0.0,  0.0,  0.0,  0.0, 0.0,  14.0,       ,      ,      ,        ,        ,        ,        ,        ,        ,        ,        ,      
gretzbr01, 1994,     1, TBL , NHL , C  ,  3.0,  0.0,   1.0,   1.0,   0.0, -2.0 ,  0.0,  1.0,  0.0,  0.0,  0.0, 0.0,   1.0,       ,      ,      ,        ,        ,        ,        ,        ,        ,        ,        ,      
gretzwa01, 1978,     1, IND , WHA , C  ,  8.0,  3.0,   3.0,   6.0,   0.0, -3.0 ,  0.0,     ,  0.0,     ,     ,    ,  17.0,       ,      ,      ,        ,        ,        ,        ,        ,        ,        ,        ,      
gretzwa01, 1978,     2, EDO , WHA , C  , 72.0, 43.0,  61.0, 104.0,  19.0, 23.0 ,  9.0,     ,  0.0,     ,     ,    , 253.0,   13.0,  10.0,  10.0,    20.0,     2.0, 6.0    ,        ,        ,        ,        ,     1.0,      
gretzwa01, 1979,     1, EDM , NHL , C  , 79.0, 51.0,  86.0, 137.0,  21.0, 15.0 , 13.0,     ,  1.0,     ,  6.0, 4.0, 284.0,    3.0,   2.0,   1.0,     3.0,     0.0,        ,     0.0,        ,     0.0,        ,     0.0,      
gretzwa01, 1980,     1, EDM , NHL , C  , 80.0, 55.0, 109.0, 164.0,  28.0, 41.0 , 15.0,     ,  4.0,     ,  3.0, 2.0, 261.0,    9.0,   7.0,  14.0,    21.0,     4.0,        ,     2.0,        ,     1.0,        ,     1.0,      
gretzwa01, 1981,     1, EDM , NHL , C  , 80.0, 92.0, 120.0, 212.0,  26.0, 81.0 , 18.0,     ,  6.0,     , 12.0, 4.0, 369.0,    5.0,   5.0,   7.0,    12.0,     8.0,        ,     1.0,        ,     1.0,        ,     1.0,      
gretzwa01, 1982,     1, EDM , NHL , C  , 80.0, 71.0, 125.0, 196.0,  59.0, 60.0 , 18.0,     ,  6.0,     ,  9.0, 1.0, 348.0,   16.0,  12.0,  26.0,    38.0,     4.0,        ,     2.0,        ,     3.0,        ,     3.0,      
gretzwa01, 1983,     1, EDM , NHL , C  , 74.0, 87.0, 118.0, 205.0,  39.0, 76.0 , 20.0,     , 12.0,     , 11.0, 0.0, 324.0,   19.0,  13.0,  22.0,    35.0,    12.0, 18.0   ,     2.0,        ,     0.0,        ,     3.0,    86.0
gretzwa01, 1984,     1, EDM , NHL , C  , 80.0, 73.0, 135.0, 208.0,  52.0, 98.0 ,  8.0,     , 11.0,     ,  7.0, 2.0, 358.0,   18.0,  17.0,  30.0,    47.0,     4.0, 28.0   ,     4.0,        ,     2.0,        ,     3.0,    67.0
gretzwa01, 1985,     1, EDM , NHL , C  , 80.0, 52.0, 163.0, 215.0,  46.0, 71.0 , 11.0,     ,  3.0,     ,  6.0, 1.0, 350.0,   10.0,   8.0,  11.0,    19.0,     2.0, 0.0    ,     4.0,        ,     1.0,        ,     2.0,    42.0
gretzwa01, 1986,     1, EDM , NHL , C  , 79.0, 62.0, 121.0, 183.0,  28.0, 70.0 , 13.0,     ,  7.0,     ,  4.0, 0.0, 288.0,   21.0,   5.0,  29.0,    34.0,     6.0, 10.0   ,     2.0,        ,     0.0,        ,     0.0,    55.0
gretzwa01, 1987,     1, EDM , NHL , C  , 64.0, 40.0, 109.0, 149.0,  24.0, 39.0 ,  9.0, 40.0,  5.0,  4.0,  3.0, 0.0, 211.0,   19.0,  12.0,  31.0,    43.0,    16.0, 9.0    ,     5.0,    19.0,     1.0,     0.0,     3.0,    62.0
gretzwa01, 1988,     1, LAK , NHL , C  , 78.0, 54.0, 114.0, 168.0,  26.0, 15.0 , 11.0, 42.0,  5.0, 10.0,  5.0, 2.0, 303.0,   11.0,   5.0,  17.0,    22.0,     0.0, -4.0   ,     1.0,     9.0,     1.0,     0.0,     0.0,    42.0
gretzwa01, 1989,     1, LAK , NHL , C  , 73.0, 40.0, 102.0, 142.0,  42.0, 8.0  , 10.0, 30.0,  4.0,  2.0,  4.0, 1.0, 236.0,    7.0,   3.0,   7.0,    10.0,     0.0, -4.0   ,     1.0,     1.0,     0.0,     0.0,     0.0,    13.0
gretzwa01, 1990,     1, LAK , NHL , C  , 78.0, 41.0, 122.0, 163.0,  16.0, 30.0 ,  8.0, 51.0,  0.0,  1.0,  5.0, 2.0, 212.0,   12.0,   4.0,  11.0,    15.0,     2.0, 0.0    ,     1.0,     5.0,     0.0,     0.0,     2.0,    26.0
gretzwa01, 1991,     1, LAK , NHL , C  , 74.0, 31.0,  90.0, 121.0,  34.0, -12.0, 12.0, 42.0,  2.0,  2.0,  2.0, 1.0, 215.0,    6.0,   2.0,   5.0,     7.0,     2.0, -3.0   ,     1.0,     4.0,     0.0,     0.0,     0.0,    11.0
gretzwa01, 1992,     1, LAK , NHL , C  , 45.0, 16.0,  49.0,  65.0,   6.0, 6.0  ,  0.0, 24.0,  2.0,  1.0,  1.0, 0.0, 141.0,   24.0,  15.0,  25.0,    40.0,     4.0, 6.0    ,     4.0,     9.0,     1.0,     2.0,     3.0,    76.0
gretzwa01, 1993,     1, LAK , NHL , C  , 81.0, 38.0,  92.0, 130.0,  20.0, -25.0, 14.0, 47.0,  4.0,  3.0,  0.0, 1.0, 233.0,       ,      ,      ,        ,        ,        ,        ,        ,        ,        ,        ,      
gretzwa01, 1994,     1, LAK , NHL , C  , 48.0, 11.0,  37.0,  48.0,   6.0, -20.0,  3.0, 19.0,  0.0,  3.0,  1.0, 0.0, 142.0,       ,      ,      ,        ,        ,        ,        ,        ,        ,        ,        ,      
gretzwa01, 1995,     1, LAK , NHL , C  , 62.0, 15.0,  66.0,  81.0,  32.0, -7.0 ,  5.0, 32.0,  0.0,  0.0,  2.0, 1.0, 144.0,       ,      ,      ,        ,        ,        ,        ,        ,        ,        ,        ,      
gretzwa01, 1995,     2, STL , NHL , C  , 18.0,  8.0,  13.0,  21.0,   2.0, -6.0 ,  1.0,  9.0,  1.0,  0.0,  1.0, 0.0,  51.0,   13.0,   2.0,  14.0,    16.0,     0.0, 2.0    ,     1.0,     6.0,     0.0,     1.0,     1.0,    25.0
gretzwa01, 1996,     1, NYR , NHL , C  , 82.0, 25.0,  72.0,  97.0,  28.0, 12.0 ,  6.0, 25.0,  0.0,  1.0,  2.0, 1.0, 286.0,   15.0,  10.0,  10.0,    20.0,     2.0, 5.0    ,     3.0,     5.0,     0.0,     0.0,     2.0,    44.0
gretzwa01, 1997,     1, NYR , NHL , C  , 82.0, 23.0,  67.0,  90.0,  28.0, -11.0,  6.0, 24.0,  0.0,  0.0,  4.0, 2.0, 201.0,       ,      ,      ,        ,        ,        ,        ,        ,        ,        ,        ,      
gretzwa01, 1998,     1, NYR , NHL , C  , 70.0,  9.0,  53.0,  62.0,  14.0, -23.0,  3.0, 27.0,  0.0,  0.0,  3.0, 1.0, 132.0,       ,      ,      ,        ,        ,        ,        ,        ,        ,        ,        ,      
grierdo01, 1972,     1, HOU , WHA , R  , 78.0, 22.0,  22.0,  44.0,  83.0,      ,  5.0,     ,  0.0,     ,     ,    ,      ,    3.0,   0.0,   0.0,     0.0,     6.0,        ,     0.0,        ,     0.0,        ,     0.0,      
grierdo01, 1973,     1, HOU , WHA , R  , 65.0, 11.0,  18.0,  29.0,  45.0,      ,  0.0,     ,  0.0,     ,  2.0,    ,      ,   14.0,   1.0,   5.0,     6.0,    23.0,        ,        ,        ,        ,        ,     0.0,      
griermi01, 1996,     1, EDM , NHL , R  , 79.0, 15.0,  17.0,  32.0,  45.0, 7.0  ,  4.0,  1.0,  0.0,  0.0,  2.0, 0.0,  89.0,   12.0,   3.0,   1.0,     4.0,     4.0, -2.0   ,     1.0,     1.0,     0.0,     0.0,     1.0,    21.0
griermi01, 1997,     1, EDM , NHL , R  , 66.0,  9.0,   6.0,  15.0,  73.0, -3.0 ,  1.0,  0.0,  0.0,  0.0,  1.0, 0.0,  90.0,   12.0,   2.0,   2.0,     4.0,    13.0, 4.0    ,     0.0,     0.0,     0.0,     0.0,     1.0,    14.0
griermi01, 1998,     1, EDM , NHL , R  , 82.0, 20.0,  24.0,  44.0,  54.0, 5.0  ,  3.0,  2.0,  2.0,  0.0,  1.0, 0.0, 143.0,    4.0,   1.0,   1.0,     2.0,     6.0, 3.0    ,     0.0,     0.0,     0.0,     0.0,     0.0,     9.0
griermi01, 1999,     1, EDM , NHL , R  , 65.0,  9.0,  22.0,  31.0,  68.0, 9.0  ,  0.0,  1.0,  3.0,  1.0,  2.0, 0.0, 115.0,       ,      ,      ,        ,        ,        ,        ,        ,        ,        ,        ,      
griermi01, 2000,     1, EDM , NHL , R  , 74.0, 20.0,  16.0,  36.0,  20.0, 11.0 ,  2.0,  0.0,  3.0,  3.0,  2.0, 1.0, 124.0,    6.0,   0.0,   0.0,     0.0,     8.0, -2.0   ,     0.0,     0.0,     0.0,     0.0,     0.0,     6.0
griermi01, 2001,     1, EDM , NHL , R  , 82.0,  8.0,  17.0,  25.0,  32.0, 1.0  ,  0.0,  0.0,  2.0,  2.0,  3.0, 0.0, 112.0,       ,      ,      ,        ,        ,        ,        ,        ,        ,        ,        ,      
griermi01, 2002,     1, WAS , NHL , R  , 82.0, 15.0,  17.0,  32.0,  36.0, -14.0,  2.0,  6.0,  2.0,  0.0,  2.0, 0.0, 133.0,    6.0,   1.0,   1.0,     2.0,     2.0, 0.0    ,     0.0,     0.0,     0.0,     0.0,     0.0,    10.0
griermi01, 2003,     1, WAS , NHL , R  , 68.0,  8.0,  12.0,  20.0,  32.0, -19.0,  1.0,  2.0,  1.0,  0.0,  0.0, 0.0, 115.0,       ,      ,      ,        ,        ,        ,        ,        ,        ,        ,        ,      
griermi01, 2003,     2, BUF , NHL , R  , 14.0,  1.0,   8.0,   9.0,   4.0, 10.0 ,  0.0,  1.0,  0.0,  1.0,  0.0, 0.0,  18.0,       ,      ,      ,        ,        ,        ,        ,        ,        ,        ,        ,      
griermi01, 2005,     1, BUF , NHL , R  , 81.0,  7.0,  16.0,  23.0,  28.0, -7.0 ,  0.0,  0.0,  0.0,  1.0,  4.0,    , 109.0,   18.0,   3.0,   5.0,     8.0,     2.0, 3.0    ,     0.0,     0.0,     1.0,     1.0,     0.0,    32.0
griermi01, 2006,     1, SJS , NHL , R  , 81.0, 16.0,  17.0,  33.0,  43.0, -5.0 ,  2.0,  1.0,  3.0,  0.0,  1.0,    , 125.0,   11.0,   2.0,   2.0,     4.0,    27.0, 1.0    ,     0.0,     0.0,     0.0,     0.0,     0.0,    31.0
griermi01, 2007,     1, SJS , NHL , R  , 78.0,  9.0,  13.0,  22.0,  24.0, -8.0 ,  1.0,  0.0,  3.0,  1.0,  4.0,    , 132.0,   13.0,   0.0,   1.0,     1.0,     2.0, -2.0   ,     0.0,     0.0,     0.0,     0.0,     0.0,    22.0
griermi01, 2008,     1, SJS , NHL , R  , 62.0, 10.0,  13.0,  23.0,  25.0, 8.0  ,  0.0,  0.0,  1.0,  3.0,  2.0,    , 108.0,    6.0,   0.0,   0.0,     0.0,     6.0, -2.0   ,     0.0,     0.0,     0.0,     0.0,     0.0,     8.0
griermi01, 2009,     1, BUF , NHL , R  , 73.0, 10.0,  12.0,  22.0,  14.0, -4.0 ,  0.0,  0.0,  0.0,  1.0,  2.0,    , 123.0,    6.0,   2.0,   0.0,     2.0,     2.0, 0.0    ,     0.0,     0.0,     0.0,     0.0,     0.0,    19.0
grievbr01, 1993,     1, NYI , NHL , L  ,  3.0,  0.0,   0.0,   0.0,   7.0, 0.0  ,  0.0,  0.0,  0.0,  0.0,  0.0, 0.0,   1.0,       ,      ,      ,        ,        ,        ,        ,        ,        ,        ,        ,      
grievbr01, 1993,     2, EDM , NHL , L  , 24.0, 13.0,   5.0,  18.0,  14.0, 4.0  ,  4.0,  1.0,  0.0,  0.0,  0.0, 1.0,  53.0,       ,      ,      ,        ,        ,        ,        ,        ,        ,        ,        ,      
grievbr01, 1994,     1, CHI , NHL , L  , 24.0,  1.0,   5.0,   6.0,  23.0, 2.0  ,  0.0,  1.0,  0.0,  0.0,  0.0, 0.0,  30.0,       ,      ,      ,        ,        ,        ,        ,        ,        ,        ,        ,      
grievbr01, 1995,     1, CHI , NHL , L  , 28.0,  2.0,   4.0,   6.0,  28.0, 5.0  ,  0.0,  0.0,  0.0,  0.0,  0.0, 0.0,  22.0,       ,      ,      ,        ,        ,        ,        ,        ,        ,        ,        ,      
grievbr01, 1996,     1, LAK , NHL , L  , 18.0,  4.0,   2.0,   6.0,  15.0, -2.0 ,  0.0,  0.0,  0.0,  0.0,  1.0, 0.0,  50.0,       ,      ,      ,        ,        ,        ,        ,        ,        ,        ,        ,      
griffsi01, 1911,     1, VML , PCHA, D  , 15.0,  8.0,   0.0,   8.0,  18.0,      ,     ,     ,     ,     ,     ,    ,      ,       ,      ,      ,        ,        ,        ,        ,        ,        ,        ,        ,      
griffsi01, 1912,     1, VML , PCHA, D  , 14.0, 10.0,   3.0,  13.0,  31.0,      ,     ,     ,     ,     ,     ,    ,      ,       ,      ,      ,        ,        ,        ,        ,        ,        ,        ,        ,      
griffsi01, 1913,     1, VML , PCHA, D  , 13.0,  2.0,   3.0,   5.0,  21.0,      ,     ,     ,     ,     ,     ,    ,      ,       ,      ,      ,        ,        ,        ,        ,        ,        ,        ,        ,      
griffsi01, 1914,     1, VML , PCHA, D  , 17.0,  2.0,   3.0,   5.0,  21.0,      ,     ,     ,     ,     ,     ,    ,      ,       ,      ,      ,        ,        ,        ,        ,        ,        ,        ,        ,      
griffsi01, 1915,     1, VML , PCHA, D  , 18.0,  7.0,   5.0,  12.0,  12.0,      ,     ,     ,     ,     ,     ,    ,      ,       ,      ,      ,        ,        ,        ,        ,        ,        ,        ,        ,      
griffsi01, 1916,     1, VML , PCHA, D  , 23.0,  7.0,   4.0,  11.0,  34.0,      ,     ,     ,     ,     ,     ,    ,      ,       ,      ,      ,        ,        ,        ,        ,        ,        ,        ,        ,      
griffsi01, 1917,     1, VML , PCHA, D  ,  7.0,  2.0,   6.0,   8.0,   0.0,      ,     ,     ,     ,     ,     ,    ,      ,    2.0,   0.0,   0.0,     0.0,     0.0,        ,        ,        ,        ,        ,        ,      
griffsi01, 1918,     1, VML , PCHA, D  ,  2.0,  0.0,   2.0,   2.0,   0.0,      ,     ,     ,     ,     ,     ,    ,      ,    2.0,   1.0,   1.0,     2.0,     0.0,        ,        ,        ,        ,        ,        ,      
griggch01, 1975,     1, DOT , WHA , G  ,  2.0,  0.0,   0.0,   0.0,   0.0, 0.0  ,  0.0,     ,  0.0,     ,  0.0,    ,   0.0,       ,      ,      ,        ,        ,        ,        ,        ,        ,        ,        ,      
grigoge01, 1943,     1, CHI , NHL , C  ,  2.0,  1.0,   0.0,   1.0,   0.0,      ,     ,     ,     ,     ,     ,    ,      ,    1.0,   0.0,   0.0,     0.0,     0.0,        ,        ,        ,        ,        ,        ,      
grimsst01, 1988,     1, CAL , NHL , L  ,  1.0,  0.0,   0.0,   0.0,   5.0, 0.0  ,  0.0,  0.0,  0.0,  0.0,  0.0, 0.0,   0.0,       ,      ,      ,        ,        ,        ,        ,        ,        ,        ,        ,      
grimsst01, 1989,     1, CAL , NHL , L  ,  3.0,  0.0,   0.0,   0.0,  17.0, -1.0 ,  0.0,  0.0,  0.0,  0.0,  0.0, 0.0,   0.0,       ,      ,      ,        ,        ,        ,        ,        ,        ,        ,        ,      
grimsst01, 1990,     1, CHI , NHL , L  , 35.0,  0.0,   1.0,   1.0, 183.0, -3.0 ,  0.0,  0.0,  0.0,  0.0,  0.0, 0.0,  14.0,    5.0,   0.0,   0.0,     0.0,    46.0, -1.0   ,     0.0,     0.0,     0.0,     0.0,     0.0,     2.0
grimsst01, 1991,     1, CHI , NHL , L  , 54.0,  2.0,   2.0,   4.0, 234.0, -2.0 ,  0.0,  0.0,  0.0,  0.0,  0.0, 0.0,  23.0,   14.0,   0.0,   1.0,     1.0,    10.0, -1.0   ,     0.0,     0.0,     0.0,     0.0,     0.0,     2.0
grimsst01, 1992,     1, CHI , NHL , L  , 78.0,  1.0,   1.0,   2.0, 193.0, 2.0  ,  1.0,  0.0,  0.0,  0.0,  0.0, 0.0,  14.0,    2.0,   0.0,   0.0,     0.0,     4.0, 0.0    ,     0.0,     0.0,     0.0,     0.0,     0.0,     1.0
grimsst01, 1993,     1, ANA , NHL , L  , 77.0,  1.0,   5.0,   6.0, 199.0, -6.0 ,  0.0,  0.0,  0.0,  0.0,  0.0, 0.0,  34.0,       ,      ,      ,        ,        ,        ,        ,        ,        ,        ,        ,      
grimsst01, 1994,     1, ANA , NHL , L  , 31.0,  0.0,   1.0,   1.0, 110.0, -7.0 ,  0.0,  0.0,  0.0,  0.0,  0.0, 0.0,  14.0,       ,      ,      ,        ,        ,        ,        ,        ,        ,        ,        ,      
grimsst01, 1994,     2, DET , NHL , L  , 11.0,  0.0,   0.0,   0.0,  37.0, -4.0 ,  0.0,  0.0,  0.0,  0.0,  0.0, 0.0,   4.0,   11.0,   1.0,   0.0,     1.0,    26.0, 0.0    ,     0.0,     0.0,     0.0,     0.0,     0.0,     3.0
grimsst01, 1995,     1, DET , NHL , L  , 56.0,  0.0,   1.0,   1.0, 128.0, -10.0,  0.0,  0.0,  0.0,  0.0,  0.0, 0.0,  19.0,    2.0,   0.0,   0.0,     0.0,     0.0, 0.0    ,     0.0,     0.0,     0.0,     0.0,     0.0,     0.0
grimsst01, 1996,     1, DET , NHL , L  ,  1.0,  0.0,   0.0,   0.0,   0.0, -1.0 ,  0.0,  0.0,  0.0,  0.0,  0.0, 0.0,   0.0,       ,      ,      ,        ,        ,        ,        ,        ,        ,        ,        ,      
grimsst01, 1996,     2, HAR , NHL , L  , 75.0,  2.0,   2.0,   4.0, 218.0, -7.0 ,  0.0,  0.0,  0.0,  0.0,  0.0, 0.0,  17.0,       ,      ,      ,        ,        ,        ,        ,        ,        ,        ,        ,      
grimsst01, 1997,     1, CAR , NHL , L  , 82.0,  3.0,   4.0,   7.0, 204.0, 0.0  ,  0.0,  0.0,  0.0,  0.0,  1.0, 0.0,  17.0,       ,      ,      ,        ,        ,        ,        ,        ,        ,        ,        ,      
grimsst01, 1998,     1, ANA , NHL , L  , 73.0,  3.0,   0.0,   3.0, 158.0, 0.0  ,  0.0,  0.0,  0.0,  0.0,  1.0, 0.0,  10.0,    3.0,   0.0,   0.0,     0.0,    30.0, 0.0    ,     0.0,     0.0,     0.0,     0.0,     0.0,     0.0
grimsst01, 1999,     1, ANA , NHL , L  , 50.0,  1.0,   2.0,   3.0, 116.0, 0.0  ,  0.0,  0.0,  0.0,  0.0,  0.0, 0.0,  14.0,       ,      ,      ,        ,        ,        ,        ,        ,        ,        ,        ,      
grimsst01, 2000,     1, LAK , NHL , L  , 72.0,  3.0,   2.0,   5.0, 235.0, -2.0 ,  0.0,  0.0,  0.0,  0.0,  1.0, 0.0,  26.0,    5.0,   0.0,   0.0,     0.0,     4.0, 0.0    ,     0.0,     0.0,     0.0,     0.0,     0.0,     1.0
grimsst01, 2001,     1, NAS , NHL , L  , 30.0,  1.0,   1.0,   2.0,  76.0, 0.0  ,  0.0,  0.0,  0.0,  0.0,  0.0, 0.0,   5.0,       ,      ,      ,        ,        ,        ,        ,        ,        ,        ,        ,      
grisdjo01, 1972,     1, TOR , NHL , D  , 49.0,  1.0,   7.0,   8.0,  76.0, -22.0,  0.0,     ,  0.0,     ,  0.0, 0.0,  49.0,       ,      ,      ,        ,        ,        ,        ,        ,        ,        ,        ,      
grisdjo01, 1974,     1, TOR , NHL , D  ,  2.0,  0.0,   0.0,   0.0,   4.0, 0.0  ,  0.0,     ,  0.0,     ,  0.0, 0.0,   0.0,       ,      ,      ,        ,        ,        ,        ,        ,        ,        ,        ,      
grisdjo01, 1974,     2, VAN , NHL , D  , 58.0,  1.0,  12.0,  13.0,  91.0, 3.0  ,  0.0,     ,  0.0,     ,  0.0, 0.0,  41.0,    5.0,   0.0,   1.0,     1.0,    13.0,        ,     0.0,        ,     0.0,        ,     0.0,      
grisdjo01, 1975,     1, VAN , NHL , D  , 38.0,  2.0,   6.0,   8.0,  54.0, 4.0  ,  2.0,     ,  0.0,     ,  1.0, 0.0,  31.0,    2.0,   0.0,   0.0,     0.0,     0.0,        ,     0.0,        ,     0.0,        ,     0.0,      
grisdjo01, 1976,     1, VAN , NHL , D  , 20.0,  0.0,   2.0,   2.0,  20.0, -13.0,  0.0,     ,  0.0,     ,  0.0, 0.0,  16.0,       ,      ,      ,        ,        ,        ,        ,        ,        ,        ,        ,      
grisdjo01, 1977,     1, VAN , NHL , D  , 42.0,  0.0,   9.0,   9.0,  47.0, 2.0  ,  0.0,     ,  0.0,     ,  0.0, 0.0,  44.0,       ,      ,      ,        ,        ,        ,        ,        ,        ,        ,        ,      
grisdjo01, 1978,     1, VAN , NHL , D  , 41.0,  0.0,   3.0,   3.0,  54.0, -23.0,  0.0,     ,  0.0,     ,  0.0, 0.0,  19.0,    3.0,   0.0,   0.0,     0.0,     2.0,        ,     0.0,        ,     0.0,        ,     0.0,      
grolefr01, 1995,     1, MTL , NHL , D  ,  2.0,  0.0,   1.0,   1.0,   2.0, 2.0  ,  0.0,  0.0,  0.0,  0.0,  0.0, 0.0,   1.0,       ,      ,      ,        ,        ,        ,        ,        ,        ,        ,        ,      
grolefr01, 1996,     1, MTL , NHL , D  ,  5.0,  0.0,   0.0,   0.0,   4.0, 0.0  ,  0.0,  0.0,  0.0,  0.0,  0.0, 0.0,   3.0,       ,      ,      ,        ,        ,        ,        ,        ,        ,        ,        ,      
grolefr01, 1997,     1, MTL , NHL , D  ,  1.0,  0.0,   0.0,   0.0,   0.0, 1.0  ,  0.0,  0.0,  0.0,  0.0,  0.0, 0.0,   3.0,       ,      ,      ,        ,        ,        ,        ,        ,        ,        ,        ,      
gronmtu01, 1996,     1, CHI , NHL , D  , 16.0,  0.0,   1.0,   1.0,  13.0, -4.0 ,  0.0,  0.0,  0.0,  0.0,  0.0, 0.0,   9.0,       ,      ,      ,        ,        ,        ,        ,        ,        ,        ,        ,      
gronmtu01, 1997,     1, PIT , NHL , D  , 22.0,  1.0,   2.0,   3.0,  25.0, 3.0  ,  1.0,  2.0,  0.0,  0.0,  1.0, 0.0,  33.0,    1.0,   0.0,   0.0,     0.0,     0.0, 0.0    ,     0.0,     0.0,     0.0,     0.0,     0.0,     0.0
gronsja01, 1986,     1, MNS , NHL , D  , 47.0,  1.0,   6.0,   7.0,  27.0, 4.0  ,  0.0,     ,  0.0,     ,  0.0, 0.0,  32.0,       ,      ,      ,        ,        ,        ,        ,        ,        ,        ,        ,      
gronsja01, 1987,     1, NYR , NHL , D  , 62.0,  3.0,  11.0,  14.0,  63.0, 8.0  ,  1.0,  2.0,  0.0,  0.0,  0.0, 0.0,  65.0,       ,      ,      ,        ,        ,        ,        ,        ,        ,        ,        ,      
gronsja01, 1988,     1, QUE , NHL , D  , 25.0,  1.0,   3.0,   4.0,  14.0, -9.0 ,  0.0,  1.0,  0.0,  0.0,  0.0, 0.0,  18.0,       ,      ,      ,        ,        ,        ,        ,        ,        ,        ,        ,      
gronsja01, 1989,     1, QUE , NHL , D  ,  7.0,  0.0,   1.0,   1.0,   2.0, -1.0 ,  0.0,  0.0,  0.0,  0.0,  0.0, 0.0,   3.0,       ,      ,      ,        ,        ,        ,        ,        ,        ,        ,        ,      
gronsja01, 1989,     2, NYI , NHL , D  , 41.0,  3.0,   4.0,   7.0,  27.0, 0.0  ,  0.0,  0.0,  0.0,  0.0,  2.0, 0.0,  23.0,    3.0,   0.0,   0.0,     0.0,     4.0, 0.0    ,     0.0,     0.0,     0.0,     0.0,     0.0,     0.0
gronsja01, 1990,     1, NYI , NHL , D  ,  3.0,  0.0,   1.0,   1.0,   2.0, -2.0 ,  0.0,  1.0,  0.0,  0.0,  0.0, 0.0,   1.0,       ,      ,      ,        ,        ,        ,        ,        ,        ,        ,        ,      
gronsll01, 1941,     1, BOS , NHL , R  , 10.0,  1.0,   2.0,   3.0,   0.0,      ,     ,     ,     ,     ,     ,    ,      ,       ,      ,      ,        ,        ,        ,        ,        ,        ,        ,        ,      
gronst01 , 2000,     1, NJD , NHL , R  ,  1.0,  0.0,   0.0,   0.0,   0.0, 1.0  ,  0.0,  0.0,  0.0,  0.0,  0.0, 0.0,   2.0,       ,      ,      ,        ,        ,        ,        ,        ,        ,        ,        ,      
grosemi01, 1993,     1, WIN , NHL , L  ,  3.0,  1.0,   0.0,   1.0,   0.0, -1.0 ,  0.0,  0.0,  0.0,  0.0,  0.0, 0.0,   4.0,       ,      ,      ,        ,        ,        ,        ,        ,        ,        ,        ,      
grosemi01, 1994,     1, WIN , NHL , L  , 24.0,  2.0,   2.0,   4.0,  21.0, -3.0 ,  0.0,  0.0,  0.0,  0.0,  1.0, 0.0,  27.0,       ,      ,      ,        ,        ,        ,        ,        ,        ,        ,        ,      
grosemi01, 1995,     1, WIN , NHL , L  ,  1.0,  0.0,   0.0,   0.0,   0.0, -1.0 ,  0.0,  0.0,  0.0,  0.0,  0.0, 0.0,   1.0,       ,      ,      ,        ,        ,        ,        ,        ,        ,        ,        ,      
grosemi01, 1995,     2, BUF , NHL , L  , 22.0,  6.0,   4.0,  10.0,  31.0, 0.0  ,  2.0,  3.0,  0.0,  0.0,  1.0, 1.0,  33.0,       ,      ,      ,        ,        ,        ,        ,        ,        ,        ,        ,      
grosemi01, 1996,     1, BUF , NHL , L  , 82.0, 15.0,  21.0,  36.0,  71.0, 25.0 ,  1.0,  4.0,  0.0,  0.0,  2.0, 1.0, 117.0,   12.0,   3.0,   3.0,     6.0,     8.0, 3.0    ,     0.0,     0.0,     0.0,     0.0,     0.0,    18.0
grosemi01, 1997,     1, BUF , NHL , L  , 67.0, 10.0,  20.0,  30.0,  60.0, 9.0  ,  2.0,  4.0,  0.0,  0.0,  1.0, 0.0, 114.0,   15.0,   6.0,   4.0,    10.0,    28.0, 5.0    ,     2.0,     1.0,     0.0,     0.0,     3.0,    40.0
grosemi01, 1998,     1, BUF , NHL , L  , 76.0, 20.0,  30.0,  50.0, 102.0, 21.0 ,  4.0,  8.0,  0.0,  0.0,  3.0, 1.0, 140.0,   13.0,   0.0,   4.0,     4.0,    28.0, 1.0    ,     0.0,     3.0,     0.0,     0.0,     0.0,    20.0
grosemi01, 1999,     1, BUF , NHL , L  , 61.0, 11.0,  23.0,  34.0,  35.0, 12.0 ,  2.0,  1.0,  0.0,  0.0,  2.0, 0.0,  96.0,       ,      ,      ,        ,        ,        ,        ,        ,        ,        ,        ,      
grosemi01, 1999,     2, CHI , NHL , L  , 14.0,  2.0,   4.0,   6.0,  12.0, -1.0 ,  1.0,  0.0,  0.0,  0.0,  0.0, 0.0,  18.0,       ,      ,      ,        ,        ,        ,        ,        ,        ,        ,        ,      
grosemi01, 2000,     1, NYR , NHL , R  , 65.0,  9.0,  11.0,  20.0,  61.0, -10.0,  2.0,  2.0,  0.0,  0.0,  0.0, 0.0,  84.0,       ,      ,      ,        ,        ,        ,        ,        ,        ,        ,        ,      
grosemi01, 2001,     1, NYR , NHL , R  , 15.0,  3.0,   2.0,   5.0,  12.0, -3.0 ,  0.0,  1.0,  0.0,  0.0,  0.0, 0.0,  23.0,       ,      ,      ,        ,        ,        ,        ,        ,        ,        ,        ,      
grosemi01, 2002,     1, BOS , NHL , R  , 63.0,  2.0,  18.0,  20.0,  71.0, 2.0  ,  0.0,  1.0,  0.0,  0.0,  1.0, 0.0,  74.0,    5.0,   0.0,   0.0,     0.0,    13.0, -1.0   ,     0.0,     0.0,     0.0,     0.0,     0.0,     3.0
grosemi01, 2003,     1, BOS , NHL , R  , 33.0,  3.0,   2.0,   5.0,  33.0, 1.0  ,  0.0,  0.0,  0.0,  0.0,  0.0, 0.0,  24.0,       ,      ,      ,        ,        ,        ,        ,        ,        ,        ,        ,      
grossdo01, 1938,     1, DET , NHL , C  ,  1.0,  1.0,   1.0,   2.0,   0.0,      ,     ,     ,     ,     ,     ,    ,      ,    3.0,   1.0,   2.0,     3.0,     7.0,        ,        ,        ,        ,        ,        ,      
grossdo01, 1939,     1, DET , NHL , C  , 29.0,  2.0,   3.0,   5.0,  11.0,      ,     ,     ,     ,     ,     ,    ,      ,    5.0,   0.0,   0.0,     0.0,     0.0,        ,        ,        ,        ,        ,        ,      
grossdo01, 1940,     1, DET , NHL , L  , 45.0,  8.0,   7.0,  15.0,  14.0,      ,     ,     ,     ,     ,     ,    ,      ,    9.0,   1.0,   4.0,     5.0,     0.0,        ,        ,        ,        ,        ,        ,      
grossdo01, 1941,     1, DET , NHL , C  , 48.0, 23.0,  30.0,  53.0,  13.0,      ,     ,     ,     ,     ,     ,    ,      ,   12.0,   8.0,   6.0,    14.0,    29.0,        ,        ,        ,        ,        ,        ,      
grossdo01, 1942,     1, DET , NHL , C  , 50.0, 15.0,  17.0,  32.0,  10.0,      ,     ,     ,     ,     ,     ,    ,      ,   10.0,   4.0,   2.0,     6.0,    10.0,        ,        ,        ,        ,        ,        ,      
grossdo01, 1943,     1, DET , NHL , C  , 42.0, 16.0,  31.0,  47.0,  13.0,      ,     ,     ,     ,     ,     ,    ,      ,    5.0,   1.0,   0.0,     1.0,     0.0,        ,        ,        ,        ,        ,        ,      
grossdo01, 1944,     1, DET , NHL , C  , 20.0,  6.0,  10.0,  16.0,   6.0,      ,     ,     ,     ,     ,     ,    ,      ,       ,      ,      ,        ,        ,        ,        ,        ,        ,        ,        ,      
grossdo01, 1944,     2, CHI , NHL , C  , 21.0,  9.0,   6.0,  15.0,   4.0,      ,     ,     ,     ,     ,     ,    ,      ,       ,      ,      ,        ,        ,        ,        ,        ,        ,        ,        ,      
grossdo01, 1945,     1, CHI , NHL , C/L, 47.0,  7.0,  10.0,  17.0,  17.0,      ,     ,     ,     ,     ,     ,    ,      ,    4.0,   0.0,   0.0,     0.0,    17.0,        ,        ,        ,        ,        ,        ,      
grossdo01, 1946,     1, BOS , NHL , L  , 33.0,  0.0,   2.0,   2.0,   2.0,      ,     ,     ,     ,     ,     ,    ,      ,       ,      ,      ,        ,        ,        ,        ,        ,        ,        ,        ,      
grossll01, 1926,     1, TRS , NHL , L  , 16.0,  1.0,   1.0,   2.0,   0.0,      ,     ,     ,     ,     ,     ,    ,      ,       ,      ,      ,        ,        ,        ,        ,        ,        ,        ,        ,      
grossll01, 1933,     1, NYA , NHL , L  , 21.0,  7.0,   3.0,  10.0,  10.0,      ,     ,     ,     ,     ,     ,    ,      ,       ,      ,      ,        ,        ,        ,        ,        ,        ,        ,        ,      
grossll01, 1933,     2, BOS , NHL , L  ,  6.0,  1.0,   0.0,   1.0,   6.0,      ,     ,     ,     ,     ,     ,    ,      ,       ,      ,      ,        ,        ,        ,        ,        ,        ,        ,        ,      
grossll01, 1933,     3, DET , NHL , L  , 13.0,  1.0,   1.0,   2.0,   2.0,      ,     ,     ,     ,     ,     ,    ,      ,    1.0,   0.0,   0.0,     0.0,     0.0,        ,        ,        ,        ,        ,        ,      
grossll01, 1934,     1, DET , NHL , L  ,  6.0,  1.0,   0.0,   1.0,   2.0,      ,     ,     ,     ,     ,     ,    ,      ,       ,      ,      ,        ,        ,        ,        ,        ,        ,        ,        ,      
grossni01, 2006,     1, DAL , NHL , D  ,  8.0,  0.0,   0.0,   0.0,   4.0, -1.0 ,  0.0,  0.0,  0.0,  0.0,  0.0,    ,   8.0,       ,      ,      ,        ,        ,        ,        ,        ,        ,        ,        ,      
grossni01, 2007,     1, DAL , NHL , D  , 62.0,  0.0,   7.0,   7.0,  22.0, 10.0 ,  0.0,  0.0,  0.0,  0.0,  0.0,    ,  34.0,   18.0,   1.0,   1.0,     2.0,     6.0, 3.0    ,     0.0,     0.0,     0.0,     0.0,     0.0,    14.0
grossni01, 2008,     1, DAL , NHL , D  , 81.0,  2.0,  10.0,  12.0,  51.0, -8.0 ,  0.0,  0.0,  0.0,  0.0,  1.0,    ,  60.0,       ,      ,      ,        ,        ,        ,        ,        ,        ,        ,        ,      
grossni01, 2009,     1, DAL , NHL , D  , 71.0,  0.0,   7.0,   7.0,  32.0, -3.0 ,  0.0,  1.0,  0.0,  0.0,  0.0,    ,  58.0,       ,      ,      ,        ,        ,        ,        ,        ,        ,        ,        ,      
grosvle01, 1927,     1, OTS , NHL , C  , 43.0,  1.0,   2.0,   3.0,  18.0,      ,     ,     ,     ,     ,     ,    ,      ,    2.0,   0.0,   0.0,     0.0,     2.0,        ,        ,        ,        ,        ,        ,      
grosvle01, 1928,     1, OTS , NHL , C  , 42.0,  3.0,   2.0,   5.0,  16.0,      ,     ,     ,     ,     ,     ,    ,      ,       ,      ,      ,        ,        ,        ,        ,        ,        ,        ,        ,      
grosvle01, 1929,     1, OTS , NHL , C  , 15.0,  0.0,   3.0,   3.0,  19.0,      ,     ,     ,     ,     ,     ,    ,      ,       ,      ,      ,        ,        ,        ,        ,        ,        ,        ,        ,      
grosvle01, 1930,     1, OTS , NHL , C  , 33.0,  5.0,   4.0,   9.0,  25.0,      ,     ,     ,     ,     ,     ,    ,      ,       ,      ,      ,        ,        ,        ,        ,        ,        ,        ,        ,      
grosvle01, 1931,     1, NYA , NHL , F  , 12.0,  0.0,   0.0,   0.0,   0.0,      ,     ,     ,     ,     ,     ,    ,      ,       ,      ,      ,        ,        ,        ,        ,        ,        ,        ,        ,      
grosvle01, 1932,     1, MTL , NHL , F  ,  4.0,  0.0,   0.0,   0.0,   0.0,      ,     ,     ,     ,     ,     ,    ,      ,    2.0,   0.0,   0.0,     0.0,     0.0,        ,        ,        ,        ,        ,        ,      
groulte01, 1909,     1, LES , NHA , G  ,  7.0,  0.0,   0.0,   0.0,   0.0,      ,     ,     ,     ,     ,     ,    ,      ,       ,      ,      ,        ,        ,        ,        ,        ,        ,        ,        ,      
groulwa01, 1984,     1, QUE , NHL , C  ,  1.0,  0.0,   0.0,   0.0,   0.0, 0.0  ,  0.0,     ,  0.0,     ,  0.0, 0.0,   0.0,       ,      ,      ,        ,        ,        ,        ,        ,        ,        ,        ,      
grudejo01, 1993,     1, BOS , NHL , D  ,  7.0,  0.0,   1.0,   1.0,   2.0, -3.0 ,  0.0,  0.0,  0.0,  0.0,  0.0, 0.0,   8.0,       ,      ,      ,        ,        ,        ,        ,        ,        ,        ,        ,      
grudejo01, 1994,     1, BOS , NHL , D  , 38.0,  0.0,   6.0,   6.0,  22.0, 3.0  ,  0.0,  0.0,  0.0,  0.0,  0.0, 0.0,  30.0,       ,      ,      ,        ,        ,        ,        ,        ,        ,        ,        ,      
grudejo01, 1995,     1, BOS , NHL , D  , 14.0,  0.0,   0.0,   0.0,   4.0, -3.0 ,  0.0,  0.0,  0.0,  0.0,  0.0, 0.0,  12.0,    3.0,   0.0,   1.0,     1.0,     0.0, 0.0    ,     0.0,     1.0,     0.0,     0.0,     0.0,     2.0
grudejo01, 1998,     1, OTT , NHL , D  , 13.0,  0.0,   1.0,   1.0,   8.0, 0.0  ,  0.0,  0.0,  0.0,  0.0,  0.0, 0.0,  10.0,       ,      ,      ,        ,        ,        ,        ,        ,        ,        ,        ,      
grudejo01, 1999,     1, OTT , NHL , D  ,  9.0,  0.0,   0.0,   0.0,   4.0, 0.0  ,  0.0,  0.0,  0.0,  0.0,  0.0, 0.0,   3.0,       ,      ,      ,        ,        ,        ,        ,        ,        ,        ,        ,      
grudejo01, 2003,     1, WAS , NHL , D  , 11.0,  1.0,   0.0,   1.0,   6.0, -1.0 ,  0.0,  0.0,  0.0,  0.0,  1.0, 0.0,   7.0,       ,      ,      ,        ,        ,        ,        ,        ,        ,        ,        ,      
gruenda01, 1972,     1, DET , NHL , L  ,  2.0,  0.0,   0.0,   0.0,   0.0, 0.0  ,  0.0,     ,  0.0,     ,  0.0, 0.0,   1.0,       ,      ,      ,        ,        ,        ,        ,        ,        ,        ,        ,      
gruenda01, 1973,     1, DET , NHL , L  , 18.0,  1.0,   3.0,   4.0,   7.0, 0.0  ,  0.0,     ,  0.0,     ,  0.0, 0.0,  18.0,       ,      ,      ,        ,        ,        ,        ,        ,        ,        ,        ,      
gruenda01, 1974,     1, MIB , WHA , L  , 34.0, 10.0,  16.0,  26.0,  73.0, -12.0,  3.0,     ,  0.0,     ,     ,    ,  92.0,       ,      ,      ,        ,        ,        ,        ,        ,        ,        ,        ,      
gruenda01, 1974,     2, WIJ , WHA , L  , 32.0,  9.0,  12.0,  21.0,  21.0, 0.0  ,  3.0,     ,  0.0,     ,     ,    ,  64.0,       ,      ,      ,        ,        ,        ,        ,        ,        ,        ,        ,      
gruenda01, 1975,     1, CLC , WHA , L  , 80.0, 26.0,  24.0,  50.0,  72.0, 9.0  ,  5.0,     ,  0.0,     ,  4.0,    , 173.0,    3.0,   2.0,   0.0,     2.0,     0.0, -1.0   ,        ,        ,        ,        ,     0.0,      
gruenda01, 1976,     1, MF2 , WHA , L  , 34.0, 10.0,   9.0,  19.0,  19.0, 7.0  ,  2.0,     ,  0.0,     ,     ,    ,  82.0,       ,      ,      ,        ,        ,        ,        ,        ,        ,        ,        ,      
gruenda01, 1976,     2, CAC , WHA , L  ,  1.0,  1.0,   0.0,   1.0,   0.0, 2.0  ,  0.0,     ,  0.0,     ,     ,    ,   3.0,       ,      ,      ,        ,        ,        ,        ,        ,        ,        ,        ,      
gruenda01, 1976,     3, COR , NHL , L  , 29.0,  8.0,  10.0,  18.0,  12.0, -6.0 ,  2.0,     ,  0.0,     ,  1.0, 0.0,  60.0,       ,      ,      ,        ,        ,        ,        ,        ,        ,        ,        ,      
gruhlsc01, 1981,     1, LAK , NHL , L  ,  7.0,  2.0,   1.0,   3.0,   2.0, 1.0  ,  0.0,     ,  0.0,     ,  0.0, 0.0,   8.0,       ,      ,      ,        ,        ,        ,        ,        ,        ,        ,        ,      
gruhlsc01, 1982,     1, LAK , NHL , L  ,  7.0,  0.0,   2.0,   2.0,   4.0, -5.0 ,  0.0,     ,  0.0,     ,  0.0, 0.0,  13.0,       ,      ,      ,        ,        ,        ,        ,        ,        ,        ,        ,      
gruhlsc01, 1987,     1, PIT , NHL , L  ,  6.0,  1.0,   0.0,   1.0,   0.0, 0.0  ,  0.0,  0.0,  0.0,  0.0,  0.0, 0.0,   7.0,       ,      ,      ,        ,        ,        ,        ,        ,        ,        ,        ,      
grypbo01 , 1973,     1, BOS , NHL , L  ,  1.0,  0.0,   0.0,   0.0,   0.0, -2.0 ,  0.0,     ,  0.0,     ,  0.0, 0.0,   0.0,       ,      ,      ,        ,        ,        ,        ,        ,        ,        ,        ,      
grypbo01 , 1974,     1, WAS , NHL , L  , 27.0,  5.0,   8.0,  13.0,  21.0, -24.0,  0.0,     ,  0.0,     ,  0.0, 0.0,  43.0,       ,      ,      ,        ,        ,        ,        ,        ,        ,        ,        ,      
grypbo01 , 1975,     1, WAS , NHL , L  , 46.0,  6.0,   5.0,  11.0,  12.0, -18.0,  0.0,     ,  0.0,     ,  0.0, 0.0,  52.0,       ,      ,      ,        ,        ,        ,        ,        ,        ,        ,        ,      
guayfr01 , 1989,     1, BUF , NHL , C  ,  1.0,  0.0,   0.0,   0.0,   0.0, 0.0  ,  0.0,  0.0,  0.0,  0.0,  0.0, 0.0,   0.0,       ,      ,      ,        ,        ,        ,        ,        ,        ,        ,        ,      
guaypa01 , 1983,     1, PHI , NHL , R  , 14.0,  2.0,   6.0,   8.0,  14.0, 1.0  ,  0.0,     ,  0.0,     ,  0.0, 0.0,  19.0,    3.0,   0.0,   0.0,     0.0,     4.0, -2.0   ,     0.0,        ,     0.0,        ,     0.0,     2.0
guaypa01 , 1984,     1, PHI , NHL , R  ,  2.0,  0.0,   1.0,   1.0,   0.0, 2.0  ,  0.0,     ,  0.0,     ,  0.0, 0.0,   2.0,       ,      ,      ,        ,        ,        ,        ,        ,        ,        ,        ,      
guaypa01 , 1985,     1, LAK , NHL , R  , 23.0,  3.0,   3.0,   6.0,  18.0, -6.0 ,  0.0,     ,  0.0,     ,  0.0, 0.0,  18.0,       ,      ,      ,        ,        ,        ,        ,        ,        ,        ,        ,      
guaypa01 , 1986,     1, LAK , NHL , R  , 35.0,  2.0,   5.0,   7.0,  16.0, -14.0,  0.0,     ,  0.0,     ,  0.0, 0.0,  18.0,    2.0,   0.0,   0.0,     0.0,     0.0, 1.0    ,     0.0,        ,     0.0,        ,     0.0,     1.0
guaypa01 , 1987,     1, LAK , NHL , R  , 33.0,  4.0,   4.0,   8.0,  40.0, -7.0 ,  0.0,  0.0,  0.0,  0.0,  0.0, 0.0,  42.0,    4.0,   0.0,   1.0,     1.0,     8.0, -1.0   ,     0.0,     1.0,     0.0,     0.0,     0.0,     2.0
guaypa01 , 1988,     1, LAK , NHL , R  ,  2.0,  0.0,   0.0,   0.0,   2.0, -2.0 ,  0.0,  0.0,  0.0,  0.0,  0.0, 0.0,   2.0,       ,      ,      ,        ,        ,        ,        ,        ,        ,        ,        ,      
guaypa01 , 1988,     2, BOS , NHL , R  ,  5.0,  0.0,   2.0,   2.0,   0.0, 0.0  ,  0.0,  0.0,  0.0,  0.0,  0.0, 0.0,   1.0,       ,      ,      ,        ,        ,        ,        ,        ,        ,        ,        ,      
guaypa01 , 1990,     1, NYI , NHL , R  ,  3.0,  0.0,   2.0,   2.0,   2.0, 2.0  ,  0.0,  0.0,  0.0,  0.0,  0.0, 0.0,   5.0,       ,      ,      ,        ,        ,        ,        ,        ,        ,        ,        ,      
guenest01, 1986,     1, PIT , NHL , G  ,  2.0,  0.0,   0.0,   0.0,   0.0, 0.0  ,  0.0,     ,  0.0,     ,  0.0, 0.0,   0.0,       ,      ,      ,        ,        ,        ,        ,        ,        ,        ,        ,      
guenest01, 1987,     1, PIT , NHL , G  , 19.0,  0.0,   0.0,   0.0,   2.0, 0.0  ,  0.0,  0.0,  0.0,  0.0,  0.0, 0.0,   0.0,       ,      ,      ,        ,        ,        ,        ,        ,        ,        ,        ,      
guenest01, 1988,     1, PIT , NHL , G  , 11.0,  0.0,   1.0,   1.0,   0.0, 0.0  ,  0.0,     ,  0.0,     ,  0.0, 0.0,   0.0,       ,      ,      ,        ,        ,        ,        ,        ,        ,        ,        ,      
guenest01, 1989,     1, CAL , NHL , G  ,  2.0,  0.0,   0.0,   0.0,   2.0, 0.0  ,  0.0,  0.0,  0.0,  0.0,  0.0, 0.0,   0.0,       ,      ,      ,        ,        ,        ,        ,        ,        ,        ,        ,      
guenest01, 1990,     1, CAL , NHL , G  ,  1.0,  0.0,   0.0,   0.0,   0.0, 0.0  ,  0.0,  0.0,  0.0,  0.0,  0.0, 0.0,   0.0,       ,      ,      ,        ,        ,        ,        ,        ,        ,        ,        ,      
guenina01, 2006,     1, PHI , NHL , D  ,  9.0,  0.0,   2.0,   2.0,   4.0, 0.0  ,  0.0,  0.0,  0.0,  0.0,  0.0,    ,   0.0,       ,      ,      ,        ,        ,        ,        ,        ,        ,        ,        ,      
guenina01, 2007,     1, PHI , NHL , D  ,  2.0,  0.0,   0.0,   0.0,   2.0, 2.0  ,  0.0,  0.0,  0.0,  0.0,  0.0,    ,   0.0,       ,      ,      ,        ,        ,        ,        ,        ,        ,        ,        ,      
guenina01, 2008,     1, PHI , NHL , D  ,  1.0,  0.0,   0.0,   0.0,   0.0, 0.0  ,  0.0,  0.0,  0.0,  0.0,  0.0,    ,   0.0,       ,      ,      ,        ,        ,        ,        ,        ,        ,        ,        ,      
guenina01, 2009,     1, PIT , NHL , D  ,  2.0,  0.0,   0.0,   0.0,   0.0, -2.0 ,  0.0,  0.0,  0.0,  0.0,  0.0,    ,   1.0,       ,      ,      ,        ,        ,        ,        ,        ,        ,        ,        ,      
guerada01, 1994,     1, OTT , NHL , R  ,  2.0,  0.0,   0.0,   0.0,   0.0, 0.0  ,  0.0,  0.0,  0.0,  0.0,  0.0, 0.0,   0.0,       ,      ,      ,        ,        ,        ,        ,        ,        ,        ,        ,      
guerast01, 1987,     1, QUE , NHL , D  , 30.0,  0.0,   0.0,   0.0,  34.0, -7.0 ,  0.0,  0.0,  0.0,  0.0,  0.0, 0.0,  12.0,       ,      ,      ,        ,        ,        ,        ,        ,        ,        ,        ,      
guerast01, 1989,     1, QUE , NHL , D  ,  4.0,  0.0,   0.0,   0.0,   6.0, -5.0 ,  0.0,  0.0,  0.0,  0.0,  0.0, 0.0,   9.0,       ,      ,      ,        ,        ,        ,        ,        ,        ,        ,        ,      
gueribi01, 1991,     1, NJD , NHL , R  ,  5.0,  0.0,   1.0,   1.0,   9.0, 1.0  ,  0.0,  0.0,  0.0,  0.0,  0.0, 0.0,   8.0,    6.0,   3.0,   0.0,     3.0,     4.0, 2.0    ,     0.0,     0.0,     0.0,     0.0,     0.0,    10.0
gueribi01, 1992,     1, NJD , NHL , R  , 65.0, 14.0,  20.0,  34.0,  63.0, 14.0 ,  0.0,  1.0,  0.0,  0.0,  2.0, 0.0, 123.0,    5.0,   1.0,   1.0,     2.0,     4.0, -2.0   ,     0.0,     0.0,     0.0,     0.0,     0.0,     3.0
gueribi01, 1993,     1, NJD , NHL , R  , 81.0, 25.0,  19.0,  44.0, 101.0, 14.0 ,  2.0,  4.0,  0.0,  0.0,  3.0, 0.0, 195.0,   17.0,   2.0,   1.0,     3.0,    35.0, 1.0    ,     0.0,     0.0,     0.0,     0.0,     1.0,    49.0
gueribi01, 1994,     1, NJD , NHL , R  , 48.0, 12.0,  13.0,  25.0,  72.0, 6.0  ,  4.0,  2.0,  0.0,  0.0,  3.0, 0.0,  96.0,   20.0,   3.0,   8.0,    11.0,    30.0, 6.0    ,     1.0,     2.0,     0.0,     0.0,     0.0,    28.0
gueribi01, 1995,     1, NJD , NHL , R  , 80.0, 23.0,  30.0,  53.0, 116.0, 7.0  ,  8.0,  5.0,  0.0,  0.0,  6.0, 1.0, 216.0,       ,      ,      ,        ,        ,        ,        ,        ,        ,        ,        ,      
gueribi01, 1996,     1, NJD , NHL , R  , 82.0, 29.0,  18.0,  47.0,  95.0, -2.0 ,  7.0,  4.0,  0.0,  0.0,  9.0, 0.0, 177.0,    8.0,   2.0,   1.0,     3.0,    18.0, -5.0   ,     1.0,     0.0,     0.0,     0.0,     1.0,    13.0
gueribi01, 1997,     1, NJD , NHL , R  , 19.0,  5.0,   5.0,  10.0,  13.0, 0.0  ,  1.0,  1.0,  0.0,  0.0,  2.0, 0.0,  48.0,       ,      ,      ,        ,        ,        ,        ,        ,        ,        ,        ,      
gueribi01, 1997,     2, EDM , NHL , R  , 40.0, 13.0,  16.0,  29.0,  80.0, 1.0  ,  8.0,  7.0,  0.0,  0.0,  2.0, 0.0, 130.0,   12.0,   7.0,   1.0,     8.0,    17.0, -6.0   ,     4.0,     1.0,     0.0,     0.0,     0.0,    47.0
gueribi01, 1998,     1, EDM , NHL , R  , 80.0, 30.0,  34.0,  64.0, 133.0, 7.0  , 13.0,  9.0,  0.0,  0.0,  2.0, 1.0, 261.0,    3.0,   0.0,   2.0,     2.0,     2.0, -4.0   ,     0.0,     2.0,     0.0,     0.0,     0.0,     8.0
gueribi01, 1999,     1, EDM , NHL , R  , 70.0, 24.0,  22.0,  46.0, 123.0, 4.0  , 11.0,  6.0,  0.0,  0.0,  2.0, 0.0, 188.0,    5.0,   3.0,   2.0,     5.0,     9.0, -1.0   ,     1.0,     1.0,     0.0,     0.0,     0.0,    12.0
gueribi01, 2000,     1, EDM , NHL , R  , 21.0, 12.0,  10.0,  22.0,  18.0, 11.0 ,  4.0,  2.0,  0.0,  0.0,  1.0, 0.0,  64.0,       ,      ,      ,        ,        ,        ,        ,        ,        ,        ,        ,      
gueribi01, 2000,     2, BOS , NHL , R  , 64.0, 28.0,  35.0,  63.0, 122.0, -4.0 ,  7.0, 15.0,  1.0,  0.0,  4.0, 0.0, 225.0,       ,      ,      ,        ,        ,        ,        ,        ,        ,        ,        ,      
gueribi01, 2001,     1, BOS , NHL , R  , 78.0, 41.0,  25.0,  66.0,  91.0, -1.0 , 10.0,  8.0,  1.0,  0.0,  7.0, 0.0, 355.0,    6.0,   4.0,   2.0,     6.0,     6.0, -2.0   ,     3.0,     1.0,     0.0,     0.0,     0.0,    25.0
gueribi01, 2002,     1, DAL , NHL , R  , 64.0, 25.0,  25.0,  50.0, 113.0, 5.0  , 11.0, 10.0,  0.0,  1.0,  2.0, 1.0, 229.0,    4.0,   0.0,   0.0,     0.0,     4.0, -1.0   ,     0.0,     0.0,     0.0,     0.0,     0.0,     3.0
gueribi01, 2003,     1, DAL , NHL , R  , 82.0, 34.0,  35.0,  69.0, 109.0, 14.0 ,  9.0, 13.0,  0.0,  0.0, 10.0, 1.0, 263.0,    5.0,   0.0,   1.0,     1.0,     4.0, -1.0   ,     0.0,     1.0,     0.0,     0.0,     0.0,    23.0
gueribi01, 2005,     1, DAL , NHL , R  , 70.0, 13.0,  27.0,  40.0, 115.0, 0.0  ,  3.0, 14.0,  0.0,  0.0,  2.0,    , 210.0,    5.0,   3.0,   1.0,     4.0,     0.0, -2.0   ,     1.0,     1.0,     0.0,     0.0,     0.0,    18.0
gueribi01, 2006,     1, STL , NHL , R  , 61.0, 28.0,  19.0,  47.0,  52.0, 8.0  ,  7.0,  7.0,  0.0,  0.0,  6.0,    , 189.0,       ,      ,      ,        ,        ,        ,        ,        ,        ,        ,        ,      
gueribi01, 2006,     2, SJS , NHL , R  , 16.0,  8.0,   1.0,   9.0,  14.0, 2.0  ,  2.0,  0.0,  0.0,  0.0,  1.0,    ,  36.0,    9.0,   0.0,   2.0,     2.0,    12.0, -3.0   ,     0.0,     1.0,     0.0,     0.0,     0.0,    22.0
gueribi01, 2007,     1, NYI , NHL , R  , 81.0, 23.0,  21.0,  44.0,  65.0, -15.0,  7.0,  7.0,  0.0,  0.0,  5.0,    , 227.0,       ,      ,      ,        ,        ,        ,        ,        ,        ,        ,        ,      
gueribi01, 2008,     1, NYI , NHL , R  , 61.0, 16.0,  20.0,  36.0,  63.0, -15.0,  5.0, 10.0,  0.0,  0.0,  3.0,    , 181.0,       ,      ,      ,        ,        ,        ,        ,        ,        ,        ,        ,      
gueribi01, 2008,     2, PIT , NHL , R  , 17.0,  5.0,   7.0,  12.0,  18.0, 3.0  ,  0.0,  3.0,  0.0,  0.0,  1.0,    ,  45.0,   24.0,   7.0,   8.0,    15.0,    15.0, 8.0    ,     2.0,     1.0,     0.0,     0.0,     2.0,    70.0
gueribi01, 2009,     1, PIT , NHL , R  , 78.0, 21.0,  24.0,  45.0,  75.0, -9.0 , 11.0,  7.0,  0.0,  0.0,  4.0,    , 227.0,   11.0,   4.0,   5.0,     9.0,     2.0, 3.0    ,     1.0,     2.0,     0.0,     0.0,     0.0,    30.0
guevrhy01, 1912,     1, MOC , NHA ,    ,  2.0,  0.0,   0.0,   0.0,   2.0,      ,     ,     ,     ,     ,     ,    ,      ,       ,      ,      ,        ,        ,        ,        ,        ,        ,        ,        ,      
guevrjo01, 1971,     1, VAN , NHL , D  , 75.0, 13.0,  38.0,  51.0,  44.0, -28.0,  3.0,     ,  0.0,     ,  1.0, 1.0, 210.0,       ,      ,      ,        ,        ,        ,        ,        ,        ,        ,        ,      
guevrjo01, 1972,     1, VAN , NHL , D  , 78.0, 16.0,  26.0,  42.0,  46.0, -42.0,  6.0,     ,  1.0,     ,  0.0, 1.0, 246.0,       ,      ,      ,        ,        ,        ,        ,        ,        ,        ,        ,      
guevrjo01, 1973,     1, VAN , NHL , D  , 72.0, 15.0,  24.0,  39.0,  34.0, -37.0, 10.0,     ,  0.0,     ,  1.0, 0.0, 208.0,       ,      ,      ,        ,        ,        ,        ,        ,        ,        ,        ,      
guevrjo01, 1974,     1, VAN , NHL , D  ,  2.0,  0.0,   0.0,   0.0,   0.0, -1.0 ,  0.0,     ,  0.0,     ,  0.0, 0.0,   5.0,       ,      ,      ,        ,        ,        ,        ,        ,        ,        ,        ,      
guevrjo01, 1974,     2, BUF , NHL , D  , 64.0,  7.0,  25.0,  32.0,  32.0, 32.0 ,  4.0,     ,  0.0,     ,  0.0, 1.0, 160.0,   17.0,   0.0,   6.0,     6.0,    14.0,        ,     0.0,        ,     0.0,        ,     0.0,      
guevrjo01, 1975,     1, BUF , NHL , D  , 80.0, 12.0,  40.0,  52.0,  57.0, 47.0 ,  6.0,     ,  0.0,     ,  3.0, 0.0, 229.0,    9.0,   0.0,   5.0,     5.0,     2.0,        ,     0.0,        ,     0.0,        ,     0.0,      
guevrjo01, 1976,     1, BUF , NHL , D  , 80.0,  9.0,  29.0,  38.0,  46.0, 26.0 ,  2.0,     ,  0.0,     ,  2.0, 0.0, 210.0,    6.0,   3.0,   4.0,     7.0,     0.0,        ,     1.0,        ,     0.0,        ,     0.0,      
guevrjo01, 1977,     1, BUF , NHL , D  , 66.0,  7.0,  28.0,  35.0,  46.0, 25.0 ,  0.0,     ,  0.0,     ,  1.0, 0.0, 162.0,    8.0,   1.0,   2.0,     3.0,     2.0,        ,     0.0,        ,     0.0,        ,     0.0,      
guevrjo01, 1978,     1, BUF , NHL , D  , 34.0,  3.0,   8.0,  11.0,   8.0, 12.0 ,  0.0,     ,  0.0,     ,  0.0, 0.0,  51.0,       ,      ,      ,        ,        ,        ,        ,        ,        ,        ,        ,      
guevrjo01, 1979,     1, NYR , NHL , D  , 20.0,  2.0,   5.0,   7.0,   6.0, -12.0,  2.0,     ,  0.0,     ,  0.0, 0.0,  41.0,       ,      ,      ,        ,        ,        ,        ,        ,        ,        ,        ,      
guidoal01, 1952,     1, NYR , NHL , R  , 30.0,  4.0,   4.0,   8.0,  24.0,      ,     ,     ,     ,     ,     ,    ,      ,       ,      ,      ,        ,        ,        ,        ,        ,        ,        ,        ,      
guidoal01, 1953,     1, NYR , NHL , R  , 68.0,  2.0,   6.0,   8.0,  51.0,      ,     ,     ,     ,     ,     ,    ,      ,       ,      ,      ,        ,        ,        ,        ,        ,        ,        ,        ,      
guidoal01, 1954,     1, NYR , NHL , R  , 70.0,  2.0,   5.0,   7.0,  34.0,      ,     ,     ,     ,     ,     ,    ,      ,       ,      ,      ,        ,        ,        ,        ,        ,        ,        ,        ,      
guidoal01, 1955,     1, NYR , NHL , D  , 14.0,  1.0,   0.0,   1.0,   8.0,      ,     ,     ,     ,     ,     ,    ,      ,       ,      ,      ,        ,        ,        ,        ,        ,        ,        ,        ,      
guidobe01, 1942,     1, BOS , NHL , R  , 42.0,  7.0,  15.0,  22.0,  43.0,      ,     ,     ,     ,     ,     ,    ,      ,    9.0,   0.0,   4.0,     4.0,    12.0,        ,        ,        ,        ,        ,        ,      
guidobe01, 1943,     1, BOS , NHL , R  , 47.0, 17.0,  25.0,  42.0,  58.0,      ,     ,     ,     ,     ,     ,    ,      ,       ,      ,      ,        ,        ,        ,        ,        ,        ,        ,        ,      
guidobe01, 1945,     1, BOS , NHL , L  , 50.0, 15.0,  17.0,  32.0,  62.0,      ,     ,     ,     ,     ,     ,    ,      ,   10.0,   5.0,   2.0,     7.0,    13.0,        ,        ,        ,        ,        ,        ,      
guidobe01, 1946,     1, BOS , NHL , L  , 56.0, 10.0,  13.0,  23.0,  73.0,      ,     ,     ,     ,     ,     ,    ,      ,    3.0,   0.0,   1.0,     1.0,     6.0,        ,        ,        ,        ,        ,        ,      
guidobe01, 1947,     1, DET , NHL , L  , 58.0, 12.0,  10.0,  22.0,  78.0,      ,     ,     ,     ,     ,     ,    ,      ,    2.0,   0.0,   0.0,     0.0,     4.0,        ,        ,        ,        ,        ,        ,      
guidobe01, 1948,     1, DET , NHL , L  ,  4.0,  0.0,   0.0,   0.0,   0.0,      ,     ,     ,     ,     ,     ,    ,      ,       ,      ,      ,        ,        ,        ,        ,        ,        ,        ,        ,      
guidobe01, 1948,     2, CHI , NHL , L  , 56.0,  4.0,  17.0,  21.0, 116.0,      ,     ,     ,     ,     ,     ,    ,      ,       ,      ,      ,        ,        ,        ,        ,        ,        ,        ,        ,      
guidobe01, 1949,     1, CHI , NHL , L  , 70.0, 17.0,  34.0,  51.0,  42.0,      ,     ,     ,     ,     ,     ,    ,      ,       ,      ,      ,        ,        ,        ,        ,        ,        ,        ,        ,      
guidobe01, 1950,     1, CHI , NHL , L  , 69.0, 12.0,  22.0,  34.0,  56.0,      ,     ,     ,     ,     ,     ,    ,      ,       ,      ,      ,        ,        ,        ,        ,        ,        ,        ,        ,      
guidobe01, 1951,     1, CHI , NHL , L  , 67.0, 13.0,  18.0,  31.0,  78.0,      ,     ,     ,     ,     ,     ,    ,      ,       ,      ,      ,        ,        ,        ,        ,        ,        ,        ,        ,      
guindbo01, 1972,     1, QUN , WHA , L  , 71.0, 28.0,  28.0,  56.0,  31.0,      ,  3.0,     ,  1.0,     ,     ,    ,      ,       ,      ,      ,        ,        ,        ,        ,        ,        ,        ,        ,      
guindbo01, 1973,     1, QUN , WHA , L  , 77.0, 31.0,  39.0,  70.0,  30.0,      ,  5.0,     ,  0.0,     ,  4.0,    ,      ,       ,      ,      ,        ,        ,        ,        ,        ,        ,        ,        ,      
guindbo01, 1974,     1, QUN , WHA , L  , 69.0, 12.0,  18.0,  30.0,  23.0, -11.0,  1.0,     ,  0.0,     ,     ,    , 134.0,   15.0,   7.0,   6.0,    13.0,    10.0,        ,        ,        ,        ,        ,     0.0,      
guindbo01, 1975,     1, WIJ , WHA , L  , 29.0,  3.0,   3.0,   6.0,  14.0, -7.0 ,  1.0,     ,  0.0,     ,  0.0,    ,  26.0,   13.0,   3.0,   3.0,     6.0,     9.0, 7.0    ,        ,        ,        ,        ,        ,      
guindbo01, 1976,     1, WIJ , WHA , L  , 69.0, 10.0,  17.0,  27.0,  19.0, -12.0,  3.0,     ,  0.0,     ,     ,    ,  75.0,   20.0,   4.0,   4.0,     8.0,     9.0, -4.0   ,        ,        ,        ,        ,     1.0,      
guindbo01, 1977,     1, WIJ , WHA , L  , 77.0, 20.0,  22.0,  42.0,  18.0, -1.0 ,  0.0,     ,  4.0,     ,     ,    , 127.0,    9.0,   8.0,   5.0,    13.0,     5.0, 9.0    ,        ,        ,        ,        ,     2.0,      
guindbo01, 1978,     1, WIJ , WHA , L  , 71.0,  8.0,  18.0,  26.0,  21.0, -12.0,  0.0,     ,  0.0,     ,     ,    , 130.0,    7.0,   2.0,   1.0,     3.0,     0.0, 2.0    ,        ,        ,        ,        ,     0.0,      
guindbo01, 1979,     1, WIN , NHL , L  ,  6.0,  0.0,   1.0,   1.0,   0.0, 2.0  ,  0.0,     ,  0.0,     ,  0.0, 0.0,  10.0,       ,      ,      ,        ,        ,        ,        ,        ,        ,        ,        ,      
guitebe01, 2005,     1, BOS , NHL , R  ,  1.0,  0.0,   0.0,   0.0,   0.0, 0.0  ,  0.0,  0.0,  0.0,  0.0,  0.0,    ,   2.0,       ,      ,      ,        ,        ,        ,        ,        ,        ,        ,        ,      
guitebe01, 2006,     1, COL , NHL , R  , 39.0,  3.0,   8.0,  11.0,  16.0, -4.0 ,  0.0,  0.0,  1.0,  1.0,  1.0,    ,  63.0,       ,      ,      ,        ,        ,        ,        ,        ,        ,        ,        ,      
guitebe01, 2007,     1, COL , NHL , R  , 79.0, 11.0,  11.0,  22.0,  47.0, 1.0  ,  0.0,  1.0,  0.0,  1.0,  2.0,    , 103.0,   10.0,   1.0,   0.0,     1.0,    14.0, 1.0    ,     0.0,     0.0,     1.0,     0.0,     0.0,     9.0
guitebe01, 2008,     1, COL , NHL , R  , 50.0,  5.0,   7.0,  12.0,  30.0, 2.0  ,  0.0,  0.0,  0.0,  0.0,  1.0,    ,  63.0,       ,      ,      ,        ,        ,        ,        ,        ,        ,        ,        ,      
guitebe01, 2009,     1, NAS , NHL , C  ,  6.0,  0.0,   0.0,   0.0,   4.0, -3.0 ,  0.0,  0.0,  0.0,  0.0,  0.0,    ,   5.0,       ,      ,      ,        ,        ,        ,        ,        ,        ,        ,        ,      
guitepi01, 1972,     1, QUN , WHA , L  , 66.0, 10.0,   8.0,  18.0, 136.0,      ,  1.0,     ,  0.0,     ,     ,    ,      ,       ,      ,      ,        ,        ,        ,        ,        ,        ,        ,        ,      
guitepi01, 1973,     1, QUN , WHA , L  , 72.0, 14.0,  20.0,  34.0, 106.0,      ,  0.0,     ,  0.0,     ,  0.0,    ,      ,       ,      ,      ,        ,        ,        ,        ,        ,        ,        ,        ,      
guitepi01, 1974,     1, QUN , WHA , L  , 22.0, 14.0,   8.0,  22.0,  59.0,      ,  1.0,     ,     ,     ,     ,    ,  50.0,       ,      ,      ,        ,        ,        ,        ,        ,        ,        ,        ,      
guitepi01, 1974,     2, MIB , WHA , L  , 13.0,  5.0,   4.0,   9.0,  11.0,      ,     ,     ,     ,     ,     ,    ,  36.0,       ,      ,      ,        ,        ,        ,        ,        ,        ,        ,        ,      
guitepi01, 1975,     1, CIN , WHA , L  , 52.0, 20.0,  24.0,  44.0,  80.0, -1.0 ,  5.0,     ,  0.0,     ,  3.0,    , 114.0,       ,      ,      ,        ,        ,        ,        ,        ,        ,        ,        ,      
guitepi01, 1976,     1, CIN , WHA , L  , 27.0, 10.0,   8.0,  18.0,  32.0, -2.0 ,  2.0,     ,  0.0,     ,     ,    ,  69.0,       ,      ,      ,        ,        ,        ,        ,        ,        ,        ,        ,      
guitepi01, 1976,     2, QUN , WHA , L  , 35.0,  2.0,   6.0,   8.0,  67.0, -3.0 ,  0.0,     ,  0.0,     ,     ,    ,  48.0,   17.0,   5.0,   0.0,     5.0,     9.0, 1.0    ,        ,        ,        ,        ,     0.0,      
guitepi01, 1977,     1, QUN , WHA , L  , 18.0,  4.0,   5.0,   9.0,  15.0, 6.0  ,  1.0,     ,  0.0,     ,     ,    ,  29.0,       ,      ,      ,        ,        ,        ,        ,        ,        ,        ,        ,      
guitepi01, 1977,     2, EDO , WHA , L  , 60.0, 12.0,  21.0,  33.0,  71.0, -7.0 ,  2.0,     ,  0.0,     ,     ,    , 118.0,    5.0,   1.0,   1.0,     2.0,    20.0, -3.0   ,        ,        ,        ,        ,     1.0,      
guitepi01, 1978,     1, EDO , WHA , C  , 12.0,  1.0,   1.0,   2.0,   8.0, -5.0 ,  1.0,     ,  0.0,     ,     ,    ,  10.0,       ,      ,      ,        ,        ,        ,        ,        ,        ,        ,        ,      
gulkabu01, 1974,     1, VAB , WHA , R  ,  5.0,  1.0,   0.0,   1.0,  10.0,      ,  0.0,     ,  0.0,     ,     ,    ,   1.0,       ,      ,      ,        ,        ,        ,        ,        ,        ,        ,        ,      
gulobvl01, 1977,     1, SOV , WHA , R  ,  4.0,  2.0,   0.0,   2.0,   0.0,      ,     ,     ,     ,     ,     ,    ,      ,       ,      ,      ,        ,        ,        ,        ,        ,        ,        ,        ,      
gunn01   , 1912,     1, TBS , NHA ,    ,  3.0,  1.0,   0.0,   1.0,   0.0,      ,     ,     ,     ,     ,     ,    ,      ,       ,      ,      ,        ,        ,        ,        ,        ,        ,        ,        ,      
gunnaca01, 2009,     1, TOR , NHL , D  , 43.0,  3.0,  12.0,  15.0,  10.0, 8.0  ,  0.0,  2.0,  0.0,  1.0,  0.0,    ,  45.0,       ,      ,      ,        ,        ,        ,        ,        ,        ,        ,        ,      
guollst01, 1996,     1, SJS , NHL , L  , 43.0, 13.0,   8.0,  21.0,  14.0, -10.0,  2.0,  1.0,  0.0,  0.0,  1.0, 1.0,  81.0,       ,      ,      ,        ,        ,        ,        ,        ,        ,        ,        ,      
guollst01, 1997,     1, SJS , NHL , L  ,  7.0,  1.0,   1.0,   2.0,   0.0, -2.0 ,  0.0,  1.0,  0.0,  0.0,  0.0, 0.0,   9.0,       ,      ,      ,        ,        ,        ,        ,        ,        ,        ,        ,      
guollst01, 1998,     1, SJS , NHL , C  , 14.0,  2.0,   2.0,   4.0,   6.0, 3.0  ,  0.0,  0.0,  0.0,  0.0,  1.0, 0.0,  22.0,       ,      ,      ,        ,        ,        ,        ,        ,        ,        ,        ,      
guollst01, 1999,     1, TBL , NHL , C  , 46.0,  6.0,  10.0,  16.0,  11.0, 2.0  ,  2.0,  1.0,  0.0,  0.0,  0.0, 1.0,  52.0,       ,      ,      ,        ,        ,        ,        ,        ,        ,        ,        ,      
guollst01, 1999,     2, ATL , NHL , C  , 20.0,  4.0,   9.0,  13.0,   4.0, -13.0,  2.0,  2.0,  0.0,  1.0,  0.0, 0.0,  34.0,       ,      ,      ,        ,        ,        ,        ,        ,        ,        ,        ,      
guollst01, 2000,     1, ATL , NHL , L  , 63.0, 12.0,  16.0,  28.0,  23.0, -6.0 ,  2.0,  2.0,  0.0,  3.0,  3.0, 1.0,  96.0,       ,      ,      ,        ,        ,        ,        ,        ,        ,        ,        ,      
guollst01, 2002,     1, NJD , NHL , L  , 12.0,  2.0,   0.0,   2.0,   2.0, 1.0  ,  0.0,  0.0,  0.0,  0.0,  0.0, 0.0,   6.0,       ,      ,      ,        ,        ,        ,        ,        ,        ,        ,        ,      
gurenmi01, 1998,     1, MTL , NHL , D  , 12.0,  0.0,   1.0,   1.0,   4.0, -1.0 ,  0.0,  0.0,  0.0,  0.0,  0.0, 0.0,  11.0,       ,      ,      ,        ,        ,        ,        ,        ,        ,        ,        ,      
gurenmi01, 1999,     1, MTL , NHL , D  , 24.0,  1.0,   2.0,   3.0,  12.0, -5.0 ,  1.0,  1.0,  0.0,  0.0,  0.0, 0.0,  20.0,       ,      ,      ,        ,        ,        ,        ,        ,        ,        ,        ,      
gusaral01, 1990,     1, QUE , NHL , D  , 36.0,  3.0,   9.0,  12.0,  12.0, -4.0 ,  1.0,  3.0,  0.0,  0.0,  0.0, 0.0,  36.0,       ,      ,      ,        ,        ,        ,        ,        ,        ,        ,        ,      
gusaral01, 1991,     1, QUE , NHL , D  , 68.0,  5.0,  18.0,  23.0,  22.0, -9.0 ,  3.0,  5.0,  0.0,  1.0,  1.0, 0.0,  66.0,       ,      ,      ,        ,        ,        ,        ,        ,        ,        ,        ,      
gusaral01, 1992,     1, QUE , NHL , D  , 79.0,  8.0,  22.0,  30.0,  57.0, 18.0 ,  0.0,  1.0,  2.0,  3.0,  1.0, 0.0,  60.0,    5.0,   0.0,   1.0,     1.0,     0.0, -3.0   ,     0.0,     0.0,     0.0,     0.0,     0.0,     7.0
gusaral01, 1993,     1, QUE , NHL , D  , 76.0,  5.0,  20.0,  25.0,  38.0, 3.0  ,  0.0,  6.0,  1.0,  1.0,  0.0, 0.0,  84.0,       ,      ,      ,        ,        ,        ,        ,        ,        ,        ,        ,      
gusaral01, 1994,     1, QUE , NHL , D  , 14.0,  1.0,   2.0,   3.0,   6.0, -1.0 ,  0.0,  0.0,  0.0,  0.0,  1.0, 0.0,   7.0,       ,      ,      ,        ,        ,        ,        ,        ,        ,        ,        ,      
gusaral01, 1995,     1, COL , NHL , D  , 65.0,  5.0,  15.0,  20.0,  56.0, 29.0 ,  0.0,  4.0,  0.0,  0.0,  0.0, 0.0,  42.0,   21.0,   0.0,   9.0,     9.0,    12.0, 13.0   ,     0.0,     1.0,     0.0,     0.0,     0.0,    15.0
gusaral01, 1996,     1, COL , NHL , D  , 58.0,  2.0,  12.0,  14.0,  28.0, 4.0  ,  0.0,  1.0,  0.0,  0.0,  0.0, 0.0,  33.0,   17.0,   0.0,   3.0,     3.0,    14.0, 3.0    ,     0.0,     0.0,     0.0,     0.0,     0.0,     9.0
gusaral01, 1997,     1, COL , NHL , D  , 72.0,  4.0,  10.0,  14.0,  42.0, 9.0  ,  0.0,  1.0,  1.0,  1.0,  1.0, 0.0,  47.0,    7.0,   0.0,   1.0,     1.0,     6.0, 1.0    ,     0.0,     0.0,     0.0,     0.0,     0.0,     3.0
gusaral01, 1998,     1, COL , NHL , D  , 54.0,  3.0,  10.0,  13.0,  24.0, 12.0 ,  1.0,  3.0,  0.0,  0.0,  0.0, 0.0,  28.0,    5.0,   0.0,   0.0,     0.0,     2.0, 1.0    ,     0.0,     0.0,     0.0,     0.0,     0.0,     2.0
gusaral01, 1999,     1, COL , NHL , D  , 34.0,  2.0,   2.0,   4.0,  10.0, -8.0 ,  0.0,  0.0,  0.0,  0.0,  0.0, 0.0,  16.0,       ,      ,      ,        ,        ,        ,        ,        ,        ,        ,        ,      
gusaral01, 2000,     1, COL , NHL , D  ,  9.0,  0.0,   1.0,   1.0,   6.0, 2.0  ,  0.0,  0.0,  0.0,  0.0,  0.0, 0.0,   4.0,       ,      ,      ,        ,        ,        ,        ,        ,        ,        ,        ,      
gusaral01, 2000,     2, NYR , NHL , D  , 26.0,  1.0,   3.0,   4.0,   6.0, -2.0 ,  0.0,  1.0,  0.0,  0.0,  0.0, 0.0,  21.0,       ,      ,      ,        ,        ,        ,        ,        ,        ,        ,        ,      
gusaral01, 2000,     3, STL , NHL , D  , 16.0,  0.0,   4.0,   4.0,   6.0, -3.0 ,  0.0,  1.0,  0.0,  0.0,  0.0, 0.0,  10.0,   13.0,   0.0,   0.0,     0.0,     4.0, 4.0    ,     0.0,     0.0,     0.0,     0.0,     0.0,     5.0
gusevse01, 1997,     1, DAL , NHL , D  ,  9.0,  0.0,   0.0,   0.0,   2.0, -5.0 ,  0.0,  0.0,  0.0,  0.0,  0.0, 0.0,   5.0,       ,      ,      ,        ,        ,        ,        ,        ,        ,        ,        ,      
gusevse01, 1998,     1, DAL , NHL , D  , 22.0,  1.0,   4.0,   5.0,   6.0, 5.0  ,  0.0,  3.0,  0.0,  0.0,  1.0, 0.0,  30.0,       ,      ,      ,        ,        ,        ,        ,        ,        ,        ,        ,      
gusevse01, 1998,     2, TBL , NHL , D  , 14.0,  0.0,   3.0,   3.0,  10.0, -8.0 ,  0.0,  2.0,  0.0,  1.0,  0.0, 0.0,  16.0,       ,      ,      ,        ,        ,        ,        ,        ,        ,        ,        ,      
gusevse01, 1999,     1, TBL , NHL , D  , 28.0,  2.0,   3.0,   5.0,   6.0, -9.0 ,  1.0,  0.0,  0.0,  0.0,  0.0, 0.0,  23.0,       ,      ,      ,        ,        ,        ,        ,        ,        ,        ,        ,      
gusevse01, 2000,     1, TBL , NHL , D  , 16.0,  1.0,   0.0,   1.0,  10.0, -3.0 ,  0.0,  0.0,  0.0,  0.0,  0.0, 0.0,  13.0,       ,      ,      ,        ,        ,        ,        ,        ,        ,        ,        ,      
gusmara01, 1995,     1, WIN , NHL , R  ,  4.0,  0.0,   0.0,   0.0,   0.0, -3.0 ,  0.0,  0.0,  0.0,  0.0,  0.0, 0.0,   6.0,       ,      ,      ,        ,        ,        ,        ,        ,        ,        ,        ,      
gustabe01, 1978,     1, EDO , WHA , R  ,     ,     ,      ,      ,      ,      ,     ,     ,     ,     ,     ,    ,      ,    2.0,   1.0,   2.0,     3.0,     0.0, 2.0    ,        ,        ,        ,        ,     0.0,      
gustabe01, 1979,     1, WAS , NHL , C  , 80.0, 22.0,  38.0,  60.0,  17.0, -17.0,  6.0,     ,  1.0,     ,  3.0, 1.0, 185.0,       ,      ,      ,        ,        ,        ,        ,        ,        ,        ,        ,      
gustabe01, 1980,     1, WAS , NHL , R  , 72.0, 21.0,  34.0,  55.0,  26.0, -4.0 ,  4.0,     ,  2.0,     ,  1.0, 0.0, 170.0,       ,      ,      ,        ,        ,        ,        ,        ,        ,        ,        ,      
gustabe01, 1981,     1, WAS , NHL , R  , 70.0, 26.0,  34.0,  60.0,  40.0, -20.0,  3.0,     ,  0.0,     ,  2.0, 3.0, 142.0,       ,      ,      ,        ,        ,        ,        ,        ,        ,        ,        ,      
gustabe01, 1982,     1, WAS , NHL , R  , 67.0, 22.0,  42.0,  64.0,  16.0, 9.0  ,  2.0,     ,  0.0,     ,  4.0, 0.0, 139.0,    4.0,   0.0,   1.0,     1.0,     4.0,        ,     0.0,        ,     0.0,        ,     0.0,      
gustabe01, 1983,     1, WAS , NHL , R  , 69.0, 32.0,  43.0,  75.0,  16.0, 29.0 ,  8.0,     ,  0.0,     ,  5.0, 0.0, 146.0,    5.0,   2.0,   3.0,     5.0,     0.0, -4.0   ,     2.0,        ,     0.0,        ,     0.0,    15.0
gustabe01, 1984,     1, WAS , NHL , L  , 51.0, 14.0,  29.0,  43.0,   8.0, 13.0 ,  6.0,     ,  1.0,     ,  3.0, 0.0,  98.0,    5.0,   1.0,   3.0,     4.0,     0.0, 1.0    ,     1.0,        ,     0.0,        ,     0.0,     9.0
gustabe01, 1985,     1, WAS , NHL , C  , 70.0, 23.0,  52.0,  75.0,  26.0, 9.0  ,  8.0,     ,  4.0,     ,  6.0, 1.0, 113.0,       ,      ,      ,        ,        ,        ,        ,        ,        ,        ,        ,      
gustabe01, 1987,     1, WAS , NHL , C  , 78.0, 18.0,  36.0,  54.0,  29.0, 2.0  ,  7.0, 18.0,  5.0,  1.0,  3.0, 0.0, 136.0,   14.0,   4.0,   9.0,    13.0,     6.0, 1.0    ,     2.0,     1.0,     0.0,     1.0,     1.0,    28.0
gustabe01, 1988,     1, WAS , NHL , R  , 72.0, 18.0,  51.0,  69.0,  18.0, 13.0 ,  5.0, 19.0,  4.0,  1.0,  6.0, 0.0, 107.0,    4.0,   2.0,   3.0,     5.0,     6.0, -5.0   ,     1.0,     3.0,     0.0,     0.0,     0.0,     8.0
gustade01, 2000,     1, MIN , NHL , G  ,  4.0,  0.0,   0.0,   0.0,   0.0, 0.0  ,  0.0,  0.0,  0.0,  0.0,  0.0, 0.0,   0.0,       ,      ,      ,        ,        ,        ,        ,        ,        ,        ,        ,      
gustade01, 2001,     1, MIN , NHL , G  ,  1.0,  0.0,   0.0,   0.0,   0.0, 0.0  ,  0.0,  0.0,  0.0,  0.0,  0.0, 0.0,   0.0,       ,      ,      ,        ,        ,        ,        ,        ,        ,        ,        ,      
gustajo01, 2009,     1, TOR , NHL , G  , 42.0,  0.0,   2.0,   2.0,   2.0, 0.0  ,  0.0,  2.0,  0.0,  0.0,  0.0,    ,   0.0,       ,      ,      ,        ,        ,        ,        ,        ,        ,        ,        ,      
gustape01, 1981,     1, COR , NHL , L  ,  2.0,  0.0,   0.0,   0.0,   0.0, -1.0 ,  0.0,     ,  0.0,     ,  0.0, 0.0,   2.0,       ,      ,      ,        ,        ,        ,        ,        ,        ,        ,        ,      
gustape02, 1996,     1, FLO , NHL , D  , 58.0,  7.0,  22.0,  29.0,  22.0, 11.0 ,  2.0, 10.0,  0.0,  0.0,  1.0, 0.0, 105.0,       ,      ,      ,        ,        ,        ,        ,        ,        ,        ,        ,      
gustape02, 1997,     1, TOR , NHL , D  , 22.0,  1.0,   4.0,   5.0,  10.0, -5.0 ,  0.0,  3.0,  0.0,  0.0,  0.0, 0.0,  24.0,       ,      ,      ,        ,        ,        ,        ,        ,        ,        ,        ,      
gustape02, 1997,     2, OTT , NHL , D  ,  9.0,  0.0,   1.0,   1.0,   6.0, 3.0  ,  0.0,  0.0,  0.0,  0.0,  0.0, 0.0,  12.0,    1.0,   0.0,   0.0,     0.0,     0.0, -2.0   ,     0.0,     0.0,     0.0,     0.0,     0.0,     3.0
guyke01  , 1986,     1, CAL , NHL , D  , 24.0,  0.0,   4.0,   4.0,  19.0, 8.0  ,  0.0,     ,  0.0,     ,  0.0, 0.0,  24.0,    4.0,   0.0,   1.0,     1.0,    23.0, 0.0    ,     0.0,        ,     0.0,        ,     0.0,     0.0
guyke01  , 1987,     1, CAL , NHL , D  , 11.0,  0.0,   3.0,   3.0,   8.0, 1.0  ,  0.0,  0.0,  0.0,  0.0,  0.0, 0.0,   4.0,       ,      ,      ,        ,        ,        ,        ,        ,        ,        ,        ,      
guyke01  , 1988,     1, VAN , NHL , D  , 45.0,  2.0,   2.0,   4.0,  34.0, -14.0,  0.0,  0.0,  0.0,  0.0,  0.0, 0.0,  40.0,    1.0,   0.0,   0.0,     0.0,     0.0, -1.0   ,     0.0,     0.0,     0.0,     0.0,     0.0,     1.0
guyke01  , 1989,     1, VAN , NHL , D  , 30.0,  2.0,   5.0,   7.0,  32.0, -12.0,  0.0,  2.0,  0.0,  0.0,  0.0, 0.0,  44.0,       ,      ,      ,        ,        ,        ,        ,        ,        ,        ,        ,      
guyke01  , 1990,     1, VAN , NHL , D  , 39.0,  1.0,   6.0,   7.0,  39.0, -6.0 ,  0.0,  0.0,  0.0,  0.0,  1.0, 0.0,  37.0,       ,      ,      ,        ,        ,        ,        ,        ,        ,        ,        ,      
guyke01  , 1990,     2, CAL , NHL , D  ,  4.0,  0.0,   0.0,   0.0,   4.0, 1.0  ,  0.0,  0.0,  0.0,  0.0,  0.0, 0.0,   6.0,       ,      ,      ,        ,        ,        ,        ,        ,        ,        ,        ,      
guyke01  , 1991,     1, CAL , NHL , D  ,  3.0,  0.0,   0.0,   0.0,   2.0, 2.0  ,  0.0,  0.0,  0.0,  0.0,  0.0, 0.0,   3.0,       ,      ,      ,        ,        ,        ,        ,        ,        ,        ,        ,      
haakaka01, 2002,     1, EDM , NHL , D  , 13.0,  0.0,   0.0,   0.0,   4.0, -2.0 ,  0.0,  0.0,  0.0,  0.0,  0.0, 0.0,   2.0,       ,      ,      ,        ,        ,        ,        ,        ,        ,        ,        ,      
haanpar01, 1985,     1, NYI , NHL , R  , 18.0,  0.0,   7.0,   7.0,  20.0, 0.0  ,  0.0,     ,  0.0,     ,  0.0, 0.0,  16.0,       ,      ,      ,        ,        ,        ,        ,        ,        ,        ,        ,      
haanpar01, 1986,     1, NYI , NHL , R  , 41.0,  6.0,   4.0,  10.0,  17.0, 8.0  ,  0.0,     ,  0.0,     ,  3.0, 0.0,  45.0,    6.0,   0.0,   0.0,     0.0,    10.0, -1.0   ,     0.0,        ,     0.0,        ,     0.0,     9.0
haanpar01, 1987,     1, NYI , NHL , R  ,  1.0,  0.0,   0.0,   0.0,   0.0, -2.0 ,  0.0,  0.0,  0.0,  0.0,  0.0, 0.0,   0.0,       ,      ,      ,        ,        ,        ,        ,        ,        ,        ,        ,      
haas01   , 1915,     1, SEA , PCHA, D  ,  3.0,  0.0,   0.0,   0.0,   0.0,      ,     ,     ,     ,     ,     ,    ,      ,       ,      ,      ,        ,        ,        ,        ,        ,        ,        ,        ,      
haasda01 , 1990,     1, EDM , NHL , L  ,  5.0,  1.0,   0.0,   1.0,   0.0, -2.0 ,  0.0,  0.0,  0.0,  0.0,  0.0, 0.0,   4.0,       ,      ,      ,        ,        ,        ,        ,        ,        ,        ,        ,      
haasda01 , 1993,     1, CAL , NHL , L  ,  2.0,  1.0,   1.0,   2.0,   7.0, 2.0  ,  0.0,  0.0,  0.0,  0.0,  0.0, 0.0,   3.0,       ,      ,      ,        ,        ,        ,        ,        ,        ,        ,        ,      
haasde01 , 1975,     1, CAC , WHA , C  , 30.0,  5.0,   9.0,  14.0,   6.0, 5.0  ,  0.0,     ,  0.0,     ,  0.0,    ,  34.0,    1.0,   0.0,   0.0,     0.0,     0.0, 0.0    ,        ,        ,        ,        ,        ,      
habscma01, 1981,     1, EDM , NHL , C  ,  7.0,  1.0,   3.0,   4.0,   2.0, 5.0  ,  1.0,     ,  0.0,     ,  0.0, 0.0,   7.0,       ,      ,      ,        ,        ,        ,        ,        ,        ,        ,        ,      
habscma01, 1982,     1, EDM , NHL , C  , 32.0,  3.0,  10.0,  13.0,  14.0, 14.0 ,  0.0,     ,  0.0,     ,  0.0, 0.0,  19.0,       ,      ,      ,        ,        ,        ,        ,        ,        ,        ,        ,      
habscma01, 1983,     1, EDM , NHL , C  ,  9.0,  1.0,   0.0,   1.0,   6.0, -3.0 ,  0.0,     ,  0.0,     ,  0.0, 0.0,   6.0,       ,      ,      ,        ,        ,        ,        ,        ,        ,        ,        ,      
habscma01, 1984,     1, EDM , NHL , R  , 26.0,  5.0,   3.0,   8.0,   4.0, -2.0 ,  2.0,     ,  0.0,     ,  0.0, 0.0,  30.0,       ,      ,      ,        ,        ,        ,        ,        ,        ,        ,        ,      
habscma01, 1985,     1, MNS , NHL , C  ,  6.0,  2.0,   3.0,   5.0,   0.0, -2.0 ,  1.0,     ,  0.0,     ,  0.0, 0.0,   8.0,    2.0,   0.0,   0.0,     0.0,     0.0, -1.0   ,     0.0,        ,     0.0,        ,     0.0,     1.0
habscma01, 1986,     1, MNS , NHL , C  , 15.0,  2.0,   0.0,   2.0,   2.0, -6.0 ,  1.0,     ,  0.0,     ,  0.0, 0.0,  14.0,       ,      ,      ,        ,        ,        ,        ,        ,        ,        ,        ,      
habscma01, 1987,     1, MNS , NHL , C  , 16.0,  4.0,  11.0,  15.0,   6.0, -4.0 ,  3.0,  1.0,  0.0,  1.0,  0.0, 0.0,  44.0,       ,      ,      ,        ,        ,        ,        ,        ,        ,        ,        ,      
habscma01, 1988,     1, MNS , NHL , R  , 76.0, 23.0,  31.0,  54.0,  40.0, 2.0  ,  7.0, 17.0,  3.0,  2.0,  3.0, 0.0, 182.0,    5.0,   1.0,   3.0,     4.0,    13.0, -1.0   ,     0.0,     1.0,     0.0,     0.0,     0.0,     8.0
habscma01, 1989,     1, DET , NHL , L  , 66.0, 15.0,  11.0,  26.0,  33.0, 1.0  ,  0.0,  1.0,  0.0,  1.0,  0.0, 0.0, 114.0,       ,      ,      ,        ,        ,        ,        ,        ,        ,        ,        ,      
habscma01, 1990,     1, DET , NHL , R  , 46.0,  9.0,   8.0,  17.0,  22.0, -10.0,  0.0,  3.0,  4.0,  0.0,  1.0, 0.0,  54.0,    5.0,   0.0,   0.0,     0.0,     0.0, -2.0   ,     0.0,     0.0,     0.0,     0.0,     0.0,     3.0
habscma01, 1991,     1, CAL , NHL , L  , 46.0,  7.0,  11.0,  18.0,  42.0, -11.0,  2.0,  5.0,  0.0,  0.0,  2.0, 0.0,  60.0,       ,      ,      ,        ,        ,        ,        ,        ,        ,        ,        ,      
hachble01, 1983,     1, PHI , NHL , C  , 38.0, 11.0,  21.0,  32.0,   4.0, 8.0  ,  1.0,     ,  0.0,     ,  2.0, 0.0,  69.0,    3.0,   0.0,   0.0,     0.0,     7.0, -2.0   ,     0.0,        ,     0.0,        ,     0.0,     5.0
hachble01, 1984,     1, PHI , NHL , C  , 40.0,  5.0,  17.0,  22.0,  23.0, 16.0 ,  0.0,     ,  0.0,     ,  0.0, 0.0,  48.0,    4.0,   0.0,   3.0,     3.0,     0.0, 0.0    ,     0.0,        ,     0.0,        ,     0.0,     7.0
hachble01, 1985,     1, LAK , NHL , C  , 24.0,  4.0,   1.0,   5.0,   2.0, -9.0 ,  1.0,     ,  0.0,     ,  0.0, 0.0,  14.0,       ,      ,      ,        ,        ,        ,        ,        ,        ,        ,        ,      
hackeje01, 1988,     1, NYI , NHL , G  , 13.0,  0.0,   1.0,   1.0,   2.0, 0.0  ,  0.0,     ,  0.0,     ,  0.0, 0.0,   0.0,       ,      ,      ,        ,        ,        ,        ,        ,        ,        ,        ,      
hackeje01, 1990,     1, NYI , NHL , G  , 30.0,  0.0,   0.0,   0.0,   4.0, 0.0  ,  0.0,  0.0,  0.0,  0.0,  0.0, 0.0,   0.0,       ,      ,      ,        ,        ,        ,        ,        ,        ,        ,        ,      
hackeje01, 1991,     1, SJS , NHL , G  , 42.0,  0.0,   2.0,   2.0,   8.0, 0.0  ,  0.0,  0.0,  0.0,  0.0,  0.0, 0.0,   0.0,       ,      ,      ,        ,        ,        ,        ,        ,        ,        ,        ,      
hackeje01, 1992,     1, SJS , NHL , G  , 36.0,  0.0,   1.0,   1.0,   4.0, 0.0  ,  0.0,  1.0,  0.0,  0.0,  0.0, 0.0,   0.0,       ,      ,      ,        ,        ,        ,        ,        ,        ,        ,        ,      
hackeje01, 1993,     1, CHI , NHL , G  , 22.0,  0.0,   1.0,   1.0,   2.0, 0.0  ,  0.0,  1.0,  0.0,  0.0,  0.0, 0.0,   0.0,       ,      ,      ,        ,        ,        ,        ,        ,        ,        ,        ,      
hackeje01, 1994,     1, CHI , NHL , G  ,  7.0,  0.0,   0.0,   0.0,   0.0, 0.0  ,  0.0,  0.0,  0.0,  0.0,  0.0, 0.0,   0.0,    2.0,   0.0,   0.0,     0.0,     0.0, 0.0    ,     0.0,     0.0,     0.0,     0.0,     0.0,     0.0
hackeje01, 1995,     1, CHI , NHL , G  , 35.0,  0.0,   1.0,   1.0,   8.0, 0.0  ,  0.0,  0.0,  0.0,  0.0,  0.0, 0.0,   0.0,    1.0,   0.0,   0.0,     0.0,     0.0, 0.0    ,     0.0,     0.0,     0.0,     0.0,     0.0,     0.0
hackeje01, 1996,     1, CHI , NHL , G  , 41.0,  0.0,   1.0,   1.0,   6.0, 0.0  ,  0.0,  0.0,  0.0,  0.0,  0.0, 0.0,   0.0,    6.0,   0.0,   0.0,     0.0,     0.0, 0.0    ,     0.0,     0.0,     0.0,     0.0,     0.0,     0.0
hackeje01, 1997,     1, CHI , NHL , G  , 58.0,  0.0,   0.0,   0.0,   8.0, 0.0  ,  0.0,  0.0,  0.0,  0.0,  0.0, 0.0,   0.0,       ,      ,      ,        ,        ,        ,        ,        ,        ,        ,        ,      
hackeje01, 1998,     1, CHI , NHL , G  , 10.0,  0.0,   0.0,   0.0,   6.0, 0.0  ,  0.0,  0.0,  0.0,  0.0,  0.0, 0.0,   0.0,       ,      ,      ,        ,        ,        ,        ,        ,        ,        ,        ,      
hackeje01, 1998,     2, MTL , NHL , G  , 53.0,  0.0,   1.0,   1.0,   6.0, 0.0  ,  0.0,  0.0,  0.0,  0.0,  0.0, 0.0,   0.0,       ,      ,      ,        ,        ,        ,        ,        ,        ,        ,        ,      
hackeje01, 1999,     1, MTL , NHL , G  , 56.0,  0.0,   0.0,   0.0,   4.0, 0.0  ,  0.0,  0.0,  0.0,  0.0,  0.0, 0.0,   0.0,       ,      ,      ,        ,        ,        ,        ,        ,        ,        ,        ,      
hackeje01, 2000,     1, MTL , NHL , G  , 19.0,  0.0,   1.0,   1.0,   0.0, 0.0  ,  0.0,  0.0,  0.0,  0.0,  0.0, 0.0,   0.0,       ,      ,      ,        ,        ,        ,        ,        ,        ,        ,        ,      
hackeje01, 2001,     1, MTL , NHL , G  , 15.0,  0.0,   0.0,   0.0,   2.0, 0.0  ,  0.0,  0.0,  0.0,  0.0,  0.0, 0.0,   0.0,       ,      ,      ,        ,        ,        ,        ,        ,        ,        ,        ,      
hackeje01, 2002,     1, MTL , NHL , G  , 18.0,  0.0,   0.0,   0.0,   0.0, 0.0  ,  0.0,  0.0,  0.0,  0.0,  0.0, 0.0,   0.0,       ,      ,      ,        ,        ,        ,        ,        ,        ,        ,        ,      
hackeje01, 2002,     2, BOS , NHL , G  , 18.0,  0.0,   0.0,   0.0,   2.0, 0.0  ,  0.0,  0.0,  0.0,  0.0,  0.0, 0.0,   0.0,    3.0,   0.0,   0.0,     0.0,     0.0, 0.0    ,     0.0,     0.0,     0.0,     0.0,     0.0,     0.0
hackeje01, 2003,     1, PHI , NHL , G  , 27.0,  0.0,   0.0,   0.0,   0.0, 0.0  ,  0.0,  0.0,  0.0,  0.0,  0.0, 0.0,   0.0,       ,      ,      ,        ,        ,        ,        ,        ,        ,        ,        ,      
haddoll01, 1959,     1, DET , NHL , D  ,  8.0,  0.0,   0.0,   0.0,   2.0,      ,     ,     ,     ,     ,     ,    ,      ,    1.0,   0.0,   0.0,     0.0,     0.0,        ,        ,        ,        ,        ,        ,      
hadfivi01, 1961,     1, NYR , NHL , L  , 44.0,  3.0,   1.0,   4.0,  22.0,      ,     ,     ,     ,     ,     ,    ,      ,    4.0,   0.0,   0.0,     0.0,     2.0,        ,        ,        ,        ,        ,     0.0,      
hadfivi01, 1962,     1, NYR , NHL , L  , 36.0,  5.0,   6.0,  11.0,  32.0,      ,     ,     ,     ,     ,     ,    ,      ,       ,      ,      ,        ,        ,        ,        ,        ,        ,        ,        ,      
hadfivi01, 1963,     1, NYR , NHL , L  , 69.0, 14.0,  11.0,  25.0, 151.0,      ,  1.0,     ,  0.0,     ,  4.0, 1.0,      ,       ,      ,      ,        ,        ,        ,        ,        ,        ,        ,        ,      
hadfivi01, 1964,     1, NYR , NHL , L  , 70.0, 18.0,  20.0,  38.0, 102.0,      ,  6.0,     ,  0.0,     ,  1.0, 0.0,      ,       ,      ,      ,        ,        ,        ,        ,        ,        ,        ,        ,      
hadfivi01, 1965,     1, NYR , NHL , L  , 67.0, 16.0,  19.0,  35.0, 112.0,      ,  1.0,     ,  0.0,     ,  1.0, 0.0,      ,       ,      ,      ,        ,        ,        ,        ,        ,        ,        ,        ,      
hadfivi01, 1966,     1, NYR , NHL , L  , 69.0, 13.0,  20.0,  33.0,  80.0,      ,  3.0,     ,  0.0,     ,  1.0, 1.0,      ,    4.0,   1.0,   0.0,     1.0,    17.0,        ,        ,        ,        ,        ,     0.0,      
hadfivi01, 1967,     1, NYR , NHL , L  , 59.0, 20.0,  19.0,  39.0,  45.0, -2.0 ,  7.0,     ,  0.0,     ,  7.0, 1.0, 177.0,    6.0,   1.0,   2.0,     3.0,     6.0,        ,     1.0,        ,     0.0,        ,     0.0,      
hadfivi01, 1968,     1, NYR , NHL , L  , 73.0, 26.0,  40.0,  66.0, 108.0, 12.0 , 10.0,     ,  0.0,     ,  4.0, 1.0, 321.0,    4.0,   2.0,   1.0,     3.0,     2.0,        ,     0.0,        ,     0.0,        ,     0.0,      
hadfivi01, 1969,     1, NYR , NHL , L  , 71.0, 20.0,  34.0,  54.0,  69.0, -3.0 ,  4.0,     ,  0.0,     ,  5.0, 4.0, 268.0,       ,      ,      ,        ,        ,        ,        ,        ,        ,        ,        ,      
hadfivi01, 1970,     1, NYR , NHL , L  , 63.0, 22.0,  22.0,  44.0,  38.0, 14.0 ,  8.0,     ,  0.0,     ,  1.0, 1.0, 194.0,   13.0,   8.0,   5.0,    13.0,    46.0,        ,     1.0,        ,     0.0,        ,     1.0,      
hadfivi01, 1971,     1, NYR , NHL , L  , 78.0, 50.0,  56.0, 106.0, 142.0, 60.0 , 23.0,     ,  0.0,     ,  7.0, 6.0, 242.0,   16.0,   7.0,   9.0,    16.0,    22.0,        ,     2.0,        ,     0.0,        ,     1.0,      
hadfivi01, 1972,     1, NYR , NHL , L  , 63.0, 28.0,  34.0,  62.0,  60.0, 13.0 ,  9.0,     ,  0.0,     ,  4.0, 2.0, 214.0,    9.0,   2.0,   2.0,     4.0,    11.0,        ,     0.0,        ,     0.0,        ,     1.0,      
hadfivi01, 1973,     1, NYR , NHL , L  , 77.0, 27.0,  28.0,  55.0,  75.0, 1.0  , 12.0,     ,  0.0,     ,  4.0, 1.0, 201.0,    6.0,   1.0,   0.0,     1.0,     0.0,        ,     0.0,        ,     0.0,        ,     0.0,      
hadfivi01, 1974,     1, PIT , NHL , L  , 78.0, 31.0,  42.0,  73.0,  72.0, 5.0  ,  7.0,     ,  4.0,     ,  3.0, 1.0, 253.0,    9.0,   4.0,   2.0,     6.0,     0.0,        ,     0.0,        ,     1.0,        ,     0.0,      
hadfivi01, 1975,     1, PIT , NHL , L  , 76.0, 30.0,  35.0,  65.0,  46.0, -3.0 ,  3.0,     ,  0.0,     ,  2.0, 1.0, 203.0,    3.0,   1.0,   0.0,     1.0,    11.0,        ,     0.0,        ,     0.0,        ,     0.0,      
hadfivi01, 1976,     1, PIT , NHL , L  ,  9.0,  0.0,   2.0,   2.0,   0.0, 1.0  ,  0.0,     ,  0.0,     ,  0.0, 0.0,   9.0,       ,      ,      ,        ,        ,        ,        ,        ,        ,        ,        ,      
haggaji01, 1941,     1, MTL , NHL , L  ,  5.0,  1.0,   1.0,   2.0,   0.0,      ,     ,     ,     ,     ,     ,    ,      ,    3.0,   2.0,   1.0,     3.0,     2.0,        ,        ,        ,        ,        ,        ,      
haggese01, 1995,     1, TOR , NHL , L  ,  1.0,  0.0,   0.0,   0.0,   0.0, 0.0  ,  0.0,  0.0,  0.0,  0.0,  0.0, 0.0,   0.0,       ,      ,      ,        ,        ,        ,        ,        ,        ,        ,        ,      
haggese01, 1997,     1, NYI , NHL , L  ,  5.0,  0.0,   0.0,   0.0,   0.0, -3.0 ,  0.0,  0.0,  0.0,  0.0,  0.0, 0.0,   2.0,       ,      ,      ,        ,        ,        ,        ,        ,        ,        ,        ,      
haggese01, 1999,     1, NYI , NHL , L  ,  5.0,  1.0,   1.0,   2.0,   4.0, 3.0  ,  0.0,  0.0,  0.0,  0.0,  0.0, 0.0,   2.0,       ,      ,      ,        ,        ,        ,        ,        ,        ,        ,        ,      
haggese01, 2000,     1, NAS , NHL , L  ,  3.0,  0.0,   1.0,   1.0,   0.0, 1.0  ,  0.0,  0.0,  0.0,  0.0,  0.0, 0.0,   2.0,       ,      ,      ,        ,        ,        ,        ,        ,        ,        ,        ,      
hagglro01, 1984,     1, QUE , NHL , D  ,  3.0,  0.0,   0.0,   0.0,   0.0, 0.0  ,  0.0,     ,  0.0,     ,  0.0, 0.0,   5.0,       ,      ,      ,        ,        ,        ,        ,        ,        ,        ,        ,      
hagmama01, 1976,     1, BOS , NHL , C  , 75.0, 11.0,  17.0,  28.0,   0.0, 6.0  ,  1.0,     ,  0.0,     ,  0.0, 2.0,  71.0,    9.0,   0.0,   1.0,     1.0,     0.0,        ,     0.0,        ,     0.0,        ,     0.0,      
hagmama01, 1977,     1, BOS , NHL , C  , 15.0,  4.0,   1.0,   5.0,   2.0, -1.0 ,  3.0,     ,  0.0,     ,  1.0, 0.0,  13.0,       ,      ,      ,        ,        ,        ,        ,        ,        ,        ,        ,      
hagmama01, 1977,     2, QUN , WHA , C  , 53.0, 25.0,  31.0,  56.0,  16.0, -14.0,  9.0,     ,  0.0,     ,     ,    , 108.0,       ,      ,      ,        ,        ,        ,        ,        ,        ,        ,        ,      
hagmama01, 1978,     1, FIN , WHA ,    ,  1.0,  0.0,   1.0,   1.0,   0.0,      ,  0.0,     ,  0.0,     ,  0.0,    ,      ,       ,      ,      ,        ,        ,        ,        ,        ,        ,        ,        ,      
hagmama01, 1980,     1, EDM , NHL , C  , 75.0, 20.0,  33.0,  53.0,  16.0, 4.0  ,  2.0,     ,  0.0,     ,  0.0, 0.0,  96.0,    9.0,   4.0,   1.0,     5.0,     6.0,        ,     0.0,        ,     0.0,        ,     2.0,      
hagmama01, 1981,     1, EDM , NHL , C  , 72.0, 21.0,  38.0,  59.0,  18.0, 15.0 ,  5.0,     ,  0.0,     ,  2.0, 0.0,  94.0,    3.0,   1.0,   0.0,     1.0,     0.0,        ,     0.0,        ,     0.0,        ,     0.0,      
hagmani01, 2001,     1, FLO , NHL , R  , 78.0, 10.0,  18.0,  28.0,   8.0, -6.0 ,  0.0,  1.0,  1.0,  0.0,  2.0, 0.0, 134.0,       ,      ,      ,        ,        ,        ,        ,        ,        ,        ,        ,      
hagmani01, 2002,     1, FLO , NHL , R  , 80.0,  8.0,  15.0,  23.0,  20.0, -8.0 ,  2.0,  1.0,  0.0,  0.0,  0.0, 0.0, 132.0,       ,      ,      ,        ,        ,        ,        ,        ,        ,        ,        ,      
hagmani01, 2003,     1, FLO , NHL , L  , 75.0, 10.0,  13.0,  23.0,  22.0, -5.0 ,  0.0,  1.0,  1.0,  0.0,  2.0, 0.0, 122.0,       ,      ,      ,        ,        ,        ,        ,        ,        ,        ,        ,      
hagmani01, 2005,     1, FLO , NHL , R  , 30.0,  2.0,   4.0,   6.0,   2.0, -8.0 ,  0.0,  0.0,  0.0,  0.0,  0.0,    ,  52.0,       ,      ,      ,        ,        ,        ,        ,        ,        ,        ,        ,      
hagmani01, 2005,     2, DAL , NHL , R  , 54.0,  6.0,   9.0,  15.0,  16.0, -2.0 ,  0.0,  1.0,  1.0,  2.0,  0.0,    ,  74.0,    5.0,   2.0,   1.0,     3.0,     4.0, -1.0   ,     0.0,     0.0,     0.0,     0.0,     1.0,     9.0
hagmani01, 2006,     1, DAL , NHL , L  , 82.0, 17.0,  12.0,  29.0,  34.0, 3.0  ,  2.0,  3.0,  1.0,  0.0,  2.0,    , 152.0,    7.0,   0.0,   1.0,     1.0,    10.0, -1.0   ,     0.0,     0.0,     0.0,     0.0,     0.0,    20.0
hagmani01, 2007,     1, DAL , NHL , L  , 82.0, 27.0,  14.0,  41.0,  51.0, 4.0  ,  4.0,  3.0,  4.0,  1.0,  8.0,    , 178.0,   18.0,   2.0,   1.0,     3.0,    14.0, 3.0    ,     0.0,     0.0,     0.0,     0.0,     0.0,    33.0
hagmani01, 2008,     1, TOR , NHL , L  , 65.0, 22.0,  20.0,  42.0,   4.0, -5.0 ,  6.0,  7.0,  0.0,  0.0,  3.0,    , 168.0,       ,      ,      ,        ,        ,        ,        ,        ,        ,        ,        ,      
hagmani01, 2009,     1, TOR , NHL , L  , 55.0, 20.0,  13.0,  33.0,  23.0, -3.0 ,  4.0,  2.0,  0.0,  0.0,  1.0,    , 148.0,       ,      ,      ,        ,        ,        ,        ,        ,        ,        ,        ,      
hagmani01, 2009,     2, CAL , NHL , L  , 27.0,  5.0,   6.0,  11.0,   2.0, -1.0 ,  0.0,  2.0,  0.0,  0.0,  1.0,    ,  68.0,       ,      ,      ,        ,        ,        ,        ,        ,        ,        ,        ,      
haguebi01, 1915,     1, MOW , NHA , G  ,  1.0,  0.0,   0.0,   0.0,   0.0,      ,     ,     ,     ,     ,     ,    ,      ,       ,      ,      ,        ,        ,        ,        ,        ,        ,        ,        ,      
haguebi01, 1916,     1, MOW , NHA , G  ,  4.0,  0.0,   0.0,   0.0,   0.0,      ,     ,     ,     ,     ,     ,    ,      ,       ,      ,      ,        ,        ,        ,        ,        ,        ,        ,        ,      
hahlri01 , 2001,     1, COL , NHL , C  , 22.0,  2.0,   3.0,   5.0,  14.0, 1.0  ,  0.0,  0.0,  0.0,  0.0,  1.0, 0.0,  17.0,   21.0,   1.0,   2.0,     3.0,     0.0, -3.0   ,     0.0,     0.0,     0.0,     0.0,     0.0,    17.0
hahlri01 , 2002,     1, COL , NHL , C  , 42.0,  3.0,   4.0,   7.0,  12.0, 3.0  ,  0.0,  0.0,  0.0,  0.0,  0.0, 0.0,  61.0,    6.0,   0.0,   2.0,     2.0,     2.0, 2.0    ,     0.0,     0.0,     0.0,     0.0,     0.0,    11.0
hahlri01 , 2003,     1, COL , NHL , C  , 28.0,  0.0,   1.0,   1.0,  12.0, -7.0 ,  0.0,  0.0,  0.0,  0.0,  0.0, 0.0,  40.0,    7.0,   1.0,   0.0,     1.0,     2.0, 0.0    ,     0.0,     0.0,     0.0,     0.0,     0.0,    12.0
haidygo01, 1949,     1, DET , NHL , R  ,     ,     ,      ,      ,      ,      ,     ,     ,     ,     ,     ,    ,      ,    1.0,   0.0,   0.0,     0.0,     0.0,        ,        ,        ,        ,        ,        ,      
hainsge01, 1923,     1, SAC , WCHL, G  , 30.0,  0.0,   0.0,   0.0,   2.0,      ,     ,     ,     ,     ,     ,    ,      ,       ,      ,      ,        ,        ,        ,        ,        ,        ,        ,        ,      
hainsge01, 1924,     1, SAS , WCHL, G  , 28.0,  0.0,   0.0,   0.0,   2.0,      ,     ,     ,     ,     ,     ,    ,      ,    2.0,   0.0,   0.0,     0.0,     0.0,        ,        ,        ,        ,        ,        ,      
hainsge01, 1925,     1, SAS , WCHL, G  , 30.0,  0.0,   0.0,   0.0,   2.0,      ,     ,     ,     ,     ,     ,    ,      ,    2.0,   0.0,   0.0,     0.0,     0.0,        ,        ,        ,        ,        ,        ,      
hainsge01, 1926,     1, MTL , NHL , G  , 44.0,  0.0,   0.0,   0.0,   0.0,      ,     ,     ,     ,     ,     ,    ,      ,    4.0,   0.0,   0.0,     0.0,     0.0,        ,        ,        ,        ,        ,        ,      
hainsge01, 1927,     1, MTL , NHL , G  , 44.0,  0.0,   0.0,   0.0,   0.0,      ,     ,     ,     ,     ,     ,    ,      ,    2.0,   0.0,   0.0,     0.0,     0.0,        ,        ,        ,        ,        ,        ,      
hainsge01, 1928,     1, MTL , NHL , G  , 44.0,  0.0,   0.0,   0.0,   0.0,      ,     ,     ,     ,     ,     ,    ,      ,    3.0,   0.0,   0.0,     0.0,     0.0,        ,        ,        ,        ,        ,        ,      
hainsge01, 1929,     1, MTL , NHL , G  , 42.0,  0.0,   0.0,   0.0,   0.0,      ,     ,     ,     ,     ,     ,    ,      ,    6.0,   0.0,   0.0,     0.0,     0.0,        ,        ,        ,        ,        ,        ,      
hainsge01, 1930,     1, MTL , NHL , G  , 44.0,  0.0,   0.0,   0.0,   0.0,      ,     ,     ,     ,     ,     ,    ,      ,   10.0,   0.0,   0.0,     0.0,     0.0,        ,        ,        ,        ,        ,        ,      
hainsge01, 1931,     1, MTL , NHL , G  , 48.0,  0.0,   0.0,   0.0,   2.0,      ,     ,     ,     ,     ,     ,    ,      ,    4.0,   0.0,   0.0,     0.0,     0.0,        ,        ,        ,        ,        ,        ,      
hainsge01, 1932,     1, MTL , NHL , G  , 48.0,  0.0,   0.0,   0.0,   0.0,      ,     ,     ,     ,     ,     ,    ,      ,    2.0,   0.0,   0.0,     0.0,     0.0,        ,        ,        ,        ,        ,        ,      
hainsge01, 1933,     1, TOR , NHL , G  , 48.0,  0.0,   0.0,   0.0,   0.0,      ,     ,     ,     ,     ,     ,    ,      ,    5.0,   0.0,   0.0,     0.0,     0.0,        ,        ,        ,        ,        ,        ,      
hainsge01, 1934,     1, TOR , NHL , G  , 48.0,  0.0,   0.0,   0.0,   0.0,      ,     ,     ,     ,     ,     ,    ,      ,    7.0,   0.0,   0.0,     0.0,     0.0,        ,        ,        ,        ,        ,        ,      
hainsge01, 1935,     1, TOR , NHL , G  , 48.0,  0.0,   0.0,   0.0,   0.0,      ,     ,     ,     ,     ,     ,    ,      ,    9.0,   0.0,   0.0,     0.0,     0.0,        ,        ,        ,        ,        ,        ,      
hainsge01, 1936,     1, TOR , NHL , G  ,  3.0,  0.0,   0.0,   0.0,   0.0,      ,     ,     ,     ,     ,     ,    ,      ,       ,      ,      ,        ,        ,        ,        ,        ,        ,        ,        ,      
hainsge01, 1936,     2, MTL , NHL , G  ,  4.0,  0.0,   0.0,   0.0,   0.0,      ,     ,     ,     ,     ,     ,    ,      ,       ,      ,      ,        ,        ,        ,        ,        ,        ,        ,        ,      
hainsro01, 2002,     1, MTL , NHL , D  , 21.0,  0.0,   0.0,   0.0,   2.0, -1.0 ,  0.0,  0.0,  0.0,  0.0,  0.0, 0.0,  12.0,       ,      ,      ,        ,        ,        ,        ,        ,        ,        ,        ,      
hainsro01, 2003,     1, MTL , NHL , D  , 11.0,  1.0,   1.0,   2.0,   4.0, 3.0  ,  0.0,  0.0,  0.0,  0.0,  0.0, 0.0,  11.0,       ,      ,      ,        ,        ,        ,        ,        ,        ,        ,        ,      
hainsro01, 2005,     1, CBS , NHL , D  , 55.0,  2.0,  15.0,  17.0,  43.0, 13.0 ,  1.0,  4.0,  0.0,  0.0,  0.0,    ,  81.0,       ,      ,      ,        ,        ,        ,        ,        ,        ,        ,        ,      
hainsro01, 2006,     1, CBS , NHL , D  , 80.0,  9.0,  25.0,  34.0,  69.0, -19.0,  7.0, 16.0,  0.0,  0.0,  0.0,    , 136.0,       ,      ,      ,        ,        ,        ,        ,        ,        ,        ,        ,      
hainsro01, 2007,     1, CBS , NHL , D  , 78.0,  8.0,  24.0,  32.0,  25.0, -7.0 ,  8.0, 15.0,  0.0,  1.0,  0.0,    , 161.0,       ,      ,      ,        ,        ,        ,        ,        ,        ,        ,        ,      
hainsro01, 2008,     1, ATL , NHL , D  , 81.0,  6.0,  33.0,  39.0,  32.0, -16.0,  4.0, 14.0,  0.0,  0.0,  0.0,    , 148.0,       ,      ,      ,        ,        ,        ,        ,        ,        ,        ,        ,      
hainsro01, 2009,     1, ATL , NHL , D  , 80.0,  5.0,  21.0,  26.0,  39.0, -6.0 ,  0.0,  5.0,  0.0,  2.0,  0.0,    , 121.0,       ,      ,      ,        ,        ,        ,        ,        ,        ,        ,        ,      
hajduri01, 1985,     1, BUF , NHL , R  ,  3.0,  0.0,   0.0,   0.0,   4.0, 1.0  ,  0.0,     ,  0.0,     ,  0.0, 0.0,   2.0,       ,      ,      ,        ,        ,        ,        ,        ,        ,        ,        ,      
hajduri01, 1986,     1, BUF , NHL , L  ,  2.0,  0.0,   0.0,   0.0,   0.0, 1.0  ,  0.0,     ,  0.0,     ,  0.0, 0.0,   1.0,       ,      ,      ,        ,        ,        ,        ,        ,        ,        ,        ,      
hajdust01, 1978,     1, CZE , WHA ,    ,  4.0,  0.0,   0.0,   0.0,  16.0,      ,     ,     ,     ,     ,     ,    ,      ,       ,      ,      ,        ,        ,        ,        ,        ,        ,        ,        ,      
hajtbi01 , 1973,     1, BUF , NHL , D  ,  6.0,  0.0,   2.0,   2.0,   0.0, -1.0 ,  0.0,     ,  0.0,     ,  0.0, 0.0,   4.0,       ,      ,      ,        ,        ,        ,        ,        ,        ,        ,        ,      
hajtbi01 , 1974,     1, BUF , NHL , D  , 76.0,  3.0,  26.0,  29.0,  68.0, 47.0 ,  1.0,     ,  0.0,     ,  0.0, 0.0, 107.0,   17.0,   1.0,   4.0,     5.0,    18.0,        ,     0.0,        ,     0.0,        ,     0.0,      
hajtbi01 , 1975,     1, BUF , NHL , D  , 80.0,  6.0,  21.0,  27.0,  48.0, 39.0 ,  0.0,     ,  0.0,     ,  0.0, 0.0, 117.0,    9.0,   0.0,   1.0,     1.0,    15.0,        ,     0.0,        ,     0.0,        ,     0.0,      
hajtbi01 , 1976,     1, BUF , NHL , D  , 79.0,  6.0,  20.0,  26.0,  56.0, 39.0 ,  0.0,     ,  0.0,     ,  1.0, 0.0, 106.0,    6.0,   0.0,   1.0,     1.0,     4.0,        ,     0.0,        ,     0.0,        ,     0.0,      
hajtbi01 , 1977,     1, BUF , NHL , D  , 76.0,  4.0,  18.0,  22.0,  30.0, 36.0 ,  0.0,     ,  0.0,     ,  0.0, 1.0,  78.0,    8.0,   0.0,   0.0,     0.0,     2.0,        ,     0.0,        ,     0.0,        ,     0.0,      
hajtbi01 , 1978,     1, BUF , NHL , D  , 40.0,  3.0,   8.0,  11.0,  20.0, -4.0 ,  0.0,     ,  1.0,     ,  1.0, 0.0,  53.0,       ,      ,      ,        ,        ,        ,        ,        ,        ,        ,        ,      
hajtbi01 , 1979,     1, BUF , NHL , D  , 75.0,  4.0,  12.0,  16.0,  24.0, 36.0 ,  0.0,     ,  1.0,     ,  0.0, 0.0,  63.0,   14.0,   0.0,   5.0,     5.0,     4.0,        ,     0.0,        ,     0.0,        ,     0.0,      
hajtbi01 , 1980,     1, BUF , NHL , D  , 68.0,  2.0,  19.0,  21.0,  42.0, 38.0 ,  0.0,     ,  0.0,     ,  0.0, 0.0,  58.0,    8.0,   0.0,   2.0,     2.0,    17.0,        ,     0.0,        ,     0.0,        ,     0.0,      
hajtbi01 , 1981,     1, BUF , NHL , D  , 65.0,  2.0,   9.0,  11.0,  44.0, 11.0 ,  0.0,     ,  0.0,     ,  0.0, 0.0,  58.0,    2.0,   0.0,   0.0,     0.0,     0.0,        ,     0.0,        ,     0.0,        ,     0.0,      
hajtbi01 , 1982,     1, BUF , NHL , D  , 72.0,  3.0,  12.0,  15.0,  26.0, 6.0  ,  0.0,     ,  0.0,     ,  1.0, 0.0,  52.0,   10.0,   0.0,   0.0,     0.0,     4.0,        ,     0.0,        ,     0.0,        ,     0.0,      
hajtbi01 , 1983,     1, BUF , NHL , D  , 79.0,  3.0,  24.0,  27.0,  32.0, 25.0 ,  0.0,     ,  1.0,     ,  0.0, 0.0,  53.0,    3.0,   0.0,   0.0,     0.0,     0.0, -1.0   ,     0.0,        ,     0.0,        ,     0.0,     3.0
hajtbi01 , 1984,     1, BUF , NHL , D  , 57.0,  5.0,  13.0,  18.0,  14.0, 32.0 ,  1.0,     ,  1.0,     ,  0.0, 1.0,  53.0,    3.0,   1.0,   3.0,     4.0,     6.0, 1.0    ,     0.0,        ,     0.0,        ,     0.0,     5.0
hajtbi01 , 1985,     1, BUF , NHL , D  , 58.0,  1.0,  16.0,  17.0,  25.0, 17.0 ,  0.0,     ,  0.0,     ,  0.0, 0.0,  42.0,       ,      ,      ,        ,        ,        ,        ,        ,        ,        ,        ,      
hajtbi01 , 1986,     1, BUF , NHL , D  , 23.0,  0.0,   2.0,   2.0,   4.0, 0.0  ,  0.0,     ,  0.0,     ,  0.0, 0.0,  11.0,       ,      ,      ,        ,        ,        ,        ,        ,        ,        ,        ,      
hajtch01 , 2000,     1, EDM , NHL , D  ,  1.0,  0.0,   0.0,   0.0,   0.0, -1.0 ,  0.0,  0.0,  0.0,  0.0,  0.0, 0.0,   0.0,       ,      ,      ,        ,        ,        ,        ,        ,        ,        ,        ,      
hajtch01 , 2003,     1, WAS , NHL , D  ,  5.0,  0.0,   0.0,   0.0,   2.0, 0.0  ,  0.0,  0.0,  0.0,  0.0,  0.0, 0.0,   1.0,       ,      ,      ,        ,        ,        ,        ,        ,        ,        ,        ,      
hakanan01, 1981,     1, MNS , NHL , L  , 72.0, 12.0,   4.0,  16.0,  29.0, -12.0,  0.0,     ,  4.0,     ,  1.0, 0.0,  76.0,    3.0,   0.0,   0.0,     0.0,     2.0,        ,     0.0,        ,     0.0,        ,     0.0,      
hakanan01, 1982,     1, MNS , NHL , L  ,  5.0,  0.0,   0.0,   0.0,   9.0, 1.0  ,  0.0,     ,  0.0,     ,  0.0, 0.0,   3.0,       ,      ,      ,        ,        ,        ,        ,        ,        ,        ,        ,      
hakanan01, 1982,     2, PIT , NHL , L  , 62.0,  9.0,  12.0,  21.0,  26.0, -11.0,  0.0,     ,  0.0,     ,  1.0, 0.0,  67.0,       ,      ,      ,        ,        ,        ,        ,        ,        ,        ,        ,      
hakanan01, 1983,     1, LAK , NHL , L  , 80.0, 15.0,  17.0,  32.0,  41.0, -7.0 ,  0.0,     ,  1.0,     ,  3.0, 0.0, 117.0,       ,      ,      ,        ,        ,        ,        ,        ,        ,        ,        ,      
hakanan01, 1984,     1, LAK , NHL , R  , 73.0, 12.0,  12.0,  24.0,  28.0, -4.0 ,  1.0,     ,  1.0,     ,  1.0, 0.0,  75.0,    3.0,   0.0,   0.0,     0.0,     0.0, 0.0    ,     0.0,        ,     0.0,        ,     0.0,     1.0
hakanan01, 1985,     1, LAK , NHL , R  , 38.0,  4.0,   1.0,   5.0,   8.0, -8.0 ,  0.0,     ,  0.0,     ,  2.0, 0.0,  27.0,       ,      ,      ,        ,        ,        ,        ,        ,        ,        ,        ,      
halakja01, 2006,     1, MTL , NHL , G  , 16.0,  0.0,   1.0,   1.0,   2.0, 0.0  ,  0.0,  1.0,  0.0,  0.0,  0.0,    ,   0.0,       ,      ,      ,        ,        ,        ,        ,        ,        ,        ,        ,      
halakja01, 2007,     1, MTL , NHL , G  ,  6.0,  0.0,   0.0,   0.0,   0.0, 0.0  ,  0.0,  0.0,  0.0,  0.0,  0.0,    ,   0.0,    2.0,   0.0,   0.0,     0.0,     0.0, 0.0    ,     0.0,     0.0,     0.0,     0.0,     0.0,     0.0
halakja01, 2008,     1, MTL , NHL , G  , 34.0,  0.0,   0.0,   0.0,   0.0, 0.0  ,  0.0,  0.0,  0.0,  0.0,  0.0,    ,   0.0,    1.0,   0.0,   0.0,     0.0,     0.0, 0.0    ,     0.0,     0.0,     0.0,     0.0,     0.0,     0.0
halakja01, 2009,     1, MTL , NHL , G  , 45.0,  0.0,   0.0,   0.0,   0.0, 0.0  ,  0.0,  0.0,  0.0,  0.0,  0.0,    ,   0.0,   18.0,   0.0,   0.0,     0.0,     0.0, 0.0    ,     0.0,     0.0,     0.0,     0.0,     0.0,     0.0
haldeha01, 1921,     1, VA2 , PCHA, D/R, 24.0,  7.0,   3.0,  10.0,  13.0,      ,     ,     ,     ,     ,     ,    ,      ,       ,      ,      ,        ,        ,        ,        ,        ,        ,        ,        ,      
haldeha01, 1922,     1, VC1 , PCHA, D  , 29.0, 10.0,   4.0,  14.0,  22.0,      ,     ,     ,     ,     ,     ,    ,      ,    2.0,   0.0,   0.0,     0.0,     2.0,        ,        ,        ,        ,        ,        ,      
haldeha01, 1923,     1, VC1 , PCHA, D  , 30.0,  6.0,   2.0,   8.0,  36.0,      ,     ,     ,     ,     ,     ,    ,      ,       ,      ,      ,        ,        ,        ,        ,        ,        ,        ,        ,      
haldeha01, 1924,     1, VIC , WCHL, R  , 28.0,  3.0,   6.0,   9.0,  71.0,      ,     ,     ,     ,     ,     ,    ,      ,    4.0,   1.0,   0.0,     1.0,    12.0,        ,        ,        ,        ,        ,        ,      
haldeha01, 1925,     1, VIC , WCHL, D  , 23.0,  3.0,   1.0,   4.0,  51.0,      ,     ,     ,     ,     ,     ,    ,      ,    4.0,   1.0,   0.0,     1.0,    10.0,        ,        ,        ,        ,        ,        ,      
haldeha01, 1926,     1, DTC , NHL , D  , 19.0,  2.0,   0.0,   2.0,  29.0,      ,     ,     ,     ,     ,     ,    ,      ,       ,      ,      ,        ,        ,        ,        ,        ,        ,        ,        ,      
haldeha01, 1926,     2, TRS , NHL , D  , 25.0,  1.0,   2.0,   3.0,  36.0,      ,     ,     ,     ,     ,     ,    ,      ,       ,      ,      ,        ,        ,        ,        ,        ,        ,        ,        ,      
haleda01 , 2003,     1, NJD , NHL , D  , 65.0,  0.0,   4.0,   4.0,  72.0, 12.0 ,  0.0,  0.0,  0.0,  0.0,  0.0, 0.0,  45.0,    1.0,   0.0,   0.0,     0.0,     0.0, 1.0    ,     0.0,     0.0,     0.0,     0.0,     0.0,     0.0
haleda01 , 2005,     1, NJD , NHL , D  , 38.0,  0.0,   4.0,   4.0,  21.0, 5.0  ,  0.0,  0.0,  0.0,  0.0,  0.0,    ,  19.0,    8.0,   0.0,   2.0,     2.0,    12.0, -1.0   ,     0.0,     0.0,     0.0,     0.0,     0.0,     3.0
haleda01 , 2006,     1, NJD , NHL , D  , 43.0,  0.0,   1.0,   1.0,  26.0, 2.0  ,  0.0,  0.0,  0.0,  0.0,  0.0,    ,  21.0,       ,      ,      ,        ,        ,        ,        ,        ,        ,        ,        ,      
haleda01 , 2006,     2, CAL , NHL , D  , 11.0,  0.0,   0.0,   0.0,  10.0, -2.0 ,  0.0,  0.0,  0.0,  0.0,  0.0,    ,  12.0,    2.0,   0.0,   0.0,     0.0,     6.0, -1.0   ,     0.0,     0.0,     0.0,     0.0,     0.0,     0.0
haleda01 , 2007,     1, CAL , NHL , D  , 58.0,  0.0,   2.0,   2.0,  46.0, 0.0  ,  0.0,  0.0,  0.0,  0.0,  0.0,    ,  35.0,    6.0,   0.0,   0.0,     0.0,     2.0, -1.0   ,     0.0,     0.0,     0.0,     0.0,     0.0,     5.0
haleda01 , 2008,     1, PHO , NHL , D  , 48.0,  3.0,   6.0,   9.0,  36.0, -11.0,  0.0,  0.0,  0.0,  0.0,  0.0,    ,  22.0,       ,      ,      ,        ,        ,        ,        ,        ,        ,        ,        ,      
haleda01 , 2009,     1, TBL , NHL , D  , 39.0,  0.0,   4.0,   4.0,  25.0, -2.0 ,  0.0,  0.0,  0.0,  0.0,  0.0,    ,  25.0,       ,      ,      ,        ,        ,        ,        ,        ,        ,        ,        ,      
halela01 , 1968,     1, PHI , NHL , D  , 67.0,  3.0,  16.0,  19.0,  28.0, -24.0,  0.0,     ,  0.0,     ,  0.0, 0.0,  62.0,    4.0,   0.0,   0.0,     0.0,    10.0,        ,     0.0,        ,     0.0,        ,     0.0,      
halela01 , 1969,     1, PHI , NHL , D  , 53.0,  1.0,   9.0,  10.0,  28.0, -4.0 ,  0.0,     ,  0.0,     ,  0.0, 0.0,  34.0,       ,      ,      ,        ,        ,        ,        ,        ,        ,        ,        ,      
halela01 , 1970,     1, PHI , NHL , D  , 70.0,  1.0,  11.0,  12.0,  34.0, -18.0,  0.0,     ,  0.0,     ,  1.0, 0.0,  51.0,    4.0,   0.0,   0.0,     0.0,     2.0,        ,     0.0,        ,     0.0,        ,     0.0,      
halela01 , 1971,     1, PHI , NHL , D  ,  6.0,  0.0,   1.0,   1.0,   0.0, -5.0 ,  0.0,     ,  0.0,     ,  0.0, 0.0,   2.0,       ,      ,      ,        ,        ,        ,        ,        ,        ,        ,        ,      
halela01 , 1972,     1, HOU , WHA , D  , 68.0,  4.0,  26.0,  30.0,  65.0,      ,  0.0,     ,  0.0,     ,     ,    ,      ,   10.0,   1.0,   2.0,     3.0,     2.0,        ,     0.0,        ,     0.0,        ,     0.0,      
halela01 , 1973,     1, HOU , WHA , D  , 69.0,  2.0,  14.0,  16.0,  39.0,      ,  0.0,     ,  0.0,     ,  0.0,    ,      ,   14.0,   3.0,   2.0,     5.0,     6.0,        ,        ,        ,        ,        ,     1.0,      
halela01 , 1974,     1, HOU , WHA , D  , 76.0,  2.0,  18.0,  20.0,  40.0, 35.0 ,  0.0,     ,  0.0,     ,     ,    ,  51.0,   13.0,   0.0,   4.0,     4.0,     0.0,        ,     0.0,        ,     0.0,        ,     0.0,      
halela01 , 1975,     1, HOU , WHA , D  , 77.0,  2.0,  12.0,  14.0,  30.0, 7.0  ,  0.0,     ,  0.0,     ,  1.0,    ,  49.0,   17.0,   0.0,   5.0,     5.0,     8.0, -1.0   ,        ,        ,        ,        ,        ,      
halela01 , 1976,     1, HOU , WHA , D  , 67.0,  0.0,  14.0,  14.0,  18.0, 9.0  ,  0.0,     ,  0.0,     ,  0.0,    ,  45.0,   11.0,   0.0,   2.0,     2.0,     6.0, 5.0    ,     0.0,        ,     0.0,        ,     0.0,      
halela01 , 1977,     1, HOU , WHA , D  , 56.0,  2.0,  11.0,  13.0,  22.0, 4.0  ,  0.0,     ,  0.0,     ,     ,    ,  16.0,       ,      ,      ,        ,        ,        ,        ,        ,        ,        ,        ,      
haleyle01, 1959,     1, DET , NHL , R  , 27.0,  1.0,   2.0,   3.0,  12.0,      ,     ,     ,     ,     ,     ,    ,      ,    6.0,   1.0,   3.0,     4.0,     6.0,        ,        ,        ,        ,        ,        ,      
haleyle01, 1960,     1, DET , NHL , R  ,  3.0,  1.0,   0.0,   1.0,   2.0,      ,     ,     ,     ,     ,     ,    ,      ,       ,      ,      ,        ,        ,        ,        ,        ,        ,        ,        ,      
haleymi01, 2009,     1, NYI , NHL , C  ,  2.0,  0.0,   0.0,   0.0,   9.0, -2.0 ,  0.0,  0.0,  0.0,  0.0,  0.0,    ,   0.0,       ,      ,      ,        ,        ,        ,        ,        ,        ,        ,        ,      
halisma01, 2008,     1, NJD , NHL , R  ,  1.0,  0.0,   1.0,   1.0,   0.0, -1.0 ,  0.0,  0.0,  0.0,  0.0,  0.0,    ,   0.0,       ,      ,      ,        ,        ,        ,        ,        ,        ,        ,        ,      
halisma01, 2009,     1, NJD , NHL , R  , 20.0,  1.0,   1.0,   2.0,   2.0, -4.0 ,  0.0,  0.0,  0.0,  0.0,  0.0,    ,  22.0,       ,      ,      ,        ,        ,        ,        ,        ,        ,        ,        ,      
halkibo01, 1984,     1, BUF , NHL , D  ,     ,     ,      ,      ,      ,      ,     ,     ,     ,     ,     ,    ,      ,    4.0,   0.0,   0.0,     0.0,    19.0, 0.0    ,     0.0,        ,     0.0,        ,     0.0,     1.0
halkibo01, 1985,     1, BUF , NHL , D  , 37.0,  1.0,   9.0,  10.0, 115.0, -3.0 ,  0.0,     ,  0.0,     ,  0.0, 1.0,  19.0,       ,      ,      ,        ,        ,        ,        ,        ,        ,        ,        ,      
halkibo01, 1986,     1, BUF , NHL , D  ,  6.0,  1.0,   1.0,   2.0,  19.0, 3.0  ,  0.0,     ,  0.0,     ,  0.0, 0.0,   4.0,       ,      ,      ,        ,        ,        ,        ,        ,        ,        ,        ,      
halkibo01, 1987,     1, BUF , NHL , D  , 30.0,  0.0,   3.0,   3.0, 115.0, 6.0  ,  0.0,  0.0,  0.0,  0.0,  0.0, 0.0,  26.0,    4.0,   0.0,   0.0,     0.0,    22.0, 0.0    ,     0.0,     0.0,     0.0,     0.0,     0.0,     0.0
halkibo01, 1988,     1, BUF , NHL , D  , 16.0,  0.0,   1.0,   1.0,  66.0, -1.0 ,  0.0,  0.0,  0.0,  0.0,  0.0, 0.0,   9.0,       ,      ,      ,        ,        ,        ,        ,        ,        ,        ,        ,      
halkibo01, 1989,     1, LAK , NHL , D  , 20.0,  0.0,   4.0,   4.0,  56.0, 4.0  ,  0.0,  0.0,  0.0,  0.0,  0.0, 0.0,  19.0,    8.0,   0.0,   1.0,     1.0,     8.0, -7.0   ,     0.0,     0.0,     0.0,     0.0,     0.0,    10.0
halkibo01, 1990,     1, LAK , NHL , D  , 34.0,  1.0,   3.0,   4.0, 133.0, 8.0  ,  0.0,  0.0,  0.0,  0.0,  0.0, 0.0,  25.0,    3.0,   0.0,   0.0,     0.0,     0.0, -2.0   ,     0.0,     0.0,     0.0,     0.0,     0.0,     2.0
halkibo01, 1991,     1, TOR , NHL , D  , 46.0,  3.0,   3.0,   6.0, 145.0, -9.0 ,  0.0,  0.0,  0.0,  0.0,  0.0, 0.0,  36.0,       ,      ,      ,        ,        ,        ,        ,        ,        ,        ,        ,      
halkibo01, 1993,     1, DET , NHL , D  , 28.0,  1.0,   4.0,   5.0,  93.0, -1.0 ,  0.0,  0.0,  0.0,  0.0,  0.0, 0.0,  35.0,    1.0,   0.0,   0.0,     0.0,     2.0, -1.0   ,     0.0,     0.0,     0.0,     0.0,     0.0,     0.0
halkibo01, 1994,     1, DET , NHL , D  ,  4.0,  0.0,   1.0,   1.0,   6.0, 2.0  ,  0.0,  0.0,  0.0,  0.0,  0.0, 0.0,   0.0,       ,      ,      ,        ,        ,        ,        ,        ,        ,        ,        ,      
halkibo01, 1994,     2, TBL , NHL , D  , 27.0,  1.0,   3.0,   4.0,  40.0, -12.0,  0.0,  0.0,  0.0,  0.0,  0.0, 0.0,  25.0,       ,      ,      ,        ,        ,        ,        ,        ,        ,        ,        ,      
halkibo01, 1995,     1, TBL , NHL , D  ,  3.0,  0.0,   0.0,   0.0,   7.0, -1.0 ,  0.0,  0.0,  0.0,  0.0,  0.0, 0.0,   0.0,       ,      ,      ,        ,        ,        ,        ,        ,        ,        ,        ,      
halkibo01, 1995,     2, NYI , NHL , D  ,  5.0,  0.0,   0.0,   0.0,  30.0, -3.0 ,  0.0,  0.0,  0.0,  0.0,  0.0, 0.0,   2.0,       ,      ,      ,        ,        ,        ,        ,        ,        ,        ,        ,      
halkost01, 1997,     1, CAR , NHL , D  , 18.0,  0.0,   2.0,   2.0,  10.0, -1.0 ,  0.0,  0.0,  0.0,  0.0,  0.0, 0.0,   7.0,       ,      ,      ,        ,        ,        ,        ,        ,        ,        ,        ,      
halkost01, 1998,     1, CAR , NHL , D  , 20.0,  0.0,   3.0,   3.0,  24.0, 5.0  ,  0.0,  0.0,  0.0,  0.0,  0.0, 0.0,   6.0,    4.0,   0.0,   0.0,     0.0,     2.0, -2.0   ,     0.0,     0.0,     0.0,     0.0,     0.0,     2.0
halkost01, 1999,     1, CAR , NHL , D  , 58.0,  0.0,   8.0,   8.0,  25.0, 0.0  ,  0.0,  0.0,  0.0,  0.0,  0.0, 0.0,  54.0,       ,      ,      ,        ,        ,        ,        ,        ,        ,        ,        ,      
halkost01, 2000,     1, CAR , NHL , D  , 48.0,  0.0,   1.0,   1.0,   6.0, -10.0,  0.0,  0.0,  0.0,  0.0,  0.0, 0.0,  24.0,       ,      ,      ,        ,        ,        ,        ,        ,        ,        ,        ,      
halkost01, 2001,     1, CAR , NHL , D  ,  5.0,  0.0,   1.0,   1.0,   6.0, 3.0  ,  0.0,  0.0,  0.0,  0.0,  0.0, 0.0,   0.0,       ,      ,      ,        ,        ,        ,        ,        ,        ,        ,        ,      
halkost01, 2002,     1, CAR , NHL , D  ,  6.0,  0.0,   0.0,   0.0,   0.0, 1.0  ,  0.0,  0.0,  0.0,  0.0,  0.0, 0.0,   5.0,       ,      ,      ,        ,        ,        ,        ,        ,        ,        ,        ,      
hallad01 , 2001,     1, NAS , NHL , R  ,  1.0,  0.0,   1.0,   1.0,   0.0, 0.0  ,  0.0,  0.0,  0.0,  0.0,  0.0, 0.0,   2.0,       ,      ,      ,        ,        ,        ,        ,        ,        ,        ,        ,      
hallad01 , 2002,     1, NAS , NHL , R  , 79.0, 16.0,  12.0,  28.0,  31.0, -8.0 ,  8.0,  4.0,  0.0,  0.0,  2.0, 0.0, 146.0,       ,      ,      ,        ,        ,        ,        ,        ,        ,        ,        ,      
hallad01 , 2003,     1, NAS , NHL , R  , 79.0, 13.0,  14.0,  27.0,  37.0, -8.0 ,  6.0,  2.0,  0.0,  2.0,  1.0, 1.0, 151.0,    6.0,   2.0,   1.0,     3.0,     2.0, 3.0    ,     0.0,     0.0,     0.0,     0.0,     1.0,    13.0
hallad01 , 2005,     1, NAS , NHL , R  , 75.0, 14.0,  15.0,  29.0,  40.0, 0.0  , 10.0,  6.0,  0.0,  2.0,  5.0,    , 122.0,    5.0,   1.0,   0.0,     1.0,     0.0, -3.0   ,     1.0,     0.0,     0.0,     0.0,     1.0,     7.0
hallad01 , 2006,     1, NYR , NHL , R  , 49.0,  4.0,   8.0,  12.0,  18.0, -13.0,  3.0,  3.0,  0.0,  1.0,  0.0,    ,  61.0,       ,      ,      ,        ,        ,        ,        ,        ,        ,        ,        ,      
hallad01 , 2006,     2, MIN , NHL , R  , 23.0,  2.0,   3.0,   5.0,   8.0, 2.0  ,  0.0,  0.0,  0.0,  0.0,  0.0,    ,  42.0,    3.0,   0.0,   0.0,     0.0,     7.0, 0.0    ,     0.0,     0.0,     0.0,     0.0,     0.0,     2.0
hallad01 , 2007,     1, PIT , NHL , R  , 46.0,  2.0,   4.0,   6.0,  24.0, -2.0 ,  0.0,  1.0,  0.0,  0.0,  0.0,    ,  39.0,   17.0,   3.0,   1.0,     4.0,     8.0, -1.0   ,     0.0,     0.0,     0.0,     0.0,     1.0,    14.0
hallad01 , 2008,     1, TBL , NHL , R  , 74.0,  5.0,   5.0,  10.0,  29.0, -9.0 ,  1.0,  1.0,  0.0,  0.0,  0.0,    ,  90.0,       ,      ,      ,        ,        ,        ,        ,        ,        ,        ,        ,      
hallbo01 , 1925,     1, NYA , NHL , C  ,  8.0,  0.0,   0.0,   0.0,   0.0,      ,     ,     ,     ,     ,     ,    ,      ,       ,      ,      ,        ,        ,        ,        ,        ,        ,        ,        ,      
hallde01 , 1971,     1, CLF , NHL , C  ,  1.0,  0.0,   0.0,   0.0,   0.0, -1.0 ,  0.0,     ,  0.0,     ,  0.0, 0.0,   1.0,       ,      ,      ,        ,        ,        ,        ,        ,        ,        ,        ,      
hallde01 , 1972,     1, CLF , NHL , C  ,  6.0,  0.0,   0.0,   0.0,   0.0, 0.0  ,  0.0,     ,  0.0,     ,  0.0, 0.0,   2.0,       ,      ,      ,        ,        ,        ,        ,        ,        ,        ,        ,      
hallde01 , 1973,     1, CLF , NHL , C  ,  2.0,  2.0,   0.0,   2.0,   2.0, 1.0  ,  0.0,     ,  0.0,     ,  0.0, 0.0,   4.0,       ,      ,      ,        ,        ,        ,        ,        ,        ,        ,        ,      
hallde01 , 1975,     1, PHR , WHA , L  , 80.0, 47.0,  44.0,  91.0,  10.0, 21.0 , 12.0,     ,  0.0,     ,  7.0,    , 249.0,    5.0,   2.0,   3.0,     5.0,     0.0, -5.0   ,        ,        ,        ,        ,        ,      
hallde01 , 1976,     1, PHR , WHA , L  , 80.0, 38.0,  41.0,  79.0,  30.0, 6.0  ,  9.0,     ,  1.0,     ,     ,    , 259.0,       ,      ,      ,        ,        ,        ,        ,        ,        ,        ,        ,      
hallde01 , 1977,     1, CIN , WHA , C  , 25.0,  4.0,   3.0,   7.0,   4.0, -3.0 ,  0.0,     ,  0.0,     ,     ,    ,  35.0,       ,      ,      ,        ,        ,        ,        ,        ,        ,        ,        ,      
hallde01 , 1977,     2, EDO , WHA , C  ,  1.0,  0.0,   0.0,   0.0,   0.0, 0.0  ,  0.0,     ,  0.0,     ,     ,    ,   1.0,       ,      ,      ,        ,        ,        ,        ,        ,        ,        ,        ,      
halleke01, 1989,     1, BUF , NHL , D  ,  2.0,  0.0,   0.0,   0.0,   0.0, 0.0  ,  0.0,  0.0,  0.0,  0.0,  0.0, 0.0,   1.0,       ,      ,      ,        ,        ,        ,        ,        ,        ,        ,        ,      
halleke01, 1990,     1, BUF , NHL , D  , 21.0,  1.0,   8.0,   9.0,  20.0, 9.0  ,  1.0,  3.0,  0.0,  0.0,  0.0, 0.0,  42.0,    6.0,   1.0,   4.0,     5.0,    10.0, -1.0   ,     0.0,     2.0,     0.0,     1.0,     0.0,    13.0
halleke01, 1991,     1, BUF , NHL , D  , 58.0,  6.0,  15.0,  21.0,  75.0, -13.0,  2.0,  7.0,  0.0,  0.0,  1.0, 0.0,  76.0,       ,      ,      ,        ,        ,        ,        ,        ,        ,        ,        ,      
halleke01, 1991,     2, MTL , NHL , D  ,  8.0,  2.0,   2.0,   4.0,  17.0, 4.0  ,  1.0,  0.0,  0.0,  0.0,  0.0, 0.0,   9.0,    9.0,   0.0,   0.0,     0.0,     6.0, -3.0   ,     0.0,     0.0,     0.0,     0.0,     0.0,    12.0
halleke01, 1992,     1, MTL , NHL , D  , 73.0, 11.0,  14.0,  25.0, 117.0, 7.0  ,  6.0,  8.0,  0.0,  0.0,  1.0, 0.0, 126.0,   17.0,   1.0,   6.0,     7.0,    16.0, -1.0   ,     1.0,     5.0,     0.0,     0.0,     0.0,    24.0
halleke01, 1993,     1, MTL , NHL , D  , 68.0,  4.0,   9.0,  13.0, 118.0, 3.0  ,  0.0,  4.0,  0.0,  1.0,  1.0, 0.0,  72.0,    7.0,   1.0,   1.0,     2.0,    19.0, -3.0   ,     0.0,     1.0,     0.0,     0.0,     0.0,     8.0
halleke01, 1994,     1, PHI , NHL , D  , 36.0,  2.0,   8.0,  10.0,  48.0, 16.0 ,  0.0,  1.0,  0.0,  0.0,  0.0, 0.0,  26.0,   15.0,   4.0,   4.0,     8.0,    10.0, 10.0   ,     0.0,     0.0,     1.0,     0.0,     1.0,    14.0
halleke01, 1995,     1, PHI , NHL , D  , 69.0,  5.0,   9.0,  14.0,  92.0, 18.0 ,  0.0,  2.0,  2.0,  0.0,  2.0, 0.0,  89.0,    6.0,   0.0,   1.0,     1.0,     8.0, 0.0    ,     0.0,     0.0,     0.0,     0.0,     0.0,     6.0
halleke01, 1996,     1, PHI , NHL , D  , 27.0,  0.0,   5.0,   5.0,  37.0, -1.0 ,  0.0,  0.0,  0.0,  0.0,  0.0, 0.0,  34.0,       ,      ,      ,        ,        ,        ,        ,        ,        ,        ,        ,      
halleke01, 1996,     2, HAR , NHL , D  , 35.0,  2.0,   6.0,   8.0,  48.0, -11.0,  0.0,  2.0,  0.0,  0.0,  0.0, 0.0,  43.0,       ,      ,      ,        ,        ,        ,        ,        ,        ,        ,        ,      
halleke01, 1997,     1, CAR , NHL , D  , 65.0,  3.0,   5.0,   8.0,  94.0, -5.0 ,  0.0,  1.0,  0.0,  0.0,  0.0, 0.0,  67.0,       ,      ,      ,        ,        ,        ,        ,        ,        ,        ,        ,      
halleke01, 1998,     1, ANA , NHL , D  , 82.0,  1.0,   6.0,   7.0, 122.0, -1.0 ,  0.0,  0.0,  0.0,  1.0,  0.0, 0.0,  64.0,    4.0,   0.0,   0.0,     0.0,     2.0, -1.0   ,     0.0,     0.0,     0.0,     0.0,     0.0,     7.0
halleke01, 1999,     1, ANA , NHL , D  , 67.0,  3.0,   5.0,   8.0,  61.0, -8.0 ,  0.0,  0.0,  0.0,  0.0,  2.0, 0.0,  50.0,       ,      ,      ,        ,        ,        ,        ,        ,        ,        ,        ,      
halleke01, 2000,     1, NYI , NHL , D  , 30.0,  1.0,   5.0,   6.0,  56.0, 5.0  ,  0.0,  1.0,  0.0,  0.0,  0.0, 0.0,  19.0,       ,      ,      ,        ,        ,        ,        ,        ,        ,        ,        ,      
halleke01, 2001,     1, NYI , NHL , D  ,  1.0,  0.0,   0.0,   0.0,   2.0, -1.0 ,  0.0,  0.0,  0.0,  0.0,  0.0, 0.0,   2.0,       ,      ,      ,        ,        ,        ,        ,        ,        ,        ,        ,      
hallgl01 , 1952,     1, DET , NHL , G  ,  6.0,  0.0,   0.0,   0.0,   0.0,      ,     ,     ,     ,     ,     ,    ,      ,       ,      ,      ,        ,        ,        ,        ,        ,        ,        ,        ,      
hallgl01 , 1954,     1, DET , NHL , G  ,  2.0,  0.0,   0.0,   0.0,   0.0,      ,     ,     ,     ,     ,     ,    ,      ,       ,      ,      ,        ,        ,        ,        ,        ,        ,        ,        ,      
hallgl01 , 1955,     1, DET , NHL , G  , 70.0,  0.0,   0.0,   0.0,  14.0,      ,     ,     ,     ,     ,     ,    ,      ,   10.0,   0.0,   0.0,     0.0,     0.0,        ,        ,        ,        ,        ,        ,      
hallgl01 , 1956,     1, DET , NHL , G  , 70.0,  0.0,   0.0,   0.0,   2.0,      ,     ,     ,     ,     ,     ,    ,      ,    5.0,   0.0,   0.0,     0.0,    10.0,        ,        ,        ,        ,        ,        ,      
hallgl01 , 1957,     1, CHI , NHL , G  , 70.0,  0.0,   0.0,   0.0,  10.0,      ,     ,     ,     ,     ,     ,    ,      ,       ,      ,      ,        ,        ,        ,        ,        ,        ,        ,        ,      
hallgl01 , 1958,     1, CHI , NHL , G  , 70.0,  0.0,   0.0,   0.0,   0.0,      ,     ,     ,     ,     ,     ,    ,      ,    6.0,   0.0,   0.0,     0.0,     0.0,        ,        ,        ,        ,        ,        ,      
hallgl01 , 1959,     1, CHI , NHL , G  , 70.0,  0.0,   1.0,   1.0,   2.0,      ,     ,     ,     ,     ,     ,    ,      ,    4.0,   0.0,   0.0,     0.0,     0.0,        ,        ,        ,        ,        ,        ,      
hallgl01 , 1960,     1, CHI , NHL , G  , 70.0,  0.0,   1.0,   1.0,   0.0,      ,     ,     ,     ,     ,     ,    ,      ,   12.0,   0.0,   0.0,     0.0,     0.0,        ,        ,        ,        ,        ,     0.0,      
hallgl01 , 1961,     1, CHI , NHL , G  , 70.0,  0.0,   0.0,   0.0,  12.0,      ,     ,     ,     ,     ,     ,    ,      ,   12.0,   0.0,   0.0,     0.0,     0.0,        ,        ,        ,        ,        ,     0.0,      
hallgl01 , 1962,     1, CHI , NHL , G  , 66.0,  0.0,   0.0,   0.0,   0.0,      ,     ,     ,     ,     ,     ,    ,      ,    6.0,   0.0,   0.0,     0.0,     0.0,        ,        ,        ,        ,        ,     0.0,      
hallgl01 , 1963,     1, CHI , NHL , G  , 65.0,  0.0,   2.0,   2.0,   2.0,      ,  0.0,     ,  0.0,     ,  0.0, 0.0,      ,    7.0,   0.0,   0.0,     0.0,     0.0,        ,        ,        ,        ,        ,     0.0,      
hallgl01 , 1964,     1, CHI , NHL , G  , 41.0,  0.0,   0.0,   0.0,   2.0,      ,  0.0,     ,  0.0,     ,  0.0, 0.0,      ,   13.0,   0.0,   0.0,     0.0,     0.0,        ,        ,        ,        ,        ,     0.0,      
hallgl01 , 1965,     1, CHI , NHL , G  , 64.0,  0.0,   2.0,   2.0,  14.0,      ,  0.0,     ,  0.0,     ,  0.0, 0.0,      ,    6.0,   0.0,   0.0,     0.0,     0.0,        ,        ,        ,        ,        ,     0.0,      
hallgl01 , 1966,     1, CHI , NHL , G  , 32.0,  0.0,   0.0,   0.0,  10.0,      ,  0.0,     ,  0.0,     ,  0.0, 0.0,      ,    3.0,   0.0,   0.0,     0.0,     0.0,        ,        ,        ,        ,        ,     0.0,      
hallgl01 , 1967,     1, STL , NHL , G  , 49.0,  0.0,   0.0,   0.0,   0.0, 0.0  ,  0.0,     ,  0.0,     ,  0.0, 0.0,   0.0,   18.0,   0.0,   0.0,     0.0,     0.0,        ,     0.0,        ,     0.0,        ,     0.0,      
hallgl01 , 1968,     1, STL , NHL , G  , 41.0,  0.0,   2.0,   2.0,  20.0, 0.0  ,  0.0,     ,  0.0,     ,  0.0, 0.0,   0.0,    3.0,   0.0,   0.0,     0.0,     0.0,        ,     0.0,        ,     0.0,        ,     0.0,      
hallgl01 , 1969,     1, STL , NHL , G  , 18.0,  0.0,   0.0,   0.0,   0.0, 0.0  ,  0.0,     ,  0.0,     ,  0.0, 0.0,   0.0,    7.0,   0.0,   0.0,     0.0,     0.0,        ,     0.0,        ,     0.0,        ,     0.0,      
hallgl01 , 1970,     1, STL , NHL , G  , 32.0,  0.0,   1.0,   1.0,   0.0, 0.0  ,  0.0,     ,  0.0,     ,  0.0, 0.0,   0.0,    3.0,   0.0,   0.0,     0.0,     0.0,        ,     0.0,        ,     0.0,        ,     0.0,      
hallima01, 1982,     1, NYI , NHL , L  , 30.0,  7.0,   7.0,  14.0,  26.0, 4.0  ,  0.0,     ,  0.0,     ,  0.0, 1.0,  37.0,    7.0,   1.0,   0.0,     1.0,     6.0,        ,     0.0,        ,     0.0,        ,     1.0,      
hallima01, 1983,     1, NYI , NHL , L  , 40.0,  2.0,   5.0,   7.0,  27.0, -2.0 ,  0.0,     ,  0.0,     ,  0.0, 1.0,  31.0,    6.0,   0.0,   0.0,     0.0,     7.0, 0.0    ,     0.0,        ,     0.0,        ,     0.0,     0.0
hallima01, 1984,     1, NYI , NHL , L  , 38.0,  5.0,   0.0,   5.0,  50.0, -7.0 ,  0.0,     ,  0.0,     ,  1.0, 0.0,  22.0,    1.0,   0.0,   0.0,     0.0,     0.0, 0.0    ,     0.0,        ,     0.0,        ,     0.0,     0.0
hallima01, 1985,     1, MNS , NHL , L  , 38.0,  3.0,   2.0,   5.0,  86.0, -3.0 ,  0.0,     ,  0.0,     ,  1.0, 0.0,  29.0,    1.0,   0.0,   0.0,     0.0,     0.0, 0.0    ,     0.0,        ,     0.0,        ,     0.0,     0.0
hallima01, 1986,     1, MNS , NHL , L  ,  6.0,  0.0,   0.0,   0.0,   4.0, -3.0 ,  0.0,     ,  0.0,     ,  0.0, 0.0,   5.0,       ,      ,      ,        ,        ,        ,        ,        ,        ,        ,        ,      
hallimi01, 1926,     1, OTS , NHL , F/D, 38.0,  1.0,   0.0,   1.0,   2.0,      ,     ,     ,     ,     ,     ,    ,      ,    6.0,   0.0,   0.0,     0.0,     0.0,        ,        ,        ,        ,        ,        ,      
hallimi01, 1927,     1, OTS , NHL , F/D, 13.0,  0.0,   0.0,   0.0,   2.0,      ,     ,     ,     ,     ,     ,    ,      ,       ,      ,      ,        ,        ,        ,        ,        ,        ,        ,        ,      
hallimi01, 1928,     1, OTS , NHL , F/D, 16.0,  0.0,   0.0,   0.0,   0.0,      ,     ,     ,     ,     ,     ,    ,      ,       ,      ,      ,        ,        ,        ,        ,        ,        ,        ,        ,      
halljo01 , 1909,     1, MOS , NHA ,    , 10.0,  8.0,   0.0,   8.0,  47.0,      ,     ,     ,     ,     ,     ,    ,      ,       ,      ,      ,        ,        ,        ,        ,        ,        ,        ,        ,      
halljo01 , 1910,     1, QU1 , NHA ,    , 10.0,  0.0,   0.0,   0.0,  20.0,      ,     ,     ,     ,     ,     ,    ,      ,       ,      ,      ,        ,        ,        ,        ,        ,        ,        ,        ,      
halljo01 , 1911,     1, QU1 , NHA ,    , 18.0, 15.0,   0.0,  15.0,  30.0,      ,     ,     ,     ,     ,     ,    ,      ,       ,      ,      ,        ,        ,        ,        ,        ,        ,        ,        ,      
halljo01 , 1912,     1, QU1 , NHA ,    , 17.0,  8.0,   0.0,   8.0,  78.0,      ,     ,     ,     ,     ,     ,    ,      ,       ,      ,      ,        ,        ,        ,        ,        ,        ,        ,        ,      
halljo01 , 1913,     1, QU1 , NHA ,    , 19.0, 13.0,   4.0,  17.0,  61.0,      ,     ,     ,     ,     ,     ,    ,      ,       ,      ,      ,        ,        ,        ,        ,        ,        ,        ,        ,      
halljo01 , 1914,     1, QU1 , NHA ,    , 20.0,  3.0,   2.0,   5.0,  52.0,      ,     ,     ,     ,     ,     ,    ,      ,       ,      ,      ,        ,        ,        ,        ,        ,        ,        ,        ,      
halljo01 , 1915,     1, QU1 , NHA ,    , 23.0,  1.0,   2.0,   3.0,  89.0,      ,     ,     ,     ,     ,     ,    ,      ,       ,      ,      ,        ,        ,        ,        ,        ,        ,        ,        ,      
halljo01 , 1916,     1, QU1 , NHA ,    , 19.0,  6.0,   6.0,  12.0,  74.0,      ,     ,     ,     ,     ,     ,    ,      ,       ,      ,      ,        ,        ,        ,        ,        ,        ,        ,        ,      
halljo01 , 1917,     1, MTL , NHL , D  , 21.0,  8.0,   7.0,  15.0, 100.0,      ,     ,     ,     ,     ,  1.0,    ,      ,    2.0,   0.0,   1.0,     1.0,    12.0,        ,        ,        ,        ,        ,        ,      
halljo01 , 1918,     1, MTL , NHL , D  , 17.0,  7.0,   1.0,   8.0,  89.0,      ,     ,     ,     ,     ,     ,    ,      ,    5.0,   0.0,   0.0,     0.0,    26.0,        ,        ,        ,        ,        ,        ,      
hallmu01 , 1961,     1, CHI , NHL , R  ,  2.0,  0.0,   0.0,   0.0,   0.0,      ,     ,     ,     ,     ,     ,    ,      ,       ,      ,      ,        ,        ,        ,        ,        ,        ,        ,        ,      
hallmu01 , 1962,     1, CHI , NHL , R  ,     ,     ,      ,      ,      ,      ,     ,     ,     ,     ,     ,    ,      ,    4.0,   0.0,   0.0,     0.0,     0.0,        ,        ,        ,        ,        ,     0.0,      
hallmu01 , 1963,     1, CHI , NHL , C  , 23.0,  2.0,   0.0,   2.0,   4.0,      ,  0.0,     ,  0.0,     ,  0.0, 0.0,      ,       ,      ,      ,        ,        ,        ,        ,        ,        ,        ,        ,      
hallmu01 , 1964,     1, DET , NHL , C  ,     ,     ,      ,      ,      ,      ,     ,     ,     ,     ,     ,    ,      ,    1.0,   0.0,   0.0,     0.0,     0.0,        ,        ,        ,        ,        ,     0.0,      
hallmu01 , 1965,     1, DET , NHL , C  ,  1.0,  0.0,   0.0,   0.0,   0.0,      ,  0.0,     ,  0.0,     ,  0.0, 0.0,      ,    1.0,   0.0,   0.0,     0.0,     0.0,        ,        ,        ,        ,        ,     0.0,      
hallmu01 , 1966,     1, DET , NHL , C  , 12.0,  4.0,   3.0,   7.0,   4.0,      ,  0.0,     ,  0.0,     ,  0.0, 1.0,      ,       ,      ,      ,        ,        ,        ,        ,        ,        ,        ,        ,      
hallmu01 , 1967,     1, MNS , NHL , C  , 17.0,  2.0,   1.0,   3.0,  10.0, -7.0 ,  0.0,     ,  0.0,     ,  0.0, 0.0,  18.0,       ,      ,      ,        ,        ,        ,        ,        ,        ,        ,        ,      
hallmu01 , 1970,     1, VAN , NHL , R  , 77.0, 21.0,  38.0,  59.0,  22.0, -16.0,  5.0,     ,  0.0,     ,  1.0, 0.0, 127.0,       ,      ,      ,        ,        ,        ,        ,        ,        ,        ,        ,      
hallmu01 , 1971,     1, VAN , NHL , C  , 32.0,  6.0,   6.0,  12.0,   6.0, -12.0,  1.0,     ,  0.0,     ,  0.0, 0.0,  46.0,       ,      ,      ,        ,        ,        ,        ,        ,        ,        ,        ,      
hallmu01 , 1972,     1, HOU , WHA , R  , 76.0, 28.0,  42.0,  70.0,  84.0,      ,  7.0,     ,  2.0,     ,  7.0,    ,      ,   10.0,   4.0,   4.0,     8.0,    18.0,        ,     2.0,        ,     0.0,        ,     2.0,      
hallmu01 , 1973,     1, HOU , WHA , C  , 78.0, 30.0,  28.0,  58.0,  25.0,      ,  8.0,     ,  2.0,     ,  5.0,    ,      ,   14.0,   9.0,   6.0,    15.0,     6.0,        ,        ,        ,        ,        ,     3.0,      
hallmu01 , 1974,     1, HOU , WHA , R  , 78.0, 18.0,  29.0,  47.0,  28.0, 2.0  ,  0.0,     ,  5.0,     ,     ,    , 127.0,   13.0,   7.0,   3.0,    10.0,     8.0,        ,        ,        ,        ,        ,     2.0,      
hallmu01 , 1975,     1, HOU , WHA , R  , 80.0, 20.0,  26.0,  46.0,  18.0, -3.0 ,  3.0,     ,  0.0,     ,  8.0,    , 118.0,   17.0,   1.0,   4.0,     5.0,     0.0, -5.0   ,        ,        ,        ,        ,        ,      
hallta01 , 1983,     1, VAN , NHL , L  ,  4.0,  1.0,   0.0,   1.0,   0.0, -2.0 ,  0.0,     ,  0.0,     ,  0.0, 0.0,   3.0,       ,      ,      ,        ,        ,        ,        ,        ,        ,        ,        ,      
hallta01 , 1984,     1, VAN , NHL , L  ,  7.0,  1.0,   4.0,   5.0,  19.0, 0.0  ,  0.0,     ,  0.0,     ,  0.0, 0.0,  14.0,       ,      ,      ,        ,        ,        ,        ,        ,        ,        ,        ,      
hallta01 , 1985,     1, VAN , NHL , L  , 19.0,  5.0,   5.0,  10.0,   6.0, -11.0,  1.0,     ,  0.0,     ,  0.0, 0.0,  30.0,       ,      ,      ,        ,        ,        ,        ,        ,        ,        ,        ,      
hallta01 , 1986,     1, VAN , NHL , L  ,  4.0,  0.0,   0.0,   0.0,   0.0, -2.0 ,  0.0,     ,  0.0,     ,  0.0, 0.0,   1.0,       ,      ,      ,        ,        ,        ,        ,        ,        ,        ,        ,      
hallta01 , 1987,     1, BOS , NHL , L  ,  7.0,  0.0,   0.0,   0.0,   4.0, -3.0 ,  0.0,  0.0,  0.0,  0.0,  0.0, 0.0,   5.0,       ,      ,      ,        ,        ,        ,        ,        ,        ,        ,        ,      
hallwa01 , 1960,     1, NYR , NHL , L  ,  4.0,  0.0,   0.0,   0.0,   0.0,      ,     ,     ,     ,     ,     ,    ,      ,       ,      ,      ,        ,        ,        ,        ,        ,        ,        ,        ,      
halpeje01, 1999,     1, WAS , NHL , C  , 79.0, 18.0,  11.0,  29.0,  39.0, 21.0 ,  4.0,  1.0,  4.0,  0.0,  1.0, 0.0, 108.0,    5.0,   2.0,   1.0,     3.0,     0.0, -1.0   ,     1.0,     0.0,     0.0,     1.0,     1.0,    11.0
halpeje01, 2000,     1, WAS , NHL , C  , 80.0, 21.0,  21.0,  42.0,  60.0, 13.0 ,  2.0,  6.0,  1.0,  0.0,  5.0, 2.0, 110.0,    6.0,   2.0,   3.0,     5.0,    17.0, 0.0    ,     1.0,     2.0,     0.0,     0.0,     1.0,     9.0
halpeje01, 2001,     1, WAS , NHL , C  , 48.0,  5.0,  14.0,  19.0,  29.0, -9.0 ,  0.0,  7.0,  0.0,  0.0,  4.0, 0.0,  74.0,       ,      ,      ,        ,        ,        ,        ,        ,        ,        ,        ,      
halpeje01, 2002,     1, WAS , NHL , C  , 82.0, 13.0,  21.0,  34.0,  88.0, 6.0  ,  1.0,  1.0,  2.0,  1.0,  2.0, 0.0, 126.0,    6.0,   0.0,   1.0,     1.0,     2.0, -2.0   ,     0.0,     1.0,     0.0,     0.0,     0.0,     9.0
halpeje01, 2003,     1, WAS , NHL , C  , 79.0, 19.0,  27.0,  46.0,  56.0, -21.0,  7.0, 11.0,  0.0,  1.0,  2.0, 1.0, 114.0,       ,      ,      ,        ,        ,        ,        ,        ,        ,        ,        ,      
halpeje01, 2005,     1, WAS , NHL , C  , 70.0, 11.0,  33.0,  44.0,  79.0, -8.0 ,  6.0, 14.0,  0.0,  1.0,  1.0,    , 151.0,       ,      ,      ,        ,        ,        ,        ,        ,        ,        ,        ,      
halpeje01, 2006,     1, DAL , NHL , C  , 76.0,  8.0,  17.0,  25.0,  78.0, -7.0 ,  1.0,  3.0,  0.0,  0.0,  4.0,    , 106.0,    7.0,   2.0,   1.0,     3.0,     4.0, -1.0   ,     0.0,     0.0,     0.0,     0.0,     1.0,     9.0
halpeje01, 2007,     1, DAL , NHL , C  , 64.0, 10.0,  14.0,  24.0,  40.0, -2.0 ,  1.0,  0.0,  1.0,  1.0,  0.0,    ,  86.0,       ,      ,      ,        ,        ,        ,        ,        ,        ,        ,        ,      
halpeje01, 2007,     2, TBL , NHL , C  , 19.0, 10.0,   8.0,  18.0,  14.0, 2.0  ,  3.0,  4.0,  0.0,  0.0,  2.0,    ,  46.0,       ,      ,      ,        ,        ,        ,        ,        ,        ,        ,        ,      
halpeje01, 2008,     1, TBL , NHL , C  , 52.0,  7.0,   9.0,  16.0,  32.0, -13.0,  1.0,  3.0,  1.0,  0.0,  1.0,    ,  60.0,       ,      ,      ,        ,        ,        ,        ,        ,        ,        ,        ,      
halpeje01, 2009,     1, TBL , NHL , C  , 55.0,  9.0,   8.0,  17.0,  27.0, -13.0,  2.0,  3.0,  0.0,  0.0,  1.0,    ,  65.0,       ,      ,      ,        ,        ,        ,        ,        ,        ,        ,        ,      
halpeje01, 2009,     2, LAK , NHL , C  , 16.0,  0.0,   2.0,   2.0,  12.0, -1.0 ,  0.0,  0.0,  0.0,  0.0,  0.0,    ,   6.0,    6.0,   0.0,   0.0,     0.0,     4.0, -1.0   ,     0.0,     0.0,     0.0,     0.0,     0.0,     1.0
halvetr01, 1998,     1, WAS , NHL , L  , 17.0,  0.0,   4.0,   4.0,  28.0, -5.0 ,  0.0,  0.0,  0.0,  0.0,  0.0, 0.0,  16.0,       ,      ,      ,        ,        ,        ,        ,        ,        ,        ,        ,      
halwado01, 1975,     1, BOS , NHL , D  , 22.0,  1.0,   5.0,   6.0,   6.0, -4.0 ,  1.0,     ,  0.0,     ,  0.0, 0.0,  30.0,    1.0,   0.0,   0.0,     0.0,     0.0,        ,     0.0,        ,     0.0,        ,     0.0,      
halwado01, 1976,     1, BOS , NHL , D  , 18.0,  2.0,   2.0,   4.0,   6.0, 9.0  ,  0.0,     ,  0.0,     ,  0.0, 0.0,  20.0,    6.0,   0.0,   0.0,     0.0,     4.0,        ,     0.0,        ,     0.0,        ,     0.0,      
halwado01, 1977,     1, BOS , NHL , D  , 25.0,  0.0,   2.0,   2.0,   2.0, 1.0  ,  0.0,     ,  0.0,     ,  0.0, 0.0,  18.0,       ,      ,      ,        ,        ,        ,        ,        ,        ,        ,        ,      
halwado01, 1978,     1, LAK , NHL , D  , 27.0,  1.0,   5.0,   6.0,  13.0, -4.0 ,  1.0,     ,  0.0,     ,  0.0, 0.0,  39.0,    1.0,   0.0,   0.0,     0.0,    12.0,        ,     0.0,        ,     0.0,        ,     0.0,      
halwado01, 1979,     1, LAK , NHL , D  , 63.0, 11.0,  45.0,  56.0,  52.0, 14.0 ,  8.0,     ,  0.0,     ,  0.0, 2.0, 165.0,    1.0,   0.0,   0.0,     0.0,     2.0,        ,     0.0,        ,     0.0,        ,     0.0,      
halwado01, 1980,     1, LAK , NHL , D  , 51.0,  4.0,  15.0,  19.0,  96.0, -2.0 ,  1.0,     ,  0.0,     ,  0.0, 0.0,  74.0,       ,      ,      ,        ,        ,        ,        ,        ,        ,        ,        ,      
halwado01, 1980,     2, VAN , NHL , D  ,  7.0,  0.0,   1.0,   1.0,   4.0, -5.0 ,  0.0,     ,  0.0,     ,  0.0, 0.0,   8.0,    2.0,   0.0,   1.0,     1.0,     6.0,        ,     0.0,        ,     0.0,        ,     0.0,      
halwado01, 1981,     1, VAN , NHL , D  , 37.0,  4.0,  13.0,  17.0,  40.0, -11.0,  1.0,     ,  0.0,     ,  0.0, 0.0,  75.0,   15.0,   2.0,   4.0,     6.0,    44.0,        ,     0.0,        ,     0.0,        ,     1.0,      
halwado01, 1982,     1, VAN , NHL , D  , 75.0, 19.0,  33.0,  52.0,  83.0, -18.0, 11.0,     ,  0.0,     ,  2.0, 1.0, 199.0,    4.0,   1.0,   0.0,     1.0,    21.0,        ,     0.0,        ,     0.0,        ,     0.0,      
halwado01, 1983,     1, VAN , NHL , D  , 54.0,  7.0,  16.0,  23.0,  35.0, 1.0  ,  2.0,     ,  0.0,     ,  1.0, 0.0, 108.0,    4.0,   3.0,   1.0,     4.0,     2.0, -4.0   ,     2.0,        ,     0.0,        ,     0.0,    10.0
halwado01, 1984,     1, VAN , NHL , D  , 71.0,  7.0,  27.0,  34.0,  82.0, -42.0,  2.0,     ,  1.0,     ,  0.0, 0.0, 173.0,       ,      ,      ,        ,        ,        ,        ,        ,        ,        ,        ,      
halwado01, 1985,     1, VAN , NHL , D  , 70.0,  8.0,  25.0,  33.0, 111.0, -19.0,  3.0,     ,  0.0,     ,  0.0, 0.0, 122.0,    3.0,   0.0,   0.0,     0.0,     4.0, -2.0   ,     0.0,        ,     0.0,        ,     0.0,     4.0
halwado01, 1986,     1, VAN , NHL , D  , 10.0,  0.0,   3.0,   3.0,  34.0, -8.0 ,  0.0,     ,  0.0,     ,  0.0, 0.0,  21.0,       ,      ,      ,        ,        ,        ,        ,        ,        ,        ,        ,      
halwado01, 1986,     2, DET , NHL , D  , 11.0,  0.0,   3.0,   3.0,  19.0, 4.0  ,  0.0,     ,  0.0,     ,  0.0, 0.0,   8.0,       ,      ,      ,        ,        ,        ,        ,        ,        ,        ,        ,      
halwado01, 1987,     1, DET , NHL , D  , 70.0,  5.0,  21.0,  26.0, 130.0, 6.0  ,  3.0, 12.0,  0.0,  1.0,  1.0, 0.0,  88.0,    8.0,   1.0,   4.0,     5.0,    18.0, 5.0    ,     0.0,     3.0,     0.0,     0.0,     0.0,     9.0
halwado01, 1988,     1, DET , NHL , D  , 18.0,  0.0,   1.0,   1.0,  36.0, -11.0,  0.0,     ,  0.0,  0.0,  0.0, 0.0,   5.0,       ,      ,      ,        ,        ,        ,        ,        ,        ,        ,        ,      
halwado01, 1988,     2, EDM , NHL , D  , 24.0,  0.0,   7.0,   7.0,  25.0, -3.0 ,  0.0,     ,  0.0,  0.0,  0.0, 0.0,   8.0,    2.0,   0.0,   0.0,     0.0,     0.0, -2.0   ,     0.0,     0.0,     0.0,     0.0,     0.0,     0.0
hamelde01, 1999,     1, BUF , NHL , L  ,  3.0,  1.0,   0.0,   1.0,   0.0, -1.0 ,  0.0,  0.0,  0.0,  0.0,  0.0, 0.0,   3.0,       ,      ,      ,        ,        ,        ,        ,        ,        ,        ,        ,      
hamelde01, 2000,     1, BUF , NHL , C  , 41.0,  8.0,   3.0,  11.0,  22.0, -2.0 ,  1.0,  0.0,  1.0,  0.0,  3.0, 0.0,  55.0,       ,      ,      ,        ,        ,        ,        ,        ,        ,        ,        ,      
hamelde01, 2001,     1, BUF , NHL , L  , 61.0,  2.0,   6.0,   8.0,  28.0, -1.0 ,  0.0,  1.0,  0.0,  0.0,  0.0, 0.0,  80.0,       ,      ,      ,        ,        ,        ,        ,        ,        ,        ,        ,      
hamelde01, 2002,     1, BUF , NHL , L  , 25.0,  2.0,   0.0,   2.0,  17.0, -4.0 ,  0.0,  0.0,  0.0,  0.0,  1.0, 0.0,  41.0,       ,      ,      ,        ,        ,        ,        ,        ,        ,        ,        ,      
hamelde01, 2003,     1, OTT , NHL , L  ,  5.0,  0.0,   0.0,   0.0,   0.0, -3.0 ,  0.0,  0.0,  0.0,  0.0,  0.0, 0.0,   6.0,       ,      ,      ,        ,        ,        ,        ,        ,        ,        ,        ,      
hamelde01, 2005,     1, OTT , NHL , L  ,  4.0,  1.0,   0.0,   1.0,   0.0, 1.0  ,  0.0,  0.0,  0.0,  0.0,  0.0,    ,   9.0,       ,      ,      ,        ,        ,        ,        ,        ,        ,        ,        ,      
hamelde01, 2006,     1, OTT , NHL , L  , 43.0,  4.0,   3.0,   7.0,  10.0, 4.0  ,  0.0,  0.0,  0.0,  0.0,  0.0,    ,  36.0,       ,      ,      ,        ,        ,        ,        ,        ,        ,        ,        ,      
hamelde01, 2006,     2, ATL , NHL , L  ,  3.0,  1.0,   0.0,   1.0,   0.0, 0.0  ,  0.0,  0.0,  0.0,  0.0,  0.0,    ,   3.0,       ,      ,      ,        ,        ,        ,        ,        ,        ,        ,        ,      
hamelde01, 2006,     3, PHI , NHL , L  ,  7.0,  0.0,   0.0,   0.0,   0.0, -4.0 ,  0.0,  0.0,  0.0,  0.0,  0.0,    ,   3.0,       ,      ,      ,        ,        ,        ,        ,        ,        ,        ,        ,      
hamelgi01, 1980,     1, BUF , NHL , L  , 51.0, 10.0,   9.0,  19.0,  53.0, -8.0 ,  2.0,     ,  0.0,     ,  0.0, 2.0,  56.0,    5.0,   0.0,   1.0,     1.0,     4.0,        ,     0.0,        ,     0.0,        ,     0.0,      
hamelgi01, 1981,     1, BUF , NHL , L  , 16.0,  2.0,   7.0,   9.0,   2.0, -1.0 ,  0.0,     ,  0.0,     ,  1.0, 0.0,  17.0,       ,      ,      ,        ,        ,        ,        ,        ,        ,        ,        ,      
hamelgi01, 1982,     1, BUF , NHL , L  , 66.0, 22.0,  20.0,  42.0,  26.0, 4.0  ,  2.0,     ,  0.0,     ,  1.0, 1.0, 120.0,    9.0,   2.0,   2.0,     4.0,     2.0,        ,     1.0,        ,     0.0,        ,     0.0,      
hamelgi01, 1983,     1, BUF , NHL , L  , 75.0, 21.0,  23.0,  44.0,  37.0, 4.0  ,  4.0,     ,  2.0,     ,  1.0, 0.0, 135.0,    3.0,   0.0,   2.0,     2.0,     2.0, -3.0   ,     0.0,        ,     0.0,        ,     0.0,    11.0
hamelgi01, 1984,     1, BUF , NHL , C  , 80.0, 18.0,  30.0,  48.0,  36.0, -3.0 ,  5.0,     ,  3.0,     ,  4.0, 2.0, 163.0,    1.0,   0.0,   0.0,     0.0,     0.0, -2.0   ,     0.0,        ,     0.0,        ,     0.0,     0.0
hamelgi01, 1985,     1, BUF , NHL , L  , 77.0, 19.0,  25.0,  44.0,  61.0, -27.0,  4.0,     ,  3.0,     ,  4.0, 0.0, 158.0,       ,      ,      ,        ,        ,        ,        ,        ,        ,        ,        ,      
hamelgi01, 1986,     1, WIN , NHL , L  , 79.0, 27.0,  21.0,  48.0,  24.0, 3.0  ,  1.0,     ,  1.0,     ,  4.0, 0.0, 175.0,    8.0,   2.0,   0.0,     2.0,     2.0, -3.0   ,     0.0,        ,     0.0,        ,     2.0,    13.0
hamelgi01, 1987,     1, WIN , NHL , L  , 63.0,  8.0,  11.0,  19.0,  35.0, -16.0,  1.0,  1.0,  0.0,  0.0,  0.0, 0.0, 106.0,    1.0,   0.0,   0.0,     0.0,     0.0, 0.0    ,     0.0,     0.0,     0.0,     0.0,     0.0,     1.0
hamelgi01, 1988,     1, WIN , NHL , L  ,  1.0,  0.0,   0.0,   0.0,   0.0, 0.0  ,  0.0,  0.0,  0.0,  0.0,  0.0, 0.0,   0.0,       ,      ,      ,        ,        ,        ,        ,        ,        ,        ,        ,      
hamelgi01, 1988,     2, LAK , NHL , L  , 11.0,  0.0,   1.0,   1.0,   2.0, -3.0 ,  0.0,  0.0,  0.0,  0.0,  0.0, 0.0,  11.0,       ,      ,      ,        ,        ,        ,        ,        ,        ,        ,        ,      
hamelhe01, 1930,     1, TOR , NHL , F  ,  2.0,  0.0,   0.0,   0.0,   4.0,      ,     ,     ,     ,     ,     ,    ,      ,       ,      ,      ,        ,        ,        ,        ,        ,        ,        ,        ,      
hamelje01, 1972,     1, STL , NHL , D  , 55.0,  2.0,   7.0,   9.0,  24.0, -5.0 ,  0.0,     ,  0.0,     ,  0.0, 0.0,  56.0,    2.0,   0.0,   0.0,     0.0,     0.0,        ,     0.0,        ,     0.0,        ,     0.0,      
hamelje01, 1973,     1, STL , NHL , D  , 23.0,  1.0,   1.0,   2.0,   6.0, -3.0 ,  0.0,     ,  0.0,     ,  0.0, 0.0,  21.0,       ,      ,      ,        ,        ,        ,        ,        ,        ,        ,        ,      
hamelje01, 1973,     2, DET , NHL , D  , 22.0,  0.0,   3.0,   3.0,  40.0, -12.0,  0.0,     ,  0.0,     ,  0.0, 0.0,  18.0,       ,      ,      ,        ,        ,        ,        ,        ,        ,        ,        ,      
hamelje01, 1974,     1, DET , NHL , D  , 80.0,  5.0,  19.0,  24.0, 136.0, -40.0,  0.0,     ,  0.0,     ,  0.0, 1.0, 112.0,       ,      ,      ,        ,        ,        ,        ,        ,        ,        ,        ,      
hamelje01, 1975,     1, DET , NHL , D  , 77.0,  3.0,   9.0,  12.0, 129.0, -13.0,  1.0,     ,  0.0,     ,  0.0, 1.0,  92.0,       ,      ,      ,        ,        ,        ,        ,        ,        ,        ,        ,      
hamelje01, 1976,     1, DET , NHL , D  , 71.0,  1.0,  10.0,  11.0,  63.0, -18.0,  0.0,     ,  0.0,     ,  0.0, 0.0,  85.0,       ,      ,      ,        ,        ,        ,        ,        ,        ,        ,        ,      
hamelje01, 1977,     1, DET , NHL , D  , 32.0,  2.0,   6.0,   8.0,  34.0, 3.0  ,  0.0,     ,  0.0,     ,  0.0, 0.0,  37.0,    7.0,   0.0,   0.0,     0.0,    10.0,        ,     0.0,        ,     0.0,        ,     0.0,      
hamelje01, 1978,     1, DET , NHL , D  , 52.0,  2.0,   4.0,   6.0,  72.0, -9.0 ,  0.0,     ,  0.0,     ,  0.0, 0.0,  41.0,       ,      ,      ,        ,        ,        ,        ,        ,        ,        ,        ,      
hamelje01, 1979,     1, DET , NHL , D  , 49.0,  1.0,   4.0,   5.0,  43.0, -2.0 ,  0.0,     ,  0.0,     ,  0.0, 0.0,  27.0,       ,      ,      ,        ,        ,        ,        ,        ,        ,        ,        ,      
hamelje01, 1980,     1, DET , NHL , D  , 68.0,  5.0,   7.0,  12.0,  57.0, -1.0 ,  0.0,     ,  0.0,     ,  0.0, 1.0,  47.0,       ,      ,      ,        ,        ,        ,        ,        ,        ,        ,        ,      
hamelje01, 1981,     1, QUE , NHL , D  , 40.0,  1.0,   6.0,   7.0,  32.0, 3.0  ,  0.0,     ,  0.0,     ,  1.0, 0.0,  28.0,    5.0,   0.0,   0.0,     0.0,    16.0,        ,     0.0,        ,     0.0,        ,     0.0,      
hamelje01, 1982,     1, QUE , NHL , D  , 51.0,  2.0,   7.0,   9.0,  38.0, 11.0 ,  0.0,     ,  0.0,     ,  0.0, 0.0,  45.0,    4.0,   0.0,   0.0,     0.0,     2.0,        ,     0.0,        ,     0.0,        ,     0.0,      
hamelje01, 1983,     1, MTL , NHL , D  , 79.0,  1.0,  12.0,  13.0,  92.0, 7.0  ,  0.0,     ,  0.0,     ,  0.0, 0.0,  68.0,   15.0,   0.0,   2.0,     2.0,    16.0, 5.0    ,     0.0,        ,     0.0,        ,     0.0,    14.0
hamelpi01, 1974,     1, TOR , NHL , G  ,  4.0,  0.0,   0.0,   0.0,   2.0, 0.0  ,  0.0,     ,  0.0,     ,  0.0, 0.0,   0.0,       ,      ,      ,        ,        ,        ,        ,        ,        ,        ,        ,      
hamelpi01, 1978,     1, TOR , NHL , G  ,  1.0,  0.0,   0.0,   0.0,   0.0, 0.0  ,  0.0,     ,  0.0,     ,  0.0, 0.0,   0.0,       ,      ,      ,        ,        ,        ,        ,        ,        ,        ,        ,      
hamelpi01, 1979,     1, WIN , NHL , G  , 35.0,  0.0,   2.0,   2.0,  10.0, 0.0  ,  0.0,     ,  0.0,     ,  0.0, 0.0,   0.0,       ,      ,      ,        ,        ,        ,        ,        ,        ,        ,        ,      
hamelpi01, 1980,     1, WIN , NHL , G  , 29.0,  0.0,   1.0,   1.0,   4.0, 0.0  ,  0.0,     ,  0.0,     ,  0.0, 0.0,   0.0,       ,      ,      ,        ,        ,        ,        ,        ,        ,        ,        ,      
hamhuda01, 2003,     1, NAS , NHL , D  , 80.0,  7.0,  19.0,  26.0,  57.0, -12.0,  2.0,  6.0,  0.0,  1.0,  4.0, 0.0, 115.0,    6.0,   0.0,   2.0,     2.0,     6.0, -2.0   ,     0.0,     0.0,     0.0,     0.0,     0.0,     4.0
hamhuda01, 2005,     1, NAS , NHL , D  , 82.0,  7.0,  31.0,  38.0,  70.0, 11.0 ,  4.0, 12.0,  1.0,  1.0,  1.0,    , 135.0,    5.0,   0.0,   2.0,     2.0,     2.0, -2.0   ,     0.0,     1.0,     0.0,     0.0,     0.0,     9.0
hamhuda01, 2006,     1, NAS , NHL , D  , 81.0,  6.0,  14.0,  20.0,  66.0, 8.0  ,  0.0,  0.0,  0.0,  0.0,  1.0,    ,  84.0,    5.0,   0.0,   1.0,     1.0,     2.0, -3.0   ,     0.0,     0.0,     0.0,     0.0,     0.0,     7.0
hamhuda01, 2007,     1, NAS , NHL , D  , 80.0,  4.0,  23.0,  27.0,  66.0, -4.0 ,  1.0,  7.0,  0.0,  3.0,  1.0,    , 127.0,    6.0,   1.0,   1.0,     2.0,     6.0, -4.0   ,     1.0,     0.0,     0.0,     0.0,     0.0,     8.0
hamhuda01, 2008,     1, NAS , NHL , D  , 82.0,  3.0,  23.0,  26.0,  67.0, -4.0 ,  1.0,  5.0,  1.0,  1.0,  1.0,    , 135.0,       ,      ,      ,        ,        ,        ,        ,        ,        ,        ,        ,      
hamhuda01, 2009,     1, NAS , NHL , D  , 78.0,  5.0,  19.0,  24.0,  49.0, 4.0  ,  0.0,  1.0,  0.0,  0.0,  0.0,    , 115.0,    6.0,   0.0,   2.0,     2.0,     2.0, -1.0   ,     0.0,     0.0,     0.0,     0.0,     0.0,     4.0
hamilal01, 1965,     1, NYR , NHL , D  ,  4.0,  0.0,   0.0,   0.0,   0.0,      ,  0.0,     ,  0.0,     ,  0.0, 0.0,      ,       ,      ,      ,        ,        ,        ,        ,        ,        ,        ,        ,      
hamilal01, 1967,     1, NYR , NHL , D  ,  2.0,  0.0,   0.0,   0.0,   0.0, 0.0  ,  0.0,     ,  0.0,     ,  0.0, 0.0,   0.0,       ,      ,      ,        ,        ,        ,        ,        ,        ,        ,        ,      
hamilal01, 1968,     1, NYR , NHL , D  , 16.0,  0.0,   0.0,   0.0,   8.0, 0.0  ,  0.0,     ,  0.0,     ,  0.0, 0.0,   9.0,    1.0,   0.0,   0.0,     0.0,     0.0,        ,     0.0,        ,     0.0,        ,     0.0,      
hamilal01, 1969,     1, NYR , NHL , D  , 59.0,  0.0,   5.0,   5.0,  54.0, -8.0 ,  0.0,     ,  0.0,     ,  0.0, 0.0,  42.0,    5.0,   0.0,   0.0,     0.0,     2.0,        ,     0.0,        ,     0.0,        ,     0.0,      
hamilal01, 1970,     1, BUF , NHL , D  , 69.0,  2.0,  28.0,  30.0,  71.0, -23.0,  0.0,     ,  0.0,     ,  0.0, 0.0,  98.0,       ,      ,      ,        ,        ,        ,        ,        ,        ,        ,        ,      
hamilal01, 1971,     1, BUF , NHL , D  , 76.0,  4.0,  30.0,  34.0, 105.0, -12.0,  1.0,     ,  0.0,     ,  1.0, 1.0,  91.0,       ,      ,      ,        ,        ,        ,        ,        ,        ,        ,        ,      
hamilal01, 1972,     1, ALB , WHA , D  , 78.0, 11.0,  50.0,  61.0, 124.0,      ,  2.0,     ,  1.0,     ,  1.0,    ,      ,       ,      ,      ,        ,        ,        ,        ,        ,        ,        ,        ,      
hamilal01, 1973,     1, EDO , WHA , D  , 78.0, 14.0,  45.0,  59.0, 104.0,      ,  6.0,     ,  0.0,     ,  2.0,    ,      ,    4.0,   1.0,   1.0,     2.0,    15.0,        ,        ,        ,        ,        ,     0.0,      
hamilal01, 1974,     1, EDO , WHA , D  , 25.0,  1.0,  13.0,  14.0,  42.0, 5.0  ,  1.0,     ,  0.0,     ,     ,    ,  49.0,       ,      ,      ,        ,        ,        ,        ,        ,        ,        ,        ,      
hamilal01, 1975,     1, EDO , WHA , D  , 54.0,  2.0,  32.0,  34.0,  78.0, -8.0 ,  1.0,     ,  0.0,     ,  0.0,    ,  83.0,    4.0,   0.0,   1.0,     1.0,     6.0, -2.0   ,        ,        ,        ,        ,        ,      
hamilal01, 1976,     1, EDO , WHA , D  , 81.0,  8.0,  37.0,  45.0,  60.0, -19.0,  3.0,     ,  0.0,     ,     ,    , 140.0,    5.0,   0.0,   4.0,     4.0,     4.0, 1.0    ,     0.0,        ,     0.0,        ,     0.0,      
hamilal01, 1977,     1, EDO , WHA , D  , 59.0, 11.0,  43.0,  54.0,  46.0, 24.0 ,  6.0,     ,  0.0,     ,     ,    , 183.0,       ,      ,      ,        ,        ,        ,        ,        ,        ,        ,        ,      
hamilal01, 1978,     1, EDO , WHA , D  , 80.0,  6.0,  38.0,  44.0,  38.0, 22.0 ,  2.0,     ,  0.0,     ,     ,    , 153.0,   13.0,   4.0,   5.0,     9.0,     4.0, 1.0    ,        ,        ,        ,        ,     0.0,      
hamilal01, 1979,     1, EDM , NHL , D  , 31.0,  4.0,  15.0,  19.0,  20.0, -2.0 ,  1.0,     ,  0.0,     ,  0.0, 0.0,  34.0,    1.0,   0.0,   0.0,     0.0,     0.0,        ,     0.0,        ,     0.0,        ,     0.0,      
hamilch01, 1961,     1, MTL , NHL , L/D,  1.0,  0.0,   0.0,   0.0,   0.0,      ,     ,     ,     ,     ,     ,    ,      ,       ,      ,      ,        ,        ,        ,        ,        ,        ,        ,        ,      
hamilch01, 1972,     1, STL , NHL , L  ,  3.0,  0.0,   2.0,   2.0,   2.0, 4.0  ,  0.0,     ,  0.0,     ,  0.0, 0.0,   2.0,       ,      ,      ,        ,        ,        ,        ,        ,        ,        ,        ,      
hamilja01, 1942,     1, TOR , NHL , C  , 13.0,  1.0,   6.0,   7.0,   4.0,      ,     ,     ,     ,     ,     ,    ,      ,    6.0,   1.0,   1.0,     2.0,     0.0,        ,        ,        ,        ,        ,        ,      
hamilja01, 1943,     1, TOR , NHL , C  , 49.0, 20.0,  17.0,  37.0,   4.0,      ,     ,     ,     ,     ,     ,    ,      ,    5.0,   1.0,   0.0,     1.0,     0.0,        ,        ,        ,        ,        ,        ,      
hamilja01, 1945,     1, TOR , NHL , C  , 40.0,  7.0,   9.0,  16.0,  12.0,      ,     ,     ,     ,     ,     ,    ,      ,       ,      ,      ,        ,        ,        ,        ,        ,        ,        ,        ,      
hamilje01, 2003,     1, NYI , NHL , C  ,  1.0,  0.0,   0.0,   0.0,   0.0, 0.0  ,  0.0,  0.0,  0.0,  0.0,  0.0, 0.0,   1.0,       ,      ,      ,        ,        ,        ,        ,        ,        ,        ,        ,      
hamilje01, 2005,     1, NYI , NHL , C  , 13.0,  2.0,   6.0,   8.0,   8.0, 0.0  ,  1.0,  4.0,  0.0,  0.0,  0.0,    ,  29.0,       ,      ,      ,        ,        ,        ,        ,        ,        ,        ,        ,      
hamilje01, 2006,     1, CHI , NHL , C  , 70.0, 18.0,  21.0,  39.0,  22.0, -4.0 ,  3.0, 11.0,  0.0,  0.0,  4.0,    , 138.0,       ,      ,      ,        ,        ,        ,        ,        ,        ,        ,        ,      
hamilje01, 2007,     1, CAR , NHL , R  , 58.0,  9.0,  15.0,  24.0,  10.0, -8.0 ,  7.0,  9.0,  0.0,  0.0,  1.0,    , 116.0,       ,      ,      ,        ,        ,        ,        ,        ,        ,        ,        ,      
hamilje01, 2008,     1, TOR , NHL , R  , 15.0,  3.0,   3.0,   6.0,   4.0, 2.0  ,  0.0,  0.0,  0.0,  0.0,  1.0,    ,  30.0,       ,      ,      ,        ,        ,        ,        ,        ,        ,        ,        ,      
hamilji01, 1977,     1, PIT , NHL , R  , 25.0,  2.0,   4.0,   6.0,   2.0, -3.0 ,  0.0,     ,  0.0,     ,  0.0, 0.0,  35.0,       ,      ,      ,        ,        ,        ,        ,        ,        ,        ,        ,      
hamilji01, 1978,     1, PIT , NHL , L  ,  2.0,  0.0,   0.0,   0.0,   0.0, 0.0  ,  0.0,     ,  0.0,     ,  0.0, 0.0,   3.0,    5.0,   3.0,   0.0,     3.0,     0.0,        ,     1.0,        ,     0.0,        ,     0.0,      
hamilji01, 1979,     1, PIT , NHL , R  , 10.0,  2.0,   0.0,   2.0,   0.0, -6.0 ,  0.0,     ,  0.0,     ,  0.0, 0.0,  12.0,       ,      ,      ,        ,        ,        ,        ,        ,        ,        ,        ,      
hamilji01, 1980,     1, PIT , NHL , R  , 20.0,  1.0,   6.0,   7.0,  18.0, 2.0  ,  0.0,     ,  0.0,     ,  0.0, 0.0,  26.0,    1.0,   0.0,   0.0,     0.0,     0.0,        ,     0.0,        ,     0.0,        ,     0.0,      
hamilji01, 1981,     1, PIT , NHL , R  , 11.0,  5.0,   3.0,   8.0,   2.0, 2.0  ,  0.0,     ,  0.0,     ,  1.0, 0.0,  15.0,       ,      ,      ,        ,        ,        ,        ,        ,        ,        ,        ,      
hamilji01, 1982,     1, PIT , NHL , R  ,  5.0,  0.0,   2.0,   2.0,   2.0, -2.0 ,  0.0,     ,  0.0,     ,  0.0, 0.0,  12.0,       ,      ,      ,        ,        ,        ,        ,        ,        ,        ,        ,      
hamilji01, 1983,     1, PIT , NHL , R  , 11.0,  2.0,   2.0,   4.0,   4.0, 2.0  ,  1.0,     ,  0.0,     ,  0.0, 0.0,  21.0,       ,      ,      ,        ,        ,        ,        ,        ,        ,        ,        ,      
hamilji01, 1984,     1, PIT , NHL , R  , 11.0,  2.0,   1.0,   3.0,   0.0, -6.0 ,  0.0,     ,  0.0,     ,  0.0, 0.0,  19.0,       ,      ,      ,        ,        ,        ,        ,        ,        ,        ,        ,      
hamilre01, 1935,     1, TOR , NHL , D  ,  7.0,  0.0,   0.0,   0.0,   0.0,      ,     ,     ,     ,     ,     ,    ,      ,       ,      ,      ,        ,        ,        ,        ,        ,        ,        ,        ,      
hamilre01, 1936,     1, TOR , NHL , D  , 39.0,  3.0,   7.0,  10.0,  32.0,      ,     ,     ,     ,     ,     ,    ,      ,    2.0,   0.0,   1.0,     1.0,     2.0,        ,        ,        ,        ,        ,        ,      
hamilre01, 1937,     1, TOR , NHL , D  , 45.0,  1.0,   4.0,   5.0,  43.0,      ,     ,     ,     ,     ,     ,    ,      ,    7.0,   0.0,   1.0,     1.0,     2.0,        ,        ,        ,        ,        ,        ,      
hamilre01, 1938,     1, TOR , NHL , D  , 48.0,  0.0,   7.0,   7.0,  54.0,      ,     ,     ,     ,     ,     ,    ,      ,   10.0,   0.0,   2.0,     2.0,     4.0,        ,        ,        ,        ,        ,        ,      
hamilre01, 1939,     1, TOR , NHL , D  , 23.0,  2.0,   2.0,   4.0,  23.0,      ,     ,     ,     ,     ,     ,    ,      ,   10.0,   0.0,   0.0,     0.0,     0.0,        ,        ,        ,        ,        ,        ,      
hamilre01, 1940,     1, TOR , NHL , D  , 45.0,  3.0,  12.0,  15.0,  59.0,      ,     ,     ,     ,     ,     ,    ,      ,    7.0,   1.0,   2.0,     3.0,    13.0,        ,        ,        ,        ,        ,        ,      
hamilre01, 1941,     1, TOR , NHL , D  , 22.0,  0.0,   4.0,   4.0,  27.0,      ,     ,     ,     ,     ,     ,    ,      ,       ,      ,      ,        ,        ,        ,        ,        ,        ,        ,        ,      
hamilre01, 1942,     1, TOR , NHL , D  , 48.0,  4.0,  17.0,  21.0,  68.0,      ,     ,     ,     ,     ,     ,    ,      ,    6.0,   1.0,   1.0,     2.0,     9.0,        ,        ,        ,        ,        ,        ,      
hamilre01, 1943,     1, TOR , NHL , D  , 39.0,  4.0,  12.0,  16.0,  32.0,      ,     ,     ,     ,     ,     ,    ,      ,    5.0,   1.0,   0.0,     1.0,     8.0,        ,        ,        ,        ,        ,        ,      
hamilre01, 1944,     1, TOR , NHL , D  , 50.0,  3.0,  12.0,  15.0,  41.0,      ,     ,     ,     ,     ,     ,    ,      ,   13.0,   0.0,   0.0,     0.0,     6.0,        ,        ,        ,        ,        ,        ,      
hamilre01, 1945,     1, CHI , NHL , D  , 48.0,  1.0,   7.0,   8.0,  31.0,      ,     ,     ,     ,     ,     ,    ,      ,    4.0,   0.0,   1.0,     1.0,     2.0,        ,        ,        ,        ,        ,        ,      
hamilre01, 1946,     1, CHI , NHL , D  , 10.0,  0.0,   3.0,   3.0,   2.0,      ,     ,     ,     ,     ,     ,    ,      ,       ,      ,      ,        ,        ,        ,        ,        ,        ,        ,        ,      
hamilre02, 1937,     1, BOS , NHL , L  ,  6.0,  0.0,   1.0,   1.0,   2.0,      ,     ,     ,     ,     ,     ,    ,      ,       ,      ,      ,        ,        ,        ,        ,        ,        ,        ,        ,      
hamilre02, 1938,     1, BOS , NHL , L  ,  6.0,  0.0,   1.0,   1.0,   0.0,      ,     ,     ,     ,     ,     ,    ,      ,   12.0,   0.0,   0.0,     0.0,     8.0,        ,        ,        ,        ,        ,        ,      
hamilre02, 1939,     1, BOS , NHL , R  , 30.0, 10.0,   8.0,  18.0,  16.0,      ,     ,     ,     ,     ,     ,    ,      ,    5.0,   0.0,   1.0,     1.0,     5.0,        ,        ,        ,        ,        ,        ,      
hamilre02, 1940,     1, BOS , NHL , L  ,  8.0,  0.0,   1.0,   1.0,   0.0,      ,     ,     ,     ,     ,     ,    ,      ,       ,      ,      ,        ,        ,        ,        ,        ,        ,        ,        ,      
hamilre02, 1941,     1, BOS , NHL , L  ,  9.0,  6.0,   3.0,   9.0,   2.0,      ,     ,     ,     ,     ,     ,    ,      ,       ,      ,      ,        ,        ,        ,        ,        ,        ,        ,        ,      
hamilre02, 1941,     2, CHI , NHL , L  , 34.0, 18.0,   9.0,  27.0,  21.0,      ,     ,     ,     ,     ,     ,    ,      ,    3.0,   0.0,   1.0,     1.0,     0.0,        ,        ,        ,        ,        ,        ,      
hamilre02, 1942,     1, CHI , NHL , L  , 50.0, 28.0,  16.0,  44.0,  44.0,      ,     ,     ,     ,     ,     ,    ,      ,       ,      ,      ,        ,        ,        ,        ,        ,        ,        ,        ,      
hamilre02, 1945,     1, CHI , NHL , L  , 38.0, 20.0,  17.0,  37.0,  23.0,      ,     ,     ,     ,     ,     ,    ,      ,    4.0,   1.0,   0.0,     1.0,     7.0,        ,        ,        ,        ,        ,        ,      
hamilre02, 1946,     1, CHI , NHL , L  , 60.0, 21.0,  19.0,  40.0,  12.0,      ,     ,     ,     ,     ,     ,    ,      ,       ,      ,      ,        ,        ,        ,        ,        ,        ,        ,        ,      
hamilre02, 1947,     1, CHI , NHL , L  , 60.0, 11.0,  13.0,  24.0,  18.0,      ,     ,     ,     ,     ,     ,    ,      ,       ,      ,      ,        ,        ,        ,        ,        ,        ,        ,        ,      
hamilre02, 1948,     1, CHI , NHL , L  , 57.0,  8.0,   4.0,  12.0,  16.0,      ,     ,     ,     ,     ,     ,    ,      ,       ,      ,      ,        ,        ,        ,        ,        ,        ,        ,        ,      
hamilre02, 1949,     1, CHI , NHL , L  , 59.0,  6.0,   2.0,   8.0,   6.0,      ,     ,     ,     ,     ,     ,    ,      ,       ,      ,      ,        ,        ,        ,        ,        ,        ,        ,        ,      
hamilre02, 1950,     1, CHI , NHL , L  ,  2.0,  0.0,   0.0,   0.0,   0.0,      ,     ,     ,     ,     ,     ,    ,      ,       ,      ,      ,        ,        ,        ,        ,        ,        ,        ,        ,      
hamilza01, 2009,     1, BOS , NHL , C  ,  1.0,  0.0,   1.0,   1.0,   0.0, 1.0  ,  0.0,  0.0,  0.0,  0.0,  0.0,    ,   1.0,       ,      ,      ,        ,        ,        ,        ,        ,        ,        ,        ,      
hammain01, 1973,     1, TOR , NHL , L  , 66.0, 20.0,  23.0,  43.0,  14.0, 17.0 ,  4.0,     ,  0.0,     ,  4.0, 0.0, 135.0,    4.0,   1.0,   0.0,     1.0,     0.0,        ,     0.0,        ,     0.0,        ,     0.0,      
hammain01, 1974,     1, TOR , NHL , L  , 69.0, 21.0,  20.0,  41.0,  23.0, -14.0,  3.0,     ,  0.0,     ,  2.0, 2.0, 170.0,    7.0,   1.0,   3.0,     4.0,     4.0,        ,     0.0,        ,     0.0,        ,     1.0,      
hammain01, 1975,     1, TOR , NHL , L  , 76.0, 19.0,  21.0,  40.0,  21.0, 0.0  ,  1.0,     ,  0.0,     ,  5.0, 0.0, 189.0,       ,      ,      ,        ,        ,        ,        ,        ,        ,        ,        ,      
hammain01, 1976,     1, TOR , NHL , L  , 78.0, 24.0,  17.0,  41.0,  16.0, 8.0  ,  5.0,     ,  0.0,     ,  3.0, 0.0, 154.0,    2.0,   0.0,   0.0,     0.0,     0.0,        ,     0.0,        ,     0.0,        ,     0.0,      
hammain01, 1977,     1, TOR , NHL , L  ,  3.0,  1.0,   1.0,   2.0,   0.0, 1.0  ,  1.0,     ,  0.0,     ,  0.0, 0.0,   6.0,       ,      ,      ,        ,        ,        ,        ,        ,        ,        ,        ,      
hammain01, 1977,     2, STL , NHL , L  , 70.0, 19.0,  19.0,  38.0,   4.0, -21.0,  3.0,     ,  0.0,     ,  2.0, 1.0, 165.0,       ,      ,      ,        ,        ,        ,        ,        ,        ,        ,        ,      
hammain01, 1978,     1, STL , NHL , L  , 65.0, 12.0,  22.0,  34.0,   8.0, -13.0,  0.0,     ,  0.0,     ,  1.0, 0.0, 129.0,       ,      ,      ,        ,        ,        ,        ,        ,        ,        ,        ,      
hammoke01, 1984,     1, LAK , NHL , D  ,  3.0,  1.0,   0.0,   1.0,   0.0, 2.0  ,  0.0,     ,  0.0,     ,  1.0, 0.0,   3.0,    3.0,   0.0,   0.0,     0.0,     4.0, 1.0    ,     0.0,        ,     0.0,        ,     0.0,     3.0
hammoke01, 1985,     1, LAK , NHL , D  ,  3.0,  0.0,   1.0,   1.0,   2.0, -1.0 ,  0.0,     ,  0.0,     ,  0.0, 0.0,   2.0,       ,      ,      ,        ,        ,        ,        ,        ,        ,        ,        ,      
hammoke01, 1986,     1, LAK , NHL , D  , 10.0,  0.0,   2.0,   2.0,  11.0, 2.0  ,  0.0,     ,  0.0,     ,  0.0, 0.0,   7.0,       ,      ,      ,        ,        ,        ,        ,        ,        ,        ,        ,      
hammoke01, 1987,     1, LAK , NHL , D  , 46.0,  7.0,   9.0,  16.0,  69.0, -1.0 ,  1.0,  4.0,  0.0,  0.0,  1.0, 0.0,  52.0,    2.0,   0.0,   0.0,     0.0,     4.0, -5.0   ,     0.0,     0.0,     0.0,     0.0,     0.0,     2.0
hammoke01, 1988,     1, EDM , NHL , D  ,  5.0,  0.0,   1.0,   1.0,   8.0, -2.0 ,  0.0,  0.0,  0.0,  0.0,  0.0, 0.0,   1.0,       ,      ,      ,        ,        ,        ,        ,        ,        ,        ,        ,      
hammoke01, 1988,     2, NYR , NHL , D  ,  3.0,  0.0,   0.0,   0.0,   0.0, -3.0 ,  0.0,  0.0,  0.0,  0.0,  0.0, 0.0,   2.0,       ,      ,      ,        ,        ,        ,        ,        ,        ,        ,        ,      
hammoke01, 1988,     3, TOR , NHL , D  , 14.0,  0.0,   2.0,   2.0,  12.0, -13.0,  0.0,  0.0,  0.0,  0.0,  0.0, 0.0,   9.0,       ,      ,      ,        ,        ,        ,        ,        ,        ,        ,        ,      
hammoke01, 1990,     1, BOS , NHL , D  ,  1.0,  1.0,   0.0,   1.0,   2.0, 2.0  ,  0.0,  0.0,  0.0,  0.0,  0.0, 0.0,   3.0,    8.0,   0.0,   0.0,     0.0,    10.0, -5.0   ,     0.0,     0.0,     0.0,     0.0,     0.0,     4.0
hammoke01, 1991,     1, SJS , NHL , D  , 46.0,  5.0,  10.0,  15.0,  82.0, -17.0,  2.0,  3.0,  0.0,  1.0,  0.0, 0.0,  93.0,       ,      ,      ,        ,        ,        ,        ,        ,        ,        ,        ,      
hammoke01, 1991,     2, VAN , NHL , D  ,     ,     ,      ,      ,      ,      ,     ,     ,     ,     ,     ,    ,      ,    2.0,   0.0,   0.0,     0.0,     6.0, 0.0    ,     0.0,     0.0,     0.0,     0.0,     0.0,     2.0
hammoke01, 1992,     1, OTT , NHL , D  , 62.0,  4.0,   4.0,   8.0, 104.0, -42.0,  0.0,  2.0,  0.0,  0.0,  0.0, 0.0,  64.0,       ,      ,      ,        ,        ,        ,        ,        ,        ,        ,        ,      
hamnecr01, 1974,     1, IND , WHA , D  , 27.0,  1.0,   0.0,   1.0,  15.0,      ,     ,     ,     ,     ,     ,    ,  28.0,       ,      ,      ,        ,        ,        ,        ,        ,        ,        ,        ,      
hampsgo01, 1982,     1, CAL , NHL , L  ,  4.0,  0.0,   0.0,   0.0,   5.0, -2.0 ,  0.0,     ,  0.0,     ,  0.0, 0.0,   4.0,       ,      ,      ,        ,        ,        ,        ,        ,        ,        ,        ,      
hampste01, 1959,     1, TOR , NHL , C  , 41.0,  2.0,   8.0,  10.0,  17.0,      ,     ,     ,     ,     ,     ,    ,      ,       ,      ,      ,        ,        ,        ,        ,        ,        ,        ,        ,      
hampste01, 1960,     1, NYR , NHL , C  , 69.0,  6.0,  14.0,  20.0,   4.0,      ,     ,     ,     ,     ,     ,    ,      ,       ,      ,      ,        ,        ,        ,        ,        ,        ,        ,        ,      
hampste01, 1961,     1, NYR , NHL , C  , 68.0,  4.0,  24.0,  28.0,  10.0,      ,     ,     ,     ,     ,     ,    ,      ,    6.0,   0.0,   1.0,     1.0,     0.0,        ,        ,        ,        ,        ,     0.0,      
hampste01, 1962,     1, NYR , NHL , C  , 46.0,  4.0,   2.0,   6.0,   2.0,      ,     ,     ,     ,     ,     ,    ,      ,       ,      ,      ,        ,        ,        ,        ,        ,        ,        ,        ,      
hampste01, 1963,     1, DET , NHL , C  ,  7.0,  0.0,   1.0,   1.0,   0.0,      ,  0.0,     ,  0.0,     ,  0.0, 0.0,      ,       ,      ,      ,        ,        ,        ,        ,        ,        ,        ,        ,      
hampste01, 1964,     1, DET , NHL , C  ,  1.0,  0.0,   0.0,   0.0,   0.0,      ,  0.0,     ,  0.0,     ,  0.0, 0.0,      ,       ,      ,      ,        ,        ,        ,        ,        ,        ,        ,        ,      
hampste01, 1966,     1, DET , NHL , C  , 65.0, 13.0,  35.0,  48.0,   4.0,      ,  1.0,     ,  0.0,     ,  2.0, 0.0,      ,       ,      ,      ,        ,        ,        ,        ,        ,        ,        ,        ,      
hampste01, 1967,     1, DET , NHL , C  , 37.0,  9.0,  18.0,  27.0,  10.0, 8.0  ,  0.0,     ,  0.0,     ,  2.0, 0.0,  75.0,       ,      ,      ,        ,        ,        ,        ,        ,        ,        ,        ,      
hampste01, 1967,     2, OAK , NHL , C  , 34.0,  8.0,  19.0,  27.0,   4.0, -10.0,  2.0,     ,  0.0,     ,  1.0, 1.0,  72.0,       ,      ,      ,        ,        ,        ,        ,        ,        ,        ,        ,      
hampste01, 1968,     1, OAK , NHL , C  , 76.0, 26.0,  49.0,  75.0,   6.0, -15.0,  9.0,     ,  0.0,     ,  3.0, 2.0, 189.0,    7.0,   3.0,   4.0,     7.0,     2.0,        ,     2.0,        ,     0.0,        ,     0.0,      
hampste01, 1969,     1, OAK , NHL , C  , 76.0, 17.0,  35.0,  52.0,  13.0, -17.0,  7.0,     ,  1.0,     ,  0.0, 1.0, 157.0,    4.0,   1.0,   1.0,     2.0,     0.0,        ,     0.0,        ,     0.0,        ,     0.0,      
hampste01, 1970,     1, CLF , NHL , C  , 60.0, 10.0,  20.0,  30.0,  14.0, -21.0,  1.0,     ,  1.0,     ,  0.0, 1.0, 124.0,       ,      ,      ,        ,        ,        ,        ,        ,        ,        ,        ,      
hampste01, 1970,     2, MNS , NHL , C  , 18.0,  4.0,   6.0,  10.0,   4.0, -1.0 ,  1.0,     ,  3.0,     ,  2.0, 0.0,  34.0,   11.0,   3.0,   3.0,     6.0,     0.0,        ,     1.0,        ,     0.0,        ,     0.0,      
hampste01, 1971,     1, MNS , NHL , C  , 78.0,  5.0,  14.0,  19.0,   6.0, -1.0 ,  0.0,     ,  2.0,     ,  0.0, 0.0, 100.0,    7.0,   0.0,   1.0,     1.0,     0.0,        ,     0.0,        ,     0.0,        ,     0.0,      
hampste01, 1972,     1, MFS , WHA , C  , 77.0, 17.0,  45.0,  62.0,  20.0,      ,  4.0,     ,  0.0,     ,  2.0,    ,      ,    5.0,   3.0,   1.0,     4.0,     0.0,        ,     0.0,        ,     0.0,        ,     0.0,      
hampste01, 1973,     1, MFS , WHA , C  , 77.0, 17.0,  38.0,  55.0,   9.0,      ,  2.0,     ,  4.0,     ,  4.0,    ,      ,   11.0,   4.0,   4.0,     8.0,     8.0,        ,        ,        ,        ,        ,     1.0,      
hampste01, 1974,     1, MFS , WHA , C  , 78.0, 17.0,  36.0,  53.0,   6.0, -8.0 ,  1.0,     ,  3.0,     ,  2.0,    , 117.0,   12.0,   1.0,   7.0,     8.0,     0.0,        ,        ,        ,        ,        ,     0.0,      
hampste01, 1975,     1, MFS , WHA , C  , 59.0,  5.0,  14.0,  19.0,  14.0, -3.0 ,  0.0,     ,  1.0,     ,  0.0,    ,  46.0,       ,      ,      ,        ,        ,        ,        ,        ,        ,        ,        ,      
hampste01, 1975,     2, QUN , WHA , C  , 14.0,  4.0,  10.0,  14.0,   2.0, 7.0  ,  0.0,     ,  0.0,     ,  1.0,    ,  18.0,    5.0,   0.0,   2.0,     2.0,    10.0, 1.0    ,        ,        ,        ,        ,        ,      
hamptri01, 1974,     1, CLF , NHL , D  , 78.0,  8.0,  17.0,  25.0,  39.0, -40.0,  1.0,     ,  1.0,     ,  0.0, 0.0,  99.0,       ,      ,      ,        ,        ,        ,        ,        ,        ,        ,        ,      
hamptri01, 1975,     1, CLF , NHL , D  , 73.0, 14.0,  37.0,  51.0,  54.0, -12.0,  8.0,     ,  0.0,     ,  2.0, 1.0, 106.0,       ,      ,      ,        ,        ,        ,        ,        ,        ,        ,        ,      
hamptri01, 1976,     1, CLE , NHL , L  , 57.0, 16.0,  24.0,  40.0,  13.0, -11.0,  5.0,     ,  0.0,     ,  1.0, 2.0, 114.0,       ,      ,      ,        ,        ,        ,        ,        ,        ,        ,        ,      
hamptri01, 1977,     1, CLE , NHL , D  , 77.0, 18.0,  18.0,  36.0,  19.0, -24.0,  3.0,     ,  0.0,     ,  0.0, 1.0, 159.0,       ,      ,      ,        ,        ,        ,        ,        ,        ,        ,        ,      
hamptri01, 1978,     1, LAK , NHL , D  , 49.0,  3.0,  17.0,  20.0,  22.0, 0.0  ,  0.0,     ,  0.0,     ,  0.0, 0.0,  70.0,    2.0,   0.0,   0.0,     0.0,     0.0,        ,     0.0,        ,     0.0,        ,     0.0,      
hamptri01, 1979,     1, LAK , NHL , D  ,  3.0,  0.0,   0.0,   0.0,   0.0, 3.0  ,  0.0,     ,  0.0,     ,  0.0, 0.0,   1.0,       ,      ,      ,        ,        ,        ,        ,        ,        ,        ,        ,      
hamrlro01, 1992,     1, TBL , NHL , D  , 67.0,  6.0,  15.0,  21.0,  71.0, -21.0,  1.0,  7.0,  0.0,  0.0,  1.0, 0.0, 113.0,       ,      ,      ,        ,        ,        ,        ,        ,        ,        ,        ,      
hamrlro01, 1993,     1, TBL , NHL , D  , 64.0,  3.0,  18.0,  21.0, 135.0, -14.0,  0.0,  5.0,  0.0,  0.0,  0.0, 0.0, 158.0,       ,      ,      ,        ,        ,        ,        ,        ,        ,        ,        ,      
hamrlro01, 1994,     1, TBL , NHL , D  , 48.0, 12.0,  11.0,  23.0,  86.0, -18.0,  7.0,  2.0,  1.0,  1.0,  2.0, 0.0, 134.0,       ,      ,      ,        ,        ,        ,        ,        ,        ,        ,        ,      
hamrlro01, 1995,     1, TBL , NHL , D  , 82.0, 16.0,  49.0,  65.0, 103.0, -24.0, 12.0, 30.0,  0.0,  1.0,  2.0, 3.0, 281.0,    5.0,   0.0,   1.0,     1.0,     4.0, -1.0   ,     0.0,     0.0,     0.0,     0.0,     0.0,    10.0
hamrlro01, 1996,     1, TBL , NHL , D  , 79.0, 12.0,  28.0,  40.0,  57.0, -29.0,  6.0, 16.0,  0.0,  1.0,  0.0, 1.0, 238.0,       ,      ,      ,        ,        ,        ,        ,        ,        ,        ,        ,      
hamrlro01, 1997,     1, TBL , NHL , D  , 37.0,  3.0,  12.0,  15.0,  22.0, -18.0,  1.0, 10.0,  0.0,  0.0,  0.0, 0.0,  86.0,       ,      ,      ,        ,        ,        ,        ,        ,        ,        ,        ,      
hamrlro01, 1997,     2, EDM , NHL , D  , 41.0,  6.0,  20.0,  26.0,  48.0, 3.0  ,  4.0, 13.0,  1.0,  0.0,  3.0, 0.0, 112.0,   12.0,   0.0,   6.0,     6.0,    12.0, -4.0   ,     0.0,     6.0,     0.0,     0.0,     0.0,    19.0
hamrlro01, 1998,     1, EDM , NHL , D  , 75.0,  8.0,  24.0,  32.0,  70.0, 9.0  ,  3.0, 14.0,  0.0,  0.0,  0.0, 0.0, 172.0,    3.0,   0.0,   0.0,     0.0,     2.0, 1.0    ,     0.0,     0.0,     0.0,     0.0,     0.0,     1.0
hamrlro01, 1999,     1, EDM , NHL , D  , 80.0,  8.0,  37.0,  45.0,  68.0, 1.0  ,  5.0, 21.0,  0.0,  0.0,  0.0, 1.0, 180.0,    5.0,   0.0,   1.0,     1.0,     4.0, -4.0   ,     0.0,     1.0,     0.0,     0.0,     0.0,    10.0
hamrlro01, 2000,     1, NYI , NHL , D  , 76.0, 16.0,  30.0,  46.0,  92.0, -20.0,  5.0, 13.0,  1.0,  2.0,  4.0, 0.0, 232.0,       ,      ,      ,        ,        ,        ,        ,        ,        ,        ,        ,      
hamrlro01, 2001,     1, NYI , NHL , D  , 70.0, 11.0,  26.0,  37.0,  78.0, 7.0  ,  4.0, 12.0,  1.0,  3.0,  1.0, 0.0, 169.0,    7.0,   1.0,   6.0,     7.0,     6.0, -6.0   ,     0.0,     5.0,     0.0,     0.0,     0.0,    21.0
hamrlro01, 2002,     1, NYI , NHL , D  , 73.0,  9.0,  32.0,  41.0,  87.0, 21.0 ,  3.0, 18.0,  0.0,  2.0,  2.0, 0.0, 151.0,    5.0,   0.0,   2.0,     2.0,     2.0, -2.0   ,     0.0,     0.0,     0.0,     0.0,     0.0,     9.0
hamrlro01, 2003,     1, NYI , NHL , D  , 81.0,  7.0,  22.0,  29.0,  68.0, 2.0  ,  2.0,  9.0,  0.0,  2.0,  2.0, 0.0, 182.0,    5.0,   0.0,   1.0,     1.0,     2.0, 0.0    ,     0.0,     1.0,     0.0,     0.0,     0.0,    10.0
hamrlro01, 2005,     1, CAL , NHL , D  , 51.0,  7.0,  19.0,  26.0,  56.0, 8.0  ,  1.0, 15.0,  1.0,  0.0,  0.0,    ,  89.0,    7.0,   0.0,   2.0,     2.0,     2.0, -7.0   ,     0.0,     1.0,     0.0,     1.0,     0.0,    10.0
hamrlro01, 2006,     1, CAL , NHL , D  , 75.0,  7.0,  31.0,  38.0,  88.0, 22.0 ,  1.0, 17.0,  0.0,  1.0,  1.0,    , 125.0,    6.0,   0.0,   1.0,     1.0,     8.0, -3.0   ,     0.0,     1.0,     0.0,     0.0,     0.0,     9.0
hamrlro01, 2007,     1, MTL , NHL , D  , 77.0,  5.0,  21.0,  26.0,  38.0, 7.0  ,  3.0,  8.0,  0.0,  0.0,  3.0,    , 129.0,   12.0,   1.0,   2.0,     3.0,     8.0, -3.0   ,     0.0,     0.0,     0.0,     0.0,     0.0,    15.0
hamrlro01, 2008,     1, MTL , NHL , D  , 81.0,  6.0,  27.0,  33.0,  62.0, 4.0  ,  0.0,  3.0,  0.0,  3.0,  0.0,    , 143.0,    4.0,   0.0,   0.0,     0.0,     2.0, -5.0   ,     0.0,     0.0,     0.0,     0.0,     0.0,    10.0
hamrlro01, 2009,     1, MTL , NHL , D  , 75.0,  6.0,  20.0,  26.0,  56.0, -2.0 ,  2.0,  7.0,  0.0,  1.0,  1.0,    , 100.0,   19.0,   0.0,   9.0,     9.0,    15.0, -1.0   ,     0.0,     1.0,     0.0,     0.0,     0.0,    21.0
hamrra01 , 1992,     1, OTT , NHL , D  ,  4.0,  0.0,   0.0,   0.0,   0.0, -4.0 ,  0.0,  0.0,  0.0,  0.0,  0.0, 0.0,   2.0,       ,      ,      ,        ,        ,        ,        ,        ,        ,        ,        ,      
hamrra01 , 1993,     1, OTT , NHL , D  ,  7.0,  0.0,   0.0,   0.0,   0.0, -10.0,  0.0,  0.0,  0.0,  0.0,  0.0, 0.0,   5.0,       ,      ,      ,        ,        ,        ,        ,        ,        ,        ,        ,      
hamwama01, 1984,     1, NYI , NHL , R  ,  2.0,  0.0,   0.0,   0.0,   0.0, 0.0  ,  0.0,     ,  0.0,     ,  0.0, 0.0,   1.0,       ,      ,      ,        ,        ,        ,        ,        ,        ,        ,        ,      
hamwama01, 1985,     1, NYI , NHL , R  , 49.0,  5.0,  12.0,  17.0,   9.0, -5.0 ,  1.0,     ,  0.0,     ,  1.0, 0.0,  50.0,    1.0,   0.0,   0.0,     0.0,     0.0, 0.0    ,     0.0,        ,     0.0,        ,     0.0,     0.0
hamwama01, 1986,     1, NYI , NHL , R  ,  2.0,  0.0,   1.0,   1.0,   0.0, -1.0 ,  0.0,     ,  0.0,     ,  0.0, 0.0,   1.0,       ,      ,      ,        ,        ,        ,        ,        ,        ,        ,        ,      
handral01, 1977,     1, CIN , WHA , R  , 14.0,  1.0,   3.0,   4.0,  42.0, 2.0  ,  0.0,     ,  0.0,     ,     ,    ,   9.0,       ,      ,      ,        ,        ,        ,        ,        ,        ,        ,        ,      
handyro01, 1984,     1, NYI , NHL , L  , 10.0,  0.0,   2.0,   2.0,   0.0, -1.0 ,  0.0,     ,  0.0,     ,  0.0, 0.0,   6.0,       ,      ,      ,        ,        ,        ,        ,        ,        ,        ,        ,      
handyro01, 1987,     1, STL , NHL , L  ,  4.0,  0.0,   1.0,   1.0,   0.0, -1.0 ,  0.0,  0.0,  0.0,  0.0,  0.0, 0.0,   4.0,       ,      ,      ,        ,        ,        ,        ,        ,        ,        ,        ,      
handzmi01, 1998,     1, STL , NHL , C  , 66.0,  4.0,  12.0,  16.0,  30.0, -9.0 ,  0.0,  1.0,  0.0,  0.0,  0.0, 0.0,  78.0,   11.0,   0.0,   2.0,     2.0,     8.0, 0.0    ,     0.0,     0.0,     0.0,     0.0,     0.0,    16.0
handzmi01, 1999,     1, STL , NHL , C  , 81.0, 25.0,  28.0,  53.0,  44.0, 19.0 ,  3.0,  4.0,  4.0,  2.0,  5.0, 1.0, 166.0,    7.0,   0.0,   3.0,     3.0,     6.0, -2.0   ,     0.0,     0.0,     0.0,     0.0,     0.0,    16.0
handzmi01, 2000,     1, STL , NHL , C  , 36.0, 10.0,  14.0,  24.0,  12.0, 11.0 ,  3.0,  4.0,  2.0,  1.0,  2.0, 0.0,  58.0,       ,      ,      ,        ,        ,        ,        ,        ,        ,        ,        ,      
handzmi01, 2000,     2, PHO , NHL , C  , 10.0,  4.0,   4.0,   8.0,  21.0, 5.0  ,  0.0,  2.0,  1.0,  0.0,  0.0, 0.0,  14.0,       ,      ,      ,        ,        ,        ,        ,        ,        ,        ,        ,      
handzmi01, 2001,     1, PHO , NHL , C  , 79.0, 15.0,  30.0,  45.0,  34.0, -8.0 ,  3.0,  9.0,  1.0,  0.0,  1.0, 0.0,  94.0,    5.0,   0.0,   0.0,     0.0,     2.0, -2.0   ,     0.0,     0.0,     0.0,     0.0,     0.0,     7.0
handzmi01, 2002,     1, PHI , NHL , C  , 82.0, 23.0,  21.0,  44.0,  46.0, 13.0 ,  1.0,  6.0,  1.0,  0.0,  9.0, 0.0, 133.0,   13.0,   2.0,   6.0,     8.0,     6.0, 3.0    ,     0.0,     2.0,     0.0,     0.0,     1.0,    20.0
handzmi01, 2003,     1, PHI , NHL , C  , 82.0, 20.0,  38.0,  58.0,  82.0, 18.0 ,  7.0, 15.0,  1.0,  0.0,  2.0, 0.0, 135.0,   18.0,   5.0,   5.0,    10.0,    10.0, 7.0    ,     0.0,     0.0,     0.0,     0.0,     0.0,    23.0
handzmi01, 2005,     1, PHI , NHL , C  , 73.0, 11.0,  33.0,  44.0,  38.0, -2.0 ,  2.0, 13.0,  1.0,  4.0,  1.0,    , 113.0,    6.0,   0.0,   2.0,     2.0,     2.0, -2.0   ,     0.0,     0.0,     0.0,     1.0,     0.0,     4.0
handzmi01, 2006,     1, CHI , NHL , C  ,  8.0,  3.0,   5.0,   8.0,   6.0, 4.0  ,  1.0,  3.0,  0.0,  0.0,  0.0,    ,   9.0,       ,      ,      ,        ,        ,        ,        ,        ,        ,        ,        ,      
handzmi01, 2007,     1, LAK , NHL , C  , 82.0,  7.0,  14.0,  21.0,  45.0, -21.0,  0.0,  1.0,  3.0,  1.0,  0.0,    ,  89.0,       ,      ,      ,        ,        ,        ,        ,        ,        ,        ,        ,      
handzmi01, 2008,     1, LAK , NHL , C  , 82.0, 18.0,  24.0,  42.0,  32.0, -7.0 ,  7.0,  9.0,  1.0,  1.0,  4.0,    , 143.0,       ,      ,      ,        ,        ,        ,        ,        ,        ,        ,        ,      
handzmi01, 2009,     1, LAK , NHL , C  , 81.0, 20.0,  22.0,  42.0,  38.0, 4.0  ,  5.0,  5.0,  1.0,  1.0,  6.0,    , 117.0,    6.0,   3.0,   2.0,     5.0,     4.0, -5.0   ,     3.0,     2.0,     0.0,     0.0,     0.0,    17.0
haneyme01, 1972,     1, OTN , WHA , D  ,  7.0,  0.0,   1.0,   1.0,   4.0,      ,  0.0,     ,  0.0,     ,     ,    ,      ,       ,      ,      ,        ,        ,        ,        ,        ,        ,        ,        ,      
hangsal01, 1974,     1, NEW , WHA , D  , 26.0,  0.0,   4.0,   4.0,   8.0, -14.0,  0.0,     ,  0.0,     ,  0.0,    ,  25.0,    6.0,   0.0,   3.0,     3.0,    19.0,        ,     0.0,        ,     0.0,        ,     0.0,      
hangsal01, 1975,     1, NEW , WHA , D  , 78.0,  2.0,  23.0,  25.0,  62.0, -3.0 ,  0.0,     ,  0.0,     ,  0.0,    , 118.0,   13.0,   2.0,   3.0,     5.0,    20.0, 2.0    ,        ,        ,        ,        ,        ,      
hangsal01, 1976,     1, NEW , WHA , D  , 74.0, 13.0,   9.0,  22.0,  79.0, -24.0,  0.0,     ,  0.0,     ,     ,    , 118.0,    4.0,   0.0,   0.0,     0.0,     9.0, -1.0   ,     0.0,        ,     0.0,        ,     0.0,      
hangsal01, 1977,     1, NEW , WHA , D  , 79.0, 11.0,  18.0,  29.0, 140.0, 17.0 ,  0.0,     ,  0.0,     ,     ,    , 152.0,   14.0,   1.0,   4.0,     5.0,    37.0, 2.0    ,        ,        ,        ,        ,     0.0,      
hangsal01, 1978,     1, NEW , WHA , D  , 77.0, 10.0,  19.0,  29.0, 148.0, -1.0 ,  0.0,     ,  0.0,     ,     ,    , 141.0,   10.0,   1.0,   2.0,     3.0,    12.0, 0.0    ,        ,        ,        ,        ,     0.0,      
hangsal01, 1979,     1, HAR , NHL , D  , 37.0,  3.0,  15.0,  18.0,  69.0, 9.0  ,  0.0,     ,  0.0,     ,  1.0, 0.0,  40.0,       ,      ,      ,        ,        ,        ,        ,        ,        ,        ,        ,      
hangsal01, 1979,     2, WAS , NHL , D  , 37.0, 10.0,   7.0,  17.0,  45.0, 1.0  ,  2.0,     ,  0.0,     ,  1.0, 0.0,  67.0,       ,      ,      ,        ,        ,        ,        ,        ,        ,        ,        ,      
hangsal01, 1980,     1, WAS , NHL , D  , 76.0,  5.0,  19.0,  24.0, 198.0, -7.0 ,  0.0,     ,  0.0,     ,  0.0, 1.0, 110.0,       ,      ,      ,        ,        ,        ,        ,        ,        ,        ,        ,      
hangsal01, 1981,     1, WAS , NHL , D  , 17.0,  1.0,   1.0,   2.0,  19.0, -3.0 ,  0.0,     ,  0.0,     ,  0.0, 0.0,  13.0,       ,      ,      ,        ,        ,        ,        ,        ,        ,        ,        ,      
hangsal01, 1981,     2, LAK , NHL , D  , 18.0,  2.0,   6.0,   8.0,  65.0, 3.0  ,  0.0,     ,  0.0,     ,  0.0, 0.0,  18.0,       ,      ,      ,        ,        ,        ,        ,        ,        ,        ,        ,      
hankibe01, 1992,     1, NJD , NHL , R  ,  4.0,  2.0,   1.0,   3.0,   9.0, 2.0  ,  0.0,  0.0,  0.0,  0.0,  0.0, 0.0,   3.0,       ,      ,      ,        ,        ,        ,        ,        ,        ,        ,        ,      
hankibe01, 1993,     1, NJD , NHL , R  , 13.0,  1.0,   0.0,   1.0,  23.0, 0.0  ,  0.0,  0.0,  0.0,  0.0,  1.0, 0.0,  14.0,    2.0,   1.0,   0.0,     1.0,     4.0, 1.0    ,     0.0,     0.0,     0.0,     0.0,     0.0,     3.0
hankibe01, 1994,     1, NJD , NHL , R  ,  8.0,  0.0,   0.0,   0.0,   7.0, -6.0 ,  0.0,  0.0,  0.0,  0.0,  0.0, 0.0,   8.0,       ,      ,      ,        ,        ,        ,        ,        ,        ,        ,        ,      
hankibe01, 1994,     2, TBL , NHL , R  , 18.0,  0.0,   2.0,   2.0,   6.0, 1.0  ,  0.0,  0.0,  0.0,  0.0,  0.0, 0.0,  18.0,       ,      ,      ,        ,        ,        ,        ,        ,        ,        ,        ,      
hankica01, 2000,     1, CHI , NHL , L  , 11.0,  0.0,   1.0,   1.0,   9.0, -3.0 ,  0.0,  0.0,  0.0,  0.0,  0.0, 0.0,  15.0,       ,      ,      ,        ,        ,        ,        ,        ,        ,        ,        ,      
hankica01, 2001,     1, CHI , NHL , L  ,  3.0,  0.0,   0.0,   0.0,   0.0, -2.0 ,  0.0,  0.0,  0.0,  0.0,  0.0, 0.0,   1.0,       ,      ,      ,        ,        ,        ,        ,        ,        ,        ,        ,      
hankica01, 2003,     1, ANA , NHL , L  ,  4.0,  0.0,   0.0,   0.0,   4.0, 0.0  ,  0.0,  0.0,  0.0,  0.0,  0.0, 0.0,   0.0,       ,      ,      ,        ,        ,        ,        ,        ,        ,        ,        ,      
hanlogl01, 1977,     1, VAN , NHL , G  ,  4.0,  0.0,   0.0,   0.0,   2.0, 0.0  ,  0.0,     ,  0.0,     ,  0.0, 0.0,   0.0,       ,      ,      ,        ,        ,        ,        ,        ,        ,        ,        ,      
hanlogl01, 1978,     1, VAN , NHL , G  , 31.0,  0.0,   1.0,   1.0,  30.0, 0.0  ,  0.0,     ,  0.0,     ,  0.0, 0.0,   0.0,       ,      ,      ,        ,        ,        ,        ,        ,        ,        ,        ,      
hanlogl01, 1979,     1, VAN , NHL , G  , 57.0,  0.0,   1.0,   1.0,  43.0, 0.0  ,  0.0,     ,  0.0,     ,  0.0, 0.0,   0.0,    2.0,   0.0,   0.0,     0.0,     0.0,        ,     0.0,        ,     0.0,        ,     0.0,      
hanlogl01, 1980,     1, VAN , NHL , G  , 17.0,  0.0,   1.0,   1.0,  10.0, 0.0  ,  0.0,     ,  0.0,     ,  0.0, 0.0,   0.0,       ,      ,      ,        ,        ,        ,        ,        ,        ,        ,        ,      
hanlogl01, 1981,     1, VAN , NHL , G  , 28.0,  0.0,   0.0,   0.0,  22.0, 0.0  ,  0.0,     ,  0.0,     ,  0.0, 0.0,   0.0,       ,      ,      ,        ,        ,        ,        ,        ,        ,        ,        ,      
hanlogl01, 1981,     2, STL , NHL , G  ,  2.0,  0.0,   0.0,   0.0,   0.0, 0.0  ,  0.0,     ,  0.0,     ,  0.0, 0.0,   0.0,    3.0,   0.0,   0.0,     0.0,     0.0,        ,     0.0,        ,     0.0,        ,     0.0,      
hanlogl01, 1982,     1, STL , NHL , G  , 14.0,  0.0,   0.0,   0.0,   0.0, 0.0  ,  0.0,     ,  0.0,     ,  0.0, 0.0,   0.0,       ,      ,      ,        ,        ,        ,        ,        ,        ,        ,        ,      
hanlogl01, 1982,     2, NYR , NHL , G  , 21.0,  0.0,   0.0,   0.0,   2.0, 0.0  ,  0.0,     ,  0.0,     ,  0.0, 0.0,   0.0,    1.0,   0.0,   0.0,     0.0,    14.0,        ,     0.0,        ,     0.0,        ,     0.0,      
hanlogl01, 1983,     1, NYR , NHL , G  , 50.0,  0.0,   2.0,   2.0,  30.0, 0.0  ,  0.0,     ,  0.0,     ,  0.0, 0.0,   0.0,    5.0,   0.0,   0.0,     0.0,     6.0, 0.0    ,     0.0,        ,     0.0,        ,     0.0,     0.0
hanlogl01, 1984,     1, NYR , NHL , G  , 44.0,  0.0,   0.0,   0.0,   4.0, 0.0  ,  0.0,     ,  0.0,     ,  0.0, 0.0,   0.0,    3.0,   0.0,   0.0,     0.0,     0.0, 0.0    ,     0.0,        ,     0.0,        ,     0.0,     0.0
hanlogl01, 1985,     1, NYR , NHL , G  , 23.0,  0.0,   1.0,   1.0,   4.0, 0.0  ,  0.0,     ,  0.0,     ,  0.0, 0.0,   0.0,    3.0,   0.0,   0.0,     0.0,     0.0, 0.0    ,     0.0,        ,     0.0,        ,     0.0,     0.0
hanlogl01, 1986,     1, DET , NHL , G  , 36.0,  0.0,   0.0,   0.0,  20.0, 0.0  ,  0.0,     ,  0.0,     ,  0.0, 0.0,   0.0,    8.0,   0.0,   0.0,     0.0,     2.0, 0.0    ,     0.0,        ,     0.0,        ,     0.0,     0.0
hanlogl01, 1987,     1, DET , NHL , G  , 47.0,  0.0,   1.0,   1.0,  30.0, 0.0  ,  0.0,     ,  0.0,     ,  0.0, 0.0,   2.0,    8.0,   0.0,   0.0,     0.0,     0.0, 0.0    ,     0.0,     0.0,     0.0,     0.0,     0.0,     3.0
hanlogl01, 1988,     1, DET , NHL , G  , 39.0,  0.0,   1.0,   1.0,  12.0, 0.0  ,  0.0,     ,  0.0,     ,  0.0, 0.0,   0.0,    2.0,   0.0,   0.0,     0.0,     0.0, 0.0    ,     0.0,     0.0,     0.0,     0.0,     0.0,     0.0
hanlogl01, 1989,     1, DET , NHL , G  , 45.0,  0.0,   3.0,   3.0,  24.0, 0.0  ,  0.0,     ,  0.0,     ,  0.0, 0.0,   0.0,       ,      ,      ,        ,        ,        ,        ,        ,        ,        ,        ,      
hanlogl01, 1990,     1, DET , NHL , G  , 19.0,  0.0,   0.0,   0.0,   4.0, 0.0  ,  0.0,  0.0,  0.0,  0.0,  0.0, 0.0,   0.0,       ,      ,      ,        ,        ,        ,        ,        ,        ,        ,        ,      
hannada01, 1981,     1, PIT , NHL , C  ,  1.0,  0.0,   0.0,   0.0,   0.0, -2.0 ,  0.0,     ,  0.0,     ,  0.0, 0.0,   0.0,       ,      ,      ,        ,        ,        ,        ,        ,        ,        ,        ,      
hannada01, 1982,     1, PIT , NHL , C  , 74.0, 11.0,  22.0,  33.0, 127.0, -28.0,  2.0,     ,  0.0,     ,  3.0, 0.0,  95.0,       ,      ,      ,        ,        ,        ,        ,        ,        ,        ,        ,      
hannada01, 1983,     1, PIT , NHL , C  , 24.0,  2.0,   3.0,   5.0,  33.0, -2.0 ,  0.0,     ,  1.0,     ,  1.0, 0.0,  21.0,       ,      ,      ,        ,        ,        ,        ,        ,        ,        ,        ,      
hannada01, 1984,     1, PIT , NHL , L  , 30.0,  6.0,   7.0,  13.0,  43.0, -8.0 ,  0.0,     ,  1.0,     ,  1.0, 0.0,  38.0,       ,      ,      ,        ,        ,        ,        ,        ,        ,        ,        ,      
hannada01, 1985,     1, PIT , NHL , L  , 75.0, 17.0,  18.0,  35.0,  91.0, -4.0 ,  0.0,     ,  3.0,     ,  1.0, 0.0, 100.0,       ,      ,      ,        ,        ,        ,        ,        ,        ,        ,        ,      
hannada01, 1986,     1, PIT , NHL , C  , 58.0, 10.0,  15.0,  25.0,  56.0, -2.0 ,  0.0,     ,  1.0,     ,  2.0, 0.0,  85.0,       ,      ,      ,        ,        ,        ,        ,        ,        ,        ,        ,      
hannada01, 1987,     1, PIT , NHL , C  , 21.0,  4.0,   3.0,   7.0,  23.0, -2.0 ,  0.0,  0.0,  1.0,  0.0,  1.0, 0.0,  34.0,       ,      ,      ,        ,        ,        ,        ,        ,        ,        ,        ,      
hannada01, 1987,     2, EDM , NHL , C  , 51.0,  9.0,  11.0,  20.0,  43.0, 12.0 ,  0.0,  0.0,  2.0,  0.0,  2.0, 1.0,  62.0,   12.0,   1.0,   1.0,     2.0,     8.0, -3.0   ,     0.0,     0.0,     0.0,     0.0,     1.0,    11.0
hannada01, 1988,     1, PIT , NHL , C  , 72.0, 10.0,  20.0,  30.0, 157.0, -12.0,  2.0,  1.0,  1.0,  0.0,  3.0, 0.0,  72.0,    8.0,   0.0,   1.0,     1.0,     4.0, 0.0    ,     0.0,     0.0,     0.0,     0.0,     0.0,     5.0
hannada01, 1989,     1, TOR , NHL , C  , 39.0,  6.0,   9.0,  15.0,  55.0, -12.0,  0.0,  0.0,  1.0,  0.0,  0.0, 0.0,  39.0,    3.0,   1.0,   0.0,     1.0,     4.0, -2.0   ,     0.0,     0.0,     0.0,     0.0,     1.0,     6.0
hannada01, 1990,     1, TOR , NHL , C  , 74.0, 11.0,  23.0,  34.0,  82.0, -9.0 ,  0.0,  2.0,  1.0,  6.0,  2.0, 0.0,  72.0,       ,      ,      ,        ,        ,        ,        ,        ,        ,        ,        ,      
hannada01, 1991,     1, TOR , NHL , C  , 35.0,  2.0,   2.0,   4.0,  16.0, -10.0,  0.0,  0.0,  1.0,  1.0,  0.0, 0.0,  24.0,       ,      ,      ,        ,        ,        ,        ,        ,        ,        ,        ,      
hannada01, 1991,     2, BUF , NHL , C  , 12.0,  2.0,   4.0,   6.0,  48.0, 1.0  ,  0.0,  1.0,  2.0,  0.0,  0.0, 1.0,   8.0,    7.0,   2.0,   0.0,     2.0,     2.0, -4.0   ,     2.0,     0.0,     0.0,     0.0,     0.0,     9.0
hannada01, 1992,     1, BUF , NHL , C  , 55.0,  5.0,  15.0,  20.0,  43.0, 8.0  ,  0.0,  2.0,  0.0,  1.0,  0.0, 0.0,  43.0,    8.0,   1.0,   1.0,     2.0,    18.0, 1.0    ,     0.0,     0.0,     0.0,     0.0,     0.0,     5.0
hannada01, 1993,     1, BUF , NHL , C  , 83.0,  6.0,  15.0,  21.0,  53.0, 10.0 ,  0.0,  0.0,  3.0,  5.0,  1.0, 0.0,  40.0,    7.0,   1.0,   0.0,     1.0,     6.0, 1.0    ,     0.0,     0.0,     0.0,     0.0,     1.0,     8.0
hannada01, 1994,     1, BUF , NHL , C  , 42.0,  4.0,  12.0,  16.0,  32.0, 3.0  ,  0.0,  1.0,  2.0,  3.0,  0.0, 0.0,  36.0,    5.0,   0.0,   2.0,     2.0,     2.0, 2.0    ,     0.0,     0.0,     0.0,     1.0,     0.0,     1.0
hannada01, 1995,     1, BUF , NHL , L  , 57.0,  6.0,  10.0,  16.0,  30.0, 2.0  ,  1.0,  0.0,  1.0,  2.0,  2.0, 0.0,  40.0,       ,      ,      ,        ,        ,        ,        ,        ,        ,        ,        ,      
hannada01, 1995,     2, COL , NHL , L  ,  4.0,  1.0,   0.0,   1.0,   2.0, 1.0  ,  0.0,  0.0,  0.0,  0.0,  0.0, 0.0,   1.0,   13.0,   0.0,   2.0,     2.0,     2.0, 3.0    ,     0.0,     0.0,     0.0,     0.0,     0.0,     2.0
hannada01, 1996,     1, OTT , NHL , C  , 34.0,  2.0,   2.0,   4.0,   8.0, -1.0 ,  0.0,  0.0,  1.0,  1.0,  1.0, 0.0,  16.0,       ,      ,      ,        ,        ,        ,        ,        ,        ,        ,        ,      
hannajo01, 1958,     1, NYR , NHL , D  , 70.0,  1.0,  10.0,  11.0,  83.0,      ,     ,     ,     ,     ,     ,    ,      ,       ,      ,      ,        ,        ,        ,        ,        ,        ,        ,        ,      
hannajo01, 1959,     1, NYR , NHL , D  , 61.0,  4.0,   8.0,  12.0,  87.0,      ,     ,     ,     ,     ,     ,    ,      ,       ,      ,      ,        ,        ,        ,        ,        ,        ,        ,        ,      
hannajo01, 1960,     1, NYR , NHL , D  , 46.0,  1.0,   8.0,   9.0,  34.0,      ,     ,     ,     ,     ,     ,    ,      ,       ,      ,      ,        ,        ,        ,        ,        ,        ,        ,        ,      
hannajo01, 1963,     1, MTL , NHL , D  ,  6.0,  0.0,   0.0,   0.0,   2.0,      ,  0.0,     ,  0.0,     ,  0.0, 0.0,      ,       ,      ,      ,        ,        ,        ,        ,        ,        ,        ,        ,      
hannajo01, 1967,     1, PHI , NHL , D  , 15.0,  0.0,   0.0,   0.0,   0.0, 1.0  ,  0.0,     ,  0.0,     ,  0.0, 0.0,   4.0,       ,      ,      ,        ,        ,        ,        ,        ,        ,        ,        ,      
hannajo01, 1972,     1, CLC , WHA , D  , 66.0,  6.0,  20.0,  26.0,  68.0,      ,  3.0,     ,  0.0,     ,     ,    ,      ,       ,      ,      ,        ,        ,        ,        ,        ,        ,        ,        ,      
hannasc01, 1998,     1, SJS , NHL , D  ,  5.0,  0.0,   2.0,   2.0,   6.0, 0.0  ,  0.0,  1.0,  0.0,  0.0,  0.0, 0.0,   4.0,       ,      ,      ,        ,        ,        ,        ,        ,        ,        ,        ,      
hannasc01, 1999,     1, SJS , NHL , D  , 30.0,  1.0,   2.0,   3.0,  10.0, 7.0  ,  0.0,  0.0,  0.0,  0.0,  0.0, 0.0,  28.0,    1.0,   0.0,   1.0,     1.0,     0.0, 0.0    ,     0.0,     1.0,     0.0,     0.0,     0.0,     2.0
hannasc01, 2000,     1, SJS , NHL , D  , 75.0,  3.0,  14.0,  17.0,  51.0, 10.0 ,  0.0,  2.0,  0.0,  1.0,  1.0, 0.0,  96.0,    6.0,   0.0,   1.0,     1.0,     6.0, -1.0   ,     0.0,     0.0,     0.0,     0.0,     0.0,    20.0
hannasc01, 2001,     1, SJS , NHL , D  , 75.0,  2.0,  12.0,  14.0,  57.0, 10.0 ,  0.0,  1.0,  0.0,  1.0,  1.0, 0.0,  68.0,   12.0,   0.0,   2.0,     2.0,    12.0, -1.0   ,     0.0,     0.0,     0.0,     0.0,     0.0,    10.0
hannasc01, 2002,     1, SJS , NHL , D  , 81.0,  3.0,  19.0,  22.0,  61.0, 0.0  ,  1.0,  4.0,  0.0,  1.0,  0.0, 0.0, 103.0,       ,      ,      ,        ,        ,        ,        ,        ,        ,        ,        ,      
hannasc01, 2003,     1, SJS , NHL , D  , 82.0,  6.0,  15.0,  21.0,  48.0, 10.0 ,  0.0,  2.0,  0.0,  0.0,  0.0, 0.0, 114.0,   17.0,   1.0,   5.0,     6.0,    22.0, 7.0    ,     1.0,     1.0,     0.0,     0.0,     1.0,    25.0
hannasc01, 2005,     1, SJS , NHL , D  , 81.0,  6.0,  18.0,  24.0,  58.0, 7.0  ,  2.0,  8.0,  0.0,  1.0,  1.0,    , 104.0,   11.0,   0.0,   1.0,     1.0,     6.0, 0.0    ,     0.0,     1.0,     0.0,     0.0,     0.0,    12.0
hannasc01, 2006,     1, SJS , NHL , D  , 79.0,  4.0,  20.0,  24.0,  38.0, 1.0  ,  0.0,  5.0,  1.0,  0.0,  1.0,    ,  79.0,   11.0,   0.0,   2.0,     2.0,    33.0, 4.0    ,     0.0,     0.0,     0.0,     0.0,     0.0,     6.0
hannasc01, 2007,     1, COL , NHL , D  , 82.0,  2.0,  19.0,  21.0,  55.0, -5.0 ,  0.0,  1.0,  0.0,  1.0,  0.0,    ,  79.0,    9.0,   0.0,   1.0,     1.0,     4.0, 0.0    ,     0.0,     0.0,     0.0,     0.0,     0.0,    10.0
hannasc01, 2008,     1, COL , NHL , D  , 81.0,  1.0,   9.0,  10.0,  26.0, -21.0,  0.0,  0.0,  0.0,  0.0,  0.0,    ,  70.0,       ,      ,      ,        ,        ,        ,        ,        ,        ,        ,        ,      
hannasc01, 2009,     1, COL , NHL , D  , 81.0,  2.0,  14.0,  16.0,  40.0, 2.0  ,  0.0,  0.0,  0.0,  1.0,  0.0,    ,  53.0,    6.0,   0.0,   0.0,     0.0,     4.0, 3.0    ,     0.0,     0.0,     0.0,     0.0,     0.0,     3.0
hannigo01, 1952,     1, TOR , NHL , C  , 65.0, 17.0,  18.0,  35.0,  51.0,      ,     ,     ,     ,     ,     ,    ,      ,       ,      ,      ,        ,        ,        ,        ,        ,        ,        ,        ,      
hannigo01, 1953,     1, TOR , NHL , C  , 35.0,  4.0,   4.0,   8.0,  18.0,      ,     ,     ,     ,     ,     ,    ,      ,    5.0,   2.0,   0.0,     2.0,     4.0,        ,        ,        ,        ,        ,        ,      
hannigo01, 1954,     1, TOR , NHL , C  , 13.0,  0.0,   2.0,   2.0,   8.0,      ,     ,     ,     ,     ,     ,    ,      ,       ,      ,      ,        ,        ,        ,        ,        ,        ,        ,        ,      
hannigo01, 1955,     1, TOR , NHL , C  , 48.0,  8.0,   7.0,  15.0,  40.0,      ,     ,     ,     ,     ,     ,    ,      ,    4.0,   0.0,   0.0,     0.0,     4.0,        ,        ,        ,        ,        ,        ,      
hannipa01, 1959,     1, TOR , NHL , L  ,  1.0,  0.0,   0.0,   0.0,   0.0,      ,     ,     ,     ,     ,     ,    ,      ,       ,      ,      ,        ,        ,        ,        ,        ,        ,        ,        ,      
hannipa01, 1960,     1, NYR , NHL , L  , 53.0, 11.0,   9.0,  20.0,  24.0,      ,     ,     ,     ,     ,     ,    ,      ,       ,      ,      ,        ,        ,        ,        ,        ,        ,        ,        ,      
hannipa01, 1961,     1, NYR , NHL , L  , 56.0,  8.0,  14.0,  22.0,  34.0,      ,     ,     ,     ,     ,     ,    ,      ,    4.0,   0.0,   0.0,     0.0,     2.0,        ,        ,        ,        ,        ,     0.0,      
hannipa01, 1967,     1, PHI , NHL , R  , 65.0, 11.0,  15.0,  26.0,  36.0, 6.0  ,  0.0,     ,  0.0,     ,  2.0, 0.0,  63.0,    7.0,   1.0,   2.0,     3.0,     9.0,        ,     0.0,        ,     0.0,        ,     0.0,      
hannipa01, 1968,     1, PHI , NHL , L  ,  7.0,  0.0,   1.0,   1.0,  22.0, -4.0 ,  0.0,     ,  0.0,     ,  0.0, 0.0,   5.0,       ,      ,      ,        ,        ,        ,        ,        ,        ,        ,        ,      
hannira01, 1948,     1, TOR , NHL , R  ,  3.0,  0.0,   0.0,   0.0,   2.0,      ,     ,     ,     ,     ,     ,    ,      ,       ,      ,      ,        ,        ,        ,        ,        ,        ,        ,        ,      
hanseja01, 2006,     1, VAN , NHL , L  ,     ,     ,      ,      ,      ,      ,     ,     ,     ,     ,     ,    ,      ,   10.0,   0.0,   1.0,     1.0,     4.0, 0.0    ,     0.0,     0.0,     0.0,     0.0,     0.0,    17.0
hanseja01, 2007,     1, VAN , NHL , R  ,  5.0,  0.0,   0.0,   0.0,   2.0, 0.0  ,  0.0,  0.0,  0.0,  0.0,  0.0,    ,   3.0,       ,      ,      ,        ,        ,        ,        ,        ,        ,        ,        ,      
hanseja01, 2008,     1, VAN , NHL , R  , 55.0,  6.0,  15.0,  21.0,  37.0, 5.0  ,  0.0,  0.0,  0.0,  1.0,  1.0,    ,  64.0,    2.0,   0.0,   0.0,     0.0,     0.0, 0.0    ,     0.0,     0.0,     0.0,     0.0,     0.0,     0.0
hanseja01, 2009,     1, VAN , NHL , L  , 47.0,  9.0,   6.0,  15.0,  18.0, -5.0 ,  0.0,  0.0,  1.0,  0.0,  3.0,    ,  67.0,   12.0,   1.0,   2.0,     3.0,     4.0, 1.0    ,     0.0,     0.0,     0.0,     0.0,     0.0,    12.0
hanseri01, 1976,     1, NYI , NHL , C  ,  4.0,  1.0,   0.0,   1.0,   0.0, -1.0 ,  0.0,     ,  0.0,     ,  0.0, 0.0,   9.0,       ,      ,      ,        ,        ,        ,        ,        ,        ,        ,        ,      
hanseri01, 1977,     1, NYI , NHL , C  ,  2.0,  0.0,   0.0,   0.0,   0.0, 0.0  ,  0.0,     ,  0.0,     ,  0.0, 0.0,   2.0,       ,      ,      ,        ,        ,        ,        ,        ,        ,        ,        ,      
hanseri01, 1978,     1, NYI , NHL , C  , 12.0,  1.0,   6.0,   7.0,   4.0, 9.0  ,  0.0,     ,  0.0,     ,  0.0, 0.0,  10.0,       ,      ,      ,        ,        ,        ,        ,        ,        ,        ,        ,      
hanseri01, 1981,     1, STL , NHL , C  ,  2.0,  0.0,   2.0,   2.0,   0.0, 2.0  ,  0.0,     ,  0.0,     ,  0.0, 0.0,   4.0,       ,      ,      ,        ,        ,        ,        ,        ,        ,        ,        ,      
hanseta01, 1994,     1, WIN , NHL , C  ,  1.0,  0.0,   0.0,   0.0,   0.0, 0.0  ,  0.0,  0.0,  0.0,  0.0,  0.0, 0.0,   0.0,       ,      ,      ,        ,        ,        ,        ,        ,        ,        ,        ,      
hanseta01, 1996,     1, PHO , NHL , C  ,  1.0,  0.0,   0.0,   0.0,   0.0, 0.0  ,  0.0,  0.0,  0.0,  0.0,  0.0, 0.0,   0.0,       ,      ,      ,        ,        ,        ,        ,        ,        ,        ,        ,      
hanseta01, 1998,     1, PHO , NHL , C  , 20.0,  2.0,   1.0,   3.0,  12.0, -4.0 ,  0.0,  0.0,  0.0,  0.0,  0.0, 0.0,  14.0,    2.0,   0.0,   0.0,     0.0,     0.0, 1.0    ,     0.0,     0.0,     0.0,     0.0,     0.0,     1.0
hanseta01, 1999,     1, PHO , NHL , C  ,  5.0,  0.0,   0.0,   0.0,   0.0, 0.0  ,  0.0,  0.0,  0.0,  0.0,  0.0, 0.0,   2.0,       ,      ,      ,        ,        ,        ,        ,        ,        ,        ,        ,      
hanseta01, 2000,     1, PHO , NHL , R  ,  7.0,  0.0,   0.0,   0.0,   4.0, -1.0 ,  0.0,  0.0,  0.0,  0.0,  0.0, 0.0,   2.0,       ,      ,      ,        ,        ,        ,        ,        ,        ,        ,        ,      
hansiro01, 1976,     1, HOU , WHA , R  , 22.0,  4.0,   3.0,   7.0,   6.0, -4.0 ,  0.0,     ,  0.0,     ,     ,    ,  24.0,    8.0,   1.0,   1.0,     2.0,     4.0, 0.0    ,        ,        ,        ,        ,     1.0,      
hansiro01, 1977,     1, HOU , WHA , R  , 78.0, 13.0,   9.0,  22.0,  51.0, 0.0  ,  1.0,     ,  0.0,     ,     ,    ,  62.0,    6.0,   1.0,   1.0,     2.0,     4.0, 0.0    ,        ,        ,        ,        ,     0.0,      
hansoch01, 2008,     1, TOR , NHL , C  ,  5.0,  1.0,   1.0,   2.0,   2.0, -1.0 ,  0.0,  0.0,  0.0,  0.0,  0.0,    ,   9.0,       ,      ,      ,        ,        ,        ,        ,        ,        ,        ,        ,      
hansoch01, 2009,     1, TOR , NHL , R  , 31.0,  2.0,   5.0,   7.0,  16.0, -2.0 ,  0.0,  0.0,  1.0,  0.0,  0.0,    ,  45.0,       ,      ,      ,        ,        ,        ,        ,        ,        ,        ,        ,      
hansoda01, 1976,     1, MF2 , WHA , D  ,  7.0,  0.0,   2.0,   2.0,  35.0, -9.0 ,  0.0,     ,  0.0,     ,  0.0,    ,   4.0,       ,      ,      ,        ,        ,        ,        ,        ,        ,        ,        ,      
hansoda01, 1976,     2, NEW , WHA , D  ,  1.0,  0.0,   0.0,   0.0,   9.0, 0.0  ,  0.0,     ,  0.0,     ,  0.0,    ,   0.0,    1.0,   0.0,   0.0,     0.0,     0.0,        ,     0.0,        ,     0.0,        ,     0.0,      
hansoda01, 1977,     1, BIR , WHA , D  , 42.0,  7.0,  16.0,  23.0, 241.0, 10.0 ,  0.0,     ,  0.0,     ,     ,    ,  39.0,    5.0,   0.0,   1.0,     1.0,    48.0, -1.0   ,        ,        ,        ,        ,     0.0,      
hansoda01, 1978,     1, DET , NHL , D  , 11.0,  0.0,   0.0,   0.0,  26.0, -1.0 ,  0.0,     ,  0.0,     ,  0.0, 0.0,   5.0,       ,      ,      ,        ,        ,        ,        ,        ,        ,        ,        ,      
hansoda01, 1978,     2, BIR , WHA , D  , 53.0,  6.0,  22.0,  28.0, 212.0, -8.0 ,  0.0,     ,  0.0,     ,     ,    ,  66.0,       ,      ,      ,        ,        ,        ,        ,        ,        ,        ,        ,      
hansoda01, 1979,     1, MNS , NHL , D  , 22.0,  1.0,   1.0,   2.0,  39.0, -5.0 ,  0.0,     ,  0.0,     ,  0.0, 0.0,  11.0,       ,      ,      ,        ,        ,        ,        ,        ,        ,        ,        ,      
hansoem01, 1932,     1, DET , NHL , D  ,  7.0,  0.0,   0.0,   0.0,   6.0,      ,     ,     ,     ,     ,     ,    ,      ,       ,      ,      ,        ,        ,        ,        ,        ,        ,        ,        ,      
hansoke01, 1983,     1, CAL , NHL , D  , 25.0,  0.0,   2.0,   2.0,  77.0, -13.0,  0.0,     ,  0.0,     ,  0.0, 0.0,  19.0,       ,      ,      ,        ,        ,        ,        ,        ,        ,        ,        ,      
hansoos01, 1937,     1, CHI , NHL , C  ,  8.0,  0.0,   0.0,   0.0,   0.0,      ,     ,     ,     ,     ,     ,    ,      ,       ,      ,      ,        ,        ,        ,        ,        ,        ,        ,        ,      
hanzama01, 2007,     1, PHO , NHL , C  , 72.0,  8.0,  27.0,  35.0,  28.0, -7.0 ,  1.0, 11.0,  1.0,  0.0,  3.0,    , 111.0,       ,      ,      ,        ,        ,        ,        ,        ,        ,        ,        ,      
hanzama01, 2008,     1, PHO , NHL , C  , 74.0, 11.0,  20.0,  31.0,  40.0, -4.0 ,  0.0,  2.0,  2.0,  1.0,  2.0,    ,  97.0,       ,      ,      ,        ,        ,        ,        ,        ,        ,        ,        ,      
hanzama01, 2009,     1, PHO , NHL , C  , 81.0, 11.0,  22.0,  33.0, 104.0, 0.0  ,  2.0,  4.0,  0.0,  0.0,  0.0,    , 147.0,    7.0,   0.0,   3.0,     3.0,    10.0, -3.0   ,     0.0,     0.0,     0.0,     0.0,     0.0,    29.0
harbani01, 1969,     1, PIT , NHL , R  , 74.0,  5.0,  17.0,  22.0,  56.0, -7.0 ,  2.0,     ,  0.0,     ,  1.0, 0.0, 119.0,   10.0,   3.0,   0.0,     3.0,    20.0,        ,     0.0,        ,     0.0,        ,     1.0,      
harbani01, 1970,     1, PIT , NHL , R  , 78.0, 13.0,  12.0,  25.0, 108.0, -9.0 ,  2.0,     ,  1.0,     ,  1.0, 1.0, 147.0,       ,      ,      ,        ,        ,        ,        ,        ,        ,        ,        ,      
harbani01, 1971,     1, PIT , NHL , R  , 78.0, 12.0,  17.0,  29.0,  46.0, -13.0,  3.0,     ,  0.0,     ,  1.0, 0.0, 140.0,    4.0,   0.0,   1.0,     1.0,     0.0,        ,     0.0,        ,     0.0,        ,     0.0,      
harbani01, 1972,     1, PIT , NHL , R  , 78.0, 10.0,  15.0,  25.0,  47.0, -11.0,  0.0,     ,  2.0,     ,  1.0, 0.0,  96.0,       ,      ,      ,        ,        ,        ,        ,        ,        ,        ,        ,      
harbani01, 1973,     1, STL , NHL , R  , 56.0,  5.0,  14.0,  19.0,  16.0, 4.0  ,  0.0,     ,  1.0,     ,  1.0, 1.0,  49.0,       ,      ,      ,        ,        ,        ,        ,        ,        ,        ,        ,      
harbani01, 1974,     1, IND , WHA , R  , 78.0, 20.0,  23.0,  43.0,  52.0, -22.0,  3.0,     ,  1.0,     ,     ,    , 157.0,       ,      ,      ,        ,        ,        ,        ,        ,        ,        ,        ,      
harbani01, 1975,     1, IND , WHA , R  , 76.0, 23.0,  19.0,  42.0,  26.0, 10.0 ,  2.0,     ,  2.0,     ,  4.0,    , 170.0,    7.0,   2.0,   0.0,     2.0,    10.0, 2.0    ,        ,        ,        ,        ,        ,      
harbani01, 1976,     1, IND , WHA , R  , 27.0,  2.0,   2.0,   4.0,   2.0, -16.0,  0.0,     ,  0.0,     ,     ,    ,  28.0,    6.0,   1.0,   1.0,     2.0,     0.0, -1.0   ,        ,        ,        ,        ,     0.0,      
hardije01, 1988,     1, PHI , NHL , R  ,  6.0,  0.0,   0.0,   0.0,  29.0, 1.0  ,  0.0,  0.0,  0.0,  0.0,  0.0, 0.0,  11.0,       ,      ,      ,        ,        ,        ,        ,        ,        ,        ,        ,      
hardije01, 1989,     1, PHI , NHL , R  ,  9.0,  0.0,   0.0,   0.0,  18.0, -1.0 ,  0.0,  0.0,  0.0,  0.0,  0.0, 0.0,  11.0,       ,      ,      ,        ,        ,        ,        ,        ,        ,        ,        ,      
hardijo01, 2005,     1, MIN , NHL , G  ,  3.0,  0.0,   0.0,   0.0,   0.0, 0.0  ,  0.0,  0.0,  0.0,  0.0,  0.0,    ,   0.0,       ,      ,      ,        ,        ,        ,        ,        ,        ,        ,        ,      
hardijo01, 2006,     1, MIN , NHL , G  ,  7.0,  0.0,   0.0,   0.0,   0.0, 0.0  ,  0.0,  0.0,  0.0,  0.0,  0.0,    ,   0.0,       ,      ,      ,        ,        ,        ,        ,        ,        ,        ,        ,      
hardijo01, 2007,     1, MIN , NHL , G  , 29.0,  0.0,   1.0,   1.0,   0.0, 0.0  ,  0.0,  0.0,  0.0,  0.0,  0.0,    ,   0.0,    1.0,   0.0,   0.0,     0.0,     0.0, 0.0    ,     0.0,     0.0,     0.0,     0.0,     0.0,     0.0
hardijo01, 2008,     1, MIN , NHL , G  , 19.0,  0.0,   0.0,   0.0,   2.0, 0.0  ,  0.0,  0.0,  0.0,  0.0,  0.0,    ,   0.0,       ,      ,      ,        ,        ,        ,        ,        ,        ,        ,        ,      
hardijo01, 2009,     1, MIN , NHL , G  , 25.0,  0.0,   1.0,   1.0,   4.0, 0.0  ,  0.0,  1.0,  0.0,  0.0,  0.0,    ,   0.0,       ,      ,      ,        ,        ,        ,        ,        ,        ,        ,        ,      
hardyjo01, 1969,     1, OAK , NHL , C  , 23.0,  5.0,   4.0,   9.0,  20.0, -8.0 ,  1.0,     ,  1.0,     ,  1.0, 0.0,  38.0,    4.0,   0.0,   0.0,     0.0,     0.0,        ,     0.0,        ,     0.0,        ,     0.0,      
hardyjo01, 1970,     1, CLF , NHL , C  , 40.0,  4.0,  10.0,  14.0,  31.0, -14.0,  1.0,     ,  0.0,     ,  0.0, 1.0,  43.0,       ,      ,      ,        ,        ,        ,        ,        ,        ,        ,        ,      
hardyjo01, 1972,     1, CLC , WHA , C  , 72.0, 17.0,  33.0,  50.0,  80.0,      ,  1.0,     ,  0.0,     ,     ,    ,      ,    7.0,   0.0,   2.0,     2.0,     0.0,        ,     0.0,        ,     0.0,        ,     0.0,      
hardyjo01, 1973,     1, CHC , WHA , C  , 77.0, 24.0,  35.0,  59.0,  55.0,      ,  4.0,     ,  0.0,     ,  2.0,    ,      ,   17.0,   4.0,   8.0,    12.0,    13.0,        ,        ,        ,        ,        ,     0.0,      
hardyjo01, 1974,     1, CHC , WHA , C  , 17.0,  1.0,   6.0,   7.0,   8.0,      ,  0.0,     ,  0.0,     ,     ,    ,  14.0,       ,      ,      ,        ,        ,        ,        ,        ,        ,        ,        ,      
hardyjo01, 1974,     2, IND , WHA , C  , 32.0,  2.0,  17.0,  19.0,  36.0,      ,  0.0,     ,  0.0,     ,     ,    ,  64.0,       ,      ,      ,        ,        ,        ,        ,        ,        ,        ,        ,      
hardyjo01, 1974,     3, SDM , WHA , C  , 12.0,  2.0,   3.0,   5.0,  22.0, 0.0  ,  0.0,     ,  0.0,     ,     ,    ,   6.0,    3.0,   0.0,   0.0,     0.0,     0.0,        ,     0.0,        ,     0.0,        ,     0.0,      
hardyma01, 1979,     1, LAK , NHL , D  , 15.0,  0.0,   1.0,   1.0,  10.0, -7.0 ,  0.0,     ,  0.0,     ,  0.0, 0.0,  14.0,    4.0,   1.0,   1.0,     2.0,     9.0,        ,     0.0,        ,     0.0,        ,     0.0,      
hardyma01, 1980,     1, LAK , NHL , D  , 77.0,  5.0,  20.0,  25.0,  77.0, 14.0 ,  4.0,     ,  0.0,     ,  1.0, 0.0,  90.0,    4.0,   1.0,   2.0,     3.0,     4.0,        ,     1.0,        ,     0.0,        ,     0.0,      
hardyma01, 1981,     1, LAK , NHL , D  , 77.0,  6.0,  39.0,  45.0, 130.0, -12.0,  1.0,     ,  0.0,     ,  0.0, 1.0, 121.0,   10.0,   1.0,   2.0,     3.0,     9.0,        ,     0.0,        ,     0.0,        ,     0.0,      
hardyma01, 1982,     1, LAK , NHL , D  , 74.0,  5.0,  34.0,  39.0, 101.0, -30.0,  3.0,     ,  0.0,     ,  1.0, 0.0, 162.0,       ,      ,      ,        ,        ,        ,        ,        ,        ,        ,        ,      
hardyma01, 1983,     1, LAK , NHL , D  , 79.0,  8.0,  41.0,  49.0, 122.0, -30.0,  5.0,     ,  0.0,     ,  1.0, 0.0, 175.0,       ,      ,      ,        ,        ,        ,        ,        ,        ,        ,        ,      
hardyma01, 1984,     1, LAK , NHL , D  , 78.0, 14.0,  39.0,  53.0,  97.0, -20.0,  8.0,     ,  1.0,     ,  2.0, 0.0, 151.0,    3.0,   0.0,   1.0,     1.0,     2.0, -2.0   ,     0.0,        ,     0.0,        ,     0.0,     7.0
hardyma01, 1985,     1, LAK , NHL , D  , 55.0,  6.0,  21.0,  27.0,  71.0, -11.0,  2.0,     ,  1.0,     ,  1.0, 0.0, 113.0,       ,      ,      ,        ,        ,        ,        ,        ,        ,        ,        ,      
hardyma01, 1986,     1, LAK , NHL , D  , 73.0,  3.0,  27.0,  30.0, 120.0, 16.0 ,  0.0,     ,  0.0,     ,  0.0, 0.0,  97.0,    5.0,   1.0,   2.0,     3.0,    10.0, 3.0    ,     0.0,        ,     0.0,        ,     0.0,     4.0
hardyma01, 1987,     1, LAK , NHL , D  , 61.0,  6.0,  22.0,  28.0,  99.0, -27.0,  4.0,     ,  1.0,     ,  1.0, 0.0, 107.0,       ,      ,      ,        ,        ,        ,        ,        ,        ,        ,        ,      
hardyma01, 1987,     2, NYR , NHL , D  , 19.0,  2.0,   2.0,   4.0,  31.0, -5.0 ,  0.0,     ,  0.0,     ,  0.0, 0.0,  27.0,       ,      ,      ,        ,        ,        ,        ,        ,        ,        ,        ,      
hardyma01, 1988,     1, MNS , NHL , D  , 15.0,  2.0,   4.0,   6.0,  26.0, -1.0 ,  0.0,     ,  0.0,  0.0,  1.0, 0.0,  19.0,       ,      ,      ,        ,        ,        ,        ,        ,        ,        ,        ,      
hardyma01, 1988,     2, NYR , NHL , D  , 45.0,  2.0,  12.0,  14.0,  45.0, -8.0 ,  0.0,     ,  0.0,  0.0,  0.0, 0.0,  51.0,    4.0,   0.0,   1.0,     1.0,    31.0, -3.0   ,     0.0,     0.0,     0.0,     0.0,     0.0,     7.0
hardyma01, 1989,     1, NYR , NHL , D  , 54.0,  0.0,  15.0,  15.0,  94.0, 4.0  ,  0.0,  3.0,  0.0,  2.0,  0.0, 0.0,  55.0,    3.0,   0.0,   1.0,     1.0,     2.0, -1.0   ,     0.0,     1.0,     0.0,     0.0,     0.0,     1.0
hardyma01, 1990,     1, NYR , NHL , D  , 70.0,  1.0,   5.0,   6.0,  89.0, -1.0 ,  0.0,  0.0,  0.0,  0.0,  0.0, 0.0,  63.0,    6.0,   0.0,   1.0,     1.0,    30.0, -2.0   ,     0.0,     0.0,     0.0,     0.0,     0.0,     7.0
hardyma01, 1991,     1, NYR , NHL , D  , 52.0,  1.0,   8.0,   9.0,  65.0, 33.0 ,  0.0,  0.0,  0.0,  0.0,  1.0, 0.0,  42.0,   13.0,   0.0,   3.0,     3.0,    31.0, 0.0    ,     0.0,     0.0,     0.0,     0.0,     0.0,     9.0
hardyma01, 1992,     1, NYR , NHL , D  , 44.0,  1.0,  10.0,  11.0,  85.0, 2.0  ,  0.0,  0.0,  0.0,  0.0,  0.0, 0.0,  28.0,       ,      ,      ,        ,        ,        ,        ,        ,        ,        ,        ,      
hardyma01, 1992,     2, LAK , NHL , D  , 11.0,  0.0,   3.0,   3.0,   4.0, -4.0 ,  0.0,  1.0,  0.0,  0.0,  0.0, 0.0,  20.0,   15.0,   1.0,   2.0,     3.0,    30.0, 7.0    ,     0.0,     0.0,     0.0,     0.0,     0.0,    11.0
hardyma01, 1993,     1, LAK , NHL , D  , 16.0,  0.0,   3.0,   3.0,  27.0, -5.0 ,  0.0,  0.0,  0.0,  0.0,  0.0, 0.0,   8.0,       ,      ,      ,        ,        ,        ,        ,        ,        ,        ,        ,      
hargrji01, 1970,     1, VAN , NHL , D  ,  7.0,  0.0,   1.0,   1.0,  33.0, -3.0 ,  0.0,     ,  0.0,     ,  0.0, 0.0,   2.0,       ,      ,      ,        ,        ,        ,        ,        ,        ,        ,        ,      
hargrji01, 1972,     1, VAN , NHL , D  , 59.0,  1.0,   6.0,   7.0,  72.0, -31.0,  0.0,     ,  0.0,     ,  0.0, 0.0,  40.0,       ,      ,      ,        ,        ,        ,        ,        ,        ,        ,        ,      
hargrji01, 1973,     1, WIJ , WHA , D  , 53.0,  1.0,   4.0,   5.0,  50.0,      ,  0.0,     ,  0.0,     ,  0.0,    ,      ,       ,      ,      ,        ,        ,        ,        ,        ,        ,        ,        ,      
hargrji01, 1974,     1, IND , WHA , D  , 37.0,  2.0,   5.0,   7.0,  30.0, -19.0,  0.0,     ,  0.0,     ,     ,    ,  63.0,       ,      ,      ,        ,        ,        ,        ,        ,        ,        ,        ,      
hargrji01, 1974,     2, SDM , WHA , D  , 41.0,  8.0,  10.0,  18.0,  45.0, 4.0  ,  0.0,     ,  0.0,     ,     ,    ,  52.0,   10.0,   1.0,   0.0,     1.0,     6.0,        ,        ,        ,        ,        ,     0.0,      
hargrji01, 1975,     1, SDM , WHA , D  , 43.0,  1.0,   1.0,   2.0,  26.0, -3.0 ,  0.0,     ,  0.0,     ,  0.0,    ,  34.0,    5.0,   0.0,   0.0,     0.0,     2.0, 1.0    ,        ,        ,        ,        ,        ,      
hargrte01, 1973,     1, WIJ , WHA , L  , 74.0,  7.0,  12.0,  19.0,  15.0,      ,  0.0,     ,  2.0,     ,  0.0,    ,      ,    4.0,   0.0,   1.0,     1.0,    10.0,        ,        ,        ,        ,        ,     0.0,      
harkede01, 1972,     1, ALB , WHA , D  ,  1.0,  0.0,   0.0,   0.0,   0.0,      ,  0.0,     ,  0.0,     ,     ,    ,      ,       ,      ,      ,        ,        ,        ,        ,        ,        ,        ,        ,      
harkede01, 1972,     2, PHB , WHA , D  , 27.0,  0.0,   5.0,   5.0,  46.0,      ,  0.0,     ,  0.0,     ,     ,    ,      ,       ,      ,      ,        ,        ,        ,        ,        ,        ,        ,        ,      
harkibr01, 1994,     1, BOS , NHL , C  ,  1.0,  0.0,   1.0,   1.0,   0.0, 0.0  ,  0.0,  0.0,  0.0,  0.0,  0.0, 0.0,   1.0,       ,      ,      ,        ,        ,        ,        ,        ,        ,        ,        ,      
harkibr01, 1995,     1, FLO , NHL , L  ,  8.0,  0.0,   3.0,   3.0,   6.0, -2.0 ,  0.0,  2.0,  0.0,  0.0,  0.0, 0.0,   4.0,       ,      ,      ,        ,        ,        ,        ,        ,        ,        ,        ,      
harkibr01, 1996,     1, BOS , NHL , L  , 44.0,  4.0,  14.0,  18.0,   8.0, -3.0 ,  3.0,  3.0,  0.0,  0.0,  2.0, 0.0,  52.0,       ,      ,      ,        ,        ,        ,        ,        ,        ,        ,        ,      
harkibr01, 2001,     1, CBS , NHL , C  , 25.0,  2.0,  12.0,  14.0,   8.0, -5.0 ,  2.0,  9.0,  0.0,  0.0,  0.0, 0.0,   9.0,       ,      ,      ,        ,        ,        ,        ,        ,        ,        ,        ,      
harkito01, 1991,     1, CAL , NHL , C  ,  5.0,  0.0,   0.0,   0.0,   7.0, -2.0 ,  0.0,  0.0,  0.0,  0.0,  0.0, 0.0,   4.0,       ,      ,      ,        ,        ,        ,        ,        ,        ,        ,        ,      
harkito01, 1992,     1, CAL , NHL , C  , 15.0,  2.0,   3.0,   5.0,  22.0, -4.0 ,  0.0,  0.0,  0.0,  0.0,  0.0, 0.0,  17.0,       ,      ,      ,        ,        ,        ,        ,        ,        ,        ,        ,      
harkito01, 1993,     1, HAR , NHL , C  , 28.0,  1.0,   0.0,   1.0,  49.0, -4.0 ,  0.0,  0.0,  0.0,  0.0,  0.0, 0.0,  15.0,       ,      ,      ,        ,        ,        ,        ,        ,        ,        ,        ,      
harloda01, 1993,     1, TOR , NHL , D  ,  6.0,  0.0,   0.0,   0.0,   0.0, -2.0 ,  0.0,  0.0,  0.0,  0.0,  0.0, 0.0,   2.0,       ,      ,      ,        ,        ,        ,        ,        ,        ,        ,        ,      
harloda01, 1994,     1, TOR , NHL , D  ,  1.0,  0.0,   0.0,   0.0,   0.0, -1.0 ,  0.0,  0.0,  0.0,  0.0,  0.0, 0.0,   0.0,       ,      ,      ,        ,        ,        ,        ,        ,        ,        ,        ,      
harloda01, 1995,     1, TOR , NHL , D  ,  1.0,  0.0,   0.0,   0.0,   0.0, 0.0  ,  0.0,  0.0,  0.0,  0.0,  0.0, 0.0,   0.0,       ,      ,      ,        ,        ,        ,        ,        ,        ,        ,        ,      
harloda01, 1997,     1, WAS , NHL , D  ,  6.0,  0.0,   0.0,   0.0,   4.0, 2.0  ,  0.0,  0.0,  0.0,  0.0,  0.0, 0.0,   2.0,       ,      ,      ,        ,        ,        ,        ,        ,        ,        ,        ,      
harloda01, 1998,     1, NYI , NHL , D  , 70.0,  2.0,   6.0,   8.0,  68.0, -16.0,  0.0,  0.0,  0.0,  0.0,  0.0, 0.0,  35.0,       ,      ,      ,        ,        ,        ,        ,        ,        ,        ,        ,      
harloda01, 1999,     1, ATL , NHL , D  , 44.0,  0.0,   6.0,   6.0,  36.0, -8.0 ,  0.0,  0.0,  0.0,  0.0,  0.0, 0.0,  29.0,       ,      ,      ,        ,        ,        ,        ,        ,        ,        ,        ,      
harloda01, 2000,     1, ATL , NHL , D  , 65.0,  0.0,   1.0,   1.0,  62.0, -28.0,  0.0,  0.0,  0.0,  0.0,  0.0, 0.0,  26.0,       ,      ,      ,        ,        ,        ,        ,        ,        ,        ,        ,      
harloda01, 2001,     1, ATL , NHL , D  , 19.0,  0.0,   1.0,   1.0,  18.0, -2.0 ,  0.0,  0.0,  0.0,  0.0,  0.0, 0.0,  12.0,       ,      ,      ,        ,        ,        ,        ,        ,        ,        ,        ,      
harlosc01, 1987,     1, STL , NHL , L  ,  1.0,  0.0,   1.0,   1.0,   0.0, -1.0 ,  0.0,  0.0,  0.0,  0.0,  0.0, 0.0,   2.0,       ,      ,      ,        ,        ,        ,        ,        ,        ,        ,        ,      
harmogl01, 1942,     1, MTL , NHL , D  , 27.0,  5.0,   9.0,  14.0,  25.0,      ,     ,     ,     ,     ,     ,    ,      ,    5.0,   0.0,   1.0,     1.0,     2.0,        ,        ,        ,        ,        ,        ,      
harmogl01, 1943,     1, MTL , NHL , D  , 43.0,  5.0,  16.0,  21.0,  36.0,      ,     ,     ,     ,     ,     ,    ,      ,    9.0,   1.0,   2.0,     3.0,     4.0,        ,        ,        ,        ,        ,        ,      
harmogl01, 1944,     1, MTL , NHL , D  , 42.0,  5.0,   8.0,  13.0,  41.0,      ,     ,     ,     ,     ,     ,    ,      ,    6.0,   1.0,   0.0,     1.0,     2.0,        ,        ,        ,        ,        ,        ,      
harmogl01, 1945,     1, MTL , NHL , D  , 49.0,  7.0,  10.0,  17.0,  28.0,      ,     ,     ,     ,     ,     ,    ,      ,    9.0,   1.0,   4.0,     5.0,     0.0,        ,        ,        ,        ,        ,        ,      
harmogl01, 1946,     1, MTL , NHL , D  , 57.0,  5.0,   9.0,  14.0,  53.0,      ,     ,     ,     ,     ,     ,    ,      ,   11.0,   1.0,   1.0,     2.0,     4.0,        ,        ,        ,        ,        ,        ,      
harmogl01, 1947,     1, MTL , NHL , D  , 56.0, 10.0,   4.0,  14.0,  52.0,      ,     ,     ,     ,     ,     ,    ,      ,       ,      ,      ,        ,        ,        ,        ,        ,        ,        ,        ,      
harmogl01, 1948,     1, MTL , NHL , D  , 59.0,  8.0,  12.0,  20.0,  44.0,      ,     ,     ,     ,     ,     ,    ,      ,    7.0,   1.0,   1.0,     2.0,     4.0,        ,        ,        ,        ,        ,        ,      
harmogl01, 1949,     1, MTL , NHL , D  , 62.0,  3.0,  16.0,  19.0,  28.0,      ,     ,     ,     ,     ,     ,    ,      ,    5.0,   0.0,   1.0,     1.0,    21.0,        ,        ,        ,        ,        ,        ,      
harmogl01, 1950,     1, MTL , NHL , D  , 57.0,  2.0,  12.0,  14.0,  27.0,      ,     ,     ,     ,     ,     ,    ,      ,    1.0,   0.0,   0.0,     0.0,     0.0,        ,        ,        ,        ,        ,        ,      
harmsjo01, 1943,     1, CHI , NHL , R  ,  1.0,  0.0,   0.0,   0.0,   0.0,      ,     ,     ,     ,     ,     ,    ,      ,    4.0,   3.0,   0.0,     3.0,     2.0,        ,        ,        ,        ,        ,        ,      
harmsjo01, 1944,     1, CHI , NHL , R  , 43.0,  5.0,   5.0,  10.0,  21.0,      ,     ,     ,     ,     ,     ,    ,      ,       ,      ,      ,        ,        ,        ,        ,        ,        ,        ,        ,      
harnowa01, 1933,     1, BOS , NHL , F  ,  6.0,  0.0,   0.0,   0.0,   2.0,      ,     ,     ,     ,     ,     ,    ,      ,       ,      ,      ,        ,        ,        ,        ,        ,        ,        ,        ,      
harpete01, 1962,     1, MTL , NHL , D  , 14.0,  1.0,   1.0,   2.0,  10.0,      ,     ,     ,     ,     ,     ,    ,      ,    5.0,   1.0,   0.0,     1.0,     8.0,        ,        ,        ,        ,        ,     0.0,      
harpete01, 1963,     1, MTL , NHL , D  , 70.0,  2.0,  15.0,  17.0, 149.0,      ,  0.0,     ,  0.0,     ,  1.0, 1.0,      ,    7.0,   0.0,   0.0,     0.0,     6.0,        ,        ,        ,        ,        ,     0.0,      
harpete01, 1964,     1, MTL , NHL , D  , 62.0,  0.0,   7.0,   7.0,  93.0,      ,  0.0,     ,  0.0,     ,  0.0, 0.0,      ,   13.0,   0.0,   0.0,     0.0,    19.0,        ,        ,        ,        ,        ,     0.0,      
harpete01, 1965,     1, MTL , NHL , D  , 69.0,  1.0,  11.0,  12.0,  91.0,      ,  0.0,     ,  0.0,     ,  0.0, 0.0,      ,   10.0,   2.0,   3.0,     5.0,    18.0,        ,        ,        ,        ,        ,     1.0,      
harpete01, 1966,     1, MTL , NHL , D  , 56.0,  0.0,  16.0,  16.0,  99.0,      ,  0.0,     ,  0.0,     ,  0.0, 0.0,      ,   10.0,   0.0,   1.0,     1.0,    15.0,        ,        ,        ,        ,        ,     0.0,      
harpete01, 1967,     1, MTL , NHL , D  , 57.0,  3.0,   8.0,  11.0,  66.0, 21.0 ,  0.0,     ,  0.0,     ,  1.0, 0.0,  47.0,   13.0,   0.0,   1.0,     1.0,     8.0,        ,     0.0,        ,     0.0,        ,     0.0,      
harpete01, 1968,     1, MTL , NHL , D  , 21.0,  0.0,   3.0,   3.0,  37.0, 7.0  ,  0.0,     ,  0.0,     ,  0.0, 0.0,  14.0,   11.0,   0.0,   0.0,     0.0,     8.0,        ,     0.0,        ,     0.0,        ,     0.0,      
harpete01, 1969,     1, MTL , NHL , D  , 75.0,  4.0,  18.0,  22.0, 109.0, 27.0 ,  0.0,     ,  0.0,     ,  0.0, 1.0,  60.0,       ,      ,      ,        ,        ,        ,        ,        ,        ,        ,        ,      
harpete01, 1970,     1, MTL , NHL , D  , 78.0,  1.0,  21.0,  22.0, 116.0, 35.0 ,  0.0,     ,  0.0,     ,  0.0, 0.0,  61.0,   20.0,   0.0,   6.0,     6.0,    28.0,        ,     0.0,        ,     0.0,        ,     0.0,      
harpete01, 1971,     1, MTL , NHL , D  , 52.0,  2.0,  12.0,  14.0,  35.0, 9.0  ,  0.0,     ,  0.0,     ,  0.0, 1.0,  39.0,    5.0,   1.0,   1.0,     2.0,     6.0,        ,     0.0,        ,     0.0,        ,     0.0,      
harpete01, 1972,     1, LAK , NHL , D  , 77.0,  1.0,   8.0,   9.0,  74.0, 6.0  ,  0.0,     ,  0.0,     ,  1.0, 0.0,  64.0,       ,      ,      ,        ,        ,        ,        ,        ,        ,        ,        ,      
harpete01, 1973,     1, LAK , NHL , D  , 77.0,  0.0,  17.0,  17.0, 119.0, 25.0 ,  0.0,     ,  0.0,     ,  0.0, 0.0, 114.0,    5.0,   0.0,   0.0,     0.0,    16.0,        ,     0.0,        ,     0.0,        ,     0.0,      
harpete01, 1974,     1, LAK , NHL , D  , 80.0,  5.0,  21.0,  26.0, 120.0, 38.0 ,  1.0,     ,  0.0,     ,  0.0, 0.0,  96.0,    3.0,   0.0,   0.0,     0.0,     2.0,        ,     0.0,        ,     0.0,        ,     0.0,      
harpete01, 1975,     1, DET , NHL , D  , 69.0,  8.0,  25.0,  33.0,  59.0, 6.0  ,  4.0,     ,  0.0,     ,  0.0, 0.0, 111.0,       ,      ,      ,        ,        ,        ,        ,        ,        ,        ,        ,      
harpete01, 1976,     1, DET , NHL , D  , 52.0,  4.0,   8.0,  12.0,  28.0, -23.0,  1.0,     ,  0.0,     ,  0.0, 0.0,  60.0,       ,      ,      ,        ,        ,        ,        ,        ,        ,        ,        ,      
harpete01, 1977,     1, DET , NHL , D  , 80.0,  2.0,  17.0,  19.0,  85.0, 19.0 ,  0.0,     ,  0.0,     ,  0.0, 0.0,  76.0,    7.0,   0.0,   1.0,     1.0,     4.0,        ,     0.0,        ,     0.0,        ,     0.0,      
harpete01, 1978,     1, DET , NHL , D  , 51.0,  0.0,   6.0,   6.0,  58.0, -3.0 ,  0.0,     ,  0.0,     ,  0.0, 0.0,  33.0,       ,      ,      ,        ,        ,        ,        ,        ,        ,        ,        ,      
harpete01, 1979,     1, STL , NHL , D  , 11.0,  1.0,   5.0,   6.0,   6.0, 5.0  ,  0.0,     ,  0.0,     ,  0.0, 0.0,  14.0,    3.0,   0.0,   0.0,     0.0,     2.0,        ,     0.0,        ,     0.0,        ,     0.0,      
harpete01, 1980,     1, COR , NHL , D  , 15.0,  0.0,   2.0,   2.0,   8.0, -3.0 ,  0.0,     ,  0.0,     ,  0.0, 0.0,   6.0,       ,      ,      ,        ,        ,        ,        ,        ,        ,        ,        ,      
harreti01, 1982,     1, CAL , NHL , R  ,  3.0,  0.0,   0.0,   0.0,   2.0, 0.0  ,  0.0,     ,  0.0,     ,  0.0, 0.0,   3.0,       ,      ,      ,        ,        ,        ,        ,        ,        ,        ,        ,      
harri01  , 1913,     1, TBS , NHA ,    ,  1.0,  0.0,   0.0,   0.0,   0.0,      ,     ,     ,     ,     ,     ,    ,      ,       ,      ,      ,        ,        ,        ,        ,        ,        ,        ,        ,      
harribi01, 1955,     1, TOR , NHL , C  , 70.0,  9.0,  13.0,  22.0,   8.0,      ,     ,     ,     ,     ,     ,    ,      ,    5.0,   1.0,   0.0,     1.0,     4.0,        ,        ,        ,        ,        ,        ,      
harribi01, 1956,     1, TOR , NHL , C  , 23.0,  4.0,   6.0,  10.0,   6.0,      ,     ,     ,     ,     ,     ,    ,      ,       ,      ,      ,        ,        ,        ,        ,        ,        ,        ,        ,      
harribi01, 1957,     1, TOR , NHL , C  , 68.0, 16.0,  28.0,  44.0,  32.0,      ,     ,     ,     ,     ,     ,    ,      ,       ,      ,      ,        ,        ,        ,        ,        ,        ,        ,        ,      
harribi01, 1958,     1, TOR , NHL , C  , 70.0, 22.0,  30.0,  52.0,  29.0,      ,     ,     ,     ,     ,     ,    ,      ,   12.0,   3.0,   4.0,     7.0,    16.0,        ,        ,        ,        ,        ,        ,      
harribi01, 1959,     1, TOR , NHL , C  , 70.0, 13.0,  25.0,  38.0,  29.0,      ,     ,     ,     ,     ,     ,    ,      ,    9.0,   0.0,   3.0,     3.0,     4.0,        ,        ,        ,        ,        ,        ,      
harribi01, 1960,     1, TOR , NHL , C  , 66.0, 12.0,  27.0,  39.0,  30.0,      ,     ,     ,     ,     ,     ,    ,      ,    5.0,   1.0,   0.0,     1.0,     0.0,        ,        ,        ,        ,        ,     0.0,      
harribi01, 1961,     1, TOR , NHL , C  , 67.0, 15.0,  10.0,  25.0,  14.0,      ,     ,     ,     ,     ,     ,    ,      ,   12.0,   2.0,   1.0,     3.0,     2.0,        ,        ,        ,        ,        ,     0.0,      
harribi01, 1962,     1, TOR , NHL , C  , 65.0,  8.0,  24.0,  32.0,  22.0,      ,     ,     ,     ,     ,     ,    ,      ,   10.0,   0.0,   1.0,     1.0,     0.0,        ,        ,        ,        ,        ,     0.0,      
harribi01, 1963,     1, TOR , NHL , C  , 63.0,  6.0,  12.0,  18.0,  17.0,      ,  1.0,     ,  0.0,     ,  2.0, 0.0,      ,    9.0,   1.0,   1.0,     2.0,     4.0,        ,        ,        ,        ,        ,     0.0,      
harribi01, 1964,     1, TOR , NHL , C  , 48.0,  1.0,   6.0,   7.0,   0.0,      ,  0.0,     ,  0.0,     ,  0.0, 0.0,      ,       ,      ,      ,        ,        ,        ,        ,        ,        ,        ,        ,      
harribi01, 1965,     1, DET , NHL , C  , 24.0,  1.0,   4.0,   5.0,   6.0,      ,  0.0,     ,  0.0,     ,  0.0, 0.0,      ,       ,      ,      ,        ,        ,        ,        ,        ,        ,        ,        ,      
harribi01, 1967,     1, OAK , NHL , C  , 62.0, 12.0,  17.0,  29.0,   2.0, -6.0 ,  1.0,     ,  0.0,     ,  0.0, 0.0, 106.0,       ,      ,      ,        ,        ,        ,        ,        ,        ,        ,        ,      
harribi01, 1968,     1, OAK , NHL , C  , 19.0,  0.0,   4.0,   4.0,   2.0, -1.0 ,  0.0,     ,  0.0,     ,  0.0, 0.0,  20.0,       ,      ,      ,        ,        ,        ,        ,        ,        ,        ,        ,      
harribi01, 1968,     2, PIT , NHL , C  , 54.0,  7.0,  13.0,  20.0,   8.0, -18.0,  2.0,     ,  0.0,     ,  0.0, 0.0,  61.0,       ,      ,      ,        ,        ,        ,        ,        ,        ,        ,        ,      
harribi02, 1972,     1, NYI , NHL , R  , 78.0, 28.0,  22.0,  50.0,  35.0, -44.0,  6.0,     ,  0.0,     ,  2.0, 1.0, 196.0,       ,      ,      ,        ,        ,        ,        ,        ,        ,        ,        ,      
harribi02, 1973,     1, NYI , NHL , R  , 78.0, 23.0,  27.0,  50.0,  34.0, -11.0,  4.0,     ,  0.0,     ,  3.0, 2.0, 190.0,       ,      ,      ,        ,        ,        ,        ,        ,        ,        ,        ,      
harribi02, 1974,     1, NYI , NHL , R  , 80.0, 25.0,  37.0,  62.0,  34.0, 4.0  ,  4.0,     ,  0.0,     ,  5.0, 2.0, 199.0,   17.0,   3.0,   7.0,    10.0,    12.0,        ,     2.0,        ,     0.0,        ,     1.0,      
harribi02, 1975,     1, NYI , NHL , R  , 80.0, 32.0,  38.0,  70.0,  54.0, 22.0 , 16.0,     ,  0.0,     ,  4.0, 2.0, 228.0,   13.0,   5.0,   2.0,     7.0,    10.0,        ,     1.0,        ,     0.0,        ,     0.0,      
harribi02, 1976,     1, NYI , NHL , R  , 80.0, 24.0,  43.0,  67.0,  44.0, 18.0 ,  5.0,     ,  1.0,     ,  3.0, 1.0, 160.0,   12.0,   7.0,   7.0,    14.0,     8.0,        ,     2.0,        ,     0.0,        ,     1.0,      
harribi02, 1977,     1, NYI , NHL , R  , 80.0, 22.0,  38.0,  60.0,  40.0, 27.0 ,  1.0,     ,  1.0,     ,  1.0, 1.0, 148.0,    7.0,   0.0,   0.0,     0.0,     4.0,        ,     0.0,        ,     0.0,        ,     0.0,      
harribi02, 1978,     1, NYI , NHL , R  , 80.0, 15.0,  39.0,  54.0,  18.0, 26.0 ,  0.0,     ,  0.0,     ,  5.0, 1.0, 128.0,   10.0,   2.0,   1.0,     3.0,    10.0,        ,     1.0,        ,     0.0,        ,     1.0,      
harribi02, 1979,     1, NYI , NHL , R  , 67.0, 15.0,  15.0,  30.0,  37.0, 0.0  ,  2.0,     ,  1.0,     ,  2.0, 1.0,  91.0,       ,      ,      ,        ,        ,        ,        ,        ,        ,        ,        ,      
harribi02, 1979,     2, LAK , NHL , R  , 11.0,  4.0,   3.0,   7.0,   6.0, 4.0  ,  1.0,     ,  0.0,     ,  1.0, 1.0,  22.0,    4.0,   0.0,   0.0,     0.0,     2.0,        ,     0.0,        ,     0.0,        ,     0.0,      
harribi02, 1980,     1, LAK , NHL , R  , 80.0, 20.0,  29.0,  49.0,  36.0, -1.0 ,  1.0,     ,  4.0,     ,  1.0, 1.0, 150.0,    4.0,   2.0,   1.0,     3.0,     0.0,        ,     0.0,        ,     0.0,        ,     0.0,      
harribi02, 1981,     1, LAK , NHL , R  , 16.0,  1.0,   3.0,   4.0,   6.0, -9.0 ,  0.0,     ,  0.0,     ,  0.0, 0.0,  11.0,       ,      ,      ,        ,        ,        ,        ,        ,        ,        ,        ,      
harribi02, 1981,     2, TOR , NHL , R  , 20.0,  2.0,   0.0,   2.0,   4.0, -16.0,  0.0,     ,  0.0,     ,  0.0, 0.0,  21.0,       ,      ,      ,        ,        ,        ,        ,        ,        ,        ,        ,      
harribi02, 1982,     1, TOR , NHL , R  , 76.0, 11.0,  19.0,  30.0,  26.0, -15.0,  0.0,     ,  1.0,     ,  0.0, 0.0,  83.0,    4.0,   0.0,   1.0,     1.0,     2.0,        ,     0.0,        ,     0.0,        ,     0.0,      
harribi02, 1983,     1, TOR , NHL , R  , 50.0,  7.0,  10.0,  17.0,  14.0, -20.0,  0.0,     ,  0.0,     ,  0.0, 0.0,  68.0,       ,      ,      ,        ,        ,        ,        ,        ,        ,        ,        ,      
harribi02, 1983,     2, LAK , NHL , R  , 21.0,  2.0,   4.0,   6.0,   6.0, -3.0 ,  0.0,     ,  0.0,     ,  0.0, 0.0,  19.0,       ,      ,      ,        ,        ,        ,        ,        ,        ,        ,        ,      
harridu01, 1967,     1, MNS , NHL , R  , 22.0,  1.0,   4.0,   5.0,   4.0, -10.0,  0.0,     ,  0.0,     ,  0.0, 0.0,  43.0,       ,      ,      ,        ,        ,        ,        ,        ,        ,        ,        ,      
harridu01, 1967,     2, TOR , NHL , R  ,  4.0,  0.0,   0.0,   0.0,   0.0, -4.0 ,  0.0,     ,  0.0,     ,  0.0, 0.0,   7.0,       ,      ,      ,        ,        ,        ,        ,        ,        ,        ,        ,      
harridu01, 1972,     1, HOU , WHA , R  , 75.0, 30.0,  12.0,  42.0,  14.0,      ,  4.0,     ,  5.0,     ,     ,    ,      ,   10.0,   1.0,   1.0,     2.0,     4.0,        ,     0.0,        ,     1.0,        ,     0.0,      
harridu01, 1973,     1, CHC , WHA , R  , 64.0, 14.0,  16.0,  30.0,  20.0,      ,  3.0,     ,  0.0,     ,  1.0,    ,      ,   18.0,   6.0,   6.0,    12.0,     2.0,        ,        ,        ,        ,        ,     0.0,      
harridu01, 1974,     1, CHC , WHA , R  , 54.0,  9.0,  19.0,  28.0,  18.0, -13.0,  4.0,     ,  0.0,     ,     ,    , 109.0,       ,      ,      ,        ,        ,        ,        ,        ,        ,        ,        ,      
harried01, 1947,     1, BOS , NHL , R  , 52.0,  6.0,   7.0,  13.0,   8.0,      ,     ,     ,     ,     ,     ,    ,      ,    5.0,   1.0,   0.0,     1.0,     2.0,        ,        ,        ,        ,        ,        ,      
harried01, 1948,     1, BOS , NHL , L  , 59.0,  5.0,   5.0,  10.0,  20.0,      ,     ,     ,     ,     ,     ,    ,      ,    4.0,   0.0,   0.0,     0.0,     0.0,        ,        ,        ,        ,        ,        ,      
harried01, 1949,     1, BOS , NHL , R  , 70.0, 14.0,  12.0,  26.0,  23.0,      ,     ,     ,     ,     ,     ,    ,      ,       ,      ,      ,        ,        ,        ,        ,        ,        ,        ,        ,      
harried01, 1950,     1, BOS , NHL , L  ,  9.0,  1.0,   0.0,   1.0,   0.0,      ,     ,     ,     ,     ,     ,    ,      ,       ,      ,      ,        ,        ,        ,        ,        ,        ,        ,        ,      
harried01, 1950,     2, NYR , NHL , L  ,  4.0,  1.0,   0.0,   1.0,   2.0,      ,     ,     ,     ,     ,     ,    ,      ,       ,      ,      ,        ,        ,        ,        ,        ,        ,        ,        ,      
harriha01, 1925,     1, BOS , NHL , L  , 26.0,  7.0,   2.0,   9.0,   6.0,      ,     ,     ,     ,     ,     ,    ,      ,       ,      ,      ,        ,        ,        ,        ,        ,        ,        ,        ,      
harriha01, 1927,     1, BOS , NHL , L  , 22.0,  1.0,   0.0,   1.0,   7.0,      ,     ,     ,     ,     ,     ,    ,      ,    2.0,   0.0,   0.0,     0.0,     0.0,        ,        ,        ,        ,        ,        ,      
harriha01, 1932,     1, MTL , NHL , L  , 24.0,  1.0,   1.0,   2.0,   2.0,      ,     ,     ,     ,     ,     ,    ,      ,    2.0,   1.0,   0.0,     1.0,     2.0,        ,        ,        ,        ,        ,        ,      
harrihe01, 1930,     1, BOS , NHL , L  , 32.0,  2.0,   4.0,   6.0,  20.0,      ,     ,     ,     ,     ,     ,    ,      ,       ,      ,      ,        ,        ,        ,        ,        ,        ,        ,        ,      
harrihu01, 1972,     1, BUF , NHL , L  , 60.0, 12.0,  26.0,  38.0,  17.0, 9.0  ,  0.0,     ,  0.0,     ,  0.0, 0.0, 121.0,    3.0,   0.0,   0.0,     0.0,     0.0,        ,     0.0,        ,     0.0,        ,     0.0,      
harrihu01, 1973,     1, NEW , WHA , L  , 75.0, 24.0,  28.0,  52.0,  78.0,      ,  3.0,     ,  0.0,     ,  2.0,    ,      ,    7.0,   0.0,   4.0,     4.0,    11.0,        ,        ,        ,        ,        ,     0.0,      
harrihu01, 1974,     1, PHR , WHA , L  , 22.0, 10.0,  10.0,  20.0,  15.0, 2.0  ,  1.0,     ,  0.0,     ,     ,    ,  53.0,       ,      ,      ,        ,        ,        ,        ,        ,        ,        ,        ,      
harrihu01, 1974,     2, VAB , WHA , L  , 58.0, 23.0,  34.0,  57.0,  49.0, 6.0  ,  6.0,     ,  0.0,     ,     ,    , 186.0,       ,      ,      ,        ,        ,        ,        ,        ,        ,        ,        ,      
harrihu01, 1975,     1, CAC , WHA , L  , 30.0,  5.0,   9.0,  14.0,  19.0, -7.0 ,  0.0,     ,  0.0,     ,  2.0,    ,  66.0,       ,      ,      ,        ,        ,        ,        ,        ,        ,        ,        ,      
harrihu01, 1975,     2, IND , WHA , L  , 41.0, 12.0,  28.0,  40.0,  23.0, 1.0  ,  3.0,     ,  0.0,     ,  1.0,    , 166.0,    7.0,   2.0,   5.0,     7.0,     8.0, -3.0   ,        ,        ,        ,        ,        ,      
harrihu01, 1976,     1, IND , WHA , L  , 46.0, 21.0,  35.0,  56.0,  21.0, 10.0 ,  4.0,     ,  4.0,     ,     ,    , 182.0,    2.0,   0.0,   0.0,     0.0,     0.0, -1.0   ,     0.0,        ,     0.0,        ,     0.0,      
harrihu01, 1977,     1, IND , WHA , L  , 19.0,  1.0,   7.0,   8.0,   6.0, -4.0 ,  0.0,     ,  0.0,     ,     ,    ,  23.0,       ,      ,      ,        ,        ,        ,        ,        ,        ,        ,        ,      
harrihu01, 1977,     2, CIN , WHA , L  , 45.0, 11.0,  23.0,  34.0,  30.0, 1.0  ,  0.0,     ,  0.0,     ,     ,    ,  95.0,       ,      ,      ,        ,        ,        ,        ,        ,        ,        ,        ,      
harrija01, 2005,     1, TOR , NHL , D  ,  8.0,  0.0,   1.0,   1.0,   2.0, 5.0  ,  0.0,  0.0,  0.0,  0.0,  0.0,    ,   7.0,       ,      ,      ,        ,        ,        ,        ,        ,        ,        ,        ,      
harrija01, 2006,     1, TOR , NHL , D  ,  5.0,  0.0,   0.0,   0.0,   6.0, -5.0 ,  0.0,  0.0,  0.0,  0.0,  0.0,    ,   3.0,       ,      ,      ,        ,        ,        ,        ,        ,        ,        ,        ,      
harrija01, 2008,     1, TOR , NHL , D  ,  7.0,  0.0,   1.0,   1.0,  10.0, -2.0 ,  0.0,  0.0,  0.0,  0.0,  0.0,    ,   6.0,       ,      ,      ,        ,        ,        ,        ,        ,        ,        ,        ,      
harrija01, 2009,     1, CAR , NHL , D  , 38.0,  1.0,   5.0,   6.0,  50.0, -8.0 ,  0.0,  0.0,  0.0,  0.0,  0.0,    ,  30.0,       ,      ,      ,        ,        ,        ,        ,        ,        ,        ,        ,      
harriji01, 1968,     1, BOS , NHL , C  , 16.0,  1.0,   2.0,   3.0,  21.0, -5.0 ,  0.0,     ,  0.0,     ,  0.0, 0.0,  12.0,       ,      ,      ,        ,        ,        ,        ,        ,        ,        ,        ,      
harriji01, 1969,     1, BOS , NHL , C  , 23.0,  3.0,   1.0,   4.0,  16.0, 6.0  ,  0.0,     ,  1.0,     ,  0.0, 1.0,  19.0,       ,      ,      ,        ,        ,        ,        ,        ,        ,        ,        ,      
harriji01, 1969,     2, TOR , NHL , C  , 31.0,  7.0,  10.0,  17.0,  36.0, 2.0  ,  1.0,     ,  0.0,     ,  0.0, 1.0,  43.0,       ,      ,      ,        ,        ,        ,        ,        ,        ,        ,        ,      
harriji01, 1970,     1, TOR , NHL , C  , 78.0, 13.0,  20.0,  33.0, 108.0, 6.0  ,  0.0,     ,  1.0,     ,  1.0, 0.0, 147.0,    6.0,   0.0,   1.0,     1.0,    33.0,        ,     0.0,        ,     0.0,        ,     0.0,      
harriji01, 1971,     1, TOR , NHL , C  , 66.0, 19.0,  17.0,  36.0, 104.0, -4.0 ,  5.0,     ,  0.0,     ,  1.0, 3.0, 149.0,    5.0,   1.0,   0.0,     1.0,    10.0,        ,     0.0,        ,     0.0,        ,     1.0,      
harriji01, 1972,     1, ALB , WHA , C  , 66.0, 39.0,  47.0,  86.0,  93.0,      ,  8.0,     ,  6.0,     ,  6.0,    ,      ,       ,      ,      ,        ,        ,        ,        ,        ,        ,        ,        ,      
harriji01, 1973,     1, EDO , WHA , C  , 47.0, 24.0,  45.0,  69.0,  99.0,      ,  3.0,     ,  2.0,     ,  7.0,    ,      ,       ,      ,      ,        ,        ,        ,        ,        ,        ,        ,        ,      
harriji01, 1974,     1, CLC , WHA , C  , 60.0, 20.0,  22.0,  42.0, 106.0, -8.0 ,  6.0,     ,  0.0,     ,     ,    , 152.0,    5.0,   1.0,   2.0,     3.0,     4.0,        ,        ,        ,        ,        ,     0.0,      
harriji01, 1975,     1, CLC , WHA , C  , 59.0, 34.0,  38.0,  72.0,  62.0, 4.0  ,  9.0,     ,  2.0,     ,  5.0,    , 216.0,    3.0,   0.0,   1.0,     1.0,     9.0, -2.0   ,        ,        ,        ,        ,     0.0,      
harriji01, 1976,     1, CHI , NHL , C  , 60.0, 18.0,  23.0,  41.0,  97.0, -26.0,  8.0,     ,  1.0,     ,  3.0, 1.0, 140.0,    2.0,   0.0,   0.0,     0.0,     0.0,        ,     0.0,        ,     0.0,        ,     0.0,      
harriji01, 1977,     1, CHI , NHL , C  , 26.0,  2.0,   8.0,  10.0,  31.0, -3.0 ,  1.0,     ,  0.0,     ,  0.0, 1.0,  43.0,       ,      ,      ,        ,        ,        ,        ,        ,        ,        ,        ,      
harriji01, 1978,     1, CHI , NHL , C  , 21.0,  4.0,   5.0,   9.0,  22.0, -6.0 ,  0.0,     ,  0.0,     ,  0.0, 0.0,  28.0,       ,      ,      ,        ,        ,        ,        ,        ,        ,        ,        ,      
harriji01, 1979,     1, EDM , NHL , C  ,  3.0,  0.0,   0.0,   0.0,   0.0, -1.0 ,  0.0,     ,  0.0,     ,  0.0, 0.0,   3.0,       ,      ,      ,        ,        ,        ,        ,        ,        ,        ,        ,      
harripa01, 1975,     1, MNS , NHL , G  ,  6.0,  0.0,   0.0,   0.0,   2.0, 0.0  ,  0.0,     ,  0.0,     ,  0.0, 0.0,   0.0,       ,      ,      ,        ,        ,        ,        ,        ,        ,        ,        ,      
harripa01, 1976,     1, MNS , NHL , G  ,  2.0,  0.0,   0.0,   0.0,   0.0, 0.0  ,  0.0,     ,  0.0,     ,  0.0, 0.0,   0.0,       ,      ,      ,        ,        ,        ,        ,        ,        ,        ,        ,      
harripa01, 1977,     1, MNS , NHL , G  , 27.0,  0.0,   0.0,   0.0,  10.0, 0.0  ,  0.0,     ,  0.0,     ,  0.0, 0.0,   0.0,       ,      ,      ,        ,        ,        ,        ,        ,        ,        ,        ,      
harripa01, 1978,     1, TOR , NHL , G  , 25.0,  0.0,   0.0,   0.0,  10.0, 0.0  ,  0.0,     ,  0.0,     ,  0.0, 0.0,   0.0,    2.0,   0.0,   0.0,     0.0,     0.0,        ,     0.0,        ,     0.0,        ,     0.0,      
harripa01, 1979,     1, TOR , NHL , G  , 30.0,  0.0,   1.0,   1.0,   4.0, 0.0  ,  0.0,     ,  0.0,     ,  0.0, 0.0,   0.0,       ,      ,      ,        ,        ,        ,        ,        ,        ,        ,        ,      
harripa01, 1980,     1, TOR , NHL , G  ,     ,     ,      ,      ,      ,      ,     ,     ,     ,     ,     ,    ,      ,    1.0,   0.0,   0.0,     0.0,     0.0,        ,     0.0,        ,     0.0,        ,     0.0,      
harripa01, 1981,     1, PIT , NHL , G  , 13.0,  0.0,   0.0,   0.0,   0.0, 0.0  ,  0.0,     ,  0.0,     ,  0.0, 0.0,   0.0,       ,      ,      ,        ,        ,        ,        ,        ,        ,        ,        ,      
harripa01, 1981,     2, BUF , NHL , G  ,  6.0,  0.0,   0.0,   0.0,   2.0, 0.0  ,  0.0,     ,  0.0,     ,  0.0, 0.0,   0.0,    1.0,   0.0,   0.0,     0.0,     0.0,        ,     0.0,        ,     0.0,        ,     0.0,      
harriro01, 1962,     1, DET , NHL , D  ,  1.0,  0.0,   1.0,   1.0,   0.0,      ,     ,     ,     ,     ,     ,    ,      ,       ,      ,      ,        ,        ,        ,        ,        ,        ,        ,        ,      
harriro01, 1963,     1, DET , NHL , D  ,  3.0,  0.0,   0.0,   0.0,   7.0,      ,  0.0,     ,  0.0,     ,  0.0, 0.0,      ,       ,      ,      ,        ,        ,        ,        ,        ,        ,        ,        ,      
harriro01, 1967,     1, OAK , NHL , D  , 54.0,  4.0,   6.0,  10.0,  60.0, -27.0,  1.0,     ,  0.0,     ,  1.0, 1.0,  87.0,       ,      ,      ,        ,        ,        ,        ,        ,        ,        ,        ,      
harriro01, 1968,     1, DET , NHL , D  , 73.0,  3.0,  13.0,  16.0,  91.0, 6.0  ,  0.0,     ,  0.0,     ,  1.0, 0.0,  74.0,       ,      ,      ,        ,        ,        ,        ,        ,        ,        ,        ,      
harriro01, 1969,     1, DET , NHL , D  , 72.0,  2.0,  19.0,  21.0,  99.0, 14.0 ,  0.0,     ,  0.0,     ,  0.0, 0.0, 126.0,    4.0,   0.0,   0.0,     0.0,     8.0,        ,     0.0,        ,     0.0,        ,     0.0,      
harriro01, 1970,     1, DET , NHL , D  , 42.0,  2.0,   8.0,  10.0,  65.0, -29.0,  1.0,     ,  1.0,     ,  0.0, 0.0,  84.0,       ,      ,      ,        ,        ,        ,        ,        ,        ,        ,        ,      
harriro01, 1971,     1, DET , NHL , D  , 61.0,  1.0,  10.0,  11.0,  80.0, -15.0,  0.0,     ,  0.0,     ,  0.0, 0.0,  56.0,       ,      ,      ,        ,        ,        ,        ,        ,        ,        ,        ,      
harriro01, 1972,     1, ATF , NHL , D  , 24.0,  2.0,   4.0,   6.0,   8.0, -5.0 ,  1.0,     ,  0.0,     ,  0.0, 1.0,  36.0,       ,      ,      ,        ,        ,        ,        ,        ,        ,        ,        ,      
harriro01, 1972,     2, NYR , NHL , D  , 46.0,  3.0,  10.0,  13.0,  17.0, 2.0  ,  1.0,     ,  0.0,     ,  0.0, 0.0,  73.0,   10.0,   0.0,   3.0,     3.0,     2.0,        ,     0.0,        ,     0.0,        ,     0.0,      
harriro01, 1973,     1, NYR , NHL , D  , 63.0,  2.0,  12.0,  14.0,  25.0, -2.0 ,  0.0,     ,  0.0,     ,  0.0, 0.0,  75.0,   11.0,   3.0,   0.0,     3.0,    14.0,        ,     0.0,        ,     0.0,        ,     2.0,      
harriro01, 1974,     1, NYR , NHL , D  , 34.0,  1.0,   7.0,   8.0,  22.0, 0.0  ,  0.0,     ,  0.0,     ,  0.0, 0.0,  38.0,    3.0,   1.0,   0.0,     1.0,     9.0,        ,     0.0,        ,     0.0,        ,     1.0,      
harriro01, 1975,     1, NYR , NHL , D  ,  3.0,  0.0,   1.0,   1.0,   0.0, -1.0 ,  0.0,     ,  0.0,     ,  0.0, 0.0,   1.0,       ,      ,      ,        ,        ,        ,        ,        ,        ,        ,        ,      
harrism01, 1911,     1, VML , PCHA, C/L, 15.0,  4.0,   0.0,   4.0,  55.0,      ,     ,     ,     ,     ,     ,    ,      ,       ,      ,      ,        ,        ,        ,        ,        ,        ,        ,        ,      
harrism01, 1912,     1, VML , PCHA, R  , 14.0, 14.0,   6.0,  20.0,  53.0,      ,     ,     ,     ,     ,     ,    ,      ,       ,      ,      ,        ,        ,        ,        ,        ,        ,        ,        ,      
harrism01, 1913,     1, VML , PCHA, C  , 16.0, 14.0,   3.0,  17.0,  36.0,      ,     ,     ,     ,     ,     ,    ,      ,       ,      ,      ,        ,        ,        ,        ,        ,        ,        ,        ,      
harrism01, 1914,     1, PO1 , PCHA, C  , 18.0, 14.0,   3.0,  17.0,  37.0,      ,     ,     ,     ,     ,     ,    ,      ,       ,      ,      ,        ,        ,        ,        ,        ,        ,        ,        ,      
harrism01, 1915,     1, PO1 , PCHA, L  , 18.0, 10.0,   6.0,  16.0,  72.0,      ,     ,     ,     ,     ,     ,    ,      ,       ,      ,      ,        ,        ,        ,        ,        ,        ,        ,        ,      
harrism01, 1916,     1, PO1 , PCHA, L  , 23.0, 18.0,  13.0,  31.0,  60.0,      ,     ,     ,     ,     ,     ,    ,      ,       ,      ,      ,        ,        ,        ,        ,        ,        ,        ,        ,      
harrism01, 1917,     1, PO1 , PCHA, L  ,  9.0,  5.0,   6.0,  11.0,  12.0,      ,     ,     ,     ,     ,     ,    ,      ,       ,      ,      ,        ,        ,        ,        ,        ,        ,        ,        ,      
harrism01, 1918,     1, VML , PCHA, L  , 20.0, 19.0,   6.0,  25.0,   0.0,      ,     ,     ,     ,     ,     ,    ,      ,    2.0,   2.0,   0.0,     2.0,     3.0,        ,        ,        ,        ,        ,        ,      
harrism01, 1919,     1, VML , PCHA, C  , 22.0, 14.0,  10.0,  24.0,  12.0,      ,     ,     ,     ,     ,     ,    ,      ,    2.0,   0.0,   1.0,     1.0,     0.0,        ,        ,        ,        ,        ,        ,      
harrism01, 1920,     1, VML , PCHA, L  , 24.0, 15.0,  17.0,  32.0,   6.0,      ,     ,     ,     ,     ,     ,    ,      ,    2.0,   6.0,   2.0,     8.0,     0.0,        ,        ,        ,        ,        ,        ,      
harrism01, 1921,     1, VML , PCHA, L  , 23.0, 10.0,   4.0,  14.0,  21.0,      ,     ,     ,     ,     ,     ,    ,      ,       ,      ,      ,        ,        ,        ,        ,        ,        ,        ,        ,      
harrism01, 1922,     1, VAM , PCHA, L  , 22.0, 10.0,   6.0,  16.0,  10.0,      ,     ,     ,     ,     ,     ,    ,      ,    2.0,   0.0,   0.0,     0.0,     0.0,        ,        ,        ,        ,        ,        ,      
harrism01, 1923,     1, SEA , PCHA, R  , 29.0,  8.0,  10.0,  18.0,  32.0,      ,     ,     ,     ,     ,     ,    ,      ,    2.0,   0.0,   0.0,     0.0,     6.0,        ,        ,        ,        ,        ,        ,      
harrism01, 1924,     1, BOS , NHL , L  ,  6.0,  3.0,   1.0,   4.0,   8.0,      ,     ,     ,     ,     ,     ,    ,      ,       ,      ,      ,        ,        ,        ,        ,        ,        ,        ,        ,      
harrism01, 1924,     2, VMR , WCHL, L  , 14.0,  0.0,   1.0,   1.0,  16.0,      ,     ,     ,     ,     ,     ,    ,      ,       ,      ,      ,        ,        ,        ,        ,        ,        ,        ,        ,      
harrite01, 1963,     1, MTL , NHL , D  ,  4.0,  0.0,   1.0,   1.0,   0.0,      ,  0.0,     ,  0.0,     ,  0.0, 0.0,      ,       ,      ,      ,        ,        ,        ,        ,        ,        ,        ,        ,      
harrite01, 1964,     1, MTL , NHL , D  , 68.0,  1.0,  14.0,  15.0, 107.0,      ,  0.0,     ,  0.0,     ,  0.0, 0.0,      ,   13.0,   0.0,   5.0,     5.0,    45.0,        ,        ,        ,        ,        ,     0.0,      
harrite01, 1965,     1, MTL , NHL , D  , 53.0,  0.0,  13.0,  13.0,  87.0,      ,  0.0,     ,  0.0,     ,  0.0, 0.0,      ,   10.0,   0.0,   0.0,     0.0,    38.0,        ,        ,        ,        ,        ,     0.0,      
harrite01, 1966,     1, MTL , NHL , D  , 65.0,  2.0,  16.0,  18.0,  86.0,      ,  1.0,     ,  0.0,     ,  0.0, 0.0,      ,   10.0,   0.0,   1.0,     1.0,    19.0,        ,        ,        ,        ,        ,     0.0,      
harrite01, 1967,     1, MTL , NHL , D  , 67.0,  5.0,  16.0,  21.0,  78.0, 23.0 ,  0.0,     ,  0.0,     ,  1.0, 0.0,  56.0,   13.0,   0.0,   4.0,     4.0,    22.0,        ,     0.0,        ,     0.0,        ,     0.0,      
harrite01, 1968,     1, MTL , NHL , D  , 76.0,  7.0,  18.0,  25.0, 102.0, 24.0 ,  0.0,     ,  1.0,     ,  0.0, 0.0,  82.0,   14.0,   1.0,   2.0,     3.0,    34.0,        ,     0.0,        ,     0.0,        ,     0.0,      
harrite01, 1969,     1, MTL , NHL , D  , 74.0,  3.0,  17.0,  20.0, 116.0, 9.0  ,  0.0,     ,  0.0,     ,  0.0, 0.0,  65.0,       ,      ,      ,        ,        ,        ,        ,        ,        ,        ,        ,      
harrite01, 1970,     1, MNS , NHL , D  , 78.0,  2.0,  13.0,  15.0, 130.0, 0.0  ,  1.0,     ,  0.0,     ,  0.0, 0.0,  90.0,   12.0,   0.0,   4.0,     4.0,    36.0,        ,     0.0,        ,     0.0,        ,     0.0,      
harrite01, 1971,     1, MNS , NHL , D  , 78.0,  2.0,  15.0,  17.0,  77.0, 0.0  ,  0.0,     ,  0.0,     ,  0.0, 1.0,  89.0,    7.0,   0.0,   1.0,     1.0,    17.0,        ,     0.0,        ,     0.0,        ,     0.0,      
harrite01, 1972,     1, MNS , NHL , D  , 78.0,  7.0,  23.0,  30.0,  83.0, 25.0 ,  0.0,     ,  0.0,     ,  1.0, 0.0,  94.0,    5.0,   0.0,   1.0,     1.0,    15.0,        ,     0.0,        ,     0.0,        ,     0.0,      
harrite01, 1973,     1, MNS , NHL , D  , 12.0,  0.0,   1.0,   1.0,   4.0, -8.0 ,  0.0,     ,  0.0,     ,  0.0, 0.0,  10.0,       ,      ,      ,        ,        ,        ,        ,        ,        ,        ,        ,      
harrite01, 1973,     2, DET , NHL , D  , 41.0,  0.0,  11.0,  11.0,  66.0, -4.0 ,  0.0,     ,  0.0,     ,  0.0, 0.0,  32.0,       ,      ,      ,        ,        ,        ,        ,        ,        ,        ,        ,      
harrite01, 1973,     3, STL , NHL , D  , 24.0,  0.0,   4.0,   4.0,  16.0, -2.0 ,  0.0,     ,  0.0,     ,  0.0, 0.0,  32.0,       ,      ,      ,        ,        ,        ,        ,        ,        ,        ,        ,      
harrite01, 1974,     1, PHI , NHL , D  , 70.0,  1.0,   6.0,   7.0,  48.0, 27.0 ,  0.0,     ,  0.0,     ,  1.0, 0.0,  38.0,   16.0,   0.0,   4.0,     4.0,     4.0,        ,     0.0,        ,     0.0,        ,     0.0,      
harrope01, 2006,     1, LAK , NHL , D  , 12.0,  0.0,   2.0,   2.0,   8.0, 0.0  ,  0.0,  0.0,  0.0,  0.0,  0.0,    ,  11.0,       ,      ,      ,        ,        ,        ,        ,        ,        ,        ,        ,      
harrope01, 2007,     1, LAK , NHL , D  , 25.0,  2.0,   3.0,   5.0,   2.0, 3.0  ,  0.0,  0.0,  0.0,  0.0,  0.0,    ,  16.0,       ,      ,      ,        ,        ,        ,        ,        ,        ,        ,        ,      
harrope01, 2008,     1, LAK , NHL , D  , 69.0,  4.0,   8.0,  12.0,  28.0, -13.0,  1.0,  4.0,  0.0,  0.0,  1.0,    ,  95.0,       ,      ,      ,        ,        ,        ,        ,        ,        ,        ,        ,      
harrope01, 2009,     1, LAK , NHL , D  , 39.0,  1.0,   2.0,   3.0,   8.0, -2.0 ,  0.0,  0.0,  0.0,  0.0,  0.0,    ,  23.0,    2.0,   0.0,   0.0,     0.0,     0.0, 0.0    ,     0.0,     0.0,     0.0,     0.0,     0.0,     1.0
hartge01 , 1968,     1, DET , NHL , D  ,  1.0,  0.0,   0.0,   0.0,   2.0, 0.0  ,  0.0,     ,  0.0,     ,  0.0, 0.0,   0.0,       ,      ,      ,        ,        ,        ,        ,        ,        ,        ,        ,      
hartge01 , 1969,     1, DET , NHL , D  ,  3.0,  0.0,   0.0,   0.0,   2.0, 0.0  ,  0.0,     ,  0.0,     ,  0.0, 0.0,   0.0,       ,      ,      ,        ,        ,        ,        ,        ,        ,        ,        ,      
hartge01 , 1970,     1, DET , NHL , D  , 64.0,  2.0,   7.0,   9.0, 148.0, -3.0 ,  1.0,     ,  0.0,     ,  1.0, 0.0,  62.0,       ,      ,      ,        ,        ,        ,        ,        ,        ,        ,        ,      
hartge01 , 1971,     1, DET , NHL , D  ,  3.0,  0.0,   0.0,   0.0,   0.0, -2.0 ,  0.0,     ,  0.0,     ,  0.0, 0.0,   2.0,       ,      ,      ,        ,        ,        ,        ,        ,        ,        ,        ,      
hartge01 , 1972,     1, NYI , NHL , D  , 47.0,  1.0,  11.0,  12.0, 158.0, -18.0,  0.0,     ,  0.0,     ,  0.0, 0.0,  72.0,       ,      ,      ,        ,        ,        ,        ,        ,        ,        ,        ,      
hartge01 , 1973,     1, NYI , NHL , D  , 70.0,  1.0,  10.0,  11.0,  61.0, 17.0 ,  0.0,     ,  0.0,     ,  1.0, 0.0,  63.0,       ,      ,      ,        ,        ,        ,        ,        ,        ,        ,        ,      
hartge01 , 1974,     1, NYI , NHL , D  , 71.0,  4.0,  14.0,  18.0, 143.0, 28.0 ,  0.0,     ,  1.0,     ,  0.0, 1.0,  81.0,   17.0,   2.0,   2.0,     4.0,    42.0,        ,     0.0,        ,     0.0,        ,     1.0,      
hartge01 , 1975,     1, NYI , NHL , D  , 80.0,  6.0,  18.0,  24.0, 151.0, 35.0 ,  0.0,     ,  0.0,     ,  0.0, 1.0, 110.0,   13.0,   1.0,   3.0,     4.0,    24.0,        ,     0.0,        ,     0.0,        ,     0.0,      
hartge01 , 1976,     1, NYI , NHL , D  , 80.0,  4.0,  18.0,  22.0,  98.0, 29.0 ,  0.0,     ,  1.0,     ,  0.0, 0.0, 118.0,   12.0,   0.0,   2.0,     2.0,    23.0,        ,     0.0,        ,     0.0,        ,     0.0,      
hartge01 , 1977,     1, NYI , NHL , D  , 78.0,  2.0,  23.0,  25.0,  94.0, 44.0 ,  0.0,     ,  0.0,     ,  1.0, 0.0, 126.0,    7.0,   0.0,   0.0,     0.0,    16.0,        ,     0.0,        ,     0.0,        ,     0.0,      
hartge01 , 1978,     1, NYI , NHL , D  , 50.0,  2.0,  14.0,  16.0,  78.0, 30.0 ,  0.0,     ,  0.0,     ,  1.0, 1.0,  56.0,    9.0,   0.0,   2.0,     2.0,    10.0,        ,     0.0,        ,     0.0,        ,     0.0,      
hartge01 , 1979,     1, QUE , NHL , D  , 71.0,  3.0,  23.0,  26.0,  59.0, -13.0,  1.0,     ,  0.0,     ,  0.0, 0.0,  53.0,       ,      ,      ,        ,        ,        ,        ,        ,        ,        ,        ,      
hartge01 , 1980,     1, QUE , NHL , D  ,  6.0,  0.0,   0.0,   0.0,  10.0, -2.0 ,  0.0,     ,  0.0,     ,  0.0, 0.0,   6.0,       ,      ,      ,        ,        ,        ,        ,        ,        ,        ,        ,      
hartge01 , 1980,     2, STL , NHL , D  , 63.0,  4.0,  11.0,  15.0, 132.0, 9.0  ,  0.0,     ,  0.0,     ,  0.0, 0.0,  44.0,   10.0,   0.0,   0.0,     0.0,    27.0,        ,     0.0,        ,     0.0,        ,     0.0,      
hartge01 , 1981,     1, STL , NHL , D  , 35.0,  0.0,   1.0,   1.0, 102.0, -5.0 ,  0.0,     ,  0.0,     ,  0.0, 0.0,  15.0,   10.0,   0.0,   3.0,     3.0,    33.0,        ,     0.0,        ,     0.0,        ,     0.0,      
hartge01 , 1982,     1, STL , NHL , D  ,  8.0,  0.0,   0.0,   0.0,   2.0, -3.0 ,  0.0,     ,  0.0,     ,  0.0, 0.0,   0.0,       ,      ,      ,        ,        ,        ,        ,        ,        ,        ,        ,      
hartgi01 , 1923,     1, VC1 , PCHA, L  , 29.0, 15.0,   1.0,  16.0,   4.0,      ,     ,     ,     ,     ,     ,    ,      ,       ,      ,      ,        ,        ,        ,        ,        ,        ,        ,        ,      
hartgi01 , 1924,     1, VIC , WCHL, R  , 28.0,  8.0,   6.0,  14.0,   9.0,      ,     ,     ,     ,     ,     ,    ,      ,    4.0,   0.0,   0.0,     0.0,     0.0,        ,        ,        ,        ,        ,        ,      
hartgi01 , 1925,     1, VIC , WCHL, R  , 27.0,  6.0,   4.0,  10.0,   2.0,      ,     ,     ,     ,     ,     ,    ,      ,    4.0,   1.0,   0.0,     1.0,     2.0,        ,        ,        ,        ,        ,        ,      
hartgi01 , 1926,     1, DTC , NHL , L  ,  2.0,  0.0,   0.0,   0.0,   0.0,      ,     ,     ,     ,     ,     ,    ,      ,       ,      ,      ,        ,        ,        ,        ,        ,        ,        ,        ,      
hartgi01 , 1926,     2, MTL , NHL , L  , 40.0,  3.0,   3.0,   6.0,   8.0,      ,     ,     ,     ,     ,     ,    ,      ,    4.0,   0.0,   0.0,     0.0,     0.0,        ,        ,        ,        ,        ,        ,      
hartgi01 , 1927,     1, MTL , NHL , L  , 44.0,  3.0,   2.0,   5.0,   4.0,      ,     ,     ,     ,     ,     ,    ,      ,    2.0,   0.0,   0.0,     0.0,     0.0,        ,        ,        ,        ,        ,        ,      
hartgi01 , 1932,     1, MTL , NHL , L  , 18.0,  0.0,   3.0,   3.0,   0.0,      ,     ,     ,     ,     ,     ,    ,      ,    2.0,   0.0,   1.0,     1.0,     0.0,        ,        ,        ,        ,        ,        ,      
hartima01, 2001,     1, ATL , NHL , C  ,  2.0,  0.0,   0.0,   0.0,   2.0, -2.0 ,  0.0,  0.0,  0.0,  0.0,  0.0, 0.0,   3.0,       ,      ,      ,        ,        ,        ,        ,        ,        ,        ,        ,      
hartima01, 2002,     1, ATL , NHL , C  , 23.0,  5.0,   2.0,   7.0,   6.0, -8.0 ,  1.0,  0.0,  0.0,  0.0,  0.0, 0.0,  25.0,       ,      ,      ,        ,        ,        ,        ,        ,        ,        ,        ,      
hartima01, 2003,     1, CBS , NHL , C  ,  9.0,  1.0,   3.0,   4.0,   6.0, -2.0 ,  1.0,  1.0,  0.0,  0.0,  0.0, 0.0,  15.0,       ,      ,      ,        ,        ,        ,        ,        ,        ,        ,        ,      
hartima01, 2005,     1, CBS , NHL , C  , 33.0,  9.0,   3.0,  12.0,  22.0, -1.0 ,  3.0,  1.0,  0.0,  0.0,  1.0,    ,  54.0,       ,      ,      ,        ,        ,        ,        ,        ,        ,        ,        ,      
hartima01, 2006,     1, CBS , NHL , C  ,  6.0,  1.0,   2.0,   3.0,   2.0, 2.0  ,  1.0,  2.0,  0.0,  0.0,  0.0,    ,  11.0,       ,      ,      ,        ,        ,        ,        ,        ,        ,        ,        ,      
hartima01, 2006,     2, AND , NHL , C  ,  6.0,  0.0,   0.0,   0.0,   4.0, -1.0 ,  0.0,  0.0,  0.0,  0.0,  0.0,    ,   4.0,    1.0,   0.0,   0.0,     0.0,     0.0, 0.0    ,     0.0,     0.0,     0.0,     0.0,     0.0,     0.0
hartima01, 2007,     1, DET , NHL , C  , 23.0,  3.0,   1.0,   4.0,  16.0, -2.0 ,  0.0,  0.0,  0.0,  0.0,  0.0,    ,  19.0,    4.0,   0.0,   1.0,     1.0,     4.0, 0.0    ,     0.0,     0.0,     0.0,     0.0,     0.0,     0.0
hartmmi01, 1986,     1, BUF , NHL , R  , 17.0,  3.0,   3.0,   6.0,  69.0, 2.0  ,  0.0,     ,  0.0,     ,  0.0, 0.0,  19.0,       ,      ,      ,        ,        ,        ,        ,        ,        ,        ,        ,      
hartmmi01, 1987,     1, BUF , NHL , L  , 18.0,  3.0,   1.0,   4.0,  90.0, -3.0 ,  0.0,  0.0,  0.0,  0.0,  1.0, 0.0,  24.0,    6.0,   0.0,   0.0,     0.0,    35.0, -1.0   ,     0.0,     0.0,     0.0,     0.0,     0.0,     1.0
hartmmi01, 1988,     1, BUF , NHL , L  , 70.0,  8.0,   9.0,  17.0, 316.0, 9.0  ,  1.0,  0.0,  0.0,  0.0,  0.0, 0.0,  91.0,    5.0,   0.0,   0.0,     0.0,    34.0, -1.0   ,     0.0,     0.0,     0.0,     0.0,     0.0,     3.0
hartmmi01, 1989,     1, BUF , NHL , L  , 60.0, 11.0,  10.0,  21.0, 211.0, -10.0,  2.0,  0.0,  0.0,  0.0,  3.0, 0.0,  97.0,    6.0,   0.0,   0.0,     0.0,    18.0, 2.0    ,     0.0,     0.0,     0.0,     0.0,     0.0,     5.0
hartmmi01, 1990,     1, BUF , NHL , R  , 60.0,  9.0,   3.0,  12.0, 204.0, -10.0,  2.0,  1.0,  0.0,  0.0,  1.0, 0.0,  65.0,    2.0,   0.0,   0.0,     0.0,    17.0, 0.0    ,     0.0,     0.0,     0.0,     0.0,     0.0,     0.0
hartmmi01, 1991,     1, WIN , NHL , L  , 75.0,  4.0,   4.0,   8.0, 264.0, -10.0,  0.0,  0.0,  0.0,  0.0,  1.0, 1.0,  89.0,    2.0,   0.0,   0.0,     0.0,     2.0, 0.0    ,     0.0,     0.0,     0.0,     0.0,     0.0,     0.0
hartmmi01, 1992,     1, TBL , NHL , L  , 58.0,  4.0,   4.0,   8.0, 154.0, -7.0 ,  0.0,  0.0,  0.0,  0.0,  0.0, 0.0,  74.0,       ,      ,      ,        ,        ,        ,        ,        ,        ,        ,        ,      
hartmmi01, 1992,     2, NYR , NHL , L  ,  3.0,  0.0,   0.0,   0.0,   6.0, 0.0  ,  0.0,  0.0,  0.0,  0.0,  0.0, 0.0,   3.0,       ,      ,      ,        ,        ,        ,        ,        ,        ,        ,        ,      
hartmmi01, 1993,     1, NYR , NHL , L  , 35.0,  1.0,   1.0,   2.0,  70.0, -5.0 ,  0.0,  0.0,  0.0,  0.0,  0.0, 0.0,  19.0,       ,      ,      ,        ,        ,        ,        ,        ,        ,        ,        ,      
hartmmi01, 1994,     1, NYR , NHL , L  ,  1.0,  0.0,   0.0,   0.0,   4.0, 0.0  ,  0.0,  0.0,  0.0,  0.0,  0.0, 0.0,   0.0,       ,      ,      ,        ,        ,        ,        ,        ,        ,        ,        ,      
hartnsc01, 2000,     1, NAS , NHL , R  , 75.0,  2.0,  14.0,  16.0,  48.0, -8.0 ,  0.0,  0.0,  0.0,  0.0,  0.0, 0.0,  92.0,       ,      ,      ,        ,        ,        ,        ,        ,        ,        ,        ,      
hartnsc01, 2001,     1, NAS , NHL , R  , 75.0, 14.0,  27.0,  41.0, 111.0, 5.0  ,  3.0,  6.0,  0.0,  0.0,  4.0, 0.0, 162.0,       ,      ,      ,        ,        ,        ,        ,        ,        ,        ,        ,      
hartnsc01, 2002,     1, NAS , NHL , R  , 82.0, 12.0,  22.0,  34.0, 101.0, -3.0 ,  2.0,  3.0,  0.0,  0.0,  2.0, 0.0, 221.0,       ,      ,      ,        ,        ,        ,        ,        ,        ,        ,        ,      
hartnsc01, 2003,     1, NAS , NHL , L  , 59.0, 18.0,  15.0,  33.0,  87.0, -5.0 ,  5.0,  8.0,  0.0,  0.0,  3.0, 0.0, 154.0,    6.0,   1.0,   2.0,     3.0,     2.0, 3.0    ,     0.0,     0.0,     0.0,     0.0,     0.0,    11.0
hartnsc01, 2005,     1, NAS , NHL , L  , 81.0, 25.0,  23.0,  48.0, 101.0, 8.0  , 10.0,  7.0,  2.0,  2.0,  8.0,    , 211.0,    5.0,   1.0,   0.0,     1.0,     4.0, 0.0    ,     0.0,     0.0,     0.0,     0.0,     0.0,     9.0
hartnsc01, 2006,     1, NAS , NHL , R  , 64.0, 22.0,  17.0,  39.0,  96.0, 19.0 , 10.0,  1.0,  0.0,  1.0,  2.0,    , 150.0,    5.0,   1.0,   1.0,     2.0,    28.0, -1.0   ,     1.0,     0.0,     0.0,     0.0,     0.0,     5.0
hartnsc01, 2007,     1, PHI , NHL , L  , 80.0, 24.0,  19.0,  43.0, 159.0, 2.0  , 10.0,  2.0,  1.0,  1.0,  6.0,    , 176.0,   17.0,   3.0,   4.0,     7.0,    20.0, -2.0   ,     0.0,     1.0,     0.0,     0.0,     0.0,    23.0
hartnsc01, 2008,     1, PHI , NHL , L  , 82.0, 30.0,  30.0,  60.0, 143.0, 14.0 ,  6.0,  7.0,  1.0,  0.0,  5.0,    , 210.0,    6.0,   1.0,   1.0,     2.0,    23.0, -2.0   ,     1.0,     0.0,     0.0,     0.0,     0.0,    15.0
hartnsc01, 2009,     1, PHI , NHL , R  , 81.0, 14.0,  30.0,  44.0, 155.0, -6.0 ,  8.0,  6.0,  0.0,  0.0,  4.0,    , 171.0,   23.0,   8.0,   9.0,    17.0,    25.0, 4.0    ,     3.0,     4.0,     0.0,     0.0,     0.0,    30.0
hartri01 , 1976,     1, BIR , WHA , D  ,  4.0,  0.0,   0.0,   0.0,   0.0, 1.0  ,  0.0,     ,  0.0,     ,  0.0,    ,   0.0,       ,      ,      ,        ,        ,        ,        ,        ,        ,        ,        ,      
hartscr01, 1978,     1, BIR , WHA , D  , 77.0,  9.0,  40.0,  49.0,  73.0, 9.0  ,  4.0,     ,  0.0,     ,     ,    , 181.0,       ,      ,      ,        ,        ,        ,        ,        ,        ,        ,        ,      
hartscr01, 1979,     1, MNS , NHL , D  , 79.0, 14.0,  30.0,  44.0,  81.0, -2.0 ,  7.0,     ,  0.0,     ,  2.0, 1.0, 202.0,   15.0,   3.0,   1.0,     4.0,    17.0,        ,     2.0,        ,     0.0,        ,     0.0,      
hartscr01, 1980,     1, MNS , NHL , D  , 74.0, 13.0,  30.0,  43.0, 124.0, -9.0 ,  8.0,     ,  0.0,     ,  2.0, 2.0, 207.0,   19.0,   3.0,  12.0,    15.0,    16.0,        ,     3.0,        ,     0.0,        ,     0.0,      
hartscr01, 1981,     1, MNS , NHL , D  , 76.0, 17.0,  60.0,  77.0, 117.0, 11.0 ,  5.0,     ,  0.0,     ,  2.0, 2.0, 204.0,    4.0,   1.0,   2.0,     3.0,    14.0,        ,     0.0,        ,     0.0,        ,     0.0,      
hartscr01, 1982,     1, MNS , NHL , D  , 78.0, 12.0,  50.0,  62.0, 109.0, 7.0  ,  3.0,     ,  1.0,     ,  1.0, 1.0, 200.0,    9.0,   3.0,   8.0,    11.0,     7.0,        ,     2.0,        ,     0.0,        ,     0.0,      
hartscr01, 1983,     1, MNS , NHL , D  , 26.0,  7.0,   7.0,  14.0,  37.0, -2.0 ,  5.0,     ,  0.0,     ,  0.0, 0.0,  54.0,       ,      ,      ,        ,        ,        ,        ,        ,        ,        ,        ,      
hartscr01, 1984,     1, MNS , NHL , D  , 32.0,  7.0,  11.0,  18.0,  54.0, -5.0 ,  1.0,     ,  1.0,     ,  1.0, 0.0,  93.0,    9.0,   5.0,   3.0,     8.0,    14.0, -8.0   ,     3.0,        ,     0.0,        ,     0.0,    28.0
hartscr01, 1985,     1, MNS , NHL , D  , 75.0, 10.0,  47.0,  57.0, 127.0, 7.0  ,  4.0,     ,  0.0,     ,  2.0, 0.0, 185.0,    5.0,   0.0,   1.0,     1.0,     2.0, -5.0   ,     0.0,        ,     0.0,        ,     0.0,    15.0
hartscr01, 1986,     1, MNS , NHL , D  , 73.0, 11.0,  50.0,  61.0,  93.0, -2.0 ,  4.0,     ,  0.0,     ,  1.0, 1.0, 189.0,       ,      ,      ,        ,        ,        ,        ,        ,        ,        ,        ,      
hartscr01, 1987,     1, MNS , NHL , D  , 27.0,  3.0,  16.0,  19.0,  29.0, -2.0 ,  2.0, 11.0,  0.0,  1.0,  1.0, 0.0,  83.0,       ,      ,      ,        ,        ,        ,        ,        ,        ,        ,        ,      
hartscr01, 1988,     1, MNS , NHL , D  , 30.0,  4.0,  14.0,  18.0,  47.0, -8.0 ,  1.0,  6.0,  0.0,  0.0,  0.0, 0.0,  75.0,       ,      ,      ,        ,        ,        ,        ,        ,        ,        ,        ,      
harvebu01, 1970,     1, MNS , NHL , R  , 59.0, 12.0,   8.0,  20.0,  36.0, -13.0,  4.0,     ,  0.0,     ,  3.0, 2.0, 154.0,    7.0,   0.0,   0.0,     0.0,     4.0,        ,     0.0,        ,     0.0,        ,     0.0,      
harvebu01, 1971,     1, MNS , NHL , R  ,     ,     ,      ,      ,      ,      ,     ,     ,     ,     ,     ,    ,      ,    1.0,   0.0,   0.0,     0.0,     0.0,        ,     0.0,        ,     0.0,        ,     0.0,      
harvebu01, 1972,     1, MNS , NHL , R  , 68.0, 21.0,  34.0,  55.0,  16.0, 23.0 ,  3.0,     ,  0.0,     ,  3.0, 2.0, 184.0,    6.0,   0.0,   2.0,     2.0,     4.0,        ,     0.0,        ,     0.0,        ,     0.0,      
harvebu01, 1973,     1, MNS , NHL , R  , 72.0, 16.0,  17.0,  33.0,  14.0, -11.0,  1.0,     ,  0.0,     ,  3.0, 0.0, 190.0,       ,      ,      ,        ,        ,        ,        ,        ,        ,        ,        ,      
harvebu01, 1974,     1, ATF , NHL , R  , 79.0, 17.0,  27.0,  44.0,  16.0, 4.0  ,  4.0,     ,  0.0,     ,  3.0, 0.0, 156.0,       ,      ,      ,        ,        ,        ,        ,        ,        ,        ,        ,      
harvebu01, 1975,     1, ATF , NHL , R  ,  1.0,  0.0,   0.0,   0.0,   0.0, 0.0  ,  0.0,     ,  0.0,     ,  0.0, 0.0,   1.0,       ,      ,      ,        ,        ,        ,        ,        ,        ,        ,        ,      
harvebu01, 1975,     2, KCS , NHL , R  , 39.0,  5.0,  12.0,  17.0,   6.0, -31.0,  0.0,     ,  0.0,     ,  0.0, 1.0,  76.0,       ,      ,      ,        ,        ,        ,        ,        ,        ,        ,        ,      
harvebu01, 1975,     3, DET , NHL , R  , 35.0,  8.0,   9.0,  17.0,  25.0, -8.0 ,  1.0,     ,  0.0,     ,  0.0, 0.0,  71.0,       ,      ,      ,        ,        ,        ,        ,        ,        ,        ,        ,      
harvebu01, 1976,     1, DET , NHL , R  , 54.0, 11.0,  11.0,  22.0,  18.0, -13.0,  2.0,     ,  3.0,     ,  1.0, 0.0, 105.0,       ,      ,      ,        ,        ,        ,        ,        ,        ,        ,        ,      
harvedo01, 1947,     1, MTL , NHL , D  , 35.0,  4.0,   4.0,   8.0,  32.0,      ,     ,     ,     ,     ,     ,    ,      ,       ,      ,      ,        ,        ,        ,        ,        ,        ,        ,        ,      
harvedo01, 1948,     1, MTL , NHL , D  , 55.0,  3.0,  13.0,  16.0,  87.0,      ,     ,     ,     ,     ,     ,    ,      ,    7.0,   0.0,   1.0,     1.0,    10.0,        ,        ,        ,        ,        ,        ,      
harvedo01, 1949,     1, MTL , NHL , D  , 70.0,  4.0,  20.0,  24.0,  76.0,      ,     ,     ,     ,     ,     ,    ,      ,    5.0,   0.0,   2.0,     2.0,    10.0,        ,        ,        ,        ,        ,        ,      
harvedo01, 1950,     1, MTL , NHL , D  , 70.0,  5.0,  24.0,  29.0,  93.0,      ,     ,     ,     ,     ,     ,    ,      ,   11.0,   0.0,   5.0,     5.0,    12.0,        ,        ,        ,        ,        ,        ,      
harvedo01, 1951,     1, MTL , NHL , D  , 68.0,  6.0,  23.0,  29.0,  82.0,      ,     ,     ,     ,     ,     ,    ,      ,   11.0,   0.0,   3.0,     3.0,     8.0,        ,        ,        ,        ,        ,        ,      
harvedo01, 1952,     1, MTL , NHL , D  , 69.0,  4.0,  30.0,  34.0,  67.0,      ,     ,     ,     ,     ,     ,    ,      ,   12.0,   0.0,   5.0,     5.0,     8.0,        ,        ,        ,        ,        ,        ,      
harvedo01, 1953,     1, MTL , NHL , D  , 68.0,  8.0,  29.0,  37.0, 110.0,      ,     ,     ,     ,     ,     ,    ,      ,   10.0,   0.0,   2.0,     2.0,    12.0,        ,        ,        ,        ,        ,        ,      
harvedo01, 1954,     1, MTL , NHL , D  , 70.0,  6.0,  43.0,  49.0,  58.0,      ,     ,     ,     ,     ,     ,    ,      ,   12.0,   0.0,   8.0,     8.0,     6.0,        ,        ,        ,        ,        ,        ,      
harvedo01, 1955,     1, MTL , NHL , D  , 62.0,  5.0,  39.0,  44.0,  60.0,      ,     ,     ,     ,     ,     ,    ,      ,   10.0,   2.0,   5.0,     7.0,    10.0,        ,        ,        ,        ,        ,        ,      
harvedo01, 1956,     1, MTL , NHL , D  , 70.0,  6.0,  44.0,  50.0,  92.0,      ,     ,     ,     ,     ,     ,    ,      ,   10.0,   0.0,   7.0,     7.0,    10.0,        ,        ,        ,        ,        ,        ,      
harvedo01, 1957,     1, MTL , NHL , D  , 68.0,  9.0,  32.0,  41.0, 131.0,      ,     ,     ,     ,     ,     ,    ,      ,   10.0,   2.0,   9.0,    11.0,    16.0,        ,        ,        ,        ,        ,        ,      
harvedo01, 1958,     1, MTL , NHL , D  , 61.0,  4.0,  16.0,  20.0,  61.0,      ,     ,     ,     ,     ,     ,    ,      ,   11.0,   1.0,  11.0,    12.0,    22.0,        ,        ,        ,        ,        ,        ,      
harvedo01, 1959,     1, MTL , NHL , D  , 66.0,  6.0,  21.0,  27.0,  45.0,      ,     ,     ,     ,     ,     ,    ,      ,    8.0,   3.0,   0.0,     3.0,     6.0,        ,        ,        ,        ,        ,        ,      
harvedo01, 1960,     1, MTL , NHL , D  , 58.0,  6.0,  33.0,  39.0,  48.0,      ,     ,     ,     ,     ,     ,    ,      ,    6.0,   0.0,   1.0,     1.0,     8.0,        ,        ,        ,        ,        ,     0.0,      
harvedo01, 1961,     1, NYR , NHL , D  , 69.0,  6.0,  24.0,  30.0,  42.0,      ,     ,     ,     ,     ,     ,    ,      ,    6.0,   0.0,   1.0,     1.0,     2.0,        ,        ,        ,        ,        ,     0.0,      
harvedo01, 1962,     1, NYR , NHL , D  , 68.0,  4.0,  35.0,  39.0,  92.0,      ,     ,     ,     ,     ,     ,    ,      ,       ,      ,      ,        ,        ,        ,        ,        ,        ,        ,        ,      
harvedo01, 1963,     1, NYR , NHL , D  , 14.0,  0.0,   2.0,   2.0,  10.0,      ,  0.0,     ,  0.0,     ,  0.0, 0.0,      ,       ,      ,      ,        ,        ,        ,        ,        ,        ,        ,        ,      
harvedo01, 1966,     1, DET , NHL , D  ,  2.0,  0.0,   0.0,   0.0,   0.0,      ,  0.0,     ,  0.0,     ,  0.0, 0.0,      ,       ,      ,      ,        ,        ,        ,        ,        ,        ,        ,        ,      
harvedo01, 1967,     1, STL , NHL , D  ,     ,     ,      ,      ,      ,      ,     ,     ,     ,     ,     ,    ,      ,    8.0,   0.0,   4.0,     4.0,    12.0,        ,     0.0,        ,     0.0,        ,     0.0,      
harvedo01, 1968,     1, STL , NHL , D  , 70.0,  2.0,  20.0,  22.0,  30.0, 11.0 ,  1.0,     ,  0.0,     ,  0.0, 0.0,  46.0,       ,      ,      ,        ,        ,        ,        ,        ,        ,        ,        ,      
harvehu01, 1974,     1, KCS , NHL , C  ,  8.0,  0.0,   0.0,   0.0,   2.0, -1.0 ,  0.0,     ,  0.0,     ,  0.0, 0.0,   5.0,       ,      ,      ,        ,        ,        ,        ,        ,        ,        ,        ,      
harvehu01, 1975,     1, KCS , NHL , C  , 10.0,  1.0,   1.0,   2.0,   2.0, -5.0 ,  0.0,     ,  0.0,     ,  0.0, 0.0,  11.0,       ,      ,      ,        ,        ,        ,        ,        ,        ,        ,        ,      
harvemi01, 1972,     1, QUN , WHA , C  , 40.0,  6.0,  13.0,  19.0,  14.0,      ,  2.0,     ,  0.0,     ,     ,    ,      ,       ,      ,      ,        ,        ,        ,        ,        ,        ,        ,        ,      
harveto01, 1994,     1, DAL , NHL , R  , 40.0, 11.0,   9.0,  20.0,  67.0, -3.0 ,  2.0,  6.0,  0.0,  0.0,  1.0, 0.0,  64.0,    5.0,   0.0,   0.0,     0.0,     8.0, -1.0   ,     0.0,     0.0,     0.0,     0.0,     0.0,     7.0
harveto01, 1995,     1, DAL , NHL , R  , 69.0,  9.0,  20.0,  29.0, 136.0, -13.0,  3.0,  8.0,  0.0,  0.0,  1.0, 0.0, 101.0,       ,      ,      ,        ,        ,        ,        ,        ,        ,        ,        ,      
harveto01, 1996,     1, DAL , NHL , R  , 71.0,  9.0,  22.0,  31.0, 142.0, 19.0 ,  1.0,  1.0,  0.0,  0.0,  2.0, 0.0,  99.0,    7.0,   0.0,   1.0,     1.0,    10.0, -2.0   ,     0.0,     1.0,     0.0,     0.0,     0.0,    15.0
harveto01, 1997,     1, DAL , NHL , C  , 59.0,  9.0,  10.0,  19.0, 104.0, 5.0  ,  0.0,  2.0,  0.0,  0.0,  1.0, 0.0,  88.0,       ,      ,      ,        ,        ,        ,        ,        ,        ,        ,        ,      
harveto01, 1998,     1, NYR , NHL , R  , 37.0, 11.0,  17.0,  28.0,  72.0, -1.0 ,  6.0,  8.0,  0.0,  0.0,  2.0, 1.0,  58.0,       ,      ,      ,        ,        ,        ,        ,        ,        ,        ,        ,      
harveto01, 1999,     1, NYR , NHL , R  , 31.0,  3.0,   3.0,   6.0,  62.0, -9.0 ,  0.0,  0.0,  0.0,  0.0,  0.0, 0.0,  31.0,       ,      ,      ,        ,        ,        ,        ,        ,        ,        ,        ,      
harveto01, 1999,     2, SJS , NHL , R  , 40.0,  8.0,   4.0,  12.0,  78.0, -2.0 ,  2.0,  0.0,  0.0,  0.0,  0.0, 0.0,  59.0,   12.0,   1.0,   0.0,     1.0,     8.0, -2.0   ,     1.0,     0.0,     0.0,     0.0,     0.0,     9.0
harveto01, 2000,     1, SJS , NHL , R  , 69.0, 10.0,  11.0,  21.0,  72.0, 6.0  ,  1.0,  1.0,  0.0,  0.0,  2.0, 0.0,  66.0,    6.0,   0.0,   0.0,     0.0,     8.0, 0.0    ,     0.0,     0.0,     0.0,     0.0,     0.0,     2.0
harveto01, 2001,     1, SJS , NHL , R  , 69.0,  9.0,  13.0,  22.0,  73.0, 16.0 ,  0.0,  0.0,  0.0,  0.0,  1.0, 0.0,  66.0,   12.0,   0.0,   2.0,     2.0,    12.0, 3.0    ,     0.0,     0.0,     0.0,     0.0,     0.0,    13.0
harveto01, 2002,     1, SJS , NHL , R  , 76.0,  3.0,  16.0,  19.0,  74.0, 5.0  ,  0.0,  1.0,  0.0,  0.0,  0.0, 0.0,  64.0,       ,      ,      ,        ,        ,        ,        ,        ,        ,        ,        ,      
harveto01, 2003,     1, SJS , NHL , C  , 47.0,  4.0,   5.0,   9.0,  38.0, 3.0  ,  0.0,  0.0,  0.0,  0.0,  0.0, 0.0,  51.0,   16.0,   1.0,   2.0,     3.0,     2.0, -3.0   ,     0.0,     0.0,     0.0,     0.0,     0.0,    11.0
harveto01, 2005,     1, EDM , NHL , R  , 63.0,  5.0,   2.0,   7.0,  32.0, -7.0 ,  0.0,  0.0,  0.0,  0.0,  0.0,    ,  45.0,   10.0,   1.0,   1.0,     2.0,     4.0, 0.0    ,     0.0,     0.0,     0.0,     0.0,     0.0,     6.0
hasekdo01, 1990,     1, CHI , NHL , G  ,  5.0,  0.0,   0.0,   0.0,   0.0, 0.0  ,  0.0,  0.0,  0.0,  0.0,  0.0, 0.0,   0.0,    3.0,   0.0,   1.0,     1.0,     0.0, 0.0    ,     0.0,        ,     0.0,     0.0,     0.0,     0.0
hasekdo01, 1991,     1, CHI , NHL , G  , 20.0,  0.0,   0.0,   0.0,   8.0, 0.0  ,  0.0,  0.0,  0.0,  0.0,  0.0, 0.0,   0.0,    3.0,   0.0,   0.0,     0.0,     0.0, 0.0    ,     0.0,     0.0,     0.0,     0.0,     0.0,     0.0
hasekdo01, 1992,     1, BUF , NHL , G  , 28.0,  0.0,   0.0,   0.0,   0.0, 0.0  ,  0.0,  0.0,  0.0,  0.0,  0.0, 0.0,   0.0,    1.0,   0.0,   0.0,     0.0,     0.0, 0.0    ,     0.0,     0.0,     0.0,     0.0,     0.0,     0.0
hasekdo01, 1993,     1, BUF , NHL , G  , 58.0,  0.0,   3.0,   3.0,   6.0, 0.0  ,  0.0,  0.0,  0.0,  0.0,  0.0, 0.0,   0.0,    7.0,   0.0,   0.0,     0.0,     2.0, 0.0    ,     0.0,     0.0,     0.0,     0.0,     0.0,     0.0
hasekdo01, 1994,     1, BUF , NHL , G  , 41.0,  0.0,   0.0,   0.0,   2.0, 0.0  ,  0.0,  0.0,  0.0,  0.0,  0.0, 0.0,   0.0,    5.0,   0.0,   0.0,     0.0,     0.0, 0.0    ,     0.0,     0.0,     0.0,     0.0,     0.0,     0.0
hasekdo01, 1995,     1, BUF , NHL , G  , 59.0,  0.0,   1.0,   1.0,   6.0, 0.0  ,  0.0,  1.0,  0.0,  0.0,  0.0, 0.0,   0.0,       ,      ,      ,        ,        ,        ,        ,        ,        ,        ,        ,      
hasekdo01, 1996,     1, BUF , NHL , G  , 67.0,  0.0,   3.0,   3.0,  30.0, 0.0  ,  0.0,  0.0,  0.0,  0.0,  0.0, 0.0,   0.0,    3.0,   0.0,   0.0,     0.0,     2.0, 0.0    ,     0.0,     0.0,     0.0,     0.0,     0.0,     0.0
hasekdo01, 1997,     1, BUF , NHL , G  , 72.0,  0.0,   2.0,   2.0,  12.0, 0.0  ,  0.0,  0.0,  0.0,  0.0,  0.0, 0.0,   0.0,   15.0,   0.0,   0.0,     0.0,     4.0, 0.0    ,     0.0,     0.0,     0.0,     0.0,     0.0,     0.0
hasekdo01, 1998,     1, BUF , NHL , G  , 64.0,  0.0,   0.0,   0.0,  14.0, 0.0  ,  0.0,  0.0,  0.0,  0.0,  0.0, 0.0,   0.0,   19.0,   0.0,   1.0,     1.0,     8.0, 0.0    ,     0.0,     0.0,     0.0,     1.0,     0.0,     0.0
hasekdo01, 1999,     1, BUF , NHL , G  , 35.0,  0.0,   1.0,   1.0,  12.0, 0.0  ,  0.0,  0.0,  0.0,  0.0,  0.0, 0.0,   0.0,    5.0,   0.0,   0.0,     0.0,     2.0, 0.0    ,     0.0,     0.0,     0.0,     0.0,     0.0,     0.0
hasekdo01, 2000,     1, BUF , NHL , G  , 67.0,  0.0,   3.0,   3.0,  22.0, 0.0  ,  0.0,  1.0,  0.0,  0.0,  0.0, 0.0,   0.0,   13.0,   0.0,   0.0,     0.0,    14.0, 0.0    ,     0.0,     0.0,     0.0,     0.0,     0.0,     0.0
hasekdo01, 2001,     1, DET , NHL , G  , 65.0,  0.0,   1.0,   1.0,   8.0, 0.0  ,  0.0,  0.0,  0.0,  0.0,  0.0, 0.0,   0.0,   23.0,   0.0,   1.0,     1.0,     8.0, 0.0    ,     0.0,     0.0,     0.0,     0.0,     0.0,     0.0
hasekdo01, 2003,     1, DET , NHL , G  , 14.0,  0.0,   2.0,   2.0,   2.0, 0.0  ,  0.0,  1.0,  0.0,  0.0,  0.0, 0.0,   0.0,       ,      ,      ,        ,        ,        ,        ,        ,        ,        ,        ,      
hasekdo01, 2005,     1, OTT , NHL , G  , 43.0,  0.0,   0.0,   0.0,  16.0, 0.0  ,  0.0,  0.0,  0.0,  0.0,  0.0,    ,   0.0,       ,      ,      ,        ,        ,        ,        ,        ,        ,        ,        ,      
hasekdo01, 2006,     1, DET , NHL , G  , 56.0,  0.0,   2.0,   2.0,  20.0, 0.0  ,  0.0,  0.0,  0.0,  0.0,  0.0,    ,   0.0,   18.0,   0.0,   0.0,     0.0,     2.0, 0.0    ,     0.0,     0.0,     0.0,     0.0,     0.0,     0.0
hasekdo01, 2007,     1, DET , NHL , G  , 41.0,  0.0,   1.0,   1.0,  12.0, 0.0  ,  0.0,  0.0,  0.0,  0.0,  0.0,    ,   0.0,    4.0,   0.0,   0.0,     0.0,     2.0, 0.0    ,     0.0,     0.0,     0.0,     0.0,     0.0,     0.0
hassabo01, 1949,     1, TOR , NHL , C  ,  1.0,  0.0,   0.0,   0.0,   0.0,      ,     ,     ,     ,     ,     ,    ,      ,       ,      ,      ,        ,        ,        ,        ,        ,        ,        ,        ,      
hassabo01, 1950,     1, TOR , NHL , C  , 12.0,  0.0,   1.0,   1.0,   0.0,      ,     ,     ,     ,     ,     ,    ,      ,       ,      ,      ,        ,        ,        ,        ,        ,        ,        ,        ,      
hassabo01, 1952,     1, TOR , NHL , C  , 70.0,  8.0,  23.0,  31.0,  14.0,      ,     ,     ,     ,     ,     ,    ,      ,       ,      ,      ,        ,        ,        ,        ,        ,        ,        ,        ,      
hassabo01, 1953,     1, TOR , NHL , C  , 26.0,  1.0,   4.0,   5.0,   4.0,      ,     ,     ,     ,     ,     ,    ,      ,       ,      ,      ,        ,        ,        ,        ,        ,        ,        ,        ,      
hassabo01, 1954,     1, CHI , NHL , C  , 17.0,  0.0,   0.0,   0.0,   4.0,      ,     ,     ,     ,     ,     ,    ,      ,       ,      ,      ,        ,        ,        ,        ,        ,        ,        ,        ,      
hatchde01, 1991,     1, MNS , NHL , D  , 43.0,  8.0,   4.0,  12.0,  88.0, 7.0  ,  0.0,  0.0,  0.0,  0.0,  2.0, 0.0,  51.0,    5.0,   0.0,   2.0,     2.0,     8.0, 1.0    ,     0.0,     0.0,     0.0,     0.0,     0.0,    10.0
hatchde01, 1992,     1, MNS , NHL , D  , 67.0,  4.0,  15.0,  19.0, 178.0, -27.0,  0.0,  7.0,  0.0,  0.0,  1.0, 1.0,  73.0,       ,      ,      ,        ,        ,        ,        ,        ,        ,        ,        ,      
hatchde01, 1993,     1, DAL , NHL , D  , 83.0, 12.0,  19.0,  31.0, 211.0, 19.0 ,  2.0,  5.0,  1.0,  0.0,  2.0, 0.0, 132.0,    9.0,   0.0,   2.0,     2.0,    14.0, -2.0   ,     0.0,     1.0,     0.0,     0.0,     0.0,    17.0
hatchde01, 1994,     1, DAL , NHL , D  , 43.0,  5.0,  11.0,  16.0, 105.0, 3.0  ,  2.0,  4.0,  0.0,  0.0,  2.0, 0.0,  74.0,       ,      ,      ,        ,        ,        ,        ,        ,        ,        ,        ,      
hatchde01, 1995,     1, DAL , NHL , D  , 79.0,  8.0,  23.0,  31.0, 129.0, -12.0,  2.0,  7.0,  0.0,  0.0,  1.0, 0.0, 125.0,       ,      ,      ,        ,        ,        ,        ,        ,        ,        ,        ,      
hatchde01, 1996,     1, DAL , NHL , D  , 63.0,  3.0,  19.0,  22.0,  97.0, 8.0  ,  0.0,  1.0,  0.0,  1.0,  0.0, 0.0,  96.0,    7.0,   0.0,   2.0,     2.0,    20.0, 1.0    ,     0.0,     0.0,     0.0,     0.0,     0.0,     7.0
hatchde01, 1997,     1, DAL , NHL , D  , 70.0,  6.0,  25.0,  31.0, 132.0, 9.0  ,  3.0,  9.0,  0.0,  0.0,  2.0, 0.0,  74.0,   17.0,   3.0,   3.0,     6.0,    39.0, -1.0   ,     2.0,     1.0,     0.0,     0.0,     0.0,    22.0
hatchde01, 1998,     1, DAL , NHL , D  , 80.0,  9.0,  21.0,  30.0, 102.0, 21.0 ,  3.0,  2.0,  0.0,  1.0,  2.0, 0.0, 125.0,   18.0,   1.0,   6.0,     7.0,    24.0, 4.0    ,     0.0,     3.0,     0.0,     1.0,     0.0,    28.0
hatchde01, 1999,     1, DAL , NHL , D  , 57.0,  2.0,  22.0,  24.0,  68.0, 6.0  ,  0.0,  6.0,  0.0,  2.0,  0.0, 0.0,  90.0,   23.0,   1.0,   3.0,     4.0,    29.0, -4.0   ,     0.0,     1.0,     0.0,     0.0,     0.0,    34.0
hatchde01, 2000,     1, DAL , NHL , D  , 80.0,  2.0,  21.0,  23.0,  77.0, 5.0  ,  1.0,  7.0,  0.0,  1.0,  2.0, 0.0,  97.0,   10.0,   0.0,   1.0,     1.0,    16.0, -7.0   ,     0.0,     0.0,     0.0,     0.0,     0.0,    13.0
hatchde01, 2001,     1, DAL , NHL , D  , 80.0,  4.0,  21.0,  25.0,  87.0, 12.0 ,  1.0,  2.0,  0.0,  2.0,  0.0, 2.0, 111.0,       ,      ,      ,        ,        ,        ,        ,        ,        ,        ,        ,      
hatchde01, 2002,     1, DAL , NHL , D  , 82.0,  8.0,  22.0,  30.0, 106.0, 37.0 ,  1.0,  4.0,  1.0,  0.0,  2.0, 0.0, 159.0,   11.0,   1.0,   2.0,     3.0,    33.0, 8.0    ,     0.0,     1.0,     0.0,     0.0,     0.0,    22.0
hatchde01, 2003,     1, DET , NHL , D  , 15.0,  0.0,   4.0,   4.0,   8.0, 4.0  ,  0.0,  1.0,  0.0,  0.0,  0.0, 0.0,  18.0,   12.0,   0.0,   1.0,     1.0,    15.0, 0.0    ,     0.0,     0.0,     0.0,     0.0,     0.0,    12.0
hatchde01, 2005,     1, PHI , NHL , D  , 77.0,  4.0,  13.0,  17.0,  93.0, 2.0  ,  1.0,  3.0,  1.0,  2.0,  0.0,    ,  98.0,    6.0,   0.0,   2.0,     2.0,    10.0, -4.0   ,     0.0,     0.0,     0.0,     1.0,     0.0,     5.0
hatchde01, 2006,     1, PHI , NHL , D  , 82.0,  3.0,   6.0,   9.0,  67.0, -24.0,  3.0,  1.0,  0.0,  0.0,  1.0,    ,  81.0,       ,      ,      ,        ,        ,        ,        ,        ,        ,        ,        ,      
hatchde01, 2007,     1, PHI , NHL , D  , 44.0,  2.0,   5.0,   7.0,  33.0, 4.0  ,  0.0,  0.0,  0.0,  1.0,  1.0,    ,  27.0,   15.0,   1.0,   2.0,     3.0,    40.0, 2.0    ,     0.0,     0.0,     0.0,     0.0,     0.0,     7.0
hatchke01, 1984,     1, WAS , NHL , D  ,  2.0,  1.0,   0.0,   1.0,   0.0, 1.0  ,  0.0,     ,  1.0,     ,  0.0, 0.0,   3.0,    1.0,   0.0,   0.0,     0.0,     0.0, 1.0    ,     0.0,        ,     0.0,        ,     0.0,     1.0
hatchke01, 1985,     1, WAS , NHL , D  , 79.0,  9.0,  10.0,  19.0, 119.0, 6.0  ,  1.0,     ,  0.0,     ,  1.0, 0.0, 132.0,    9.0,   1.0,   1.0,     2.0,    19.0, 5.0    ,     0.0,        ,     0.0,        ,     0.0,    11.0
hatchke01, 1986,     1, WAS , NHL , D  , 78.0,  8.0,  16.0,  24.0, 144.0, -29.0,  1.0,     ,  0.0,     ,  2.0, 0.0, 100.0,    7.0,   1.0,   0.0,     1.0,    20.0, -2.0   ,     0.0,        ,     0.0,        ,     0.0,    21.0
hatchke01, 1987,     1, WAS , NHL , D  , 71.0, 14.0,  27.0,  41.0, 137.0, 1.0  ,  5.0, 12.0,  0.0,  1.0,  3.0, 0.0, 181.0,   14.0,   5.0,   7.0,    12.0,    55.0, 6.0    ,     1.0,     4.0,     0.0,     1.0,     1.0,    44.0
hatchke01, 1988,     1, WAS , NHL , D  , 62.0, 13.0,  27.0,  40.0, 101.0, 19.0 ,  3.0, 16.0,  0.0,  1.0,  2.0, 0.0, 148.0,    6.0,   1.0,   4.0,     5.0,    20.0, -3.0   ,     1.0,     1.0,     0.0,     1.0,     0.0,    19.0
hatchke01, 1989,     1, WAS , NHL , D  , 80.0, 13.0,  41.0,  54.0, 102.0, 4.0  ,  4.0, 16.0,  0.0,  1.0,  2.0, 0.0, 240.0,   11.0,   0.0,   8.0,     8.0,    32.0, 4.0    ,     0.0,     4.0,     0.0,     0.0,     0.0,    37.0
hatchke01, 1990,     1, WAS , NHL , D  , 79.0, 24.0,  50.0,  74.0,  69.0, -10.0,  9.0, 24.0,  2.0,  3.0,  3.0, 0.0, 267.0,   11.0,   3.0,   3.0,     6.0,     8.0, -3.0   ,     2.0,     3.0,     0.0,     0.0,     0.0,    54.0
hatchke01, 1991,     1, WAS , NHL , D  , 79.0, 17.0,  37.0,  54.0, 105.0, 18.0 ,  8.0, 19.0,  1.0,  4.0,  2.0, 1.0, 246.0,    7.0,   2.0,   4.0,     6.0,    19.0, 4.0    ,     0.0,     3.0,     1.0,     0.0,     0.0,    18.0
hatchke01, 1992,     1, WAS , NHL , D  , 83.0, 34.0,  45.0,  79.0, 114.0, -7.0 , 13.0, 20.0,  1.0,  0.0,  6.0, 0.0, 329.0,    6.0,   0.0,   1.0,     1.0,    14.0, -5.0   ,     0.0,     1.0,     0.0,     0.0,     0.0,    18.0
hatchke01, 1993,     1, WAS , NHL , D  , 72.0, 16.0,  24.0,  40.0, 108.0, -13.0,  6.0, 13.0,  0.0,  2.0,  3.0, 0.0, 217.0,   11.0,   3.0,   4.0,     7.0,    37.0, -2.0   ,     0.0,     1.0,     1.0,     0.0,     0.0,    40.0
hatchke01, 1994,     1, DAL , NHL , D  , 47.0, 10.0,  19.0,  29.0,  66.0, -4.0 ,  3.0, 10.0,  0.0,  0.0,  2.0, 1.0, 138.0,    5.0,   2.0,   1.0,     3.0,     2.0, -4.0   ,     1.0,     1.0,     0.0,     0.0,     1.0,    18.0
hatchke01, 1995,     1, DAL , NHL , D  , 74.0, 15.0,  26.0,  41.0,  58.0, -24.0,  7.0, 15.0,  0.0,  0.0,  3.0, 2.0, 237.0,       ,      ,      ,        ,        ,        ,        ,        ,        ,        ,        ,      
hatchke01, 1996,     1, PIT , NHL , D  , 80.0, 15.0,  39.0,  54.0, 103.0, 11.0 ,  9.0, 16.0,  0.0,  1.0,  1.0, 0.0, 199.0,    5.0,   1.0,   1.0,     2.0,     4.0, -5.0   ,     1.0,     1.0,     0.0,     0.0,     0.0,    12.0
hatchke01, 1997,     1, PIT , NHL , D  , 74.0, 19.0,  29.0,  48.0,  66.0, -3.0 , 13.0, 11.0,  1.0,  2.0,  3.0, 1.0, 169.0,    6.0,   1.0,   0.0,     1.0,    12.0, 1.0    ,     1.0,     0.0,     0.0,     0.0,     0.0,    15.0
hatchke01, 1998,     1, PIT , NHL , D  , 66.0, 11.0,  27.0,  38.0,  24.0, 11.0 ,  4.0, 11.0,  2.0,  0.0,  3.0, 0.0, 131.0,   13.0,   2.0,   3.0,     5.0,     4.0, 1.0    ,     1.0,     1.0,     0.0,     0.0,     0.0,    22.0
hatchke01, 1999,     1, NYR , NHL , D  , 74.0,  4.0,  19.0,  23.0,  38.0, -10.0,  2.0,  9.0,  0.0,  0.0,  0.0, 1.0, 112.0,       ,      ,      ,        ,        ,        ,        ,        ,        ,        ,        ,      
hatchke01, 2000,     1, CAR , NHL , D  , 57.0,  4.0,  14.0,  18.0,  38.0, 2.0  ,  3.0, 10.0,  0.0,  0.0,  1.0, 0.0,  98.0,    6.0,   0.0,   0.0,     0.0,     6.0, -6.0   ,     0.0,     0.0,     0.0,     0.0,     0.0,     6.0
hatoued01, 1968,     1, DET , NHL , R  , 16.0,  2.0,   1.0,   3.0,   2.0, 1.0  ,  0.0,     ,  0.0,     ,  1.0, 0.0,  20.0,       ,      ,      ,        ,        ,        ,        ,        ,        ,        ,        ,      
hatoued01, 1969,     1, DET , NHL , R  ,  5.0,  0.0,   2.0,   2.0,   2.0, 1.0  ,  0.0,     ,  0.0,     ,  0.0, 0.0,   1.0,       ,      ,      ,        ,        ,        ,        ,        ,        ,        ,        ,      
hatoued01, 1970,     1, VAN , NHL , R  , 26.0,  1.0,   3.0,   4.0,  21.0, -14.0,  0.0,     ,  1.0,     ,  0.0, 0.0,  27.0,       ,      ,      ,        ,        ,        ,        ,        ,        ,        ,        ,      
hatoued01, 1972,     1, CHC , WHA , R  , 15.0,  1.0,   1.0,   2.0,   2.0,      ,  0.0,     ,  0.0,     ,     ,    ,      ,       ,      ,      ,        ,        ,        ,        ,        ,        ,        ,        ,      
hatoued01, 1973,     1, VAB , WHA , R  , 37.0,  3.0,  12.0,  15.0,   8.0,      ,  0.0,     ,  0.0,     ,  0.0,    ,      ,       ,      ,      ,        ,        ,        ,        ,        ,        ,        ,        ,      
hauerbr01, 1995,     1, EDM , NHL , D  , 29.0,  4.0,   2.0,   6.0,  30.0, -11.0,  2.0,  1.0,  0.0,  0.0,  1.0, 0.0,  53.0,       ,      ,      ,        ,        ,        ,        ,        ,        ,        ,        ,      
hauerbr01, 1999,     1, EDM , NHL , D  ,  5.0,  0.0,   2.0,   2.0,   2.0, -2.0 ,  0.0,  0.0,  0.0,  0.0,  0.0, 0.0,   8.0,       ,      ,      ,        ,        ,        ,        ,        ,        ,        ,        ,      
hauerbr01, 2001,     1, NAS , NHL , D  ,  3.0,  0.0,   0.0,   0.0,   6.0, -3.0 ,  0.0,  0.0,  0.0,  0.0,  0.0, 0.0,   2.0,       ,      ,      ,        ,        ,        ,        ,        ,        ,        ,        ,      
hausead01, 2005,     1, LAK , NHL , G  ,  1.0,  0.0,   0.0,   0.0,   0.0, 0.0  ,  0.0,  0.0,  0.0,  0.0,  0.0,    ,   0.0,       ,      ,      ,        ,        ,        ,        ,        ,        ,        ,        ,      
havelni01, 1999,     1, ANA , NHL , D  , 50.0,  2.0,   7.0,   9.0,  20.0, 0.0  ,  0.0,  1.0,  0.0,  0.0,  2.0, 0.0,  70.0,       ,      ,      ,        ,        ,        ,        ,        ,        ,        ,        ,      
havelni01, 2000,     1, ANA , NHL , D  , 47.0,  4.0,  10.0,  14.0,  34.0, -6.0 ,  2.0,  5.0,  0.0,  0.0,  1.0, 0.0,  69.0,       ,      ,      ,        ,        ,        ,        ,        ,        ,        ,        ,      
havelni01, 2001,     1, ANA , NHL , D  , 52.0,  1.0,   2.0,   3.0,  40.0, -13.0,  0.0,  0.0,  0.0,  0.0,  0.0, 0.0,  45.0,       ,      ,      ,        ,        ,        ,        ,        ,        ,        ,        ,      
havelni01, 2002,     1, ANA , NHL , D  , 82.0, 11.0,  22.0,  33.0,  30.0, 5.0  ,  4.0, 11.0,  0.0,  1.0,  5.0, 0.0, 169.0,   21.0,   0.0,   4.0,     4.0,     2.0, 0.0    ,     0.0,     3.0,     0.0,     0.0,     0.0,    29.0
havelni01, 2003,     1, ANA , NHL , D  , 79.0,  6.0,  20.0,  26.0,  28.0, -28.0,  5.0, 16.0,  0.0,  0.0,  3.0, 0.0, 122.0,       ,      ,      ,        ,        ,        ,        ,        ,        ,        ,        ,      
havelni01, 2005,     1, ATL , NHL , D  , 82.0,  4.0,  28.0,  32.0,  48.0, 9.0  ,  2.0,  9.0,  0.0,  0.0,  0.0,    ,  84.0,       ,      ,      ,        ,        ,        ,        ,        ,        ,        ,        ,      
havelni01, 2006,     1, ATL , NHL , D  , 77.0,  3.0,  18.0,  21.0,  52.0, -2.0 ,  1.0,  7.0,  0.0,  1.0,  1.0,    ,  82.0,    4.0,   0.0,   2.0,     2.0,     0.0, -5.0   ,     0.0,     1.0,     0.0,     0.0,     0.0,     4.0
havelni01, 2007,     1, ATL , NHL , D  , 81.0,  1.0,  13.0,  14.0,  42.0, 2.0  ,  0.0,  0.0,  0.0,  1.0,  0.0,    ,  54.0,       ,      ,      ,        ,        ,        ,        ,        ,        ,        ,        ,      
havelni01, 2008,     1, ATL , NHL , D  , 63.0,  2.0,  13.0,  15.0,  42.0, 4.0  ,  0.0,  2.0,  1.0,  1.0,  0.0,    ,  41.0,       ,      ,      ,        ,        ,        ,        ,        ,        ,        ,        ,      
havelni01, 2008,     2, NJD , NHL , D  , 15.0,  0.0,   4.0,   4.0,   6.0, -2.0 ,  0.0,  3.0,  0.0,  0.0,  0.0,    ,  15.0,    7.0,   0.0,   1.0,     1.0,     2.0, 0.0    ,     0.0,     0.0,     0.0,     0.0,     0.0,     3.0
havlama01, 2000,     1, OTT , NHL , R  , 73.0, 19.0,  23.0,  42.0,  20.0, 8.0  ,  7.0,  5.0,  0.0,  2.0,  5.0, 0.0, 133.0,    4.0,   0.0,   0.0,     0.0,     2.0, -4.0   ,     0.0,     0.0,     0.0,     0.0,     0.0,     7.0
havlama01, 2001,     1, OTT , NHL , L  , 72.0, 22.0,  28.0,  50.0,  66.0, -7.0 ,  9.0, 10.0,  0.0,  0.0,  6.0, 1.0, 145.0,   12.0,   2.0,   5.0,     7.0,    14.0, 0.0    ,     2.0,     3.0,     0.0,     0.0,     2.0,    20.0
havlama01, 2002,     1, OTT , NHL , L  , 67.0, 24.0,  35.0,  59.0,  30.0, 20.0 ,  9.0,  9.0,  0.0,  0.0,  4.0, 0.0, 179.0,   18.0,   5.0,   6.0,    11.0,    14.0, 4.0    ,     1.0,     0.0,     0.0,     0.0,     2.0,    52.0
havlama01, 2003,     1, OTT , NHL , R  , 68.0, 31.0,  37.0,  68.0,  46.0, 12.0 , 13.0, 17.0,  0.0,  0.0,  7.0, 0.0, 175.0,    7.0,   0.0,   3.0,     3.0,     2.0, -1.0   ,     0.0,     2.0,     0.0,     0.0,     0.0,    14.0
havlama01, 2005,     1, OTT , NHL , L  , 18.0,  9.0,   7.0,  16.0,   4.0, 6.0  ,  2.0,  3.0,  1.0,  1.0,  1.0,    ,  57.0,   10.0,   7.0,   6.0,    13.0,     4.0, 0.0    ,     3.0,     2.0,     0.0,     0.0,     1.0,    27.0
havlama01, 2006,     1, CHI , NHL , R  , 56.0, 25.0,  32.0,  57.0,  28.0, 15.0 ,  5.0, 11.0,  0.0,  1.0,  1.0,    , 176.0,       ,      ,      ,        ,        ,        ,        ,        ,        ,        ,        ,      
havlama01, 2007,     1, CHI , NHL , R  , 35.0, 10.0,  17.0,  27.0,  22.0, 4.0  ,  3.0,  4.0,  0.0,  0.0,  2.0,    ,  87.0,       ,      ,      ,        ,        ,        ,        ,        ,        ,        ,        ,      
havlama01, 2008,     1, CHI , NHL , R  , 81.0, 29.0,  48.0,  77.0,  30.0, 29.0 ,  5.0,  9.0,  0.0,  0.0,  5.0,    , 249.0,   16.0,   5.0,  10.0,    15.0,     8.0, 0.0    ,     0.0,     6.0,     0.0,     0.0,     1.0,    35.0
havlama01, 2009,     1, MIN , NHL , L  , 73.0, 18.0,  36.0,  54.0,  34.0, -19.0,  4.0, 14.0,  0.0,  0.0,  3.0,    , 169.0,       ,      ,      ,        ,        ,        ,        ,        ,        ,        ,        ,      
hawerda01, 1981,     1, WIN , NHL , C  , 80.0, 45.0,  58.0, 103.0,  47.0, -4.0 , 12.0,     ,  0.0,     ,  2.0, 2.0, 339.0,    4.0,   1.0,   7.0,     8.0,     5.0,        ,     0.0,        ,     0.0,        ,     0.0,      
hawerda01, 1982,     1, WIN , NHL , C  , 79.0, 40.0,  51.0,  91.0,  31.0, -17.0, 13.0,     ,  1.0,     ,  3.0, 0.0, 297.0,    3.0,   1.0,   4.0,     5.0,     8.0,        ,     1.0,        ,     0.0,        ,     0.0,      
hawerda01, 1983,     1, WIN , NHL , C  , 80.0, 37.0,  65.0, 102.0,  73.0, -14.0, 10.0,     ,  0.0,     ,  4.0, 3.0, 256.0,    3.0,   1.0,   1.0,     2.0,     0.0, -6.0   ,     1.0,        ,     0.0,        ,     0.0,    15.0
hawerda01, 1984,     1, WIN , NHL , C  , 80.0, 53.0,  77.0, 130.0,  74.0, 22.0 , 17.0,     ,  3.0,     ,  4.0, 2.0, 280.0,    3.0,   2.0,   1.0,     3.0,     4.0, 1.0    ,     1.0,        ,     0.0,        ,     0.0,     8.0
hawerda01, 1985,     1, WIN , NHL , C  , 80.0, 46.0,  59.0, 105.0,  44.0, -27.0, 18.0,     ,  2.0,     ,  2.0, 1.0, 313.0,    3.0,   0.0,   3.0,     3.0,     0.0, -2.0   ,     0.0,        ,     0.0,        ,     0.0,    10.0
hawerda01, 1986,     1, WIN , NHL , C  , 80.0, 47.0,  53.0, 100.0,  52.0, 3.0  , 10.0,     ,  0.0,     ,  4.0, 2.0, 267.0,   10.0,   5.0,   8.0,    13.0,     4.0, -4.0   ,     3.0,        ,     0.0,        ,     0.0,    39.0
hawerda01, 1987,     1, WIN , NHL , C  , 80.0, 44.0,  77.0, 121.0,  59.0, -9.0 , 20.0, 39.0,  3.0,  2.0,  4.0, 1.0, 292.0,    5.0,   3.0,   4.0,     7.0,    16.0, -4.0   ,     2.0,     3.0,     0.0,     0.0,     0.0,    16.0
hawerda01, 1988,     1, WIN , NHL , C  , 75.0, 41.0,  55.0,  96.0,  28.0, -30.0, 14.0, 24.0,  3.0,  1.0,  4.0, 1.0, 239.0,       ,      ,      ,        ,        ,        ,        ,        ,        ,        ,        ,      
hawerda01, 1989,     1, WIN , NHL , C  , 79.0, 26.0,  55.0,  81.0,  60.0, -11.0,  8.0, 25.0,  0.0,  1.0,  2.0, 0.0, 211.0,    7.0,   3.0,   5.0,     8.0,     2.0, 5.0    ,     0.0,     0.0,     0.0,     0.0,     1.0,    21.0
hawerda01, 1990,     1, BUF , NHL , C  , 80.0, 31.0,  58.0,  89.0,  32.0, 2.0  , 12.0, 22.0,  0.0,  0.0,  1.0, 1.0, 194.0,    6.0,   2.0,   4.0,     6.0,    10.0, -3.0   ,     1.0,     2.0,     0.0,     0.0,     0.0,    19.0
hawerda01, 1991,     1, BUF , NHL , C  , 77.0, 23.0,  75.0,  98.0,  27.0, -22.0, 13.0, 43.0,  0.0,  0.0,  4.0, 0.0, 242.0,    7.0,   2.0,   5.0,     7.0,     0.0, 3.0    ,     0.0,     3.0,     0.0,     0.0,     0.0,    24.0
hawerda01, 1992,     1, BUF , NHL , C  , 81.0, 16.0,  80.0,  96.0,  52.0, -17.0,  8.0, 44.0,  0.0,  0.0,  2.0, 0.0, 259.0,    8.0,   5.0,   9.0,    14.0,     2.0, 0.0    ,     3.0,     5.0,     0.0,     0.0,     0.0,    31.0
hawerda01, 1993,     1, BUF , NHL , C  , 81.0, 35.0,  51.0,  86.0,  91.0, 10.0 , 13.0, 28.0,  1.0,  0.0,  7.0, 0.0, 227.0,    7.0,   0.0,   7.0,     7.0,     4.0, -1.0   ,     0.0,     4.0,     0.0,     0.0,     0.0,    16.0
hawerda01, 1994,     1, BUF , NHL , C  , 23.0,  5.0,  11.0,  16.0,   2.0, -2.0 ,  2.0,  8.0,  0.0,  0.0,  2.0, 0.0,  56.0,    2.0,   0.0,   0.0,     0.0,     0.0, -1.0   ,     0.0,     0.0,     0.0,     0.0,     0.0,     3.0
hawerda01, 1995,     1, STL , NHL , R  , 66.0, 13.0,  28.0,  41.0,  22.0, 5.0  ,  5.0, 14.0,  0.0,  1.0,  1.0, 0.0, 136.0,       ,      ,      ,        ,        ,        ,        ,        ,        ,        ,        ,      
hawerda01, 1995,     2, PHI , NHL , R  , 16.0,  4.0,  16.0,  20.0,   4.0, 10.0 ,  1.0,  4.0,  0.0,  0.0,  1.0, 0.0,  44.0,   12.0,   3.0,   6.0,     9.0,    12.0, 0.0    ,     1.0,     3.0,     0.0,     0.0,     0.0,    48.0
hawerda01, 1996,     1, PHI , NHL , C  , 51.0, 12.0,  22.0,  34.0,  32.0, 9.0  ,  6.0,  5.0,  0.0,  0.0,  2.0, 0.0, 102.0,   17.0,   2.0,   5.0,     7.0,     0.0, -2.0   ,     1.0,     3.0,     0.0,     0.0,     1.0,    24.0
hawgogr01, 1987,     1, BOS , NHL , D  ,  1.0,  0.0,   0.0,   0.0,   0.0, -1.0 ,  0.0,  0.0,  0.0,  0.0,  0.0, 0.0,   1.0,    3.0,   1.0,   0.0,     1.0,     0.0, 0.0    ,     0.0,     0.0,     0.0,     0.0,     0.0,     3.0
hawgogr01, 1988,     1, BOS , NHL , D  , 56.0, 16.0,  24.0,  40.0,  84.0, 4.0  ,  5.0, 12.0,  0.0,  1.0,  0.0, 1.0, 132.0,   10.0,   0.0,   2.0,     2.0,     2.0, -3.0   ,     0.0,     2.0,     0.0,     0.0,     0.0,    11.0
hawgogr01, 1989,     1, BOS , NHL , D  , 77.0, 11.0,  27.0,  38.0,  76.0, 12.0 ,  2.0,  4.0,  0.0,  0.0,  1.0, 0.0, 127.0,   15.0,   1.0,   3.0,     4.0,    12.0, -9.0   ,     1.0,     1.0,     0.0,     0.0,     0.0,    18.0
hawgogr01, 1990,     1, EDM , NHL , D  ,  6.0,  0.0,   1.0,   1.0,   6.0, -2.0 ,  0.0,  1.0,  0.0,  0.0,  0.0, 0.0,   9.0,       ,      ,      ,        ,        ,        ,        ,        ,        ,        ,        ,      
hawgogr01, 1991,     1, EDM , NHL , D  , 20.0,  2.0,  11.0,  13.0,  22.0, 19.0 ,  0.0,  2.0,  0.0,  1.0,  0.0, 0.0,  24.0,   13.0,   0.0,   3.0,     3.0,    23.0, -4.0   ,     0.0,     2.0,     0.0,     0.0,     0.0,    19.0
hawgogr01, 1992,     1, EDM , NHL , D  , 29.0,  5.0,  13.0,  18.0,  35.0, -1.0 ,  2.0,  3.0,  0.0,  0.0,  0.0, 0.0,  47.0,       ,      ,      ,        ,        ,        ,        ,        ,        ,        ,        ,      
hawgogr01, 1992,     2, PHI , NHL , D  , 40.0,  6.0,  22.0,  28.0,  39.0, -7.0 ,  5.0, 14.0,  0.0,  0.0,  1.0, 0.0,  91.0,       ,      ,      ,        ,        ,        ,        ,        ,        ,        ,        ,      
hawgogr01, 1993,     1, PHI , NHL , D  , 19.0,  3.0,  12.0,  15.0,  19.0, 2.0  ,  3.0,  8.0,  0.0,  0.0,  0.0, 0.0,  37.0,       ,      ,      ,        ,        ,        ,        ,        ,        ,        ,        ,      
hawgogr01, 1993,     2, FLO , NHL , D  , 33.0,  2.0,  14.0,  16.0,   9.0, 8.0  ,  0.0, 11.0,  0.0,  0.0,  1.0, 0.0,  55.0,       ,      ,      ,        ,        ,        ,        ,        ,        ,        ,        ,      
hawgogr01, 1993,     3, PIT , NHL , D  , 12.0,  1.0,   2.0,   3.0,   8.0, -1.0 ,  1.0,  1.0,  0.0,  0.0,  1.0, 0.0,  20.0,    1.0,   0.0,   0.0,     0.0,     0.0, 0.0    ,     0.0,     0.0,     0.0,     0.0,     0.0,     1.0
hawgogr01, 1994,     1, PIT , NHL , D  , 21.0,  1.0,   4.0,   5.0,  25.0, 2.0  ,  1.0,  1.0,  0.0,  0.0,  0.0, 0.0,  17.0,       ,      ,      ,        ,        ,        ,        ,        ,        ,        ,        ,      
hawgogr01, 1996,     1, SJS , NHL , D  , 63.0,  6.0,  12.0,  18.0,  69.0, -22.0,  3.0,  9.0,  0.0,  0.0,  0.0, 1.0,  83.0,       ,      ,      ,        ,        ,        ,        ,        ,        ,        ,        ,      
hawgogr01, 1999,     1, VAN , NHL , D  , 79.0,  5.0,  17.0,  22.0,  26.0, 5.0  ,  2.0,  5.0,  0.0,  0.0,  0.0, 0.0,  70.0,       ,      ,      ,        ,        ,        ,        ,        ,        ,        ,        ,      
hawgogr01, 2000,     1, VAN , NHL , D  , 16.0,  2.0,   5.0,   7.0,   6.0, 8.0  ,  1.0,  3.0,  0.0,  0.0,  1.0, 0.0,  16.0,       ,      ,      ,        ,        ,        ,        ,        ,        ,        ,        ,      
hawgogr01, 2001,     1, DAL , NHL , D  ,  2.0,  0.0,   0.0,   0.0,   2.0, 0.0  ,  0.0,  0.0,  0.0,  0.0,  0.0, 0.0,   1.0,       ,      ,      ,        ,        ,        ,        ,        ,        ,        ,        ,      
hawkito01, 1988,     1, VAN , NHL , L  ,  4.0,  0.0,   0.0,   0.0,   9.0, -1.0 ,  0.0,  0.0,  0.0,  0.0,  0.0, 0.0,   2.0,       ,      ,      ,        ,        ,        ,        ,        ,        ,        ,        ,      
hawkito01, 1989,     1, VAN , NHL , L  ,  4.0,  0.0,   0.0,   0.0,   6.0, -1.0 ,  0.0,  0.0,  0.0,  0.0,  0.0, 0.0,   3.0,       ,      ,      ,        ,        ,        ,        ,        ,        ,        ,        ,      
hawkito01, 1991,     1, TOR , NHL , L  ,  2.0,  0.0,   0.0,   0.0,   0.0, 0.0  ,  0.0,  0.0,  0.0,  0.0,  0.0, 0.0,   0.0,       ,      ,      ,        ,        ,        ,        ,        ,        ,        ,        ,      
haworal01, 1980,     1, BUF , NHL , C  , 49.0, 16.0,  20.0,  36.0,  34.0, -6.0 ,  4.0,     ,  0.0,     ,  1.0, 1.0,  72.0,    7.0,   4.0,   4.0,     8.0,     2.0,        ,     3.0,        ,     0.0,        ,     1.0,      
haworal01, 1981,     1, BUF , NHL , R  , 57.0, 21.0,  18.0,  39.0,  30.0, 6.0  ,  3.0,     ,  0.0,     ,  1.0, 2.0, 114.0,    3.0,   0.0,   1.0,     1.0,     2.0,        ,     0.0,        ,     0.0,        ,     0.0,      
haworal01, 1982,     1, WAS , NHL , R  , 74.0, 23.0,  27.0,  50.0,  34.0, -5.0 ,  5.0,     ,  0.0,     ,  2.0, 1.0, 145.0,    4.0,   0.0,   0.0,     0.0,     2.0,        ,     0.0,        ,     0.0,        ,     0.0,      
haworal01, 1983,     1, WAS , NHL , C  , 75.0, 24.0,  31.0,  55.0,  52.0, 14.0 ,  7.0,     ,  0.0,     ,  5.0, 0.0, 164.0,    8.0,   3.0,   2.0,     5.0,     4.0, -4.0   ,     1.0,        ,     0.0,        ,     0.0,    15.0
haworal01, 1984,     1, WAS , NHL , L  , 76.0, 23.0,  26.0,  49.0,  48.0, 19.0 ,  4.0,     ,  0.0,     ,  2.0, 0.0, 154.0,    5.0,   1.0,   0.0,     1.0,     0.0, -1.0   ,     0.0,        ,     0.0,        ,     1.0,     9.0
haworal01, 1985,     1, WAS , NHL , C  , 71.0, 34.0,  39.0,  73.0,  72.0, 36.0 ,  7.0,     ,  0.0,     ,  5.0, 1.0, 194.0,    9.0,   4.0,   6.0,    10.0,    11.0, 4.0    ,     1.0,        ,     0.0,        ,     0.0,    26.0
haworal01, 1986,     1, WAS , NHL , C  , 50.0, 25.0,  16.0,  41.0,  43.0, 3.0  ,  9.0,     ,  0.0,     ,  2.0, 1.0, 143.0,    6.0,   0.0,   3.0,     3.0,     7.0, 2.0    ,     0.0,        ,     0.0,        ,     0.0,    16.0
haworal01, 1987,     1, QUE , NHL , C  , 72.0, 23.0,  34.0,  57.0, 112.0, -5.0 ,  6.0, 12.0,  0.0,  0.0,  2.0, 0.0, 171.0,       ,      ,      ,        ,        ,        ,        ,        ,        ,        ,        ,      
haworgo01, 1952,     1, NYR , NHL , C  ,  2.0,  0.0,   1.0,   1.0,   0.0,      ,     ,     ,     ,     ,     ,    ,      ,       ,      ,      ,        ,        ,        ,        ,        ,        ,        ,        ,      
hawryne01, 1981,     1, NYI , NHL , R  ,  1.0,  0.0,   0.0,   0.0,   0.0, 0.0  ,  0.0,     ,  0.0,     ,  0.0, 0.0,   0.0,       ,      ,      ,        ,        ,        ,        ,        ,        ,        ,        ,      
haybi01  , 1959,     1, CHI , NHL , C  , 70.0, 18.0,  37.0,  55.0,  31.0,      ,     ,     ,     ,     ,     ,    ,      ,    4.0,   1.0,   2.0,     3.0,     2.0,        ,        ,        ,        ,        ,        ,      
haybi01  , 1960,     1, CHI , NHL , C  , 69.0, 11.0,  48.0,  59.0,  45.0,      ,     ,     ,     ,     ,     ,    ,      ,   12.0,   2.0,   5.0,     7.0,    20.0,        ,        ,        ,        ,        ,     1.0,      
haybi01  , 1961,     1, CHI , NHL , C  , 60.0, 11.0,  52.0,  63.0,  34.0,      ,     ,     ,     ,     ,     ,    ,      ,   12.0,   3.0,   7.0,    10.0,    18.0,        ,        ,        ,        ,        ,     2.0,      
haybi01  , 1962,     1, CHI , NHL , C  , 64.0, 12.0,  33.0,  45.0,  36.0,      ,     ,     ,     ,     ,     ,    ,      ,    6.0,   3.0,   2.0,     5.0,     6.0,        ,        ,        ,        ,        ,     2.0,      
haybi01  , 1963,     1, CHI , NHL , C  , 70.0, 23.0,  33.0,  56.0,  30.0,      ,  5.0,     ,  0.0,     ,  2.0, 2.0,      ,    7.0,   3.0,   1.0,     4.0,     4.0,        ,        ,        ,        ,        ,     0.0,      
haybi01  , 1964,     1, CHI , NHL , C  , 69.0, 11.0,  26.0,  37.0,  36.0,      ,  3.0,     ,  2.0,     ,  0.0, 0.0,      ,   14.0,   3.0,   1.0,     4.0,     4.0,        ,        ,        ,        ,        ,     0.0,      
haybi01  , 1965,     1, CHI , NHL , C  , 68.0, 20.0,  31.0,  51.0,  20.0,      ,  4.0,     ,  2.0,     ,  3.0, 0.0,      ,    6.0,   0.0,   2.0,     2.0,     4.0,        ,        ,        ,        ,        ,     0.0,      
haybi01  , 1966,     1, CHI , NHL , C  , 36.0,  7.0,  13.0,  20.0,  12.0,      ,  0.0,     ,  0.0,     ,  1.0, 0.0,      ,    6.0,   0.0,   1.0,     1.0,     4.0,        ,        ,        ,        ,        ,     0.0,      
haydada01, 2002,     1, NAS , NHL , R  ,  2.0,  0.0,   0.0,   0.0,   0.0, -1.0 ,  0.0,  0.0,  0.0,  0.0,  0.0, 0.0,   1.0,       ,      ,      ,        ,        ,        ,        ,        ,        ,        ,        ,      
haydada01, 2006,     1, ATL , NHL , R  ,  4.0,  0.0,   0.0,   0.0,   0.0, 0.0  ,  0.0,  0.0,  0.0,  0.0,  0.0,    ,   4.0,       ,      ,      ,        ,        ,        ,        ,        ,        ,        ,        ,      
haydada01, 2007,     1, ATL , NHL , R  , 16.0,  1.0,   7.0,   8.0,   2.0, 4.0  ,  0.0,  2.0,  0.0,  0.0,  0.0,    ,  14.0,       ,      ,      ,        ,        ,        ,        ,        ,        ,        ,        ,      
haydada01, 2009,     1, COL , NHL , R  ,  1.0,  0.0,   0.0,   0.0,   0.0, 0.0  ,  0.0,  0.0,  0.0,  0.0,  0.0,    ,   2.0,       ,      ,      ,        ,        ,        ,        ,        ,        ,        ,        ,      
haydw01  , 1997,     1, WAS , NHL , L  ,  2.0,  0.0,   0.0,   0.0,   2.0, 0.0  ,  0.0,  0.0,  0.0,  0.0,  0.0, 0.0,   1.0,       ,      ,      ,        ,        ,        ,        ,        ,        ,        ,        ,      
haydw01  , 1998,     1, FLO , NHL , L  ,  9.0,  0.0,   0.0,   0.0,   0.0, -1.0 ,  0.0,  0.0,  0.0,  0.0,  0.0, 0.0,   3.0,       ,      ,      ,        ,        ,        ,        ,        ,        ,        ,        ,      
haydw01  , 1999,     1, FLO , NHL , R  ,  6.0,  0.0,   0.0,   0.0,   2.0, -2.0 ,  0.0,  0.0,  0.0,  0.0,  0.0, 0.0,   3.0,       ,      ,      ,        ,        ,        ,        ,        ,        ,        ,        ,      
haydw01  , 1999,     2, TBL , NHL , R  , 13.0,  1.0,   1.0,   2.0,   2.0, 0.0  ,  0.0,  0.0,  0.0,  0.0,  0.0, 0.0,  11.0,       ,      ,      ,        ,        ,        ,        ,        ,        ,        ,        ,      
haydw01  , 2000,     1, CAL , NHL , R  , 49.0,  1.0,   3.0,   4.0,  16.0, -4.0 ,  0.0,  0.0,  0.0,  0.0,  0.0, 0.0,  39.0,       ,      ,      ,        ,        ,        ,        ,        ,        ,        ,        ,      
hayekpe01, 1981,     1, MNS , NHL , D  ,  1.0,  0.0,   0.0,   0.0,   0.0, -1.0 ,  0.0,     ,  0.0,     ,  0.0, 0.0,   0.0,       ,      ,      ,        ,        ,        ,        ,        ,        ,        ,        ,      
hayesch01, 1971,     1, BOS , NHL , L  ,     ,     ,      ,      ,      ,      ,     ,     ,     ,     ,     ,    ,      ,    1.0,   0.0,   0.0,     0.0,     0.0,        ,     0.0,        ,     0.0,        ,     0.0,      
hayge01  , 1921,     1, REG , WCHL, L  , 25.0, 23.0,  11.0,  34.0,   9.0,      ,     ,     ,     ,     ,     ,    ,      ,    6.0,   0.0,   0.0,     0.0,     0.0,        ,        ,        ,        ,        ,        ,      
hayge01  , 1922,     1, REG , WCHL, L  , 30.0, 28.0,   8.0,  36.0,  12.0,      ,     ,     ,     ,     ,     ,    ,      ,    2.0,   1.0,   0.0,     1.0,     0.0,        ,        ,        ,        ,        ,        ,      
hayge01  , 1923,     1, REG , WCHL, L  , 25.0, 20.0,  11.0,  31.0,   8.0,      ,     ,     ,     ,     ,     ,    ,      ,    2.0,   1.0,   1.0,     2.0,     0.0,        ,        ,        ,        ,        ,        ,      
hayge01  , 1924,     1, REG , WCHL, L  , 20.0, 16.0,   6.0,  22.0,   6.0,      ,     ,     ,     ,     ,     ,    ,      ,       ,      ,      ,        ,        ,        ,        ,        ,        ,        ,        ,      
hayge01  , 1925,     1, POR , WCHL, L  , 30.0, 19.0,  12.0,  31.0,   4.0,      ,     ,     ,     ,     ,     ,    ,      ,       ,      ,      ,        ,        ,        ,        ,        ,        ,        ,        ,      
hayge01  , 1926,     1, CHI , NHL , L  , 35.0, 14.0,   8.0,  22.0,  12.0,      ,     ,     ,     ,     ,     ,    ,      ,    2.0,   1.0,   2.0,     3.0,     2.0,        ,        ,        ,        ,        ,        ,      
hayge01  , 1927,     1, DTC , NHL , L  , 42.0, 22.0,  13.0,  35.0,  20.0,      ,     ,     ,     ,     ,     ,    ,      ,       ,      ,      ,        ,        ,        ,        ,        ,        ,        ,        ,      
hayge01  , 1928,     1, DTC , NHL , L  , 39.0, 11.0,   8.0,  19.0,  14.0,      ,     ,     ,     ,     ,     ,    ,      ,    2.0,   1.0,   0.0,     1.0,     0.0,        ,        ,        ,        ,        ,        ,      
hayge01  , 1929,     1, DTC , NHL , L  , 44.0, 18.0,  15.0,  33.0,   8.0,      ,     ,     ,     ,     ,     ,    ,      ,       ,      ,      ,        ,        ,        ,        ,        ,        ,        ,        ,      
hayge01  , 1930,     1, DTF , NHL , L  , 44.0,  8.0,  10.0,  18.0,  24.0,      ,     ,     ,     ,     ,     ,    ,      ,       ,      ,      ,        ,        ,        ,        ,        ,        ,        ,        ,      
hayge01  , 1932,     1, DET , NHL , L  , 34.0,  1.0,   6.0,   7.0,   6.0,      ,     ,     ,     ,     ,     ,    ,      ,    4.0,   0.0,   1.0,     1.0,     0.0,        ,        ,        ,        ,        ,        ,      
hayge01  , 1933,     1, DET , NHL , L  ,  1.0,  0.0,   0.0,   0.0,   0.0,      ,     ,     ,     ,     ,     ,    ,      ,       ,      ,      ,        ,        ,        ,        ,        ,        ,        ,        ,      
hayji01  , 1952,     1, DET , NHL , D  , 42.0,  1.0,   4.0,   5.0,   2.0,      ,     ,     ,     ,     ,     ,    ,      ,    4.0,   0.0,   0.0,     0.0,     0.0,        ,        ,        ,        ,        ,        ,      
hayji01  , 1953,     1, DET , NHL , D  , 12.0,  0.0,   0.0,   0.0,   0.0,      ,     ,     ,     ,     ,     ,    ,      ,       ,      ,      ,        ,        ,        ,        ,        ,        ,        ,        ,      
hayji01  , 1954,     1, DET , NHL , D  , 21.0,  0.0,   1.0,   1.0,  20.0,      ,     ,     ,     ,     ,     ,    ,      ,    5.0,   1.0,   0.0,     1.0,     0.0,        ,        ,        ,        ,        ,        ,      
haynepa01, 1930,     1, MTM , NHL , C  , 19.0,  1.0,   0.0,   1.0,   0.0,      ,     ,     ,     ,     ,     ,    ,      ,       ,      ,      ,        ,        ,        ,        ,        ,        ,        ,        ,      
haynepa01, 1931,     1, MTM , NHL , C  , 12.0,  1.0,   0.0,   1.0,   0.0,      ,     ,     ,     ,     ,     ,    ,      ,    4.0,   0.0,   0.0,     0.0,     0.0,        ,        ,        ,        ,        ,        ,      
haynepa01, 1932,     1, MTM , NHL , C  , 48.0, 16.0,  25.0,  41.0,  18.0,      ,     ,     ,     ,     ,     ,    ,      ,    2.0,   0.0,   0.0,     0.0,     2.0,        ,        ,        ,        ,        ,        ,      
haynepa01, 1933,     1, MTM , NHL , C  , 44.0,  5.0,   4.0,   9.0,  18.0,      ,     ,     ,     ,     ,     ,    ,      ,    4.0,   0.0,   1.0,     1.0,     2.0,        ,        ,        ,        ,        ,        ,      
haynepa01, 1934,     1, MTM , NHL , C  , 11.0,  1.0,   2.0,   3.0,   0.0,      ,     ,     ,     ,     ,     ,    ,      ,       ,      ,      ,        ,        ,        ,        ,        ,        ,        ,        ,      
haynepa01, 1934,     2, BOS , NHL , C  , 37.0,  4.0,   3.0,   7.0,   8.0,      ,     ,     ,     ,     ,     ,    ,      ,    3.0,   0.0,   0.0,     0.0,     0.0,        ,        ,        ,        ,        ,        ,      
haynepa01, 1935,     1, MTL , NHL , C  , 48.0,  5.0,  19.0,  24.0,  24.0,      ,     ,     ,     ,     ,     ,    ,      ,       ,      ,      ,        ,        ,        ,        ,        ,        ,        ,        ,      
haynepa01, 1936,     1, MTL , NHL , C  , 47.0,  8.0,  18.0,  26.0,  24.0,      ,     ,     ,     ,     ,     ,    ,      ,    5.0,   2.0,   3.0,     5.0,     0.0,        ,        ,        ,        ,        ,        ,      
haynepa01, 1937,     1, MTL , NHL , C  , 48.0, 13.0,  22.0,  35.0,  25.0,      ,     ,     ,     ,     ,     ,    ,      ,    3.0,   0.0,   4.0,     4.0,     5.0,        ,        ,        ,        ,        ,        ,      
haynepa01, 1938,     1, MTL , NHL , C  , 47.0,  5.0,  33.0,  38.0,  27.0,      ,     ,     ,     ,     ,     ,    ,      ,    3.0,   0.0,   0.0,     0.0,     4.0,        ,        ,        ,        ,        ,        ,      
haynepa01, 1939,     1, MTL , NHL , C  , 23.0,  2.0,   8.0,  10.0,   8.0,      ,     ,     ,     ,     ,     ,    ,      ,       ,      ,      ,        ,        ,        ,        ,        ,        ,        ,        ,      
haynepa01, 1940,     1, MTL , NHL , C  ,  7.0,  0.0,   0.0,   0.0,  12.0,      ,     ,     ,     ,     ,     ,    ,      ,       ,      ,      ,        ,        ,        ,        ,        ,        ,        ,        ,      
haywabr01, 1982,     1, WIN , NHL , G  , 24.0,  0.0,   1.0,   1.0,   0.0, 0.0  ,  0.0,     ,  0.0,     ,  0.0, 0.0,   0.0,    3.0,   0.0,   0.0,     0.0,     0.0,        ,     0.0,        ,     0.0,        ,     0.0,      
haywabr01, 1983,     1, WIN , NHL , G  , 28.0,  0.0,   1.0,   1.0,   2.0, 0.0  ,  0.0,     ,  0.0,     ,  0.0, 0.0,   0.0,       ,      ,      ,        ,        ,        ,        ,        ,        ,        ,        ,      
haywabr01, 1984,     1, WIN , NHL , G  , 61.0,  0.0,   4.0,   4.0,  10.0, 0.0  ,  0.0,     ,  0.0,     ,  0.0, 0.0,   0.0,    6.0,   0.0,   0.0,     0.0,     0.0, 0.0    ,     0.0,        ,     0.0,        ,     0.0,     0.0
haywabr01, 1985,     1, WIN , NHL , G  , 52.0,  0.0,   2.0,   2.0,  25.0, 0.0  ,  0.0,     ,  0.0,     ,  0.0, 0.0,   0.0,    2.0,   0.0,   0.0,     0.0,     0.0, 0.0    ,     0.0,        ,     0.0,        ,     0.0,     0.0
haywabr01, 1986,     1, MTL , NHL , G  , 37.0,  0.0,   2.0,   2.0,   2.0, 0.0  ,  0.0,     ,  0.0,     ,  0.0, 0.0,   0.0,   13.0,   0.0,   0.0,     0.0,     2.0, 0.0    ,     0.0,        ,     0.0,        ,     0.0,     0.0
haywabr01, 1987,     1, MTL , NHL , G  , 39.0,  0.0,   2.0,   2.0,  24.0, 0.0  ,  0.0,     ,  0.0,     ,  0.0, 0.0,   0.0,    4.0,   0.0,   0.0,     0.0,     0.0, 0.0    ,     0.0,     0.0,     0.0,     0.0,     0.0,     0.0
haywabr01, 1988,     1, MTL , NHL , G  , 36.0,  0.0,   0.0,   0.0,  10.0, 0.0  ,  0.0,  0.0,  0.0,  0.0,  0.0, 0.0,   0.0,    2.0,   0.0,   0.0,     0.0,     0.0, 0.0    ,     0.0,     0.0,     0.0,     0.0,     0.0,     0.0
haywabr01, 1989,     1, MTL , NHL , G  , 29.0,  0.0,   0.0,   0.0,   4.0, 0.0  ,  0.0,  0.0,  0.0,  0.0,  0.0, 0.0,   0.0,    1.0,   0.0,   0.0,     0.0,     0.0, 0.0    ,     0.0,     0.0,     0.0,     0.0,     0.0,     0.0
haywabr01, 1990,     1, MNS , NHL , G  , 26.0,  0.0,   0.0,   0.0,   2.0, 0.0  ,  0.0,  0.0,  0.0,  0.0,  0.0, 0.0,   0.0,    6.0,   0.0,   0.0,     0.0,     0.0, 0.0    ,     0.0,     0.0,     0.0,     0.0,     0.0,     0.0
haywabr01, 1991,     1, SJS , NHL , G  ,  7.0,  0.0,   0.0,   0.0,  14.0, 0.0  ,  0.0,  0.0,  0.0,  0.0,  0.0, 0.0,   0.0,       ,      ,      ,        ,        ,        ,        ,        ,        ,        ,        ,      
haywabr01, 1992,     1, SJS , NHL , G  , 18.0,  0.0,   1.0,   1.0,   2.0, 0.0  ,  0.0,  0.0,  0.0,  1.0,  0.0, 0.0,   0.0,       ,      ,      ,        ,        ,        ,        ,        ,        ,        ,        ,      
haywari01, 1990,     1, LAK , NHL , D  ,  4.0,  0.0,   0.0,   0.0,   5.0, 0.0  ,  0.0,  0.0,  0.0,  0.0,  0.0, 0.0,   0.0,       ,      ,      ,        ,        ,        ,        ,        ,        ,        ,        ,      
hazlest01, 1979,     1, VAN , NHL , L  ,  1.0,  0.0,   0.0,   0.0,   0.0, -1.0 ,  0.0,     ,  0.0,     ,  0.0, 0.0,   2.0,       ,      ,      ,        ,        ,        ,        ,        ,        ,        ,        ,      
headdo01 , 1961,     1, BOS , NHL , G  , 38.0,  0.0,   0.0,   0.0,  14.0,      ,     ,     ,     ,     ,     ,    ,      ,       ,      ,      ,        ,        ,        ,        ,        ,        ,        ,        ,      
headga01 , 1967,     1, DET , NHL , R  ,  1.0,  0.0,   0.0,   0.0,   0.0, -1.0 ,  0.0,     ,  0.0,     ,  0.0, 0.0,   0.0,       ,      ,      ,        ,        ,        ,        ,        ,        ,        ,        ,      
headlfe01, 1922,     1, SAC , WCHL, D  , 10.0,  2.0,   0.0,   2.0,   4.0,      ,     ,     ,     ,     ,     ,    ,      ,       ,      ,      ,        ,        ,        ,        ,        ,        ,        ,        ,      
headlfe01, 1923,     1, SAC , WCHL, D  , 20.0,  2.0,   0.0,   2.0,   6.0,      ,     ,     ,     ,     ,     ,    ,      ,       ,      ,      ,        ,        ,        ,        ,        ,        ,        ,        ,      
headlfe01, 1924,     1, BOS , NHL , D  , 13.0,  1.0,   2.0,   3.0,   4.0,      ,     ,     ,     ,     ,     ,    ,      ,       ,      ,      ,        ,        ,        ,        ,        ,        ,        ,        ,      
headlfe01, 1924,     2, MTL , NHL , D  , 17.0,  0.0,   1.0,   1.0,   6.0,      ,     ,     ,     ,     ,     ,    ,      ,    1.0,   0.0,   0.0,     0.0,     0.0,        ,        ,        ,        ,        ,        ,      
headlfe01, 1925,     1, CAT , WCHL, D  , 29.0,  2.0,   1.0,   3.0,  47.0,      ,     ,     ,     ,     ,     ,    ,      ,       ,      ,      ,        ,        ,        ,        ,        ,        ,        ,        ,      
healeer01, 2005,     1, BOS , NHL , L  ,  2.0,  0.0,   0.0,   0.0,   2.0, 0.0  ,  0.0,  0.0,  0.0,  0.0,  0.0,    ,   1.0,       ,      ,      ,        ,        ,        ,        ,        ,        ,        ,        ,      
healepa01, 1996,     1, PHI , NHL , R  ,  2.0,  0.0,   0.0,   0.0,   0.0, 0.0  ,  0.0,  0.0,  0.0,  0.0,  0.0, 0.0,   0.0,       ,      ,      ,        ,        ,        ,        ,        ,        ,        ,        ,      
healepa01, 1997,     1, PHI , NHL , R  ,  4.0,  0.0,   0.0,   0.0,  12.0, 0.0  ,  0.0,  0.0,  0.0,  0.0,  0.0, 0.0,   0.0,       ,      ,      ,        ,        ,        ,        ,        ,        ,        ,        ,      
healepa01, 2001,     1, TOR , NHL , R  , 21.0,  3.0,   7.0,  10.0,   2.0, 7.0  ,  0.0,  0.0,  0.0,  0.0,  0.0, 0.0,  29.0,   18.0,   0.0,   1.0,     1.0,     2.0, 2.0    ,     0.0,     0.0,     0.0,     0.0,     0.0,    15.0
healepa01, 2002,     1, TOR , NHL , L  , 44.0,  3.0,   7.0,  10.0,  16.0, 8.0  ,  1.0,  0.0,  0.0,  0.0,  0.0, 0.0,  43.0,    4.0,   0.0,   1.0,     1.0,     2.0, 1.0    ,     0.0,     0.0,     0.0,     1.0,     0.0,     3.0
healepa01, 2003,     1, NYR , NHL , R  ,  4.0,  0.0,   0.0,   0.0,   0.0, 0.0  ,  0.0,  0.0,  0.0,  0.0,  0.0, 0.0,   0.0,       ,      ,      ,        ,        ,        ,        ,        ,        ,        ,        ,      
healepa01, 2005,     1, COL , NHL , R  ,  2.0,  0.0,   0.0,   0.0,  14.0, 0.0  ,  0.0,  0.0,  0.0,  0.0,  0.0,    ,   0.0,       ,      ,      ,        ,        ,        ,        ,        ,        ,        ,        ,      
healeri01, 1960,     1, DET , NHL , D  ,  1.0,  0.0,   0.0,   0.0,   2.0,      ,     ,     ,     ,     ,     ,    ,      ,       ,      ,      ,        ,        ,        ,        ,        ,        ,        ,        ,      
healygl01, 1985,     1, LAK , NHL , G  ,  1.0,  0.0,   0.0,   0.0,   0.0, 0.0  ,  0.0,     ,  0.0,     ,  0.0, 0.0,   0.0,       ,      ,      ,        ,        ,        ,        ,        ,        ,        ,        ,      
healygl01, 1987,     1, LAK , NHL , G  , 34.0,  0.0,   2.0,   2.0,   6.0, 0.0  ,  0.0,     ,  0.0,     ,  0.0, 0.0,   0.0,    4.0,   0.0,   0.0,     0.0,     4.0, 0.0    ,     0.0,     0.0,     0.0,     0.0,     0.0,     0.0
healygl01, 1988,     1, LAK , NHL , G  , 48.0,  0.0,   1.0,   1.0,  28.0, 0.0  ,  0.0,     ,  0.0,     ,  0.0, 0.0,   0.0,    3.0,   0.0,   0.0,     0.0,     2.0, 0.0    ,     0.0,     0.0,     0.0,     0.0,     0.0,     0.0
healygl01, 1989,     1, NYI , NHL , G  , 39.0,  0.0,   1.0,   1.0,   7.0, 0.0  ,  0.0,     ,  0.0,     ,  0.0, 0.0,   0.0,    4.0,   0.0,   1.0,     1.0,     0.0, 0.0    ,     0.0,     0.0,     0.0,     0.0,     0.0,     0.0
healygl01, 1990,     1, NYI , NHL , G  , 53.0,  0.0,   2.0,   2.0,  14.0, 0.0  ,  0.0,     ,  0.0,     ,  0.0, 0.0,   0.0,       ,      ,      ,        ,        ,        ,        ,        ,        ,        ,        ,      
healygl01, 1991,     1, NYI , NHL , G  , 37.0,  0.0,   1.0,   1.0,  18.0, 0.0  ,  0.0,  1.0,  0.0,  0.0,  0.0, 0.0,   0.0,       ,      ,      ,        ,        ,        ,        ,        ,        ,        ,        ,      
healygl01, 1992,     1, NYI , NHL , G  , 47.0,  0.0,   2.0,   2.0,   2.0, 0.0  ,  0.0,  0.0,  0.0,  0.0,  0.0, 0.0,   0.0,   18.0,   0.0,   3.0,     3.0,     0.0, 0.0    ,     0.0,        ,     0.0,        ,     0.0,     0.0
healygl01, 1993,     1, NYR , NHL , G  , 29.0,  0.0,   2.0,   2.0,   2.0, 0.0  ,  0.0,  0.0,  0.0,  1.0,  0.0, 0.0,   0.0,    2.0,   0.0,   0.0,     0.0,     0.0, 0.0    ,     0.0,     0.0,     0.0,     0.0,     0.0,     0.0
healygl01, 1994,     1, NYR , NHL , G  , 17.0,  0.0,   2.0,   2.0,   2.0, 0.0  ,  0.0,  1.0,  0.0,  0.0,  0.0, 0.0,   0.0,    5.0,   0.0,   0.0,     0.0,     0.0, 0.0    ,     0.0,     0.0,     0.0,     0.0,     0.0,     0.0
healygl01, 1995,     1, NYR , NHL , G  , 44.0,  0.0,   1.0,   1.0,   8.0, 0.0  ,  0.0,  1.0,  0.0,  0.0,  0.0, 0.0,   0.0,       ,      ,      ,        ,        ,        ,        ,        ,        ,        ,        ,      
healygl01, 1996,     1, NYR , NHL , G  , 23.0,  0.0,   0.0,   0.0,   4.0, 0.0  ,  0.0,  0.0,  0.0,  0.0,  0.0, 0.0,   0.0,       ,      ,      ,        ,        ,        ,        ,        ,        ,        ,        ,      
healygl01, 1997,     1, TOR , NHL , G  , 21.0,  0.0,   0.0,   0.0,   0.0, 0.0  ,  0.0,  0.0,  0.0,  0.0,  0.0, 0.0,   0.0,       ,      ,      ,        ,        ,        ,        ,        ,        ,        ,        ,      
healygl01, 1998,     1, TOR , NHL , G  ,  9.0,  0.0,   0.0,   0.0,   0.0, 0.0  ,  0.0,  0.0,  0.0,  0.0,  0.0, 0.0,   0.0,    1.0,   0.0,   0.0,     0.0,     0.0, 0.0    ,     0.0,     0.0,     0.0,     0.0,     0.0,     0.0
healygl01, 1999,     1, TOR , NHL , G  , 20.0,  0.0,   1.0,   1.0,   2.0, 0.0  ,  0.0,  0.0,  0.0,  0.0,  0.0, 0.0,   0.0,       ,      ,      ,        ,        ,        ,        ,        ,        ,        ,        ,      
healygl01, 2000,     1, TOR , NHL , G  , 15.0,  0.0,   0.0,   0.0,   0.0, 0.0  ,  0.0,  0.0,  0.0,  0.0,  0.0, 0.0,   0.0,       ,      ,      ,        ,        ,        ,        ,        ,        ,        ,        ,      
heaphsh01, 1992,     1, CAL , NHL , C  ,  1.0,  0.0,   0.0,   0.0,   0.0, 0.0  ,  0.0,  0.0,  0.0,  0.0,  0.0, 0.0,   2.0,       ,      ,      ,        ,        ,        ,        ,        ,        ,        ,        ,      
heaslma01, 1976,     1, NYR , NHL , R  , 19.0,  1.0,   0.0,   1.0,  31.0, -3.0 ,  0.0,     ,  0.0,     ,  0.0, 0.0,   9.0,       ,      ,      ,        ,        ,        ,        ,        ,        ,        ,        ,      
heaslma01, 1977,     1, NYR , NHL , R  , 29.0,  5.0,  10.0,  15.0,  34.0, 3.0  ,  0.0,     ,  0.0,     ,  0.0, 1.0,  32.0,    3.0,   0.0,   0.0,     0.0,     0.0,        ,     0.0,        ,     0.0,        ,     0.0,      
heaslma01, 1978,     1, LAK , NHL , R  , 69.0,  4.0,   9.0,  13.0,  45.0, -10.0,  0.0,     ,  0.0,     ,  1.0, 0.0,  53.0,    2.0,   0.0,   0.0,     0.0,     2.0,        ,     0.0,        ,     0.0,        ,     0.0,      
heathra01, 1984,     1, NYR , NHL , L  , 12.0,  2.0,   3.0,   5.0,  15.0, -1.0 ,  1.0,     ,  0.0,     ,  0.0, 0.0,  18.0,       ,      ,      ,        ,        ,        ,        ,        ,        ,        ,        ,      
heathra01, 1985,     1, NYR , NHL , L  ,  1.0,  0.0,   1.0,   1.0,   0.0, 1.0  ,  0.0,     ,  0.0,     ,  0.0, 0.0,   1.0,       ,      ,      ,        ,        ,        ,        ,        ,        ,        ,        ,      
heatlda01, 2001,     1, ATL , NHL , R  , 82.0, 26.0,  41.0,  67.0,  56.0, -19.0,  7.0, 11.0,  0.0,  1.0,  4.0, 0.0, 202.0,       ,      ,      ,        ,        ,        ,        ,        ,        ,        ,        ,      
heatlda01, 2002,     1, ATL , NHL , R  , 77.0, 41.0,  48.0,  89.0,  58.0, -8.0 , 19.0, 20.0,  1.0,  0.0,  6.0, 0.0, 252.0,       ,      ,      ,        ,        ,        ,        ,        ,        ,        ,        ,      
heatlda01, 2003,     1, ATL , NHL , R  , 31.0, 13.0,  12.0,  25.0,  18.0, -8.0 ,  5.0,  7.0,  0.0,  0.0,  3.0, 0.0,  83.0,       ,      ,      ,        ,        ,        ,        ,        ,        ,        ,        ,      
heatlda01, 2005,     1, OTT , NHL , L  , 82.0, 50.0,  53.0, 103.0,  86.0, 29.0 , 23.0, 20.0,  2.0,  2.0,  7.0,    , 300.0,   10.0,   3.0,   9.0,    12.0,    11.0, 1.0    ,     3.0,     3.0,     0.0,     0.0,     1.0,    32.0
heatlda01, 2006,     1, OTT , NHL , R  , 82.0, 50.0,  55.0, 105.0,  74.0, 31.0 , 17.0, 22.0,  3.0,  1.0, 10.0,    , 310.0,   20.0,   7.0,  15.0,    22.0,    14.0, 4.0    ,     2.0,     6.0,     0.0,     0.0,     2.0,    59.0
heatlda01, 2007,     1, OTT , NHL , L  , 71.0, 41.0,  41.0,  82.0,  76.0, 33.0 , 13.0, 12.0,  0.0,  0.0,  8.0,    , 224.0,    4.0,   0.0,   1.0,     1.0,     6.0, -5.0   ,     0.0,     1.0,     0.0,     0.0,     0.0,     9.0
heatlda01, 2008,     1, OTT , NHL , L  , 82.0, 39.0,  33.0,  72.0,  88.0, -11.0, 15.0, 11.0,  0.0,  0.0,  6.0,    , 258.0,       ,      ,      ,        ,        ,        ,        ,        ,        ,        ,        ,      
heatlda01, 2009,     1, SJS , NHL , R  , 82.0, 39.0,  43.0,  82.0,  54.0, 14.0 , 18.0, 12.0,  1.0,  0.0,  9.0,    , 280.0,   14.0,   2.0,  11.0,    13.0,    16.0, -7.0   ,     1.0,     5.0,     0.0,     0.0,     0.0,    45.0
heatlmu01, 1973,     1, MFS , WHA , L  , 71.0, 26.0,  32.0,  58.0,  23.0,      ,  3.0,     ,  0.0,     ,  5.0,    ,      ,   10.0,   1.0,   0.0,     1.0,     2.0,        ,        ,        ,        ,        ,     0.0,      
heatlmu01, 1974,     1, MFS , WHA , L  , 22.0,  5.0,   9.0,  14.0,  31.0, 0.0  ,  1.0,     ,  0.0,     ,     ,    ,  27.0,       ,      ,      ,        ,        ,        ,        ,        ,        ,        ,        ,      
heatlmu01, 1974,     2, IND , WHA , L  , 29.0, 15.0,   8.0,  23.0,  25.0, -7.0 ,  5.0,     ,  0.0,     ,     ,    ,  83.0,       ,      ,      ,        ,        ,        ,        ,        ,        ,        ,        ,      
heatlmu01, 1975,     1, IND , WHA , R  , 34.0,  2.0,   5.0,   7.0,   7.0, -7.0 ,  0.0,     ,  0.0,     ,  0.0,    ,  46.0,       ,      ,      ,        ,        ,        ,        ,        ,        ,        ,        ,      
heavepa01, 1975,     1, TOT , WHA , D  , 66.0,  2.0,  12.0,  14.0,  83.0, -4.0 ,  0.0,     ,  0.0,     ,  0.0,    ,  42.0,       ,      ,      ,        ,        ,        ,        ,        ,        ,        ,        ,      
heavepa01, 1976,     1, BIR , WHA , D  ,  5.0,  0.0,   0.0,   0.0,   0.0, 0.0  ,  0.0,     ,  0.0,     ,  0.0,    ,   1.0,       ,      ,      ,        ,        ,        ,        ,        ,        ,        ,        ,      
hebenan01, 1955,     1, NYR , NHL , R  , 70.0, 24.0,  14.0,  38.0,   8.0,      ,     ,     ,     ,     ,     ,    ,      ,    5.0,   1.0,   0.0,     1.0,     2.0,        ,        ,        ,        ,        ,        ,      
hebenan01, 1956,     1, NYR , NHL , R  , 70.0, 21.0,  23.0,  44.0,  10.0,      ,     ,     ,     ,     ,     ,    ,      ,    5.0,   2.0,   0.0,     2.0,     2.0,        ,        ,        ,        ,        ,        ,      
hebenan01, 1957,     1, NYR , NHL , R  , 70.0, 21.0,  24.0,  45.0,  17.0,      ,     ,     ,     ,     ,     ,    ,      ,    6.0,   2.0,   3.0,     5.0,     4.0,        ,        ,        ,        ,        ,        ,      
hebenan01, 1958,     1, NYR , NHL , R  , 70.0, 33.0,  29.0,  62.0,   8.0,      ,     ,     ,     ,     ,     ,    ,      ,       ,      ,      ,        ,        ,        ,        ,        ,        ,        ,        ,      
hebenan01, 1959,     1, NYR , NHL , R  , 70.0, 19.0,  27.0,  46.0,   4.0,      ,     ,     ,     ,     ,     ,    ,      ,       ,      ,      ,        ,        ,        ,        ,        ,        ,        ,        ,      
hebenan01, 1960,     1, NYR , NHL , R  , 70.0, 26.0,  28.0,  54.0,  10.0,      ,     ,     ,     ,     ,     ,    ,      ,       ,      ,      ,        ,        ,        ,        ,        ,        ,        ,        ,      
hebenan01, 1961,     1, NYR , NHL , R  , 70.0, 18.0,  24.0,  42.0,  10.0,      ,     ,     ,     ,     ,     ,    ,      ,    6.0,   1.0,   2.0,     3.0,     0.0,        ,        ,        ,        ,        ,     0.0,      
hebenan01, 1962,     1, NYR , NHL , R  , 70.0, 15.0,  22.0,  37.0,   8.0,      ,     ,     ,     ,     ,     ,    ,      ,       ,      ,      ,        ,        ,        ,        ,        ,        ,        ,        ,      
hebenan01, 1963,     1, BOS , NHL , R  , 70.0, 12.0,  11.0,  23.0,   8.0,      ,  1.0,     ,  0.0,     ,  2.0, 0.0,      ,       ,      ,      ,        ,        ,        ,        ,        ,        ,        ,        ,      
hebencl01, 1975,     1, PHR , WHA , G  ,  2.0,  0.0,   0.0,   0.0,   0.0, 0.0  ,  0.0,     ,  0.0,     ,  0.0,    ,   0.0,       ,      ,      ,        ,        ,        ,        ,        ,        ,        ,        ,      
hebencl01, 1976,     1, PHR , WHA , G  , 56.0,  0.0,   0.0,   0.0,   2.0, 0.0  ,  0.0,     ,  0.0,     ,  0.0,    ,   0.0,       ,      ,      ,        ,        ,        ,        ,        ,        ,        ,        ,      
hebergu01, 1991,     1, STL , NHL , G  , 13.0,  0.0,   1.0,   1.0,   0.0, 0.0  ,  0.0,  1.0,  0.0,  0.0,  0.0, 0.0,   0.0,       ,      ,      ,        ,        ,        ,        ,        ,        ,        ,        ,      
hebergu01, 1992,     1, STL , NHL , G  , 24.0,  0.0,   0.0,   0.0,   2.0, 0.0  ,  0.0,  0.0,  0.0,  0.0,  0.0, 0.0,   0.0,    1.0,   0.0,   0.0,     0.0,     0.0, 0.0    ,     0.0,     0.0,     0.0,     0.0,     0.0,     0.0
hebergu01, 1993,     1, ANA , NHL , G  , 52.0,  0.0,   0.0,   0.0,   2.0, 0.0  ,  0.0,  0.0,  0.0,  0.0,  0.0, 0.0,   0.0,       ,      ,      ,        ,        ,        ,        ,        ,        ,        ,        ,      
hebergu01, 1994,     1, ANA , NHL , G  , 39.0,  0.0,   0.0,   0.0,   2.0, 0.0  ,  0.0,  0.0,  0.0,  0.0,  0.0, 0.0,   0.0,       ,      ,      ,        ,        ,        ,        ,        ,        ,        ,        ,      
hebergu01, 1995,     1, ANA , NHL , G  , 59.0,  0.0,   0.0,   0.0,   6.0, 0.0  ,  0.0,  0.0,  0.0,  0.0,  0.0, 0.0,   0.0,       ,      ,      ,        ,        ,        ,        ,        ,        ,        ,        ,      
hebergu01, 1996,     1, ANA , NHL , G  , 67.0,  0.0,   1.0,   1.0,   4.0, 0.0  ,  0.0,  0.0,  0.0,  0.0,  0.0, 0.0,   0.0,    9.0,   0.0,   0.0,     0.0,     0.0, 0.0    ,     0.0,     0.0,     0.0,     0.0,     0.0,     0.0
hebergu01, 1997,     1, ANA , NHL , G  , 46.0,  0.0,   1.0,   1.0,   4.0, 0.0  ,  0.0,  1.0,  0.0,  0.0,  0.0, 0.0,   0.0,       ,      ,      ,        ,        ,        ,        ,        ,        ,        ,        ,      
hebergu01, 1998,     1, ANA , NHL , G  , 69.0,  0.0,   1.0,   1.0,   0.0, 0.0  ,  0.0,  1.0,  0.0,  0.0,  0.0, 0.0,   0.0,    4.0,   0.0,   0.0,     0.0,     0.0, 0.0    ,     0.0,     0.0,     0.0,     0.0,     0.0,     0.0
hebergu01, 1999,     1, ANA , NHL , G  , 68.0,  0.0,   2.0,   2.0,   2.0, 0.0  ,  0.0,  0.0,  0.0,  1.0,  0.0, 0.0,   0.0,       ,      ,      ,        ,        ,        ,        ,        ,        ,        ,        ,      
hebergu01, 2000,     1, ANA , NHL , G  , 41.0,  0.0,   0.0,   0.0,   0.0, 0.0  ,  0.0,  0.0,  0.0,  0.0,  0.0, 0.0,   0.0,       ,      ,      ,        ,        ,        ,        ,        ,        ,        ,        ,      
hebergu01, 2000,     2, NYR , NHL , G  , 13.0,  0.0,   0.0,   0.0,   0.0, 0.0  ,  0.0,  0.0,  0.0,  0.0,  0.0, 0.0,   0.0,       ,      ,      ,        ,        ,        ,        ,        ,        ,        ,        ,      
hebersa01, 1913,     1, TOO , NHA , G  , 19.0,  0.0,   0.0,   0.0,   0.0,      ,     ,     ,     ,     ,     ,    ,      ,       ,      ,      ,        ,        ,        ,        ,        ,        ,        ,        ,      
hebersa01, 1914,     1, OT1 , NHA , G  ,  2.0,  0.0,   0.0,   0.0,   0.0,      ,     ,     ,     ,     ,     ,    ,      ,       ,      ,      ,        ,        ,        ,        ,        ,        ,        ,        ,      
hebersa01, 1916,     1, OT1 , NHA , G  ,  1.0,  0.0,   0.0,   0.0,   0.0,      ,     ,     ,     ,     ,     ,    ,      ,       ,      ,      ,        ,        ,        ,        ,        ,        ,        ,        ,      
hebersa01, 1916,     2, QU1 , NHA , G  , 13.0,  0.0,   0.0,   0.0,   0.0,      ,     ,     ,     ,     ,     ,    ,      ,       ,      ,      ,        ,        ,        ,        ,        ,        ,        ,        ,      
hebersa01, 1917,     1, TOA , NHL , G  ,  2.0,  0.0,   0.0,   0.0,   0.0,      ,     ,     ,     ,     ,  0.0,    ,      ,       ,      ,      ,        ,        ,        ,        ,        ,        ,        ,        ,      
hebersa01, 1917,     2, OTS , NHL , G  ,  1.0,  0.0,   0.0,   0.0,   0.0,      ,     ,     ,     ,     ,  0.0,    ,      ,       ,      ,      ,        ,        ,        ,        ,        ,        ,        ,        ,      
hebersa01, 1921,     1, SMJ , WCHL, G  , 23.0,  0.0,   0.0,   0.0,   0.0,      ,     ,     ,     ,     ,     ,    ,      ,       ,      ,      ,        ,        ,        ,        ,        ,        ,        ,        ,      
hebersa01, 1922,     1, SAC , WCHL, G  , 18.0,  0.0,   0.0,   0.0,   0.0,      ,     ,     ,     ,     ,     ,    ,      ,       ,      ,      ,        ,        ,        ,        ,        ,        ,        ,        ,      
hebersa01, 1923,     1, OTS , NHL , G  ,  2.0,  0.0,   0.0,   0.0,   0.0,      ,     ,     ,     ,     ,     ,    ,      ,       ,      ,      ,        ,        ,        ,        ,        ,        ,        ,        ,      
hechtjo01, 1998,     1, STL , NHL , C  ,  3.0,  0.0,   0.0,   0.0,   0.0, -2.0 ,  0.0,  0.0,  0.0,  0.0,  0.0, 0.0,   4.0,    5.0,   2.0,   0.0,     2.0,     0.0, 4.0    ,     0.0,     0.0,     0.0,     0.0,     0.0,    20.0
hechtjo01, 1999,     1, STL , NHL , R  , 63.0, 13.0,  21.0,  34.0,  28.0, 20.0 ,  5.0,  6.0,  0.0,  0.0,  1.0, 0.0, 140.0,    7.0,   4.0,   6.0,    10.0,     2.0, 1.0    ,     1.0,     3.0,     0.0,     0.0,     1.0,    13.0
hechtjo01, 2000,     1, STL , NHL , L  , 72.0, 19.0,  25.0,  44.0,  48.0, 11.0 ,  8.0,  7.0,  3.0,  0.0,  1.0, 2.0, 208.0,   15.0,   2.0,   4.0,     6.0,     4.0, -3.0   ,     0.0,     1.0,     0.0,     0.0,     0.0,    19.0
hechtjo01, 2001,     1, EDM , NHL , L  , 82.0, 16.0,  24.0,  40.0,  60.0, 4.0  ,  5.0,  4.0,  0.0,  0.0,  3.0, 1.0, 211.0,       ,      ,      ,        ,        ,        ,        ,        ,        ,        ,        ,      
hechtjo01, 2002,     1, BUF , NHL , L  , 49.0, 10.0,  16.0,  26.0,  30.0, 4.0  ,  2.0,  5.0,  0.0,  1.0,  2.0, 0.0, 145.0,       ,      ,      ,        ,        ,        ,        ,        ,        ,        ,        ,      
hechtjo01, 2003,     1, BUF , NHL , L  , 64.0, 15.0,  37.0,  52.0,  49.0, 17.0 ,  2.0, 13.0,  1.0,  0.0,  0.0, 0.0, 174.0,       ,      ,      ,        ,        ,        ,        ,        ,        ,        ,        ,      
hechtjo01, 2005,     1, BUF , NHL , L  , 64.0, 18.0,  24.0,  42.0,  34.0, 10.0 ,  4.0,  4.0,  2.0,  1.0,  4.0,    , 179.0,   15.0,   2.0,   6.0,     8.0,     8.0, 4.0    ,     0.0,     1.0,     0.0,     0.0,     1.0,    36.0
hechtjo01, 2006,     1, BUF , NHL , C  , 76.0, 19.0,  37.0,  56.0,  39.0, 19.0 ,  3.0,  6.0,  0.0,  1.0,  1.0,    , 197.0,   16.0,   4.0,   1.0,     5.0,    10.0, 2.0    ,     0.0,     0.0,     0.0,     0.0,     1.0,    45.0
hechtjo01, 2007,     1, BUF , NHL , C  , 75.0, 22.0,  27.0,  49.0,  38.0, 1.0  ,  3.0,  4.0,  1.0,  0.0,  2.0,    , 229.0,       ,      ,      ,        ,        ,        ,        ,        ,        ,        ,        ,      
hechtjo01, 2008,     1, BUF , NHL , C  , 70.0, 12.0,  15.0,  27.0,  33.0, -9.0 ,  3.0,  2.0,  1.0,  2.0,  1.0,    , 173.0,       ,      ,      ,        ,        ,        ,        ,        ,        ,        ,        ,      
hechtjo01, 2009,     1, BUF , NHL , C  , 79.0, 21.0,  21.0,  42.0,  35.0, 14.0 ,  3.0,  0.0,  0.0,  0.0,  2.0,    , 224.0,       ,      ,      ,        ,        ,        ,        ,        ,        ,        ,        ,      
heclra01 , 2002,     1, BUF , NHL , D  , 14.0,  0.0,   0.0,   0.0,   2.0, 0.0  ,  0.0,  0.0,  0.0,  0.0,  0.0, 0.0,   3.0,       ,      ,      ,        ,        ,        ,        ,        ,        ,        ,        ,      
hedbean01, 1974,     1, WIJ , WHA , R  , 65.0, 53.0,  47.0, 100.0,  45.0, 38.0 , 20.0,     ,  0.0,     ,     ,    , 271.0,       ,      ,      ,        ,        ,        ,        ,        ,        ,        ,        ,      
hedbean01, 1975,     1, WIJ , WHA , R  , 76.0, 50.0,  55.0, 105.0,  48.0, 60.0 ,  9.0,     ,  6.0,     , 10.0,    , 271.0,   13.0,  13.0,   6.0,    19.0,    15.0, 16.0   ,        ,        ,        ,        ,        ,      
hedbean01, 1976,     1, WIJ , WHA , R  , 68.0, 70.0,  61.0, 131.0,  48.0, 48.0 , 22.0,     ,  0.0,     , 10.0,    , 313.0,   20.0,  13.0,  16.0,    29.0,    13.0, 6.0    ,        ,        ,        ,        ,     2.0,      
hedbean01, 1977,     1, WIJ , WHA , R  , 77.0, 63.0,  59.0, 122.0,  60.0, 60.0 , 17.0,     ,  6.0,     ,     ,    , 290.0,    9.0,   9.0,   6.0,    15.0,     2.0, 5.0    ,        ,        ,        ,        ,     1.0,      
hedbean01, 1978,     1, NYR , NHL , R  , 80.0, 33.0,  45.0,  78.0,  33.0, 19.0 ,  6.0,     ,  0.0,     ,  5.0, 2.0, 214.0,   18.0,   4.0,   5.0,     9.0,    12.0,        ,     0.0,        ,     1.0,        ,     1.0,      
hedbean01, 1979,     1, NYR , NHL , R  , 80.0, 32.0,  39.0,  71.0,  21.0, 13.0 ,  7.0,     ,  0.0,     ,  4.0, 0.0, 241.0,    9.0,   3.0,   2.0,     5.0,     7.0,        ,     0.0,        ,     0.0,        ,     1.0,      
hedbean01, 1980,     1, NYR , NHL , R  , 80.0, 30.0,  40.0,  70.0,  52.0, 0.0  ,  7.0,     ,  1.0,     ,  3.0, 1.0, 243.0,   14.0,   8.0,   8.0,    16.0,     6.0,        ,     3.0,        ,     0.0,        ,     0.0,      
hedbean01, 1981,     1, NYR , NHL , R  ,  4.0,  0.0,   1.0,   1.0,   0.0, -2.0 ,  0.0,     ,  0.0,     ,  0.0, 0.0,   8.0,       ,      ,      ,        ,        ,        ,        ,        ,        ,        ,        ,      
hedbean01, 1982,     1, NYR , NHL , R  , 78.0, 25.0,  34.0,  59.0,  12.0, 17.0 ,  4.0,     ,  0.0,     ,  5.0, 1.0, 163.0,    9.0,   4.0,   8.0,    12.0,     4.0,        ,     1.0,        ,     0.0,        ,     0.0,      
hedbean01, 1983,     1, NYR , NHL , R  , 79.0, 32.0,  35.0,  67.0,  16.0, 18.0 ,  6.0,     ,  0.0,     ,  2.0, 0.0, 209.0,    5.0,   1.0,   0.0,     1.0,     0.0, 1.0    ,     0.0,        ,     0.0,        ,     0.0,    15.0
hedbean01, 1984,     1, NYR , NHL , R  , 64.0, 20.0,  31.0,  51.0,  10.0, -15.0,  9.0,     ,  0.0,     ,  2.0, 0.0, 141.0,    3.0,   2.0,   1.0,     3.0,     2.0, -1.0   ,     0.0,        ,     0.0,        ,     0.0,     6.0
hedbejo01, 2000,     1, PIT , NHL , G  ,  9.0,  0.0,   0.0,   0.0,   0.0, 0.0  ,  0.0,  0.0,  0.0,  0.0,  0.0, 0.0,   0.0,   18.0,   0.0,   0.0,     0.0,     0.0, 0.0    ,     0.0,     0.0,     0.0,     0.0,     0.0,     0.0
hedbejo01, 2001,     1, PIT , NHL , G  , 66.0,  0.0,   1.0,   1.0,  22.0, 0.0  ,  0.0,  0.0,  0.0,  0.0,  0.0, 0.0,   0.0,       ,      ,      ,        ,        ,        ,        ,        ,        ,        ,        ,      
hedbejo01, 2002,     1, PIT , NHL , G  , 41.0,  0.0,   2.0,   2.0,  18.0, 0.0  ,  0.0,  1.0,  0.0,  1.0,  0.0, 0.0,   0.0,       ,      ,      ,        ,        ,        ,        ,        ,        ,        ,        ,      
hedbejo01, 2003,     1, VAN , NHL , G  , 21.0,  0.0,   0.0,   0.0,  10.0, 0.0  ,  0.0,  0.0,  0.0,  0.0,  0.0, 0.0,   0.0,    2.0,   0.0,   0.0,     0.0,     0.0, 0.0    ,     0.0,     0.0,     0.0,     0.0,     0.0,     0.0
hedbejo01, 2005,     1, DAL , NHL , G  , 19.0,  0.0,   2.0,   2.0,   6.0, 0.0  ,  0.0,  1.0,  0.0,  0.0,  0.0,    ,   0.0,       ,      ,      ,        ,        ,        ,        ,        ,        ,        ,        ,      
hedbejo01, 2006,     1, ATL , NHL , G  , 21.0,  0.0,   1.0,   1.0,   6.0, 0.0  ,  0.0,  0.0,  0.0,  1.0,  0.0,    ,   0.0,    2.0,   0.0,   0.0,     0.0,     0.0, 0.0    ,     0.0,     0.0,     0.0,     0.0,     0.0,     0.0
hedbejo01, 2007,     1, ATL , NHL , G  , 36.0,  0.0,   1.0,   1.0,  16.0, 0.0  ,  0.0,  0.0,  0.0,  0.0,  0.0,    ,   0.0,       ,      ,      ,        ,        ,        ,        ,        ,        ,        ,        ,      
hedbejo01, 2008,     1, ATL , NHL , G  , 33.0,  0.0,   0.0,   0.0,   2.0, 0.0  ,  0.0,  0.0,  0.0,  0.0,  0.0,    ,   0.0,       ,      ,      ,        ,        ,        ,        ,        ,        ,        ,        ,      
hedbejo01, 2009,     1, ATL , NHL , G  , 47.0,  0.0,   1.0,   1.0,   6.0, 0.0  ,  0.0,  0.0,  0.0,  0.0,  0.0,    ,   0.0,       ,      ,      ,        ,        ,        ,        ,        ,        ,        ,        ,      
hedicbr01, 1991,     1, STL , NHL , D  ,  4.0,  1.0,   0.0,   1.0,   0.0, 1.0  ,  0.0,  0.0,  0.0,  0.0,  0.0, 0.0,   1.0,    5.0,   0.0,   0.0,     0.0,     0.0, 1.0    ,     0.0,     0.0,     0.0,     0.0,     0.0,     6.0
hedicbr01, 1992,     1, STL , NHL , D  , 42.0,  0.0,   8.0,   8.0,  30.0, -2.0 ,  0.0,  1.0,  0.0,  0.0,  0.0, 0.0,  40.0,   10.0,   0.0,   0.0,     0.0,    14.0, -4.0   ,     0.0,     0.0,     0.0,     0.0,     0.0,     5.0
hedicbr01, 1993,     1, STL , NHL , D  , 61.0,  0.0,  11.0,  11.0,  64.0, -8.0 ,  0.0,  1.0,  0.0,  0.0,  0.0, 0.0,  78.0,       ,      ,      ,        ,        ,        ,        ,        ,        ,        ,        ,      
hedicbr01, 1993,     2, VAN , NHL , D  ,  8.0,  0.0,   1.0,   1.0,   0.0, 1.0  ,  0.0,  1.0,  0.0,  0.0,  0.0, 0.0,  10.0,   24.0,   1.0,   6.0,     7.0,    16.0, 13.0   ,     0.0,     1.0,     0.0,     0.0,     0.0,    22.0
hedicbr01, 1994,     1, VAN , NHL , D  , 45.0,  2.0,  11.0,  13.0,  34.0, -3.0 ,  0.0,  3.0,  0.0,  2.0,  0.0, 0.0,  56.0,   11.0,   0.0,   2.0,     2.0,     6.0, -5.0   ,     0.0,     0.0,     0.0,     0.0,     0.0,     6.0
hedicbr01, 1995,     1, VAN , NHL , D  , 77.0,  6.0,  23.0,  29.0,  83.0, 8.0  ,  1.0,  7.0,  0.0,  4.0,  0.0, 0.0, 113.0,    6.0,   0.0,   1.0,     1.0,    10.0, -2.0   ,     0.0,     0.0,     0.0,     0.0,     0.0,     2.0
hedicbr01, 1996,     1, VAN , NHL , D  , 67.0,  4.0,  15.0,  19.0,  51.0, -3.0 ,  2.0,  3.0,  0.0,  1.0,  1.0, 0.0,  93.0,       ,      ,      ,        ,        ,        ,        ,        ,        ,        ,        ,      
hedicbr01, 1997,     1, VAN , NHL , D  , 71.0,  3.0,  24.0,  27.0,  79.0, 3.0  ,  1.0,  5.0,  0.0,  7.0,  0.0, 1.0,  84.0,       ,      ,      ,        ,        ,        ,        ,        ,        ,        ,        ,      
hedicbr01, 1998,     1, VAN , NHL , D  , 42.0,  2.0,  11.0,  13.0,  34.0, 7.0  ,  0.0,  3.0,  2.0,  0.0,  0.0, 1.0,  52.0,       ,      ,      ,        ,        ,        ,        ,        ,        ,        ,        ,      
hedicbr01, 1998,     2, FLO , NHL , D  , 25.0,  3.0,   7.0,  10.0,  17.0, -2.0 ,  0.0,  0.0,  0.0,  1.0,  1.0, 0.0,  38.0,       ,      ,      ,        ,        ,        ,        ,        ,        ,        ,        ,      
hedicbr01, 1999,     1, FLO , NHL , D  , 76.0,  6.0,  19.0,  25.0,  68.0, 4.0  ,  2.0,  2.0,  0.0,  0.0,  1.0, 0.0,  58.0,    4.0,   0.0,   0.0,     0.0,     0.0, 1.0    ,     0.0,     0.0,     0.0,     0.0,     0.0,     5.0
hedicbr01, 2000,     1, FLO , NHL , D  , 70.0,  5.0,  15.0,  20.0,  72.0, -7.0 ,  4.0,  2.0,  0.0,  2.0,  1.0, 0.0, 104.0,       ,      ,      ,        ,        ,        ,        ,        ,        ,        ,        ,      
hedicbr01, 2001,     1, FLO , NHL , D  , 31.0,  3.0,   7.0,  10.0,  12.0, -4.0 ,  0.0,  2.0,  0.0,  0.0,  0.0, 0.0,  46.0,       ,      ,      ,        ,        ,        ,        ,        ,        ,        ,        ,      
hedicbr01, 2001,     2, CAR , NHL , D  , 26.0,  2.0,   4.0,   6.0,  10.0, 3.0  ,  0.0,  1.0,  0.0,  0.0,  1.0, 0.0,  39.0,   23.0,   1.0,   4.0,     5.0,    20.0, 0.0    ,     0.0,     1.0,     0.0,     0.0,     0.0,    39.0
hedicbr01, 2002,     1, CAR , NHL , D  , 72.0,  3.0,  14.0,  17.0,  75.0, -24.0,  1.0,  6.0,  0.0,  1.0,  1.0, 0.0, 113.0,       ,      ,      ,        ,        ,        ,        ,        ,        ,        ,        ,      
hedicbr01, 2003,     1, CAR , NHL , D  , 81.0,  7.0,  17.0,  24.0,  64.0, -10.0,  2.0,  5.0,  0.0,  2.0,  3.0, 0.0, 112.0,       ,      ,      ,        ,        ,        ,        ,        ,        ,        ,        ,      
hedicbr01, 2005,     1, CAR , NHL , D  , 74.0,  5.0,  22.0,  27.0,  58.0, 11.0 ,  2.0,  5.0,  1.0,  2.0,  1.0,    ,  73.0,   25.0,   2.0,   9.0,    11.0,    42.0, 6.0    ,     0.0,     5.0,     0.0,     1.0,     0.0,    23.0
hedicbr01, 2006,     1, CAR , NHL , D  , 50.0,  0.0,  10.0,  10.0,  36.0, -8.0 ,  0.0,  4.0,  0.0,  0.0,  0.0,    ,  44.0,       ,      ,      ,        ,        ,        ,        ,        ,        ,        ,        ,      
hedicbr01, 2007,     1, CAR , NHL , D  , 66.0,  2.0,  15.0,  17.0,  70.0, 17.0 ,  0.0,  1.0,  0.0,  0.0,  0.0,    ,  80.0,       ,      ,      ,        ,        ,        ,        ,        ,        ,        ,        ,      
hedicbr01, 2008,     1, AND , NHL , D  , 51.0,  1.0,   5.0,   6.0,  36.0, -7.0 ,  0.0,  2.0,  0.0,  0.0,  0.0,    ,  40.0,       ,      ,      ,        ,        ,        ,        ,        ,        ,        ,        ,      
hedinpi01, 2003,     1, TOR , NHL , D  ,  3.0,  0.0,   1.0,   1.0,   0.0, -1.0 ,  0.0,  0.0,  0.0,  0.0,  0.0, 0.0,   4.0,       ,      ,      ,        ,        ,        ,        ,        ,        ,        ,        ,      
hedmavi01, 2009,     1, TBL , NHL , D  , 74.0,  4.0,  16.0,  20.0,  79.0, -3.0 ,  0.0,  1.0,  0.0,  0.0,  0.0,    ,  90.0,       ,      ,      ,        ,        ,        ,        ,        ,        ,        ,        ,      
hedstjo01, 2002,     1, ANA , NHL , R  ,  4.0,  0.0,   0.0,   0.0,   0.0, -1.0 ,  0.0,  0.0,  0.0,  0.0,  0.0, 0.0,   3.0,       ,      ,      ,        ,        ,        ,        ,        ,        ,        ,        ,      
hedstjo01, 2005,     1, ANA , NHL , R  , 79.0, 13.0,  14.0,  27.0,  48.0, 2.0  ,  2.0,  1.0,  2.0,  1.0,  5.0,    ,  99.0,    3.0,   0.0,   1.0,     1.0,     2.0, 0.0    ,     0.0,     0.0,     0.0,     0.0,     0.0,     1.0
heereje01, 2002,     1, CAR , NHL , R  , 10.0,  3.0,   0.0,   3.0,   2.0, -2.0 ,  1.0,  0.0,  0.0,  0.0,  0.0, 0.0,  16.0,       ,      ,      ,        ,        ,        ,        ,        ,        ,        ,        ,      
heereje01, 2003,     1, STL , NHL , R  , 22.0,  1.0,   2.0,   3.0,   4.0, -5.0 ,  0.0,  1.0,  0.0,  0.0,  1.0, 0.0,  28.0,       ,      ,      ,        ,        ,        ,        ,        ,        ,        ,        ,      
heffefr01, 1919,     1, TRS , NHL , F  , 19.0,  0.0,   1.0,   1.0,  10.0,      ,     ,     ,     ,     ,     ,    ,      ,       ,      ,      ,        ,        ,        ,        ,        ,        ,        ,        ,      
heffege01, 1941,     1, MTL , NHL , R  , 40.0,  5.0,  15.0,  20.0,  15.0,      ,     ,     ,     ,     ,     ,    ,      ,    2.0,   2.0,   1.0,     3.0,     0.0,        ,        ,        ,        ,        ,        ,      
heffege01, 1942,     1, MTL , NHL , R  ,     ,     ,      ,      ,      ,      ,     ,     ,     ,     ,     ,    ,      ,    2.0,   0.0,   0.0,     0.0,     0.0,        ,        ,        ,        ,        ,        ,      
heffege01, 1943,     1, MTL , NHL , R  , 43.0, 28.0,  20.0,  48.0,  12.0,      ,     ,     ,     ,     ,     ,    ,      ,    7.0,   1.0,   2.0,     3.0,     8.0,        ,        ,        ,        ,        ,        ,      
heggeho01, 1972,     1, LAS , WHA , C  ,  8.0,  2.0,   1.0,   3.0,   0.0,      ,  1.0,     ,  0.0,     ,     ,    ,      ,    1.0,   0.0,   0.0,     0.0,     0.0,        ,     0.0,        ,     0.0,        ,     0.0,      
heidtmi01, 1983,     1, LAK , NHL , D  ,  6.0,  0.0,   1.0,   1.0,   7.0, -1.0 ,  0.0,     ,  0.0,     ,  0.0, 0.0,   1.0,       ,      ,      ,        ,        ,        ,        ,        ,        ,        ,        ,      
heikkil01, 2009,     1, NYR , NHL , D  ,  7.0,  0.0,   0.0,   0.0,   0.0, 2.0  ,  0.0,  0.0,  0.0,  0.0,  0.0,    ,   4.0,       ,      ,      ,        ,        ,        ,        ,        ,        ,        ,        ,      
heindbi01, 1970,     1, MNS , NHL , L  , 12.0,  1.0,   1.0,   2.0,   0.0, -1.0 ,  0.0,     ,  0.0,     ,  0.0, 0.0,  18.0,       ,      ,      ,        ,        ,        ,        ,        ,        ,        ,        ,      
heindbi01, 1971,     1, MNS , NHL , L  ,  2.0,  0.0,   0.0,   0.0,   0.0, 0.0  ,  0.0,     ,  0.0,     ,  0.0, 0.0,   1.0,       ,      ,      ,        ,        ,        ,        ,        ,        ,        ,        ,      
heindbi01, 1972,     1, NYR , NHL , L  ,  4.0,  1.0,   0.0,   1.0,   0.0, 1.0  ,  0.0,     ,  0.0,     ,  0.0, 0.0,   6.0,       ,      ,      ,        ,        ,        ,        ,        ,        ,        ,        ,      
heindbi01, 1973,     1, CLC , WHA , L  , 67.0,  4.0,  14.0,  18.0,   4.0,      ,  1.0,     ,  0.0,     ,  1.0,    ,      ,    5.0,   0.0,   1.0,     1.0,     2.0,        ,        ,        ,        ,        ,     0.0,      
heinrli01, 1955,     1, BOS , NHL , L  , 35.0,  1.0,   1.0,   2.0,  33.0,      ,     ,     ,     ,     ,     ,    ,      ,       ,      ,      ,        ,        ,        ,        ,        ,        ,        ,        ,      
heinssh01, 1998,     1, SJS , NHL , D  ,  5.0,  0.0,   0.0,   0.0,  13.0, 0.0  ,  0.0,  0.0,  0.0,  0.0,  0.0, 0.0,   4.0,       ,      ,      ,        ,        ,        ,        ,        ,        ,        ,        ,      
heinssh01, 1999,     1, SJS , NHL , D  ,  1.0,  0.0,   0.0,   0.0,   2.0, -1.0 ,  0.0,  0.0,  0.0,  0.0,  0.0, 0.0,   1.0,       ,      ,      ,        ,        ,        ,        ,        ,        ,        ,        ,      
heinssh01, 2000,     1, SJS , NHL , D  , 38.0,  3.0,   4.0,   7.0,  57.0, 2.0  ,  2.0,  3.0,  0.0,  0.0,  0.0, 0.0,  45.0,    2.0,   0.0,   0.0,     0.0,     0.0, -1.0   ,     0.0,     0.0,     0.0,     0.0,     0.0,     2.0
heinssh01, 2001,     1, SJS , NHL , D  , 17.0,  0.0,   2.0,   2.0,  24.0, 1.0  ,  0.0,  2.0,  0.0,  0.0,  0.0, 0.0,  20.0,       ,      ,      ,        ,        ,        ,        ,        ,        ,        ,        ,      
heinssh01, 2002,     1, SJS , NHL , D  , 20.0,  0.0,   1.0,   1.0,   9.0, -2.0 ,  0.0,  0.0,  0.0,  0.0,  0.0, 0.0,  10.0,       ,      ,      ,        ,        ,        ,        ,        ,        ,        ,        ,      
heinssh01, 2002,     2, PIT , NHL , D  , 27.0,  1.0,   1.0,   2.0,  33.0, -2.0 ,  0.0,  0.0,  0.0,  0.0,  1.0, 0.0,  28.0,       ,      ,      ,        ,        ,        ,        ,        ,        ,        ,        ,      
heinssh01, 2003,     1, ATL , NHL , D  , 17.0,  0.0,   4.0,   4.0,  16.0, -1.0 ,  0.0,  0.0,  0.0,  0.0,  0.0, 0.0,  17.0,       ,      ,      ,        ,        ,        ,        ,        ,        ,        ,        ,      
heinzri01, 1980,     1, STL , NHL , G  ,  4.0,  0.0,   1.0,   1.0,   0.0, 0.0  ,  0.0,     ,  0.0,     ,  0.0, 0.0,   0.0,       ,      ,      ,        ,        ,        ,        ,        ,        ,        ,        ,      
heinzri01, 1981,     1, STL , NHL , G  ,  9.0,  0.0,   0.0,   0.0,   0.0, 0.0  ,  0.0,     ,  0.0,     ,  0.0, 0.0,   0.0,       ,      ,      ,        ,        ,        ,        ,        ,        ,        ,        ,      
heinzri01, 1981,     2, VAN , NHL , G  ,  3.0,  0.0,   0.0,   0.0,   0.0, 0.0  ,  0.0,     ,  0.0,     ,  0.0, 0.0,   0.0,       ,      ,      ,        ,        ,        ,        ,        ,        ,        ,        ,      
heinzri01, 1982,     1, STL , NHL , G  ,  9.0,  0.0,   0.0,   0.0,   2.0, 0.0  ,  0.0,     ,  0.0,     ,  0.0, 0.0,   0.0,       ,      ,      ,        ,        ,        ,        ,        ,        ,        ,        ,      
heinzri01, 1983,     1, STL , NHL , G  , 22.0,  0.0,   0.0,   0.0,   4.0, 0.0  ,  0.0,     ,  0.0,     ,  0.0, 0.0,   0.0,    1.0,   0.0,   0.0,     0.0,     0.0, 0.0    ,     0.0,        ,     0.0,        ,     0.0,     0.0
heinzri01, 1984,     1, STL , NHL , G  ,  2.0,  0.0,   0.0,   0.0,   0.0, 0.0  ,  0.0,     ,  0.0,     ,  0.0, 0.0,   0.0,       ,      ,      ,        ,        ,        ,        ,        ,        ,        ,        ,      
heinzst01, 1991,     1, BOS , NHL , R  , 14.0,  3.0,   4.0,   7.0,   6.0, -1.0 ,  0.0,  0.0,  0.0,  0.0,  2.0, 0.0,  29.0,    7.0,   0.0,   3.0,     3.0,    17.0, 3.0    ,     0.0,     0.0,     0.0,     0.0,     0.0,     6.0
heinzst01, 1992,     1, BOS , NHL , R  , 73.0, 18.0,  13.0,  31.0,  24.0, 20.0 ,  0.0,  0.0,  2.0,  2.0,  4.0, 0.0, 146.0,    4.0,   1.0,   1.0,     2.0,     2.0, -1.0   ,     0.0,     0.0,     0.0,     0.0,     0.0,     6.0
heinzst01, 1993,     1, BOS , NHL , R  , 77.0, 10.0,  11.0,  21.0,  32.0, -2.0 ,  0.0,  0.0,  2.0,  1.0,  1.0, 0.0, 183.0,   13.0,   2.0,   3.0,     5.0,     7.0, 6.0    ,     0.0,     0.0,     0.0,     0.0,     0.0,    16.0
heinzst01, 1994,     1, BOS , NHL , R  , 36.0,  7.0,   9.0,  16.0,  23.0, 0.0  ,  0.0,  0.0,  1.0,  0.0,  0.0, 0.0,  70.0,    5.0,   0.0,   0.0,     0.0,     0.0, 0.0    ,     0.0,     0.0,     0.0,     0.0,     0.0,    10.0
heinzst01, 1995,     1, BOS , NHL , R  , 76.0, 16.0,  12.0,  28.0,  43.0, -3.0 ,  0.0,  0.0,  1.0,  1.0,  3.0, 0.0, 129.0,    5.0,   1.0,   1.0,     2.0,     4.0, 1.0    ,     0.0,     0.0,     1.0,     0.0,     0.0,    20.0
heinzst01, 1996,     1, BOS , NHL , R  , 30.0, 17.0,   8.0,  25.0,  27.0, -8.0 ,  4.0,  1.0,  2.0,  0.0,  2.0, 0.0,  96.0,       ,      ,      ,        ,        ,        ,        ,        ,        ,        ,        ,      
heinzst01, 1997,     1, BOS , NHL , R  , 61.0, 26.0,  20.0,  46.0,  54.0, 8.0  ,  9.0,  7.0,  0.0,  0.0,  6.0, 0.0, 160.0,    6.0,   0.0,   0.0,     0.0,     6.0, -4.0   ,     0.0,     0.0,     0.0,     0.0,     0.0,    15.0
heinzst01, 1998,     1, BOS , NHL , R  , 73.0, 22.0,  18.0,  40.0,  30.0, 7.0  ,  9.0,  5.0,  0.0,  0.0,  3.0, 0.0, 146.0,   12.0,   4.0,   3.0,     7.0,     0.0, -1.0   ,     2.0,     1.0,     0.0,     0.0,     0.0,    23.0
heinzst01, 1999,     1, BOS , NHL , R  , 75.0, 12.0,  13.0,  25.0,  36.0, -8.0 ,  2.0,  4.0,  0.0,  0.0,  2.0, 2.0, 145.0,       ,      ,      ,        ,        ,        ,        ,        ,        ,        ,        ,      
heinzst01, 2000,     1, CBS , NHL , R  , 65.0, 22.0,  20.0,  42.0,  38.0, -19.0, 14.0,  7.0,  0.0,  0.0,  3.0, 0.0, 125.0,       ,      ,      ,        ,        ,        ,        ,        ,        ,        ,        ,      
heinzst01, 2000,     2, BUF , NHL , R  , 14.0,  5.0,   7.0,  12.0,   8.0, 6.0  ,  1.0,  1.0,  0.0,  0.0,  1.0, 0.0,  19.0,   13.0,   3.0,   4.0,     7.0,    10.0, 0.0    ,     3.0,     1.0,     0.0,     0.0,     0.0,    21.0
heinzst01, 2001,     1, LAK , NHL , L  , 73.0, 15.0,  16.0,  31.0,  46.0, -15.0,  8.0,  9.0,  0.0,  0.0,  4.0, 1.0, 123.0,    4.0,   0.0,   0.0,     0.0,     2.0, -1.0   ,     0.0,     0.0,     0.0,     0.0,     0.0,     7.0
heinzst01, 2002,     1, LAK , NHL , R  , 27.0,  5.0,   7.0,  12.0,  12.0, -5.0 ,  1.0,  1.0,  0.0,  1.0,  0.0, 0.0,  44.0,       ,      ,      ,        ,        ,        ,        ,        ,        ,        ,        ,      
heiskea01, 1968,     1, PHI , NHL , L  , 21.0,  3.0,   3.0,   6.0,  51.0, -4.0 ,  0.0,     ,  0.0,     ,  0.0, 1.0,  38.0,       ,      ,      ,        ,        ,        ,        ,        ,        ,        ,        ,      
heiskea01, 1969,     1, PHI , NHL , L  , 65.0,  8.0,   7.0,  15.0, 171.0, -15.0,  0.0,     ,  0.0,     ,  0.0, 0.0, 114.0,       ,      ,      ,        ,        ,        ,        ,        ,        ,        ,        ,      
heiskea01, 1970,     1, PHI , NHL , L  , 41.0,  2.0,   1.0,   3.0,  72.0, -9.0 ,  0.0,     ,  0.0,     ,  1.0, 0.0,  39.0,       ,      ,      ,        ,        ,        ,        ,        ,        ,        ,        ,      
heiskea01, 1972,     1, LAS , WHA , R  , 70.0, 12.0,  17.0,  29.0, 150.0,      ,  2.0,     ,  0.0,     ,     ,    ,      ,    5.0,   1.0,   1.0,     2.0,     4.0,        ,     1.0,        ,     0.0,        ,     0.0,      
heiskea01, 1973,     1, LAS , WHA , L  , 24.0,  2.0,   6.0,   8.0,  45.0,      ,  0.0,     ,  0.0,     ,  0.0,    ,      ,       ,      ,      ,        ,        ,        ,        ,        ,        ,        ,        ,      
heistba01, 2001,     1, NYR , NHL , C  , 10.0,  0.0,   0.0,   0.0,   2.0, -4.0 ,  0.0,  0.0,  0.0,  0.0,  0.0, 0.0,   7.0,       ,      ,      ,        ,        ,        ,        ,        ,        ,        ,        ,      
hejdaja01, 2006,     1, EDM , NHL , D  , 39.0,  1.0,   8.0,   9.0,  20.0, -6.0 ,  0.0,  0.0,  0.0,  0.0,  1.0,    ,  33.0,       ,      ,      ,        ,        ,        ,        ,        ,        ,        ,        ,      
hejdaja01, 2007,     1, CBS , NHL , D  , 81.0,  0.0,  13.0,  13.0,  61.0, 20.0 ,  0.0,  0.0,  0.0,  2.0,  0.0,    ,  71.0,       ,      ,      ,        ,        ,        ,        ,        ,        ,        ,        ,      
hejdaja01, 2008,     1, CBS , NHL , D  , 82.0,  3.0,  18.0,  21.0,  38.0, 23.0 ,  0.0,  0.0,  0.0,  1.0,  1.0,    ,  66.0,    3.0,   0.0,   0.0,     0.0,     2.0, -5.0   ,     0.0,     0.0,     0.0,     0.0,     0.0,     1.0
hejdaja01, 2009,     1, CBS , NHL , D  , 62.0,  3.0,  10.0,  13.0,  36.0, -14.0,  1.0,  0.0,  0.0,  0.0,  0.0,    ,  63.0,       ,      ,      ,        ,        ,        ,        ,        ,        ,        ,        ,      
hejdumi01, 1998,     1, COL , NHL , R  , 82.0, 14.0,  34.0,  48.0,  26.0, 8.0  ,  4.0,  7.0,  0.0,  0.0,  5.0, 0.0, 178.0,   16.0,   6.0,   6.0,    12.0,     4.0, 3.0    ,     1.0,     1.0,     0.0,     0.0,     3.0,    38.0
hejdumi01, 1999,     1, COL , NHL , R  , 82.0, 36.0,  36.0,  72.0,  16.0, 14.0 , 13.0, 14.0,  0.0,  1.0,  9.0, 2.0, 228.0,   17.0,   5.0,   4.0,     9.0,     6.0, -7.0   ,     3.0,     2.0,     0.0,     0.0,     1.0,    50.0
hejdumi01, 2000,     1, COL , NHL , R  , 80.0, 41.0,  38.0,  79.0,  36.0, 32.0 , 12.0, 15.0,  1.0,  2.0,  9.0, 0.0, 213.0,   23.0,   7.0,  16.0,    23.0,     6.0, 8.0    ,     4.0,     6.0,     0.0,     0.0,     1.0,    51.0
hejdumi01, 2001,     1, COL , NHL , R  , 62.0, 21.0,  23.0,  44.0,  24.0, 0.0  ,  7.0, 11.0,  1.0,  0.0,  5.0, 1.0, 139.0,   16.0,   3.0,   3.0,     6.0,     4.0, -4.0   ,     1.0,     0.0,     0.0,     0.0,     0.0,    45.0
hejdumi01, 2002,     1, COL , NHL , R  , 82.0, 50.0,  48.0,  98.0,  32.0, 52.0 , 18.0, 17.0,  0.0,  0.0,  4.0, 1.0, 244.0,    7.0,   2.0,   2.0,     4.0,     2.0, 4.0    ,     1.0,     0.0,     0.0,     0.0,     0.0,    21.0
hejdumi01, 2003,     1, COL , NHL , R  , 82.0, 35.0,  40.0,  75.0,  20.0, 19.0 , 16.0, 12.0,  0.0,  1.0,  6.0, 0.0, 237.0,   11.0,   5.0,   2.0,     7.0,     0.0, 6.0    ,     2.0,     1.0,     0.0,     0.0,     0.0,    30.0
hejdumi01, 2005,     1, COL , NHL , R  , 74.0, 24.0,  34.0,  58.0,  24.0, 13.0 , 14.0,  9.0,  1.0,  1.0,  2.0,    , 221.0,    9.0,   2.0,   6.0,     8.0,     2.0, 3.0    ,     0.0,     0.0,     0.0,     2.0,     0.0,    24.0
hejdumi01, 2006,     1, COL , NHL , R  , 80.0, 35.0,  35.0,  70.0,  44.0, 10.0 , 12.0, 12.0,  1.0,  0.0,  6.0,    , 257.0,       ,      ,      ,        ,        ,        ,        ,        ,        ,        ,        ,      
hejdumi01, 2007,     1, COL , NHL , R  , 77.0, 29.0,  25.0,  54.0,  36.0, 8.0  ,  8.0,  7.0,  1.0,  0.0,  4.0,    , 205.0,   10.0,   3.0,   3.0,     6.0,     4.0, -6.0   ,     2.0,     1.0,     0.0,     0.0,     0.0,    18.0
hejdumi01, 2008,     1, COL , NHL , R  , 82.0, 27.0,  32.0,  59.0,  16.0, -19.0, 10.0,  9.0,  1.0,  0.0,  2.0,    , 211.0,       ,      ,      ,        ,        ,        ,        ,        ,        ,        ,        ,      
hejdumi01, 2009,     1, COL , NHL , R  , 56.0, 23.0,  21.0,  44.0,  10.0, 6.0  ,  8.0,  9.0,  0.0,  0.0,  4.0,    , 153.0,    3.0,   1.0,   0.0,     1.0,     0.0, 0.0    ,     0.0,     0.0,     0.0,     0.0,     0.0,     4.0
helanha01, 1978,     1, FIN , WHA ,    ,  1.0,  0.0,   0.0,   0.0,   0.0,      ,  0.0,     ,  0.0,     ,  0.0,    ,      ,       ,      ,      ,        ,        ,        ,        ,        ,        ,        ,        ,      
helanpe01, 1982,     1, LAK , NHL , D  ,  7.0,  0.0,   1.0,   1.0,   0.0, -2.0 ,  0.0,     ,  0.0,     ,  0.0, 0.0,   2.0,       ,      ,      ,        ,        ,        ,        ,        ,        ,        ,        ,      
helblti01, 2005,     1, TBL , NHL , D  ,  9.0,  0.0,   1.0,   1.0,   6.0, -3.0 ,  0.0,  0.0,  0.0,  0.0,  0.0,    ,   2.0,       ,      ,      ,        ,        ,        ,        ,        ,        ,        ,        ,      
helblti01, 2006,     1, WAS , NHL , D  ,  2.0,  0.0,   0.0,   0.0,   2.0, -1.0 ,  0.0,  0.0,  0.0,  0.0,  0.0,    ,   0.0,       ,      ,      ,        ,        ,        ,        ,        ,        ,        ,        ,      
helenri01, 2008,     1, TBL , NHL , G  ,  1.0,  0.0,   0.0,   0.0,   0.0, 0.0  ,  0.0,  0.0,  0.0,  0.0,  0.0,    ,   0.0,       ,      ,      ,        ,        ,        ,        ,        ,        ,        ,        ,      
helensa01, 1996,     1, CAL , NHL , D  ,  3.0,  0.0,   1.0,   1.0,   0.0, 1.0  ,  0.0,  0.0,  0.0,  0.0,  0.0, 0.0,   1.0,       ,      ,      ,        ,        ,        ,        ,        ,        ,        ,        ,      
helensa01, 1998,     1, CAL , NHL , D  ,  4.0,  0.0,   0.0,   0.0,   8.0, -2.0 ,  0.0,  0.0,  0.0,  0.0,  0.0, 0.0,   1.0,       ,      ,      ,        ,        ,        ,        ,        ,        ,        ,        ,      
helensa01, 1998,     2, TBL , NHL , D  ,  4.0,  1.0,   0.0,   1.0,  15.0, -3.0 ,  0.0,  0.0,  1.0,  0.0,  0.0, 0.0,   3.0,       ,      ,      ,        ,        ,        ,        ,        ,        ,        ,        ,      
helensa01, 1999,     1, COL , NHL , D  , 33.0,  0.0,   0.0,   0.0,  46.0, -5.0 ,  0.0,  0.0,  0.0,  0.0,  0.0, 0.0,   6.0,       ,      ,      ,        ,        ,        ,        ,        ,        ,        ,        ,      
helensa01, 2000,     1, DAL , NHL , D  , 57.0,  1.0,   2.0,   3.0,  99.0, 1.0  ,  0.0,  0.0,  0.0,  0.0,  0.0, 0.0,  18.0,    1.0,   0.0,   0.0,     0.0,     0.0, 0.0    ,     0.0,     0.0,     0.0,     0.0,     0.0,     0.0
helensa01, 2001,     1, DAL , NHL , D  , 39.0,  0.0,   0.0,   0.0,  58.0, -4.0 ,  0.0,  0.0,  0.0,  0.0,  0.0, 0.0,  18.0,       ,      ,      ,        ,        ,        ,        ,        ,        ,        ,        ,      
helensa01, 2002,     1, DAL , NHL , D  ,  5.0,  0.0,   0.0,   0.0,   6.0, 1.0  ,  0.0,  0.0,  0.0,  0.0,  0.0, 0.0,   2.0,       ,      ,      ,        ,        ,        ,        ,        ,        ,        ,        ,      
helensa01, 2002,     2, CHI , NHL , D  , 10.0,  0.0,   1.0,   1.0,  28.0, 3.0  ,  0.0,  0.0,  0.0,  0.0,  0.0, 0.0,   5.0,       ,      ,      ,        ,        ,        ,        ,        ,        ,        ,        ,      
helleot01, 1931,     1, NYR , NHL , D  , 21.0,  2.0,   2.0,   4.0,   9.0,      ,     ,     ,     ,     ,     ,    ,      ,    7.0,   3.0,   1.0,     4.0,     8.0,        ,        ,        ,        ,        ,        ,      
helleot01, 1932,     1, NYR , NHL , D  , 40.0,  5.0,   7.0,  12.0,  31.0,      ,     ,     ,     ,     ,     ,    ,      ,    8.0,   3.0,   0.0,     3.0,    10.0,        ,        ,        ,        ,        ,        ,      
helleot01, 1933,     1, NYR , NHL , D  , 48.0,  2.0,   5.0,   7.0,  29.0,      ,     ,     ,     ,     ,     ,    ,      ,    2.0,   0.0,   0.0,     0.0,     0.0,        ,        ,        ,        ,        ,        ,      
helleot01, 1934,     1, NYR , NHL , D  , 47.0,  3.0,  11.0,  14.0,  31.0,      ,     ,     ,     ,     ,     ,    ,      ,    4.0,   0.0,   1.0,     1.0,     4.0,        ,        ,        ,        ,        ,        ,      
helleot01, 1935,     1, NYR , NHL , D  , 43.0,  2.0,  11.0,  13.0,  40.0,      ,     ,     ,     ,     ,     ,    ,      ,       ,      ,      ,        ,        ,        ,        ,        ,        ,        ,        ,      
helleot01, 1936,     1, NYR , NHL , D  , 48.0,  5.0,  12.0,  17.0,  42.0,      ,     ,     ,     ,     ,     ,    ,      ,    9.0,   0.0,   0.0,     0.0,    11.0,        ,        ,        ,        ,        ,        ,      
helleot01, 1937,     1, NYR , NHL , D  , 48.0,  2.0,  14.0,  16.0,  68.0,      ,     ,     ,     ,     ,     ,    ,      ,    3.0,   0.0,   1.0,     1.0,     2.0,        ,        ,        ,        ,        ,        ,      
helleot01, 1938,     1, NYR , NHL , D  , 48.0,  0.0,  23.0,  23.0,  42.0,      ,     ,     ,     ,     ,     ,    ,      ,    7.0,   0.0,   1.0,     1.0,    10.0,        ,        ,        ,        ,        ,        ,      
helleot01, 1939,     1, NYR , NHL , D  , 47.0,  5.0,  14.0,  19.0,  26.0,      ,     ,     ,     ,     ,     ,    ,      ,   12.0,   0.0,   3.0,     3.0,    12.0,        ,        ,        ,        ,        ,        ,      
helleot01, 1940,     1, NYR , NHL , D  , 48.0,  2.0,  16.0,  18.0,  42.0,      ,     ,     ,     ,     ,     ,    ,      ,    3.0,   0.0,   1.0,     1.0,     4.0,        ,        ,        ,        ,        ,        ,      
helleot01, 1941,     1, NYR , NHL , D  , 35.0,  6.0,   5.0,  11.0,  22.0,      ,     ,     ,     ,     ,     ,    ,      ,    6.0,   0.0,   0.0,     0.0,     0.0,        ,        ,        ,        ,        ,        ,      
helleot01, 1942,     1, NYR , NHL , D  , 45.0,  4.0,  14.0,  18.0,  14.0,      ,     ,     ,     ,     ,     ,    ,      ,       ,      ,      ,        ,        ,        ,        ,        ,        ,        ,        ,      
helleot01, 1943,     1, NYR , NHL , D  , 50.0,  8.0,  27.0,  35.0,  29.0,      ,     ,     ,     ,     ,     ,    ,      ,       ,      ,      ,        ,        ,        ,        ,        ,        ,        ,        ,      
helleot01, 1944,     1, NYR , NHL , D  , 45.0,  7.0,  12.0,  19.0,  26.0,      ,     ,     ,     ,     ,     ,    ,      ,       ,      ,      ,        ,        ,        ,        ,        ,        ,        ,        ,      
helleot01, 1945,     1, NYR , NHL , D  , 34.0,  2.0,   3.0,   5.0,  14.0,      ,     ,     ,     ,     ,     ,    ,      ,       ,      ,      ,        ,        ,        ,        ,        ,        ,        ,        ,      
helmaha01, 1922,     1, OTS , NHL , D  , 24.0,  0.0,   0.0,   0.0,   5.0,      ,     ,     ,     ,     ,     ,    ,      ,    2.0,   0.0,   0.0,     0.0,     0.0,        ,        ,        ,        ,        ,        ,      
helmaha01, 1923,     1, OTS , NHL , D  , 19.0,  1.0,   0.0,   1.0,   2.0,      ,     ,     ,     ,     ,     ,    ,      ,       ,      ,      ,        ,        ,        ,        ,        ,        ,        ,        ,      
helmaha01, 1924,     1, OTS , NHL , D  ,  1.0,  0.0,   0.0,   0.0,   0.0,      ,     ,     ,     ,     ,     ,    ,      ,       ,      ,      ,        ,        ,        ,        ,        ,        ,        ,        ,      
helmda01 , 2007,     1, DET , NHL , C  ,  7.0,  0.0,   0.0,   0.0,   2.0, -2.0 ,  0.0,  0.0,  0.0,  0.0,  0.0,    ,   7.0,   18.0,   2.0,   2.0,     4.0,     2.0, 2.0    ,     0.0,     0.0,     0.0,     0.0,     0.0,    21.0
helmda01 , 2008,     1, DET , NHL , C  , 16.0,  0.0,   1.0,   1.0,   4.0, -7.0 ,  0.0,  0.0,  0.0,  0.0,  0.0,    ,  29.0,   23.0,   4.0,   1.0,     5.0,     4.0, 1.0    ,     0.0,     0.0,     0.0,     0.0,     1.0,    42.0
helmda01 , 2009,     1, DET , NHL , C  , 75.0, 11.0,  13.0,  24.0,  18.0, -2.0 ,  0.0,  0.0,  3.0,  0.0,  3.0,    , 165.0,   12.0,   1.0,   0.0,     1.0,     4.0, -4.0   ,     0.0,     0.0,     0.0,     0.0,     0.0,    16.0
helmebr01, 1998,     1, PHO , NHL , D  , 11.0,  0.0,   0.0,   0.0,  23.0, 2.0  ,  0.0,  0.0,  0.0,  0.0,  0.0, 0.0,  11.0,       ,      ,      ,        ,        ,        ,        ,        ,        ,        ,        ,      
helmebr01, 1998,     2, STL , NHL , D  , 29.0,  0.0,   4.0,   4.0,  19.0, 3.0  ,  0.0,  0.0,  0.0,  0.0,  0.0, 0.0,  38.0,       ,      ,      ,        ,        ,        ,        ,        ,        ,        ,        ,      
helmebr01, 1999,     1, STL , NHL , D  , 15.0,  1.0,   1.0,   2.0,  10.0, -3.0 ,  1.0,  0.0,  0.0,  0.0,  1.0, 0.0,  19.0,       ,      ,      ,        ,        ,        ,        ,        ,        ,        ,        ,      
helmebr01, 2000,     1, VAN , NHL , D  , 20.0,  2.0,   4.0,   6.0,  18.0, 0.0  ,  0.0,  3.0,  0.0,  0.0,  0.0, 0.0,  28.0,       ,      ,      ,        ,        ,        ,        ,        ,        ,        ,        ,      
helmebr01, 2001,     1, VAN , NHL , D  , 40.0,  5.0,   5.0,  10.0,  53.0, 10.0 ,  2.0,  2.0,  0.0,  0.0,  1.0, 1.0,  43.0,    6.0,   0.0,   0.0,     0.0,     0.0, -1.0   ,     0.0,     0.0,     0.0,     0.0,     0.0,     5.0
helmebr01, 2002,     1, VAN , NHL , D  ,  2.0,  0.0,   0.0,   0.0,   0.0, 1.0  ,  0.0,  0.0,  0.0,  0.0,  0.0, 0.0,   2.0,       ,      ,      ,        ,        ,        ,        ,        ,        ,        ,        ,      
helmebr01, 2003,     1, PHO , NHL , D  , 17.0,  0.0,   1.0,   1.0,  10.0, -5.0 ,  0.0,  0.0,  0.0,  0.0,  0.0, 0.0,  10.0,       ,      ,      ,        ,        ,        ,        ,        ,        ,        ,        ,      
helmebr01, 2008,     1, WAS , NHL , D  , 12.0,  0.0,   3.0,   3.0,   2.0, -1.0 ,  0.0,  1.0,  0.0,  0.0,  0.0,    ,   8.0,       ,      ,      ,        ,        ,        ,        ,        ,        ,        ,        ,      
helmidw01, 2008,     1, CAR , NHL , C  , 23.0,  1.0,   1.0,   2.0,   0.0, -2.0 ,  0.0,  0.0,  0.0,  0.0,  0.0,    ,  15.0,    1.0,   0.0,   0.0,     0.0,     0.0, 0.0    ,     0.0,     0.0,     0.0,     0.0,     0.0,     0.0
helmidw01, 2009,     1, SJS , NHL , C  ,  4.0,  1.0,   0.0,   1.0,   0.0, -1.0 ,  0.0,  0.0,  0.0,  0.0,  0.0,    ,   1.0,    7.0,   1.0,   0.0,     1.0,     4.0, 0.0    ,     0.0,     0.0,     0.0,     0.0,     0.0,     5.0
helmira01, 1985,     1, NYR , NHL , C  , 66.0, 10.0,  30.0,  40.0,  10.0, -1.0 ,  4.0,     ,  0.0,     ,  2.0, 0.0, 125.0,    2.0,   0.0,   0.0,     0.0,     0.0, -2.0   ,     0.0,        ,     0.0,        ,     0.0,     2.0
helmira01, 1986,     1, NYR , NHL , C  , 21.0,  2.0,   4.0,   6.0,   2.0, -8.0 ,  1.0,     ,  0.0,     ,  0.0, 0.0,  24.0,       ,      ,      ,        ,        ,        ,        ,        ,        ,        ,        ,      
helmira01, 1986,     2, MNS , NHL , C  ,  6.0,  0.0,   1.0,   1.0,   0.0, -3.0 ,  0.0,     ,  0.0,     ,  0.0, 0.0,   6.0,       ,      ,      ,        ,        ,        ,        ,        ,        ,        ,        ,      
helmira01, 1988,     1, NYI , NHL , C  , 24.0,  1.0,  11.0,  12.0,   4.0, -15.0,  1.0,  6.0,  0.0,  0.0,  0.0, 0.0,  22.0,       ,      ,      ,        ,        ,        ,        ,        ,        ,        ,        ,      
heminco01, 2005,     1, STL , NHL , R  ,  3.0,  0.0,   0.0,   0.0,   0.0, -2.0 ,  0.0,  0.0,  0.0,  0.0,  0.0,    ,   2.0,       ,      ,      ,        ,        ,        ,        ,        ,        ,        ,        ,      
hemmeto01, 1935,     1, NYA , NHL , L  ,  3.0,  0.0,   0.0,   0.0,   0.0,      ,     ,     ,     ,     ,     ,    ,      ,       ,      ,      ,        ,        ,        ,        ,        ,        ,        ,        ,      
hemmeto01, 1936,     1, NYA , NHL , L  , 19.0,  3.0,   3.0,   6.0,   4.0,      ,     ,     ,     ,     ,     ,    ,      ,       ,      ,      ,        ,        ,        ,        ,        ,        ,        ,        ,      
hemskal01, 2002,     1, EDM , NHL , R  , 59.0,  6.0,  24.0,  30.0,  14.0, 5.0  ,  0.0,  9.0,  0.0,  0.0,  1.0, 0.0,  50.0,    6.0,   0.0,   0.0,     0.0,     0.0, -5.0   ,     0.0,     0.0,     0.0,     0.0,     0.0,     7.0
hemskal01, 2003,     1, EDM , NHL , R  , 71.0, 12.0,  22.0,  34.0,  14.0, -7.0 ,  4.0,  7.0,  0.0,  0.0,  3.0, 1.0,  87.0,       ,      ,      ,        ,        ,        ,        ,        ,        ,        ,        ,      
hemskal01, 2005,     1, EDM , NHL , R  , 81.0, 19.0,  58.0,  77.0,  64.0, -5.0 ,  7.0, 35.0,  1.0,  0.0,  4.0,    , 178.0,   24.0,   6.0,  11.0,    17.0,    14.0, -3.0   ,     4.0,     7.0,     0.0,     0.0,     2.0,    47.0
hemskal01, 2006,     1, EDM , NHL , R  , 64.0, 13.0,  40.0,  53.0,  40.0, -7.0 ,  5.0, 20.0,  0.0,  0.0,  1.0,    , 122.0,       ,      ,      ,        ,        ,        ,        ,        ,        ,        ,        ,      
hemskal01, 2007,     1, EDM , NHL , R  , 74.0, 20.0,  51.0,  71.0,  34.0, -9.0 ,  8.0, 22.0,  0.0,  0.0,  2.0,    , 184.0,       ,      ,      ,        ,        ,        ,        ,        ,        ,        ,        ,      
hemskal01, 2008,     1, EDM , NHL , R  , 72.0, 23.0,  43.0,  66.0,  32.0, 1.0  ,  4.0, 27.0,  0.0,  0.0,  2.0,    , 185.0,       ,      ,      ,        ,        ,        ,        ,        ,        ,        ,        ,      
hemskal01, 2009,     1, EDM , NHL , R  , 22.0,  7.0,  15.0,  22.0,   8.0, 7.0  ,  3.0,  5.0,  0.0,  0.0,  0.0,    ,  57.0,       ,      ,      ,        ,        ,        ,        ,        ,        ,        ,        ,      
hendear01, 1980,     1, WAS , NHL , R  ,  7.0,  1.0,   0.0,   1.0,  28.0, -1.0 ,  0.0,     ,  0.0,     ,  0.0, 0.0,   4.0,       ,      ,      ,        ,        ,        ,        ,        ,        ,        ,        ,      
hendear01, 1981,     1, MNS , NHL , R  ,  1.0,  0.0,   0.0,   0.0,   0.0, 0.0  ,  0.0,     ,  0.0,     ,  0.0, 0.0,   0.0,       ,      ,      ,        ,        ,        ,        ,        ,        ,        ,        ,      
hendear01, 1982,     1, HAR , NHL , R  , 15.0,  2.0,   1.0,   3.0,  64.0, -2.0 ,  0.0,     ,  0.0,     ,  0.0, 0.0,   7.0,       ,      ,      ,        ,        ,        ,        ,        ,        ,        ,        ,      
hendeja01, 1998,     1, BOS , NHL , L  ,  4.0,  0.0,   0.0,   0.0,   2.0, -1.0 ,  0.0,  0.0,  0.0,  0.0,  0.0, 0.0,   4.0,       ,      ,      ,        ,        ,        ,        ,        ,        ,        ,        ,      
hendeja01, 1999,     1, BOS , NHL , L  , 16.0,  1.0,   3.0,   4.0,   9.0, 1.0  ,  0.0,  0.0,  0.0,  0.0,  0.0, 0.0,  18.0,       ,      ,      ,        ,        ,        ,        ,        ,        ,        ,        ,      
hendeja01, 2000,     1, BOS , NHL , L  , 13.0,  0.0,   0.0,   0.0,  26.0, -1.0 ,  0.0,  0.0,  0.0,  0.0,  0.0, 0.0,  12.0,       ,      ,      ,        ,        ,        ,        ,        ,        ,        ,        ,      
hendejo01, 1954,     1, BOS , NHL , G  , 45.0,  0.0,   0.0,   0.0,   0.0,      ,     ,     ,     ,     ,     ,    ,      ,    2.0,   0.0,   0.0,     0.0,     0.0,        ,        ,        ,        ,        ,        ,      
hendejo01, 1955,     1, BOS , NHL , G  ,  1.0,  0.0,   0.0,   0.0,   0.0,      ,     ,     ,     ,     ,     ,    ,      ,       ,      ,      ,        ,        ,        ,        ,        ,        ,        ,        ,      
hendema01, 1998,     1, NAS , NHL , R  ,  2.0,  0.0,   0.0,   0.0,   2.0, -1.0 ,  0.0,  0.0,  0.0,  0.0,  0.0, 0.0,   0.0,       ,      ,      ,        ,        ,        ,        ,        ,        ,        ,        ,      
hendema01, 2001,     1, CHI , NHL , R  ,  4.0,  0.0,   1.0,   1.0,   0.0, -1.0 ,  0.0,  0.0,  0.0,  0.0,  0.0, 0.0,   3.0,       ,      ,      ,        ,        ,        ,        ,        ,        ,        ,        ,      
hendemu01, 1944,     1, BOS , NHL , D  ,  5.0,  0.0,   1.0,   1.0,   4.0,      ,     ,     ,     ,     ,     ,    ,      ,    7.0,   0.0,   1.0,     1.0,     2.0,        ,        ,        ,        ,        ,        ,      
hendemu01, 1945,     1, BOS , NHL , D  , 48.0,  4.0,  11.0,  15.0,  30.0,      ,     ,     ,     ,     ,     ,    ,      ,   10.0,   1.0,   1.0,     2.0,     4.0,        ,        ,        ,        ,        ,        ,      
hendemu01, 1946,     1, BOS , NHL , D  , 57.0,  5.0,  12.0,  17.0,  63.0,      ,     ,     ,     ,     ,     ,    ,      ,    4.0,   0.0,   0.0,     0.0,     4.0,        ,        ,        ,        ,        ,        ,      
hendemu01, 1947,     1, BOS , NHL , D/R, 49.0,  6.0,   8.0,  14.0,  50.0,      ,     ,     ,     ,     ,     ,    ,      ,    3.0,   1.0,   0.0,     1.0,     5.0,        ,        ,        ,        ,        ,        ,      
hendemu01, 1948,     1, BOS , NHL , D  , 60.0,  2.0,   9.0,  11.0,  28.0,      ,     ,     ,     ,     ,     ,    ,      ,    5.0,   0.0,   1.0,     1.0,     2.0,        ,        ,        ,        ,        ,        ,      
hendemu01, 1949,     1, BOS , NHL , D  , 64.0,  3.0,   8.0,  11.0,  42.0,      ,     ,     ,     ,     ,     ,    ,      ,       ,      ,      ,        ,        ,        ,        ,        ,        ,        ,        ,      
hendemu01, 1950,     1, BOS , NHL , D  , 66.0,  4.0,   7.0,  11.0,  37.0,      ,     ,     ,     ,     ,     ,    ,      ,    5.0,   0.0,   0.0,     0.0,     2.0,        ,        ,        ,        ,        ,        ,      
hendemu01, 1951,     1, BOS , NHL , D  , 56.0,  0.0,   6.0,   6.0,  51.0,      ,     ,     ,     ,     ,     ,    ,      ,    7.0,   0.0,   0.0,     0.0,     4.0,        ,        ,        ,        ,        ,        ,      
hendepa01, 1962,     1, DET , NHL , R  ,  2.0,  0.0,   0.0,   0.0,   9.0,      ,     ,     ,     ,     ,     ,    ,      ,       ,      ,      ,        ,        ,        ,        ,        ,        ,        ,        ,      
hendepa01, 1963,     1, DET , NHL , L  , 32.0,  3.0,   3.0,   6.0,  14.0,      ,  0.0,     ,  0.0,     ,  0.0, 1.0,      ,   14.0,   2.0,   3.0,     5.0,     6.0,        ,        ,        ,        ,        ,     0.0,      
hendepa01, 1964,     1, DET , NHL , R  , 70.0,  8.0,  13.0,  21.0,  30.0,      ,  0.0,     ,  0.0,     ,  1.0, 0.0,      ,    7.0,   0.0,   2.0,     2.0,     0.0,        ,        ,        ,        ,        ,     0.0,      
hendepa01, 1965,     1, DET , NHL , L  , 69.0, 22.0,  24.0,  46.0,  34.0,      ,  5.0,     ,  0.0,     ,  9.0, 4.0,      ,   12.0,   3.0,   3.0,     6.0,    10.0,        ,        ,        ,        ,        ,     2.0,      
hendepa01, 1966,     1, DET , NHL , L  , 46.0, 21.0,  19.0,  40.0,  10.0,      ,  6.0,     ,  1.0,     ,  5.0, 0.0,      ,       ,      ,      ,        ,        ,        ,        ,        ,        ,        ,        ,      
hendepa01, 1967,     1, DET , NHL , L  , 50.0, 13.0,  20.0,  33.0,  35.0, 0.0  ,  4.0,     ,  0.0,     ,  2.0, 1.0, 134.0,       ,      ,      ,        ,        ,        ,        ,        ,        ,        ,        ,      
hendepa01, 1967,     2, TOR , NHL , L  , 13.0,  5.0,   6.0,  11.0,   8.0, 13.0 ,  0.0,     ,  0.0,     ,  1.0, 1.0,  38.0,       ,      ,      ,        ,        ,        ,        ,        ,        ,        ,        ,      
hendepa01, 1968,     1, TOR , NHL , L  , 74.0, 27.0,  32.0,  59.0,  16.0, 18.0 ,  4.0,     ,  0.0,     ,  5.0, 3.0, 223.0,    4.0,   0.0,   1.0,     1.0,     0.0,        ,     0.0,        ,     0.0,        ,     0.0,      
hendepa01, 1969,     1, TOR , NHL , L  , 67.0, 20.0,  22.0,  42.0,  18.0, 14.0 ,  5.0,     ,  0.0,     ,  4.0, 2.0, 213.0,       ,      ,      ,        ,        ,        ,        ,        ,        ,        ,        ,      
hendepa01, 1970,     1, TOR , NHL , L  , 72.0, 30.0,  30.0,  60.0,  34.0, 14.0 ,  8.0,     ,  0.0,     ,  2.0, 1.0, 213.0,    6.0,   5.0,   1.0,     6.0,     4.0,        ,     1.0,        ,     0.0,        ,     2.0,      
hendepa01, 1971,     1, TOR , NHL , L  , 73.0, 38.0,  19.0,  57.0,  32.0, 14.0 , 12.0,     ,  1.0,     ,  5.0, 5.0, 191.0,    5.0,   1.0,   2.0,     3.0,     6.0,        ,     0.0,        ,     0.0,        ,     0.0,      
hendepa01, 1972,     1, TOR , NHL , L  , 40.0, 18.0,  16.0,  34.0,  18.0, 2.0  ,  2.0,     ,  0.0,     ,  3.0, 0.0, 105.0,       ,      ,      ,        ,        ,        ,        ,        ,        ,        ,        ,      
hendepa01, 1973,     1, TOR , NHL , L  , 69.0, 24.0,  31.0,  55.0,  40.0, 9.0  ,  5.0,     ,  0.0,     ,  2.0, 0.0, 159.0,    4.0,   0.0,   2.0,     2.0,     2.0,        ,     0.0,        ,     0.0,        ,     0.0,      
hendepa01, 1974,     1, TOT , WHA , L  , 58.0, 30.0,  33.0,  63.0,  18.0, 18.0 ,  4.0,     ,  2.0,     ,     ,    , 146.0,       ,      ,      ,        ,        ,        ,        ,        ,        ,        ,        ,      
hendepa01, 1975,     1, TOT , WHA , L  , 65.0, 26.0,  29.0,  55.0,  22.0, -20.0,  8.0,     ,  1.0,     ,  3.0,    , 179.0,       ,      ,      ,        ,        ,        ,        ,        ,        ,        ,        ,      
hendepa01, 1976,     1, BIR , WHA , L  , 81.0, 23.0,  25.0,  48.0,  30.0, -9.0 ,  1.0,     ,  0.0,     ,     ,    , 176.0,       ,      ,      ,        ,        ,        ,        ,        ,        ,        ,        ,      
hendepa01, 1977,     1, BIR , WHA , L  , 80.0, 37.0,  29.0,  66.0,  22.0, 4.0  , 11.0,     ,  1.0,     ,     ,    , 212.0,    5.0,   1.0,   1.0,     2.0,     0.0, -4.0   ,        ,        ,        ,        ,     0.0,      
hendepa01, 1978,     1, BIR , WHA , L  , 76.0, 24.0,  27.0,  51.0,  20.0, -2.0 ,  6.0,     ,  1.0,     ,     ,    , 190.0,       ,      ,      ,        ,        ,        ,        ,        ,        ,        ,        ,      
hendepa01, 1979,     1, ATF , NHL , R  , 30.0,  7.0,   6.0,  13.0,   6.0, 5.0  ,  1.0,     ,  0.0,     ,  1.0, 0.0,  29.0,    4.0,   0.0,   0.0,     0.0,     0.0,        ,     0.0,        ,     0.0,        ,     0.0,      
hendrda01, 1993,     1, TOR , NHL , C  ,     ,     ,      ,      ,      ,      ,     ,     ,     ,     ,     ,    ,      ,    2.0,   0.0,   0.0,     0.0,     0.0, -1.0   ,     0.0,     0.0,     0.0,     0.0,     0.0,     1.0
hendrda01, 1994,     1, TOR , NHL , C  ,  8.0,  0.0,   1.0,   1.0,   4.0, 0.0  ,  0.0,  0.0,  0.0,  0.0,  0.0, 0.0,   4.0,       ,      ,      ,        ,        ,        ,        ,        ,        ,        ,        ,      
hendrda01, 1995,     1, TOR , NHL , L  , 46.0,  6.0,   6.0,  12.0,  47.0, -2.0 ,  0.0,  1.0,  0.0,  0.0,  0.0, 0.0,  43.0,       ,      ,      ,        ,        ,        ,        ,        ,        ,        ,        ,      
hendrda01, 1995,     2, NYI , NHL , L  , 16.0,  1.0,   4.0,   5.0,  33.0, -6.0 ,  0.0,  0.0,  0.0,  0.0,  1.0, 0.0,  30.0,       ,      ,      ,        ,        ,        ,        ,        ,        ,        ,        ,      
hendrda01, 1996,     1, TOR , NHL , C  , 64.0, 11.0,   6.0,  17.0,  47.0, -20.0,  0.0,  1.0,  1.0,  0.0,  0.0, 2.0, 105.0,       ,      ,      ,        ,        ,        ,        ,        ,        ,        ,        ,      
hendrda01, 1997,     1, TOR , NHL , C  , 80.0,  8.0,   4.0,  12.0,  67.0, -20.0,  0.0,  0.0,  0.0,  0.0,  0.0, 0.0, 115.0,       ,      ,      ,        ,        ,        ,        ,        ,        ,        ,        ,      
hendrda01, 1998,     1, TOR , NHL , C  , 35.0,  2.0,   3.0,   5.0,  30.0, -4.0 ,  0.0,  0.0,  0.0,  0.0,  0.0, 0.0,  34.0,       ,      ,      ,        ,        ,        ,        ,        ,        ,        ,        ,      
hendrda01, 1998,     2, VAN , NHL , C  , 27.0,  2.0,   2.0,   4.0,  22.0, -15.0,  1.0,  0.0,  0.0,  0.0,  0.0, 0.0,  36.0,       ,      ,      ,        ,        ,        ,        ,        ,        ,        ,        ,      
hendrda01, 1999,     1, VAN , NHL , C  , 40.0,  5.0,   4.0,   9.0,  14.0, -3.0 ,  0.0,  0.0,  1.0,  0.0,  1.0, 0.0,  39.0,       ,      ,      ,        ,        ,        ,        ,        ,        ,        ,        ,      
hendrda01, 2000,     1, MIN , NHL , L  , 72.0, 18.0,  11.0,  29.0,  36.0, 1.0  ,  3.0,  2.0,  1.0,  2.0,  1.0, 1.0, 114.0,       ,      ,      ,        ,        ,        ,        ,        ,        ,        ,        ,      
hendrda01, 2001,     1, MIN , NHL , C  , 68.0,  9.0,  15.0,  24.0,  50.0, -22.0,  2.0,  6.0,  2.0,  1.0,  1.0, 0.0,  79.0,       ,      ,      ,        ,        ,        ,        ,        ,        ,        ,        ,      
hendrda01, 2002,     1, MIN , NHL , C  , 28.0,  1.0,   5.0,   6.0,   8.0, -3.0 ,  0.0,  2.0,  0.0,  0.0,  0.0, 0.0,  34.0,   17.0,   2.0,   3.0,     5.0,     4.0, 1.0    ,     0.0,     1.0,     0.0,     1.0,     1.0,    22.0
hendrda01, 2003,     1, MIN , NHL , C  , 14.0,  1.0,   0.0,   1.0,   6.0, -7.0 ,  0.0,  0.0,  0.0,  0.0,  0.0, 0.0,  14.0,       ,      ,      ,        ,        ,        ,        ,        ,        ,        ,        ,      
hendrda01, 2003,     2, COL , NHL , C  , 20.0,  1.0,   3.0,   4.0,   6.0, -8.0 ,  0.0,  0.0,  0.0,  0.0,  0.0, 0.0,  21.0,    6.0,   1.0,   0.0,     1.0,     2.0, -1.0   ,     0.0,     0.0,     0.0,     0.0,     0.0,     5.0
hendrjo01, 1957,     1, DET , NHL , D  ,  1.0,  0.0,   0.0,   0.0,   0.0,      ,     ,     ,     ,     ,     ,    ,      ,       ,      ,      ,        ,        ,        ,        ,        ,        ,        ,        ,      
hendrjo01, 1958,     1, DET , NHL , D  ,  3.0,  0.0,   0.0,   0.0,   2.0,      ,     ,     ,     ,     ,     ,    ,      ,       ,      ,      ,        ,        ,        ,        ,        ,        ,        ,        ,      
hendrjo01, 1961,     1, DET , NHL , D  ,  1.0,  0.0,   0.0,   0.0,   2.0,      ,     ,     ,     ,     ,     ,    ,      ,       ,      ,      ,        ,        ,        ,        ,        ,        ,        ,        ,      
hendrjo02, 2007,     1, CHI , NHL , D  , 40.0,  1.0,   3.0,   4.0,  22.0, 0.0  ,  0.0,  0.0,  0.0,  0.0,  0.0,    ,  32.0,       ,      ,      ,        ,        ,        ,        ,        ,        ,        ,        ,      
hendrjo02, 2008,     1, CHI , NHL , D  ,  9.0,  0.0,   0.0,   0.0,   4.0, -1.0 ,  0.0,  0.0,  0.0,  0.0,  0.0,    ,   1.0,       ,      ,      ,        ,        ,        ,        ,        ,        ,        ,        ,      
hendrjo02, 2009,     1, CHI , NHL , D  , 43.0,  2.0,   6.0,   8.0,  10.0, 5.0  ,  0.0,  0.0,  0.0,  0.0,  1.0,    ,  42.0,   15.0,   0.0,   0.0,     0.0,     2.0, -4.0   ,     0.0,     0.0,     0.0,     0.0,     0.0,     8.0
hendrma01, 2008,     1, COL , NHL , C  ,  4.0,  0.0,   0.0,   0.0,  13.0, 1.0  ,  0.0,  0.0,  0.0,  0.0,  0.0,    ,   5.0,       ,      ,      ,        ,        ,        ,        ,        ,        ,        ,        ,      
hendrma01, 2009,     1, COL , NHL , C  , 56.0,  9.0,   7.0,  16.0,  74.0, 1.0  ,  0.0,  0.0,  1.0,  1.0,  1.0,    ,  63.0,    6.0,   0.0,   0.0,     0.0,     0.0, -2.0   ,     0.0,     0.0,     0.0,     0.0,     0.0,     5.0
hennejo01, 2006,     1, OTT , NHL , C  , 10.0,  1.0,   0.0,   1.0,   4.0, 0.0  ,  0.0,  0.0,  0.0,  0.0,  0.0,    ,   6.0,       ,      ,      ,        ,        ,        ,        ,        ,        ,        ,        ,      
hennejo01, 2007,     1, OTT , NHL , C  ,  5.0,  0.0,   0.0,   0.0,   0.0, -1.0 ,  0.0,  0.0,  0.0,  0.0,  0.0,    ,   2.0,       ,      ,      ,        ,        ,        ,        ,        ,        ,        ,        ,      
hennejo01, 2008,     1, OTT , NHL , C  ,  1.0,  0.0,   0.0,   0.0,   0.0, 0.0  ,  0.0,  0.0,  0.0,  0.0,  0.0,    ,   0.0,       ,      ,      ,        ,        ,        ,        ,        ,        ,        ,        ,      
hennejo01, 2009,     1, OTT , NHL , C  ,  4.0,  0.0,   0.0,   0.0,   0.0, -1.0 ,  0.0,  0.0,  0.0,  0.0,  0.0,    ,   2.0,       ,      ,      ,        ,        ,        ,        ,        ,        ,        ,        ,      
hennilo01, 1972,     1, NYI , NHL , C  , 63.0,  7.0,  19.0,  26.0,  14.0, -28.0,  0.0,     ,  0.0,     ,  0.0, 0.0, 101.0,       ,      ,      ,        ,        ,        ,        ,        ,        ,        ,        ,      
hennilo01, 1973,     1, NYI , NHL , C  , 60.0, 12.0,  15.0,  27.0,   6.0, -7.0 ,  2.0,     ,  0.0,     ,  1.0, 2.0,  96.0,       ,      ,      ,        ,        ,        ,        ,        ,        ,        ,        ,      
hennilo01, 1974,     1, NYI , NHL , C  , 61.0,  5.0,   6.0,  11.0,   6.0, 7.0  ,  0.0,     ,  4.0,     ,  0.0, 0.0,  45.0,   17.0,   0.0,   2.0,     2.0,     0.0,        ,     0.0,        ,     0.0,        ,     0.0,      
hennilo01, 1975,     1, NYI , NHL , C  , 80.0,  7.0,  10.0,  17.0,  16.0, 6.0  ,  0.0,     ,  4.0,     ,  0.0, 2.0,  84.0,   13.0,   2.0,   0.0,     2.0,     2.0,        ,     1.0,        ,     1.0,        ,     0.0,      
hennilo01, 1976,     1, NYI , NHL , C  , 80.0, 13.0,  18.0,  31.0,  10.0, 21.0 ,  0.0,     ,  6.0,     ,  2.0, 0.0, 103.0,   12.0,   0.0,   1.0,     1.0,     0.0,        ,     0.0,        ,     0.0,        ,     0.0,      
hennilo01, 1977,     1, NYI , NHL , C  , 79.0, 12.0,  15.0,  27.0,   6.0, 10.0 ,  0.0,     ,  2.0,     ,  4.0, 0.0,  79.0,    7.0,   0.0,   0.0,     0.0,     4.0,        ,     0.0,        ,     0.0,        ,     0.0,      
hennilo01, 1978,     1, NYI , NHL , C  , 73.0, 13.0,  20.0,  33.0,  14.0, 17.0 ,  0.0,     ,  2.0,     ,  2.0, 1.0,  70.0,   10.0,   2.0,   0.0,     2.0,     0.0,        ,     0.0,        ,     1.0,        ,     0.0,      
hennilo01, 1979,     1, NYI , NHL , C  , 39.0,  3.0,   6.0,   9.0,   6.0, -10.0,  0.0,     ,  0.0,     ,  0.0, 0.0,  45.0,   21.0,   3.0,   4.0,     7.0,     2.0,        ,     0.0,        ,     3.0,        ,     1.0,      
hennilo01, 1980,     1, NYI , NHL , C  ,  9.0,  1.0,   2.0,   3.0,  24.0, 4.0  ,  0.0,     ,  0.0,     ,  0.0, 0.0,  15.0,    1.0,   0.0,   0.0,     0.0,     0.0,        ,     0.0,        ,     0.0,        ,     0.0,      
henryal01, 2002,     1, EDM , NHL , D  ,  3.0,  0.0,   0.0,   0.0,   0.0, -1.0 ,  0.0,  0.0,  0.0,  0.0,  0.0, 0.0,   0.0,       ,      ,      ,        ,        ,        ,        ,        ,        ,        ,        ,      
henryal01, 2002,     2, WAS , NHL , D  , 38.0,  0.0,   0.0,   0.0,  80.0, -4.0 ,  0.0,  0.0,  0.0,  0.0,  0.0, 0.0,   8.0,       ,      ,      ,        ,        ,        ,        ,        ,        ,        ,        ,      
henryal01, 2003,     1, MIN , NHL , L  , 71.0,  2.0,   4.0,   6.0, 106.0, 4.0  ,  0.0,  0.0,  0.0,  0.0,  0.0, 0.0,  37.0,       ,      ,      ,        ,        ,        ,        ,        ,        ,        ,        ,      
henryal01, 2005,     1, MIN , NHL , D  , 63.0,  0.0,   5.0,   5.0,  73.0, -4.0 ,  0.0,  0.0,  0.0,  0.0,  0.0,    ,  41.0,       ,      ,      ,        ,        ,        ,        ,        ,        ,        ,        ,      
henryal01, 2008,     1, MTL , NHL , D  ,  2.0,  0.0,   0.0,   0.0,  10.0, -2.0 ,  0.0,  0.0,  0.0,  0.0,  0.0,    ,   0.0,       ,      ,      ,        ,        ,        ,        ,        ,        ,        ,        ,      
henrybu01, 2002,     1, CHI , NHL , D  , 16.0,  0.0,   2.0,   2.0,   9.0, -13.0,  0.0,  0.0,  0.0,  0.0,  0.0, 0.0,  25.0,       ,      ,      ,        ,        ,        ,        ,        ,        ,        ,        ,      
henrybu01, 2003,     1, CHI , NHL , D  , 23.0,  2.0,   4.0,   6.0,  24.0, 0.0  ,  0.0,  0.0,  0.0,  0.0,  0.0, 0.0,  31.0,       ,      ,      ,        ,        ,        ,        ,        ,        ,        ,        ,      
henryca01, 1953,     1, NYR , NHL , L  , 66.0, 24.0,  15.0,  39.0,  10.0,      ,     ,     ,     ,     ,     ,    ,      ,       ,      ,      ,        ,        ,        ,        ,        ,        ,        ,        ,      
henryca01, 1954,     1, NYR , NHL , C  , 21.0,  5.0,   2.0,   7.0,   4.0,      ,     ,     ,     ,     ,     ,    ,      ,       ,      ,      ,        ,        ,        ,        ,        ,        ,        ,        ,      
henryca01, 1956,     1, NYR , NHL , C  , 36.0, 14.0,  15.0,  29.0,   2.0,      ,     ,     ,     ,     ,     ,    ,      ,    5.0,   2.0,   3.0,     5.0,     0.0,        ,        ,        ,        ,        ,        ,      
henryca01, 1957,     1, NYR , NHL , L  , 70.0, 32.0,  24.0,  56.0,   2.0,      ,     ,     ,     ,     ,     ,    ,      ,    6.0,   1.0,   4.0,     5.0,     5.0,        ,        ,        ,        ,        ,        ,      
henryca01, 1958,     1, NYR , NHL , C  , 70.0, 23.0,  35.0,  58.0,   2.0,      ,     ,     ,     ,     ,     ,    ,      ,       ,      ,      ,        ,        ,        ,        ,        ,        ,        ,        ,      
henryca01, 1959,     1, NYR , NHL , L  , 49.0, 12.0,  15.0,  27.0,   6.0,      ,     ,     ,     ,     ,     ,    ,      ,       ,      ,      ,        ,        ,        ,        ,        ,        ,        ,        ,      
henryca01, 1960,     1, NYR , NHL , C  , 53.0, 28.0,  25.0,  53.0,   8.0,      ,     ,     ,     ,     ,     ,    ,      ,       ,      ,      ,        ,        ,        ,        ,        ,        ,        ,        ,      
henryca01, 1961,     1, NYR , NHL , C  , 60.0, 23.0,  15.0,  38.0,   8.0,      ,     ,     ,     ,     ,     ,    ,      ,    5.0,   0.0,   0.0,     0.0,     0.0,        ,        ,        ,        ,        ,     0.0,      
henryca01, 1962,     1, NYR , NHL , C  , 60.0, 37.0,  23.0,  60.0,   8.0,      ,     ,     ,     ,     ,     ,    ,      ,       ,      ,      ,        ,        ,        ,        ,        ,        ,        ,        ,      
henryca01, 1963,     1, NYR , NHL , L  , 68.0, 29.0,  26.0,  55.0,   8.0,      ,  9.0,     ,  0.0,     ,  3.0, 4.0,      ,       ,      ,      ,        ,        ,        ,        ,        ,        ,        ,        ,      
henryca01, 1964,     1, NYR , NHL , L  , 48.0, 21.0,  15.0,  36.0,  20.0,      , 13.0,     ,  0.0,     ,  5.0, 0.0,      ,       ,      ,      ,        ,        ,        ,        ,        ,        ,        ,        ,      
henryca01, 1964,     2, CHI , NHL , L  , 22.0,  5.0,   3.0,   8.0,   2.0,      ,  3.0,     ,  0.0,     ,  0.0, 0.0,      ,   14.0,   1.0,   0.0,     1.0,     2.0,        ,        ,        ,        ,        ,     0.0,      
henryca01, 1967,     1, NYR , NHL , C  , 36.0,  8.0,  12.0,  20.0,   0.0, 8.0  ,  1.0,     ,  0.0,     ,  0.0, 1.0,  39.0,    6.0,   0.0,   0.0,     0.0,     0.0,        ,     0.0,        ,     0.0,        ,     0.0,      
henryca01, 1968,     1, STL , NHL , C  , 64.0, 17.0,  22.0,  39.0,   8.0, 14.0 ,  7.0,     ,  0.0,     ,  1.0, 1.0,  94.0,   11.0,   2.0,   5.0,     7.0,     0.0,        ,     1.0,        ,     0.0,        ,     0.0,      
henryca01, 1969,     1, STL , NHL , C  ,  4.0,  1.0,   2.0,   3.0,   0.0, -2.0 ,  1.0,     ,  0.0,     ,  0.0, 0.0,   5.0,       ,      ,      ,        ,        ,        ,        ,        ,        ,        ,        ,      
henryda01, 1984,     1, NYI , NHL , L  , 16.0,  2.0,   1.0,   3.0,  19.0, 1.0  ,  0.0,     ,  0.0,     ,  1.0, 0.0,   9.0,       ,      ,      ,        ,        ,        ,        ,        ,        ,        ,        ,      
henryda01, 1985,     1, NYI , NHL , L  ,  7.0,  1.0,   3.0,   4.0,  15.0, 0.0  ,  0.0,     ,  0.0,     ,  0.0, 0.0,   5.0,       ,      ,      ,        ,        ,        ,        ,        ,        ,        ,        ,      
henryda01, 1986,     1, NYI , NHL , L  , 19.0,  3.0,   3.0,   6.0,  46.0, 2.0  ,  0.0,     ,  0.0,     ,  0.0, 0.0,  14.0,    8.0,   0.0,   0.0,     0.0,     2.0, -5.0   ,     0.0,        ,     0.0,        ,     0.0,     6.0
henryda01, 1987,     1, NYI , NHL , L  , 48.0,  5.0,  15.0,  20.0, 115.0, 8.0  ,  0.0,  3.0,  0.0,  0.0,  0.0, 1.0,  53.0,    6.0,   1.0,   0.0,     1.0,    17.0, 0.0    ,     0.0,     0.0,     1.0,     0.0,     0.0,     8.0
henryda01, 1988,     1, NYI , NHL , L  , 22.0,  2.0,   2.0,   4.0,  66.0, -4.0 ,  0.0,  0.0,  0.0,  0.0,  0.0, 0.0,  20.0,       ,      ,      ,        ,        ,        ,        ,        ,        ,        ,        ,      
henryda01, 1989,     1, NYI , NHL , L  , 20.0,  0.0,   2.0,   2.0,   2.0, -4.0 ,  0.0,  0.0,  0.0,  0.0,  0.0, 0.0,   6.0,       ,      ,      ,        ,        ,        ,        ,        ,        ,        ,        ,      
henrygo01, 1948,     1, BOS , NHL , G  ,  1.0,  0.0,   0.0,   0.0,   0.0,      ,     ,     ,     ,     ,     ,    ,      ,       ,      ,      ,        ,        ,        ,        ,        ,        ,        ,        ,      
henrygo01, 1949,     1, BOS , NHL , G  ,  2.0,  0.0,   0.0,   0.0,   0.0,      ,     ,     ,     ,     ,     ,    ,      ,       ,      ,      ,        ,        ,        ,        ,        ,        ,        ,        ,      
henrygo01, 1950,     1, BOS , NHL , G  ,     ,     ,      ,      ,      ,      ,     ,     ,     ,     ,     ,    ,      ,    2.0,   0.0,   0.0,     0.0,     0.0,        ,        ,        ,        ,        ,        ,      
henrygo01, 1952,     1, BOS , NHL , G  ,     ,     ,      ,      ,      ,      ,     ,     ,     ,     ,     ,    ,      ,    3.0,   0.0,   0.0,     0.0,     0.0,        ,        ,        ,        ,        ,        ,      
henryji01, 1941,     1, NYR , NHL , G  , 48.0,  0.0,   0.0,   0.0,   0.0,      ,     ,     ,     ,     ,     ,    ,      ,    6.0,   0.0,   0.0,     0.0,     0.0,        ,        ,        ,        ,        ,        ,      
henryji01, 1945,     1, NYR , NHL , G  , 11.0,  0.0,   0.0,   0.0,   0.0,      ,     ,     ,     ,     ,     ,    ,      ,       ,      ,      ,        ,        ,        ,        ,        ,        ,        ,        ,      
henryji01, 1946,     1, NYR , NHL , G  ,  2.0,  0.0,   0.0,   0.0,   0.0,      ,     ,     ,     ,     ,     ,    ,      ,       ,      ,      ,        ,        ,        ,        ,        ,        ,        ,        ,      
henryji01, 1947,     1, NYR , NHL , G  , 48.0,  0.0,   0.0,   0.0,   0.0,      ,     ,     ,     ,     ,     ,    ,      ,       ,      ,      ,        ,        ,        ,        ,        ,        ,        ,        ,      
henryji01, 1948,     1, CHI , NHL , G  , 60.0,  0.0,   0.0,   0.0,   0.0,      ,     ,     ,     ,     ,     ,    ,      ,       ,      ,      ,        ,        ,        ,        ,        ,        ,        ,        ,      
henryji01, 1951,     1, BOS , NHL , G  , 70.0,  0.0,   0.0,   0.0,   0.0,      ,     ,     ,     ,     ,     ,    ,      ,    7.0,   0.0,   0.0,     0.0,     0.0,        ,        ,        ,        ,        ,        ,      
henryji01, 1952,     1, BOS , NHL , G  , 70.0,  0.0,   0.0,   0.0,   0.0,      ,     ,     ,     ,     ,     ,    ,      ,    9.0,   0.0,   0.0,     0.0,     0.0,        ,        ,        ,        ,        ,        ,      
henryji01, 1953,     1, BOS , NHL , G  , 70.0,  0.0,   0.0,   0.0,   0.0,      ,     ,     ,     ,     ,     ,    ,      ,    4.0,   0.0,   0.0,     0.0,     0.0,        ,        ,        ,        ,        ,        ,      
henryji01, 1954,     1, BOS , NHL , G  , 27.0,  0.0,   0.0,   0.0,   0.0,      ,     ,     ,     ,     ,     ,    ,      ,    3.0,   0.0,   0.0,     0.0,     0.0,        ,        ,        ,        ,        ,        ,      
henrypi01, 1972,     1, PHB , WHA , L  , 19.0,  2.0,   3.0,   5.0,  13.0,      ,  0.0,     ,  0.0,     ,     ,    ,      ,       ,      ,      ,        ,        ,        ,        ,        ,        ,        ,        ,      
hensitj01, 2007,     1, COL , NHL , C  , 31.0,  6.0,   5.0,  11.0,   2.0, -4.0 ,  4.0,  2.0,  0.0,  0.0,  1.0,    ,  52.0,    2.0,   0.0,   1.0,     1.0,     0.0, 1.0    ,     0.0,     0.0,     0.0,     0.0,     0.0,     4.0
hensitj01, 2008,     1, COL , NHL , C  , 61.0,  4.0,  17.0,  21.0,  14.0, -7.0 ,  1.0,  5.0,  0.0,  0.0,  0.0,    , 116.0,       ,      ,      ,        ,        ,        ,        ,        ,        ,        ,        ,      
hensitj01, 2009,     1, COL , NHL , C  ,  7.0,  1.0,   2.0,   3.0,   0.0, 0.0  ,  0.0,  1.0,  0.0,  0.0,  0.0,    ,  13.0,       ,      ,      ,        ,        ,        ,        ,        ,        ,        ,        ,      
hentuju01, 2001,     1, CAL , NHL , L  , 28.0,  2.0,   3.0,   5.0,   4.0, -9.0 ,  1.0,  0.0,  0.0,  0.0,  0.0, 0.0,  38.0,       ,      ,      ,        ,        ,        ,        ,        ,        ,        ,        ,      
hentuju01, 2001,     2, NAS , NHL , L  , 10.0,  2.0,   2.0,   4.0,   0.0, 0.0  ,  0.0,  0.0,  0.0,  0.0,  1.0, 0.0,  12.0,       ,      ,      ,        ,        ,        ,        ,        ,        ,        ,        ,      
hepplal01, 1983,     1, NJD , NHL , D  ,  1.0,  0.0,   0.0,   0.0,   7.0, -1.0 ,  0.0,     ,  0.0,     ,  0.0, 0.0,   0.0,       ,      ,      ,        ,        ,        ,        ,        ,        ,        ,        ,      
hepplal01, 1984,     1, NJD , NHL , D  ,  1.0,  0.0,   0.0,   0.0,   0.0, -2.0 ,  0.0,     ,  0.0,     ,  0.0, 0.0,   2.0,       ,      ,      ,        ,        ,        ,        ,        ,        ,        ,        ,      
hepplal01, 1985,     1, NJD , NHL , D  ,  1.0,  0.0,   0.0,   0.0,   0.0, 0.0  ,  0.0,     ,  0.0,     ,  0.0, 0.0,   0.0,       ,      ,      ,        ,        ,        ,        ,        ,        ,        ,        ,      
herbeia01, 1993,     1, EDM , NHL , D  , 22.0,  0.0,   2.0,   2.0,  32.0, -6.0 ,  0.0,  0.0,  0.0,  0.0,  0.0, 0.0,  16.0,       ,      ,      ,        ,        ,        ,        ,        ,        ,        ,        ,      
herbeia01, 1999,     1, TBL , NHL , D  , 37.0,  0.0,   0.0,   0.0,  45.0, -12.0,  0.0,  0.0,  0.0,  0.0,  0.0, 0.0,  11.0,       ,      ,      ,        ,        ,        ,        ,        ,        ,        ,        ,      
herbeia01, 1999,     2, NYI , NHL , D  ,  6.0,  0.0,   3.0,   3.0,   2.0, 6.0  ,  0.0,  0.0,  0.0,  0.0,  0.0, 0.0,   3.0,       ,      ,      ,        ,        ,        ,        ,        ,        ,        ,        ,      
herbeji01, 1924,     1, BOS , NHL , C  , 30.0, 17.0,   7.0,  24.0,  55.0,      ,     ,     ,     ,     ,     ,    ,      ,       ,      ,      ,        ,        ,        ,        ,        ,        ,        ,        ,      
herbeji01, 1925,     1, BOS , NHL , C  , 36.0, 26.0,   5.0,  31.0,  47.0,      ,     ,     ,     ,     ,     ,    ,      ,       ,      ,      ,        ,        ,        ,        ,        ,        ,        ,        ,      
herbeji01, 1926,     1, BOS , NHL , C  , 34.0, 15.0,   7.0,  22.0,  51.0,      ,     ,     ,     ,     ,     ,    ,      ,    8.0,   3.0,   0.0,     3.0,     8.0,        ,        ,        ,        ,        ,        ,      
herbeji01, 1927,     1, BOS , NHL , C  , 12.0,  5.0,   0.0,   5.0,  22.0,      ,     ,     ,     ,     ,     ,    ,      ,       ,      ,      ,        ,        ,        ,        ,        ,        ,        ,        ,      
herbeji01, 1927,     2, TOR , NHL , C  , 31.0, 10.0,   4.0,  14.0,  40.0,      ,     ,     ,     ,     ,     ,    ,      ,       ,      ,      ,        ,        ,        ,        ,        ,        ,        ,        ,      
herbeji01, 1928,     1, DTC , NHL , C  , 40.0,  9.0,   5.0,  14.0,  34.0,      ,     ,     ,     ,     ,     ,    ,      ,    1.0,   0.0,   0.0,     0.0,     2.0,        ,        ,        ,        ,        ,        ,      
herbeji01, 1929,     1, DTC , NHL , C  , 23.0,  1.0,   3.0,   4.0,   4.0,      ,     ,     ,     ,     ,     ,    ,      ,       ,      ,      ,        ,        ,        ,        ,        ,        ,        ,        ,      
herchar01, 1940,     1, DET , NHL , L  , 10.0,  1.0,   2.0,   3.0,   2.0,      ,     ,     ,     ,     ,     ,    ,      ,       ,      ,      ,        ,        ,        ,        ,        ,        ,        ,        ,      
hergefr01, 1934,     1, NYA , NHL , C  , 19.0,  2.0,   4.0,   6.0,   2.0,      ,     ,     ,     ,     ,     ,    ,      ,       ,      ,      ,        ,        ,        ,        ,        ,        ,        ,        ,      
hergefr01, 1935,     1, NYA , NHL , C  ,  1.0,  0.0,   0.0,   0.0,   0.0,      ,     ,     ,     ,     ,     ,    ,      ,       ,      ,      ,        ,        ,        ,        ,        ,        ,        ,        ,      
hergeph01, 1939,     1, CHI , NHL , R  , 42.0,  9.0,  11.0,  20.0,   6.0,      ,     ,     ,     ,     ,     ,    ,      ,    1.0,   0.0,   0.0,     0.0,     0.0,        ,        ,        ,        ,        ,        ,      
hergeph01, 1940,     1, CHI , NHL , R  , 48.0,  8.0,  16.0,  24.0,   9.0,      ,     ,     ,     ,     ,     ,    ,      ,    5.0,   0.0,   0.0,     0.0,     2.0,        ,        ,        ,        ,        ,        ,      
hergeph01, 1941,     1, CHI , NHL , R  , 23.0,  3.0,  11.0,  14.0,   2.0,      ,     ,     ,     ,     ,     ,    ,      ,       ,      ,      ,        ,        ,        ,        ,        ,        ,        ,        ,      
hergeph01, 1941,     2, BOS , NHL , R  ,  3.0,  0.0,   0.0,   0.0,   2.0,      ,     ,     ,     ,     ,     ,    ,      ,       ,      ,      ,        ,        ,        ,        ,        ,        ,        ,        ,      
hergeph01, 1942,     1, CHI , NHL , R  ,  9.0,  1.0,   3.0,   4.0,   0.0,      ,     ,     ,     ,     ,     ,    ,      ,       ,      ,      ,        ,        ,        ,        ,        ,        ,        ,        ,      
hergewa01, 1951,     1, NYR , NHL , R  , 68.0, 26.0,  12.0,  38.0,   6.0,      ,     ,     ,     ,     ,     ,    ,      ,       ,      ,      ,        ,        ,        ,        ,        ,        ,        ,        ,      
hergewa01, 1952,     1, NYR , NHL , R  , 70.0, 30.0,  29.0,  59.0,  10.0,      ,     ,     ,     ,     ,     ,    ,      ,       ,      ,      ,        ,        ,        ,        ,        ,        ,        ,        ,      
hergewa01, 1953,     1, NYR , NHL , R  , 66.0, 27.0,  16.0,  43.0,  42.0,      ,     ,     ,     ,     ,     ,    ,      ,       ,      ,      ,        ,        ,        ,        ,        ,        ,        ,        ,      
hergewa01, 1954,     1, NYR , NHL , R  , 14.0,  4.0,   2.0,   6.0,   4.0,      ,     ,     ,     ,     ,     ,    ,      ,       ,      ,      ,        ,        ,        ,        ,        ,        ,        ,        ,      
hergewa01, 1955,     1, NYR , NHL , R  , 70.0, 22.0,  18.0,  40.0,  26.0,      ,     ,     ,     ,     ,     ,    ,      ,    5.0,   1.0,   0.0,     1.0,     0.0,        ,        ,        ,        ,        ,        ,      
hergewa01, 1956,     1, CHI , NHL , R  , 41.0,  2.0,   8.0,  10.0,  12.0,      ,     ,     ,     ,     ,     ,    ,      ,       ,      ,      ,        ,        ,        ,        ,        ,        ,        ,        ,      
hergewa01, 1958,     1, NYR , NHL , R  , 22.0,  3.0,   0.0,   3.0,   6.0,      ,     ,     ,     ,     ,     ,    ,      ,       ,      ,      ,        ,        ,        ,        ,        ,        ,        ,        ,      
hernri01 , 1909,     1, MOW , NHA ,    , 12.0,  0.0,   0.0,   0.0,   0.0,      ,     ,     ,     ,     ,     ,    ,      ,       ,      ,      ,        ,        ,        ,        ,        ,        ,        ,        ,      
hernri01 , 1910,     1, MOW , NHA ,    , 16.0,  0.0,   0.0,   0.0,   2.0,      ,     ,     ,     ,     ,     ,    ,      ,       ,      ,      ,        ,        ,        ,        ,        ,        ,        ,        ,      
heronre01, 1938,     1, TOR , NHL , L  ,  6.0,  0.0,   0.0,   0.0,   0.0,      ,     ,     ,     ,     ,     ,    ,      ,    2.0,   0.0,   0.0,     0.0,     4.0,        ,        ,        ,        ,        ,        ,      
heronre01, 1939,     1, TOR , NHL , L  , 42.0, 11.0,  12.0,  23.0,  12.0,      ,     ,     ,     ,     ,     ,    ,      ,    9.0,   2.0,   0.0,     2.0,     2.0,        ,        ,        ,        ,        ,        ,      
heronre01, 1940,     1, TOR , NHL , L  , 35.0,  9.0,   5.0,  14.0,  12.0,      ,     ,     ,     ,     ,     ,    ,      ,    7.0,   0.0,   2.0,     2.0,     0.0,        ,        ,        ,        ,        ,        ,      
heronre01, 1941,     1, BKN , NHL , L  , 11.0,  0.0,   1.0,   1.0,   2.0,      ,     ,     ,     ,     ,     ,    ,      ,       ,      ,      ,        ,        ,        ,        ,        ,        ,        ,        ,      
heronre01, 1941,     2, MTL , NHL , L  , 12.0,  1.0,   1.0,   2.0,  12.0,      ,     ,     ,     ,     ,     ,    ,      ,    3.0,   0.0,   0.0,     0.0,     0.0,        ,        ,        ,        ,        ,        ,      
herouyv01, 1986,     1, QUE , NHL , R  ,  1.0,  0.0,   0.0,   0.0,   0.0, 0.0  ,  0.0,     ,  0.0,     ,  0.0, 0.0,   0.0,       ,      ,      ,        ,        ,        ,        ,        ,        ,        ,        ,      
herpech01, 1999,     1, CHI , NHL , C  ,  9.0,  0.0,   0.0,   0.0,   5.0, -2.0 ,  0.0,  0.0,  0.0,  0.0,  0.0, 0.0,   2.0,       ,      ,      ,        ,        ,        ,        ,        ,        ,        ,        ,      
herpech01, 2000,     1, CHI , NHL , L  , 61.0, 10.0,  15.0,  25.0,  20.0, 0.0  ,  0.0,  1.0,  1.0,  2.0,  3.0, 0.0,  76.0,       ,      ,      ,        ,        ,        ,        ,        ,        ,        ,        ,      
herpech01, 2001,     1, OTT , NHL , C  , 72.0,  4.0,   9.0,  13.0,  43.0, 4.0  ,  0.0,  0.0,  0.0,  0.0,  0.0, 0.0,  81.0,       ,      ,      ,        ,        ,        ,        ,        ,        ,        ,        ,      
herpech01, 2002,     1, ATL , NHL , C  , 27.0,  4.0,   1.0,   5.0,   7.0, -11.0,  0.0,  0.0,  0.0,  0.0,  0.0, 0.0,  26.0,       ,      ,      ,        ,        ,        ,        ,        ,        ,        ,        ,      
herrido01, 1972,     1, PHB , WHA , L  , 78.0, 24.0,  48.0,  72.0,  63.0,      ,  9.0,     ,  0.0,     ,  4.0,    ,      ,    4.0,   1.0,   0.0,     1.0,    14.0,        ,     1.0,        ,     0.0,        ,     0.0,      
herrido01, 1973,     1, NYJ , WHA , L  , 44.0, 11.0,  21.0,  32.0,  59.0,      ,  2.0,     ,  0.0,     ,  1.0,    ,      ,       ,      ,      ,        ,        ,        ,        ,        ,        ,        ,        ,      
herrido01, 1974,     1, EDO , WHA , L  , 33.0,  1.0,   2.0,   3.0,  21.0, -6.0 ,  0.0,     ,  0.0,     ,     ,    ,  24.0,       ,      ,      ,        ,        ,        ,        ,        ,        ,        ,        ,      
herrma01 , 1998,     1, WAS , NHL , C  , 30.0,  2.0,   2.0,   4.0,   8.0, -7.0 ,  1.0,  1.0,  0.0,  0.0,  0.0, 0.0,  40.0,       ,      ,      ,        ,        ,        ,        ,        ,        ,        ,        ,      
herrma01 , 2000,     1, WAS , NHL , C  , 22.0,  2.0,   3.0,   5.0,  17.0, 3.0  ,  0.0,  0.0,  0.0,  0.0,  1.0, 0.0,  20.0,       ,      ,      ,        ,        ,        ,        ,        ,        ,        ,        ,      
herrma01 , 2001,     1, FLO , NHL , C  ,  3.0,  0.0,   0.0,   0.0,   0.0, -2.0 ,  0.0,  0.0,  0.0,  0.0,  0.0, 0.0,   1.0,       ,      ,      ,        ,        ,        ,        ,        ,        ,        ,        ,      
herrma01 , 2002,     1, BOS , NHL , C  ,  3.0,  0.0,   0.0,   0.0,   0.0, 0.0  ,  0.0,  0.0,  0.0,  0.0,  0.0, 0.0,   1.0,       ,      ,      ,        ,        ,        ,        ,        ,        ,        ,        ,      
herrode01, 1972,     1, PIT , NHL , G  , 18.0,  0.0,   1.0,   1.0,   0.0, 0.0  ,  0.0,     ,  0.0,     ,  0.0, 0.0,   0.0,       ,      ,      ,        ,        ,        ,        ,        ,        ,        ,        ,      
herrode01, 1973,     1, PIT , NHL , G  ,  5.0,  0.0,   0.0,   0.0,   0.0, 0.0  ,  0.0,     ,  0.0,     ,  0.0, 0.0,   0.0,       ,      ,      ,        ,        ,        ,        ,        ,        ,        ,        ,      
herrode01, 1974,     1, PIT , NHL , G  ,  3.0,  0.0,   0.0,   0.0,   0.0, 0.0  ,  0.0,     ,  0.0,     ,  0.0, 0.0,   0.0,       ,      ,      ,        ,        ,        ,        ,        ,        ,        ,        ,      
herrode01, 1974,     2, KCS , NHL , G  , 22.0,  0.0,   1.0,   1.0,   2.0, 0.0  ,  0.0,     ,  0.0,     ,  0.0, 0.0,   0.0,       ,      ,      ,        ,        ,        ,        ,        ,        ,        ,        ,      
herrode01, 1975,     1, KCS , NHL , G  , 64.0,  0.0,   0.0,   0.0,  16.0, 0.0  ,  0.0,     ,  0.0,     ,  0.0, 0.0,   0.0,       ,      ,      ,        ,        ,        ,        ,        ,        ,        ,        ,      
herrode01, 1976,     1, PIT , NHL , G  , 34.0,  0.0,   1.0,   1.0,   4.0, 0.0  ,  0.0,     ,  0.0,     ,  0.0, 0.0,   0.0,    3.0,   0.0,   0.0,     0.0,     5.0,        ,     0.0,        ,     0.0,        ,     0.0,      
herrode01, 1977,     1, PIT , NHL , G  , 60.0,  0.0,   1.0,   1.0,   6.0, 0.0  ,  0.0,     ,  0.0,     ,  0.0, 0.0,   0.0,       ,      ,      ,        ,        ,        ,        ,        ,        ,        ,        ,      
herrode01, 1978,     1, PIT , NHL , G  , 56.0,  0.0,   2.0,   2.0,  18.0, 0.0  ,  0.0,     ,  0.0,     ,  0.0, 0.0,   0.0,    7.0,   0.0,   0.0,     0.0,     0.0,        ,     0.0,        ,     0.0,        ,     0.0,      
herrode01, 1979,     1, MTL , NHL , G  , 34.0,  0.0,   0.0,   0.0,   0.0, 0.0  ,  0.0,     ,  0.0,     ,  0.0, 0.0,   0.0,    5.0,   0.0,   0.0,     0.0,     0.0,        ,     0.0,        ,     0.0,        ,     0.0,      
herrode01, 1980,     1, MTL , NHL , G  , 25.0,  0.0,   2.0,   2.0,   0.0, 0.0  ,  0.0,     ,  0.0,     ,  0.0, 0.0,   0.0,       ,      ,      ,        ,        ,        ,        ,        ,        ,        ,        ,      
herrode01, 1981,     1, MTL , NHL , G  , 27.0,  0.0,   0.0,   0.0,   4.0, 0.0  ,  0.0,     ,  0.0,     ,  0.0, 0.0,   0.0,       ,      ,      ,        ,        ,        ,        ,        ,        ,        ,        ,      
herrode01, 1982,     1, PIT , NHL , G  , 31.0,  0.0,   1.0,   1.0,  14.0, 0.0  ,  0.0,     ,  0.0,     ,  0.0, 0.0,   0.0,       ,      ,      ,        ,        ,        ,        ,        ,        ,        ,        ,      
herrode01, 1983,     1, PIT , NHL , G  , 38.0,  0.0,   0.0,   0.0,  21.0, 0.0  ,  0.0,     ,  0.0,     ,  0.0, 0.0,   0.0,       ,      ,      ,        ,        ,        ,        ,        ,        ,        ,        ,      
herrode01, 1984,     1, PIT , NHL , G  , 42.0,  0.0,   0.0,   0.0,   4.0, 0.0  ,  0.0,     ,  0.0,     ,  0.0, 0.0,   0.0,       ,      ,      ,        ,        ,        ,        ,        ,        ,        ,        ,      
herrode01, 1985,     1, PIT , NHL , G  ,  3.0,  0.0,   0.0,   0.0,   0.0, 0.0  ,  0.0,     ,  0.0,     ,  0.0, 0.0,   0.0,       ,      ,      ,        ,        ,        ,        ,        ,        ,        ,        ,      
herteja01, 1995,     1, NYI , NHL , D  ,  1.0,  0.0,   1.0,   1.0,   0.0, 1.0  ,  0.0,  1.0,  0.0,  0.0,  0.0, 0.0,   1.0,       ,      ,      ,        ,        ,        ,        ,        ,        ,        ,        ,      
hervema01, 1988,     1, WIN , NHL , D  ,  2.0,  0.0,   0.0,   0.0,   4.0, 2.0  ,  0.0,  0.0,  0.0,  0.0,  0.0, 0.0,   1.0,       ,      ,      ,        ,        ,        ,        ,        ,        ,        ,        ,      
hervema01, 1991,     1, BOS , NHL , D  , 16.0,  0.0,   1.0,   1.0,  55.0, -5.0 ,  0.0,  0.0,  0.0,  0.0,  0.0, 0.0,   8.0,    5.0,   0.0,   0.0,     0.0,     6.0, -1.0   ,     0.0,     0.0,     0.0,     0.0,     0.0,     4.0
hervema01, 1992,     1, TBL , NHL , D  , 17.0,  0.0,   4.0,   4.0,  38.0, -6.0 ,  0.0,  1.0,  0.0,  0.0,  0.0, 0.0,  18.0,       ,      ,      ,        ,        ,        ,        ,        ,        ,        ,        ,      
heshksh01, 2009,     1, PHO , NHL , D  ,  8.0,  0.0,   2.0,   2.0,   4.0, 0.0  ,  0.0,  0.0,  0.0,  0.0,  0.0,    ,   3.0,       ,      ,      ,        ,        ,        ,        ,        ,        ,        ,        ,      
hessbo01 , 1974,     1, STL , NHL , D  , 76.0,  9.0,  30.0,  39.0,  58.0, 7.0  ,  4.0,     ,  0.0,     ,  1.0, 0.0, 110.0,    1.0,   0.0,   0.0,     0.0,     2.0,        ,     0.0,        ,     0.0,        ,     0.0,      
hessbo01 , 1975,     1, STL , NHL , D  , 78.0,  9.0,  23.0,  32.0,  58.0, 3.0  ,  2.0,     ,  2.0,     ,  2.0, 0.0, 117.0,    1.0,   0.0,   1.0,     1.0,     0.0,        ,     0.0,        ,     0.0,        ,     0.0,      
hessbo01 , 1976,     1, STL , NHL , D  , 53.0,  4.0,  18.0,  22.0,  14.0, -2.0 ,  1.0,     ,  0.0,     ,  0.0, 0.0,  88.0,    1.0,   0.0,   0.0,     0.0,     0.0,        ,     0.0,        ,     0.0,        ,     0.0,      
hessbo01 , 1977,     1, STL , NHL , D  , 55.0,  2.0,  12.0,  14.0,  16.0, 0.0  ,  0.0,     ,  0.0,     ,  0.0, 0.0, 101.0,       ,      ,      ,        ,        ,        ,        ,        ,        ,        ,        ,      
hessbo01 , 1978,     1, STL , NHL , D  , 27.0,  3.0,   4.0,   7.0,  14.0, -20.0,  0.0,     ,  0.0,     ,  0.0, 1.0,  42.0,       ,      ,      ,        ,        ,        ,        ,        ,        ,        ,        ,      
hessbo01 , 1980,     1, STL , NHL , D  ,  4.0,  0.0,   0.0,   0.0,   4.0, -3.0 ,  0.0,     ,  0.0,     ,  0.0, 0.0,   3.0,       ,      ,      ,        ,        ,        ,        ,        ,        ,        ,        ,      
hessbo01 , 1980,     2, BUF , NHL , D  ,     ,     ,      ,      ,      ,      ,     ,     ,     ,     ,     ,    ,      ,    1.0,   1.0,   0.0,     1.0,     0.0,        ,     0.0,        ,     0.0,        ,     0.0,      
hessbo01 , 1981,     1, BUF , NHL , D  , 33.0,  0.0,   8.0,   8.0,  14.0, 6.0  ,  0.0,     ,  0.0,     ,  0.0, 0.0,  33.0,       ,      ,      ,        ,        ,        ,        ,        ,        ,        ,        ,      
hessbo01 , 1983,     1, HAR , NHL , D  ,  3.0,  0.0,   0.0,   0.0,   0.0, 1.0  ,  0.0,     ,  0.0,     ,  0.0, 0.0,   3.0,       ,      ,      ,        ,        ,        ,        ,        ,        ,        ,        ,      
hewarja01, 1995,     1, TOR , NHL , D  ,  5.0,  0.0,   0.0,   0.0,   0.0, -1.0 ,  0.0,  0.0,  0.0,  0.0,  0.0, 0.0,   8.0,       ,      ,      ,        ,        ,        ,        ,        ,        ,        ,        ,      
hewarja01, 1996,     1, TOR , NHL , R  , 20.0,  1.0,   4.0,   5.0,   6.0, -6.0 ,  0.0,  2.0,  0.0,  0.0,  0.0, 0.0,  23.0,       ,      ,      ,        ,        ,        ,        ,        ,        ,        ,        ,      
hewarja01, 1998,     1, NAS , NHL , D  , 63.0,  6.0,  12.0,  18.0,  44.0, -24.0,  4.0,  7.0,  0.0,  0.0,  1.0, 0.0, 124.0,       ,      ,      ,        ,        ,        ,        ,        ,        ,        ,        ,      
hewarja01, 1999,     1, NYI , NHL , D  , 54.0,  6.0,  11.0,  17.0,  26.0, -9.0 ,  2.0,  5.0,  0.0,  0.0,  1.0, 0.0,  92.0,       ,      ,      ,        ,        ,        ,        ,        ,        ,        ,        ,      
hewarja01, 2000,     1, CBS , NHL , D  , 69.0, 11.0,  16.0,  27.0,  33.0, 3.0  ,  9.0,  9.0,  0.0,  0.0,  1.0, 0.0, 108.0,       ,      ,      ,        ,        ,        ,        ,        ,        ,        ,        ,      
hewarja01, 2001,     1, CBS , NHL , D  , 28.0,  1.0,   2.0,   3.0,   7.0, -9.0 ,  0.0,  1.0,  0.0,  0.0,  0.0, 0.0,  38.0,       ,      ,      ,        ,        ,        ,        ,        ,        ,        ,        ,      
hewarja01, 2005,     1, WAS , NHL , D  , 71.0,  7.0,  21.0,  28.0,  54.0, -5.0 ,  4.0, 12.0,  0.0,  2.0,  2.0,    , 140.0,       ,      ,      ,        ,        ,        ,        ,        ,        ,        ,        ,      
hewarja01, 2006,     1, WAS , NHL , D  , 52.0,  4.0,  12.0,  16.0,  27.0, 4.0  ,  2.0,  4.0,  0.0,  1.0,  1.0,    ,  50.0,       ,      ,      ,        ,        ,        ,        ,        ,        ,        ,        ,      
hewarja01, 2006,     2, LAK , NHL , D  , 19.0,  2.0,   6.0,   8.0,  20.0, -2.0 ,  1.0,  3.0,  0.0,  0.0,  0.0,    ,  25.0,       ,      ,      ,        ,        ,        ,        ,        ,        ,        ,        ,      
hewarja01, 2008,     1, TBL , NHL , D  , 13.0,  0.0,   2.0,   2.0,   4.0, -1.0 ,  0.0,  2.0,  0.0,  0.0,  0.0,    ,  11.0,       ,      ,      ,        ,        ,        ,        ,        ,        ,        ,        ,      
heximob01, 1929,     1, NYR , NHL , R  , 19.0,  1.0,   0.0,   1.0,   4.0,      ,     ,     ,     ,     ,     ,    ,      ,       ,      ,      ,        ,        ,        ,        ,        ,        ,        ,        ,      
heximob01, 1932,     1, BOS , NHL , R  , 48.0,  7.0,   5.0,  12.0,  12.0,      ,     ,     ,     ,     ,     ,    ,      ,    5.0,   0.0,   0.0,     0.0,     2.0,        ,        ,        ,        ,        ,        ,      
heximob01, 1934,     1, NYA , NHL , R  , 17.0,  5.0,   2.0,   7.0,   0.0,      ,     ,     ,     ,     ,     ,    ,      ,       ,      ,      ,        ,        ,        ,        ,        ,        ,        ,        ,      
hextabr01, 1936,     1, NYR , NHL , R  ,  3.0,  0.0,   1.0,   1.0,   0.0,      ,     ,     ,     ,     ,     ,    ,      ,       ,      ,      ,        ,        ,        ,        ,        ,        ,        ,        ,      
hextabr01, 1937,     1, NYR , NHL , R  , 48.0, 17.0,   4.0,  21.0,   6.0,      ,     ,     ,     ,     ,     ,    ,      ,    3.0,   2.0,   0.0,     2.0,     0.0,        ,        ,        ,        ,        ,        ,      
hextabr01, 1938,     1, NYR , NHL , R  , 48.0, 20.0,  15.0,  35.0,  18.0,      ,     ,     ,     ,     ,     ,    ,      ,    7.0,   0.0,   1.0,     1.0,     4.0,        ,        ,        ,        ,        ,        ,      
hextabr01, 1939,     1, NYR , NHL , R  , 48.0, 24.0,  15.0,  39.0,  52.0,      ,     ,     ,     ,     ,     ,    ,      ,   12.0,   4.0,   3.0,     7.0,    11.0,        ,        ,        ,        ,        ,        ,      
hextabr01, 1940,     1, NYR , NHL , R  , 48.0, 26.0,  18.0,  44.0,  16.0,      ,     ,     ,     ,     ,     ,    ,      ,    3.0,   0.0,   1.0,     1.0,     0.0,        ,        ,        ,        ,        ,        ,      
hextabr01, 1941,     1, NYR , NHL , R  , 48.0, 24.0,  32.0,  56.0,  30.0,      ,     ,     ,     ,     ,     ,    ,      ,    6.0,   1.0,   1.0,     2.0,     4.0,        ,        ,        ,        ,        ,        ,      
hextabr01, 1942,     1, NYR , NHL , R  , 50.0, 27.0,  32.0,  59.0,  28.0,      ,     ,     ,     ,     ,     ,    ,      ,       ,      ,      ,        ,        ,        ,        ,        ,        ,        ,        ,      
hextabr01, 1943,     1, NYR , NHL , R  , 50.0, 21.0,  33.0,  54.0,  41.0,      ,     ,     ,     ,     ,     ,    ,      ,       ,      ,      ,        ,        ,        ,        ,        ,        ,        ,        ,      
hextabr01, 1945,     1, NYR , NHL , R  ,  3.0,  0.0,   1.0,   1.0,   0.0,      ,     ,     ,     ,     ,     ,    ,      ,       ,      ,      ,        ,        ,        ,        ,        ,        ,        ,        ,      
hextabr01, 1946,     1, NYR , NHL , R  , 60.0, 20.0,  10.0,  30.0,  18.0,      ,     ,     ,     ,     ,     ,    ,      ,       ,      ,      ,        ,        ,        ,        ,        ,        ,        ,        ,      
hextabr01, 1947,     1, NYR , NHL , R  , 43.0,  8.0,  14.0,  22.0,  18.0,      ,     ,     ,     ,     ,     ,    ,      ,    6.0,   1.0,   3.0,     4.0,     0.0,        ,        ,        ,        ,        ,        ,      
hextabr02, 1962,     1, NYR , NHL , F  , 21.0,  0.0,   2.0,   2.0,  10.0,      ,     ,     ,     ,     ,     ,    ,      ,       ,      ,      ,        ,        ,        ,        ,        ,        ,        ,        ,      
hextabr02, 1969,     1, PIT , NHL , C  , 66.0, 12.0,  19.0,  31.0,  87.0, -22.0,  2.0,     ,  0.0,     ,  2.0, 0.0, 132.0,   10.0,   0.0,   1.0,     1.0,    34.0,        ,     0.0,        ,     0.0,        ,     0.0,      
hextabr02, 1970,     1, PIT , NHL , C  , 76.0, 16.0,  32.0,  48.0, 133.0, -23.0,  6.0,     ,  0.0,     ,  2.0, 2.0, 181.0,       ,      ,      ,        ,        ,        ,        ,        ,        ,        ,        ,      
hextabr02, 1971,     1, PIT , NHL , C  , 78.0, 20.0,  24.0,  44.0, 126.0, -26.0,  5.0,     ,  0.0,     ,  5.0, 1.0, 145.0,    4.0,   0.0,   2.0,     2.0,     9.0,        ,     0.0,        ,     0.0,        ,     0.0,      
hextabr02, 1972,     1, PIT , NHL , C  , 78.0, 21.0,  33.0,  54.0, 113.0, -23.0,  6.0,     ,  0.0,     ,  3.0, 1.0, 169.0,       ,      ,      ,        ,        ,        ,        ,        ,        ,        ,        ,      
hextabr02, 1973,     1, PIT , NHL , C  , 37.0,  2.0,   7.0,   9.0,  39.0, -13.0,  2.0,     ,  0.0,     ,  1.0, 0.0,  50.0,       ,      ,      ,        ,        ,        ,        ,        ,        ,        ,        ,      
hextabr02, 1973,     2, ATF , NHL , C  , 40.0,  2.0,   4.0,   6.0,  55.0, 0.0  ,  0.0,     ,  0.0,     ,  0.0, 0.0,  39.0,    4.0,   0.0,   1.0,     1.0,    16.0,        ,     0.0,        ,     0.0,        ,     0.0,      
hextabr02, 1974,     1, ATF , NHL , C  , 74.0, 18.0,  16.0,  34.0,  62.0, -13.0,  3.0,     ,  1.0,     ,  2.0, 0.0, 120.0,       ,      ,      ,        ,        ,        ,        ,        ,        ,        ,        ,      
hextabr02, 1975,     1, DET , NHL , C  , 21.0,  0.0,   4.0,   4.0,  29.0, -4.0 ,  0.0,     ,  0.0,     ,  0.0, 0.0,  17.0,       ,      ,      ,        ,        ,        ,        ,        ,        ,        ,        ,      
hextabr02, 1975,     2, MNS , NHL , C  , 58.0,  8.0,  20.0,  28.0,  84.0, -16.0,  3.0,     ,  1.0,     ,  1.0, 1.0,  89.0,       ,      ,      ,        ,        ,        ,        ,        ,        ,        ,        ,      
hextade01, 1967,     1, NYR , NHL , C  ,     ,     ,      ,      ,      ,      ,     ,     ,     ,     ,     ,    ,      ,    2.0,   0.0,   0.0,     0.0,     0.0,        ,     0.0,        ,     0.0,        ,     0.0,      
hextade01, 1968,     1, NYR , NHL , C  , 13.0,  1.0,   4.0,   5.0,  25.0, 1.0  ,  0.0,     ,  0.0,     ,  0.0, 0.0,  16.0,       ,      ,      ,        ,        ,        ,        ,        ,        ,        ,        ,      
hextade01, 1969,     1, LAK , NHL , C  , 28.0,  5.0,   7.0,  12.0,  40.0, -23.0,  2.0,     ,  0.0,     ,  0.0, 0.0,  34.0,       ,      ,      ,        ,        ,        ,        ,        ,        ,        ,        ,      
hextade01, 1970,     1, CLF , NHL , C  , 78.0, 21.0,  31.0,  52.0, 217.0, -20.0,  1.0,     ,  0.0,     ,  3.0, 0.0, 153.0,       ,      ,      ,        ,        ,        ,        ,        ,        ,        ,        ,      
hextade01, 1971,     1, MNS , NHL , C  , 33.0,  6.0,  10.0,  16.0,  49.0, 1.0  ,  3.0,     ,  0.0,     ,  1.0, 2.0,  46.0,    7.0,   0.0,   2.0,     2.0,    19.0,        ,     0.0,        ,     0.0,        ,     0.0,      
hextade01, 1972,     1, MNS , NHL , C  , 78.0, 30.0,  52.0,  82.0, 140.0, 29.0 ,  3.0,     ,  0.0,     ,  4.0, 0.0, 140.0,    6.0,   2.0,   0.0,     2.0,    16.0,        ,     0.0,        ,     0.0,        ,     2.0,      
hextade01, 1973,     1, MNS , NHL , C  , 78.0, 20.0,  62.0,  82.0, 138.0, 4.0  ,  2.0,     ,  1.0,     ,  3.0, 2.0, 152.0,       ,      ,      ,        ,        ,        ,        ,        ,        ,        ,        ,      
hextade01, 1974,     1, MNS , NHL , C  , 80.0, 17.0,  57.0,  74.0, 147.0, -44.0,  4.0,     ,  0.0,     ,  2.0, 0.0, 161.0,       ,      ,      ,        ,        ,        ,        ,        ,        ,        ,        ,      
hextade01, 1975,     1, MNS , NHL , C  , 59.0, 11.0,  35.0,  46.0,  93.0, -29.0,  2.0,     ,  0.0,     ,  0.0, 0.0,  93.0,       ,      ,      ,        ,        ,        ,        ,        ,        ,        ,        ,      
hextade01, 1975,     2, DET , NHL , C  , 17.0,  5.0,   9.0,  14.0,  71.0, 2.0  ,  0.0,     ,  0.0,     ,  1.0, 0.0,  32.0,       ,      ,      ,        ,        ,        ,        ,        ,        ,        ,        ,      
hextade01, 1976,     1, DET , NHL , C  , 78.0, 14.0,  32.0,  46.0, 158.0, -35.0,  5.0,     ,  0.0,     ,  1.0, 0.0, 129.0,       ,      ,      ,        ,        ,        ,        ,        ,        ,        ,        ,      
hextade01, 1977,     1, DET , NHL , C  , 78.0, 16.0,  33.0,  49.0, 195.0, -5.0 ,  2.0,     ,  2.0,     ,  3.0, 0.0,  89.0,    7.0,   1.0,   1.0,     2.0,    10.0,        ,     0.0,        ,     1.0,        ,     1.0,      
hextade01, 1978,     1, DET , NHL , C  , 20.0,  4.0,   8.0,  12.0,  33.0, 3.0  ,  2.0,     ,  0.0,     ,  0.0, 2.0,  16.0,       ,      ,      ,        ,        ,        ,        ,        ,        ,        ,        ,      
hextade01, 1978,     2, WAS , NHL , C  , 26.0,  2.0,   9.0,  11.0,  43.0, -13.0,  0.0,     ,  0.0,     ,  0.0, 0.0,  22.0,       ,      ,      ,        ,        ,        ,        ,        ,        ,        ,        ,      
hextade01, 1979,     1, WAS , NHL , C  , 15.0,  1.0,   1.0,   2.0,  49.0, -5.0 ,  0.0,     ,  0.0,     ,  0.0, 0.0,  17.0,       ,      ,      ,        ,        ,        ,        ,        ,        ,        ,        ,      
hextaro01, 1986,     1, PHI , NHL , G  , 66.0,  0.0,   6.0,   6.0, 104.0, 0.0  ,  0.0,     ,  0.0,     ,  0.0, 0.0,   0.0,   26.0,   0.0,   1.0,     1.0,    43.0, 0.0    ,     0.0,        ,     0.0,        ,     0.0,     0.0
hextaro01, 1987,     1, PHI , NHL , G  , 62.0,  1.0,   6.0,   7.0, 104.0, 0.0  ,  0.0,     ,  0.0,     ,  0.0, 0.0,   4.0,    7.0,   0.0,   2.0,     2.0,    30.0, 0.0    ,     0.0,     0.0,     0.0,     0.0,     0.0,     1.0
hextaro01, 1988,     1, PHI , NHL , G  , 64.0,  0.0,   8.0,   8.0, 113.0, 0.0  ,  0.0,     ,  0.0,     ,  0.0, 0.0,   0.0,   15.0,   1.0,   0.0,     1.0,    28.0, 0.0    ,     0.0,     0.0,     1.0,     0.0,     0.0,     1.0
hextaro01, 1989,     1, PHI , NHL , G  ,  8.0,  0.0,   0.0,   0.0,  14.0, 0.0  ,  0.0,  0.0,  0.0,  0.0,  0.0, 0.0,   0.0,       ,      ,      ,        ,        ,        ,        ,        ,        ,        ,        ,      
hextaro01, 1990,     1, PHI , NHL , G  , 36.0,  0.0,   1.0,   1.0,  10.0, 0.0  ,  0.0,     ,  0.0,     ,  0.0, 0.0,   0.0,       ,      ,      ,        ,        ,        ,        ,        ,        ,        ,        ,      
hextaro01, 1991,     1, PHI , NHL , G  , 45.0,  0.0,   3.0,   3.0,  35.0, 0.0  ,  0.0,  0.0,  0.0,  1.0,  0.0, 0.0,   0.0,       ,      ,      ,        ,        ,        ,        ,        ,        ,        ,        ,      
hextaro01, 1992,     1, QUE , NHL , G  , 54.0,  0.0,   2.0,   2.0,  56.0, 0.0  ,  0.0,  0.0,  0.0,  2.0,  0.0, 0.0,   1.0,    6.0,   0.0,   0.0,     0.0,     0.0, 0.0    ,     0.0,     0.0,     0.0,     0.0,     0.0,     0.0
hextaro01, 1993,     1, NYI , NHL , G  , 65.0,  0.0,   3.0,   3.0,  52.0, 0.0  ,  0.0,  0.0,  0.0,  2.0,  0.0, 0.0,   0.0,    3.0,   0.0,   0.0,     0.0,     4.0, 0.0    ,     0.0,     0.0,     0.0,     0.0,     0.0,     0.0
hextaro01, 1994,     1, PHI , NHL , G  , 31.0,  0.0,   0.0,   0.0,  13.0, 0.0  ,  0.0,  0.0,  0.0,  0.0,  0.0, 0.0,   0.0,   15.0,   0.0,   1.0,     1.0,     4.0, 0.0    ,     0.0,     0.0,     0.0,     0.0,     0.0,     0.0
hextaro01, 1995,     1, PHI , NHL , G  , 53.0,  0.0,   1.0,   1.0,  28.0, 0.0  ,  0.0,  0.0,  0.0,  1.0,  0.0, 0.0,   1.0,   12.0,   0.0,   0.0,     0.0,     6.0, 0.0    ,     0.0,     0.0,     0.0,     0.0,     0.0,     0.0
hextaro01, 1996,     1, PHI , NHL , G  , 55.0,  0.0,   0.0,   0.0,  43.0, 0.0  ,  0.0,  0.0,  0.0,  0.0,  0.0, 0.0,   0.0,    8.0,   0.0,   0.0,     0.0,     0.0, 0.0    ,     0.0,     0.0,     0.0,     0.0,     0.0,     0.0
hextaro01, 1997,     1, PHI , NHL , G  , 46.0,  0.0,   0.0,   0.0,  10.0, 0.0  ,  0.0,  0.0,  0.0,  0.0,  0.0, 0.0,   0.0,    1.0,   0.0,   0.0,     0.0,     0.0, 0.0    ,     0.0,     0.0,     0.0,     0.0,     0.0,     0.0
hextaro01, 1998,     1, PHI , NHL , G  , 23.0,  0.0,   2.0,   2.0,   2.0, 0.0  ,  0.0,  2.0,  0.0,  0.0,  0.0, 0.0,   0.0,       ,      ,      ,        ,        ,        ,        ,        ,        ,        ,        ,      
heylivi01, 1937,     1, CHI , NHL , C  ,  7.0,  0.0,   0.0,   0.0,   0.0,      ,     ,     ,     ,     ,     ,    ,      ,       ,      ,      ,        ,        ,        ,        ,        ,        ,        ,        ,      
heylivi01, 1943,     1, CHI , NHL , C  , 26.0,  2.0,   3.0,   5.0,   2.0,      ,     ,     ,     ,     ,     ,    ,      ,       ,      ,      ,        ,        ,        ,        ,        ,        ,        ,        ,      
hickebi01, 1958,     1, MTL , NHL , R  ,     ,     ,      ,      ,      ,      ,     ,     ,     ,     ,     ,    ,      ,    1.0,   0.0,   0.0,     0.0,     0.0,        ,        ,        ,        ,        ,        ,      
hickebi01, 1959,     1, MTL , NHL , R  , 43.0,  3.0,  10.0,  13.0,  17.0,      ,     ,     ,     ,     ,     ,    ,      ,    7.0,   1.0,   2.0,     3.0,     0.0,        ,        ,        ,        ,        ,        ,      
hickebi01, 1960,     1, MTL , NHL , R  , 70.0, 18.0,  27.0,  45.0,  31.0,      ,     ,     ,     ,     ,     ,    ,      ,    5.0,   2.0,   0.0,     2.0,    19.0,        ,        ,        ,        ,        ,     1.0,      
hickebi01, 1961,     1, MTL , NHL , R  , 70.0, 20.0,  31.0,  51.0,  42.0,      ,     ,     ,     ,     ,     ,    ,      ,    6.0,   0.0,   2.0,     2.0,    14.0,        ,        ,        ,        ,        ,     0.0,      
hickebi01, 1962,     1, MTL , NHL , R  , 70.0, 17.0,  22.0,  39.0,  39.0,      ,     ,     ,     ,     ,     ,    ,      ,    5.0,   0.0,   0.0,     0.0,     0.0,        ,        ,        ,        ,        ,     0.0,      
hickebi01, 1963,     1, MTL , NHL , R  , 48.0, 11.0,   9.0,  20.0,  41.0,      ,  2.0,     ,  0.0,     ,  2.0, 0.0,      ,    7.0,   0.0,   2.0,     2.0,     2.0,        ,        ,        ,        ,        ,     0.0,      
hickebi01, 1964,     1, MTL , NHL , R  , 17.0,  0.0,   1.0,   1.0,   6.0,      ,  0.0,     ,  0.0,     ,  0.0, 0.0,      ,       ,      ,      ,        ,        ,        ,        ,        ,        ,        ,        ,      
hickebi01, 1964,     2, NYR , NHL , R  , 40.0,  6.0,  11.0,  17.0,  26.0,      ,  1.0,     ,  0.0,     ,  2.0, 0.0,      ,       ,      ,      ,        ,        ,        ,        ,        ,        ,        ,        ,      
hickebi01, 1965,     1, NYR , NHL , R  , 49.0,  9.0,  18.0,  27.0,  21.0,      ,  3.0,     ,  0.0,     ,  0.0, 1.0,      ,       ,      ,      ,        ,        ,        ,        ,        ,        ,        ,        ,      
hickebi01, 1966,     1, NYR , NHL , R  , 48.0,  3.0,   4.0,   7.0,  11.0,      ,  0.0,     ,  0.0,     ,  0.0, 0.0,      ,       ,      ,      ,        ,        ,        ,        ,        ,        ,        ,        ,      
hickebi01, 1967,     1, OAK , NHL , R  , 52.0, 21.0,  19.0,  40.0,  32.0, -22.0, 12.0,     ,  0.0,     ,  4.0, 0.0, 142.0,       ,      ,      ,        ,        ,        ,        ,        ,        ,        ,        ,      
hickebi01, 1968,     1, OAK , NHL , R  , 67.0, 25.0,  36.0,  61.0,  68.0, -11.0,  5.0,     ,  0.0,     ,  3.0, 1.0, 171.0,    7.0,   0.0,   3.0,     3.0,     4.0,        ,     0.0,        ,     0.0,        ,     0.0,      
hickebi01, 1969,     1, OAK , NHL , R  , 69.0, 15.0,  29.0,  44.0,  14.0, -10.0,  5.0,     ,  0.0,     ,  2.0, 0.0, 139.0,    4.0,   0.0,   1.0,     1.0,     2.0,        ,     0.0,        ,     0.0,        ,     0.0,      
hickebi01, 1970,     1, CLF , NHL , R  , 74.0, 18.0,  17.0,  35.0,  41.0, -29.0,  4.0,     ,  0.0,     ,  1.0, 0.0, 138.0,       ,      ,      ,        ,        ,        ,        ,        ,        ,        ,        ,      
hickebi01, 1971,     1, PIT , NHL , R  , 12.0,  2.0,   0.0,   2.0,   6.0, -6.0 ,  1.0,     ,  0.0,     ,  0.0, 0.0,  19.0,       ,      ,      ,        ,        ,        ,        ,        ,        ,        ,        ,      
hickebi01, 1972,     1, ALB , WHA , R  , 73.0, 14.0,  24.0,  38.0,  20.0,      ,  4.0,     ,  0.0,     ,     ,    ,      ,       ,      ,      ,        ,        ,        ,        ,        ,        ,        ,        ,      
hickeer01, 1970,     1, CLF , NHL , L  , 78.0, 22.0,  25.0,  47.0,  62.0, -36.0,  7.0,     ,  0.0,     ,  1.0, 1.0, 202.0,       ,      ,      ,        ,        ,        ,        ,        ,        ,        ,        ,      
hickeer01, 1971,     1, CLF , NHL , R  , 68.0, 11.0,  12.0,  23.0,  55.0, -13.0,  3.0,     ,  0.0,     ,  2.0, 1.0, 111.0,       ,      ,      ,        ,        ,        ,        ,        ,        ,        ,        ,      
hickeer01, 1972,     1, ATF , NHL , L  , 58.0, 14.0,  23.0,  37.0,  37.0, -2.0 ,  2.0,     ,  0.0,     ,  2.0, 1.0, 120.0,       ,      ,      ,        ,        ,        ,        ,        ,        ,        ,        ,      
hickeer01, 1972,     2, NYI , NHL , L  ,  1.0,  0.0,   0.0,   0.0,   0.0, 0.0  ,  0.0,     ,  0.0,     ,  0.0, 0.0,   2.0,       ,      ,      ,        ,        ,        ,        ,        ,        ,        ,        ,      
hickeer01, 1973,     1, NYI , NHL , L  , 55.0,  6.0,   7.0,  13.0,  26.0, -19.0,  2.0,     ,  0.0,     ,  1.0, 1.0,  67.0,       ,      ,      ,        ,        ,        ,        ,        ,        ,        ,        ,      
hickeer01, 1974,     1, NYI , NHL , L  , 20.0,  2.0,   6.0,   8.0,  40.0, 7.0  ,  0.0,     ,  0.0,     ,  0.0, 0.0,  17.0,       ,      ,      ,        ,        ,        ,        ,        ,        ,        ,        ,      
hickeer01, 1974,     2, MNS , NHL , L  , 42.0, 15.0,  13.0,  28.0,  51.0, -26.0,  7.0,     ,  0.0,     ,  1.0, 0.0, 114.0,       ,      ,      ,        ,        ,        ,        ,        ,        ,        ,        ,      
hickeer01, 1975,     1, MNS , NHL , L  , 80.0, 23.0,  19.0,  42.0,  77.0, -31.0,  6.0,     ,  0.0,     ,  4.0, 0.0, 185.0,       ,      ,      ,        ,        ,        ,        ,        ,        ,        ,        ,      
hickeer01, 1976,     1, MNS , NHL , L  , 77.0, 30.0,  20.0,  50.0,  41.0, -32.0, 10.0,     ,  0.0,     ,  5.0, 3.0, 186.0,    2.0,   1.0,   0.0,     1.0,     0.0,        ,     0.0,        ,     0.0,        ,     0.0,      
hickeer01, 1977,     1, LAK , NHL , L  , 41.0,  9.0,  15.0,  24.0,  18.0, 7.0  ,  1.0,     ,  0.0,     ,  2.0, 0.0,  60.0,       ,      ,      ,        ,        ,        ,        ,        ,        ,        ,        ,      
hickegr01, 1977,     1, NYR , NHL , L  ,  1.0,  0.0,   0.0,   0.0,   0.0, -1.0 ,  0.0,     ,  0.0,     ,  0.0, 0.0,   2.0,       ,      ,      ,        ,        ,        ,        ,        ,        ,        ,        ,      
hickepa01, 1973,     1, TOT , WHA , L  , 78.0, 26.0,  29.0,  55.0,  52.0,      ,  4.0,     ,  4.0,     ,  3.0,    ,      ,   12.0,   3.0,   3.0,     6.0,    12.0,        ,        ,        ,        ,        ,     0.0,      
hickepa01, 1974,     1, TOT , WHA , L  , 74.0, 35.0,  34.0,  69.0,  50.0, 8.0  ,  5.0,     ,  0.0,     ,     ,    , 215.0,    5.0,   0.0,   1.0,     1.0,     4.0,        ,     0.0,        ,     0.0,        ,     0.0,      
hickepa01, 1975,     1, NYR , NHL , L  , 70.0, 14.0,  22.0,  36.0,  36.0, -29.0,  0.0,     ,  0.0,     ,  1.0, 0.0, 157.0,       ,      ,      ,        ,        ,        ,        ,        ,        ,        ,        ,      
hickepa01, 1976,     1, NYR , NHL , L  , 80.0, 23.0,  17.0,  40.0,  35.0, -11.0,  4.0,     ,  1.0,     ,  1.0, 1.0, 130.0,       ,      ,      ,        ,        ,        ,        ,        ,        ,        ,        ,      
hickepa01, 1977,     1, NYR , NHL , L  , 80.0, 40.0,  33.0,  73.0,  47.0, -19.0, 10.0,     ,  1.0,     ,  3.0, 4.0, 215.0,    3.0,   2.0,   0.0,     2.0,     0.0,        ,     1.0,        ,     0.0,        ,     0.0,      
hickepa01, 1978,     1, NYR , NHL , L  , 80.0, 34.0,  41.0,  75.0,  56.0, 8.0  ,  8.0,     ,  0.0,     ,  1.0, 1.0, 193.0,   18.0,   1.0,   7.0,     8.0,     6.0,        ,     0.0,        ,     0.0,        ,     0.0,      
hickepa01, 1979,     1, NYR , NHL , L  ,  7.0,  2.0,   2.0,   4.0,  10.0, -1.0 ,  0.0,     ,  0.0,     ,  0.0, 0.0,   5.0,       ,      ,      ,        ,        ,        ,        ,        ,        ,        ,        ,      
hickepa01, 1979,     2, COR , NHL , L  , 24.0,  7.0,   9.0,  16.0,  10.0, -2.0 ,  0.0,     ,  0.0,     ,  0.0, 0.0,  52.0,       ,      ,      ,        ,        ,        ,        ,        ,        ,        ,        ,      
hickepa01, 1979,     3, TOR , NHL , L  , 45.0, 22.0,  16.0,  38.0,  16.0, 1.0  ,  6.0,     ,  0.0,     ,  3.0, 0.0,  99.0,    3.0,   0.0,   0.0,     0.0,     2.0,        ,     0.0,        ,     0.0,        ,     0.0,      
hickepa01, 1980,     1, TOR , NHL , L  , 72.0, 16.0,  33.0,  49.0,  49.0, -16.0,  5.0,     ,  0.0,     ,  1.0, 0.0, 157.0,    2.0,   0.0,   0.0,     0.0,     0.0,        ,     0.0,        ,     0.0,        ,     0.0,      
hickepa01, 1981,     1, TOR , NHL , L  ,  1.0,  0.0,   0.0,   0.0,   0.0, 0.0  ,  0.0,     ,  0.0,     ,  0.0, 0.0,   0.0,       ,      ,      ,        ,        ,        ,        ,        ,        ,        ,        ,      
hickepa01, 1981,     2, NYR , NHL , L  , 53.0, 15.0,  14.0,  29.0,  32.0, -15.0,  3.0,     ,  0.0,     ,  3.0, 0.0,  77.0,       ,      ,      ,        ,        ,        ,        ,        ,        ,        ,        ,      
hickepa01, 1981,     3, QUE , NHL , L  ,  7.0,  0.0,   1.0,   1.0,   4.0, -1.0 ,  0.0,     ,  0.0,     ,  0.0, 0.0,   3.0,   15.0,   1.0,   3.0,     4.0,    21.0,        ,     1.0,        ,     0.0,        ,     0.0,      
hickepa01, 1982,     1, STL , NHL , L  ,  1.0,  0.0,   0.0,   0.0,   0.0, 0.0  ,  0.0,     ,  0.0,     ,  0.0, 0.0,   1.0,       ,      ,      ,        ,        ,        ,        ,        ,        ,        ,        ,      
hickepa01, 1983,     1, STL , NHL , L  , 69.0,  9.0,  11.0,  20.0,  24.0, -3.0 ,  0.0,     ,  0.0,     ,  1.0, 0.0,  78.0,   11.0,   1.0,   1.0,     2.0,     6.0, -2.0   ,     0.0,        ,     1.0,        ,     0.0,     9.0
hickepa01, 1984,     1, STL , NHL , R  , 57.0, 10.0,  13.0,  23.0,  32.0, -4.0 ,  0.0,     ,  3.0,     ,  1.0, 0.0,  53.0,    3.0,   0.0,   0.0,     0.0,     2.0, -2.0   ,     0.0,        ,     0.0,        ,     0.0,     2.0
hicksal01, 1995,     1, ANA , NHL , C  , 64.0, 10.0,  11.0,  21.0,  37.0, 11.0 ,  0.0,  0.0,  0.0,  0.0,  2.0, 1.0,  83.0,       ,      ,      ,        ,        ,        ,        ,        ,        ,        ,        ,      
hicksal01, 1996,     1, ANA , NHL , C  , 18.0,  2.0,   6.0,   8.0,  14.0, 1.0  ,  0.0,  0.0,  0.0,  0.0,  0.0, 0.0,  21.0,       ,      ,      ,        ,        ,        ,        ,        ,        ,        ,        ,      
hicksal01, 1996,     2, PIT , NHL , C  , 55.0,  5.0,  15.0,  20.0,  76.0, -6.0 ,  0.0,  0.0,  0.0,  1.0,  3.0, 0.0,  57.0,    5.0,   0.0,   1.0,     1.0,     2.0, -1.0   ,     0.0,     0.0,     0.0,     0.0,     0.0,     2.0
hicksal01, 1997,     1, PIT , NHL , L  , 58.0,  7.0,  13.0,  20.0,  54.0, 4.0  ,  0.0,  1.0,  0.0,  1.0,  1.0, 1.0,  78.0,    6.0,   0.0,   0.0,     0.0,     2.0, -5.0   ,     0.0,     0.0,     0.0,     0.0,     0.0,     6.0
hicksal01, 1998,     1, SJS , NHL , L  ,  4.0,  0.0,   1.0,   1.0,   4.0, -1.0 ,  0.0,  0.0,  0.0,  0.0,  0.0, 0.0,   4.0,       ,      ,      ,        ,        ,        ,        ,        ,        ,        ,        ,      
hicksal01, 1998,     2, FLO , NHL , L  , 51.0,  0.0,   6.0,   6.0,  58.0, -4.0 ,  0.0,  0.0,  0.0,  1.0,  0.0, 0.0,  47.0,       ,      ,      ,        ,        ,        ,        ,        ,        ,        ,        ,      
hicksal01, 1999,     1, FLO , NHL , L  ,  8.0,  1.0,   2.0,   3.0,   4.0, 3.0  ,  0.0,  0.0,  0.0,  0.0,  0.0, 0.0,   6.0,    4.0,   0.0,   1.0,     1.0,     4.0, -1.0   ,     0.0,     0.0,     0.0,     0.0,     0.0,     4.0
hicksdo01, 1974,     1, MNS , NHL , D  , 80.0,  6.0,  12.0,  18.0,  51.0, -25.0,  1.0,     ,  0.0,     ,  0.0, 0.0,  76.0,       ,      ,      ,        ,        ,        ,        ,        ,        ,        ,        ,      
hicksdo01, 1975,     1, MNS , NHL , D  , 80.0,  5.0,  13.0,  18.0,  54.0, -17.0,  3.0,     ,  0.0,     ,  1.0, 0.0, 102.0,       ,      ,      ,        ,        ,        ,        ,        ,        ,        ,        ,      
hicksdo01, 1976,     1, MNS , NHL , D  , 79.0,  5.0,  14.0,  19.0,  68.0, -31.0,  1.0,     ,  1.0,     ,  0.0, 0.0,  83.0,    2.0,   0.0,   0.0,     0.0,     7.0,        ,     0.0,        ,     0.0,        ,     0.0,      
hicksdo01, 1977,     1, MNS , NHL , D  , 61.0,  2.0,   9.0,  11.0,  51.0, -28.0,  0.0,     ,  0.0,     ,  0.0, 1.0,  81.0,       ,      ,      ,        ,        ,        ,        ,        ,        ,        ,        ,      
hicksdo01, 1977,     2, CHI , NHL , D  , 13.0,  1.0,   7.0,   8.0,   2.0, 5.0  ,  0.0,     ,  0.0,     ,  0.0, 0.0,  22.0,    4.0,   1.0,   0.0,     1.0,     2.0,        ,     1.0,        ,     0.0,        ,     0.0,      
hicksdo01, 1978,     1, CHI , NHL , D  , 44.0,  1.0,   8.0,   9.0,  15.0, -12.0,  0.0,     ,  0.0,     ,  0.0, 0.0,  32.0,       ,      ,      ,        ,        ,        ,        ,        ,        ,        ,        ,      
hicksdo01, 1979,     1, EDM , NHL , D  , 78.0,  9.0,  31.0,  40.0,  52.0, 18.0 ,  5.0,     ,  2.0,     ,  1.0, 0.0, 122.0,    3.0,   0.0,   0.0,     0.0,     2.0,        ,     0.0,        ,     0.0,        ,     0.0,      
hicksdo01, 1980,     1, EDM , NHL , D  , 59.0,  5.0,  16.0,  21.0,  76.0, 21.0 ,  1.0,     ,  1.0,     ,  0.0, 0.0, 109.0,    9.0,   1.0,   1.0,     2.0,     4.0,        ,     0.0,        ,     0.0,        ,     0.0,      
hicksdo01, 1981,     1, EDM , NHL , D  , 49.0,  3.0,  20.0,  23.0,  55.0, 6.0  ,  1.0,     ,  0.0,     ,  0.0, 0.0,  44.0,       ,      ,      ,        ,        ,        ,        ,        ,        ,        ,        ,      
hicksdo01, 1981,     2, WAS , NHL , D  , 12.0,  0.0,   1.0,   1.0,  11.0, -7.0 ,  0.0,     ,  0.0,     ,  0.0, 0.0,   6.0,       ,      ,      ,        ,        ,        ,        ,        ,        ,        ,        ,      
hicksdo01, 1982,     1, WAS , NHL , D  ,  6.0,  0.0,   0.0,   0.0,   7.0, -3.0 ,  0.0,     ,  0.0,     ,  0.0, 0.0,   6.0,       ,      ,      ,        ,        ,        ,        ,        ,        ,        ,        ,      
hicksgl01, 1978,     1, WIJ , WHA , L  , 69.0,  6.0,  10.0,  16.0,  48.0, -2.0 ,  0.0,     ,  0.0,     ,     ,    ,  59.0,    7.0,   1.0,   1.0,     2.0,     4.0, 2.0    ,        ,        ,        ,        ,     0.0,      
hicksgl01, 1979,     1, DET , NHL , L  , 50.0,  1.0,   2.0,   3.0,  43.0, -21.0,  0.0,     ,  0.0,     ,  0.0, 0.0,  52.0,       ,      ,      ,        ,        ,        ,        ,        ,        ,        ,        ,      
hicksgl01, 1980,     1, DET , NHL , L  , 58.0,  5.0,  10.0,  15.0,  84.0, 0.0  ,  1.0,     ,  0.0,     ,  0.0, 0.0,  71.0,       ,      ,      ,        ,        ,        ,        ,        ,        ,        ,        ,      
hickshe01, 1928,     1, MTM , NHL , D  , 44.0,  2.0,   0.0,   2.0,  27.0,      ,     ,     ,     ,     ,     ,    ,      ,       ,      ,      ,        ,        ,        ,        ,        ,        ,        ,        ,      
hickshe01, 1929,     1, DTC , NHL , D  , 30.0,  3.0,   2.0,   5.0,  35.0,      ,     ,     ,     ,     ,     ,    ,      ,       ,      ,      ,        ,        ,        ,        ,        ,        ,        ,        ,      
hickshe01, 1930,     1, DTF , NHL , D  , 22.0,  0.0,   0.0,   0.0,  10.0,      ,     ,     ,     ,     ,     ,    ,      ,       ,      ,      ,        ,        ,        ,        ,        ,        ,        ,        ,      
hickswa01, 1959,     1, CHI , NHL , R  ,     ,     ,      ,      ,      ,      ,     ,     ,     ,     ,     ,    ,      ,    1.0,   0.0,   1.0,     1.0,     0.0,        ,        ,        ,        ,        ,        ,      
hickswa01, 1960,     1, CHI , NHL , R  ,  1.0,  0.0,   0.0,   0.0,   0.0,      ,     ,     ,     ,     ,     ,    ,      ,    1.0,   0.0,   0.0,     0.0,     2.0,        ,        ,        ,        ,        ,     0.0,      
hickswa01, 1962,     1, BOS , NHL , R  , 65.0,  7.0,   9.0,  16.0,  14.0,      ,     ,     ,     ,     ,     ,    ,      ,       ,      ,      ,        ,        ,        ,        ,        ,        ,        ,        ,      
hickswa01, 1963,     1, MTL , NHL , R  ,  2.0,  0.0,   0.0,   0.0,   0.0,      ,  0.0,     ,  0.0,     ,  0.0, 0.0,      ,       ,      ,      ,        ,        ,        ,        ,        ,        ,        ,        ,      
hickswa01, 1967,     1, PHI , NHL , R  , 32.0,  2.0,   7.0,   9.0,   6.0, -5.0 ,  1.0,     ,  0.0,     ,  0.0, 0.0,  41.0,       ,      ,      ,        ,        ,        ,        ,        ,        ,        ,        ,      
hickswa01, 1967,     2, PIT , NHL , R  , 15.0,  4.0,   7.0,  11.0,   2.0, 2.0  ,  2.0,     ,  0.0,     ,  1.0, 1.0,  26.0,       ,      ,      ,        ,        ,        ,        ,        ,        ,        ,        ,      
hidian01 , 1983,     1, WAS , NHL , L  ,  1.0,  0.0,   0.0,   0.0,   0.0, 0.0  ,  0.0,     ,  0.0,     ,  0.0, 0.0,   1.0,    2.0,   0.0,   0.0,     0.0,     0.0, -1.0   ,     0.0,        ,     0.0,        ,     0.0,     2.0
hidian01 , 1984,     1, WAS , NHL , L  ,  6.0,  2.0,   1.0,   3.0,   9.0, 2.0  ,  1.0,     ,  0.0,     ,  0.0, 0.0,   7.0,       ,      ,      ,        ,        ,        ,        ,        ,        ,        ,        ,      
hiemeul01, 1984,     1, NJD , NHL , D  , 53.0,  5.0,  24.0,  29.0,  70.0, -14.0,  3.0,     ,  0.0,     ,  0.0, 0.0,  85.0,       ,      ,      ,        ,        ,        ,        ,        ,        ,        ,        ,      
hiemeul01, 1985,     1, NJD , NHL , D  , 50.0,  8.0,  16.0,  24.0,  61.0, -1.0 ,  6.0,     ,  0.0,     ,  1.0, 0.0, 100.0,       ,      ,      ,        ,        ,        ,        ,        ,        ,        ,        ,      
hiemeul01, 1986,     1, NJD , NHL , D  , 40.0,  6.0,  14.0,  20.0,  45.0, -6.0 ,  2.0,     ,  0.0,     ,  1.0, 0.0,  80.0,       ,      ,      ,        ,        ,        ,        ,        ,        ,        ,        ,      
higgich01, 2003,     1, MTL , NHL , C  ,  2.0,  0.0,   0.0,   0.0,   0.0, 0.0  ,  0.0,  0.0,  0.0,  0.0,  0.0, 0.0,   0.0,       ,      ,      ,        ,        ,        ,        ,        ,        ,        ,        ,      
higgich01, 2005,     1, MTL , NHL , C  , 80.0, 23.0,  15.0,  38.0,  26.0, -1.0 ,  7.0,  5.0,  3.0,  0.0,  3.0,    , 148.0,    6.0,   1.0,   3.0,     4.0,     0.0, -3.0   ,     0.0,     2.0,     0.0,     0.0,     0.0,     7.0
higgich01, 2006,     1, MTL , NHL , C  , 61.0, 22.0,  16.0,  38.0,  26.0, -11.0,  8.0,  7.0,  3.0,  0.0,  3.0,    , 159.0,       ,      ,      ,        ,        ,        ,        ,        ,        ,        ,        ,      
higgich01, 2007,     1, MTL , NHL , L  , 82.0, 27.0,  25.0,  52.0,  22.0, 0.0  , 12.0, 13.0,  0.0,  1.0,  5.0,    , 241.0,   12.0,   3.0,   2.0,     5.0,     2.0, 1.0    ,     0.0,     1.0,     0.0,     0.0,     0.0,    34.0
higgich01, 2008,     1, MTL , NHL , L  , 57.0, 12.0,  11.0,  23.0,  22.0, -1.0 ,  2.0,  2.0,  2.0,  0.0,  1.0,    , 151.0,    4.0,   2.0,   0.0,     2.0,     2.0, -1.0   ,     0.0,     0.0,     0.0,     0.0,     0.0,     8.0
higgich01, 2009,     1, NYR , NHL , C  , 55.0,  6.0,   8.0,  14.0,  32.0, -9.0 ,  0.0,  0.0,  0.0,  0.0,  1.0,    , 137.0,       ,      ,      ,        ,        ,        ,        ,        ,        ,        ,        ,      
higgich01, 2009,     2, CAL , NHL , C  , 12.0,  2.0,   1.0,   3.0,   0.0, 0.0  ,  0.0,  0.0,  0.0,  0.0,  0.0,    ,  28.0,       ,      ,      ,        ,        ,        ,        ,        ,        ,        ,        ,      
higgima01, 1997,     1, MTL , NHL , C  ,  1.0,  0.0,   0.0,   0.0,   0.0, -1.0 ,  0.0,  0.0,  0.0,  0.0,  0.0, 0.0,   1.0,       ,      ,      ,        ,        ,        ,        ,        ,        ,        ,        ,      
higgima01, 1998,     1, MTL , NHL , C  , 25.0,  1.0,   0.0,   1.0,   0.0, -2.0 ,  0.0,  0.0,  0.0,  0.0,  0.0, 0.0,  12.0,       ,      ,      ,        ,        ,        ,        ,        ,        ,        ,        ,      
higgima01, 1999,     1, MTL , NHL , C  , 25.0,  0.0,   2.0,   2.0,   4.0, -6.0 ,  0.0,  0.0,  0.0,  0.0,  0.0, 0.0,   9.0,       ,      ,      ,        ,        ,        ,        ,        ,        ,        ,        ,      
higgima01, 2000,     1, MTL , NHL , C  ,  6.0,  0.0,   0.0,   0.0,   2.0, -2.0 ,  0.0,  0.0,  0.0,  0.0,  0.0, 0.0,   3.0,       ,      ,      ,        ,        ,        ,        ,        ,        ,        ,        ,      
higgipa01, 1981,     1, TOR , NHL , R  ,  3.0,  0.0,   0.0,   0.0,  17.0, -1.0 ,  0.0,     ,  0.0,     ,  0.0, 0.0,   0.0,       ,      ,      ,        ,        ,        ,        ,        ,        ,        ,        ,      
higgipa01, 1982,     1, TOR , NHL , R  , 22.0,  0.0,   0.0,   0.0, 135.0, -3.0 ,  0.0,     ,  0.0,     ,  0.0, 0.0,   1.0,    1.0,   0.0,   0.0,     0.0,     0.0,        ,     0.0,        ,     0.0,        ,     0.0,      
higgiti01, 1978,     1, CHI , NHL , R  , 36.0,  7.0,  16.0,  23.0,  30.0, 6.0  ,  0.0,     ,  0.0,     ,  1.0, 0.0,  64.0,    4.0,   0.0,   0.0,     0.0,     0.0,        ,     0.0,        ,     0.0,        ,     0.0,      
higgiti01, 1979,     1, CHI , NHL , R  , 74.0, 13.0,  12.0,  25.0,  50.0, -15.0,  2.0,     ,  0.0,     ,  0.0, 1.0, 110.0,    7.0,   0.0,   3.0,     3.0,    10.0,        ,     0.0,        ,     0.0,        ,     0.0,      
higgiti01, 1980,     1, CHI , NHL , R  , 78.0, 24.0,  35.0,  59.0,  86.0, 20.0 ,  1.0,     ,  0.0,     ,  1.0, 0.0, 149.0,    3.0,   0.0,   0.0,     0.0,     0.0,        ,     0.0,        ,     0.0,        ,     0.0,      
higgiti01, 1981,     1, CHI , NHL , R  , 74.0, 20.0,  30.0,  50.0,  85.0, -6.0 ,  6.0,     ,  0.0,     ,  2.0, 1.0, 114.0,   12.0,   3.0,   1.0,     4.0,    15.0,        ,     0.0,        ,     0.0,        ,     0.0,      
higgiti01, 1982,     1, CHI , NHL , R  , 64.0, 14.0,   9.0,  23.0,  63.0, -4.0 ,  0.0,     ,  0.0,     ,  2.0, 0.0,  71.0,   13.0,   1.0,   3.0,     4.0,    10.0,        ,     0.0,        ,     0.0,        ,     0.0,      
higgiti01, 1983,     1, CHI , NHL , R  , 32.0,  1.0,   4.0,   5.0,  21.0, 1.0  ,  0.0,     ,  0.0,     ,  1.0, 0.0,  21.0,       ,      ,      ,        ,        ,        ,        ,        ,        ,        ,        ,      
higgiti01, 1983,     2, NJD , NHL , R  , 37.0, 18.0,  10.0,  28.0,  27.0, -4.0 ,  3.0,     ,  1.0,     ,  3.0, 0.0,  72.0,       ,      ,      ,        ,        ,        ,        ,        ,        ,        ,        ,      
higgiti01, 1984,     1, NJD , NHL , R  , 71.0, 19.0,  29.0,  48.0,  30.0, -10.0,  5.0,     ,  0.0,     ,  2.0, 0.0, 147.0,       ,      ,      ,        ,        ,        ,        ,        ,        ,        ,        ,      
higgiti01, 1985,     1, NJD , NHL , R  , 59.0,  9.0,  17.0,  26.0,  47.0, 7.0  ,  2.0,     ,  0.0,     ,  1.0, 0.0,  90.0,       ,      ,      ,        ,        ,        ,        ,        ,        ,        ,        ,      
higgiti01, 1986,     1, DET , NHL , R  , 77.0, 12.0,  14.0,  26.0, 124.0, -2.0 ,  0.0,     ,  1.0,     ,  1.0, 0.0, 110.0,   12.0,   0.0,   1.0,     1.0,    16.0, -4.0   ,     0.0,        ,     0.0,        ,     0.0,     7.0
higgiti01, 1987,     1, DET , NHL , R  , 62.0, 12.0,  13.0,  25.0,  94.0, 5.0  ,  0.0,  1.0,  1.0,  0.0,  1.0, 0.0,  63.0,   13.0,   1.0,   0.0,     1.0,    26.0, 0.0    ,     0.0,     0.0,     0.0,     0.0,     1.0,     6.0
higgiti01, 1988,     1, DET , NHL , R  , 42.0,  5.0,   9.0,  14.0,  62.0, 0.0  ,  0.0,  0.0,  0.0,  1.0,  0.0, 0.0,  45.0,    1.0,   0.0,   0.0,     0.0,     0.0, 0.0    ,     0.0,     0.0,     0.0,     0.0,     0.0,     0.0
highthe01, 1943,     1, CHI , NHL , G  , 24.0,  0.0,   0.0,   0.0,   0.0,      ,     ,     ,     ,     ,     ,    ,      ,       ,      ,      ,        ,        ,        ,        ,        ,        ,        ,        ,      
hilbean01, 2001,     1, BOS , NHL , C  ,  6.0,  1.0,   0.0,   1.0,   2.0, -2.0 ,  0.0,  0.0,  0.0,  0.0,  0.0, 0.0,  11.0,       ,      ,      ,        ,        ,        ,        ,        ,        ,        ,        ,      
hilbean01, 2002,     1, BOS , NHL , C  , 14.0,  0.0,   3.0,   3.0,   7.0, -1.0 ,  0.0,  0.0,  0.0,  0.0,  0.0, 0.0,  22.0,       ,      ,      ,        ,        ,        ,        ,        ,        ,        ,        ,      
hilbean01, 2003,     1, BOS , NHL , C  , 18.0,  2.0,   0.0,   2.0,   9.0, 1.0  ,  0.0,  0.0,  0.0,  0.0,  0.0, 0.0,  27.0,    5.0,   1.0,   0.0,     1.0,     0.0, 0.0    ,     0.0,     0.0,     0.0,     0.0,     0.0,     4.0
hilbean01, 2005,     1, CHI , NHL , C  , 28.0,  5.0,   4.0,   9.0,  22.0, -4.0 ,  0.0,  0.0,  0.0,  0.0,  1.0,    ,  50.0,       ,      ,      ,        ,        ,        ,        ,        ,        ,        ,        ,      
hilbean01, 2005,     2, PIT , NHL , C  , 19.0,  7.0,  11.0,  18.0,  16.0, 8.0  ,  3.0,  4.0,  0.0,  1.0,  1.0,    ,  51.0,       ,      ,      ,        ,        ,        ,        ,        ,        ,        ,        ,      
hilbean01, 2006,     1, NYI , NHL , C  , 81.0,  8.0,  20.0,  28.0,  34.0, 10.0 ,  0.0,  0.0,  0.0,  1.0,  1.0,    , 164.0,    5.0,   0.0,   0.0,     0.0,     2.0, -1.0   ,     0.0,     0.0,     0.0,     0.0,     0.0,     8.0
hilbean01, 2007,     1, NYI , NHL , C  , 70.0,  8.0,   8.0,  16.0,  18.0, 2.0  ,  0.0,  0.0,  0.0,  0.0,  0.0,    , 127.0,       ,      ,      ,        ,        ,        ,        ,        ,        ,        ,        ,      
hilbean01, 2008,     1, NYI , NHL , C  , 67.0, 11.0,  16.0,  27.0,  22.0, -3.0 ,  1.0,  3.0,  1.0,  1.0,  0.0,    , 167.0,       ,      ,      ,        ,        ,        ,        ,        ,        ,        ,        ,      
hilbean01, 2009,     1, MIN , NHL , C  ,  4.0,  0.0,   0.0,   0.0,   2.0, -2.0 ,  0.0,  0.0,  0.0,  0.0,  0.0,    ,   6.0,       ,      ,      ,        ,        ,        ,        ,        ,        ,        ,        ,      
hildeik01, 1953,     1, NYR , NHL , R  , 31.0,  6.0,   7.0,  13.0,  12.0,      ,     ,     ,     ,     ,     ,    ,      ,       ,      ,      ,        ,        ,        ,        ,        ,        ,        ,        ,      
hildeik01, 1953,     2, CHI , NHL , R  ,  7.0,  1.0,   4.0,   5.0,   4.0,      ,     ,     ,     ,     ,     ,    ,      ,       ,      ,      ,        ,        ,        ,        ,        ,        ,        ,        ,      
hildeik01, 1954,     1, CHI , NHL , R  ,  3.0,  0.0,   0.0,   0.0,   0.0,      ,     ,     ,     ,     ,     ,    ,      ,       ,      ,      ,        ,        ,        ,        ,        ,        ,        ,        ,      
hillal01 , 1976,     1, PHI , NHL , L  ,  9.0,  2.0,   4.0,   6.0,  27.0, 6.0  ,  0.0,     ,  0.0,     ,  0.0, 0.0,   6.0,       ,      ,      ,        ,        ,        ,        ,        ,        ,        ,        ,      
hillal01 , 1977,     1, PHI , NHL , L  ,  3.0,  0.0,   0.0,   0.0,   2.0, 0.0  ,  0.0,     ,  0.0,     ,  0.0, 0.0,   3.0,       ,      ,      ,        ,        ,        ,        ,        ,        ,        ,        ,      
hillal01 , 1978,     1, PHI , NHL , L  , 31.0,  5.0,  11.0,  16.0,  28.0, 5.0  ,  1.0,     ,  0.0,     ,  1.0, 1.0,  44.0,    7.0,   1.0,   0.0,     1.0,     2.0,        ,     0.0,        ,     0.0,        ,     0.0,      
hillal01 , 1979,     1, PHI , NHL , L  , 61.0, 16.0,  10.0,  26.0,  53.0, 14.0 ,  0.0,     ,  0.0,     ,  2.0, 0.0,  79.0,   19.0,   3.0,   5.0,     8.0,    19.0,        ,     1.0,        ,     0.0,        ,     0.0,      
hillal01 , 1980,     1, PHI , NHL , L  , 57.0, 10.0,  15.0,  25.0,  45.0, 11.0 ,  0.0,     ,  0.0,     ,  2.0, 0.0,  70.0,   12.0,   2.0,   4.0,     6.0,    18.0,        ,     0.0,        ,     0.0,        ,     1.0,      
hillal01 , 1981,     1, PHI , NHL , L  , 41.0,  6.0,  13.0,  19.0,  58.0, -4.0 ,  0.0,     ,  0.0,     ,  0.0, 1.0,  50.0,    3.0,   0.0,   0.0,     0.0,     0.0,        ,     0.0,        ,     0.0,        ,     0.0,      
hillal01 , 1986,     1, PHI , NHL , L  ,  7.0,  0.0,   2.0,   2.0,   4.0, 1.0  ,  0.0,     ,  0.0,     ,  0.0, 0.0,   2.0,    9.0,   2.0,   1.0,     3.0,     0.0, 2.0    ,     0.0,        ,     0.0,        ,     0.0,     6.0
hillal01 , 1987,     1, PHI , NHL , L  , 12.0,  1.0,   0.0,   1.0,  10.0, 0.0  ,  0.0,  0.0,  0.0,  0.0,  0.0, 0.0,   9.0,    1.0,   0.0,   1.0,     1.0,     4.0, 1.0    ,     0.0,     0.0,     0.0,     0.0,     0.0,     2.0
hillbr01 , 1979,     1, HAR , NHL , R  , 19.0,  1.0,   1.0,   2.0,   4.0, -1.0 ,  0.0,     ,  0.0,     ,  0.0, 1.0,  17.0,       ,      ,      ,        ,        ,        ,        ,        ,        ,        ,        ,      
hilledu01, 1937,     1, NYR , NHL , L  ,  8.0,  0.0,   1.0,   1.0,   2.0,      ,     ,     ,     ,     ,     ,    ,      ,    1.0,   0.0,   0.0,     0.0,     0.0,        ,        ,        ,        ,        ,        ,      
hilledu01, 1938,     1, NYR , NHL , L  , 48.0, 10.0,  19.0,  29.0,  22.0,      ,     ,     ,     ,     ,     ,    ,      ,    7.0,   1.0,   0.0,     1.0,     9.0,        ,        ,        ,        ,        ,        ,      
hilledu01, 1939,     1, NYR , NHL , L  , 48.0, 13.0,  18.0,  31.0,  57.0,      ,     ,     ,     ,     ,     ,    ,      ,   12.0,   2.0,   4.0,     6.0,     2.0,        ,        ,        ,        ,        ,        ,      
hilledu01, 1940,     1, NYR , NHL , L  , 44.0,  8.0,  10.0,  18.0,  20.0,      ,     ,     ,     ,     ,     ,    ,      ,    3.0,   0.0,   0.0,     0.0,     0.0,        ,        ,        ,        ,        ,        ,      
hilledu01, 1941,     1, DET , NHL , L  ,  7.0,  0.0,   0.0,   0.0,   0.0,      ,     ,     ,     ,     ,     ,    ,      ,       ,      ,      ,        ,        ,        ,        ,        ,        ,        ,        ,      
hilledu01, 1941,     2, BOS , NHL , R  , 43.0,  7.0,  10.0,  17.0,  19.0,      ,     ,     ,     ,     ,     ,    ,      ,    5.0,   0.0,   1.0,     1.0,     0.0,        ,        ,        ,        ,        ,        ,      
hilledu01, 1942,     1, BOS , NHL , R  ,  3.0,  0.0,   0.0,   0.0,   0.0,      ,     ,     ,     ,     ,     ,    ,      ,       ,      ,      ,        ,        ,        ,        ,        ,        ,        ,        ,      
hilledu01, 1942,     2, MTL , NHL , L  , 39.0,  8.0,   6.0,  14.0,   4.0,      ,     ,     ,     ,     ,     ,    ,      ,    5.0,   1.0,   0.0,     1.0,     4.0,        ,        ,        ,        ,        ,        ,      
hilledu01, 1943,     1, NYR , NHL , L  , 50.0, 18.0,  22.0,  40.0,  15.0,      ,     ,     ,     ,     ,     ,    ,      ,       ,      ,      ,        ,        ,        ,        ,        ,        ,        ,        ,      
hilledu01, 1944,     1, MTL , NHL , R  , 48.0, 20.0,  16.0,  36.0,  20.0,      ,     ,     ,     ,     ,     ,    ,      ,    6.0,   1.0,   1.0,     2.0,     4.0,        ,        ,        ,        ,        ,        ,      
hilledu01, 1945,     1, MTL , NHL , L  , 45.0,  7.0,  11.0,  18.0,   4.0,      ,     ,     ,     ,     ,     ,    ,      ,    9.0,   4.0,   2.0,     6.0,     2.0,        ,        ,        ,        ,        ,        ,      
hilleja01, 2007,     1, NYI , NHL , D  ,  2.0,  0.0,   1.0,   1.0,   4.0, 1.0  ,  0.0,  0.0,  0.0,  0.0,  0.0,    ,   3.0,       ,      ,      ,        ,        ,        ,        ,        ,        ,        ,        ,      
hilleja01, 2008,     1, NYI , NHL , D  , 40.0,  1.0,   5.0,   6.0,  16.0, -9.0 ,  0.0,  0.0,  0.0,  1.0,  0.0,    ,  47.0,       ,      ,      ,        ,        ,        ,        ,        ,        ,        ,        ,      
hilleja01, 2009,     1, NYI , NHL , D  , 69.0,  3.0,  18.0,  21.0,  44.0, -5.0 ,  1.0,  4.0,  0.0,  1.0,  0.0,    ,  78.0,       ,      ,      ,        ,        ,        ,        ,        ,        ,        ,        ,      
hilleji01, 1992,     1, LAK , NHL , R  , 40.0,  6.0,   6.0,  12.0,  90.0, 0.0  ,  1.0,  1.0,  0.0,  0.0,  2.0, 0.0,  59.0,       ,      ,      ,        ,        ,        ,        ,        ,        ,        ,        ,      
hilleji01, 1992,     2, DET , NHL , R  , 21.0,  2.0,   6.0,   8.0,  19.0, 7.0  ,  0.0,  0.0,  0.0,  0.0,  0.0, 0.0,  24.0,    2.0,   0.0,   0.0,     0.0,     4.0, 0.0    ,     0.0,     0.0,     0.0,     0.0,     0.0,     1.0
hilleji01, 1993,     1, NYR , NHL , R  ,  2.0,  0.0,   0.0,   0.0,   7.0, 1.0  ,  0.0,  0.0,  0.0,  0.0,  0.0, 0.0,   0.0,       ,      ,      ,        ,        ,        ,        ,        ,        ,        ,        ,      
hillejo01, 2007,     1, AND , NHL , G  , 23.0,  0.0,   1.0,   1.0,   0.0, 0.0  ,  0.0,  0.0,  0.0,  0.0,  0.0,    ,   0.0,       ,      ,      ,        ,        ,        ,        ,        ,        ,        ,        ,      
hillejo01, 2008,     1, AND , NHL , G  , 46.0,  0.0,   0.0,   0.0,   0.0, 0.0  ,  0.0,  0.0,  0.0,  0.0,  0.0,    ,   0.0,   13.0,   0.0,   0.0,     0.0,     0.0, 0.0    ,     0.0,     0.0,     0.0,     0.0,     0.0,     0.0
hillejo01, 2009,     1, AND , NHL , G  , 59.0,  0.0,   2.0,   2.0,   0.0, 0.0  ,  0.0,  0.0,  0.0,  0.0,  0.0,    ,   0.0,       ,      ,      ,        ,        ,        ,        ,        ,        ,        ,        ,      
hillge01 , 1909,     1, MOS , NHA ,    ,  5.0,  1.0,   0.0,   1.0,   6.0,      ,     ,     ,     ,     ,     ,    ,      ,       ,      ,      ,        ,        ,        ,        ,        ,        ,        ,        ,      
hillira01, 1981,     1, BOS , NHL , D  , 25.0,  0.0,   8.0,   8.0,  29.0, 6.0  ,  0.0,     ,  0.0,     ,  0.0, 0.0,  17.0,    8.0,   0.0,   1.0,     1.0,    16.0,        ,     0.0,        ,     0.0,        ,     0.0,      
hillira01, 1982,     1, BOS , NHL , D  , 70.0,  0.0,  10.0,  10.0,  99.0, 10.0 ,  0.0,     ,  0.0,     ,  0.0, 0.0,  45.0,    3.0,   0.0,   0.0,     0.0,     4.0,        ,     0.0,        ,     0.0,        ,     0.0,      
hillira01, 1983,     1, BOS , NHL , D  , 69.0,  3.0,  12.0,  15.0, 125.0, -5.0 ,  0.0,     ,  0.0,     ,  0.0, 0.0,  62.0,       ,      ,      ,        ,        ,        ,        ,        ,        ,        ,        ,      
hillira01, 1984,     1, PIT , NHL , D  , 45.0,  2.0,  19.0,  21.0,  56.0, -12.0,  1.0,     ,  0.0,     ,  1.0, 0.0,  58.0,       ,      ,      ,        ,        ,        ,        ,        ,        ,        ,        ,      
hillira01, 1985,     1, PIT , NHL , D  , 28.0,  0.0,   3.0,   3.0,  53.0, -3.0 ,  0.0,     ,  0.0,     ,  0.0, 0.0,  22.0,       ,      ,      ,        ,        ,        ,        ,        ,        ,        ,        ,      
hillira01, 1986,     1, PIT , NHL , D  , 55.0,  4.0,   8.0,  12.0,  97.0, 12.0 ,  0.0,     ,  0.0,     ,  0.0, 0.0,  51.0,       ,      ,      ,        ,        ,        ,        ,        ,        ,        ,        ,      
hillira01, 1987,     1, PIT , NHL , D  , 55.0,  1.0,  12.0,  13.0, 144.0, -6.0 ,  0.0,  3.0,  0.0,  1.0,  0.0, 1.0,  44.0,       ,      ,      ,        ,        ,        ,        ,        ,        ,        ,        ,      
hillira01, 1988,     1, PIT , NHL , D  , 68.0,  1.0,  23.0,  24.0, 141.0, -4.0 ,  0.0,  0.0,  1.0,  3.0,  0.0, 0.0,  37.0,    9.0,   0.0,   1.0,     1.0,    49.0, -1.0   ,     0.0,     0.0,     0.0,     0.0,     0.0,     8.0
hillira01, 1989,     1, PIT , NHL , D  , 61.0,  3.0,  12.0,  15.0,  71.0, 11.0 ,  0.0,  1.0,  0.0,  0.0,  1.0, 0.0,  45.0,       ,      ,      ,        ,        ,        ,        ,        ,        ,        ,        ,      
hillira01, 1990,     1, PIT , NHL , D  , 31.0,  2.0,   2.0,   4.0,  32.0, -3.0 ,  0.0,  0.0,  0.0,  0.0,  0.0, 0.0,  14.0,    8.0,   0.0,   0.0,     0.0,    24.0, 1.0    ,     0.0,     0.0,     0.0,     0.0,     0.0,     2.0
hillira01, 1991,     1, NYI , NHL , D  ,  8.0,  0.0,   0.0,   0.0,  11.0, -3.0 ,  0.0,  0.0,  0.0,  0.0,  0.0, 0.0,   5.0,       ,      ,      ,        ,        ,        ,        ,        ,        ,        ,        ,      
hillira01, 1991,     2, BUF , NHL , D  , 28.0,  0.0,   1.0,   1.0,  48.0, -14.0,  0.0,  0.0,  0.0,  0.0,  0.0, 0.0,  18.0,       ,      ,      ,        ,        ,        ,        ,        ,        ,        ,        ,      
hillme01 , 1937,     1, BOS , NHL , R  ,  8.0,  2.0,   0.0,   2.0,   2.0,      ,     ,     ,     ,     ,     ,    ,      ,    1.0,   0.0,   0.0,     0.0,     0.0,        ,        ,        ,        ,        ,        ,      
hillme01 , 1938,     1, BOS , NHL , R  , 44.0, 10.0,  10.0,  20.0,  16.0,      ,     ,     ,     ,     ,     ,    ,      ,   12.0,   6.0,   3.0,     9.0,    12.0,        ,        ,        ,        ,        ,        ,      
hillme01 , 1939,     1, BOS , NHL , R  , 38.0,  9.0,  11.0,  20.0,  19.0,      ,     ,     ,     ,     ,     ,    ,      ,    3.0,   0.0,   0.0,     0.0,     0.0,        ,        ,        ,        ,        ,        ,      
hillme01 , 1940,     1, BOS , NHL , R  , 41.0,  5.0,   4.0,   9.0,   4.0,      ,     ,     ,     ,     ,     ,    ,      ,    8.0,   1.0,   1.0,     2.0,     0.0,        ,        ,        ,        ,        ,        ,      
hillme01 , 1941,     1, BKN , NHL , R  , 47.0, 14.0,  23.0,  37.0,  10.0,      ,     ,     ,     ,     ,     ,    ,      ,       ,      ,      ,        ,        ,        ,        ,        ,        ,        ,        ,      
hillme01 , 1942,     1, TOR , NHL , R  , 49.0, 17.0,  27.0,  44.0,  47.0,      ,     ,     ,     ,     ,     ,    ,      ,    6.0,   3.0,   0.0,     3.0,     0.0,        ,        ,        ,        ,        ,        ,      
hillme01 , 1943,     1, TOR , NHL , R  , 17.0,  9.0,  10.0,  19.0,   6.0,      ,     ,     ,     ,     ,     ,    ,      ,       ,      ,      ,        ,        ,        ,        ,        ,        ,        ,        ,      
hillme01 , 1944,     1, TOR , NHL , R  , 45.0, 18.0,  17.0,  35.0,  14.0,      ,     ,     ,     ,     ,     ,    ,      ,   13.0,   2.0,   3.0,     5.0,     6.0,        ,        ,        ,        ,        ,        ,      
hillme01 , 1945,     1, TOR , NHL , R  , 35.0,  5.0,   7.0,  12.0,  10.0,      ,     ,     ,     ,     ,     ,    ,      ,       ,      ,      ,        ,        ,        ,        ,        ,        ,        ,        ,      
hillmfl01, 1956,     1, BOS , NHL , D  ,  6.0,  0.0,   0.0,   0.0,  10.0,      ,     ,     ,     ,     ,     ,    ,      ,       ,      ,      ,        ,        ,        ,        ,        ,        ,        ,        ,      
hillmla01, 1954,     1, DET , NHL , D  ,  6.0,  0.0,   0.0,   0.0,   2.0,      ,     ,     ,     ,     ,     ,    ,      ,    3.0,   0.0,   0.0,     0.0,     0.0,        ,        ,        ,        ,        ,        ,      
hillmla01, 1955,     1, DET , NHL , D  , 47.0,  0.0,   3.0,   3.0,  53.0,      ,     ,     ,     ,     ,     ,    ,      ,   10.0,   0.0,   1.0,     1.0,     6.0,        ,        ,        ,        ,        ,        ,      
hillmla01, 1956,     1, DET , NHL , D  , 16.0,  1.0,   2.0,   3.0,   4.0,      ,     ,     ,     ,     ,     ,    ,      ,       ,      ,      ,        ,        ,        ,        ,        ,        ,        ,        ,      
hillmla01, 1957,     1, BOS , NHL , D  , 70.0,  3.0,  19.0,  22.0,  60.0,      ,     ,     ,     ,     ,     ,    ,      ,   11.0,   0.0,   2.0,     2.0,     6.0,        ,        ,        ,        ,        ,        ,      
hillmla01, 1958,     1, BOS , NHL , D  , 55.0,  3.0,  10.0,  13.0,  19.0,      ,     ,     ,     ,     ,     ,    ,      ,    7.0,   0.0,   1.0,     1.0,     0.0,        ,        ,        ,        ,        ,        ,      
hillmla01, 1959,     1, BOS , NHL , D  ,  2.0,  0.0,   1.0,   1.0,   2.0,      ,     ,     ,     ,     ,     ,    ,      ,       ,      ,      ,        ,        ,        ,        ,        ,        ,        ,        ,      
hillmla01, 1960,     1, TOR , NHL , D  , 62.0,  3.0,  10.0,  13.0,  59.0,      ,     ,     ,     ,     ,     ,    ,      ,    5.0,   0.0,   0.0,     0.0,     0.0,        ,        ,        ,        ,        ,     0.0,      
hillmla01, 1961,     1, TOR , NHL , D  ,  5.0,  0.0,   0.0,   0.0,   4.0,      ,     ,     ,     ,     ,     ,    ,      ,       ,      ,      ,        ,        ,        ,        ,        ,        ,        ,        ,      
hillmla01, 1962,     1, TOR , NHL , D  ,  5.0,  0.0,   0.0,   0.0,   2.0,      ,     ,     ,     ,     ,     ,    ,      ,       ,      ,      ,        ,        ,        ,        ,        ,        ,        ,        ,      
hillmla01, 1963,     1, TOR , NHL , D  , 33.0,  0.0,   4.0,   4.0,  31.0,      ,  0.0,     ,  0.0,     ,  0.0, 0.0,      ,   11.0,   0.0,   0.0,     0.0,     2.0,        ,        ,        ,        ,        ,     0.0,      
hillmla01, 1964,     1, TOR , NHL , D  ,  2.0,  0.0,   0.0,   0.0,   2.0,      ,  0.0,     ,  0.0,     ,  0.0, 0.0,      ,       ,      ,      ,        ,        ,        ,        ,        ,        ,        ,        ,      
hillmla01, 1965,     1, TOR , NHL , D  , 48.0,  3.0,  25.0,  28.0,  34.0,      ,  3.0,     ,  0.0,     ,  0.0, 0.0,      ,    4.0,   1.0,   1.0,     2.0,     6.0,        ,        ,        ,        ,        ,     0.0,      
hillmla01, 1966,     1, TOR , NHL , D  , 55.0,  4.0,  19.0,  23.0,  40.0,      ,  0.0,     ,  0.0,     ,  0.0, 0.0,      ,   12.0,   1.0,   2.0,     3.0,     0.0,        ,        ,        ,        ,        ,     0.0,      
hillmla01, 1967,     1, TOR , NHL , D  , 55.0,  3.0,  17.0,  20.0,  13.0, 7.0  ,  2.0,     ,  0.0,     ,  1.0, 0.0,  92.0,       ,      ,      ,        ,        ,        ,        ,        ,        ,        ,        ,      
hillmla01, 1968,     1, MNS , NHL , D  , 12.0,  1.0,   5.0,   6.0,   0.0, -8.0 ,  1.0,     ,  0.0,     ,  0.0, 0.0,  20.0,       ,      ,      ,        ,        ,        ,        ,        ,        ,        ,        ,      
hillmla01, 1968,     2, MTL , NHL , D  , 25.0,  0.0,   5.0,   5.0,  17.0, -2.0 ,  0.0,     ,  0.0,     ,  0.0, 0.0,  14.0,    1.0,   0.0,   0.0,     0.0,     0.0,        ,     0.0,        ,     0.0,        ,     0.0,      
hillmla01, 1969,     1, PHI , NHL , D  , 76.0,  5.0,  26.0,  31.0,  73.0, -9.0 ,  2.0,     ,  0.0,     ,  0.0, 0.0, 252.0,       ,      ,      ,        ,        ,        ,        ,        ,        ,        ,        ,      
hillmla01, 1970,     1, PHI , NHL , D  , 73.0,  3.0,  13.0,  16.0,  39.0, 9.0  ,  0.0,     ,  0.0,     ,  0.0, 1.0, 177.0,    4.0,   0.0,   2.0,     2.0,     2.0,        ,     0.0,        ,     0.0,        ,     0.0,      
hillmla01, 1971,     1, LAK , NHL , D  , 22.0,  1.0,   2.0,   3.0,  11.0, -7.0 ,  0.0,     ,  0.0,     ,  0.0, 0.0,  13.0,       ,      ,      ,        ,        ,        ,        ,        ,        ,        ,        ,      
hillmla01, 1971,     2, BUF , NHL , D  , 43.0,  1.0,  11.0,  12.0,  58.0, -21.0,  0.0,     ,  0.0,     ,  0.0, 0.0,  78.0,       ,      ,      ,        ,        ,        ,        ,        ,        ,        ,        ,      
hillmla01, 1972,     1, BUF , NHL , D  , 78.0,  5.0,  24.0,  29.0,  56.0, -3.0 ,  2.0,     ,  0.0,     ,  0.0, 0.0, 102.0,    6.0,   0.0,   0.0,     0.0,     8.0,        ,     0.0,        ,     0.0,        ,     0.0,      
hillmla01, 1973,     1, CLC , WHA , D  , 44.0,  5.0,  21.0,  26.0,  37.0,      ,  1.0,     ,  0.0,     ,  0.0,    ,      ,       ,      ,      ,        ,        ,        ,        ,        ,        ,        ,        ,      
hillmla01, 1974,     1, CLC , WHA , D  , 77.0,  0.0,  16.0,  16.0,  83.0, -6.0 ,  0.0,     ,  0.0,     ,  0.0,    , 151.0,    5.0,   1.0,   3.0,     4.0,     0.0,        ,        ,        ,        ,        ,     1.0,      
hillmla01, 1975,     1, WIJ , WHA , D  , 71.0,  1.0,  12.0,  13.0,  62.0, -3.0 ,  0.0,     ,  0.0,     ,  0.0,    ,  67.0,   12.0,   0.0,   2.0,     2.0,    32.0, 2.0    ,        ,        ,        ,        ,        ,      
hillmwa01, 1960,     1, CHI , NHL , D  ,     ,     ,      ,      ,      ,      ,     ,     ,     ,     ,     ,    ,      ,    1.0,   0.0,   0.0,     0.0,     0.0,        ,        ,        ,        ,        ,     0.0,      
hillmwa01, 1961,     1, CHI , NHL , D  , 19.0,  0.0,   2.0,   2.0,  14.0,      ,     ,     ,     ,     ,     ,    ,      ,       ,      ,      ,        ,        ,        ,        ,        ,        ,        ,        ,      
hillmwa01, 1962,     1, CHI , NHL , D  , 67.0,  3.0,   5.0,   8.0,  74.0,      ,     ,     ,     ,     ,     ,    ,      ,    6.0,   0.0,   2.0,     2.0,     2.0,        ,        ,        ,        ,        ,     0.0,      
hillmwa01, 1963,     1, CHI , NHL , D  , 59.0,  1.0,   4.0,   5.0,  51.0,      ,  0.0,     ,  0.0,     ,  0.0, 1.0,      ,    7.0,   0.0,   1.0,     1.0,    15.0,        ,        ,        ,        ,        ,     0.0,      
hillmwa01, 1964,     1, CHI , NHL , D  , 19.0,  0.0,   1.0,   1.0,   8.0,      ,  0.0,     ,  0.0,     ,  0.0, 0.0,      ,       ,      ,      ,        ,        ,        ,        ,        ,        ,        ,        ,      
hillmwa01, 1964,     2, NYR , NHL , D  , 22.0,  1.0,   7.0,   8.0,  26.0,      ,  0.0,     ,  0.0,     ,  0.0, 0.0,      ,       ,      ,      ,        ,        ,        ,        ,        ,        ,        ,        ,      
hillmwa01, 1965,     1, NYR , NHL , D  , 68.0,  3.0,  17.0,  20.0,  70.0,      ,  0.0,     ,  0.0,     ,  1.0, 0.0,      ,       ,      ,      ,        ,        ,        ,        ,        ,        ,        ,        ,      
hillmwa01, 1966,     1, NYR , NHL , D  , 67.0,  2.0,  12.0,  14.0,  43.0,      ,  0.0,     ,  0.0,     ,  1.0, 1.0,      ,    4.0,   0.0,   0.0,     0.0,     2.0,        ,        ,        ,        ,        ,     0.0,      
hillmwa01, 1967,     1, NYR , NHL , D  , 62.0,  0.0,   5.0,   5.0,  46.0, 9.0  ,  0.0,     ,  0.0,     ,  0.0, 0.0,  39.0,    2.0,   0.0,   0.0,     0.0,     0.0,        ,     0.0,        ,     0.0,        ,     0.0,      
hillmwa01, 1968,     1, MNS , NHL , D  , 50.0,  0.0,   8.0,   8.0,  32.0, -25.0,  0.0,     ,  0.0,     ,  0.0, 0.0,  44.0,       ,      ,      ,        ,        ,        ,        ,        ,        ,        ,        ,      
hillmwa01, 1969,     1, PHI , NHL , D  , 68.0,  3.0,   5.0,   8.0,  69.0, -9.0 ,  0.0,     ,  0.0,     ,  0.0, 0.0,  79.0,       ,      ,      ,        ,        ,        ,        ,        ,        ,        ,        ,      
hillmwa01, 1970,     1, PHI , NHL , D  , 69.0,  5.0,   7.0,  12.0,  47.0, 12.0 ,  0.0,     ,  0.0,     ,  1.0, 1.0,  71.0,       ,      ,      ,        ,        ,        ,        ,        ,        ,        ,        ,      
hillmwa01, 1971,     1, PHI , NHL , D  , 47.0,  0.0,   3.0,   3.0,  21.0, -16.0,  0.0,     ,  0.0,     ,  0.0, 0.0,  18.0,       ,      ,      ,        ,        ,        ,        ,        ,        ,        ,        ,      
hillmwa01, 1972,     1, PHI , NHL , D  , 74.0,  0.0,  10.0,  10.0,  33.0, 16.0 ,  0.0,     ,  0.0,     ,  0.0, 0.0,  41.0,    8.0,   0.0,   0.0,     0.0,     0.0,        ,     0.0,        ,     0.0,        ,     0.0,      
hillmwa01, 1973,     1, CLC , WHA , D  , 66.0,  1.0,   7.0,   8.0,  51.0,      ,  0.0,     ,  0.0,     ,  0.0,    ,      ,    5.0,   0.0,   0.0,     0.0,    16.0,        ,        ,        ,        ,        ,     0.0,      
hillmwa01, 1974,     1, CLC , WHA , D  , 60.0,  2.0,   9.0,  11.0,  37.0, 3.0  ,  0.0,     ,  0.0,     ,     ,    ,  30.0,    5.0,   0.0,   2.0,     2.0,     2.0,        ,     0.0,        ,     0.0,        ,     0.0,      
hillse01 , 1990,     1, MTL , NHL , D  ,     ,     ,      ,      ,      ,      ,     ,     ,     ,     ,     ,    ,      ,    1.0,   0.0,   0.0,     0.0,     0.0, 0.0    ,     0.0,     0.0,     0.0,     0.0,     0.0,     0.0
hillse01 , 1991,     1, MTL , NHL , D  ,     ,     ,      ,      ,      ,      ,     ,     ,     ,     ,     ,    ,      ,    4.0,   1.0,   0.0,     1.0,     2.0, 1.0    ,     0.0,     0.0,     0.0,     0.0,     0.0,     4.0
hillse01 , 1992,     1, MTL , NHL , D  , 31.0,  2.0,   6.0,   8.0,  54.0, -5.0 ,  1.0,  2.0,  0.0,  0.0,  1.0, 0.0,  37.0,    3.0,   0.0,   0.0,     0.0,     4.0, 1.0    ,     0.0,     0.0,     0.0,     0.0,     0.0,     2.0
hillse01 , 1993,     1, ANA , NHL , D  , 68.0,  7.0,  20.0,  27.0,  78.0, -12.0,  2.0, 12.0,  1.0,  1.0,  1.0, 0.0, 165.0,       ,      ,      ,        ,        ,        ,        ,        ,        ,        ,        ,      
hillse01 , 1994,     1, OTT , NHL , D  , 45.0,  1.0,  14.0,  15.0,  30.0, -11.0,  0.0,  6.0,  0.0,  0.0,  0.0, 0.0, 107.0,       ,      ,      ,        ,        ,        ,        ,        ,        ,        ,        ,      
hillse01 , 1995,     1, OTT , NHL , D  , 80.0,  7.0,  14.0,  21.0,  94.0, -26.0,  2.0,  2.0,  0.0,  2.0,  2.0, 0.0, 157.0,       ,      ,      ,        ,        ,        ,        ,        ,        ,        ,        ,      
hillse01 , 1996,     1, OTT , NHL , D  ,  5.0,  0.0,   0.0,   0.0,   4.0, 1.0  ,  0.0,  0.0,  0.0,  0.0,  0.0, 0.0,   9.0,       ,      ,      ,        ,        ,        ,        ,        ,        ,        ,        ,      
hillse01 , 1997,     1, OTT , NHL , D  , 13.0,  1.0,   1.0,   2.0,   6.0, -3.0 ,  0.0,  0.0,  0.0,  0.0,  0.0, 0.0,  16.0,       ,      ,      ,        ,        ,        ,        ,        ,        ,        ,        ,      
hillse01 , 1997,     2, CAR , NHL , D  , 42.0,  0.0,   5.0,   5.0,  48.0, -2.0 ,  0.0,  1.0,  0.0,  0.0,  0.0, 0.0,  37.0,       ,      ,      ,        ,        ,        ,        ,        ,        ,        ,        ,      
hillse01 , 1998,     1, CAR , NHL , D  , 54.0,  0.0,  10.0,  10.0,  48.0, 9.0  ,  0.0,  0.0,  0.0,  0.0,  0.0, 0.0,  44.0,       ,      ,      ,        ,        ,        ,        ,        ,        ,        ,        ,      
hillse01 , 1999,     1, CAR , NHL , D  , 62.0, 13.0,  31.0,  44.0,  59.0, 3.0  ,  8.0, 18.0,  0.0,  2.0,  2.0, 0.0, 150.0,       ,      ,      ,        ,        ,        ,        ,        ,        ,        ,        ,      
hillse01 , 2000,     1, STL , NHL , D  , 48.0,  1.0,  10.0,  11.0,  51.0, 5.0  ,  0.0,  2.0,  0.0,  0.0,  0.0, 0.0,  47.0,   15.0,   0.0,   1.0,     1.0,    12.0, -1.0   ,     0.0,     0.0,     0.0,     0.0,     0.0,    16.0
hillse01 , 2001,     1, STL , NHL , D  , 23.0,  0.0,   3.0,   3.0,  28.0, 1.0  ,  0.0,  1.0,  0.0,  0.0,  0.0, 0.0,  29.0,       ,      ,      ,        ,        ,        ,        ,        ,        ,        ,        ,      
hillse01 , 2001,     2, CAR , NHL , D  , 49.0,  7.0,  23.0,  30.0,  61.0, -1.0 ,  4.0, 16.0,  0.0,  0.0,  2.0, 0.0, 116.0,   23.0,   4.0,   4.0,     8.0,    20.0, 0.0    ,     4.0,     4.0,     0.0,     0.0,     1.0,    57.0
hillse01 , 2002,     1, CAR , NHL , D  , 82.0,  5.0,  24.0,  29.0, 141.0, 4.0  ,  1.0, 18.0,  0.0,  0.0,  0.0, 0.0, 188.0,       ,      ,      ,        ,        ,        ,        ,        ,        ,        ,        ,      
hillse01 , 2003,     1, CAR , NHL , D  , 80.0, 13.0,  26.0,  39.0,  84.0, -2.0 ,  6.0, 13.0,  0.0,  1.0,  1.0, 0.0, 228.0,       ,      ,      ,        ,        ,        ,        ,        ,        ,        ,        ,      
hillse01 , 2005,     1, FLO , NHL , D  , 78.0,  2.0,  18.0,  20.0,  80.0, 3.0  ,  1.0,  3.0,  0.0,  0.0,  0.0,    , 110.0,       ,      ,      ,        ,        ,        ,        ,        ,        ,        ,        ,      
hillse01 , 2006,     1, NYI , NHL , D  , 81.0,  1.0,  24.0,  25.0, 110.0, 6.0  ,  0.0, 12.0,  0.0,  0.0,  0.0,    ,  88.0,    4.0,   0.0,   0.0,     0.0,     0.0, -1.0   ,     0.0,     0.0,     0.0,     0.0,     0.0,     3.0
hillse01 , 2007,     1, MIN , NHL , D  , 35.0,  2.0,   7.0,   9.0,  32.0, -16.0,  1.0,  4.0,  0.0,  0.0,  1.0,    ,  18.0,    5.0,   0.0,   0.0,     0.0,     4.0, -2.0   ,     0.0,     0.0,     0.0,     0.0,     0.0,     1.0
hilwojo01, 1977,     1, DET , NHL , D  ,  5.0,  0.0,   0.0,   0.0,  12.0, 0.0  ,  0.0,     ,  0.0,     ,  0.0, 0.0,   0.0,       ,      ,      ,        ,        ,        ,        ,        ,        ,        ,        ,      
hilwojo01, 1978,     1, DET , NHL , D  , 37.0,  1.0,   1.0,   2.0,  66.0, -13.0,  0.0,     ,  0.0,     ,  0.0, 0.0,  25.0,       ,      ,      ,        ,        ,        ,        ,        ,        ,        ,        ,      
hilwojo01, 1979,     1, DET , NHL , D  , 15.0,  0.0,   0.0,   0.0,  11.0, -2.0 ,  0.0,     ,  0.0,     ,  0.0, 0.0,   7.0,       ,      ,      ,        ,        ,        ,        ,        ,        ,        ,        ,      
himesno01, 1926,     1, NYA , NHL , C  , 42.0,  9.0,   2.0,  11.0,  14.0,      ,     ,     ,     ,     ,     ,    ,      ,       ,      ,      ,        ,        ,        ,        ,        ,        ,        ,        ,      
himesno01, 1927,     1, NYA , NHL , C  , 44.0, 14.0,   5.0,  19.0,  22.0,      ,     ,     ,     ,     ,     ,    ,      ,       ,      ,      ,        ,        ,        ,        ,        ,        ,        ,        ,      
himesno01, 1928,     1, NYA , NHL , C  , 44.0, 10.0,   0.0,  10.0,  25.0,      ,     ,     ,     ,     ,     ,    ,      ,    2.0,   0.0,   0.0,     0.0,     0.0,        ,        ,        ,        ,        ,        ,      
himesno01, 1929,     1, NYA , NHL , C  , 44.0, 28.0,  22.0,  50.0,  15.0,      ,     ,     ,     ,     ,     ,    ,      ,       ,      ,      ,        ,        ,        ,        ,        ,        ,        ,        ,      
himesno01, 1930,     1, NYA , NHL , C  , 44.0, 15.0,   9.0,  24.0,  18.0,      ,     ,     ,     ,     ,     ,    ,      ,       ,      ,      ,        ,        ,        ,        ,        ,        ,        ,        ,      
himesno01, 1931,     1, NYA , NHL , C  , 48.0,  7.0,  21.0,  28.0,   9.0,      ,     ,     ,     ,     ,     ,    ,      ,       ,      ,      ,        ,        ,        ,        ,        ,        ,        ,        ,      
himesno01, 1932,     1, NYA , NHL , C  , 48.0,  9.0,  25.0,  34.0,  12.0,      ,     ,     ,     ,     ,     ,    ,      ,       ,      ,      ,        ,        ,        ,        ,        ,        ,        ,        ,      
himesno01, 1933,     1, NYA , NHL , C  , 48.0,  9.0,  16.0,  25.0,  10.0,      ,     ,     ,     ,     ,     ,    ,      ,       ,      ,      ,        ,        ,        ,        ,        ,        ,        ,        ,      
himesno01, 1934,     1, NYA , NHL , C  , 40.0,  5.0,  13.0,  18.0,   2.0,      ,     ,     ,     ,     ,     ,    ,      ,       ,      ,      ,        ,        ,        ,        ,        ,        ,        ,        ,      
hindmda01, 1980,     1, CAL , NHL , R  ,  1.0,  1.0,   0.0,   1.0,   0.0, 0.0  ,  0.0,     ,  0.0,     ,  0.0, 0.0,   1.0,    6.0,   0.0,   0.0,     0.0,     2.0,        ,     0.0,        ,     0.0,        ,     0.0,      
hindmda01, 1981,     1, CAL , NHL , R  ,  9.0,  3.0,   0.0,   3.0,   0.0, -4.0 ,  0.0,     ,  0.0,     ,  0.0, 0.0,  10.0,       ,      ,      ,        ,        ,        ,        ,        ,        ,        ,        ,      
hindmda01, 1982,     1, CAL , NHL , R  , 60.0, 11.0,  12.0,  23.0,  23.0, -8.0 ,  0.0,     ,  0.0,     ,  1.0, 1.0,  86.0,    4.0,   0.0,   0.0,     0.0,     4.0,        ,     0.0,        ,     0.0,        ,     0.0,      
hindmda01, 1983,     1, CAL , NHL , R  , 29.0,  6.0,   5.0,  11.0,   2.0, -2.0 ,  0.0,     ,  0.0,     ,  0.0, 1.0,  49.0,       ,      ,      ,        ,        ,        ,        ,        ,        ,        ,        ,      
hinotda01, 1999,     1, COL , NHL , R  , 27.0,  1.0,   3.0,   4.0,  10.0, 0.0  ,  0.0,  1.0,  0.0,  0.0,  0.0, 0.0,  14.0,       ,      ,      ,        ,        ,        ,        ,        ,        ,        ,        ,      
hinotda01, 2000,     1, COL , NHL , C  , 76.0,  5.0,  10.0,  15.0,  51.0, 1.0  ,  1.0,  2.0,  0.0,  0.0,  1.0, 0.0,  69.0,   23.0,   2.0,   4.0,     6.0,    21.0, 4.0    ,     0.0,     0.0,     0.0,     0.0,     0.0,    16.0
hinotda01, 2001,     1, COL , NHL , C  , 58.0,  6.0,   6.0,  12.0,  39.0, 8.0  ,  0.0,  0.0,  1.0,  0.0,  3.0, 0.0,  75.0,   19.0,   1.0,   2.0,     3.0,     9.0, -3.0   ,     0.0,     0.0,     0.0,     0.0,     0.0,    16.0
hinotda01, 2002,     1, COL , NHL , C  , 60.0,  6.0,   4.0,  10.0,  49.0, 4.0  ,  0.0,  1.0,  0.0,  0.0,  3.0, 0.0,  65.0,    7.0,   1.0,   2.0,     3.0,     2.0, 0.0    ,     0.0,     0.0,     0.0,     0.0,     0.0,     9.0
hinotda01, 2003,     1, COL , NHL , R  , 59.0,  4.0,   7.0,  11.0,  57.0, -6.0 ,  0.0,  0.0,  2.0,  0.0,  0.0, 0.0,  53.0,   11.0,   1.0,   0.0,     1.0,     0.0, 2.0    ,     0.0,     0.0,     1.0,     0.0,     0.0,    15.0
hinotda01, 2005,     1, COL , NHL , C  , 73.0,  5.0,   8.0,  13.0,  48.0, -5.0 ,  0.0,  0.0,  1.0,  1.0,  2.0,    ,  70.0,    9.0,   1.0,   1.0,     2.0,    31.0, -2.0   ,     0.0,     0.0,     0.0,     0.0,     0.0,    10.0
hinotda01, 2006,     1, STL , NHL , R  , 41.0,  5.0,   5.0,  10.0,  23.0, -8.0 ,  0.0,  0.0,  0.0,  2.0,  1.0,    ,  37.0,       ,      ,      ,        ,        ,        ,        ,        ,        ,        ,        ,      
hinotda01, 2007,     1, STL , NHL , R  , 58.0,  5.0,   5.0,  10.0,  42.0, -3.0 ,  0.0,  0.0,  0.0,  0.0,  0.0,    ,  42.0,       ,      ,      ,        ,        ,        ,        ,        ,        ,        ,        ,      
hinotda01, 2008,     1, STL , NHL , R  , 51.0,  1.0,   4.0,   5.0,  64.0, -7.0 ,  0.0,  1.0,  0.0,  1.0,  0.0,    ,  24.0,    3.0,   0.0,   0.0,     0.0,     4.0, -1.0   ,     0.0,     0.0,     0.0,     0.0,     0.0,     1.0
hinsean01, 1967,     1, TOR , NHL , L  ,  4.0,  0.0,   0.0,   0.0,   0.0, -2.0 ,  0.0,     ,  0.0,     ,  0.0, 0.0,   1.0,       ,      ,      ,        ,        ,        ,        ,        ,        ,        ,        ,      
hinsean01, 1973,     1, HOU , WHA , L  , 69.0, 24.0,  56.0,  80.0,  39.0,      , 10.0,     ,  0.0,     ,  3.0,    ,      ,   14.0,   8.0,   9.0,    17.0,    18.0,        ,        ,        ,        ,        ,     1.0,      
hinsean01, 1974,     1, HOU , WHA , L  , 75.0, 39.0,  47.0,  86.0,  12.0, 34.0 , 13.0,     ,  0.0,     ,     ,    , 190.0,   11.0,   5.0,   4.0,     9.0,     8.0,        ,        ,        ,        ,        ,     0.0,      
hinsean01, 1975,     1, HOU , WHA , L  , 70.0, 35.0,  38.0,  73.0,   6.0, 12.0 , 12.0,     ,  0.0,     ,  6.0,    , 158.0,   17.0,   2.0,   3.0,     5.0,     2.0, -10.0  ,        ,        ,        ,        ,        ,      
hinsean01, 1976,     1, HOU , WHA , L  , 26.0,  2.0,   3.0,   5.0,   8.0, -9.0 ,  0.0,     ,  0.0,     ,     ,    ,  33.0,       ,      ,      ,        ,        ,        ,        ,        ,        ,        ,        ,      
hinsean01, 1976,     2, PHR , WHA , L  , 16.0,  2.0,   7.0,   9.0,   4.0, -7.0 ,  0.0,     ,  0.0,     ,     ,    ,  19.0,       ,      ,      ,        ,        ,        ,        ,        ,        ,        ,        ,      
hintoda01, 1976,     1, CHI , NHL , L  , 14.0,  0.0,   0.0,   0.0,  16.0, -5.0 ,  0.0,     ,  0.0,     ,  0.0, 0.0,  11.0,       ,      ,      ,        ,        ,        ,        ,        ,        ,        ,        ,      
hirrora01, 1978,     1, FIN , WHA ,    ,  1.0,  0.0,   0.0,   0.0,   0.0,      ,  0.0,     ,  0.0,     ,  0.0,    ,      ,       ,      ,      ,        ,        ,        ,        ,        ,        ,        ,        ,      
hirscbe01, 1949,     1, MTL , NHL , L  , 13.0,  1.0,   2.0,   3.0,   2.0,      ,     ,     ,     ,     ,     ,    ,      ,    5.0,   1.0,   0.0,     1.0,     0.0,        ,        ,        ,        ,        ,        ,      
hirscbe01, 1950,     1, MTL , NHL , L  , 20.0,  0.0,   2.0,   2.0,   0.0,      ,     ,     ,     ,     ,     ,    ,      ,       ,      ,      ,        ,        ,        ,        ,        ,        ,        ,        ,      
hirscco01, 1992,     1, NYR , NHL , G  ,  4.0,  0.0,   0.0,   0.0,   0.0, 0.0  ,  0.0,  0.0,  0.0,  0.0,  0.0, 0.0,   0.0,       ,      ,      ,        ,        ,        ,        ,        ,        ,        ,        ,      
hirscco01, 1995,     1, VAN , NHL , G  , 41.0,  0.0,   2.0,   2.0,   2.0, 0.0  ,  0.0,  2.0,  0.0,  0.0,  0.0, 0.0,   0.0,    6.0,   0.0,   0.0,     0.0,     2.0, 0.0    ,     0.0,     0.0,     0.0,     0.0,     0.0,     0.0
hirscco01, 1996,     1, VAN , NHL , G  , 39.0,  0.0,   1.0,   1.0,   6.0, 0.0  ,  0.0,  0.0,  0.0,  0.0,  0.0, 0.0,   0.0,       ,      ,      ,        ,        ,        ,        ,        ,        ,        ,        ,      
hirscco01, 1997,     1, VAN , NHL , G  ,  1.0,  0.0,   0.0,   0.0,   0.0, 0.0  ,  0.0,  0.0,  0.0,  0.0,  0.0, 0.0,   0.0,       ,      ,      ,        ,        ,        ,        ,        ,        ,        ,        ,      
hirscco01, 1998,     1, VAN , NHL , G  , 20.0,  0.0,   0.0,   0.0,   0.0, 0.0  ,  0.0,  0.0,  0.0,  0.0,  0.0, 0.0,   0.0,       ,      ,      ,        ,        ,        ,        ,        ,        ,        ,        ,      
hirscco01, 2000,     1, WAS , NHL , G  ,  1.0,  0.0,   0.0,   0.0,   0.0, 0.0  ,  0.0,  0.0,  0.0,  0.0,  0.0, 0.0,   0.0,       ,      ,      ,        ,        ,        ,        ,        ,        ,        ,        ,      
hirscco01, 2002,     1, DAL , NHL , G  ,  2.0,  0.0,   0.0,   0.0,   0.0, 0.0  ,  0.0,  0.0,  0.0,  0.0,  0.0, 0.0,   0.0,       ,      ,      ,        ,        ,        ,        ,        ,        ,        ,        ,      
hirscto01, 1983,     1, MNS , NHL , D  , 15.0,  1.0,   3.0,   4.0,  20.0, -3.0 ,  0.0,     ,  1.0,     ,  0.0, 0.0,  24.0,   12.0,   0.0,   0.0,     0.0,     6.0, -5.0   ,     0.0,        ,     0.0,        ,     0.0,    10.0
hirscto01, 1984,     1, MNS , NHL , D  , 15.0,  0.0,   4.0,   4.0,  10.0, -13.0,  0.0,     ,  0.0,     ,  0.0, 0.0,  14.0,       ,      ,      ,        ,        ,        ,        ,        ,        ,        ,        ,      
hirscto01, 1987,     1, MNS , NHL , D  ,  1.0,  0.0,   0.0,   0.0,   0.0, 1.0  ,  0.0,  0.0,  0.0,  0.0,  0.0, 0.0,   0.0,       ,      ,      ,        ,        ,        ,        ,        ,        ,        ,        ,      
hisloja01, 1976,     1, CIN , WHA , R  , 46.0,  7.0,  19.0,  26.0,   6.0, 11.0 ,  1.0,     ,  0.0,     ,     ,    ,  60.0,    4.0,   0.0,   1.0,     1.0,     4.0, 1.0    ,     0.0,        ,     0.0,        ,     0.0,      
hisloja01, 1977,     1, CIN , WHA , R  , 80.0, 24.0,  43.0,  67.0,  17.0, 20.0 ,  3.0,     ,  0.0,     ,     ,    , 132.0,       ,      ,      ,        ,        ,        ,        ,        ,        ,        ,        ,      
hisloja01, 1978,     1, CIN , WHA , R  , 80.0, 30.0,  40.0,  70.0,  45.0, 8.0  ,  9.0,     ,  1.0,     ,     ,    , 183.0,    3.0,   2.0,   4.0,     6.0,     0.0, 1.0    ,        ,        ,        ,        ,     0.0,      
hisloja01, 1979,     1, QUE , NHL , R  , 80.0, 19.0,  20.0,  39.0,   6.0, -13.0,  0.0,     ,  1.0,     ,  3.0, 1.0, 124.0,       ,      ,      ,        ,        ,        ,        ,        ,        ,        ,        ,      
hisloja01, 1980,     1, QUE , NHL , R  , 50.0, 19.0,  22.0,  41.0,  15.0, -4.0 ,  5.0,     ,  0.0,     ,  1.0, 2.0,  86.0,       ,      ,      ,        ,        ,        ,        ,        ,        ,        ,        ,      
hisloja01, 1980,     2, CAL , NHL , R  , 29.0,  6.0,   9.0,  15.0,  11.0, -3.0 ,  0.0,     ,  0.0,     ,  0.0, 0.0,  31.0,   16.0,   3.0,   0.0,     3.0,     5.0,        ,     1.0,        ,     0.0,        ,     1.0,      
hisloja01, 1981,     1, CAL , NHL , R  , 80.0, 16.0,  25.0,  41.0,  35.0, 1.0  ,  0.0,     ,  2.0,     ,  1.0, 2.0, 113.0,    3.0,   0.0,   0.0,     0.0,     0.0,        ,     0.0,        ,     0.0,        ,     0.0,      
hisloja01, 1982,     1, CAL , NHL , R  , 79.0, 14.0,  19.0,  33.0,  17.0, -5.0 ,  1.0,     ,  1.0,     ,  0.0, 1.0,  80.0,    9.0,   0.0,   2.0,     2.0,     6.0,        ,     0.0,        ,     0.0,        ,     0.0,      
hisloja01, 1983,     1, CAL , NHL , R  , 27.0,  1.0,   8.0,   9.0,   2.0, 0.0  ,  0.0,     ,  0.0,     ,  1.0, 0.0,  18.0,       ,      ,      ,        ,        ,        ,        ,        ,        ,        ,        ,      
hitchli01, 1922,     1, OTS , NHL , D  ,  3.0,  0.0,   1.0,   1.0,  12.0,      ,     ,     ,     ,     ,     ,    ,      ,    2.0,   0.0,   0.0,     0.0,     0.0,        ,        ,        ,        ,        ,        ,      
hitchli01, 1923,     1, OTS , NHL , D  , 24.0,  2.0,   6.0,   8.0,  24.0,      ,     ,     ,     ,     ,     ,    ,      ,    2.0,   0.0,   0.0,     0.0,     4.0,        ,        ,        ,        ,        ,        ,      
hitchli01, 1924,     1, OTS , NHL , D  , 12.0,  0.0,   0.0,   0.0,   2.0,      ,     ,     ,     ,     ,     ,    ,      ,       ,      ,      ,        ,        ,        ,        ,        ,        ,        ,        ,      
hitchli01, 1924,     2, BOS , NHL , D  , 19.0,  3.0,   1.0,   4.0,  22.0,      ,     ,     ,     ,     ,     ,    ,      ,       ,      ,      ,        ,        ,        ,        ,        ,        ,        ,        ,      
hitchli01, 1925,     1, BOS , NHL , D  , 36.0,  7.0,   4.0,  11.0,  70.0,      ,     ,     ,     ,     ,     ,    ,      ,       ,      ,      ,        ,        ,        ,        ,        ,        ,        ,        ,      
hitchli01, 1926,     1, BOS , NHL , D  , 41.0,  3.0,   6.0,   9.0,  70.0,      ,     ,     ,     ,     ,     ,    ,      ,    8.0,   1.0,   0.0,     1.0,    31.0,        ,        ,        ,        ,        ,        ,      
hitchli01, 1927,     1, BOS , NHL , D  , 44.0,  5.0,   3.0,   8.0,  87.0,      ,     ,     ,     ,     ,     ,    ,      ,    2.0,   0.0,   0.0,     0.0,     2.0,        ,        ,        ,        ,        ,        ,      
hitchli01, 1928,     1, BOS , NHL , D  , 38.0,  1.0,   0.0,   1.0,  64.0,      ,     ,     ,     ,     ,     ,    ,      ,    5.0,   0.0,   1.0,     1.0,    22.0,        ,        ,        ,        ,        ,        ,      
hitchli01, 1929,     1, BOS , NHL , D  , 39.0,  2.0,   7.0,   9.0,  58.0,      ,     ,     ,     ,     ,     ,    ,      ,    6.0,   1.0,   0.0,     1.0,    14.0,        ,        ,        ,        ,        ,        ,      
hitchli01, 1930,     1, BOS , NHL , D  , 41.0,  0.0,   2.0,   2.0,  40.0,      ,     ,     ,     ,     ,     ,    ,      ,    5.0,   0.0,   0.0,     0.0,     0.0,        ,        ,        ,        ,        ,        ,      
hitchli01, 1931,     1, BOS , NHL , D  , 48.0,  3.0,   3.0,   6.0,  36.0,      ,     ,     ,     ,     ,     ,    ,      ,       ,      ,      ,        ,        ,        ,        ,        ,        ,        ,        ,      
hitchli01, 1932,     1, BOS , NHL , D  , 45.0,  0.0,   1.0,   1.0,  34.0,      ,     ,     ,     ,     ,     ,    ,      ,    5.0,   0.0,   1.0,     1.0,     0.0,        ,        ,        ,        ,        ,        ,      
hitchli01, 1933,     1, BOS , NHL , D  , 27.0,  1.0,   0.0,   1.0,   4.0,      ,     ,     ,     ,     ,     ,    ,      ,       ,      ,      ,        ,        ,        ,        ,        ,        ,        ,        ,      
hjalmni01, 2007,     1, CHI , NHL , D  , 13.0,  0.0,   1.0,   1.0,  13.0, -2.0 ,  0.0,  0.0,  0.0,  0.0,  0.0,    ,   5.0,       ,      ,      ,        ,        ,        ,        ,        ,        ,        ,        ,      
hjalmni01, 2008,     1, CHI , NHL , D  , 21.0,  1.0,   2.0,   3.0,   0.0, 4.0  ,  0.0,  0.0,  0.0,  1.0,  0.0,    ,  15.0,   17.0,   0.0,   1.0,     1.0,     6.0, -2.0   ,     0.0,     0.0,     0.0,     0.0,     0.0,    10.0
hjalmni01, 2009,     1, CHI , NHL , D  , 77.0,  2.0,  15.0,  17.0,  20.0, 9.0  ,  0.0,  0.0,  0.0,  1.0,  1.0,    ,  62.0,   22.0,   1.0,   7.0,     8.0,     6.0, 9.0    ,     0.0,     0.0,     0.0,     0.0,     0.0,    17.0
hlavaja01, 1999,     1, NYR , NHL , L  , 67.0, 19.0,  23.0,  42.0,  16.0, 3.0  ,  6.0,  4.0,  0.0,  0.0,  2.0, 0.0, 134.0,       ,      ,      ,        ,        ,        ,        ,        ,        ,        ,        ,      
hlavaja01, 2000,     1, NYR , NHL , L  , 79.0, 28.0,  36.0,  64.0,  20.0, 3.0  ,  5.0, 12.0,  0.0,  0.0,  6.0, 0.0, 195.0,       ,      ,      ,        ,        ,        ,        ,        ,        ,        ,        ,      
hlavaja01, 2001,     1, PHI , NHL , L  , 31.0,  7.0,   3.0,  10.0,   8.0, 5.0  ,  0.0,  0.0,  0.0,  0.0,  1.0, 1.0,  62.0,       ,      ,      ,        ,        ,        ,        ,        ,        ,        ,        ,      
hlavaja01, 2001,     2, VAN , NHL , L  , 46.0,  9.0,  12.0,  21.0,  10.0, 4.0  ,  1.0,  1.0,  0.0,  0.0,  2.0, 0.0,  70.0,    5.0,   0.0,   1.0,     1.0,     0.0, -3.0   ,     0.0,     0.0,     0.0,     0.0,     0.0,     5.0
hlavaja01, 2002,     1, VAN , NHL , L  ,  9.0,  1.0,   1.0,   2.0,   6.0, -1.0 ,  0.0,  0.0,  0.0,  0.0,  0.0, 0.0,   7.0,       ,      ,      ,        ,        ,        ,        ,        ,        ,        ,        ,      
hlavaja01, 2002,     2, CAR , NHL , L  , 52.0,  9.0,  15.0,  24.0,  22.0, -9.0 ,  6.0,  4.0,  0.0,  0.0,  1.0, 1.0, 116.0,       ,      ,      ,        ,        ,        ,        ,        ,        ,        ,        ,      
hlavaja01, 2003,     1, NYR , NHL , L  , 72.0,  5.0,  21.0,  26.0,  16.0, -8.0 ,  2.0,  4.0,  0.0,  0.0,  0.0, 0.0, 125.0,       ,      ,      ,        ,        ,        ,        ,        ,        ,        ,        ,      
hlavaja01, 2007,     1, TBL , NHL , L  , 62.0,  9.0,  13.0,  22.0,  32.0, -10.0,  0.0,  1.0,  0.0,  0.0,  0.0,    , 123.0,       ,      ,      ,        ,        ,        ,        ,        ,        ,        ,        ,      
hlavaja01, 2007,     2, NAS , NHL , L  , 18.0,  3.0,  10.0,  13.0,   8.0, 9.0  ,  0.0,  0.0,  0.0,  1.0,  2.0,    ,  29.0,    6.0,   0.0,   2.0,     2.0,     2.0, -4.0   ,     0.0,     0.0,     0.0,     0.0,     0.0,    10.0
hlinkiv01, 1981,     1, VAN , NHL , C  , 72.0, 23.0,  37.0,  60.0,  16.0, 21.0 ,  7.0,     ,  0.0,     ,  2.0, 2.0, 152.0,   12.0,   2.0,   6.0,     8.0,     4.0,        ,     2.0,        ,     0.0,        ,     0.0,      
hlinkiv01, 1982,     1, VAN , NHL , C  , 65.0, 19.0,  44.0,  63.0,  12.0, -3.0 ,  8.0,     ,  0.0,     ,  0.0, 1.0, 147.0,    4.0,   1.0,   4.0,     5.0,     4.0,        ,     0.0,        ,     0.0,        ,     0.0,      
hlinkja01, 2007,     1, COL , NHL , L  , 63.0,  8.0,  20.0,  28.0,  16.0, 6.0  ,  0.0,  1.0,  0.0,  0.0,  1.0,    ,  90.0,    1.0,   0.0,   0.0,     0.0,     0.0, -1.0   ,     0.0,     0.0,     0.0,     0.0,     0.0,     2.0
hlushto01, 1993,     1, PHI , NHL , L  ,  2.0,  1.0,   0.0,   1.0,   0.0, 1.0  ,  0.0,  0.0,  0.0,  0.0,  0.0, 0.0,   2.0,       ,      ,      ,        ,        ,        ,        ,        ,        ,        ,        ,      
hlushto01, 1994,     1, CAL , NHL , C  ,  2.0,  0.0,   1.0,   1.0,   2.0, 1.0  ,  0.0,  0.0,  0.0,  0.0,  0.0, 0.0,   3.0,    1.0,   0.0,   0.0,     0.0,     2.0, 0.0    ,     0.0,     0.0,     0.0,     0.0,     0.0,     0.0
hlushto01, 1995,     1, CAL , NHL , C  ,  4.0,  0.0,   0.0,   0.0,   6.0, 0.0  ,  0.0,  0.0,  0.0,  0.0,  0.0, 0.0,   6.0,       ,      ,      ,        ,        ,        ,        ,        ,        ,        ,        ,      
hlushto01, 1996,     1, CAL , NHL , L  , 58.0,  7.0,  11.0,  18.0,  49.0, -2.0 ,  0.0,  0.0,  0.0,  1.0,  0.0, 0.0,  76.0,       ,      ,      ,        ,        ,        ,        ,        ,        ,        ,        ,      
hlushto01, 1997,     1, CAL , NHL , L  , 13.0,  0.0,   1.0,   1.0,  27.0, 0.0  ,  0.0,  0.0,  0.0,  0.0,  0.0, 0.0,   7.0,       ,      ,      ,        ,        ,        ,        ,        ,        ,        ,        ,      
hlushto01, 1998,     1, PIT , NHL , C  ,     ,     ,      ,      ,      ,      ,     ,     ,     ,     ,     ,    ,      ,    2.0,   0.0,   0.0,     0.0,     0.0, 0.0    ,     0.0,     0.0,     0.0,     0.0,     0.0,     1.0
hnidysh01, 2000,     1, OTT , NHL , D  , 52.0,  3.0,   2.0,   5.0,  84.0, 8.0  ,  0.0,  0.0,  0.0,  0.0,  1.0, 0.0,  47.0,    1.0,   0.0,   0.0,     0.0,     0.0, -1.0   ,     0.0,     0.0,     0.0,     0.0,     0.0,     0.0
hnidysh01, 2001,     1, OTT , NHL , D  , 33.0,  1.0,   1.0,   2.0,  57.0, -10.0,  0.0,  0.0,  0.0,  0.0,  0.0, 0.0,  34.0,   12.0,   1.0,   1.0,     2.0,    12.0, -1.0   ,     0.0,     0.0,     0.0,     0.0,     0.0,     7.0
hnidysh01, 2002,     1, OTT , NHL , D  , 67.0,  0.0,   8.0,   8.0, 130.0, -1.0 ,  0.0,  0.0,  0.0,  0.0,  0.0, 0.0,  58.0,    1.0,   0.0,   0.0,     0.0,     0.0, 0.0    ,     0.0,     0.0,     0.0,     0.0,     0.0,     2.0
hnidysh01, 2003,     1, OTT , NHL , D  , 37.0,  0.0,   5.0,   5.0,  72.0, 2.0  ,  0.0,  0.0,  0.0,  0.0,  0.0, 0.0,  16.0,       ,      ,      ,        ,        ,        ,        ,        ,        ,        ,        ,      
hnidysh01, 2003,     2, NAS , NHL , D  ,  9.0,  0.0,   2.0,   2.0,  10.0, 3.0  ,  0.0,  0.0,  0.0,  0.0,  0.0, 0.0,  12.0,    5.0,   0.0,   0.0,     0.0,     6.0, 0.0    ,     0.0,     0.0,     0.0,     0.0,     0.0,     4.0
hnidysh01, 2005,     1, ATL , NHL , D  , 66.0,  0.0,   3.0,   3.0,  33.0, 1.0  ,  0.0,  0.0,  0.0,  0.0,  0.0,    ,  50.0,       ,      ,      ,        ,        ,        ,        ,        ,        ,        ,        ,      
hnidysh01, 2006,     1, ATL , NHL , D  , 72.0,  5.0,   7.0,  12.0,  63.0, 15.0 ,  0.0,  0.0,  1.0,  0.0,  1.0,    ,  86.0,    4.0,   1.0,   0.0,     1.0,     0.0, -1.0   ,     0.0,     0.0,     0.0,     0.0,     0.0,     4.0
hnidysh01, 2007,     1, AND , NHL , D  , 33.0,  1.0,   2.0,   3.0,  30.0, 2.0  ,  0.0,  0.0,  0.0,  0.0,  0.0,    ,  21.0,       ,      ,      ,        ,        ,        ,        ,        ,        ,        ,        ,      
hnidysh01, 2007,     2, BOS , NHL , D  , 43.0,  1.0,   4.0,   5.0,  41.0, -4.0 ,  0.0,  0.0,  1.0,  0.0,  0.0,    ,  28.0,    7.0,   1.0,   1.0,     2.0,     9.0, 0.0    ,     0.0,     0.0,     0.0,     0.0,     0.0,     7.0
hnidysh01, 2008,     1, BOS , NHL , D  , 65.0,  3.0,   9.0,  12.0,  45.0, 6.0  ,  1.0,  0.0,  0.0,  0.0,  1.0,    ,  49.0,    7.0,   1.0,   0.0,     1.0,     0.0, -1.0   ,     0.0,     0.0,     0.0,     0.0,     0.0,     6.0
hnidysh01, 2009,     1, MIN , NHL , D  , 70.0,  2.0,  12.0,  14.0,  66.0, -6.0 ,  0.0,  2.0,  0.0,  1.0,  0.0,    ,  49.0,       ,      ,      ,        ,        ,        ,        ,        ,        ,        ,        ,      
hnilimi01, 1999,     1, NYR , NHL , G  ,  2.0,  0.0,   0.0,   0.0,   0.0, 0.0  ,  0.0,  0.0,  0.0,  0.0,  0.0, 0.0,   0.0,       ,      ,      ,        ,        ,        ,        ,        ,        ,        ,        ,      
hnilimi01, 2000,     1, ATL , NHL , G  , 36.0,  0.0,   0.0,   0.0,   4.0, 0.0  ,  0.0,  0.0,  0.0,  0.0,  0.0, 0.0,   0.0,       ,      ,      ,        ,        ,        ,        ,        ,        ,        ,        ,      
hnilimi01, 2001,     1, ATL , NHL , G  , 60.0,  0.0,   2.0,   2.0,   8.0, 0.0  ,  0.0,  0.0,  0.0,  0.0,  0.0, 0.0,   0.0,       ,      ,      ,        ,        ,        ,        ,        ,        ,        ,        ,      
hnilimi01, 2002,     1, ATL , NHL , G  , 21.0,  0.0,   0.0,   0.0,   2.0, 0.0  ,  0.0,  0.0,  0.0,  0.0,  0.0, 0.0,   0.0,       ,      ,      ,        ,        ,        ,        ,        ,        ,        ,        ,      
hnilimi01, 2003,     1, LAK , NHL , G  ,  2.0,  0.0,   0.0,   0.0,   0.0, 0.0  ,  0.0,  0.0,  0.0,  0.0,  0.0, 0.0,   0.0,       ,      ,      ,        ,        ,        ,        ,        ,        ,        ,        ,      
hobinmi01, 1975,     1, PHR , WHA , C  ,  9.0,  1.0,   1.0,   2.0,   2.0, 1.0  ,  0.0,     ,  0.0,     ,  0.0,    ,  13.0,       ,      ,      ,        ,        ,        ,        ,        ,        ,        ,        ,      
hobinmi01, 1976,     1, PHR , WHA , C  , 68.0, 17.0,  18.0,  35.0,  14.0, -43.0,  2.0,     ,  0.0,     ,     ,    , 132.0,       ,      ,      ,        ,        ,        ,        ,        ,        ,        ,        ,      
hockiju01, 1993,     1, LAK , NHL , D  ,  1.0,  0.0,   0.0,   0.0,   0.0, 0.0  ,  0.0,  0.0,  0.0,  0.0,  0.0, 0.0,   0.0,       ,      ,      ,        ,        ,        ,        ,        ,        ,        ,        ,      
hodgech01, 1954,     1, MTL , NHL , G  , 14.0,  0.0,   0.0,   0.0,   0.0,      ,     ,     ,     ,     ,     ,    ,      ,    4.0,   0.0,   0.0,     0.0,     0.0,        ,        ,        ,        ,        ,        ,      
hodgech01, 1957,     1, MTL , NHL , G  , 12.0,  0.0,   0.0,   0.0,   0.0,      ,     ,     ,     ,     ,     ,    ,      ,       ,      ,      ,        ,        ,        ,        ,        ,        ,        ,        ,      
hodgech01, 1958,     1, MTL , NHL , G  ,  2.0,  0.0,   0.0,   0.0,   0.0,      ,     ,     ,     ,     ,     ,    ,      ,       ,      ,      ,        ,        ,        ,        ,        ,        ,        ,        ,      
hodgech01, 1959,     1, MTL , NHL , G  ,  1.0,  0.0,   0.0,   0.0,   0.0,      ,     ,     ,     ,     ,     ,    ,      ,       ,      ,      ,        ,        ,        ,        ,        ,        ,        ,        ,      
hodgech01, 1960,     1, MTL , NHL , G  , 30.0,  0.0,   0.0,   0.0,   0.0,      ,     ,     ,     ,     ,     ,    ,      ,       ,      ,      ,        ,        ,        ,        ,        ,        ,        ,        ,      
hodgech01, 1963,     1, MTL , NHL , G  , 62.0,  0.0,   0.0,   0.0,   2.0,      ,  0.0,     ,  0.0,     ,  0.0, 0.0,      ,    7.0,   0.0,   0.0,     0.0,     0.0,        ,        ,        ,        ,        ,     0.0,      
hodgech01, 1964,     1, MTL , NHL , G  , 53.0,  0.0,   0.0,   0.0,   2.0,      ,  0.0,     ,  0.0,     ,  0.0, 0.0,      ,    5.0,   0.0,   0.0,     0.0,     0.0,        ,        ,        ,        ,        ,     0.0,      
hodgech01, 1965,     1, MTL , NHL , G  , 26.0,  0.0,   0.0,   0.0,   0.0,      ,  0.0,     ,  0.0,     ,  0.0, 0.0,      ,       ,      ,      ,        ,        ,        ,        ,        ,        ,        ,        ,      
hodgech01, 1966,     1, MTL , NHL , G  , 37.0,  0.0,   0.0,   0.0,   2.0,      ,  0.0,     ,  0.0,     ,  0.0, 0.0,      ,       ,      ,      ,        ,        ,        ,        ,        ,        ,        ,        ,      
hodgech01, 1967,     1, OAK , NHL , G  , 58.0,  0.0,   0.0,   0.0,   4.0, 0.0  ,  0.0,     ,  0.0,     ,  0.0, 0.0,   0.0,       ,      ,      ,        ,        ,        ,        ,        ,        ,        ,        ,      
hodgech01, 1968,     1, OAK , NHL , G  , 14.0,  0.0,   0.0,   0.0,   0.0, 0.0  ,  0.0,     ,  0.0,     ,  0.0, 0.0,   0.0,       ,      ,      ,        ,        ,        ,        ,        ,        ,        ,        ,      
hodgech01, 1969,     1, OAK , NHL , G  , 14.0,  0.0,   0.0,   0.0,   0.0, 0.0  ,  0.0,     ,  0.0,     ,  0.0, 0.0,   0.0,       ,      ,      ,        ,        ,        ,        ,        ,        ,        ,        ,      
hodgech01, 1970,     1, VAN , NHL , G  , 35.0,  0.0,   0.0,   0.0,   0.0, 0.0  ,  0.0,     ,  0.0,     ,  0.0, 0.0,   0.0,       ,      ,      ,        ,        ,        ,        ,        ,        ,        ,        ,      
hodgeke01, 1964,     1, CHI , NHL , R  ,  1.0,  0.0,   0.0,   0.0,   2.0,      ,  0.0,     ,  0.0,     ,  0.0, 0.0,      ,       ,      ,      ,        ,        ,        ,        ,        ,        ,        ,        ,      
hodgeke01, 1965,     1, CHI , NHL , R  , 63.0,  6.0,  17.0,  23.0,  47.0,      ,  1.0,     ,  1.0,     ,  1.0, 0.0,      ,    5.0,   0.0,   0.0,     0.0,     8.0,        ,        ,        ,        ,        ,     0.0,      
hodgeke01, 1966,     1, CHI , NHL , R  , 69.0, 10.0,  25.0,  35.0,  59.0,      ,  0.0,     ,  0.0,     ,  3.0, 0.0,      ,    6.0,   0.0,   0.0,     0.0,     4.0,        ,        ,        ,        ,        ,     0.0,      
hodgeke01, 1967,     1, BOS , NHL , R  , 74.0, 25.0,  31.0,  56.0,  31.0, 13.0 ,  5.0,     ,  0.0,     ,  3.0, 2.0, 188.0,    4.0,   3.0,   0.0,     3.0,     2.0,        ,     0.0,        ,     0.0,        ,     0.0,      
hodgeke01, 1968,     1, BOS , NHL , R  , 75.0, 45.0,  45.0,  90.0,  75.0, 49.0 ,  9.0,     ,  1.0,     ,  7.0, 4.0, 236.0,   10.0,   5.0,   7.0,    12.0,     4.0,        ,     2.0,        ,     0.0,        ,     0.0,      
hodgeke01, 1969,     1, BOS , NHL , R  , 72.0, 25.0,  29.0,  54.0,  87.0, 15.0 ,  6.0,     ,  0.0,     ,  5.0, 1.0, 198.0,   14.0,   3.0,  10.0,    13.0,    17.0,        ,     0.0,        ,     0.0,        ,     1.0,      
hodgeke01, 1970,     1, BOS , NHL , R  , 78.0, 43.0,  62.0, 105.0, 113.0, 71.0 ,  4.0,     ,  0.0,     ,  7.0, 5.0, 232.0,    7.0,   2.0,   5.0,     7.0,     6.0,        ,     0.0,        ,     0.0,        ,     0.0,      
hodgeke01, 1971,     1, BOS , NHL , R  , 60.0, 16.0,  40.0,  56.0,  81.0, 41.0 ,  0.0,     ,  1.0,     ,  2.0, 1.0, 140.0,   15.0,   9.0,   8.0,    17.0,    62.0,        ,     2.0,        ,     1.0,        ,     3.0,      
hodgeke01, 1972,     1, BOS , NHL , R  , 73.0, 37.0,  44.0,  81.0,  58.0, 10.0 , 16.0,     ,  0.0,     ,  5.0, 2.0, 197.0,    5.0,   1.0,   0.0,     1.0,     7.0,        ,     1.0,        ,     0.0,        ,     0.0,      
hodgeke01, 1973,     1, BOS , NHL , R  , 76.0, 50.0,  55.0, 105.0,  43.0, 40.0 , 15.0,     ,  0.0,     , 11.0, 1.0, 251.0,   16.0,   6.0,  10.0,    16.0,    16.0,        ,     2.0,        ,     0.0,        ,     1.0,      
hodgeke01, 1974,     1, BOS , NHL , R  , 72.0, 23.0,  43.0,  66.0,  90.0, 7.0  , 16.0,     ,  0.0,     ,  2.0, 2.0, 175.0,    3.0,   1.0,   1.0,     2.0,     0.0,        ,     1.0,        ,     0.0,        ,     0.0,      
hodgeke01, 1975,     1, BOS , NHL , R  , 72.0, 25.0,  36.0,  61.0,  42.0, 19.0 ,  8.0,     ,  0.0,     ,  5.0, 2.0, 161.0,   12.0,   4.0,   6.0,    10.0,     4.0,        ,     4.0,        ,     0.0,        ,     1.0,      
hodgeke01, 1976,     1, NYR , NHL , R  , 78.0, 21.0,  41.0,  62.0,  43.0, -18.0,  6.0,     ,  0.0,     ,  5.0, 1.0, 141.0,       ,      ,      ,        ,        ,        ,        ,        ,        ,        ,        ,      
hodgeke01, 1977,     1, NYR , NHL , R  , 18.0,  2.0,   4.0,   6.0,   8.0, -6.0 ,  1.0,     ,  0.0,     ,  1.0, 0.0,  13.0,       ,      ,      ,        ,        ,        ,        ,        ,        ,        ,        ,      
hodgeke02, 1988,     1, MNS , NHL , C  ,  5.0,  1.0,   1.0,   2.0,   0.0, 1.0  ,  0.0,  0.0,  0.0,  0.0,  0.0, 0.0,   6.0,       ,      ,      ,        ,        ,        ,        ,        ,        ,        ,        ,      
hodgeke02, 1990,     1, BOS , NHL , C  , 70.0, 30.0,  29.0,  59.0,  20.0, 11.0 , 12.0,  6.0,  2.0,  0.0,  4.0, 0.0, 137.0,   15.0,   4.0,   6.0,    10.0,     6.0, -2.0   ,     1.0,     3.0,     0.0,     0.0,     1.0,    24.0
hodgeke02, 1991,     1, BOS , NHL , C  , 42.0,  6.0,  11.0,  17.0,  10.0, -8.0 ,  3.0,  4.0,  1.0,  1.0,  3.0, 0.0,  62.0,       ,      ,      ,        ,        ,        ,        ,        ,        ,        ,        ,      
hodgeke02, 1992,     1, TBL , NHL , C  , 25.0,  2.0,   7.0,   9.0,   2.0, -6.0 ,  0.0,  3.0,  0.0,  0.0,  1.0, 0.0,  32.0,       ,      ,      ,        ,        ,        ,        ,        ,        ,        ,        ,      
hodgsda01, 1985,     1, TOR , NHL , C  , 40.0, 13.0,  12.0,  25.0,  12.0, -5.0 ,  2.0,     ,  0.0,     ,  0.0, 0.0,  54.0,       ,      ,      ,        ,        ,        ,        ,        ,        ,        ,        ,      
hodgsda01, 1986,     1, VAN , NHL , C  , 43.0,  9.0,  13.0,  22.0,  25.0, -9.0 ,  4.0,     ,  0.0,     ,  0.0, 0.0,  42.0,       ,      ,      ,        ,        ,        ,        ,        ,        ,        ,        ,      
hodgsda01, 1987,     1, VAN , NHL , C  ,  8.0,  3.0,   7.0,  10.0,   2.0, 1.0  ,  1.0,  4.0,  0.0,  0.0,  1.0, 0.0,   7.0,       ,      ,      ,        ,        ,        ,        ,        ,        ,        ,        ,      
hodgsda01, 1988,     1, VAN , NHL , C  , 23.0,  4.0,  13.0,  17.0,  25.0, 3.0  ,  0.0,  5.0,  0.0,  0.0,  1.0, 0.0,  38.0,       ,      ,      ,        ,        ,        ,        ,        ,        ,        ,        ,      
hodgsri01, 1979,     1, HAR , NHL , D  ,  6.0,  0.0,   0.0,   0.0,   6.0, -5.0 ,  0.0,     ,  0.0,     ,  0.0, 0.0,   1.0,    1.0,   0.0,   0.0,     0.0,     0.0,        ,     0.0,        ,     0.0,        ,     0.0,      
hodgste01, 1966,     1, BOS , NHL , R  ,  4.0,  0.0,   0.0,   0.0,   0.0,      ,  0.0,     ,  0.0,     ,  0.0, 0.0,      ,       ,      ,      ,        ,        ,        ,        ,        ,        ,        ,        ,      
hodgste01, 1972,     1, CLC , WHA , R  , 74.0, 15.0,  23.0,  38.0,  93.0,      ,  2.0,     ,  0.0,     ,     ,    ,      ,    9.0,   1.0,   3.0,     4.0,    13.0,        ,     1.0,        ,     0.0,        ,     0.0,      
hodgste01, 1973,     1, CLC , WHA , R  , 10.0,  0.0,   2.0,   2.0,   6.0,      ,  0.0,     ,  0.0,     ,  0.0,    ,      ,       ,      ,      ,        ,        ,        ,        ,        ,        ,        ,        ,      
hodgste01, 1973,     2, LAS , WHA , R  , 23.0,  3.0,   9.0,  12.0,  22.0,      ,  2.0,     ,  0.0,     ,  0.0,    ,      ,       ,      ,      ,        ,        ,        ,        ,        ,        ,        ,        ,      
hodsoke01, 1995,     1, DET , NHL , G  ,  4.0,  0.0,   0.0,   0.0,   0.0, 0.0  ,  0.0,  0.0,  0.0,  0.0,  0.0, 0.0,   0.0,       ,      ,      ,        ,        ,        ,        ,        ,        ,        ,        ,      
hodsoke01, 1996,     1, DET , NHL , G  ,  6.0,  0.0,   1.0,   1.0,   0.0, 0.0  ,  0.0,  1.0,  0.0,  0.0,  0.0, 0.0,   0.0,       ,      ,      ,        ,        ,        ,        ,        ,        ,        ,        ,      
hodsoke01, 1997,     1, DET , NHL , G  , 21.0,  0.0,   0.0,   0.0,   2.0, 0.0  ,  0.0,  0.0,  0.0,  0.0,  0.0, 0.0,   0.0,    1.0,   0.0,   0.0,     0.0,     0.0, 0.0    ,     0.0,     0.0,     0.0,     0.0,     0.0,     0.0
hodsoke01, 1998,     1, DET , NHL , G  ,  4.0,  0.0,   0.0,   0.0,   0.0, 0.0  ,  0.0,  0.0,  0.0,  0.0,  0.0, 0.0,   0.0,       ,      ,      ,        ,        ,        ,        ,        ,        ,        ,        ,      
hodsoke01, 1998,     2, TBL , NHL , G  ,  5.0,  0.0,   0.0,   0.0,   0.0, 0.0  ,  0.0,  0.0,  0.0,  0.0,  0.0, 0.0,   0.0,       ,      ,      ,        ,        ,        ,        ,        ,        ,        ,        ,      
hodsoke01, 1999,     1, TBL , NHL , G  , 24.0,  0.0,   0.0,   0.0,   2.0, 0.0  ,  0.0,  0.0,  0.0,  0.0,  0.0, 0.0,   0.0,       ,      ,      ,        ,        ,        ,        ,        ,        ,        ,        ,      
hodsoke01, 2002,     1, TBL , NHL , G  ,  7.0,  0.0,   0.0,   0.0,   2.0, 0.0  ,  0.0,  0.0,  0.0,  0.0,  0.0, 0.0,   0.0,       ,      ,      ,        ,        ,        ,        ,        ,        ,        ,        ,      
hoeksce01, 1959,     1, MTL , NHL , C  ,  4.0,  0.0,   0.0,   0.0,   0.0,      ,     ,     ,     ,     ,     ,    ,      ,       ,      ,      ,        ,        ,        ,        ,        ,        ,        ,        ,      
hoeksed01, 1967,     1, PHI , NHL , C  , 70.0, 15.0,  21.0,  36.0,   6.0, 6.0  ,  5.0,     ,  0.0,     ,  4.0, 2.0, 126.0,    7.0,   0.0,   1.0,     1.0,     0.0,        ,     0.0,        ,     0.0,        ,     0.0,      
hoeksed01, 1972,     1, HOU , WHA , R  , 78.0, 11.0,  28.0,  39.0,  12.0,      ,  0.0,     ,  1.0,     ,     ,    ,      ,    9.0,   1.0,   2.0,     3.0,     0.0,        ,     0.0,        ,     0.0,        ,     0.0,      
hoeksed01, 1973,     1, HOU , WHA , C  , 19.0,  2.0,   0.0,   2.0,   0.0,      ,  0.0,     ,  0.0,     ,  1.0,    ,      ,       ,      ,      ,        ,        ,        ,        ,        ,        ,        ,     0.0,      
hoeneph01, 1972,     1, LAK , NHL , L  ,  4.0,  0.0,   1.0,   1.0,   0.0, 1.0  ,  0.0,     ,  0.0,     ,  0.0, 0.0,   3.0,       ,      ,      ,        ,        ,        ,        ,        ,        ,        ,        ,      
hoeneph01, 1973,     1, LAK , NHL , L  , 31.0,  2.0,   3.0,   5.0,  22.0, -5.0 ,  0.0,     ,  0.0,     ,  1.0, 0.0,  20.0,       ,      ,      ,        ,        ,        ,        ,        ,        ,        ,        ,      
hoeneph01, 1974,     1, LAK , NHL , L  ,  2.0,  0.0,   0.0,   0.0,   0.0, 0.0  ,  0.0,     ,  0.0,     ,  0.0, 0.0,   0.0,       ,      ,      ,        ,        ,        ,        ,        ,        ,        ,        ,      
hoffiva01, 1927,     1, CHI , NHL , D  , 18.0,  0.0,   1.0,   1.0,  18.0,      ,     ,     ,     ,     ,     ,    ,      ,       ,      ,      ,        ,        ,        ,        ,        ,        ,        ,        ,      
hoffiva01, 1928,     1, CHI , NHL , D  , 10.0,  0.0,   0.0,   0.0,  12.0,      ,     ,     ,     ,     ,     ,    ,      ,       ,      ,      ,        ,        ,        ,        ,        ,        ,        ,        ,      
hoffmbo01, 1977,     1, CHI , NHL , D  ,  5.0,  0.0,   1.0,   1.0,  12.0, -2.0 ,  0.0,     ,  0.0,     ,  0.0, 0.0,   3.0,       ,      ,      ,        ,        ,        ,        ,        ,        ,        ,        ,      
hoffmbo01, 1978,     1, CHI , NHL , D  ,  6.0,  0.0,   2.0,   2.0,   5.0, -4.0 ,  0.0,     ,  0.0,     ,  0.0, 0.0,   3.0,       ,      ,      ,        ,        ,        ,        ,        ,        ,        ,        ,      
hoffmbo01, 1981,     1, PHI , NHL , D  , 57.0,  7.0,  20.0,  27.0, 142.0, 13.0 ,  4.0,     ,  0.0,     ,  0.0, 0.0,  88.0,    2.0,   0.0,   1.0,     1.0,    25.0,        ,     0.0,        ,     0.0,        ,     0.0,      
hoffmbo01, 1982,     1, PHI , NHL , D  , 35.0,  2.0,  11.0,  13.0,  40.0, 7.0  ,  1.0,     ,  0.0,     ,  0.0, 0.0,  50.0,    1.0,   0.0,   0.0,     0.0,     0.0,        ,     0.0,        ,     0.0,        ,     0.0,      
hoffmbo01, 1983,     1, NJD , NHL , D  , 58.0,  4.0,  12.0,  16.0,  61.0, -20.0,  0.0,     ,  0.0,     ,  0.0, 0.0,  80.0,       ,      ,      ,        ,        ,        ,        ,        ,        ,        ,        ,      
hoffmbo01, 1984,     1, NJD , NHL , D  , 37.0,  1.0,   6.0,   7.0,  65.0, -15.0,  0.0,     ,  0.0,     ,  0.0, 0.0,  37.0,       ,      ,      ,        ,        ,        ,        ,        ,        ,        ,        ,      
hoffmmi01, 1982,     1, HAR , NHL , L  ,  2.0,  0.0,   1.0,   1.0,   0.0, -2.0 ,  0.0,     ,  0.0,     ,  0.0, 0.0,   2.0,       ,      ,      ,        ,        ,        ,        ,        ,        ,        ,        ,      
hoffmmi01, 1984,     1, HAR , NHL , L  ,  1.0,  0.0,   0.0,   0.0,   0.0, 0.0  ,  0.0,     ,  0.0,     ,  0.0, 0.0,   0.0,       ,      ,      ,        ,        ,        ,        ,        ,        ,        ,        ,      
hoffmmi01, 1985,     1, HAR , NHL , L  ,  6.0,  1.0,   2.0,   3.0,   2.0, -2.0 ,  0.0,     ,  0.0,     ,  0.0, 0.0,   7.0,       ,      ,      ,        ,        ,        ,        ,        ,        ,        ,        ,      
hoffobr01, 1989,     1, PHI , NHL , G  ,  7.0,  0.0,   0.0,   0.0,   2.0, 0.0  ,  0.0,  0.0,  0.0,  0.0,  0.0, 0.0,   0.0,       ,      ,      ,        ,        ,        ,        ,        ,        ,        ,        ,      
hoffobr01, 1990,     1, PHI , NHL , G  ,  2.0,  0.0,   0.0,   0.0,   0.0, 0.0  ,  0.0,  0.0,  0.0,  0.0,  0.0, 0.0,   0.0,       ,      ,      ,        ,        ,        ,        ,        ,        ,        ,        ,      
hoffoji01, 1985,     1, BUF , NHL , D  ,  5.0,  0.0,   0.0,   0.0,   5.0, -1.0 ,  0.0,     ,  0.0,     ,  0.0, 0.0,   3.0,       ,      ,      ,        ,        ,        ,        ,        ,        ,        ,        ,      
hoffoji01, 1986,     1, BUF , NHL , D  , 12.0,  0.0,   0.0,   0.0,  40.0, -1.0 ,  0.0,     ,  0.0,     ,  0.0, 0.0,   8.0,       ,      ,      ,        ,        ,        ,        ,        ,        ,        ,        ,      
hoffoji01, 1988,     1, LAK , NHL , D  ,  1.0,  0.0,   0.0,   0.0,   2.0, 2.0  ,  0.0,  0.0,  0.0,  0.0,  0.0, 0.0,   0.0,       ,      ,      ,        ,        ,        ,        ,        ,        ,        ,        ,      
hogabbi01, 1972,     1, ATF , NHL , C  ,  2.0,  0.0,   0.0,   0.0,   0.0, 0.0  ,  0.0,     ,  0.0,     ,  0.0, 0.0,   0.0,       ,      ,      ,        ,        ,        ,        ,        ,        ,        ,        ,      
hogabbi01, 1972,     2, DET , NHL , C  ,  4.0,  1.0,   0.0,   1.0,   2.0, -1.0 ,  0.0,     ,  0.0,     ,  0.0, 0.0,   1.0,       ,      ,      ,        ,        ,        ,        ,        ,        ,        ,        ,      
hogabbi01, 1973,     1, DET , NHL , C  , 47.0, 18.0,  23.0,  41.0,  12.0, -3.0 ,  6.0,     ,  0.0,     ,  0.0, 1.0, 100.0,       ,      ,      ,        ,        ,        ,        ,        ,        ,        ,        ,      
hogabbi01, 1974,     1, DET , NHL , C  , 60.0, 14.0,  27.0,  41.0,  16.0, -34.0,  6.0,     ,  1.0,     ,  1.0, 1.0, 129.0,       ,      ,      ,        ,        ,        ,        ,        ,        ,        ,        ,      
hogabbi01, 1975,     1, DET , NHL , C  , 50.0, 21.0,  16.0,  37.0,  30.0, -8.0 ,  6.0,     ,  2.0,     ,  0.0, 2.0, 116.0,       ,      ,      ,        ,        ,        ,        ,        ,        ,        ,        ,      
hogabbi01, 1975,     2, MNS , NHL , C  , 18.0,  7.0,   7.0,  14.0,   6.0, -4.0 ,  1.0,     ,  0.0,     ,  0.0, 1.0,  44.0,       ,      ,      ,        ,        ,        ,        ,        ,        ,        ,        ,      
hogabbi01, 1976,     1, MNS , NHL , C  , 73.0, 10.0,  15.0,  25.0,  16.0, -17.0,  0.0,     ,  0.0,     ,  0.0, 0.0, 120.0,    2.0,   0.0,   0.0,     0.0,     0.0,        ,     0.0,        ,     0.0,        ,     0.0,      
hogabbi01, 1977,     1, MNS , NHL , C  ,  8.0,  1.0,   2.0,   3.0,   4.0, -5.0 ,  0.0,     ,  0.0,     ,  0.0, 0.0,   6.0,       ,      ,      ,        ,        ,        ,        ,        ,        ,        ,        ,      
hogabbi01, 1978,     1, MNS , NHL , C  , 10.0,  1.0,   1.0,   2.0,   0.0, -1.0 ,  0.0,     ,  0.0,     ,  0.0, 0.0,   6.0,       ,      ,      ,        ,        ,        ,        ,        ,        ,        ,        ,      
hogabbi01, 1978,     2, DET , NHL , C  , 18.0,  4.0,   6.0,  10.0,   4.0, -5.0 ,  1.0,     ,  0.0,     ,  1.0, 0.0,  29.0,       ,      ,      ,        ,        ,        ,        ,        ,        ,        ,        ,      
hogabbi01, 1979,     1, DET , NHL , C  , 42.0,  3.0,  12.0,  15.0,  10.0, -8.0 ,  0.0,     ,  0.0,     ,  1.0, 0.0,  26.0,       ,      ,      ,        ,        ,        ,        ,        ,        ,        ,        ,      
hoganda01, 1969,     1, LAK , NHL , D  , 49.0,  1.0,   7.0,   8.0,  37.0, -21.0,  0.0,     ,  0.0,     ,  0.0, 0.0,  57.0,       ,      ,      ,        ,        ,        ,        ,        ,        ,        ,        ,      
hoganda01, 1970,     1, LAK , NHL , D  , 70.0,  4.0,  10.0,  14.0,  52.0, -16.0,  0.0,     ,  0.0,     ,  0.0, 0.0,  72.0,       ,      ,      ,        ,        ,        ,        ,        ,        ,        ,        ,      
hoganda01, 1971,     1, LAK , NHL , D  , 10.0,  1.0,   2.0,   3.0,  14.0, -2.0 ,  0.0,     ,  0.0,     ,  0.0, 0.0,  17.0,       ,      ,      ,        ,        ,        ,        ,        ,        ,        ,        ,      
hoganda01, 1971,     2, MTL , NHL , D  , 21.0,  0.0,   0.0,   0.0,   2.0, 5.0  ,  0.0,     ,  0.0,     ,  0.0, 0.0,  11.0,       ,      ,      ,        ,        ,        ,        ,        ,        ,        ,        ,      
hoganda01, 1972,     1, MTL , NHL , D  , 25.0,  0.0,   2.0,   2.0,   2.0, 4.0  ,  0.0,     ,  0.0,     ,  0.0, 0.0,  17.0,       ,      ,      ,        ,        ,        ,        ,        ,        ,        ,        ,      
hoganda01, 1973,     1, QUN , WHA , D  , 62.0,  8.0,  33.0,  41.0,  27.0,      ,  2.0,     ,  0.0,     ,  0.0,    ,      ,       ,      ,      ,        ,        ,        ,        ,        ,        ,        ,        ,      
hoganda01, 1974,     1, QUN , WHA , D  , 78.0,  9.0,  35.0,  44.0,  47.0,      ,  3.0,     ,  1.0,     ,     ,    , 221.0,   13.0,   1.0,   3.0,     4.0,     4.0,        ,        ,        ,        ,        ,     0.0,      
hoganda01, 1975,     1, QUN , WHA , D  , 45.0,  3.0,  14.0,  17.0,  18.0, 21.0 ,  1.0,     ,  0.0,     ,  0.0,    ,  64.0,    5.0,   1.0,   3.0,     4.0,     2.0, -1.0   ,        ,        ,        ,        ,        ,      
hoganda01, 1976,     1, BIR , WHA , D  , 81.0,  7.0,  48.0,  55.0,  48.0, 1.0  ,  3.0,     ,  0.0,     ,     ,    , 129.0,       ,      ,      ,        ,        ,        ,        ,        ,        ,        ,        ,      
hoganda01, 1977,     1, BIR , WHA , D  , 43.0,  1.0,  12.0,  13.0,  29.0, -6.0 ,  0.0,     ,  0.0,     ,     ,    ,  54.0,    5.0,   0.0,   0.0,     0.0,     7.0, -1.0   ,        ,        ,        ,        ,     0.0,      
hoganda01, 1978,     1, QUN , WHA , D  , 69.0,  2.0,  19.0,  21.0,  17.0, 1.0  ,  1.0,     ,  0.0,     ,     ,    ,  90.0,    4.0,   0.0,   0.0,     0.0,     2.0, -2.0   ,        ,        ,        ,        ,     0.0,      
hoganda01, 1979,     1, QUE , NHL , D  , 77.0,  4.0,  36.0,  40.0,  31.0, -42.0,  0.0,     ,  0.0,     ,  0.0, 0.0,  99.0,       ,      ,      ,        ,        ,        ,        ,        ,        ,        ,        ,      
hoganda01, 1980,     1, QUE , NHL , D  , 61.0,  3.0,  14.0,  17.0,  32.0, -8.0 ,  1.0,     ,  0.0,     ,  0.0, 0.0,  56.0,    5.0,   0.0,   3.0,     3.0,    10.0,        ,     0.0,        ,     0.0,        ,     0.0,      
hoganda01, 1981,     1, QUE , NHL , D  , 30.0,  0.0,   6.0,   6.0,  16.0, -24.0,  0.0,     ,  0.0,     ,  0.0, 0.0,  14.0,    6.0,   0.0,   0.0,     0.0,     2.0,        ,     0.0,        ,     0.0,        ,     0.0,      
hoganed01, 1909,     1, REN , NHA ,    ,  1.0,  0.0,   0.0,   0.0,   0.0,      ,     ,     ,     ,     ,     ,    ,      ,       ,      ,      ,        ,        ,        ,        ,        ,        ,        ,        ,      
hoganpa01, 1970,     1, PIT , NHL , G  ,  2.0,  0.0,   0.0,   0.0,   0.0, 0.0  ,  0.0,     ,  0.0,     ,  0.0, 0.0,   0.0,       ,      ,      ,        ,        ,        ,        ,        ,        ,        ,        ,      
hoganpa01, 1973,     1, LAS , WHA , G  , 27.0,  0.0,   0.0,   0.0,   0.0,      ,  0.0,     ,  0.0,     ,  0.0,    ,      ,       ,      ,      ,        ,        ,        ,        ,        ,        ,        ,        ,      
hoganpa01, 1974,     1, MIB , WHA , G  , 32.0,  0.0,   0.0,   0.0,  12.0,      ,  0.0,     ,  0.0,     ,  0.0,    ,   0.0,       ,      ,      ,        ,        ,        ,        ,        ,        ,        ,        ,      
hoganpa01, 1975,     1, NEW , WHA , G  ,  4.0,  0.0,   1.0,   1.0,   0.0, 0.0  ,  0.0,     ,  0.0,     ,  0.0,    ,   0.0,       ,      ,      ,        ,        ,        ,        ,        ,        ,        ,        ,      
hoganpa01, 1975,     2, CIN , WHA , G  , 45.0,  0.0,   1.0,   1.0,   4.0, 0.0  ,  0.0,     ,  0.0,     ,  0.0,    ,   0.0,       ,      ,      ,        ,        ,        ,        ,        ,        ,        ,        ,      
hoganpa01, 1976,     1, CIN , WHA , G  , 17.0,  0.0,   0.0,   0.0,   0.0, 0.0  ,  0.0,     ,  0.0,     ,  0.0,    ,   0.0,       ,      ,      ,        ,        ,        ,        ,        ,        ,        ,        ,      
hoganpa01, 1976,     2, IND , WHA , G  , 11.0,  0.0,   0.0,   0.0,   2.0, 0.0  ,  0.0,     ,  0.0,     ,  0.0,    ,   0.0,    5.0,   0.0,   1.0,     1.0,     0.0, 0.0    ,     0.0,        ,     0.0,        ,     0.0,      
hoganpa01, 1977,     1, CIN , WHA , G  ,  7.0,  0.0,   0.0,   0.0,   0.0, 0.0  ,  0.0,     ,  0.0,     ,     ,    ,   0.0,       ,      ,      ,        ,        ,        ,        ,        ,        ,        ,        ,      
hoggaje01, 2005,     1, STL , NHL , L  , 52.0,  2.0,   6.0,   8.0,  34.0, -16.0,  0.0,  0.0,  0.0,  0.0,  0.0,    ,  60.0,       ,      ,      ,        ,        ,        ,        ,        ,        ,        ,        ,      
hoggaje01, 2006,     1, BOS , NHL , R  , 46.0,  0.0,   2.0,   2.0,  33.0, -8.0 ,  0.0,  0.0,  0.0,  0.0,  0.0,    ,  53.0,       ,      ,      ,        ,        ,        ,        ,        ,        ,        ,        ,      
hoggaje01, 2007,     1, BOS , NHL , R  ,  1.0,  0.0,   0.0,   0.0,   0.0, 0.0  ,  0.0,  0.0,  0.0,  0.0,  0.0,    ,   0.0,       ,      ,      ,        ,        ,        ,        ,        ,        ,        ,        ,      
hoggaje01, 2008,     1, PHO , NHL , R  ,  4.0,  0.0,   1.0,   1.0,   7.0, -1.0 ,  0.0,  0.0,  0.0,  0.0,  0.0,    ,   7.0,       ,      ,      ,        ,        ,        ,        ,        ,        ,        ,        ,      
hoggaje01, 2009,     1, PHO , NHL , R  ,  4.0,  0.0,   0.0,   0.0,   2.0, -1.0 ,  0.0,  0.0,  0.0,  0.0,  0.0,    ,   5.0,       ,      ,      ,        ,        ,        ,        ,        ,        ,        ,        ,      
hoglujo01, 1996,     1, CAL , NHL , L  , 68.0, 19.0,  16.0,  35.0,  12.0, -4.0 ,  3.0, 11.0,  0.0,  0.0,  6.0, 1.0, 189.0,       ,      ,      ,        ,        ,        ,        ,        ,        ,        ,        ,      
hoglujo01, 1997,     1, CAL , NHL , L  , 50.0,  6.0,   8.0,  14.0,  16.0, -9.0 ,  0.0,  0.0,  0.0,  0.0,  0.0, 0.0, 124.0,       ,      ,      ,        ,        ,        ,        ,        ,        ,        ,        ,      
hoglujo01, 1997,     2, MTL , NHL , L  , 28.0,  6.0,   5.0,  11.0,   6.0, 2.0  ,  4.0,  2.0,  0.0,  0.0,  0.0, 0.0,  62.0,   10.0,   2.0,   0.0,     2.0,     0.0, -1.0   ,     0.0,     0.0,     0.0,     0.0,     0.0,     7.0
hoglujo01, 1998,     1, MTL , NHL , R  , 74.0,  8.0,  10.0,  18.0,  16.0, -5.0 ,  1.0,  1.0,  0.0,  0.0,  0.0, 1.0, 122.0,       ,      ,      ,        ,        ,        ,        ,        ,        ,        ,        ,      
hoglujo01, 1999,     1, TOR , NHL , L  , 82.0, 29.0,  27.0,  56.0,  10.0, -2.0 ,  9.0,  9.0,  1.0,  0.0,  3.0, 0.0, 215.0,   12.0,   2.0,   4.0,     6.0,     2.0, 4.0    ,     0.0,     0.0,     0.0,     0.0,     0.0,    21.0
hoglujo01, 2000,     1, TOR , NHL , L  , 82.0, 23.0,  26.0,  49.0,  14.0, 1.0  ,  5.0,  8.0,  0.0,  0.0,  5.0, 2.0, 196.0,   10.0,   0.0,   0.0,     0.0,     4.0, -4.0   ,     0.0,     0.0,     0.0,     0.0,     0.0,     8.0
hoglujo01, 2001,     1, TOR , NHL , L  , 82.0, 13.0,  34.0,  47.0,  26.0, 11.0 ,  1.0,  5.0,  1.0,  0.0,  4.0, 0.0, 199.0,   20.0,   4.0,   6.0,    10.0,     2.0, -3.0   ,     3.0,     5.0,     0.0,     0.0,     1.0,    50.0
hoglujo01, 2002,     1, TOR , NHL , L  , 79.0, 13.0,  19.0,  32.0,  12.0, 2.0  ,  2.0,  8.0,  0.0,  1.0,  3.0, 0.0, 157.0,    7.0,   0.0,   1.0,     1.0,     0.0, -1.0   ,     0.0,     1.0,     0.0,     0.0,     0.0,     4.0
hogosgo01, 1977,     1, NYI , NHL , G  ,  1.0,  0.0,   0.0,   0.0,   0.0, 0.0  ,  0.0,     ,  0.0,     ,  0.0, 0.0,   0.0,       ,      ,      ,        ,        ,        ,        ,        ,        ,        ,        ,      
hogosgo01, 1979,     1, QUE , NHL , G  , 21.0,  0.0,   0.0,   0.0,   0.0, 0.0  ,  0.0,     ,  0.0,     ,  0.0, 0.0,   0.0,       ,      ,      ,        ,        ,        ,        ,        ,        ,        ,        ,      
hoguebe01, 1987,     1, BUF , NHL , C  ,  3.0,  1.0,   1.0,   2.0,   0.0, 3.0  ,  0.0,  0.0,  0.0,  0.0,  1.0, 0.0,   3.0,       ,      ,      ,        ,        ,        ,        ,        ,        ,        ,        ,      
hoguebe01, 1988,     1, BUF , NHL , L  , 69.0, 14.0,  30.0,  44.0, 120.0, -5.0 ,  1.0,  4.0,  2.0,  1.0,  0.0, 0.0, 114.0,    5.0,   0.0,   0.0,     0.0,    17.0, -1.0   ,     0.0,     0.0,     0.0,     0.0,     0.0,     4.0
hoguebe01, 1989,     1, BUF , NHL , C  , 45.0, 11.0,   7.0,  18.0,  79.0, 0.0  ,  1.0,  1.0,  0.0,  0.0,  1.0, 0.0,  73.0,    3.0,   0.0,   0.0,     0.0,    10.0, 0.0    ,     0.0,     0.0,     0.0,     0.0,     0.0,     2.0
hoguebe01, 1990,     1, BUF , NHL , L  , 76.0, 19.0,  28.0,  47.0,  76.0, -8.0 ,  1.0, 10.0,  0.0,  0.0,  2.0, 2.0, 134.0,    5.0,   3.0,   1.0,     4.0,    10.0, -1.0   ,     0.0,     0.0,     0.0,     0.0,     0.0,    13.0
hoguebe01, 1991,     1, BUF , NHL , L  ,  3.0,  0.0,   1.0,   1.0,   0.0, 0.0  ,  0.0,  0.0,  0.0,  0.0,  0.0, 0.0,   6.0,       ,      ,      ,        ,        ,        ,        ,        ,        ,        ,        ,      
hoguebe01, 1991,     2, NYI , NHL , L  , 72.0, 30.0,  45.0,  75.0,  67.0, 30.0 ,  8.0,  9.0,  0.0,  2.0,  5.0, 0.0, 143.0,       ,      ,      ,        ,        ,        ,        ,        ,        ,        ,        ,      
hoguebe01, 1992,     1, NYI , NHL , C  , 70.0, 33.0,  42.0,  75.0, 108.0, 13.0 ,  5.0,  7.0,  3.0,  3.0,  5.0, 0.0, 147.0,   18.0,   6.0,   6.0,    12.0,    31.0, 7.0    ,     0.0,     1.0,     2.0,     0.0,     1.0,    37.0
hoguebe01, 1993,     1, NYI , NHL , L  , 83.0, 36.0,  33.0,  69.0,  73.0, -7.0 ,  9.0,  9.0,  5.0,  0.0,  3.0, 0.0, 218.0,    4.0,   0.0,   1.0,     1.0,     4.0, -3.0   ,     0.0,     1.0,     0.0,     0.0,     0.0,     5.0
hoguebe01, 1994,     1, NYI , NHL , L  , 33.0,  6.0,   4.0,  10.0,  34.0, 0.0  ,  1.0,  1.0,  0.0,  0.0,  1.0, 1.0,  50.0,       ,      ,      ,        ,        ,        ,        ,        ,        ,        ,        ,      
hoguebe01, 1994,     2, TOR , NHL , L  , 12.0,  3.0,   3.0,   6.0,   0.0, 0.0  ,  1.0,  0.0,  0.0,  0.0,  1.0, 0.0,  16.0,    7.0,   0.0,   0.0,     0.0,     6.0, -4.0   ,     0.0,     0.0,     0.0,     0.0,     0.0,     6.0
hoguebe01, 1995,     1, TOR , NHL , L  , 44.0, 12.0,  25.0,  37.0,  68.0, 6.0  ,  3.0,  8.0,  0.0,  0.0,  5.0, 0.0,  94.0,       ,      ,      ,        ,        ,        ,        ,        ,        ,        ,        ,      
hoguebe01, 1995,     2, DAL , NHL , L  , 34.0,  7.0,  20.0,  27.0,  36.0, 4.0  ,  2.0,  7.0,  0.0,  1.0,  0.0, 0.0,  61.0,       ,      ,      ,        ,        ,        ,        ,        ,        ,        ,        ,      
hoguebe01, 1996,     1, DAL , NHL , L  , 73.0, 19.0,  24.0,  43.0,  54.0, 8.0  ,  5.0,  6.0,  0.0,  0.0,  5.0, 0.0, 131.0,    7.0,   2.0,   2.0,     4.0,     6.0, -1.0   ,     1.0,     1.0,     0.0,     0.0,     0.0,    16.0
hoguebe01, 1997,     1, DAL , NHL , L  , 53.0,  6.0,  16.0,  22.0,  35.0, 7.0  ,  3.0,  3.0,  0.0,  0.0,  1.0, 0.0,  55.0,   17.0,   4.0,   2.0,     6.0,    16.0, 0.0    ,     1.0,     1.0,     0.0,     0.0,     2.0,    23.0
hoguebe01, 1998,     1, TBL , NHL , C  , 62.0, 11.0,  14.0,  25.0,  50.0, -12.0,  2.0,  3.0,  0.0,  3.0,  3.0, 0.0, 101.0,       ,      ,      ,        ,        ,        ,        ,        ,        ,        ,        ,      
hoguebe01, 1998,     2, DAL , NHL , C  , 12.0,  1.0,   3.0,   4.0,   4.0, 2.0  ,  0.0,  0.0,  0.0,  0.0,  0.0, 0.0,  20.0,   14.0,   0.0,   2.0,     2.0,    16.0, -1.0   ,     0.0,     0.0,     0.0,     0.0,     0.0,    20.0
hoguebe01, 1999,     1, PHO , NHL , L  , 27.0,  3.0,  10.0,  13.0,  10.0, -1.0 ,  0.0,  1.0,  0.0,  0.0,  0.0, 0.0,  39.0,    5.0,   1.0,   2.0,     3.0,     2.0, 2.0    ,     0.0,     0.0,     0.0,     0.0,     0.0,     4.0
hoguebe01, 2000,     1, DAL , NHL , L  , 34.0,  3.0,   7.0,  10.0,  26.0, -1.0 ,  0.0,  1.0,  0.0,  0.0,  0.0, 0.0,  35.0,    7.0,   1.0,   0.0,     1.0,     6.0, -4.0   ,     0.0,     0.0,     0.0,     0.0,     1.0,     3.0
hoguebe01, 2001,     1, DAL , NHL , L  , 32.0,  3.0,   3.0,   6.0,  24.0, -4.0 ,  0.0,  0.0,  0.0,  0.0,  0.0, 0.0,  20.0,       ,      ,      ,        ,        ,        ,        ,        ,        ,        ,        ,      
hoguebe01, 2001,     2, BOS , NHL , L  , 17.0,  4.0,   4.0,   8.0,   9.0, -3.0 ,  0.0,  1.0,  0.0,  0.0,  1.0, 0.0,  17.0,       ,      ,      ,        ,        ,        ,        ,        ,        ,        ,        ,      
hoguebe01, 2001,     3, WAS , NHL , L  ,  9.0,  0.0,   1.0,   1.0,   4.0, 2.0  ,  0.0,  0.0,  0.0,  0.0,  0.0, 0.0,   5.0,       ,      ,      ,        ,        ,        ,        ,        ,        ,        ,        ,      
holanmi01, 1993,     1, PHI , NHL , D  ,  8.0,  1.0,   1.0,   2.0,   4.0, -4.0 ,  1.0,  1.0,  0.0,  0.0,  0.0, 0.0,  26.0,       ,      ,      ,        ,        ,        ,        ,        ,        ,        ,        ,      
holanmi01, 1994,     1, ANA , NHL , D  , 25.0,  2.0,   8.0,  10.0,  14.0, 4.0  ,  1.0,  3.0,  0.0,  1.0,  1.0, 0.0,  93.0,       ,      ,      ,        ,        ,        ,        ,        ,        ,        ,        ,      
holanmi01, 1995,     1, ANA , NHL , D  , 16.0,  2.0,   2.0,   4.0,  24.0, -12.0,  0.0,  1.0,  0.0,  0.0,  0.0, 0.0,  47.0,       ,      ,      ,        ,        ,        ,        ,        ,        ,        ,        ,      
holbrte01, 1972,     1, MNS , NHL , R  , 21.0,  2.0,   3.0,   5.0,   0.0, -4.0 ,  0.0,     ,  0.0,     ,  1.0, 0.0,  18.0,    6.0,   0.0,   0.0,     0.0,     0.0,        ,     0.0,        ,     0.0,        ,     0.0,      
holbrte01, 1973,     1, MNS , NHL , R  , 22.0,  1.0,   3.0,   4.0,   4.0, -3.0 ,  1.0,     ,  0.0,     ,  0.0, 0.0,  19.0,       ,      ,      ,        ,        ,        ,        ,        ,        ,        ,        ,      
holbrte01, 1974,     1, CLC , WHA , R  , 78.0, 10.0,  13.0,  23.0,   7.0, -10.0,  0.0,     ,  0.0,     ,     ,    ,  86.0,    5.0,   0.0,   1.0,     1.0,     0.0,        ,     0.0,        ,     0.0,        ,     0.0,      
holbrte01, 1975,     1, CLC , WHA , R  , 15.0,  1.0,   2.0,   3.0,   6.0, -1.0 ,  0.0,     ,  1.0,     ,  0.0,    ,  17.0,    3.0,   0.0,   0.0,     0.0,     0.0, -5.0   ,        ,        ,        ,        ,     0.0,      
holdeba01, 1909,     1, MOS , NHA ,    , 12.0,  5.0,   0.0,   5.0,  23.0,      ,     ,     ,     ,     ,     ,    ,      ,       ,      ,      ,        ,        ,        ,        ,        ,        ,        ,        ,      
holdeba01, 1910,     1, QU1 , NHA ,    , 16.0,  4.0,   0.0,   4.0,  40.0,      ,     ,     ,     ,     ,     ,    ,      ,       ,      ,      ,        ,        ,        ,        ,        ,        ,        ,        ,      
holdebi01, 1973,     1, TOT , WHA , G  ,  1.0,  0.0,   0.0,   0.0,   0.0,      ,  0.0,     ,  0.0,     ,  0.0,    ,      ,       ,      ,      ,        ,        ,        ,        ,        ,        ,        ,        ,      
holdebi01, 1973,     2, WIJ , WHA , G  ,  1.0,  0.0,   0.0,   0.0,   0.0,      ,  0.0,     ,  0.0,     ,  0.0,    ,      ,       ,      ,      ,        ,        ,        ,        ,        ,        ,        ,        ,      
holdejo01, 1998,     1, VAN , NHL , C  , 30.0,  2.0,   4.0,   6.0,  10.0, -10.0,  1.0,  0.0,  0.0,  0.0,  0.0, 0.0,  44.0,       ,      ,      ,        ,        ,        ,        ,        ,        ,        ,        ,      
holdejo01, 1999,     1, VAN , NHL , C  ,  6.0,  1.0,   5.0,   6.0,   2.0, 2.0  ,  0.0,  0.0,  0.0,  0.0,  0.0, 0.0,   5.0,       ,      ,      ,        ,        ,        ,        ,        ,        ,        ,        ,      
holdejo01, 2000,     1, VAN , NHL , C  , 10.0,  1.0,   0.0,   1.0,   0.0, 0.0  ,  0.0,  0.0,  0.0,  0.0,  0.0, 0.0,  12.0,       ,      ,      ,        ,        ,        ,        ,        ,        ,        ,        ,      
holdejo01, 2001,     1, CAR , NHL , C  ,  8.0,  0.0,   0.0,   0.0,   2.0, 0.0  ,  0.0,  0.0,  0.0,  0.0,  0.0, 0.0,   3.0,       ,      ,      ,        ,        ,        ,        ,        ,        ,        ,        ,      
holdejo01, 2002,     1, TOR , NHL , C  ,  5.0,  1.0,   0.0,   1.0,   2.0, -2.0 ,  0.0,  0.0,  0.0,  0.0,  0.0, 0.0,   6.0,       ,      ,      ,        ,        ,        ,        ,        ,        ,        ,        ,      
holdejo01, 2003,     1, TOR , NHL , C  ,  1.0,  0.0,   0.0,   0.0,   0.0, 0.0  ,  0.0,  0.0,  0.0,  0.0,  0.0, 0.0,   0.0,       ,      ,      ,        ,        ,        ,        ,        ,        ,        ,        ,      
holdema01, 1981,     1, MTL , NHL , G  ,  1.0,  0.0,   0.0,   0.0,   0.0, 0.0  ,  0.0,     ,  0.0,     ,  0.0, 0.0,   0.0,       ,      ,      ,        ,        ,        ,        ,        ,        ,        ,        ,      
holdema01, 1982,     1, MTL , NHL , G  ,  2.0,  0.0,   0.0,   0.0,   0.0, 0.0  ,  0.0,     ,  0.0,     ,  0.0, 0.0,   0.0,       ,      ,      ,        ,        ,        ,        ,        ,        ,        ,        ,      
holdema01, 1983,     1, MTL , NHL , G  ,  1.0,  0.0,   0.0,   0.0,   0.0, 0.0  ,  0.0,     ,  0.0,     ,  0.0, 0.0,   0.0,       ,      ,      ,        ,        ,        ,        ,        ,        ,        ,        ,      
holdema01, 1984,     1, WIN , NHL , G  ,  4.0,  0.0,   1.0,   1.0,   0.0, 0.0  ,  0.0,     ,  0.0,     ,  0.0, 0.0,   0.0,       ,      ,      ,        ,        ,        ,        ,        ,        ,        ,        ,      
holikbo01, 1990,     1, HAR , NHL , L  , 78.0, 21.0,  22.0,  43.0, 113.0, -3.0 ,  8.0,  3.0,  0.0,  0.0,  3.0, 0.0, 173.0,    6.0,   0.0,   0.0,     0.0,     7.0, -3.0   ,     0.0,     0.0,     0.0,     0.0,     0.0,    15.0
holikbo01, 1991,     1, HAR , NHL , L  , 76.0, 21.0,  24.0,  45.0,  44.0, 4.0  ,  1.0,  1.0,  0.0,  0.0,  2.0, 1.0, 207.0,    7.0,   0.0,   1.0,     1.0,     6.0, -2.0   ,     0.0,     0.0,     0.0,     0.0,     0.0,    18.0
holikbo01, 1992,     1, NJD , NHL , L  , 61.0, 20.0,  19.0,  39.0,  76.0, -6.0 ,  7.0,  7.0,  0.0,  0.0,  4.0, 0.0, 180.0,    5.0,   1.0,   1.0,     2.0,     6.0, -1.0   ,     0.0,     0.0,     0.0,     0.0,     0.0,    10.0
holikbo01, 1993,     1, NJD , NHL , C  , 70.0, 13.0,  20.0,  33.0,  72.0, 28.0 ,  2.0,  1.0,  0.0,  0.0,  3.0, 0.0, 130.0,   20.0,   0.0,   3.0,     3.0,     6.0, 0.0    ,     0.0,     0.0,     0.0,     0.0,     0.0,    23.0
holikbo01, 1994,     1, NJD , NHL , C  , 48.0, 10.0,  10.0,  20.0,  18.0, 9.0  ,  0.0,  1.0,  0.0,  0.0,  2.0, 0.0,  84.0,   20.0,   4.0,   4.0,     8.0,    22.0, 7.0    ,     2.0,     0.0,     0.0,     0.0,     1.0,    33.0
holikbo01, 1995,     1, NJD , NHL , C  , 63.0, 13.0,  17.0,  30.0,  58.0, 9.0  ,  1.0,  3.0,  0.0,  0.0,  1.0, 1.0, 157.0,       ,      ,      ,        ,        ,        ,        ,        ,        ,        ,        ,      
holikbo01, 1996,     1, NJD , NHL , C  , 82.0, 23.0,  39.0,  62.0,  54.0, 24.0 ,  5.0,  8.0,  0.0,  0.0,  6.0, 0.0, 192.0,   10.0,   2.0,   3.0,     5.0,     4.0, 1.0    ,     1.0,     3.0,     0.0,     0.0,     0.0,    29.0
holikbo01, 1997,     1, NJD , NHL , C  , 82.0, 29.0,  36.0,  65.0, 100.0, 23.0 ,  8.0, 18.0,  0.0,  0.0,  8.0, 1.0, 238.0,    5.0,   0.0,   0.0,     0.0,     8.0, -4.0   ,     0.0,     0.0,     0.0,     0.0,     0.0,    18.0
holikbo01, 1998,     1, NJD , NHL , L  , 78.0, 27.0,  37.0,  64.0, 119.0, 16.0 ,  5.0,  9.0,  0.0,  0.0,  8.0, 0.0, 253.0,    7.0,   0.0,   7.0,     7.0,     6.0, -1.0   ,     0.0,     2.0,     0.0,     0.0,     0.0,    21.0
holikbo01, 1999,     1, NJD , NHL , C  , 79.0, 23.0,  23.0,  46.0, 106.0, 7.0  ,  7.0,  6.0,  0.0,  0.0,  4.0, 1.0, 257.0,   23.0,   3.0,   7.0,    10.0,    14.0, -1.0   ,     0.0,     3.0,     0.0,     0.0,     1.0,    73.0
holikbo01, 2000,     1, NJD , NHL , C  , 80.0, 15.0,  35.0,  50.0,  97.0, 19.0 ,  3.0, 13.0,  0.0,  0.0,  3.0, 0.0, 206.0,   25.0,   6.0,  10.0,    16.0,    37.0, 1.0    ,     1.0,     4.0,     0.0,     0.0,     3.0,    66.0
holikbo01, 2001,     1, NJD , NHL , C  , 81.0, 25.0,  29.0,  54.0,  97.0, 7.0  ,  6.0, 10.0,  0.0,  0.0,  3.0, 2.0, 270.0,    6.0,   4.0,   1.0,     5.0,     2.0, 4.0    ,     1.0,     0.0,     0.0,     0.0,     0.0,    28.0
holikbo01, 2002,     1, NYR , NHL , C  , 64.0, 16.0,  19.0,  35.0,  52.0, -1.0 ,  3.0,  3.0,  0.0,  0.0,  2.0, 0.0, 213.0,       ,      ,      ,        ,        ,        ,        ,        ,        ,        ,        ,      
holikbo01, 2003,     1, NYR , NHL , C  , 82.0, 25.0,  31.0,  56.0,  96.0, 4.0  ,  8.0,  7.0,  0.0,  0.0,  4.0, 0.0, 225.0,       ,      ,      ,        ,        ,        ,        ,        ,        ,        ,        ,      
holikbo01, 2005,     1, ATL , NHL , C  , 64.0, 15.0,  18.0,  33.0,  79.0, -6.0 ,  5.0, 12.0,  0.0,  1.0,  0.0,    , 151.0,       ,      ,      ,        ,        ,        ,        ,        ,        ,        ,        ,      
holikbo01, 2006,     1, ATL , NHL , C  , 82.0, 11.0,  18.0,  29.0,  86.0, -3.0 ,  2.0,  2.0,  1.0,  0.0,  1.0,    , 190.0,    4.0,   0.0,   1.0,     1.0,     0.0, 0.0    ,     0.0,     0.0,     0.0,     0.0,     0.0,    12.0
holikbo01, 2007,     1, ATL , NHL , C  , 82.0, 15.0,  19.0,  34.0,  90.0, -14.0,  3.0,  3.0,  0.0,  1.0,  3.0,    , 140.0,       ,      ,      ,        ,        ,        ,        ,        ,        ,        ,        ,      
holikbo01, 2008,     1, NJD , NHL , C  , 62.0,  4.0,   5.0,   9.0,  66.0, -2.0 ,  0.0,  1.0,  0.0,  0.0,  1.0,    ,  79.0,    3.0,   0.0,   1.0,     1.0,     2.0, 0.0    ,     0.0,     0.0,     0.0,     0.0,     0.0,     3.0
hollaja01, 1996,     1, NYI , NHL , D  ,  4.0,  1.0,   0.0,   1.0,   0.0, 1.0  ,  0.0,  0.0,  0.0,  0.0,  0.0, 0.0,   3.0,       ,      ,      ,        ,        ,        ,        ,        ,        ,        ,        ,      
hollaja01, 1997,     1, NYI , NHL , D  ,  8.0,  0.0,   0.0,   0.0,   4.0, -4.0 ,  0.0,  0.0,  0.0,  0.0,  0.0, 0.0,   6.0,       ,      ,      ,        ,        ,        ,        ,        ,        ,        ,        ,      
hollaja01, 1998,     1, BUF , NHL , D  ,  3.0,  0.0,   0.0,   0.0,   8.0, -1.0 ,  0.0,  0.0,  0.0,  0.0,  0.0, 0.0,   2.0,       ,      ,      ,        ,        ,        ,        ,        ,        ,        ,        ,      
hollaja01, 1999,     1, BUF , NHL , D  ,  9.0,  0.0,   1.0,   1.0,   0.0, 0.0  ,  0.0,  1.0,  0.0,  0.0,  0.0, 0.0,   8.0,    1.0,   0.0,   0.0,     0.0,     0.0, 0.0    ,     0.0,     0.0,     0.0,     0.0,     0.0,     1.0
hollaja01, 2001,     1, LAK , NHL , D  ,  3.0,  0.0,   0.0,   0.0,   0.0, -1.0 ,  0.0,  0.0,  0.0,  0.0,  0.0, 0.0,   1.0,       ,      ,      ,        ,        ,        ,        ,        ,        ,        ,        ,      
hollaja01, 2002,     1, LAK , NHL , D  ,  2.0,  0.0,   1.0,   1.0,   0.0, 1.0  ,  0.0,  0.0,  0.0,  0.0,  0.0, 0.0,   0.0,       ,      ,      ,        ,        ,        ,        ,        ,        ,        ,        ,      
hollaja01, 2003,     1, LAK , NHL , D  , 52.0,  3.0,   3.0,   6.0,  24.0, 5.0  ,  0.0,  0.0,  0.0,  1.0,  1.0, 0.0,  64.0,       ,      ,      ,        ,        ,        ,        ,        ,        ,        ,        ,      
hollaje01, 1974,     1, NYR , NHL , R  ,  1.0,  1.0,   0.0,   1.0,   0.0, 1.0  ,  0.0,     ,  0.0,     ,  0.0, 0.0,   1.0,       ,      ,      ,        ,        ,        ,        ,        ,        ,        ,        ,      
hollaje01, 1975,     1, NYR , NHL , L  , 36.0,  7.0,   4.0,  11.0,   6.0, -5.0 ,  2.0,     ,  0.0,     ,  1.0, 1.0,  50.0,       ,      ,      ,        ,        ,        ,        ,        ,        ,        ,        ,      
hollaje01, 1977,     1, EDO , WHA , L  , 22.0,  2.0,   1.0,   3.0,  14.0, -1.0 ,  1.0,     ,  0.0,     ,     ,    ,  28.0,       ,      ,      ,        ,        ,        ,        ,        ,        ,        ,        ,      
hollake01, 1980,     1, HAR , NHL , G  ,  1.0,  0.0,   0.0,   0.0,   0.0, 0.0  ,  0.0,     ,  0.0,     ,  0.0, 0.0,   0.0,       ,      ,      ,        ,        ,        ,        ,        ,        ,        ,        ,      
hollake01, 1983,     1, DET , NHL , G  ,  3.0,  0.0,   0.0,   0.0,   0.0, 0.0  ,  0.0,     ,  0.0,     ,  0.0, 0.0,   0.0,       ,      ,      ,        ,        ,        ,        ,        ,        ,        ,        ,      
hollaro01, 1979,     1, PIT , NHL , G  , 34.0,  0.0,   0.0,   0.0,   2.0, 0.0  ,  0.0,     ,  0.0,     ,  0.0, 0.0,   0.0,       ,      ,      ,        ,        ,        ,        ,        ,        ,        ,        ,      
hollaro01, 1980,     1, PIT , NHL , G  , 10.0,  0.0,   0.0,   0.0,   0.0, 0.0  ,  0.0,     ,  0.0,     ,  0.0, 0.0,   0.0,       ,      ,      ,        ,        ,        ,        ,        ,        ,        ,        ,      
hollefl01, 1933,     1, TOR , NHL , D  ,  4.0,  1.0,   0.0,   1.0,   4.0,      ,     ,     ,     ,     ,     ,    ,      ,       ,      ,      ,        ,        ,        ,        ,        ,        ,        ,        ,      
hollefl01, 1933,     2, OTS , NHL , D  , 30.0,  6.0,   4.0,  10.0,  21.0,      ,     ,     ,     ,     ,     ,    ,      ,       ,      ,      ,        ,        ,        ,        ,        ,        ,        ,        ,      
hollefl01, 1934,     1, TOR , NHL , D  , 48.0, 10.0,  16.0,  26.0,  38.0,      ,     ,     ,     ,     ,     ,    ,      ,    7.0,   0.0,   0.0,     0.0,     6.0,        ,        ,        ,        ,        ,        ,      
hollefl01, 1935,     1, TOR , NHL , D  , 11.0,  1.0,   4.0,   5.0,   8.0,      ,     ,     ,     ,     ,     ,    ,      ,       ,      ,      ,        ,        ,        ,        ,        ,        ,        ,        ,      
hollefl01, 1935,     2, BOS , NHL , D  ,  6.0,  1.0,   2.0,   3.0,   2.0,      ,     ,     ,     ,     ,     ,    ,      ,       ,      ,      ,        ,        ,        ,        ,        ,        ,        ,        ,      
hollefl01, 1936,     1, BOS , NHL , D  , 47.0,  3.0,   7.0,  10.0,  22.0,      ,     ,     ,     ,     ,     ,    ,      ,    3.0,   0.0,   0.0,     0.0,     2.0,        ,        ,        ,        ,        ,        ,      
hollefl01, 1937,     1, BOS , NHL , D  , 48.0,  4.0,  10.0,  14.0,  54.0,      ,     ,     ,     ,     ,     ,    ,      ,    3.0,   0.0,   1.0,     1.0,     0.0,        ,        ,        ,        ,        ,        ,      
hollefl01, 1938,     1, BOS , NHL , D  , 44.0, 10.0,  17.0,  27.0,  35.0,      ,     ,     ,     ,     ,     ,    ,      ,   12.0,   1.0,   3.0,     4.0,     2.0,        ,        ,        ,        ,        ,        ,      
hollefl01, 1939,     1, BOS , NHL , D  , 44.0, 10.0,  18.0,  28.0,  18.0,      ,     ,     ,     ,     ,     ,    ,      ,    5.0,   1.0,   2.0,     3.0,     2.0,        ,        ,        ,        ,        ,        ,      
hollefl01, 1940,     1, BOS , NHL , D  , 42.0,  9.0,  15.0,  24.0,  23.0,      ,     ,     ,     ,     ,     ,    ,      ,   11.0,   3.0,   4.0,     7.0,     8.0,        ,        ,        ,        ,        ,        ,      
hollefl01, 1941,     1, BOS , NHL , D  , 48.0, 19.0,  14.0,  33.0,  21.0,      ,     ,     ,     ,     ,     ,    ,      ,    5.0,   0.0,   1.0,     1.0,     2.0,        ,        ,        ,        ,        ,        ,      
hollefl01, 1942,     1, BOS , NHL , D  , 50.0, 19.0,  25.0,  44.0,  19.0,      ,     ,     ,     ,     ,     ,    ,      ,    9.0,   0.0,   9.0,     9.0,     4.0,        ,        ,        ,        ,        ,        ,      
hollefl01, 1943,     1, BOS , NHL , D  , 25.0,  9.0,   7.0,  16.0,   4.0,      ,     ,     ,     ,     ,     ,    ,      ,       ,      ,      ,        ,        ,        ,        ,        ,        ,        ,        ,      
hollefl01, 1943,     2, DET , NHL , D  , 27.0,  6.0,  12.0,  18.0,  34.0,      ,     ,     ,     ,     ,     ,    ,      ,    5.0,   0.0,   0.0,     0.0,     6.0,        ,        ,        ,        ,        ,        ,      
hollefl01, 1944,     1, DET , NHL , D  , 50.0, 20.0,  21.0,  41.0,  39.0,      ,     ,     ,     ,     ,     ,    ,      ,   14.0,   3.0,   4.0,     7.0,     6.0,        ,        ,        ,        ,        ,        ,      
hollefl01, 1945,     1, DET , NHL , D  , 38.0,  4.0,   9.0,  13.0,  16.0,      ,     ,     ,     ,     ,     ,    ,      ,    5.0,   0.0,   2.0,     2.0,     0.0,        ,        ,        ,        ,        ,        ,      
holligo01, 1954,     1, CHI , NHL , D  , 70.0,  3.0,   9.0,  12.0, 135.0,      ,     ,     ,     ,     ,     ,    ,      ,       ,      ,      ,        ,        ,        ,        ,        ,        ,        ,        ,      
holligo01, 1955,     1, DET , NHL , D  , 41.0,  0.0,   2.0,   2.0,  28.0,      ,     ,     ,     ,     ,     ,    ,      ,    3.0,   0.0,   0.0,     0.0,     2.0,        ,        ,        ,        ,        ,        ,      
holligo01, 1956,     1, DET , NHL , D  , 25.0,  0.0,   1.0,   1.0,  16.0,      ,     ,     ,     ,     ,     ,    ,      ,       ,      ,      ,        ,        ,        ,        ,        ,        ,        ,        ,      
holligo01, 1957,     1, DET , NHL , D  , 27.0,  1.0,   2.0,   3.0,  22.0,      ,     ,     ,     ,     ,     ,    ,      ,       ,      ,      ,        ,        ,        ,        ,        ,        ,        ,        ,      
hollite01, 1993,     1, STL , NHL , D  ,  2.0,  0.0,   0.0,   0.0,   0.0, 1.0  ,  0.0,  0.0,  0.0,  0.0,  0.0, 0.0,   0.0,       ,      ,      ,        ,        ,        ,        ,        ,        ,        ,        ,      
hollite01, 1994,     1, STL , NHL , D  ,  5.0,  0.0,   0.0,   0.0,   2.0, -1.0 ,  0.0,  0.0,  0.0,  0.0,  0.0, 0.0,   1.0,       ,      ,      ,        ,        ,        ,        ,        ,        ,        ,        ,      
hollobr01, 1984,     1, VAN , NHL , D  ,  2.0,  0.0,   0.0,   0.0,   0.0, -1.0 ,  0.0,     ,  0.0,     ,  0.0, 0.0,   0.0,       ,      ,      ,        ,        ,        ,        ,        ,        ,        ,        ,      
hollwry01, 2005,     1, NYR , NHL , C  , 52.0,  2.0,   3.0,   5.0,  84.0, -3.0 ,  0.0,  0.0,  0.0,  0.0,  0.0,    ,  32.0,    4.0,   0.0,   1.0,     1.0,    19.0, -1.0   ,     0.0,     0.0,     0.0,     0.0,     0.0,     2.0
hollwry01, 2006,     1, NYR , NHL , C  , 78.0,  1.0,   2.0,   3.0, 131.0, -11.0,  0.0,  0.0,  0.0,  0.0,  0.0,    ,  63.0,    2.0,   0.0,   0.0,     0.0,     2.0, -1.0   ,     0.0,     0.0,     0.0,     0.0,     0.0,     4.0
hollwry01, 2007,     1, NYR , NHL , L  , 70.0,  2.0,   2.0,   4.0,  96.0, -12.0,  0.0,  0.0,  0.0,  0.0,  0.0,    ,  59.0,    8.0,   0.0,   0.0,     0.0,     2.0, -2.0   ,     0.0,     0.0,     0.0,     0.0,     0.0,     5.0
hollwry01, 2008,     1, TOR , NHL , L  , 25.0,  0.0,   2.0,   2.0,  38.0, -7.0 ,  0.0,  0.0,  0.0,  0.0,  0.0,    ,  12.0,       ,      ,      ,        ,        ,        ,        ,        ,        ,        ,        ,      
holmebi01, 1924,     1, EDE , WCHL, C  ,  6.0,  0.0,   0.0,   0.0,   0.0,      ,     ,     ,     ,     ,     ,    ,      ,       ,      ,      ,        ,        ,        ,        ,        ,        ,        ,        ,      
holmebi01, 1925,     1, MTL , NHL , F  ,  9.0,  1.0,   0.0,   1.0,   2.0,      ,     ,     ,     ,     ,     ,    ,      ,       ,      ,      ,        ,        ,        ,        ,        ,        ,        ,        ,      
holmebi01, 1926,     1, NYA , NHL , D  ,  1.0,  0.0,   0.0,   0.0,   0.0,      ,     ,     ,     ,     ,     ,    ,      ,       ,      ,      ,        ,        ,        ,        ,        ,        ,        ,        ,      
holmebi01, 1929,     1, NYA , NHL , F  , 42.0,  5.0,   4.0,   9.0,  33.0,      ,     ,     ,     ,     ,     ,    ,      ,       ,      ,      ,        ,        ,        ,        ,        ,        ,        ,        ,      
holmech01, 1958,     1, DET , NHL , R  , 15.0,  0.0,   3.0,   3.0,   6.0,      ,     ,     ,     ,     ,     ,    ,      ,       ,      ,      ,        ,        ,        ,        ,        ,        ,        ,        ,      
holmech01, 1961,     1, DET , NHL , R  ,  8.0,  1.0,   0.0,   1.0,   4.0,      ,     ,     ,     ,     ,     ,    ,      ,       ,      ,      ,        ,        ,        ,        ,        ,        ,        ,        ,      
holmeha01, 1912,     1, TBS , NHA , G  , 15.0,  0.0,   0.0,   0.0,   0.0,      ,     ,     ,     ,     ,     ,    ,      ,       ,      ,      ,        ,        ,        ,        ,        ,        ,        ,        ,      
holmeha01, 1913,     1, TBS , NHA , G  , 20.0,  0.0,   0.0,   0.0,   0.0,      ,     ,     ,     ,     ,     ,    ,      ,    2.0,   0.0,      ,        ,        ,        ,        ,        ,        ,        ,        ,      
holmeha01, 1914,     1, TBS , NHA , G  , 20.0,  0.0,   0.0,   0.0,   0.0,      ,     ,     ,     ,     ,     ,    ,      ,       ,      ,      ,        ,        ,        ,        ,        ,        ,        ,        ,      
holmeha01, 1915,     1, TBS , NHA , G  ,  1.0,  0.0,   0.0,   0.0,   0.0,      ,     ,     ,     ,     ,     ,    ,      ,       ,      ,      ,        ,        ,        ,        ,        ,        ,        ,        ,      
holmeha01, 1915,     2, SEA , PCHA, G  , 18.0,  0.0,   0.0,   0.0,   0.0,      ,     ,     ,     ,     ,     ,    ,      ,       ,      ,      ,        ,        ,        ,        ,        ,        ,        ,        ,      
holmeha01, 1916,     1, SEA , PCHA, G  , 24.0,  0.0,   0.0,   0.0,   0.0,      ,     ,     ,     ,     ,     ,    ,      ,       ,      ,      ,        ,        ,        ,        ,        ,        ,        ,        ,      
holmeha01, 1917,     1, TOA , NHL , G  , 16.0,  0.0,   0.0,   0.0,   0.0,      ,     ,     ,     ,     ,  0.0,    ,      ,    2.0,   0.0,   0.0,     0.0,     0.0,        ,        ,        ,        ,        ,        ,      
holmeha01, 1918,     1, TOA , NHL , G  ,  2.0,  0.0,   0.0,   0.0,   0.0,      ,     ,     ,     ,     ,     ,    ,      ,       ,      ,      ,        ,        ,        ,        ,        ,        ,        ,        ,      
holmeha01, 1918,     2, SEA , PCHA, G  , 20.0,  0.0,   0.0,   0.0,   0.0,      ,     ,     ,     ,     ,     ,    ,      ,    2.0,   0.0,   0.0,     0.0,     0.0,        ,        ,        ,        ,        ,        ,      
holmeha01, 1919,     1, SEA , PCHA, G  , 22.0,  0.0,   0.0,   0.0,   0.0,      ,     ,     ,     ,     ,     ,    ,      ,    2.0,   0.0,   0.0,     0.0,     0.0,        ,        ,        ,        ,        ,        ,      
holmeha01, 1920,     1, SEA , PCHA, G  , 24.0,  0.0,   0.0,   0.0,   0.0,      ,     ,     ,     ,     ,     ,    ,      ,    2.0,   0.0,   0.0,     0.0,     0.0,        ,        ,        ,        ,        ,        ,      
holmeha01, 1921,     1, SEA , PCHA, G  , 24.0,  0.0,   0.0,   0.0,   0.0,      ,     ,     ,     ,     ,     ,    ,      ,    2.0,   0.0,   0.0,     0.0,     0.0,        ,        ,        ,        ,        ,        ,      
holmeha01, 1922,     1, SEA , PCHA, G  , 30.0,  0.0,   0.0,   0.0,   0.0,      ,     ,     ,     ,     ,     ,    ,      ,       ,      ,      ,        ,        ,        ,        ,        ,        ,        ,        ,      
holmeha01, 1923,     1, SEA , PCHA, G  , 30.0,  0.0,   0.0,   0.0,   0.0,      ,     ,     ,     ,     ,     ,    ,      ,    2.0,   0.0,   0.0,     0.0,     0.0,        ,        ,        ,        ,        ,        ,      
holmeha01, 1924,     1, VIC , WCHL, G  , 28.0,  0.0,   0.0,   0.0,   0.0,      ,     ,     ,     ,     ,     ,    ,      ,    4.0,   0.0,   0.0,     0.0,     0.0,        ,        ,        ,        ,        ,        ,      
holmeha01, 1925,     1, VIC , WCHL, G  , 30.0,  0.0,   0.0,   0.0,   0.0,      ,     ,     ,     ,     ,     ,    ,      ,    4.0,   0.0,   0.0,     0.0,     0.0,        ,        ,        ,        ,        ,        ,      
holmeha01, 1926,     1, DTC , NHL , G  , 41.0,  0.0,   0.0,   0.0,   0.0,      ,     ,     ,     ,     ,     ,    ,      ,       ,      ,      ,        ,        ,        ,        ,        ,        ,        ,        ,      
holmeha01, 1927,     1, DTC , NHL , G  , 44.0,  0.0,   0.0,   0.0,   0.0,      ,     ,     ,     ,     ,     ,    ,      ,       ,      ,      ,        ,        ,        ,        ,        ,        ,        ,        ,      
holmelo01, 1931,     1, CHI , NHL , C  , 41.0,  1.0,   4.0,   5.0,   6.0,      ,     ,     ,     ,     ,     ,    ,      ,    2.0,   0.0,   0.0,     0.0,     2.0,        ,        ,        ,        ,        ,        ,      
holmelo01, 1932,     1, CHI , NHL , C  , 18.0,  0.0,   0.0,   0.0,   2.0,      ,     ,     ,     ,     ,     ,    ,      ,       ,      ,      ,        ,        ,        ,        ,        ,        ,        ,        ,      
holmewa01, 1981,     1, LAK , NHL , C  ,  3.0,  0.0,   2.0,   2.0,   0.0, 1.0  ,  0.0,     ,  0.0,     ,  0.0, 0.0,   6.0,       ,      ,      ,        ,        ,        ,        ,        ,        ,        ,        ,      
holmewa01, 1982,     1, LAK , NHL , C  , 39.0,  8.0,  16.0,  24.0,   7.0, -8.0 ,  2.0,     ,  0.0,     ,  0.0, 1.0,  66.0,       ,      ,      ,        ,        ,        ,        ,        ,        ,        ,        ,      
holmewa01, 1983,     1, LAK , NHL , C  ,  3.0,  0.0,   0.0,   0.0,   0.0, -3.0 ,  0.0,     ,  0.0,     ,  0.0, 0.0,   3.0,       ,      ,      ,        ,        ,        ,        ,        ,        ,        ,        ,      
holmgpa01, 1975,     1, MFS , WHA , R  , 51.0, 14.0,  16.0,  30.0, 121.0, -7.0 ,     ,     ,     ,     ,     ,    ,  97.0,       ,      ,      ,        ,        ,        ,        ,        ,        ,        ,        ,      
holmgpa01, 1975,     2, PHI , NHL , R  ,  1.0,  0.0,   0.0,   0.0,   2.0, 0.0  ,  0.0,     ,  0.0,     ,  0.0, 0.0,   1.0,       ,      ,      ,        ,        ,        ,        ,        ,        ,        ,        ,      
holmgpa01, 1976,     1, PHI , NHL , R  , 59.0, 14.0,  12.0,  26.0, 201.0, 10.0 ,  0.0,     ,  0.0,     ,  2.0, 2.0,  74.0,   10.0,   1.0,   1.0,     2.0,    25.0,        ,     0.0,        ,     0.0,        ,     0.0,      
holmgpa01, 1977,     1, PHI , NHL , R  , 62.0, 16.0,  18.0,  34.0, 190.0, 23.0 ,  2.0,     ,  0.0,     ,  1.0, 1.0,  91.0,   12.0,   1.0,   4.0,     5.0,    26.0,        ,     0.0,        ,     0.0,        ,     0.0,      
holmgpa01, 1978,     1, PHI , NHL , R  , 57.0, 19.0,  10.0,  29.0, 168.0, 2.0  ,  4.0,     ,  0.0,     ,  3.0, 1.0, 122.0,    8.0,   1.0,   5.0,     6.0,    22.0,        ,     0.0,        ,     0.0,        ,     0.0,      
holmgpa01, 1979,     1, PHI , NHL , R  , 74.0, 30.0,  35.0,  65.0, 267.0, 35.0 ,  9.0,     ,  0.0,     ,  3.0, 2.0, 153.0,   18.0,  10.0,  10.0,    20.0,    47.0,        ,     3.0,        ,     0.0,        ,     1.0,      
holmgpa01, 1980,     1, PHI , NHL , R  , 77.0, 22.0,  37.0,  59.0, 306.0, 12.0 ,  3.0,     ,  0.0,     ,  2.0, 1.0, 159.0,   12.0,   5.0,   9.0,    14.0,    49.0,        ,     2.0,        ,     0.0,        ,     1.0,      
holmgpa01, 1981,     1, PHI , NHL , R  , 41.0,  9.0,  22.0,  31.0, 183.0, 10.0 ,  4.0,     ,  0.0,     ,  3.0, 0.0,  71.0,    4.0,   1.0,   2.0,     3.0,     6.0,        ,     0.0,        ,     0.0,        ,     0.0,      
holmgpa01, 1982,     1, PHI , NHL , R  , 77.0, 19.0,  24.0,  43.0, 178.0, 18.0 ,  3.0,     ,  0.0,     ,  2.0, 0.0, 122.0,    3.0,   0.0,   0.0,     0.0,     6.0,        ,     0.0,        ,     0.0,        ,     0.0,      
holmgpa01, 1983,     1, PHI , NHL , R  , 52.0,  9.0,  13.0,  22.0, 105.0, 1.0  ,  1.0,     ,  0.0,     ,  1.0, 0.0,  75.0,       ,      ,      ,        ,        ,        ,        ,        ,        ,        ,        ,      
holmgpa01, 1983,     2, MNS , NHL , R  , 11.0,  2.0,   5.0,   7.0,  46.0, -2.0 ,  0.0,     ,  0.0,     ,  0.0, 0.0,  17.0,   12.0,   0.0,   1.0,     1.0,     6.0, 0.0    ,     0.0,        ,     0.0,        ,     0.0,     8.0
holmgpa01, 1984,     1, MNS , NHL , R  , 16.0,  4.0,   3.0,   7.0,  38.0, -4.0 ,  2.0,     ,  0.0,     ,  0.0, 0.0,  13.0,    3.0,   0.0,   0.0,     0.0,     8.0, 0.0    ,     0.0,        ,     0.0,        ,     0.0,     1.0
holmqjo01, 2000,     1, NYR , NHL , G  ,  2.0,  0.0,   0.0,   0.0,   2.0, 0.0  ,  0.0,  0.0,  0.0,  0.0,  0.0, 0.0,   0.0,       ,      ,      ,        ,        ,        ,        ,        ,        ,        ,        ,      
holmqjo01, 2001,     1, NYR , NHL , G  ,  1.0,  0.0,   0.0,   0.0,   0.0, 0.0  ,  0.0,  0.0,  0.0,  0.0,  0.0, 0.0,   0.0,       ,      ,      ,        ,        ,        ,        ,        ,        ,        ,        ,      
holmqjo01, 2002,     1, NYR , NHL , G  ,  1.0,  0.0,   0.0,   0.0,   0.0, 0.0  ,  0.0,  0.0,  0.0,  0.0,  0.0, 0.0,   0.0,       ,      ,      ,        ,        ,        ,        ,        ,        ,        ,        ,      
holmqjo01, 2006,     1, TBL , NHL , G  , 48.0,  0.0,   3.0,   3.0,   4.0, 0.0  ,  0.0,  3.0,  0.0,  0.0,  0.0,    ,   0.0,    6.0,   0.0,   0.0,     0.0,     0.0, 0.0    ,     0.0,     0.0,     0.0,     0.0,     0.0,     0.0
holmqjo01, 2007,     1, TBL , NHL , G  , 45.0,  0.0,   1.0,   1.0,   0.0, 0.0  ,  0.0,  1.0,  0.0,  0.0,  0.0,    ,   0.0,       ,      ,      ,        ,        ,        ,        ,        ,        ,        ,        ,      
holmqjo01, 2007,     2, DAL , NHL , G  ,  2.0,  0.0,   0.0,   0.0,   0.0, 0.0  ,  0.0,  0.0,  0.0,  0.0,  0.0,    ,   0.0,       ,      ,      ,        ,        ,        ,        ,        ,        ,        ,        ,      
holmqle01, 1975,     1, IND , WHA , G  , 19.0,  0.0,   0.0,   0.0,   4.0, 0.0  ,  0.0,     ,  0.0,     ,  0.0,    ,   0.0,       ,      ,      ,        ,        ,        ,        ,        ,        ,        ,        ,      
holmqmi01, 2003,     1, ANA , NHL , R  , 21.0,  2.0,   0.0,   2.0,  25.0, -6.0 ,  0.0,  0.0,  0.0,  0.0,  0.0, 0.0,  18.0,       ,      ,      ,        ,        ,        ,        ,        ,        ,        ,        ,      
holmqmi01, 2005,     1, CHI , NHL , C  , 72.0, 10.0,  10.0,  20.0,  16.0, -14.0,  2.0,  1.0,  0.0,  1.0,  1.0,    , 106.0,       ,      ,      ,        ,        ,        ,        ,        ,        ,        ,        ,      
holmqmi01, 2006,     1, CHI , NHL , C  , 63.0,  6.0,   7.0,  13.0,  31.0, -5.0 ,  1.0,  0.0,  0.0,  0.0,  0.0,    ,  80.0,       ,      ,      ,        ,        ,        ,        ,        ,        ,        ,        ,      
holmsto01, 1996,     1, DET , NHL , L  , 47.0,  6.0,   3.0,   9.0,  33.0, -10.0,  3.0,  2.0,  0.0,  0.0,  0.0, 0.0,  53.0,    1.0,   0.0,   0.0,     0.0,     0.0, -1.0   ,     0.0,     0.0,     0.0,     0.0,     0.0,     0.0
holmsto01, 1997,     1, DET , NHL , L  , 57.0,  5.0,  17.0,  22.0,  44.0, 6.0  ,  1.0,  1.0,  0.0,  0.0,  1.0, 0.0,  48.0,   22.0,   7.0,  12.0,    19.0,    16.0, 9.0    ,     2.0,     3.0,     0.0,     0.0,     0.0,    27.0
holmsto01, 1998,     1, DET , NHL , L  , 82.0, 13.0,  21.0,  34.0,  69.0, -11.0,  5.0,  9.0,  0.0,  0.0,  4.0, 0.0, 100.0,   10.0,   4.0,   3.0,     7.0,     4.0, 2.0    ,     2.0,     1.0,     0.0,     0.0,     1.0,    26.0
holmsto01, 1999,     1, DET , NHL , L  , 72.0, 13.0,  22.0,  35.0,  43.0, 4.0  ,  4.0,  6.0,  0.0,  0.0,  1.0, 0.0,  71.0,    9.0,   3.0,   1.0,     4.0,    16.0, 3.0    ,     1.0,     1.0,     0.0,     0.0,     1.0,    14.0
holmsto01, 2000,     1, DET , NHL , L  , 73.0, 16.0,  24.0,  40.0,  40.0, -12.0,  9.0, 10.0,  0.0,  0.0,  2.0, 0.0,  74.0,    6.0,   1.0,   3.0,     4.0,     8.0, -1.0   ,     1.0,     3.0,     0.0,     0.0,     0.0,     6.0
holmsto01, 2001,     1, DET , NHL , R  , 69.0,  8.0,  18.0,  26.0,  58.0, -12.0,  6.0,  9.0,  0.0,  0.0,  1.0, 0.0,  79.0,   23.0,   8.0,   3.0,    11.0,     8.0, 7.0    ,     3.0,     0.0,     0.0,     0.0,     2.0,    34.0
holmsto01, 2002,     1, DET , NHL , R  , 74.0, 20.0,  20.0,  40.0,  62.0, 11.0 , 12.0,  9.0,  0.0,  0.0,  2.0, 0.0, 109.0,    4.0,   1.0,   1.0,     2.0,     4.0, 1.0    ,     1.0,     1.0,     0.0,     0.0,     0.0,     7.0
holmsto01, 2003,     1, DET , NHL , R  , 67.0, 15.0,  15.0,  30.0,  38.0, 8.0  ,  6.0,  7.0,  0.0,  0.0,  0.0, 1.0,  74.0,   12.0,   2.0,   2.0,     4.0,    10.0, 0.0    ,     1.0,     0.0,     0.0,     0.0,     1.0,    20.0
holmsto01, 2005,     1, DET , NHL , R  , 81.0, 29.0,  30.0,  59.0,  66.0, 14.0 , 11.0, 13.0,  0.0,  0.0,  8.0,    , 140.0,    6.0,   1.0,   2.0,     3.0,    12.0, -1.0   ,     1.0,     1.0,     0.0,     0.0,     0.0,    10.0
holmsto01, 2006,     1, DET , NHL , L  , 77.0, 30.0,  22.0,  52.0,  58.0, 13.0 , 13.0,  6.0,  0.0,  0.0,  5.0,    , 176.0,   15.0,   5.0,   3.0,     8.0,    14.0, 2.0    ,     4.0,     0.0,     0.0,     0.0,     1.0,    26.0
holmsto01, 2007,     1, DET , NHL , R  , 59.0, 20.0,  20.0,  40.0,  58.0, 9.0  , 11.0,  7.0,  0.0,  0.0,  5.0,    , 137.0,   21.0,   4.0,   8.0,    12.0,    26.0, 4.0    ,     1.0,     4.0,     0.0,     0.0,     0.0,    41.0
holmsto01, 2008,     1, DET , NHL , R  , 53.0, 14.0,  23.0,  37.0,  38.0, 18.0 ,  8.0,  4.0,  0.0,  0.0,  1.0,    ,  75.0,   23.0,   2.0,   5.0,     7.0,    22.0, -2.0   ,     0.0,     2.0,     0.0,     0.0,     0.0,    25.0
holmsto01, 2009,     1, DET , NHL , L  , 68.0, 25.0,  20.0,  45.0,  60.0, 5.0  , 13.0,  9.0,  0.0,  0.0,  5.0,    , 131.0,   12.0,   4.0,   3.0,     7.0,    12.0, 3.0    ,     1.0,     0.0,     0.0,     0.0,     1.0,    26.0
holotjo01, 1942,     1, DET , NHL , C  , 12.0,  2.0,   0.0,   2.0,   0.0,      ,     ,     ,     ,     ,     ,    ,      ,       ,      ,      ,        ,        ,        ,        ,        ,        ,        ,        ,      
holotjo01, 1945,     1, DET , NHL , C  ,  3.0,  0.0,   0.0,   0.0,   0.0,      ,     ,     ,     ,     ,     ,    ,      ,       ,      ,      ,        ,        ,        ,        ,        ,        ,        ,        ,      
holstgr01, 1975,     1, NYR , NHL , C  ,  2.0,  0.0,   0.0,   0.0,   0.0, -3.0 ,  0.0,     ,  0.0,     ,  0.0, 0.0,   0.0,       ,      ,      ,        ,        ,        ,        ,        ,        ,        ,        ,      
holstgr01, 1976,     1, NYR , NHL , C  ,  5.0,  0.0,   0.0,   0.0,   0.0, -2.0 ,  0.0,     ,  0.0,     ,  0.0, 0.0,   7.0,       ,      ,      ,        ,        ,        ,        ,        ,        ,        ,        ,      
holstgr01, 1977,     1, NYR , NHL , C  ,  4.0,  0.0,   0.0,   0.0,   0.0, -1.0 ,  0.0,     ,  0.0,     ,  0.0, 0.0,   2.0,       ,      ,      ,        ,        ,        ,        ,        ,        ,        ,        ,      
holtch01 , 2005,     1, NYR , NHL , G  ,  1.0,  0.0,   0.0,   0.0,   0.0, 0.0  ,  0.0,  0.0,  0.0,  0.0,  0.0,    ,   0.0,       ,      ,      ,        ,        ,        ,        ,        ,        ,        ,        ,      
holtch01 , 2008,     1, STL , NHL , G  ,  1.0,  0.0,   0.0,   0.0,   0.0, 0.0  ,  0.0,  0.0,  0.0,  0.0,  0.0,    ,   0.0,       ,      ,      ,        ,        ,        ,        ,        ,        ,        ,        ,      
holtga01 , 1973,     1, CLF , NHL , L  ,  1.0,  0.0,   0.0,   0.0,   0.0, 0.0  ,  0.0,     ,  0.0,     ,  0.0, 0.0,   1.0,       ,      ,      ,        ,        ,        ,        ,        ,        ,        ,        ,      
holtga01 , 1974,     1, CLF , NHL , L  ,  1.0,  0.0,   1.0,   1.0,   0.0, 1.0  ,  0.0,     ,  0.0,     ,  0.0, 0.0,   2.0,       ,      ,      ,        ,        ,        ,        ,        ,        ,        ,        ,      
holtga01 , 1975,     1, CLF , NHL , L  , 48.0,  6.0,   5.0,  11.0,  50.0, -10.0,  1.0,     ,  0.0,     ,  0.0, 1.0,  59.0,       ,      ,      ,        ,        ,        ,        ,        ,        ,        ,        ,      
holtga01 , 1976,     1, CLE , NHL , L  ,  2.0,  0.0,   1.0,   1.0,   2.0, -1.0 ,  0.0,     ,  0.0,     ,  0.0, 0.0,   4.0,       ,      ,      ,        ,        ,        ,        ,        ,        ,        ,        ,      
holtga01 , 1977,     1, STL , NHL , L  , 49.0,  7.0,   4.0,  11.0,  81.0, -6.0 ,  0.0,     ,  0.0,     ,  1.0, 0.0,  57.0,       ,      ,      ,        ,        ,        ,        ,        ,        ,        ,        ,      
holtra01 , 1974,     1, CHI , NHL , D  , 12.0,  0.0,   1.0,   1.0,  13.0, -1.0 ,  0.0,     ,  0.0,     ,  0.0, 0.0,   8.0,       ,      ,      ,        ,        ,        ,        ,        ,        ,        ,        ,      
holtra01 , 1975,     1, CHI , NHL , D  , 12.0,  0.0,   0.0,   0.0,  13.0, -12.0,  0.0,     ,  0.0,     ,  0.0, 0.0,   5.0,       ,      ,      ,        ,        ,        ,        ,        ,        ,        ,        ,      
holtra01 , 1976,     1, CHI , NHL , D  , 12.0,  0.0,   3.0,   3.0,  14.0, -4.0 ,  0.0,     ,  0.0,     ,  0.0, 0.0,   7.0,    2.0,   0.0,   0.0,     0.0,     7.0,        ,     0.0,        ,     0.0,        ,     0.0,      
holtra01 , 1977,     1, CHI , NHL , D  ,  6.0,  0.0,   0.0,   0.0,  20.0, -4.0 ,  0.0,     ,  0.0,     ,  0.0, 0.0,   4.0,       ,      ,      ,        ,        ,        ,        ,        ,        ,        ,        ,      
holtra01 , 1977,     2, CLE , NHL , D  , 48.0,  1.0,   4.0,   5.0, 229.0, -24.0,  0.0,     ,  0.0,     ,  0.0, 0.0,  23.0,       ,      ,      ,        ,        ,        ,        ,        ,        ,        ,        ,      
holtra01 , 1978,     1, VAN , NHL , D  , 22.0,  1.0,   3.0,   4.0,  80.0, -1.0 ,  0.0,     ,  0.0,     ,  0.0, 1.0,  17.0,       ,      ,      ,        ,        ,        ,        ,        ,        ,        ,        ,      
holtra01 , 1978,     2, LAK , NHL , D  , 36.0,  0.0,   6.0,   6.0, 202.0, -2.0 ,  0.0,     ,  0.0,     ,  0.0, 0.0,  21.0,    2.0,   0.0,   0.0,     0.0,     4.0,        ,     0.0,        ,     0.0,        ,     0.0,      
holtra01 , 1979,     1, LAK , NHL , D  , 42.0,  0.0,   1.0,   1.0,  94.0, -3.0 ,  0.0,     ,  0.0,     ,  0.0, 0.0,  10.0,       ,      ,      ,        ,        ,        ,        ,        ,        ,        ,        ,      
holtra01 , 1980,     1, CAL , NHL , D  , 48.0,  0.0,   5.0,   5.0, 165.0, -6.0 ,  0.0,     ,  0.0,     ,  0.0, 0.0,  14.0,   13.0,   2.0,   2.0,     4.0,    52.0,        ,     0.0,        ,     0.0,        ,     1.0,      
holtra01 , 1981,     1, CAL , NHL , D  ,  8.0,  0.0,   0.0,   0.0,   9.0, -4.0 ,  0.0,     ,  0.0,     ,  0.0, 0.0,   1.0,       ,      ,      ,        ,        ,        ,        ,        ,        ,        ,        ,      
holtra01 , 1981,     2, WAS , NHL , D  , 53.0,  2.0,   6.0,   8.0, 250.0, -7.0 ,  0.0,     ,  0.0,     ,  0.0, 0.0,  32.0,       ,      ,      ,        ,        ,        ,        ,        ,        ,        ,        ,      
holtra01 , 1982,     1, WAS , NHL , D  , 70.0,  0.0,   8.0,   8.0, 275.0, -7.0 ,  0.0,     ,  0.0,     ,  0.0, 0.0,  30.0,    4.0,   0.0,   1.0,     1.0,    20.0,        ,     0.0,        ,     0.0,        ,     0.0,      
holtra01 , 1983,     1, PHI , NHL , D  , 26.0,  0.0,   0.0,   0.0,  74.0, -1.0 ,  0.0,     ,  0.0,     ,  0.0, 0.0,   4.0,       ,      ,      ,        ,        ,        ,        ,        ,        ,        ,        ,      
holwaal01, 1923,     1, TRS , NHL , D  ,  5.0,  1.0,   0.0,   1.0,   0.0,      ,     ,     ,     ,     ,     ,    ,      ,       ,      ,      ,        ,        ,        ,        ,        ,        ,        ,        ,      
holwaal01, 1924,     1, TRS , NHL , D  , 25.0,  2.0,   2.0,   4.0,  20.0,      ,     ,     ,     ,     ,     ,    ,      ,    2.0,   0.0,   0.0,     0.0,     0.0,        ,        ,        ,        ,        ,        ,      
holwaal01, 1925,     1, TRS , NHL , D  , 12.0,  0.0,   0.0,   0.0,   0.0,      ,     ,     ,     ,     ,     ,    ,      ,       ,      ,      ,        ,        ,        ,        ,        ,        ,        ,        ,      
holwaal01, 1925,     2, MTM , NHL , D  , 17.0,  0.0,   0.0,   0.0,   6.0,      ,     ,     ,     ,     ,     ,    ,      ,    4.0,   0.0,   0.0,     0.0,     0.0,        ,        ,        ,        ,        ,        ,      
holwaal01, 1926,     1, MTM , NHL , D  , 13.0,  0.0,   0.0,   0.0,   2.0,      ,     ,     ,     ,     ,     ,    ,      ,       ,      ,      ,        ,        ,        ,        ,        ,        ,        ,        ,      
holwaal01, 1928,     1, PIP , NHL , D  , 40.0,  4.0,   0.0,   4.0,  20.0,      ,     ,     ,     ,     ,     ,    ,      ,       ,      ,      ,        ,        ,        ,        ,        ,        ,        ,        ,      
holyka01 , 1978,     1, CZE , WHA ,    ,  6.0,  4.0,   2.0,   6.0,  12.0,      ,     ,     ,     ,     ,     ,    ,      ,       ,      ,      ,        ,        ,        ,        ,        ,        ,        ,        ,      
holzibr01, 1994,     1, BUF , NHL , C  ,  4.0,  0.0,   3.0,   3.0,   0.0, 2.0  ,  0.0,  0.0,  0.0,  0.0,  0.0, 0.0,   3.0,    4.0,   2.0,   1.0,     3.0,     2.0, -3.0   ,     1.0,     0.0,     0.0,     0.0,     0.0,     6.0
holzibr01, 1995,     1, BUF , NHL , C  , 58.0, 10.0,  10.0,  20.0,  37.0, -21.0,  5.0,  2.0,  0.0,  1.0,  1.0, 0.0,  71.0,       ,      ,      ,        ,        ,        ,        ,        ,        ,        ,        ,      
holzibr01, 1996,     1, BUF , NHL , C  , 81.0, 22.0,  29.0,  51.0,  54.0, 9.0  ,  2.0,  5.0,  2.0,  1.0,  6.0, 0.0, 142.0,   12.0,   2.0,   5.0,     7.0,     8.0, -3.0   ,     0.0,     3.0,     1.0,     0.0,     1.0,    20.0
holzibr01, 1997,     1, BUF , NHL , C  , 69.0, 14.0,  21.0,  35.0,  36.0, -2.0 ,  4.0,  7.0,  2.0,  3.0,  1.0, 1.0, 116.0,   15.0,   4.0,   7.0,    11.0,    18.0, -2.0   ,     1.0,     4.0,     1.0,     0.0,     0.0,    24.0
holzibr01, 1998,     1, BUF , NHL , C  , 81.0, 17.0,  17.0,  34.0,  45.0, 2.0  ,  5.0,  5.0,  0.0,  1.0,  2.0, 0.0, 143.0,   21.0,   3.0,   5.0,     8.0,    33.0, 1.0    ,     1.0,     3.0,     0.0,     0.0,     0.0,    32.0
holzibr01, 1999,     1, BUF , NHL , C  , 59.0,  7.0,  17.0,  24.0,  30.0, 4.0  ,  0.0,  2.0,  1.0,  0.0,  2.0, 0.0,  81.0,       ,      ,      ,        ,        ,        ,        ,        ,        ,        ,        ,      
holzibr01, 1999,     2, TBL , NHL , C  , 14.0,  3.0,   3.0,   6.0,  21.0, -7.0 ,  1.0,  0.0,  1.0,  0.0,  0.0, 0.0,  23.0,       ,      ,      ,        ,        ,        ,        ,        ,        ,        ,        ,      
holzibr01, 2000,     1, TBL , NHL , R  , 70.0, 11.0,  25.0,  36.0,  64.0, -9.0 ,  3.0,  6.0,  0.0,  0.0,  2.0, 0.0,  87.0,       ,      ,      ,        ,        ,        ,        ,        ,        ,        ,        ,      
holzibr01, 2001,     1, TBL , NHL , C  , 23.0,  1.0,   2.0,   3.0,   4.0, -4.0 ,  0.0,  1.0,  0.0,  0.0,  0.0, 0.0,  20.0,       ,      ,      ,        ,        ,        ,        ,        ,        ,        ,        ,      
holzibr01, 2002,     1, TBL , NHL , C  ,  5.0,  0.0,   1.0,   1.0,   2.0, 1.0  ,  0.0,  0.0,  0.0,  0.0,  0.0, 0.0,   3.0,       ,      ,      ,        ,        ,        ,        ,        ,        ,        ,        ,      
holzibr01, 2002,     2, PIT , NHL , C  ,  9.0,  1.0,   2.0,   3.0,   6.0, -6.0 ,  0.0,  2.0,  0.0,  0.0,  0.0, 1.0,  20.0,       ,      ,      ,        ,        ,        ,        ,        ,        ,        ,        ,      
holzibr01, 2003,     1, PIT , NHL , C  , 61.0,  6.0,  15.0,  21.0,  38.0, -27.0,  1.0,  4.0,  1.0,  0.0,  1.0, 0.0,  82.0,       ,      ,      ,        ,        ,        ,        ,        ,        ,        ,        ,      
holzibr01, 2003,     2, CBS , NHL , C  , 13.0,  1.0,   0.0,   1.0,   2.0, -4.0 ,  0.0,  0.0,  0.0,  0.0,  0.0, 0.0,  14.0,       ,      ,      ,        ,        ,        ,        ,        ,        ,        ,        ,      
homenro01, 1972,     1, VAN , NHL , R  ,  1.0,  0.0,   0.0,   0.0,   0.0, -3.0 ,  0.0,     ,  0.0,     ,  0.0, 0.0,   1.0,       ,      ,      ,        ,        ,        ,        ,        ,        ,        ,        ,      
honcva01 , 1977,     1, CZE , WHA , C  ,  7.0,  0.0,   1.0,   1.0,   2.0,      ,  0.0,     ,  0.0,     ,  0.0,    ,      ,       ,      ,      ,        ,        ,        ,        ,        ,        ,        ,        ,      
hooper01 , 1910,     1, QU1 , NHA ,    ,  1.0,  0.0,   0.0,   0.0,   0.0,      ,     ,     ,     ,     ,     ,    ,      ,       ,      ,      ,        ,        ,        ,        ,        ,        ,        ,        ,      
hoovero01, 1989,     1, BOS , NHL , C  ,  2.0,  0.0,   0.0,   0.0,   0.0, -2.0 ,  0.0,  0.0,  0.0,  0.0,  0.0, 0.0,   2.0,       ,      ,      ,        ,        ,        ,        ,        ,        ,        ,        ,      
hoovero01, 1990,     1, BOS , NHL , C  , 15.0,  4.0,   0.0,   4.0,  31.0, 0.0  ,  0.0,  0.0,  0.0,  0.0,  1.0, 0.0,  17.0,    8.0,   0.0,   0.0,     0.0,    18.0, -2.0   ,     0.0,     0.0,     0.0,     0.0,     0.0,     5.0
hoovero01, 1991,     1, STL , NHL , C  ,  1.0,  0.0,   0.0,   0.0,   0.0, 0.0  ,  0.0,  0.0,  0.0,  0.0,  0.0, 0.0,   1.0,       ,      ,      ,        ,        ,        ,        ,        ,        ,        ,        ,      
hopiara01, 1972,     1, CLC , WHA , D  , 29.0,  4.0,   5.0,   9.0,  44.0,      ,  0.0,     ,  0.0,     ,     ,    ,      ,    8.0,   0.0,   1.0,     1.0,     6.0,        ,     0.0,        ,     0.0,        ,     0.0,      
hopiara01, 1973,     1, CLC , WHA , D  , 13.0,  0.0,   2.0,   2.0,   6.0,      ,  0.0,     ,  0.0,     ,  0.0,    ,      ,    4.0,   0.0,   1.0,     1.0,     0.0,        ,        ,        ,        ,        ,     0.0,      
hopiara01, 1974,     1, IND , WHA , D  , 28.0,  2.0,   8.0,  10.0,  21.0, -17.0,  1.0,     ,  0.0,     ,     ,    ,  64.0,       ,      ,      ,        ,        ,        ,        ,        ,        ,        ,        ,      
hopkide01, 1979,     1, LAK , NHL , R  , 60.0,  8.0,   6.0,  14.0,  39.0, -16.0,  1.0,     ,  0.0,     ,  2.0, 0.0,  57.0,    4.0,   0.0,   1.0,     1.0,     5.0,        ,     0.0,        ,     0.0,        ,     0.0,      
hopkide01, 1980,     1, LAK , NHL , R  , 67.0,  8.0,  18.0,  26.0, 118.0, 6.0  ,  2.0,     ,  0.0,     ,  1.0, 0.0,  60.0,    4.0,   1.0,   0.0,     1.0,     9.0,        ,     0.0,        ,     0.0,        ,     1.0,      
hopkide01, 1981,     1, LAK , NHL , R  , 41.0,  2.0,  13.0,  15.0, 102.0, -20.0,  0.0,     ,  0.0,     ,  0.0, 0.0,  55.0,   10.0,   0.0,   4.0,     4.0,    15.0,        ,     0.0,        ,     0.0,        ,     0.0,      
hopkide01, 1982,     1, LAK , NHL , R  , 49.0,  5.0,  12.0,  17.0,  43.0, -5.0 ,  0.0,     ,  0.0,     ,  0.0, 0.0,  50.0,       ,      ,      ,        ,        ,        ,        ,        ,        ,        ,        ,      
hopkide01, 1985,     1, EDM , NHL , R  ,  1.0,  0.0,   0.0,   0.0,   0.0, 0.0  ,  0.0,     ,  0.0,     ,  0.0, 0.0,   0.0,       ,      ,      ,        ,        ,        ,        ,        ,        ,        ,        ,      
hopkide01, 1988,     1, QUE , NHL , R  ,  5.0,  0.0,   2.0,   2.0,   4.0, 1.0  ,  0.0,  0.0,  0.0,  0.0,  0.0, 0.0,   6.0,       ,      ,      ,        ,        ,        ,        ,        ,        ,        ,        ,      
hopkila01, 1977,     1, TOR , NHL , L  ,  2.0,  0.0,   0.0,   0.0,   0.0, 0.0  ,  0.0,     ,  0.0,     ,  0.0, 0.0,   0.0,       ,      ,      ,        ,        ,        ,        ,        ,        ,        ,        ,      
hopkila01, 1979,     1, WIN , NHL , L  ,  5.0,  0.0,   0.0,   0.0,   0.0, -3.0 ,  0.0,     ,  0.0,     ,  0.0, 0.0,   3.0,       ,      ,      ,        ,        ,        ,        ,        ,        ,        ,        ,      
hopkila01, 1981,     1, WIN , NHL , L  , 41.0, 10.0,  15.0,  25.0,  22.0, 8.0  ,  0.0,     ,  0.0,     ,  3.0, 0.0,  52.0,    4.0,   0.0,   0.0,     0.0,     2.0,        ,     0.0,        ,     0.0,        ,     0.0,      
hopkila01, 1982,     1, WIN , NHL , L  , 12.0,  3.0,   1.0,   4.0,   4.0, 5.0  ,  0.0,     ,  0.0,     ,  1.0, 0.0,  16.0,    2.0,   0.0,   0.0,     0.0,     0.0,        ,     0.0,        ,     0.0,        ,     0.0,      
horacto01, 1989,     1, PHI , NHL , L  , 48.0,  5.0,   5.0,  10.0, 117.0, 6.0  ,  0.0,  0.0,  0.0,  0.0,  1.0, 0.0,  31.0,       ,      ,      ,        ,        ,        ,        ,        ,        ,        ,        ,      
horacto01, 1990,     1, PHI , NHL , L  , 34.0,  3.0,   6.0,   9.0,  49.0, 6.0  ,  0.0,  0.0,  0.0,  0.0,  1.0, 0.0,  35.0,       ,      ,      ,        ,        ,        ,        ,        ,        ,        ,        ,      
horacto01, 1991,     1, PHI , NHL , L  , 34.0,  1.0,   3.0,   4.0,  51.0, -9.0 ,  0.0,  0.0,  0.0,  0.0,  0.0, 0.0,  22.0,       ,      ,      ,        ,        ,        ,        ,        ,        ,        ,        ,      
horacto01, 1991,     2, CHI , NHL , L  , 12.0,  1.0,   4.0,   5.0,  21.0, 2.0  ,  0.0,  0.0,  0.0,  0.0,  0.0, 0.0,  10.0,    2.0,   1.0,   0.0,     1.0,     2.0, 1.0    ,     0.0,     0.0,     0.0,     0.0,     0.0,     1.0
horacto01, 1993,     1, CHI , NHL , L  ,  7.0,  0.0,   0.0,   0.0,  53.0, 1.0  ,  0.0,  0.0,  0.0,  0.0,  0.0, 0.0,   2.0,       ,      ,      ,        ,        ,        ,        ,        ,        ,        ,        ,      
horacto01, 1994,     1, CHI , NHL , L  , 19.0,  0.0,   1.0,   1.0,  25.0, -4.0 ,  0.0,  0.0,  0.0,  0.0,  0.0, 0.0,   6.0,       ,      ,      ,        ,        ,        ,        ,        ,        ,        ,        ,      
horanmi01, 1978,     1, CZE , WHA ,    ,  5.0,  1.0,   0.0,   1.0,   0.0,      ,     ,     ,     ,     ,     ,    ,      ,       ,      ,      ,        ,        ,        ,        ,        ,        ,        ,        ,      
horavmi01, 1988,     1, NYR , NHL , D  ,  6.0,  0.0,   1.0,   1.0,   0.0, -2.0 ,  0.0,  1.0,  0.0,  0.0,  0.0, 0.0,   7.0,       ,      ,      ,        ,        ,        ,        ,        ,        ,        ,        ,      
horavmi01, 1989,     1, NYR , NHL , D  , 45.0,  4.0,  10.0,  14.0,  26.0, 10.0 ,  1.0,  4.0,  0.0,  0.0,  1.0, 1.0,  50.0,    2.0,   0.0,   1.0,     1.0,     0.0, 1.0    ,     0.0,     0.0,     0.0,     0.0,     0.0,     1.0
horavmi01, 1990,     1, NYR , NHL , D  , 29.0,  1.0,   6.0,   7.0,  12.0, 2.0  ,  0.0,  3.0,  0.0,  0.0,  0.0, 0.0,  27.0,       ,      ,      ,        ,        ,        ,        ,        ,        ,        ,        ,      
horbudo01, 1974,     1, KCS , NHL , L  ,  4.0,  1.0,   0.0,   1.0,   2.0, -3.0 ,  0.0,     ,  0.0,     ,  0.0, 0.0,   5.0,       ,      ,      ,        ,        ,        ,        ,        ,        ,        ,        ,      
horcosh01, 2000,     1, EDM , NHL , R  , 49.0,  9.0,   7.0,  16.0,  10.0, 8.0  ,  0.0,  0.0,  0.0,  0.0,  2.0, 0.0,  42.0,    5.0,   0.0,   0.0,     0.0,     0.0, 0.0    ,     0.0,     0.0,     0.0,     0.0,     0.0,     2.0
horcosh01, 2001,     1, EDM , NHL , L  , 61.0,  8.0,  14.0,  22.0,  18.0, 3.0  ,  0.0,  2.0,  0.0,  0.0,  0.0, 0.0,  57.0,       ,      ,      ,        ,        ,        ,        ,        ,        ,        ,        ,      
horcosh01, 2002,     1, EDM , NHL , L  , 78.0, 12.0,  21.0,  33.0,  55.0, 10.0 ,  2.0,  0.0,  0.0,  1.0,  3.0, 0.0,  98.0,    6.0,   3.0,   1.0,     4.0,     6.0, 1.0    ,     0.0,     0.0,     0.0,     0.0,     1.0,     7.0
horcosh01, 2003,     1, EDM , NHL , C  , 80.0, 15.0,  25.0,  40.0,  73.0, 0.0  ,  0.0,  9.0,  2.0,  1.0,  3.0, 1.0, 110.0,       ,      ,      ,        ,        ,        ,        ,        ,        ,        ,        ,      
horcosh01, 2005,     1, EDM , NHL , L  , 79.0, 22.0,  51.0,  73.0,  85.0, 0.0  ,  3.0, 21.0,  3.0,  3.0,  5.0,    , 167.0,   24.0,   7.0,  12.0,    19.0,    12.0, 4.0    ,     1.0,     4.0,     1.0,     0.0,     2.0,    41.0
horcosh01, 2006,     1, EDM , NHL , C  , 80.0, 16.0,  35.0,  51.0,  56.0, -22.0,  5.0, 18.0,  0.0,  0.0,  5.0,    , 168.0,       ,      ,      ,        ,        ,        ,        ,        ,        ,        ,        ,      
horcosh01, 2007,     1, EDM , NHL , C  , 53.0, 21.0,  29.0,  50.0,  30.0, 1.0  ,  6.0, 10.0,  0.0,  0.0,  2.0,    , 115.0,       ,      ,      ,        ,        ,        ,        ,        ,        ,        ,        ,      
horcosh01, 2008,     1, EDM , NHL , C  , 80.0, 17.0,  36.0,  53.0,  39.0, 7.0  ,  8.0, 13.0,  0.0,  0.0,  2.0,    , 178.0,       ,      ,      ,        ,        ,        ,        ,        ,        ,        ,        ,      
horcosh01, 2009,     1, EDM , NHL , C  , 77.0, 13.0,  23.0,  36.0,  51.0, -29.0,  4.0,  6.0,  0.0,  2.0,  1.0,    , 123.0,       ,      ,      ,        ,        ,        ,        ,        ,        ,        ,        ,      
hordida01, 2000,     1, ATL , NHL , L  , 11.0,  0.0,   0.0,   0.0,  38.0, -3.0 ,  0.0,  0.0,  0.0,  0.0,  0.0, 0.0,   6.0,       ,      ,      ,        ,        ,        ,        ,        ,        ,        ,        ,      
hordida01, 2001,     1, ATL , NHL , L  , 33.0,  1.0,   1.0,   2.0, 127.0, -5.0 ,  0.0,  0.0,  0.0,  0.0,  0.0, 0.0,   8.0,       ,      ,      ,        ,        ,        ,        ,        ,        ,        ,        ,      
hordida01, 2001,     2, PHO , NHL , L  ,  1.0,  0.0,   0.0,   0.0,  14.0, 0.0  ,  0.0,  0.0,  0.0,  0.0,  0.0, 0.0,   0.0,       ,      ,      ,        ,        ,        ,        ,        ,        ,        ,        ,      
hordida01, 2002,     1, PHO , NHL , L  , 25.0,  0.0,   0.0,   0.0,  82.0, -1.0 ,  0.0,  0.0,  0.0,  0.0,  0.0, 0.0,   5.0,       ,      ,      ,        ,        ,        ,        ,        ,        ,        ,        ,      
hordida01, 2002,     2, FLO , NHL , L  ,  3.0,  0.0,   0.0,   0.0,  15.0, -1.0 ,  0.0,  0.0,  0.0,  0.0,  0.0, 0.0,   2.0,       ,      ,      ,        ,        ,        ,        ,        ,        ,        ,        ,      
hordida01, 2003,     1, FLO , NHL , L  , 57.0,  3.0,   1.0,   4.0, 158.0, -10.0,  0.0,  0.0,  0.0,  0.0,  1.0, 0.0,  27.0,       ,      ,      ,        ,        ,        ,        ,        ,        ,        ,        ,      
hordida01, 2005,     1, NAS , NHL , L  , 74.0,  7.0,   6.0,  13.0, 163.0, 9.0  ,  0.0,  1.0,  0.0,  0.0,  1.0,    ,  52.0,       ,      ,      ,        ,        ,        ,        ,        ,        ,        ,        ,      
hordida01, 2006,     1, NAS , NHL , L  , 53.0,  1.0,   3.0,   4.0,  90.0, -2.0 ,  0.0,  0.0,  0.0,  0.0,  0.0,    ,  22.0,    2.0,   0.0,   0.0,     0.0,     0.0, 0.0    ,     0.0,     0.0,     0.0,     0.0,     0.0,     0.0
hordida01, 2007,     1, NAS , NHL , L  , 45.0,  1.0,   2.0,   3.0,  60.0, -1.0 ,  0.0,  0.0,  0.0,  0.0,  1.0,    ,  18.0,    5.0,   0.0,   0.0,     0.0,     2.0, 0.0    ,     0.0,     0.0,     0.0,     0.0,     0.0,     1.0
hordida01, 2008,     1, VAN , NHL , L  , 73.0,  4.0,   1.0,   5.0, 109.0, 1.0  ,  0.0,  0.0,  0.0,  0.0,  0.0,    ,  26.0,   10.0,   1.0,   0.0,     1.0,    14.0, 1.0    ,     0.0,     0.0,     0.0,     0.0,     0.0,     4.0
hordida01, 2009,     1, VAN , NHL , L  , 56.0,  1.0,   1.0,   2.0, 142.0, -7.0 ,  0.0,  0.0,  0.0,  0.0,  0.0,    ,  21.0,       ,      ,      ,        ,        ,        ,        ,        ,        ,        ,        ,      
hordymi01, 1978,     1, NYI , NHL , D  ,  2.0,  0.0,   0.0,   0.0,   0.0, 0.0  ,  0.0,     ,  0.0,     ,  0.0, 0.0,   2.0,       ,      ,      ,        ,        ,        ,        ,        ,        ,        ,        ,      
hordymi01, 1979,     1, NYI , NHL , D  ,  9.0,  0.0,   0.0,   0.0,   7.0, 0.0  ,  0.0,     ,  0.0,     ,  0.0, 0.0,   8.0,       ,      ,      ,        ,        ,        ,        ,        ,        ,        ,        ,      
horecpe01, 1944,     1, CHI , NHL , L  , 50.0, 20.0,  16.0,  36.0,  44.0,      ,     ,     ,     ,     ,     ,    ,      ,       ,      ,      ,        ,        ,        ,        ,        ,        ,        ,        ,      
horecpe01, 1945,     1, CHI , NHL , L  , 50.0, 20.0,  21.0,  41.0,  34.0,      ,     ,     ,     ,     ,     ,    ,      ,    4.0,   0.0,   0.0,     0.0,     2.0,        ,        ,        ,        ,        ,        ,      
horecpe01, 1946,     1, CHI , NHL , L  , 18.0,  4.0,   6.0,  10.0,  12.0,      ,     ,     ,     ,     ,     ,    ,      ,       ,      ,      ,        ,        ,        ,        ,        ,        ,        ,        ,      
horecpe01, 1946,     2, DET , NHL , L  , 38.0, 12.0,  13.0,  25.0,  59.0,      ,     ,     ,     ,     ,     ,    ,      ,    5.0,   2.0,   0.0,     2.0,     6.0,        ,        ,        ,        ,        ,        ,      
horecpe01, 1947,     1, DET , NHL , L  , 50.0, 12.0,  17.0,  29.0,  44.0,      ,     ,     ,     ,     ,     ,    ,      ,   10.0,   3.0,   7.0,    10.0,    12.0,        ,        ,        ,        ,        ,        ,      
horecpe01, 1948,     1, DET , NHL , L  , 60.0, 14.0,  16.0,  30.0,  46.0,      ,     ,     ,     ,     ,     ,    ,      ,   11.0,   1.0,   1.0,     2.0,    10.0,        ,        ,        ,        ,        ,        ,      
horecpe01, 1949,     1, BOS , NHL , L  , 34.0,  5.0,   5.0,  10.0,  22.0,      ,     ,     ,     ,     ,     ,    ,      ,       ,      ,      ,        ,        ,        ,        ,        ,        ,        ,        ,      
horecpe01, 1950,     1, BOS , NHL , L  , 66.0, 10.0,  13.0,  23.0,  57.0,      ,     ,     ,     ,     ,     ,    ,      ,    4.0,   0.0,   0.0,     0.0,    13.0,        ,        ,        ,        ,        ,        ,      
horecpe01, 1951,     1, CHI , NHL , L  , 60.0,  9.0,  11.0,  20.0,  22.0,      ,     ,     ,     ,     ,     ,    ,      ,       ,      ,      ,        ,        ,        ,        ,        ,        ,        ,        ,      
hornege01, 1925,     1, MTM , NHL , F  , 13.0,  0.0,   0.0,   0.0,   2.0,      ,     ,     ,     ,     ,     ,    ,      ,       ,      ,      ,        ,        ,        ,        ,        ,        ,        ,        ,      
hornege01, 1926,     1, MTM , NHL , F  ,  2.0,  0.0,   0.0,   0.0,   0.0,      ,     ,     ,     ,     ,     ,    ,      ,       ,      ,      ,        ,        ,        ,        ,        ,        ,        ,        ,      
hornege01, 1928,     1, TOR , NHL , F  , 39.0,  9.0,   3.0,  12.0,  32.0,      ,     ,     ,     ,     ,     ,    ,      ,    4.0,   0.0,   0.0,     0.0,     4.0,        ,        ,        ,        ,        ,        ,      
hornere01, 1928,     1, TOR , NHL , D  , 22.0,  0.0,   0.0,   0.0,  30.0,      ,     ,     ,     ,     ,     ,    ,      ,    4.0,   1.0,   0.0,     1.0,     2.0,        ,        ,        ,        ,        ,        ,      
hornere01, 1929,     1, TOR , NHL , D  , 33.0,  2.0,   7.0,   9.0,  96.0,      ,     ,     ,     ,     ,     ,    ,      ,       ,      ,      ,        ,        ,        ,        ,        ,        ,        ,        ,      
hornere01, 1930,     1, TOR , NHL , D  , 42.0,  1.0,  11.0,  12.0,  71.0,      ,     ,     ,     ,     ,     ,    ,      ,    2.0,   0.0,   0.0,     0.0,     4.0,        ,        ,        ,        ,        ,        ,      
hornere01, 1931,     1, TOR , NHL , D  , 42.0,  7.0,   9.0,  16.0,  97.0,      ,     ,     ,     ,     ,     ,    ,      ,    7.0,   2.0,   2.0,     4.0,    20.0,        ,        ,        ,        ,        ,        ,      
hornere01, 1932,     1, TOR , NHL , D  , 48.0,  3.0,   8.0,  11.0, 144.0,      ,     ,     ,     ,     ,     ,    ,      ,    9.0,   1.0,   0.0,     1.0,    10.0,        ,        ,        ,        ,        ,        ,      
hornere01, 1933,     1, TOR , NHL , D  , 40.0, 11.0,  10.0,  21.0, 146.0,      ,     ,     ,     ,     ,     ,    ,      ,    5.0,   1.0,   0.0,     1.0,     6.0,        ,        ,        ,        ,        ,        ,      
hornere01, 1934,     1, TOR , NHL , D  , 46.0,  4.0,   8.0,  12.0, 125.0,      ,     ,     ,     ,     ,     ,    ,      ,    7.0,   0.0,   1.0,     1.0,     4.0,        ,        ,        ,        ,        ,        ,      
hornere01, 1935,     1, TOR , NHL , D  , 43.0,  2.0,   9.0,  11.0, 167.0,      ,     ,     ,     ,     ,     ,    ,      ,    9.0,   1.0,   2.0,     3.0,    22.0,        ,        ,        ,        ,        ,        ,      
hornere01, 1936,     1, TOR , NHL , D  , 48.0,  3.0,   9.0,  12.0, 124.0,      ,     ,     ,     ,     ,     ,    ,      ,    2.0,   0.0,   0.0,     0.0,     7.0,        ,        ,        ,        ,        ,        ,      
hornere01, 1937,     1, TOR , NHL , D  , 47.0,  4.0,  20.0,  24.0,  82.0,      ,     ,     ,     ,     ,     ,    ,      ,    7.0,   0.0,   1.0,     1.0,    14.0,        ,        ,        ,        ,        ,        ,      
hornere01, 1938,     1, TOR , NHL , D  , 48.0,  4.0,  10.0,  14.0,  85.0,      ,     ,     ,     ,     ,     ,    ,      ,   10.0,   1.0,   2.0,     3.0,    26.0,        ,        ,        ,        ,        ,        ,      
hornere01, 1939,     1, TOR , NHL , D  , 31.0,  1.0,   9.0,  10.0,  87.0,      ,     ,     ,     ,     ,     ,    ,      ,    9.0,   0.0,   2.0,     2.0,    55.0,        ,        ,        ,        ,        ,        ,      
hornqpa01, 2008,     1, NAS , NHL , R  , 28.0,  2.0,   5.0,   7.0,  16.0, -3.0 ,  0.0,  1.0,  0.0,  0.0,  0.0,    ,  54.0,       ,      ,      ,        ,        ,        ,        ,        ,        ,        ,        ,      
hornqpa01, 2009,     1, NAS , NHL , R  , 80.0, 30.0,  21.0,  51.0,  40.0, 18.0 , 10.0,  2.0,  0.0,  0.0,  8.0,    , 275.0,    2.0,   0.0,   1.0,     1.0,     4.0, -2.0   ,     0.0,     1.0,     0.0,     0.0,     0.0,     1.0
hornula01, 1970,     1, STL , NHL , D  ,  1.0,  0.0,   0.0,   0.0,   0.0, 1.0  ,  0.0,     ,  0.0,     ,  0.0, 0.0,   1.0,       ,      ,      ,        ,        ,        ,        ,        ,        ,        ,        ,      
hornula01, 1971,     1, STL , NHL , D  , 47.0,  2.0,   9.0,  11.0,  10.0, -1.0 ,  0.0,     ,  0.0,     ,  1.0, 0.0,  60.0,   11.0,   0.0,   2.0,     2.0,     2.0,        ,     0.0,        ,     0.0,        ,     0.0,      
hornula01, 1972,     1, WIJ , WHA , D  , 77.0, 13.0,  45.0,  58.0,  28.0,      ,  5.0,     ,  2.0,     ,  2.0,    ,      ,   14.0,   2.0,   9.0,    11.0,     0.0,        ,     1.0,        ,     0.0,        ,     0.0,      
hornula01, 1973,     1, WIJ , WHA , D  , 51.0,  4.0,  19.0,  23.0,  18.0,      ,  1.0,     ,  1.0,     ,  0.0,    ,      ,    4.0,   0.0,   0.0,     0.0,     0.0,        ,        ,        ,        ,        ,     0.0,      
hornula01, 1974,     1, WIJ , WHA , D  , 69.0,  7.0,  25.0,  32.0,  21.0, -17.0,  1.0,     ,  0.0,     ,     ,    ,  80.0,       ,      ,      ,        ,        ,        ,        ,        ,        ,        ,        ,      
hornula01, 1975,     1, WIJ , WHA , D  , 76.0,  3.0,  18.0,  21.0,  26.0, -6.0 ,  1.0,     ,  0.0,     ,  2.0,    ,  50.0,   13.0,   0.0,   3.0,     3.0,     6.0, 1.0    ,        ,        ,        ,        ,        ,      
hornula01, 1976,     1, EDO , WHA , D  , 21.0,  2.0,   1.0,   3.0,   0.0, -6.0 ,  0.0,     ,  0.0,     ,     ,    ,  21.0,       ,      ,      ,        ,        ,        ,        ,        ,        ,        ,        ,      
hornula01, 1976,     2, SDM , WHA , D  , 58.0,  4.0,   9.0,  13.0,   8.0, -7.0 ,  0.0,     ,  0.0,     ,     ,    ,  42.0,    6.0,   0.0,   0.0,     0.0,     0.0, -12.0  ,     0.0,        ,     0.0,        ,     0.0,      
hornula01, 1977,     1, WIJ , WHA , D  , 19.0,  1.0,   4.0,   5.0,   2.0, 17.0 ,  0.0,     ,  0.0,     ,     ,    ,  13.0,       ,      ,      ,        ,        ,        ,        ,        ,        ,        ,        ,      
hortobi01, 1972,     1, CLC , WHA , D  , 74.0,  2.0,  17.0,  19.0,  55.0,      ,  0.0,     ,  0.0,     ,     ,    ,      ,    9.0,   0.0,   1.0,     1.0,    10.0,        ,     0.0,        ,     0.0,        ,     0.0,      
hortobi01, 1973,     1, LAS , WHA , D  , 60.0,  0.0,   9.0,   9.0,  46.0,      ,  0.0,     ,  0.0,     ,  0.0,    ,      ,       ,      ,      ,        ,        ,        ,        ,        ,        ,        ,        ,      
hortobi01, 1974,     1, IND , WHA , D  , 59.0,  2.0,   9.0,  11.0,  30.0, -28.0,  0.0,     ,  0.0,     ,     ,    ,  42.0,       ,      ,      ,        ,        ,        ,        ,        ,        ,        ,        ,      
hortona01, 2003,     1, FLO , NHL , R  , 55.0, 14.0,   8.0,  22.0,  57.0, -5.0 ,  6.0,  2.0,  1.0,  0.0,  0.0, 0.0,  81.0,       ,      ,      ,        ,        ,        ,        ,        ,        ,        ,        ,      
hortona01, 2005,     1, FLO , NHL , C  , 71.0, 28.0,  19.0,  47.0,  89.0, 8.0  ,  3.0,  6.0,  0.0,  0.0,  1.0,    , 162.0,       ,      ,      ,        ,        ,        ,        ,        ,        ,        ,        ,      
hortona01, 2006,     1, FLO , NHL , C  , 82.0, 31.0,  31.0,  62.0,  61.0, 15.0 ,  7.0,  6.0,  1.0,  0.0,  3.0,    , 217.0,       ,      ,      ,        ,        ,        ,        ,        ,        ,        ,        ,      
hortona01, 2007,     1, FLO , NHL , R  , 82.0, 27.0,  35.0,  62.0,  85.0, 15.0 ,  9.0, 10.0,  0.0,  0.0,  3.0,    , 212.0,       ,      ,      ,        ,        ,        ,        ,        ,        ,        ,        ,      
hortona01, 2008,     1, FLO , NHL , C  , 67.0, 22.0,  23.0,  45.0,  48.0, -5.0 ,  5.0,  9.0,  1.0,  0.0,  5.0,    , 131.0,       ,      ,      ,        ,        ,        ,        ,        ,        ,        ,        ,      
hortona01, 2009,     1, FLO , NHL , C  , 65.0, 20.0,  37.0,  57.0,  42.0, -1.0 ,  7.0,  4.0,  2.0,  0.0,  4.0,    , 159.0,       ,      ,      ,        ,        ,        ,        ,        ,        ,        ,        ,      
hortoti01, 1949,     1, TOR , NHL , D  ,  1.0,  0.0,   0.0,   0.0,   2.0,      ,     ,     ,     ,     ,     ,    ,      ,    1.0,   0.0,   0.0,     0.0,     2.0,        ,        ,        ,        ,        ,        ,      
hortoti01, 1951,     1, TOR , NHL , D  ,  4.0,  0.0,   0.0,   0.0,   8.0,      ,     ,     ,     ,     ,     ,    ,      ,       ,      ,      ,        ,        ,        ,        ,        ,        ,        ,        ,      
hortoti01, 1952,     1, TOR , NHL , D  , 70.0,  2.0,  14.0,  16.0,  85.0,      ,     ,     ,     ,     ,     ,    ,      ,       ,      ,      ,        ,        ,        ,        ,        ,        ,        ,        ,      
hortoti01, 1953,     1, TOR , NHL , D  , 70.0,  7.0,  24.0,  31.0,  94.0,      ,     ,     ,     ,     ,     ,    ,      ,    5.0,   1.0,   1.0,     2.0,     4.0,        ,        ,        ,        ,        ,        ,      
hortoti01, 1954,     1, TOR , NHL , D  , 67.0,  5.0,   9.0,  14.0,  84.0,      ,     ,     ,     ,     ,     ,    ,      ,       ,      ,      ,        ,        ,        ,        ,        ,        ,        ,        ,      
hortoti01, 1955,     1, TOR , NHL , D  , 35.0,  0.0,   5.0,   5.0,  36.0,      ,     ,     ,     ,     ,     ,    ,      ,    2.0,   0.0,   0.0,     0.0,     4.0,        ,        ,        ,        ,        ,        ,      
hortoti01, 1956,     1, TOR , NHL , D  , 66.0,  6.0,  19.0,  25.0,  72.0,      ,     ,     ,     ,     ,     ,    ,      ,       ,      ,      ,        ,        ,        ,        ,        ,        ,        ,        ,      
hortoti01, 1957,     1, TOR , NHL , D  , 53.0,  6.0,  20.0,  26.0,  39.0,      ,     ,     ,     ,     ,     ,    ,      ,       ,      ,      ,        ,        ,        ,        ,        ,        ,        ,        ,      
hortoti01, 1958,     1, TOR , NHL , D  , 70.0,  5.0,  21.0,  26.0,  76.0,      ,     ,     ,     ,     ,     ,    ,      ,   12.0,   0.0,   3.0,     3.0,    16.0,        ,        ,        ,        ,        ,        ,      
hortoti01, 1959,     1, TOR , NHL , D  , 70.0,  3.0,  29.0,  32.0,  69.0,      ,     ,     ,     ,     ,     ,    ,      ,   10.0,   0.0,   1.0,     1.0,     6.0,        ,        ,        ,        ,        ,        ,      
hortoti01, 1960,     1, TOR , NHL , D  , 57.0,  6.0,  15.0,  21.0,  75.0,      ,     ,     ,     ,     ,     ,    ,      ,    5.0,   0.0,   0.0,     0.0,     0.0,        ,        ,        ,        ,        ,     0.0,      
hortoti01, 1961,     1, TOR , NHL , D  , 70.0, 10.0,  28.0,  38.0,  88.0,      ,     ,     ,     ,     ,     ,    ,      ,   12.0,   3.0,  13.0,    16.0,    16.0,        ,        ,        ,        ,        ,     1.0,      
hortoti01, 1962,     1, TOR , NHL , D  , 70.0,  6.0,  19.0,  25.0,  69.0,      ,     ,     ,     ,     ,     ,    ,      ,   10.0,   1.0,   3.0,     4.0,    10.0,        ,        ,        ,        ,        ,     0.0,      
hortoti01, 1963,     1, TOR , NHL , D  , 70.0,  9.0,  20.0,  29.0,  71.0,      ,  2.0,     ,  0.0,     ,  7.0, 0.0,      ,   14.0,   0.0,   4.0,     4.0,    20.0,        ,        ,        ,        ,        ,     0.0,      
hortoti01, 1964,     1, TOR , NHL , D  , 70.0, 12.0,  16.0,  28.0,  95.0,      ,  2.0,     ,  1.0,     ,  2.0, 0.0,      ,    6.0,   0.0,   2.0,     2.0,    13.0,        ,        ,        ,        ,        ,     0.0,      
hortoti01, 1965,     1, TOR , NHL , D  , 70.0,  6.0,  22.0,  28.0,  76.0,      ,  3.0,     ,  0.0,     ,  2.0, 0.0,      ,    4.0,   1.0,   0.0,     1.0,    12.0,        ,        ,        ,        ,        ,     0.0,      
hortoti01, 1966,     1, TOR , NHL , D  , 70.0,  8.0,  17.0,  25.0,  70.0,      ,  3.0,     ,  0.0,     ,  1.0, 0.0,      ,   12.0,   3.0,   5.0,     8.0,    25.0,        ,        ,        ,        ,        ,     0.0,      
hortoti01, 1967,     1, TOR , NHL , D  , 69.0,  4.0,  23.0,  27.0,  82.0, 20.0 ,  1.0,     ,  1.0,     ,  0.0, 0.0, 179.0,       ,      ,      ,        ,        ,        ,        ,        ,        ,        ,        ,      
hortoti01, 1968,     1, TOR , NHL , D  , 74.0, 11.0,  29.0,  40.0, 107.0, 14.0 ,  3.0,     ,  0.0,     ,  1.0, 2.0, 169.0,    4.0,   0.0,   0.0,     0.0,     7.0,        ,     0.0,        ,     0.0,        ,     0.0,      
hortoti01, 1969,     1, TOR , NHL , D  , 59.0,  3.0,  19.0,  22.0,  91.0, 4.0  ,  1.0,     ,  0.0,     ,  1.0, 0.0, 116.0,       ,      ,      ,        ,        ,        ,        ,        ,        ,        ,        ,      
hortoti01, 1969,     2, NYR , NHL , D  , 15.0,  1.0,   5.0,   6.0,  16.0, -7.0 ,  1.0,     ,  0.0,     ,  0.0, 0.0,  41.0,    6.0,   1.0,   1.0,     2.0,    28.0,        ,     0.0,        ,     0.0,        ,     0.0,      
hortoti01, 1970,     1, NYR , NHL , D  , 78.0,  2.0,  18.0,  20.0,  57.0, 28.0 ,  1.0,     ,  0.0,     ,  1.0, 0.0, 124.0,   13.0,   1.0,   4.0,     5.0,    14.0,        ,     0.0,        ,     0.0,        ,     0.0,      
hortoti01, 1971,     1, PIT , NHL , D  , 44.0,  2.0,   9.0,  11.0,  40.0, 5.0  ,  0.0,     ,  0.0,     ,  1.0, 0.0,  84.0,    4.0,   0.0,   1.0,     1.0,     2.0,        ,     0.0,        ,     0.0,        ,     0.0,      
hortoti01, 1972,     1, BUF , NHL , D  , 69.0,  1.0,  16.0,  17.0,  56.0, 12.0 ,  0.0,     ,  0.0,     ,  0.0, 0.0,  73.0,    6.0,   0.0,   1.0,     1.0,     4.0,        ,     0.0,        ,     0.0,        ,     0.0,      
hortoti01, 1973,     1, BUF , NHL , D  , 55.0,  0.0,   6.0,   6.0,  53.0, 5.0  ,  0.0,     ,  0.0,     ,  0.0, 0.0,  59.0,       ,      ,      ,        ,        ,        ,        ,        ,        ,        ,        ,      
horvabr01, 1955,     1, NYR , NHL , C  , 66.0, 12.0,  17.0,  29.0,  40.0,      ,     ,     ,     ,     ,     ,    ,      ,    5.0,   1.0,   2.0,     3.0,     4.0,        ,        ,        ,        ,        ,        ,      
horvabr01, 1956,     1, NYR , NHL , C  ,  7.0,  1.0,   2.0,   3.0,   4.0,      ,     ,     ,     ,     ,     ,    ,      ,       ,      ,      ,        ,        ,        ,        ,        ,        ,        ,        ,      
horvabr01, 1956,     2, MTL , NHL , C  ,  1.0,  0.0,   0.0,   0.0,   0.0,      ,     ,     ,     ,     ,     ,    ,      ,       ,      ,      ,        ,        ,        ,        ,        ,        ,        ,        ,      
horvabr01, 1957,     1, BOS , NHL , C  , 67.0, 30.0,  36.0,  66.0,  71.0,      ,     ,     ,     ,     ,     ,    ,      ,   12.0,   5.0,   3.0,     8.0,     8.0,        ,        ,        ,        ,        ,        ,      
horvabr01, 1958,     1, BOS , NHL , C  , 45.0, 19.0,  20.0,  39.0,  58.0,      ,     ,     ,     ,     ,     ,    ,      ,    7.0,   2.0,   3.0,     5.0,     0.0,        ,        ,        ,        ,        ,        ,      
horvabr01, 1959,     1, BOS , NHL , C  , 68.0, 39.0,  41.0,  80.0,  60.0,      ,     ,     ,     ,     ,     ,    ,      ,       ,      ,      ,        ,        ,        ,        ,        ,        ,        ,        ,      
horvabr01, 1960,     1, BOS , NHL , C  , 47.0, 15.0,  15.0,  30.0,  15.0,      ,     ,     ,     ,     ,     ,    ,      ,       ,      ,      ,        ,        ,        ,        ,        ,        ,        ,        ,      
horvabr01, 1961,     1, CHI , NHL , C  , 68.0, 17.0,  29.0,  46.0,  21.0,      ,     ,     ,     ,     ,     ,    ,      ,   12.0,   4.0,   1.0,     5.0,     6.0,        ,        ,        ,        ,        ,     0.0,      
horvabr01, 1962,     1, NYR , NHL , C  , 41.0,  7.0,  15.0,  22.0,  34.0,      ,     ,     ,     ,     ,     ,    ,      ,       ,      ,      ,        ,        ,        ,        ,        ,        ,        ,        ,      
horvabr01, 1962,     2, TOR , NHL , C  , 10.0,  0.0,   4.0,   4.0,  12.0,      ,     ,     ,     ,     ,     ,    ,      ,       ,      ,      ,        ,        ,        ,        ,        ,        ,        ,        ,      
horvabr01, 1967,     1, MNS , NHL , C  , 14.0,  1.0,   6.0,   7.0,   4.0, -6.0 ,  0.0,     ,  0.0,     ,  0.0, 0.0,  12.0,       ,      ,      ,        ,        ,        ,        ,        ,        ,        ,        ,      
hospoed01, 1979,     1, NYR , NHL , D  , 20.0,  0.0,   1.0,   1.0,  76.0, -2.0 ,  0.0,     ,  0.0,     ,  0.0, 0.0,   9.0,    7.0,   1.0,   0.0,     1.0,    42.0,        ,     0.0,        ,     0.0,        ,     1.0,      
hospoed01, 1980,     1, NYR , NHL , D  , 61.0,  5.0,  14.0,  19.0, 214.0, 10.0 ,  0.0,     ,  0.0,     ,  0.0, 0.0,  49.0,   12.0,   2.0,   0.0,     2.0,    93.0,        ,     0.0,        ,     0.0,        ,     0.0,      
hospoed01, 1981,     1, NYR , NHL , D  , 41.0,  3.0,   8.0,  11.0, 152.0, -8.0 ,  0.0,     ,  0.0,     ,  0.0, 0.0,  29.0,       ,      ,      ,        ,        ,        ,        ,        ,        ,        ,        ,      
hospoed01, 1982,     1, HAR , NHL , D  , 72.0,  1.0,   9.0,  10.0, 199.0, -32.0,  0.0,     ,  0.0,     ,  0.0, 0.0,  54.0,       ,      ,      ,        ,        ,        ,        ,        ,        ,        ,        ,      
hospoed01, 1983,     1, HAR , NHL , D  , 59.0,  0.0,   9.0,   9.0, 163.0, -17.0,  0.0,     ,  0.0,     ,  0.0, 0.0,  55.0,       ,      ,      ,        ,        ,        ,        ,        ,        ,        ,        ,      
hospoed01, 1984,     1, PHI , NHL , D  , 50.0,  3.0,   4.0,   7.0, 130.0, 7.0  ,  0.0,     ,  0.0,     ,  0.0, 0.0,  51.0,   18.0,   1.0,   1.0,     2.0,    69.0, 4.0    ,     0.0,        ,     0.0,        ,     0.0,    11.0
hospoed01, 1985,     1, PHI , NHL , D  , 17.0,  3.0,   1.0,   4.0,  55.0, 0.0  ,  0.0,     ,  1.0,     ,  0.0, 0.0,  11.0,       ,      ,      ,        ,        ,        ,        ,        ,        ,        ,        ,      
hospoed01, 1985,     2, MNS , NHL , D  , 43.0,  0.0,   2.0,   2.0,  91.0, 8.0  ,  0.0,     ,  0.0,     ,  0.0, 0.0,  33.0,    2.0,   0.0,   0.0,     0.0,     0.0, 0.0    ,     0.0,        ,     0.0,        ,     0.0,     0.0
hospoed01, 1986,     1, PHI , NHL , D  , 45.0,  2.0,   2.0,   4.0, 136.0, -8.0 ,  0.0,     ,  0.0,     ,  1.0, 0.0,  17.0,    5.0,   0.0,   0.0,     0.0,     2.0, 0.0    ,     0.0,        ,     0.0,        ,     0.0,     0.0
hospoed01, 1987,     1, BUF , NHL , D  , 42.0,  0.0,   1.0,   1.0,  98.0, -1.0 ,  0.0,  0.0,  0.0,  0.0,  0.0, 0.0,  15.0,       ,      ,      ,        ,        ,        ,        ,        ,        ,        ,        ,      
hossama01, 1997,     1, OTT , NHL , L  ,  7.0,  0.0,   1.0,   1.0,   0.0, -1.0 ,  0.0,  1.0,  0.0,  0.0,  0.0, 0.0,  10.0,       ,      ,      ,        ,        ,        ,        ,        ,        ,        ,        ,      
hossama01, 1998,     1, OTT , NHL , L  , 60.0, 15.0,  15.0,  30.0,  37.0, 18.0 ,  1.0,  2.0,  0.0,  0.0,  2.0, 2.0, 124.0,    4.0,   0.0,   2.0,     2.0,     4.0, 1.0    ,     0.0,     1.0,     0.0,     0.0,     0.0,    11.0
hossama01, 1999,     1, OTT , NHL , L  , 78.0, 29.0,  27.0,  56.0,  32.0, 5.0  ,  5.0, 11.0,  0.0,  0.0,  4.0, 0.0, 240.0,    6.0,   0.0,   0.0,     0.0,     2.0, -8.0   ,     0.0,     0.0,     0.0,     0.0,     0.0,    14.0
hossama01, 2000,     1, OTT , NHL , R  , 81.0, 32.0,  43.0,  75.0,  44.0, 19.0 , 11.0, 12.0,  2.0,  2.0,  7.0, 0.0, 249.0,    4.0,   1.0,   1.0,     2.0,     4.0, 1.0    ,     0.0,     0.0,     0.0,     0.0,     0.0,    12.0
hossama01, 2001,     1, OTT , NHL , R  , 80.0, 31.0,  35.0,  66.0,  50.0, 11.0 ,  9.0, 13.0,  1.0,  1.0,  4.0, 1.0, 278.0,   12.0,   4.0,   6.0,    10.0,     2.0, 2.0    ,     1.0,     5.0,     0.0,     0.0,     0.0,    42.0
hossama01, 2002,     1, OTT , NHL , R  , 80.0, 45.0,  35.0,  80.0,  34.0, 8.0  , 14.0, 19.0,  0.0,  0.0, 10.0, 1.0, 229.0,   18.0,   5.0,  11.0,    16.0,     6.0, -1.0   ,     3.0,     6.0,     0.0,     0.0,     1.0,    54.0
hossama01, 2003,     1, OTT , NHL , R  , 81.0, 36.0,  46.0,  82.0,  46.0, 4.0  , 14.0, 25.0,  1.0,  0.0,  5.0, 1.0, 233.0,    7.0,   3.0,   1.0,     4.0,     0.0, 2.0    ,     1.0,     0.0,     0.0,     0.0,     2.0,    32.0
hossama01, 2005,     1, ATL , NHL , R  , 80.0, 39.0,  53.0,  92.0,  67.0, 17.0 , 14.0, 25.0,  7.0,  1.0,  7.0,    , 341.0,       ,      ,      ,        ,        ,        ,        ,        ,        ,        ,        ,      
hossama01, 2006,     1, ATL , NHL , R  , 82.0, 43.0,  57.0, 100.0,  49.0, 18.0 , 17.0, 27.0,  3.0,  1.0,  5.0,    , 340.0,    4.0,   0.0,   1.0,     1.0,     6.0, -6.0   ,     0.0,     0.0,     0.0,     0.0,     0.0,    10.0
hossama01, 2007,     1, ATL , NHL , R  , 60.0, 26.0,  30.0,  56.0,  30.0, -14.0,  8.0, 18.0,  2.0,  0.0,  4.0,    , 229.0,       ,      ,      ,        ,        ,        ,        ,        ,        ,        ,        ,      
hossama01, 2007,     2, PIT , NHL , R  , 12.0,  3.0,   7.0,  10.0,   6.0, 0.0  ,  0.0,  3.0,  0.0,  0.0,  0.0,    ,  35.0,   20.0,  12.0,  14.0,    26.0,    12.0, 8.0    ,     5.0,     7.0,     0.0,     1.0,     2.0,    76.0
hossama01, 2008,     1, DET , NHL , R  , 74.0, 40.0,  31.0,  71.0,  63.0, 27.0 , 10.0, 13.0,  0.0,  1.0,  8.0,    , 307.0,   23.0,   6.0,   9.0,    15.0,    10.0, 5.0    ,     2.0,     3.0,     1.0,     0.0,     1.0,   100.0
hossama01, 2009,     1, CHI , NHL , R  , 57.0, 24.0,  27.0,  51.0,  18.0, 24.0 ,  2.0,  5.0,  5.0,  1.0,  2.0,    , 199.0,   22.0,   3.0,  12.0,    15.0,    25.0, 7.0    ,     0.0,     1.0,     0.0,     0.0,     1.0,    73.0
hossama02, 2001,     1, MTL , NHL , L  , 10.0,  3.0,   1.0,   4.0,   2.0, 2.0  ,  0.0,  0.0,  0.0,  0.0,  0.0, 0.0,  20.0,       ,      ,      ,        ,        ,        ,        ,        ,        ,        ,        ,      
hossama02, 2002,     1, MTL , NHL , L  , 34.0,  6.0,   7.0,  13.0,  14.0, 3.0  ,  2.0,  0.0,  0.0,  0.0,  1.0, 0.0,  51.0,       ,      ,      ,        ,        ,        ,        ,        ,        ,        ,        ,      
hossama02, 2003,     1, MTL , NHL , L  , 15.0,  1.0,   1.0,   2.0,   8.0, -3.0 ,  0.0,  0.0,  0.0,  0.0,  0.0, 0.0,  19.0,       ,      ,      ,        ,        ,        ,        ,        ,        ,        ,        ,      
hossama02, 2005,     1, NYR , NHL , L  , 64.0, 10.0,   6.0,  16.0,  28.0, -6.0 ,  3.0,  1.0,  0.0,  0.0,  0.0,    , 105.0,    4.0,   0.0,   0.0,     0.0,     6.0, -1.0   ,     0.0,     0.0,     0.0,     0.0,     0.0,     6.0
hossama02, 2006,     1, NYR , NHL , L  , 64.0, 10.0,   8.0,  18.0,  26.0, -4.0 ,  3.0,  1.0,  0.0,  1.0,  2.0,    ,  83.0,   10.0,   2.0,   2.0,     4.0,     4.0, 5.0    ,     0.0,     0.0,     0.0,     0.0,     0.0,    16.0
hossama02, 2007,     1, NYR , NHL , L  , 36.0,  1.0,   7.0,   8.0,  24.0, 8.0  ,  0.0,  1.0,  0.0,  0.0,  0.0,    ,  54.0,       ,      ,      ,        ,        ,        ,        ,        ,        ,        ,        ,      
hossama02, 2007,     2, PHO , NHL , L  , 14.0,  0.0,   0.0,   0.0,   4.0, -6.0 ,  0.0,  0.0,  0.0,  0.0,  0.0,    ,  12.0,       ,      ,      ,        ,        ,        ,        ,        ,        ,        ,        ,      
hostama01, 1990,     1, PHI , NHL , C  , 50.0,  3.0,  10.0,  13.0,  22.0, 1.0  ,  1.0,  0.0,  0.0,  0.0,  0.0, 0.0,  64.0,       ,      ,      ,        ,        ,        ,        ,        ,        ,        ,        ,      
hostama01, 1991,     1, PHI , NHL , C  ,  5.0,  0.0,   1.0,   1.0,   2.0, -1.0 ,  0.0,  0.0,  0.0,  0.0,  0.0, 0.0,   8.0,       ,      ,      ,        ,        ,        ,        ,        ,        ,        ,        ,      
hothagr01, 1979,     1, TOR , NHL , D  , 46.0,  3.0,  10.0,  13.0,  10.0, -4.0 ,  0.0,     ,  0.0,     ,  0.0, 0.0,  46.0,       ,      ,      ,        ,        ,        ,        ,        ,        ,        ,        ,      
hothagr01, 1980,     1, TOR , NHL , D  , 11.0,  1.0,   1.0,   2.0,  11.0, 4.0  ,  0.0,     ,  0.0,     ,  0.0, 0.0,   8.0,       ,      ,      ,        ,        ,        ,        ,        ,        ,        ,        ,      
hothagr01, 1981,     1, TOR , NHL , D  ,  3.0,  0.0,   0.0,   0.0,   0.0, -5.0 ,  0.0,     ,  0.0,     ,  0.0, 0.0,   4.0,       ,      ,      ,        ,        ,        ,        ,        ,        ,        ,        ,      
hothagr01, 1981,     2, PIT , NHL , D  , 25.0,  4.0,   6.0,  10.0,  16.0, -6.0 ,  2.0,     ,  0.0,     ,  0.0, 0.0,  38.0,    5.0,   0.0,   3.0,     3.0,     6.0,        ,     0.0,        ,     0.0,        ,     0.0,      
hothagr01, 1982,     1, PIT , NHL , D  , 58.0,  2.0,  30.0,  32.0,  39.0, -14.0,  0.0,     ,  0.0,     ,  0.0, 0.0,  75.0,       ,      ,      ,        ,        ,        ,        ,        ,        ,        ,        ,      
hothagr01, 1983,     1, PIT , NHL , D  , 76.0,  5.0,  25.0,  30.0,  59.0, -25.0,  3.0,     ,  0.0,     ,  0.0, 0.0, 120.0,       ,      ,      ,        ,        ,        ,        ,        ,        ,        ,        ,      
hothagr01, 1984,     1, PIT , NHL , D  , 11.0,  0.0,   2.0,   2.0,   4.0, -3.0 ,  0.0,     ,  0.0,     ,  0.0, 0.0,   6.0,       ,      ,      ,        ,        ,        ,        ,        ,        ,        ,        ,      
houckpa01, 1985,     1, MNS , NHL , R  ,  3.0,  1.0,   0.0,   1.0,   0.0, 1.0  ,  0.0,     ,  0.0,     ,  0.0, 0.0,   3.0,       ,      ,      ,        ,        ,        ,        ,        ,        ,        ,        ,      
houckpa01, 1986,     1, MNS , NHL , R  , 12.0,  0.0,   2.0,   2.0,   2.0, -2.0 ,  0.0,     ,  0.0,     ,  0.0, 0.0,  10.0,       ,      ,      ,        ,        ,        ,        ,        ,        ,        ,        ,      
houckpa01, 1987,     1, MNS , NHL , R  ,  1.0,  0.0,   0.0,   0.0,   0.0, 0.0  ,  0.0,  0.0,  0.0,  0.0,  0.0, 0.0,   1.0,       ,      ,      ,        ,        ,        ,        ,        ,        ,        ,        ,      
houdado01, 1985,     1, DET , NHL , D  ,  6.0,  0.0,   0.0,   0.0,   4.0, -7.0 ,  0.0,     ,  0.0,     ,  0.0, 0.0,   5.0,       ,      ,      ,        ,        ,        ,        ,        ,        ,        ,        ,      
houdado01, 1987,     1, DET , NHL , D  , 11.0,  1.0,   1.0,   2.0,  10.0, 0.0  ,  0.0,  0.0,  0.0,  0.0,  0.0, 0.0,  10.0,       ,      ,      ,        ,        ,        ,        ,        ,        ,        ,        ,      
houdado01, 1988,     1, DET , NHL , D  , 57.0,  2.0,  11.0,  13.0,  67.0, 17.0 ,  0.0,  0.0,  0.0,  0.0,  0.0, 0.0,  38.0,    6.0,   0.0,   1.0,     1.0,     0.0, -1.0   ,     0.0,     0.0,     0.0,     0.0,     0.0,     3.0
houdado01, 1989,     1, DET , NHL , D  , 73.0,  2.0,   9.0,  11.0, 127.0, -5.0 ,  0.0,  0.0,  0.0,  0.0,  0.0, 0.0,  59.0,       ,      ,      ,        ,        ,        ,        ,        ,        ,        ,        ,      
houdado01, 1990,     1, DET , NHL , D  , 22.0,  0.0,   4.0,   4.0,  43.0, -2.0 ,  0.0,  0.0,  0.0,  0.0,  0.0, 0.0,  21.0,       ,      ,      ,        ,        ,        ,        ,        ,        ,        ,        ,      
houdado01, 1990,     2, HAR , NHL , D  , 19.0,  1.0,   2.0,   3.0,  41.0, -3.0 ,  0.0,  0.0,  0.0,  0.0,  0.0, 1.0,  21.0,    6.0,   0.0,   0.0,     0.0,     8.0, -4.0   ,     0.0,     0.0,     0.0,     0.0,     0.0,     6.0
houdado01, 1991,     1, HAR , NHL , D  , 56.0,  3.0,   6.0,   9.0, 125.0, -2.0 ,  1.0,  0.0,  0.0,  0.0,  1.0, 0.0,  40.0,    6.0,   0.0,   2.0,     2.0,    13.0, -2.0   ,     0.0,     0.0,     0.0,     1.0,     0.0,     4.0
houdado01, 1992,     1, HAR , NHL , D  , 60.0,  2.0,   6.0,   8.0, 167.0, -19.0,  0.0,  0.0,  0.0,  0.0,  0.0, 0.0,  43.0,       ,      ,      ,        ,        ,        ,        ,        ,        ,        ,        ,      
houdado01, 1993,     1, HAR , NHL , D  ,  7.0,  0.0,   0.0,   0.0,  23.0, -4.0 ,  0.0,  0.0,  0.0,  0.0,  0.0, 0.0,   1.0,       ,      ,      ,        ,        ,        ,        ,        ,        ,        ,        ,      
houdado01, 1993,     2, LAK , NHL , D  , 54.0,  2.0,   6.0,   8.0, 165.0, -15.0,  0.0,  0.0,  0.0,  0.0,  0.0, 0.0,  31.0,       ,      ,      ,        ,        ,        ,        ,        ,        ,        ,        ,      
houdado01, 1994,     1, BUF , NHL , D  , 28.0,  1.0,   2.0,   3.0,  68.0, 1.0  ,  0.0,  0.0,  0.0,  1.0,  0.0, 0.0,  21.0,       ,      ,      ,        ,        ,        ,        ,        ,        ,        ,        ,      
houdado01, 1995,     1, BUF , NHL , D  , 38.0,  1.0,   3.0,   4.0,  52.0, 3.0  ,  0.0,  0.0,  0.0,  0.0,  0.0, 0.0,  21.0,       ,      ,      ,        ,        ,        ,        ,        ,        ,        ,        ,      
houdado01, 1996,     1, NYI , NHL , D  , 70.0,  2.0,   8.0,  10.0,  99.0, 1.0  ,  0.0,  2.0,  0.0,  0.0,  0.0, 0.0,  29.0,       ,      ,      ,        ,        ,        ,        ,        ,        ,        ,        ,      
houdado01, 1997,     1, NYI , NHL , D  , 31.0,  1.0,   2.0,   3.0,  47.0, -6.0 ,  0.0,  1.0,  0.0,  0.0,  0.0, 0.0,  15.0,       ,      ,      ,        ,        ,        ,        ,        ,        ,        ,        ,      
houdado01, 1997,     2, ANA , NHL , D  , 24.0,  1.0,   2.0,   3.0,  52.0, -5.0 ,  0.0,  0.0,  1.0,  0.0,  0.0, 0.0,   9.0,       ,      ,      ,        ,        ,        ,        ,        ,        ,        ,        ,      
houdado01, 1998,     1, DET , NHL , D  ,  3.0,  0.0,   1.0,   1.0,   0.0, -2.0 ,  0.0,  0.0,  0.0,  0.0,  0.0, 0.0,   1.0,       ,      ,      ,        ,        ,        ,        ,        ,        ,        ,        ,      
houdado01, 1999,     1, BUF , NHL , D  ,  1.0,  0.0,   0.0,   0.0,  12.0, 0.0  ,  0.0,  0.0,  0.0,  0.0,  0.0, 0.0,   0.0,       ,      ,      ,        ,        ,        ,        ,        ,        ,        ,        ,      
houdado01, 2002,     1, BUF , NHL , D  ,  1.0,  0.0,   0.0,   0.0,   2.0, -2.0 ,  0.0,  0.0,  0.0,  0.0,  0.0, 0.0,   1.0,       ,      ,      ,        ,        ,        ,        ,        ,        ,        ,        ,      
houdecl01, 1974,     1, KCS , NHL , D  , 34.0,  3.0,   4.0,   7.0,  20.0, -31.0,  2.0,     ,  0.0,     ,  1.0, 0.0,  43.0,       ,      ,      ,        ,        ,        ,        ,        ,        ,        ,        ,      
houdecl01, 1975,     1, KCS , NHL , D  , 25.0,  0.0,   2.0,   2.0,  20.0, -13.0,  0.0,     ,  0.0,     ,  0.0, 0.0,  16.0,       ,      ,      ,        ,        ,        ,        ,        ,        ,        ,        ,      
houdeer01, 1996,     1, MTL , NHL , C  , 13.0,  0.0,   2.0,   2.0,   2.0, 1.0  ,  0.0,  0.0,  0.0,  0.0,  0.0, 0.0,   1.0,       ,      ,      ,        ,        ,        ,        ,        ,        ,        ,        ,      
houdeer01, 1997,     1, MTL , NHL , C  ,  9.0,  1.0,   0.0,   1.0,   0.0, -3.0 ,  0.0,  0.0,  0.0,  0.0,  1.0, 0.0,   4.0,       ,      ,      ,        ,        ,        ,        ,        ,        ,        ,        ,      
houdeer01, 1998,     1, MTL , NHL , C  ,  8.0,  1.0,   1.0,   2.0,   2.0, -2.0 ,  0.0,  0.0,  0.0,  0.0,  1.0, 0.0,   4.0,       ,      ,      ,        ,        ,        ,        ,        ,        ,        ,        ,      
houghmi01, 1984,     1, QUE , NHL , L  ,     ,     ,      ,      ,      ,      ,     ,     ,     ,     ,     ,    ,      ,    2.0,   0.0,   0.0,     0.0,     0.0, 0.0    ,     0.0,        ,     0.0,        ,     0.0,     0.0
houghmi01, 1986,     1, QUE , NHL , L  , 56.0,  6.0,   8.0,  14.0,  79.0, -8.0 ,  1.0,     ,  1.0,     ,  0.0, 0.0,  60.0,    9.0,   0.0,   3.0,     3.0,    26.0, -1.0   ,     0.0,        ,     0.0,        ,     0.0,     6.0
houghmi01, 1987,     1, QUE , NHL , L  , 17.0,  3.0,   2.0,   5.0,   2.0, -8.0 ,  0.0,  0.0,  0.0,  0.0,  1.0, 0.0,  23.0,       ,      ,      ,        ,        ,        ,        ,        ,        ,        ,        ,      
houghmi01, 1988,     1, QUE , NHL , R  , 46.0,  9.0,  10.0,  19.0,  39.0, -7.0 ,  1.0,  1.0,  3.0,  0.0,  3.0, 0.0,  51.0,       ,      ,      ,        ,        ,        ,        ,        ,        ,        ,        ,      
houghmi01, 1989,     1, QUE , NHL , L  , 43.0, 13.0,  13.0,  26.0,  84.0, -24.0,  3.0,  3.0,  1.0,  0.0,  0.0, 0.0,  93.0,       ,      ,      ,        ,        ,        ,        ,        ,        ,        ,        ,      
houghmi01, 1990,     1, QUE , NHL , L  , 63.0, 13.0,  20.0,  33.0, 111.0, -7.0 ,  1.0,  2.0,  1.0,  1.0,  1.0, 0.0, 106.0,       ,      ,      ,        ,        ,        ,        ,        ,        ,        ,        ,      
houghmi01, 1991,     1, QUE , NHL , L  , 61.0, 16.0,  22.0,  38.0,  77.0, -1.0 ,  6.0,  6.0,  2.0,  1.0,  1.0, 0.0,  92.0,       ,      ,      ,        ,        ,        ,        ,        ,        ,        ,        ,      
houghmi01, 1992,     1, QUE , NHL , L  , 77.0,  8.0,  22.0,  30.0,  69.0, -11.0,  2.0,  2.0,  1.0,  0.0,  2.0, 0.0,  98.0,    6.0,   0.0,   1.0,     1.0,     2.0, 0.0    ,     0.0,     0.0,     0.0,     0.0,     0.0,    18.0
houghmi01, 1993,     1, FLO , NHL , L  , 78.0,  6.0,  23.0,  29.0,  62.0, 3.0  ,  0.0,  0.0,  1.0,  2.0,  1.0, 0.0, 106.0,       ,      ,      ,        ,        ,        ,        ,        ,        ,        ,        ,      
houghmi01, 1994,     1, FLO , NHL , L  , 48.0,  6.0,   7.0,  13.0,  38.0, 1.0  ,  0.0,  1.0,  0.0,  0.0,  2.0, 0.0,  58.0,       ,      ,      ,        ,        ,        ,        ,        ,        ,        ,        ,      
houghmi01, 1995,     1, FLO , NHL , L  , 64.0,  7.0,  16.0,  23.0,  37.0, 4.0  ,  0.0,  0.0,  1.0,  0.0,  1.0, 0.0,  66.0,   22.0,   4.0,   1.0,     5.0,     8.0, 5.0    ,     0.0,     0.0,     0.0,     0.0,     2.0,    38.0
houghmi01, 1996,     1, FLO , NHL , L  , 69.0,  8.0,   6.0,  14.0,  48.0, 12.0 ,  0.0,  0.0,  0.0,  0.0,  2.0, 0.0,  85.0,    5.0,   1.0,   0.0,     1.0,     2.0, -2.0   ,     0.0,     0.0,     0.0,     0.0,     0.0,    10.0
houghmi01, 1997,     1, NYI , NHL , L  , 74.0,  5.0,   7.0,  12.0,  27.0, -4.0 ,  0.0,  0.0,  0.0,  0.0,  0.0, 0.0,  44.0,       ,      ,      ,        ,        ,        ,        ,        ,        ,        ,        ,      
houghmi01, 1998,     1, NYI , NHL , L  , 11.0,  0.0,   0.0,   0.0,   2.0, -2.0 ,  0.0,  0.0,  0.0,  0.0,  0.0, 0.0,   4.0,       ,      ,      ,        ,        ,        ,        ,        ,        ,        ,        ,      
houldbi01, 1987,     1, WAS , NHL , D  , 30.0,  1.0,   2.0,   3.0,  10.0, -2.0 ,  0.0,  0.0,  0.0,  0.0,  0.0, 0.0,  20.0,       ,      ,      ,        ,        ,        ,        ,        ,        ,        ,        ,      
houldbi01, 1988,     1, WAS , NHL , D  ,  8.0,  0.0,   3.0,   3.0,   4.0, 7.0  ,  0.0,  0.0,  0.0,  0.0,  0.0, 0.0,   5.0,       ,      ,      ,        ,        ,        ,        ,        ,        ,        ,        ,      
houldbi01, 1989,     1, WAS , NHL , D  , 41.0,  1.0,  11.0,  12.0,  28.0, 8.0  ,  0.0,  4.0,  0.0,  0.0,  0.0, 1.0,  49.0,       ,      ,      ,        ,        ,        ,        ,        ,        ,        ,        ,      
houldbi01, 1990,     1, BUF , NHL , D  ,  7.0,  0.0,   2.0,   2.0,   4.0, -2.0 ,  0.0,  1.0,  0.0,  0.0,  0.0, 0.0,   7.0,       ,      ,      ,        ,        ,        ,        ,        ,        ,        ,        ,      
houldbi01, 1991,     1, BUF , NHL , D  , 10.0,  1.0,   0.0,   1.0,   8.0, -2.0 ,  0.0,  0.0,  0.0,  0.0,  0.0, 0.0,  18.0,       ,      ,      ,        ,        ,        ,        ,        ,        ,        ,        ,      
houldbi01, 1992,     1, BUF , NHL , D  , 15.0,  3.0,   5.0,   8.0,   6.0, 5.0  ,  0.0,  0.0,  0.0,  0.0,  0.0, 1.0,  29.0,    8.0,   0.0,   2.0,     2.0,     4.0, 1.0    ,     0.0,     1.0,     0.0,     0.0,     0.0,    11.0
houldbi01, 1993,     1, ANA , NHL , D  , 80.0, 14.0,  25.0,  39.0,  40.0, -18.0,  3.0, 13.0,  0.0,  0.0,  3.0, 0.0, 187.0,       ,      ,      ,        ,        ,        ,        ,        ,        ,        ,        ,      
houldbi01, 1994,     1, STL , NHL , D  , 41.0,  5.0,  13.0,  18.0,  20.0, 16.0 ,  1.0,  3.0,  0.0,  0.0,  0.0, 0.0,  59.0,    4.0,   1.0,   1.0,     2.0,     0.0, 6.0    ,     0.0,     0.0,     0.0,     0.0,     0.0,    10.0
houldbi01, 1995,     1, TBL , NHL , D  , 61.0,  5.0,  23.0,  28.0,  22.0, 1.0  ,  3.0, 14.0,  0.0,  0.0,  0.0, 1.0,  90.0,    6.0,   0.0,   1.0,     1.0,     4.0, 0.0    ,     0.0,     0.0,     0.0,     0.0,     0.0,     8.0
houldbi01, 1996,     1, TBL , NHL , D  , 79.0,  4.0,  21.0,  25.0,  30.0, 16.0 ,  0.0,  4.0,  0.0,  1.0,  2.0, 0.0, 116.0,       ,      ,      ,        ,        ,        ,        ,        ,        ,        ,        ,      
houldbi01, 1997,     1, SJS , NHL , D  , 82.0,  7.0,  25.0,  32.0,  48.0, 13.0 ,  4.0, 12.0,  0.0,  1.0,  2.0, 0.0, 102.0,    6.0,   1.0,   2.0,     3.0,     2.0, 0.0    ,     0.0,     2.0,     0.0,     0.0,     0.0,     8.0
houldbi01, 1998,     1, SJS , NHL , D  , 76.0,  9.0,  23.0,  32.0,  40.0, 8.0  ,  7.0, 12.0,  0.0,  0.0,  5.0, 0.0, 115.0,    6.0,   3.0,   0.0,     3.0,     4.0, 2.0    ,     3.0,     0.0,     0.0,     0.0,     0.0,     8.0
houldbi01, 1999,     1, TBL , NHL , D  , 14.0,  1.0,   2.0,   3.0,   2.0, -3.0 ,  1.0,  1.0,  0.0,  0.0,  0.0, 0.0,  21.0,       ,      ,      ,        ,        ,        ,        ,        ,        ,        ,        ,      
houldbi01, 1999,     2, NAS , NHL , D  , 57.0,  2.0,  12.0,  14.0,  24.0, -6.0 ,  1.0,  0.0,  0.0,  1.0,  1.0, 0.0,  68.0,       ,      ,      ,        ,        ,        ,        ,        ,        ,        ,        ,      
houldbi01, 2000,     1, NAS , NHL , D  , 81.0,  4.0,  12.0,  16.0,  40.0, -7.0 ,  0.0,  1.0,  1.0,  2.0,  1.0, 1.0,  78.0,       ,      ,      ,        ,        ,        ,        ,        ,        ,        ,        ,      
houldbi01, 2001,     1, NAS , NHL , D  , 82.0,  0.0,   8.0,   8.0,  40.0, -1.0 ,  0.0,  1.0,  0.0,  2.0,  0.0, 0.0,  44.0,       ,      ,      ,        ,        ,        ,        ,        ,        ,        ,        ,      
houldbi01, 2002,     1, NAS , NHL , D  , 82.0,  2.0,   4.0,   6.0,  46.0, -2.0 ,  0.0,  0.0,  0.0,  0.0,  1.0, 0.0,  51.0,       ,      ,      ,        ,        ,        ,        ,        ,        ,        ,        ,      
houlema01, 2006,     1, PHI , NHL , G  ,  1.0,  0.0,   0.0,   0.0,   0.0, 0.0  ,  0.0,  0.0,  0.0,  0.0,  0.0,    ,   0.0,       ,      ,      ,        ,        ,        ,        ,        ,        ,        ,        ,      
houlere01, 1969,     1, MTL , NHL , L  ,  9.0,  0.0,   1.0,   1.0,   0.0, 1.0  ,  0.0,     ,  0.0,     ,  0.0, 0.0,   1.0,       ,      ,      ,        ,        ,        ,        ,        ,        ,        ,        ,      
houlere01, 1970,     1, MTL , NHL , L  , 66.0, 10.0,   9.0,  19.0,  28.0, 7.0  ,  1.0,     ,  0.0,     ,  1.0, 0.0,  87.0,   20.0,   2.0,   5.0,     7.0,    20.0,        ,     0.0,        ,     0.0,        ,     1.0,      
houlere01, 1971,     1, MTL , NHL , L  , 77.0, 11.0,  17.0,  28.0,  21.0, 9.0  ,  1.0,     ,  0.0,     ,  1.0, 0.0, 145.0,    6.0,   0.0,   0.0,     0.0,     2.0,        ,     0.0,        ,     0.0,        ,     0.0,      
houlere01, 1972,     1, MTL , NHL , L  , 72.0, 13.0,  35.0,  48.0,  36.0, 24.0 ,  3.0,     ,  0.0,     ,  1.0, 0.0, 117.0,   17.0,   3.0,   6.0,     9.0,     0.0,        ,     0.0,        ,     0.0,        ,     0.0,      
houlere01, 1973,     1, QUN , WHA , R  , 69.0, 27.0,  35.0,  62.0,  17.0,      ,  6.0,     ,  0.0,     ,  4.0,    ,      ,       ,      ,      ,        ,        ,        ,        ,        ,        ,        ,        ,      
houlere01, 1974,     1, QUN , WHA , R  , 64.0, 40.0,  52.0,  92.0,  37.0, 20.0 , 13.0,     ,  1.0,     ,     ,    , 275.0,   15.0,  10.0,   6.0,    16.0,     2.0,        ,        ,        ,        ,        ,     2.0,      
houlere01, 1975,     1, QUN , WHA , R  , 81.0, 51.0,  52.0, 103.0,  61.0, 20.0 , 19.0,     ,  0.0,     ,  9.0,    , 256.0,    5.0,   2.0,   0.0,     2.0,     8.0, -2.0   ,        ,        ,        ,        ,        ,      
houlere01, 1976,     1, MTL , NHL , R  , 65.0, 22.0,  30.0,  52.0,  24.0, 39.0 ,  2.0,     ,  0.0,     ,  3.0, 0.0, 131.0,    6.0,   0.0,   1.0,     1.0,     4.0,        ,     0.0,        ,     0.0,        ,     0.0,      
houlere01, 1977,     1, MTL , NHL , L  , 76.0, 30.0,  28.0,  58.0,  50.0, 39.0 ,  3.0,     ,  0.0,     ,  5.0, 2.0, 143.0,   15.0,   3.0,   8.0,    11.0,    14.0,        ,     0.0,        ,     0.0,        ,     0.0,      
houlere01, 1978,     1, MTL , NHL , L  , 66.0, 17.0,  34.0,  51.0,  43.0, 16.0 ,  6.0,     ,  0.0,     ,  4.0, 1.0, 105.0,    7.0,   1.0,   5.0,     6.0,     2.0,        ,     0.0,        ,     0.0,        ,     0.0,      
houlere01, 1979,     1, MTL , NHL , L  , 60.0, 18.0,  27.0,  45.0,  68.0, 3.0  ,  2.0,     ,  0.0,     ,  3.0, 2.0, 115.0,   10.0,   4.0,   5.0,     9.0,    12.0,        ,     1.0,        ,     0.0,        ,     0.0,      
houlere01, 1980,     1, MTL , NHL , L  , 77.0, 27.0,  31.0,  58.0,  83.0, 20.0 ,  6.0,     ,  1.0,     ,  3.0, 0.0, 158.0,    3.0,   1.0,   0.0,     1.0,     6.0,        ,     0.0,        ,     0.0,        ,     0.0,      
houlere01, 1981,     1, MTL , NHL , L  , 51.0, 11.0,  32.0,  43.0,  34.0, 18.0 ,  2.0,     ,  1.0,     ,  1.0, 0.0,  81.0,    5.0,   0.0,   4.0,     4.0,     6.0,        ,     0.0,        ,     0.0,        ,     0.0,      
houlere01, 1982,     1, MTL , NHL , L  , 16.0,  2.0,   3.0,   5.0,   8.0, 4.0  ,  1.0,     ,  0.0,     ,  0.0, 0.0,  18.0,    1.0,   0.0,   0.0,     0.0,     0.0,        ,     0.0,        ,     0.0,        ,     0.0,      
houslph01, 1982,     1, BUF , NHL , D  , 77.0, 19.0,  47.0,  66.0,  39.0, -4.0 , 11.0,     ,  0.0,     ,  2.0, 2.0, 183.0,   10.0,   3.0,   4.0,     7.0,     2.0,        ,     1.0,        ,     0.0,        ,     0.0,      
houslph01, 1983,     1, BUF , NHL , D  , 75.0, 31.0,  46.0,  77.0,  33.0, 3.0  , 13.0,     ,  2.0,     ,  6.0, 1.0, 234.0,    3.0,   0.0,   0.0,     0.0,     6.0, -1.0   ,     0.0,        ,     0.0,        ,     0.0,    11.0
houslph01, 1984,     1, BUF , NHL , D  , 73.0, 16.0,  53.0,  69.0,  28.0, 15.0 ,  3.0,     ,  0.0,     ,  4.0, 0.0, 188.0,    5.0,   3.0,   2.0,     5.0,     2.0, 0.0    ,     0.0,        ,     0.0,        ,     0.0,    12.0
houslph01, 1985,     1, BUF , NHL , D  , 79.0, 15.0,  47.0,  62.0,  54.0, -9.0 ,  7.0,     ,  0.0,     ,  2.0, 0.0, 180.0,       ,      ,      ,        ,        ,        ,        ,        ,        ,        ,        ,      
houslph01, 1986,     1, BUF , NHL , D  , 78.0, 21.0,  46.0,  67.0,  57.0, -2.0 ,  8.0,     ,  1.0,     ,  2.0, 0.0, 202.0,       ,      ,      ,        ,        ,        ,        ,        ,        ,        ,        ,      
houslph01, 1987,     1, BUF , NHL , D  , 74.0, 29.0,  37.0,  66.0,  96.0, -17.0,  6.0, 22.0,  0.0,  0.0,  1.0, 1.0, 231.0,    6.0,   2.0,   4.0,     6.0,     6.0, -5.0   ,     1.0,     4.0,     0.0,     0.0,     0.0,    20.0
houslph01, 1988,     1, BUF , NHL , D  , 72.0, 26.0,  44.0,  70.0,  47.0, 6.0  ,  5.0, 26.0,  0.0,  1.0,  3.0, 0.0, 178.0,    5.0,   1.0,   3.0,     4.0,     2.0, 0.0    ,     0.0,     2.0,     0.0,     1.0,     0.0,    10.0
houslph01, 1989,     1, BUF , NHL , D  , 80.0, 21.0,  60.0,  81.0,  32.0, 11.0 ,  8.0, 29.0,  1.0,  0.0,  4.0, 0.0, 201.0,    6.0,   1.0,   4.0,     5.0,     4.0, 0.0    ,     1.0,     2.0,     0.0,     0.0,     0.0,    16.0
houslph01, 1990,     1, WIN , NHL , D  , 78.0, 23.0,  53.0,  76.0,  24.0, -13.0, 12.0, 25.0,  1.0,  1.0,  3.0, 0.0, 206.0,       ,      ,      ,        ,        ,        ,        ,        ,        ,        ,        ,      
houslph01, 1991,     1, WIN , NHL , D  , 74.0, 23.0,  63.0,  86.0,  92.0, -5.0 , 11.0, 46.0,  0.0,  0.0,  4.0, 1.0, 234.0,    7.0,   1.0,   4.0,     5.0,     0.0, -6.0   ,     1.0,     4.0,     0.0,     0.0,     1.0,    31.0
houslph01, 1992,     1, WIN , NHL , D  , 80.0, 18.0,  79.0,  97.0,  52.0, -14.0,  6.0, 50.0,  0.0,  0.0,  2.0, 0.0, 249.0,    6.0,   0.0,   7.0,     7.0,     2.0, -3.0   ,     0.0,     5.0,     0.0,     0.0,     0.0,    10.0
houslph01, 1993,     1, STL , NHL , D  , 26.0,  7.0,  15.0,  22.0,  12.0, -5.0 ,  4.0,  7.0,  0.0,  0.0,  1.0, 1.0,  60.0,    4.0,   2.0,   1.0,     3.0,     4.0, -3.0   ,     2.0,     1.0,     0.0,     0.0,     0.0,    10.0
houslph01, 1994,     1, CAL , NHL , D  , 43.0,  8.0,  35.0,  43.0,  18.0, 17.0 ,  3.0, 17.0,  0.0,  0.0,  0.0, 0.0, 135.0,    7.0,   0.0,   9.0,     9.0,     0.0, 5.0    ,     0.0,     5.0,     0.0,     0.0,     0.0,    22.0
houslph01, 1995,     1, CAL , NHL , D  , 59.0, 16.0,  36.0,  52.0,  22.0, -2.0 ,  6.0, 21.0,  0.0,  0.0,  1.0, 0.0, 155.0,       ,      ,      ,        ,        ,        ,        ,        ,        ,        ,        ,      
houslph01, 1995,     2, NJD , NHL , D  , 22.0,  1.0,  15.0,  16.0,   8.0, -4.0 ,  0.0,  8.0,  0.0,  0.0,  0.0, 0.0,  50.0,       ,      ,      ,        ,        ,        ,        ,        ,        ,        ,        ,      
houslph01, 1996,     1, WAS , NHL , D  , 77.0, 11.0,  29.0,  40.0,  24.0, -10.0,  3.0, 17.0,  1.0,  0.0,  2.0, 0.0, 167.0,       ,      ,      ,        ,        ,        ,        ,        ,        ,        ,        ,      
houslph01, 1997,     1, WAS , NHL , D  , 64.0,  6.0,  25.0,  31.0,  24.0, -10.0,  4.0, 15.0,  1.0,  0.0,  0.0, 0.0, 116.0,   18.0,   0.0,   4.0,     4.0,     4.0, -2.0   ,     0.0,     2.0,     0.0,     0.0,     0.0,    27.0
houslph01, 1998,     1, CAL , NHL , D  , 79.0, 11.0,  43.0,  54.0,  52.0, 14.0 ,  4.0, 20.0,  0.0,  0.0,  1.0, 0.0, 193.0,       ,      ,      ,        ,        ,        ,        ,        ,        ,        ,        ,      
houslph01, 1999,     1, CAL , NHL , D  , 78.0, 11.0,  44.0,  55.0,  24.0, -12.0,  5.0, 30.0,  0.0,  0.0,  2.0, 1.0, 176.0,       ,      ,      ,        ,        ,        ,        ,        ,        ,        ,        ,      
houslph01, 2000,     1, CAL , NHL , D  , 69.0,  4.0,  30.0,  34.0,  24.0, -15.0,  0.0, 15.0,  0.0,  0.0,  0.0, 0.0, 115.0,       ,      ,      ,        ,        ,        ,        ,        ,        ,        ,        ,      
houslph01, 2001,     1, CHI , NHL , D  , 80.0, 15.0,  24.0,  39.0,  34.0, -3.0 ,  8.0, 14.0,  0.0,  0.0,  6.0, 1.0, 218.0,    5.0,   0.0,   1.0,     1.0,     4.0, -1.0   ,     0.0,     1.0,     0.0,     0.0,     0.0,    13.0
houslph01, 2002,     1, CHI , NHL , D  , 57.0,  6.0,  23.0,  29.0,  24.0, 7.0  ,  2.0,  9.0,  0.0,  0.0,  2.0, 0.0, 134.0,       ,      ,      ,        ,        ,        ,        ,        ,        ,        ,        ,      
houslph01, 2002,     2, TOR , NHL , D  ,  1.0,  0.0,   0.0,   0.0,   2.0, -1.0 ,  0.0,  0.0,  0.0,  0.0,  0.0, 0.0,   3.0,    3.0,   0.0,   0.0,     0.0,     0.0, -3.0   ,     0.0,     0.0,     0.0,     0.0,     0.0,     0.0
houstke01, 1975,     1, ATF , NHL , R  , 38.0,  5.0,   6.0,  11.0,  11.0, -3.0 ,  1.0,     ,  0.0,     ,  0.0, 0.0,  49.0,    2.0,   0.0,   0.0,     0.0,     0.0,        ,     0.0,        ,     0.0,        ,     0.0,      
houstke01, 1976,     1, ATF , NHL , R  , 78.0, 20.0,  24.0,  44.0,  35.0, 5.0  ,  3.0,     ,  0.0,     ,  2.0, 0.0, 151.0,    3.0,   0.0,   0.0,     0.0,     4.0,        ,     0.0,        ,     0.0,        ,     0.0,      
houstke01, 1977,     1, ATF , NHL , R  , 74.0, 22.0,  16.0,  38.0,  51.0, 4.0  ,  2.0,     ,  0.0,     ,  2.0, 3.0, 147.0,    2.0,   0.0,   0.0,     0.0,     0.0,        ,     0.0,        ,     0.0,        ,     0.0,      
houstke01, 1978,     1, ATF , NHL , R  , 80.0, 21.0,  31.0,  52.0, 135.0, 4.0  ,  2.0,     ,  0.0,     ,  2.0, 1.0, 140.0,    1.0,   0.0,   0.0,     0.0,    16.0,        ,     0.0,        ,     0.0,        ,     0.0,      
houstke01, 1979,     1, ATF , NHL , R  , 80.0, 23.0,  31.0,  54.0, 100.0, -1.0 ,  4.0,     ,  0.0,     ,  4.0, 2.0, 155.0,    4.0,   1.0,   1.0,     2.0,    10.0,        ,     0.0,        ,     0.0,        ,     0.0,      
houstke01, 1980,     1, CAL , NHL , R  , 42.0, 15.0,  15.0,  30.0,  93.0, 0.0  ,  4.0,     ,  0.0,     ,  4.0, 0.0,  78.0,   16.0,   7.0,   8.0,    15.0,    28.0,        ,     5.0,        ,     0.0,        ,     1.0,      
houstke01, 1981,     1, CAL , NHL , R  , 70.0, 22.0,  22.0,  44.0,  91.0, -2.0 ,  3.0,     ,  0.0,     ,  0.0, 0.0, 165.0,    3.0,   1.0,   0.0,     1.0,     4.0,        ,     0.0,        ,     0.0,        ,     0.0,      
houstke01, 1982,     1, WAS , NHL , R  , 71.0, 25.0,  14.0,  39.0,  93.0, -8.0 ,  9.0,     ,  0.0,     ,  0.0, 3.0, 139.0,    4.0,   1.0,   0.0,     1.0,     4.0,        ,     0.0,        ,     0.0,        ,     0.0,      
houstke01, 1983,     1, WAS , NHL , R  ,  4.0,  0.0,   0.0,   0.0,   4.0, -2.0 ,  0.0,     ,  0.0,     ,  0.0, 0.0,   3.0,       ,      ,      ,        ,        ,        ,        ,        ,        ,        ,        ,      
houstke01, 1983,     2, LAK , NHL , R  , 33.0,  8.0,   8.0,  16.0,  11.0, -3.0 ,  0.0,     ,  0.0,     ,  0.0, 1.0,  35.0,       ,      ,      ,        ,        ,        ,        ,        ,        ,        ,        ,      
howarja01, 1936,     1, TOR , NHL , D  ,  2.0,  0.0,   0.0,   0.0,   0.0,      ,     ,     ,     ,     ,     ,    ,      ,       ,      ,      ,        ,        ,        ,        ,        ,        ,        ,        ,      
howarji01, 2005,     1, DET , NHL , G  ,  4.0,  0.0,   0.0,   0.0,   0.0, 0.0  ,  0.0,  0.0,  0.0,  0.0,  0.0,    ,   0.0,       ,      ,      ,        ,        ,        ,        ,        ,        ,        ,        ,      
howarji01, 2007,     1, DET , NHL , G  ,  4.0,  0.0,   0.0,   0.0,   0.0, 0.0  ,  0.0,  0.0,  0.0,  0.0,  0.0,    ,   0.0,       ,      ,      ,        ,        ,        ,        ,        ,        ,        ,        ,      
howarji01, 2008,     1, DET , NHL , G  ,  1.0,  0.0,   0.0,   0.0,   0.0, 0.0  ,  0.0,  0.0,  0.0,  0.0,  0.0,    ,   0.0,       ,      ,      ,        ,        ,        ,        ,        ,        ,        ,        ,      
howarji01, 2009,     1, DET , NHL , G  , 63.0,  0.0,   2.0,   2.0,   2.0, 0.0  ,  0.0,  0.0,  0.0,  0.0,  0.0,    ,   0.0,   12.0,   0.0,   0.0,     0.0,     2.0, 0.0    ,     0.0,     0.0,     0.0,     0.0,     0.0,     0.0
howatga01, 1972,     1, NYI , NHL , L  ,  8.0,  0.0,   1.0,   1.0,  18.0, -5.0 ,  0.0,     ,  0.0,     ,  0.0, 0.0,   2.0,       ,      ,      ,        ,        ,        ,        ,        ,        ,        ,        ,      
howatga01, 1973,     1, NYI , NHL , L  , 78.0,  6.0,  11.0,  17.0, 204.0, -13.0,  0.0,     ,  0.0,     ,  0.0, 1.0,  84.0,       ,      ,      ,        ,        ,        ,        ,        ,        ,        ,        ,      
howatga01, 1974,     1, NYI , NHL , L  , 77.0, 18.0,  30.0,  48.0, 121.0, 32.0 ,  1.0,     ,  0.0,     ,  3.0, 3.0, 126.0,   17.0,   3.0,   3.0,     6.0,    59.0,        ,     0.0,        ,     0.0,        ,     1.0,      
howatga01, 1975,     1, NYI , NHL , L  , 80.0, 21.0,  13.0,  34.0, 197.0, 26.0 ,  0.0,     ,  0.0,     ,  2.0, 2.0, 115.0,   13.0,   5.0,   5.0,    10.0,    23.0,        ,     0.0,        ,     0.0,        ,     1.0,      
howatga01, 1976,     1, NYI , NHL , L  , 70.0, 13.0,  15.0,  28.0, 182.0, 14.0 ,  1.0,     ,  0.0,     ,  4.0, 0.0,  91.0,   12.0,   1.0,   1.0,     2.0,    28.0,        ,     0.0,        ,     0.0,        ,     0.0,      
howatga01, 1977,     1, NYI , NHL , L  , 61.0,  7.0,  12.0,  19.0, 146.0, 7.0  ,  0.0,     ,  0.0,     ,  0.0, 1.0,  60.0,    7.0,   0.0,   1.0,     1.0,    62.0,        ,     0.0,        ,     0.0,        ,     0.0,      
howatga01, 1978,     1, NYI , NHL , L  , 75.0, 16.0,  12.0,  28.0, 205.0, 6.0  ,  0.0,     ,  0.0,     ,  2.0, 1.0,  81.0,    9.0,   0.0,   1.0,     1.0,    18.0,        ,     0.0,        ,     0.0,        ,     0.0,      
howatga01, 1979,     1, NYI , NHL , L  , 77.0,  8.0,  11.0,  19.0, 219.0, -3.0 ,  0.0,     ,  0.0,     ,  1.0, 0.0,  62.0,   21.0,   3.0,   1.0,     4.0,    84.0,        ,     0.0,        ,     0.0,        ,     1.0,      
howatga01, 1980,     1, NYI , NHL , L  , 70.0,  4.0,  15.0,  19.0, 174.0, 12.0 ,  0.0,     ,  0.0,     ,  0.0, 0.0,  48.0,    8.0,   0.0,   2.0,     2.0,    15.0,        ,     0.0,        ,     0.0,        ,     0.0,      
howatga01, 1981,     1, HAR , NHL , L  , 80.0, 18.0,  32.0,  50.0, 242.0, -5.0 ,  1.0,     ,  0.0,     ,  2.0, 0.0, 111.0,       ,      ,      ,        ,        ,        ,        ,        ,        ,        ,        ,      
howatga01, 1982,     1, NJD , NHL , L  , 38.0,  1.0,   4.0,   5.0, 114.0, -29.0,  0.0,     ,  0.0,     ,  0.0, 0.0,  30.0,       ,      ,      ,        ,        ,        ,        ,        ,        ,        ,        ,      
howatga01, 1983,     1, NJD , NHL , L  ,  6.0,  0.0,   0.0,   0.0,  14.0, -1.0 ,  0.0,     ,  0.0,     ,  0.0, 0.0,   5.0,       ,      ,      ,        ,        ,        ,        ,        ,        ,        ,        ,      
howego01 , 1946,     1, DET , NHL , R  , 58.0,  7.0,  15.0,  22.0,  52.0,      ,     ,     ,     ,     ,     ,    ,      ,    5.0,   0.0,   0.0,     0.0,    18.0,        ,        ,        ,        ,        ,        ,      
howego01 , 1947,     1, DET , NHL , R  , 60.0, 16.0,  28.0,  44.0,  63.0,      ,     ,     ,     ,     ,     ,    ,      ,   10.0,   1.0,   1.0,     2.0,    11.0,        ,        ,        ,        ,        ,        ,      
howego01 , 1948,     1, DET , NHL , R  , 40.0, 12.0,  25.0,  37.0,  57.0,      ,     ,     ,     ,     ,     ,    ,      ,   11.0,   8.0,   3.0,    11.0,    19.0,        ,        ,        ,        ,        ,        ,      
howego01 , 1949,     1, DET , NHL , R  , 70.0, 35.0,  33.0,  68.0,  69.0,      ,     ,     ,     ,     ,     ,    ,      ,    1.0,   0.0,   0.0,     0.0,     7.0,        ,        ,        ,        ,        ,        ,      
howego01 , 1950,     1, DET , NHL , R  , 70.0, 43.0,  43.0,  86.0,  74.0,      ,     ,     ,     ,     ,     ,    ,      ,    6.0,   4.0,   3.0,     7.0,     4.0,        ,        ,        ,        ,        ,        ,      
howego01 , 1951,     1, DET , NHL , R  , 70.0, 47.0,  39.0,  86.0,  78.0,      ,     ,     ,     ,     ,     ,    ,      ,    8.0,   2.0,   5.0,     7.0,     2.0,        ,        ,        ,        ,        ,        ,      
howego01 , 1952,     1, DET , NHL , R  , 70.0, 49.0,  46.0,  95.0,  57.0,      ,     ,     ,     ,     ,     ,    ,      ,    6.0,   2.0,   5.0,     7.0,     2.0,        ,        ,        ,        ,        ,        ,      
howego01 , 1953,     1, DET , NHL , R  , 70.0, 33.0,  48.0,  81.0, 109.0,      ,     ,     ,     ,     ,     ,    ,      ,   12.0,   4.0,   5.0,     9.0,    31.0,        ,        ,        ,        ,        ,        ,      
howego01 , 1954,     1, DET , NHL , R  , 64.0, 29.0,  33.0,  62.0,  68.0,      ,     ,     ,     ,     ,     ,    ,      ,   11.0,   9.0,  11.0,    20.0,    24.0,        ,        ,        ,        ,        ,        ,      
howego01 , 1955,     1, DET , NHL , R  , 70.0, 38.0,  41.0,  79.0, 100.0,      ,     ,     ,     ,     ,     ,    ,      ,   10.0,   3.0,   9.0,    12.0,     8.0,        ,        ,        ,        ,        ,        ,      
howego01 , 1956,     1, DET , NHL , R  , 70.0, 44.0,  45.0,  89.0,  72.0,      ,     ,     ,     ,     ,     ,    ,      ,    5.0,   2.0,   5.0,     7.0,     6.0,        ,        ,        ,        ,        ,        ,      
howego01 , 1957,     1, DET , NHL , R  , 64.0, 33.0,  44.0,  77.0,  40.0,      ,     ,     ,     ,     ,     ,    ,      ,    4.0,   1.0,   1.0,     2.0,     0.0,        ,        ,        ,        ,        ,        ,      
howego01 , 1958,     1, DET , NHL , R  , 70.0, 32.0,  46.0,  78.0,  57.0,      ,     ,     ,     ,     ,     ,    ,      ,       ,      ,      ,        ,        ,        ,        ,        ,        ,        ,        ,      
howego01 , 1959,     1, DET , NHL , R  , 70.0, 28.0,  45.0,  73.0,  46.0,      ,     ,     ,     ,     ,     ,    ,      ,    6.0,   1.0,   5.0,     6.0,     4.0,        ,        ,        ,        ,        ,        ,      
howego01 , 1960,     1, DET , NHL , R  , 64.0, 23.0,  49.0,  72.0,  30.0,      ,     ,     ,     ,     ,     ,    ,      ,   11.0,   4.0,  11.0,    15.0,    10.0,        ,        ,        ,        ,        ,     2.0,      
howego01 , 1961,     1, DET , NHL , R  , 70.0, 33.0,  44.0,  77.0,  54.0,      ,     ,     ,     ,     ,     ,    ,      ,       ,      ,      ,        ,        ,        ,        ,        ,        ,        ,        ,      
howego01 , 1962,     1, DET , NHL , R  , 70.0, 38.0,  48.0,  86.0, 100.0,      ,     ,     ,     ,     ,     ,    ,      ,   11.0,   7.0,   9.0,    16.0,    22.0,        ,        ,        ,        ,        ,     1.0,      
howego01 , 1963,     1, DET , NHL , R  , 69.0, 26.0,  47.0,  73.0,  70.0,      , 12.0,     ,  1.0,     ,  3.0, 0.0,      ,   14.0,   9.0,  10.0,    19.0,    16.0,        ,        ,        ,        ,        ,     0.0,      
howego01 , 1964,     1, DET , NHL , R  , 70.0, 29.0,  47.0,  76.0, 104.0,      , 12.0,     ,  4.0,     ,  2.0, 1.0,      ,    7.0,   4.0,   2.0,     6.0,    20.0,        ,        ,        ,        ,        ,     1.0,      
howego01 , 1965,     1, DET , NHL , R  , 70.0, 29.0,  46.0,  75.0,  83.0,      ,  7.0,     ,  0.0,     ,  3.0, 0.0,      ,   12.0,   4.0,   6.0,    10.0,    12.0,        ,        ,        ,        ,        ,     1.0,      
howego01 , 1966,     1, DET , NHL , R  , 69.0, 25.0,  40.0,  65.0,  53.0,      ,  8.0,     ,  1.0,     ,  1.0, 1.0,      ,       ,      ,      ,        ,        ,        ,        ,        ,        ,        ,        ,      
howego01 , 1967,     1, DET , NHL , R  , 74.0, 39.0,  43.0,  82.0,  53.0, 12.0 , 10.0,     ,  0.0,     ,  4.0, 0.0, 301.0,       ,      ,      ,        ,        ,        ,        ,        ,        ,        ,        ,      
howego01 , 1968,     1, DET , NHL , R  , 76.0, 44.0,  59.0, 103.0,  58.0, 45.0 ,  9.0,     ,  0.0,     ,  6.0, 1.0, 283.0,       ,      ,      ,        ,        ,        ,        ,        ,        ,        ,        ,      
howego01 , 1969,     1, DET , NHL , R  , 76.0, 31.0,  40.0,  71.0,  58.0, 23.0 , 11.0,     ,  4.0,     ,  5.0, 0.0, 268.0,    4.0,   2.0,   0.0,     2.0,     2.0,        ,     1.0,        ,     0.0,        ,     0.0,      
howego01 , 1970,     1, DET , NHL , R  , 63.0, 23.0,  29.0,  52.0,  38.0, -2.0 ,  7.0,     ,  1.0,     ,  3.0, 1.0, 195.0,       ,      ,      ,        ,        ,        ,        ,        ,        ,        ,        ,      
howego01 , 1973,     1, HOU , WHA , R  , 70.0, 31.0,  69.0, 100.0,  46.0,      ,  9.0,     ,  3.0,     ,  5.0,    ,      ,   13.0,   3.0,  14.0,    17.0,    34.0,        ,        ,        ,        ,        ,     1.0,      
howego01 , 1974,     1, HOU , WHA , R  , 75.0, 34.0,  65.0,  99.0,  84.0, 40.0 ,  8.0,     ,  3.0,     ,     ,    , 255.0,   13.0,   8.0,  12.0,    20.0,    20.0,        ,        ,        ,        ,        ,     1.0,      
howego01 , 1975,     1, HOU , WHA , R  , 78.0, 32.0,  70.0, 102.0,  76.0, 14.0 , 12.0,     ,  1.0,     ,  4.0,    , 241.0,   17.0,   4.0,   8.0,    12.0,    31.0, 1.0    ,        ,        ,        ,        ,        ,      
howego01 , 1976,     1, HOU , WHA , R  , 62.0, 24.0,  44.0,  68.0,  57.0, 27.0 ,  5.0,     ,  1.0,     ,  3.0,    , 162.0,   11.0,   5.0,   3.0,     8.0,    11.0, 1.0    ,        ,        ,        ,        ,     0.0,      
howego01 , 1977,     1, NEW , WHA , R  , 76.0, 34.0,  62.0,  96.0,  85.0, 46.0 , 16.0,     ,  0.0,     ,     ,    , 163.0,   14.0,   5.0,   5.0,    10.0,    15.0, 0.0    ,        ,        ,        ,        ,     2.0,      
howego01 , 1978,     1, NEW , WHA , R  , 58.0, 19.0,  24.0,  43.0,  51.0, 9.0  ,  7.0,     ,  0.0,     ,     ,    , 117.0,   10.0,   3.0,   1.0,     4.0,     4.0, 1.0    ,        ,        ,        ,        ,     0.0,      
howego01 , 1979,     1, HAR , NHL , R  , 80.0, 15.0,  26.0,  41.0,  42.0, 9.0  ,  2.0,     ,  0.0,     ,  0.0, 1.0,  94.0,    3.0,   1.0,   1.0,     2.0,     2.0,        ,     0.0,        ,     0.0,        ,     0.0,      
howelha01, 1952,     1, NYR , NHL , D  , 67.0,  3.0,   8.0,  11.0,  46.0,      ,     ,     ,     ,     ,     ,    ,      ,       ,      ,      ,        ,        ,        ,        ,        ,        ,        ,        ,      
howelha01, 1953,     1, NYR , NHL , D  , 67.0,  7.0,   9.0,  16.0,  58.0,      ,     ,     ,     ,     ,     ,    ,      ,       ,      ,      ,        ,        ,        ,        ,        ,        ,        ,        ,      
howelha01, 1954,     1, NYR , NHL , D  , 70.0,  2.0,  14.0,  16.0,  87.0,      ,     ,     ,     ,     ,     ,    ,      ,       ,      ,      ,        ,        ,        ,        ,        ,        ,        ,        ,      
howelha01, 1955,     1, NYR , NHL , D  , 70.0,  3.0,  15.0,  18.0,  77.0,      ,     ,     ,     ,     ,     ,    ,      ,    5.0,   0.0,   1.0,     1.0,     4.0,        ,        ,        ,        ,        ,        ,      
howelha01, 1956,     1, NYR , NHL , D  , 65.0,  2.0,  10.0,  12.0,  70.0,      ,     ,     ,     ,     ,     ,    ,      ,    5.0,   1.0,   0.0,     1.0,     6.0,        ,        ,        ,        ,        ,        ,      
howelha01, 1957,     1, NYR , NHL , D  , 70.0,  4.0,   7.0,  11.0,  62.0,      ,     ,     ,     ,     ,     ,    ,      ,    6.0,   1.0,   0.0,     1.0,     8.0,        ,        ,        ,        ,        ,        ,      
howelha01, 1958,     1, NYR , NHL , D  , 70.0,  4.0,  10.0,  14.0, 101.0,      ,     ,     ,     ,     ,     ,    ,      ,       ,      ,      ,        ,        ,        ,        ,        ,        ,        ,        ,      
howelha01, 1959,     1, NYR , NHL , D  , 67.0,  7.0,   6.0,  13.0,  58.0,      ,     ,     ,     ,     ,     ,    ,      ,       ,      ,      ,        ,        ,        ,        ,        ,        ,        ,        ,      
howelha01, 1960,     1, NYR , NHL , D  , 70.0,  7.0,  10.0,  17.0,  62.0,      ,     ,     ,     ,     ,     ,    ,      ,       ,      ,      ,        ,        ,        ,        ,        ,        ,        ,        ,      
howelha01, 1961,     1, NYR , NHL , D  , 66.0,  6.0,  15.0,  21.0,  89.0,      ,     ,     ,     ,     ,     ,    ,      ,    6.0,   0.0,   1.0,     1.0,     8.0,        ,        ,        ,        ,        ,     0.0,      
howelha01, 1962,     1, NYR , NHL , D  , 70.0,  5.0,  20.0,  25.0,  55.0,      ,     ,     ,     ,     ,     ,    ,      ,       ,      ,      ,        ,        ,        ,        ,        ,        ,        ,        ,      
howelha01, 1963,     1, NYR , NHL , D  , 70.0,  5.0,  31.0,  36.0,  75.0,      ,  2.0,     ,  0.0,     ,  2.0, 0.0,      ,       ,      ,      ,        ,        ,        ,        ,        ,        ,        ,        ,      
howelha01, 1964,     1, NYR , NHL , D  , 68.0,  2.0,  20.0,  22.0,  63.0,      ,  0.0,     ,  0.0,     ,  0.0, 0.0,      ,       ,      ,      ,        ,        ,        ,        ,        ,        ,        ,        ,      
howelha01, 1965,     1, NYR , NHL , D  , 70.0,  4.0,  29.0,  33.0,  92.0,      ,  1.0,     ,  0.0,     ,  0.0, 0.0,      ,       ,      ,      ,        ,        ,        ,        ,        ,        ,        ,        ,      
howelha01, 1966,     1, NYR , NHL , D  , 70.0, 12.0,  28.0,  40.0,  54.0,      ,  2.0,     ,  0.0,     ,  0.0, 1.0,      ,    4.0,   0.0,   0.0,     0.0,     4.0,        ,        ,        ,        ,        ,     0.0,      
howelha01, 1967,     1, NYR , NHL , D  , 74.0,  5.0,  24.0,  29.0,  62.0, 12.0 ,  1.0,     ,  0.0,     ,  2.0, 1.0, 220.0,    6.0,   1.0,   0.0,     1.0,     0.0,        ,     1.0,        ,     0.0,        ,     1.0,      
howelha01, 1968,     1, NYR , NHL , D  , 56.0,  4.0,   7.0,  11.0,  36.0, 2.0  ,  1.0,     ,  0.0,     ,  1.0, 0.0, 140.0,    2.0,   0.0,   0.0,     0.0,     0.0,        ,     0.0,        ,     0.0,        ,     0.0,      
howelha01, 1969,     1, OAK , NHL , D  , 55.0,  4.0,  16.0,  20.0,  52.0, -14.0,  3.0,     ,  0.0,     ,  3.0, 0.0, 147.0,    4.0,   0.0,   1.0,     1.0,     2.0,        ,     0.0,        ,     0.0,        ,     0.0,      
howelha01, 1970,     1, CLF , NHL , D  , 28.0,  0.0,   9.0,   9.0,  14.0, -20.0,  0.0,     ,  0.0,     ,  0.0, 0.0,  51.0,       ,      ,      ,        ,        ,        ,        ,        ,        ,        ,        ,      
howelha01, 1970,     2, LAK , NHL , D  , 18.0,  3.0,   8.0,  11.0,   4.0, 1.0  ,  1.0,     ,  0.0,     ,  0.0, 0.0,  33.0,       ,      ,      ,        ,        ,        ,        ,        ,        ,        ,        ,      
howelha01, 1971,     1, LAK , NHL , D  , 77.0,  1.0,  17.0,  18.0,  53.0, -34.0,  0.0,     ,  0.0,     ,  0.0, 1.0, 138.0,       ,      ,      ,        ,        ,        ,        ,        ,        ,        ,        ,      
howelha01, 1972,     1, LAK , NHL , D  , 73.0,  4.0,  11.0,  15.0,  28.0, -4.0 ,  0.0,     ,  0.0,     ,  0.0, 2.0,  97.0,       ,      ,      ,        ,        ,        ,        ,        ,        ,        ,        ,      
howelha01, 1973,     1, NYJ , WHA , D  , 65.0,  3.0,  23.0,  26.0,  24.0,      ,  0.0,     ,  0.0,     ,  2.0,    ,      ,       ,      ,      ,        ,        ,        ,        ,        ,        ,        ,        ,      
howelha01, 1974,     1, SDM , WHA , D  , 74.0,  4.0,  10.0,  14.0,  28.0, 28.0 ,  0.0,     ,  1.0,     ,     ,    ,  78.0,    5.0,   1.0,   0.0,     1.0,    10.0,        ,        ,        ,        ,        ,     0.0,      
howelha01, 1975,     1, CAC , WHA , D  , 31.0,  0.0,   3.0,   3.0,   6.0, 4.0  ,  0.0,     ,  0.0,     ,  0.0,    ,  26.0,    2.0,   0.0,   0.0,     0.0,     2.0, 1.0    ,        ,        ,        ,        ,        ,      
howelro01, 1954,     1, NYR , NHL , L  ,  3.0,  0.0,   0.0,   0.0,   0.0,      ,     ,     ,     ,     ,     ,    ,      ,       ,      ,      ,        ,        ,        ,        ,        ,        ,        ,        ,      
howelro01, 1955,     1, NYR , NHL , L  ,  1.0,  0.0,   0.0,   0.0,   0.0,      ,     ,     ,     ,     ,     ,    ,      ,       ,      ,      ,        ,        ,        ,        ,        ,        ,        ,        ,      
howema01 , 1973,     1, HOU , WHA , L  , 76.0, 38.0,  41.0,  79.0,  20.0,      ,  5.0,     ,  5.0,     ,  3.0,    ,      ,   14.0,   9.0,  10.0,    19.0,     4.0,        ,        ,        ,        ,        ,     1.0,      
howema01 , 1974,     1, HOU , WHA , L  , 74.0, 36.0,  40.0,  76.0,  30.0, 40.0 ,  7.0,     ,  4.0,     ,     ,    , 256.0,   13.0,  10.0,  12.0,    22.0,     0.0,        ,        ,        ,        ,        ,     3.0,      
howema01 , 1975,     1, HOU , WHA , L  , 72.0, 39.0,  37.0,  76.0,  38.0, 29.0 , 13.0,     ,  6.0,     ,  8.0,    , 270.0,   17.0,   6.0,  10.0,    16.0,    18.0, 0.0    ,        ,        ,        ,        ,        ,      
howema01 , 1976,     1, HOU , WHA , L  , 57.0, 23.0,  52.0,  75.0,  46.0, 41.0 ,  5.0,     ,  3.0,     ,  8.0,    , 220.0,   11.0,   4.0,  10.0,    14.0,     2.0, 3.0    ,        ,        ,        ,        ,     1.0,      
howema01 , 1977,     1, NEW , WHA , L  , 70.0, 30.0,  61.0,  91.0,  32.0, 30.0 ,  4.0,     ,  0.0,     ,     ,    , 220.0,   14.0,   8.0,   7.0,    15.0,    18.0, 0.0    ,        ,        ,        ,        ,     0.0,      
howema01 , 1978,     1, NEW , WHA , L  , 77.0, 42.0,  65.0, 107.0,  32.0, 14.0 , 13.0,     ,  6.0,     ,     ,    , 314.0,    6.0,   4.0,   2.0,     6.0,     6.0, -2.0   ,        ,        ,        ,        ,     1.0,      
howema01 , 1979,     1, HAR , NHL , D  , 74.0, 24.0,  56.0,  80.0,  20.0, 14.0 ,  5.0,     ,  2.0,     ,  3.0, 1.0, 178.0,    3.0,   1.0,   2.0,     3.0,     2.0,        ,     0.0,        ,     0.0,        ,     0.0,      
howema01 , 1980,     1, HAR , NHL , L  , 63.0, 19.0,  46.0,  65.0,  54.0, 10.0 ,  7.0,     ,  2.0,     ,  3.0, 1.0, 172.0,       ,      ,      ,        ,        ,        ,        ,        ,        ,        ,        ,      
howema01 , 1981,     1, HAR , NHL , D  , 76.0,  8.0,  45.0,  53.0,  18.0, -8.0 ,  3.0,     ,  0.0,     ,  1.0, 0.0, 220.0,       ,      ,      ,        ,        ,        ,        ,        ,        ,        ,        ,      
howema01 , 1982,     1, PHI , NHL , D  , 76.0, 20.0,  47.0,  67.0,  18.0, 47.0 ,  5.0,     ,  5.0,     ,  4.0, 1.0, 219.0,    3.0,   0.0,   2.0,     2.0,     4.0,        ,     0.0,        ,     0.0,        ,     0.0,      
howema01 , 1983,     1, PHI , NHL , D  , 71.0, 19.0,  34.0,  53.0,  44.0, 30.0 ,  3.0,     ,  3.0,     ,  2.0, 1.0, 184.0,    3.0,   0.0,   0.0,     0.0,     2.0, 0.0    ,     0.0,        ,     0.0,        ,     0.0,    10.0
howema01 , 1984,     1, PHI , NHL , D  , 73.0, 18.0,  39.0,  57.0,  31.0, 51.0 ,  3.0,     ,  2.0,     ,  1.0, 0.0, 213.0,   19.0,   3.0,   8.0,    11.0,     6.0, 11.0   ,     1.0,        ,     0.0,        ,     1.0,    46.0
howema01 , 1985,     1, PHI , NHL , D  , 77.0, 24.0,  58.0,  82.0,  36.0, 85.0 ,  4.0,     ,  7.0,     ,  3.0, 0.0, 193.0,    5.0,   0.0,   4.0,     4.0,     0.0, 0.0    ,     0.0,        ,     0.0,        ,     0.0,    16.0
howema01 , 1986,     1, PHI , NHL , D  , 69.0, 15.0,  43.0,  58.0,  37.0, 57.0 ,  2.0,     ,  4.0,     ,  0.0, 0.0, 148.0,   26.0,   2.0,  10.0,    12.0,     4.0, 14.0   ,     0.0,        ,     0.0,        ,     0.0,    67.0
howema01 , 1987,     1, PHI , NHL , D  , 75.0, 19.0,  43.0,  62.0,  62.0, 23.0 ,  8.0, 17.0,  1.0,  4.0,  4.0, 0.0, 177.0,    7.0,   3.0,   6.0,     9.0,     4.0, 7.0    ,     0.0,     2.0,     0.0,     0.0,     0.0,    16.0
howema01 , 1988,     1, PHI , NHL , D  , 52.0,  9.0,  29.0,  38.0,  45.0, 7.0  ,  5.0, 13.0,  1.0,  2.0,  1.0, 0.0,  95.0,   19.0,   0.0,  15.0,    15.0,    10.0, 14.0   ,     0.0,     5.0,     0.0,     4.0,     0.0,    33.0
howema01 , 1989,     1, PHI , NHL , D  , 40.0,  7.0,  21.0,  28.0,  24.0, 22.0 ,  3.0,  8.0,  1.0,  1.0,  1.0, 0.0,  63.0,       ,      ,      ,        ,        ,        ,        ,        ,        ,        ,        ,      
howema01 , 1990,     1, PHI , NHL , D  , 19.0,  0.0,  10.0,  10.0,   8.0, 9.0  ,  0.0,  5.0,  0.0,  0.0,  0.0, 0.0,  40.0,       ,      ,      ,        ,        ,        ,        ,        ,        ,        ,        ,      
howema01 , 1991,     1, PHI , NHL , D  , 42.0,  7.0,  18.0,  25.0,  18.0, 18.0 ,  6.0,  7.0,  0.0,  0.0,  0.0, 0.0,  63.0,       ,      ,      ,        ,        ,        ,        ,        ,        ,        ,        ,      
howema01 , 1992,     1, DET , NHL , D  , 60.0,  3.0,  31.0,  34.0,  22.0, 22.0 ,  3.0, 17.0,  0.0,  0.0,  0.0, 0.0,  72.0,    7.0,   1.0,   3.0,     4.0,     2.0, 6.0    ,     0.0,     0.0,     0.0,     1.0,     0.0,     8.0
howema01 , 1993,     1, DET , NHL , D  , 44.0,  4.0,  20.0,  24.0,   8.0, 16.0 ,  1.0,  5.0,  0.0,  2.0,  0.0, 0.0,  72.0,    6.0,   0.0,   1.0,     1.0,     0.0, 0.0    ,     0.0,     1.0,     0.0,     0.0,     0.0,     2.0
howema01 , 1994,     1, DET , NHL , D  , 18.0,  1.0,   5.0,   6.0,  10.0, -3.0 ,  0.0,  3.0,  0.0,  0.0,  1.0, 0.0,  14.0,    3.0,   0.0,   0.0,     0.0,     0.0, 2.0    ,     0.0,     0.0,     0.0,     0.0,     0.0,     1.0
howema02 , 1973,     1, HOU , WHA , D  , 73.0,  4.0,  20.0,  24.0,  90.0,      ,  0.0,     ,  0.0,     ,  1.0,    ,      ,   14.0,   1.0,   5.0,     6.0,    31.0,        ,        ,        ,        ,        ,     0.0,      
howema02 , 1974,     1, HOU , WHA , D  , 75.0, 13.0,  21.0,  34.0,  89.0, 46.0 ,  0.0,     ,  1.0,     ,     ,    , 158.0,   11.0,   0.0,   2.0,     2.0,    11.0,        ,     0.0,        ,     0.0,        ,     0.0,      
howema02 , 1975,     1, HOU , WHA , D  , 80.0, 14.0,  23.0,  37.0,  81.0, 40.0 ,  0.0,     ,  0.0,     ,  2.0,    , 179.0,   16.0,   4.0,   4.0,     8.0,    12.0, -1.0   ,        ,        ,        ,        ,        ,      
howema02 , 1976,     1, HOU , WHA , D  , 80.0, 17.0,  28.0,  45.0, 103.0, 29.0 ,  3.0,     ,  0.0,     ,     ,    , 226.0,   11.0,   3.0,   1.0,     4.0,    10.0, -3.0   ,        ,        ,        ,        ,     1.0,      
howema02 , 1977,     1, NEW , WHA , D  , 75.0, 10.0,  10.0,  20.0,  66.0, 10.0 ,  1.0,     ,  0.0,     ,     ,    , 146.0,   14.0,   1.0,   1.0,     2.0,    13.0, -2.0   ,        ,        ,        ,        ,     1.0,      
howema02 , 1978,     1, NEW , WHA , D  , 66.0,  9.0,  15.0,  24.0,  31.0, 10.0 ,  1.0,     ,  0.0,     ,     ,    , 135.0,    9.0,   0.0,   1.0,     1.0,     8.0, -3.0   ,        ,        ,        ,        ,     0.0,      
howema02 , 1979,     1, HAR , NHL , D  ,  6.0,  0.0,   1.0,   1.0,   4.0, -2.0 ,  0.0,     ,  0.0,     ,  0.0, 0.0,   6.0,    3.0,   1.0,   1.0,     2.0,     0.0,        ,     0.0,        ,     0.0,        ,     0.0,      
howema02 , 1980,     1, HAR , NHL , D  , 12.0,  0.0,   1.0,   1.0,  25.0, -5.0 ,  0.0,     ,  0.0,     ,  0.0, 0.0,   3.0,       ,      ,      ,        ,        ,        ,        ,        ,        ,        ,        ,      
howema02 , 1981,     1, HAR , NHL , D  , 13.0,  0.0,   4.0,   4.0,   2.0, -4.0 ,  0.0,     ,  0.0,     ,  0.0, 0.0,  25.0,       ,      ,      ,        ,        ,        ,        ,        ,        ,        ,        ,      
howema02 , 1982,     1, BOS , NHL , D  , 78.0,  1.0,  11.0,  12.0,  24.0, 21.0 ,  0.0,     ,  0.0,     ,  0.0, 1.0,  68.0,   12.0,   0.0,   1.0,     1.0,     9.0,        ,     0.0,        ,     0.0,        ,     0.0,      
howema02 , 1983,     1, HAR , NHL , D  , 69.0,  0.0,  11.0,  11.0,  34.0, 1.0  ,  0.0,     ,  0.0,     ,  0.0, 0.0,  58.0,       ,      ,      ,        ,        ,        ,        ,        ,        ,        ,        ,      
howema02 , 1984,     1, HAR , NHL , D  , 19.0,  1.0,   1.0,   2.0,  10.0, -4.0 ,  0.0,     ,  0.0,     ,  0.0, 0.0,  23.0,       ,      ,      ,        ,        ,        ,        ,        ,        ,        ,        ,      
howesy01 , 1929,     1, OTS , NHL , L/C, 12.0,  1.0,   1.0,   2.0,   0.0,      ,     ,     ,     ,     ,     ,    ,      ,    2.0,   0.0,   0.0,     0.0,     0.0,        ,        ,        ,        ,        ,        ,      
howesy01 , 1930,     1, PHQ , NHL , L/C, 44.0,  9.0,  11.0,  20.0,  20.0,      ,     ,     ,     ,     ,     ,    ,      ,       ,      ,      ,        ,        ,        ,        ,        ,        ,        ,        ,      
howesy01 , 1931,     1, TOR , NHL , C  ,  3.0,  0.0,   0.0,   0.0,   0.0,      ,     ,     ,     ,     ,     ,    ,      ,       ,      ,      ,        ,        ,        ,        ,        ,        ,        ,        ,      
howesy01 , 1932,     1, OTS , NHL , L/C, 48.0, 12.0,  12.0,  24.0,  17.0,      ,     ,     ,     ,     ,     ,    ,      ,       ,      ,      ,        ,        ,        ,        ,        ,        ,        ,        ,      
howesy01 , 1933,     1, OTS , NHL , L/C, 42.0, 13.0,   7.0,  20.0,  18.0,      ,     ,     ,     ,     ,     ,    ,      ,       ,      ,      ,        ,        ,        ,        ,        ,        ,        ,        ,      
howesy01 , 1934,     1, STE , NHL , L/C, 36.0, 14.0,  13.0,  27.0,  23.0,      ,     ,     ,     ,     ,     ,    ,      ,       ,      ,      ,        ,        ,        ,        ,        ,        ,        ,        ,      
howesy01 , 1934,     2, DET , NHL , L/C, 14.0,  8.0,  12.0,  20.0,  11.0,      ,     ,     ,     ,     ,     ,    ,      ,       ,      ,      ,        ,        ,        ,        ,        ,        ,        ,        ,      
howesy01 , 1935,     1, DET , NHL , L/C, 48.0, 16.0,  14.0,  30.0,  26.0,      ,     ,     ,     ,     ,     ,    ,      ,    7.0,   3.0,   3.0,     6.0,     2.0,        ,        ,        ,        ,        ,        ,      
howesy01 , 1936,     1, DET , NHL , L/C, 45.0, 17.0,  10.0,  27.0,  10.0,      ,     ,     ,     ,     ,     ,    ,      ,   10.0,   2.0,   5.0,     7.0,     0.0,        ,        ,        ,        ,        ,        ,      
howesy01 , 1937,     1, DET , NHL , C  , 48.0,  8.0,  19.0,  27.0,  14.0,      ,     ,     ,     ,     ,     ,    ,      ,       ,      ,      ,        ,        ,        ,        ,        ,        ,        ,        ,      
howesy01 , 1938,     1, DET , NHL , L  , 48.0, 16.0,  20.0,  36.0,  11.0,      ,     ,     ,     ,     ,     ,    ,      ,    6.0,   3.0,   1.0,     4.0,     4.0,        ,        ,        ,        ,        ,        ,      
howesy01 , 1939,     1, DET , NHL , C  , 46.0, 14.0,  23.0,  37.0,  17.0,      ,     ,     ,     ,     ,     ,    ,      ,    5.0,   2.0,   2.0,     4.0,     2.0,        ,        ,        ,        ,        ,        ,      
howesy01 , 1940,     1, DET , NHL , C  , 48.0, 20.0,  24.0,  44.0,   8.0,      ,     ,     ,     ,     ,     ,    ,      ,    9.0,   1.0,   7.0,     8.0,     0.0,        ,        ,        ,        ,        ,        ,      
howesy01 , 1941,     1, DET , NHL , L  , 48.0, 16.0,  19.0,  35.0,   6.0,      ,     ,     ,     ,     ,     ,    ,      ,   12.0,   3.0,   5.0,     8.0,     0.0,        ,        ,        ,        ,        ,        ,      
howesy01 , 1942,     1, DET , NHL , C  , 50.0, 20.0,  35.0,  55.0,  10.0,      ,     ,     ,     ,     ,     ,    ,      ,    7.0,   1.0,   2.0,     3.0,     0.0,        ,        ,        ,        ,        ,        ,      
howesy01 , 1943,     1, DET , NHL , C  , 46.0, 32.0,  28.0,  60.0,   6.0,      ,     ,     ,     ,     ,     ,    ,      ,    5.0,   2.0,   2.0,     4.0,     0.0,        ,        ,        ,        ,        ,        ,      
howesy01 , 1944,     1, DET , NHL , C  , 46.0, 17.0,  36.0,  53.0,   6.0,      ,     ,     ,     ,     ,     ,    ,      ,    7.0,   0.0,   0.0,     0.0,     2.0,        ,        ,        ,        ,        ,        ,      
howesy01 , 1945,     1, DET , NHL , C  , 26.0,  4.0,   7.0,  11.0,   9.0,      ,     ,     ,     ,     ,     ,    ,      ,       ,      ,      ,        ,        ,        ,        ,        ,        ,        ,        ,      
howevi01 , 1950,     1, NYR , NHL , R  ,  3.0,  1.0,   0.0,   1.0,   0.0,      ,     ,     ,     ,     ,     ,    ,      ,       ,      ,      ,        ,        ,        ,        ,        ,        ,        ,        ,      
howevi01 , 1953,     1, NYR , NHL , R  ,  1.0,  0.0,   0.0,   0.0,   0.0,      ,     ,     ,     ,     ,     ,    ,      ,       ,      ,      ,        ,        ,        ,        ,        ,        ,        ,        ,      
howevi01 , 1954,     1, NYR , NHL , R  , 29.0,  2.0,   4.0,   6.0,  10.0,      ,     ,     ,     ,     ,     ,    ,      ,       ,      ,      ,        ,        ,        ,        ,        ,        ,        ,        ,      
howsedo01, 1979,     1, LAK , NHL , L  , 33.0,  2.0,   5.0,   7.0,   6.0, -16.0,  0.0,     ,  0.0,     ,  0.0, 0.0,  46.0,    2.0,   0.0,   0.0,     0.0,     0.0,        ,     0.0,        ,     0.0,        ,     0.0,      
howsosc01, 1984,     1, NYI , NHL , C  ,  8.0,  4.0,   1.0,   5.0,   2.0, 4.0  ,  1.0,     ,  0.0,     ,  0.0, 0.0,   6.0,       ,      ,      ,        ,        ,        ,        ,        ,        ,        ,        ,      
howsosc01, 1985,     1, NYI , NHL , C  , 10.0,  1.0,   2.0,   3.0,   2.0, 2.0  ,  0.0,     ,  0.0,     ,  0.0, 0.0,   8.0,       ,      ,      ,        ,        ,        ,        ,        ,        ,        ,        ,      
hoydada01, 1977,     1, PHI , NHL , L  , 41.0,  1.0,   3.0,   4.0, 119.0, -5.0 ,  0.0,     ,  0.0,     ,  0.0, 0.0,   8.0,    9.0,   0.0,   0.0,     0.0,    17.0,        ,     0.0,        ,     0.0,        ,     0.0,      
hoydada01, 1978,     1, PHI , NHL , L  , 67.0,  3.0,  13.0,  16.0, 138.0, 2.0  ,  0.0,     ,  0.0,     ,  0.0, 0.0,  37.0,    3.0,   0.0,   0.0,     0.0,     0.0,        ,     0.0,        ,     0.0,        ,     0.0,      
hoydada01, 1979,     1, WIN , NHL , L  , 15.0,  1.0,   1.0,   2.0,  35.0, -4.0 ,  0.0,     ,  0.0,     ,  0.0, 0.0,   7.0,       ,      ,      ,        ,        ,        ,        ,        ,        ,        ,        ,      
hoydada01, 1980,     1, WIN , NHL , L  ,  9.0,  1.0,   0.0,   1.0,   7.0, 0.0  ,  0.0,     ,  0.0,     ,  0.0, 0.0,   2.0,       ,      ,      ,        ,        ,        ,        ,        ,        ,        ,        ,      
hrdinja01, 1998,     1, PIT , NHL , C  , 82.0, 13.0,  29.0,  42.0,  40.0, -2.0 ,  3.0,  7.0,  0.0,  1.0,  2.0, 0.0,  94.0,   13.0,   4.0,   1.0,     5.0,    12.0, -1.0   ,     1.0,     0.0,     0.0,     0.0,     1.0,    14.0
hrdinja01, 1999,     1, PIT , NHL , C  , 70.0, 13.0,  33.0,  46.0,  43.0, 13.0 ,  3.0,  6.0,  0.0,  1.0,  1.0, 0.0,  84.0,    9.0,   4.0,   8.0,    12.0,     2.0, 9.0    ,     1.0,     2.0,     0.0,     0.0,     0.0,     9.0
hrdinja01, 2000,     1, PIT , NHL , C  , 78.0, 15.0,  28.0,  43.0,  48.0, 19.0 ,  3.0,  5.0,  0.0,  1.0,  1.0, 1.0,  89.0,   18.0,   2.0,   5.0,     7.0,     8.0, -4.0   ,     0.0,     0.0,     0.0,     0.0,     0.0,    13.0
hrdinja01, 2001,     1, PIT , NHL , L  , 79.0, 24.0,  33.0,  57.0,  50.0, -7.0 ,  6.0, 10.0,  0.0,  0.0,  6.0, 0.0, 115.0,       ,      ,      ,        ,        ,        ,        ,        ,        ,        ,        ,      
hrdinja01, 2002,     1, PIT , NHL , L  , 57.0, 14.0,  25.0,  39.0,  34.0, 1.0  , 11.0,  8.0,  0.0,  1.0,  4.0, 0.0,  84.0,       ,      ,      ,        ,        ,        ,        ,        ,        ,        ,        ,      
hrdinja01, 2002,     2, PHO , NHL , L  ,  4.0,  0.0,   4.0,   4.0,   8.0, 3.0  ,  0.0,  0.0,  0.0,  0.0,  0.0, 0.0,   2.0,       ,      ,      ,        ,        ,        ,        ,        ,        ,        ,        ,      
hrdinja01, 2003,     1, PHO , NHL , C  , 55.0, 11.0,  15.0,  26.0,  30.0, -10.0,  5.0,  4.0,  0.0,  0.0,  1.0, 1.0,  62.0,       ,      ,      ,        ,        ,        ,        ,        ,        ,        ,        ,      
hrdinja01, 2003,     2, NJD , NHL , C  , 13.0,  1.0,   6.0,   7.0,  10.0, 4.0  ,  0.0,  0.0,  0.0,  0.0,  0.0, 0.0,  11.0,    5.0,   2.0,   0.0,     2.0,     2.0, 0.0    ,     0.0,     0.0,     0.0,     0.0,     0.0,     7.0
hrdinja01, 2005,     1, CBS , NHL , C  , 75.0, 10.0,  23.0,  33.0,  78.0, -8.0 ,  4.0,  8.0,  1.0,  1.0,  0.0,    ,  78.0,       ,      ,      ,        ,        ,        ,        ,        ,        ,        ,        ,      
hrdinji01, 1987,     1, CAL , NHL , C  ,  9.0,  2.0,   5.0,   7.0,   2.0, 7.0  ,  0.0,  1.0,  0.0,  0.0,  0.0, 0.0,  13.0,    1.0,   0.0,   0.0,     0.0,     0.0, 0.0    ,     0.0,     0.0,     0.0,     0.0,     0.0,     3.0
hrdinji01, 1988,     1, CAL , NHL , C  , 70.0, 22.0,  32.0,  54.0,  26.0, 19.0 ,  6.0, 13.0,  0.0,  0.0,  2.0, 0.0, 147.0,    4.0,   0.0,   0.0,     0.0,     0.0, 0.0    ,     0.0,     0.0,     0.0,     0.0,     0.0,     4.0
hrdinji01, 1989,     1, CAL , NHL , C  , 64.0, 12.0,  18.0,  30.0,  31.0, 10.0 ,  0.0,  3.0,  0.0,  0.0,  3.0, 0.0,  96.0,    6.0,   0.0,   1.0,     1.0,     2.0, 0.0    ,     0.0,     0.0,     0.0,     0.0,     0.0,    10.0
hrdinji01, 1990,     1, CAL , NHL , C  , 14.0,  0.0,   3.0,   3.0,   4.0, -4.0 ,  0.0,     ,  0.0,     ,  0.0, 0.0,   8.0,       ,      ,      ,        ,        ,        ,        ,        ,        ,        ,        ,      
hrdinji01, 1990,     2, PIT , NHL , C  , 37.0,  6.0,  14.0,  20.0,  13.0, -2.0 ,  1.0,     ,  1.0,  0.0,  0.0, 0.0,  58.0,   14.0,   2.0,   2.0,     4.0,     6.0, 1.0    ,     0.0,     0.0,     0.0,     0.0,     1.0,     7.0
hrdinji01, 1991,     1, PIT , NHL , C  , 56.0,  3.0,  13.0,  16.0,  16.0, 4.0  ,  0.0,  0.0,  0.0,  0.0,  1.0, 0.0,  51.0,   21.0,   0.0,   2.0,     2.0,    16.0, -6.0   ,     0.0,     0.0,     0.0,     0.0,     0.0,    13.0
hrechda01, 1973,     1, CLF , NHL , L  ,  2.0,  0.0,   0.0,   0.0,   0.0, 1.0  ,  0.0,     ,  0.0,     ,  0.0, 0.0,   3.0,       ,      ,      ,        ,        ,        ,        ,        ,        ,        ,        ,      
hrechda01, 1974,     1, CLF , NHL , L  , 72.0, 29.0,  14.0,  43.0,  25.0, -17.0,  8.0,     ,  2.0,     ,  6.0, 2.0, 178.0,       ,      ,      ,        ,        ,        ,        ,        ,        ,        ,        ,      
hrechda01, 1975,     1, CLF , NHL , L  , 38.0,  9.0,   5.0,  14.0,  14.0, -15.0,  4.0,     ,  0.0,     ,  1.0, 0.0,  75.0,       ,      ,      ,        ,        ,        ,        ,        ,        ,        ,        ,      
hrechda01, 1975,     2, STL , NHL , L  , 13.0,  3.0,   3.0,   6.0,   0.0, 2.0  ,  1.0,     ,  0.0,     ,  0.0, 1.0,  20.0,    3.0,   1.0,   0.0,     1.0,     2.0,        ,     0.0,        ,     0.0,        ,     0.0,      
hrechda01, 1976,     1, STL , NHL , L  , 15.0,  1.0,   2.0,   3.0,   2.0, 0.0  ,  0.0,     ,  0.0,     ,  0.0, 0.0,   9.0,       ,      ,      ,        ,        ,        ,        ,        ,        ,        ,        ,      
hrivnji01, 1989,     1, WAS , NHL , G  , 11.0,  0.0,   1.0,   1.0,   0.0, 0.0  ,  0.0,     ,  0.0,     ,  0.0, 0.0,   0.0,       ,      ,      ,        ,        ,        ,        ,        ,        ,        ,        ,      
hrivnji01, 1990,     1, WAS , NHL , G  ,  9.0,  0.0,   0.0,   0.0,   0.0, 0.0  ,  0.0,  0.0,  0.0,  0.0,  0.0, 0.0,   0.0,       ,      ,      ,        ,        ,        ,        ,        ,        ,        ,        ,      
hrivnji01, 1991,     1, WAS , NHL , G  , 12.0,  0.0,   0.0,   0.0,   0.0, 0.0  ,  0.0,  0.0,  0.0,  0.0,  0.0, 0.0,   0.0,       ,      ,      ,        ,        ,        ,        ,        ,        ,        ,        ,      
hrivnji01, 1992,     1, WAS , NHL , G  , 27.0,  0.0,   3.0,   3.0,   0.0, 0.0  ,  0.0,  1.0,  0.0,  1.0,  0.0, 0.0,   0.0,       ,      ,      ,        ,        ,        ,        ,        ,        ,        ,        ,      
hrivnji01, 1992,     2, WIN , NHL , G  ,  3.0,  0.0,   0.0,   0.0,   0.0, 0.0  ,  0.0,  0.0,  0.0,  0.0,  0.0, 0.0,   0.0,       ,      ,      ,        ,        ,        ,        ,        ,        ,        ,        ,      
hrivnji01, 1993,     1, STL , NHL , G  , 23.0,  0.0,   1.0,   1.0,   2.0, 0.0  ,  0.0,  1.0,  0.0,  0.0,  0.0, 0.0,   0.0,       ,      ,      ,        ,        ,        ,        ,        ,        ,        ,        ,      
hrkacto01, 1986,     1, STL , NHL , C  ,     ,     ,      ,      ,      ,      ,     ,     ,     ,     ,     ,    ,      ,    3.0,   0.0,   0.0,     0.0,     0.0, 0.0    ,     0.0,        ,     0.0,        ,     0.0,     6.0
hrkacto01, 1987,     1, STL , NHL , C  , 67.0, 11.0,  37.0,  48.0,  22.0, 5.0  ,  2.0, 11.0,  1.0,  3.0,  3.0, 0.0,  86.0,   10.0,   6.0,   1.0,     7.0,     4.0, 1.0    ,     3.0,     1.0,     1.0,     0.0,     1.0,    21.0
hrkacto01, 1988,     1, STL , NHL , L  , 70.0, 17.0,  28.0,  45.0,   8.0, -10.0,  5.0, 13.0,  0.0,  1.0,  1.0, 0.0, 133.0,    4.0,   1.0,   1.0,     2.0,     0.0, -2.0   ,     0.0,     1.0,     0.0,     0.0,     1.0,     8.0
hrkacto01, 1989,     1, STL , NHL , C  , 28.0,  5.0,  12.0,  17.0,   8.0, 1.0  ,  1.0,  6.0,  0.0,  0.0,  0.0, 1.0,  41.0,       ,      ,      ,        ,        ,        ,        ,        ,        ,        ,        ,      
hrkacto01, 1989,     2, QUE , NHL , C  , 22.0,  4.0,   8.0,  12.0,   2.0, -5.0 ,  2.0,  4.0,  0.0,  0.0,  0.0, 0.0,  29.0,       ,      ,      ,        ,        ,        ,        ,        ,        ,        ,        ,      
hrkacto01, 1990,     1, QUE , NHL , L  , 70.0, 16.0,  32.0,  48.0,  16.0, -22.0,  6.0, 14.0,  0.0,  1.0,  0.0, 0.0, 122.0,       ,      ,      ,        ,        ,        ,        ,        ,        ,        ,        ,      
hrkacto01, 1991,     1, SJS , NHL , C  , 22.0,  2.0,  10.0,  12.0,   4.0, -2.0 ,  0.0,  5.0,  0.0,  0.0,  0.0, 0.0,  31.0,       ,      ,      ,        ,        ,        ,        ,        ,        ,        ,        ,      
hrkacto01, 1991,     2, CHI , NHL , C  , 18.0,  1.0,   2.0,   3.0,   6.0, 4.0  ,  0.0,  1.0,  0.0,  0.0,  0.0, 0.0,  22.0,    3.0,   0.0,   0.0,     0.0,     2.0, 0.0    ,     0.0,     0.0,     0.0,     0.0,     0.0,     2.0
hrkacto01, 1993,     1, STL , NHL , C  , 36.0,  6.0,   5.0,  11.0,   8.0, -11.0,  1.0,  1.0,  1.0,  0.0,  1.0, 0.0,  43.0,    4.0,   0.0,   0.0,     0.0,     0.0, -3.0   ,     0.0,     0.0,     0.0,     0.0,     0.0,    10.0
hrkacto01, 1997,     1, DAL , NHL , C  , 13.0,  5.0,   3.0,   8.0,   0.0, 0.0  ,  3.0,  1.0,  0.0,  0.0,  0.0, 0.0,  14.0,       ,      ,      ,        ,        ,        ,        ,        ,        ,        ,        ,      
hrkacto01, 1997,     2, EDM , NHL , C  , 36.0,  8.0,  11.0,  19.0,  10.0, 3.0  ,  4.0,  4.0,  0.0,  0.0,  1.0, 0.0,  43.0,   12.0,   0.0,   3.0,     3.0,     2.0, 2.0    ,     0.0,     0.0,     0.0,     0.0,     0.0,    11.0
hrkacto01, 1998,     1, DAL , NHL , C  , 69.0, 13.0,  14.0,  27.0,  26.0, 2.0  ,  2.0,  4.0,  0.0,  0.0,  2.0, 2.0,  67.0,    5.0,   0.0,   2.0,     2.0,     4.0, 3.0    ,     0.0,     0.0,     0.0,     0.0,     0.0,     3.0
hrkacto01, 1999,     1, NYI , NHL , C  ,  7.0,  0.0,   2.0,   2.0,   0.0, -1.0 ,  0.0,  1.0,  0.0,  0.0,  0.0, 0.0,   2.0,       ,      ,      ,        ,        ,        ,        ,        ,        ,        ,        ,      
hrkacto01, 1999,     2, ANA , NHL , C  , 60.0,  4.0,   7.0,  11.0,   8.0, -2.0 ,  1.0,  0.0,  0.0,  0.0,  0.0, 0.0,  37.0,       ,      ,      ,        ,        ,        ,        ,        ,        ,        ,        ,      
hrkacto01, 2000,     1, ANA , NHL , C  , 80.0, 13.0,  25.0,  38.0,  29.0, 0.0  ,  0.0, 10.0,  0.0,  0.0,  1.0, 0.0,  88.0,       ,      ,      ,        ,        ,        ,        ,        ,        ,        ,        ,      
hrkacto01, 2001,     1, ATL , NHL , L  , 80.0, 18.0,  26.0,  44.0,  12.0, -12.0,  5.0, 11.0,  1.0,  0.0,  2.0, 0.0, 101.0,       ,      ,      ,        ,        ,        ,        ,        ,        ,        ,        ,      
hrkacto01, 2002,     1, ATL , NHL , C  , 80.0,  9.0,  17.0,  26.0,  14.0, -16.0,  2.0,  5.0,  0.0,  0.0,  2.0, 0.0,  86.0,       ,      ,      ,        ,        ,        ,        ,        ,        ,        ,        ,      
hrudeke01, 1983,     1, NYI , NHL , G  , 12.0,  0.0,   0.0,   0.0,   0.0, 0.0  ,  0.0,     ,  0.0,     ,  0.0, 0.0,   0.0,       ,      ,      ,        ,        ,        ,        ,        ,        ,        ,        ,      
hrudeke01, 1984,     1, NYI , NHL , G  , 41.0,  0.0,   1.0,   1.0,  17.0, 0.0  ,  0.0,     ,  0.0,     ,  0.0, 0.0,   0.0,    5.0,   0.0,   0.0,     0.0,     0.0, 0.0    ,     0.0,        ,     0.0,        ,     0.0,     0.0
hrudeke01, 1985,     1, NYI , NHL , G  , 45.0,  0.0,   3.0,   3.0,  14.0, 0.0  ,  0.0,     ,  0.0,     ,  0.0, 0.0,   0.0,    2.0,   0.0,   0.0,     0.0,     4.0, 0.0    ,     0.0,        ,     0.0,        ,     0.0,     0.0
hrudeke01, 1986,     1, NYI , NHL , G  , 46.0,  0.0,   1.0,   1.0,  37.0, 0.0  ,  0.0,     ,  0.0,     ,  0.0, 0.0,   0.0,   14.0,   0.0,   0.0,     0.0,     0.0, 0.0    ,     0.0,        ,     0.0,        ,     0.0,     0.0
hrudeke01, 1987,     1, NYI , NHL , G  , 47.0,  0.0,   2.0,   2.0,  20.0, 0.0  ,  0.0,     ,  0.0,     ,  0.0, 0.0,   0.0,    6.0,   0.0,   0.0,     0.0,     2.0, 0.0    ,     0.0,     0.0,     0.0,     0.0,     0.0,     0.0
hrudeke01, 1988,     1, NYI , NHL , G  , 50.0,  0.0,   1.0,   1.0,  17.0, 0.0  ,  0.0,     ,  0.0,     ,  0.0, 0.0,   0.0,       ,      ,      ,        ,        ,        ,        ,        ,        ,        ,        ,      
hrudeke01, 1988,     2, LAK , NHL , G  , 16.0,  0.0,   2.0,   2.0,   2.0, 0.0  ,  0.0,     ,  0.0,     ,  0.0, 0.0,   0.0,   10.0,   0.0,   0.0,     0.0,     0.0, 0.0    ,     0.0,     0.0,     0.0,     0.0,     0.0,     0.0
hrudeke01, 1989,     1, LAK , NHL , G  , 52.0,  0.0,   0.0,   0.0,  18.0, 0.0  ,  0.0,  0.0,  0.0,  0.0,  0.0, 0.0,   0.0,    9.0,   0.0,   1.0,     1.0,     0.0, 0.0    ,     0.0,        ,     0.0,        ,     0.0,     0.0
hrudeke01, 1990,     1, LAK , NHL , G  , 47.0,  0.0,   0.0,   0.0,  14.0, 0.0  ,  0.0,  0.0,  0.0,  0.0,  0.0, 0.0,   0.0,   12.0,   0.0,   0.0,     0.0,     2.0, 0.0    ,     0.0,     0.0,     0.0,     0.0,     0.0,     0.0
hrudeke01, 1991,     1, LAK , NHL , G  , 60.0,  0.0,   1.0,   1.0,  12.0, 0.0  ,  0.0,  0.0,  0.0,  0.0,  0.0, 0.0,   0.0,    6.0,   0.0,   0.0,     0.0,     0.0, 0.0    ,     0.0,     0.0,     0.0,     0.0,     0.0,     0.0
hrudeke01, 1992,     1, LAK , NHL , G  , 50.0,  0.0,   4.0,   4.0,  10.0, 0.0  ,  0.0,  1.0,  0.0,  0.0,  0.0, 0.0,   0.0,   20.0,   0.0,   0.0,     0.0,     2.0, 0.0    ,     0.0,     0.0,     0.0,     0.0,     0.0,     0.0
hrudeke01, 1993,     1, LAK , NHL , G  , 64.0,  0.0,   1.0,   1.0,   6.0, 0.0  ,  0.0,  0.0,  0.0,  0.0,  0.0, 0.0,   0.0,       ,      ,      ,        ,        ,        ,        ,        ,        ,        ,        ,      
hrudeke01, 1994,     1, LAK , NHL , G  , 35.0,  0.0,   0.0,   0.0,   0.0, 0.0  ,  0.0,  0.0,  0.0,  0.0,  0.0, 0.0,   0.0,       ,      ,      ,        ,        ,        ,        ,        ,        ,        ,        ,      
hrudeke01, 1995,     1, LAK , NHL , G  , 36.0,  0.0,   0.0,   0.0,   4.0, 0.0  ,  0.0,  0.0,  0.0,  0.0,  0.0, 0.0,   0.0,       ,      ,      ,        ,        ,        ,        ,        ,        ,        ,        ,      
hrudeke01, 1996,     1, SJS , NHL , G  , 48.0,  0.0,   0.0,   0.0,   0.0, 0.0  ,  0.0,  0.0,  0.0,  0.0,  0.0, 0.0,   0.0,       ,      ,      ,        ,        ,        ,        ,        ,        ,        ,        ,      
hrudeke01, 1997,     1, SJS , NHL , G  , 28.0,  0.0,   0.0,   0.0,   2.0, 0.0  ,  0.0,  0.0,  0.0,  0.0,  0.0, 0.0,   0.0,    1.0,   0.0,   0.0,     0.0,     0.0, 0.0    ,     0.0,     0.0,     0.0,     0.0,     0.0,     0.0
hrycuji01, 1974,     1, WAS , NHL , C  , 21.0,  5.0,   5.0,  10.0,  12.0, -12.0,  1.0,     ,  0.0,     ,  0.0, 1.0,  29.0,       ,      ,      ,        ,        ,        ,        ,        ,        ,        ,        ,      
hrymnst01, 1951,     1, CHI , NHL , D  , 18.0,  2.0,   1.0,   3.0,   4.0,      ,     ,     ,     ,     ,     ,    ,      ,       ,      ,      ,        ,        ,        ,        ,        ,        ,        ,        ,      
hrymnst01, 1952,     1, DET , NHL , D  ,     ,     ,      ,      ,      ,      ,     ,     ,     ,     ,     ,    ,      ,    2.0,   0.0,   0.0,     0.0,     0.0,        ,        ,        ,        ,        ,        ,      
hryneti01, 1982,     1, PIT , NHL , L  , 30.0,  2.0,   3.0,   5.0,  48.0, -6.0 ,  0.0,     ,  0.0,     ,  0.0, 0.0,  22.0,       ,      ,      ,        ,        ,        ,        ,        ,        ,        ,        ,      
hryneti01, 1983,     1, PIT , NHL , L  , 25.0,  4.0,   5.0,   9.0,  34.0, -10.0,  0.0,     ,  0.0,     ,  2.0, 0.0,  24.0,       ,      ,      ,        ,        ,        ,        ,        ,        ,        ,        ,      
huardbi01, 1992,     1, BOS , NHL , L  ,  2.0,  0.0,   0.0,   0.0,   0.0, 0.0  ,  0.0,  0.0,  0.0,  0.0,  0.0, 0.0,   0.0,       ,      ,      ,        ,        ,        ,        ,        ,        ,        ,        ,      
huardbi01, 1993,     1, OTT , NHL , L  , 63.0,  2.0,   2.0,   4.0, 162.0, -19.0,  0.0,  0.0,  0.0,  0.0,  0.0, 0.0,  24.0,       ,      ,      ,        ,        ,        ,        ,        ,        ,        ,        ,      
huardbi01, 1994,     1, OTT , NHL , L  , 26.0,  1.0,   1.0,   2.0,  64.0, -2.0 ,  0.0,  0.0,  0.0,  0.0,  0.0, 0.0,  15.0,       ,      ,      ,        ,        ,        ,        ,        ,        ,        ,        ,      
huardbi01, 1994,     2, QUE , NHL , L  ,  7.0,  2.0,   2.0,   4.0,  13.0, 2.0  ,  0.0,  0.0,  0.0,  0.0,  0.0, 1.0,   6.0,    1.0,   0.0,   0.0,     0.0,     0.0, -1.0   ,     0.0,     0.0,     0.0,     0.0,     0.0,     0.0
huardbi01, 1995,     1, DAL , NHL , L  , 51.0,  6.0,   6.0,  12.0, 176.0, 3.0  ,  0.0,  0.0,  0.0,  0.0,  0.0, 0.0,  34.0,       ,      ,      ,        ,        ,        ,        ,        ,        ,        ,        ,      
huardbi01, 1996,     1, DAL , NHL , L  , 40.0,  5.0,   6.0,  11.0, 105.0, 5.0  ,  0.0,  0.0,  0.0,  0.0,  0.0, 0.0,  34.0,       ,      ,      ,        ,        ,        ,        ,        ,        ,        ,        ,      
huardbi01, 1997,     1, EDM , NHL , L  , 30.0,  0.0,   1.0,   1.0,  72.0, -5.0 ,  0.0,  0.0,  0.0,  0.0,  0.0, 0.0,  12.0,    4.0,   0.0,   0.0,     0.0,     2.0, 0.0    ,     0.0,     0.0,     0.0,     0.0,     0.0,     3.0
huardbi01, 1998,     1, EDM , NHL , L  ,  3.0,  0.0,   0.0,   0.0,   0.0, 0.0  ,  0.0,  0.0,  0.0,  0.0,  0.0, 0.0,   2.0,       ,      ,      ,        ,        ,        ,        ,        ,        ,        ,        ,      
huardbi01, 1999,     1, LAK , NHL , L  ,  1.0,  0.0,   0.0,   0.0,   2.0, 0.0  ,  0.0,  0.0,  0.0,  0.0,  0.0, 0.0,   0.0,       ,      ,      ,        ,        ,        ,        ,        ,        ,        ,        ,      
huardro01, 1930,     1, TOR , NHL , L  ,  1.0,  1.0,   0.0,   1.0,   0.0,      ,     ,     ,     ,     ,     ,    ,      ,       ,      ,      ,        ,        ,        ,        ,        ,        ,        ,        ,      
hubacpe01, 2000,     1, PHI , NHL , C  ,  6.0,  1.0,   0.0,   1.0,   2.0, -1.0 ,  0.0,  0.0,  0.0,  0.0,  0.0, 0.0,   5.0,       ,      ,      ,        ,        ,        ,        ,        ,        ,        ,        ,      
huberwi01, 1978,     1, DET , NHL , D  , 68.0,  7.0,  24.0,  31.0, 114.0, -25.0,  4.0,     ,  0.0,     ,  2.0, 0.0, 153.0,       ,      ,      ,        ,        ,        ,        ,        ,        ,        ,        ,      
huberwi01, 1979,     1, DET , NHL , D  , 76.0, 17.0,  23.0,  40.0, 164.0, -26.0,  4.0,     ,  2.0,     ,  2.0, 1.0, 197.0,       ,      ,      ,        ,        ,        ,        ,        ,        ,        ,        ,      
huberwi01, 1980,     1, DET , NHL , D  , 80.0, 15.0,  34.0,  49.0, 130.0, -28.0,  3.0,     ,  0.0,     ,  0.0, 2.0, 207.0,       ,      ,      ,        ,        ,        ,        ,        ,        ,        ,        ,      
huberwi01, 1981,     1, DET , NHL , D  , 74.0, 15.0,  30.0,  45.0,  98.0, -16.0,  5.0,     ,  0.0,     ,  2.0, 0.0, 270.0,       ,      ,      ,        ,        ,        ,        ,        ,        ,        ,        ,      
huberwi01, 1982,     1, DET , NHL , D  , 74.0, 14.0,  29.0,  43.0, 106.0, -34.0,  3.0,     ,  0.0,     ,  1.0, 1.0, 241.0,       ,      ,      ,        ,        ,        ,        ,        ,        ,        ,        ,      
huberwi01, 1983,     1, NYR , NHL , D  , 42.0,  9.0,  14.0,  23.0,  60.0, -14.0,  4.0,     ,  1.0,     ,  1.0, 0.0,  92.0,    4.0,   1.0,   1.0,     2.0,     9.0, -2.0   ,     0.0,        ,     0.0,        ,     0.0,    11.0
huberwi01, 1984,     1, NYR , NHL , D  , 49.0,  3.0,  11.0,  14.0,  55.0, -20.0,  1.0,     ,  0.0,     ,  0.0, 0.0,  75.0,    2.0,   1.0,   0.0,     1.0,     2.0, -1.0   ,     1.0,        ,     0.0,        ,     0.0,     4.0
huberwi01, 1985,     1, NYR , NHL , D  , 70.0,  7.0,   8.0,  15.0,  85.0, -11.0,  1.0,     ,  0.0,     ,  2.0, 0.0, 124.0,   16.0,   3.0,   2.0,     5.0,    16.0, -5.0   ,     2.0,        ,     0.0,        ,     0.0,    25.0
huberwi01, 1986,     1, NYR , NHL , D  , 66.0,  8.0,  22.0,  30.0,  68.0, -13.0,  3.0,     ,  1.0,     ,  0.0, 0.0, 117.0,    6.0,   0.0,   2.0,     2.0,     6.0, -6.0   ,     0.0,        ,     0.0,        ,     0.0,    11.0
huberwi01, 1987,     1, NYR , NHL , D  , 11.0,  1.0,   3.0,   4.0,  14.0, -4.0 ,  0.0,     ,  0.0,  0.0,  0.0, 0.0,  18.0,       ,      ,      ,        ,        ,        ,        ,        ,        ,        ,        ,      
huberwi01, 1987,     2, VAN , NHL , D  , 35.0,  4.0,  10.0,  14.0,  40.0, -10.0,  2.0,     ,  0.0,  0.0,  0.0, 0.0,  79.0,       ,      ,      ,        ,        ,        ,        ,        ,        ,        ,        ,      
huberwi01, 1987,     3, PHI , NHL , D  , 10.0,  4.0,   9.0,  13.0,  16.0, -2.0 ,  3.0,     ,  0.0,  0.0,  0.0, 1.0,  14.0,    5.0,   0.0,   0.0,     0.0,     2.0, -3.0   ,     0.0,     0.0,     0.0,     0.0,     0.0,     6.0
hubicgr01, 1975,     1, TOR , NHL , D  , 72.0,  6.0,   8.0,  14.0,  10.0, 0.0  ,  0.0,     ,  0.0,     ,  1.0, 1.0,  54.0,       ,      ,      ,        ,        ,        ,        ,        ,        ,        ,        ,      
hubicgr01, 1979,     1, VAN , NHL , D  ,  5.0,  0.0,   1.0,   1.0,   0.0, -1.0 ,  0.0,     ,  0.0,     ,  0.0, 0.0,   4.0,       ,      ,      ,        ,        ,        ,        ,        ,        ,        ,        ,      
huckfr01 , 1969,     1, MTL , NHL , C  ,  2.0,  0.0,   0.0,   0.0,   0.0, 0.0  ,  0.0,     ,  0.0,     ,  0.0, 0.0,   2.0,       ,      ,      ,        ,        ,        ,        ,        ,        ,        ,        ,      
huckfr01 , 1970,     1, MTL , NHL , C  ,  5.0,  1.0,   2.0,   3.0,   0.0, 3.0  ,  0.0,     ,  0.0,     ,  0.0, 0.0,   8.0,       ,      ,      ,        ,        ,        ,        ,        ,        ,        ,        ,      
huckfr01 , 1970,     2, STL , NHL , C  , 29.0,  7.0,   8.0,  15.0,  18.0, 1.0  ,  2.0,     ,  0.0,     ,  1.0, 0.0,  43.0,    6.0,   1.0,   2.0,     3.0,     2.0,        ,     0.0,        ,     0.0,        ,     0.0,      
huckfr01 , 1972,     1, STL , NHL , C  , 58.0, 16.0,  20.0,  36.0,  20.0, -1.0 ,  2.0,     ,  0.0,     ,  2.0, 1.0,  82.0,    5.0,   2.0,   2.0,     4.0,     0.0,        ,     1.0,        ,     0.0,        ,     0.0,      
huckfr01 , 1973,     1, WIJ , WHA , C  , 74.0, 26.0,  48.0,  74.0,  68.0,      ,  2.0,     ,  2.0,     ,  8.0,    ,      ,    4.0,   0.0,   0.0,     0.0,     2.0,        ,        ,        ,        ,        ,     0.0,      
huckfr01 , 1974,     1, MFS , WHA , C  , 78.0, 22.0,  45.0,  67.0,  26.0, 7.0  ,  2.0,     ,  3.0,     ,  4.0,    , 184.0,   12.0,   3.0,  13.0,    16.0,     6.0,        ,        ,        ,        ,        ,     2.0,      
huckfr01 , 1975,     1, MFS , WHA , C  , 59.0, 17.0,  32.0,  49.0,  27.0, 9.0  ,     ,     ,     ,     ,     ,    , 115.0,       ,      ,      ,        ,        ,        ,        ,        ,        ,        ,        ,      
huckfr01 , 1976,     1, WIJ , WHA , C  , 12.0,  2.0,   2.0,   4.0,  10.0, -1.0 ,  0.0,     ,  0.0,     ,     ,    ,  15.0,    7.0,   0.0,   2.0,     2.0,     6.0, -1.0   ,     0.0,        ,     0.0,        ,     0.0,      
huckfr01 , 1977,     1, WIJ , WHA , C  ,  5.0,  0.0,   0.0,   0.0,   2.0, -2.0 ,  0.0,     ,  0.0,     ,     ,    ,   4.0,       ,      ,      ,        ,        ,        ,        ,        ,        ,        ,        ,      
huculfr01, 1950,     1, CHI , NHL , D  ,  3.0,  1.0,   0.0,   1.0,   2.0,      ,     ,     ,     ,     ,     ,    ,      ,       ,      ,      ,        ,        ,        ,        ,        ,        ,        ,        ,      
huculfr01, 1951,     1, CHI , NHL , D  , 34.0,  3.0,   7.0,  10.0,  37.0,      ,     ,     ,     ,     ,     ,    ,      ,       ,      ,      ,        ,        ,        ,        ,        ,        ,        ,        ,      
huculfr01, 1952,     1, CHI , NHL , D  , 57.0,  5.0,   7.0,  12.0,  25.0,      ,     ,     ,     ,     ,     ,    ,      ,    6.0,   1.0,   0.0,     1.0,    10.0,        ,        ,        ,        ,        ,        ,      
huculfr01, 1953,     1, CHI , NHL , D  , 27.0,  0.0,   3.0,   3.0,  19.0,      ,     ,     ,     ,     ,     ,    ,      ,       ,      ,      ,        ,        ,        ,        ,        ,        ,        ,        ,      
huculfr01, 1967,     1, STL , NHL , D  , 43.0,  2.0,  13.0,  15.0,  30.0, -3.0 ,  1.0,     ,  0.0,     ,  0.0, 0.0,  85.0,       ,      ,      ,        ,        ,        ,        ,        ,        ,        ,        ,      
huddych01, 1980,     1, EDM , NHL , D  , 12.0,  2.0,   5.0,   7.0,   6.0, 1.0  ,  1.0,     ,  0.0,     ,  0.0, 0.0,  23.0,       ,      ,      ,        ,        ,        ,        ,        ,        ,        ,        ,      
huddych01, 1981,     1, EDM , NHL , D  , 41.0,  4.0,  11.0,  15.0,  48.0, 17.0 ,  0.0,     ,  0.0,     ,  0.0, 1.0,  84.0,    5.0,   1.0,   2.0,     3.0,    14.0,        ,     0.0,        ,     1.0,        ,     0.0,      
huddych01, 1982,     1, EDM , NHL , D  , 76.0, 20.0,  37.0,  57.0,  58.0, 62.0 ,  7.0,     ,  0.0,     ,  2.0, 0.0, 151.0,   15.0,   1.0,   6.0,     7.0,    10.0,        ,     0.0,        ,     0.0,        ,     0.0,      
huddych01, 1983,     1, EDM , NHL , D  , 75.0,  8.0,  34.0,  42.0,  43.0, 50.0 ,  3.0,     ,  0.0,     ,  0.0, 0.0, 161.0,   12.0,   1.0,   9.0,    10.0,     8.0, 18.0   ,     0.0,        ,     0.0,        ,     0.0,    35.0
huddych01, 1984,     1, EDM , NHL , D  , 80.0,  7.0,  44.0,  51.0,  46.0, 50.0 ,  3.0,     ,  0.0,     ,  1.0, 1.0, 146.0,   18.0,   3.0,  17.0,    20.0,    17.0, 20.0   ,     1.0,        ,     0.0,        ,     0.0,    50.0
huddych01, 1985,     1, EDM , NHL , D  , 76.0,  6.0,  35.0,  41.0,  55.0, 30.0 ,  1.0,     ,  0.0,     ,  0.0, 0.0, 151.0,    7.0,   0.0,   2.0,     2.0,     0.0, 3.0    ,     0.0,        ,     0.0,        ,     0.0,     5.0
huddych01, 1986,     1, EDM , NHL , D  , 58.0,  4.0,  15.0,  19.0,  35.0, 27.0 ,  0.0,     ,  0.0,     ,  0.0, 0.0,  75.0,   21.0,   1.0,   7.0,     8.0,    21.0, 12.0   ,     0.0,        ,     0.0,        ,     0.0,    34.0
huddych01, 1987,     1, EDM , NHL , D  , 77.0, 13.0,  28.0,  41.0,  71.0, 23.0 ,  2.0, 13.0,  0.0,  1.0,  2.0, 1.0, 163.0,   13.0,   4.0,   5.0,     9.0,    10.0, 2.0    ,     2.0,     2.0,     0.0,     0.0,     0.0,    33.0
huddych01, 1988,     1, EDM , NHL , D  , 76.0, 11.0,  33.0,  44.0,  52.0, 0.0  ,  5.0, 15.0,  2.0,  1.0,  0.0, 0.0, 178.0,    7.0,   2.0,   0.0,     2.0,     4.0, -2.0   ,     1.0,     0.0,     0.0,     0.0,     0.0,    17.0
huddych01, 1989,     1, EDM , NHL , D  , 70.0,  1.0,  23.0,  24.0,  56.0, -13.0,  1.0,  8.0,  0.0,  1.0,  1.0, 0.0, 119.0,   22.0,   0.0,   6.0,     6.0,    10.0, 11.0   ,     0.0,     0.0,     0.0,     0.0,     0.0,    35.0
huddych01, 1990,     1, EDM , NHL , D  , 53.0,  5.0,  22.0,  27.0,  32.0, 4.0  ,  2.0,  2.0,  0.0,  1.0,  0.0, 0.0,  90.0,   18.0,   3.0,   7.0,    10.0,    10.0, 9.0    ,     1.0,     1.0,     0.0,     0.0,     0.0,    35.0
huddych01, 1991,     1, LAK , NHL , D  , 56.0,  4.0,  19.0,  23.0,  43.0, -10.0,  2.0,  7.0,  1.0,  0.0,  0.0, 0.0, 109.0,    6.0,   1.0,   1.0,     2.0,    10.0, -2.0   ,     0.0,     0.0,     0.0,     0.0,     1.0,    12.0
huddych01, 1992,     1, LAK , NHL , D  , 82.0,  2.0,  25.0,  27.0,  64.0, 16.0 ,  0.0,  3.0,  0.0,  2.0,  1.0, 0.0, 106.0,   23.0,   1.0,   4.0,     5.0,    12.0, 9.0    ,     0.0,     0.0,     0.0,     0.0,     0.0,    26.0
huddych01, 1993,     1, LAK , NHL , D  , 79.0,  5.0,  13.0,  18.0,  71.0, 4.0  ,  1.0,  4.0,  0.0,  1.0,  0.0, 0.0, 134.0,       ,      ,      ,        ,        ,        ,        ,        ,        ,        ,        ,      
huddych01, 1994,     1, LAK , NHL , D  ,  9.0,  0.0,   1.0,   1.0,   6.0, -6.0 ,  0.0,  0.0,  0.0,  0.0,  0.0, 0.0,  11.0,       ,      ,      ,        ,        ,        ,        ,        ,        ,        ,        ,      
huddych01, 1994,     2, BUF , NHL , D  , 32.0,  2.0,   4.0,   6.0,  36.0, -1.0 ,  1.0,  1.0,  0.0,  0.0,  0.0, 0.0,  40.0,    3.0,   0.0,   0.0,     0.0,     0.0, 1.0    ,     0.0,     0.0,     0.0,     0.0,     0.0,     5.0
huddych01, 1995,     1, BUF , NHL , D  , 52.0,  5.0,   5.0,  10.0,  59.0, -5.0 ,  2.0,  0.0,  0.0,  0.0,  1.0, 0.0,  57.0,       ,      ,      ,        ,        ,        ,        ,        ,        ,        ,        ,      
huddych01, 1995,     2, STL , NHL , D  , 12.0,  0.0,   0.0,   0.0,   6.0, -7.0 ,  0.0,  0.0,  0.0,  0.0,  0.0, 0.0,  13.0,   13.0,   1.0,   0.0,     1.0,     8.0, 1.0    ,     0.0,     0.0,     0.0,     0.0,     0.0,    14.0
huddych01, 1996,     1, BUF , NHL , D  ,  1.0,  0.0,   0.0,   0.0,   0.0, -1.0 ,  0.0,  0.0,  0.0,  0.0,  0.0, 0.0,   0.0,       ,      ,      ,        ,        ,        ,        ,        ,        ,        ,        ,      
hudleji01, 2003,     1, DET , NHL , C  , 12.0,  1.0,   2.0,   3.0,  10.0, -1.0 ,  1.0,  0.0,  0.0,  0.0,  0.0, 0.0,   8.0,       ,      ,      ,        ,        ,        ,        ,        ,        ,        ,        ,      
hudleji01, 2005,     1, DET , NHL , C  ,  4.0,  0.0,   0.0,   0.0,   2.0, 0.0  ,  0.0,  0.0,  0.0,  0.0,  0.0,    ,   3.0,       ,      ,      ,        ,        ,        ,        ,        ,        ,        ,        ,      
hudleji01, 2006,     1, DET , NHL , C  , 76.0, 15.0,  10.0,  25.0,  36.0, 16.0 ,  3.0,  2.0,  0.0,  0.0,  4.0,    , 107.0,    6.0,   0.0,   2.0,     2.0,     4.0, 2.0    ,     0.0,     1.0,     0.0,     0.0,     0.0,     6.0
hudleji01, 2007,     1, DET , NHL , R  , 81.0, 13.0,  29.0,  42.0,  26.0, 11.0 ,  3.0, 12.0,  0.0,  0.0,  2.0,    , 131.0,   22.0,   5.0,   9.0,    14.0,    14.0, -1.0   ,     2.0,     4.0,     0.0,     0.0,     2.0,    46.0
hudleji01, 2008,     1, DET , NHL , R  , 82.0, 23.0,  34.0,  57.0,  16.0, 7.0  ,  6.0, 22.0,  0.0,  0.0,  2.0,    , 155.0,   23.0,   4.0,   8.0,    12.0,     6.0, 4.0    ,     2.0,     4.0,     0.0,     0.0,     1.0,    36.0
hudsoda01, 1972,     1, NYI , NHL , C  , 69.0, 12.0,  19.0,  31.0,  17.0, -39.0,  4.0,     ,  0.0,     ,  0.0, 0.0, 111.0,       ,      ,      ,        ,        ,        ,        ,        ,        ,        ,        ,      
hudsoda01, 1973,     1, NYI , NHL , C  , 63.0,  2.0,  10.0,  12.0,   7.0, -6.0 ,  0.0,     ,  0.0,     ,  0.0, 0.0,  43.0,       ,      ,      ,        ,        ,        ,        ,        ,        ,        ,        ,      
hudsoda01, 1974,     1, KCS , NHL , C  , 70.0,  9.0,  32.0,  41.0,  27.0, -19.0,  2.0,     ,  0.0,     ,  1.0, 0.0, 115.0,       ,      ,      ,        ,        ,        ,        ,        ,        ,        ,        ,      
hudsoda01, 1975,     1, KCS , NHL , C  , 74.0, 11.0,  20.0,  31.0,  12.0, -28.0,  2.0,     ,  0.0,     ,  0.0, 0.0, 114.0,       ,      ,      ,        ,        ,        ,        ,        ,        ,        ,        ,      
hudsoda01, 1976,     1, COR , NHL , C  , 73.0, 15.0,  21.0,  36.0,  14.0, -3.0 ,  1.0,     ,  0.0,     ,  2.0, 4.0,  89.0,       ,      ,      ,        ,        ,        ,        ,        ,        ,        ,        ,      
hudsoda01, 1977,     1, COR , NHL , C  , 60.0, 10.0,  22.0,  32.0,  12.0, -5.0 ,  1.0,     ,  0.0,     ,  0.0, 3.0,  89.0,    2.0,   1.0,   1.0,     2.0,     0.0,        ,     0.0,        ,     0.0,        ,     0.0,      
hudsole01, 1978,     1, PIT , NHL , D  ,  2.0,  0.0,   0.0,   0.0,   0.0, 0.0  ,  0.0,     ,  0.0,     ,  0.0, 0.0,   1.0,    2.0,   0.0,   0.0,     0.0,     0.0,        ,     0.0,        ,     0.0,        ,     0.0,      
hudsomi01, 1988,     1, CHI , NHL , C  , 41.0,  7.0,  16.0,  23.0,  20.0, -12.0,  0.0,  3.0,  1.0,  0.0,  0.0, 0.0,  45.0,   10.0,   1.0,   2.0,     3.0,    18.0, -5.0   ,     1.0,     0.0,     0.0,     0.0,     0.0,    16.0
hudsomi01, 1989,     1, CHI , NHL , C  , 49.0,  9.0,  12.0,  21.0,  56.0, -3.0 ,  0.0,  0.0,  0.0,  0.0,  3.0, 0.0,  51.0,    4.0,   0.0,   0.0,     0.0,     2.0, -2.0   ,     0.0,     0.0,     0.0,     0.0,     0.0,     1.0
hudsomi01, 1990,     1, CHI , NHL , C  , 55.0,  7.0,   9.0,  16.0,  62.0, 5.0  ,  0.0,  0.0,  0.0,  1.0,  1.0, 0.0,  53.0,    6.0,   0.0,   2.0,     2.0,     8.0, 1.0    ,     0.0,     0.0,     0.0,     0.0,     0.0,     5.0
hudsomi01, 1991,     1, CHI , NHL , C  , 76.0, 14.0,  15.0,  29.0,  92.0, -11.0,  2.0,  1.0,  1.0,  0.0,  2.0, 0.0,  97.0,   16.0,   3.0,   5.0,     8.0,    26.0, 1.0    ,     0.0,     2.0,     0.0,     0.0,     0.0,    26.0
hudsomi01, 1992,     1, CHI , NHL , C  , 36.0,  1.0,   6.0,   7.0,  44.0, -6.0 ,  0.0,  1.0,  0.0,  1.0,  0.0, 0.0,  33.0,       ,      ,      ,        ,        ,        ,        ,        ,        ,        ,        ,      
hudsomi01, 1992,     2, EDM , NHL , C  ,  5.0,  0.0,   1.0,   1.0,   2.0, -1.0 ,  0.0,  0.0,  0.0,  0.0,  0.0, 0.0,   2.0,       ,      ,      ,        ,        ,        ,        ,        ,        ,        ,        ,      
hudsomi01, 1993,     1, NYR , NHL , C  , 48.0,  4.0,   7.0,  11.0,  47.0, -5.0 ,  0.0,  0.0,  0.0,  0.0,  1.0, 0.0,  48.0,       ,      ,      ,        ,        ,        ,        ,        ,        ,        ,        ,      
hudsomi01, 1994,     1, PIT , NHL , L  , 40.0,  2.0,   9.0,  11.0,  34.0, -1.0 ,  0.0,  0.0,  0.0,  0.0,  1.0, 0.0,  33.0,   11.0,   0.0,   0.0,     0.0,     6.0, -3.0   ,     0.0,     0.0,     0.0,     0.0,     0.0,     2.0
hudsomi01, 1995,     1, TOR , NHL , R  , 27.0,  2.0,   0.0,   2.0,  29.0, -5.0 ,  0.0,  0.0,  0.0,  0.0,  0.0, 0.0,  27.0,       ,      ,      ,        ,        ,        ,        ,        ,        ,        ,        ,      
hudsomi01, 1995,     2, STL , NHL , R  , 32.0,  3.0,  12.0,  15.0,  26.0, 7.0  ,  0.0,  1.0,  0.0,  0.0,  0.0, 0.0,  32.0,    2.0,   0.0,   1.0,     1.0,     4.0, 1.0    ,     0.0,     0.0,     0.0,     0.0,     0.0,     0.0
hudsomi01, 1996,     1, PHO , NHL , C  ,  7.0,  0.0,   0.0,   0.0,   2.0, -4.0 ,  0.0,  0.0,  0.0,  0.0,  0.0, 0.0,   9.0,       ,      ,      ,        ,        ,        ,        ,        ,        ,        ,        ,      
hudsoro01, 1937,     1, DET , NHL , R  , 32.0,  5.0,   2.0,   7.0,   2.0,      ,     ,     ,     ,     ,     ,    ,      ,       ,      ,      ,        ,        ,        ,        ,        ,        ,        ,        ,      
hudsoro01, 1939,     1, DET , NHL , R  ,  1.0,  0.0,   0.0,   0.0,   0.0,      ,     ,     ,     ,     ,     ,    ,      ,       ,      ,      ,        ,        ,        ,        ,        ,        ,        ,        ,      
huetcr01 , 2002,     1, LAK , NHL , G  , 12.0,  0.0,   0.0,   0.0,   0.0, 0.0  ,  0.0,  0.0,  0.0,  0.0,  0.0, 0.0,   0.0,       ,      ,      ,        ,        ,        ,        ,        ,        ,        ,        ,      
huetcr01 , 2003,     1, LAK , NHL , G  , 41.0,  0.0,   0.0,   0.0,   4.0, 0.0  ,  0.0,  0.0,  0.0,  0.0,  0.0, 0.0,   0.0,       ,      ,      ,        ,        ,        ,        ,        ,        ,        ,        ,      
huetcr01 , 2005,     1, MTL , NHL , G  , 36.0,  0.0,   0.0,   0.0,   0.0, 0.0  ,  0.0,  0.0,  0.0,  0.0,  0.0,    ,   0.0,    6.0,   0.0,   0.0,     0.0,     0.0, 0.0    ,     0.0,     0.0,     0.0,     0.0,     0.0,     0.0
huetcr01 , 2006,     1, MTL , NHL , G  , 42.0,  0.0,   1.0,   1.0,   0.0, 0.0  ,  0.0,  0.0,  0.0,  1.0,  0.0,    ,   0.0,       ,      ,      ,        ,        ,        ,        ,        ,        ,        ,        ,      
huetcr01 , 2007,     1, MTL , NHL , G  , 39.0,  0.0,   1.0,   1.0,   0.0, 0.0  ,  0.0,  0.0,  0.0,  0.0,  0.0,    ,   1.0,       ,      ,      ,        ,        ,        ,        ,        ,        ,        ,        ,      
huetcr01 , 2007,     2, WAS , NHL , G  , 13.0,  0.0,   1.0,   1.0,   0.0, 0.0  ,  0.0,  0.0,  0.0,  0.0,  0.0,    ,   0.0,    7.0,   0.0,   0.0,     0.0,     2.0, 0.0    ,     0.0,     0.0,     0.0,     0.0,     0.0,     0.0
huetcr01 , 2008,     1, CHI , NHL , G  , 41.0,  0.0,   0.0,   0.0,   2.0, 0.0  ,  0.0,  0.0,  0.0,  0.0,  0.0,    ,   0.0,    3.0,   0.0,   0.0,     0.0,     0.0, 0.0    ,     0.0,     0.0,     0.0,     0.0,     0.0,     0.0
huetcr01 , 2009,     1, CHI , NHL , G  , 48.0,  0.0,   0.0,   0.0,   4.0, 0.0  ,  0.0,  0.0,  0.0,  0.0,  0.0,    ,   0.0,    1.0,   0.0,   0.0,     0.0,     0.0, 0.0    ,     0.0,     0.0,     0.0,     0.0,     0.0,     0.0
huffmke01, 1986,     1, PHI , NHL , D  ,  9.0,  0.0,   0.0,   0.0,   2.0, 5.0  ,  0.0,     ,  0.0,     ,  0.0, 0.0,   3.0,       ,      ,      ,        ,        ,        ,        ,        ,        ,        ,        ,      
huffmke01, 1987,     1, PHI , NHL , D  , 52.0,  6.0,  17.0,  23.0,  34.0, -11.0,  3.0,  7.0,  0.0,  0.0,  2.0, 0.0,  84.0,    2.0,   0.0,   0.0,     0.0,     0.0, 0.0    ,     0.0,     0.0,     0.0,     0.0,     0.0,     1.0
huffmke01, 1988,     1, PHI , NHL , D  , 29.0,  0.0,  11.0,  11.0,  31.0, 0.0  ,  0.0,  7.0,  0.0,  0.0,  0.0, 0.0,  23.0,       ,      ,      ,        ,        ,        ,        ,        ,        ,        ,        ,      
huffmke01, 1989,     1, PHI , NHL , D  , 43.0,  1.0,  12.0,  13.0,  34.0, -3.0 ,  0.0, 10.0,  0.0,  0.0,  0.0, 0.0,  70.0,       ,      ,      ,        ,        ,        ,        ,        ,        ,        ,        ,      
huffmke01, 1990,     1, PHI , NHL , D  , 10.0,  1.0,   2.0,   3.0,  10.0, 1.0  ,  0.0,  1.0,  0.0,  0.0,  1.0, 0.0,  14.0,       ,      ,      ,        ,        ,        ,        ,        ,        ,        ,        ,      
huffmke01, 1991,     1, PHI , NHL , D  , 60.0, 14.0,  18.0,  32.0,  41.0, 1.0  ,  4.0,  7.0,  0.0,  1.0,  2.0, 0.0, 123.0,       ,      ,      ,        ,        ,        ,        ,        ,        ,        ,        ,      
huffmke01, 1992,     1, QUE , NHL , D  , 52.0,  4.0,  18.0,  22.0,  54.0, 0.0  ,  3.0,  8.0,  0.0,  0.0,  0.0, 0.0,  86.0,    3.0,   0.0,   0.0,     0.0,     0.0, -2.0   ,     0.0,     0.0,     0.0,     0.0,     0.0,     4.0
huffmke01, 1993,     1, QUE , NHL , D  , 28.0,  0.0,   6.0,   6.0,  28.0, 2.0  ,  0.0,  2.0,  0.0,  0.0,  0.0, 0.0,  44.0,       ,      ,      ,        ,        ,        ,        ,        ,        ,        ,        ,      
huffmke01, 1993,     2, OTT , NHL , D  , 34.0,  4.0,   8.0,  12.0,  12.0, -30.0,  2.0,  4.0,  1.0,  0.0,  0.0, 1.0,  68.0,       ,      ,      ,        ,        ,        ,        ,        ,        ,        ,        ,      
huffmke01, 1994,     1, OTT , NHL , D  , 37.0,  2.0,   4.0,   6.0,  46.0, -17.0,  2.0,  1.0,  0.0,  0.0,  0.0, 0.0,  68.0,       ,      ,      ,        ,        ,        ,        ,        ,        ,        ,        ,      
huffmke01, 1995,     1, OTT , NHL , D  , 43.0,  4.0,  11.0,  15.0,  63.0, -18.0,  3.0,  8.0,  0.0,  0.0,  0.0, 0.0,  88.0,       ,      ,      ,        ,        ,        ,        ,        ,        ,        ,        ,      
huffmke01, 1995,     2, PHI , NHL , D  ,  4.0,  1.0,   1.0,   2.0,   6.0, 0.0  ,  0.0,  1.0,  0.0,  0.0,  1.0, 0.0,   3.0,    6.0,   0.0,   0.0,     0.0,     2.0, 0.0    ,     0.0,     0.0,     0.0,     0.0,     0.0,     8.0
huggial01, 1930,     1, MTM , NHL , C  , 20.0,  1.0,   1.0,   2.0,   2.0,      ,     ,     ,     ,     ,     ,    ,      ,       ,      ,      ,        ,        ,        ,        ,        ,        ,        ,        ,      
hugheal01, 1930,     1, NYA , NHL , C  , 42.0,  5.0,   7.0,  12.0,  14.0,      ,     ,     ,     ,     ,     ,    ,      ,       ,      ,      ,        ,        ,        ,        ,        ,        ,        ,        ,      
hugheal01, 1931,     1, NYA , NHL , C  , 18.0,  1.0,   1.0,   2.0,   8.0,      ,     ,     ,     ,     ,     ,    ,      ,       ,      ,      ,        ,        ,        ,        ,        ,        ,        ,        ,      
hughebi01, 1972,     1, HOU , WHA , G  ,  3.0,  0.0,   0.0,   0.0,   2.0,      ,  0.0,     ,  0.0,     ,     ,    ,      ,       ,      ,      ,        ,        ,        ,        ,        ,        ,        ,        ,      
hughebr01, 1967,     1, LAK , NHL , D  , 44.0,  4.0,  10.0,  14.0,  36.0, 15.0 ,  2.0,     ,  0.0,     ,  0.0, 0.0,  72.0,    7.0,   0.0,   0.0,     0.0,    10.0,        ,     0.0,        ,     0.0,        ,     0.0,      
hughebr01, 1968,     1, LAK , NHL , D  , 72.0,  2.0,  19.0,  21.0,  73.0, -16.0,  0.0,     ,  0.0,     ,  0.0, 0.0, 116.0,   11.0,   1.0,   3.0,     4.0,    37.0,        ,     0.0,        ,     0.0,        ,     0.0,      
hughebr01, 1969,     1, LAK , NHL , D  , 52.0,  1.0,   7.0,   8.0, 108.0, -33.0,  0.0,     ,  0.0,     ,  0.0, 0.0,  64.0,       ,      ,      ,        ,        ,        ,        ,        ,        ,        ,        ,      
hughebr01, 1970,     1, PHI , NHL , D  , 30.0,  1.0,  10.0,  11.0,  21.0, -6.0 ,  0.0,     ,  0.0,     ,  0.0, 0.0,  37.0,    4.0,   0.0,   0.0,     0.0,     6.0,        ,     0.0,        ,     0.0,        ,     0.0,      
hughebr01, 1971,     1, PHI , NHL , D  , 63.0,  2.0,  20.0,  22.0,  35.0, 6.0  ,  0.0,     ,  0.0,     ,  0.0, 0.0,  93.0,       ,      ,      ,        ,        ,        ,        ,        ,        ,        ,        ,      
hughebr01, 1972,     1, PHI , NHL , D  , 29.0,  2.0,  11.0,  13.0,  32.0, -8.0 ,  0.0,     ,  0.0,     ,  0.0, 0.0,  40.0,       ,      ,      ,        ,        ,        ,        ,        ,        ,        ,        ,      
hughebr01, 1972,     2, STL , NHL , D  ,  8.0,  1.0,   1.0,   2.0,   0.0, 1.0  ,  0.0,     ,  0.0,     ,  0.0, 0.0,  16.0,       ,      ,      ,        ,        ,        ,        ,        ,        ,        ,        ,      
hughebr01, 1973,     1, STL , NHL , D  ,  2.0,  0.0,   0.0,   0.0,   0.0, 0.0  ,  0.0,     ,  0.0,     ,  0.0, 0.0,   0.0,       ,      ,      ,        ,        ,        ,        ,        ,        ,        ,        ,      
hughebr01, 1973,     2, DET , NHL , D  , 69.0,  1.0,  21.0,  22.0,  92.0, -28.0,  0.0,     ,  0.0,     ,  0.0, 0.0,  74.0,       ,      ,      ,        ,        ,        ,        ,        ,        ,        ,        ,      
hughebr01, 1974,     1, KCS , NHL , D  , 66.0,  1.0,  18.0,  19.0,  43.0, -51.0,  0.0,     ,  0.0,     ,  0.0, 0.0,  80.0,       ,      ,      ,        ,        ,        ,        ,        ,        ,        ,        ,      
hughebr01, 1975,     1, SDM , WHA , D  , 78.0,  7.0,  28.0,  35.0,  63.0, 6.0  ,  1.0,     ,  0.0,     ,  0.0,    , 104.0,   10.0,   1.0,   5.0,     6.0,     6.0, -9.0   ,        ,        ,        ,        ,        ,      
hughebr01, 1976,     1, SDM , WHA , D  , 62.0,  4.0,  13.0,  17.0,  48.0, -3.0 ,  0.0,     ,  0.0,     ,     ,    ,  54.0,    7.0,   0.0,   4.0,     4.0,     0.0, 5.0    ,     0.0,        ,     0.0,        ,     0.0,      
hughebr01, 1977,     1, BIR , WHA , D  , 80.0,  9.0,  35.0,  44.0,  48.0, 12.0 ,  3.0,     ,  0.0,     ,     ,    , 109.0,    5.0,   0.0,   0.0,     0.0,    12.0, -3.0   ,        ,        ,        ,        ,     0.0,      
hughebr01, 1978,     1, BIR , WHA , D  , 48.0,  3.0,   3.0,   6.0,  21.0, -9.0 ,  1.0,     ,  0.0,     ,     ,    ,  40.0,       ,      ,      ,        ,        ,        ,        ,        ,        ,        ,        ,      
hughebr02, 1988,     1, WIN , NHL , L  , 28.0,  3.0,   2.0,   5.0,  82.0, -7.0 ,  0.0,  0.0,  1.0,  0.0,  0.0, 0.0,  37.0,       ,      ,      ,        ,        ,        ,        ,        ,        ,        ,        ,      
hughebr02, 1989,     1, WIN , NHL , L  , 11.0,  1.0,   2.0,   3.0,  33.0, -4.0 ,  0.0,  0.0,  0.0,  0.0,  1.0, 0.0,   7.0,       ,      ,      ,        ,        ,        ,        ,        ,        ,        ,        ,      
hughebr02, 1991,     1, BOS , NHL , L  ,  8.0,  1.0,   1.0,   2.0,  38.0, 1.0  ,  0.0,  0.0,  0.0,  0.0,  1.0, 0.0,  10.0,   10.0,   2.0,   0.0,     2.0,    20.0, -3.0   ,     0.0,     0.0,     0.0,     0.0,     0.0,     5.0
hughebr02, 1992,     1, BOS , NHL , L  , 62.0,  5.0,   4.0,   9.0, 191.0, -4.0 ,  0.0,  0.0,  0.0,  0.0,  0.0, 0.0,  54.0,    1.0,   0.0,   0.0,     0.0,     2.0, 0.0    ,     0.0,     0.0,     0.0,     0.0,     0.0,     0.0
hughebr02, 1993,     1, BOS , NHL , L  , 77.0, 13.0,  11.0,  24.0, 143.0, 10.0 ,  1.0,  0.0,  0.0,  0.0,  1.0, 0.0, 100.0,   13.0,   2.0,   1.0,     3.0,    27.0, -3.0   ,     0.0,     0.0,     0.0,     0.0,     1.0,    17.0
hughebr02, 1994,     1, BOS , NHL , L  , 44.0,  6.0,   6.0,  12.0, 139.0, 6.0  ,  0.0,  0.0,  0.0,  0.0,  0.0, 0.0,  75.0,    5.0,   0.0,   0.0,     0.0,     4.0, -2.0   ,     0.0,     0.0,     0.0,     0.0,     0.0,     7.0
hughebr02, 1995,     1, BUF , NHL , L  , 76.0,  5.0,  10.0,  15.0, 148.0, -9.0 ,  0.0,  0.0,  0.0,  0.0,  0.0, 0.0,  56.0,       ,      ,      ,        ,        ,        ,        ,        ,        ,        ,        ,      
hughebr02, 1996,     1, NYI , NHL , R  , 51.0,  7.0,   3.0,  10.0,  57.0, -4.0 ,  0.0,  0.0,  0.0,  0.0,  0.0, 0.0,  47.0,       ,      ,      ,        ,        ,        ,        ,        ,        ,        ,        ,      
hughefr01, 1971,     1, CLF , NHL , L  ,  5.0,  0.0,   0.0,   0.0,   0.0, -2.0 ,  0.0,     ,  0.0,     ,  0.0, 0.0,   1.0,       ,      ,      ,        ,        ,        ,        ,        ,        ,        ,        ,      
hughefr01, 1972,     1, HOU , WHA , R  , 77.0, 22.0,  19.0,  41.0,  41.0,      ,  4.0,     ,  0.0,     ,     ,    ,      ,   10.0,   4.0,   4.0,     8.0,     2.0,        ,     3.0,        ,     0.0,        ,     0.0,      
hughefr01, 1973,     1, HOU , WHA , R  , 73.0, 42.0,  42.0,  84.0,  47.0,      , 13.0,     ,  0.0,     ,  3.0,    ,      ,   14.0,   9.0,   5.0,    14.0,     9.0,        ,        ,        ,        ,        ,     1.0,      
hughefr01, 1974,     1, HOU , WHA , R  , 76.0, 48.0,  35.0,  83.0,  35.0, 32.0 , 15.0,     ,  0.0,     ,     ,    , 206.0,   13.0,   6.0,   6.0,    12.0,     2.0,        ,        ,        ,        ,        ,     1.0,      
hughefr01, 1975,     1, HOU , WHA , R  , 80.0, 31.0,  45.0,  76.0,  26.0, 12.0 , 12.0,     ,  0.0,     ,  6.0,    , 165.0,   17.0,   5.0,   1.0,     6.0,    20.0, -6.0   ,        ,        ,        ,        ,        ,      
hughefr01, 1976,     1, HOU , WHA , R  , 27.0,  3.0,   8.0,  11.0,   2.0, -5.0 ,  0.0,     ,  0.0,     ,     ,    ,  40.0,       ,      ,      ,        ,        ,        ,        ,        ,        ,        ,        ,      
hughefr01, 1976,     2, PHR , WHA , R  , 48.0, 24.0,  29.0,  53.0,  20.0, 5.0  ,  3.0,     ,  0.0,     ,     ,    , 158.0,       ,      ,      ,        ,        ,        ,        ,        ,        ,        ,        ,      
hughefr01, 1977,     1, HOU , WHA , R  , 11.0,  3.0,   2.0,   5.0,   2.0, -10.0,  0.0,     ,  0.0,     ,     ,    ,  29.0,       ,      ,      ,        ,        ,        ,        ,        ,        ,        ,        ,      
hugheho01, 1967,     1, LAK , NHL , R  , 74.0,  9.0,  14.0,  23.0,  20.0, 1.0  ,  1.0,     ,  1.0,     ,  2.0, 0.0, 119.0,    7.0,   2.0,   0.0,     2.0,     0.0,        ,     1.0,        ,     0.0,        ,     0.0,      
hugheho01, 1968,     1, LAK , NHL , R  , 73.0, 16.0,  14.0,  30.0,  10.0, -3.0 ,  5.0,     ,  0.0,     ,  3.0, 0.0, 161.0,    7.0,   0.0,   0.0,     0.0,     2.0,        ,     0.0,        ,     0.0,        ,     0.0,      
hugheho01, 1969,     1, LAK , NHL , R  , 21.0,  0.0,   4.0,   4.0,   0.0, -6.0 ,  0.0,     ,  0.0,     ,  0.0, 0.0,  18.0,       ,      ,      ,        ,        ,        ,        ,        ,        ,        ,        ,      
hugheja01, 1929,     1, DTC , NHL , D  , 40.0,  0.0,   1.0,   1.0,  48.0,      ,     ,     ,     ,     ,     ,    ,      ,       ,      ,      ,        ,        ,        ,        ,        ,        ,        ,        ,      
hugheja02, 1980,     1, COR , NHL , D  , 38.0,  2.0,   5.0,   7.0,  91.0, -22.0,  1.0,     ,  0.0,     ,  0.0, 0.0,  20.0,       ,      ,      ,        ,        ,        ,        ,        ,        ,        ,        ,      
hugheja02, 1981,     1, COR , NHL , D  ,  8.0,  0.0,   0.0,   0.0,  13.0, -7.0 ,  0.0,     ,  0.0,     ,  0.0, 0.0,   1.0,       ,      ,      ,        ,        ,        ,        ,        ,        ,        ,        ,      
hughejo01, 1974,     1, PHR , WHA , D  , 72.0,  4.0,  25.0,  29.0, 201.0, 49.0 ,  2.0,     ,  0.0,     ,     ,    ,  91.0,       ,      ,      ,        ,        ,        ,        ,        ,        ,        ,        ,      
hughejo01, 1975,     1, CIN , WHA , D  , 79.0,  3.0,  34.0,  37.0, 204.0, -3.0 ,  0.0,     ,  0.0,     ,  0.0,    , 171.0,       ,      ,      ,        ,        ,        ,        ,        ,        ,        ,        ,      
hughejo01, 1976,     1, CIN , WHA , D  , 79.0,  3.0,  27.0,  30.0, 113.0, 15.0 ,  0.0,     ,  0.0,     ,     ,    , 107.0,    4.0,   0.0,   0.0,     0.0,     8.0, -5.0   ,     0.0,        ,     0.0,        ,     0.0,      
hughejo01, 1977,     1, HOU , WHA , D  , 79.0,  3.0,  25.0,  28.0, 130.0, 20.0 ,  1.0,     ,  0.0,     ,     ,    ,  62.0,    6.0,   1.0,   1.0,     2.0,     6.0, 2.0    ,        ,        ,        ,        ,     0.0,      
hughejo01, 1978,     1, IND , WHA , D  , 22.0,  3.0,   4.0,   7.0,  48.0, -16.0,  0.0,     ,  0.0,     ,     ,    ,  24.0,       ,      ,      ,        ,        ,        ,        ,        ,        ,        ,        ,      
hughejo01, 1978,     2, EDO , WHA , D  , 41.0,  2.0,  15.0,  17.0,  82.0, 22.0 ,  0.0,     ,  0.0,     ,     ,    ,  43.0,   13.0,   1.0,   0.0,     1.0,    35.0, 4.0    ,        ,        ,        ,        ,     0.0,      
hughejo01, 1979,     1, VAN , NHL , D  , 52.0,  2.0,  11.0,  13.0, 181.0, 0.0  ,  0.0,     ,  0.0,     ,  0.0, 0.0,  49.0,    4.0,   0.0,   0.0,     0.0,    10.0,        ,     0.0,        ,     0.0,        ,     0.0,      
hughejo01, 1980,     1, EDM , NHL , D  , 18.0,  0.0,   3.0,   3.0,  30.0, -6.0 ,  0.0,     ,  0.0,     ,  0.0, 0.0,   9.0,       ,      ,      ,        ,        ,        ,        ,        ,        ,        ,        ,      
hughejo01, 1980,     2, NYR , NHL , D  ,     ,     ,      ,      ,      ,      ,     ,     ,     ,     ,     ,    ,      ,    3.0,   0.0,   1.0,     1.0,     6.0,        ,     0.0,        ,     0.0,        ,     0.0,      
hughepa01, 1977,     1, MTL , NHL , R  ,  3.0,  0.0,   0.0,   0.0,   2.0, -2.0 ,  0.0,     ,  0.0,     ,  0.0, 0.0,   5.0,       ,      ,      ,        ,        ,        ,        ,        ,        ,        ,        ,      
hughepa01, 1978,     1, MTL , NHL , R  , 41.0,  9.0,   8.0,  17.0,  22.0, 7.0  ,  1.0,     ,  0.0,     ,  1.0, 0.0,  51.0,    8.0,   1.0,   2.0,     3.0,     4.0,        ,     0.0,        ,     0.0,        ,     0.0,      
hughepa01, 1979,     1, PIT , NHL , R  , 76.0, 18.0,  14.0,  32.0,  78.0, -38.0,  5.0,     ,  0.0,     ,  0.0, 1.0, 159.0,    5.0,   0.0,   0.0,     0.0,    21.0,        ,     0.0,        ,     0.0,        ,     0.0,      
hughepa01, 1980,     1, PIT , NHL , R  , 58.0, 10.0,   9.0,  19.0, 161.0, -9.0 ,  0.0,     ,  0.0,     ,  2.0, 0.0,  89.0,       ,      ,      ,        ,        ,        ,        ,        ,        ,        ,        ,      
hughepa01, 1980,     2, EDM , NHL , R  ,  2.0,  0.0,   0.0,   0.0,   0.0, -3.0 ,  0.0,     ,  0.0,     ,  0.0, 0.0,   3.0,    5.0,   0.0,   0.0,     0.0,     4.0,        ,     0.0,        ,     0.0,        ,     0.0,      
hughepa01, 1981,     1, EDM , NHL , R  , 68.0, 24.0,  22.0,  46.0,  99.0, 21.0 ,  4.0,     ,  2.0,     ,  0.0, 1.0, 167.0,    5.0,   2.0,   1.0,     3.0,     6.0,        ,     0.0,        ,     0.0,        ,     0.0,      
hughepa01, 1982,     1, EDM , NHL , R  , 80.0, 25.0,  20.0,  45.0,  85.0, 0.0  ,  2.0,     ,  5.0,     ,  7.0, 1.0, 144.0,   16.0,   2.0,   5.0,     7.0,    14.0,        ,     0.0,        ,     0.0,        ,     1.0,      
hughepa01, 1983,     1, EDM , NHL , R  , 77.0, 27.0,  28.0,  55.0,  61.0, 18.0 ,  2.0,     ,  3.0,     ,  3.0, 0.0, 164.0,   19.0,   2.0,  11.0,    13.0,    12.0, 14.0   ,     0.0,        ,     0.0,        ,     0.0,    44.0
hughepa01, 1984,     1, EDM , NHL , R  , 73.0, 12.0,  13.0,  25.0,  85.0, -7.0 ,  1.0,     ,  1.0,     ,  0.0, 0.0,  98.0,   10.0,   1.0,   1.0,     2.0,     4.0, 1.0    ,     0.0,        ,     0.0,        ,     0.0,     3.0
hughepa01, 1985,     1, BUF , NHL , R  , 50.0,  4.0,   9.0,  13.0,  25.0, -6.0 ,  0.0,     ,  0.0,     ,  0.0, 0.0,  51.0,       ,      ,      ,        ,        ,        ,        ,        ,        ,        ,        ,      
hughepa01, 1986,     1, STL , NHL , R  , 43.0,  1.0,   5.0,   6.0,  26.0, -6.0 ,  0.0,     ,  0.0,     ,  0.0, 0.0,  30.0,       ,      ,      ,        ,        ,        ,        ,        ,        ,        ,        ,      
hughepa01, 1986,     2, HAR , NHL , R  ,  2.0,  0.0,   0.0,   0.0,   2.0, -1.0 ,  0.0,     ,  0.0,     ,  0.0, 0.0,   3.0,    3.0,   0.0,   0.0,     0.0,     0.0, -1.0   ,     0.0,        ,     0.0,        ,     0.0,     0.0
hughery01, 1995,     1, BOS , NHL , C  ,  3.0,  0.0,   0.0,   0.0,   0.0, 0.0  ,  0.0,  0.0,  0.0,  0.0,  0.0, 0.0,   2.0,       ,      ,      ,        ,        ,        ,        ,        ,        ,        ,        ,      
hulbijo01, 1996,     1, EDM , NHL , L  ,  6.0,  0.0,   0.0,   0.0,   0.0, -1.0 ,  0.0,  0.0,  0.0,  0.0,  0.0, 0.0,   4.0,    6.0,   0.0,   1.0,     1.0,     2.0, 2.0    ,     0.0,     0.0,     0.0,     0.0,     0.0,     5.0
hulbijo01, 1997,     1, EDM , NHL , L  , 17.0,  2.0,   2.0,   4.0,   2.0, -1.0 ,  0.0,  1.0,  0.0,  0.0,  1.0, 0.0,   8.0,       ,      ,      ,        ,        ,        ,        ,        ,        ,        ,        ,      
hulbijo01, 1998,     1, EDM , NHL , L  ,  1.0,  0.0,   0.0,   0.0,   2.0, 1.0  ,  0.0,  0.0,  0.0,  0.0,  0.0, 0.0,   2.0,       ,      ,      ,        ,        ,        ,        ,        ,        ,        ,        ,      
hulbijo01, 1999,     1, BOS , NHL , L  , 24.0,  2.0,   2.0,   4.0,   8.0, -8.0 ,  0.0,  0.0,  0.0,  0.0,  0.0, 0.0,  15.0,       ,      ,      ,        ,        ,        ,        ,        ,        ,        ,        ,      
hulbijo01, 2000,     1, BOS , NHL , R  ,  7.0,  0.0,   0.0,   0.0,   4.0, -3.0 ,  0.0,  0.0,  0.0,  0.0,  0.0, 0.0,   0.0,       ,      ,      ,        ,        ,        ,        ,        ,        ,        ,        ,      
hullbo01 , 1957,     1, CHI , NHL , L  , 70.0, 13.0,  34.0,  47.0,  62.0,      ,     ,     ,     ,     ,     ,    ,      ,       ,      ,      ,        ,        ,        ,        ,        ,        ,        ,        ,      
hullbo01 , 1958,     1, CHI , NHL , L  , 70.0, 18.0,  32.0,  50.0,  50.0,      ,     ,     ,     ,     ,     ,    ,      ,    6.0,   1.0,   1.0,     2.0,     2.0,        ,        ,        ,        ,        ,        ,      
hullbo01 , 1959,     1, CHI , NHL , L  , 70.0, 39.0,  42.0,  81.0,  68.0,      ,     ,     ,     ,     ,     ,    ,      ,    3.0,   1.0,   0.0,     1.0,     2.0,        ,        ,        ,        ,        ,        ,      
hullbo01 , 1960,     1, CHI , NHL , L  , 67.0, 31.0,  25.0,  56.0,  43.0,      ,     ,     ,     ,     ,     ,    ,      ,   12.0,   4.0,  10.0,    14.0,     4.0,        ,        ,        ,        ,        ,     1.0,      
hullbo01 , 1961,     1, CHI , NHL , L  , 70.0, 50.0,  34.0,  84.0,  35.0,      ,     ,     ,     ,     ,     ,    ,      ,   12.0,   8.0,   6.0,    14.0,    12.0,        ,        ,        ,        ,        ,     0.0,      
hullbo01 , 1962,     1, CHI , NHL , L  , 65.0, 31.0,  31.0,  62.0,  27.0,      ,     ,     ,     ,     ,     ,    ,      ,    5.0,   8.0,   2.0,    10.0,     4.0,        ,        ,        ,        ,        ,     0.0,      
hullbo01 , 1963,     1, CHI , NHL , L  , 70.0, 43.0,  44.0,  87.0,  50.0,      , 12.0,     ,  4.0,     ,  5.0, 3.0,      ,    7.0,   2.0,   5.0,     7.0,     2.0,        ,        ,        ,        ,        ,     0.0,      
hullbo01 , 1964,     1, CHI , NHL , L  , 61.0, 39.0,  32.0,  71.0,  32.0,      , 10.0,     ,  2.0,     ,  5.0, 0.0,      ,   14.0,  10.0,   7.0,    17.0,    27.0,        ,        ,        ,        ,        ,     2.0,      
hullbo01 , 1965,     1, CHI , NHL , L  , 65.0, 54.0,  43.0,  97.0,  70.0,      , 22.0,     ,  1.0,     ,  7.0, 2.0,      ,    6.0,   2.0,   2.0,     4.0,    10.0,        ,        ,        ,        ,        ,     1.0,      
hullbo01 , 1966,     1, CHI , NHL , L  , 66.0, 52.0,  28.0,  80.0,  52.0,      , 18.0,     ,  2.0,     ,  3.0, 4.0,      ,    6.0,   4.0,   2.0,     6.0,     0.0,        ,        ,        ,        ,        ,     2.0,      
hullbo01 , 1967,     1, CHI , NHL , L  , 71.0, 44.0,  31.0,  75.0,  39.0, 14.0 ,  8.0,     ,  2.0,     ,  6.0, 2.0, 364.0,   11.0,   4.0,   6.0,    10.0,    15.0,        ,     1.0,        ,     1.0,        ,     1.0,      
hullbo01 , 1968,     1, CHI , NHL , L  , 74.0, 58.0,  49.0, 107.0,  48.0, -7.0 , 20.0,     ,  2.0,     , 11.0, 5.0, 414.0,       ,      ,      ,        ,        ,        ,        ,        ,        ,        ,        ,      
hullbo01 , 1969,     1, CHI , NHL , L  , 61.0, 38.0,  29.0,  67.0,   8.0, 20.0 , 10.0,     ,  2.0,     ,  8.0, 2.0, 289.0,    8.0,   3.0,   8.0,    11.0,     2.0,        ,     0.0,        ,     0.0,        ,     0.0,      
hullbo01 , 1970,     1, CHI , NHL , L  , 78.0, 44.0,  52.0,  96.0,  32.0, 34.0 , 11.0,     ,  0.0,     , 11.0, 1.0, 378.0,   18.0,  11.0,  14.0,    25.0,    16.0,        ,     6.0,        ,     0.0,        ,     4.0,      
hullbo01 , 1971,     1, CHI , NHL , L  , 78.0, 50.0,  43.0,  93.0,  24.0, 54.0 ,  8.0,     ,  3.0,     ,  9.0, 4.0, 336.0,    8.0,   4.0,   4.0,     8.0,     6.0,        ,     0.0,        ,     1.0,        ,     0.0,      
hullbo01 , 1972,     1, WIJ , WHA , L  , 63.0, 51.0,  52.0, 103.0,  37.0,      , 14.0,     ,  2.0,     ,  7.0,    ,      ,   14.0,   9.0,  16.0,    25.0,    16.0,        ,     2.0,        ,     0.0,        ,     3.0,      
hullbo01 , 1973,     1, WIJ , WHA , L  , 75.0, 53.0,  42.0,  95.0,  38.0,      ,  9.0,     ,  1.0,     ,  9.0,    ,      ,    4.0,   1.0,   1.0,     2.0,     4.0,        ,        ,        ,        ,        ,     0.0,      
hullbo01 , 1974,     1, WIJ , WHA , L  , 78.0, 77.0,  65.0, 142.0,  41.0, 55.0 , 27.0,     ,  0.0,     ,     ,    , 556.0,       ,      ,      ,        ,        ,        ,        ,        ,        ,        ,        ,      
hullbo01 , 1975,     1, WIJ , WHA , L  , 80.0, 53.0,  70.0, 123.0,  30.0, 62.0 , 14.0,     ,  0.0,     , 10.0,    , 416.0,   13.0,  12.0,   8.0,    20.0,     4.0, 15.0   ,        ,        ,        ,        ,        ,      
hullbo01 , 1976,     1, WIJ , WHA , L  , 34.0, 21.0,  32.0,  53.0,  14.0, 16.0 ,  7.0,     ,  0.0,     ,     ,    , 102.0,   20.0,  13.0,   9.0,    22.0,     2.0, 6.0    ,        ,        ,        ,        ,     2.0,      
hullbo01 , 1977,     1, WIJ , WHA , L  , 77.0, 46.0,  71.0, 117.0,  23.0, 55.0 , 10.0,     ,  0.0,     ,     ,    , 257.0,    9.0,   8.0,   3.0,    11.0,    12.0, 5.0    ,        ,        ,        ,        ,     2.0,      
hullbo01 , 1978,     1, WIJ , WHA , L  ,  4.0,  2.0,   3.0,   5.0,   0.0, 1.0  ,  1.0,     ,  0.0,     ,     ,    ,  12.0,       ,      ,      ,        ,        ,        ,        ,        ,        ,        ,        ,      
hullbo01 , 1979,     1, WIN , NHL , L  , 18.0,  4.0,   6.0,  10.0,   0.0, -7.0 ,  1.0,     ,  0.0,     ,  0.0, 1.0,  25.0,       ,      ,      ,        ,        ,        ,        ,        ,        ,        ,        ,      
hullbo01 , 1979,     2, HAR , NHL , L  ,  9.0,  2.0,   5.0,   7.0,   0.0, -3.0 ,  1.0,     ,  0.0,     ,  0.0, 0.0,  13.0,    3.0,   0.0,   0.0,     0.0,     0.0,        ,     0.0,        ,     0.0,        ,     0.0,      
hullbr01 , 1985,     1, CAL , NHL , R  ,     ,     ,      ,      ,      ,      ,     ,     ,     ,     ,     ,    ,      ,    2.0,   0.0,   0.0,     0.0,     0.0, 0.0    ,     0.0,        ,     0.0,        ,     0.0,     1.0
hullbr01 , 1986,     1, CAL , NHL , R  ,  5.0,  1.0,   0.0,   1.0,   0.0, -1.0 ,  0.0,     ,  0.0,     ,  1.0, 0.0,   5.0,    4.0,   2.0,   1.0,     3.0,     0.0, 4.0    ,     0.0,        ,     0.0,        ,     0.0,    18.0
hullbr01 , 1987,     1, CAL , NHL , R  , 52.0, 26.0,  24.0,  50.0,  12.0, 10.0 ,  4.0,     ,  0.0,  0.0,  3.0, 0.0, 153.0,       ,      ,      ,        ,        ,        ,        ,        ,        ,        ,        ,      
hullbr01 , 1987,     2, STL , NHL , R  , 13.0,  6.0,   8.0,  14.0,   4.0, 4.0  ,  2.0,     ,  0.0,  0.0,  0.0, 0.0,  58.0,   10.0,   7.0,   2.0,     9.0,     4.0, 1.0    ,     4.0,     1.0,     0.0,     0.0,     3.0,    39.0
hullbr01 , 1988,     1, STL , NHL , R  , 78.0, 41.0,  43.0,  84.0,  33.0, -17.0, 16.0, 26.0,  0.0,  0.0,  6.0, 1.0, 305.0,   10.0,   5.0,   5.0,    10.0,     6.0, -4.0   ,     1.0,     2.0,     0.0,     0.0,     2.0,    43.0
hullbr01 , 1989,     1, STL , NHL , R  , 80.0, 72.0,  41.0, 113.0,  24.0, -1.0 , 27.0, 17.0,  0.0,  0.0, 12.0, 0.0, 385.0,   12.0,  13.0,   8.0,    21.0,    17.0, 1.0    ,     7.0,     3.0,     0.0,     0.0,     3.0,    68.0
hullbr01 , 1990,     1, STL , NHL , R  , 78.0, 86.0,  45.0, 131.0,  22.0, 23.0 , 29.0, 16.0,  0.0,  0.0, 11.0, 1.0, 389.0,   13.0,  11.0,   8.0,    19.0,     4.0, 5.0    ,     3.0,     1.0,     0.0,     0.0,     2.0,    58.0
hullbr01 , 1991,     1, STL , NHL , R  , 73.0, 70.0,  39.0, 109.0,  48.0, -2.0 , 20.0, 20.0,  5.0,  0.0,  9.0, 1.0, 408.0,    6.0,   4.0,   4.0,     8.0,     4.0, 2.0    ,     1.0,     3.0,     1.0,     0.0,     1.0,    38.0
hullbr01 , 1992,     1, STL , NHL , R  , 80.0, 54.0,  47.0, 101.0,  41.0, -27.0, 29.0, 29.0,  0.0,  0.0,  2.0, 1.0, 390.0,   11.0,   8.0,   5.0,    13.0,     2.0, -2.0   ,     5.0,     4.0,     0.0,     0.0,     2.0,    52.0
hullbr01 , 1993,     1, STL , NHL , R  , 81.0, 57.0,  40.0,  97.0,  38.0, -3.0 , 25.0, 16.0,  3.0,  2.0,  6.0, 1.0, 392.0,    4.0,   2.0,   1.0,     3.0,     0.0, 1.0    ,     1.0,     0.0,     0.0,     0.0,     0.0,    22.0
hullbr01 , 1994,     1, STL , NHL , R  , 48.0, 29.0,  21.0,  50.0,  10.0, 13.0 ,  9.0,  7.0,  3.0,  3.0,  6.0, 0.0, 200.0,    7.0,   6.0,   2.0,     8.0,     0.0, 0.0    ,     2.0,     2.0,     0.0,     0.0,     0.0,    34.0
hullbr01 , 1995,     1, STL , NHL , R  , 70.0, 43.0,  40.0,  83.0,  30.0, 4.0  , 16.0, 17.0,  5.0,  1.0,  6.0, 0.0, 327.0,   13.0,   6.0,   5.0,    11.0,    10.0, 2.0    ,     2.0,     2.0,     1.0,     0.0,     1.0,    52.0
hullbr01 , 1996,     1, STL , NHL , R  , 77.0, 42.0,  40.0,  82.0,  10.0, -9.0 , 12.0, 14.0,  2.0,  0.0,  6.0, 2.0, 302.0,    6.0,   2.0,   7.0,     9.0,     2.0, 4.0    ,     0.0,     3.0,     0.0,     0.0,     0.0,    25.0
hullbr01 , 1997,     1, STL , NHL , L  , 66.0, 27.0,  45.0,  72.0,  26.0, -1.0 , 10.0, 12.0,  0.0,  1.0,  6.0, 0.0, 211.0,   10.0,   3.0,   3.0,     6.0,     2.0, -3.0   ,     1.0,     2.0,     0.0,     0.0,     1.0,    32.0
hullbr01 , 1998,     1, DAL , NHL , R  , 60.0, 32.0,  26.0,  58.0,  30.0, 19.0 , 15.0,  6.0,  0.0,  0.0, 11.0, 0.0, 192.0,   22.0,   8.0,   7.0,    15.0,     4.0, 3.0    ,     3.0,     1.0,     0.0,     0.0,     2.0,    86.0
hullbr01 , 1999,     1, DAL , NHL , R  , 79.0, 24.0,  35.0,  59.0,  43.0, -21.0, 11.0, 16.0,  0.0,  0.0,  3.0, 0.0, 223.0,   23.0,  11.0,  13.0,    24.0,     4.0, 3.0    ,     3.0,     3.0,     0.0,     0.0,     4.0,    79.0
hullbr01 , 2000,     1, DAL , NHL , R  , 79.0, 39.0,  40.0,  79.0,  18.0, 10.0 , 11.0, 22.0,  0.0,  0.0,  8.0, 1.0, 219.0,   10.0,   2.0,   5.0,     7.0,     6.0, -1.0   ,     1.0,     1.0,     0.0,     0.0,     0.0,    41.0
hullbr01 , 2001,     1, DET , NHL , R  , 82.0, 30.0,  33.0,  63.0,  35.0, 18.0 ,  7.0, 15.0,  1.0,  0.0,  4.0, 2.0, 247.0,   23.0,  10.0,   8.0,    18.0,     4.0, 1.0    ,     3.0,     2.0,     2.0,     0.0,     2.0,    61.0
hullbr01 , 2002,     1, DET , NHL , R  , 82.0, 37.0,  39.0,  76.0,  22.0, 11.0 , 12.0, 14.0,  1.0,  1.0,  4.0, 1.0, 262.0,    4.0,   0.0,   1.0,     1.0,     0.0, -4.0   ,     0.0,     0.0,     0.0,     0.0,     0.0,    15.0
hullbr01 , 2003,     1, DET , NHL , R  , 81.0, 25.0,  43.0,  68.0,  12.0, -4.0 , 10.0, 13.0,  0.0,  0.0,  6.0, 1.0, 200.0,   12.0,   3.0,   2.0,     5.0,     4.0, 0.0    ,     1.0,     1.0,     0.0,     0.0,     1.0,    39.0
hullbr01 , 2005,     1, PHO , NHL , R  ,  5.0,  0.0,   1.0,   1.0,   0.0, -3.0 ,  0.0,  1.0,  0.0,  0.0,  0.0,    ,   8.0,       ,      ,      ,        ,        ,        ,        ,        ,        ,        ,        ,      
hullde01 , 1964,     1, CHI , NHL , L  , 55.0, 10.0,   4.0,  14.0,  18.0,      ,  1.0,     ,  1.0,     ,  2.0, 0.0,      ,    6.0,   0.0,   0.0,     0.0,     0.0,        ,        ,        ,        ,        ,     0.0,      
hullde01 , 1965,     1, CHI , NHL , L  , 25.0,  1.0,   5.0,   6.0,   6.0,      ,  0.0,     ,  0.0,     ,  0.0, 1.0,      ,    3.0,   0.0,   0.0,     0.0,     0.0,        ,        ,        ,        ,        ,     0.0,      
hullde01 , 1966,     1, CHI , NHL , L  , 70.0, 25.0,  17.0,  42.0,  33.0,      ,  1.0,     ,  0.0,     ,  5.0, 2.0,      ,    6.0,   0.0,   1.0,     1.0,    12.0,        ,        ,        ,        ,        ,     0.0,      
hullde01 , 1967,     1, CHI , NHL , L  , 74.0, 18.0,  15.0,  33.0,  34.0, -20.0,  0.0,     ,  0.0,     ,  2.0, 2.0, 197.0,   11.0,   1.0,   3.0,     4.0,     6.0,        ,     0.0,        ,     0.0,        ,     1.0,      
hullde01 , 1968,     1, CHI , NHL , L  , 72.0, 30.0,  34.0,  64.0,  25.0, 7.0  ,  3.0,     ,  0.0,     ,  3.0, 0.0, 233.0,       ,      ,      ,        ,        ,        ,        ,        ,        ,        ,        ,      
hullde01 , 1969,     1, CHI , NHL , L  , 76.0, 17.0,  35.0,  52.0,  31.0, 4.0  ,  5.0,     ,  0.0,     ,  3.0, 0.0, 223.0,    8.0,   5.0,   2.0,     7.0,     0.0,        ,     0.0,        ,     0.0,        ,     1.0,      
hullde01 , 1970,     1, CHI , NHL , L  , 78.0, 40.0,  26.0,  66.0,  16.0, 28.0 , 10.0,     ,  0.0,     ,  7.0, 1.0, 229.0,   18.0,   7.0,   6.0,    13.0,     2.0,        ,     2.0,        ,     0.0,        ,     1.0,      
hullde01 , 1971,     1, CHI , NHL , L  , 78.0, 30.0,  39.0,  69.0,  10.0, 12.0 ,  8.0,     ,  1.0,     ,  2.0, 2.0, 270.0,    8.0,   4.0,   2.0,     6.0,     4.0,        ,     1.0,        ,     0.0,        ,     0.0,      
hullde01 , 1972,     1, CHI , NHL , L  , 78.0, 39.0,  51.0,  90.0,  27.0, 28.0 ,  8.0,     ,  0.0,     ,  7.0, 0.0, 263.0,   16.0,   9.0,  15.0,    24.0,     4.0,        ,     4.0,        ,     0.0,        ,     1.0,      
hullde01 , 1973,     1, CHI , NHL , L  , 74.0, 29.0,  39.0,  68.0,  15.0, 25.0 ,  5.0,     ,  1.0,     ,  6.0, 2.0, 220.0,   10.0,   6.0,   3.0,     9.0,     0.0,        ,     1.0,        ,     0.0,        ,     1.0,      
hullde01 , 1974,     1, CHI , NHL , L  , 69.0, 16.0,  21.0,  37.0,  10.0, -14.0,  4.0,     ,  0.0,     ,  2.0, 1.0, 199.0,    5.0,   0.0,   2.0,     2.0,     0.0,        ,     0.0,        ,     0.0,        ,     0.0,      
hullde01 , 1975,     1, CHI , NHL , L  , 80.0, 27.0,  39.0,  66.0,  28.0, -17.0,  1.0,     ,  4.0,     ,  4.0, 1.0, 225.0,    4.0,   0.0,   0.0,     0.0,     0.0,        ,     0.0,        ,     0.0,        ,     0.0,      
hullde01 , 1976,     1, CHI , NHL , L  , 75.0, 16.0,  17.0,  33.0,   2.0, -20.0,  3.0,     ,  0.0,     ,  0.0, 0.0, 207.0,    2.0,   1.0,   0.0,     1.0,     0.0,        ,     1.0,        ,     0.0,        ,     0.0,      
hullde01 , 1977,     1, DET , NHL , L  , 55.0,  5.0,   9.0,  14.0,   6.0, -20.0,  2.0,     ,  0.0,     ,  1.0, 0.0,  72.0,    7.0,   0.0,   0.0,     0.0,     2.0,        ,     0.0,        ,     0.0,        ,     0.0,      
hulljo01 , 1988,     1, HAR , NHL , R  , 60.0, 16.0,  18.0,  34.0,  10.0, 6.0  ,  6.0,  1.0,  0.0,  0.0,  2.0, 0.0,  82.0,    1.0,   0.0,   0.0,     0.0,     2.0, 0.0    ,     0.0,     0.0,     0.0,     0.0,     0.0,     0.0
hulljo01 , 1989,     1, HAR , NHL , R  , 38.0,  7.0,  10.0,  17.0,  21.0, -6.0 ,  2.0,  1.0,  0.0,  0.0,  0.0, 0.0,  46.0,    5.0,   0.0,   1.0,     1.0,     2.0, 1.0    ,     0.0,     0.0,     0.0,     0.0,     0.0,     5.0
hulljo01 , 1990,     1, NYR , NHL , R  , 47.0,  5.0,   8.0,  13.0,  10.0, 2.0  ,  0.0,  0.0,  0.0,  0.0,  0.0, 0.0,  57.0,       ,      ,      ,        ,        ,        ,        ,        ,        ,        ,        ,      
hulljo01 , 1991,     1, NYR , NHL , R  ,  3.0,  0.0,   0.0,   0.0,   2.0, -4.0 ,  0.0,  0.0,  0.0,  0.0,  0.0, 0.0,   4.0,       ,      ,      ,        ,        ,        ,        ,        ,        ,        ,        ,      
hulljo01 , 1992,     1, OTT , NHL , R  , 69.0, 13.0,  21.0,  34.0,  14.0, -24.0,  5.0,  8.0,  1.0,  0.0,  0.0, 1.0, 134.0,       ,      ,      ,        ,        ,        ,        ,        ,        ,        ,        ,      
hulljo01 , 1993,     1, FLO , NHL , R  , 69.0, 13.0,  13.0,  26.0,   8.0, 6.0  ,  0.0,  0.0,  1.0,  2.0,  5.0, 1.0, 100.0,       ,      ,      ,        ,        ,        ,        ,        ,        ,        ,        ,      
hulljo01 , 1994,     1, FLO , NHL , R  , 46.0, 11.0,   8.0,  19.0,   8.0, -1.0 ,  0.0,  1.0,  0.0,  0.0,  4.0, 0.0,  63.0,       ,      ,      ,        ,        ,        ,        ,        ,        ,        ,        ,      
hulljo01 , 1995,     1, FLO , NHL , R  , 78.0, 20.0,  17.0,  37.0,  25.0, 5.0  ,  2.0,  1.0,  0.0,  3.0,  3.0, 1.0, 120.0,   14.0,   3.0,   2.0,     5.0,     0.0, 4.0    ,     0.0,     0.0,     0.0,     0.0,     0.0,    18.0
hulljo01 , 1996,     1, FLO , NHL , R  , 67.0, 10.0,   6.0,  16.0,   4.0, 1.0  ,  0.0,  2.0,  1.0,  0.0,  2.0, 1.0,  92.0,    5.0,   0.0,   0.0,     0.0,     0.0, -1.0   ,     0.0,     0.0,     0.0,     0.0,     0.0,    12.0
hulljo01 , 1997,     1, FLO , NHL , R  , 21.0,  2.0,   0.0,   2.0,   4.0, 1.0  ,  0.0,  0.0,  1.0,  0.0,  0.0, 0.0,  23.0,       ,      ,      ,        ,        ,        ,        ,        ,        ,        ,        ,      
hulljo01 , 1997,     2, TBL , NHL , R  , 28.0,  2.0,   4.0,   6.0,   4.0, 2.0  ,  0.0,  0.0,  0.0,  1.0,  2.0, 0.0,  28.0,       ,      ,      ,        ,        ,        ,        ,        ,        ,        ,        ,      
hulljo01 , 1998,     1, PHI , NHL , R  , 72.0,  3.0,  11.0,  14.0,  12.0, -2.0 ,  0.0,  0.0,  0.0,  1.0,  1.0, 1.0,  73.0,    6.0,   0.0,   0.0,     0.0,     4.0, -1.0   ,     0.0,     0.0,     0.0,     0.0,     0.0,     6.0
hulljo01 , 1999,     1, PHI , NHL , R  , 67.0, 10.0,   3.0,  13.0,   4.0, 8.0  ,  0.0,  0.0,  2.0,  0.0,  2.0, 0.0,  63.0,   18.0,   0.0,   1.0,     1.0,     0.0, -4.0   ,     0.0,     0.0,     0.0,     0.0,     0.0,    29.0
hulljo01 , 2000,     1, PHI , NHL , R  , 71.0,  7.0,   8.0,  15.0,  10.0, -1.0 ,  0.0,  0.0,  2.0,  0.0,  2.0, 0.0,  78.0,    6.0,   0.0,   0.0,     0.0,     4.0, 1.0    ,     0.0,     0.0,     0.0,     0.0,     0.0,     7.0
hulljo01 , 2001,     1, OTT , NHL , R  , 24.0,  2.0,   2.0,   4.0,   6.0, 0.0  ,  0.0,  0.0,  0.0,  0.0,  1.0, 0.0,  12.0,   12.0,   1.0,   1.0,     2.0,     2.0, 2.0    ,     0.0,     0.0,     0.0,     0.0,     0.0,     8.0
hulljo01 , 2002,     1, OTT , NHL , R  , 70.0,  3.0,   8.0,  11.0,  14.0, -3.0 ,  0.0,  0.0,  0.0,  1.0,  1.0, 0.0,  42.0,    2.0,   0.0,   0.0,     0.0,     0.0, 0.0    ,     0.0,     0.0,     0.0,     0.0,     0.0,     0.0
hulljo01 , 2003,     1, OTT , NHL , R  ,  1.0,  0.0,   0.0,   0.0,   0.0, 0.0  ,  0.0,  0.0,  0.0,  0.0,  0.0, 0.0,   0.0,       ,      ,      ,        ,        ,        ,        ,        ,        ,        ,        ,      
hullst01 , 1975,     1, CAC , WHA , R  , 58.0, 11.0,  15.0,  26.0,   6.0, -2.0 ,  0.0,     ,  0.0,     ,  0.0,    ,  81.0,       ,      ,      ,        ,        ,        ,        ,        ,        ,        ,        ,      
hullst01 , 1976,     1, CAC , WHA , R  ,  2.0,  0.0,   2.0,   2.0,   0.0, 1.0  ,  0.0,     ,  0.0,     ,  0.0,    ,   3.0,       ,      ,      ,        ,        ,        ,        ,        ,        ,        ,        ,      
hulseca01, 1995,     1, NJD , NHL , D  ,  8.0,  0.0,   0.0,   0.0,  15.0, -2.0 ,  0.0,  0.0,  0.0,  0.0,  0.0, 0.0,   5.0,       ,      ,      ,        ,        ,        ,        ,        ,        ,        ,        ,      
hulseca01, 1995,     2, CAL , NHL , D  ,  3.0,  0.0,   0.0,   0.0,   5.0, 3.0  ,  0.0,  0.0,  0.0,  0.0,  0.0, 0.0,   4.0,    1.0,   0.0,   0.0,     0.0,     0.0, -2.0   ,     0.0,     0.0,     0.0,     0.0,     0.0,     2.0
hulseca01, 1996,     1, CAL , NHL , D  , 63.0,  1.0,   6.0,   7.0,  91.0, -2.0 ,  0.0,  0.0,  1.0,  1.0,  0.0, 0.0,  58.0,       ,      ,      ,        ,        ,        ,        ,        ,        ,        ,        ,      
hulseca01, 1997,     1, CAL , NHL , D  , 79.0,  5.0,  22.0,  27.0, 169.0, 1.0  ,  1.0,  7.0,  1.0,  0.0,  0.0, 0.0, 117.0,       ,      ,      ,        ,        ,        ,        ,        ,        ,        ,        ,      
hulseca01, 1998,     1, CAL , NHL , D  , 73.0,  3.0,   9.0,  12.0, 117.0, -8.0 ,  0.0,  1.0,  0.0,  0.0,  0.0, 0.0,  83.0,       ,      ,      ,        ,        ,        ,        ,        ,        ,        ,        ,      
hulseca01, 1999,     1, CAL , NHL , D  , 47.0,  1.0,   6.0,   7.0,  47.0, -11.0,  0.0,  0.0,  0.0,  0.0,  0.0, 0.0,  41.0,       ,      ,      ,        ,        ,        ,        ,        ,        ,        ,        ,      
hulseca01, 2000,     1, NAS , NHL , D  , 82.0,  1.0,   7.0,   8.0, 128.0, -5.0 ,  0.0,  0.0,  0.0,  0.0,  1.0, 0.0,  93.0,       ,      ,      ,        ,        ,        ,        ,        ,        ,        ,        ,      
hulseca01, 2001,     1, NAS , NHL , D  , 63.0,  0.0,   2.0,   2.0, 121.0, -18.0,  0.0,  0.0,  0.0,  0.0,  0.0, 0.0,  70.0,       ,      ,      ,        ,        ,        ,        ,        ,        ,        ,        ,      
hulseca01, 2002,     1, NAS , NHL , D  , 80.0,  2.0,   6.0,   8.0, 121.0, -11.0,  0.0,  0.0,  0.0,  0.0,  1.0, 0.0,  82.0,       ,      ,      ,        ,        ,        ,        ,        ,        ,        ,        ,      
hulseca01, 2003,     1, PHO , NHL , D  , 82.0,  3.0,  17.0,  20.0, 123.0, -4.0 ,  1.0,  1.0,  0.0,  0.0,  0.0, 0.0, 115.0,       ,      ,      ,        ,        ,        ,        ,        ,        ,        ,        ,      
hulseca01, 2005,     1, CBS , NHL , D  , 27.0,  0.0,   3.0,   3.0,  43.0, -9.0 ,  0.0,  0.0,  0.0,  0.0,  0.0,    ,  27.0,       ,      ,      ,        ,        ,        ,        ,        ,        ,        ,        ,      
hulseca01, 2005,     2, CAL , NHL , D  , 12.0,  0.0,   1.0,   1.0,  20.0, 1.0  ,  0.0,  0.0,  0.0,  0.0,  0.0,    ,   7.0,       ,      ,      ,        ,        ,        ,        ,        ,        ,        ,        ,      
humliv01 , 2001,     1, BOS , NHL , L  ,  1.0,  0.0,   1.0,   1.0,   0.0, 2.0  ,  0.0,  0.0,  0.0,  0.0,  0.0, 0.0,   2.0,       ,      ,      ,        ,        ,        ,        ,        ,        ,        ,        ,      
humliv01 , 2002,     1, BOS , NHL , L  , 41.0,  6.0,  11.0,  17.0,  30.0, 3.0  ,  0.0,  4.0,  0.0,  0.0,  2.0, 0.0,  75.0,       ,      ,      ,        ,        ,        ,        ,        ,        ,        ,        ,      
humliv01 , 2003,     1, BOS , NHL , L  ,  7.0,  0.0,   0.0,   0.0,   6.0, -3.0 ,  0.0,  0.0,  0.0,  0.0,  0.0, 0.0,  11.0,       ,      ,      ,        ,        ,        ,        ,        ,        ,        ,        ,      
humphed01, 1975,     1, CAC , WHA , G  ,  8.0,  0.0,   0.0,   0.0,   0.0, 0.0  ,  0.0,     ,  0.0,     ,  0.0,    ,   0.0,    1.0,   0.0,   0.0,     0.0,     0.0, 0.0    ,        ,        ,        ,        ,        ,      
humphed01, 1976,     1, QUN , WHA , G  , 22.0,  0.0,   1.0,   1.0,   0.0, 0.0  ,  0.0,     ,  0.0,     ,  0.0,    ,   0.0,       ,      ,      ,        ,        ,        ,        ,        ,        ,        ,        ,      
huntbe01 , 1912,     1, TO1 , NHA ,    ,  3.0,  0.0,   0.0,   0.0,   0.0,      ,     ,     ,     ,     ,     ,    ,      ,       ,      ,      ,        ,        ,        ,        ,        ,        ,        ,        ,      
huntbe01 , 1913,     1, TOO , NHA ,    , 11.0,  1.0,   1.0,   2.0,   4.0,      ,     ,     ,     ,     ,     ,    ,      ,       ,      ,      ,        ,        ,        ,        ,        ,        ,        ,        ,      
huntbe01 , 1914,     1, TOO , NHA ,    ,  7.0,  0.0,   0.0,   0.0,   3.0,      ,     ,     ,     ,     ,     ,    ,      ,       ,      ,      ,        ,        ,        ,        ,        ,        ,        ,        ,      
hunteda01, 1978,     1, EDO , WHA , L  , 72.0,  7.0,  25.0,  32.0, 134.0, 7.0  ,  0.0,     ,  0.0,     ,     ,    ,  71.0,   13.0,   2.0,   3.0,     5.0,    42.0, -2.0   ,        ,        ,        ,        ,     0.0,      
hunteda01, 1979,     1, EDM , NHL , L  , 80.0, 12.0,  31.0,  43.0, 103.0, 7.0  ,  1.0,     ,  2.0,     ,  3.0, 0.0, 109.0,    3.0,   0.0,   0.0,     0.0,     7.0,        ,     0.0,        ,     0.0,        ,     0.0,      
hunteda01, 1980,     1, EDM , NHL , L  , 78.0, 12.0,  16.0,  28.0,  98.0, -12.0,  0.0,     ,  0.0,     ,  3.0, 3.0, 104.0,    9.0,   0.0,   0.0,     0.0,    28.0,        ,     0.0,        ,     0.0,        ,     0.0,      
hunteda01, 1981,     1, EDM , NHL , L  , 63.0, 16.0,  22.0,  38.0,  63.0, 33.0 ,  0.0,     ,  0.0,     ,  3.0, 1.0, 124.0,    5.0,   0.0,   1.0,     1.0,    26.0,        ,     0.0,        ,     0.0,        ,     0.0,      
hunteda01, 1982,     1, EDM , NHL , L  , 80.0, 13.0,  18.0,  31.0, 120.0, 12.0 ,  0.0,     ,  1.0,     ,  0.0, 0.0, 113.0,   16.0,   4.0,   7.0,    11.0,    60.0,        ,     0.0,        ,     0.0,        ,     0.0,      
hunteda01, 1983,     1, EDM , NHL , L  , 80.0, 22.0,  26.0,  48.0,  90.0, 25.0 ,  1.0,     ,  1.0,     ,  3.0, 0.0, 117.0,   17.0,   5.0,   5.0,    10.0,    14.0, 10.0   ,     1.0,        ,     1.0,        ,     0.0,    25.0
hunteda01, 1984,     1, EDM , NHL , L  , 80.0, 17.0,  19.0,  36.0, 122.0, -1.0 ,  1.0,     ,  1.0,     ,  1.0, 0.0, 119.0,   18.0,   2.0,   5.0,     7.0,    33.0, 5.0    ,     0.0,        ,     0.0,        ,     0.0,    31.0
hunteda01, 1985,     1, EDM , NHL , L  , 62.0, 15.0,  22.0,  37.0,  77.0, 37.0 ,  0.0,     ,  0.0,     ,  1.0, 0.0, 110.0,   10.0,   2.0,   3.0,     5.0,    23.0, 7.0    ,     0.0,        ,     0.0,        ,     0.0,    18.0
hunteda01, 1986,     1, EDM , NHL , L  , 77.0,  6.0,   9.0,  15.0,  79.0, 1.0  ,  0.0,     ,  1.0,     ,  1.0, 0.0,  84.0,   21.0,   3.0,   3.0,     6.0,    20.0, 4.0    ,     0.0,        ,     0.0,        ,     0.0,    27.0
hunteda01, 1987,     1, EDM , NHL , L  , 21.0,  3.0,   3.0,   6.0,   6.0, 1.0  ,  0.0,     ,  0.0,     ,  0.0, 0.0,  18.0,       ,      ,      ,        ,        ,        ,        ,        ,        ,        ,        ,      
hunteda01, 1987,     2, PIT , NHL , L  , 59.0, 11.0,  18.0,  29.0,  77.0, 8.0  ,  0.0,     ,  2.0,     ,  1.0, 0.0, 115.0,       ,      ,      ,        ,        ,        ,        ,        ,        ,        ,        ,      
hunteda01, 1988,     1, WIN , NHL , L  , 34.0,  3.0,   1.0,   4.0,  61.0, -3.0 ,  0.0,  0.0,  1.0,     ,  0.0, 0.0,  43.0,       ,      ,      ,        ,        ,        ,        ,        ,        ,        ,        ,      
hunteda01, 1988,     2, EDM , NHL , L  , 32.0,  3.0,   5.0,   8.0,  22.0, -5.0 ,  0.0,  0.0,  0.0,     ,  0.0, 0.0,  44.0,    6.0,   0.0,   0.0,     0.0,     0.0, -2.0   ,     0.0,     0.0,     0.0,     0.0,     0.0,     5.0
hunteda02, 1980,     1, QUE , NHL , C  , 80.0, 19.0,  44.0,  63.0, 226.0, 5.0  ,  2.0,     ,  0.0,     ,  2.0, 2.0, 152.0,    5.0,   4.0,   2.0,     6.0,    34.0,        ,     0.0,        ,     0.0,        ,     1.0,      
hunteda02, 1981,     1, QUE , NHL , C  , 80.0, 22.0,  50.0,  72.0, 272.0, 26.0 ,  0.0,     ,  2.0,     ,  1.0, 2.0, 124.0,   16.0,   3.0,   7.0,    10.0,    52.0,        ,     1.0,        ,     0.0,        ,     2.0,      
hunteda02, 1982,     1, QUE , NHL , C  , 80.0, 17.0,  46.0,  63.0, 206.0, 10.0 ,  1.0,     ,  2.0,     ,  1.0, 1.0, 125.0,    4.0,   2.0,   1.0,     3.0,    24.0,        ,     0.0,        ,     1.0,        ,     0.0,      
hunteda02, 1983,     1, QUE , NHL , C  , 77.0, 24.0,  55.0,  79.0, 232.0, 35.0 ,  7.0,     ,  2.0,     ,  1.0, 1.0, 123.0,    9.0,   2.0,   3.0,     5.0,    41.0, -2.0   ,     0.0,        ,     0.0,        ,     0.0,     9.0
hunteda02, 1984,     1, QUE , NHL , C  , 80.0, 20.0,  52.0,  72.0, 209.0, 23.0 ,  3.0,     ,  3.0,     ,  3.0, 0.0, 115.0,   17.0,   4.0,   6.0,    10.0,    97.0, 0.0    ,     0.0,        ,     1.0,        ,     2.0,    21.0
hunteda02, 1985,     1, QUE , NHL , C  , 80.0, 28.0,  42.0,  70.0, 265.0, 6.0  ,  7.0,     ,  0.0,     ,  4.0, 0.0, 152.0,    3.0,   0.0,   0.0,     0.0,    15.0, -1.0   ,     0.0,        ,     0.0,        ,     0.0,     9.0
hunteda02, 1986,     1, QUE , NHL , C  , 46.0, 10.0,  29.0,  39.0, 135.0, 4.0  ,  0.0,     ,  0.0,     ,  0.0, 0.0,  53.0,   13.0,   1.0,   7.0,     8.0,    56.0, -5.0   ,     1.0,        ,     0.0,        ,     0.0,    15.0
hunteda02, 1987,     1, WAS , NHL , C  , 79.0, 22.0,  37.0,  59.0, 240.0, 7.0  , 11.0, 16.0,  0.0,  0.0,  1.0, 2.0, 126.0,   14.0,   7.0,   5.0,    12.0,    98.0, 2.0    ,     4.0,     1.0,     0.0,     0.0,     1.0,    24.0
hunteda02, 1988,     1, WAS , NHL , C  , 80.0, 20.0,  37.0,  57.0, 219.0, -3.0 ,  9.0, 14.0,  0.0,  0.0,  3.0, 0.0, 138.0,    6.0,   0.0,   4.0,     4.0,    27.0, 3.0    ,     0.0,     0.0,     0.0,     0.0,     0.0,     7.0
hunteda02, 1989,     1, WAS , NHL , C  , 80.0, 23.0,  39.0,  62.0, 233.0, 17.0 ,  9.0, 15.0,  1.0,  0.0,  6.0, 0.0, 123.0,   15.0,   4.0,   8.0,    12.0,    61.0, -1.0   ,     1.0,     4.0,     0.0,     0.0,     0.0,    13.0
hunteda02, 1990,     1, WAS , NHL , C  , 76.0, 16.0,  30.0,  46.0, 234.0, -22.0,  9.0,  7.0,  0.0,  0.0,  2.0, 0.0, 106.0,   11.0,   1.0,   9.0,    10.0,    41.0, 2.0    ,     0.0,     2.0,     0.0,     0.0,     0.0,    16.0
hunteda02, 1991,     1, WAS , NHL , C  , 80.0, 28.0,  50.0,  78.0, 205.0, -2.0 , 13.0, 17.0,  0.0,  0.0,  4.0, 1.0, 110.0,    7.0,   1.0,   4.0,     5.0,    16.0, -1.0   ,     0.0,     2.0,     0.0,     0.0,     0.0,    16.0
hunteda02, 1992,     1, WAS , NHL , C  , 84.0, 20.0,  59.0,  79.0, 198.0, 3.0  , 10.0, 22.0,  0.0,  0.0,  2.0, 0.0, 120.0,    6.0,   7.0,   1.0,     8.0,    35.0, -7.0   ,     4.0,     0.0,     0.0,     0.0,     1.0,    18.0
hunteda02, 1993,     1, WAS , NHL , C  , 52.0,  9.0,  29.0,  38.0, 131.0, -4.0 ,  1.0,  6.0,  0.0,  0.0,  1.0, 0.0,  61.0,    7.0,   0.0,   3.0,     3.0,    14.0, -2.0   ,     0.0,     1.0,     0.0,     0.0,     0.0,     7.0
hunteda02, 1994,     1, WAS , NHL , C  , 45.0,  8.0,  15.0,  23.0, 101.0, -4.0 ,  3.0,  4.0,  0.0,  0.0,  1.0, 0.0,  73.0,    7.0,   4.0,   4.0,     8.0,    24.0, 0.0    ,     2.0,     1.0,     0.0,     0.0,     0.0,    13.0
hunteda02, 1995,     1, WAS , NHL , C  , 82.0, 13.0,  24.0,  37.0, 112.0, 5.0  ,  4.0,  8.0,  0.0,  0.0,  3.0, 2.0, 128.0,    6.0,   1.0,   5.0,     6.0,    24.0, 4.0    ,     0.0,     2.0,     0.0,     0.0,     0.0,    14.0
hunteda02, 1996,     1, WAS , NHL , C  , 82.0, 14.0,  32.0,  46.0, 125.0, -2.0 ,  3.0,  9.0,  0.0,  0.0,  5.0, 0.0, 110.0,       ,      ,      ,        ,        ,        ,        ,        ,        ,        ,        ,      
hunteda02, 1997,     1, WAS , NHL , C  , 82.0,  8.0,  18.0,  26.0, 103.0, 1.0  ,  0.0,  1.0,  0.0,  4.0,  1.0, 0.0,  82.0,   21.0,   0.0,   4.0,     4.0,    30.0, -1.0   ,     0.0,     0.0,     0.0,     0.0,     0.0,    14.0
hunteda02, 1998,     1, WAS , NHL , C  , 50.0,  0.0,   5.0,   5.0, 102.0, -7.0 ,  0.0,  0.0,  0.0,  1.0,  0.0, 0.0,  18.0,       ,      ,      ,        ,        ,        ,        ,        ,        ,        ,        ,      
hunteda02, 1998,     2, COL , NHL , C  , 12.0,  2.0,   4.0,   6.0,  17.0, 0.0  ,  0.0,  1.0,  0.0,  0.0,  0.0, 0.0,   6.0,   19.0,   1.0,   3.0,     4.0,    38.0, 0.0    ,     0.0,     0.0,     0.0,     0.0,     0.0,    10.0
huntema01, 1981,     1, MTL , NHL , R  , 71.0, 18.0,  11.0,  29.0, 143.0, 10.0 ,  0.0,     ,  0.0,     ,  5.0, 0.0,  79.0,    5.0,   0.0,   0.0,     0.0,    20.0,        ,     0.0,        ,     0.0,        ,     0.0,      
huntema01, 1982,     1, MTL , NHL , R  , 31.0,  8.0,   8.0,  16.0,  73.0, 5.0  ,  1.0,     ,  0.0,     ,  2.0, 0.0,  39.0,       ,      ,      ,        ,        ,        ,        ,        ,        ,        ,        ,      
huntema01, 1983,     1, MTL , NHL , R  , 22.0,  6.0,   4.0,  10.0,  42.0, -2.0 ,  1.0,     ,  0.0,     ,  0.0, 1.0,  24.0,   14.0,   2.0,   1.0,     3.0,    69.0, -5.0   ,     0.0,        ,     0.0,        ,     0.0,    11.0
huntema01, 1984,     1, MTL , NHL , R  , 72.0, 21.0,  12.0,  33.0, 123.0, -13.0,  6.0,     ,  0.0,     ,  3.0, 0.0, 108.0,   11.0,   0.0,   3.0,     3.0,    13.0, -6.0   ,     0.0,        ,     0.0,        ,     0.0,    12.0
huntema01, 1985,     1, STL , NHL , R  , 78.0, 44.0,  30.0,  74.0, 171.0, 15.0 , 11.0,     ,  2.0,     ,  3.0, 1.0, 204.0,   19.0,   7.0,   7.0,    14.0,    48.0, -7.0   ,     2.0,        ,     0.0,        ,     1.0,    41.0
huntema01, 1986,     1, STL , NHL , R  , 74.0, 36.0,  33.0,  69.0, 167.0, -19.0, 12.0,     ,  0.0,     ,  4.0, 1.0, 178.0,    5.0,   0.0,   3.0,     3.0,    10.0, -1.0   ,     0.0,        ,     0.0,        ,     0.0,    12.0
huntema01, 1987,     1, STL , NHL , R  , 66.0, 32.0,  31.0,  63.0, 136.0, -6.0 , 14.0, 13.0,  0.0,  0.0,  0.0, 1.0, 164.0,    5.0,   2.0,   3.0,     5.0,    24.0, -4.0   ,     1.0,     2.0,     0.0,     0.0,     0.0,     7.0
huntema01, 1988,     1, CAL , NHL , R  , 66.0, 22.0,   8.0,  30.0, 194.0, 4.0  , 12.0,  4.0,  0.0,  0.0,  2.0, 1.0, 116.0,   10.0,   2.0,   2.0,     4.0,    23.0, -1.0   ,     0.0,     1.0,     0.0,     0.0,     0.0,    16.0
huntema01, 1989,     1, CAL , NHL , R  , 10.0,  2.0,   3.0,   5.0,  39.0, 0.0  ,  2.0,  1.0,  0.0,  0.0,  0.0, 0.0,  15.0,       ,      ,      ,        ,        ,        ,        ,        ,        ,        ,        ,      
huntema01, 1990,     1, CAL , NHL , R  , 57.0, 10.0,  15.0,  25.0, 125.0, -1.0 ,  6.0,     ,  0.0,     ,  0.0, 0.0,  90.0,       ,      ,      ,        ,        ,        ,        ,        ,        ,        ,        ,      
huntema01, 1990,     2, HAR , NHL , R  , 11.0,  4.0,   3.0,   7.0,  40.0, 3.0  ,  1.0,     ,  0.0,  0.0,  0.0, 0.0,  20.0,    6.0,   5.0,   1.0,     6.0,    17.0, 3.0    ,     3.0,     0.0,     0.0,     0.0,     0.0,    14.0
huntema01, 1991,     1, HAR , NHL , R  , 63.0, 10.0,  13.0,  23.0, 159.0, -8.0 ,  5.0,  2.0,  0.0,  0.0,  0.0, 0.0,  92.0,    4.0,   0.0,   0.0,     0.0,     6.0, 1.0    ,     0.0,     0.0,     0.0,     0.0,     0.0,     4.0
huntema01, 1992,     1, WAS , NHL , R  ,  7.0,  0.0,   0.0,   0.0,  14.0, 1.0  ,  0.0,  0.0,  0.0,  0.0,  0.0, 0.0,   5.0,       ,      ,      ,        ,        ,        ,        ,        ,        ,        ,        ,      
hunteti01, 1981,     1, CAL , NHL , D  ,  2.0,  0.0,   0.0,   0.0,   9.0, 0.0  ,  0.0,     ,  0.0,     ,  0.0, 0.0,   0.0,       ,      ,      ,        ,        ,        ,        ,        ,        ,        ,        ,      
hunteti01, 1982,     1, CAL , NHL , D  , 16.0,  1.0,   0.0,   1.0,  54.0, -2.0 ,  0.0,     ,  0.0,     ,  0.0, 0.0,   7.0,    9.0,   1.0,   0.0,     1.0,    70.0,        ,     1.0,        ,     0.0,        ,     0.0,      
hunteti01, 1983,     1, CAL , NHL , D  , 43.0,  4.0,   4.0,   8.0, 130.0, 0.0  ,  0.0,     ,  0.0,     ,  0.0, 0.0,  22.0,    7.0,   0.0,   0.0,     0.0,    21.0, 0.0    ,     0.0,        ,     0.0,        ,     0.0,     4.0
hunteti01, 1984,     1, CAL , NHL , R  , 71.0, 11.0,  11.0,  22.0, 259.0, 14.0 ,  1.0,     ,  0.0,     ,  1.0, 0.0,  68.0,    4.0,   0.0,   0.0,     0.0,    24.0, -1.0   ,     0.0,        ,     0.0,        ,     0.0,     2.0
hunteti01, 1985,     1, CAL , NHL , R  , 66.0,  8.0,   7.0,  15.0, 291.0, -9.0 ,  2.0,     ,  0.0,     ,  2.0, 0.0,  65.0,   19.0,   0.0,   3.0,     3.0,   108.0, 1.0    ,     0.0,        ,     0.0,        ,     0.0,     7.0
hunteti01, 1986,     1, CAL , NHL , R  , 73.0,  6.0,  15.0,  21.0, 361.0, -1.0 ,  0.0,     ,  0.0,     ,  1.0, 0.0,  66.0,    6.0,   0.0,   0.0,     0.0,    51.0, -2.0   ,     0.0,        ,     0.0,        ,     0.0,     3.0
hunteti01, 1987,     1, CAL , NHL , R  , 68.0,  8.0,   5.0,  13.0, 337.0, -8.0 ,  0.0,  0.0,  0.0,  0.0,  0.0, 0.0,  60.0,    9.0,   4.0,   0.0,     4.0,    32.0, 7.0    ,     0.0,     0.0,     0.0,     0.0,     2.0,    11.0
hunteti01, 1988,     1, CAL , NHL , R  , 75.0,  3.0,   9.0,  12.0, 375.0, 22.0 ,  0.0,  0.0,  0.0,  0.0,  1.0, 0.0,  67.0,   19.0,   0.0,   4.0,     4.0,    32.0, 1.0    ,     0.0,     0.0,     0.0,     0.0,     0.0,    17.0
hunteti01, 1989,     1, CAL , NHL , R  , 67.0,  2.0,   3.0,   5.0, 279.0, -9.0 ,  0.0,  0.0,  0.0,  0.0,  0.0, 0.0,  69.0,    6.0,   0.0,   0.0,     0.0,     4.0, 2.0    ,     0.0,     0.0,     0.0,     0.0,     0.0,     2.0
hunteti01, 1990,     1, CAL , NHL , R  , 34.0,  5.0,   2.0,   7.0, 143.0, 1.0  ,  0.0,  0.0,  0.0,  0.0,  1.0, 0.0,  29.0,    7.0,   0.0,   0.0,     0.0,    10.0, -2.0   ,     0.0,     0.0,     0.0,     0.0,     0.0,     6.0
hunteti01, 1991,     1, CAL , NHL , R  , 30.0,  1.0,   3.0,   4.0, 167.0, 2.0  ,  0.0,  0.0,  0.0,  0.0,  0.0, 0.0,  19.0,       ,      ,      ,        ,        ,        ,        ,        ,        ,        ,        ,      
hunteti01, 1992,     1, QUE , NHL , R  , 48.0,  5.0,   3.0,   8.0,  94.0, -4.0 ,  0.0,  0.0,  0.0,  0.0,  0.0, 0.0,  28.0,       ,      ,      ,        ,        ,        ,        ,        ,        ,        ,        ,      
hunteti01, 1992,     2, VAN , NHL , R  , 26.0,  0.0,   4.0,   4.0,  99.0, 1.0  ,  0.0,  0.0,  0.0,  0.0,  0.0, 0.0,  12.0,   11.0,   0.0,   0.0,     0.0,    26.0, -5.0   ,     0.0,     0.0,     0.0,     0.0,     0.0,     8.0
hunteti01, 1993,     1, VAN , NHL , R  , 56.0,  3.0,   4.0,   7.0, 171.0, -7.0 ,  0.0,  0.0,  1.0,  0.0,  1.0, 0.0,  41.0,   24.0,   0.0,   0.0,     0.0,    26.0, -3.0   ,     0.0,     0.0,     0.0,     0.0,     0.0,     8.0
hunteti01, 1994,     1, VAN , NHL , R  , 34.0,  3.0,   2.0,   5.0, 120.0, 1.0  ,  0.0,  0.0,  0.0,  0.0,  0.0, 0.0,  17.0,   11.0,   0.0,   0.0,     0.0,    22.0, -3.0   ,     0.0,     0.0,     0.0,     0.0,     0.0,     3.0
hunteti01, 1995,     1, VAN , NHL , R  , 60.0,  2.0,   0.0,   2.0, 122.0, -8.0 ,  0.0,  0.0,  0.0,  0.0,  1.0, 0.0,  26.0,       ,      ,      ,        ,        ,        ,        ,        ,        ,        ,        ,      
hunteti01, 1996,     1, SJS , NHL , L  , 46.0,  0.0,   4.0,   4.0, 135.0, 0.0  ,  0.0,  0.0,  0.0,  0.0,  0.0, 0.0,  13.0,       ,      ,      ,        ,        ,        ,        ,        ,        ,        ,        ,      
huntetr01, 2001,     1, NYI , NHL , R  ,     ,     ,      ,      ,      ,      ,     ,     ,     ,     ,     ,    ,      ,    4.0,   1.0,   1.0,     2.0,     2.0, 1.0    ,     0.0,     0.0,     0.0,     0.0,     0.0,    11.0
huntetr01, 2002,     1, NYI , NHL , R  ,  8.0,  0.0,   4.0,   4.0,   4.0, 5.0  ,  0.0,  0.0,  0.0,  0.0,  0.0, 0.0,  19.0,       ,      ,      ,        ,        ,        ,        ,        ,        ,        ,        ,      
huntetr01, 2003,     1, NYI , NHL , R  , 77.0, 25.0,  26.0,  51.0,  16.0, 23.0 ,  4.0,  6.0,  0.0,  0.0,  7.0, 0.0, 187.0,    5.0,   0.0,   0.0,     0.0,     4.0, -2.0   ,     0.0,     0.0,     0.0,     0.0,     0.0,     6.0
huntetr01, 2005,     1, NYI , NHL , R  , 82.0, 16.0,  19.0,  35.0,  34.0, -9.0 ,  5.0,  6.0,  0.0,  0.0,  3.0,    , 221.0,       ,      ,      ,        ,        ,        ,        ,        ,        ,        ,        ,      
huntetr01, 2006,     1, NYI , NHL , R  , 77.0, 20.0,  15.0,  35.0,  22.0, 5.0  ,  5.0,  4.0,  1.0,  1.0,  2.0,    , 168.0,    5.0,   3.0,   0.0,     3.0,     0.0, 1.0    ,     0.0,     0.0,     0.0,     0.0,     0.0,    10.0
huntetr01, 2007,     1, NYI , NHL , R  , 82.0, 12.0,  29.0,  41.0,  43.0, -17.0,  2.0,  7.0,  0.0,  2.0,  1.0,    , 222.0,       ,      ,      ,        ,        ,        ,        ,        ,        ,        ,        ,      
huntetr01, 2008,     1, NYI , NHL , R  , 55.0, 14.0,  17.0,  31.0,  41.0, -8.0 ,  5.0,  5.0,  0.0,  1.0,  2.0,    , 154.0,       ,      ,      ,        ,        ,        ,        ,        ,        ,        ,        ,      
huntetr01, 2009,     1, NYI , NHL , R  , 61.0, 11.0,  17.0,  28.0,  18.0, 3.0  ,  3.0,  3.0,  0.0,  0.0,  1.0,    , 159.0,       ,      ,      ,        ,        ,        ,        ,        ,        ,        ,        ,      
huntfr01 , 1940,     1, NYA , NHL , R  , 15.0,  2.0,   5.0,   7.0,   0.0,      ,     ,     ,     ,     ,     ,    ,      ,       ,      ,      ,        ,        ,        ,        ,        ,        ,        ,        ,      
huntfr01 , 1944,     1, NYR , NHL , R  , 44.0, 13.0,   9.0,  22.0,   6.0,      ,     ,     ,     ,     ,     ,    ,      ,       ,      ,      ,        ,        ,        ,        ,        ,        ,        ,        ,      
huntja01 , 2006,     1, WAS , NHL , D  ,  1.0,  0.0,   0.0,   0.0,   0.0, -1.0 ,  0.0,  0.0,  0.0,  0.0,  0.0,    ,   0.0,       ,      ,      ,        ,        ,        ,        ,        ,        ,        ,        ,      
hunwima01, 2007,     1, BOS , NHL , D  , 13.0,  0.0,   1.0,   1.0,   4.0, -1.0 ,  0.0,  1.0,  0.0,  0.0,  0.0,    ,   6.0,       ,      ,      ,        ,        ,        ,        ,        ,        ,        ,        ,      
hunwima01, 2008,     1, BOS , NHL , D  , 53.0,  6.0,  21.0,  27.0,  31.0, 15.0 ,  0.0,  8.0,  0.0,  0.0,  1.0,    ,  58.0,    1.0,   0.0,   0.0,     0.0,     0.0, 0.0    ,     0.0,     0.0,     0.0,     0.0,     0.0,     2.0
hunwima01, 2009,     1, BOS , NHL , D  , 76.0,  6.0,   8.0,  14.0,  32.0, -16.0,  1.0,  0.0,  1.0,  0.0,  1.0,    ,  60.0,   13.0,   0.0,   6.0,     6.0,     2.0, -1.0   ,     0.0,     3.0,     0.0,     0.0,     0.0,    15.0
hurasla01, 1976,     1, NYR , NHL , D  ,  2.0,  0.0,   0.0,   0.0,   0.0, 0.0  ,  0.0,     ,  0.0,     ,  0.0, 0.0,   0.0,       ,      ,      ,        ,        ,        ,        ,        ,        ,        ,        ,      
hurlbbo01, 1974,     1, VAN , NHL , L  ,  1.0,  0.0,   0.0,   0.0,   2.0, 0.0  ,  0.0,     ,  0.0,     ,  0.0, 0.0,   0.0,       ,      ,      ,        ,        ,        ,        ,        ,        ,        ,        ,      
hurlbmi01, 1992,     1, NYR , NHL , D  , 23.0,  1.0,   8.0,   9.0,  16.0, 4.0  ,  1.0,  3.0,  0.0,  0.0,  0.0, 0.0,  26.0,       ,      ,      ,        ,        ,        ,        ,        ,        ,        ,        ,      
hurlbmi01, 1993,     1, QUE , NHL , D  ,  1.0,  0.0,   0.0,   0.0,   0.0, -1.0 ,  0.0,  0.0,  0.0,  0.0,  0.0, 0.0,   1.0,       ,      ,      ,        ,        ,        ,        ,        ,        ,        ,        ,      
hurlbmi01, 1997,     1, BUF , NHL , D  ,  3.0,  0.0,   0.0,   0.0,   2.0, -1.0 ,  0.0,  0.0,  0.0,  0.0,  0.0, 0.0,   3.0,       ,      ,      ,        ,        ,        ,        ,        ,        ,        ,        ,      
hurlbmi01, 1998,     1, BUF , NHL , D  ,  1.0,  0.0,   0.0,   0.0,   0.0, 2.0  ,  0.0,  0.0,  0.0,  0.0,  0.0, 0.0,   2.0,       ,      ,      ,        ,        ,        ,        ,        ,        ,        ,        ,      
hurlbmi01, 1999,     1, BUF , NHL , D  ,  1.0,  0.0,   0.0,   0.0,   2.0, 1.0  ,  0.0,  0.0,  0.0,  0.0,  0.0, 0.0,   1.0,       ,      ,      ,        ,        ,        ,        ,        ,        ,        ,        ,      
hurlepa01, 1968,     1, BOS , NHL , D  ,  1.0,  0.0,   1.0,   1.0,   0.0, 1.0  ,  0.0,     ,  0.0,     ,  0.0, 0.0,   5.0,       ,      ,      ,        ,        ,        ,        ,        ,        ,        ,        ,      
hurlepa01, 1972,     1, NEW , WHA , D  , 78.0,  3.0,  15.0,  18.0,  58.0,      ,  1.0,     ,  0.0,     ,     ,    ,      ,   15.0,   0.0,   7.0,     7.0,    14.0,        ,     0.0,        ,     0.0,        ,     0.0,      
hurlepa01, 1973,     1, NEW , WHA , D  , 52.0,  3.0,  11.0,  14.0,  21.0,      ,  0.0,     ,  0.0,     ,  1.0,    ,      ,       ,      ,      ,        ,        ,        ,        ,        ,        ,        ,        ,      
hurlepa01, 1974,     1, NEW , WHA , D  , 75.0,  3.0,  26.0,  29.0,  36.0, -10.0,  0.0,     ,  0.0,     ,     ,    , 149.0,    6.0,   0.0,   1.0,     1.0,     4.0,        ,     0.0,        ,     0.0,        ,     0.0,      
hurlepa01, 1975,     1, NEW , WHA , D  , 46.0,  0.0,  14.0,  14.0,  20.0, -6.0 ,  0.0,     ,  0.0,     ,  0.0,    ,  98.0,       ,      ,      ,        ,        ,        ,        ,        ,        ,        ,        ,      
hurlepa01, 1975,     2, EDO , WHA , D  , 26.0,  1.0,   4.0,   5.0,  14.0, -5.0 ,  0.0,     ,  0.0,     ,  0.0,    ,  47.0,    4.0,   0.0,   0.0,     0.0,     0.0, -2.0   ,        ,        ,        ,        ,        ,      
hurlepa01, 1976,     1, CAC , WHA , D  , 34.0,  0.0,   6.0,   6.0,  32.0, -8.0 ,  0.0,     ,  0.0,     ,  0.0,    ,  51.0,       ,      ,      ,        ,        ,        ,        ,        ,        ,        ,        ,      
hurmeja01, 1999,     1, OTT , NHL , G  ,  1.0,  0.0,   0.0,   0.0,   0.0, 0.0  ,  0.0,  0.0,  0.0,  0.0,  0.0, 0.0,   0.0,       ,      ,      ,        ,        ,        ,        ,        ,        ,        ,        ,      
hurmeja01, 2000,     1, OTT , NHL , G  , 22.0,  0.0,   0.0,   0.0,   0.0, 0.0  ,  0.0,  0.0,  0.0,  0.0,  0.0, 0.0,   0.0,       ,      ,      ,        ,        ,        ,        ,        ,        ,        ,        ,      
hurmeja01, 2001,     1, OTT , NHL , G  , 25.0,  0.0,   0.0,   0.0,  17.0, 0.0  ,  0.0,  0.0,  0.0,  0.0,  0.0, 0.0,   0.0,       ,      ,      ,        ,        ,        ,        ,        ,        ,        ,        ,      
hurmeja01, 2002,     1, FLO , NHL , G  , 28.0,  0.0,   0.0,   0.0,   2.0, 0.0  ,  0.0,  0.0,  0.0,  0.0,  0.0, 0.0,   0.0,       ,      ,      ,        ,        ,        ,        ,        ,        ,        ,        ,      
hurstro01, 1955,     1, TOR , NHL , R  , 50.0,  7.0,   5.0,  12.0,  62.0,      ,     ,     ,     ,     ,     ,    ,      ,    3.0,   0.0,   2.0,     2.0,     4.0,        ,        ,        ,        ,        ,        ,      
hurstro01, 1956,     1, TOR , NHL , R  , 14.0,  2.0,   2.0,   4.0,   8.0,      ,     ,     ,     ,     ,     ,    ,      ,       ,      ,      ,        ,        ,        ,        ,        ,        ,        ,        ,      
huscrja01, 1988,     1, NJD , NHL , D  , 15.0,  0.0,   2.0,   2.0,  51.0, -3.0 ,  0.0,  0.0,  0.0,  0.0,  0.0, 0.0,   9.0,       ,      ,      ,        ,        ,        ,        ,        ,        ,        ,        ,      
huscrja01, 1989,     1, NJD , NHL , D  , 42.0,  2.0,   3.0,   5.0, 149.0, -2.0 ,  0.0,  0.0,  0.0,  0.0,  0.0, 0.0,  19.0,    5.0,   0.0,   0.0,     0.0,    16.0, 0.0    ,     0.0,     0.0,     0.0,     0.0,     0.0,     1.0
huscrja01, 1990,     1, NJD , NHL , D  ,  8.0,  0.0,   1.0,   1.0,  27.0, 1.0  ,  0.0,  0.0,  0.0,  0.0,  0.0, 0.0,   3.0,    3.0,   0.0,   0.0,     0.0,     6.0, 0.0    ,     0.0,     0.0,     0.0,     0.0,     0.0,     0.0
huscrja01, 1993,     1, BOS , NHL , D  , 36.0,  0.0,   1.0,   1.0, 144.0, -2.0 ,  0.0,  0.0,  0.0,  0.0,  0.0, 0.0,  13.0,    4.0,   0.0,   0.0,     0.0,     9.0, 1.0    ,     0.0,     0.0,     0.0,     0.0,     0.0,     3.0
huscrja01, 1994,     1, BOS , NHL , D  , 34.0,  0.0,   6.0,   6.0, 103.0, -3.0 ,  0.0,  0.0,  0.0,  0.0,  0.0, 0.0,  30.0,    5.0,   0.0,   0.0,     0.0,    11.0, 0.0    ,     0.0,     0.0,     0.0,     0.0,     0.0,     0.0
huscrja01, 1995,     1, CAL , NHL , D  , 70.0,  3.0,   9.0,  12.0, 162.0, 14.0 ,  0.0,  0.0,  0.0,  0.0,  1.0, 0.0,  57.0,    4.0,   0.0,   1.0,     1.0,     4.0, -2.0   ,     0.0,     0.0,     0.0,     0.0,     0.0,     4.0
huscrja01, 1996,     1, CAL , NHL , D  , 39.0,  0.0,   4.0,   4.0, 117.0, 2.0  ,  0.0,  0.0,  0.0,  0.0,  0.0, 0.0,  33.0,       ,      ,      ,        ,        ,        ,        ,        ,        ,        ,        ,      
huscrja01, 1996,     2, TBL , NHL , D  , 13.0,  0.0,   1.0,   1.0,  34.0, -4.0 ,  0.0,  0.0,  0.0,  0.0,  0.0, 0.0,   7.0,       ,      ,      ,        ,        ,        ,        ,        ,        ,        ,        ,      
huscrja01, 1997,     1, TBL , NHL , D  , 44.0,  0.0,   3.0,   3.0, 122.0, -4.0 ,  0.0,  0.0,  0.0,  0.0,  0.0, 0.0,  21.0,       ,      ,      ,        ,        ,        ,        ,        ,        ,        ,        ,      
huscrja01, 1997,     2, VAN , NHL , D  ,  7.0,  0.0,   1.0,   1.0,  55.0, 2.0  ,  0.0,  0.0,  0.0,  0.0,  0.0, 0.0,   5.0,       ,      ,      ,        ,        ,        ,        ,        ,        ,        ,        ,      
huscrja01, 1998,     1, VAN , NHL , D  , 26.0,  0.0,   1.0,   1.0,  63.0, -3.0 ,  0.0,  0.0,  0.0,  0.0,  0.0, 0.0,  20.0,       ,      ,      ,        ,        ,        ,        ,        ,        ,        ,        ,      
huscrja01, 1998,     2, PHO , NHL , D  , 11.0,  0.0,   1.0,   1.0,  27.0, -1.0 ,  0.0,  0.0,  0.0,  0.0,  0.0, 0.0,   7.0,       ,      ,      ,        ,        ,        ,        ,        ,        ,        ,        ,      
huscrja01, 1999,     1, WAS , NHL , D  ,  7.0,  0.0,   0.0,   0.0,  11.0, -5.0 ,  0.0,  0.0,  0.0,  0.0,  0.0, 0.0,   4.0,       ,      ,      ,        ,        ,        ,        ,        ,        ,        ,        ,      
huselkr01, 2001,     1, FLO , NHL , L  , 79.0, 23.0,  22.0,  45.0,  14.0, -4.0 ,  6.0,  8.0,  1.0,  1.0,  3.0, 0.0, 169.0,       ,      ,      ,        ,        ,        ,        ,        ,        ,        ,        ,      
huselkr01, 2002,     1, FLO , NHL , L  , 78.0, 20.0,  23.0,  43.0,  20.0, -6.0 ,  3.0, 10.0,  0.0,  1.0,  3.0, 3.0, 187.0,       ,      ,      ,        ,        ,        ,        ,        ,        ,        ,        ,      
huselkr01, 2003,     1, FLO , NHL , L  , 76.0, 10.0,  21.0,  31.0,  24.0, -6.0 ,  2.0,  6.0,  0.0,  0.0,  2.0, 1.0, 168.0,       ,      ,      ,        ,        ,        ,        ,        ,        ,        ,        ,      
huselkr01, 2005,     1, FLO , NHL , L  , 24.0,  5.0,   3.0,   8.0,   4.0, -11.0,  2.0,  2.0,  0.0,  0.0,  0.0,    ,  57.0,       ,      ,      ,        ,        ,        ,        ,        ,        ,        ,        ,      
huselkr01, 2005,     2, CAL , NHL , L  , 54.0, 15.0,  24.0,  39.0,  36.0, 2.0  ,  6.0, 18.0,  0.0,  0.0,  4.0,    , 107.0,    7.0,   2.0,   4.0,     6.0,     4.0, 1.0    ,     2.0,     1.0,     0.0,     0.0,     0.0,    14.0
huselkr01, 2006,     1, CAL , NHL , L  , 81.0, 34.0,  43.0,  77.0,  26.0, 21.0 , 14.0, 20.0,  2.0,  2.0,  6.0,    , 173.0,    6.0,   0.0,   2.0,     2.0,     4.0, -4.0   ,     0.0,     2.0,     0.0,     0.0,     0.0,     7.0
huselkr01, 2007,     1, CAL , NHL , L  , 81.0, 25.0,  41.0,  66.0,  40.0, 10.0 ,  6.0, 19.0,  0.0,  0.0,  5.0,    , 202.0,    7.0,   0.0,   4.0,     4.0,     6.0, -1.0   ,     0.0,     1.0,     0.0,     0.0,     0.0,     5.0
huselkr01, 2008,     1, CBS , NHL , L  , 74.0, 21.0,  35.0,  56.0,  44.0, 1.0  ,  5.0,  9.0,  0.0,  0.0,  2.0,    , 212.0,    4.0,   1.0,   1.0,     2.0,     4.0, -4.0   ,     1.0,     0.0,     0.0,     0.0,     0.0,    11.0
huselkr01, 2009,     1, CBS , NHL , L  , 74.0, 23.0,  40.0,  63.0,  36.0, -4.0 ,  8.0, 15.0,  1.0,  0.0,  5.0,    , 162.0,       ,      ,      ,        ,        ,        ,        ,        ,        ,        ,        ,      
huskary01, 1997,     1, CHI , NHL , L  ,  1.0,  0.0,   0.0,   0.0,   0.0, 0.0  ,  0.0,  0.0,  0.0,  0.0,  0.0, 0.0,   0.0,       ,      ,      ,        ,        ,        ,        ,        ,        ,        ,        ,      
huskike01, 2006,     1, AND , NHL , D  , 33.0,  0.0,   3.0,   3.0,  14.0, -3.0 ,  0.0,  1.0,  0.0,  0.0,  0.0,    ,  16.0,   21.0,   0.0,   1.0,     1.0,    11.0, 4.0    ,     0.0,     1.0,     0.0,     0.0,     0.0,     5.0
huskike01, 2007,     1, AND , NHL , D  , 76.0,  4.0,  15.0,  19.0,  59.0, 23.0 ,  1.0,  0.0,  0.0,  0.0,  2.0,    ,  46.0,    6.0,   0.0,   1.0,     1.0,     2.0, -3.0   ,     0.0,     0.0,     0.0,     0.0,     0.0,     2.0
huskike01, 2008,     1, AND , NHL , D  , 33.0,  2.0,   4.0,   6.0,  27.0, 6.0  ,  0.0,  0.0,  0.0,  0.0,  0.0,    ,  20.0,       ,      ,      ,        ,        ,        ,        ,        ,        ,        ,        ,      
huskike01, 2009,     1, SJS , NHL , D  , 82.0,  3.0,  19.0,  22.0,  47.0, 6.0  ,  0.0,  2.0,  0.0,  0.0,  0.0,    ,  47.0,   15.0,   0.0,   0.0,     0.0,     6.0, -5.0   ,     0.0,     0.0,     0.0,     0.0,     0.0,     3.0
hussema01, 2003,     1, PIT , NHL , C  ,  3.0,  2.0,   1.0,   3.0,   0.0, -1.0 ,  2.0,  0.0,  0.0,  0.0,  0.0, 0.0,   8.0,       ,      ,      ,        ,        ,        ,        ,        ,        ,        ,        ,      
hussema01, 2005,     1, PIT , NHL , C  , 13.0,  0.0,   1.0,   1.0,   0.0, -5.0 ,  0.0,  0.0,  0.0,  0.0,  0.0,    ,  17.0,       ,      ,      ,        ,        ,        ,        ,        ,        ,        ,        ,      
hussema01, 2006,     1, DET , NHL , C  ,  5.0,  0.0,   0.0,   0.0,   2.0, 0.0  ,  0.0,  0.0,  0.0,  0.0,  0.0,    ,   6.0,       ,      ,      ,        ,        ,        ,        ,        ,        ,        ,        ,      
hustoro01, 1973,     1, CLF , NHL , C  , 23.0,  3.0,  10.0,  13.0,   0.0, -12.0,  0.0,     ,  0.0,     ,  1.0, 0.0,  29.0,       ,      ,      ,        ,        ,        ,        ,        ,        ,        ,        ,      
hustoro01, 1974,     1, CLF , NHL , C  , 56.0, 12.0,  21.0,  33.0,   8.0, -15.0,  0.0,     ,  0.0,     ,  2.0, 1.0, 111.0,       ,      ,      ,        ,        ,        ,        ,        ,        ,        ,        ,      
hustoro01, 1975,     1, PHR , WHA , C  , 79.0, 22.0,  44.0,  66.0,   4.0, 0.0  ,  4.0,     ,  4.0,     ,  2.0,    , 185.0,    5.0,   1.0,   1.0,     2.0,     0.0, 1.0    ,        ,        ,        ,        ,        ,      
hustoro01, 1976,     1, PHR , WHA , C  , 80.0, 20.0,  39.0,  59.0,  10.0, -57.0,  6.0,     ,  4.0,     ,     ,    , 198.0,       ,      ,      ,        ,        ,        ,        ,        ,        ,        ,        ,      
hutchan01, 2003,     1, NAS , NHL , D  , 18.0,  4.0,   4.0,   8.0,   4.0, 1.0  ,  2.0,  2.0,  0.0,  0.0,  1.0, 0.0,  24.0,       ,      ,      ,        ,        ,        ,        ,        ,        ,        ,        ,      
hutchan01, 2005,     1, CAR , NHL , D  , 36.0,  3.0,   8.0,  11.0,  18.0, -2.0 ,  2.0,  6.0,  0.0,  0.0,  0.0,    ,  33.0,       ,      ,      ,        ,        ,        ,        ,        ,        ,        ,        ,      
hutchan01, 2006,     1, CAR , NHL , D  , 41.0,  3.0,  11.0,  14.0,  30.0, 0.0  ,  2.0,  6.0,  0.0,  0.0,  0.0,    ,  45.0,       ,      ,      ,        ,        ,        ,        ,        ,        ,        ,        ,      
hutchan01, 2008,     1, TBL , NHL , D  ,  2.0,  0.0,   0.0,   0.0,   0.0, -5.0 ,  0.0,  0.0,  0.0,  0.0,  0.0,    ,   2.0,       ,      ,      ,        ,        ,        ,        ,        ,        ,        ,        ,      
hutchan01, 2008,     2, DAL , NHL , D  , 38.0,  2.0,   3.0,   5.0,  12.0, -4.0 ,  0.0,  1.0,  0.0,  0.0,  0.0,    ,  56.0,       ,      ,      ,        ,        ,        ,        ,        ,        ,        ,        ,      
hutchda01, 1972,     1, PHB , WHA , D  , 28.0,  0.0,   2.0,   2.0,  34.0,      ,  0.0,     ,  0.0,     ,     ,    ,      ,    3.0,   0.0,   0.0,     0.0,     0.0,        ,     0.0,        ,     0.0,        ,     0.0,      
hutchda01, 1973,     1, VAB , WHA , D  , 69.0,  0.0,  13.0,  13.0, 151.0,      ,  0.0,     ,  0.0,     ,  0.0,    ,      ,       ,      ,      ,        ,        ,        ,        ,        ,        ,        ,        ,      
hutchda01, 1974,     1, LAK , NHL , D  , 68.0,  0.0,   6.0,   6.0, 133.0, 5.0  ,  0.0,     ,  0.0,     ,  0.0, 0.0,  55.0,    2.0,   0.0,   0.0,     0.0,    22.0,        ,     0.0,        ,     0.0,        ,     0.0,      
hutchda01, 1975,     1, LAK , NHL , D  , 50.0,  0.0,  10.0,  10.0, 181.0, 4.0  ,  0.0,     ,  0.0,     ,  0.0, 0.0,  61.0,    9.0,   0.0,   3.0,     3.0,    29.0,        ,     0.0,        ,     0.0,        ,     0.0,      
hutchda01, 1976,     1, LAK , NHL , D  , 70.0,  6.0,  11.0,  17.0, 220.0, 7.0  ,  1.0,     ,  0.0,     ,  3.0, 0.0, 115.0,    9.0,   1.0,   4.0,     5.0,    17.0,        ,     0.0,        ,     0.0,        ,     0.0,      
hutchda01, 1977,     1, LAK , NHL , D  , 44.0,  0.0,  10.0,  10.0,  71.0, 11.0 ,  0.0,     ,  0.0,     ,  0.0, 0.0,  60.0,       ,      ,      ,        ,        ,        ,        ,        ,        ,        ,        ,      
hutchda01, 1978,     1, TOR , NHL , D  , 79.0,  4.0,  15.0,  19.0, 235.0, 36.0 ,  0.0,     ,  0.0,     ,  0.0, 0.0, 117.0,    6.0,   0.0,   3.0,     3.0,    23.0,        ,     0.0,        ,     0.0,        ,     0.0,      
hutchda01, 1979,     1, TOR , NHL , D  , 31.0,  1.0,   6.0,   7.0,  28.0, 1.0  ,  0.0,     ,  0.0,     ,  0.0, 0.0,  21.0,       ,      ,      ,        ,        ,        ,        ,        ,        ,        ,        ,      
hutchda01, 1979,     2, CHI , NHL , D  , 38.0,  0.0,   5.0,   5.0,  73.0, 0.0  ,  0.0,     ,  0.0,     ,  0.0, 0.0,  57.0,    6.0,   0.0,   0.0,     0.0,    12.0,        ,     0.0,        ,     0.0,        ,     0.0,      
hutchda01, 1980,     1, CHI , NHL , D  , 59.0,  2.0,   9.0,  11.0, 124.0, 12.0 ,  0.0,     ,  0.0,     ,  0.0, 0.0,  58.0,    2.0,   0.0,   0.0,     0.0,     2.0,        ,     0.0,        ,     0.0,        ,     0.0,      
hutchda01, 1981,     1, CHI , NHL , D  , 66.0,  5.0,  18.0,  23.0, 246.0, 4.0  ,  0.0,     ,  1.0,     ,  0.0, 0.0,  72.0,   14.0,   1.0,   2.0,     3.0,    44.0,        ,     0.0,        ,     0.0,        ,     0.0,      
hutchda01, 1982,     1, NJD , NHL , D  , 32.0,  1.0,   4.0,   5.0, 102.0, -20.0,  0.0,     ,  0.0,     ,  0.0, 0.0,  21.0,       ,      ,      ,        ,        ,        ,        ,        ,        ,        ,        ,      
hutchda01, 1983,     1, TOR , NHL , D  , 47.0,  0.0,   3.0,   3.0, 137.0, 5.0  ,  0.0,     ,  0.0,     ,  0.0, 0.0,  16.0,       ,      ,      ,        ,        ,        ,        ,        ,        ,        ,        ,      
hutchro01, 1960,     1, NYR , NHL , C  ,  9.0,  0.0,   0.0,   0.0,   0.0,      ,     ,     ,     ,     ,     ,    ,      ,       ,      ,      ,        ,        ,        ,        ,        ,        ,        ,        ,      
huttobi01, 1929,     1, BOS , NHL , R  , 16.0,  2.0,   0.0,   2.0,   2.0,      ,     ,     ,     ,     ,     ,    ,      ,       ,      ,      ,        ,        ,        ,        ,        ,        ,        ,        ,      
huttobi01, 1929,     2, OTS , NHL , R  , 18.0,  0.0,   1.0,   1.0,   0.0,      ,     ,     ,     ,     ,     ,    ,      ,    2.0,   0.0,   0.0,     0.0,     0.0,        ,        ,        ,        ,        ,        ,      
huttobi01, 1930,     1, BOS , NHL , R  ,  9.0,  0.0,   0.0,   0.0,   4.0,      ,     ,     ,     ,     ,     ,    ,      ,       ,      ,      ,        ,        ,        ,        ,        ,        ,        ,        ,      
huttobi01, 1930,     2, PHQ , NHL , R  , 21.0,  1.0,   1.0,   2.0,   2.0,      ,     ,     ,     ,     ,     ,    ,      ,       ,      ,      ,        ,        ,        ,        ,        ,        ,        ,        ,      
hylanha01, 1909,     1, MOW , NHA ,    , 10.0, 20.0,   0.0,  20.0,  23.0,      ,     ,     ,     ,     ,     ,    ,      ,       ,      ,      ,        ,        ,        ,        ,        ,        ,        ,        ,      
hylanha01, 1910,     1, MOW , NHA ,    , 12.0, 14.0,   0.0,  14.0,  43.0,      ,     ,     ,     ,     ,     ,    ,      ,       ,      ,      ,        ,        ,        ,        ,        ,        ,        ,        ,      
hylanha01, 1911,     1, NWR , PCHA, R  , 15.0, 26.0,   0.0,  26.0,  43.0,      ,     ,     ,     ,     ,     ,    ,      ,       ,      ,      ,        ,        ,        ,        ,        ,        ,        ,        ,      
hylanha01, 1912,     1, MOW , NHA ,    , 20.0, 27.0,   0.0,  27.0,  38.0,      ,     ,     ,     ,     ,     ,    ,      ,       ,      ,      ,        ,        ,        ,        ,        ,        ,        ,        ,      
hylanha01, 1913,     1, MOW , NHA ,    , 18.0, 30.0,  12.0,  42.0,  18.0,      ,     ,     ,     ,     ,     ,    ,      ,       ,      ,      ,        ,        ,        ,        ,        ,        ,        ,        ,      
hylanha01, 1914,     1, MOW , NHA ,    , 19.0, 23.0,   6.0,  29.0,  49.0,      ,     ,     ,     ,     ,     ,    ,      ,    2.0,   0.0,      ,        ,        ,        ,        ,        ,        ,        ,        ,      
hylanha01, 1915,     1, MOW , NHA ,    , 20.0, 14.0,   0.0,  14.0,  69.0,      ,     ,     ,     ,     ,     ,    ,      ,       ,      ,      ,        ,        ,        ,        ,        ,        ,        ,        ,      
hylanha01, 1916,     1, MOW , NHA ,    , 13.0, 12.0,   2.0,  14.0,  21.0,      ,     ,     ,     ,     ,     ,    ,      ,       ,      ,      ,        ,        ,        ,        ,        ,        ,        ,        ,      
hylanha01, 1917,     1, MTW , NHL , R  ,  4.0,  6.0,   1.0,   7.0,   6.0,      ,     ,     ,     ,     ,  0.0,    ,      ,       ,      ,      ,        ,        ,        ,        ,        ,        ,        ,        ,      
hylanha01, 1917,     2, OTS , NHL , R  , 13.0,  8.0,   1.0,   9.0,  59.0,      ,     ,     ,     ,     ,  2.0,    ,      ,       ,      ,      ,        ,        ,        ,        ,        ,        ,        ,        ,      
hyndmmi01, 1972,     1, NEW , WHA , R  , 59.0,  4.0,  14.0,  18.0,  21.0,      ,  0.0,     ,  0.0,     ,     ,    ,      ,       ,      ,      ,        ,        ,        ,        ,        ,        ,        ,        ,      
hyndmmi01, 1972,     2, LAS , WHA , R  , 19.0,  8.0,   7.0,  15.0,  11.0,      ,  1.0,     ,  0.0,     ,     ,    ,      ,    6.0,   0.0,   3.0,     3.0,    17.0,        ,     0.0,        ,     0.0,        ,     0.0,      
hyndmmi01, 1973,     1, LAS , WHA , R  ,  8.0,  0.0,   1.0,   1.0,   0.0,      ,  0.0,     ,  0.0,     ,  0.0,    ,      ,       ,      ,      ,        ,        ,        ,        ,        ,        ,        ,        ,      
hynesda01, 1973,     1, BOS , NHL , L  ,  3.0,  0.0,   0.0,   0.0,   0.0, 0.0  ,  0.0,     ,  0.0,     ,  0.0, 0.0,   1.0,       ,      ,      ,        ,        ,        ,        ,        ,        ,        ,        ,      
hynesda01, 1974,     1, BOS , NHL , L  , 19.0,  4.0,   0.0,   4.0,   2.0, 3.0  ,  0.0,     ,  0.0,     ,  0.0, 0.0,  15.0,       ,      ,      ,        ,        ,        ,        ,        ,        ,        ,        ,      
hynesda01, 1976,     1, NEW , WHA , L  , 22.0,  5.0,   4.0,   9.0,   4.0, 5.0  ,  0.0,     ,  1.0,     ,     ,    ,  41.0,       ,      ,      ,        ,        ,        ,        ,        ,        ,        ,        ,      
hynesgo01, 1991,     1, BOS , NHL , D  , 15.0,  0.0,   5.0,   5.0,   6.0, 8.0  ,  0.0,  0.0,  0.0,  0.0,  0.0, 0.0,  16.0,   12.0,   1.0,   2.0,     3.0,     6.0, -3.0   ,     0.0,     0.0,     0.0,     0.0,     0.0,     7.0
hynesgo01, 1992,     1, PHI , NHL , D  , 37.0,  3.0,   4.0,   7.0,  16.0, -3.0 ,  0.0,  1.0,  0.0,  0.0,  0.0, 0.0,  39.0,       ,      ,      ,        ,        ,        ,        ,        ,        ,        ,        ,      
hyvonha01, 2001,     1, SJS , NHL , D  ,  6.0,  0.0,   0.0,   0.0,   0.0, -2.0 ,  0.0,  0.0,  0.0,  0.0,  0.0, 0.0,   4.0,       ,      ,      ,        ,        ,        ,        ,        ,        ,        ,        ,      
hyvonha01, 2002,     1, CBS , NHL , R  , 36.0,  4.0,   5.0,   9.0,  22.0, -11.0,  0.0,  1.0,  0.0,  0.0,  0.0, 0.0,  48.0,       ,      ,      ,        ,        ,        ,        ,        ,        ,        ,        ,      
iafraal01, 1984,     1, TOR , NHL , D  , 68.0,  5.0,  16.0,  21.0,  51.0, -19.0,  3.0,     ,  0.0,     ,  0.0, 0.0,  88.0,       ,      ,      ,        ,        ,        ,        ,        ,        ,        ,        ,      
iafraal01, 1985,     1, TOR , NHL , D  , 65.0,  8.0,  25.0,  33.0,  40.0, -10.0,  2.0,     ,  0.0,     ,  2.0, 0.0,  94.0,   10.0,   0.0,   3.0,     3.0,     4.0, 12.0   ,     0.0,        ,     0.0,        ,     0.0,    11.0
iafraal01, 1986,     1, TOR , NHL , D  , 80.0,  9.0,  21.0,  30.0,  55.0, -18.0,  0.0,     ,  0.0,     ,  3.0, 0.0, 132.0,   13.0,   1.0,   3.0,     4.0,    11.0, -1.0   ,     1.0,        ,     0.0,        ,     0.0,    20.0
iafraal01, 1987,     1, TOR , NHL , D  , 77.0, 22.0,  30.0,  52.0,  80.0, -21.0,  4.0, 12.0,  3.0,  1.0,  4.0, 1.0, 169.0,    6.0,   3.0,   4.0,     7.0,     6.0, -4.0   ,     2.0,     2.0,     0.0,     0.0,     0.0,    12.0
iafraal01, 1988,     1, TOR , NHL , D  , 65.0, 13.0,  20.0,  33.0,  72.0, 3.0  ,  1.0,  6.0,  2.0,  0.0,  3.0, 1.0, 105.0,       ,      ,      ,        ,        ,        ,        ,        ,        ,        ,        ,      
iafraal01, 1989,     1, TOR , NHL , D  , 75.0, 21.0,  42.0,  63.0, 135.0, -4.0 ,  6.0, 12.0,  1.0,  2.0,  0.0, 0.0, 153.0,       ,      ,      ,        ,        ,        ,        ,        ,        ,        ,        ,      
iafraal01, 1990,     1, TOR , NHL , D  , 42.0,  3.0,  15.0,  18.0, 113.0, -15.0,  2.0,     ,  0.0,     ,  0.0, 0.0,  51.0,       ,      ,      ,        ,        ,        ,        ,        ,        ,        ,        ,      
iafraal01, 1990,     2, WAS , NHL , D  , 30.0,  6.0,   8.0,  14.0, 124.0, -1.0 ,  0.0,     ,  1.0,     ,  1.0, 0.0,  55.0,   10.0,   1.0,   3.0,     4.0,    22.0, 3.0    ,     0.0,     1.0,     0.0,     1.0,     1.0,    26.0
iafraal01, 1991,     1, WAS , NHL , D  , 78.0, 17.0,  34.0,  51.0, 180.0, 1.0  ,  6.0, 12.0,  0.0,  0.0,  1.0, 1.0, 151.0,    7.0,   4.0,   2.0,     6.0,    14.0, -1.0   ,     1.0,     1.0,     0.0,     0.0,     0.0,    25.0
iafraal01, 1992,     1, WAS , NHL , D  , 81.0, 25.0,  41.0,  66.0, 169.0, 15.0 , 11.0, 20.0,  1.0,  1.0,  4.0, 0.0, 289.0,    6.0,   6.0,   0.0,     6.0,     4.0, -3.0   ,     3.0,     0.0,     0.0,     0.0,     1.0,    30.0
iafraal01, 1993,     1, WAS , NHL , D  , 67.0, 10.0,  35.0,  45.0, 143.0, 10.0 ,  4.0, 17.0,  0.0,  1.0,  3.0, 0.0, 252.0,       ,      ,      ,        ,        ,        ,        ,        ,        ,        ,        ,      
iafraal01, 1993,     2, BOS , NHL , D  , 12.0,  5.0,   8.0,  13.0,  20.0, 6.0  ,  2.0,  2.0,  0.0,  0.0,  1.0, 0.0,  47.0,   13.0,   3.0,   1.0,     4.0,     6.0, -2.0   ,     1.0,     1.0,     0.0,     0.0,     1.0,    49.0
iafraal01, 1996,     1, SJS , NHL , D  , 38.0,  6.0,   9.0,  15.0,  91.0, -10.0,  3.0,  4.0,  0.0,  0.0,  0.0, 0.0,  91.0,       ,      ,      ,        ,        ,        ,        ,        ,        ,        ,        ,      
iafraal01, 1997,     1, SJS , NHL , D  , 21.0,  2.0,   7.0,   9.0,  28.0, -1.0 ,  2.0,  2.0,  0.0,  1.0,  0.0, 0.0,  37.0,    6.0,   1.0,   0.0,     1.0,    10.0, -4.0   ,     1.0,     0.0,     0.0,     0.0,     0.0,    10.0
iggulmi01, 2007,     1, SJS , NHL , C  ,  1.0,  0.0,   0.0,   0.0,   0.0, -1.0 ,  0.0,  0.0,  0.0,  0.0,  0.0,    ,   1.0,       ,      ,      ,        ,        ,        ,        ,        ,        ,        ,        ,      
iggulmi01, 2008,     1, NYI , NHL , C  , 11.0,  1.0,   4.0,   5.0,   4.0, -3.0 ,  0.0,  0.0,  0.0,  0.0,  0.0,    ,  16.0,       ,      ,      ,        ,        ,        ,        ,        ,        ,        ,        ,      
iginlja01, 1995,     1, CAL , NHL , C  ,     ,     ,      ,      ,      ,      ,     ,     ,     ,     ,     ,    ,      ,    2.0,   1.0,   1.0,     2.0,     0.0, 2.0    ,     0.0,     0.0,     0.0,     0.0,     0.0,     6.0
iginlja01, 1996,     1, CAL , NHL , R  , 82.0, 21.0,  29.0,  50.0,  37.0, -4.0 ,  8.0,  9.0,  1.0,  3.0,  3.0, 0.0, 169.0,       ,      ,      ,        ,        ,        ,        ,        ,        ,        ,        ,      
iginlja01, 1997,     1, CAL , NHL , R  , 70.0, 13.0,  19.0,  32.0,  29.0, -10.0,  0.0,  5.0,  2.0,  1.0,  1.0, 0.0, 154.0,       ,      ,      ,        ,        ,        ,        ,        ,        ,        ,        ,      
iginlja01, 1998,     1, CAL , NHL , R  , 82.0, 28.0,  23.0,  51.0,  58.0, 1.0  ,  7.0,  9.0,  0.0,  0.0,  4.0, 1.0, 211.0,       ,      ,      ,        ,        ,        ,        ,        ,        ,        ,        ,      
iginlja01, 1999,     1, CAL , NHL , R  , 77.0, 29.0,  34.0,  63.0,  26.0, 0.0  , 12.0, 11.0,  0.0,  0.0,  4.0, 0.0, 256.0,       ,      ,      ,        ,        ,        ,        ,        ,        ,        ,        ,      
iginlja01, 2000,     1, CAL , NHL , R  , 77.0, 31.0,  40.0,  71.0,  62.0, -2.0 , 10.0, 18.0,  0.0,  1.0,  4.0, 3.0, 229.0,       ,      ,      ,        ,        ,        ,        ,        ,        ,        ,        ,      
iginlja01, 2001,     1, CAL , NHL , R  , 82.0, 52.0,  44.0,  96.0,  77.0, 27.0 , 16.0, 14.0,  1.0,  1.0,  7.0, 2.0, 311.0,       ,      ,      ,        ,        ,        ,        ,        ,        ,        ,        ,      
iginlja01, 2002,     1, CAL , NHL , R  , 75.0, 35.0,  32.0,  67.0,  49.0, -10.0, 11.0,  9.0,  3.0,  0.0,  6.0, 1.0, 316.0,       ,      ,      ,        ,        ,        ,        ,        ,        ,        ,        ,      
iginlja01, 2003,     1, CAL , NHL , R  , 81.0, 41.0,  32.0,  73.0,  84.0, 21.0 ,  8.0, 13.0,  4.0,  1.0, 10.0, 1.0, 265.0,   26.0,  13.0,   9.0,    22.0,    45.0, 13.0   ,     4.0,     3.0,     2.0,     0.0,     3.0,    93.0
iginlja01, 2005,     1, CAL , NHL , R  , 82.0, 35.0,  32.0,  67.0,  86.0, 5.0  , 17.0, 14.0,  1.0,  2.0,  6.0,    , 293.0,    7.0,   5.0,   3.0,     8.0,    11.0, 3.0    ,     1.0,     2.0,     1.0,     0.0,     1.0,    24.0
iginlja01, 2006,     1, CAL , NHL , R  , 70.0, 39.0,  55.0,  94.0,  40.0, 12.0 , 13.0, 20.0,  1.0,  0.0,  7.0,    , 264.0,    6.0,   2.0,   2.0,     4.0,    12.0, -2.0   ,     0.0,     2.0,     0.0,     0.0,     1.0,    13.0
iginlja01, 2007,     1, CAL , NHL , R  , 82.0, 50.0,  48.0,  98.0,  83.0, 27.0 , 15.0, 18.0,  0.0,  0.0,  9.0,    , 338.0,    7.0,   4.0,   5.0,     9.0,     2.0, -1.0   ,     3.0,     2.0,     0.0,     0.0,     0.0,    27.0
iginlja01, 2008,     1, CAL , NHL , R  , 82.0, 35.0,  54.0,  89.0,  37.0, -2.0 , 10.0, 22.0,  0.0,  0.0,  4.0,    , 289.0,    6.0,   3.0,   1.0,     4.0,     0.0, -4.0   ,     2.0,     0.0,     0.0,     0.0,     0.0,    18.0
iginlja01, 2009,     1, CAL , NHL , R  , 82.0, 32.0,  37.0,  69.0,  58.0, -2.0 , 10.0, 11.0,  0.0,  0.0,  5.0,    , 257.0,       ,      ,      ,        ,        ,        ,        ,        ,        ,        ,        ,      
ignatvi01, 1998,     1, PIT , NHL , D  , 11.0,  0.0,   1.0,   1.0,   6.0, -3.0 ,  0.0,  1.0,  0.0,  0.0,  0.0, 0.0,  15.0,    1.0,   0.0,   0.0,     0.0,     2.0, 0.0    ,     0.0,     0.0,     0.0,     0.0,     0.0,     0.0
ihnacmi01, 1985,     1, TOR , NHL , L  , 21.0,  2.0,   4.0,   6.0,  27.0, -6.0 ,  1.0,     ,  0.0,     ,  0.0, 0.0,  25.0,       ,      ,      ,        ,        ,        ,        ,        ,        ,        ,        ,      
ihnacmi01, 1986,     1, TOR , NHL , R  , 34.0,  6.0,   5.0,  11.0,  12.0, 3.0  ,  0.0,     ,  0.0,     ,  0.0, 0.0,  65.0,    1.0,   0.0,   0.0,     0.0,     0.0, 0.0    ,     0.0,        ,     0.0,        ,     0.0,     2.0
ihnacmi01, 1988,     1, DET , NHL , L  ,  1.0,  0.0,   0.0,   0.0,   0.0, 0.0  ,  0.0,  0.0,  0.0,  0.0,  0.0, 0.0,   1.0,       ,      ,      ,        ,        ,        ,        ,        ,        ,        ,        ,      
ihnacpe01, 1982,     1, TOR , NHL , C  , 80.0, 28.0,  38.0,  66.0,  44.0, 6.0  ,  6.0,     ,  0.0,     ,  2.0, 1.0, 162.0,       ,      ,      ,        ,        ,        ,        ,        ,        ,        ,        ,      
ihnacpe01, 1983,     1, TOR , NHL , C  , 47.0, 10.0,  13.0,  23.0,  24.0, -21.0,  5.0,     ,  0.0,     ,  0.0, 0.0,  76.0,       ,      ,      ,        ,        ,        ,        ,        ,        ,        ,        ,      
ihnacpe01, 1984,     1, TOR , NHL , C  , 70.0, 22.0,  22.0,  44.0,  24.0, -26.0,  8.0,     ,  0.0,     ,  1.0, 0.0, 115.0,       ,      ,      ,        ,        ,        ,        ,        ,        ,        ,        ,      
ihnacpe01, 1985,     1, TOR , NHL , C  , 63.0, 18.0,  27.0,  45.0,  16.0, -9.0 ,  5.0,     ,  0.0,     ,  1.0, 1.0,  96.0,   10.0,   2.0,   3.0,     5.0,    12.0, -1.0   ,     0.0,        ,     0.0,        ,     1.0,    20.0
ihnacpe01, 1986,     1, TOR , NHL , C  , 58.0, 12.0,  27.0,  39.0,  16.0, 5.0  ,  4.0,     ,  0.0,     ,  1.0, 0.0,  98.0,   13.0,   2.0,   4.0,     6.0,     9.0, 3.0    ,     0.0,        ,     0.0,        ,     0.0,    17.0
ihnacpe01, 1987,     1, TOR , NHL , C  , 68.0, 10.0,  20.0,  30.0,  41.0, -6.0 ,  0.0,  2.0,  0.0,  0.0,  0.0, 0.0,  75.0,    5.0,   0.0,   3.0,     3.0,     4.0, 2.0    ,     0.0,     0.0,     0.0,     0.0,     0.0,     8.0
ihnacpe01, 1988,     1, TOR , NHL , C  , 26.0,  2.0,  16.0,  18.0,  10.0, 3.0  ,  0.0,  0.0,  0.0,  0.0,  0.0, 0.0,  30.0,       ,      ,      ,        ,        ,        ,        ,        ,        ,        ,        ,      
ihnacpe01, 1989,     1, TOR , NHL , C  ,  5.0,  0.0,   2.0,   2.0,   0.0, 3.0  ,  0.0,  0.0,  0.0,  0.0,  0.0, 0.0,   5.0,       ,      ,      ,        ,        ,        ,        ,        ,        ,        ,        ,      
imlacbr01, 1965,     1, TOR , NHL , C  ,  2.0,  0.0,   0.0,   0.0,   0.0,      ,  0.0,     ,  0.0,     ,  0.0, 0.0,      ,       ,      ,      ,        ,        ,        ,        ,        ,        ,        ,        ,      
imlacbr01, 1966,     1, TOR , NHL , C  ,  1.0,  0.0,   0.0,   0.0,   0.0,      ,  0.0,     ,  0.0,     ,  0.0, 0.0,      ,       ,      ,      ,        ,        ,        ,        ,        ,        ,        ,        ,      
immonja01, 2005,     1, NYR , NHL , C  ,  6.0,  2.0,   0.0,   2.0,   0.0, -1.0 ,  1.0,  0.0,  0.0,  0.0,  0.0,    ,   8.0,       ,      ,      ,        ,        ,        ,        ,        ,        ,        ,        ,      
immonja01, 2006,     1, NYR , NHL , C  , 14.0,  1.0,   5.0,   6.0,   4.0, -2.0 ,  0.0,  2.0,  0.0,  0.0,  1.0,    ,  14.0,       ,      ,      ,        ,        ,        ,        ,        ,        ,        ,        ,      
ingarea01, 1958,     1, NYR , NHL , C  , 35.0,  1.0,   2.0,   3.0,  10.0,      ,     ,     ,     ,     ,     ,    ,      ,       ,      ,      ,        ,        ,        ,        ,        ,        ,        ,        ,      
ingarea01, 1959,     1, NYR , NHL , C  , 20.0,  1.0,   2.0,   3.0,   2.0,      ,     ,     ,     ,     ,     ,    ,      ,       ,      ,      ,        ,        ,        ,        ,        ,        ,        ,        ,      
ingarea01, 1960,     1, NYR , NHL , C  , 66.0, 13.0,  21.0,  34.0,  18.0,      ,     ,     ,     ,     ,     ,    ,      ,       ,      ,      ,        ,        ,        ,        ,        ,        ,        ,        ,      
ingarea01, 1961,     1, NYR , NHL , C  , 70.0, 26.0,  31.0,  57.0,  18.0,      ,     ,     ,     ,     ,     ,    ,      ,    6.0,   3.0,   2.0,     5.0,     2.0,        ,        ,        ,        ,        ,     0.0,      
ingarea01, 1962,     1, NYR , NHL , C  , 69.0, 19.0,  24.0,  43.0,  40.0,      ,     ,     ,     ,     ,     ,    ,      ,       ,      ,      ,        ,        ,        ,        ,        ,        ,        ,        ,      
ingarea01, 1963,     1, NYR , NHL , C  , 63.0, 15.0,  11.0,  26.0,  26.0,      ,  0.0,     ,  0.0,     ,  2.0, 0.0,      ,       ,      ,      ,        ,        ,        ,        ,        ,        ,        ,        ,      
ingarea01, 1964,     1, NYR , NHL , C  , 69.0, 15.0,  13.0,  28.0,  40.0,      ,  3.0,     ,  1.0,     ,  1.0, 1.0,      ,       ,      ,      ,        ,        ,        ,        ,        ,        ,        ,        ,      
ingarea01, 1965,     1, NYR , NHL , C  , 68.0, 20.0,  16.0,  36.0,  35.0,      ,  2.0,     ,  0.0,     ,  3.0, 3.0,      ,       ,      ,      ,        ,        ,        ,        ,        ,        ,        ,        ,      
ingarea01, 1966,     1, NYR , NHL , C  , 67.0, 12.0,  22.0,  34.0,  12.0,      ,  0.0,     ,  1.0,     ,  3.0, 1.0,      ,    4.0,   1.0,   0.0,     1.0,     2.0,        ,        ,        ,        ,        ,     0.0,      
ingarea01, 1967,     1, PIT , NHL , C  , 50.0, 15.0,  22.0,  37.0,  12.0, -7.0 ,  2.0,     ,  1.0,     ,  0.0, 0.0, 110.0,       ,      ,      ,        ,        ,        ,        ,        ,        ,        ,        ,      
ingarea01, 1968,     1, PIT , NHL , C  , 40.0,  8.0,  15.0,  23.0,   4.0, -17.0,  3.0,     ,  0.0,     ,  0.0, 0.0,  71.0,       ,      ,      ,        ,        ,        ,        ,        ,        ,        ,        ,      
ingarea01, 1968,     2, OAK , NHL , L  , 26.0,  8.0,  15.0,  23.0,   8.0, -1.0 ,  3.0,     ,  0.0,     ,  0.0, 0.0,  60.0,    7.0,   4.0,   6.0,    10.0,     2.0,        ,     0.0,        ,     1.0,        ,     1.0,      
ingarea01, 1969,     1, OAK , NHL , C  , 54.0, 21.0,  24.0,  45.0,  10.0, -7.0 ,  9.0,     ,  0.0,     ,  3.0, 2.0, 130.0,    4.0,   1.0,   0.0,     1.0,     4.0,        ,     0.0,        ,     1.0,        ,     0.0,      
ingarea01, 1970,     1, CLF , NHL , C  , 49.0,  5.0,   8.0,  13.0,   4.0, -8.0 ,  0.0,     ,  0.0,     ,  0.0, 0.0,  76.0,       ,      ,      ,        ,        ,        ,        ,        ,        ,        ,        ,      
ingarea02, 1979,     1, ATF , NHL , C  ,  1.0,  0.0,   0.0,   0.0,   0.0, -1.0 ,  0.0,     ,  0.0,     ,  0.0, 0.0,   7.0,    2.0,   0.0,   1.0,     1.0,     0.0,        ,     0.0,        ,     0.0,        ,     0.0,      
ingarea02, 1980,     1, CAL , NHL , C  , 16.0,  2.0,   3.0,   5.0,   6.0, 1.0  ,  0.0,     ,  0.0,     ,  0.0, 0.0,  20.0,       ,      ,      ,        ,        ,        ,        ,        ,        ,        ,        ,      
ingarea02, 1980,     2, DET , NHL , C  , 22.0,  2.0,   1.0,   3.0,  16.0, 2.0  ,  0.0,     ,  0.0,     ,  0.0, 0.0,  18.0,       ,      ,      ,        ,        ,        ,        ,        ,        ,        ,        ,      
inglibi01, 1967,     1, LAK , NHL , C  , 12.0,  1.0,   1.0,   2.0,   0.0, -6.0 ,  0.0,     ,  0.0,     ,  0.0, 0.0,  17.0,       ,      ,      ,        ,        ,        ,        ,        ,        ,        ,        ,      
inglibi01, 1968,     1, LAK , NHL , C  , 10.0,  0.0,   1.0,   1.0,   0.0, -2.0 ,  0.0,     ,  0.0,     ,  0.0, 0.0,  18.0,   11.0,   1.0,   2.0,     3.0,     4.0,        ,     0.0,        ,     0.0,        ,     0.0,      
inglibi01, 1970,     1, BUF , NHL , C  , 14.0,  0.0,   1.0,   1.0,   4.0, -4.0 ,  0.0,     ,  0.0,     ,  0.0, 0.0,   9.0,       ,      ,      ,        ,        ,        ,        ,        ,        ,        ,        ,      
inglile01, 1973,     1, NYJ , WHA , L  ,  5.0,  0.0,   0.0,   0.0,   0.0,      ,  0.0,     ,  0.0,     ,  0.0,    ,      ,       ,      ,      ,        ,        ,        ,        ,        ,        ,        ,        ,      
inglile01, 1974,     1, SDM , WHA , L  ,  5.0,  0.0,   2.0,   2.0,   0.0,      ,  0.0,     ,  0.0,     ,  0.0,    ,  11.0,       ,      ,      ,        ,        ,        ,        ,        ,        ,        ,        ,      
ingoljo01, 1942,     1, TOR , NHL , R  ,  8.0,  0.0,   1.0,   1.0,   0.0,      ,     ,     ,     ,     ,     ,    ,      ,       ,      ,      ,        ,        ,        ,        ,        ,        ,        ,        ,      
ingoljo01, 1943,     1, TOR , NHL , D  , 21.0,  5.0,   0.0,   5.0,  15.0,      ,     ,     ,     ,     ,     ,    ,      ,       ,      ,      ,        ,        ,        ,        ,        ,        ,        ,        ,      
ingpe01  , 1989,     1, TOR , NHL , G  ,  3.0,  0.0,   0.0,   0.0,   0.0, 0.0  ,  0.0,  0.0,  0.0,  0.0,  0.0, 0.0,   0.0,       ,      ,      ,        ,        ,        ,        ,        ,        ,        ,        ,      
ingpe01  , 1990,     1, TOR , NHL , G  , 56.0,  0.0,   0.0,   0.0,   6.0, 0.0  ,  0.0,  0.0,  0.0,  0.0,  0.0, 0.0,   0.0,       ,      ,      ,        ,        ,        ,        ,        ,        ,        ,        ,      
ingpe01  , 1991,     1, EDM , NHL , G  , 12.0,  0.0,   3.0,   3.0,   0.0, 0.0  ,  0.0,  1.0,  0.0,  0.0,  0.0, 0.0,   0.0,       ,      ,      ,        ,        ,        ,        ,        ,        ,        ,        ,      
ingpe01  , 1993,     1, DET , NHL , G  ,  3.0,  0.0,   0.0,   0.0,   0.0, 0.0  ,  0.0,  0.0,  0.0,  0.0,  0.0, 0.0,   0.0,       ,      ,      ,        ,        ,        ,        ,        ,        ,        ,        ,      
ingrafr01, 1929,     1, CHI , NHL , R  , 37.0,  6.0,  10.0,  16.0,  28.0,      ,     ,     ,     ,     ,     ,    ,      ,    2.0,   0.0,   0.0,     0.0,     0.0,        ,        ,        ,        ,        ,        ,      
ingrafr01, 1930,     1, CHI , NHL , R  , 43.0, 17.0,   4.0,  21.0,  37.0,      ,     ,     ,     ,     ,     ,    ,      ,    9.0,   0.0,   1.0,     1.0,     2.0,        ,        ,        ,        ,        ,        ,      
ingrafr01, 1931,     1, CHI , NHL , R  , 21.0,  1.0,   2.0,   3.0,   4.0,      ,     ,     ,     ,     ,     ,    ,      ,       ,      ,      ,        ,        ,        ,        ,        ,        ,        ,        ,      
ingrajo01, 1924,     1, BOS , NHL , C  ,  1.0,  0.0,   0.0,   0.0,   0.0,      ,     ,     ,     ,     ,     ,    ,      ,       ,      ,      ,        ,        ,        ,        ,        ,        ,        ,        ,      
ingraro01, 1956,     1, CHI , NHL , D  , 45.0,  1.0,   6.0,   7.0,  21.0,      ,     ,     ,     ,     ,     ,    ,      ,       ,      ,      ,        ,        ,        ,        ,        ,        ,        ,        ,      
ingraro01, 1962,     1, CHI , NHL , D  ,     ,     ,      ,      ,      ,      ,     ,     ,     ,     ,     ,    ,      ,    2.0,   0.0,   0.0,     0.0,     0.0,        ,        ,        ,        ,        ,     0.0,      
ingraro01, 1963,     1, DET , NHL , D  , 50.0,  3.0,   6.0,   9.0,  50.0,      ,  0.0,     ,  0.0,     ,  0.0, 0.0,      ,       ,      ,      ,        ,        ,        ,        ,        ,        ,        ,        ,      
ingraro01, 1963,     2, NYR , NHL , D  , 16.0,  1.0,   3.0,   4.0,   8.0,      ,  0.0,     ,  0.0,     ,  0.0, 0.0,      ,       ,      ,      ,        ,        ,        ,        ,        ,        ,        ,        ,      
ingraro01, 1964,     1, NYR , NHL , D  ,  3.0,  0.0,   0.0,   0.0,   2.0,      ,  0.0,     ,  0.0,     ,  0.0, 0.0,      ,       ,      ,      ,        ,        ,        ,        ,        ,        ,        ,        ,      
inkpeda01, 1975,     1, CIN , WHA , D  , 80.0,  4.0,  24.0,  28.0,  95.0, -10.0,  0.0,     ,  0.0,     ,  2.0,    , 120.0,       ,      ,      ,        ,        ,        ,        ,        ,        ,        ,        ,      
inkpeda01, 1976,     1, CIN , WHA , D  , 48.0,  3.0,  14.0,  17.0,  61.0, 6.0  ,  0.0,     ,  0.0,     ,     ,    ,  81.0,       ,      ,      ,        ,        ,        ,        ,        ,        ,        ,        ,      
inkpeda01, 1976,     2, IND , WHA , D  , 32.0,  4.0,  12.0,  16.0,  20.0, 10.0 ,  0.0,     ,  0.0,     ,     ,    ,  43.0,    9.0,   0.0,   2.0,     2.0,     8.0, -4.0   ,     0.0,        ,     0.0,        ,     0.0,      
inkpeda01, 1977,     1, EDO , WHA , D  , 19.0,  0.0,   1.0,   1.0,  16.0, -6.0 ,  0.0,     ,  0.0,     ,     ,    ,   7.0,       ,      ,      ,        ,        ,        ,        ,        ,        ,        ,        ,      
inkpeda01, 1977,     2, QUN , WHA , D  , 24.0,  0.0,   1.0,   1.0,  20.0, -6.0 ,  0.0,     ,  0.0,     ,     ,    ,   8.0,       ,      ,      ,        ,        ,        ,        ,        ,        ,        ,        ,      
inkpeda01, 1977,     3, IND , WHA , D  , 24.0,  1.0,   9.0,  10.0,  24.0, -5.0 ,  0.0,     ,  0.0,     ,     ,    ,  26.0,       ,      ,      ,        ,        ,        ,        ,        ,        ,        ,        ,      
inkpeda01, 1978,     1, IND , WHA , D  , 25.0,  1.0,   8.0,   9.0,  22.0, -5.0 ,  0.0,     ,  0.0,     ,     ,    ,  34.0,       ,      ,      ,        ,        ,        ,        ,        ,        ,        ,        ,      
inkpeda01, 1978,     2, NEW , WHA , D  , 41.0,  0.0,   7.0,   7.0,  15.0, 10.0 ,  0.0,     ,  0.0,     ,     ,    ,  31.0,    5.0,   0.0,   1.0,     1.0,     4.0, 2.0    ,        ,        ,        ,        ,     0.0,      
innesga01, 1973,     1, PIT , NHL , G  , 20.0,  0.0,   0.0,   0.0,   0.0, 0.0  ,  0.0,     ,  0.0,     ,  0.0, 0.0,   0.0,       ,      ,      ,        ,        ,        ,        ,        ,        ,        ,        ,      
innesga01, 1974,     1, PIT , NHL , G  , 57.0,  0.0,   2.0,   2.0,   2.0, 0.0  ,  0.0,     ,  0.0,     ,  0.0, 0.0,   0.0,    9.0,   0.0,   0.0,     0.0,     2.0,        ,     0.0,        ,     0.0,        ,     0.0,      
innesga01, 1975,     1, PIT , NHL , G  , 23.0,  0.0,   0.0,   0.0,   2.0, 0.0  ,  0.0,     ,  0.0,     ,  0.0, 0.0,   0.0,       ,      ,      ,        ,        ,        ,        ,        ,        ,        ,        ,      
innesga01, 1975,     2, PHI , NHL , G  ,  2.0,  0.0,   0.0,   0.0,   0.0, 0.0  ,  0.0,     ,  0.0,     ,  0.0, 0.0,   0.0,       ,      ,      ,        ,        ,        ,        ,        ,        ,        ,        ,      
innesga01, 1976,     1, PHI , NHL , G  ,  6.0,  0.0,   1.0,   1.0,   0.0, 0.0  ,  0.0,     ,  0.0,     ,  0.0, 0.0,   0.0,       ,      ,      ,        ,        ,        ,        ,        ,        ,        ,        ,      
innesga01, 1977,     1, IND , WHA , G  , 52.0,  0.0,   0.0,   0.0,  42.0, 0.0  ,  0.0,     ,  0.0,     ,     ,    ,   0.0,       ,      ,      ,        ,        ,        ,        ,        ,        ,        ,        ,      
innesga01, 1978,     1, IND , WHA , G  , 10.0,  0.0,   0.0,   0.0,   9.0, 0.0  ,  0.0,     ,  0.0,     ,     ,    ,   0.0,       ,      ,      ,        ,        ,        ,        ,        ,        ,        ,        ,      
innesga01, 1978,     2, WAS , NHL , G  , 37.0,  0.0,   2.0,   2.0,   6.0, 0.0  ,  0.0,     ,  0.0,     ,  0.0, 0.0,   0.0,       ,      ,      ,        ,        ,        ,        ,        ,        ,        ,        ,      
innesga01, 1979,     1, WAS , NHL , G  , 14.0,  0.0,   0.0,   0.0,   2.0, 0.0  ,  0.0,     ,  0.0,     ,  0.0, 0.0,   0.0,       ,      ,      ,        ,        ,        ,        ,        ,        ,        ,        ,      
innesga01, 1980,     1, WAS , NHL , G  ,  3.0,  0.0,   0.0,   0.0,   0.0, 0.0  ,  0.0,     ,  0.0,     ,  0.0, 0.0,   0.0,       ,      ,      ,        ,        ,        ,        ,        ,        ,        ,        ,      
intrara01, 1994,     1, EDM , NHL , C  ,  1.0,  0.0,   1.0,   1.0,   0.0, 1.0  ,  0.0,  0.0,  0.0,  0.0,  0.0, 0.0,   1.0,       ,      ,      ,        ,        ,        ,        ,        ,        ,        ,        ,      
intrara01, 1995,     1, EDM , NHL , C  , 13.0,  1.0,   2.0,   3.0,   4.0, -3.0 ,  0.0,  1.0,  0.0,  0.0,  1.0, 0.0,  19.0,       ,      ,      ,        ,        ,        ,        ,        ,        ,        ,        ,      
intrara01, 1996,     1, TOR , NHL , C  ,  3.0,  0.0,   1.0,   1.0,   0.0, -1.0 ,  0.0,  0.0,  0.0,  0.0,  0.0, 0.0,   4.0,       ,      ,      ,        ,        ,        ,        ,        ,        ,        ,        ,      
intrara01, 1996,     2, EDM , NHL , C  ,  5.0,  1.0,   0.0,   1.0,   0.0, 0.0  ,  0.0,  0.0,  0.0,  0.0,  0.0, 0.0,   2.0,       ,      ,      ,        ,        ,        ,        ,        ,        ,        ,        ,      
irbear01 , 1991,     1, SJS , NHL , G  , 13.0,  0.0,   1.0,   1.0,   0.0, 0.0  ,  0.0,  0.0,  0.0,  0.0,  0.0, 0.0,   0.0,       ,      ,      ,        ,        ,        ,        ,        ,        ,        ,        ,      
irbear01 , 1992,     1, SJS , NHL , G  , 36.0,  0.0,   0.0,   0.0,  10.0, 0.0  ,  0.0,  0.0,  0.0,  0.0,  0.0, 0.0,   0.0,       ,      ,      ,        ,        ,        ,        ,        ,        ,        ,        ,      
irbear01 , 1993,     1, SJS , NHL , G  , 74.0,  0.0,   2.0,   2.0,  16.0, 0.0  ,  0.0,  0.0,  0.0,  1.0,  0.0, 0.0,   0.0,   14.0,   0.0,   0.0,     0.0,     6.0, 0.0    ,     0.0,     0.0,     0.0,     0.0,     0.0,     0.0
irbear01 , 1994,     1, SJS , NHL , G  , 38.0,  0.0,   0.0,   0.0,   4.0, 0.0  ,  0.0,  0.0,  0.0,  0.0,  0.0, 0.0,   0.0,    6.0,   0.0,   0.0,     0.0,    10.0, 0.0    ,     0.0,     0.0,     0.0,     0.0,     0.0,     0.0
irbear01 , 1995,     1, SJS , NHL , G  , 22.0,  0.0,   0.0,   0.0,   4.0, 0.0  ,  0.0,  0.0,  0.0,  0.0,  0.0, 0.0,   0.0,       ,      ,      ,        ,        ,        ,        ,        ,        ,        ,        ,      
irbear01 , 1996,     1, DAL , NHL , G  , 35.0,  0.0,   2.0,   2.0,   8.0, 0.0  ,  0.0,  0.0,  0.0,  1.0,  0.0, 0.0,   0.0,    1.0,   0.0,   0.0,     0.0,     0.0, 0.0    ,     0.0,     0.0,     0.0,     0.0,     0.0,     0.0
irbear01 , 1997,     1, VAN , NHL , G  , 41.0,  0.0,   0.0,   0.0,   2.0, 0.0  ,  0.0,  0.0,  0.0,  0.0,  0.0, 0.0,   0.0,       ,      ,      ,        ,        ,        ,        ,        ,        ,        ,        ,      
irbear01 , 1998,     1, CAR , NHL , G  , 62.0,  0.0,   0.0,   0.0,  10.0, 0.0  ,  0.0,  0.0,  0.0,  0.0,  0.0, 0.0,   0.0,    6.0,   0.0,   0.0,     0.0,     0.0, 0.0    ,     0.0,     0.0,     0.0,     0.0,     0.0,     0.0
irbear01 , 1999,     1, CAR , NHL , G  , 75.0,  0.0,   1.0,   1.0,  14.0, 0.0  ,  0.0,  0.0,  0.0,  0.0,  0.0, 0.0,   0.0,       ,      ,      ,        ,        ,        ,        ,        ,        ,        ,        ,      
irbear01 , 2000,     1, CAR , NHL , G  , 77.0,  0.0,   2.0,   2.0,   6.0, 0.0  ,  0.0,  1.0,  0.0,  0.0,  0.0, 0.0,   0.0,    6.0,   0.0,   0.0,     0.0,     4.0, 0.0    ,     0.0,     0.0,     0.0,     0.0,     0.0,     0.0
irbear01 , 2001,     1, CAR , NHL , G  , 51.0,  0.0,   1.0,   1.0,  10.0, 0.0  ,  0.0,  0.0,  0.0,  0.0,  0.0, 0.0,   0.0,   18.0,   0.0,   0.0,     0.0,     0.0, 0.0    ,     0.0,     0.0,     0.0,     0.0,     0.0,     0.0
irbear01 , 2002,     1, CAR , NHL , G  , 34.0,  0.0,   0.0,   0.0,   4.0, 0.0  ,  0.0,  0.0,  0.0,  0.0,  0.0, 0.0,   0.0,       ,      ,      ,        ,        ,        ,        ,        ,        ,        ,        ,      
irbear01 , 2003,     1, CAR , NHL , G  , 10.0,  0.0,   0.0,   0.0,   2.0, 0.0  ,  0.0,  0.0,  0.0,  0.0,  0.0, 0.0,   0.0,       ,      ,      ,        ,        ,        ,        ,        ,        ,        ,        ,      
irelara01, 1978,     1, BUF , NHL , G  ,  2.0,  0.0,   0.0,   0.0,   0.0, 0.0  ,  0.0,     ,  0.0,     ,  0.0, 0.0,   0.0,       ,      ,      ,        ,        ,        ,        ,        ,        ,        ,        ,      
irmenda01, 2009,     1, MIN , NHL , C  ,  2.0,  0.0,   0.0,   0.0,   0.0, -1.0 ,  0.0,  0.0,  0.0,  0.0,  0.0,    ,   0.0,       ,      ,      ,        ,        ,        ,        ,        ,        ,        ,        ,      
ironsjo01, 1925,     1, NYA , NHL , G  ,  1.0,  0.0,   0.0,   0.0,   0.0,      ,     ,     ,     ,     ,     ,    ,      ,       ,      ,      ,        ,        ,        ,        ,        ,        ,        ,        ,      
ironsjo01, 1927,     1, TOR , NHL , G  ,  1.0,  0.0,   0.0,   0.0,   0.0,      ,     ,     ,     ,     ,     ,    ,      ,       ,      ,      ,        ,        ,        ,        ,        ,        ,        ,        ,      
ironsro01, 1968,     1, STL , NHL , G  ,  1.0,  0.0,   0.0,   0.0,   0.0, 0.0  ,  0.0,     ,  0.0,     ,  0.0, 0.0,   0.0,       ,      ,      ,        ,        ,        ,        ,        ,        ,        ,        ,      
irvinal01, 1918,     1, VML , PCHA, D  , 11.0,  1.0,   2.0,   3.0,   3.0,      ,     ,     ,     ,     ,     ,    ,      ,       ,      ,      ,        ,        ,        ,        ,        ,        ,        ,        ,      
irvinal01, 1918,     2, VA2 , PCHA, D  ,  4.0,  1.0,   0.0,   1.0,   0.0,      ,     ,     ,     ,     ,     ,    ,      ,       ,      ,      ,        ,        ,        ,        ,        ,        ,        ,        ,      
irvinde01, 1915,     1, PO1 , PCHA, D  , 18.0,  2.0,   5.0,   7.0,  21.0,      ,     ,     ,     ,     ,     ,    ,      ,       ,      ,      ,        ,        ,        ,        ,        ,        ,        ,        ,      
irvindi01, 1916,     1, PO1 , PCHA, C  , 23.0, 35.0,  11.0,  46.0,  27.0,      ,     ,     ,     ,     ,     ,    ,      ,       ,      ,      ,        ,        ,        ,        ,        ,        ,        ,        ,      
irvindi01, 1921,     1, REG , WCHL, C  , 20.0, 21.0,   7.0,  28.0,  17.0,      ,     ,     ,     ,     ,     ,    ,      ,    6.0,   4.0,   0.0,     4.0,     2.0,        ,        ,        ,        ,        ,        ,      
irvindi01, 1922,     1, REG , WCHL, C  , 25.0,  9.0,   4.0,  13.0,  12.0,      ,     ,     ,     ,     ,     ,    ,      ,    2.0,   1.0,   0.0,     1.0,     0.0,        ,        ,        ,        ,        ,        ,      
irvindi01, 1923,     1, REG , WCHL, C  , 29.0, 15.0,   8.0,  23.0,  33.0,      ,     ,     ,     ,     ,     ,    ,      ,    2.0,   0.0,   0.0,     0.0,     4.0,        ,        ,        ,        ,        ,        ,      
irvindi01, 1924,     1, REG , WCHL, C  , 28.0, 13.0,   5.0,  18.0,  38.0,      ,     ,     ,     ,     ,     ,    ,      ,       ,      ,      ,        ,        ,        ,        ,        ,        ,        ,        ,      
irvindi01, 1925,     1, POR , WCHL, C  , 30.0, 31.0,   5.0,  36.0,  29.0,      ,     ,     ,     ,     ,     ,    ,      ,       ,      ,      ,        ,        ,        ,        ,        ,        ,        ,        ,      
irvindi01, 1926,     1, CHI , NHL , C  , 43.0, 18.0,  18.0,  36.0,  34.0,      ,     ,     ,     ,     ,     ,    ,      ,    2.0,   2.0,   0.0,     2.0,     4.0,        ,        ,        ,        ,        ,        ,      
irvindi01, 1927,     1, CHI , NHL , C  , 12.0,  5.0,   4.0,   9.0,  14.0,      ,     ,     ,     ,     ,     ,    ,      ,       ,      ,      ,        ,        ,        ,        ,        ,        ,        ,        ,      
irvindi01, 1928,     1, CHI , NHL , C  , 39.0,  6.0,   1.0,   7.0,  30.0,      ,     ,     ,     ,     ,     ,    ,      ,       ,      ,      ,        ,        ,        ,        ,        ,        ,        ,        ,      
irvinte01, 1963,     1, BOS , NHL , L  ,  1.0,  0.0,   0.0,   0.0,   0.0,      ,  0.0,     ,  0.0,     ,  0.0, 0.0,      ,       ,      ,      ,        ,        ,        ,        ,        ,        ,        ,        ,      
irvinte01, 1967,     1, LAK , NHL , L  , 73.0, 18.0,  22.0,  40.0,  26.0, -10.0,  4.0,     ,  1.0,     ,  3.0, 2.0, 136.0,    6.0,   1.0,   3.0,     4.0,     2.0,        ,     0.0,        ,     0.0,        ,     0.0,      
irvinte01, 1968,     1, LAK , NHL , L  , 76.0, 15.0,  24.0,  39.0,  47.0, -17.0,  0.0,     ,  0.0,     ,  3.0, 0.0, 206.0,   11.0,   5.0,   1.0,     6.0,     7.0,        ,     1.0,        ,     0.0,        ,     1.0,      
irvinte01, 1969,     1, LAK , NHL , L  , 58.0, 11.0,  13.0,  24.0,  28.0, -20.0,  2.0,     ,  0.0,     ,  0.0, 0.0, 120.0,       ,      ,      ,        ,        ,        ,        ,        ,        ,        ,        ,      
irvinte01, 1969,     2, NYR , NHL , L  , 17.0,  0.0,   3.0,   3.0,  10.0, -6.0 ,  0.0,     ,  0.0,     ,  0.0, 0.0,  28.0,    6.0,   1.0,   2.0,     3.0,     8.0,        ,     0.0,        ,     0.0,        ,     1.0,      
irvinte01, 1970,     1, NYR , NHL , L  , 76.0, 20.0,  18.0,  38.0, 137.0, 18.0 ,  2.0,     ,  0.0,     ,  6.0, 1.0, 150.0,   12.0,   1.0,   2.0,     3.0,    28.0,        ,     0.0,        ,     0.0,        ,     0.0,      
irvinte01, 1971,     1, NYR , NHL , L  , 78.0, 15.0,  21.0,  36.0,  66.0, 8.0  ,  0.0,     ,  0.0,     ,  1.0, 0.0, 164.0,   16.0,   4.0,   5.0,     9.0,    19.0,        ,     0.0,        ,     0.0,        ,     0.0,      
irvinte01, 1972,     1, NYR , NHL , L  , 53.0,  8.0,  12.0,  20.0,  54.0, 4.0  ,  1.0,     ,  0.0,     ,  1.0, 0.0,  91.0,   10.0,   1.0,   3.0,     4.0,    20.0,        ,     1.0,        ,     0.0,        ,     0.0,      
irvinte01, 1973,     1, NYR , NHL , L  , 75.0, 26.0,  20.0,  46.0, 105.0, 2.0  ,  2.0,     ,  0.0,     ,  5.0, 1.0, 142.0,   13.0,   3.0,   5.0,     8.0,    16.0,        ,     0.0,        ,     0.0,        ,     0.0,      
irvinte01, 1974,     1, NYR , NHL , L  , 79.0, 17.0,  17.0,  34.0,  66.0, -15.0,  4.0,     ,  0.0,     ,  3.0, 2.0, 174.0,    3.0,   0.0,   1.0,     1.0,    11.0,        ,     0.0,        ,     0.0,        ,     0.0,      
irvinte01, 1975,     1, STL , NHL , L  , 69.0, 10.0,  13.0,  23.0,  80.0, -12.0,  2.0,     ,  0.0,     ,  2.0, 1.0, 105.0,    3.0,   0.0,   2.0,     2.0,     2.0,        ,     0.0,        ,     0.0,        ,     0.0,      
irvinte01, 1976,     1, STL , NHL , L  , 69.0, 14.0,  14.0,  28.0,  38.0, -16.0,  1.0,     ,  0.0,     ,  2.0, 0.0, 122.0,    3.0,   0.0,   0.0,     0.0,     2.0,        ,     0.0,        ,     0.0,        ,     0.0,      
irwinbr01, 2009,     1, TOR , NHL , C  ,  2.0,  0.0,   0.0,   0.0,   2.0, 0.0  ,  0.0,  0.0,  0.0,  0.0,  0.0,    ,   3.0,       ,      ,      ,        ,        ,        ,        ,        ,        ,        ,        ,      
irwingl01, 1974,     1, HOU , WHA , D  , 70.0,  2.0,  11.0,  13.0, 153.0, 38.0 ,  0.0,     ,  0.0,     ,     ,    ,  61.0,   13.0,   0.0,   2.0,     2.0,     8.0,        ,     0.0,        ,     0.0,        ,     0.0,      
irwingl01, 1975,     1, HOU , WHA , D  , 72.0,  3.0,   8.0,  11.0, 116.0, 3.0  ,  0.0,     ,  0.0,     ,  0.0,    ,  59.0,    5.0,   0.0,   0.0,     0.0,     9.0, 0.0    ,        ,        ,        ,        ,        ,      
irwingl01, 1976,     1, HOU , WHA , D  , 44.0,  2.0,   4.0,   6.0, 168.0, -12.0,  0.0,     ,  0.0,     ,     ,    ,  38.0,       ,      ,      ,        ,        ,        ,        ,        ,        ,        ,        ,      
irwingl01, 1977,     1, HOU , WHA , D  ,  3.0,  0.0,   0.0,   0.0,   0.0,      ,  0.0,     ,  0.0,     ,     ,    ,      ,       ,      ,      ,        ,        ,        ,        ,        ,        ,        ,        ,      
irwingl01, 1977,     2, IND , WHA , D  , 20.0,  0.0,   0.0,   0.0,  72.0,      ,  0.0,     ,  0.0,     ,     ,    ,      ,       ,      ,      ,        ,        ,        ,        ,        ,        ,        ,        ,      
irwingl01, 1978,     1, IND , WHA , D  , 24.0,  0.0,   1.0,   1.0, 124.0, -10.0,  0.0,     ,  0.0,     ,     ,    ,  19.0,       ,      ,      ,        ,        ,        ,        ,        ,        ,        ,        ,      
irwiniv01, 1952,     1, MTL , NHL , D  ,  4.0,  0.0,   1.0,   1.0,   0.0,      ,     ,     ,     ,     ,     ,    ,      ,       ,      ,      ,        ,        ,        ,        ,        ,        ,        ,        ,      
irwiniv01, 1953,     1, NYR , NHL , D  , 56.0,  2.0,  12.0,  14.0, 109.0,      ,     ,     ,     ,     ,     ,    ,      ,       ,      ,      ,        ,        ,        ,        ,        ,        ,        ,        ,      
irwiniv01, 1954,     1, NYR , NHL , D  , 60.0,  0.0,  13.0,  13.0,  85.0,      ,     ,     ,     ,     ,     ,    ,      ,       ,      ,      ,        ,        ,        ,        ,        ,        ,        ,        ,      
irwiniv01, 1955,     1, NYR , NHL , D  , 34.0,  0.0,   1.0,   1.0,  20.0,      ,     ,     ,     ,     ,     ,    ,      ,    5.0,   0.0,   0.0,     0.0,     8.0,        ,        ,        ,        ,        ,        ,      
irwiniv01, 1957,     1, NYR , NHL , D  ,  1.0,  0.0,   0.0,   0.0,   0.0,      ,     ,     ,     ,     ,     ,    ,      ,       ,      ,      ,        ,        ,        ,        ,        ,        ,        ,        ,      
isaksul01, 1982,     1, LAK , NHL , L  , 50.0,  7.0,  15.0,  22.0,  10.0, 1.0  ,  0.0,     ,  0.0,     ,  1.0, 0.0,  71.0,       ,      ,      ,        ,        ,        ,        ,        ,        ,        ,        ,      
isbisbr01, 1997,     1, PHO , NHL , L  , 66.0,  9.0,   8.0,  17.0, 102.0, 4.0  ,  1.0,  1.0,  0.0,  0.0,  1.0, 0.0, 115.0,    5.0,   0.0,   0.0,     0.0,     2.0, -1.0   ,     0.0,     0.0,     0.0,     0.0,     0.0,     6.0
isbisbr01, 1998,     1, PHO , NHL , R  , 32.0,  4.0,   4.0,   8.0,  46.0, 1.0  ,  0.0,  0.0,  0.0,  0.0,  2.0, 0.0,  48.0,       ,      ,      ,        ,        ,        ,        ,        ,        ,        ,        ,      
isbisbr01, 1999,     1, NYI , NHL , L  , 64.0, 22.0,  20.0,  42.0, 100.0, -18.0,  9.0,  8.0,  0.0,  0.0,  1.0, 1.0, 135.0,       ,      ,      ,        ,        ,        ,        ,        ,        ,        ,        ,      
isbisbr01, 2000,     1, NYI , NHL , L  , 51.0, 18.0,  14.0,  32.0,  59.0, -19.0,  7.0,  4.0,  1.0,  0.0,  4.0, 0.0, 129.0,       ,      ,      ,        ,        ,        ,        ,        ,        ,        ,        ,      
isbisbr01, 2001,     1, NYI , NHL , L  , 79.0, 17.0,  21.0,  38.0, 113.0, 1.0  ,  4.0,  2.0,  0.0,  0.0,  2.0, 0.0, 142.0,    3.0,   1.0,   1.0,     2.0,    17.0, 0.0    ,     1.0,     0.0,     0.0,     0.0,     1.0,     4.0
isbisbr01, 2002,     1, NYI , NHL , L  , 53.0, 10.0,  13.0,  23.0,  34.0, -9.0 ,  2.0,  2.0,  0.0,  0.0,  2.0, 1.0,  90.0,       ,      ,      ,        ,        ,        ,        ,        ,        ,        ,        ,      
isbisbr01, 2002,     2, EDM , NHL , L  , 13.0,  3.0,   2.0,   5.0,   9.0, 0.0  ,  0.0,  1.0,  0.0,  0.0,  1.0, 0.0,  29.0,    6.0,   0.0,   1.0,     1.0,    12.0, -1.0   ,     0.0,     0.0,     0.0,     0.0,     0.0,     5.0
isbisbr01, 2003,     1, EDM , NHL , L  , 51.0, 10.0,   8.0,  18.0,  54.0, -2.0 ,  1.0,  0.0,  0.0,  0.0,  2.0, 1.0,  80.0,       ,      ,      ,        ,        ,        ,        ,        ,        ,        ,        ,      
isbisbr01, 2005,     1, BOS , NHL , R  , 58.0,  6.0,  17.0,  23.0,  46.0, -2.0 ,  1.0,  2.0,  0.0,  0.0,  0.0,    , 112.0,       ,      ,      ,        ,        ,        ,        ,        ,        ,        ,        ,      
isbisbr01, 2006,     1, NYR , NHL , L  , 19.0,  1.0,   4.0,   5.0,  14.0, 5.0  ,  1.0,  0.0,  0.0,  0.0,  0.0,    ,  36.0,    4.0,   0.0,   0.0,     0.0,     2.0, -3.0   ,     0.0,     0.0,     0.0,     0.0,     0.0,     2.0
isbisbr01, 2007,     1, VAN , NHL , L  , 55.0,  6.0,   5.0,  11.0,  38.0, -4.0 ,  0.0,  1.0,  0.0,  0.0,  1.0,    ,  71.0,       ,      ,      ,        ,        ,        ,        ,        ,        ,        ,        ,      
israela01, 1974,     1, VAB , WHA , L  , 46.0, 12.0,   9.0,  21.0,  10.0, -2.0 ,  1.0,     ,  0.0,     ,     ,    ,  63.0,       ,      ,      ,        ,        ,        ,        ,        ,        ,        ,        ,      
israela01, 1975,     1, CAC , WHA , L  , 57.0, 10.0,  22.0,  32.0,  26.0, 10.0 ,  1.0,     ,  0.0,     ,  1.0,    ,  69.0,    3.0,   0.0,   0.0,     0.0,     0.0, -2.0   ,        ,        ,        ,        ,        ,      
israela01, 1976,     1, CAC , WHA , L  ,  2.0,  0.0,   0.0,   0.0,   0.0, -2.0 ,  0.0,     ,  0.0,     ,  0.0,    ,   3.0,       ,      ,      ,        ,        ,        ,        ,        ,        ,        ,        ,      
isselki01, 1988,     1, EDM , NHL , R  ,  4.0,  0.0,   0.0,   0.0,   0.0, -1.0 ,  0.0,  0.0,  0.0,  0.0,  0.0, 0.0,   1.0,       ,      ,      ,        ,        ,        ,        ,        ,        ,        ,        ,      
ivanara01, 2005,     1, MTL , NHL , D  ,  4.0,  0.0,   0.0,   0.0,   9.0, -1.0 ,  0.0,  0.0,  0.0,  0.0,  0.0,    ,   0.0,       ,      ,      ,        ,        ,        ,        ,        ,        ,        ,        ,      
ivanara01, 2006,     1, LAK , NHL , L  , 66.0,  4.0,   4.0,   8.0, 140.0, -12.0,  0.0,  0.0,  0.0,  0.0,  0.0,    ,  37.0,       ,      ,      ,        ,        ,        ,        ,        ,        ,        ,        ,      
ivanara01, 2007,     1, LAK , NHL , L  , 73.0,  6.0,   2.0,   8.0, 134.0, -10.0,  0.0,  0.0,  0.0,  0.0,  0.0,    ,  48.0,       ,      ,      ,        ,        ,        ,        ,        ,        ,        ,        ,      
ivanara01, 2008,     1, LAK , NHL , L  , 76.0,  2.0,   0.0,   2.0, 145.0, -8.0 ,  0.0,  0.0,  0.0,  0.0,  2.0,    ,  25.0,       ,      ,      ,        ,        ,        ,        ,        ,        ,        ,        ,      
ivanara01, 2009,     1, LAK , NHL , L  , 61.0,  0.0,   0.0,   0.0, 136.0, -8.0 ,  0.0,  0.0,  0.0,  0.0,  0.0,    ,  18.0,    1.0,   0.0,   0.0,     0.0,     0.0, 0.0    ,     0.0,     0.0,     0.0,     0.0,     0.0,     0.0
jablopa01, 1989,     1, STL , NHL , G  ,  4.0,  0.0,   0.0,   0.0,   0.0, 0.0  ,  0.0,  0.0,  0.0,  0.0,  0.0, 0.0,   0.0,       ,      ,      ,        ,        ,        ,        ,        ,        ,        ,        ,      
jablopa01, 1990,     1, STL , NHL , G  ,  8.0,  0.0,   1.0,   1.0,   0.0, 0.0  ,  0.0,     ,  0.0,     ,  0.0, 0.0,   0.0,    3.0,   0.0,   0.0,     0.0,     0.0, 0.0    ,     0.0,     0.0,     0.0,     0.0,     0.0,     0.0
jablopa01, 1991,     1, STL , NHL , G  , 10.0,  0.0,   0.0,   0.0,   4.0, 0.0  ,  0.0,  0.0,  0.0,  0.0,  0.0, 0.0,   0.0,       ,      ,      ,        ,        ,        ,        ,        ,        ,        ,        ,      
jablopa01, 1992,     1, TBL , NHL , G  , 43.0,  0.0,   2.0,   2.0,   7.0, 0.0  ,  0.0,  0.0,  0.0,  0.0,  0.0, 0.0,   0.0,       ,      ,      ,        ,        ,        ,        ,        ,        ,        ,        ,      
jablopa01, 1993,     1, TBL , NHL , G  , 15.0,  0.0,   0.0,   0.0,   0.0, 0.0  ,  0.0,  0.0,  0.0,  0.0,  0.0, 0.0,   0.0,       ,      ,      ,        ,        ,        ,        ,        ,        ,        ,        ,      
jablopa01, 1995,     1, STL , NHL , G  ,  1.0,  0.0,   0.0,   0.0,   0.0, 0.0  ,  0.0,  0.0,  0.0,  0.0,  0.0, 0.0,   0.0,       ,      ,      ,        ,        ,        ,        ,        ,        ,        ,        ,      
jablopa01, 1995,     2, MTL , NHL , G  , 23.0,  0.0,   1.0,   1.0,   2.0, 0.0  ,  0.0,  0.0,  0.0,  1.0,  0.0, 0.0,   0.0,    1.0,   0.0,   0.0,     0.0,     0.0, 0.0    ,     0.0,     0.0,     0.0,     0.0,     0.0,     0.0
jablopa01, 1996,     1, MTL , NHL , G  , 17.0,  0.0,   0.0,   0.0,   0.0, 0.0  ,  0.0,  0.0,  0.0,  0.0,  0.0, 0.0,   0.0,       ,      ,      ,        ,        ,        ,        ,        ,        ,        ,        ,      
jablopa01, 1996,     2, PHO , NHL , G  ,  2.0,  0.0,   0.0,   0.0,   0.0, 0.0  ,  0.0,  0.0,  0.0,  0.0,  0.0, 0.0,   0.0,       ,      ,      ,        ,        ,        ,        ,        ,        ,        ,        ,      
jablopa01, 1997,     1, CAR , NHL , G  ,  5.0,  0.0,   0.0,   0.0,   0.0, 0.0  ,  0.0,  0.0,  0.0,  0.0,  0.0, 0.0,   0.0,       ,      ,      ,        ,        ,        ,        ,        ,        ,        ,        ,      
jacingr01, 2005,     1, FLO , NHL , C  , 11.0,  0.0,   1.0,   1.0,   4.0, -1.0 ,  0.0,  0.0,  0.0,  0.0,  0.0,    ,  10.0,       ,      ,      ,        ,        ,        ,        ,        ,        ,        ,        ,      
jacingr01, 2006,     1, FLO , NHL , C  ,  3.0,  0.0,   0.0,   0.0,   2.0, -1.0 ,  0.0,  0.0,  0.0,  0.0,  0.0,    ,   2.0,       ,      ,      ,        ,        ,        ,        ,        ,        ,        ,        ,      
jackmba01, 2001,     1, STL , NHL , D  ,  1.0,  0.0,   0.0,   0.0,   0.0, 0.0  ,  0.0,  0.0,  0.0,  0.0,  0.0, 0.0,   1.0,    1.0,   0.0,   0.0,     0.0,     2.0, 0.0    ,     0.0,     0.0,     0.0,     0.0,     0.0,     2.0
jackmba01, 2002,     1, STL , NHL , D  , 82.0,  3.0,  16.0,  19.0, 190.0, 23.0 ,  0.0,  0.0,  0.0,  0.0,  0.0, 0.0,  66.0,    7.0,   0.0,   0.0,     0.0,    14.0, -2.0   ,     0.0,     0.0,     0.0,     0.0,     0.0,     3.0
jackmba01, 2003,     1, STL , NHL , D  , 15.0,  1.0,   2.0,   3.0,  41.0, -1.0 ,  0.0,  0.0,  0.0,  0.0,  0.0, 0.0,  11.0,       ,      ,      ,        ,        ,        ,        ,        ,        ,        ,        ,      
jackmba01, 2005,     1, STL , NHL , D  , 63.0,  4.0,   6.0,  10.0, 156.0, -6.0 ,  0.0,  1.0,  0.0,  0.0,  2.0,    ,  56.0,       ,      ,      ,        ,        ,        ,        ,        ,        ,        ,        ,      
jackmba01, 2006,     1, STL , NHL , D  , 70.0,  3.0,  24.0,  27.0,  82.0, 20.0 ,  1.0,  1.0,  0.0,  1.0,  1.0,    ,  86.0,       ,      ,      ,        ,        ,        ,        ,        ,        ,        ,        ,      
jackmba01, 2007,     1, STL , NHL , D  , 78.0,  2.0,  14.0,  16.0,  93.0, -12.0,  1.0,  2.0,  0.0,  1.0,  0.0,    ,  80.0,       ,      ,      ,        ,        ,        ,        ,        ,        ,        ,        ,      
jackmba01, 2008,     1, STL , NHL , D  , 82.0,  4.0,  17.0,  21.0,  86.0, -17.0,  1.0,  1.0,  1.0,  1.0,  0.0,    ,  89.0,    4.0,   0.0,   1.0,     1.0,     5.0, -2.0   ,     0.0,     0.0,     0.0,     0.0,     0.0,     4.0
jackmba01, 2009,     1, STL , NHL , D  , 66.0,  2.0,  15.0,  17.0,  81.0, 3.0  ,  0.0,  0.0,  1.0,  0.0,  0.0,    ,  73.0,       ,      ,      ,        ,        ,        ,        ,        ,        ,        ,        ,      
jackmri01, 1999,     1, DAL , NHL , D  , 22.0,  1.0,   2.0,   3.0,   6.0, -1.0 ,  1.0,  0.0,  0.0,  0.0,  0.0, 0.0,  16.0,       ,      ,      ,        ,        ,        ,        ,        ,        ,        ,        ,      
jackmri01, 2000,     1, DAL , NHL , D  , 16.0,  0.0,   0.0,   0.0,  18.0, -6.0 ,  0.0,  0.0,  0.0,  0.0,  0.0, 0.0,  10.0,       ,      ,      ,        ,        ,        ,        ,        ,        ,        ,        ,      
jackmri01, 2001,     1, BOS , NHL , D  ,  2.0,  0.0,   0.0,   0.0,   2.0, -1.0 ,  0.0,  0.0,  0.0,  0.0,  0.0, 0.0,   4.0,       ,      ,      ,        ,        ,        ,        ,        ,        ,        ,        ,      
jackmri01, 2002,     1, TOR , NHL , D  , 42.0,  0.0,   2.0,   2.0,  41.0, -10.0,  0.0,  2.0,  0.0,  0.0,  0.0, 0.0,  35.0,       ,      ,      ,        ,        ,        ,        ,        ,        ,        ,        ,      
jackmri01, 2003,     1, TOR , NHL , D  , 29.0,  2.0,   4.0,   6.0,  13.0, -11.0,  1.0,  2.0,  0.0,  0.0,  1.0, 0.0,  35.0,       ,      ,      ,        ,        ,        ,        ,        ,        ,        ,        ,      
jackmri01, 2003,     2, PIT , NHL , D  , 25.0,  7.0,  17.0,  24.0,  14.0, -5.0 ,  6.0,  9.0,  0.0,  1.0,  1.0, 0.0,  56.0,       ,      ,      ,        ,        ,        ,        ,        ,        ,        ,        ,      
jackmri01, 2005,     1, PIT , NHL , D  , 49.0,  6.0,  22.0,  28.0,  46.0, -20.0,  3.0,  9.0,  0.0,  1.0,  1.0,    ,  95.0,       ,      ,      ,        ,        ,        ,        ,        ,        ,        ,        ,      
jackmri01, 2005,     2, FLO , NHL , D  , 15.0,  1.0,   1.0,   2.0,   6.0, 0.0  ,  0.0,  1.0,  0.0,  0.0,  0.0,    ,  25.0,       ,      ,      ,        ,        ,        ,        ,        ,        ,        ,        ,      
jackmri01, 2006,     1, FLO , NHL , D  ,  7.0,  1.0,   0.0,   1.0,  10.0, -3.0 ,  0.0,  0.0,  0.0,  0.0,  1.0,    ,  13.0,       ,      ,      ,        ,        ,        ,        ,        ,        ,        ,        ,      
jackmri01, 2006,     2, AND , NHL , D  , 24.0,  1.0,  10.0,  11.0,  10.0, 3.0  ,  1.0,  5.0,  0.0,  0.0,  0.0,    ,  23.0,    7.0,   1.0,   1.0,     2.0,     2.0, 2.0    ,     1.0,     0.0,     0.0,     0.0,     0.0,     2.0
jackmti01, 2003,     1, CBS , NHL , R  , 19.0,  1.0,   2.0,   3.0,  16.0, -7.0 ,  0.0,  0.0,  0.0,  0.0,  0.0, 0.0,  18.0,       ,      ,      ,        ,        ,        ,        ,        ,        ,        ,        ,      
jackmti01, 2005,     1, PHO , NHL , R  ,  8.0,  0.0,   0.0,   0.0,  21.0, 1.0  ,  0.0,  0.0,  0.0,  0.0,  0.0,    ,   4.0,       ,      ,      ,        ,        ,        ,        ,        ,        ,        ,        ,      
jackmti01, 2006,     1, LAK , NHL , R  ,  5.0,  0.0,   0.0,   0.0,  10.0, -1.0 ,  0.0,  0.0,  0.0,  0.0,  0.0,    ,   3.0,       ,      ,      ,        ,        ,        ,        ,        ,        ,        ,        ,      
jackmti01, 2007,     1, NYI , NHL , R  , 36.0,  1.0,   3.0,   4.0,  57.0, -3.0 ,  0.0,  0.0,  0.0,  0.0,  0.0,    ,  36.0,       ,      ,      ,        ,        ,        ,        ,        ,        ,        ,        ,      
jackmti01, 2008,     1, NYI , NHL , R  , 69.0,  5.0,   7.0,  12.0, 155.0, -17.0,  0.0,  0.0,  1.0,  0.0,  0.0,    ,  99.0,       ,      ,      ,        ,        ,        ,        ,        ,        ,        ,        ,      
jackmti01, 2009,     1, NYI , NHL , R  , 54.0,  4.0,   5.0,   9.0,  98.0, -4.0 ,  0.0,  0.0,  0.0,  0.0,  0.0,    ,  51.0,       ,      ,      ,        ,        ,        ,        ,        ,        ,        ,        ,      
jacksar01, 1934,     1, TOR , NHL , C  , 20.0,  1.0,   3.0,   4.0,   4.0,      ,     ,     ,     ,     ,     ,    ,      ,    1.0,   0.0,   0.0,     0.0,     2.0,        ,        ,        ,        ,        ,        ,      
jacksar01, 1935,     1, TOR , NHL , C  , 48.0,  5.0,  15.0,  20.0,  14.0,      ,     ,     ,     ,     ,     ,    ,      ,    8.0,   0.0,   3.0,     3.0,     2.0,        ,        ,        ,        ,        ,        ,      
jacksar01, 1936,     1, TOR , NHL , C  , 14.0,  2.0,   0.0,   2.0,   2.0,      ,     ,     ,     ,     ,     ,    ,      ,       ,      ,      ,        ,        ,        ,        ,        ,        ,        ,        ,      
jacksar01, 1937,     1, BOS , NHL , L  , 48.0,  9.0,   3.0,  12.0,  24.0,      ,     ,     ,     ,     ,     ,    ,      ,    3.0,   0.0,   0.0,     0.0,     0.0,        ,        ,        ,        ,        ,        ,      
jacksar01, 1938,     1, NYA , NHL , C  , 48.0, 12.0,  13.0,  25.0,  15.0,      ,     ,     ,     ,     ,     ,    ,      ,    2.0,   0.0,   0.0,     0.0,     2.0,        ,        ,        ,        ,        ,        ,      
jacksar01, 1939,     1, BOS , NHL , C  , 46.0,  7.0,  18.0,  25.0,   6.0,      ,     ,     ,     ,     ,     ,    ,      ,    5.0,   1.0,   2.0,     3.0,     0.0,        ,        ,        ,        ,        ,        ,      
jacksar01, 1940,     1, BOS , NHL , C  , 48.0, 17.0,  15.0,  32.0,  10.0,      ,     ,     ,     ,     ,     ,    ,      ,   11.0,   1.0,   3.0,     4.0,    16.0,        ,        ,        ,        ,        ,        ,      
jacksar01, 1941,     1, BOS , NHL , C  , 47.0,  6.0,  18.0,  24.0,  25.0,      ,     ,     ,     ,     ,     ,    ,      ,    5.0,   0.0,   1.0,     1.0,     0.0,        ,        ,        ,        ,        ,        ,      
jacksar01, 1942,     1, BOS , NHL , C  , 50.0, 22.0,  31.0,  53.0,  20.0,      ,     ,     ,     ,     ,     ,    ,      ,    9.0,   6.0,   3.0,     9.0,     7.0,        ,        ,        ,        ,        ,        ,      
jacksar01, 1943,     1, BOS , NHL , R  , 49.0, 28.0,  41.0,  69.0,   8.0,      ,     ,     ,     ,     ,     ,    ,      ,       ,      ,      ,        ,        ,        ,        ,        ,        ,        ,        ,      
jacksar01, 1944,     1, BOS , NHL , C  , 19.0,  5.0,   8.0,  13.0,  10.0,      ,     ,     ,     ,     ,     ,    ,      ,       ,      ,      ,        ,        ,        ,        ,        ,        ,        ,        ,      
jacksar01, 1944,     2, TOR , NHL , C  , 31.0,  9.0,  13.0,  22.0,   6.0,      ,     ,     ,     ,     ,     ,    ,      ,    8.0,   0.0,   0.0,     0.0,     0.0,        ,        ,        ,        ,        ,        ,      
jacksbu01, 1929,     1, TOR , NHL , L  , 31.0, 12.0,   6.0,  18.0,  29.0,      ,     ,     ,     ,     ,     ,    ,      ,       ,      ,      ,        ,        ,        ,        ,        ,        ,        ,        ,      
jacksbu01, 1930,     1, TOR , NHL , L  , 43.0, 18.0,  13.0,  31.0,  81.0,      ,     ,     ,     ,     ,     ,    ,      ,    2.0,   0.0,   0.0,     0.0,     0.0,        ,        ,        ,        ,        ,        ,      
jacksbu01, 1931,     1, TOR , NHL , L  , 48.0, 28.0,  25.0,  53.0,  63.0,      ,     ,     ,     ,     ,     ,    ,      ,    7.0,   5.0,   2.0,     7.0,    13.0,        ,        ,        ,        ,        ,        ,      
jacksbu01, 1932,     1, TOR , NHL , L  , 48.0, 27.0,  17.0,  44.0,  43.0,      ,     ,     ,     ,     ,     ,    ,      ,    9.0,   3.0,   1.0,     4.0,     2.0,        ,        ,        ,        ,        ,        ,      
jacksbu01, 1933,     1, TOR , NHL , L  , 38.0, 20.0,  18.0,  38.0,  38.0,      ,     ,     ,     ,     ,     ,    ,      ,    5.0,   1.0,   0.0,     1.0,     8.0,        ,        ,        ,        ,        ,        ,      
jacksbu01, 1934,     1, TOR , NHL , L  , 42.0, 22.0,  22.0,  44.0,  27.0,      ,     ,     ,     ,     ,     ,    ,      ,    7.0,   3.0,   2.0,     5.0,     2.0,        ,        ,        ,        ,        ,        ,      
jacksbu01, 1935,     1, TOR , NHL , L  , 47.0, 11.0,  11.0,  22.0,  19.0,      ,     ,     ,     ,     ,     ,    ,      ,    9.0,   3.0,   2.0,     5.0,     4.0,        ,        ,        ,        ,        ,        ,      
jacksbu01, 1936,     1, TOR , NHL , L  , 46.0, 21.0,  19.0,  40.0,  12.0,      ,     ,     ,     ,     ,     ,    ,      ,    2.0,   1.0,   0.0,     1.0,     2.0,        ,        ,        ,        ,        ,        ,      
jacksbu01, 1937,     1, TOR , NHL , L  , 48.0, 17.0,  17.0,  34.0,  18.0,      ,     ,     ,     ,     ,     ,    ,      ,    6.0,   1.0,   0.0,     1.0,     8.0,        ,        ,        ,        ,        ,        ,      
jacksbu01, 1938,     1, TOR , NHL , L  , 41.0, 10.0,  17.0,  27.0,  12.0,      ,     ,     ,     ,     ,     ,    ,      ,    7.0,   0.0,   1.0,     1.0,     2.0,        ,        ,        ,        ,        ,        ,      
jacksbu01, 1939,     1, NYA , NHL , L  , 43.0, 12.0,   8.0,  20.0,  10.0,      ,     ,     ,     ,     ,     ,    ,      ,    3.0,   0.0,   1.0,     1.0,     2.0,        ,        ,        ,        ,        ,        ,      
jacksbu01, 1940,     1, NYA , NHL , L  , 46.0,  8.0,  18.0,  26.0,   4.0,      ,     ,     ,     ,     ,     ,    ,      ,       ,      ,      ,        ,        ,        ,        ,        ,        ,        ,        ,      
jacksbu01, 1941,     1, BOS , NHL , L  , 26.0,  5.0,   7.0,  12.0,  18.0,      ,     ,     ,     ,     ,     ,    ,      ,    5.0,   0.0,   1.0,     1.0,     0.0,        ,        ,        ,        ,        ,        ,      
jacksbu01, 1942,     1, BOS , NHL , L  , 44.0, 19.0,  15.0,  34.0,  38.0,      ,     ,     ,     ,     ,     ,    ,      ,    9.0,   1.0,   2.0,     3.0,    10.0,        ,        ,        ,        ,        ,        ,      
jacksbu01, 1943,     1, BOS , NHL , L  , 42.0, 11.0,  21.0,  32.0,  25.0,      ,     ,     ,     ,     ,     ,    ,      ,       ,      ,      ,        ,        ,        ,        ,        ,        ,        ,        ,      
jacksda01, 1993,     1, VAN , NHL , R  , 12.0,  5.0,   1.0,   6.0,   9.0, 3.0  ,  0.0,  0.0,  0.0,  0.0,  0.0, 0.0,  18.0,       ,      ,      ,        ,        ,        ,        ,        ,        ,        ,        ,      
jacksda01, 1994,     1, VAN , NHL , R  ,  3.0,  1.0,   0.0,   1.0,   4.0, 0.0  ,  0.0,  0.0,  0.0,  0.0,  0.0, 0.0,   6.0,    6.0,   0.0,   0.0,     0.0,    10.0, -2.0   ,     0.0,     0.0,     0.0,     0.0,     0.0,     2.0
jacksda01, 1995,     1, BUF , NHL , R  , 22.0,  5.0,   4.0,   9.0,  41.0, 3.0  ,  0.0,  1.0,  0.0,  0.0,  1.0, 0.0,  20.0,       ,      ,      ,        ,        ,        ,        ,        ,        ,        ,        ,      
jacksda01, 1997,     1, NYI , NHL , R  ,  8.0,  1.0,   1.0,   2.0,   4.0, 1.0  ,  0.0,  0.0,  0.0,  0.0,  1.0, 0.0,   5.0,       ,      ,      ,        ,        ,        ,        ,        ,        ,        ,        ,      
jacksdo01, 1947,     1, CHI , NHL , G  ,  6.0,  0.0,   0.0,   0.0,   0.0,      ,     ,     ,     ,     ,     ,    ,      ,       ,      ,      ,        ,        ,        ,        ,        ,        ,        ,        ,      
jacksdo02, 1977,     1, MNS , NHL , D  ,  2.0,  0.0,   0.0,   0.0,   2.0, 1.0  ,  0.0,     ,  0.0,     ,  0.0, 0.0,   3.0,       ,      ,      ,        ,        ,        ,        ,        ,        ,        ,        ,      
jacksdo02, 1978,     1, MNS , NHL , D  ,  5.0,  0.0,   0.0,   0.0,   2.0, -1.0 ,  0.0,     ,  0.0,     ,  0.0, 0.0,   6.0,       ,      ,      ,        ,        ,        ,        ,        ,        ,        ,        ,      
jacksdo02, 1979,     1, MNS , NHL , D  , 10.0,  0.0,   4.0,   4.0,  18.0, 4.0  ,  0.0,     ,  0.0,     ,  0.0, 0.0,   8.0,    1.0,   0.0,   0.0,     0.0,     0.0,        ,     0.0,        ,     0.0,        ,     0.0,      
jacksdo02, 1980,     1, MNS , NHL , D  , 10.0,  0.0,   3.0,   3.0,  19.0, 3.0  ,  0.0,     ,  0.0,     ,  0.0, 0.0,  14.0,       ,      ,      ,        ,        ,        ,        ,        ,        ,        ,        ,      
jacksdo02, 1981,     1, EDM , NHL , D  ,  8.0,  0.0,   0.0,   0.0,  18.0, 0.0  ,  0.0,     ,  0.0,     ,  0.0, 0.0,   4.0,       ,      ,      ,        ,        ,        ,        ,        ,        ,        ,        ,      
jacksdo02, 1982,     1, EDM , NHL , D  , 71.0,  2.0,   8.0,  10.0, 136.0, 12.0 ,  0.0,     ,  1.0,     ,  1.0, 0.0,  72.0,   16.0,   3.0,   3.0,     6.0,    30.0,        ,     0.0,        ,     0.0,        ,     0.0,      
jacksdo02, 1983,     1, EDM , NHL , D  , 60.0,  8.0,  12.0,  20.0, 120.0, 28.0 ,  0.0,     ,  1.0,     ,  2.0, 0.0,  57.0,   19.0,   1.0,   2.0,     3.0,    32.0, 9.0    ,     0.0,        ,     0.0,        ,     0.0,    16.0
jacksdo02, 1984,     1, EDM , NHL , D  , 78.0,  3.0,  17.0,  20.0, 141.0, 27.0 ,  0.0,     ,  0.0,     ,  0.0, 0.0,  47.0,    9.0,   0.0,   0.0,     0.0,    64.0, 4.0    ,     0.0,        ,     0.0,        ,     0.0,     6.0
jacksdo02, 1985,     1, EDM , NHL , D  , 45.0,  2.0,   8.0,  10.0,  93.0, 2.0  ,  0.0,     ,  0.0,     ,  0.0, 0.0,  34.0,    8.0,   0.0,   0.0,     0.0,    21.0, 3.0    ,     0.0,        ,     0.0,        ,     0.0,     7.0
jacksdo02, 1986,     1, NYR , NHL , D  , 22.0,  1.0,   0.0,   1.0,  91.0, -1.0 ,  0.0,     ,  0.0,     ,  0.0, 0.0,   4.0,       ,      ,      ,        ,        ,        ,        ,        ,        ,        ,        ,      
jacksha01, 1936,     1, CHI , NHL , D  , 38.0,  1.0,   3.0,   4.0,   6.0,      ,     ,     ,     ,     ,     ,    ,      ,       ,      ,      ,        ,        ,        ,        ,        ,        ,        ,        ,      
jacksha01, 1937,     1, CHI , NHL , D  ,  3.0,  0.0,   0.0,   0.0,   0.0,      ,     ,     ,     ,     ,     ,    ,      ,    1.0,   0.0,   0.0,     0.0,     2.0,        ,        ,        ,        ,        ,        ,      
jacksha01, 1940,     1, DET , NHL , D  ,  1.0,  0.0,   0.0,   0.0,   0.0,      ,     ,     ,     ,     ,     ,    ,      ,    6.0,   0.0,   0.0,     0.0,     7.0,        ,        ,        ,        ,        ,        ,      
jacksha01, 1942,     1, DET , NHL , D  ,  4.0,  0.0,   4.0,   4.0,   6.0,      ,     ,     ,     ,     ,     ,    ,      ,    6.0,   0.0,   1.0,     1.0,     4.0,        ,        ,        ,        ,        ,        ,      
jacksha01, 1943,     1, DET , NHL , D  , 50.0,  7.0,  12.0,  19.0,  76.0,      ,     ,     ,     ,     ,     ,    ,      ,    5.0,   0.0,   0.0,     0.0,    11.0,        ,        ,        ,        ,        ,        ,      
jacksha01, 1944,     1, DET , NHL , D  , 50.0,  5.0,   6.0,  11.0,  45.0,      ,     ,     ,     ,     ,     ,    ,      ,   14.0,   1.0,   1.0,     2.0,    10.0,        ,        ,        ,        ,        ,        ,      
jacksha01, 1945,     1, DET , NHL , D  , 36.0,  3.0,   4.0,   7.0,  36.0,      ,     ,     ,     ,     ,     ,    ,      ,    5.0,   0.0,   0.0,     0.0,     6.0,        ,        ,        ,        ,        ,        ,      
jacksha01, 1946,     1, DET , NHL , D  , 37.0,  1.0,   5.0,   6.0,  39.0,      ,     ,     ,     ,     ,     ,    ,      ,       ,      ,      ,        ,        ,        ,        ,        ,        ,        ,        ,      
jacksja01, 1946,     1, CHI , NHL , D  , 48.0,  2.0,   5.0,   7.0,  38.0,      ,     ,     ,     ,     ,     ,    ,      ,       ,      ,      ,        ,        ,        ,        ,        ,        ,        ,        ,      
jacksje01, 1984,     1, TOR , NHL , L  , 17.0,  0.0,   1.0,   1.0,  24.0, -4.0 ,  0.0,     ,  0.0,     ,  0.0, 0.0,  12.0,       ,      ,      ,        ,        ,        ,        ,        ,        ,        ,        ,      
jacksje01, 1985,     1, TOR , NHL , L  ,  5.0,  1.0,   2.0,   3.0,   2.0, 3.0  ,  0.0,     ,  0.0,     ,  0.0, 0.0,   2.0,       ,      ,      ,        ,        ,        ,        ,        ,        ,        ,        ,      
jacksje01, 1986,     1, TOR , NHL , L  , 55.0,  8.0,   7.0,  15.0,  64.0, -11.0,  0.0,     ,  0.0,     ,  0.0, 0.0,  42.0,       ,      ,      ,        ,        ,        ,        ,        ,        ,        ,        ,      
jacksje01, 1986,     2, NYR , NHL , L  ,  9.0,  5.0,   1.0,   6.0,  15.0, -3.0 ,  2.0,     ,  0.0,     ,  1.0, 0.0,  16.0,    6.0,   1.0,   1.0,     2.0,    16.0, -2.0   ,     0.0,        ,     0.0,        ,     0.0,    10.0
jacksje01, 1987,     1, QUE , NHL , L  , 68.0,  9.0,  18.0,  27.0, 103.0, 5.0  ,  0.0,  0.0,  2.0,  1.0,  3.0, 0.0,  98.0,       ,      ,      ,        ,        ,        ,        ,        ,        ,        ,        ,      
jacksje01, 1988,     1, QUE , NHL , L  , 33.0,  4.0,   6.0,  10.0,  28.0, -15.0,  0.0,  0.0,  1.0,  0.0,  2.0, 0.0,  40.0,       ,      ,      ,        ,        ,        ,        ,        ,        ,        ,        ,      
jacksje01, 1989,     1, QUE , NHL , L  , 65.0,  8.0,  12.0,  20.0,  71.0, -21.0,  0.0,  0.0,  1.0,  1.0,  0.0, 0.0,  73.0,       ,      ,      ,        ,        ,        ,        ,        ,        ,        ,        ,      
jacksje01, 1990,     1, QUE , NHL , L  , 10.0,  3.0,   1.0,   4.0,   4.0, 3.0  ,  0.0,  0.0,  0.0,  0.0,  0.0, 0.0,  13.0,       ,      ,      ,        ,        ,        ,        ,        ,        ,        ,        ,      
jacksje01, 1991,     1, CHI , NHL , L  ,  1.0,  0.0,   0.0,   0.0,   2.0, 0.0  ,  0.0,  0.0,  0.0,  0.0,  0.0, 0.0,   0.0,       ,      ,      ,        ,        ,        ,        ,        ,        ,        ,        ,      
jacksji01, 1982,     1, CAL , NHL , L  , 48.0,  8.0,  12.0,  20.0,   7.0, 9.0  ,  1.0,     ,  0.0,     ,  1.0, 1.0,  85.0,    8.0,   2.0,   1.0,     3.0,     2.0,        ,     0.0,        ,     0.0,        ,     1.0,      
jacksji01, 1983,     1, CAL , NHL , L  , 49.0,  6.0,  14.0,  20.0,  13.0, 1.0  ,  0.0,     ,  1.0,     ,  0.0, 0.0,  66.0,    6.0,   1.0,   1.0,     2.0,     4.0, 3.0    ,     0.0,        ,     1.0,        ,     0.0,     5.0
jacksji01, 1984,     1, CAL , NHL , L  , 10.0,  1.0,   4.0,   5.0,   0.0, 1.0  ,  0.0,     ,  1.0,     ,  1.0, 0.0,  10.0,       ,      ,      ,        ,        ,        ,        ,        ,        ,        ,        ,      
jacksji01, 1987,     1, BUF , NHL , L  ,  5.0,  2.0,   0.0,   2.0,   0.0, 0.0  ,  1.0,  0.0,  0.0,  0.0,  1.0, 0.0,  11.0,       ,      ,      ,        ,        ,        ,        ,        ,        ,        ,        ,      
jacksll01, 1936,     1, NYA , NHL , L/C, 14.0,  1.0,   1.0,   2.0,   0.0,      ,     ,     ,     ,     ,     ,    ,      ,       ,      ,      ,        ,        ,        ,        ,        ,        ,        ,        ,      
jackspe01, 1931,     1, BOS , NHL , G  ,  4.0,  0.0,   0.0,   0.0,   0.0,      ,     ,     ,     ,     ,     ,    ,      ,       ,      ,      ,        ,        ,        ,        ,        ,        ,        ,        ,      
jackspe01, 1933,     1, NYA , NHL , G  ,  1.0,  0.0,   0.0,   0.0,   0.0,      ,     ,     ,     ,     ,     ,    ,      ,       ,      ,      ,        ,        ,        ,        ,        ,        ,        ,        ,      
jackspe01, 1934,     1, NYR , NHL , G  ,  1.0,  0.0,   0.0,   0.0,   0.0,      ,     ,     ,     ,     ,     ,    ,      ,       ,      ,      ,        ,        ,        ,        ,        ,        ,        ,        ,      
jackspe01, 1935,     1, BOS , NHL , G  ,  1.0,  0.0,   0.0,   0.0,   0.0,      ,     ,     ,     ,     ,     ,    ,      ,       ,      ,      ,        ,        ,        ,        ,        ,        ,        ,        ,      
jackssc01, 2009,     1, TBL , NHL , D  ,  1.0,  0.0,   0.0,   0.0,   0.0, 0.0  ,  0.0,  0.0,  0.0,  0.0,  0.0,    ,   0.0,       ,      ,      ,        ,        ,        ,        ,        ,        ,        ,        ,      
jacksst01, 1921,     1, TRS , NHL , L  ,  1.0,  0.0,   0.0,   0.0,   0.0,      ,     ,     ,     ,     ,     ,    ,      ,       ,      ,      ,        ,        ,        ,        ,        ,        ,        ,        ,      
jacksst01, 1923,     1, TRS , NHL , L  , 22.0,  1.0,   1.0,   2.0,   6.0,      ,     ,     ,     ,     ,     ,    ,      ,       ,      ,      ,        ,        ,        ,        ,        ,        ,        ,        ,      
jacksst01, 1924,     1, TRS , NHL , L  ,  3.0,  0.0,   0.0,   0.0,   7.0,      ,     ,     ,     ,     ,     ,    ,      ,       ,      ,      ,        ,        ,        ,        ,        ,        ,        ,        ,      
jacksst01, 1924,     2, BOS , NHL , L  , 24.0,  5.0,   2.0,   7.0,  30.0,      ,     ,     ,     ,     ,     ,    ,      ,       ,      ,      ,        ,        ,        ,        ,        ,        ,        ,        ,      
jacksst01, 1925,     1, BOS , NHL , L  , 28.0,  3.0,   3.0,   6.0,  30.0,      ,     ,     ,     ,     ,     ,    ,      ,       ,      ,      ,        ,        ,        ,        ,        ,        ,        ,        ,      
jacksst01, 1926,     1, OTS , NHL , L  ,  8.0,  0.0,   0.0,   0.0,   2.0,      ,     ,     ,     ,     ,     ,    ,      ,       ,      ,      ,        ,        ,        ,        ,        ,        ,        ,        ,      
jackswa01, 1932,     1, NYA , NHL , L  , 35.0, 10.0,   2.0,  12.0,   6.0,      ,     ,     ,     ,     ,     ,    ,      ,       ,      ,      ,        ,        ,        ,        ,        ,        ,        ,        ,      
jackswa01, 1933,     1, NYA , NHL , L  , 46.0,  6.0,   9.0,  15.0,  12.0,      ,     ,     ,     ,     ,     ,    ,      ,       ,      ,      ,        ,        ,        ,        ,        ,        ,        ,        ,      
jackswa01, 1934,     1, NYA , NHL , F  ,  1.0,  0.0,   0.0,   0.0,   0.0,      ,     ,     ,     ,     ,     ,    ,      ,       ,      ,      ,        ,        ,        ,        ,        ,        ,        ,        ,      
jackswa01, 1935,     1, BOS , NHL , F  ,  2.0,  0.0,   0.0,   0.0,   0.0,      ,     ,     ,     ,     ,     ,    ,      ,       ,      ,      ,        ,        ,        ,        ,        ,        ,        ,        ,      
jacobpa01, 1918,     1, TOA , NHL , F  ,  1.0,  0.0,   0.0,   0.0,   0.0,      ,     ,     ,     ,     ,     ,    ,      ,       ,      ,      ,        ,        ,        ,        ,        ,        ,        ,        ,      
jacobti01, 1975,     1, CLF , NHL , D  , 46.0,  0.0,  10.0,  10.0,  35.0, -2.0 ,  0.0,     ,  0.0,     ,  0.0, 0.0,  46.0,       ,      ,      ,        ,        ,        ,        ,        ,        ,        ,        ,      
jacquga01, 1975,     1, SDM , WHA , D  ,  2.0,  0.0,   0.0,   0.0,   0.0, 0.0  ,  0.0,     ,  0.0,     ,  0.0,    ,   0.0,       ,      ,      ,        ,        ,        ,        ,        ,        ,        ,        ,      
jacquje01, 2005,     1, EDM , NHL , L  ,  7.0,  0.0,   0.0,   0.0,   0.0, -3.0 ,  0.0,  0.0,  0.0,  0.0,  0.0,    ,   8.0,       ,      ,      ,        ,        ,        ,        ,        ,        ,        ,        ,      
jacquje01, 2006,     1, EDM , NHL , L  , 37.0,  0.0,   0.0,   0.0,  33.0, -11.0,  0.0,  0.0,  0.0,  0.0,  0.0,    ,  23.0,       ,      ,      ,        ,        ,        ,        ,        ,        ,        ,        ,      
jacquje01, 2007,     1, EDM , NHL , L  ,  9.0,  0.0,   0.0,   0.0,   2.0, -3.0 ,  0.0,  0.0,  0.0,  0.0,  0.0,    ,   2.0,       ,      ,      ,        ,        ,        ,        ,        ,        ,        ,        ,      
jacquje01, 2008,     1, EDM , NHL , L  ,  7.0,  1.0,   0.0,   1.0,   9.0, 0.0  ,  0.0,  0.0,  0.0,  0.0,  0.0,    ,   3.0,       ,      ,      ,        ,        ,        ,        ,        ,        ,        ,        ,      
jacquje01, 2009,     1, EDM , NHL , L  , 49.0,  4.0,   7.0,  11.0,  78.0, -15.0,  0.0,  0.0,  0.0,  0.0,  0.0,    ,  49.0,       ,      ,      ,        ,        ,        ,        ,        ,        ,        ,        ,      
jacquje02, 1974,     1, TOT , WHA , R  , 41.0, 12.0,   8.0,  20.0,  26.0, 9.0  ,  1.0,     ,  0.0,     ,     ,    ,  54.0,    6.0,   0.0,   4.0,     4.0,     2.0,        ,     0.0,        ,     0.0,        ,     0.0,      
jacquje02, 1975,     1, TOT , WHA , R  , 81.0, 17.0,  33.0,  50.0, 113.0, -8.0 ,  1.0,     ,  0.0,     ,  1.0,    , 101.0,       ,      ,      ,        ,        ,        ,        ,        ,        ,        ,        ,      
jacquje02, 1976,     1, BIR , WHA , R  , 79.0, 21.0,  27.0,  48.0,  92.0, -1.0 ,  1.0,     ,  0.0,     ,     ,    , 139.0,       ,      ,      ,        ,        ,        ,        ,        ,        ,        ,        ,      
jaffrja01, 2007,     1, VAN , NHL , R  , 19.0,  2.0,   4.0,   6.0,  19.0, 4.0  ,  1.0,  0.0,  0.0,  0.0,  1.0,    ,  15.0,       ,      ,      ,        ,        ,        ,        ,        ,        ,        ,        ,      
jaffrja01, 2008,     1, VAN , NHL , R  , 14.0,  2.0,   2.0,   4.0,  14.0, -2.0 ,  0.0,  0.0,  0.0,  0.0,  2.0,    ,  11.0,       ,      ,      ,        ,        ,        ,        ,        ,        ,        ,        ,      
jaffrja01, 2009,     1, CAL , NHL , R  ,  3.0,  0.0,   0.0,   0.0,   0.0, -1.0 ,  0.0,  0.0,  0.0,  0.0,  0.0,    ,   4.0,       ,      ,      ,        ,        ,        ,        ,        ,        ,        ,        ,      
jagrja01 , 1990,     1, PIT , NHL , R  , 80.0, 27.0,  30.0,  57.0,  42.0, -4.0 ,  7.0,  6.0,  0.0,  0.0,  4.0, 0.0, 136.0,   24.0,   3.0,  10.0,    13.0,     6.0, 2.0    ,     1.0,     1.0,     0.0,     0.0,     1.0,    57.0
jagrja01 , 1991,     1, PIT , NHL , R  , 70.0, 32.0,  37.0,  69.0,  34.0, 12.0 ,  4.0,  5.0,  0.0,  0.0,  4.0, 0.0, 194.0,   21.0,  11.0,  13.0,    24.0,     6.0, 4.0    ,     2.0,     3.0,     0.0,     0.0,     4.0,    59.0
jagrja01 , 1992,     1, PIT , NHL , R  , 81.0, 34.0,  60.0,  94.0,  61.0, 30.0 , 10.0, 12.0,  1.0,  0.0,  9.0, 0.0, 242.0,   12.0,   5.0,   4.0,     9.0,    23.0, 3.0    ,     1.0,     0.0,     0.0,     0.0,     1.0,    47.0
jagrja01 , 1993,     1, PIT , NHL , R  , 80.0, 32.0,  67.0,  99.0,  61.0, 15.0 ,  9.0, 20.0,  0.0,  0.0,  6.0, 2.0, 298.0,    6.0,   2.0,   4.0,     6.0,    16.0, -3.0   ,     0.0,     0.0,     0.0,     0.0,     1.0,    16.0
jagrja01 , 1994,     1, PIT , NHL , R  , 48.0, 32.0,  38.0,  70.0,  37.0, 23.0 ,  8.0, 14.0,  3.0,  0.0,  7.0, 0.0, 192.0,   12.0,  10.0,   5.0,    15.0,     6.0, 3.0    ,     2.0,     2.0,     1.0,     0.0,     1.0,    55.0
jagrja01 , 1995,     1, PIT , NHL , R  , 82.0, 62.0,  87.0, 149.0,  96.0, 31.0 , 20.0, 31.0,  1.0,  2.0, 12.0, 1.0, 403.0,   18.0,  11.0,  12.0,    23.0,    18.0, 7.0    ,     5.0,     4.0,     1.0,     0.0,     1.0,    74.0
jagrja01 , 1996,     1, PIT , NHL , R  , 63.0, 47.0,  48.0,  95.0,  40.0, 22.0 , 11.0, 14.0,  2.0,  1.0,  6.0, 1.0, 234.0,    5.0,   4.0,   4.0,     8.0,     4.0, -4.0   ,     2.0,     2.0,     0.0,     0.0,     0.0,    18.0
jagrja01 , 1997,     1, PIT , NHL , R  , 77.0, 35.0,  67.0, 102.0,  64.0, 17.0 ,  7.0, 31.0,  0.0,  0.0,  8.0, 2.0, 262.0,    6.0,   4.0,   5.0,     9.0,     2.0, 5.0    ,     1.0,     1.0,     0.0,     0.0,     0.0,    23.0
jagrja01 , 1998,     1, PIT , NHL , R  , 81.0, 44.0,  83.0, 127.0,  66.0, 17.0 , 10.0, 34.0,  1.0,  0.0,  7.0, 2.0, 343.0,    9.0,   5.0,   7.0,    12.0,    16.0, 1.0    ,     1.0,     2.0,     0.0,     0.0,     1.0,    32.0
jagrja01 , 1999,     1, PIT , NHL , R  , 63.0, 42.0,  54.0,  96.0,  50.0, 25.0 , 10.0, 19.0,  0.0,  0.0,  5.0, 1.0, 290.0,   11.0,   8.0,   8.0,    16.0,     6.0, 5.0    ,     2.0,     3.0,     0.0,     0.0,     4.0,    42.0
jagrja01 , 2000,     1, PIT , NHL , R  , 81.0, 52.0,  69.0, 121.0,  42.0, 19.0 , 14.0, 27.0,  1.0,  1.0, 10.0, 1.0, 317.0,   16.0,   2.0,  10.0,    12.0,    18.0, 4.0    ,     2.0,     3.0,     0.0,     0.0,     0.0,    38.0
jagrja01 , 2001,     1, WAS , NHL , R  , 69.0, 31.0,  48.0,  79.0,  30.0, 0.0  , 10.0, 15.0,  0.0,  0.0,  3.0, 0.0, 197.0,       ,      ,      ,        ,        ,        ,        ,        ,        ,        ,        ,      
jagrja01 , 2002,     1, WAS , NHL , R  , 75.0, 36.0,  41.0,  77.0,  38.0, 5.0  , 13.0, 17.0,  2.0,  0.0,  9.0, 0.0, 290.0,    6.0,   2.0,   5.0,     7.0,     2.0, 2.0    ,     1.0,     2.0,     0.0,     0.0,     0.0,    22.0
jagrja01 , 2003,     1, WAS , NHL , R  , 46.0, 16.0,  29.0,  45.0,  26.0, -4.0 ,  6.0, 12.0,  0.0,  0.0,  1.0, 1.0, 159.0,       ,      ,      ,        ,        ,        ,        ,        ,        ,        ,        ,      
jagrja01 , 2003,     2, NYR , NHL , R  , 31.0, 15.0,  14.0,  29.0,  12.0, -1.0 ,  4.0,  4.0,  0.0,  0.0,  2.0, 0.0,  98.0,       ,      ,      ,        ,        ,        ,        ,        ,        ,        ,        ,      
jagrja01 , 2005,     1, NYR , NHL , R  , 82.0, 54.0,  69.0, 123.0,  72.0, 34.0 , 24.0, 28.0,  0.0,  0.0,  9.0,    , 368.0,    3.0,   0.0,   1.0,     1.0,     2.0, 0.0    ,     0.0,     1.0,     0.0,     0.0,     0.0,    10.0
jagrja01 , 2006,     1, NYR , NHL , R  , 82.0, 30.0,  66.0,  96.0,  78.0, 26.0 ,  7.0, 34.0,  0.0,  0.0,  5.0,    , 324.0,   10.0,   5.0,   6.0,    11.0,    12.0, 6.0    ,     2.0,     3.0,     0.0,     0.0,     0.0,    48.0
jagrja01 , 2007,     1, NYR , NHL , R  , 82.0, 25.0,  46.0,  71.0,  58.0, 8.0  ,  7.0, 22.0,  0.0,  0.0,  5.0,    , 249.0,   10.0,   5.0,  10.0,    15.0,    12.0, 3.0    ,     2.0,     4.0,     0.0,     0.0,     1.0,    37.0
jakopjo01, 1997,     1, FLO , NHL , D  ,  2.0,  0.0,   0.0,   0.0,   4.0, -3.0 ,  0.0,  0.0,  0.0,  0.0,  0.0, 0.0,   1.0,       ,      ,      ,        ,        ,        ,        ,        ,        ,        ,        ,      
jakopjo01, 1998,     1, FLO , NHL , D  ,  3.0,  0.0,   0.0,   0.0,   0.0, -1.0 ,  0.0,  0.0,  0.0,  0.0,  0.0, 0.0,   0.0,       ,      ,      ,        ,        ,        ,        ,        ,        ,        ,        ,      
jakopjo01, 1999,     1, FLO , NHL , D  , 17.0,  0.0,   0.0,   0.0,  26.0, -2.0 ,  0.0,  0.0,  0.0,  0.0,  0.0, 0.0,   1.0,       ,      ,      ,        ,        ,        ,        ,        ,        ,        ,        ,      
jakopjo01, 2000,     1, FLO , NHL , D  , 60.0,  1.0,   2.0,   3.0,  62.0, -4.0 ,  0.0,  0.0,  0.0,  0.0,  0.0, 0.0,  23.0,       ,      ,      ,        ,        ,        ,        ,        ,        ,        ,        ,      
jakopjo01, 2001,     1, PIT , NHL , D  , 19.0,  0.0,   4.0,   4.0,  42.0, 2.0  ,  0.0,  0.0,  0.0,  0.0,  0.0, 0.0,   3.0,       ,      ,      ,        ,        ,        ,        ,        ,        ,        ,        ,      
jakopjo01, 2002,     1, SJS , NHL , D  , 12.0,  0.0,   0.0,   0.0,  11.0, 0.0  ,  0.0,  0.0,  0.0,  0.0,  0.0, 0.0,   3.0,       ,      ,      ,        ,        ,        ,        ,        ,        ,        ,        ,      
jakspa01 , 1994,     1, LAK , NHL , G  ,  1.0,  0.0,   0.0,   0.0,   0.0, 0.0  ,  0.0,  0.0,  0.0,  0.0,  0.0, 0.0,   0.0,       ,      ,      ,        ,        ,        ,        ,        ,        ,        ,        ,      
jakubmi01, 1972,     1, LAS , WHA , L  ,  7.0,  0.0,   0.0,   0.0,   0.0,      ,  0.0,     ,  0.0,     ,     ,    ,      ,       ,      ,      ,        ,        ,        ,        ,        ,        ,        ,        ,      
jalonka01, 1982,     1, CAL , NHL , C  , 25.0,  9.0,   3.0,  12.0,   4.0, 8.0  ,  0.0,     ,  0.0,     ,  1.0, 0.0,  32.0,    5.0,   1.0,   0.0,     1.0,     0.0,        ,     0.0,        ,     0.0,        ,     0.0,      
jalonka01, 1983,     1, CAL , NHL , C  ,  9.0,  0.0,   3.0,   3.0,   0.0, -1.0 ,  0.0,     ,  0.0,     ,  0.0, 0.0,   4.0,       ,      ,      ,        ,        ,        ,        ,        ,        ,        ,        ,      
jalonka01, 1983,     2, EDM , NHL , C  ,  3.0,  0.0,   0.0,   0.0,   0.0, -2.0 ,  0.0,     ,  0.0,     ,  0.0, 0.0,   0.0,       ,      ,      ,        ,        ,        ,        ,        ,        ,        ,        ,      
jalori01 , 1985,     1, EDM , NHL , C  ,  3.0,  0.0,   3.0,   3.0,   0.0, 2.0  ,  0.0,     ,  0.0,     ,  0.0, 0.0,   3.0,       ,      ,      ,        ,        ,        ,        ,        ,        ,        ,        ,      
jamesco01, 2005,     1, LAK , NHL , R  ,  2.0,  0.0,   0.0,   0.0,   0.0, -1.0 ,  0.0,  0.0,  0.0,  0.0,  0.0,    ,   1.0,       ,      ,      ,        ,        ,        ,        ,        ,        ,        ,        ,      
jamesco01, 2007,     1, PIT , NHL , L  , 13.0,  1.0,   0.0,   1.0,   2.0, -2.0 ,  1.0,  0.0,  0.0,  0.0,  0.0,    ,   9.0,       ,      ,      ,        ,        ,        ,        ,        ,        ,        ,        ,      
jamesco01, 2008,     1, PIT , NHL , L  ,  1.0,  0.0,   0.0,   0.0,   0.0, 0.0  ,  0.0,  0.0,  0.0,  0.0,  0.0,    ,   0.0,       ,      ,      ,        ,        ,        ,        ,        ,        ,        ,        ,      
jamesge01, 1954,     1, TOR , NHL , R  ,  1.0,  0.0,   0.0,   0.0,   0.0,      ,     ,     ,     ,     ,     ,    ,      ,       ,      ,      ,        ,        ,        ,        ,        ,        ,        ,        ,      
jamesge01, 1955,     1, TOR , NHL , R  , 46.0,  3.0,   3.0,   6.0,  50.0,      ,     ,     ,     ,     ,     ,    ,      ,    5.0,   1.0,   0.0,     1.0,     8.0,        ,        ,        ,        ,        ,        ,      
jamesge01, 1956,     1, TOR , NHL , R  , 53.0,  4.0,  12.0,  16.0,  90.0,      ,     ,     ,     ,     ,     ,    ,      ,       ,      ,      ,        ,        ,        ,        ,        ,        ,        ,        ,      
jamesge01, 1957,     1, TOR , NHL , R  , 15.0,  3.0,   2.0,   5.0,  61.0,      ,     ,     ,     ,     ,     ,    ,      ,       ,      ,      ,        ,        ,        ,        ,        ,        ,        ,        ,      
jamesge01, 1959,     1, TOR , NHL , R  , 34.0,  4.0,   9.0,  13.0,  56.0,      ,     ,     ,     ,     ,     ,    ,      ,   10.0,   0.0,   0.0,     0.0,     0.0,        ,        ,        ,        ,        ,        ,      
jamesva01, 1981,     1, BUF , NHL , L  ,  7.0,  0.0,   0.0,   0.0,  16.0, -1.0 ,  0.0,     ,  0.0,     ,  0.0, 0.0,   5.0,    3.0,   0.0,   0.0,     0.0,     0.0,        ,     0.0,        ,     0.0,        ,     0.0,      
jamesva01, 1986,     1, TOR , NHL , L  ,  4.0,  0.0,   0.0,   0.0,  14.0, 0.0  ,  0.0,     ,  0.0,     ,  0.0, 0.0,   0.0,       ,      ,      ,        ,        ,        ,        ,        ,        ,        ,        ,      
jamieji01, 1943,     1, NYR , NHL , D  ,  1.0,  0.0,   1.0,   1.0,   0.0,      ,     ,     ,     ,     ,     ,    ,      ,       ,      ,      ,        ,        ,        ,        ,        ,        ,        ,        ,      
janasst01, 1979,     1, MNS , NHL , G  ,  1.0,  0.0,   0.0,   0.0,   0.0, 0.0  ,  0.0,     ,  0.0,     ,  0.0, 0.0,   0.0,       ,      ,      ,        ,        ,        ,        ,        ,        ,        ,        ,      
janasst01, 1981,     1, COR , NHL , G  ,  2.0,  0.0,   0.0,   0.0,   0.0, 0.0  ,  0.0,     ,  0.0,     ,  0.0, 0.0,   0.0,       ,      ,      ,        ,        ,        ,        ,        ,        ,        ,        ,      
janceda01, 2005,     1, DAL , NHL , D  ,  2.0,  0.0,   0.0,   0.0,   0.0, 1.0  ,  0.0,  0.0,  0.0,  0.0,  0.0,    ,   0.0,       ,      ,      ,        ,        ,        ,        ,        ,        ,        ,        ,      
janceda01, 2007,     1, TBL , NHL , D  ,  2.0,  0.0,   0.0,   0.0,   2.0, -1.0 ,  0.0,  0.0,  0.0,  0.0,  0.0,    ,   0.0,       ,      ,      ,        ,        ,        ,        ,        ,        ,        ,        ,      
janceda01, 2007,     2, DAL , NHL , D  ,  2.0,  0.0,   0.0,   0.0,   0.0, 0.0  ,  0.0,  0.0,  0.0,  0.0,  0.0,    ,   3.0,       ,      ,      ,        ,        ,        ,        ,        ,        ,        ,        ,      
janceda01, 2008,     1, DAL , NHL , D  ,  3.0,  0.0,   0.0,   0.0,   0.0, 0.0  ,  0.0,  0.0,  0.0,  0.0,  0.0,    ,   4.0,       ,      ,      ,        ,        ,        ,        ,        ,        ,        ,        ,      
janecbo01, 1983,     1, CHI , NHL , G  ,  8.0,  0.0,   0.0,   0.0,   2.0, 0.0  ,  0.0,     ,  0.0,     ,  0.0, 0.0,   0.0,       ,      ,      ,        ,        ,        ,        ,        ,        ,        ,        ,      
janecbo01, 1984,     1, LAK , NHL , G  , 51.0,  0.0,   2.0,   2.0,  27.0, 0.0  ,  0.0,     ,  0.0,     ,  0.0, 0.0,   0.0,    3.0,   0.0,   0.0,     0.0,     0.0, 0.0    ,     0.0,        ,     0.0,        ,     0.0,     0.0
janecbo01, 1985,     1, LAK , NHL , G  , 38.0,  0.0,   2.0,   2.0,  11.0, 0.0  ,  0.0,     ,  0.0,     ,  0.0, 0.0,   0.0,       ,      ,      ,        ,        ,        ,        ,        ,        ,        ,        ,      
janecbo01, 1986,     1, LAK , NHL , G  ,  7.0,  0.0,   0.0,   0.0,   2.0, 0.0  ,  0.0,     ,  0.0,     ,  0.0, 0.0,   0.0,       ,      ,      ,        ,        ,        ,        ,        ,        ,        ,        ,      
janecbo01, 1987,     1, LAK , NHL , G  ,  5.0,  0.0,   0.0,   0.0,   2.0, 0.0  ,  0.0,  0.0,  0.0,  0.0,  0.0, 0.0,   0.0,       ,      ,      ,        ,        ,        ,        ,        ,        ,        ,        ,      
janecbo01, 1988,     1, LAK , NHL , G  ,  1.0,  0.0,   0.0,   0.0,   0.0, 0.0  ,  0.0,  0.0,  0.0,  0.0,  0.0, 0.0,   0.0,       ,      ,      ,        ,        ,        ,        ,        ,        ,        ,        ,      
janikdo01, 2002,     1, BUF , NHL , D  ,  6.0,  0.0,   0.0,   0.0,   2.0, 1.0  ,  0.0,  0.0,  0.0,  0.0,  0.0, 0.0,   1.0,       ,      ,      ,        ,        ,        ,        ,        ,        ,        ,        ,      
janikdo01, 2003,     1, BUF , NHL , D  ,  4.0,  0.0,   0.0,   0.0,  19.0, 0.0  ,  0.0,  0.0,  0.0,  0.0,  0.0, 0.0,   3.0,       ,      ,      ,        ,        ,        ,        ,        ,        ,        ,        ,      
janikdo01, 2005,     1, BUF , NHL , D  ,     ,     ,      ,      ,      ,      ,     ,     ,     ,     ,     ,    ,      ,    5.0,   1.0,   0.0,     1.0,     2.0, -2.0   ,     0.0,     0.0,     0.0,     0.0,     0.0,     4.0
janikdo01, 2006,     1, TBL , NHL , D  , 75.0,  2.0,   9.0,  11.0,  53.0, -11.0,  0.0,  0.0,  0.0,  0.0,  0.0,    ,  49.0,    1.0,   0.0,   0.0,     0.0,     0.0, 0.0    ,     0.0,     0.0,     0.0,     0.0,     0.0,     0.0
janikdo01, 2007,     1, TBL , NHL , D  , 61.0,  1.0,   3.0,   4.0,  45.0, -3.0 ,  0.0,  0.0,  0.0,  0.0,  0.0,    ,  23.0,       ,      ,      ,        ,        ,        ,        ,        ,        ,        ,        ,      
janikdo01, 2008,     1, DAL , NHL , D  , 13.0,  0.0,   1.0,   1.0,   2.0, -2.0 ,  0.0,  0.0,  0.0,  0.0,  0.0,    ,   1.0,       ,      ,      ,        ,        ,        ,        ,        ,        ,        ,        ,      
janikdo01, 2008,     2, MTL , NHL , D  ,  2.0,  0.0,   0.0,   0.0,   2.0, -1.0 ,  0.0,  0.0,  0.0,  0.0,  0.0,    ,   0.0,       ,      ,      ,        ,        ,        ,        ,        ,        ,        ,        ,      
janikdo01, 2009,     1, DET , NHL , D  , 13.0,  0.0,   2.0,   2.0,  18.0, -3.0 ,  0.0,  0.0,  0.0,  0.0,  0.0,    ,   5.0,       ,      ,      ,        ,        ,        ,        ,        ,        ,        ,        ,      
jankolo01, 1950,     1, DET , NHL , C  ,  1.0,  0.0,   1.0,   1.0,   0.0,      ,     ,     ,     ,     ,     ,    ,      ,       ,      ,      ,        ,        ,        ,        ,        ,        ,        ,        ,      
jankolo01, 1952,     1, DET , NHL , R  , 22.0,  1.0,   2.0,   3.0,   0.0,      ,     ,     ,     ,     ,     ,    ,      ,    1.0,   0.0,   0.0,     0.0,     0.0,        ,        ,        ,        ,        ,        ,      
jankolo01, 1953,     1, CHI , NHL , R  , 68.0, 15.0,  13.0,  28.0,   7.0,      ,     ,     ,     ,     ,     ,    ,      ,       ,      ,      ,        ,        ,        ,        ,        ,        ,        ,        ,      
jankolo01, 1954,     1, CHI , NHL , R  , 36.0,  3.0,   2.0,   5.0,   8.0,      ,     ,     ,     ,     ,     ,    ,      ,       ,      ,      ,        ,        ,        ,        ,        ,        ,        ,        ,      
jannecr01, 1987,     1, BOS , NHL , C  , 15.0,  7.0,   9.0,  16.0,   0.0, 6.0  ,  1.0,  4.0,  0.0,  0.0,  1.0, 0.0,  29.0,   23.0,   6.0,  10.0,    16.0,    11.0, -1.0   ,     4.0,     3.0,     0.0,     0.0,     1.0,    41.0
jannecr01, 1988,     1, BOS , NHL , C  , 62.0, 16.0,  46.0,  62.0,  12.0, 20.0 ,  2.0, 18.0,  0.0,  0.0,  2.0, 0.0,  95.0,   10.0,   4.0,   9.0,    13.0,    21.0, 1.0    ,     0.0,     3.0,     0.0,     0.0,     0.0,    23.0
jannecr01, 1989,     1, BOS , NHL , C  , 55.0, 24.0,  38.0,  62.0,   4.0, 3.0  , 11.0, 23.0,  0.0,  0.0,  5.0, 2.0, 105.0,   18.0,   3.0,  19.0,    22.0,     2.0, 3.0    ,     1.0,     6.0,     0.0,     0.0,     2.0,    27.0
jannecr01, 1990,     1, BOS , NHL , C  , 77.0, 26.0,  66.0,  92.0,   8.0, 15.0 ,  9.0, 25.0,  1.0,  0.0,  5.0, 0.0, 133.0,   18.0,   4.0,  18.0,    22.0,    11.0, -4.0   ,     4.0,     7.0,     0.0,     0.0,     0.0,    26.0
jannecr01, 1991,     1, BOS , NHL , C  , 53.0, 12.0,  39.0,  51.0,  20.0, 1.0  ,  3.0, 16.0,  0.0,  0.0,  1.0, 0.0,  90.0,       ,      ,      ,        ,        ,        ,        ,        ,        ,        ,        ,      
jannecr01, 1991,     2, STL , NHL , C  , 25.0,  6.0,  30.0,  36.0,   2.0, 5.0  ,  3.0,  9.0,  0.0,  0.0,  1.0, 0.0,  37.0,    6.0,   0.0,   6.0,     6.0,     0.0, -4.0   ,     0.0,     4.0,     0.0,     0.0,     0.0,     7.0
jannecr01, 1992,     1, STL , NHL , C  , 84.0, 24.0,  82.0, 106.0,  12.0, -4.0 ,  8.0, 36.0,  0.0,  0.0,  6.0, 0.0, 137.0,   11.0,   2.0,   9.0,    11.0,     0.0, 4.0    ,     1.0,     3.0,     0.0,     0.0,     2.0,    11.0
jannecr01, 1993,     1, STL , NHL , C  , 69.0, 16.0,  68.0,  84.0,  24.0, -14.0,  8.0, 32.0,  0.0,  0.0,  7.0, 0.0,  95.0,    4.0,   1.0,   3.0,     4.0,     0.0, 3.0    ,     0.0,     1.0,     0.0,     0.0,     0.0,     8.0
jannecr01, 1994,     1, STL , NHL , C  ,  8.0,  2.0,   5.0,   7.0,   0.0, 3.0  ,  1.0,  2.0,  0.0,  0.0,  0.0, 0.0,   9.0,       ,      ,      ,        ,        ,        ,        ,        ,        ,        ,        ,      
jannecr01, 1994,     2, SJS , NHL , C  , 27.0,  5.0,  15.0,  20.0,  10.0, -4.0 ,  2.0,  7.0,  0.0,  0.0,  1.0, 0.0,  31.0,   11.0,   3.0,   4.0,     7.0,     4.0, -13.0  ,     0.0,     0.0,     0.0,     0.0,     1.0,    17.0
jannecr01, 1995,     1, SJS , NHL , C  , 71.0, 13.0,  49.0,  62.0,  26.0, -35.0,  5.0, 20.0,  0.0,  0.0,  1.0, 0.0,  78.0,       ,      ,      ,        ,        ,        ,        ,        ,        ,        ,        ,      
jannecr01, 1995,     2, WIN , NHL , C  , 13.0,  7.0,  13.0,  20.0,   0.0, 2.0  ,  2.0,  8.0,  0.0,  0.0,  1.0, 0.0,  13.0,    6.0,   1.0,   2.0,     3.0,     0.0, 0.0    ,     0.0,     0.0,     0.0,     0.0,     0.0,     6.0
jannecr01, 1996,     1, PHO , NHL , C  , 77.0, 15.0,  38.0,  53.0,  26.0, -1.0 ,  5.0,  8.0,  0.0,  0.0,  1.0, 0.0,  88.0,    7.0,   0.0,   3.0,     3.0,     4.0, 1.0    ,     0.0,     1.0,     0.0,     0.0,     0.0,     6.0
jannecr01, 1997,     1, PHO , NHL , C  , 68.0, 10.0,  43.0,  53.0,  12.0, 5.0  ,  4.0,  9.0,  0.0,  0.0,  0.0, 0.0,  72.0,    6.0,   0.0,   3.0,     3.0,     0.0, -2.0   ,     0.0,     1.0,     0.0,     0.0,     0.0,     6.0
jannecr01, 1998,     1, TBL , NHL , C  , 38.0,  4.0,  18.0,  22.0,  10.0, -13.0,  2.0,  9.0,  0.0,  0.0,  0.0, 1.0,  36.0,       ,      ,      ,        ,        ,        ,        ,        ,        ,        ,        ,      
jannecr01, 1998,     2, NYI , NHL , C  , 18.0,  1.0,   4.0,   5.0,   4.0, -2.0 ,  0.0,  2.0,  0.0,  0.0,  0.0, 0.0,   9.0,       ,      ,      ,        ,        ,        ,        ,        ,        ,        ,        ,      
janssca01, 2005,     1, NJD , NHL , R  , 47.0,  0.0,   0.0,   0.0,  91.0, -3.0 ,  0.0,  0.0,  0.0,  0.0,  0.0,    ,  10.0,    9.0,   0.0,   0.0,     0.0,    26.0, 0.0    ,     0.0,     0.0,     0.0,     0.0,     0.0,     3.0
janssca01, 2006,     1, NJD , NHL , R  , 48.0,  1.0,   0.0,   1.0, 114.0, -2.0 ,  0.0,  0.0,  0.0,  0.0,  0.0,    ,   9.0,       ,      ,      ,        ,        ,        ,        ,        ,        ,        ,        ,      
janssca01, 2007,     1, STL , NHL , R  , 12.0,  0.0,   1.0,   1.0,  18.0, -1.0 ,  0.0,  0.0,  0.0,  0.0,  0.0,    ,   9.0,       ,      ,      ,        ,        ,        ,        ,        ,        ,        ,        ,      
janssca01, 2008,     1, STL , NHL , R  , 56.0,  1.0,   3.0,   4.0, 131.0, -5.0 ,  0.0,  0.0,  0.0,  0.0,  0.0,    ,  22.0,    1.0,   0.0,   0.0,     0.0,     0.0, 0.0    ,     0.0,     0.0,     0.0,     0.0,     0.0,     0.0
janssca01, 2009,     1, STL , NHL , R  , 43.0,  0.0,   0.0,   0.0, 190.0, -3.0 ,  0.0,  0.0,  0.0,  0.0,  0.0,    ,  11.0,       ,      ,      ,        ,        ,        ,        ,        ,        ,        ,        ,      
janssma01, 1987,     1, NYR , NHL , C  ,  1.0,  0.0,   0.0,   0.0,   0.0, 0.0  ,  0.0,  0.0,  0.0,  0.0,  0.0, 0.0,   0.0,       ,      ,      ,        ,        ,        ,        ,        ,        ,        ,        ,      
janssma01, 1988,     1, NYR , NHL , C  ,  5.0,  0.0,   0.0,   0.0,   0.0, -4.0 ,  0.0,  0.0,  0.0,  0.0,  0.0, 0.0,   4.0,       ,      ,      ,        ,        ,        ,        ,        ,        ,        ,        ,      
janssma01, 1989,     1, NYR , NHL , C  , 80.0,  5.0,   8.0,  13.0, 161.0, -26.0,  0.0,  1.0,  0.0,  0.0,  0.0, 0.0,  61.0,    9.0,   2.0,   1.0,     3.0,    10.0, 0.0    ,     0.0,     0.0,     0.0,     1.0,     1.0,     6.0
janssma01, 1990,     1, NYR , NHL , C  , 67.0,  9.0,   7.0,  16.0, 172.0, -1.0 ,  0.0,  0.0,  0.0,  0.0,  1.0, 0.0,  45.0,    6.0,   3.0,   0.0,     3.0,     6.0, 1.0    ,     0.0,     0.0,     0.0,     0.0,     0.0,     6.0
janssma01, 1991,     1, NYR , NHL , C  ,  4.0,  0.0,   0.0,   0.0,   5.0, -1.0 ,  0.0,  0.0,  0.0,  0.0,  0.0, 0.0,   0.0,       ,      ,      ,        ,        ,        ,        ,        ,        ,        ,        ,      
janssma01, 1991,     2, MNS , NHL , C  ,  3.0,  0.0,   0.0,   0.0,   0.0, -1.0 ,  0.0,  0.0,  0.0,  0.0,  0.0, 0.0,   1.0,       ,      ,      ,        ,        ,        ,        ,        ,        ,        ,        ,      
janssma01, 1992,     1, HAR , NHL , C  , 76.0, 12.0,  17.0,  29.0, 237.0, -15.0,  0.0,  0.0,  0.0,  0.0,  1.0, 0.0,  63.0,       ,      ,      ,        ,        ,        ,        ,        ,        ,        ,        ,      
janssma01, 1993,     1, HAR , NHL , C  , 84.0,  2.0,  10.0,  12.0, 137.0, -13.0,  0.0,  1.0,  0.0,  0.0,  0.0, 0.0,  52.0,       ,      ,      ,        ,        ,        ,        ,        ,        ,        ,        ,      
janssma01, 1994,     1, HAR , NHL , C  , 46.0,  2.0,   5.0,   7.0,  93.0, -8.0 ,  0.0,  0.0,  0.0,  0.0,  0.0, 0.0,  33.0,       ,      ,      ,        ,        ,        ,        ,        ,        ,        ,        ,      
janssma01, 1995,     1, HAR , NHL , C  , 81.0,  2.0,   7.0,   9.0, 155.0, -13.0,  0.0,  0.0,  0.0,  0.0,  0.0, 0.0,  63.0,       ,      ,      ,        ,        ,        ,        ,        ,        ,        ,        ,      
janssma01, 1996,     1, HAR , NHL , C  , 54.0,  2.0,   4.0,   6.0,  90.0, -10.0,  0.0,  1.0,  0.0,  0.0,  0.0, 0.0,  30.0,       ,      ,      ,        ,        ,        ,        ,        ,        ,        ,        ,      
janssma01, 1996,     2, ANA , NHL , C  , 12.0,  0.0,   2.0,   2.0,  47.0, -3.0 ,  0.0,  0.0,  0.0,  0.0,  0.0, 0.0,   9.0,   11.0,   0.0,   0.0,     0.0,    15.0, -3.0   ,     0.0,     0.0,     0.0,     0.0,     0.0,    13.0
janssma01, 1997,     1, ANA , NHL , C  , 55.0,  4.0,   5.0,   9.0, 116.0, -22.0,  0.0,  0.0,  0.0,  0.0,  1.0, 0.0,  43.0,       ,      ,      ,        ,        ,        ,        ,        ,        ,        ,        ,      
janssma01, 1997,     2, NYI , NHL , C  , 12.0,  0.0,   0.0,   0.0,  34.0, -3.0 ,  0.0,  0.0,  0.0,  0.0,  0.0, 0.0,   4.0,       ,      ,      ,        ,        ,        ,        ,        ,        ,        ,        ,      
janssma01, 1997,     3, PHO , NHL , C  ,  7.0,  1.0,   2.0,   3.0,   4.0, 4.0  ,  0.0,  0.0,  0.0,  0.0,  0.0, 0.0,   6.0,    1.0,   0.0,   0.0,     0.0,     2.0, 0.0    ,     0.0,     0.0,     0.0,     0.0,     0.0,     0.0
janssma01, 1998,     1, CHI , NHL , C  , 60.0,  1.0,   0.0,   1.0,  65.0, -11.0,  0.0,  0.0,  0.0,  0.0,  0.0, 0.0,  27.0,       ,      ,      ,        ,        ,        ,        ,        ,        ,        ,        ,      
janssma01, 1999,     1, CHI , NHL , C  , 36.0,  0.0,   6.0,   6.0,  73.0, -2.0 ,  0.0,  0.0,  0.0,  0.0,  0.0, 0.0,  14.0,       ,      ,      ,        ,        ,        ,        ,        ,        ,        ,        ,      
janssma01, 2000,     1, CHI , NHL , C  , 28.0,  0.0,   0.0,   0.0,  33.0, -8.0 ,  0.0,  0.0,  0.0,  0.0,  0.0, 0.0,  15.0,       ,      ,      ,        ,        ,        ,        ,        ,        ,        ,        ,      
jantuma01, 1996,     1, CAL , NHL , C  ,  3.0,  0.0,   0.0,   0.0,   0.0, -1.0 ,  0.0,  0.0,  0.0,  0.0,  0.0, 0.0,   7.0,       ,      ,      ,        ,        ,        ,        ,        ,        ,        ,        ,      
jardiry01, 2001,     1, FLO , NHL , L  ,  8.0,  0.0,   2.0,   2.0,   2.0, 0.0  ,  0.0,  0.0,  0.0,  0.0,  0.0, 0.0,   6.0,       ,      ,      ,        ,        ,        ,        ,        ,        ,        ,        ,      
jarreco01, 2005,     1, NYI , NHL , D  ,  1.0,  0.0,   0.0,   0.0,   0.0, 1.0  ,  0.0,  0.0,  0.0,  0.0,  0.0,    ,   1.0,       ,      ,      ,        ,        ,        ,        ,        ,        ,        ,        ,      
jarredo01, 1964,     1, CHI , NHL , D  , 46.0,  2.0,  15.0,  17.0,  34.0,      ,  0.0,     ,  0.0,     ,  0.0, 0.0,      ,   11.0,   1.0,   0.0,     1.0,    10.0,        ,        ,        ,        ,        ,     0.0,      
jarredo01, 1965,     1, CHI , NHL , D  , 66.0,  4.0,  12.0,  16.0,  71.0,      ,  1.0,     ,  0.0,     ,  3.0, 0.0,      ,    5.0,   0.0,   1.0,     1.0,     9.0,        ,        ,        ,        ,        ,     0.0,      
jarredo01, 1966,     1, CHI , NHL , D  , 70.0,  5.0,  21.0,  26.0,  76.0,      ,  1.0,     ,  0.0,     ,  1.0, 0.0,      ,    6.0,   0.0,   3.0,     3.0,     8.0,        ,        ,        ,        ,        ,     0.0,      
jarredo01, 1967,     1, CHI , NHL , D  , 74.0,  4.0,  19.0,  23.0,  48.0, -15.0,  0.0,     ,  1.0,     ,  2.0, 0.0, 148.0,   11.0,   4.0,   0.0,     4.0,     9.0,        ,     0.0,        ,     0.0,        ,     0.0,      
jarredo01, 1968,     1, CHI , NHL , D  , 69.0,  0.0,  13.0,  13.0,  58.0, 7.0  ,  0.0,     ,  0.0,     ,  0.0, 0.0, 116.0,       ,      ,      ,        ,        ,        ,        ,        ,        ,        ,        ,      
jarredo01, 1969,     1, CHI , NHL , D  , 72.0,  4.0,  20.0,  24.0,  78.0, 33.0 ,  1.0,     ,  0.0,     ,  2.0, 0.0, 134.0,    8.0,   1.0,   0.0,     1.0,     4.0,        ,     0.0,        ,     0.0,        ,     0.0,      
jarredo01, 1970,     1, CHI , NHL , D  , 51.0,  1.0,  12.0,  13.0,  46.0, 10.0 ,  0.0,     ,  1.0,     ,  0.0, 0.0,  75.0,   18.0,   1.0,   6.0,     7.0,    14.0,        ,     1.0,        ,     0.0,        ,     0.0,      
jarredo01, 1971,     1, CHI , NHL , D  , 78.0,  6.0,  23.0,  29.0,  68.0, 39.0 ,  2.0,     ,  0.0,     ,  1.0, 0.0, 123.0,    8.0,   0.0,   2.0,     2.0,    16.0,        ,     0.0,        ,     0.0,        ,     0.0,      
jarredo01, 1972,     1, CHI , NHL , D  , 49.0,  2.0,  11.0,  13.0,  18.0, 9.0  ,  1.0,     ,  0.0,     ,  0.0, 0.0,  74.0,   15.0,   0.0,   3.0,     3.0,     2.0,        ,     0.0,        ,     0.0,        ,     0.0,      
jarredo01, 1973,     1, CHI , NHL , D  , 67.0,  5.0,  11.0,  16.0,  45.0, 5.0  ,  1.0,     ,  0.0,     ,  1.0, 0.0,  54.0,   10.0,   0.0,   1.0,     1.0,     6.0,        ,     0.0,        ,     0.0,        ,     0.0,      
jarredo01, 1974,     1, CHI , NHL , D  , 79.0,  5.0,  21.0,  26.0,  66.0, 13.0 ,  0.0,     ,  0.0,     ,  0.0, 0.0, 124.0,    7.0,   0.0,   0.0,     0.0,     4.0,        ,     0.0,        ,     0.0,        ,     0.0,      
jarredo01, 1975,     1, NYR , NHL , D  , 45.0,  0.0,   4.0,   4.0,  19.0, -26.0,  0.0,     ,  0.0,     ,  0.0, 0.0,  45.0,       ,      ,      ,        ,        ,        ,        ,        ,        ,        ,        ,      
jarredo01, 1976,     1, NYR , NHL , D  ,  9.0,  0.0,   0.0,   0.0,   4.0, -6.0 ,  0.0,     ,  0.0,     ,  0.0, 0.0,   3.0,       ,      ,      ,        ,        ,        ,        ,        ,        ,        ,        ,      
jarrega01, 1960,     1, TOR , NHL , L  ,  1.0,  0.0,   0.0,   0.0,   0.0,      ,     ,     ,     ,     ,     ,    ,      ,       ,      ,      ,        ,        ,        ,        ,        ,        ,        ,        ,      
jarrega01, 1966,     1, DET , NHL , L  ,  4.0,  0.0,   0.0,   0.0,   0.0,      ,  0.0,     ,  0.0,     ,  0.0, 0.0,      ,       ,      ,      ,        ,        ,        ,        ,        ,        ,        ,        ,      
jarrega01, 1967,     1, DET , NHL , L  , 68.0, 18.0,  21.0,  39.0,  20.0, 4.0  ,  1.0,     ,  0.0,     ,  2.0, 2.0, 207.0,       ,      ,      ,        ,        ,        ,        ,        ,        ,        ,        ,      
jarrega01, 1968,     1, OAK , NHL , L  , 63.0, 22.0,  23.0,  45.0,  22.0, -8.0 ,  3.0,     ,  0.0,     ,  1.0, 2.0, 201.0,    7.0,   2.0,   1.0,     3.0,     4.0,        ,     0.0,        ,     0.0,        ,     1.0,      
jarrega01, 1969,     1, OAK , NHL , L  , 75.0, 12.0,  19.0,  31.0,  31.0, -24.0,  2.0,     ,  0.0,     ,  4.0, 2.0, 229.0,    4.0,   1.0,   0.0,     1.0,     5.0,        ,     1.0,        ,     0.0,        ,     0.0,      
jarrega01, 1970,     1, CLF , NHL , L  , 75.0, 15.0,  19.0,  34.0,  40.0, -27.0,  2.0,     ,  0.0,     ,  2.0, 0.0, 169.0,       ,      ,      ,        ,        ,        ,        ,        ,        ,        ,        ,      
jarrega01, 1971,     1, CLF , NHL , L  , 55.0,  5.0,  10.0,  15.0,  18.0, 0.0  ,  2.0,     ,  0.0,     ,  0.0, 0.0,  64.0,       ,      ,      ,        ,        ,        ,        ,        ,        ,        ,        ,      
jarrega01, 1972,     1, CLC , WHA , L  , 77.0, 40.0,  39.0,  79.0,  79.0,      ,  8.0,     ,  0.0,     ,  7.0,    ,      ,    9.0,   8.0,   3.0,    11.0,    19.0,        ,     3.0,        ,     0.0,        ,     1.0,      
jarrega01, 1973,     1, CLC , WHA , L  , 75.0, 31.0,  39.0,  70.0,  68.0,      , 11.0,     ,  0.0,     ,  4.0,    ,      ,    5.0,   1.0,   1.0,     2.0,    13.0,        ,        ,        ,        ,        ,     0.0,      
jarrega01, 1974,     1, CLC , WHA , L  , 77.0, 17.0,  24.0,  41.0,  70.0, 8.0  ,  1.0,     ,  0.0,     ,     ,    , 233.0,    5.0,   0.0,   1.0,     1.0,     0.0,        ,     0.0,        ,     0.0,        ,     0.0,      
jarrega01, 1975,     1, CLC , WHA , L  , 69.0, 16.0,  17.0,  33.0,  22.0, -4.0 ,  1.0,     ,  0.0,     ,  1.0,    , 128.0,    3.0,   0.0,   3.0,     3.0,     2.0, -1.0   ,        ,        ,        ,        ,     0.0,      
jarrypi01, 1971,     1, NYR , NHL , L  , 34.0,  3.0,   3.0,   6.0,  20.0, 2.0  ,  0.0,     ,  0.0,     ,  0.0, 0.0,  32.0,       ,      ,      ,        ,        ,        ,        ,        ,        ,        ,        ,      
jarrypi01, 1971,     2, TOR , NHL , L  , 18.0,  3.0,   4.0,   7.0,  13.0, -3.0 ,  0.0,     ,  0.0,     ,  1.0, 0.0,  42.0,    5.0,   0.0,   1.0,     1.0,     0.0,        ,     0.0,        ,     0.0,        ,     0.0,      
jarrypi01, 1972,     1, TOR , NHL , L  , 74.0, 19.0,  18.0,  37.0,  42.0, -13.0,  2.0,     ,  0.0,     ,  2.0, 1.0, 188.0,       ,      ,      ,        ,        ,        ,        ,        ,        ,        ,        ,      
jarrypi01, 1973,     1, TOR , NHL , L  , 12.0,  2.0,   8.0,  10.0,  10.0, 8.0  ,  0.0,     ,  0.0,     ,  0.0, 0.0,  31.0,       ,      ,      ,        ,        ,        ,        ,        ,        ,        ,        ,      
jarrypi01, 1973,     2, DET , NHL , L  , 52.0, 15.0,  23.0,  38.0,  17.0, -11.0,  2.0,     ,  0.0,     ,  0.0, 3.0, 139.0,       ,      ,      ,        ,        ,        ,        ,        ,        ,        ,        ,      
jarrypi01, 1974,     1, DET , NHL , L  , 39.0,  8.0,  13.0,  21.0,   4.0, -12.0,  0.0,     ,  0.0,     ,  1.0, 0.0,  90.0,       ,      ,      ,        ,        ,        ,        ,        ,        ,        ,        ,      
jarrypi01, 1975,     1, MNS , NHL , C/L, 59.0, 21.0,  18.0,  39.0,  32.0, -7.0 ,  3.0,     ,  0.0,     ,  0.0, 0.0, 143.0,       ,      ,      ,        ,        ,        ,        ,        ,        ,        ,        ,      
jarrypi01, 1976,     1, MNS , NHL , L  , 21.0,  8.0,  13.0,  21.0,   2.0, -6.0 ,  4.0,     ,  0.0,     ,  1.0, 1.0,  52.0,       ,      ,      ,        ,        ,        ,        ,        ,        ,        ,        ,      
jarrypi01, 1977,     1, MNS , NHL , L  , 35.0,  9.0,  17.0,  26.0,   2.0, -9.0 ,  1.0,     ,  0.0,     ,  1.0, 0.0,  77.0,       ,      ,      ,        ,        ,        ,        ,        ,        ,        ,        ,      
jarrypi01, 1977,     2, EDO , WHA , L  , 18.0,  4.0,  10.0,  14.0,   4.0, -1.0 ,  0.0,     ,  0.0,     ,     ,    ,  45.0,    5.0,   1.0,   0.0,     1.0,     4.0, -3.0   ,        ,        ,        ,        ,     0.0,      
jarveha01, 1986,     1, WIN , NHL , R  , 20.0,  1.0,   8.0,   9.0,   8.0, -4.0 ,  0.0,     ,  0.0,     ,  0.0, 0.0,  36.0,       ,      ,      ,        ,        ,        ,        ,        ,        ,        ,        ,      
jarveha01, 1987,     1, WIN , NHL , R  , 41.0,  6.0,  11.0,  17.0,  34.0, 0.0  ,  1.0,  1.0,  0.0,  0.0,  0.0, 0.0,  52.0,       ,      ,      ,        ,        ,        ,        ,        ,        ,        ,        ,      
jarveha01, 1988,     1, WIN , NHL , R  , 53.0,  4.0,   7.0,  11.0,  41.0, -14.0,  1.0,  0.0,  0.0,  0.0,  0.0, 0.0,  27.0,       ,      ,      ,        ,        ,        ,        ,        ,        ,        ,        ,      
jarvema01, 2001,     1, MTL , NHL , D  ,  1.0,  0.0,   0.0,   0.0,   0.0, 2.0  ,  0.0,  0.0,  0.0,  0.0,  0.0, 0.0,   0.0,       ,      ,      ,        ,        ,        ,        ,        ,        ,        ,        ,      
jarvido01, 1975,     1, MTL , NHL , C  , 80.0,  5.0,  30.0,  35.0,  16.0, 17.0 ,  0.0,     ,  1.0,     ,  1.0, 0.0,  92.0,   13.0,   2.0,   1.0,     3.0,     2.0,        ,     0.0,        ,     0.0,        ,     0.0,      
jarvido01, 1976,     1, MTL , NHL , C  , 80.0, 16.0,  22.0,  38.0,  14.0, 30.0 ,  0.0,     ,  0.0,     ,  2.0, 0.0,  88.0,   14.0,   0.0,   7.0,     7.0,     2.0,        ,     0.0,        ,     0.0,        ,     0.0,      
jarvido01, 1977,     1, MTL , NHL , C  , 80.0, 11.0,  28.0,  39.0,  23.0, 12.0 ,  2.0,     ,  2.0,     ,  1.0, 0.0, 129.0,   15.0,   3.0,   5.0,     8.0,    12.0,        ,     1.0,        ,     0.0,        ,     1.0,      
jarvido01, 1978,     1, MTL , NHL , C  , 80.0, 10.0,  13.0,  23.0,  16.0, 5.0  ,  0.0,     ,  1.0,     ,  1.0, 0.0, 117.0,   12.0,   1.0,   3.0,     4.0,     4.0,        ,     0.0,        ,     0.0,        ,     0.0,      
jarvido01, 1979,     1, MTL , NHL , C  , 80.0, 13.0,  11.0,  24.0,  28.0, -5.0 ,  0.0,     ,  1.0,     ,  3.0, 0.0, 130.0,   10.0,   4.0,   4.0,     8.0,     2.0,        ,     0.0,        ,     1.0,        ,     0.0,      
jarvido01, 1980,     1, MTL , NHL , C  , 80.0, 16.0,  22.0,  38.0,  34.0, 12.0 ,  0.0,     ,  2.0,     ,  1.0, 0.0, 122.0,    3.0,   0.0,   0.0,     0.0,     0.0,        ,     0.0,        ,     0.0,        ,     0.0,      
jarvido01, 1981,     1, MTL , NHL , C  , 80.0, 20.0,  28.0,  48.0,  20.0, 34.0 ,  1.0,     ,  0.0,     ,  4.0, 0.0, 127.0,    5.0,   1.0,   0.0,     1.0,     4.0,        ,     0.0,        ,     1.0,        ,     0.0,      
jarvido01, 1982,     1, WAS , NHL , C  , 80.0,  8.0,  22.0,  30.0,  10.0, -12.0,  0.0,     ,  1.0,     ,  0.0, 0.0,  95.0,    4.0,   0.0,   1.0,     1.0,     0.0,        ,     0.0,        ,     0.0,        ,     0.0,      
jarvido01, 1983,     1, WAS , NHL , C  , 80.0, 13.0,  29.0,  42.0,  12.0, 7.0  ,  0.0,     ,  2.0,     ,  0.0, 0.0, 122.0,    8.0,   2.0,   3.0,     5.0,     6.0, 2.0    ,     0.0,        ,     0.0,        ,     0.0,    15.0
jarvido01, 1984,     1, WAS , NHL , C  , 80.0,  9.0,  28.0,  37.0,  32.0, 19.0 ,  1.0,     ,  1.0,     ,  1.0, 0.0, 103.0,    5.0,   1.0,   0.0,     1.0,     2.0, -2.0   ,     0.0,        ,     0.0,        ,     0.0,     6.0
jarvido01, 1985,     1, WAS , NHL , C  , 25.0,  1.0,   2.0,   3.0,  16.0, -5.0 ,  0.0,     ,  0.0,     ,  0.0, 0.0,  19.0,       ,      ,      ,        ,        ,        ,        ,        ,        ,        ,        ,      
jarvido01, 1985,     2, HAR , NHL , C  , 57.0,  8.0,  16.0,  24.0,  20.0, 7.0  ,  0.0,     ,  3.0,     ,  0.0, 0.0,  55.0,   10.0,   0.0,   3.0,     3.0,     4.0, 1.0    ,     0.0,        ,     0.0,        ,     0.0,     7.0
jarvido01, 1986,     1, HAR , NHL , C  , 80.0,  9.0,  13.0,  22.0,  20.0, 0.0  ,  0.0,     ,  2.0,     ,  2.0, 0.0,  88.0,    6.0,   0.0,   0.0,     0.0,     4.0, -6.0   ,     0.0,        ,     0.0,        ,     0.0,     9.0
jarvido01, 1987,     1, HAR , NHL , C  ,  2.0,  0.0,   0.0,   0.0,   2.0, 0.0  ,  0.0,  0.0,  0.0,  0.0,  0.0, 0.0,   2.0,       ,      ,      ,        ,        ,        ,        ,        ,        ,        ,        ,      
jarviii01, 1988,     1, QUE , NHL , R  , 75.0, 11.0,  30.0,  41.0,  40.0, -13.0,  1.0,  7.0,  0.0,  1.0,  1.0, 0.0, 109.0,       ,      ,      ,        ,        ,        ,        ,        ,        ,        ,        ,      
jarviii01, 1989,     1, QUE , NHL , L  , 41.0,  7.0,  13.0,  20.0,  18.0, -11.0,  1.0,  1.0,  0.0,  0.0,  1.0, 0.0,  52.0,       ,      ,      ,        ,        ,        ,        ,        ,        ,        ,        ,      
jarvija01, 1929,     1, PIP , NHL , L  , 44.0, 11.0,   8.0,  19.0,  32.0,      ,     ,     ,     ,     ,     ,    ,      ,       ,      ,      ,        ,        ,        ,        ,        ,        ,        ,        ,      
jarvija01, 1930,     1, PHQ , NHL , L  , 44.0,  5.0,   7.0,  12.0,  30.0,      ,     ,     ,     ,     ,     ,    ,      ,       ,      ,      ,        ,        ,        ,        ,        ,        ,        ,        ,      
jarvija01, 1936,     1, TOR , NHL , L  , 24.0,  1.0,   0.0,   1.0,   0.0,      ,     ,     ,     ,     ,     ,    ,      ,       ,      ,      ,        ,        ,        ,        ,        ,        ,        ,        ,      
jarviwe01, 1979,     1, WAS , NHL , C  , 63.0, 11.0,  15.0,  26.0,   8.0, -3.0 ,  0.0,     ,  0.0,     ,  0.0, 0.0,  43.0,       ,      ,      ,        ,        ,        ,        ,        ,        ,        ,        ,      
jarviwe01, 1980,     1, WAS , NHL , C  , 55.0,  9.0,  14.0,  23.0,  30.0, -9.0 ,  0.0,     ,  1.0,     ,  0.0, 1.0,  61.0,       ,      ,      ,        ,        ,        ,        ,        ,        ,        ,        ,      
jarviwe01, 1981,     1, WAS , NHL , C  , 26.0,  1.0,  12.0,  13.0,  18.0, 5.0  ,  0.0,     ,  0.0,     ,  0.0, 0.0,  22.0,       ,      ,      ,        ,        ,        ,        ,        ,        ,        ,        ,      
jarviwe01, 1982,     1, MNS , NHL , C  ,  3.0,  0.0,   0.0,   0.0,   2.0, -2.0 ,  0.0,     ,  0.0,     ,  0.0, 0.0,   2.0,       ,      ,      ,        ,        ,        ,        ,        ,        ,        ,        ,      
jarviwe01, 1983,     1, LAK , NHL , C  , 61.0,  9.0,  13.0,  22.0,  36.0, -7.0 ,  1.0,     ,  1.0,     ,  0.0, 0.0,  63.0,       ,      ,      ,        ,        ,        ,        ,        ,        ,        ,        ,      
jarviwe01, 1984,     1, TOR , NHL , C  , 26.0,  0.0,   1.0,   1.0,   2.0, -6.0 ,  0.0,     ,  0.0,     ,  0.0, 0.0,  12.0,       ,      ,      ,        ,        ,        ,        ,        ,        ,        ,        ,      
jarviwe01, 1985,     1, TOR , NHL , C  ,  2.0,  1.0,   0.0,   1.0,   2.0, -1.0 ,  0.0,     ,  0.0,     ,  0.0, 0.0,   2.0,       ,      ,      ,        ,        ,        ,        ,        ,        ,        ,        ,      
jarviwe01, 1986,     1, TOR , NHL , C  ,     ,     ,      ,      ,      ,      ,     ,     ,     ,     ,     ,    ,      ,    2.0,   0.0,   0.0,     0.0,     2.0, 0.0    ,     0.0,        ,     0.0,        ,     0.0,     0.0
jarviwe01, 1987,     1, TOR , NHL , C  ,  1.0,  0.0,   0.0,   0.0,   0.0, 0.0  ,  0.0,  0.0,  0.0,  0.0,  0.0, 0.0,   0.0,       ,      ,      ,        ,        ,        ,        ,        ,        ,        ,        ,      
jaspeja01, 2001,     1, PHO , NHL , C  ,  4.0,  0.0,   1.0,   1.0,   4.0, -1.0 ,  0.0,  0.0,  0.0,  0.0,  0.0, 0.0,   1.0,       ,      ,      ,        ,        ,        ,        ,        ,        ,        ,        ,      
jaspeja01, 2002,     1, PHO , NHL , C  ,  2.0,  0.0,   0.0,   0.0,   0.0, -1.0 ,  0.0,  0.0,  0.0,  0.0,  0.0, 0.0,   0.0,       ,      ,      ,        ,        ,        ,        ,        ,        ,        ,        ,      
jaspeja01, 2003,     1, PHO , NHL , C  ,  3.0,  0.0,   0.0,   0.0,   2.0, -1.0 ,  0.0,  0.0,  0.0,  0.0,  0.0, 0.0,   3.0,       ,      ,      ,        ,        ,        ,        ,        ,        ,        ,        ,      
javanar01, 1984,     1, PIT , NHL , L  , 14.0,  4.0,   1.0,   5.0,   2.0, 1.0  ,  0.0,     ,  0.0,     ,  0.0, 0.0,  20.0,       ,      ,      ,        ,        ,        ,        ,        ,        ,        ,        ,      
jaybo01  , 1993,     1, LAK , NHL , D  ,  3.0,  0.0,   1.0,   1.0,   0.0, -2.0 ,  0.0,  0.0,  0.0,  0.0,  0.0, 0.0,   2.0,       ,      ,      ,        ,        ,        ,        ,        ,        ,        ,        ,      
jeffrdu01, 2008,     1, PIT , NHL , C  , 14.0,  1.0,   2.0,   3.0,   0.0, 4.0  ,  0.0,  0.0,  0.0,  0.0,  0.0,    ,  18.0,       ,      ,      ,        ,        ,        ,        ,        ,        ,        ,        ,      
jeffrdu01, 2009,     1, PIT , NHL , C  ,  1.0,  0.0,   0.0,   0.0,   0.0, 0.0  ,  0.0,  0.0,  0.0,  0.0,  0.0,    ,   0.0,       ,      ,      ,        ,        ,        ,        ,        ,        ,        ,        ,      
jeffrla01, 1961,     1, DET , NHL , L  , 18.0,  5.0,   3.0,   8.0,  20.0,      ,     ,     ,     ,     ,     ,    ,      ,       ,      ,      ,        ,        ,        ,        ,        ,        ,        ,        ,      
jeffrla01, 1962,     1, DET , NHL , L  , 53.0,  5.0,  11.0,  16.0,  62.0,      ,     ,     ,     ,     ,     ,    ,      ,    9.0,   3.0,   3.0,     6.0,     8.0,        ,        ,        ,        ,        ,     0.0,      
jeffrla01, 1963,     1, DET , NHL , L  , 58.0, 10.0,  18.0,  28.0,  87.0,      ,  0.0,     ,  0.0,     ,  2.0, 0.0,      ,   14.0,   1.0,   6.0,     7.0,    28.0,        ,        ,        ,        ,        ,     1.0,      
jeffrla01, 1964,     1, DET , NHL , L  , 41.0,  4.0,   2.0,   6.0,  48.0,      ,  0.0,     ,  0.0,     ,  2.0, 0.0,      ,    2.0,   0.0,   0.0,     0.0,     0.0,        ,        ,        ,        ,        ,     0.0,      
jeffrla01, 1965,     1, TOR , NHL , L  , 20.0,  1.0,   1.0,   2.0,  22.0,      ,  0.0,     ,  0.0,     ,  1.0, 0.0,      ,       ,      ,      ,        ,        ,        ,        ,        ,        ,        ,        ,      
jeffrla01, 1966,     1, TOR , NHL , L  , 56.0, 11.0,  17.0,  28.0,  27.0,      ,  1.0,     ,  1.0,     ,  1.0, 0.0,      ,    6.0,   0.0,   1.0,     1.0,     4.0,        ,        ,        ,        ,        ,     0.0,      
jeffrla01, 1967,     1, NYR , NHL , L  , 47.0,  2.0,   4.0,   6.0,  15.0, -13.0,  0.0,     ,  0.0,     ,  0.0, 0.0,  48.0,    3.0,   0.0,   0.0,     0.0,     0.0,        ,     0.0,        ,     0.0,        ,     0.0,      
jeffrla01, 1968,     1, NYR , NHL , L  , 75.0,  1.0,   6.0,   7.0,  12.0, 0.0  ,  0.0,     ,  0.0,     ,  0.0, 0.0,  31.0,    4.0,   0.0,   0.0,     0.0,     2.0,        ,     0.0,        ,     0.0,        ,     0.0,      
jelinto01, 1992,     1, OTT , NHL , R  , 49.0,  7.0,   6.0,  13.0,  52.0, -21.0,  0.0,  3.0,  0.0,  0.0,  0.0, 0.0,  60.0,       ,      ,      ,        ,        ,        ,        ,        ,        ,        ,        ,      
jenkide01, 1983,     1, LAK , NHL , R  ,  5.0,  0.0,   0.0,   0.0,   2.0, -1.0 ,  0.0,     ,  0.0,     ,  0.0, 0.0,   3.0,       ,      ,      ,        ,        ,        ,        ,        ,        ,        ,        ,      
jenkiro01, 1930,     1, TOR , NHL , R/D, 21.0,  0.0,   0.0,   0.0,  12.0,      ,     ,     ,     ,     ,     ,    ,      ,       ,      ,      ,        ,        ,        ,        ,        ,        ,        ,        ,      
jenkiro01, 1930,     2, CHI , NHL , R/D, 10.0,  0.0,   1.0,   1.0,   2.0,      ,     ,     ,     ,     ,     ,    ,      ,    3.0,   0.0,   0.0,     0.0,     0.0,        ,        ,        ,        ,        ,        ,      
jenkiro01, 1932,     1, CHI , NHL , R/D, 46.0,  3.0,  10.0,  13.0,  42.0,      ,     ,     ,     ,     ,     ,    ,      ,       ,      ,      ,        ,        ,        ,        ,        ,        ,        ,        ,      
jenkiro01, 1933,     1, CHI , NHL , R/D, 48.0,  2.0,   2.0,   4.0,  37.0,      ,     ,     ,     ,     ,     ,    ,      ,    8.0,   0.0,   0.0,     0.0,     4.0,        ,        ,        ,        ,        ,        ,      
jenkiro01, 1934,     1, MTL , NHL , R/D, 45.0,  4.0,   6.0,  10.0,  63.0,      ,     ,     ,     ,     ,     ,    ,      ,    2.0,   1.0,   0.0,     1.0,     2.0,        ,        ,        ,        ,        ,        ,      
jenkiro01, 1935,     1, BOS , NHL , R/D, 40.0,  2.0,   6.0,   8.0,  51.0,      ,     ,     ,     ,     ,     ,    ,      ,    2.0,   0.0,   1.0,     1.0,     2.0,        ,        ,        ,        ,        ,        ,      
jenkiro01, 1936,     1, MTL , NHL , R/D, 10.0,  0.0,   0.0,   0.0,   8.0,      ,     ,     ,     ,     ,     ,    ,      ,       ,      ,      ,        ,        ,        ,        ,        ,        ,        ,        ,      
jenkiro01, 1936,     2, MTM , NHL , R/D,  1.0,  0.0,   0.0,   0.0,   0.0,      ,     ,     ,     ,     ,     ,    ,      ,       ,      ,      ,        ,        ,        ,        ,        ,        ,        ,        ,      
jenkiro01, 1936,     3, NYA , NHL , R/D, 26.0,  1.0,   4.0,   5.0,   6.0,      ,     ,     ,     ,     ,     ,    ,      ,       ,      ,      ,        ,        ,        ,        ,        ,        ,        ,        ,      
jenkiro01, 1937,     1, CHI , NHL , D  , 37.0,  1.0,   8.0,   9.0,  26.0,      ,     ,     ,     ,     ,     ,    ,      ,   10.0,   0.0,   6.0,     6.0,     8.0,        ,        ,        ,        ,        ,        ,      
jenkiro01, 1938,     1, CHI , NHL , D  , 14.0,  1.0,   1.0,   2.0,   2.0,      ,     ,     ,     ,     ,     ,    ,      ,       ,      ,      ,        ,        ,        ,        ,        ,        ,        ,        ,      
jenkiro01, 1938,     2, NYA , NHL , D  , 27.0,  1.0,   1.0,   2.0,   4.0,      ,     ,     ,     ,     ,     ,    ,      ,    2.0,   0.0,   0.0,     0.0,     0.0,        ,        ,        ,        ,        ,        ,      
jennibi01, 1940,     1, DET , NHL , R  , 12.0,  1.0,   5.0,   6.0,   2.0,      ,     ,     ,     ,     ,     ,    ,      ,    9.0,   2.0,   2.0,     4.0,     0.0,        ,        ,        ,        ,        ,        ,      
jennibi01, 1941,     1, DET , NHL , R  , 16.0,  2.0,   1.0,   3.0,   6.0,      ,     ,     ,     ,     ,     ,    ,      ,       ,      ,      ,        ,        ,        ,        ,        ,        ,        ,        ,      
jennibi01, 1942,     1, DET , NHL , R  ,  8.0,  3.0,   3.0,   6.0,   2.0,      ,     ,     ,     ,     ,     ,    ,      ,       ,      ,      ,        ,        ,        ,        ,        ,        ,        ,        ,      
jennibi01, 1943,     1, DET , NHL , R  , 33.0,  6.0,  11.0,  17.0,  10.0,      ,     ,     ,     ,     ,     ,    ,      ,    4.0,   0.0,   0.0,     0.0,     0.0,        ,        ,        ,        ,        ,        ,      
jennibi01, 1944,     1, BOS , NHL , R  , 39.0, 20.0,  13.0,  33.0,  25.0,      ,     ,     ,     ,     ,     ,    ,      ,    7.0,   2.0,   2.0,     4.0,     6.0,        ,        ,        ,        ,        ,        ,      
jennigr01, 1987,     1, WAS , NHL , D  ,     ,     ,      ,      ,      ,      ,     ,     ,     ,     ,     ,    ,      ,    1.0,   0.0,   0.0,     0.0,     0.0, 0.0    ,     0.0,     0.0,     0.0,     0.0,     0.0,     0.0
jennigr01, 1988,     1, HAR , NHL , D  , 55.0,  3.0,  10.0,  13.0, 159.0, 17.0 ,  0.0,  0.0,  0.0,  0.0,  0.0, 0.0,  39.0,    4.0,   1.0,   0.0,     1.0,    17.0, -3.0   ,     1.0,     0.0,     0.0,     0.0,     0.0,     3.0
jennigr01, 1989,     1, HAR , NHL , D  , 64.0,  3.0,   6.0,   9.0, 171.0, -4.0 ,  0.0,  0.0,  0.0,  1.0,  0.0, 0.0,  45.0,    7.0,   0.0,   0.0,     0.0,    17.0, 3.0    ,     0.0,     0.0,     0.0,     0.0,     0.0,     6.0
jennigr01, 1990,     1, HAR , NHL , D  , 44.0,  1.0,   4.0,   5.0,  82.0, -13.0,  0.0,  0.0,  0.0,  0.0,  0.0, 0.0,  28.0,       ,      ,      ,        ,        ,        ,        ,        ,        ,        ,        ,      
jennigr01, 1990,     2, PIT , NHL , D  , 13.0,  1.0,   3.0,   4.0,  26.0, 2.0  ,  0.0,  0.0,  0.0,  0.0,  0.0, 0.0,   8.0,   13.0,   1.0,   1.0,     2.0,    16.0, 3.0    ,     0.0,     0.0,     0.0,     0.0,     0.0,     9.0
jennigr01, 1991,     1, PIT , NHL , D  , 53.0,  4.0,   5.0,   9.0, 104.0, -1.0 ,  0.0,  0.0,  2.0,  0.0,  2.0, 0.0,  35.0,   10.0,   0.0,   0.0,     0.0,    12.0, -9.0   ,     0.0,     0.0,     0.0,     0.0,     0.0,    12.0
jennigr01, 1992,     1, PIT , NHL , D  , 58.0,  0.0,   5.0,   5.0,  65.0, 6.0  ,  0.0,  0.0,  0.0,  0.0,  0.0, 0.0,  32.0,   12.0,   0.0,   0.0,     0.0,     8.0, 1.0    ,     0.0,     0.0,     0.0,     0.0,     0.0,     4.0
jennigr01, 1993,     1, PIT , NHL , D  , 61.0,  2.0,   4.0,   6.0, 126.0, -10.0,  0.0,  0.0,  1.0,  0.0,  1.0, 0.0,  49.0,    3.0,   0.0,   0.0,     0.0,     2.0, -1.0   ,     0.0,     0.0,     0.0,     0.0,     0.0,     2.0
jennigr01, 1994,     1, PIT , NHL , D  , 25.0,  0.0,   4.0,   4.0,  36.0, 2.0  ,  0.0,  0.0,  0.0,  0.0,  0.0, 0.0,  16.0,       ,      ,      ,        ,        ,        ,        ,        ,        ,        ,        ,      
jennigr01, 1994,     2, TOR , NHL , D  , 10.0,  0.0,   2.0,   2.0,   7.0, -6.0 ,  0.0,  0.0,  0.0,  0.0,  0.0, 0.0,   9.0,    4.0,   0.0,   0.0,     0.0,     0.0, -3.0   ,     0.0,     0.0,     0.0,     0.0,     0.0,     4.0
jennigr01, 1995,     1, BUF , NHL , D  ,  6.0,  0.0,   0.0,   0.0,  28.0, 1.0  ,  0.0,  0.0,  0.0,  0.0,  0.0, 0.0,   3.0,       ,      ,      ,        ,        ,        ,        ,        ,        ,        ,        ,      
jenseal01, 1980,     1, DET , NHL , G  ,  1.0,  0.0,   0.0,   0.0,   0.0, 0.0  ,  0.0,     ,  0.0,     ,  0.0, 0.0,   0.0,       ,      ,      ,        ,        ,        ,        ,        ,        ,        ,        ,      
jenseal01, 1981,     1, WAS , NHL , G  , 26.0,  0.0,   2.0,   2.0,   6.0, 0.0  ,  0.0,     ,  0.0,     ,  0.0, 0.0,   0.0,       ,      ,      ,        ,        ,        ,        ,        ,        ,        ,        ,      
jenseal01, 1982,     1, WAS , NHL , G  , 40.0,  0.0,   0.0,   0.0,   6.0, 0.0  ,  0.0,     ,  0.0,     ,  0.0, 0.0,   0.0,    3.0,   0.0,   0.0,     0.0,     0.0,        ,     0.0,        ,     0.0,        ,     0.0,      
jenseal01, 1983,     1, WAS , NHL , G  , 43.0,  0.0,   0.0,   0.0,  22.0, 0.0  ,  0.0,     ,  0.0,     ,  0.0, 0.0,   0.0,    6.0,   0.0,   1.0,     1.0,     2.0, 0.0    ,     0.0,        ,     0.0,        ,     0.0,     0.0
jenseal01, 1984,     1, WAS , NHL , G  , 14.0,  0.0,   0.0,   0.0,   6.0, 0.0  ,  0.0,     ,  0.0,     ,  0.0, 0.0,   0.0,    3.0,   0.0,   0.0,     0.0,     2.0, 0.0    ,     0.0,        ,     0.0,        ,     0.0,     0.0
jenseal01, 1985,     1, WAS , NHL , G  , 44.0,  0.0,   1.0,   1.0,   4.0, 0.0  ,  0.0,     ,  0.0,     ,  0.0, 0.0,   0.0,       ,      ,      ,        ,        ,        ,        ,        ,        ,        ,        ,      
jenseal01, 1986,     1, WAS , NHL , G  ,  6.0,  0.0,   0.0,   0.0,   0.0, 0.0  ,  0.0,     ,  0.0,     ,  0.0, 0.0,   0.0,       ,      ,      ,        ,        ,        ,        ,        ,        ,        ,        ,      
jenseal01, 1986,     2, LAK , NHL , G  ,  5.0,  0.0,   1.0,   1.0,   0.0, 0.0  ,  0.0,     ,  0.0,     ,  0.0, 0.0,   0.0,       ,      ,      ,        ,        ,        ,        ,        ,        ,        ,        ,      
jensech01, 1985,     1, NYR , NHL , C  ,  9.0,  1.0,   3.0,   4.0,   0.0, 1.0  ,  0.0,     ,  0.0,     ,  1.0, 0.0,  18.0,       ,      ,      ,        ,        ,        ,        ,        ,        ,        ,        ,      
jensech01, 1986,     1, NYR , NHL , C  , 37.0,  6.0,   7.0,  13.0,  21.0, -1.0 ,  0.0,     ,  1.0,     ,  2.0, 0.0,  70.0,       ,      ,      ,        ,        ,        ,        ,        ,        ,        ,        ,      
jensech01, 1987,     1, NYR , NHL , C  ,  7.0,  0.0,   1.0,   1.0,   2.0, -1.0 ,  0.0,  0.0,  0.0,  0.0,  0.0, 0.0,  11.0,       ,      ,      ,        ,        ,        ,        ,        ,        ,        ,        ,      
jensech01, 1989,     1, PHI , NHL , R  ,  1.0,  0.0,   0.0,   0.0,   2.0, -1.0 ,  0.0,  0.0,  0.0,  0.0,  0.0, 0.0,   0.0,       ,      ,      ,        ,        ,        ,        ,        ,        ,        ,        ,      
jensech01, 1990,     1, PHI , NHL , R  , 18.0,  2.0,   1.0,   3.0,   2.0, -5.0 ,  0.0,  0.0,  0.0,  0.0,  0.0, 0.0,  22.0,       ,      ,      ,        ,        ,        ,        ,        ,        ,        ,        ,      
jensech01, 1991,     1, PHI , NHL , R  ,  2.0,  0.0,   0.0,   0.0,   0.0, -1.0 ,  0.0,  0.0,  0.0,  0.0,  0.0, 0.0,   2.0,       ,      ,      ,        ,        ,        ,        ,        ,        ,        ,        ,      
jenseda01, 1983,     1, MNS , NHL , D  ,  8.0,  0.0,   1.0,   1.0,   0.0, 2.0  ,  0.0,     ,  0.0,     ,  0.0, 0.0,   5.0,       ,      ,      ,        ,        ,        ,        ,        ,        ,        ,        ,      
jenseda01, 1984,     1, MNS , NHL , D  ,  5.0,  0.0,   1.0,   1.0,   4.0, -5.0 ,  0.0,     ,  0.0,     ,  0.0, 0.0,   3.0,       ,      ,      ,        ,        ,        ,        ,        ,        ,        ,        ,      
jenseda01, 1985,     1, MNS , NHL , D  ,  5.0,  0.0,   0.0,   0.0,   7.0, -2.0 ,  0.0,     ,  0.0,     ,  0.0, 0.0,   1.0,       ,      ,      ,        ,        ,        ,        ,        ,        ,        ,        ,      
jenseda02, 1984,     1, PHI , NHL , G  ,  1.0,  0.0,   0.0,   0.0,   0.0, 0.0  ,  0.0,     ,  0.0,     ,  0.0, 0.0,   0.0,       ,      ,      ,        ,        ,        ,        ,        ,        ,        ,        ,      
jenseda02, 1985,     1, PHI , NHL , G  , 29.0,  0.0,   1.0,   1.0,   2.0, 0.0  ,  0.0,     ,  0.0,     ,  0.0, 0.0,   0.0,       ,      ,      ,        ,        ,        ,        ,        ,        ,        ,        ,      
jenseda03, 1984,     1, HAR , NHL , C  , 13.0,  0.0,   4.0,   4.0,   6.0, -1.0 ,  0.0,     ,  0.0,     ,  0.0, 0.0,  11.0,       ,      ,      ,        ,        ,        ,        ,        ,        ,        ,        ,      
jenseda03, 1985,     1, WAS , NHL , C  ,  5.0,  1.0,   0.0,   1.0,   0.0, 1.0  ,  0.0,     ,  0.0,     ,  0.0, 0.0,   5.0,    4.0,   0.0,   0.0,     0.0,     0.0, -1.0   ,     0.0,        ,     0.0,        ,     0.0,     2.0
jenseda03, 1986,     1, WAS , NHL , C  , 46.0,  8.0,   8.0,  16.0,  12.0, -10.0,  2.0,     ,  0.0,     ,  0.0, 0.0,  49.0,    7.0,   0.0,   0.0,     0.0,     2.0, -2.0   ,     0.0,        ,     0.0,        ,     0.0,     4.0
jenseda03, 1987,     1, WAS , NHL , C  ,  5.0,  0.0,   1.0,   1.0,   4.0, 0.0  ,  0.0,  0.0,  0.0,  0.0,  0.0, 0.0,   1.0,       ,      ,      ,        ,        ,        ,        ,        ,        ,        ,        ,      
jensejo01, 2007,     1, CAR , NHL , C  ,  6.0,  1.0,   0.0,   1.0,   2.0, 1.0  ,  0.0,  0.0,  0.0,  0.0,  1.0,    ,   6.0,       ,      ,      ,        ,        ,        ,        ,        ,        ,        ,        ,      
jensest01, 1975,     1, MNS , NHL , L  , 19.0,  7.0,   6.0,  13.0,   6.0, -5.0 ,  1.0,     ,  0.0,     ,  1.0, 0.0,  49.0,       ,      ,      ,        ,        ,        ,        ,        ,        ,        ,        ,      
jensest01, 1976,     1, MNS , NHL , L  , 78.0, 22.0,  23.0,  45.0,  62.0, -6.0 ,  4.0,     ,  2.0,     ,  1.0, 3.0, 160.0,    2.0,   0.0,   1.0,     1.0,     0.0,        ,     0.0,        ,     0.0,        ,     0.0,      
jensest01, 1977,     1, MNS , NHL , L  , 74.0, 13.0,  17.0,  30.0,  73.0, -30.0,  2.0,     ,  0.0,     ,  1.0, 1.0, 132.0,       ,      ,      ,        ,        ,        ,        ,        ,        ,        ,        ,      
jensest01, 1978,     1, LAK , NHL , L  , 72.0, 23.0,   8.0,  31.0,  57.0, -28.0,  2.0,     ,  0.0,     ,  4.0, 1.0, 114.0,    2.0,   0.0,   0.0,     0.0,     0.0,        ,     0.0,        ,     0.0,        ,     0.0,      
jensest01, 1979,     1, LAK , NHL , L  , 76.0, 21.0,  15.0,  36.0,  13.0, -39.0,  4.0,     ,  2.0,     ,  2.0, 1.0, 149.0,    4.0,   0.0,   0.0,     0.0,     2.0,        ,     0.0,        ,     0.0,        ,     0.0,      
jensest01, 1980,     1, LAK , NHL , L  , 74.0, 19.0,  19.0,  38.0,  88.0, -6.0 ,  5.0,     ,  1.0,     ,  4.0, 0.0, 118.0,    4.0,   0.0,   2.0,     2.0,     7.0,        ,     0.0,        ,     0.0,        ,     0.0,      
jensest01, 1981,     1, LAK , NHL , L  , 45.0,  8.0,  19.0,  27.0,  19.0, -14.0,  1.0,     ,  0.0,     ,  1.0, 0.0,  78.0,       ,      ,      ,        ,        ,        ,        ,        ,        ,        ,        ,      
jeremed01, 1931,     1, NYA , NHL , D  ,  9.0,  0.0,   1.0,   1.0,   0.0,      ,     ,     ,     ,     ,     ,    ,      ,       ,      ,      ,        ,        ,        ,        ,        ,        ,        ,        ,      
jeremed01, 1931,     2, BOS , NHL , D  ,  6.0,  0.0,   0.0,   0.0,   0.0,      ,     ,     ,     ,     ,     ,    ,      ,       ,      ,      ,        ,        ,        ,        ,        ,        ,        ,        ,      
jerrapa01, 1988,     1, MNS , NHL , R  ,  5.0,  0.0,   0.0,   0.0,   4.0, 1.0  ,  0.0,  0.0,  0.0,  0.0,  0.0, 0.0,   8.0,       ,      ,      ,        ,        ,        ,        ,        ,        ,        ,        ,      
jerwafr01, 1931,     1, BOS , NHL , C  , 24.0,  4.0,   5.0,   9.0,  14.0,      ,     ,     ,     ,     ,     ,    ,      ,       ,      ,      ,        ,        ,        ,        ,        ,        ,        ,        ,      
jerwafr01, 1932,     1, BOS , NHL , C  , 31.0,  3.0,   4.0,   7.0,  23.0,      ,     ,     ,     ,     ,     ,    ,      ,       ,      ,      ,        ,        ,        ,        ,        ,        ,        ,        ,      
jerwafr01, 1933,     1, BOS , NHL , C  ,  5.0,  0.0,   0.0,   0.0,   2.0,      ,     ,     ,     ,     ,     ,    ,      ,       ,      ,      ,        ,        ,        ,        ,        ,        ,        ,        ,      
jerwafr01, 1934,     1, BOS , NHL , C  ,  5.0,  0.0,   0.0,   0.0,   0.0,      ,     ,     ,     ,     ,     ,    ,      ,       ,      ,      ,        ,        ,        ,        ,        ,        ,        ,        ,      
jerwafr01, 1934,     2, STE , NHL , C  , 16.0,  4.0,   7.0,  11.0,  14.0,      ,     ,     ,     ,     ,     ,    ,      ,       ,      ,      ,        ,        ,        ,        ,        ,        ,        ,        ,      
jerwajo01, 1930,     1, NYR , NHL , D  , 33.0,  4.0,   7.0,  11.0,  72.0,      ,     ,     ,     ,     ,     ,    ,      ,    4.0,   0.0,   0.0,     0.0,     4.0,        ,        ,        ,        ,        ,        ,      
jerwajo01, 1931,     1, BOS , NHL , D  , 11.0,  0.0,   0.0,   0.0,   8.0,      ,     ,     ,     ,     ,     ,    ,      ,       ,      ,      ,        ,        ,        ,        ,        ,        ,        ,        ,      
jerwajo01, 1933,     1, BOS , NHL , D  ,  2.0,  0.0,   0.0,   0.0,   2.0,      ,     ,     ,     ,     ,     ,    ,      ,       ,      ,      ,        ,        ,        ,        ,        ,        ,        ,        ,      
jerwajo01, 1935,     1, NYA , NHL , D  , 47.0,  9.0,  12.0,  21.0,  65.0,      ,     ,     ,     ,     ,     ,    ,      ,    5.0,   2.0,   3.0,     5.0,     2.0,        ,        ,        ,        ,        ,        ,      
jerwajo01, 1936,     1, BOS , NHL , D  , 26.0,  3.0,   5.0,   8.0,  30.0,      ,     ,     ,     ,     ,     ,    ,      ,       ,      ,      ,        ,        ,        ,        ,        ,        ,        ,        ,      
jerwajo01, 1936,     2, NYA , NHL , D  , 20.0,  6.0,   8.0,  14.0,  27.0,      ,     ,     ,     ,     ,     ,    ,      ,       ,      ,      ,        ,        ,        ,        ,        ,        ,        ,        ,      
jerwajo01, 1937,     1, NYA , NHL , D  , 48.0,  3.0,  14.0,  17.0,  53.0,      ,     ,     ,     ,     ,     ,    ,      ,    6.0,   0.0,   0.0,     0.0,     8.0,        ,        ,        ,        ,        ,        ,      
jerwajo01, 1938,     1, NYA , NHL , D  , 47.0,  4.0,  12.0,  16.0,  52.0,      ,     ,     ,     ,     ,     ,    ,      ,    2.0,   0.0,   0.0,     0.0,     2.0,        ,        ,        ,        ,        ,        ,      
jetteal01, 1911,     1, MOC , NHA ,    ,  3.0,  0.0,   0.0,   0.0,   5.0,      ,     ,     ,     ,     ,     ,    ,      ,       ,      ,      ,        ,        ,        ,        ,        ,        ,        ,        ,      
jetteal01, 1912,     1, MOC , NHA ,    ,  3.0,  0.0,   0.0,   0.0,   0.0,      ,     ,     ,     ,     ,     ,    ,      ,       ,      ,      ,        ,        ,        ,        ,        ,        ,        ,        ,      
jetteal01, 1913,     1, MOC , NHA ,    ,  9.0,  0.0,   1.0,   1.0,   0.0,      ,     ,     ,     ,     ,     ,    ,      ,       ,      ,      ,        ,        ,        ,        ,        ,        ,        ,        ,      
jetteal01, 1914,     1, MOC , NHA ,    ,  3.0,  0.0,   0.0,   0.0,   0.0,      ,     ,     ,     ,     ,     ,    ,      ,       ,      ,      ,        ,        ,        ,        ,        ,        ,        ,        ,      
jeweled01, 1917,     1, VML , PCHA, D  ,  1.0,  0.0,   0.0,   0.0,   0.0,      ,     ,     ,     ,     ,     ,    ,      ,       ,      ,      ,        ,        ,        ,        ,        ,        ,        ,        ,      
jillsje01, 2001,     1, SJS , NHL , D  , 48.0,  5.0,  13.0,  18.0,  29.0, 2.0  ,  3.0, 12.0,  0.0,  0.0,  2.0, 0.0,  47.0,    4.0,   0.0,   0.0,     0.0,     0.0, 0.0    ,     0.0,     0.0,     0.0,     0.0,     0.0,     2.0
jillsje01, 2002,     1, SJS , NHL , D  , 26.0,  0.0,   6.0,   6.0,   9.0, -7.0 ,  0.0,  5.0,  0.0,  0.0,  0.0, 0.0,  22.0,       ,      ,      ,        ,        ,        ,        ,        ,        ,        ,        ,      
jillsje01, 2003,     1, BOS , NHL , D  , 50.0,  4.0,  10.0,  14.0,  35.0, -1.0 ,  1.0,  3.0,  0.0,  0.0,  1.0, 1.0,  80.0,       ,      ,      ,        ,        ,        ,        ,        ,        ,        ,        ,      
jillsje01, 2003,     2, BUF , NHL , D  , 14.0,  0.0,   3.0,   3.0,  19.0, -3.0 ,  0.0,  0.0,  0.0,  0.0,  0.0, 0.0,  35.0,       ,      ,      ,        ,        ,        ,        ,        ,        ,        ,        ,      
jillsje01, 2005,     1, BUF , NHL , D  ,  2.0,  0.0,   0.0,   0.0,   4.0, 0.0  ,  0.0,  0.0,  0.0,  0.0,  0.0,    ,   1.0,    4.0,   0.0,   0.0,     0.0,     0.0, -4.0   ,     0.0,     0.0,     0.0,     0.0,     0.0,     5.0
jirikja01, 1969,     1, STL , NHL , R  ,  3.0,  0.0,   0.0,   0.0,   0.0, 1.0  ,  0.0,     ,  0.0,     ,  0.0, 0.0,   4.0,       ,      ,      ,        ,        ,        ,        ,        ,        ,        ,        ,      
joanero01, 1944,     1, MTL , NHL , C  ,  2.0,  0.0,   1.0,   1.0,   4.0,      ,     ,     ,     ,     ,     ,    ,      ,       ,      ,      ,        ,        ,        ,        ,        ,        ,        ,        ,      
jodziri01, 1974,     1, VAB , WHA , L  , 44.0,  1.0,   3.0,   4.0, 159.0, -12.0,  0.0,     ,  0.0,     ,     ,    ,  22.0,       ,      ,      ,        ,        ,        ,        ,        ,        ,        ,        ,      
jodziri01, 1975,     1, CAC , WHA , L  , 47.0, 10.0,   7.0,  17.0, 137.0, 5.0  ,  0.0,     ,  0.0,     ,  2.0,    ,  44.0,    2.0,   0.0,   0.0,     0.0,    14.0, 1.0    ,        ,        ,        ,        ,        ,      
jodziri01, 1976,     1, CAC , WHA , L  , 46.0,  4.0,   6.0,  10.0,  61.0, -13.0,  0.0,     ,  0.0,     ,     ,    ,  39.0,       ,      ,      ,        ,        ,        ,        ,        ,        ,        ,        ,      
jodziri01, 1977,     1, COR , NHL , L  , 32.0,  0.0,   5.0,   5.0,  28.0, -5.0 ,  0.0,     ,  0.0,     ,  0.0, 0.0,  25.0,       ,      ,      ,        ,        ,        ,        ,        ,        ,        ,        ,      
jodziri01, 1977,     2, CLE , NHL , L  , 38.0,  2.0,   3.0,   5.0,  43.0, -9.0 ,  0.0,     ,  0.0,     ,  1.0, 0.0,  23.0,       ,      ,      ,        ,        ,        ,        ,        ,        ,        ,        ,      
joensje01, 2008,     1, NYI , NHL , L  ,  7.0,  1.0,   2.0,   3.0,   4.0, -1.0 ,  0.0,  1.0,  0.0,  0.0,  0.0,    ,   9.0,       ,      ,      ,        ,        ,        ,        ,        ,        ,        ,        ,      
joensje01, 2009,     1, NYI , NHL , R  , 11.0,  1.0,   0.0,   1.0,   4.0, 4.0  ,  0.0,  0.0,  0.0,  0.0,  0.0,    ,  13.0,       ,      ,      ,        ,        ,        ,        ,        ,        ,        ,        ,      
johanan01, 1995,     1, NYI , NHL , C  ,  3.0,  0.0,   1.0,   1.0,   0.0, 1.0  ,  0.0,  0.0,  0.0,  0.0,  0.0, 0.0,   6.0,       ,      ,      ,        ,        ,        ,        ,        ,        ,        ,        ,      
johanan01, 1996,     1, NYI , NHL , C  , 15.0,  2.0,   2.0,   4.0,   0.0, -6.0 ,  1.0,  1.0,  0.0,  0.0,  0.0, 0.0,  21.0,       ,      ,      ,        ,        ,        ,        ,        ,        ,        ,        ,      
johanan01, 1996,     2, PIT , NHL , C  , 27.0,  2.0,   7.0,   9.0,  20.0, -6.0 ,  0.0,  0.0,  0.0,  0.0,  0.0, 0.0,  38.0,       ,      ,      ,        ,        ,        ,        ,        ,        ,        ,        ,      
johanan01, 1997,     1, PIT , NHL , R  , 50.0,  5.0,  10.0,  15.0,  20.0, 4.0  ,  0.0,  1.0,  1.0,  1.0,  0.0, 0.0,  49.0,    1.0,   0.0,   0.0,     0.0,     0.0, 0.0    ,     0.0,     0.0,     0.0,     0.0,     0.0,     0.0
johanan01, 1998,     1, OTT , NHL , C  , 69.0, 21.0,  16.0,  37.0,  34.0, 1.0  ,  7.0,  8.0,  0.0,  0.0,  6.0, 0.0, 144.0,    2.0,   0.0,   0.0,     0.0,     0.0, -3.0   ,     0.0,     0.0,     0.0,     0.0,     0.0,     4.0
johanan01, 1999,     1, TBL , NHL , L  , 12.0,  2.0,   3.0,   5.0,   8.0, 1.0  ,  0.0,  1.0,  0.0,  0.0,  0.0, 0.0,  11.0,       ,      ,      ,        ,        ,        ,        ,        ,        ,        ,        ,      
johanan01, 1999,     2, CAL , NHL , L  , 28.0,  3.0,   7.0,  10.0,  14.0, -3.0 ,  1.0,  1.0,  0.0,  0.0,  0.0, 0.0,  47.0,       ,      ,      ,        ,        ,        ,        ,        ,        ,        ,        ,      
johanan01, 2001,     1, NYR , NHL , L  , 70.0, 14.0,  10.0,  24.0,  46.0, 6.0  ,  3.0,  1.0,  0.0,  1.0,  1.0, 0.0, 108.0,       ,      ,      ,        ,        ,        ,        ,        ,        ,        ,        ,      
johanan01, 2002,     1, NAS , NHL , L  , 56.0, 20.0,  17.0,  37.0,  22.0, -4.0 , 10.0,  7.0,  0.0,  0.0,  0.0, 1.0, 124.0,       ,      ,      ,        ,        ,        ,        ,        ,        ,        ,        ,      
johanan01, 2003,     1, NAS , NHL , L  , 47.0, 12.0,  15.0,  27.0,  26.0, -2.0 ,  3.0, 10.0,  1.0,  1.0,  1.0, 0.0, 108.0,    6.0,   0.0,   0.0,     0.0,     0.0, -3.0   ,     0.0,     0.0,     0.0,     0.0,     0.0,     5.0
johanbi01, 1949,     1, TOR , NHL , R  ,  1.0,  0.0,   0.0,   0.0,   0.0,      ,     ,     ,     ,     ,     ,    ,      ,       ,      ,      ,        ,        ,        ,        ,        ,        ,        ,        ,      
johanbj01, 1976,     1, CLE , NHL , D  , 10.0,  1.0,   1.0,   2.0,   4.0, -11.0,  0.0,     ,  0.0,     ,  0.0, 0.0,   8.0,       ,      ,      ,        ,        ,        ,        ,        ,        ,        ,        ,      
johanbj01, 1977,     1, CLE , NHL , D  ,  5.0,  0.0,   0.0,   0.0,   6.0, -2.0 ,  0.0,     ,  0.0,     ,  0.0, 0.0,   1.0,       ,      ,      ,        ,        ,        ,        ,        ,        ,        ,        ,      
johanca01, 1987,     1, BUF , NHL , D  , 71.0,  4.0,  38.0,  42.0,  37.0, 12.0 ,  2.0, 18.0,  0.0,  1.0,  0.0, 0.0,  93.0,    6.0,   0.0,   1.0,     1.0,     0.0, -4.0   ,     0.0,     1.0,     0.0,     0.0,     0.0,     8.0
johanca01, 1988,     1, BUF , NHL , D  , 47.0,  2.0,  11.0,  13.0,  33.0, -7.0 ,  0.0,     ,  0.0,  0.0,  1.0, 0.0,  53.0,       ,      ,      ,        ,        ,        ,        ,        ,        ,        ,        ,      
johanca01, 1988,     2, WAS , NHL , D  , 12.0,  1.0,   7.0,   8.0,   4.0, 1.0  ,  1.0,     ,  0.0,  0.0,  0.0, 0.0,  22.0,    6.0,   1.0,   2.0,     3.0,     0.0, -2.0   ,     1.0,     1.0,     0.0,     0.0,     0.0,    13.0
johanca01, 1989,     1, WAS , NHL , D  , 70.0,  8.0,  31.0,  39.0,  25.0, 7.0  ,  4.0, 17.0,  0.0,  1.0,  2.0, 0.0, 103.0,   15.0,   1.0,   6.0,     7.0,     4.0, 2.0    ,     0.0,     2.0,     0.0,     0.0,     0.0,    17.0
johanca01, 1990,     1, WAS , NHL , D  , 80.0, 11.0,  41.0,  52.0,  23.0, -2.0 ,  2.0, 22.0,  1.0,  0.0,  2.0, 0.0, 128.0,   10.0,   2.0,   7.0,     9.0,     8.0, -3.0   ,     1.0,     3.0,     0.0,     0.0,     0.0,    24.0
johanca01, 1991,     1, WAS , NHL , D  , 80.0, 14.0,  42.0,  56.0,  49.0, 2.0  ,  5.0, 26.0,  2.0,  1.0,  2.0, 0.0, 119.0,    7.0,   0.0,   5.0,     5.0,     4.0, 4.0    ,     0.0,     1.0,     0.0,     1.0,     0.0,    10.0
johanca01, 1992,     1, WAS , NHL , D  , 77.0,  7.0,  38.0,  45.0,  56.0, 3.0  ,  6.0, 20.0,  0.0,  0.0,  0.0, 1.0, 133.0,    6.0,   0.0,   5.0,     5.0,     4.0, -4.0   ,     0.0,     4.0,     0.0,     0.0,     0.0,     4.0
johanca01, 1993,     1, WAS , NHL , D  , 84.0,  9.0,  33.0,  42.0,  59.0, 3.0  ,  4.0, 12.0,  0.0,  0.0,  1.0, 0.0, 141.0,    6.0,   1.0,   3.0,     4.0,     4.0, 4.0    ,     0.0,     1.0,     0.0,     1.0,     1.0,    12.0
johanca01, 1994,     1, WAS , NHL , D  , 46.0,  5.0,  26.0,  31.0,  35.0, -6.0 ,  4.0, 20.0,  0.0,  1.0,  2.0, 0.0, 112.0,    7.0,   3.0,   1.0,     4.0,     0.0, 6.0    ,     1.0,     0.0,     0.0,     1.0,     0.0,    21.0
johanca01, 1995,     1, WAS , NHL , D  , 78.0, 10.0,  25.0,  35.0,  50.0, 13.0 ,  4.0, 11.0,  0.0,  2.0,  0.0, 0.0, 182.0,       ,      ,      ,        ,        ,        ,        ,        ,        ,        ,        ,      
johanca01, 1996,     1, WAS , NHL , D  , 65.0,  6.0,  11.0,  17.0,  16.0, -2.0 ,  2.0,  4.0,  0.0,  0.0,  0.0, 0.0, 133.0,       ,      ,      ,        ,        ,        ,        ,        ,        ,        ,        ,      
johanca01, 1997,     1, WAS , NHL , D  , 73.0, 15.0,  20.0,  35.0,  30.0, -11.0, 10.0, 10.0,  1.0,  1.0,  1.0, 2.0, 163.0,   21.0,   2.0,   8.0,    10.0,    16.0, 9.0    ,     0.0,     4.0,     0.0,     0.0,     0.0,    42.0
johanca01, 1998,     1, WAS , NHL , D  , 67.0,  8.0,  21.0,  29.0,  22.0, 10.0 ,  2.0, 13.0,  0.0,  1.0,  2.0, 1.0, 145.0,       ,      ,      ,        ,        ,        ,        ,        ,        ,        ,        ,      
johanca01, 1999,     1, WAS , NHL , D  , 82.0,  7.0,  25.0,  32.0,  24.0, 13.0 ,  1.0,  7.0,  0.0,  2.0,  3.0, 0.0, 138.0,    5.0,   1.0,   2.0,     3.0,     0.0, -4.0   ,     1.0,     1.0,     0.0,     0.0,     0.0,    13.0
johanca01, 2000,     1, WAS , NHL , D  , 76.0,  7.0,  29.0,  36.0,  26.0, 11.0 ,  5.0, 10.0,  0.0,  0.0,  0.0, 0.0, 154.0,    6.0,   1.0,   2.0,     3.0,     2.0, -4.0   ,     0.0,     2.0,     0.0,     0.0,     0.0,    10.0
johanca01, 2001,     1, WAS , NHL , D  , 11.0,  2.0,   0.0,   2.0,   8.0, -4.0 ,  0.0,  0.0,  0.0,  0.0,  1.0, 0.0,  18.0,       ,      ,      ,        ,        ,        ,        ,        ,        ,        ,        ,      
johanca01, 2002,     1, WAS , NHL , D  , 82.0,  3.0,  12.0,  15.0,  22.0, 9.0  ,  1.0,  2.0,  0.0,  1.0,  0.0, 0.0,  77.0,    6.0,   0.0,   1.0,     1.0,     0.0, -4.0   ,     0.0,     0.0,     0.0,     0.0,     0.0,     4.0
johanca01, 2003,     1, TOR , NHL , D  ,  8.0,  0.0,   6.0,   6.0,   0.0, 5.0  ,  0.0,  2.0,  0.0,  0.0,  0.0, 0.0,   8.0,    4.0,   0.0,   0.0,     0.0,     2.0, -1.0   ,     0.0,     0.0,     0.0,     0.0,     0.0,     3.0
johangl01, 1985,     1, NYI , NHL , D  ,  2.0,  0.0,   0.0,   0.0,   0.0, -1.0 ,  0.0,     ,  0.0,     ,  0.0, 0.0,   2.0,       ,      ,      ,        ,        ,        ,        ,        ,        ,        ,        ,      
johanjo01, 1983,     1, NJD , NHL , C  ,  5.0,  0.0,   0.0,   0.0,   0.0, -2.0 ,  0.0,     ,  0.0,     ,  0.0, 0.0,   4.0,       ,      ,      ,        ,        ,        ,        ,        ,        ,        ,        ,      
johanjo02, 2005,     1, WAS , NHL , R  ,  1.0,  0.0,   0.0,   0.0,   2.0, 0.0  ,  0.0,  0.0,  0.0,  0.0,  0.0,    ,   0.0,       ,      ,      ,        ,        ,        ,        ,        ,        ,        ,        ,      
johanma01, 2002,     1, CAL , NHL , C  , 46.0,  4.0,   5.0,   9.0,  12.0, -15.0,  1.0,  2.0,  0.0,  0.0,  0.0, 0.0,  54.0,       ,      ,      ,        ,        ,        ,        ,        ,        ,        ,        ,      
johanma01, 2002,     2, PIT , NHL , C  , 12.0,  1.0,   5.0,   6.0,   4.0, 1.0  ,  1.0,  0.0,  0.0,  0.0,  0.0, 0.0,  16.0,       ,      ,      ,        ,        ,        ,        ,        ,        ,        ,        ,      
johanma02, 2007,     1, CHI , NHL , D  , 18.0,  0.0,   4.0,   4.0,   4.0, -5.0 ,  0.0,  0.0,  0.0,  0.0,  0.0,    ,  15.0,       ,      ,      ,        ,        ,        ,        ,        ,        ,        ,        ,      
johanma02, 2007,     2, FLO , NHL , D  , 27.0,  0.0,  10.0,  10.0,  14.0, 0.0  ,  0.0,  3.0,  0.0,  0.0,  0.0,    ,  22.0,       ,      ,      ,        ,        ,        ,        ,        ,        ,        ,        ,      
johanro01, 1989,     1, CAL , NHL , D  , 35.0,  0.0,   5.0,   5.0,  48.0, 9.0  ,  0.0,  0.0,  0.0,  0.0,  0.0, 0.0,  23.0,       ,      ,      ,        ,        ,        ,        ,        ,        ,        ,        ,      
johanro01, 1990,     1, CAL , NHL , D  , 38.0,  4.0,  13.0,  17.0,  47.0, 9.0  ,  0.0,  1.0,  0.0,  0.0,  0.0, 0.0,  41.0,       ,      ,      ,        ,        ,        ,        ,        ,        ,        ,        ,      
johanro01, 1992,     1, CAL , NHL , D  , 77.0,  4.0,  16.0,  20.0,  62.0, 13.0 ,  1.0,  3.0,  0.0,  1.0,  0.0, 0.0, 101.0,    5.0,   0.0,   1.0,     1.0,     2.0, -1.0   ,     0.0,     0.0,     0.0,     0.0,     0.0,     4.0
johanro01, 1994,     1, CHI , NHL , D  , 11.0,  1.0,   0.0,   1.0,   6.0, 1.0  ,  0.0,  0.0,  0.0,  0.0,  0.0, 0.0,  10.0,       ,      ,      ,        ,        ,        ,        ,        ,        ,        ,        ,      
johantr01, 1977,     1, TOR , NHL , D  , 79.0,  2.0,  14.0,  16.0,  82.0, 3.0  ,  0.0,     ,  0.0,     ,  0.0, 0.0,  82.0,   13.0,   0.0,   3.0,     3.0,    21.0,        ,     0.0,        ,     0.0,        ,     0.0,      
johantr01, 1978,     1, TOR , NHL , D  , 40.0,  1.0,   4.0,   5.0,  48.0, 1.0  ,  0.0,     ,  0.0,     ,  0.0, 0.0,  31.0,       ,      ,      ,        ,        ,        ,        ,        ,        ,        ,        ,      
johantr01, 1978,     2, COR , NHL , D  , 11.0,  1.0,   3.0,   4.0,  16.0, -8.0 ,  0.0,     ,  0.0,     ,  0.0, 0.0,  14.0,       ,      ,      ,        ,        ,        ,        ,        ,        ,        ,        ,      
johantr01, 1979,     1, COR , NHL , D  , 62.0,  3.0,   8.0,  11.0,  45.0, -17.0,  1.0,     ,  0.0,     ,  0.0, 0.0,  43.0,       ,      ,      ,        ,        ,        ,        ,        ,        ,        ,        ,      
johantr01, 1980,     1, COR , NHL , D  , 35.0,  0.0,   7.0,   7.0,  18.0, -20.0,  0.0,     ,  0.0,     ,  0.0, 0.0,  33.0,       ,      ,      ,        ,        ,        ,        ,        ,        ,        ,        ,      
johantr01, 1981,     1, LAK , NHL , D  , 46.0,  3.0,   7.0,  10.0,  69.0, -14.0,  0.0,     ,  0.0,     ,  0.0, 0.0,  40.0,       ,      ,      ,        ,        ,        ,        ,        ,        ,        ,        ,      
johantr01, 1981,     2, TOR , NHL , D  , 13.0,  1.0,   3.0,   4.0,   4.0, -16.0,  0.0,     ,  0.0,     ,  0.0, 0.0,  14.0,       ,      ,      ,        ,        ,        ,        ,        ,        ,        ,        ,      
johnsaa01, 2003,     1, CBS , NHL , D  , 29.0,  2.0,   6.0,   8.0,  32.0, -2.0 ,  0.0,  0.0,  0.0,  0.0,  1.0, 0.0,  33.0,       ,      ,      ,        ,        ,        ,        ,        ,        ,        ,        ,      
johnsaa01, 2005,     1, CBS , NHL , D  , 26.0,  2.0,   6.0,   8.0,  23.0, 9.0  ,  1.0,  1.0,  0.0,  0.0,  1.0,    ,  28.0,       ,      ,      ,        ,        ,        ,        ,        ,        ,        ,        ,      
johnsaa01, 2006,     1, CBS , NHL , D  , 61.0,  3.0,   7.0,  10.0,  38.0, -9.0 ,  0.0,  1.0,  0.0,  0.0,  0.0,    ,  52.0,       ,      ,      ,        ,        ,        ,        ,        ,        ,        ,        ,      
johnsaa01, 2007,     1, NYI , NHL , D  , 30.0,  0.0,   2.0,   2.0,  30.0, 2.0  ,  0.0,  1.0,  0.0,  0.0,  0.0,    ,  16.0,       ,      ,      ,        ,        ,        ,        ,        ,        ,        ,        ,      
johnsaa01, 2008,     1, CHI , NHL , D  , 38.0,  3.0,   5.0,   8.0,  33.0, 19.0 ,  0.0,  0.0,  0.0,  0.0,  1.0,    ,  27.0,       ,      ,      ,        ,        ,        ,        ,        ,        ,        ,        ,      
johnsaa01, 2009,     1, CAL , NHL , D  , 22.0,  1.0,   2.0,   3.0,  19.0, 0.0  ,  0.0,  0.0,  0.0,  0.0,  0.0,    ,  13.0,       ,      ,      ,        ,        ,        ,        ,        ,        ,        ,        ,      
johnsaa01, 2009,     2, EDM , NHL , D  , 19.0,  3.0,   4.0,   7.0,  16.0, -6.0 ,  1.0,  1.0,  0.0,  0.0,  0.0,    ,  23.0,       ,      ,      ,        ,        ,        ,        ,        ,        ,        ,        ,      
johnsal01, 1956,     1, MTL , NHL , R  ,  2.0,  0.0,   1.0,   1.0,   2.0,      ,     ,     ,     ,     ,     ,    ,      ,       ,      ,      ,        ,        ,        ,        ,        ,        ,        ,        ,      
johnsal01, 1960,     1, DET , NHL , R  , 70.0, 16.0,  21.0,  37.0,  14.0,      ,     ,     ,     ,     ,     ,    ,      ,   11.0,   2.0,   2.0,     4.0,     6.0,        ,        ,        ,        ,        ,     1.0,      
johnsal01, 1961,     1, DET , NHL , R  , 31.0,  5.0,   6.0,  11.0,  14.0,      ,     ,     ,     ,     ,     ,    ,      ,       ,      ,      ,        ,        ,        ,        ,        ,        ,        ,        ,      
johnsal01, 1962,     1, DET , NHL , R  ,  2.0,  0.0,   0.0,   0.0,   0.0,      ,     ,     ,     ,     ,     ,    ,      ,       ,      ,      ,        ,        ,        ,        ,        ,        ,        ,        ,      
johnsbe01, 1979,     1, HAR , NHL , C  , 32.0,  8.0,  13.0,  21.0,   8.0, 9.0  ,  0.0,     ,  0.0,     ,  0.0, 1.0,  54.0,    3.0,   0.0,   1.0,     1.0,     0.0,        ,     0.0,        ,     0.0,        ,     0.0,      
johnsbe01, 1980,     1, HAR , NHL , C  , 25.0,  4.0,  11.0,  15.0,   8.0, -4.0 ,  0.0,     ,  0.0,     ,  0.0, 1.0,  34.0,       ,      ,      ,        ,        ,        ,        ,        ,        ,        ,        ,      
johnsbo01, 1972,     1, STL , NHL , G  , 12.0,  0.0,   0.0,   0.0,  17.0, 0.0  ,  0.0,     ,  0.0,     ,  0.0, 0.0,   0.0,       ,      ,      ,        ,        ,        ,        ,        ,        ,        ,        ,      
johnsbo01, 1974,     1, PIT , NHL , G  , 12.0,  0.0,   0.0,   0.0,   6.0, 0.0  ,  0.0,     ,  0.0,     ,  0.0, 0.0,   0.0,       ,      ,      ,        ,        ,        ,        ,        ,        ,        ,        ,      
johnsbo01, 1975,     1, DOT , WHA , G  , 24.0,  0.0,   1.0,   1.0,   7.0, 0.0  ,  0.0,     ,  0.0,     ,  0.0,    ,   0.0,       ,      ,      ,        ,        ,        ,        ,        ,        ,        ,        ,      
johnsbo01, 1975,     2, CLC , WHA , G  , 18.0,  0.0,   0.0,   0.0,   2.0, 0.0  ,  0.0,     ,  0.0,     ,  0.0,    ,   0.0,    2.0,   0.0,   0.0,     0.0,     0.0, 0.0    ,        ,        ,        ,        ,     0.0,      
johnsbr01, 1983,     1, DET , NHL , R  ,  3.0,  0.0,   0.0,   0.0,   5.0, -3.0 ,  0.0,     ,  0.0,     ,  0.0, 0.0,   4.0,       ,      ,      ,        ,        ,        ,        ,        ,        ,        ,        ,      
johnsbr02, 1998,     1, STL , NHL , G  ,  6.0,  0.0,   0.0,   0.0,   0.0, 0.0  ,  0.0,  0.0,  0.0,  0.0,  0.0, 0.0,   0.0,       ,      ,      ,        ,        ,        ,        ,        ,        ,        ,        ,      
johnsbr02, 2000,     1, STL , NHL , G  , 31.0,  0.0,   0.0,   0.0,   2.0, 0.0  ,  0.0,  0.0,  0.0,  0.0,  0.0, 0.0,   0.0,    2.0,   0.0,   0.0,     0.0,     0.0, 0.0    ,     0.0,     0.0,     0.0,     0.0,     0.0,     0.0
johnsbr02, 2001,     1, STL , NHL , G  , 58.0,  0.0,   4.0,   4.0,   2.0, 0.0  ,  0.0,  1.0,  0.0,  1.0,  0.0, 0.0,   1.0,   10.0,   0.0,   0.0,     0.0,     4.0, 0.0    ,     0.0,     0.0,     0.0,     0.0,     0.0,     0.0
johnsbr02, 2002,     1, STL , NHL , G  , 38.0,  0.0,   1.0,   1.0,   2.0, 0.0  ,  0.0,  0.0,  0.0,  0.0,  0.0, 0.0,   0.0,       ,      ,      ,        ,        ,        ,        ,        ,        ,        ,        ,      
johnsbr02, 2003,     1, STL , NHL , G  , 10.0,  0.0,   0.0,   0.0,   0.0, 0.0  ,  0.0,  0.0,  0.0,  0.0,  0.0, 0.0,   0.0,       ,      ,      ,        ,        ,        ,        ,        ,        ,        ,        ,      
johnsbr02, 2003,     2, PHO , NHL , G  ,  8.0,  0.0,   0.0,   0.0,   0.0, 0.0  ,  0.0,  0.0,  0.0,  0.0,  0.0, 0.0,   0.0,       ,      ,      ,        ,        ,        ,        ,        ,        ,        ,        ,      
johnsbr02, 2005,     1, WAS , NHL , G  , 26.0,  0.0,   0.0,   0.0,  14.0, 0.0  ,  0.0,  0.0,  0.0,  0.0,  0.0,    ,   0.0,       ,      ,      ,        ,        ,        ,        ,        ,        ,        ,        ,      
johnsbr02, 2006,     1, WAS , NHL , G  , 30.0,  0.0,   1.0,   1.0,   4.0, 0.0  ,  0.0,  1.0,  0.0,  0.0,  0.0,    ,   0.0,       ,      ,      ,        ,        ,        ,        ,        ,        ,        ,        ,      
johnsbr02, 2007,     1, WAS , NHL , G  , 19.0,  0.0,   0.0,   0.0,   0.0, 0.0  ,  0.0,  0.0,  0.0,  0.0,  0.0,    ,   0.0,       ,      ,      ,        ,        ,        ,        ,        ,        ,        ,        ,      
johnsbr02, 2008,     1, WAS , NHL , G  , 21.0,  0.0,   1.0,   1.0,   4.0, 0.0  ,  0.0,  0.0,  0.0,  0.0,  0.0,    ,   1.0,       ,      ,      ,        ,        ,        ,        ,        ,        ,        ,        ,      
johnsbr02, 2009,     1, PIT , NHL , G  , 23.0,  0.0,   1.0,   1.0,   0.0, 0.0  ,  0.0,  0.0,  0.0,  0.0,  0.0,    ,   0.0,    1.0,   0.0,   0.0,     0.0,     0.0, 0.0    ,     0.0,     0.0,     0.0,     0.0,     0.0,     0.0
johnsch01, 1926,     1, NYR , NHL , D  , 27.0,  3.0,   2.0,   5.0,  66.0,      ,     ,     ,     ,     ,     ,    ,      ,    2.0,   0.0,   0.0,     0.0,     8.0,        ,        ,        ,        ,        ,        ,      
johnsch01, 1927,     1, NYR , NHL , D  , 42.0, 10.0,   6.0,  16.0, 146.0,      ,     ,     ,     ,     ,     ,    ,      ,    9.0,   1.0,   1.0,     2.0,    46.0,        ,        ,        ,        ,        ,        ,      
johnsch01, 1928,     1, NYR , NHL , D  ,  8.0,  0.0,   0.0,   0.0,  14.0,      ,     ,     ,     ,     ,     ,    ,      ,    6.0,   0.0,   0.0,     0.0,    26.0,        ,        ,        ,        ,        ,        ,      
johnsch01, 1929,     1, NYR , NHL , D  , 30.0,  3.0,   3.0,   6.0,  82.0,      ,     ,     ,     ,     ,     ,    ,      ,    4.0,   0.0,   0.0,     0.0,    14.0,        ,        ,        ,        ,        ,        ,      
johnsch01, 1930,     1, NYR , NHL , D  , 44.0,  2.0,   6.0,   8.0,  77.0,      ,     ,     ,     ,     ,     ,    ,      ,    4.0,   1.0,   0.0,     1.0,    17.0,        ,        ,        ,        ,        ,        ,      
johnsch01, 1931,     1, NYR , NHL , D  , 47.0,  3.0,  10.0,  13.0, 106.0,      ,     ,     ,     ,     ,     ,    ,      ,    7.0,   2.0,   0.0,     2.0,    24.0,        ,        ,        ,        ,        ,        ,      
johnsch01, 1932,     1, NYR , NHL , D  , 48.0,  8.0,   9.0,  17.0, 127.0,      ,     ,     ,     ,     ,     ,    ,      ,    8.0,   1.0,   0.0,     1.0,    14.0,        ,        ,        ,        ,        ,        ,      
johnsch01, 1933,     1, NYR , NHL , D  , 48.0,  2.0,   6.0,   8.0,  86.0,      ,     ,     ,     ,     ,     ,    ,      ,    2.0,   0.0,   0.0,     0.0,     4.0,        ,        ,        ,        ,        ,        ,      
johnsch01, 1934,     1, NYR , NHL , D  , 29.0,  2.0,   3.0,   5.0,  34.0,      ,     ,     ,     ,     ,     ,    ,      ,    4.0,   0.0,   0.0,     0.0,     2.0,        ,        ,        ,        ,        ,        ,      
johnsch01, 1935,     1, NYR , NHL , D  , 47.0,  5.0,   3.0,   8.0,  58.0,      ,     ,     ,     ,     ,     ,    ,      ,       ,      ,      ,        ,        ,        ,        ,        ,        ,        ,        ,      
johnsch01, 1936,     1, NYR , NHL , D  , 35.0,  0.0,   0.0,   0.0,   2.0,      ,     ,     ,     ,     ,     ,    ,      ,    9.0,   0.0,   1.0,     1.0,     4.0,        ,        ,        ,        ,        ,        ,      
johnsch01, 1937,     1, NYA , NHL , D  , 31.0,  0.0,   0.0,   0.0,  10.0,      ,     ,     ,     ,     ,     ,    ,      ,    6.0,   0.0,   0.0,     0.0,     2.0,        ,        ,        ,        ,        ,        ,      
johnsch02, 2009,     1, NYR , NHL , G  ,  5.0,  0.0,   1.0,   1.0,   0.0, 0.0  ,  0.0,  0.0,  0.0,  0.0,  0.0,    ,   0.0,       ,      ,      ,        ,        ,        ,        ,        ,        ,        ,        ,      
johnscr01, 1994,     1, STL , NHL , L  , 15.0,  3.0,   3.0,   6.0,   6.0, 4.0  ,  0.0,  0.0,  0.0,  0.0,  0.0, 0.0,  19.0,    1.0,   0.0,   0.0,     0.0,     2.0, 0.0    ,     0.0,     0.0,     0.0,     0.0,     0.0,     0.0
johnscr01, 1995,     1, STL , NHL , R  , 49.0,  8.0,   7.0,  15.0,  30.0, -4.0 ,  1.0,  0.0,  0.0,  0.0,  0.0, 0.0,  69.0,       ,      ,      ,        ,        ,        ,        ,        ,        ,        ,        ,      
johnscr01, 1995,     2, LAK , NHL , R  , 11.0,  5.0,   4.0,   9.0,   6.0, -4.0 ,  3.0,  0.0,  0.0,  0.0,  0.0, 0.0,  28.0,       ,      ,      ,        ,        ,        ,        ,        ,        ,        ,        ,      
johnscr01, 1996,     1, LAK , NHL , L  , 31.0,  4.0,   3.0,   7.0,  26.0, -7.0 ,  1.0,  0.0,  0.0,  0.0,  0.0, 0.0,  30.0,       ,      ,      ,        ,        ,        ,        ,        ,        ,        ,        ,      
johnscr01, 1997,     1, LAK , NHL , R  , 74.0, 17.0,  21.0,  38.0,  42.0, 9.0  ,  6.0,  3.0,  0.0,  0.0,  2.0, 0.0, 125.0,    4.0,   1.0,   0.0,     1.0,     4.0, 0.0    ,     0.0,     0.0,     0.0,     0.0,     0.0,     3.0
johnscr01, 1998,     1, LAK , NHL , L  , 69.0,  7.0,  12.0,  19.0,  32.0, -12.0,  2.0,  0.0,  0.0,  0.0,  2.0, 0.0,  94.0,       ,      ,      ,        ,        ,        ,        ,        ,        ,        ,        ,      
johnscr01, 1999,     1, LAK , NHL , L  , 76.0,  9.0,  14.0,  23.0,  28.0, -10.0,  1.0,  1.0,  0.0,  0.0,  1.0, 0.0, 106.0,    4.0,   1.0,   0.0,     1.0,     2.0, 0.0    ,     0.0,     0.0,     0.0,     0.0,     0.0,     6.0
johnscr01, 2000,     1, LAK , NHL , R  , 26.0,  4.0,   5.0,   9.0,  16.0, 0.0  ,  0.0,  0.0,  0.0,  0.0,  0.0, 0.0,  36.0,       ,      ,      ,        ,        ,        ,        ,        ,        ,        ,        ,      
johnscr01, 2001,     1, LAK , NHL , L  , 72.0, 13.0,  14.0,  27.0,  24.0, 14.0 ,  4.0,  2.0,  1.0,  1.0,  3.0, 1.0, 102.0,    7.0,   1.0,   2.0,     3.0,     2.0, 3.0    ,     0.0,     0.0,     0.0,     0.0,     1.0,    15.0
johnscr01, 2002,     1, LAK , NHL , L  , 70.0,  3.0,   6.0,   9.0,  22.0, -13.0,  0.0,  0.0,  0.0,  0.0,  0.0, 0.0,  87.0,       ,      ,      ,        ,        ,        ,        ,        ,        ,        ,        ,      
johnscr01, 2003,     1, ANA , NHL , C  , 39.0,  1.0,   2.0,   3.0,  14.0, -4.0 ,  0.0,  0.0,  0.0,  0.0,  0.0, 0.0,  45.0,       ,      ,      ,        ,        ,        ,        ,        ,        ,        ,        ,      
johnscr01, 2003,     2, TOR , NHL , C  , 10.0,  1.0,   1.0,   2.0,   6.0, 0.0  ,  0.0,  0.0,  0.0,  0.0,  0.0, 0.0,  12.0,       ,      ,      ,        ,        ,        ,        ,        ,        ,        ,        ,      
johnscr01, 2003,     3, WAS , NHL , C  , 15.0,  0.0,   6.0,   6.0,   8.0, -6.0 ,  0.0,  0.0,  0.0,  0.0,  0.0, 0.0,  20.0,       ,      ,      ,        ,        ,        ,        ,        ,        ,        ,        ,      
johnsda01, 1969,     1, TOR , NHL , L  ,  1.0,  0.0,   0.0,   0.0,   0.0, 0.0  ,  0.0,     ,  0.0,     ,  0.0, 0.0,   0.0,       ,      ,      ,        ,        ,        ,        ,        ,        ,        ,        ,      
johnsda01, 1970,     1, VAN , NHL , L  , 66.0, 15.0,  11.0,  26.0,  16.0, -15.0,  1.0,     ,  0.0,     ,  2.0, 1.0,  76.0,       ,      ,      ,        ,        ,        ,        ,        ,        ,        ,        ,      
johnsda01, 1971,     1, VAN , NHL , L  , 11.0,  1.0,   3.0,   4.0,   0.0, -3.0 ,  0.0,     ,  0.0,     ,  1.0, 0.0,  10.0,       ,      ,      ,        ,        ,        ,        ,        ,        ,        ,        ,      
johnsda01, 1971,     2, DET , NHL , L  , 43.0,  2.0,   5.0,   7.0,   8.0, -2.0 ,  0.0,     ,  0.0,     ,  0.0, 0.0,  28.0,       ,      ,      ,        ,        ,        ,        ,        ,        ,        ,        ,      
johnsda01, 1972,     1, WIJ , WHA , C  , 76.0, 19.0,  23.0,  42.0,  17.0,      ,  4.0,     ,  0.0,     ,     ,    ,      ,   14.0,   4.0,   1.0,     5.0,     0.0,        ,     1.0,        ,     0.0,        ,     0.0,      
johnsda01, 1973,     1, WIJ , WHA , C  , 78.0, 16.0,  21.0,  37.0,  20.0,      ,  2.0,     ,  0.0,     ,  3.0,    ,      ,    4.0,   1.0,   0.0,     1.0,     5.0,        ,        ,        ,        ,        ,     0.0,      
johnsda01, 1974,     1, WIJ , WHA , L  , 78.0, 18.0,  14.0,  32.0,  25.0, -32.0,  2.0,     ,  4.0,     ,     ,    , 111.0,       ,      ,      ,        ,        ,        ,        ,        ,        ,        ,        ,      
johnsdo01, 1960,     1, NYR , NHL , D  , 63.0,  1.0,   7.0,   8.0,  34.0,      ,     ,     ,     ,     ,     ,    ,      ,       ,      ,      ,        ,        ,        ,        ,        ,        ,        ,        ,      
johnsdo01, 1962,     1, NYR , NHL , D  ,  6.0,  0.0,   4.0,   4.0,   6.0,      ,     ,     ,     ,     ,     ,    ,      ,       ,      ,      ,        ,        ,        ,        ,        ,        ,        ,        ,      
johnsdo01, 1963,     1, NYR , NHL , D  , 57.0,  1.0,   9.0,  10.0,  26.0,      ,  0.0,     ,  0.0,     ,  0.0, 0.0,      ,       ,      ,      ,        ,        ,        ,        ,        ,        ,        ,        ,      
johnsdo01, 1964,     1, NYR , NHL , D  , 22.0,  0.0,   1.0,   1.0,   4.0,      ,  0.0,     ,  0.0,     ,  0.0, 0.0,      ,       ,      ,      ,        ,        ,        ,        ,        ,        ,        ,        ,      
johnsdo01, 1965,     1, MTL , NHL , D  ,  1.0,  0.0,   0.0,   0.0,   0.0,      ,  0.0,     ,  0.0,     ,  0.0, 0.0,      ,       ,      ,      ,        ,        ,        ,        ,        ,        ,        ,        ,      
johnsdo01, 1967,     1, MNS , NHL , D  ,  4.0,  0.0,   0.0,   0.0,   6.0, -1.0 ,  0.0,     ,  0.0,     ,  0.0, 0.0,   4.0,       ,      ,      ,        ,        ,        ,        ,        ,        ,        ,        ,      
johnsea01, 1953,     1, DET , NHL , L  ,  1.0,  0.0,   0.0,   0.0,   0.0,      ,     ,     ,     ,     ,     ,    ,      ,       ,      ,      ,        ,        ,        ,        ,        ,        ,        ,        ,      
johnsed01, 1962,     1, BOS , NHL , G  , 50.0,  0.0,   0.0,   0.0,  10.0,      ,     ,     ,     ,     ,     ,    ,      ,       ,      ,      ,        ,        ,        ,        ,        ,        ,        ,        ,      
johnsed01, 1963,     1, BOS , NHL , G  , 70.0,  0.0,   0.0,   0.0,   0.0,      ,  0.0,     ,  0.0,     ,  0.0, 0.0,      ,       ,      ,      ,        ,        ,        ,        ,        ,        ,        ,        ,      
johnsed01, 1964,     1, BOS , NHL , G  , 47.0,  0.0,   0.0,   0.0,   4.0,      ,  0.0,     ,  0.0,     ,  0.0, 0.0,      ,       ,      ,      ,        ,        ,        ,        ,        ,        ,        ,        ,      
johnsed01, 1965,     1, BOS , NHL , G  , 33.0,  0.0,   0.0,   0.0,   2.0,      ,  0.0,     ,  0.0,     ,  0.0, 0.0,      ,       ,      ,      ,        ,        ,        ,        ,        ,        ,        ,        ,      
johnsed01, 1966,     1, BOS , NHL , G  , 34.0,  0.0,   1.0,   1.0,   0.0,      ,  0.0,     ,  0.0,     ,  0.0, 0.0,      ,       ,      ,      ,        ,        ,        ,        ,        ,        ,        ,        ,      
johnsed01, 1967,     1, BOS , NHL , G  , 28.0,  0.0,   0.0,   0.0,   0.0, 0.0  ,  0.0,     ,  0.0,     ,  0.0, 0.0,   0.0,       ,      ,      ,        ,        ,        ,        ,        ,        ,        ,        ,      
johnsed01, 1968,     1, BOS , NHL , G  , 24.0,  0.0,   1.0,   1.0,   0.0, 0.0  ,  0.0,     ,  0.0,     ,  0.0, 0.0,   0.0,    1.0,   0.0,   0.0,     0.0,     0.0,        ,     0.0,        ,     0.0,        ,     0.0,      
johnsed01, 1969,     1, BOS , NHL , G  , 37.0,  0.0,   2.0,   2.0,   2.0, 0.0  ,  0.0,     ,  0.0,     ,  0.0, 0.0,   0.0,    1.0,   0.0,   0.0,     0.0,     2.0,        ,     0.0,        ,     0.0,        ,     0.0,      
johnsed01, 1970,     1, BOS , NHL , G  , 38.0,  0.0,   1.0,   1.0,   6.0, 0.0  ,  0.0,     ,  0.0,     ,  0.0, 0.0,   0.0,    1.0,   0.0,   0.0,     0.0,     0.0,        ,     0.0,        ,     0.0,        ,     0.0,      
johnsed01, 1971,     1, BOS , NHL , G  , 38.0,  0.0,   4.0,   4.0,   0.0, 0.0  ,  0.0,     ,  0.0,     ,  0.0, 0.0,   0.0,    7.0,   0.0,   0.0,     0.0,     0.0,        ,     0.0,        ,     0.0,        ,     0.0,      
johnsed01, 1972,     1, BOS , NHL , G  , 45.0,  0.0,   1.0,   1.0,   2.0, 0.0  ,  0.0,     ,  0.0,     ,  0.0, 0.0,   0.0,    3.0,   0.0,   0.0,     0.0,     0.0,        ,     0.0,        ,     0.0,        ,     0.0,      
johnsed01, 1973,     1, TOR , NHL , G  , 26.0,  0.0,   0.0,   0.0,   0.0, 0.0  ,  0.0,     ,  0.0,     ,  0.0, 0.0,   0.0,    1.0,   0.0,   0.0,     0.0,     0.0,        ,     0.0,        ,     0.0,        ,     0.0,      
johnsed01, 1974,     1, STL , NHL , G  , 30.0,  0.0,   0.0,   0.0,   0.0, 0.0  ,  0.0,     ,  0.0,     ,  0.0, 0.0,   0.0,    1.0,   0.0,   0.0,     0.0,     0.0,        ,     0.0,        ,     0.0,        ,     0.0,      
johnsed01, 1975,     1, STL , NHL , G  , 38.0,  0.0,   0.0,   0.0,   0.0, 0.0  ,  0.0,     ,  0.0,     ,  0.0, 0.0,   0.0,       ,      ,      ,        ,        ,        ,        ,        ,        ,        ,        ,      
johnsed01, 1976,     1, STL , NHL , G  , 38.0,  0.0,   0.0,   0.0,   0.0, 0.0  ,  0.0,     ,  0.0,     ,  0.0, 0.0,   0.0,    3.0,   0.0,   0.0,     0.0,     0.0,        ,     0.0,        ,     0.0,        ,     0.0,      
johnsed01, 1977,     1, STL , NHL , G  , 12.0,  0.0,   0.0,   0.0,   0.0, 0.0  ,  0.0,     ,  0.0,     ,  0.0, 0.0,   0.0,       ,      ,      ,        ,        ,        ,        ,        ,        ,        ,        ,      
johnsed01, 1977,     2, CHI , NHL , G  ,  4.0,  0.0,   0.0,   0.0,   0.0, 0.0  ,  0.0,     ,  0.0,     ,  0.0, 0.0,   0.0,       ,      ,      ,        ,        ,        ,        ,        ,        ,        ,        ,      
johnsed02, 1974,     1, MIB , WHA , R  , 23.0,  4.0,   4.0,   8.0,  43.0,      ,     ,     ,     ,     ,     ,    ,  43.0,       ,      ,      ,        ,        ,        ,        ,        ,        ,        ,        ,      
johnsed02, 1975,     1, NYR , NHL , R  , 10.0,  2.0,   1.0,   3.0,   4.0, 4.0  ,  0.0,     ,  0.0,     ,  0.0, 0.0,   6.0,       ,      ,      ,        ,        ,        ,        ,        ,        ,        ,        ,      
johnsed02, 1977,     1, NYR , NHL , R  , 53.0, 13.0,  13.0,  26.0,  44.0, -3.0 ,  2.0,     ,  1.0,     ,  0.0, 1.0,  93.0,       ,      ,      ,        ,        ,        ,        ,        ,        ,        ,        ,      
johnsed02, 1978,     1, NYR , NHL , R  , 30.0,  5.0,   3.0,   8.0,  27.0, -5.0 ,  0.0,     ,  0.0,     ,  0.0, 0.0,  18.0,   17.0,   5.0,   0.0,     5.0,    10.0,        ,     0.0,        ,     1.0,        ,     1.0,      
johnsed02, 1979,     1, NYR , NHL , R  , 78.0, 14.0,  21.0,  35.0,  60.0, 3.0  ,  0.0,     ,  0.0,     ,  3.0, 0.0, 121.0,    9.0,   0.0,   1.0,     1.0,    25.0,        ,     0.0,        ,     0.0,        ,     0.0,      
johnsed02, 1980,     1, NYR , NHL , R  , 80.0, 30.0,  38.0,  68.0, 100.0, 15.0 ,  4.0,     ,  3.0,     ,  5.0, 0.0, 187.0,    8.0,   2.0,   2.0,     4.0,     4.0,        ,     0.0,        ,     0.0,        ,     1.0,      
johnsed02, 1981,     1, NYR , NHL , R  , 68.0, 30.0,  28.0,  58.0,  57.0, -5.0 ,  4.0,     ,  0.0,     ,  3.0, 3.0, 141.0,   10.0,   2.0,   6.0,     8.0,    25.0,        ,     1.0,        ,     0.0,        ,     0.0,      
johnsed02, 1982,     1, NYR , NHL , R  , 52.0, 15.0,  21.0,  36.0,  27.0, -4.0 ,  2.0,     ,  1.0,     ,  1.0, 0.0,  98.0,    9.0,   4.0,   1.0,     5.0,    19.0,        ,     1.0,        ,     1.0,        ,     0.0,      
johnsed02, 1983,     1, DET , NHL , R  , 46.0, 12.0,  11.0,  23.0,  54.0, 3.0  ,  4.0,     ,  0.0,     ,  0.0, 1.0,  50.0,    2.0,   0.0,   0.0,     0.0,     0.0, -2.0   ,     0.0,        ,     0.0,        ,     0.0,     0.0
johnsed02, 1985,     1, DET , NHL , R  ,  3.0,  1.0,   0.0,   1.0,   2.0, 0.0  ,  0.0,     ,  0.0,     ,  0.0, 0.0,   3.0,       ,      ,      ,        ,        ,        ,        ,        ,        ,        ,        ,      
johnsed02, 1986,     1, DET , NHL , R  ,  6.0,  0.0,   0.0,   0.0,   0.0, 1.0  ,  0.0,     ,  0.0,     ,  0.0, 0.0,   0.0,       ,      ,      ,        ,        ,        ,        ,        ,        ,        ,        ,      
johnser01, 2007,     1, STL , NHL , D  , 69.0,  5.0,  28.0,  33.0,  28.0, -9.0 ,  4.0, 14.0,  0.0,  0.0,  3.0,    , 105.0,       ,      ,      ,        ,        ,        ,        ,        ,        ,        ,        ,      
johnser01, 2009,     1, STL , NHL , D  , 79.0, 10.0,  29.0,  39.0,  79.0, 1.0  ,  6.0,  9.0,  0.0,  0.0,  2.0,    , 186.0,       ,      ,      ,        ,        ,        ,        ,        ,        ,        ,        ,      
johnsge01, 1941,     1, CHI , NHL , R  ,  2.0,  2.0,   0.0,   2.0,   0.0,      ,     ,     ,     ,     ,     ,    ,      ,       ,      ,      ,        ,        ,        ,        ,        ,        ,        ,        ,      
johnsge01, 1942,     1, CHI , NHL , R  , 30.0, 10.0,   7.0,  17.0,   0.0,      ,     ,     ,     ,     ,     ,    ,      ,       ,      ,      ,        ,        ,        ,        ,        ,        ,        ,        ,      
johnsge01, 1945,     1, CHI , NHL , R  , 16.0,  5.0,   4.0,   9.0,   2.0,      ,     ,     ,     ,     ,     ,    ,      ,       ,      ,      ,        ,        ,        ,        ,        ,        ,        ,        ,      
johnsge01, 1946,     1, CHI , NHL , R  , 10.0,  3.0,   1.0,   4.0,   0.0,      ,     ,     ,     ,     ,     ,    ,      ,       ,      ,      ,        ,        ,        ,        ,        ,        ,        ,        ,      
johnsgr01, 1983,     1, BOS , NHL , R  , 15.0,  2.0,   1.0,   3.0,   2.0, -3.0 ,  0.0,     ,  0.0,     ,  1.0, 0.0,  15.0,       ,      ,      ,        ,        ,        ,        ,        ,        ,        ,        ,      
johnsgr01, 1984,     1, BOS , NHL , R  ,  6.0,  0.0,   0.0,   0.0,   0.0, -1.0 ,  0.0,     ,  0.0,     ,  0.0, 0.0,   1.0,       ,      ,      ,        ,        ,        ,        ,        ,        ,        ,        ,      
johnsgr01, 1985,     1, BOS , NHL , R  , 20.0,  0.0,   2.0,   2.0,   0.0, -1.0 ,  0.0,     ,  0.0,     ,  0.0, 0.0,  11.0,       ,      ,      ,        ,        ,        ,        ,        ,        ,        ,        ,      
johnsgr01, 1986,     1, BOS , NHL , R  , 76.0, 12.0,  15.0,  27.0,  79.0, -7.0 ,  0.0,     ,  0.0,     ,  1.0, 0.0, 131.0,    4.0,   0.0,   0.0,     0.0,     0.0, -4.0   ,     0.0,        ,     0.0,        ,     0.0,     5.0
johnsgr01, 1987,     1, BOS , NHL , R  ,     ,     ,      ,      ,      ,      ,     ,     ,     ,     ,     ,    ,      ,    3.0,   0.0,   1.0,     1.0,     2.0, 2.0    ,     0.0,     0.0,     0.0,     0.0,     0.0,     2.0
johnsgr01, 1988,     1, BOS , NHL , R  , 57.0, 11.0,   9.0,  20.0,  32.0, 7.0  ,  0.0,  0.0,  1.0,  0.0,  5.0, 0.0,  89.0,   10.0,   1.0,   0.0,     1.0,     6.0, -4.0   ,     0.0,     0.0,     1.0,     0.0,     0.0,    16.0
johnsgr01, 1989,     1, BOS , NHL , R  ,  9.0,  1.0,   1.0,   2.0,   6.0, -1.0 ,  0.0,  0.0,  0.0,  0.0,  0.0, 0.0,   9.0,    5.0,   1.0,   0.0,     1.0,     4.0, -1.0   ,     0.0,     0.0,     0.0,     0.0,     1.0,     7.0
johnsgr01, 1990,     1, TOR , NHL , R  ,  1.0,  0.0,   0.0,   0.0,   0.0, 0.0  ,  0.0,  0.0,  0.0,  0.0,  0.0, 0.0,   0.0,       ,      ,      ,        ,        ,        ,        ,        ,        ,        ,        ,      
johnsgr01, 1991,     1, TOR , NHL , R  ,  3.0,  0.0,   1.0,   1.0,   5.0, -1.0 ,  0.0,  0.0,  0.0,  0.0,  0.0, 0.0,   2.0,       ,      ,      ,        ,        ,        ,        ,        ,        ,        ,        ,      
johnsgr02, 1993,     1, DET , NHL , C  , 52.0,  6.0,  11.0,  17.0,  22.0, -7.0 ,  1.0,  1.0,  1.0,  1.0,  0.0, 0.0,  48.0,    7.0,   2.0,   2.0,     4.0,     2.0, -2.0   ,     1.0,     1.0,     0.0,     0.0,     0.0,     7.0
johnsgr02, 1994,     1, DET , NHL , C  , 22.0,  3.0,   5.0,   8.0,  14.0, 1.0  ,  2.0,  0.0,  0.0,  0.0,  0.0, 0.0,  32.0,    1.0,   0.0,   0.0,     0.0,     0.0, 1.0    ,     0.0,     0.0,     0.0,     0.0,     0.0,     0.0
johnsgr02, 1995,     1, DET , NHL , L  , 60.0, 18.0,  22.0,  40.0,  30.0, 6.0  ,  5.0,  9.0,  0.0,  1.0,  2.0, 0.0,  87.0,   13.0,   3.0,   1.0,     4.0,     8.0, -3.0   ,     0.0,     0.0,     0.0,     0.0,     0.0,    11.0
johnsgr02, 1996,     1, DET , NHL , R  , 43.0,  6.0,  10.0,  16.0,  12.0, -5.0 ,  0.0,  3.0,  0.0,  0.0,  0.0, 0.0,  56.0,       ,      ,      ,        ,        ,        ,        ,        ,        ,        ,        ,      
johnsgr02, 1996,     2, PIT , NHL , R  , 32.0,  7.0,   9.0,  16.0,  14.0, -13.0,  1.0,  1.0,  0.0,  2.0,  0.0, 0.0,  52.0,    5.0,   1.0,   0.0,     1.0,     2.0, -1.0   ,     0.0,     0.0,     0.0,     0.0,     0.0,     2.0
johnsgr02, 1997,     1, PIT , NHL , C  ,  5.0,  1.0,   0.0,   1.0,   2.0, 0.0  ,  0.0,  0.0,  0.0,  0.0,  0.0, 0.0,   4.0,       ,      ,      ,        ,        ,        ,        ,        ,        ,        ,        ,      
johnsgr02, 1997,     2, CHI , NHL , C  , 69.0, 11.0,  22.0,  33.0,  38.0, -2.0 ,  4.0,  3.0,  0.0,  0.0,  3.0, 0.0,  85.0,       ,      ,      ,        ,        ,        ,        ,        ,        ,        ,        ,      
johnsgr02, 1998,     1, NAS , NHL , C  , 68.0, 16.0,  34.0,  50.0,  24.0, -8.0 ,  2.0, 11.0,  3.0,  1.0,  0.0, 0.0, 120.0,       ,      ,      ,        ,        ,        ,        ,        ,        ,        ,        ,      
johnsgr02, 1999,     1, NAS , NHL , C  , 82.0, 11.0,  33.0,  44.0,  40.0, -15.0,  2.0,  3.0,  0.0,  0.0,  1.0, 0.0, 133.0,       ,      ,      ,        ,        ,        ,        ,        ,        ,        ,        ,      
johnsgr02, 2000,     1, NAS , NHL , C  , 82.0, 15.0,  17.0,  32.0,  46.0, -6.0 ,  1.0,  0.0,  0.0,  1.0,  4.0, 0.0,  97.0,       ,      ,      ,        ,        ,        ,        ,        ,        ,        ,        ,      
johnsgr02, 2001,     1, NAS , NHL , C  , 82.0, 18.0,  26.0,  44.0,  38.0, -14.0,  3.0,  8.0,  0.0,  2.0,  2.0, 1.0, 145.0,       ,      ,      ,        ,        ,        ,        ,        ,        ,        ,        ,      
johnsgr02, 2002,     1, NAS , NHL , C  , 38.0,  8.0,   9.0,  17.0,  22.0, 7.0  ,  0.0,  0.0,  0.0,  0.0,  0.0, 0.0,  55.0,       ,      ,      ,        ,        ,        ,        ,        ,        ,        ,        ,      
johnsgr02, 2003,     1, NAS , NHL , C  , 82.0, 14.0,  18.0,  32.0,  33.0, -21.0,  1.0,  4.0,  4.0,  2.0,  4.0, 0.0, 100.0,    6.0,   1.0,   2.0,     3.0,     0.0, 4.0    ,     0.0,     0.0,     0.0,     0.0,     0.0,     7.0
johnsgr02, 2005,     1, NAS , NHL , C  , 68.0, 11.0,   8.0,  19.0,  10.0, 5.0  ,  0.0,  0.0,  4.0,  0.0,  3.0,    ,  76.0,    5.0,   0.0,   1.0,     1.0,     2.0, 0.0    ,     0.0,     0.0,     0.0,     1.0,     0.0,     3.0
johnsja01, 1980,     1, WAS , NHL , D  ,  2.0,  0.0,   0.0,   0.0,   9.0, 0.0  ,  0.0,     ,  0.0,     ,  0.0, 0.0,   0.0,       ,      ,      ,        ,        ,        ,        ,        ,        ,        ,        ,      
johnsja01, 1981,     1, WAS , NHL , D  ,  6.0,  0.0,   0.0,   0.0,   4.0, -2.0 ,  0.0,     ,  0.0,     ,  0.0, 0.0,   3.0,       ,      ,      ,        ,        ,        ,        ,        ,        ,        ,        ,      
johnsja02, 2006,     1, LAK , NHL , D  ,  5.0,  0.0,   0.0,   0.0,  18.0, -5.0 ,  0.0,  0.0,  0.0,  0.0,  0.0,    ,   5.0,       ,      ,      ,        ,        ,        ,        ,        ,        ,        ,        ,      
johnsja02, 2007,     1, LAK , NHL , D  , 74.0,  3.0,   8.0,  11.0,  76.0, -19.0,  0.0,  0.0,  0.0,  0.0,  0.0,    ,  81.0,       ,      ,      ,        ,        ,        ,        ,        ,        ,        ,        ,      
johnsja02, 2008,     1, LAK , NHL , D  , 41.0,  6.0,   5.0,  11.0,  46.0, -18.0,  3.0,  3.0,  0.0,  0.0,  0.0,    ,  50.0,       ,      ,      ,        ,        ,        ,        ,        ,        ,        ,        ,      
johnsja02, 2009,     1, LAK , NHL , D  , 80.0,  8.0,  28.0,  36.0,  48.0, -15.0,  3.0, 10.0,  0.0,  0.0,  0.0,    , 130.0,    6.0,   0.0,   7.0,     7.0,     6.0, -5.0   ,     0.0,     4.0,     0.0,     0.0,     0.0,    15.0
johnsji01, 1964,     1, NYR , NHL , C  ,  1.0,  0.0,   0.0,   0.0,   0.0,      ,  0.0,     ,  0.0,     ,  0.0, 0.0,      ,       ,      ,      ,        ,        ,        ,        ,        ,        ,        ,        ,      
johnsji01, 1965,     1, NYR , NHL , C  ,  5.0,  1.0,   0.0,   1.0,   0.0,      ,  0.0,     ,  0.0,     ,  0.0, 0.0,      ,       ,      ,      ,        ,        ,        ,        ,        ,        ,        ,        ,      
johnsji01, 1966,     1, NYR , NHL , C  ,  2.0,  0.0,   0.0,   0.0,   0.0,      ,  0.0,     ,  0.0,     ,  0.0, 0.0,      ,       ,      ,      ,        ,        ,        ,        ,        ,        ,        ,        ,      
johnsji01, 1967,     1, PHI , NHL , C  , 13.0,  2.0,   1.0,   3.0,   2.0, -1.0 ,  0.0,     ,  0.0,     ,  0.0, 0.0,  12.0,       ,      ,      ,        ,        ,        ,        ,        ,        ,        ,        ,      
johnsji01, 1968,     1, PHI , NHL , C  , 69.0, 17.0,  27.0,  44.0,  20.0, -5.0 ,  1.0,     ,  1.0,     ,  5.0, 4.0, 146.0,    3.0,   0.0,   0.0,     0.0,     2.0,        ,     0.0,        ,     0.0,        ,     0.0,      
johnsji01, 1969,     1, PHI , NHL , C  , 72.0, 18.0,  30.0,  48.0,  17.0, 1.0  ,  2.0,     ,  2.0,     ,  1.0, 2.0, 168.0,       ,      ,      ,        ,        ,        ,        ,        ,        ,        ,        ,      
johnsji01, 1970,     1, PHI , NHL , C  , 66.0, 16.0,  29.0,  45.0,  16.0, -10.0,  2.0,     ,  0.0,     ,  2.0, 1.0, 121.0,    4.0,   0.0,   2.0,     2.0,     0.0,        ,     0.0,        ,     0.0,        ,     0.0,      
johnsji01, 1971,     1, PHI , NHL , C  , 46.0, 13.0,  15.0,  28.0,  12.0, -21.0,  5.0,     ,  2.0,     ,  1.0, 0.0,  86.0,       ,      ,      ,        ,        ,        ,        ,        ,        ,        ,        ,      
johnsji01, 1971,     2, LAK , NHL , C  , 28.0,  8.0,   9.0,  17.0,   6.0, -1.0 ,  3.0,     ,  2.0,     ,  0.0, 0.0,  53.0,       ,      ,      ,        ,        ,        ,        ,        ,        ,        ,        ,      
johnsji01, 1972,     1, MFS , WHA , L  , 33.0,  9.0,  14.0,  23.0,  12.0,      ,  0.0,     ,  0.0,     ,     ,    ,      ,    5.0,   2.0,   1.0,     3.0,     2.0,        ,     0.0,        ,     0.0,        ,     0.0,      
johnsji01, 1973,     1, MFS , WHA , L  , 71.0, 15.0,  39.0,  54.0,  30.0,      ,  1.0,     ,  1.0,     ,  2.0,    ,      ,   11.0,   1.0,   4.0,     5.0,     4.0,        ,        ,        ,        ,        ,     0.0,      
johnsji01, 1974,     1, MFS , WHA , C  , 11.0,  1.0,   3.0,   4.0,   0.0, -4.0 ,  0.0,     ,  0.0,     ,     ,    ,  16.0,       ,      ,      ,        ,        ,        ,        ,        ,        ,        ,        ,      
johnsji01, 1974,     2, IND , WHA , C  , 42.0,  7.0,  15.0,  22.0,  12.0, -15.0,  2.0,     ,  0.0,     ,     ,    ,  62.0,       ,      ,      ,        ,        ,        ,        ,        ,        ,        ,        ,      
johnsji02, 1985,     1, PIT , NHL , D  , 80.0,  3.0,  26.0,  29.0, 115.0, 12.0 ,  0.0,     ,  0.0,     ,  0.0, 0.0, 118.0,       ,      ,      ,        ,        ,        ,        ,        ,        ,        ,        ,      
johnsji02, 1986,     1, PIT , NHL , D  , 80.0,  5.0,  25.0,  30.0, 116.0, -6.0 ,  0.0,     ,  0.0,     ,  1.0, 0.0,  89.0,       ,      ,      ,        ,        ,        ,        ,        ,        ,        ,        ,      
johnsji02, 1987,     1, PIT , NHL , D  , 55.0,  1.0,  12.0,  13.0,  87.0, -4.0 ,  0.0,  2.0,  0.0,  1.0,  0.0, 0.0,  44.0,       ,      ,      ,        ,        ,        ,        ,        ,        ,        ,        ,      
johnsji02, 1988,     1, PIT , NHL , D  , 76.0,  2.0,  14.0,  16.0, 163.0, 7.0  ,  1.0,  2.0,  0.0,  1.0,  0.0, 0.0,  70.0,   11.0,   0.0,   5.0,     5.0,    44.0, 7.0    ,     0.0,     2.0,     0.0,     0.0,     0.0,    10.0
johnsji02, 1989,     1, PIT , NHL , D  , 75.0,  3.0,  13.0,  16.0, 154.0, -20.0,  1.0,  3.0,  0.0,  0.0,  0.0, 0.0,  72.0,       ,      ,      ,        ,        ,        ,        ,        ,        ,        ,        ,      
johnsji02, 1990,     1, PIT , NHL , D  , 24.0,  0.0,   5.0,   5.0,  23.0, -3.0 ,  0.0,  0.0,  0.0,  0.0,  0.0, 0.0,  22.0,       ,      ,      ,        ,        ,        ,        ,        ,        ,        ,        ,      
johnsji02, 1990,     2, MNS , NHL , D  , 44.0,  1.0,   9.0,  10.0, 100.0, 9.0  ,  0.0,  0.0,  0.0,  0.0,  0.0, 0.0,  61.0,   14.0,   0.0,   1.0,     1.0,    52.0, 8.0    ,     0.0,     0.0,     0.0,     0.0,     0.0,    12.0
johnsji02, 1991,     1, MNS , NHL , D  , 71.0,  4.0,  10.0,  14.0, 102.0, 11.0 ,  0.0,  4.0,  0.0,  1.0,  1.0, 0.0,  86.0,    7.0,   1.0,   3.0,     4.0,    18.0, -2.0   ,     0.0,     1.0,     0.0,     0.0,     0.0,     9.0
johnsji02, 1992,     1, MNS , NHL , D  , 79.0,  3.0,  20.0,  23.0, 105.0, 9.0  ,  1.0,  2.0,  0.0,  0.0,  0.0, 0.0,  67.0,       ,      ,      ,        ,        ,        ,        ,        ,        ,        ,        ,      
johnsji02, 1993,     1, DAL , NHL , D  , 53.0,  0.0,   7.0,   7.0,  51.0, -6.0 ,  0.0,  0.0,  0.0,  1.0,  0.0, 0.0,  44.0,       ,      ,      ,        ,        ,        ,        ,        ,        ,        ,        ,      
johnsji02, 1993,     2, WAS , NHL , D  ,  8.0,  0.0,   0.0,   0.0,  12.0, -1.0 ,  0.0,  0.0,  0.0,  0.0,  0.0, 0.0,   5.0,       ,      ,      ,        ,        ,        ,        ,        ,        ,        ,        ,      
johnsji02, 1994,     1, WAS , NHL , D  , 47.0,  0.0,  13.0,  13.0,  43.0, 6.0  ,  0.0,  2.0,  0.0,  0.0,  0.0, 0.0,  46.0,    7.0,   0.0,   2.0,     2.0,     8.0, 3.0    ,     0.0,     0.0,     0.0,     0.0,     0.0,     9.0
johnsji02, 1995,     1, WAS , NHL , D  , 66.0,  2.0,   4.0,   6.0,  34.0, -3.0 ,  0.0,  0.0,  0.0,  0.0,  0.0, 0.0,  49.0,    6.0,   0.0,   0.0,     0.0,     6.0, -2.0   ,     0.0,     0.0,     0.0,     0.0,     0.0,    15.0
johnsji02, 1996,     1, PHO , NHL , D  , 55.0,  3.0,   7.0,  10.0,  74.0, 5.0  ,  0.0,  0.0,  0.0,  2.0,  0.0, 0.0,  51.0,    6.0,   0.0,   0.0,     0.0,     4.0, 0.0    ,     0.0,     0.0,     0.0,     0.0,     0.0,     7.0
johnsji02, 1997,     1, PHO , NHL , D  , 16.0,  2.0,   1.0,   3.0,  18.0, 0.0  ,  0.0,  0.0,  0.0,  0.0,  0.0, 0.0,  17.0,       ,      ,      ,        ,        ,        ,        ,        ,        ,        ,        ,      
johnsjo01, 1968,     1, MNS , NHL , L  , 11.0,  1.0,   0.0,   1.0,   6.0, -1.0 ,  0.0,     ,  0.0,     ,  0.0, 1.0,  17.0,       ,      ,      ,        ,        ,        ,        ,        ,        ,        ,        ,      
johnsjo01, 1971,     1, CLF , NHL , L  , 77.0, 15.0,  17.0,  32.0, 107.0, -28.0,  0.0,     ,  0.0,     ,  3.0, 0.0, 154.0,       ,      ,      ,        ,        ,        ,        ,        ,        ,        ,        ,      
johnsjo01, 1972,     1, CLF , NHL , L  , 71.0, 28.0,  21.0,  49.0,  62.0, -19.0,  8.0,     ,  1.0,     ,  2.0, 0.0, 170.0,       ,      ,      ,        ,        ,        ,        ,        ,        ,        ,        ,      
johnsjo01, 1973,     1, CLF , NHL , L  , 78.0, 27.0,  40.0,  67.0,  67.0, -37.0, 10.0,     ,  2.0,     ,  0.0, 3.0, 202.0,       ,      ,      ,        ,        ,        ,        ,        ,        ,        ,        ,      
johnsjo01, 1974,     1, CLF , NHL , L  , 62.0, 14.0,  23.0,  37.0,  72.0, -30.0,  5.0,     ,  0.0,     ,  0.0, 0.0, 133.0,       ,      ,      ,        ,        ,        ,        ,        ,        ,        ,        ,      
johnsjo01, 1975,     1, CHI , NHL , L  , 32.0,  0.0,   5.0,   5.0,   6.0, -5.0 ,  0.0,     ,  0.0,     ,  0.0, 0.0,  20.0,       ,      ,      ,        ,        ,        ,        ,        ,        ,        ,        ,      
johnski01, 1999,     1, NYR , NHL , D  , 76.0,  6.0,  15.0,  21.0,  46.0, -13.0,  1.0,  5.0,  0.0,  0.0,  1.0, 0.0, 101.0,       ,      ,      ,        ,        ,        ,        ,        ,        ,        ,        ,      
johnski01, 2000,     1, NYR , NHL , D  , 75.0,  5.0,  21.0,  26.0,  40.0, -3.0 ,  4.0,  3.0,  0.0,  1.0,  0.0, 0.0, 104.0,       ,      ,      ,        ,        ,        ,        ,        ,        ,        ,        ,      
johnski01, 2001,     1, PHI , NHL , D  , 82.0, 11.0,  30.0,  41.0,  42.0, 12.0 ,  5.0, 14.0,  0.0,  0.0,  1.0, 0.0, 150.0,    5.0,   0.0,   0.0,     0.0,     2.0, -2.0   ,     0.0,     0.0,     0.0,     0.0,     0.0,    12.0
johnski01, 2002,     1, PHI , NHL , D  , 82.0, 10.0,  29.0,  39.0,  38.0, 11.0 ,  5.0, 13.0,  0.0,  1.0,  2.0, 0.0, 159.0,   13.0,   0.0,   3.0,     3.0,     8.0, -1.0   ,     0.0,     2.0,     0.0,     0.0,     0.0,    38.0
johnski01, 2003,     1, PHI , NHL , D  , 80.0, 13.0,  29.0,  42.0,  26.0, 16.0 ,  4.0, 19.0,  0.0,  0.0,  3.0, 1.0, 189.0,   15.0,   2.0,   6.0,     8.0,     8.0, -3.0   ,     0.0,     3.0,     0.0,     0.0,     1.0,    22.0
johnski01, 2005,     1, PHI , NHL , D  , 47.0,  6.0,  19.0,  25.0,  34.0, 5.0  ,  3.0, 10.0,  0.0,  0.0,  0.0,    ,  97.0,       ,      ,      ,        ,        ,        ,        ,        ,        ,        ,        ,      
johnski01, 2006,     1, MIN , NHL , D  , 76.0,  3.0,  19.0,  22.0,  64.0, -4.0 ,  3.0, 10.0,  0.0,  0.0,  0.0,    ,  98.0,    4.0,   0.0,   0.0,     0.0,     2.0, -1.0   ,     0.0,     0.0,     0.0,     0.0,     0.0,     4.0
johnski01, 2007,     1, MIN , NHL , D  , 80.0,  4.0,  23.0,  27.0,  42.0, -4.0 ,  2.0,  8.0,  0.0,  0.0,  0.0,    ,  87.0,    6.0,   0.0,   1.0,     1.0,    18.0, -1.0   ,     0.0,     0.0,     0.0,     0.0,     0.0,    12.0
johnski01, 2008,     1, MIN , NHL , D  , 81.0,  2.0,  22.0,  24.0,  44.0, -3.0 ,  1.0,  5.0,  0.0,  2.0,  0.0,    ,  93.0,       ,      ,      ,        ,        ,        ,        ,        ,        ,        ,        ,      
johnski01, 2009,     1, MIN , NHL , D  , 52.0,  6.0,   8.0,  14.0,  26.0, 3.0  ,  3.0,  1.0,  0.0,  0.0,  0.0,    ,  84.0,       ,      ,      ,        ,        ,        ,        ,        ,        ,        ,        ,      
johnski01, 2009,     2, CHI , NHL , D  ,  8.0,  1.0,   2.0,   3.0,   4.0, 7.0  ,  0.0,  0.0,  0.0,  0.0,  0.0,    ,  10.0,       ,      ,      ,        ,        ,        ,        ,        ,        ,        ,        ,      
johnsla01, 1967,     1, LAK , NHL , D  ,  4.0,  0.0,   0.0,   0.0,   4.0, -7.0 ,  0.0,     ,  0.0,     ,  0.0, 0.0,   2.0,       ,      ,      ,        ,        ,        ,        ,        ,        ,        ,        ,      
johnsla01, 1971,     1, DET , NHL , D  , 65.0,  4.0,  20.0,  24.0, 111.0, 20.0 ,  0.0,     ,  0.0,     ,  1.0, 0.0,  59.0,       ,      ,      ,        ,        ,        ,        ,        ,        ,        ,        ,      
johnsla01, 1972,     1, DET , NHL , D  , 73.0,  1.0,  12.0,  13.0, 169.0, 6.0  ,  0.0,     ,  0.0,     ,  1.0, 0.0,  53.0,       ,      ,      ,        ,        ,        ,        ,        ,        ,        ,        ,      
johnsla01, 1973,     1, DET , NHL , D  , 65.0,  2.0,  12.0,  14.0, 139.0, -26.0,  0.0,     ,  0.0,     ,  1.0, 0.0,  47.0,       ,      ,      ,        ,        ,        ,        ,        ,        ,        ,        ,      
johnsla01, 1974,     1, MIB , WHA , D  , 49.0,  0.0,   9.0,   9.0,  93.0,      ,  0.0,     ,  0.0,     ,  0.0,    ,  51.0,       ,      ,      ,        ,        ,        ,        ,        ,        ,        ,        ,      
johnsla01, 1974,     2, KCS , NHL , D  , 16.0,  0.0,   7.0,   7.0,  10.0, -17.0,  0.0,     ,  0.0,     ,  0.0, 0.0,  12.0,       ,      ,      ,        ,        ,        ,        ,        ,        ,        ,        ,      
johnsla01, 1975,     1, KCS , NHL , D  , 72.0,  2.0,  10.0,  12.0, 112.0, -61.0,  1.0,     ,  0.0,     ,  0.0, 0.0,  77.0,       ,      ,      ,        ,        ,        ,        ,        ,        ,        ,        ,      
johnsla01, 1976,     1, COR , NHL , D  , 25.0,  0.0,   3.0,   3.0,  35.0, -25.0,  0.0,     ,  0.0,     ,  0.0, 0.0,  22.0,       ,      ,      ,        ,        ,        ,        ,        ,        ,        ,        ,      
johnsma01, 1967,     1, MNS , NHL , D  ,  7.0,  0.0,   0.0,   0.0,   0.0, 1.0  ,  0.0,     ,  0.0,     ,  0.0, 0.0,   5.0,       ,      ,      ,        ,        ,        ,        ,        ,        ,        ,        ,      
johnsma01, 1968,     1, MNS , NHL , D  , 13.0,  0.0,   0.0,   0.0,   2.0, -2.0 ,  0.0,     ,  0.0,     ,  0.0, 0.0,  12.0,       ,      ,      ,        ,        ,        ,        ,        ,        ,        ,        ,      
johnsma01, 1969,     1, MNS , NHL , D  , 28.0,  0.0,   5.0,   5.0,  14.0, 1.0  ,  0.0,     ,  0.0,     ,  0.0, 0.0,  48.0,    6.0,   0.0,   0.0,     0.0,     2.0,        ,     0.0,        ,     0.0,        ,     0.0,      
johnsma01, 1970,     1, MNS , NHL , D  ,  1.0,  0.0,   0.0,   0.0,   0.0, 0.0  ,  0.0,     ,  0.0,     ,  0.0, 0.0,   0.0,       ,      ,      ,        ,        ,        ,        ,        ,        ,        ,        ,      
johnsma01, 1971,     1, CLF , NHL , D  , 74.0,  2.0,  11.0,  13.0,   4.0, -27.0,  2.0,     ,  0.0,     ,  0.0, 0.0,  52.0,       ,      ,      ,        ,        ,        ,        ,        ,        ,        ,        ,      
johnsma01, 1972,     1, CLF , NHL , D  , 78.0, 10.0,  20.0,  30.0,  14.0, -1.0 ,  0.0,     ,  1.0,     ,  0.0, 0.0,  93.0,       ,      ,      ,        ,        ,        ,        ,        ,        ,        ,        ,      
johnsma01, 1973,     1, CLF , NHL , D  , 50.0,  2.0,  16.0,  18.0,  24.0, -45.0,  2.0,     ,  0.0,     ,  0.0, 0.0,  51.0,       ,      ,      ,        ,        ,        ,        ,        ,        ,        ,        ,      
johnsma02, 1979,     1, PIT , NHL , C  , 17.0,  3.0,   5.0,   8.0,   4.0, -4.0 ,  1.0,     ,  0.0,     ,  1.0, 0.0,  32.0,    5.0,   2.0,   2.0,     4.0,     0.0,        ,     1.0,        ,     0.0,        ,     1.0,      
johnsma02, 1980,     1, PIT , NHL , L  , 73.0, 10.0,  23.0,  33.0,  50.0, 4.0  ,  0.0,     ,  0.0,     ,  1.0, 1.0, 109.0,    5.0,   2.0,   1.0,     3.0,     6.0,        ,     1.0,        ,     0.0,        ,     0.0,      
johnsma02, 1981,     1, PIT , NHL , L  , 46.0, 10.0,  11.0,  21.0,  30.0, -14.0,  1.0,     ,  1.0,     ,  0.0, 0.0,  93.0,       ,      ,      ,        ,        ,        ,        ,        ,        ,        ,        ,      
johnsma02, 1981,     2, MNS , NHL , C  , 10.0,  2.0,   2.0,   4.0,  10.0, -4.0 ,  1.0,     ,  0.0,     ,  0.0, 0.0,  18.0,    4.0,   2.0,   0.0,     2.0,     0.0,        ,     1.0,        ,     0.0,        ,     0.0,      
johnsma02, 1982,     1, HAR , NHL , L  , 73.0, 31.0,  38.0,  69.0,  28.0, -5.0 ,  5.0,     ,  3.0,     ,  5.0, 1.0, 167.0,       ,      ,      ,        ,        ,        ,        ,        ,        ,        ,        ,      
johnsma02, 1983,     1, HAR , NHL , L  , 79.0, 35.0,  52.0,  87.0,  27.0, -14.0, 13.0,     ,  1.0,     ,  2.0, 0.0, 184.0,       ,      ,      ,        ,        ,        ,        ,        ,        ,        ,        ,      
johnsma02, 1984,     1, HAR , NHL , L  , 49.0, 19.0,  28.0,  47.0,  21.0, -24.0, 10.0,     ,  0.0,     ,  2.0, 0.0, 107.0,       ,      ,      ,        ,        ,        ,        ,        ,        ,        ,        ,      
johnsma02, 1984,     2, STL , NHL , L  , 17.0,  4.0,   6.0,  10.0,   2.0, -2.0 ,  2.0,     ,  0.0,     ,  0.0, 0.0,  36.0,    3.0,   0.0,   1.0,     1.0,     0.0, 1.0    ,     0.0,        ,     0.0,        ,     0.0,     7.0
johnsma02, 1985,     1, NJD , NHL , L  , 80.0, 21.0,  41.0,  62.0,  16.0, -13.0,  6.0,     ,  1.0,     ,  3.0, 0.0, 167.0,       ,      ,      ,        ,        ,        ,        ,        ,        ,        ,        ,      
johnsma02, 1986,     1, NJD , NHL , L  , 68.0, 25.0,  26.0,  51.0,  22.0, -21.0, 11.0,     ,  2.0,     ,  0.0, 0.0, 193.0,       ,      ,      ,        ,        ,        ,        ,        ,        ,        ,        ,      
johnsma02, 1987,     1, NJD , NHL , L  , 54.0, 14.0,  19.0,  33.0,  14.0, -10.0,  2.0, 10.0,  3.0,  1.0,  3.0, 0.0, 121.0,   18.0,  10.0,   8.0,    18.0,     4.0, 4.0    ,     5.0,     6.0,     0.0,     0.0,     1.0,    30.0
johnsma02, 1988,     1, NJD , NHL , C  , 40.0, 13.0,  25.0,  38.0,  24.0, -1.0 ,  4.0, 10.0,  0.0,  0.0,  2.0, 0.0,  95.0,       ,      ,      ,        ,        ,        ,        ,        ,        ,        ,        ,      
johnsma02, 1989,     1, NJD , NHL , C  , 63.0, 16.0,  29.0,  45.0,  12.0, -8.0 ,  4.0,  6.0,  0.0,  0.0,  1.0, 0.0,  82.0,    2.0,   0.0,   0.0,     0.0,     0.0, -1.0   ,     0.0,     0.0,     0.0,     0.0,     0.0,     1.0
johnsma03, 1994,     1, LAK , NHL , L  , 14.0,  1.0,   0.0,   1.0, 102.0, 0.0  ,  0.0,  0.0,  0.0,  0.0,  0.0, 0.0,   4.0,       ,      ,      ,        ,        ,        ,        ,        ,        ,        ,        ,      
johnsma03, 1995,     1, LAK , NHL , L  ,  1.0,  0.0,   0.0,   0.0,   5.0, 0.0  ,  0.0,  0.0,  0.0,  0.0,  0.0, 0.0,   1.0,       ,      ,      ,        ,        ,        ,        ,        ,        ,        ,        ,      
johnsma03, 1996,     1, LAK , NHL , L  , 52.0,  1.0,   3.0,   4.0, 194.0, -4.0 ,  0.0,  0.0,  0.0,  0.0,  0.0, 0.0,  20.0,       ,      ,      ,        ,        ,        ,        ,        ,        ,        ,        ,      
johnsma03, 1997,     1, LAK , NHL , L  , 66.0,  2.0,   4.0,   6.0, 249.0, -8.0 ,  0.0,  0.0,  0.0,  0.0,  0.0, 0.0,  18.0,    4.0,   0.0,   0.0,     0.0,     6.0, -1.0   ,     0.0,     0.0,     0.0,     0.0,     0.0,     0.0
johnsma03, 1998,     1, LAK , NHL , L  , 49.0,  2.0,   1.0,   3.0, 131.0, -5.0 ,  0.0,  0.0,  0.0,  0.0,  0.0, 0.0,  14.0,       ,      ,      ,        ,        ,        ,        ,        ,        ,        ,        ,      
johnsma03, 1999,     1, ATL , NHL , L  , 64.0,  2.0,   5.0,   7.0, 144.0, -11.0,  0.0,  0.0,  0.0,  0.0,  0.0, 0.0,  54.0,       ,      ,      ,        ,        ,        ,        ,        ,        ,        ,        ,      
johnsma03, 2000,     1, MIN , NHL , L  , 50.0,  1.0,   1.0,   2.0, 137.0, -6.0 ,  0.0,  0.0,  0.0,  0.0,  0.0, 0.0,  21.0,       ,      ,      ,        ,        ,        ,        ,        ,        ,        ,        ,      
johnsma03, 2001,     1, MIN , NHL , L  , 60.0,  4.0,   0.0,   4.0, 183.0, -13.0,  0.0,  0.0,  0.0,  0.0,  1.0, 0.0,  23.0,       ,      ,      ,        ,        ,        ,        ,        ,        ,        ,        ,      
johnsma03, 2002,     1, MIN , NHL , L  , 60.0,  3.0,   5.0,   8.0, 201.0, -8.0 ,  0.0,  0.0,  0.0,  0.0,  1.0, 0.0,  24.0,   12.0,   0.0,   0.0,     0.0,    25.0, 0.0    ,     0.0,     0.0,     0.0,     0.0,     0.0,     2.0
johnsma03, 2003,     1, MIN , NHL , L  , 57.0,  7.0,   1.0,   8.0, 177.0, 4.0  ,  0.0,  0.0,  0.0,  0.0,  1.0, 0.0,  21.0,       ,      ,      ,        ,        ,        ,        ,        ,        ,        ,        ,      
johnsmi01, 1996,     1, TOR , NHL , R  , 13.0,  2.0,   2.0,   4.0,   4.0, -2.0 ,  0.0,  0.0,  1.0,  0.0,  1.0, 0.0,  27.0,       ,      ,      ,        ,        ,        ,        ,        ,        ,        ,        ,      
johnsmi01, 1997,     1, TOR , NHL , R  , 82.0, 15.0,  32.0,  47.0,  24.0, -4.0 ,  5.0,  8.0,  0.0,  0.0,  0.0, 1.0, 143.0,       ,      ,      ,        ,        ,        ,        ,        ,        ,        ,        ,      
johnsmi01, 1998,     1, TOR , NHL , R  , 79.0, 20.0,  24.0,  44.0,  35.0, 13.0 ,  5.0,  4.0,  3.0,  0.0,  2.0, 0.0, 149.0,   17.0,   3.0,   2.0,     5.0,     4.0, -1.0   ,     0.0,     0.0,     0.0,     0.0,     1.0,    26.0
johnsmi01, 1999,     1, TOR , NHL , R  , 52.0, 11.0,  14.0,  25.0,  23.0, 8.0  ,  2.0,  0.0,  1.0,  0.0,  3.0, 0.0,  89.0,       ,      ,      ,        ,        ,        ,        ,        ,        ,        ,        ,      
johnsmi01, 1999,     2, TBL , NHL , R  , 28.0, 10.0,  12.0,  22.0,   4.0, -2.0 ,  4.0,  5.0,  0.0,  0.0,  0.0, 0.0,  43.0,       ,      ,      ,        ,        ,        ,        ,        ,        ,        ,        ,      
johnsmi01, 2000,     1, TBL , NHL , R  , 64.0, 11.0,  27.0,  38.0,  38.0, -10.0,  3.0, 10.0,  1.0,  1.0,  0.0, 1.0, 107.0,       ,      ,      ,        ,        ,        ,        ,        ,        ,        ,        ,      
johnsmi01, 2000,     2, PHO , NHL , R  , 12.0,  2.0,   3.0,   5.0,   4.0, 0.0  ,  1.0,  0.0,  0.0,  1.0,  0.0, 0.0,  17.0,       ,      ,      ,        ,        ,        ,        ,        ,        ,        ,        ,      
johnsmi01, 2001,     1, PHO , NHL , R  , 57.0,  5.0,  22.0,  27.0,  28.0, 14.0 ,  1.0,  0.0,  2.0,  1.0,  0.0, 0.0,  73.0,    5.0,   1.0,   1.0,     2.0,     6.0, 1.0    ,     0.0,     0.0,     0.0,     0.0,     0.0,     7.0
johnsmi01, 2002,     1, PHO , NHL , R  , 82.0, 23.0,  40.0,  63.0,  47.0, 9.0  ,  8.0,  9.0,  0.0,  0.0,  3.0, 1.0, 178.0,       ,      ,      ,        ,        ,        ,        ,        ,        ,        ,        ,      
johnsmi01, 2003,     1, PHO , NHL , R  , 11.0,  1.0,   9.0,  10.0,  10.0, -1.0 ,  1.0,  4.0,  0.0,  0.0,  0.0, 0.0,  17.0,       ,      ,      ,        ,        ,        ,        ,        ,        ,        ,        ,      
johnsmi01, 2005,     1, PHO , NHL , R  , 80.0, 16.0,  38.0,  54.0,  50.0, 7.0  ,  6.0, 12.0,  1.0,  0.0,  3.0,    , 145.0,       ,      ,      ,        ,        ,        ,        ,        ,        ,        ,        ,      
johnsmi01, 2006,     1, MTL , NHL , R  , 80.0, 11.0,  20.0,  31.0,  40.0, 6.0  ,  1.0,  2.0,  2.0,  1.0,  1.0,    , 131.0,       ,      ,      ,        ,        ,        ,        ,        ,        ,        ,        ,      
johnsmi01, 2007,     1, STL , NHL , R  , 21.0,  2.0,   3.0,   5.0,   8.0, -4.0 ,  0.0,  0.0,  0.0,  0.0,  0.0,    ,  21.0,       ,      ,      ,        ,        ,        ,        ,        ,        ,        ,        ,      
johnsmo01, 1909,     1, MOW , NHA ,    , 12.0,  7.0,   0.0,   7.0,  41.0,      ,     ,     ,     ,     ,     ,    ,      ,       ,      ,      ,        ,        ,        ,        ,        ,        ,        ,        ,      
johnsmo01, 1910,     1, MOW , NHA ,    , 13.0,  6.0,   0.0,   6.0,  54.0,      ,     ,     ,     ,     ,     ,    ,      ,       ,      ,      ,        ,        ,        ,        ,        ,        ,        ,        ,      
johnsmo01, 1911,     1, NWR , PCHA, D  , 14.0,  9.0,   0.0,   9.0,  13.0,      ,     ,     ,     ,     ,     ,    ,      ,       ,      ,      ,        ,        ,        ,        ,        ,        ,        ,        ,      
johnsmo01, 1912,     1, NWR , PCHA, D  , 13.0,  7.0,   3.0,  10.0,  20.0,      ,     ,     ,     ,     ,     ,    ,      ,       ,      ,      ,        ,        ,        ,        ,        ,        ,        ,        ,      
johnsmo01, 1913,     1, NWR , PCHA, D  , 16.0,  3.0,   5.0,   8.0,  26.0,      ,     ,     ,     ,     ,     ,    ,      ,       ,      ,      ,        ,        ,        ,        ,        ,        ,        ,        ,      
johnsmo01, 1914,     1, PO1 , PCHA, D  , 18.0,  6.0,   4.0,  10.0,  21.0,      ,     ,     ,     ,     ,     ,    ,      ,       ,      ,      ,        ,        ,        ,        ,        ,        ,        ,        ,      
johnsmo01, 1915,     1, PO1 , PCHA, D  , 18.0,  6.0,   3.0,   9.0,  62.0,      ,     ,     ,     ,     ,     ,    ,      ,       ,      ,      ,        ,        ,        ,        ,        ,        ,        ,        ,      
johnsmo01, 1916,     1, PO1 , PCHA, D  , 23.0, 12.0,   9.0,  21.0,  52.0,      ,     ,     ,     ,     ,     ,    ,      ,       ,      ,      ,        ,        ,        ,        ,        ,        ,        ,        ,      
johnsmo01, 1917,     1, PO1 , PCHA, D  , 12.0,  3.0,   2.0,   5.0,   0.0,      ,     ,     ,     ,     ,     ,    ,      ,       ,      ,      ,        ,        ,        ,        ,        ,        ,        ,        ,      
johnsmo01, 1918,     1, VA2 , PCHA, D  , 15.0,  3.0,   3.0,   6.0,   0.0,      ,     ,     ,     ,     ,     ,    ,      ,       ,      ,      ,        ,        ,        ,        ,        ,        ,        ,        ,      
johnsmo01, 1919,     1, VA2 , PCHA, D  , 21.0,  0.0,   5.0,   5.0,  22.0,      ,     ,     ,     ,     ,     ,    ,      ,       ,      ,      ,        ,        ,        ,        ,        ,        ,        ,        ,      
johnsmo01, 1920,     1, VA2 , PCHA, D  , 24.0,  5.0,   2.0,   7.0,  26.0,      ,     ,     ,     ,     ,     ,    ,      ,       ,      ,      ,        ,        ,        ,        ,        ,        ,        ,        ,      
johnsmo01, 1921,     1, VA2 , PCHA, D  , 11.0,  1.0,   1.0,   2.0,  12.0,      ,     ,     ,     ,     ,     ,    ,      ,       ,      ,      ,        ,        ,        ,        ,        ,        ,        ,        ,      
johnsni01, 2009,     1, PIT , NHL , R  ,  6.0,  1.0,   1.0,   2.0,   2.0, -2.0 ,  0.0,  0.0,  0.0,  0.0,  0.0,    ,   7.0,       ,      ,      ,        ,        ,        ,        ,        ,        ,        ,        ,      
johnsno01, 1957,     1, BOS , NHL , C  , 15.0,  2.0,   3.0,   5.0,   8.0,      ,     ,     ,     ,     ,     ,    ,      ,   12.0,   4.0,   0.0,     4.0,     6.0,        ,        ,        ,        ,        ,        ,      
johnsno01, 1958,     1, BOS , NHL , C  , 39.0,  2.0,  17.0,  19.0,  25.0,      ,     ,     ,     ,     ,     ,    ,      ,       ,      ,      ,        ,        ,        ,        ,        ,        ,        ,        ,      
johnsno01, 1958,     2, CHI , NHL , C  ,  7.0,  1.0,   0.0,   1.0,   8.0,      ,     ,     ,     ,     ,     ,    ,      ,       ,      ,      ,        ,        ,        ,        ,        ,        ,        ,        ,      
johnsno01, 1959,     1, CHI , NHL , C  ,     ,     ,      ,      ,      ,      ,     ,     ,     ,     ,     ,    ,      ,    2.0,   0.0,   0.0,     0.0,     0.0,        ,        ,        ,        ,        ,        ,      
johnsra01, 1979,     1, NYI , NHL , D  ,  4.0,  0.0,   0.0,   0.0,   4.0, -2.0 ,  0.0,     ,  0.0,     ,  0.0, 0.0,   2.0,       ,      ,      ,        ,        ,        ,        ,        ,        ,        ,        ,      
johnsro01, 1943,     1, TOR , NHL , D  , 18.0,  2.0,   0.0,   2.0,   6.0,      ,     ,     ,     ,     ,     ,    ,      ,    3.0,   0.0,   0.0,     0.0,     0.0,        ,        ,        ,        ,        ,        ,      
johnsro01, 1944,     1, TOR , NHL , D  , 24.0,  3.0,   4.0,   7.0,   8.0,      ,     ,     ,     ,     ,     ,    ,      ,       ,      ,      ,        ,        ,        ,        ,        ,        ,        ,        ,      
johnsry01, 1997,     1, FLO , NHL , C  , 10.0,  0.0,   2.0,   2.0,   0.0, -4.0 ,  0.0,  0.0,  0.0,  0.0,  0.0, 0.0,   6.0,       ,      ,      ,        ,        ,        ,        ,        ,        ,        ,        ,      
johnsry01, 1998,     1, FLO , NHL , C  ,  1.0,  1.0,   0.0,   1.0,   0.0, 0.0  ,  0.0,  0.0,  0.0,  0.0,  0.0, 0.0,   1.0,       ,      ,      ,        ,        ,        ,        ,        ,        ,        ,        ,      
johnsry01, 1999,     1, FLO , NHL , C  , 66.0,  4.0,  12.0,  16.0,  14.0, 1.0  ,  0.0,  1.0,  0.0,  0.0,  0.0, 0.0,  44.0,       ,      ,      ,        ,        ,        ,        ,        ,        ,        ,        ,      
johnsry01, 1999,     2, TBL , NHL , C  , 14.0,  0.0,   2.0,   2.0,   2.0, -9.0 ,  0.0,  0.0,  0.0,  0.0,  0.0, 0.0,   5.0,       ,      ,      ,        ,        ,        ,        ,        ,        ,        ,        ,      
johnsry01, 2000,     1, TBL , NHL , C  , 80.0,  7.0,  14.0,  21.0,  44.0, -20.0,  1.0,  0.0,  0.0,  2.0,  0.0, 0.0,  71.0,       ,      ,      ,        ,        ,        ,        ,        ,        ,        ,        ,      
johnsry01, 2001,     1, FLO , NHL , C  , 29.0,  1.0,   3.0,   4.0,  10.0, -5.0 ,  0.0,  0.0,  0.0,  0.0,  0.0, 0.0,  24.0,       ,      ,      ,        ,        ,        ,        ,        ,        ,        ,        ,      
johnsry01, 2002,     1, FLO , NHL , C  , 58.0,  2.0,   5.0,   7.0,  26.0, -13.0,  0.0,  0.0,  0.0,  0.0,  0.0, 0.0,  54.0,       ,      ,      ,        ,        ,        ,        ,        ,        ,        ,        ,      
johnsry01, 2002,     2, STL , NHL , C  , 17.0,  0.0,   0.0,   0.0,  12.0, 0.0  ,  0.0,  0.0,  0.0,  0.0,  0.0, 0.0,  13.0,    6.0,   0.0,   2.0,     2.0,     6.0, 3.0    ,     0.0,     0.0,     0.0,     0.0,     0.0,     1.0
johnsry01, 2003,     1, STL , NHL , C  , 69.0,  4.0,   7.0,  11.0,   8.0, -2.0 ,  0.0,  0.0,  1.0,  1.0,  1.0, 0.0,  36.0,    3.0,   0.0,   0.0,     0.0,     0.0, 0.0    ,     0.0,     0.0,     0.0,     0.0,     0.0,     2.0
johnsry01, 2005,     1, STL , NHL , C  , 65.0,  3.0,   6.0,   9.0,  33.0, -21.0,  1.0,  0.0,  1.0,  1.0,  0.0,    ,  57.0,       ,      ,      ,        ,        ,        ,        ,        ,        ,        ,        ,      
johnsry01, 2006,     1, STL , NHL , C  , 59.0,  7.0,   4.0,  11.0,  47.0, -7.0 ,  0.0,  0.0,  2.0,  0.0,  0.0,    ,  50.0,       ,      ,      ,        ,        ,        ,        ,        ,        ,        ,        ,      
johnsry01, 2007,     1, STL , NHL , C  , 79.0,  5.0,  13.0,  18.0,  22.0, -2.0 ,  0.0,  0.0,  1.0,  2.0,  1.0,    ,  85.0,       ,      ,      ,        ,        ,        ,        ,        ,        ,        ,        ,      
johnsry01, 2008,     1, VAN , NHL , C  , 62.0,  2.0,   7.0,   9.0,  12.0, 1.0  ,  0.0,  0.0,  0.0,  0.0,  1.0,    ,  22.0,   10.0,   1.0,   1.0,     2.0,     2.0, 0.0    ,     0.0,     0.0,     0.0,     0.0,     0.0,     4.0
johnsry01, 2009,     1, VAN , NHL , C  , 58.0,  1.0,   4.0,   5.0,  12.0, -4.0 ,  0.0,  0.0,  0.0,  0.0,  1.0,    ,  19.0,    4.0,   0.0,   0.0,     0.0,     2.0, -2.0   ,     0.0,     0.0,     0.0,     0.0,     0.0,     1.0
johnssk01, 1915,     1, QU1 , NHA ,    ,  5.0,  0.0,   0.0,   0.0,   0.0,      ,     ,     ,     ,     ,     ,    ,      ,       ,      ,      ,        ,        ,        ,        ,        ,        ,        ,        ,      
johnssk01, 1916,     1, QU1 , NHA ,    , 14.0,  1.0,   0.0,   1.0,   0.0,      ,     ,     ,     ,     ,     ,    ,      ,       ,      ,      ,        ,        ,        ,        ,        ,        ,        ,        ,      
johnste01, 1979,     1, QUE , NHL , D  ,  3.0,  0.0,   0.0,   0.0,   2.0, 0.0  ,  0.0,     ,  0.0,     ,  0.0, 0.0,   0.0,       ,      ,      ,        ,        ,        ,        ,        ,        ,        ,        ,      
johnste01, 1980,     1, QUE , NHL , D  , 13.0,  0.0,   1.0,   1.0,  46.0, -1.0 ,  0.0,     ,  0.0,     ,  0.0, 0.0,   5.0,    2.0,   0.0,   0.0,     0.0,     0.0,        ,     0.0,        ,     0.0,        ,     0.0,      
johnste01, 1981,     1, QUE , NHL , D  ,  6.0,  0.0,   1.0,   1.0,   5.0, -1.0 ,  0.0,     ,  0.0,     ,  0.0, 0.0,   0.0,       ,      ,      ,        ,        ,        ,        ,        ,        ,        ,        ,      
johnste01, 1982,     1, QUE , NHL , D  ,  3.0,  0.0,   0.0,   0.0,   2.0, 0.0  ,  0.0,     ,  0.0,     ,  0.0, 0.0,   0.0,       ,      ,      ,        ,        ,        ,        ,        ,        ,        ,        ,      
johnste01, 1983,     1, STL , NHL , D  , 65.0,  2.0,   6.0,   8.0, 143.0, 5.0  ,  0.0,     ,  0.0,     ,  0.0, 0.0,  38.0,   11.0,   0.0,   1.0,     1.0,    25.0, 1.0    ,     0.0,        ,     0.0,        ,     0.0,     7.0
johnste01, 1984,     1, STL , NHL , D  , 74.0,  0.0,   7.0,   7.0, 120.0, 13.0 ,  0.0,     ,  0.0,     ,  0.0, 0.0,  41.0,    3.0,   0.0,   0.0,     0.0,    19.0, -3.0   ,     0.0,        ,     0.0,        ,     0.0,     2.0
johnste01, 1985,     1, STL , NHL , D  , 49.0,  0.0,   4.0,   4.0,  87.0, -6.0 ,  0.0,     ,  0.0,     ,  0.0, 0.0,  21.0,       ,      ,      ,        ,        ,        ,        ,        ,        ,        ,        ,      
johnste01, 1985,     2, CAL , NHL , D  , 24.0,  1.0,   4.0,   5.0,  71.0, -3.0 ,  0.0,     ,  0.0,     ,  0.0, 0.0,  11.0,   17.0,   0.0,   3.0,     3.0,    64.0, -2.0   ,     0.0,        ,     0.0,        ,     0.0,     5.0
johnste01, 1986,     1, TOR , NHL , D  , 48.0,  0.0,   1.0,   1.0, 104.0, -5.0 ,  0.0,     ,  0.0,     ,  0.0, 0.0,  10.0,    2.0,   0.0,   0.0,     0.0,     0.0, -2.0   ,     0.0,        ,     0.0,        ,     0.0,     0.0
johnste01, 1987,     1, TOR , NHL , D  ,     ,     ,      ,      ,      ,      ,     ,     ,     ,     ,     ,    ,      ,    3.0,   0.0,   0.0,     0.0,    10.0, -3.0   ,     0.0,     0.0,     0.0,     0.0,     0.0,     2.0
johnsto01, 1947,     1, MTL , NHL , D  ,  1.0,  0.0,   0.0,   0.0,   0.0,      ,     ,     ,     ,     ,     ,    ,      ,       ,      ,      ,        ,        ,        ,        ,        ,        ,        ,        ,      
johnsto01, 1949,     1, MTL , NHL , D  ,     ,     ,      ,      ,      ,      ,     ,     ,     ,     ,     ,    ,      ,    1.0,   0.0,   0.0,     0.0,     0.0,        ,        ,        ,        ,        ,        ,      
johnsto01, 1950,     1, MTL , NHL , D  , 70.0,  2.0,   8.0,  10.0, 128.0,      ,     ,     ,     ,     ,     ,    ,      ,   11.0,   0.0,   0.0,     0.0,     6.0,        ,        ,        ,        ,        ,        ,      
johnsto01, 1951,     1, MTL , NHL , D  , 67.0,  0.0,   7.0,   7.0,  76.0,      ,     ,     ,     ,     ,     ,    ,      ,   11.0,   1.0,   0.0,     1.0,     2.0,        ,        ,        ,        ,        ,        ,      
johnsto01, 1952,     1, MTL , NHL , D  , 70.0,  3.0,   8.0,  11.0,  63.0,      ,     ,     ,     ,     ,     ,    ,      ,   12.0,   2.0,   3.0,     5.0,     8.0,        ,        ,        ,        ,        ,        ,      
johnsto01, 1953,     1, MTL , NHL , D  , 70.0,  7.0,  11.0,  18.0,  85.0,      ,     ,     ,     ,     ,     ,    ,      ,   11.0,   1.0,   2.0,     3.0,    30.0,        ,        ,        ,        ,        ,        ,      
johnsto01, 1954,     1, MTL , NHL , D  , 70.0,  6.0,  19.0,  25.0,  74.0,      ,     ,     ,     ,     ,     ,    ,      ,   12.0,   2.0,   0.0,     2.0,    22.0,        ,        ,        ,        ,        ,        ,      
johnsto01, 1955,     1, MTL , NHL , D  , 64.0,  3.0,  10.0,  13.0,  75.0,      ,     ,     ,     ,     ,     ,    ,      ,   10.0,   0.0,   2.0,     2.0,     8.0,        ,        ,        ,        ,        ,        ,      
johnsto01, 1956,     1, MTL , NHL , D  , 70.0,  4.0,  11.0,  15.0,  59.0,      ,     ,     ,     ,     ,     ,    ,      ,   10.0,   0.0,   2.0,     2.0,    13.0,        ,        ,        ,        ,        ,        ,      
johnsto01, 1957,     1, MTL , NHL , D  , 66.0,  3.0,  18.0,  21.0,  75.0,      ,     ,     ,     ,     ,     ,    ,      ,    2.0,   0.0,   0.0,     0.0,     0.0,        ,        ,        ,        ,        ,        ,      
johnsto01, 1958,     1, MTL , NHL , D  , 70.0, 10.0,  29.0,  39.0,  76.0,      ,     ,     ,     ,     ,     ,    ,      ,   11.0,   2.0,   3.0,     5.0,     8.0,        ,        ,        ,        ,        ,        ,      
johnsto01, 1959,     1, MTL , NHL , D  , 64.0,  4.0,  25.0,  29.0,  59.0,      ,     ,     ,     ,     ,     ,    ,      ,    8.0,   0.0,   1.0,     1.0,     4.0,        ,        ,        ,        ,        ,        ,      
johnsto01, 1960,     1, MTL , NHL , D  , 70.0,  1.0,  15.0,  16.0,  54.0,      ,     ,     ,     ,     ,     ,    ,      ,    6.0,   0.0,   1.0,     1.0,     8.0,        ,        ,        ,        ,        ,     0.0,      
johnsto01, 1961,     1, MTL , NHL , D  , 62.0,  1.0,  17.0,  18.0,  45.0,      ,     ,     ,     ,     ,     ,    ,      ,    6.0,   0.0,   1.0,     1.0,     0.0,        ,        ,        ,        ,        ,     0.0,      
johnsto01, 1962,     1, MTL , NHL , D  , 43.0,  3.0,   5.0,   8.0,  28.0,      ,     ,     ,     ,     ,     ,    ,      ,       ,      ,      ,        ,        ,        ,        ,        ,        ,        ,        ,      
johnsto01, 1963,     1, BOS , NHL , D  , 70.0,  4.0,  21.0,  25.0,  33.0,      ,  0.0,     ,  0.0,     ,  1.0, 0.0,      ,       ,      ,      ,        ,        ,        ,        ,        ,        ,        ,        ,      
johnsto01, 1964,     1, BOS , NHL , D  , 51.0,  0.0,   9.0,   9.0,  30.0,      ,  0.0,     ,  0.0,     ,  0.0, 0.0,      ,       ,      ,      ,        ,        ,        ,        ,        ,        ,        ,        ,      
johnsvi01, 1937,     1, CHI , NHL , D  , 25.0,  0.0,   2.0,   2.0,   2.0,      ,     ,     ,     ,     ,     ,    ,      ,   10.0,   0.0,   0.0,     0.0,     0.0,        ,        ,        ,        ,        ,        ,      
johnsvi01, 1943,     1, CHI , NHL , D  , 48.0,  1.0,   8.0,   9.0,  23.0,      ,     ,     ,     ,     ,     ,    ,      ,    9.0,   0.0,   3.0,     3.0,     4.0,        ,        ,        ,        ,        ,        ,      
johnsvi01, 1944,     1, CHI , NHL , D  ,  2.0,  0.0,   1.0,   1.0,   2.0,      ,     ,     ,     ,     ,     ,    ,      ,       ,      ,      ,        ,        ,        ,        ,        ,        ,        ,        ,      
jokelmi01, 2002,     1, VAN , NHL , D  ,  1.0,  0.0,   0.0,   0.0,   0.0, 0.0  ,  0.0,  0.0,  0.0,  0.0,  0.0, 0.0,   3.0,       ,      ,      ,        ,        ,        ,        ,        ,        ,        ,        ,      
jokinju01, 2005,     1, DAL , NHL , L  , 81.0, 17.0,  38.0,  55.0,  30.0, 2.0  ,  8.0, 23.0,  0.0,  0.0,  2.0,    , 107.0,    5.0,   2.0,   1.0,     3.0,     0.0, 1.0    ,     1.0,     1.0,     0.0,     0.0,     0.0,    12.0
jokinju01, 2006,     1, DAL , NHL , L  , 82.0, 14.0,  34.0,  48.0,  18.0, 8.0  ,  6.0, 15.0,  0.0,  0.0,  1.0,    , 121.0,    4.0,   0.0,   1.0,     1.0,     0.0, -1.0   ,     0.0,     0.0,     0.0,     0.0,     0.0,     3.0
jokinju01, 2007,     1, DAL , NHL , L  , 52.0, 14.0,  14.0,  28.0,  14.0, 2.0  ,  5.0,  3.0,  0.0,  0.0,  2.0,    ,  93.0,       ,      ,      ,        ,        ,        ,        ,        ,        ,        ,        ,      
jokinju01, 2007,     2, TBL , NHL , L  , 20.0,  2.0,  12.0,  14.0,   4.0, -16.0,  1.0,  5.0,  0.0,  0.0,  0.0,    ,  38.0,       ,      ,      ,        ,        ,        ,        ,        ,        ,        ,        ,      
jokinju01, 2008,     1, TBL , NHL , L  , 46.0,  6.0,  10.0,  16.0,  16.0, -8.0 ,  2.0,  4.0,  0.0,  0.0,  0.0,    ,  64.0,       ,      ,      ,        ,        ,        ,        ,        ,        ,        ,        ,      
jokinju01, 2008,     2, CAR , NHL , L  , 25.0,  1.0,  10.0,  11.0,  12.0, -2.0 ,  0.0,  3.0,  0.0,  0.0,  1.0,    ,  37.0,   18.0,   7.0,   4.0,    11.0,     2.0, -3.0   ,     2.0,     0.0,     0.0,     0.0,     3.0,    28.0
jokinju01, 2009,     1, CAR , NHL , L  , 81.0, 30.0,  35.0,  65.0,  36.0, 3.0  , 10.0, 14.0,  0.0,  0.0,  6.0,    , 160.0,       ,      ,      ,        ,        ,        ,        ,        ,        ,        ,        ,      
jokinol01, 1997,     1, LAK , NHL , C  ,  8.0,  0.0,   0.0,   0.0,   6.0, -5.0 ,  0.0,  0.0,  0.0,  0.0,  0.0, 0.0,  12.0,       ,      ,      ,        ,        ,        ,        ,        ,        ,        ,        ,      
jokinol01, 1998,     1, LAK , NHL , C  , 66.0,  9.0,  12.0,  21.0,  44.0, -10.0,  3.0,  3.0,  1.0,  0.0,  1.0, 0.0,  87.0,       ,      ,      ,        ,        ,        ,        ,        ,        ,        ,        ,      
jokinol01, 1999,     1, NYI , NHL , C  , 82.0, 11.0,  10.0,  21.0,  80.0, 0.0  ,  1.0,  1.0,  2.0,  0.0,  3.0, 0.0, 138.0,       ,      ,      ,        ,        ,        ,        ,        ,        ,        ,        ,      
jokinol01, 2000,     1, FLO , NHL , C  , 78.0,  6.0,  10.0,  16.0, 106.0, -22.0,  0.0,  0.0,  0.0,  1.0,  0.0, 0.0, 121.0,       ,      ,      ,        ,        ,        ,        ,        ,        ,        ,        ,      
jokinol01, 2001,     1, FLO , NHL , C  , 80.0,  9.0,  20.0,  29.0,  98.0, -16.0,  3.0,  4.0,  1.0,  1.0,  0.0, 1.0, 153.0,       ,      ,      ,        ,        ,        ,        ,        ,        ,        ,        ,      
jokinol01, 2002,     1, FLO , NHL , C  , 81.0, 36.0,  29.0,  65.0,  79.0, -17.0, 13.0, 11.0,  3.0,  0.0,  6.0, 0.0, 240.0,       ,      ,      ,        ,        ,        ,        ,        ,        ,        ,        ,      
jokinol01, 2003,     1, FLO , NHL , C  , 82.0, 26.0,  32.0,  58.0,  81.0, -16.0,  8.0, 16.0,  2.0,  0.0,  8.0, 1.0, 280.0,       ,      ,      ,        ,        ,        ,        ,        ,        ,        ,        ,      
jokinol01, 2005,     1, FLO , NHL , C  , 82.0, 38.0,  51.0,  89.0,  88.0, 14.0 , 14.0, 23.0,  1.0,  0.0,  9.0,    , 351.0,       ,      ,      ,        ,        ,        ,        ,        ,        ,        ,        ,      
jokinol01, 2006,     1, FLO , NHL , C  , 82.0, 39.0,  52.0,  91.0,  78.0, 18.0 ,  9.0, 19.0,  1.0,  0.0,  8.0,    , 351.0,       ,      ,      ,        ,        ,        ,        ,        ,        ,        ,        ,      
jokinol01, 2007,     1, FLO , NHL , C  , 82.0, 34.0,  37.0,  71.0,  67.0, -19.0, 18.0, 15.0,  0.0,  0.0,  5.0,    , 341.0,       ,      ,      ,        ,        ,        ,        ,        ,        ,        ,        ,      
jokinol01, 2008,     1, PHO , NHL , C  , 57.0, 21.0,  21.0,  42.0,  49.0, -5.0 ,  6.0,  9.0,  2.0,  0.0,  2.0,    , 169.0,       ,      ,      ,        ,        ,        ,        ,        ,        ,        ,        ,      
jokinol01, 2008,     2, CAL , NHL , C  , 19.0,  8.0,   7.0,  15.0,  18.0, -7.0 ,  3.0,  2.0,  0.0,  0.0,  1.0,    ,  67.0,    6.0,   2.0,   3.0,     5.0,     4.0, -1.0   ,     0.0,     0.0,     0.0,     0.0,     0.0,    23.0
jokinol01, 2009,     1, CAL , NHL , C  , 56.0, 11.0,  24.0,  35.0,  53.0, 2.0  ,  2.0,  7.0,  0.0,  0.0,  2.0,    , 162.0,       ,      ,      ,        ,        ,        ,        ,        ,        ,        ,        ,      
jokinol01, 2009,     2, NYR , NHL , C  , 26.0,  4.0,  11.0,  15.0,  22.0, 1.0  ,  1.0,  5.0,  0.0,  0.0,  1.0,    ,  74.0,       ,      ,      ,        ,        ,        ,        ,        ,        ,        ,        ,      
joliaau01, 1922,     1, MTL , NHL , L  , 24.0, 12.0,   9.0,  21.0,  37.0,      ,     ,     ,     ,     ,     ,    ,      ,    2.0,   1.0,   0.0,     1.0,    11.0,        ,        ,        ,        ,        ,        ,      
joliaau01, 1923,     1, MTL , NHL , L  , 24.0, 15.0,   5.0,  20.0,  27.0,      ,     ,     ,     ,     ,     ,    ,      ,    2.0,   1.0,   1.0,     2.0,     0.0,        ,        ,        ,        ,        ,        ,      
joliaau01, 1924,     1, MTL , NHL , L  , 25.0, 30.0,  11.0,  41.0,  85.0,      ,     ,     ,     ,     ,     ,    ,      ,    1.0,   0.0,   0.0,     0.0,     5.0,        ,        ,        ,        ,        ,        ,      
joliaau01, 1925,     1, MTL , NHL , L  , 35.0, 17.0,   9.0,  26.0,  52.0,      ,     ,     ,     ,     ,     ,    ,      ,       ,      ,      ,        ,        ,        ,        ,        ,        ,        ,        ,      
joliaau01, 1926,     1, MTL , NHL , L  , 43.0, 14.0,   4.0,  18.0,  79.0,      ,     ,     ,     ,     ,     ,    ,      ,    4.0,   1.0,   0.0,     1.0,    10.0,        ,        ,        ,        ,        ,        ,      
joliaau01, 1927,     1, MTL , NHL , L  , 44.0, 28.0,  11.0,  39.0, 105.0,      ,     ,     ,     ,     ,     ,    ,      ,    2.0,   0.0,   0.0,     0.0,     4.0,        ,        ,        ,        ,        ,        ,      
joliaau01, 1928,     1, MTL , NHL , L  , 44.0, 12.0,   5.0,  17.0,  59.0,      ,     ,     ,     ,     ,     ,    ,      ,    3.0,   1.0,   1.0,     2.0,    10.0,        ,        ,        ,        ,        ,        ,      
joliaau01, 1929,     1, MTL , NHL , L  , 42.0, 19.0,  12.0,  31.0,  40.0,      ,     ,     ,     ,     ,     ,    ,      ,    6.0,   0.0,   2.0,     2.0,     6.0,        ,        ,        ,        ,        ,        ,      
joliaau01, 1930,     1, MTL , NHL , L  , 43.0, 13.0,  22.0,  35.0,  73.0,      ,     ,     ,     ,     ,     ,    ,      ,   10.0,   0.0,   4.0,     4.0,    12.0,        ,        ,        ,        ,        ,        ,      
joliaau01, 1931,     1, MTL , NHL , L  , 48.0, 15.0,  24.0,  39.0,  46.0,      ,     ,     ,     ,     ,     ,    ,      ,    4.0,   2.0,   0.0,     2.0,     4.0,        ,        ,        ,        ,        ,        ,      
joliaau01, 1932,     1, MTL , NHL , L  , 48.0, 18.0,  21.0,  39.0,  53.0,      ,     ,     ,     ,     ,     ,    ,      ,    2.0,   2.0,   1.0,     3.0,     2.0,        ,        ,        ,        ,        ,        ,      
joliaau01, 1933,     1, MTL , NHL , L  , 48.0, 22.0,  15.0,  37.0,  27.0,      ,     ,     ,     ,     ,     ,    ,      ,    2.0,   0.0,   1.0,     1.0,     0.0,        ,        ,        ,        ,        ,        ,      
joliaau01, 1934,     1, MTL , NHL , L  , 48.0, 17.0,  12.0,  29.0,  18.0,      ,     ,     ,     ,     ,     ,    ,      ,    2.0,   1.0,   0.0,     1.0,     0.0,        ,        ,        ,        ,        ,        ,      
joliaau01, 1935,     1, MTL , NHL , L  , 48.0, 15.0,   8.0,  23.0,  16.0,      ,     ,     ,     ,     ,     ,    ,      ,       ,      ,      ,        ,        ,        ,        ,        ,        ,        ,        ,      
joliaau01, 1936,     1, MTL , NHL , L  , 47.0, 17.0,  15.0,  32.0,  30.0,      ,     ,     ,     ,     ,     ,    ,      ,    5.0,   0.0,   3.0,     3.0,     2.0,        ,        ,        ,        ,        ,        ,      
joliaau01, 1937,     1, MTL , NHL , L  , 44.0,  6.0,   7.0,  13.0,  24.0,      ,     ,     ,     ,     ,     ,    ,      ,       ,      ,      ,        ,        ,        ,        ,        ,        ,        ,        ,      
joliare01, 1924,     1, MTL , NHL , F  ,  1.0,  0.0,   0.0,   0.0,   0.0,      ,     ,     ,     ,     ,     ,    ,      ,       ,      ,      ,        ,        ,        ,        ,        ,        ,        ,        ,      
jolygr01 , 1974,     1, WAS , NHL , D  , 44.0,  1.0,   7.0,   8.0,  44.0, -68.0,  1.0,     ,  0.0,     ,  0.0, 0.0,  72.0,       ,      ,      ,        ,        ,        ,        ,        ,        ,        ,        ,      
jolygr01 , 1975,     1, WAS , NHL , D  , 54.0,  8.0,  17.0,  25.0,  28.0, -46.0,  3.0,     ,  1.0,     ,  1.0, 0.0,  81.0,       ,      ,      ,        ,        ,        ,        ,        ,        ,        ,        ,      
jolygr01 , 1976,     1, DET , NHL , D  , 53.0,  1.0,  11.0,  12.0,  14.0, -22.0,  1.0,     ,  0.0,     ,  0.0, 0.0,  73.0,       ,      ,      ,        ,        ,        ,        ,        ,        ,        ,        ,      
jolygr01 , 1977,     1, DET , NHL , D  , 79.0,  7.0,  20.0,  27.0,  73.0, -4.0 ,  2.0,     ,  0.0,     ,  2.0, 1.0, 134.0,    5.0,   0.0,   0.0,     0.0,     8.0,        ,     0.0,        ,     0.0,        ,     0.0,      
jolygr01 , 1978,     1, DET , NHL , D  , 20.0,  0.0,   4.0,   4.0,   6.0, -8.0 ,  0.0,     ,  0.0,     ,  0.0, 0.0,  13.0,       ,      ,      ,        ,        ,        ,        ,        ,        ,        ,        ,      
jolygr01 , 1979,     1, DET , NHL , D  , 59.0,  3.0,  10.0,  13.0,  45.0, -2.0 ,  0.0,     ,  0.0,     ,  0.0, 1.0,  50.0,       ,      ,      ,        ,        ,        ,        ,        ,        ,        ,        ,      
jolygr01 , 1980,     1, DET , NHL , D  , 17.0,  0.0,   2.0,   2.0,  10.0, -8.0 ,  0.0,     ,  0.0,     ,  0.0, 0.0,   8.0,       ,      ,      ,        ,        ,        ,        ,        ,        ,        ,        ,      
jolygr01 , 1981,     1, DET , NHL , D  , 37.0,  1.0,   5.0,   6.0,  30.0, -5.0 ,  0.0,     ,  1.0,     ,  0.0, 0.0,  30.0,       ,      ,      ,        ,        ,        ,        ,        ,        ,        ,        ,      
jolygr01 , 1982,     1, DET , NHL , D  ,  2.0,  0.0,   0.0,   0.0,   0.0, 0.0  ,  0.0,     ,  0.0,     ,  0.0, 0.0,   3.0,       ,      ,      ,        ,        ,        ,        ,        ,        ,        ,        ,      
jolyyv01 , 1979,     1, MTL , NHL , R  ,     ,     ,      ,      ,      ,      ,     ,     ,     ,     ,     ,    ,      ,    1.0,   0.0,   0.0,     0.0,     0.0,        ,     0.0,        ,     0.0,        ,     0.0,      
jolyyv01 , 1980,     1, MTL , NHL , R  ,  1.0,  0.0,   0.0,   0.0,   0.0, 0.0  ,  0.0,     ,  0.0,     ,  0.0, 0.0,   0.0,       ,      ,      ,        ,        ,        ,        ,        ,        ,        ,        ,      
jolyyv01 , 1982,     1, MTL , NHL , R  ,  1.0,  0.0,   0.0,   0.0,   0.0, -1.0 ,  0.0,     ,  0.0,     ,  0.0, 0.0,   1.0,       ,      ,      ,        ,        ,        ,        ,        ,        ,        ,        ,      
jomphje01, 1995,     1, ANA , NHL , R  , 31.0,  2.0,  12.0,  14.0,  39.0, 7.0  ,  2.0,  1.0,  0.0,  0.0,  0.0, 0.0,  46.0,       ,      ,      ,        ,        ,        ,        ,        ,        ,        ,        ,      
jomphje01, 1996,     1, ANA , NHL , C  , 64.0,  7.0,  14.0,  21.0,  53.0, -9.0 ,  0.0,  2.0,  1.0,  1.0,  0.0, 0.0,  81.0,       ,      ,      ,        ,        ,        ,        ,        ,        ,        ,        ,      
jomphje01, 1997,     1, ANA , NHL , C  ,  9.0,  1.0,   3.0,   4.0,   8.0, 1.0  ,  0.0,  0.0,  0.0,  0.0,  0.0, 0.0,   8.0,       ,      ,      ,        ,        ,        ,        ,        ,        ,        ,        ,      
jomphje01, 1998,     1, PHO , NHL , C  ,  1.0,  0.0,   0.0,   0.0,   2.0, 0.0  ,  0.0,  0.0,  0.0,  0.0,  0.0, 0.0,   0.0,       ,      ,      ,        ,        ,        ,        ,        ,        ,        ,        ,      
jomphje01, 1998,     2, MTL , NHL , C  ,  6.0,  0.0,   0.0,   0.0,   0.0, 0.0  ,  0.0,  0.0,  0.0,  0.0,  0.0, 0.0,   4.0,       ,      ,      ,        ,        ,        ,        ,        ,        ,        ,        ,      
jonatst01, 1975,     1, BOS , NHL , L  ,  1.0,  0.0,   0.0,   0.0,   0.0, 0.0  ,  0.0,     ,  0.0,     ,  0.0, 0.0,   0.0,       ,      ,      ,        ,        ,        ,        ,        ,        ,        ,        ,      
jonatst01, 1976,     1, BOS , NHL , L  , 69.0, 17.0,  13.0,  30.0,  69.0, 1.0  ,  1.0,     ,  0.0,     ,  2.0, 0.0,  71.0,   14.0,   4.0,   2.0,     6.0,    24.0,        ,     0.0,        ,     0.0,        ,     1.0,      
jonatst01, 1977,     1, BOS , NHL , L  , 68.0, 27.0,  25.0,  52.0, 116.0, 34.0 ,  0.0,     ,  0.0,     ,  2.0, 2.0, 121.0,   15.0,   0.0,   1.0,     1.0,    36.0,        ,     0.0,        ,     0.0,        ,     0.0,      
jonatst01, 1978,     1, BOS , NHL , L  , 33.0,  6.0,   9.0,  15.0,  96.0, 8.0  ,  0.0,     ,  0.0,     ,  1.0, 0.0,  32.0,   11.0,   4.0,   1.0,     5.0,    12.0,        ,     0.0,        ,     0.0,        ,     0.0,      
jonatst01, 1979,     1, BOS , NHL , L  , 79.0, 21.0,  19.0,  40.0, 208.0, 20.0 ,  0.0,     ,  0.0,     ,  3.0, 1.0, 108.0,    9.0,   0.0,   0.0,     0.0,    29.0,        ,     0.0,        ,     0.0,        ,     0.0,      
jonatst01, 1980,     1, BOS , NHL , L  , 74.0, 14.0,  24.0,  38.0, 192.0, 5.0  ,  0.0,     ,  0.0,     ,  2.0, 0.0,  85.0,    3.0,   0.0,   0.0,     0.0,    30.0,        ,     0.0,        ,     0.0,        ,     0.0,      
jonatst01, 1981,     1, BOS , NHL , L  , 67.0,  6.0,  17.0,  23.0,  57.0, 6.0  ,  1.0,     ,  0.0,     ,  0.0, 0.0,  50.0,   11.0,   0.0,   0.0,     0.0,     6.0,        ,     0.0,        ,     0.0,        ,     0.0,      
jonatst01, 1982,     1, BOS , NHL , L  ,  1.0,  0.0,   0.0,   0.0,   0.0, 0.0  ,  0.0,     ,  0.0,     ,  0.0, 0.0,   1.0,       ,      ,      ,        ,        ,        ,        ,        ,        ,        ,        ,      
jonatst01, 1982,     2, PIT , NHL , L  , 19.0,  0.0,   3.0,   3.0,  13.0, -8.0 ,  0.0,     ,  0.0,     ,  0.0, 0.0,  16.0,       ,      ,      ,        ,        ,        ,        ,        ,        ,        ,        ,      
jonesbl01, 2006,     1, TBL , NHL , C  , 20.0,  1.0,   2.0,   3.0,   2.0, 0.0  ,  0.0,  0.0,  0.0,  0.0,  0.0,    ,   6.0,       ,      ,      ,        ,        ,        ,        ,        ,        ,        ,        ,      
jonesbl01, 2007,     1, TBL , NHL , C  ,  4.0,  0.0,   0.0,   0.0,   0.0, 0.0  ,  0.0,  0.0,  0.0,  0.0,  0.0,    ,   1.0,       ,      ,      ,        ,        ,        ,        ,        ,        ,        ,        ,      
jonesbl01, 2009,     1, TBL , NHL , C  , 14.0,  0.0,   0.0,   0.0,  10.0, -5.0 ,  0.0,  0.0,  0.0,  0.0,  0.0,    ,  26.0,       ,      ,      ,        ,        ,        ,        ,        ,        ,        ,        ,      
jonesbo01, 1968,     1, NYR , NHL , L  ,  2.0,  0.0,   0.0,   0.0,   0.0, 0.0  ,  0.0,     ,  0.0,     ,  0.0, 0.0,   2.0,       ,      ,      ,        ,        ,        ,        ,        ,        ,        ,        ,      
jonesbo01, 1972,     1, LAS , WHA , L  , 20.0,  2.0,   7.0,   9.0,   8.0,      ,  1.0,     ,  0.0,     ,     ,    ,      ,       ,      ,      ,        ,        ,        ,        ,        ,        ,        ,        ,      
jonesbo01, 1972,     2, NRA , WHA , L  , 56.0, 11.0,  12.0,  23.0,  24.0,      ,  0.0,     ,  1.0,     ,     ,    ,      ,       ,      ,      ,        ,        ,        ,        ,        ,        ,        ,        ,      
jonesbo01, 1973,     1, NYJ , WHA , C  , 78.0, 17.0,  28.0,  45.0,  20.0,      ,  6.0,     ,  0.0,     ,  1.0,    ,      ,       ,      ,      ,        ,        ,        ,        ,        ,        ,        ,        ,      
jonesbo01, 1974,     1, MIB , WHA , L  ,  5.0,  0.0,   1.0,   1.0,   8.0,      ,  0.0,     ,  0.0,     ,  0.0,    ,  10.0,       ,      ,      ,        ,        ,        ,        ,        ,        ,        ,        ,      
jonesbo01, 1975,     1, IND , WHA , L  ,  2.0,  0.0,   0.0,   0.0,   0.0, -1.0 ,  0.0,     ,  0.0,     ,  0.0,    ,   3.0,       ,      ,      ,        ,        ,        ,        ,        ,        ,        ,        ,      
jonesbr01, 1986,     1, WIN , NHL , L  ,  4.0,  1.0,   0.0,   1.0,   0.0, 2.0  ,  0.0,     ,  0.0,     ,  0.0, 0.0,   8.0,       ,      ,      ,        ,        ,        ,        ,        ,        ,        ,        ,      
jonesbr01, 1987,     1, WIN , NHL , L  , 19.0,  2.0,   5.0,   7.0,  15.0, 2.0  ,  0.0,  0.0,  0.0,  1.0,  1.0, 0.0,  33.0,    1.0,   0.0,   0.0,     0.0,     0.0, -1.0   ,     0.0,     0.0,     0.0,     0.0,     0.0,     0.0
jonesbr01, 1988,     1, WIN , NHL , L  , 22.0,  6.0,   5.0,  11.0,   6.0, 0.0  ,  0.0,  0.0,  1.0,  0.0,  0.0, 1.0,  25.0,       ,      ,      ,        ,        ,        ,        ,        ,        ,        ,        ,      
jonesbr01, 1989,     1, WIN , NHL , L  ,  2.0,  0.0,   0.0,   0.0,   0.0, -2.0 ,  0.0,  0.0,  0.0,  0.0,  0.0, 0.0,   0.0,       ,      ,      ,        ,        ,        ,        ,        ,        ,        ,        ,      
jonesbr01, 1990,     1, LAK , NHL , R  , 53.0,  9.0,  11.0,  20.0,  57.0, 11.0 ,  0.0,  0.0,  1.0,  1.0,  1.0, 0.0,  47.0,    8.0,   1.0,   1.0,     2.0,     2.0, 2.0    ,     0.0,     0.0,     0.0,     0.0,     1.0,     6.0
jonesbr01, 1991,     1, PHI , NHL , L  , 48.0,  7.0,  10.0,  17.0,  44.0, -2.0 ,  0.0,  0.0,  0.0,  1.0,  1.0, 0.0,  67.0,       ,      ,      ,        ,        ,        ,        ,        ,        ,        ,        ,      
jonesbu01, 1938,     1, DET , NHL , D  , 11.0,  0.0,   1.0,   1.0,   6.0,      ,     ,     ,     ,     ,     ,    ,      ,    6.0,   0.0,   1.0,     1.0,    10.0,        ,        ,        ,        ,        ,        ,      
jonesbu01, 1939,     1, DET , NHL , D  ,  2.0,  0.0,   0.0,   0.0,   0.0,      ,     ,     ,     ,     ,     ,    ,      ,       ,      ,      ,        ,        ,        ,        ,        ,        ,        ,        ,      
jonesbu01, 1941,     1, DET , NHL , D  , 21.0,  2.0,   1.0,   3.0,   8.0,      ,     ,     ,     ,     ,     ,    ,      ,       ,      ,      ,        ,        ,        ,        ,        ,        ,        ,        ,      
jonesbu01, 1942,     1, TOR , NHL , D  , 16.0,  0.0,   0.0,   0.0,  22.0,      ,     ,     ,     ,     ,     ,    ,      ,    6.0,   0.0,   0.0,     0.0,     8.0,        ,        ,        ,        ,        ,        ,      
jonesch01, 1909,     1, COB , NHA , G  , 12.0,  0.0,   0.0,   0.0,   0.0,      ,     ,     ,     ,     ,     ,    ,      ,       ,      ,      ,        ,        ,        ,        ,        ,        ,        ,        ,      
jonesda01, 2007,     1, COL , NHL , R  , 27.0,  2.0,   4.0,   6.0,   8.0, -5.0 ,  1.0,  1.0,  0.0,  0.0,  0.0,    ,  37.0,   10.0,   0.0,   1.0,     1.0,     6.0, 0.0    ,     0.0,     0.0,     0.0,     0.0,     0.0,    18.0
jonesda01, 2008,     1, COL , NHL , R  , 40.0,  8.0,   5.0,  13.0,   8.0, -8.0 ,  1.0,  1.0,  0.0,  0.0,  1.0,    ,  47.0,       ,      ,      ,        ,        ,        ,        ,        ,        ,        ,        ,      
jonesda01, 2009,     1, COL , NHL , R  , 23.0, 10.0,   6.0,  16.0,   2.0, 1.0  ,  1.0,  2.0,  2.0,  0.0,  3.0,    ,  39.0,       ,      ,      ,        ,        ,        ,        ,        ,        ,        ,        ,      
jonesji01, 1971,     1, CLF , NHL , C  ,  2.0,  0.0,   0.0,   0.0,   0.0, 0.0  ,  0.0,     ,  0.0,     ,  0.0, 0.0,   0.0,       ,      ,      ,        ,        ,        ,        ,        ,        ,        ,        ,      
jonesji01, 1973,     1, CHC , WHA , D  ,  1.0,  0.0,   0.0,   0.0,   0.0,      ,  0.0,     ,  0.0,     ,  0.0,    ,      ,       ,      ,      ,        ,        ,        ,        ,        ,        ,        ,        ,      
jonesji02, 1973,     1, VAB , WHA , C  , 18.0,  3.0,   2.0,   5.0,  23.0,      ,  2.0,     ,  0.0,     ,  0.0,    ,      ,       ,      ,      ,        ,        ,        ,        ,        ,        ,        ,        ,      
jonesji02, 1974,     1, VAB , WHA , C  , 63.0, 11.0,   7.0,  18.0,  39.0, -5.0 ,  0.0,     ,  3.0,     ,     ,    ,  98.0,       ,      ,      ,        ,        ,        ,        ,        ,        ,        ,        ,      
jonesji02, 1977,     1, TOR , NHL , C  , 78.0,  4.0,   9.0,  13.0,  23.0, 1.0  ,  0.0,     ,  2.0,     ,  1.0, 0.0,  54.0,   13.0,   1.0,   5.0,     6.0,     7.0,        ,     0.0,        ,     0.0,        ,     0.0,      
jonesji02, 1978,     1, TOR , NHL , C  , 69.0,  9.0,   9.0,  18.0,  45.0, 2.0  ,  0.0,     ,  0.0,     ,  0.0, 1.0,  63.0,    6.0,   0.0,   0.0,     0.0,     4.0,        ,     0.0,        ,     0.0,        ,     0.0,      
jonesji02, 1979,     1, TOR , NHL , C  ,  1.0,  0.0,   0.0,   0.0,   0.0, -1.0 ,  0.0,     ,  0.0,     ,  0.0, 0.0,   1.0,       ,      ,      ,        ,        ,        ,        ,        ,        ,        ,        ,      
joneske01, 1992,     1, WAS , NHL , R  , 71.0, 12.0,  14.0,  26.0, 124.0, 18.0 ,  0.0,  3.0,  0.0,  0.0,  3.0, 0.0,  73.0,    6.0,   0.0,   0.0,     0.0,    10.0, -3.0   ,     0.0,     0.0,     0.0,     0.0,     0.0,     2.0
joneske01, 1993,     1, WAS , NHL , R  , 68.0, 16.0,  19.0,  35.0, 149.0, 4.0  ,  5.0,  4.0,  0.0,  0.0,  1.0, 0.0,  97.0,   11.0,   0.0,   1.0,     1.0,    36.0, 1.0    ,     0.0,     0.0,     0.0,     0.0,     0.0,    14.0
joneske01, 1994,     1, WAS , NHL , R  , 40.0, 14.0,   6.0,  20.0,  65.0, -2.0 ,  1.0,  2.0,  0.0,  0.0,  4.0, 0.0,  85.0,    7.0,   4.0,   4.0,     8.0,    22.0, -1.0   ,     1.0,     2.0,     0.0,     0.0,     0.0,    14.0
joneske01, 1995,     1, WAS , NHL , L  , 68.0, 18.0,  23.0,  41.0, 103.0, 8.0  ,  5.0,  9.0,  0.0,  0.0,  2.0, 0.0, 155.0,    2.0,   0.0,   0.0,     0.0,     7.0, -1.0   ,     0.0,     0.0,     0.0,     0.0,     0.0,     3.0
joneske01, 1996,     1, WAS , NHL , R  , 11.0,  2.0,   3.0,   5.0,  13.0, -2.0 ,  1.0,  0.0,  0.0,  0.0,  0.0, 0.0,  12.0,       ,      ,      ,        ,        ,        ,        ,        ,        ,        ,        ,      
joneske01, 1996,     2, COL , NHL , R  , 67.0, 23.0,  20.0,  43.0, 105.0, 5.0  , 13.0,  6.0,  1.0,  0.0,  7.0, 0.0, 158.0,    6.0,   3.0,   3.0,     6.0,     4.0, 2.0    ,     1.0,     0.0,     0.0,     0.0,     0.0,    16.0
joneske01, 1997,     1, COL , NHL , R  , 23.0,  3.0,   7.0,  10.0,  22.0, -4.0 ,  1.0,  3.0,  0.0,  0.0,  2.0, 0.0,  31.0,    7.0,   0.0,   0.0,     0.0,    13.0, -1.0   ,     0.0,     0.0,     0.0,     0.0,     0.0,    12.0
joneske01, 1998,     1, COL , NHL , R  , 12.0,  2.0,   2.0,   4.0,  20.0, -6.0 ,  1.0,  0.0,  0.0,  0.0,  0.0, 0.0,  11.0,       ,      ,      ,        ,        ,        ,        ,        ,        ,        ,        ,      
joneske01, 1998,     2, PHI , NHL , R  , 66.0, 18.0,  31.0,  49.0,  78.0, 29.0 ,  2.0,  4.0,  0.0,  0.0,  3.0, 0.0, 124.0,    6.0,   2.0,   1.0,     3.0,    14.0, 4.0    ,     0.0,     0.0,     0.0,     0.0,     0.0,    11.0
joneske01, 1999,     1, PHI , NHL , R  , 57.0,  9.0,  16.0,  25.0,  82.0, 8.0  ,  1.0,  1.0,  0.0,  0.0,  0.0, 0.0,  92.0,   18.0,   3.0,   3.0,     6.0,    14.0, -1.0   ,     1.0,     0.0,     0.0,     0.0,     0.0,    18.0
joneske01, 2000,     1, PHI , NHL , R  ,  8.0,  0.0,   0.0,   0.0,   4.0, -5.0 ,  0.0,  0.0,  0.0,  0.0,  0.0, 0.0,  11.0,       ,      ,      ,        ,        ,        ,        ,        ,        ,        ,        ,      
jonesma01, 2005,     1, PHO , NHL , D  , 16.0,  0.0,   2.0,   2.0,  14.0, -2.0 ,  0.0,  0.0,  0.0,  0.0,  0.0,    ,  10.0,       ,      ,      ,        ,        ,        ,        ,        ,        ,        ,        ,      
jonesma01, 2006,     1, PHO , NHL , D  , 45.0,  1.0,   6.0,   7.0,  39.0, -12.0,  0.0,  0.0,  0.0,  1.0,  0.0,    ,  20.0,       ,      ,      ,        ,        ,        ,        ,        ,        ,        ,        ,      
jonesma01, 2007,     1, PHO , NHL , D  , 45.0,  0.0,   2.0,   2.0,  10.0, -13.0,  0.0,  0.0,  0.0,  0.0,  0.0,    ,  25.0,       ,      ,      ,        ,        ,        ,        ,        ,        ,        ,        ,      
jonesra01, 2003,     1, PHI , NHL , D  ,  5.0,  0.0,   0.0,   0.0,   0.0, 1.0  ,  0.0,  0.0,  0.0,  0.0,  0.0, 0.0,   5.0,       ,      ,      ,        ,        ,        ,        ,        ,        ,        ,        ,      
jonesra01, 2005,     1, PHI , NHL , D  , 28.0,  0.0,   8.0,   8.0,  16.0, -6.0 ,  0.0,  3.0,  0.0,  1.0,  0.0,    ,  21.0,       ,      ,      ,        ,        ,        ,        ,        ,        ,        ,        ,      
jonesra01, 2006,     1, PHI , NHL , D  , 66.0,  4.0,  18.0,  22.0,  38.0, -14.0,  0.0,  5.0,  0.0,  1.0,  0.0,    ,  67.0,       ,      ,      ,        ,        ,        ,        ,        ,        ,        ,        ,      
jonesra01, 2007,     1, PHI , NHL , D  , 71.0,  5.0,  26.0,  31.0,  58.0, 8.0  ,  1.0, 11.0,  0.0,  0.0,  0.0,    , 103.0,   16.0,   0.0,   2.0,     2.0,     4.0, 6.0    ,     0.0,     1.0,     0.0,     0.0,     0.0,    21.0
jonesra01, 2008,     1, PHI , NHL , D  , 47.0,  4.0,   4.0,   8.0,  22.0, 8.0  ,  1.0,  0.0,  0.0,  0.0,  2.0,    ,  45.0,    6.0,   0.0,   1.0,     1.0,     0.0, 1.0    ,     0.0,     0.0,     0.0,     0.0,     0.0,     4.0
jonesra01, 2009,     1, LAK , NHL , D  , 48.0,  5.0,  16.0,  21.0,  28.0, -3.0 ,  1.0,  7.0,  1.0,  0.0,  1.0,    ,  54.0,    4.0,   0.0,   0.0,     0.0,     2.0, -2.0   ,     0.0,     0.0,     0.0,     0.0,     0.0,     3.0
jonesro01, 1971,     1, BOS , NHL , D  ,  1.0,  0.0,   0.0,   0.0,   0.0, 1.0  ,  0.0,     ,  0.0,     ,  0.0, 0.0,   3.0,       ,      ,      ,        ,        ,        ,        ,        ,        ,        ,        ,      
jonesro01, 1972,     1, BOS , NHL , D  ,  7.0,  0.0,   0.0,   0.0,   2.0, 1.0  ,  0.0,     ,  0.0,     ,  0.0, 0.0,   0.0,       ,      ,      ,        ,        ,        ,        ,        ,        ,        ,        ,      
jonesro01, 1973,     1, PIT , NHL , D  , 25.0,  0.0,   3.0,   3.0,  15.0, -14.0,  0.0,     ,  0.0,     ,  0.0, 0.0,  18.0,       ,      ,      ,        ,        ,        ,        ,        ,        ,        ,        ,      
jonesro01, 1974,     1, WAS , NHL , D  , 19.0,  1.0,   1.0,   2.0,  16.0, -14.0,  1.0,     ,  0.0,     ,  0.0, 0.0,  13.0,       ,      ,      ,        ,        ,        ,        ,        ,        ,        ,        ,      
jonesro01, 1975,     1, WAS , NHL , D  ,  2.0,  0.0,   0.0,   0.0,   0.0, -1.0 ,  0.0,     ,  0.0,     ,  0.0, 0.0,   0.0,       ,      ,      ,        ,        ,        ,        ,        ,        ,        ,        ,      
jonesry01, 2008,     1, NAS , NHL , L  , 46.0,  7.0,  10.0,  17.0,  22.0, 1.0  ,  2.0,  4.0,  0.0,  0.0,  1.0,    ,  63.0,       ,      ,      ,        ,        ,        ,        ,        ,        ,        ,        ,      
jonesry01, 2009,     1, NAS , NHL , L  , 41.0,  7.0,   4.0,  11.0,  18.0, 3.0  ,  2.0,  0.0,  0.0,  0.0,  0.0,    ,  53.0,       ,      ,      ,        ,        ,        ,        ,        ,        ,        ,        ,      
jonesry01, 2009,     2, EDM , NHL , L  ,  8.0,  1.0,   0.0,   1.0,   8.0, -3.0 ,  0.0,  0.0,  0.0,  0.0,  0.0,    ,   9.0,       ,      ,      ,        ,        ,        ,        ,        ,        ,        ,        ,      
jonesty01, 1998,     1, CHI , NHL , R  ,  8.0,  0.0,   0.0,   0.0,  12.0, -1.0 ,  0.0,  0.0,  0.0,  0.0,  0.0, 0.0,   3.0,       ,      ,      ,        ,        ,        ,        ,        ,        ,        ,        ,      
jonesty01, 2003,     1, FLO , NHL , R  ,  6.0,  0.0,   0.0,   0.0,   7.0, 0.0  ,  0.0,  0.0,  0.0,  0.0,  0.0, 0.0,   1.0,       ,      ,      ,        ,        ,        ,        ,        ,        ,        ,        ,      
jonssha01, 1999,     1, PIT , NHL , D  , 68.0,  3.0,  11.0,  14.0,  12.0, -5.0 ,  0.0,  3.0,  1.0,  1.0,  1.0, 0.0,  49.0,   11.0,   0.0,   1.0,     1.0,     6.0, 2.0    ,     0.0,     0.0,     0.0,     0.0,     0.0,     2.0
jonssha01, 2000,     1, PIT , NHL , D  , 58.0,  4.0,  18.0,  22.0,  22.0, 11.0 ,  2.0,  0.0,  0.0,  0.0,  0.0, 0.0,  44.0,   16.0,   0.0,   0.0,     0.0,     8.0, -2.0   ,     0.0,     0.0,     0.0,     0.0,     0.0,     8.0
jonssha01, 2001,     1, PIT , NHL , D  , 53.0,  2.0,   5.0,   7.0,  22.0, -12.0,  2.0,  1.0,  0.0,  1.0,  0.0, 0.0,  37.0,       ,      ,      ,        ,        ,        ,        ,        ,        ,        ,        ,      
jonssha01, 2002,     1, PIT , NHL , D  , 63.0,  1.0,   4.0,   5.0,  36.0, -23.0,  0.0,  1.0,  0.0,  0.0,  0.0, 0.0,  40.0,       ,      ,      ,        ,        ,        ,        ,        ,        ,        ,        ,      
jonssjo01, 1999,     1, NYI , NHL , L  , 68.0, 11.0,  17.0,  28.0,  16.0, -6.0 ,  1.0,  1.0,  2.0,  1.0,  0.0, 0.0,  95.0,       ,      ,      ,        ,        ,        ,        ,        ,        ,        ,        ,      
jonssjo01, 1999,     2, ANA , NHL , L  , 13.0,  1.0,   2.0,   3.0,   0.0, -2.0 ,  0.0,  0.0,  0.0,  0.0,  1.0, 0.0,  21.0,       ,      ,      ,        ,        ,        ,        ,        ,        ,        ,        ,      
jonsske01, 1994,     1, TOR , NHL , D  , 39.0,  2.0,   7.0,   9.0,  16.0, -8.0 ,  0.0,  5.0,  0.0,  0.0,  1.0, 0.0,  50.0,    4.0,   0.0,   0.0,     0.0,     0.0, -2.0   ,     0.0,     0.0,     0.0,     0.0,     0.0,     3.0
jonsske01, 1995,     1, TOR , NHL , D  , 50.0,  4.0,  22.0,  26.0,  22.0, 12.0 ,  3.0,  8.0,  0.0,  1.0,  1.0, 0.0,  90.0,       ,      ,      ,        ,        ,        ,        ,        ,        ,        ,        ,      
jonsske01, 1995,     2, NYI , NHL , D  , 16.0,  0.0,   4.0,   4.0,  10.0, -5.0 ,  0.0,  3.0,  0.0,  0.0,  0.0, 0.0,  40.0,       ,      ,      ,        ,        ,        ,        ,        ,        ,        ,        ,      
jonsske01, 1996,     1, NYI , NHL , D  , 81.0,  3.0,  18.0,  21.0,  24.0, 10.0 ,  1.0,  4.0,  0.0,  0.0,  0.0, 0.0,  92.0,       ,      ,      ,        ,        ,        ,        ,        ,        ,        ,        ,      
jonsske01, 1997,     1, NYI , NHL , D  , 81.0, 14.0,  26.0,  40.0,  58.0, -2.0 ,  6.0, 12.0,  0.0,  2.0,  2.0, 0.0, 108.0,       ,      ,      ,        ,        ,        ,        ,        ,        ,        ,        ,      
jonsske01, 1998,     1, NYI , NHL , D  , 63.0,  8.0,  18.0,  26.0,  34.0, -18.0,  6.0, 11.0,  0.0,  1.0,  0.0, 0.0,  91.0,       ,      ,      ,        ,        ,        ,        ,        ,        ,        ,        ,      
jonsske01, 1999,     1, NYI , NHL , D  , 65.0,  1.0,  24.0,  25.0,  32.0, -15.0,  1.0, 11.0,  0.0,  0.0,  0.0, 0.0,  84.0,       ,      ,      ,        ,        ,        ,        ,        ,        ,        ,        ,      
jonsske01, 2000,     1, NYI , NHL , D  , 65.0,  8.0,  21.0,  29.0,  30.0, -22.0,  5.0, 13.0,  0.0,  1.0,  0.0, 0.0,  91.0,       ,      ,      ,        ,        ,        ,        ,        ,        ,        ,        ,      
jonsske01, 2001,     1, NYI , NHL , D  , 76.0, 10.0,  22.0,  32.0,  26.0, 15.0 ,  2.0,  8.0,  1.0,  1.0,  0.0, 0.0, 107.0,    5.0,   1.0,   2.0,     3.0,     4.0, -2.0   ,     1.0,     2.0,     0.0,     0.0,     0.0,     8.0
jonsske01, 2002,     1, NYI , NHL , D  , 71.0,  8.0,  18.0,  26.0,  24.0, -8.0 ,  3.0,  7.0,  1.0,  1.0,  0.0, 1.0, 108.0,    5.0,   0.0,   1.0,     1.0,     0.0, -2.0   ,     0.0,     1.0,     0.0,     0.0,     0.0,    11.0
jonsske01, 2003,     1, NYI , NHL , D  , 79.0,  5.0,  24.0,  29.0,  22.0, 25.0 ,  3.0,  6.0,  0.0,  3.0,  2.0, 0.0, 106.0,    5.0,   0.0,   0.0,     0.0,     2.0, -4.0   ,     0.0,     0.0,     0.0,     0.0,     0.0,     2.0
jonssla01, 2006,     1, PHI , NHL , D  ,  8.0,  0.0,   2.0,   2.0,   6.0, -4.0 ,  0.0,  2.0,  0.0,  0.0,  0.0,    ,   4.0,       ,      ,      ,        ,        ,        ,        ,        ,        ,        ,        ,      
jonssto01, 1981,     1, NYI , NHL , D  , 70.0,  9.0,  25.0,  34.0,  51.0, 26.0 ,  0.0,     ,  0.0,     ,  1.0, 1.0,  89.0,   10.0,   0.0,   2.0,     2.0,    21.0,        ,     0.0,        ,     0.0,        ,     0.0,      
jonssto01, 1982,     1, NYI , NHL , D  , 72.0, 13.0,  35.0,  48.0,  50.0, 40.0 ,  1.0,     ,  0.0,     ,  3.0, 0.0, 100.0,   20.0,   2.0,  10.0,    12.0,    18.0,        ,     0.0,        ,     0.0,        ,     0.0,      
jonssto01, 1983,     1, NYI , NHL , D  , 72.0, 11.0,  36.0,  47.0,  54.0, 12.0 ,  2.0,     ,  0.0,     ,  1.0, 0.0, 122.0,   21.0,   3.0,   5.0,     8.0,    22.0, 7.0    ,     2.0,        ,     0.0,        ,     0.0,    43.0
jonssto01, 1984,     1, NYI , NHL , D  , 69.0, 16.0,  34.0,  50.0,  58.0, -1.0 ,  8.0,     ,  0.0,     ,  4.0, 1.0, 128.0,    7.0,   1.0,   2.0,     3.0,    10.0, 2.0    ,     1.0,        ,     0.0,        ,     0.0,    11.0
jonssto01, 1985,     1, NYI , NHL , D  , 77.0, 14.0,  30.0,  44.0,  62.0, 16.0 ,  5.0,     ,  1.0,     ,  1.0, 0.0, 119.0,    3.0,   0.0,   1.0,     1.0,     4.0, -2.0   ,     0.0,        ,     0.0,        ,     0.0,     6.0
jonssto01, 1986,     1, NYI , NHL , D  , 47.0,  6.0,  25.0,  31.0,  36.0, -8.0 ,  1.0,     ,  1.0,     ,  0.0, 0.0,  99.0,   10.0,   1.0,   4.0,     5.0,     6.0, 2.0    ,     1.0,        ,     0.0,        ,     0.0,    10.0
jonssto01, 1987,     1, NYI , NHL , D  , 72.0,  6.0,  41.0,  47.0, 115.0, 6.0  ,  1.0, 27.0,  0.0,  2.0,  1.0, 0.0, 121.0,    5.0,   2.0,   2.0,     4.0,    10.0, -3.0   ,     1.0,     0.0,     0.0,     0.0,     0.0,    18.0
jonssto01, 1988,     1, NYI , NHL , D  , 53.0,  9.0,  23.0,  32.0,  34.0, -13.0,  4.0,     ,  1.0,  0.0,  1.0, 0.0, 103.0,       ,      ,      ,        ,        ,        ,        ,        ,        ,        ,        ,      
jonssto01, 1988,     2, EDM , NHL , D  , 20.0,  1.0,  10.0,  11.0,  22.0, -12.0,  1.0,     ,  0.0,  0.0,  0.0, 0.0,  46.0,    4.0,   2.0,   0.0,     2.0,     6.0, 1.0    ,     2.0,     0.0,     0.0,     0.0,     0.0,     6.0
joppvi01 , 1912,     1, TBS , NHA ,    ,  2.0,  0.0,   0.0,   0.0,   0.0,      ,     ,     ,     ,     ,     ,    ,      ,       ,      ,      ,        ,        ,        ,        ,        ,        ,        ,        ,      
jordahe01, 1909,     1, REN , NHA ,    ,  6.0,  9.0,   0.0,   9.0,   0.0,      ,     ,     ,     ,     ,     ,    ,      ,       ,      ,      ,        ,        ,        ,        ,        ,        ,        ,        ,      
jordari01, 1972,     1, NEW , WHA , D  , 34.0,  1.0,   5.0,   6.0,  12.0,      ,  0.0,     ,  0.0,     ,     ,    ,      ,    4.0,   0.0,   0.0,     0.0,     0.0,        ,     0.0,        ,     0.0,        ,     0.0,      
jordari01, 1973,     1, NEW , WHA , D  , 34.0,  0.0,   3.0,   3.0,  14.0,      ,  0.0,     ,  0.0,     ,  0.0,    ,      ,    7.0,   0.0,   0.0,     0.0,     6.0,        ,        ,        ,        ,        ,     0.0,      
jordari01, 1974,     1, QUN , WHA , D  , 56.0,  6.0,   8.0,  14.0,  75.0, -26.0,  0.0,     ,  0.0,     ,     ,    ,  79.0,    6.0,   0.0,   0.0,     0.0,     8.0,        ,     0.0,        ,     0.0,        ,     0.0,      
jordari01, 1975,     1, QUN , WHA , D  , 54.0,  4.0,   7.0,  11.0,  75.0, 5.0  ,  0.0,     ,  0.0,     ,  2.0,    ,  49.0,       ,      ,      ,        ,        ,        ,        ,        ,        ,        ,        ,      
jordari01, 1976,     1, CAC , WHA , D  ,  5.0,  0.0,   0.0,   0.0,   4.0, -9.0 ,  0.0,     ,  0.0,     ,  0.0,    ,   3.0,       ,      ,      ,        ,        ,        ,        ,        ,        ,        ,        ,      
josepch01, 1987,     1, PIT , NHL , D  , 17.0,  0.0,   4.0,   4.0,  12.0, 2.0  ,  0.0,     ,  0.0,  0.0,  0.0, 0.0,  13.0,       ,      ,      ,        ,        ,        ,        ,        ,        ,        ,        ,      
josepch01, 1987,     2, EDM , NHL , D  ,  7.0,  0.0,   4.0,   4.0,   6.0, -3.0 ,  0.0,     ,  0.0,  0.0,  0.0, 0.0,   1.0,       ,      ,      ,        ,        ,        ,        ,        ,        ,        ,        ,      
josepch01, 1988,     1, EDM , NHL , D  , 44.0,  4.0,   5.0,   9.0,  54.0, -9.0 ,  0.0,  0.0,  0.0,  1.0,  0.0, 0.0,  36.0,       ,      ,      ,        ,        ,        ,        ,        ,        ,        ,        ,      
josepch01, 1989,     1, EDM , NHL , D  ,  4.0,  0.0,   2.0,   2.0,   2.0, -2.0 ,  0.0,  2.0,  0.0,  0.0,  0.0, 0.0,   5.0,       ,      ,      ,        ,        ,        ,        ,        ,        ,        ,        ,      
josepch01, 1990,     1, EDM , NHL , D  , 49.0,  5.0,  17.0,  22.0,  59.0, 3.0  ,  2.0,  6.0,  0.0,  0.0,  0.0, 0.0,  74.0,       ,      ,      ,        ,        ,        ,        ,        ,        ,        ,        ,      
josepch01, 1991,     1, EDM , NHL , D  ,  7.0,  0.0,   0.0,   0.0,   8.0, -1.0 ,  0.0,  0.0,  0.0,  0.0,  0.0, 0.0,   5.0,    5.0,   1.0,   3.0,     4.0,     2.0, 2.0    ,     0.0,     0.0,     0.0,     0.0,     0.0,     6.0
josepch01, 1992,     1, EDM , NHL , D  , 33.0,  2.0,  10.0,  12.0,  48.0, -9.0 ,  1.0,  5.0,  0.0,  0.0,  0.0, 0.0,  49.0,       ,      ,      ,        ,        ,        ,        ,        ,        ,        ,        ,      
josepch01, 1993,     1, EDM , NHL , D  , 10.0,  1.0,   1.0,   2.0,  28.0, -8.0 ,  1.0,  1.0,  0.0,  0.0,  0.0, 0.0,  25.0,       ,      ,      ,        ,        ,        ,        ,        ,        ,        ,        ,      
josepch01, 1993,     2, TBL , NHL , D  , 66.0, 10.0,  19.0,  29.0, 108.0, -13.0,  7.0,  9.0,  0.0,  0.0,  0.0, 0.0, 154.0,       ,      ,      ,        ,        ,        ,        ,        ,        ,        ,        ,      
josepch01, 1994,     1, PIT , NHL , D  , 33.0,  5.0,  10.0,  15.0,  46.0, 3.0  ,  3.0,  2.0,  0.0,  0.0,  0.0, 0.0,  73.0,   10.0,   1.0,   1.0,     2.0,    12.0, -4.0   ,     0.0,     1.0,     0.0,     0.0,     0.0,    13.0
josepch01, 1995,     1, PIT , NHL , D  , 70.0,  5.0,  14.0,  19.0,  71.0, 6.0  ,  0.0,  3.0,  0.0,  1.0,  1.0, 0.0,  94.0,   15.0,   1.0,   0.0,     1.0,     8.0, 1.0    ,     0.0,     0.0,     0.0,     0.0,     0.0,    15.0
josepch01, 1996,     1, VAN , NHL , D  , 63.0,  3.0,  13.0,  16.0,  62.0, -21.0,  2.0,  8.0,  0.0,  0.0,  1.0, 0.0,  99.0,       ,      ,      ,        ,        ,        ,        ,        ,        ,        ,        ,      
josepch01, 1997,     1, PHI , NHL , D  , 15.0,  1.0,   0.0,   1.0,  19.0, 1.0  ,  0.0,  0.0,  0.0,  0.0,  1.0, 0.0,  20.0,    1.0,   0.0,   0.0,     0.0,     2.0, 0.0    ,     0.0,     0.0,     0.0,     0.0,     0.0,     2.0
josepch01, 1998,     1, PHI , NHL , D  ,  2.0,  0.0,   0.0,   0.0,   2.0, 0.0  ,  0.0,  0.0,  0.0,  0.0,  0.0, 0.0,   1.0,       ,      ,      ,        ,        ,        ,        ,        ,        ,        ,        ,      
josepch01, 1999,     1, VAN , NHL , D  , 38.0,  2.0,   9.0,  11.0,   6.0, -4.0 ,  1.0,  2.0,  0.0,  0.0,  0.0, 0.0,  73.0,       ,      ,      ,        ,        ,        ,        ,        ,        ,        ,        ,      
josepch01, 1999,     2, PHO , NHL , D  ,  9.0,  0.0,   0.0,   0.0,   0.0, -5.0 ,  0.0,  0.0,  0.0,  0.0,  0.0, 0.0,  13.0,       ,      ,      ,        ,        ,        ,        ,        ,        ,        ,        ,      
josepch01, 2000,     1, PHO , NHL , D  , 24.0,  1.0,   1.0,   2.0,  16.0, -4.0 ,  0.0,  0.0,  1.0,  0.0,  0.0, 0.0,  33.0,       ,      ,      ,        ,        ,        ,        ,        ,        ,        ,        ,      
josepch01, 2000,     2, ATL , NHL , D  , 19.0,  0.0,   3.0,   3.0,  20.0, -7.0 ,  0.0,  1.0,  0.0,  0.0,  0.0, 0.0,  25.0,       ,      ,      ,        ,        ,        ,        ,        ,        ,        ,        ,      
josepcu01, 1989,     1, STL , NHL , G  , 15.0,  0.0,   1.0,   1.0,   0.0, 0.0  ,  0.0,     ,  0.0,     ,  0.0, 0.0,   0.0,    6.0,   0.0,   0.0,     0.0,     2.0, 0.0    ,     0.0,     0.0,     0.0,     0.0,     0.0,     0.0
josepcu01, 1990,     1, STL , NHL , G  , 30.0,  0.0,   1.0,   1.0,   0.0, 0.0  ,  0.0,     ,  0.0,     ,  0.0, 0.0,   0.0,       ,      ,      ,        ,        ,        ,        ,        ,        ,        ,        ,      
josepcu01, 1991,     1, STL , NHL , G  , 60.0,  0.0,   9.0,   9.0,  12.0, 0.0  ,  0.0,  1.0,  0.0,  3.0,  0.0, 0.0,   0.0,    6.0,   0.0,   1.0,     1.0,     0.0, 0.0    ,     0.0,     0.0,     0.0,        ,     0.0,     0.0
josepcu01, 1992,     1, STL , NHL , G  , 68.0,  0.0,   2.0,   2.0,   8.0, 0.0  ,  0.0,  0.0,  0.0,  0.0,  0.0, 0.0,   0.0,   11.0,   0.0,   0.0,     0.0,     2.0, 0.0    ,     0.0,     0.0,     0.0,     0.0,     0.0,     0.0
josepcu01, 1993,     1, STL , NHL , G  , 71.0,  0.0,   3.0,   3.0,   4.0, 0.0  ,  0.0,  1.0,  0.0,  1.0,  0.0, 0.0,   0.0,    4.0,   0.0,   0.0,     0.0,     0.0, 0.0    ,     0.0,     0.0,     0.0,     0.0,     0.0,     0.0
josepcu01, 1994,     1, STL , NHL , G  , 36.0,  0.0,   1.0,   1.0,   0.0, 0.0  ,  0.0,  1.0,  0.0,  0.0,  0.0, 0.0,   0.0,    7.0,   0.0,   1.0,     1.0,     0.0, 0.0    ,     0.0,     0.0,     0.0,     0.0,     0.0,     0.0
josepcu01, 1995,     1, EDM , NHL , G  , 34.0,  0.0,   1.0,   1.0,   4.0, 0.0  ,  0.0,  0.0,  0.0,  1.0,  0.0, 0.0,   1.0,       ,      ,      ,        ,        ,        ,        ,        ,        ,        ,        ,      
josepcu01, 1996,     1, EDM , NHL , G  , 72.0,  0.0,   2.0,   2.0,  20.0, 0.0  ,  0.0,  0.0,  0.0,  1.0,  0.0, 0.0,   0.0,   12.0,   0.0,   0.0,     0.0,     2.0, 0.0    ,     0.0,     0.0,     0.0,     0.0,     0.0,     0.0
josepcu01, 1997,     1, EDM , NHL , G  , 71.0,  0.0,   2.0,   2.0,   4.0, 0.0  ,  0.0,  0.0,  0.0,  1.0,  0.0, 0.0,   0.0,   12.0,   0.0,   0.0,     0.0,     2.0, 0.0    ,     0.0,     0.0,     0.0,     0.0,     0.0,     0.0
josepcu01, 1998,     1, TOR , NHL , G  , 67.0,  0.0,   5.0,   5.0,   6.0, 0.0  ,  0.0,  1.0,  0.0,  1.0,  0.0, 0.0,   0.0,   17.0,   0.0,   0.0,     0.0,     2.0, 0.0    ,     0.0,     0.0,     0.0,     0.0,     0.0,     0.0
josepcu01, 1999,     1, TOR , NHL , G  , 63.0,  0.0,   1.0,   1.0,  14.0, 0.0  ,  0.0,  0.0,  0.0,  0.0,  0.0, 0.0,   1.0,   12.0,   0.0,   0.0,     0.0,    10.0, 0.0    ,     0.0,     0.0,     0.0,     0.0,     0.0,     0.0
josepcu01, 2000,     1, TOR , NHL , G  , 68.0,  0.0,   1.0,   1.0,   8.0, 0.0  ,  0.0,  0.0,  0.0,  0.0,  0.0, 0.0,   0.0,   11.0,   0.0,   0.0,     0.0,     4.0, 0.0    ,     0.0,     0.0,     0.0,     0.0,     0.0,     0.0
josepcu01, 2001,     1, TOR , NHL , G  , 51.0,  0.0,   1.0,   1.0,  10.0, 0.0  ,  0.0,  0.0,  0.0,  0.0,  0.0, 0.0,   0.0,   20.0,   0.0,   0.0,     0.0,     4.0, 0.0    ,     0.0,     0.0,     0.0,     0.0,     0.0,     0.0
josepcu01, 2002,     1, DET , NHL , G  , 61.0,  0.0,   0.0,   0.0,   4.0, 0.0  ,  0.0,  0.0,  0.0,  0.0,  0.0, 0.0,   0.0,    4.0,   0.0,   0.0,     0.0,     0.0, 0.0    ,     0.0,     0.0,     0.0,     0.0,     0.0,     0.0
josepcu01, 2003,     1, DET , NHL , G  , 31.0,  0.0,   0.0,   0.0,   2.0, 0.0  ,  0.0,  0.0,  0.0,  0.0,  0.0, 0.0,   0.0,    9.0,   0.0,   0.0,     0.0,     2.0, 0.0    ,     0.0,     0.0,     0.0,     0.0,     0.0,     0.0
josepcu01, 2005,     1, PHO , NHL , G  , 60.0,  0.0,   1.0,   1.0,  18.0, 0.0  ,  0.0,  0.0,  0.0,  0.0,  0.0,    ,   0.0,       ,      ,      ,        ,        ,        ,        ,        ,        ,        ,        ,      
josepcu01, 2006,     1, PHO , NHL , G  , 55.0,  0.0,   0.0,   0.0,  10.0, 0.0  ,  0.0,  0.0,  0.0,  0.0,  0.0,    ,   0.0,       ,      ,      ,        ,        ,        ,        ,        ,        ,        ,        ,      
josepcu01, 2007,     1, CAL , NHL , G  ,  9.0,  0.0,   0.0,   0.0,   2.0, 0.0  ,  0.0,  0.0,  0.0,  0.0,  0.0,    ,   0.0,    2.0,   0.0,   0.0,     0.0,     0.0, 0.0    ,     0.0,     0.0,     0.0,     0.0,     0.0,     0.0
josepcu01, 2008,     1, TOR , NHL , G  , 21.0,  0.0,   0.0,   0.0,   0.0, 0.0  ,  0.0,  0.0,  0.0,  0.0,  0.0,    ,   0.0,       ,      ,      ,        ,        ,        ,        ,        ,        ,        ,        ,      
josepto01, 1988,     1, WIN , NHL , R  ,  2.0,  1.0,   0.0,   1.0,   0.0, 1.0  ,  0.0,  0.0,  0.0,  0.0,  0.0, 0.0,   4.0,       ,      ,      ,        ,        ,        ,        ,        ,        ,        ,        ,      
joslide01, 2008,     1, SJS , NHL , D  , 12.0,  0.0,   0.0,   0.0,   6.0, -3.0 ,  0.0,  0.0,  0.0,  0.0,  0.0,    ,   9.0,       ,      ,      ,        ,        ,        ,        ,        ,        ,        ,        ,      
joslide01, 2009,     1, SJS , NHL , D  , 24.0,  0.0,   3.0,   3.0,  12.0, 1.0  ,  0.0,  0.0,  0.0,  2.0,  0.0,    ,  19.0,       ,      ,      ,        ,        ,        ,        ,        ,        ,        ,        ,      
jovaned01, 1995,     1, FLO , NHL , D  , 70.0, 10.0,  11.0,  21.0, 137.0, -3.0 ,  2.0,  3.0,  0.0,  0.0,  2.0, 0.0, 116.0,   22.0,   1.0,   8.0,     9.0,    52.0, 2.0    ,     0.0,     3.0,     0.0,     0.0,     0.0,    51.0
jovaned01, 1996,     1, FLO , NHL , D  , 61.0,  7.0,  16.0,  23.0, 172.0, -1.0 ,  3.0,  5.0,  0.0,  0.0,  1.0, 0.0,  80.0,    5.0,   0.0,   0.0,     0.0,     4.0, -4.0   ,     0.0,     0.0,     0.0,     0.0,     0.0,     7.0
jovaned01, 1997,     1, FLO , NHL , D  , 81.0,  9.0,  14.0,  23.0, 158.0, -12.0,  2.0,  5.0,  1.0,  0.0,  3.0, 1.0, 142.0,       ,      ,      ,        ,        ,        ,        ,        ,        ,        ,        ,      
jovaned01, 1998,     1, FLO , NHL , D  , 41.0,  3.0,  13.0,  16.0,  82.0, -4.0 ,  1.0,  5.0,  0.0,  1.0,  1.0, 0.0,  68.0,       ,      ,      ,        ,        ,        ,        ,        ,        ,        ,        ,      
jovaned01, 1998,     2, VAN , NHL , D  , 31.0,  2.0,   9.0,  11.0,  44.0, -5.0 ,  0.0,  1.0,  0.0,  0.0,  0.0, 0.0,  41.0,       ,      ,      ,        ,        ,        ,        ,        ,        ,        ,        ,      
jovaned01, 1999,     1, VAN , NHL , D  , 75.0,  5.0,  21.0,  26.0,  54.0, -3.0 ,  1.0,  1.0,  0.0,  4.0,  1.0, 0.0, 109.0,       ,      ,      ,        ,        ,        ,        ,        ,        ,        ,        ,      
jovaned01, 2000,     1, VAN , NHL , D  , 79.0, 12.0,  35.0,  47.0, 102.0, -1.0 ,  4.0, 19.0,  0.0,  1.0,  2.0, 2.0, 193.0,    4.0,   1.0,   1.0,     2.0,     0.0, -5.0   ,     0.0,     1.0,     0.0,     0.0,     0.0,    10.0
jovaned01, 2001,     1, VAN , NHL , D  , 82.0, 17.0,  31.0,  48.0, 101.0, -7.0 ,  7.0, 18.0,  1.0,  0.0,  3.0, 1.0, 202.0,    6.0,   1.0,   4.0,     5.0,     8.0, 1.0    ,     1.0,     1.0,     0.0,     0.0,     0.0,    10.0
jovaned01, 2002,     1, VAN , NHL , D  , 67.0,  6.0,  40.0,  46.0, 113.0, 19.0 ,  2.0, 22.0,  0.0,  1.0,  1.0, 1.0, 145.0,   14.0,   7.0,   1.0,     8.0,    22.0, -5.0   ,     4.0,     1.0,     1.0,     0.0,     2.0,    37.0
jovaned01, 2003,     1, VAN , NHL , D  , 56.0,  7.0,  16.0,  23.0,  64.0, 2.0  ,  2.0,  4.0,  0.0,  0.0,  1.0, 1.0, 143.0,    7.0,   0.0,   4.0,     4.0,     6.0, 2.0    ,     0.0,     3.0,     0.0,     0.0,     0.0,    17.0
jovaned01, 2005,     1, VAN , NHL , D  , 44.0,  8.0,  25.0,  33.0,  58.0, -8.0 ,  6.0, 13.0,  0.0,  0.0,  2.0,    ,  87.0,       ,      ,      ,        ,        ,        ,        ,        ,        ,        ,        ,      
jovaned01, 2006,     1, PHO , NHL , D  , 54.0, 11.0,  18.0,  29.0,  63.0, -6.0 ,  6.0,  8.0,  0.0,  1.0,  1.0,    , 135.0,       ,      ,      ,        ,        ,        ,        ,        ,        ,        ,        ,      
jovaned01, 2007,     1, PHO , NHL , D  , 80.0, 12.0,  39.0,  51.0,  73.0, -13.0,  8.0, 19.0,  0.0,  1.0,  2.0,    , 240.0,       ,      ,      ,        ,        ,        ,        ,        ,        ,        ,        ,      
jovaned01, 2008,     1, PHO , NHL , D  , 82.0,  9.0,  27.0,  36.0, 106.0, -15.0,  6.0, 12.0,  0.0,  0.0,  3.0,    , 194.0,       ,      ,      ,        ,        ,        ,        ,        ,        ,        ,        ,      
jovaned01, 2009,     1, PHO , NHL , D  , 66.0, 10.0,  24.0,  34.0,  55.0, -12.0,  5.0,  9.0,  0.0,  2.0,  2.0,    , 117.0,    7.0,   1.0,   0.0,     1.0,     4.0, -7.0   ,     0.0,     0.0,     0.0,     0.0,     0.0,     8.0
joyaled01, 1962,     1, DET , NHL , C  , 14.0,  2.0,   8.0,  10.0,   0.0,      ,     ,     ,     ,     ,     ,    ,      ,   11.0,   1.0,   0.0,     1.0,     2.0,        ,        ,        ,        ,        ,     0.0,      
joyaled01, 1963,     1, DET , NHL , C  , 47.0, 10.0,   7.0,  17.0,   6.0,      ,  1.0,     ,  0.0,     ,  2.0, 1.0,      ,   14.0,   2.0,   3.0,     5.0,    10.0,        ,        ,        ,        ,        ,     1.0,      
joyaled01, 1964,     1, DET , NHL , C  , 46.0,  8.0,  14.0,  22.0,   4.0,      ,  0.0,     ,  0.0,     ,  1.0, 0.0,      ,    7.0,   1.0,   1.0,     2.0,     4.0,        ,        ,        ,        ,        ,     0.0,      
joyaled01, 1965,     1, TOR , NHL , C  , 14.0,  0.0,   2.0,   2.0,   2.0,      ,  0.0,     ,  0.0,     ,  0.0, 0.0,      ,       ,      ,      ,        ,        ,        ,        ,        ,        ,        ,        ,      
joyaled01, 1967,     1, LAK , NHL , C  , 74.0, 23.0,  34.0,  57.0,  20.0, -2.0 ,  5.0,     ,  0.0,     ,  3.0, 1.0, 226.0,    7.0,   4.0,   1.0,     5.0,     2.0,        ,     3.0,        ,     0.0,        ,     1.0,      
joyaled01, 1968,     1, LAK , NHL , C  , 73.0, 33.0,  19.0,  52.0,  24.0, -30.0,  9.0,     ,  0.0,     ,  5.0, 3.0, 222.0,   11.0,   3.0,   3.0,     6.0,     0.0,        ,     1.0,        ,     0.0,        ,     0.0,      
joyaled01, 1969,     1, LAK , NHL , C  , 59.0, 18.0,  22.0,  40.0,   8.0, -17.0,  6.0,     ,  1.0,     ,  1.0, 2.0, 173.0,       ,      ,      ,        ,        ,        ,        ,        ,        ,        ,        ,      
joyaled01, 1970,     1, LAK , NHL , C  , 69.0, 20.0,  21.0,  41.0,  14.0, -10.0,  3.0,     ,  0.0,     ,  1.0, 0.0, 168.0,       ,      ,      ,        ,        ,        ,        ,        ,        ,        ,        ,      
joyaled01, 1971,     1, LAK , NHL , C  , 44.0, 11.0,   3.0,  14.0,  17.0, -30.0,  1.0,     ,  0.0,     ,  2.0, 0.0,  70.0,       ,      ,      ,        ,        ,        ,        ,        ,        ,        ,        ,      
joyaled01, 1971,     2, PHI , NHL , C  , 26.0,  3.0,   4.0,   7.0,   8.0, -13.0,  2.0,     ,  0.0,     ,  0.0, 0.0,  41.0,       ,      ,      ,        ,        ,        ,        ,        ,        ,        ,        ,      
joyaled01, 1972,     1, ALB , WHA , C  , 71.0, 22.0,  16.0,  38.0,  16.0,      ,  6.0,     ,  0.0,     ,     ,    ,      ,       ,      ,      ,        ,        ,        ,        ,        ,        ,        ,        ,      
joyaled01, 1973,     1, EDO , WHA , C  , 45.0,  8.0,  10.0,  18.0,   2.0,      ,  0.0,     ,  0.0,     ,  1.0,    ,      ,    5.0,   2.0,   0.0,     2.0,     4.0,        ,        ,        ,        ,        ,     1.0,      
joyaled01, 1974,     1, EDO , WHA , C  , 78.0, 22.0,  25.0,  47.0,   2.0, -10.0,  0.0,     ,  2.0,     ,     ,    , 183.0,       ,      ,      ,        ,        ,        ,        ,        ,        ,        ,        ,      
joyaled01, 1975,     1, EDO , WHA , C  , 45.0,  5.0,   4.0,   9.0,   6.0, -19.0,  0.0,     ,  0.0,     ,  0.0,    ,  53.0,       ,      ,      ,        ,        ,        ,        ,        ,        ,        ,        ,      
joycebo01, 1987,     1, BOS , NHL , L  , 15.0,  7.0,   5.0,  12.0,  10.0, 4.0  ,  2.0,  2.0,  0.0,  0.0,  0.0, 0.0,  30.0,   23.0,   8.0,   6.0,    14.0,    18.0, -2.0   ,     3.0,     3.0,     0.0,     0.0,     1.0,    56.0
joycebo01, 1988,     1, BOS , NHL , L  , 77.0, 18.0,  31.0,  49.0,  46.0, 8.0  ,  7.0,  7.0,  0.0,  0.0,  3.0, 0.0, 142.0,    9.0,   5.0,   2.0,     7.0,     2.0, 0.0    ,     0.0,     0.0,     0.0,     0.0,     0.0,    13.0
joycebo01, 1989,     1, BOS , NHL , L  , 23.0,  1.0,   2.0,   3.0,  22.0, -8.0 ,  0.0,     ,  0.0,  0.0,  0.0, 0.0,  32.0,       ,      ,      ,        ,        ,        ,        ,        ,        ,        ,        ,      
joycebo01, 1989,     2, WAS , NHL , L  , 24.0,  5.0,   8.0,  13.0,   4.0, 2.0  ,  1.0,     ,  0.0,  0.0,  1.0, 0.0,  30.0,   14.0,   2.0,   1.0,     3.0,     9.0, 0.0    ,     0.0,     1.0,     0.0,     0.0,     0.0,    26.0
joycebo01, 1990,     1, WAS , NHL , L  , 17.0,  3.0,   3.0,   6.0,   8.0, 3.0  ,  0.0,  0.0,  0.0,  0.0,  1.0, 0.0,  30.0,       ,      ,      ,        ,        ,        ,        ,        ,        ,        ,        ,      
joycebo01, 1991,     1, WIN , NHL , L  ,  1.0,  0.0,   0.0,   0.0,   0.0, 0.0  ,  0.0,  0.0,  0.0,  0.0,  0.0, 0.0,   0.0,       ,      ,      ,        ,        ,        ,        ,        ,        ,        ,        ,      
joycebo01, 1992,     1, WIN , NHL , L  ,  1.0,  0.0,   0.0,   0.0,   0.0, 0.0  ,  0.0,  0.0,  0.0,  0.0,  0.0, 0.0,   0.0,       ,      ,      ,        ,        ,        ,        ,        ,        ,        ,        ,      
joycedu01, 1993,     1, DAL , NHL , D  ,  3.0,  0.0,   0.0,   0.0,   0.0, 0.0  ,  0.0,  0.0,  0.0,  0.0,  0.0, 0.0,   1.0,       ,      ,      ,        ,        ,        ,        ,        ,        ,        ,        ,      
juckebi01, 1947,     1, NYR , NHL , L  ,  2.0,  0.0,   0.0,   0.0,   0.0,      ,     ,     ,     ,     ,     ,    ,      ,       ,      ,      ,        ,        ,        ,        ,        ,        ,        ,        ,      
juckebi01, 1949,     1, NYR , NHL , L  , 14.0,  2.0,   1.0,   3.0,   6.0,      ,     ,     ,     ,     ,     ,    ,      ,       ,      ,      ,        ,        ,        ,        ,        ,        ,        ,        ,      
juhlipa01, 1994,     1, PHI , NHL , R  , 42.0,  4.0,   3.0,   7.0,   6.0, -13.0,  0.0,  1.0,  0.0,  0.0,  1.0, 0.0,  44.0,   13.0,   1.0,   0.0,     1.0,     2.0, -1.0   ,     0.0,     0.0,     0.0,     0.0,     0.0,    14.0
juhlipa01, 1995,     1, PHI , NHL , R  , 14.0,  3.0,   3.0,   6.0,  17.0, 4.0  ,  1.0,  0.0,  0.0,  0.0,  0.0, 0.0,  14.0,       ,      ,      ,        ,        ,        ,        ,        ,        ,        ,        ,      
juliecl01, 1984,     1, QUE , NHL , D  ,  1.0,  0.0,   0.0,   0.0,   0.0, 0.0  ,  0.0,     ,  0.0,     ,  0.0, 0.0,   0.0,       ,      ,      ,        ,        ,        ,        ,        ,        ,        ,        ,      
juliecl01, 1985,     1, QUE , NHL , D  , 13.0,  0.0,   1.0,   1.0,  25.0, 2.0  ,  0.0,     ,  0.0,     ,  0.0, 0.0,   4.0,       ,      ,      ,        ,        ,        ,        ,        ,        ,        ,        ,      
juneajo01, 1991,     1, BOS , NHL , C  , 14.0,  5.0,  14.0,  19.0,   4.0, 6.0  ,  2.0,  8.0,  0.0,  0.0,  0.0, 0.0,  38.0,   15.0,   4.0,   8.0,    12.0,    21.0, -3.0   ,     2.0,     3.0,     0.0,     0.0,     0.0,    29.0
juneajo01, 1992,     1, BOS , NHL , L  , 84.0, 32.0,  70.0, 102.0,  33.0, 23.0 ,  9.0, 28.0,  0.0,  0.0,  3.0, 0.0, 229.0,    4.0,   2.0,   4.0,     6.0,     6.0, -1.0   ,     2.0,     1.0,     0.0,     0.0,     0.0,     7.0
juneajo01, 1993,     1, BOS , NHL , C  , 63.0, 14.0,  58.0,  72.0,  35.0, 11.0 ,  4.0, 24.0,  0.0,  0.0,  2.0, 1.0, 142.0,       ,      ,      ,        ,        ,        ,        ,        ,        ,        ,        ,      
juneajo01, 1993,     2, WAS , NHL , C  , 11.0,  5.0,   8.0,  13.0,   6.0, 0.0  ,  2.0,  4.0,  0.0,  0.0,  0.0, 0.0,  22.0,   11.0,   4.0,   5.0,     9.0,     6.0, -2.0   ,     2.0,     1.0,     0.0,     0.0,     1.0,    25.0
juneajo01, 1994,     1, WAS , NHL , C  , 44.0,  5.0,  38.0,  43.0,   8.0, -1.0 ,  3.0, 22.0,  0.0,  1.0,  0.0, 1.0,  70.0,    7.0,   2.0,   6.0,     8.0,     2.0, -2.0   ,     0.0,     3.0,     0.0,     0.0,     0.0,    16.0
juneajo01, 1995,     1, WAS , NHL , C  , 80.0, 14.0,  50.0,  64.0,  30.0, -3.0 ,  7.0, 21.0,  2.0,  0.0,  2.0, 0.0, 176.0,    5.0,   0.0,   7.0,     7.0,     6.0, -4.0   ,     0.0,     4.0,     0.0,     0.0,     0.0,    20.0
juneajo01, 1996,     1, WAS , NHL , L  , 58.0, 15.0,  27.0,  42.0,   8.0, -11.0,  9.0,  9.0,  1.0,  0.0,  3.0, 0.0, 124.0,       ,      ,      ,        ,        ,        ,        ,        ,        ,        ,        ,      
juneajo01, 1997,     1, WAS , NHL , C  , 56.0,  9.0,  22.0,  31.0,  26.0, -8.0 ,  4.0,  8.0,  1.0,  1.0,  1.0, 0.0,  87.0,   21.0,   7.0,  10.0,    17.0,     8.0, 6.0    ,     1.0,     3.0,     1.0,     1.0,     4.0,    54.0
juneajo01, 1998,     1, WAS , NHL , C  , 63.0, 14.0,  27.0,  41.0,  20.0, -3.0 ,  2.0, 11.0,  1.0,  0.0,  3.0, 0.0, 142.0,       ,      ,      ,        ,        ,        ,        ,        ,        ,        ,        ,      
juneajo01, 1998,     2, BUF , NHL , C  ,  9.0,  1.0,   1.0,   2.0,   2.0, -1.0 ,  0.0,  1.0,  0.0,  0.0,  0.0, 0.0,   8.0,   20.0,   3.0,   8.0,    11.0,    10.0, -2.0   ,     0.0,     4.0,     1.0,     1.0,     0.0,    29.0
juneajo01, 1999,     1, OTT , NHL , C  , 65.0, 13.0,  24.0,  37.0,  22.0, 3.0  ,  2.0,  6.0,  0.0,  0.0,  2.0, 0.0, 126.0,    6.0,   2.0,   1.0,     3.0,     0.0, -1.0   ,     0.0,     0.0,     0.0,     0.0,     0.0,    13.0
juneajo01, 2000,     1, PHO , NHL , L  , 69.0, 10.0,  23.0,  33.0,  28.0, -2.0 ,  5.0, 10.0,  0.0,  0.0,  3.0, 1.0, 100.0,       ,      ,      ,        ,        ,        ,        ,        ,        ,        ,        ,      
juneajo01, 2001,     1, MTL , NHL , C  , 70.0,  8.0,  28.0,  36.0,  10.0, -3.0 ,  1.0,  5.0,  0.0,  2.0,  1.0, 1.0,  96.0,   12.0,   1.0,   4.0,     5.0,     6.0, -6.0   ,     0.0,     3.0,     0.0,     0.0,     0.0,    18.0
juneajo01, 2002,     1, MTL , NHL , C  , 72.0,  6.0,  16.0,  22.0,  20.0, -10.0,  0.0,  0.0,  0.0,  0.0,  2.0, 0.0,  88.0,       ,      ,      ,        ,        ,        ,        ,        ,        ,        ,        ,      
juneajo01, 2003,     1, MTL , NHL , C  , 70.0,  5.0,  10.0,  15.0,  20.0, -4.0 ,  2.0,  1.0,  1.0,  1.0,  1.0, 0.0,  76.0,   11.0,   0.0,   1.0,     1.0,     4.0, -2.0   ,     0.0,     0.0,     0.0,     0.0,     0.0,    10.0
junkest01, 1992,     1, NYI , NHL , L  ,     ,     ,      ,      ,      ,      ,     ,     ,     ,     ,     ,    ,      ,    3.0,   0.0,   1.0,     1.0,     0.0, 1.0    ,     0.0,     0.0,     0.0,     0.0,     0.0,     0.0
junkest01, 1993,     1, NYI , NHL , R  ,  5.0,  0.0,   0.0,   0.0,   0.0, 0.0  ,  0.0,  0.0,  0.0,  0.0,  0.0, 0.0,   2.0,       ,      ,      ,        ,        ,        ,        ,        ,        ,        ,        ,      
junkijo01, 1968,     1, BOS , NHL , G  ,  1.0,  0.0,   0.0,   0.0,   0.0, 0.0  ,  0.0,     ,  0.0,     ,  0.0, 0.0,   0.0,       ,      ,      ,        ,        ,        ,        ,        ,        ,        ,        ,      
junkijo01, 1973,     1, NYJ , WHA , G  , 53.0,  0.0,   1.0,   1.0,   7.0,      ,  0.0,     ,  0.0,     ,  0.0,    ,      ,       ,      ,      ,        ,        ,        ,        ,        ,        ,        ,        ,      
junkijo01, 1974,     1, SDM , WHA , G  , 16.0,  0.0,   1.0,   1.0,   2.0,      ,  0.0,     ,  0.0,     ,  0.0,    ,   0.0,       ,      ,      ,        ,        ,        ,        ,        ,        ,        ,        ,      
junlajo01, 2008,     1, STL , NHL , D  ,  1.0,  0.0,   0.0,   0.0,   2.0, 0.0  ,  0.0,  0.0,  0.0,  0.0,  0.0,    ,   0.0,       ,      ,      ,        ,        ,        ,        ,        ,        ,        ,        ,      
junlajo01, 2009,     1, STL , NHL , D  ,  3.0,  0.0,   2.0,   2.0,   0.0, -3.0 ,  0.0,  1.0,  0.0,  0.0,  0.0,    ,   7.0,       ,      ,      ,        ,        ,        ,        ,        ,        ,        ,        ,      
jurcimi01, 2005,     1, BOS , NHL , D  , 51.0,  6.0,   5.0,  11.0,  54.0, 3.0  ,  2.0,  0.0,  0.0,  0.0,  0.0,    ,  64.0,       ,      ,      ,        ,        ,        ,        ,        ,        ,        ,        ,      
jurcimi01, 2006,     1, BOS , NHL , D  , 40.0,  2.0,   1.0,   3.0,  20.0, -5.0 ,  0.0,  0.0,  0.0,  0.0,  1.0,    ,  29.0,       ,      ,      ,        ,        ,        ,        ,        ,        ,        ,        ,      
jurcimi01, 2006,     2, WAS , NHL , D  , 30.0,  2.0,   7.0,   9.0,  24.0, 5.0  ,  0.0,  1.0,  0.0,  0.0,  0.0,    ,  42.0,       ,      ,      ,        ,        ,        ,        ,        ,        ,        ,        ,      
jurcimi01, 2007,     1, WAS , NHL , D  , 75.0,  1.0,   8.0,   9.0,  30.0, 4.0  ,  1.0,  0.0,  0.0,  0.0,  0.0,    ,  58.0,    7.0,   0.0,   0.0,     0.0,     6.0, 1.0    ,     0.0,     0.0,     0.0,     0.0,     0.0,     3.0
jurcimi01, 2008,     1, WAS , NHL , D  , 79.0,  3.0,  11.0,  14.0,  68.0, 1.0  ,  0.0,  1.0,  0.0,  0.0,  1.0,    ,  95.0,   14.0,   2.0,   0.0,     2.0,    12.0, 6.0    ,     0.0,     0.0,     1.0,     0.0,     0.0,    10.0
jurcimi01, 2009,     1, WAS , NHL , D  , 27.0,  0.0,   4.0,   4.0,  14.0, 0.0  ,  0.0,  0.0,  0.0,  0.0,  0.0,    ,  32.0,       ,      ,      ,        ,        ,        ,        ,        ,        ,        ,        ,      
jurcimi01, 2009,     2, CBS , NHL , D  , 17.0,  1.0,   2.0,   3.0,  10.0, 2.0  ,  0.0,  0.0,  0.0,  0.0,  1.0,    ,  17.0,       ,      ,      ,        ,        ,        ,        ,        ,        ,        ,        ,      
justida01, 1975,     1, CIN , WHA , D  , 17.0,  0.0,   0.0,   0.0,   2.0, -10.0,  0.0,     ,  0.0,     ,  0.0,    ,  19.0,       ,      ,      ,        ,        ,        ,        ,        ,        ,        ,        ,      
justida01, 1976,     1, CIN , WHA , D  ,  6.0,  0.0,   2.0,   2.0,   4.0, 3.0  ,  0.0,     ,  0.0,     ,  0.0,    ,   5.0,       ,      ,      ,        ,        ,        ,        ,        ,        ,        ,        ,      
jutilti01, 1984,     1, BUF , NHL , D  , 10.0,  1.0,   5.0,   6.0,  13.0, -5.0 ,  1.0,     ,  0.0,     ,  0.0, 0.0,  28.0,       ,      ,      ,        ,        ,        ,        ,        ,        ,        ,        ,      
juzdabi01, 1940,     1, NYR , NHL , D  ,  5.0,  0.0,   0.0,   0.0,   2.0,      ,     ,     ,     ,     ,     ,    ,      ,       ,      ,      ,        ,        ,        ,        ,        ,        ,        ,        ,      
juzdabi01, 1941,     1, NYR , NHL , D  , 45.0,  4.0,   8.0,  12.0,  29.0,      ,     ,     ,     ,     ,     ,    ,      ,    6.0,   0.0,   1.0,     1.0,     4.0,        ,        ,        ,        ,        ,        ,      
juzdabi01, 1945,     1, NYR , NHL , D  , 32.0,  1.0,   3.0,   4.0,  17.0,      ,     ,     ,     ,     ,     ,    ,      ,       ,      ,      ,        ,        ,        ,        ,        ,        ,        ,        ,      
juzdabi01, 1946,     1, NYR , NHL , D  , 45.0,  3.0,   5.0,   8.0,  60.0,      ,     ,     ,     ,     ,     ,    ,      ,       ,      ,      ,        ,        ,        ,        ,        ,        ,        ,        ,      
juzdabi01, 1947,     1, NYR , NHL , D  , 60.0,  3.0,   9.0,  12.0,  70.0,      ,     ,     ,     ,     ,     ,    ,      ,    6.0,   0.0,   0.0,     0.0,     9.0,        ,        ,        ,        ,        ,        ,      
juzdabi01, 1948,     1, TOR , NHL , D  , 38.0,  1.0,   2.0,   3.0,  23.0,      ,     ,     ,     ,     ,     ,    ,      ,    9.0,   0.0,   2.0,     2.0,     8.0,        ,        ,        ,        ,        ,        ,      
juzdabi01, 1949,     1, TOR , NHL , D  , 62.0,  1.0,  14.0,  15.0,  68.0,      ,     ,     ,     ,     ,     ,    ,      ,    7.0,   0.0,   0.0,     0.0,    16.0,        ,        ,        ,        ,        ,        ,      
juzdabi01, 1950,     1, TOR , NHL , D  , 65.0,  0.0,   9.0,   9.0,  64.0,      ,     ,     ,     ,     ,     ,    ,      ,   11.0,   0.0,   0.0,     0.0,     7.0,        ,        ,        ,        ,        ,        ,      
juzdabi01, 1951,     1, TOR , NHL , D  , 46.0,  1.0,   4.0,   5.0,  65.0,      ,     ,     ,     ,     ,     ,    ,      ,    3.0,   0.0,   0.0,     0.0,     2.0,        ,        ,        ,        ,        ,        ,      
jyrkkju01, 1978,     1, FIN , WHA ,    ,  1.0,  1.0,   0.0,   1.0,   0.0,      ,  1.0,     ,  0.0,     ,  0.0,    ,      ,       ,      ,      ,        ,        ,        ,        ,        ,        ,        ,        ,      
kaareja01, 1980,     1, COR , NHL , G  ,  5.0,  0.0,   0.0,   0.0,   2.0, 0.0  ,  0.0,     ,  0.0,     ,  0.0, 0.0,   0.0,       ,      ,      ,        ,        ,        ,        ,        ,        ,        ,        ,      
kaarima01, 1978,     1, FIN , WHA ,    ,  1.0,  0.0,   0.0,   0.0,   0.0,      ,  0.0,     ,  0.0,     ,  0.0,    ,      ,       ,      ,      ,        ,        ,        ,        ,        ,        ,        ,        ,      
kabanal01, 1978,     1, SOV , WHA ,    ,  6.0,  3.0,   0.0,   3.0,   0.0,      ,     ,     ,     ,     ,     ,    ,      ,       ,      ,      ,        ,        ,        ,        ,        ,        ,        ,        ,      
kabelbo01, 1959,     1, NYR , NHL , C  , 44.0,  5.0,  11.0,  16.0,  32.0,      ,     ,     ,     ,     ,     ,    ,      ,       ,      ,      ,        ,        ,        ,        ,        ,        ,        ,        ,      
kabelbo01, 1960,     1, NYR , NHL , C  ,  4.0,  0.0,   2.0,   2.0,   2.0,      ,     ,     ,     ,     ,     ,    ,      ,       ,      ,      ,        ,        ,        ,        ,        ,        ,        ,        ,      
kaberfr01, 1999,     1, LAK , NHL , D  , 37.0,  0.0,   9.0,   9.0,   4.0, 3.0  ,  0.0,  6.0,  0.0,  0.0,  0.0, 0.0,  41.0,       ,      ,      ,        ,        ,        ,        ,        ,        ,        ,        ,      
kaberfr01, 1999,     2, ATL , NHL , D  , 14.0,  1.0,   6.0,   7.0,   6.0, -13.0,  0.0,  4.0,  1.0,  0.0,  0.0, 0.0,  35.0,       ,      ,      ,        ,        ,        ,        ,        ,        ,        ,        ,      
kaberfr01, 2000,     1, ATL , NHL , D  , 51.0,  4.0,  11.0,  15.0,  18.0, 11.0 ,  1.0,  4.0,  0.0,  1.0,  1.0, 0.0,  99.0,       ,      ,      ,        ,        ,        ,        ,        ,        ,        ,        ,      
kaberfr01, 2001,     1, ATL , NHL , D  , 61.0,  5.0,  20.0,  25.0,  24.0, -11.0,  1.0,  9.0,  0.0,  0.0,  0.0, 0.0,  82.0,       ,      ,      ,        ,        ,        ,        ,        ,        ,        ,        ,      
kaberfr01, 2002,     1, ATL , NHL , D  , 79.0,  7.0,  19.0,  26.0,  32.0, -19.0,  3.0,  7.0,  1.0,  0.0,  2.0, 0.0, 105.0,       ,      ,      ,        ,        ,        ,        ,        ,        ,        ,        ,      
kaberfr01, 2003,     1, ATL , NHL , D  , 67.0,  3.0,  26.0,  29.0,  30.0, 2.0  ,  2.0, 16.0,  0.0,  0.0,  1.0, 0.0,  94.0,       ,      ,      ,        ,        ,        ,        ,        ,        ,        ,        ,      
kaberfr01, 2005,     1, CAR , NHL , D  , 77.0,  6.0,  38.0,  44.0,  46.0, 8.0  ,  1.0, 16.0,  0.0,  1.0,  3.0,    , 126.0,   25.0,   4.0,   9.0,    13.0,     8.0, -7.0   ,     3.0,     7.0,     0.0,     0.0,     1.0,    35.0
kaberfr01, 2006,     1, CAR , NHL , D  , 27.0,  2.0,   6.0,   8.0,  20.0, 8.0  ,  1.0,  2.0,  0.0,  0.0,  1.0,    ,  33.0,       ,      ,      ,        ,        ,        ,        ,        ,        ,        ,        ,      
kaberfr01, 2007,     1, CAR , NHL , D  , 80.0,  0.0,  22.0,  22.0,  30.0, -4.0 ,  0.0, 10.0,  0.0,  0.0,  0.0,    ,  89.0,       ,      ,      ,        ,        ,        ,        ,        ,        ,        ,        ,      
kaberfr01, 2008,     1, CAR , NHL , D  , 30.0,  1.0,   7.0,   8.0,   8.0, -4.0 ,  1.0,  2.0,  0.0,  0.0,  0.0,    ,  28.0,    7.0,   0.0,   1.0,     1.0,     2.0, 2.0    ,     0.0,     0.0,     0.0,     0.0,     0.0,     7.0
kaberto01, 1998,     1, TOR , NHL , D  , 57.0,  4.0,  18.0,  22.0,  12.0, 3.0  ,  0.0,  5.0,  0.0,  1.0,  2.0, 0.0,  71.0,   14.0,   0.0,   3.0,     3.0,     2.0, 0.0    ,     0.0,     0.0,     0.0,     0.0,     0.0,    14.0
kaberto01, 1999,     1, TOR , NHL , D  , 82.0,  7.0,  33.0,  40.0,  24.0, 3.0  ,  2.0, 13.0,  0.0,  1.0,  0.0, 0.0,  82.0,   12.0,   1.0,   4.0,     5.0,     0.0, 2.0    ,     0.0,     1.0,     0.0,     0.0,     1.0,    11.0
kaberto01, 2000,     1, TOR , NHL , D  , 82.0,  6.0,  39.0,  45.0,  24.0, 10.0 ,  0.0, 17.0,  0.0,  1.0,  1.0, 0.0,  96.0,   11.0,   1.0,   3.0,     4.0,     0.0, 4.0    ,     0.0,     3.0,     0.0,     0.0,     1.0,    17.0
kaberto01, 2001,     1, TOR , NHL , D  , 69.0, 10.0,  29.0,  39.0,   2.0, 5.0  ,  5.0, 15.0,  0.0,  2.0,  3.0, 1.0,  85.0,   20.0,   2.0,   8.0,    10.0,    16.0, 7.0    ,     0.0,     1.0,     0.0,     0.0,     0.0,    29.0
kaberto01, 2002,     1, TOR , NHL , D  , 82.0, 11.0,  36.0,  47.0,  30.0, 20.0 ,  4.0, 15.0,  1.0,  1.0,  2.0, 1.0, 119.0,    7.0,   2.0,   1.0,     3.0,     0.0, -6.0   ,     1.0,     1.0,     0.0,     0.0,     1.0,    11.0
kaberto01, 2003,     1, TOR , NHL , D  , 71.0,  3.0,  28.0,  31.0,  18.0, 16.0 ,  0.0, 10.0,  0.0,  2.0,  1.0, 0.0,  88.0,   13.0,   0.0,   3.0,     3.0,     6.0, 1.0    ,     0.0,     1.0,     0.0,     0.0,     0.0,    14.0
kaberto01, 2005,     1, TOR , NHL , D  , 82.0,  9.0,  58.0,  67.0,  46.0, -1.0 ,  6.0, 45.0,  0.0,  0.0,  2.0,    , 163.0,       ,      ,      ,        ,        ,        ,        ,        ,        ,        ,        ,      
kaberto01, 2006,     1, TOR , NHL , D  , 74.0, 11.0,  47.0,  58.0,  20.0, 3.0  ,  2.0, 28.0,  0.0,  1.0,  1.0,    , 128.0,       ,      ,      ,        ,        ,        ,        ,        ,        ,        ,        ,      
kaberto01, 2007,     1, TOR , NHL , D  , 82.0,  8.0,  45.0,  53.0,  22.0, -8.0 ,  6.0, 24.0,  0.0,  0.0,  1.0,    , 155.0,       ,      ,      ,        ,        ,        ,        ,        ,        ,        ,        ,      
kaberto01, 2008,     1, TOR , NHL , D  , 57.0,  4.0,  27.0,  31.0,   8.0, -8.0 ,  3.0, 16.0,  0.0,  0.0,  1.0,    ,  93.0,       ,      ,      ,        ,        ,        ,        ,        ,        ,        ,        ,      
kaberto01, 2009,     1, TOR , NHL , D  , 82.0,  7.0,  42.0,  49.0,  24.0, -16.0,  3.0, 22.0,  0.0,  1.0,  1.0,    , 158.0,       ,      ,      ,        ,        ,        ,        ,        ,        ,        ,        ,      
kachoma01, 1987,     1, PIT , NHL , L  , 38.0,  5.0,   3.0,   8.0, 126.0, 1.0  ,  0.0,  0.0,  0.0,  0.0,  1.0, 0.0,  21.0,       ,      ,      ,        ,        ,        ,        ,        ,        ,        ,        ,      
kachoma01, 1988,     1, PIT , NHL , L  , 12.0,  1.0,   1.0,   2.0,  43.0, 1.0  ,  0.0,  0.0,  0.0,  0.0,  0.0, 0.0,   3.0,       ,      ,      ,        ,        ,        ,        ,        ,        ,        ,        ,      
kachoma01, 1989,     1, PIT , NHL , L  , 14.0,  0.0,   1.0,   1.0,  40.0, 1.0  ,  0.0,  0.0,  0.0,  0.0,  0.0, 0.0,   4.0,       ,      ,      ,        ,        ,        ,        ,        ,        ,        ,        ,      
kachued01, 1956,     1, CHI , NHL , R  , 34.0,  5.0,   7.0,  12.0,  21.0,      ,     ,     ,     ,     ,     ,    ,      ,       ,      ,      ,        ,        ,        ,        ,        ,        ,        ,        ,      
kachued01, 1957,     1, CHI , NHL , R  , 62.0,  5.0,   7.0,  12.0,  14.0,      ,     ,     ,     ,     ,     ,    ,      ,       ,      ,      ,        ,        ,        ,        ,        ,        ,        ,        ,      
kadrina01, 2009,     1, TOR , NHL , C  ,  1.0,  0.0,   0.0,   0.0,   0.0, -1.0 ,  0.0,  0.0,  0.0,  0.0,  0.0,    ,   0.0,       ,      ,      ,        ,        ,        ,        ,        ,        ,        ,        ,      
kaesetr01, 1988,     1, BUF , NHL , R  ,  1.0,  0.0,   0.0,   0.0,   0.0, 0.0  ,  0.0,  0.0,  0.0,  0.0,  0.0, 0.0,   5.0,       ,      ,      ,        ,        ,        ,        ,        ,        ,        ,        ,      
kaigoal01, 2006,     1, OTT , NHL , C  ,  6.0,  0.0,   1.0,   1.0,   0.0, 1.0  ,  0.0,  0.0,  0.0,  0.0,  0.0,    ,   3.0,       ,      ,      ,        ,        ,        ,        ,        ,        ,        ,        ,      
kaiseve01, 1950,     1, MTL , NHL , L  , 50.0,  7.0,   5.0,  12.0,  33.0,      ,     ,     ,     ,     ,     ,    ,      ,    2.0,   0.0,   0.0,     0.0,     0.0,        ,        ,        ,        ,        ,        ,      
kalbfwa01, 1933,     1, OTS , NHL , D  , 22.0,  0.0,   4.0,   4.0,  20.0,      ,     ,     ,     ,     ,     ,    ,      ,       ,      ,      ,        ,        ,        ,        ,        ,        ,        ,        ,      
kalbfwa01, 1934,     1, STE , NHL , D  ,  3.0,  0.0,   0.0,   0.0,   6.0,      ,     ,     ,     ,     ,     ,    ,      ,       ,      ,      ,        ,        ,        ,        ,        ,        ,        ,        ,      
kalbfwa01, 1935,     1, NYA , NHL , D  ,  4.0,  0.0,   0.0,   0.0,   2.0,      ,     ,     ,     ,     ,     ,    ,      ,    5.0,   0.0,   0.0,     0.0,     2.0,        ,        ,        ,        ,        ,        ,      
kalbfwa01, 1936,     1, NYA , NHL , D  ,  6.0,  0.0,   0.0,   0.0,   4.0,      ,     ,     ,     ,     ,     ,    ,      ,       ,      ,      ,        ,        ,        ,        ,        ,        ,        ,        ,      
kalbfwa01, 1936,     2, BOS , NHL , D  ,  1.0,  0.0,   0.0,   0.0,   0.0,      ,     ,     ,     ,     ,     ,    ,      ,       ,      ,      ,        ,        ,        ,        ,        ,        ,        ,        ,      
kaletal01, 1941,     1, CHI , NHL , L  , 48.0,  7.0,  21.0,  28.0,  12.0,      ,     ,     ,     ,     ,     ,    ,      ,    3.0,   1.0,   2.0,     3.0,     0.0,        ,        ,        ,        ,        ,        ,      
kaletal01, 1945,     1, CHI , NHL , R  , 49.0, 19.0,  27.0,  46.0,  17.0,      ,     ,     ,     ,     ,     ,    ,      ,    4.0,   0.0,   1.0,     1.0,     2.0,        ,        ,        ,        ,        ,        ,      
kaletal01, 1946,     1, CHI , NHL , R  , 57.0, 24.0,  20.0,  44.0,  37.0,      ,     ,     ,     ,     ,     ,    ,      ,       ,      ,      ,        ,        ,        ,        ,        ,        ,        ,        ,      
kaletal01, 1947,     1, CHI , NHL , L  , 52.0, 10.0,  16.0,  26.0,  40.0,      ,     ,     ,     ,     ,     ,    ,      ,       ,      ,      ,        ,        ,        ,        ,        ,        ,        ,        ,      
kaletal01, 1948,     1, NYR , NHL , L  , 56.0, 12.0,  19.0,  31.0,  18.0,      ,     ,     ,     ,     ,     ,    ,      ,       ,      ,      ,        ,        ,        ,        ,        ,        ,        ,        ,      
kaletal01, 1949,     1, NYR , NHL , L  , 67.0, 17.0,  14.0,  31.0,  40.0,      ,     ,     ,     ,     ,     ,    ,      ,   10.0,   0.0,   3.0,     3.0,     0.0,        ,        ,        ,        ,        ,        ,      
kaletal01, 1950,     1, NYR , NHL , L  , 58.0,  3.0,   4.0,   7.0,  26.0,      ,     ,     ,     ,     ,     ,    ,      ,       ,      ,      ,        ,        ,        ,        ,        ,        ,        ,        ,      
kaletpa01, 2006,     1, BUF , NHL , R  ,  7.0,  0.0,   2.0,   2.0,  21.0, 3.0  ,  0.0,  0.0,  0.0,  0.0,  0.0,    ,   6.0,       ,      ,      ,        ,        ,        ,        ,        ,        ,        ,        ,      
kaletpa01, 2007,     1, BUF , NHL , R  , 40.0,  3.0,   2.0,   5.0,  41.0, 1.0  ,  0.0,  0.0,  0.0,  0.0,  0.0,    ,  26.0,       ,      ,      ,        ,        ,        ,        ,        ,        ,        ,        ,      
kaletpa01, 2008,     1, BUF , NHL , R  , 51.0,  4.0,   5.0,   9.0,  89.0, 1.0  ,  0.0,  0.0,  0.0,  0.0,  0.0,    ,  35.0,       ,      ,      ,        ,        ,        ,        ,        ,        ,        ,        ,      
kaletpa01, 2009,     1, BUF , NHL , R  , 55.0, 10.0,   5.0,  15.0,  89.0, 2.0  ,  0.0,  0.0,  2.0,  0.0,  4.0,    ,  64.0,    6.0,   1.0,   1.0,     2.0,    22.0, 4.0    ,     0.0,     0.0,     0.0,     0.0,     0.0,     5.0
kalindm01, 1999,     1, BUF , NHL , D  ,  4.0,  0.0,   0.0,   0.0,   4.0, 0.0  ,  0.0,  0.0,  0.0,  0.0,  0.0, 0.0,   3.0,       ,      ,      ,        ,        ,        ,        ,        ,        ,        ,        ,      
kalindm01, 2000,     1, BUF , NHL , D  , 79.0,  4.0,  18.0,  22.0,  38.0, -2.0 ,  2.0,  6.0,  0.0,  0.0,  0.0, 0.0,  88.0,   13.0,   0.0,   2.0,     2.0,     4.0, 5.0    ,     0.0,     0.0,     0.0,     0.0,     0.0,    16.0
kalindm01, 2001,     1, BUF , NHL , D  , 58.0,  2.0,  11.0,  13.0,  26.0, -6.0 ,  0.0,  5.0,  0.0,  0.0,  0.0, 0.0,  67.0,       ,      ,      ,        ,        ,        ,        ,        ,        ,        ,        ,      
kalindm01, 2002,     1, BUF , NHL , D  , 65.0,  8.0,  13.0,  21.0,  57.0, -7.0 ,  3.0,  1.0,  1.0,  1.0,  0.0, 1.0,  83.0,       ,      ,      ,        ,        ,        ,        ,        ,        ,        ,        ,      
kalindm01, 2003,     1, BUF , NHL , D  , 77.0, 10.0,  24.0,  34.0,  42.0, 0.0  ,  2.0, 13.0,  1.0,  0.0,  4.0, 0.0, 118.0,       ,      ,      ,        ,        ,        ,        ,        ,        ,        ,        ,      
kalindm01, 2005,     1, BUF , NHL , D  , 55.0,  2.0,  16.0,  18.0,  54.0, 14.0 ,  0.0,  5.0,  0.0,  0.0,  0.0,    ,  47.0,    8.0,   0.0,   2.0,     2.0,     2.0, 4.0    ,     0.0,     0.0,     0.0,     1.0,     0.0,    11.0
kalindm01, 2006,     1, BUF , NHL , D  , 82.0,  7.0,  22.0,  29.0,  36.0, 19.0 ,  0.0,  3.0,  1.0,  0.0,  0.0,    ,  86.0,   16.0,   2.0,   3.0,     5.0,    14.0, 9.0    ,     0.0,     2.0,     0.0,     0.0,     0.0,    16.0
kalindm01, 2007,     1, BUF , NHL , D  , 46.0,  1.0,   7.0,   8.0,  32.0, -7.0 ,  1.0,  2.0,  0.0,  0.0,  0.0,    ,  60.0,       ,      ,      ,        ,        ,        ,        ,        ,        ,        ,        ,      
kalindm01, 2008,     1, NYR , NHL , D  , 58.0,  1.0,  12.0,  13.0,  26.0, -7.0 ,  0.0,  1.0,  0.0,  0.0,  0.0,    ,  51.0,       ,      ,      ,        ,        ,        ,        ,        ,        ,        ,        ,      
kalindm01, 2008,     2, PHO , NHL , D  , 15.0,  1.0,   3.0,   4.0,   6.0, -2.0 ,  1.0,  1.0,  0.0,  0.0,  0.0,    ,  16.0,       ,      ,      ,        ,        ,        ,        ,        ,        ,        ,        ,      
kalinjo01, 2008,     1, PHI , NHL , C  , 12.0,  1.0,   2.0,   3.0,   0.0, -2.0 ,  0.0,  0.0,  0.0,  0.0,  1.0,    ,   7.0,       ,      ,      ,        ,        ,        ,        ,        ,        ,        ,        ,      
kalinjo01, 2009,     1, PHI , NHL , C  , 10.0,  0.0,   2.0,   2.0,   0.0, -2.0 ,  0.0,  0.0,  0.0,  0.0,  0.0,    ,   9.0,       ,      ,      ,        ,        ,        ,        ,        ,        ,        ,        ,      
kallito01, 2000,     1, ATL , NHL , L  , 56.0, 14.0,  13.0,  27.0,  22.0, -3.0 ,  2.0,  2.0,  0.0,  0.0,  2.0, 0.0, 115.0,       ,      ,      ,        ,        ,        ,        ,        ,        ,        ,        ,      
kallito01, 2001,     1, ATL , NHL , R  , 60.0,  8.0,  14.0,  22.0,  12.0, -8.0 ,  1.0,  1.0,  0.0,  0.0,  0.0, 0.0, 102.0,       ,      ,      ,        ,        ,        ,        ,        ,        ,        ,        ,      
kallito01, 2002,     1, ATL , NHL , R  ,  5.0,  0.0,   2.0,   2.0,   4.0, -2.0 ,  0.0,  0.0,  0.0,  0.0,  0.0, 0.0,   3.0,       ,      ,      ,        ,        ,        ,        ,        ,        ,        ,        ,      
kallito01, 2002,     2, CBS , NHL , R  , 12.0,  1.0,   2.0,   3.0,   8.0, -7.0 ,  0.0,  0.0,  0.0,  0.0,  0.0, 0.0,  20.0,       ,      ,      ,        ,        ,        ,        ,        ,        ,        ,        ,      
kallito01, 2002,     3, PHI , NHL , R  ,  7.0,  1.0,   0.0,   1.0,   2.0, -1.0 ,  0.0,  0.0,  0.0,  0.0,  0.0, 0.0,   5.0,       ,      ,      ,        ,        ,        ,        ,        ,        ,        ,        ,      
kalluan01, 1979,     1, NYI , NHL , R  , 76.0, 22.0,  30.0,  52.0,  16.0, 12.0 ,  5.0,     ,  4.0,     ,  2.0, 1.0, 138.0,       ,      ,      ,        ,        ,        ,        ,        ,        ,        ,        ,      
kalluan01, 1980,     1, NYI , NHL , R  , 78.0, 36.0,  28.0,  64.0,  32.0, 25.0 ,  7.0,     ,  6.0,     ,  4.0, 4.0, 163.0,   12.0,   4.0,   3.0,     7.0,    10.0,        ,     0.0,        ,     2.0,        ,     0.0,      
kalluan01, 1981,     1, NYI , NHL , R  , 58.0, 18.0,  22.0,  40.0,  18.0, 5.0  ,  2.0,     ,  3.0,     ,  3.0, 2.0,  74.0,   19.0,   1.0,   6.0,     7.0,     8.0,        ,     0.0,        ,     1.0,        ,     0.0,      
kalluan01, 1982,     1, NYI , NHL , R  , 55.0,  6.0,   8.0,  14.0,  33.0, 9.0  ,  1.0,     ,  1.0,     ,  0.0, 0.0,  77.0,   20.0,   3.0,  12.0,    15.0,    12.0,        ,     1.0,        ,     1.0,        ,     0.0,      
kalluan01, 1983,     1, NYI , NHL , R  , 65.0,  9.0,  14.0,  23.0,  24.0, 0.0  ,  2.0,     ,  3.0,     ,  1.0, 0.0,  70.0,   17.0,   2.0,   2.0,     4.0,     2.0, 0.0    ,     0.0,        ,     1.0,        ,     1.0,    20.0
kalluan01, 1984,     1, NYI , NHL , C  , 51.0, 10.0,   8.0,  18.0,  26.0, -9.0 ,  0.0,     ,  2.0,     ,  2.0, 0.0,  72.0,   10.0,   2.0,   0.0,     2.0,     0.0, 0.0    ,     0.0,        ,     0.0,        ,     0.0,    11.0
kaluspe01, 2006,     1, BOS , NHL , R  ,  9.0,  4.0,   1.0,   5.0,   6.0, 0.0  ,  1.0,  0.0,  0.0,  0.0,  0.0,    ,   8.0,       ,      ,      ,        ,        ,        ,        ,        ,        ,        ,        ,      
kaluspe01, 2009,     1, MIN , NHL , R  ,  2.0,  0.0,   0.0,   0.0,   0.0, 0.0  ,  0.0,  0.0,  0.0,  0.0,  0.0,    ,   0.0,       ,      ,      ,        ,        ,        ,        ,        ,        ,        ,        ,      
kamenva01, 1991,     1, QUE , NHL , L  , 23.0,  7.0,  14.0,  21.0,  14.0, -1.0 ,  2.0,  7.0,  0.0,  0.0,  1.0, 0.0,  42.0,       ,      ,      ,        ,        ,        ,        ,        ,        ,        ,        ,      
kamenva01, 1992,     1, QUE , NHL , L  , 32.0, 15.0,  22.0,  37.0,  14.0, 13.0 ,  2.0,  5.0,  3.0,  2.0,  0.0, 1.0,  94.0,    6.0,   0.0,   1.0,     1.0,     6.0, -1.0   ,     0.0,     1.0,     0.0,     0.0,     0.0,    21.0
kamenva01, 1993,     1, QUE , NHL , L  , 76.0, 28.0,  37.0,  65.0,  42.0, 12.0 ,  6.0,  8.0,  0.0,  1.0,  1.0, 0.0, 170.0,       ,      ,      ,        ,        ,        ,        ,        ,        ,        ,        ,      
kamenva01, 1994,     1, QUE , NHL , L  , 40.0, 10.0,  20.0,  30.0,  22.0, 3.0  ,  5.0,  7.0,  1.0,  0.0,  5.0, 0.0,  70.0,    2.0,   1.0,   0.0,     1.0,     0.0, 0.0    ,     0.0,     0.0,     0.0,     0.0,     0.0,     2.0
kamenva01, 1995,     1, COL , NHL , L  , 81.0, 38.0,  47.0,  85.0,  85.0, 14.0 , 18.0, 13.0,  1.0,  1.0,  5.0, 0.0, 220.0,   22.0,  10.0,  12.0,    22.0,    28.0, 11.0   ,     3.0,     3.0,     0.0,     0.0,     2.0,    56.0
kamenva01, 1996,     1, COL , NHL , L  , 68.0, 28.0,  38.0,  66.0,  38.0, 5.0  ,  8.0, 18.0,  0.0,  0.0,  4.0, 1.0, 165.0,   17.0,   8.0,  14.0,    22.0,    16.0, -1.0   ,     5.0,     5.0,     0.0,     0.0,     2.0,    49.0
kamenva01, 1997,     1, COL , NHL , L  , 75.0, 26.0,  40.0,  66.0,  60.0, -2.0 ,  8.0, 19.0,  0.0,  0.0,  4.0, 0.0, 173.0,    7.0,   2.0,   3.0,     5.0,    18.0, 1.0    ,     1.0,     1.0,     0.0,     0.0,     0.0,    17.0
kamenva01, 1998,     1, COL , NHL , L  , 65.0, 14.0,  30.0,  44.0,  28.0, 1.0  ,  2.0, 10.0,  0.0,  0.0,  2.0, 0.0, 123.0,   10.0,   4.0,   5.0,     9.0,     4.0, 5.0    ,     1.0,     1.0,     0.0,     0.0,     1.0,    18.0
kamenva01, 1999,     1, NYR , NHL , L  , 58.0, 13.0,  19.0,  32.0,  24.0, -13.0,  3.0,  4.0,  0.0,  0.0,  1.0, 0.0,  88.0,       ,      ,      ,        ,        ,        ,        ,        ,        ,        ,        ,      
kamenva01, 2000,     1, NYR , NHL , L  , 65.0, 14.0,  20.0,  34.0,  36.0, -18.0,  6.0,  5.0,  0.0,  0.0,  1.0, 0.0, 129.0,       ,      ,      ,        ,        ,        ,        ,        ,        ,        ,        ,      
kamenva01, 2001,     1, DAL , NHL , L  , 24.0,  3.0,   6.0,   9.0,   2.0, 3.0  ,  0.0,  2.0,  0.0,  0.0,  1.0, 0.0,  32.0,       ,      ,      ,        ,        ,        ,        ,        ,        ,        ,        ,      
kamenva01, 2001,     2, NJD , NHL , L  , 30.0,  4.0,   8.0,  12.0,  18.0, -2.0 ,  0.0,  0.0,  0.0,  0.0,  0.0, 0.0,  40.0,    2.0,   0.0,   0.0,     0.0,     0.0, 0.0    ,     0.0,     0.0,     0.0,     0.0,     0.0,     2.0
kaminke01, 1988,     1, MNS , NHL , C  ,  1.0,  0.0,   0.0,   0.0,   0.0, 0.0  ,  0.0,  0.0,  0.0,  0.0,  0.0, 0.0,   0.0,       ,      ,      ,        ,        ,        ,        ,        ,        ,        ,        ,      
kaminke01, 1989,     1, QUE , NHL , C  ,  1.0,  0.0,   0.0,   0.0,   0.0, -1.0 ,  0.0,  0.0,  0.0,  0.0,  0.0, 0.0,   0.0,       ,      ,      ,        ,        ,        ,        ,        ,        ,        ,        ,      
kaminke01, 1991,     1, QUE , NHL , C  ,  5.0,  0.0,   0.0,   0.0,  45.0, -2.0 ,  0.0,  0.0,  0.0,  0.0,  0.0, 0.0,   6.0,       ,      ,      ,        ,        ,        ,        ,        ,        ,        ,        ,      
kaminke01, 1993,     1, WAS , NHL , R  , 13.0,  0.0,   5.0,   5.0,  87.0, 2.0  ,  0.0,  0.0,  0.0,  0.0,  0.0, 0.0,   9.0,       ,      ,      ,        ,        ,        ,        ,        ,        ,        ,        ,      
kaminke01, 1994,     1, WAS , NHL , C  , 27.0,  1.0,   1.0,   2.0, 102.0, -6.0 ,  0.0,  0.0,  0.0,  0.0,  1.0, 0.0,  12.0,    5.0,   0.0,   0.0,     0.0,    36.0, -1.0   ,     0.0,     0.0,     0.0,     0.0,     0.0,     1.0
kaminke01, 1995,     1, WAS , NHL , L  , 54.0,  1.0,   2.0,   3.0, 164.0, -1.0 ,  0.0,  0.0,  0.0,  0.0,  0.0, 0.0,  17.0,    3.0,   0.0,   0.0,     0.0,    16.0, 0.0    ,     0.0,     0.0,     0.0,     0.0,     0.0,     1.0
kaminke01, 1996,     1, WAS , NHL , C  , 38.0,  1.0,   2.0,   3.0, 130.0, 0.0  ,  0.0,  1.0,  0.0,  0.0,  0.0, 0.0,  12.0,       ,      ,      ,        ,        ,        ,        ,        ,        ,        ,        ,      
kaminma01, 1933,     1, OTS , NHL , C  , 38.0,  9.0,  17.0,  26.0,  14.0,      ,     ,     ,     ,     ,     ,    ,      ,       ,      ,      ,        ,        ,        ,        ,        ,        ,        ,        ,      
kaminma01, 1934,     1, STE , NHL , C  , 11.0,  0.0,   0.0,   0.0,   0.0,      ,     ,     ,     ,     ,     ,    ,      ,       ,      ,      ,        ,        ,        ,        ,        ,        ,        ,        ,      
kaminma01, 1934,     2, BOS , NHL , C  , 38.0, 12.0,  15.0,  27.0,   4.0,      ,     ,     ,     ,     ,     ,    ,      ,    4.0,   0.0,   0.0,     0.0,     0.0,        ,        ,        ,        ,        ,        ,      
kaminma01, 1935,     1, BOS , NHL , C  , 37.0,  1.0,   2.0,   3.0,  20.0,      ,     ,     ,     ,     ,     ,    ,      ,       ,      ,      ,        ,        ,        ,        ,        ,        ,        ,        ,      
kaminma01, 1936,     1, MTM , NHL , C  ,  6.0,  0.0,   0.0,   0.0,   0.0,      ,     ,     ,     ,     ,     ,    ,      ,       ,      ,      ,        ,        ,        ,        ,        ,        ,        ,        ,      
kaminya01, 1993,     1, WIN , NHL , R  ,  1.0,  0.0,   0.0,   0.0,   0.0, 1.0  ,  0.0,  0.0,  0.0,  0.0,  0.0, 0.0,   0.0,       ,      ,      ,        ,        ,        ,        ,        ,        ,        ,        ,      
kaminya01, 1993,     2, NYI , NHL , R  , 23.0,  2.0,   1.0,   3.0,   4.0, 4.0  ,  0.0,  0.0,  0.0,  0.0,  0.0, 0.0,  23.0,    2.0,   0.0,   0.0,     0.0,     4.0, -1.0   ,     0.0,     0.0,     0.0,     0.0,     0.0,     0.0
kaminya01, 1994,     1, NYI , NHL , L  ,  2.0,  1.0,   1.0,   2.0,   0.0, 2.0  ,  0.0,  0.0,  0.0,  0.0,  0.0, 0.0,   4.0,       ,      ,      ,        ,        ,        ,        ,        ,        ,        ,        ,      
kampmbi01, 1937,     1, TOR , NHL , D  , 32.0,  1.0,   2.0,   3.0,  56.0,      ,     ,     ,     ,     ,     ,    ,      ,    7.0,   0.0,   1.0,     1.0,     6.0,        ,        ,        ,        ,        ,        ,      
kampmbi01, 1938,     1, TOR , NHL , D  , 41.0,  2.0,   8.0,  10.0,  52.0,      ,     ,     ,     ,     ,     ,    ,      ,   10.0,   1.0,   1.0,     2.0,    20.0,        ,        ,        ,        ,        ,        ,      
kampmbi01, 1939,     1, TOR , NHL , D  , 39.0,  6.0,   9.0,  15.0,  59.0,      ,     ,     ,     ,     ,     ,    ,      ,   10.0,   0.0,   0.0,     0.0,     0.0,        ,        ,        ,        ,        ,        ,      
kampmbi01, 1940,     1, TOR , NHL , D  , 39.0,  1.0,   4.0,   5.0,  53.0,      ,     ,     ,     ,     ,     ,    ,      ,    7.0,   0.0,   0.0,     0.0,     0.0,        ,        ,        ,        ,        ,        ,      
kampmbi01, 1941,     1, TOR , NHL , D  , 38.0,  4.0,   7.0,  11.0,  67.0,      ,     ,     ,     ,     ,     ,    ,      ,   13.0,   0.0,   2.0,     2.0,    12.0,        ,        ,        ,        ,        ,        ,      
kamppha01, 1978,     1, EDO , WHA , G  ,  2.0,  0.0,   0.0,   0.0,   0.0, 0.0  ,  0.0,     ,  0.0,     ,     ,    ,   0.0,       ,      ,      ,        ,        ,        ,        ,        ,        ,        ,        ,      
kamppha01, 1984,     1, NJD , NHL , G  , 13.0,  0.0,   1.0,   1.0,   2.0, 0.0  ,  0.0,     ,  0.0,     ,  0.0, 0.0,   0.0,       ,      ,      ,        ,        ,        ,        ,        ,        ,        ,        ,      
kanato01 , 2009,     1, CBS , NHL , C  ,  6.0,  0.0,   2.0,   2.0,   2.0, 2.0  ,  0.0,  0.0,  0.0,  0.0,  0.0,    ,   4.0,       ,      ,      ,        ,        ,        ,        ,        ,        ,        ,        ,      
kanebo01 , 2003,     1, PHI , NHL , L  ,  7.0,  0.0,   0.0,   0.0,   7.0, -4.0 ,  0.0,  0.0,  0.0,  0.0,  0.0, 0.0,   6.0,       ,      ,      ,        ,        ,        ,        ,        ,        ,        ,        ,      
kanebo01 , 2005,     1, WAS , NHL , L  ,  5.0,  0.0,   1.0,   1.0,   2.0, 1.0  ,  0.0,  0.0,  0.0,  0.0,  0.0,    ,   1.0,       ,      ,      ,        ,        ,        ,        ,        ,        ,        ,        ,      
kanebo01 , 2006,     1, PHI , NHL , L  , 15.0,  0.0,   2.0,   2.0,  28.0, -4.0 ,  0.0,  0.0,  0.0,  0.0,  0.0,    ,   7.0,       ,      ,      ,        ,        ,        ,        ,        ,        ,        ,        ,      
kanebo01 , 2008,     1, PHI , NHL , L  ,  1.0,  0.0,   0.0,   0.0,   0.0, 0.0  ,  0.0,  0.0,  0.0,  0.0,  0.0,    ,   0.0,       ,      ,      ,        ,        ,        ,        ,        ,        ,        ,        ,      
kanebo01 , 2009,     1, WAS , NHL , L  ,  3.0,  0.0,   0.0,   0.0,   2.0, -1.0 ,  0.0,  0.0,  0.0,  0.0,  0.0,    ,   2.0,       ,      ,      ,        ,        ,        ,        ,        ,        ,        ,        ,      
kaneev01 , 2009,     1, ATL , NHL , C  , 66.0, 14.0,  12.0,  26.0,  62.0, 2.0  ,  0.0,  0.0,  1.0,  0.0,  3.0,    , 127.0,       ,      ,      ,        ,        ,        ,        ,        ,        ,        ,        ,      
kanefr01 , 1943,     1, DET , NHL , D  ,  2.0,  0.0,   0.0,   0.0,   0.0,      ,     ,     ,     ,     ,     ,    ,      ,       ,      ,      ,        ,        ,        ,        ,        ,        ,        ,        ,      
kanepa01 , 2007,     1, CHI , NHL , R  , 82.0, 21.0,  51.0,  72.0,  52.0, -5.0 ,  7.0, 21.0,  0.0,  0.0,  4.0,    , 191.0,       ,      ,      ,        ,        ,        ,        ,        ,        ,        ,        ,      
kanepa01 , 2008,     1, CHI , NHL , R  , 80.0, 25.0,  45.0,  70.0,  42.0, -2.0 , 13.0, 22.0,  0.0,  0.0,  4.0,    , 254.0,   16.0,   9.0,   5.0,    14.0,    12.0, -9.0   ,     2.0,     4.0,     0.0,     0.0,     0.0,    34.0
kanepa01 , 2009,     1, CHI , NHL , R  , 82.0, 30.0,  58.0,  88.0,  20.0, 16.0 ,  9.0, 20.0,  0.0,  1.0,  6.0,    , 261.0,   22.0,  10.0,  18.0,    28.0,     6.0, -2.0   ,     1.0,    10.0,     1.0,     0.0,     1.0,    64.0
kankope01, 2005,     1, LAK , NHL , R  , 10.0,  1.0,   0.0,   1.0,   0.0, 1.0  ,  0.0,  0.0,  0.0,  0.0,  0.0,    ,   7.0,       ,      ,      ,        ,        ,        ,        ,        ,        ,        ,        ,      
kannego01, 1967,     1, STL , NHL , D  , 19.0,  0.0,   1.0,   1.0,  13.0, -3.0 ,  0.0,     ,  0.0,     ,  0.0, 0.0,  12.0,       ,      ,      ,        ,        ,        ,        ,        ,        ,        ,        ,      
kannego01, 1971,     1, STL , NHL , D  ,  4.0,  0.0,   0.0,   0.0,   2.0, -1.0 ,  0.0,     ,  0.0,     ,  0.0, 0.0,   4.0,       ,      ,      ,        ,        ,        ,        ,        ,        ,        ,        ,      
kannego01, 1972,     1, HOU , WHA , D  , 45.0,  0.0,  10.0,  10.0,  32.0,      ,  0.0,     ,  0.0,     ,     ,    ,      ,    9.0,   0.0,   1.0,     1.0,    11.0,        ,     0.0,        ,     0.0,        ,     0.0,      
kannego01, 1973,     1, HOU , WHA , D  , 78.0,  0.0,  20.0,  20.0,  26.0,      ,  0.0,     ,  0.0,     ,  0.0,    ,      ,    3.0,   0.0,   2.0,     2.0,     2.0,        ,        ,        ,        ,        ,     0.0,      
kannego01, 1974,     1, IND , WHA , D  ,  4.0,  1.0,   4.0,   5.0,   4.0, 4.0  ,  0.0,     ,  0.0,     ,     ,    ,   6.0,       ,      ,      ,        ,        ,        ,        ,        ,        ,        ,        ,      
kannesh01, 1970,     1, PIT , NHL , D  , 18.0,  0.0,   2.0,   2.0,  29.0, -9.0 ,  0.0,     ,  0.0,     ,  0.0, 0.0,  14.0,       ,      ,      ,        ,        ,        ,        ,        ,        ,        ,        ,      
kannesh01, 1971,     1, PIT , NHL , D  , 54.0,  2.0,   4.0,   6.0,  47.0, -14.0,  0.0,     ,  0.0,     ,  0.0, 0.0,  49.0,       ,      ,      ,        ,        ,        ,        ,        ,        ,        ,        ,      
kannesh01, 1972,     1, PIT , NHL , D  ,  3.0,  0.0,   0.0,   0.0,   0.0, -1.0 ,  0.0,     ,  0.0,     ,  0.0, 0.0,   4.0,       ,      ,      ,        ,        ,        ,        ,        ,        ,        ,        ,      
kannesh01, 1972,     2, NYR , NHL , D  ,  3.0,  0.0,   1.0,   1.0,   4.0, 3.0  ,  0.0,     ,  0.0,     ,  0.0, 0.0,   2.0,    1.0,   0.0,   0.0,     0.0,     2.0,        ,     0.0,        ,     0.0,        ,     0.0,      
kannesh01, 1973,     1, NYR , NHL , D  , 12.0,  1.0,   3.0,   4.0,   6.0, 4.0  ,  0.0,     ,  0.0,     ,  0.0, 1.0,   6.0,       ,      ,      ,        ,        ,        ,        ,        ,        ,        ,        ,      
kannesh01, 1973,     2, LAK , NHL , D  , 51.0,  3.0,  17.0,  20.0,  49.0, 3.0  ,  1.0,     ,  0.0,     ,  0.0, 0.0,  76.0,    5.0,   0.0,   1.0,     1.0,     0.0,        ,     0.0,        ,     0.0,        ,     0.0,      
kannesh01, 1974,     1, LAK , NHL , D  , 74.0,  2.0,  23.0,  25.0,  57.0, 41.0 ,  0.0,     ,  0.0,     ,  0.0, 1.0,  84.0,    3.0,   0.0,   1.0,     1.0,     4.0,        ,     0.0,        ,     0.0,        ,     0.0,      
kannesh01, 1975,     1, LAK , NHL , D  , 70.0,  4.0,   9.0,  13.0,  36.0, 10.0 ,  2.0,     ,  0.0,     ,  0.0, 0.0,  79.0,    9.0,   0.0,   0.0,     0.0,     4.0,        ,     0.0,        ,     0.0,        ,     0.0,      
kannesh01, 1976,     1, LAK , NHL , D  , 39.0,  1.0,   1.0,   2.0,  28.0, -7.0 ,  0.0,     ,  0.0,     ,  1.0, 0.0,  18.0,       ,      ,      ,        ,        ,        ,        ,        ,        ,        ,        ,      
kannesh01, 1977,     1, VAN , NHL , D  , 42.0,  1.0,   7.0,   8.0,  36.0, -7.0 ,  0.0,     ,  0.0,     ,  0.0, 0.0,  21.0,       ,      ,      ,        ,        ,        ,        ,        ,        ,        ,        ,      
kapanni01, 2001,     1, DAL , NHL , C  ,  9.0,  0.0,   1.0,   1.0,   2.0, -1.0 ,  0.0,  1.0,  0.0,  0.0,  0.0, 0.0,   3.0,       ,      ,      ,        ,        ,        ,        ,        ,        ,        ,        ,      
kapanni01, 2002,     1, DAL , NHL , C  , 82.0,  5.0,  29.0,  34.0,  44.0, 25.0 ,  0.0,  0.0,  1.0,  0.0,  1.0, 0.0,  80.0,   12.0,   4.0,   3.0,     7.0,    12.0, 4.0    ,     0.0,     0.0,     1.0,     0.0,     0.0,    20.0
kapanni01, 2003,     1, DAL , NHL , C  , 67.0,  1.0,   5.0,   6.0,  16.0, -15.0,  0.0,  0.0,  0.0,  0.0,  0.0, 0.0,  57.0,    1.0,   1.0,   0.0,     1.0,     0.0, 0.0    ,     0.0,     0.0,     0.0,     0.0,     0.0,     2.0
kapanni01, 2005,     1, DAL , NHL , C  , 81.0, 14.0,  21.0,  35.0,  36.0, -10.0,  5.0,  8.0,  2.0,  0.0,  4.0,    ,  97.0,    5.0,   0.0,   1.0,     1.0,    10.0, -2.0   ,     0.0,     0.0,     0.0,     0.0,     0.0,     5.0
kapanni01, 2006,     1, ATL , NHL , C  , 60.0,  4.0,   9.0,  13.0,  20.0, -12.0,  1.0,  0.0,  0.0,  0.0,  0.0,    ,  51.0,       ,      ,      ,        ,        ,        ,        ,        ,        ,        ,        ,      
kapanni01, 2006,     2, PHO , NHL , C  , 19.0,  2.0,   7.0,   9.0,   8.0, -11.0,  1.0,  5.0,  0.0,  0.0,  1.0,    ,  28.0,       ,      ,      ,        ,        ,        ,        ,        ,        ,        ,        ,      
kapanni01, 2007,     1, PHO , NHL , C  , 79.0, 10.0,  18.0,  28.0,  34.0, -1.0 ,  5.0, 10.0,  0.0,  0.0,  5.0,    ,  85.0,       ,      ,      ,        ,        ,        ,        ,        ,        ,        ,        ,      
kapansa01, 1995,     1, HAR , NHL , L  , 35.0,  5.0,   4.0,   9.0,   6.0, 0.0  ,  0.0,  0.0,  0.0,  0.0,  0.0, 0.0,  46.0,       ,      ,      ,        ,        ,        ,        ,        ,        ,        ,        ,      
kapansa01, 1996,     1, HAR , NHL , R  , 45.0, 13.0,  12.0,  25.0,   2.0, 6.0  ,  3.0,  1.0,  0.0,  0.0,  2.0, 0.0,  82.0,       ,      ,      ,        ,        ,        ,        ,        ,        ,        ,        ,      
kapansa01, 1997,     1, CAR , NHL , R  , 81.0, 26.0,  37.0,  63.0,  16.0, 9.0  ,  4.0, 14.0,  0.0,  0.0,  5.0, 0.0, 190.0,       ,      ,      ,        ,        ,        ,        ,        ,        ,        ,        ,      
kapansa01, 1998,     1, CAR , NHL , L  , 81.0, 24.0,  35.0,  59.0,  10.0, -1.0 ,  5.0, 12.0,  0.0,  0.0,  7.0, 0.0, 254.0,    5.0,   1.0,   1.0,     2.0,     0.0, -2.0   ,     0.0,     0.0,     0.0,     0.0,     0.0,     8.0
kapansa01, 1999,     1, CAR , NHL , R  , 76.0, 24.0,  24.0,  48.0,  12.0, 10.0 ,  7.0,  9.0,  0.0,  0.0,  5.0, 2.0, 229.0,       ,      ,      ,        ,        ,        ,        ,        ,        ,        ,        ,      
kapansa01, 2000,     1, CAR , NHL , L  , 82.0, 20.0,  37.0,  57.0,  24.0, -12.0,  7.0, 19.0,  0.0,  1.0,  4.0, 0.0, 223.0,    6.0,   2.0,   3.0,     5.0,     0.0, -7.0   ,     1.0,     2.0,     0.0,     0.0,     0.0,    16.0
kapansa01, 2001,     1, CAR , NHL , R  , 77.0, 27.0,  42.0,  69.0,  23.0, 9.0  , 11.0, 21.0,  0.0,  0.0,  4.0, 1.0, 248.0,   23.0,   1.0,   8.0,     9.0,     6.0, -2.0   ,     0.0,     7.0,     0.0,     0.0,     0.0,    50.0
kapansa01, 2002,     1, CAR , NHL , R  , 43.0,  6.0,  12.0,  18.0,  12.0, -17.0,  3.0,  8.0,  0.0,  0.0,  1.0, 1.0, 108.0,       ,      ,      ,        ,        ,        ,        ,        ,        ,        ,        ,      
kapansa01, 2002,     2, PHI , NHL , R  , 28.0,  4.0,   9.0,  13.0,   6.0, -1.0 ,  2.0,  3.0,  0.0,  1.0,  1.0, 0.0,  81.0,   13.0,   4.0,   3.0,     7.0,     6.0, 2.0    ,     2.0,     0.0,     0.0,     0.0,     0.0,    25.0
kapansa01, 2003,     1, PHI , NHL , R  , 74.0, 12.0,  18.0,  30.0,  14.0, 9.0  ,  0.0,  2.0,  1.0,  0.0,  2.0, 1.0, 149.0,   18.0,   3.0,   7.0,    10.0,     6.0, 5.0    ,     0.0,     1.0,     1.0,     0.0,     1.0,    24.0
kapansa01, 2005,     1, PHI , NHL , R  , 58.0, 12.0,  22.0,  34.0,  12.0, -9.0 ,  3.0,  8.0,  4.0,  0.0,  2.0,    , 123.0,    6.0,   0.0,   0.0,     0.0,     2.0, -4.0   ,     0.0,     0.0,     0.0,     0.0,     0.0,    12.0
kapansa01, 2006,     1, PHI , NHL , R  , 77.0, 11.0,  14.0,  25.0,  22.0, -21.0,  1.0,  1.0,  2.0,  2.0,  1.0,    , 129.0,       ,      ,      ,        ,        ,        ,        ,        ,        ,        ,        ,      
kapansa01, 2007,     1, PHI , NHL , R  , 74.0,  5.0,   3.0,   8.0,  16.0, -12.0,  0.0,  0.0,  1.0,  0.0,  1.0,    ,  76.0,   16.0,   2.0,   0.0,     2.0,     2.0, -4.0   ,     0.0,     0.0,     0.0,     0.0,     0.0,    19.0
kapoumi01, 1977,     1, CZE , WHA , G  ,  4.0,  0.0,   0.0,   0.0,   0.0,      ,  0.0,     ,  0.0,     ,  0.0,    ,      ,       ,      ,      ,        ,        ,        ,        ,        ,        ,        ,        ,      
kapusse01, 1978,     1, SOV , WHA ,    ,  5.0,  2.0,   0.0,   2.0,   0.0,      ,     ,     ,     ,     ,     ,    ,      ,       ,      ,      ,        ,        ,        ,        ,        ,        ,        ,        ,      
karabla01, 1993,     1, PIT , NHL , L  ,  9.0,  0.0,   0.0,   0.0,   2.0, 0.0  ,  0.0,  0.0,  0.0,  0.0,  0.0, 0.0,   3.0,       ,      ,      ,        ,        ,        ,        ,        ,        ,        ,        ,      
karakmi01, 1935,     1, CHI , NHL , G  , 48.0,  0.0,   0.0,   0.0,   0.0,      ,     ,     ,     ,     ,     ,    ,      ,    2.0,   0.0,   0.0,     0.0,     0.0,        ,        ,        ,        ,        ,        ,      
karakmi01, 1936,     1, CHI , NHL , G  , 48.0,  0.0,   0.0,   0.0,   2.0,      ,     ,     ,     ,     ,     ,    ,      ,       ,      ,      ,        ,        ,        ,        ,        ,        ,        ,        ,      
karakmi01, 1937,     1, CHI , NHL , G  , 48.0,  0.0,   0.0,   0.0,   0.0,      ,     ,     ,     ,     ,     ,    ,      ,    8.0,   0.0,   0.0,     0.0,     0.0,        ,        ,        ,        ,        ,        ,      
karakmi01, 1938,     1, CHI , NHL , G  , 48.0,  0.0,   0.0,   0.0,   2.0,      ,     ,     ,     ,     ,     ,    ,      ,       ,      ,      ,        ,        ,        ,        ,        ,        ,        ,        ,      
karakmi01, 1939,     1, MTL , NHL , G  ,  5.0,  0.0,   0.0,   0.0,   0.0,      ,     ,     ,     ,     ,     ,    ,      ,       ,      ,      ,        ,        ,        ,        ,        ,        ,        ,        ,      
karakmi01, 1939,     2, CHI , NHL , G  , 17.0,  0.0,   0.0,   0.0,   0.0,      ,     ,     ,     ,     ,     ,    ,      ,       ,      ,      ,        ,        ,        ,        ,        ,        ,        ,        ,      
karakmi01, 1943,     1, CHI , NHL , G  , 26.0,  0.0,   0.0,   0.0,   0.0,      ,     ,     ,     ,     ,     ,    ,      ,    9.0,   0.0,   0.0,     0.0,     0.0,        ,        ,        ,        ,        ,        ,      
karakmi01, 1944,     1, CHI , NHL , G  , 48.0,  0.0,   1.0,   1.0,   0.0,      ,     ,     ,     ,     ,     ,    ,      ,       ,      ,      ,        ,        ,        ,        ,        ,        ,        ,        ,      
karakmi01, 1945,     1, CHI , NHL , G  , 48.0,  0.0,   0.0,   0.0,   5.0,      ,     ,     ,     ,     ,     ,    ,      ,    4.0,   0.0,   0.0,     0.0,     0.0,        ,        ,        ,        ,        ,        ,      
karalje01, 1999,     1, LAK , NHL , D  , 48.0,  6.0,  10.0,  16.0,  18.0, 3.0  ,  4.0,  2.0,  0.0,  1.0,  1.0, 0.0,  69.0,    4.0,   0.0,   1.0,     1.0,     2.0, -3.0   ,     0.0,     0.0,     0.0,     0.0,     0.0,     5.0
karalje01, 2000,     1, LAK , NHL , D  , 56.0,  2.0,   7.0,   9.0,  38.0, 8.0  ,  0.0,  0.0,  0.0,  2.0,  0.0, 0.0,  26.0,   13.0,   0.0,   0.0,     0.0,    18.0, -7.0   ,     0.0,     0.0,     0.0,     0.0,     0.0,    10.0
karalje01, 2001,     1, LAK , NHL , D  , 30.0,  0.0,   1.0,   1.0,  29.0, -5.0 ,  0.0,  1.0,  0.0,  0.0,  0.0, 0.0,  19.0,       ,      ,      ,        ,        ,        ,        ,        ,        ,        ,        ,      
karalje01, 2001,     2, NAS , NHL , D  , 15.0,  0.0,   1.0,   1.0,  12.0, -1.0 ,  0.0,  0.0,  0.0,  0.0,  0.0, 0.0,   8.0,       ,      ,      ,        ,        ,        ,        ,        ,        ,        ,        ,      
karamvi01, 1992,     1, STL , NHL , L  ,  7.0,  0.0,   1.0,   1.0,   0.0, -2.0 ,  0.0,  0.0,  0.0,  0.0,  0.0, 0.0,   7.0,       ,      ,      ,        ,        ,        ,        ,        ,        ,        ,        ,      
karamvi01, 1993,     1, STL , NHL , L  , 59.0,  9.0,  12.0,  21.0,  51.0, -3.0 ,  2.0,  1.0,  0.0,  0.0,  1.0, 0.0,  66.0,       ,      ,      ,        ,        ,        ,        ,        ,        ,        ,        ,      
karamvi01, 1994,     1, STL , NHL , R  , 26.0,  3.0,   7.0,  10.0,  14.0, 7.0  ,  0.0,  0.0,  0.0,  0.0,  0.0, 0.0,  22.0,    2.0,   0.0,   0.0,     0.0,     2.0, 0.0    ,     0.0,     0.0,     0.0,     0.0,     0.0,     1.0
kariypa01, 1994,     1, ANA , NHL , R  , 47.0, 18.0,  21.0,  39.0,   4.0, -17.0,  7.0,  8.0,  1.0,  0.0,  3.0, 1.0, 134.0,       ,      ,      ,        ,        ,        ,        ,        ,        ,        ,        ,      
kariypa01, 1995,     1, ANA , NHL , L  , 82.0, 50.0,  58.0, 108.0,  20.0, 9.0  , 20.0, 21.0,  3.0,  3.0,  9.0, 0.0, 349.0,       ,      ,      ,        ,        ,        ,        ,        ,        ,        ,        ,      
kariypa01, 1996,     1, ANA , NHL , L  , 69.0, 44.0,  55.0,  99.0,   6.0, 36.0 , 15.0, 19.0,  3.0,  1.0, 10.0, 0.0, 340.0,   11.0,   7.0,   6.0,    13.0,     4.0, -2.0   ,     4.0,     3.0,     0.0,     0.0,     1.0,    61.0
kariypa01, 1997,     1, ANA , NHL , L  , 22.0, 17.0,  14.0,  31.0,  23.0, 12.0 ,  3.0,  2.0,  0.0,  0.0,  2.0, 1.0, 103.0,       ,      ,      ,        ,        ,        ,        ,        ,        ,        ,        ,      
kariypa01, 1998,     1, ANA , NHL , L  , 82.0, 39.0,  62.0, 101.0,  40.0, 17.0 , 11.0, 32.0,  2.0,  1.0,  4.0, 0.0, 429.0,    3.0,   1.0,   3.0,     4.0,     0.0, 0.0    ,     0.0,     2.0,     0.0,     0.0,     0.0,    11.0
kariypa01, 1999,     1, ANA , NHL , L  , 74.0, 42.0,  44.0,  86.0,  24.0, 22.0 , 11.0, 20.0,  3.0,  0.0,  3.0, 0.0, 324.0,       ,      ,      ,        ,        ,        ,        ,        ,        ,        ,        ,      
kariypa01, 2000,     1, ANA , NHL , L  , 66.0, 33.0,  34.0,  67.0,  20.0, -9.0 , 18.0, 16.0,  3.0,  0.0,  3.0, 0.0, 230.0,       ,      ,      ,        ,        ,        ,        ,        ,        ,        ,        ,      
kariypa01, 2001,     1, ANA , NHL , R  , 82.0, 32.0,  25.0,  57.0,  28.0, -15.0, 11.0, 14.0,  0.0,  0.0,  8.0, 1.0, 289.0,       ,      ,      ,        ,        ,        ,        ,        ,        ,        ,        ,      
kariypa01, 2002,     1, ANA , NHL , L  , 82.0, 25.0,  56.0,  81.0,  48.0, -3.0 , 11.0, 24.0,  1.0,  0.0,  2.0, 1.0, 257.0,   21.0,   6.0,   6.0,    12.0,     6.0, 0.0    ,     0.0,     3.0,     0.0,     0.0,     1.0,    53.0
kariypa01, 2003,     1, COL , NHL , L  , 51.0, 11.0,  25.0,  36.0,  22.0, -5.0 ,  5.0,  9.0,  1.0,  1.0,  1.0, 0.0, 110.0,    1.0,   0.0,   1.0,     1.0,     0.0, -1.0   ,     0.0,     1.0,     0.0,     0.0,     0.0,     2.0
kariypa01, 2005,     1, NAS , NHL , L  , 82.0, 31.0,  54.0,  85.0,  40.0, -6.0 , 14.0, 32.0,  0.0,  0.0,  3.0,    , 245.0,    5.0,   2.0,   5.0,     7.0,     0.0, 0.0    ,     2.0,     4.0,     0.0,     0.0,     0.0,    12.0
kariypa01, 2006,     1, NAS , NHL , L  , 82.0, 24.0,  52.0,  76.0,  36.0, 6.0  ,  5.0, 20.0,  0.0,  0.0,  2.0,    , 224.0,    5.0,   0.0,   2.0,     2.0,     2.0, -4.0   ,     0.0,     2.0,     0.0,     0.0,     0.0,    10.0
kariypa01, 2007,     1, STL , NHL , L  , 82.0, 16.0,  49.0,  65.0,  50.0, -10.0,  5.0, 16.0,  0.0,  0.0,  1.0,    , 223.0,       ,      ,      ,        ,        ,        ,        ,        ,        ,        ,        ,      
kariypa01, 2008,     1, STL , NHL , L  , 11.0,  2.0,  13.0,  15.0,   2.0, 1.0  ,  0.0,  9.0,  0.0,  0.0,  0.0,    ,  31.0,       ,      ,      ,        ,        ,        ,        ,        ,        ,        ,        ,      
kariypa01, 2009,     1, STL , NHL , L  , 75.0, 18.0,  25.0,  43.0,  36.0, -7.0 ,  3.0,  9.0,  0.0,  0.0,  2.0,    , 221.0,       ,      ,      ,        ,        ,        ,        ,        ,        ,        ,        ,      
kariyst01, 1999,     1, VAN , NHL , L  , 45.0,  8.0,  11.0,  19.0,  22.0, 9.0  ,  0.0,  2.0,  0.0,  0.0,  0.0, 0.0,  41.0,       ,      ,      ,        ,        ,        ,        ,        ,        ,        ,        ,      
kariyst01, 2000,     1, VAN , NHL , L  , 17.0,  1.0,   6.0,   7.0,   8.0, -1.0 ,  1.0,  1.0,  0.0,  0.0,  0.0, 0.0,  22.0,       ,      ,      ,        ,        ,        ,        ,        ,        ,        ,        ,      
kariyst01, 2001,     1, VAN , NHL , L  ,  3.0,  0.0,   1.0,   1.0,   2.0, -2.0 ,  0.0,  0.0,  0.0,  0.0,  0.0, 0.0,   0.0,       ,      ,      ,        ,        ,        ,        ,        ,        ,        ,        ,      
karjaky01, 1991,     1, LAK , NHL , R  , 28.0,  1.0,   8.0,   9.0,  12.0, 4.0  ,  0.0,  0.0,  0.0,  0.0,  0.0, 0.0,  20.0,    3.0,   0.0,   1.0,     1.0,     2.0, 0.0    ,     0.0,     0.0,     0.0,     0.0,     0.0,     2.0
karlaal01, 1969,     1, DET , NHL , C  , 41.0,  5.0,  10.0,  15.0,   6.0, 8.0  ,  0.0,     ,  0.0,     ,  0.0, 0.0,  41.0,    4.0,   0.0,   1.0,     1.0,     0.0,        ,     0.0,        ,     0.0,        ,     0.0,      
karlaal01, 1970,     1, DET , NHL , C  , 23.0,  1.0,   4.0,   5.0,  10.0, 5.0  ,  1.0,     ,  0.0,     ,  0.0, 0.0,   9.0,       ,      ,      ,        ,        ,        ,        ,        ,        ,        ,        ,      
karlaal01, 1971,     1, DET , NHL , C  , 71.0, 15.0,  20.0,  35.0,  29.0, 14.0 ,  0.0,     ,  0.0,     ,  5.0, 0.0,  93.0,       ,      ,      ,        ,        ,        ,        ,        ,        ,        ,        ,      
karlaal01, 1972,     1, DET , NHL , L  , 77.0, 15.0,  22.0,  37.0,  25.0, 2.0  ,  4.0,     ,  0.0,     ,  4.0, 2.0,  99.0,       ,      ,      ,        ,        ,        ,        ,        ,        ,        ,        ,      
karlaal01, 1973,     1, NEW , WHA , C  , 77.0, 20.0,  41.0,  61.0,  46.0,      ,  5.0,     ,  0.0,     ,  4.0,    ,      ,    7.0,   1.0,   3.0,     4.0,     2.0,        ,        ,        ,        ,        ,     0.0,      
karlaal01, 1974,     1, NEW , WHA , L  , 48.0,  7.0,  14.0,  21.0,   2.0, -4.0 ,  0.0,     ,  0.0,     ,     ,    ,  64.0,    5.0,   0.0,   3.0,     3.0,     0.0,        ,     0.0,        ,     0.0,        ,     0.0,      
karlaal01, 1975,     1, IND , WHA , C  , 79.0, 16.0,  28.0,  44.0,  36.0, 15.0 ,  4.0,     ,  0.0,     ,  3.0,    , 121.0,    3.0,   0.0,   0.0,     0.0,     4.0, 0.0    ,        ,        ,        ,        ,        ,      
karlaal01, 1976,     1, IND , WHA , C  , 65.0, 17.0,  28.0,  45.0,  23.0, 5.0  ,  4.0,     ,  0.0,     ,     ,    ,  98.0,    6.0,   2.0,   1.0,     3.0,     0.0, 0.0    ,        ,        ,        ,        ,     0.0,      
karlsan01, 1999,     1, ATL , NHL , C  , 51.0,  5.0,   9.0,  14.0,  14.0, -17.0,  1.0,  1.0,  0.0,  1.0,  0.0, 0.0,  74.0,       ,      ,      ,        ,        ,        ,        ,        ,        ,        ,        ,      
karlsan01, 2000,     1, ATL , NHL , C  , 60.0,  5.0,  11.0,  16.0,  16.0, -2.0 ,  0.0,  1.0,  1.0,  1.0,  0.0, 0.0,  83.0,       ,      ,      ,        ,        ,        ,        ,        ,        ,        ,        ,      
karlsan01, 2001,     1, ATL , NHL , C  , 42.0,  1.0,   7.0,   8.0,  20.0, -8.0 ,  0.0,  0.0,  0.0,  0.0,  0.0, 0.0,  41.0,       ,      ,      ,        ,        ,        ,        ,        ,        ,        ,        ,      
karlsan01, 2006,     1, TBL , NHL , C  , 53.0,  3.0,   6.0,   9.0,  12.0, -4.0 ,  0.0,  1.0,  0.0,  0.0,  1.0,    ,  25.0,    6.0,   0.0,   0.0,     0.0,     0.0, -1.0   ,     0.0,     0.0,     0.0,     0.0,     0.0,     5.0
karlsan01, 2007,     1, TBL , NHL , C  , 58.0,  2.0,   2.0,   4.0,  10.0, -7.0 ,  0.0,  0.0,  0.0,  0.0,  1.0,    ,  31.0,       ,      ,      ,        ,        ,        ,        ,        ,        ,        ,        ,      
karlser01, 2009,     1, OTT , NHL , D  , 60.0,  5.0,  21.0,  26.0,  24.0, -5.0 ,  1.0,  9.0,  0.0,  0.0,  0.0,    , 112.0,    6.0,   1.0,   5.0,     6.0,     4.0, -4.0   ,     1.0,     3.0,     0.0,     0.0,     0.0,    12.0
karpada01, 1991,     1, QUE , NHL , D  ,  4.0,  0.0,   0.0,   0.0,  14.0, 2.0  ,  0.0,  0.0,  0.0,  0.0,  0.0, 0.0,   2.0,       ,      ,      ,        ,        ,        ,        ,        ,        ,        ,        ,      
karpada01, 1992,     1, QUE , NHL , D  , 12.0,  0.0,   1.0,   1.0,  13.0, -6.0 ,  0.0,  0.0,  0.0,  0.0,  0.0, 0.0,   2.0,    3.0,   0.0,   0.0,     0.0,     0.0, 0.0    ,     0.0,     0.0,     0.0,     0.0,     0.0,     3.0
karpada01, 1993,     1, QUE , NHL , D  , 60.0,  5.0,  12.0,  17.0, 148.0, 0.0  ,  2.0,  4.0,  0.0,  0.0,  0.0, 0.0,  48.0,       ,      ,      ,        ,        ,        ,        ,        ,        ,        ,        ,      
karpada01, 1994,     1, QUE , NHL , D  ,  2.0,  0.0,   0.0,   0.0,   0.0, -1.0 ,  0.0,  0.0,  0.0,  0.0,  0.0, 0.0,   1.0,       ,      ,      ,        ,        ,        ,        ,        ,        ,        ,        ,      
karpada01, 1994,     2, ANA , NHL , D  , 26.0,  1.0,   5.0,   6.0,  91.0, 0.0  ,  0.0,  0.0,  0.0,  0.0,  0.0, 0.0,  32.0,       ,      ,      ,        ,        ,        ,        ,        ,        ,        ,        ,      
karpada01, 1995,     1, ANA , NHL , D  , 72.0,  3.0,  16.0,  19.0, 270.0, -3.0 ,  0.0,  3.0,  1.0,  1.0,  1.0, 0.0,  62.0,       ,      ,      ,        ,        ,        ,        ,        ,        ,        ,        ,      
karpada01, 1996,     1, ANA , NHL , D  , 69.0,  2.0,  11.0,  13.0, 210.0, 11.0 ,  0.0,  1.0,  0.0,  0.0,  1.0, 0.0,  90.0,    8.0,   1.0,   1.0,     2.0,    20.0, -2.0   ,     0.0,     0.0,     0.0,     0.0,     1.0,    13.0
karpada01, 1997,     1, ANA , NHL , D  , 78.0,  1.0,  11.0,  12.0, 217.0, -3.0 ,  0.0,  1.0,  0.0,  1.0,  0.0, 0.0,  64.0,       ,      ,      ,        ,        ,        ,        ,        ,        ,        ,        ,      
karpada01, 1998,     1, CAR , NHL , D  , 33.0,  0.0,   2.0,   2.0,  55.0, 1.0  ,  0.0,  1.0,  0.0,  0.0,  0.0, 0.0,  21.0,    2.0,   0.0,   0.0,     0.0,     2.0, -2.0   ,     0.0,     0.0,     0.0,     0.0,     0.0,     0.0
karpada01, 1999,     1, CAR , NHL , D  , 27.0,  1.0,   4.0,   5.0,  52.0, 9.0  ,  0.0,  0.0,  0.0,  0.0,  0.0, 0.0,  24.0,       ,      ,      ,        ,        ,        ,        ,        ,        ,        ,        ,      
karpada01, 2000,     1, CAR , NHL , D  , 80.0,  4.0,   6.0,  10.0, 159.0, -19.0,  2.0,  1.0,  0.0,  0.0,  0.0, 0.0,  69.0,    6.0,   0.0,   0.0,     0.0,    17.0, -3.0   ,     0.0,     0.0,     0.0,     0.0,     0.0,     5.0
karpada01, 2001,     1, NYR , NHL , D  , 75.0,  1.0,  10.0,  11.0, 131.0, -9.0 ,  0.0,  0.0,  0.0,  1.0,  1.0, 0.0,  53.0,       ,      ,      ,        ,        ,        ,        ,        ,        ,        ,        ,      
karpada01, 2002,     1, NYR , NHL , D  , 19.0,  0.0,   2.0,   2.0,  14.0, -1.0 ,  0.0,  0.0,  0.0,  0.0,  0.0, 0.0,  13.0,       ,      ,      ,        ,        ,        ,        ,        ,        ,        ,        ,      
karpoal01, 1993,     1, NYR , NHL , D  , 67.0,  3.0,  15.0,  18.0,  58.0, 12.0 ,  1.0,  4.0,  0.0,  1.0,  1.0, 0.0,  78.0,   17.0,   0.0,   4.0,     4.0,    12.0, -6.0   ,     0.0,     1.0,     0.0,     0.0,     0.0,    14.0
karpoal01, 1994,     1, NYR , NHL , D  , 47.0,  4.0,   8.0,  12.0,  30.0, -4.0 ,  1.0,  4.0,  0.0,  1.0,  1.0, 0.0,  82.0,    8.0,   1.0,   0.0,     1.0,     0.0, -1.0   ,     0.0,     0.0,     0.0,     0.0,     0.0,     8.0
karpoal01, 1995,     1, NYR , NHL , D  , 40.0,  2.0,  16.0,  18.0,  26.0, 12.0 ,  1.0,  7.0,  0.0,  0.0,  1.0, 0.0,  71.0,    6.0,   0.0,   1.0,     1.0,     4.0, -2.0   ,     0.0,     0.0,     0.0,     0.0,     0.0,     5.0
karpoal01, 1996,     1, NYR , NHL , D  , 77.0,  9.0,  29.0,  38.0,  59.0, 1.0  ,  6.0, 13.0,  1.0,  0.0,  0.0, 0.0,  84.0,   13.0,   1.0,   3.0,     4.0,    20.0, 2.0    ,     1.0,     2.0,     0.0,     0.0,     0.0,    10.0
karpoal01, 1997,     1, NYR , NHL , D  , 47.0,  3.0,   7.0,  10.0,  38.0, -1.0 ,  1.0,  2.0,  0.0,  0.0,  1.0, 0.0,  46.0,       ,      ,      ,        ,        ,        ,        ,        ,        ,        ,        ,      
karpoal01, 1998,     1, NYR , NHL , D  ,  2.0,  1.0,   0.0,   1.0,   0.0, 1.0  ,  0.0,  0.0,  0.0,  0.0,  0.0, 0.0,   4.0,       ,      ,      ,        ,        ,        ,        ,        ,        ,        ,        ,      
karpoal01, 1998,     2, TOR , NHL , D  , 56.0,  2.0,  25.0,  27.0,  52.0, 38.0 ,  1.0,  9.0,  0.0,  0.0,  1.0, 0.0,  61.0,   14.0,   1.0,   3.0,     4.0,    12.0, -7.0   ,     1.0,     3.0,     0.0,     0.0,     0.0,    13.0
karpoal01, 1999,     1, TOR , NHL , D  , 69.0,  3.0,  14.0,  17.0,  54.0, 9.0  ,  3.0,  9.0,  0.0,  0.0,  0.0, 0.0,  51.0,   11.0,   0.0,   3.0,     3.0,     4.0, 4.0    ,     0.0,     0.0,     0.0,     0.0,     0.0,     7.0
karpoal01, 2000,     1, CHI , NHL , D  , 53.0,  2.0,  13.0,  15.0,  39.0, -4.0 ,  1.0,  4.0,  0.0,  0.0,  0.0, 0.0,  52.0,       ,      ,      ,        ,        ,        ,        ,        ,        ,        ,        ,      
karpoal01, 2001,     1, CHI , NHL , D  , 65.0,  1.0,   9.0,  10.0,  40.0, 10.0 ,  0.0,  0.0,  1.0,  0.0,  0.0, 0.0,  40.0,    5.0,   1.0,   0.0,     1.0,     0.0, -1.0   ,     0.0,     0.0,     0.0,     0.0,     1.0,     6.0
karpoal01, 2002,     1, CHI , NHL , D  , 40.0,  4.0,  10.0,  14.0,  12.0, -8.0 ,  3.0,  3.0,  0.0,  2.0,  1.0, 0.0,  36.0,       ,      ,      ,        ,        ,        ,        ,        ,        ,        ,        ,      
karpoal01, 2003,     1, CHI , NHL , D  , 24.0,  0.0,   7.0,   7.0,  14.0, -17.0,  0.0,  4.0,  0.0,  0.0,  0.0, 0.0,  31.0,       ,      ,      ,        ,        ,        ,        ,        ,        ,        ,        ,      
karpoal01, 2003,     2, NYI , NHL , D  ,  3.0,  0.0,   1.0,   1.0,   4.0, 1.0  ,  0.0,  0.0,  0.0,  0.0,  0.0, 0.0,   3.0,       ,      ,      ,        ,        ,        ,        ,        ,        ,        ,        ,      
karpoal01, 2005,     1, FLO , NHL , D  ,  6.0,  0.0,   0.0,   0.0,   4.0, -3.0 ,  0.0,  0.0,  0.0,  0.0,  0.0,    ,   4.0,       ,      ,      ,        ,        ,        ,        ,        ,        ,        ,        ,      
karpova01, 1994,     1, ANA , NHL , R  , 30.0,  4.0,   7.0,  11.0,   6.0, -4.0 ,  0.0,  0.0,  0.0,  0.0,  0.0, 0.0,  48.0,       ,      ,      ,        ,        ,        ,        ,        ,        ,        ,        ,      
karpova01, 1995,     1, ANA , NHL , L  , 37.0,  9.0,   8.0,  17.0,  10.0, -1.0 ,  0.0,  4.0,  0.0,  0.0,  1.0, 0.0,  42.0,       ,      ,      ,        ,        ,        ,        ,        ,        ,        ,        ,      
karpova01, 1996,     1, ANA , NHL , R  ,  9.0,  1.0,   0.0,   1.0,  16.0, -2.0 ,  0.0,  0.0,  0.0,  0.0,  0.0, 0.0,   4.0,       ,      ,      ,        ,        ,        ,        ,        ,        ,        ,        ,      
karsuma01, 2008,     1, BOS , NHL , R  ,  6.0,  0.0,   1.0,   1.0,   0.0, -3.0 ,  0.0,  0.0,  0.0,  0.0,  0.0,    ,   6.0,       ,      ,      ,        ,        ,        ,        ,        ,        ,        ,        ,      
karsuma01, 2008,     2, TBL , NHL , R  , 18.0,  1.0,   4.0,   5.0,   6.0, -5.0 ,  0.0,  1.0,  0.0,  0.0,  0.0,    ,  22.0,       ,      ,      ,        ,        ,        ,        ,        ,        ,        ,        ,      
kasatal01, 1989,     1, NJD , NHL , D  , 39.0,  6.0,  15.0,  21.0,  16.0, 15.0 ,  1.0,  5.0,  0.0,  2.0,  0.0, 0.0,  60.0,    6.0,   0.0,   3.0,     3.0,    14.0, -2.0   ,     0.0,     1.0,     0.0,     0.0,     0.0,     7.0
kasatal01, 1990,     1, NJD , NHL , D  , 78.0, 10.0,  31.0,  41.0,  76.0, 23.0 ,  1.0,  9.0,  0.0,  0.0,  3.0, 0.0, 122.0,    7.0,   1.0,   3.0,     4.0,    10.0, -1.0   ,     0.0,     1.0,     0.0,     1.0,     0.0,    12.0
kasatal01, 1991,     1, NJD , NHL , D  , 76.0, 12.0,  28.0,  40.0,  70.0, 14.0 ,  3.0, 13.0,  2.0,  0.0,  1.0, 0.0, 107.0,    7.0,   1.0,   1.0,     2.0,    12.0, 3.0    ,     0.0,     0.0,     0.0,     0.0,     0.0,     8.0
kasatal01, 1992,     1, NJD , NHL , D  , 64.0,  3.0,  14.0,  17.0,  57.0, 4.0  ,  0.0,  0.0,  0.0,  1.0,  0.0, 0.0,  63.0,    4.0,   0.0,   0.0,     0.0,     0.0, 0.0    ,     0.0,     0.0,     0.0,     0.0,     0.0,     7.0
kasatal01, 1993,     1, ANA , NHL , D  , 55.0,  4.0,  18.0,  22.0,  43.0, -8.0 ,  1.0,  7.0,  0.0,  1.0,  1.0, 0.0,  81.0,       ,      ,      ,        ,        ,        ,        ,        ,        ,        ,        ,      
kasatal01, 1993,     2, STL , NHL , D  ,  8.0,  0.0,   2.0,   2.0,  19.0, 5.0  ,  0.0,  0.0,  0.0,  0.0,  0.0, 0.0,   6.0,    4.0,   2.0,   0.0,     2.0,     2.0, -2.0   ,     0.0,     0.0,     0.0,     0.0,     0.0,     7.0
kasatal01, 1994,     1, BOS , NHL , D  , 44.0,  2.0,  14.0,  16.0,  33.0, -2.0 ,  0.0,  7.0,  1.0,  0.0,  0.0, 0.0,  50.0,    5.0,   0.0,   0.0,     0.0,     2.0, 0.0    ,     0.0,     0.0,     0.0,     0.0,     0.0,     3.0
kasatal01, 1995,     1, BOS , NHL , D  , 19.0,  1.0,   0.0,   1.0,  12.0, 1.0  ,  0.0,  0.0,  0.0,  0.0,  0.0, 0.0,  15.0,       ,      ,      ,        ,        ,        ,        ,        ,        ,        ,        ,      
kaspada01, 1992,     1, NYI , NHL , D  , 79.0,  4.0,  17.0,  21.0, 166.0, 15.0 ,  0.0,  0.0,  0.0,  1.0,  0.0, 0.0,  92.0,   18.0,   0.0,   5.0,     5.0,    31.0, 2.0    ,     0.0,     0.0,     0.0,     2.0,     0.0,    24.0
kaspada01, 1993,     1, NYI , NHL , D  , 76.0,  1.0,  10.0,  11.0, 142.0, -6.0 ,  0.0,  1.0,  0.0,  2.0,  0.0, 0.0,  81.0,    4.0,   0.0,   0.0,     0.0,     8.0, -6.0   ,     0.0,     0.0,     0.0,     0.0,     0.0,     3.0
kaspada01, 1994,     1, NYI , NHL , D  , 13.0,  0.0,   1.0,   1.0,  22.0, -11.0,  0.0,  0.0,  0.0,  0.0,  0.0, 0.0,   8.0,       ,      ,      ,        ,        ,        ,        ,        ,        ,        ,        ,      
kaspada01, 1995,     1, NYI , NHL , D  , 46.0,  1.0,   7.0,   8.0,  93.0, -12.0,  0.0,  0.0,  0.0,  1.0,  0.0, 0.0,  34.0,       ,      ,      ,        ,        ,        ,        ,        ,        ,        ,        ,      
kaspada01, 1996,     1, NYI , NHL , D  , 18.0,  0.0,   5.0,   5.0,  16.0, -7.0 ,  0.0,  0.0,  0.0,  1.0,  0.0, 0.0,  12.0,       ,      ,      ,        ,        ,        ,        ,        ,        ,        ,        ,      
kaspada01, 1996,     2, PIT , NHL , D  , 57.0,  2.0,  16.0,  18.0,  84.0, 24.0 ,  0.0,  1.0,  0.0,  1.0,  0.0, 0.0,  46.0,    5.0,   0.0,   0.0,     0.0,     6.0, -4.0   ,     0.0,     0.0,     0.0,     0.0,     0.0,     7.0
kaspada01, 1997,     1, PIT , NHL , D  , 81.0,  4.0,   8.0,  12.0, 127.0, 3.0  ,  0.0,  2.0,  2.0,  0.0,  0.0, 0.0,  71.0,    5.0,   0.0,   0.0,     0.0,     8.0, -2.0   ,     0.0,     0.0,     0.0,     0.0,     0.0,     3.0
kaspada01, 1998,     1, PIT , NHL , D  , 48.0,  1.0,   4.0,   5.0,  70.0, 12.0 ,  0.0,  0.0,  0.0,  0.0,  0.0, 0.0,  32.0,       ,      ,      ,        ,        ,        ,        ,        ,        ,        ,        ,      
kaspada01, 1999,     1, PIT , NHL , D  , 73.0,  3.0,  12.0,  15.0, 146.0, -12.0,  1.0,  1.0,  0.0,  1.0,  1.0, 0.0,  76.0,   11.0,   1.0,   1.0,     2.0,    10.0, -3.0   ,     0.0,     0.0,     0.0,     0.0,     0.0,     6.0
kaspada01, 2000,     1, PIT , NHL , D  , 77.0,  3.0,  16.0,  19.0, 111.0, 11.0 ,  1.0,  0.0,  0.0,  1.0,  0.0, 0.0,  81.0,   17.0,   1.0,   1.0,     2.0,    26.0, -5.0   ,     0.0,     0.0,     0.0,     0.0,     1.0,    14.0
kaspada01, 2001,     1, PIT , NHL , D  , 69.0,  2.0,  12.0,  14.0, 123.0, -1.0 ,  0.0,  0.0,  0.0,  1.0,  0.0, 0.0,  75.0,       ,      ,      ,        ,        ,        ,        ,        ,        ,        ,        ,      
kaspada01, 2001,     2, COL , NHL , D  , 11.0,  0.0,   0.0,   0.0,  19.0, 1.0  ,  0.0,  0.0,  0.0,  0.0,  0.0, 0.0,   6.0,   21.0,   0.0,   3.0,     3.0,    18.0, 10.0   ,     0.0,     0.0,     0.0,     0.0,     0.0,    18.0
kaspada01, 2002,     1, NYR , NHL , D  , 80.0,  3.0,  11.0,  14.0,  85.0, 5.0  ,  0.0,  2.0,  0.0,  0.0,  1.0, 0.0,  84.0,       ,      ,      ,        ,        ,        ,        ,        ,        ,        ,        ,      
kaspada01, 2003,     1, NYR , NHL , D  , 44.0,  1.0,   9.0,  10.0,  48.0, 11.0 ,  0.0,  0.0,  0.0,  0.0,  0.0, 0.0,  29.0,       ,      ,      ,        ,        ,        ,        ,        ,        ,        ,        ,      
kaspada01, 2005,     1, NYR , NHL , D  , 67.0,  0.0,   6.0,   6.0,  97.0, 7.0  ,  0.0,  0.0,  0.0,  0.0,  0.0,    ,  48.0,    2.0,   0.0,   0.0,     0.0,     0.0, -1.0   ,     0.0,     0.0,     0.0,     0.0,     0.0,     1.0
kaspada01, 2006,     1, NYR , NHL , D  , 24.0,  2.0,   2.0,   4.0,  30.0, -1.0 ,  0.0,  0.0,  0.0,  0.0,  0.0,    ,   9.0,       ,      ,      ,        ,        ,        ,        ,        ,        ,        ,        ,      
kaspalu01, 2007,     1, SJS , NHL , L  ,  3.0,  0.0,   0.0,   0.0,   0.0, -2.0 ,  0.0,  0.0,  0.0,  0.0,  0.0,    ,   5.0,       ,      ,      ,        ,        ,        ,        ,        ,        ,        ,        ,      
kaspalu01, 2008,     1, SJS , NHL , L  , 13.0,  2.0,   2.0,   4.0,   8.0, 0.0  ,  0.0,  1.0,  0.0,  0.0,  1.0,    ,  14.0,       ,      ,      ,        ,        ,        ,        ,        ,        ,        ,        ,      
kaspest01, 1980,     1, BOS , NHL , C  , 76.0, 21.0,  35.0,  56.0,  94.0, 9.0  ,  5.0,     ,  0.0,     ,  1.0, 1.0, 165.0,    3.0,   0.0,   1.0,     1.0,     0.0,        ,     0.0,        ,     0.0,        ,     0.0,      
kaspest01, 1981,     1, BOS , NHL , C  , 73.0, 20.0,  31.0,  51.0,  72.0, -18.0,  1.0,     ,  3.0,     ,  3.0, 0.0, 151.0,   11.0,   3.0,   6.0,     9.0,    22.0,        ,     1.0,        ,     0.0,        ,     0.0,      
kaspest01, 1982,     1, BOS , NHL , C  , 24.0,  2.0,   6.0,   8.0,  24.0, -8.0 ,  0.0,     ,  0.0,     ,  1.0, 0.0,  26.0,   12.0,   2.0,   1.0,     3.0,    10.0,        ,     0.0,        ,     1.0,        ,     0.0,      
kaspest01, 1983,     1, BOS , NHL , C  , 27.0,  3.0,  11.0,  14.0,  19.0, 3.0  ,  0.0,     ,  0.0,     ,  0.0, 0.0,  39.0,    3.0,   0.0,   0.0,     0.0,     7.0, -2.0   ,     0.0,        ,     0.0,        ,     0.0,     1.0
kaspest01, 1984,     1, BOS , NHL , C  , 77.0, 16.0,  24.0,  40.0,  33.0, -12.0,  0.0,     ,  5.0,     ,  1.0, 1.0, 144.0,    5.0,   1.0,   0.0,     1.0,     9.0, -4.0   ,     0.0,        ,     0.0,        ,     0.0,    10.0
kaspest01, 1985,     1, BOS , NHL , C  , 80.0, 17.0,  23.0,  40.0,  73.0, -10.0,  1.0,     ,  3.0,     ,  1.0, 1.0, 149.0,    3.0,   1.0,   0.0,     1.0,     4.0, -4.0   ,     0.0,        ,     1.0,        ,     0.0,     1.0
kaspest01, 1986,     1, BOS , NHL , C  , 79.0, 20.0,  30.0,  50.0,  51.0, -4.0 ,  4.0,     ,  2.0,     ,  2.0, 1.0, 110.0,    3.0,   0.0,   2.0,     2.0,     0.0, -4.0   ,     0.0,        ,     0.0,        ,     0.0,     5.0
kaspest01, 1987,     1, BOS , NHL , C  , 79.0, 26.0,  44.0,  70.0,  35.0, -1.0 ,  9.0, 11.0,  3.0,  4.0,  5.0, 0.0, 166.0,   23.0,   7.0,   6.0,    13.0,    10.0, 9.0    ,     0.0,     0.0,     1.0,     0.0,     0.0,    27.0
kaspest01, 1988,     1, BOS , NHL , C  , 49.0, 10.0,  16.0,  26.0,  49.0, -2.0 ,  2.0,     ,  0.0,     ,  0.0, 0.0,  82.0,       ,      ,      ,        ,        ,        ,        ,        ,        ,        ,        ,      
kaspest01, 1988,     2, LAK , NHL , C  , 29.0,  9.0,  15.0,  24.0,  14.0, 0.0  ,  3.0,     ,  2.0,     ,  2.0, 0.0,  48.0,   11.0,   1.0,   5.0,     6.0,    10.0, -2.0   ,     0.0,     1.0,     0.0,     1.0,     0.0,    18.0
kaspest01, 1989,     1, LAK , NHL , C  , 77.0, 17.0,  28.0,  45.0,  27.0, 4.0  ,  1.0,  2.0,  1.0,  2.0,  4.0, 0.0,  72.0,   10.0,   1.0,   1.0,     2.0,     2.0, -4.0   ,     0.0,     0.0,     0.0,     0.0,     0.0,    13.0
kaspest01, 1990,     1, LAK , NHL , C  , 67.0,  9.0,  19.0,  28.0,  33.0, 3.0  ,  0.0,  0.0,  1.0,  1.0,  1.0, 0.0,  70.0,   10.0,   4.0,   6.0,    10.0,     8.0, 4.0    ,     0.0,     0.0,     1.0,     0.0,     0.0,    11.0
kaspest01, 1991,     1, PHI , NHL , C  , 16.0,  3.0,   2.0,   5.0,  10.0, -3.0 ,  0.0,  0.0,  1.0,  0.0,  0.0, 0.0,  13.0,       ,      ,      ,        ,        ,        ,        ,        ,        ,        ,        ,      
kaspest01, 1992,     1, PHI , NHL , C  , 21.0,  1.0,   3.0,   4.0,   2.0, -4.0 ,  0.0,  0.0,  1.0,  0.0,  0.0, 0.0,   9.0,       ,      ,      ,        ,        ,        ,        ,        ,        ,        ,        ,      
kaspest01, 1992,     2, TBL , NHL , C  , 47.0,  3.0,   4.0,   7.0,  18.0, -13.0,  0.0,  0.0,  0.0,  0.0,  0.0, 0.0,  23.0,       ,      ,      ,        ,        ,        ,        ,        ,        ,        ,        ,      
kasside01, 1972,     1, ALB , WHA , L  , 50.0,  6.0,   7.0,  13.0,  14.0,      ,  1.0,     ,  0.0,     ,     ,    ,      ,       ,      ,      ,        ,        ,        ,        ,        ,        ,        ,        ,      
kasteed01, 1985,     1, WAS , NHL , R  , 15.0,  0.0,   0.0,   0.0,  73.0, 0.0  ,  0.0,     ,  0.0,     ,  0.0, 0.0,   2.0,       ,      ,      ,        ,        ,        ,        ,        ,        ,        ,        ,      
kasteed01, 1986,     1, WAS , NHL , R  , 23.0,  1.0,   1.0,   2.0,  83.0, -3.0 ,  1.0,     ,  0.0,     ,  0.0, 0.0,  15.0,    5.0,   1.0,   0.0,     1.0,    13.0, 1.0    ,     1.0,        ,     0.0,        ,     0.0,     6.0
kasteed01, 1987,     1, WAS , NHL , R  , 35.0,  1.0,   0.0,   1.0,  78.0, -3.0 ,  0.0,  0.0,  0.0,  0.0,  0.0, 0.0,  20.0,    1.0,   0.0,   0.0,     0.0,    19.0, 0.0    ,     0.0,     0.0,     0.0,     0.0,     0.0,     0.0
kasteed01, 1988,     1, HAR , NHL , R  , 10.0,  0.0,   2.0,   2.0,  15.0, 0.0  ,  0.0,  0.0,  0.0,  0.0,  0.0, 0.0,   6.0,       ,      ,      ,        ,        ,        ,        ,        ,        ,        ,        ,      
kasteed01, 1989,     1, HAR , NHL , R  , 67.0,  6.0,   2.0,   8.0, 198.0, -3.0 ,  0.0,  0.0,  0.0,  0.0,  0.0, 0.0,  35.0,    2.0,   0.0,   0.0,     0.0,     0.0, 0.0    ,     0.0,     0.0,     0.0,     0.0,     0.0,     0.0
kasteed01, 1990,     1, HAR , NHL , R  , 45.0,  2.0,   2.0,   4.0, 211.0, -7.0 ,  0.0,  0.0,  0.0,  0.0,  0.0, 0.0,  15.0,       ,      ,      ,        ,        ,        ,        ,        ,        ,        ,        ,      
kasteed01, 1991,     1, HAR , NHL , R  , 25.0,  1.0,   3.0,   4.0,  61.0, -4.0 ,  0.0,  0.0,  0.0,  0.0,  0.0, 0.0,   4.0,       ,      ,      ,        ,        ,        ,        ,        ,        ,        ,        ,      
kaszymi01, 1977,     1, NYI , NHL , C  , 58.0, 13.0,  29.0,  42.0,  24.0, 15.0 ,  3.0,     ,  0.0,     ,  2.0, 0.0,  85.0,    7.0,   1.0,   3.0,     4.0,     4.0,        ,     0.0,        ,     0.0,        ,     0.0,      
kaszymi01, 1978,     1, NYI , NHL , C  , 71.0, 16.0,  18.0,  34.0,  37.0, 7.0  ,  2.0,     ,  0.0,     ,  4.0, 1.0,  89.0,   10.0,   1.0,   3.0,     4.0,     4.0,        ,     0.0,        ,     0.0,        ,     0.0,      
kaszymi01, 1979,     1, NYI , NHL , C  , 16.0,  1.0,   4.0,   5.0,  15.0, 3.0  ,  0.0,     ,  0.0,     ,  0.0, 0.0,  13.0,       ,      ,      ,        ,        ,        ,        ,        ,        ,        ,        ,      
kaszymi01, 1979,     2, WAS , NHL , C  , 28.0,  7.0,  10.0,  17.0,  10.0, -5.0 ,  1.0,     ,  0.0,     ,  0.0, 1.0,  34.0,       ,      ,      ,        ,        ,        ,        ,        ,        ,        ,        ,      
kaszymi01, 1979,     3, TOR , NHL , C  , 25.0,  4.0,   4.0,   8.0,  10.0, -4.0 ,  0.0,     ,  0.0,     ,  0.0, 0.0,  17.0,    2.0,   0.0,   0.0,     0.0,     2.0,        ,     0.0,        ,     0.0,        ,     0.0,      
kaszymi01, 1980,     1, TOR , NHL , C  ,  6.0,  0.0,   2.0,   2.0,   2.0, 2.0  ,  0.0,     ,  0.0,     ,  0.0, 0.0,   3.0,       ,      ,      ,        ,        ,        ,        ,        ,        ,        ,        ,      
kaszymi01, 1982,     1, TOR , NHL , C  , 22.0,  1.0,  13.0,  14.0,  10.0, 0.0  ,  0.0,     ,  0.0,     ,  0.0, 0.0,  19.0,       ,      ,      ,        ,        ,        ,        ,        ,        ,        ,        ,      
kavanpa01, 2000,     1, VAN , NHL , R  ,     ,     ,      ,      ,      ,      ,     ,     ,     ,     ,     ,    ,      ,    3.0,   0.0,   0.0,     0.0,     2.0, 0.0    ,     0.0,     0.0,     0.0,     0.0,     0.0,     0.0
kavanpa01, 2002,     1, VAN , NHL , R  ,  3.0,  1.0,   0.0,   1.0,   2.0, 2.0  ,  0.0,  0.0,  0.0,  0.0,  1.0, 0.0,   4.0,       ,      ,      ,        ,        ,        ,        ,        ,        ,        ,        ,      
kavanpa01, 2003,     1, VAN , NHL , R  ,  3.0,  1.0,   0.0,   1.0,   0.0, 0.0  ,  0.0,  0.0,  0.0,  0.0,  0.0, 0.0,   1.0,       ,      ,      ,        ,        ,        ,        ,        ,        ,        ,        ,      
kavanpa01, 2005,     1, PHI , NHL , R  ,  8.0,  0.0,   0.0,   0.0,   2.0, -2.0 ,  0.0,  0.0,  0.0,  0.0,  0.0,    ,   1.0,       ,      ,      ,        ,        ,        ,        ,        ,        ,        ,        ,      
keaed01  , 1973,     1, ATF , NHL , D  ,  3.0,  0.0,   2.0,   2.0,   0.0, 2.0  ,  0.0,     ,  0.0,     ,  0.0, 0.0,   3.0,       ,      ,      ,        ,        ,        ,        ,        ,        ,        ,        ,      
keaed01  , 1974,     1, ATF , NHL , D  , 50.0,  1.0,   9.0,  10.0,  39.0, 7.0  ,  0.0,     ,  0.0,     ,  0.0, 1.0,  61.0,       ,      ,      ,        ,        ,        ,        ,        ,        ,        ,        ,      
keaed01  , 1975,     1, ATF , NHL , D  , 78.0,  8.0,  19.0,  27.0, 101.0, 21.0 ,  1.0,     ,  0.0,     ,  0.0, 0.0, 125.0,    2.0,   0.0,   0.0,     0.0,     7.0,        ,     0.0,        ,     0.0,        ,     0.0,      
keaed01  , 1976,     1, ATF , NHL , D  , 72.0,  4.0,  21.0,  25.0,  63.0, 0.0  ,  0.0,     ,  0.0,     ,  0.0, 0.0, 112.0,    3.0,   0.0,   1.0,     1.0,     2.0,        ,     0.0,        ,     0.0,        ,     0.0,      
keaed01  , 1977,     1, ATF , NHL , D  , 60.0,  3.0,  23.0,  26.0,  40.0, 25.0 ,  0.0,     ,  0.0,     ,  0.0, 0.0,  78.0,    1.0,   0.0,   0.0,     0.0,     0.0,        ,     0.0,        ,     0.0,        ,     0.0,      
keaed01  , 1978,     1, ATF , NHL , D  , 53.0,  6.0,  18.0,  24.0,  40.0, -2.0 ,  2.0,     ,  0.0,     ,  1.0, 1.0,  53.0,    2.0,   0.0,   0.0,     0.0,     0.0,        ,     0.0,        ,     0.0,        ,     0.0,      
keaed01  , 1979,     1, STL , NHL , D  , 69.0,  3.0,  16.0,  19.0,  79.0, 9.0  ,  0.0,     ,  0.0,     ,  1.0, 1.0,  73.0,    3.0,   0.0,   0.0,     0.0,     2.0,        ,     0.0,        ,     0.0,        ,     0.0,      
keaed01  , 1980,     1, STL , NHL , D  , 74.0,  3.0,  18.0,  21.0,  60.0, 15.0 ,  0.0,     ,  0.0,     ,  0.0, 0.0,  59.0,   11.0,   1.0,   2.0,     3.0,    12.0,        ,     0.0,        ,     0.0,        ,     0.0,      
keaed01  , 1981,     1, STL , NHL , D  , 78.0,  2.0,  14.0,  16.0,  62.0, 19.0 ,  0.0,     ,  0.0,     ,  0.0, 0.0,  89.0,   10.0,   1.0,   1.0,     2.0,    16.0,        ,     0.0,        ,     0.0,        ,     0.0,      
keaed01  , 1982,     1, STL , NHL , D  , 46.0,  0.0,   5.0,   5.0,  24.0, -7.0 ,  0.0,     ,  0.0,     ,  0.0, 0.0,  42.0,       ,      ,      ,        ,        ,        ,        ,        ,        ,        ,        ,      
keanemi01, 1988,     1, MTL , NHL , R  , 69.0, 16.0,  19.0,  35.0,  69.0, 9.0  ,  5.0,  4.0,  0.0,  0.0,  1.0, 0.0,  90.0,   21.0,   4.0,   3.0,     7.0,    17.0, 4.0    ,     2.0,     1.0,     0.0,     0.0,     0.0,    21.0
keanemi01, 1989,     1, MTL , NHL , R  , 74.0,  9.0,  15.0,  24.0,  78.0, 0.0  ,  1.0,  2.0,  0.0,  0.0,  1.0, 0.0,  92.0,   11.0,   0.0,   1.0,     1.0,     8.0, -3.0   ,     0.0,     0.0,     0.0,     0.0,     0.0,    13.0
keanemi01, 1990,     1, MTL , NHL , R  , 73.0, 13.0,  23.0,  36.0,  50.0, 6.0  ,  2.0,  2.0,  1.0,  0.0,  2.0, 0.0, 109.0,   12.0,   3.0,   2.0,     5.0,     6.0, 3.0    ,     0.0,     0.0,     0.0,     0.0,     0.0,    19.0
keanemi01, 1991,     1, MTL , NHL , R  , 67.0, 11.0,  30.0,  41.0,  64.0, 16.0 ,  2.0,  6.0,  0.0,  1.0,  2.0, 1.0, 116.0,    8.0,   1.0,   1.0,     2.0,    16.0, 1.0    ,     0.0,     1.0,     0.0,     0.0,     0.0,     7.0
keanemi01, 1992,     1, MTL , NHL , R  , 77.0, 15.0,  45.0,  60.0,  95.0, 29.0 ,  0.0,  2.0,  0.0,  1.0,  1.0, 0.0, 120.0,   19.0,   2.0,  13.0,    15.0,     6.0, 10.0   ,     0.0,     5.0,     0.0,     0.0,     0.0,    27.0
keanemi01, 1993,     1, MTL , NHL , R  , 80.0, 16.0,  30.0,  46.0, 119.0, 6.0  ,  6.0, 11.0,  2.0,  1.0,  2.0, 1.0, 129.0,    6.0,   3.0,   1.0,     4.0,     4.0, 1.0    ,     0.0,     0.0,     0.0,     0.0,     0.0,     8.0
keanemi01, 1994,     1, MTL , NHL , C  , 48.0, 10.0,  10.0,  20.0,  15.0, 5.0  ,  1.0,  1.0,  0.0,  0.0,  0.0, 0.0,  75.0,       ,      ,      ,        ,        ,        ,        ,        ,        ,        ,        ,      
keanemi01, 1995,     1, MTL , NHL , R  , 18.0,  0.0,   7.0,   7.0,   6.0, -6.0 ,  0.0,  2.0,  0.0,  1.0,  0.0, 0.0,  17.0,       ,      ,      ,        ,        ,        ,        ,        ,        ,        ,        ,      
keanemi01, 1995,     2, COL , NHL , R  , 55.0, 10.0,  10.0,  20.0,  40.0, 1.0  ,  0.0,  0.0,  2.0,  2.0,  2.0, 0.0,  67.0,   22.0,   3.0,   2.0,     5.0,    16.0, 1.0    ,     0.0,     0.0,     0.0,     0.0,     1.0,    22.0
keanemi01, 1996,     1, COL , NHL , R  , 81.0, 10.0,  17.0,  27.0,  63.0, 2.0  ,  0.0,  0.0,  1.0,  0.0,  1.0, 0.0,  91.0,   17.0,   3.0,   1.0,     4.0,    24.0, 2.0    ,     0.0,     0.0,     0.0,     0.0,     1.0,    17.0
keanemi01, 1997,     1, NYR , NHL , R  , 70.0,  8.0,  10.0,  18.0,  47.0, -12.0,  2.0,  2.0,  0.0,  0.0,  0.0, 0.0, 113.0,       ,      ,      ,        ,        ,        ,        ,        ,        ,        ,        ,      
keanemi01, 1997,     2, DAL , NHL , R  , 13.0,  2.0,   3.0,   5.0,   5.0, 0.0  ,  0.0,  0.0,  0.0,  0.0,  1.0, 0.0,  15.0,   17.0,   4.0,   4.0,     8.0,     0.0, 7.0    ,     0.0,     0.0,     1.0,     0.0,     1.0,    23.0
keanemi01, 1998,     1, DAL , NHL , R  , 81.0,  6.0,  23.0,  29.0,  62.0, -2.0 ,  1.0,  3.0,  1.0,  0.0,  1.0, 0.0, 106.0,   23.0,   5.0,   2.0,     7.0,     6.0, -1.0   ,     0.0,     0.0,     1.0,     0.0,     1.0,    41.0
keanemi01, 1999,     1, DAL , NHL , R  , 81.0, 13.0,  21.0,  34.0,  41.0, 9.0  ,  0.0,  0.0,  4.0,  0.0,  3.0, 0.0,  85.0,   23.0,   2.0,   4.0,     6.0,    14.0, 1.0    ,     0.0,     0.0,     0.0,     1.0,     0.0,    27.0
keanemi01, 2000,     1, DAL , NHL , R  , 67.0, 10.0,  14.0,  24.0,  35.0, 4.0  ,  1.0,  0.0,  0.0,  1.0,  1.0, 0.0,  64.0,   10.0,   3.0,   2.0,     5.0,     4.0, 1.0    ,     0.0,     0.0,     0.0,     0.0,     0.0,     6.0
keanemi01, 2001,     1, STL , NHL , R  , 56.0,  4.0,   6.0,  10.0,  22.0, -2.0 ,  1.0,  0.0,  0.0,  0.0,  0.0, 1.0,  47.0,       ,      ,      ,        ,        ,        ,        ,        ,        ,        ,        ,      
keanemi01, 2001,     2, COL , NHL , R  , 22.0,  2.0,   5.0,   7.0,  16.0, -2.0 ,  0.0,  1.0,  0.0,  1.0,  0.0, 0.0,  26.0,   18.0,   1.0,   4.0,     5.0,     8.0, 0.0    ,     0.0,     0.0,     0.0,     0.0,     0.0,    24.0
keanemi01, 2002,     1, COL , NHL , R  , 65.0,  5.0,   5.0,  10.0,  34.0, 0.0  ,  0.0,  0.0,  1.0,  0.0,  1.0, 1.0,  35.0,    6.0,   0.0,   0.0,     0.0,     2.0, 0.0    ,     0.0,     0.0,     0.0,     0.0,     0.0,     1.0
keanemi01, 2003,     1, VAN , NHL , R  , 64.0,  8.0,   9.0,  17.0,  20.0, 7.0  ,  0.0,  0.0,  0.0,  3.0,  2.0, 0.0,  41.0,    7.0,   0.0,   0.0,     0.0,     4.0, -3.0   ,     0.0,     0.0,     0.0,     0.0,     0.0,     4.0
keansdo01, 1979,     1, LAK , NHL , G  , 10.0,  0.0,   0.0,   0.0,   0.0, 0.0  ,  0.0,     ,  0.0,     ,  0.0, 0.0,   0.0,    1.0,   0.0,   0.0,     0.0,     0.0,        ,     0.0,        ,     0.0,        ,     0.0,      
keansdo01, 1980,     1, LAK , NHL , G  ,  9.0,  0.0,   0.0,   0.0,   7.0, 0.0  ,  0.0,     ,  0.0,     ,  0.0, 0.0,   0.0,       ,      ,      ,        ,        ,        ,        ,        ,        ,        ,        ,      
keansdo01, 1981,     1, LAK , NHL , G  , 31.0,  0.0,   0.0,   0.0,   0.0, 0.0  ,  0.0,     ,  0.0,     ,  0.0, 0.0,   0.0,    2.0,   0.0,   0.0,     0.0,     0.0,        ,     0.0,        ,     0.0,        ,     0.0,      
keansdo01, 1982,     1, LAK , NHL , G  ,  6.0,  0.0,   1.0,   1.0,   0.0, 0.0  ,  0.0,     ,  0.0,     ,  0.0, 0.0,   0.0,       ,      ,      ,        ,        ,        ,        ,        ,        ,        ,        ,      
keansdo01, 1983,     1, BOS , NHL , G  , 33.0,  0.0,   0.0,   0.0,   2.0, 0.0  ,  0.0,     ,  0.0,     ,  0.0, 0.0,   0.0,       ,      ,      ,        ,        ,        ,        ,        ,        ,        ,        ,      
keansdo01, 1984,     1, BOS , NHL , G  , 25.0,  0.0,   0.0,   0.0,   6.0, 0.0  ,  0.0,     ,  0.0,     ,  0.0, 0.0,   0.0,    4.0,   0.0,   0.0,     0.0,     0.0, 0.0    ,     0.0,        ,     0.0,        ,     0.0,     0.0
keansdo01, 1985,     1, BOS , NHL , G  , 30.0,  0.0,   1.0,   1.0,  12.0, 0.0  ,  0.0,     ,  0.0,     ,  0.0, 0.0,   0.0,       ,      ,      ,        ,        ,        ,        ,        ,        ,        ,        ,      
keansdo01, 1986,     1, BOS , NHL , G  , 36.0,  0.0,   2.0,   2.0,  24.0, 0.0  ,  0.0,     ,  0.0,     ,  0.0, 0.0,   0.0,    2.0,   0.0,   0.0,     0.0,     4.0, 0.0    ,     0.0,        ,     0.0,        ,     0.0,     0.0
keansdo01, 1987,     1, BOS , NHL , G  , 30.0,  0.0,   2.0,   2.0,   2.0, 0.0  ,  0.0,     ,  0.0,     ,  0.0, 0.0,   0.0,       ,      ,      ,        ,        ,        ,        ,        ,        ,        ,        ,      
kearnde01, 1971,     1, VAN , NHL , D  , 73.0,  3.0,  26.0,  29.0,  59.0, -27.0,  2.0,     ,  0.0,     ,  0.0, 0.0, 103.0,       ,      ,      ,        ,        ,        ,        ,        ,        ,        ,        ,      
kearnde01, 1972,     1, VAN , NHL , D  , 72.0,  4.0,  33.0,  37.0,  51.0, -26.0,  2.0,     ,  0.0,     ,  0.0, 0.0, 113.0,       ,      ,      ,        ,        ,        ,        ,        ,        ,        ,        ,      
kearnde01, 1973,     1, VAN , NHL , D  , 52.0,  4.0,  13.0,  17.0,  30.0, -11.0,  2.0,     ,  0.0,     ,  0.0, 1.0,  61.0,       ,      ,      ,        ,        ,        ,        ,        ,        ,        ,        ,      
kearnde01, 1974,     1, VAN , NHL , D  , 49.0,  1.0,  11.0,  12.0,  31.0, 5.0  ,  1.0,     ,  0.0,     ,  0.0, 0.0,  71.0,    4.0,   0.0,   0.0,     0.0,     4.0,        ,     0.0,        ,     0.0,        ,     0.0,      
kearnde01, 1975,     1, VAN , NHL , D  , 80.0,  5.0,  46.0,  51.0,  48.0, -6.0 ,  1.0,     ,  0.0,     ,  0.0, 1.0, 118.0,    2.0,   0.0,   1.0,     1.0,     0.0,        ,     0.0,        ,     0.0,        ,     0.0,      
kearnde01, 1976,     1, VAN , NHL , D  , 80.0,  5.0,  55.0,  60.0,  60.0, -25.0,  2.0,     ,  1.0,     ,  1.0, 0.0, 121.0,       ,      ,      ,        ,        ,        ,        ,        ,        ,        ,        ,      
kearnde01, 1977,     1, VAN , NHL , D  , 80.0,  4.0,  43.0,  47.0,  27.0, -40.0,  1.0,     ,  0.0,     ,  2.0, 0.0, 101.0,       ,      ,      ,        ,        ,        ,        ,        ,        ,        ,        ,      
kearnde01, 1978,     1, VAN , NHL , D  , 78.0,  3.0,  31.0,  34.0,  28.0, -23.0,  0.0,     ,  0.0,     ,  0.0, 0.0, 102.0,    3.0,   1.0,   1.0,     2.0,     2.0,        ,     1.0,        ,     0.0,        ,     0.0,      
kearnde01, 1979,     1, VAN , NHL , D  , 67.0,  1.0,  18.0,  19.0,  24.0, 2.0  ,  0.0,     ,  0.0,     ,  0.0, 0.0,  66.0,    2.0,   0.0,   0.0,     0.0,     2.0,        ,     0.0,        ,     0.0,        ,     0.0,      
kearnde01, 1980,     1, VAN , NHL , D  , 46.0,  1.0,  14.0,  15.0,  28.0, -7.0 ,  0.0,     ,  0.0,     ,  0.0, 0.0,  43.0,       ,      ,      ,        ,        ,        ,        ,        ,        ,        ,        ,      
keatija01, 1938,     1, DET , NHL , L  ,  1.0,  1.0,   0.0,   1.0,   2.0,      ,     ,     ,     ,     ,     ,    ,      ,       ,      ,      ,        ,        ,        ,        ,        ,        ,        ,        ,      
keatija01, 1939,     1, DET , NHL , L  , 10.0,  2.0,   0.0,   2.0,   2.0,      ,     ,     ,     ,     ,     ,    ,      ,       ,      ,      ,        ,        ,        ,        ,        ,        ,        ,        ,      
keatijo01, 1931,     1, NYA , NHL , C  , 22.0,  5.0,   3.0,   8.0,   6.0,      ,     ,     ,     ,     ,     ,    ,      ,       ,      ,      ,        ,        ,        ,        ,        ,        ,        ,        ,      
keatijo01, 1932,     1, NYA , NHL , C  , 13.0,  0.0,   2.0,   2.0,  11.0,      ,     ,     ,     ,     ,     ,    ,      ,       ,      ,      ,        ,        ,        ,        ,        ,        ,        ,        ,      
keatimi01, 1977,     1, NYR , NHL , L  ,  1.0,  0.0,   0.0,   0.0,   0.0, -1.0 ,  0.0,     ,  0.0,     ,  0.0, 0.0,   2.0,       ,      ,      ,        ,        ,        ,        ,        ,        ,        ,        ,      
keatsdu01, 1915,     1, TBS , NHA ,    , 24.0, 22.0,   7.0,  29.0, 112.0,      ,     ,     ,     ,     ,     ,    ,      ,       ,      ,      ,        ,        ,        ,        ,        ,        ,        ,        ,      
keatsdu01, 1916,     1, TBS , NHA ,    , 13.0, 16.0,   2.0,  18.0,  65.0,      ,     ,     ,     ,     ,     ,    ,      ,       ,      ,      ,        ,        ,        ,        ,        ,        ,        ,        ,      
keatsdu01, 1921,     1, EDE , WCHL, C  , 25.0, 31.0,  24.0,  55.0,  47.0,      ,     ,     ,     ,     ,     ,    ,      ,    2.0,   0.0,   1.0,     1.0,     6.0,        ,        ,        ,        ,        ,        ,      
keatsdu01, 1922,     1, EDE , WCHL, C  , 25.0, 24.0,  13.0,  37.0,  72.0,      ,     ,     ,     ,     ,     ,    ,      ,    2.0,   2.0,   2.0,     4.0,     0.0,        ,        ,        ,        ,        ,        ,      
keatsdu01, 1923,     1, EDE , WCHL, C  , 29.0, 19.0,  12.0,  31.0,  41.0,      ,     ,     ,     ,     ,     ,    ,      ,       ,      ,      ,        ,        ,        ,        ,        ,        ,        ,        ,      
keatsdu01, 1924,     1, EDE , WCHL, C  , 28.0, 23.0,   9.0,  32.0,  63.0,      ,     ,     ,     ,     ,     ,    ,      ,       ,      ,      ,        ,        ,        ,        ,        ,        ,        ,        ,      
keatsdu01, 1925,     1, EDE , WCHL, C  , 30.0, 20.0,   9.0,  29.0, 134.0,      ,     ,     ,     ,     ,     ,    ,      ,    2.0,   0.0,   1.0,     1.0,     9.0,        ,        ,        ,        ,        ,        ,      
keatsdu01, 1926,     1, BOS , NHL , C  , 17.0,  5.0,   0.0,   5.0,  10.0,      ,     ,     ,     ,     ,     ,    ,      ,       ,      ,      ,        ,        ,        ,        ,        ,        ,        ,        ,      
keatsdu01, 1926,     2, DTC , NHL , C  , 25.0, 11.0,   8.0,  19.0,  42.0,      ,     ,     ,     ,     ,     ,    ,      ,       ,      ,      ,        ,        ,        ,        ,        ,        ,        ,        ,      
keatsdu01, 1927,     1, DTC , NHL , C  ,  5.0,  0.0,   2.0,   2.0,   6.0,      ,     ,     ,     ,     ,     ,    ,      ,       ,      ,      ,        ,        ,        ,        ,        ,        ,        ,        ,      
keatsdu01, 1927,     2, CHI , NHL , C  , 32.0, 14.0,   8.0,  22.0,  55.0,      ,     ,     ,     ,     ,     ,    ,      ,       ,      ,      ,        ,        ,        ,        ,        ,        ,        ,        ,      
keatsdu01, 1928,     1, CHI , NHL , C  ,  3.0,  0.0,   1.0,   1.0,   0.0,      ,     ,     ,     ,     ,     ,    ,      ,       ,      ,      ,        ,        ,        ,        ,        ,        ,        ,        ,      
keczmda01, 1990,     1, MNS , NHL , D  ,  9.0,  0.0,   1.0,   1.0,   6.0, 0.0  ,  0.0,  0.0,  0.0,  0.0,  0.0, 0.0,   6.0,       ,      ,      ,        ,        ,        ,        ,        ,        ,        ,        ,      
keczmda01, 1991,     1, HAR , NHL , D  ,  1.0,  0.0,   0.0,   0.0,   0.0, -1.0 ,  0.0,  0.0,  0.0,  0.0,  0.0, 0.0,   2.0,       ,      ,      ,        ,        ,        ,        ,        ,        ,        ,        ,      
keczmda01, 1992,     1, HAR , NHL , D  , 23.0,  4.0,   4.0,   8.0,  28.0, -3.0 ,  2.0,  1.0,  0.0,  0.0,  1.0, 0.0,  38.0,       ,      ,      ,        ,        ,        ,        ,        ,        ,        ,        ,      
keczmda01, 1993,     1, HAR , NHL , D  , 12.0,  0.0,   1.0,   1.0,  12.0, -6.0 ,  0.0,  1.0,  0.0,  0.0,  0.0, 0.0,  12.0,       ,      ,      ,        ,        ,        ,        ,        ,        ,        ,        ,      
keczmda01, 1993,     2, CAL , NHL , D  , 57.0,  1.0,  20.0,  21.0,  48.0, -2.0 ,  0.0, 13.0,  0.0,  0.0,  0.0, 0.0, 104.0,    3.0,   0.0,   0.0,     0.0,     4.0, 0.0    ,     0.0,     0.0,     0.0,     0.0,     0.0,     6.0
keczmda01, 1994,     1, CAL , NHL , D  , 28.0,  2.0,   3.0,   5.0,  10.0, 7.0  ,  0.0,  1.0,  0.0,  0.0,  0.0, 0.0,  33.0,    7.0,   0.0,   1.0,     1.0,     2.0, 0.0    ,     0.0,     0.0,     0.0,     0.0,     0.0,     6.0
keczmda01, 1995,     1, CAL , NHL , D  , 13.0,  0.0,   0.0,   0.0,  14.0, -6.0 ,  0.0,  0.0,  0.0,  0.0,  0.0, 0.0,  13.0,       ,      ,      ,        ,        ,        ,        ,        ,        ,        ,        ,      
keczmda01, 1996,     1, DAL , NHL , D  , 13.0,  0.0,   1.0,   1.0,   6.0, 3.0  ,  0.0,  0.0,  0.0,  0.0,  0.0, 0.0,  10.0,       ,      ,      ,        ,        ,        ,        ,        ,        ,        ,        ,      
keczmda01, 1997,     1, DAL , NHL , D  , 17.0,  1.0,   2.0,   3.0,  26.0, 5.0  ,  0.0,  0.0,  0.0,  0.0,  0.0, 0.0,   9.0,    2.0,   0.0,   0.0,     0.0,     2.0, 0.0    ,     0.0,     0.0,     0.0,     0.0,     0.0,     2.0
keczmda01, 1998,     1, DAL , NHL , D  , 22.0,  0.0,   1.0,   1.0,  22.0, -2.0 ,  0.0,  0.0,  0.0,  0.0,  0.0, 0.0,  12.0,       ,      ,      ,        ,        ,        ,        ,        ,        ,        ,        ,      
keczmda01, 1998,     2, NAS , NHL , D  , 16.0,  0.0,   0.0,   0.0,  12.0, -3.0 ,  0.0,  0.0,  0.0,  0.0,  0.0, 0.0,  12.0,       ,      ,      ,        ,        ,        ,        ,        ,        ,        ,        ,      
keczmda01, 1999,     1, NAS , NHL , D  , 24.0,  0.0,   5.0,   5.0,  28.0, -2.0 ,  0.0,  0.0,  0.0,  0.0,  0.0, 0.0,  21.0,       ,      ,      ,        ,        ,        ,        ,        ,        ,        ,        ,      
keefesh01, 2000,     1, TBL , NHL , R  , 49.0,  4.0,   0.0,   4.0,  38.0, -13.0,  0.0,  0.0,  0.0,  0.0,  0.0, 0.0,  32.0,       ,      ,      ,        ,        ,        ,        ,        ,        ,        ,        ,      
keefesh01, 2001,     1, TBL , NHL , R  , 39.0,  6.0,   7.0,  13.0,  16.0, -11.0,  0.0,  1.0,  0.0,  0.0,  1.0, 2.0,  52.0,       ,      ,      ,        ,        ,        ,        ,        ,        ,        ,        ,      
keefesh01, 2002,     1, TBL , NHL , R  , 37.0,  2.0,   5.0,   7.0,  24.0, -1.0 ,  0.0,  1.0,  0.0,  0.0,  0.0, 0.0,  51.0,       ,      ,      ,        ,        ,        ,        ,        ,        ,        ,        ,      
keelemi01, 1973,     1, NEW , WHA , D  ,  1.0,  0.0,   0.0,   0.0,   0.0,      ,  0.0,     ,  0.0,     ,  0.0,    ,      ,    1.0,   0.0,   0.0,     0.0,     0.0,        ,        ,        ,        ,        ,     0.0,      
keelibu01, 1926,     1, TRS , NHL , C/L, 30.0, 11.0,   2.0,  13.0,  29.0,      ,     ,     ,     ,     ,     ,    ,      ,       ,      ,      ,        ,        ,        ,        ,        ,        ,        ,        ,      
keelibu01, 1927,     1, TOR , NHL , C/L, 43.0, 10.0,   6.0,  16.0,  52.0,      ,     ,     ,     ,     ,     ,    ,      ,       ,      ,      ,        ,        ,        ,        ,        ,        ,        ,        ,      
keelibu01, 1928,     1, NYR , NHL , C/L, 43.0,  6.0,   3.0,   9.0,  35.0,      ,     ,     ,     ,     ,     ,    ,      ,    6.0,   3.0,   0.0,     3.0,     2.0,        ,        ,        ,        ,        ,        ,      
keelibu01, 1929,     1, NYR , NHL , C/L, 43.0, 19.0,   7.0,  26.0,  34.0,      ,     ,     ,     ,     ,     ,    ,      ,    4.0,   0.0,   3.0,     3.0,     8.0,        ,        ,        ,        ,        ,        ,      
keelibu01, 1930,     1, NYR , NHL , C/L, 44.0, 13.0,   9.0,  22.0,  35.0,      ,     ,     ,     ,     ,     ,    ,      ,    4.0,   1.0,   1.0,     2.0,     0.0,        ,        ,        ,        ,        ,        ,      
keelibu01, 1931,     1, NYR , NHL , C/L, 48.0, 17.0,   3.0,  20.0,  38.0,      ,     ,     ,     ,     ,     ,    ,      ,    7.0,   2.0,   1.0,     3.0,    12.0,        ,        ,        ,        ,        ,        ,      
keelibu01, 1932,     1, NYR , NHL , C/L, 47.0,  8.0,   6.0,  14.0,  22.0,      ,     ,     ,     ,     ,     ,    ,      ,    8.0,   0.0,   2.0,     2.0,     8.0,        ,        ,        ,        ,        ,        ,      
keelibu01, 1933,     1, NYR , NHL , C/L, 48.0, 15.0,   5.0,  20.0,  20.0,      ,     ,     ,     ,     ,     ,    ,      ,    2.0,   0.0,   0.0,     0.0,     0.0,        ,        ,        ,        ,        ,        ,      
keelibu01, 1934,     1, NYR , NHL , C/L, 47.0, 15.0,   4.0,  19.0,  14.0,      ,     ,     ,     ,     ,     ,    ,      ,    4.0,   2.0,   1.0,     3.0,     0.0,        ,        ,        ,        ,        ,        ,      
keelibu01, 1935,     1, NYR , NHL , C/L, 46.0, 13.0,   5.0,  18.0,  22.0,      ,     ,     ,     ,     ,     ,    ,      ,       ,      ,      ,        ,        ,        ,        ,        ,        ,        ,        ,      
keelibu01, 1936,     1, NYR , NHL , C/L, 48.0, 22.0,   4.0,  26.0,  18.0,      ,     ,     ,     ,     ,     ,    ,      ,    9.0,   3.0,   2.0,     5.0,     2.0,        ,        ,        ,        ,        ,        ,      
keelibu01, 1937,     1, NYR , NHL , L  , 38.0,  8.0,   9.0,  17.0,  12.0,      ,     ,     ,     ,     ,     ,    ,      ,    3.0,   0.0,   1.0,     1.0,     2.0,        ,        ,        ,        ,        ,        ,      
keenado01, 1958,     1, BOS , NHL , G  ,  1.0,  0.0,   0.0,   0.0,   0.0,      ,     ,     ,     ,     ,     ,    ,      ,       ,      ,      ,        ,        ,        ,        ,        ,        ,        ,        ,      
keenala01, 1961,     1, TOR , NHL , L  ,  2.0,  0.0,   0.0,   0.0,   0.0,      ,     ,     ,     ,     ,     ,    ,      ,       ,      ,      ,        ,        ,        ,        ,        ,        ,        ,        ,      
keenala01, 1967,     1, STL , NHL , L  , 40.0, 12.0,   8.0,  20.0,   4.0, -7.0 ,  4.0,     ,  0.0,     ,  2.0, 2.0, 102.0,   18.0,   4.0,   5.0,     9.0,     4.0,        ,     1.0,        ,     0.0,        ,     2.0,      
keenala01, 1968,     1, STL , NHL , L  , 46.0,  5.0,   9.0,  14.0,   6.0, 19.0 ,  0.0,     ,  0.0,     ,  2.0, 0.0,  73.0,   12.0,   4.0,   5.0,     9.0,     8.0,        ,     1.0,        ,     0.0,        ,     2.0,      
keenala01, 1969,     1, STL , NHL , L  , 56.0, 10.0,  23.0,  33.0,   8.0, -8.0 ,  3.0,     ,  0.0,     ,  0.0, 1.0, 113.0,   16.0,   7.0,   6.0,    13.0,     0.0,        ,     4.0,        ,     0.0,        ,     2.0,      
keenala01, 1970,     1, STL , NHL , L  , 10.0,  1.0,   3.0,   4.0,   0.0, 3.0  ,  0.0,     ,  0.0,     ,  0.0, 0.0,  24.0,       ,      ,      ,        ,        ,        ,        ,        ,        ,        ,        ,      
keenala01, 1970,     2, BUF , NHL , L  , 51.0,  7.0,  20.0,  27.0,   6.0, -10.0,  3.0,     ,  0.0,     ,  2.0, 0.0,  67.0,       ,      ,      ,        ,        ,        ,        ,        ,        ,        ,        ,      
keenala01, 1971,     1, BUF , NHL , L  , 14.0,  2.0,   0.0,   2.0,   2.0, -3.0 ,  0.0,     ,  0.0,     ,  0.0, 0.0,  15.0,       ,      ,      ,        ,        ,        ,        ,        ,        ,        ,        ,      
keenala01, 1971,     2, PHI , NHL , L  , 14.0,  1.0,   1.0,   2.0,   2.0, -4.0 ,  1.0,     ,  0.0,     ,  1.0, 0.0,  13.0,       ,      ,      ,        ,        ,        ,        ,        ,        ,        ,        ,      
keetlma01, 2007,     1, CAL , NHL , G  ,  1.0,  0.0,   0.0,   0.0,   0.0, 0.0  ,  0.0,  0.0,  0.0,  0.0,  0.0,    ,   0.0,       ,      ,      ,        ,        ,        ,        ,        ,        ,        ,        ,      
kehoeri01, 1971,     1, TOR , NHL , R  , 38.0,  8.0,   8.0,  16.0,   4.0, -1.0 ,  2.0,     ,  0.0,     ,  0.0, 0.0,  70.0,    2.0,   0.0,   0.0,     0.0,     2.0,        ,     0.0,        ,     0.0,        ,     0.0,      
kehoeri01, 1972,     1, TOR , NHL , R  , 77.0, 33.0,  42.0,  75.0,  20.0, -11.0,  2.0,     ,  0.0,     ,  5.0, 1.0, 204.0,       ,      ,      ,        ,        ,        ,        ,        ,        ,        ,        ,      
kehoeri01, 1973,     1, TOR , NHL , R  , 69.0, 18.0,  22.0,  40.0,   8.0, 19.0 ,  3.0,     ,  0.0,     ,  3.0, 2.0, 197.0,       ,      ,      ,        ,        ,        ,        ,        ,        ,        ,        ,      
kehoeri01, 1974,     1, PIT , NHL , R  , 76.0, 32.0,  31.0,  63.0,  22.0, 18.0 ,  3.0,     ,  1.0,     ,  0.0, 2.0, 240.0,    9.0,   0.0,   2.0,     2.0,     0.0,        ,     0.0,        ,     0.0,        ,     0.0,      
kehoeri01, 1975,     1, PIT , NHL , R  , 71.0, 29.0,  47.0,  76.0,   6.0, 9.0  ,  5.0,     ,  0.0,     ,  2.0, 0.0, 180.0,    3.0,   0.0,   0.0,     0.0,     0.0,        ,     0.0,        ,     0.0,        ,     0.0,      
kehoeri01, 1976,     1, PIT , NHL , R  , 80.0, 30.0,  27.0,  57.0,  10.0, -5.0 ,  7.0,     ,  0.0,     ,  5.0, 0.0, 250.0,    3.0,   0.0,   2.0,     2.0,     0.0,        ,     0.0,        ,     0.0,        ,     0.0,      
kehoeri01, 1977,     1, PIT , NHL , R  , 70.0, 29.0,  21.0,  50.0,  10.0, -18.0,  7.0,     ,  0.0,     ,  2.0, 3.0, 177.0,       ,      ,      ,        ,        ,        ,        ,        ,        ,        ,        ,      
kehoeri01, 1978,     1, PIT , NHL , R  , 57.0, 27.0,  18.0,  45.0,   2.0, 14.0 ,  7.0,     ,  0.0,     ,  3.0, 2.0, 165.0,    7.0,   0.0,   2.0,     2.0,     0.0,        ,     0.0,        ,     0.0,        ,     0.0,      
kehoeri01, 1979,     1, PIT , NHL , R  , 79.0, 30.0,  30.0,  60.0,   4.0, -3.0 ,  7.0,     ,  0.0,     ,  3.0, 2.0, 239.0,    5.0,   2.0,   5.0,     7.0,     0.0,        ,     2.0,        ,     0.0,        ,     0.0,      
kehoeri01, 1980,     1, PIT , NHL , R  , 80.0, 55.0,  33.0,  88.0,   6.0, -9.0 , 20.0,     ,  0.0,     ,  5.0, 1.0, 299.0,    5.0,   0.0,   3.0,     3.0,     0.0,        ,     0.0,        ,     0.0,        ,     0.0,      
kehoeri01, 1981,     1, PIT , NHL , R  , 71.0, 33.0,  52.0,  85.0,   8.0, -27.0, 17.0,     ,  0.0,     ,  1.0, 3.0, 249.0,    5.0,   2.0,   3.0,     5.0,     2.0,        ,     0.0,        ,     0.0,        ,     2.0,      
kehoeri01, 1982,     1, PIT , NHL , R  , 75.0, 29.0,  36.0,  65.0,  12.0, -45.0, 15.0,     ,  0.0,     ,  2.0, 2.0, 203.0,       ,      ,      ,        ,        ,        ,        ,        ,        ,        ,        ,      
kehoeri01, 1983,     1, PIT , NHL , R  , 57.0, 18.0,  27.0,  45.0,   8.0, -20.0,  7.0,     ,  0.0,     ,  3.0, 0.0, 156.0,       ,      ,      ,        ,        ,        ,        ,        ,        ,        ,        ,      
kehoeri01, 1984,     1, PIT , NHL , R  ,  6.0,  0.0,   2.0,   2.0,   0.0, 0.0  ,  0.0,     ,  0.0,     ,  0.0, 0.0,   7.0,       ,      ,      ,        ,        ,        ,        ,        ,        ,        ,        ,      
keithdu01, 2005,     1, CHI , NHL , D  , 81.0,  9.0,  12.0,  21.0,  79.0, -11.0,  1.0,  1.0,  1.0,  0.0,  0.0,    , 134.0,       ,      ,      ,        ,        ,        ,        ,        ,        ,        ,        ,      
keithdu01, 2006,     1, CHI , NHL , D  , 82.0,  2.0,  29.0,  31.0,  76.0, 0.0  ,  0.0,  4.0,  0.0,  2.0,  0.0,    , 122.0,       ,      ,      ,        ,        ,        ,        ,        ,        ,        ,        ,      
keithdu01, 2007,     1, CHI , NHL , D  , 82.0, 12.0,  20.0,  32.0,  56.0, 30.0 ,  1.0,  5.0,  1.0,  2.0,  0.0,    , 148.0,       ,      ,      ,        ,        ,        ,        ,        ,        ,        ,        ,      
keithdu01, 2008,     1, CHI , NHL , D  , 77.0,  8.0,  36.0,  44.0,  60.0, 33.0 ,  2.0,  9.0,  1.0,  0.0,  1.0,    , 173.0,   17.0,   0.0,   6.0,     6.0,    10.0, 1.0    ,     0.0,     2.0,     0.0,     1.0,     0.0,    23.0
keithdu01, 2009,     1, CHI , NHL , D  , 82.0, 14.0,  55.0,  69.0,  51.0, 21.0 ,  3.0, 13.0,  1.0,  4.0,  1.0,    , 213.0,   22.0,   2.0,  15.0,    17.0,    10.0, 2.0    ,     0.0,     5.0,     0.0,     0.0,     0.0,    61.0
keithma01, 2003,     1, CHI , NHL , R  , 20.0,  2.0,   3.0,   5.0,  10.0, -5.0 ,  1.0,  0.0,  0.0,  0.0,  0.0, 1.0,  21.0,       ,      ,      ,        ,        ,        ,        ,        ,        ,        ,        ,      
keithma01, 2005,     1, CHI , NHL , R  ,  2.0,  0.0,   0.0,   0.0,   0.0, 0.0  ,  0.0,  0.0,  0.0,  0.0,  0.0,    ,   6.0,       ,      ,      ,        ,        ,        ,        ,        ,        ,        ,        ,      
keithma01, 2006,     1, CHI , NHL , R  ,  2.0,  0.0,   0.0,   0.0,   4.0, -2.0 ,  0.0,  0.0,  0.0,  0.0,  0.0,    ,   0.0,       ,      ,      ,        ,        ,        ,        ,        ,        ,        ,        ,      
keithma01, 2007,     1, NYI , NHL , R  ,  3.0,  0.0,   0.0,   0.0,   0.0, -1.0 ,  0.0,  0.0,  0.0,  0.0,  0.0,    ,   3.0,       ,      ,      ,        ,        ,        ,        ,        ,        ,        ,        ,      
kekalja01, 1989,     1, BOS , NHL , L  , 11.0,  2.0,   2.0,   4.0,   8.0, 2.0  ,  0.0,  1.0,  0.0,  0.0,  1.0, 1.0,   7.0,       ,      ,      ,        ,        ,        ,        ,        ,        ,        ,        ,      
kekalja01, 1990,     1, BOS , NHL , L  , 16.0,  2.0,   1.0,   3.0,   6.0, 0.0  ,  0.0,  0.0,  0.0,  0.0,  0.0, 0.0,  12.0,       ,      ,      ,        ,        ,        ,        ,        ,        ,        ,        ,      
kekalja01, 1993,     1, OTT , NHL , L  , 28.0,  1.0,   5.0,   6.0,  14.0, -8.0 ,  0.0,  1.0,  0.0,  0.0,  0.0, 0.0,  18.0,       ,      ,      ,        ,        ,        ,        ,        ,        ,        ,        ,      
kellech01, 2001,     1, BOS , NHL , D  ,  1.0,  0.0,   0.0,   0.0,   0.0, 0.0  ,  0.0,  0.0,  0.0,  0.0,  0.0, 0.0,   0.0,       ,      ,      ,        ,        ,        ,        ,        ,        ,        ,        ,      
kellera01, 1962,     1, NYR , NHL , D  ,  3.0,  1.0,   0.0,   1.0,   6.0,      ,     ,     ,     ,     ,     ,    ,      ,       ,      ,      ,        ,        ,        ,        ,        ,        ,        ,        ,      
kellery01, 2009,     1, OTT , NHL , R  ,  6.0,  0.0,   0.0,   0.0,   0.0, -1.0 ,  0.0,  0.0,  0.0,  0.0,  0.0,    ,   5.0,       ,      ,      ,        ,        ,        ,        ,        ,        ,        ,        ,      
kellgch01, 1981,     1, COR , NHL , R  ,  5.0,  0.0,   0.0,   0.0,   0.0, -4.0 ,  0.0,     ,  0.0,     ,  0.0, 0.0,   4.0,       ,      ,      ,        ,        ,        ,        ,        ,        ,        ,        ,      
kellybo01, 1970,     1, PHI , NHL , L  , 76.0, 14.0,  18.0,  32.0,  70.0, 7.0  ,  1.0,     ,  0.0,     ,  2.0, 0.0, 178.0,    4.0,   1.0,   0.0,     1.0,     2.0,        ,     0.0,        ,     0.0,        ,     0.0,      
kellybo01, 1971,     1, PHI , NHL , L  , 78.0, 14.0,  15.0,  29.0, 157.0, 16.0 ,  0.0,     ,  0.0,     ,  3.0, 0.0, 117.0,       ,      ,      ,        ,        ,        ,        ,        ,        ,        ,        ,      
kellybo01, 1972,     1, PHI , NHL , L  , 77.0, 10.0,  11.0,  21.0, 238.0, 1.0  ,  0.0,     ,  0.0,     ,  2.0, 0.0, 125.0,   11.0,   0.0,   1.0,     1.0,     8.0,        ,     0.0,        ,     0.0,        ,     0.0,      
kellybo01, 1973,     1, PHI , NHL , L  , 65.0,  4.0,  10.0,  14.0, 130.0, 10.0 ,  0.0,     ,  0.0,     ,  1.0, 0.0,  59.0,    5.0,   0.0,   0.0,     0.0,    11.0,        ,     0.0,        ,     0.0,        ,     0.0,      
kellybo01, 1974,     1, PHI , NHL , L  , 67.0, 11.0,  18.0,  29.0,  99.0, 21.0 ,  0.0,     ,  0.0,     ,  1.0, 0.0, 106.0,   16.0,   3.0,   3.0,     6.0,    15.0,        ,     0.0,        ,     0.0,        ,     1.0,      
kellybo01, 1975,     1, PHI , NHL , L  , 79.0, 12.0,   8.0,  20.0, 125.0, 3.0  ,  0.0,     ,  0.0,     ,  3.0, 0.0, 103.0,   16.0,   0.0,   2.0,     2.0,    44.0,        ,     0.0,        ,     0.0,        ,     0.0,      
kellybo01, 1976,     1, PHI , NHL , L  , 73.0, 22.0,  24.0,  46.0, 117.0, 27.0 ,  2.0,     ,  0.0,     ,  5.0, 1.0, 102.0,   10.0,   0.0,   1.0,     1.0,    18.0,        ,     0.0,        ,     0.0,        ,     0.0,      
kellybo01, 1977,     1, PHI , NHL , L  , 74.0, 19.0,  13.0,  32.0,  95.0, 15.0 ,  0.0,     ,  0.0,     ,  5.0, 0.0,  96.0,   12.0,   3.0,   5.0,     8.0,    26.0,        ,     0.0,        ,     0.0,        ,     0.0,      
kellybo01, 1978,     1, PHI , NHL , L  , 77.0,  7.0,  31.0,  38.0, 132.0, 15.0 ,  1.0,     ,  0.0,     ,  0.0, 0.0,  85.0,    8.0,   1.0,   1.0,     2.0,    10.0,        ,     1.0,        ,     0.0,        ,     0.0,      
kellybo01, 1979,     1, PHI , NHL , L  , 75.0, 15.0,  20.0,  35.0, 122.0, 19.0 ,  2.0,     ,  0.0,     ,  2.0, 0.0, 112.0,   19.0,   1.0,   1.0,     2.0,    38.0,        ,     0.0,        ,     0.0,        ,     0.0,      
kellybo01, 1980,     1, WAS , NHL , L  , 80.0, 26.0,  36.0,  62.0, 157.0, -13.0,  8.0,     ,  0.0,     ,  4.0, 3.0, 125.0,       ,      ,      ,        ,        ,        ,        ,        ,        ,        ,        ,      
kellybo01, 1981,     1, WAS , NHL , L  , 16.0,  0.0,   4.0,   4.0,  12.0, -12.0,  0.0,     ,  0.0,     ,  0.0, 0.0,  24.0,       ,      ,      ,        ,        ,        ,        ,        ,        ,        ,        ,      
kellybo02, 1973,     1, STL , NHL , L  , 37.0,  9.0,   8.0,  17.0,  45.0, 1.0  ,  2.0,     ,  0.0,     ,  0.0, 0.0,  70.0,       ,      ,      ,        ,        ,        ,        ,        ,        ,        ,        ,      
kellybo02, 1973,     2, PIT , NHL , L  , 30.0,  7.0,  10.0,  17.0,  78.0, -5.0 ,  1.0,     ,  0.0,     ,  2.0, 0.0, 101.0,       ,      ,      ,        ,        ,        ,        ,        ,        ,        ,        ,      
kellybo02, 1974,     1, PIT , NHL , L  , 69.0, 27.0,  24.0,  51.0, 120.0, 6.0  ,  5.0,     ,  0.0,     ,  1.0, 5.0, 223.0,    9.0,   5.0,   3.0,     8.0,    17.0,        ,     1.0,        ,     0.0,        ,     0.0,      
kellybo02, 1975,     1, PIT , NHL , L  , 77.0, 25.0,  30.0,  55.0, 149.0, 4.0  ,  5.0,     ,  0.0,     ,  4.0, 0.0, 193.0,    3.0,   0.0,   0.0,     0.0,     2.0,        ,     0.0,        ,     0.0,        ,     0.0,      
kellybo02, 1976,     1, PIT , NHL , L  , 74.0, 10.0,  21.0,  31.0, 115.0, 13.0 ,  1.0,     ,  0.0,     ,  1.0, 0.0, 136.0,    3.0,   1.0,   0.0,     1.0,     4.0,        ,     0.0,        ,     0.0,        ,     0.0,      
kellybo02, 1977,     1, CHI , NHL , L  , 75.0,  7.0,  11.0,  18.0,  95.0, -26.0,  0.0,     ,  0.0,     ,  2.0, 1.0, 155.0,    4.0,   0.0,   0.0,     0.0,     8.0,        ,     0.0,        ,     0.0,        ,     0.0,      
kellybo02, 1978,     1, CHI , NHL , L  , 63.0,  2.0,   5.0,   7.0,  85.0, -10.0,  0.0,     ,  0.0,     ,  0.0, 0.0,  59.0,    4.0,   0.0,   0.0,     0.0,     9.0,        ,     0.0,        ,     0.0,        ,     0.0,      
kellych01, 2003,     1, OTT , NHL , C  ,  4.0,  0.0,   0.0,   0.0,   0.0, -2.0 ,  0.0,  0.0,  0.0,  0.0,  0.0, 0.0,   4.0,       ,      ,      ,        ,        ,        ,        ,        ,        ,        ,        ,      
kellych01, 2005,     1, OTT , NHL , C  , 82.0, 10.0,  20.0,  30.0,  76.0, 21.0 ,  1.0,  1.0,  0.0,  6.0,  2.0,    , 112.0,   10.0,   0.0,   0.0,     0.0,     2.0, -4.0   ,     0.0,     0.0,     0.0,     0.0,     0.0,    14.0
kellych01, 2006,     1, OTT , NHL , C  , 82.0, 15.0,  23.0,  38.0,  40.0, 28.0 ,  1.0,  1.0,  2.0,  3.0,  0.0,    , 131.0,   20.0,   3.0,   4.0,     7.0,     4.0, 0.0    ,     0.0,     0.0,     0.0,     0.0,     0.0,    27.0
kellych01, 2007,     1, OTT , NHL , C  , 75.0, 11.0,  19.0,  30.0,  30.0, 3.0  ,  0.0,  1.0,  1.0,  2.0,  1.0,    , 124.0,       ,      ,      ,        ,        ,        ,        ,        ,        ,        ,        ,      
kellych01, 2008,     1, OTT , NHL , C  , 82.0, 12.0,  11.0,  23.0,  38.0, -10.0,  0.0,  0.0,  1.0,  2.0,  1.0,    , 118.0,       ,      ,      ,        ,        ,        ,        ,        ,        ,        ,        ,      
kellych01, 2009,     1, OTT , NHL , C  , 81.0, 15.0,  17.0,  32.0,  38.0, -7.0 ,  0.0,  0.0,  0.0,  0.0,  3.0,    , 112.0,    6.0,   1.0,   5.0,     6.0,     2.0, 1.0    ,     1.0,     0.0,     0.0,     0.0,     0.0,    11.0
kellyda01, 1976,     1, DET , NHL , R  , 16.0,  2.0,   0.0,   2.0,   4.0, -8.0 ,  0.0,     ,  0.0,     ,  1.0, 0.0,  17.0,       ,      ,      ,        ,        ,        ,        ,        ,        ,        ,        ,      
kellyfr01, 1918,     1, VML , PCHA, R  ,  3.0,  0.0,   0.0,   0.0,   0.0,      ,     ,     ,     ,     ,     ,    ,      ,       ,      ,      ,        ,        ,        ,        ,        ,        ,        ,        ,      
kellyjo01, 1979,     1, LAK , NHL , L  , 40.0,  2.0,   5.0,   7.0,  28.0, -6.0 ,  0.0,     ,  0.0,     ,  0.0, 0.0,  31.0,    3.0,   0.0,   0.0,     0.0,     2.0,        ,     0.0,        ,     0.0,        ,     0.0,      
kellyjo01, 1980,     1, LAK , NHL , L  , 19.0,  3.0,   6.0,   9.0,   8.0, 4.0  ,  0.0,     ,  0.0,     ,  0.0, 0.0,  18.0,    4.0,   0.0,   1.0,     1.0,    25.0,        ,     0.0,        ,     0.0,        ,     0.0,      
kellyjo01, 1981,     1, LAK , NHL , L  , 70.0, 12.0,  11.0,  23.0, 100.0, -21.0,  0.0,     ,  0.0,     ,  0.0, 0.0,  92.0,   10.0,   1.0,   0.0,     1.0,    14.0,        ,     1.0,        ,     0.0,        ,     0.0,      
kellyjo01, 1982,     1, LAK , NHL , L  , 65.0, 16.0,  15.0,  31.0,  52.0, -14.0,  4.0,     ,  1.0,     ,  2.0, 0.0, 102.0,       ,      ,      ,        ,        ,        ,        ,        ,        ,        ,        ,      
kellyjo01, 1983,     1, LAK , NHL , L  , 72.0,  7.0,  14.0,  21.0,  73.0, -34.0,  0.0,     ,  0.0,     ,  0.0, 0.0,  86.0,       ,      ,      ,        ,        ,        ,        ,        ,        ,        ,        ,      
kellyjo01, 1984,     1, LAK , NHL , C  , 73.0,  8.0,  10.0,  18.0,  55.0, -9.0 ,  0.0,     ,  0.0,     ,  2.0, 0.0,  70.0,    1.0,   0.0,   0.0,     0.0,     0.0, 0.0    ,     0.0,        ,     0.0,        ,     0.0,     0.0
kellyjo01, 1985,     1, LAK , NHL , L  , 61.0,  6.0,   9.0,  15.0,  50.0, -17.0,  0.0,     ,  0.0,     ,  0.0, 0.0,  38.0,       ,      ,      ,        ,        ,        ,        ,        ,        ,        ,        ,      
kellype01, 1934,     1, TOR , NHL , R  , 47.0, 11.0,   8.0,  19.0,  14.0,      ,     ,     ,     ,     ,     ,    ,      ,    7.0,   2.0,   0.0,     2.0,     4.0,        ,        ,        ,        ,        ,        ,      
kellype01, 1935,     1, TOR , NHL , R  , 42.0, 11.0,   8.0,  19.0,  24.0,      ,     ,     ,     ,     ,     ,    ,      ,    9.0,   2.0,   3.0,     5.0,     4.0,        ,        ,        ,        ,        ,        ,      
kellype01, 1936,     1, TOR , NHL , R  , 16.0,  2.0,   0.0,   2.0,   8.0,      ,     ,     ,     ,     ,     ,    ,      ,       ,      ,      ,        ,        ,        ,        ,        ,        ,        ,        ,      
kellype01, 1936,     2, CHI , NHL , R  , 29.0, 13.0,   4.0,  17.0,   0.0,      ,     ,     ,     ,     ,     ,    ,      ,       ,      ,      ,        ,        ,        ,        ,        ,        ,        ,        ,      
kellype01, 1937,     1, TOR , NHL , R  , 43.0,  9.0,  10.0,  19.0,  25.0,      ,     ,     ,     ,     ,     ,    ,      ,    7.0,   2.0,   2.0,     4.0,     2.0,        ,        ,        ,        ,        ,        ,      
kellype01, 1938,     1, TOR , NHL , R  , 48.0, 11.0,  11.0,  22.0,  12.0,      ,     ,     ,     ,     ,     ,    ,      ,    9.0,   1.0,   0.0,     1.0,     0.0,        ,        ,        ,        ,        ,        ,      
kellype01, 1939,     1, TOR , NHL , R  , 34.0, 11.0,   9.0,  20.0,  15.0,      ,     ,     ,     ,     ,     ,    ,      ,    6.0,   0.0,   1.0,     1.0,     0.0,        ,        ,        ,        ,        ,        ,      
kellype01, 1940,     1, CHI , NHL , R  , 21.0,  5.0,   3.0,   8.0,   7.0,      ,     ,     ,     ,     ,     ,    ,      ,       ,      ,      ,        ,        ,        ,        ,        ,        ,        ,        ,      
kellype01, 1941,     1, BKN , NHL , R  ,  8.0,  1.0,   0.0,   1.0,   0.0,      ,     ,     ,     ,     ,     ,    ,      ,       ,      ,      ,        ,        ,        ,        ,        ,        ,        ,        ,      
kellype02, 1934,     1, STE , NHL , R  , 25.0,  3.0,  10.0,  13.0,  14.0,      ,     ,     ,     ,     ,     ,    ,      ,       ,      ,      ,        ,        ,        ,        ,        ,        ,        ,        ,      
kellype02, 1935,     1, DET , NHL , R  , 46.0,  6.0,   8.0,  14.0,  30.0,      ,     ,     ,     ,     ,     ,    ,      ,    7.0,   1.0,   1.0,     2.0,     2.0,        ,        ,        ,        ,        ,        ,      
kellype02, 1936,     1, DET , NHL , R  , 47.0,  5.0,   4.0,   9.0,  12.0,      ,     ,     ,     ,     ,     ,    ,      ,    8.0,   2.0,   0.0,     2.0,     0.0,        ,        ,        ,        ,        ,        ,      
kellype02, 1937,     1, DET , NHL , R  ,  9.0,  0.0,   1.0,   1.0,   2.0,      ,     ,     ,     ,     ,     ,    ,      ,       ,      ,      ,        ,        ,        ,        ,        ,        ,        ,        ,      
kellype02, 1938,     1, DET , NHL , R  , 32.0,  4.0,   9.0,  13.0,   4.0,      ,     ,     ,     ,     ,     ,    ,      ,    4.0,   0.0,   0.0,     0.0,     0.0,        ,        ,        ,        ,        ,        ,      
kellype02, 1940,     1, NYA , NHL , C  , 11.0,  3.0,   5.0,   8.0,   2.0,      ,     ,     ,     ,     ,     ,    ,      ,       ,      ,      ,        ,        ,        ,        ,        ,        ,        ,        ,      
kellype02, 1941,     1, BKN , NHL , R  ,  7.0,  0.0,   1.0,   1.0,   4.0,      ,     ,     ,     ,     ,     ,    ,      ,       ,      ,      ,        ,        ,        ,        ,        ,        ,        ,        ,      
kellyre01, 1947,     1, DET , NHL , D  , 60.0,  6.0,  14.0,  20.0,  13.0,      ,     ,     ,     ,     ,     ,    ,      ,   10.0,   3.0,   2.0,     5.0,     2.0,        ,        ,        ,        ,        ,        ,      
kellyre01, 1948,     1, DET , NHL , D  , 59.0,  5.0,  11.0,  16.0,  10.0,      ,     ,     ,     ,     ,     ,    ,      ,   11.0,   1.0,   1.0,     2.0,     6.0,        ,        ,        ,        ,        ,        ,      
kellyre01, 1949,     1, DET , NHL , D  , 70.0, 15.0,  25.0,  40.0,   9.0,      ,     ,     ,     ,     ,     ,    ,      ,   14.0,   1.0,   3.0,     4.0,     2.0,        ,        ,        ,        ,        ,        ,      
kellyre01, 1950,     1, DET , NHL , D  , 70.0, 17.0,  37.0,  54.0,  24.0,      ,     ,     ,     ,     ,     ,    ,      ,    6.0,   0.0,   1.0,     1.0,     0.0,        ,        ,        ,        ,        ,        ,      
kellyre01, 1951,     1, DET , NHL , D  , 67.0, 16.0,  31.0,  47.0,  16.0,      ,     ,     ,     ,     ,     ,    ,      ,    5.0,   1.0,   0.0,     1.0,     0.0,        ,        ,        ,        ,        ,        ,      
kellyre01, 1952,     1, DET , NHL , D  , 70.0, 19.0,  27.0,  46.0,   8.0,      ,     ,     ,     ,     ,     ,    ,      ,    6.0,   0.0,   4.0,     4.0,     0.0,        ,        ,        ,        ,        ,        ,      
kellyre01, 1953,     1, DET , NHL , D  , 62.0, 16.0,  33.0,  49.0,  18.0,      ,     ,     ,     ,     ,     ,    ,      ,   12.0,   5.0,   1.0,     6.0,     4.0,        ,        ,        ,        ,        ,        ,      
kellyre01, 1954,     1, DET , NHL , D  , 70.0, 15.0,  30.0,  45.0,  28.0,      ,     ,     ,     ,     ,     ,    ,      ,   11.0,   2.0,   4.0,     6.0,    17.0,        ,        ,        ,        ,        ,        ,      
kellyre01, 1955,     1, DET , NHL , D  , 70.0, 16.0,  34.0,  50.0,  39.0,      ,     ,     ,     ,     ,     ,    ,      ,   10.0,   2.0,   4.0,     6.0,     2.0,        ,        ,        ,        ,        ,        ,      
kellyre01, 1956,     1, DET , NHL , D  , 70.0, 10.0,  25.0,  35.0,  18.0,      ,     ,     ,     ,     ,     ,    ,      ,    5.0,   1.0,   0.0,     1.0,     0.0,        ,        ,        ,        ,        ,        ,      
kellyre01, 1957,     1, DET , NHL , D  , 61.0, 13.0,  18.0,  31.0,  26.0,      ,     ,     ,     ,     ,     ,    ,      ,    4.0,   0.0,   1.0,     1.0,     2.0,        ,        ,        ,        ,        ,        ,      
kellyre01, 1958,     1, DET , NHL , D  , 67.0,  8.0,  13.0,  21.0,  34.0,      ,     ,     ,     ,     ,     ,    ,      ,       ,      ,      ,        ,        ,        ,        ,        ,        ,        ,        ,      
kellyre01, 1959,     1, DET , NHL , D  , 50.0,  6.0,  12.0,  18.0,  10.0,      ,     ,     ,     ,     ,     ,    ,      ,       ,      ,      ,        ,        ,        ,        ,        ,        ,        ,        ,      
kellyre01, 1959,     2, TOR , NHL , C  , 18.0,  6.0,   5.0,  11.0,   8.0,      ,     ,     ,     ,     ,     ,    ,      ,   10.0,   3.0,   8.0,    11.0,     2.0,        ,        ,        ,        ,        ,        ,      
kellyre01, 1960,     1, TOR , NHL , C  , 64.0, 20.0,  50.0,  70.0,  12.0,      ,     ,     ,     ,     ,     ,    ,      ,    2.0,   1.0,   0.0,     1.0,     0.0,        ,        ,        ,        ,        ,     0.0,      
kellyre01, 1961,     1, TOR , NHL , C/D, 58.0, 22.0,  27.0,  49.0,   6.0,      ,     ,     ,     ,     ,     ,    ,      ,   12.0,   4.0,   6.0,    10.0,     0.0,        ,        ,        ,        ,        ,     1.0,      
kellyre01, 1962,     1, TOR , NHL , C  , 66.0, 20.0,  40.0,  60.0,   8.0,      ,     ,     ,     ,     ,     ,    ,      ,   10.0,   2.0,   6.0,     8.0,     6.0,        ,        ,        ,        ,        ,     0.0,      
kellyre01, 1963,     1, TOR , NHL , C  , 70.0, 11.0,  34.0,  45.0,  16.0,      ,  1.0,     ,  0.0,     ,  2.0, 2.0,      ,   14.0,   4.0,   9.0,    13.0,     4.0,        ,        ,        ,        ,        ,     0.0,      
kellyre01, 1964,     1, TOR , NHL , C  , 70.0, 18.0,  28.0,  46.0,   8.0,      ,  6.0,     ,  1.0,     ,  1.0, 0.0,      ,    6.0,   3.0,   2.0,     5.0,     2.0,        ,        ,        ,        ,        ,     0.0,      
kellyre01, 1965,     1, TOR , NHL , C  , 63.0,  8.0,  24.0,  32.0,  12.0,      ,  0.0,     ,  0.0,     ,  2.0, 1.0,      ,    4.0,   0.0,   2.0,     2.0,     0.0,        ,        ,        ,        ,        ,     0.0,      
kellyre01, 1966,     1, TOR , NHL , C  , 61.0, 14.0,  24.0,  38.0,   4.0,      ,  2.0,     ,  0.0,     ,  0.0, 2.0,      ,   12.0,   0.0,   5.0,     5.0,     2.0,        ,        ,        ,        ,        ,     0.0,      
kellyst01, 1996,     1, EDM , NHL , C  ,  8.0,  1.0,   0.0,   1.0,   6.0, -1.0 ,  0.0,  0.0,  0.0,  0.0,  1.0, 0.0,   6.0,    6.0,   0.0,   0.0,     0.0,     2.0, 1.0    ,     0.0,     0.0,     0.0,     0.0,     0.0,     2.0
kellyst01, 1997,     1, EDM , NHL , C  , 19.0,  0.0,   2.0,   2.0,   8.0, -4.0 ,  0.0,  0.0,  0.0,  0.0,  0.0, 0.0,   5.0,       ,      ,      ,        ,        ,        ,        ,        ,        ,        ,        ,      
kellyst01, 1997,     2, TBL , NHL , C  , 24.0,  2.0,   1.0,   3.0,  15.0, -9.0 ,  1.0,  0.0,  0.0,  0.0,  0.0, 0.0,  17.0,       ,      ,      ,        ,        ,        ,        ,        ,        ,        ,        ,      
kellyst01, 1998,     1, TBL , NHL , C  , 34.0,  1.0,   3.0,   4.0,  27.0, -15.0,  0.0,  0.0,  0.0,  0.0,  1.0, 0.0,  15.0,       ,      ,      ,        ,        ,        ,        ,        ,        ,        ,        ,      
kellyst01, 1999,     1, NJD , NHL , C  ,  1.0,  0.0,   0.0,   0.0,   0.0, 0.0  ,  0.0,  0.0,  0.0,  0.0,  0.0, 0.0,   0.0,   10.0,   0.0,   0.0,     0.0,     4.0, -1.0   ,     0.0,     0.0,     0.0,     0.0,     0.0,     5.0
kellyst01, 2000,     1, NJD , NHL , C  , 24.0,  2.0,   2.0,   4.0,  21.0, 0.0  ,  0.0,  0.0,  0.0,  0.0,  0.0, 0.0,  18.0,       ,      ,      ,        ,        ,        ,        ,        ,        ,        ,        ,      
kellyst01, 2000,     2, LAK , NHL , C  , 11.0,  1.0,   0.0,   1.0,   4.0, 0.0  ,  0.0,  0.0,  0.0,  0.0,  0.0, 0.0,   4.0,    8.0,   0.0,   0.0,     0.0,     2.0, -1.0   ,     0.0,     0.0,     0.0,     0.0,     0.0,     1.0
kellyst01, 2001,     1, LAK , NHL , C  ,  8.0,  0.0,   1.0,   1.0,   2.0, -1.0 ,  0.0,  0.0,  0.0,  0.0,  0.0, 0.0,   0.0,    1.0,   0.0,   0.0,     0.0,     0.0, 0.0    ,     0.0,     0.0,     0.0,     0.0,     0.0,     0.0
kellyst01, 2002,     1, LAK , NHL , C  , 15.0,  2.0,   3.0,   5.0,   0.0, -6.0 ,  0.0,  0.0,  0.0,  0.0,  1.0, 0.0,  14.0,       ,      ,      ,        ,        ,        ,        ,        ,        ,        ,        ,      
kellyst01, 2003,     1, LAK , NHL , C  ,  3.0,  0.0,   0.0,   0.0,   0.0, 0.0  ,  0.0,  0.0,  0.0,  0.0,  0.0, 0.0,   5.0,       ,      ,      ,        ,        ,        ,        ,        ,        ,        ,        ,      
kellyst01, 2007,     1, MIN , NHL , C  ,  2.0,  0.0,   0.0,   0.0,   0.0, 0.0  ,  0.0,  0.0,  0.0,  0.0,  0.0,    ,   1.0,       ,      ,      ,        ,        ,        ,        ,        ,        ,        ,        ,      
kempke01 , 1980,     1, HAR , NHL , D  ,  3.0,  0.0,   0.0,   0.0,   4.0, -1.0 ,  0.0,     ,  0.0,     ,  0.0, 0.0,   5.0,       ,      ,      ,        ,        ,        ,        ,        ,        ,        ,        ,      
kempst01 , 1948,     1, TOR , NHL , D  ,  1.0,  0.0,   0.0,   0.0,   2.0,      ,     ,     ,     ,     ,     ,    ,      ,       ,      ,      ,        ,        ,        ,        ,        ,        ,        ,        ,      
kenadch01, 1997,     1, STL , NHL , R  ,  5.0,  0.0,   2.0,   2.0,   0.0, 1.0  ,  0.0,  0.0,  0.0,  0.0,  0.0, 0.0,   3.0,       ,      ,      ,        ,        ,        ,        ,        ,        ,        ,        ,      
kenadch01, 1999,     1, NYR , NHL , R  ,  2.0,  0.0,   0.0,   0.0,   0.0, -1.0 ,  0.0,  0.0,  0.0,  0.0,  0.0, 0.0,   1.0,       ,      ,      ,        ,        ,        ,        ,        ,        ,        ,        ,      
kendabi01, 1933,     1, CHI , NHL , R  , 21.0,  3.0,   0.0,   3.0,   0.0,      ,     ,     ,     ,     ,     ,    ,      ,    2.0,   0.0,   0.0,     0.0,     0.0,        ,        ,        ,        ,        ,        ,      
kendabi01, 1934,     1, CHI , NHL , R  , 47.0,  6.0,   4.0,  10.0,  16.0,      ,     ,     ,     ,     ,     ,    ,      ,    2.0,   0.0,   0.0,     0.0,     0.0,        ,        ,        ,        ,        ,        ,      
kendabi01, 1935,     1, CHI , NHL , R  , 22.0,  2.0,   1.0,   3.0,   0.0,      ,     ,     ,     ,     ,     ,    ,      ,    2.0,   0.0,   0.0,     0.0,     0.0,        ,        ,        ,        ,        ,        ,      
kendabi01, 1936,     1, CHI , NHL , R  , 17.0,  3.0,   0.0,   3.0,   6.0,      ,     ,     ,     ,     ,     ,    ,      ,       ,      ,      ,        ,        ,        ,        ,        ,        ,        ,        ,      
kendabi01, 1936,     2, TOR , NHL , R  , 15.0,  2.0,   4.0,   6.0,   4.0,      ,     ,     ,     ,     ,     ,    ,      ,       ,      ,      ,        ,        ,        ,        ,        ,        ,        ,        ,      
kendabi01, 1937,     1, CHI , NHL , R  ,  9.0,  0.0,   1.0,   1.0,   2.0,      ,     ,     ,     ,     ,     ,    ,      ,       ,      ,      ,        ,        ,        ,        ,        ,        ,        ,        ,      
kendaca01, 1912,     1, VML , PCHA, C  , 14.0, 14.0,   6.0,  20.0,  21.0,      ,     ,     ,     ,     ,     ,    ,      ,       ,      ,      ,        ,        ,        ,        ,        ,        ,        ,        ,      
kendaca01, 1913,     1, MOW , NHA ,    , 18.0, 10.0,   8.0,  18.0,  19.0,      ,     ,     ,     ,     ,     ,    ,      ,       ,      ,      ,        ,        ,        ,        ,        ,        ,        ,        ,      
kendaca01, 1914,     1, MOW , NHA ,    ,  8.0,  0.0,   0.0,   0.0,   0.0,      ,     ,     ,     ,     ,     ,    ,      ,       ,      ,      ,        ,        ,        ,        ,        ,        ,        ,        ,      
kendaca01, 1916,     1, OT1 , NHA ,    , 10.0,  2.0,   0.0,   2.0,   0.0,      ,     ,     ,     ,     ,     ,    ,      ,       ,      ,      ,        ,        ,        ,        ,        ,        ,        ,        ,      
kennede01, 1982,     1, LAK , NHL , D  , 55.0,  0.0,  12.0,  12.0,  97.0, -17.0,  0.0,     ,  0.0,     ,  0.0, 0.0,  53.0,       ,      ,      ,        ,        ,        ,        ,        ,        ,        ,        ,      
kennede01, 1983,     1, LAK , NHL , D  , 37.0,  1.0,   5.0,   6.0,  50.0, -5.0 ,  0.0,     ,  0.0,     ,  0.0, 0.0,  22.0,       ,      ,      ,        ,        ,        ,        ,        ,        ,        ,        ,      
kennede01, 1985,     1, LAK , NHL , D  , 78.0,  2.0,  10.0,  12.0, 132.0, -10.0,  0.0,     ,  0.0,     ,  0.0, 0.0,  59.0,       ,      ,      ,        ,        ,        ,        ,        ,        ,        ,        ,      
kennede01, 1986,     1, LAK , NHL , D  , 66.0,  6.0,  14.0,  20.0,  91.0, 9.0  ,  0.0,     ,  0.0,     ,  1.0, 0.0,  59.0,    5.0,   0.0,   2.0,     2.0,    10.0, 1.0    ,     0.0,        ,     0.0,        ,     0.0,     1.0
kennede01, 1987,     1, LAK , NHL , D  , 58.0,  1.0,  11.0,  12.0, 158.0, -22.0,  0.0,  0.0,  0.0,  0.0,  0.0, 0.0,  40.0,    4.0,   0.0,   1.0,     1.0,    10.0, 4.0    ,     0.0,     0.0,     0.0,     0.0,     0.0,     2.0
kennede01, 1988,     1, LAK , NHL , D  , 25.0,  2.0,   5.0,   7.0,  23.0, 14.0 ,  0.0,  0.0,  0.0,     ,  1.0, 0.0,  18.0,       ,      ,      ,        ,        ,        ,        ,        ,        ,        ,        ,      
kennede01, 1988,     2, NYR , NHL , D  , 16.0,  0.0,   1.0,   1.0,  40.0, -1.0 ,  0.0,  0.0,  0.0,     ,  0.0, 0.0,   7.0,       ,      ,      ,        ,        ,        ,        ,        ,        ,        ,        ,      
kennede01, 1988,     3, LAK , NHL , D  , 26.0,  1.0,   3.0,   4.0,  40.0, 4.0  ,  0.0,  0.0,  0.0,     ,  0.0, 0.0,  20.0,   11.0,   0.0,   2.0,     2.0,     8.0, -2.0   ,     0.0,     0.0,     0.0,     0.0,     0.0,     4.0
kennede01, 1989,     1, BUF , NHL , D  , 80.0,  2.0,  12.0,  14.0,  53.0, -12.0,  0.0,  0.0,  0.0,  0.0,  0.0, 0.0,  51.0,    6.0,   1.0,   1.0,     2.0,    12.0, -3.0   ,     0.0,     0.0,     0.0,     0.0,     0.0,     9.0
kennede01, 1990,     1, BUF , NHL , D  , 64.0,  4.0,   8.0,  12.0, 119.0, 5.0  ,  0.0,  0.0,  0.0,  1.0,  2.0, 0.0,  46.0,    2.0,   0.0,   1.0,     1.0,    17.0, 2.0    ,     0.0,     0.0,     0.0,     0.0,     0.0,     0.0
kennede01, 1991,     1, WIN , NHL , D  , 18.0,  2.0,   4.0,   6.0,  21.0, 2.0  ,  0.0,  0.0,  0.0,  0.0,  1.0, 0.0,  20.0,    2.0,   0.0,   0.0,     0.0,     0.0, -2.0   ,     0.0,     0.0,     0.0,     0.0,     0.0,     1.0
kennede01, 1992,     1, WIN , NHL , D  , 78.0,  1.0,   7.0,   8.0, 105.0, -3.0 ,  0.0,  0.0,  0.0,  1.0,  1.0, 0.0,  50.0,    6.0,   0.0,   0.0,     0.0,     2.0, 1.0    ,     0.0,     0.0,     0.0,     0.0,     0.0,     2.0
kennede01, 1993,     1, WIN , NHL , D  , 76.0,  2.0,   8.0,  10.0, 164.0, -22.0,  0.0,  0.0,  0.0,  1.0,  1.0, 0.0,  38.0,       ,      ,      ,        ,        ,        ,        ,        ,        ,        ,        ,      
kennede01, 1994,     1, EDM , NHL , D  , 40.0,  2.0,   8.0,  10.0,  25.0, 2.0  ,  0.0,  0.0,  0.0,  0.0,  1.0, 0.0,  45.0,       ,      ,      ,        ,        ,        ,        ,        ,        ,        ,        ,      
kennefo01, 1956,     1, CHI , NHL , C  , 69.0,  8.0,  13.0,  21.0, 102.0,      ,     ,     ,     ,     ,     ,    ,      ,       ,      ,      ,        ,        ,        ,        ,        ,        ,        ,        ,      
kennefo01, 1957,     1, DET , NHL , C  , 70.0, 11.0,  16.0,  27.0, 135.0,      ,     ,     ,     ,     ,     ,    ,      ,    4.0,   1.0,   0.0,     1.0,    12.0,        ,        ,        ,        ,        ,        ,      
kennefo01, 1958,     1, DET , NHL , C  , 67.0,  1.0,   4.0,   5.0,  49.0,      ,     ,     ,     ,     ,     ,    ,      ,       ,      ,      ,        ,        ,        ,        ,        ,        ,        ,        ,      
kennefo01, 1959,     1, DET , NHL , C  , 17.0,  1.0,   2.0,   3.0,   8.0,      ,     ,     ,     ,     ,     ,    ,      ,       ,      ,      ,        ,        ,        ,        ,        ,        ,        ,        ,      
kennefo01, 1961,     1, DET , NHL , C  , 14.0,  1.0,   0.0,   1.0,   8.0,      ,     ,     ,     ,     ,     ,    ,      ,       ,      ,      ,        ,        ,        ,        ,        ,        ,        ,        ,      
kennefo01, 1962,     1, BOS , NHL , C  , 49.0, 12.0,  18.0,  30.0,  46.0,      ,     ,     ,     ,     ,     ,    ,      ,       ,      ,      ,        ,        ,        ,        ,        ,        ,        ,        ,      
kennefo01, 1963,     1, BOS , NHL , C  , 70.0,  8.0,  17.0,  25.0,  95.0,      ,  0.0,     ,  0.0,     ,  1.0, 0.0,      ,       ,      ,      ,        ,        ,        ,        ,        ,        ,        ,        ,      
kennefo01, 1964,     1, BOS , NHL , C  , 52.0,  6.0,   4.0,  10.0,  41.0,      ,  0.0,     ,  4.0,     ,  0.0, 1.0,      ,       ,      ,      ,        ,        ,        ,        ,        ,        ,        ,        ,      
kennefo01, 1965,     1, BOS , NHL , C  , 50.0,  4.0,   6.0,  10.0,  55.0,      ,  0.0,     ,  1.0,     ,  1.0, 0.0,      ,       ,      ,      ,        ,        ,        ,        ,        ,        ,        ,        ,      
kennefo01, 1967,     1, PHI , NHL , C  , 73.0, 10.0,  18.0,  28.0, 130.0, 4.0  ,  1.0,     ,  1.0,     ,  3.0, 1.0, 100.0,    7.0,   1.0,   4.0,     5.0,    14.0,        ,     0.0,        ,     1.0,        ,     0.0,      
kennefo01, 1968,     1, PHI , NHL , C  , 59.0,  8.0,   7.0,  15.0, 195.0, -25.0,  0.0,     ,  0.0,     ,  0.0, 1.0,  64.0,       ,      ,      ,        ,        ,        ,        ,        ,        ,        ,        ,      
kennefo01, 1968,     2, TOR , NHL , C  , 13.0,  0.0,   3.0,   3.0,  24.0, -1.0 ,  0.0,     ,  0.0,     ,  0.0, 0.0,   7.0,    1.0,   0.0,   0.0,     0.0,    38.0,        ,     0.0,        ,     0.0,        ,     0.0,      
kenneja01, 1972,     1, NRA , WHA , R  , 54.0,  4.0,   6.0,  10.0,  11.0,      ,  0.0,     ,  0.0,     ,     ,    ,      ,       ,      ,      ,        ,        ,        ,        ,        ,        ,        ,        ,      
kennemi01, 1994,     1, DAL , NHL , R  , 44.0,  6.0,  12.0,  18.0,  33.0, 4.0  ,  2.0,  2.0,  0.0,  0.0,  0.0, 0.0,  76.0,    5.0,   0.0,   0.0,     0.0,     9.0, -1.0   ,     0.0,     0.0,     0.0,     0.0,     0.0,     3.0
kennemi01, 1995,     1, DAL , NHL , R  , 61.0,  9.0,  17.0,  26.0,  48.0, -7.0 ,  4.0,  2.0,  0.0,  0.0,  1.0, 0.0, 111.0,       ,      ,      ,        ,        ,        ,        ,        ,        ,        ,        ,      
kennemi01, 1996,     1, DAL , NHL , R  , 24.0,  1.0,   6.0,   7.0,  13.0, 3.0  ,  0.0,  0.0,  0.0,  0.0,  1.0, 0.0,  26.0,       ,      ,      ,        ,        ,        ,        ,        ,        ,        ,        ,      
kennemi01, 1997,     1, TOR , NHL , R  , 13.0,  0.0,   1.0,   1.0,  14.0, -2.0 ,  0.0,  0.0,  0.0,  0.0,  0.0, 0.0,  12.0,       ,      ,      ,        ,        ,        ,        ,        ,        ,        ,        ,      
kennemi01, 1997,     2, DAL , NHL , R  ,  2.0,  0.0,   0.0,   0.0,   2.0, 1.0  ,  0.0,  0.0,  0.0,  0.0,  0.0, 0.0,   0.0,       ,      ,      ,        ,        ,        ,        ,        ,        ,        ,        ,      
kennemi01, 1998,     1, NYI , NHL , C  ,  1.0,  0.0,   0.0,   0.0,   2.0, 0.0  ,  0.0,  0.0,  0.0,  0.0,  0.0, 0.0,   0.0,       ,      ,      ,        ,        ,        ,        ,        ,        ,        ,        ,      
kennemu01, 1974,     1, IND , WHA , D  , 28.0,  1.0,   3.0,   4.0,   8.0, -11.0,  1.0,     ,  0.0,     ,     ,    ,   9.0,       ,      ,      ,        ,        ,        ,        ,        ,        ,        ,        ,      
kennemu01, 1974,     2, EDO , WHA , D  , 50.0,  4.0,  14.0,  18.0,  17.0, 16.0 ,  0.0,     ,  0.0,     ,     ,    ,  47.0,       ,      ,      ,        ,        ,        ,        ,        ,        ,        ,        ,      
kennemu01, 1975,     1, EDO , WHA , D  , 28.0,  3.0,   4.0,   7.0,  14.0, -8.0 ,  1.0,     ,  0.0,     ,  0.0,    ,  22.0,       ,      ,      ,        ,        ,        ,        ,        ,        ,        ,        ,      
kennesh01, 1989,     1, DET , NHL , R  , 20.0,  2.0,   7.0,   9.0,  10.0, 0.0  ,  0.0,  3.0,  0.0,  0.0,  1.0, 0.0,  23.0,       ,      ,      ,        ,        ,        ,        ,        ,        ,        ,        ,      
kennesh01, 1990,     1, DET , NHL , R  ,  7.0,  1.0,   0.0,   1.0,  12.0, -1.0 ,  0.0,  0.0,  0.0,  0.0,  0.0, 0.0,  11.0,       ,      ,      ,        ,        ,        ,        ,        ,        ,        ,        ,      
kennesh01, 1991,     1, DET , NHL , R  , 27.0,  3.0,   8.0,  11.0,  24.0, -2.0 ,  0.0,  0.0,  0.0,  0.0,  1.0, 1.0,  33.0,       ,      ,      ,        ,        ,        ,        ,        ,        ,        ,        ,      
kennesh01, 1992,     1, DET , NHL , C  , 68.0, 19.0,  11.0,  30.0,  46.0, -1.0 ,  1.0,  0.0,  0.0,  0.0,  2.0, 1.0, 110.0,    7.0,   1.0,   1.0,     2.0,     2.0, 1.0    ,     0.0,     0.0,     0.0,     0.0,     0.0,    10.0
kennesh01, 1993,     1, DET , NHL , R  , 61.0,  6.0,   7.0,  13.0,  30.0, -2.0 ,  0.0,  0.0,  1.0,  0.0,  0.0, 0.0,  60.0,    7.0,   1.0,   2.0,     3.0,     0.0, 3.0    ,     0.0,     0.0,     0.0,     0.0,     0.0,     8.0
kennesh01, 1994,     1, CAL , NHL , R  , 30.0,  7.0,   8.0,  15.0,  45.0, 5.0  ,  1.0,  0.0,  0.0,  0.0,  0.0, 0.0,  44.0,    7.0,   3.0,   1.0,     4.0,    16.0, 3.0    ,     0.0,     0.0,     1.0,     0.0,     0.0,    19.0
kennesh01, 1995,     1, CAL , NHL , R  , 41.0,  3.0,   7.0,  10.0,  36.0, 3.0  ,  0.0,  0.0,  0.0,  0.0,  1.0, 0.0,  54.0,    3.0,   1.0,   0.0,     1.0,     2.0, -2.0   ,     0.0,     0.0,     0.0,     0.0,     0.0,     4.0
kennesh01, 1996,     1, BOS , NHL , R  , 56.0,  8.0,  10.0,  18.0,  30.0, -17.0,  0.0,  0.0,  4.0,  1.0,  0.0, 0.0,  65.0,       ,      ,      ,        ,        ,        ,        ,        ,        ,        ,        ,      
kennete01, 1942,     1, TOR , NHL , C  ,  2.0,  0.0,   1.0,   1.0,   0.0,      ,     ,     ,     ,     ,     ,    ,      ,       ,      ,      ,        ,        ,        ,        ,        ,        ,        ,        ,      
kennete01, 1943,     1, TOR , NHL , C  , 49.0, 26.0,  23.0,  49.0,   2.0,      ,     ,     ,     ,     ,     ,    ,      ,    5.0,   1.0,   1.0,     2.0,     4.0,        ,        ,        ,        ,        ,        ,      
kennete01, 1944,     1, TOR , NHL , C  , 49.0, 29.0,  25.0,  54.0,  14.0,      ,     ,     ,     ,     ,     ,    ,      ,   13.0,   7.0,   2.0,     9.0,     2.0,        ,        ,        ,        ,        ,        ,      
kennete01, 1945,     1, TOR , NHL , C  , 21.0,  3.0,   2.0,   5.0,   4.0,      ,     ,     ,     ,     ,     ,    ,      ,       ,      ,      ,        ,        ,        ,        ,        ,        ,        ,        ,      
kennete01, 1946,     1, TOR , NHL , C  , 60.0, 28.0,  32.0,  60.0,  27.0,      ,     ,     ,     ,     ,     ,    ,      ,   11.0,   4.0,   5.0,     9.0,     4.0,        ,        ,        ,        ,        ,        ,      
kennete01, 1947,     1, TOR , NHL , C  , 60.0, 25.0,  21.0,  46.0,  32.0,      ,     ,     ,     ,     ,     ,    ,      ,    9.0,   8.0,   6.0,    14.0,     0.0,        ,        ,        ,        ,        ,        ,      
kennete01, 1948,     1, TOR , NHL , C  , 59.0, 18.0,  21.0,  39.0,  25.0,      ,     ,     ,     ,     ,     ,    ,      ,    9.0,   2.0,   6.0,     8.0,     2.0,        ,        ,        ,        ,        ,        ,      
kennete01, 1949,     1, TOR , NHL , C  , 53.0, 20.0,  24.0,  44.0,  34.0,      ,     ,     ,     ,     ,     ,    ,      ,    7.0,   1.0,   2.0,     3.0,     8.0,        ,        ,        ,        ,        ,        ,      
kennete01, 1950,     1, TOR , NHL , C  , 63.0, 18.0,  43.0,  61.0,  32.0,      ,     ,     ,     ,     ,     ,    ,      ,   11.0,   4.0,   5.0,     9.0,     6.0,        ,        ,        ,        ,        ,        ,      
kennete01, 1951,     1, TOR , NHL , C  , 70.0, 19.0,  33.0,  52.0,  33.0,      ,     ,     ,     ,     ,     ,    ,      ,    4.0,   0.0,   0.0,     0.0,     4.0,        ,        ,        ,        ,        ,        ,      
kennete01, 1952,     1, TOR , NHL , C  , 43.0, 14.0,  23.0,  37.0,  42.0,      ,     ,     ,     ,     ,     ,    ,      ,       ,      ,      ,        ,        ,        ,        ,        ,        ,        ,        ,      
kennete01, 1953,     1, TOR , NHL , C  , 67.0, 15.0,  23.0,  38.0,  78.0,      ,     ,     ,     ,     ,     ,    ,      ,    5.0,   1.0,   1.0,     2.0,     2.0,        ,        ,        ,        ,        ,        ,      
kennete01, 1954,     1, TOR , NHL , C  , 70.0, 10.0,  42.0,  52.0,  74.0,      ,     ,     ,     ,     ,     ,    ,      ,    4.0,   1.0,   3.0,     4.0,     0.0,        ,        ,        ,        ,        ,        ,      
kennete01, 1956,     1, TOR , NHL , C  , 30.0,  6.0,  16.0,  22.0,  35.0,      ,     ,     ,     ,     ,     ,    ,      ,       ,      ,      ,        ,        ,        ,        ,        ,        ,        ,        ,      
kenneti01, 2008,     1, BUF , NHL , L  ,  1.0,  0.0,   0.0,   0.0,   0.0, 0.0  ,  0.0,  0.0,  0.0,  0.0,  0.0,    ,   1.0,       ,      ,      ,        ,        ,        ,        ,        ,        ,        ,        ,      
kenneti01, 2009,     1, BUF , NHL , L  , 78.0, 10.0,  16.0,  26.0,  50.0, -3.0 ,  1.0,  1.0,  0.0,  0.0,  3.0,    ,  98.0,    6.0,   1.0,   2.0,     3.0,     4.0, 3.0    ,     0.0,     0.0,     0.0,     0.0,     0.0,     7.0
kennety01, 2007,     1, PIT , NHL , C  , 55.0, 10.0,   9.0,  19.0,  35.0, 2.0  ,  1.0,  3.0,  0.0,  0.0,  4.0,    , 104.0,   20.0,   0.0,   4.0,     4.0,    13.0, 0.0    ,     0.0,     0.0,     0.0,     0.0,     0.0,    34.0
kennety01, 2008,     1, PIT , NHL , C  , 67.0, 15.0,  20.0,  35.0,  30.0, 15.0 ,  0.0,  2.0,  0.0,  0.0,  3.0,    , 171.0,   24.0,   5.0,   4.0,     9.0,     4.0, -1.0   ,     0.0,     0.0,     0.0,     0.0,     3.0,    68.0
kennety01, 2009,     1, PIT , NHL , C  , 64.0, 13.0,  12.0,  25.0,  31.0, 10.0 ,  1.0,  0.0,  0.0,  0.0,  4.0,    , 175.0,   10.0,   0.0,   0.0,     0.0,     2.0, -6.0   ,     0.0,     0.0,     0.0,     0.0,     0.0,    22.0
kennyer01, 1930,     1, NYR , NHL , D  ,  6.0,  0.0,   0.0,   0.0,   0.0,      ,     ,     ,     ,     ,     ,    ,      ,       ,      ,      ,        ,        ,        ,        ,        ,        ,        ,        ,      
kennyer01, 1934,     1, CHI , NHL , D  ,  4.0,  0.0,   0.0,   0.0,  18.0,      ,     ,     ,     ,     ,     ,    ,      ,       ,      ,      ,        ,        ,        ,        ,        ,        ,        ,        ,      
keogamu01, 1974,     1, PHR , WHA , C  , 78.0, 35.0,  29.0,  64.0,  68.0, -12.0, 11.0,     ,  0.0,     ,     ,    , 225.0,    5.0,   0.0,   1.0,     1.0,     0.0,        ,     0.0,        ,     0.0,        ,     0.0,      
keogamu01, 1975,     1, PHR , WHA , C  ,  8.0,  0.0,   2.0,   2.0,   4.0,      ,  0.0,     ,  0.0,     ,  0.0,    ,  14.0,       ,      ,      ,        ,        ,        ,        ,        ,        ,        ,        ,      
keogamu01, 1975,     2, CAC , WHA , C  , 38.0,  7.0,  11.0,  18.0,  19.0,      ,  0.0,     ,  0.0,     ,  2.0,    ,  61.0,       ,      ,      ,        ,        ,        ,        ,        ,        ,        ,        ,      
keonda01 , 1960,     1, TOR , NHL , C  , 70.0, 20.0,  25.0,  45.0,   6.0,      ,     ,     ,     ,     ,     ,    ,      ,    5.0,   1.0,   1.0,     2.0,     0.0,        ,        ,        ,        ,        ,     0.0,      
keonda01 , 1961,     1, TOR , NHL , C  , 64.0, 26.0,  35.0,  61.0,   2.0,      ,     ,     ,     ,     ,     ,    ,      ,   12.0,   5.0,   3.0,     8.0,     0.0,        ,        ,        ,        ,        ,     0.0,      
keonda01 , 1962,     1, TOR , NHL , C  , 68.0, 28.0,  28.0,  56.0,   2.0,      ,     ,     ,     ,     ,     ,    ,      ,   10.0,   7.0,   5.0,    12.0,     0.0,        ,        ,        ,        ,        ,     3.0,      
keonda01 , 1963,     1, TOR , NHL , C  , 70.0, 23.0,  37.0,  60.0,   6.0,      ,  7.0,     ,  0.0,     ,  2.0, 2.0,      ,   14.0,   7.0,   2.0,     9.0,     2.0,        ,        ,        ,        ,        ,     1.0,      
keonda01 , 1964,     1, TOR , NHL , C  , 65.0, 21.0,  29.0,  50.0,  10.0,      ,  6.0,     ,  1.0,     ,  2.0, 1.0,      ,    6.0,   2.0,   2.0,     4.0,     2.0,        ,        ,        ,        ,        ,     1.0,      
keonda01 , 1965,     1, TOR , NHL , C  , 69.0, 24.0,  30.0,  54.0,   4.0,      ,  6.0,     ,  0.0,     ,  5.0, 0.0,      ,    4.0,   0.0,   2.0,     2.0,     0.0,        ,        ,        ,        ,        ,     0.0,      
keonda01 , 1966,     1, TOR , NHL , C  , 66.0, 19.0,  33.0,  52.0,   2.0,      ,  5.0,     ,  1.0,     ,  2.0, 2.0,      ,   12.0,   3.0,   5.0,     8.0,     0.0,        ,        ,        ,        ,        ,     1.0,      
keonda01 , 1967,     1, TOR , NHL , C  , 67.0, 11.0,  37.0,  48.0,   4.0, 16.0 ,  1.0,     ,  0.0,     ,  3.0, 1.0, 196.0,       ,      ,      ,        ,        ,        ,        ,        ,        ,        ,        ,      
keonda01 , 1968,     1, TOR , NHL , C  , 75.0, 27.0,  34.0,  61.0,  12.0, 17.0 ,  3.0,     ,  6.0,     ,  6.0, 0.0, 281.0,    4.0,   1.0,   3.0,     4.0,     2.0,        ,     0.0,        ,     1.0,        ,     0.0,      
keonda01 , 1969,     1, TOR , NHL , C  , 72.0, 32.0,  30.0,  62.0,   6.0, -15.0,  9.0,     ,  2.0,     ,  4.0, 1.0, 284.0,       ,      ,      ,        ,        ,        ,        ,        ,        ,        ,        ,      
keonda01 , 1970,     1, TOR , NHL , C  , 76.0, 38.0,  38.0,  76.0,   4.0, 24.0 ,  5.0,     ,  8.0,     ,  9.0, 3.0, 277.0,    6.0,   3.0,   2.0,     5.0,     0.0,        ,     0.0,        ,     0.0,        ,     0.0,      
keonda01 , 1971,     1, TOR , NHL , C  , 72.0, 18.0,  30.0,  48.0,   4.0, 1.0  ,  2.0,     ,  2.0,     ,  5.0, 1.0, 265.0,    5.0,   2.0,   3.0,     5.0,     0.0,        ,     0.0,        ,     0.0,        ,     0.0,      
keonda01 , 1972,     1, TOR , NHL , C  , 76.0, 37.0,  36.0,  73.0,   2.0, 4.0  ,  8.0,     ,  2.0,     ,  6.0, 1.0, 277.0,       ,      ,      ,        ,        ,        ,        ,        ,        ,        ,        ,      
keonda01 , 1973,     1, TOR , NHL , C  , 74.0, 25.0,  28.0,  53.0,   7.0, 13.0 ,  1.0,     ,  2.0,     ,  3.0, 1.0, 244.0,    4.0,   1.0,   2.0,     3.0,     0.0,        ,     0.0,        ,     0.0,        ,     0.0,      
keonda01 , 1974,     1, TOR , NHL , C  , 78.0, 16.0,  43.0,  59.0,   4.0, 3.0  ,  1.0,     ,  1.0,     ,  2.0, 0.0, 183.0,    7.0,   0.0,   5.0,     5.0,     0.0,        ,     0.0,        ,     0.0,        ,     0.0,      
keonda01 , 1975,     1, MFS , WHA , C  , 57.0, 26.0,  38.0,  64.0,   4.0, 14.0 ,  5.0,     ,  2.0,     ,  3.0,    , 144.0,       ,      ,      ,        ,        ,        ,        ,        ,        ,        ,        ,      
keonda01 , 1975,     2, IND , WHA , C  , 12.0,  3.0,   7.0,  10.0,   2.0, 2.0  ,  1.0,     ,  0.0,     ,  0.0,    ,  40.0,    7.0,   2.0,   2.0,     4.0,     2.0, 0.0    ,        ,        ,        ,        ,        ,      
keonda01 , 1976,     1, MF2 , WHA , C  , 42.0, 13.0,  38.0,  51.0,   2.0, 25.0 ,  1.0,     ,  1.0,     ,     ,    , 151.0,       ,      ,      ,        ,        ,        ,        ,        ,        ,        ,        ,      
keonda01 , 1976,     2, NEW , WHA , C  , 34.0, 14.0,  25.0,  39.0,   8.0, 13.0 ,  5.0,     ,  1.0,     ,     ,    , 107.0,    5.0,   3.0,   1.0,     4.0,     0.0, 4.0    ,        ,        ,        ,        ,     0.0,      
keonda01 , 1977,     1, NEW , WHA , C  , 77.0, 24.0,  38.0,  62.0,   2.0, -4.0 ,  1.0,     ,  5.0,     ,     ,    , 169.0,   14.0,   5.0,  11.0,    16.0,     4.0, 2.0    ,        ,        ,        ,        ,     1.0,      
keonda01 , 1978,     1, NEW , WHA , C  , 79.0, 22.0,  43.0,  65.0,   2.0, 4.0  ,  7.0,     ,  0.0,     ,     ,    , 189.0,   10.0,   3.0,   9.0,    12.0,     2.0, 2.0    ,        ,        ,        ,        ,     1.0,      
keonda01 , 1979,     1, HAR , NHL , C  , 76.0, 10.0,  52.0,  62.0,  10.0, -13.0,  0.0,     ,  0.0,     ,  0.0, 0.0, 146.0,    3.0,   0.0,   1.0,     1.0,     0.0,        ,     0.0,        ,     0.0,        ,     0.0,      
keonda01 , 1980,     1, HAR , NHL , C  , 80.0, 13.0,  34.0,  47.0,  26.0, -31.0,  2.0,     ,  0.0,     ,  1.0, 1.0, 131.0,       ,      ,      ,        ,        ,        ,        ,        ,        ,        ,        ,      
keonda01 , 1981,     1, HAR , NHL , C  , 78.0,  8.0,  11.0,  19.0,   6.0, -31.0,  0.0,     ,  1.0,     ,  1.0, 0.0,  84.0,       ,      ,      ,        ,        ,        ,        ,        ,        ,        ,        ,      
kerchal01, 1993,     1, EDM , NHL , L  ,  5.0,  0.0,   0.0,   0.0,   2.0, -8.0 ,  0.0,  0.0,  0.0,  0.0,  0.0, 0.0,   4.0,       ,      ,      ,        ,        ,        ,        ,        ,        ,        ,        ,      
kerral01 , 1984,     1, NYI , NHL , R  , 19.0,  3.0,   1.0,   4.0,  24.0, -7.0 ,  0.0,     ,  0.0,     ,  0.0, 0.0,  17.0,    4.0,   1.0,   0.0,     1.0,     4.0, 0.0    ,     1.0,        ,     0.0,        ,     0.0,     6.0
kerral01 , 1985,     1, NYI , NHL , L  ,  7.0,  0.0,   1.0,   1.0,  16.0, 1.0  ,  0.0,     ,  0.0,     ,  0.0, 0.0,   9.0,    1.0,   0.0,   0.0,     0.0,     0.0, 0.0    ,     0.0,        ,     0.0,        ,     0.0,     0.0
kerral01 , 1986,     1, NYI , NHL , L  , 72.0,  7.0,  10.0,  17.0, 175.0, -10.0,  0.0,     ,  1.0,     ,  1.0, 0.0,  97.0,   14.0,   1.0,   4.0,     5.0,    25.0, -1.0   ,     0.0,        ,     0.0,        ,     0.0,    36.0
kerral01 , 1987,     1, NYI , NHL , R  , 80.0, 24.0,  34.0,  58.0, 198.0, 30.0 ,  4.0,  7.0,  0.0,  0.0,  2.0, 1.0, 196.0,    6.0,   1.0,   0.0,     1.0,    14.0, 0.0    ,     0.0,     0.0,     0.0,     0.0,     0.0,    11.0
kerral01 , 1988,     1, NYI , NHL , R  , 71.0, 20.0,  18.0,  38.0, 144.0, -5.0 ,  6.0,  1.0,  0.0,  0.0,  4.0, 0.0, 147.0,       ,      ,      ,        ,        ,        ,        ,        ,        ,        ,        ,      
kerral01 , 1989,     1, NYI , NHL , R  , 75.0, 15.0,  21.0,  36.0, 129.0, -1.0 ,  3.0,  4.0,  0.0,  0.0,  1.0, 0.0, 127.0,    4.0,   0.0,   0.0,     0.0,    10.0, -3.0   ,     0.0,     0.0,     0.0,     0.0,     0.0,     9.0
kerral01 , 1990,     1, NYI , NHL , R  ,  2.0,  0.0,   0.0,   0.0,   5.0, 0.0  ,  0.0,  0.0,  0.0,  0.0,  0.0, 0.0,   2.0,       ,      ,      ,        ,        ,        ,        ,        ,        ,        ,        ,      
kerral01 , 1991,     1, DET , NHL , R  , 58.0,  3.0,   8.0,  11.0, 133.0, 1.0  ,  0.0,  0.0,  0.0,  0.0,  1.0, 0.0,  41.0,    9.0,   2.0,   0.0,     2.0,    17.0, -1.0   ,     0.0,     0.0,     0.0,     0.0,     0.0,    13.0
kerral01 , 1992,     1, WIN , NHL , R  ,  7.0,  0.0,   1.0,   1.0,   2.0, -4.0 ,  0.0,  0.0,  0.0,  0.0,  0.0, 0.0,   1.0,       ,      ,      ,        ,        ,        ,        ,        ,        ,        ,        ,      
kerral02 , 1909,     1, OT1 , NHA ,    ,  4.0,  8.0,   0.0,   8.0,  31.0,      ,     ,     ,     ,     ,     ,    ,      ,       ,      ,      ,        ,        ,        ,        ,        ,        ,        ,        ,      
kerral02 , 1910,     1, OT1 , NHA ,    , 16.0, 33.0,   0.0,  33.0,  45.0,      ,     ,     ,     ,     ,     ,    ,      ,       ,      ,      ,        ,        ,        ,        ,        ,        ,        ,        ,      
kerral02 , 1911,     1, OT1 , NHA ,    , 18.0, 24.0,   0.0,  24.0,  35.0,      ,     ,     ,     ,     ,     ,    ,      ,       ,      ,      ,        ,        ,        ,        ,        ,        ,        ,        ,      
kerral02 , 1913,     1, VA1 , PCHA, R  , 16.0, 20.0,  11.0,  31.0,  12.0,      ,     ,     ,     ,     ,     ,    ,      ,       ,      ,      ,        ,        ,        ,        ,        ,        ,        ,        ,      
kerral02 , 1914,     1, VA1 , PCHA, R  , 16.0, 14.0,   4.0,  18.0,  15.0,      ,     ,     ,     ,     ,     ,    ,      ,       ,      ,      ,        ,        ,        ,        ,        ,        ,        ,        ,      
kerral02 , 1915,     1, VA1 , PCHA, R  , 18.0, 16.0,  10.0,  26.0,  46.0,      ,     ,     ,     ,     ,     ,    ,      ,       ,      ,      ,        ,        ,        ,        ,        ,        ,        ,        ,      
kerral02 , 1916,     1, SPO , PCHA, R  , 22.0, 20.0,  11.0,  31.0,  38.0,      ,     ,     ,     ,     ,     ,    ,      ,       ,      ,      ,        ,        ,        ,        ,        ,        ,        ,        ,      
kerral02 , 1918,     1, VA2 , PCHA, R  ,  1.0,  0.0,   0.0,   0.0,   0.0,      ,     ,     ,     ,     ,     ,    ,      ,       ,      ,      ,        ,        ,        ,        ,        ,        ,        ,        ,      
kerral02 , 1919,     1, VA2 , PCHA, R  , 19.0,  8.0,   1.0,   9.0,  42.0,      ,     ,     ,     ,     ,     ,    ,      ,       ,      ,      ,        ,        ,        ,        ,        ,        ,        ,        ,      
kerrda01 , 1930,     1, MTM , NHL , G  , 28.0,  0.0,   0.0,   0.0,   0.0,      ,     ,     ,     ,     ,     ,    ,      ,    2.0,   0.0,   0.0,     0.0,     0.0,        ,        ,        ,        ,        ,        ,      
kerrda01 , 1931,     1, NYA , NHL , G  ,  1.0,  0.0,   0.0,   0.0,   0.0,      ,     ,     ,     ,     ,     ,    ,      ,       ,      ,      ,        ,        ,        ,        ,        ,        ,        ,        ,      
kerrda01 , 1932,     1, MTM , NHL , G  , 26.0,  0.0,   0.0,   0.0,   0.0,      ,     ,     ,     ,     ,     ,    ,      ,    2.0,   0.0,   0.0,     0.0,     0.0,        ,        ,        ,        ,        ,        ,      
kerrda01 , 1933,     1, MTM , NHL , G  , 48.0,  0.0,   0.0,   0.0,   0.0,      ,     ,     ,     ,     ,     ,    ,      ,    4.0,   0.0,   0.0,     0.0,     0.0,        ,        ,        ,        ,        ,        ,      
kerrda01 , 1934,     1, NYR , NHL , G  , 37.0,  0.0,   0.0,   0.0,   0.0,      ,     ,     ,     ,     ,     ,    ,      ,    4.0,   0.0,   0.0,     0.0,     0.0,        ,        ,        ,        ,        ,        ,      
kerrda01 , 1935,     1, NYR , NHL , G  , 47.0,  0.0,   0.0,   0.0,   0.0,      ,     ,     ,     ,     ,     ,    ,      ,       ,      ,      ,        ,        ,        ,        ,        ,        ,        ,        ,      
kerrda01 , 1936,     1, NYR , NHL , G  , 48.0,  0.0,   0.0,   0.0,   0.0,      ,     ,     ,     ,     ,     ,    ,      ,    9.0,   0.0,   0.0,     0.0,     0.0,        ,        ,        ,        ,        ,        ,      
kerrda01 , 1937,     1, NYR , NHL , G  , 48.0,  0.0,   0.0,   0.0,   0.0,      ,     ,     ,     ,     ,     ,    ,      ,    3.0,   0.0,   0.0,     0.0,     0.0,        ,        ,        ,        ,        ,        ,      
kerrda01 , 1938,     1, NYR , NHL , G  , 48.0,  0.0,   0.0,   0.0,   0.0,      ,     ,     ,     ,     ,     ,    ,      ,    1.0,   0.0,   0.0,     0.0,     0.0,        ,        ,        ,        ,        ,        ,      
kerrda01 , 1939,     1, NYR , NHL , G  , 48.0,  0.0,   0.0,   0.0,   0.0,      ,     ,     ,     ,     ,     ,    ,      ,   12.0,   0.0,   0.0,     0.0,     0.0,        ,        ,        ,        ,        ,        ,      
kerrda01 , 1940,     1, NYR , NHL , G  , 48.0,  0.0,   0.0,   0.0,   0.0,      ,     ,     ,     ,     ,     ,    ,      ,    3.0,   0.0,   0.0,     0.0,     0.0,        ,        ,        ,        ,        ,        ,      
kerrre01 , 1977,     1, CLE , NHL , L  ,  7.0,  0.0,   2.0,   2.0,   7.0, 0.0  ,  0.0,     ,  0.0,     ,  0.0, 0.0,   9.0,       ,      ,      ,        ,        ,        ,        ,        ,        ,        ,        ,      
kerrre01 , 1977,     2, CHI , NHL , L  ,  2.0,  0.0,   2.0,   2.0,   0.0, 2.0  ,  0.0,     ,  0.0,     ,  0.0, 0.0,   2.0,       ,      ,      ,        ,        ,        ,        ,        ,        ,        ,        ,      
kerrre01 , 1978,     1, CHI , NHL , L  , 73.0, 16.0,  24.0,  40.0,  50.0, -7.0 ,  2.0,     ,  2.0,     ,  4.0, 2.0, 111.0,    4.0,   1.0,   0.0,     1.0,     5.0,        ,     0.0,        ,     0.0,        ,     0.0,      
kerrre01 , 1979,     1, CHI , NHL , L  , 49.0,  9.0,   8.0,  17.0,  17.0, -10.0,  1.0,     ,  1.0,     ,  0.0, 0.0,  69.0,       ,      ,      ,        ,        ,        ,        ,        ,        ,        ,        ,      
kerrre01 , 1980,     1, CHI , NHL , C  , 70.0, 30.0,  30.0,  60.0,  56.0, 10.0 ,  6.0,     ,  0.0,     ,  4.0, 2.0, 154.0,    3.0,   0.0,   0.0,     0.0,     2.0,        ,     0.0,        ,     0.0,        ,     0.0,      
kerrre01 , 1981,     1, CHI , NHL , L  , 59.0, 11.0,  28.0,  39.0,  39.0, -10.0,  1.0,     ,  0.0,     ,  1.0, 1.0, 106.0,       ,      ,      ,        ,        ,        ,        ,        ,        ,        ,        ,      
kerrre01 , 1983,     1, EDM , NHL , L  ,  3.0,  0.0,   0.0,   0.0,   0.0, -3.0 ,  0.0,     ,  0.0,     ,  0.0, 0.0,   3.0,       ,      ,      ,        ,        ,        ,        ,        ,        ,        ,        ,      
kerrti01 , 1980,     1, PHI , NHL , C/R, 68.0, 22.0,  23.0,  45.0,  84.0, 3.0  ,  6.0,     ,  0.0,     ,  7.0, 1.0,  95.0,   10.0,   1.0,   3.0,     4.0,     2.0,        ,     1.0,        ,     0.0,        ,     0.0,      
kerrti01 , 1981,     1, PHI , NHL , R  , 61.0, 21.0,  30.0,  51.0, 138.0, 6.0  ,  7.0,     ,  0.0,     ,  2.0, 0.0, 118.0,    4.0,   0.0,   2.0,     2.0,     2.0,        ,     0.0,        ,     0.0,        ,     0.0,      
kerrti01 , 1982,     1, PHI , NHL , R  , 24.0, 11.0,   8.0,  19.0,   6.0, 4.0  ,  0.0,     ,  0.0,     ,  1.0, 0.0,  49.0,    2.0,   2.0,   0.0,     2.0,     0.0,        ,     0.0,        ,     0.0,        ,     0.0,      
kerrti01 , 1983,     1, PHI , NHL , R  , 79.0, 54.0,  39.0,  93.0,  29.0, 30.0 ,  9.0,     ,  0.0,     ,  5.0, 1.0, 286.0,    3.0,   0.0,   0.0,     0.0,     0.0, -4.0   ,     0.0,        ,     0.0,        ,     0.0,     6.0
kerrti01 , 1984,     1, PHI , NHL , R  , 74.0, 54.0,  44.0,  98.0,  57.0, 29.0 , 21.0,     ,  0.0,     ,  9.0, 2.0, 267.0,   12.0,  10.0,   4.0,    14.0,    13.0, 7.0    ,     4.0,        ,     0.0,        ,     1.0,    42.0
kerrti01 , 1985,     1, PHI , NHL , R  , 76.0, 58.0,  26.0,  84.0,  79.0, -5.0 , 34.0,     ,  0.0,     ,  8.0, 0.0, 285.0,    5.0,   3.0,   3.0,     6.0,     8.0, -2.0   ,     1.0,        ,     0.0,        ,     0.0,    22.0
kerrti01 , 1986,     1, PHI , NHL , R  , 75.0, 58.0,  37.0,  95.0,  57.0, 38.0 , 26.0,     ,  0.0,     , 10.0, 0.0, 261.0,   12.0,   8.0,   5.0,    13.0,     2.0, 3.0    ,     5.0,        ,     0.0,        ,     3.0,    41.0
kerrti01 , 1987,     1, PHI , NHL , R  ,  8.0,  3.0,   2.0,   5.0,  12.0, 0.0  ,  2.0,  2.0,  0.0,  0.0,  0.0, 0.0,  34.0,    6.0,   1.0,   3.0,     4.0,     4.0, -2.0   ,     1.0,     1.0,     0.0,     0.0,     0.0,    10.0
kerrti01 , 1988,     1, PHI , NHL , R  , 69.0, 48.0,  40.0,  88.0,  73.0, -4.0 , 25.0, 19.0,  0.0,  0.0,  2.0, 1.0, 236.0,   19.0,  14.0,  11.0,    25.0,    27.0, 1.0    ,     8.0,     8.0,     0.0,     0.0,     2.0,    54.0
kerrti01 , 1989,     1, PHI , NHL , R  , 40.0, 24.0,  24.0,  48.0,  34.0, -3.0 ,  9.0, 11.0,  0.0,  0.0,  2.0, 2.0, 162.0,       ,      ,      ,        ,        ,        ,        ,        ,        ,        ,        ,      
kerrti01 , 1990,     1, PHI , NHL , R  , 27.0, 10.0,  14.0,  24.0,   8.0, -8.0 ,  6.0,  5.0,  0.0,  0.0,  0.0, 0.0,  74.0,       ,      ,      ,        ,        ,        ,        ,        ,        ,        ,        ,      
kerrti01 , 1991,     1, NYR , NHL , R  , 32.0,  7.0,  11.0,  18.0,  12.0, -5.0 ,  5.0,  3.0,  0.0,  0.0,  2.0, 0.0,  56.0,    8.0,   1.0,   0.0,     1.0,     0.0, -1.0   ,     1.0,     0.0,     0.0,     0.0,     0.0,     7.0
kerrti01 , 1992,     1, HAR , NHL , R  , 22.0,  0.0,   6.0,   6.0,   7.0, -11.0,  0.0,  0.0,  0.0,  0.0,  0.0, 0.0,  48.0,       ,      ,      ,        ,        ,        ,        ,        ,        ,        ,        ,      
kersldo01, 1974,     1, EDO , WHA , R  , 10.0,  4.0,   0.0,   4.0,  10.0, 3.0  ,  0.0,     ,  0.0,     ,     ,    ,  17.0,       ,      ,      ,        ,        ,        ,        ,        ,        ,        ,        ,      
kersldo01, 1975,     1, EDO , WHA , R  , 13.0,  1.0,   1.0,   2.0,   4.0, -2.0 ,  0.0,     ,  0.0,     ,  0.0,    ,   4.0,       ,      ,      ,        ,        ,        ,        ,        ,        ,        ,        ,      
kesada01 , 1993,     1, VAN , NHL , R  , 19.0,  2.0,   4.0,   6.0,  18.0, -3.0 ,  1.0,  0.0,  0.0,  0.0,  1.0, 0.0,  18.0,       ,      ,      ,        ,        ,        ,        ,        ,        ,        ,        ,      
kesada01 , 1995,     1, DAL , NHL , R  ,  3.0,  0.0,   0.0,   0.0,   0.0, -1.0 ,  0.0,  0.0,  0.0,  0.0,  0.0, 0.0,   0.0,       ,      ,      ,        ,        ,        ,        ,        ,        ,        ,        ,      
kesada01 , 1998,     1, PIT , NHL , R  , 67.0,  2.0,   8.0,  10.0,  27.0, -9.0 ,  0.0,  2.0,  0.0,  0.0,  0.0, 1.0,  33.0,   13.0,   1.0,   0.0,     1.0,     0.0, -2.0   ,     1.0,     0.0,     0.0,     0.0,     1.0,     5.0
kesada01 , 1999,     1, TBL , NHL , C  , 50.0,  4.0,  10.0,  14.0,  21.0, -11.0,  0.0,  0.0,  1.0,  2.0,  1.0, 0.0,  55.0,       ,      ,      ,        ,        ,        ,        ,        ,        ,        ,        ,      
keslery01, 2003,     1, VAN , NHL , C  , 28.0,  2.0,   3.0,   5.0,  16.0, -2.0 ,  0.0,  0.0,  0.0,  0.0,  0.0, 0.0,  23.0,       ,      ,      ,        ,        ,        ,        ,        ,        ,        ,        ,      
keslery01, 2005,     1, VAN , NHL , C  , 82.0, 10.0,  13.0,  23.0,  79.0, 1.0  ,  1.0,  1.0,  0.0,  1.0,  2.0,    , 119.0,       ,      ,      ,        ,        ,        ,        ,        ,        ,        ,        ,      
keslery01, 2006,     1, VAN , NHL , C  , 48.0,  6.0,  10.0,  16.0,  40.0, 1.0  ,  0.0,  0.0,  0.0,  0.0,  0.0,    ,  88.0,    1.0,   0.0,   0.0,     0.0,     0.0, 0.0    ,     0.0,     0.0,     0.0,     0.0,     0.0,     2.0
keslery01, 2007,     1, VAN , NHL , C  , 80.0, 21.0,  16.0,  37.0,  79.0, 1.0  ,  4.0,  4.0,  2.0,  0.0,  2.0,    , 177.0,       ,      ,      ,        ,        ,        ,        ,        ,        ,        ,        ,      
keslery01, 2008,     1, VAN , NHL , C  , 82.0, 26.0,  33.0,  59.0,  61.0, 8.0  , 10.0,  8.0,  2.0,  2.0,  2.0,    , 179.0,   10.0,   2.0,   2.0,     4.0,    14.0, -2.0   ,     1.0,     0.0,     0.0,     0.0,     0.0,    28.0
keslery01, 2009,     1, VAN , NHL , C  , 82.0, 25.0,  50.0,  75.0, 104.0, 1.0  , 12.0, 14.0,  1.0,  2.0,  5.0,    , 214.0,   12.0,   1.0,   9.0,    10.0,     4.0, 3.0    ,     0.0,     1.0,     0.0,     0.0,     0.0,    21.0
kesseph01, 2006,     1, BOS , NHL , C  , 70.0, 11.0,  18.0,  29.0,  12.0, -12.0,  1.0,  4.0,  0.0,  0.0,  0.0,    , 170.0,       ,      ,      ,        ,        ,        ,        ,        ,        ,        ,        ,      
kesseph01, 2007,     1, BOS , NHL , R  , 82.0, 19.0,  18.0,  37.0,  28.0, -6.0 ,  5.0,  2.0,  0.0,  0.0,  3.0,    , 213.0,    4.0,   3.0,   1.0,     4.0,     2.0, 1.0    ,     1.0,     0.0,     0.0,     0.0,     0.0,    13.0
kesseph01, 2008,     1, BOS , NHL , R  , 70.0, 36.0,  24.0,  60.0,  16.0, 23.0 ,  8.0,  7.0,  0.0,  0.0,  6.0,    , 232.0,   11.0,   6.0,   5.0,    11.0,     4.0, 7.0    ,     0.0,     2.0,     0.0,     0.0,     0.0,    38.0
kesseph01, 2009,     1, TOR , NHL , C  , 70.0, 30.0,  25.0,  55.0,  21.0, -8.0 ,  8.0,  8.0,  0.0,  0.0,  5.0,    , 297.0,       ,      ,      ,        ,        ,        ,        ,        ,        ,        ,        ,      
kesseri01, 1969,     1, PIT , NHL , C  ,  8.0,  1.0,   2.0,   3.0,   2.0, 0.0  ,  0.0,     ,  0.0,     ,  0.0, 0.0,  15.0,       ,      ,      ,        ,        ,        ,        ,        ,        ,        ,        ,      
kesseri01, 1970,     1, PIT , NHL , C  ,  6.0,  0.0,   2.0,   2.0,   2.0, 1.0  ,  0.0,     ,  0.0,     ,  0.0, 0.0,  15.0,       ,      ,      ,        ,        ,        ,        ,        ,        ,        ,        ,      
kesseri01, 1971,     1, PIT , NHL , C  ,  3.0,  0.0,   1.0,   1.0,   0.0, -1.0 ,  0.0,     ,  0.0,     ,  0.0, 0.0,   3.0,       ,      ,      ,        ,        ,        ,        ,        ,        ,        ,        ,      
kesseri01, 1972,     1, PIT , NHL , C  , 67.0,  1.0,  13.0,  14.0,   0.0, -9.0 ,  0.0,     ,  0.0,     ,  0.0, 0.0,  35.0,       ,      ,      ,        ,        ,        ,        ,        ,        ,        ,        ,      
kesseri01, 1973,     1, CLF , NHL , C  , 51.0,  2.0,   6.0,   8.0,   4.0, -4.0 ,  1.0,     ,  0.0,     ,  0.0, 0.0,  31.0,       ,      ,      ,        ,        ,        ,        ,        ,        ,        ,        ,      
ketolve01, 1974,     1, WIJ , WHA , C  , 74.0, 23.0,  28.0,  51.0,  25.0, -18.0,  2.0,     ,  0.0,     ,     ,    , 154.0,       ,      ,      ,        ,        ,        ,        ,        ,        ,        ,        ,      
ketolve01, 1975,     1, WIJ , WHA , C  , 80.0, 32.0,  36.0,  68.0,  32.0, -4.0 ,  8.0,     ,  0.0,     ,  1.0,    , 339.0,   13.0,   7.0,   5.0,    12.0,     2.0, 7.0    ,        ,        ,        ,        ,        ,      
ketolve01, 1976,     1, WIJ , WHA , C  , 64.0, 25.0,  29.0,  54.0,  59.0, -13.0,  6.0,     ,  0.0,     ,     ,    , 210.0,       ,      ,      ,        ,        ,        ,        ,        ,        ,        ,        ,      
ketolve01, 1976,     2, CAC , WHA , C  , 17.0,  4.0,   6.0,  10.0,   2.0, -17.0,  1.0,     ,  0.0,     ,     ,    ,  58.0,       ,      ,      ,        ,        ,        ,        ,        ,        ,        ,        ,      
ketolve01, 1981,     1, COR , NHL , C  , 44.0,  9.0,   5.0,  14.0,   4.0, -17.0,  4.0,     ,  0.0,     ,  1.0, 1.0,  42.0,       ,      ,      ,        ,        ,        ,        ,        ,        ,        ,        ,      
ketteke01, 1972,     1, ATF , NHL , D  , 41.0,  0.0,   2.0,   2.0,  58.0, -6.0 ,  0.0,     ,  0.0,     ,  0.0, 0.0,  31.0,       ,      ,      ,        ,        ,        ,        ,        ,        ,        ,        ,      
ketteke01, 1975,     1, EDO , WHA , D  , 48.0,  1.0,   9.0,  10.0,  20.0, -12.0,  0.0,     ,  0.0,     ,  0.0,    ,  48.0,       ,      ,      ,        ,        ,        ,        ,        ,        ,        ,        ,      
khabini01, 1994,     1, WIN , NHL , G  , 26.0,  0.0,   1.0,   1.0,   4.0, 0.0  ,  0.0,  1.0,  0.0,  0.0,  0.0, 0.0,   0.0,       ,      ,      ,        ,        ,        ,        ,        ,        ,        ,        ,      
khabini01, 1995,     1, WIN , NHL , G  , 53.0,  0.0,   0.0,   0.0,  12.0, 0.0  ,  0.0,  0.0,  0.0,  0.0,  0.0, 0.0,   0.0,    6.0,   0.0,   0.0,     0.0,     0.0, 0.0    ,     0.0,     0.0,     0.0,     0.0,     0.0,     0.0
khabini01, 1996,     1, PHO , NHL , G  , 72.0,  0.0,   3.0,   3.0,  16.0, 0.0  ,  0.0,  1.0,  0.0,  1.0,  0.0, 0.0,   0.0,    7.0,   0.0,   0.0,     0.0,     6.0, 0.0    ,     0.0,     0.0,     0.0,     0.0,     0.0,     0.0
khabini01, 1997,     1, PHO , NHL , G  , 70.0,  0.0,   2.0,   2.0,  22.0, 0.0  ,  0.0,  0.0,  0.0,  0.0,  0.0, 0.0,   0.0,    4.0,   0.0,   1.0,     1.0,     0.0, 0.0    ,     0.0,     1.0,     0.0,     0.0,     0.0,     0.0
khabini01, 1998,     1, PHO , NHL , G  , 63.0,  0.0,   0.0,   0.0,   8.0, 0.0  ,  0.0,  0.0,  0.0,  0.0,  0.0, 0.0,   0.0,    7.0,   0.0,   0.0,     0.0,     2.0, 0.0    ,     0.0,     0.0,     0.0,     0.0,     0.0,     0.0
khabini01, 2000,     1, TBL , NHL , G  ,  2.0,  0.0,   0.0,   0.0,   0.0, 0.0  ,  0.0,  0.0,  0.0,  0.0,  0.0, 0.0,   0.0,       ,      ,      ,        ,        ,        ,        ,        ,        ,        ,        ,      
khabini01, 2001,     1, TBL , NHL , G  , 70.0,  0.0,   2.0,   2.0,   6.0, 0.0  ,  0.0,  2.0,  0.0,  0.0,  0.0, 0.0,   0.0,       ,      ,      ,        ,        ,        ,        ,        ,        ,        ,        ,      
khabini01, 2002,     1, TBL , NHL , G  , 65.0,  0.0,   3.0,   3.0,   8.0, 0.0  ,  0.0,  3.0,  0.0,  0.0,  0.0, 0.0,   0.0,   10.0,   0.0,   0.0,     0.0,     0.0, 0.0    ,     0.0,     0.0,     0.0,     0.0,     0.0,     0.0
khabini01, 2003,     1, TBL , NHL , G  , 55.0,  0.0,   2.0,   2.0,  12.0, 0.0  ,  0.0,  1.0,  0.0,  1.0,  0.0, 0.0,   0.0,   23.0,   0.0,   0.0,     0.0,     0.0, 0.0    ,     0.0,     0.0,     0.0,     0.0,     0.0,     0.0
khabini01, 2005,     1, CHI , NHL , G  , 50.0,  0.0,   1.0,   1.0,  10.0, 0.0  ,  0.0,  0.0,  0.0,  1.0,  0.0,    ,   0.0,       ,      ,      ,        ,        ,        ,        ,        ,        ,        ,        ,      
khabini01, 2006,     1, CHI , NHL , G  , 60.0,  0.0,   0.0,   0.0,   8.0, 0.0  ,  0.0,  0.0,  0.0,  0.0,  0.0,    ,   0.0,       ,      ,      ,        ,        ,        ,        ,        ,        ,        ,        ,      
khabini01, 2007,     1, CHI , NHL , G  , 50.0,  0.0,   2.0,   2.0,   4.0, 0.0  ,  0.0,  1.0,  0.0,  0.0,  0.0,    ,   0.0,       ,      ,      ,        ,        ,        ,        ,        ,        ,        ,        ,      
khabini01, 2008,     1, CHI , NHL , G  , 42.0,  0.0,   2.0,   2.0,   8.0, 0.0  ,  0.0,  1.0,  0.0,  0.0,  0.0,    ,   0.0,   15.0,   0.0,   0.0,     0.0,     0.0, 0.0    ,     0.0,     0.0,     0.0,     0.0,     0.0,     0.0
khabini01, 2009,     1, EDM , NHL , G  , 18.0,  0.0,   0.0,   0.0,   4.0, 0.0  ,  0.0,  0.0,  0.0,  0.0,  0.0,    ,   0.0,       ,      ,      ,        ,        ,        ,        ,        ,        ,        ,        ,      
kharial01, 2000,     1, TBL , NHL , R  , 66.0,  7.0,  15.0,  22.0,   8.0, -9.0 ,  0.0,  5.0,  0.0,  0.0,  0.0, 0.0, 103.0,       ,      ,      ,        ,        ,        ,        ,        ,        ,        ,        ,      
kharial01, 2001,     1, NYI , NHL , L  ,  5.0,  0.0,   0.0,   0.0,   4.0, -1.0 ,  0.0,  0.0,  0.0,  0.0,  0.0, 0.0,   5.0,       ,      ,      ,        ,        ,        ,        ,        ,        ,        ,        ,      
kharise01, 1990,     1, WIN , NHL , R  ,  7.0,  2.0,   3.0,   5.0,   2.0, 2.0  ,  0.0,  0.0,  0.0,  0.0,  0.0, 0.0,  13.0,       ,      ,      ,        ,        ,        ,        ,        ,        ,        ,        ,      
khavaal01, 2000,     1, STL , NHL , D  , 74.0,  7.0,  16.0,  23.0,  52.0, 16.0 ,  2.0,  5.0,  0.0,  0.0,  0.0, 0.0,  92.0,   15.0,   3.0,   2.0,     5.0,    14.0, 4.0    ,     1.0,     2.0,     0.0,     0.0,     0.0,    19.0
khavaal01, 2001,     1, STL , NHL , D  , 81.0,  3.0,  21.0,  24.0,  55.0, 9.0  ,  0.0, 11.0,  0.0,  0.0,  0.0, 0.0,  87.0,    4.0,   0.0,   0.0,     0.0,     2.0, 0.0    ,     0.0,     0.0,     0.0,     0.0,     0.0,     5.0
khavaal01, 2002,     1, STL , NHL , D  , 81.0,  8.0,  25.0,  33.0,  48.0, -1.0 ,  2.0, 13.0,  1.0,  3.0,  2.0, 0.0,  90.0,    7.0,   2.0,   3.0,     5.0,     2.0, 0.0    ,     1.0,     3.0,     0.0,     0.0,     0.0,    13.0
khavaal01, 2003,     1, STL , NHL , D  , 48.0,  3.0,   7.0,  10.0,  18.0, 2.0  ,  2.0,  2.0,  0.0,  0.0,  0.0, 0.0,  62.0,       ,      ,      ,        ,        ,        ,        ,        ,        ,        ,        ,      
khavaal01, 2005,     1, TOR , NHL , D  , 64.0,  6.0,   6.0,  12.0,  60.0, -11.0,  2.0,  2.0,  1.0,  0.0,  0.0,    ,  44.0,       ,      ,      ,        ,        ,        ,        ,        ,        ,        ,        ,      
khmylyu01, 1992,     1, BUF , NHL , L  , 68.0, 20.0,  19.0,  39.0,  28.0, 6.0  ,  0.0,  5.0,  3.0,  1.0,  3.0, 0.0, 122.0,    8.0,   4.0,   3.0,     7.0,     4.0, 3.0    ,     1.0,     1.0,     0.0,     0.0,     1.0,    17.0
khmylyu01, 1993,     1, BUF , NHL , L  , 72.0, 27.0,  31.0,  58.0,  49.0, 13.0 , 11.0, 17.0,  0.0,  2.0,  4.0, 0.0, 171.0,    7.0,   3.0,   1.0,     4.0,     8.0, -1.0   ,     0.0,     0.0,     0.0,     0.0,     0.0,    22.0
khmylyu01, 1994,     1, BUF , NHL , L  , 48.0,  8.0,  17.0,  25.0,  14.0, 8.0  ,  2.0,  1.0,  1.0,  0.0,  1.0, 0.0,  71.0,    5.0,   0.0,   1.0,     1.0,     8.0, -1.0   ,     0.0,     0.0,     0.0,     0.0,     0.0,     7.0
khmylyu01, 1995,     1, BUF , NHL , L  , 66.0,  8.0,  20.0,  28.0,  40.0, -12.0,  5.0,  5.0,  1.0,  2.0,  1.0, 1.0, 123.0,       ,      ,      ,        ,        ,        ,        ,        ,        ,        ,        ,      
khmylyu01, 1995,     2, STL , NHL , L  ,  7.0,  0.0,   1.0,   1.0,   0.0, -5.0 ,  0.0,  0.0,  0.0,  0.0,  0.0, 0.0,  13.0,    6.0,   1.0,   1.0,     2.0,     4.0, 1.0    ,     0.0,     0.0,     0.0,     0.0,     1.0,     8.0
khmylyu01, 1996,     1, STL , NHL , L  ,  2.0,  1.0,   0.0,   1.0,   2.0, -1.0 ,  0.0,  0.0,  0.0,  0.0,  0.0, 0.0,   3.0,       ,      ,      ,        ,        ,        ,        ,        ,        ,        ,        ,      
khrisdm01, 1990,     1, WAS , NHL , L  , 40.0, 13.0,  14.0,  27.0,  21.0, -1.0 ,  1.0,  1.0,  0.0,  1.0,  0.0, 1.0,  77.0,   11.0,   1.0,   3.0,     4.0,     6.0, -2.0   ,     0.0,     0.0,     0.0,     0.0,     0.0,    15.0
khrisdm01, 1991,     1, WAS , NHL , L  , 80.0, 36.0,  37.0,  73.0,  35.0, 24.0 , 14.0, 14.0,  1.0,  0.0,  7.0, 0.0, 188.0,    7.0,   3.0,   2.0,     5.0,    15.0, 2.0    ,     3.0,     1.0,     0.0,     0.0,     1.0,    15.0
khrisdm01, 1992,     1, WAS , NHL , L  , 64.0, 31.0,  35.0,  66.0,  28.0, 29.0 ,  9.0,  9.0,  1.0,  1.0,  1.0, 1.0, 127.0,    6.0,   2.0,   5.0,     7.0,     2.0, -2.0   ,     1.0,     2.0,     0.0,     1.0,     0.0,    15.0
khrisdm01, 1993,     1, WAS , NHL , R  , 83.0, 29.0,  29.0,  58.0,  73.0, -2.0 , 10.0,  5.0,  0.0,  0.0,  4.0, 1.0, 195.0,   11.0,   2.0,   3.0,     5.0,    10.0, 0.0    ,     0.0,     1.0,     0.0,     0.0,     0.0,    14.0
khrisdm01, 1994,     1, WAS , NHL , L  , 48.0, 12.0,  14.0,  26.0,  41.0, 0.0  ,  8.0,  4.0,  0.0,  0.0,  2.0, 2.0,  92.0,    7.0,   1.0,   4.0,     5.0,     0.0, 4.0    ,     0.0,     1.0,     0.0,     0.0,     0.0,    13.0
khrisdm01, 1995,     1, LAK , NHL , L  , 76.0, 27.0,  37.0,  64.0,  44.0, 0.0  , 12.0,  9.0,  0.0,  1.0,  3.0, 0.0, 204.0,       ,      ,      ,        ,        ,        ,        ,        ,        ,        ,        ,      
khrisdm01, 1996,     1, LAK , NHL , C  , 75.0, 19.0,  37.0,  56.0,  38.0, 8.0  ,  3.0,  6.0,  0.0,  2.0,  2.0, 0.0, 135.0,       ,      ,      ,        ,        ,        ,        ,        ,        ,        ,        ,      
khrisdm01, 1997,     1, BOS , NHL , R  , 82.0, 29.0,  37.0,  66.0,  42.0, 25.0 , 13.0, 10.0,  2.0,  0.0,  1.0, 0.0, 144.0,    6.0,   2.0,   2.0,     4.0,     2.0, 1.0    ,     2.0,     0.0,     0.0,     0.0,     0.0,    15.0
khrisdm01, 1998,     1, BOS , NHL , L  , 79.0, 29.0,  42.0,  71.0,  48.0, 11.0 , 13.0,  7.0,  1.0,  0.0,  6.0, 1.0, 144.0,   12.0,   3.0,   4.0,     7.0,     6.0, 1.0    ,     0.0,     1.0,     0.0,     0.0,     1.0,    19.0
khrisdm01, 1999,     1, TOR , NHL , L  , 53.0, 12.0,  18.0,  30.0,  24.0, 8.0  ,  3.0,  5.0,  0.0,  0.0,  0.0, 1.0,  79.0,   12.0,   1.0,   2.0,     3.0,     0.0, -3.0   ,     1.0,     0.0,     0.0,     0.0,     0.0,    13.0
khrisdm01, 2000,     1, TOR , NHL , R  , 27.0,  3.0,   6.0,   9.0,   8.0, 8.0  ,  2.0,  1.0,  0.0,  1.0,  0.0, 0.0,  23.0,       ,      ,      ,        ,        ,        ,        ,        ,        ,        ,        ,      
khrisdm01, 2000,     2, WAS , NHL , R  , 43.0, 10.0,  19.0,  29.0,   8.0, -8.0 ,  4.0, 12.0,  0.0,  0.0,  4.0, 0.0,  54.0,    3.0,   0.0,   0.0,     0.0,     0.0, 0.0    ,     0.0,     0.0,     0.0,     0.0,     0.0,     0.0
khrisdm01, 2001,     1, WAS , NHL , C  , 61.0,  9.0,  12.0,  21.0,  12.0, 2.0  ,  3.0,  2.0,  0.0,  0.0,  2.0, 0.0,  54.0,       ,      ,      ,        ,        ,        ,        ,        ,        ,        ,        ,      
khudoan01, 2009,     1, MIN , NHL , G  ,  2.0,  0.0,   0.0,   0.0,   0.0, 0.0  ,  0.0,  0.0,  0.0,  0.0,  0.0,    ,   0.0,       ,      ,      ,        ,        ,        ,        ,        ,        ,        ,        ,      
kiddia01 , 1987,     1, VAN , NHL , D  , 19.0,  4.0,   7.0,  11.0,  25.0, -3.0 ,  3.0,  2.0,  0.0,  0.0,  0.0, 0.0,  22.0,       ,      ,      ,        ,        ,        ,        ,        ,        ,        ,        ,      
kiddia01 , 1988,     1, VAN , NHL , D  ,  1.0,  0.0,   0.0,   0.0,   0.0, -1.0 ,  0.0,  0.0,  0.0,  0.0,  0.0, 0.0,   0.0,       ,      ,      ,        ,        ,        ,        ,        ,        ,        ,        ,      
kiddtr01 , 1991,     1, CAL , NHL , G  ,  2.0,  0.0,   0.0,   0.0,   0.0, 0.0  ,  0.0,  0.0,  0.0,  0.0,  0.0, 0.0,   0.0,       ,      ,      ,        ,        ,        ,        ,        ,        ,        ,        ,      
kiddtr01 , 1993,     1, CAL , NHL , G  , 31.0,  0.0,   4.0,   4.0,   4.0, 0.0  ,  0.0,  1.0,  0.0,  1.0,  0.0, 0.0,   0.0,       ,      ,      ,        ,        ,        ,        ,        ,        ,        ,        ,      
kiddtr01 , 1994,     1, CAL , NHL , G  , 43.0,  0.0,   1.0,   1.0,   2.0, 0.0  ,  0.0,  0.0,  0.0,  1.0,  0.0, 0.0,   0.0,    7.0,   0.0,   0.0,     0.0,     0.0, 0.0    ,     0.0,     0.0,     0.0,     0.0,     0.0,     0.0
kiddtr01 , 1995,     1, CAL , NHL , G  , 47.0,  0.0,   2.0,   2.0,   4.0, 0.0  ,  0.0,  0.0,  0.0,  0.0,  0.0, 0.0,   0.0,    2.0,   0.0,   0.0,     0.0,     0.0, 0.0    ,     0.0,     0.0,     0.0,     0.0,     0.0,     0.0
kiddtr01 , 1996,     1, CAL , NHL , G  , 55.0,  0.0,   2.0,   2.0,  16.0, 0.0  ,  0.0,  1.0,  0.0,  0.0,  0.0, 0.0,   0.0,       ,      ,      ,        ,        ,        ,        ,        ,        ,        ,        ,      
kiddtr01 , 1997,     1, CAR , NHL , G  , 47.0,  0.0,   0.0,   0.0,   2.0, 0.0  ,  0.0,  0.0,  0.0,  0.0,  0.0, 0.0,   0.0,       ,      ,      ,        ,        ,        ,        ,        ,        ,        ,        ,      
kiddtr01 , 1998,     1, CAR , NHL , G  , 25.0,  0.0,   0.0,   0.0,   0.0, 0.0  ,  0.0,  0.0,  0.0,  0.0,  0.0, 0.0,   0.0,       ,      ,      ,        ,        ,        ,        ,        ,        ,        ,        ,      
kiddtr01 , 1999,     1, FLO , NHL , G  , 28.0,  0.0,   0.0,   0.0,   0.0, 0.0  ,  0.0,  0.0,  0.0,  0.0,  0.0, 0.0,   0.0,       ,      ,      ,        ,        ,        ,        ,        ,        ,        ,        ,      
kiddtr01 , 2000,     1, FLO , NHL , G  , 42.0,  0.0,   1.0,   1.0,   6.0, 0.0  ,  0.0,  0.0,  0.0,  0.0,  0.0, 0.0,   0.0,       ,      ,      ,        ,        ,        ,        ,        ,        ,        ,        ,      
kiddtr01 , 2001,     1, FLO , NHL , G  , 33.0,  0.0,   1.0,   1.0,   0.0, 0.0  ,  0.0,  0.0,  0.0,  0.0,  0.0, 0.0,   0.0,       ,      ,      ,        ,        ,        ,        ,        ,        ,        ,        ,      
kiddtr01 , 2002,     1, TOR , NHL , G  , 19.0,  0.0,   0.0,   0.0,   0.0, 0.0  ,  0.0,  0.0,  0.0,  0.0,  0.0, 0.0,   1.0,       ,      ,      ,        ,        ,        ,        ,        ,        ,        ,        ,      
kiddtr01 , 2003,     1, TOR , NHL , G  , 15.0,  0.0,   2.0,   2.0,   2.0, 0.0  ,  0.0,  1.0,  0.0,  0.0,  0.0, 0.0,   0.0,    1.0,   0.0,   0.0,     0.0,     0.0, 0.0    ,     0.0,     0.0,     0.0,     0.0,     0.0,     0.0
kielyjo01, 1975,     1, CIN , WHA , G  , 22.0,  0.0,   1.0,   1.0,   6.0, 0.0  ,  0.0,     ,  0.0,     ,  0.0,    ,   0.0,       ,      ,      ,        ,        ,        ,        ,        ,        ,        ,        ,      
kiessud01, 1981,     1, MNS , NHL , D  ,  1.0,  0.0,   0.0,   0.0,   2.0, 0.0  ,  0.0,     ,  0.0,     ,  0.0, 0.0,   1.0,       ,      ,      ,        ,        ,        ,        ,        ,        ,        ,        ,      
kilgech01, 1995,     1, ANA , NHL , C  , 45.0,  5.0,   7.0,  12.0,  22.0, -2.0 ,  0.0,  0.0,  0.0,  0.0,  1.0, 0.0,  38.0,       ,      ,      ,        ,        ,        ,        ,        ,        ,        ,        ,      
kilgech01, 1995,     2, WIN , NHL , C  , 29.0,  2.0,   3.0,   5.0,  12.0, -2.0 ,  0.0,  0.0,  0.0,  0.0,  0.0, 0.0,  19.0,    4.0,   1.0,   0.0,     1.0,     0.0, 0.0    ,     0.0,     0.0,     0.0,     0.0,     1.0,     2.0
kilgech01, 1996,     1, PHO , NHL , C  , 24.0,  4.0,   3.0,   7.0,  13.0, -5.0 ,  1.0,  0.0,  0.0,  0.0,  0.0, 0.0,  30.0,       ,      ,      ,        ,        ,        ,        ,        ,        ,        ,        ,      
kilgech01, 1997,     1, PHO , NHL , C  , 10.0,  0.0,   1.0,   1.0,   4.0, -2.0 ,  0.0,  0.0,  0.0,  0.0,  0.0, 0.0,   9.0,       ,      ,      ,        ,        ,        ,        ,        ,        ,        ,        ,      
kilgech01, 1997,     2, CHI , NHL , C  , 22.0,  3.0,   8.0,  11.0,   6.0, 2.0  ,  2.0,  2.0,  0.0,  0.0,  1.0, 0.0,  23.0,       ,      ,      ,        ,        ,        ,        ,        ,        ,        ,        ,      
kilgech01, 1998,     1, CHI , NHL , C  , 64.0, 14.0,  11.0,  25.0,  30.0, -1.0 ,  2.0,  0.0,  1.0,  1.0,  1.0, 1.0,  68.0,       ,      ,      ,        ,        ,        ,        ,        ,        ,        ,        ,      
kilgech01, 1998,     2, EDM , NHL , C  , 13.0,  1.0,   1.0,   2.0,   4.0, -3.0 ,  0.0,  1.0,  0.0,  0.0,  0.0, 0.0,  13.0,    4.0,   0.0,   0.0,     0.0,     4.0, -2.0   ,     0.0,     0.0,     0.0,     0.0,     0.0,     1.0
kilgech01, 1999,     1, EDM , NHL , C  , 40.0,  3.0,   2.0,   5.0,  18.0, -6.0 ,  0.0,  0.0,  0.0,  0.0,  0.0, 0.0,  32.0,    3.0,   0.0,   0.0,     0.0,     0.0, 0.0    ,     0.0,     0.0,     0.0,     0.0,     0.0,     1.0
kilgech01, 2000,     1, EDM , NHL , C  , 34.0,  5.0,   2.0,   7.0,  17.0, -7.0 ,  1.0,  0.0,  0.0,  0.0,  0.0, 0.0,  28.0,       ,      ,      ,        ,        ,        ,        ,        ,        ,        ,        ,      
kilgech01, 2000,     2, MTL , NHL , C  , 43.0,  9.0,  16.0,  25.0,  34.0, -1.0 ,  1.0,  2.0,  1.0,  0.0,  1.0, 0.0,  75.0,       ,      ,      ,        ,        ,        ,        ,        ,        ,        ,        ,      
kilgech01, 2001,     1, MTL , NHL , R  , 75.0,  8.0,  15.0,  23.0,  27.0, -7.0 ,  0.0,  2.0,  1.0,  0.0,  2.0, 0.0,  87.0,   12.0,   0.0,   1.0,     1.0,     9.0, 1.0    ,     0.0,     0.0,     0.0,     0.0,     0.0,    17.0
kilgech01, 2002,     1, MTL , NHL , R  , 60.0,  9.0,   7.0,  16.0,  21.0, -4.0 ,  0.0,  0.0,  0.0,  0.0,  1.0, 0.0,  60.0,       ,      ,      ,        ,        ,        ,        ,        ,        ,        ,        ,      
kilgech01, 2003,     1, MTL , NHL , L  , 36.0,  2.0,   2.0,   4.0,  14.0, 2.0  ,  0.0,  1.0,  0.0,  0.0,  0.0, 0.0,  29.0,       ,      ,      ,        ,        ,        ,        ,        ,        ,        ,        ,      
kilgech01, 2003,     2, TOR , NHL , L  ,  5.0,  1.0,   1.0,   2.0,   2.0, 2.0  ,  0.0,  0.0,  0.0,  0.0,  1.0, 0.0,   6.0,   13.0,   2.0,   1.0,     3.0,     0.0, 0.0    ,     0.0,     0.0,     0.0,     0.0,     0.0,    16.0
kilgech01, 2005,     1, TOR , NHL , C  , 79.0, 17.0,  11.0,  28.0,  63.0, -6.0 ,  1.0,  0.0,  1.0,  1.0,  2.0,    , 103.0,       ,      ,      ,        ,        ,        ,        ,        ,        ,        ,        ,      
kilgech01, 2006,     1, TOR , NHL , L  , 82.0, 14.0,  14.0,  28.0,  58.0, -5.0 ,  0.0,  0.0,  1.0,  0.0,  2.0,    , 141.0,       ,      ,      ,        ,        ,        ,        ,        ,        ,        ,        ,      
kilgech01, 2007,     1, TOR , NHL , L  , 53.0, 10.0,   7.0,  17.0,  18.0, 1.0  ,  0.0,  0.0,  0.0,  0.0,  0.0,    ,  74.0,       ,      ,      ,        ,        ,        ,        ,        ,        ,        ,        ,      
kilrebr01, 1957,     1, DET , NHL , C  ,  1.0,  0.0,   0.0,   0.0,   0.0,      ,     ,     ,     ,     ,     ,    ,      ,       ,      ,      ,        ,        ,        ,        ,        ,        ,        ,        ,      
kilrebr01, 1967,     1, LAK , NHL , C  , 25.0,  3.0,   5.0,   8.0,  12.0, -4.0 ,  0.0,     ,  0.0,     ,  0.0, 0.0,  24.0,       ,      ,      ,        ,        ,        ,        ,        ,        ,        ,        ,      
kilrehe01, 1925,     1, OTS , NHL , L  , 35.0,  5.0,   0.0,   5.0,  12.0,      ,     ,     ,     ,     ,     ,    ,      ,    2.0,   0.0,   0.0,     0.0,     0.0,        ,        ,        ,        ,        ,        ,      
kilrehe01, 1926,     1, OTS , NHL , L  , 42.0, 11.0,   7.0,  18.0,  48.0,      ,     ,     ,     ,     ,     ,    ,      ,    6.0,   1.0,   1.0,     2.0,     4.0,        ,        ,        ,        ,        ,        ,      
kilrehe01, 1927,     1, OTS , NHL , L  , 43.0, 19.0,   4.0,  23.0,  66.0,      ,     ,     ,     ,     ,     ,    ,      ,    2.0,   1.0,   0.0,     1.0,     0.0,        ,        ,        ,        ,        ,        ,      
kilrehe01, 1928,     1, OTS , NHL , L  , 38.0,  5.0,   7.0,  12.0,  36.0,      ,     ,     ,     ,     ,     ,    ,      ,       ,      ,      ,        ,        ,        ,        ,        ,        ,        ,        ,      
kilrehe01, 1929,     1, OTS , NHL , L  , 44.0, 36.0,  22.0,  58.0,  72.0,      ,     ,     ,     ,     ,     ,    ,      ,    2.0,   0.0,   0.0,     0.0,     4.0,        ,        ,        ,        ,        ,        ,      
kilrehe01, 1930,     1, OTS , NHL , L  , 44.0, 14.0,   8.0,  22.0,  44.0,      ,     ,     ,     ,     ,     ,    ,      ,       ,      ,      ,        ,        ,        ,        ,        ,        ,        ,        ,      
kilrehe01, 1931,     1, DTF , NHL , L  , 47.0, 13.0,   3.0,  16.0,  28.0,      ,     ,     ,     ,     ,     ,    ,      ,    2.0,   0.0,   0.0,     0.0,     0.0,        ,        ,        ,        ,        ,        ,      
kilrehe01, 1932,     1, OTS , NHL , L  , 47.0, 14.0,   8.0,  22.0,  26.0,      ,     ,     ,     ,     ,     ,    ,      ,       ,      ,      ,        ,        ,        ,        ,        ,        ,        ,        ,      
kilrehe01, 1933,     1, TOR , NHL , L  , 43.0, 10.0,  13.0,  23.0,  15.0,      ,     ,     ,     ,     ,     ,    ,      ,    5.0,   2.0,   0.0,     2.0,     2.0,        ,        ,        ,        ,        ,        ,      
kilrehe01, 1934,     1, TOR , NHL , L  , 46.0, 11.0,  13.0,  24.0,  16.0,      ,     ,     ,     ,     ,     ,    ,      ,    6.0,   0.0,   0.0,     0.0,     4.0,        ,        ,        ,        ,        ,        ,      
kilrehe01, 1935,     1, DET , NHL , L  , 48.0,  6.0,  17.0,  23.0,  37.0,      ,     ,     ,     ,     ,     ,    ,      ,    7.0,   0.0,   3.0,     3.0,     2.0,        ,        ,        ,        ,        ,        ,      
kilrehe01, 1936,     1, DET , NHL , L  , 48.0,  6.0,   9.0,  15.0,  20.0,      ,     ,     ,     ,     ,     ,    ,      ,   10.0,   3.0,   1.0,     4.0,     2.0,        ,        ,        ,        ,        ,        ,      
kilrehe01, 1937,     1, DET , NHL , L  , 48.0,  9.0,   9.0,  18.0,  10.0,      ,     ,     ,     ,     ,     ,    ,      ,       ,      ,      ,        ,        ,        ,        ,        ,        ,        ,        ,      
kilrehe01, 1938,     1, DET , NHL , L  , 48.0,  8.0,   9.0,  17.0,   8.0,      ,     ,     ,     ,     ,     ,    ,      ,    6.0,   1.0,   2.0,     3.0,     0.0,        ,        ,        ,        ,        ,        ,      
kilrehe01, 1939,     1, DET , NHL , L  , 12.0,  0.0,   0.0,   0.0,   0.0,      ,     ,     ,     ,     ,     ,    ,      ,       ,      ,      ,        ,        ,        ,        ,        ,        ,        ,        ,      
kilreke01, 1938,     1, DET , NHL , L  ,  1.0,  0.0,   0.0,   0.0,   0.0,      ,     ,     ,     ,     ,     ,    ,      ,    3.0,   1.0,   1.0,     2.0,     4.0,        ,        ,        ,        ,        ,        ,      
kilreke01, 1939,     1, DET , NHL , L  , 40.0, 10.0,   8.0,  18.0,   4.0,      ,     ,     ,     ,     ,     ,    ,      ,    5.0,   1.0,   1.0,     2.0,     0.0,        ,        ,        ,        ,        ,        ,      
kilreke01, 1940,     1, DET , NHL , L  , 15.0,  2.0,   0.0,   2.0,   0.0,      ,     ,     ,     ,     ,     ,    ,      ,    5.0,   0.0,   0.0,     0.0,     0.0,        ,        ,        ,        ,        ,        ,      
kilreke01, 1941,     1, DET , NHL , L  , 21.0,  3.0,  12.0,  15.0,   4.0,      ,     ,     ,     ,     ,     ,    ,      ,       ,      ,      ,        ,        ,        ,        ,        ,        ,        ,        ,      
kilreke01, 1943,     1, DET , NHL , L  , 14.0,  1.0,   3.0,   4.0,   0.0,      ,     ,     ,     ,     ,     ,    ,      ,    2.0,   0.0,   0.0,     0.0,     0.0,        ,        ,        ,        ,        ,        ,      
kilrewa01, 1929,     1, OTS , NHL , C  , 42.0,  4.0,   2.0,   6.0,   4.0,      ,     ,     ,     ,     ,     ,    ,      ,    2.0,   0.0,   0.0,     0.0,     0.0,        ,        ,        ,        ,        ,        ,      
kilrewa01, 1930,     1, PHQ , NHL , C  , 44.0,  8.0,  12.0,  20.0,  22.0,      ,     ,     ,     ,     ,     ,    ,      ,       ,      ,      ,        ,        ,        ,        ,        ,        ,        ,        ,      
kilrewa01, 1931,     1, NYA , NHL , C  , 48.0,  3.0,   8.0,  11.0,  18.0,      ,     ,     ,     ,     ,     ,    ,      ,       ,      ,      ,        ,        ,        ,        ,        ,        ,        ,        ,      
kilrewa01, 1932,     1, OTS , NHL , C  , 32.0,  3.0,   6.0,   9.0,  14.0,      ,     ,     ,     ,     ,     ,    ,      ,       ,      ,      ,        ,        ,        ,        ,        ,        ,        ,        ,      
kilrewa01, 1932,     2, MTM , NHL , C  , 19.0,  2.0,   6.0,   8.0,   2.0,      ,     ,     ,     ,     ,     ,    ,      ,    2.0,   0.0,   0.0,     0.0,     0.0,        ,        ,        ,        ,        ,        ,      
kilrewa01, 1933,     1, MTM , NHL , C  , 44.0,  3.0,   1.0,   4.0,   7.0,      ,     ,     ,     ,     ,     ,    ,      ,    4.0,   0.0,   0.0,     0.0,     0.0,        ,        ,        ,        ,        ,        ,      
kilrewa01, 1934,     1, DET , NHL , C  ,  3.0,  0.0,   0.0,   0.0,   0.0,      ,     ,     ,     ,     ,     ,    ,      ,       ,      ,      ,        ,        ,        ,        ,        ,        ,        ,        ,      
kilrewa01, 1935,     1, DET , NHL , C  , 44.0,  4.0,  10.0,  14.0,  10.0,      ,     ,     ,     ,     ,     ,    ,      ,    7.0,   2.0,   2.0,     4.0,     2.0,        ,        ,        ,        ,        ,        ,      
kilrewa01, 1936,     1, DET , NHL , C  , 48.0,  8.0,  13.0,  21.0,   6.0,      ,     ,     ,     ,     ,     ,    ,      ,   10.0,   0.0,   2.0,     2.0,     4.0,        ,        ,        ,        ,        ,        ,      
kilrewa01, 1937,     1, DET , NHL , C  ,  5.0,  0.0,   0.0,   0.0,   4.0,      ,     ,     ,     ,     ,     ,    ,      ,       ,      ,      ,        ,        ,        ,        ,        ,        ,        ,        ,      
kimblda01, 1988,     1, QUE , NHL , R  , 26.0,  3.0,   1.0,   4.0, 149.0, -5.0 ,  0.0,  0.0,  0.0,  0.0,  0.0, 0.0,  21.0,       ,      ,      ,        ,        ,        ,        ,        ,        ,        ,        ,      
kimblda01, 1989,     1, QUE , NHL , R  , 44.0,  5.0,   5.0,  10.0, 185.0, -20.0,  2.0,  0.0,  0.0,  0.0,  1.0, 0.0,  40.0,       ,      ,      ,        ,        ,        ,        ,        ,        ,        ,        ,      
kimblda01, 1990,     1, QUE , NHL , R  , 35.0,  2.0,   5.0,   7.0, 114.0, -5.0 ,  0.0,  0.0,  0.0,  0.0,  0.0, 0.0,  14.0,       ,      ,      ,        ,        ,        ,        ,        ,        ,        ,        ,      
kimblda01, 1990,     2, STL , NHL , R  , 26.0,  1.0,   1.0,   2.0, 128.0, 2.0  ,  0.0,  0.0,  0.0,  0.0,  1.0, 0.0,  14.0,   13.0,   0.0,   0.0,     0.0,    38.0, 0.0    ,     0.0,     0.0,     0.0,     0.0,     0.0,     3.0
kimblda01, 1991,     1, STL , NHL , R  , 46.0,  1.0,   3.0,   4.0, 166.0, -3.0 ,  0.0,  0.0,  0.0,  0.0,  0.0, 0.0,  12.0,    5.0,   0.0,   0.0,     0.0,     7.0, -1.0   ,     0.0,     0.0,     0.0,     0.0,     0.0,     0.0
kimblda01, 1992,     1, BOS , NHL , R  , 55.0,  7.0,   3.0,  10.0, 177.0, 4.0  ,  0.0,  0.0,  0.0,  0.0,  0.0, 0.0,  20.0,    4.0,   0.0,   0.0,     0.0,     2.0, 0.0    ,     0.0,     0.0,     0.0,     0.0,     0.0,     0.0
kimblda01, 1993,     1, CHI , NHL , R  , 65.0,  4.0,   2.0,   6.0, 133.0, 2.0  ,  0.0,  0.0,  0.0,  0.0,  0.0, 0.0,  17.0,    1.0,   0.0,   0.0,     0.0,     5.0, -1.0   ,     0.0,     0.0,     0.0,     0.0,     0.0,     0.0
kimblda01, 1994,     1, CHI , NHL , R  , 14.0,  0.0,   0.0,   0.0,  30.0, -5.0 ,  0.0,  0.0,  0.0,  0.0,  0.0, 0.0,   2.0,       ,      ,      ,        ,        ,        ,        ,        ,        ,        ,        ,      
kindlja01, 2009,     1, DET , NHL , D  ,  3.0,  0.0,   0.0,   0.0,   0.0, -2.0 ,  0.0,  0.0,  0.0,  0.0,  0.0,    ,   1.0,       ,      ,      ,        ,        ,        ,        ,        ,        ,        ,        ,      
kindror01, 1972,     1, PHI , NHL , C  ,  2.0,  0.0,   0.0,   0.0,   0.0, 0.0  ,  0.0,     ,  0.0,     ,  0.0, 0.0,   0.0,       ,      ,      ,        ,        ,        ,        ,        ,        ,        ,        ,      
kindror01, 1973,     1, PHI , NHL , C  , 71.0, 11.0,  30.0,  41.0,  85.0, 19.0 ,  3.0,     ,  1.0,     ,  3.0, 0.0, 106.0,   17.0,   5.0,   4.0,     9.0,    17.0,        ,     0.0,        ,     0.0,        ,     0.0,      
kindror01, 1974,     1, PHI , NHL , C  , 60.0, 10.0,  21.0,  31.0,  72.0, 8.0  ,  1.0,     ,  1.0,     ,  2.0, 1.0, 104.0,   14.0,   0.0,   2.0,     2.0,    12.0,        ,     0.0,        ,     0.0,        ,     0.0,      
kindror01, 1975,     1, PHI , NHL , C  , 76.0, 26.0,  49.0,  75.0, 101.0, 32.0 ,  5.0,     ,  2.0,     ,  2.0, 0.0, 181.0,   16.0,   4.0,   7.0,    11.0,     4.0,        ,     1.0,        ,     0.0,        ,     2.0,      
kindror01, 1976,     1, PHI , NHL , C  , 78.0, 15.0,  36.0,  51.0,  79.0, 22.0 ,  1.0,     ,  1.0,     ,  3.0, 1.0, 147.0,   10.0,   2.0,   1.0,     3.0,     0.0,        ,     1.0,        ,     0.0,        ,     0.0,      
kindror01, 1977,     1, PHI , NHL , C  , 73.0, 17.0,  45.0,  62.0, 128.0, 35.0 ,  1.0,     ,  1.0,     ,  4.0, 1.0, 170.0,   12.0,   5.0,   5.0,    10.0,    13.0,        ,     2.0,        ,     0.0,        ,     1.0,      
kindror01, 1978,     1, PIT , NHL , C  , 79.0, 18.0,  42.0,  60.0,  84.0, 3.0  ,  4.0,     ,  1.0,     ,  0.0, 1.0, 145.0,    7.0,   4.0,   1.0,     5.0,     7.0,        ,     0.0,        ,     0.0,        ,     1.0,      
kindror01, 1979,     1, PIT , NHL , C  , 52.0, 17.0,  29.0,  46.0,  63.0, 4.0  ,  2.0,     ,  2.0,     ,  1.0, 0.0,  94.0,       ,      ,      ,        ,        ,        ,        ,        ,        ,        ,        ,      
kindror01, 1980,     1, PIT , NHL , C  , 13.0,  3.0,   9.0,  12.0,  34.0, 3.0  ,  1.0,     ,  0.0,     ,  0.0, 0.0,  35.0,       ,      ,      ,        ,        ,        ,        ,        ,        ,        ,        ,      
kindror01, 1981,     1, WAS , NHL , C  ,  4.0,  1.0,   0.0,   1.0,   2.0, -4.0 ,  1.0,     ,  0.0,     ,  0.0, 0.0,   8.0,       ,      ,      ,        ,        ,        ,        ,        ,        ,        ,        ,      
king01   , 1911,     1, OT1 , NHA ,    ,  3.0,  0.0,   0.0,   0.0,   0.0,      ,     ,     ,     ,     ,     ,    ,      ,       ,      ,      ,        ,        ,        ,        ,        ,        ,        ,        ,      
kingde01 , 1986,     1, NYI , NHL , L  ,  2.0,  0.0,   0.0,   0.0,   0.0, 0.0  ,  0.0,     ,  0.0,     ,  0.0, 0.0,   5.0,       ,      ,      ,        ,        ,        ,        ,        ,        ,        ,        ,      
kingde01 , 1987,     1, NYI , NHL , L  , 55.0, 12.0,  24.0,  36.0,  30.0, 7.0  ,  1.0,  6.0,  0.0,  0.0,  4.0, 0.0,  94.0,    5.0,   0.0,   2.0,     2.0,     2.0, 2.0    ,     0.0,     0.0,     0.0,     0.0,     0.0,     6.0
kingde01 , 1988,     1, NYI , NHL , L  , 60.0, 14.0,  29.0,  43.0,  14.0, 10.0 ,  4.0,  8.0,  0.0,  0.0,  0.0, 0.0, 103.0,       ,      ,      ,        ,        ,        ,        ,        ,        ,        ,        ,      
kingde01 , 1989,     1, NYI , NHL , L  , 46.0, 13.0,  27.0,  40.0,  20.0, 2.0  ,  5.0,  6.0,  0.0,  0.0,  1.0, 0.0,  91.0,    4.0,   0.0,   0.0,     0.0,     4.0, -3.0   ,     0.0,     0.0,     0.0,     0.0,     0.0,     7.0
kingde01 , 1990,     1, NYI , NHL , L  , 66.0, 19.0,  26.0,  45.0,  44.0, 1.0  ,  2.0, 11.0,  0.0,  0.0,  2.0, 0.0, 130.0,       ,      ,      ,        ,        ,        ,        ,        ,        ,        ,        ,      
kingde01 , 1991,     1, NYI , NHL , L  , 80.0, 40.0,  38.0,  78.0,  46.0, -10.0, 21.0, 14.0,  0.0,  0.0,  6.0, 2.0, 189.0,       ,      ,      ,        ,        ,        ,        ,        ,        ,        ,        ,      
kingde01 , 1992,     1, NYI , NHL , L  , 77.0, 38.0,  38.0,  76.0,  47.0, -4.0 , 21.0, 22.0,  0.0,  0.0,  7.0, 0.0, 201.0,   18.0,   3.0,  11.0,    14.0,    14.0, 3.0    ,     0.0,     3.0,     0.0,     0.0,     1.0,    48.0
kingde01 , 1993,     1, NYI , NHL , L  , 78.0, 30.0,  40.0,  70.0,  59.0, 18.0 , 10.0, 16.0,  0.0,  0.0,  7.0, 1.0, 171.0,    4.0,   0.0,   1.0,     1.0,     0.0, -3.0   ,     0.0,     0.0,     0.0,     0.0,     0.0,     6.0
kingde01 , 1994,     1, NYI , NHL , L  , 43.0, 10.0,  16.0,  26.0,  41.0, -5.0 ,  7.0,  4.0,  0.0,  0.0,  0.0, 0.0, 118.0,       ,      ,      ,        ,        ,        ,        ,        ,        ,        ,        ,      
kingde01 , 1995,     1, NYI , NHL , L  , 61.0, 12.0,  20.0,  32.0,  23.0, -10.0,  5.0,  1.0,  1.0,  0.0,  0.0, 1.0, 154.0,       ,      ,      ,        ,        ,        ,        ,        ,        ,        ,        ,      
kingde01 , 1996,     1, NYI , NHL , L  , 70.0, 23.0,  30.0,  53.0,  20.0, -6.0 ,  5.0,  6.0,  0.0,  0.0,  3.0, 0.0, 153.0,       ,      ,      ,        ,        ,        ,        ,        ,        ,        ,        ,      
kingde01 , 1996,     2, HAR , NHL , L  , 12.0,  3.0,   3.0,   6.0,   2.0, 0.0  ,  1.0,  0.0,  0.0,  0.0,  0.0, 0.0,  28.0,       ,      ,      ,        ,        ,        ,        ,        ,        ,        ,        ,      
kingde01 , 1997,     1, TOR , NHL , L  , 77.0, 21.0,  25.0,  46.0,  43.0, -7.0 ,  4.0, 10.0,  0.0,  0.0,  3.0, 0.0, 166.0,       ,      ,      ,        ,        ,        ,        ,        ,        ,        ,        ,      
kingde01 , 1998,     1, TOR , NHL , L  , 81.0, 24.0,  28.0,  52.0,  20.0, 15.0 ,  8.0,  8.0,  0.0,  0.0,  4.0, 0.0, 150.0,   16.0,   1.0,   3.0,     4.0,     4.0, 0.0    ,     0.0,     1.0,     0.0,     0.0,     0.0,    26.0
kingde01 , 1999,     1, TOR , NHL , L  ,  3.0,  0.0,   0.0,   0.0,   2.0, -2.0 ,  0.0,  0.0,  0.0,  0.0,  0.0, 0.0,   4.0,       ,      ,      ,        ,        ,        ,        ,        ,        ,        ,        ,      
kingde01 , 1999,     2, STL , NHL , L  , 19.0,  2.0,   7.0,   9.0,   6.0, 0.0  ,  1.0,  2.0,  0.0,  0.0,  0.0, 0.0,  29.0,       ,      ,      ,        ,        ,        ,        ,        ,        ,        ,        ,      
kingdj01 , 2006,     1, STL , NHL , L  , 27.0,  1.0,   1.0,   2.0,  52.0, -3.0 ,  0.0,  0.0,  0.0,  0.0,  0.0,    ,  12.0,       ,      ,      ,        ,        ,        ,        ,        ,        ,        ,        ,      
kingdj01 , 2007,     1, STL , NHL , L  , 61.0,  3.0,   3.0,   6.0, 100.0, -4.0 ,  0.0,  0.0,  0.0,  0.0,  1.0,    ,  36.0,       ,      ,      ,        ,        ,        ,        ,        ,        ,        ,        ,      
kingdj01 , 2008,     1, STL , NHL , L  ,  1.0,  0.0,   1.0,   1.0,   0.0, 0.0  ,  0.0,  0.0,  0.0,  0.0,  0.0,    ,   0.0,       ,      ,      ,        ,        ,        ,        ,        ,        ,        ,        ,      
kingdj01 , 2009,     1, STL , NHL , L  , 12.0,  0.0,   0.0,   0.0,  33.0, -4.0 ,  0.0,  0.0,  0.0,  0.0,  0.0,    ,   5.0,       ,      ,      ,        ,        ,        ,        ,        ,        ,        ,        ,      
kingfr01 , 1950,     1, MTL , NHL , C  , 10.0,  1.0,   0.0,   1.0,   2.0,      ,     ,     ,     ,     ,     ,    ,      ,       ,      ,      ,        ,        ,        ,        ,        ,        ,        ,        ,      
kingja01 , 2002,     1, VAN , NHL , C  ,  8.0,  0.0,   2.0,   2.0,   0.0, 0.0  ,  0.0,  0.0,  0.0,  0.0,  0.0, 0.0,  12.0,       ,      ,      ,        ,        ,        ,        ,        ,        ,        ,        ,      
kingja01 , 2003,     1, VAN , NHL , R  , 47.0, 12.0,   9.0,  21.0,   8.0, 0.0  ,  6.0,  1.0,  0.0,  0.0,  1.0, 0.0, 107.0,    1.0,   0.0,   0.0,     0.0,     0.0, 0.0    ,     0.0,     0.0,     0.0,     0.0,     0.0,     0.0
kingja01 , 2007,     1, AND , NHL , R  ,  4.0,  0.0,   0.0,   0.0,   0.0, -3.0 ,  0.0,  0.0,  0.0,  0.0,  0.0,    ,   2.0,       ,      ,      ,        ,        ,        ,        ,        ,        ,        ,        ,      
kingkr01 , 1987,     1, DET , NHL , L  ,  3.0,  1.0,   0.0,   1.0,   2.0, 1.0  ,  0.0,  0.0,  0.0,  0.0,  0.0, 0.0,   3.0,       ,      ,      ,        ,        ,        ,        ,        ,        ,        ,        ,      
kingkr01 , 1988,     1, DET , NHL , L  , 55.0,  2.0,   3.0,   5.0, 168.0, -7.0 ,  0.0,  0.0,  0.0,  0.0,  0.0, 0.0,  34.0,    2.0,   0.0,   0.0,     0.0,     2.0, 0.0    ,     0.0,     0.0,     0.0,     0.0,     0.0,     0.0
kingkr01 , 1989,     1, NYR , NHL , L  , 68.0,  6.0,   7.0,  13.0, 286.0, 2.0  ,  0.0,  0.0,  0.0,  0.0,  0.0, 0.0,  49.0,   10.0,   0.0,   1.0,     1.0,    30.0, 1.0    ,     0.0,     0.0,     0.0,     0.0,     0.0,     4.0
kingkr01 , 1990,     1, NYR , NHL , L  , 72.0, 11.0,  14.0,  25.0, 154.0, -1.0 ,  0.0,  0.0,  0.0,  0.0,  0.0, 1.0, 107.0,    6.0,   2.0,   0.0,     2.0,    36.0, 2.0    ,     0.0,     0.0,     0.0,     0.0,     1.0,    15.0
kingkr01 , 1991,     1, NYR , NHL , L  , 79.0, 10.0,   9.0,  19.0, 224.0, 13.0 ,  0.0,  0.0,  0.0,  0.0,  2.0, 0.0,  97.0,   13.0,   4.0,   1.0,     5.0,    14.0, 4.0    ,     0.0,     0.0,     0.0,     0.0,     3.0,    15.0
kingkr01 , 1992,     1, NYR , NHL , L  , 30.0,  0.0,   3.0,   3.0,  67.0, -1.0 ,  0.0,  0.0,  0.0,  0.0,  0.0, 0.0,  23.0,       ,      ,      ,        ,        ,        ,        ,        ,        ,        ,        ,      
kingkr01 , 1992,     2, WIN , NHL , L  , 48.0,  8.0,   8.0,  16.0, 136.0, 5.0  ,  0.0,  0.0,  0.0,  0.0,  1.0, 0.0,  51.0,    6.0,   1.0,   1.0,     2.0,     4.0, -1.0   ,     0.0,     0.0,     0.0,     0.0,     0.0,    12.0
kingkr01 , 1993,     1, WIN , NHL , L  , 83.0,  4.0,   8.0,  12.0, 205.0, -22.0,  0.0,  0.0,  0.0,  0.0,  1.0, 0.0,  86.0,       ,      ,      ,        ,        ,        ,        ,        ,        ,        ,        ,      
kingkr01 , 1994,     1, WIN , NHL , L  , 48.0,  4.0,   2.0,   6.0,  85.0, 0.0  ,  0.0,  0.0,  0.0,  0.0,  0.0, 0.0,  58.0,       ,      ,      ,        ,        ,        ,        ,        ,        ,        ,        ,      
kingkr01 , 1995,     1, WIN , NHL , L  , 81.0,  9.0,  11.0,  20.0, 151.0, -7.0 ,  0.0,  0.0,  1.0,  2.0,  2.0, 0.0,  89.0,    5.0,   0.0,   1.0,     1.0,     4.0, 1.0    ,     0.0,     0.0,     0.0,     0.0,     0.0,     3.0
kingkr01 , 1996,     1, PHO , NHL , R  , 81.0,  3.0,  11.0,  14.0, 185.0, -7.0 ,  0.0,  1.0,  0.0,  0.0,  0.0, 0.0,  57.0,    7.0,   0.0,   0.0,     0.0,    17.0, -1.0   ,     0.0,     0.0,     0.0,     0.0,     0.0,     2.0
kingkr01 , 1997,     1, TOR , NHL , L  , 82.0,  3.0,   3.0,   6.0, 199.0, -13.0,  0.0,  0.0,  0.0,  0.0,  2.0, 0.0,  53.0,       ,      ,      ,        ,        ,        ,        ,        ,        ,        ,        ,      
kingkr01 , 1998,     1, TOR , NHL , L  , 67.0,  2.0,   2.0,   4.0, 105.0, -16.0,  0.0,  0.0,  1.0,  0.0,  1.0, 0.0,  34.0,   17.0,   1.0,   1.0,     2.0,    25.0, -1.0   ,     0.0,     0.0,     0.0,     0.0,     0.0,    15.0
kingkr01 , 1999,     1, TOR , NHL , L  , 39.0,  2.0,   4.0,   6.0,  55.0, 4.0  ,  0.0,  0.0,  0.0,  0.0,  0.0, 0.0,  24.0,    1.0,   0.0,   0.0,     0.0,     2.0, 0.0    ,     0.0,     0.0,     0.0,     0.0,     0.0,     0.0
kingkr01 , 2000,     1, CHI , NHL , L  , 13.0,  1.0,   0.0,   1.0,   8.0, -3.0 ,  0.0,  0.0,  0.0,  0.0,  0.0, 0.0,  12.0,       ,      ,      ,        ,        ,        ,        ,        ,        ,        ,        ,      
kingsc01 , 1990,     1, DET , NHL , G  ,  1.0,  0.0,   0.0,   0.0,   0.0, 0.0  ,  0.0,  0.0,  0.0,  0.0,  0.0, 0.0,   0.0,       ,      ,      ,        ,        ,        ,        ,        ,        ,        ,        ,      
kingsc01 , 1991,     1, DET , NHL , G  ,  1.0,  0.0,   0.0,   0.0,   0.0, 0.0  ,  0.0,  0.0,  0.0,  0.0,  0.0, 0.0,   0.0,       ,      ,      ,        ,        ,        ,        ,        ,        ,        ,        ,      
kingst01 , 1992,     1, NYR , NHL , R  , 24.0,  7.0,   5.0,  12.0,  16.0, 4.0  ,  5.0,  2.0,  0.0,  0.0,  2.0, 0.0,  42.0,       ,      ,      ,        ,        ,        ,        ,        ,        ,        ,        ,      
kingst01 , 1993,     1, ANA , NHL , R  , 36.0,  8.0,   3.0,  11.0,  44.0, -7.0 ,  3.0,  0.0,  0.0,  0.0,  1.0, 0.0,  50.0,       ,      ,      ,        ,        ,        ,        ,        ,        ,        ,        ,      
kingst01 , 1995,     1, ANA , NHL , R  ,  7.0,  2.0,   0.0,   2.0,  15.0, -1.0 ,  1.0,  0.0,  0.0,  0.0,  1.0, 0.0,   5.0,       ,      ,      ,        ,        ,        ,        ,        ,        ,        ,        ,      
kingst02 , 1972,     1, OTN , WHA , C  , 69.0, 18.0,  34.0,  52.0,  28.0,      ,  3.0,     ,  4.0,     ,     ,    ,      ,    5.0,   0.0,   1.0,     1.0,     7.0,        ,     0.0,        ,     0.0,        ,     0.0,      
kingst02 , 1973,     1, TOT , WHA , R  , 67.0, 14.0,  22.0,  36.0,  26.0,      ,  3.0,     ,  0.0,     ,  2.0,    ,      ,   12.0,   0.0,   3.0,     3.0,    11.0,        ,        ,        ,        ,        ,     0.0,      
kingwa01 , 1973,     1, CLF , NHL , C  ,  2.0,  0.0,   0.0,   0.0,   0.0, 0.0  ,  0.0,     ,  0.0,     ,  0.0, 0.0,   2.0,       ,      ,      ,        ,        ,        ,        ,        ,        ,        ,        ,      
kingwa01 , 1974,     1, CLF , NHL , C  , 25.0,  4.0,   7.0,  11.0,   8.0, -10.0,  1.0,     ,  0.0,     ,  0.0, 1.0,  29.0,       ,      ,      ,        ,        ,        ,        ,        ,        ,        ,        ,      
kingwa01 , 1975,     1, CLF , NHL , C  , 46.0,  1.0,  11.0,  12.0,  26.0, -3.0 ,  1.0,     ,  0.0,     ,  0.0, 0.0,  46.0,       ,      ,      ,        ,        ,        ,        ,        ,        ,        ,        ,      
kinnege01, 1999,     1, ATL , NHL , D  ,  4.0,  0.0,   0.0,   0.0,  13.0, -1.0 ,  0.0,  0.0,  0.0,  0.0,  0.0, 0.0,   2.0,       ,      ,      ,        ,        ,        ,        ,        ,        ,        ,        ,      
kinrage01, 2008,     1, TBL , NHL , D  ,  1.0,  0.0,   0.0,   0.0,   0.0, -1.0 ,  0.0,  0.0,  0.0,  0.0,  0.0,    ,   1.0,       ,      ,      ,        ,        ,        ,        ,        ,        ,        ,        ,      
kinsebr01, 1975,     1, WAS , NHL , C  ,  4.0,  0.0,   1.0,   1.0,   0.0, -2.0 ,  0.0,     ,  0.0,     ,  0.0, 0.0,  11.0,       ,      ,      ,        ,        ,        ,        ,        ,        ,        ,        ,      
kinsebr01, 1976,     1, WAS , NHL , C  ,  6.0,  0.0,   0.0,   0.0,   0.0, -2.0 ,  0.0,     ,  0.0,     ,  0.0, 0.0,   3.0,       ,      ,      ,        ,        ,        ,        ,        ,        ,        ,        ,      
kinsera01, 1930,     1, OTS , NHL , F  , 14.0,  0.0,   0.0,   0.0,   0.0,      ,     ,     ,     ,     ,     ,    ,      ,       ,      ,      ,        ,        ,        ,        ,        ,        ,        ,        ,      
kipruma01, 1995,     1, MTL , NHL , D  , 24.0,  0.0,   4.0,   4.0,   8.0, -3.0 ,  0.0,  1.0,  0.0,  0.0,  0.0, 0.0,  36.0,       ,      ,      ,        ,        ,        ,        ,        ,        ,        ,        ,      
kipruma01, 2001,     1, NYI , NHL , D  , 27.0,  0.0,   6.0,   6.0,   4.0, 0.0  ,  0.0,  1.0,  0.0,  0.0,  0.0, 0.0,  17.0,       ,      ,      ,        ,        ,        ,        ,        ,        ,        ,        ,      
kiprumi01, 2000,     1, SJS , NHL , G  ,  5.0,  0.0,   0.0,   0.0,   0.0, 0.0  ,  0.0,  0.0,  0.0,  0.0,  0.0, 0.0,   0.0,    3.0,   0.0,   0.0,     0.0,     0.0, 0.0    ,     0.0,     0.0,     0.0,     0.0,     0.0,     0.0
kiprumi01, 2001,     1, SJS , NHL , G  , 20.0,  0.0,   0.0,   0.0,   4.0, 0.0  ,  0.0,  0.0,  0.0,  0.0,  0.0, 0.0,   0.0,    1.0,   0.0,   0.0,     0.0,     0.0, 0.0    ,     0.0,     0.0,     0.0,     0.0,     0.0,     0.0
kiprumi01, 2002,     1, SJS , NHL , G  , 22.0,  0.0,   0.0,   0.0,   0.0, 0.0  ,  0.0,  0.0,  0.0,  0.0,  0.0, 0.0,   0.0,       ,      ,      ,        ,        ,        ,        ,        ,        ,        ,        ,      
kiprumi01, 2003,     1, CAL , NHL , G  , 38.0,  0.0,   1.0,   1.0,  15.0, 0.0  ,  0.0,  0.0,  0.0,  0.0,  0.0, 0.0,   0.0,   26.0,   0.0,   1.0,     1.0,     0.0, 0.0    ,     0.0,     1.0,     0.0,     0.0,     0.0,     0.0
kiprumi01, 2005,     1, CAL , NHL , G  , 74.0,  0.0,   2.0,   2.0,  10.0, 0.0  ,  0.0,  1.0,  0.0,  1.0,  0.0,    ,   0.0,    7.0,   0.0,   0.0,     0.0,     2.0, 0.0    ,     0.0,     0.0,     0.0,     0.0,     0.0,     0.0
kiprumi01, 2006,     1, CAL , NHL , G  , 74.0,  0.0,   0.0,   0.0,   2.0, 0.0  ,  0.0,  0.0,  0.0,  0.0,  0.0,    ,   0.0,    6.0,   0.0,   0.0,     0.0,     0.0, 0.0    ,     0.0,     0.0,     0.0,     0.0,     0.0,     0.0
kiprumi01, 2007,     1, CAL , NHL , G  , 76.0,  0.0,   2.0,   2.0,   8.0, 0.0  ,  0.0,  1.0,  0.0,  0.0,  0.0,    ,   0.0,    7.0,   0.0,   0.0,     0.0,     2.0, 0.0    ,     0.0,     0.0,     0.0,     0.0,     0.0,     0.0
kiprumi01, 2008,     1, CAL , NHL , G  , 76.0,  0.0,   3.0,   3.0,   2.0, 0.0  ,  0.0,  3.0,  0.0,  0.0,  0.0,    ,   0.0,    6.0,   0.0,   0.0,     0.0,     2.0, 0.0    ,     0.0,     0.0,     0.0,     0.0,     0.0,     0.0
kiprumi01, 2009,     1, CAL , NHL , G  , 73.0,  0.0,   0.0,   0.0,   4.0, 0.0  ,  0.0,  0.0,  0.0,  0.0,  0.0,    ,   0.0,       ,      ,      ,        ,        ,        ,        ,        ,        ,        ,        ,      
kirkbo01 , 1937,     1, NYR , NHL , R  , 39.0,  4.0,   8.0,  12.0,  14.0,      ,     ,     ,     ,     ,     ,    ,      ,       ,      ,      ,        ,        ,        ,        ,        ,        ,        ,        ,      
kirkga01 , 1972,     1, OTN , WHA , C  , 78.0, 28.0,  40.0,  68.0,  54.0,      ,  6.0,     ,  0.0,     ,  2.0,    ,      ,    5.0,   2.0,   3.0,     5.0,    12.0,        ,     0.0,        ,     0.0,        ,     0.0,      
kirkga01 , 1973,     1, TOT , WHA , C  , 78.0, 20.0,  48.0,  68.0,  44.0,      ,  7.0,     ,  0.0,     ,  6.0,    ,      ,   12.0,   2.0,   4.0,     6.0,     4.0,        ,        ,        ,        ,        ,     0.0,      
kirkga01 , 1974,     1, TOT , WHA , C  , 78.0, 15.0,  58.0,  73.0,  69.0, 19.0 ,  1.0,     ,  2.0,     ,     ,    , 149.0,    6.0,   5.0,   6.0,    11.0,     2.0,        ,        ,        ,        ,        ,     1.0,      
kirkga01 , 1975,     1, TOT , WHA , C  , 62.0, 28.0,  38.0,  66.0,  32.0, -6.0 ,  3.0,     ,  0.0,     ,  1.0,    , 142.0,       ,      ,      ,        ,        ,        ,        ,        ,        ,        ,        ,      
kirkga01 , 1975,     2, CAC , WHA , C  , 15.0,  7.0,   8.0,  15.0,  14.0, 8.0  ,  1.0,     ,  0.0,     ,  1.0,    ,  37.0,   10.0,   4.0,   6.0,    10.0,    19.0, 3.0    ,        ,        ,        ,        ,        ,      
kirkga01 , 1976,     1, BIR , WHA , C  , 29.0,  9.0,  18.0,  27.0,  34.0, -6.0 ,  5.0,     ,  0.0,     ,     ,    ,  46.0,       ,      ,      ,        ,        ,        ,        ,        ,        ,        ,        ,      
kirkga01 , 1976,     2, EDO , WHA , C  , 52.0,  8.0,  28.0,  36.0,  16.0, -4.0 ,  3.0,     ,  0.0,     ,     ,    ,  87.0,    5.0,   1.0,   0.0,     1.0,     4.0, 5.0    ,        ,        ,        ,        ,     0.0,      
kirkga01 , 1978,     1, BIR , WHA , C  , 30.0,  1.0,   5.0,   6.0,  16.0, -2.0 ,  0.0,     ,  0.0,     ,     ,    ,  27.0,       ,      ,      ,        ,        ,        ,        ,        ,        ,        ,        ,      
kirkpbo01, 1942,     1, NYR , NHL , C  , 49.0, 12.0,  12.0,  24.0,   6.0,      ,     ,     ,     ,     ,     ,    ,      ,       ,      ,      ,        ,        ,        ,        ,        ,        ,        ,        ,      
kirtoma01, 1979,     1, TOR , NHL , C  ,  2.0,  1.0,   0.0,   1.0,   2.0, 0.0  ,  0.0,     ,  0.0,     ,  0.0, 0.0,   3.0,       ,      ,      ,        ,        ,        ,        ,        ,        ,        ,        ,      
kirtoma01, 1980,     1, TOR , NHL , C  , 11.0,  0.0,   0.0,   0.0,   0.0, -1.0 ,  0.0,     ,  0.0,     ,  0.0, 0.0,   5.0,       ,      ,      ,        ,        ,        ,        ,        ,        ,        ,        ,      
kirtoma01, 1980,     2, DET , NHL , C  , 50.0, 18.0,  13.0,  31.0,  24.0, -30.0,  6.0,     ,  1.0,     ,  3.0, 0.0,  97.0,       ,      ,      ,        ,        ,        ,        ,        ,        ,        ,        ,      
kirtoma01, 1981,     1, DET , NHL , C  , 74.0, 14.0,  28.0,  42.0,  62.0, -18.0,  0.0,     ,  1.0,     ,  0.0, 1.0, 121.0,       ,      ,      ,        ,        ,        ,        ,        ,        ,        ,        ,      
kirtoma01, 1982,     1, DET , NHL , C  , 10.0,  1.0,   1.0,   2.0,   6.0, -1.0 ,  0.0,     ,  0.0,     ,  0.0, 0.0,  15.0,       ,      ,      ,        ,        ,        ,        ,        ,        ,        ,        ,      
kirtoma01, 1982,     2, VAN , NHL , C  , 31.0,  4.0,   6.0,  10.0,   4.0, 5.0  ,  0.0,     ,  0.0,     ,  1.0, 0.0,  34.0,    4.0,   1.0,   2.0,     3.0,     7.0,        ,     0.0,        ,     0.0,        ,     0.0,      
kirtoma01, 1983,     1, VAN , NHL , C  , 26.0,  2.0,   3.0,   5.0,   2.0, -8.0 ,  0.0,     ,  0.0,     ,  0.0, 0.0,  26.0,       ,      ,      ,        ,        ,        ,        ,        ,        ,        ,        ,      
kirtoma01, 1984,     1, VAN , NHL , C  , 62.0, 17.0,   5.0,  22.0,  21.0, -22.0,  0.0,     ,  1.0,     ,  1.0, 0.0,  92.0,       ,      ,      ,        ,        ,        ,        ,        ,        ,        ,        ,      
kisioke01, 1982,     1, DET , NHL , C  , 15.0,  4.0,   3.0,   7.0,   0.0, -2.0 ,  0.0,     ,  0.0,     ,  0.0, 0.0,  16.0,       ,      ,      ,        ,        ,        ,        ,        ,        ,        ,        ,      
kisioke01, 1983,     1, DET , NHL , C  , 70.0, 23.0,  37.0,  60.0,  34.0, 16.0 ,  1.0,     ,  0.0,     ,  2.0, 0.0, 146.0,    4.0,   1.0,   0.0,     1.0,     4.0, 0.0    ,     0.0,        ,     0.0,        ,     0.0,     9.0
kisioke01, 1984,     1, DET , NHL , C  , 75.0, 20.0,  41.0,  61.0,  56.0, 2.0  ,  5.0,     ,  0.0,     ,  0.0, 1.0, 126.0,    3.0,   0.0,   2.0,     2.0,     2.0, -1.0   ,     0.0,        ,     0.0,        ,     0.0,     7.0
kisioke01, 1985,     1, DET , NHL , C  , 76.0, 21.0,  48.0,  69.0,  85.0, -21.0,  7.0,     ,  3.0,     ,  0.0, 1.0, 140.0,       ,      ,      ,        ,        ,        ,        ,        ,        ,        ,        ,      
kisioke01, 1986,     1, NYR , NHL , C  , 70.0, 24.0,  40.0,  64.0,  73.0, -5.0 ,  4.0,     ,  2.0,     ,  1.0, 0.0, 137.0,    4.0,   0.0,   1.0,     1.0,     2.0, -2.0   ,     0.0,        ,     0.0,        ,     0.0,     1.0
kisioke01, 1987,     1, NYR , NHL , C  , 77.0, 23.0,  55.0,  78.0,  88.0, 8.0  ,  9.0, 16.0,  1.0,  0.0,  1.0, 0.0, 145.0,       ,      ,      ,        ,        ,        ,        ,        ,        ,        ,        ,      
kisioke01, 1988,     1, NYR , NHL , C  , 70.0, 26.0,  36.0,  62.0,  91.0, 14.0 ,  2.0,  7.0,  0.0,  0.0,  4.0, 0.0, 128.0,    4.0,   0.0,   0.0,     0.0,     9.0, -1.0   ,     0.0,     0.0,     0.0,     0.0,     0.0,     7.0
kisioke01, 1989,     1, NYR , NHL , C  , 68.0, 22.0,  44.0,  66.0, 105.0, 11.0 ,  7.0, 17.0,  2.0,  1.0,  1.0, 0.0, 128.0,   10.0,   2.0,   8.0,    10.0,     8.0, 1.0    ,     0.0,     4.0,     1.0,     1.0,     0.0,    17.0
kisioke01, 1990,     1, NYR , NHL , C  , 51.0, 15.0,  20.0,  35.0,  58.0, 3.0  ,  7.0,  6.0,  1.0,  0.0,  2.0, 0.0,  74.0,       ,      ,      ,        ,        ,        ,        ,        ,        ,        ,        ,      
kisioke01, 1991,     1, SJS , NHL , C  , 48.0, 11.0,  26.0,  37.0,  54.0, -7.0 ,  2.0, 10.0,  3.0,  3.0,  2.0, 0.0,  68.0,       ,      ,      ,        ,        ,        ,        ,        ,        ,        ,        ,      
kisioke01, 1992,     1, SJS , NHL , C  , 78.0, 26.0,  52.0,  78.0,  90.0, -15.0,  9.0, 25.0,  2.0,  1.0,  2.0, 0.0, 152.0,       ,      ,      ,        ,        ,        ,        ,        ,        ,        ,        ,      
kisioke01, 1993,     1, CAL , NHL , C  , 51.0,  7.0,  23.0,  30.0,  28.0, -6.0 ,  1.0, 10.0,  0.0,  1.0,  1.0, 0.0,  62.0,    7.0,   0.0,   2.0,     2.0,     8.0, -1.0   ,     0.0,     0.0,     0.0,     0.0,     0.0,     5.0
kisioke01, 1994,     1, CAL , NHL , C  , 12.0,  7.0,   4.0,  11.0,   6.0, 2.0  ,  5.0,  0.0,  1.0,  0.0,  0.0, 0.0,  26.0,    7.0,   3.0,   2.0,     5.0,    19.0, 0.0    ,     1.0,     1.0,     0.0,     0.0,     0.0,    11.0
kitchbi01, 1981,     1, MTL , NHL , D  ,  1.0,  0.0,   0.0,   0.0,   7.0, 0.0  ,  0.0,     ,  0.0,     ,  0.0, 0.0,   0.0,    3.0,   0.0,   1.0,     1.0,     0.0,        ,     0.0,        ,     0.0,        ,     0.0,      
kitchbi01, 1982,     1, MTL , NHL , D  ,  8.0,  0.0,   0.0,   0.0,   4.0, -2.0 ,  0.0,     ,  0.0,     ,  0.0, 0.0,   2.0,       ,      ,      ,        ,        ,        ,        ,        ,        ,        ,        ,      
kitchbi01, 1983,     1, MTL , NHL , D  ,  3.0,  0.0,   0.0,   0.0,   2.0, 0.0  ,  0.0,     ,  0.0,     ,  0.0, 0.0,   3.0,       ,      ,      ,        ,        ,        ,        ,        ,        ,        ,        ,      
kitchbi01, 1984,     1, TOR , NHL , D  , 29.0,  1.0,   4.0,   5.0,  27.0, -6.0 ,  0.0,     ,  0.0,     ,  0.0, 0.0,  21.0,       ,      ,      ,        ,        ,        ,        ,        ,        ,        ,        ,      
kitchho01, 1925,     1, MTM , NHL , D  , 30.0,  5.0,   2.0,   7.0,  16.0,      ,     ,     ,     ,     ,     ,    ,      ,       ,      ,      ,        ,        ,        ,        ,        ,        ,        ,        ,      
kitchho01, 1926,     1, DTC , NHL , D  , 17.0,  0.0,   2.0,   2.0,  42.0,      ,     ,     ,     ,     ,     ,    ,      ,       ,      ,      ,        ,        ,        ,        ,        ,        ,        ,        ,      
kitchmi01, 1976,     1, COR , NHL , D  , 60.0,  1.0,   8.0,   9.0,  36.0, -2.0 ,  0.0,     ,  0.0,     ,  0.0, 0.0,  46.0,       ,      ,      ,        ,        ,        ,        ,        ,        ,        ,        ,      
kitchmi01, 1977,     1, COR , NHL , D  , 61.0,  2.0,  17.0,  19.0,  45.0, -12.0,  0.0,     ,  0.0,     ,  1.0, 0.0,  57.0,    2.0,   0.0,   0.0,     0.0,     2.0,        ,     0.0,        ,     0.0,        ,     0.0,      
kitchmi01, 1978,     1, COR , NHL , D  , 53.0,  1.0,   4.0,   5.0,  28.0, -19.0,  0.0,     ,  0.0,     ,  0.0, 0.0,  22.0,       ,      ,      ,        ,        ,        ,        ,        ,        ,        ,        ,      
kitchmi01, 1979,     1, COR , NHL , D  , 42.0,  1.0,   6.0,   7.0,  25.0, -10.0,  0.0,     ,  0.0,     ,  0.0, 0.0,  31.0,       ,      ,      ,        ,        ,        ,        ,        ,        ,        ,        ,      
kitchmi01, 1980,     1, COR , NHL , D  , 75.0,  1.0,   7.0,   8.0, 100.0, -38.0,  0.0,     ,  0.0,     ,  0.0, 0.0,  49.0,       ,      ,      ,        ,        ,        ,        ,        ,        ,        ,        ,      
kitchmi01, 1981,     1, COR , NHL , D  , 63.0,  1.0,   8.0,   9.0,  60.0, -18.0,  0.0,     ,  0.0,     ,  0.0, 0.0,  35.0,       ,      ,      ,        ,        ,        ,        ,        ,        ,        ,        ,      
kitchmi01, 1982,     1, NJD , NHL , D  , 77.0,  4.0,   8.0,  12.0,  52.0, -25.0,  0.0,     ,  1.0,     ,  0.0, 0.0,  46.0,       ,      ,      ,        ,        ,        ,        ,        ,        ,        ,        ,      
kitchmi01, 1983,     1, NJD , NHL , D  , 43.0,  1.0,   4.0,   5.0,  24.0, -15.0,  0.0,     ,  0.0,     ,  0.0, 0.0,  37.0,       ,      ,      ,        ,        ,        ,        ,        ,        ,        ,        ,      
kjellpa01, 1992,     1, MTL , NHL , L  ,  7.0,  0.0,   0.0,   0.0,   2.0, -3.0 ,  0.0,  0.0,  0.0,  0.0,  0.0, 0.0,   7.0,       ,      ,      ,        ,        ,        ,        ,        ,        ,        ,        ,      
kjellpa01, 1998,     1, NAS , NHL , L  , 71.0, 11.0,  20.0,  31.0,  24.0, -13.0,  2.0,  8.0,  0.0,  0.0,  2.0, 0.0, 103.0,       ,      ,      ,        ,        ,        ,        ,        ,        ,        ,        ,      
kjellpa01, 1999,     1, NAS , NHL , L  , 82.0, 23.0,  23.0,  46.0,  14.0, -11.0,  9.0,  2.0,  0.0,  0.0,  3.0, 0.0, 129.0,       ,      ,      ,        ,        ,        ,        ,        ,        ,        ,        ,      
kjellpa01, 2000,     1, NAS , NHL , L  , 81.0, 14.0,  31.0,  45.0,  12.0, -2.0 ,  5.0, 11.0,  0.0,  0.0,  2.0, 0.0, 139.0,       ,      ,      ,        ,        ,        ,        ,        ,        ,        ,        ,      
kjellpa01, 2001,     1, NAS , NHL , L  , 12.0,  1.0,   3.0,   4.0,   6.0, -3.0 ,  0.0,  3.0,  0.0,  0.0,  0.0, 0.0,  19.0,       ,      ,      ,        ,        ,        ,        ,        ,        ,        ,        ,      
kjellpa01, 2001,     2, ANA , NHL , L  , 65.0,  7.0,   8.0,  15.0,  10.0, -9.0 ,  4.0,  0.0,  0.0,  1.0,  0.0, 0.0,  69.0,       ,      ,      ,        ,        ,        ,        ,        ,        ,        ,        ,      
kjellpa01, 2002,     1, ANA , NHL , L  , 76.0,  8.0,  11.0,  19.0,  16.0, -9.0 ,  2.0,  1.0,  1.0,  0.0,  2.0, 0.0,  95.0,   10.0,   0.0,   0.0,     0.0,     0.0, -2.0   ,     0.0,     0.0,     0.0,     0.0,     0.0,     6.0
klaboja01, 1977,     1, CZE , WHA , L  ,  5.0,  1.0,   0.0,   1.0,   0.0,      ,  0.0,     ,  0.0,     ,  0.0,    ,      ,       ,      ,      ,        ,        ,        ,        ,        ,        ,        ,        ,      
klassra01, 1975,     1, CLF , NHL , C  , 71.0,  6.0,  15.0,  21.0,  26.0, -26.0,  2.0,     ,  0.0,     ,  0.0, 0.0,  96.0,       ,      ,      ,        ,        ,        ,        ,        ,        ,        ,        ,      
klassra01, 1976,     1, CLE , NHL , C  , 80.0, 14.0,  18.0,  32.0,  23.0, -25.0,  4.0,     ,  1.0,     ,  1.0, 1.0, 131.0,       ,      ,      ,        ,        ,        ,        ,        ,        ,        ,        ,      
klassra01, 1977,     1, CLE , NHL , C  , 13.0,  2.0,   1.0,   3.0,   6.0, -2.0 ,  0.0,     ,  1.0,     ,  0.0, 0.0,  14.0,       ,      ,      ,        ,        ,        ,        ,        ,        ,        ,        ,      
klassra01, 1977,     2, COR , NHL , C  , 44.0,  6.0,   9.0,  15.0,   8.0, -19.0,  3.0,     ,  0.0,     ,  0.0, 1.0,  47.0,    2.0,   0.0,   0.0,     0.0,     0.0,        ,     0.0,        ,     0.0,        ,     0.0,      
klassra01, 1978,     1, COR , NHL , C  , 64.0,  6.0,  13.0,  19.0,  12.0, -25.0,  1.0,     ,  1.0,     ,  2.0, 1.0, 100.0,       ,      ,      ,        ,        ,        ,        ,        ,        ,        ,        ,      
klassra01, 1979,     1, STL , NHL , C  , 80.0,  9.0,  16.0,  25.0,  10.0, -19.0,  0.0,     ,  0.0,     ,  3.0, 1.0, 100.0,    3.0,   0.0,   0.0,     0.0,     0.0,        ,     0.0,        ,     0.0,        ,     0.0,      
klassra01, 1980,     1, STL , NHL , L  , 66.0,  6.0,  12.0,  18.0,  23.0, -5.0 ,  0.0,     ,  1.0,     ,  0.0, 1.0,  65.0,   11.0,   2.0,   0.0,     2.0,     2.0,        ,     0.0,        ,     0.0,        ,     0.0,      
klassra01, 1981,     1, STL , NHL , L  , 45.0,  3.0,   7.0,  10.0,   6.0, -3.0 ,  0.0,     ,  1.0,     ,  1.0, 0.0,  25.0,   10.0,   2.0,   2.0,     4.0,    10.0,        ,     0.0,        ,     0.0,        ,     0.0,      
klassra01, 1982,     1, STL , NHL , C  , 29.0,  0.0,   2.0,   2.0,   6.0, -3.0 ,  0.0,     ,  0.0,     ,  0.0, 0.0,  14.0,       ,      ,      ,        ,        ,        ,        ,        ,        ,        ,        ,      
klassra01, 1983,     1, STL , NHL , C  ,  5.0,  0.0,   0.0,   0.0,   0.0, -5.0 ,  0.0,     ,  0.0,     ,  0.0, 0.0,   5.0,       ,      ,      ,        ,        ,        ,        ,        ,        ,        ,        ,      
klattbi01, 1972,     1, MFS , WHA , R  , 78.0, 36.0,  22.0,  58.0,  22.0,      , 12.0,     ,  0.0,     ,  5.0,    ,      ,    5.0,   1.0,   3.0,     4.0,     5.0,        ,     1.0,        ,     0.0,        ,     0.0,      
klattbi01, 1973,     1, MFS , WHA , R  , 65.0, 14.0,   6.0,  20.0,  12.0,      ,  3.0,     ,  0.0,     ,  1.0,    ,      ,   11.0,   3.0,   2.0,     5.0,    18.0,        ,        ,        ,        ,        ,     1.0,      
klatttr01, 1991,     1, MNS , NHL , C  ,  1.0,  0.0,   0.0,   0.0,   0.0, 0.0  ,  0.0,  0.0,  0.0,  0.0,  0.0, 0.0,   1.0,    6.0,   0.0,   0.0,     0.0,     2.0, -4.0   ,     0.0,     0.0,     0.0,     0.0,     0.0,     7.0
klatttr01, 1992,     1, MNS , NHL , R  , 47.0,  4.0,  19.0,  23.0,  38.0, 2.0  ,  1.0,  1.0,  0.0,  0.0,  0.0, 0.0,  69.0,       ,      ,      ,        ,        ,        ,        ,        ,        ,        ,        ,      
klatttr01, 1993,     1, DAL , NHL , L  , 61.0, 14.0,  24.0,  38.0,  30.0, 13.0 ,  3.0,  6.0,  0.0,  0.0,  2.0, 0.0,  86.0,    9.0,   2.0,   1.0,     3.0,     4.0, -1.0   ,     1.0,     0.0,     0.0,     0.0,     0.0,    14.0
klatttr01, 1994,     1, DAL , NHL , R  , 47.0, 12.0,  10.0,  22.0,  26.0, -2.0 ,  5.0,  3.0,  0.0,  0.0,  3.0, 0.0,  91.0,    5.0,   1.0,   0.0,     1.0,     0.0, 0.0    ,     1.0,     0.0,     0.0,     0.0,     0.0,     4.0
klatttr01, 1995,     1, DAL , NHL , R  , 22.0,  4.0,   4.0,   8.0,  23.0, 0.0  ,  0.0,  2.0,  0.0,  0.0,  1.0, 0.0,  37.0,       ,      ,      ,        ,        ,        ,        ,        ,        ,        ,        ,      
klatttr01, 1995,     2, PHI , NHL , R  , 49.0,  3.0,   8.0,  11.0,  21.0, 2.0  ,  0.0,  1.0,  0.0,  1.0,  1.0, 0.0,  64.0,   12.0,   4.0,   1.0,     5.0,     0.0, 1.0    ,     0.0,     0.0,     0.0,     0.0,     0.0,    16.0
klatttr01, 1996,     1, PHI , NHL , R  , 76.0, 24.0,  21.0,  45.0,  20.0, 9.0  ,  5.0,  3.0,  5.0,  0.0,  5.0, 0.0, 131.0,   19.0,   4.0,   3.0,     7.0,    12.0, 1.0    ,     0.0,     0.0,     0.0,     0.0,     2.0,    26.0
klatttr01, 1997,     1, PHI , NHL , R  , 82.0, 14.0,  28.0,  42.0,  16.0, 2.0  ,  5.0,  6.0,  0.0,  1.0,  3.0, 0.0, 143.0,    5.0,   0.0,   0.0,     0.0,     0.0, -6.0   ,     0.0,     0.0,     0.0,     0.0,     0.0,     6.0
klatttr01, 1998,     1, PHI , NHL , R  ,  2.0,  0.0,   0.0,   0.0,   0.0, 0.0  ,  0.0,  0.0,  0.0,  0.0,  0.0, 0.0,   2.0,       ,      ,      ,        ,        ,        ,        ,        ,        ,        ,        ,      
klatttr01, 1998,     2, VAN , NHL , R  , 73.0,  4.0,  10.0,  14.0,  12.0, -3.0 ,  0.0,  0.0,  0.0,  1.0,  0.0, 0.0,  58.0,       ,      ,      ,        ,        ,        ,        ,        ,        ,        ,        ,      
klatttr01, 1999,     1, VAN , NHL , R  , 47.0, 10.0,  10.0,  20.0,  26.0, -8.0 ,  8.0,  2.0,  0.0,  0.0,  0.0, 0.0, 100.0,       ,      ,      ,        ,        ,        ,        ,        ,        ,        ,        ,      
klatttr01, 2000,     1, VAN , NHL , R  , 77.0, 13.0,  20.0,  33.0,  31.0, 8.0  ,  3.0,  6.0,  0.0,  1.0,  1.0, 0.0, 140.0,    4.0,   3.0,   0.0,     3.0,     0.0, -3.0   ,     2.0,     0.0,     0.0,     0.0,     0.0,    13.0
klatttr01, 2001,     1, VAN , NHL , R  , 34.0,  8.0,   7.0,  15.0,  10.0, 9.0  ,  2.0,  1.0,  1.0,  0.0,  3.0, 0.0,  67.0,       ,      ,      ,        ,        ,        ,        ,        ,        ,        ,        ,      
klatttr01, 2002,     1, VAN , NHL , R  , 82.0, 16.0,  13.0,  29.0,   8.0, 10.0 ,  3.0,  3.0,  0.0,  0.0,  2.0, 0.0, 127.0,   14.0,   2.0,   4.0,     6.0,     2.0, 1.0    ,     2.0,     1.0,     0.0,     0.0,     1.0,    31.0
klatttr01, 2003,     1, LAK , NHL , R  , 82.0, 17.0,  26.0,  43.0,  46.0, 2.0  ,  6.0,  7.0,  0.0,  0.0,  2.0, 1.0, 160.0,       ,      ,      ,        ,        ,        ,        ,        ,        ,        ,        ,      
kleeke01 , 1994,     1, WAS , NHL , D  , 23.0,  3.0,   1.0,   4.0,  41.0, 2.0  ,  0.0,  0.0,  0.0,  0.0,  0.0, 0.0,  18.0,    7.0,   0.0,   0.0,     0.0,     4.0, 1.0    ,     0.0,     0.0,     0.0,     0.0,     0.0,    10.0
kleeke01 , 1995,     1, WAS , NHL , R  , 66.0,  8.0,   3.0,  11.0,  60.0, -1.0 ,  0.0,  0.0,  1.0,  0.0,  2.0, 0.0,  76.0,    1.0,   0.0,   0.0,     0.0,     0.0, 0.0    ,     0.0,     0.0,     0.0,     0.0,     0.0,     2.0
kleeke01 , 1996,     1, WAS , NHL , R  , 80.0,  3.0,   8.0,  11.0, 115.0, -5.0 ,  0.0,  0.0,  0.0,  1.0,  2.0, 0.0, 108.0,       ,      ,      ,        ,        ,        ,        ,        ,        ,        ,        ,      
kleeke01 , 1997,     1, WAS , NHL , R  , 51.0,  4.0,   2.0,   6.0,  46.0, -3.0 ,  0.0,  0.0,  0.0,  0.0,  1.0, 0.0,  44.0,    9.0,   1.0,   0.0,     1.0,    10.0, 2.0    ,     0.0,     0.0,     0.0,     0.0,     0.0,     6.0
kleeke01 , 1998,     1, WAS , NHL , R  , 78.0,  7.0,  13.0,  20.0,  80.0, -9.0 ,  0.0,  3.0,  0.0,  0.0,  1.0, 0.0, 132.0,       ,      ,      ,        ,        ,        ,        ,        ,        ,        ,        ,      
kleeke01 , 1999,     1, WAS , NHL , D  , 80.0,  7.0,  13.0,  20.0,  79.0, 8.0  ,  0.0,  2.0,  0.0,  1.0,  2.0, 2.0, 113.0,    5.0,   0.0,   1.0,     1.0,    10.0, -1.0   ,     0.0,     1.0,     0.0,     0.0,     0.0,    16.0
kleeke01 , 2000,     1, WAS , NHL , D  , 54.0,  2.0,   4.0,   6.0,  60.0, -5.0 ,  0.0,  0.0,  0.0,  1.0,  0.0, 1.0,  58.0,    6.0,   0.0,   1.0,     1.0,     8.0, 0.0    ,     0.0,     1.0,     0.0,     0.0,     0.0,     5.0
kleeke01 , 2001,     1, WAS , NHL , D  , 68.0,  8.0,   8.0,  16.0,  38.0, 4.0  ,  2.0,  0.0,  0.0,  0.0,  3.0, 0.0,  85.0,       ,      ,      ,        ,        ,        ,        ,        ,        ,        ,        ,      
kleeke01 , 2002,     1, WAS , NHL , D  , 70.0,  1.0,  16.0,  17.0,  89.0, 22.0 ,  0.0,  2.0,  0.0,  0.0,  0.0, 0.0,  67.0,    6.0,   0.0,   0.0,     0.0,     6.0, 2.0    ,     0.0,     0.0,     0.0,     0.0,     0.0,     5.0
kleeke01 , 2003,     1, TOR , NHL , D  , 66.0,  4.0,  25.0,  29.0,  36.0, -1.0 ,  3.0, 14.0,  0.0,  1.0,  1.0, 0.0,  85.0,   11.0,   0.0,   0.0,     0.0,     6.0, -1.0   ,     0.0,     0.0,     0.0,     0.0,     0.0,     6.0
kleeke01 , 2005,     1, TOR , NHL , D  , 56.0,  3.0,  12.0,  15.0,  66.0, -1.0 ,  1.0,  3.0,  0.0,  1.0,  1.0,    ,  65.0,       ,      ,      ,        ,        ,        ,        ,        ,        ,        ,        ,      
kleeke01 , 2005,     2, NJD , NHL , D  , 18.0,  0.0,   0.0,   0.0,  14.0, -3.0 ,  0.0,  0.0,  0.0,  0.0,  0.0,    ,   5.0,    6.0,   1.0,   0.0,     1.0,     6.0, -1.0   ,     0.0,     0.0,     0.0,     0.0,     0.0,     2.0
kleeke01 , 2006,     1, COL , NHL , D  , 81.0,  3.0,  16.0,  19.0,  68.0, 18.0 ,  0.0,  0.0,  0.0,  1.0,  0.0,    ,  90.0,       ,      ,      ,        ,        ,        ,        ,        ,        ,        ,        ,      
kleeke01 , 2007,     1, ATL , NHL , D  , 72.0,  1.0,   9.0,  10.0,  60.0, -5.0 ,  0.0,  0.0,  0.0,  1.0,  0.0,    ,  56.0,       ,      ,      ,        ,        ,        ,        ,        ,        ,        ,        ,      
kleeke01 , 2008,     1, AND , NHL , D  ,  3.0,  0.0,   0.0,   0.0,   4.0, 0.0  ,  0.0,  0.0,  0.0,  0.0,  0.0,    ,   4.0,       ,      ,      ,        ,        ,        ,        ,        ,        ,        ,        ,      
kleeke01 , 2008,     2, PHO , NHL , D  , 68.0,  1.0,  10.0,  11.0,  24.0, 9.0  ,  0.0,  0.0,  0.0,  0.0,  0.0,    ,  47.0,       ,      ,      ,        ,        ,        ,        ,        ,        ,        ,        ,      
kleinke01, 2005,     1, NAS , NHL , D  ,  2.0,  0.0,   0.0,   0.0,   0.0, -1.0 ,  0.0,  0.0,  0.0,  0.0,  0.0,    ,   0.0,       ,      ,      ,        ,        ,        ,        ,        ,        ,        ,        ,      
kleinke01, 2006,     1, NAS , NHL , D  ,  3.0,  1.0,   0.0,   1.0,   0.0, 3.0  ,  0.0,  0.0,  0.0,  0.0,  0.0,    ,   2.0,       ,      ,      ,        ,        ,        ,        ,        ,        ,        ,        ,      
kleinke01, 2007,     1, NAS , NHL , D  , 13.0,  0.0,   2.0,   2.0,   6.0, -3.0 ,  0.0,  0.0,  0.0,  0.0,  0.0,    ,  14.0,       ,      ,      ,        ,        ,        ,        ,        ,        ,        ,        ,      
kleinke01, 2008,     1, NAS , NHL , D  , 63.0,  4.0,   8.0,  12.0,  19.0, -2.0 ,  1.0,  0.0,  0.0,  0.0,  0.0,    ,  41.0,       ,      ,      ,        ,        ,        ,        ,        ,        ,        ,        ,      
kleinke01, 2009,     1, NAS , NHL , D  , 81.0,  1.0,  10.0,  11.0,  27.0, -13.0,  0.0,  0.0,  0.0,  1.0,  0.0,    ,  67.0,    6.0,   0.0,   2.0,     2.0,     4.0, 1.0    ,     0.0,     0.0,     0.0,     0.0,     0.0,     2.0
kleinll01, 1928,     1, BOS , NHL , R  ,  8.0,  1.0,   0.0,   1.0,   5.0,      ,     ,     ,     ,     ,     ,    ,      ,       ,      ,      ,        ,        ,        ,        ,        ,        ,        ,        ,      
kleinll01, 1931,     1, BOS , NHL , R  ,  5.0,  1.0,   0.0,   1.0,   0.0,      ,     ,     ,     ,     ,     ,    ,      ,       ,      ,      ,        ,        ,        ,        ,        ,        ,        ,        ,      
kleinll01, 1932,     1, NYA , NHL , R  , 15.0,  2.0,   2.0,   4.0,   4.0,      ,     ,     ,     ,     ,     ,    ,      ,       ,      ,      ,        ,        ,        ,        ,        ,        ,        ,        ,      
kleinll01, 1933,     1, NYA , NHL , R  , 48.0, 13.0,   9.0,  22.0,  34.0,      ,     ,     ,     ,     ,     ,    ,      ,       ,      ,      ,        ,        ,        ,        ,        ,        ,        ,        ,      
kleinll01, 1934,     1, NYA , NHL , R  , 29.0,  7.0,   3.0,  10.0,   9.0,      ,     ,     ,     ,     ,     ,    ,      ,       ,      ,      ,        ,        ,        ,        ,        ,        ,        ,        ,      
kleinll01, 1935,     1, NYA , NHL , R  , 42.0,  4.0,   8.0,  12.0,  14.0,      ,     ,     ,     ,     ,     ,    ,      ,    5.0,   0.0,   0.0,     0.0,     2.0,        ,        ,        ,        ,        ,        ,      
kleinll01, 1936,     1, NYA , NHL , R  , 14.0,  2.0,   1.0,   3.0,   2.0,      ,     ,     ,     ,     ,     ,    ,      ,       ,      ,      ,        ,        ,        ,        ,        ,        ,        ,        ,      
kleinll01, 1937,     1, NYA , NHL , L  ,  3.0,  0.0,   1.0,   1.0,   0.0,      ,     ,     ,     ,     ,     ,    ,      ,       ,      ,      ,        ,        ,        ,        ,        ,        ,        ,        ,      
kleinsc01, 1982,     1, NYR , NHL , D  , 30.0,  2.0,   9.0,  11.0,   8.0, 7.0  ,  1.0,     ,  0.0,     ,  0.0, 0.0,  16.0,    6.0,   0.0,   2.0,     2.0,     2.0,        ,     0.0,        ,     0.0,        ,     0.0,      
kleinsc01, 1983,     1, NYR , NHL , D  , 23.0,  0.0,   2.0,   2.0,  35.0, -10.0,  0.0,     ,  0.0,     ,  0.0, 0.0,  13.0,       ,      ,      ,        ,        ,        ,        ,        ,        ,        ,        ,      
kleinsc01, 1984,     1, HAR , NHL , D  , 35.0,  1.0,   8.0,   9.0,  69.0, -10.0,  0.0,     ,  0.0,     ,  0.0, 0.0,  16.0,       ,      ,      ,        ,        ,        ,        ,        ,        ,        ,        ,      
kleinsc01, 1985,     1, HAR , NHL , D  , 41.0,  2.0,   7.0,   9.0,  62.0, 8.0  ,  0.0,     ,  0.0,     ,  0.0, 0.0,  26.0,   10.0,   0.0,   1.0,     1.0,    18.0, 6.0    ,     0.0,        ,     0.0,        ,     0.0,     6.0
kleinsc01, 1986,     1, HAR , NHL , D  , 66.0,  3.0,   9.0,  12.0, 130.0, 4.0  ,  0.0,     ,  0.0,     ,  0.0, 0.0,  50.0,    4.0,   1.0,   3.0,     4.0,    20.0, 1.0    ,     0.0,        ,     0.0,        ,     0.0,     3.0
kleinsc01, 1987,     1, HAR , NHL , D  , 44.0,  3.0,   6.0,   9.0,  86.0, -5.0 ,  0.0,  0.0,  0.0,  0.0,  0.0, 0.0,  44.0,    3.0,   1.0,   1.0,     2.0,     0.0, 0.0    ,     1.0,     0.0,     0.0,     0.0,     0.0,     3.0
kleinsc01, 1988,     1, HAR , NHL , D  , 24.0,  0.0,   1.0,   1.0,  36.0, -11.0,  0.0,  0.0,  0.0,  0.0,  0.0, 0.0,   7.0,       ,      ,      ,        ,        ,        ,        ,        ,        ,        ,        ,      
kleinsc01, 1988,     2, WAS , NHL , D  ,  3.0,  0.0,   1.0,   1.0,  10.0, 0.0  ,  0.0,  0.0,  0.0,  0.0,  0.0, 0.0,   0.0,       ,      ,      ,        ,        ,        ,        ,        ,        ,        ,        ,      
kleinsc01, 1989,     1, WAS , NHL , D  , 15.0,  1.0,   3.0,   4.0,  16.0, 4.0  ,  0.0,  0.0,  0.0,  0.0,  0.0, 0.0,  13.0,    3.0,   0.0,   0.0,     0.0,     0.0, -3.0   ,     0.0,     0.0,     0.0,     0.0,     0.0,     3.0
kleiste01, 1985,     1, NYR , NHL , G  ,  4.0,  0.0,   0.0,   0.0,   2.0, 0.0  ,  0.0,     ,  0.0,     ,  0.0, 0.0,   0.0,       ,      ,      ,        ,        ,        ,        ,        ,        ,        ,        ,      
klemean01, 2009,     1, NYI , NHL , D  ,  1.0,  0.0,   0.0,   0.0,   0.0, 0.0  ,  0.0,  0.0,  0.0,  0.0,  0.0,    ,   0.0,       ,      ,      ,        ,        ,        ,        ,        ,        ,        ,        ,      
klemmjo01, 1991,     1, QUE , NHL , D  ,  4.0,  0.0,   1.0,   1.0,   0.0, 2.0  ,  0.0,  0.0,  0.0,  0.0,  0.0, 0.0,   2.0,       ,      ,      ,        ,        ,        ,        ,        ,        ,        ,        ,      
klemmjo01, 1993,     1, QUE , NHL , D  ,  7.0,  0.0,   0.0,   0.0,   4.0, -1.0 ,  0.0,  0.0,  0.0,  0.0,  0.0, 0.0,  11.0,       ,      ,      ,        ,        ,        ,        ,        ,        ,        ,        ,      
klemmjo01, 1994,     1, QUE , NHL , D  ,  4.0,  1.0,   0.0,   1.0,   2.0, 3.0  ,  0.0,  0.0,  0.0,  0.0,  0.0, 0.0,   5.0,       ,      ,      ,        ,        ,        ,        ,        ,        ,        ,        ,      
klemmjo01, 1995,     1, COL , NHL , D  , 56.0,  3.0,  12.0,  15.0,  20.0, 12.0 ,  0.0,  1.0,  1.0,  1.0,  1.0, 0.0,  61.0,   15.0,   2.0,   1.0,     3.0,     0.0, 6.0    ,     1.0,     0.0,     0.0,     0.0,     0.0,    11.0
klemmjo01, 1996,     1, COL , NHL , D  , 80.0,  9.0,  15.0,  24.0,  37.0, 12.0 ,  1.0,  2.0,  2.0,  0.0,  1.0, 0.0, 103.0,   17.0,   1.0,   1.0,     2.0,     6.0, -1.0   ,     0.0,     0.0,     0.0,     0.0,     0.0,    20.0
klemmjo01, 1997,     1, COL , NHL , D  , 67.0,  6.0,   8.0,  14.0,  30.0, -3.0 ,  0.0,  0.0,  0.0,  0.0,  0.0, 1.0,  60.0,    4.0,   0.0,   0.0,     0.0,     0.0, 1.0    ,     0.0,     0.0,     0.0,     0.0,     0.0,     1.0
klemmjo01, 1998,     1, COL , NHL , D  , 39.0,  1.0,   2.0,   3.0,  31.0, 4.0  ,  0.0,  0.0,  0.0,  0.0,  0.0, 0.0,  28.0,   19.0,   0.0,   1.0,     1.0,    10.0, 1.0    ,     0.0,     0.0,     0.0,     0.0,     0.0,    11.0
klemmjo01, 1999,     1, COL , NHL , D  , 73.0,  5.0,   7.0,  12.0,  34.0, 26.0 ,  0.0,  0.0,  0.0,  0.0,  0.0, 0.0,  64.0,   17.0,   2.0,   1.0,     3.0,     9.0, 4.0    ,     0.0,     0.0,     0.0,     0.0,     0.0,    16.0
klemmjo01, 2000,     1, COL , NHL , D  , 78.0,  4.0,  11.0,  15.0,  54.0, 22.0 ,  2.0,  3.0,  0.0,  2.0,  2.0, 0.0,  97.0,   22.0,   1.0,   2.0,     3.0,    16.0, 7.0    ,     0.0,     1.0,     0.0,     0.0,     1.0,    14.0
klemmjo01, 2001,     1, CHI , NHL , D  , 82.0,  4.0,  16.0,  20.0,  42.0, -3.0 ,  2.0,  5.0,  0.0,  0.0,  1.0, 0.0, 111.0,    5.0,   0.0,   1.0,     1.0,     4.0, 0.0    ,     0.0,     0.0,     0.0,     0.0,     0.0,     6.0
klemmjo01, 2002,     1, CHI , NHL , D  , 70.0,  2.0,  14.0,  16.0,  44.0, -9.0 ,  1.0,  1.0,  0.0,  0.0,  1.0, 0.0,  74.0,       ,      ,      ,        ,        ,        ,        ,        ,        ,        ,        ,      
klemmjo01, 2003,     1, CHI , NHL , D  , 19.0,  0.0,   1.0,   1.0,  20.0, 6.0  ,  0.0,  0.0,  0.0,  0.0,  0.0, 0.0,  19.0,       ,      ,      ,        ,        ,        ,        ,        ,        ,        ,        ,      
klemmjo01, 2003,     2, DAL , NHL , D  , 58.0,  2.0,   4.0,   6.0,  24.0, 10.0 ,  0.0,  0.0,  0.0,  1.0,  1.0, 0.0,  52.0,       ,      ,      ,        ,        ,        ,        ,        ,        ,        ,        ,      
klemmjo01, 2005,     1, DAL , NHL , D  , 76.0,  4.0,   7.0,  11.0,  60.0, -3.0 ,  1.0,  1.0,  0.0,  2.0,  1.0,    ,  57.0,    5.0,   1.0,   0.0,     1.0,     0.0, -1.0   ,     0.0,     0.0,     0.0,     0.0,     0.0,     5.0
klemmjo01, 2006,     1, DAL , NHL , D  , 38.0,  1.0,   2.0,   3.0,  24.0, 0.0  ,  0.0,  0.0,  0.0,  0.0,  0.0,    ,  25.0,    1.0,   0.0,   0.0,     0.0,     2.0, 0.0    ,     0.0,     0.0,     0.0,     0.0,     0.0,     0.0
klemmjo01, 2007,     1, LAK , NHL , D  , 22.0,  0.0,   0.0,   0.0,  10.0, -5.0 ,  0.0,  0.0,  0.0,  0.0,  0.0,    ,   6.0,       ,      ,      ,        ,        ,        ,        ,        ,        ,        ,        ,      
klepija01, 2005,     1, WAS , NHL , C  , 25.0,  1.0,   3.0,   4.0,   8.0, -11.0,  0.0,  1.0,  0.0,  0.0,  0.0,    ,  26.0,       ,      ,      ,        ,        ,        ,        ,        ,        ,        ,        ,      
klepija01, 2006,     1, WAS , NHL , C  , 41.0,  3.0,   7.0,  10.0,  28.0, -2.0 ,  0.0,  3.0,  0.0,  0.0,  0.0,    ,  38.0,       ,      ,      ,        ,        ,        ,        ,        ,        ,        ,        ,      
kleslro01, 2000,     1, CBS , NHL , D  ,  8.0,  2.0,   0.0,   2.0,   6.0, -1.0 ,  0.0,  0.0,  0.0,  0.0,  0.0, 0.0,  10.0,       ,      ,      ,        ,        ,        ,        ,        ,        ,        ,        ,      
kleslro01, 2001,     1, CBS , NHL , D  , 75.0,  8.0,   8.0,  16.0,  74.0, -6.0 ,  1.0,  2.0,  0.0,  0.0,  0.0, 1.0, 102.0,       ,      ,      ,        ,        ,        ,        ,        ,        ,        ,        ,      
kleslro01, 2002,     1, CBS , NHL , D  , 72.0,  2.0,  14.0,  16.0,  71.0, -22.0,  0.0,  6.0,  0.0,  1.0,  0.0, 0.0,  89.0,       ,      ,      ,        ,        ,        ,        ,        ,        ,        ,        ,      
kleslro01, 2003,     1, CBS , NHL , D  , 47.0,  2.0,  11.0,  13.0,  27.0, -16.0,  0.0,  5.0,  0.0,  0.0,  1.0, 0.0,  74.0,       ,      ,      ,        ,        ,        ,        ,        ,        ,        ,        ,      
kleslro01, 2005,     1, CBS , NHL , D  , 51.0,  6.0,  13.0,  19.0,  75.0, -4.0 ,  2.0,  7.0,  0.0,  2.0,  1.0,    ,  84.0,       ,      ,      ,        ,        ,        ,        ,        ,        ,        ,        ,      
kleslro01, 2006,     1, CBS , NHL , D  , 75.0,  9.0,  13.0,  22.0, 105.0, -13.0,  2.0,  3.0,  0.0,  0.0,  0.0,    , 159.0,       ,      ,      ,        ,        ,        ,        ,        ,        ,        ,        ,      
kleslro01, 2007,     1, CBS , NHL , D  , 82.0,  6.0,  12.0,  18.0,  60.0, 7.0  ,  3.0,  3.0,  0.0,  0.0,  1.0,    , 130.0,       ,      ,      ,        ,        ,        ,        ,        ,        ,        ,        ,      
kleslro01, 2008,     1, CBS , NHL , D  , 34.0,  1.0,   8.0,   9.0,  38.0, 2.0  ,  0.0,  2.0,  0.0,  0.0,  0.0,    ,  30.0,    4.0,   0.0,   1.0,     1.0,     0.0, 0.0    ,     0.0,     0.0,     0.0,     0.0,     0.0,     3.0
kleslro01, 2009,     1, CBS , NHL , D  , 26.0,  2.0,   6.0,   8.0,  26.0, -7.0 ,  0.0,  1.0,  0.0,  0.0,  1.0,    ,  24.0,       ,      ,      ,        ,        ,        ,        ,        ,        ,        ,        ,      
klimape01, 1985,     1, DET , NHL , L  , 74.0, 32.0,  24.0,  56.0,  16.0, -39.0,  8.0,     ,  0.0,     ,  4.0, 0.0, 174.0,       ,      ,      ,        ,        ,        ,        ,        ,        ,        ,        ,      
klimape01, 1986,     1, DET , NHL , L  , 77.0, 30.0,  23.0,  53.0,  42.0, -9.0 ,  6.0,     ,  0.0,     ,  5.0, 0.0, 209.0,   13.0,   1.0,   2.0,     3.0,     4.0, 0.0    ,     0.0,        ,     0.0,        ,     0.0,    45.0
klimape01, 1987,     1, DET , NHL , L  , 78.0, 37.0,  25.0,  62.0,  46.0, 4.0  ,  6.0,  6.0,  5.0,  0.0,  5.0, 0.0, 174.0,   12.0,  10.0,   8.0,    18.0,    10.0, 9.0    ,     2.0,     4.0,     1.0,     0.0,     4.0,    38.0
klimape01, 1988,     1, DET , NHL , L  , 51.0, 25.0,  16.0,  41.0,  44.0, 5.0  ,  1.0,  1.0,  0.0,  0.0,  3.0, 0.0, 145.0,    6.0,   2.0,   4.0,     6.0,    19.0, 0.0    ,     1.0,     2.0,     0.0,     0.0,     0.0,    19.0
klimape01, 1989,     1, DET , NHL , L  , 13.0,  5.0,   5.0,  10.0,   6.0, -8.0 ,  2.0,     ,  0.0,  0.0,  0.0, 0.0,  37.0,       ,      ,      ,        ,        ,        ,        ,        ,        ,        ,        ,      
klimape01, 1989,     2, EDM , NHL , L  , 63.0, 25.0,  28.0,  53.0,  66.0, -1.0 ,  7.0,     ,  0.0,  0.0,  3.0, 0.0, 149.0,   21.0,   5.0,   0.0,     5.0,     8.0, -2.0   ,     1.0,     0.0,     0.0,     0.0,     1.0,    25.0
klimape01, 1990,     1, EDM , NHL , R  , 70.0, 40.0,  28.0,  68.0, 113.0, 24.0 ,  7.0,  9.0,  1.0,  0.0,  5.0, 0.0, 204.0,   18.0,   7.0,   6.0,    13.0,    16.0, -1.0   ,     1.0,     1.0,     0.0,     0.0,     3.0,    51.0
klimape01, 1991,     1, EDM , NHL , R  , 57.0, 21.0,  13.0,  34.0,  52.0, -18.0,  5.0,  7.0,  0.0,  0.0,  0.0, 0.0, 107.0,   15.0,   1.0,   4.0,     5.0,     8.0, -1.0   ,     0.0,     1.0,     0.0,     0.0,     0.0,    22.0
klimape01, 1992,     1, EDM , NHL , R  , 68.0, 32.0,  16.0,  48.0, 100.0, -15.0, 13.0,  9.0,  0.0,  0.0,  2.0, 0.0, 175.0,       ,      ,      ,        ,        ,        ,        ,        ,        ,        ,        ,      
klimape01, 1993,     1, TBL , NHL , R  , 75.0, 28.0,  27.0,  55.0,  76.0, -15.0, 10.0, 12.0,  0.0,  0.0,  2.0, 0.0, 167.0,       ,      ,      ,        ,        ,        ,        ,        ,        ,        ,        ,      
klimape01, 1994,     1, TBL , NHL , L  , 47.0, 13.0,  13.0,  26.0,  26.0, -13.0,  4.0,  4.0,  0.0,  0.0,  3.0, 0.0,  75.0,       ,      ,      ,        ,        ,        ,        ,        ,        ,        ,        ,      
klimape01, 1995,     1, TBL , NHL , L  , 67.0, 22.0,  30.0,  52.0,  68.0, -25.0,  8.0, 20.0,  0.0,  0.0,  3.0, 2.0, 164.0,    4.0,   2.0,   0.0,     2.0,    14.0, 0.0    ,     2.0,     0.0,     0.0,     0.0,     0.0,     9.0
klimape01, 1996,     1, LAK , NHL , R  ,  8.0,  0.0,   4.0,   4.0,   2.0, -7.0 ,  0.0,  4.0,  0.0,  0.0,  0.0, 0.0,  12.0,       ,      ,      ,        ,        ,        ,        ,        ,        ,        ,        ,      
klimape01, 1996,     2, PIT , NHL , R  ,  9.0,  1.0,   3.0,   4.0,   4.0, -4.0 ,  0.0,  3.0,  0.0,  0.0,  0.0, 0.0,  21.0,       ,      ,      ,        ,        ,        ,        ,        ,        ,        ,        ,      
klimape01, 1996,     3, EDM , NHL , R  , 16.0,  1.0,   5.0,   6.0,   6.0, -1.0 ,  0.0,  2.0,  0.0,  0.0,  0.0, 0.0,  22.0,    6.0,   0.0,   0.0,     0.0,     4.0, 0.0    ,     0.0,     0.0,     0.0,     0.0,     0.0,     2.0
klimape01, 1998,     1, DET , NHL , L  , 13.0,  1.0,   0.0,   1.0,   4.0, -3.0 ,  0.0,  0.0,  0.0,  0.0,  1.0, 0.0,  12.0,       ,      ,      ,        ,        ,        ,        ,        ,        ,        ,        ,      
klimose01, 1996,     1, CHI , NHL , C  ,  1.0,  0.0,   0.0,   0.0,   2.0, 0.0  ,  0.0,  0.0,  0.0,  0.0,  0.0, 0.0,   0.0,       ,      ,      ,        ,        ,        ,        ,        ,        ,        ,        ,      
klingik01, 1936,     1, CHI , NHL , F  ,  5.0,  1.0,   2.0,   3.0,   2.0,      ,     ,     ,     ,     ,     ,    ,      ,       ,      ,      ,        ,        ,        ,        ,        ,        ,        ,        ,      
kloucto01, 2000,     1, NYR , NHL , D  , 43.0,  1.0,   4.0,   5.0,  74.0, -3.0 ,  0.0,  0.0,  0.0,  0.0,  0.0, 0.0,  22.0,       ,      ,      ,        ,        ,        ,        ,        ,        ,        ,        ,      
kloucto01, 2001,     1, NYR , NHL , D  , 52.0,  1.0,   3.0,   4.0, 137.0, -2.0 ,  0.0,  0.0,  0.0,  1.0,  0.0, 0.0,  21.0,       ,      ,      ,        ,        ,        ,        ,        ,        ,        ,        ,      
kloucto01, 2002,     1, NAS , NHL , D  ,  3.0,  0.0,   0.0,   0.0,   2.0, 1.0  ,  0.0,  0.0,  0.0,  0.0,  0.0, 0.0,   1.0,       ,      ,      ,        ,        ,        ,        ,        ,        ,        ,        ,      
kloucto01, 2003,     1, NAS , NHL , D  ,  5.0,  0.0,   1.0,   1.0,  10.0, 3.0  ,  0.0,  0.0,  0.0,  0.0,  0.0, 0.0,   0.0,       ,      ,      ,        ,        ,        ,        ,        ,        ,        ,        ,      
kloucto01, 2003,     2, ATL , NHL , D  , 37.0,  0.0,   0.0,   0.0,  25.0, -8.0 ,  0.0,  0.0,  0.0,  0.0,  0.0, 0.0,  12.0,       ,      ,      ,        ,        ,        ,        ,        ,        ,        ,        ,      
kloucto01, 2005,     1, ATL , NHL , D  ,  1.0,  0.0,   0.0,   0.0,   2.0, 0.0  ,  0.0,  0.0,  0.0,  0.0,  0.0,    ,   0.0,       ,      ,      ,        ,        ,        ,        ,        ,        ,        ,        ,      
klukajo01, 1942,     1, TOR , NHL , L  ,     ,     ,      ,      ,      ,      ,     ,     ,     ,     ,     ,    ,      ,    1.0,   0.0,   0.0,     0.0,     0.0,        ,        ,        ,        ,        ,        ,      
klukajo01, 1946,     1, TOR , NHL , L  , 55.0,  9.0,  20.0,  29.0,  12.0,      ,     ,     ,     ,     ,     ,    ,      ,   11.0,   1.0,   0.0,     1.0,     0.0,        ,        ,        ,        ,        ,        ,      
klukajo01, 1947,     1, TOR , NHL , L  , 59.0, 15.0,  15.0,  30.0,  28.0,      ,     ,     ,     ,     ,     ,    ,      ,    9.0,   1.0,   1.0,     2.0,     2.0,        ,        ,        ,        ,        ,        ,      
klukajo01, 1948,     1, TOR , NHL , L  , 45.0, 11.0,  10.0,  21.0,  11.0,      ,     ,     ,     ,     ,     ,    ,      ,    9.0,   2.0,   3.0,     5.0,     4.0,        ,        ,        ,        ,        ,        ,      
klukajo01, 1949,     1, TOR , NHL , R  , 70.0, 15.0,  16.0,  31.0,  19.0,      ,     ,     ,     ,     ,     ,    ,      ,    7.0,   3.0,   0.0,     3.0,     4.0,        ,        ,        ,        ,        ,        ,      
klukajo01, 1950,     1, TOR , NHL , R  , 70.0, 14.0,  16.0,  30.0,  16.0,      ,     ,     ,     ,     ,     ,    ,      ,   11.0,   4.0,   3.0,     7.0,     0.0,        ,        ,        ,        ,        ,        ,      
klukajo01, 1951,     1, TOR , NHL , L  , 43.0,  4.0,   8.0,  12.0,   6.0,      ,     ,     ,     ,     ,     ,    ,      ,    4.0,   1.0,   1.0,     2.0,     0.0,        ,        ,        ,        ,        ,        ,      
klukajo01, 1952,     1, BOS , NHL , R  , 70.0, 13.0,  16.0,  29.0,  20.0,      ,     ,     ,     ,     ,     ,    ,      ,   11.0,   1.0,   2.0,     3.0,     9.0,        ,        ,        ,        ,        ,        ,      
klukajo01, 1953,     1, BOS , NHL , R  , 70.0, 20.0,  17.0,  37.0,  27.0,      ,     ,     ,     ,     ,     ,    ,      ,    4.0,   0.0,   0.0,     0.0,     0.0,        ,        ,        ,        ,        ,        ,      
klukajo01, 1954,     1, BOS , NHL , R  , 10.0,  0.0,   0.0,   0.0,   4.0,      ,     ,     ,     ,     ,     ,    ,      ,       ,      ,      ,        ,        ,        ,        ,        ,        ,        ,        ,      
klukajo01, 1954,     2, TOR , NHL , L  , 56.0,  8.0,   8.0,  16.0,  44.0,      ,     ,     ,     ,     ,     ,    ,      ,    4.0,   0.0,   0.0,     0.0,     4.0,        ,        ,        ,        ,        ,        ,      
klukajo01, 1955,     1, TOR , NHL , L  , 18.0,  0.0,   1.0,   1.0,   2.0,      ,     ,     ,     ,     ,     ,    ,      ,       ,      ,      ,        ,        ,        ,        ,        ,        ,        ,        ,      
kluzago01, 1982,     1, BOS , NHL , D  , 70.0,  1.0,   6.0,   7.0, 105.0, 6.0  ,  0.0,     ,  0.0,     ,  0.0, 0.0,  49.0,   17.0,   1.0,   4.0,     5.0,    54.0,        ,     0.0,        ,     0.0,        ,     0.0,      
kluzago01, 1983,     1, BOS , NHL , D  , 80.0, 10.0,  27.0,  37.0, 135.0, 9.0  ,  5.0,     ,  0.0,     ,  3.0, 0.0, 125.0,    3.0,   0.0,   0.0,     0.0,     0.0, -2.0   ,     0.0,        ,     0.0,        ,     0.0,     4.0
kluzago01, 1985,     1, BOS , NHL , D  , 70.0,  8.0,  31.0,  39.0, 155.0, 3.0  ,  3.0,     ,  0.0,     ,  0.0, 0.0, 114.0,    3.0,   1.0,   1.0,     2.0,    16.0, 0.0    ,     1.0,        ,     0.0,        ,     0.0,     5.0
kluzago01, 1987,     1, BOS , NHL , D  , 66.0,  6.0,  31.0,  37.0, 135.0, 18.0 ,  0.0, 15.0,  1.0,  0.0,  0.0, 0.0, 168.0,   23.0,   4.0,   8.0,    12.0,    59.0, 6.0    ,     0.0,     3.0,     1.0,     0.0,     1.0,    42.0
kluzago01, 1988,     1, BOS , NHL , D  ,  3.0,  0.0,   1.0,   1.0,   2.0, -2.0 ,  0.0,  0.0,  0.0,  0.0,  0.0, 0.0,   4.0,       ,      ,      ,        ,        ,        ,        ,        ,        ,        ,        ,      
kluzago01, 1989,     1, BOS , NHL , D  ,  8.0,  0.0,   2.0,   2.0,  11.0, 4.0  ,  0.0,  0.0,  0.0,  0.0,  0.0, 0.0,   8.0,       ,      ,      ,        ,        ,        ,        ,        ,        ,        ,        ,      
kluzago01, 1990,     1, BOS , NHL , D  ,  2.0,  0.0,   0.0,   0.0,   0.0, 2.0  ,  0.0,  0.0,  0.0,  0.0,  0.0, 0.0,   3.0,       ,      ,      ,        ,        ,        ,        ,        ,        ,        ,        ,      
klymkju01, 1958,     1, NYR , NHL , G  ,  1.0,  0.0,   0.0,   0.0,   0.0,      ,     ,     ,     ,     ,     ,    ,      ,       ,      ,      ,        ,        ,        ,        ,        ,        ,        ,        ,      
knibbbi01, 1964,     1, BOS , NHL , C  , 53.0,  7.0,  10.0,  17.0,   4.0,      ,  0.0,     ,  0.0,     ,  0.0, 0.0,      ,       ,      ,      ,        ,        ,        ,        ,        ,        ,        ,        ,      
knibbda01, 1972,     1, CHC , WHA , C  , 41.0,  3.0,   8.0,  11.0,   0.0,      ,  0.0,     ,  0.0,     ,     ,    ,      ,       ,      ,      ,        ,        ,        ,        ,        ,        ,        ,        ,      
knickri01, 1992,     1, LAK , NHL , G  , 10.0,  0.0,   0.0,   0.0,   2.0, 0.0  ,  0.0,  0.0,  0.0,  0.0,  0.0, 0.0,   0.0,       ,      ,      ,        ,        ,        ,        ,        ,        ,        ,        ,      
knickri01, 1993,     1, LAK , NHL , G  ,  4.0,  0.0,   0.0,   0.0,   0.0, 0.0  ,  0.0,  0.0,  0.0,  0.0,  0.0, 0.0,   0.0,       ,      ,      ,        ,        ,        ,        ,        ,        ,        ,        ,      
knipsfr01, 1993,     1, BOS , NHL , C  , 11.0,  3.0,   2.0,   5.0,  14.0, 3.0  ,  0.0,  0.0,  0.0,  1.0,  1.0, 0.0,  15.0,   12.0,   2.0,   1.0,     3.0,     6.0, 0.0    ,     0.0,     0.0,     0.0,     0.0,     1.0,     9.0
knipsfr01, 1994,     1, BOS , NHL , L  , 16.0,  3.0,   1.0,   4.0,   2.0, 1.0  ,  0.0,  0.0,  0.0,  0.0,  1.0, 0.0,  20.0,    4.0,   0.0,   0.0,     0.0,     0.0, 0.0    ,     0.0,     0.0,     0.0,     0.0,     0.0,     5.0
knipsfr01, 1995,     1, STL , NHL , L  ,  1.0,  0.0,   0.0,   0.0,   2.0, 0.0  ,  0.0,  0.0,  0.0,  0.0,  0.0, 0.0,   2.0,       ,      ,      ,        ,        ,        ,        ,        ,        ,        ,        ,      
knottni01, 1941,     1, BKN , NHL , D  , 14.0,  3.0,   1.0,   4.0,   9.0,      ,     ,     ,     ,     ,     ,    ,      ,       ,      ,      ,        ,        ,        ,        ,        ,        ,        ,        ,      
knoxpa01 , 1954,     1, TOR , NHL , R  ,  1.0,  0.0,   0.0,   0.0,   0.0,      ,     ,     ,     ,     ,     ,    ,      ,       ,      ,      ,        ,        ,        ,        ,        ,        ,        ,        ,      
knublmi01, 1996,     1, DET , NHL , R  ,  9.0,  1.0,   0.0,   1.0,   0.0, -1.0 ,  0.0,  0.0,  0.0,  0.0,  0.0, 0.0,  10.0,       ,      ,      ,        ,        ,        ,        ,        ,        ,        ,        ,      
knublmi01, 1997,     1, DET , NHL , R  , 53.0,  7.0,   6.0,  13.0,  16.0, 2.0  ,  0.0,  0.0,  0.0,  0.0,  0.0, 0.0,  54.0,    3.0,   0.0,   1.0,     1.0,     0.0, 0.0    ,     0.0,     0.0,     0.0,     0.0,     0.0,     1.0
knublmi01, 1998,     1, NYR , NHL , R  , 82.0, 15.0,  20.0,  35.0,  26.0, -7.0 ,  3.0,  6.0,  0.0,  0.0,  1.0, 0.0, 113.0,       ,      ,      ,        ,        ,        ,        ,        ,        ,        ,        ,      
knublmi01, 1999,     1, NYR , NHL , R  , 59.0,  9.0,   5.0,  14.0,  18.0, -5.0 ,  1.0,  0.0,  0.0,  0.0,  1.0, 0.0,  50.0,       ,      ,      ,        ,        ,        ,        ,        ,        ,        ,        ,      
knublmi01, 1999,     2, BOS , NHL , R  , 14.0,  3.0,   3.0,   6.0,   8.0, -2.0 ,  1.0,  1.0,  0.0,  0.0,  1.0, 0.0,  28.0,       ,      ,      ,        ,        ,        ,        ,        ,        ,        ,        ,      
knublmi01, 2000,     1, BOS , NHL , R  , 82.0,  7.0,  13.0,  20.0,  37.0, 0.0  ,  0.0,  1.0,  1.0,  0.0,  1.0, 1.0,  92.0,       ,      ,      ,        ,        ,        ,        ,        ,        ,        ,        ,      
knublmi01, 2001,     1, BOS , NHL , R  , 54.0,  8.0,   6.0,  14.0,  42.0, 9.0  ,  0.0,  1.0,  0.0,  0.0,  2.0, 0.0,  77.0,    2.0,   0.0,   0.0,     0.0,     0.0, 0.0    ,     0.0,     0.0,     0.0,     0.0,     0.0,     2.0
knublmi01, 2002,     1, BOS , NHL , R  , 75.0, 30.0,  29.0,  59.0,  45.0, 18.0 ,  9.0,  8.0,  0.0,  0.0,  4.0, 1.0, 185.0,    5.0,   0.0,   2.0,     2.0,     2.0, -2.0   ,     0.0,     1.0,     0.0,     0.0,     0.0,     8.0
knublmi01, 2003,     1, BOS , NHL , L  , 82.0, 21.0,  25.0,  46.0,  32.0, 19.0 ,  4.0,  7.0,  0.0,  0.0,  3.0, 1.0, 192.0,    7.0,   2.0,   0.0,     2.0,     0.0, -5.0   ,     1.0,     0.0,     0.0,     0.0,     0.0,    16.0
knublmi01, 2005,     1, PHI , NHL , R  , 82.0, 34.0,  31.0,  65.0,  80.0, 25.0 , 13.0, 10.0,  2.0,  0.0,  6.0,    , 217.0,    6.0,   1.0,   3.0,     4.0,     8.0, 1.0    ,     0.0,     2.0,     0.0,     0.0,     0.0,    17.0
knublmi01, 2006,     1, PHI , NHL , R  , 64.0, 24.0,  30.0,  54.0,  56.0, 2.0  , 10.0,  8.0,  0.0,  0.0,  1.0,    , 160.0,       ,      ,      ,        ,        ,        ,        ,        ,        ,        ,        ,      
knublmi01, 2007,     1, PHI , NHL , R  , 82.0, 29.0,  26.0,  55.0,  72.0, -3.0 , 15.0, 15.0,  1.0,  0.0,  3.0,    , 177.0,   12.0,   3.0,   4.0,     7.0,     6.0, -1.0   ,     0.0,     1.0,     0.0,     0.0,     1.0,    25.0
knublmi01, 2008,     1, PHI , NHL , R  , 82.0, 27.0,  20.0,  47.0,  62.0, 5.0  , 11.0,  9.0,  0.0,  1.0,  6.0,    , 173.0,    6.0,   2.0,   1.0,     3.0,     2.0, -2.0   ,     0.0,     1.0,     0.0,     0.0,     0.0,    19.0
knublmi01, 2009,     1, WAS , NHL , R  , 69.0, 29.0,  24.0,  53.0,  59.0, 23.0 ,  6.0,  7.0,  0.0,  0.0,  5.0,    , 151.0,    7.0,   2.0,   4.0,     6.0,     6.0, 2.0    ,     0.0,     0.0,     1.0,     0.0,     0.0,    23.0
knutses01, 1997,     1, ANA , NHL , C  , 19.0,  3.0,   0.0,   3.0,   6.0, -10.0,  1.0,  0.0,  0.0,  0.0,  0.0, 1.0,  21.0,       ,      ,      ,        ,        ,        ,        ,        ,        ,        ,        ,      
knutses01, 2000,     1, CBS , NHL , C  , 66.0, 11.0,  42.0,  53.0,  30.0, -3.0 ,  2.0, 25.0,  0.0,  0.0,  0.0, 0.0,  62.0,       ,      ,      ,        ,        ,        ,        ,        ,        ,        ,        ,      
knutses01, 2001,     1, CBS , NHL , R  , 77.0, 11.0,  31.0,  42.0,  47.0, -28.0,  5.0, 15.0,  2.0,  1.0,  1.0, 0.0, 102.0,       ,      ,      ,        ,        ,        ,        ,        ,        ,        ,        ,      
knutses01, 2002,     1, CBS , NHL , C  , 31.0,  5.0,   4.0,   9.0,  20.0, -15.0,  3.0,  1.0,  0.0,  0.0,  1.0, 0.0,  28.0,       ,      ,      ,        ,        ,        ,        ,        ,        ,        ,        ,      
knutses01, 2003,     1, CBS , NHL , C  , 14.0,  0.0,   4.0,   4.0,   2.0, -5.0 ,  0.0,  1.0,  0.0,  1.0,  0.0, 0.0,  11.0,       ,      ,      ,        ,        ,        ,        ,        ,        ,        ,        ,      
koalsma01, 2005,     1, NYI , NHL , C  ,  3.0,  0.0,   0.0,   0.0,   2.0, -1.0 ,  0.0,  0.0,  0.0,  0.0,  0.0,    ,   3.0,       ,      ,      ,        ,        ,        ,        ,        ,        ,        ,        ,      
kobasch01, 2002,     1, CAL , NHL , R  , 23.0,  4.0,   2.0,   6.0,   8.0, -3.0 ,  1.0,  0.0,  0.0,  0.0,  1.0, 0.0,  29.0,       ,      ,      ,        ,        ,        ,        ,        ,        ,        ,        ,      
kobasch01, 2003,     1, CAL , NHL , R  , 70.0,  6.0,  11.0,  17.0,  51.0, -12.0,  3.0,  4.0,  0.0,  0.0,  0.0, 0.0,  78.0,   26.0,   0.0,   1.0,     1.0,    24.0, 0.0    ,     0.0,     0.0,     0.0,     0.0,     0.0,    15.0
kobasch01, 2005,     1, CAL , NHL , R  , 77.0, 20.0,  11.0,  31.0,  64.0, -10.0, 10.0,  2.0,  0.0,  0.0,  4.0,    , 143.0,    7.0,   1.0,   0.0,     1.0,     0.0, -3.0   ,     0.0,     0.0,     0.0,     0.0,     1.0,    13.0
kobasch01, 2006,     1, CAL , NHL , R  , 40.0,  4.0,  13.0,  17.0,  37.0, 7.0  ,  1.0,  6.0,  0.0,  0.0,  1.0,    ,  69.0,       ,      ,      ,        ,        ,        ,        ,        ,        ,        ,        ,      
kobasch01, 2006,     2, BOS , NHL , R  , 10.0,  1.0,   1.0,   2.0,  25.0, -6.0 ,  1.0,  0.0,  0.0,  0.0,  0.0,    ,  24.0,       ,      ,      ,        ,        ,        ,        ,        ,        ,        ,        ,      
kobasch01, 2007,     1, BOS , NHL , R  , 73.0, 22.0,  17.0,  39.0,  29.0, 6.0  ,  6.0,  5.0,  3.0,  0.0,  3.0,    , 147.0,       ,      ,      ,        ,        ,        ,        ,        ,        ,        ,        ,      
kobasch01, 2008,     1, BOS , NHL , R  , 68.0, 21.0,  21.0,  42.0,  56.0, 5.0  ,  6.0,  3.0,  0.0,  0.0,  3.0,    , 129.0,   11.0,   3.0,   3.0,     6.0,    14.0, 3.0    ,     0.0,     0.0,     0.0,     0.0,     1.0,    23.0
kobasch01, 2009,     1, BOS , NHL , R  ,  7.0,  0.0,   1.0,   1.0,   2.0, -2.0 ,  0.0,  0.0,  0.0,  0.0,  0.0,    ,  13.0,       ,      ,      ,        ,        ,        ,        ,        ,        ,        ,        ,      
kobasch01, 2009,     2, MIN , NHL , R  , 42.0,  9.0,   5.0,  14.0,  16.0, -9.0 ,  2.0,  0.0,  0.0,  0.0,  2.0,    ,  58.0,       ,      ,      ,        ,        ,        ,        ,        ,        ,        ,        ,      
kocerja01, 1977,     1, CZE , WHA , D  ,  6.0,  0.0,   1.0,   1.0,   8.0,      ,  0.0,     ,  0.0,     ,  0.0,    ,      ,       ,      ,      ,        ,        ,        ,        ,        ,        ,        ,        ,      
kochadi01, 1999,     1, TBL , NHL , G  ,  5.0,  0.0,   0.0,   0.0,   0.0, 0.0  ,  0.0,  0.0,  0.0,  0.0,  0.0, 0.0,   0.0,       ,      ,      ,        ,        ,        ,        ,        ,        ,        ,        ,      
kochadi01, 2000,     1, TBL , NHL , G  , 10.0,  0.0,   0.0,   0.0,   0.0, 0.0  ,  0.0,  0.0,  0.0,  0.0,  0.0, 0.0,   0.0,       ,      ,      ,        ,        ,        ,        ,        ,        ,        ,        ,      
kochadi01, 2001,     1, TBL , NHL , G  ,  5.0,  0.0,   0.0,   0.0,   0.0, 0.0  ,  0.0,  0.0,  0.0,  0.0,  0.0, 0.0,   0.0,       ,      ,      ,        ,        ,        ,        ,        ,        ,        ,        ,      
kochadi01, 2002,     1, MIN , NHL , G  ,  1.0,  0.0,   0.0,   0.0,   0.0, 0.0  ,  0.0,  0.0,  0.0,  0.0,  0.0, 0.0,   0.0,       ,      ,      ,        ,        ,        ,        ,        ,        ,        ,        ,      
kocida01 , 2006,     1, CHI , NHL , L  ,  9.0,  0.0,   0.0,   0.0,  88.0, -3.0 ,  0.0,  0.0,  0.0,  0.0,  0.0,    ,   3.0,       ,      ,      ,        ,        ,        ,        ,        ,        ,        ,        ,      
kocida01 , 2007,     1, CHI , NHL , L  , 18.0,  0.0,   0.0,   0.0,  68.0, -4.0 ,  0.0,  0.0,  0.0,  0.0,  0.0,    ,   2.0,       ,      ,      ,        ,        ,        ,        ,        ,        ,        ,        ,      
kocida01 , 2008,     1, TBL , NHL , L  , 33.0,  1.0,   1.0,   2.0, 132.0, 3.0  ,  0.0,  0.0,  0.0,  0.0,  0.0,    ,   8.0,       ,      ,      ,        ,        ,        ,        ,        ,        ,        ,        ,      
kocida01 , 2008,     2, STL , NHL , L  ,  4.0,  0.0,   0.0,   0.0,   9.0, -2.0 ,  0.0,  0.0,  0.0,  0.0,  0.0,    ,   5.0,       ,      ,      ,        ,        ,        ,        ,        ,        ,        ,        ,      
kocida01 , 2009,     1, COL , NHL , D  , 43.0,  1.0,   0.0,   1.0,  84.0, -2.0 ,  0.0,  0.0,  0.0,  0.0,  0.0,    ,   6.0,       ,      ,      ,        ,        ,        ,        ,        ,        ,        ,        ,      
kocurjo01, 1984,     1, DET , NHL , R  , 17.0,  1.0,   0.0,   1.0,  64.0, -4.0 ,  0.0,     ,  0.0,     ,  0.0, 0.0,   7.0,    3.0,   1.0,   0.0,     1.0,     5.0, -2.0   ,     0.0,        ,     0.0,        ,     0.0,     1.0
kocurjo01, 1985,     1, DET , NHL , R  , 59.0,  9.0,   6.0,  15.0, 377.0, -24.0,  2.0,     ,  0.0,     ,  0.0, 0.0,  65.0,       ,      ,      ,        ,        ,        ,        ,        ,        ,        ,        ,      
kocurjo01, 1986,     1, DET , NHL , R  , 77.0,  9.0,   9.0,  18.0, 276.0, -10.0,  2.0,     ,  0.0,     ,  2.0, 0.0,  81.0,   16.0,   2.0,   3.0,     5.0,    71.0, -1.0   ,     1.0,        ,     0.0,        ,     2.0,    17.0
kocurjo01, 1987,     1, DET , NHL , R  , 63.0,  7.0,   7.0,  14.0, 263.0, -11.0,  0.0,  1.0,  0.0,  0.0,  1.0, 0.0,  41.0,   10.0,   0.0,   1.0,     1.0,    13.0, 1.0    ,     0.0,     0.0,     0.0,     0.0,     0.0,     7.0
kocurjo01, 1988,     1, DET , NHL , R  , 60.0,  9.0,   9.0,  18.0, 213.0, -4.0 ,  1.0,  1.0,  0.0,  0.0,  1.0, 0.0,  76.0,    3.0,   0.0,   1.0,     1.0,     6.0, 0.0    ,     0.0,     0.0,     0.0,     0.0,     0.0,     4.0
kocurjo01, 1989,     1, DET , NHL , R  , 71.0, 16.0,  20.0,  36.0, 268.0, -4.0 ,  1.0,  2.0,  0.0,  0.0,  5.0, 0.0, 128.0,       ,      ,      ,        ,        ,        ,        ,        ,        ,        ,        ,      
kocurjo01, 1990,     1, DET , NHL , R  , 52.0,  5.0,   4.0,   9.0, 253.0, -6.0 ,  0.0,  0.0,  0.0,  0.0,  0.0, 0.0,  67.0,       ,      ,      ,        ,        ,        ,        ,        ,        ,        ,        ,      
kocurjo01, 1990,     2, NYR , NHL , R  ,  5.0,  0.0,   0.0,   0.0,  36.0, -1.0 ,  0.0,  0.0,  0.0,  0.0,  0.0, 0.0,   6.0,    6.0,   0.0,   2.0,     2.0,    21.0, -3.0   ,     0.0,     0.0,     0.0,     0.0,     0.0,     6.0
kocurjo01, 1991,     1, NYR , NHL , R  , 51.0,  7.0,   4.0,  11.0, 121.0, -4.0 ,  0.0,  0.0,  0.0,  0.0,  2.0, 0.0,  72.0,   12.0,   1.0,   1.0,     2.0,    38.0, -3.0   ,     0.0,     0.0,     0.0,     0.0,     0.0,     9.0
kocurjo01, 1992,     1, NYR , NHL , R  , 65.0,  3.0,   6.0,   9.0, 131.0, -9.0 ,  2.0,  1.0,  0.0,  0.0,  0.0, 0.0,  43.0,       ,      ,      ,        ,        ,        ,        ,        ,        ,        ,        ,      
kocurjo01, 1993,     1, NYR , NHL , R  , 71.0,  2.0,   1.0,   3.0, 129.0, -9.0 ,  0.0,  0.0,  0.0,  0.0,  0.0, 0.0,  43.0,   20.0,   1.0,   1.0,     2.0,    17.0, -1.0   ,     0.0,     0.0,     0.0,     0.0,     0.0,    16.0
kocurjo01, 1994,     1, NYR , NHL , R  , 48.0,  1.0,   2.0,   3.0,  71.0, -4.0 ,  0.0,  0.0,  0.0,  0.0,  0.0, 0.0,  25.0,   10.0,   0.0,   0.0,     0.0,     8.0, 0.0    ,     0.0,     0.0,     0.0,     0.0,     0.0,     1.0
kocurjo01, 1995,     1, NYR , NHL , R  , 38.0,  1.0,   2.0,   3.0,  49.0, -4.0 ,  0.0,  0.0,  0.0,  0.0,  0.0, 0.0,  19.0,       ,      ,      ,        ,        ,        ,        ,        ,        ,        ,        ,      
kocurjo01, 1995,     2, VAN , NHL , R  ,  7.0,  0.0,   1.0,   1.0,  19.0, -3.0 ,  0.0,  0.0,  0.0,  0.0,  0.0, 0.0,   1.0,    1.0,   0.0,   0.0,     0.0,     0.0, 0.0    ,     0.0,     0.0,     0.0,     0.0,     0.0,     0.0
kocurjo01, 1996,     1, DET , NHL , R  , 34.0,  2.0,   1.0,   3.0,  70.0, -7.0 ,  0.0,  0.0,  0.0,  0.0,  1.0, 0.0,  38.0,   19.0,   1.0,   3.0,     4.0,    22.0, 5.0    ,     0.0,     0.0,     0.0,     0.0,     0.0,    16.0
kocurjo01, 1997,     1, DET , NHL , R  , 63.0,  6.0,   5.0,  11.0,  92.0, 7.0  ,  0.0,  1.0,  0.0,  0.0,  2.0, 0.0,  53.0,   18.0,   4.0,   0.0,     4.0,    30.0, -3.0   ,     0.0,     0.0,     0.0,     0.0,     0.0,    13.0
kocurjo01, 1998,     1, DET , NHL , R  , 39.0,  2.0,   5.0,   7.0,  87.0, 0.0  ,  0.0,  0.0,  0.0,  0.0,  0.0, 0.0,  20.0,       ,      ,      ,        ,        ,        ,        ,        ,        ,        ,        ,      
koehlgr01, 2000,     1, CAR , NHL , C  ,  1.0,  0.0,   0.0,   0.0,   0.0, 0.0  ,  0.0,  0.0,  0.0,  0.0,  0.0, 0.0,   0.0,       ,      ,      ,        ,        ,        ,        ,        ,        ,        ,        ,      
kohndu01 , 2009,     1, NYI , NHL , D  , 22.0,  0.0,   4.0,   4.0,   4.0, -2.0 ,  0.0,  0.0,  0.0,  0.0,  0.0,    ,   7.0,       ,      ,      ,        ,        ,        ,        ,        ,        ,        ,        ,      
kohnla01 , 1995,     1, CAL , NHL , R  ,  5.0,  1.0,   0.0,   1.0,   2.0, -1.0 ,  0.0,  0.0,  0.0,  0.0,  0.0, 0.0,   8.0,       ,      ,      ,        ,        ,        ,        ,        ,        ,        ,        ,      
kohnla01 , 1997,     1, CAL , NHL , R  ,  4.0,  0.0,   1.0,   1.0,   0.0, 2.0  ,  0.0,  0.0,  0.0,  0.0,  0.0, 0.0,   2.0,       ,      ,      ,        ,        ,        ,        ,        ,        ,        ,        ,      
kohnla01 , 1998,     1, TOR , NHL , R  , 16.0,  1.0,   3.0,   4.0,   4.0, 1.0  ,  0.0,  0.0,  0.0,  0.0,  0.0, 0.0,  23.0,    2.0,   0.0,   0.0,     0.0,     5.0, 0.0    ,     0.0,     0.0,     0.0,     0.0,     0.0,     0.0
kohnla01 , 1999,     1, ANA , NHL , R  , 77.0,  5.0,  16.0,  21.0,  27.0, -17.0,  1.0,  1.0,  0.0,  0.0,  1.0, 1.0, 123.0,       ,      ,      ,        ,        ,        ,        ,        ,        ,        ,        ,      
kohnla01 , 2000,     1, ANA , NHL , R  , 51.0,  4.0,   3.0,   7.0,  42.0, -15.0,  0.0,  0.0,  1.0,  0.0,  0.0, 0.0,  86.0,       ,      ,      ,        ,        ,        ,        ,        ,        ,        ,        ,      
kohnla01 , 2000,     2, ATL , NHL , R  , 26.0,  3.0,   4.0,   7.0,  44.0, -12.0,  0.0,  1.0,  1.0,  0.0,  0.0, 0.0,  43.0,       ,      ,      ,        ,        ,        ,        ,        ,        ,        ,        ,      
kohnla01 , 2001,     1, DET , NHL , R  ,  4.0,  0.0,   0.0,   0.0,   4.0, 0.0  ,  0.0,  0.0,  0.0,  0.0,  0.0, 0.0,   2.0,       ,      ,      ,        ,        ,        ,        ,        ,        ,        ,        ,      
kohnla01 , 2002,     1, CAL , NHL , R  ,  3.0,  0.0,   1.0,   1.0,   2.0, 1.0  ,  0.0,  0.0,  0.0,  0.0,  0.0, 0.0,   3.0,       ,      ,      ,        ,        ,        ,        ,        ,        ,        ,        ,      
koistvi01, 2007,     1, NAS , NHL , D  , 48.0,  4.0,  13.0,  17.0,  18.0, 13.0 ,  2.0,  9.0,  0.0,  0.0,  1.0,    ,  60.0,       ,      ,      ,        ,        ,        ,        ,        ,        ,        ,        ,      
koistvi01, 2008,     1, NAS , NHL , D  , 38.0,  3.0,   8.0,  11.0,  14.0, 0.0  ,  1.0,  4.0,  0.0,  0.0,  2.0,    ,  42.0,       ,      ,      ,        ,        ,        ,        ,        ,        ,        ,        ,      
koistvi01, 2009,     1, FLO , NHL , D  , 17.0,  1.0,   3.0,   4.0,   8.0, 1.0  ,  0.0,  1.0,  0.0,  0.0,  0.0,    ,  12.0,       ,      ,      ,        ,        ,        ,        ,        ,        ,        ,        ,      
koivito01, 2002,     1, STL , NHL , D  , 22.0,  2.0,   4.0,   6.0,  10.0, 1.0  ,  0.0,  3.0,  0.0,  0.0,  1.0, 0.0,  26.0,       ,      ,      ,        ,        ,        ,        ,        ,        ,        ,        ,      
koivumi01, 2005,     1, MIN , NHL , C  , 64.0,  6.0,  15.0,  21.0,  40.0, -9.0 ,  3.0,  7.0,  0.0,  0.0,  0.0,    ,  96.0,       ,      ,      ,        ,        ,        ,        ,        ,        ,        ,        ,      
koivumi01, 2006,     1, MIN , NHL , C  , 82.0, 20.0,  34.0,  54.0,  58.0, 6.0  ,  9.0, 10.0,  2.0,  1.0,  2.0,    , 162.0,    5.0,   1.0,   0.0,     1.0,     4.0, -1.0   ,     0.0,     0.0,     0.0,     0.0,     0.0,     8.0
koivumi01, 2007,     1, MIN , NHL , C  , 57.0, 11.0,  31.0,  42.0,  42.0, 13.0 ,  2.0, 10.0,  0.0,  1.0,  2.0,    , 144.0,    6.0,   4.0,   1.0,     5.0,     4.0, 0.0    ,     0.0,     1.0,     1.0,     0.0,     0.0,    20.0
koivumi01, 2008,     1, MIN , NHL , C  , 79.0, 20.0,  47.0,  67.0,  66.0, 2.0  ,  5.0, 21.0,  4.0,  2.0,  3.0,    , 236.0,       ,      ,      ,        ,        ,        ,        ,        ,        ,        ,        ,      
koivumi01, 2009,     1, MIN , NHL , C  , 80.0, 22.0,  49.0,  71.0,  50.0, -2.0 ,  8.0, 20.0,  1.0,  0.0,  2.0,    , 246.0,       ,      ,      ,        ,        ,        ,        ,        ,        ,        ,        ,      
koivusa01, 1995,     1, MTL , NHL , C  , 82.0, 20.0,  25.0,  45.0,  40.0, -7.0 ,  8.0,  6.0,  3.0,  1.0,  2.0, 1.0, 136.0,    6.0,   3.0,   1.0,     4.0,     8.0, 2.0    ,     0.0,     0.0,     0.0,     1.0,     0.0,    13.0
koivusa01, 1996,     1, MTL , NHL , C  , 50.0, 17.0,  39.0,  56.0,  38.0, 7.0  ,  5.0, 12.0,  0.0,  1.0,  3.0, 0.0, 135.0,    5.0,   1.0,   3.0,     4.0,    10.0, 1.0    ,     0.0,     0.0,     0.0,     0.0,     0.0,    10.0
koivusa01, 1997,     1, MTL , NHL , C  , 69.0, 14.0,  43.0,  57.0,  48.0, 8.0  ,  2.0, 19.0,  2.0,  1.0,  3.0, 0.0, 145.0,    6.0,   2.0,   3.0,     5.0,     2.0, 4.0    ,     1.0,     0.0,     0.0,     0.0,     0.0,    14.0
koivusa01, 1998,     1, MTL , NHL , C  , 65.0, 14.0,  30.0,  44.0,  38.0, -7.0 ,  4.0, 15.0,  2.0,  1.0,  0.0, 0.0, 145.0,       ,      ,      ,        ,        ,        ,        ,        ,        ,        ,        ,      
koivusa01, 1999,     1, MTL , NHL , C  , 24.0,  3.0,  18.0,  21.0,  14.0, 7.0  ,  1.0,  6.0,  0.0,  1.0,  0.0, 1.0,  53.0,       ,      ,      ,        ,        ,        ,        ,        ,        ,        ,        ,      
koivusa01, 2000,     1, MTL , NHL , C  , 54.0, 17.0,  30.0,  47.0,  40.0, 2.0  ,  7.0, 10.0,  0.0,  2.0,  3.0, 2.0, 113.0,       ,      ,      ,        ,        ,        ,        ,        ,        ,        ,        ,      
koivusa01, 2001,     1, MTL , NHL , C  ,  3.0,  0.0,   2.0,   2.0,   0.0, 0.0  ,  0.0,  0.0,  0.0,  0.0,  0.0, 0.0,   2.0,   12.0,   4.0,   6.0,    10.0,     4.0, 2.0    ,     1.0,     3.0,     0.0,     0.0,     1.0,    16.0
koivusa01, 2002,     1, MTL , NHL , C  , 82.0, 21.0,  50.0,  71.0,  72.0, 5.0  ,  5.0, 17.0,  1.0,  0.0,  5.0, 0.0, 147.0,       ,      ,      ,        ,        ,        ,        ,        ,        ,        ,        ,      
koivusa01, 2003,     1, MTL , NHL , C  , 68.0, 14.0,  41.0,  55.0,  52.0, -5.0 ,  5.0, 10.0,  0.0,  0.0,  3.0, 0.0, 112.0,   11.0,   3.0,   8.0,    11.0,    10.0, 1.0    ,     2.0,     2.0,     0.0,     0.0,     0.0,    27.0
koivusa01, 2005,     1, MTL , NHL , C  , 72.0, 17.0,  45.0,  62.0,  70.0, 1.0  ,  5.0, 22.0,  0.0,  0.0,  4.0,    , 138.0,    3.0,   0.0,   2.0,     2.0,     2.0, 1.0    ,     0.0,     0.0,     0.0,     0.0,     0.0,     1.0
koivusa01, 2006,     1, MTL , NHL , C  , 81.0, 22.0,  53.0,  75.0,  74.0, -21.0, 11.0, 32.0,  1.0,  2.0,  4.0,    , 154.0,       ,      ,      ,        ,        ,        ,        ,        ,        ,        ,        ,      
koivusa01, 2007,     1, MTL , NHL , C  , 77.0, 16.0,  40.0,  56.0,  93.0, -4.0 ,  8.0, 19.0,  0.0,  2.0,  3.0,    , 150.0,    7.0,   3.0,   6.0,     9.0,     4.0, 1.0    ,     2.0,     1.0,     0.0,     0.0,     0.0,    17.0
koivusa01, 2008,     1, MTL , NHL , C  , 65.0, 16.0,  34.0,  50.0,  44.0, 4.0  ,  5.0, 12.0,  0.0,  2.0,  5.0,    , 123.0,    4.0,   0.0,   3.0,     3.0,     2.0, -1.0   ,     0.0,     0.0,     0.0,     0.0,     0.0,     6.0
koivusa01, 2009,     1, AND , NHL , C  , 71.0, 19.0,  33.0,  52.0,  36.0, 14.0 ,  5.0, 11.0,  1.0,  2.0,  6.0,    , 124.0,       ,      ,      ,        ,        ,        ,        ,        ,        ,        ,        ,      
kokkoke01, 1974,     1, CHC , WHA , D  , 33.0,  0.0,   2.0,   2.0,  69.0, -4.0 ,  0.0,     ,  0.0,     ,  0.0,    ,  47.0,       ,      ,      ,        ,        ,        ,        ,        ,        ,        ,        ,      
kokkoke01, 1975,     1, DOT , WHA , D  , 16.0,  0.0,   3.0,   3.0,  40.0, -2.0 ,     ,     ,     ,     ,     ,    ,  26.0,       ,      ,      ,        ,        ,        ,        ,        ,        ,        ,        ,      
kokkoke01, 1976,     1, BIR , WHA , D  ,  5.0,  0.0,   0.0,   0.0,  21.0, -3.0 ,  0.0,     ,  0.0,     ,  0.0,    ,   1.0,       ,      ,      ,        ,        ,        ,        ,        ,        ,        ,        ,      
kokrmji01, 1977,     1, CZE , WHA , C  ,  6.0,  1.0,   2.0,   3.0,  12.0,      ,  0.0,     ,  0.0,     ,  0.0,    ,      ,       ,      ,      ,        ,        ,        ,        ,        ,        ,        ,        ,      
kokrmji01, 1978,     1, CZE , WHA ,    ,  5.0,  0.0,   1.0,   1.0,   2.0,      ,     ,     ,     ,     ,     ,    ,      ,       ,      ,      ,        ,        ,        ,        ,        ,        ,        ,        ,      
kolankr01, 2001,     1, PHO , NHL , C  , 57.0, 11.0,  11.0,  22.0,  48.0, 6.0  ,  0.0,  1.0,  0.0,  0.0,  5.0, 0.0,  81.0,    2.0,   0.0,   0.0,     0.0,     6.0, -1.0   ,     0.0,     0.0,     0.0,     0.0,     0.0,     1.0
kolankr01, 2002,     1, PHO , NHL , C  ,  2.0,  0.0,   0.0,   0.0,   0.0, 0.0  ,  0.0,  0.0,  0.0,  0.0,  0.0, 0.0,   8.0,       ,      ,      ,        ,        ,        ,        ,        ,        ,        ,        ,      
kolankr01, 2003,     1, PHO , NHL , C  , 41.0,  4.0,   6.0,  10.0,  24.0, -9.0 ,  1.0,  3.0,  0.0,  0.0,  1.0, 1.0,  61.0,       ,      ,      ,        ,        ,        ,        ,        ,        ,        ,        ,      
kolankr01, 2005,     1, PHO , NHL , C  ,  9.0,  2.0,   1.0,   3.0,   2.0, 2.0  ,  1.0,  0.0,  0.0,  0.0,  0.0,    ,  15.0,       ,      ,      ,        ,        ,        ,        ,        ,        ,        ,        ,      
kolankr01, 2005,     2, EDM , NHL , C  ,  6.0,  0.0,   0.0,   0.0,   2.0, -1.0 ,  0.0,  0.0,  0.0,  0.0,  0.0,    ,   7.0,       ,      ,      ,        ,        ,        ,        ,        ,        ,        ,        ,      
kolankr01, 2008,     1, MIN , NHL , C  , 21.0,  3.0,   3.0,   6.0,  16.0, 3.0  ,  1.0,  1.0,  0.0,  0.0,  0.0,    ,  30.0,       ,      ,      ,        ,        ,        ,        ,        ,        ,        ,        ,      
kolarch01, 2009,     1, CBS , NHL , R  ,  2.0,  0.0,   0.0,   0.0,   0.0, -1.0 ,  0.0,  0.0,  0.0,  0.0,  0.0,    ,   2.0,       ,      ,      ,        ,        ,        ,        ,        ,        ,        ,        ,      
kolarji01, 1977,     1, CZE , WHA , C  ,  6.0,  1.0,   2.0,   3.0,   0.0,      ,  0.0,     ,  0.0,     ,  0.0,    ,      ,       ,      ,      ,        ,        ,        ,        ,        ,        ,        ,        ,      
kolarpa01, 2000,     1, BOS , NHL , D  , 10.0,  0.0,   0.0,   0.0,   4.0, -2.0 ,  0.0,  0.0,  0.0,  0.0,  0.0, 0.0,   1.0,       ,      ,      ,        ,        ,        ,        ,        ,        ,        ,        ,      
kolarpa01, 2001,     1, BOS , NHL , D  , 13.0,  0.0,   0.0,   0.0,   6.0, 0.0  ,  0.0,  0.0,  0.0,  0.0,  0.0, 0.0,   6.0,       ,      ,      ,        ,        ,        ,        ,        ,        ,        ,        ,      
kolesma01, 1995,     1, TOR , NHL , R  , 21.0,  2.0,   2.0,   4.0,  14.0, 0.0  ,  0.0,  0.0,  0.0,  0.0,  0.0, 0.0,  10.0,    3.0,   1.0,   0.0,     1.0,     2.0, 1.0    ,     0.0,     0.0,     1.0,     0.0,     0.0,     2.0
kolesma01, 1996,     1, TOR , NHL , R  ,  7.0,  0.0,   0.0,   0.0,   0.0, -3.0 ,  0.0,  0.0,  0.0,  0.0,  0.0, 0.0,   3.0,       ,      ,      ,        ,        ,        ,        ,        ,        ,        ,        ,      
kolesvi01, 2005,     1, COL , NHL , G  ,  8.0,  0.0,   1.0,   1.0,   2.0, 0.0  ,  0.0,  1.0,  0.0,  0.0,  0.0,    ,   0.0,       ,      ,      ,        ,        ,        ,        ,        ,        ,        ,        ,      
kolniju01, 2000,     1, NYI , NHL , R  , 29.0,  4.0,   3.0,   7.0,  12.0, -8.0 ,  0.0,  0.0,  0.0,  0.0,  0.0, 0.0,  38.0,       ,      ,      ,        ,        ,        ,        ,        ,        ,        ,        ,      
kolniju01, 2001,     1, NYI , NHL , R  ,  7.0,  2.0,   0.0,   2.0,   0.0, -2.0 ,  1.0,  0.0,  0.0,  0.0,  0.0, 0.0,  10.0,       ,      ,      ,        ,        ,        ,        ,        ,        ,        ,        ,      
kolniju01, 2002,     1, FLO , NHL , R  , 10.0,  0.0,   1.0,   1.0,   0.0, 1.0  ,  0.0,  0.0,  0.0,  0.0,  0.0, 0.0,  14.0,       ,      ,      ,        ,        ,        ,        ,        ,        ,        ,        ,      
kolniju01, 2003,     1, FLO , NHL , R  , 53.0, 14.0,  11.0,  25.0,  14.0, -7.0 ,  2.0,  3.0,  0.0,  1.0,  1.0, 0.0, 100.0,       ,      ,      ,        ,        ,        ,        ,        ,        ,        ,        ,      
kolniju01, 2005,     1, FLO , NHL , R  , 77.0, 15.0,  20.0,  35.0,  40.0, 1.0  ,  4.0,  1.0,  1.0,  0.0,  3.0,    , 145.0,       ,      ,      ,        ,        ,        ,        ,        ,        ,        ,        ,      
kolniju01, 2006,     1, FLO , NHL , R  , 64.0, 11.0,  14.0,  25.0,  18.0, 2.0  ,  0.0,  2.0,  0.0,  0.0,  1.0,    , 113.0,       ,      ,      ,        ,        ,        ,        ,        ,        ,        ,        ,      
kolstde01, 1988,     1, MNS , NHL , D  , 25.0,  1.0,   5.0,   6.0,  42.0, -5.0 ,  1.0,  2.0,  0.0,  0.0,  0.0, 0.0,  41.0,       ,      ,      ,        ,        ,        ,        ,        ,        ,        ,        ,      
kolstde01, 1990,     1, MNS , NHL , D  ,  5.0,  0.0,   0.0,   0.0,  15.0, -2.0 ,  0.0,  0.0,  0.0,  0.0,  0.0, 0.0,   9.0,       ,      ,      ,        ,        ,        ,        ,        ,        ,        ,        ,      
kolstde01, 1992,     1, SJS , NHL , D  , 10.0,  0.0,   2.0,   2.0,  12.0, -9.0 ,  0.0,  1.0,  0.0,  0.0,  0.0, 0.0,  22.0,       ,      ,      ,        ,        ,        ,        ,        ,        ,        ,        ,      
koltsko01, 2002,     1, PIT , NHL , R  ,  2.0,  0.0,   0.0,   0.0,   0.0, -2.0 ,  0.0,  0.0,  0.0,  0.0,  0.0, 0.0,   4.0,       ,      ,      ,        ,        ,        ,        ,        ,        ,        ,        ,      
koltsko01, 2003,     1, PIT , NHL , R  , 82.0,  9.0,  20.0,  29.0,  30.0, -30.0,  2.0,  3.0,  0.0,  0.0,  3.0, 1.0, 123.0,       ,      ,      ,        ,        ,        ,        ,        ,        ,        ,        ,      
koltsko01, 2005,     1, PIT , NHL , L  , 60.0,  3.0,   6.0,   9.0,  20.0, -10.0,  0.0,  1.0,  1.0,  1.0,  0.0,    ,  72.0,       ,      ,      ,        ,        ,        ,        ,        ,        ,        ,        ,      
kolziol01, 1989,     1, WAS , NHL , G  ,  2.0,  0.0,   0.0,   0.0,   0.0, 0.0  ,  0.0,  0.0,  0.0,  0.0,  0.0, 0.0,   0.0,       ,      ,      ,        ,        ,        ,        ,        ,        ,        ,        ,      
kolziol01, 1992,     1, WAS , NHL , G  ,  1.0,  0.0,   0.0,   0.0,   0.0, 0.0  ,  0.0,  0.0,  0.0,  0.0,  0.0, 0.0,   0.0,       ,      ,      ,        ,        ,        ,        ,        ,        ,        ,        ,      
kolziol01, 1993,     1, WAS , NHL , G  ,  7.0,  0.0,   0.0,   0.0,   0.0, 0.0  ,  0.0,  0.0,  0.0,  0.0,  0.0, 0.0,   0.0,       ,      ,      ,        ,        ,        ,        ,        ,        ,        ,        ,      
kolziol01, 1994,     1, WAS , NHL , G  , 14.0,  0.0,   0.0,   0.0,   4.0, 0.0  ,  0.0,  0.0,  0.0,  0.0,  0.0, 0.0,   0.0,    2.0,   0.0,   0.0,     0.0,     0.0, 0.0    ,     0.0,     0.0,     0.0,     0.0,     0.0,     0.0
kolziol01, 1995,     1, WAS , NHL , G  , 18.0,  0.0,   0.0,   0.0,   2.0, 0.0  ,  0.0,  0.0,  0.0,  0.0,  0.0, 0.0,   0.0,    5.0,   0.0,   0.0,     0.0,     4.0, 0.0    ,     0.0,     0.0,     0.0,     0.0,     0.0,     0.0
kolziol01, 1996,     1, WAS , NHL , G  , 29.0,  0.0,   0.0,   0.0,   4.0, 0.0  ,  0.0,  0.0,  0.0,  0.0,  0.0, 0.0,   0.0,       ,      ,      ,        ,        ,        ,        ,        ,        ,        ,        ,      
kolziol01, 1997,     1, WAS , NHL , G  , 64.0,  0.0,   1.0,   1.0,  12.0, 0.0  ,  0.0,  0.0,  0.0,  0.0,  0.0, 0.0,   0.0,   21.0,   0.0,   0.0,     0.0,     4.0, 0.0    ,     0.0,     0.0,     0.0,     0.0,     0.0,     0.0
kolziol01, 1998,     1, WAS , NHL , G  , 64.0,  0.0,   2.0,   2.0,  19.0, 0.0  ,  0.0,  0.0,  0.0,  0.0,  0.0, 0.0,   0.0,       ,      ,      ,        ,        ,        ,        ,        ,        ,        ,        ,      
kolziol01, 1999,     1, WAS , NHL , G  , 73.0,  0.0,   2.0,   2.0,   6.0, 0.0  ,  0.0,  1.0,  0.0,  0.0,  0.0, 0.0,   0.0,    5.0,   0.0,   0.0,     0.0,     0.0, 0.0    ,     0.0,     0.0,     0.0,     0.0,     0.0,     0.0
kolziol01, 2000,     1, WAS , NHL , G  , 72.0,  0.0,   2.0,   2.0,  14.0, 0.0  ,  0.0,  1.0,  0.0,  0.0,  0.0, 0.0,   0.0,    6.0,   0.0,   0.0,     0.0,     0.0, 0.0    ,     0.0,     0.0,     0.0,     0.0,     0.0,     0.0
kolziol01, 2001,     1, WAS , NHL , G  , 71.0,  0.0,   1.0,   1.0,   8.0, 0.0  ,  0.0,  0.0,  0.0,  0.0,  0.0, 0.0,   0.0,       ,      ,      ,        ,        ,        ,        ,        ,        ,        ,        ,      
kolziol01, 2002,     1, WAS , NHL , G  , 66.0,  0.0,   0.0,   0.0,   0.0, 0.0  ,  0.0,  0.0,  0.0,  0.0,  0.0, 0.0,   0.0,    6.0,   0.0,   0.0,     0.0,     4.0, 0.0    ,     0.0,     0.0,     0.0,     0.0,     0.0,     0.0
kolziol01, 2003,     1, WAS , NHL , G  , 63.0,  0.0,   1.0,   1.0,   6.0, 0.0  ,  0.0,  1.0,  0.0,  0.0,  0.0, 0.0,   0.0,       ,      ,      ,        ,        ,        ,        ,        ,        ,        ,        ,      
kolziol01, 2005,     1, WAS , NHL , G  , 59.0,  0.0,   3.0,   3.0,  14.0, 0.0  ,  0.0,  0.0,  0.0,  0.0,  0.0,    ,   0.0,       ,      ,      ,        ,        ,        ,        ,        ,        ,        ,        ,      
kolziol01, 2006,     1, WAS , NHL , G  , 54.0,  0.0,   3.0,   3.0,  10.0, 0.0  ,  0.0,  3.0,  0.0,  0.0,  0.0,    ,   0.0,       ,      ,      ,        ,        ,        ,        ,        ,        ,        ,        ,      
kolziol01, 2007,     1, WAS , NHL , G  , 54.0,  0.0,   2.0,   2.0,   8.0, 0.0  ,  0.0,  1.0,  0.0,  0.0,  0.0,    ,   0.0,       ,      ,      ,        ,        ,        ,        ,        ,        ,        ,        ,      
kolziol01, 2008,     1, TBL , NHL , G  ,  8.0,  0.0,   0.0,   0.0,   0.0, 0.0  ,  0.0,  0.0,  0.0,  0.0,  0.0,    ,   0.0,       ,      ,      ,        ,        ,        ,        ,        ,        ,        ,        ,      
komadne01, 1972,     1, LAK , NHL , D  , 62.0,  1.0,   8.0,   9.0,  67.0, -22.0,  1.0,     ,  0.0,     ,  0.0, 0.0,  47.0,       ,      ,      ,        ,        ,        ,        ,        ,        ,        ,        ,      
komadne01, 1973,     1, LAK , NHL , D  , 68.0,  2.0,   4.0,   6.0,  43.0, -4.0 ,  0.0,     ,  0.0,     ,  0.0, 0.0,  53.0,    2.0,   0.0,   0.0,     0.0,    12.0,        ,     0.0,        ,     0.0,        ,     0.0,      
komadne01, 1974,     1, LAK , NHL , D  , 75.0,  4.0,  12.0,  16.0,  69.0, 10.0 ,  3.0,     ,  0.0,     ,  0.0, 0.0,  66.0,    3.0,   0.0,   0.0,     0.0,     2.0,        ,     0.0,        ,     0.0,        ,     0.0,      
komadne01, 1975,     1, LAK , NHL , D  , 80.0,  3.0,  15.0,  18.0, 165.0, 7.0  ,  1.0,     ,  0.0,     ,  0.0, 0.0,  94.0,    9.0,   0.0,   0.0,     0.0,    18.0,        ,     0.0,        ,     0.0,        ,     0.0,      
komadne01, 1976,     1, LAK , NHL , D  , 68.0,  3.0,   9.0,  12.0, 109.0, 17.0 ,  0.0,     ,  0.0,     ,  1.0, 0.0,  76.0,    9.0,   0.0,   2.0,     2.0,    15.0,        ,     0.0,        ,     0.0,        ,     0.0,      
komadne01, 1977,     1, LAK , NHL , D  , 25.0,  0.0,   6.0,   6.0,  24.0, 9.0  ,  0.0,     ,  0.0,     ,  0.0, 0.0,  14.0,       ,      ,      ,        ,        ,        ,        ,        ,        ,        ,        ,      
komadne01, 1977,     2, STL , NHL , D  , 33.0,  2.0,   8.0,  10.0,  73.0, -29.0,  0.0,     ,  0.0,     ,  0.0, 1.0,  26.0,       ,      ,      ,        ,        ,        ,        ,        ,        ,        ,        ,      
komadne01, 1978,     1, STL , NHL , D  , 42.0,  1.0,   2.0,   3.0,  30.0, 0.0  ,  0.0,     ,  0.0,     ,  0.0, 0.0,  28.0,       ,      ,      ,        ,        ,        ,        ,        ,        ,        ,        ,      
komadne01, 1979,     1, STL , NHL , D  , 49.0,  0.0,  12.0,  12.0,  52.0, -22.0,  0.0,     ,  0.0,     ,  0.0, 0.0,  22.0,       ,      ,      ,        ,        ,        ,        ,        ,        ,        ,        ,      
komarze01, 1999,     1, VAN , NHL , D  , 18.0,  1.0,   1.0,   2.0,   8.0, -1.0 ,  0.0,  0.0,  0.0,  0.0,  0.0, 0.0,  21.0,       ,      ,      ,        ,        ,        ,        ,        ,        ,        ,        ,      
komarze01, 2002,     1, VAN , NHL , L  ,  1.0,  0.0,   0.0,   0.0,   2.0, 0.0  ,  0.0,  0.0,  0.0,  0.0,  0.0, 0.0,   0.0,       ,      ,      ,        ,        ,        ,        ,        ,        ,        ,        ,      
komarze01, 2003,     1, CBS , NHL , D  ,  2.0,  0.0,   0.0,   0.0,   0.0, 0.0  ,  0.0,  0.0,  0.0,  0.0,  0.0, 0.0,   1.0,       ,      ,      ,        ,        ,        ,        ,        ,        ,        ,        ,      
komismi01, 2002,     1, MTL , NHL , D  , 21.0,  0.0,   1.0,   1.0,  28.0, -6.0 ,  0.0,  0.0,  0.0,  0.0,  0.0, 0.0,  26.0,       ,      ,      ,        ,        ,        ,        ,        ,        ,        ,        ,      
komismi01, 2003,     1, MTL , NHL , D  , 46.0,  0.0,   4.0,   4.0,  34.0, 4.0  ,  0.0,  0.0,  0.0,  0.0,  0.0, 0.0,  40.0,    7.0,   0.0,   0.0,     0.0,     8.0, 1.0    ,     0.0,     0.0,     0.0,     0.0,     0.0,     6.0
komismi01, 2005,     1, MTL , NHL , D  , 71.0,  2.0,   4.0,   6.0, 116.0, -1.0 ,  0.0,  0.0,  0.0,  0.0,  0.0,    ,  66.0,    6.0,   0.0,   0.0,     0.0,    10.0, 2.0    ,     0.0,     0.0,     0.0,     0.0,     0.0,     8.0
komismi01, 2006,     1, MTL , NHL , D  , 82.0,  4.0,  15.0,  19.0,  96.0, 7.0  ,  0.0,  0.0,  2.0,  2.0,  1.0,    ,  78.0,       ,      ,      ,        ,        ,        ,        ,        ,        ,        ,        ,      
komismi01, 2007,     1, MTL , NHL , D  , 75.0,  4.0,  13.0,  17.0, 101.0, 9.0  ,  0.0,  0.0,  0.0,  1.0,  1.0,    ,  75.0,   12.0,   1.0,   2.0,     3.0,    18.0, 3.0    ,     0.0,     0.0,     0.0,     0.0,     1.0,    18.0
komismi01, 2008,     1, MTL , NHL , D  , 66.0,  2.0,   9.0,  11.0, 121.0, 0.0  ,  0.0,  0.0,  0.0,  2.0,  0.0,    ,  56.0,    4.0,   0.0,   0.0,     0.0,    20.0, -4.0   ,     0.0,     0.0,     0.0,     0.0,     0.0,     5.0
komismi01, 2009,     1, TOR , NHL , D  , 34.0,  0.0,   4.0,   4.0,  40.0, -9.0 ,  0.0,  0.0,  0.0,  0.0,  0.0,    ,  35.0,       ,      ,      ,        ,        ,        ,        ,        ,        ,        ,        ,      
kondrma01, 2003,     1, TOR , NHL , D  ,  7.0,  0.0,   0.0,   0.0,   2.0, 0.0  ,  0.0,  0.0,  0.0,  0.0,  0.0, 0.0,   6.0,       ,      ,      ,        ,        ,        ,        ,        ,        ,        ,        ,      
kondrma01, 2005,     1, NYR , NHL , D  , 29.0,  1.0,   2.0,   3.0,  22.0, -2.0 ,  1.0,  0.0,  0.0,  0.0,  0.0,    ,  16.0,       ,      ,      ,        ,        ,        ,        ,        ,        ,        ,        ,      
kondrma01, 2007,     1, AND , NHL , D  ,  4.0,  0.0,   0.0,   0.0,   0.0, -2.0 ,  0.0,  0.0,  0.0,  0.0,  0.0,    ,   1.0,       ,      ,      ,        ,        ,        ,        ,        ,        ,        ,        ,      
konikge01, 1967,     1, PIT , NHL , D  , 52.0,  7.0,   8.0,  15.0,  26.0, -9.0 ,  1.0,     ,  0.0,     ,  1.0, 1.0,  50.0,       ,      ,      ,        ,        ,        ,        ,        ,        ,        ,        ,      
konikge01, 1972,     1, MFS , WHA , D  , 54.0,  4.0,  12.0,  16.0,  34.0,      ,  0.0,     ,  0.0,     ,     ,    ,      ,       ,      ,      ,        ,        ,        ,        ,        ,        ,        ,        ,      
konopze01, 2005,     1, ANA , NHL , C  , 23.0,  4.0,   3.0,   7.0,  48.0, -4.0 ,  2.0,  2.0,  0.0,  0.0,  0.0,    ,  18.0,       ,      ,      ,        ,        ,        ,        ,        ,        ,        ,        ,      
konopze01, 2006,     1, CBS , NHL , C  ,  6.0,  0.0,   0.0,   0.0,  20.0, -2.0 ,  0.0,  0.0,  0.0,  0.0,  0.0,    ,   2.0,       ,      ,      ,        ,        ,        ,        ,        ,        ,        ,        ,      
konopze01, 2007,     1, CBS , NHL , C  ,  3.0,  0.0,   0.0,   0.0,  15.0, 0.0  ,  0.0,  0.0,  0.0,  0.0,  0.0,    ,   4.0,       ,      ,      ,        ,        ,        ,        ,        ,        ,        ,        ,      
konopze01, 2008,     1, TBL , NHL , C  ,  7.0,  0.0,   1.0,   1.0,  29.0, -1.0 ,  0.0,  0.0,  0.0,  0.0,  0.0,    ,   6.0,       ,      ,      ,        ,        ,        ,        ,        ,        ,        ,        ,      
konopze01, 2009,     1, TBL , NHL , C  , 74.0,  2.0,   3.0,   5.0, 265.0, -11.0,  0.0,  1.0,  0.0,  0.0,  1.0,    ,  41.0,       ,      ,      ,        ,        ,        ,        ,        ,        ,        ,        ,      
konowst01, 1991,     1, WAS , NHL , C  ,  1.0,  0.0,   0.0,   0.0,   0.0, 0.0  ,  0.0,  0.0,  0.0,  0.0,  0.0, 0.0,   1.0,       ,      ,      ,        ,        ,        ,        ,        ,        ,        ,        ,      
konowst01, 1992,     1, WAS , NHL , C  , 36.0,  4.0,   7.0,  11.0,  16.0, 4.0  ,  1.0,  0.0,  0.0,  0.0,  1.0, 0.0,  34.0,    2.0,   0.0,   1.0,     1.0,     0.0, 1.0    ,     0.0,     0.0,     0.0,     0.0,     0.0,     0.0
konowst01, 1993,     1, WAS , NHL , C  , 62.0, 12.0,  14.0,  26.0,  33.0, 9.0  ,  0.0,  4.0,  0.0,  0.0,  0.0, 0.0,  63.0,   11.0,   0.0,   1.0,     1.0,    10.0, -1.0   ,     0.0,     0.0,     0.0,     0.0,     0.0,     6.0
konowst01, 1994,     1, WAS , NHL , L  , 46.0, 11.0,  14.0,  25.0,  44.0, 7.0  ,  3.0,  0.0,  3.0,  2.0,  3.0, 0.0,  88.0,    7.0,   2.0,   5.0,     7.0,    12.0, 2.0    ,     0.0,     0.0,     1.0,     0.0,     0.0,    18.0
konowst01, 1995,     1, WAS , NHL , L  , 70.0, 23.0,  22.0,  45.0,  92.0, 13.0 ,  7.0,  6.0,  1.0,  2.0,  3.0, 0.0, 197.0,    2.0,   0.0,   2.0,     2.0,     0.0, 1.0    ,     0.0,     0.0,     0.0,     0.0,     0.0,     1.0
konowst01, 1996,     1, WAS , NHL , L  , 78.0, 17.0,  25.0,  42.0,  67.0, -3.0 ,  2.0,  5.0,  1.0,  1.0,  3.0, 1.0, 155.0,       ,      ,      ,        ,        ,        ,        ,        ,        ,        ,        ,      
konowst01, 1997,     1, WAS , NHL , L  , 80.0, 10.0,  24.0,  34.0,  80.0, 9.0  ,  2.0,  1.0,  0.0,  0.0,  2.0, 0.0, 131.0,       ,      ,      ,        ,        ,        ,        ,        ,        ,        ,        ,      
konowst01, 1998,     1, WAS , NHL , C  , 45.0, 12.0,  12.0,  24.0,  26.0, 0.0  ,  4.0,  5.0,  1.0,  0.0,  2.0, 0.0,  98.0,       ,      ,      ,        ,        ,        ,        ,        ,        ,        ,        ,      
konowst01, 1999,     1, WAS , NHL , L  , 82.0, 16.0,  27.0,  43.0,  80.0, 19.0 ,  3.0,  3.0,  0.0,  0.0,  1.0, 0.0, 146.0,    5.0,   1.0,   0.0,     1.0,     2.0, 0.0    ,     0.0,     0.0,     1.0,     0.0,     0.0,    13.0
konowst01, 2000,     1, WAS , NHL , L  , 82.0, 24.0,  23.0,  47.0,  87.0, 8.0  ,  6.0,  5.0,  0.0,  0.0,  5.0, 0.0, 163.0,    6.0,   2.0,   3.0,     5.0,    14.0, -1.0   ,     2.0,     1.0,     0.0,     0.0,     0.0,     9.0
konowst01, 2001,     1, WAS , NHL , L  , 28.0,  2.0,  12.0,  14.0,  23.0, -2.0 ,  0.0,  0.0,  0.0,  0.0,  0.0, 0.0,  36.0,       ,      ,      ,        ,        ,        ,        ,        ,        ,        ,        ,      
konowst01, 2002,     1, WAS , NHL , L  , 77.0, 15.0,  15.0,  30.0,  71.0, 3.0  ,  2.0,  0.0,  0.0,  1.0,  3.0, 0.0, 119.0,    6.0,   0.0,   0.0,     0.0,     6.0, -3.0   ,     0.0,     0.0,     0.0,     0.0,     0.0,     5.0
konowst01, 2003,     1, WAS , NHL , L  ,  6.0,  0.0,   1.0,   1.0,   0.0, -5.0 ,  0.0,  0.0,  0.0,  0.0,  0.0, 0.0,   7.0,       ,      ,      ,        ,        ,        ,        ,        ,        ,        ,        ,      
konowst01, 2003,     2, COL , NHL , L  , 76.0, 19.0,  20.0,  39.0,  70.0, 2.0  ,  3.0,  6.0,  0.0,  0.0,  3.0, 1.0, 145.0,   11.0,   4.0,   0.0,     4.0,    12.0, -4.0   ,     4.0,     0.0,     0.0,     0.0,     1.0,    25.0
konowst01, 2005,     1, COL , NHL , L  , 21.0,  6.0,   9.0,  15.0,  14.0, 5.0  ,  1.0,  2.0,  2.0,  1.0,  0.0,    ,  39.0,    2.0,   0.0,   0.0,     0.0,     4.0, -1.0   ,     0.0,     0.0,     0.0,     0.0,     0.0,     1.0
konrost01, 1980,     1, CAL , NHL , D  ,  4.0,  0.0,   0.0,   0.0,   4.0, 0.0  ,  0.0,     ,  0.0,     ,  0.0, 0.0,   0.0,       ,      ,      ,        ,        ,        ,        ,        ,        ,        ,        ,      
konrost01, 1981,     1, CAL , NHL , D  , 63.0,  3.0,  14.0,  17.0,  78.0, -6.0 ,  0.0,     ,  0.0,     ,  1.0, 0.0,  57.0,    3.0,   0.0,   0.0,     0.0,    12.0,        ,     0.0,        ,     0.0,        ,     0.0,      
konrost01, 1982,     1, CAL , NHL , D  , 79.0,  4.0,  13.0,  17.0,  73.0, 3.0  ,  0.0,     ,  0.0,     ,  0.0, 0.0,  80.0,    9.0,   2.0,   1.0,     3.0,    18.0,        ,     0.0,        ,     0.0,        ,     0.0,      
konrost01, 1983,     1, CAL , NHL , D  , 80.0,  1.0,  13.0,  14.0,  94.0, -8.0 ,  0.0,     ,  1.0,     ,  0.0, 0.0,  94.0,    8.0,   1.0,   2.0,     3.0,     8.0, 0.0    ,     0.0,        ,     0.0,        ,     0.0,     5.0
konrost01, 1984,     1, CAL , NHL , D  , 64.0,  3.0,  23.0,  26.0,  73.0, 12.0 ,  0.0,     ,  0.0,     ,  0.0, 0.0, 121.0,    4.0,   1.0,   4.0,     5.0,     2.0, 1.0    ,     0.0,        ,     1.0,        ,     0.0,    15.0
konrost01, 1985,     1, CAL , NHL , D  , 59.0,  7.0,  20.0,  27.0,  64.0, 20.0 ,  1.0,     ,  0.0,     ,  1.0, 0.0, 111.0,       ,      ,      ,        ,        ,        ,        ,        ,        ,        ,        ,      
konrost01, 1985,     2, NYI , NHL , D  , 14.0,  0.0,   5.0,   5.0,  16.0, 4.0  ,  0.0,     ,  0.0,     ,  0.0, 0.0,  13.0,    3.0,   0.0,   0.0,     0.0,     6.0, -1.0   ,     0.0,        ,     0.0,        ,     0.0,     3.0
konrost01, 1986,     1, NYI , NHL , D  , 72.0,  5.0,  16.0,  21.0,  70.0, -4.0 ,  3.0,     ,  0.0,     ,  0.0, 0.0, 119.0,   14.0,   1.0,   4.0,     5.0,    10.0, 4.0    ,     0.0,        ,     0.0,        ,     0.0,    25.0
konrost01, 1987,     1, NYI , NHL , D  , 62.0,  2.0,  15.0,  17.0,  99.0, 16.0 ,  1.0,  6.0,  0.0,  1.0,  0.0, 0.0, 105.0,    6.0,   1.0,   0.0,     1.0,     4.0, 3.0    ,     0.0,     0.0,     1.0,     0.0,     0.0,     7.0
konrost01, 1988,     1, NYI , NHL , D  , 21.0,  1.0,   5.0,   6.0,   2.0, -5.0 ,  0.0,     ,  0.0,     ,  0.0, 0.0,  30.0,       ,      ,      ,        ,        ,        ,        ,        ,        ,        ,        ,      
konrost01, 1988,     2, CHI , NHL , D  , 57.0,  5.0,   7.0,  12.0,  40.0, -11.0,  0.0,     ,  0.0,     ,  1.0, 0.0, 102.0,   16.0,   2.0,   0.0,     2.0,    10.0, 1.0    ,     0.0,     0.0,     1.0,     0.0,     0.0,    19.0
konrost01, 1989,     1, CHI , NHL , D  , 75.0,  3.0,  14.0,  17.0,  34.0, 6.0  ,  1.0,  0.0,  0.0,  1.0,  0.0, 0.0,  93.0,   20.0,   1.0,   3.0,     4.0,    19.0, 6.0    ,     0.0,     0.0,     0.0,     1.0,     0.0,    19.0
konrost01, 1990,     1, CHI , NHL , D  , 70.0,  0.0,  12.0,  12.0,  40.0, 11.0 ,  0.0,  0.0,  0.0,  2.0,  0.0, 0.0,  93.0,    6.0,   1.0,   0.0,     1.0,     8.0, 1.0    ,     0.0,     0.0,     0.0,     0.0,     0.0,     5.0
konrost01, 1991,     1, CHI , NHL , D  , 49.0,  2.0,  14.0,  16.0,  65.0, 4.0  ,  0.0,  2.0,  0.0,  1.0,  0.0, 0.0,  70.0,       ,      ,      ,        ,        ,        ,        ,        ,        ,        ,        ,      
konrost01, 1991,     2, HAR , NHL , D  , 33.0,  2.0,  10.0,  12.0,  32.0, -5.0 ,  1.0,  3.0,  0.0,  0.0,  0.0, 0.0,  56.0,    7.0,   0.0,   1.0,     1.0,     2.0, -1.0   ,     0.0,     1.0,     0.0,     0.0,     0.0,    16.0
konrost01, 1992,     1, HAR , NHL , D  , 59.0,  3.0,  11.0,  14.0,  63.0, -16.0,  0.0,  2.0,  0.0,  1.0,  0.0, 0.0,  62.0,       ,      ,      ,        ,        ,        ,        ,        ,        ,        ,        ,      
konrost01, 1992,     2, DET , NHL , D  ,  6.0,  0.0,   1.0,   1.0,   4.0, 1.0  ,  0.0,  0.0,  0.0,  0.0,  0.0, 0.0,   4.0,    1.0,   0.0,   0.0,     0.0,     0.0, -1.0   ,     0.0,     0.0,     0.0,     0.0,     0.0,     0.0
konrost01, 1993,     1, DET , NHL , D  , 19.0,  0.0,   0.0,   0.0,  10.0, 1.0  ,  0.0,  0.0,  0.0,  0.0,  0.0, 0.0,  12.0,       ,      ,      ,        ,        ,        ,        ,        ,        ,        ,        ,      
konrost01, 1993,     2, OTT , NHL , D  ,  8.0,  0.0,   2.0,   2.0,   2.0, -4.0 ,  0.0,  0.0,  0.0,  0.0,  0.0, 0.0,   9.0,       ,      ,      ,        ,        ,        ,        ,        ,        ,        ,        ,      
konrost01, 1994,     1, CAL , NHL , D  ,  1.0,  0.0,   0.0,   0.0,   0.0, 0.0  ,  0.0,  0.0,  0.0,  0.0,  0.0, 0.0,   0.0,       ,      ,      ,        ,        ,        ,        ,        ,        ,        ,        ,      
konstev01, 2000,     1, TBL , NHL , G  ,  1.0,  0.0,   0.0,   0.0,   0.0, 0.0  ,  0.0,  0.0,  0.0,  0.0,  0.0, 0.0,   0.0,       ,      ,      ,        ,        ,        ,        ,        ,        ,        ,        ,      
konstev01, 2002,     1, TBL , NHL , G  ,  1.0,  0.0,   0.0,   0.0,   2.0, 0.0  ,  0.0,  0.0,  0.0,  0.0,  0.0, 0.0,   0.0,       ,      ,      ,        ,        ,        ,        ,        ,        ,        ,        ,      
konstvl01, 1991,     1, DET , NHL , D  , 79.0,  8.0,  26.0,  34.0, 172.0, 25.0 ,  1.0,  1.0,  0.0,  2.0,  2.0, 0.0, 108.0,   11.0,   0.0,   1.0,     1.0,    16.0, 5.0    ,     0.0,     0.0,     0.0,     0.0,     0.0,    10.0
konstvl01, 1992,     1, DET , NHL , D  , 82.0,  5.0,  17.0,  22.0, 137.0, 22.0 ,  0.0,  1.0,  0.0,  0.0,  0.0, 0.0,  85.0,    7.0,   0.0,   1.0,     1.0,     8.0, -1.0   ,     0.0,     0.0,     0.0,     0.0,     0.0,     5.0
konstvl01, 1993,     1, DET , NHL , D  , 80.0, 12.0,  21.0,  33.0, 138.0, 30.0 ,  1.0,  3.0,  3.0,  0.0,  3.0, 0.0,  97.0,    7.0,   0.0,   2.0,     2.0,     4.0, 3.0    ,     0.0,     0.0,     0.0,     0.0,     0.0,     4.0
konstvl01, 1994,     1, DET , NHL , D  , 47.0,  3.0,  11.0,  14.0, 101.0, 10.0 ,  0.0,  0.0,  0.0,  0.0,  0.0, 0.0,  57.0,   18.0,   1.0,   1.0,     2.0,    22.0, 6.0    ,     0.0,     1.0,     0.0,     0.0,     1.0,    25.0
konstvl01, 1995,     1, DET , NHL , D  , 81.0, 14.0,  20.0,  34.0, 139.0, 60.0 ,  3.0,  5.0,  1.0,  0.0,  3.0, 0.0, 168.0,   19.0,   4.0,   5.0,     9.0,    28.0, 4.0    ,     0.0,     1.0,     1.0,     0.0,     0.0,    41.0
konstvl01, 1996,     1, DET , NHL , D  , 77.0,  5.0,  33.0,  38.0, 151.0, 38.0 ,  0.0,  7.0,  0.0,  2.0,  0.0, 0.0, 141.0,   20.0,   0.0,   4.0,     4.0,    29.0, -1.0   ,     0.0,     2.0,     0.0,     0.0,     0.0,    29.0
kontipe01, 2007,     1, CHI , NHL , C  , 12.0,  0.0,   5.0,   5.0,   6.0, 5.0  ,  0.0,  0.0,  0.0,  0.0,  0.0,    ,  13.0,       ,      ,      ,        ,        ,        ,        ,        ,        ,        ,        ,      
kontoch01, 1982,     1, NYR , NHL , C  , 44.0,  8.0,   7.0,  15.0,  33.0, 1.0  ,  0.0,     ,  0.0,     ,  0.0, 0.0,  63.0,       ,      ,      ,        ,        ,        ,        ,        ,        ,        ,        ,      
kontoch01, 1983,     1, NYR , NHL , C  ,  6.0,  0.0,   1.0,   1.0,   8.0, 0.0  ,  0.0,     ,  0.0,     ,  0.0, 0.0,   1.0,       ,      ,      ,        ,        ,        ,        ,        ,        ,        ,        ,      
kontoch01, 1984,     1, NYR , NHL , L  , 28.0,  4.0,   8.0,  12.0,  24.0, -12.0,  1.0,     ,  0.0,     ,  0.0, 0.0,  50.0,       ,      ,      ,        ,        ,        ,        ,        ,        ,        ,        ,      
kontoch01, 1986,     1, PIT , NHL , L  , 31.0,  8.0,   9.0,  17.0,   6.0, -6.0 ,  1.0,     ,  0.0,     ,  1.0, 0.0,  38.0,       ,      ,      ,        ,        ,        ,        ,        ,        ,        ,        ,      
kontoch01, 1987,     1, PIT , NHL , C  , 36.0,  1.0,   7.0,   8.0,  12.0, -3.0 ,  0.0,     ,  0.0,  0.0,  0.0, 0.0,  17.0,       ,      ,      ,        ,        ,        ,        ,        ,        ,        ,        ,      
kontoch01, 1987,     2, LAK , NHL , C  ,  6.0,  2.0,  10.0,  12.0,   2.0, 1.0  ,  1.0,     ,  0.0,  0.0,  0.0, 0.0,  19.0,    4.0,   1.0,   0.0,     1.0,     4.0, -3.0   ,     0.0,     0.0,     0.0,     0.0,     0.0,     1.0
kontoch01, 1988,     1, LAK , NHL , L  ,  7.0,  2.0,   1.0,   3.0,   2.0, 2.0  ,  1.0,  0.0,  0.0,  0.0,  0.0, 0.0,   9.0,   11.0,   9.0,   0.0,     9.0,     8.0, -3.0   ,     6.0,     0.0,     0.0,     0.0,     1.0,    31.0
kontoch01, 1989,     1, LAK , NHL , L  ,  6.0,  2.0,   2.0,   4.0,   4.0, 3.0  ,  0.0,  1.0,  0.0,  0.0,  0.0, 0.0,   9.0,    5.0,   1.0,   0.0,     1.0,     0.0, -6.0   ,     1.0,     0.0,     0.0,     0.0,     0.0,     8.0
kontoch01, 1992,     1, TBL , NHL , R  , 66.0, 27.0,  24.0,  51.0,  12.0, -7.0 , 12.0,  8.0,  1.0,  0.0,  3.0, 0.0, 136.0,       ,      ,      ,        ,        ,        ,        ,        ,        ,        ,        ,      
kopakru01, 1943,     1, BOS , NHL , C  , 24.0,  7.0,   9.0,  16.0,   0.0,      ,     ,     ,     ,     ,     ,    ,      ,       ,      ,      ,        ,        ,        ,        ,        ,        ,        ,        ,      
kopecto01, 2005,     1, DET , NHL , C  ,  1.0,  0.0,   0.0,   0.0,   2.0, 1.0  ,  0.0,  0.0,  0.0,  0.0,  0.0,    ,   1.0,       ,      ,      ,        ,        ,        ,        ,        ,        ,        ,        ,      
kopecto01, 2006,     1, DET , NHL , R  , 26.0,  1.0,   0.0,   1.0,  22.0, -2.0 ,  0.0,  0.0,  0.0,  0.0,  0.0,    ,  27.0,    4.0,   0.0,   0.0,     0.0,     6.0, -1.0   ,     0.0,     0.0,     0.0,     0.0,     0.0,     2.0
kopecto01, 2007,     1, DET , NHL , R  , 77.0,  5.0,   7.0,  12.0,  43.0, 2.0  ,  0.0,  0.0,  0.0,  0.0,  1.0,    ,  87.0,       ,      ,      ,        ,        ,        ,        ,        ,        ,        ,        ,      
kopecto01, 2008,     1, DET , NHL , R  , 79.0,  6.0,  13.0,  19.0,  46.0, -7.0 ,  1.0,  2.0,  1.0,  0.0,  2.0,    , 110.0,    8.0,   0.0,   1.0,     1.0,     7.0, 0.0    ,     0.0,     0.0,     0.0,     0.0,     0.0,    13.0
kopecto01, 2009,     1, CHI , NHL , R  , 74.0, 10.0,  11.0,  21.0,  28.0, 0.0  ,  1.0,  1.0,  0.0,  0.0,  2.0,    ,  95.0,   17.0,   4.0,   2.0,     6.0,     8.0, 2.0    ,     1.0,     0.0,     0.0,     0.0,     1.0,    28.0
kopitan01, 2006,     1, LAK , NHL , C  , 72.0, 20.0,  41.0,  61.0,  24.0, -12.0,  7.0, 22.0,  2.0,  0.0,  1.0,    , 193.0,       ,      ,      ,        ,        ,        ,        ,        ,        ,        ,        ,      
kopitan01, 2007,     1, LAK , NHL , C  , 82.0, 32.0,  45.0,  77.0,  22.0, -15.0, 12.0, 22.0,  2.0,  2.0,  3.0,    , 201.0,       ,      ,      ,        ,        ,        ,        ,        ,        ,        ,        ,      
kopitan01, 2008,     1, LAK , NHL , C  , 82.0, 27.0,  39.0,  66.0,  32.0, -17.0,  7.0, 16.0,  1.0,  0.0,  3.0,    , 234.0,       ,      ,      ,        ,        ,        ,        ,        ,        ,        ,        ,      
kopitan01, 2009,     1, LAK , NHL , C  , 82.0, 34.0,  47.0,  81.0,  16.0, 6.0  , 14.0, 24.0,  1.0,  0.0,  2.0,    , 259.0,    6.0,   2.0,   3.0,     5.0,     2.0, -1.0   ,     1.0,     1.0,     0.0,     0.0,     1.0,    18.0
korabje01, 1970,     1, CHI , NHL , D  , 46.0,  4.0,  14.0,  18.0, 152.0, 14.0 ,  1.0,     ,  0.0,     ,  1.0, 0.0,  97.0,    7.0,   1.0,   0.0,     1.0,    20.0,        ,     0.0,        ,     0.0,        ,     0.0,      
korabje01, 1971,     1, CHI , NHL , D  , 73.0,  9.0,   5.0,  14.0,  95.0, 1.0  ,  2.0,     ,  0.0,     ,  1.0, 1.0,  97.0,    8.0,   0.0,   1.0,     1.0,    20.0,        ,     0.0,        ,     0.0,        ,     0.0,      
korabje01, 1972,     1, CHI , NHL , D  , 77.0, 12.0,  15.0,  27.0,  94.0, 5.0  ,  0.0,     ,  1.0,     ,  1.0, 0.0, 127.0,   15.0,   0.0,   0.0,     0.0,    22.0,        ,     0.0,        ,     0.0,        ,     0.0,      
korabje01, 1973,     1, VAN , NHL , D  , 31.0,  4.0,   7.0,  11.0,  64.0, -21.0,  3.0,     ,  0.0,     ,  0.0, 0.0,  75.0,       ,      ,      ,        ,        ,        ,        ,        ,        ,        ,        ,      
korabje01, 1973,     2, BUF , NHL , D  , 45.0,  6.0,  12.0,  18.0,  73.0, -23.0,  2.0,     ,  0.0,     ,  0.0, 0.0, 106.0,       ,      ,      ,        ,        ,        ,        ,        ,        ,        ,        ,      
korabje01, 1974,     1, BUF , NHL , D  , 79.0, 12.0,  44.0,  56.0, 184.0, 41.0 ,  3.0,     ,  2.0,     ,  1.0, 0.0, 218.0,   16.0,   3.0,   2.0,     5.0,    32.0,        ,     1.0,        ,     0.0,        ,     0.0,      
korabje01, 1975,     1, BUF , NHL , D  , 65.0, 13.0,  28.0,  41.0,  85.0, 18.0 ,  3.0,     ,  0.0,     ,  1.0, 1.0, 146.0,    9.0,   1.0,   3.0,     4.0,    12.0,        ,     0.0,        ,     0.0,        ,     0.0,      
korabje01, 1976,     1, BUF , NHL , D  , 77.0, 14.0,  33.0,  47.0, 120.0, 22.0 ,  4.0,     ,  0.0,     ,  1.0, 1.0, 185.0,    6.0,   2.0,   4.0,     6.0,     8.0,        ,     1.0,        ,     0.0,        ,     1.0,      
korabje01, 1977,     1, BUF , NHL , D  , 77.0,  7.0,  34.0,  41.0, 119.0, 19.0 ,  3.0,     ,  0.0,     ,  2.0, 0.0, 204.0,    8.0,   0.0,   5.0,     5.0,     6.0,        ,     0.0,        ,     0.0,        ,     0.0,      
korabje01, 1978,     1, BUF , NHL , D  , 78.0, 11.0,  40.0,  51.0, 104.0, 5.0  ,  8.0,     ,  1.0,     ,  0.0, 2.0, 204.0,    3.0,   1.0,   0.0,     1.0,     4.0,        ,     0.0,        ,     0.0,        ,     0.0,      
korabje01, 1979,     1, BUF , NHL , D  , 43.0,  1.0,  10.0,  11.0,  74.0, 0.0  ,  0.0,     ,  0.0,     ,  1.0, 0.0,  55.0,       ,      ,      ,        ,        ,        ,        ,        ,        ,        ,        ,      
korabje01, 1979,     2, LAK , NHL , D  , 11.0,  1.0,   2.0,   3.0,  34.0, -3.0 ,  0.0,     ,  0.0,     ,  0.0, 0.0,  30.0,    3.0,   0.0,   1.0,     1.0,    11.0,        ,     0.0,        ,     0.0,        ,     0.0,      
korabje01, 1980,     1, LAK , NHL , D  , 78.0,  9.0,  43.0,  52.0, 139.0, 10.0 ,  3.0,     ,  0.0,     ,  2.0, 0.0, 120.0,    4.0,   0.0,   0.0,     0.0,    33.0,        ,     0.0,        ,     0.0,        ,     0.0,      
korabje01, 1981,     1, LAK , NHL , D  , 50.0,  5.0,  13.0,  18.0,  91.0, -19.0,  3.0,     ,  0.0,     ,  0.0, 0.0,  71.0,   10.0,   0.0,   2.0,     2.0,    26.0,        ,     0.0,        ,     0.0,        ,     0.0,      
korabje01, 1982,     1, LAK , NHL , D  , 72.0,  3.0,  26.0,  29.0,  90.0, -6.0 ,  1.0,     ,  0.0,     ,  0.0, 0.0, 132.0,       ,      ,      ,        ,        ,        ,        ,        ,        ,        ,        ,      
korabje01, 1983,     1, BUF , NHL , D  , 48.0,  2.0,   9.0,  11.0,  82.0, 4.0  ,  1.0,     ,  0.0,     ,  1.0, 0.0,  41.0,    3.0,   0.0,   0.0,     0.0,     5.0, -1.0   ,     0.0,        ,     0.0,        ,     0.0,     2.0
korabje01, 1984,     1, BUF , NHL , D  , 25.0,  1.0,   6.0,   7.0,  29.0, -9.0 ,  0.0,     ,  0.0,     ,  1.0, 0.0,  30.0,    1.0,   0.0,   0.0,     0.0,     2.0, -1.0   ,     0.0,        ,     0.0,        ,     0.0,     0.0
kordida01, 1991,     1, PHI , NHL , D  , 46.0,  1.0,   3.0,   4.0, 126.0, 1.0  ,  0.0,  0.0,  0.0,  0.0,  0.0, 0.0,  27.0,       ,      ,      ,        ,        ,        ,        ,        ,        ,        ,        ,      
kordida01, 1993,     1, PHI , NHL , D  ,  4.0,  0.0,   0.0,   0.0,   5.0, 0.0  ,  0.0,  0.0,  0.0,  0.0,  0.0, 0.0,   0.0,       ,      ,      ,        ,        ,        ,        ,        ,        ,        ,        ,      
kordida01, 1995,     1, PHI , NHL , D  ,  9.0,  1.0,   0.0,   1.0,  31.0, 1.0  ,  0.0,  0.0,  0.0,  0.0,  0.0, 0.0,   2.0,       ,      ,      ,        ,        ,        ,        ,        ,        ,        ,        ,      
kordida01, 1996,     1, PHI , NHL , L  , 75.0,  1.0,   4.0,   5.0, 210.0, -1.0 ,  0.0,  0.0,  0.0,  0.0,  0.0, 0.0,  21.0,   12.0,   1.0,   0.0,     1.0,    22.0, 1.0    ,     0.0,     0.0,     0.0,     0.0,     0.0,     3.0
kordida01, 1997,     1, PHI , NHL , L  , 61.0,  1.0,   1.0,   2.0, 210.0, -4.0 ,  0.0,  0.0,  0.0,  0.0,  0.0, 0.0,  12.0,       ,      ,      ,        ,        ,        ,        ,        ,        ,        ,        ,      
kordida01, 1998,     1, PHI , NHL , L  ,  2.0,  0.0,   0.0,   0.0,   2.0, -1.0 ,  0.0,  0.0,  0.0,  0.0,  0.0, 0.0,   0.0,       ,      ,      ,        ,        ,        ,        ,        ,        ,        ,        ,      
kordijo01, 1985,     1, MTL , NHL , D  ,  5.0,  0.0,   1.0,   1.0,  12.0, 1.0  ,  0.0,     ,  0.0,     ,  0.0, 0.0,   0.0,   18.0,   0.0,   0.0,     0.0,    53.0, -2.0   ,     0.0,        ,     0.0,        ,     0.0,     5.0
kordijo01, 1986,     1, MTL , NHL , R  , 44.0,  5.0,   3.0,   8.0, 151.0, -7.0 ,  0.0,     ,  0.0,     ,  0.0, 0.0,  32.0,   11.0,   2.0,   0.0,     2.0,    19.0, 1.0    ,     0.0,        ,     0.0,        ,     1.0,     3.0
kordijo01, 1987,     1, MTL , NHL , R  , 60.0,  2.0,   6.0,   8.0, 159.0, 0.0  ,  0.0,  0.0,  0.0,  0.0,  0.0, 0.0,  17.0,    7.0,   2.0,   2.0,     4.0,    26.0, 1.0    ,     0.0,     0.0,     0.0,     0.0,     0.0,     5.0
kordijo01, 1988,     1, MTL , NHL , R  ,  6.0,  0.0,   0.0,   0.0,  13.0, -1.0 ,  0.0,  0.0,  0.0,  0.0,  0.0, 0.0,   2.0,       ,      ,      ,        ,        ,        ,        ,        ,        ,        ,        ,      
kordijo01, 1988,     2, TOR , NHL , R  , 46.0,  1.0,   2.0,   3.0, 185.0, -13.0,  0.0,  0.0,  0.0,  0.0,  0.0, 0.0,  33.0,       ,      ,      ,        ,        ,        ,        ,        ,        ,        ,        ,      
kordijo01, 1989,     1, TOR , NHL , R  , 55.0,  9.0,   4.0,  13.0, 252.0, -8.0 ,  3.0,  0.0,  0.0,  0.0,  0.0, 0.0,  48.0,    5.0,   0.0,   1.0,     1.0,    33.0, -1.0   ,     0.0,     0.0,     0.0,     0.0,     0.0,     2.0
kordijo01, 1990,     1, TOR , NHL , R  ,  3.0,  0.0,   0.0,   0.0,   9.0, 0.0  ,  0.0,  0.0,  0.0,  0.0,  0.0, 0.0,   1.0,       ,      ,      ,        ,        ,        ,        ,        ,        ,        ,        ,      
kordijo01, 1990,     2, WAS , NHL , R  ,  7.0,  0.0,   0.0,   0.0, 101.0, 1.0  ,  0.0,  0.0,  0.0,  0.0,  0.0, 0.0,   0.0,       ,      ,      ,        ,        ,        ,        ,        ,        ,        ,        ,      
kordijo01, 1991,     1, QUE , NHL , R  , 18.0,  0.0,   2.0,   2.0, 115.0, -3.0 ,  0.0,  0.0,  0.0,  0.0,  0.0, 0.0,   3.0,       ,      ,      ,        ,        ,        ,        ,        ,        ,        ,        ,      
kornemi01, 1973,     1, DET , NHL , R  ,  2.0,  0.0,   0.0,   0.0,   0.0, -3.0 ,  0.0,     ,  0.0,     ,  0.0, 0.0,   1.0,       ,      ,      ,        ,        ,        ,        ,        ,        ,        ,        ,      
kornemi01, 1974,     1, DET , NHL , R  , 30.0,  8.0,   2.0,  10.0,  18.0, -9.0 ,  2.0,     ,  0.0,     ,  1.0, 0.0,  50.0,       ,      ,      ,        ,        ,        ,        ,        ,        ,        ,        ,      
kornemi01, 1975,     1, DET , NHL , R  , 27.0,  1.0,   7.0,   8.0,  23.0, -8.0 ,  0.0,     ,  0.0,     ,  0.0, 0.0,  21.0,       ,      ,      ,        ,        ,        ,        ,        ,        ,        ,        ,      
kornemi01, 1978,     1, NYR , NHL , R  , 18.0,  0.0,   1.0,   1.0,  18.0, 4.0  ,  0.0,     ,  0.0,     ,  0.0, 0.0,  20.0,       ,      ,      ,        ,        ,        ,        ,        ,        ,        ,        ,      
kornji01 , 1979,     1, DET , NHL , D  , 63.0,  5.0,  13.0,  18.0, 108.0, -4.0 ,  1.0,     ,  0.0,     ,  1.0, 0.0,  58.0,       ,      ,      ,        ,        ,        ,        ,        ,        ,        ,        ,      
kornji01 , 1980,     1, DET , NHL , D  , 63.0,  5.0,  15.0,  20.0, 246.0, -5.0 ,  1.0,     ,  1.0,     ,  1.0, 0.0,  82.0,       ,      ,      ,        ,        ,        ,        ,        ,        ,        ,        ,      
kornji01 , 1981,     1, DET , NHL , D  , 59.0,  1.0,   7.0,   8.0, 104.0, -19.0,  0.0,     ,  0.0,     ,  0.0, 1.0,  41.0,       ,      ,      ,        ,        ,        ,        ,        ,        ,        ,        ,      
kornji01 , 1981,     2, TOR , NHL , D  , 11.0,  1.0,   3.0,   4.0,  44.0, 1.0  ,  0.0,     ,  0.0,     ,  0.0, 0.0,  10.0,       ,      ,      ,        ,        ,        ,        ,        ,        ,        ,        ,      
kornji01 , 1982,     1, TOR , NHL , D  , 80.0,  8.0,  21.0,  29.0, 236.0, -27.0,  0.0,     ,  3.0,     ,  1.0, 1.0, 101.0,    3.0,   0.0,   0.0,     0.0,    26.0,        ,     0.0,        ,     0.0,        ,     0.0,      
kornji01 , 1983,     1, TOR , NHL , D/L, 65.0, 12.0,  14.0,  26.0, 257.0, -33.0,  0.0,     ,  0.0,     ,  1.0, 1.0,  94.0,       ,      ,      ,        ,        ,        ,        ,        ,        ,        ,        ,      
kornji01 , 1984,     1, TOR , NHL , R  , 41.0,  5.0,   5.0,  10.0, 171.0, -17.0,  2.0,     ,  0.0,     ,  0.0, 0.0,  48.0,       ,      ,      ,        ,        ,        ,        ,        ,        ,        ,        ,      
kornji01 , 1986,     1, BUF , NHL , D  , 52.0,  4.0,  10.0,  14.0, 158.0, -3.0 ,  0.0,     ,  0.0,     ,  0.0, 0.0,  35.0,       ,      ,      ,        ,        ,        ,        ,        ,        ,        ,        ,      
kornji01 , 1987,     1, NJD , NHL , L  , 52.0,  8.0,  13.0,  21.0, 140.0, -22.0,  3.0,  4.0,  0.0,  0.0,  0.0, 0.0,  49.0,    9.0,   0.0,   2.0,     2.0,    71.0, 2.0    ,     0.0,     0.0,     0.0,     0.0,     0.0,     2.0
kornji01 , 1988,     1, NJD , NHL , L  , 65.0, 15.0,  16.0,  31.0, 212.0, -3.0 ,  4.0,  3.0,  0.0,  0.0,  3.0, 1.0,  65.0,       ,      ,      ,        ,        ,        ,        ,        ,        ,        ,        ,      
kornji01 , 1989,     1, NJD , NHL , L  , 37.0,  2.0,   3.0,   5.0,  99.0, 0.0  ,  0.0,  0.0,  0.0,  0.0,  0.0, 0.0,  18.0,       ,      ,      ,        ,        ,        ,        ,        ,        ,        ,        ,      
kornji01 , 1989,     2, CAL , NHL , L  ,  9.0,  0.0,   2.0,   2.0,  26.0, 0.0  ,  0.0,  0.0,  0.0,  0.0,  0.0, 0.0,   3.0,    4.0,   1.0,   0.0,     1.0,    12.0, 0.0    ,     0.0,     0.0,     0.0,     0.0,     0.0,     2.0
korolal01, 1997,     1, SJS , NHL , C  , 19.0,  2.0,   3.0,   5.0,   6.0, -5.0 ,  1.0,  0.0,  0.0,  0.0,  0.0, 0.0,  23.0,       ,      ,      ,        ,        ,        ,        ,        ,        ,        ,        ,      
korolal01, 1998,     1, SJS , NHL , R  , 55.0, 12.0,  18.0,  30.0,  26.0, 3.0  ,  2.0,  5.0,  0.0,  0.0,  0.0, 1.0,  96.0,    6.0,   1.0,   3.0,     4.0,     2.0, -3.0   ,     0.0,     2.0,     0.0,     0.0,     1.0,     7.0
korolal01, 1999,     1, SJS , NHL , L  , 57.0, 14.0,  21.0,  35.0,  35.0, 4.0  ,  3.0,  6.0,  0.0,  0.0,  1.0, 1.0, 124.0,    9.0,   0.0,   3.0,     3.0,     6.0, 1.0    ,     0.0,     1.0,     0.0,     0.0,     0.0,    13.0
korolal01, 2000,     1, SJS , NHL , R  , 70.0, 12.0,  13.0,  25.0,  41.0, 2.0  ,  3.0,  2.0,  0.0,  0.0,  1.0, 0.0, 140.0,    2.0,   0.0,   0.0,     0.0,     0.0, 0.0    ,     0.0,     0.0,     0.0,     0.0,     0.0,     0.0
korolal01, 2001,     1, SJS , NHL , L  , 32.0,  3.0,   7.0,  10.0,  14.0, 2.0  ,  0.0,  1.0,  0.0,  0.0,  1.0, 0.0,  49.0,       ,      ,      ,        ,        ,        ,        ,        ,        ,        ,        ,      
korolal01, 2003,     1, SJS , NHL , L  , 63.0, 19.0,  18.0,  37.0,  18.0, 20.0 ,  4.0,  2.0,  0.0,  0.0,  2.0, 0.0, 108.0,   17.0,   5.0,   2.0,     7.0,    10.0, 0.0    ,     2.0,     1.0,     0.0,     0.0,     1.0,    42.0
korolcl01, 1969,     1, CHI , NHL , R  , 73.0, 18.0,  19.0,  37.0,  44.0, 15.0 ,  0.0,     ,  0.0,     ,  3.0, 1.0, 160.0,    8.0,   1.0,   4.0,     5.0,     9.0,        ,     0.0,        ,     0.0,        ,     0.0,      
korolcl01, 1970,     1, CHI , NHL , R  , 72.0, 16.0,  34.0,  50.0,  85.0, 28.0 ,  4.0,     ,  0.0,     ,  3.0, 1.0, 124.0,   18.0,   7.0,   9.0,    16.0,    18.0,        ,     3.0,        ,     0.0,        ,     1.0,      
korolcl01, 1971,     1, CHI , NHL , R  , 76.0, 22.0,  23.0,  45.0,  51.0, 20.0 ,  4.0,     ,  0.0,     ,  6.0, 0.0, 136.0,    8.0,   0.0,   0.0,     0.0,    11.0,        ,     0.0,        ,     0.0,        ,     0.0,      
korolcl01, 1972,     1, CHI , NHL , R  , 77.0, 33.0,  24.0,  57.0,  38.0, 17.0 ,  6.0,     ,  1.0,     ,  6.0, 1.0, 151.0,   16.0,   4.0,   6.0,    10.0,     6.0,        ,     0.0,        ,     0.0,        ,     0.0,      
korolcl01, 1973,     1, CHI , NHL , R  , 78.0, 21.0,  25.0,  46.0,  32.0, 27.0 ,  7.0,     ,  0.0,     ,  3.0, 2.0, 151.0,   11.0,   2.0,   5.0,     7.0,    13.0,        ,     1.0,        ,     0.0,        ,     0.0,      
korolcl01, 1974,     1, CHI , NHL , R  , 80.0, 27.0,  32.0,  59.0,  27.0, 20.0 , 11.0,     ,  0.0,     ,  9.0, 2.0, 164.0,    8.0,   3.0,   5.0,     8.0,     8.0,        ,     2.0,        ,     0.0,        ,     0.0,      
korolcl01, 1975,     1, CHI , NHL , R  , 80.0, 25.0,  33.0,  58.0,  29.0, 6.0  , 11.0,     ,  1.0,     ,  2.0, 4.0, 185.0,    4.0,   1.0,   0.0,     1.0,     0.0,        ,     1.0,        ,     0.0,        ,     0.0,      
korolcl01, 1976,     1, CHI , NHL , R  , 80.0, 15.0,  26.0,  41.0,  25.0, -25.0,  8.0,     ,  1.0,     ,  1.0, 1.0, 138.0,    2.0,   0.0,   0.0,     0.0,     0.0,        ,     0.0,        ,     0.0,        ,     0.0,      
korolcl01, 1977,     1, CHI , NHL , R  , 73.0, 16.0,  15.0,  31.0,  19.0, 8.0  ,  1.0,     ,  0.0,     ,  4.0, 0.0, 100.0,    4.0,   1.0,   0.0,     1.0,     0.0,        ,     0.0,        ,     0.0,        ,     0.0,      
korolcl01, 1978,     1, CHI , NHL , R  , 78.0, 12.0,  19.0,  31.0,  20.0, 3.0  ,  1.0,     ,  2.0,     ,  2.0, 0.0, 109.0,    4.0,   0.0,   0.0,     0.0,     0.0,        ,     0.0,        ,     0.0,        ,     0.0,      
korolcl01, 1979,     1, CHI , NHL , R  , 47.0,  3.0,   4.0,   7.0,   6.0, -10.0,  0.0,     ,  0.0,     ,  0.0, 0.0,  40.0,    2.0,   0.0,   0.0,     0.0,     2.0,        ,     0.0,        ,     0.0,        ,     0.0,      
korolev01, 1999,     1, NYI , NHL , D  , 17.0,  1.0,   2.0,   3.0,   8.0, -10.0,  0.0,  1.0,  0.0,  0.0,  0.0, 0.0,   7.0,       ,      ,      ,        ,        ,        ,        ,        ,        ,        ,        ,      
korolev01, 2000,     1, NYI , NHL , D  ,  8.0,  0.0,   0.0,   0.0,   6.0, 0.0  ,  0.0,  0.0,  0.0,  0.0,  0.0, 0.0,  11.0,       ,      ,      ,        ,        ,        ,        ,        ,        ,        ,        ,      
korolev01, 2001,     1, NYI , NHL , D  , 17.0,  0.0,   2.0,   2.0,   6.0, 0.0  ,  0.0,  0.0,  0.0,  0.0,  0.0, 0.0,   9.0,    2.0,   0.0,   0.0,     0.0,     0.0, 0.0    ,     0.0,     0.0,     0.0,     0.0,     0.0,     0.0
korolig01, 1992,     1, STL , NHL , R  , 74.0,  4.0,  23.0,  27.0,  20.0, -1.0 ,  2.0,  3.0,  0.0,  0.0,  0.0, 0.0,  76.0,    3.0,   0.0,   0.0,     0.0,     0.0, -1.0   ,     0.0,     0.0,     0.0,     0.0,     0.0,     0.0
korolig01, 1993,     1, STL , NHL , R  , 73.0,  6.0,  10.0,  16.0,  40.0, -12.0,  0.0,  0.0,  0.0,  0.0,  1.0, 0.0,  93.0,    2.0,   0.0,   0.0,     0.0,     0.0, -2.0   ,     0.0,     0.0,     0.0,     0.0,     0.0,     4.0
korolig01, 1994,     1, WIN , NHL , L  , 45.0,  8.0,  22.0,  30.0,  10.0, 1.0  ,  1.0,  4.0,  0.0,  0.0,  1.0, 0.0,  85.0,       ,      ,      ,        ,        ,        ,        ,        ,        ,        ,        ,      
korolig01, 1995,     1, WIN , NHL , R  , 73.0, 22.0,  29.0,  51.0,  42.0, 1.0  ,  8.0,  7.0,  0.0,  0.0,  5.0, 1.0, 165.0,    6.0,   0.0,   3.0,     3.0,     0.0, -2.0   ,     0.0,     0.0,     0.0,     0.0,     0.0,     4.0
korolig01, 1996,     1, PHO , NHL , R  , 41.0,  3.0,   7.0,  10.0,  28.0, -5.0 ,  2.0,  1.0,  0.0,  0.0,  0.0, 0.0,  41.0,    1.0,   0.0,   0.0,     0.0,     0.0, 0.0    ,     0.0,     0.0,     0.0,     0.0,     0.0,     1.0
korolig01, 1997,     1, TOR , NHL , R  , 78.0, 17.0,  22.0,  39.0,  22.0, -18.0,  6.0,  6.0,  3.0,  0.0,  5.0, 0.0,  97.0,       ,      ,      ,        ,        ,        ,        ,        ,        ,        ,        ,      
korolig01, 1998,     1, TOR , NHL , R  , 66.0, 13.0,  34.0,  47.0,  46.0, 11.0 ,  1.0,  9.0,  0.0,  0.0,  2.0, 0.0,  99.0,    1.0,   0.0,   0.0,     0.0,     0.0, 0.0    ,     0.0,     0.0,     0.0,     0.0,     0.0,     0.0
korolig01, 1999,     1, TOR , NHL , R  , 80.0, 20.0,  26.0,  46.0,  22.0, 12.0 ,  5.0,  6.0,  3.0,  2.0,  4.0, 1.0, 101.0,   12.0,   0.0,   4.0,     4.0,     6.0, -1.0   ,     0.0,     0.0,     0.0,     0.0,     0.0,    13.0
korolig01, 2000,     1, TOR , NHL , R  , 73.0, 10.0,  19.0,  29.0,  28.0, 3.0  ,  2.0,  1.0,  0.0,  0.0,  0.0, 0.0,  78.0,   11.0,   0.0,   0.0,     0.0,     0.0, -3.0   ,     0.0,     0.0,     0.0,     0.0,     0.0,     4.0
korolig01, 2001,     1, CHI , NHL , C  , 82.0,  9.0,  20.0,  29.0,  20.0, -5.0 ,  0.0,  3.0,  1.0,  1.0,  1.0, 0.0,  78.0,    5.0,   0.0,   1.0,     1.0,     0.0, -3.0   ,     0.0,     0.0,     0.0,     0.0,     0.0,     3.0
korolig01, 2002,     1, CHI , NHL , C  , 48.0,  4.0,   5.0,   9.0,  30.0, -1.0 ,  1.0,  0.0,  0.0,  0.0,  1.0, 0.0,  32.0,       ,      ,      ,        ,        ,        ,        ,        ,        ,        ,        ,      
korolig01, 2003,     1, CHI , NHL , C  , 62.0,  3.0,  10.0,  13.0,  22.0, -15.0,  0.0,  1.0,  0.0,  1.0,  1.0, 0.0,  38.0,       ,      ,      ,        ,        ,        ,        ,        ,        ,        ,        ,      
korotse01, 1977,     1, SOV , WHA , D  ,  6.0,  0.0,   0.0,   0.0,   4.0,      ,     ,     ,     ,     ,     ,    ,      ,       ,      ,      ,        ,        ,        ,        ,        ,        ,        ,        ,      
korpila01, 2007,     1, NYR , NHL , L  ,     ,     ,      ,      ,      ,      ,     ,     ,     ,     ,     ,    ,      ,    1.0,   1.0,   0.0,     1.0,     0.0, 1.0    ,     0.0,     0.0,     0.0,     0.0,     0.0,     2.0
korpila01, 2008,     1, NYR , NHL , L  , 68.0,  6.0,   8.0,  14.0,  14.0, -10.0,  0.0,  0.0,  0.0,  0.0,  1.0,    ,  63.0,    7.0,   0.0,   2.0,     2.0,     0.0, 0.0    ,     0.0,     0.0,     0.0,     0.0,     0.0,     5.0
korpila01, 2009,     1, PHO , NHL , L  , 71.0,  5.0,   6.0,  11.0,  16.0, -10.0,  0.0,  0.0,  0.0,  0.0,  1.0,    ,  68.0,    7.0,   1.0,   0.0,     1.0,     2.0, -4.0   ,     0.0,     0.0,     1.0,     0.0,     0.0,     4.0
kortkro01, 1984,     1, NYI , NHL , C  , 27.0,  2.0,   9.0,  11.0,   9.0, -3.0 ,  1.0,     ,  0.0,     ,  0.0, 0.0,  20.0,   10.0,   0.0,   3.0,     3.0,    17.0, 0.0    ,     0.0,        ,     0.0,        ,     0.0,    11.0
kortkro01, 1985,     1, NYI , NHL , C  , 52.0,  5.0,   8.0,  13.0,  19.0, -11.0,  0.0,     ,  0.0,     ,  1.0, 0.0,  49.0,       ,      ,      ,        ,        ,        ,        ,        ,        ,        ,        ,      
koskiju01, 1978,     1, FIN , WHA ,    ,  1.0,  0.0,   1.0,   1.0,   0.0,      ,  0.0,     ,  0.0,     ,  0.0,    ,      ,       ,      ,      ,        ,        ,        ,        ,        ,        ,        ,        ,      
kostian01, 2005,     1, MTL , NHL , R  , 12.0,  2.0,   1.0,   3.0,   2.0, 1.0  ,  0.0,  0.0,  0.0,  0.0,  0.0,    ,   9.0,       ,      ,      ,        ,        ,        ,        ,        ,        ,        ,        ,      
kostian01, 2006,     1, MTL , NHL , L  , 22.0,  1.0,  10.0,  11.0,   6.0, 3.0  ,  0.0,  1.0,  0.0,  0.0,  0.0,    ,  38.0,       ,      ,      ,        ,        ,        ,        ,        ,        ,        ,        ,      
kostian01, 2007,     1, MTL , NHL , L  , 78.0, 26.0,  27.0,  53.0,  29.0, 15.0 , 12.0,  4.0,  0.0,  0.0,  5.0,    , 156.0,   12.0,   5.0,   3.0,     8.0,     2.0, -4.0   ,     1.0,     2.0,     0.0,     0.0,     1.0,    25.0
kostian01, 2008,     1, MTL , NHL , L  , 74.0, 23.0,  18.0,  41.0,  50.0, -7.0 ,  6.0,  9.0,  0.0,  0.0,  2.0,    , 169.0,    4.0,   1.0,   0.0,     1.0,     2.0, -2.0   ,     0.0,     0.0,     0.0,     0.0,     0.0,     9.0
kostian01, 2009,     1, MTL , NHL , L  , 59.0, 15.0,  18.0,  33.0,  32.0, 1.0  ,  6.0,  3.0,  0.0,  0.0,  2.0,    , 136.0,   19.0,   3.0,   5.0,     8.0,    12.0, -1.0   ,     1.0,     1.0,     0.0,     0.0,     0.0,    29.0
kostise01, 2007,     1, MTL , NHL , L  , 52.0,  9.0,  18.0,  27.0,  51.0, 9.0  ,  3.0,  2.0,  1.0,  0.0,  0.0,    ,  49.0,   12.0,   3.0,   5.0,     8.0,    14.0, 5.0    ,     0.0,     1.0,     0.0,     0.0,     0.0,    22.0
kostise01, 2008,     1, MTL , NHL , L  , 56.0,  8.0,  15.0,  23.0,  64.0, -3.0 ,  5.0,  5.0,  0.0,  0.0,  1.0,    ,  74.0,    1.0,   0.0,   0.0,     0.0,     2.0, 0.0    ,     0.0,     0.0,     0.0,     0.0,     0.0,     1.0
kostise01, 2009,     1, MTL , NHL , L  , 47.0,  7.0,  11.0,  18.0,   8.0, 4.0  ,  0.0,  0.0,  0.0,  0.0,  2.0,    ,  59.0,    5.0,   0.0,   0.0,     0.0,     0.0, 0.0    ,     0.0,     0.0,     0.0,     0.0,     0.0,     5.0
kostoto01, 2001,     1, PIT , NHL , R  , 11.0,  1.0,   2.0,   3.0,   9.0, -1.0 ,  0.0,  0.0,  0.0,  0.0,  0.0, 0.0,   8.0,       ,      ,      ,        ,        ,        ,        ,        ,        ,        ,        ,      
kostoto01, 2002,     1, PIT , NHL , R  ,  8.0,  0.0,   1.0,   1.0,   0.0, -4.0 ,  0.0,  1.0,  0.0,  0.0,  0.0, 0.0,   6.0,       ,      ,      ,        ,        ,        ,        ,        ,        ,        ,        ,      
kostoto01, 2003,     1, PIT , NHL , R  , 60.0,  9.0,  13.0,  22.0,  67.0, -14.0,  2.0,  3.0,  1.0,  0.0,  1.0, 0.0, 101.0,       ,      ,      ,        ,        ,        ,        ,        ,        ,        ,        ,      
kostoto01, 2005,     1, LAK , NHL , R  , 76.0,  8.0,  14.0,  22.0, 100.0, -8.0 ,  0.0,  0.0,  0.0,  1.0,  1.0,    ,  74.0,       ,      ,      ,        ,        ,        ,        ,        ,        ,        ,        ,      
kostoto01, 2006,     1, LAK , NHL , R  , 76.0,  7.0,  15.0,  22.0,  73.0, -2.0 ,  0.0,  0.0,  0.0,  1.0,  0.0,    ,  90.0,       ,      ,      ,        ,        ,        ,        ,        ,        ,        ,        ,      
kostoto01, 2007,     1, MTL , NHL , R  , 67.0,  7.0,   6.0,  13.0, 113.0, -3.0 ,  0.0,  0.0,  3.0,  0.0,  1.0,    ,  98.0,   12.0,   3.0,   1.0,     4.0,     6.0, -1.0   ,     0.0,     0.0,     0.0,     0.0,     1.0,    24.0
kostoto01, 2008,     1, MTL , NHL , R  , 78.0,  8.0,  14.0,  22.0, 106.0, -1.0 ,  0.0,  0.0,  1.0,  1.0,  0.0,    , 121.0,    4.0,   0.0,   1.0,     1.0,     4.0, -1.0   ,     0.0,     0.0,     0.0,     0.0,     0.0,     5.0
kostoto01, 2009,     1, CAR , NHL , R  , 82.0,  8.0,  13.0,  21.0, 106.0, 4.0  ,  0.0,  0.0,  2.0,  1.0,  0.0,    , 103.0,       ,      ,      ,        ,        ,        ,        ,        ,        ,        ,        ,      
kostyal01, 1977,     1, SOV , WHA , R  ,  6.0,  0.0,   0.0,   0.0,   0.0,      ,     ,     ,     ,     ,     ,    ,      ,       ,      ,      ,        ,        ,        ,        ,        ,        ,        ,        ,      
kostydo01, 1983,     1, BOS , NHL , C  ,  9.0,  3.0,   1.0,   4.0,   2.0, 2.0  ,  0.0,     ,  0.0,     ,  0.0, 0.0,   8.0,       ,      ,      ,        ,        ,        ,        ,        ,        ,        ,        ,      
kostydo01, 1984,     1, BOS , NHL , C  ,  6.0,  0.0,   0.0,   0.0,   2.0, 0.0  ,  0.0,     ,  0.0,     ,  0.0, 0.0,   4.0,       ,      ,      ,        ,        ,        ,        ,        ,        ,        ,        ,      
kotalal01, 2001,     1, BUF , NHL , R  , 13.0,  1.0,   3.0,   4.0,   2.0, -1.0 ,  0.0,  0.0,  0.0,  0.0,  0.0, 0.0,  21.0,       ,      ,      ,        ,        ,        ,        ,        ,        ,        ,        ,      
kotalal01, 2002,     1, BUF , NHL , R  , 68.0, 21.0,  14.0,  35.0,  30.0, -2.0 ,  4.0,  3.0,  0.0,  0.0,  2.0, 2.0, 138.0,       ,      ,      ,        ,        ,        ,        ,        ,        ,        ,        ,      
kotalal01, 2003,     1, BUF , NHL , L  , 62.0, 15.0,  11.0,  26.0,  41.0, -1.0 ,  2.0,  1.0,  0.0,  0.0,  3.0, 0.0, 142.0,       ,      ,      ,        ,        ,        ,        ,        ,        ,        ,        ,      
kotalal01, 2005,     1, BUF , NHL , R  , 82.0, 25.0,  37.0,  62.0,  62.0, -3.0 , 10.0, 18.0,  0.0,  0.0,  5.0,    , 261.0,   18.0,   4.0,   7.0,    11.0,     8.0, 4.0    ,     0.0,     5.0,     0.0,     0.0,     3.0,    51.0
kotalal01, 2006,     1, BUF , NHL , R  , 66.0, 16.0,  22.0,  38.0,  46.0, -5.0 ,  3.0,  8.0,  0.0,  0.0,  4.0,    , 162.0,   16.0,   2.0,   2.0,     4.0,     8.0, -3.0   ,     0.0,     0.0,     0.0,     0.0,     0.0,    34.0
kotalal01, 2007,     1, BUF , NHL , R  , 79.0, 23.0,  20.0,  43.0,  58.0, -5.0 , 12.0, 12.0,  0.0,  0.0,  1.0,    , 207.0,       ,      ,      ,        ,        ,        ,        ,        ,        ,        ,        ,      
kotalal01, 2008,     1, BUF , NHL , R  , 56.0, 13.0,  19.0,  32.0,  28.0, -7.0 ,  8.0, 10.0,  0.0,  0.0,  1.0,    , 153.0,       ,      ,      ,        ,        ,        ,        ,        ,        ,        ,        ,      
kotalal01, 2008,     2, EDM , NHL , R  , 19.0,  7.0,   4.0,  11.0,   6.0, 2.0  ,  1.0,  2.0,  0.0,  0.0,  0.0,    ,  55.0,       ,      ,      ,        ,        ,        ,        ,        ,        ,        ,        ,      
kotalal01, 2009,     1, NYR , NHL , R  , 45.0,  8.0,  14.0,  22.0,  38.0, -18.0,  4.0, 12.0,  0.0,  0.0,  3.0,    , 100.0,       ,      ,      ,        ,        ,        ,        ,        ,        ,        ,        ,      
kotalal01, 2009,     2, CAL , NHL , R  , 26.0,  3.0,   2.0,   5.0,  29.0, 1.0  ,  1.0,  0.0,  0.0,  0.0,  1.0,    ,  72.0,       ,      ,      ,        ,        ,        ,        ,        ,        ,        ,        ,      
kotandi01, 1948,     1, NYR , NHL , D  ,  1.0,  0.0,   0.0,   0.0,   0.0,      ,     ,     ,     ,     ,     ,    ,      ,       ,      ,      ,        ,        ,        ,        ,        ,        ,        ,        ,      
kotandi01, 1950,     1, NYR , NHL , D  ,  1.0,  0.0,   0.0,   0.0,   0.0,      ,     ,     ,     ,     ,     ,    ,      ,       ,      ,      ,        ,        ,        ,        ,        ,        ,        ,        ,      
kotsoch01, 1980,     1, NYR , NHL , D  , 54.0,  4.0,  12.0,  16.0, 153.0, -10.0,  0.0,     ,  0.0,     ,  0.0, 0.0, 104.0,   14.0,   0.0,   3.0,     3.0,    63.0,        ,     0.0,        ,     0.0,        ,     0.0,      
kotsoch01, 1981,     1, HAR , NHL , D  , 68.0, 13.0,  20.0,  33.0, 147.0, -25.0,  5.0,     ,  0.0,     ,  1.0, 1.0, 153.0,       ,      ,      ,        ,        ,        ,        ,        ,        ,        ,        ,      
kotsoch01, 1982,     1, HAR , NHL , D  , 68.0,  6.0,  24.0,  30.0, 125.0, -21.0,  3.0,     ,  0.0,     ,  0.0, 0.0, 122.0,       ,      ,      ,        ,        ,        ,        ,        ,        ,        ,        ,      
kotsoch01, 1983,     1, HAR , NHL , D  , 72.0,  5.0,  13.0,  18.0, 118.0, -2.0 ,  3.0,     ,  0.0,     ,  0.0, 0.0,  96.0,       ,      ,      ,        ,        ,        ,        ,        ,        ,        ,        ,      
kotsoch01, 1984,     1, HAR , NHL , D  , 33.0,  5.0,   3.0,   8.0,  53.0, 2.0  ,  1.0,     ,  0.0,     ,  0.0, 0.0,  39.0,       ,      ,      ,        ,        ,        ,        ,        ,        ,        ,        ,      
kotsoch01, 1985,     1, TOR , NHL , D  , 61.0,  6.0,  11.0,  17.0,  83.0, -5.0 ,  0.0,     ,  0.0,     ,  0.0, 0.0,  69.0,   10.0,   1.0,   0.0,     1.0,    14.0, -4.0   ,     0.0,        ,     0.0,        ,     0.0,     7.0
kotsoch01, 1986,     1, TOR , NHL , D  , 43.0,  2.0,  10.0,  12.0,  75.0, 8.0  ,  0.0,     ,  0.0,     ,  0.0, 0.0,  43.0,    7.0,   0.0,   0.0,     0.0,    14.0, 0.0    ,     0.0,        ,     0.0,        ,     0.0,     6.0
kotsoch01, 1987,     1, TOR , NHL , D  , 21.0,  2.0,   2.0,   4.0,  19.0, -3.0 ,  0.0,  0.0,  0.0,  0.0,  0.0, 0.0,  22.0,       ,      ,      ,        ,        ,        ,        ,        ,        ,        ,        ,      
kotsoch01, 1988,     1, TOR , NHL , D  , 57.0,  1.0,  14.0,  15.0,  44.0, -4.0 ,  0.0,  9.0,  0.0,  1.0,  0.0, 0.0,  66.0,       ,      ,      ,        ,        ,        ,        ,        ,        ,        ,        ,      
kotsoch01, 1989,     1, DET , NHL , D  ,  2.0,  0.0,   0.0,   0.0,  10.0, -1.0 ,  0.0,  0.0,  0.0,  0.0,  0.0, 0.0,   0.0,       ,      ,      ,        ,        ,        ,        ,        ,        ,        ,        ,      
kovalal01, 1992,     1, NYR , NHL , R  , 65.0, 20.0,  18.0,  38.0,  79.0, -10.0,  3.0,  5.0,  0.0,  0.0,  3.0, 1.0, 134.0,       ,      ,      ,        ,        ,        ,        ,        ,        ,        ,        ,      
kovalal01, 1993,     1, NYR , NHL , C  , 76.0, 23.0,  33.0,  56.0, 154.0, 18.0 ,  7.0,  6.0,  0.0,  0.0,  3.0, 0.0, 184.0,   23.0,   9.0,  12.0,    21.0,    18.0, 5.0    ,     5.0,     4.0,     0.0,     0.0,     2.0,    71.0
kovalal01, 1994,     1, NYR , NHL , C  , 48.0, 13.0,  15.0,  28.0,  30.0, -6.0 ,  1.0,  5.0,  1.0,  0.0,  1.0, 0.0, 103.0,   10.0,   4.0,   7.0,    11.0,    10.0, 2.0    ,     0.0,     2.0,     0.0,     0.0,     0.0,    23.0
kovalal01, 1995,     1, NYR , NHL , R  , 81.0, 24.0,  34.0,  58.0,  98.0, 5.0  ,  8.0, 10.0,  1.0,  0.0,  7.0, 0.0, 206.0,   11.0,   3.0,   4.0,     7.0,    14.0, 0.0    ,     0.0,     2.0,     0.0,     0.0,     1.0,    31.0
kovalal01, 1996,     1, NYR , NHL , R  , 45.0, 13.0,  22.0,  35.0,  42.0, 11.0 ,  1.0,  8.0,  0.0,  0.0,  0.0, 0.0, 110.0,       ,      ,      ,        ,        ,        ,        ,        ,        ,        ,        ,      
kovalal01, 1997,     1, NYR , NHL , L  , 73.0, 23.0,  30.0,  53.0,  44.0, -22.0,  8.0, 14.0,  0.0,  0.0,  3.0, 1.0, 173.0,       ,      ,      ,        ,        ,        ,        ,        ,        ,        ,        ,      
kovalal01, 1998,     1, NYR , NHL , R  , 14.0,  3.0,   4.0,   7.0,  12.0, -6.0 ,  1.0,  2.0,  0.0,  0.0,  1.0, 0.0,  35.0,       ,      ,      ,        ,        ,        ,        ,        ,        ,        ,        ,      
kovalal01, 1998,     2, PIT , NHL , R  , 63.0, 20.0,  26.0,  46.0,  37.0, 8.0  ,  5.0,  7.0,  1.0,  0.0,  4.0, 0.0, 156.0,   10.0,   5.0,   7.0,    12.0,    14.0, 0.0    ,     0.0,     2.0,     0.0,     0.0,     1.0,    24.0
kovalal01, 1999,     1, PIT , NHL , R  , 82.0, 26.0,  40.0,  66.0,  94.0, -3.0 ,  9.0, 17.0,  2.0,  3.0,  4.0, 1.0, 254.0,   11.0,   1.0,   5.0,     6.0,    10.0, -1.0   ,     0.0,     1.0,     0.0,     0.0,     0.0,    37.0
kovalal01, 2000,     1, PIT , NHL , R  , 79.0, 44.0,  51.0,  95.0,  96.0, 12.0 , 12.0, 25.0,  2.0,  1.0,  9.0, 1.0, 307.0,   18.0,   5.0,   5.0,    10.0,    16.0, -2.0   ,     1.0,     1.0,     0.0,     0.0,     0.0,    44.0
kovalal01, 2001,     1, PIT , NHL , R  , 67.0, 32.0,  44.0,  76.0,  80.0, 2.0  ,  8.0, 14.0,  1.0,  0.0,  3.0, 2.0, 266.0,       ,      ,      ,        ,        ,        ,        ,        ,        ,        ,        ,      
kovalal01, 2002,     1, PIT , NHL , R  , 54.0, 27.0,  37.0,  64.0,  50.0, -11.0,  8.0, 21.0,  0.0,  0.0,  1.0, 0.0, 212.0,       ,      ,      ,        ,        ,        ,        ,        ,        ,        ,        ,      
kovalal01, 2002,     2, NYR , NHL , R  , 24.0, 10.0,   3.0,  13.0,  20.0, 2.0  ,  3.0,  0.0,  0.0,  0.0,  2.0, 1.0,  59.0,       ,      ,      ,        ,        ,        ,        ,        ,        ,        ,        ,      
kovalal01, 2003,     1, NYR , NHL , R  , 66.0, 13.0,  29.0,  42.0,  54.0, -5.0 ,  3.0,  8.0,  0.0,  1.0,  0.0, 1.0, 178.0,       ,      ,      ,        ,        ,        ,        ,        ,        ,        ,        ,      
kovalal01, 2003,     2, MTL , NHL , R  , 12.0,  1.0,   2.0,   3.0,  12.0, -4.0 ,  0.0,  1.0,  0.0,  0.0,  1.0, 0.0,  29.0,   11.0,   6.0,   4.0,    10.0,     8.0, 2.0    ,     1.0,     2.0,     0.0,     0.0,     1.0,    29.0
kovalal01, 2005,     1, MTL , NHL , R  , 69.0, 23.0,  42.0,  65.0,  76.0, -1.0 ,  9.0, 24.0,  0.0,  0.0,  5.0,    , 206.0,    6.0,   4.0,   3.0,     7.0,     4.0, 3.0    ,     1.0,     1.0,     0.0,     0.0,     0.0,    15.0
kovalal01, 2006,     1, MTL , NHL , R  , 73.0, 18.0,  29.0,  47.0,  78.0, -19.0,  8.0, 14.0,  0.0,  1.0,  5.0,    , 197.0,       ,      ,      ,        ,        ,        ,        ,        ,        ,        ,        ,      
kovalal01, 2007,     1, MTL , NHL , R  , 82.0, 35.0,  49.0,  84.0,  70.0, 18.0 , 17.0, 30.0,  0.0,  2.0,  5.0,    , 230.0,   12.0,   5.0,   6.0,    11.0,     8.0, -4.0   ,     2.0,     2.0,     1.0,     0.0,     1.0,    39.0
kovalal01, 2008,     1, MTL , NHL , R  , 78.0, 26.0,  39.0,  65.0,  74.0, -5.0 , 11.0, 21.0,  1.0,  1.0,  4.0,    , 209.0,    4.0,   2.0,   1.0,     3.0,     2.0, 0.0    ,     0.0,     0.0,     0.0,     0.0,     0.0,    12.0
kovalal01, 2009,     1, OTT , NHL , R  , 77.0, 18.0,  31.0,  49.0,  54.0, -8.0 ,  4.0, 10.0,  0.0,  0.0,  5.0,    , 165.0,       ,      ,      ,        ,        ,        ,        ,        ,        ,        ,        ,      
kovalan01, 1992,     1, QUE , NHL , R  , 81.0, 27.0,  41.0,  68.0,  57.0, 13.0 ,  8.0,  6.0,  1.0,  1.0,  4.0, 0.0, 153.0,    4.0,   1.0,   0.0,     1.0,     2.0, -5.0   ,     0.0,     0.0,     0.0,     0.0,     0.0,     8.0
kovalan01, 1993,     1, QUE , NHL , R  , 58.0, 16.0,  17.0,  33.0,  46.0, -5.0 ,  5.0,  6.0,  0.0,  0.0,  4.0, 0.0,  92.0,       ,      ,      ,        ,        ,        ,        ,        ,        ,        ,        ,      
kovalan01, 1994,     1, QUE , NHL , R  , 45.0, 14.0,  10.0,  24.0,  31.0, -4.0 ,  1.0,  3.0,  0.0,  0.0,  3.0, 0.0,  63.0,    6.0,   0.0,   1.0,     1.0,     2.0, -3.0   ,     0.0,     0.0,     0.0,     0.0,     0.0,     6.0
kovalan01, 1995,     1, COL , NHL , L  , 26.0, 11.0,  11.0,  22.0,  16.0, 11.0 ,  3.0,  3.0,  0.0,  0.0,  3.0, 0.0,  46.0,       ,      ,      ,        ,        ,        ,        ,        ,        ,        ,        ,      
kovalan01, 1995,     2, MTL , NHL , L  , 51.0, 17.0,  17.0,  34.0,  33.0, 9.0  ,  3.0,  5.0,  0.0,  0.0,  3.0, 1.0,  85.0,    6.0,   0.0,   0.0,     0.0,     6.0, -2.0   ,     0.0,     0.0,     0.0,     0.0,     0.0,     9.0
kovalan01, 1996,     1, EDM , NHL , R  , 74.0, 32.0,  27.0,  59.0,  81.0, -5.0 , 14.0, 11.0,  0.0,  0.0,  2.0, 0.0, 163.0,   12.0,   4.0,   3.0,     7.0,     6.0, 1.0    ,     3.0,     1.0,     0.0,     0.0,     0.0,    35.0
kovalan01, 1997,     1, EDM , NHL , R  , 59.0,  6.0,  17.0,  23.0,  28.0, -14.0,  1.0,  9.0,  0.0,  0.0,  2.0, 1.0,  89.0,    1.0,   0.0,   0.0,     0.0,     2.0, 0.0    ,     0.0,     0.0,     0.0,     0.0,     0.0,     2.0
kovalan01, 1998,     1, EDM , NHL , R  , 43.0, 13.0,  14.0,  27.0,  30.0, -4.0 ,  2.0,  8.0,  0.0,  0.0,  3.0, 1.0,  75.0,       ,      ,      ,        ,        ,        ,        ,        ,        ,        ,        ,      
kovalan01, 1998,     2, PHI , NHL , R  , 13.0,  0.0,   1.0,   1.0,   2.0, -5.0 ,  0.0,  1.0,  0.0,  0.0,  0.0, 0.0,   8.0,       ,      ,      ,        ,        ,        ,        ,        ,        ,        ,        ,      
kovalan01, 1998,     3, CAR , NHL , R  , 18.0,  6.0,   6.0,  12.0,   0.0, 3.0  ,  1.0,  1.0,  0.0,  0.0,  1.0, 0.0,  21.0,    4.0,   0.0,   2.0,     2.0,     2.0, 1.0    ,     0.0,     0.0,     0.0,     0.0,     0.0,     3.0
kovalan01, 1999,     1, CAR , NHL , R  , 76.0, 15.0,  24.0,  39.0,  38.0, -13.0,  2.0,  6.0,  0.0,  0.0,  3.0, 0.0, 114.0,       ,      ,      ,        ,        ,        ,        ,        ,        ,        ,        ,      
kovalan01, 2000,     1, BOS , NHL , R  , 76.0, 16.0,  21.0,  37.0,  27.0, -14.0,  7.0,  3.0,  1.0,  0.0,  3.0, 1.0, 119.0,       ,      ,      ,        ,        ,        ,        ,        ,        ,        ,        ,      
kovalil01, 2001,     1, ATL , NHL , L  , 65.0, 29.0,  22.0,  51.0,  28.0, -19.0,  7.0,  8.0,  0.0,  0.0,  4.0, 1.0, 184.0,       ,      ,      ,        ,        ,        ,        ,        ,        ,        ,        ,      
kovalil01, 2002,     1, ATL , NHL , L  , 81.0, 38.0,  29.0,  67.0,  57.0, -24.0,  9.0, 13.0,  0.0,  0.0,  3.0, 0.0, 257.0,       ,      ,      ,        ,        ,        ,        ,        ,        ,        ,        ,      
kovalil01, 2003,     1, ATL , NHL , L  , 81.0, 41.0,  46.0,  87.0,  63.0, -10.0, 16.0, 17.0,  1.0,  1.0,  6.0, 0.0, 341.0,       ,      ,      ,        ,        ,        ,        ,        ,        ,        ,        ,      
kovalil01, 2005,     1, ATL , NHL , L  , 78.0, 52.0,  46.0,  98.0,  68.0, -6.0 , 27.0, 29.0,  0.0,  1.0,  7.0,    , 323.0,       ,      ,      ,        ,        ,        ,        ,        ,        ,        ,        ,      
kovalil01, 2006,     1, ATL , NHL , L  , 82.0, 42.0,  34.0,  76.0,  66.0, -2.0 , 18.0, 14.0,  0.0,  0.0,  7.0,    , 336.0,    4.0,   1.0,   1.0,     2.0,    19.0, -1.0   ,     0.0,     0.0,     0.0,     0.0,     0.0,    12.0
kovalil01, 2007,     1, ATL , NHL , L  , 79.0, 52.0,  35.0,  87.0,  52.0, -12.0, 16.0, 14.0,  2.0,  0.0,  4.0,    , 283.0,       ,      ,      ,        ,        ,        ,        ,        ,        ,        ,        ,      
kovalil01, 2008,     1, ATL , NHL , L  , 79.0, 43.0,  48.0,  91.0,  50.0, -12.0, 12.0, 24.0,  0.0,  1.0,  6.0,    , 275.0,       ,      ,      ,        ,        ,        ,        ,        ,        ,        ,        ,      
kovalil01, 2009,     1, ATL , NHL , L  , 49.0, 31.0,  27.0,  58.0,  45.0, 1.0  , 10.0,  9.0,  0.0,  0.0,  3.0,    , 179.0,       ,      ,      ,        ,        ,        ,        ,        ,        ,        ,        ,      
kovalil01, 2009,     2, NJD , NHL , L  , 27.0, 10.0,  17.0,  27.0,   8.0, 9.0  ,  2.0,  6.0,  0.0,  0.0,  1.0,    , 111.0,    5.0,   2.0,   4.0,     6.0,     6.0, 0.0    ,     1.0,     3.0,     0.0,     0.0,     0.0,    19.0
kovinvl01, 1978,     1, SOV , WHA ,    ,  6.0,  2.0,   1.0,   3.0,  14.0,      ,     ,     ,     ,     ,     ,    ,      ,       ,      ,      ,        ,        ,        ,        ,        ,        ,        ,        ,      
kowaljo01, 1976,     1, BUF , NHL , L  , 16.0,  0.0,   5.0,   5.0,   6.0, 3.0  ,  0.0,     ,  0.0,     ,  0.0, 0.0,   6.0,       ,      ,      ,        ,        ,        ,        ,        ,        ,        ,        ,      
kowaljo01, 1977,     1, BUF , NHL , L  ,  6.0,  0.0,   0.0,   0.0,   7.0, 0.0  ,  0.0,     ,  0.0,     ,  0.0, 0.0,   3.0,    2.0,   0.0,   0.0,     0.0,     0.0,        ,     0.0,        ,     0.0,        ,     0.0,      
kozakdo01, 1972,     1, LAK , NHL , R  , 72.0, 14.0,   6.0,  20.0, 104.0, -25.0,  4.0,     ,  0.0,     ,  4.0, 1.0,  78.0,       ,      ,      ,        ,        ,        ,        ,        ,        ,        ,        ,      
kozakdo01, 1973,     1, LAK , NHL , R  , 76.0, 21.0,  14.0,  35.0,  54.0, 7.0  ,  1.0,     ,  0.0,     ,  2.0, 1.0, 109.0,    5.0,   0.0,   0.0,     0.0,    33.0,        ,     0.0,        ,     0.0,        ,     0.0,      
kozakdo01, 1974,     1, LAK , NHL , R  , 77.0, 16.0,  15.0,  31.0,  64.0, 5.0  ,  2.0,     ,  0.0,     ,  6.0, 0.0, 109.0,    3.0,   1.0,   1.0,     2.0,     7.0,        ,     0.0,        ,     0.0,        ,     0.0,      
kozakdo01, 1975,     1, LAK , NHL , R  , 62.0, 20.0,  24.0,  44.0,  94.0, -4.0 ,  7.0,     ,  0.0,     ,  4.0, 1.0,  81.0,    9.0,   1.0,   0.0,     1.0,    12.0,        ,     0.0,        ,     0.0,        ,     1.0,      
kozakdo01, 1976,     1, LAK , NHL , R  , 79.0, 15.0,  17.0,  32.0,  89.0, -9.0 ,  1.0,     ,  0.0,     ,  1.0, 0.0,  98.0,    9.0,   4.0,   1.0,     5.0,    17.0,        ,     1.0,        ,     0.0,        ,     0.0,      
kozakdo01, 1977,     1, LAK , NHL , R  , 43.0,  8.0,   5.0,  13.0,  45.0, 4.0  ,  0.0,     ,  0.0,     ,  1.0, 0.0,  54.0,       ,      ,      ,        ,        ,        ,        ,        ,        ,        ,        ,      
kozakdo01, 1978,     1, VAN , NHL , R  , 28.0,  2.0,   5.0,   7.0,  30.0, -15.0,  1.0,     ,  0.0,     ,  0.0, 0.0,  29.0,    3.0,   1.0,   0.0,     1.0,     0.0,        ,     0.0,        ,     0.0,        ,     0.0,      
kozakle01, 1961,     1, TOR , NHL , L  , 12.0,  1.0,   0.0,   1.0,   2.0,      ,     ,     ,     ,     ,     ,    ,      ,       ,      ,      ,        ,        ,        ,        ,        ,        ,        ,        ,      
kozlovi01, 1994,     1, SJS , NHL , R  , 16.0,  2.0,   0.0,   2.0,   2.0, -5.0 ,  0.0,  0.0,  0.0,  0.0,  0.0, 0.0,  23.0,       ,      ,      ,        ,        ,        ,        ,        ,        ,        ,        ,      
kozlovi01, 1995,     1, SJS , NHL , C  , 62.0,  6.0,  13.0,  19.0,   6.0, -15.0,  1.0,  4.0,  0.0,  0.0,  0.0, 0.0, 107.0,       ,      ,      ,        ,        ,        ,        ,        ,        ,        ,        ,      
kozlovi01, 1996,     1, SJS , NHL , C  , 78.0, 16.0,  25.0,  41.0,  40.0, -16.0,  4.0,  8.0,  0.0,  0.0,  4.0, 0.0, 184.0,       ,      ,      ,        ,        ,        ,        ,        ,        ,        ,        ,      
kozlovi01, 1997,     1, SJS , NHL , C  , 18.0,  5.0,   2.0,   7.0,   2.0, -2.0 ,  2.0,  0.0,  0.0,  0.0,  0.0, 0.0,  51.0,       ,      ,      ,        ,        ,        ,        ,        ,        ,        ,        ,      
kozlovi01, 1997,     2, FLO , NHL , C  , 46.0, 12.0,  11.0,  23.0,  14.0, -1.0 ,  3.0,  1.0,  2.0,  0.0,  0.0, 0.0, 114.0,       ,      ,      ,        ,        ,        ,        ,        ,        ,        ,        ,      
kozlovi01, 1998,     1, FLO , NHL , C  , 65.0, 16.0,  35.0,  51.0,  24.0, 13.0 ,  5.0, 10.0,  1.0,  1.0,  1.0, 0.0, 209.0,       ,      ,      ,        ,        ,        ,        ,        ,        ,        ,        ,      
kozlovi01, 1999,     1, FLO , NHL , C  , 80.0, 17.0,  53.0,  70.0,  16.0, 24.0 ,  6.0, 15.0,  0.0,  0.0,  2.0, 0.0, 223.0,    4.0,   0.0,   1.0,     1.0,     0.0, -3.0   ,     0.0,     1.0,     0.0,     0.0,     0.0,     6.0
kozlovi01, 2000,     1, FLO , NHL , C  , 51.0, 14.0,  23.0,  37.0,  10.0, -4.0 ,  6.0,  7.0,  0.0,  0.0,  2.0, 0.0, 139.0,       ,      ,      ,        ,        ,        ,        ,        ,        ,        ,        ,      
kozlovi01, 2001,     1, FLO , NHL , C  , 50.0,  9.0,  18.0,  27.0,  20.0, -16.0,  6.0,  8.0,  0.0,  0.0,  1.0, 0.0, 143.0,       ,      ,      ,        ,        ,        ,        ,        ,        ,        ,        ,      
kozlovi01, 2002,     1, FLO , NHL , C  , 74.0, 22.0,  34.0,  56.0,  18.0, -8.0 ,  7.0, 14.0,  1.0,  1.0,  1.0, 1.0, 232.0,       ,      ,      ,        ,        ,        ,        ,        ,        ,        ,        ,      
kozlovi01, 2003,     1, FLO , NHL , R  , 48.0, 11.0,  16.0,  27.0,  16.0, -4.0 ,  3.0,  8.0,  1.0,  1.0,  1.0, 1.0, 117.0,       ,      ,      ,        ,        ,        ,        ,        ,        ,        ,        ,      
kozlovi01, 2003,     2, NJD , NHL , R  , 11.0,  2.0,   4.0,   6.0,   2.0, 0.0  ,  0.0,  1.0,  0.0,  0.0,  0.0, 0.0,  26.0,    2.0,   0.0,   0.0,     0.0,     0.0, -1.0   ,     0.0,     0.0,     0.0,     0.0,     0.0,     2.0
kozlovi01, 2005,     1, NJD , NHL , L  , 69.0, 12.0,  13.0,  25.0,  16.0, 0.0  ,  2.0,  5.0,  0.0,  0.0,  1.0,    , 122.0,    3.0,   0.0,   0.0,     0.0,     0.0, -1.0   ,     0.0,     0.0,     0.0,     0.0,     0.0,     4.0
kozlovi01, 2006,     1, NYI , NHL , C  , 81.0, 25.0,  26.0,  51.0,  28.0, 12.0 ,  5.0,  7.0,  0.0,  1.0,  4.0,    , 165.0,    5.0,   0.0,   2.0,     2.0,     2.0, -2.0   ,     0.0,     2.0,     0.0,     0.0,     0.0,    11.0
kozlovi01, 2007,     1, WAS , NHL , C  , 81.0, 16.0,  38.0,  54.0,  18.0, 28.0 ,  2.0,  9.0,  0.0,  0.0,  2.0,    , 219.0,    7.0,   0.0,   3.0,     3.0,     2.0, -4.0   ,     0.0,     0.0,     0.0,     0.0,     0.0,    13.0
kozlovi01, 2008,     1, WAS , NHL , C  , 67.0, 13.0,  28.0,  41.0,  16.0, -9.0 ,  2.0, 13.0,  0.0,  0.0,  0.0,    , 153.0,   14.0,   4.0,   2.0,     6.0,     6.0, 5.0    ,     0.0,     0.0,     0.0,     0.0,     1.0,    23.0
kozlovy01, 1991,     1, DET , NHL , C  ,  7.0,  0.0,   2.0,   2.0,   2.0, -2.0 ,  0.0,  0.0,  0.0,  0.0,  0.0, 0.0,   9.0,       ,      ,      ,        ,        ,        ,        ,        ,        ,        ,        ,      
kozlovy01, 1992,     1, DET , NHL , C  , 17.0,  4.0,   1.0,   5.0,  14.0, -1.0 ,  0.0,  0.0,  0.0,  0.0,  0.0, 0.0,  26.0,    4.0,   0.0,   2.0,     2.0,     2.0, 1.0    ,     0.0,     0.0,     0.0,     0.0,     0.0,     5.0
kozlovy01, 1993,     1, DET , NHL , L  , 77.0, 34.0,  39.0,  73.0,  50.0, 27.0 ,  8.0, 11.0,  2.0,  1.0,  6.0, 0.0, 202.0,    7.0,   2.0,   5.0,     7.0,    12.0, 3.0    ,     0.0,     0.0,     0.0,     0.0,     0.0,    16.0
kozlovy01, 1994,     1, DET , NHL , L  , 46.0, 13.0,  20.0,  33.0,  45.0, 12.0 ,  5.0,  7.0,  0.0,  0.0,  3.0, 0.0,  97.0,   18.0,   9.0,   7.0,    16.0,    10.0, 12.0   ,     1.0,     3.0,     0.0,     0.0,     4.0,    45.0
kozlovy01, 1995,     1, DET , NHL , L  , 82.0, 36.0,  37.0,  73.0,  70.0, 33.0 ,  9.0, 11.0,  0.0,  0.0,  7.0, 0.0, 237.0,   19.0,   5.0,   7.0,    12.0,    10.0, 3.0    ,     2.0,     1.0,     0.0,     0.0,     1.0,    38.0
kozlovy01, 1996,     1, DET , NHL , C  , 75.0, 23.0,  22.0,  45.0,  46.0, 21.0 ,  3.0,  6.0,  0.0,  0.0,  6.0, 0.0, 211.0,   20.0,   8.0,   5.0,    13.0,    14.0, 3.0    ,     4.0,     4.0,     0.0,     0.0,     2.0,    58.0
kozlovy01, 1997,     1, DET , NHL , L  , 80.0, 25.0,  27.0,  52.0,  46.0, 14.0 ,  6.0, 11.0,  0.0,  0.0,  1.0, 0.0, 221.0,   22.0,   6.0,   8.0,    14.0,    10.0, 4.0    ,     1.0,     2.0,     0.0,     0.0,     4.0,    47.0
kozlovy01, 1998,     1, DET , NHL , C  , 79.0, 29.0,  29.0,  58.0,  45.0, 10.0 ,  6.0, 14.0,  1.0,  2.0,  4.0, 2.0, 209.0,   10.0,   6.0,   1.0,     7.0,     4.0, -3.0   ,     3.0,     1.0,     0.0,     0.0,     0.0,    28.0
kozlovy01, 1999,     1, DET , NHL , L  , 72.0, 18.0,  18.0,  36.0,  28.0, 11.0 ,  4.0,  4.0,  0.0,  0.0,  3.0, 0.0, 165.0,    8.0,   2.0,   1.0,     3.0,    12.0, -3.0   ,     1.0,     0.0,     0.0,     0.0,     1.0,    18.0
kozlovy01, 2000,     1, DET , NHL , L  , 72.0, 20.0,  18.0,  38.0,  30.0, 9.0  ,  4.0,  5.0,  0.0,  0.0,  5.0, 1.0, 187.0,    6.0,   4.0,   1.0,     5.0,     2.0, -2.0   ,     2.0,     0.0,     0.0,     0.0,     0.0,    14.0
kozlovy01, 2001,     1, BUF , NHL , L  , 38.0,  9.0,  13.0,  22.0,  16.0, 0.0  ,  3.0,  2.0,  0.0,  0.0,  1.0, 1.0,  68.0,       ,      ,      ,        ,        ,        ,        ,        ,        ,        ,        ,      
kozlovy01, 2002,     1, ATL , NHL , R  , 79.0, 21.0,  49.0,  70.0,  66.0, -10.0,  9.0, 20.0,  1.0,  1.0,  2.0, 0.0, 185.0,       ,      ,      ,        ,        ,        ,        ,        ,        ,        ,        ,      
kozlovy01, 2003,     1, ATL , NHL , C  , 76.0, 20.0,  32.0,  52.0,  74.0, -12.0,  6.0, 16.0,  0.0,  0.0,  1.0, 0.0, 191.0,       ,      ,      ,        ,        ,        ,        ,        ,        ,        ,        ,      
kozlovy01, 2005,     1, ATL , NHL , L  , 82.0, 25.0,  46.0,  71.0,  33.0, 14.0 ,  8.0, 16.0,  0.0,  1.0,  1.0,    , 206.0,       ,      ,      ,        ,        ,        ,        ,        ,        ,        ,        ,      
kozlovy01, 2006,     1, ATL , NHL , L  , 81.0, 28.0,  52.0,  80.0,  36.0, 9.0  ,  8.0, 29.0,  0.0,  2.0,  8.0,    , 190.0,    4.0,   0.0,   0.0,     0.0,     6.0, -6.0   ,     0.0,     0.0,     0.0,     0.0,     0.0,     7.0
kozlovy01, 2007,     1, ATL , NHL , L  , 82.0, 17.0,  24.0,  41.0,  26.0, -10.0,  5.0,  9.0,  0.0,  0.0,  4.0,    , 161.0,       ,      ,      ,        ,        ,        ,        ,        ,        ,        ,        ,      
kozlovy01, 2008,     1, ATL , NHL , L  , 82.0, 26.0,  50.0,  76.0,  44.0, -14.0, 12.0, 31.0,  0.0,  0.0,  3.0,    , 165.0,       ,      ,      ,        ,        ,        ,        ,        ,        ,        ,        ,      
kozlovy01, 2009,     1, ATL , NHL , L  , 55.0,  8.0,  18.0,  26.0,  33.0, -15.0,  3.0,  9.0,  0.0,  0.0,  1.0,    , 113.0,       ,      ,      ,        ,        ,        ,        ,        ,        ,        ,        ,      
kraftmi01, 2000,     1, PIT , NHL , C  , 42.0,  7.0,   7.0,  14.0,   8.0, -6.0 ,  1.0,  1.0,  1.0,  0.0,  1.0, 1.0,  63.0,    8.0,   0.0,   0.0,     0.0,     2.0, -4.0   ,     0.0,     0.0,     0.0,     0.0,     0.0,     9.0
kraftmi01, 2001,     1, PIT , NHL , C  , 68.0,  8.0,   8.0,  16.0,  16.0, -9.0 ,  1.0,  1.0,  0.0,  0.0,  2.0, 1.0, 103.0,       ,      ,      ,        ,        ,        ,        ,        ,        ,        ,        ,      
kraftmi01, 2002,     1, PIT , NHL , C  , 31.0,  7.0,   5.0,  12.0,  10.0, -8.0 ,  0.0,  3.0,  0.0,  0.0,  1.0, 0.0,  50.0,       ,      ,      ,        ,        ,        ,        ,        ,        ,        ,        ,      
kraftmi01, 2003,     1, PIT , NHL , C  , 66.0, 19.0,  21.0,  40.0,  18.0, -22.0,  6.0, 11.0,  0.0,  0.0,  1.0, 0.0, 134.0,       ,      ,      ,        ,        ,        ,        ,        ,        ,        ,        ,      
kraftmi02, 1977,     1, CZE , WHA , C  ,  4.0,  0.0,   0.0,   0.0,   0.0,      ,  0.0,     ,  0.0,     ,  0.0,    ,      ,       ,      ,      ,        ,        ,        ,        ,        ,        ,        ,        ,      
kraftry01, 2002,     1, SJS , NHL , C  ,  7.0,  0.0,   1.0,   1.0,   0.0, 2.0  ,  0.0,  0.0,  0.0,  0.0,  0.0, 0.0,   1.0,       ,      ,      ,        ,        ,        ,        ,        ,        ,        ,        ,      
kraftst01, 1950,     1, BOS , NHL , D  , 22.0,  0.0,   0.0,   0.0,   8.0,      ,     ,     ,     ,     ,     ,    ,      ,    6.0,   0.0,   0.0,     0.0,     7.0,        ,        ,        ,        ,        ,        ,      
kraftst01, 1951,     1, NYR , NHL , D  , 58.0,  8.0,   9.0,  17.0,  30.0,      ,     ,     ,     ,     ,     ,    ,      ,       ,      ,      ,        ,        ,        ,        ,        ,        ,        ,        ,      
kraftst01, 1952,     1, NYR , NHL , D  , 69.0,  2.0,   9.0,  11.0,  45.0,      ,     ,     ,     ,     ,     ,    ,      ,       ,      ,      ,        ,        ,        ,        ,        ,        ,        ,        ,      
kraftst01, 1958,     1, TOR , NHL , D  ,  8.0,  1.0,   0.0,   1.0,   0.0,      ,     ,     ,     ,     ,     ,    ,      ,       ,      ,      ,        ,        ,        ,        ,        ,        ,        ,        ,      
krahnbr01, 2008,     1, DAL , NHL , G  ,  1.0,  0.0,   0.0,   0.0,   0.0, 0.0  ,  0.0,  0.0,  0.0,  0.0,  0.0,    ,   0.0,       ,      ,      ,        ,        ,        ,        ,        ,        ,        ,        ,      
krajilu01, 2001,     1, FLO , NHL , D  ,  5.0,  0.0,   0.0,   0.0,   0.0, 0.0  ,  0.0,  0.0,  0.0,  0.0,  0.0, 0.0,   3.0,       ,      ,      ,        ,        ,        ,        ,        ,        ,        ,        ,      
krajilu01, 2003,     1, FLO , NHL , D  , 18.0,  1.0,   6.0,   7.0,  12.0, -2.0 ,  1.0,  4.0,  0.0,  0.0,  0.0, 0.0,  16.0,       ,      ,      ,        ,        ,        ,        ,        ,        ,        ,        ,      
krajilu01, 2005,     1, FLO , NHL , D  , 67.0,  2.0,  14.0,  16.0,  50.0, 1.0  ,  2.0,  7.0,  0.0,  1.0,  0.0,    ,  89.0,       ,      ,      ,        ,        ,        ,        ,        ,        ,        ,        ,      
krajilu01, 2006,     1, VAN , NHL , D  , 78.0,  3.0,  13.0,  16.0,  64.0, -4.0 ,  1.0,  4.0,  0.0,  0.0,  2.0,    , 105.0,   12.0,   0.0,   2.0,     2.0,    12.0, -2.0   ,     0.0,     1.0,     0.0,     0.0,     0.0,    11.0
krajilu01, 2007,     1, VAN , NHL , D  , 39.0,  2.0,   9.0,  11.0,  36.0, -3.0 ,  1.0,  4.0,  0.0,  0.0,  0.0,    ,  28.0,       ,      ,      ,        ,        ,        ,        ,        ,        ,        ,        ,      
krajilu01, 2008,     1, TBL , NHL , D  , 71.0,  2.0,  17.0,  19.0,  48.0, -8.0 ,  0.0,  2.0,  0.0,  1.0,  0.0,    ,  66.0,       ,      ,      ,        ,        ,        ,        ,        ,        ,        ,        ,      
krajilu01, 2009,     1, TBL , NHL , D  , 23.0,  0.0,   1.0,   1.0,  21.0, -4.0 ,  0.0,  0.0,  0.0,  0.0,  0.0,    ,  17.0,       ,      ,      ,        ,        ,        ,        ,        ,        ,        ,        ,      
krajilu01, 2009,     2, PHI , NHL , D  , 27.0,  1.0,   1.0,   2.0,  14.0, -10.0,  0.0,  0.0,  0.0,  0.0,  0.0,    ,  25.0,   22.0,   0.0,   3.0,     3.0,     8.0, 0.0    ,     0.0,     0.0,     0.0,     0.0,     0.0,    11.0
krakesk01, 1963,     1, BOS , NHL , C  ,  2.0,  0.0,   0.0,   0.0,   0.0,      ,  0.0,     ,  0.0,     ,  0.0, 0.0,      ,       ,      ,      ,        ,        ,        ,        ,        ,        ,        ,        ,      
krakesk01, 1965,     1, BOS , NHL , C  ,  2.0,  0.0,   0.0,   0.0,   0.0,      ,  0.0,     ,  0.0,     ,  0.0, 0.0,      ,       ,      ,      ,        ,        ,        ,        ,        ,        ,        ,        ,      
krakesk01, 1966,     1, BOS , NHL , C  , 15.0,  6.0,   2.0,   8.0,   4.0,      ,  2.0,     ,  0.0,     ,  0.0, 0.0,      ,       ,      ,      ,        ,        ,        ,        ,        ,        ,        ,        ,      
krakesk01, 1967,     1, BOS , NHL , C  , 68.0,  5.0,   7.0,  12.0,  13.0, 9.0  ,  0.0,     ,  3.0,     ,  0.0, 0.0,  48.0,    4.0,   0.0,   0.0,     0.0,     2.0,        ,     0.0,        ,     0.0,        ,     0.0,      
krakesk01, 1968,     1, LAK , NHL , C  , 30.0,  3.0,   9.0,  12.0,  11.0, -10.0,  1.0,     ,  0.0,     ,  0.0, 0.0,  52.0,    6.0,   1.0,   0.0,     1.0,    15.0,        ,     0.0,        ,     0.0,        ,     0.0,      
krakesk01, 1969,     1, LAK , NHL , R  , 58.0,  5.0,  17.0,  22.0,  86.0, -25.0,  2.0,     ,  1.0,     ,  0.0, 0.0, 101.0,       ,      ,      ,        ,        ,        ,        ,        ,        ,        ,        ,      
krakesk01, 1970,     1, BUF , NHL , C  , 74.0,  4.0,   5.0,   9.0,  68.0, -21.0,  1.0,     ,  0.0,     ,  0.0, 0.0,  64.0,       ,      ,      ,        ,        ,        ,        ,        ,        ,        ,        ,      
krakesk01, 1972,     1, CLC , WHA , C  , 26.0,  9.0,  10.0,  19.0,  61.0,      ,  2.0,     ,  0.0,     ,     ,    ,      ,    9.0,   1.0,   2.0,     3.0,    27.0,        ,     0.0,        ,     0.0,        ,     1.0,      
krakesk01, 1973,     1, CLC , WHA , R  , 69.0, 20.0,  36.0,  56.0,  94.0,      ,  5.0,     ,  0.0,     ,  3.0,    ,      ,    5.0,   0.0,   1.0,     1.0,    39.0,        ,        ,        ,        ,        ,     0.0,      
krakesk01, 1974,     1, CLC , WHA , R  , 71.0, 15.0,  23.0,  38.0, 108.0, 9.0  ,  1.0,     ,  0.0,     ,     ,    , 157.0,    5.0,   1.0,   1.0,     2.0,     0.0,        ,        ,        ,        ,        ,     0.0,      
krakesk01, 1975,     1, EDO , WHA , R  , 41.0,  8.0,   8.0,  16.0,  55.0, -3.0 ,  2.0,     ,  1.0,     ,  3.0,    ,  64.0,       ,      ,      ,        ,        ,        ,        ,        ,        ,        ,        ,      
kravcig01, 1991,     1, CHI , NHL , D  , 18.0,  1.0,   8.0,   9.0,   4.0, -3.0 ,  0.0,  5.0,  0.0,  0.0,  1.0, 0.0,  40.0,   18.0,   2.0,   6.0,     8.0,     8.0, -2.0   ,     1.0,     3.0,     0.0,     0.0,     0.0,    48.0
kravcig01, 1992,     1, CHI , NHL , D  , 38.0,  6.0,   9.0,  15.0,  30.0, 11.0 ,  3.0,  2.0,  0.0,  1.0,  0.0, 0.0, 101.0,       ,      ,      ,        ,        ,        ,        ,        ,        ,        ,        ,      
kravcig01, 1992,     2, EDM , NHL , D  , 17.0,  4.0,   8.0,  12.0,   2.0, -8.0 ,  1.0,  3.0,  0.0,  0.0,  0.0, 0.0,  42.0,       ,      ,      ,        ,        ,        ,        ,        ,        ,        ,        ,      
kravcig01, 1993,     1, EDM , NHL , D  , 81.0, 12.0,  38.0,  50.0,  16.0, -12.0,  5.0, 19.0,  0.0,  0.0,  2.0, 0.0, 197.0,       ,      ,      ,        ,        ,        ,        ,        ,        ,        ,        ,      
kravcig01, 1994,     1, EDM , NHL , D  , 36.0,  7.0,  11.0,  18.0,  29.0, -15.0,  3.0,  5.0,  1.0,  0.0,  0.0, 0.0,  93.0,       ,      ,      ,        ,        ,        ,        ,        ,        ,        ,        ,      
kravcig01, 1995,     1, EDM , NHL , D  , 26.0,  4.0,   4.0,   8.0,  10.0, -13.0,  3.0,  3.0,  0.0,  0.0,  0.0, 0.0,  59.0,       ,      ,      ,        ,        ,        ,        ,        ,        ,        ,        ,      
kravcig01, 1995,     2, STL , NHL , D  , 40.0,  3.0,  12.0,  15.0,  24.0, -6.0 ,  0.0,  7.0,  0.0,  0.0,  1.0, 0.0, 114.0,   10.0,   1.0,   5.0,     6.0,     4.0, 0.0    ,     0.0,     2.0,     0.0,     0.0,     1.0,    14.0
kravcig01, 1996,     1, STL , NHL , D  , 82.0,  4.0,  24.0,  28.0,  35.0, 7.0  ,  1.0, 10.0,  0.0,  0.0,  0.0, 0.0, 142.0,    2.0,   0.0,   0.0,     0.0,     2.0, -1.0   ,     0.0,     0.0,     0.0,     0.0,     0.0,     6.0
kravcig01, 1997,     1, OTT , NHL , D  , 81.0,  8.0,  27.0,  35.0,   8.0, -19.0,  3.0, 13.0,  1.0,  0.0,  1.0, 1.0, 191.0,   11.0,   2.0,   3.0,     5.0,     4.0, -2.0   ,     0.0,     3.0,     0.0,     0.0,     0.0,    24.0
kravcig01, 1998,     1, OTT , NHL , D  , 79.0,  4.0,  21.0,  25.0,  32.0, 14.0 ,  3.0, 14.0,  0.0,  0.0,  0.0, 0.0, 171.0,    4.0,   0.0,   0.0,     0.0,     0.0, -5.0   ,     0.0,     0.0,     0.0,     0.0,     0.0,    12.0
kravcig01, 1999,     1, OTT , NHL , D  , 64.0,  6.0,  12.0,  18.0,  20.0, -5.0 ,  5.0,  7.0,  0.0,  1.0,  1.0, 0.0, 126.0,    6.0,   1.0,   1.0,     2.0,     0.0, -5.0   ,     0.0,     1.0,     0.0,     0.0,     0.0,    19.0
kravcig01, 2000,     1, OTT , NHL , D  , 15.0,  1.0,   5.0,   6.0,  14.0, 4.0  ,  0.0,  2.0,  0.0,  0.0,  1.0, 0.0,  13.0,       ,      ,      ,        ,        ,        ,        ,        ,        ,        ,        ,      
kravcig01, 2000,     2, CAL , NHL , D  , 37.0,  0.0,   8.0,   8.0,   4.0, -12.0,  0.0,  4.0,  0.0,  1.0,  0.0, 0.0,  54.0,       ,      ,      ,        ,        ,        ,        ,        ,        ,        ,        ,      
kravcig01, 2001,     1, CAL , NHL , D  , 78.0,  4.0,  22.0,  26.0,  19.0, 3.0  ,  1.0, 15.0,  0.0,  0.0,  1.0, 0.0, 135.0,       ,      ,      ,        ,        ,        ,        ,        ,        ,        ,        ,      
kravcig01, 2002,     1, FLO , NHL , D  ,  7.0,  0.0,   1.0,   1.0,   4.0, -3.0 ,  0.0,  0.0,  0.0,  0.0,  0.0, 0.0,   8.0,       ,      ,      ,        ,        ,        ,        ,        ,        ,        ,        ,      
kravemi01, 1991,     1, SJS , NHL , L  ,  1.0,  0.0,   0.0,   0.0,   0.0, 0.0  ,  0.0,  0.0,  0.0,  0.0,  0.0, 0.0,   2.0,       ,      ,      ,        ,        ,        ,        ,        ,        ,        ,        ,      
kravemi01, 1992,     1, SJS , NHL , R  ,  1.0,  0.0,   0.0,   0.0,   0.0, -1.0 ,  0.0,  0.0,  0.0,  0.0,  0.0, 0.0,   0.0,       ,      ,      ,        ,        ,        ,        ,        ,        ,        ,        ,      
krejcda01, 2006,     1, BOS , NHL , C  ,  6.0,  0.0,   0.0,   0.0,   2.0, -3.0 ,  0.0,  0.0,  0.0,  0.0,  0.0,    ,   2.0,       ,      ,      ,        ,        ,        ,        ,        ,        ,        ,        ,      
krejcda01, 2007,     1, BOS , NHL , C  , 56.0,  6.0,  21.0,  27.0,  20.0, -3.0 ,  1.0,  9.0,  1.0,  1.0,  0.0,    ,  73.0,    7.0,   1.0,   4.0,     5.0,     2.0, 1.0    ,     1.0,     1.0,     0.0,     1.0,     0.0,    15.0
krejcda01, 2008,     1, BOS , NHL , C  , 82.0, 22.0,  51.0,  73.0,  26.0, 37.0 ,  5.0, 14.0,  2.0,  2.0,  6.0,    , 146.0,   11.0,   2.0,   6.0,     8.0,     2.0, 6.0    ,     0.0,     0.0,     0.0,     0.0,     1.0,    26.0
krejcda01, 2009,     1, BOS , NHL , C  , 79.0, 17.0,  35.0,  52.0,  26.0, 8.0  ,  6.0,  8.0,  0.0,  2.0,  3.0,    , 156.0,    9.0,   4.0,   4.0,     8.0,     2.0, 3.0    ,     2.0,     1.0,     0.0,     0.0,     0.0,    17.0
krentda01, 1986,     1, DET , NHL , L  ,  8.0,  0.0,   0.0,   0.0,   0.0, -2.0 ,  0.0,     ,  0.0,     ,  0.0, 0.0,   5.0,       ,      ,      ,        ,        ,        ,        ,        ,        ,        ,        ,      
krentda01, 1987,     1, DET , NHL , L  ,  6.0,  2.0,   0.0,   2.0,   5.0, 2.0  ,  0.0,  0.0,  0.0,  0.0,  1.0, 0.0,   5.0,    2.0,   0.0,   0.0,     0.0,     0.0, -1.0   ,     0.0,     0.0,     0.0,     0.0,     0.0,     0.0
krentda01, 1988,     1, DET , NHL , L  , 16.0,  3.0,   3.0,   6.0,   4.0, -3.0 ,  0.0,  2.0,  0.0,  0.0,  1.0, 0.0,  27.0,       ,      ,      ,        ,        ,        ,        ,        ,        ,        ,        ,      
krepska01, 2006,     1, FLO , NHL , C  , 14.0,  1.0,   1.0,   2.0,   6.0, -1.0 ,  0.0,  0.0,  0.0,  0.0,  0.0,    ,  20.0,       ,      ,      ,        ,        ,        ,        ,        ,        ,        ,        ,      
krepska01, 2007,     1, FLO , NHL , C  , 76.0,  8.0,  17.0,  25.0,  29.0, 10.0 ,  1.0,  3.0,  0.0,  0.0,  2.0,    ,  99.0,       ,      ,      ,        ,        ,        ,        ,        ,        ,        ,        ,      
krepska01, 2008,     1, FLO , NHL , C  , 66.0,  4.0,  15.0,  19.0,  18.0, 2.0  ,  0.0,  0.0,  1.0,  0.0,  1.0,    ,  77.0,       ,      ,      ,        ,        ,        ,        ,        ,        ,        ,        ,      
krepska01, 2009,     1, FLO , NHL , C  , 76.0,  5.0,   9.0,  14.0,  18.0, -7.0 ,  1.0,  0.0,  0.0,  1.0,  1.0,    ,  83.0,       ,      ,      ,        ,        ,        ,        ,        ,        ,        ,        ,      
krestjo01, 2001,     1, COL , NHL , L  ,  8.0,  0.0,   2.0,   2.0,   0.0, 1.0  ,  0.0,  1.0,  0.0,  0.0,  0.0, 0.0,   6.0,       ,      ,      ,        ,        ,        ,        ,        ,        ,        ,        ,      
krestjo01, 2003,     1, COL , NHL , L  , 14.0,  0.0,   0.0,   0.0,   6.0, 0.0  ,  0.0,  0.0,  0.0,  0.0,  0.0, 0.0,  25.0,       ,      ,      ,        ,        ,        ,        ,        ,        ,        ,        ,      
krezare01, 1974,     1, SDM , WHA , D  ,  2.0,  0.0,   0.0,   0.0,   2.0,      ,  0.0,     ,  0.0,     ,  0.0,    ,   2.0,       ,      ,      ,        ,        ,        ,        ,        ,        ,        ,        ,      
kristja01, 2002,     1, BUF , NHL , R  ,  6.0,  0.0,   0.0,   0.0,   4.0, -2.0 ,  0.0,  0.0,  0.0,  0.0,  0.0, 0.0,   4.0,       ,      ,      ,        ,        ,        ,        ,        ,        ,        ,        ,      
krivose01, 1992,     1, CHI , NHL , R  ,  4.0,  0.0,   0.0,   0.0,   2.0, -2.0 ,  0.0,  0.0,  0.0,  0.0,  0.0, 0.0,   0.0,       ,      ,      ,        ,        ,        ,        ,        ,        ,        ,        ,      
krivose01, 1993,     1, CHI , NHL , R  ,  9.0,  1.0,   0.0,   1.0,   4.0, -2.0 ,  0.0,  0.0,  0.0,  0.0,  0.0, 0.0,   7.0,       ,      ,      ,        ,        ,        ,        ,        ,        ,        ,        ,      
krivose01, 1994,     1, CHI , NHL , L  , 41.0, 12.0,   7.0,  19.0,  33.0, 9.0  ,  6.0,  0.0,  0.0,  0.0,  2.0, 1.0,  72.0,   10.0,   0.0,   0.0,     0.0,     8.0, 0.0    ,     0.0,     0.0,     0.0,     0.0,     0.0,     4.0
krivose01, 1995,     1, CHI , NHL , L  , 46.0,  6.0,  10.0,  16.0,  32.0, 10.0 ,  0.0,  0.0,  0.0,  0.0,  1.0, 0.0,  52.0,    5.0,   1.0,   0.0,     1.0,     2.0, -4.0   ,     0.0,     0.0,     0.0,     0.0,     1.0,     6.0
krivose01, 1996,     1, CHI , NHL , L  , 67.0, 13.0,  11.0,  24.0,  42.0, -1.0 ,  2.0,  1.0,  0.0,  0.0,  3.0, 0.0, 104.0,    6.0,   1.0,   0.0,     1.0,     4.0, -2.0   ,     0.0,     0.0,     0.0,     0.0,     1.0,    11.0
krivose01, 1997,     1, CHI , NHL , L  , 58.0, 10.0,  13.0,  23.0,  33.0, -1.0 ,  1.0,  0.0,  0.0,  0.0,  2.0, 0.0, 127.0,       ,      ,      ,        ,        ,        ,        ,        ,        ,        ,        ,      
krivose01, 1998,     1, NAS , NHL , R  , 70.0, 25.0,  23.0,  48.0,  42.0, -5.0 , 10.0,  7.0,  0.0,  0.0,  6.0, 1.0, 208.0,       ,      ,      ,        ,        ,        ,        ,        ,        ,        ,        ,      
krivose01, 1999,     1, NAS , NHL , R  , 63.0,  9.0,  17.0,  26.0,  40.0, -7.0 ,  3.0,  9.0,  0.0,  0.0,  2.0, 2.0, 132.0,       ,      ,      ,        ,        ,        ,        ,        ,        ,        ,        ,      
krivose01, 1999,     2, CAL , NHL , R  , 12.0,  1.0,  10.0,  11.0,   4.0, 2.0  ,  0.0,  3.0,  0.0,  0.0,  0.0, 0.0,  27.0,       ,      ,      ,        ,        ,        ,        ,        ,        ,        ,        ,      
krivose01, 2000,     1, MIN , NHL , R  , 54.0,  7.0,  15.0,  22.0,  20.0, -1.0 ,  2.0,  2.0,  0.0,  0.0,  1.0, 0.0, 107.0,       ,      ,      ,        ,        ,        ,        ,        ,        ,        ,        ,      
krivose01, 2001,     1, MIN , NHL , R  ,  9.0,  1.0,   1.0,   2.0,  17.0, -1.0 ,  0.0,  1.0,  0.0,  0.0,  1.0, 0.0,  13.0,       ,      ,      ,        ,        ,        ,        ,        ,        ,        ,        ,      
krivose01, 2001,     2, ANA , NHL , R  , 17.0,  1.0,   2.0,   3.0,  19.0, -1.0 ,  0.0,  0.0,  0.0,  0.0,  0.0, 0.0,  38.0,       ,      ,      ,        ,        ,        ,        ,        ,        ,        ,        ,      
krogja01 , 1999,     1, NYI , NHL , C  , 17.0,  2.0,   4.0,   6.0,   6.0, -1.0 ,  1.0,  2.0,  0.0,  0.0,  0.0, 0.0,  22.0,       ,      ,      ,        ,        ,        ,        ,        ,        ,        ,        ,      
krogja01 , 2000,     1, NYI , NHL , L  ,  9.0,  0.0,   3.0,   3.0,   0.0, 4.0  ,  0.0,  1.0,  0.0,  0.0,  0.0, 0.0,   7.0,       ,      ,      ,        ,        ,        ,        ,        ,        ,        ,        ,      
krogja01 , 2001,     1, NYI , NHL , C  ,  2.0,  0.0,   0.0,   0.0,   0.0, 0.0  ,  0.0,  0.0,  0.0,  0.0,  0.0, 0.0,   0.0,       ,      ,      ,        ,        ,        ,        ,        ,        ,        ,        ,      
krogja01 , 2002,     1, ANA , NHL , C  , 67.0, 10.0,  15.0,  25.0,  12.0, 1.0  ,  0.0,  1.0,  1.0,  1.0,  1.0, 0.0,  92.0,   21.0,   3.0,   1.0,     4.0,     4.0, 3.0    ,     0.0,     0.0,     0.0,     0.0,     0.0,    23.0
krogja01 , 2003,     1, ANA , NHL , R  , 80.0,  6.0,  12.0,  18.0,  16.0, -4.0 ,  1.0,  2.0,  0.0,  0.0,  1.0, 0.0, 111.0,       ,      ,      ,        ,        ,        ,        ,        ,        ,        ,        ,      
krogja01 , 2006,     1, ATL , NHL , C  , 14.0,  1.0,   3.0,   4.0,   6.0, 3.0  ,  0.0,  0.0,  0.0,  0.0,  0.0,    ,  14.0,       ,      ,      ,        ,        ,        ,        ,        ,        ,        ,        ,      
krogja01 , 2006,     2, NYR , NHL , C  ,  9.0,  2.0,   0.0,   2.0,   4.0, 2.0  ,  0.0,  0.0,  0.0,  0.0,  1.0,    ,   8.0,       ,      ,      ,        ,        ,        ,        ,        ,        ,        ,        ,      
krogja01 , 2008,     1, VAN , NHL , C  ,  4.0,  1.0,   0.0,   1.0,   2.0, 0.0  ,  1.0,  0.0,  0.0,  0.0,  0.0,    ,   5.0,       ,      ,      ,        ,        ,        ,        ,        ,        ,        ,        ,      
kroljo01 , 1936,     1, NYR , NHL , L  ,  1.0,  0.0,   0.0,   0.0,   0.0,      ,     ,     ,     ,     ,     ,    ,      ,       ,      ,      ,        ,        ,        ,        ,        ,        ,        ,        ,      
kroljo01 , 1938,     1, NYR , NHL , L  ,  1.0,  1.0,   1.0,   2.0,   0.0,      ,     ,     ,     ,     ,     ,    ,      ,       ,      ,      ,        ,        ,        ,        ,        ,        ,        ,        ,      
kroljo01 , 1941,     1, BKN , NHL , L  , 24.0,  9.0,   3.0,  12.0,   8.0,      ,     ,     ,     ,     ,     ,    ,      ,       ,      ,      ,        ,        ,        ,        ,        ,        ,        ,        ,      
krommri01, 1983,     1, CAL , NHL , L  , 53.0, 11.0,  12.0,  23.0,  27.0, 14.0 ,  0.0,     ,  0.0,     ,  3.0, 0.0,  66.0,   11.0,   1.0,   1.0,     2.0,     9.0, -12.0  ,     0.0,        ,     0.0,        ,     0.0,    20.0
krommri01, 1984,     1, CAL , NHL , L  , 73.0, 20.0,  32.0,  52.0,  32.0, 19.0 ,  1.0,     ,  0.0,     ,  2.0, 0.0, 140.0,    3.0,   0.0,   1.0,     1.0,     4.0, 0.0    ,     0.0,        ,     0.0,        ,     0.0,     4.0
krommri01, 1985,     1, CAL , NHL , L  , 63.0, 12.0,  17.0,  29.0,  31.0, 9.0  ,  0.0,     ,  0.0,     ,  2.0, 0.0,  97.0,       ,      ,      ,        ,        ,        ,        ,        ,        ,        ,        ,      
krommri01, 1985,     2, NYI , NHL , L  , 14.0,  7.0,   7.0,  14.0,   4.0, 8.0  ,  0.0,     ,  0.0,     ,  0.0, 0.0,  23.0,    3.0,   0.0,   1.0,     1.0,     0.0, 0.0    ,     0.0,        ,     0.0,        ,     0.0,     4.0
krommri01, 1986,     1, NYI , NHL , L  , 70.0, 12.0,  17.0,  29.0,  20.0, 2.0  ,  0.0,     ,  0.0,     ,  0.0, 0.0, 110.0,   14.0,   1.0,   3.0,     4.0,     4.0, 0.0    ,     0.0,        ,     0.0,        ,     0.0,    15.0
krommri01, 1987,     1, NYI , NHL , L  , 71.0,  5.0,  10.0,  15.0,  20.0, 2.0  ,  0.0,  0.0,  1.0,  1.0,  1.0, 1.0,  84.0,    5.0,   0.0,   0.0,     0.0,     5.0, 0.0    ,     0.0,     0.0,     0.0,     0.0,     0.0,     4.0
krommri01, 1988,     1, NYI , NHL , L  , 20.0,  1.0,   6.0,   7.0,   4.0, -3.0 ,  0.0,  0.0,  0.0,  0.0,  0.0, 0.0,  12.0,       ,      ,      ,        ,        ,        ,        ,        ,        ,        ,        ,      
krommri01, 1990,     1, NYI , NHL , L  ,  6.0,  1.0,   0.0,   1.0,   0.0, -2.0 ,  0.0,  0.0,  1.0,  0.0,  0.0, 0.0,   6.0,       ,      ,      ,        ,        ,        ,        ,        ,        ,        ,        ,      
krommri01, 1991,     1, NYI , NHL , L  ,  1.0,  0.0,   0.0,   0.0,   0.0, 0.0  ,  0.0,  0.0,  0.0,  0.0,  0.0, 0.0,   0.0,       ,      ,      ,        ,        ,        ,        ,        ,        ,        ,        ,      
krommri01, 1992,     1, NYI , NHL , L  ,  1.0,  1.0,   2.0,   3.0,   0.0, 3.0  ,  0.0,  0.0,  0.0,  0.0,  0.0, 0.0,   2.0,       ,      ,      ,        ,        ,        ,        ,        ,        ,        ,        ,      
kronro01 , 1990,     1, VAN , NHL , R  , 76.0, 12.0,  20.0,  32.0,  21.0, -11.0,  2.0,  0.0,  3.0,  1.0,  0.0, 0.0, 124.0,       ,      ,      ,        ,        ,        ,        ,        ,        ,        ,        ,      
kronro01 , 1991,     1, VAN , NHL , L  , 36.0,  2.0,   2.0,   4.0,   2.0, -9.0 ,  0.0,  1.0,  0.0,  0.0,  0.0, 0.0,  49.0,   11.0,   1.0,   2.0,     3.0,     2.0, 0.0    ,     0.0,     0.0,     1.0,     0.0,     0.0,     9.0
kronro01 , 1992,     1, VAN , NHL , R  , 32.0, 10.0,  11.0,  21.0,  14.0, 10.0 ,  2.0,  0.0,  2.0,  0.0,  2.0, 1.0,  60.0,       ,      ,      ,        ,        ,        ,        ,        ,        ,        ,        ,      
kronro01 , 1992,     2, HAR , NHL , R  , 13.0,  4.0,   2.0,   6.0,   4.0, -5.0 ,  2.0,  0.0,  0.0,  0.0,  0.0, 0.0,  37.0,       ,      ,      ,        ,        ,        ,        ,        ,        ,        ,        ,      
kronro01 , 1993,     1, HAR , NHL , R  , 77.0, 24.0,  26.0,  50.0,   8.0, 0.0  ,  2.0,  5.0,  1.0,  1.0,  3.0, 0.0, 194.0,       ,      ,      ,        ,        ,        ,        ,        ,        ,        ,        ,      
kronro01 , 1994,     1, HAR , NHL , R  , 37.0, 10.0,   8.0,  18.0,  10.0, -3.0 ,  3.0,  3.0,  1.0,  1.0,  1.0, 0.0,  88.0,       ,      ,      ,        ,        ,        ,        ,        ,        ,        ,        ,      
kronro01 , 1995,     1, HAR , NHL , R  , 77.0, 22.0,  28.0,  50.0,   6.0, -1.0 ,  8.0,  9.0,  1.0,  2.0,  3.0, 0.0, 203.0,       ,      ,      ,        ,        ,        ,        ,        ,        ,        ,        ,      
kronro01 , 1996,     1, HAR , NHL , C  , 68.0, 10.0,  12.0,  22.0,  10.0, -18.0,  2.0,  4.0,  0.0,  0.0,  4.0, 1.0, 182.0,       ,      ,      ,        ,        ,        ,        ,        ,        ,        ,        ,      
kronro01 , 1997,     1, CAR , NHL , C  , 81.0, 16.0,  20.0,  36.0,  12.0, -8.0 ,  4.0,  3.0,  0.0,  1.0,  2.0, 1.0, 175.0,       ,      ,      ,        ,        ,        ,        ,        ,        ,        ,        ,      
kronro01 , 1998,     1, CAR , NHL , L  , 75.0,  9.0,  16.0,  25.0,  10.0, -13.0,  3.0,  3.0,  1.0,  0.0,  2.0, 0.0, 134.0,    5.0,   2.0,   0.0,     2.0,     0.0, 2.0    ,     0.0,     0.0,     0.0,     0.0,     1.0,    10.0
kronro01 , 1999,     1, CAR , NHL , L  , 81.0, 13.0,  27.0,  40.0,   8.0, -4.0 ,  2.0,  4.0,  1.0,  0.0,  3.0, 1.0, 134.0,       ,      ,      ,        ,        ,        ,        ,        ,        ,        ,        ,      
kronro01 , 2000,     1, CBS , NHL , L  , 59.0,  8.0,  11.0,  19.0,  10.0, 4.0  ,  0.0,  0.0,  1.0,  0.0,  1.0, 0.0, 134.0,       ,      ,      ,        ,        ,        ,        ,        ,        ,        ,        ,      
kronro01 , 2001,     1, CBS , NHL , C  , 59.0,  4.0,  11.0,  15.0,   4.0, -14.0,  1.0,  3.0,  0.0,  1.0,  0.0, 0.0,  92.0,       ,      ,      ,        ,        ,        ,        ,        ,        ,        ,        ,      
kronwni01, 2003,     1, DET , NHL , D  , 20.0,  1.0,   4.0,   5.0,  16.0, 5.0  ,  0.0,  0.0,  0.0,  0.0,  1.0, 0.0,  18.0,       ,      ,      ,        ,        ,        ,        ,        ,        ,        ,        ,      
kronwni01, 2005,     1, DET , NHL , D  , 27.0,  1.0,   8.0,   9.0,  28.0, 11.0 ,  1.0,  1.0,  0.0,  0.0,  0.0,    ,  28.0,    6.0,   0.0,   3.0,     3.0,     2.0, 0.0    ,     0.0,     2.0,     0.0,     0.0,     0.0,     7.0
kronwni01, 2006,     1, DET , NHL , D  , 68.0,  1.0,  21.0,  22.0,  54.0, 0.0  ,  1.0,  5.0,  0.0,  0.0,  0.0,    , 104.0,       ,      ,      ,        ,        ,        ,        ,        ,        ,        ,        ,      
kronwni01, 2007,     1, DET , NHL , D  , 65.0,  7.0,  28.0,  35.0,  44.0, 25.0 ,  0.0,  8.0,  0.0,  0.0,  0.0,    , 108.0,   22.0,   0.0,  15.0,    15.0,    18.0, 16.0   ,     0.0,     7.0,     0.0,     0.0,     0.0,    21.0
kronwni01, 2008,     1, DET , NHL , D  , 80.0,  6.0,  45.0,  51.0,  50.0, 2.0  ,  4.0, 18.0,  0.0,  1.0,  1.0,    , 121.0,   23.0,   2.0,   7.0,     9.0,    33.0, 4.0    ,     2.0,     5.0,     0.0,     0.0,     0.0,    32.0
kronwni01, 2009,     1, DET , NHL , D  , 48.0,  7.0,  15.0,  22.0,  32.0, 5.0  ,  3.0,  5.0,  0.0,  4.0,  0.0,    ,  68.0,   12.0,   0.0,   5.0,     5.0,    12.0, 2.0    ,     0.0,     3.0,     0.0,     0.0,     0.0,    15.0
kronwst01, 2005,     1, TOR , NHL , D  , 34.0,  0.0,   1.0,   1.0,  14.0, -3.0 ,  0.0,  0.0,  0.0,  0.0,  0.0,    ,  18.0,       ,      ,      ,        ,        ,        ,        ,        ,        ,        ,        ,      
kronwst01, 2007,     1, TOR , NHL , D  , 18.0,  0.0,   0.0,   0.0,   7.0, -2.0 ,  0.0,  0.0,  0.0,  0.0,  0.0,    ,   9.0,       ,      ,      ,        ,        ,        ,        ,        ,        ,        ,        ,      
kronwst01, 2008,     1, WAS , NHL , D  ,  3.0,  0.0,   0.0,   0.0,   0.0, -1.0 ,  0.0,  0.0,  0.0,  0.0,  0.0,    ,   4.0,       ,      ,      ,        ,        ,        ,        ,        ,        ,        ,        ,      
kronwst01, 2009,     1, CAL , NHL , D  , 11.0,  1.0,   2.0,   3.0,   2.0, -1.0 ,  0.0,  0.0,  0.0,  0.0,  1.0,    ,   6.0,       ,      ,      ,        ,        ,        ,        ,        ,        ,        ,        ,      
krookke01, 1978,     1, COR , NHL , D  ,  3.0,  0.0,   0.0,   0.0,   2.0, 0.0  ,  0.0,     ,  0.0,     ,  0.0, 0.0,   0.0,       ,      ,      ,        ,        ,        ,        ,        ,        ,        ,        ,      
kroupvl01, 1993,     1, SJS , NHL , D  , 27.0,  1.0,   3.0,   4.0,  20.0, -6.0 ,  0.0,  0.0,  0.0,  0.0,  0.0, 0.0,  16.0,   14.0,   1.0,   2.0,     3.0,    21.0, -8.0   ,     0.0,     0.0,     0.0,     1.0,     1.0,     6.0
kroupvl01, 1994,     1, SJS , NHL , D  , 14.0,  0.0,   2.0,   2.0,  16.0, -7.0 ,  0.0,  0.0,  0.0,  1.0,  0.0, 0.0,   4.0,    6.0,   0.0,   0.0,     0.0,     4.0, -3.0   ,     0.0,     0.0,     0.0,     0.0,     0.0,     3.0
kroupvl01, 1995,     1, SJS , NHL , D  , 27.0,  1.0,   7.0,   8.0,  18.0, -17.0,  0.0,  2.0,  0.0,  0.0,  0.0, 0.0,  11.0,       ,      ,      ,        ,        ,        ,        ,        ,        ,        ,        ,      
kroupvl01, 1996,     1, SJS , NHL , D  , 35.0,  2.0,   6.0,   8.0,  12.0, -17.0,  2.0,  2.0,  0.0,  0.0,  1.0, 0.0,  24.0,       ,      ,      ,        ,        ,        ,        ,        ,        ,        ,        ,      
kroupvl01, 1997,     1, NJD , NHL , D  ,  2.0,  0.0,   1.0,   1.0,   0.0, 1.0  ,  0.0,  0.0,  0.0,  0.0,  0.0, 0.0,   1.0,       ,      ,      ,        ,        ,        ,        ,        ,        ,        ,        ,      
kruliji01, 1970,     1, NYR , NHL , L  , 27.0,  0.0,   2.0,   2.0,   6.0, -1.0 ,  0.0,     ,  0.0,     ,  0.0, 0.0,  13.0,       ,      ,      ,        ,        ,        ,        ,        ,        ,        ,        ,      
kruliji01, 1970,     2, DET , NHL , L  , 14.0,  0.0,   1.0,   1.0,   0.0, -6.0 ,  0.0,     ,  0.0,     ,  0.0, 0.0,   7.0,       ,      ,      ,        ,        ,        ,        ,        ,        ,        ,        ,      
krupija01, 1972,     1, LAS , WHA , R  ,  6.0,  1.0,   0.0,   1.0,   2.0,      ,  0.0,     ,  0.0,     ,     ,    ,      ,       ,      ,      ,        ,        ,        ,        ,        ,        ,        ,        ,      
krupija01, 1972,     2, NRA , WHA , R  , 30.0,  1.0,   2.0,   3.0,   4.0,      ,  0.0,     ,  0.0,     ,     ,    ,      ,       ,      ,      ,        ,        ,        ,        ,        ,        ,        ,        ,      
kruppgo01, 1990,     1, DET , NHL , D  ,  4.0,  0.0,   0.0,   0.0,   0.0, 1.0  ,  0.0,  0.0,  0.0,  0.0,  0.0, 0.0,   0.0,       ,      ,      ,        ,        ,        ,        ,        ,        ,        ,        ,      
kruppgo01, 1992,     1, DET , NHL , D  , 10.0,  0.0,   0.0,   0.0,  20.0, 1.0  ,  0.0,  0.0,  0.0,  0.0,  0.0, 0.0,   7.0,       ,      ,      ,        ,        ,        ,        ,        ,        ,        ,        ,      
kruppgo01, 1993,     1, DET , NHL , D  ,  9.0,  0.0,   0.0,   0.0,  12.0, -4.0 ,  0.0,  0.0,  0.0,  0.0,  0.0, 0.0,   5.0,       ,      ,      ,        ,        ,        ,        ,        ,        ,        ,        ,      
kruppuw01, 1986,     1, BUF , NHL , D  , 26.0,  1.0,   4.0,   5.0,  23.0, -9.0 ,  0.0,     ,  0.0,     ,  0.0, 0.0,  34.0,       ,      ,      ,        ,        ,        ,        ,        ,        ,        ,        ,      
kruppuw01, 1987,     1, BUF , NHL , D  , 75.0,  2.0,   9.0,  11.0, 151.0, -1.0 ,  0.0,  2.0,  0.0,  1.0,  0.0, 0.0,  84.0,    6.0,   0.0,   0.0,     0.0,    15.0, -5.0   ,     0.0,     0.0,     0.0,     0.0,     0.0,     3.0
kruppuw01, 1988,     1, BUF , NHL , D  , 70.0,  5.0,  13.0,  18.0,  55.0, 0.0  ,  0.0,  0.0,  1.0,  1.0,  0.0, 0.0,  51.0,    5.0,   0.0,   1.0,     1.0,     4.0, -4.0   ,     0.0,     1.0,     0.0,     0.0,     0.0,     3.0
kruppuw01, 1989,     1, BUF , NHL , D  , 74.0,  3.0,  20.0,  23.0,  85.0, 15.0 ,  0.0,  2.0,  1.0,  1.0,  1.0, 0.0,  69.0,    6.0,   0.0,   0.0,     0.0,     4.0, -4.0   ,     0.0,     0.0,     0.0,     0.0,     0.0,     4.0
kruppuw01, 1990,     1, BUF , NHL , D  , 74.0, 12.0,  32.0,  44.0,  66.0, 14.0 ,  6.0, 14.0,  0.0,  1.0,  0.0, 2.0, 138.0,    6.0,   1.0,   1.0,     2.0,     6.0, -2.0   ,     1.0,     1.0,     0.0,     0.0,     0.0,    13.0
kruppuw01, 1991,     1, BUF , NHL , D  ,  8.0,  2.0,   0.0,   2.0,   6.0, 0.0  ,  0.0,  0.0,  0.0,  0.0,  0.0, 0.0,  13.0,       ,      ,      ,        ,        ,        ,        ,        ,        ,        ,        ,      
kruppuw01, 1991,     2, NYI , NHL , D  , 59.0,  6.0,  29.0,  35.0,  43.0, 13.0 ,  2.0, 11.0,  0.0,  0.0,  0.0, 0.0, 115.0,       ,      ,      ,        ,        ,        ,        ,        ,        ,        ,        ,      
kruppuw01, 1992,     1, NYI , NHL , D  , 80.0,  9.0,  29.0,  38.0,  67.0, 6.0  ,  2.0, 15.0,  0.0,  1.0,  2.0, 0.0, 116.0,   18.0,   1.0,   5.0,     6.0,    12.0, 2.0    ,     0.0,     0.0,     0.0,     0.0,     0.0,    28.0
kruppuw01, 1993,     1, NYI , NHL , D  , 41.0,  7.0,  14.0,  21.0,  30.0, 11.0 ,  3.0,  4.0,  0.0,  1.0,  0.0, 0.0,  82.0,    4.0,   0.0,   1.0,     1.0,     4.0, -3.0   ,     0.0,     1.0,     0.0,     0.0,     0.0,     4.0
kruppuw01, 1994,     1, QUE , NHL , D  , 44.0,  6.0,  17.0,  23.0,  20.0, 14.0 ,  3.0,  9.0,  0.0,  0.0,  1.0, 1.0, 102.0,    5.0,   0.0,   2.0,     2.0,     2.0, -2.0   ,     0.0,     0.0,     0.0,     0.0,     0.0,    13.0
kruppuw01, 1995,     1, COL , NHL , D  ,  6.0,  0.0,   3.0,   3.0,   4.0, 4.0  ,  0.0,  2.0,  0.0,  0.0,  0.0, 0.0,   9.0,   22.0,   4.0,  12.0,    16.0,    33.0, 5.0    ,     1.0,     4.0,     0.0,     0.0,     2.0,    38.0
kruppuw01, 1996,     1, COL , NHL , D  , 60.0,  4.0,  17.0,  21.0,  48.0, 12.0 ,  2.0,  3.0,  0.0,  2.0,  1.0, 0.0, 107.0,       ,      ,      ,        ,        ,        ,        ,        ,        ,        ,        ,      
kruppuw01, 1997,     1, COL , NHL , D  , 78.0,  9.0,  22.0,  31.0,  38.0, 21.0 ,  5.0,  8.0,  0.0,  1.0,  2.0, 0.0, 149.0,    7.0,   0.0,   1.0,     1.0,     4.0, 2.0    ,     0.0,     0.0,     0.0,     0.0,     0.0,    18.0
kruppuw01, 1998,     1, DET , NHL , D  , 22.0,  3.0,   2.0,   5.0,   6.0, 0.0  ,  0.0,  1.0,  0.0,  0.0,  0.0, 0.0,  32.0,       ,      ,      ,        ,        ,        ,        ,        ,        ,        ,        ,      
kruppuw01, 2001,     1, DET , NHL , D  ,  8.0,  0.0,   1.0,   1.0,   8.0, -1.0 ,  0.0,  0.0,  0.0,  0.0,  0.0, 0.0,   9.0,    2.0,   0.0,   0.0,     0.0,     2.0, -5.0   ,     0.0,     0.0,     0.0,     0.0,     0.0,     1.0
kruppuw01, 2002,     1, ATL , NHL , D  ,  4.0,  0.0,   0.0,   0.0,  10.0, -2.0 ,  0.0,  0.0,  0.0,  0.0,  0.0, 0.0,   1.0,       ,      ,      ,        ,        ,        ,        ,        ,        ,        ,        ,      
krusepa01, 1990,     1, CAL , NHL , L  ,  1.0,  0.0,   0.0,   0.0,   7.0, -1.0 ,  0.0,  0.0,  0.0,  0.0,  0.0, 0.0,   0.0,       ,      ,      ,        ,        ,        ,        ,        ,        ,        ,        ,      
krusepa01, 1991,     1, CAL , NHL , L  , 16.0,  3.0,   1.0,   4.0,  65.0, 1.0  ,  0.0,  0.0,  0.0,  0.0,  0.0, 0.0,  12.0,       ,      ,      ,        ,        ,        ,        ,        ,        ,        ,        ,      
krusepa01, 1992,     1, CAL , NHL , L  , 27.0,  2.0,   3.0,   5.0,  41.0, 2.0  ,  0.0,  0.0,  0.0,  0.0,  0.0, 0.0,  17.0,       ,      ,      ,        ,        ,        ,        ,        ,        ,        ,        ,      
krusepa01, 1993,     1, CAL , NHL , L  , 68.0,  3.0,   8.0,  11.0, 185.0, -6.0 ,  0.0,  0.0,  0.0,  0.0,  0.0, 0.0,  52.0,    7.0,   0.0,   0.0,     0.0,    14.0, -3.0   ,     0.0,     0.0,     0.0,     0.0,     0.0,    11.0
krusepa01, 1994,     1, CAL , NHL , L  , 45.0, 11.0,   5.0,  16.0, 141.0, 13.0 ,  0.0,  0.0,  0.0,  0.0,  2.0, 0.0,  52.0,    7.0,   4.0,   2.0,     6.0,    10.0, 2.0    ,     0.0,     0.0,     1.0,     0.0,     0.0,    18.0
krusepa01, 1995,     1, CAL , NHL , L  , 75.0,  3.0,  12.0,  15.0, 145.0, -5.0 ,  0.0,  0.0,  0.0,  0.0,  0.0, 0.0,  83.0,    3.0,   0.0,   0.0,     0.0,     4.0, -1.0   ,     0.0,     0.0,     0.0,     0.0,     0.0,     3.0
krusepa01, 1996,     1, CAL , NHL , L  , 14.0,  2.0,   0.0,   2.0,  30.0, -4.0 ,  0.0,  0.0,  0.0,  0.0,  1.0, 0.0,  10.0,       ,      ,      ,        ,        ,        ,        ,        ,        ,        ,        ,      
krusepa01, 1996,     2, NYI , NHL , L  , 48.0,  4.0,   2.0,   6.0, 111.0, -5.0 ,  0.0,  0.0,  0.0,  0.0,  0.0, 0.0,  39.0,       ,      ,      ,        ,        ,        ,        ,        ,        ,        ,        ,      
krusepa01, 1997,     1, NYI , NHL , L  , 62.0,  6.0,   1.0,   7.0, 138.0, -12.0,  0.0,  0.0,  0.0,  0.0,  2.0, 1.0,  44.0,       ,      ,      ,        ,        ,        ,        ,        ,        ,        ,        ,      
krusepa01, 1997,     2, BUF , NHL , L  , 12.0,  1.0,   1.0,   2.0,  49.0, 1.0  ,  0.0,  0.0,  0.0,  0.0,  0.0, 0.0,   8.0,    1.0,   1.0,   0.0,     1.0,     4.0, 1.0    ,     0.0,     0.0,     0.0,     0.0,     0.0,     2.0
krusepa01, 1998,     1, BUF , NHL , L  , 43.0,  3.0,   0.0,   3.0, 114.0, 0.0  ,  0.0,  0.0,  0.0,  0.0,  0.0, 0.0,  33.0,   10.0,   0.0,   0.0,     0.0,     4.0, 0.0    ,     0.0,     0.0,     0.0,     0.0,     0.0,     0.0
krusepa01, 1999,     1, BUF , NHL , L  , 11.0,  0.0,   0.0,   0.0,  43.0, -2.0 ,  0.0,  0.0,  0.0,  0.0,  0.0, 0.0,   7.0,       ,      ,      ,        ,        ,        ,        ,        ,        ,        ,        ,      
krusepa01, 2000,     1, SJS , NHL , L  ,  1.0,  0.0,   0.0,   0.0,   5.0, 0.0  ,  0.0,  0.0,  0.0,  0.0,  0.0, 0.0,   0.0,       ,      ,      ,        ,        ,        ,        ,        ,        ,        ,        ,      
krushmi01, 1981,     1, BOS , NHL , C  , 17.0,  3.0,   3.0,   6.0,   2.0, 0.0  ,  0.0,     ,  1.0,     ,  0.0, 0.0,  19.0,    1.0,   0.0,   0.0,     0.0,     2.0,        ,     0.0,        ,     0.0,        ,     0.0,      
krushmi01, 1982,     1, BOS , NHL , L  , 79.0, 23.0,  42.0,  65.0,  43.0, 38.0 ,  4.0,     ,  2.0,     ,  1.0, 0.0, 153.0,   17.0,   8.0,   6.0,    14.0,    12.0,        ,     2.0,        ,     0.0,        ,     0.0,      
krushmi01, 1983,     1, BOS , NHL , L  , 66.0, 25.0,  20.0,  45.0,  55.0, 9.0  ,  3.0,     ,  2.0,     ,  1.0, 0.0, 152.0,    2.0,   0.0,   0.0,     0.0,     0.0, 1.0    ,     0.0,        ,     0.0,        ,     0.0,     2.0
krushmi01, 1984,     1, EDM , NHL , L  , 80.0, 43.0,  45.0,  88.0,  60.0, 56.0 , 12.0,     ,  0.0,     ,  4.0, 1.0, 187.0,   18.0,   5.0,   8.0,    13.0,    22.0, 9.0    ,     2.0,        ,     0.0,        ,     2.0,    37.0
krushmi01, 1985,     1, EDM , NHL , L  , 54.0, 16.0,  24.0,  40.0,  22.0, 11.0 ,  3.0,     ,  0.0,     ,  1.0, 1.0,  98.0,   10.0,   4.0,   5.0,     9.0,    16.0, 3.0    ,     1.0,        ,     0.0,        ,     2.0,    15.0
krushmi01, 1986,     1, EDM , NHL , L  , 80.0, 16.0,  35.0,  51.0,  67.0, 26.0 ,  4.0,     ,  1.0,     ,  2.0, 0.0,  89.0,   21.0,   3.0,   4.0,     7.0,    18.0, 4.0    ,     0.0,        ,     0.0,        ,     1.0,    29.0
krushmi01, 1987,     1, EDM , NHL , L  , 76.0, 20.0,  27.0,  47.0,  64.0, 26.0 ,  4.0,  1.0,  0.0,  1.0,  0.0, 0.0, 124.0,   19.0,   4.0,   6.0,    10.0,    12.0, 4.0    ,     0.0,     0.0,     0.0,     0.0,     0.0,    18.0
krushmi01, 1988,     1, LAK , NHL , L  , 78.0, 26.0,  36.0,  62.0, 110.0, 9.0  ,  5.0,  5.0,  0.0,  0.0,  8.0, 1.0, 143.0,   11.0,   1.0,   4.0,     5.0,     4.0, -7.0   ,     1.0,     3.0,     0.0,     0.0,     0.0,    21.0
krushmi01, 1989,     1, LAK , NHL , L  , 63.0, 16.0,  25.0,  41.0,  50.0, 7.0  ,  2.0,  4.0,  2.0,  2.0,  2.0, 1.0, 101.0,   10.0,   1.0,   3.0,     4.0,    12.0, 0.0    ,     0.0,     0.0,     0.0,     1.0,     1.0,    16.0
krushmi01, 1990,     1, LAK , NHL , L  , 15.0,  1.0,   5.0,   6.0,  10.0, 7.0  ,  1.0,     ,  0.0,     ,  0.0, 0.0,  11.0,       ,      ,      ,        ,        ,        ,        ,        ,        ,        ,        ,      
krushmi01, 1990,     2, TOR , NHL , L  , 59.0, 17.0,  22.0,  39.0,  48.0, -6.0 ,  2.0,     ,  2.0,  0.0,  1.0, 1.0,  98.0,       ,      ,      ,        ,        ,        ,        ,        ,        ,        ,        ,      
krushmi01, 1991,     1, TOR , NHL , L  , 72.0,  9.0,  15.0,  24.0,  72.0, -5.0 ,  0.0,  1.0,  2.0,  2.0,  1.0, 0.0, 100.0,       ,      ,      ,        ,        ,        ,        ,        ,        ,        ,        ,      
krushmi01, 1992,     1, TOR , NHL , L  , 84.0, 19.0,  20.0,  39.0,  62.0, 3.0  ,  6.0,  5.0,  2.0,  1.0,  3.0, 0.0, 130.0,   16.0,   3.0,   7.0,    10.0,     8.0, 4.0    ,     1.0,     1.0,     0.0,     0.0,     0.0,    29.0
krushmi01, 1993,     1, TOR , NHL , C  , 54.0,  5.0,   6.0,  11.0,  28.0, -5.0 ,  1.0,  0.0,  0.0,  0.0,  1.0, 0.0,  71.0,    6.0,   0.0,   0.0,     0.0,     0.0, -2.0   ,     0.0,     0.0,     0.0,     0.0,     0.0,     4.0
krushmi01, 1994,     1, DET , NHL , L  , 20.0,  2.0,   3.0,   5.0,   6.0, 3.0  ,  0.0,  0.0,  0.0,  0.0,  0.0, 0.0,  20.0,    8.0,   0.0,   0.0,     0.0,     0.0, 1.0    ,     0.0,     0.0,     0.0,     0.0,     0.0,     1.0
krutovl01, 1989,     1, VAN , NHL , L  , 61.0, 11.0,  23.0,  34.0,  20.0, -5.0 ,  2.0,  8.0,  0.0,  0.0,  1.0, 0.0,  81.0,       ,      ,      ,        ,        ,        ,        ,        ,        ,        ,        ,      
krygito01, 1989,     1, HAR , NHL , L  , 58.0, 18.0,  12.0,  30.0,  52.0, 4.0  ,  5.0,  0.0,  1.0,  0.0,  3.0, 1.0, 103.0,    7.0,   2.0,   1.0,     3.0,     4.0, 2.0    ,     0.0,     0.0,     0.0,     0.0,     0.0,    12.0
krygito01, 1990,     1, HAR , NHL , L  , 72.0, 13.0,  17.0,  30.0,  95.0, 1.0  ,  3.0,  2.0,  0.0,  1.0,  2.0, 3.0, 113.0,    6.0,   0.0,   2.0,     2.0,     0.0, -1.0   ,     0.0,     0.0,     0.0,     1.0,     0.0,     8.0
krygito01, 1991,     1, WAS , NHL , L  , 67.0, 13.0,  17.0,  30.0, 107.0, -1.0 ,  1.0,  1.0,  0.0,  0.0,  1.0, 0.0, 127.0,    5.0,   2.0,   1.0,     3.0,     4.0, 0.0    ,     0.0,     0.0,     0.0,     0.0,     0.0,     8.0
krygito01, 1992,     1, WAS , NHL , L  , 77.0, 11.0,  12.0,  23.0,  60.0, -13.0,  0.0,  0.0,  2.0,  0.0,  0.0, 1.0, 133.0,    6.0,   1.0,   1.0,     2.0,     4.0, -1.0   ,     0.0,     0.0,     1.0,     0.0,     0.0,    16.0
krygito01, 1993,     1, WAS , NHL , R  , 66.0, 12.0,  18.0,  30.0,  60.0, -4.0 ,  0.0,  1.0,  1.0,  1.0,  3.0, 0.0, 146.0,    5.0,   2.0,   0.0,     2.0,    10.0, -2.0   ,     0.0,     0.0,     0.0,     0.0,     0.0,     6.0
krygito01, 1994,     1, ANA , NHL , L  , 35.0, 11.0,  11.0,  22.0,  10.0, 1.0  ,  1.0,  2.0,  0.0,  0.0,  1.0, 0.0,  90.0,       ,      ,      ,        ,        ,        ,        ,        ,        ,        ,        ,      
krygito01, 1995,     1, ANA , NHL , L  , 60.0,  9.0,  28.0,  37.0,  70.0, -9.0 ,  2.0,  4.0,  1.0,  3.0,  0.0, 1.0, 153.0,       ,      ,      ,        ,        ,        ,        ,        ,        ,        ,        ,      
krygito01, 1995,     2, WAS , NHL , L  , 16.0,  6.0,   5.0,  11.0,  12.0, 8.0  ,  1.0,  0.0,  0.0,  0.0,  0.0, 0.0,  28.0,    6.0,   2.0,   0.0,     2.0,    12.0, -3.0   ,     0.0,     0.0,     0.0,     0.0,     1.0,    15.0
krygito01, 1996,     1, WAS , NHL , L  , 47.0,  5.0,  11.0,  16.0,  37.0, -10.0,  1.0,  4.0,  0.0,  0.0,  1.0, 0.0, 121.0,       ,      ,      ,        ,        ,        ,        ,        ,        ,        ,        ,      
krygito01, 1997,     1, WAS , NHL , R  , 45.0,  2.0,  12.0,  14.0,  30.0, -3.0 ,  0.0,  3.0,  0.0,  0.0,  1.0, 0.0,  71.0,   13.0,   1.0,   2.0,     3.0,     6.0, -2.0   ,     0.0,     0.0,     0.0,     0.0,     1.0,    12.0
kryskda01, 1972,     1, CHI , NHL , L  , 11.0,  1.0,   0.0,   1.0,   0.0, -1.0 ,  0.0,     ,  0.0,     ,  0.0, 0.0,   4.0,    3.0,   2.0,   0.0,     2.0,     0.0,        ,     0.0,        ,     0.0,        ,     0.0,      
kryskda01, 1973,     1, CHI , NHL , L  , 72.0,  7.0,  12.0,  19.0,  22.0, 5.0  ,  0.0,     ,  1.0,     ,  0.0, 0.0,  60.0,    7.0,   0.0,   0.0,     0.0,     2.0,        ,     0.0,        ,     0.0,        ,     0.0,      
kryskda01, 1974,     1, WAS , NHL , L  , 51.0,  9.0,  15.0,  24.0,  83.0, -28.0,  1.0,     ,  1.0,     ,  0.0, 0.0,  98.0,       ,      ,      ,        ,        ,        ,        ,        ,        ,        ,        ,      
kryskda01, 1974,     2, DET , NHL , L  , 18.0,  1.0,   4.0,   5.0,   4.0, -2.0 ,  0.0,     ,  0.0,     ,  0.0, 0.0,   7.0,       ,      ,      ,        ,        ,        ,        ,        ,        ,        ,        ,      
kryskda01, 1975,     1, ATF , NHL , L  , 79.0, 15.0,  25.0,  40.0,  65.0, -6.0 ,  1.0,     ,  0.0,     ,  2.0, 1.0, 120.0,    2.0,   0.0,   0.0,     0.0,     2.0,        ,     0.0,        ,     0.0,        ,     0.0,      
kryskda01, 1976,     1, CAC , WHA , L  , 45.0, 16.0,  17.0,  33.0,  47.0, -14.0,  3.0,     ,  1.0,     ,     ,    , 124.0,       ,      ,      ,        ,        ,        ,        ,        ,        ,        ,        ,      
kryskda01, 1977,     1, WIJ , WHA , L  , 71.0, 20.0,  21.0,  41.0,  16.0, 12.0 ,  3.0,     ,  0.0,     ,     ,    , 103.0,    9.0,   4.0,   4.0,     8.0,     2.0, 1.0    ,        ,        ,        ,        ,     1.0,      
kryzaed01, 1948,     1, BOS , NHL , D  , 36.0,  1.0,   3.0,   4.0,  10.0,      ,     ,     ,     ,     ,     ,    ,      ,    5.0,   0.0,   1.0,     1.0,     2.0,        ,        ,        ,        ,        ,        ,      
kryzaed01, 1949,     1, BOS , NHL , D  , 57.0,  6.0,  10.0,  16.0,  12.0,      ,     ,     ,     ,     ,     ,    ,      ,       ,      ,      ,        ,        ,        ,        ,        ,        ,        ,        ,      
kryzaed01, 1950,     1, BOS , NHL , D  , 69.0,  3.0,   6.0,   9.0,  10.0,      ,     ,     ,     ,     ,     ,    ,      ,    6.0,   0.0,   0.0,     0.0,     2.0,        ,        ,        ,        ,        ,        ,      
kryzaed01, 1951,     1, BOS , NHL , D  , 70.0,  5.0,   3.0,   8.0,  33.0,      ,     ,     ,     ,     ,     ,    ,      ,    7.0,   0.0,   0.0,     0.0,     0.0,        ,        ,        ,        ,        ,        ,      
kryzaed01, 1952,     1, CHI , NHL , D  ,  5.0,  0.0,   0.0,   0.0,   0.0,      ,     ,     ,     ,     ,     ,    ,      ,       ,      ,      ,        ,        ,        ,        ,        ,        ,        ,        ,      
kubafi01 , 1998,     1, FLO , NHL , D  ,  5.0,  0.0,   1.0,   1.0,   0.0, 2.0  ,  0.0,  0.0,  0.0,  0.0,  0.0, 0.0,   5.0,       ,      ,      ,        ,        ,        ,        ,        ,        ,        ,        ,      
kubafi01 , 1999,     1, FLO , NHL , D  , 13.0,  1.0,   5.0,   6.0,   2.0, -3.0 ,  1.0,  3.0,  0.0,  0.0,  1.0, 0.0,  16.0,       ,      ,      ,        ,        ,        ,        ,        ,        ,        ,        ,      
kubafi01 , 2000,     1, MIN , NHL , D  , 75.0,  9.0,  21.0,  30.0,  28.0, -6.0 ,  4.0, 10.0,  0.0,  1.0,  4.0, 1.0, 141.0,       ,      ,      ,        ,        ,        ,        ,        ,        ,        ,        ,      
kubafi01 , 2001,     1, MIN , NHL , D  , 62.0,  5.0,  19.0,  24.0,  32.0, -6.0 ,  3.0,  6.0,  0.0,  1.0,  1.0, 0.0, 101.0,       ,      ,      ,        ,        ,        ,        ,        ,        ,        ,        ,      
kubafi01 , 2002,     1, MIN , NHL , D  , 78.0,  8.0,  21.0,  29.0,  29.0, 0.0  ,  4.0,  8.0,  2.0,  0.0,  1.0, 0.0, 129.0,   18.0,   3.0,   5.0,     8.0,    24.0, -8.0   ,     3.0,     2.0,     0.0,     0.0,     0.0,    21.0
kubafi01 , 2003,     1, MIN , NHL , D  , 77.0,  5.0,  19.0,  24.0,  28.0, -7.0 ,  2.0, 11.0,  1.0,  0.0,  2.0, 0.0, 114.0,       ,      ,      ,        ,        ,        ,        ,        ,        ,        ,        ,      
kubafi01 , 2005,     1, MIN , NHL , D  , 65.0,  6.0,  19.0,  25.0,  44.0, 0.0  ,  1.0,  3.0,  1.0,  1.0,  1.0,    ,  69.0,       ,      ,      ,        ,        ,        ,        ,        ,        ,        ,        ,      
kubafi01 , 2006,     1, TBL , NHL , D  , 81.0, 15.0,  22.0,  37.0,  36.0, -9.0 ,  5.0, 13.0,  1.0,  1.0,  2.0,    , 106.0,    6.0,   1.0,   4.0,     5.0,     4.0, -1.0   ,     0.0,     2.0,     1.0,     0.0,     0.0,    13.0
kubafi01 , 2007,     1, TBL , NHL , D  , 75.0,  6.0,  25.0,  31.0,  40.0, -8.0 ,  2.0,  9.0,  0.0,  1.0,  0.0,    , 113.0,       ,      ,      ,        ,        ,        ,        ,        ,        ,        ,        ,      
kubafi01 , 2008,     1, OTT , NHL , D  , 71.0,  3.0,  37.0,  40.0,  28.0, 4.0  ,  2.0, 24.0,  0.0,  0.0,  0.0,    , 111.0,       ,      ,      ,        ,        ,        ,        ,        ,        ,        ,        ,      
kubafi01 , 2009,     1, OTT , NHL , D  , 53.0,  3.0,  25.0,  28.0,  28.0, -5.0 ,  2.0,  9.0,  0.0,  0.0,  0.0,    ,  90.0,       ,      ,      ,        ,        ,        ,        ,        ,        ,        ,        ,      
kubinpa01, 1997,     1, TBL , NHL , D  , 10.0,  1.0,   2.0,   3.0,  22.0, -1.0 ,  0.0,  0.0,  0.0,  0.0,  0.0, 0.0,   8.0,       ,      ,      ,        ,        ,        ,        ,        ,        ,        ,        ,      
kubinpa01, 1998,     1, TBL , NHL , D  , 68.0,  9.0,  12.0,  21.0,  80.0, -33.0,  3.0,  3.0,  1.0,  0.0,  1.0, 1.0, 119.0,       ,      ,      ,        ,        ,        ,        ,        ,        ,        ,        ,      
kubinpa01, 1999,     1, TBL , NHL , D  , 69.0,  8.0,  18.0,  26.0,  93.0, -19.0,  6.0,  9.0,  0.0,  0.0,  3.0, 0.0, 128.0,       ,      ,      ,        ,        ,        ,        ,        ,        ,        ,        ,      
kubinpa01, 2000,     1, TBL , NHL , D  , 70.0, 11.0,  19.0,  30.0, 103.0, -14.0,  6.0,  6.0,  1.0,  1.0,  1.0, 0.0, 128.0,       ,      ,      ,        ,        ,        ,        ,        ,        ,        ,        ,      
kubinpa01, 2001,     1, TBL , NHL , D  , 82.0, 11.0,  23.0,  34.0, 106.0, -22.0,  5.0, 13.0,  2.0,  0.0,  3.0, 0.0, 189.0,       ,      ,      ,        ,        ,        ,        ,        ,        ,        ,        ,      
kubinpa01, 2002,     1, TBL , NHL , D  , 75.0,  3.0,  19.0,  22.0,  78.0, -7.0 ,  0.0,  9.0,  0.0,  0.0,  0.0, 0.0, 139.0,   11.0,   0.0,   0.0,     0.0,    12.0, -4.0   ,     0.0,     0.0,     0.0,     0.0,     0.0,    14.0
kubinpa01, 2003,     1, TBL , NHL , D  , 81.0, 17.0,  18.0,  35.0,  85.0, 9.0  ,  8.0,  4.0,  1.0,  0.0,  4.0, 0.0, 153.0,   22.0,   0.0,   4.0,     4.0,    50.0, 0.0    ,     0.0,     3.0,     0.0,     1.0,     0.0,    29.0
kubinpa01, 2005,     1, TBL , NHL , D  , 76.0,  5.0,  33.0,  38.0,  96.0, -12.0,  4.0, 22.0,  0.0,  2.0,  3.0,    , 155.0,    5.0,   1.0,   1.0,     2.0,    26.0, -6.0   ,     1.0,     1.0,     0.0,     0.0,     0.0,     9.0
kubinpa01, 2006,     1, TOR , NHL , D  , 61.0,  7.0,  14.0,  21.0,  48.0, 7.0  ,  4.0,  4.0,  0.0,  0.0,  1.0,    ,  97.0,       ,      ,      ,        ,        ,        ,        ,        ,        ,        ,        ,      
kubinpa01, 2007,     1, TOR , NHL , D  , 72.0, 11.0,  29.0,  40.0, 116.0, 5.0  ,  6.0, 12.0,  0.0,  1.0,  4.0,    , 136.0,       ,      ,      ,        ,        ,        ,        ,        ,        ,        ,        ,      
kubinpa01, 2008,     1, TOR , NHL , D  , 82.0, 14.0,  26.0,  40.0,  94.0, -15.0,  9.0, 13.0,  0.0,  0.0,  4.0,    , 184.0,       ,      ,      ,        ,        ,        ,        ,        ,        ,        ,        ,      
kubinpa01, 2009,     1, ATL , NHL , D  , 76.0,  6.0,  32.0,  38.0,  66.0, 0.0  ,  2.0,  8.0,  0.0,  1.0,  1.0,    , 159.0,       ,      ,      ,        ,        ,        ,        ,        ,        ,        ,        ,      
kucerfr01, 1990,     1, CHI , NHL , D  , 40.0,  2.0,  12.0,  14.0,  32.0, 3.0  ,  1.0,  3.0,  0.0,  0.0,  0.0, 0.0,  65.0,       ,      ,      ,        ,        ,        ,        ,        ,        ,        ,        ,      
kucerfr01, 1991,     1, CHI , NHL , D  , 61.0,  3.0,  10.0,  13.0,  36.0, 3.0  ,  1.0,  5.0,  0.0,  0.0,  1.0, 0.0,  82.0,    6.0,   0.0,   0.0,     0.0,     0.0, -3.0   ,     0.0,     0.0,     0.0,     0.0,     0.0,     4.0
kucerfr01, 1992,     1, CHI , NHL , D  , 71.0,  5.0,  14.0,  19.0,  59.0, 7.0  ,  1.0,  6.0,  0.0,  0.0,  1.0, 0.0, 117.0,       ,      ,      ,        ,        ,        ,        ,        ,        ,        ,        ,      
kucerfr01, 1993,     1, CHI , NHL , D  , 60.0,  4.0,  13.0,  17.0,  34.0, 9.0  ,  2.0,  1.0,  0.0,  1.0,  0.0, 0.0,  90.0,       ,      ,      ,        ,        ,        ,        ,        ,        ,        ,        ,      
kucerfr01, 1993,     2, HAR , NHL , D  , 16.0,  1.0,   3.0,   4.0,  14.0, -12.0,  1.0,  1.0,  0.0,  0.0,  0.0, 0.0,  32.0,       ,      ,      ,        ,        ,        ,        ,        ,        ,        ,        ,      
kucerfr01, 1994,     1, HAR , NHL , D  , 48.0,  3.0,  17.0,  20.0,  30.0, 3.0  ,  0.0,  3.0,  0.0,  0.0,  1.0, 0.0,  73.0,       ,      ,      ,        ,        ,        ,        ,        ,        ,        ,        ,      
kucerfr01, 1995,     1, HAR , NHL , D  , 30.0,  2.0,   6.0,   8.0,  10.0, -3.0 ,  0.0,  2.0,  0.0,  1.0,  1.0, 0.0,  43.0,       ,      ,      ,        ,        ,        ,        ,        ,        ,        ,        ,      
kucerfr01, 1995,     2, VAN , NHL , D  , 24.0,  1.0,   0.0,   1.0,  10.0, 5.0  ,  0.0,  0.0,  0.0,  0.0,  0.0, 0.0,  34.0,    6.0,   0.0,   1.0,     1.0,     0.0, -3.0   ,     0.0,     0.0,     0.0,     0.0,     0.0,     6.0
kucerfr01, 1996,     1, VAN , NHL , D  ,  2.0,  0.0,   0.0,   0.0,   0.0, 0.0  ,  0.0,  0.0,  0.0,  0.0,  0.0, 0.0,   3.0,       ,      ,      ,        ,        ,        ,        ,        ,        ,        ,        ,      
kucerfr01, 1996,     2, PHI , NHL , D  ,  2.0,  0.0,   0.0,   0.0,   2.0, -2.0 ,  0.0,  0.0,  0.0,  0.0,  0.0, 0.0,   2.0,       ,      ,      ,        ,        ,        ,        ,        ,        ,        ,        ,      
kucerfr01, 2000,     1, CBS , NHL , D  , 48.0,  2.0,   5.0,   7.0,  12.0, -5.0 ,  0.0,  0.0,  0.0,  0.0,  0.0, 0.0,  51.0,       ,      ,      ,        ,        ,        ,        ,        ,        ,        ,        ,      
kucerfr01, 2000,     2, PIT , NHL , D  ,  7.0,  0.0,   2.0,   2.0,   0.0, -2.0 ,  0.0,  0.0,  0.0,  0.0,  0.0, 0.0,   9.0,       ,      ,      ,        ,        ,        ,        ,        ,        ,        ,        ,      
kucerfr01, 2001,     1, WAS , NHL , D  , 56.0,  1.0,  13.0,  14.0,  12.0, 7.0  ,  0.0,  2.0,  0.0,  1.0,  0.0, 0.0,  67.0,       ,      ,      ,        ,        ,        ,        ,        ,        ,        ,        ,      
kudasal01, 1993,     1, TOR , NHL , C  , 25.0,  1.0,   0.0,   1.0,   4.0, -3.0 ,  0.0,  0.0,  0.0,  0.0,  0.0, 0.0,  24.0,       ,      ,      ,        ,        ,        ,        ,        ,        ,        ,        ,      
kudelbo01, 1987,     1, LAK , NHL , C  , 26.0,  0.0,   1.0,   1.0,   8.0, -10.0,  0.0,  0.0,  0.0,  0.0,  0.0, 0.0,  18.0,       ,      ,      ,        ,        ,        ,        ,        ,        ,        ,        ,      
kudelbo01, 1988,     1, LAK , NHL , R  , 14.0,  1.0,   3.0,   4.0,  17.0, -5.0 ,  0.0,  0.0,  0.0,  0.0,  0.0, 0.0,  15.0,       ,      ,      ,        ,        ,        ,        ,        ,        ,        ,        ,      
kudelbo01, 1989,     1, LAK , NHL , C  , 62.0, 23.0,  13.0,  36.0,  49.0, -7.0 ,  2.0,  5.0,  2.0,  0.0,  3.0, 0.0, 135.0,    8.0,   1.0,   2.0,     3.0,     2.0, -5.0   ,     0.0,     1.0,     0.0,     0.0,     0.0,     9.0
kudelbo01, 1990,     1, LAK , NHL , R  , 72.0, 23.0,  13.0,  36.0,  46.0, 9.0  ,  2.0,  0.0,  3.0,  1.0,  3.0, 0.0, 137.0,    8.0,   3.0,   2.0,     5.0,     2.0, 4.0    ,     0.0,     0.0,     0.0,     0.0,     0.0,    13.0
kudelbo01, 1991,     1, LAK , NHL , C  , 80.0, 22.0,  21.0,  43.0,  42.0, -15.0,  2.0,  3.0,  1.0,  1.0,  2.0, 0.0, 155.0,    6.0,   0.0,   0.0,     0.0,     0.0, -1.0   ,     0.0,     0.0,     0.0,     0.0,     0.0,     5.0
kudelbo01, 1992,     1, LAK , NHL , R  , 15.0,  3.0,   3.0,   6.0,   8.0, -3.0 ,  0.0,  0.0,  0.0,  0.0,  1.0, 0.0,  12.0,       ,      ,      ,        ,        ,        ,        ,        ,        ,        ,        ,      
kudelbo01, 1992,     2, OTT , NHL , R  , 48.0, 21.0,  14.0,  35.0,  22.0, -22.0, 12.0,  5.0,  0.0,  0.0,  2.0, 0.0, 125.0,       ,      ,      ,        ,        ,        ,        ,        ,        ,        ,        ,      
kudelbo01, 1993,     1, OTT , NHL , R  , 42.0, 26.0,  15.0,  41.0,  14.0, -25.0, 12.0,  7.0,  0.0,  0.0,  1.0, 0.0, 127.0,       ,      ,      ,        ,        ,        ,        ,        ,        ,        ,        ,      
kudelbo01, 1993,     2, FLO , NHL , R  , 44.0, 14.0,  15.0,  29.0,  10.0, -8.0 ,  5.0,  6.0,  0.0,  0.0,  2.0, 1.0, 124.0,       ,      ,      ,        ,        ,        ,        ,        ,        ,        ,        ,      
kudelbo01, 1994,     1, FLO , NHL , R  , 26.0,  6.0,   3.0,   9.0,   2.0, 2.0  ,  3.0,  1.0,  0.0,  0.0,  1.0, 0.0,  29.0,       ,      ,      ,        ,        ,        ,        ,        ,        ,        ,        ,      
kudelbo01, 1995,     1, FLO , NHL , R  , 13.0,  0.0,   1.0,   1.0,   0.0, 1.0  ,  0.0,  0.0,  0.0,  0.0,  0.0, 0.0,  23.0,       ,      ,      ,        ,        ,        ,        ,        ,        ,        ,        ,      
kudrokr01, 2000,     1, TBL , NHL , D  , 22.0,  2.0,   2.0,   4.0,  36.0, 0.0  ,  0.0,  0.0,  0.0,  0.0,  1.0, 0.0,  12.0,       ,      ,      ,        ,        ,        ,        ,        ,        ,        ,        ,      
kudrokr01, 2001,     1, TBL , NHL , D  ,  2.0,  0.0,   0.0,   0.0,   0.0, 0.0  ,  0.0,  0.0,  0.0,  0.0,  0.0, 0.0,   0.0,       ,      ,      ,        ,        ,        ,        ,        ,        ,        ,        ,      
kudrokr01, 2003,     1, FLO , NHL , D  ,  2.0,  0.0,   0.0,   0.0,   2.0, 0.0  ,  0.0,  0.0,  0.0,  0.0,  0.0, 0.0,   0.0,       ,      ,      ,        ,        ,        ,        ,        ,        ,        ,        ,      
kuhngo01 , 1932,     1, NYA , NHL , R  , 12.0,  1.0,   1.0,   2.0,   4.0,      ,     ,     ,     ,     ,     ,    ,      ,       ,      ,      ,        ,        ,        ,        ,        ,        ,        ,        ,      
kukkola01, 2003,     1, CHI , NHL , D  , 10.0,  0.0,   1.0,   1.0,   4.0, -2.0 ,  0.0,  0.0,  0.0,  0.0,  0.0, 0.0,   9.0,       ,      ,      ,        ,        ,        ,        ,        ,        ,        ,        ,      
kukkola01, 2006,     1, CHI , NHL , D  , 54.0,  5.0,   9.0,  14.0,  30.0, 5.0  ,  1.0,  1.0,  0.0,  1.0,  2.0,    ,  45.0,       ,      ,      ,        ,        ,        ,        ,        ,        ,        ,        ,      
kukkola01, 2006,     2, PHI , NHL , D  , 20.0,  0.0,   0.0,   0.0,   8.0, -1.0 ,  0.0,  0.0,  0.0,  0.0,  0.0,    ,   9.0,       ,      ,      ,        ,        ,        ,        ,        ,        ,        ,        ,      
kukkola01, 2007,     1, PHI , NHL , D  , 53.0,  1.0,   4.0,   5.0,  38.0, 3.0  ,  0.0,  2.0,  0.0,  0.0,  0.0,    ,  31.0,   14.0,   0.0,   2.0,     2.0,     6.0, -1.0   ,     0.0,     0.0,     0.0,     0.0,     0.0,     6.0
kukkola01, 2008,     1, PHI , NHL , D  , 22.0,  0.0,   2.0,   2.0,  10.0, -2.0 ,  0.0,  0.0,  0.0,  0.0,  0.0,    ,  10.0,       ,      ,      ,        ,        ,        ,        ,        ,        ,        ,        ,      
kukulag01, 1952,     1, NYR , NHL , C  ,  3.0,  1.0,   0.0,   1.0,   0.0,      ,     ,     ,     ,     ,     ,    ,      ,       ,      ,      ,        ,        ,        ,        ,        ,        ,        ,        ,      
kukulag01, 1953,     1, NYR , NHL , C  ,  1.0,  0.0,   0.0,   0.0,   0.0,      ,     ,     ,     ,     ,     ,    ,      ,       ,      ,      ,        ,        ,        ,        ,        ,        ,        ,        ,      
kulakst01, 1982,     1, VAN , NHL , R  ,  4.0,  1.0,   1.0,   2.0,   0.0, 1.0  ,  0.0,     ,  0.0,     ,  0.0, 0.0,   2.0,       ,      ,      ,        ,        ,        ,        ,        ,        ,        ,        ,      
kulakst01, 1986,     1, VAN , NHL , R  , 28.0,  1.0,   1.0,   2.0,  37.0, -11.0,  1.0,     ,  0.0,     ,  1.0, 0.0,  24.0,       ,      ,      ,        ,        ,        ,        ,        ,        ,        ,        ,      
kulakst01, 1986,     2, EDM , NHL , R  , 23.0,  3.0,   1.0,   4.0,  41.0, 3.0  ,  0.0,     ,  0.0,     ,  1.0, 0.0,  30.0,       ,      ,      ,        ,        ,        ,        ,        ,        ,        ,        ,      
kulakst01, 1986,     3, NYR , NHL , R  ,  3.0,  0.0,   0.0,   0.0,   0.0, -1.0 ,  0.0,     ,  0.0,     ,  0.0, 0.0,   2.0,    3.0,   0.0,   0.0,     0.0,     2.0, -1.0   ,     0.0,        ,     0.0,        ,     0.0,     1.0
kulakst01, 1987,     1, QUE , NHL , R  , 14.0,  1.0,   1.0,   2.0,  28.0, -5.0 ,  0.0,  0.0,  0.0,  0.0,  0.0, 0.0,  22.0,       ,      ,      ,        ,        ,        ,        ,        ,        ,        ,        ,      
kulakst01, 1988,     1, WIN , NHL , R  , 18.0,  2.0,   0.0,   2.0,  24.0, -6.0 ,  1.0,  0.0,  0.0,  0.0,  0.0, 0.0,  18.0,       ,      ,      ,        ,        ,        ,        ,        ,        ,        ,        ,      
kuldaar01, 2009,     1, ATL , NHL , D  ,  4.0,  0.0,   2.0,   2.0,   2.0, 2.0  ,  0.0,  0.0,  0.0,  0.0,  0.0,    ,   5.0,       ,      ,      ,        ,        ,        ,        ,        ,        ,        ,        ,      
kulemni01, 2008,     1, TOR , NHL , L  , 73.0, 15.0,  16.0,  31.0,  18.0, -8.0 ,  2.0,  7.0,  0.0,  0.0,  1.0,    , 129.0,       ,      ,      ,        ,        ,        ,        ,        ,        ,        ,        ,      
kulemni01, 2009,     1, TOR , NHL , L  , 78.0, 16.0,  20.0,  36.0,  16.0, 0.0  ,  0.0,  2.0,  1.0,  0.0,  3.0,    , 145.0,       ,      ,      ,        ,        ,        ,        ,        ,        ,        ,        ,      
kulesmi01, 2003,     1, COL , NHL , L  ,  3.0,  0.0,   0.0,   0.0,   0.0, -1.0 ,  0.0,  0.0,  0.0,  0.0,  0.0, 0.0,   4.0,       ,      ,      ,        ,        ,        ,        ,        ,        ,        ,        ,      
kulikdm01, 2009,     1, FLO , NHL , D  , 68.0,  3.0,  13.0,  16.0,  32.0, -5.0 ,  1.0,  9.0,  0.0,  0.0,  0.0,    ,  87.0,       ,      ,      ,        ,        ,        ,        ,        ,        ,        ,        ,      
kullmar01, 1947,     1, BOS , NHL , C  ,  1.0,  0.0,   0.0,   0.0,   0.0,      ,     ,     ,     ,     ,     ,    ,      ,       ,      ,      ,        ,        ,        ,        ,        ,        ,        ,        ,      
kullmar01, 1949,     1, BOS , NHL , C  , 12.0,  0.0,   1.0,   1.0,  11.0,      ,     ,     ,     ,     ,     ,    ,      ,       ,      ,      ,        ,        ,        ,        ,        ,        ,        ,        ,      
kullmed01, 1947,     1, NYR , NHL , R  , 51.0, 15.0,  17.0,  32.0,  32.0,      ,     ,     ,     ,     ,     ,    ,      ,    6.0,   1.0,   0.0,     1.0,     2.0,        ,        ,        ,        ,        ,        ,      
kullmed01, 1948,     1, NYR , NHL , R  , 18.0,  4.0,   5.0,   9.0,  14.0,      ,     ,     ,     ,     ,     ,    ,      ,       ,      ,      ,        ,        ,        ,        ,        ,        ,        ,        ,      
kullmed01, 1950,     1, NYR , NHL , R  , 70.0, 14.0,  18.0,  32.0,  88.0,      ,     ,     ,     ,     ,     ,    ,      ,       ,      ,      ,        ,        ,        ,        ,        ,        ,        ,        ,      
kullmed01, 1951,     1, NYR , NHL , R  , 64.0, 11.0,  10.0,  21.0,  59.0,      ,     ,     ,     ,     ,     ,    ,      ,       ,      ,      ,        ,        ,        ,        ,        ,        ,        ,        ,      
kullmed01, 1952,     1, NYR , NHL , R  , 70.0,  8.0,  10.0,  18.0,  61.0,      ,     ,     ,     ,     ,     ,    ,      ,       ,      ,      ,        ,        ,        ,        ,        ,        ,        ,        ,      
kullmed01, 1953,     1, NYR , NHL , R  , 70.0,  4.0,  10.0,  14.0,  44.0,      ,     ,     ,     ,     ,     ,    ,      ,       ,      ,      ,        ,        ,        ,        ,        ,        ,        ,        ,      
kultaja01, 2000,     1, BOS , NHL , D  , 62.0,  2.0,   8.0,  10.0,  26.0, -3.0 ,  0.0,  4.0,  0.0,  0.0,  1.0, 0.0,  76.0,       ,      ,      ,        ,        ,        ,        ,        ,        ,        ,        ,      
kultaja01, 2001,     1, BOS , NHL , D  , 38.0,  0.0,   3.0,   3.0,  33.0, -1.0 ,  0.0,  0.0,  0.0,  0.0,  0.0, 0.0,  31.0,       ,      ,      ,        ,        ,        ,        ,        ,        ,        ,        ,      
kultaja01, 2002,     1, BOS , NHL , D  ,  2.0,  0.0,   0.0,   0.0,   0.0, 1.0  ,  0.0,  0.0,  0.0,  0.0,  0.0, 0.0,   3.0,       ,      ,      ,        ,        ,        ,        ,        ,        ,        ,        ,      
kumpema01, 1984,     1, QUE , NHL , R  , 42.0,  8.0,   7.0,  15.0,  26.0, 4.0  ,  1.0,     ,  0.0,     ,  0.0, 0.0,  52.0,   18.0,   3.0,   4.0,     7.0,     4.0, 4.0    ,     0.0,        ,     0.0,        ,     1.0,    25.0
kumpema01, 1985,     1, QUE , NHL , R  , 47.0, 10.0,  12.0,  22.0,  17.0, 10.0 ,  0.0,     ,  0.0,     ,  3.0, 0.0,  76.0,    2.0,   1.0,   0.0,     1.0,     0.0, -1.0   ,     0.0,        ,     0.0,        ,     0.0,     3.0
kumpema01, 1986,     1, QUE , NHL , R  , 40.0,  1.0,   8.0,   9.0,  16.0, -12.0,  0.0,     ,  0.0,     ,  0.0, 0.0,  47.0,       ,      ,      ,        ,        ,        ,        ,        ,        ,        ,        ,      
kumpema01, 1986,     2, DET , NHL , R  ,  5.0,  0.0,   1.0,   1.0,   0.0, 2.0  ,  0.0,     ,  0.0,     ,  0.0, 0.0,   1.0,    8.0,   0.0,   0.0,     0.0,     4.0, 0.0    ,     0.0,        ,     0.0,        ,     0.0,     8.0
kumpema01, 1987,     1, DET , NHL , R  , 13.0,  0.0,   2.0,   2.0,   4.0, 0.0  ,  0.0,  0.0,  0.0,  0.0,  0.0, 0.0,   6.0,       ,      ,      ,        ,        ,        ,        ,        ,        ,        ,        ,      
kumpema01, 1987,     2, WIN , NHL , R  , 32.0,  4.0,   4.0,   8.0,  19.0, 4.0  ,  0.0,  0.0,  0.0,  0.0,  0.0, 0.0,  36.0,    4.0,   0.0,   0.0,     0.0,     4.0, -2.0   ,     0.0,     0.0,     0.0,     0.0,     0.0,     3.0
kumpema01, 1989,     1, WIN , NHL , L  , 56.0,  8.0,   9.0,  17.0,  21.0, -5.0 ,  0.0,  0.0,  1.0,  0.0,  1.0, 0.0,  74.0,    7.0,   2.0,   0.0,     2.0,     2.0, 0.0    ,     0.0,     0.0,     0.0,     0.0,     0.0,     9.0
kumpema01, 1990,     1, WIN , NHL , R  , 53.0,  7.0,   3.0,  10.0,  10.0, -10.0,  0.0,  0.0,  0.0,  0.0,  0.0, 1.0,  65.0,       ,      ,      ,        ,        ,        ,        ,        ,        ,        ,        ,      
kunitch01, 2003,     1, ANA , NHL , L  , 21.0,  0.0,   6.0,   6.0,  12.0, 1.0  ,  0.0,  0.0,  0.0,  0.0,  0.0, 0.0,  31.0,       ,      ,      ,        ,        ,        ,        ,        ,        ,        ,        ,      
kunitch01, 2005,     1, ATL , NHL , L  ,  2.0,  0.0,   0.0,   0.0,   2.0, -3.0 ,  0.0,  0.0,  0.0,  0.0,  0.0,    ,   0.0,       ,      ,      ,        ,        ,        ,        ,        ,        ,        ,        ,      
kunitch01, 2005,     2, ANA , NHL , L  , 67.0, 19.0,  22.0,  41.0,  69.0, 19.0 ,  5.0,  5.0,  1.0,  0.0,  2.0,    , 149.0,   16.0,   3.0,   5.0,     8.0,     8.0, -1.0   ,     0.0,     0.0,     0.0,     0.0,     0.0,    34.0
kunitch01, 2006,     1, AND , NHL , L  , 81.0, 25.0,  35.0,  60.0,  81.0, 23.0 , 11.0,  9.0,  0.0,  0.0,  5.0,    , 180.0,   13.0,   1.0,   5.0,     6.0,    19.0, 1.0    ,     0.0,     2.0,     0.0,     0.0,     0.0,    28.0
kunitch01, 2007,     1, AND , NHL , L  , 82.0, 21.0,  29.0,  50.0,  80.0, 8.0  ,  7.0,  6.0,  1.0,  1.0,  6.0,    , 196.0,    6.0,   0.0,   2.0,     2.0,     8.0, -2.0   ,     0.0,     1.0,     0.0,     0.0,     0.0,    14.0
kunitch01, 2008,     1, AND , NHL , L  , 62.0, 16.0,  19.0,  35.0,  55.0, 9.0  ,  3.0,  1.0,  0.0,  1.0,  2.0,    , 139.0,       ,      ,      ,        ,        ,        ,        ,        ,        ,        ,        ,      
kunitch01, 2008,     2, PIT , NHL , L  , 20.0,  7.0,  11.0,  18.0,  16.0, 3.0  ,  3.0,  5.0,  0.0,  0.0,  1.0,    ,  39.0,   24.0,   1.0,  13.0,    14.0,    19.0, 3.0    ,     0.0,     2.0,     0.0,     0.0,     0.0,    46.0
kunitch01, 2009,     1, PIT , NHL , L  , 50.0, 13.0,  19.0,  32.0,  39.0, 3.0  ,  2.0,  5.0,  1.0,  0.0,  0.0,    , 131.0,   13.0,   4.0,   7.0,    11.0,     8.0, 3.0    ,     1.0,     0.0,     0.0,     0.0,     0.0,    38.0
kuntale01, 1993,     1, MTL , NHL , G  ,  6.0,  0.0,   0.0,   0.0,   2.0, 0.0  ,  0.0,  0.0,  0.0,  0.0,  0.0, 0.0,   0.0,       ,      ,      ,        ,        ,        ,        ,        ,        ,        ,        ,      
kuntzal01, 1941,     1, NYR , NHL , L  , 31.0, 10.0,  11.0,  21.0,  10.0,      ,     ,     ,     ,     ,     ,    ,      ,    6.0,   1.0,   0.0,     1.0,     2.0,        ,        ,        ,        ,        ,        ,      
kuntzal01, 1945,     1, NYR , NHL , L  , 14.0,  0.0,   1.0,   1.0,   2.0,      ,     ,     ,     ,     ,     ,    ,      ,       ,      ,      ,        ,        ,        ,        ,        ,        ,        ,        ,      
kuntzmu01, 1974,     1, STL , NHL , L  ,  7.0,  1.0,   2.0,   3.0,   0.0, 6.0  ,  0.0,     ,  0.0,     ,  0.0, 0.0,  16.0,       ,      ,      ,        ,        ,        ,        ,        ,        ,        ,        ,      
kurkato01, 2002,     1, CAR , NHL , L  , 14.0,  3.0,   2.0,   5.0,   2.0, 1.0  ,  0.0,  0.0,  0.0,  0.0,  0.0, 0.0,  22.0,       ,      ,      ,        ,        ,        ,        ,        ,        ,        ,        ,      
kurkato01, 2003,     1, CAR , NHL , L  ,  3.0,  0.0,   0.0,   0.0,   0.0, 0.0  ,  0.0,  0.0,  0.0,  0.0,  0.0, 0.0,   3.0,       ,      ,      ,        ,        ,        ,        ,        ,        ,        ,        ,      
kurrija01, 1978,     1, FIN , WHA ,    ,  1.0,  0.0,   0.0,   0.0,   0.0,      ,  0.0,     ,  0.0,     ,  0.0,    ,      ,       ,      ,      ,        ,        ,        ,        ,        ,        ,        ,        ,      
kurrija01, 1980,     1, EDM , NHL , L  , 75.0, 32.0,  43.0,  75.0,  40.0, 26.0 ,  9.0,     ,  0.0,     ,  1.0, 2.0, 202.0,    9.0,   5.0,   7.0,    12.0,     4.0,        ,     0.0,        ,     0.0,        ,     0.0,      
kurrija01, 1981,     1, EDM , NHL , L  , 71.0, 32.0,  54.0,  86.0,  32.0, 38.0 ,  6.0,     ,  1.0,     ,  5.0, 1.0, 211.0,    5.0,   2.0,   5.0,     7.0,    10.0,        ,     0.0,        ,     0.0,        ,     0.0,      
kurrija01, 1982,     1, EDM , NHL , R  , 80.0, 45.0,  59.0, 104.0,  22.0, 47.0 , 10.0,     ,  1.0,     ,  3.0, 1.0, 218.0,   16.0,   8.0,  15.0,    23.0,     8.0,        ,     2.0,        ,     2.0,        ,     0.0,      
kurrija01, 1983,     1, EDM , NHL , R  , 64.0, 52.0,  61.0, 113.0,  14.0, 38.0 , 10.0,     ,  5.0,     ,  4.0, 1.0, 194.0,   19.0,  14.0,  14.0,    28.0,    13.0, 9.0    ,     4.0,        ,     0.0,        ,     0.0,    60.0
kurrija01, 1984,     1, EDM , NHL , R  , 73.0, 71.0,  64.0, 135.0,  30.0, 76.0 , 14.0,     ,  3.0,     , 13.0, 3.0, 261.0,   18.0,  19.0,  12.0,    31.0,     6.0, 24.0   ,     1.0,        ,     2.0,        ,     2.0,    89.0
kurrija01, 1985,     1, EDM , NHL , R  , 78.0, 68.0,  63.0, 131.0,  22.0, 45.0 , 16.0,     ,  6.0,     ,  9.0, 1.0, 236.0,   10.0,   2.0,  10.0,    12.0,     4.0, 1.0    ,     0.0,        ,     1.0,        ,     0.0,    25.0
kurrija01, 1986,     1, EDM , NHL , R  , 79.0, 54.0,  54.0, 108.0,  41.0, 35.0 , 12.0,     ,  5.0,     , 10.0, 0.0, 211.0,   21.0,  15.0,  10.0,    25.0,    20.0, 11.0   ,     4.0,        ,     1.0,        ,     5.0,    52.0
kurrija01, 1987,     1, EDM , NHL , R  , 80.0, 43.0,  53.0,  96.0,  30.0, 25.0 , 10.0, 19.0,  3.0,  3.0,  5.0, 1.0, 207.0,   19.0,  14.0,  17.0,    31.0,    12.0, 15.0   ,     5.0,     7.0,     0.0,     1.0,     3.0,    57.0
kurrija01, 1988,     1, EDM , NHL , R  , 76.0, 44.0,  58.0, 102.0,  69.0, 19.0 , 10.0, 16.0,  5.0,  6.0,  8.0, 1.0, 214.0,    7.0,   3.0,   5.0,     8.0,     6.0, -2.0   ,     0.0,     3.0,     1.0,     0.0,     0.0,    17.0
kurrija01, 1989,     1, EDM , NHL , R  , 78.0, 33.0,  60.0,  93.0,  48.0, 18.0 , 10.0, 19.0,  2.0,  8.0,  2.0, 1.0, 201.0,   22.0,  10.0,  15.0,    25.0,    18.0, 13.0   ,     6.0,     3.0,     0.0,     2.0,     3.0,    58.0
kurrija01, 1991,     1, LAK , NHL , R  , 73.0, 23.0,  37.0,  60.0,  24.0, -24.0, 10.0, 19.0,  1.0,  0.0,  3.0, 0.0, 167.0,    4.0,   1.0,   2.0,     3.0,     4.0, 1.0    ,     1.0,     1.0,     0.0,     0.0,     0.0,    10.0
kurrija01, 1992,     1, LAK , NHL , R  , 82.0, 27.0,  60.0,  87.0,  38.0, 19.0 , 12.0, 19.0,  2.0,  1.0,  3.0, 0.0, 210.0,   24.0,   9.0,   8.0,    17.0,    12.0, 2.0    ,     2.0,     2.0,     2.0,     2.0,     0.0,    50.0
kurrija01, 1993,     1, LAK , NHL , R  , 81.0, 31.0,  46.0,  77.0,  48.0, -24.0, 14.0, 25.0,  4.0,  3.0,  3.0, 1.0, 198.0,       ,      ,      ,        ,        ,        ,        ,        ,        ,        ,        ,      
kurrija01, 1994,     1, LAK , NHL , R  , 38.0, 10.0,  19.0,  29.0,  24.0, -17.0,  2.0, 13.0,  0.0,  0.0,  0.0, 1.0,  84.0,       ,      ,      ,        ,        ,        ,        ,        ,        ,        ,        ,      
kurrija01, 1995,     1, LAK , NHL , R  , 57.0, 17.0,  23.0,  40.0,  37.0, -12.0,  5.0,  8.0,  1.0,  2.0,  0.0, 2.0, 131.0,       ,      ,      ,        ,        ,        ,        ,        ,        ,        ,        ,      
kurrija01, 1995,     2, NYR , NHL , R  , 14.0,  1.0,   4.0,   5.0,   2.0, -4.0 ,  0.0,  1.0,  0.0,  0.0,  0.0, 0.0,  27.0,   11.0,   3.0,   5.0,     8.0,     2.0, -2.0   ,     0.0,     3.0,     1.0,     0.0,     1.0,    31.0
kurrija01, 1996,     1, ANA , NHL , R  , 82.0, 13.0,  22.0,  35.0,  12.0, -13.0,  3.0,  4.0,  0.0,  1.0,  3.0, 0.0, 109.0,   11.0,   1.0,   2.0,     3.0,     4.0, 2.0    ,     0.0,     1.0,     0.0,     0.0,     0.0,    18.0
kurrija01, 1997,     1, COL , NHL , C  , 70.0,  5.0,  17.0,  22.0,  12.0, 6.0  ,  2.0,  5.0,  0.0,  1.0,  0.0, 0.0,  61.0,    4.0,   0.0,   0.0,     0.0,     0.0, -1.0   ,     0.0,     0.0,     0.0,     0.0,     0.0,     2.0
kurteor01, 1960,     1, NYR , NHL , C  , 10.0,  0.0,   6.0,   6.0,   2.0,      ,     ,     ,     ,     ,     ,    ,      ,       ,      ,      ,        ,        ,        ,        ,        ,        ,        ,        ,      
kurteor01, 1961,     1, BOS , NHL , C  ,  8.0,  0.0,   0.0,   0.0,   6.0,      ,     ,     ,     ,     ,     ,    ,      ,       ,      ,      ,        ,        ,        ,        ,        ,        ,        ,        ,      
kurteor01, 1963,     1, BOS , NHL , C  , 70.0, 12.0,  25.0,  37.0,  91.0,      ,  2.0,     ,  0.0,     ,  2.0, 1.0,      ,       ,      ,      ,        ,        ,        ,        ,        ,        ,        ,        ,      
kurteor01, 1964,     1, BOS , NHL , C  , 64.0,  6.0,  20.0,  26.0,  86.0,      ,  0.0,     ,  1.0,     ,  0.0, 1.0,      ,       ,      ,      ,        ,        ,        ,        ,        ,        ,        ,        ,      
kurteor01, 1965,     1, TOR , NHL , R  , 70.0,  9.0,   6.0,  15.0,  54.0,      ,  2.0,     ,  1.0,     ,  3.0, 2.0,      ,    4.0,   0.0,   0.0,     0.0,    20.0,        ,        ,        ,        ,        ,     0.0,      
kurteor01, 1966,     1, NYR , NHL , C  , 60.0, 11.0,  25.0,  36.0,  58.0,      ,  5.0,     ,  1.0,     ,  3.0, 1.0,      ,    3.0,   0.0,   2.0,     2.0,     0.0,        ,        ,        ,        ,        ,     0.0,      
kurteor01, 1967,     1, NYR , NHL , C  , 73.0, 15.0,  20.0,  35.0,  82.0, 5.0  ,  2.0,     ,  0.0,     ,  2.0, 0.0, 175.0,    6.0,   1.0,   0.0,     1.0,    26.0,        ,     0.0,        ,     0.0,        ,     0.0,      
kurteor01, 1968,     1, NYR , NHL , C  ,  2.0,  0.0,   0.0,   0.0,   2.0, 0.0  ,  0.0,     ,  0.0,     ,  0.0, 0.0,   3.0,       ,      ,      ,        ,        ,        ,        ,        ,        ,        ,        ,      
kurteor01, 1969,     1, NYR , NHL , C  , 53.0,  4.0,  10.0,  14.0,  47.0, 4.0  ,  1.0,     ,  0.0,     ,  0.0, 1.0,  89.0,    6.0,   1.0,   2.0,     3.0,    24.0,        ,     0.0,        ,     0.0,        ,     0.0,      
kurteor01, 1970,     1, VAN , NHL , C  , 52.0, 21.0,  32.0,  53.0,  84.0, -1.0 ,  8.0,     ,  1.0,     ,  4.0, 1.0, 129.0,       ,      ,      ,        ,        ,        ,        ,        ,        ,        ,        ,      
kurteor01, 1971,     1, VAN , NHL , C  , 78.0, 24.0,  37.0,  61.0,  48.0, -2.0 ,  5.0,     ,  3.0,     ,  1.0, 2.0, 160.0,       ,      ,      ,        ,        ,        ,        ,        ,        ,        ,        ,      
kurteor01, 1972,     1, VAN , NHL , C  , 47.0,  9.0,  19.0,  28.0,  38.0, -14.0,  4.0,     ,  0.0,     ,  1.0, 1.0,  78.0,       ,      ,      ,        ,        ,        ,        ,        ,        ,        ,        ,      
kurteor01, 1973,     1, VAN , NHL , C  , 52.0,  8.0,  13.0,  21.0,  30.0, -30.0,  1.0,     ,  0.0,     ,  2.0, 0.0,  77.0,       ,      ,      ,        ,        ,        ,        ,        ,        ,        ,        ,      
kurtga01 , 1971,     1, CLF , NHL , G  , 16.0,  0.0,   0.0,   0.0,   0.0, 0.0  ,  0.0,     ,  0.0,     ,  0.0, 0.0,   0.0,       ,      ,      ,        ,        ,        ,        ,        ,        ,        ,        ,      
kurtga01 , 1972,     1, NRA , WHA , G  , 36.0,  0.0,   0.0,   0.0,   2.0,      ,  0.0,     ,  0.0,     ,     ,    ,      ,       ,      ,      ,        ,        ,        ,        ,        ,        ,        ,        ,      
kurtga01 , 1973,     1, NYJ , WHA , G  , 20.0,  0.0,   1.0,   1.0,   0.0,      ,  0.0,     ,  0.0,     ,  0.0,    ,      ,       ,      ,      ,        ,        ,        ,        ,        ,        ,        ,        ,      
kurtga01 , 1974,     1, PHR , WHA , G  , 47.0,  0.0,   2.0,   2.0,   2.0,      ,  0.0,     ,  0.0,     ,  0.0,    ,   0.0,    4.0,   0.0,   0.0,     0.0,     0.0,        ,     0.0,        ,     0.0,        ,     0.0,      
kurtga01 , 1975,     1, PHR , WHA , G  , 40.0,  0.0,   4.0,   4.0,   2.0, 0.0  ,  0.0,     ,  0.0,     ,  0.0,    ,   0.0,       ,      ,      ,        ,        ,        ,        ,        ,        ,        ,        ,      
kurtga01 , 1976,     1, PHR , WHA , G  , 33.0,  0.0,   3.0,   3.0,   6.0, 0.0  ,  0.0,     ,  0.0,     ,  0.0,    ,   0.0,       ,      ,      ,        ,        ,        ,        ,        ,        ,        ,        ,      
kurtzju01, 2001,     1, VAN , NHL , D  , 27.0,  3.0,   5.0,   8.0,  14.0, -4.0 ,  2.0,  4.0,  0.0,  0.0,  0.0, 0.0,  30.0,       ,      ,      ,        ,        ,        ,        ,        ,        ,        ,        ,      
kurveto01, 1984,     1, MTL , NHL , D  , 75.0, 10.0,  35.0,  45.0,  30.0, -3.0 ,  6.0,     ,  1.0,     ,  3.0, 0.0, 136.0,   12.0,   0.0,   6.0,     6.0,     6.0, 6.0    ,     0.0,        ,     0.0,        ,     0.0,    12.0
kurveto01, 1985,     1, MTL , NHL , D  , 62.0,  7.0,  23.0,  30.0,  36.0, 9.0  ,  3.0,     ,  0.0,     ,  1.0, 1.0,  69.0,       ,      ,      ,        ,        ,        ,        ,        ,        ,        ,        ,      
kurveto01, 1986,     1, MTL , NHL , D  ,  1.0,  0.0,   0.0,   0.0,   0.0, 1.0  ,  0.0,     ,  0.0,     ,  0.0, 0.0,   2.0,       ,      ,      ,        ,        ,        ,        ,        ,        ,        ,        ,      
kurveto01, 1986,     2, BUF , NHL , D  , 55.0,  6.0,  17.0,  23.0,  22.0, -10.0,  1.0,     ,  0.0,     ,  1.0, 0.0,  71.0,       ,      ,      ,        ,        ,        ,        ,        ,        ,        ,        ,      
kurveto01, 1987,     1, NJD , NHL , D  , 56.0,  5.0,  29.0,  34.0,  46.0, 6.0  ,  2.0, 19.0,  0.0,  2.0,  1.0, 0.0,  88.0,   19.0,   6.0,   9.0,    15.0,    38.0, -5.0   ,     3.0,     5.0,     0.0,     0.0,     1.0,    55.0
kurveto01, 1988,     1, NJD , NHL , D  , 74.0, 16.0,  50.0,  66.0,  38.0, 11.0 ,  5.0, 28.0,  0.0,  1.0,  0.0, 1.0, 190.0,       ,      ,      ,        ,        ,        ,        ,        ,        ,        ,        ,      
kurveto01, 1989,     1, NJD , NHL , D  ,  1.0,  0.0,   0.0,   0.0,   0.0, -1.0 ,  0.0,  0.0,  0.0,  0.0,  0.0, 0.0,   0.0,       ,      ,      ,        ,        ,        ,        ,        ,        ,        ,        ,      
kurveto01, 1989,     2, TOR , NHL , D  , 70.0, 15.0,  37.0,  52.0,  29.0, -8.0 ,  9.0, 18.0,  1.0,  1.0,  1.0, 0.0, 156.0,    5.0,   0.0,   3.0,     3.0,     4.0, -1.0   ,     0.0,     1.0,     0.0,     0.0,     0.0,    22.0
kurveto01, 1990,     1, TOR , NHL , D  , 19.0,  0.0,   3.0,   3.0,   8.0, -12.0,  0.0,     ,  0.0,     ,  0.0, 0.0,  23.0,       ,      ,      ,        ,        ,        ,        ,        ,        ,        ,        ,      
kurveto01, 1990,     2, VAN , NHL , D  , 32.0,  4.0,  23.0,  27.0,  20.0, -13.0,  3.0,     ,  0.0,  0.0,  0.0, 0.0,  76.0,    6.0,   2.0,   2.0,     4.0,    12.0, -4.0   ,     1.0,     1.0,     0.0,     0.0,     0.0,    13.0
kurveto01, 1991,     1, NYI , NHL , D  , 74.0,  9.0,  47.0,  56.0,  30.0, -18.0,  6.0, 29.0,  0.0,  0.0,  1.0, 0.0, 132.0,       ,      ,      ,        ,        ,        ,        ,        ,        ,        ,        ,      
kurveto01, 1992,     1, NYI , NHL , D  , 52.0,  8.0,  30.0,  38.0,  38.0, 9.0  ,  3.0, 17.0,  0.0,  0.0,  0.0, 1.0, 128.0,   12.0,   0.0,   2.0,     2.0,     6.0, 0.0    ,     0.0,     1.0,     0.0,     0.0,     0.0,    21.0
kurveto01, 1993,     1, NYI , NHL , D  , 66.0,  9.0,  31.0,  40.0,  47.0, 7.0  ,  5.0, 21.0,  0.0,  0.0,  1.0, 0.0, 141.0,    3.0,   0.0,   0.0,     0.0,     2.0, -4.0   ,     0.0,     0.0,     0.0,     0.0,     0.0,     5.0
kurveto01, 1994,     1, ANA , NHL , D  , 22.0,  4.0,   3.0,   7.0,   6.0, -13.0,  1.0,  2.0,  0.0,  0.0,  1.0, 0.0,  44.0,       ,      ,      ,        ,        ,        ,        ,        ,        ,        ,        ,      
kurylme01, 1961,     1, CHI , NHL , L  ,     ,     ,      ,      ,      ,      ,     ,     ,     ,     ,     ,    ,      ,    2.0,   0.0,   0.0,     0.0,     0.0,        ,        ,        ,        ,        ,     0.0,      
kushnda01, 1989,     1, NYI , NHL , L  ,  2.0,  0.0,   0.0,   0.0,   2.0, 0.0  ,  0.0,  0.0,  0.0,  0.0,  0.0, 0.0,   0.0,       ,      ,      ,        ,        ,        ,        ,        ,        ,        ,        ,      
kushnda01, 1990,     1, PHI , NHL , R  , 63.0,  7.0,  11.0,  18.0, 195.0, -4.0 ,  1.0,  0.0,  0.0,  0.0,  0.0, 0.0,  59.0,       ,      ,      ,        ,        ,        ,        ,        ,        ,        ,        ,      
kushnda01, 1991,     1, PHI , NHL , L  , 19.0,  3.0,   2.0,   5.0,  18.0, -5.0 ,  0.0,  0.0,  0.0,  0.0,  1.0, 0.0,  19.0,       ,      ,      ,        ,        ,        ,        ,        ,        ,        ,        ,      
kutlazd01, 2000,     1, BOS , NHL , D  , 10.0,  0.0,   2.0,   2.0,   4.0, -3.0 ,  0.0,  0.0,  0.0,  0.0,  0.0, 0.0,   7.0,       ,      ,      ,        ,        ,        ,        ,        ,        ,        ,        ,      
kutlazd01, 2002,     1, BOS , NHL , D  ,  4.0,  1.0,   0.0,   1.0,   0.0, 0.0  ,  0.0,  0.0,  0.0,  0.0,  0.0, 0.0,   1.0,       ,      ,      ,        ,        ,        ,        ,        ,        ,        ,        ,      
kutlazd01, 2003,     1, BOS , NHL , D  ,  2.0,  0.0,   0.0,   0.0,   0.0, -1.0 ,  0.0,  0.0,  0.0,  0.0,  0.0, 0.0,   0.0,       ,      ,      ,        ,        ,        ,        ,        ,        ,        ,        ,      
kuzmige01, 1974,     1, TOT , WHA , D  , 34.0,  0.0,  12.0,  12.0,  22.0, -3.0 ,  0.0,     ,  0.0,     ,  0.0,    ,  27.0,       ,      ,      ,        ,        ,        ,        ,        ,        ,        ,        ,      
kuzmige01, 1975,     1, TOT , WHA , D  ,  1.0,  0.0,   0.0,   0.0,   0.0, 0.0  ,  0.0,     ,  0.0,     ,  0.0,    ,   0.0,       ,      ,      ,        ,        ,        ,        ,        ,        ,        ,        ,      
kuznema01, 2000,     1, DET , NHL , D  , 25.0,  1.0,   2.0,   3.0,  23.0, -1.0 ,  0.0,  0.0,  0.0,  0.0,  0.0, 0.0,  17.0,       ,      ,      ,        ,        ,        ,        ,        ,        ,        ,        ,      
kuznema01, 2001,     1, DET , NHL , D  , 39.0,  1.0,   2.0,   3.0,  40.0, 0.0  ,  0.0,  0.0,  0.0,  0.0,  0.0, 0.0,  27.0,       ,      ,      ,        ,        ,        ,        ,        ,        ,        ,        ,      
kuznema01, 2002,     1, DET , NHL , D  , 53.0,  0.0,   3.0,   3.0,  54.0, 0.0  ,  0.0,  0.0,  0.0,  0.0,  0.0, 0.0,  32.0,       ,      ,      ,        ,        ,        ,        ,        ,        ,        ,        ,      
kuznema01, 2002,     2, LAK , NHL , D  ,  3.0,  0.0,   0.0,   0.0,   0.0, 1.0  ,  0.0,  0.0,  0.0,  0.0,  0.0, 0.0,   1.0,       ,      ,      ,        ,        ,        ,        ,        ,        ,        ,        ,      
kuznema01, 2003,     1, LAK , NHL , D  , 16.0,  0.0,   1.0,   1.0,  20.0, -5.0 ,  0.0,  0.0,  0.0,  0.0,  0.0, 0.0,  11.0,       ,      ,      ,        ,        ,        ,        ,        ,        ,        ,        ,      
kuznigr01, 2000,     1, CAR , NHL , D  ,  1.0,  0.0,   0.0,   0.0,   0.0, 0.0  ,  0.0,  0.0,  0.0,  0.0,  0.0, 0.0,   0.0,       ,      ,      ,        ,        ,        ,        ,        ,        ,        ,        ,      
kuzykke01, 1976,     1, CLE , NHL , R  , 13.0,  0.0,   5.0,   5.0,   2.0, 1.0  ,  0.0,     ,  0.0,     ,  0.0, 0.0,  19.0,       ,      ,      ,        ,        ,        ,        ,        ,        ,        ,        ,      
kuzykke01, 1977,     1, CLE , NHL , R  , 28.0,  5.0,   4.0,   9.0,   6.0, -1.0 ,  0.0,     ,  0.0,     ,  0.0, 0.0,  49.0,       ,      ,      ,        ,        ,        ,        ,        ,        ,        ,        ,      
kvartdm01, 1992,     1, BOS , NHL , R  , 73.0, 30.0,  42.0,  72.0,  16.0, 9.0  , 11.0, 18.0,  0.0,  0.0,  4.0, 2.0, 226.0,    4.0,   0.0,   0.0,     0.0,     0.0, 0.0    ,     0.0,     0.0,     0.0,     0.0,     0.0,     5.0
kvartdm01, 1993,     1, BOS , NHL , R  , 39.0, 12.0,   7.0,  19.0,  10.0, -9.0 ,  4.0,  4.0,  0.0,  0.0,  0.0, 0.0,  68.0,       ,      ,      ,        ,        ,        ,        ,        ,        ,        ,        ,      
kvashol01, 1998,     1, FLO , NHL , L  , 68.0, 12.0,  13.0,  25.0,  45.0, 5.0  ,  4.0,  5.0,  0.0,  0.0,  2.0, 1.0, 138.0,       ,      ,      ,        ,        ,        ,        ,        ,        ,        ,        ,      
kvashol01, 1999,     1, FLO , NHL , R  , 78.0,  5.0,  20.0,  25.0,  34.0, 3.0  ,  2.0,  2.0,  0.0,  0.0,  0.0, 0.0, 110.0,    4.0,   0.0,   0.0,     0.0,     0.0, 0.0    ,     0.0,     0.0,     0.0,     0.0,     0.0,     6.0
kvashol01, 2000,     1, NYI , NHL , C  , 62.0, 11.0,   9.0,  20.0,  46.0, -15.0,  0.0,  1.0,  0.0,  0.0,  0.0, 0.0, 118.0,       ,      ,      ,        ,        ,        ,        ,        ,        ,        ,        ,      
kvashol01, 2001,     1, NYI , NHL , L  , 71.0, 13.0,  25.0,  38.0,  80.0, -4.0 ,  2.0,  7.0,  0.0,  1.0,  3.0, 0.0, 119.0,    7.0,   0.0,   1.0,     1.0,     6.0, 1.0    ,     0.0,     0.0,     0.0,     0.0,     0.0,    12.0
kvashol01, 2002,     1, NYI , NHL , L  , 69.0, 12.0,  14.0,  26.0,  44.0, 4.0  ,  0.0,  1.0,  1.0,  0.0,  2.0, 0.0, 121.0,    5.0,   0.0,   1.0,     1.0,     2.0, -1.0   ,     0.0,     0.0,     0.0,     0.0,     0.0,    11.0
kvashol01, 2003,     1, NYI , NHL , L  , 81.0, 15.0,  36.0,  51.0,  48.0, 4.0  ,  5.0, 17.0,  3.0,  1.0,  3.0, 0.0, 147.0,    5.0,   1.0,   0.0,     1.0,     0.0, -1.0   ,     1.0,     0.0,     0.0,     0.0,     0.0,     8.0
kvashol01, 2005,     1, NYI , NHL , L  , 49.0,  9.0,  12.0,  21.0,  32.0, -2.0 ,  1.0,  1.0,  0.0,  2.0,  1.0,    , 104.0,       ,      ,      ,        ,        ,        ,        ,        ,        ,        ,        ,      
kvashol01, 2005,     2, PHO , NHL , L  , 15.0,  4.0,   7.0,  11.0,   6.0, 5.0  ,  0.0,  2.0,  0.0,  0.0,  0.0,    ,  32.0,       ,      ,      ,        ,        ,        ,        ,        ,        ,        ,        ,      
kvetojo01, 1977,     1, CZE , WHA , D  ,  6.0,  0.0,   1.0,   1.0,   6.0,      ,  0.0,     ,  0.0,     ,  0.0,    ,      ,       ,      ,      ,        ,        ,        ,        ,        ,        ,        ,        ,      
kwiatjo01, 2000,     1, OTT , NHL , D  ,  4.0,  1.0,   0.0,   1.0,   0.0, 1.0  ,  0.0,  0.0,  0.0,  0.0,  0.0, 0.0,   2.0,       ,      ,      ,        ,        ,        ,        ,        ,        ,        ,        ,      
kwiatjo01, 2001,     1, OTT , NHL , D  , 11.0,  0.0,   0.0,   0.0,  12.0, 5.0  ,  0.0,  0.0,  0.0,  0.0,  0.0, 0.0,   9.0,       ,      ,      ,        ,        ,        ,        ,        ,        ,        ,        ,      
kwiatjo01, 2002,     1, OTT , NHL , D  , 20.0,  0.0,   2.0,   2.0,   6.0, 2.0  ,  0.0,  0.0,  0.0,  0.0,  0.0, 0.0,  28.0,       ,      ,      ,        ,        ,        ,        ,        ,        ,        ,        ,      
kwiatjo01, 2002,     2, WAS , NHL , D  , 34.0,  0.0,   3.0,   3.0,  12.0, 1.0  ,  0.0,  0.0,  0.0,  0.0,  0.0, 0.0,  28.0,    6.0,   0.0,   0.0,     0.0,     2.0, 1.0    ,     0.0,     0.0,     0.0,     0.0,     0.0,     9.0
kwiatjo01, 2003,     1, WAS , NHL , D  , 80.0,  6.0,   6.0,  12.0,  89.0, -28.0,  2.0,  1.0,  0.0,  0.0,  0.0, 1.0,  90.0,       ,      ,      ,        ,        ,        ,        ,        ,        ,        ,        ,      
kwiatjo01, 2005,     1, FLO , NHL , D  , 73.0,  4.0,   8.0,  12.0,  86.0, 3.0  ,  1.0,  2.0,  0.0,  1.0,  1.0,    ,  87.0,       ,      ,      ,        ,        ,        ,        ,        ,        ,        ,        ,      
kwiatjo01, 2006,     1, FLO , NHL , D  , 41.0,  5.0,   5.0,  10.0,  20.0, -5.0 ,  1.0,  2.0,  0.0,  0.0,  2.0,    ,  46.0,       ,      ,      ,        ,        ,        ,        ,        ,        ,        ,        ,      
kwiatjo01, 2006,     2, PIT , NHL , D  ,  1.0,  0.0,   0.0,   0.0,   0.0, -1.0 ,  0.0,  0.0,  0.0,  0.0,  0.0,    ,   0.0,       ,      ,      ,        ,        ,        ,        ,        ,        ,        ,        ,      
kwiatjo01, 2007,     1, ATL , NHL , D  , 18.0,  0.0,   5.0,   5.0,  20.0, -5.0 ,  0.0,  1.0,  0.0,  0.0,  0.0,    ,  24.0,       ,      ,      ,        ,        ,        ,        ,        ,        ,        ,        ,      
kwongla01, 1947,     1, NYR , NHL , R  ,  1.0,  0.0,   0.0,   0.0,   0.0,      ,     ,     ,     ,     ,     ,    ,      ,       ,      ,      ,        ,        ,        ,        ,        ,        ,        ,        ,      
kyhosvl01, 1978,     1, CZE , WHA ,    ,  6.0,  0.0,   3.0,   3.0,   2.0,      ,     ,     ,     ,     ,     ,    ,      ,       ,      ,      ,        ,        ,        ,        ,        ,        ,        ,        ,      
kylean01 , 1914,     1, TOO , NHA ,    ,  1.0,  0.0,   0.0,   0.0,   0.0,      ,     ,     ,     ,     ,     ,    ,      ,       ,      ,      ,        ,        ,        ,        ,        ,        ,        ,        ,      
kylean01 , 1916,     1, TBS , NHA ,    , 10.0,  0.0,   0.0,   0.0,   0.0,      ,     ,     ,     ,     ,     ,    ,      ,       ,      ,      ,        ,        ,        ,        ,        ,        ,        ,        ,      
kylebi01 , 1949,     1, NYR , NHL , C  ,  2.0,  0.0,   0.0,   0.0,   0.0,      ,     ,     ,     ,     ,     ,    ,      ,       ,      ,      ,        ,        ,        ,        ,        ,        ,        ,        ,      
kylebi01 , 1950,     1, NYR , NHL , C  ,  1.0,  0.0,   3.0,   3.0,   0.0,      ,     ,     ,     ,     ,     ,    ,      ,       ,      ,      ,        ,        ,        ,        ,        ,        ,        ,        ,      
kylegu01 , 1949,     1, NYR , NHL , D  , 70.0,  3.0,   5.0,   8.0, 143.0,      ,     ,     ,     ,     ,     ,    ,      ,   12.0,   1.0,   2.0,     3.0,    30.0,        ,        ,        ,        ,        ,        ,      
kylegu01 , 1950,     1, NYR , NHL , D  , 64.0,  2.0,   3.0,   5.0,  92.0,      ,     ,     ,     ,     ,     ,    ,      ,       ,      ,      ,        ,        ,        ,        ,        ,        ,        ,        ,      
kylegu01 , 1951,     1, BOS , NHL , D  , 69.0,  1.0,  12.0,  13.0, 127.0,      ,     ,     ,     ,     ,     ,    ,      ,    2.0,   0.0,   0.0,     0.0,     4.0,        ,        ,        ,        ,        ,        ,      
kylloma01, 1988,     1, WIN , NHL , L  ,  9.0,  0.0,   2.0,   2.0,   2.0, -3.0 ,  0.0,  1.0,  0.0,  0.0,  0.0, 0.0,   7.0,       ,      ,      ,        ,        ,        ,        ,        ,        ,        ,        ,      
kypreni01, 1989,     1, WAS , NHL , L  , 31.0,  5.0,   4.0,   9.0,  82.0, 2.0  ,  0.0,  1.0,  0.0,  0.0,  2.0, 0.0,  27.0,    7.0,   1.0,   0.0,     1.0,    15.0, -1.0   ,     0.0,     0.0,     0.0,     0.0,     0.0,    10.0
kypreni01, 1990,     1, WAS , NHL , L  , 79.0,  9.0,   9.0,  18.0, 196.0, -4.0 ,  0.0,  0.0,  0.0,  0.0,  3.0, 0.0,  60.0,    9.0,   0.0,   1.0,     1.0,    38.0, -1.0   ,     0.0,     0.0,     0.0,     0.0,     0.0,     3.0
kypreni01, 1991,     1, WAS , NHL , R  , 65.0,  4.0,   6.0,  10.0, 206.0, -3.0 ,  0.0,  0.0,  0.0,  0.0,  0.0, 0.0,  28.0,       ,      ,      ,        ,        ,        ,        ,        ,        ,        ,        ,      
kypreni01, 1992,     1, HAR , NHL , L  , 75.0, 17.0,  10.0,  27.0, 325.0, -5.0 ,  0.0,  0.0,  0.0,  0.0,  2.0, 1.0,  81.0,       ,      ,      ,        ,        ,        ,        ,        ,        ,        ,        ,      
kypreni01, 1993,     1, HAR , NHL , R  , 10.0,  0.0,   0.0,   0.0,  37.0, -8.0 ,  0.0,  0.0,  0.0,  0.0,  0.0, 0.0,   5.0,       ,      ,      ,        ,        ,        ,        ,        ,        ,        ,        ,      
kypreni01, 1993,     2, NYR , NHL , R  , 46.0,  3.0,   5.0,   8.0, 102.0, -8.0 ,  0.0,  0.0,  0.0,  0.0,  1.0, 0.0,  29.0,    3.0,   0.0,   0.0,     0.0,     2.0, -1.0   ,     0.0,     0.0,     0.0,     0.0,     0.0,     0.0
kypreni01, 1994,     1, NYR , NHL , L  , 40.0,  1.0,   3.0,   4.0,  93.0, 0.0  ,  0.0,  0.0,  0.0,  0.0,  0.0, 0.0,  16.0,   10.0,   0.0,   2.0,     2.0,     6.0, 3.0    ,     0.0,     0.0,     0.0,     0.0,     0.0,     9.0
kypreni01, 1995,     1, NYR , NHL , L  , 42.0,  3.0,   4.0,   7.0,  77.0, 1.0  ,  0.0,  0.0,  0.0,  0.0,  1.0, 0.0,  35.0,       ,      ,      ,        ,        ,        ,        ,        ,        ,        ,        ,      
kypreni01, 1995,     2, TOR , NHL , L  , 19.0,  1.0,   1.0,   2.0,  30.0, 0.0  ,  0.0,  0.0,  0.0,  0.0,  0.0, 0.0,  14.0,    5.0,   0.0,   0.0,     0.0,     4.0, 0.0    ,     0.0,     0.0,     0.0,     0.0,     0.0,     5.0
kypreni01, 1996,     1, TOR , NHL , L  , 35.0,  3.0,   2.0,   5.0,  62.0, 1.0  ,  0.0,  0.0,  0.0,  0.0,  0.0, 0.0,  18.0,       ,      ,      ,        ,        ,        ,        ,        ,        ,        ,        ,      
kyteji01 , 1982,     1, WIN , NHL , D  ,  2.0,  0.0,   0.0,   0.0,   0.0, -1.0 ,  0.0,     ,  0.0,     ,  0.0, 0.0,   0.0,       ,      ,      ,        ,        ,        ,        ,        ,        ,        ,        ,      
kyteji01 , 1983,     1, WIN , NHL , D  , 58.0,  1.0,   2.0,   3.0,  55.0, -7.0 ,  0.0,     ,  0.0,     ,  0.0, 0.0,   7.0,    3.0,   0.0,   0.0,     0.0,    11.0, -1.0   ,     0.0,        ,     0.0,        ,     0.0,     2.0
kyteji01 , 1984,     1, WIN , NHL , D  , 71.0,  0.0,   3.0,   3.0, 111.0, -26.0,  0.0,     ,  0.0,     ,  0.0, 0.0,  32.0,    8.0,   0.0,   0.0,     0.0,    14.0, -2.0   ,     0.0,        ,     0.0,        ,     0.0,     3.0
kyteji01 , 1985,     1, WIN , NHL , D  , 71.0,  1.0,   3.0,   4.0, 126.0, -21.0,  0.0,     ,  0.0,     ,  0.0, 0.0,  28.0,    3.0,   0.0,   0.0,     0.0,    12.0, -2.0   ,     0.0,        ,     0.0,        ,     0.0,     4.0
kyteji01 , 1986,     1, WIN , NHL , D  , 72.0,  5.0,   5.0,  10.0, 162.0, 4.0  ,  0.0,     ,  0.0,     ,  1.0, 0.0,  62.0,   10.0,   0.0,   4.0,     4.0,    36.0, 3.0    ,     0.0,        ,     0.0,        ,     0.0,     9.0
kyteji01 , 1987,     1, WIN , NHL , D  , 51.0,  1.0,   3.0,   4.0, 128.0, 1.0  ,  0.0,  0.0,  0.0,  0.0,  0.0, 0.0,  59.0,       ,      ,      ,        ,        ,        ,        ,        ,        ,        ,        ,      
kyteji01 , 1988,     1, WIN , NHL , D  , 74.0,  3.0,   9.0,  12.0, 190.0, -25.0,  0.0,  0.0,  0.0,  0.0,  0.0, 0.0,  56.0,       ,      ,      ,        ,        ,        ,        ,        ,        ,        ,        ,      
kyteji01 , 1989,     1, PIT , NHL , D  , 56.0,  3.0,   1.0,   4.0, 125.0, -10.0,  0.0,  0.0,  0.0,  0.0,  0.0, 0.0,  23.0,       ,      ,      ,        ,        ,        ,        ,        ,        ,        ,        ,      
kyteji01 , 1990,     1, PIT , NHL , D  ,  1.0,  0.0,   0.0,   0.0,   2.0, 0.0  ,  0.0,  0.0,  0.0,  0.0,  0.0, 0.0,   0.0,       ,      ,      ,        ,        ,        ,        ,        ,        ,        ,        ,      
kyteji01 , 1990,     2, CAL , NHL , D  , 42.0,  0.0,   9.0,   9.0, 153.0, 10.0 ,  0.0,  0.0,  0.0,  1.0,  0.0, 0.0,  29.0,    7.0,   0.0,   0.0,     0.0,     7.0, 2.0    ,     0.0,     0.0,     0.0,     0.0,     0.0,     4.0
kyteji01 , 1991,     1, CAL , NHL , D  , 21.0,  0.0,   1.0,   1.0, 107.0, 2.0  ,  0.0,  0.0,  0.0,  0.0,  0.0, 0.0,  13.0,       ,      ,      ,        ,        ,        ,        ,        ,        ,        ,        ,      
kyteji01 , 1992,     1, OTT , NHL , D  ,  4.0,  0.0,   1.0,   1.0,   4.0, 0.0  ,  0.0,  0.0,  0.0,  0.0,  0.0, 0.0,   1.0,       ,      ,      ,        ,        ,        ,        ,        ,        ,        ,        ,      
kyteji01 , 1994,     1, SJS , NHL , D  , 18.0,  2.0,   5.0,   7.0,  33.0, -7.0 ,  0.0,  2.0,  0.0,  0.0,  1.0, 0.0,  14.0,   11.0,   0.0,   2.0,     2.0,    14.0, -1.0   ,     0.0,     0.0,     0.0,     0.0,     0.0,     8.0
kyteji01 , 1995,     1, SJS , NHL , D  , 57.0,  1.0,   7.0,   8.0, 146.0, -12.0,  0.0,  0.0,  0.0,  0.0,  0.0, 0.0,  32.0,       ,      ,      ,        ,        ,        ,        ,        ,        ,        ,        ,      
laaksan01, 1998,     1, BOS , NHL , L  , 11.0,  1.0,   2.0,   3.0,   2.0, -1.0 ,  0.0,  1.0,  0.0,  0.0,  0.0, 0.0,   8.0,       ,      ,      ,        ,        ,        ,        ,        ,        ,        ,        ,      
laaksan01, 1999,     1, BOS , NHL , L  , 27.0,  6.0,   3.0,   9.0,   2.0, 3.0  ,  0.0,  0.0,  0.0,  0.0,  1.0, 0.0,  23.0,       ,      ,      ,        ,        ,        ,        ,        ,        ,        ,        ,      
laaksan01, 2000,     1, MIN , NHL , L  , 82.0, 12.0,  16.0,  28.0,  24.0, -7.0 ,  0.0,  0.0,  2.0,  2.0,  1.0, 0.0, 129.0,       ,      ,      ,        ,        ,        ,        ,        ,        ,        ,        ,      
laaksan01, 2001,     1, MIN , NHL , L  , 82.0, 16.0,  17.0,  33.0,  22.0, -5.0 ,  0.0,  0.0,  0.0,  0.0,  1.0, 0.0, 104.0,       ,      ,      ,        ,        ,        ,        ,        ,        ,        ,        ,      
laaksan01, 2002,     1, MIN , NHL , L  , 82.0, 15.0,  16.0,  31.0,  26.0, 4.0  ,  1.0,  0.0,  2.0,  1.0,  4.0, 2.0, 106.0,   16.0,   1.0,   3.0,     4.0,     4.0, -3.0   ,     0.0,     0.0,     0.0,     0.0,     0.0,    25.0
laaksan01, 2003,     1, MIN , NHL , L  , 77.0, 12.0,  14.0,  26.0,  20.0, 0.0  ,  0.0,  0.0,  1.0,  2.0,  1.0, 0.0, 100.0,       ,      ,      ,        ,        ,        ,        ,        ,        ,        ,        ,      
laaksan01, 2005,     1, COL , NHL , L  , 81.0, 16.0,  18.0,  34.0,  40.0, -2.0 ,  0.0,  0.0,  2.0,  1.0,  4.0,    , 141.0,    9.0,   0.0,   2.0,     2.0,     2.0, -3.0   ,     0.0,     0.0,     0.0,     1.0,     0.0,    16.0
laaksan01, 2006,     1, COL , NHL , L  , 41.0,  3.0,   1.0,   4.0,  16.0, -3.0 ,  0.0,  0.0,  1.0,  0.0,  0.0,    ,  43.0,       ,      ,      ,        ,        ,        ,        ,        ,        ,        ,        ,      
laakste01, 2009,     1, NAS , NHL , D  ,  7.0,  0.0,   0.0,   0.0,   2.0, -2.0 ,  0.0,  0.0,  0.0,  0.0,  0.0,    ,   5.0,       ,      ,      ,        ,        ,        ,        ,        ,        ,        ,        ,      
labadmi01, 1952,     1, NYR , NHL , R  ,  3.0,  0.0,   0.0,   0.0,   0.0,      ,     ,     ,     ,     ,     ,    ,      ,       ,      ,      ,        ,        ,        ,        ,        ,        ,        ,        ,      
labarja01, 2000,     1, NYR , NHL , G  ,  1.0,  0.0,   0.0,   0.0,   0.0, 0.0  ,  0.0,  0.0,  0.0,  0.0,  0.0, 0.0,   0.0,       ,      ,      ,        ,        ,        ,        ,        ,        ,        ,        ,      
labarja01, 2003,     1, NYR , NHL , G  ,  4.0,  0.0,   1.0,   1.0,   2.0, 0.0  ,  0.0,  1.0,  0.0,  0.0,  0.0, 0.0,   0.0,       ,      ,      ,        ,        ,        ,        ,        ,        ,        ,        ,      
labarja01, 2005,     1, LAK , NHL , G  , 29.0,  0.0,   1.0,   1.0,   0.0, 0.0  ,  0.0,  0.0,  0.0,  0.0,  0.0,    ,   0.0,       ,      ,      ,        ,        ,        ,        ,        ,        ,        ,        ,      
labarja01, 2007,     1, LAK , NHL , G  , 45.0,  0.0,   0.0,   0.0,   2.0, 0.0  ,  0.0,  0.0,  0.0,  0.0,  0.0,    ,   0.0,       ,      ,      ,        ,        ,        ,        ,        ,        ,        ,        ,      
labarja01, 2008,     1, LAK , NHL , G  , 19.0,  0.0,   0.0,   0.0,   2.0, 0.0  ,  0.0,  0.0,  0.0,  0.0,  0.0,    ,   0.0,       ,      ,      ,        ,        ,        ,        ,        ,        ,        ,        ,      
labarja01, 2008,     2, VAN , NHL , G  ,  9.0,  0.0,   0.0,   0.0,   0.0, 0.0  ,  0.0,  0.0,  0.0,  0.0,  0.0,    ,   0.0,       ,      ,      ,        ,        ,        ,        ,        ,        ,        ,        ,      
labarja01, 2009,     1, PHO , NHL , G  , 17.0,  0.0,   0.0,   0.0,   0.0, 0.0  ,  0.0,  0.0,  0.0,  0.0,  0.0,    ,   0.0,       ,      ,      ,        ,        ,        ,        ,        ,        ,        ,        ,      
labatne01, 1978,     1, STL , NHL , D  , 22.0,  0.0,   2.0,   2.0,  13.0, -1.0 ,  0.0,     ,  0.0,     ,  0.0, 0.0,  15.0,       ,      ,      ,        ,        ,        ,        ,        ,        ,        ,        ,      
labatne01, 1981,     1, STL , NHL , D  ,  4.0,  0.0,   0.0,   0.0,   6.0, -3.0 ,  0.0,     ,  0.0,     ,  0.0, 0.0,   3.0,       ,      ,      ,        ,        ,        ,        ,        ,        ,        ,        ,      
labbeje01, 1999,     1, NYR , NHL , G  ,  1.0,  0.0,   0.0,   0.0,   0.0, 0.0  ,  0.0,  0.0,  0.0,  0.0,  0.0, 0.0,   0.0,       ,      ,      ,        ,        ,        ,        ,        ,        ,        ,        ,      
labbeje01, 2001,     1, CBS , NHL , G  ,  3.0,  0.0,   0.0,   0.0,   0.0, 0.0  ,  0.0,  0.0,  0.0,  0.0,  0.0, 0.0,   0.0,       ,      ,      ,        ,        ,        ,        ,        ,        ,        ,        ,      
labbeje01, 2002,     1, CBS , NHL , G  , 11.0,  0.0,   0.0,   0.0,   2.0, 0.0  ,  0.0,  0.0,  0.0,  0.0,  0.0, 0.0,   0.0,       ,      ,      ,        ,        ,        ,        ,        ,        ,        ,        ,      
labbemo01, 1972,     1, CHI , NHL , R  ,  5.0,  0.0,   1.0,   1.0,   0.0, 1.0  ,  0.0,     ,  0.0,     ,  0.0, 0.0,   4.0,       ,      ,      ,        ,        ,        ,        ,        ,        ,        ,        ,      
labelma01, 1996,     1, DAL , NHL , L  ,  9.0,  0.0,   0.0,   0.0,  46.0, -4.0 ,  0.0,  0.0,  0.0,  0.0,  0.0, 0.0,   2.0,       ,      ,      ,        ,        ,        ,        ,        ,        ,        ,        ,      
labinle01, 1951,     1, BOS , NHL , R  , 15.0,  2.0,   4.0,   6.0,   9.0,      ,     ,     ,     ,     ,     ,    ,      ,    5.0,   0.0,   1.0,     1.0,     4.0,        ,        ,        ,        ,        ,        ,      
labinle01, 1952,     1, BOS , NHL , R  , 51.0,  8.0,  15.0,  23.0,  69.0,      ,     ,     ,     ,     ,     ,    ,      ,    7.0,   2.0,   1.0,     3.0,    19.0,        ,        ,        ,        ,        ,        ,      
labinle01, 1953,     1, BOS , NHL , R  , 68.0, 16.0,  19.0,  35.0,  57.0,      ,     ,     ,     ,     ,     ,    ,      ,    4.0,   0.0,   1.0,     1.0,     8.0,        ,        ,        ,        ,        ,        ,      
labinle01, 1954,     1, BOS , NHL , R  , 67.0, 24.0,  18.0,  42.0,  75.0,      ,     ,     ,     ,     ,     ,    ,      ,    5.0,   2.0,   1.0,     3.0,    11.0,        ,        ,        ,        ,        ,        ,      
labinle01, 1955,     1, BOS , NHL , R  , 68.0, 16.0,  18.0,  34.0, 104.0,      ,     ,     ,     ,     ,     ,    ,      ,       ,      ,      ,        ,        ,        ,        ,        ,        ,        ,        ,      
labinle01, 1956,     1, BOS , NHL , R  , 67.0, 18.0,  29.0,  47.0, 128.0,      ,     ,     ,     ,     ,     ,    ,      ,   10.0,   3.0,   2.0,     5.0,    14.0,        ,        ,        ,        ,        ,        ,      
labinle01, 1957,     1, BOS , NHL , R  , 62.0,  7.0,  14.0,  21.0,  60.0,      ,     ,     ,     ,     ,     ,    ,      ,   11.0,   0.0,   2.0,     2.0,    10.0,        ,        ,        ,        ,        ,        ,      
labinle01, 1958,     1, BOS , NHL , R  , 70.0,  9.0,  23.0,  32.0,  74.0,      ,     ,     ,     ,     ,     ,    ,      ,    7.0,   2.0,   1.0,     3.0,    12.0,        ,        ,        ,        ,        ,        ,      
labinle01, 1959,     1, BOS , NHL , R  , 63.0, 16.0,  28.0,  44.0,  58.0,      ,     ,     ,     ,     ,     ,    ,      ,       ,      ,      ,        ,        ,        ,        ,        ,        ,        ,        ,      
labinle01, 1960,     1, BOS , NHL , R  , 40.0,  7.0,  12.0,  19.0,  34.0,      ,     ,     ,     ,     ,     ,    ,      ,       ,      ,      ,        ,        ,        ,        ,        ,        ,        ,        ,      
labinle01, 1960,     2, DET , NHL , R  , 24.0,  2.0,   9.0,  11.0,  32.0,      ,     ,     ,     ,     ,     ,    ,      ,   11.0,   3.0,   2.0,     5.0,     4.0,        ,        ,        ,        ,        ,     0.0,      
labinle01, 1961,     1, DET , NHL , D/R, 48.0,  3.0,   4.0,   7.0,  30.0,      ,     ,     ,     ,     ,     ,    ,      ,       ,      ,      ,        ,        ,        ,        ,        ,        ,        ,        ,      
labosgo01, 1963,     1, NYR , NHL , C  , 15.0,  0.0,   0.0,   0.0,  12.0,      ,  0.0,     ,  0.0,     ,  0.0, 0.0,      ,       ,      ,      ,        ,        ,        ,        ,        ,        ,        ,        ,      
labosgo01, 1964,     1, NYR , NHL , C  ,  1.0,  0.0,   0.0,   0.0,   0.0,      ,  0.0,     ,  0.0,     ,  0.0, 0.0,      ,       ,      ,      ,        ,        ,        ,        ,        ,        ,        ,        ,      
labosgo01, 1967,     1, LAK , NHL , C  , 68.0, 13.0,  27.0,  40.0,  31.0, 6.0  ,  1.0,     ,  0.0,     ,  3.0, 0.0, 153.0,    7.0,   2.0,   3.0,     5.0,    24.0,        ,     0.0,        ,     0.0,        ,     0.0,      
labosgo01, 1968,     1, LAK , NHL , C  , 48.0, 10.0,  18.0,  28.0,  12.0, -7.0 ,  2.0,     ,  0.0,     ,  0.0, 0.0,  97.0,       ,      ,      ,        ,        ,        ,        ,        ,        ,        ,        ,      
labosgo01, 1970,     1, LAK , NHL , C  , 45.0, 11.0,  10.0,  21.0,  16.0, -22.0,  1.0,     ,  0.0,     ,  0.0, 1.0,  88.0,       ,      ,      ,        ,        ,        ,        ,        ,        ,        ,        ,      
labosgo01, 1970,     2, MNS , NHL , C  , 29.0,  8.0,   4.0,  12.0,   4.0, -3.0 ,  0.0,     ,  0.0,     ,  1.0, 0.0,  45.0,    3.0,   0.0,   0.0,     0.0,     4.0,        ,     0.0,        ,     0.0,        ,     0.0,      
labosgo01, 1971,     1, MNS , NHL , C  ,  9.0,  2.0,   3.0,   5.0,   0.0, 2.0  ,  0.0,     ,  0.0,     ,  0.0, 0.0,  23.0,       ,      ,      ,        ,        ,        ,        ,        ,        ,        ,        ,      
labosgo01, 1972,     1, HOU , WHA , C  , 78.0, 36.0,  60.0,  96.0,  56.0,      , 10.0,     ,  0.0,     ,  1.0,    ,      ,    6.0,   1.0,   4.0,     5.0,     8.0,        ,     1.0,        ,     0.0,        ,     0.0,      
labosgo01, 1973,     1, HOU , WHA , C  , 67.0, 19.0,  36.0,  55.0,  30.0,      ,  4.0,     ,  0.0,     ,  4.0,    ,      ,   14.0,   7.0,   9.0,    16.0,    20.0,        ,        ,        ,        ,        ,     2.0,      
labosgo01, 1974,     1, HOU , WHA , C  , 76.0, 23.0,  34.0,  57.0,  40.0, 5.0  ,  4.0,     ,  0.0,     ,     ,    , 171.0,   13.0,   6.0,   7.0,    13.0,     4.0,        ,        ,        ,        ,        ,     0.0,      
labosgo01, 1975,     1, HOU , WHA , C  , 80.0, 23.0,  32.0,  55.0,  18.0, -1.0 ,  4.0,     ,  0.0,     ,  3.0,    , 151.0,   17.0,   2.0,   8.0,    10.0,    14.0, -4.0   ,        ,        ,        ,        ,        ,      
labovma01, 1943,     1, NYR , NHL , R  ,  5.0,  0.0,   0.0,   0.0,   4.0,      ,     ,     ,     ,     ,     ,    ,      ,       ,      ,      ,        ,        ,        ,        ,        ,        ,        ,        ,      
labrada01, 1976,     1, WIJ , WHA , L  , 64.0, 24.0,  27.0,  51.0,  21.0, -11.0,  8.0,     ,  0.0,     ,     ,    , 134.0,   20.0,   7.0,  17.0,    24.0,    15.0, 8.0    ,        ,        ,        ,        ,     1.0,      
labrada01, 1977,     1, WIJ , WHA , L  , 47.0, 18.0,  16.0,  34.0,  30.0, 7.0  ,  5.0,     ,  0.0,     ,     ,    ,  81.0,    4.0,   1.0,   1.0,     2.0,     8.0, 4.0    ,        ,        ,        ,        ,     0.0,      
labrada01, 1978,     1, DET , NHL , L  , 78.0, 19.0,  19.0,  38.0,   8.0, -17.0,  7.0,     ,  0.0,     ,  3.0, 1.0, 112.0,       ,      ,      ,        ,        ,        ,        ,        ,        ,        ,        ,      
labrada01, 1979,     1, DET , NHL , L  , 76.0, 30.0,  27.0,  57.0,   8.0, 5.0  ,  6.0,     ,  0.0,     ,  5.0, 1.0, 152.0,       ,      ,      ,        ,        ,        ,        ,        ,        ,        ,        ,      
labrada01, 1980,     1, DET , NHL , L  , 44.0,  3.0,   8.0,  11.0,  12.0, -19.0,  0.0,     ,  0.0,     ,  0.0, 0.0,  43.0,       ,      ,      ,        ,        ,        ,        ,        ,        ,        ,        ,      
labrada01, 1980,     2, CAL , NHL , L  , 27.0,  9.0,   7.0,  16.0,  13.0, 1.0  ,  1.0,     ,  0.0,     ,  0.0, 1.0,  39.0,    5.0,   1.0,   0.0,     1.0,     4.0,        ,     1.0,        ,     0.0,        ,     1.0,      
labrada01, 1981,     1, CAL , NHL , L  , 43.0, 10.0,  12.0,  22.0,   6.0, -4.0 ,  1.0,     ,  0.0,     ,  0.0, 0.0,  60.0,    3.0,   0.0,   0.0,     0.0,     0.0,        ,     0.0,        ,     0.0,        ,     0.0,      
labrepa01, 1995,     1, MTL , NHL , G  ,  2.0,  0.0,   0.0,   0.0,   2.0, 0.0  ,  0.0,  0.0,  0.0,  0.0,  0.0, 0.0,   0.0,       ,      ,      ,        ,        ,        ,        ,        ,        ,        ,        ,      
labreyv01, 1970,     1, PIT , NHL , D  , 21.0,  1.0,   1.0,   2.0,  19.0, 2.0  ,  0.0,     ,  0.0,     ,  0.0, 0.0,  30.0,       ,      ,      ,        ,        ,        ,        ,        ,        ,        ,        ,      
labreyv01, 1973,     1, PIT , NHL , D  , 16.0,  1.0,   2.0,   3.0,  13.0, -7.0 ,  0.0,     ,  0.0,     ,  0.0, 0.0,  12.0,       ,      ,      ,        ,        ,        ,        ,        ,        ,        ,        ,      
labreyv01, 1974,     1, WAS , NHL , D  , 76.0,  4.0,  23.0,  27.0, 182.0, -54.0,  0.0,     ,  0.0,     ,  0.0, 1.0,  72.0,       ,      ,      ,        ,        ,        ,        ,        ,        ,        ,        ,      
labreyv01, 1975,     1, WAS , NHL , D  , 80.0,  2.0,  20.0,  22.0, 146.0, -38.0,  0.0,     ,  0.0,     ,  0.0, 0.0, 110.0,       ,      ,      ,        ,        ,        ,        ,        ,        ,        ,        ,      
labreyv01, 1976,     1, WAS , NHL , D  , 62.0,  3.0,  11.0,  14.0, 169.0, -5.0 ,  0.0,     ,  2.0,     ,  0.0, 0.0,  99.0,       ,      ,      ,        ,        ,        ,        ,        ,        ,        ,        ,      
labreyv01, 1977,     1, WAS , NHL , D  , 22.0,  0.0,   8.0,   8.0,  41.0, 0.0  ,  0.0,     ,  0.0,     ,  0.0, 0.0,  21.0,       ,      ,      ,        ,        ,        ,        ,        ,        ,        ,        ,      
labreyv01, 1978,     1, WAS , NHL , D  , 51.0,  1.0,  13.0,  14.0,  80.0, 7.0  ,  0.0,     ,  0.0,     ,  0.0, 0.0,  36.0,       ,      ,      ,        ,        ,        ,        ,        ,        ,        ,        ,      
labreyv01, 1979,     1, WAS , NHL , D  , 18.0,  0.0,   5.0,   5.0,  38.0, 3.0  ,  0.0,     ,  0.0,     ,  0.0, 0.0,   5.0,       ,      ,      ,        ,        ,        ,        ,        ,        ,        ,        ,      
labreyv01, 1980,     1, WAS , NHL , D  , 25.0,  2.0,   4.0,   6.0, 100.0, -2.0 ,  0.0,     ,  0.0,     ,  0.0, 0.0,  13.0,       ,      ,      ,        ,        ,        ,        ,        ,        ,        ,        ,      
labrigu01, 1943,     1, BOS , NHL , D  , 15.0,  2.0,   7.0,   9.0,   2.0,      ,     ,     ,     ,     ,     ,    ,      ,       ,      ,      ,        ,        ,        ,        ,        ,        ,        ,        ,      
labrigu01, 1944,     1, NYR , NHL , D  , 27.0,  2.0,   2.0,   4.0,  14.0,      ,     ,     ,     ,     ,     ,    ,      ,       ,      ,      ,        ,        ,        ,        ,        ,        ,        ,        ,      
lachami01, 1978,     1, COR , NHL , D  , 21.0,  0.0,   4.0,   4.0,  22.0, -9.0 ,  0.0,     ,  0.0,     ,  0.0, 0.0,  22.0,       ,      ,      ,        ,        ,        ,        ,        ,        ,        ,        ,      
lachasc01, 1991,     1, NYI , NHL , D  , 17.0,  1.0,   4.0,   5.0,   9.0, 13.0 ,  0.0,  1.0,  0.0,  0.0,  0.0, 1.0,  20.0,       ,      ,      ,        ,        ,        ,        ,        ,        ,        ,        ,      
lachasc01, 1992,     1, NYI , NHL , D  , 75.0,  7.0,  17.0,  24.0,  67.0, -1.0 ,  0.0,  2.0,  1.0,  2.0,  2.0, 0.0,  62.0,       ,      ,      ,        ,        ,        ,        ,        ,        ,        ,        ,      
lachasc01, 1993,     1, NYI , NHL , D  , 74.0,  3.0,  11.0,  14.0,  70.0, -5.0 ,  0.0,  4.0,  0.0,  2.0,  1.0, 0.0,  59.0,    3.0,   0.0,   0.0,     0.0,     0.0, -5.0   ,     0.0,     0.0,     0.0,     0.0,     0.0,     3.0
lachasc01, 1994,     1, NYI , NHL , D  , 26.0,  6.0,   7.0,  13.0,  26.0, 2.0  ,  3.0,  3.0,  0.0,  0.0,  0.0, 0.0,  56.0,       ,      ,      ,        ,        ,        ,        ,        ,        ,        ,        ,      
lachasc01, 1995,     1, NYI , NHL , D  , 55.0,  3.0,  10.0,  13.0,  54.0, -19.0,  1.0,  5.0,  0.0,  0.0,  0.0, 0.0,  81.0,       ,      ,      ,        ,        ,        ,        ,        ,        ,        ,        ,      
lachasc01, 1996,     1, NYI , NHL , D  , 81.0,  3.0,  11.0,  14.0,  47.0, -7.0 ,  1.0,  2.0,  0.0,  0.0,  0.0, 0.0,  97.0,       ,      ,      ,        ,        ,        ,        ,        ,        ,        ,        ,      
lachasc01, 1997,     1, NYI , NHL , D  , 63.0,  2.0,  11.0,  13.0,  45.0, -11.0,  1.0,  2.0,  0.0,  0.0,  0.0, 0.0,  62.0,       ,      ,      ,        ,        ,        ,        ,        ,        ,        ,        ,      
lachasc01, 1998,     1, NYI , NHL , D  , 59.0,  1.0,   8.0,   9.0,  30.0, -19.0,  1.0,  1.0,  0.0,  0.0,  0.0, 0.0,  37.0,       ,      ,      ,        ,        ,        ,        ,        ,        ,        ,        ,      
lachasc01, 1998,     2, MTL , NHL , D  , 17.0,  1.0,   1.0,   2.0,  11.0, -2.0 ,  0.0,  1.0,  0.0,  0.0,  0.0, 0.0,  22.0,       ,      ,      ,        ,        ,        ,        ,        ,        ,        ,        ,      
lachasc01, 1999,     1, MTL , NHL , D  , 57.0,  0.0,   6.0,   6.0,  22.0, -4.0 ,  0.0,  0.0,  0.0,  0.0,  0.0, 0.0,  41.0,       ,      ,      ,        ,        ,        ,        ,        ,        ,        ,        ,      
lachasc01, 2000,     1, VAN , NHL , D  , 76.0,  3.0,  11.0,  14.0,  46.0, 5.0  ,  0.0,  0.0,  0.0,  1.0,  0.0, 0.0,  55.0,    2.0,   0.0,   1.0,     1.0,     2.0, 0.0    ,     0.0,     0.0,     0.0,     0.0,     0.0,     0.0
lachasc01, 2001,     1, VAN , NHL , D  , 81.0,  1.0,  10.0,  11.0,  50.0, 15.0 ,  0.0,  1.0,  0.0,  0.0,  0.0, 0.0,  48.0,    6.0,   1.0,   1.0,     2.0,     4.0, 2.0    ,     0.0,     0.0,     0.0,     0.0,     1.0,     4.0
lachasc01, 2002,     1, CBS , NHL , D  , 61.0,  0.0,   1.0,   1.0,  46.0, -20.0,  0.0,  0.0,  0.0,  0.0,  0.0, 0.0,  35.0,       ,      ,      ,        ,        ,        ,        ,        ,        ,        ,        ,      
lachasc01, 2003,     1, CBS , NHL , D  , 77.0,  0.0,   4.0,   4.0,  44.0, -23.0,  0.0,  1.0,  0.0,  0.0,  0.0, 0.0,  35.0,       ,      ,      ,        ,        ,        ,        ,        ,        ,        ,        ,      
lachebl01, 1994,     1, BOS , NHL , G  , 35.0,  0.0,   1.0,   1.0,   4.0, 0.0  ,  0.0,  0.0,  0.0,  0.0,  0.0, 0.0,   0.0,    5.0,   0.0,   0.0,     0.0,     0.0, 0.0    ,     0.0,     0.0,     0.0,     0.0,     0.0,     0.0
lachebl01, 1995,     1, BOS , NHL , G  , 12.0,  0.0,   0.0,   0.0,   4.0, 0.0  ,  0.0,  0.0,  0.0,  0.0,  0.0, 0.0,   0.0,       ,      ,      ,        ,        ,        ,        ,        ,        ,        ,        ,      
lachel01 , 1940,     1, MTL , NHL , C  , 43.0,  7.0,  14.0,  21.0,  16.0,      ,     ,     ,     ,     ,     ,    ,      ,    3.0,   1.0,   0.0,     1.0,     0.0,        ,        ,        ,        ,        ,        ,      
lachel01 , 1941,     1, MTL , NHL , C  ,  1.0,  0.0,   1.0,   1.0,   0.0,      ,     ,     ,     ,     ,     ,    ,      ,       ,      ,      ,        ,        ,        ,        ,        ,        ,        ,        ,      
lachel01 , 1942,     1, MTL , NHL , C  , 45.0, 18.0,  40.0,  58.0,  14.0,      ,     ,     ,     ,     ,     ,    ,      ,    5.0,   2.0,   4.0,     6.0,     6.0,        ,        ,        ,        ,        ,        ,      
lachel01 , 1943,     1, MTL , NHL , C  , 48.0, 24.0,  48.0,  72.0,  23.0,      ,     ,     ,     ,     ,     ,    ,      ,    9.0,   2.0,  11.0,    13.0,     4.0,        ,        ,        ,        ,        ,        ,      
lachel01 , 1944,     1, MTL , NHL , C  , 50.0, 26.0,  54.0,  80.0,  37.0,      ,     ,     ,     ,     ,     ,    ,      ,    6.0,   4.0,   4.0,     8.0,     2.0,        ,        ,        ,        ,        ,        ,      
lachel01 , 1945,     1, MTL , NHL , C  , 50.0, 13.0,  34.0,  47.0,  34.0,      ,     ,     ,     ,     ,     ,    ,      ,    9.0,   5.0,  12.0,    17.0,     4.0,        ,        ,        ,        ,        ,        ,      
lachel01 , 1946,     1, MTL , NHL , C  , 31.0, 14.0,  16.0,  30.0,  22.0,      ,     ,     ,     ,     ,     ,    ,      ,       ,      ,      ,        ,        ,        ,        ,        ,        ,        ,        ,      
lachel01 , 1947,     1, MTL , NHL , C  , 60.0, 30.0,  31.0,  61.0,  72.0,      ,     ,     ,     ,     ,     ,    ,      ,       ,      ,      ,        ,        ,        ,        ,        ,        ,        ,        ,      
lachel01 , 1948,     1, MTL , NHL , C  , 36.0, 11.0,  18.0,  29.0,  59.0,      ,     ,     ,     ,     ,     ,    ,      ,    1.0,   0.0,   0.0,     0.0,     4.0,        ,        ,        ,        ,        ,        ,      
lachel01 , 1949,     1, MTL , NHL , C  , 64.0, 15.0,  33.0,  48.0,  33.0,      ,     ,     ,     ,     ,     ,    ,      ,    5.0,   1.0,   2.0,     3.0,     4.0,        ,        ,        ,        ,        ,        ,      
lachel01 , 1950,     1, MTL , NHL , C  , 65.0, 21.0,  24.0,  45.0,  48.0,      ,     ,     ,     ,     ,     ,    ,      ,   11.0,   2.0,   2.0,     4.0,     2.0,        ,        ,        ,        ,        ,        ,      
lachel01 , 1951,     1, MTL , NHL , C  , 70.0, 15.0,  50.0,  65.0,  36.0,      ,     ,     ,     ,     ,     ,    ,      ,   11.0,   1.0,   2.0,     3.0,     4.0,        ,        ,        ,        ,        ,        ,      
lachel01 , 1952,     1, MTL , NHL , C  , 53.0, 16.0,  25.0,  41.0,  56.0,      ,     ,     ,     ,     ,     ,    ,      ,   12.0,   1.0,   6.0,     7.0,     6.0,        ,        ,        ,        ,        ,        ,      
lachel01 , 1953,     1, MTL , NHL , C  , 48.0,  5.0,  20.0,  25.0,  28.0,      ,     ,     ,     ,     ,     ,    ,      ,    4.0,   0.0,   2.0,     2.0,     0.0,        ,        ,        ,        ,        ,        ,      
lacomfr01, 1968,     1, OAK , NHL , D  , 72.0,  2.0,  16.0,  18.0,  50.0, -10.0,  1.0,     ,  0.0,     ,  0.0, 0.0, 103.0,    3.0,   1.0,   0.0,     1.0,     0.0,        ,     0.0,        ,     0.0,        ,     0.0,      
lacomfr01, 1969,     1, OAK , NHL , D  ,  2.0,  0.0,   0.0,   0.0,   0.0, 1.0  ,  0.0,     ,  0.0,     ,  0.0, 0.0,   1.0,       ,      ,      ,        ,        ,        ,        ,        ,        ,        ,        ,      
lacomfr01, 1970,     1, BUF , NHL , D  ,  1.0,  0.0,   1.0,   1.0,   2.0, -2.0 ,  0.0,     ,  0.0,     ,  0.0, 0.0,   1.0,       ,      ,      ,        ,        ,        ,        ,        ,        ,        ,        ,      
lacomfr01, 1972,     1, QUN , WHA , D  , 62.0, 10.0,  18.0,  28.0, 123.0,      ,  0.0,     ,  0.0,     ,     ,    ,      ,       ,      ,      ,        ,        ,        ,        ,        ,        ,        ,        ,      
lacomfr01, 1973,     1, QUN , WHA , D  , 71.0,  9.0,  26.0,  35.0,  41.0,      ,  4.0,     ,  0.0,     ,  1.0,    ,      ,       ,      ,      ,        ,        ,        ,        ,        ,        ,        ,        ,      
lacomfr01, 1974,     1, QUN , WHA , D  , 55.0,  7.0,  17.0,  24.0,  54.0, 13.0 ,  0.0,     ,  0.0,     ,     ,    , 109.0,   15.0,   0.0,   2.0,     2.0,    14.0,        ,     0.0,        ,     0.0,        ,     0.0,      
lacomfr01, 1975,     1, CAC , WHA , D  , 71.0,  3.0,  28.0,  31.0,  62.0, 11.0 ,  1.0,     ,  0.0,     ,  0.0,    , 100.0,    8.0,   0.0,   0.0,     0.0,     2.0, 0.0    ,        ,        ,        ,        ,        ,      
lacomfr01, 1976,     1, QUN , WHA , D  , 81.0,  5.0,  22.0,  27.0,  86.0, 17.0 ,  0.0,     ,  0.0,     ,     ,    , 141.0,   17.0,   4.0,   3.0,     7.0,    16.0, 6.0    ,        ,        ,        ,        ,     2.0,      
lacomfr01, 1977,     1, QUN , WHA , D  , 22.0,  1.0,   7.0,   8.0,  12.0, 1.0  ,  0.0,     ,  0.0,     ,     ,    ,  27.0,   10.0,   1.0,   4.0,     5.0,     2.0, 0.0    ,        ,        ,        ,        ,     0.0,      
lacomfr01, 1978,     1, QUN , WHA , D  , 78.0,  3.0,  21.0,  24.0,  44.0, 4.0  ,  0.0,     ,  0.0,     ,     ,    , 112.0,    4.0,   0.0,   1.0,     1.0,     7.0, -4.0   ,        ,        ,        ,        ,     0.0,      
lacomfr01, 1979,     1, QUE , NHL , D  ,  3.0,  0.0,   0.0,   0.0,   2.0, -1.0 ,  0.0,     ,  0.0,     ,  0.0, 0.0,   2.0,       ,      ,      ,        ,        ,        ,        ,        ,        ,        ,        ,      
lacomno01, 1984,     1, BUF , NHL , R  , 30.0,  2.0,   4.0,   6.0,  25.0, -3.0 ,  0.0,     ,  0.0,     ,  0.0, 0.0,  30.0,       ,      ,      ,        ,        ,        ,        ,        ,        ,        ,        ,      
lacomno01, 1985,     1, BUF , NHL , R  , 25.0,  6.0,   7.0,  13.0,  13.0, 9.0  ,  3.0,     ,  0.0,     ,  2.0, 0.0,  38.0,       ,      ,      ,        ,        ,        ,        ,        ,        ,        ,        ,      
lacomno01, 1986,     1, BUF , NHL , R  , 39.0,  4.0,   7.0,  11.0,   8.0, -9.0 ,  1.0,     ,  0.0,     ,  0.0, 1.0,  48.0,       ,      ,      ,        ,        ,        ,        ,        ,        ,        ,        ,      
lacomno01, 1986,     2, EDM , NHL , R  ,  1.0,  0.0,   0.0,   0.0,   2.0, -1.0 ,  0.0,     ,  0.0,     ,  0.0, 0.0,   0.0,       ,      ,      ,        ,        ,        ,        ,        ,        ,        ,        ,      
lacomno01, 1987,     1, EDM , NHL , R  , 53.0,  8.0,   9.0,  17.0,  36.0, -3.0 ,  1.0,  0.0,  0.0,  0.0,  2.0, 0.0,  44.0,   19.0,   3.0,   0.0,     3.0,    28.0, 0.0    ,     0.0,     0.0,     0.0,     0.0,     1.0,    17.0
lacomno01, 1988,     1, EDM , NHL , R  , 64.0, 17.0,  11.0,  28.0,  57.0, 2.0  ,  2.0,  0.0,  0.0,  0.0,  1.0, 0.0,  71.0,    7.0,   2.0,   1.0,     3.0,    21.0, 3.0    ,     0.0,     0.0,     0.0,     0.0,     0.0,    10.0
lacomno01, 1989,     1, EDM , NHL , R  , 15.0,  5.0,   2.0,   7.0,  21.0, 4.0  ,  0.0,  0.0,  0.0,  0.0,  0.0, 0.0,  15.0,       ,      ,      ,        ,        ,        ,        ,        ,        ,        ,        ,      
lacomno01, 1989,     2, PHI , NHL , R  , 18.0,  0.0,   2.0,   2.0,   7.0, 0.0  ,  0.0,  0.0,  0.0,  0.0,  0.0, 0.0,  21.0,       ,      ,      ,        ,        ,        ,        ,        ,        ,        ,        ,      
lacomno01, 1990,     1, PHI , NHL , R  , 74.0, 11.0,  20.0,  31.0,  27.0, -1.0 ,  1.0,  0.0,  0.0,  1.0,  1.0, 0.0,  91.0,       ,      ,      ,        ,        ,        ,        ,        ,        ,        ,        ,      
lacosda01, 2007,     1, CBS , NHL , G  ,  1.0,  0.0,   0.0,   0.0,   0.0, 0.0  ,  0.0,  0.0,  0.0,  0.0,  0.0,    ,   0.0,       ,      ,      ,        ,        ,        ,        ,        ,        ,        ,        ,      
lacosda01, 2008,     1, CBS , NHL , G  ,  3.0,  0.0,   0.0,   0.0,   0.0, 0.0  ,  0.0,  0.0,  0.0,  0.0,  0.0,    ,   0.0,       ,      ,      ,        ,        ,        ,        ,        ,        ,        ,        ,      
lacouda01, 1998,     1, EDM , NHL , L  ,  3.0,  0.0,   0.0,   0.0,   0.0, 1.0  ,  0.0,  0.0,  0.0,  0.0,  0.0, 0.0,   0.0,       ,      ,      ,        ,        ,        ,        ,        ,        ,        ,        ,      
lacouda01, 1999,     1, EDM , NHL , L  ,  5.0,  0.0,   0.0,   0.0,  10.0, 0.0  ,  0.0,  0.0,  0.0,  0.0,  0.0, 0.0,   2.0,    1.0,   0.0,   0.0,     0.0,     0.0, 0.0    ,     0.0,     0.0,     0.0,     0.0,     0.0,     0.0
lacouda01, 2000,     1, EDM , NHL , L  , 37.0,  2.0,   4.0,   6.0,  29.0, -2.0 ,  0.0,  0.0,  0.0,  0.0,  1.0, 0.0,  22.0,       ,      ,      ,        ,        ,        ,        ,        ,        ,        ,        ,      
lacouda01, 2000,     2, PIT , NHL , L  , 11.0,  0.0,   0.0,   0.0,  14.0, 0.0  ,  0.0,  0.0,  0.0,  0.0,  0.0, 0.0,   1.0,    5.0,   0.0,   0.0,     0.0,     2.0, 0.0    ,     0.0,     0.0,     0.0,     0.0,     0.0,     2.0
lacouda01, 2001,     1, PIT , NHL , L  , 82.0,  6.0,  11.0,  17.0,  71.0, -19.0,  0.0,  1.0,  1.0,  0.0,  0.0, 0.0,  77.0,       ,      ,      ,        ,        ,        ,        ,        ,        ,        ,        ,      
lacouda01, 2002,     1, PIT , NHL , L  , 44.0,  2.0,   2.0,   4.0,  72.0, -8.0 ,  0.0,  0.0,  0.0,  0.0,  0.0, 0.0,  30.0,       ,      ,      ,        ,        ,        ,        ,        ,        ,        ,        ,      
lacouda01, 2002,     2, NYR , NHL , L  , 24.0,  1.0,   4.0,   5.0,   0.0, 4.0  ,  0.0,  0.0,  0.0,  0.0,  0.0, 0.0,  17.0,       ,      ,      ,        ,        ,        ,        ,        ,        ,        ,        ,      
lacouda01, 2003,     1, NYR , NHL , L  , 59.0,  5.0,   2.0,   7.0,  82.0, -13.0,  1.0,  0.0,  0.0,  0.0,  1.0, 0.0,  39.0,       ,      ,      ,        ,        ,        ,        ,        ,        ,        ,        ,      
lacouda01, 2005,     1, BOS , NHL , L  , 55.0,  2.0,   2.0,   4.0,  53.0, -6.0 ,  0.0,  0.0,  1.0,  0.0,  0.0,    ,  37.0,       ,      ,      ,        ,        ,        ,        ,        ,        ,        ,        ,      
lacouda01, 2006,     1, NJD , NHL , L  ,  6.0,  0.0,   0.0,   0.0,   7.0, 0.0  ,  0.0,  0.0,  0.0,  0.0,  0.0,    ,   0.0,       ,      ,      ,        ,        ,        ,        ,        ,        ,        ,        ,      
lacouda01, 2008,     1, CAR , NHL , L  , 11.0,  2.0,   0.0,   2.0,  10.0, -1.0 ,  0.0,  0.0,  0.0,  0.0,  1.0,    ,   4.0,       ,      ,      ,        ,        ,        ,        ,        ,        ,        ,        ,      
lacroan01, 1967,     1, PHI , NHL , C  , 18.0,  6.0,   8.0,  14.0,   6.0, 0.0  ,  0.0,     ,  0.0,     ,  1.0, 1.0,  51.0,    7.0,   2.0,   3.0,     5.0,     0.0,        ,     1.0,        ,     0.0,        ,     0.0,      
lacroan01, 1968,     1, PHI , NHL , C  , 75.0, 24.0,  32.0,  56.0,   4.0, -12.0, 13.0,     ,  0.0,     ,  1.0, 5.0, 217.0,    4.0,   0.0,   0.0,     0.0,     0.0,        ,     0.0,        ,     0.0,        ,     0.0,      
lacroan01, 1969,     1, PHI , NHL , C  , 74.0, 22.0,  36.0,  58.0,  14.0, -6.0 ,  6.0,     ,  0.0,     ,  4.0, 1.0, 175.0,       ,      ,      ,        ,        ,        ,        ,        ,        ,        ,        ,      
lacroan01, 1970,     1, PHI , NHL , C  , 78.0, 20.0,  22.0,  42.0,  12.0, -9.0 ,  9.0,     ,  0.0,     ,  4.0, 1.0, 180.0,    4.0,   0.0,   2.0,     2.0,     0.0,        ,     0.0,        ,     0.0,        ,     0.0,      
lacroan01, 1971,     1, CHI , NHL , C  , 51.0,  4.0,   7.0,  11.0,   6.0, 4.0  ,  1.0,     ,  0.0,     ,  1.0, 0.0,  34.0,    1.0,   0.0,   0.0,     0.0,     0.0,        ,     0.0,        ,     0.0,        ,     0.0,      
lacroan01, 1972,     1, PHB , WHA , C  , 78.0, 50.0,  74.0, 124.0,  83.0,      , 16.0,     ,  0.0,     , 11.0,    ,      ,    4.0,   0.0,   2.0,     2.0,    18.0,        ,     0.0,        ,     0.0,        ,     0.0,      
lacroan01, 1973,     1, NYJ , WHA , C  , 78.0, 31.0,  80.0, 111.0,  54.0,      , 11.0,     ,  0.0,     ,  2.0,    ,      ,       ,      ,      ,        ,        ,        ,        ,        ,        ,        ,        ,      
lacroan01, 1974,     1, SDM , WHA , C  , 78.0, 41.0, 106.0, 147.0,  63.0, 40.0 , 12.0,     ,  0.0,     ,     ,    , 275.0,   10.0,   3.0,   9.0,    12.0,     2.0,        ,        ,        ,        ,        ,     0.0,      
lacroan01, 1975,     1, SDM , WHA , C  , 80.0, 29.0,  72.0, 101.0,  42.0, -29.0, 12.0,     ,  3.0,     ,  3.0,    , 274.0,   11.0,   4.0,   6.0,    10.0,     4.0, -4.0   ,        ,        ,        ,        ,        ,      
lacroan01, 1976,     1, SDM , WHA , C  , 81.0, 32.0,  82.0, 114.0,  79.0, 2.0  , 11.0,     ,  3.0,     ,  0.0,    , 231.0,    7.0,   1.0,   6.0,     7.0,     6.0, -1.0   ,        ,        ,        ,        ,     0.0,      
lacroan01, 1977,     1, HOU , WHA , C  , 78.0, 36.0,  77.0, 113.0,  57.0, 8.0  ,  7.0,     ,  0.0,     ,     ,    , 193.0,    6.0,   2.0,   2.0,     4.0,     0.0, -4.0   ,        ,        ,        ,        ,     0.0,      
lacroan01, 1978,     1, NEW , WHA , C  , 78.0, 32.0,  56.0,  88.0,  34.0, 1.0  ,  7.0,     ,  4.0,     ,     ,    , 172.0,   10.0,   4.0,   4.0,     8.0,     0.0, -2.0   ,        ,        ,        ,        ,     0.0,      
lacroan01, 1979,     1, HAR , NHL , C  , 29.0,  3.0,  14.0,  17.0,   2.0, -6.0 ,  1.0,     ,  0.0,     ,  0.0, 0.0,  45.0,       ,      ,      ,        ,        ,        ,        ,        ,        ,        ,        ,      
lacroda01, 1993,     1, NYR , NHL , C  ,  4.0,  0.0,   0.0,   0.0,   0.0, 0.0  ,  0.0,  0.0,  0.0,  0.0,  0.0, 0.0,   0.0,       ,      ,      ,        ,        ,        ,        ,        ,        ,        ,        ,      
lacroda01, 1994,     1, BOS , NHL , C  , 23.0,  1.0,   0.0,   1.0,  38.0, -2.0 ,  0.0,  0.0,  0.0,  0.0,  0.0, 0.0,  14.0,       ,      ,      ,        ,        ,        ,        ,        ,        ,        ,        ,      
lacroda01, 1994,     2, NYR , NHL , C  ,  1.0,  0.0,   0.0,   0.0,   0.0, 0.0  ,  0.0,  0.0,  0.0,  0.0,  0.0, 0.0,   0.0,       ,      ,      ,        ,        ,        ,        ,        ,        ,        ,        ,      
lacroda01, 1995,     1, NYR , NHL , L  , 25.0,  2.0,   2.0,   4.0,  30.0, -1.0 ,  0.0,  0.0,  0.0,  0.0,  0.0, 0.0,  14.0,       ,      ,      ,        ,        ,        ,        ,        ,        ,        ,        ,      
lacroda01, 1996,     1, PHI , NHL , C  , 74.0,  7.0,   1.0,   8.0, 163.0, -1.0 ,  1.0,  0.0,  0.0,  0.0,  0.0, 0.0,  54.0,   12.0,   0.0,   1.0,     1.0,    22.0, 0.0    ,     0.0,     0.0,     0.0,     0.0,     0.0,     4.0
lacroda01, 1997,     1, PHI , NHL , C  , 56.0,  1.0,   4.0,   5.0, 135.0, 0.0  ,  0.0,  0.0,  0.0,  0.0,  0.0, 0.0,  28.0,    4.0,   0.0,   0.0,     0.0,     4.0, 0.0    ,     0.0,     0.0,     0.0,     0.0,     0.0,     0.0
lacroda01, 1998,     1, EDM , NHL , L  ,  4.0,  0.0,   0.0,   0.0,  13.0, 0.0  ,  0.0,  0.0,  0.0,  0.0,  0.0, 0.0,   5.0,       ,      ,      ,        ,        ,        ,        ,        ,        ,        ,        ,      
lacroda01, 1999,     1, NYI , NHL , C  ,  1.0,  0.0,   0.0,   0.0,   0.0, -1.0 ,  0.0,  0.0,  0.0,  0.0,  0.0, 0.0,   0.0,       ,      ,      ,        ,        ,        ,        ,        ,        ,        ,        ,      
lacroer01, 1993,     1, TOR , NHL , L  ,  3.0,  0.0,   0.0,   0.0,   2.0, 0.0  ,  0.0,  0.0,  0.0,  0.0,  0.0, 0.0,   3.0,    2.0,   0.0,   0.0,     0.0,     0.0, -1.0   ,     0.0,     0.0,     0.0,     0.0,     0.0,     0.0
lacroer01, 1994,     1, LAK , NHL , L  , 45.0,  9.0,   7.0,  16.0,  54.0, 2.0  ,  2.0,  1.0,  1.0,  0.0,  1.0, 0.0,  64.0,       ,      ,      ,        ,        ,        ,        ,        ,        ,        ,        ,      
lacroer01, 1995,     1, LAK , NHL , L  , 72.0, 16.0,  16.0,  32.0, 110.0, -11.0,  3.0,  3.0,  0.0,  0.0,  1.0, 0.0, 107.0,       ,      ,      ,        ,        ,        ,        ,        ,        ,        ,        ,      
lacroer01, 1996,     1, COL , NHL , L  , 81.0, 18.0,  18.0,  36.0,  26.0, 16.0 ,  2.0,  1.0,  0.0,  0.0,  4.0, 0.0, 141.0,   17.0,   1.0,   4.0,     5.0,    19.0, 2.0    ,     0.0,     0.0,     0.0,     0.0,     0.0,    15.0
lacroer01, 1997,     1, COL , NHL , L  , 82.0, 16.0,  15.0,  31.0,  84.0, 0.0  ,  5.0,  3.0,  0.0,  0.0,  6.0, 0.0, 126.0,    7.0,   0.0,   0.0,     0.0,     6.0, -2.0   ,     0.0,     0.0,     0.0,     0.0,     0.0,     5.0
lacroer01, 1998,     1, COL , NHL , L  ,  7.0,  0.0,   0.0,   0.0,   2.0, -2.0 ,  0.0,  0.0,  0.0,  0.0,  0.0, 0.0,   4.0,       ,      ,      ,        ,        ,        ,        ,        ,        ,        ,        ,      
lacroer01, 1998,     2, LAK , NHL , L  , 27.0,  0.0,   1.0,   1.0,  12.0, -5.0 ,  0.0,  0.0,  0.0,  0.0,  0.0, 0.0,  17.0,       ,      ,      ,        ,        ,        ,        ,        ,        ,        ,        ,      
lacroer01, 1998,     3, NYR , NHL , L  , 30.0,  2.0,   1.0,   3.0,   4.0, -5.0 ,  0.0,  1.0,  0.0,  0.0,  1.0, 0.0,  17.0,       ,      ,      ,        ,        ,        ,        ,        ,        ,        ,        ,      
lacroer01, 1999,     1, NYR , NHL , L  , 70.0,  4.0,   8.0,  12.0,  24.0, -12.0,  0.0,  0.0,  0.0,  0.0,  1.0, 0.0,  46.0,       ,      ,      ,        ,        ,        ,        ,        ,        ,        ,        ,      
lacroer01, 2000,     1, NYR , NHL , L  , 46.0,  2.0,   3.0,   5.0,  39.0, -6.0 ,  0.0,  0.0,  0.0,  0.0,  0.0, 0.0,  22.0,       ,      ,      ,        ,        ,        ,        ,        ,        ,        ,        ,      
lacroer01, 2000,     2, OTT , NHL , L  ,  9.0,  0.0,   1.0,   1.0,   4.0, 0.0  ,  0.0,  0.0,  0.0,  0.0,  0.0, 0.0,  10.0,    4.0,   0.0,   1.0,     1.0,     0.0, 0.0    ,     0.0,     0.0,     0.0,     0.0,     0.0,     2.0
lacrofr01, 1925,     1, MTL , NHL , G  ,  5.0,  0.0,   0.0,   0.0,   0.0,      ,     ,     ,     ,     ,     ,    ,      ,       ,      ,      ,        ,        ,        ,        ,        ,        ,        ,        ,      
lacropi01, 1979,     1, QUE , NHL , D  , 76.0,  9.0,  21.0,  30.0,  45.0, -6.0 ,  4.0,     ,  0.0,     ,  0.0, 0.0,  86.0,       ,      ,      ,        ,        ,        ,        ,        ,        ,        ,        ,      
lacropi01, 1980,     1, QUE , NHL , D  , 61.0,  5.0,  34.0,  39.0,  54.0, 9.0  ,  4.0,     ,  0.0,     ,  0.0, 0.0,  96.0,    5.0,   0.0,   2.0,     2.0,    10.0,        ,     0.0,        ,     0.0,        ,     0.0,      
lacropi01, 1981,     1, QUE , NHL , D  , 68.0,  4.0,  23.0,  27.0,  74.0, 1.0  ,  1.0,     ,  0.0,     ,  0.0, 1.0,  73.0,    3.0,   0.0,   0.0,     0.0,     0.0,        ,     0.0,        ,     0.0,        ,     0.0,      
lacropi01, 1982,     1, QUE , NHL , D  , 13.0,  0.0,   5.0,   5.0,   6.0, 4.0  ,  0.0,     ,  0.0,     ,  0.0, 0.0,   8.0,       ,      ,      ,        ,        ,        ,        ,        ,        ,        ,        ,      
lacropi01, 1982,     2, HAR , NHL , D  , 56.0,  6.0,  25.0,  31.0,  18.0, -19.0,  1.0,     ,  0.0,     ,  0.0, 0.0,  89.0,       ,      ,      ,        ,        ,        ,        ,        ,        ,        ,        ,      
laddan01 , 2005,     1, CAR , NHL , L  , 29.0,  6.0,   5.0,  11.0,   4.0, 0.0  ,  3.0,  1.0,  0.0,  0.0,  0.0,    ,  43.0,   17.0,   2.0,   3.0,     5.0,     4.0, 0.0    ,     0.0,     0.0,     0.0,     0.0,     1.0,    13.0
laddan01 , 2006,     1, CAR , NHL , L  , 65.0, 11.0,  10.0,  21.0,  46.0, 1.0  ,  2.0,  1.0,  0.0,  0.0,  3.0,    , 109.0,       ,      ,      ,        ,        ,        ,        ,        ,        ,        ,        ,      
laddan01 , 2007,     1, CAR , NHL , L  , 43.0,  9.0,   9.0,  18.0,  31.0, 9.0  ,  0.0,  2.0,  0.0,  0.0,  1.0,    ,  76.0,       ,      ,      ,        ,        ,        ,        ,        ,        ,        ,        ,      
laddan01 , 2007,     2, CHI , NHL , L  , 20.0,  5.0,   7.0,  12.0,   4.0, 4.0  ,  1.0,  2.0,  0.0,  0.0,  0.0,    ,  55.0,       ,      ,      ,        ,        ,        ,        ,        ,        ,        ,        ,      
laddan01 , 2008,     1, CHI , NHL , L  , 82.0, 15.0,  34.0,  49.0,  28.0, 26.0 ,  0.0,  1.0,  0.0,  1.0,  2.0,    , 195.0,   17.0,   3.0,   1.0,     4.0,    12.0, 3.0    ,     0.0,     0.0,     0.0,     0.0,     1.0,    35.0
laddan01 , 2009,     1, CHI , NHL , L  , 82.0, 17.0,  21.0,  38.0,  67.0, 2.0  ,  0.0,  1.0,  0.0,  0.0,  1.0,    , 148.0,   19.0,   3.0,   3.0,     6.0,    12.0, 4.0    ,     0.0,     0.0,     0.0,     0.0,     0.0,    23.0
ladoura01, 1982,     1, DET , NHL , D  , 27.0,  0.0,   4.0,   4.0,  16.0, -10.0,  0.0,     ,  0.0,     ,  0.0, 0.0,  17.0,       ,      ,      ,        ,        ,        ,        ,        ,        ,        ,        ,      
ladoura01, 1983,     1, DET , NHL , D  , 71.0,  3.0,  17.0,  20.0,  58.0, -12.0,  0.0,     ,  0.0,     ,  0.0, 0.0,  89.0,    4.0,   1.0,   0.0,     1.0,     6.0, 1.0    ,     0.0,        ,     1.0,        ,     0.0,     4.0
ladoura01, 1984,     1, DET , NHL , D  , 80.0,  3.0,  27.0,  30.0, 108.0, 3.0  ,  1.0,     ,  0.0,     ,  1.0, 0.0,  83.0,    3.0,   1.0,   0.0,     1.0,     0.0, -2.0   ,     0.0,        ,     0.0,        ,     0.0,     5.0
ladoura01, 1985,     1, DET , NHL , D  , 78.0,  5.0,  13.0,  18.0, 196.0, -54.0,  0.0,     ,  0.0,     ,  1.0, 1.0,  92.0,       ,      ,      ,        ,        ,        ,        ,        ,        ,        ,        ,      
ladoura01, 1986,     1, DET , NHL , D  , 34.0,  3.0,   6.0,   9.0,  70.0, -4.0 ,  1.0,     ,  0.0,     ,  1.0, 0.0,  25.0,       ,      ,      ,        ,        ,        ,        ,        ,        ,        ,        ,      
ladoura01, 1986,     2, HAR , NHL , D  , 36.0,  2.0,   3.0,   5.0,  51.0, 6.0  ,  0.0,     ,  0.0,     ,  0.0, 0.0,  29.0,    6.0,   0.0,   2.0,     2.0,    12.0, 1.0    ,     0.0,        ,     0.0,        ,     0.0,     7.0
ladoura01, 1987,     1, HAR , NHL , D  , 67.0,  1.0,   7.0,   8.0,  91.0, 7.0  ,  0.0,  2.0,  0.0,  0.0,  1.0, 0.0,  37.0,    6.0,   1.0,   1.0,     2.0,     4.0, 1.0    ,     0.0,     0.0,     0.0,     0.0,     0.0,     7.0
ladoura01, 1988,     1, HAR , NHL , D  , 75.0,  2.0,   5.0,   7.0,  95.0, -23.0,  0.0,  0.0,  0.0,  1.0,  0.0, 0.0,  56.0,    1.0,   0.0,   0.0,     0.0,    10.0, 0.0    ,     0.0,     0.0,     0.0,     0.0,     0.0,     0.0
ladoura01, 1989,     1, HAR , NHL , D  , 71.0,  3.0,  12.0,  15.0, 126.0, -6.0 ,  0.0,  0.0,  0.0,  1.0,  0.0, 0.0,  45.0,    7.0,   1.0,   0.0,     1.0,    10.0, -4.0   ,     0.0,     0.0,     0.0,     0.0,     1.0,     7.0
ladoura01, 1990,     1, HAR , NHL , D  , 67.0,  1.0,   3.0,   4.0, 118.0, -10.0,  0.0,  0.0,  0.0,  0.0,  0.0, 0.0,  44.0,    6.0,   1.0,   4.0,     5.0,     6.0, 4.0    ,     0.0,     0.0,     0.0,     1.0,     0.0,    10.0
ladoura01, 1991,     1, HAR , NHL , D  , 74.0,  1.0,   9.0,  10.0, 127.0, -1.0 ,  0.0,  0.0,  0.0,  0.0,  0.0, 0.0,  59.0,    7.0,   0.0,   1.0,     1.0,    11.0, 0.0    ,     0.0,     0.0,     0.0,     1.0,     0.0,     2.0
ladoura01, 1992,     1, HAR , NHL , D  , 62.0,  2.0,   4.0,   6.0, 109.0, -18.0,  0.0,  0.0,  0.0,  1.0,  0.0, 0.0,  37.0,       ,      ,      ,        ,        ,        ,        ,        ,        ,        ,        ,      
ladoura01, 1993,     1, ANA , NHL , D  , 81.0,  1.0,   9.0,  10.0,  74.0, 7.0  ,  0.0,  0.0,  0.0,  0.0,  0.0, 0.0,  66.0,       ,      ,      ,        ,        ,        ,        ,        ,        ,        ,        ,      
ladoura01, 1994,     1, ANA , NHL , D  , 44.0,  2.0,   4.0,   6.0,  36.0, 2.0  ,  0.0,  1.0,  0.0,  1.0,  0.0, 0.0,  42.0,       ,      ,      ,        ,        ,        ,        ,        ,        ,        ,        ,      
ladoura01, 1995,     1, ANA , NHL , D  , 63.0,  1.0,   3.0,   4.0,  47.0, 5.0  ,  0.0,  0.0,  0.0,  0.0,  0.0, 0.0,  48.0,       ,      ,      ,        ,        ,        ,        ,        ,        ,        ,        ,      
lafayna01, 1993,     1, STL , NHL , C  , 38.0,  2.0,   3.0,   5.0,  14.0, -9.0 ,  0.0,  0.0,  0.0,  0.0,  0.0, 0.0,  23.0,       ,      ,      ,        ,        ,        ,        ,        ,        ,        ,        ,      
lafayna01, 1993,     2, VAN , NHL , C  , 11.0,  1.0,   1.0,   2.0,   4.0, 2.0  ,  0.0,  1.0,  0.0,  0.0,  0.0, 0.0,  11.0,   20.0,   2.0,   7.0,     9.0,     4.0, 13.0   ,     0.0,     0.0,     0.0,     0.0,     0.0,    24.0
lafayna01, 1994,     1, VAN , NHL , C  , 27.0,  4.0,   4.0,   8.0,   2.0, 2.0  ,  0.0,  0.0,  1.0,  0.0,  0.0, 0.0,  30.0,       ,      ,      ,        ,        ,        ,        ,        ,        ,        ,        ,      
lafayna01, 1994,     2, NYR , NHL , C  , 12.0,  0.0,   0.0,   0.0,   0.0, 1.0  ,  0.0,  0.0,  0.0,  0.0,  0.0, 0.0,   5.0,    8.0,   0.0,   0.0,     0.0,     2.0, -1.0   ,     0.0,     0.0,     0.0,     0.0,     0.0,     1.0
lafayna01, 1995,     1, NYR , NHL , C  ,  5.0,  0.0,   0.0,   0.0,   2.0, -1.0 ,  0.0,  0.0,  0.0,  0.0,  0.0, 0.0,   5.0,       ,      ,      ,        ,        ,        ,        ,        ,        ,        ,        ,      
lafayna01, 1995,     2, LAK , NHL , C  , 12.0,  2.0,   4.0,   6.0,   6.0, -3.0 ,  1.0,  0.0,  0.0,  0.0,  0.0, 0.0,  23.0,       ,      ,      ,        ,        ,        ,        ,        ,        ,        ,        ,      
lafayna01, 1996,     1, LAK , NHL , C  , 15.0,  1.0,   3.0,   4.0,   8.0, -8.0 ,  0.0,  0.0,  1.0,  0.0,  1.0, 0.0,  26.0,       ,      ,      ,        ,        ,        ,        ,        ,        ,        ,        ,      
lafayna01, 1997,     1, LAK , NHL , C  , 34.0,  5.0,   3.0,   8.0,  32.0, 2.0  ,  1.0,  0.0,  0.0,  0.0,  1.0, 0.0,  60.0,    4.0,   0.0,   0.0,     0.0,     2.0, -2.0   ,     0.0,     0.0,     0.0,     0.0,     0.0,     4.0
lafayna01, 1998,     1, LAK , NHL , R  , 33.0,  2.0,   2.0,   4.0,  35.0, 0.0  ,  0.0,  1.0,  1.0,  0.0,  1.0, 0.0,  42.0,       ,      ,      ,        ,        ,        ,        ,        ,        ,        ,        ,      
laferri01, 1981,     1, COR , NHL , G  ,  1.0,  0.0,   0.0,   0.0,   0.0, 0.0  ,  0.0,     ,  0.0,     ,  0.0, 0.0,   0.0,       ,      ,      ,        ,        ,        ,        ,        ,        ,        ,        ,      
laflach01, 1996,     1, CHI , NHL , D  ,  4.0,  0.0,   1.0,   1.0,   2.0, 3.0  ,  0.0,  0.0,  0.0,  0.0,  0.0, 0.0,   3.0,       ,      ,      ,        ,        ,        ,        ,        ,        ,        ,        ,      
laflach01, 1997,     1, CHI , NHL , D  , 72.0,  0.0,  11.0,  11.0,  59.0, 14.0 ,  0.0,  1.0,  0.0,  1.0,  0.0, 0.0,  75.0,       ,      ,      ,        ,        ,        ,        ,        ,        ,        ,        ,      
laflach01, 1998,     1, CHI , NHL , D  , 62.0,  2.0,  11.0,  13.0,  70.0, 0.0  ,  0.0,  4.0,  0.0,  0.0,  0.0, 0.0,  53.0,       ,      ,      ,        ,        ,        ,        ,        ,        ,        ,        ,      
laflach01, 1998,     2, EDM , NHL , D  , 11.0,  0.0,   1.0,   1.0,   0.0, -3.0 ,  0.0,  0.0,  0.0,  0.0,  0.0, 0.0,  15.0,    4.0,   0.0,   1.0,     1.0,     2.0, -4.0   ,     0.0,     0.0,     0.0,     0.0,     0.0,     5.0
laflach01, 1999,     1, EDM , NHL , D  , 50.0,  0.0,   5.0,   5.0,  32.0, -4.0 ,  0.0,  0.0,  0.0,  0.0,  0.0, 0.0,  18.0,       ,      ,      ,        ,        ,        ,        ,        ,        ,        ,        ,      
laflach01, 1999,     2, MTL , NHL , D  , 15.0,  0.0,   2.0,   2.0,   8.0, -5.0 ,  0.0,  0.0,  0.0,  0.0,  0.0, 0.0,   6.0,       ,      ,      ,        ,        ,        ,        ,        ,        ,        ,        ,      
laflach01, 2000,     1, MTL , NHL , D  , 39.0,  0.0,   3.0,   3.0,  42.0, -11.0,  0.0,  1.0,  0.0,  0.0,  0.0, 0.0,  16.0,       ,      ,      ,        ,        ,        ,        ,        ,        ,        ,        ,      
laflach01, 2001,     1, STL , NHL , D  ,  8.0,  0.0,   1.0,   1.0,   4.0, 3.0  ,  0.0,  0.0,  0.0,  0.0,  0.0, 0.0,   6.0,       ,      ,      ,        ,        ,        ,        ,        ,        ,        ,        ,      
laflach01, 2002,     1, STL , NHL , D  , 47.0,  0.0,   9.0,   9.0,  45.0, 1.0  ,  0.0,  0.0,  0.0,  0.0,  0.0, 0.0,  44.0,    5.0,   0.0,   0.0,     0.0,     4.0, -1.0   ,     0.0,     0.0,     0.0,     0.0,     0.0,     4.0
laflach01, 2003,     1, STL , NHL , D  , 16.0,  0.0,   1.0,   1.0,  20.0, -3.0 ,  0.0,  0.0,  0.0,  0.0,  0.0, 0.0,   9.0,       ,      ,      ,        ,        ,        ,        ,        ,        ,        ,        ,      
laflegu01, 1971,     1, MTL , NHL , R  , 73.0, 29.0,  35.0,  64.0,  48.0, 27.0 ,  5.0,     ,  0.0,     ,  5.0, 0.0, 187.0,    6.0,   1.0,   4.0,     5.0,     2.0,        ,     0.0,        ,     0.0,        ,     0.0,      
laflegu01, 1972,     1, MTL , NHL , R  , 69.0, 28.0,  27.0,  55.0,  51.0, 16.0 ,  9.0,     ,  0.0,     ,  7.0, 1.0, 176.0,   17.0,   3.0,   5.0,     8.0,     9.0,        ,     2.0,        ,     0.0,        ,     1.0,      
laflegu01, 1973,     1, MTL , NHL , R  , 73.0, 21.0,  35.0,  56.0,  29.0, 10.0 ,  3.0,     ,  1.0,     ,  2.0, 0.0, 167.0,    6.0,   0.0,   1.0,     1.0,     4.0,        ,     0.0,        ,     0.0,        ,     0.0,      
laflegu01, 1974,     1, MTL , NHL , R  , 70.0, 53.0,  66.0, 119.0,  37.0, 52.0 , 15.0,     ,  2.0,     , 11.0, 4.0, 260.0,   11.0,  12.0,   7.0,    19.0,    15.0,        ,     4.0,        ,     0.0,        ,     4.0,      
laflegu01, 1975,     1, MTL , NHL , R  , 80.0, 56.0,  69.0, 125.0,  36.0, 68.0 , 18.0,     ,  0.0,     , 12.0, 5.0, 303.0,   13.0,   7.0,  10.0,    17.0,     2.0,        ,     0.0,        ,     0.0,        ,     3.0,      
laflegu01, 1976,     1, MTL , NHL , R  , 80.0, 56.0,  80.0, 136.0,  20.0, 89.0 , 14.0,     ,  0.0,     ,  8.0, 3.0, 291.0,   14.0,   9.0,  17.0,    26.0,     6.0,        ,     1.0,        ,     0.0,        ,     2.0,      
laflegu01, 1977,     1, MTL , NHL , R  , 78.0, 60.0,  72.0, 132.0,  26.0, 73.0 , 15.0,     ,  0.0,     , 12.0, 2.0, 307.0,   15.0,  10.0,  11.0,    21.0,    16.0,        ,     3.0,        ,     0.0,        ,     2.0,      
laflegu01, 1978,     1, MTL , NHL , R  , 80.0, 52.0,  77.0, 129.0,  28.0, 56.0 , 13.0,     ,  0.0,     , 12.0, 1.0, 342.0,   16.0,  10.0,  13.0,    23.0,     0.0,        ,     2.0,        ,     0.0,        ,     2.0,      
laflegu01, 1979,     1, MTL , NHL , R  , 74.0, 50.0,  75.0, 125.0,  12.0, 40.0 , 15.0,     ,  0.0,     ,  7.0, 1.0, 323.0,    3.0,   3.0,   1.0,     4.0,     0.0,        ,     0.0,        ,     0.0,        ,     0.0,      
laflegu01, 1980,     1, MTL , NHL , R  , 51.0, 27.0,  43.0,  70.0,  29.0, 24.0 ,  7.0,     ,  0.0,     ,  7.0, 1.0, 191.0,    3.0,   0.0,   1.0,     1.0,     2.0,        ,     0.0,        ,     0.0,        ,     0.0,      
laflegu01, 1981,     1, MTL , NHL , R  , 66.0, 27.0,  57.0,  84.0,  24.0, 33.0 ,  9.0,     ,  0.0,     ,  3.0, 1.0, 233.0,    5.0,   2.0,   1.0,     3.0,     4.0,        ,     2.0,        ,     0.0,        ,     0.0,      
laflegu01, 1982,     1, MTL , NHL , R  , 68.0, 27.0,  49.0,  76.0,  12.0, 6.0  ,  9.0,     ,  0.0,     ,  1.0, 2.0, 177.0,    3.0,   0.0,   2.0,     2.0,     2.0,        ,     0.0,        ,     0.0,        ,     0.0,      
laflegu01, 1983,     1, MTL , NHL , R  , 80.0, 30.0,  40.0,  70.0,  19.0, -14.0,  6.0,     ,  0.0,     ,  6.0, 1.0, 217.0,   12.0,   0.0,   3.0,     3.0,     5.0, 1.0    ,     0.0,        ,     0.0,        ,     0.0,    16.0
laflegu01, 1984,     1, MTL , NHL , R  , 19.0,  2.0,   3.0,   5.0,  10.0, -3.0 ,  0.0,     ,  0.0,     ,  0.0, 0.0,  35.0,       ,      ,      ,        ,        ,        ,        ,        ,        ,        ,        ,      
laflegu01, 1988,     1, NYR , NHL , R  , 67.0, 18.0,  27.0,  45.0,  12.0, 1.0  ,  6.0, 10.0,  0.0,  0.0,  2.0, 0.0, 122.0,    4.0,   1.0,   0.0,     1.0,     0.0, -3.0   ,     1.0,     0.0,     0.0,     0.0,     0.0,    10.0
laflegu01, 1989,     1, QUE , NHL , R  , 39.0, 12.0,  22.0,  34.0,   4.0, -15.0,  6.0, 13.0,  0.0,  0.0,  2.0, 0.0, 100.0,       ,      ,      ,        ,        ,        ,        ,        ,        ,        ,        ,      
laflegu01, 1990,     1, QUE , NHL , R  , 59.0, 12.0,  16.0,  28.0,   2.0, -10.0,  3.0,  4.0,  0.0,  0.0,  0.0, 0.0,  90.0,       ,      ,      ,        ,        ,        ,        ,        ,        ,        ,        ,      
laflero01, 1924,     1, MTL , NHL , F  ,  1.0,  0.0,   0.0,   0.0,   0.0,      ,     ,     ,     ,     ,     ,    ,      ,       ,      ,      ,        ,        ,        ,        ,        ,        ,        ,        ,      
lafonpa01, 1983,     1, NYI , NHL , C  , 15.0, 13.0,   6.0,  19.0,   6.0, 9.0  ,  1.0,     ,  0.0,     ,  0.0, 0.0,  35.0,   16.0,   3.0,   6.0,     9.0,     8.0, -2.0   ,     0.0,        ,     0.0,        ,     0.0,    21.0
lafonpa01, 1984,     1, NYI , NHL , C  , 67.0, 19.0,  35.0,  54.0,  32.0, 9.0  ,  1.0,     ,  0.0,     ,  1.0, 1.0, 173.0,    9.0,   1.0,   2.0,     3.0,     4.0, -3.0   ,     0.0,        ,     0.0,        ,     0.0,     7.0
lafonpa01, 1985,     1, NYI , NHL , C  , 65.0, 30.0,  23.0,  53.0,  43.0, 16.0 ,  2.0,     ,  0.0,     ,  4.0, 0.0, 172.0,    3.0,   1.0,   0.0,     1.0,     0.0, -2.0   ,     1.0,        ,     0.0,        ,     0.0,     7.0
lafonpa01, 1986,     1, NYI , NHL , C  , 80.0, 38.0,  32.0,  70.0,  70.0, -10.0, 19.0,     ,  1.0,     ,  6.0, 1.0, 219.0,   14.0,   5.0,   7.0,    12.0,    10.0, -6.0   ,     1.0,        ,     0.0,        ,     2.0,    39.0
lafonpa01, 1987,     1, NYI , NHL , C  , 75.0, 47.0,  45.0,  92.0,  52.0, 12.0 , 15.0, 16.0,  0.0,  0.0,  7.0, 2.0, 242.0,    6.0,   4.0,   5.0,     9.0,     8.0, 2.0    ,     1.0,     3.0,     0.0,     0.0,     1.0,    16.0
lafonpa01, 1988,     1, NYI , NHL , C  , 79.0, 45.0,  43.0,  88.0,  26.0, -8.0 , 16.0, 19.0,  0.0,  0.0,  4.0, 0.0, 288.0,       ,      ,      ,        ,        ,        ,        ,        ,        ,        ,        ,      
lafonpa01, 1989,     1, NYI , NHL , C  , 74.0, 54.0,  51.0, 105.0,  38.0, -13.0, 13.0, 27.0,  2.0,  0.0,  8.0, 1.0, 286.0,    2.0,   0.0,   1.0,     1.0,     0.0, -1.0   ,     0.0,     0.0,     0.0,     0.0,     0.0,     5.0
lafonpa01, 1990,     1, NYI , NHL , C  , 75.0, 41.0,  44.0,  85.0,  42.0, -6.0 , 12.0, 21.0,  2.0,  0.0,  5.0, 1.0, 225.0,       ,      ,      ,        ,        ,        ,        ,        ,        ,        ,        ,      
lafonpa01, 1991,     1, BUF , NHL , C  , 57.0, 46.0,  47.0,  93.0,  98.0, 10.0 , 23.0, 25.0,  0.0,  0.0,  5.0, 1.0, 203.0,    7.0,   8.0,   3.0,    11.0,     4.0, 0.0    ,     5.0,     1.0,     1.0,     0.0,     1.0,    27.0
lafonpa01, 1992,     1, BUF , NHL , C  , 84.0, 53.0,  95.0, 148.0,  63.0, 11.0 , 20.0, 43.0,  2.0,  0.0,  7.0, 1.0, 306.0,    7.0,   2.0,  10.0,    12.0,     0.0, 0.0    ,     1.0,     4.0,     0.0,     0.0,     0.0,    13.0
lafonpa01, 1993,     1, BUF , NHL , C  , 16.0,  5.0,  13.0,  18.0,   2.0, -4.0 ,  1.0,  4.0,  0.0,  0.0,  0.0, 0.0,  40.0,       ,      ,      ,        ,        ,        ,        ,        ,        ,        ,        ,      
lafonpa01, 1994,     1, BUF , NHL , C  , 22.0, 12.0,  15.0,  27.0,   4.0, 2.0  ,  6.0, 10.0,  1.0,  0.0,  3.0, 1.0,  54.0,    5.0,   2.0,   2.0,     4.0,     2.0, -2.0   ,     1.0,     0.0,     0.0,     0.0,     0.0,    11.0
lafonpa01, 1995,     1, BUF , NHL , C  , 76.0, 40.0,  51.0,  91.0,  36.0, -8.0 , 15.0, 24.0,  3.0,  0.0,  7.0, 1.0, 224.0,       ,      ,      ,        ,        ,        ,        ,        ,        ,        ,        ,      
lafonpa01, 1996,     1, BUF , NHL , C  , 13.0,  2.0,   6.0,   8.0,   4.0, -8.0 ,  1.0,  5.0,  0.0,  0.0,  0.0, 0.0,  38.0,       ,      ,      ,        ,        ,        ,        ,        ,        ,        ,        ,      
lafonpa01, 1997,     1, NYR , NHL , C  , 67.0, 23.0,  39.0,  62.0,  36.0, -16.0, 11.0, 18.0,  0.0,  0.0,  2.0, 3.0, 160.0,       ,      ,      ,        ,        ,        ,        ,        ,        ,        ,        ,      
laforbo01, 1983,     1, LAK , NHL , R  ,  5.0,  1.0,   0.0,   1.0,   2.0, -3.0 ,  1.0,     ,  0.0,     ,  0.0, 0.0,  15.0,       ,      ,      ,        ,        ,        ,        ,        ,        ,        ,        ,      
laforcl01, 1957,     1, MTL , NHL , L  ,  5.0,  0.0,   0.0,   0.0,   0.0,      ,     ,     ,     ,     ,     ,    ,      ,       ,      ,      ,        ,        ,        ,        ,        ,        ,        ,        ,      
laforcl01, 1958,     1, DET , NHL , L  , 57.0,  2.0,   5.0,   7.0,  18.0,      ,     ,     ,     ,     ,     ,    ,      ,       ,      ,      ,        ,        ,        ,        ,        ,        ,        ,        ,      
laforcl01, 1960,     1, DET , NHL , L  , 10.0,  1.0,   0.0,   1.0,   2.0,      ,     ,     ,     ,     ,     ,    ,      ,       ,      ,      ,        ,        ,        ,        ,        ,        ,        ,        ,      
laforcl01, 1961,     1, DET , NHL , L  , 38.0, 10.0,   9.0,  19.0,  20.0,      ,     ,     ,     ,     ,     ,    ,      ,       ,      ,      ,        ,        ,        ,        ,        ,        ,        ,        ,      
laforcl01, 1963,     1, DET , NHL , L  , 17.0,  2.0,   3.0,   5.0,   4.0,      ,  0.0,     ,  0.0,     ,  0.0, 0.0,      ,       ,      ,      ,        ,        ,        ,        ,        ,        ,        ,        ,      
laforcl01, 1964,     1, DET , NHL , L  ,  1.0,  0.0,   0.0,   0.0,   2.0,      ,  0.0,     ,  0.0,     ,  0.0, 0.0,      ,       ,      ,      ,        ,        ,        ,        ,        ,        ,        ,        ,      
laforcl01, 1967,     1, PHI , NHL , L  , 63.0,  9.0,  16.0,  25.0,  36.0, 8.0  ,  0.0,     ,  0.0,     ,  2.0, 0.0, 106.0,    5.0,   1.0,   2.0,     3.0,    15.0,        ,     0.0,        ,     0.0,        ,     0.0,      
laforcl01, 1968,     1, PHI , NHL , L  ,  2.0,  0.0,   0.0,   0.0,   0.0, -2.0 ,  0.0,     ,  0.0,     ,  0.0, 0.0,   1.0,       ,      ,      ,        ,        ,        ,        ,        ,        ,        ,        ,      
laforer01, 1942,     1, MTL , NHL , D  ,  1.0,  0.0,   0.0,   0.0,   0.0,      ,     ,     ,     ,     ,     ,    ,      ,       ,      ,      ,        ,        ,        ,        ,        ,        ,        ,        ,      
laforma01, 1985,     1, DET , NHL , G  , 28.0,  0.0,   0.0,   0.0,  23.0, 0.0  ,  0.0,     ,  0.0,     ,  0.0, 0.0,   0.0,       ,      ,      ,        ,        ,        ,        ,        ,        ,        ,        ,      
laforma01, 1986,     1, DET , NHL , G  ,  5.0,  0.0,   1.0,   1.0,   7.0, 0.0  ,  0.0,     ,  0.0,     ,  0.0, 0.0,   0.0,       ,      ,      ,        ,        ,        ,        ,        ,        ,        ,        ,      
laforma01, 1987,     1, PHI , NHL , G  , 21.0,  0.0,   0.0,   0.0,   8.0, 0.0  ,  0.0,  0.0,  0.0,  0.0,  0.0, 0.0,   0.0,    2.0,   0.0,   0.0,     0.0,    10.0, 0.0    ,     0.0,     0.0,     0.0,     0.0,     0.0,     0.0
laforma01, 1988,     1, PHI , NHL , G  , 17.0,  0.0,   4.0,   4.0,   4.0, 0.0  ,  0.0,     ,  0.0,     ,  0.0, 0.0,   0.0,       ,      ,      ,        ,        ,        ,        ,        ,        ,        ,        ,      
laforma01, 1989,     1, TOR , NHL , G  , 27.0,  0.0,   1.0,   1.0,  23.0, 0.0  ,  0.0,     ,  0.0,     ,  0.0, 0.0,   0.0,       ,      ,      ,        ,        ,        ,        ,        ,        ,        ,        ,      
laforma01, 1993,     1, OTT , NHL , G  ,  5.0,  0.0,   0.0,   0.0,   0.0, 0.0  ,  0.0,  0.0,  0.0,  0.0,  0.0, 0.0,   0.0,       ,      ,      ,        ,        ,        ,        ,        ,        ,        ,        ,      
laforma02, 1989,     1, HAR , NHL , D  ,  9.0,  0.0,   0.0,   0.0,  43.0, -1.0 ,  0.0,  0.0,  0.0,  0.0,  0.0, 0.0,   0.0,       ,      ,      ,        ,        ,        ,        ,        ,        ,        ,        ,      
laforma02, 1993,     1, EDM , NHL , D  ,  5.0,  0.0,   0.0,   0.0,  21.0, -2.0 ,  0.0,  0.0,  0.0,  0.0,  0.0, 0.0,   0.0,       ,      ,      ,        ,        ,        ,        ,        ,        ,        ,        ,      
lafraad01, 1933,     1, MTL , NHL , F  ,  3.0,  0.0,   0.0,   0.0,   2.0,      ,     ,     ,     ,     ,     ,    ,      ,    2.0,   0.0,   0.0,     0.0,     0.0,        ,        ,        ,        ,        ,        ,      
lafrale01, 1926,     1, MTL , NHL , C/L,  4.0,  0.0,   0.0,   0.0,   0.0,      ,     ,     ,     ,     ,     ,    ,      ,       ,      ,      ,        ,        ,        ,        ,        ,        ,        ,        ,      
lafrale01, 1927,     1, MTL , NHL , C/L, 15.0,  1.0,   0.0,   1.0,   2.0,      ,     ,     ,     ,     ,     ,    ,      ,       ,      ,      ,        ,        ,        ,        ,        ,        ,        ,        ,      
lafrale01, 1927,     2, CHI , NHL , C/L, 14.0,  1.0,   0.0,   1.0,   4.0,      ,     ,     ,     ,     ,     ,    ,      ,       ,      ,      ,        ,        ,        ,        ,        ,        ,        ,        ,      
lafrape01, 1971,     1, CLF , NHL , C  ,  5.0,  0.0,   0.0,   0.0,   0.0, -5.0 ,  0.0,     ,  0.0,     ,  0.0, 0.0,   3.0,       ,      ,      ,        ,        ,        ,        ,        ,        ,        ,        ,      
lafrape01, 1972,     1, CLF , NHL , L  , 77.0, 16.0,  25.0,  41.0,  26.0, -24.0,  2.0,     ,  0.0,     ,  1.0, 1.0, 113.0,       ,      ,      ,        ,        ,        ,        ,        ,        ,        ,        ,      
lafrape01, 1973,     1, CLF , NHL , L  , 65.0,  7.0,   7.0,  14.0,  14.0, -28.0,  0.0,     ,  0.0,     ,  0.0, 0.0,  67.0,       ,      ,      ,        ,        ,        ,        ,        ,        ,        ,        ,      
lafrape01, 1974,     1, WAS , NHL , C  , 45.0,  5.0,  10.0,  15.0,  22.0, -37.0,  0.0,     ,  0.0,     ,  0.0, 1.0,  86.0,       ,      ,      ,        ,        ,        ,        ,        ,        ,        ,        ,      
lafrape01, 1974,     2, PIT , NHL , L  , 35.0,  5.0,  13.0,  18.0,   8.0, 3.0  ,  3.0,     ,  0.0,     ,  0.0, 0.0,  33.0,    9.0,   1.0,   0.0,     1.0,     0.0,        ,     0.0,        ,     0.0,        ,     0.0,      
lafrape01, 1976,     1, EDO , WHA , C  , 17.0,  0.0,   5.0,   5.0,  12.0, -6.0 ,  0.0,     ,  0.0,     ,  0.0,    ,  28.0,       ,      ,      ,        ,        ,        ,        ,        ,        ,        ,        ,      
lafreja01, 1986,     1, QUE , NHL , C  , 56.0, 13.0,  15.0,  28.0,   8.0, -3.0 ,  7.0,     ,  0.0,     ,  1.0, 0.0,  55.0,   12.0,   1.0,   5.0,     6.0,     2.0, -1.0   ,     1.0,        ,     0.0,        ,     0.0,    12.0
lafreja01, 1987,     1, QUE , NHL , C  , 40.0, 10.0,  19.0,  29.0,   4.0, -1.0 ,  5.0,  9.0,  0.0,  0.0,  1.0, 0.0,  54.0,       ,      ,      ,        ,        ,        ,        ,        ,        ,        ,        ,      
lafreja01, 1988,     1, NYR , NHL , C  , 38.0,  8.0,  16.0,  24.0,   6.0, -3.0 ,  3.0,  6.0,  0.0,  0.0,  0.0, 0.0,  42.0,    3.0,   0.0,   0.0,     0.0,    17.0, -3.0   ,     0.0,     0.0,     0.0,     0.0,     0.0,     3.0
lafreja01, 1992,     1, TBL , NHL , C  , 11.0,  3.0,   3.0,   6.0,   4.0, -6.0 ,  1.0,  2.0,  0.0,  0.0,  0.0, 0.0,  17.0,       ,      ,      ,        ,        ,        ,        ,        ,        ,        ,        ,      
lafreja01, 1993,     1, TBL , NHL , L  ,  1.0,  0.0,   0.0,   0.0,   0.0, -1.0 ,  0.0,  0.0,  0.0,  0.0,  0.0, 0.0,   2.0,       ,      ,      ,        ,        ,        ,        ,        ,        ,        ,        ,      
lafrero01, 1962,     1, DET , NHL , D  ,  3.0,  0.0,   0.0,   0.0,   4.0,      ,     ,     ,     ,     ,     ,    ,      ,       ,      ,      ,        ,        ,        ,        ,        ,        ,        ,        ,      
lafrero01, 1972,     1, STL , NHL , L  , 10.0,  0.0,   0.0,   0.0,   0.0, -1.0 ,  0.0,     ,  0.0,     ,  0.0, 0.0,   3.0,       ,      ,      ,        ,        ,        ,        ,        ,        ,        ,        ,      
lagacje01, 1968,     1, PIT , NHL , D  , 17.0,  0.0,   1.0,   1.0,  14.0, -8.0 ,  0.0,     ,  0.0,     ,  0.0, 0.0,  15.0,       ,      ,      ,        ,        ,        ,        ,        ,        ,        ,        ,      
lagacje01, 1970,     1, BUF , NHL , D  ,  3.0,  0.0,   0.0,   0.0,   2.0, 0.0  ,  0.0,     ,  0.0,     ,  0.0, 0.0,   3.0,       ,      ,      ,        ,        ,        ,        ,        ,        ,        ,        ,      
lagacje01, 1972,     1, PIT , NHL , D  , 31.0,  1.0,   5.0,   6.0,  32.0, -8.0 ,  0.0,     ,  0.0,     ,  0.0, 1.0,  33.0,       ,      ,      ,        ,        ,        ,        ,        ,        ,        ,        ,      
lagacje01, 1973,     1, PIT , NHL , D  , 31.0,  2.0,   6.0,   8.0,  34.0, -12.0,  1.0,     ,  1.0,     ,  0.0, 0.0,  28.0,       ,      ,      ,        ,        ,        ,        ,        ,        ,        ,        ,      
lagacje01, 1974,     1, PIT , NHL , D  , 27.0,  1.0,   8.0,   9.0,  39.0, 5.0  ,  0.0,     ,  0.0,     ,  1.0, 0.0,  31.0,       ,      ,      ,        ,        ,        ,        ,        ,        ,        ,        ,      
lagacje01, 1974,     2, KCS , NHL , D  , 19.0,  2.0,   9.0,  11.0,  22.0, -20.0,  2.0,     ,  0.0,     ,  0.0, 1.0,  40.0,       ,      ,      ,        ,        ,        ,        ,        ,        ,        ,        ,      
lagacje01, 1975,     1, KCS , NHL , D  , 69.0,  3.0,  10.0,  13.0, 108.0, -38.0,  1.0,     ,  1.0,     ,  1.0, 0.0,  75.0,       ,      ,      ,        ,        ,        ,        ,        ,        ,        ,        ,      
lagacje01, 1976,     1, BIR , WHA , D  , 78.0,  2.0,  25.0,  27.0, 110.0, -8.0 ,  0.0,     ,  0.0,     ,     ,    ,  78.0,       ,      ,      ,        ,        ,        ,        ,        ,        ,        ,        ,      
lagacpi01, 1977,     1, QUN , WHA , C  , 17.0,  2.0,   4.0,   6.0,   2.0, 1.0  ,  0.0,     ,  0.0,     ,     ,    ,  11.0,    1.0,   0.0,   0.0,     0.0,     0.0, -1.0   ,        ,        ,        ,        ,     0.0,      
lagacpi01, 1978,     1, QUN , WHA , C  , 21.0,  0.0,   1.0,   1.0,  12.0, 0.0  ,  0.0,     ,  0.0,     ,     ,    ,  10.0,    3.0,   0.0,   1.0,     1.0,     2.0, -6.0   ,        ,        ,        ,        ,     0.0,      
lahacfl01, 1977,     1, CIN , WHA , D  , 11.0,  0.0,   3.0,   3.0,  13.0, -6.0 ,  0.0,     ,  0.0,     ,     ,    ,  11.0,       ,      ,      ,        ,        ,        ,        ,        ,        ,        ,        ,      
laichbr01, 2003,     1, OTT , NHL , C  ,  1.0,  0.0,   0.0,   0.0,   2.0, 0.0  ,  0.0,  0.0,  0.0,  0.0,  0.0, 0.0,   1.0,       ,      ,      ,        ,        ,        ,        ,        ,        ,        ,        ,      
laichbr01, 2003,     2, WAS , NHL , C  ,  4.0,  0.0,   1.0,   1.0,   0.0, -1.0 ,  0.0,  0.0,  0.0,  0.0,  0.0, 0.0,   2.0,       ,      ,      ,        ,        ,        ,        ,        ,        ,        ,        ,      
laichbr01, 2005,     1, WAS , NHL , C  , 73.0,  7.0,  14.0,  21.0,  26.0, -9.0 ,  1.0,  2.0,  0.0,  0.0,  1.0,    , 118.0,       ,      ,      ,        ,        ,        ,        ,        ,        ,        ,        ,      
laichbr01, 2006,     1, WAS , NHL , C  , 73.0,  8.0,  10.0,  18.0,  29.0, -2.0 ,  2.0,  1.0,  3.0,  1.0,  0.0,    , 119.0,       ,      ,      ,        ,        ,        ,        ,        ,        ,        ,        ,      
laichbr01, 2007,     1, WAS , NHL , C  , 82.0, 21.0,  16.0,  37.0,  35.0, -3.0 ,  8.0,  2.0,  2.0,  0.0,  4.0,    , 122.0,    7.0,   1.0,   5.0,     6.0,     4.0, 2.0    ,     0.0,     2.0,     0.0,     0.0,     0.0,    20.0
laichbr01, 2008,     1, WAS , NHL , C  , 82.0, 23.0,  30.0,  53.0,  31.0, -1.0 ,  9.0, 15.0,  1.0,  1.0,  3.0,    , 185.0,   14.0,   3.0,   4.0,     7.0,    10.0, 0.0    ,     2.0,     0.0,     0.0,     0.0,     0.0,    24.0
laichbr01, 2009,     1, WAS , NHL , C  , 78.0, 25.0,  34.0,  59.0,  34.0, 16.0 , 12.0,  9.0,  1.0,  1.0,  4.0,    , 222.0,    7.0,   2.0,   1.0,     3.0,     4.0, -2.0   ,     0.0,     0.0,     0.0,     0.0,     1.0,    21.0
laidlto01, 1980,     1, NYR , NHL , D  , 80.0,  6.0,  23.0,  29.0, 100.0, 0.0  ,  1.0,     ,  0.0,     ,  0.0, 2.0, 101.0,   14.0,   1.0,   4.0,     5.0,    18.0,        ,     0.0,        ,     0.0,        ,     1.0,      
laidlto01, 1981,     1, NYR , NHL , D  , 79.0,  3.0,  18.0,  21.0, 104.0, 7.0  ,  0.0,     ,  0.0,     ,  0.0, 0.0,  62.0,   10.0,   0.0,   3.0,     3.0,    14.0,        ,     0.0,        ,     0.0,        ,     0.0,      
laidlto01, 1982,     1, NYR , NHL , D  , 80.0,  0.0,  10.0,  10.0,  75.0, -11.0,  0.0,     ,  0.0,     ,  0.0, 0.0,  44.0,    9.0,   1.0,   1.0,     2.0,    10.0,        ,     0.0,        ,     0.0,        ,     0.0,      
laidlto01, 1983,     1, NYR , NHL , D  , 79.0,  3.0,  15.0,  18.0,  62.0, -10.0,  0.0,     ,  0.0,     ,  1.0, 0.0,  61.0,    5.0,   0.0,   0.0,     0.0,     8.0, -2.0   ,     0.0,        ,     0.0,        ,     0.0,     2.0
laidlto01, 1984,     1, NYR , NHL , D  , 61.0,  1.0,  11.0,  12.0,  52.0, -12.0,  0.0,     ,  0.0,     ,  0.0, 0.0,  37.0,    3.0,   0.0,   2.0,     2.0,     4.0, 2.0    ,     0.0,        ,     0.0,        ,     0.0,     1.0
laidlto01, 1985,     1, NYR , NHL , D  , 68.0,  6.0,  12.0,  18.0, 103.0, -3.0 ,  0.0,     ,  1.0,     ,  0.0, 0.0,  50.0,    7.0,   0.0,   2.0,     2.0,    12.0, -2.0   ,     0.0,        ,     0.0,        ,     0.0,     5.0
laidlto01, 1986,     1, NYR , NHL , D  , 63.0,  1.0,  10.0,  11.0,  65.0, -18.0,  1.0,     ,  0.0,     ,  1.0, 0.0,  36.0,       ,      ,      ,        ,        ,        ,        ,        ,        ,        ,        ,      
laidlto01, 1986,     2, LAK , NHL , D  , 11.0,  0.0,   3.0,   3.0,   4.0, 1.0  ,  0.0,     ,  0.0,     ,  0.0, 0.0,   7.0,    5.0,   0.0,   0.0,     0.0,     2.0, -9.0   ,     0.0,        ,     0.0,        ,     0.0,     0.0
laidlto01, 1987,     1, LAK , NHL , D  , 57.0,  1.0,  12.0,  13.0,  47.0, 3.0  ,  0.0,  2.0,  0.0,  1.0,  0.0, 0.0,  30.0,    5.0,   0.0,   2.0,     2.0,     4.0, -8.0   ,     0.0,     1.0,     0.0,     0.0,     0.0,     1.0
laidlto01, 1988,     1, LAK , NHL , D  , 70.0,  3.0,  17.0,  20.0,  63.0, 30.0 ,  0.0,  1.0,  0.0,  1.0,  1.0, 0.0,  31.0,   11.0,   2.0,   3.0,     5.0,     6.0, -3.0   ,     0.0,     0.0,     0.0,     0.0,     0.0,     9.0
laidlto01, 1989,     1, LAK , NHL , D  , 57.0,  1.0,   8.0,   9.0,  42.0, 4.0  ,  0.0,  0.0,  0.0,  1.0,  0.0, 0.0,  27.0,       ,      ,      ,        ,        ,        ,        ,        ,        ,        ,        ,      
laingbi01, 1974,     1, EDO , WHA , L  , 42.0,  2.0,   4.0,   6.0,  32.0, -3.0 ,  0.0,     ,  0.0,     ,     ,    ,  26.0,       ,      ,      ,        ,        ,        ,        ,        ,        ,        ,        ,      
laingbi01, 1975,     1, EDO , WHA , L  , 54.0,  8.0,  12.0,  20.0,  67.0, -10.0,  0.0,     ,  1.0,     ,  1.0,    ,  62.0,    4.0,   0.0,   1.0,     1.0,     4.0,        ,        ,        ,        ,        ,        ,      
laingqu01, 2003,     1, CHI , NHL , L  ,  3.0,  0.0,   1.0,   1.0,   0.0, 1.0  ,  0.0,  0.0,  0.0,  0.0,  0.0, 0.0,   3.0,       ,      ,      ,        ,        ,        ,        ,        ,        ,        ,        ,      
laingqu01, 2007,     1, WAS , NHL , L  , 39.0,  1.0,   5.0,   6.0,  10.0, 4.0  ,  0.0,  0.0,  0.0,  0.0,  1.0,    ,  48.0,       ,      ,      ,        ,        ,        ,        ,        ,        ,        ,        ,      
laingqu01, 2008,     1, WAS , NHL , L  ,  1.0,  0.0,   0.0,   0.0,   0.0, 1.0  ,  0.0,  0.0,  0.0,  0.0,  0.0,    ,   2.0,       ,      ,      ,        ,        ,        ,        ,        ,        ,        ,        ,      
laingqu01, 2009,     1, WAS , NHL , L  , 36.0,  2.0,   2.0,   4.0,  21.0, 2.0  ,  0.0,  0.0,  0.0,  0.0,  0.0,    ,  38.0,       ,      ,      ,        ,        ,        ,        ,        ,        ,        ,        ,      
lairdbi01, 1921,     1, REG , WCHL, G  , 25.0,  0.0,   0.0,   0.0,   0.0,      ,     ,     ,     ,     ,     ,    ,      ,    6.0,   0.0,   0.0,     0.0,     0.0,        ,        ,        ,        ,        ,        ,      
lairdbi01, 1922,     1, REG , WCHL, G  , 28.0,  0.0,   0.0,   0.0,   0.0,      ,     ,     ,     ,     ,     ,    ,      ,    2.0,   0.0,   0.0,     0.0,     0.0,        ,        ,        ,        ,        ,        ,      
lairdro01, 1979,     1, MNS , NHL , L  ,  1.0,  0.0,   0.0,   0.0,   0.0, -2.0 ,  0.0,     ,  0.0,     ,  0.0, 0.0,   0.0,       ,      ,      ,        ,        ,        ,        ,        ,        ,        ,        ,      
lajeuse01, 1970,     1, DET , NHL , D  , 62.0,  1.0,   3.0,   4.0,  55.0, -28.0,  0.0,     ,  1.0,     ,  0.0, 0.0,  76.0,       ,      ,      ,        ,        ,        ,        ,        ,        ,        ,        ,      
lajeuse01, 1971,     1, DET , NHL , D  ,  7.0,  0.0,   0.0,   0.0,  20.0, -1.0 ,  0.0,     ,  0.0,     ,  0.0, 0.0,   2.0,       ,      ,      ,        ,        ,        ,        ,        ,        ,        ,        ,      
lajeuse01, 1972,     1, DET , NHL , D  , 28.0,  0.0,   1.0,   1.0,  26.0, -15.0,  0.0,     ,  0.0,     ,  0.0, 0.0,  10.0,       ,      ,      ,        ,        ,        ,        ,        ,        ,        ,        ,      
lajeuse01, 1973,     1, PHI , NHL , D  ,  1.0,  0.0,   0.0,   0.0,   0.0, 0.0  ,  0.0,     ,  0.0,     ,  0.0, 0.0,   2.0,       ,      ,      ,        ,        ,        ,        ,        ,        ,        ,        ,      
lajeuse01, 1974,     1, PHI , NHL , D  ,  5.0,  0.0,   0.0,   0.0,   2.0, 1.0  ,  0.0,     ,  0.0,     ,  0.0, 0.0,   6.0,       ,      ,      ,        ,        ,        ,        ,        ,        ,        ,        ,      
lajeusi01, 2001,     1, OTT , NHL , G  ,  1.0,  0.0,   0.0,   0.0,   0.0, 0.0  ,  0.0,  0.0,  0.0,  0.0,  0.0, 0.0,   0.0,       ,      ,      ,        ,        ,        ,        ,        ,        ,        ,        ,      
lakefr01 , 1909,     1, OT1 , NHA ,    , 11.0,  6.0,   0.0,   6.0,  18.0,      ,     ,     ,     ,     ,     ,    ,      ,       ,      ,      ,        ,        ,        ,        ,        ,        ,        ,        ,      
lakefr01 , 1910,     1, OT1 , NHA ,    , 16.0,  5.0,   0.0,   5.0,  12.0,      ,     ,     ,     ,     ,     ,    ,      ,       ,      ,      ,        ,        ,        ,        ,        ,        ,        ,        ,      
lakefr01 , 1911,     1, OT1 , NHA ,    , 18.0,  7.0,   0.0,   7.0,   0.0,      ,     ,     ,     ,     ,     ,    ,      ,       ,      ,      ,        ,        ,        ,        ,        ,        ,        ,        ,      
lakefr01 , 1912,     1, OT1 , NHA ,    , 13.0,  4.0,   0.0,   4.0,  13.0,      ,     ,     ,     ,     ,     ,    ,      ,       ,      ,      ,        ,        ,        ,        ,        ,        ,        ,        ,      
lakefr01 , 1913,     1, TOO , NHA ,    , 20.0,  4.0,   4.0,   8.0,  23.0,      ,     ,     ,     ,     ,     ,    ,      ,       ,      ,      ,        ,        ,        ,        ,        ,        ,        ,        ,      
lakefr01 , 1914,     1, OT1 , NHA ,    ,  2.0,  0.0,   0.0,   0.0,   0.0,      ,     ,     ,     ,     ,     ,    ,      ,       ,      ,      ,        ,        ,        ,        ,        ,        ,        ,        ,      
lakovsa01, 1996,     1, CAL , NHL , L  , 19.0,  0.0,   1.0,   1.0,  54.0, -1.0 ,  0.0,  0.0,  0.0,  0.0,  0.0, 0.0,  10.0,       ,      ,      ,        ,        ,        ,        ,        ,        ,        ,        ,      
lakovsa01, 1997,     1, NJD , NHL , L  ,  2.0,  0.0,   0.0,   0.0,   5.0, 0.0  ,  0.0,  0.0,  0.0,  0.0,  0.0, 0.0,   2.0,       ,      ,      ,        ,        ,        ,        ,        ,        ,        ,        ,      
lakovsa01, 1998,     1, NJD , NHL , L  , 16.0,  0.0,   3.0,   3.0,  59.0, 0.0  ,  0.0,  0.0,  0.0,  0.0,  0.0, 0.0,  10.0,       ,      ,      ,        ,        ,        ,        ,        ,        ,        ,        ,      
lalanhe01, 1953,     1, CHI , NHL , C  ,  2.0,  0.0,   0.0,   0.0,   0.0,      ,     ,     ,     ,     ,     ,    ,      ,       ,      ,      ,        ,        ,        ,        ,        ,        ,        ,        ,      
lalanhe01, 1955,     1, CHI , NHL , C  , 65.0,  8.0,  18.0,  26.0,  70.0,      ,     ,     ,     ,     ,     ,    ,      ,       ,      ,      ,        ,        ,        ,        ,        ,        ,        ,        ,      
lalanhe01, 1956,     1, CHI , NHL , C  , 50.0, 11.0,  17.0,  28.0,  38.0,      ,     ,     ,     ,     ,     ,    ,      ,       ,      ,      ,        ,        ,        ,        ,        ,        ,        ,        ,      
lalanhe01, 1957,     1, CHI , NHL , C  , 22.0,  2.0,   2.0,   4.0,  10.0,      ,     ,     ,     ,     ,     ,    ,      ,       ,      ,      ,        ,        ,        ,        ,        ,        ,        ,        ,      
lalanhe01, 1957,     2, DET , NHL , C  , 12.0,  0.0,   2.0,   2.0,   2.0,      ,     ,     ,     ,     ,     ,    ,      ,       ,      ,      ,        ,        ,        ,        ,        ,        ,        ,        ,      
lalibda01, 2009,     1, PHI , NHL , R  , 11.0,  2.0,   1.0,   3.0,   6.0, 1.0  ,  0.0,  0.0,  0.0,  0.0,  1.0,    ,   8.0,    1.0,   0.0,   0.0,     0.0,     2.0, 0.0    ,     0.0,     0.0,     0.0,     0.0,     0.0,     0.0
lalimpa01, 1996,     1, PIT , NHL , G  , 39.0,  0.0,   0.0,   0.0,   0.0, 0.0  ,  0.0,  0.0,  0.0,  0.0,  0.0, 0.0,   0.0,       ,      ,      ,        ,        ,        ,        ,        ,        ,        ,        ,      
lalimpa01, 1999,     1, OTT , NHL , G  , 38.0,  0.0,   0.0,   0.0,   4.0, 0.0  ,  0.0,  0.0,  0.0,  0.0,  0.0, 0.0,   0.0,       ,      ,      ,        ,        ,        ,        ,        ,        ,        ,        ,      
lalimpa01, 2000,     1, OTT , NHL , G  , 60.0,  0.0,   1.0,   1.0,   2.0, 0.0  ,  0.0,  1.0,  0.0,  0.0,  0.0, 0.0,   0.0,    4.0,   0.0,   0.0,     0.0,     0.0, 0.0    ,     0.0,     0.0,     0.0,     0.0,     0.0,     0.0
lalimpa01, 2001,     1, OTT , NHL , G  , 61.0,  0.0,   1.0,   1.0,  19.0, 0.0  ,  0.0,  0.0,  0.0,  0.0,  0.0, 0.0,   0.0,   12.0,   0.0,   0.0,     0.0,     0.0, 0.0    ,     0.0,     0.0,     0.0,     0.0,     0.0,     0.0
lalimpa01, 2002,     1, OTT , NHL , G  , 67.0,  0.0,   1.0,   1.0,   6.0, 0.0  ,  0.0,  1.0,  0.0,  0.0,  0.0, 0.0,   1.0,   18.0,   0.0,   0.0,     0.0,     0.0, 0.0    ,     0.0,     0.0,     0.0,     0.0,     0.0,     0.0
lalimpa01, 2003,     1, OTT , NHL , G  , 57.0,  0.0,   2.0,   2.0,  17.0, 0.0  ,  0.0,  0.0,  0.0,  1.0,  0.0, 0.0,   0.0,    7.0,   0.0,   0.0,     0.0,     2.0, 0.0    ,     0.0,     0.0,     0.0,     0.0,     0.0,     0.0
lalimpa01, 2005,     1, STL , NHL , G  , 31.0,  0.0,   0.0,   0.0,   0.0, 0.0  ,  0.0,  0.0,  0.0,  0.0,  0.0,    ,   0.0,       ,      ,      ,        ,        ,        ,        ,        ,        ,        ,        ,      
lalimpa01, 2006,     1, CHI , NHL , G  , 12.0,  0.0,   0.0,   0.0,   0.0, 0.0  ,  0.0,  0.0,  0.0,  0.0,  0.0,    ,   0.0,       ,      ,      ,        ,        ,        ,        ,        ,        ,        ,        ,      
lalimpa01, 2007,     1, CHI , NHL , G  , 32.0,  0.0,   0.0,   0.0,   8.0, 0.0  ,  0.0,  0.0,  0.0,  0.0,  0.0,    ,   0.0,       ,      ,      ,        ,        ,        ,        ,        ,        ,        ,        ,      
lalimpa01, 2008,     1, BUF , NHL , G  , 24.0,  0.0,   0.0,   0.0,   0.0, 0.0  ,  0.0,  0.0,  0.0,  0.0,  0.0,    ,   0.0,       ,      ,      ,        ,        ,        ,        ,        ,        ,        ,        ,      
lalimpa01, 2009,     1, BUF , NHL , G  , 16.0,  0.0,   0.0,   0.0,   2.0, 0.0  ,  0.0,  0.0,  0.0,  0.0,  0.0,    ,   0.0,       ,      ,      ,        ,        ,        ,        ,        ,        ,        ,        ,      
lalonbo01, 1971,     1, VAN , NHL , C  , 27.0,  1.0,   5.0,   6.0,   2.0, -8.0 ,  0.0,     ,  0.0,     ,  0.0, 0.0,  24.0,       ,      ,      ,        ,        ,        ,        ,        ,        ,        ,        ,      
lalonbo01, 1972,     1, VAN , NHL , C  , 77.0, 20.0,  27.0,  47.0,  32.0, -32.0,  7.0,     ,  0.0,     ,  6.0, 0.0, 126.0,       ,      ,      ,        ,        ,        ,        ,        ,        ,        ,        ,      
lalonbo01, 1973,     1, VAN , NHL , L  , 36.0,  3.0,   4.0,   7.0,  18.0, -3.0 ,  1.0,     ,  0.0,     ,  1.0, 0.0,  42.0,       ,      ,      ,        ,        ,        ,        ,        ,        ,        ,        ,      
lalonbo01, 1974,     1, VAN , NHL , C  , 74.0, 17.0,  30.0,  47.0,  48.0, 0.0  ,  4.0,     ,  0.0,     ,  1.0, 1.0, 135.0,    5.0,   0.0,   0.0,     0.0,     0.0,        ,     0.0,        ,     0.0,        ,     0.0,      
lalonbo01, 1975,     1, VAN , NHL , C  , 71.0, 14.0,  36.0,  50.0,  46.0, -4.0 ,  2.0,     ,  0.0,     ,  2.0, 0.0, 143.0,    1.0,   0.0,   0.0,     0.0,     2.0,        ,     0.0,        ,     0.0,        ,     0.0,      
lalonbo01, 1976,     1, VAN , NHL , C  , 68.0, 17.0,  15.0,  32.0,  39.0, -12.0,  3.0,     ,  0.0,     ,  1.0, 1.0, 115.0,       ,      ,      ,        ,        ,        ,        ,        ,        ,        ,        ,      
lalonbo01, 1977,     1, ATF , NHL , C  , 73.0, 14.0,  23.0,  37.0,  28.0, 5.0  ,  0.0,     ,  0.0,     ,  0.0, 3.0,  94.0,    1.0,   1.0,   0.0,     1.0,     0.0,        ,     0.0,        ,     0.0,        ,     0.0,      
lalonbo01, 1978,     1, ATF , NHL , C  , 78.0, 24.0,  32.0,  56.0,  24.0, -3.0 ,  6.0,     ,  0.0,     ,  1.0, 1.0, 135.0,    2.0,   1.0,   0.0,     1.0,     0.0,        ,     1.0,        ,     0.0,        ,     0.0,      
lalonbo01, 1979,     1, ATF , NHL , C  ,  3.0,  0.0,   1.0,   1.0,   2.0, -1.0 ,  0.0,     ,  0.0,     ,  0.0, 0.0,   2.0,       ,      ,      ,        ,        ,        ,        ,        ,        ,        ,        ,      
lalonbo01, 1979,     2, BOS , NHL , C  , 71.0, 10.0,  25.0,  35.0,  28.0, 14.0 ,  1.0,     ,  2.0,     ,  0.0, 0.0,  91.0,    4.0,   0.0,   1.0,     1.0,     2.0,        ,     0.0,        ,     0.0,        ,     0.0,      
lalonbo01, 1980,     1, BOS , NHL , C  , 62.0,  4.0,  12.0,  16.0,  31.0, 3.0  ,  0.0,     ,  1.0,     ,  0.0, 0.0,  42.0,    3.0,   2.0,   1.0,     3.0,     2.0,        ,     0.0,        ,     2.0,        ,     0.0,      
lalonbo01, 1981,     1, CAL , NHL , C  ,  1.0,  0.0,   0.0,   0.0,   0.0, 2.0  ,  0.0,     ,  0.0,     ,  0.0, 0.0,   1.0,       ,      ,      ,        ,        ,        ,        ,        ,        ,        ,        ,      
lalonne01, 1909,     1, LES , NHA ,    ,  6.0, 16.0,   0.0,  16.0,  40.0,      ,     ,     ,     ,     ,     ,    ,      ,       ,      ,      ,        ,        ,        ,        ,        ,        ,        ,        ,      
lalonne01, 1909,     2, REN , NHA ,    ,  5.0, 22.0,   0.0,  22.0,  16.0,      ,     ,     ,     ,     ,     ,    ,      ,       ,      ,      ,        ,        ,        ,        ,        ,        ,        ,        ,      
lalonne01, 1910,     1, MOC , NHA ,    , 16.0, 19.0,   0.0,  19.0,  54.0,      ,     ,     ,     ,     ,     ,    ,      ,       ,      ,      ,        ,        ,        ,        ,        ,        ,        ,        ,      
lalonne01, 1911,     1, VML , PCHA, C  , 15.0, 27.0,   0.0,  27.0,  60.0,      ,     ,     ,     ,     ,     ,    ,      ,       ,      ,      ,        ,        ,        ,        ,        ,        ,        ,        ,      
lalonne01, 1912,     1, MOC , NHA ,    , 18.0, 25.0,   0.0,  25.0,  61.0,      ,     ,     ,     ,     ,     ,    ,      ,       ,      ,      ,        ,        ,        ,        ,        ,        ,        ,        ,      
lalonne01, 1913,     1, MOC , NHA ,    , 14.0, 22.0,   5.0,  27.0,  23.0,      ,     ,     ,     ,     ,     ,    ,      ,    2.0,   0.0,      ,        ,        ,        ,        ,        ,        ,        ,        ,      
lalonne01, 1914,     1, MOC , NHA ,    ,  7.0,  4.0,   3.0,   7.0,  17.0,      ,     ,     ,     ,     ,     ,    ,      ,       ,      ,      ,        ,        ,        ,        ,        ,        ,        ,        ,      
lalonne01, 1915,     1, MOC , NHA ,    , 24.0, 28.0,   6.0,  34.0,  78.0,      ,     ,     ,     ,     ,     ,    ,      ,       ,      ,      ,        ,        ,        ,        ,        ,        ,        ,        ,      
lalonne01, 1916,     1, MOC , NHA ,    , 18.0, 27.0,   5.0,  32.0,  53.0,      ,     ,     ,     ,     ,     ,    ,      ,    1.0,   1.0,      ,        ,        ,        ,        ,        ,        ,        ,        ,      
lalonne01, 1917,     1, MTL , NHL , C  , 14.0, 23.0,   7.0,  30.0,  51.0,      ,     ,     ,     ,     ,  0.0,    ,      ,    2.0,   4.0,   2.0,     6.0,    17.0,        ,        ,        ,        ,        ,        ,      
lalonne01, 1918,     1, MTL , NHL , C  , 17.0, 22.0,  10.0,  32.0,  40.0,      ,     ,     ,     ,     ,     ,    ,      ,    5.0,  11.0,   2.0,    13.0,    15.0,        ,        ,        ,        ,        ,        ,      
lalonne01, 1919,     1, MTL , NHL , C  , 23.0, 37.0,   9.0,  46.0,  34.0,      ,     ,     ,     ,     ,     ,    ,      ,       ,      ,      ,        ,        ,        ,        ,        ,        ,        ,        ,      
lalonne01, 1920,     1, MTL , NHL , C  , 24.0, 33.0,  10.0,  43.0,  36.0,      ,     ,     ,     ,     ,     ,    ,      ,       ,      ,      ,        ,        ,        ,        ,        ,        ,        ,        ,      
lalonne01, 1921,     1, MTL , NHL , C  , 20.0,  9.0,   5.0,  14.0,  20.0,      ,     ,     ,     ,     ,     ,    ,      ,       ,      ,      ,        ,        ,        ,        ,        ,        ,        ,        ,      
lalonne01, 1922,     1, SAC , WCHL, C  , 29.0, 30.0,   4.0,  34.0,  44.0,      ,     ,     ,     ,     ,     ,    ,      ,       ,      ,      ,        ,        ,        ,        ,        ,        ,        ,        ,      
lalonne01, 1923,     1, SAC , WCHL, C  , 21.0, 10.0,  10.0,  20.0,  24.0,      ,     ,     ,     ,     ,     ,    ,      ,       ,      ,      ,        ,        ,        ,        ,        ,        ,        ,        ,      
lalonne01, 1924,     1, SAS , WCHL, C  , 22.0,  8.0,   6.0,  14.0,  42.0,      ,     ,     ,     ,     ,     ,    ,      ,    2.0,   0.0,   0.0,     0.0,     4.0,        ,        ,        ,        ,        ,        ,      
lalonne01, 1925,     1, SAS , WCHL, C  ,  3.0,  0.0,   0.0,   0.0,   2.0,      ,     ,     ,     ,     ,     ,    ,      ,    2.0,   0.0,   0.0,     0.0,     2.0,        ,        ,        ,        ,        ,        ,      
lalonne01, 1926,     1, NYA , NHL , C  ,  1.0,  0.0,   0.0,   0.0,   2.0,      ,     ,     ,     ,     ,     ,    ,      ,       ,      ,      ,        ,        ,        ,        ,        ,        ,        ,        ,      
lalonri01, 1975,     1, SDM , WHA , D  ,  2.0,  0.0,   0.0,   0.0,   0.0, -1.0 ,  0.0,     ,  0.0,     ,  0.0,    ,   0.0,       ,      ,      ,        ,        ,        ,        ,        ,        ,        ,        ,      
lalonro01, 1972,     1, PIT , NHL , C  ,  9.0,  0.0,   0.0,   0.0,   2.0, 0.0  ,  0.0,     ,  0.0,     ,  0.0, 0.0,   2.0,       ,      ,      ,        ,        ,        ,        ,        ,        ,        ,        ,      
lalonro01, 1973,     1, PIT , NHL , C  , 73.0, 10.0,  17.0,  27.0,  14.0, 2.0  ,  0.0,     ,  1.0,     ,  2.0, 0.0,  70.0,       ,      ,      ,        ,        ,        ,        ,        ,        ,        ,        ,      
lalonro01, 1974,     1, WAS , NHL , C  , 50.0, 12.0,  14.0,  26.0,  27.0, -39.0,  4.0,     ,  1.0,     ,  1.0, 0.0,  67.0,       ,      ,      ,        ,        ,        ,        ,        ,        ,        ,        ,      
lalonro01, 1974,     2, PIT , NHL , C  , 24.0,  0.0,   3.0,   3.0,   0.0, 1.0  ,  0.0,     ,  0.0,     ,  0.0, 0.0,  12.0,       ,      ,      ,        ,        ,        ,        ,        ,        ,        ,        ,      
lalonro01, 1975,     1, WAS , NHL , C  , 80.0,  9.0,  19.0,  28.0,  19.0, -26.0,  2.0,     ,  1.0,     ,  0.0, 0.0,  92.0,       ,      ,      ,        ,        ,        ,        ,        ,        ,        ,        ,      
lalonro01, 1976,     1, WAS , NHL , C  , 76.0, 12.0,  17.0,  29.0,  24.0, -20.0,  0.0,     ,  0.0,     ,  0.0, 2.0,  83.0,       ,      ,      ,        ,        ,        ,        ,        ,        ,        ,        ,      
lalonro01, 1977,     1, WAS , NHL , C  , 67.0,  1.0,   5.0,   6.0,  16.0, -18.0,  0.0,     ,  0.0,     ,  0.0, 1.0,  48.0,       ,      ,      ,        ,        ,        ,        ,        ,        ,        ,        ,      
lalonro01, 1978,     1, WAS , NHL , C  , 18.0,  1.0,   3.0,   4.0,   4.0, -1.0 ,  0.0,     ,  1.0,     ,  0.0, 0.0,   8.0,       ,      ,      ,        ,        ,        ,        ,        ,        ,        ,        ,      
lalormi01, 1985,     1, MTL , NHL , D  , 62.0,  3.0,   5.0,   8.0,  56.0, -4.0 ,  0.0,     ,  0.0,     ,  0.0, 0.0,  44.0,   17.0,   1.0,   2.0,     3.0,    29.0, 6.0    ,     0.0,        ,     0.0,        ,     1.0,    13.0
lalormi01, 1986,     1, MTL , NHL , D  , 57.0,  0.0,  10.0,  10.0,  47.0, 5.0  ,  0.0,     ,  0.0,     ,  0.0, 0.0,  58.0,   13.0,   2.0,   1.0,     3.0,    29.0, 1.0    ,     0.0,        ,     0.0,        ,     0.0,    10.0
lalormi01, 1987,     1, MTL , NHL , D  , 66.0,  1.0,  10.0,  11.0, 113.0, 4.0  ,  0.0,  0.0,  0.0,  0.0,  0.0, 0.0,  41.0,   11.0,   0.0,   0.0,     0.0,    11.0, -5.0   ,     0.0,     0.0,     0.0,     0.0,     0.0,     3.0
lalormi01, 1988,     1, MTL , NHL , D  , 12.0,  1.0,   4.0,   5.0,  15.0, -1.0 ,  0.0,  0.0,  0.0,  0.0,  1.0, 0.0,  12.0,       ,      ,      ,        ,        ,        ,        ,        ,        ,        ,        ,      
lalormi01, 1988,     2, STL , NHL , D  , 36.0,  1.0,  14.0,  15.0,  54.0, 15.0 ,  0.0,  0.0,  0.0,  0.0,  1.0, 0.0,  40.0,   10.0,   1.0,   1.0,     2.0,    14.0, 1.0    ,     1.0,     0.0,     0.0,     0.0,     0.0,    11.0
lalormi01, 1989,     1, STL , NHL , D  , 78.0,  0.0,  16.0,  16.0,  81.0, -6.0 ,  0.0,  1.0,  0.0,  0.0,  0.0, 0.0,  79.0,   12.0,   0.0,   2.0,     2.0,    31.0, -3.0   ,     0.0,     0.0,     0.0,     0.0,     0.0,     6.0
lalormi01, 1990,     1, WAS , NHL , D  , 68.0,  1.0,   5.0,   6.0,  61.0, -23.0,  0.0,  0.0,  0.0,  0.0,  0.0, 0.0,  49.0,   10.0,   1.0,   2.0,     3.0,    22.0, -1.0   ,     0.0,     0.0,     0.0,     0.0,     0.0,    12.0
lalormi01, 1991,     1, WAS , NHL , D  , 64.0,  5.0,   7.0,  12.0,  64.0, 14.0 ,  0.0,  0.0,  0.0,  0.0,  1.0, 0.0,  54.0,       ,      ,      ,        ,        ,        ,        ,        ,        ,        ,        ,      
lalormi01, 1991,     2, WIN , NHL , D  , 15.0,  2.0,   3.0,   5.0,  14.0, 11.0 ,  0.0,  1.0,  0.0,  0.0,  0.0, 0.0,  20.0,    7.0,   0.0,   0.0,     0.0,    19.0, -4.0   ,     0.0,     0.0,     0.0,     0.0,     0.0,     5.0
lalormi01, 1992,     1, WIN , NHL , D  , 64.0,  1.0,   8.0,   9.0,  76.0, -10.0,  0.0,  1.0,  0.0,  0.0,  0.0, 0.0,  75.0,    4.0,   0.0,   2.0,     2.0,     4.0, -2.0   ,     0.0,     0.0,     0.0,     0.0,     0.0,     7.0
lalormi01, 1993,     1, SJS , NHL , D  , 23.0,  0.0,   2.0,   2.0,   8.0, -5.0 ,  0.0,  0.0,  0.0,  0.0,  0.0, 0.0,  19.0,       ,      ,      ,        ,        ,        ,        ,        ,        ,        ,        ,      
lalormi01, 1993,     2, DAL , NHL , D  , 12.0,  0.0,   1.0,   1.0,   6.0, -5.0 ,  0.0,  0.0,  0.0,  0.0,  0.0, 0.0,   3.0,    5.0,   0.0,   0.0,     0.0,     6.0, 0.0    ,     0.0,     0.0,     0.0,     0.0,     0.0,     4.0
lalormi01, 1994,     1, DAL , NHL , D  , 12.0,  0.0,   0.0,   0.0,   9.0, 0.0  ,  0.0,  0.0,  0.0,  0.0,  0.0, 0.0,   6.0,    3.0,   0.0,   0.0,     0.0,     2.0, 2.0    ,     0.0,     0.0,     0.0,     0.0,     0.0,     1.0
lalormi01, 1995,     1, DAL , NHL , D  , 63.0,  1.0,   2.0,   3.0,  31.0, -10.0,  0.0,  0.0,  0.0,  0.0,  0.0, 0.0,  46.0,       ,      ,      ,        ,        ,        ,        ,        ,        ,        ,        ,      
lalormi01, 1996,     1, DAL , NHL , D  , 55.0,  1.0,   1.0,   2.0,  42.0, 3.0  ,  0.0,  0.0,  0.0,  1.0,  0.0, 0.0,  32.0,       ,      ,      ,        ,        ,        ,        ,        ,        ,        ,        ,      
lambeda01, 1990,     1, QUE , NHL , D  ,  1.0,  0.0,   0.0,   0.0,   0.0, 0.0  ,  0.0,  0.0,  0.0,  0.0,  0.0, 0.0,   0.0,       ,      ,      ,        ,        ,        ,        ,        ,        ,        ,        ,      
lambeda01, 1991,     1, QUE , NHL , D  , 28.0,  6.0,   9.0,  15.0,  22.0, -5.0 ,  2.0,  5.0,  0.0,  0.0,  0.0, 0.0,  42.0,       ,      ,      ,        ,        ,        ,        ,        ,        ,        ,        ,      
lambede01, 1994,     1, ANA , NHL , L  , 13.0,  1.0,   3.0,   4.0,   4.0, 3.0  ,  0.0,  0.0,  0.0,  0.0,  0.0, 0.0,  14.0,       ,      ,      ,        ,        ,        ,        ,        ,        ,        ,        ,      
lambede01, 1995,     1, ANA , NHL , L  , 33.0,  0.0,   8.0,   8.0,  55.0, -2.0 ,  0.0,  0.0,  0.0,  0.0,  0.0, 0.0,  28.0,       ,      ,      ,        ,        ,        ,        ,        ,        ,        ,        ,      
lambede01, 1996,     1, OTT , NHL , L  , 80.0,  4.0,  16.0,  20.0, 217.0, -4.0 ,  0.0,  0.0,  0.0,  0.0,  1.0, 0.0,  58.0,    6.0,   0.0,   1.0,     1.0,     9.0, 0.0    ,     0.0,     0.0,     0.0,     0.0,     0.0,     5.0
lambede01, 1997,     1, OTT , NHL , L  , 72.0,  9.0,  10.0,  19.0, 250.0, 4.0  ,  0.0,  0.0,  0.0,  0.0,  1.0, 1.0,  76.0,   11.0,   0.0,   0.0,     0.0,    19.0, 2.0    ,     0.0,     0.0,     0.0,     0.0,     0.0,     5.0
lambede01, 1998,     1, NAS , NHL , L  , 76.0,  5.0,  11.0,  16.0, 218.0, -3.0 ,  1.0,  0.0,  0.0,  0.0,  0.0, 0.0,  66.0,       ,      ,      ,        ,        ,        ,        ,        ,        ,        ,        ,      
lambede01, 1999,     1, ATL , NHL , L  , 73.0,  5.0,   6.0,  11.0, 219.0, -17.0,  2.0,  1.0,  0.0,  0.0,  0.0, 0.0,  83.0,       ,      ,      ,        ,        ,        ,        ,        ,        ,        ,        ,      
lambede01, 2000,     1, ATL , NHL , L  , 67.0,  1.0,   7.0,   8.0, 215.0, -5.0 ,  0.0,  1.0,  0.0,  0.0,  0.0, 0.0,  44.0,       ,      ,      ,        ,        ,        ,        ,        ,        ,        ,        ,      
lambede01, 2001,     1, ANA , NHL , L  , 73.0,  2.0,   5.0,   7.0, 213.0, 1.0  ,  0.0,  0.0,  0.0,  0.0,  0.0, 0.0,  51.0,       ,      ,      ,        ,        ,        ,        ,        ,        ,        ,        ,      
lambela01, 1983,     1, DET , NHL , R  , 73.0, 20.0,  15.0,  35.0, 115.0, -5.0 ,  1.0,     ,  0.0,     ,  2.0, 0.0,  88.0,    4.0,   0.0,   0.0,     0.0,    10.0, -2.0   ,     0.0,        ,     0.0,        ,     0.0,     2.0
lambela01, 1984,     1, DET , NHL , R  , 69.0, 14.0,  11.0,  25.0, 104.0, -3.0 ,  0.0,     ,  0.0,     ,  1.0, 0.0,  69.0,       ,      ,      ,        ,        ,        ,        ,        ,        ,        ,        ,      
lambela01, 1985,     1, DET , NHL , R  , 34.0,  2.0,   3.0,   5.0, 130.0, -11.0,  0.0,     ,  0.0,     ,  0.0, 0.0,  32.0,       ,      ,      ,        ,        ,        ,        ,        ,        ,        ,        ,      
lambela01, 1986,     1, NYR , NHL , R  , 18.0,  2.0,   2.0,   4.0,  33.0, 2.0  ,  0.0,     ,  0.0,     ,  1.0, 0.0,  14.0,       ,      ,      ,        ,        ,        ,        ,        ,        ,        ,        ,      
lambela01, 1986,     2, QUE , NHL , R  , 15.0,  5.0,   5.0,  10.0,  18.0, -1.0 ,  0.0,     ,  0.0,     ,  0.0, 0.0,  29.0,   13.0,   2.0,   4.0,     6.0,    30.0, 2.0    ,     0.0,        ,     0.0,        ,     0.0,    21.0
lambela01, 1987,     1, QUE , NHL , R  , 61.0, 13.0,  28.0,  41.0,  98.0, 0.0  ,  0.0,  6.0,  0.0,  0.0,  2.0, 0.0,  98.0,       ,      ,      ,        ,        ,        ,        ,        ,        ,        ,        ,      
lambela01, 1988,     1, QUE , NHL , R  , 13.0,  2.0,   2.0,   4.0,  23.0, -2.0 ,  0.0,  1.0,  0.0,  0.0,  0.0, 0.0,  19.0,       ,      ,      ,        ,        ,        ,        ,        ,        ,        ,        ,      
lambeyv01, 1972,     1, MTL , NHL , L  ,  1.0,  0.0,   0.0,   0.0,   0.0, 0.0  ,  0.0,     ,  0.0,     ,  0.0, 0.0,   1.0,       ,      ,      ,        ,        ,        ,        ,        ,        ,        ,        ,      
lambeyv01, 1973,     1, MTL , NHL , L  , 60.0,  6.0,  10.0,  16.0,  42.0, 5.0  ,  0.0,     ,  0.0,     ,  0.0, 0.0,  34.0,    5.0,   0.0,   0.0,     0.0,     7.0,        ,     0.0,        ,     0.0,        ,     0.0,      
lambeyv01, 1974,     1, MTL , NHL , L  , 80.0, 32.0,  35.0,  67.0,  74.0, 26.0 , 10.0,     ,  0.0,     ,  3.0, 3.0, 150.0,   11.0,   4.0,   2.0,     6.0,     0.0,        ,     2.0,        ,     0.0,        ,     0.0,      
lambeyv01, 1975,     1, MTL , NHL , L  , 80.0, 32.0,  35.0,  67.0,  28.0, 10.0 , 12.0,     ,  0.0,     ,  4.0, 0.0, 156.0,   12.0,   2.0,   3.0,     5.0,    18.0,        ,     0.0,        ,     0.0,        ,     1.0,      
lambeyv01, 1976,     1, MTL , NHL , L  , 79.0, 24.0,  28.0,  52.0,  50.0, 30.0 ,  2.0,     ,  0.0,     ,  5.0, 1.0, 128.0,   14.0,   3.0,   3.0,     6.0,    12.0,        ,     1.0,        ,     0.0,        ,     0.0,      
lambeyv01, 1977,     1, MTL , NHL , L  , 77.0, 18.0,  22.0,  40.0,  20.0, 10.0 ,  7.0,     ,  0.0,     ,  3.0, 1.0, 107.0,   15.0,   2.0,   4.0,     6.0,     6.0,        ,     1.0,        ,     0.0,        ,     1.0,      
lambeyv01, 1978,     1, MTL , NHL , L  , 79.0, 26.0,  40.0,  66.0,  26.0, 30.0 ,  5.0,     ,  1.0,     ,  7.0, 2.0, 133.0,   16.0,   5.0,   6.0,    11.0,    16.0,        ,     2.0,        ,     0.0,        ,     1.0,      
lambeyv01, 1979,     1, MTL , NHL , L  , 77.0, 21.0,  32.0,  53.0,  23.0, 3.0  ,  7.0,     ,  0.0,     ,  7.0, 1.0, 104.0,   10.0,   8.0,   4.0,    12.0,     4.0,        ,     1.0,        ,     0.0,        ,     1.0,      
lambeyv01, 1980,     1, MTL , NHL , L  , 73.0, 22.0,  32.0,  54.0,  39.0, 7.0  ,  4.0,     ,  0.0,     ,  3.0, 1.0, 117.0,    3.0,   0.0,   0.0,     0.0,     2.0,        ,     0.0,        ,     0.0,        ,     0.0,      
lambeyv01, 1981,     1, BUF , NHL , L  , 77.0, 25.0,  39.0,  64.0,  38.0, 22.0 , 14.0,     ,  0.0,     ,  4.0, 2.0, 108.0,    4.0,   3.0,   0.0,     3.0,     2.0,        ,     1.0,        ,     0.0,        ,     0.0,      
lambjo01 , 1927,     1, MTM , NHL , C/R, 21.0,  8.0,   5.0,  13.0,  39.0,      ,     ,     ,     ,     ,     ,    ,      ,    8.0,   1.0,   0.0,     1.0,    32.0,        ,        ,        ,        ,        ,        ,      
lambjo01 , 1928,     1, MTM , NHL , L  , 30.0,  4.0,   1.0,   5.0,  44.0,      ,     ,     ,     ,     ,     ,    ,      ,       ,      ,      ,        ,        ,        ,        ,        ,        ,        ,        ,      
lambjo01 , 1928,     2, OTS , NHL , L  ,  6.0,  0.0,   0.0,   0.0,   8.0,      ,     ,     ,     ,     ,     ,    ,      ,       ,      ,      ,        ,        ,        ,        ,        ,        ,        ,        ,      
lambjo01 , 1929,     1, OTS , NHL , C/R, 44.0, 29.0,  20.0,  49.0, 119.0,      ,     ,     ,     ,     ,     ,    ,      ,    2.0,   0.0,   0.0,     0.0,    11.0,        ,        ,        ,        ,        ,        ,      
lambjo01 , 1930,     1, OTS , NHL , C/R, 44.0, 11.0,  14.0,  25.0,  91.0,      ,     ,     ,     ,     ,     ,    ,      ,       ,      ,      ,        ,        ,        ,        ,        ,        ,        ,        ,      
lambjo01 , 1931,     1, NYA , NHL , C/R, 48.0, 14.0,  11.0,  25.0,  71.0,      ,     ,     ,     ,     ,     ,    ,      ,       ,      ,      ,        ,        ,        ,        ,        ,        ,        ,        ,      
lambjo01 , 1932,     1, BOS , NHL , C/R, 42.0, 11.0,   8.0,  19.0,  68.0,      ,     ,     ,     ,     ,     ,    ,      ,    5.0,   0.0,   1.0,     1.0,     6.0,        ,        ,        ,        ,        ,        ,      
lambjo01 , 1933,     1, BOS , NHL , C/R, 48.0, 10.0,  15.0,  25.0,  47.0,      ,     ,     ,     ,     ,     ,    ,      ,       ,      ,      ,        ,        ,        ,        ,        ,        ,        ,        ,      
lambjo01 , 1934,     1, MTL , NHL , C/R,  7.0,  3.0,   2.0,   5.0,   4.0,      ,     ,     ,     ,     ,     ,    ,      ,       ,      ,      ,        ,        ,        ,        ,        ,        ,        ,        ,      
lambjo01 , 1934,     2, STE , NHL , C/R, 31.0, 11.0,  12.0,  23.0,  19.0,      ,     ,     ,     ,     ,     ,    ,      ,       ,      ,      ,        ,        ,        ,        ,        ,        ,        ,        ,      
lambjo01 , 1935,     1, MTM , NHL , C/R, 35.0,  0.0,   3.0,   3.0,  12.0,      ,     ,     ,     ,     ,     ,    ,      ,    3.0,   0.0,   0.0,     0.0,     2.0,        ,        ,        ,        ,        ,        ,      
lambjo01 , 1936,     1, NYA , NHL , C/R, 48.0,  3.0,   9.0,  12.0,  53.0,      ,     ,     ,     ,     ,     ,    ,      ,       ,      ,      ,        ,        ,        ,        ,        ,        ,        ,        ,      
lambjo01 , 1937,     1, NYA , NHL , R  , 25.0,  1.0,   0.0,   1.0,  20.0,      ,     ,     ,     ,     ,     ,    ,      ,       ,      ,      ,        ,        ,        ,        ,        ,        ,        ,        ,      
lambjo01 , 1937,     2, DET , NHL , R  , 14.0,  3.0,   1.0,   4.0,   6.0,      ,     ,     ,     ,     ,     ,    ,      ,       ,      ,      ,        ,        ,        ,        ,        ,        ,        ,        ,      
lambma01 , 1985,     1, CAL , NHL , C  ,  1.0,  0.0,   0.0,   0.0,   0.0, 0.0  ,  0.0,     ,  0.0,     ,  0.0, 0.0,   0.0,       ,      ,      ,        ,        ,        ,        ,        ,        ,        ,        ,      
lambma01 , 1986,     1, DET , NHL , C  , 22.0,  2.0,   1.0,   3.0,   8.0, 0.0  ,  0.0,     ,  0.0,     ,  0.0, 0.0,   8.0,   11.0,   0.0,   0.0,     0.0,    11.0, -1.0   ,     0.0,        ,     0.0,        ,     0.0,     3.0
lambma01 , 1987,     1, EDM , NHL , C  ,  2.0,  0.0,   0.0,   0.0,   0.0, 0.0  ,  0.0,  0.0,  0.0,  0.0,  0.0, 0.0,   0.0,       ,      ,      ,        ,        ,        ,        ,        ,        ,        ,        ,      
lambma01 , 1988,     1, EDM , NHL , C  , 20.0,  2.0,   8.0,  10.0,  14.0, 4.0  ,  1.0,  0.0,  0.0,  0.0,  0.0, 0.0,  20.0,    6.0,   0.0,   2.0,     2.0,     8.0, 1.0    ,     0.0,     0.0,     0.0,     0.0,     0.0,     8.0
lambma01 , 1989,     1, EDM , NHL , C  , 58.0, 12.0,  16.0,  28.0,  42.0, 10.0 ,  2.0,  2.0,  0.0,  0.0,  2.0, 0.0,  81.0,   22.0,   6.0,  11.0,    17.0,     2.0, 12.0   ,     1.0,     3.0,     0.0,     0.0,     2.0,    34.0
lambma01 , 1990,     1, EDM , NHL , C  , 37.0,  4.0,   8.0,  12.0,  25.0, -2.0 ,  1.0,  2.0,  0.0,  0.0,  1.0, 0.0,  41.0,   15.0,   0.0,   5.0,     5.0,    20.0, -4.0   ,     0.0,     1.0,     0.0,     0.0,     0.0,    14.0
lambma01 , 1991,     1, EDM , NHL , C  , 59.0,  6.0,  22.0,  28.0,  46.0, 4.0  ,  2.0,  2.0,  0.0,  1.0,  1.0, 0.0,  61.0,   16.0,   1.0,   1.0,     2.0,    10.0, -5.0   ,     0.0,     0.0,     0.0,     0.0,     0.0,    13.0
lambma01 , 1992,     1, OTT , NHL , C  , 71.0,  7.0,  19.0,  26.0,  64.0, -40.0,  1.0,  2.0,  0.0,  0.0,  0.0, 0.0, 123.0,       ,      ,      ,        ,        ,        ,        ,        ,        ,        ,        ,      
lambma01 , 1993,     1, OTT , NHL , C  , 66.0, 11.0,  18.0,  29.0,  56.0, -41.0,  4.0,  6.0,  1.0,  2.0,  1.0, 0.0, 105.0,       ,      ,      ,        ,        ,        ,        ,        ,        ,        ,        ,      
lambma01 , 1993,     2, PHI , NHL , C  , 19.0,  1.0,   6.0,   7.0,  16.0, -3.0 ,  0.0,  1.0,  0.0,  0.0,  1.0, 0.0,  19.0,       ,      ,      ,        ,        ,        ,        ,        ,        ,        ,        ,      
lambma01 , 1994,     1, PHI , NHL , C  ,  8.0,  0.0,   2.0,   2.0,   2.0, 1.0  ,  0.0,  0.0,  0.0,  0.0,  0.0, 0.0,   7.0,       ,      ,      ,        ,        ,        ,        ,        ,        ,        ,        ,      
lambma01 , 1994,     2, MTL , NHL , C  , 39.0,  1.0,   0.0,   1.0,  18.0, -13.0,  0.0,  0.0,  0.0,  0.0,  0.0, 0.0,  23.0,       ,      ,      ,        ,        ,        ,        ,        ,        ,        ,        ,      
lambma01 , 1995,     1, MTL , NHL , C  ,  1.0,  0.0,   0.0,   0.0,   0.0, 0.0  ,  0.0,  0.0,  0.0,  0.0,  0.0, 0.0,   0.0,       ,      ,      ,        ,        ,        ,        ,        ,        ,        ,        ,      
lambydi01, 1978,     1, STL , NHL , D  ,  9.0,  0.0,   4.0,   4.0,  12.0, 5.0  ,  0.0,     ,  0.0,     ,  0.0, 0.0,  11.0,       ,      ,      ,        ,        ,        ,        ,        ,        ,        ,        ,      
lambydi01, 1979,     1, STL , NHL , D  , 12.0,  0.0,   1.0,   1.0,  10.0, -7.0 ,  0.0,     ,  0.0,     ,  0.0, 0.0,  12.0,       ,      ,      ,        ,        ,        ,        ,        ,        ,        ,        ,      
lambydi01, 1980,     1, STL , NHL , D  ,  1.0,  0.0,   0.0,   0.0,   0.0, -1.0 ,  0.0,     ,  0.0,     ,  0.0, 0.0,   2.0,       ,      ,      ,        ,        ,        ,        ,        ,        ,        ,        ,      
lamirje01, 1946,     1, NYR , NHL , L  , 14.0,  1.0,   1.0,   2.0,  14.0,      ,     ,     ,     ,     ,     ,    ,      ,       ,      ,      ,        ,        ,        ,        ,        ,        ,        ,        ,      
lamirje01, 1947,     1, NYR , NHL , L  , 18.0,  0.0,   1.0,   1.0,   6.0,      ,     ,     ,     ,     ,     ,    ,      ,    6.0,   0.0,   0.0,     0.0,     4.0,        ,        ,        ,        ,        ,        ,      
lamirje01, 1949,     1, NYR , NHL , L  , 16.0,  4.0,   3.0,   7.0,   6.0,      ,     ,     ,     ,     ,     ,    ,      ,    2.0,   0.0,   0.0,     0.0,     0.0,        ,        ,        ,        ,        ,        ,      
lamirje01, 1954,     1, MTL , NHL , L  ,  1.0,  0.0,   0.0,   0.0,   0.0,      ,     ,     ,     ,     ,     ,    ,      ,       ,      ,      ,        ,        ,        ,        ,        ,        ,        ,        ,      
lammeha01, 1993,     1, OTT , NHL , D  , 27.0,  1.0,   2.0,   3.0,  22.0, -20.0,  0.0,  0.0,  0.0,  1.0,  0.0, 0.0,   6.0,       ,      ,      ,        ,        ,        ,        ,        ,        ,        ,        ,      
lamotma01, 1999,     1, CHI , NHL , G  ,  2.0,  0.0,   0.0,   0.0,   0.0, 0.0  ,  0.0,  0.0,  0.0,  0.0,  0.0, 0.0,   0.0,       ,      ,      ,        ,        ,        ,        ,        ,        ,        ,        ,      
lamotma01, 2003,     1, DET , NHL , G  ,  2.0,  0.0,   0.0,   0.0,   0.0, 0.0  ,  0.0,  0.0,  0.0,  0.0,  0.0, 0.0,   0.0,       ,      ,      ,        ,        ,        ,        ,        ,        ,        ,        ,      
lamoule01, 1941,     1, MTL , NHL , D  ,  1.0,  0.0,   0.0,   0.0,   0.0,      ,     ,     ,     ,     ,     ,    ,      ,       ,      ,      ,        ,        ,        ,        ,        ,        ,        ,        ,      
lamoule01, 1942,     1, MTL , NHL , D  , 46.0,  2.0,  16.0,  18.0,  53.0,      ,     ,     ,     ,     ,     ,    ,      ,       ,      ,      ,        ,        ,        ,        ,        ,        ,        ,        ,      
lamoule01, 1943,     1, MTL , NHL , D  , 44.0,  8.0,  23.0,  31.0,  32.0,      ,     ,     ,     ,     ,     ,    ,      ,    9.0,   0.0,   3.0,     3.0,     8.0,        ,        ,        ,        ,        ,        ,      
lamoule01, 1944,     1, MTL , NHL , D  , 49.0,  2.0,  22.0,  24.0,  58.0,      ,     ,     ,     ,     ,     ,    ,      ,    6.0,   1.0,   1.0,     2.0,     2.0,        ,        ,        ,        ,        ,        ,      
lamoule01, 1945,     1, MTL , NHL , D  , 45.0,  5.0,   7.0,  12.0,  18.0,      ,     ,     ,     ,     ,     ,    ,      ,    9.0,   0.0,   2.0,     2.0,     2.0,        ,        ,        ,        ,        ,        ,      
lamoule01, 1946,     1, MTL , NHL , D  , 50.0,  2.0,  11.0,  13.0,  14.0,      ,     ,     ,     ,     ,     ,    ,      ,    4.0,   0.0,   0.0,     0.0,     4.0,        ,        ,        ,        ,        ,        ,      
lamoumi01, 1983,     1, PIT , NHL , C  ,  8.0,  1.0,   1.0,   2.0,   6.0, -6.0 ,  0.0,     ,  0.0,     ,  0.0, 0.0,  13.0,       ,      ,      ,        ,        ,        ,        ,        ,        ,        ,        ,      
lamoumi01, 1984,     1, PIT , NHL , C  , 62.0, 10.0,   8.0,  18.0,  53.0, -9.0 ,  0.0,     ,  2.0,     ,  0.0, 0.0,  81.0,       ,      ,      ,        ,        ,        ,        ,        ,        ,        ,        ,      
lamoumi01, 1987,     1, PHI , NHL , C  ,  3.0,  0.0,   0.0,   0.0,   0.0, -1.0 ,  0.0,  0.0,  0.0,  0.0,  0.0, 0.0,   1.0,       ,      ,      ,        ,        ,        ,        ,        ,        ,        ,        ,      
lampmbr01, 2003,     1, NYR , NHL , D  ,  8.0,  0.0,   0.0,   0.0,   0.0, -4.0 ,  0.0,  0.0,  0.0,  0.0,  0.0, 0.0,   7.0,       ,      ,      ,        ,        ,        ,        ,        ,        ,        ,        ,      
lampmbr01, 2005,     1, NYR , NHL , D  ,  1.0,  0.0,   0.0,   0.0,   2.0, -1.0 ,  0.0,  0.0,  0.0,  0.0,  0.0,    ,   1.0,       ,      ,      ,        ,        ,        ,        ,        ,        ,        ,        ,      
lampmbr01, 2006,     1, NYR , NHL , D  ,  1.0,  0.0,   0.0,   0.0,   0.0, 0.0  ,  0.0,  0.0,  0.0,  0.0,  0.0,    ,   0.0,       ,      ,      ,        ,        ,        ,        ,        ,        ,        ,        ,      
lampmmi01, 1972,     1, STL , NHL , L  , 18.0,  2.0,   3.0,   5.0,   2.0, 4.0  ,  0.0,     ,  0.0,     ,  0.0, 0.0,  18.0,       ,      ,      ,        ,        ,        ,        ,        ,        ,        ,        ,      
lampmmi01, 1973,     1, STL , NHL , L  , 15.0,  1.0,   0.0,   1.0,   0.0, 1.0  ,  1.0,     ,  0.0,     ,  0.0, 0.0,  19.0,       ,      ,      ,        ,        ,        ,        ,        ,        ,        ,        ,      
lampmmi01, 1973,     2, VAN , NHL , L  , 14.0,  1.0,   0.0,   1.0,   0.0, -10.0,  0.0,     ,  0.0,     ,  0.0, 0.0,  17.0,       ,      ,      ,        ,        ,        ,        ,        ,        ,        ,        ,      
lampmmi01, 1975,     1, WAS , NHL , L  , 27.0,  7.0,  12.0,  19.0,  28.0, -6.0 ,  0.0,     ,  0.0,     ,  1.0, 0.0,  55.0,       ,      ,      ,        ,        ,        ,        ,        ,        ,        ,        ,      
lampmmi01, 1976,     1, WAS , NHL , L  , 22.0,  6.0,   5.0,  11.0,   4.0, -4.0 ,  1.0,     ,  0.0,     ,  0.0, 0.0,  47.0,       ,      ,      ,        ,        ,        ,        ,        ,        ,        ,        ,      
lancija01, 1946,     1, NYR , NHL , D  ,  1.0,  0.0,   0.0,   0.0,   0.0,      ,     ,     ,     ,     ,     ,    ,      ,       ,      ,      ,        ,        ,        ,        ,        ,        ,        ,        ,      
lancija01, 1947,     1, NYR , NHL , D  ,     ,     ,      ,      ,      ,      ,     ,     ,     ,     ,     ,    ,      ,    2.0,   0.0,   0.0,     0.0,     2.0,        ,        ,        ,        ,        ,        ,      
lancija01, 1949,     1, NYR , NHL , D  , 43.0,  1.0,   4.0,   5.0,  27.0,      ,     ,     ,     ,     ,     ,    ,      ,    4.0,   0.0,   1.0,     1.0,     0.0,        ,        ,        ,        ,        ,        ,      
lancija01, 1950,     1, NYR , NHL , D  , 19.0,  0.0,   1.0,   1.0,   8.0,      ,     ,     ,     ,     ,     ,    ,      ,       ,      ,      ,        ,        ,        ,        ,        ,        ,        ,        ,      
landobr01, 1972,     1, NEW , WHA , G  , 30.0,  0.0,   1.0,   1.0,   8.0,      ,  0.0,     ,  0.0,     ,     ,    ,      ,       ,      ,      ,        ,        ,        ,        ,        ,        ,        ,        ,      
landobr01, 1973,     1, NEW , WHA , G  , 24.0,  0.0,   0.0,   0.0,  24.0,      ,  0.0,     ,  0.0,     ,  0.0,    ,      ,    1.0,   0.0,   0.0,     0.0,     0.0,        ,        ,        ,        ,        ,     0.0,      
landobr01, 1974,     1, NEW , WHA , G  ,  7.0,  0.0,   0.0,   0.0,   0.0,      ,  0.0,     ,  0.0,     ,  0.0,    ,   0.0,       ,      ,      ,        ,        ,        ,        ,        ,        ,        ,        ,      
landobr01, 1975,     1, NEW , WHA , G  , 38.0,  0.0,   1.0,   1.0,   0.0, 0.0  ,  0.0,     ,  0.0,     ,  0.0,    ,   0.0,    4.0,   0.0,   0.0,     0.0,     0.0, 0.0    ,        ,        ,        ,        ,        ,      
landobr01, 1976,     1, NEW , WHA , G  , 23.0,  0.0,   0.0,   0.0,   4.0, 0.0  ,  0.0,     ,  0.0,     ,  0.0,    ,   0.0,    3.0,   0.0,   1.0,     1.0,     0.0, 0.0    ,     0.0,        ,     0.0,        ,     0.0,      
landola01, 1983,     1, MTL , NHL , R  ,  2.0,  0.0,   0.0,   0.0,   0.0, 2.0  ,  0.0,     ,  0.0,     ,  0.0, 0.0,   5.0,       ,      ,      ,        ,        ,        ,        ,        ,        ,        ,        ,      
landola01, 1984,     1, TOR , NHL , R  ,  7.0,  0.0,   0.0,   0.0,   2.0, -4.0 ,  0.0,     ,  0.0,     ,  0.0, 0.0,   5.0,       ,      ,      ,        ,        ,        ,        ,        ,        ,        ,        ,      
landrer01, 1997,     1, CAL , NHL , C  , 12.0,  1.0,   0.0,   1.0,   4.0, -2.0 ,  0.0,  0.0,  0.0,  0.0,  0.0, 0.0,   7.0,       ,      ,      ,        ,        ,        ,        ,        ,        ,        ,        ,      
landrer01, 1998,     1, CAL , NHL , C  ,  3.0,  0.0,   1.0,   1.0,   0.0, 1.0  ,  0.0,  0.0,  0.0,  0.0,  0.0, 0.0,   1.0,       ,      ,      ,        ,        ,        ,        ,        ,        ,        ,        ,      
landrer01, 2000,     1, MTL , NHL , C  , 51.0,  4.0,   7.0,  11.0,  43.0, -9.0 ,  2.0,  1.0,  0.0,  0.0,  0.0, 0.0,  54.0,       ,      ,      ,        ,        ,        ,        ,        ,        ,        ,        ,      
landrer01, 2001,     1, MTL , NHL , C  ,  2.0,  0.0,   1.0,   1.0,   0.0, 2.0  ,  0.0,  0.0,  0.0,  0.0,  0.0, 0.0,   0.0,       ,      ,      ,        ,        ,        ,        ,        ,        ,        ,        ,      
lanego01 , 1975,     1, WAS , NHL , D  ,  3.0,  1.0,   0.0,   1.0,  12.0, -5.0 ,  1.0,     ,  0.0,     ,  0.0, 0.0,   2.0,       ,      ,      ,        ,        ,        ,        ,        ,        ,        ,        ,      
lanego01 , 1976,     1, WAS , NHL , D  , 80.0,  2.0,  15.0,  17.0, 207.0, -25.0,  0.0,     ,  0.0,     ,  0.0, 0.0,  59.0,       ,      ,      ,        ,        ,        ,        ,        ,        ,        ,        ,      
lanego01 , 1977,     1, WAS , NHL , D  , 69.0,  2.0,   9.0,  11.0, 195.0, -19.0,  0.0,     ,  0.0,     ,  0.0, 0.0,  68.0,       ,      ,      ,        ,        ,        ,        ,        ,        ,        ,        ,      
lanego01 , 1978,     1, WAS , NHL , D  , 64.0,  3.0,  15.0,  18.0, 147.0, -15.0,  0.0,     ,  0.0,     ,  0.0, 1.0,  69.0,       ,      ,      ,        ,        ,        ,        ,        ,        ,        ,        ,      
lanego01 , 1979,     1, WAS , NHL , D  , 19.0,  2.0,   4.0,   6.0,  53.0, 1.0  ,  0.0,     ,  0.0,     ,  0.0, 1.0,  16.0,       ,      ,      ,        ,        ,        ,        ,        ,        ,        ,        ,      
lanego01 , 1979,     2, NYI , NHL , D  , 55.0,  2.0,  14.0,  16.0, 152.0, 10.0 ,  0.0,     ,  0.0,     ,  1.0, 0.0,  60.0,   21.0,   1.0,   3.0,     4.0,    85.0,        ,     0.0,        ,     0.0,        ,     0.0,      
lanego01 , 1980,     1, NYI , NHL , D  , 60.0,  3.0,   9.0,  12.0, 124.0, -6.0 ,  0.0,     ,  1.0,     ,  1.0, 0.0,  54.0,   12.0,   1.0,   5.0,     6.0,    32.0,        ,     0.0,        ,     0.0,        ,     0.0,      
lanego01 , 1981,     1, NYI , NHL , D  , 51.0,  0.0,  13.0,  13.0,  98.0, 26.0 ,  0.0,     ,  0.0,     ,  0.0, 0.0,  46.0,   19.0,   0.0,   4.0,     4.0,    61.0,        ,     0.0,        ,     0.0,        ,     0.0,      
lanego01 , 1982,     1, NYI , NHL , D  , 44.0,  3.0,   4.0,   7.0,  87.0, 1.0  ,  0.0,     ,  0.0,     ,  0.0, 0.0,  44.0,   18.0,   1.0,   2.0,     3.0,    32.0,        ,     0.0,        ,     0.0,        ,     1.0,      
lanego01 , 1983,     1, NYI , NHL , D  , 37.0,  0.0,   3.0,   3.0,  70.0, 6.0  ,  0.0,     ,  0.0,     ,  0.0, 0.0,  16.0,    4.0,   0.0,   0.0,     0.0,     2.0, 1.0    ,     0.0,        ,     0.0,        ,     0.0,     4.0
lanego01 , 1984,     1, NYI , NHL , D  , 57.0,  1.0,   8.0,   9.0,  83.0, 10.0 ,  0.0,     ,  0.0,     ,  0.0, 0.0,  21.0,    1.0,   0.0,   0.0,     0.0,     2.0, -3.0   ,     0.0,        ,     0.0,        ,     0.0,     2.0
lanemy01 , 1928,     1, NYR , NHL , D  , 24.0,  1.0,   0.0,   1.0,  22.0,      ,     ,     ,     ,     ,     ,    ,      ,       ,      ,      ,        ,        ,        ,        ,        ,        ,        ,        ,      
lanemy01 , 1928,     2, BOS , NHL , D  , 19.0,  1.0,   0.0,   1.0,   2.0,      ,     ,     ,     ,     ,     ,    ,      ,    5.0,   0.0,   0.0,     0.0,     0.0,        ,        ,        ,        ,        ,        ,      
lanemy01 , 1929,     1, BOS , NHL , D  ,  3.0,  0.0,   0.0,   0.0,   0.0,      ,     ,     ,     ,     ,     ,    ,      ,    6.0,   0.0,   0.0,     0.0,     0.0,        ,        ,        ,        ,        ,        ,      
lanemy01 , 1933,     1, BOS , NHL , D  , 25.0,  2.0,   1.0,   3.0,  17.0,      ,     ,     ,     ,     ,     ,    ,      ,       ,      ,      ,        ,        ,        ,        ,        ,        ,        ,        ,      
langdda01, 1994,     1, NYR , NHL , L  , 18.0,  1.0,   1.0,   2.0,  62.0, 0.0  ,  0.0,  0.0,  0.0,  0.0,  0.0, 0.0,   6.0,       ,      ,      ,        ,        ,        ,        ,        ,        ,        ,        ,      
langdda01, 1995,     1, NYR , NHL , L  , 64.0,  7.0,   4.0,  11.0, 175.0, 2.0  ,  0.0,  0.0,  0.0,  0.0,  1.0, 1.0,  29.0,    2.0,   0.0,   0.0,     0.0,     0.0, 0.0    ,     0.0,     0.0,     0.0,     0.0,     0.0,     0.0
langdda01, 1996,     1, NYR , NHL , L  , 60.0,  3.0,   6.0,   9.0, 195.0, -1.0 ,  0.0,  0.0,  0.0,  0.0,  1.0, 0.0,  24.0,   10.0,   0.0,   0.0,     0.0,     2.0, -1.0   ,     0.0,     0.0,     0.0,     0.0,     0.0,     1.0
langdda01, 1997,     1, NYR , NHL , L  , 70.0,  3.0,   3.0,   6.0, 197.0, 0.0  ,  0.0,  0.0,  0.0,  0.0,  0.0, 0.0,  15.0,       ,      ,      ,        ,        ,        ,        ,        ,        ,        ,        ,      
langdda01, 1998,     1, NYR , NHL , L  , 44.0,  0.0,   0.0,   0.0,  80.0, -3.0 ,  0.0,  0.0,  0.0,  0.0,  0.0, 0.0,   8.0,       ,      ,      ,        ,        ,        ,        ,        ,        ,        ,        ,      
langdda01, 1999,     1, NYR , NHL , L  , 21.0,  0.0,   1.0,   1.0,  26.0, -2.0 ,  0.0,  0.0,  0.0,  0.0,  0.0, 0.0,  13.0,       ,      ,      ,        ,        ,        ,        ,        ,        ,        ,        ,      
langdda01, 2000,     1, CAR , NHL , L  , 54.0,  0.0,   2.0,   2.0,  94.0, -4.0 ,  0.0,  0.0,  0.0,  0.0,  0.0, 0.0,   6.0,    4.0,   0.0,   0.0,     0.0,    12.0, 0.0    ,     0.0,     0.0,     0.0,     0.0,     0.0,     2.0
langdda01, 2001,     1, CAR , NHL , L  , 58.0,  2.0,   1.0,   3.0, 106.0, 2.0  ,  0.0,  0.0,  0.0,  0.0,  1.0, 0.0,  12.0,       ,      ,      ,        ,        ,        ,        ,        ,        ,        ,        ,      
langdda01, 2002,     1, CAR , NHL , L  ,  9.0,  0.0,   0.0,   0.0,  16.0, 0.0  ,  0.0,  0.0,  0.0,  0.0,  0.0, 0.0,   4.0,       ,      ,      ,        ,        ,        ,        ,        ,        ,        ,        ,      
langdda01, 2002,     2, VAN , NHL , L  , 45.0,  0.0,   1.0,   1.0, 143.0, -2.0 ,  0.0,  0.0,  0.0,  0.0,  0.0, 0.0,  15.0,       ,      ,      ,        ,        ,        ,        ,        ,        ,        ,        ,      
langdda01, 2003,     1, MTL , NHL , L  , 64.0,  0.0,   3.0,   3.0, 135.0, -2.0 ,  0.0,  0.0,  0.0,  0.0,  0.0, 0.0,  22.0,    9.0,   1.0,   0.0,     1.0,     6.0, 0.0    ,     0.0,     0.0,     0.0,     0.0,     0.0,     2.0
langdda01, 2005,     1, NJD , NHL , L  , 14.0,  0.0,   1.0,   1.0,  22.0, -3.0 ,  0.0,  0.0,  0.0,  0.0,  0.0,    ,   2.0,       ,      ,      ,        ,        ,        ,        ,        ,        ,        ,        ,      
langdst01, 1974,     1, BOS , NHL , L  ,  1.0,  0.0,   1.0,   1.0,   0.0, 1.0  ,  0.0,     ,  0.0,     ,  0.0, 0.0,   0.0,       ,      ,      ,        ,        ,        ,        ,        ,        ,        ,        ,      
langdst01, 1975,     1, BOS , NHL , L  ,  4.0,  0.0,   0.0,   0.0,   2.0, -1.0 ,  0.0,     ,  0.0,     ,  0.0, 0.0,   2.0,    4.0,   0.0,   0.0,     0.0,     0.0,        ,     0.0,        ,     0.0,        ,     0.0,      
langdst01, 1977,     1, BOS , NHL , L  ,  2.0,  0.0,   0.0,   0.0,   0.0, -1.0 ,  0.0,     ,  0.0,     ,  0.0, 0.0,   1.0,       ,      ,      ,        ,        ,        ,        ,        ,        ,        ,        ,      
langech01, 1983,     1, BUF , NHL , L  ,  6.0,  1.0,   0.0,   1.0,   2.0, -2.0 ,  0.0,     ,  0.0,     ,  0.0, 0.0,   4.0,       ,      ,      ,        ,        ,        ,        ,        ,        ,        ,        ,      
langech01, 1985,     1, BUF , NHL , L  , 16.0,  2.0,   1.0,   3.0,  20.0, 3.0  ,  0.0,     ,  0.0,     ,  0.0, 0.0,  10.0,       ,      ,      ,        ,        ,        ,        ,        ,        ,        ,        ,      
langeda01, 1976,     1, EDO , WHA , D  , 77.0,  7.0,  16.0,  23.0,  94.0, -16.0,  2.0,     ,  0.0,     ,     ,    , 133.0,    5.0,   2.0,   1.0,     3.0,     9.0, -6.0   ,        ,        ,        ,        ,     0.0,      
langeda01, 1977,     1, EDO , WHA , D  , 62.0,  6.0,  22.0,  28.0,  90.0, 11.0 ,  1.0,     ,  0.0,     ,     ,    , 132.0,    5.0,   0.0,   2.0,     2.0,    10.0, -4.0   ,        ,        ,        ,        ,     0.0,      
langeda01, 1978,     1, EDO , WHA , D  , 77.0,  6.0,  21.0,  27.0,  76.0, 33.0 ,  3.0,     ,  0.0,     ,     ,    , 130.0,   13.0,   0.0,   1.0,     1.0,    25.0, -4.0   ,        ,        ,        ,        ,     0.0,      
langeda01, 1979,     1, NYI , NHL , D  , 76.0,  3.0,  13.0,  16.0, 109.0, 11.0 ,  0.0,     ,  1.0,     ,  0.0, 0.0,  82.0,   21.0,   0.0,   3.0,     3.0,    32.0,        ,     0.0,        ,     0.0,        ,     0.0,      
langeda01, 1980,     1, NYI , NHL , D  , 75.0,  1.0,  16.0,  17.0, 122.0, 40.0 ,  0.0,     ,  0.0,     ,  0.0, 0.0,  68.0,   18.0,   0.0,   3.0,     3.0,    25.0,        ,     0.0,        ,     0.0,        ,     0.0,      
langeda01, 1981,     1, NYI , NHL , D  , 73.0,  1.0,  20.0,  21.0,  82.0, 34.0 ,  0.0,     ,  0.0,     ,  0.0, 0.0,  73.0,   19.0,   2.0,   4.0,     6.0,    16.0,        ,     0.0,        ,     0.0,        ,     1.0,      
langeda01, 1982,     1, NYI , NHL , D  , 73.0,  4.0,  17.0,  21.0,  64.0, 22.0 ,  0.0,     ,  0.0,     ,  0.0, 0.0, 107.0,    8.0,   0.0,   2.0,     2.0,     2.0,        ,     0.0,        ,     0.0,        ,     0.0,      
langeda01, 1983,     1, NYI , NHL , D  , 69.0,  3.0,  16.0,  19.0,  53.0, 26.0 ,  0.0,     ,  0.0,     ,  1.0, 0.0,  89.0,   12.0,   0.0,   4.0,     4.0,    18.0, 3.0    ,     0.0,        ,     0.0,        ,     0.0,    12.0
langeda01, 1984,     1, NYI , NHL , D  , 56.0,  0.0,  13.0,  13.0,  35.0, -6.0 ,  0.0,     ,  0.0,     ,  0.0, 0.0,  33.0,    4.0,   0.0,   0.0,     0.0,     4.0, -1.0   ,     0.0,        ,     0.0,        ,     0.0,     1.0
langeda01, 1985,     1, MNS , NHL , D  , 80.0,  0.0,   8.0,   8.0,  58.0, -17.0,  0.0,     ,  0.0,     ,  0.0, 0.0,  54.0,    5.0,   0.0,   1.0,     1.0,     9.0, 0.0    ,     0.0,        ,     0.0,        ,     0.0,     5.0
langeda01, 1986,     1, LAK , NHL , D  , 11.0,  0.0,   4.0,   4.0,   7.0, -3.0 ,  0.0,     ,  0.0,     ,  0.0, 0.0,   5.0,       ,      ,      ,        ,        ,        ,        ,        ,        ,        ,        ,      
langeja01, 1994,     1, DAL , NHL , C  ,  2.0,  0.0,   0.0,   0.0,   2.0, 0.0  ,  0.0,  0.0,  0.0,  0.0,  0.0, 0.0,   1.0,       ,      ,      ,        ,        ,        ,        ,        ,        ,        ,        ,      
langeja01, 1995,     1, DAL , NHL , C  , 12.0,  2.0,   2.0,   4.0,   6.0, -2.0 ,  1.0,  0.0,  0.0,  0.0,  0.0, 0.0,  15.0,       ,      ,      ,        ,        ,        ,        ,        ,        ,        ,        ,      
langeja01, 1996,     1, DAL , NHL , C  , 76.0, 13.0,  26.0,  39.0,  51.0, -2.0 ,  3.0,  6.0,  0.0,  0.0,  3.0, 0.0, 112.0,    5.0,   1.0,   1.0,     2.0,    14.0, 1.0    ,     0.0,     0.0,     0.0,     0.0,     1.0,    15.0
langeja01, 1997,     1, DAL , NHL , L  , 81.0, 23.0,  29.0,  52.0,  61.0, 9.0  ,  8.0, 11.0,  0.0,  0.0,  6.0, 1.0, 159.0,   16.0,   1.0,   4.0,     5.0,    14.0, -5.0   ,     0.0,     1.0,     0.0,     0.0,     1.0,    35.0
langeja01, 1998,     1, DAL , NHL , C  , 75.0, 12.0,  33.0,  45.0,  62.0, 10.0 ,  4.0, 12.0,  0.0,  0.0,  1.0, 0.0, 145.0,   23.0,  10.0,   7.0,    17.0,    16.0, 7.0    ,     4.0,     1.0,     0.0,     0.0,     3.0,    46.0
langeja01, 1999,     1, DAL , NHL , R  , 65.0, 18.0,  21.0,  39.0,  68.0, 16.0 ,  4.0,  5.0,  2.0,  0.0,  6.0, 0.0, 153.0,   15.0,   1.0,   7.0,     8.0,    18.0, -1.0   ,     1.0,     3.0,     0.0,     1.0,     0.0,    27.0
langeja01, 2000,     1, DAL , NHL , R  , 53.0, 12.0,  18.0,  30.0,  57.0, 4.0  ,  3.0,  6.0,  2.0,  1.0,  4.0, 0.0, 104.0,   10.0,   2.0,   2.0,     4.0,     6.0, 2.0    ,     0.0,     1.0,     0.0,     0.0,     1.0,    22.0
langeja01, 2001,     1, DAL , NHL , R  , 68.0, 10.0,  16.0,  26.0,  54.0, -11.0,  0.0,  1.0,  1.0,  1.0,  2.0, 0.0, 132.0,       ,      ,      ,        ,        ,        ,        ,        ,        ,        ,        ,      
langeja01, 2001,     2, NJD , NHL , R  , 14.0,  3.0,   3.0,   6.0,  23.0, 2.0  ,  0.0,  0.0,  0.0,  0.0,  2.0, 0.0,  31.0,    5.0,   0.0,   1.0,     1.0,     8.0, -2.0   ,     0.0,     1.0,     0.0,     0.0,     0.0,    14.0
langeja01, 2002,     1, NJD , NHL , R  , 78.0, 22.0,  33.0,  55.0,  65.0, 17.0 ,  5.0,  5.0,  1.0,  0.0,  5.0, 0.0, 197.0,   24.0,  11.0,   7.0,    18.0,    16.0, 11.0   ,     1.0,     1.0,     0.0,     0.0,     4.0,    53.0
langeja01, 2003,     1, NJD , NHL , R  , 53.0, 10.0,  16.0,  26.0,  43.0, 9.0  ,  1.0,  4.0,  2.0,  0.0,  2.0, 0.0, 130.0,    5.0,   0.0,   2.0,     2.0,     2.0, 0.0    ,     0.0,     0.0,     0.0,     0.0,     0.0,    11.0
langeja01, 2005,     1, NJD , NHL , R  , 80.0, 19.0,  34.0,  53.0,  74.0, -1.0 ,  8.0, 17.0,  1.0,  0.0,  1.0,    , 243.0,    9.0,   3.0,  10.0,    13.0,    16.0, 5.0    ,     1.0,     5.0,     0.0,     0.0,     1.0,    17.0
langeja01, 2006,     1, NJD , NHL , R  , 82.0, 23.0,  37.0,  60.0,  64.0, -9.0 , 12.0, 10.0,  0.0,  0.0,  7.0,    , 243.0,   11.0,   2.0,   6.0,     8.0,     7.0, 3.0    ,     1.0,     2.0,     0.0,     0.0,     1.0,    38.0
langeja01, 2007,     1, NJD , NHL , R  , 64.0, 13.0,  28.0,  41.0,  30.0, -1.0 ,  5.0, 11.0,  1.0,  1.0,  2.0,    , 152.0,    5.0,   0.0,   4.0,     4.0,     4.0, -5.0   ,     0.0,     3.0,     0.0,     0.0,     0.0,    18.0
langeja01, 2008,     1, NJD , NHL , R  , 81.0, 29.0,  40.0,  69.0,  56.0, 25.0 ,  6.0, 11.0,  3.0,  0.0,  7.0,    , 229.0,    4.0,   2.0,   1.0,     3.0,     2.0, 0.0    ,     0.0,     0.0,     0.0,     0.0,     0.0,    16.0
langeja01, 2009,     1, NJD , NHL , R  , 81.0, 19.0,  42.0,  61.0,  44.0, 6.0  ,  6.0, 13.0,  2.0,  2.0,  4.0,    , 228.0,    5.0,   0.0,   1.0,     1.0,     4.0, -1.0   ,     0.0,     0.0,     0.0,     0.0,     0.0,    10.0
langepe01, 1938,     1, TOR , NHL , C  ,  2.0,  1.0,   0.0,   1.0,   0.0,      ,     ,     ,     ,     ,     ,    ,      ,    9.0,   1.0,   2.0,     3.0,     2.0,        ,        ,        ,        ,        ,        ,      
langepe01, 1939,     1, TOR , NHL , C  , 39.0,  7.0,  14.0,  21.0,   2.0,      ,     ,     ,     ,     ,     ,    ,      ,   10.0,   0.0,   3.0,     3.0,     0.0,        ,        ,        ,        ,        ,        ,      
langepe01, 1940,     1, TOR , NHL , C  , 47.0,  4.0,  15.0,  19.0,   0.0,      ,     ,     ,     ,     ,     ,    ,      ,    7.0,   1.0,   1.0,     2.0,     0.0,        ,        ,        ,        ,        ,        ,      
langepe01, 1941,     1, TOR , NHL , C  , 48.0, 10.0,  22.0,  32.0,   9.0,      ,     ,     ,     ,     ,     ,    ,      ,   13.0,   3.0,   3.0,     6.0,     2.0,        ,        ,        ,        ,        ,        ,      
langfjo01, 2001,     1, OTT , NHL , R  ,  1.0,  0.0,   0.0,   0.0,   2.0, 0.0  ,  0.0,  0.0,  0.0,  0.0,  0.0, 0.0,   5.0,       ,      ,      ,        ,        ,        ,        ,        ,        ,        ,        ,      
langfjo01, 2002,     1, OTT , NHL , R  , 12.0,  0.0,   1.0,   1.0,   4.0, 2.0  ,  0.0,  0.0,  0.0,  0.0,  0.0, 0.0,  16.0,       ,      ,      ,        ,        ,        ,        ,        ,        ,        ,        ,      
langfjo01, 2003,     1, OTT , NHL , R  , 38.0,  7.0,  10.0,  17.0,  16.0, 6.0  ,  2.0,  1.0,  0.0,  0.0,  2.0, 0.0,  59.0,       ,      ,      ,        ,        ,        ,        ,        ,        ,        ,        ,      
langfjo01, 2005,     1, SJS , NHL , R  , 39.0,  2.0,   9.0,  11.0,  16.0, 4.0  ,  0.0,  0.0,  1.0,  0.0,  0.0,    ,  53.0,       ,      ,      ,        ,        ,        ,        ,        ,        ,        ,        ,      
langfjo01, 2005,     2, BOS , NHL , R  , 18.0,  0.0,   1.0,   1.0,  10.0, -6.0 ,  0.0,  0.0,  0.0,  0.0,  0.0,    ,  32.0,       ,      ,      ,        ,        ,        ,        ,        ,        ,        ,        ,      
langfjo01, 2006,     1, DET , NHL , R  , 33.0,  0.0,   2.0,   2.0,  12.0, 2.0  ,  0.0,  0.0,  0.0,  0.0,  0.0,    ,  37.0,       ,      ,      ,        ,        ,        ,        ,        ,        ,        ,        ,      
langfjo01, 2007,     1, NAS , NHL , R  ,  2.0,  0.0,   0.0,   0.0,   0.0, 0.0  ,  0.0,  0.0,  0.0,  0.0,  0.0,    ,   5.0,    1.0,   0.0,   0.0,     0.0,     0.0, 0.0    ,     0.0,     0.0,     0.0,     0.0,     0.0,     0.0
langkda01, 1995,     1, TBL , NHL , C  ,  4.0,  0.0,   1.0,   1.0,   0.0, -1.0 ,  0.0,  0.0,  0.0,  0.0,  0.0, 0.0,   4.0,       ,      ,      ,        ,        ,        ,        ,        ,        ,        ,        ,      
langkda01, 1996,     1, TBL , NHL , C  , 79.0, 15.0,  13.0,  28.0,  35.0, 1.0  ,  3.0,  3.0,  1.0,  0.0,  1.0, 1.0, 170.0,       ,      ,      ,        ,        ,        ,        ,        ,        ,        ,        ,      
langkda01, 1997,     1, TBL , NHL , C  , 68.0,  8.0,  14.0,  22.0,  62.0, -9.0 ,  2.0,  2.0,  0.0,  0.0,  1.0, 0.0, 156.0,       ,      ,      ,        ,        ,        ,        ,        ,        ,        ,        ,      
langkda01, 1998,     1, TBL , NHL , C  , 22.0,  4.0,   6.0,  10.0,  15.0, 0.0  ,  1.0,  1.0,  0.0,  0.0,  1.0, 0.0,  40.0,       ,      ,      ,        ,        ,        ,        ,        ,        ,        ,        ,      
langkda01, 1998,     2, PHI , NHL , C  , 56.0, 10.0,  13.0,  23.0,  24.0, -8.0 ,  3.0,  4.0,  1.0,  0.0,  1.0, 0.0, 109.0,    6.0,   0.0,   2.0,     2.0,     2.0, 3.0    ,     0.0,     0.0,     0.0,     0.0,     0.0,     4.0
langkda01, 1999,     1, PHI , NHL , C  , 82.0, 18.0,  32.0,  50.0,  56.0, 1.0  ,  5.0, 13.0,  0.0,  1.0,  7.0, 0.0, 222.0,   16.0,   5.0,   5.0,    10.0,    23.0, 2.0    ,     1.0,     2.0,     1.0,     0.0,     2.0,    47.0
langkda01, 2000,     1, PHI , NHL , C  , 71.0, 13.0,  41.0,  54.0,  50.0, 12.0 ,  3.0, 10.0,  0.0,  0.0,  2.0, 0.0, 190.0,    6.0,   2.0,   4.0,     6.0,     2.0, -2.0   ,     1.0,     1.0,     0.0,     0.0,     0.0,    14.0
langkda01, 2001,     1, PHO , NHL , C  , 80.0, 27.0,  35.0,  62.0,  36.0, 18.0 ,  6.0, 12.0,  3.0,  2.0,  2.0, 1.0, 171.0,    5.0,   1.0,   0.0,     1.0,     0.0, -2.0   ,     0.0,     0.0,     0.0,     0.0,     0.0,    11.0
langkda01, 2002,     1, PHO , NHL , C  , 82.0, 20.0,  32.0,  52.0,  56.0, 20.0 ,  4.0,  5.0,  2.0,  1.0,  2.0, 0.0, 196.0,       ,      ,      ,        ,        ,        ,        ,        ,        ,        ,        ,      
langkda01, 2003,     1, PHO , NHL , C  , 81.0, 21.0,  31.0,  52.0,  40.0, 4.0  ,  4.0,  7.0,  1.0,  1.0,  2.0, 2.0, 174.0,       ,      ,      ,        ,        ,        ,        ,        ,        ,        ,        ,      
langkda01, 2005,     1, CAL , NHL , C  , 82.0, 25.0,  34.0,  59.0,  46.0, 2.0  , 11.0, 18.0,  0.0,  2.0,  7.0,    , 171.0,    7.0,   1.0,   5.0,     6.0,     6.0, 4.0    ,     1.0,     1.0,     0.0,     1.0,     0.0,    18.0
langkda01, 2006,     1, CAL , NHL , C  , 81.0, 33.0,  44.0,  77.0,  44.0, 23.0 , 10.0, 17.0,  1.0,  2.0,  6.0,    , 247.0,    6.0,   2.0,   2.0,     4.0,     4.0, -3.0   ,     2.0,     1.0,     0.0,     0.0,     1.0,    15.0
langkda01, 2007,     1, CAL , NHL , C  , 80.0, 30.0,  35.0,  65.0,  19.0, 16.0 , 14.0,  9.0,  1.0,  1.0,  4.0,    , 201.0,    7.0,   3.0,   2.0,     5.0,     0.0, 0.0    ,     2.0,     1.0,     0.0,     0.0,     0.0,    16.0
langkda01, 2008,     1, CAL , NHL , C  , 73.0, 21.0,  28.0,  49.0,  20.0, 1.0  ,  4.0, 12.0,  0.0,  0.0,  3.0,    , 161.0,    6.0,   0.0,   3.0,     3.0,     2.0, 4.0    ,     0.0,     0.0,     0.0,     0.0,     0.0,    12.0
langkda01, 2009,     1, CAL , NHL , C  , 72.0, 14.0,  23.0,  37.0,  30.0, 2.0  ,  1.0,  8.0,  1.0,  2.0,  2.0,    , 126.0,       ,      ,      ,        ,        ,        ,        ,        ,        ,        ,        ,      
langksc01, 1995,     1, WIN , NHL , G  ,  1.0,  0.0,   0.0,   0.0,   0.0, 0.0  ,  0.0,  0.0,  0.0,  0.0,  0.0, 0.0,   0.0,       ,      ,      ,        ,        ,        ,        ,        ,        ,        ,        ,      
langksc01, 1997,     1, PHO , NHL , G  ,  3.0,  0.0,   0.0,   0.0,   0.0, 0.0  ,  0.0,  0.0,  0.0,  0.0,  0.0, 0.0,   0.0,       ,      ,      ,        ,        ,        ,        ,        ,        ,        ,        ,      
langksc01, 1998,     1, PHO , NHL , G  ,  1.0,  0.0,   0.0,   0.0,   0.0, 0.0  ,  0.0,  0.0,  0.0,  0.0,  0.0, 0.0,   0.0,       ,      ,      ,        ,        ,        ,        ,        ,        ,        ,        ,      
langksc01, 1999,     1, ATL , NHL , G  , 15.0,  0.0,   0.0,   0.0,   0.0, 0.0  ,  0.0,  0.0,  0.0,  0.0,  0.0, 0.0,   0.0,       ,      ,      ,        ,        ,        ,        ,        ,        ,        ,        ,      
langlal01, 1957,     1, MTL , NHL , D  ,  1.0,  0.0,   0.0,   0.0,   0.0,      ,     ,     ,     ,     ,     ,    ,      ,    7.0,   0.0,   1.0,     1.0,     4.0,        ,        ,        ,        ,        ,        ,      
langlal01, 1958,     1, MTL , NHL , D  , 48.0,  0.0,   3.0,   3.0,  26.0,      ,     ,     ,     ,     ,     ,    ,      ,    7.0,   0.0,   0.0,     0.0,     4.0,        ,        ,        ,        ,        ,        ,      
langlal01, 1959,     1, MTL , NHL , D  , 67.0,  1.0,  14.0,  15.0,  48.0,      ,     ,     ,     ,     ,     ,    ,      ,    8.0,   0.0,   3.0,     3.0,    18.0,        ,        ,        ,        ,        ,        ,      
langlal01, 1960,     1, MTL , NHL , D  , 61.0,  1.0,  12.0,  13.0,  56.0,      ,     ,     ,     ,     ,     ,    ,      ,    5.0,   0.0,   0.0,     0.0,     6.0,        ,        ,        ,        ,        ,     0.0,      
langlal01, 1961,     1, NYR , NHL , D  , 69.0,  7.0,  18.0,  25.0,  90.0,      ,     ,     ,     ,     ,     ,    ,      ,    6.0,   0.0,   1.0,     1.0,     2.0,        ,        ,        ,        ,        ,     0.0,      
langlal01, 1962,     1, NYR , NHL , D  , 60.0,  2.0,  14.0,  16.0,  62.0,      ,     ,     ,     ,     ,     ,    ,      ,       ,      ,      ,        ,        ,        ,        ,        ,        ,        ,        ,      
langlal01, 1963,     1, NYR , NHL , D  , 44.0,  4.0,   2.0,   6.0,  32.0,      ,  2.0,     ,  0.0,     ,  0.0, 0.0,      ,       ,      ,      ,        ,        ,        ,        ,        ,        ,        ,        ,      
langlal01, 1963,     2, DET , NHL , D  , 17.0,  1.0,   6.0,   7.0,  13.0,      ,  0.0,     ,  0.0,     ,  0.0, 0.0,      ,   14.0,   0.0,   0.0,     0.0,    12.0,        ,        ,        ,        ,        ,     0.0,      
langlal01, 1964,     1, DET , NHL , D  , 65.0,  1.0,  12.0,  13.0, 107.0,      ,  0.0,     ,  1.0,     ,  0.0, 0.0,      ,    6.0,   1.0,   0.0,     1.0,     4.0,        ,        ,        ,        ,        ,     0.0,      
langlal01, 1965,     1, BOS , NHL , D  , 65.0,  4.0,  10.0,  14.0,  54.0,      ,  0.0,     ,  0.0,     ,  0.0, 0.0,      ,       ,      ,      ,        ,        ,        ,        ,        ,        ,        ,        ,      
langlal02, 1973,     1, MNS , NHL , L  , 14.0,  3.0,   3.0,   6.0,   8.0, -6.0 ,  0.0,     ,  0.0,     ,  0.0, 0.0,  45.0,       ,      ,      ,        ,        ,        ,        ,        ,        ,        ,        ,      
langlal02, 1974,     1, MNS , NHL , L  , 11.0,  1.0,   1.0,   2.0,   2.0, -3.0 ,  0.0,     ,  0.0,     ,  0.0, 0.0,  15.0,       ,      ,      ,        ,        ,        ,        ,        ,        ,        ,        ,      
langlch01, 1924,     1, HAM , NHL , D  , 30.0,  6.0,   3.0,   9.0,  47.0,      ,     ,     ,     ,     ,     ,    ,      ,       ,      ,      ,        ,        ,        ,        ,        ,        ,        ,        ,      
langlch01, 1925,     1, NYA , NHL , D  , 36.0,  9.0,   1.0,  10.0,  76.0,      ,     ,     ,     ,     ,     ,    ,      ,       ,      ,      ,        ,        ,        ,        ,        ,        ,        ,        ,      
langlch01, 1926,     1, NYA , NHL , D  ,  9.0,  1.0,   0.0,   1.0,   8.0,      ,     ,     ,     ,     ,     ,    ,      ,       ,      ,      ,        ,        ,        ,        ,        ,        ,        ,        ,      
langlch01, 1926,     2, PIP , NHL , D  , 36.0,  6.0,   1.0,   7.0,  36.0,      ,     ,     ,     ,     ,     ,    ,      ,       ,      ,      ,        ,        ,        ,        ,        ,        ,        ,        ,      
langlch01, 1927,     1, PIP , NHL , D  ,  8.0,  0.0,   0.0,   0.0,   8.0,      ,     ,     ,     ,     ,     ,    ,      ,       ,      ,      ,        ,        ,        ,        ,        ,        ,        ,        ,      
langlch01, 1927,     2, MTL , NHL , D  , 32.0,  0.0,   0.0,   0.0,  14.0,      ,     ,     ,     ,     ,     ,    ,      ,    2.0,   0.0,   0.0,     0.0,     0.0,        ,        ,        ,        ,        ,        ,      
langos01 , 1916,     1, OT1 , NHA , G  ,  1.0,  0.0,   0.0,   0.0,   0.0,      ,     ,     ,     ,     ,     ,    ,      ,       ,      ,      ,        ,        ,        ,        ,        ,        ,        ,        ,      
langro01 , 1992,     1, LAK , NHL , C  , 11.0,  0.0,   5.0,   5.0,   2.0, -3.0 ,  0.0,  0.0,  0.0,  0.0,  0.0, 0.0,   3.0,       ,      ,      ,        ,        ,        ,        ,        ,        ,        ,        ,      
langro01 , 1993,     1, LAK , NHL , C  , 32.0,  9.0,  10.0,  19.0,  10.0, 7.0  ,  0.0,  2.0,  0.0,  0.0,  0.0, 0.0,  41.0,       ,      ,      ,        ,        ,        ,        ,        ,        ,        ,        ,      
langro01 , 1994,     1, LAK , NHL , C  , 36.0,  4.0,   8.0,  12.0,   4.0, -7.0 ,  0.0,  1.0,  0.0,  0.0,  0.0, 0.0,  38.0,       ,      ,      ,        ,        ,        ,        ,        ,        ,        ,        ,      
langro01 , 1995,     1, LAK , NHL , R  , 68.0,  6.0,  16.0,  22.0,  10.0, -15.0,  0.0,  0.0,  2.0,  2.0,  0.0, 1.0,  71.0,       ,      ,      ,        ,        ,        ,        ,        ,        ,        ,        ,      
langro01 , 1997,     1, BOS , NHL , C  ,  3.0,  0.0,   0.0,   0.0,   2.0, 1.0  ,  0.0,  0.0,  0.0,  0.0,  0.0, 0.0,   2.0,       ,      ,      ,        ,        ,        ,        ,        ,        ,        ,        ,      
langro01 , 1997,     2, PIT , NHL , C  , 51.0,  9.0,  13.0,  22.0,  14.0, 6.0  ,  1.0,  3.0,  1.0,  0.0,  2.0, 0.0,  64.0,    6.0,   0.0,   3.0,     3.0,     2.0, -4.0   ,     0.0,     1.0,     0.0,     0.0,     0.0,     6.0
langro01 , 1998,     1, PIT , NHL , C  , 72.0, 21.0,  23.0,  44.0,  24.0, -10.0,  7.0,  5.0,  0.0,  0.0,  3.0, 3.0, 137.0,   12.0,   0.0,   2.0,     2.0,     0.0, -3.0   ,     0.0,     0.0,     0.0,     0.0,     0.0,     9.0
langro01 , 1999,     1, PIT , NHL , C  , 78.0, 23.0,  42.0,  65.0,  14.0, -9.0 , 13.0, 13.0,  0.0,  0.0,  5.0, 1.0, 142.0,   11.0,   3.0,   3.0,     6.0,     0.0, -1.0   ,     2.0,     0.0,     0.0,     0.0,     0.0,    18.0
langro01 , 2000,     1, PIT , NHL , C  , 82.0, 32.0,  48.0,  80.0,  28.0, 20.0 , 10.0, 15.0,  0.0,  0.0,  2.0, 0.0, 177.0,   16.0,   4.0,   4.0,     8.0,     4.0, 2.0    ,     0.0,     1.0,     0.0,     0.0,     0.0,    25.0
langro01 , 2001,     1, PIT , NHL , C  , 62.0, 18.0,  32.0,  50.0,  16.0, 9.0  ,  5.0, 11.0,  1.0,  0.0,  3.0, 0.0, 175.0,       ,      ,      ,        ,        ,        ,        ,        ,        ,        ,        ,      
langro01 , 2002,     1, WAS , NHL , C  , 82.0, 22.0,  47.0,  69.0,  22.0, 12.0 , 10.0, 18.0,  0.0,  0.0,  2.0, 1.0, 146.0,    6.0,   2.0,   1.0,     3.0,     2.0, 3.0    ,     0.0,     1.0,     0.0,     0.0,     1.0,     9.0
langro01 , 2003,     1, WAS , NHL , C  , 63.0, 29.0,  45.0,  74.0,  24.0, 2.0  , 10.0, 25.0,  0.0,  0.0,  2.0, 1.0, 149.0,       ,      ,      ,        ,        ,        ,        ,        ,        ,        ,        ,      
langro01 , 2003,     2, DET , NHL , C  ,  6.0,  1.0,   4.0,   5.0,   0.0, 2.0  ,  0.0,  2.0,  0.0,  0.0,  1.0, 0.0,  14.0,   12.0,   4.0,   5.0,     9.0,     6.0, -1.0   ,     0.0,     1.0,     0.0,     0.0,     0.0,    20.0
langro01 , 2005,     1, DET , NHL , C  , 72.0, 20.0,  42.0,  62.0,  72.0, 17.0 ,  8.0, 16.0,  0.0,  0.0,  3.0,    , 171.0,    6.0,   3.0,   3.0,     6.0,     2.0, -2.0   ,     2.0,     2.0,     0.0,     0.0,     0.0,    18.0
langro01 , 2006,     1, DET , NHL , C  , 81.0, 19.0,  33.0,  52.0,  66.0, 12.0 ,  6.0, 11.0,  0.0,  0.0,  4.0,    , 166.0,   18.0,   2.0,   6.0,     8.0,     8.0, 5.0    ,     0.0,     4.0,     0.0,     0.0,     0.0,    28.0
langro01 , 2007,     1, CHI , NHL , C  , 76.0, 21.0,  33.0,  54.0,  50.0, 9.0  ,  7.0, 10.0,  0.0,  0.0,  3.0,    , 172.0,       ,      ,      ,        ,        ,        ,        ,        ,        ,        ,        ,      
langro01 , 2008,     1, MTL , NHL , C  , 50.0, 18.0,  21.0,  39.0,  36.0, 6.0  ,  8.0,  9.0,  1.0,  1.0,  3.0,    , 101.0,       ,      ,      ,        ,        ,        ,        ,        ,        ,        ,        ,      
langro01 , 2009,     1, PHO , NHL , C  , 64.0,  9.0,  20.0,  29.0,  28.0, -4.0 ,  3.0,  9.0,  0.0,  0.0,  1.0,    ,  84.0,    4.0,   0.0,   1.0,     1.0,     0.0, 0.0    ,     0.0,     1.0,     0.0,     0.0,     0.0,     1.0
langwro01, 1977,     1, BIR , WHA , D  , 52.0,  3.0,  18.0,  21.0,  52.0, 10.0 ,  0.0,     ,  0.0,     ,     ,    ,  75.0,    4.0,   0.0,   0.0,     0.0,     9.0, -2.0   ,        ,        ,        ,        ,     0.0,      
langwro01, 1978,     1, MTL , NHL , D  , 45.0,  3.0,   4.0,   7.0,  30.0, 5.0  ,  0.0,     ,  0.0,     ,  0.0, 1.0,  48.0,    8.0,   0.0,   0.0,     0.0,    16.0,        ,     0.0,        ,     0.0,        ,     0.0,      
langwro01, 1979,     1, MTL , NHL , D  , 77.0,  7.0,  29.0,  36.0,  81.0, 36.0 ,  0.0,     ,  0.0,     ,  1.0, 0.0, 112.0,   10.0,   3.0,   3.0,     6.0,     2.0,        ,     1.0,        ,     0.0,        ,     0.0,      
langwro01, 1980,     1, MTL , NHL , D  , 80.0, 11.0,  34.0,  45.0, 120.0, 53.0 ,  5.0,     ,  1.0,     ,  2.0, 0.0, 165.0,    3.0,   0.0,   0.0,     0.0,     6.0,        ,     0.0,        ,     0.0,        ,     0.0,      
langwro01, 1981,     1, MTL , NHL , D  , 66.0,  5.0,  34.0,  39.0, 116.0, 66.0 ,  1.0,     ,  0.0,     ,  1.0, 0.0, 139.0,    5.0,   0.0,   3.0,     3.0,    18.0,        ,     0.0,        ,     0.0,        ,     0.0,      
langwro01, 1982,     1, WAS , NHL , D  , 80.0,  3.0,  29.0,  32.0,  75.0, 0.0  ,  1.0,     ,  0.0,     ,  0.0, 0.0, 126.0,    4.0,   0.0,   0.0,     0.0,     0.0,        ,     0.0,        ,     0.0,        ,     0.0,      
langwro01, 1983,     1, WAS , NHL , D  , 80.0,  9.0,  24.0,  33.0,  61.0, 14.0 ,  1.0,     ,  2.0,     ,  2.0, 1.0, 168.0,    8.0,   0.0,   5.0,     5.0,     7.0, 0.0    ,     0.0,        ,     0.0,        ,     0.0,    16.0
langwro01, 1984,     1, WAS , NHL , D  , 79.0,  4.0,  22.0,  26.0,  54.0, 35.0 ,  0.0,     ,  0.0,     ,  1.0, 0.0, 102.0,    5.0,   0.0,   1.0,     1.0,     6.0, -1.0   ,     0.0,        ,     0.0,        ,     0.0,    12.0
langwro01, 1985,     1, WAS , NHL , D  , 71.0,  1.0,  17.0,  18.0,  61.0, 27.0 ,  1.0,     ,  0.0,     ,  0.0, 0.0,  54.0,    9.0,   1.0,   2.0,     3.0,     6.0, 4.0    ,     1.0,        ,     0.0,        ,     0.0,    17.0
langwro01, 1986,     1, WAS , NHL , D  , 78.0,  2.0,  25.0,  27.0,  53.0, 11.0 ,  0.0,     ,  0.0,     ,  1.0, 0.0,  76.0,    7.0,   0.0,   1.0,     1.0,     2.0, 0.0    ,     0.0,        ,     0.0,        ,     0.0,    15.0
langwro01, 1987,     1, WAS , NHL , D  , 63.0,  3.0,  13.0,  16.0,  28.0, 1.0  ,  0.0,  1.0,  0.0,  1.0,  1.0, 1.0,  49.0,    6.0,   0.0,   0.0,     0.0,     8.0, 2.0    ,     0.0,     0.0,     0.0,     0.0,     0.0,     7.0
langwro01, 1988,     1, WAS , NHL , D  , 76.0,  2.0,  19.0,  21.0,  65.0, 12.0 ,  0.0,  2.0,  0.0,  2.0,  0.0, 0.0,  80.0,    6.0,   0.0,   0.0,     0.0,     6.0, -4.0   ,     0.0,     0.0,     0.0,     0.0,     0.0,    10.0
langwro01, 1989,     1, WAS , NHL , D  , 58.0,  0.0,   8.0,   8.0,  39.0, 7.0  ,  0.0,  0.0,  0.0,  0.0,  0.0, 0.0,  46.0,   15.0,   1.0,   4.0,     5.0,    12.0, 0.0    ,     0.0,     0.0,     0.0,     0.0,     1.0,    17.0
langwro01, 1990,     1, WAS , NHL , D  , 56.0,  1.0,   7.0,   8.0,  24.0, 12.0 ,  0.0,  0.0,  0.0,  0.0,  0.0, 0.0,  32.0,   11.0,   0.0,   2.0,     2.0,     6.0, 1.0    ,     0.0,     0.0,     0.0,     0.0,     0.0,    12.0
langwro01, 1991,     1, WAS , NHL , D  , 64.0,  0.0,  13.0,  13.0,  22.0, 11.0 ,  0.0,  0.0,  0.0,  4.0,  0.0, 0.0,  32.0,    7.0,   0.0,   1.0,     1.0,     2.0, 0.0    ,     0.0,     0.0,     0.0,     0.0,     0.0,     2.0
langwro01, 1992,     1, WAS , NHL , D  , 21.0,  0.0,   0.0,   0.0,  20.0, -13.0,  0.0,  0.0,  0.0,  0.0,  0.0, 0.0,   6.0,       ,      ,      ,        ,        ,        ,        ,        ,        ,        ,        ,      
lankje01 , 1999,     1, PHI , NHL , D  ,  2.0,  0.0,   0.0,   0.0,   2.0, 0.0  ,  0.0,  0.0,  0.0,  0.0,  0.0, 0.0,   0.0,       ,      ,      ,        ,        ,        ,        ,        ,        ,        ,        ,      
lanthje01, 1983,     1, VAN , NHL , R  , 11.0,  2.0,   1.0,   3.0,   2.0, -2.0 ,  0.0,     ,  0.0,     ,  0.0, 0.0,   9.0,       ,      ,      ,        ,        ,        ,        ,        ,        ,        ,        ,      
lanthje01, 1984,     1, VAN , NHL , R  , 27.0,  6.0,   4.0,  10.0,  13.0, -16.0,  2.0,     ,  0.0,     ,  1.0, 0.0,  23.0,       ,      ,      ,        ,        ,        ,        ,        ,        ,        ,        ,      
lanthje01, 1985,     1, VAN , NHL , R  , 62.0,  7.0,  10.0,  17.0,  12.0, -17.0,  3.0,     ,  0.0,     ,  1.0, 0.0,  50.0,       ,      ,      ,        ,        ,        ,        ,        ,        ,        ,        ,      
lanthje01, 1987,     1, VAN , NHL , R  ,  5.0,  1.0,   1.0,   2.0,   2.0, -1.0 ,  0.0,  0.0,  0.0,  0.0,  0.0, 0.0,   3.0,       ,      ,      ,        ,        ,        ,        ,        ,        ,        ,        ,      
lanyote01, 1967,     1, PIT , NHL , D  ,  5.0,  0.0,   0.0,   0.0,   4.0, 1.0  ,  0.0,     ,  0.0,     ,  0.0, 0.0,   1.0,       ,      ,      ,        ,        ,        ,        ,        ,        ,        ,        ,      
lanzri01 , 1980,     1, VAN , NHL , D  , 76.0,  7.0,  22.0,  29.0,  40.0, 1.0  ,  3.0,     ,  0.0,     ,  1.0, 1.0, 134.0,    3.0,   0.0,   0.0,     0.0,     4.0,        ,     0.0,        ,     0.0,        ,     0.0,      
lanzri01 , 1981,     1, VAN , NHL , D  , 39.0,  3.0,  11.0,  14.0,  48.0, -13.0,  2.0,     ,  0.0,     ,  0.0, 0.0,  94.0,       ,      ,      ,        ,        ,        ,        ,        ,        ,        ,        ,      
lanzri01 , 1982,     1, VAN , NHL , D  , 74.0, 10.0,  38.0,  48.0,  46.0, -5.0 ,  4.0,     ,  0.0,     ,  2.0, 1.0, 180.0,    4.0,   2.0,   1.0,     3.0,     0.0,        ,     1.0,        ,     0.0,        ,     0.0,      
lanzri01 , 1983,     1, VAN , NHL , D  , 79.0, 18.0,  39.0,  57.0,  45.0, -3.0 , 14.0,     ,  0.0,     ,  3.0, 1.0, 230.0,    4.0,   0.0,   4.0,     4.0,     2.0, 0.0    ,     0.0,        ,     0.0,        ,     0.0,    10.0
lanzri01 , 1984,     1, VAN , NHL , D  , 57.0,  2.0,  17.0,  19.0,  69.0, -22.0,  2.0,     ,  0.0,     ,  0.0, 0.0, 131.0,       ,      ,      ,        ,        ,        ,        ,        ,        ,        ,        ,      
lanzri01 , 1985,     1, VAN , NHL , D  , 75.0, 15.0,  38.0,  53.0,  73.0, -26.0, 11.0,     ,  0.0,     ,  0.0, 0.0, 191.0,    3.0,   0.0,   0.0,     0.0,     0.0, -6.0   ,     0.0,        ,     0.0,        ,     0.0,     4.0
lanzri01 , 1986,     1, VAN , NHL , D  , 17.0,  1.0,   6.0,   7.0,  10.0, -13.0,  1.0,     ,  0.0,     ,  0.0, 0.0,  39.0,       ,      ,      ,        ,        ,        ,        ,        ,        ,        ,        ,      
lanzri01 , 1986,     2, TOR , NHL , D  , 44.0,  2.0,  19.0,  21.0,  32.0, 4.0  ,  1.0,     ,  0.0,     ,  0.0, 0.0,  91.0,   13.0,   1.0,   3.0,     4.0,    27.0, 2.0    ,     0.0,        ,     0.0,        ,     1.0,    25.0
lanzri01 , 1987,     1, TOR , NHL , D  , 75.0,  6.0,  22.0,  28.0,  65.0, -12.0,  3.0,  7.0,  0.0,  0.0,  0.0, 0.0, 145.0,    1.0,   0.0,   0.0,     0.0,     2.0, 0.0    ,     0.0,     0.0,     0.0,     0.0,     0.0,     1.0
lanzri01 , 1988,     1, TOR , NHL , D  , 32.0,  1.0,   9.0,  10.0,  18.0, -17.0,  0.0,  4.0,  0.0,  1.0,  1.0, 0.0,  56.0,       ,      ,      ,        ,        ,        ,        ,        ,        ,        ,        ,      
lanzri01 , 1991,     1, CHI , NHL , D  ,  1.0,  0.0,   0.0,   0.0,   2.0, 0.0  ,  0.0,  0.0,  0.0,  0.0,  0.0, 0.0,   0.0,       ,      ,      ,        ,        ,        ,        ,        ,        ,        ,        ,      
laperda01, 1992,     1, STL , NHL , D  ,  5.0,  0.0,   1.0,   1.0,   0.0, -3.0 ,  0.0,  0.0,  0.0,  0.0,  0.0, 0.0,   7.0,       ,      ,      ,        ,        ,        ,        ,        ,        ,        ,        ,      
laperda01, 1993,     1, STL , NHL , D  , 20.0,  1.0,   3.0,   4.0,   8.0, -1.0 ,  1.0,  2.0,  0.0,  0.0,  0.0, 0.0,  20.0,       ,      ,      ,        ,        ,        ,        ,        ,        ,        ,        ,      
laperda01, 1994,     1, STL , NHL , D  ,  4.0,  0.0,   0.0,   0.0,  15.0, 1.0  ,  0.0,  0.0,  0.0,  0.0,  0.0, 0.0,   0.0,       ,      ,      ,        ,        ,        ,        ,        ,        ,        ,        ,      
laperda01, 1994,     2, OTT , NHL , D  , 13.0,  1.0,   1.0,   2.0,   0.0, -4.0 ,  1.0,  0.0,  0.0,  0.0,  0.0, 0.0,  18.0,       ,      ,      ,        ,        ,        ,        ,        ,        ,        ,        ,      
laperda01, 1995,     1, OTT , NHL , D  ,  6.0,  0.0,   0.0,   0.0,   4.0, 2.0  ,  0.0,  0.0,  0.0,  0.0,  0.0, 0.0,  12.0,       ,      ,      ,        ,        ,        ,        ,        ,        ,        ,        ,      
laperia01, 1993,     1, STL , NHL , C  ,  1.0,  0.0,   0.0,   0.0,   0.0, 0.0  ,  0.0,  0.0,  0.0,  0.0,  0.0, 0.0,   1.0,       ,      ,      ,        ,        ,        ,        ,        ,        ,        ,        ,      
laperia01, 1994,     1, STL , NHL , C  , 37.0, 13.0,  14.0,  27.0,  85.0, 12.0 ,  1.0,  2.0,  0.0,  0.0,  1.0, 0.0,  53.0,    7.0,   0.0,   4.0,     4.0,    21.0, 3.0    ,     0.0,     0.0,     0.0,     0.0,     0.0,    10.0
laperia01, 1995,     1, STL , NHL , C  , 33.0,  3.0,   6.0,   9.0,  87.0, -4.0 ,  1.0,  0.0,  0.0,  0.0,  1.0, 0.0,  31.0,       ,      ,      ,        ,        ,        ,        ,        ,        ,        ,        ,      
laperia01, 1995,     2, NYR , NHL , C  , 28.0,  1.0,   2.0,   3.0,  53.0, -5.0 ,  0.0,  0.0,  0.0,  0.0,  0.0, 0.0,  21.0,       ,      ,      ,        ,        ,        ,        ,        ,        ,        ,        ,      
laperia01, 1995,     3, LAK , NHL , C  , 10.0,  2.0,   3.0,   5.0,  15.0, -2.0 ,  0.0,  1.0,  0.0,  1.0,  0.0, 1.0,  18.0,       ,      ,      ,        ,        ,        ,        ,        ,        ,        ,        ,      
laperia01, 1996,     1, LAK , NHL , C  , 62.0,  8.0,  15.0,  23.0, 102.0, -25.0,  0.0,  1.0,  1.0,  0.0,  2.0, 0.0,  84.0,       ,      ,      ,        ,        ,        ,        ,        ,        ,        ,        ,      
laperia01, 1997,     1, LAK , NHL , C  , 77.0,  6.0,  15.0,  21.0, 131.0, 0.0  ,  0.0,  2.0,  1.0,  1.0,  1.0, 0.0,  74.0,    4.0,   1.0,   0.0,     1.0,     6.0, 0.0    ,     0.0,     0.0,     0.0,     0.0,     0.0,     6.0
laperia01, 1998,     1, LAK , NHL , C  , 72.0,  3.0,  10.0,  13.0, 138.0, -5.0 ,  0.0,  1.0,  0.0,  1.0,  1.0, 0.0,  62.0,       ,      ,      ,        ,        ,        ,        ,        ,        ,        ,        ,      
laperia01, 1999,     1, LAK , NHL , C  , 79.0,  9.0,  13.0,  22.0, 185.0, -14.0,  0.0,  0.0,  0.0,  1.0,  1.0, 0.0,  87.0,    4.0,   0.0,   0.0,     0.0,     2.0, 0.0    ,     0.0,     0.0,     0.0,     0.0,     0.0,     5.0
laperia01, 2000,     1, LAK , NHL , R  , 79.0,  8.0,  10.0,  18.0, 141.0, 5.0  ,  0.0,  0.0,  0.0,  0.0,  0.0, 0.0,  60.0,   13.0,   1.0,   2.0,     3.0,    12.0, 1.0    ,     0.0,     0.0,     0.0,     0.0,     0.0,    13.0
laperia01, 2001,     1, LAK , NHL , C  , 81.0,  8.0,  14.0,  22.0, 125.0, 5.0  ,  0.0,  0.0,  0.0,  0.0,  3.0, 0.0,  89.0,    7.0,   0.0,   1.0,     1.0,     9.0, -5.0   ,     0.0,     0.0,     0.0,     0.0,     0.0,     5.0
laperia01, 2002,     1, LAK , NHL , R  , 73.0,  7.0,  12.0,  19.0, 122.0, -9.0 ,  1.0,  0.0,  1.0,  4.0,  1.0, 0.0,  85.0,       ,      ,      ,        ,        ,        ,        ,        ,        ,        ,        ,      
laperia01, 2003,     1, LAK , NHL , R  , 62.0, 10.0,  12.0,  22.0,  58.0, -4.0 ,  1.0,  0.0,  0.0,  1.0,  3.0, 0.0,  59.0,       ,      ,      ,        ,        ,        ,        ,        ,        ,        ,        ,      
laperia01, 2005,     1, COL , NHL , C  , 82.0, 21.0,  24.0,  45.0, 116.0, 3.0  ,  1.0,  0.0,  1.0,  1.0,  3.0,    , 133.0,    9.0,   0.0,   1.0,     1.0,    27.0, -6.0   ,     0.0,     0.0,     0.0,     0.0,     0.0,     9.0
laperia01, 2006,     1, COL , NHL , R  , 81.0,  8.0,  21.0,  29.0, 133.0, 5.0  ,  0.0,  0.0,  0.0,  1.0,  0.0,    , 118.0,       ,      ,      ,        ,        ,        ,        ,        ,        ,        ,        ,      
laperia01, 2007,     1, COL , NHL , R  , 70.0,  4.0,  15.0,  19.0, 140.0, -5.0 ,  0.0,  0.0,  0.0,  0.0,  1.0,    ,  68.0,   10.0,   1.0,   1.0,     2.0,    19.0, 0.0    ,     0.0,     0.0,     0.0,     0.0,     0.0,    12.0
laperia01, 2008,     1, COL , NHL , R  , 74.0,  7.0,  12.0,  19.0, 163.0, 0.0  ,  0.0,  0.0,  0.0,  1.0,  0.0,    ,  61.0,       ,      ,      ,        ,        ,        ,        ,        ,        ,        ,        ,      
laperia01, 2009,     1, PHI , NHL , C  , 82.0,  3.0,  17.0,  20.0, 162.0, -1.0 ,  0.0,  0.0,  0.0,  1.0,  0.0,    ,  53.0,   13.0,   0.0,   1.0,     1.0,     6.0, -3.0   ,     0.0,     0.0,     0.0,     0.0,     0.0,     3.0
laperja01, 1962,     1, MTL , NHL , D  ,  6.0,  0.0,   2.0,   2.0,   2.0,      ,     ,     ,     ,     ,     ,    ,      ,    5.0,   0.0,   1.0,     1.0,     4.0,        ,        ,        ,        ,        ,     0.0,      
laperja01, 1963,     1, MTL , NHL , D  , 65.0,  2.0,  28.0,  30.0, 102.0,      ,  1.0,     ,  1.0,     ,  1.0, 0.0,      ,    7.0,   1.0,   1.0,     2.0,     8.0,        ,        ,        ,        ,        ,     0.0,      
laperja01, 1964,     1, MTL , NHL , D  , 67.0,  5.0,  22.0,  27.0,  92.0,      ,  0.0,     ,  0.0,     ,  0.0, 1.0,      ,    6.0,   1.0,   1.0,     2.0,    16.0,        ,        ,        ,        ,        ,     0.0,      
laperja01, 1965,     1, MTL , NHL , D  , 57.0,  6.0,  25.0,  31.0,  85.0,      ,  2.0,     ,  1.0,     ,  2.0, 1.0,      ,       ,      ,      ,        ,        ,        ,        ,        ,        ,        ,        ,      
laperja01, 1966,     1, MTL , NHL , D  , 61.0,  0.0,  20.0,  20.0,  48.0,      ,  0.0,     ,  0.0,     ,  0.0, 0.0,      ,    9.0,   0.0,   1.0,     1.0,     9.0,        ,        ,        ,        ,        ,     0.0,      
laperja01, 1967,     1, MTL , NHL , D  , 72.0,  4.0,  21.0,  25.0,  84.0, 23.0 ,  1.0,     ,  0.0,     ,  0.0, 0.0, 122.0,   13.0,   1.0,   3.0,     4.0,    20.0,        ,     0.0,        ,     0.0,        ,     0.0,      
laperja01, 1968,     1, MTL , NHL , D  , 69.0,  5.0,  26.0,  31.0,  45.0, 37.0 ,  0.0,     ,  0.0,     ,  1.0, 0.0, 166.0,   14.0,   1.0,   3.0,     4.0,    28.0,        ,     1.0,        ,     0.0,        ,     0.0,      
laperja01, 1969,     1, MTL , NHL , D  , 73.0,  6.0,  31.0,  37.0,  98.0, 28.0 ,  2.0,     ,  1.0,     ,  1.0, 0.0, 169.0,       ,      ,      ,        ,        ,        ,        ,        ,        ,        ,        ,      
laperja01, 1970,     1, MTL , NHL , D  , 49.0,  0.0,  16.0,  16.0,  20.0, 24.0 ,  0.0,     ,  0.0,     ,  0.0, 0.0,  65.0,   20.0,   4.0,   9.0,    13.0,    12.0,        ,     1.0,        ,     0.0,        ,     1.0,      
laperja01, 1971,     1, MTL , NHL , D  , 73.0,  3.0,  25.0,  28.0,  50.0, 36.0 ,  2.0,     ,  0.0,     ,  0.0, 0.0,  97.0,    4.0,   0.0,   0.0,     0.0,     2.0,        ,     0.0,        ,     0.0,        ,     0.0,      
laperja01, 1972,     1, MTL , NHL , D  , 57.0,  7.0,  16.0,  23.0,  34.0, 78.0 ,  2.0,     ,  0.0,     ,  0.0, 0.0,  88.0,   10.0,   1.0,   3.0,     4.0,     2.0,        ,     0.0,        ,     0.0,        ,     0.0,      
laperja01, 1973,     1, MTL , NHL , D  , 42.0,  2.0,  10.0,  12.0,  14.0, 15.0 ,  0.0,     ,  1.0,     ,  0.0, 0.0,  60.0,       ,      ,      ,        ,        ,        ,        ,        ,        ,        ,        ,      
lapieca01, 1972,     1, PHB , WHA , D  , 24.0,  5.0,   9.0,  14.0,   2.0,      ,  0.0,     ,  0.0,     ,     ,    ,      ,    4.0,   0.0,   2.0,     2.0,     0.0,        ,     0.0,        ,     0.0,        ,     0.0,      
lapieca01, 1973,     1, VAB , WHA , D  ,  9.0,  0.0,   3.0,   3.0,   0.0,      ,  0.0,     ,  0.0,     ,  0.0,    ,      ,       ,      ,      ,        ,        ,        ,        ,        ,        ,        ,        ,      
lapiema01, 2005,     1, MTL , NHL , C  ,  1.0,  0.0,   0.0,   0.0,   0.0, -1.0 ,  0.0,  0.0,  0.0,  0.0,  0.0,    ,   0.0,       ,      ,      ,        ,        ,        ,        ,        ,        ,        ,        ,      
lapiema01, 2006,     1, MTL , NHL , C  , 46.0,  6.0,   6.0,  12.0,  24.0, -7.0 ,  0.0,  0.0,  1.0,  0.0,  2.0,    ,  82.0,       ,      ,      ,        ,        ,        ,        ,        ,        ,        ,        ,      
lapiema01, 2007,     1, MTL , NHL , C  , 53.0,  7.0,  11.0,  18.0,  60.0, 5.0  ,  0.0,  0.0,  0.0,  1.0,  0.0,    ,  68.0,   12.0,   0.0,   3.0,     3.0,     6.0, -5.0   ,     0.0,     0.0,     0.0,     0.0,     0.0,    19.0
lapiema01, 2008,     1, MTL , NHL , C  , 79.0, 15.0,  13.0,  28.0,  76.0, 9.0  ,  1.0,  0.0,  2.0,  0.0,  2.0,    , 165.0,    4.0,   0.0,   0.0,     0.0,    26.0, -3.0   ,     0.0,     0.0,     0.0,     0.0,     0.0,     9.0
lapiema01, 2009,     1, MTL , NHL , C  , 76.0,  7.0,   7.0,  14.0,  61.0, -14.0,  0.0,  0.0,  0.0,  0.0,  1.0,    , 101.0,   19.0,   3.0,   1.0,     4.0,    20.0, -2.0   ,     0.0,     0.0,     0.0,     0.0,     1.0,    36.0
laplada01, 1997,     1, DET , NHL , C  ,  2.0,  0.0,   0.0,   0.0,   0.0, 0.0  ,  0.0,  0.0,  0.0,  0.0,  0.0, 0.0,   2.0,       ,      ,      ,        ,        ,        ,        ,        ,        ,        ,        ,      
laplada01, 1998,     1, DET , NHL , C  ,  3.0,  0.0,   0.0,   0.0,   0.0, 0.0  ,  0.0,  0.0,  0.0,  0.0,  0.0, 0.0,   0.0,       ,      ,      ,        ,        ,        ,        ,        ,        ,        ,        ,      
laplada01, 1999,     1, DET , NHL , C  , 30.0,  0.0,   6.0,   6.0,  10.0, -2.0 ,  0.0,  0.0,  0.0,  0.0,  0.0, 0.0,  19.0,       ,      ,      ,        ,        ,        ,        ,        ,        ,        ,        ,      
lapoicl01, 1990,     1, QUE , NHL , C  , 13.0,  2.0,   2.0,   4.0,   4.0, 3.0  ,  0.0,  0.0,  0.0,  0.0,  0.0, 0.0,   7.0,       ,      ,      ,        ,        ,        ,        ,        ,        ,        ,        ,      
lapoicl01, 1991,     1, QUE , NHL , C  , 78.0, 13.0,  20.0,  33.0,  86.0, -8.0 ,  0.0,  1.0,  2.0,  1.0,  2.0, 0.0,  95.0,       ,      ,      ,        ,        ,        ,        ,        ,        ,        ,        ,      
lapoicl01, 1992,     1, QUE , NHL , C  , 74.0, 10.0,  26.0,  36.0,  98.0, 5.0  ,  0.0,  1.0,  0.0,  0.0,  1.0, 0.0,  91.0,    6.0,   2.0,   4.0,     6.0,     8.0, 4.0    ,     0.0,     1.0,     0.0,     0.0,     0.0,     9.0
lapoicl01, 1993,     1, QUE , NHL , L  , 59.0, 11.0,  17.0,  28.0,  70.0, 2.0  ,  1.0,  0.0,  1.0,  0.0,  1.0, 0.0,  73.0,       ,      ,      ,        ,        ,        ,        ,        ,        ,        ,        ,      
lapoicl01, 1994,     1, QUE , NHL , C  , 29.0,  4.0,   8.0,  12.0,  41.0, 5.0  ,  0.0,  0.0,  0.0,  1.0,  0.0, 0.0,  40.0,    5.0,   0.0,   0.0,     0.0,     8.0, -1.0   ,     0.0,     0.0,     0.0,     0.0,     0.0,     0.0
lapoicl01, 1995,     1, COL , NHL , C  ,  3.0,  0.0,   0.0,   0.0,   0.0, -1.0 ,  0.0,  0.0,  0.0,  0.0,  0.0, 0.0,   0.0,       ,      ,      ,        ,        ,        ,        ,        ,        ,        ,        ,      
lapoicl01, 1995,     2, CAL , NHL , C  , 32.0,  4.0,   5.0,   9.0,  20.0, 2.0  ,  0.0,  0.0,  2.0,  0.0,  1.0, 0.0,  44.0,    2.0,   0.0,   0.0,     0.0,     0.0, -2.0   ,     0.0,     0.0,     0.0,     0.0,     0.0,     3.0
lapoicl01, 1996,     1, NYI , NHL , C  , 73.0, 13.0,   5.0,  18.0,  49.0, -12.0,  0.0,  0.0,  3.0,  0.0,  3.0, 1.0,  80.0,       ,      ,      ,        ,        ,        ,        ,        ,        ,        ,        ,      
lapoicl01, 1997,     1, NYI , NHL , C  , 78.0, 10.0,  10.0,  20.0,  47.0, -9.0 ,  0.0,  0.0,  1.0,  1.0,  3.0, 0.0,  82.0,       ,      ,      ,        ,        ,        ,        ,        ,        ,        ,        ,      
lapoicl01, 1998,     1, NYI , NHL , C  , 82.0, 14.0,  23.0,  37.0,  62.0, -19.0,  2.0,  2.0,  2.0,  2.0,  1.0, 0.0, 134.0,       ,      ,      ,        ,        ,        ,        ,        ,        ,        ,        ,      
lapoicl01, 1999,     1, NYI , NHL , C  , 76.0, 15.0,  16.0,  31.0,  60.0, -22.0,  2.0,  5.0,  1.0,  0.0,  3.0, 0.0, 129.0,       ,      ,      ,        ,        ,        ,        ,        ,        ,        ,        ,      
lapoicl01, 2000,     1, NYI , NHL , L  , 80.0,  9.0,  23.0,  32.0,  56.0, -2.0 ,  1.0,  4.0,  1.0,  3.0,  1.0, 1.0,  94.0,       ,      ,      ,        ,        ,        ,        ,        ,        ,        ,        ,      
lapoicl01, 2001,     1, NYI , NHL , C  , 80.0,  9.0,  12.0,  21.0,  60.0, -9.0 ,  0.0,  0.0,  3.0,  2.0,  0.0, 0.0,  74.0,    7.0,   0.0,   0.0,     0.0,    14.0, -2.0   ,     0.0,     0.0,     0.0,     0.0,     0.0,     4.0
lapoicl01, 2002,     1, NYI , NHL , C  , 66.0,  6.0,   6.0,  12.0,  20.0, -3.0 ,  0.0,  0.0,  0.0,  0.0,  1.0, 0.0,  67.0,       ,      ,      ,        ,        ,        ,        ,        ,        ,        ,        ,      
lapoicl01, 2002,     2, PHI , NHL , C  , 14.0,  2.0,   2.0,   4.0,  16.0, 5.0  ,  0.0,  0.0,  0.0,  0.0,  0.0, 0.0,  20.0,   13.0,   2.0,   3.0,     5.0,    14.0, 0.0    ,     0.0,     0.0,     0.0,     0.0,     0.0,     9.0
lapoicl01, 2003,     1, PHI , NHL , C  , 42.0,  5.0,   3.0,   8.0,  32.0, 2.0  ,  0.0,  0.0,  1.0,  0.0,  1.0, 0.0,  26.0,    1.0,   0.0,   0.0,     0.0,     0.0, 0.0    ,     0.0,     0.0,     0.0,     0.0,     0.0,     2.0
lapoigu01, 1968,     1, MTL , NHL , D  ,  1.0,  0.0,   0.0,   0.0,   2.0, 0.0  ,  0.0,     ,  0.0,     ,  0.0, 0.0,   0.0,       ,      ,      ,        ,        ,        ,        ,        ,        ,        ,        ,      
lapoigu01, 1969,     1, MTL , NHL , D  ,  5.0,  0.0,   0.0,   0.0,   4.0, 0.0  ,  0.0,     ,  0.0,     ,  0.0, 0.0,   0.0,       ,      ,      ,        ,        ,        ,        ,        ,        ,        ,        ,      
lapoigu01, 1970,     1, MTL , NHL , D  , 78.0, 15.0,  29.0,  44.0, 107.0, 28.0 ,  5.0,     ,  0.0,     ,  1.0, 0.0, 228.0,   20.0,   4.0,   5.0,     9.0,    34.0,        ,     1.0,        ,     0.0,        ,     2.0,      
lapoigu01, 1971,     1, MTL , NHL , D  , 69.0, 11.0,  38.0,  49.0,  58.0, 15.0 ,  4.0,     ,  0.0,     ,  4.0, 0.0, 227.0,    6.0,   0.0,   1.0,     1.0,     0.0,        ,     0.0,        ,     0.0,        ,     0.0,      
lapoigu01, 1972,     1, MTL , NHL , D  , 76.0, 19.0,  35.0,  54.0, 117.0, 51.0 ,  3.0,     ,  0.0,     ,  2.0, 0.0, 196.0,   17.0,   6.0,   7.0,    13.0,    20.0,        ,     2.0,        ,     0.0,        ,     1.0,      
lapoigu01, 1973,     1, MTL , NHL , D  , 71.0, 13.0,  40.0,  53.0,  63.0, 12.0 ,  5.0,     ,  1.0,     ,  2.0, 0.0, 205.0,    6.0,   0.0,   2.0,     2.0,     4.0,        ,     0.0,        ,     0.0,        ,     0.0,      
lapoigu01, 1974,     1, MTL , NHL , D  , 80.0, 28.0,  47.0,  75.0,  88.0, 46.0 , 11.0,     ,  1.0,     ,  0.0, 0.0, 219.0,   11.0,   6.0,   4.0,    10.0,     4.0,        ,     3.0,        ,     1.0,        ,     0.0,      
lapoigu01, 1975,     1, MTL , NHL , D  , 77.0, 21.0,  47.0,  68.0,  78.0, 64.0 ,  8.0,     ,  1.0,     ,  1.0, 2.0, 317.0,   13.0,   3.0,   3.0,     6.0,    12.0,        ,     1.0,        ,     0.0,        ,     1.0,      
lapoigu01, 1976,     1, MTL , NHL , D  , 77.0, 25.0,  51.0,  76.0,  53.0, 69.0 , 10.0,     ,  0.0,     ,  6.0, 1.0, 289.0,   12.0,   3.0,   9.0,    12.0,     4.0,        ,     1.0,        ,     0.0,        ,     0.0,      
lapoigu01, 1977,     1, MTL , NHL , D  , 49.0, 13.0,  29.0,  42.0,  19.0, 46.0 ,  4.0,     ,  0.0,     ,  2.0, 0.0, 148.0,   14.0,   1.0,   6.0,     7.0,    16.0,        ,     1.0,        ,     0.0,        ,     0.0,      
lapoigu01, 1978,     1, MTL , NHL , D  , 69.0, 13.0,  42.0,  55.0,  43.0, 27.0 ,  6.0,     ,  0.0,     ,  1.0, 0.0, 209.0,   10.0,   2.0,   6.0,     8.0,    10.0,        ,     1.0,        ,     0.0,        ,     0.0,      
lapoigu01, 1979,     1, MTL , NHL , D  , 45.0,  6.0,  20.0,  26.0,  29.0, -2.0 ,  0.0,     ,  0.0,     ,  0.0, 1.0, 124.0,    2.0,   0.0,   0.0,     0.0,     0.0,        ,     0.0,        ,     0.0,        ,     0.0,      
lapoigu01, 1980,     1, MTL , NHL , D  , 33.0,  1.0,   9.0,  10.0,  79.0, -6.0 ,  1.0,     ,  0.0,     ,  1.0, 0.0,  47.0,    1.0,   0.0,   0.0,     0.0,    17.0,        ,     0.0,        ,     0.0,        ,     0.0,      
lapoigu01, 1981,     1, MTL , NHL , D  , 47.0,  1.0,  19.0,  20.0,  72.0, -3.0 ,  0.0,     ,  0.0,     ,  0.0, 0.0,  97.0,       ,      ,      ,        ,        ,        ,        ,        ,        ,        ,        ,      
lapoigu01, 1981,     2, STL , NHL , D  ,  8.0,  0.0,   6.0,   6.0,   4.0, -3.0 ,  0.0,     ,  0.0,     ,  0.0, 0.0,  15.0,    7.0,   1.0,   0.0,     1.0,     8.0,        ,     1.0,        ,     0.0,        ,     1.0,      
lapoigu01, 1982,     1, STL , NHL , D  , 54.0,  3.0,  23.0,  26.0,  43.0, -12.0,  1.0,     ,  1.0,     ,  1.0, 0.0, 106.0,    4.0,   0.0,   1.0,     1.0,     9.0,        ,     0.0,        ,     0.0,        ,     0.0,      
lapoigu01, 1983,     1, BOS , NHL , D  , 45.0,  2.0,  16.0,  18.0,  34.0, -3.0 ,  1.0,     ,  0.0,     ,  1.0, 0.0,  57.0,       ,      ,      ,        ,        ,        ,        ,        ,        ,        ,        ,      
lapoima01, 1991,     1, DET , NHL , R  ,  4.0,  0.0,   1.0,   1.0,   5.0, 2.0  ,  0.0,  0.0,  0.0,  0.0,  0.0, 0.0,   2.0,    3.0,   0.0,   1.0,     1.0,     4.0, 0.0    ,     0.0,     0.0,     0.0,     0.0,     0.0,     4.0
lapoima01, 1992,     1, DET , NHL , R  ,  3.0,  0.0,   0.0,   0.0,   0.0, -2.0 ,  0.0,  0.0,  0.0,  0.0,  0.0, 0.0,   2.0,       ,      ,      ,        ,        ,        ,        ,        ,        ,        ,        ,      
lapoima01, 1993,     1, DET , NHL , R  , 50.0,  8.0,   8.0,  16.0,  55.0, 7.0  ,  2.0,  0.0,  0.0,  0.0,  0.0, 0.0,  45.0,    4.0,   0.0,   0.0,     0.0,     6.0, 0.0    ,     0.0,     0.0,     0.0,     0.0,     0.0,     2.0
lapoima01, 1994,     1, DET , NHL , R  , 39.0,  4.0,   6.0,  10.0,  73.0, 1.0  ,  0.0,  0.0,  0.0,  0.0,  1.0, 0.0,  46.0,    2.0,   0.0,   1.0,     1.0,     8.0, 1.0    ,     0.0,     0.0,     0.0,     0.0,     0.0,     0.0
lapoima01, 1995,     1, DET , NHL , R  , 58.0,  6.0,   3.0,   9.0,  93.0, 0.0  ,  1.0,  0.0,  0.0,  0.0,  0.0, 0.0,  76.0,   11.0,   1.0,   2.0,     3.0,    12.0, 2.0    ,     0.0,     0.0,     0.0,     0.0,     0.0,    15.0
lapoima01, 1996,     1, DET , NHL , R  , 78.0, 16.0,  17.0,  33.0, 167.0, -14.0,  5.0,  5.0,  1.0,  0.0,  1.0, 0.0, 149.0,   20.0,   4.0,   8.0,    12.0,    60.0, 8.0    ,     1.0,     2.0,     0.0,     0.0,     1.0,    29.0
lapoima01, 1997,     1, DET , NHL , R  , 79.0, 15.0,  19.0,  34.0, 106.0, 0.0  ,  4.0,  4.0,  0.0,  0.0,  3.0, 2.0, 154.0,   21.0,   9.0,   6.0,    15.0,    20.0, 6.0    ,     2.0,     1.0,     1.0,     0.0,     1.0,    55.0
lapoima01, 1998,     1, DET , NHL , R  , 77.0, 16.0,  13.0,  29.0, 141.0, 7.0  ,  7.0,  1.0,  1.0,  0.0,  4.0, 0.0, 153.0,   10.0,   0.0,   2.0,     2.0,    20.0, 0.0    ,     0.0,     0.0,     0.0,     0.0,     0.0,    14.0
lapoima01, 1999,     1, DET , NHL , R  , 82.0, 16.0,  25.0,  41.0, 121.0, 17.0 ,  1.0,  8.0,  1.0,  0.0,  2.0, 1.0, 127.0,    9.0,   3.0,   1.0,     4.0,    20.0, -1.0   ,     2.0,     1.0,     0.0,     0.0,     1.0,    12.0
lapoima01, 2000,     1, DET , NHL , R  , 82.0, 27.0,  30.0,  57.0, 127.0, 3.0  , 13.0, 10.0,  0.0,  1.0,  8.0, 0.0, 181.0,    6.0,   0.0,   1.0,     1.0,     8.0, -4.0   ,     0.0,     1.0,     0.0,     0.0,     0.0,     9.0
lapoima01, 2001,     1, BOS , NHL , R  , 68.0, 17.0,  23.0,  40.0, 101.0, 12.0 ,  4.0,  4.0,  0.0,  0.0,  2.0, 1.0, 141.0,    6.0,   1.0,   2.0,     3.0,    12.0, -2.0   ,     1.0,     1.0,     0.0,     0.0,     1.0,    11.0
lapoima01, 2002,     1, BOS , NHL , R  , 59.0,  8.0,  10.0,  18.0,  87.0, -19.0,  1.0,  2.0,  0.0,  0.0,  1.0, 0.0, 110.0,    5.0,   1.0,   0.0,     1.0,    14.0, -2.0   ,     0.0,     0.0,     0.0,     0.0,     0.0,     6.0
lapoima01, 2003,     1, BOS , NHL , R  , 78.0, 15.0,  10.0,  25.0,  67.0, -5.0 ,  9.0,  3.0,  0.0,  0.0,  2.0, 0.0, 136.0,    7.0,   0.0,   0.0,     0.0,    14.0, -2.0   ,     0.0,     0.0,     0.0,     0.0,     0.0,     7.0
lapoima01, 2005,     1, CHI , NHL , R  , 82.0, 14.0,  17.0,  31.0, 106.0, -30.0,  6.0,  4.0,  0.0,  0.0,  3.0,    , 135.0,       ,      ,      ,        ,        ,        ,        ,        ,        ,        ,        ,      
lapoima01, 2006,     1, CHI , NHL , R  , 82.0, 13.0,  11.0,  24.0,  98.0, -14.0,  5.0,  1.0,  1.0,  0.0,  2.0,    , 102.0,       ,      ,      ,        ,        ,        ,        ,        ,        ,        ,        ,      
lapoima01, 2007,     1, CHI , NHL , R  , 52.0,  3.0,   4.0,   7.0,  47.0, -3.0 ,  0.0,  1.0,  0.0,  0.0,  0.0,    ,  39.0,       ,      ,      ,        ,        ,        ,        ,        ,        ,        ,        ,      
lapoima01, 2007,     2, OTT , NHL , R  , 18.0,  3.0,   3.0,   6.0,  23.0, -2.0 ,  1.0,  0.0,  0.0,  0.0,  0.0,    ,  24.0,    4.0,   0.0,   0.0,     0.0,     4.0, -1.0   ,     0.0,     0.0,     0.0,     0.0,     0.0,     6.0
lapoino01, 1975,     1, CIN , WHA , G  , 12.0,  0.0,   0.0,   0.0,   2.0, 0.0  ,  0.0,     ,  0.0,     ,  0.0,    ,   0.0,       ,      ,      ,        ,        ,        ,        ,        ,        ,        ,        ,      
lapoino01, 1976,     1, CIN , WHA , G  , 52.0,  0.0,   0.0,   0.0,   2.0, 0.0  ,  0.0,     ,  0.0,     ,  0.0,    ,   0.0,    4.0,   0.0,   0.0,     0.0,     0.0, 0.0    ,     0.0,        ,     0.0,        ,     0.0,      
lapoino01, 1977,     1, CIN , WHA , G  , 13.0,  0.0,   1.0,   1.0,   4.0, 0.0  ,  0.0,     ,  0.0,     ,     ,    ,   0.0,       ,      ,      ,        ,        ,        ,        ,        ,        ,        ,        ,      
lapoiri01, 1975,     1, DET , NHL , D  , 80.0, 10.0,  23.0,  33.0,  95.0, -3.0 ,  2.0,     ,  0.0,     ,  0.0, 1.0, 106.0,       ,      ,      ,        ,        ,        ,        ,        ,        ,        ,        ,      
lapoiri01, 1976,     1, DET , NHL , D  , 49.0,  2.0,  11.0,  13.0,  80.0, -17.0,  1.0,     ,  0.0,     ,  0.0, 1.0,  59.0,       ,      ,      ,        ,        ,        ,        ,        ,        ,        ,        ,      
lapoiri01, 1976,     2, PHI , NHL , D  , 22.0,  1.0,   8.0,   9.0,  39.0, 20.0 ,  0.0,     ,  0.0,     ,  1.0, 0.0,  27.0,   10.0,   0.0,   0.0,     0.0,     7.0,        ,     0.0,        ,     0.0,        ,     0.0,      
lapoiri01, 1977,     1, PHI , NHL , D  , 47.0,  4.0,  16.0,  20.0,  91.0, 35.0 ,  1.0,     ,  0.0,     ,  0.0, 0.0,  56.0,   12.0,   0.0,   3.0,     3.0,    19.0,        ,     0.0,        ,     0.0,        ,     0.0,      
lapoiri01, 1978,     1, PHI , NHL , D  , 77.0,  3.0,  18.0,  21.0,  53.0, 15.0 ,  1.0,     ,  1.0,     ,  0.0, 0.0,  75.0,    7.0,   0.0,   1.0,     1.0,    14.0,        ,     0.0,        ,     0.0,        ,     0.0,      
lapoiri01, 1979,     1, STL , NHL , D  , 80.0,  6.0,  19.0,  25.0,  87.0, -24.0,  0.0,     ,  0.0,     ,  1.0, 1.0, 113.0,    3.0,   0.0,   1.0,     1.0,     6.0,        ,     0.0,        ,     0.0,        ,     0.0,      
lapoiri01, 1980,     1, STL , NHL , D  , 80.0,  8.0,  25.0,  33.0, 124.0, 36.0 ,  0.0,     ,  0.0,     ,  3.0, 0.0,  84.0,    8.0,   2.0,   2.0,     4.0,    12.0,        ,     0.0,        ,     0.0,        ,     0.0,      
lapoiri01, 1981,     1, STL , NHL , D  , 71.0,  2.0,  20.0,  22.0, 127.0, -6.0 ,  0.0,     ,  0.0,     ,  0.0, 0.0,  91.0,    3.0,   0.0,   0.0,     0.0,     6.0,        ,     0.0,        ,     0.0,        ,     0.0,      
lapoiri01, 1982,     1, QUE , NHL , D  , 43.0,  2.0,   9.0,  11.0,  59.0, 14.0 ,  0.0,     ,  0.0,     ,  0.0, 0.0,  48.0,       ,      ,      ,        ,        ,        ,        ,        ,        ,        ,        ,      
lapoiri01, 1983,     1, QUE , NHL , D  , 22.0,  2.0,  10.0,  12.0,  12.0, 9.0  ,  0.0,     ,  0.0,     ,  0.0, 0.0,  24.0,    3.0,   0.0,   0.0,     0.0,     0.0, 0.0    ,     0.0,        ,     0.0,        ,     0.0,     4.0
lapoiri01, 1984,     1, LAK , NHL , D  , 73.0,  4.0,  13.0,  17.0,  46.0, -10.0,  0.0,     ,  0.0,     ,  1.0, 0.0,  69.0,       ,      ,      ,        ,        ,        ,        ,        ,        ,        ,        ,      
lapoiri01, 1985,     1, LAK , NHL , D  , 20.0,  0.0,   4.0,   4.0,  18.0, -13.0,  0.0,     ,  0.0,     ,  0.0, 0.0,   7.0,       ,      ,      ,        ,        ,        ,        ,        ,        ,        ,        ,      
lappare01, 1978,     1, FIN , WHA ,    ,  1.0,  0.0,   0.0,   0.0,   0.0,      ,  0.0,     ,  0.0,     ,  0.0,    ,      ,       ,      ,      ,        ,        ,        ,        ,        ,        ,        ,        ,      
lappipe01, 1989,     1, MNS , NHL , R  ,  6.0,  0.0,   0.0,   0.0,   2.0, -5.0 ,  0.0,  0.0,  0.0,  0.0,  0.0, 0.0,   8.0,       ,      ,      ,        ,        ,        ,        ,        ,        ,        ,        ,      
lappipe01, 1991,     1, SJS , NHL , R  ,  1.0,  0.0,   0.0,   0.0,   0.0, 0.0  ,  0.0,  0.0,  0.0,  0.0,  0.0, 0.0,   2.0,       ,      ,      ,        ,        ,        ,        ,        ,        ,        ,        ,      
laprabe01, 1936,     1, CHI , NHL , D  ,  7.0,  0.0,   0.0,   0.0,   0.0,      ,     ,     ,     ,     ,     ,    ,      ,       ,      ,      ,        ,        ,        ,        ,        ,        ,        ,        ,      
lapraed01, 1945,     1, NYR , NHL , C  , 49.0, 15.0,  19.0,  34.0,   0.0,      ,     ,     ,     ,     ,     ,    ,      ,       ,      ,      ,        ,        ,        ,        ,        ,        ,        ,        ,      
lapraed01, 1946,     1, NYR , NHL , C  , 58.0, 15.0,  25.0,  40.0,   9.0,      ,     ,     ,     ,     ,     ,    ,      ,       ,      ,      ,        ,        ,        ,        ,        ,        ,        ,        ,      
lapraed01, 1947,     1, NYR , NHL , C  , 59.0, 13.0,  34.0,  47.0,   7.0,      ,     ,     ,     ,     ,     ,    ,      ,    6.0,   1.0,   4.0,     5.0,     0.0,        ,        ,        ,        ,        ,        ,      
lapraed01, 1948,     1, NYR , NHL , C  , 56.0, 18.0,  12.0,  30.0,  12.0,      ,     ,     ,     ,     ,     ,    ,      ,       ,      ,      ,        ,        ,        ,        ,        ,        ,        ,        ,      
lapraed01, 1949,     1, NYR , NHL , C  , 60.0, 22.0,  22.0,  44.0,   2.0,      ,     ,     ,     ,     ,     ,    ,      ,   12.0,   3.0,   5.0,     8.0,     4.0,        ,        ,        ,        ,        ,        ,      
lapraed01, 1950,     1, NYR , NHL , C  , 42.0, 10.0,  13.0,  23.0,   0.0,      ,     ,     ,     ,     ,     ,    ,      ,       ,      ,      ,        ,        ,        ,        ,        ,        ,        ,        ,      
lapraed01, 1951,     1, NYR , NHL , C  , 70.0,  9.0,  29.0,  38.0,   8.0,      ,     ,     ,     ,     ,     ,    ,      ,       ,      ,      ,        ,        ,        ,        ,        ,        ,        ,        ,      
lapraed01, 1952,     1, NYR , NHL , C  , 11.0,  2.0,   1.0,   3.0,   2.0,      ,     ,     ,     ,     ,     ,    ,      ,       ,      ,      ,        ,        ,        ,        ,        ,        ,        ,        ,      
lapraed01, 1953,     1, NYR , NHL , C  , 35.0,  1.0,   6.0,   7.0,   2.0,      ,     ,     ,     ,     ,     ,    ,      ,       ,      ,      ,        ,        ,        ,        ,        ,        ,        ,        ,      
lapraed01, 1954,     1, NYR , NHL , C  , 60.0,  3.0,  11.0,  14.0,   0.0,      ,     ,     ,     ,     ,     ,    ,      ,       ,      ,      ,        ,        ,        ,        ,        ,        ,        ,        ,      
laraqge01, 1997,     1, EDM , NHL , R  , 11.0,  0.0,   0.0,   0.0,  59.0, -4.0 ,  0.0,  0.0,  0.0,  0.0,  0.0, 0.0,   4.0,       ,      ,      ,        ,        ,        ,        ,        ,        ,        ,        ,      
laraqge01, 1998,     1, EDM , NHL , R  , 39.0,  3.0,   2.0,   5.0,  57.0, -1.0 ,  0.0,  0.0,  0.0,  0.0,  0.0, 0.0,  17.0,    4.0,   0.0,   0.0,     0.0,     2.0, -2.0   ,     0.0,     0.0,     0.0,     0.0,     0.0,     1.0
laraqge01, 1999,     1, EDM , NHL , R  , 76.0,  8.0,   8.0,  16.0, 123.0, 5.0  ,  0.0,  0.0,  0.0,  0.0,  0.0, 0.0,  56.0,    5.0,   0.0,   1.0,     1.0,     6.0, -1.0   ,     0.0,     0.0,     0.0,     0.0,     0.0,     5.0
laraqge01, 2000,     1, EDM , NHL , R  , 82.0, 13.0,  16.0,  29.0, 148.0, 5.0  ,  1.0,  2.0,  0.0,  0.0,  1.0, 1.0,  73.0,    6.0,   1.0,   1.0,     2.0,     8.0, 2.0    ,     0.0,     0.0,     0.0,     0.0,     0.0,     5.0
laraqge01, 2001,     1, EDM , NHL , R  , 80.0,  5.0,  14.0,  19.0, 157.0, 6.0  ,  1.0,  0.0,  0.0,  0.0,  1.0, 0.0,  95.0,       ,      ,      ,        ,        ,        ,        ,        ,        ,        ,        ,      
laraqge01, 2002,     1, EDM , NHL , R  , 64.0,  6.0,   7.0,  13.0, 110.0, -4.0 ,  0.0,  0.0,  0.0,  0.0,  2.0, 0.0,  46.0,    6.0,   1.0,   3.0,     4.0,     4.0, 2.0    ,     0.0,     0.0,     0.0,     0.0,     0.0,     8.0
laraqge01, 2003,     1, EDM , NHL , R  , 66.0,  6.0,  11.0,  17.0,  99.0, 7.0  ,  1.0,  2.0,  0.0,  0.0,  1.0, 0.0,  54.0,       ,      ,      ,        ,        ,        ,        ,        ,        ,        ,        ,      
laraqge01, 2005,     1, EDM , NHL , R  , 72.0,  2.0,  10.0,  12.0,  73.0, -5.0 ,  0.0,  0.0,  0.0,  0.0,  0.0,    ,  50.0,   15.0,   1.0,   1.0,     2.0,    44.0, 2.0    ,     0.0,     0.0,     0.0,     0.0,     0.0,     6.0
laraqge01, 2006,     1, PHO , NHL , R  , 56.0,  5.0,  17.0,  22.0,  52.0, 7.0  ,  1.0,  2.0,  0.0,  0.0,  0.0,    ,  34.0,       ,      ,      ,        ,        ,        ,        ,        ,        ,        ,        ,      
laraqge01, 2006,     2, PIT , NHL , R  , 17.0,  0.0,   2.0,   2.0,  18.0, -3.0 ,  0.0,  0.0,  0.0,  0.0,  0.0,    ,  10.0,    2.0,   0.0,   0.0,     0.0,     0.0, -1.0   ,     0.0,     0.0,     0.0,     0.0,     0.0,     0.0
laraqge01, 2007,     1, PIT , NHL , R  , 71.0,  4.0,   9.0,  13.0, 141.0, 0.0  ,  0.0,  0.0,  0.0,  0.0,  2.0,    ,  29.0,   15.0,   1.0,   2.0,     3.0,     4.0, -1.0   ,     0.0,     0.0,     0.0,     0.0,     0.0,     4.0
laraqge01, 2008,     1, MTL , NHL , R  , 33.0,  0.0,   2.0,   2.0,  61.0, -6.0 ,  0.0,  0.0,  0.0,  0.0,  0.0,    ,  15.0,    4.0,   0.0,   0.0,     0.0,     4.0, -1.0   ,     0.0,     0.0,     0.0,     0.0,     0.0,     5.0
laraqge01, 2009,     1, MTL , NHL , R  , 28.0,  1.0,   2.0,   3.0,  28.0, -6.0 ,  0.0,  0.0,  0.0,  0.0,  0.0,    ,   2.0,       ,      ,      ,        ,        ,        ,        ,        ,        ,        ,        ,      
larioig01, 1989,     1, VAN , NHL , C  , 74.0, 17.0,  27.0,  44.0,  20.0, -5.0 ,  8.0,  6.0,  0.0,  1.0,  2.0, 1.0, 118.0,       ,      ,      ,        ,        ,        ,        ,        ,        ,        ,        ,      
larioig01, 1990,     1, VAN , NHL , C  , 64.0, 13.0,  21.0,  34.0,  14.0, -3.0 ,  1.0,  3.0,  1.0,  1.0,  0.0, 0.0,  66.0,    6.0,   1.0,   0.0,     1.0,     6.0, -5.0   ,     0.0,     0.0,     0.0,     0.0,     0.0,     8.0
larioig01, 1991,     1, VAN , NHL , C  , 72.0, 21.0,  44.0,  65.0,  54.0, 7.0  , 10.0, 11.0,  3.0,  3.0,  4.0, 0.0,  97.0,   13.0,   3.0,   7.0,    10.0,     4.0, 1.0    ,     1.0,     1.0,     0.0,     0.0,     0.0,    12.0
larioig01, 1993,     1, SJS , NHL , C  , 60.0, 18.0,  38.0,  56.0,  40.0, 20.0 ,  3.0, 13.0,  2.0,  0.0,  2.0, 1.0,  72.0,   14.0,   5.0,  13.0,    18.0,    10.0, -1.0   ,     0.0,     4.0,     0.0,     1.0,     0.0,    27.0
larioig01, 1994,     1, SJS , NHL , C  , 33.0,  4.0,  20.0,  24.0,  14.0, -3.0 ,  0.0,  2.0,  0.0,  2.0,  1.0, 0.0,  69.0,   11.0,   1.0,   8.0,     9.0,     2.0, -4.0   ,     0.0,     2.0,     0.0,     0.0,     0.0,    19.0
larioig01, 1995,     1, SJS , NHL , C  ,  4.0,  1.0,   1.0,   2.0,   0.0, -6.0 ,  1.0,  0.0,  0.0,  0.0,  0.0, 0.0,   5.0,       ,      ,      ,        ,        ,        ,        ,        ,        ,        ,        ,      
larioig01, 1995,     2, DET , NHL , C  , 69.0, 21.0,  50.0,  71.0,  34.0, 37.0 ,  9.0, 16.0,  1.0,  2.0,  5.0, 0.0, 108.0,   19.0,   6.0,   7.0,    13.0,     6.0, 5.0    ,     3.0,     1.0,     0.0,     2.0,     2.0,    46.0
larioig01, 1996,     1, DET , NHL , C  , 64.0, 12.0,  42.0,  54.0,  26.0, 31.0 ,  2.0, 15.0,  1.0,  1.0,  4.0, 0.0,  95.0,   20.0,   4.0,   8.0,    12.0,     8.0, 8.0    ,     3.0,     4.0,     0.0,     0.0,     1.0,    29.0
larioig01, 1997,     1, DET , NHL , C  , 69.0,  8.0,  39.0,  47.0,  40.0, 14.0 ,  3.0, 13.0,  0.0,  1.0,  2.0, 1.0,  93.0,   22.0,   3.0,  10.0,    13.0,    12.0, 5.0    ,     0.0,     4.0,     0.0,     0.0,     0.0,    27.0
larioig01, 1998,     1, DET , NHL , C  , 75.0, 14.0,  49.0,  63.0,  48.0, 13.0 ,  4.0, 18.0,  2.0,  2.0,  2.0, 1.0,  83.0,    7.0,   0.0,   2.0,     2.0,     0.0, -1.0   ,     0.0,     0.0,     0.0,     0.0,     0.0,     3.0
larioig01, 1999,     1, DET , NHL , C  , 79.0,  9.0,  38.0,  47.0,  28.0, 13.0 ,  3.0, 12.0,  0.0,  0.0,  4.0, 0.0,  69.0,    9.0,   1.0,   2.0,     3.0,     6.0, -2.0   ,     1.0,     1.0,     0.0,     1.0,     0.0,     5.0
larioig01, 2000,     1, FLO , NHL , C  , 26.0,  5.0,   6.0,  11.0,  10.0, -11.0,  2.0,  3.0,  0.0,  0.0,  0.0, 0.0,  15.0,       ,      ,      ,        ,        ,        ,        ,        ,        ,        ,        ,      
larioig01, 2000,     2, DET , NHL , C  , 39.0,  4.0,  25.0,  29.0,  28.0, 6.0  ,  2.0,  9.0,  0.0,  0.0,  1.0, 0.0,  31.0,    6.0,   1.0,   3.0,     4.0,     2.0, -2.0   ,     1.0,     1.0,     0.0,     0.0,     0.0,     7.0
larioig01, 2001,     1, DET , NHL , C  , 70.0, 11.0,  32.0,  43.0,  50.0, -5.0 ,  4.0, 17.0,  0.0,  0.0,  1.0, 0.0,  50.0,   18.0,   5.0,   6.0,    11.0,     4.0, 5.0    ,     0.0,     2.0,     0.0,     0.0,     1.0,    24.0
larioig01, 2002,     1, DET , NHL , C  , 74.0, 10.0,  33.0,  43.0,  48.0, -7.0 ,  5.0, 22.0,  0.0,  0.0,  3.0, 0.0,  50.0,    4.0,   0.0,   1.0,     1.0,     0.0, 1.0    ,     0.0,     1.0,     0.0,     0.0,     0.0,     6.0
larioig01, 2003,     1, NJD , NHL , C  , 49.0,  1.0,  10.0,  11.0,  20.0, 3.0  ,  0.0,  5.0,  0.0,  0.0,  0.0, 0.0,  25.0,    1.0,   0.0,   0.0,     0.0,     0.0, -1.0   ,     0.0,     0.0,     0.0,     0.0,     0.0,     0.0
larivga01, 1974,     1, PHR , WHA , D  ,  4.0,  0.0,   1.0,   1.0,  28.0,      ,  0.0,     ,  0.0,     ,  0.0,    ,  14.0,    1.0,   0.0,   0.0,     0.0,     0.0,        ,     0.0,        ,     0.0,        ,     0.0,      
larivga01, 1975,     1, PHR , WHA , D  , 79.0,  7.0,  17.0,  24.0, 100.0, 15.0 ,  1.0,     ,  0.0,     ,  0.0,    , 102.0,    5.0,   0.0,   2.0,     2.0,     2.0, 7.0    ,        ,        ,        ,        ,        ,      
larivga01, 1976,     1, PHR , WHA , D  , 61.0,  7.0,  23.0,  30.0,  48.0, -19.0,  3.0,     ,  0.0,     ,     ,    , 107.0,       ,      ,      ,        ,        ,        ,        ,        ,        ,        ,        ,      
larivga01, 1976,     2, QUN , WHA , D  , 15.0,  0.0,   3.0,   3.0,   8.0, 7.0  ,  0.0,     ,  0.0,     ,  0.0,    ,  18.0,   17.0,   0.0,  10.0,    10.0,    10.0, 13.0   ,     0.0,        ,     0.0,        ,     0.0,      
larivga01, 1977,     1, QUN , WHA , D  , 80.0,  7.0,  49.0,  56.0,  78.0, 3.0  ,  2.0,     ,  0.0,     ,     ,    , 149.0,   11.0,   3.0,   2.0,     5.0,     4.0, -7.0   ,        ,        ,        ,        ,     0.0,      
larivga01, 1978,     1, QUN , WHA , D  , 50.0,  5.0,  33.0,  38.0,  54.0, -11.0,  1.0,     ,  0.0,     ,     ,    , 119.0,    4.0,   0.0,   1.0,     1.0,     2.0, -12.0  ,        ,        ,        ,        ,     0.0,      
larivga01, 1979,     1, QUE , NHL , D  , 75.0,  2.0,  19.0,  21.0,  56.0, -10.0,  1.0,     ,  0.0,     ,  0.0, 0.0,  73.0,       ,      ,      ,        ,        ,        ,        ,        ,        ,        ,        ,      
larivga01, 1980,     1, QUE , NHL , D  , 52.0,  3.0,  13.0,  16.0,  50.0, -2.0 ,  1.0,     ,  0.0,     ,  0.0, 0.0,  58.0,       ,      ,      ,        ,        ,        ,        ,        ,        ,        ,        ,      
larivga01, 1980,     2, EDM , NHL , D  , 13.0,  0.0,   2.0,   2.0,   6.0, 9.0  ,  0.0,     ,  0.0,     ,  0.0, 0.0,   8.0,    9.0,   0.0,   3.0,     3.0,     8.0,        ,     0.0,        ,     0.0,        ,     0.0,      
larivga01, 1981,     1, EDM , NHL , D  , 62.0,  1.0,  21.0,  22.0,  41.0, 27.0 ,  0.0,     ,  0.0,     ,  0.0, 0.0,  46.0,    4.0,   0.0,   1.0,     1.0,     0.0,        ,     0.0,        ,     0.0,        ,     0.0,      
larivga01, 1982,     1, EDM , NHL , D  , 17.0,  0.0,   2.0,   2.0,  14.0, 13.0 ,  0.0,     ,  0.0,     ,  0.0, 0.0,  15.0,    1.0,   0.0,   1.0,     1.0,     0.0,        ,     0.0,        ,     0.0,        ,     0.0,      
larmadr01, 2006,     1, FLO , NHL , C  , 16.0,  2.0,   0.0,   2.0,   2.0, -3.0 ,  0.0,  0.0,  0.0,  0.0,  0.0,    ,  15.0,       ,      ,      ,        ,        ,        ,        ,        ,        ,        ,        ,      
larmadr01, 2007,     1, FLO , NHL , C  ,  6.0,  0.0,   1.0,   1.0,   2.0, 1.0  ,  0.0,  0.0,  0.0,  0.0,  0.0,    ,   1.0,       ,      ,      ,        ,        ,        ,        ,        ,        ,        ,        ,      
larmadr01, 2009,     1, BOS , NHL , C  ,  4.0,  0.0,   0.0,   0.0,   0.0, -1.0 ,  0.0,  0.0,  0.0,  0.0,  0.0,    ,   5.0,       ,      ,      ,        ,        ,        ,        ,        ,        ,        ,        ,      
larmeje01, 1981,     1, COR , NHL , L  ,  8.0,  1.0,   1.0,   2.0,   8.0, -3.0 ,  0.0,     ,  0.0,     ,  0.0, 0.0,   9.0,       ,      ,      ,        ,        ,        ,        ,        ,        ,        ,        ,      
larmeje01, 1982,     1, NJD , NHL , L  , 65.0, 21.0,  24.0,  45.0,  21.0, -6.0 ,  5.0,     ,  0.0,     ,  0.0, 2.0, 123.0,       ,      ,      ,        ,        ,        ,        ,        ,        ,        ,        ,      
larmeje01, 1983,     1, NJD , NHL , L  , 40.0,  6.0,  13.0,  19.0,   8.0, -17.0,  0.0,     ,  0.0,     ,  0.0, 0.0,  57.0,       ,      ,      ,        ,        ,        ,        ,        ,        ,        ,        ,      
larmeje01, 1983,     2, CHI , NHL , L  , 36.0,  9.0,  13.0,  22.0,  20.0, 3.0  ,  2.0,     ,  0.0,     ,  1.0, 0.0,  62.0,    5.0,   1.0,   0.0,     1.0,     2.0, -3.0   ,     1.0,        ,     0.0,        ,     0.0,     4.0
larmeje01, 1984,     1, CHI , NHL , L  ,  7.0,  0.0,   0.0,   0.0,   0.0, 1.0  ,  0.0,     ,  0.0,     ,  0.0, 0.0,   5.0,       ,      ,      ,        ,        ,        ,        ,        ,        ,        ,        ,      
larmeje01, 1985,     1, CHI , NHL , L  ,  2.0,  0.0,   0.0,   0.0,   0.0, 1.0  ,  0.0,     ,  0.0,     ,  0.0, 0.0,   1.0,       ,      ,      ,        ,        ,        ,        ,        ,        ,        ,        ,      
larmest01, 1980,     1, CHI , NHL , R  ,  4.0,  0.0,   1.0,   1.0,   0.0, 1.0  ,  0.0,     ,  0.0,     ,  0.0, 0.0,   3.0,       ,      ,      ,        ,        ,        ,        ,        ,        ,        ,        ,      
larmest01, 1981,     1, CHI , NHL , R  ,  3.0,  0.0,   0.0,   0.0,   0.0, 0.0  ,  0.0,     ,  0.0,     ,  0.0, 0.0,   1.0,       ,      ,      ,        ,        ,        ,        ,        ,        ,        ,        ,      
larmest01, 1982,     1, CHI , NHL , R  , 80.0, 43.0,  47.0,  90.0,  28.0, 44.0 , 13.0,     ,  0.0,     ,  9.0, 0.0, 195.0,   11.0,   5.0,   7.0,    12.0,     8.0,        ,     2.0,        ,     0.0,        ,     1.0,      
larmest01, 1983,     1, CHI , NHL , R  , 80.0, 35.0,  40.0,  75.0,  34.0, -1.0 , 13.0,     ,  0.0,     ,  3.0, 0.0, 206.0,    5.0,   2.0,   2.0,     4.0,     7.0, 0.0    ,     1.0,        ,     0.0,        ,     0.0,    10.0
larmest01, 1984,     1, CHI , NHL , R  , 80.0, 46.0,  40.0,  86.0,  16.0, 17.0 , 14.0,     ,  0.0,     ,  6.0, 1.0, 206.0,   15.0,   9.0,  13.0,    22.0,    14.0, 2.0    ,     5.0,        ,     0.0,        ,     1.0,    45.0
larmest01, 1985,     1, CHI , NHL , R  , 80.0, 31.0,  45.0,  76.0,  47.0, 9.0  , 13.0,     ,  1.0,     ,  3.0, 0.0, 184.0,    3.0,   0.0,   3.0,     3.0,     4.0, -1.0   ,     0.0,        ,     0.0,        ,     0.0,    13.0
larmest01, 1986,     1, CHI , NHL , R  , 80.0, 28.0,  56.0,  84.0,  22.0, 20.0 , 10.0,     ,  0.0,     ,  4.0, 0.0, 216.0,    4.0,   0.0,   0.0,     0.0,     2.0, -2.0   ,     0.0,        ,     0.0,        ,     0.0,    10.0
larmest01, 1987,     1, CHI , NHL , L  , 80.0, 41.0,  48.0,  89.0,  42.0, -5.0 , 21.0, 19.0,  7.0,  4.0,  0.0, 0.0, 245.0,    5.0,   1.0,   6.0,     7.0,     0.0, 1.0    ,     1.0,     3.0,     0.0,     1.0,     0.0,    15.0
larmest01, 1988,     1, CHI , NHL , R  , 80.0, 43.0,  44.0,  87.0,  54.0, 2.0  , 19.0, 18.0,  1.0,  9.0,  2.0, 0.0, 269.0,   16.0,   8.0,   9.0,    17.0,    22.0, 4.0    ,     3.0,     5.0,     0.0,     0.0,     2.0,    51.0
larmest01, 1989,     1, CHI , NHL , R  , 80.0, 31.0,  59.0,  90.0,  40.0, 25.0 ,  8.0, 18.0,  2.0,  1.0,  4.0, 0.0, 265.0,   20.0,   7.0,  15.0,    22.0,     8.0, 2.0    ,     2.0,     5.0,     2.0,     1.0,     2.0,    67.0
larmest01, 1990,     1, CHI , NHL , R  , 80.0, 44.0,  57.0, 101.0,  79.0, 37.0 , 17.0, 26.0,  2.0,  6.0,  9.0, 0.0, 231.0,    6.0,   5.0,   1.0,     6.0,     4.0, 2.0    ,     1.0,     1.0,     0.0,     0.0,     0.0,    16.0
larmest01, 1991,     1, CHI , NHL , R  , 80.0, 29.0,  45.0,  74.0,  65.0, 10.0 , 11.0, 21.0,  2.0,  3.0,  3.0, 0.0, 292.0,   18.0,   8.0,   7.0,    15.0,     6.0, 9.0    ,     3.0,     2.0,     0.0,     0.0,     0.0,    69.0
larmest01, 1992,     1, CHI , NHL , R  , 84.0, 35.0,  35.0,  70.0,  48.0, 23.0 , 14.0, 12.0,  4.0,  3.0,  6.0, 1.0, 228.0,    4.0,   0.0,   3.0,     3.0,     0.0, 1.0    ,     0.0,     0.0,     0.0,     0.0,     0.0,    16.0
larmest01, 1993,     1, NYR , NHL , R  , 68.0, 21.0,  39.0,  60.0,  41.0, 14.0 ,  6.0, 15.0,  4.0,  2.0,  7.0, 0.0, 146.0,   23.0,   9.0,   7.0,    16.0,    14.0, 8.0    ,     3.0,     2.0,     0.0,     0.0,     0.0,    54.0
larmest01, 1994,     1, NYR , NHL , R  , 47.0, 14.0,  15.0,  29.0,  16.0, 8.0  ,  3.0,  4.0,  1.0,  0.0,  4.0, 0.0, 116.0,   10.0,   2.0,   2.0,     4.0,     6.0, -5.0   ,     0.0,     0.0,     1.0,     0.0,     1.0,    14.0
laroc01  , 1909,     1, LES , NHA , G  ,  1.0,  0.0,   0.0,   0.0,   0.0,      ,     ,     ,     ,     ,     ,    ,      ,       ,      ,      ,        ,        ,        ,        ,        ,        ,        ,        ,      
larocde01, 1987,     1, LAK , NHL , D  ,  8.0,  0.0,   1.0,   1.0,  18.0, -4.0 ,  0.0,  0.0,  0.0,  0.0,  0.0, 0.0,   2.0,       ,      ,      ,        ,        ,        ,        ,        ,        ,        ,        ,      
larocma01, 1998,     1, TBL , NHL , D  ,  5.0,  0.0,   0.0,   0.0,  16.0, -4.0 ,  0.0,  0.0,  0.0,  0.0,  0.0, 0.0,   3.0,       ,      ,      ,        ,        ,        ,        ,        ,        ,        ,        ,      
larocmi01, 1973,     1, MTL , NHL , G  , 27.0,  0.0,   2.0,   2.0,   0.0, 0.0  ,  0.0,     ,  0.0,     ,  0.0, 0.0,   0.0,    6.0,   0.0,   2.0,     2.0,     0.0,        ,     0.0,        ,     0.0,        ,     0.0,      
larocmi01, 1974,     1, MTL , NHL , G  , 25.0,  0.0,   1.0,   1.0,   2.0, 0.0  ,  0.0,     ,  0.0,     ,  0.0, 0.0,   0.0,       ,      ,      ,        ,        ,        ,        ,        ,        ,        ,        ,      
larocmi01, 1975,     1, MTL , NHL , G  , 22.0,  0.0,   2.0,   2.0,   4.0, 0.0  ,  0.0,     ,  0.0,     ,  0.0, 0.0,   0.0,       ,      ,      ,        ,        ,        ,        ,        ,        ,        ,        ,      
larocmi01, 1976,     1, MTL , NHL , G  , 26.0,  0.0,   0.0,   0.0,   0.0, 0.0  ,  0.0,     ,  0.0,     ,  0.0, 0.0,   0.0,       ,      ,      ,        ,        ,        ,        ,        ,        ,        ,        ,      
larocmi01, 1977,     1, MTL , NHL , G  , 30.0,  0.0,   4.0,   4.0,   0.0, 0.0  ,  0.0,     ,  0.0,     ,  0.0, 0.0,   0.0,       ,      ,      ,        ,        ,        ,        ,        ,        ,        ,        ,      
larocmi01, 1978,     1, MTL , NHL , G  , 34.0,  0.0,   3.0,   3.0,   2.0, 0.0  ,  0.0,     ,  0.0,     ,  0.0, 0.0,   0.0,    1.0,   0.0,   0.0,     0.0,     0.0,        ,     0.0,        ,     0.0,        ,     0.0,      
larocmi01, 1979,     1, MTL , NHL , G  , 39.0,  0.0,   2.0,   2.0,   4.0, 0.0  ,  0.0,     ,  0.0,     ,  0.0, 0.0,   0.0,    5.0,   0.0,   0.0,     0.0,     0.0,        ,     0.0,        ,     0.0,        ,     0.0,      
larocmi01, 1980,     1, MTL , NHL , G  , 28.0,  0.0,   1.0,   1.0,   2.0, 0.0  ,  0.0,     ,  0.0,     ,  0.0, 0.0,   0.0,       ,      ,      ,        ,        ,        ,        ,        ,        ,        ,        ,      
larocmi01, 1980,     2, TOR , NHL , G  ,  8.0,  0.0,   0.0,   0.0,   0.0, 0.0  ,  0.0,     ,  0.0,     ,  0.0, 0.0,   0.0,    2.0,   0.0,   0.0,     0.0,     0.0,        ,     0.0,        ,     0.0,        ,     0.0,      
larocmi01, 1981,     1, TOR , NHL , G  , 50.0,  0.0,   3.0,   3.0,   2.0, 0.0  ,  0.0,     ,  0.0,     ,  0.0, 0.0,   0.0,       ,      ,      ,        ,        ,        ,        ,        ,        ,        ,        ,      
larocmi01, 1982,     1, TOR , NHL , G  , 16.0,  0.0,   0.0,   0.0,   0.0, 0.0  ,  0.0,     ,  0.0,     ,  0.0, 0.0,   0.0,       ,      ,      ,        ,        ,        ,        ,        ,        ,        ,        ,      
larocmi01, 1982,     2, PHI , NHL , G  ,  2.0,  0.0,   0.0,   0.0,   0.0, 0.0  ,  0.0,     ,  0.0,     ,  0.0, 0.0,   0.0,       ,      ,      ,        ,        ,        ,        ,        ,        ,        ,        ,      
larocmi01, 1983,     1, STL , NHL , G  ,  5.0,  0.0,   0.0,   0.0,   2.0, 0.0  ,  0.0,     ,  0.0,     ,  0.0, 0.0,   0.0,       ,      ,      ,        ,        ,        ,        ,        ,        ,        ,        ,      
larocmi02, 2000,     1, CHI , NHL , G  ,  3.0,  0.0,   0.0,   0.0,   0.0, 0.0  ,  0.0,  0.0,  0.0,  0.0,  0.0, 0.0,   0.0,       ,      ,      ,        ,        ,        ,        ,        ,        ,        ,        ,      
larocwi01, 1925,     1, MTL , NHL , R  , 33.0,  2.0,   1.0,   3.0,  10.0,      ,     ,     ,     ,     ,     ,    ,      ,       ,      ,      ,        ,        ,        ,        ,        ,        ,        ,        ,      
larocwi01, 1926,     1, MTL , NHL , R  , 41.0,  0.0,   1.0,   1.0,   6.0,      ,     ,     ,     ,     ,     ,    ,      ,    4.0,   0.0,   0.0,     0.0,     0.0,        ,        ,        ,        ,        ,        ,      
larocwi01, 1927,     1, MTL , NHL , R  , 40.0,  3.0,   1.0,   4.0,  30.0,      ,     ,     ,     ,     ,     ,    ,      ,    2.0,   0.0,   0.0,     0.0,     0.0,        ,        ,        ,        ,        ,        ,      
larocwi01, 1928,     1, MTL , NHL , R  ,  2.0,  0.0,   0.0,   0.0,   0.0,      ,     ,     ,     ,     ,     ,    ,      ,       ,      ,      ,        ,        ,        ,        ,        ,        ,        ,        ,      
larocwi01, 1929,     1, MTL , NHL , R  , 44.0, 14.0,  11.0,  25.0,  28.0,      ,     ,     ,     ,     ,     ,    ,      ,    6.0,   1.0,   0.0,     1.0,    12.0,        ,        ,        ,        ,        ,        ,      
larocwi01, 1930,     1, MTL , NHL , R  , 40.0,  8.0,   5.0,  13.0,  35.0,      ,     ,     ,     ,     ,     ,    ,      ,   10.0,   1.0,   2.0,     3.0,     8.0,        ,        ,        ,        ,        ,        ,      
larocwi01, 1931,     1, MTL , NHL , R  , 48.0, 18.0,   8.0,  26.0,  16.0,      ,     ,     ,     ,     ,     ,    ,      ,    4.0,   2.0,   1.0,     3.0,     4.0,        ,        ,        ,        ,        ,        ,      
larocwi01, 1932,     1, MTL , NHL , R  , 47.0, 11.0,   4.0,  15.0,  27.0,      ,     ,     ,     ,     ,     ,    ,      ,    2.0,   1.0,   0.0,     1.0,     0.0,        ,        ,        ,        ,        ,        ,      
larocwi01, 1933,     1, MTL , NHL , R  , 48.0, 16.0,  11.0,  27.0,  27.0,      ,     ,     ,     ,     ,     ,    ,      ,    2.0,   1.0,   1.0,     2.0,     0.0,        ,        ,        ,        ,        ,        ,      
larocwi01, 1934,     1, MTL , NHL , R  , 48.0,  9.0,  19.0,  28.0,  12.0,      ,     ,     ,     ,     ,     ,    ,      ,    2.0,   0.0,   0.0,     0.0,     0.0,        ,        ,        ,        ,        ,        ,      
larocwi01, 1935,     1, MTL , NHL , R  , 13.0,  0.0,   2.0,   2.0,   6.0,      ,     ,     ,     ,     ,     ,    ,      ,       ,      ,      ,        ,        ,        ,        ,        ,        ,        ,        ,      
larocwi01, 1935,     2, CHI , NHL , R  , 27.0,  2.0,   1.0,   3.0,   8.0,      ,     ,     ,     ,     ,     ,    ,      ,    2.0,   0.0,   0.0,     0.0,     0.0,        ,        ,        ,        ,        ,        ,      
larocwi01, 1936,     1, CHI , NHL , R  , 43.0,  9.0,  10.0,  19.0,   6.0,      ,     ,     ,     ,     ,     ,    ,      ,       ,      ,      ,        ,        ,        ,        ,        ,        ,        ,        ,      
larosbo01, 1925,     1, BOS , NHL , F  ,  6.0,  0.0,   0.0,   0.0,   0.0,      ,     ,     ,     ,     ,     ,    ,      ,       ,      ,      ,        ,        ,        ,        ,        ,        ,        ,        ,      
larosch01, 2005,     1, CAR , NHL , R  , 49.0,  1.0,  12.0,  13.0,  35.0, 7.0  ,  0.0,  3.0,  0.0,  0.0,  1.0,    ,  62.0,   21.0,   0.0,   1.0,     1.0,    10.0, -2.0   ,     0.0,     0.0,     0.0,     1.0,     0.0,    15.0
larosch01, 2006,     1, CAR , NHL , C  , 80.0,  6.0,  12.0,  18.0,  10.0, -2.0 ,  0.0,  0.0,  2.0,  2.0,  0.0,    ,  94.0,       ,      ,      ,        ,        ,        ,        ,        ,        ,        ,        ,      
larosch01, 2007,     1, CAR , NHL , L  , 58.0, 11.0,  12.0,  23.0,  46.0, 6.0  ,  0.0,  1.0,  1.0,  1.0,  2.0,    , 117.0,       ,      ,      ,        ,        ,        ,        ,        ,        ,        ,        ,      
larosch01, 2008,     1, CAR , NHL , L  , 81.0, 19.0,  12.0,  31.0,  35.0, 6.0  ,  0.0,  1.0,  2.0,  2.0,  4.0,    , 171.0,   18.0,   4.0,   7.0,    11.0,    16.0, 0.0    ,     0.0,     0.0,     0.0,     1.0,     0.0,    51.0
larosch01, 2009,     1, CAR , NHL , R  , 56.0, 11.0,  17.0,  28.0,  24.0, -2.0 ,  0.0,  0.0,  1.0,  0.0,  0.0,    , 138.0,       ,      ,      ,        ,        ,        ,        ,        ,        ,        ,        ,      
laroscl01, 1962,     1, MTL , NHL , R  ,  4.0,  0.0,   0.0,   0.0,   0.0,      ,     ,     ,     ,     ,     ,    ,      ,       ,      ,      ,        ,        ,        ,        ,        ,        ,        ,        ,      
laroscl01, 1963,     1, MTL , NHL , R  , 21.0,  1.0,   1.0,   2.0,  43.0,      ,  1.0,     ,  0.0,     ,  0.0, 0.0,      ,    2.0,   1.0,   0.0,     1.0,     0.0,        ,        ,        ,        ,        ,     0.0,      
laroscl01, 1964,     1, MTL , NHL , R  , 68.0, 21.0,  16.0,  37.0,  82.0,      ,  4.0,     ,  0.0,     ,  4.0, 1.0,      ,   13.0,   0.0,   1.0,     1.0,    14.0,        ,        ,        ,        ,        ,     0.0,      
laroscl01, 1965,     1, MTL , NHL , R  , 64.0, 15.0,  18.0,  33.0,  67.0,      ,  0.0,     ,  0.0,     ,  3.0, 1.0,      ,    6.0,   0.0,   1.0,     1.0,    31.0,        ,        ,        ,        ,        ,     0.0,      
laroscl01, 1966,     1, MTL , NHL , L  , 69.0, 19.0,  16.0,  35.0,  82.0,      ,  2.0,     ,  0.0,     ,  3.0, 1.0,      ,   10.0,   1.0,   5.0,     6.0,    15.0,        ,        ,        ,        ,        ,     0.0,      
laroscl01, 1967,     1, MTL , NHL , R  , 42.0,  2.0,   9.0,  11.0,  28.0, 0.0  ,  0.0,     ,  0.0,     ,  0.0, 0.0,  70.0,   12.0,   3.0,   2.0,     5.0,     8.0,        ,     0.0,        ,     0.0,        ,     0.0,      
laroscl01, 1968,     1, MNS , NHL , R  , 67.0, 25.0,  37.0,  62.0, 106.0, -10.0,  5.0,     ,  0.0,     ,  3.0, 1.0, 268.0,       ,      ,      ,        ,        ,        ,        ,        ,        ,        ,        ,      
laroscl01, 1969,     1, MNS , NHL , R  , 75.0, 24.0,  23.0,  47.0, 109.0, -17.0,  7.0,     ,  1.0,     ,  4.0, 2.0, 262.0,    6.0,   1.0,   1.0,     2.0,    25.0,        ,     0.0,        ,     0.0,        ,     0.0,      
laroscl01, 1970,     1, MTL , NHL , R  , 64.0, 10.0,  13.0,  23.0,  90.0, -8.0 ,  0.0,     ,  0.0,     ,  2.0, 1.0, 120.0,   11.0,   1.0,   0.0,     1.0,    10.0,        ,     0.0,        ,     0.0,        ,     0.0,      
laroscl01, 1971,     1, MTL , NHL , R  , 77.0, 20.0,  18.0,  38.0,  64.0, 9.0  ,  1.0,     ,  3.0,     ,  4.0, 1.0, 169.0,    6.0,   2.0,   1.0,     3.0,    23.0,        ,     0.0,        ,     0.0,        ,     0.0,      
laroscl01, 1972,     1, MTL , NHL , R  , 73.0, 11.0,  23.0,  34.0,  30.0, 29.0 ,  0.0,     ,  0.0,     ,  0.0, 1.0, 132.0,   17.0,   3.0,   4.0,     7.0,     6.0,        ,     0.0,        ,     0.0,        ,     0.0,      
laroscl01, 1973,     1, MTL , NHL , R  , 39.0, 17.0,   7.0,  24.0,  52.0, 11.0 ,  1.0,     ,  0.0,     ,  1.0, 0.0,  71.0,    5.0,   0.0,   2.0,     2.0,    11.0,        ,     0.0,        ,     0.0,        ,     0.0,      
laroscl01, 1974,     1, MTL , NHL , R  ,  8.0,  1.0,   2.0,   3.0,   6.0, -3.0 ,  0.0,     ,  0.0,     ,  0.0, 1.0,   8.0,       ,      ,      ,        ,        ,        ,        ,        ,        ,        ,        ,      
laroscl01, 1974,     2, STL , NHL , R  , 56.0, 10.0,  17.0,  27.0,  38.0, 7.0  ,  0.0,     ,  0.0,     ,  1.0, 0.0, 146.0,    2.0,   1.0,   1.0,     2.0,     0.0,        ,     0.0,        ,     0.0,        ,     0.0,      
laroscl01, 1975,     1, STL , NHL , R  , 67.0, 13.0,  25.0,  38.0,  48.0, 7.0  ,  3.0,     ,  0.0,     ,  0.0, 1.0, 169.0,    3.0,   0.0,   0.0,     0.0,     0.0,        ,     0.0,        ,     0.0,        ,     0.0,      
laroscl01, 1976,     1, STL , NHL , R  , 80.0, 29.0,  19.0,  48.0,  22.0, 5.0  ,  1.0,     ,  1.0,     ,  2.0, 1.0, 212.0,    4.0,   1.0,   0.0,     1.0,     0.0,        ,     0.0,        ,     0.0,        ,     0.0,      
laroscl01, 1977,     1, STL , NHL , L  , 69.0,  8.0,  13.0,  21.0,  20.0, -19.0,  2.0,     ,  0.0,     ,  0.0, 0.0, 116.0,       ,      ,      ,        ,        ,        ,        ,        ,        ,        ,        ,      
laroscl02, 1975,     1, CIN , WHA , L  , 79.0, 28.0,  24.0,  52.0,  19.0, -13.0,  1.0,     ,  0.0,     ,  6.0,    , 195.0,       ,      ,      ,        ,        ,        ,        ,        ,        ,        ,        ,      
laroscl02, 1976,     1, CIN , WHA , L  , 81.0, 30.0,  46.0,  76.0,   8.0, 18.0 ,  1.0,     ,  0.0,     ,  4.0,    , 273.0,    4.0,   2.0,   1.0,     3.0,     0.0, -1.0   ,        ,        ,        ,        ,     0.0,      
laroscl02, 1977,     1, CIN , WHA , L  , 51.0, 11.0,  20.0,  31.0,   6.0, -11.0,  1.0,     ,  0.0,     ,     ,    , 100.0,       ,      ,      ,        ,        ,        ,        ,        ,        ,        ,        ,      
laroscl02, 1977,     2, IND , WHA , L  , 28.0, 14.0,  16.0,  30.0,  12.0, -15.0,  3.0,     ,  0.0,     ,     ,    ,  68.0,       ,      ,      ,        ,        ,        ,        ,        ,        ,        ,        ,      
laroscl02, 1978,     1, IND , WHA , L  , 13.0,  5.0,   8.0,  13.0,   0.0, 5.0  ,  0.0,     ,  0.0,     ,     ,    ,  34.0,       ,      ,      ,        ,        ,        ,        ,        ,        ,        ,        ,      
laroscl02, 1979,     1, NYR , NHL , L  , 25.0,  4.0,   7.0,  11.0,   2.0, -5.0 ,  0.0,     ,  0.0,     ,  0.0, 0.0,  50.0,       ,      ,      ,        ,        ,        ,        ,        ,        ,        ,        ,      
laroscl02, 1981,     1, NYR , NHL , L  ,     ,     ,      ,      ,      ,      ,     ,     ,     ,     ,     ,    ,      ,    2.0,   0.0,   0.0,     0.0,     0.0,        ,     0.0,        ,     0.0,        ,     0.0,      
larosco01, 2003,     1, NYR , NHL , C  ,  7.0,  0.0,   1.0,   1.0,   4.0, -2.0 ,  0.0,  0.0,  0.0,  0.0,  0.0, 0.0,  10.0,       ,      ,      ,        ,        ,        ,        ,        ,        ,        ,        ,      
larosgu01, 1988,     1, WIN , NHL , C  ,  3.0,  0.0,   1.0,   1.0,   6.0, -1.0 ,  0.0,  0.0,  0.0,  0.0,  0.0, 0.0,   2.0,       ,      ,      ,        ,        ,        ,        ,        ,        ,        ,        ,      
larosgu01, 1990,     1, WIN , NHL , C  ,  7.0,  0.0,   0.0,   0.0,   8.0, -1.0 ,  0.0,  0.0,  0.0,  0.0,  0.0, 0.0,   7.0,       ,      ,      ,        ,        ,        ,        ,        ,        ,        ,        ,      
larosgu01, 1991,     1, TOR , NHL , C  , 34.0,  9.0,   5.0,  14.0,  27.0, -8.0 ,  0.0,  2.0,  0.0,  0.0,  0.0, 0.0,  60.0,       ,      ,      ,        ,        ,        ,        ,        ,        ,        ,        ,      
larosgu01, 1992,     1, TOR , NHL , C  ,  9.0,  0.0,   0.0,   0.0,   8.0, -3.0 ,  0.0,  0.0,  0.0,  0.0,  0.0, 0.0,   8.0,       ,      ,      ,        ,        ,        ,        ,        ,        ,        ,        ,      
larosgu01, 1993,     1, TOR , NHL , C  , 10.0,  1.0,   2.0,   3.0,  10.0, -2.0 ,  0.0,  0.0,  0.0,  0.0,  0.0, 0.0,   9.0,       ,      ,      ,        ,        ,        ,        ,        ,        ,        ,        ,      
larosgu01, 1993,     2, CAL , NHL , C  ,  7.0,  0.0,   1.0,   1.0,   4.0, -3.0 ,  0.0,  0.0,  0.0,  0.0,  0.0, 0.0,   3.0,       ,      ,      ,        ,        ,        ,        ,        ,        ,        ,        ,      
larosgu01, 1994,     1, BOS , NHL , C  ,     ,     ,      ,      ,      ,      ,     ,     ,     ,     ,     ,    ,      ,    4.0,   0.0,   0.0,     0.0,     0.0, 0.0    ,     0.0,     0.0,     0.0,     0.0,     0.0,     4.0
larospa01, 1972,     1, QUN , WHA , R  , 28.0,  0.0,   7.0,   7.0,   7.0,      ,  0.0,     ,  0.0,     ,     ,    ,      ,       ,      ,      ,        ,        ,        ,        ,        ,        ,        ,        ,      
larospa01, 1974,     1, MIB , WHA , R  ,  5.0,  1.0,   1.0,   2.0,   2.0, -2.0 ,  0.0,     ,  0.0,     ,     ,    ,   5.0,       ,      ,      ,        ,        ,        ,        ,        ,        ,        ,        ,      
larosra01, 1972,     1, HOU , WHA , D  , 68.0,  1.0,  10.0,  11.0,  25.0,      ,  0.0,     ,  0.0,     ,     ,    ,      ,       ,      ,      ,        ,        ,        ,        ,        ,        ,        ,        ,      
larosra01, 1973,     1, NYJ , WHA , D  , 18.0,  0.0,   1.0,   1.0,  20.0,      ,  0.0,     ,  0.0,     ,  0.0,    ,      ,       ,      ,      ,        ,        ,        ,        ,        ,        ,        ,        ,      
laroupi01, 1974,     1, PIT , NHL , C  , 79.0, 31.0,  37.0,  68.0,  52.0, 2.0  ,  5.0,     ,  0.0,     ,  4.0, 2.0, 172.0,    9.0,   2.0,   5.0,     7.0,     2.0,        ,     0.0,        ,     0.0,        ,     1.0,      
laroupi01, 1975,     1, PIT , NHL , C  , 76.0, 53.0,  58.0, 111.0,  33.0, 4.0  , 18.0,     ,  0.0,     ,  3.0, 2.0, 319.0,    3.0,   0.0,   1.0,     1.0,     0.0,        ,     0.0,        ,     0.0,        ,     0.0,      
laroupi01, 1976,     1, PIT , NHL , C  , 65.0, 29.0,  34.0,  63.0,  14.0, -10.0,  8.0,     ,  0.0,     ,  6.0, 3.0, 227.0,    3.0,   0.0,   3.0,     3.0,     0.0,        ,     0.0,        ,     0.0,        ,     0.0,      
laroupi01, 1977,     1, PIT , NHL , C  , 20.0,  6.0,   5.0,  11.0,   0.0, -13.0,  0.0,     ,  0.0,     ,  0.0, 1.0,  50.0,       ,      ,      ,        ,        ,        ,        ,        ,        ,        ,        ,      
laroupi01, 1977,     2, MTL , NHL , C  , 44.0, 17.0,  32.0,  49.0,  11.0, 32.0 ,  3.0,     ,  0.0,     ,  1.0, 0.0,  87.0,    5.0,   2.0,   1.0,     3.0,     4.0,        ,     1.0,        ,     0.0,        ,     1.0,      
laroupi01, 1978,     1, MTL , NHL , C  , 36.0,  9.0,  13.0,  22.0,   4.0, 3.0  ,  4.0,     ,  0.0,     ,  0.0, 0.0,  64.0,    6.0,   1.0,   3.0,     4.0,     0.0,        ,     0.0,        ,     0.0,        ,     1.0,      
laroupi01, 1979,     1, MTL , NHL , C  , 73.0, 50.0,  41.0,  91.0,  16.0, 36.0 , 12.0,     ,  0.0,     ,  7.0, 1.0, 220.0,    9.0,   1.0,   7.0,     8.0,     2.0,        ,     0.0,        ,     0.0,        ,     0.0,      
laroupi01, 1980,     1, MTL , NHL , C  , 61.0, 25.0,  28.0,  53.0,  28.0, 13.0 ,  5.0,     ,  0.0,     ,  2.0, 0.0, 154.0,    2.0,   0.0,   2.0,     2.0,     0.0,        ,     0.0,        ,     0.0,        ,     0.0,      
laroupi01, 1981,     1, MTL , NHL , C  , 22.0,  9.0,  12.0,  21.0,   0.0, -3.0 ,  3.0,     ,  0.0,     ,  0.0, 0.0,  40.0,       ,      ,      ,        ,        ,        ,        ,        ,        ,        ,        ,      
laroupi01, 1981,     2, HAR , NHL , C  , 45.0, 25.0,  25.0,  50.0,  12.0, -17.0, 11.0,     ,  1.0,     ,  1.0, 1.0, 121.0,       ,      ,      ,        ,        ,        ,        ,        ,        ,        ,        ,      
laroupi01, 1982,     1, HAR , NHL , C  , 38.0, 18.0,  22.0,  40.0,   8.0, -24.0,  4.0,     ,  0.0,     ,  0.0, 1.0, 114.0,       ,      ,      ,        ,        ,        ,        ,        ,        ,        ,        ,      
laroupi01, 1983,     1, NYR , NHL , C  , 77.0, 48.0,  33.0,  81.0,  22.0, -15.0, 19.0,     ,  0.0,     ,  4.0, 0.0, 241.0,    5.0,   3.0,   1.0,     4.0,     2.0, -2.0   ,     2.0,        ,     0.0,        ,     0.0,    18.0
laroupi01, 1984,     1, NYR , NHL , C  , 65.0, 24.0,  36.0,  60.0,   8.0, -17.0,  5.0,     ,  0.0,     ,  3.0, 0.0, 171.0,       ,      ,      ,        ,        ,        ,        ,        ,        ,        ,        ,      
laroupi01, 1985,     1, NYR , NHL , R  , 28.0, 20.0,   7.0,  27.0,   4.0, -6.0 ,  7.0,     ,  0.0,     ,  2.0, 0.0,  85.0,   16.0,   8.0,   9.0,    17.0,     2.0, -5.0   ,     4.0,        ,     0.0,        ,     1.0,    40.0
laroupi01, 1986,     1, NYR , NHL , R  , 73.0, 28.0,  35.0,  63.0,  12.0, -7.0 ,  8.0,     ,  0.0,     ,  3.0, 0.0, 193.0,    6.0,   3.0,   2.0,     5.0,     4.0, -4.0   ,     0.0,        ,     0.0,        ,     1.0,    19.0
laroupi01, 1987,     1, NYR , NHL , C  , 10.0,  3.0,   9.0,  12.0,  13.0, -3.0 ,  2.0,  4.0,  0.0,  0.0,  0.0, 0.0,  30.0,       ,      ,      ,        ,        ,        ,        ,        ,        ,        ,        ,      
laroust01, 1994,     1, OTT , NHL , R  , 18.0,  8.0,   7.0,  15.0,   6.0, -5.0 ,  2.0,  5.0,  0.0,  0.0,  2.0, 0.0,  38.0,       ,      ,      ,        ,        ,        ,        ,        ,        ,        ,        ,      
laroust01, 1995,     1, NYR , NHL , C  ,  1.0,  0.0,   0.0,   0.0,   0.0, 0.0  ,  0.0,  0.0,  0.0,  0.0,  0.0, 0.0,   1.0,       ,      ,      ,        ,        ,        ,        ,        ,        ,        ,        ,      
laroust01, 1995,     2, LAK , NHL , C  ,  7.0,  1.0,   2.0,   3.0,   4.0, 0.0  ,  1.0,  0.0,  0.0,  0.0,  0.0, 0.0,  13.0,       ,      ,      ,        ,        ,        ,        ,        ,        ,        ,        ,      
larsebr01, 1997,     1, COL , NHL , L  ,  1.0,  0.0,   0.0,   0.0,   0.0, 0.0  ,  0.0,  0.0,  0.0,  0.0,  0.0, 0.0,   0.0,       ,      ,      ,        ,        ,        ,        ,        ,        ,        ,        ,      
larsebr01, 2000,     1, COL , NHL , L  ,  9.0,  0.0,   0.0,   0.0,   0.0, 1.0  ,  0.0,  0.0,  0.0,  0.0,  0.0, 0.0,   3.0,       ,      ,      ,        ,        ,        ,        ,        ,        ,        ,        ,      
larsebr01, 2001,     1, COL , NHL , L  , 50.0,  2.0,   7.0,   9.0,  47.0, 4.0  ,  1.0,  0.0,  0.0,  1.0,  0.0, 0.0,  38.0,   21.0,   1.0,   1.0,     2.0,    13.0, -4.0   ,     0.0,     0.0,     0.0,     0.0,     0.0,     8.0
larsebr01, 2002,     1, COL , NHL , L  ,  6.0,  0.0,   3.0,   3.0,   2.0, 3.0  ,  0.0,  0.0,  0.0,  0.0,  0.0, 0.0,   6.0,       ,      ,      ,        ,        ,        ,        ,        ,        ,        ,        ,      
larsebr01, 2003,     1, COL , NHL , L  , 26.0,  2.0,   2.0,   4.0,  11.0, 2.0  ,  0.0,  0.0,  0.0,  0.0,  0.0, 1.0,  17.0,       ,      ,      ,        ,        ,        ,        ,        ,        ,        ,        ,      
larsebr01, 2003,     2, ATL , NHL , L  ,  6.0,  0.0,   0.0,   0.0,   2.0, -2.0 ,  0.0,  0.0,  0.0,  0.0,  0.0, 0.0,   6.0,       ,      ,      ,        ,        ,        ,        ,        ,        ,        ,        ,      
larsebr01, 2005,     1, ATL , NHL , L  , 62.0,  7.0,   8.0,  15.0,  21.0, -3.0 ,  0.0,  0.0,  3.0,  0.0,  1.0,    ,  48.0,       ,      ,      ,        ,        ,        ,        ,        ,        ,        ,        ,      
larsebr01, 2006,     1, ATL , NHL , L  , 72.0,  7.0,   6.0,  13.0,  39.0, -11.0,  0.0,  0.0,  2.0,  1.0,  0.0,    ,  61.0,    4.0,   0.0,   2.0,     2.0,     0.0, 1.0    ,     0.0,     0.0,     0.0,     0.0,     0.0,     4.0
larsebr01, 2007,     1, ATL , NHL , L  , 62.0,  1.0,   3.0,   4.0,  12.0, -17.0,  0.0,  0.0,  0.0,  0.0,  0.0,    ,  35.0,       ,      ,      ,        ,        ,        ,        ,        ,        ,        ,        ,      
larseph01, 2009,     1, DAL , NHL , D  ,  2.0,  0.0,   1.0,   1.0,   0.0, 1.0  ,  0.0,  0.0,  0.0,  0.0,  0.0,    ,   1.0,       ,      ,      ,        ,        ,        ,        ,        ,        ,        ,        ,      
larsono01, 1940,     1, NYA , NHL , R  , 48.0,  9.0,   9.0,  18.0,   6.0,      ,     ,     ,     ,     ,     ,    ,      ,       ,      ,      ,        ,        ,        ,        ,        ,        ,        ,        ,      
larsono01, 1941,     1, BKN , NHL , R  , 40.0, 16.0,   9.0,  25.0,   6.0,      ,     ,     ,     ,     ,     ,    ,      ,       ,      ,      ,        ,        ,        ,        ,        ,        ,        ,        ,      
larsono01, 1946,     1, NYR , NHL , R  ,  1.0,  0.0,   0.0,   0.0,   0.0,      ,     ,     ,     ,     ,     ,    ,      ,       ,      ,      ,        ,        ,        ,        ,        ,        ,        ,        ,      
larsore01, 1976,     1, DET , NHL , D  , 14.0,  0.0,   1.0,   1.0,  23.0, -2.0 ,  0.0,     ,  0.0,     ,  0.0, 0.0,  23.0,       ,      ,      ,        ,        ,        ,        ,        ,        ,        ,        ,      
larsore01, 1977,     1, DET , NHL , D  , 75.0, 19.0,  41.0,  60.0,  95.0, -8.0 ,  7.0,     ,  1.0,     ,  4.0, 0.0, 240.0,    7.0,   0.0,   2.0,     2.0,     4.0,        ,     0.0,        ,     0.0,        ,     0.0,      
larsore01, 1978,     1, DET , NHL , D  , 79.0, 18.0,  49.0,  67.0, 169.0, -20.0,  6.0,     ,  2.0,     ,  0.0, 3.0, 271.0,       ,      ,      ,        ,        ,        ,        ,        ,        ,        ,        ,      
larsore01, 1979,     1, DET , NHL , D  , 80.0, 22.0,  44.0,  66.0, 101.0, -7.0 ,  7.0,     ,  0.0,     ,  2.0, 1.0, 293.0,       ,      ,      ,        ,        ,        ,        ,        ,        ,        ,        ,      
larsore01, 1980,     1, DET , NHL , D  , 78.0, 27.0,  31.0,  58.0, 153.0, -35.0,  8.0,     ,  0.0,     ,  0.0, 3.0, 297.0,       ,      ,      ,        ,        ,        ,        ,        ,        ,        ,        ,      
larsore01, 1981,     1, DET , NHL , D  , 80.0, 21.0,  39.0,  60.0, 112.0, -17.0,  4.0,     ,  2.0,     ,  2.0, 1.0, 311.0,       ,      ,      ,        ,        ,        ,        ,        ,        ,        ,        ,      
larsore01, 1982,     1, DET , NHL , D  , 80.0, 22.0,  52.0,  74.0, 104.0, -7.0 ,  7.0,     ,  1.0,     ,  1.0, 1.0, 271.0,       ,      ,      ,        ,        ,        ,        ,        ,        ,        ,        ,      
larsore01, 1983,     1, DET , NHL , D  , 78.0, 23.0,  39.0,  62.0, 122.0, -10.0, 10.0,     ,  0.0,     ,  5.0, 0.0, 262.0,    4.0,   2.0,   0.0,     2.0,    21.0, -4.0   ,     2.0,        ,     0.0,        ,     0.0,    19.0
larsore01, 1984,     1, DET , NHL , D  , 77.0, 17.0,  45.0,  62.0, 139.0, 7.0  ,  7.0,     ,  0.0,     ,  0.0, 0.0, 233.0,    3.0,   1.0,   2.0,     3.0,    20.0, -2.0   ,     0.0,        ,     0.0,        ,     0.0,    16.0
larsore01, 1985,     1, DET , NHL , D  , 67.0, 19.0,  41.0,  60.0, 109.0, -36.0, 11.0,     ,  0.0,     ,  0.0, 1.0, 205.0,       ,      ,      ,        ,        ,        ,        ,        ,        ,        ,        ,      
larsore01, 1985,     2, BOS , NHL , D  , 13.0,  3.0,   4.0,   7.0,   8.0, 5.0  ,  1.0,     ,  0.0,     ,  0.0, 0.0,  41.0,    3.0,   1.0,   0.0,     1.0,     6.0, -2.0   ,     1.0,        ,     0.0,        ,     0.0,    11.0
larsore01, 1986,     1, BOS , NHL , D  , 66.0, 12.0,  24.0,  36.0,  95.0, 9.0  ,  9.0,     ,  0.0,     ,  1.0, 0.0, 209.0,    4.0,   0.0,   2.0,     2.0,     2.0, -6.0   ,     0.0,        ,     0.0,        ,     0.0,    16.0
larsore01, 1987,     1, BOS , NHL , D  , 62.0, 10.0,  24.0,  34.0,  93.0, 3.0  ,  5.0,  7.0,  1.0,  1.0,  1.0, 0.0, 151.0,    8.0,   0.0,   1.0,     1.0,     6.0, -2.0   ,     0.0,     0.0,     0.0,     0.0,     0.0,     9.0
larsore01, 1988,     1, EDM , NHL , D  , 10.0,  2.0,   7.0,   9.0,  15.0, 1.0  ,  0.0,     ,  1.0,  0.0,  0.0, 0.0,  19.0,       ,      ,      ,        ,        ,        ,        ,        ,        ,        ,        ,      
larsore01, 1988,     2, NYI , NHL , D  , 33.0,  7.0,  13.0,  20.0,  35.0, -8.0 ,  6.0,     ,  0.0,  0.0,  1.0, 0.0,  77.0,       ,      ,      ,        ,        ,        ,        ,        ,        ,        ,        ,      
larsore01, 1988,     3, MNS , NHL , D  , 11.0,  0.0,   9.0,   9.0,  18.0, -3.0 ,  0.0,     ,  0.0,  0.0,  0.0, 0.0,  19.0,    3.0,   0.0,   0.0,     0.0,     4.0, -2.0   ,     0.0,     0.0,     0.0,     0.0,     0.0,     4.0
larsore01, 1989,     1, BUF , NHL , D  ,  1.0,  0.0,   0.0,   0.0,   0.0, 1.0  ,  0.0,  0.0,  0.0,  0.0,  0.0, 0.0,   1.0,       ,      ,      ,        ,        ,        ,        ,        ,        ,        ,        ,      
larsscu01, 1974,     1, WIJ , WHA , G  , 26.0,  0.0,   1.0,   1.0,   4.0,      ,  0.0,     ,  0.0,     ,  0.0,    ,   0.0,       ,      ,      ,        ,        ,        ,        ,        ,        ,        ,        ,      
larsscu01, 1975,     1, WIJ , WHA , G  , 23.0,  0.0,   1.0,   1.0,   6.0, 0.0  ,  0.0,     ,  0.0,     ,  0.0,    ,   0.0,    2.0,   0.0,   0.0,     0.0,     2.0, 0.0    ,        ,        ,        ,        ,        ,      
larsscu01, 1976,     1, WIJ , WHA , G  , 19.0,  0.0,   1.0,   1.0,   4.0, 0.0  ,  0.0,     ,  0.0,     ,  0.0,    ,   0.0,    1.0,   0.0,   0.0,     0.0,     0.0, 0.0    ,     0.0,        ,     0.0,        ,     0.0,      
lartety01, 1989,     1, WAS , NHL , C  ,  1.0,  0.0,   0.0,   0.0,   0.0, -1.0 ,  0.0,  0.0,  0.0,  0.0,  0.0, 0.0,   2.0,       ,      ,      ,        ,        ,        ,        ,        ,        ,        ,        ,      
larwado01, 1974,     1, HOU , WHA , R  , 76.0, 22.0,  14.0,  36.0,  59.0, 26.0 ,  0.0,     ,  0.0,     ,     ,    , 140.0,   13.0,   3.0,   1.0,     4.0,     8.0,        ,        ,        ,        ,        ,     0.0,      
larwado01, 1975,     1, HOU , WHA , R  , 79.0, 30.0,  20.0,  50.0,  56.0, 9.0  ,  3.0,     ,  0.0,     ,  3.0,    , 196.0,   16.0,   7.0,   5.0,    12.0,    21.0, 5.0    ,        ,        ,        ,        ,        ,      
larwado01, 1976,     1, HOU , WHA , R  , 75.0, 11.0,  13.0,  24.0, 112.0, 5.0  ,  3.0,     ,  0.0,     ,     ,    , 152.0,    3.0,   1.0,   0.0,     1.0,     0.0, 0.0    ,        ,        ,        ,        ,     0.0,      
larwado01, 1977,     1, HOU , WHA , R  , 69.0, 24.0,  35.0,  59.0,  52.0, 1.0  ,  5.0,     ,  0.0,     ,     ,    , 176.0,    6.0,   1.0,   2.0,     3.0,     4.0, -3.0   ,        ,        ,        ,        ,     0.0,      
larwado01, 1978,     1, IND , WHA , R  , 25.0,  8.0,  10.0,  18.0,  39.0, -20.0,  2.0,     ,  0.0,     ,     ,    ,  56.0,       ,      ,      ,        ,        ,        ,        ,        ,        ,        ,        ,      
lasakja01, 2001,     1, NAS , NHL , G  ,  3.0,  0.0,   0.0,   0.0,   2.0, 0.0  ,  0.0,  0.0,  0.0,  0.0,  0.0, 0.0,   0.0,       ,      ,      ,        ,        ,        ,        ,        ,        ,        ,        ,      
lasakja01, 2002,     1, NAS , NHL , G  ,  3.0,  0.0,   0.0,   0.0,   0.0, 0.0  ,  0.0,  0.0,  0.0,  0.0,  0.0, 0.0,   0.0,       ,      ,      ,        ,        ,        ,        ,        ,        ,        ,        ,      
lashoma01, 2006,     1, BOS , NHL , D  , 12.0,  0.0,   2.0,   2.0,  12.0, -6.0 ,  0.0,  0.0,  0.0,  0.0,  0.0,    ,   8.0,       ,      ,      ,        ,        ,        ,        ,        ,        ,        ,        ,      
lashoma01, 2007,     1, BOS , NHL , D  , 18.0,  1.0,   4.0,   5.0,   0.0, -2.0 ,  1.0,  2.0,  0.0,  0.0,  0.0,    ,  11.0,       ,      ,      ,        ,        ,        ,        ,        ,        ,        ,        ,      
lashoma01, 2008,     1, BOS , NHL , D  , 16.0,  0.0,   1.0,   1.0,  10.0, 1.0  ,  0.0,  0.0,  0.0,  0.0,  0.0,    ,   6.0,       ,      ,      ,        ,        ,        ,        ,        ,        ,        ,        ,      
lashoma01, 2008,     2, TBL , NHL , D  , 12.0,  0.0,   7.0,   7.0,  10.0, -7.0 ,  0.0,  4.0,  0.0,  0.0,  0.0,    ,  19.0,       ,      ,      ,        ,        ,        ,        ,        ,        ,        ,        ,      
lashoma01, 2009,     1, TBL , NHL , D  ,  5.0,  0.0,   0.0,   0.0,  21.0, -2.0 ,  0.0,  0.0,  0.0,  0.0,  0.0,    ,   2.0,       ,      ,      ,        ,        ,        ,        ,        ,        ,        ,        ,      
laskoga01, 1982,     1, LAK , NHL , G  , 46.0,  0.0,   1.0,   1.0,   6.0, 0.0  ,  0.0,     ,  0.0,     ,  0.0, 0.0,   0.0,       ,      ,      ,        ,        ,        ,        ,        ,        ,        ,        ,      
laskoga01, 1983,     1, LAK , NHL , G  , 13.0,  0.0,   0.0,   0.0,   0.0, 0.0  ,  0.0,     ,  0.0,     ,  0.0, 0.0,   0.0,       ,      ,      ,        ,        ,        ,        ,        ,        ,        ,        ,      
latalji01, 1989,     1, PHI , NHL , D  , 32.0,  6.0,  13.0,  19.0,   6.0, 4.0  ,  3.0,  1.0,  0.0,  0.0,  0.0, 0.0,  59.0,       ,      ,      ,        ,        ,        ,        ,        ,        ,        ,        ,      
latalji01, 1990,     1, PHI , NHL , D  , 50.0,  5.0,  21.0,  26.0,  14.0, -19.0,  1.0,  9.0,  0.0,  0.0,  0.0, 0.0,  81.0,       ,      ,      ,        ,        ,        ,        ,        ,        ,        ,        ,      
latalji01, 1991,     1, PHI , NHL , D  , 10.0,  1.0,   2.0,   3.0,   4.0, 1.0  ,  0.0,  1.0,  0.0,  0.0,  1.0, 0.0,  22.0,       ,      ,      ,        ,        ,        ,        ,        ,        ,        ,        ,      
latengu01, 2006,     1, MTL , NHL , R  , 80.0, 16.0,  13.0,  29.0,  47.0, -20.0,  5.0,  5.0,  0.0,  0.0,  3.0,    , 121.0,       ,      ,      ,        ,        ,        ,        ,        ,        ,        ,        ,      
latengu01, 2007,     1, MTL , NHL , R  , 73.0, 16.0,  11.0,  27.0,  41.0, -2.0 ,  2.0,  2.0,  0.0,  0.0,  3.0,    , 116.0,    8.0,   0.0,   1.0,     1.0,    19.0, -5.0   ,     0.0,     1.0,     0.0,     0.0,     0.0,    18.0
latengu01, 2008,     1, MTL , NHL , R  , 56.0, 14.0,  12.0,  26.0,  45.0, 4.0  ,  1.0,  3.0,  0.0,  0.0,  2.0,    , 117.0,    4.0,   0.0,   0.0,     0.0,    12.0, -2.0   ,     0.0,     0.0,     0.0,     0.0,     0.0,     5.0
latengu01, 2009,     1, MTL , NHL , R  , 23.0,  2.0,   1.0,   3.0,   4.0, -4.0 ,  0.0,  0.0,  0.0,  0.0,  0.0,    ,  27.0,       ,      ,      ,        ,        ,        ,        ,        ,        ,        ,        ,      
latengu01, 2009,     2, MIN , NHL , R  , 55.0, 25.0,  12.0,  37.0,  12.0, 1.0  ,  7.0,  1.0,  0.0,  0.0,  4.0,    , 133.0,       ,      ,      ,        ,        ,        ,        ,        ,        ,        ,        ,      
latosja01, 1988,     1, NYR , NHL , R  ,  1.0,  0.0,   0.0,   0.0,   0.0, -1.0 ,  0.0,  0.0,  0.0,  0.0,  0.0, 0.0,   0.0,       ,      ,      ,        ,        ,        ,        ,        ,        ,        ,        ,      
latreph01, 1960,     1, NYR , NHL , R  ,  4.0,  0.0,   0.0,   0.0,   2.0,      ,     ,     ,     ,     ,     ,    ,      ,       ,      ,      ,        ,        ,        ,        ,        ,        ,        ,        ,      
lattada01, 1985,     1, QUE , NHL , L  ,  1.0,  0.0,   0.0,   0.0,   0.0, 0.0  ,  0.0,     ,  0.0,     ,  0.0, 0.0,   1.0,       ,      ,      ,        ,        ,        ,        ,        ,        ,        ,        ,      
lattada01, 1987,     1, QUE , NHL , L  , 10.0,  0.0,   0.0,   0.0,   0.0, -4.0 ,  0.0,  0.0,  0.0,  0.0,  0.0, 0.0,  13.0,       ,      ,      ,        ,        ,        ,        ,        ,        ,        ,        ,      
lattada01, 1988,     1, QUE , NHL , L  , 24.0,  4.0,   8.0,  12.0,   4.0, -8.0 ,  1.0,  1.0,  0.0,  0.0,  1.0, 0.0,  30.0,       ,      ,      ,        ,        ,        ,        ,        ,        ,        ,        ,      
lattada01, 1990,     1, QUE , NHL , L  ,  1.0,  0.0,   0.0,   0.0,   0.0, 0.0  ,  0.0,  0.0,  0.0,  0.0,  0.0, 0.0,   1.0,       ,      ,      ,        ,        ,        ,        ,        ,        ,        ,        ,      
laudema01, 1927,     1, BOS , NHL , D  ,  3.0,  0.0,   0.0,   0.0,   2.0,      ,     ,     ,     ,     ,     ,    ,      ,       ,      ,      ,        ,        ,        ,        ,        ,        ,        ,        ,      
lauenmi01, 1983,     1, WIN , NHL , R  ,  4.0,  0.0,   1.0,   1.0,   0.0, 0.0  ,  0.0,     ,  0.0,     ,  0.0, 0.0,   3.0,       ,      ,      ,        ,        ,        ,        ,        ,        ,        ,        ,      
lauerbr01, 1986,     1, NYI , NHL , R  , 61.0,  7.0,  14.0,  21.0,  65.0, 0.0  ,  1.0,     ,  0.0,     ,  1.0, 1.0,  75.0,    6.0,   2.0,   0.0,     2.0,     4.0, 1.0    ,     1.0,        ,     0.0,        ,     0.0,     8.0
lauerbr01, 1987,     1, NYI , NHL , R  , 69.0, 17.0,  18.0,  35.0,  67.0, 13.0 ,  3.0,  3.0,  0.0,  0.0,  4.0, 0.0,  94.0,    5.0,   3.0,   1.0,     4.0,     4.0, 5.0    ,     0.0,     0.0,     0.0,     1.0,     0.0,    16.0
lauerbr01, 1988,     1, NYI , NHL , L  , 14.0,  3.0,   2.0,   5.0,   2.0, -2.0 ,  0.0,  0.0,  0.0,  0.0,  0.0, 0.0,  21.0,       ,      ,      ,        ,        ,        ,        ,        ,        ,        ,        ,      
lauerbr01, 1989,     1, NYI , NHL , L  , 63.0,  6.0,  18.0,  24.0,  19.0, 5.0  ,  0.0,  2.0,  0.0,  0.0,  2.0, 0.0,  86.0,    4.0,   0.0,   2.0,     2.0,    10.0, 4.0    ,     0.0,     0.0,     0.0,     0.0,     0.0,     9.0
lauerbr01, 1990,     1, NYI , NHL , L  , 44.0,  4.0,   8.0,  12.0,  45.0, -6.0 ,  0.0,  0.0,  1.0,  0.0,  0.0, 0.0,  70.0,       ,      ,      ,        ,        ,        ,        ,        ,        ,        ,        ,      
lauerbr01, 1991,     1, NYI , NHL , L  ,  8.0,  1.0,   0.0,   1.0,   2.0, -2.0 ,  0.0,  0.0,  1.0,  0.0,  0.0, 0.0,  12.0,       ,      ,      ,        ,        ,        ,        ,        ,        ,        ,        ,      
lauerbr01, 1991,     2, CHI , NHL , L  ,  6.0,  0.0,   0.0,   0.0,   4.0, -3.0 ,  0.0,  0.0,  0.0,  0.0,  0.0, 0.0,   6.0,    7.0,   1.0,   1.0,     2.0,     2.0, 2.0    ,     0.0,     0.0,     0.0,     0.0,     0.0,     9.0
lauerbr01, 1992,     1, CHI , NHL , L  ,  7.0,  0.0,   1.0,   1.0,   2.0, -1.0 ,  0.0,  1.0,  0.0,  0.0,  0.0, 0.0,   8.0,       ,      ,      ,        ,        ,        ,        ,        ,        ,        ,        ,      
lauerbr01, 1993,     1, OTT , NHL , L  , 30.0,  2.0,   5.0,   7.0,   6.0, -15.0,  0.0,  1.0,  1.0,  0.0,  0.0, 0.0,  45.0,       ,      ,      ,        ,        ,        ,        ,        ,        ,        ,        ,      
lauerbr01, 1995,     1, PIT , NHL , L  , 21.0,  4.0,   1.0,   5.0,   6.0, -5.0 ,  1.0,  0.0,  0.0,  0.0,  1.0, 0.0,  29.0,   12.0,   1.0,   1.0,     2.0,     4.0, 0.0    ,     0.0,     0.0,     0.0,     0.0,     0.0,     8.0
laughcr01, 1981,     1, MTL , NHL , R  , 36.0, 12.0,  11.0,  23.0,  33.0, 10.0 ,  2.0,     ,  0.0,     ,  1.0, 0.0,  52.0,    3.0,   0.0,   1.0,     1.0,     0.0,        ,     0.0,        ,     0.0,        ,     0.0,      
laughcr01, 1982,     1, WAS , NHL , L  , 75.0, 17.0,  27.0,  44.0,  41.0, -7.0 ,  5.0,     ,  0.0,     ,  3.0, 1.0, 128.0,    4.0,   1.0,   0.0,     1.0,     0.0,        ,     0.0,        ,     0.0,        ,     0.0,      
laughcr01, 1983,     1, WAS , NHL , R  , 80.0, 20.0,  32.0,  52.0,  69.0, 4.0  ,  7.0,     ,  0.0,     ,  3.0, 1.0, 111.0,    8.0,   4.0,   2.0,     6.0,     6.0, 0.0    ,     1.0,        ,     0.0,        ,     3.0,    14.0
laughcr01, 1984,     1, WAS , NHL , R  , 78.0, 16.0,  34.0,  50.0,  38.0, 12.0 ,  5.0,     ,  0.0,     ,  3.0, 0.0, 104.0,    5.0,   0.0,   0.0,     0.0,     2.0, -2.0   ,     0.0,        ,     0.0,        ,     0.0,     6.0
laughcr01, 1985,     1, WAS , NHL , R  , 75.0, 30.0,  45.0,  75.0,  43.0, 24.0 , 10.0,     ,  0.0,     ,  4.0, 1.0, 114.0,    9.0,   1.0,   2.0,     3.0,    10.0, 2.0    ,     0.0,        ,     0.0,        ,     1.0,    13.0
laughcr01, 1986,     1, WAS , NHL , R  , 80.0, 22.0,  30.0,  52.0,  67.0, -3.0 , 11.0,     ,  0.0,     ,  5.0, 0.0, 109.0,    1.0,   0.0,   0.0,     0.0,     0.0, 0.0    ,     0.0,        ,     0.0,        ,     0.0,     0.0
laughcr01, 1987,     1, WAS , NHL , R  , 40.0,  5.0,   5.0,  10.0,  26.0, -8.0 ,  3.0,     ,  0.0,  0.0,  1.0, 0.0,  45.0,       ,      ,      ,        ,        ,        ,        ,        ,        ,        ,        ,      
laughcr01, 1987,     2, LAK , NHL , R  , 19.0,  4.0,   8.0,  12.0,   6.0, -8.0 ,  2.0,     ,  0.0,  0.0,  0.0, 0.0,  29.0,    3.0,   0.0,   1.0,     1.0,     2.0, -1.0   ,     0.0,     0.0,     0.0,     0.0,     0.0,     6.0
laughcr01, 1988,     1, TOR , NHL , C  , 66.0, 10.0,  13.0,  23.0,  41.0, -22.0,  0.0,  1.0,  0.0,  0.0,  0.0, 0.0,  87.0,       ,      ,      ,        ,        ,        ,        ,        ,        ,        ,        ,      
laughmi01, 1967,     1, OAK , NHL , C  , 35.0,  2.0,   6.0,   8.0,  38.0, -17.0,  2.0,     ,  0.0,     ,  0.0, 0.0,  53.0,       ,      ,      ,        ,        ,        ,        ,        ,        ,        ,        ,      
laughmi01, 1968,     1, OAK , NHL , C  , 53.0, 20.0,  23.0,  43.0,  22.0, 0.0  ,  3.0,     ,  0.0,     ,  5.0, 0.0, 103.0,    7.0,   3.0,   2.0,     5.0,     0.0,        ,     0.0,        ,     0.0,        ,     0.0,      
laughmi01, 1969,     1, OAK , NHL , C  , 76.0, 16.0,  19.0,  35.0,  39.0, -28.0,  3.0,     ,  0.0,     ,  4.0, 2.0, 147.0,    4.0,   0.0,   1.0,     1.0,     0.0,        ,     0.0,        ,     0.0,        ,     0.0,      
laughmi01, 1970,     1, CLF , NHL , C  , 25.0,  1.0,   0.0,   1.0,   2.0, -12.0,  1.0,     ,  0.0,     ,  0.0, 0.0,  22.0,       ,      ,      ,        ,        ,        ,        ,        ,        ,        ,        ,      
laughmi01, 1972,     1, NRA , WHA , C  , 67.0, 16.0,  20.0,  36.0,  44.0,      ,  1.0,     ,  0.0,     ,     ,    ,      ,       ,      ,      ,        ,        ,        ,        ,        ,        ,        ,        ,      
laughmi01, 1973,     1, NYJ , WHA , C  , 71.0, 20.0,  18.0,  38.0,  34.0,      ,  1.0,     ,  1.0,     ,  4.0,    ,      ,       ,      ,      ,        ,        ,        ,        ,        ,        ,        ,        ,      
laughmi01, 1974,     1, SDM , WHA , C  , 65.0,  8.0,   9.0,  17.0,  22.0, -12.0,  0.0,     ,  3.0,     ,     ,    ,  92.0,   10.0,   4.0,   1.0,     5.0,     0.0,        ,        ,        ,        ,        ,     0.0,      
laukkja01, 1994,     1, QUE , NHL , D  , 11.0,  0.0,   3.0,   3.0,   4.0, 3.0  ,  0.0,  2.0,  0.0,  0.0,  0.0, 0.0,  12.0,    6.0,   1.0,   0.0,     1.0,     2.0, -2.0   ,     0.0,     0.0,     0.0,     0.0,     0.0,    11.0
laukkja01, 1995,     1, COL , NHL , D  ,  3.0,  1.0,   0.0,   1.0,   0.0, -1.0 ,  1.0,  0.0,  0.0,  0.0,  0.0, 0.0,   4.0,       ,      ,      ,        ,        ,        ,        ,        ,        ,        ,        ,      
laukkja01, 1995,     2, OTT , NHL , D  , 20.0,  0.0,   2.0,   2.0,  14.0, 0.0  ,  0.0,  0.0,  0.0,  0.0,  0.0, 0.0,  31.0,       ,      ,      ,        ,        ,        ,        ,        ,        ,        ,        ,      
laukkja01, 1996,     1, OTT , NHL , D  , 76.0,  3.0,  18.0,  21.0,  76.0, -14.0,  2.0,  7.0,  0.0,  1.0,  0.0, 0.0, 109.0,    7.0,   0.0,   1.0,     1.0,     6.0, -1.0   ,     0.0,     1.0,     0.0,     0.0,     0.0,     7.0
laukkja01, 1997,     1, OTT , NHL , D  , 60.0,  4.0,  17.0,  21.0,  64.0, -15.0,  2.0,  6.0,  0.0,  1.0,  2.0, 0.0,  69.0,   11.0,   2.0,   2.0,     4.0,     8.0, -3.0   ,     1.0,     1.0,     0.0,     0.0,     1.0,    14.0
laukkja01, 1998,     1, OTT , NHL , D  , 50.0,  1.0,  11.0,  12.0,  40.0, 18.0 ,  0.0,  1.0,  0.0,  0.0,  0.0, 0.0,  46.0,    4.0,   0.0,   0.0,     0.0,     4.0, 1.0    ,     0.0,     0.0,     0.0,     0.0,     0.0,     8.0
laukkja01, 1999,     1, OTT , NHL , D  , 60.0,  1.0,  11.0,  12.0,  55.0, 14.0 ,  0.0,  0.0,  0.0,  1.0,  0.0, 0.0,  62.0,       ,      ,      ,        ,        ,        ,        ,        ,        ,        ,        ,      
laukkja01, 1999,     2, PIT , NHL , D  , 11.0,  1.0,   7.0,   8.0,  12.0, 3.0  ,  1.0,  3.0,  0.0,  0.0,  0.0, 0.0,  19.0,   11.0,   2.0,   4.0,     6.0,    10.0, 6.0    ,     1.0,     2.0,     0.0,     0.0,     1.0,    16.0
laukkja01, 2000,     1, PIT , NHL , D  , 50.0,  3.0,  17.0,  20.0,  34.0, 9.0  ,  0.0,  3.0,  0.0,  1.0,  0.0, 0.0,  58.0,   18.0,   2.0,   2.0,     4.0,    14.0, 6.0    ,     1.0,     1.0,     0.0,     0.0,     0.0,    16.0
laukkja01, 2001,     1, PIT , NHL , D  , 47.0,  6.0,   7.0,  13.0,  28.0, -18.0,  3.0,  4.0,  0.0,  1.0,  1.0, 0.0,  66.0,       ,      ,      ,        ,        ,        ,        ,        ,        ,        ,        ,      
laukkja01, 2002,     1, PIT , NHL , D  , 17.0,  1.0,   6.0,   7.0,   8.0, -3.0 ,  0.0,  2.0,  0.0,  0.0,  0.0, 0.0,  10.0,       ,      ,      ,        ,        ,        ,        ,        ,        ,        ,        ,      
laukkja01, 2002,     2, TBL , NHL , D  ,  2.0,  1.0,   0.0,   1.0,   0.0, 1.0  ,  0.0,  0.0,  0.0,  0.0,  0.0, 0.0,   2.0,    2.0,   0.0,   0.0,     0.0,     2.0, 1.0    ,     0.0,     0.0,     0.0,     0.0,     0.0,     1.0
lauredo01, 1978,     1, ATF , NHL , C  , 59.0, 14.0,  20.0,  34.0,   6.0, 8.0  ,  2.0,     ,  0.0,     ,  3.0, 0.0, 113.0,       ,      ,      ,        ,        ,        ,        ,        ,        ,        ,        ,      
lauredo01, 1979,     1, STL , NHL , C  , 20.0,  1.0,   2.0,   3.0,   8.0, -7.0 ,  0.0,     ,  0.0,     ,  1.0, 0.0,  35.0,       ,      ,      ,        ,        ,        ,        ,        ,        ,        ,        ,      
lauspa01 , 1993,     1, FLO , NHL , D  , 39.0,  2.0,   0.0,   2.0, 109.0, 9.0  ,  0.0,  0.0,  0.0,  0.0,  1.0, 0.0,  15.0,       ,      ,      ,        ,        ,        ,        ,        ,        ,        ,        ,      
lauspa01 , 1994,     1, FLO , NHL , D  , 37.0,  0.0,   7.0,   7.0, 138.0, 12.0 ,  0.0,  0.0,  0.0,  0.0,  0.0, 0.0,  18.0,       ,      ,      ,        ,        ,        ,        ,        ,        ,        ,        ,      
lauspa01 , 1995,     1, FLO , NHL , D  , 78.0,  3.0,   6.0,   9.0, 236.0, -2.0 ,  0.0,  0.0,  0.0,  0.0,  0.0, 0.0,  45.0,   21.0,   2.0,   6.0,     8.0,    62.0, 3.0    ,     0.0,     2.0,     0.0,     0.0,     0.0,    18.0
lauspa01 , 1996,     1, FLO , NHL , D  , 77.0,  0.0,  12.0,  12.0, 313.0, 13.0 ,  0.0,  1.0,  0.0,  1.0,  0.0, 0.0,  63.0,    5.0,   0.0,   1.0,     1.0,     4.0, -3.0   ,     0.0,     0.0,     0.0,     0.0,     0.0,     6.0
lauspa01 , 1997,     1, FLO , NHL , R  , 77.0,  0.0,  11.0,  11.0, 293.0, -5.0 ,  0.0,  2.0,  0.0,  1.0,  0.0, 0.0,  64.0,       ,      ,      ,        ,        ,        ,        ,        ,        ,        ,        ,      
lauspa01 , 1998,     1, FLO , NHL , D  , 75.0,  1.0,   9.0,  10.0, 218.0, -1.0 ,  0.0,  0.0,  0.0,  0.0,  0.0, 0.0,  54.0,       ,      ,      ,        ,        ,        ,        ,        ,        ,        ,        ,      
lauspa01 , 1999,     1, FLO , NHL , D  , 77.0,  3.0,   8.0,  11.0, 172.0, -1.0 ,  0.0,  1.0,  0.0,  0.0,  0.0, 0.0,  44.0,    4.0,   0.0,   0.0,     0.0,     8.0, 0.0    ,     0.0,     0.0,     0.0,     0.0,     0.0,     5.0
lauspa01 , 2000,     1, FLO , NHL , R  , 25.0,  1.0,   2.0,   3.0,  66.0, 5.0  ,  0.0,  0.0,  0.0,  0.0,  0.0, 0.0,  18.0,       ,      ,      ,        ,        ,        ,        ,        ,        ,        ,        ,      
lauspa01 , 2001,     1, FLO , NHL , D  , 45.0,  4.0,   3.0,   7.0, 157.0, 1.0  ,  0.0,  0.0,  1.0,  0.0,  0.0, 0.0,  39.0,       ,      ,      ,        ,        ,        ,        ,        ,        ,        ,        ,      
lavaljo01, 2007,     1, ATL , NHL , L  ,  2.0,  1.0,   1.0,   2.0,   0.0, 2.0  ,  0.0,  0.0,  0.0,  0.0,  0.0,    ,   1.0,       ,      ,      ,        ,        ,        ,        ,        ,        ,        ,        ,      
lavaljo01, 2008,     1, ATL , NHL , L  ,  2.0,  0.0,   0.0,   0.0,   0.0, -1.0 ,  0.0,  0.0,  0.0,  0.0,  0.0,    ,   1.0,       ,      ,      ,        ,        ,        ,        ,        ,        ,        ,        ,      
lavalke01, 1980,     1, CAL , NHL , L  , 77.0, 15.0,  20.0,  35.0,  16.0, -4.0 ,  3.0,     ,  0.0,     ,  2.0, 0.0, 131.0,    8.0,   2.0,   3.0,     5.0,     4.0,        ,     1.0,        ,     0.0,        ,     1.0,      
lavalke01, 1981,     1, CAL , NHL , L  , 75.0, 32.0,  29.0,  61.0,  30.0, -9.0 ,  6.0,     ,  0.0,     ,  3.0, 2.0, 169.0,    3.0,   0.0,   0.0,     0.0,     7.0,        ,     0.0,        ,     0.0,        ,     0.0,      
lavalke01, 1982,     1, CAL , NHL , L  , 60.0, 19.0,  16.0,  35.0,  17.0, -6.0 ,  1.0,     ,  0.0,     ,  2.0, 2.0, 139.0,    8.0,   1.0,   3.0,     4.0,     4.0,        ,     0.0,        ,     0.0,        ,     0.0,      
lavalke01, 1983,     1, LAK , NHL , L  , 19.0,  3.0,   3.0,   6.0,   2.0, -5.0 ,  0.0,     ,  0.0,     ,  0.0, 0.0,  41.0,       ,      ,      ,        ,        ,        ,        ,        ,        ,        ,        ,      
lavalke01, 1984,     1, STL , NHL , L  , 38.0, 15.0,  17.0,  32.0,   8.0, 2.0  ,  2.0,     ,  0.0,     ,  1.0, 0.0,  68.0,       ,      ,      ,        ,        ,        ,        ,        ,        ,        ,        ,      
lavalke01, 1985,     1, STL , NHL , L  , 64.0, 18.0,  20.0,  38.0,   8.0, 8.0  ,  7.0,     ,  0.0,     ,  2.0, 1.0, 129.0,   13.0,   2.0,   2.0,     4.0,     6.0, 2.0    ,     0.0,        ,     0.0,        ,     1.0,    23.0
lavalke01, 1986,     1, PIT , NHL , L  , 33.0,  8.0,  20.0,  28.0,   4.0, -2.0 ,  5.0,     ,  0.0,     ,  0.0, 0.0,  80.0,       ,      ,      ,        ,        ,        ,        ,        ,        ,        ,        ,      
lavarma01, 1985,     1, CHI , NHL , R  ,  2.0,  0.0,   0.0,   0.0,   0.0, -2.0 ,  0.0,     ,  0.0,     ,  0.0, 0.0,   2.0,       ,      ,      ,        ,        ,        ,        ,        ,        ,        ,        ,      
lavarma01, 1986,     1, CHI , NHL , R  , 58.0,  8.0,  15.0,  23.0,  33.0, 11.0 ,  0.0,     ,  0.0,     ,  0.0, 1.0,  46.0,       ,      ,      ,        ,        ,        ,        ,        ,        ,        ,        ,      
lavarma01, 1987,     1, CHI , NHL , R  , 18.0,  1.0,   1.0,   2.0,  25.0, -8.0 ,  0.0,  0.0,  0.0,  0.0,  0.0, 0.0,  17.0,    1.0,   0.0,   0.0,     0.0,     2.0, 0.0    ,     0.0,     0.0,     0.0,     0.0,     0.0,     0.0
lavenbr01, 1971,     1, STL , NHL , L  , 46.0,  5.0,  11.0,  16.0,  54.0, -2.0 ,  0.0,     ,  0.0,     ,  1.0, 0.0,  68.0,    3.0,   0.0,   0.0,     0.0,     2.0,        ,     0.0,        ,     0.0,        ,     0.0,      
lavenbr01, 1972,     1, NYI , NHL , L  , 43.0,  6.0,   6.0,  12.0,  47.0, -42.0,  2.0,     ,  0.0,     ,  0.0, 1.0,  74.0,       ,      ,      ,        ,        ,        ,        ,        ,        ,        ,        ,      
lavenbr01, 1972,     2, DET , NHL , L  , 26.0,  2.0,   2.0,   4.0,  14.0, 2.0  ,  0.0,     ,  0.0,     ,  0.0, 0.0,  13.0,       ,      ,      ,        ,        ,        ,        ,        ,        ,        ,        ,      
lavenbr01, 1973,     1, DET , NHL , L  ,  4.0,  0.0,   0.0,   0.0,  11.0, -4.0 ,  0.0,     ,  0.0,     ,  0.0, 0.0,   2.0,       ,      ,      ,        ,        ,        ,        ,        ,        ,        ,        ,      
lavenbr01, 1974,     1, CLF , NHL , L  , 65.0,  3.0,   7.0,  10.0,  48.0, -10.0,  0.0,     ,  0.0,     ,  1.0, 0.0,  30.0,       ,      ,      ,        ,        ,        ,        ,        ,        ,        ,        ,      
lavenbr01, 1975,     1, DOT , WHA , L  , 37.0,  5.0,   6.0,  11.0,  35.0, -15.0,     ,     ,     ,     ,     ,    ,      ,       ,      ,      ,        ,        ,        ,        ,        ,        ,        ,        ,      
laviger01, 1994,     1, LAK , NHL , D  ,  1.0,  0.0,   0.0,   0.0,   0.0, -1.0 ,  0.0,  0.0,  0.0,  0.0,  0.0, 0.0,   0.0,       ,      ,      ,        ,        ,        ,        ,        ,        ,        ,        ,      
lavioja01, 1909,     1, LES , NHA ,    , 11.0,  3.0,   0.0,   3.0,  26.0,      ,     ,     ,     ,     ,     ,    ,      ,       ,      ,      ,        ,        ,        ,        ,        ,        ,        ,        ,      
lavioja01, 1910,     1, MOC , NHA ,    , 16.0,  0.0,   0.0,   0.0,  24.0,      ,     ,     ,     ,     ,     ,    ,      ,       ,      ,      ,        ,        ,        ,        ,        ,        ,        ,        ,      
lavioja01, 1911,     1, MOC , NHA ,    , 17.0,  7.0,   0.0,   7.0,  10.0,      ,     ,     ,     ,     ,     ,    ,      ,       ,      ,      ,        ,        ,        ,        ,        ,        ,        ,        ,      
lavioja01, 1912,     1, MOC , NHA ,    , 20.0,  8.0,   0.0,   8.0,  77.0,      ,     ,     ,     ,     ,     ,    ,      ,       ,      ,      ,        ,        ,        ,        ,        ,        ,        ,        ,      
lavioja01, 1913,     1, MOC , NHA ,    , 20.0,  7.0,   9.0,  16.0,  30.0,      ,     ,     ,     ,     ,     ,    ,      ,    2.0,   0.0,      ,        ,        ,        ,        ,        ,        ,        ,        ,      
lavioja01, 1914,     1, MOC , NHA ,    , 18.0,  6.0,   3.0,   9.0,  35.0,      ,     ,     ,     ,     ,     ,    ,      ,       ,      ,      ,        ,        ,        ,        ,        ,        ,        ,        ,      
lavioja01, 1915,     1, MOC , NHA ,    , 18.0,  8.0,   3.0,  11.0,  62.0,      ,     ,     ,     ,     ,     ,    ,      ,       ,      ,      ,        ,        ,        ,        ,        ,        ,        ,        ,      
lavioja01, 1916,     1, MOC , NHA ,    , 18.0,  7.0,   3.0,  10.0,  21.0,      ,     ,     ,     ,     ,     ,    ,      ,    2.0,   0.0,      ,        ,        ,        ,        ,        ,        ,        ,        ,      
lavioja01, 1917,     1, MTL , NHL , L  , 18.0,  2.0,   1.0,   3.0,   6.0,      ,     ,     ,     ,     ,  0.0,    ,      ,    2.0,   0.0,   0.0,     0.0,     0.0,        ,        ,        ,        ,        ,        ,      
laviope01, 1988,     1, NYR , NHL , D  , 12.0,  0.0,   0.0,   0.0,   6.0, 2.0  ,  0.0,  0.0,  0.0,  0.0,  0.0, 0.0,   2.0,       ,      ,      ,        ,        ,        ,        ,        ,        ,        ,        ,      
lavoido01, 1988,     1, STL , NHL , D  ,  1.0,  0.0,   0.0,   0.0,   0.0, 2.0  ,  0.0,  0.0,  0.0,  0.0,  0.0, 0.0,   1.0,       ,      ,      ,        ,        ,        ,        ,        ,        ,        ,        ,      
lavoido01, 1989,     1, STL , NHL , D  , 13.0,  1.0,   1.0,   2.0,  16.0, -5.0 ,  1.0,  0.0,  0.0,  0.0,  0.0, 0.0,  20.0,       ,      ,      ,        ,        ,        ,        ,        ,        ,        ,        ,      
lavoido01, 1990,     1, STL , NHL , D  ,  6.0,  1.0,   2.0,   3.0,   2.0, 4.0  ,  0.0,  0.0,  0.0,  0.0,  0.0, 0.0,  11.0,       ,      ,      ,        ,        ,        ,        ,        ,        ,        ,        ,      
lavoido01, 1991,     1, STL , NHL , D  ,  6.0,  0.0,   1.0,   1.0,  10.0, -3.0 ,  0.0,  0.0,  0.0,  0.0,  0.0, 0.0,  11.0,       ,      ,      ,        ,        ,        ,        ,        ,        ,        ,        ,      
lavoido01, 1992,     1, OTT , NHL , D  ,  2.0,  0.0,   1.0,   1.0,   0.0, 0.0  ,  0.0,  1.0,  0.0,  0.0,  0.0, 0.0,   8.0,       ,      ,      ,        ,        ,        ,        ,        ,        ,        ,        ,      
lavoido01, 1992,     2, BOS , NHL , D  ,  2.0,  0.0,   0.0,   0.0,   2.0, -1.0 ,  0.0,  0.0,  0.0,  0.0,  0.0, 0.0,   7.0,       ,      ,      ,        ,        ,        ,        ,        ,        ,        ,        ,      
lavoido01, 1993,     1, LAK , NHL , D  ,  8.0,  3.0,   3.0,   6.0,   2.0, -2.0 ,  2.0,  3.0,  0.0,  0.0,  1.0, 0.0,  21.0,       ,      ,      ,        ,        ,        ,        ,        ,        ,        ,        ,      
lavrevl01, 1977,     1, SOV , WHA , R  ,  7.0,  1.0,   7.0,   8.0,  18.0,      ,     ,     ,     ,     ,     ,    ,      ,       ,      ,      ,        ,        ,        ,        ,        ,        ,        ,        ,      
lawki01  , 2000,     1, PHI , NHL , R  ,  1.0,  0.0,   0.0,   0.0,   0.0, -1.0 ,  0.0,  0.0,  0.0,  0.0,  0.0, 0.0,   0.0,       ,      ,      ,        ,        ,        ,        ,        ,        ,        ,        ,      
lawki01  , 2002,     1, PHI , NHL , R  ,  2.0,  0.0,   0.0,   0.0,   2.0, 0.0  ,  0.0,  0.0,  0.0,  0.0,  0.0, 0.0,   0.0,       ,      ,      ,        ,        ,        ,        ,        ,        ,        ,        ,      
lawki01  , 2003,     1, PHI , NHL , R  ,  6.0,  0.0,   1.0,   1.0,   2.0, 0.0  ,  0.0,  0.0,  0.0,  0.0,  0.0, 0.0,   1.0,       ,      ,      ,        ,        ,        ,        ,        ,        ,        ,        ,      
lawlepa01, 1982,     1, HAR , NHL , L  , 47.0,  6.0,   9.0,  15.0,   4.0, -31.0,  1.0,     ,  0.0,     ,  0.0, 0.0,  84.0,       ,      ,      ,        ,        ,        ,        ,        ,        ,        ,        ,      
lawlepa01, 1983,     1, HAR , NHL , L  ,  6.0,  0.0,   3.0,   3.0,   0.0, -5.0 ,  0.0,     ,  0.0,     ,  0.0, 0.0,   7.0,       ,      ,      ,        ,        ,        ,        ,        ,        ,        ,        ,      
lawlepa01, 1985,     1, HAR , NHL , L  , 64.0, 17.0,  21.0,  38.0,  20.0, -3.0 ,  5.0,     ,  0.0,     ,  1.0, 0.0, 139.0,    1.0,   0.0,   0.0,     0.0,     0.0, 0.0    ,     0.0,        ,     0.0,        ,     0.0,     5.0
lawlepa01, 1986,     1, HAR , NHL , L  , 60.0, 22.0,  32.0,  54.0,  14.0, 24.0 ,  4.0,     ,  0.0,     ,  2.0, 1.0, 161.0,    2.0,   0.0,   2.0,     2.0,     2.0, 1.0    ,     0.0,        ,     0.0,        ,     0.0,     7.0
lawlepa01, 1987,     1, HAR , NHL , L  , 28.0,  4.0,   5.0,   9.0,  16.0, -2.0 ,  0.0,     ,  0.0,  0.0,  1.0, 0.0,  71.0,       ,      ,      ,        ,        ,        ,        ,        ,        ,        ,        ,      
lawlepa01, 1987,     2, PHI , NHL , L  ,  8.0,  0.0,   5.0,   5.0,   0.0, 0.0  ,  0.0,     ,  0.0,  0.0,  0.0, 0.0,  10.0,       ,      ,      ,        ,        ,        ,        ,        ,        ,        ,        ,      
lawlepa01, 1987,     3, VAN , NHL , L  , 13.0,  0.0,   1.0,   1.0,   0.0, -9.0 ,  0.0,     ,  0.0,  0.0,  0.0, 0.0,  15.0,       ,      ,      ,        ,        ,        ,        ,        ,        ,        ,        ,      
lawlepa01, 1988,     1, TOR , NHL , L  ,  7.0,  0.0,   0.0,   0.0,   0.0, -2.0 ,  0.0,  0.0,  0.0,  0.0,  0.0, 0.0,  11.0,       ,      ,      ,        ,        ,        ,        ,        ,        ,        ,        ,      
lawlepa01, 1989,     1, TOR , NHL , L  ,  6.0,  0.0,   1.0,   1.0,   0.0, -4.0 ,  0.0,  0.0,  0.0,  0.0,  0.0, 0.0,   6.0,       ,      ,      ,        ,        ,        ,        ,        ,        ,        ,        ,      
lawrema01, 1994,     1, DAL , NHL , R  ,  2.0,  0.0,   0.0,   0.0,   0.0, 0.0  ,  0.0,  0.0,  0.0,  0.0,  0.0, 0.0,   3.0,       ,      ,      ,        ,        ,        ,        ,        ,        ,        ,        ,      
lawrema01, 1995,     1, DAL , NHL , R  , 13.0,  0.0,   1.0,   1.0,  17.0, 0.0  ,  0.0,  0.0,  0.0,  0.0,  0.0, 0.0,  13.0,       ,      ,      ,        ,        ,        ,        ,        ,        ,        ,        ,      
lawrema01, 1997,     1, NYI , NHL , R  ,  2.0,  0.0,   0.0,   0.0,   2.0, 0.0  ,  0.0,  0.0,  0.0,  0.0,  0.0, 0.0,   4.0,       ,      ,      ,        ,        ,        ,        ,        ,        ,        ,        ,      
lawrema01, 1998,     1, NYI , NHL , R  , 60.0, 14.0,  16.0,  30.0,  38.0, -8.0 ,  4.0,  5.0,  0.0,  0.0,  2.0, 1.0,  88.0,       ,      ,      ,        ,        ,        ,        ,        ,        ,        ,        ,      
lawrema01, 1999,     1, NYI , NHL , R  , 29.0,  1.0,   5.0,   6.0,  26.0, -13.0,  0.0,  4.0,  0.0,  0.0,  0.0, 1.0,  33.0,       ,      ,      ,        ,        ,        ,        ,        ,        ,        ,        ,      
lawrema01, 2000,     1, NYI , NHL , R  , 36.0,  3.0,   4.0,   7.0,  32.0, -9.0 ,  1.0,  0.0,  0.0,  0.0,  0.0, 0.0,  32.0,       ,      ,      ,        ,        ,        ,        ,        ,        ,        ,        ,      
lawsoda01, 1967,     1, DET , NHL , R  ,  1.0,  0.0,   0.0,   0.0,   0.0, 0.0  ,  0.0,     ,  0.0,     ,  0.0, 0.0,   1.0,       ,      ,      ,        ,        ,        ,        ,        ,        ,        ,        ,      
lawsoda01, 1968,     1, DET , NHL , R  , 44.0,  5.0,   7.0,  12.0,  21.0, -2.0 ,  0.0,     ,  0.0,     ,  0.0, 0.0,  58.0,       ,      ,      ,        ,        ,        ,        ,        ,        ,        ,        ,      
lawsoda01, 1968,     2, MNS , NHL , R  , 18.0,  3.0,   3.0,   6.0,   4.0, -7.0 ,  0.0,     ,  0.0,     ,  0.0, 0.0,  13.0,       ,      ,      ,        ,        ,        ,        ,        ,        ,        ,        ,      
lawsoda01, 1969,     1, MNS , NHL , R  , 45.0,  9.0,   8.0,  17.0,  19.0, -3.0 ,  0.0,     ,  0.0,     ,  0.0, 3.0,  58.0,    6.0,   0.0,   1.0,     1.0,     2.0,        ,     0.0,        ,     0.0,        ,     0.0,      
lawsoda01, 1970,     1, MNS , NHL , R  , 33.0,  1.0,   5.0,   6.0,   2.0, 3.0  ,  0.0,     ,  0.0,     ,  0.0, 0.0,  25.0,   10.0,   0.0,   0.0,     0.0,     0.0,        ,     0.0,        ,     0.0,        ,     0.0,      
lawsoda01, 1971,     1, BUF , NHL , R  , 78.0, 10.0,   6.0,  16.0,  15.0, -23.0,  0.0,     ,  1.0,     ,  0.0, 3.0, 176.0,       ,      ,      ,        ,        ,        ,        ,        ,        ,        ,        ,      
lawsoda01, 1972,     1, PHB , WHA , R  , 78.0, 61.0,  45.0, 106.0,  35.0,      , 20.0,     ,  3.0,     ,  6.0,    ,      ,    4.0,   0.0,   1.0,     1.0,     0.0,        ,     0.0,        ,     0.0,        ,     0.0,      
lawsoda01, 1973,     1, VAB , WHA , R  , 78.0, 50.0,  38.0,  88.0,  14.0,      , 10.0,     ,  0.0,     ,  5.0,    ,      ,       ,      ,      ,        ,        ,        ,        ,        ,        ,        ,        ,      
lawsoda01, 1974,     1, VAB , WHA , R  , 78.0, 33.0,  43.0,  76.0,  19.0, -5.0 ,  3.0,     ,  1.0,     ,     ,    , 298.0,       ,      ,      ,        ,        ,        ,        ,        ,        ,        ,        ,      
lawsoda01, 1975,     1, CAC , WHA , R  , 80.0, 44.0,  52.0,  96.0,  46.0, 13.0 ,  7.0,     ,  4.0,     ,  5.0,    , 381.0,    9.0,   4.0,   4.0,     8.0,    19.0, -3.0   ,        ,        ,        ,        ,        ,      
lawsoda01, 1976,     1, CAC , WHA , R  , 64.0, 24.0,  19.0,  43.0,  26.0, -13.0,  2.0,     ,  1.0,     ,     ,    , 248.0,       ,      ,      ,        ,        ,        ,        ,        ,        ,        ,        ,      
lawsoda01, 1976,     2, WIJ , WHA , R  , 14.0,  6.0,   7.0,  13.0,   2.0, 0.0  ,  2.0,     ,  0.0,     ,     ,    ,  46.0,   13.0,   2.0,   4.0,     6.0,     6.0, -1.0   ,        ,        ,        ,        ,     0.0,      
lawtobr01, 1983,     1, MNS , NHL , C  , 58.0, 10.0,  21.0,  31.0,  33.0, 0.0  ,  0.0,     ,  0.0,     ,  4.0, 0.0,  74.0,    5.0,   0.0,   0.0,     0.0,    10.0, 1.0    ,     0.0,        ,     0.0,        ,     0.0,     5.0
lawtobr01, 1984,     1, MNS , NHL , L  , 40.0,  5.0,   6.0,  11.0,  24.0, -2.0 ,  1.0,     ,  0.0,     ,  1.0, 0.0,  40.0,       ,      ,      ,        ,        ,        ,        ,        ,        ,        ,        ,      
lawtobr01, 1985,     1, MNS , NHL , L  , 65.0, 18.0,  17.0,  35.0,  36.0, 10.0 ,  4.0,     ,  0.0,     ,  7.0, 0.0,  98.0,    3.0,   0.0,   1.0,     1.0,     2.0, -5.0   ,     0.0,        ,     0.0,        ,     0.0,     4.0
lawtobr01, 1986,     1, MNS , NHL , L  , 66.0, 21.0,  23.0,  44.0,  86.0, 20.0 ,  2.0,     ,  0.0,     ,  2.0, 0.0, 125.0,       ,      ,      ,        ,        ,        ,        ,        ,        ,        ,        ,      
lawtobr01, 1987,     1, MNS , NHL , C  , 74.0, 17.0,  24.0,  41.0,  71.0, -10.0,  7.0,  9.0,  0.0,  1.0,  1.0, 0.0, 155.0,       ,      ,      ,        ,        ,        ,        ,        ,        ,        ,        ,      
lawtobr01, 1988,     1, NYR , NHL , L  , 30.0,  7.0,  10.0,  17.0,  39.0, -2.0 ,  3.0,     ,  0.0,  0.0,  0.0, 0.0,  58.0,       ,      ,      ,        ,        ,        ,        ,        ,        ,        ,        ,      
lawtobr01, 1988,     2, HAR , NHL , L  , 35.0, 10.0,  16.0,  26.0,  28.0, -9.0 ,  7.0,     ,  0.0,  0.0,  2.0, 0.0,  70.0,    3.0,   1.0,   0.0,     1.0,     0.0, 1.0    ,     0.0,     0.0,     0.0,     0.0,     0.0,     5.0
lawtobr01, 1989,     1, HAR , NHL , L  , 13.0,  2.0,   1.0,   3.0,   6.0, -2.0 ,  1.0,     ,  0.0,  0.0,  0.0, 0.0,  17.0,       ,      ,      ,        ,        ,        ,        ,        ,        ,        ,        ,      
lawtobr01, 1989,     2, QUE , NHL , L  , 14.0,  5.0,   6.0,  11.0,  10.0, -9.0 ,  3.0,     ,  0.0,  0.0,  0.0, 0.0,  25.0,       ,      ,      ,        ,        ,        ,        ,        ,        ,        ,        ,      
lawtobr01, 1989,     3, BOS , NHL , L  ,  8.0,  0.0,   0.0,   0.0,  14.0, -4.0 ,  0.0,  0.0,  0.0,  0.0,  0.0, 0.0,  10.0,       ,      ,      ,        ,        ,        ,        ,        ,        ,        ,        ,      
lawtobr01, 1991,     1, SJS , NHL , L  , 59.0, 15.0,  22.0,  37.0,  42.0, -25.0,  7.0, 12.0,  0.0,  1.0,  1.0, 0.0, 131.0,       ,      ,      ,        ,        ,        ,        ,        ,        ,        ,        ,      
lawtobr01, 1992,     1, SJS , NHL , L  , 21.0,  2.0,   8.0,  10.0,  12.0, -9.0 ,  0.0,  2.0,  0.0,  0.0,  0.0, 0.0,  29.0,       ,      ,      ,        ,        ,        ,        ,        ,        ,        ,        ,      
laxdade01, 1984,     1, TOR , NHL , R  ,  3.0,  0.0,   0.0,   0.0,   6.0, -1.0 ,  0.0,     ,  0.0,     ,  0.0, 0.0,   3.0,       ,      ,      ,        ,        ,        ,        ,        ,        ,        ,        ,      
laxdade01, 1986,     1, TOR , NHL , R  ,  2.0,  0.0,   0.0,   0.0,   7.0, -1.0 ,  0.0,     ,  0.0,     ,  0.0, 0.0,   0.0,       ,      ,      ,        ,        ,        ,        ,        ,        ,        ,        ,      
laxdade01, 1987,     1, TOR , NHL , R  ,  5.0,  0.0,   0.0,   0.0,   6.0, 0.0  ,  0.0,  0.0,  0.0,  0.0,  0.0, 0.0,   2.0,       ,      ,      ,        ,        ,        ,        ,        ,        ,        ,        ,      
laxdade01, 1988,     1, TOR , NHL , R  , 41.0,  9.0,   6.0,  15.0,  65.0, -11.0,  1.0,  1.0,  0.0,  0.0,  0.0, 0.0,  41.0,       ,      ,      ,        ,        ,        ,        ,        ,        ,        ,        ,      
laxdade01, 1989,     1, NYI , NHL , R  , 12.0,  3.0,   1.0,   4.0,   4.0, -4.0 ,  0.0,  0.0,  0.0,  0.0,  0.0, 0.0,  20.0,    1.0,   0.0,   2.0,     2.0,     2.0, 2.0    ,     0.0,     0.0,     0.0,     0.0,     0.0,     0.0
laxdade01, 1990,     1, NYI , NHL , R  ,  4.0,  0.0,   0.0,   0.0,   0.0, -1.0 ,  0.0,  0.0,  0.0,  0.0,  0.0, 0.0,   3.0,       ,      ,      ,        ,        ,        ,        ,        ,        ,        ,        ,      
laxtogo01, 1975,     1, PIT , NHL , G  ,  8.0,  0.0,   0.0,   0.0,   0.0, 0.0  ,  0.0,     ,  0.0,     ,  0.0, 0.0,   0.0,       ,      ,      ,        ,        ,        ,        ,        ,        ,        ,        ,      
laxtogo01, 1976,     1, PIT , NHL , G  ,  6.0,  0.0,   0.0,   0.0,   0.0, 0.0  ,  0.0,     ,  0.0,     ,  0.0, 0.0,   0.0,       ,      ,      ,        ,        ,        ,        ,        ,        ,        ,        ,      
laxtogo01, 1977,     1, PIT , NHL , G  ,  2.0,  0.0,   0.0,   0.0,   0.0, 0.0  ,  0.0,     ,  0.0,     ,  0.0, 0.0,   0.0,       ,      ,      ,        ,        ,        ,        ,        ,        ,        ,        ,      
laxtogo01, 1978,     1, PIT , NHL , G  ,  1.0,  0.0,   0.0,   0.0,   0.0, 0.0  ,  0.0,     ,  0.0,     ,  0.0, 0.0,   0.0,       ,      ,      ,        ,        ,        ,        ,        ,        ,        ,        ,      
laycoha01, 1945,     1, NYR , NHL , D  , 17.0,  0.0,   2.0,   2.0,   6.0,      ,     ,     ,     ,     ,     ,    ,      ,       ,      ,      ,        ,        ,        ,        ,        ,        ,        ,        ,      
laycoha01, 1946,     1, NYR , NHL , D  , 58.0,  1.0,  12.0,  13.0,  25.0,      ,     ,     ,     ,     ,     ,    ,      ,       ,      ,      ,        ,        ,        ,        ,        ,        ,        ,        ,      
laycoha01, 1947,     1, MTL , NHL , D  , 14.0,  1.0,   2.0,   3.0,   4.0,      ,     ,     ,     ,     ,     ,    ,      ,       ,      ,      ,        ,        ,        ,        ,        ,        ,        ,        ,      
laycoha01, 1948,     1, MTL , NHL , D  , 51.0,  3.0,   5.0,   8.0,  31.0,      ,     ,     ,     ,     ,     ,    ,      ,    7.0,   0.0,   1.0,     1.0,    13.0,        ,        ,        ,        ,        ,        ,      
laycoha01, 1949,     1, MTL , NHL , D  , 30.0,  0.0,   2.0,   2.0,  21.0,      ,     ,     ,     ,     ,     ,    ,      ,    2.0,   0.0,   0.0,     0.0,     0.0,        ,        ,        ,        ,        ,        ,      
laycoha01, 1950,     1, MTL , NHL , D  , 38.0,  0.0,   2.0,   2.0,  25.0,      ,     ,     ,     ,     ,     ,    ,      ,       ,      ,      ,        ,        ,        ,        ,        ,        ,        ,        ,      
laycoha01, 1950,     2, BOS , NHL , D  ,  6.0,  1.0,   1.0,   2.0,   4.0,      ,     ,     ,     ,     ,     ,    ,      ,    6.0,   0.0,   1.0,     1.0,     5.0,        ,        ,        ,        ,        ,        ,      
laycoha01, 1951,     1, BOS , NHL , D  , 70.0,  5.0,   7.0,  12.0,  61.0,      ,     ,     ,     ,     ,     ,    ,      ,    7.0,   1.0,   1.0,     2.0,    11.0,        ,        ,        ,        ,        ,        ,      
laycoha01, 1952,     1, BOS , NHL , D  , 54.0,  2.0,  10.0,  12.0,  36.0,      ,     ,     ,     ,     ,     ,    ,      ,   11.0,   0.0,   2.0,     2.0,    10.0,        ,        ,        ,        ,        ,        ,      
laycoha01, 1953,     1, BOS , NHL , D  , 58.0,  3.0,  16.0,  19.0,  29.0,      ,     ,     ,     ,     ,     ,    ,      ,    2.0,   0.0,   0.0,     0.0,     0.0,        ,        ,        ,        ,        ,        ,      
laycoha01, 1954,     1, BOS , NHL , D  , 70.0,  4.0,  13.0,  17.0,  34.0,      ,     ,     ,     ,     ,     ,    ,      ,    5.0,   1.0,   0.0,     1.0,     0.0,        ,        ,        ,        ,        ,        ,      
laycoha01, 1955,     1, BOS , NHL , D  , 65.0,  5.0,   5.0,  10.0,  16.0,      ,     ,     ,     ,     ,     ,    ,      ,       ,      ,      ,        ,        ,        ,        ,        ,        ,        ,        ,      
lazarje01, 1990,     1, BOS , NHL , L  , 49.0,  5.0,  13.0,  18.0,  67.0, 7.0  ,  1.0,  0.0,  1.0,  0.0,  1.0, 0.0,  73.0,   19.0,   3.0,   2.0,     5.0,    30.0, -2.0   ,     0.0,     0.0,     0.0,     0.0,     0.0,    28.0
lazarje01, 1991,     1, BOS , NHL , L  , 27.0,  3.0,   6.0,   9.0,  31.0, 4.0  ,  0.0,  0.0,  0.0,  0.0,  0.0, 0.0,  46.0,    9.0,   0.0,   1.0,     1.0,     2.0, 0.0    ,     0.0,     0.0,     0.0,     0.0,     0.0,     9.0
lazarje01, 1992,     1, OTT , NHL , L  , 26.0,  6.0,   4.0,  10.0,  16.0, -8.0 ,  0.0,  1.0,  1.0,  1.0,  0.0, 0.0,  38.0,       ,      ,      ,        ,        ,        ,        ,        ,        ,        ,        ,      
leachja01, 1989,     1, PIT , NHL , R  , 10.0,  0.0,   3.0,   3.0,   0.0, 3.0  ,  0.0,  0.0,  0.0,  0.0,  0.0, 0.0,  10.0,       ,      ,      ,        ,        ,        ,        ,        ,        ,        ,        ,      
leachja01, 1990,     1, PIT , NHL , R  ,  7.0,  2.0,   0.0,   2.0,   0.0, -1.0 ,  0.0,  0.0,  0.0,  0.0,  0.0, 0.0,   8.0,       ,      ,      ,        ,        ,        ,        ,        ,        ,        ,        ,      
leachja01, 1991,     1, PIT , NHL , R  , 38.0,  5.0,   4.0,   9.0,   8.0, -2.0 ,  1.0,  0.0,  0.0,  0.0,  0.0, 0.0,  32.0,       ,      ,      ,        ,        ,        ,        ,        ,        ,        ,        ,      
leachja01, 1992,     1, PIT , NHL , R  ,  5.0,  0.0,   0.0,   0.0,   2.0, -2.0 ,  0.0,  0.0,  0.0,  0.0,  0.0, 0.0,   2.0,       ,      ,      ,        ,        ,        ,        ,        ,        ,        ,        ,      
leachja01, 1992,     2, HAR , NHL , R  , 19.0,  3.0,   2.0,   5.0,   2.0, -5.0 ,  0.0,  0.0,  0.0,  0.0,  0.0, 0.0,  17.0,       ,      ,      ,        ,        ,        ,        ,        ,        ,        ,        ,      
leachja01, 1993,     1, FLO , NHL , R  ,  2.0,  1.0,   0.0,   1.0,   0.0, -2.0 ,  0.0,  0.0,  0.0,  0.0,  0.0, 0.0,   2.0,       ,      ,      ,        ,        ,        ,        ,        ,        ,        ,        ,      
leachja02, 2005,     1, BOS , NHL , D  ,  2.0,  0.0,   0.0,   0.0,   7.0, 1.0  ,  0.0,  0.0,  0.0,  0.0,  0.0,    ,   0.0,       ,      ,      ,        ,        ,        ,        ,        ,        ,        ,        ,      
leachja02, 2007,     1, TBL , NHL , D  ,  2.0,  0.0,   0.0,   0.0,   0.0, -1.0 ,  0.0,  0.0,  0.0,  0.0,  0.0,    ,   0.0,       ,      ,      ,        ,        ,        ,        ,        ,        ,        ,        ,      
leachja02, 2008,     1, NJD , NHL , D  , 24.0,  0.0,   1.0,   1.0,  21.0, 0.0  ,  0.0,  0.0,  0.0,  0.0,  0.0,    ,   5.0,       ,      ,      ,        ,        ,        ,        ,        ,        ,        ,        ,      
leachja02, 2009,     1, MTL , NHL , D  ,  7.0,  0.0,   0.0,   0.0,   5.0, 0.0  ,  0.0,  0.0,  0.0,  0.0,  0.0,    ,   4.0,       ,      ,      ,        ,        ,        ,        ,        ,        ,        ,        ,      
leachja02, 2009,     2, SJS , NHL , D  , 28.0,  1.0,   1.0,   2.0,  20.0, 3.0  ,  0.0,  0.0,  0.0,  0.0,  0.0,    ,  26.0,       ,      ,      ,        ,        ,        ,        ,        ,        ,        ,        ,      
leachla01, 1958,     1, BOS , NHL , C  , 29.0,  4.0,  12.0,  16.0,  26.0,      ,     ,     ,     ,     ,     ,    ,      ,    7.0,   1.0,   1.0,     2.0,     8.0,        ,        ,        ,        ,        ,        ,      
leachla01, 1959,     1, BOS , NHL , C  , 69.0,  7.0,  12.0,  19.0,  47.0,      ,     ,     ,     ,     ,     ,    ,      ,       ,      ,      ,        ,        ,        ,        ,        ,        ,        ,        ,      
leachla01, 1961,     1, BOS , NHL , C  , 28.0,  2.0,   5.0,   7.0,  18.0,      ,     ,     ,     ,     ,     ,    ,      ,       ,      ,      ,        ,        ,        ,        ,        ,        ,        ,        ,      
leachre01, 1970,     1, BOS , NHL , R  , 23.0,  2.0,   4.0,   6.0,   0.0, 7.0  ,  0.0,     ,  0.0,     ,  0.0, 0.0,  30.0,    3.0,   0.0,   0.0,     0.0,     0.0,        ,     0.0,        ,     0.0,        ,     0.0,      
leachre01, 1971,     1, BOS , NHL , R  , 56.0,  7.0,  13.0,  20.0,  12.0, 5.0  ,  0.0,     ,  0.0,     ,  2.0, 0.0,  66.0,       ,      ,      ,        ,        ,        ,        ,        ,        ,        ,        ,      
leachre01, 1971,     2, CLF , NHL , R  , 17.0,  6.0,   7.0,  13.0,   7.0, 2.0  ,  2.0,     ,  0.0,     ,  1.0, 1.0,  38.0,       ,      ,      ,        ,        ,        ,        ,        ,        ,        ,        ,      
leachre01, 1972,     1, CLF , NHL , R  , 76.0, 23.0,  12.0,  35.0,  45.0, -41.0,  3.0,     ,  0.0,     ,  4.0, 0.0, 184.0,       ,      ,      ,        ,        ,        ,        ,        ,        ,        ,        ,      
leachre01, 1973,     1, CLF , NHL , R  , 78.0, 22.0,  24.0,  46.0,  34.0, -61.0,  2.0,     ,  0.0,     ,  3.0, 1.0, 214.0,       ,      ,      ,        ,        ,        ,        ,        ,        ,        ,        ,      
leachre01, 1974,     1, PHI , NHL , R  , 80.0, 45.0,  33.0,  78.0,  63.0, 53.0 , 12.0,     ,  0.0,     , 10.0, 5.0, 289.0,   17.0,   8.0,   2.0,    10.0,     6.0,        ,     2.0,        ,     0.0,        ,     2.0,      
leachre01, 1975,     1, PHI , NHL , R  , 80.0, 61.0,  30.0,  91.0,  41.0, 73.0 , 10.0,     ,  0.0,     , 11.0, 5.0, 335.0,   16.0,  19.0,   5.0,    24.0,     8.0,        ,     2.0,        ,     0.0,        ,     2.0,      
leachre01, 1976,     1, PHI , NHL , R  , 77.0, 32.0,  14.0,  46.0,  23.0, 6.0  , 10.0,     ,  0.0,     ,  3.0, 4.0, 237.0,   10.0,   4.0,   5.0,     9.0,     0.0,        ,     0.0,        ,     0.0,        ,     2.0,      
leachre01, 1977,     1, PHI , NHL , R  , 72.0, 24.0,  28.0,  52.0,  24.0, 20.0 ,  9.0,     ,  0.0,     ,  4.0, 0.0, 195.0,   12.0,   2.0,   2.0,     4.0,     0.0,        ,     1.0,        ,     0.0,        ,     0.0,      
leachre01, 1978,     1, PHI , NHL , R  , 76.0, 34.0,  20.0,  54.0,  20.0, -3.0 , 13.0,     ,  0.0,     ,  6.0, 2.0, 279.0,    8.0,   5.0,   1.0,     6.0,     0.0,        ,     3.0,        ,     0.0,        ,     2.0,      
leachre01, 1979,     1, PHI , NHL , R  , 76.0, 50.0,  26.0,  76.0,  28.0, 40.0 ,  5.0,     ,  4.0,     ,  7.0, 2.0, 328.0,   19.0,   9.0,   7.0,    16.0,     6.0,        ,     2.0,        ,     1.0,        ,     0.0,      
leachre01, 1980,     1, PHI , NHL , R  , 79.0, 34.0,  36.0,  70.0,  59.0, 21.0 , 15.0,     ,  1.0,     ,  2.0, 3.0, 321.0,    9.0,   0.0,   0.0,     0.0,     2.0,        ,     0.0,        ,     0.0,        ,     0.0,      
leachre01, 1981,     1, PHI , NHL , R  , 66.0, 26.0,  21.0,  47.0,  18.0, 2.0  ,  5.0,     ,  0.0,     ,  5.0, 0.0, 211.0,       ,      ,      ,        ,        ,        ,        ,        ,        ,        ,        ,      
leachre01, 1982,     1, DET , NHL , R  , 78.0, 15.0,  17.0,  32.0,  13.0, -1.0 ,  2.0,     ,  0.0,     ,  0.0, 0.0, 139.0,       ,      ,      ,        ,        ,        ,        ,        ,        ,        ,        ,      
leachst01, 1985,     1, WAS , NHL , R  , 11.0,  1.0,   1.0,   2.0,   2.0, 0.0  ,  0.0,     ,  0.0,     ,  0.0, 0.0,   4.0,    6.0,   0.0,   1.0,     1.0,     0.0, 0.0    ,     0.0,        ,     0.0,        ,     0.0,     6.0
leachst01, 1986,     1, WAS , NHL , R  , 15.0,  1.0,   0.0,   1.0,   6.0, -4.0 ,  0.0,     ,  0.0,     ,  0.0, 0.0,  17.0,       ,      ,      ,        ,        ,        ,        ,        ,        ,        ,        ,      
leachst01, 1987,     1, WAS , NHL , R  ,  8.0,  1.0,   1.0,   2.0,  17.0, 2.0  ,  0.0,  0.0,  0.0,  0.0,  1.0, 0.0,   5.0,    9.0,   2.0,   1.0,     3.0,     0.0, 1.0    ,     0.0,     0.0,     0.0,     0.0,     1.0,     6.0
leachst01, 1988,     1, WAS , NHL , R  , 74.0, 11.0,  19.0,  30.0,  94.0, -4.0 ,  4.0,  1.0,  0.0,  1.0,  0.0, 0.0, 145.0,    6.0,   1.0,   0.0,     1.0,    12.0, -1.0   ,     1.0,     0.0,     0.0,     0.0,     0.0,     9.0
leachst01, 1989,     1, WAS , NHL , R  , 70.0, 18.0,  14.0,  32.0, 104.0, 10.0 ,  0.0,  1.0,  0.0,  0.0,  2.0, 0.0, 122.0,   14.0,   2.0,   2.0,     4.0,     8.0, 4.0    ,     0.0,     0.0,     0.0,     0.0,     0.0,    22.0
leachst01, 1990,     1, WAS , NHL , R  , 68.0, 11.0,  19.0,  30.0,  99.0, -9.0 ,  4.0,  4.0,  0.0,  0.0,  1.0, 0.0, 134.0,    9.0,   1.0,   2.0,     3.0,     8.0, 3.0    ,     0.0,     0.0,     0.0,     0.0,     0.0,    17.0
leachst01, 1991,     1, BOS , NHL , R  , 78.0, 31.0,  29.0,  60.0, 147.0, -8.0 , 12.0, 12.0,  0.0,  1.0,  4.0, 0.0, 243.0,   15.0,   4.0,   0.0,     4.0,    10.0, -2.0   ,     0.0,     0.0,     0.0,     0.0,     1.0,    30.0
leachst01, 1992,     1, BOS , NHL , R  , 79.0, 26.0,  25.0,  51.0, 126.0, -6.0 ,  9.0,  8.0,  0.0,  0.0,  4.0, 1.0, 256.0,    4.0,   1.0,   1.0,     2.0,     2.0, 0.0    ,     0.0,     1.0,     0.0,     0.0,     0.0,    18.0
leachst01, 1993,     1, BOS , NHL , R  , 42.0,  5.0,  10.0,  15.0,  74.0, -10.0,  1.0,  2.0,  0.0,  0.0,  1.0, 1.0,  89.0,    5.0,   0.0,   1.0,     1.0,     2.0, -2.0   ,     0.0,     0.0,     0.0,     0.0,     0.0,     3.0
leachst01, 1994,     1, BOS , NHL , R  , 35.0,  5.0,   6.0,  11.0,  68.0, -3.0 ,  1.0,  2.0,  0.0,  0.0,  1.0, 0.0,  82.0,       ,      ,      ,        ,        ,        ,        ,        ,        ,        ,        ,      
leachst01, 1995,     1, BOS , NHL , R  , 59.0,  9.0,  13.0,  22.0,  86.0, -4.0 ,  1.0,  0.0,  0.0,  0.0,  2.0, 0.0, 124.0,       ,      ,      ,        ,        ,        ,        ,        ,        ,        ,        ,      
leachst01, 1995,     2, STL , NHL , R  , 14.0,  2.0,   4.0,   6.0,  22.0, -3.0 ,  0.0,  2.0,  0.0,  0.0,  0.0, 0.0,  33.0,   11.0,   3.0,   2.0,     5.0,    10.0, 4.0    ,     1.0,     0.0,     0.0,     0.0,     1.0,    11.0
leachst01, 1996,     1, STL , NHL , R  , 17.0,  2.0,   1.0,   3.0,  24.0, -2.0 ,  0.0,  0.0,  0.0,  0.0,  0.0, 0.0,  33.0,    6.0,   0.0,   0.0,     0.0,    33.0, -2.0   ,     0.0,     0.0,     0.0,     0.0,     0.0,     8.0
leachst01, 1997,     1, CAR , NHL , R  , 45.0,  4.0,   5.0,   9.0,  42.0, -19.0,  1.0,  0.0,  1.0,  0.0,  2.0, 0.0,  60.0,       ,      ,      ,        ,        ,        ,        ,        ,        ,        ,        ,      
leachst01, 1998,     1, OTT , NHL , R  ,  9.0,  0.0,   2.0,   2.0,   6.0, -1.0 ,  0.0,  0.0,  0.0,  0.0,  0.0, 0.0,   4.0,       ,      ,      ,        ,        ,        ,        ,        ,        ,        ,        ,      
leachst01, 1998,     2, PHO , NHL , R  , 22.0,  1.0,   1.0,   2.0,  37.0, -6.0 ,  0.0,  0.0,  0.0,  0.0,  0.0, 0.0,  23.0,    7.0,   1.0,   1.0,     2.0,     2.0, 0.0    ,     0.0,     0.0,     0.0,     0.0,     0.0,     4.0
leachst01, 1999,     1, PIT , NHL , R  , 56.0,  2.0,   3.0,   5.0,  24.0, -11.0,  0.0,  0.0,  0.0,  0.0,  1.0, 0.0,  41.0,       ,      ,      ,        ,        ,        ,        ,        ,        ,        ,        ,      
leahypa01, 2003,     1, BOS , NHL , L  ,  6.0,  0.0,   0.0,   0.0,   0.0, 1.0  ,  0.0,  0.0,  0.0,  0.0,  0.0, 0.0,   2.0,       ,      ,      ,        ,        ,        ,        ,        ,        ,        ,        ,      
leahypa01, 2005,     1, BOS , NHL , L  , 43.0,  4.0,   4.0,   8.0,  19.0, -2.0 ,  0.0,  0.0,  0.0,  0.0,  0.0,    ,  46.0,       ,      ,      ,        ,        ,        ,        ,        ,        ,        ,        ,      
leahypa01, 2006,     1, NAS , NHL , R  ,  1.0,  0.0,   0.0,   0.0,   0.0, 0.0  ,  0.0,  0.0,  0.0,  0.0,  0.0,    ,   0.0,       ,      ,      ,        ,        ,        ,        ,        ,        ,        ,        ,      
leaviji01, 1985,     1, DET , NHL , D  , 37.0,  2.0,  11.0,  13.0,  26.0, -23.0,  1.0,     ,  0.0,     ,  0.0, 0.0,  63.0,       ,      ,      ,        ,        ,        ,        ,        ,        ,        ,        ,      
leaviji01, 1986,     1, NYR , NHL , D  ,  4.0,  0.0,   1.0,   1.0,   4.0, 0.0  ,  0.0,     ,  0.0,     ,  0.0, 0.0,   4.0,       ,      ,      ,        ,        ,        ,        ,        ,        ,        ,        ,      
lebdabr01, 2005,     1, DET , NHL , D  , 46.0,  3.0,   9.0,  12.0,  20.0, 9.0  ,  1.0,  0.0,  0.0,  0.0,  1.0,    ,  50.0,    6.0,   0.0,   0.0,     0.0,     4.0, 3.0    ,     0.0,     0.0,     0.0,     0.0,     0.0,     7.0
lebdabr01, 2006,     1, DET , NHL , D  , 74.0,  5.0,  13.0,  18.0,  61.0, 16.0 ,  1.0,  0.0,  0.0,  0.0,  2.0,    , 107.0,   12.0,   0.0,   2.0,     2.0,     8.0, 4.0    ,     0.0,     0.0,     0.0,     0.0,     0.0,    19.0
lebdabr01, 2007,     1, DET , NHL , D  , 78.0,  3.0,  11.0,  14.0,  48.0, -1.0 ,  0.0,  3.0,  0.0,  0.0,  1.0,    , 110.0,   19.0,   0.0,   2.0,     2.0,     6.0, 0.0    ,     0.0,     0.0,     0.0,     0.0,     0.0,    12.0
lebdabr01, 2008,     1, DET , NHL , D  , 65.0,  6.0,  10.0,  16.0,  48.0, 9.0  ,  0.0,  0.0,  0.0,  0.0,  1.0,    ,  69.0,   23.0,   0.0,   6.0,     6.0,    22.0, 8.0    ,     0.0,     0.0,     0.0,     0.0,     0.0,    19.0
lebdabr01, 2009,     1, DET , NHL , D  , 63.0,  1.0,   7.0,   8.0,  24.0, -2.0 ,  0.0,  1.0,  0.0,  0.0,  0.0,    ,  61.0,    2.0,   0.0,   0.0,     0.0,     0.0, 0.0    ,     0.0,     0.0,     0.0,     0.0,     0.0,     1.0
lebeapa01, 1990,     1, MTL , NHL , L  ,  2.0,  1.0,   1.0,   2.0,   0.0, 0.0  ,  0.0,  1.0,  0.0,  0.0,  0.0, 0.0,   3.0,       ,      ,      ,        ,        ,        ,        ,        ,        ,        ,        ,      
lebeapa01, 1992,     1, CAL , NHL , L  ,  1.0,  0.0,   0.0,   0.0,   0.0, 0.0  ,  0.0,  0.0,  0.0,  0.0,  0.0, 0.0,   0.0,       ,      ,      ,        ,        ,        ,        ,        ,        ,        ,        ,      
lebeapa01, 1993,     1, FLO , NHL , L  ,  4.0,  1.0,   1.0,   2.0,   4.0, 0.0  ,  1.0,  1.0,  0.0,  0.0,  0.0, 0.0,   4.0,       ,      ,      ,        ,        ,        ,        ,        ,        ,        ,        ,      
lebeapa01, 1998,     1, PIT , NHL , L  ,  8.0,  1.0,   0.0,   1.0,   2.0, -2.0 ,  0.0,  0.0,  0.0,  0.0,  0.0, 0.0,   4.0,       ,      ,      ,        ,        ,        ,        ,        ,        ,        ,        ,      
lebeast01, 1988,     1, MTL , NHL , C  ,  1.0,  0.0,   1.0,   1.0,   2.0, 1.0  ,  0.0,  0.0,  0.0,  0.0,  0.0, 0.0,   1.0,       ,      ,      ,        ,        ,        ,        ,        ,        ,        ,        ,      
lebeast01, 1989,     1, MTL , NHL , R  , 57.0, 15.0,  20.0,  35.0,  11.0, 13.0 ,  5.0,  6.0,  0.0,  0.0,  3.0, 0.0,  79.0,    2.0,   3.0,   0.0,     3.0,     0.0, 1.0    ,     0.0,     0.0,     0.0,     0.0,     1.0,     9.0
lebeast01, 1990,     1, MTL , NHL , C  , 73.0, 22.0,  31.0,  53.0,  24.0, 4.0  ,  8.0, 15.0,  0.0,  0.0,  2.0, 0.0, 108.0,    7.0,   2.0,   1.0,     3.0,     2.0, 1.0    ,     1.0,     1.0,     0.0,     0.0,     0.0,    11.0
lebeast01, 1991,     1, MTL , NHL , R  , 77.0, 27.0,  31.0,  58.0,  14.0, 18.0 , 13.0, 10.0,  0.0,  0.0,  5.0, 0.0, 178.0,    8.0,   1.0,   3.0,     4.0,     4.0, 1.0    ,     1.0,     1.0,     0.0,     0.0,     0.0,     8.0
lebeast01, 1992,     1, MTL , NHL , C  , 71.0, 31.0,  49.0,  80.0,  20.0, 23.0 ,  8.0, 11.0,  0.0,  0.0,  7.0, 0.0, 150.0,   13.0,   3.0,   3.0,     6.0,     6.0, 4.0    ,     1.0,     0.0,     0.0,     0.0,     1.0,    18.0
lebeast01, 1993,     1, MTL , NHL , C  , 34.0,  9.0,   7.0,  16.0,   8.0, 1.0  ,  4.0,  2.0,  0.0,  0.0,  2.0, 1.0,  61.0,       ,      ,      ,        ,        ,        ,        ,        ,        ,        ,        ,      
lebeast01, 1993,     2, ANA , NHL , C  , 22.0,  6.0,   4.0,  10.0,  14.0, -5.0 ,  2.0,  2.0,  0.0,  0.0,  1.0, 0.0,  37.0,       ,      ,      ,        ,        ,        ,        ,        ,        ,        ,        ,      
lebeast01, 1994,     1, ANA , NHL , C  , 38.0,  8.0,  16.0,  24.0,  12.0, 6.0  ,  1.0,  4.0,  0.0,  0.0,  2.0, 0.0,  70.0,       ,      ,      ,        ,        ,        ,        ,        ,        ,        ,        ,      
leblaal01, 1913,     1, MOW , NHA , G  ,  4.0,  0.0,   0.0,   0.0,   0.0,      ,     ,     ,     ,     ,     ,    ,      ,       ,      ,      ,        ,        ,        ,        ,        ,        ,        ,        ,      
leblafe01, 1976,     1, DET , NHL , C  ,  3.0,  0.0,   0.0,   0.0,   0.0, -3.0 ,  0.0,     ,  0.0,     ,  0.0, 0.0,   1.0,       ,      ,      ,        ,        ,        ,        ,        ,        ,        ,        ,      
leblafe01, 1977,     1, DET , NHL , R  ,  2.0,  0.0,   0.0,   0.0,   0.0, -2.0 ,  0.0,     ,  0.0,     ,  0.0, 0.0,   0.0,       ,      ,      ,        ,        ,        ,        ,        ,        ,        ,        ,      
leblafe01, 1978,     1, DET , NHL , R  , 29.0,  5.0,   6.0,  11.0,   0.0, 1.0  ,  1.0,     ,  0.0,     ,  0.0, 0.0,  27.0,       ,      ,      ,        ,        ,        ,        ,        ,        ,        ,        ,      
leblajo01, 1986,     1, VAN , NHL , L  ,  2.0,  1.0,   0.0,   1.0,   0.0, 1.0  ,  0.0,     ,  0.0,     ,  0.0, 0.0,   4.0,       ,      ,      ,        ,        ,        ,        ,        ,        ,        ,        ,      
leblajo01, 1987,     1, VAN , NHL , L  , 41.0, 12.0,  10.0,  22.0,  18.0, -12.0,  3.0,  1.0,  0.0,  0.0,  1.0, 0.0,  86.0,       ,      ,      ,        ,        ,        ,        ,        ,        ,        ,        ,      
leblajo01, 1988,     1, EDM , NHL , L  ,  2.0,  1.0,   0.0,   1.0,   0.0, 0.0  ,  0.0,  0.0,  0.0,  0.0,  0.0, 0.0,   5.0,    1.0,   0.0,   0.0,     0.0,     0.0, 0.0    ,     0.0,     0.0,     0.0,     0.0,     0.0,     2.0
leblajo01, 1991,     1, WIN , NHL , L  , 16.0,  6.0,   1.0,   7.0,   6.0, -6.0 ,  5.0,  1.0,  0.0,  0.0,  1.0, 0.0,  32.0,       ,      ,      ,        ,        ,        ,        ,        ,        ,        ,        ,      
leblajo01, 1992,     1, WIN , NHL , L  ,  3.0,  0.0,   0.0,   0.0,   2.0, 0.0  ,  0.0,  0.0,  0.0,  0.0,  0.0, 0.0,   5.0,       ,      ,      ,        ,        ,        ,        ,        ,        ,        ,        ,      
leblajo01, 1993,     1, WIN , NHL , R  , 17.0,  6.0,   2.0,   8.0,   2.0, -2.0 ,  1.0,  1.0,  1.0,  0.0,  1.0, 0.0,  29.0,       ,      ,      ,        ,        ,        ,        ,        ,        ,        ,        ,      
leblajo01, 1994,     1, WIN , NHL , R  ,  2.0,  0.0,   0.0,   0.0,   0.0, 0.0  ,  0.0,  0.0,  0.0,  0.0,  0.0, 0.0,   0.0,       ,      ,      ,        ,        ,        ,        ,        ,        ,        ,        ,      
leblajp01, 1968,     1, CHI , NHL , C  ,  6.0,  1.0,   2.0,   3.0,   0.0, 1.0  ,  0.0,     ,  0.0,     ,  0.0, 0.0,   9.0,       ,      ,      ,        ,        ,        ,        ,        ,        ,        ,        ,      
leblajp01, 1972,     1, LAS , WHA , C  , 77.0, 19.0,  50.0,  69.0,  49.0,      ,  2.0,     ,  1.0,     ,  3.0,    ,      ,    6.0,   0.0,   5.0,     5.0,     2.0,        ,     0.0,        ,     0.0,        ,     0.0,      
leblajp01, 1973,     1, LAS , WHA , C  , 78.0, 20.0,  46.0,  66.0,  58.0,      ,  7.0,     ,  0.0,     ,  0.0,    ,      ,       ,      ,      ,        ,        ,        ,        ,        ,        ,        ,        ,      
leblajp01, 1974,     1, MIB , WHA , C  , 78.0, 16.0,  33.0,  49.0, 100.0, -52.0,  3.0,     ,  3.0,     ,     ,    , 207.0,       ,      ,      ,        ,        ,        ,        ,        ,        ,        ,        ,      
leblajp01, 1975,     1, DOT , WHA , C  , 15.0,  1.0,   5.0,   6.0,  25.0, -7.0 ,     ,     ,     ,     ,     ,    ,  26.0,       ,      ,      ,        ,        ,        ,        ,        ,        ,        ,        ,      
leblajp01, 1975,     2, DET , NHL , C  , 46.0,  4.0,   9.0,  13.0,  39.0, -5.0 ,  0.0,     ,  0.0,     ,  0.0, 0.0,  60.0,       ,      ,      ,        ,        ,        ,        ,        ,        ,        ,        ,      
leblajp01, 1976,     1, DET , NHL , C  , 74.0,  7.0,  11.0,  18.0,  40.0, -16.0,  0.0,     ,  0.0,     ,  2.0, 0.0,  77.0,       ,      ,      ,        ,        ,        ,        ,        ,        ,        ,        ,      
leblajp01, 1977,     1, DET , NHL , C  ,  3.0,  0.0,   2.0,   2.0,   4.0, 1.0  ,  0.0,     ,  0.0,     ,  0.0, 0.0,   5.0,    2.0,   0.0,   0.0,     0.0,     0.0,        ,     0.0,        ,     0.0,        ,     0.0,      
leblajp01, 1978,     1, DET , NHL , C  , 24.0,  2.0,   6.0,   8.0,   4.0, -7.0 ,  2.0,     ,  0.0,     ,  0.0, 0.0,  27.0,       ,      ,      ,        ,        ,        ,        ,        ,        ,        ,        ,      
leblara01, 1991,     1, CHI , NHL , G  ,  1.0,  0.0,   0.0,   0.0,   0.0, 0.0  ,  0.0,  0.0,  0.0,  0.0,  0.0, 0.0,   0.0,       ,      ,      ,        ,        ,        ,        ,        ,        ,        ,        ,      
leboupe01, 1996,     1, ANA , NHL , R  , 23.0,  1.0,   0.0,   1.0, 121.0, 0.0  ,  0.0,  0.0,  0.0,  0.0,  0.0, 0.0,   5.0,       ,      ,      ,        ,        ,        ,        ,        ,        ,        ,        ,      
leboupe01, 1997,     1, ANA , NHL , R  , 12.0,  1.0,   1.0,   2.0,  55.0, -1.0 ,  0.0,  0.0,  0.0,  0.0,  0.0, 0.0,   6.0,       ,      ,      ,        ,        ,        ,        ,        ,        ,        ,        ,      
lebrual01, 1960,     1, NYR , NHL , D  ,  4.0,  0.0,   2.0,   2.0,   4.0,      ,     ,     ,     ,     ,     ,    ,      ,       ,      ,      ,        ,        ,        ,        ,        ,        ,        ,        ,      
lebrual01, 1965,     1, NYR , NHL , D  ,  2.0,  0.0,   0.0,   0.0,   0.0,      ,  0.0,     ,  0.0,     ,  0.0, 0.0,      ,       ,      ,      ,        ,        ,        ,        ,        ,        ,        ,        ,      
lecaibi01, 1968,     1, PIT , NHL , L  ,  4.0,  0.0,   0.0,   0.0,   0.0, 0.0  ,  0.0,     ,  0.0,     ,  0.0, 0.0,   1.0,       ,      ,      ,        ,        ,        ,        ,        ,        ,        ,        ,      
lecavvi01, 1998,     1, TBL , NHL , C  , 82.0, 13.0,  15.0,  28.0,  23.0, -19.0,  2.0,  4.0,  0.0,  1.0,  2.0, 1.0, 125.0,       ,      ,      ,        ,        ,        ,        ,        ,        ,        ,        ,      
lecavvi01, 1999,     1, TBL , NHL , C  , 80.0, 25.0,  42.0,  67.0,  43.0, -25.0,  6.0, 22.0,  0.0,  0.0,  3.0, 1.0, 166.0,       ,      ,      ,        ,        ,        ,        ,        ,        ,        ,        ,      
lecavvi01, 2000,     1, TBL , NHL , C  , 68.0, 23.0,  28.0,  51.0,  66.0, -26.0,  7.0, 10.0,  0.0,  0.0,  3.0, 0.0, 165.0,       ,      ,      ,        ,        ,        ,        ,        ,        ,        ,        ,      
lecavvi01, 2001,     1, TBL , NHL , C  , 76.0, 20.0,  17.0,  37.0,  61.0, -18.0,  5.0,  9.0,  0.0,  0.0,  3.0, 1.0, 164.0,       ,      ,      ,        ,        ,        ,        ,        ,        ,        ,        ,      
lecavvi01, 2002,     1, TBL , NHL , C  , 80.0, 33.0,  45.0,  78.0,  39.0, 0.0  , 11.0, 13.0,  2.0,  0.0,  3.0, 1.0, 274.0,   11.0,   3.0,   3.0,     6.0,    22.0, -2.0   ,     1.0,     2.0,     0.0,     0.0,     1.0,    32.0
lecavvi01, 2003,     1, TBL , NHL , C  , 81.0, 32.0,  34.0,  66.0,  52.0, 23.0 ,  5.0,  9.0,  2.0,  0.0,  6.0, 0.0, 242.0,   23.0,   9.0,   7.0,    16.0,    25.0, -2.0   ,     2.0,     3.0,     0.0,     0.0,     0.0,    76.0
lecavvi01, 2005,     1, TBL , NHL , C  , 80.0, 35.0,  40.0,  75.0,  90.0, 0.0  , 13.0, 19.0,  2.0,  1.0,  7.0,    , 309.0,    5.0,   1.0,   3.0,     4.0,     7.0, 0.0    ,     1.0,     1.0,     0.0,     0.0,     0.0,    17.0
lecavvi01, 2006,     1, TBL , NHL , C  , 82.0, 52.0,  56.0, 108.0,  44.0, 2.0  , 16.0, 20.0,  5.0,  4.0,  7.0,    , 339.0,    6.0,   5.0,   2.0,     7.0,    10.0, 4.0    ,     1.0,     1.0,     0.0,     0.0,     1.0,    30.0
lecavvi01, 2007,     1, TBL , NHL , C  , 81.0, 40.0,  52.0,  92.0,  89.0, -17.0, 10.0, 19.0,  1.0,  3.0,  7.0,    , 318.0,       ,      ,      ,        ,        ,        ,        ,        ,        ,        ,        ,      
lecavvi01, 2008,     1, TBL , NHL , C  , 77.0, 29.0,  38.0,  67.0,  54.0, -9.0 , 10.0, 14.0,  1.0,  1.0,  6.0,    , 291.0,       ,      ,      ,        ,        ,        ,        ,        ,        ,        ,        ,      
lecavvi01, 2009,     1, TBL , NHL , C  , 82.0, 24.0,  46.0,  70.0,  63.0, -16.0,  5.0, 20.0,  0.0,  0.0,  3.0,    , 295.0,       ,      ,      ,        ,        ,        ,        ,        ,        ,        ,        ,      
leclaja01, 1954,     1, MTL , NHL , C  , 59.0, 11.0,  22.0,  33.0,  12.0,      ,     ,     ,     ,     ,     ,    ,      ,   12.0,   5.0,   0.0,     5.0,     2.0,        ,        ,        ,        ,        ,        ,      
leclaja01, 1955,     1, MTL , NHL , C  , 54.0,  6.0,   8.0,  14.0,  30.0,      ,     ,     ,     ,     ,     ,    ,      ,    8.0,   1.0,   1.0,     2.0,     4.0,        ,        ,        ,        ,        ,        ,      
leclaja01, 1956,     1, MTL , NHL , C  , 47.0,  3.0,  10.0,  13.0,  14.0,      ,     ,     ,     ,     ,     ,    ,      ,       ,      ,      ,        ,        ,        ,        ,        ,        ,        ,        ,      
leclajo01, 1990,     1, MTL , NHL , C  , 10.0,  2.0,   5.0,   7.0,   2.0, 1.0  ,  0.0,  0.0,  0.0,  0.0,  1.0, 0.0,  12.0,    3.0,   0.0,   0.0,     0.0,     0.0, 2.0    ,     0.0,     0.0,     0.0,     0.0,     0.0,     3.0
leclajo01, 1991,     1, MTL , NHL , C  , 59.0,  8.0,  11.0,  19.0,  14.0, 5.0  ,  3.0,  1.0,  0.0,  0.0,  0.0, 0.0,  73.0,    8.0,   1.0,   1.0,     2.0,     4.0, -2.0   ,     0.0,     0.0,     0.0,     0.0,     0.0,    10.0
leclajo01, 1992,     1, MTL , NHL , L  , 72.0, 19.0,  25.0,  44.0,  33.0, 11.0 ,  2.0,  1.0,  0.0,  0.0,  2.0, 0.0, 139.0,   20.0,   4.0,   6.0,    10.0,    14.0, 2.0    ,     0.0,     1.0,     0.0,     0.0,     3.0,    44.0
leclajo01, 1993,     1, MTL , NHL , L  , 74.0, 19.0,  24.0,  43.0,  32.0, 17.0 ,  1.0,  3.0,  0.0,  0.0,  1.0, 0.0, 153.0,    7.0,   2.0,   1.0,     3.0,     8.0, -1.0   ,     1.0,     1.0,     0.0,     0.0,     0.0,    13.0
leclajo01, 1994,     1, MTL , NHL , L  ,  9.0,  1.0,   4.0,   5.0,  10.0, -1.0 ,  1.0,  1.0,  0.0,  0.0,  0.0, 0.0,  18.0,       ,      ,      ,        ,        ,        ,        ,        ,        ,        ,        ,      
leclajo01, 1994,     2, PHI , NHL , L  , 37.0, 25.0,  24.0,  49.0,  20.0, 21.0 ,  5.0, 10.0,  0.0,  0.0,  7.0, 0.0, 113.0,   15.0,   5.0,   7.0,    12.0,     4.0, 7.0    ,     1.0,     2.0,     0.0,     0.0,     1.0,    37.0
leclajo01, 1995,     1, PHI , NHL , L  , 82.0, 51.0,  46.0,  97.0,  64.0, 21.0 , 19.0, 18.0,  0.0,  0.0, 10.0, 2.0, 270.0,   11.0,   6.0,   5.0,    11.0,     6.0, 3.0    ,     4.0,     1.0,     0.0,     0.0,     1.0,    25.0
leclajo01, 1996,     1, PHI , NHL , L  , 82.0, 50.0,  47.0,  97.0,  58.0, 44.0 , 10.0,  6.0,  0.0,  0.0,  5.0, 2.0, 324.0,   19.0,   9.0,  12.0,    21.0,    10.0, 5.0    ,     4.0,     4.0,     0.0,     0.0,     3.0,    79.0
leclajo01, 1997,     1, PHI , NHL , L  , 82.0, 51.0,  36.0,  87.0,  32.0, 30.0 , 16.0, 12.0,  0.0,  0.0,  9.0, 1.0, 303.0,    5.0,   1.0,   1.0,     2.0,     8.0, -4.0   ,     1.0,     0.0,     0.0,     0.0,     1.0,    19.0
leclajo01, 1998,     1, PHI , NHL , L  , 76.0, 43.0,  47.0,  90.0,  30.0, 36.0 , 16.0,  9.0,  0.0,  0.0,  7.0, 3.0, 246.0,    6.0,   3.0,   0.0,     3.0,    12.0, 0.0    ,     2.0,     0.0,     0.0,     0.0,     0.0,    15.0
leclajo01, 1999,     1, PHI , NHL , L  , 82.0, 40.0,  37.0,  77.0,  36.0, 8.0  , 13.0, 11.0,  0.0,  0.0,  7.0, 2.0, 249.0,   18.0,   6.0,   7.0,    13.0,     6.0, 3.0    ,     4.0,     4.0,     0.0,     0.0,     2.0,    64.0
leclajo01, 2000,     1, PHI , NHL , L  , 16.0,  7.0,   5.0,  12.0,   0.0, 2.0  ,  3.0,  2.0,  0.0,  0.0,  2.0, 0.0,  48.0,    6.0,   1.0,   2.0,     3.0,     2.0, -2.0   ,     0.0,     1.0,     0.0,     0.0,     0.0,    13.0
leclajo01, 2001,     1, PHI , NHL , L  , 82.0, 25.0,  26.0,  51.0,  30.0, 5.0  ,  4.0,  4.0,  0.0,  0.0,  6.0, 1.0, 220.0,    5.0,   0.0,   0.0,     0.0,     2.0, -2.0   ,     0.0,     0.0,     0.0,     0.0,     0.0,     7.0
leclajo01, 2002,     1, PHI , NHL , L  , 35.0, 18.0,  10.0,  28.0,  16.0, 10.0 ,  8.0,  2.0,  0.0,  0.0,  4.0, 1.0,  99.0,   13.0,   2.0,   3.0,     5.0,    10.0, 5.0    ,     1.0,     0.0,     0.0,     0.0,     0.0,    31.0
leclajo01, 2003,     1, PHI , NHL , L  , 75.0, 23.0,  32.0,  55.0,  51.0, 20.0 ,  8.0,  8.0,  0.0,  0.0,  4.0, 0.0, 182.0,   18.0,   2.0,   2.0,     4.0,     8.0, 2.0    ,     0.0,     0.0,     0.0,     0.0,     0.0,    27.0
leclajo01, 2005,     1, PIT , NHL , L  , 73.0, 22.0,  29.0,  51.0,  61.0, -24.0,  8.0, 19.0,  1.0,  0.0,  0.0,    , 135.0,       ,      ,      ,        ,        ,        ,        ,        ,        ,        ,        ,      
leclajo01, 2006,     1, PIT , NHL , L  , 21.0,  2.0,   5.0,   7.0,  12.0, -2.0 ,  1.0,  0.0,  0.0,  0.0,  0.0,    ,  27.0,       ,      ,      ,        ,        ,        ,        ,        ,        ,        ,        ,      
leclapa01, 2003,     1, CBS , NHL , G  ,  2.0,  0.0,   0.0,   0.0,   0.0, 0.0  ,  0.0,  0.0,  0.0,  0.0,  0.0, 0.0,   0.0,       ,      ,      ,        ,        ,        ,        ,        ,        ,        ,        ,      
leclapa01, 2005,     1, CBS , NHL , G  , 33.0,  0.0,   1.0,   1.0,   2.0, 0.0  ,  0.0,  1.0,  0.0,  0.0,  0.0,    ,   0.0,       ,      ,      ,        ,        ,        ,        ,        ,        ,        ,        ,      
leclapa01, 2006,     1, CBS , NHL , G  , 24.0,  0.0,   0.0,   0.0,   2.0, 0.0  ,  0.0,  0.0,  0.0,  0.0,  0.0,    ,   0.0,       ,      ,      ,        ,        ,        ,        ,        ,        ,        ,        ,      
leclapa01, 2007,     1, CBS , NHL , G  , 54.0,  0.0,   2.0,   2.0,   2.0, 0.0  ,  0.0,  2.0,  0.0,  0.0,  0.0,    ,   0.0,       ,      ,      ,        ,        ,        ,        ,        ,        ,        ,        ,      
leclapa01, 2008,     1, CBS , NHL , G  , 12.0,  0.0,   1.0,   1.0,   0.0, 0.0  ,  0.0,  1.0,  0.0,  0.0,  0.0,    ,   0.0,       ,      ,      ,        ,        ,        ,        ,        ,        ,        ,        ,      
leclapa01, 2009,     1, OTT , NHL , G  , 34.0,  0.0,   0.0,   0.0,   2.0, 0.0  ,  0.0,  0.0,  0.0,  0.0,  0.0,    ,   0.0,    3.0,   0.0,   0.0,     0.0,     0.0, 0.0    ,     0.0,     0.0,     0.0,     0.0,     0.0,     0.0
leclemi01, 1996,     1, ANA , NHL , L  ,  5.0,  1.0,   1.0,   2.0,   0.0, 2.0  ,  0.0,  0.0,  0.0,  0.0,  1.0, 0.0,   3.0,    1.0,   0.0,   0.0,     0.0,     0.0, 0.0    ,     0.0,     0.0,     0.0,     0.0,     0.0,     0.0
leclemi01, 1997,     1, ANA , NHL , L  ,  7.0,  0.0,   0.0,   0.0,   6.0, -6.0 ,  0.0,  0.0,  0.0,  0.0,  0.0, 0.0,  11.0,       ,      ,      ,        ,        ,        ,        ,        ,        ,        ,        ,      
leclemi01, 1998,     1, ANA , NHL , L  ,  7.0,  0.0,   0.0,   0.0,   4.0, -2.0 ,  0.0,  0.0,  0.0,  0.0,  0.0, 0.0,   1.0,    1.0,   0.0,   0.0,     0.0,     0.0, 0.0    ,     0.0,     0.0,     0.0,     0.0,     0.0,     1.0
leclemi01, 1999,     1, ANA , NHL , L  , 69.0,  8.0,  11.0,  19.0,  70.0, -15.0,  0.0,  1.0,  0.0,  0.0,  2.0, 0.0, 105.0,       ,      ,      ,        ,        ,        ,        ,        ,        ,        ,        ,      
leclemi01, 2000,     1, ANA , NHL , L  , 54.0, 15.0,  20.0,  35.0,  26.0, -1.0 ,  3.0,  8.0,  0.0,  0.0,  3.0, 2.0, 130.0,       ,      ,      ,        ,        ,        ,        ,        ,        ,        ,        ,      
leclemi01, 2001,     1, ANA , NHL , L  , 82.0, 20.0,  24.0,  44.0, 107.0, -12.0,  8.0,  6.0,  0.0,  0.0,  4.0, 0.0, 178.0,       ,      ,      ,        ,        ,        ,        ,        ,        ,        ,        ,      
leclemi01, 2002,     1, ANA , NHL , L  , 57.0,  9.0,  19.0,  28.0,  34.0, -8.0 ,  1.0,  8.0,  0.0,  1.0,  4.0, 0.0, 122.0,   21.0,   2.0,   9.0,    11.0,    12.0, 3.0    ,     1.0,     2.0,     0.0,     0.0,     2.0,    55.0
leclemi01, 2003,     1, ANA , NHL , L  , 10.0,  1.0,   3.0,   4.0,   4.0, -1.0 ,  0.0,  1.0,  0.0,  0.0,  0.0, 0.0,  19.0,       ,      ,      ,        ,        ,        ,        ,        ,        ,        ,        ,      
leclemi01, 2005,     1, PHO , NHL , L  , 35.0,  9.0,  12.0,  21.0,  29.0, 0.0  ,  4.0,  2.0,  0.0,  0.0,  0.0,    ,  44.0,       ,      ,      ,        ,        ,        ,        ,        ,        ,        ,        ,      
leclemi01, 2005,     2, CAL , NHL , L  , 15.0,  1.0,   4.0,   5.0,   8.0, 0.0  ,  0.0,  1.0,  0.0,  0.0,  0.0,    ,  21.0,    3.0,   0.0,   0.0,     0.0,     2.0, 0.0    ,     0.0,     0.0,     0.0,     0.0,     0.0,     2.0
leclere01, 1968,     1, DET , NHL , R  , 43.0,  2.0,   3.0,   5.0,  62.0, -8.0 ,  0.0,     ,  0.0,     ,  0.0, 0.0,  38.0,       ,      ,      ,        ,        ,        ,        ,        ,        ,        ,        ,      
leclere01, 1970,     1, DET , NHL , R  , 44.0,  8.0,   8.0,  16.0,  43.0, -3.0 ,  3.0,     ,  0.0,     ,  1.0, 1.0,  56.0,       ,      ,      ,        ,        ,        ,        ,        ,        ,        ,        ,      
leclere01, 1972,     1, QUN , WHA , C  , 67.0, 24.0,  28.0,  52.0, 111.0,      ,  8.0,     ,  2.0,     ,     ,    ,      ,       ,      ,      ,        ,        ,        ,        ,        ,        ,        ,        ,      
leclere01, 1973,     1, QUN , WHA , C  , 58.0, 17.0,  27.0,  44.0,  84.0,      ,  2.0,     ,  0.0,     ,  2.0,    ,      ,       ,      ,      ,        ,        ,        ,        ,        ,        ,        ,        ,      
leclere01, 1974,     1, QUN , WHA , R  , 72.0, 18.0,  32.0,  50.0,  85.0, -10.0,  2.0,     ,  0.0,     ,     ,    , 206.0,   14.0,   7.0,   7.0,    14.0,    41.0,        ,        ,        ,        ,        ,     1.0,      
leclere01, 1975,     1, QUN , WHA , R  , 42.0, 15.0,  17.0,  32.0,  35.0, 9.0  ,  0.0,     ,  0.0,     ,  1.0,    , 100.0,       ,      ,      ,        ,        ,        ,        ,        ,        ,        ,        ,      
leclere01, 1975,     2, IND , WHA , R  , 40.0, 18.0,  21.0,  39.0,  52.0, 1.0  ,  7.0,     ,  0.0,     ,  3.0,    , 152.0,    7.0,   2.0,   3.0,     5.0,     7.0, -3.0   ,        ,        ,        ,        ,        ,      
leclere01, 1976,     1, IND , WHA , R  , 68.0, 25.0,  30.0,  55.0,  43.0, -7.0 ,  2.0,     ,  0.0,     ,     ,    , 174.0,    9.0,   1.0,   1.0,     2.0,     4.0, -7.0   ,        ,        ,        ,        ,     1.0,      
leclere01, 1977,     1, IND , WHA , R  , 60.0, 12.0,  15.0,  27.0,  31.0, -7.0 ,  2.0,     ,  0.0,     ,     ,    , 110.0,       ,      ,      ,        ,        ,        ,        ,        ,        ,        ,        ,      
leclere01, 1978,     1, IND , WHA , R  , 22.0,  5.0,   7.0,  12.0,  12.0, 2.0  ,  1.0,     ,  0.0,     ,     ,    ,  54.0,       ,      ,      ,        ,        ,        ,        ,        ,        ,        ,        ,      
leclere01, 1978,     2, QUN , WHA , R  , 23.0,  0.0,   0.0,   0.0,   8.0, -2.0 ,  0.0,     ,  0.0,     ,     ,    ,   6.0,    4.0,   0.0,   0.0,     0.0,     0.0, -2.0   ,        ,        ,        ,        ,     0.0,      
lecuydo01, 1978,     1, CHI , NHL , L  ,  2.0,  1.0,   0.0,   1.0,   0.0, -1.0 ,  0.0,     ,  0.0,     ,  0.0, 1.0,   9.0,       ,      ,      ,        ,        ,        ,        ,        ,        ,        ,        ,      
lecuydo01, 1979,     1, CHI , NHL , L  , 53.0,  3.0,  10.0,  13.0,  59.0, -7.0 ,  0.0,     ,  0.0,     ,  1.0, 1.0,  75.0,    7.0,   4.0,   0.0,     4.0,    15.0,        ,     0.0,        ,     0.0,        ,     1.0,      
lecuydo01, 1980,     1, CHI , NHL , L  , 14.0,  0.0,   0.0,   0.0,  41.0, -2.0 ,  0.0,     ,  0.0,     ,  0.0, 0.0,  10.0,       ,      ,      ,        ,        ,        ,        ,        ,        ,        ,        ,      
lecuydo01, 1980,     2, WIN , NHL , L  , 45.0,  6.0,  17.0,  23.0,  66.0, -27.0,  0.0,     ,  0.0,     ,  1.0, 0.0,  61.0,       ,      ,      ,        ,        ,        ,        ,        ,        ,        ,        ,      
lecuydo01, 1982,     1, PIT , NHL , L  , 12.0,  1.0,   4.0,   5.0,  12.0, -2.0 ,  0.0,     ,  0.0,     ,  1.0, 0.0,   8.0,       ,      ,      ,        ,        ,        ,        ,        ,        ,        ,        ,      
ledinpe01, 2008,     1, COL , NHL , L  ,  3.0,  0.0,   0.0,   0.0,   2.0, -1.0 ,  0.0,  0.0,  0.0,  0.0,  0.0,    ,   2.0,       ,      ,      ,        ,        ,        ,        ,        ,        ,        ,        ,      
ledinwa01, 1972,     1, CHI , NHL , L  ,  9.0,  0.0,   1.0,   1.0,   4.0, 0.0  ,  0.0,     ,  0.0,     ,  0.0, 0.0,   7.0,       ,      ,      ,        ,        ,        ,        ,        ,        ,        ,        ,      
ledinwa01, 1974,     1, NYI , NHL , L  ,  2.0,  0.0,   1.0,   1.0,   0.0, -3.0 ,  0.0,     ,  0.0,     ,  0.0, 0.0,   2.0,       ,      ,      ,        ,        ,        ,        ,        ,        ,        ,        ,      
ledinwa01, 1976,     1, NYI , NHL , L  ,  4.0,  0.0,   0.0,   0.0,   0.0, -1.0 ,  0.0,     ,  0.0,     ,  0.0, 0.0,   5.0,       ,      ,      ,        ,        ,        ,        ,        ,        ,        ,        ,      
leducal01, 1925,     1, MTL , NHL , D  , 32.0, 10.0,   3.0,  13.0,  62.0,      ,     ,     ,     ,     ,     ,    ,      ,       ,      ,      ,        ,        ,        ,        ,        ,        ,        ,        ,      
leducal01, 1926,     1, MTL , NHL , D  , 43.0,  5.0,   2.0,   7.0,  62.0,      ,     ,     ,     ,     ,     ,    ,      ,    4.0,   0.0,   0.0,     0.0,     2.0,        ,        ,        ,        ,        ,        ,      
leducal01, 1927,     1, MTL , NHL , D  , 42.0,  8.0,   5.0,  13.0,  73.0,      ,     ,     ,     ,     ,     ,    ,      ,    2.0,   1.0,   0.0,     1.0,     5.0,        ,        ,        ,        ,        ,        ,      
leducal01, 1928,     1, MTL , NHL , D  , 43.0,  9.0,   2.0,  11.0,  79.0,      ,     ,     ,     ,     ,     ,    ,      ,    3.0,   1.0,   0.0,     1.0,     4.0,        ,        ,        ,        ,        ,        ,      
leducal01, 1929,     1, MTL , NHL , D  , 44.0,  7.0,   8.0,  15.0,  90.0,      ,     ,     ,     ,     ,     ,    ,      ,    6.0,   1.0,   3.0,     4.0,     8.0,        ,        ,        ,        ,        ,        ,      
leducal01, 1930,     1, MTL , NHL , D  , 44.0,  8.0,   6.0,  14.0,  82.0,      ,     ,     ,     ,     ,     ,    ,      ,    7.0,   0.0,   2.0,     2.0,     9.0,        ,        ,        ,        ,        ,        ,      
leducal01, 1931,     1, MTL , NHL , D  , 41.0,  5.0,   3.0,   8.0,  60.0,      ,     ,     ,     ,     ,     ,    ,      ,    4.0,   1.0,   1.0,     2.0,     2.0,        ,        ,        ,        ,        ,        ,      
leducal01, 1932,     1, MTL , NHL , D  , 48.0,  5.0,   3.0,   8.0,  62.0,      ,     ,     ,     ,     ,     ,    ,      ,    2.0,   1.0,   0.0,     1.0,     2.0,        ,        ,        ,        ,        ,        ,      
leducal01, 1933,     1, OTS , NHL , D  , 32.0,  1.0,   3.0,   4.0,  34.0,      ,     ,     ,     ,     ,     ,    ,      ,       ,      ,      ,        ,        ,        ,        ,        ,        ,        ,        ,      
leducal01, 1933,     2, NYR , NHL , D  , 10.0,  0.0,   0.0,   0.0,   6.0,      ,     ,     ,     ,     ,     ,    ,      ,       ,      ,      ,        ,        ,        ,        ,        ,        ,        ,        ,      
leducal01, 1934,     1, MTL , NHL , D  ,  4.0,  0.0,   0.0,   0.0,   4.0,      ,     ,     ,     ,     ,     ,    ,      ,       ,      ,      ,        ,        ,        ,        ,        ,        ,        ,        ,      
leducbo01, 1972,     1, OTN , WHA , C  , 78.0, 22.0,  33.0,  55.0,  71.0,      ,  6.0,     ,  0.0,     ,     ,    ,      ,    5.0,   0.0,   2.0,     2.0,     4.0,        ,     0.0,        ,     0.0,        ,     0.0,      
leducbo01, 1973,     1, TOT , WHA , L  , 61.0, 22.0,  29.0,  51.0,  29.0,      ,  4.0,     ,  0.0,     ,  2.0,    ,      ,   12.0,   4.0,   6.0,    10.0,    42.0,        ,        ,        ,        ,        ,     1.0,      
leducbo01, 1974,     1, TOT , WHA , L  , 19.0,  3.0,   4.0,   7.0,   9.0,      ,  0.0,     ,  0.0,     ,     ,    ,  31.0,       ,      ,      ,        ,        ,        ,        ,        ,        ,        ,        ,      
leduced01, 1909,     1, LES , NHA ,    ,  3.0,  3.0,   0.0,   3.0,   0.0,      ,     ,     ,     ,     ,     ,    ,      ,       ,      ,      ,        ,        ,        ,        ,        ,        ,        ,        ,      
leduced01, 1911,     1, MOC , NHA ,    ,  4.0,  0.0,   0.0,   0.0,   0.0,      ,     ,     ,     ,     ,     ,    ,      ,       ,      ,      ,        ,        ,        ,        ,        ,        ,        ,        ,      
leducri01, 1972,     1, BOS , NHL , C  ,  5.0,  1.0,   1.0,   2.0,   2.0, -1.0 ,  0.0,     ,  0.0,     ,  0.0, 0.0,  12.0,       ,      ,      ,        ,        ,        ,        ,        ,        ,        ,        ,      
leducri01, 1973,     1, BOS , NHL , C  , 28.0,  3.0,   3.0,   6.0,  12.0, 3.0  ,  0.0,     ,  0.0,     ,  0.0, 0.0,  23.0,    5.0,   0.0,   0.0,     0.0,     9.0,        ,     0.0,        ,     0.0,        ,     0.0,      
leducri01, 1974,     1, CLC , WHA , C  , 78.0, 35.0,  31.0,  66.0, 122.0, 12.0 ,  5.0,     ,  0.0,     ,     ,    , 299.0,    5.0,   0.0,   2.0,     2.0,     2.0,        ,     0.0,        ,     0.0,        ,     0.0,      
leducri01, 1975,     1, CLC , WHA , C  , 79.0, 36.0,  22.0,  58.0,  76.0, 7.0  ,  8.0,     ,  2.0,     ,  6.0,    , 286.0,    3.0,   2.0,   1.0,     3.0,     2.0, -3.0   ,        ,        ,        ,        ,     0.0,      
leducri01, 1976,     1, CIN , WHA , C  , 81.0, 52.0,  55.0, 107.0,  75.0, 28.0 , 11.0,     ,  0.0,     ,  6.0,    , 357.0,    4.0,   1.0,   3.0,     4.0,    16.0, -9.0   ,        ,        ,        ,        ,     0.0,      
leducri01, 1977,     1, CIN , WHA , C  , 54.0, 27.0,  31.0,  58.0,  44.0, -27.0,  7.0,     ,  1.0,     ,     ,    , 184.0,       ,      ,      ,        ,        ,        ,        ,        ,        ,        ,        ,      
leducri01, 1977,     2, IND , WHA , C  , 28.0, 10.0,  15.0,  25.0,  38.0, -16.0,  3.0,     ,  0.0,     ,     ,    ,  70.0,       ,      ,      ,        ,        ,        ,        ,        ,        ,        ,        ,      
leducri01, 1978,     1, IND , WHA , C  , 13.0,  5.0,   9.0,  14.0,  14.0, -2.0 ,  2.0,     ,  0.0,     ,     ,    ,  68.0,       ,      ,      ,        ,        ,        ,        ,        ,        ,        ,        ,      
leducri01, 1978,     2, QUN , WHA , C  , 61.0, 30.0,  32.0,  62.0,  30.0, -1.0 , 12.0,     ,  1.0,     ,     ,    , 167.0,    4.0,   0.0,   2.0,     2.0,     0.0, -1.0   ,        ,        ,        ,        ,     0.0,      
leducri01, 1979,     1, QUE , NHL , C  , 75.0, 21.0,  27.0,  48.0,  49.0, -35.0,  9.0,     ,  1.0,     ,  1.0, 0.0, 145.0,       ,      ,      ,        ,        ,        ,        ,        ,        ,        ,        ,      
leducri01, 1980,     1, QUE , NHL , C  , 22.0,  3.0,   7.0,  10.0,   6.0, 2.0  ,  0.0,     ,  0.0,     ,  0.0, 0.0,  21.0,       ,      ,      ,        ,        ,        ,        ,        ,        ,        ,        ,      
ledyagr01, 1984,     1, NYR , NHL , D  , 42.0,  8.0,  12.0,  20.0,  53.0, 8.0  ,  1.0,     ,  0.0,     ,  1.0, 0.0,  91.0,    3.0,   0.0,   2.0,     2.0,     4.0, -2.0   ,     0.0,        ,     0.0,        ,     0.0,    12.0
ledyagr01, 1985,     1, NYR , NHL , D  , 27.0,  2.0,   9.0,  11.0,  20.0, -7.0 ,  0.0,     ,  0.0,     ,  0.0, 0.0,  57.0,       ,      ,      ,        ,        ,        ,        ,        ,        ,        ,        ,      
ledyagr01, 1985,     2, LAK , NHL , D  , 52.0,  7.0,  18.0,  25.0,  78.0, -22.0,  4.0,     ,  0.0,     ,  2.0, 0.0, 113.0,       ,      ,      ,        ,        ,        ,        ,        ,        ,        ,        ,      
ledyagr01, 1986,     1, LAK , NHL , D  , 67.0, 14.0,  23.0,  37.0,  93.0, -40.0,  5.0,     ,  0.0,     ,  1.0, 0.0, 144.0,    5.0,   0.0,   0.0,     0.0,    10.0, -2.0   ,     0.0,        ,     0.0,        ,     0.0,     8.0
ledyagr01, 1987,     1, LAK , NHL , D  , 23.0,  1.0,   7.0,   8.0,  52.0, -7.0 ,  1.0,     ,  0.0,  0.0,  0.0, 0.0,  40.0,       ,      ,      ,        ,        ,        ,        ,        ,        ,        ,        ,      
ledyagr01, 1987,     2, WAS , NHL , D  , 21.0,  4.0,   3.0,   7.0,  14.0, -4.0 ,  1.0,     ,  0.0,  0.0,  1.0, 0.0,  41.0,   14.0,   1.0,   0.0,     1.0,    30.0, 1.0    ,     0.0,     0.0,     0.0,     0.0,     0.0,    17.0
ledyagr01, 1988,     1, WAS , NHL , D  , 61.0,  3.0,  11.0,  14.0,  43.0, 1.0  ,  1.0,     ,  0.0,  0.0,  1.0, 0.0,  81.0,       ,      ,      ,        ,        ,        ,        ,        ,        ,        ,        ,      
ledyagr01, 1988,     2, BUF , NHL , D  , 13.0,  1.0,   5.0,   6.0,   8.0, 1.0  ,  0.0,     ,  0.0,  0.0,  1.0, 0.0,  25.0,    5.0,   1.0,   2.0,     3.0,     2.0, -1.0   ,     0.0,     0.0,     0.0,     0.0,     0.0,    13.0
ledyagr01, 1989,     1, BUF , NHL , D  , 67.0,  2.0,  13.0,  15.0,  37.0, 2.0  ,  0.0,  6.0,  0.0,  0.0,  1.0, 0.0,  91.0,       ,      ,      ,        ,        ,        ,        ,        ,        ,        ,        ,      
ledyagr01, 1990,     1, BUF , NHL , D  , 60.0,  8.0,  23.0,  31.0,  46.0, 13.0 ,  2.0, 10.0,  1.0,  1.0,  1.0, 1.0, 118.0,    6.0,   3.0,   3.0,     6.0,    10.0, -1.0   ,     0.0,     2.0,     0.0,     0.0,     0.0,    11.0
ledyagr01, 1991,     1, BUF , NHL , D  , 50.0,  5.0,  16.0,  21.0,  45.0, -4.0 ,  0.0,  4.0,  0.0,  0.0,  0.0, 0.0,  87.0,       ,      ,      ,        ,        ,        ,        ,        ,        ,        ,        ,      
ledyagr01, 1992,     1, BUF , NHL , D  , 50.0,  2.0,  14.0,  16.0,  45.0, -2.0 ,  1.0,  2.0,  0.0,  0.0,  0.0, 0.0,  79.0,    8.0,   0.0,   0.0,     0.0,     8.0, -5.0   ,     0.0,     0.0,     0.0,     0.0,     0.0,    12.0
ledyagr01, 1993,     1, DAL , NHL , D  , 84.0,  9.0,  37.0,  46.0,  42.0, 7.0  ,  6.0, 20.0,  0.0,  0.0,  1.0, 0.0, 177.0,    9.0,   1.0,   2.0,     3.0,     6.0, 0.0    ,     0.0,     2.0,     0.0,     0.0,     1.0,    23.0
ledyagr01, 1994,     1, DAL , NHL , D  , 38.0,  5.0,  13.0,  18.0,  20.0, 6.0  ,  4.0,  6.0,  0.0,  1.0,  0.0, 1.0,  79.0,    3.0,   0.0,   0.0,     0.0,     2.0, -2.0   ,     0.0,     0.0,     0.0,     0.0,     0.0,     4.0
ledyagr01, 1995,     1, DAL , NHL , D  , 73.0,  5.0,  19.0,  24.0,  20.0, -15.0,  2.0,  8.0,  0.0,  1.0,  1.0, 0.0, 123.0,       ,      ,      ,        ,        ,        ,        ,        ,        ,        ,        ,      
ledyagr01, 1996,     1, DAL , NHL , D  , 67.0,  1.0,  15.0,  16.0,  61.0, 31.0 ,  0.0,  4.0,  0.0,  0.0,  0.0, 0.0,  99.0,    7.0,   0.0,   2.0,     2.0,     0.0, -3.0   ,     0.0,     0.0,     0.0,     0.0,     0.0,     8.0
ledyagr01, 1997,     1, VAN , NHL , D  , 49.0,  2.0,  13.0,  15.0,  14.0, -2.0 ,  1.0,  1.0,  0.0,  1.0,  0.0, 0.0,  57.0,       ,      ,      ,        ,        ,        ,        ,        ,        ,        ,        ,      
ledyagr01, 1997,     2, BOS , NHL , D  , 22.0,  2.0,   7.0,   9.0,   6.0, -2.0 ,  1.0,  7.0,  0.0,  0.0,  0.0, 0.0,  33.0,    6.0,   0.0,   0.0,     0.0,     2.0, -3.0   ,     0.0,     0.0,     0.0,     0.0,     0.0,     8.0
ledyagr01, 1998,     1, BOS , NHL , D  , 47.0,  4.0,   8.0,  12.0,  33.0, -8.0 ,  1.0,  4.0,  0.0,  0.0,  2.0, 0.0,  47.0,    2.0,   0.0,   0.0,     0.0,     2.0, -1.0   ,     0.0,     0.0,     0.0,     0.0,     0.0,     4.0
ledyagr01, 1999,     1, OTT , NHL , D  , 40.0,  2.0,   4.0,   6.0,   8.0, -3.0 ,  0.0,  0.0,  0.0,  0.0,  1.0, 0.0,  42.0,    6.0,   0.0,   0.0,     0.0,    16.0, 0.0    ,     0.0,     0.0,     0.0,     0.0,     0.0,     3.0
ledyagr01, 2000,     1, TBL , NHL , D  , 14.0,  2.0,   2.0,   4.0,  12.0, -5.0 ,  0.0,  1.0,  0.0,  0.0,  0.0, 0.0,  12.0,       ,      ,      ,        ,        ,        ,        ,        ,        ,        ,        ,      
ledyagr01, 2000,     2, DAL , NHL , D  ,  8.0,  0.0,   1.0,   1.0,   4.0, 3.0  ,  0.0,  0.0,  0.0,  0.0,  0.0, 0.0,   7.0,    9.0,   0.0,   1.0,     1.0,     4.0, 2.0    ,     0.0,     0.0,     0.0,     0.0,     0.0,    11.0
ledyagr01, 2001,     1, TBL , NHL , D  , 53.0,  1.0,   3.0,   4.0,  12.0, -5.0 ,  0.0,  2.0,  0.0,  0.0,  0.0, 0.0,  27.0,       ,      ,      ,        ,        ,        ,        ,        ,        ,        ,        ,      
leebbr01 , 1999,     1, VAN , NHL , R  ,  2.0,  0.0,   0.0,   0.0,   2.0, -2.0 ,  0.0,  0.0,  0.0,  0.0,  0.0, 0.0,   3.0,       ,      ,      ,        ,        ,        ,        ,        ,        ,        ,        ,      
leebbr01 , 2001,     1, VAN , NHL , R  ,  2.0,  0.0,   0.0,   0.0,   0.0, 1.0  ,  0.0,  0.0,  0.0,  0.0,  0.0, 0.0,   1.0,       ,      ,      ,        ,        ,        ,        ,        ,        ,        ,        ,      
leebbr01 , 2003,     1, TOR , NHL , R  ,  1.0,  0.0,   0.0,   0.0,   0.0, -1.0 ,  0.0,  0.0,  0.0,  0.0,  0.0, 0.0,   1.0,       ,      ,      ,        ,        ,        ,        ,        ,        ,        ,        ,      
leebgr01 , 2000,     1, DAL , NHL , C  ,  2.0,  0.0,   0.0,   0.0,   0.0, -1.0 ,  0.0,  0.0,  0.0,  0.0,  0.0, 0.0,   4.0,       ,      ,      ,        ,        ,        ,        ,        ,        ,        ,        ,      
leebo01  , 1942,     1, MTL , NHL , C  ,  1.0,  0.0,   0.0,   0.0,   0.0,      ,     ,     ,     ,     ,     ,    ,      ,       ,      ,      ,        ,        ,        ,        ,        ,        ,        ,        ,      
leebr01  , 2007,     1, OTT , NHL , D  ,  6.0,  0.0,   1.0,   1.0,   4.0, 1.0  ,  0.0,  0.0,  0.0,  1.0,  0.0,    ,   6.0,    4.0,   0.0,   0.0,     0.0,     2.0, -1.0   ,     0.0,     0.0,     0.0,     0.0,     0.0,     3.0
leebr01  , 2008,     1, OTT , NHL , D  , 53.0,  2.0,  11.0,  13.0,  33.0, -2.0 ,  1.0,  2.0,  0.0,  0.0,  1.0,    ,  51.0,       ,      ,      ,        ,        ,        ,        ,        ,        ,        ,        ,      
leebr01  , 2009,     1, OTT , NHL , D  , 23.0,  2.0,   1.0,   3.0,  12.0, -5.0 ,  0.0,  0.0,  0.0,  0.0,  0.0,    ,  22.0,       ,      ,      ,        ,        ,        ,        ,        ,        ,        ,        ,      
leeed01  , 1984,     1, QUE , NHL , R  ,  2.0,  0.0,   0.0,   0.0,   5.0, -4.0 ,  0.0,     ,  0.0,     ,  0.0, 0.0,   2.0,       ,      ,      ,        ,        ,        ,        ,        ,        ,        ,        ,      
leemaga01, 1982,     1, TOR , NHL , D  ,     ,     ,      ,      ,      ,      ,     ,     ,     ,     ,     ,    ,      ,    2.0,   0.0,   0.0,     0.0,     2.0,        ,     0.0,        ,     0.0,        ,     0.0,      
leemaga01, 1983,     1, TOR , NHL , D  , 52.0,  4.0,   8.0,  12.0,  31.0, -14.0,  1.0,     ,  0.0,     ,  0.0, 0.0,  41.0,       ,      ,      ,        ,        ,        ,        ,        ,        ,        ,        ,      
leemaga01, 1984,     1, TOR , NHL , L  , 53.0,  5.0,  26.0,  31.0,  72.0, -12.0,  3.0,     ,  0.0,     ,  0.0, 0.0,  88.0,       ,      ,      ,        ,        ,        ,        ,        ,        ,        ,        ,      
leemaga01, 1985,     1, TOR , NHL , R  , 53.0,  9.0,  23.0,  32.0,  20.0, -1.0 ,  1.0,     ,  1.0,     ,  0.0, 0.0, 123.0,   10.0,   2.0,  10.0,    12.0,     2.0, 2.0    ,     0.0,        ,     0.0,        ,     0.0,    25.0
leemaga01, 1986,     1, TOR , NHL , R  , 80.0, 21.0,  31.0,  52.0,  66.0, -26.0,  4.0,     ,  3.0,     ,  2.0, 0.0, 196.0,    5.0,   0.0,   1.0,     1.0,    14.0, 1.0    ,     0.0,        ,     0.0,        ,     0.0,     3.0
leemaga01, 1987,     1, TOR , NHL , R  , 80.0, 30.0,  31.0,  61.0,  62.0, -6.0 ,  6.0,  7.0,  0.0,  0.0,  0.0, 0.0, 234.0,    2.0,   2.0,   0.0,     2.0,     2.0, 2.0    ,     2.0,     0.0,     0.0,     0.0,     0.0,     4.0
leemaga01, 1988,     1, TOR , NHL , R  , 61.0, 32.0,  43.0,  75.0,  66.0, 5.0  ,  7.0, 16.0,  1.0,  1.0,  3.0, 0.0, 195.0,       ,      ,      ,        ,        ,        ,        ,        ,        ,        ,        ,      
leemaga01, 1989,     1, TOR , NHL , R  , 80.0, 51.0,  44.0,  95.0,  63.0, 4.0  , 14.0, 12.0,  1.0,  0.0,  5.0, 0.0, 256.0,    5.0,   3.0,   3.0,     6.0,    16.0, 3.0    ,     2.0,     0.0,     0.0,     0.0,     0.0,    11.0
leemaga01, 1990,     1, TOR , NHL , R  , 52.0, 17.0,  12.0,  29.0,  39.0, -25.0,  4.0,  5.0,  0.0,  0.0,  1.0, 1.0, 135.0,       ,      ,      ,        ,        ,        ,        ,        ,        ,        ,        ,      
leemaga01, 1991,     1, TOR , NHL , R  , 34.0,  7.0,  13.0,  20.0,  44.0, -1.0 ,  3.0,  3.0,  0.0,  0.0,  0.0, 0.0,  91.0,       ,      ,      ,        ,        ,        ,        ,        ,        ,        ,        ,      
leemaga01, 1991,     2, CAL , NHL , R  , 29.0,  2.0,   7.0,   9.0,  27.0, -11.0,  1.0,  3.0,  0.0,  0.0,  0.0, 0.0,  50.0,       ,      ,      ,        ,        ,        ,        ,        ,        ,        ,        ,      
leemaga01, 1992,     1, CAL , NHL , R  , 30.0,  9.0,   5.0,  14.0,  10.0, 5.0  ,  0.0,  1.0,  0.0,  0.0,  2.0, 0.0,  49.0,       ,      ,      ,        ,        ,        ,        ,        ,        ,        ,        ,      
leemaga01, 1992,     2, MTL , NHL , R  , 20.0,  6.0,  12.0,  18.0,  14.0, 9.0  ,  1.0,  3.0,  0.0,  0.0,  1.0, 0.0,  36.0,   11.0,   1.0,   2.0,     3.0,     2.0, -5.0   ,     0.0,     0.0,     0.0,     0.0,     0.0,    11.0
leemaga01, 1993,     1, MTL , NHL , R  , 31.0,  4.0,  11.0,  15.0,  17.0, 5.0  ,  0.0,  6.0,  0.0,  0.0,  0.0, 0.0,  53.0,    1.0,   0.0,   0.0,     0.0,     0.0, 0.0    ,     0.0,     0.0,     0.0,     0.0,     0.0,     0.0
leemaga01, 1994,     1, VAN , NHL , R  , 10.0,  2.0,   0.0,   2.0,   0.0, -3.0 ,  0.0,  0.0,  0.0,  0.0,  1.0, 0.0,  14.0,       ,      ,      ,        ,        ,        ,        ,        ,        ,        ,        ,      
leemaga01, 1996,     1, STL , NHL , R  ,  2.0,  0.0,   1.0,   1.0,   0.0, 0.0  ,  0.0,  1.0,  0.0,  0.0,  0.0, 0.0,   3.0,       ,      ,      ,        ,        ,        ,        ,        ,        ,        ,        ,      
leepe01  , 1977,     1, PIT , NHL , R  , 60.0,  5.0,  13.0,  18.0,  19.0, -11.0,  1.0,     ,  0.0,     ,  1.0, 0.0,  89.0,       ,      ,      ,        ,        ,        ,        ,        ,        ,        ,        ,      
leepe01  , 1978,     1, PIT , NHL , R  , 80.0, 32.0,  26.0,  58.0,  24.0, -13.0, 10.0,     ,  0.0,     ,  7.0, 0.0, 219.0,    7.0,   0.0,   3.0,     3.0,     0.0,        ,     0.0,        ,     0.0,        ,     0.0,      
leepe01  , 1979,     1, PIT , NHL , R  , 74.0, 16.0,  29.0,  45.0,  20.0, -13.0,  4.0,     ,  0.0,     ,  2.0, 1.0, 161.0,    4.0,   0.0,   1.0,     1.0,     0.0,        ,     0.0,        ,     0.0,        ,     0.0,      
leepe01  , 1980,     1, PIT , NHL , R  , 80.0, 30.0,  34.0,  64.0,  86.0, 0.0  ,  4.0,     ,  1.0,     ,  4.0, 2.0, 196.0,    5.0,   0.0,   4.0,     4.0,     4.0,        ,     0.0,        ,     0.0,        ,     0.0,      
leepe01  , 1981,     1, PIT , NHL , R  , 74.0, 18.0,  16.0,  34.0,  98.0, -8.0 ,  2.0,     ,  0.0,     ,  3.0, 1.0, 183.0,    3.0,   0.0,   0.0,     0.0,     0.0,        ,     0.0,        ,     0.0,        ,     0.0,      
leepe01  , 1982,     1, PIT , NHL , R  , 63.0, 13.0,  13.0,  26.0,  10.0, -9.0 ,  1.0,     ,  0.0,     ,  1.0, 0.0, 113.0,       ,      ,      ,        ,        ,        ,        ,        ,        ,        ,        ,      
leetcbr01, 1987,     1, NYR , NHL , D  , 17.0,  2.0,  12.0,  14.0,   0.0, 5.0  ,  1.0,  7.0,  0.0,  0.0,  1.0, 0.0,  40.0,       ,      ,      ,        ,        ,        ,        ,        ,        ,        ,        ,      
leetcbr01, 1988,     1, NYR , NHL , D  , 68.0, 23.0,  48.0,  71.0,  50.0, 8.0  ,  8.0, 23.0,  3.0,  1.0,  1.0, 1.0, 268.0,    4.0,   3.0,   2.0,     5.0,     2.0, -4.0   ,     2.0,     2.0,     0.0,     0.0,     0.0,    25.0
leetcbr01, 1989,     1, NYR , NHL , D  , 72.0, 11.0,  45.0,  56.0,  26.0, -18.0,  5.0, 29.0,  0.0,  0.0,  2.0, 1.0, 222.0,       ,      ,      ,        ,        ,        ,        ,        ,        ,        ,        ,      
leetcbr01, 1990,     1, NYR , NHL , D  , 80.0, 16.0,  72.0,  88.0,  42.0, 2.0  ,  6.0, 45.0,  0.0,  1.0,  4.0, 1.0, 206.0,    6.0,   1.0,   3.0,     4.0,     0.0, -2.0   ,     0.0,     2.0,     0.0,     0.0,     0.0,    13.0
leetcbr01, 1991,     1, NYR , NHL , D  , 80.0, 22.0,  80.0, 102.0,  26.0, 25.0 , 10.0, 36.0,  1.0,  0.0,  3.0, 1.0, 245.0,   13.0,   4.0,  11.0,    15.0,     4.0, -5.0   ,     1.0,     9.0,     1.0,     1.0,     0.0,    67.0
leetcbr01, 1992,     1, NYR , NHL , D  , 36.0,  6.0,  30.0,  36.0,  26.0, 2.0  ,  2.0, 22.0,  1.0,  0.0,  1.0, 0.0, 150.0,       ,      ,      ,        ,        ,        ,        ,        ,        ,        ,        ,      
leetcbr01, 1993,     1, NYR , NHL , D  , 84.0, 23.0,  56.0,  79.0,  67.0, 28.0 , 17.0, 36.0,  1.0,  2.0,  4.0, 0.0, 328.0,   23.0,  11.0,  23.0,    34.0,     6.0, 19.0   ,     4.0,    10.0,     0.0,     0.0,     4.0,    88.0
leetcbr01, 1994,     1, NYR , NHL , D  , 48.0,  9.0,  32.0,  41.0,  18.0, 0.0  ,  3.0, 18.0,  0.0,  1.0,  2.0, 0.0, 182.0,   10.0,   6.0,   8.0,    14.0,     8.0, -1.0   ,     3.0,     3.0,     0.0,     0.0,     1.0,    46.0
leetcbr01, 1995,     1, NYR , NHL , D  , 82.0, 15.0,  70.0,  85.0,  30.0, 12.0 ,  7.0, 37.0,  0.0,  0.0,  3.0, 0.0, 276.0,   11.0,   1.0,   6.0,     7.0,     4.0, -11.0  ,     1.0,     5.0,     0.0,     0.0,     0.0,    34.0
leetcbr01, 1996,     1, NYR , NHL , D  , 82.0, 20.0,  58.0,  78.0,  40.0, 31.0 ,  9.0, 21.0,  0.0,  2.0,  2.0, 0.0, 256.0,   15.0,   2.0,   8.0,    10.0,     6.0, 5.0    ,     1.0,     3.0,     0.0,     0.0,     1.0,    56.0
leetcbr01, 1997,     1, NYR , NHL , D  , 76.0, 17.0,  33.0,  50.0,  32.0, -36.0, 11.0, 23.0,  0.0,  0.0,  2.0, 2.0, 230.0,       ,      ,      ,        ,        ,        ,        ,        ,        ,        ,        ,      
leetcbr01, 1998,     1, NYR , NHL , D  , 82.0, 13.0,  42.0,  55.0,  42.0, -7.0 ,  4.0, 25.0,  0.0,  0.0,  1.0, 0.0, 184.0,       ,      ,      ,        ,        ,        ,        ,        ,        ,        ,        ,      
leetcbr01, 1999,     1, NYR , NHL , D  , 50.0,  7.0,  19.0,  26.0,  20.0, -16.0,  3.0,  8.0,  0.0,  0.0,  2.0, 1.0, 124.0,       ,      ,      ,        ,        ,        ,        ,        ,        ,        ,        ,      
leetcbr01, 2000,     1, NYR , NHL , D  , 82.0, 21.0,  58.0,  79.0,  34.0, -18.0, 10.0, 27.0,  1.0,  4.0,  3.0, 1.0, 241.0,       ,      ,      ,        ,        ,        ,        ,        ,        ,        ,        ,      
leetcbr01, 2001,     1, NYR , NHL , D  , 82.0, 10.0,  45.0,  55.0,  28.0, 14.0 ,  1.0, 25.0,  0.0,  2.0,  3.0, 0.0, 202.0,       ,      ,      ,        ,        ,        ,        ,        ,        ,        ,        ,      
leetcbr01, 2002,     1, NYR , NHL , D  , 51.0, 12.0,  18.0,  30.0,  20.0, -3.0 ,  5.0, 11.0,  0.0,  0.0,  2.0, 1.0, 150.0,       ,      ,      ,        ,        ,        ,        ,        ,        ,        ,        ,      
leetcbr01, 2003,     1, NYR , NHL , D  , 57.0, 13.0,  23.0,  36.0,  24.0, -5.0 ,  4.0, 15.0,  1.0,  0.0,  1.0, 0.0, 165.0,       ,      ,      ,        ,        ,        ,        ,        ,        ,        ,        ,      
leetcbr01, 2003,     2, TOR , NHL , D  , 15.0,  2.0,  13.0,  15.0,  10.0, 11.0 ,  1.0, 10.0,  0.0,  1.0,  1.0, 0.0,  41.0,   13.0,   0.0,   8.0,     8.0,     6.0, 1.0    ,     0.0,     4.0,     0.0,     0.0,     0.0,    23.0
leetcbr01, 2005,     1, BOS , NHL , D  , 61.0,  5.0,  27.0,  32.0,  36.0, -10.0,  4.0, 13.0,  0.0,  0.0,  0.0,    , 130.0,       ,      ,      ,        ,        ,        ,        ,        ,        ,        ,        ,      
lefebgu01, 2001,     1, PHI , NHL , L  ,  3.0,  0.0,   0.0,   0.0,   0.0, -1.0 ,  0.0,  0.0,  0.0,  0.0,  0.0, 0.0,   3.0,       ,      ,      ,        ,        ,        ,        ,        ,        ,        ,        ,      
lefebgu01, 2002,     1, PHI , NHL , L  , 14.0,  0.0,   0.0,   0.0,   4.0, 1.0  ,  0.0,  0.0,  0.0,  0.0,  0.0, 0.0,   5.0,       ,      ,      ,        ,        ,        ,        ,        ,        ,        ,        ,      
lefebgu01, 2002,     2, PIT , NHL , L  , 12.0,  2.0,   4.0,   6.0,   0.0, 1.0  ,  0.0,  1.0,  0.0,  0.0,  0.0, 0.0,  14.0,       ,      ,      ,        ,        ,        ,        ,        ,        ,        ,        ,      
lefebgu01, 2005,     1, PIT , NHL , L  ,  9.0,  0.0,   0.0,   0.0,   9.0, -3.0 ,  0.0,  0.0,  0.0,  0.0,  0.0,    ,   3.0,       ,      ,      ,        ,        ,        ,        ,        ,        ,        ,        ,      
lefebgu01, 2009,     1, BOS , NHL , L  ,  1.0,  0.0,   0.0,   0.0,   0.0, 0.0  ,  0.0,  0.0,  0.0,  0.0,  0.0,    ,   0.0,       ,      ,      ,        ,        ,        ,        ,        ,        ,        ,        ,      
lefebpa01, 1998,     1, WAS , NHL , R  ,  3.0,  0.0,   0.0,   0.0,   2.0, -2.0 ,  0.0,  0.0,  0.0,  0.0,  0.0, 0.0,   2.0,       ,      ,      ,        ,        ,        ,        ,        ,        ,        ,        ,      
lefebsy01, 1989,     1, MTL , NHL , D  , 68.0,  3.0,  10.0,  13.0,  61.0, 18.0 ,  0.0,  4.0,  0.0,  0.0,  0.0, 0.0,  89.0,    6.0,   0.0,   0.0,     0.0,     2.0, -1.0   ,     0.0,     0.0,     0.0,     0.0,     0.0,     6.0
lefebsy01, 1990,     1, MTL , NHL , D  , 63.0,  5.0,  18.0,  23.0,  30.0, -11.0,  1.0,  7.0,  0.0,  1.0,  1.0, 0.0,  76.0,   11.0,   1.0,   0.0,     1.0,     6.0, -6.0   ,     0.0,     0.0,     0.0,     0.0,     0.0,     8.0
lefebsy01, 1991,     1, MTL , NHL , D  , 69.0,  3.0,  14.0,  17.0,  91.0, 9.0  ,  0.0,  3.0,  0.0,  0.0,  0.0, 0.0,  85.0,    2.0,   0.0,   0.0,     0.0,     2.0, 2.0    ,     0.0,     0.0,     0.0,     0.0,     0.0,     2.0
lefebsy01, 1992,     1, TOR , NHL , D  , 81.0,  2.0,  12.0,  14.0,  90.0, 8.0  ,  0.0,  1.0,  0.0,  0.0,  0.0, 0.0,  81.0,   21.0,   3.0,   3.0,     6.0,    20.0, 9.0    ,     0.0,     0.0,     0.0,     0.0,     0.0,    27.0
lefebsy01, 1993,     1, TOR , NHL , D  , 84.0,  2.0,   9.0,  11.0,  79.0, 33.0 ,  0.0,  1.0,  0.0,  1.0,  0.0, 1.0,  96.0,   18.0,   0.0,   3.0,     3.0,    16.0, -3.0   ,     0.0,     0.0,     0.0,     1.0,     0.0,    26.0
lefebsy01, 1994,     1, QUE , NHL , D  , 48.0,  2.0,  11.0,  13.0,  17.0, 13.0 ,  0.0,  3.0,  0.0,  0.0,  0.0, 0.0,  81.0,    6.0,   0.0,   2.0,     2.0,     2.0, 5.0    ,     0.0,     0.0,     0.0,     0.0,     0.0,     7.0
lefebsy01, 1995,     1, COL , NHL , D  , 75.0,  5.0,  11.0,  16.0,  49.0, 26.0 ,  2.0,  2.0,  0.0,  2.0,  0.0, 0.0, 115.0,   22.0,   0.0,   5.0,     5.0,    12.0, 6.0    ,     0.0,     0.0,     0.0,     0.0,     0.0,    22.0
lefebsy01, 1996,     1, COL , NHL , D  , 71.0,  2.0,  11.0,  13.0,  30.0, 12.0 ,  1.0,  1.0,  0.0,  2.0,  0.0, 0.0,  77.0,   17.0,   0.0,   0.0,     0.0,    25.0, -1.0   ,     0.0,     0.0,     0.0,     0.0,     0.0,    15.0
lefebsy01, 1997,     1, COL , NHL , D  , 81.0,  0.0,  10.0,  10.0,  48.0, 2.0  ,  0.0,  2.0,  0.0,  1.0,  0.0, 0.0,  66.0,    7.0,   0.0,   0.0,     0.0,     4.0, -1.0   ,     0.0,     0.0,     0.0,     0.0,     0.0,     4.0
lefebsy01, 1998,     1, COL , NHL , D  , 76.0,  2.0,  18.0,  20.0,  48.0, 18.0 ,  0.0,  0.0,  0.0,  1.0,  0.0, 0.0,  64.0,   19.0,   0.0,   1.0,     1.0,    12.0, 6.0    ,     0.0,     0.0,     0.0,     0.0,     0.0,    16.0
lefebsy01, 1999,     1, NYR , NHL , D  , 82.0,  2.0,  10.0,  12.0,  43.0, -13.0,  0.0,  1.0,  0.0,  1.0,  0.0, 1.0,  67.0,       ,      ,      ,        ,        ,        ,        ,        ,        ,        ,        ,      
lefebsy01, 2000,     1, NYR , NHL , D  , 71.0,  2.0,  13.0,  15.0,  55.0, 3.0  ,  0.0,  0.0,  0.0,  2.0,  0.0, 0.0,  39.0,       ,      ,      ,        ,        ,        ,        ,        ,        ,        ,        ,      
lefebsy01, 2001,     1, NYR , NHL , D  , 41.0,  0.0,   5.0,   5.0,  23.0, -3.0 ,  0.0,  0.0,  0.0,  1.0,  0.0, 0.0,  20.0,       ,      ,      ,        ,        ,        ,        ,        ,        ,        ,        ,      
lefebsy01, 2002,     1, NYR , NHL , D  , 35.0,  0.0,   2.0,   2.0,  10.0, -7.0 ,  0.0,  0.0,  0.0,  0.0,  0.0, 0.0,  14.0,       ,      ,      ,        ,        ,        ,        ,        ,        ,        ,        ,      
leflebr01, 1972,     1, NYI , NHL , D  , 63.0,  3.0,   7.0,  10.0,  56.0, -39.0,  0.0,     ,  0.0,     ,  0.0, 0.0,  39.0,       ,      ,      ,        ,        ,        ,        ,        ,        ,        ,        ,      
leflebr01, 1973,     1, NYI , NHL , D  ,  7.0,  0.0,   0.0,   0.0,   0.0, 0.0  ,  0.0,     ,  0.0,     ,  0.0, 0.0,   1.0,       ,      ,      ,        ,        ,        ,        ,        ,        ,        ,        ,      
leflebr01, 1974,     1, KCS , NHL , D  , 29.0,  0.0,   3.0,   3.0,   6.0, -23.0,  0.0,     ,  0.0,     ,  0.0, 0.0,  12.0,       ,      ,      ,        ,        ,        ,        ,        ,        ,        ,        ,      
leflebr01, 1976,     1, COR , NHL , D  , 58.0,  0.0,   6.0,   6.0,  27.0, -15.0,  0.0,     ,  0.0,     ,  0.0, 0.0,  40.0,       ,      ,      ,        ,        ,        ,        ,        ,        ,        ,        ,      
leflebr01, 1977,     1, COR , NHL , D  , 71.0,  4.0,  13.0,  17.0,  12.0, -4.0 ,  0.0,     ,  1.0,     ,  1.0, 0.0,  65.0,    2.0,   0.0,   0.0,     0.0,     0.0,        ,     0.0,        ,     0.0,        ,     0.0,      
leflech01, 1970,     1, MTL , NHL , L  ,  1.0,  0.0,   0.0,   0.0,   0.0, -1.0 ,  0.0,     ,  0.0,     ,  0.0, 0.0,   1.0,    1.0,   0.0,   0.0,     0.0,     0.0,        ,     0.0,        ,     0.0,        ,     0.0,      
leflech01, 1971,     1, MTL , NHL , L  , 16.0,  0.0,   2.0,   2.0,   0.0, -1.0 ,  0.0,     ,  0.0,     ,  0.0, 0.0,   7.0,       ,      ,      ,        ,        ,        ,        ,        ,        ,        ,        ,      
leflech01, 1972,     1, MTL , NHL , C  , 65.0, 21.0,  25.0,  46.0,  22.0, 35.0 ,  1.0,     ,  1.0,     ,  7.0, 1.0,  99.0,   17.0,   3.0,   5.0,     8.0,     6.0,        ,     0.0,        ,     0.0,        ,     0.0,      
leflech01, 1973,     1, MTL , NHL , C  , 74.0, 23.0,  31.0,  54.0,  34.0, 9.0  ,  1.0,     ,  2.0,     ,  2.0, 1.0, 150.0,    6.0,   0.0,   1.0,     1.0,     0.0,        ,     0.0,        ,     0.0,        ,     0.0,      
leflech01, 1974,     1, MTL , NHL , C  , 18.0,  1.0,   2.0,   3.0,   4.0, 0.0  ,  0.0,     ,  0.0,     ,  0.0, 0.0,  29.0,       ,      ,      ,        ,        ,        ,        ,        ,        ,        ,        ,      
leflech01, 1974,     2, STL , NHL , L  , 57.0, 23.0,  26.0,  49.0,  24.0, 6.0  ,  4.0,     ,  2.0,     ,  3.0, 0.0, 151.0,    2.0,   0.0,   0.0,     0.0,     2.0,        ,     0.0,        ,     0.0,        ,     0.0,      
leflech01, 1975,     1, STL , NHL , L  , 75.0, 43.0,  42.0,  85.0,  41.0, 15.0 ,  4.0,     ,  8.0,     ,  9.0, 3.0, 207.0,    2.0,   2.0,   1.0,     3.0,     0.0,        ,     0.0,        ,     1.0,        ,     0.0,      
leflech01, 1976,     1, STL , NHL , L  , 71.0, 11.0,  30.0,  41.0,  12.0, -15.0,  3.0,     ,  0.0,     ,  1.0, 0.0, 156.0,    1.0,   0.0,   1.0,     1.0,     2.0,        ,     0.0,        ,     0.0,        ,     0.0,      
leflech01, 1979,     1, STL , NHL , L  , 28.0,  6.0,   6.0,  12.0,   0.0, 5.0  ,  0.0,     ,  0.0,     ,  0.0, 0.0,  37.0,       ,      ,      ,        ,        ,        ,        ,        ,        ,        ,        ,      
leflech01, 1980,     1, STL , NHL , L  ,  2.0,  0.0,   0.0,   0.0,   0.0, 0.0  ,  0.0,     ,  0.0,     ,  0.0, 0.0,   1.0,       ,      ,      ,        ,        ,        ,        ,        ,        ,        ,        ,      
legacma01, 1998,     1, LAK , NHL , G  , 17.0,  0.0,   1.0,   1.0,   0.0, 0.0  ,  0.0,  0.0,  0.0,  1.0,  0.0, 0.0,   0.0,       ,      ,      ,        ,        ,        ,        ,        ,        ,        ,        ,      
legacma01, 1999,     1, DET , NHL , G  ,  4.0,  0.0,   0.0,   0.0,   0.0, 0.0  ,  0.0,  0.0,  0.0,  0.0,  0.0, 0.0,   0.0,       ,      ,      ,        ,        ,        ,        ,        ,        ,        ,        ,      
legacma01, 2000,     1, DET , NHL , G  , 39.0,  0.0,   2.0,   2.0,   4.0, 0.0  ,  0.0,  0.0,  0.0,  1.0,  0.0, 0.0,   0.0,       ,      ,      ,        ,        ,        ,        ,        ,        ,        ,        ,      
legacma01, 2001,     1, DET , NHL , G  , 20.0,  0.0,   1.0,   1.0,   0.0, 0.0  ,  0.0,  1.0,  0.0,  0.0,  0.0, 0.0,   0.0,    1.0,   0.0,   0.0,     0.0,     0.0, 0.0    ,     0.0,     0.0,     0.0,     0.0,     0.0,     0.0
legacma01, 2002,     1, DET , NHL , G  , 25.0,  0.0,   1.0,   1.0,   2.0, 0.0  ,  0.0,  0.0,  0.0,  0.0,  0.0, 0.0,   0.0,       ,      ,      ,        ,        ,        ,        ,        ,        ,        ,        ,      
legacma01, 2003,     1, DET , NHL , G  , 41.0,  0.0,   0.0,   0.0,   0.0, 0.0  ,  0.0,  0.0,  0.0,  0.0,  0.0, 0.0,   0.0,    4.0,   0.0,   1.0,     1.0,     0.0, 0.0    ,     0.0,     0.0,     0.0,     0.0,     0.0,     0.0
legacma01, 2005,     1, DET , NHL , G  , 51.0,  0.0,   1.0,   1.0,   0.0, 0.0  ,  0.0,  1.0,  0.0,  0.0,  0.0,    ,   0.0,    6.0,   0.0,   0.0,     0.0,     0.0, 0.0    ,     0.0,     0.0,     0.0,     0.0,     0.0,     0.0
legacma01, 2006,     1, STL , NHL , G  , 45.0,  0.0,   0.0,   0.0,   2.0, 0.0  ,  0.0,  0.0,  0.0,  0.0,  0.0,    ,   0.0,       ,      ,      ,        ,        ,        ,        ,        ,        ,        ,        ,      
legacma01, 2007,     1, STL , NHL , G  , 66.0,  0.0,   2.0,   2.0,   4.0, 0.0  ,  0.0,  1.0,  0.0,  0.0,  0.0,    ,   0.0,       ,      ,      ,        ,        ,        ,        ,        ,        ,        ,        ,      
legacma01, 2008,     1, STL , NHL , G  , 29.0,  0.0,   0.0,   0.0,   0.0, 0.0  ,  0.0,  0.0,  0.0,  0.0,  0.0,    ,   0.0,       ,      ,      ,        ,        ,        ,        ,        ,        ,        ,        ,      
legacma01, 2009,     1, CAR , NHL , G  , 28.0,  0.0,   1.0,   1.0,   0.0, 0.0  ,  0.0,  0.0,  0.0,  0.0,  0.0,    ,   0.0,       ,      ,      ,        ,        ,        ,        ,        ,        ,        ,        ,      
legerro01, 1943,     1, NYR , NHL , D  ,  7.0,  1.0,   2.0,   3.0,   2.0,      ,     ,     ,     ,     ,     ,    ,      ,       ,      ,      ,        ,        ,        ,        ,        ,        ,        ,        ,      
legerro01, 1946,     1, MTL , NHL , D  , 49.0,  4.0,  18.0,  22.0,  12.0,      ,     ,     ,     ,     ,     ,    ,      ,   11.0,   0.0,   6.0,     6.0,    10.0,        ,        ,        ,        ,        ,        ,      
legerro01, 1947,     1, MTL , NHL , D  , 48.0,  4.0,  14.0,  18.0,  26.0,      ,     ,     ,     ,     ,     ,    ,      ,       ,      ,      ,        ,        ,        ,        ,        ,        ,        ,        ,      
legerro01, 1948,     1, MTL , NHL , D  , 28.0,  6.0,   7.0,  13.0,  10.0,      ,     ,     ,     ,     ,     ,    ,      ,    5.0,   0.0,   1.0,     1.0,     2.0,        ,        ,        ,        ,        ,        ,      
legerro01, 1949,     1, MTL , NHL , D  , 55.0,  3.0,  12.0,  15.0,  21.0,      ,     ,     ,     ,     ,     ,    ,      ,    4.0,   0.0,   0.0,     0.0,     2.0,        ,        ,        ,        ,        ,        ,      
leggeba01, 1974,     1, MIB , WHA , D  , 36.0,  3.0,  18.0,  21.0,  20.0, -19.0,  3.0,     ,  0.0,     ,     ,    ,  66.0,       ,      ,      ,        ,        ,        ,        ,        ,        ,        ,        ,      
leggeba01, 1975,     1, DOT , WHA , D  , 40.0,  6.0,   8.0,  14.0,  15.0, -11.0,  4.0,     ,  0.0,     ,  1.0,    ,  59.0,       ,      ,      ,        ,        ,        ,        ,        ,        ,        ,        ,      
leggeba01, 1975,     2, CLC , WHA , D  , 35.0,  0.0,   7.0,   7.0,  22.0, -8.0 ,  0.0,     ,  0.0,     ,  0.0,    ,  28.0,    3.0,   0.0,   1.0,     1.0,    12.0, -3.0   ,        ,        ,        ,        ,     0.0,      
leggeba01, 1976,     1, MF2 , WHA , D  ,  2.0,  0.0,   0.0,   0.0,   0.0, -1.0 ,  0.0,     ,  0.0,     ,  0.0,    ,   1.0,       ,      ,      ,        ,        ,        ,        ,        ,        ,        ,        ,      
leggeba01, 1976,     2, CIN , WHA , D  , 74.0,  7.0,  22.0,  29.0,  39.0, 20.0 ,  0.0,     ,  0.0,     ,     ,    , 107.0,    4.0,   0.0,   0.0,     0.0,     0.0, -7.0   ,     0.0,        ,     0.0,        ,     0.0,      
leggeba01, 1977,     1, CIN , WHA , D  , 78.0,  7.0,  17.0,  24.0, 114.0, -7.0 ,  2.0,     ,  0.0,     ,     ,    , 103.0,       ,      ,      ,        ,        ,        ,        ,        ,        ,        ,        ,      
leggeba01, 1978,     1, CIN , WHA , D  , 80.0,  3.0,   8.0,  11.0, 131.0, -13.0,  0.0,     ,  0.0,     ,     ,    , 104.0,    3.0,   0.0,   4.0,     4.0,     0.0, -3.0   ,        ,        ,        ,        ,     0.0,      
leggeba01, 1979,     1, QUE , NHL , D  , 31.0,  0.0,   3.0,   3.0,  18.0, 2.0  ,  0.0,     ,  0.0,     ,  0.0, 0.0,  15.0,       ,      ,      ,        ,        ,        ,        ,        ,        ,        ,        ,      
leggeba01, 1980,     1, WIN , NHL , D  , 38.0,  0.0,   6.0,   6.0,  69.0, -33.0,  0.0,     ,  0.0,     ,  0.0, 0.0,  14.0,       ,      ,      ,        ,        ,        ,        ,        ,        ,        ,        ,      
leggeba01, 1981,     1, WIN , NHL , D  , 38.0,  1.0,   2.0,   3.0,  57.0, -6.0 ,  0.0,     ,  0.0,     ,  0.0, 0.0,  23.0,       ,      ,      ,        ,        ,        ,        ,        ,        ,        ,        ,      
leggera01, 1972,     1, NYR , NHL , D  , 12.0,  0.0,   2.0,   2.0,   2.0, 0.0  ,  0.0,     ,  0.0,     ,  0.0, 0.0,  10.0,       ,      ,      ,        ,        ,        ,        ,        ,        ,        ,        ,      
leggera01, 1974,     1, MIB , WHA , D  , 78.0,  1.0,  14.0,  15.0,  69.0, -40.0,  0.0,     ,  0.0,     ,     ,    ,  73.0,       ,      ,      ,        ,        ,        ,        ,        ,        ,        ,        ,      
leggera01, 1975,     1, WIJ , WHA , D  ,  1.0,  0.0,   0.0,   0.0,   0.0, 1.0  ,  0.0,     ,  0.0,     ,  0.0,    ,   0.0,       ,      ,      ,        ,        ,        ,        ,        ,        ,        ,        ,      
leggera01, 1975,     2, CLC , WHA , D  , 44.0,  1.0,   8.0,   9.0,  28.0, -7.0 ,  0.0,     ,  0.0,     ,  0.0,    ,  41.0,    3.0,   0.0,   0.0,     0.0,     0.0, -2.0   ,        ,        ,        ,        ,     0.0,      
leggera01, 1976,     1, SDM , WHA , D  , 69.0,  1.0,   9.0,  10.0,  69.0, -18.0,  0.0,     ,  0.0,     ,     ,    ,  29.0,    7.0,   0.0,   0.0,     0.0,    18.0, -6.0   ,     0.0,        ,     0.0,        ,     0.0,      
legricl01, 1980,     1, DET , NHL , G  ,  3.0,  0.0,   0.0,   0.0,   0.0, 0.0  ,  0.0,     ,  0.0,     ,  0.0, 0.0,   0.0,       ,      ,      ,        ,        ,        ,        ,        ,        ,        ,        ,      
legricl01, 1981,     1, DET , NHL , G  ,  1.0,  0.0,   0.0,   0.0,   0.0, 0.0  ,  0.0,     ,  0.0,     ,  0.0, 0.0,   0.0,       ,      ,      ,        ,        ,        ,        ,        ,        ,        ,        ,      
legwada01, 1998,     1, NAS , NHL , C  ,  1.0,  0.0,   0.0,   0.0,   0.0, 0.0  ,  0.0,  0.0,  0.0,  0.0,  0.0, 0.0,   2.0,       ,      ,      ,        ,        ,        ,        ,        ,        ,        ,        ,      
legwada01, 1999,     1, NAS , NHL , C  , 71.0, 13.0,  15.0,  28.0,  30.0, -6.0 ,  4.0,  3.0,  0.0,  0.0,  2.0, 0.0, 111.0,       ,      ,      ,        ,        ,        ,        ,        ,        ,        ,        ,      
legwada01, 2000,     1, NAS , NHL , C  , 81.0, 13.0,  28.0,  41.0,  38.0, 1.0  ,  3.0,  6.0,  0.0,  0.0,  3.0, 0.0, 172.0,       ,      ,      ,        ,        ,        ,        ,        ,        ,        ,        ,      
legwada01, 2001,     1, NAS , NHL , C  , 63.0, 11.0,  19.0,  30.0,  54.0, 1.0  ,  1.0,  3.0,  1.0,  0.0,  1.0, 0.0, 121.0,       ,      ,      ,        ,        ,        ,        ,        ,        ,        ,        ,      
legwada01, 2002,     1, NAS , NHL , C  , 64.0, 17.0,  31.0,  48.0,  34.0, -2.0 ,  3.0, 15.0,  1.0,  0.0,  4.0, 1.0, 167.0,       ,      ,      ,        ,        ,        ,        ,        ,        ,        ,        ,      
legwada01, 2003,     1, NAS , NHL , C  , 82.0, 18.0,  29.0,  47.0,  46.0, 9.0  ,  5.0,  7.0,  1.0,  0.0,  5.0, 0.0, 165.0,    6.0,   1.0,   0.0,     1.0,     8.0, 1.0    ,     0.0,     0.0,     1.0,     0.0,     0.0,     8.0
legwada01, 2005,     1, NAS , NHL , C  , 44.0,  7.0,  19.0,  26.0,  34.0, 3.0  ,  0.0,  8.0,  0.0,  0.0,  5.0,    , 109.0,    5.0,   0.0,   1.0,     1.0,     8.0, -1.0   ,     0.0,     0.0,     0.0,     0.0,     0.0,    11.0
legwada01, 2006,     1, NAS , NHL , C  , 78.0, 27.0,  36.0,  63.0,  44.0, 23.0 ,  3.0,  7.0,  1.0,  2.0,  7.0,    , 153.0,    5.0,   0.0,   3.0,     3.0,     2.0, -2.0   ,     0.0,     1.0,     0.0,     0.0,     0.0,    14.0
legwada01, 2007,     1, NAS , NHL , C  , 65.0, 15.0,  29.0,  44.0,  38.0, -4.0 ,  4.0,  9.0,  0.0,  1.0,  1.0,    , 144.0,    3.0,   1.0,   0.0,     1.0,     2.0, 0.0    ,     0.0,     0.0,     0.0,     0.0,     0.0,    10.0
legwada01, 2008,     1, NAS , NHL , C  , 73.0, 20.0,  22.0,  42.0,  32.0, -3.0 ,  1.0,  6.0,  3.0,  1.0,  1.0,    , 175.0,       ,      ,      ,        ,        ,        ,        ,        ,        ,        ,        ,      
legwada01, 2009,     1, NAS , NHL , C  , 82.0, 11.0,  27.0,  38.0,  24.0, -5.0 ,  0.0,  6.0,  1.0,  0.0,  3.0,    , 151.0,    6.0,   2.0,   5.0,     7.0,     8.0, 5.0    ,     0.0,     0.0,     0.0,     1.0,     1.0,    16.0
lehmahu01, 1911,     1, NWR , PCHA, G  , 15.0,  0.0,   0.0,   0.0,   0.0,      ,     ,     ,     ,     ,     ,    ,      ,       ,      ,      ,        ,        ,        ,        ,        ,        ,        ,        ,      
lehmahu01, 1912,     1, NWR , PCHA, G  , 12.0,  0.0,   0.0,   0.0,   0.0,      ,     ,     ,     ,     ,     ,    ,      ,       ,      ,      ,        ,        ,        ,        ,        ,        ,        ,        ,      
lehmahu01, 1913,     1, NWR , PCHA, G  , 16.0,  0.0,   0.0,   0.0,   0.0,      ,     ,     ,     ,     ,     ,    ,      ,       ,      ,      ,        ,        ,        ,        ,        ,        ,        ,        ,      
lehmahu01, 1914,     1, VML , PCHA, G  , 17.0,  0.0,   0.0,   0.0,   3.0,      ,     ,     ,     ,     ,     ,    ,      ,       ,      ,      ,        ,        ,        ,        ,        ,        ,        ,        ,      
lehmahu01, 1915,     1, VML , PCHA, G  , 18.0,  0.0,   0.0,   0.0,   0.0,      ,     ,     ,     ,     ,     ,    ,      ,       ,      ,      ,        ,        ,        ,        ,        ,        ,        ,        ,      
lehmahu01, 1916,     1, VML , PCHA, G  , 23.0,  0.0,   0.0,   0.0,   0.0,      ,     ,     ,     ,     ,     ,    ,      ,       ,      ,      ,        ,        ,        ,        ,        ,        ,        ,        ,      
lehmahu01, 1917,     1, VML , PCHA, G  , 18.0,  0.0,   0.0,   0.0,   0.0,      ,     ,     ,     ,     ,     ,    ,      ,    2.0,   0.0,   0.0,     0.0,     0.0,        ,        ,        ,        ,        ,        ,      
lehmahu01, 1918,     1, VML , PCHA, G  , 20.0,  0.0,   0.0,   0.0,   0.0,      ,     ,     ,     ,     ,     ,    ,      ,    2.0,   0.0,   0.0,     0.0,     0.0,        ,        ,        ,        ,        ,        ,      
lehmahu01, 1919,     1, VML , PCHA, G  , 22.0,  0.0,   0.0,   0.0,   0.0,      ,     ,     ,     ,     ,     ,    ,      ,    2.0,   0.0,   0.0,     0.0,     0.0,        ,        ,        ,        ,        ,        ,      
lehmahu01, 1920,     1, VML , PCHA, G  , 24.0,  0.0,   0.0,   0.0,   6.0,      ,     ,     ,     ,     ,     ,    ,      ,    2.0,   0.0,   0.0,     0.0,     0.0,        ,        ,        ,        ,        ,        ,      
lehmahu01, 1921,     1, VML , PCHA, G  , 22.0,  0.0,   0.0,   0.0,   0.0,      ,     ,     ,     ,     ,     ,    ,      ,    4.0,   0.0,   0.0,     0.0,     0.0,        ,        ,        ,        ,        ,        ,      
lehmahu01, 1922,     1, VAM , PCHA, G  , 25.0,  0.0,   0.0,   0.0,   0.0,      ,     ,     ,     ,     ,     ,    ,      ,    2.0,   0.0,   0.0,     0.0,     0.0,        ,        ,        ,        ,        ,        ,      
lehmahu01, 1923,     1, VAM , PCHA, G  , 30.0,  0.0,   0.0,   0.0,   0.0,      ,     ,     ,     ,     ,     ,    ,      ,    5.0,   0.0,   0.0,     0.0,     0.0,        ,        ,        ,        ,        ,        ,      
lehmahu01, 1924,     1, VMR , WCHL, G  , 11.0,  0.0,   0.0,   0.0,   0.0,      ,     ,     ,     ,     ,     ,    ,      ,       ,      ,      ,        ,        ,        ,        ,        ,        ,        ,        ,      
lehmahu01, 1925,     1, VMR , WCHL, G  , 30.0,  0.0,   0.0,   0.0,   2.0,      ,     ,     ,     ,     ,     ,    ,      ,       ,      ,      ,        ,        ,        ,        ,        ,        ,        ,        ,      
lehmahu01, 1926,     1, CHI , NHL , G  , 44.0,  0.0,   0.0,   0.0,   0.0,      ,     ,     ,     ,     ,     ,    ,      ,    2.0,   0.0,   0.0,     0.0,     0.0,        ,        ,        ,        ,        ,        ,      
lehmahu01, 1927,     1, CHI , NHL , G  ,  4.0,  0.0,   0.0,   0.0,   0.0,      ,     ,     ,     ,     ,     ,    ,      ,       ,      ,      ,        ,        ,        ,        ,        ,        ,        ,        ,      
lehmasc01, 2008,     1, ATL , NHL , D  ,  1.0,  0.0,   0.0,   0.0,   0.0, 0.0  ,  0.0,  0.0,  0.0,  0.0,  0.0,    ,   0.0,       ,      ,      ,        ,        ,        ,        ,        ,        ,        ,        ,      
lehmato01, 1987,     1, BOS , NHL , C  ,  9.0,  1.0,   3.0,   4.0,   6.0, 0.0  ,  0.0,  1.0,  0.0,  0.0,  0.0, 0.0,   5.0,       ,      ,      ,        ,        ,        ,        ,        ,        ,        ,        ,      
lehmato01, 1988,     1, BOS , NHL , C  , 26.0,  4.0,   2.0,   6.0,  10.0, -7.0 ,  1.0,  0.0,  1.0,  0.0,  1.0, 0.0,  26.0,       ,      ,      ,        ,        ,        ,        ,        ,        ,        ,        ,      
lehmato01, 1989,     1, EDM , NHL , C  ,  1.0,  0.0,   0.0,   0.0,   0.0, 1.0  ,  0.0,  0.0,  0.0,  0.0,  0.0, 0.0,   0.0,       ,      ,      ,        ,        ,        ,        ,        ,        ,        ,        ,      
lehouya01, 2005,     1, PHO , NHL , C  ,  3.0,  1.0,   0.0,   1.0,   2.0, 1.0  ,  0.0,  0.0,  0.0,  0.0,  0.0,    ,   5.0,       ,      ,      ,        ,        ,        ,        ,        ,        ,        ,        ,      
lehouya01, 2006,     1, PHO , NHL , C  ,  7.0,  1.0,   2.0,   3.0,   4.0, -1.0 ,  1.0,  1.0,  0.0,  0.0,  0.0,    ,  10.0,       ,      ,      ,        ,        ,        ,        ,        ,        ,        ,        ,      
lehtije01, 1995,     1, DAL , NHL , R  , 57.0,  6.0,  22.0,  28.0,  16.0, 5.0  ,  0.0,  5.0,  0.0,  0.0,  1.0, 0.0, 109.0,       ,      ,      ,        ,        ,        ,        ,        ,        ,        ,        ,      
lehtije01, 1996,     1, DAL , NHL , R  , 63.0, 16.0,  27.0,  43.0,   2.0, 26.0 ,  3.0,  3.0,  1.0,  3.0,  2.0, 0.0, 134.0,    7.0,   2.0,   2.0,     4.0,     0.0, 1.0    ,     0.0,     0.0,     0.0,     0.0,     0.0,    15.0
lehtije01, 1997,     1, DAL , NHL , R  , 72.0, 23.0,  19.0,  42.0,  20.0, 19.0 ,  7.0,  3.0,  2.0,  3.0,  6.0, 1.0, 201.0,   12.0,   3.0,   5.0,     8.0,     2.0, 0.0    ,     1.0,     2.0,     0.0,     0.0,     0.0,    31.0
lehtije01, 1998,     1, DAL , NHL , R  , 74.0, 20.0,  32.0,  52.0,  18.0, 29.0 ,  7.0, 10.0,  1.0,  1.0,  2.0, 0.0, 173.0,   23.0,  10.0,   3.0,    13.0,     2.0, 8.0    ,     1.0,     1.0,     1.0,     0.0,     0.0,    55.0
lehtije01, 1999,     1, DAL , NHL , L  , 17.0,  3.0,   5.0,   8.0,   0.0, 1.0  ,  0.0,  0.0,  0.0,  0.0,  1.0, 0.0,  29.0,   13.0,   1.0,   5.0,     6.0,     2.0, 1.0    ,     0.0,     0.0,     0.0,     0.0,     0.0,    23.0
lehtije01, 2000,     1, DAL , NHL , L  , 74.0, 20.0,  25.0,  45.0,  24.0, 14.0 ,  7.0,  4.0,  0.0,  2.0,  1.0, 1.0, 148.0,   10.0,   1.0,   0.0,     1.0,     2.0, -4.0   ,     0.0,     0.0,     0.0,     0.0,     0.0,    22.0
lehtije01, 2001,     1, DAL , NHL , R  , 73.0, 25.0,  24.0,  49.0,  14.0, 27.0 ,  7.0,  5.0,  1.0,  1.0,  4.0, 2.0, 198.0,       ,      ,      ,        ,        ,        ,        ,        ,        ,        ,        ,      
lehtije01, 2002,     1, DAL , NHL , R  , 80.0, 31.0,  17.0,  48.0,  20.0, 39.0 ,  5.0,  2.0,  0.0,  0.0,  3.0, 2.0, 238.0,   12.0,   3.0,   2.0,     5.0,     0.0, 1.0    ,     1.0,     0.0,     0.0,     0.0,     1.0,    42.0
lehtije01, 2003,     1, DAL , NHL , R  , 58.0, 13.0,  13.0,  26.0,  20.0, 0.0  ,  4.0,  4.0,  1.0,  0.0,  4.0, 0.0, 138.0,    5.0,   0.0,   0.0,     0.0,     0.0, -4.0   ,     0.0,     0.0,     0.0,     0.0,     0.0,    11.0
lehtije01, 2005,     1, DAL , NHL , R  , 80.0, 33.0,  19.0,  52.0,  30.0, 9.0  , 14.0,  7.0,  1.0,  0.0,  6.0,    , 216.0,    5.0,   3.0,   1.0,     4.0,     0.0, -1.0   ,     1.0,     0.0,     0.0,     0.0,     0.0,    17.0
lehtije01, 2006,     1, DAL , NHL , R  , 73.0, 26.0,  17.0,  43.0,  16.0, 5.0  , 11.0,  7.0,  1.0,  0.0,  5.0,    , 194.0,    7.0,   0.0,   0.0,     0.0,     2.0, -2.0   ,     0.0,     0.0,     0.0,     0.0,     0.0,    16.0
lehtije01, 2007,     1, DAL , NHL , R  , 48.0, 15.0,  22.0,  37.0,  14.0, 9.0  ,  9.0, 10.0,  0.0,  2.0,  1.0,    , 118.0,   14.0,   4.0,   4.0,     8.0,     2.0, 2.0    ,     3.0,     3.0,     0.0,     0.0,     0.0,    31.0
lehtije01, 2008,     1, DAL , NHL , R  , 48.0,  8.0,  16.0,  24.0,   8.0, 1.0  ,  2.0,  5.0,  0.0,  0.0,  1.0,    , 119.0,       ,      ,      ,        ,        ,        ,        ,        ,        ,        ,        ,      
lehtije01, 2009,     1, DAL , NHL , R  , 58.0,  4.0,  13.0,  17.0,   8.0, -8.0 ,  1.0,  2.0,  1.0,  0.0,  0.0,    ,  87.0,       ,      ,      ,        ,        ,        ,        ,        ,        ,        ,        ,      
lehtoan01, 1979,     1, WAS , NHL , L  , 65.0,  9.0,  12.0,  21.0,  14.0, -4.0 ,  2.0,     ,  0.0,     ,  1.0, 0.0, 101.0,       ,      ,      ,        ,        ,        ,        ,        ,        ,        ,        ,      
lehtoka01, 2003,     1, ATL , NHL , G  ,  4.0,  0.0,   0.0,   0.0,   0.0, 0.0  ,  0.0,  0.0,  0.0,  0.0,  0.0, 0.0,   0.0,       ,      ,      ,        ,        ,        ,        ,        ,        ,        ,        ,      
lehtoka01, 2005,     1, ATL , NHL , G  , 38.0,  0.0,   1.0,   1.0,   4.0, 0.0  ,  0.0,  1.0,  0.0,  0.0,  0.0,    ,   0.0,       ,      ,      ,        ,        ,        ,        ,        ,        ,        ,        ,      
lehtoka01, 2006,     1, ATL , NHL , G  , 68.0,  0.0,   1.0,   1.0,   6.0, 0.0  ,  0.0,  1.0,  0.0,  0.0,  0.0,    ,   0.0,    2.0,   0.0,   0.0,     0.0,     0.0, 0.0    ,     0.0,     0.0,     0.0,     0.0,     0.0,     0.0
lehtoka01, 2007,     1, ATL , NHL , G  , 48.0,  0.0,   2.0,   2.0,   4.0, 0.0  ,  0.0,  0.0,  0.0,  0.0,  0.0,    ,   0.0,       ,      ,      ,        ,        ,        ,        ,        ,        ,        ,        ,      
lehtoka01, 2008,     1, ATL , NHL , G  , 46.0,  0.0,   1.0,   1.0,   6.0, 0.0  ,  0.0,  0.0,  0.0,  1.0,  0.0,    ,   0.0,       ,      ,      ,        ,        ,        ,        ,        ,        ,        ,        ,      
lehtoka01, 2009,     1, DAL , NHL , G  , 12.0,  0.0,   1.0,   1.0,   0.0, 0.0  ,  0.0,  0.0,  0.0,  0.0,  0.0,    ,   0.0,       ,      ,      ,        ,        ,        ,        ,        ,        ,        ,        ,      
lehtomi01, 2006,     1, NAS , NHL , D  , 15.0,  1.0,   2.0,   3.0,   8.0, 0.0  ,  0.0,  0.0,  0.0,  0.0,  0.0,    ,  14.0,       ,      ,      ,        ,        ,        ,        ,        ,        ,        ,        ,      
lehtomi02, 2008,     1, BOS , NHL , R  ,  1.0,  0.0,   0.0,   0.0,   0.0, 0.0  ,  0.0,  0.0,  0.0,  0.0,  0.0,    ,   1.0,       ,      ,      ,        ,        ,        ,        ,        ,        ,        ,        ,      
lehtomi02, 2009,     1, BOS , NHL , R  ,  1.0,  0.0,   0.0,   0.0,   0.0, -1.0 ,  0.0,  0.0,  0.0,  0.0,  0.0,    ,   1.0,       ,      ,      ,        ,        ,        ,        ,        ,        ,        ,        ,      
lehtope01, 1984,     1, PIT , NHL , D  ,  6.0,  0.0,   0.0,   0.0,   4.0, -4.0 ,  0.0,     ,  0.0,     ,  0.0, 0.0,   5.0,       ,      ,      ,        ,        ,        ,        ,        ,        ,        ,        ,      
lehtope02, 1978,     1, FIN , WHA ,    ,  1.0,  0.0,   0.0,   0.0,   0.0,      ,  0.0,     ,  0.0,     ,  0.0,    ,      ,       ,      ,      ,        ,        ,        ,        ,        ,        ,        ,        ,      
lehvohe01, 1974,     1, KCS , NHL , D  ,  4.0,  0.0,   0.0,   0.0,   0.0, 4.0  ,  0.0,     ,  0.0,     ,  0.0, 0.0,   2.0,       ,      ,      ,        ,        ,        ,        ,        ,        ,        ,        ,      
leiered01, 1949,     1, CHI , NHL , C  ,  5.0,  0.0,   1.0,   1.0,   0.0,      ,     ,     ,     ,     ,     ,    ,      ,       ,      ,      ,        ,        ,        ,        ,        ,        ,        ,        ,      
leiered01, 1950,     1, CHI , NHL , C  , 11.0,  2.0,   0.0,   2.0,   2.0,      ,     ,     ,     ,     ,     ,    ,      ,       ,      ,      ,        ,        ,        ,        ,        ,        ,        ,        ,      
leighmi01, 2002,     1, CHI , NHL , G  ,  8.0,  0.0,   0.0,   0.0,   0.0, 0.0  ,  0.0,  0.0,  0.0,  0.0,  0.0, 0.0,   0.0,       ,      ,      ,        ,        ,        ,        ,        ,        ,        ,        ,      
leighmi01, 2003,     1, CHI , NHL , G  , 34.0,  0.0,   2.0,   2.0,   2.0, 0.0  ,  0.0,  0.0,  0.0,  0.0,  0.0, 0.0,   0.0,       ,      ,      ,        ,        ,        ,        ,        ,        ,        ,        ,      
leighmi01, 2006,     1, NAS , NHL , G  ,  1.0,  0.0,   0.0,   0.0,   0.0, 0.0  ,  0.0,  0.0,  0.0,  0.0,  0.0,    ,   0.0,       ,      ,      ,        ,        ,        ,        ,        ,        ,        ,        ,      
leighmi01, 2006,     2, PHI , NHL , G  ,  4.0,  0.0,   0.0,   0.0,   0.0, 0.0  ,  0.0,  0.0,  0.0,  0.0,  0.0,    ,   0.0,       ,      ,      ,        ,        ,        ,        ,        ,        ,        ,        ,      
leighmi01, 2007,     1, CAR , NHL , G  ,  3.0,  0.0,   0.0,   0.0,   0.0, 0.0  ,  0.0,  0.0,  0.0,  0.0,  0.0,    ,   0.0,       ,      ,      ,        ,        ,        ,        ,        ,        ,        ,        ,      
leighmi01, 2008,     1, CAR , NHL , G  , 19.0,  0.0,   0.0,   0.0,   4.0, 0.0  ,  0.0,  0.0,  0.0,  0.0,  0.0,    ,   0.0,       ,      ,      ,        ,        ,        ,        ,        ,        ,        ,        ,      
leighmi01, 2009,     1, CAR , NHL , G  ,  7.0,  0.0,   0.0,   0.0,   0.0, 0.0  ,  0.0,  0.0,  0.0,  0.0,  0.0,    ,   0.0,       ,      ,      ,        ,        ,        ,        ,        ,        ,        ,        ,      
leighmi01, 2009,     2, PHI , NHL , G  , 27.0,  0.0,   1.0,   1.0,   0.0, 0.0  ,  0.0,  0.0,  0.0,  0.0,  0.0,    ,   0.0,   14.0,   0.0,   0.0,     0.0,     2.0, 0.0    ,     0.0,     0.0,     0.0,     0.0,     0.0,     0.0
leinomi01, 1981,     1, NYR , NHL , C  , 53.0, 11.0,  20.0,  31.0,  18.0, 2.0  ,  2.0,     ,  0.0,     ,  3.0, 0.0,  67.0,    7.0,   1.0,   6.0,     7.0,    20.0,        ,     0.0,        ,     0.0,        ,     0.0,      
leinomi01, 1982,     1, NYR , NHL , C  , 78.0, 17.0,  34.0,  51.0,  23.0, 12.0 ,  3.0,     ,  0.0,     ,  0.0, 1.0, 135.0,    7.0,   1.0,   3.0,     4.0,     4.0,        ,     1.0,        ,     0.0,        ,     0.0,      
leinomi01, 1983,     1, NYR , NHL , C  , 28.0,  3.0,  23.0,  26.0,  28.0, 4.0  ,  0.0,     ,  0.0,     ,  1.0, 0.0,  39.0,    5.0,   0.0,   2.0,     2.0,     4.0, -2.0   ,     0.0,        ,     0.0,        ,     0.0,     4.0
leinomi01, 1984,     1, WAS , NHL , C  ,  3.0,  0.0,   1.0,   1.0,   2.0, 1.0  ,  0.0,     ,  0.0,     ,  0.0, 0.0,   5.0,    1.0,   0.0,   0.0,     0.0,     0.0, -1.0   ,     0.0,        ,     0.0,        ,     0.0,     0.0
leinovi01, 2008,     1, DET , NHL , L  , 13.0,  5.0,   4.0,   9.0,   6.0, 5.0  ,  0.0,  0.0,  0.0,  0.0,  1.0,    ,  17.0,    7.0,   0.0,   2.0,     2.0,     0.0, 2.0    ,     0.0,     0.0,     0.0,     0.0,     0.0,     7.0
leinovi01, 2009,     1, DET , NHL , L  , 42.0,  4.0,   3.0,   7.0,   6.0, -10.0,  1.0,  1.0,  0.0,  0.0,  1.0,    ,  54.0,       ,      ,      ,        ,        ,        ,        ,        ,        ,        ,        ,      
leinovi01, 2009,     2, PHI , NHL , L  , 13.0,  2.0,   2.0,   4.0,   4.0, 2.0  ,  0.0,  0.0,  0.0,  0.0,  1.0,    ,  23.0,   19.0,   7.0,  14.0,    21.0,     6.0, 10.0   ,     0.0,     5.0,     0.0,     0.0,     2.0,    36.0
leitebo01, 1962,     1, BOS , NHL , C  , 51.0,  9.0,  13.0,  22.0,  34.0,      ,     ,     ,     ,     ,     ,    ,      ,       ,      ,      ,        ,        ,        ,        ,        ,        ,        ,        ,      
leitebo01, 1963,     1, BOS , NHL , C  , 56.0,  6.0,  13.0,  19.0,  43.0,      ,  1.0,     ,  0.0,     ,  0.0, 0.0,      ,       ,      ,      ,        ,        ,        ,        ,        ,        ,        ,        ,      
leitebo01, 1964,     1, BOS , NHL , C  , 18.0,  3.0,   1.0,   4.0,   6.0,      ,  0.0,     ,  0.0,     ,  0.0, 1.0,      ,       ,      ,      ,        ,        ,        ,        ,        ,        ,        ,        ,      
leitebo01, 1965,     1, BOS , NHL , C  ,  9.0,  2.0,   1.0,   3.0,   2.0,      ,  0.0,     ,  0.0,     ,  0.0, 0.0,      ,       ,      ,      ,        ,        ,        ,        ,        ,        ,        ,        ,      
leitebo01, 1968,     1, BOS , NHL , C  ,  1.0,  0.0,   0.0,   0.0,   0.0, 0.0  ,  0.0,     ,  0.0,     ,  0.0, 0.0,   0.0,       ,      ,      ,        ,        ,        ,        ,        ,        ,        ,        ,      
leitebo01, 1971,     1, PIT , NHL , C  , 78.0, 14.0,  17.0,  31.0,  18.0, -25.0,  5.0,     ,  0.0,     ,  3.0, 2.0, 147.0,    4.0,   3.0,   0.0,     3.0,     0.0,        ,     1.0,        ,     0.0,        ,     0.0,      
leitebo01, 1972,     1, ATF , NHL , C  , 78.0, 26.0,  34.0,  60.0,  19.0, -12.0,  5.0,     ,  0.0,     ,  3.0, 1.0, 174.0,       ,      ,      ,        ,        ,        ,        ,        ,        ,        ,        ,      
leitebo01, 1973,     1, ATF , NHL , C  , 78.0, 26.0,  26.0,  52.0,  10.0, -4.0 , 10.0,     ,  0.0,     ,  4.0, 0.0, 178.0,    4.0,   0.0,   0.0,     0.0,     2.0,        ,     0.0,        ,     0.0,        ,     0.0,      
leitebo01, 1974,     1, ATF , NHL , C  , 52.0, 10.0,  18.0,  28.0,   8.0, -15.0,  6.0,     ,  0.0,     ,  1.0, 0.0,  96.0,       ,      ,      ,        ,        ,        ,        ,        ,        ,        ,        ,      
leitebo01, 1975,     1, ATF , NHL , C  , 26.0,  2.0,   3.0,   5.0,   4.0, 0.0  ,  1.0,     ,  0.0,     ,  0.0, 0.0,  26.0,       ,      ,      ,        ,        ,        ,        ,        ,        ,        ,        ,      
leitebo01, 1975,     2, CAC , WHA , C  , 51.0, 17.0,  17.0,  34.0,   8.0, 6.0  ,  6.0,     ,  0.0,     ,  0.0,    ,  94.0,    3.0,   2.0,   0.0,     2.0,     0.0, 0.0    ,        ,        ,        ,        ,        ,      
leiteke01, 1984,     1, NYI , NHL , D  ,  5.0,  0.0,   2.0,   2.0,   2.0, 0.0  ,  0.0,     ,  0.0,     ,  0.0, 0.0,   9.0,       ,      ,      ,        ,        ,        ,        ,        ,        ,        ,        ,      
leiteke01, 1985,     1, NYI , NHL , D  ,  9.0,  1.0,   1.0,   2.0,   6.0, 1.0  ,  0.0,     ,  0.0,     ,  0.0, 0.0,   9.0,       ,      ,      ,        ,        ,        ,        ,        ,        ,        ,        ,      
leiteke01, 1986,     1, NYI , NHL , D  , 74.0,  9.0,  20.0,  29.0,  30.0, 2.0  ,  4.0,     ,  0.0,     ,  0.0, 1.0, 159.0,   11.0,   0.0,   5.0,     5.0,     6.0, -2.0   ,     0.0,        ,     0.0,        ,     0.0,    17.0
leiteke01, 1987,     1, NYI , NHL , D  , 51.0,  4.0,  13.0,  17.0,  24.0, 18.0 ,  1.0,  3.0,  0.0,  0.0,  1.0, 0.0, 104.0,    4.0,   0.0,   1.0,     1.0,     2.0, 1.0    ,     0.0,     0.0,     0.0,     0.0,     0.0,     9.0
leiteke01, 1989,     1, MNS , NHL , D  ,  4.0,  0.0,   0.0,   0.0,   0.0, -2.0 ,  0.0,  0.0,  0.0,  0.0,  0.0, 0.0,   5.0,       ,      ,      ,        ,        ,        ,        ,        ,        ,        ,        ,      
lemaija01, 1967,     1, MTL , NHL , C  , 69.0, 22.0,  20.0,  42.0,  16.0, 15.0 ,  3.0,     ,  1.0,     ,  3.0, 3.0, 182.0,   13.0,   7.0,   6.0,    13.0,     6.0,        ,     2.0,        ,     0.0,        ,     2.0,      
lemaija01, 1968,     1, MTL , NHL , L  , 75.0, 29.0,  34.0,  63.0,  29.0, 31.0 ,  5.0,     ,  0.0,     ,  4.0, 1.0, 330.0,   14.0,   4.0,   2.0,     6.0,     6.0,        ,     1.0,        ,     0.0,        ,     0.0,      
lemaija01, 1969,     1, MTL , NHL , L  , 69.0, 32.0,  28.0,  60.0,  16.0, 19.0 , 12.0,     ,  0.0,     ,  5.0, 2.0, 237.0,       ,      ,      ,        ,        ,        ,        ,        ,        ,        ,        ,      
lemaija01, 1970,     1, MTL , NHL , L  , 78.0, 28.0,  28.0,  56.0,  18.0, 0.0  ,  6.0,     ,  0.0,     ,  3.0, 2.0, 252.0,   20.0,   9.0,  10.0,    19.0,    17.0,        ,     4.0,        ,     0.0,        ,     1.0,      
lemaija01, 1971,     1, MTL , NHL , C  , 77.0, 32.0,  49.0,  81.0,  26.0, 37.0 ,  8.0,     ,  0.0,     ,  7.0, 1.0, 266.0,    6.0,   2.0,   1.0,     3.0,     2.0,        ,     0.0,        ,     0.0,        ,     0.0,      
lemaija01, 1972,     1, MTL , NHL , C  , 77.0, 44.0,  51.0,  95.0,  16.0, 59.0 ,  9.0,     ,  0.0,     ,  5.0, 0.0, 294.0,   17.0,   7.0,  13.0,    20.0,     2.0,        ,     3.0,        ,     0.0,        ,     1.0,      
lemaija01, 1973,     1, MTL , NHL , C  , 66.0, 29.0,  38.0,  67.0,  10.0, 4.0  , 10.0,     ,  0.0,     ,  7.0, 2.0, 219.0,    6.0,   0.0,   4.0,     4.0,     2.0,        ,     0.0,        ,     0.0,        ,     0.0,      
lemaija01, 1974,     1, MTL , NHL , C  , 80.0, 36.0,  56.0,  92.0,  20.0, 25.0 , 12.0,     ,  0.0,     ,  8.0, 1.0, 260.0,   11.0,   5.0,   7.0,    12.0,     4.0,        ,     1.0,        ,     0.0,        ,     0.0,      
lemaija01, 1975,     1, MTL , NHL , C  , 61.0, 20.0,  32.0,  52.0,  20.0, 26.0 ,  6.0,     ,  0.0,     ,  3.0, 1.0, 226.0,   13.0,   3.0,   3.0,     6.0,     2.0,        ,     1.0,        ,     1.0,        ,     1.0,      
lemaija01, 1976,     1, MTL , NHL , C  , 75.0, 34.0,  41.0,  75.0,  22.0, 70.0 ,  5.0,     ,  2.0,     ,  4.0, 0.0, 272.0,   14.0,   7.0,  12.0,    19.0,     6.0,        ,     1.0,        ,     0.0,        ,     3.0,      
lemaija01, 1977,     1, MTL , NHL , C  , 76.0, 36.0,  61.0,  97.0,  14.0, 54.0 ,  6.0,     ,  0.0,     ,  5.0, 2.0, 310.0,   15.0,   6.0,   8.0,    14.0,    10.0,        ,     0.0,        ,     0.0,        ,     1.0,      
lemaija01, 1978,     1, MTL , NHL , C  , 50.0, 24.0,  31.0,  55.0,  10.0, 9.0  ,  6.0,     ,  1.0,     ,  4.0, 1.0, 203.0,   16.0,  11.0,  12.0,    23.0,     6.0,        ,     6.0,        ,     0.0,        ,     2.0,      
lemaymo01, 1981,     1, VAN , NHL , L  ,  5.0,  1.0,   2.0,   3.0,   0.0, 1.0  ,  1.0,     ,  0.0,     ,  0.0, 0.0,  14.0,       ,      ,      ,        ,        ,        ,        ,        ,        ,        ,        ,      
lemaymo01, 1982,     1, VAN , NHL , L  , 44.0, 11.0,   9.0,  20.0,  41.0, -6.0 ,  3.0,     ,  0.0,     ,  1.0, 1.0,  72.0,       ,      ,      ,        ,        ,        ,        ,        ,        ,        ,        ,      
lemaymo01, 1983,     1, VAN , NHL , L  , 56.0, 12.0,  18.0,  30.0,  38.0, 4.0  ,  1.0,     ,  0.0,     ,  1.0, 1.0, 109.0,    4.0,   0.0,   0.0,     0.0,    12.0, -1.0   ,     0.0,        ,     0.0,        ,     0.0,    10.0
lemaymo01, 1984,     1, VAN , NHL , L  , 74.0, 21.0,  31.0,  52.0,  68.0, -11.0,  4.0,     ,  1.0,     ,  2.0, 1.0, 162.0,       ,      ,      ,        ,        ,        ,        ,        ,        ,        ,        ,      
lemaymo01, 1985,     1, VAN , NHL , L  , 48.0, 16.0,  15.0,  31.0,  92.0, -14.0,  6.0,     ,  0.0,     ,  1.0, 0.0, 112.0,       ,      ,      ,        ,        ,        ,        ,        ,        ,        ,        ,      
lemaymo01, 1986,     1, VAN , NHL , L  , 52.0,  9.0,  17.0,  26.0, 128.0, -2.0 ,  2.0,     ,  0.0,     ,  0.0, 0.0,  86.0,       ,      ,      ,        ,        ,        ,        ,        ,        ,        ,        ,      
lemaymo01, 1986,     2, EDM , NHL , L  , 10.0,  1.0,   2.0,   3.0,  36.0, 2.0  ,  0.0,     ,  0.0,     ,  0.0, 0.0,   7.0,    9.0,   2.0,   1.0,     3.0,    11.0, 1.0    ,     0.0,        ,     0.0,        ,     1.0,     7.0
lemaymo01, 1987,     1, EDM , NHL , L  ,  4.0,  0.0,   0.0,   0.0,   2.0, -1.0 ,  0.0,  0.0,  0.0,  0.0,  0.0, 0.0,   5.0,       ,      ,      ,        ,        ,        ,        ,        ,        ,        ,        ,      
lemaymo01, 1987,     2, BOS , NHL , L  ,  2.0,  0.0,   0.0,   0.0,   0.0, -2.0 ,  0.0,  0.0,  0.0,  0.0,  0.0, 0.0,   2.0,   15.0,   4.0,   2.0,     6.0,    32.0, 1.0    ,     0.0,     0.0,     0.0,     0.0,     0.0,    20.0
lemaymo01, 1988,     1, BOS , NHL , L  , 12.0,  0.0,   0.0,   0.0,  23.0, -5.0 ,  0.0,  0.0,  0.0,  0.0,  0.0, 0.0,   6.0,       ,      ,      ,        ,        ,        ,        ,        ,        ,        ,        ,      
lemaymo01, 1988,     2, WIN , NHL , L  , 10.0,  1.0,   0.0,   1.0,  14.0, -3.0 ,  0.0,  0.0,  0.0,  0.0,  0.0, 0.0,  15.0,       ,      ,      ,        ,        ,        ,        ,        ,        ,        ,        ,      
lemelja01, 1972,     1, QUN , WHA , G  ,  9.0,  0.0,   1.0,   1.0,   0.0,      ,  0.0,     ,  0.0,     ,     ,    ,      ,       ,      ,      ,        ,        ,        ,        ,        ,        ,        ,        ,      
lemelre01, 1978,     1, ATF , NHL , G  , 18.0,  0.0,   0.0,   0.0,   4.0, 0.0  ,  0.0,     ,  0.0,     ,  0.0, 0.0,   0.0,    1.0,   0.0,   1.0,     1.0,     0.0,        ,     0.0,        ,     0.0,        ,     0.0,      
lemelre01, 1979,     1, ATF , NHL , G  ,  3.0,  0.0,   0.0,   0.0,   0.0, 0.0  ,  0.0,     ,  0.0,     ,  0.0, 0.0,   0.0,       ,      ,      ,        ,        ,        ,        ,        ,        ,        ,        ,      
lemelre01, 1980,     1, CAL , NHL , G  , 29.0,  0.0,   1.0,   1.0,   2.0, 0.0  ,  0.0,     ,  0.0,     ,  0.0, 0.0,   0.0,    6.0,   0.0,   0.0,     0.0,     0.0,        ,     0.0,        ,     0.0,        ,     0.0,      
lemelre01, 1981,     1, CAL , NHL , G  , 34.0,  0.0,   1.0,   1.0,   0.0, 0.0  ,  0.0,     ,  0.0,     ,  0.0, 0.0,   0.0,       ,      ,      ,        ,        ,        ,        ,        ,        ,        ,        ,      
lemelre01, 1982,     1, CAL , NHL , G  , 39.0,  0.0,   5.0,   5.0,   7.0, 0.0  ,  0.0,     ,  0.0,     ,  0.0, 0.0,   0.0,    7.0,   0.0,   0.0,     0.0,     0.0,        ,     0.0,        ,     0.0,        ,     0.0,      
lemelre01, 1983,     1, CAL , NHL , G  , 51.0,  0.0,   3.0,   3.0,   6.0, 0.0  ,  0.0,     ,  0.0,     ,  0.0, 0.0,   0.0,    8.0,   0.0,   0.0,     0.0,     0.0, 0.0    ,     0.0,        ,     0.0,        ,     0.0,     0.0
lemelre01, 1984,     1, CAL , NHL , G  , 56.0,  0.0,   0.0,   0.0,   4.0, 0.0  ,  0.0,     ,  0.0,     ,  0.0, 0.0,   0.0,    4.0,   0.0,   0.0,     0.0,     0.0, 0.0    ,     0.0,        ,     0.0,        ,     0.0,     0.0
lemelre01, 1985,     1, CAL , NHL , G  , 60.0,  0.0,   4.0,   4.0,  10.0, 0.0  ,  0.0,     ,  0.0,     ,  0.0, 0.0,   0.0,    3.0,   0.0,   1.0,     1.0,     0.0, 0.0    ,     0.0,        ,     0.0,        ,     0.0,     0.0
lemelre01, 1986,     1, CAL , NHL , G  , 34.0,  0.0,   0.0,   0.0,  20.0, 0.0  ,  0.0,     ,  0.0,     ,  0.0, 0.0,   0.0,    2.0,   0.0,   1.0,     1.0,     0.0, 0.0    ,     0.0,        ,     0.0,        ,     0.0,     0.0
lemelre01, 1987,     1, BOS , NHL , G  , 49.0,  0.0,   0.0,   0.0,   2.0, 0.0  ,  0.0,  0.0,  0.0,  0.0,  0.0, 0.0,   0.0,   17.0,   0.0,   1.0,     1.0,     2.0, 0.0    ,     0.0,        ,     0.0,        ,     0.0,     0.0
lemelre01, 1988,     1, BOS , NHL , G  , 40.0,  0.0,   1.0,   1.0,   6.0, 0.0  ,  0.0,     ,  0.0,     ,  0.0, 0.0,   0.0,    4.0,   0.0,   0.0,     0.0,     2.0, 0.0    ,     0.0,     0.0,     0.0,     0.0,     0.0,     0.0
lemelre01, 1989,     1, BOS , NHL , G  , 43.0,  0.0,   0.0,   0.0,  32.0, 0.0  ,  0.0,  0.0,  0.0,  0.0,  0.0, 0.0,   0.0,    3.0,   0.0,   0.0,     0.0,     0.0, 0.0    ,     0.0,     0.0,     0.0,     0.0,     0.0,     0.0
lemelre01, 1990,     1, BOS , NHL , G  , 33.0,  0.0,   0.0,   0.0,  10.0, 0.0  ,  0.0,  0.0,  0.0,  0.0,  0.0, 0.0,   0.0,    2.0,   0.0,   0.0,     0.0,     0.0, 0.0    ,     0.0,     0.0,     0.0,     0.0,     0.0,     0.0
lemelre01, 1991,     1, BOS , NHL , G  ,  8.0,  0.0,   1.0,   1.0,   2.0, 0.0  ,  0.0,  1.0,  0.0,  0.0,  0.0, 0.0,   0.0,    2.0,   0.0,   0.0,     0.0,     0.0, 0.0    ,     0.0,     0.0,     0.0,     0.0,     0.0,     0.0
lemelre01, 1992,     1, BOS , NHL , G  , 10.0,  0.0,   0.0,   0.0,   4.0, 0.0  ,  0.0,  0.0,  0.0,  0.0,  0.0, 0.0,   0.0,       ,      ,      ,        ,        ,        ,        ,        ,        ,        ,        ,      
lemelro01, 1974,     1, KCS , NHL , D  ,  8.0,  0.0,   1.0,   1.0,   6.0, -9.0 ,  0.0,     ,  0.0,     ,  0.0, 0.0,   4.0,       ,      ,      ,        ,        ,        ,        ,        ,        ,        ,        ,      
lemelro01, 1975,     1, KCS , NHL , D  , 11.0,  0.0,   0.0,   0.0,   0.0, -1.0 ,  0.0,     ,  0.0,     ,  0.0, 0.0,   1.0,       ,      ,      ,        ,        ,        ,        ,        ,        ,        ,        ,      
lemelro01, 1976,     1, COR , NHL , D  , 14.0,  1.0,   1.0,   2.0,  21.0, -6.0 ,  0.0,     ,  0.0,     ,  0.0, 0.0,  25.0,       ,      ,      ,        ,        ,        ,        ,        ,        ,        ,        ,      
lemelro01, 1977,     1, COR , NHL , D  ,  3.0,  0.0,   0.0,   0.0,   0.0, 0.0  ,  0.0,     ,  0.0,     ,  0.0, 0.0,   0.0,       ,      ,      ,        ,        ,        ,        ,        ,        ,        ,        ,      
lemieal01, 1981,     1, STL , NHL , C  ,  3.0,  0.0,   1.0,   1.0,   0.0, -1.0 ,  0.0,     ,  0.0,     ,  0.0, 0.0,   7.0,       ,      ,      ,        ,        ,        ,        ,        ,        ,        ,        ,      
lemieal01, 1982,     1, STL , NHL , C  , 42.0,  9.0,  25.0,  34.0,  18.0, -10.0,  1.0,     ,  0.0,     ,  0.0, 0.0,  71.0,    4.0,   0.0,   1.0,     1.0,     0.0,        ,     0.0,        ,     0.0,        ,     0.0,      
lemieal01, 1983,     1, STL , NHL , C  , 17.0,  4.0,   5.0,   9.0,   6.0, 0.0  ,  1.0,     ,  0.0,     ,  0.0, 1.0,  14.0,       ,      ,      ,        ,        ,        ,        ,        ,        ,        ,        ,      
lemieal01, 1984,     1, STL , NHL , C  , 19.0,  4.0,   2.0,   6.0,   0.0, 2.0  ,  0.0,     ,  0.0,     ,  1.0, 0.0,  11.0,       ,      ,      ,        ,        ,        ,        ,        ,        ,        ,        ,      
lemieal01, 1984,     2, QUE , NHL , C  , 30.0, 11.0,  11.0,  22.0,  12.0, -1.0 ,  2.0,     ,  0.0,     ,  2.0, 0.0,  48.0,   14.0,   3.0,   3.0,     6.0,     0.0, 2.0    ,     2.0,        ,     0.0,        ,     0.0,    12.0
lemieal01, 1985,     1, QUE , NHL , C  ,  7.0,  0.0,   0.0,   0.0,   2.0, -1.0 ,  0.0,     ,  0.0,     ,  0.0, 0.0,   1.0,    1.0,   1.0,   2.0,     3.0,     0.0, -1.0   ,     1.0,        ,     0.0,        ,     0.0,     2.0
lemieal01, 1986,     1, PIT , NHL , C  ,  1.0,  0.0,   0.0,   0.0,   0.0, -1.0 ,  0.0,     ,  0.0,     ,  0.0, 0.0,   0.0,       ,      ,      ,        ,        ,        ,        ,        ,        ,        ,        ,      
lemiebo01, 1967,     1, OAK , NHL , D  , 19.0,  0.0,   1.0,   1.0,  12.0, -6.0 ,  0.0,     ,  0.0,     ,  0.0, 0.0,  22.0,       ,      ,      ,        ,        ,        ,        ,        ,        ,        ,        ,      
lemiecl01, 1983,     1, MTL , NHL , R  ,  8.0,  1.0,   1.0,   2.0,  12.0, -2.0 ,  0.0,     ,  0.0,     ,  0.0, 0.0,   7.0,       ,      ,      ,        ,        ,        ,        ,        ,        ,        ,        ,      
lemiecl01, 1984,     1, MTL , NHL , R  ,  1.0,  0.0,   1.0,   1.0,   7.0, 1.0  ,  0.0,     ,  0.0,     ,  0.0, 0.0,   0.0,       ,      ,      ,        ,        ,        ,        ,        ,        ,        ,        ,      
lemiecl01, 1985,     1, MTL , NHL , R  , 10.0,  1.0,   2.0,   3.0,  22.0, -6.0 ,  1.0,     ,  0.0,     ,  0.0, 0.0,  16.0,   20.0,  10.0,   5.0,    15.0,    68.0, 1.0    ,     4.0,        ,     0.0,        ,     4.0,    51.0
lemiecl01, 1986,     1, MTL , NHL , R  , 76.0, 27.0,  26.0,  53.0, 156.0, 0.0  ,  5.0,     ,  0.0,     ,  1.0, 0.0, 184.0,   17.0,   4.0,   9.0,    13.0,    41.0, 7.0    ,     2.0,        ,     0.0,        ,     0.0,    44.0
lemiecl01, 1987,     1, MTL , NHL , R  , 78.0, 31.0,  30.0,  61.0, 137.0, 16.0 ,  6.0,  6.0,  0.0,  0.0,  3.0, 1.0, 241.0,   11.0,   3.0,   2.0,     5.0,    20.0, -2.0   ,     0.0,     0.0,     0.0,     0.0,     2.0,    28.0
lemiecl01, 1988,     1, MTL , NHL , R  , 69.0, 29.0,  22.0,  51.0, 136.0, 14.0 ,  7.0,  5.0,  0.0,  0.0,  3.0, 0.0, 220.0,   18.0,   4.0,   3.0,     7.0,    58.0, 0.0    ,     1.0,     0.0,     0.0,     0.0,     1.0,    46.0
lemiecl01, 1989,     1, MTL , NHL , R  , 39.0,  8.0,  10.0,  18.0, 106.0, -8.0 ,  3.0,  6.0,  0.0,  0.0,  1.0, 0.0, 104.0,   11.0,   1.0,   3.0,     4.0,    38.0, 2.0    ,     0.0,     0.0,     0.0,     0.0,     1.0,    24.0
lemiecl01, 1990,     1, NJD , NHL , R  , 78.0, 30.0,  17.0,  47.0, 105.0, -8.0 , 10.0,  1.0,  0.0,  0.0,  2.0, 0.0, 271.0,    7.0,   4.0,   0.0,     4.0,    34.0, -3.0   ,     2.0,     0.0,     0.0,     0.0,     1.0,    24.0
lemiecl01, 1991,     1, NJD , NHL , R  , 74.0, 41.0,  27.0,  68.0, 109.0, 9.0  , 13.0,  9.0,  1.0,  1.0,  8.0, 3.0, 296.0,    7.0,   4.0,   3.0,     7.0,    26.0, 1.0    ,     1.0,     1.0,     0.0,     0.0,     0.0,    33.0
lemiecl01, 1992,     1, NJD , NHL , R  , 77.0, 30.0,  51.0,  81.0, 155.0, 3.0  , 13.0, 22.0,  0.0,  0.0,  3.0, 2.0, 311.0,    5.0,   2.0,   0.0,     2.0,    19.0, -3.0   ,     1.0,     0.0,     0.0,     0.0,     0.0,    15.0
lemiecl01, 1993,     1, NJD , NHL , R  , 79.0, 18.0,  26.0,  44.0,  86.0, 13.0 ,  5.0,  7.0,  0.0,  1.0,  5.0, 0.0, 181.0,   20.0,   7.0,  11.0,    18.0,    44.0, 4.0    ,     0.0,     2.0,     0.0,     1.0,     2.0,    50.0
lemiecl01, 1994,     1, NJD , NHL , L  , 45.0,  6.0,  13.0,  19.0,  86.0, 2.0  ,  1.0,  0.0,  0.0,  1.0,  1.0, 0.0, 117.0,   20.0,  13.0,   3.0,    16.0,    20.0, 12.0   ,     0.0,     1.0,     0.0,     0.0,     3.0,    65.0
lemiecl01, 1995,     1, COL , NHL , R  , 79.0, 39.0,  32.0,  71.0, 117.0, 14.0 ,  9.0,  6.0,  2.0,  1.0, 10.0, 0.0, 315.0,   19.0,   5.0,   7.0,    12.0,    55.0, 5.0    ,     3.0,     2.0,     0.0,     0.0,     0.0,    81.0
lemiecl01, 1996,     1, COL , NHL , R  , 45.0, 11.0,  17.0,  28.0,  43.0, -4.0 ,  5.0,  8.0,  0.0,  0.0,  4.0, 0.0, 168.0,   17.0,  13.0,  10.0,    23.0,    32.0, 7.0    ,     4.0,     5.0,     0.0,     0.0,     4.0,    73.0
lemiecl01, 1997,     1, COL , NHL , R  , 78.0, 26.0,  27.0,  53.0, 115.0, -7.0 , 11.0,  7.0,  1.0,  0.0,  1.0, 1.0, 261.0,    7.0,   3.0,   3.0,     6.0,     8.0, 2.0    ,     1.0,     1.0,     0.0,     0.0,     1.0,    29.0
lemiecl01, 1998,     1, COL , NHL , R  , 82.0, 27.0,  24.0,  51.0, 102.0, 0.0  , 11.0, 14.0,  0.0,  1.0,  8.0, 1.0, 292.0,   19.0,   3.0,  11.0,    14.0,    26.0, 5.0    ,     1.0,     5.0,     0.0,     1.0,     0.0,    69.0
lemiecl01, 1999,     1, COL , NHL , R  , 13.0,  3.0,   6.0,   9.0,   4.0, 0.0  ,  0.0,  1.0,  0.0,  0.0,  0.0, 0.0,  36.0,       ,      ,      ,        ,        ,        ,        ,        ,        ,        ,        ,      
lemiecl01, 1999,     2, NJD , NHL , R  , 70.0, 17.0,  21.0,  38.0,  86.0, -3.0 ,  7.0,  5.0,  0.0,  2.0,  3.0, 0.0, 221.0,   23.0,   4.0,   6.0,    10.0,    28.0, 7.0    ,     1.0,     3.0,     0.0,     1.0,     0.0,    78.0
lemiecl01, 2000,     1, PHO , NHL , R  , 46.0, 10.0,  16.0,  26.0,  58.0, 1.0  ,  2.0,  8.0,  0.0,  0.0,  1.0, 0.0,  99.0,       ,      ,      ,        ,        ,        ,        ,        ,        ,        ,        ,      
lemiecl01, 2001,     1, PHO , NHL , R  , 82.0, 16.0,  25.0,  41.0,  70.0, -5.0 ,  4.0,  9.0,  1.0,  1.0,  3.0, 0.0, 174.0,    5.0,   0.0,   0.0,     0.0,     2.0, -2.0   ,     0.0,     0.0,     0.0,     0.0,     0.0,    13.0
lemiecl01, 2002,     1, PHO , NHL , R  , 36.0,  6.0,   8.0,  14.0,  30.0, -3.0 ,  1.0,  3.0,  1.0,  0.0,  0.0, 1.0,  74.0,       ,      ,      ,        ,        ,        ,        ,        ,        ,        ,        ,      
lemiecl01, 2002,     2, DAL , NHL , R  , 32.0,  2.0,   4.0,   6.0,  14.0, -9.0 ,  0.0,  1.0,  0.0,  1.0,  0.0, 0.0,  45.0,    7.0,   0.0,   1.0,     1.0,    10.0, -1.0   ,     0.0,     0.0,     0.0,     0.0,     0.0,     6.0
lemiecl01, 2008,     1, SJS , NHL , R  , 18.0,  0.0,   1.0,   1.0,  21.0, -5.0 ,  0.0,  0.0,  0.0,  0.0,  0.0,    ,  17.0,    1.0,   0.0,   0.0,     0.0,     0.0, 0.0    ,     0.0,     0.0,     0.0,     0.0,     0.0,     1.0
lemieja01, 1967,     1, LAK , NHL , D  , 16.0,  0.0,   3.0,   3.0,   8.0, 3.0  ,  0.0,     ,  0.0,     ,  0.0, 0.0,   5.0,       ,      ,      ,        ,        ,        ,        ,        ,        ,        ,        ,      
lemieja01, 1968,     1, LAK , NHL , D  ,     ,     ,      ,      ,      ,      ,     ,     ,     ,     ,     ,    ,      ,    1.0,   0.0,   0.0,     0.0,     0.0,        ,     0.0,        ,     0.0,        ,     0.0,      
lemieja01, 1969,     1, LAK , NHL , D  ,  3.0,  0.0,   1.0,   1.0,   0.0, 0.0  ,  0.0,     ,  0.0,     ,  0.0, 0.0,   0.0,       ,      ,      ,        ,        ,        ,        ,        ,        ,        ,        ,      
lemieje01, 1973,     1, ATF , NHL , D  , 32.0,  3.0,   5.0,   8.0,   6.0, -4.0 ,  2.0,     ,  0.0,     ,  0.0, 0.0,  58.0,    3.0,   1.0,   1.0,     2.0,     0.0,        ,     1.0,        ,     0.0,        ,     0.0,      
lemieje01, 1974,     1, ATF , NHL , D  , 75.0,  3.0,  24.0,  27.0,  19.0, -3.0 ,  1.0,     ,  0.0,     ,  2.0, 0.0, 140.0,       ,      ,      ,        ,        ,        ,        ,        ,        ,        ,        ,      
lemieje01, 1975,     1, ATF , NHL , D  , 33.0,  4.0,   9.0,  13.0,  10.0, 4.0  ,  1.0,     ,  0.0,     ,  0.0, 0.0,  51.0,       ,      ,      ,        ,        ,        ,        ,        ,        ,        ,        ,      
lemieje01, 1975,     2, WAS , NHL , D  , 33.0,  6.0,  14.0,  20.0,   2.0, -21.0,  5.0,     ,  0.0,     ,  1.0, 0.0,  65.0,       ,      ,      ,        ,        ,        ,        ,        ,        ,        ,        ,      
lemieje01, 1976,     1, WAS , NHL , D  , 15.0,  4.0,   4.0,   8.0,   2.0, -9.0 ,  2.0,     ,  0.0,     ,  0.0, 0.0,  19.0,       ,      ,      ,        ,        ,        ,        ,        ,        ,        ,        ,      
lemieje01, 1977,     1, WAS , NHL , D  , 16.0,  3.0,   7.0,  10.0,   0.0, -12.0,  3.0,     ,  0.0,     ,  0.0, 0.0,  24.0,       ,      ,      ,        ,        ,        ,        ,        ,        ,        ,        ,      
lemiejo01, 1986,     1, STL , NHL , L  , 53.0, 10.0,   8.0,  18.0,  94.0, 1.0  ,  1.0,     ,  0.0,     ,  1.0, 1.0,  48.0,    5.0,   0.0,   1.0,     1.0,     6.0, -1.0   ,     0.0,        ,     0.0,        ,     0.0,     5.0
lemiejo01, 1987,     1, STL , NHL , R  , 23.0,  1.0,   0.0,   1.0,  42.0, -5.0 ,  0.0,  0.0,  0.0,  0.0,  0.0, 0.0,  19.0,    5.0,   0.0,   0.0,     0.0,    15.0, -1.0   ,     0.0,     0.0,     0.0,     0.0,     0.0,     2.0
lemiejo01, 1988,     1, MTL , NHL , R  ,  1.0,  0.0,   1.0,   1.0,   0.0, -1.0 ,  0.0,  0.0,  0.0,  0.0,  0.0, 0.0,   0.0,       ,      ,      ,        ,        ,        ,        ,        ,        ,        ,        ,      
lemiejo01, 1989,     1, MTL , NHL , R  , 34.0,  4.0,   2.0,   6.0,  61.0, -1.0 ,  0.0,     ,  0.0,     ,  1.0, 0.0,  34.0,       ,      ,      ,        ,        ,        ,        ,        ,        ,        ,        ,      
lemiejo01, 1989,     2, CHI , NHL , R  , 39.0, 10.0,  11.0,  21.0,  47.0, 0.0  ,  1.0,     ,  0.0,     ,  1.0, 0.0,  78.0,   18.0,   1.0,   8.0,     9.0,    28.0, 1.0    ,     0.0,     0.0,     0.0,     1.0,     0.0,    23.0
lemiejo01, 1990,     1, CHI , NHL , R  , 67.0,  6.0,   7.0,  13.0, 119.0, -7.0 ,  1.0,  1.0,  1.0,  0.0,  2.0, 0.0,  89.0,    4.0,   0.0,   0.0,     0.0,     0.0, -2.0   ,     0.0,     0.0,     0.0,     0.0,     0.0,     4.0
lemiejo01, 1991,     1, CHI , NHL , R  , 78.0,  6.0,  10.0,  16.0,  80.0, -2.0 ,  0.0,  2.0,  0.0,  1.0,  1.0, 0.0, 103.0,   18.0,   3.0,   1.0,     4.0,    33.0, 0.0    ,     0.0,     0.0,     0.0,     0.0,     2.0,    32.0
lemiejo01, 1992,     1, CHI , NHL , R  , 81.0, 10.0,  21.0,  31.0, 111.0, 5.0  ,  1.0,  1.0,  0.0,  0.0,  2.0, 1.0, 117.0,    4.0,   1.0,   0.0,     1.0,     2.0, 0.0    ,     0.0,     0.0,     0.0,     0.0,     0.0,     7.0
lemiejo01, 1993,     1, CHI , NHL , R  , 66.0, 12.0,   8.0,  20.0,  63.0, 5.0  ,  0.0,  1.0,  0.0,  0.0,  0.0, 1.0, 129.0,       ,      ,      ,        ,        ,        ,        ,        ,        ,        ,        ,      
lemiejo01, 1993,     2, HAR , NHL , R  , 16.0,  6.0,   1.0,   7.0,  19.0, -8.0 ,  0.0,  0.0,  0.0,  0.0,  2.0, 0.0,  22.0,       ,      ,      ,        ,        ,        ,        ,        ,        ,        ,        ,      
lemiejo01, 1994,     1, HAR , NHL , R  , 41.0,  6.0,   5.0,  11.0,  32.0, -7.0 ,  0.0,  0.0,  0.0,  1.0,  1.0, 0.0,  78.0,       ,      ,      ,        ,        ,        ,        ,        ,        ,        ,        ,      
lemiejo01, 1995,     1, HAR , NHL , R  , 29.0,  1.0,   2.0,   3.0,  31.0, -11.0,  0.0,  0.0,  0.0,  0.0,  0.0, 0.0,  43.0,       ,      ,      ,        ,        ,        ,        ,        ,        ,        ,        ,      
lemiejo01, 1995,     2, NJD , NHL , R  , 18.0,  0.0,   1.0,   1.0,   4.0, -7.0 ,  0.0,  0.0,  0.0,  0.0,  0.0, 0.0,  20.0,       ,      ,      ,        ,        ,        ,        ,        ,        ,        ,        ,      
lemiejo01, 1995,     3, CAL , NHL , R  , 20.0,  4.0,   4.0,   8.0,  10.0, -1.0 ,  0.0,  0.0,  0.0,  0.0,  0.0, 0.0,  27.0,    4.0,   0.0,   0.0,     0.0,     0.0, 0.0    ,     0.0,     0.0,     0.0,     0.0,     0.0,     5.0
lemiejo01, 1996,     1, PHO , NHL , R  ,  2.0,  1.0,   0.0,   1.0,   0.0, 0.0  ,  0.0,  0.0,  0.0,  0.0,  1.0, 0.0,   4.0,    2.0,   0.0,   0.0,     0.0,     4.0, 0.0    ,     0.0,     0.0,     0.0,     0.0,     0.0,     2.0
lemiejo01, 1997,     1, PHO , NHL , R  , 30.0,  3.0,   3.0,   6.0,  27.0, 0.0  ,  1.0,  0.0,  0.0,  0.0,  0.0, 0.0,  32.0,       ,      ,      ,        ,        ,        ,        ,        ,        ,        ,        ,      
lemiema01, 1984,     1, PIT , NHL , C  , 73.0, 43.0,  57.0, 100.0,  54.0, -35.0, 11.0,     ,  0.0,     ,  2.0, 0.0, 209.0,       ,      ,      ,        ,        ,        ,        ,        ,        ,        ,        ,      
lemiema01, 1985,     1, PIT , NHL , C  , 79.0, 48.0,  93.0, 141.0,  43.0, -6.0 , 17.0,     ,  0.0,     ,  4.0, 0.0, 276.0,       ,      ,      ,        ,        ,        ,        ,        ,        ,        ,        ,      
lemiema01, 1986,     1, PIT , NHL , C  , 63.0, 54.0,  53.0, 107.0,  57.0, 13.0 , 19.0,     ,  0.0,     ,  4.0, 2.0, 267.0,       ,      ,      ,        ,        ,        ,        ,        ,        ,        ,        ,      
lemiema01, 1987,     1, PIT , NHL , C  , 77.0, 70.0,  98.0, 168.0,  92.0, 23.0 , 22.0, 58.0, 10.0,  4.0,  7.0, 3.0, 382.0,       ,      ,      ,        ,        ,        ,        ,        ,        ,        ,        ,      
lemiema01, 1988,     1, PIT , NHL , C  , 76.0, 85.0, 114.0, 199.0, 100.0, 41.0 , 31.0, 48.0, 13.0,  5.0,  8.0, 1.0, 313.0,   11.0,  12.0,   7.0,    19.0,    16.0, -1.0   ,     7.0,     3.0,     1.0,     0.0,     0.0,    41.0
lemiema01, 1989,     1, PIT , NHL , C  , 59.0, 45.0,  78.0, 123.0,  78.0, -18.0, 14.0, 35.0,  3.0,  0.0,  4.0, 1.0, 226.0,       ,      ,      ,        ,        ,        ,        ,        ,        ,        ,        ,      
lemiema01, 1990,     1, PIT , NHL , C  , 26.0, 19.0,  26.0,  45.0,  30.0, 8.0  ,  6.0,  7.0,  1.0,  0.0,  2.0, 0.0,  89.0,   23.0,  16.0,  28.0,    44.0,    16.0, 14.0   ,     6.0,    13.0,     2.0,     0.0,     0.0,    93.0
lemiema01, 1991,     1, PIT , NHL , C  , 64.0, 44.0,  87.0, 131.0,  94.0, 27.0 , 12.0, 35.0,  4.0,  6.0,  5.0, 1.0, 249.0,   15.0,  16.0,  18.0,    34.0,     2.0, 6.0    ,     8.0,    10.0,     2.0,     0.0,     5.0,    69.0
lemiema01, 1992,     1, PIT , NHL , C  , 60.0, 69.0,  91.0, 160.0,  38.0, 55.0 , 16.0, 39.0,  6.0,  3.0, 10.0, 0.0, 286.0,   11.0,   8.0,  10.0,    18.0,    10.0, 2.0    ,     3.0,     6.0,     1.0,     0.0,     1.0,    40.0
lemiema01, 1993,     1, PIT , NHL , C  , 22.0, 17.0,  20.0,  37.0,  32.0, -2.0 ,  7.0,  8.0,  0.0,  0.0,  4.0, 0.0,  92.0,    6.0,   4.0,   3.0,     7.0,     2.0, -4.0   ,     1.0,     1.0,     0.0,     0.0,     0.0,    23.0
lemiema01, 1995,     1, PIT , NHL , C  , 70.0, 69.0,  92.0, 161.0,  54.0, 10.0 , 31.0, 48.0,  8.0,  1.0,  8.0, 0.0, 338.0,   18.0,  11.0,  16.0,    27.0,    33.0, 3.0    ,     3.0,     9.0,     1.0,     0.0,     2.0,    78.0
lemiema01, 1996,     1, PIT , NHL , L  , 76.0, 50.0,  72.0, 122.0,  65.0, 27.0 , 15.0, 22.0,  3.0,  3.0,  7.0, 1.0, 327.0,    5.0,   3.0,   3.0,     6.0,     4.0, -4.0   ,     0.0,     2.0,     0.0,     0.0,     0.0,    19.0
lemiema01, 2000,     1, PIT , NHL , C  , 43.0, 35.0,  41.0,  76.0,  18.0, 15.0 , 16.0, 16.0,  1.0,  0.0,  5.0, 0.0, 171.0,   18.0,   6.0,  11.0,    17.0,     4.0, 4.0    ,     1.0,     5.0,     0.0,     1.0,     3.0,    39.0
lemiema01, 2001,     1, PIT , NHL , C  , 24.0,  6.0,  25.0,  31.0,  14.0, 0.0  ,  2.0, 12.0,  0.0,  0.0,  0.0, 0.0,  75.0,       ,      ,      ,        ,        ,        ,        ,        ,        ,        ,        ,      
lemiema01, 2002,     1, PIT , NHL , C  , 67.0, 28.0,  63.0,  91.0,  43.0, -25.0, 14.0, 31.0,  0.0,  0.0,  4.0, 0.0, 235.0,       ,      ,      ,        ,        ,        ,        ,        ,        ,        ,        ,      
lemiema01, 2003,     1, PIT , NHL , C  , 10.0,  1.0,   8.0,   9.0,   6.0, -2.0 ,  0.0,  4.0,  0.0,  0.0,  0.0, 0.0,  21.0,       ,      ,      ,        ,        ,        ,        ,        ,        ,        ,        ,      
lemiema01, 2005,     1, PIT , NHL , C  , 26.0,  7.0,  15.0,  22.0,  16.0, -16.0,  3.0, 12.0,  0.0,  0.0,  0.0,    ,  77.0,       ,      ,      ,        ,        ,        ,        ,        ,        ,        ,        ,      
lemiere01, 1966,     1, DET , NHL , L  ,  1.0,  0.0,   0.0,   0.0,   0.0,      ,  0.0,     ,  0.0,     ,  0.0, 0.0,      ,       ,      ,      ,        ,        ,        ,        ,        ,        ,        ,        ,      
lemiere01, 1967,     1, LAK , NHL , L  , 74.0, 12.0,  23.0,  35.0,  60.0, -2.0 ,  5.0,     ,  1.0,     ,  0.0, 0.0, 129.0,    7.0,   1.0,   1.0,     2.0,     0.0,        ,     0.0,        ,     0.0,        ,     0.0,      
lemiere01, 1968,     1, LAK , NHL , L  , 75.0, 11.0,  29.0,  40.0,  68.0, -22.0,  2.0,     ,  0.0,     ,  2.0, 0.0, 134.0,   11.0,   1.0,   3.0,     4.0,    10.0,        ,     1.0,        ,     0.0,        ,     0.0,      
lemiere01, 1969,     1, NYR , NHL , L  , 55.0,  4.0,   6.0,  10.0,  51.0, 1.0  ,  0.0,     ,  0.0,     ,  0.0, 0.0,  49.0,       ,      ,      ,        ,        ,        ,        ,        ,        ,        ,        ,      
lemiere01, 1969,     2, LAK , NHL , L  , 18.0,  2.0,   4.0,   6.0,  10.0, -1.0 ,  0.0,     ,  0.0,     ,  1.0, 0.0,  28.0,       ,      ,      ,        ,        ,        ,        ,        ,        ,        ,        ,      
lemiere01, 1970,     1, LAK , NHL , L  , 43.0,  3.0,   6.0,   9.0,  22.0, -7.0 ,  0.0,     ,  0.0,     ,  1.0, 0.0,  36.0,       ,      ,      ,        ,        ,        ,        ,        ,        ,        ,        ,      
lemiere01, 1971,     1, LAK , NHL , L  , 78.0, 13.0,  25.0,  38.0,  28.0, -40.0,  2.0,     ,  0.0,     ,  0.0, 0.0, 102.0,       ,      ,      ,        ,        ,        ,        ,        ,        ,        ,        ,      
lemiere01, 1972,     1, LAK , NHL , L  , 74.0,  5.0,  10.0,  15.0,  19.0, -1.0 ,  1.0,     ,  1.0,     ,  0.0, 0.0,  43.0,       ,      ,      ,        ,        ,        ,        ,        ,        ,        ,        ,      
lemiere01, 1973,     1, LAK , NHL , L  , 20.0,  0.0,   0.0,   0.0,   0.0, 0.0  ,  0.0,     ,  0.0,     ,  0.0, 0.0,   2.0,       ,      ,      ,        ,        ,        ,        ,        ,        ,        ,        ,      
lemiere01, 1973,     2, NYR , NHL , L  ,  7.0,  0.0,   0.0,   0.0,   0.0, -1.0 ,  0.0,     ,  0.0,     ,  0.0, 0.0,   0.0,       ,      ,      ,        ,        ,        ,        ,        ,        ,        ,        ,      
lemiere01, 1973,     3, BUF , NHL , L  , 11.0,  1.0,   1.0,   2.0,   4.0, 0.0  ,  0.0,     ,  0.0,     ,  0.0, 0.0,   4.0,       ,      ,      ,        ,        ,        ,        ,        ,        ,        ,        ,      
lemieri01, 1971,     1, VAN , NHL , C  , 42.0,  7.0,   9.0,  16.0,   4.0, -13.0,  0.0,     ,  0.0,     ,  0.0, 0.0,  82.0,       ,      ,      ,        ,        ,        ,        ,        ,        ,        ,        ,      
lemieri01, 1972,     1, VAN , NHL , C  , 78.0, 17.0,  35.0,  52.0,  41.0, -25.0,  3.0,     ,  0.0,     ,  2.0, 0.0, 138.0,       ,      ,      ,        ,        ,        ,        ,        ,        ,        ,        ,      
lemieri01, 1973,     1, VAN , NHL , C  , 72.0,  5.0,  17.0,  22.0,  23.0, -24.0,  1.0,     ,  0.0,     ,  0.0, 1.0,  73.0,       ,      ,      ,        ,        ,        ,        ,        ,        ,        ,        ,      
lemieri01, 1974,     1, KCS , NHL , C  , 79.0, 10.0,  20.0,  30.0,  64.0, -35.0,  3.0,     ,  0.0,     ,  1.0, 0.0, 131.0,       ,      ,      ,        ,        ,        ,        ,        ,        ,        ,        ,      
lemieri01, 1975,     1, KCS , NHL , C  ,  2.0,  0.0,   0.0,   0.0,   0.0, 0.0  ,  0.0,     ,  0.0,     ,  0.0, 0.0,   1.0,       ,      ,      ,        ,        ,        ,        ,        ,        ,        ,        ,      
lemieri01, 1975,     2, ATF , NHL , C  ,  1.0,  0.0,   1.0,   1.0,   0.0, 2.0  ,  0.0,     ,  0.0,     ,  0.0, 0.0,   1.0,    2.0,   0.0,   0.0,     0.0,     0.0,        ,     0.0,        ,     0.0,        ,     0.0,      
lemieri01, 1976,     1, CAC , WHA , C  , 33.0,  6.0,  11.0,  17.0,   9.0, -4.0 ,  1.0,     ,  0.0,     ,     ,    ,  62.0,       ,      ,      ,        ,        ,        ,        ,        ,        ,        ,        ,      
lenarmi01, 1992,     1, HAR , NHL , G  ,  3.0,  0.0,   0.0,   0.0,   0.0, 0.0  ,  0.0,  0.0,  0.0,  0.0,  0.0, 0.0,   0.0,       ,      ,      ,        ,        ,        ,        ,        ,        ,        ,        ,      
lenarmi01, 1993,     1, HAR , NHL , G  ,  1.0,  0.0,   0.0,   0.0,   0.0, 0.0  ,  0.0,  0.0,  0.0,  0.0,  0.0, 0.0,   0.0,       ,      ,      ,        ,        ,        ,        ,        ,        ,        ,        ,      
lenarti01, 1986,     1, NJD , NHL , C  ,  7.0,  1.0,   1.0,   2.0,   0.0, -2.0 ,  0.0,     ,  0.0,     ,  0.0, 0.0,  13.0,       ,      ,      ,        ,        ,        ,        ,        ,        ,        ,        ,      
lenarti01, 1989,     1, VAN , NHL , C  ,  8.0,  1.0,   0.0,   1.0,   4.0, -2.0 ,  0.0,  0.0,  0.0,  0.0,  0.0, 0.0,   9.0,       ,      ,      ,        ,        ,        ,        ,        ,        ,        ,        ,      
lenevda01, 2005,     1, PHO , NHL , G  , 15.0,  0.0,   0.0,   0.0,   0.0, 0.0  ,  0.0,  0.0,  0.0,  0.0,  0.0,    ,   0.0,       ,      ,      ,        ,        ,        ,        ,        ,        ,        ,        ,      
lenevda01, 2006,     1, PHO , NHL , G  ,  6.0,  0.0,   0.0,   0.0,   0.0, 0.0  ,  0.0,  0.0,  0.0,  0.0,  0.0,    ,   0.0,       ,      ,      ,        ,        ,        ,        ,        ,        ,        ,        ,      
leonage01, 1911,     1, QU1 , NHA ,    ,  1.0,  0.0,   0.0,   0.0,   0.0,      ,     ,     ,     ,     ,     ,    ,      ,       ,      ,      ,        ,        ,        ,        ,        ,        ,        ,        ,      
leopojo01, 2002,     1, CAL , NHL , D  , 58.0,  4.0,  10.0,  14.0,  12.0, -15.0,  3.0,  3.0,  0.0,  1.0,  0.0, 0.0,  78.0,       ,      ,      ,        ,        ,        ,        ,        ,        ,        ,        ,      
leopojo01, 2003,     1, CAL , NHL , D  , 82.0,  9.0,  24.0,  33.0,  24.0, 8.0  ,  6.0, 11.0,  0.0,  0.0,  1.0, 0.0, 138.0,   26.0,   0.0,  10.0,    10.0,     6.0, 5.0    ,     0.0,     6.0,     0.0,     0.0,     0.0,    34.0
leopojo01, 2005,     1, CAL , NHL , D  , 74.0,  2.0,  18.0,  20.0,  68.0, 6.0  ,  2.0, 11.0,  0.0,  0.0,  1.0,    ,  87.0,    7.0,   0.0,   1.0,     1.0,     4.0, 2.0    ,     0.0,     0.0,     0.0,     0.0,     0.0,     5.0
leopojo01, 2006,     1, COL , NHL , D  , 15.0,  2.0,   3.0,   5.0,  14.0, -4.0 ,  1.0,  0.0,  1.0,  0.0,  0.0,    ,  19.0,       ,      ,      ,        ,        ,        ,        ,        ,        ,        ,        ,      
leopojo01, 2007,     1, COL , NHL , D  , 43.0,  5.0,   8.0,  13.0,  20.0, 5.0  ,  2.0,  0.0,  0.0,  0.0,  1.0,    ,  35.0,    7.0,   0.0,   3.0,     3.0,     0.0, 0.0    ,     0.0,     2.0,     0.0,     0.0,     0.0,     5.0
leopojo01, 2008,     1, COL , NHL , D  , 64.0,  6.0,  14.0,  20.0,  18.0, -10.0,  1.0,  3.0,  0.0,  1.0,  1.0,    ,  82.0,       ,      ,      ,        ,        ,        ,        ,        ,        ,        ,        ,      
leopojo01, 2008,     2, CAL , NHL , D  , 19.0,  1.0,   3.0,   4.0,   6.0, -5.0 ,  0.0,  0.0,  0.0,  0.0,  0.0,    ,  25.0,    6.0,   0.0,   1.0,     1.0,     8.0, 2.0    ,     0.0,     0.0,     0.0,     0.0,     0.0,     5.0
leopojo01, 2009,     1, FLO , NHL , D  , 61.0,  7.0,  11.0,  18.0,  22.0, -7.0 ,  1.0,  1.0,  0.0,  0.0,  1.0,    ,  69.0,       ,      ,      ,        ,        ,        ,        ,        ,        ,        ,        ,      
leopojo01, 2009,     2, PIT , NHL , D  , 20.0,  4.0,   4.0,   8.0,   6.0, 5.0  ,  0.0,  0.0,  0.0,  0.0,  2.0,    ,  26.0,    8.0,   0.0,   0.0,     0.0,     2.0, -2.0   ,     0.0,     0.0,     0.0,     0.0,     0.0,     6.0
lepinhe01, 1925,     1, MTL , NHL , F  , 33.0,  5.0,   2.0,   7.0,   2.0,      ,     ,     ,     ,     ,     ,    ,      ,       ,      ,      ,        ,        ,        ,        ,        ,        ,        ,        ,      
lepinpi01, 1925,     1, MTL , NHL , C  , 27.0,  9.0,   1.0,  10.0,  18.0,      ,     ,     ,     ,     ,     ,    ,      ,       ,      ,      ,        ,        ,        ,        ,        ,        ,        ,        ,      
lepinpi01, 1926,     1, MTL , NHL , C  , 44.0, 16.0,   1.0,  17.0,  20.0,      ,     ,     ,     ,     ,     ,    ,      ,    4.0,   0.0,   0.0,     0.0,     4.0,        ,        ,        ,        ,        ,        ,      
lepinpi01, 1927,     1, MTL , NHL , C  , 20.0,  4.0,   1.0,   5.0,   6.0,      ,     ,     ,     ,     ,     ,    ,      ,    1.0,   0.0,   0.0,     0.0,     0.0,        ,        ,        ,        ,        ,        ,      
lepinpi01, 1928,     1, MTL , NHL , C  , 44.0,  6.0,   1.0,   7.0,  48.0,      ,     ,     ,     ,     ,     ,    ,      ,    3.0,   0.0,   0.0,     0.0,     2.0,        ,        ,        ,        ,        ,        ,      
lepinpi01, 1929,     1, MTL , NHL , C  , 44.0, 24.0,   9.0,  33.0,  47.0,      ,     ,     ,     ,     ,     ,    ,      ,    6.0,   2.0,   2.0,     4.0,     6.0,        ,        ,        ,        ,        ,        ,      
lepinpi01, 1930,     1, MTL , NHL , C  , 44.0, 17.0,   7.0,  24.0,  63.0,      ,     ,     ,     ,     ,     ,    ,      ,   10.0,   4.0,   2.0,     6.0,     6.0,        ,        ,        ,        ,        ,        ,      
lepinpi01, 1931,     1, MTL , NHL , C  , 48.0, 19.0,  11.0,  30.0,  42.0,      ,     ,     ,     ,     ,     ,    ,      ,    3.0,   1.0,   0.0,     1.0,     4.0,        ,        ,        ,        ,        ,        ,      
lepinpi01, 1932,     1, MTL , NHL , C  , 46.0,  8.0,   8.0,  16.0,  45.0,      ,     ,     ,     ,     ,     ,    ,      ,    2.0,   0.0,   0.0,     0.0,     2.0,        ,        ,        ,        ,        ,        ,      
lepinpi01, 1933,     1, MTL , NHL , C  , 48.0, 10.0,   8.0,  18.0,  44.0,      ,     ,     ,     ,     ,     ,    ,      ,    2.0,   0.0,   0.0,     0.0,     0.0,        ,        ,        ,        ,        ,        ,      
lepinpi01, 1934,     1, MTL , NHL , C  , 48.0, 12.0,  19.0,  31.0,  16.0,      ,     ,     ,     ,     ,     ,    ,      ,    2.0,   0.0,   0.0,     0.0,     2.0,        ,        ,        ,        ,        ,        ,      
lepinpi01, 1935,     1, MTL , NHL , C  , 32.0,  6.0,  10.0,  16.0,   4.0,      ,     ,     ,     ,     ,     ,    ,      ,       ,      ,      ,        ,        ,        ,        ,        ,        ,        ,        ,      
lepinpi01, 1936,     1, MTL , NHL , C  , 34.0,  7.0,   8.0,  15.0,  15.0,      ,     ,     ,     ,     ,     ,    ,      ,    5.0,   0.0,   1.0,     1.0,     0.0,        ,        ,        ,        ,        ,        ,      
lepinpi01, 1937,     1, MTL , NHL , C  , 47.0,  5.0,  14.0,  19.0,  24.0,      ,     ,     ,     ,     ,     ,    ,      ,    3.0,   0.0,   0.0,     0.0,     0.0,        ,        ,        ,        ,        ,        ,      
lepissa01, 2007,     1, WAS , NHL , D  ,  7.0,  0.0,   1.0,   1.0,  12.0, -1.0 ,  0.0,  0.0,  0.0,  0.0,  0.0,    ,   8.0,       ,      ,      ,        ,        ,        ,        ,        ,        ,        ,        ,      
lepissa01, 2008,     1, WAS , NHL , D  ,  7.0,  0.0,   4.0,   4.0,   6.0, -3.0 ,  0.0,  3.0,  0.0,  0.0,  0.0,    ,   7.0,       ,      ,      ,        ,        ,        ,        ,        ,        ,        ,        ,      
lepissa01, 2009,     1, PHO , NHL , D  , 66.0,  1.0,  10.0,  11.0,  60.0, 14.0 ,  0.0,  0.0,  0.0,  0.0,  1.0,    ,  68.0,    7.0,   1.0,   0.0,     1.0,     6.0, -1.0   ,     0.0,     0.0,     0.0,     0.0,     0.0,     7.0
leroufr01, 1988,     1, EDM , NHL , D  ,  2.0,  0.0,   0.0,   0.0,   0.0, 1.0  ,  0.0,  0.0,  0.0,  0.0,  0.0, 0.0,   0.0,       ,      ,      ,        ,        ,        ,        ,        ,        ,        ,        ,      
leroufr01, 1989,     1, EDM , NHL , D  ,  3.0,  0.0,   1.0,   1.0,   0.0, -2.0 ,  0.0,  0.0,  0.0,  0.0,  0.0, 0.0,   0.0,       ,      ,      ,        ,        ,        ,        ,        ,        ,        ,        ,      
leroufr01, 1990,     1, EDM , NHL , D  ,  1.0,  0.0,   2.0,   2.0,   0.0, 1.0  ,  0.0,  0.0,  0.0,  0.0,  0.0, 0.0,   1.0,       ,      ,      ,        ,        ,        ,        ,        ,        ,        ,        ,      
leroufr01, 1991,     1, EDM , NHL , D  ,  4.0,  0.0,   0.0,   0.0,   7.0, -1.0 ,  0.0,  0.0,  0.0,  0.0,  0.0, 0.0,   0.0,       ,      ,      ,        ,        ,        ,        ,        ,        ,        ,        ,      
leroufr01, 1992,     1, EDM , NHL , D  ,  1.0,  0.0,   0.0,   0.0,   4.0, 0.0  ,  0.0,  0.0,  0.0,  0.0,  0.0, 0.0,   0.0,       ,      ,      ,        ,        ,        ,        ,        ,        ,        ,        ,      
leroufr01, 1993,     1, OTT , NHL , D  , 23.0,  0.0,   1.0,   1.0,  70.0, -4.0 ,  0.0,  0.0,  0.0,  0.0,  0.0, 0.0,   8.0,       ,      ,      ,        ,        ,        ,        ,        ,        ,        ,        ,      
leroufr01, 1994,     1, PIT , NHL , D  , 40.0,  0.0,   2.0,   2.0, 114.0, 7.0  ,  0.0,  0.0,  0.0,  0.0,  0.0, 0.0,  19.0,   12.0,   0.0,   2.0,     2.0,    14.0, 0.0    ,     0.0,     0.0,     0.0,     0.0,     0.0,    13.0
leroufr01, 1995,     1, PIT , NHL , D  , 66.0,  2.0,   9.0,  11.0, 161.0, 2.0  ,  0.0,  0.0,  0.0,  0.0,  0.0, 0.0,  43.0,   18.0,   1.0,   1.0,     2.0,    20.0, 2.0    ,     0.0,     0.0,     0.0,     0.0,     1.0,     8.0
leroufr01, 1996,     1, PIT , NHL , D  , 59.0,  0.0,   3.0,   3.0,  81.0, -3.0 ,  0.0,  0.0,  0.0,  0.0,  0.0, 0.0,   5.0,    3.0,   0.0,   0.0,     0.0,     0.0, 0.0    ,     0.0,     0.0,     0.0,     0.0,     0.0,     0.0
leroufr01, 1997,     1, COL , NHL , L  , 50.0,  1.0,   2.0,   3.0, 140.0, -3.0 ,  0.0,  0.0,  0.0,  0.0,  0.0, 0.0,  14.0,       ,      ,      ,        ,        ,        ,        ,        ,        ,        ,        ,      
lerouga01, 1935,     1, MTL , NHL , F  ,  2.0,  0.0,   0.0,   0.0,   0.0,      ,     ,     ,     ,     ,     ,    ,      ,       ,      ,      ,        ,        ,        ,        ,        ,        ,        ,        ,      
lerouge01, 1978,     1, IND , WHA , L  , 10.0,  0.0,   3.0,   3.0,   2.0, -4.0 ,  0.0,     ,  0.0,     ,     ,    ,  13.0,       ,      ,      ,        ,        ,        ,        ,        ,        ,        ,        ,      
lerouje01, 1996,     1, CHI , NHL , L  ,  1.0,  0.0,   1.0,   1.0,   5.0, 1.0  ,  0.0,  0.0,  0.0,  0.0,  0.0, 0.0,   0.0,       ,      ,      ,        ,        ,        ,        ,        ,        ,        ,        ,      
lerouje01, 1997,     1, CHI , NHL , L  , 66.0,  6.0,   7.0,  13.0,  55.0, -2.0 ,  0.0,  0.0,  0.0,  0.0,  0.0, 0.0,  57.0,       ,      ,      ,        ,        ,        ,        ,        ,        ,        ,        ,      
lerouje01, 1998,     1, CHI , NHL , L  , 40.0,  3.0,   5.0,   8.0,  21.0, -7.0 ,  0.0,  1.0,  0.0,  0.0,  0.0, 0.0,  47.0,       ,      ,      ,        ,        ,        ,        ,        ,        ,        ,        ,      
lerouje01, 1999,     1, CHI , NHL , L  , 54.0,  3.0,   5.0,   8.0,  43.0, -10.0,  0.0,  0.0,  0.0,  0.0,  1.0, 0.0,  36.0,       ,      ,      ,        ,        ,        ,        ,        ,        ,        ,        ,      
lerouje01, 2000,     1, CHI , NHL , L  , 59.0,  4.0,   4.0,   8.0,  22.0, -9.0 ,  1.0,  0.0,  0.0,  0.0,  0.0, 0.0,  60.0,       ,      ,      ,        ,        ,        ,        ,        ,        ,        ,        ,      
leschcu01, 1988,     1, QUE , NHL , D  , 71.0,  4.0,   9.0,  13.0,  71.0, -32.0,  1.0,  2.0,  1.0,  0.0,  0.0, 0.0,  58.0,       ,      ,      ,        ,        ,        ,        ,        ,        ,        ,        ,      
leschcu01, 1989,     1, QUE , NHL , D  , 68.0,  2.0,   6.0,   8.0,  44.0, -41.0,  1.0,  0.0,  0.0,  0.0,  0.0, 0.0,  42.0,       ,      ,      ,        ,        ,        ,        ,        ,        ,        ,        ,      
leschcu01, 1990,     1, QUE , NHL , D  , 55.0,  3.0,   7.0,  10.0,  49.0, -19.0,  2.0,  1.0,  0.0,  0.0,  1.0, 0.0,  57.0,       ,      ,      ,        ,        ,        ,        ,        ,        ,        ,        ,      
leschcu01, 1991,     1, QUE , NHL , D  , 42.0,  5.0,  12.0,  17.0,  42.0, -28.0,  3.0,  7.0,  0.0,  0.0,  1.0, 0.0,  61.0,       ,      ,      ,        ,        ,        ,        ,        ,        ,        ,        ,      
leschcu01, 1992,     1, QUE , NHL , D  , 82.0,  9.0,  23.0,  32.0,  61.0, 25.0 ,  4.0,  4.0,  0.0,  0.0,  2.0, 0.0,  73.0,    6.0,   1.0,   1.0,     2.0,     6.0, 3.0    ,     1.0,     0.0,     0.0,     0.0,     0.0,     5.0
leschcu01, 1993,     1, QUE , NHL , D  , 72.0,  5.0,  17.0,  22.0,  65.0, -2.0 ,  3.0,  8.0,  0.0,  0.0,  2.0, 0.0,  97.0,       ,      ,      ,        ,        ,        ,        ,        ,        ,        ,        ,      
leschcu01, 1994,     1, QUE , NHL , D  , 44.0,  2.0,  13.0,  15.0,  20.0, 29.0 ,  0.0,  4.0,  0.0,  2.0,  0.0, 0.0,  43.0,    3.0,   0.0,   1.0,     1.0,     4.0, -1.0   ,     0.0,     0.0,     0.0,     1.0,     0.0,     3.0
leschcu01, 1995,     1, COL , NHL , D  , 77.0,  4.0,  15.0,  19.0,  73.0, 32.0 ,  0.0,  2.0,  0.0,  2.0,  1.0, 0.0,  76.0,   17.0,   1.0,   2.0,     3.0,     8.0, 4.0    ,     0.0,     0.0,     0.0,     0.0,     0.0,     9.0
leschcu01, 1996,     1, COL , NHL , D  , 11.0,  0.0,   5.0,   5.0,   6.0, 1.0  ,  0.0,  0.0,  0.0,  0.0,  0.0, 0.0,   8.0,       ,      ,      ,        ,        ,        ,        ,        ,        ,        ,        ,      
leschcu01, 1996,     2, WAS , NHL , D  ,  2.0,  0.0,   0.0,   0.0,   2.0, 0.0  ,  0.0,  0.0,  0.0,  0.0,  0.0, 0.0,   0.0,       ,      ,      ,        ,        ,        ,        ,        ,        ,        ,        ,      
leschcu01, 1996,     3, HAR , NHL , D  , 64.0,  4.0,  13.0,  17.0,  30.0, -19.0,  1.0,  5.0,  1.0,  0.0,  1.0, 0.0,  94.0,       ,      ,      ,        ,        ,        ,        ,        ,        ,        ,        ,      
leschcu01, 1997,     1, CAR , NHL , D  , 73.0,  2.0,  10.0,  12.0,  45.0, -2.0 ,  1.0,  1.0,  0.0,  0.0,  1.0, 0.0,  53.0,       ,      ,      ,        ,        ,        ,        ,        ,        ,        ,        ,      
leschcu01, 1998,     1, CAR , NHL , D  , 65.0,  2.0,   7.0,   9.0,  50.0, -1.0 ,  0.0,  1.0,  0.0,  1.0,  0.0, 0.0,  35.0,    6.0,   0.0,   0.0,     0.0,     6.0, -3.0   ,     0.0,     0.0,     0.0,     0.0,     0.0,     4.0
leschcu01, 1999,     1, CAR , NHL , D  , 53.0,  0.0,   2.0,   2.0,  14.0, -19.0,  0.0,  0.0,  0.0,  0.0,  0.0, 0.0,  31.0,       ,      ,      ,        ,        ,        ,        ,        ,        ,        ,        ,      
leschcu01, 2000,     1, MIN , NHL , D  , 54.0,  2.0,   3.0,   5.0,  19.0, -2.0 ,  1.0,  1.0,  0.0,  0.0,  1.0, 0.0,  43.0,       ,      ,      ,        ,        ,        ,        ,        ,        ,        ,        ,      
leschcu01, 2000,     2, OTT , NHL , D  , 11.0,  0.0,   4.0,   4.0,   0.0, 7.0  ,  0.0,  0.0,  0.0,  0.0,  0.0, 0.0,   8.0,    4.0,   0.0,   0.0,     0.0,     0.0, -1.0   ,     0.0,     0.0,     0.0,     0.0,     0.0,     5.0
leschcu01, 2001,     1, OTT , NHL , D  , 79.0,  1.0,   9.0,  10.0,  44.0, -5.0 ,  0.0,  3.0,  0.0,  0.0,  0.0, 0.0,  59.0,   12.0,   0.0,   1.0,     1.0,     0.0, 2.0    ,     0.0,     0.0,     0.0,     0.0,     0.0,    13.0
leschcu01, 2002,     1, OTT , NHL , D  , 54.0,  1.0,   6.0,   7.0,  18.0, 11.0 ,  0.0,  0.0,  0.0,  0.0,  0.0, 0.0,  30.0,   18.0,   0.0,   1.0,     1.0,    10.0, 0.0    ,     0.0,     0.0,     0.0,     0.0,     0.0,     8.0
leschcu01, 2003,     1, OTT , NHL , D  , 56.0,  1.0,   4.0,   5.0,  16.0, 13.0 ,  0.0,  0.0,  0.0,  0.0,  0.0, 0.0,  30.0,    2.0,   0.0,   0.0,     0.0,     0.0, -1.0   ,     0.0,     0.0,     0.0,     0.0,     0.0,     1.0
lesiear01, 1928,     1, MTL , NHL , D  , 15.0,  0.0,   0.0,   0.0,   0.0,      ,     ,     ,     ,     ,     ,    ,      ,       ,      ,      ,        ,        ,        ,        ,        ,        ,        ,        ,      
lesiear01, 1928,     2, CHI , NHL , D  ,  2.0,  0.0,   0.0,   0.0,   0.0,      ,     ,     ,     ,     ,     ,    ,      ,       ,      ,      ,        ,        ,        ,        ,        ,        ,        ,        ,      
lesiear01, 1930,     1, MTL , NHL , D  , 21.0,  2.0,   0.0,   2.0,  14.0,      ,     ,     ,     ,     ,     ,    ,      ,   10.0,   0.0,   0.0,     0.0,     4.0,        ,        ,        ,        ,        ,        ,      
lesiear01, 1931,     1, MTL , NHL , D  , 24.0,  1.0,   2.0,   3.0,  12.0,      ,     ,     ,     ,     ,     ,    ,      ,    4.0,   0.0,   0.0,     0.0,     0.0,        ,        ,        ,        ,        ,        ,      
lesiear01, 1935,     1, MTL , NHL , D  , 38.0,  1.0,   0.0,   1.0,  24.0,      ,     ,     ,     ,     ,     ,    ,      ,       ,      ,      ,        ,        ,        ,        ,        ,        ,        ,        ,      
lessafr01, 2001,     1, ATL , NHL , D  ,  5.0,  0.0,   0.0,   0.0,  26.0, 0.0  ,  0.0,  0.0,  0.0,  0.0,  0.0, 0.0,   2.0,       ,      ,      ,        ,        ,        ,        ,        ,        ,        ,        ,      
lessafr01, 2002,     1, ATL , NHL , R  , 18.0,  0.0,   2.0,   2.0,  61.0, 1.0  ,  0.0,  0.0,  0.0,  0.0,  0.0, 0.0,   7.0,       ,      ,      ,        ,        ,        ,        ,        ,        ,        ,        ,      
lessafr01, 2003,     1, ATL , NHL , R  , 62.0,  1.0,   1.0,   2.0, 181.0, -5.0 ,  0.0,  0.0,  0.0,  0.0,  0.0, 0.0,  19.0,       ,      ,      ,        ,        ,        ,        ,        ,        ,        ,        ,      
lessafr01, 2005,     1, ATL , NHL , D  ,  6.0,  0.0,   0.0,   0.0,   0.0, -2.0 ,  0.0,  0.0,  0.0,  0.0,  0.0,    ,   0.0,       ,      ,      ,        ,        ,        ,        ,        ,        ,        ,        ,      
lessaju01, 2005,     1, DAL , NHL , R  ,  5.0,  1.0,   0.0,   1.0,  12.0, 0.0  ,  0.0,  0.0,  0.0,  0.0,  0.0,    ,   6.0,       ,      ,      ,        ,        ,        ,        ,        ,        ,        ,        ,      
lessaju01, 2006,     1, DAL , NHL , R  ,  1.0,  1.0,   0.0,   1.0,   0.0, 1.0  ,  1.0,  0.0,  0.0,  0.0,  0.0,    ,   3.0,       ,      ,      ,        ,        ,        ,        ,        ,        ,        ,        ,      
lessaju01, 2007,     1, DAL , NHL , R  ,  2.0,  0.0,   0.0,   0.0,   2.0, -1.0 ,  0.0,  0.0,  0.0,  0.0,  0.0,    ,   3.0,       ,      ,      ,        ,        ,        ,        ,        ,        ,        ,        ,      
lessaju01, 2007,     2, TBL , NHL , R  , 19.0,  1.0,   1.0,   2.0,   9.0, -5.0 ,  0.0,  0.0,  0.0,  0.0,  0.0,    ,  18.0,       ,      ,      ,        ,        ,        ,        ,        ,        ,        ,        ,      
lessama01, 1978,     1, LAK , NHL , G  , 49.0,  0.0,   2.0,   2.0,   8.0, 0.0  ,  0.0,     ,  0.0,     ,  0.0, 0.0,   0.0,    2.0,   0.0,   0.0,     0.0,     0.0,        ,     0.0,        ,     0.0,        ,     0.0,      
lessama01, 1979,     1, LAK , NHL , G  , 50.0,  0.0,   0.0,   0.0,   6.0, 0.0  ,  0.0,     ,  0.0,     ,  0.0, 0.0,   0.0,    4.0,   0.0,   0.0,     0.0,     0.0,        ,     0.0,        ,     0.0,        ,     0.0,      
lessama01, 1980,     1, LAK , NHL , G  , 64.0,  0.0,   1.0,   1.0,   8.0, 0.0  ,  0.0,     ,  0.0,     ,  0.0, 0.0,   0.0,    4.0,   0.0,   0.0,     0.0,     0.0,        ,     0.0,        ,     0.0,        ,     0.0,      
lessama01, 1981,     1, LAK , NHL , G  , 52.0,  0.0,   2.0,   2.0,   6.0, 0.0  ,  0.0,     ,  0.0,     ,  0.0, 0.0,   0.0,   10.0,   0.0,   2.0,     2.0,     2.0,        ,     0.0,        ,     0.0,        ,     0.0,      
lessama01, 1982,     1, LAK , NHL , G  , 19.0,  0.0,   1.0,   1.0,   2.0, 0.0  ,  0.0,     ,  0.0,     ,  0.0, 0.0,   0.0,       ,      ,      ,        ,        ,        ,        ,        ,        ,        ,        ,      
lessama01, 1983,     1, LAK , NHL , G  ,  6.0,  0.0,   0.0,   0.0,   0.0, 0.0  ,  0.0,     ,  0.0,     ,  0.0, 0.0,   0.0,       ,      ,      ,        ,        ,        ,        ,        ,        ,        ,        ,      
lessari01, 1988,     1, CAL , NHL , D  ,  6.0,  0.0,   1.0,   1.0,   2.0, -2.0 ,  0.0,  0.0,  0.0,  0.0,  0.0, 0.0,   0.0,       ,      ,      ,        ,        ,        ,        ,        ,        ,        ,        ,      
lessari01, 1990,     1, CAL , NHL , D  ,  1.0,  0.0,   1.0,   1.0,   0.0, -1.0 ,  0.0,  0.0,  0.0,  0.0,  0.0, 0.0,   0.0,       ,      ,      ,        ,        ,        ,        ,        ,        ,        ,        ,      
lessari01, 1991,     1, SJS , NHL , D  ,  8.0,  0.0,   2.0,   2.0,  16.0, -4.0 ,  0.0,  0.0,  0.0,  0.0,  0.0, 0.0,   4.0,       ,      ,      ,        ,        ,        ,        ,        ,        ,        ,        ,      
lesuepe01, 1909,     1, OT1 , NHA , G  , 12.0,  0.0,   0.0,   0.0,   0.0,      ,     ,     ,     ,     ,     ,    ,      ,       ,      ,      ,        ,        ,        ,        ,        ,        ,        ,        ,      
lesuepe01, 1910,     1, OT1 , NHA , G  , 16.0,  0.0,   0.0,   0.0,   5.0,      ,     ,     ,     ,     ,     ,    ,      ,       ,      ,      ,        ,        ,        ,        ,        ,        ,        ,        ,      
lesuepe01, 1911,     1, OT1 , NHA , G  , 18.0,  0.0,   0.0,   0.0,   0.0,      ,     ,     ,     ,     ,     ,    ,      ,       ,      ,      ,        ,        ,        ,        ,        ,        ,        ,        ,      
lesuepe01, 1912,     1, OT1 , NHA , G  , 18.0,  0.0,   0.0,   0.0,   0.0,      ,     ,     ,     ,     ,     ,    ,      ,       ,      ,      ,        ,        ,        ,        ,        ,        ,        ,        ,      
lesuepe01, 1913,     1, OT1 , NHA , G  , 13.0,  0.0,   0.0,   0.0,   2.0,      ,     ,     ,     ,     ,     ,    ,      ,       ,      ,      ,        ,        ,        ,        ,        ,        ,        ,        ,      
lesuepe01, 1914,     1, TOO , NHA , G  , 20.0,  0.0,   0.0,   0.0,   0.0,      ,     ,     ,     ,     ,     ,    ,      ,       ,      ,      ,        ,        ,        ,        ,        ,        ,        ,        ,      
lesuepe01, 1915,     1, TBS , NHA , G  , 23.0,  0.0,   0.0,   0.0,   0.0,      ,     ,     ,     ,     ,     ,    ,      ,       ,      ,      ,        ,        ,        ,        ,        ,        ,        ,        ,      
lesukbi01, 1968,     1, BOS , NHL , L  ,  5.0,  0.0,   1.0,   1.0,   0.0, 2.0  ,  0.0,     ,  0.0,     ,  0.0, 0.0,   2.0,    1.0,   0.0,   0.0,     0.0,     0.0,        ,     0.0,        ,     0.0,        ,     0.0,      
lesukbi01, 1969,     1, BOS , NHL , L  ,  3.0,  0.0,   0.0,   0.0,   0.0, 1.0  ,  0.0,     ,  0.0,     ,  0.0, 0.0,   2.0,    2.0,   0.0,   0.0,     0.0,     0.0,        ,     0.0,        ,     0.0,        ,     0.0,      
lesukbi01, 1970,     1, PHI , NHL , L  , 78.0, 17.0,  19.0,  36.0,  81.0, -5.0 ,  2.0,     ,  0.0,     ,  2.0, 1.0, 149.0,    4.0,   1.0,   0.0,     1.0,     8.0,        ,     1.0,        ,     0.0,        ,     0.0,      
lesukbi01, 1971,     1, PHI , NHL , L  , 45.0,  7.0,   6.0,  13.0,  31.0, -14.0,  2.0,     ,  0.0,     ,  1.0, 0.0, 116.0,       ,      ,      ,        ,        ,        ,        ,        ,        ,        ,        ,      
lesukbi01, 1971,     2, LAK , NHL , L  , 27.0,  4.0,  10.0,  14.0,  14.0, 2.0  ,  1.0,     ,  0.0,     ,  1.0, 0.0,  47.0,       ,      ,      ,        ,        ,        ,        ,        ,        ,        ,        ,      
lesukbi01, 1972,     1, LAK , NHL , L  , 67.0,  6.0,  14.0,  20.0,  90.0, -2.0 ,  0.0,     ,  0.0,     ,  0.0, 1.0, 129.0,       ,      ,      ,        ,        ,        ,        ,        ,        ,        ,        ,      
lesukbi01, 1973,     1, LAK , NHL , L  , 35.0,  2.0,   1.0,   3.0,  32.0, -4.0 ,  0.0,     ,  0.0,     ,  0.0, 0.0,  25.0,    2.0,   0.0,   0.0,     0.0,     4.0,        ,     0.0,        ,     0.0,        ,     0.0,      
lesukbi01, 1974,     1, WAS , NHL , L  , 79.0,  8.0,  11.0,  19.0,  77.0, -34.0,  1.0,     ,  2.0,     ,  0.0, 0.0, 119.0,       ,      ,      ,        ,        ,        ,        ,        ,        ,        ,        ,      
lesukbi01, 1975,     1, WIJ , WHA , R  , 81.0, 15.0,  21.0,  36.0,  92.0, 1.0  ,  3.0,     ,  0.0,     ,  2.0,    , 120.0,   13.0,   2.0,   2.0,     4.0,     8.0, 1.0    ,        ,        ,        ,        ,        ,      
lesukbi01, 1976,     1, WIJ , WHA , L  , 78.0, 14.0,  27.0,  41.0,  85.0, 23.0 ,  2.0,     ,  0.0,     ,     ,    ,  90.0,   18.0,   2.0,   1.0,     3.0,    22.0, -7.0   ,        ,        ,        ,        ,     0.0,      
lesukbi01, 1977,     1, WIJ , WHA , L  , 80.0,  9.0,  18.0,  27.0,  48.0, -4.0 ,  0.0,     ,  0.0,     ,     ,    ,  85.0,    9.0,   2.0,   5.0,     7.0,    12.0, 9.0    ,        ,        ,        ,        ,     0.0,      
lesukbi01, 1978,     1, WIJ , WHA , L  , 79.0, 17.0,  15.0,  32.0,  44.0, -14.0,  0.0,     ,  0.0,     ,     ,    , 106.0,   10.0,   1.0,   3.0,     4.0,     6.0, 0.0    ,        ,        ,        ,        ,     1.0,      
lesukbi01, 1979,     1, WIN , NHL , L  , 49.0,  0.0,   1.0,   1.0,  43.0, -15.0,  0.0,     ,  0.0,     ,  0.0, 0.0,  37.0,       ,      ,      ,        ,        ,        ,        ,        ,        ,        ,        ,      
leswija01, 1933,     1, CHI , NHL , F  , 37.0,  1.0,   7.0,   8.0,  16.0,      ,     ,     ,     ,     ,     ,    ,      ,       ,      ,      ,        ,        ,        ,        ,        ,        ,        ,        ,      
leswipe01, 1936,     1, NYA , NHL , C/R,  1.0,  1.0,   0.0,   1.0,   0.0,      ,     ,     ,     ,     ,     ,    ,      ,       ,      ,      ,        ,        ,        ,        ,        ,        ,        ,        ,      
leswipe01, 1944,     1, BOS , NHL , R  ,  2.0,  0.0,   0.0,   0.0,   0.0,      ,     ,     ,     ,     ,     ,    ,      ,       ,      ,      ,        ,        ,        ,        ,        ,        ,        ,        ,      
leswito01, 1945,     1, NYR , NHL , L  , 50.0, 15.0,   9.0,  24.0,  26.0,      ,     ,     ,     ,     ,     ,    ,      ,       ,      ,      ,        ,        ,        ,        ,        ,        ,        ,        ,      
leswito01, 1946,     1, NYR , NHL , L  , 59.0, 27.0,  14.0,  41.0,  51.0,      ,     ,     ,     ,     ,     ,    ,      ,       ,      ,      ,        ,        ,        ,        ,        ,        ,        ,        ,      
leswito01, 1947,     1, NYR , NHL , L  , 60.0, 24.0,  16.0,  40.0,  76.0,      ,     ,     ,     ,     ,     ,    ,      ,    6.0,   3.0,   2.0,     5.0,     8.0,        ,        ,        ,        ,        ,        ,      
leswito01, 1948,     1, NYR , NHL , R  , 60.0, 13.0,  14.0,  27.0,  70.0,      ,     ,     ,     ,     ,     ,    ,      ,       ,      ,      ,        ,        ,        ,        ,        ,        ,        ,        ,      
leswito01, 1949,     1, NYR , NHL , L  , 69.0, 19.0,  25.0,  44.0,  85.0,      ,     ,     ,     ,     ,     ,    ,      ,   12.0,   2.0,   4.0,     6.0,    12.0,        ,        ,        ,        ,        ,        ,      
leswito01, 1950,     1, NYR , NHL , L  , 70.0, 15.0,  11.0,  26.0, 112.0,      ,     ,     ,     ,     ,     ,    ,      ,       ,      ,      ,        ,        ,        ,        ,        ,        ,        ,        ,      
leswito01, 1951,     1, DET , NHL , R  , 70.0,  9.0,  10.0,  19.0,  93.0,      ,     ,     ,     ,     ,     ,    ,      ,    8.0,   3.0,   1.0,     4.0,    22.0,        ,        ,        ,        ,        ,        ,      
leswito01, 1952,     1, DET , NHL , R  , 70.0, 15.0,  12.0,  27.0,  87.0,      ,     ,     ,     ,     ,     ,    ,      ,    6.0,   1.0,   0.0,     1.0,    11.0,        ,        ,        ,        ,        ,        ,      
leswito01, 1953,     1, DET , NHL , L  , 70.0,  6.0,  18.0,  24.0,  90.0,      ,     ,     ,     ,     ,     ,    ,      ,   12.0,   3.0,   1.0,     4.0,    18.0,        ,        ,        ,        ,        ,        ,      
leswito01, 1954,     1, DET , NHL , R  , 70.0, 10.0,  17.0,  27.0, 137.0,      ,     ,     ,     ,     ,     ,    ,      ,   11.0,   1.0,   2.0,     3.0,    20.0,        ,        ,        ,        ,        ,        ,      
leswito01, 1955,     1, CHI , NHL , R  , 70.0, 11.0,  11.0,  22.0,  71.0,      ,     ,     ,     ,     ,     ,    ,      ,       ,      ,      ,        ,        ,        ,        ,        ,        ,        ,        ,      
leswito01, 1957,     1, DET , NHL , R  , 22.0,  1.0,   2.0,   3.0,   2.0,      ,     ,     ,     ,     ,     ,    ,      ,    4.0,   0.0,   0.0,     0.0,     0.0,        ,        ,        ,        ,        ,        ,      
letanal01, 1999,     1, DAL , NHL , D  ,  8.0,  0.0,   0.0,   0.0,   2.0, -5.0 ,  0.0,  0.0,  0.0,  0.0,  0.0, 0.0,   1.0,       ,      ,      ,        ,        ,        ,        ,        ,        ,        ,        ,      
letanal01, 2001,     1, CAL , NHL , D  ,  2.0,  0.0,   0.0,   0.0,   0.0, -2.0 ,  0.0,  0.0,  0.0,  0.0,  0.0, 0.0,   0.0,       ,      ,      ,        ,        ,        ,        ,        ,        ,        ,        ,      
letanal01, 2002,     1, NYI , NHL , D  ,  4.0,  0.0,   0.0,   0.0,   0.0, -1.0 ,  0.0,  0.0,  0.0,  0.0,  0.0, 0.0,   2.0,       ,      ,      ,        ,        ,        ,        ,        ,        ,        ,        ,      
letankr01, 2006,     1, PIT , NHL , D  ,  7.0,  2.0,   0.0,   2.0,   4.0, -3.0 ,  2.0,  0.0,  0.0,  0.0,  0.0,    ,   8.0,       ,      ,      ,        ,        ,        ,        ,        ,        ,        ,        ,      
letankr01, 2007,     1, PIT , NHL , D  , 63.0,  6.0,  11.0,  17.0,  23.0, -1.0 ,  1.0,  8.0,  0.0,  0.0,  3.0,    ,  68.0,   16.0,   0.0,   2.0,     2.0,    12.0, 5.0    ,     0.0,     0.0,     0.0,     0.0,     0.0,    14.0
letankr01, 2008,     1, PIT , NHL , D  , 74.0, 10.0,  23.0,  33.0,  24.0, -7.0 ,  4.0,  7.0,  1.0,  0.0,  3.0,    , 138.0,   23.0,   4.0,   9.0,    13.0,    26.0, 1.0    ,     2.0,     4.0,     0.0,     0.0,     1.0,    54.0
letankr01, 2009,     1, PIT , NHL , D  , 73.0,  3.0,  24.0,  27.0,  51.0, 1.0  ,  0.0,  5.0,  0.0,  0.0,  0.0,    , 174.0,   13.0,   5.0,   2.0,     7.0,     6.0, -5.0   ,     4.0,     1.0,     0.0,     0.0,     1.0,    23.0
letesma01, 2009,     1, PIT , NHL , C  , 10.0,  1.0,   0.0,   1.0,   2.0, -2.0 ,  0.0,  0.0,  0.0,  0.0,  0.0,    ,   9.0,    4.0,   0.0,   1.0,     1.0,     0.0, 0.0    ,     0.0,     0.0,     0.0,     0.0,     0.0,     4.0
letoupi01, 2008,     1, NJD , NHL , R  ,  8.0,  0.0,   1.0,   1.0,  22.0, 3.0  ,  0.0,  0.0,  0.0,  0.0,  0.0,    ,   3.0,       ,      ,      ,        ,        ,        ,        ,        ,        ,        ,        ,      
letoupi01, 2009,     1, NJD , NHL , R  , 27.0,  0.0,   2.0,   2.0,  48.0, -4.0 ,  0.0,  0.0,  0.0,  0.0,  0.0,    ,   9.0,    5.0,   0.0,   0.0,     0.0,    10.0, 0.0    ,     0.0,     0.0,     0.0,     0.0,     0.0,     0.0
letowtr01, 1998,     1, PHO , NHL , C  , 14.0,  2.0,   2.0,   4.0,   2.0, 1.0  ,  0.0,  0.0,  0.0,  0.0,  0.0, 0.0,   8.0,       ,      ,      ,        ,        ,        ,        ,        ,        ,        ,        ,      
letowtr01, 1999,     1, PHO , NHL , C  , 82.0, 19.0,  20.0,  39.0,  20.0, 2.0  ,  3.0,  1.0,  4.0,  3.0,  3.0, 0.0, 125.0,    5.0,   1.0,   1.0,     2.0,     4.0, 1.0    ,     0.0,     0.0,     0.0,     0.0,     0.0,     7.0
letowtr01, 2000,     1, PHO , NHL , C  , 77.0,  7.0,  15.0,  22.0,  32.0, -2.0 ,  0.0,  1.0,  1.0,  1.0,  3.0, 0.0, 110.0,       ,      ,      ,        ,        ,        ,        ,        ,        ,        ,        ,      
letowtr01, 2001,     1, PHO , NHL , R  , 33.0,  2.0,   6.0,   8.0,   4.0, 2.0  ,  0.0,  0.0,  0.0,  0.0,  0.0, 0.0,  43.0,       ,      ,      ,        ,        ,        ,        ,        ,        ,        ,        ,      
letowtr01, 2001,     2, VAN , NHL , R  , 42.0,  7.0,  10.0,  17.0,  15.0, 2.0  ,  1.0,  1.0,  0.0,  1.0,  0.0, 0.0,  65.0,    6.0,   0.0,   1.0,     1.0,     8.0, -2.0   ,     0.0,     0.0,     0.0,     0.0,     0.0,     5.0
letowtr01, 2002,     1, VAN , NHL , R  , 78.0, 11.0,  14.0,  25.0,  36.0, 8.0  ,  1.0,  2.0,  1.0,  2.0,  2.0, 0.0, 136.0,    6.0,   0.0,   1.0,     1.0,     0.0, -1.0   ,     0.0,     0.0,     0.0,     0.0,     0.0,     6.0
letowtr01, 2003,     1, CBS , NHL , R  , 73.0, 15.0,  17.0,  32.0,  16.0, -12.0,  4.0,  2.0,  0.0,  0.0,  1.0, 0.0, 126.0,       ,      ,      ,        ,        ,        ,        ,        ,        ,        ,        ,      
letowtr01, 2005,     1, CBS , NHL , R  , 81.0, 10.0,  18.0,  28.0,  36.0, -2.0 ,  1.0,  1.0,  1.0,  3.0,  1.0,    , 135.0,       ,      ,      ,        ,        ,        ,        ,        ,        ,        ,        ,      
letowtr01, 2006,     1, CAR , NHL , R  , 61.0,  2.0,   6.0,   8.0,  18.0, -8.0 ,  0.0,  1.0,  0.0,  1.0,  0.0,    ,  69.0,       ,      ,      ,        ,        ,        ,        ,        ,        ,        ,        ,      
letowtr01, 2007,     1, CAR , NHL , R  , 75.0,  9.0,   9.0,  18.0,  30.0, -10.0,  0.0,  1.0,  1.0,  0.0,  1.0,    ,  67.0,       ,      ,      ,        ,        ,        ,        ,        ,        ,        ,        ,      
levanjo01, 1946,     1, NYR , NHL , R  ,  8.0,  1.0,   1.0,   2.0,   0.0,      ,     ,     ,     ,     ,     ,    ,      ,       ,      ,      ,        ,        ,        ,        ,        ,        ,        ,        ,      
levaslo01, 1975,     1, MFS , WHA , G  ,  4.0,  0.0,   0.0,   0.0,   0.0,      ,  0.0,     ,  0.0,     ,  0.0,    ,   0.0,       ,      ,      ,        ,        ,        ,        ,        ,        ,        ,        ,      
levaslo01, 1976,     1, MF2 , WHA , G  , 30.0,  0.0,   1.0,   1.0,   2.0, 0.0  ,  0.0,     ,  0.0,     ,  0.0,    ,   0.0,       ,      ,      ,        ,        ,        ,        ,        ,        ,        ,        ,      
levaslo01, 1976,     2, EDO , WHA , G  , 21.0,  0.0,   0.0,   0.0,   2.0, 0.0  ,  0.0,     ,  0.0,     ,  0.0,    ,   0.0,    2.0,   0.0,   0.0,     0.0,     2.0, 0.0    ,     0.0,        ,     0.0,        ,     0.0,      
levaslo01, 1977,     1, NEW , WHA , G  , 27.0,  0.0,   0.0,   0.0,   2.0, 0.0  ,  0.0,     ,  0.0,     ,     ,    ,   0.0,   12.0,   0.0,   1.0,     1.0,     2.0, 0.0    ,        ,        ,        ,        ,     0.0,      
levaslo01, 1978,     1, QUN , WHA , G  ,  3.0,  0.0,   0.0,   0.0,   0.0, 0.0  ,  0.0,     ,  0.0,     ,     ,    ,   0.0,    1.0,   0.0,   0.0,     0.0,     2.0, 0.0    ,        ,        ,        ,        ,     0.0,      
levaslo01, 1979,     1, MNS , NHL , G  ,  1.0,  0.0,   0.0,   0.0,   0.0, 0.0  ,  0.0,     ,  0.0,     ,  0.0, 0.0,   0.0,       ,      ,      ,        ,        ,        ,        ,        ,        ,        ,        ,      
leveino01, 1981,     1, BOS , NHL , L  , 66.0, 14.0,  19.0,  33.0,  49.0, 16.0 ,  1.0,     ,  0.0,     ,  4.0, 0.0, 148.0,       ,      ,      ,        ,        ,        ,        ,        ,        ,        ,        ,      
leveino01, 1982,     1, BOS , NHL , L  ,  9.0,  3.0,   6.0,   9.0,   0.0, 1.0  ,  2.0,     ,  0.0,     ,  2.0, 0.0,  31.0,       ,      ,      ,        ,        ,        ,        ,        ,        ,        ,        ,      
leveqgu01, 1992,     1, LAK , NHL , C  , 12.0,  2.0,   1.0,   3.0,  19.0, -4.0 ,  0.0,  1.0,  0.0,  0.0,  0.0, 0.0,  12.0,       ,      ,      ,        ,        ,        ,        ,        ,        ,        ,        ,      
leveqgu01, 1993,     1, LAK , NHL , C  ,  5.0,  0.0,   1.0,   1.0,   2.0, 1.0  ,  0.0,  0.0,  0.0,  0.0,  0.0, 0.0,   3.0,       ,      ,      ,        ,        ,        ,        ,        ,        ,        ,        ,      
leverdo01, 1972,     1, VAN , NHL , C  , 78.0, 12.0,  26.0,  38.0,  49.0, -27.0,  3.0,     ,  1.0,     ,  1.0, 0.0, 138.0,       ,      ,      ,        ,        ,        ,        ,        ,        ,        ,        ,      
leverdo01, 1973,     1, VAN , NHL , C  , 78.0, 23.0,  25.0,  48.0,  28.0, -16.0,  4.0,     ,  1.0,     ,  1.0, 1.0, 175.0,       ,      ,      ,        ,        ,        ,        ,        ,        ,        ,        ,      
leverdo01, 1974,     1, VAN , NHL , C  , 80.0, 38.0,  30.0,  68.0,  49.0, -13.0, 11.0,     ,  0.0,     ,  3.0, 4.0, 214.0,    5.0,   0.0,   1.0,     1.0,     4.0,        ,     0.0,        ,     0.0,        ,     0.0,      
leverdo01, 1975,     1, VAN , NHL , C  , 80.0, 25.0,  40.0,  65.0,  93.0, -2.0 ,  8.0,     ,  0.0,     ,  1.0, 4.0, 166.0,    2.0,   0.0,   0.0,     0.0,     0.0,        ,     0.0,        ,     0.0,        ,     0.0,      
leverdo01, 1976,     1, VAN , NHL , C  , 80.0, 27.0,  30.0,  57.0,  28.0, -8.0 ,  8.0,     ,  1.0,     ,  2.0, 1.0, 198.0,       ,      ,      ,        ,        ,        ,        ,        ,        ,        ,        ,      
leverdo01, 1977,     1, VAN , NHL , L  , 75.0, 17.0,  32.0,  49.0,  58.0, -29.0,  6.0,     ,  0.0,     ,  1.0, 2.0, 168.0,       ,      ,      ,        ,        ,        ,        ,        ,        ,        ,        ,      
leverdo01, 1978,     1, VAN , NHL , L  , 71.0, 23.0,  21.0,  44.0,  17.0, -41.0,  8.0,     ,  0.0,     ,  2.0, 0.0, 170.0,    3.0,   2.0,   1.0,     3.0,     2.0,        ,     1.0,        ,     0.0,        ,     1.0,      
leverdo01, 1979,     1, VAN , NHL , L  , 51.0, 21.0,  17.0,  38.0,  32.0, -13.0,  5.0,     ,  0.0,     ,  0.0, 2.0, 134.0,       ,      ,      ,        ,        ,        ,        ,        ,        ,        ,        ,      
leverdo01, 1979,     2, ATF , NHL , L  , 28.0, 14.0,  16.0,  30.0,   4.0, 5.0  ,  1.0,     ,  1.0,     ,  1.0, 1.0,  74.0,    4.0,   1.0,   1.0,     2.0,     0.0,        ,     1.0,        ,     0.0,        ,     0.0,      
leverdo01, 1980,     1, CAL , NHL , L  , 62.0, 26.0,  31.0,  57.0,  56.0, 21.0 ,  4.0,     ,  1.0,     ,  4.0, 2.0, 157.0,   16.0,   4.0,   7.0,    11.0,    20.0,        ,     0.0,        ,     0.0,        ,     0.0,      
leverdo01, 1981,     1, CAL , NHL , C  , 23.0,  8.0,  11.0,  19.0,   6.0, -14.0,  1.0,     ,  0.0,     ,  0.0, 0.0,  55.0,       ,      ,      ,        ,        ,        ,        ,        ,        ,        ,        ,      
leverdo01, 1981,     2, COR , NHL , L  , 59.0, 22.0,  28.0,  50.0,  20.0, -10.0,  3.0,     ,  0.0,     ,  1.0, 1.0, 136.0,       ,      ,      ,        ,        ,        ,        ,        ,        ,        ,        ,      
leverdo01, 1982,     1, NJD , NHL , L  , 79.0, 23.0,  30.0,  53.0,  68.0, -35.0,  9.0,     ,  3.0,     ,  0.0, 1.0, 143.0,       ,      ,      ,        ,        ,        ,        ,        ,        ,        ,        ,      
leverdo01, 1983,     1, NJD , NHL , L  , 70.0, 14.0,  19.0,  33.0,  44.0, -21.0,  3.0,     ,  0.0,     ,  2.0, 0.0, 111.0,       ,      ,      ,        ,        ,        ,        ,        ,        ,        ,        ,      
leverdo01, 1984,     1, NJD , NHL , C  , 67.0, 10.0,   8.0,  18.0,  31.0, -29.0,  0.0,     ,  1.0,     ,  1.0, 1.0,  83.0,       ,      ,      ,        ,        ,        ,        ,        ,        ,        ,        ,      
leverdo01, 1985,     1, BUF , NHL , L  , 29.0,  7.0,   1.0,   8.0,   6.0, -5.0 ,  0.0,     ,  1.0,     ,  1.0, 0.0,  31.0,       ,      ,      ,        ,        ,        ,        ,        ,        ,        ,        ,      
leverdo01, 1986,     1, BUF , NHL , L  , 10.0,  3.0,   2.0,   5.0,   4.0, -3.0 ,  3.0,     ,  0.0,     ,  1.0, 0.0,   8.0,       ,      ,      ,        ,        ,        ,        ,        ,        ,        ,        ,      
leviecr01, 1981,     1, WIN , NHL , D  , 40.0,  4.0,   9.0,  13.0,  48.0, 4.0  ,  0.0,     ,  0.0,     ,  1.0, 0.0,  56.0,       ,      ,      ,        ,        ,        ,        ,        ,        ,        ,        ,      
leviecr01, 1982,     1, WIN , NHL , D  , 22.0,  4.0,   5.0,   9.0,  31.0, -3.0 ,  0.0,     ,  0.0,     ,  1.0, 0.0,  31.0,       ,      ,      ,        ,        ,        ,        ,        ,        ,        ,        ,      
leviecr01, 1983,     1, MNS , NHL , D  , 37.0,  6.0,  13.0,  19.0,  44.0, 9.0  ,  0.0,     ,  0.0,     ,  1.0, 0.0,  55.0,   15.0,   2.0,   3.0,     5.0,    32.0, -2.0   ,     0.0,        ,     0.0,        ,     0.0,    32.0
leviecr01, 1984,     1, STL , NHL , D  , 61.0,  6.0,  23.0,  29.0,  33.0, 2.0  ,  2.0,     ,  0.0,     ,  1.0, 0.0,  94.0,    1.0,   0.0,   0.0,     0.0,     0.0, 2.0    ,     0.0,        ,     0.0,        ,     0.0,     1.0
leviecr01, 1985,     1, MNS , NHL , D  , 14.0,  2.0,   2.0,   4.0,   8.0, -5.0 ,  0.0,     ,  0.0,     ,  0.0, 0.0,  22.0,       ,      ,      ,        ,        ,        ,        ,        ,        ,        ,        ,      
leviecr01, 1986,     1, VAN , NHL , D  ,  9.0,  0.0,   1.0,   1.0,  13.0, 3.0  ,  0.0,     ,  0.0,     ,  0.0, 0.0,   8.0,       ,      ,      ,        ,        ,        ,        ,        ,        ,        ,        ,      
levinal01, 1930,     1, TOR , NHL , D  ,  8.0,  0.0,   1.0,   1.0,   2.0,      ,     ,     ,     ,     ,     ,    ,      ,    2.0,   0.0,   0.0,     0.0,     0.0,        ,        ,        ,        ,        ,        ,      
levinal01, 1931,     1, TOR , NHL , D  , 47.0,  5.0,   5.0,  10.0,  29.0,      ,     ,     ,     ,     ,     ,    ,      ,    7.0,   0.0,   0.0,     0.0,     6.0,        ,        ,        ,        ,        ,        ,      
levinal01, 1932,     1, TOR , NHL , D  , 48.0,  1.0,   4.0,   5.0,  61.0,      ,     ,     ,     ,     ,     ,    ,      ,    9.0,   1.0,   0.0,     1.0,    14.0,        ,        ,        ,        ,        ,        ,      
levinal01, 1933,     1, TOR , NHL , D  , 47.0,  5.0,  11.0,  16.0,  38.0,      ,     ,     ,     ,     ,     ,    ,      ,    5.0,   0.0,   0.0,     0.0,     6.0,        ,        ,        ,        ,        ,        ,      
levinal01, 1934,     1, NYR , NHL , D  , 21.0,  0.0,   4.0,   4.0,   6.0,      ,     ,     ,     ,     ,     ,    ,      ,       ,      ,      ,        ,        ,        ,        ,        ,        ,        ,        ,      
levinal01, 1934,     2, CHI , NHL , D  , 23.0,  3.0,   4.0,   7.0,  16.0,      ,     ,     ,     ,     ,     ,    ,      ,    2.0,   0.0,   0.0,     0.0,     0.0,        ,        ,        ,        ,        ,        ,      
levinal01, 1935,     1, CHI , NHL , D  , 48.0,  1.0,   7.0,   8.0,  69.0,      ,     ,     ,     ,     ,     ,    ,      ,    2.0,   0.0,   1.0,     1.0,     0.0,        ,        ,        ,        ,        ,        ,      
levinal01, 1936,     1, CHI , NHL , D  , 48.0,  0.0,   8.0,   8.0,  32.0,      ,     ,     ,     ,     ,     ,    ,      ,       ,      ,      ,        ,        ,        ,        ,        ,        ,        ,        ,      
levinal01, 1937,     1, CHI , NHL , D  , 48.0,  3.0,   2.0,   5.0,  18.0,      ,     ,     ,     ,     ,     ,    ,      ,   10.0,   1.0,   0.0,     1.0,     0.0,        ,        ,        ,        ,        ,        ,      
levinal01, 1938,     1, CHI , NHL , D  , 29.0,  1.0,   3.0,   4.0,  36.0,      ,     ,     ,     ,     ,     ,    ,      ,       ,      ,      ,        ,        ,        ,        ,        ,        ,        ,        ,      
levinsc01, 1992,     1, WIN , NHL , R  ,  9.0,  0.0,   1.0,   1.0,  18.0, -2.0 ,  0.0,  0.0,  0.0,  0.0,  0.0, 0.0,   8.0,       ,      ,      ,        ,        ,        ,        ,        ,        ,        ,        ,      
levinsc01, 1993,     1, FLO , NHL , R  , 29.0,  5.0,   6.0,  11.0,  69.0, 0.0  ,  2.0,  0.0,  0.0,  0.0,  1.0, 0.0,  38.0,       ,      ,      ,        ,        ,        ,        ,        ,        ,        ,        ,      
levinsc01, 1993,     2, OTT , NHL , R  , 33.0,  3.0,   5.0,   8.0,  93.0, -26.0,  2.0,  3.0,  0.0,  0.0,  0.0, 0.0,  39.0,       ,      ,      ,        ,        ,        ,        ,        ,        ,        ,        ,      
levinsc01, 1994,     1, OTT , NHL , R  , 24.0,  5.0,   6.0,  11.0,  51.0, 4.0  ,  0.0,  1.0,  0.0,  0.0,  0.0, 0.0,  34.0,       ,      ,      ,        ,        ,        ,        ,        ,        ,        ,        ,      
levinsc01, 1995,     1, OTT , NHL , R  , 27.0,  0.0,   2.0,   2.0,  80.0, -3.0 ,  0.0,  0.0,  0.0,  0.0,  0.0, 0.0,   6.0,       ,      ,      ,        ,        ,        ,        ,        ,        ,        ,        ,      
levinsc01, 1997,     1, PHO , NHL , R  ,  2.0,  0.0,   0.0,   0.0,   5.0, -1.0 ,  0.0,  0.0,  0.0,  0.0,  0.0, 0.0,   2.0,       ,      ,      ,        ,        ,        ,        ,        ,        ,        ,        ,      
levota01 , 1981,     1, COR , NHL , D  , 34.0,  9.0,  13.0,  22.0,  14.0, -13.0,  3.0,     ,  0.0,     ,  0.0, 0.0,  70.0,       ,      ,      ,        ,        ,        ,        ,        ,        ,        ,        ,      
levota01 , 1982,     1, NJD , NHL , D  , 73.0,  7.0,  40.0,  47.0,  22.0, -41.0,  5.0,     ,  0.0,     ,  0.0, 1.0, 187.0,       ,      ,      ,        ,        ,        ,        ,        ,        ,        ,        ,      
lewicda01, 1950,     1, TOR , NHL , L  , 61.0, 16.0,  18.0,  34.0,  26.0,      ,     ,     ,     ,     ,     ,    ,      ,    9.0,   0.0,   0.0,     0.0,     0.0,        ,        ,        ,        ,        ,        ,      
lewicda01, 1951,     1, TOR , NHL , L  , 51.0,  4.0,   9.0,  13.0,  26.0,      ,     ,     ,     ,     ,     ,    ,      ,       ,      ,      ,        ,        ,        ,        ,        ,        ,        ,        ,      
lewicda01, 1952,     1, TOR , NHL , L  ,  4.0,  1.0,   3.0,   4.0,   2.0,      ,     ,     ,     ,     ,     ,    ,      ,       ,      ,      ,        ,        ,        ,        ,        ,        ,        ,        ,      
lewicda01, 1953,     1, TOR , NHL , L  ,  7.0,  0.0,   1.0,   1.0,  12.0,      ,     ,     ,     ,     ,     ,    ,      ,       ,      ,      ,        ,        ,        ,        ,        ,        ,        ,        ,      
lewicda01, 1954,     1, NYR , NHL , L  , 70.0, 29.0,  24.0,  53.0,   8.0,      ,     ,     ,     ,     ,     ,    ,      ,       ,      ,      ,        ,        ,        ,        ,        ,        ,        ,        ,      
lewicda01, 1955,     1, NYR , NHL , L  , 70.0, 18.0,  27.0,  45.0,  26.0,      ,     ,     ,     ,     ,     ,    ,      ,    5.0,   0.0,   3.0,     3.0,     0.0,        ,        ,        ,        ,        ,        ,      
lewicda01, 1956,     1, NYR , NHL , L  , 70.0, 18.0,  20.0,  38.0,  47.0,      ,     ,     ,     ,     ,     ,    ,      ,    5.0,   0.0,   1.0,     1.0,     2.0,        ,        ,        ,        ,        ,        ,      
lewicda01, 1957,     1, NYR , NHL , L  , 70.0, 11.0,  19.0,  30.0,  26.0,      ,     ,     ,     ,     ,     ,    ,      ,    6.0,   0.0,   0.0,     0.0,     6.0,        ,        ,        ,        ,        ,        ,      
lewicda01, 1958,     1, CHI , NHL , L  , 58.0,  8.0,  14.0,  22.0,   4.0,      ,     ,     ,     ,     ,     ,    ,      ,    3.0,   0.0,   0.0,     0.0,     0.0,        ,        ,        ,        ,        ,        ,      
lewisda01, 1973,     1, NYI , NHL , D  , 66.0,  2.0,  15.0,  17.0,  58.0, -7.0 ,  1.0,     ,  1.0,     ,  1.0, 0.0,  63.0,       ,      ,      ,        ,        ,        ,        ,        ,        ,        ,        ,      
lewisda01, 1974,     1, NYI , NHL , D  , 78.0,  5.0,  14.0,  19.0,  98.0, 8.0  ,  0.0,     ,  0.0,     ,  1.0, 0.0,  95.0,   17.0,   0.0,   1.0,     1.0,    28.0,        ,     0.0,        ,     0.0,        ,     0.0,      
lewisda01, 1975,     1, NYI , NHL , D  , 73.0,  0.0,  19.0,  19.0,  54.0, 29.0 ,  0.0,     ,  0.0,     ,  0.0, 0.0,  91.0,   13.0,   0.0,   1.0,     1.0,    44.0,        ,     0.0,        ,     0.0,        ,     0.0,      
lewisda01, 1976,     1, NYI , NHL , D  , 79.0,  4.0,  24.0,  28.0,  44.0, 29.0 ,  0.0,     ,  1.0,     ,  1.0, 0.0, 102.0,   12.0,   1.0,   6.0,     7.0,     4.0,        ,     0.0,        ,     0.0,        ,     0.0,      
lewisda01, 1977,     1, NYI , NHL , D  , 77.0,  3.0,  11.0,  14.0,  58.0, 32.0 ,  0.0,     ,  1.0,     ,  1.0, 0.0, 111.0,    7.0,   0.0,   1.0,     1.0,    11.0,        ,     0.0,        ,     0.0,        ,     0.0,      
lewisda01, 1978,     1, NYI , NHL , D  , 79.0,  5.0,  18.0,  23.0,  43.0, 43.0 ,  0.0,     ,  0.0,     ,  0.0, 1.0,  95.0,   10.0,   0.0,   0.0,     0.0,     4.0,        ,     0.0,        ,     0.0,        ,     0.0,      
lewisda01, 1979,     1, NYI , NHL , D  , 62.0,  5.0,  16.0,  21.0,  54.0, 10.0 ,  0.0,     ,  0.0,     ,  0.0, 0.0,  66.0,       ,      ,      ,        ,        ,        ,        ,        ,        ,        ,        ,      
lewisda01, 1979,     2, LAK , NHL , D  , 11.0,  1.0,   1.0,   2.0,  12.0, 3.0  ,  0.0,     ,  0.0,     ,  0.0, 1.0,  11.0,    4.0,   0.0,   1.0,     1.0,     2.0,        ,     0.0,        ,     0.0,        ,     0.0,      
lewisda01, 1980,     1, LAK , NHL , D  , 67.0,  1.0,  12.0,  13.0,  98.0, 25.0 ,  0.0,     ,  0.0,     ,  0.0, 0.0,  46.0,    4.0,   0.0,   2.0,     2.0,     4.0,        ,     0.0,        ,     0.0,        ,     0.0,      
lewisda01, 1981,     1, LAK , NHL , D  , 64.0,  1.0,  13.0,  14.0,  75.0, -19.0,  0.0,     ,  0.0,     ,  0.0, 0.0,  50.0,   10.0,   0.0,   4.0,     4.0,    36.0,        ,     0.0,        ,     0.0,        ,     0.0,      
lewisda01, 1982,     1, LAK , NHL , D  , 79.0,  2.0,  10.0,  12.0,  53.0, -22.0,  0.0,     ,  0.0,     ,  0.0, 0.0,  64.0,       ,      ,      ,        ,        ,        ,        ,        ,        ,        ,        ,      
lewisda01, 1983,     1, NJD , NHL , D  , 66.0,  2.0,   5.0,   7.0,  63.0, -19.0,  0.0,     ,  0.0,     ,  0.0, 0.0,  38.0,       ,      ,      ,        ,        ,        ,        ,        ,        ,        ,        ,      
lewisda01, 1984,     1, NJD , NHL , D  , 74.0,  3.0,   9.0,  12.0,  78.0, -29.0,  0.0,     ,  0.0,     ,  2.0, 0.0,  51.0,       ,      ,      ,        ,        ,        ,        ,        ,        ,        ,        ,      
lewisda01, 1985,     1, NJD , NHL , D  , 69.0,  0.0,  15.0,  15.0,  81.0, 0.0  ,  0.0,     ,  0.0,     ,  0.0, 0.0,  38.0,       ,      ,      ,        ,        ,        ,        ,        ,        ,        ,        ,      
lewisda01, 1986,     1, DET , NHL , D  , 58.0,  2.0,   5.0,   7.0,  66.0, 12.0 ,  0.0,     ,  0.0,     ,  0.0, 0.0,  37.0,   14.0,   0.0,   4.0,     4.0,    10.0, 1.0    ,     0.0,        ,     0.0,        ,     0.0,     8.0
lewisda01, 1987,     1, DET , NHL , D  ,  6.0,  0.0,   0.0,   0.0,  18.0, -3.0 ,  0.0,  0.0,  0.0,  0.0,  0.0, 0.0,   3.0,       ,      ,      ,        ,        ,        ,        ,        ,        ,        ,        ,      
lewisda02, 1975,     1, NYR , NHL , L  ,  8.0,  0.0,   0.0,   0.0,   0.0, -2.0 ,  0.0,     ,  0.0,     ,  0.0, 0.0,   3.0,       ,      ,      ,        ,        ,        ,        ,        ,        ,        ,        ,      
lewisdo01, 1946,     1, MTL , NHL , L  ,  3.0,  0.0,   0.0,   0.0,   0.0,      ,     ,     ,     ,     ,     ,    ,      ,       ,      ,      ,        ,        ,        ,        ,        ,        ,        ,        ,      
lewisgr01, 2008,     1, ATL , NHL , D  ,  1.0,  0.0,   0.0,   0.0,   0.0, 0.0  ,  0.0,  0.0,  0.0,  0.0,  0.0,    ,   1.0,       ,      ,      ,        ,        ,        ,        ,        ,        ,        ,        ,      
lewishe01, 1928,     1, DTC , NHL , L  , 36.0,  9.0,   5.0,  14.0,  33.0,      ,     ,     ,     ,     ,     ,    ,      ,       ,      ,      ,        ,        ,        ,        ,        ,        ,        ,        ,      
lewishe01, 1929,     1, DTC , NHL , L  , 44.0, 20.0,  11.0,  31.0,  36.0,      ,     ,     ,     ,     ,     ,    ,      ,       ,      ,      ,        ,        ,        ,        ,        ,        ,        ,        ,      
lewishe01, 1930,     1, DTF , NHL , L  , 43.0, 15.0,   6.0,  21.0,  38.0,      ,     ,     ,     ,     ,     ,    ,      ,       ,      ,      ,        ,        ,        ,        ,        ,        ,        ,        ,      
lewishe01, 1931,     1, DTF , NHL , L  , 48.0,  5.0,  14.0,  19.0,  21.0,      ,     ,     ,     ,     ,     ,    ,      ,    2.0,   0.0,   0.0,     0.0,     0.0,        ,        ,        ,        ,        ,        ,      
lewishe01, 1932,     1, DET , NHL , L  , 48.0, 20.0,  14.0,  34.0,  20.0,      ,     ,     ,     ,     ,     ,    ,      ,    4.0,   1.0,   0.0,     1.0,     0.0,        ,        ,        ,        ,        ,        ,      
lewishe01, 1933,     1, DET , NHL , L  , 43.0, 16.0,  15.0,  31.0,  15.0,      ,     ,     ,     ,     ,     ,    ,      ,    9.0,   5.0,   2.0,     7.0,     2.0,        ,        ,        ,        ,        ,        ,      
lewishe01, 1934,     1, DET , NHL , L  , 47.0, 16.0,  27.0,  43.0,  26.0,      ,     ,     ,     ,     ,     ,    ,      ,       ,      ,      ,        ,        ,        ,        ,        ,        ,        ,        ,      
lewishe01, 1935,     1, DET , NHL , L  , 45.0, 14.0,  23.0,  37.0,  25.0,      ,     ,     ,     ,     ,     ,    ,      ,    7.0,   2.0,   3.0,     5.0,     0.0,        ,        ,        ,        ,        ,        ,      
lewishe01, 1936,     1, DET , NHL , L  , 45.0, 14.0,  18.0,  32.0,  14.0,      ,     ,     ,     ,     ,     ,    ,      ,   10.0,   4.0,   3.0,     7.0,     4.0,        ,        ,        ,        ,        ,        ,      
lewishe01, 1937,     1, DET , NHL , L  , 42.0, 13.0,  18.0,  31.0,  12.0,      ,     ,     ,     ,     ,     ,    ,      ,       ,      ,      ,        ,        ,        ,        ,        ,        ,        ,        ,      
lewishe01, 1938,     1, DET , NHL , L  , 42.0,  6.0,  10.0,  16.0,   8.0,      ,     ,     ,     ,     ,     ,    ,      ,    6.0,   1.0,   2.0,     3.0,     0.0,        ,        ,        ,        ,        ,        ,      
lewistr01, 2008,     1, LAK , NHL , C  ,  6.0,  1.0,   2.0,   3.0,   0.0, 0.0  ,  0.0,  0.0,  0.0,  0.0,  0.0,    ,  10.0,       ,      ,      ,        ,        ,        ,        ,        ,        ,        ,        ,      
lewistr01, 2009,     1, LAK , NHL , C  ,  5.0,  0.0,   0.0,   0.0,   0.0, -3.0 ,  0.0,  0.0,  0.0,  0.0,  0.0,    ,   4.0,       ,      ,      ,        ,        ,        ,        ,        ,        ,        ,        ,      
leyri01  , 1968,     1, TOR , NHL , D  , 38.0,  1.0,  11.0,  12.0,  39.0, 2.0  ,  0.0,     ,  0.0,     ,  0.0, 0.0,  37.0,    3.0,   0.0,   0.0,     0.0,     9.0,        ,     0.0,        ,     0.0,        ,     0.0,      
leyri01  , 1969,     1, TOR , NHL , D  , 48.0,  2.0,  13.0,  15.0, 102.0, -16.0,  1.0,     ,  0.0,     ,  0.0, 0.0,  52.0,       ,      ,      ,        ,        ,        ,        ,        ,        ,        ,        ,      
leyri01  , 1970,     1, TOR , NHL , D  , 76.0,  4.0,  16.0,  20.0, 151.0, 11.0 ,  0.0,     ,  0.0,     ,  0.0, 0.0,  78.0,    6.0,   0.0,   2.0,     2.0,     4.0,        ,     0.0,        ,     0.0,        ,     0.0,      
leyri01  , 1971,     1, TOR , NHL , D  , 67.0,  1.0,  14.0,  15.0, 124.0, 3.0  ,  0.0,     ,  0.0,     ,  0.0, 0.0,  65.0,    5.0,   0.0,   0.0,     0.0,     7.0,        ,     0.0,        ,     0.0,        ,     0.0,      
leyri01  , 1972,     1, NEW , WHA , D  , 76.0,  3.0,  27.0,  30.0, 108.0,      ,  0.0,     ,  0.0,     ,     ,    ,      ,   15.0,   3.0,   7.0,    10.0,    24.0,        ,     1.0,        ,     0.0,        ,     0.0,      
leyri01  , 1973,     1, NEW , WHA , D  , 72.0,  6.0,  35.0,  41.0, 148.0,      ,  2.0,     ,  0.0,     ,  2.0,    ,      ,    7.0,   1.0,   5.0,     6.0,    18.0,        ,        ,        ,        ,        ,     0.0,      
leyri01  , 1974,     1, NEW , WHA , D  , 62.0,  6.0,  36.0,  42.0,  50.0, 0.0  ,  1.0,     ,  1.0,     ,     ,    , 125.0,    6.0,   1.0,   1.0,     2.0,    32.0,        ,        ,        ,        ,        ,     1.0,      
leyri01  , 1975,     1, NEW , WHA , D  , 67.0,  8.0,  30.0,  38.0,  78.0, -20.0,  2.0,     ,  0.0,     ,  0.0,    , 130.0,   17.0,   1.0,   4.0,     5.0,    49.0, 3.0    ,        ,        ,        ,        ,        ,      
leyri01  , 1976,     1, NEW , WHA , D  , 55.0,  2.0,  21.0,  23.0, 102.0, -6.0 ,  0.0,     ,  0.0,     ,     ,    ,  98.0,    5.0,   0.0,   4.0,     4.0,     4.0, 1.0    ,     0.0,        ,     0.0,        ,     0.0,      
leyri01  , 1977,     1, NEW , WHA , D  , 73.0,  3.0,  41.0,  44.0,  95.0, 36.0 ,  0.0,     ,  0.0,     ,     ,    , 106.0,   14.0,   1.0,   8.0,     9.0,     4.0, 2.0    ,        ,        ,        ,        ,     0.0,      
leyri01  , 1978,     1, NEW , WHA , D  , 73.0,  7.0,  20.0,  27.0, 135.0, -3.0 ,  0.0,     ,  2.0,     ,     ,    , 113.0,    9.0,   0.0,   4.0,     4.0,    11.0, -3.0   ,        ,        ,        ,        ,     0.0,      
leyri01  , 1979,     1, HAR , NHL , D  , 65.0,  4.0,  16.0,  20.0,  92.0, 2.0  ,  0.0,     ,  0.0,     ,  1.0, 0.0,  78.0,       ,      ,      ,        ,        ,        ,        ,        ,        ,        ,        ,      
leyri01  , 1980,     1, HAR , NHL , D  , 16.0,  0.0,   2.0,   2.0,  20.0, -13.0,  0.0,     ,  0.0,     ,  0.0, 0.0,  19.0,       ,      ,      ,        ,        ,        ,        ,        ,        ,        ,        ,      
libaig01 , 1988,     1, NYR , NHL , R  , 10.0,  2.0,   5.0,   7.0,  15.0, 1.0  ,  1.0,     ,  0.0,  0.0,  0.0, 0.0,  14.0,       ,      ,      ,        ,        ,        ,        ,        ,        ,        ,        ,      
libaig01 , 1988,     2, LAK , NHL , R  , 27.0,  5.0,  13.0,  18.0,  21.0, -4.0 ,  1.0,     ,  0.0,  0.0,  0.0, 0.0,  28.0,    2.0,   0.0,   0.0,     0.0,     2.0, 0.0    ,     0.0,     0.0,     0.0,     0.0,     0.0,     0.0
libbyje01, 1997,     1, NYI , NHL , D  ,  1.0,  0.0,   0.0,   0.0,   0.0, 0.0  ,  0.0,  0.0,  0.0,  0.0,  0.0, 0.0,   0.0,       ,      ,      ,        ,        ,        ,        ,        ,        ,        ,        ,      
libetni01, 1967,     1, DET , NHL , L  , 22.0,  2.0,   1.0,   3.0,  12.0, -13.0,  1.0,     ,  0.0,     ,  0.0, 0.0,  29.0,       ,      ,      ,        ,        ,        ,        ,        ,        ,        ,        ,      
libetni01, 1968,     1, DET , NHL , L  , 75.0, 10.0,  14.0,  24.0,  34.0, -16.0,  1.0,     ,  0.0,     ,  2.0, 0.0,  98.0,       ,      ,      ,        ,        ,        ,        ,        ,        ,        ,        ,      
libetni01, 1969,     1, DET , NHL , L  , 76.0, 20.0,  20.0,  40.0,  39.0, 9.0  ,  3.0,     ,  1.0,     ,  2.0, 3.0, 148.0,    4.0,   2.0,   0.0,     2.0,     2.0,        ,     1.0,        ,     0.0,        ,     0.0,      
libetni01, 1970,     1, DET , NHL , L  , 78.0, 16.0,  13.0,  29.0,  25.0, -38.0,  2.0,     ,  0.0,     ,  1.0, 3.0, 156.0,       ,      ,      ,        ,        ,        ,        ,        ,        ,        ,        ,      
libetni01, 1971,     1, DET , NHL , L  , 77.0, 31.0,  22.0,  53.0,  50.0, 7.0  ,  6.0,     ,  3.0,     ,  5.0, 3.0, 219.0,       ,      ,      ,        ,        ,        ,        ,        ,        ,        ,        ,      
libetni01, 1972,     1, DET , NHL , L  , 78.0, 19.0,  34.0,  53.0,  56.0, 1.0  ,  4.0,     ,  1.0,     ,  3.0, 2.0, 202.0,       ,      ,      ,        ,        ,        ,        ,        ,        ,        ,        ,      
libetni01, 1973,     1, DET , NHL , L  , 67.0, 24.0,  24.0,  48.0,  37.0, -26.0,  3.0,     ,  1.0,     ,  5.0, 1.0, 177.0,       ,      ,      ,        ,        ,        ,        ,        ,        ,        ,        ,      
libetni01, 1974,     1, DET , NHL , L  , 80.0, 23.0,  28.0,  51.0,  39.0, -41.0,  8.0,     ,  1.0,     ,  2.0, 1.0, 194.0,       ,      ,      ,        ,        ,        ,        ,        ,        ,        ,        ,      
libetni01, 1975,     1, DET , NHL , L  , 80.0, 20.0,  26.0,  46.0,  71.0, -9.0 ,  3.0,     ,  1.0,     ,  3.0, 1.0, 224.0,       ,      ,      ,        ,        ,        ,        ,        ,        ,        ,        ,      
libetni01, 1976,     1, DET , NHL , L  , 80.0, 14.0,  27.0,  41.0,  25.0, -25.0,  3.0,     ,  1.0,     ,  0.0, 1.0, 210.0,       ,      ,      ,        ,        ,        ,        ,        ,        ,        ,        ,      
libetni01, 1977,     1, DET , NHL , L  , 80.0, 23.0,  22.0,  45.0,  46.0, -3.0 ,  1.0,     ,  1.0,     ,  1.0, 2.0, 155.0,    7.0,   3.0,   1.0,     4.0,     0.0,        ,     1.0,        ,     0.0,        ,     0.0,      
libetni01, 1978,     1, DET , NHL , L  , 68.0, 15.0,  19.0,  34.0,  20.0, 4.0  ,  3.0,     ,  1.0,     ,  0.0, 2.0, 130.0,       ,      ,      ,        ,        ,        ,        ,        ,        ,        ,        ,      
libetni01, 1979,     1, PIT , NHL , L  , 78.0, 14.0,  12.0,  26.0,  14.0, -19.0,  1.0,     ,  1.0,     ,  2.0, 1.0, 118.0,    5.0,   1.0,   1.0,     2.0,     0.0,        ,     1.0,        ,     0.0,        ,     0.0,      
libetni01, 1980,     1, PIT , NHL , L  , 43.0,  6.0,   6.0,  12.0,   4.0, 2.0  ,  1.0,     ,  0.0,     ,  1.0, 0.0,  47.0,       ,      ,      ,        ,        ,        ,        ,        ,        ,        ,        ,      
licarto01, 1946,     1, DET , NHL , R  ,  9.0,  0.0,   1.0,   1.0,   0.0,      ,     ,     ,     ,     ,     ,    ,      ,       ,      ,      ,        ,        ,        ,        ,        ,        ,        ,        ,      
liddibo01, 1970,     1, TOR , NHL , L  , 11.0,  0.0,   1.0,   1.0,   2.0, -2.0 ,  0.0,     ,  0.0,     ,  0.0, 0.0,   2.0,       ,      ,      ,        ,        ,        ,        ,        ,        ,        ,        ,      
liddibo01, 1972,     1, CHC , WHA , L  , 78.0, 20.0,  11.0,  31.0,  24.0,      ,  1.0,     ,  0.0,     ,     ,    ,      ,       ,      ,      ,        ,        ,        ,        ,        ,        ,        ,        ,      
liddibo01, 1973,     1, CHC , WHA , L  , 73.0, 26.0,  21.0,  47.0,  20.0,      ,  4.0,     ,  1.0,     ,  2.0,    ,      ,   18.0,   6.0,   5.0,    11.0,    11.0,        ,        ,        ,        ,        ,     0.0,      
liddibo01, 1974,     1, CHC , WHA , L  , 78.0, 23.0,  18.0,  41.0,  27.0, -31.0,  5.0,     ,  0.0,     ,     ,    , 155.0,       ,      ,      ,        ,        ,        ,        ,        ,        ,        ,        ,      
liddibo01, 1975,     1, DOT , WHA , L  , 35.0,  7.0,   8.0,  15.0,  14.0, -2.0 ,  1.0,     ,  0.0,     ,  0.0,    ,  63.0,       ,      ,      ,        ,        ,        ,        ,        ,        ,        ,        ,      
liddibo01, 1975,     2, HOU , WHA , L  ,  2.0,  0.0,   0.0,   0.0,   2.0, 0.0  ,  0.0,     ,  0.0,     ,  0.0,    ,   1.0,       ,      ,      ,        ,        ,        ,        ,        ,        ,        ,        ,      
liddibo01, 1976,     1, PHR , WHA , L  , 80.0, 20.0,  24.0,  44.0,  28.0, -22.0,  0.0,     ,  0.0,     ,     ,    , 142.0,       ,      ,      ,        ,        ,        ,        ,        ,        ,        ,        ,      
lidstdo01, 1983,     1, VAN , NHL , D  ,  8.0,  0.0,   0.0,   0.0,   4.0, -7.0 ,  0.0,     ,  0.0,     ,  0.0, 0.0,   7.0,    2.0,   0.0,   1.0,     1.0,     0.0, 0.0    ,     0.0,        ,     0.0,        ,     0.0,     5.0
lidstdo01, 1984,     1, VAN , NHL , D  , 78.0,  6.0,  24.0,  30.0,  55.0, -11.0,  2.0,     ,  0.0,     ,  0.0, 0.0, 125.0,       ,      ,      ,        ,        ,        ,        ,        ,        ,        ,        ,      
lidstdo01, 1985,     1, VAN , NHL , D  , 78.0, 12.0,  16.0,  28.0,  56.0, -12.0,  1.0,     ,  1.0,     ,  0.0, 0.0, 151.0,    3.0,   0.0,   1.0,     1.0,     2.0, -4.0   ,     0.0,        ,     0.0,        ,     0.0,     1.0
lidstdo01, 1986,     1, VAN , NHL , D  , 80.0, 12.0,  51.0,  63.0,  40.0, -35.0,  3.0,     ,  0.0,     ,  0.0, 1.0, 176.0,       ,      ,      ,        ,        ,        ,        ,        ,        ,        ,        ,      
lidstdo01, 1987,     1, VAN , NHL , D  , 64.0,  4.0,  32.0,  36.0, 105.0, -19.0,  2.0, 22.0,  1.0,  1.0,  0.0, 0.0, 133.0,       ,      ,      ,        ,        ,        ,        ,        ,        ,        ,        ,      
lidstdo01, 1988,     1, VAN , NHL , D  , 63.0,  5.0,  17.0,  22.0,  78.0, -4.0 ,  3.0,  6.0,  0.0,  1.0,  0.0, 0.0, 116.0,    7.0,   1.0,   1.0,     2.0,     9.0, 1.0    ,     0.0,     0.0,     0.0,     0.0,     0.0,    13.0
lidstdo01, 1989,     1, VAN , NHL , D  , 80.0,  8.0,  28.0,  36.0,  36.0, -16.0,  1.0,  8.0,  0.0,  1.0,  0.0, 1.0, 143.0,       ,      ,      ,        ,        ,        ,        ,        ,        ,        ,        ,      
lidstdo01, 1990,     1, VAN , NHL , D  , 78.0,  6.0,  32.0,  38.0,  77.0, -6.0 ,  4.0, 16.0,  0.0,  1.0,  1.0, 0.0, 157.0,    6.0,   0.0,   2.0,     2.0,     6.0, -3.0   ,     0.0,     1.0,     0.0,     0.0,     0.0,     9.0
lidstdo01, 1991,     1, VAN , NHL , D  , 66.0,  6.0,  23.0,  29.0,  39.0, 9.0  ,  3.0,  9.0,  0.0,  3.0,  2.0, 0.0,  89.0,   11.0,   1.0,   2.0,     3.0,    11.0, 3.0    ,     0.0,     1.0,     0.0,     0.0,     0.0,     6.0
lidstdo01, 1992,     1, VAN , NHL , D  , 71.0,  6.0,  19.0,  25.0,  36.0, 9.0  ,  3.0,  3.0,  0.0,  0.0,  0.0, 0.0,  76.0,   12.0,   0.0,   3.0,     3.0,     8.0, 3.0    ,     0.0,     0.0,     0.0,     0.0,     0.0,     8.0
lidstdo01, 1993,     1, NYR , NHL , D  , 34.0,  0.0,   2.0,   2.0,  33.0, -12.0,  0.0,  0.0,  0.0,  0.0,  0.0, 0.0,  25.0,    9.0,   2.0,   0.0,     2.0,    10.0, -4.0   ,     0.0,     0.0,     0.0,     0.0,     0.0,     9.0
lidstdo01, 1994,     1, STL , NHL , D  , 37.0,  2.0,   7.0,   9.0,  12.0, 9.0  ,  1.0,  0.0,  0.0,  0.0,  0.0, 0.0,  37.0,    4.0,   0.0,   0.0,     0.0,     2.0, 6.0    ,     0.0,     0.0,     0.0,     0.0,     0.0,     1.0
lidstdo01, 1995,     1, NYR , NHL , D  , 59.0,  5.0,   9.0,  14.0,  50.0, 11.0 ,  0.0,  2.0,  0.0,  2.0,  0.0, 0.0,  73.0,    7.0,   1.0,   0.0,     1.0,     6.0, -4.0   ,     1.0,     0.0,     0.0,     0.0,     0.0,     5.0
lidstdo01, 1996,     1, NYR , NHL , D  , 48.0,  3.0,   4.0,   7.0,  24.0, 10.0 ,  0.0,  0.0,  0.0,  1.0,  0.0, 0.0,  42.0,   15.0,   1.0,   5.0,     6.0,     8.0, -2.0   ,     0.0,     0.0,     0.0,     1.0,     0.0,    20.0
lidstdo01, 1997,     1, NYR , NHL , D  , 36.0,  0.0,   4.0,   4.0,  24.0, 2.0  ,  0.0,  0.0,  0.0,  0.0,  0.0, 0.0,  25.0,       ,      ,      ,        ,        ,        ,        ,        ,        ,        ,        ,      
lidstdo01, 1998,     1, DAL , NHL , D  , 17.0,  0.0,   0.0,   0.0,  10.0, 0.0  ,  0.0,  0.0,  0.0,  0.0,  0.0, 0.0,   7.0,    4.0,   0.0,   0.0,     0.0,     2.0, 0.0    ,     0.0,     0.0,     0.0,     0.0,     0.0,     1.0
lidstni01, 1991,     1, DET , NHL , D  , 80.0, 11.0,  49.0,  60.0,  22.0, 36.0 ,  5.0, 26.0,  0.0,  1.0,  1.0, 1.0, 168.0,   11.0,   1.0,   2.0,     3.0,     0.0, -5.0   ,     1.0,     1.0,     0.0,     0.0,     0.0,    16.0
lidstni01, 1992,     1, DET , NHL , D  , 84.0,  7.0,  34.0,  41.0,  28.0, 7.0  ,  3.0, 17.0,  0.0,  4.0,  2.0, 0.0, 156.0,    7.0,   1.0,   0.0,     1.0,     0.0, -2.0   ,     1.0,     0.0,     0.0,     0.0,     0.0,     8.0
lidstni01, 1993,     1, DET , NHL , D  , 84.0, 10.0,  46.0,  56.0,  26.0, 43.0 ,  4.0, 14.0,  0.0,  2.0,  3.0, 0.0, 200.0,    7.0,   3.0,   2.0,     5.0,     0.0, 4.0    ,     1.0,     1.0,     1.0,     0.0,     0.0,    20.0
lidstni01, 1994,     1, DET , NHL , D  , 43.0, 10.0,  16.0,  26.0,   6.0, 15.0 ,  7.0,  4.0,  0.0,  0.0,  0.0, 0.0,  90.0,   18.0,   4.0,  12.0,    16.0,     8.0, 4.0    ,     3.0,     8.0,     0.0,     0.0,     2.0,    37.0
lidstni01, 1995,     1, DET , NHL , D  , 81.0, 17.0,  50.0,  67.0,  20.0, 29.0 ,  8.0, 29.0,  1.0,  4.0,  1.0, 1.0, 211.0,   19.0,   5.0,   9.0,    14.0,    10.0, 2.0    ,     1.0,     7.0,     0.0,     0.0,     0.0,    50.0
lidstni01, 1996,     1, DET , NHL , D  , 79.0, 15.0,  42.0,  57.0,  30.0, 11.0 ,  8.0, 22.0,  0.0,  1.0,  1.0, 0.0, 214.0,   20.0,   2.0,   6.0,     8.0,     2.0, 12.0   ,     0.0,     4.0,     0.0,     0.0,     0.0,    79.0
lidstni01, 1997,     1, DET , NHL , D  , 80.0, 17.0,  42.0,  59.0,  18.0, 22.0 ,  7.0, 26.0,  1.0,  2.0,  1.0, 1.0, 205.0,   22.0,   6.0,  13.0,    19.0,     8.0, 12.0   ,     2.0,     6.0,     0.0,     0.0,     2.0,    59.0
lidstni01, 1998,     1, DET , NHL , D  , 81.0, 14.0,  43.0,  57.0,  14.0, 14.0 ,  6.0, 23.0,  2.0,  2.0,  3.0, 0.0, 205.0,   10.0,   2.0,   9.0,    11.0,     4.0, 0.0    ,     2.0,     8.0,     0.0,     0.0,     0.0,    29.0
lidstni01, 1999,     1, DET , NHL , D  , 81.0, 20.0,  53.0,  73.0,  18.0, 19.0 ,  9.0, 22.0,  4.0,  1.0,  3.0, 0.0, 218.0,    9.0,   2.0,   4.0,     6.0,     4.0, -6.0   ,     1.0,     4.0,     0.0,     0.0,     0.0,    21.0
lidstni01, 2000,     1, DET , NHL , D  , 82.0, 15.0,  56.0,  71.0,  18.0, 9.0  ,  8.0, 35.0,  0.0,  1.0,  0.0, 0.0, 272.0,    6.0,   1.0,   7.0,     8.0,     0.0, 1.0    ,     0.0,     5.0,     0.0,     0.0,     0.0,    15.0
lidstni01, 2001,     1, DET , NHL , D  , 78.0,  9.0,  50.0,  59.0,  20.0, 13.0 ,  6.0, 24.0,  0.0,  0.0,  0.0, 0.0, 215.0,   23.0,   5.0,  11.0,    16.0,     2.0, 6.0    ,     2.0,     4.0,     1.0,     1.0,     2.0,    41.0
lidstni01, 2002,     1, DET , NHL , D  , 82.0, 18.0,  44.0,  62.0,  38.0, 40.0 ,  8.0, 22.0,  1.0,  1.0,  4.0, 0.0, 175.0,    4.0,   0.0,   2.0,     2.0,     0.0, -1.0   ,     0.0,     1.0,     0.0,     0.0,     0.0,    15.0
lidstni01, 2003,     1, DET , NHL , D  , 81.0, 10.0,  28.0,  38.0,  18.0, 19.0 ,  3.0, 18.0,  1.0,  2.0,  3.0, 1.0, 194.0,   12.0,   2.0,   5.0,     7.0,     4.0, 4.0    ,     2.0,     3.0,     0.0,     0.0,     0.0,    27.0
lidstni01, 2005,     1, DET , NHL , D  , 80.0, 16.0,  64.0,  80.0,  50.0, 21.0 ,  9.0, 41.0,  0.0,  0.0,  2.0,    , 243.0,    6.0,   1.0,   1.0,     2.0,     2.0, -4.0   ,     1.0,     1.0,     0.0,     0.0,     1.0,    21.0
lidstni01, 2006,     1, DET , NHL , D  , 80.0, 13.0,  49.0,  62.0,  46.0, 40.0 , 10.0, 23.0,  0.0,  3.0,  1.0,    , 224.0,   18.0,   4.0,  14.0,    18.0,     6.0, 0.0    ,     4.0,     8.0,     0.0,     2.0,     2.0,    39.0
lidstni01, 2007,     1, DET , NHL , D  , 76.0, 10.0,  60.0,  70.0,  40.0, 40.0 ,  5.0, 29.0,  0.0,  1.0,  4.0,    , 188.0,   22.0,   3.0,  10.0,    13.0,    14.0, 8.0    ,     1.0,     8.0,     1.0,     0.0,     1.0,    41.0
lidstni01, 2008,     1, DET , NHL , D  , 78.0, 16.0,  43.0,  59.0,  30.0, 31.0 , 10.0, 23.0,  0.0,  1.0,  4.0,    , 180.0,   21.0,   4.0,  12.0,    16.0,     6.0, 11.0   ,     3.0,     8.0,     0.0,     0.0,     1.0,    59.0
lidstni01, 2009,     1, DET , NHL , D  , 82.0,  9.0,  40.0,  49.0,  24.0, 22.0 ,  5.0, 15.0,  0.0,  3.0,  1.0,    , 194.0,   12.0,   4.0,   6.0,    10.0,     2.0, 7.0    ,     3.0,     2.0,     0.0,     0.0,     0.0,    39.0
liffida01, 2005,     1, NYR , NHL , D  ,  1.0,  0.0,   0.0,   0.0,   2.0, 0.0  ,  0.0,  0.0,  0.0,  0.0,  0.0,    ,   0.0,       ,      ,      ,        ,        ,        ,        ,        ,        ,        ,        ,      
liffida01, 2006,     1, NYR , NHL , D  ,  2.0,  0.0,   0.0,   0.0,   7.0, 1.0  ,  0.0,  0.0,  0.0,  0.0,  0.0,    ,   2.0,       ,      ,      ,        ,        ,        ,        ,        ,        ,        ,        ,      
liffier01, 1909,     1, REN , NHA ,    ,  1.0,  0.0,   0.0,   0.0,   0.0,      ,     ,     ,     ,     ,     ,    ,      ,       ,      ,      ,        ,        ,        ,        ,        ,        ,        ,        ,      
liffier01, 1912,     1, TO1 , NHA ,    ,  8.0,  0.0,   0.0,   0.0,   2.0,      ,     ,     ,     ,     ,     ,    ,      ,       ,      ,      ,        ,        ,        ,        ,        ,        ,        ,        ,      
lilesjo01, 2003,     1, COL , NHL , D  , 79.0, 10.0,  24.0,  34.0,  28.0, 7.0  ,  2.0, 12.0,  0.0,  0.0,  1.0, 2.0, 115.0,   11.0,   0.0,   1.0,     1.0,     4.0, 1.0    ,     0.0,     0.0,     0.0,     0.0,     0.0,    21.0
lilesjo01, 2005,     1, COL , NHL , D  , 82.0, 14.0,  35.0,  49.0,  44.0, 5.0  ,  6.0, 22.0,  0.0,  0.0,  1.0,    , 154.0,    9.0,   1.0,   2.0,     3.0,     6.0, -1.0   ,     1.0,     1.0,     0.0,     0.0,     0.0,    15.0
lilesjo01, 2006,     1, COL , NHL , D  , 71.0, 14.0,  30.0,  44.0,  24.0, 0.0  ,  8.0, 20.0,  0.0,  0.0,  3.0,    , 128.0,       ,      ,      ,        ,        ,        ,        ,        ,        ,        ,        ,      
lilesjo01, 2007,     1, COL , NHL , D  , 81.0,  6.0,  26.0,  32.0,  26.0, 2.0  ,  5.0, 15.0,  0.0,  0.0,  1.0,    , 163.0,   10.0,   2.0,   3.0,     5.0,     2.0, -1.0   ,     1.0,     3.0,     0.0,     0.0,     0.0,    21.0
lilesjo01, 2008,     1, COL , NHL , D  , 75.0, 12.0,  27.0,  39.0,  31.0, -19.0,  6.0, 15.0,  0.0,  0.0,  1.0,    , 146.0,       ,      ,      ,        ,        ,        ,        ,        ,        ,        ,        ,      
lilesjo01, 2009,     1, COL , NHL , D  , 59.0,  6.0,  25.0,  31.0,  30.0, -2.0 ,  3.0, 17.0,  0.0,  0.0,  2.0,    ,  96.0,    6.0,   1.0,   1.0,     2.0,     4.0, -2.0   ,     1.0,     1.0,     0.0,     0.0,     0.0,    14.0
liljaan01, 2000,     1, LAK , NHL , D  ,  2.0,  0.0,   0.0,   0.0,   4.0, -2.0 ,  0.0,  0.0,  0.0,  0.0,  0.0, 0.0,   1.0,    1.0,   0.0,   0.0,     0.0,     0.0, 0.0    ,     0.0,     0.0,     0.0,     0.0,     0.0,     0.0
liljaan01, 2001,     1, LAK , NHL , D  , 26.0,  1.0,   4.0,   5.0,  22.0, 3.0  ,  1.0,  1.0,  0.0,  0.0,  0.0, 0.0,  12.0,    5.0,   0.0,   0.0,     0.0,     6.0, -1.0   ,     0.0,     0.0,     0.0,     0.0,     0.0,     2.0
liljaan01, 2002,     1, LAK , NHL , D  , 17.0,  0.0,   3.0,   3.0,  14.0, 5.0  ,  0.0,  0.0,  0.0,  0.0,  0.0, 0.0,  13.0,       ,      ,      ,        ,        ,        ,        ,        ,        ,        ,        ,      
liljaan01, 2002,     2, FLO , NHL , D  , 56.0,  4.0,   8.0,  12.0,  56.0, 8.0  ,  0.0,  1.0,  0.0,  0.0,  0.0, 0.0,  59.0,       ,      ,      ,        ,        ,        ,        ,        ,        ,        ,        ,      
liljaan01, 2003,     1, FLO , NHL , D  , 79.0,  3.0,   4.0,   7.0,  90.0, -8.0 ,  0.0,  0.0,  0.0,  1.0,  0.0, 0.0,  79.0,       ,      ,      ,        ,        ,        ,        ,        ,        ,        ,        ,      
liljaan01, 2005,     1, DET , NHL , D  , 82.0,  2.0,  13.0,  15.0,  98.0, 18.0 ,  0.0,  1.0,  0.0,  1.0,  1.0,    ,  78.0,    6.0,   0.0,   1.0,     1.0,     6.0, -4.0   ,     0.0,     0.0,     0.0,     0.0,     0.0,     3.0
liljaan01, 2006,     1, DET , NHL , D  , 57.0,  0.0,   5.0,   5.0,  54.0, 6.0  ,  0.0,  0.0,  0.0,  0.0,  0.0,    ,  37.0,   18.0,   1.0,   0.0,     1.0,    10.0, -4.0   ,     0.0,     0.0,     0.0,     0.0,     0.0,    12.0
liljaan01, 2007,     1, DET , NHL , D  , 79.0,  2.0,  10.0,  12.0,  93.0, -2.0 ,  0.0,  0.0,  0.0,  0.0,  2.0,    ,  72.0,   12.0,   0.0,   1.0,     1.0,    16.0, 3.0    ,     0.0,     0.0,     0.0,     0.0,     0.0,     7.0
liljaan01, 2008,     1, DET , NHL , D  , 60.0,  2.0,  11.0,  13.0,  66.0, 13.0 ,  0.0,  0.0,  0.0,  0.0,  0.0,    ,  60.0,       ,      ,      ,        ,        ,        ,        ,        ,        ,        ,        ,      
liljaan01, 2009,     1, DET , NHL , D  , 20.0,  1.0,   1.0,   2.0,   4.0, -2.0 ,  0.0,  0.0,  0.0,  0.0,  0.0,    ,  19.0,   11.0,   0.0,   0.0,     0.0,    14.0, 1.0    ,     0.0,     0.0,     0.0,     0.0,     0.0,     6.0
lillejo01, 1993,     1, ANA , NHL , R  , 13.0,  1.0,   6.0,   7.0,   8.0, 1.0  ,  0.0,  0.0,  0.0,  0.0,  1.0, 0.0,  20.0,       ,      ,      ,        ,        ,        ,        ,        ,        ,        ,        ,      
lillejo01, 1994,     1, ANA , NHL , C  ,  9.0,  2.0,   2.0,   4.0,   5.0, 2.0  ,  1.0,  0.0,  0.0,  0.0,  0.0, 0.0,  10.0,       ,      ,      ,        ,        ,        ,        ,        ,        ,        ,        ,      
lillejo01, 1995,     1, ANA , NHL , C  ,  1.0,  0.0,   0.0,   0.0,   0.0, -1.0 ,  0.0,  0.0,  0.0,  0.0,  0.0, 0.0,   0.0,       ,      ,      ,        ,        ,        ,        ,        ,        ,        ,        ,      
lilyhle01, 1972,     1, MFS , WHA , L  , 77.0,  8.0,  13.0,  21.0,  37.0,      ,  0.0,     ,  0.0,     ,     ,    ,      ,    5.0,   1.0,   0.0,     1.0,     0.0,        ,     0.0,        ,     0.0,        ,     0.0,      
lindbch01, 1991,     1, CAL , NHL , L  , 17.0,  2.0,   5.0,   7.0,  17.0, 3.0  ,  0.0,  0.0,  0.0,  1.0,  0.0, 0.0,  19.0,       ,      ,      ,        ,        ,        ,        ,        ,        ,        ,        ,      
lindbch01, 1992,     1, CAL , NHL , C  , 62.0,  9.0,  12.0,  21.0,  18.0, -3.0 ,  1.0,  0.0,  0.0,  2.0,  1.0, 0.0,  74.0,    2.0,   0.0,   1.0,     1.0,     2.0, -2.0   ,     0.0,     0.0,     0.0,     0.0,     0.0,     2.0
lindbch01, 1993,     1, QUE , NHL , L  , 37.0,  6.0,   8.0,  14.0,  12.0, -1.0 ,  0.0,  0.0,  0.0,  0.0,  0.0, 0.0,  42.0,       ,      ,      ,        ,        ,        ,        ,        ,        ,        ,        ,      
lindbjo01, 1997,     1, NYR , NHL , L  , 38.0,  1.0,   3.0,   4.0,  28.0, 4.0  ,  0.0,  0.0,  0.0,  0.0,  0.0, 0.0,  38.0,       ,      ,      ,        ,        ,        ,        ,        ,        ,        ,        ,      
lindbpe01, 1981,     1, PHI , NHL , G  ,  8.0,  0.0,   0.0,   0.0,   0.0, 0.0  ,  0.0,     ,  0.0,     ,  0.0, 0.0,   0.0,       ,      ,      ,        ,        ,        ,        ,        ,        ,        ,        ,      
lindbpe01, 1982,     1, PHI , NHL , G  , 40.0,  0.0,   4.0,   4.0,   0.0, 0.0  ,  0.0,     ,  0.0,     ,  0.0, 0.0,   0.0,    3.0,   0.0,   0.0,     0.0,     4.0,        ,     0.0,        ,     0.0,        ,     0.0,      
lindbpe01, 1983,     1, PHI , NHL , G  , 36.0,  0.0,   1.0,   1.0,   6.0, 0.0  ,  0.0,     ,  0.0,     ,  0.0, 0.0,   0.0,    2.0,   0.0,   0.0,     0.0,     0.0, 0.0    ,     0.0,        ,     0.0,        ,     0.0,     0.0
lindbpe01, 1984,     1, PHI , NHL , G  , 65.0,  0.0,   0.0,   0.0,   4.0, 0.0  ,  0.0,     ,  0.0,     ,  0.0, 0.0,   0.0,   18.0,   0.0,   1.0,     1.0,     0.0, 0.0    ,     0.0,        ,     0.0,        ,     0.0,     0.0
lindbpe01, 1985,     1, PHI , NHL , G  ,  8.0,  0.0,   0.0,   0.0,   0.0, 0.0  ,  0.0,     ,  0.0,     ,  0.0, 0.0,   0.0,       ,      ,      ,        ,        ,        ,        ,        ,        ,        ,        ,      
lindeja01, 1994,     1, FLO , NHL , R  ,  4.0,  0.0,   0.0,   0.0,  17.0, -1.0 ,  0.0,  0.0,  0.0,  0.0,  0.0, 0.0,   0.0,       ,      ,      ,        ,        ,        ,        ,        ,        ,        ,        ,      
lindetr01, 1988,     1, VAN , NHL , R  , 80.0, 30.0,  29.0,  59.0,  41.0, -10.0, 10.0,  8.0,  1.0,  0.0,  2.0, 0.0, 186.0,    7.0,   3.0,   4.0,     7.0,     8.0, -1.0   ,     2.0,     4.0,     1.0,     0.0,     0.0,    11.0
lindetr01, 1989,     1, VAN , NHL , R  , 73.0, 21.0,  30.0,  51.0,  43.0, -17.0,  6.0, 11.0,  2.0,  0.0,  3.0, 0.0, 171.0,       ,      ,      ,        ,        ,        ,        ,        ,        ,        ,        ,      
lindetr01, 1990,     1, VAN , NHL , R  , 80.0, 33.0,  37.0,  70.0,  65.0, -25.0, 16.0, 14.0,  2.0,  0.0,  4.0, 1.0, 229.0,    6.0,   0.0,   7.0,     7.0,     2.0, 3.0    ,     0.0,     1.0,     0.0,     1.0,     0.0,    12.0
lindetr01, 1991,     1, VAN , NHL , R  , 80.0, 31.0,  44.0,  75.0, 101.0, 3.0  ,  6.0, 20.0,  1.0,  3.0,  6.0, 1.0, 201.0,   13.0,   4.0,   8.0,    12.0,     6.0, 5.0    ,     2.0,     3.0,     0.0,     0.0,     1.0,    37.0
lindetr01, 1992,     1, VAN , NHL , R  , 84.0, 33.0,  39.0,  72.0,  64.0, 19.0 ,  8.0,  7.0,  0.0,  0.0,  3.0, 0.0, 209.0,   12.0,   5.0,   8.0,    13.0,    16.0, 4.0    ,     2.0,     3.0,     0.0,     0.0,     1.0,    22.0
lindetr01, 1993,     1, VAN , NHL , R  , 84.0, 32.0,  29.0,  61.0,  73.0, 6.0  , 10.0, 10.0,  2.0,  0.0,  3.0, 0.0, 234.0,   24.0,  12.0,  13.0,    25.0,    18.0, 3.0    ,     5.0,     6.0,     1.0,     0.0,     1.0,    67.0
lindetr01, 1994,     1, VAN , NHL , C  , 48.0, 18.0,  22.0,  40.0,  40.0, -5.0 ,  9.0, 14.0,  0.0,  0.0,  1.0, 3.0, 129.0,   11.0,   2.0,   6.0,     8.0,    12.0, -1.0   ,     1.0,     3.0,     0.0,     0.0,     0.0,    19.0
lindetr01, 1995,     1, VAN , NHL , C  , 82.0, 33.0,  47.0,  80.0,  42.0, 6.0  , 12.0, 18.0,  1.0,  3.0,  2.0, 0.0, 202.0,    6.0,   4.0,   4.0,     8.0,     6.0, -1.0   ,     2.0,     3.0,     0.0,     0.0,     0.0,    14.0
lindetr01, 1996,     1, VAN , NHL , C  , 49.0,  9.0,  31.0,  40.0,  27.0, 5.0  ,  2.0,  6.0,  2.0,  1.0,  2.0, 0.0,  84.0,       ,      ,      ,        ,        ,        ,        ,        ,        ,        ,        ,      
lindetr01, 1997,     1, VAN , NHL , R  , 42.0,  7.0,  14.0,  21.0,  49.0, -13.0,  2.0,  6.0,  0.0,  1.0,  1.0, 0.0,  74.0,       ,      ,      ,        ,        ,        ,        ,        ,        ,        ,        ,      
lindetr01, 1997,     2, NYI , NHL , R  , 25.0, 10.0,   7.0,  17.0,  33.0, -1.0 ,  3.0,  3.0,  2.0,  1.0,  1.0, 0.0,  59.0,       ,      ,      ,        ,        ,        ,        ,        ,        ,        ,        ,      
lindetr01, 1998,     1, NYI , NHL , C  , 82.0, 18.0,  29.0,  47.0,  32.0, -14.0,  8.0, 12.0,  1.0,  2.0,  1.0, 0.0, 167.0,       ,      ,      ,        ,        ,        ,        ,        ,        ,        ,        ,      
lindetr01, 1999,     1, MTL , NHL , C  , 50.0, 13.0,  17.0,  30.0,  34.0, -3.0 ,  4.0,  5.0,  0.0,  0.0,  3.0, 0.0,  87.0,       ,      ,      ,        ,        ,        ,        ,        ,        ,        ,        ,      
lindetr01, 2000,     1, MTL , NHL , C  , 57.0, 12.0,  21.0,  33.0,  52.0, -2.0 ,  6.0,  8.0,  0.0,  0.0,  3.0, 0.0,  96.0,       ,      ,      ,        ,        ,        ,        ,        ,        ,        ,        ,      
lindetr01, 2000,     2, WAS , NHL , C  , 12.0,  3.0,   1.0,   4.0,   8.0, 2.0  ,  0.0,  0.0,  0.0,  0.0,  0.0, 0.0,  30.0,    6.0,   0.0,   4.0,     4.0,    14.0, -3.0   ,     0.0,     4.0,     0.0,     0.0,     0.0,    17.0
lindetr01, 2001,     1, WAS , NHL , C  , 16.0,  1.0,   2.0,   3.0,   6.0, -2.0 ,  1.0,  1.0,  0.0,  0.0,  0.0, 0.0,  19.0,       ,      ,      ,        ,        ,        ,        ,        ,        ,        ,        ,      
lindetr01, 2001,     2, VAN , NHL , C  , 64.0, 12.0,  22.0,  34.0,  65.0, -3.0 ,  2.0,  5.0,  0.0,  0.0,  2.0, 0.0, 122.0,    6.0,   1.0,   4.0,     5.0,     0.0, 1.0    ,     0.0,     0.0,     0.0,     0.0,     0.0,    10.0
lindetr01, 2002,     1, VAN , NHL , C  , 71.0, 19.0,  22.0,  41.0,  30.0, -1.0 ,  4.0,  8.0,  1.0,  1.0,  1.0, 0.0, 116.0,   14.0,   1.0,   2.0,     3.0,    10.0, -4.0   ,     0.0,     0.0,     1.0,     0.0,     0.0,    20.0
lindetr01, 2003,     1, VAN , NHL , C  , 82.0, 14.0,  22.0,  36.0,  26.0, -6.0 ,  4.0,  5.0,  0.0,  0.0,  1.0, 1.0,  97.0,    7.0,   0.0,   0.0,     0.0,     6.0, -3.0   ,     0.0,     0.0,     0.0,     0.0,     0.0,     4.0
lindetr01, 2005,     1, VAN , NHL , C  , 82.0,  7.0,   9.0,  16.0,  15.0, 3.0  ,  1.0,  0.0,  1.0,  1.0,  0.0,    ,  55.0,       ,      ,      ,        ,        ,        ,        ,        ,        ,        ,        ,      
lindetr01, 2006,     1, VAN , NHL , C  , 80.0, 12.0,  13.0,  25.0,  34.0, -6.0 ,  5.0,  2.0,  0.0,  0.0,  1.0,    ,  92.0,   12.0,   2.0,   5.0,     7.0,     6.0, 4.0    ,     1.0,     0.0,     0.0,     0.0,     2.0,    19.0
lindetr01, 2007,     1, VAN , NHL , C  , 59.0,  7.0,   5.0,  12.0,  15.0, 0.0  ,  0.0,  0.0,  2.0,  0.0,  1.0,    ,  45.0,       ,      ,      ,        ,        ,        ,        ,        ,        ,        ,        ,      
lindgla01, 1978,     1, VAN , NHL , D  , 64.0,  2.0,  19.0,  21.0,  68.0, -32.0,  1.0,     ,  0.0,     ,  0.0, 0.0, 109.0,    3.0,   0.0,   0.0,     0.0,     6.0,        ,     0.0,        ,     0.0,        ,     0.0,      
lindgla01, 1979,     1, VAN , NHL , D  , 73.0,  5.0,  30.0,  35.0,  66.0, -8.0 ,  2.0,     ,  0.0,     ,  0.0, 0.0, 181.0,    2.0,   0.0,   1.0,     1.0,     0.0,        ,     0.0,        ,     0.0,        ,     0.0,      
lindgla01, 1980,     1, VAN , NHL , D  , 52.0,  4.0,  18.0,  22.0,  32.0, 16.0 ,  1.0,     ,  0.0,     ,  0.0, 0.0,  76.0,       ,      ,      ,        ,        ,        ,        ,        ,        ,        ,        ,      
lindgla01, 1981,     1, VAN , NHL , D  , 75.0,  5.0,  16.0,  21.0,  74.0, 2.0  ,  0.0,     ,  0.0,     ,  1.0, 0.0,  95.0,   16.0,   2.0,   4.0,     6.0,     6.0,        ,     0.0,        ,     0.0,        ,     0.0,      
lindgla01, 1982,     1, VAN , NHL , D  , 64.0,  6.0,  14.0,  20.0,  48.0, 3.0  ,  1.0,     ,  0.0,     ,  1.0, 0.0,  72.0,    4.0,   1.0,   1.0,     2.0,     2.0,        ,     0.0,        ,     0.0,        ,     0.0,      
lindgla01, 1983,     1, VAN , NHL , D  ,  7.0,  1.0,   2.0,   3.0,   4.0, 0.0  ,  0.0,     ,  0.0,     ,  0.0, 0.0,   4.0,       ,      ,      ,        ,        ,        ,        ,        ,        ,        ,        ,      
lindgla01, 1983,     2, MNS , NHL , D  , 59.0,  2.0,  14.0,  16.0,  33.0, -3.0 ,  0.0,     ,  0.0,     ,  0.0, 1.0,  66.0,   15.0,   2.0,   0.0,     2.0,     6.0, 1.0    ,     0.0,        ,     0.0,        ,     0.0,    14.0
lindgma01, 1996,     1, EDM , NHL , C  , 69.0, 11.0,  14.0,  25.0,  12.0, -7.0 ,  2.0,  1.0,  3.0,  0.0,  1.0, 0.0,  71.0,   12.0,   0.0,   4.0,     4.0,     0.0, -2.0   ,     0.0,     0.0,     0.0,     0.0,     0.0,    22.0
lindgma01, 1997,     1, EDM , NHL , C  , 82.0, 13.0,  13.0,  26.0,  42.0, 0.0  ,  1.0,  3.0,  3.0,  1.0,  3.0, 0.0, 131.0,   12.0,   1.0,   1.0,     2.0,    10.0, 0.0    ,     0.0,     0.0,     0.0,     0.0,     0.0,    16.0
lindgma01, 1998,     1, EDM , NHL , C  , 48.0,  5.0,  12.0,  17.0,  22.0, 4.0  ,  0.0,  0.0,  1.0,  1.0,  0.0, 0.0,  53.0,       ,      ,      ,        ,        ,        ,        ,        ,        ,        ,        ,      
lindgma01, 1998,     2, NYI , NHL , C  , 12.0,  5.0,   3.0,   8.0,   2.0, 2.0  ,  3.0,  1.0,  0.0,  0.0,  1.0, 0.0,  30.0,       ,      ,      ,        ,        ,        ,        ,        ,        ,        ,        ,      
lindgma01, 1999,     1, NYI , NHL , C  , 43.0,  9.0,   7.0,  16.0,  24.0, 0.0  ,  1.0,  1.0,  0.0,  0.0,  1.0, 0.0,  68.0,       ,      ,      ,        ,        ,        ,        ,        ,        ,        ,        ,      
lindgma01, 2000,     1, NYI , NHL , C  , 20.0,  3.0,   4.0,   7.0,  10.0, 4.0  ,  0.0,  0.0,  2.0,  1.0,  0.0, 0.0,  34.0,       ,      ,      ,        ,        ,        ,        ,        ,        ,        ,        ,      
lindgma01, 2001,     1, NYI , NHL , L  , 59.0,  3.0,  12.0,  15.0,  16.0, 0.0  ,  0.0,  0.0,  0.0,  0.0,  1.0, 0.0,  35.0,       ,      ,      ,        ,        ,        ,        ,        ,        ,        ,        ,      
lindgma01, 2002,     1, VAN , NHL , C  , 54.0,  5.0,   9.0,  14.0,  18.0, -2.0 ,  0.0,  0.0,  2.0,  0.0,  1.0, 0.0,  51.0,       ,      ,      ,        ,        ,        ,        ,        ,        ,        ,        ,      
lindgpe01, 2009,     1, DAL , NHL , C  ,  1.0,  0.0,   0.0,   0.0,   0.0, 0.0  ,  0.0,  0.0,  0.0,  0.0,  0.0,    ,   0.0,       ,      ,      ,        ,        ,        ,        ,        ,        ,        ,        ,      
lindhma01, 1975,     1, WIJ , WHA , C  , 65.0, 19.0,  15.0,  34.0,  12.0, 7.0  ,  4.0,     ,  0.0,     ,  5.0,    ,  99.0,   13.0,   2.0,   2.0,     4.0,     4.0, -6.0   ,        ,        ,        ,        ,        ,      
lindhma01, 1976,     1, WIJ , WHA , C  , 73.0, 14.0,  17.0,  31.0,   2.0, -13.0,  1.0,     ,  2.0,     ,     ,    , 101.0,   20.0,   2.0,   7.0,     9.0,     2.0, 0.0    ,        ,        ,        ,        ,     1.0,      
lindhmi01, 1989,     1, LAK , NHL , C  , 18.0,  2.0,   2.0,   4.0,   2.0, 2.0  ,  0.0,  0.0,  0.0,  0.0,  0.0, 0.0,  10.0,       ,      ,      ,        ,        ,        ,        ,        ,        ,        ,        ,      
lindju01 , 1997,     1, DAL , NHL , L  , 39.0,  2.0,   3.0,   5.0,   6.0, 4.0  ,  0.0,  0.0,  0.0,  0.0,  0.0, 0.0,  27.0,   15.0,   2.0,   2.0,     4.0,     8.0, 4.0    ,     0.0,     0.0,     0.0,     0.0,     1.0,    15.0
lindju01 , 1999,     1, DAL , NHL , L  , 34.0,  3.0,   4.0,   7.0,   6.0, -1.0 ,  0.0,  0.0,  0.0,  0.0,  0.0, 0.0,  36.0,       ,      ,      ,        ,        ,        ,        ,        ,        ,        ,        ,      
lindju01 , 1999,     2, MTL , NHL , L  , 13.0,  1.0,   2.0,   3.0,   4.0, -2.0 ,  0.0,  0.0,  0.0,  0.0,  0.0, 0.0,   6.0,       ,      ,      ,        ,        ,        ,        ,        ,        ,        ,        ,      
lindju01 , 2000,     1, MTL , NHL , L  , 47.0,  3.0,   4.0,   7.0,   4.0, -4.0 ,  0.0,  0.0,  0.0,  0.0,  2.0, 0.0,  36.0,       ,      ,      ,        ,        ,        ,        ,        ,        ,        ,        ,      
lindqfr01, 1998,     1, EDM , NHL , C  ,  8.0,  0.0,   0.0,   0.0,   2.0, -2.0 ,  0.0,  0.0,  0.0,  0.0,  0.0, 0.0,   6.0,       ,      ,      ,        ,        ,        ,        ,        ,        ,        ,        ,      
lindrbr01, 1994,     1, NYI , NHL , R  , 33.0,  1.0,   3.0,   4.0, 100.0, -8.0 ,  0.0,  0.0,  0.0,  0.0,  1.0, 0.0,  35.0,       ,      ,      ,        ,        ,        ,        ,        ,        ,        ,        ,      
lindrbr01, 1995,     1, NYI , NHL , R  , 18.0,  1.0,   2.0,   3.0,  47.0, -6.0 ,  0.0,  0.0,  0.0,  0.0,  0.0, 0.0,  10.0,       ,      ,      ,        ,        ,        ,        ,        ,        ,        ,        ,      
lindrer01, 1992,     1, PHI , NHL , C  , 61.0, 41.0,  34.0,  75.0, 147.0, 28.0 ,  8.0, 10.0,  1.0,  0.0,  5.0, 1.0, 180.0,       ,      ,      ,        ,        ,        ,        ,        ,        ,        ,        ,      
lindrer01, 1993,     1, PHI , NHL , C  , 65.0, 44.0,  53.0,  97.0, 103.0, 16.0 , 13.0, 14.0,  2.0,  1.0,  9.0, 1.0, 197.0,       ,      ,      ,        ,        ,        ,        ,        ,        ,        ,        ,      
lindrer01, 1994,     1, PHI , NHL , C  , 46.0, 29.0,  41.0,  70.0,  60.0, 27.0 ,  7.0, 17.0,  0.0,  0.0,  4.0, 1.0, 144.0,   12.0,   4.0,  11.0,    15.0,    18.0, 7.0    ,     0.0,     4.0,     0.0,     0.0,     1.0,    28.0
lindrer01, 1995,     1, PHI , NHL , C  , 73.0, 47.0,  68.0, 115.0, 163.0, 26.0 , 15.0, 24.0,  0.0,  1.0,  4.0, 0.0, 294.0,   12.0,   6.0,   6.0,    12.0,    43.0, -1.0   ,     3.0,     3.0,     0.0,     0.0,     2.0,    46.0
lindrer01, 1996,     1, PHI , NHL , C  , 52.0, 32.0,  47.0,  79.0, 136.0, 31.0 ,  9.0, 14.0,  0.0,  0.0,  7.0, 2.0, 198.0,   19.0,  12.0,  14.0,    26.0,    40.0, 7.0    ,     4.0,     3.0,     0.0,     0.0,     1.0,    71.0
lindrer01, 1997,     1, PHI , NHL , C  , 63.0, 30.0,  41.0,  71.0, 134.0, 14.0 , 10.0, 14.0,  1.0,  0.0,  4.0, 0.0, 202.0,    5.0,   1.0,   2.0,     3.0,    17.0, -3.0   ,     0.0,     1.0,     0.0,     0.0,     0.0,    13.0
lindrer01, 1998,     1, PHI , NHL , C  , 71.0, 40.0,  53.0,  93.0, 120.0, 35.0 , 10.0, 17.0,  1.0,  0.0,  2.0, 3.0, 242.0,       ,      ,      ,        ,        ,        ,        ,        ,        ,        ,        ,      
lindrer01, 1999,     1, PHI , NHL , C  , 55.0, 27.0,  32.0,  59.0,  83.0, 11.0 , 10.0, 11.0,  1.0,  0.0,  2.0, 1.0, 187.0,    2.0,   1.0,   0.0,     1.0,     0.0, 0.0    ,     0.0,     0.0,     0.0,     0.0,     0.0,     3.0
lindrer01, 2001,     1, NYR , NHL , C  , 72.0, 37.0,  36.0,  73.0, 138.0, 19.0 , 12.0,  3.0,  1.0,  0.0,  4.0, 0.0, 196.0,       ,      ,      ,        ,        ,        ,        ,        ,        ,        ,        ,      
lindrer01, 2002,     1, NYR , NHL , C  , 81.0, 19.0,  34.0,  53.0, 141.0, 5.0  ,  9.0, 11.0,  0.0,  0.0,  3.0, 0.0, 235.0,       ,      ,      ,        ,        ,        ,        ,        ,        ,        ,        ,      
lindrer01, 2003,     1, NYR , NHL , C  , 39.0, 10.0,  22.0,  32.0,  60.0, 7.0  ,  3.0,  6.0,  0.0,  0.0,  0.0, 0.0,  83.0,       ,      ,      ,        ,        ,        ,        ,        ,        ,        ,        ,      
lindrer01, 2005,     1, TOR , NHL , C  , 33.0, 11.0,  11.0,  22.0,  43.0, -3.0 ,  4.0,  4.0,  0.0,  0.0,  2.0,    ,  59.0,       ,      ,      ,        ,        ,        ,        ,        ,        ,        ,        ,      
lindrer01, 2006,     1, DAL , NHL , R  , 49.0,  5.0,  21.0,  26.0,  70.0, -1.0 ,  1.0,  7.0,  0.0,  0.0,  0.0,    ,  95.0,    3.0,   0.0,   0.0,     0.0,     4.0, -2.0   ,     0.0,     0.0,     0.0,     0.0,     0.0,     3.0
lindsbe01, 1909,     1, REN , NHA , G  , 12.0,  0.0,   0.0,   0.0,   0.0,      ,     ,     ,     ,     ,     ,    ,      ,       ,      ,      ,        ,        ,        ,        ,        ,        ,        ,        ,      
lindsbe01, 1910,     1, REN , NHA , G  , 16.0,  0.0,   0.0,   0.0,   3.0,      ,     ,     ,     ,     ,     ,    ,      ,       ,      ,      ,        ,        ,        ,        ,        ,        ,        ,        ,      
lindsbe01, 1911,     1, VA1 , PCHA, G  , 16.0,  0.0,   0.0,   0.0,   0.0,      ,     ,     ,     ,     ,     ,    ,      ,       ,      ,      ,        ,        ,        ,        ,        ,        ,        ,        ,      
lindsbe01, 1912,     1, VA1 , PCHA, G  , 15.0,  0.0,   1.0,   1.0,   0.0,      ,     ,     ,     ,     ,     ,    ,      ,       ,      ,      ,        ,        ,        ,        ,        ,        ,        ,        ,      
lindsbe01, 1913,     1, VA1 , PCHA, G  , 16.0,  0.0,   0.0,   0.0,   0.0,      ,     ,     ,     ,     ,     ,    ,      ,       ,      ,      ,        ,        ,        ,        ,        ,        ,        ,        ,      
lindsbe01, 1914,     1, VA1 , PCHA, G  , 17.0,  0.0,   0.0,   0.0,   0.0,      ,     ,     ,     ,     ,     ,    ,      ,       ,      ,      ,        ,        ,        ,        ,        ,        ,        ,        ,      
lindsbe01, 1915,     1, MOW , NHA , G  , 23.0,  0.0,   0.0,   0.0,   0.0,      ,     ,     ,     ,     ,     ,    ,      ,       ,      ,      ,        ,        ,        ,        ,        ,        ,        ,        ,      
lindsbe01, 1916,     1, MOW , NHA , G  , 15.0,  0.0,   0.0,   0.0,   0.0,      ,     ,     ,     ,     ,     ,    ,      ,       ,      ,      ,        ,        ,        ,        ,        ,        ,        ,        ,      
lindsbe01, 1917,     1, MTW , NHL , G  ,  4.0,  0.0,   0.0,   0.0,   0.0,      ,     ,     ,     ,     ,  0.0,    ,      ,       ,      ,      ,        ,        ,        ,        ,        ,        ,        ,        ,      
lindsbe01, 1918,     1, TOA , NHL , G  , 16.0,  0.0,   0.0,   0.0,   0.0,      ,     ,     ,     ,     ,     ,    ,      ,       ,      ,      ,        ,        ,        ,        ,        ,        ,        ,        ,      
lindsbi01, 1991,     1, QUE , NHL , L  , 23.0,  2.0,   4.0,   6.0,  14.0, -6.0 ,  0.0,  0.0,  0.0,  0.0,  1.0, 0.0,  35.0,       ,      ,      ,        ,        ,        ,        ,        ,        ,        ,        ,      
lindsbi01, 1992,     1, QUE , NHL , L  , 44.0,  4.0,   9.0,  13.0,  16.0, 0.0  ,  0.0,  0.0,  0.0,  0.0,  0.0, 0.0,  58.0,       ,      ,      ,        ,        ,        ,        ,        ,        ,        ,        ,      
lindsbi01, 1993,     1, FLO , NHL , L  , 84.0,  6.0,   6.0,  12.0,  97.0, -2.0 ,  0.0,  0.0,  0.0,  0.0,  0.0, 0.0,  90.0,       ,      ,      ,        ,        ,        ,        ,        ,        ,        ,        ,      
lindsbi01, 1994,     1, FLO , NHL , L  , 48.0, 10.0,   9.0,  19.0,  46.0, 1.0  ,  0.0,  1.0,  1.0,  0.0,  0.0, 0.0,  63.0,       ,      ,      ,        ,        ,        ,        ,        ,        ,        ,        ,      
lindsbi01, 1995,     1, FLO , NHL , L  , 73.0, 12.0,  22.0,  34.0,  57.0, 13.0 ,  0.0,  0.0,  3.0,  3.0,  2.0, 0.0, 118.0,   22.0,   5.0,   5.0,    10.0,    18.0, 6.0    ,     0.0,     0.0,     1.0,     0.0,     1.0,    33.0
lindsbi01, 1996,     1, FLO , NHL , L  , 81.0, 11.0,  23.0,  34.0, 120.0, 1.0  ,  0.0,  0.0,  1.0,  3.0,  3.0, 0.0, 168.0,    3.0,   0.0,   1.0,     1.0,     8.0, 0.0    ,     0.0,     0.0,     0.0,     0.0,     0.0,     4.0
lindsbi01, 1997,     1, FLO , NHL , L  , 82.0, 12.0,  16.0,  28.0,  80.0, -2.0 ,  0.0,  0.0,  2.0,  1.0,  5.0, 0.0, 150.0,       ,      ,      ,        ,        ,        ,        ,        ,        ,        ,        ,      
lindsbi01, 1998,     1, FLO , NHL , L  , 75.0, 12.0,  15.0,  27.0,  92.0, -1.0 ,  0.0,  0.0,  1.0,  0.0,  2.0, 0.0, 135.0,       ,      ,      ,        ,        ,        ,        ,        ,        ,        ,        ,      
lindsbi01, 1999,     1, CAL , NHL , L  , 80.0,  8.0,  12.0,  20.0,  86.0, -7.0 ,  0.0,  1.0,  0.0,  2.0,  2.0, 0.0, 147.0,       ,      ,      ,        ,        ,        ,        ,        ,        ,        ,        ,      
lindsbi01, 2000,     1, CAL , NHL , L  , 52.0,  1.0,   9.0,  10.0,  97.0, -8.0 ,  0.0,  1.0,  0.0,  0.0,  0.0, 0.0,  57.0,       ,      ,      ,        ,        ,        ,        ,        ,        ,        ,        ,      
lindsbi01, 2000,     2, SJS , NHL , L  , 16.0,  0.0,   4.0,   4.0,  29.0, 2.0  ,  0.0,  0.0,  0.0,  0.0,  0.0, 0.0,  14.0,    6.0,   0.0,   0.0,     0.0,    16.0, 0.0    ,     0.0,     0.0,     0.0,     0.0,     0.0,     4.0
lindsbi01, 2001,     1, FLO , NHL , L  , 63.0,  4.0,   7.0,  11.0, 117.0, -11.0,  0.0,  0.0,  0.0,  0.0,  1.0, 0.0,  63.0,       ,      ,      ,        ,        ,        ,        ,        ,        ,        ,        ,      
lindsbi01, 2001,     2, MTL , NHL , L  , 13.0,  1.0,   3.0,   4.0,  23.0, 0.0  ,  0.0,  0.0,  0.0,  0.0,  0.0, 0.0,  14.0,   11.0,   2.0,   2.0,     4.0,     2.0, 1.0    ,     0.0,     0.0,     0.0,     0.0,     0.0,     3.0
lindsbi01, 2002,     1, MTL , NHL , L  , 19.0,  0.0,   2.0,   2.0,  23.0, -1.0 ,  0.0,  0.0,  0.0,  0.0,  0.0, 0.0,   7.0,       ,      ,      ,        ,        ,        ,        ,        ,        ,        ,        ,      
lindsbi01, 2003,     1, ATL , NHL , L  , 24.0,  0.0,   0.0,   0.0,  25.0, -6.0 ,  0.0,  0.0,  0.0,  0.0,  0.0, 0.0,  10.0,       ,      ,      ,        ,        ,        ,        ,        ,        ,        ,        ,      
lindsdo01, 1976,     1, CAC , WHA , L  ,  2.0,  0.0,   0.0,   0.0,   2.0, -1.0 ,  0.0,     ,  0.0,     ,  0.0,    ,   2.0,       ,      ,      ,        ,        ,        ,        ,        ,        ,        ,        ,      
lindsjo01, 2005,     1, CBS , NHL , L  ,  3.0,  0.0,   0.0,   0.0,   0.0, 0.0  ,  0.0,  0.0,  0.0,  0.0,  0.0,    ,   4.0,       ,      ,      ,        ,        ,        ,        ,        ,        ,        ,        ,      
lindsjo01, 2006,     1, CBS , NHL , C  ,  9.0,  1.0,   0.0,   1.0,   4.0, -3.0 ,  0.0,  0.0,  0.0,  0.0,  0.0,    ,   9.0,       ,      ,      ,        ,        ,        ,        ,        ,        ,        ,        ,      
lindsjo01, 2007,     1, CBS , NHL , C  , 25.0,  3.0,   4.0,   7.0,  14.0, 0.0  ,  2.0,  2.0,  0.0,  0.0,  1.0,    ,  25.0,       ,      ,      ,        ,        ,        ,        ,        ,        ,        ,        ,      
lindsjo01, 2008,     1, PHO , NHL , C  , 44.0,  9.0,  11.0,  20.0,  28.0, -6.0 ,  3.0,  6.0,  0.0,  0.0,  2.0,    ,  77.0,       ,      ,      ,        ,        ,        ,        ,        ,        ,        ,        ,      
lindste01, 1944,     1, DET , NHL , L  , 45.0, 17.0,   6.0,  23.0,  43.0,      ,     ,     ,     ,     ,     ,    ,      ,   14.0,   2.0,   0.0,     2.0,     6.0,        ,        ,        ,        ,        ,        ,      
lindste01, 1945,     1, DET , NHL , L  , 47.0,  7.0,  10.0,  17.0,  14.0,      ,     ,     ,     ,     ,     ,    ,      ,    5.0,   0.0,   1.0,     1.0,     0.0,        ,        ,        ,        ,        ,        ,      
lindste01, 1946,     1, DET , NHL , L  , 59.0, 27.0,  15.0,  42.0,  57.0,      ,     ,     ,     ,     ,     ,    ,      ,    5.0,   2.0,   2.0,     4.0,    10.0,        ,        ,        ,        ,        ,        ,      
lindste01, 1947,     1, DET , NHL , L  , 60.0, 33.0,  19.0,  52.0,  95.0,      ,     ,     ,     ,     ,     ,    ,      ,   10.0,   3.0,   1.0,     4.0,     6.0,        ,        ,        ,        ,        ,        ,      
lindste01, 1948,     1, DET , NHL , L  , 50.0, 26.0,  28.0,  54.0,  97.0,      ,     ,     ,     ,     ,     ,    ,      ,   11.0,   2.0,   6.0,     8.0,    31.0,        ,        ,        ,        ,        ,        ,      
lindste01, 1949,     1, DET , NHL , L  , 69.0, 23.0,  55.0,  78.0, 141.0,      ,     ,     ,     ,     ,     ,    ,      ,   13.0,   4.0,   4.0,     8.0,    16.0,        ,        ,        ,        ,        ,        ,      
lindste01, 1950,     1, DET , NHL , L  , 67.0, 24.0,  35.0,  59.0, 110.0,      ,     ,     ,     ,     ,     ,    ,      ,    6.0,   0.0,   1.0,     1.0,     8.0,        ,        ,        ,        ,        ,        ,      
lindste01, 1951,     1, DET , NHL , L  , 70.0, 30.0,  39.0,  69.0, 123.0,      ,     ,     ,     ,     ,     ,    ,      ,    8.0,   5.0,   2.0,     7.0,     8.0,        ,        ,        ,        ,        ,        ,      
lindste01, 1952,     1, DET , NHL , L  , 70.0, 32.0,  39.0,  71.0, 111.0,      ,     ,     ,     ,     ,     ,    ,      ,    6.0,   4.0,   4.0,     8.0,     6.0,        ,        ,        ,        ,        ,        ,      
lindste01, 1953,     1, DET , NHL , L  , 70.0, 26.0,  36.0,  62.0, 110.0,      ,     ,     ,     ,     ,     ,    ,      ,   12.0,   4.0,   4.0,     8.0,    14.0,        ,        ,        ,        ,        ,        ,      
lindste01, 1954,     1, DET , NHL , L  , 49.0, 19.0,  19.0,  38.0,  85.0,      ,     ,     ,     ,     ,     ,    ,      ,   11.0,   7.0,  12.0,    19.0,    12.0,        ,        ,        ,        ,        ,        ,      
lindste01, 1955,     1, DET , NHL , L  , 67.0, 27.0,  23.0,  50.0, 161.0,      ,     ,     ,     ,     ,     ,    ,      ,   10.0,   6.0,   3.0,     9.0,    22.0,        ,        ,        ,        ,        ,        ,      
lindste01, 1956,     1, DET , NHL , L  , 70.0, 30.0,  55.0,  85.0, 103.0,      ,     ,     ,     ,     ,     ,    ,      ,    5.0,   2.0,   4.0,     6.0,     8.0,        ,        ,        ,        ,        ,        ,      
lindste01, 1957,     1, CHI , NHL , L  , 68.0, 15.0,  24.0,  39.0, 110.0,      ,     ,     ,     ,     ,     ,    ,      ,       ,      ,      ,        ,        ,        ,        ,        ,        ,        ,        ,      
lindste01, 1958,     1, CHI , NHL , L  , 70.0, 22.0,  36.0,  58.0, 184.0,      ,     ,     ,     ,     ,     ,    ,      ,    6.0,   2.0,   4.0,     6.0,    13.0,        ,        ,        ,        ,        ,        ,      
lindste01, 1959,     1, CHI , NHL , L  , 68.0,  7.0,  19.0,  26.0,  91.0,      ,     ,     ,     ,     ,     ,    ,      ,    4.0,   1.0,   1.0,     2.0,     0.0,        ,        ,        ,        ,        ,        ,      
lindste01, 1964,     1, DET , NHL , L  , 69.0, 14.0,  14.0,  28.0, 173.0,      ,  1.0,     ,  0.0,     ,  1.0, 0.0,      ,    7.0,   3.0,   0.0,     3.0,    34.0,        ,        ,        ,        ,        ,     0.0,      
lindswi01, 1975,     1, WIJ , WHA , L  , 81.0, 23.0,  36.0,  59.0,  32.0, 4.0  ,  5.0,     ,  1.0,     ,  4.0,    , 151.0,   13.0,   4.0,   7.0,    11.0,     2.0, 9.0    ,        ,        ,        ,        ,        ,      
lindswi01, 1976,     1, WIJ , WHA , L  , 79.0, 44.0,  36.0,  80.0,  37.0, -2.0 , 11.0,     ,  0.0,     ,  6.0,    , 235.0,   20.0,   9.0,   6.0,    15.0,    22.0, 5.0    ,        ,        ,        ,        ,     1.0,      
lindswi01, 1977,     1, WIJ , WHA , R  , 77.0, 30.0,  30.0,  60.0,  42.0, 4.0  ,  7.0,     ,  0.0,     ,     ,    , 151.0,    8.0,   3.0,   4.0,     7.0,    17.0, 3.0    ,        ,        ,        ,        ,     0.0,      
lindswi01, 1978,     1, WIJ , WHA , R  , 79.0, 26.0,  36.0,  62.0,  22.0, 7.0  , 11.0,     ,  0.0,     ,     ,    , 206.0,   10.0,  10.0,   5.0,    15.0,     9.0, 7.0    ,        ,        ,        ,        ,     1.0,      
lindswi01, 1979,     1, WIN , NHL , R  , 79.0, 23.0,  26.0,  49.0,  20.0, -19.0,  5.0,     ,  0.0,     ,  4.0, 0.0, 243.0,       ,      ,      ,        ,        ,        ,        ,        ,        ,        ,        ,      
lindswi01, 1980,     1, WIN , NHL , R  , 72.0, 22.0,  13.0,  35.0,  45.0, -28.0,  7.0,     ,  0.0,     ,  1.0, 0.0, 163.0,       ,      ,      ,        ,        ,        ,        ,        ,        ,        ,        ,      
lindswi01, 1981,     1, WIN , NHL , R  , 74.0, 32.0,  27.0,  59.0,  33.0, 11.0 ,  5.0,     ,  0.0,     ,  5.0, 0.0, 236.0,    4.0,   2.0,   1.0,     3.0,     2.0,        ,     0.0,        ,     0.0,        ,     0.0,      
lindswi01, 1982,     1, WIN , NHL , R  , 63.0, 20.0,  25.0,  45.0,   8.0, -5.0 ,  5.0,     ,  0.0,     ,  3.0, 1.0, 204.0,       ,      ,      ,        ,        ,        ,        ,        ,        ,        ,        ,      
lindswi01, 1982,     2, EDM , NHL , R  , 10.0,  6.0,   5.0,  11.0,   2.0, 5.0  ,  0.0,     ,  0.0,     ,  0.0, 0.0,  21.0,   16.0,   2.0,  11.0,    13.0,     4.0,        ,     1.0,        ,     0.0,        ,     0.0,      
lindswi01, 1983,     1, EDM , NHL , R  , 73.0, 22.0,  16.0,  38.0,  38.0, 17.0 ,  2.0,     ,  0.0,     ,  3.0, 1.0, 116.0,   19.0,   5.0,   5.0,    10.0,    10.0, 7.0    ,     3.0,        ,     0.0,        ,     0.0,    30.0
lindswi01, 1984,     1, EDM , NHL , L  , 80.0, 12.0,  20.0,  32.0,  18.0, 5.0  ,  1.0,     ,  0.0,     ,  1.0, 0.0,  98.0,   18.0,   5.0,   1.0,     6.0,     8.0, 4.0    ,     0.0,        ,     0.0,        ,     1.0,    20.0
lindswi01, 1985,     1, PIT , NHL , R  , 71.0, 14.0,  17.0,  31.0,  30.0, 0.0  ,  0.0,     ,  0.0,     ,  1.0, 0.0,  87.0,       ,      ,      ,        ,        ,        ,        ,        ,        ,        ,        ,      
lindswi01, 1986,     1, PIT , NHL , R  , 60.0, 10.0,  13.0,  23.0,   6.0, 9.0  ,  1.0,     ,  0.0,     ,  1.0, 0.0,  93.0,       ,      ,      ,        ,        ,        ,        ,        ,        ,        ,        ,      
lingda01 , 1996,     1, MTL , NHL , R  ,  2.0,  0.0,   0.0,   0.0,   0.0, 0.0  ,  0.0,  0.0,  0.0,  0.0,  0.0, 0.0,   0.0,       ,      ,      ,        ,        ,        ,        ,        ,        ,        ,        ,      
lingda01 , 1997,     1, MTL , NHL , R  ,  1.0,  0.0,   0.0,   0.0,   0.0, -1.0 ,  0.0,  0.0,  0.0,  0.0,  0.0, 0.0,   1.0,       ,      ,      ,        ,        ,        ,        ,        ,        ,        ,        ,      
lingda01 , 2001,     1, CBS , NHL , R  ,  5.0,  0.0,   0.0,   0.0,   7.0, -1.0 ,  0.0,  0.0,  0.0,  0.0,  0.0, 0.0,   5.0,       ,      ,      ,        ,        ,        ,        ,        ,        ,        ,        ,      
lingda01 , 2002,     1, CBS , NHL , R  , 35.0,  3.0,   2.0,   5.0,  86.0, -6.0 ,  0.0,  0.0,  0.0,  0.0,  0.0, 0.0,  37.0,       ,      ,      ,        ,        ,        ,        ,        ,        ,        ,        ,      
lingda01 , 2003,     1, CBS , NHL , R  , 50.0,  1.0,   2.0,   3.0,  98.0, -3.0 ,  0.0,  0.0,  0.0,  0.0,  0.0, 0.0,  45.0,       ,      ,      ,        ,        ,        ,        ,        ,        ,        ,        ,      
linglch01, 2009,     1, EDM , NHL , L  ,  5.0,  0.0,   0.0,   0.0,   2.0, -5.0 ,  0.0,  0.0,  0.0,  0.0,  0.0,    ,   7.0,       ,      ,      ,        ,        ,        ,        ,        ,        ,        ,        ,      
linseke01, 1977,     1, BIR , WHA , C  , 71.0, 38.0,  38.0,  76.0, 126.0, 6.0  ,  5.0,     ,  4.0,     ,     ,    , 216.0,    5.0,   2.0,   2.0,     4.0,    15.0, 1.0    ,        ,        ,        ,        ,     0.0,      
linseke01, 1978,     1, PHI , NHL , C  , 30.0,  5.0,  20.0,  25.0,  23.0, 16.0 ,  1.0,     ,  0.0,     ,  1.0, 0.0,  57.0,    8.0,   2.0,   6.0,     8.0,    22.0,        ,     0.0,        ,     0.0,        ,     1.0,      
linseke01, 1979,     1, PHI , NHL , C  , 80.0, 22.0,  57.0,  79.0, 107.0, 26.0 ,  2.0,     ,  0.0,     ,  4.0, 2.0, 168.0,   17.0,   4.0,  18.0,    22.0,    40.0,        ,     0.0,        ,     0.0,        ,     1.0,      
linseke01, 1980,     1, PHI , NHL , C  , 51.0, 17.0,  30.0,  47.0, 150.0, 9.0  ,  1.0,     ,  1.0,     ,  1.0, 1.0, 126.0,   12.0,   4.0,  16.0,    20.0,    67.0,        ,     0.0,        ,     0.0,        ,     3.0,      
linseke01, 1981,     1, PHI , NHL , C  , 79.0, 24.0,  68.0,  92.0, 275.0, 6.0  ,  2.0,     ,  3.0,     ,  0.0, 0.0, 212.0,    4.0,   1.0,   2.0,     3.0,     6.0,        ,     1.0,        ,     0.0,        ,     0.0,      
linseke01, 1982,     1, EDM , NHL , C  , 72.0, 33.0,  42.0,  75.0, 181.0, 16.0 , 10.0,     ,  4.0,     ,  3.0, 0.0, 141.0,   16.0,   6.0,   8.0,    14.0,    22.0,        ,     1.0,        ,     0.0,        ,     1.0,      
linseke01, 1983,     1, EDM , NHL , C  , 72.0, 18.0,  49.0,  67.0, 119.0, 30.0 ,  5.0,     ,  1.0,     ,  2.0, 0.0, 105.0,   19.0,  10.0,   4.0,    14.0,    65.0, 5.0    ,     3.0,        ,     1.0,        ,     4.0,    44.0
linseke01, 1984,     1, BOS , NHL , C  , 74.0, 25.0,  49.0,  74.0, 126.0, 22.0 ,  5.0,     ,  1.0,     ,  5.0, 0.0, 162.0,    5.0,   4.0,   6.0,    10.0,     8.0, 6.0    ,     0.0,        ,     0.0,        ,     1.0,    12.0
linseke01, 1985,     1, BOS , NHL , C  , 64.0, 23.0,  58.0,  81.0,  97.0, 15.0 ,  8.0,     ,  0.0,     ,  3.0, 0.0, 132.0,    3.0,   0.0,   1.0,     1.0,    17.0, 0.0    ,     0.0,        ,     0.0,        ,     0.0,     5.0
linseke01, 1986,     1, BOS , NHL , C  , 64.0, 15.0,  34.0,  49.0, 126.0, 15.0 ,  3.0,     ,  0.0,     ,  3.0, 0.0,  94.0,    4.0,   1.0,   1.0,     2.0,    22.0, -2.0   ,     0.0,        ,     0.0,        ,     0.0,     5.0
linseke01, 1987,     1, BOS , NHL , C  , 77.0, 29.0,  45.0,  74.0, 167.0, 36.0 ,  7.0, 12.0,  0.0,  2.0,  5.0, 0.0, 150.0,   23.0,  11.0,  14.0,    25.0,    56.0, 4.0    ,     4.0,     3.0,     1.0,     2.0,     0.0,    45.0
linseke01, 1988,     1, BOS , NHL , C  , 78.0, 27.0,  45.0,  72.0, 164.0, 15.0 , 13.0, 19.0,  1.0,  3.0,  2.0, 1.0, 159.0,       ,      ,      ,        ,        ,        ,        ,        ,        ,        ,        ,      
linseke01, 1989,     1, BOS , NHL , C  , 32.0,  6.0,  16.0,  22.0,  66.0, 12.0 ,  1.0,     ,  0.0,  0.0,  0.0, 0.0,  47.0,       ,      ,      ,        ,        ,        ,        ,        ,        ,        ,        ,      
linseke01, 1989,     2, PHI , NHL , C  , 29.0,  5.0,   9.0,  14.0,  30.0, -7.0 ,  1.0,     ,  0.0,  0.0,  0.0, 0.0,  32.0,       ,      ,      ,        ,        ,        ,        ,        ,        ,        ,        ,      
linseke01, 1990,     1, EDM , NHL , C  , 56.0,  7.0,  29.0,  36.0,  94.0, 15.0 ,  2.0,  1.0,  1.0,  0.0,  0.0, 0.0,  49.0,    2.0,   0.0,   1.0,     1.0,     0.0, 1.0    ,     0.0,     0.0,     0.0,     0.0,     0.0,     1.0
linseke01, 1991,     1, TOR , NHL , C  ,  2.0,  0.0,   0.0,   0.0,   2.0, -2.0 ,  0.0,  0.0,  0.0,  0.0,  0.0, 0.0,   0.0,       ,      ,      ,        ,        ,        ,        ,        ,        ,        ,        ,      
lintnri01, 1999,     1, NAS , NHL , D  , 33.0,  1.0,   5.0,   6.0,  22.0, -6.0 ,  0.0,  2.0,  0.0,  0.0,  0.0, 0.0,  58.0,       ,      ,      ,        ,        ,        ,        ,        ,        ,        ,        ,      
lintnri01, 2000,     1, NAS , NHL , D  , 50.0,  3.0,   5.0,   8.0,  22.0, 2.0  ,  1.0,  0.0,  0.0,  0.0,  0.0, 0.0,  81.0,       ,      ,      ,        ,        ,        ,        ,        ,        ,        ,        ,      
lintnri01, 2002,     1, NYR , NHL , D  , 10.0,  1.0,   0.0,   1.0,   0.0, -5.0 ,  1.0,  0.0,  0.0,  0.0,  0.0, 1.0,   9.0,       ,      ,      ,        ,        ,        ,        ,        ,        ,        ,        ,      
lintnri01, 2002,     2, PIT , NHL , D  , 19.0,  3.0,   2.0,   5.0,  10.0, -9.0 ,  1.0,  1.0,  0.0,  0.0,  0.0, 0.0,  36.0,       ,      ,      ,        ,        ,        ,        ,        ,        ,        ,        ,      
lipumch01, 1992,     1, TBL , NHL , D  , 15.0,  0.0,   5.0,   5.0,  34.0, 1.0  ,  0.0,  0.0,  0.0,  0.0,  0.0, 0.0,  17.0,       ,      ,      ,        ,        ,        ,        ,        ,        ,        ,        ,      
lipumch01, 1993,     1, TBL , NHL , D  , 27.0,  0.0,   4.0,   4.0,  77.0, 1.0  ,  0.0,  0.0,  0.0,  0.0,  0.0, 0.0,  20.0,       ,      ,      ,        ,        ,        ,        ,        ,        ,        ,        ,      
lipumch01, 1994,     1, TBL , NHL , D  ,  1.0,  0.0,   0.0,   0.0,   0.0, 2.0  ,  0.0,  0.0,  0.0,  0.0,  0.0, 0.0,   1.0,       ,      ,      ,        ,        ,        ,        ,        ,        ,        ,        ,      
lipumch01, 1995,     1, TBL , NHL , D  , 21.0,  0.0,   0.0,   0.0,  13.0, -7.0 ,  0.0,  0.0,  0.0,  0.0,  0.0, 0.0,   8.0,       ,      ,      ,        ,        ,        ,        ,        ,        ,        ,        ,      
lipumch01, 1996,     1, SJS , NHL , D  ,  8.0,  0.0,   0.0,   0.0,  22.0, -2.0 ,  0.0,  0.0,  0.0,  0.0,  0.0, 0.0,   4.0,       ,      ,      ,        ,        ,        ,        ,        ,        ,        ,        ,      
liscoca01, 1937,     1, DET , NHL , L  , 41.0, 14.0,  10.0,  24.0,  30.0,      ,     ,     ,     ,     ,     ,    ,      ,       ,      ,      ,        ,        ,        ,        ,        ,        ,        ,        ,      
liscoca01, 1938,     1, DET , NHL , L  , 41.0,  8.0,  18.0,  26.0,  13.0,      ,     ,     ,     ,     ,     ,    ,      ,    6.0,   0.0,   0.0,     0.0,     2.0,        ,        ,        ,        ,        ,        ,      
liscoca01, 1939,     1, DET , NHL , L  , 25.0,  2.0,   7.0,   9.0,   4.0,      ,     ,     ,     ,     ,     ,    ,      ,       ,      ,      ,        ,        ,        ,        ,        ,        ,        ,        ,      
liscoca01, 1940,     1, DET , NHL , L  , 33.0, 10.0,  10.0,  20.0,   0.0,      ,     ,     ,     ,     ,     ,    ,      ,    8.0,   4.0,   3.0,     7.0,    12.0,        ,        ,        ,        ,        ,        ,      
liscoca01, 1941,     1, DET , NHL , L  , 47.0, 13.0,  17.0,  30.0,  14.0,      ,     ,     ,     ,     ,     ,    ,      ,   12.0,   6.0,   7.0,    13.0,     2.0,        ,        ,        ,        ,        ,        ,      
liscoca01, 1942,     1, DET , NHL , L  , 50.0, 19.0,  23.0,  42.0,  19.0,      ,     ,     ,     ,     ,     ,    ,      ,   10.0,   6.0,   8.0,    14.0,     2.0,        ,        ,        ,        ,        ,        ,      
liscoca01, 1943,     1, DET , NHL , L  , 50.0, 36.0,  37.0,  73.0,  17.0,      ,     ,     ,     ,     ,     ,    ,      ,    5.0,   1.0,   0.0,     1.0,     2.0,        ,        ,        ,        ,        ,        ,      
liscoca01, 1944,     1, DET , NHL , C  , 42.0, 23.0,   9.0,  32.0,  18.0,      ,     ,     ,     ,     ,     ,    ,      ,   14.0,   4.0,   2.0,     6.0,     0.0,        ,        ,        ,        ,        ,        ,      
liscoca01, 1945,     1, DET , NHL , L  , 44.0, 12.0,   9.0,  21.0,   2.0,      ,     ,     ,     ,     ,     ,    ,      ,    4.0,   1.0,   0.0,     1.0,     0.0,        ,        ,        ,        ,        ,        ,      
lisinen01, 2006,     1, PHO , NHL , R  , 17.0,  1.0,   1.0,   2.0,  16.0, -18.0,  1.0,  0.0,  0.0,  0.0,  0.0,    ,  35.0,       ,      ,      ,        ,        ,        ,        ,        ,        ,        ,        ,      
lisinen01, 2007,     1, PHO , NHL , R  , 13.0,  4.0,   1.0,   5.0,   6.0, -5.0 ,  1.0,  1.0,  0.0,  0.0,  0.0,    ,  27.0,       ,      ,      ,        ,        ,        ,        ,        ,        ,        ,        ,      
lisinen01, 2008,     1, PHO , NHL , R  , 48.0, 13.0,   8.0,  21.0,  24.0, -13.0,  1.0,  1.0,  0.0,  0.0,  2.0,    , 105.0,       ,      ,      ,        ,        ,        ,        ,        ,        ,        ,        ,      
lisinen01, 2009,     1, NYR , NHL , R  , 57.0,  6.0,   8.0,  14.0,  18.0, -1.0 ,  0.0,  1.0,  0.0,  0.0,  0.0,    ,  91.0,       ,      ,      ,        ,        ,        ,        ,        ,        ,        ,        ,      
littlbr01, 2007,     1, ATL , NHL , C  , 48.0,  6.0,  10.0,  16.0,  18.0, -2.0 ,  2.0,  0.0,  0.0,  0.0,  1.0,    ,  76.0,       ,      ,      ,        ,        ,        ,        ,        ,        ,        ,        ,      
littlbr01, 2008,     1, ATL , NHL , R  , 79.0, 31.0,  20.0,  51.0,  24.0, -5.0 , 12.0,  8.0,  0.0,  0.0,  4.0,    , 172.0,       ,      ,      ,        ,        ,        ,        ,        ,        ,        ,        ,      
littlbr01, 2009,     1, ATL , NHL , C  , 79.0, 13.0,  21.0,  34.0,  20.0, -6.0 ,  3.0,  3.0,  0.0,  0.0,  1.0,    , 165.0,       ,      ,      ,        ,        ,        ,        ,        ,        ,        ,        ,      
littlne01, 2001,     1, PHI , NHL , G  ,  1.0,  0.0,   0.0,   0.0,  10.0, 0.0  ,  0.0,  0.0,  0.0,  0.0,  0.0, 0.0,   0.0,       ,      ,      ,        ,        ,        ,        ,        ,        ,        ,        ,      
littlne01, 2003,     1, PHI , NHL , G  ,  1.0,  0.0,   0.0,   0.0,   0.0, 0.0  ,  0.0,  0.0,  0.0,  0.0,  0.0, 0.0,   0.0,       ,      ,      ,        ,        ,        ,        ,        ,        ,        ,        ,      
littmda01, 1990,     1, BUF , NHL , G  ,  1.0,  0.0,   0.0,   0.0,   0.0, 0.0  ,  0.0,  0.0,  0.0,  0.0,  0.0, 0.0,   0.0,       ,      ,      ,        ,        ,        ,        ,        ,        ,        ,        ,      
littmda01, 1991,     1, BUF , NHL , G  ,  1.0,  0.0,   0.0,   0.0,   0.0, 0.0  ,  0.0,  0.0,  0.0,  0.0,  0.0, 0.0,   0.0,       ,      ,      ,        ,        ,        ,        ,        ,        ,        ,        ,      
littmda01, 1992,     1, TBL , NHL , G  ,  1.0,  0.0,   0.0,   0.0,   0.0, 0.0  ,  0.0,  0.0,  0.0,  0.0,  0.0, 0.0,   0.0,       ,      ,      ,        ,        ,        ,        ,        ,        ,        ,        ,      
litzeed01, 1952,     1, MTL , NHL , C  ,  2.0,  1.0,   0.0,   1.0,   2.0,      ,     ,     ,     ,     ,     ,    ,      ,       ,      ,      ,        ,        ,        ,        ,        ,        ,        ,        ,      
litzeed01, 1953,     1, MTL , NHL , C  ,  3.0,  0.0,   0.0,   0.0,   0.0,      ,     ,     ,     ,     ,     ,    ,      ,       ,      ,      ,        ,        ,        ,        ,        ,        ,        ,        ,      
litzeed01, 1954,     1, MTL , NHL , R  , 29.0,  7.0,   4.0,  11.0,  12.0,      ,     ,     ,     ,     ,     ,    ,      ,       ,      ,      ,        ,        ,        ,        ,        ,        ,        ,        ,      
litzeed01, 1954,     2, CHI , NHL , R  , 44.0, 16.0,  24.0,  40.0,  28.0,      ,     ,     ,     ,     ,     ,    ,      ,       ,      ,      ,        ,        ,        ,        ,        ,        ,        ,        ,      
litzeed01, 1955,     1, CHI , NHL , R  , 70.0, 10.0,  29.0,  39.0,  36.0,      ,     ,     ,     ,     ,     ,    ,      ,       ,      ,      ,        ,        ,        ,        ,        ,        ,        ,        ,      
litzeed01, 1956,     1, CHI , NHL , R  , 70.0, 32.0,  32.0,  64.0,  48.0,      ,     ,     ,     ,     ,     ,    ,      ,       ,      ,      ,        ,        ,        ,        ,        ,        ,        ,        ,      
litzeed01, 1957,     1, CHI , NHL , C  , 70.0, 32.0,  30.0,  62.0,  63.0,      ,     ,     ,     ,     ,     ,    ,      ,       ,      ,      ,        ,        ,        ,        ,        ,        ,        ,        ,      
litzeed01, 1958,     1, CHI , NHL , R  , 70.0, 33.0,  44.0,  77.0,  37.0,      ,     ,     ,     ,     ,     ,    ,      ,    6.0,   3.0,   5.0,     8.0,     8.0,        ,        ,        ,        ,        ,        ,      
litzeed01, 1959,     1, CHI , NHL , R  , 52.0, 12.0,  18.0,  30.0,  15.0,      ,     ,     ,     ,     ,     ,    ,      ,    4.0,   0.0,   1.0,     1.0,     4.0,        ,        ,        ,        ,        ,        ,      
litzeed01, 1960,     1, CHI , NHL , R  , 62.0, 10.0,  22.0,  32.0,  14.0,      ,     ,     ,     ,     ,     ,    ,      ,   10.0,   1.0,   3.0,     4.0,     2.0,        ,        ,        ,        ,        ,     1.0,      
litzeed01, 1961,     1, DET , NHL , R  , 32.0,  8.0,  12.0,  20.0,   4.0,      ,     ,     ,     ,     ,     ,    ,      ,       ,      ,      ,        ,        ,        ,        ,        ,        ,        ,        ,      
litzeed01, 1961,     2, TOR , NHL , R  , 37.0, 10.0,  10.0,  20.0,  14.0,      ,     ,     ,     ,     ,     ,    ,      ,   10.0,   0.0,   2.0,     2.0,     4.0,        ,        ,        ,        ,        ,     0.0,      
litzeed01, 1962,     1, TOR , NHL , R  , 58.0,  5.0,  13.0,  18.0,  10.0,      ,     ,     ,     ,     ,     ,    ,      ,    9.0,   1.0,   2.0,     3.0,     6.0,        ,        ,        ,        ,        ,     0.0,      
litzeed01, 1963,     1, TOR , NHL , R  , 19.0,  2.0,   0.0,   2.0,   0.0,      ,  0.0,     ,  0.0,     ,  0.0, 0.0,      ,    1.0,   0.0,   0.0,     0.0,    10.0,        ,        ,        ,        ,        ,     0.0,      
liutmi01 , 1977,     1, CIN , WHA , G  , 27.0,  0.0,   1.0,   1.0,   0.0, 0.0  ,  0.0,     ,  0.0,     ,     ,    ,   0.0,       ,      ,      ,        ,        ,        ,        ,        ,        ,        ,        ,      
liutmi01 , 1978,     1, CIN , WHA , G  , 54.0,  0.0,   2.0,   2.0,   9.0, 0.0  ,  0.0,     ,  0.0,     ,     ,    ,   0.0,    3.0,   0.0,   0.0,     0.0,     0.0, 0.0    ,        ,        ,        ,        ,     0.0,      
liutmi01 , 1979,     1, STL , NHL , G  , 64.0,  0.0,   0.0,   0.0,   2.0, 0.0  ,  0.0,     ,  0.0,     ,  0.0, 0.0,   0.0,    3.0,   0.0,   0.0,     0.0,     0.0,        ,     0.0,        ,     0.0,        ,     0.0,      
liutmi01 , 1980,     1, STL , NHL , G  , 61.0,  0.0,   0.0,   0.0,   0.0, 0.0  ,  0.0,     ,  0.0,     ,  0.0, 0.0,   0.0,   11.0,   0.0,   0.0,     0.0,     0.0,        ,     0.0,        ,     0.0,        ,     0.0,      
liutmi01 , 1981,     1, STL , NHL , G  , 64.0,  0.0,   2.0,   2.0,   2.0, 0.0  ,  0.0,     ,  0.0,     ,  0.0, 0.0,   0.0,   10.0,   0.0,   0.0,     0.0,     0.0,        ,     0.0,        ,     0.0,        ,     0.0,      
liutmi01 , 1982,     1, STL , NHL , G  , 68.0,  0.0,   0.0,   0.0,   2.0, 0.0  ,  0.0,     ,  0.0,     ,  0.0, 0.0,   0.0,    4.0,   0.0,   0.0,     0.0,     0.0,        ,     0.0,        ,     0.0,        ,     0.0,      
liutmi01 , 1983,     1, STL , NHL , G  , 58.0,  0.0,   4.0,   4.0,   0.0, 0.0  ,  0.0,     ,  0.0,     ,  0.0, 0.0,   0.0,   11.0,   0.0,   0.0,     0.0,     0.0, 0.0    ,     0.0,        ,     0.0,        ,     0.0,     0.0
liutmi01 , 1984,     1, STL , NHL , G  , 32.0,  0.0,   1.0,   1.0,   4.0, 0.0  ,  0.0,     ,  0.0,     ,  0.0, 0.0,   0.0,       ,      ,      ,        ,        ,        ,        ,        ,        ,        ,        ,      
liutmi01 , 1984,     2, HAR , NHL , G  , 13.0,  0.0,   0.0,   0.0,   2.0, 0.0  ,  0.0,     ,  0.0,     ,  0.0, 0.0,   0.0,       ,      ,      ,        ,        ,        ,        ,        ,        ,        ,        ,      
liutmi01 , 1985,     1, HAR , NHL , G  , 57.0,  0.0,   2.0,   2.0,   0.0, 0.0  ,  0.0,     ,  0.0,     ,  0.0, 0.0,   0.0,    8.0,   0.0,   0.0,     0.0,     0.0, 0.0    ,     0.0,        ,     0.0,        ,     0.0,     0.0
liutmi01 , 1986,     1, HAR , NHL , G  , 59.0,  0.0,   2.0,   2.0,   4.0, 0.0  ,  0.0,     ,  0.0,     ,  0.0, 0.0,   0.0,    6.0,   0.0,   0.0,     0.0,     2.0, 0.0    ,     0.0,        ,     0.0,        ,     0.0,     0.0
liutmi01 , 1987,     1, HAR , NHL , G  , 60.0,  0.0,   1.0,   1.0,   4.0, 0.0  ,  0.0,     ,  0.0,     ,  0.0, 0.0,   0.0,    3.0,   0.0,   0.0,     0.0,     0.0, 0.0    ,     0.0,     0.0,     0.0,     0.0,     0.0,     0.0
liutmi01 , 1988,     1, HAR , NHL , G  , 35.0,  0.0,   0.0,   0.0,   0.0, 0.0  ,  0.0,  0.0,  0.0,  0.0,  0.0, 0.0,   0.0,       ,      ,      ,        ,        ,        ,        ,        ,        ,        ,        ,      
liutmi01 , 1989,     1, HAR , NHL , G  , 29.0,  0.0,   0.0,   0.0,   0.0, 0.0  ,  0.0,  0.0,  0.0,  0.0,  0.0, 0.0,   0.0,       ,      ,      ,        ,        ,        ,        ,        ,        ,        ,        ,      
liutmi01 , 1989,     2, WAS , NHL , G  ,  8.0,  0.0,   0.0,   0.0,   0.0, 0.0  ,  0.0,  0.0,  0.0,  0.0,  0.0, 0.0,   0.0,    9.0,   0.0,   0.0,     0.0,     0.0, 0.0    ,     0.0,     0.0,     0.0,     0.0,     0.0,     0.0
liutmi01 , 1990,     1, WAS , NHL , G  , 35.0,  0.0,   0.0,   0.0,   0.0, 0.0  ,  0.0,  0.0,  0.0,  0.0,  0.0, 0.0,   0.0,    2.0,   0.0,   0.0,     0.0,     0.0, 0.0    ,     0.0,     0.0,     0.0,     0.0,     0.0,     0.0
liutmi01 , 1991,     1, WAS , NHL , G  , 21.0,  0.0,   1.0,   1.0,   2.0, 0.0  ,  0.0,  0.0,  0.0,  0.0,  0.0, 0.0,   0.0,       ,      ,      ,        ,        ,        ,        ,        ,        ,        ,        ,      
lloydow01, 1977,     1, EDO , WHA , D  ,  3.0,  0.0,   1.0,   1.0,   4.0, -1.0 ,  0.0,     ,  0.0,     ,     ,    ,   1.0,       ,      ,      ,        ,        ,        ,        ,        ,        ,        ,        ,      
loachlo01, 1992,     1, OTT , NHL , L  ,  3.0,  0.0,   0.0,   0.0,   0.0, 0.0  ,  0.0,  0.0,  0.0,  0.0,  0.0, 0.0,   3.0,       ,      ,      ,        ,        ,        ,        ,        ,        ,        ,        ,      
loachlo01, 1992,     2, LAK , NHL , L  , 50.0, 10.0,  13.0,  23.0,  27.0, 3.0  ,  1.0,  3.0,  0.0,  0.0,  0.0, 0.0,  55.0,    1.0,   0.0,   0.0,     0.0,     0.0, 0.0    ,     0.0,     0.0,     0.0,     0.0,     0.0,     0.0
loachlo01, 1993,     1, ANA , NHL , L  ,  3.0,  0.0,   0.0,   0.0,   2.0, -2.0 ,  0.0,  0.0,  0.0,  0.0,  0.0, 0.0,   8.0,       ,      ,      ,        ,        ,        ,        ,        ,        ,        ,        ,      
lobanal01, 1978,     1, SOV , WHA ,    ,  6.0,  2.0,   6.0,   8.0,   1.0,      ,     ,     ,     ,     ,     ,    ,      ,       ,      ,      ,        ,        ,        ,        ,        ,        ,        ,        ,      
locasja01, 1947,     1, MTL , NHL , R  , 56.0,  7.0,   8.0,  15.0,  66.0,      ,     ,     ,     ,     ,     ,    ,      ,       ,      ,      ,        ,        ,        ,        ,        ,        ,        ,        ,      
locasja01, 1948,     1, MTL , NHL , R  ,  3.0,  0.0,   0.0,   0.0,   0.0,      ,     ,     ,     ,     ,     ,    ,      ,       ,      ,      ,        ,        ,        ,        ,        ,        ,        ,        ,      
locasja02, 1974,     1, MIB , WHA , C  , 12.0,  1.0,   4.0,   5.0,   4.0,      ,     ,     ,     ,     ,     ,    ,  18.0,       ,      ,      ,        ,        ,        ,        ,        ,        ,        ,        ,      
locasja02, 1974,     2, IND , WHA , C  , 11.0,  0.0,   1.0,   1.0,   2.0,      ,  0.0,     ,  0.0,     ,  0.0,    ,   8.0,       ,      ,      ,        ,        ,        ,        ,        ,        ,        ,        ,      
locasja02, 1975,     1, CIN , WHA , C  , 80.0, 27.0,  46.0,  73.0,  70.0, -14.0,  7.0,     ,  0.0,     ,  4.0,    , 200.0,       ,      ,      ,        ,        ,        ,        ,        ,        ,        ,        ,      
locasja02, 1976,     1, CIN , WHA , C  , 45.0, 18.0,  13.0,  31.0,  27.0, 0.0  ,  5.0,     ,  0.0,     ,     ,    ,  89.0,       ,      ,      ,        ,        ,        ,        ,        ,        ,        ,        ,      
locasja02, 1976,     2, CAC , WHA , C  , 22.0,  3.0,   4.0,   7.0,   2.0, -5.0 ,  1.0,     ,  0.0,     ,     ,    ,  29.0,       ,      ,      ,        ,        ,        ,        ,        ,        ,        ,        ,      
locasja02, 1977,     1, CIN , WHA , C  , 17.0,  0.0,   2.0,   2.0,   6.0, -7.0 ,  0.0,     ,  0.0,     ,     ,    ,   9.0,       ,      ,      ,        ,        ,        ,        ,        ,        ,        ,        ,      
lochebi01, 1974,     1, DET , NHL , R  , 65.0, 16.0,  12.0,  28.0,  34.0, -30.0,  3.0,     ,  0.0,     ,  2.0, 0.0, 116.0,       ,      ,      ,        ,        ,        ,        ,        ,        ,        ,        ,      
lochebi01, 1975,     1, DET , NHL , R  , 53.0,  9.0,  11.0,  20.0,  22.0, -15.0,  0.0,     ,  0.0,     ,  3.0, 1.0,  81.0,       ,      ,      ,        ,        ,        ,        ,        ,        ,        ,        ,      
lochebi01, 1976,     1, DET , NHL , L  , 61.0, 16.0,  14.0,  30.0,  39.0, -11.0,  4.0,     ,  0.0,     ,  3.0, 1.0, 127.0,       ,      ,      ,        ,        ,        ,        ,        ,        ,        ,        ,      
lochebi01, 1977,     1, DET , NHL , R  , 77.0, 20.0,  16.0,  36.0,  47.0, 6.0  ,  2.0,     ,  0.0,     ,  4.0, 0.0, 124.0,    7.0,   3.0,   0.0,     3.0,     6.0,        ,     0.0,        ,     0.0,        ,     1.0,      
lochebi01, 1978,     1, DET , NHL , R  , 40.0,  4.0,   7.0,  11.0,  20.0, -4.0 ,  0.0,     ,  0.0,     ,  0.0, 0.0,  33.0,       ,      ,      ,        ,        ,        ,        ,        ,        ,        ,        ,      
lochebi01, 1978,     2, COR , NHL , L  , 27.0,  4.0,   2.0,   6.0,  14.0, -15.0,  1.0,     ,  1.0,     ,  0.0, 0.0,  64.0,       ,      ,      ,        ,        ,        ,        ,        ,        ,        ,        ,      
lochebi01, 1979,     1, NYR , NHL , L  ,  7.0,  0.0,   0.0,   0.0,   4.0, -5.0 ,  0.0,     ,  0.0,     ,  0.0, 0.0,   3.0,       ,      ,      ,        ,        ,        ,        ,        ,        ,        ,        ,      
lockeco01, 2007,     1, MTL , NHL , C  ,  1.0,  0.0,   0.0,   0.0,   0.0, -1.0 ,  0.0,  0.0,  0.0,  0.0,  0.0,    ,   1.0,       ,      ,      ,        ,        ,        ,        ,        ,        ,        ,        ,      
lockeco01, 2009,     1, NYR , NHL , C  ,  3.0,  0.0,   0.0,   0.0,   0.0, 1.0  ,  0.0,  0.0,  0.0,  0.0,  0.0,    ,   2.0,       ,      ,      ,        ,        ,        ,        ,        ,        ,        ,        ,      
lockeke01, 1974,     1, VAN , NHL , G  , 25.0,  0.0,   0.0,   0.0,   2.0, 0.0  ,  0.0,     ,  0.0,     ,  0.0, 0.0,   0.0,    1.0,   0.0,   0.0,     0.0,     0.0,        ,     0.0,        ,     0.0,        ,     0.0,      
lockeke01, 1975,     1, VAN , NHL , G  , 30.0,  0.0,   0.0,   0.0,   6.0, 0.0  ,  0.0,     ,  0.0,     ,  0.0, 0.0,   0.0,       ,      ,      ,        ,        ,        ,        ,        ,        ,        ,        ,      
lockeke01, 1976,     1, SDM , WHA , G  , 45.0,  0.0,   0.0,   0.0,  15.0, 0.0  ,  0.0,     ,  0.0,     ,  0.0,    ,   0.0,    5.0,   0.0,   0.0,     0.0,     0.0, 0.0    ,     0.0,        ,     0.0,        ,     0.0,      
lockhho01, 1916,     1, TOB , NHA , G  , 12.0,  0.0,   0.0,   0.0,   0.0,      ,     ,     ,     ,     ,     ,    ,      ,       ,      ,      ,        ,        ,        ,        ,        ,        ,        ,        ,      
lockhho01, 1919,     1, TRS , NHL , G  ,  7.0,  0.0,   0.0,   0.0,   0.0,      ,     ,     ,     ,     ,     ,    ,      ,       ,      ,      ,        ,        ,        ,        ,        ,        ,        ,        ,      
lockhho01, 1919,     2, QUB , NHL , G  ,  1.0,  0.0,   0.0,   0.0,   0.0,      ,     ,     ,     ,     ,     ,    ,      ,       ,      ,      ,        ,        ,        ,        ,        ,        ,        ,        ,      
lockhho01, 1920,     1, HAM , NHL , G  , 24.0,  0.0,   0.0,   0.0,   0.0,      ,     ,     ,     ,     ,     ,    ,      ,       ,      ,      ,        ,        ,        ,        ,        ,        ,        ,        ,      
lockhho01, 1921,     1, HAM , NHL , G  , 24.0,  0.0,   0.0,   0.0,   0.0,      ,     ,     ,     ,     ,     ,    ,      ,       ,      ,      ,        ,        ,        ,        ,        ,        ,        ,        ,      
lockhho01, 1923,     1, TRS , NHL , G  ,  1.0,  0.0,   0.0,   0.0,   0.0,      ,     ,     ,     ,     ,     ,    ,      ,       ,      ,      ,        ,        ,        ,        ,        ,        ,        ,        ,      
lockhho01, 1924,     1, BOS , NHL , G  ,  2.0,  0.0,   0.0,   0.0,   0.0,      ,     ,     ,     ,     ,     ,    ,      ,       ,      ,      ,        ,        ,        ,        ,        ,        ,        ,        ,      
lockino01, 1934,     1, CHI , NHL , L  , 35.0,  2.0,   5.0,   7.0,  19.0,      ,     ,     ,     ,     ,     ,    ,      ,       ,      ,      ,        ,        ,        ,        ,        ,        ,        ,        ,      
lockino01, 1935,     1, CHI , NHL , L  , 13.0,  0.0,   1.0,   1.0,   7.0,      ,     ,     ,     ,     ,     ,    ,      ,       ,      ,      ,        ,        ,        ,        ,        ,        ,        ,        ,      
lodboda01, 1972,     1, CHC , WHA , L  , 58.0, 15.0,  18.0,  33.0,  16.0,      ,  4.0,     ,  0.0,     ,     ,    ,      ,       ,      ,      ,        ,        ,        ,        ,        ,        ,        ,        ,      
loeweda01, 1989,     1, BUF , NHL , L  ,  4.0,  0.0,   0.0,   0.0,   4.0, -3.0 ,  0.0,  0.0,  0.0,  0.0,  0.0, 0.0,   1.0,       ,      ,      ,        ,        ,        ,        ,        ,        ,        ,        ,      
loeweda01, 1990,     1, BUF , NHL , L  ,  6.0,  0.0,   0.0,   0.0,   8.0, -4.0 ,  0.0,  0.0,  0.0,  0.0,  0.0, 0.0,   2.0,       ,      ,      ,        ,        ,        ,        ,        ,        ,        ,        ,      
loeweda01, 1991,     1, BUF , NHL , L  ,  2.0,  0.0,   0.0,   0.0,   2.0, 0.0  ,  0.0,  0.0,  0.0,  0.0,  0.0, 0.0,   1.0,       ,      ,      ,        ,        ,        ,        ,        ,        ,        ,        ,      
loeweda01, 1992,     1, OTT , NHL , L  , 79.0,  4.0,   5.0,   9.0, 145.0, -26.0,  0.0,  0.0,  0.0,  1.0,  0.0, 0.0,  42.0,       ,      ,      ,        ,        ,        ,        ,        ,        ,        ,        ,      
loeweda01, 1993,     1, OTT , NHL , L  , 44.0,  0.0,   3.0,   3.0,  52.0, -11.0,  0.0,  0.0,  0.0,  0.0,  0.0, 0.0,  39.0,       ,      ,      ,        ,        ,        ,        ,        ,        ,        ,        ,      
lofthma01, 1977,     1, WAS , NHL , R  , 18.0,  2.0,   1.0,   3.0,   8.0, -5.0 ,  0.0,     ,  0.0,     ,  0.0, 1.0,  21.0,       ,      ,      ,        ,        ,        ,        ,        ,        ,        ,        ,      
lofthma01, 1978,     1, WAS , NHL , R  , 52.0, 13.0,  10.0,  23.0,  10.0, -11.0,  1.0,     ,  0.0,     ,  0.0, 1.0,  75.0,       ,      ,      ,        ,        ,        ,        ,        ,        ,        ,        ,      
lofthma01, 1979,     1, WAS , NHL , R  , 68.0, 15.0,  18.0,  33.0,  20.0, -9.0 ,  1.0,     ,  0.0,     ,  1.0, 0.0, 138.0,       ,      ,      ,        ,        ,        ,        ,        ,        ,        ,        ,      
lofthma01, 1980,     1, WAS , NHL , R  ,  3.0,  1.0,   1.0,   2.0,   4.0, 0.0  ,  0.0,     ,  0.0,     ,  0.0, 0.0,   3.0,       ,      ,      ,        ,        ,        ,        ,        ,        ,        ,        ,      
lofthma01, 1981,     1, DET , NHL , R  , 12.0,  3.0,   4.0,   7.0,  13.0, -7.0 ,  0.0,     ,  0.0,     ,  0.0, 0.0,  21.0,       ,      ,      ,        ,        ,        ,        ,        ,        ,        ,        ,      
lofthma01, 1982,     1, DET , NHL , R  , 28.0,  8.0,   4.0,  12.0,  18.0, 8.0  ,  0.0,     ,  0.0,     ,  0.0, 0.0,  37.0,       ,      ,      ,        ,        ,        ,        ,        ,        ,        ,        ,      
loganda01, 1975,     1, CHI , NHL , D  ,  2.0,  0.0,   0.0,   0.0,   0.0, -1.0 ,  0.0,     ,  0.0,     ,  0.0, 0.0,   0.0,       ,      ,      ,        ,        ,        ,        ,        ,        ,        ,        ,      
loganda01, 1976,     1, CHI , NHL , D  , 34.0,  0.0,   2.0,   2.0,  61.0, -22.0,  0.0,     ,  0.0,     ,  0.0, 0.0,  36.0,       ,      ,      ,        ,        ,        ,        ,        ,        ,        ,        ,      
loganda01, 1977,     1, CHI , NHL , D  , 54.0,  1.0,   5.0,   6.0,  77.0, -14.0,  1.0,     ,  0.0,     ,  0.0, 0.0,  51.0,    4.0,   0.0,   0.0,     0.0,     8.0,        ,     0.0,        ,     0.0,        ,     0.0,      
loganda01, 1978,     1, CHI , NHL , D  , 76.0,  1.0,  14.0,  15.0, 176.0, -9.0 ,  0.0,     ,  0.0,     ,  0.0, 0.0,  77.0,    4.0,   0.0,   0.0,     0.0,     2.0,        ,     0.0,        ,     0.0,        ,     0.0,      
loganda01, 1979,     1, CHI , NHL , D  , 12.0,  2.0,   3.0,   5.0,  34.0, 5.0  ,  0.0,     ,  0.0,     ,  1.0, 0.0,  13.0,       ,      ,      ,        ,        ,        ,        ,        ,        ,        ,        ,      
loganda01, 1979,     2, VAN , NHL , D  , 33.0,  1.0,   5.0,   6.0, 109.0, -9.0 ,  0.0,     ,  0.0,     ,  0.0, 0.0,  31.0,    4.0,   0.0,   0.0,     0.0,     0.0,        ,     0.0,        ,     0.0,        ,     0.0,      
loganda01, 1980,     1, VAN , NHL , D  ,  7.0,  0.0,   0.0,   0.0,  13.0, 1.0  ,  0.0,     ,  0.0,     ,  0.0, 0.0,   3.0,       ,      ,      ,        ,        ,        ,        ,        ,        ,        ,        ,      
loganro01, 1986,     1, BUF , NHL , R  , 22.0,  7.0,   3.0,  10.0,   0.0, 5.0  ,  1.0,     ,  0.0,     ,  0.0, 0.0,  22.0,       ,      ,      ,        ,        ,        ,        ,        ,        ,        ,        ,      
loganro01, 1987,     1, BUF , NHL , R  , 16.0,  3.0,   2.0,   5.0,   0.0, 1.0  ,  1.0,  0.0,  0.0,  0.0,  1.0, 0.0,  15.0,       ,      ,      ,        ,        ,        ,        ,        ,        ,        ,        ,      
loganro01, 1988,     1, LAK , NHL , R  ,  4.0,  0.0,   0.0,   0.0,   0.0, 0.0  ,  0.0,  0.0,  0.0,  0.0,  0.0, 0.0,   0.0,       ,      ,      ,        ,        ,        ,        ,        ,        ,        ,        ,      
loisecl01, 1981,     1, DET , NHL , C  ,  4.0,  1.0,   0.0,   1.0,   2.0, -2.0 ,  1.0,     ,  0.0,     ,  0.0, 0.0,   2.0,       ,      ,      ,        ,        ,        ,        ,        ,        ,        ,        ,      
loisecl01, 1982,     1, DET , NHL , C  , 18.0,  2.0,   0.0,   2.0,  15.0, -14.0,  0.0,     ,  0.0,     ,  0.0, 0.0,  24.0,       ,      ,      ,        ,        ,        ,        ,        ,        ,        ,        ,      
loisecl01, 1983,     1, DET , NHL , C  , 28.0,  4.0,   6.0,  10.0,  32.0, 4.0  ,  0.0,     ,  0.0,     ,  0.0, 0.0,  20.0,       ,      ,      ,        ,        ,        ,        ,        ,        ,        ,        ,      
loisecl01, 1984,     1, DET , NHL , R  , 30.0,  8.0,   1.0,   9.0,  45.0, -5.0 ,  0.0,     ,  0.0,     ,  0.0, 0.0,  30.0,    3.0,   0.0,   2.0,     2.0,     0.0, 0.0    ,     0.0,        ,     0.0,        ,     0.0,     3.0
loisecl01, 1985,     1, DET , NHL , C  , 48.0,  7.0,  15.0,  22.0, 142.0, -27.0,  2.0,     ,  0.0,     ,  1.0, 0.0,  83.0,       ,      ,      ,        ,        ,        ,        ,        ,        ,        ,        ,      
loisecl01, 1986,     1, NJD , NHL , L  , 75.0, 16.0,  24.0,  40.0, 137.0, -7.0 ,  2.0,     ,  1.0,     ,  3.0, 0.0, 145.0,       ,      ,      ,        ,        ,        ,        ,        ,        ,        ,        ,      
loisecl01, 1987,     1, NJD , NHL , C  , 68.0, 17.0,  18.0,  35.0, 121.0, 7.0  ,  3.0,  4.0,  2.0,  0.0,  2.0, 0.0, 117.0,   20.0,   4.0,   6.0,    10.0,    52.0, 0.0    ,     0.0,     0.0,     2.0,     1.0,     0.0,    32.0
loisecl01, 1988,     1, NJD , NHL , C  , 74.0,  7.0,  14.0,  21.0, 209.0, -10.0,  0.0,  0.0,  1.0,  0.0,  1.0, 0.0,  92.0,       ,      ,      ,        ,        ,        ,        ,        ,        ,        ,        ,      
loisecl01, 1989,     1, QUE , NHL , C  , 72.0, 11.0,  14.0,  25.0, 104.0, -27.0,  0.0,  1.0,  3.0,  0.0,  0.0, 0.0, 128.0,       ,      ,      ,        ,        ,        ,        ,        ,        ,        ,        ,      
loisecl01, 1990,     1, QUE , NHL , C  , 59.0,  5.0,  10.0,  15.0,  86.0, -20.0,  0.0,     ,  2.0,     ,  0.0, 0.0,  79.0,       ,      ,      ,        ,        ,        ,        ,        ,        ,        ,        ,      
loisecl01, 1990,     2, TOR , NHL , C  ,  7.0,  1.0,   1.0,   2.0,   2.0, 0.0  ,  0.0,     ,  0.0,     ,  0.0, 0.0,  10.0,       ,      ,      ,        ,        ,        ,        ,        ,        ,        ,        ,      
loisecl01, 1991,     1, TOR , NHL , C  , 64.0,  6.0,   9.0,  15.0, 102.0, -21.0,  1.0,  0.0,  0.0,  0.0,  1.0, 0.0,  91.0,       ,      ,      ,        ,        ,        ,        ,        ,        ,        ,        ,      
loisecl01, 1991,     2, NYI , NHL , C  , 11.0,  1.0,   1.0,   2.0,  13.0, -3.0 ,  0.0,  0.0,  0.0,  0.0,  0.0, 0.0,  10.0,       ,      ,      ,        ,        ,        ,        ,        ,        ,        ,        ,      
loisecl01, 1992,     1, NYI , NHL , C  , 41.0,  5.0,   3.0,   8.0,  90.0, -5.0 ,  0.0,  0.0,  0.0,  0.0,  0.0, 0.0,  41.0,   18.0,   0.0,   3.0,     3.0,    10.0, -8.0   ,     0.0,     0.0,     0.0,     0.0,     0.0,    19.0
loisecl01, 1993,     1, NYI , NHL , C  , 17.0,  1.0,   1.0,   2.0,  49.0, -2.0 ,  0.0,  0.0,  0.0,  0.0,  0.0, 0.0,  14.0,       ,      ,      ,        ,        ,        ,        ,        ,        ,        ,        ,      
lojekma01, 2006,     1, FLO , NHL , D  ,  3.0,  0.0,   1.0,   1.0,   0.0, 2.0  ,  0.0,  0.0,  0.0,  0.0,  0.0,    ,   0.0,       ,      ,      ,        ,        ,        ,        ,        ,        ,        ,        ,      
lojekma01, 2007,     1, FLO , NHL , D  ,  2.0,  0.0,   0.0,   0.0,   0.0, -1.0 ,  0.0,  0.0,  0.0,  0.0,  0.0,    ,   2.0,       ,      ,      ,        ,        ,        ,        ,        ,        ,        ,        ,      
lokotvl01, 1977,     1, SOV , WHA , D  ,  6.0,  0.0,   0.0,   0.0,   2.0,      ,     ,     ,     ,     ,     ,    ,      ,       ,      ,      ,        ,        ,        ,        ,        ,        ,        ,        ,      
loktian01, 2009,     1, LAK , NHL , C  ,  1.0,  0.0,   0.0,   0.0,   0.0, 0.0  ,  0.0,  0.0,  0.0,  0.0,  0.0,    ,   1.0,       ,      ,      ,        ,        ,        ,        ,        ,        ,        ,        ,      
lomakan01, 1991,     1, PHI , NHL , R  , 57.0, 14.0,  16.0,  30.0,  26.0, -6.0 ,  2.0,  1.0,  0.0,  1.0,  0.0, 0.0,  82.0,       ,      ,      ,        ,        ,        ,        ,        ,        ,        ,        ,      
lomakan01, 1992,     1, PHI , NHL , L  , 51.0,  8.0,  12.0,  20.0,  34.0, 15.0 ,  0.0,  2.0,  0.0,  0.0,  0.0, 0.0,  64.0,       ,      ,      ,        ,        ,        ,        ,        ,        ,        ,        ,      
lomakan01, 1993,     1, FLO , NHL , L  , 76.0, 19.0,  28.0,  47.0,  26.0, 1.0  ,  3.0, 13.0,  0.0,  0.0,  2.0, 0.0, 139.0,       ,      ,      ,        ,        ,        ,        ,        ,        ,        ,        ,      
lomakan01, 1994,     1, FLO , NHL , L  , 31.0,  1.0,   6.0,   7.0,   6.0, -5.0 ,  1.0,  2.0,  0.0,  0.0,  0.0, 0.0,  25.0,       ,      ,      ,        ,        ,        ,        ,        ,        ,        ,        ,      
lombama01, 2003,     1, CAL , NHL , C  , 79.0, 16.0,  13.0,  29.0,  32.0, 4.0  ,  3.0,  3.0,  2.0,  0.0,  4.0, 0.0, 130.0,   13.0,   1.0,   5.0,     6.0,     4.0, 1.0    ,     0.0,     2.0,     0.0,     0.0,     1.0,    15.0
lombama01, 2005,     1, CAL , NHL , C  , 55.0,  6.0,  20.0,  26.0,  48.0, -1.0 ,  1.0,  5.0,  2.0,  0.0,  2.0,    ,  72.0,    7.0,   0.0,   2.0,     2.0,     2.0, -4.0   ,     0.0,     0.0,     0.0,     1.0,     0.0,     9.0
lombama01, 2006,     1, CAL , NHL , C  , 81.0, 20.0,  26.0,  46.0,  48.0, 10.0 ,  5.0,  8.0,  4.0,  1.0,  5.0,    , 176.0,    6.0,   1.0,   1.0,     2.0,     0.0, -1.0   ,     1.0,     0.0,     0.0,     1.0,     0.0,     6.0
lombama01, 2007,     1, CAL , NHL , C  , 82.0, 14.0,  22.0,  36.0,  67.0, -6.0 ,  2.0,  3.0,  2.0,  1.0,  4.0,    , 181.0,    7.0,   0.0,   0.0,     0.0,     4.0, -2.0   ,     0.0,     0.0,     0.0,     0.0,     0.0,    16.0
lombama01, 2008,     1, CAL , NHL , C  , 50.0,  9.0,  21.0,  30.0,  30.0, 11.0 ,  0.0,  4.0,  1.0,  0.0,  2.0,    , 119.0,       ,      ,      ,        ,        ,        ,        ,        ,        ,        ,        ,      
lombama01, 2008,     2, PHO , NHL , C  , 19.0,  5.0,  11.0,  16.0,  14.0, 2.0  ,  1.0,  3.0,  0.0,  0.0,  0.0,    ,  58.0,       ,      ,      ,        ,        ,        ,        ,        ,        ,        ,        ,      
lombama01, 2009,     1, PHO , NHL , C  , 78.0, 19.0,  34.0,  53.0,  36.0, 8.0  ,  4.0, 12.0,  0.0,  0.0,  2.0,    , 174.0,    7.0,   1.0,   5.0,     6.0,     2.0, 2.0    ,     0.0,     2.0,     0.0,     0.0,     0.0,    19.0
lomenma01, 1974,     1, CHC , WHA , R  , 69.0, 16.0,  33.0,  49.0,  21.0, -2.0 ,  2.0,     ,  0.0,     ,     ,    , 128.0,       ,      ,      ,        ,        ,        ,        ,        ,        ,        ,        ,      
lomenma01, 1975,     1, DOT , WHA , R  , 37.0,  6.0,  16.0,  22.0,  11.0, -6.0 ,  5.0,     ,  0.0,     ,  0.0,    ,  66.0,       ,      ,      ,        ,        ,        ,        ,        ,        ,        ,        ,      
lomenma01, 1975,     2, IND , WHA , R  ,  2.0,  0.0,   0.0,   0.0,   0.0, -1.0 ,  0.0,     ,  0.0,     ,  0.0,    ,   4.0,       ,      ,      ,        ,        ,        ,        ,        ,        ,        ,        ,      
lomenma01, 1976,     1, IND , WHA , R  , 56.0,  9.0,  12.0,  21.0,  14.0, -11.0,  0.0,     ,  0.0,     ,     ,    ,  99.0,    9.0,   3.0,   1.0,     4.0,    17.0, -3.0   ,        ,        ,        ,        ,     0.0,      
loneybr01, 1995,     1, VAN , NHL , R  , 12.0,  2.0,   3.0,   5.0,   6.0, 2.0  ,  0.0,  0.0,  0.0,  0.0,  0.0, 1.0,  19.0,       ,      ,      ,        ,        ,        ,        ,        ,        ,        ,        ,      
loneytr01, 1983,     1, PIT , NHL , L  , 13.0,  0.0,   0.0,   0.0,   9.0, -7.0 ,  0.0,     ,  0.0,     ,  0.0, 0.0,   5.0,       ,      ,      ,        ,        ,        ,        ,        ,        ,        ,        ,      
loneytr01, 1984,     1, PIT , NHL , L  , 46.0, 10.0,   8.0,  18.0,  59.0, -11.0,  1.0,     ,  0.0,     ,  1.0, 1.0,  79.0,       ,      ,      ,        ,        ,        ,        ,        ,        ,        ,        ,      
loneytr01, 1985,     1, PIT , NHL , L  , 47.0,  3.0,   9.0,  12.0,  95.0, -8.0 ,  0.0,     ,  0.0,     ,  1.0, 0.0,  50.0,       ,      ,      ,        ,        ,        ,        ,        ,        ,        ,        ,      
loneytr01, 1986,     1, PIT , NHL , L  , 23.0,  8.0,   7.0,  15.0,  22.0, 0.0  ,  1.0,     ,  0.0,     ,  1.0, 0.0,  48.0,       ,      ,      ,        ,        ,        ,        ,        ,        ,        ,        ,      
loneytr01, 1987,     1, PIT , NHL , R  , 65.0,  5.0,  13.0,  18.0, 151.0, -3.0 ,  1.0,  0.0,  0.0,  0.0,  0.0, 0.0,  87.0,       ,      ,      ,        ,        ,        ,        ,        ,        ,        ,        ,      
loneytr01, 1988,     1, PIT , NHL , R  , 69.0, 10.0,   6.0,  16.0, 165.0, -5.0 ,  0.0,  0.0,  0.0,  0.0,  1.0, 1.0,  90.0,   11.0,   1.0,   3.0,     4.0,    24.0, 3.0    ,     0.0,     0.0,     0.0,     0.0,     0.0,    12.0
loneytr01, 1989,     1, PIT , NHL , L  , 67.0, 11.0,  16.0,  27.0, 168.0, -9.0 ,  0.0,  0.0,  0.0,  0.0,  1.0, 0.0,  78.0,       ,      ,      ,        ,        ,        ,        ,        ,        ,        ,        ,      
loneytr01, 1990,     1, PIT , NHL , L  , 44.0,  7.0,   9.0,  16.0,  85.0, 10.0 ,  0.0,  0.0,  0.0,  0.0,  2.0, 0.0,  51.0,   24.0,   2.0,   2.0,     4.0,    41.0, -3.0   ,     0.0,     0.0,     0.0,     0.0,     0.0,    38.0
loneytr01, 1991,     1, PIT , NHL , L  , 76.0, 10.0,  16.0,  26.0, 127.0, -5.0 ,  0.0,  0.0,  0.0,  0.0,  1.0, 0.0,  94.0,   21.0,   4.0,   5.0,     9.0,    32.0, 1.0    ,     0.0,     0.0,     0.0,     0.0,     0.0,    32.0
loneytr01, 1992,     1, PIT , NHL , L  , 82.0,  5.0,  16.0,  21.0,  99.0, 1.0  ,  0.0,  2.0,  0.0,  0.0,  1.0, 0.0,  83.0,   10.0,   1.0,   4.0,     5.0,     0.0, 3.0    ,     0.0,     0.0,     0.0,     0.0,     0.0,     7.0
loneytr01, 1993,     1, ANA , NHL , L  , 62.0, 13.0,   6.0,  19.0,  88.0, -5.0 ,  6.0,  2.0,  0.0,  0.0,  1.0, 0.0,  93.0,       ,      ,      ,        ,        ,        ,        ,        ,        ,        ,        ,      
loneytr01, 1994,     1, NYI , NHL , L  , 26.0,  5.0,   4.0,   9.0,  23.0, 0.0  ,  2.0,  0.0,  0.0,  0.0,  1.0, 0.0,  45.0,       ,      ,      ,        ,        ,        ,        ,        ,        ,        ,        ,      
loneytr01, 1994,     2, NYR , NHL , L  ,  4.0,  0.0,   0.0,   0.0,   0.0, -2.0 ,  0.0,  0.0,  0.0,  0.0,  0.0, 0.0,   2.0,    1.0,   0.0,   0.0,     0.0,     0.0, 0.0    ,     0.0,     0.0,     0.0,     0.0,     0.0,     0.0
longba01 , 1972,     1, LAK , NHL , D  , 70.0,  2.0,  13.0,  15.0,  48.0, -7.0 ,  0.0,     ,  0.0,     ,  0.0, 0.0, 110.0,       ,      ,      ,        ,        ,        ,        ,        ,        ,        ,        ,      
longba01 , 1973,     1, LAK , NHL , D  , 60.0,  3.0,  19.0,  22.0, 118.0, 25.0 ,  1.0,     ,  0.0,     ,  0.0, 0.0, 111.0,    5.0,   0.0,   1.0,     1.0,    18.0,        ,     0.0,        ,     0.0,        ,     0.0,      
longba01 , 1974,     1, EDO , WHA , D  , 78.0, 20.0,  40.0,  60.0, 116.0, -8.0 ,  7.0,     ,  1.0,     ,     ,    , 167.0,       ,      ,      ,        ,        ,        ,        ,        ,        ,        ,        ,      
longba01 , 1975,     1, EDO , WHA , D  , 78.0, 10.0,  32.0,  42.0,  66.0, -49.0,  5.0,     ,  0.0,     ,  2.0,    , 214.0,    4.0,   0.0,   0.0,     0.0,     4.0, -2.0   ,        ,        ,        ,        ,        ,      
longba01 , 1976,     1, EDO , WHA , D  ,  2.0,  0.0,   1.0,   1.0,   2.0, -4.0 ,  0.0,     ,  0.0,     ,  0.0,    ,   3.0,       ,      ,      ,        ,        ,        ,        ,        ,        ,        ,        ,      
longba01 , 1976,     2, WIJ , WHA , D  , 71.0,  9.0,  38.0,  47.0,  54.0, -1.0 ,  4.0,     ,  0.0,     ,     ,    , 178.0,   20.0,   1.0,   5.0,     6.0,    10.0, -1.0   ,        ,        ,        ,        ,     0.0,      
longba01 , 1977,     1, WIJ , WHA , D  , 78.0,  7.0,  24.0,  31.0,  42.0, 10.0 ,  1.0,     ,  1.0,     ,     ,    , 159.0,    9.0,   0.0,   5.0,     5.0,     6.0, 11.0   ,        ,        ,        ,        ,     0.0,      
longba01 , 1978,     1, WIJ , WHA , D  , 80.0,  5.0,  36.0,  41.0,  42.0, -2.0 ,  0.0,     ,  0.0,     ,     ,    , 180.0,   10.0,   2.0,   3.0,     5.0,     0.0, 0.0    ,        ,        ,        ,        ,     0.0,      
longba01 , 1979,     1, DET , NHL , D  , 80.0,  0.0,  17.0,  17.0,  38.0, -28.0,  0.0,     ,  0.0,     ,  0.0, 0.0,  87.0,       ,      ,      ,        ,        ,        ,        ,        ,        ,        ,        ,      
longba01 , 1980,     1, WIN , NHL , D  , 65.0,  6.0,  17.0,  23.0,  42.0, -47.0,  0.0,     ,  0.0,     ,  0.0, 3.0,  88.0,       ,      ,      ,        ,        ,        ,        ,        ,        ,        ,        ,      
longba01 , 1981,     1, WIN , NHL , D  ,  5.0,  0.0,   2.0,   2.0,   4.0, -1.0 ,  0.0,     ,  0.0,     ,  0.0, 0.0,   8.0,       ,      ,      ,        ,        ,        ,        ,        ,        ,        ,        ,      
longfed01, 1912,     1, TO1 , NHA ,    ,  7.0,  0.0,   0.0,   0.0,   5.0,      ,     ,     ,     ,     ,     ,    ,      ,       ,      ,      ,        ,        ,        ,        ,        ,        ,        ,        ,      
longst01 , 1951,     1, MTL , NHL , D  ,     ,     ,      ,      ,      ,      ,     ,     ,     ,     ,     ,    ,      ,    3.0,   0.0,   0.0,     0.0,     0.0,        ,        ,        ,        ,        ,        ,      
longte01 , 1976,     1, CIN , WHA , D  ,  1.0,  0.0,   0.0,   0.0,   0.0, -1.0 ,  0.0,     ,  0.0,     ,  0.0,    ,   4.0,       ,      ,      ,        ,        ,        ,        ,        ,        ,        ,        ,      
lonsbro01, 1966,     1, BOS , NHL , L  ,  8.0,  0.0,   1.0,   1.0,   2.0,      ,  0.0,     ,  0.0,     ,  0.0, 0.0,      ,       ,      ,      ,        ,        ,        ,        ,        ,        ,        ,        ,      
lonsbro01, 1967,     1, BOS , NHL , L  , 19.0,  2.0,   2.0,   4.0,  12.0, 2.0  ,  0.0,     ,  0.0,     ,  0.0, 0.0,  39.0,       ,      ,      ,        ,        ,        ,        ,        ,        ,        ,        ,      
lonsbro01, 1968,     1, BOS , NHL , L  ,  6.0,  0.0,   0.0,   0.0,   2.0, 0.0  ,  0.0,     ,  0.0,     ,  0.0, 0.0,   4.0,       ,      ,      ,        ,        ,        ,        ,        ,        ,        ,        ,      
lonsbro01, 1969,     1, LAK , NHL , L  , 76.0, 20.0,  22.0,  42.0, 118.0, -18.0,  4.0,     ,  1.0,     ,  4.0, 1.0, 226.0,       ,      ,      ,        ,        ,        ,        ,        ,        ,        ,        ,      
lonsbro01, 1970,     1, LAK , NHL , L  , 76.0, 25.0,  28.0,  53.0,  80.0, -35.0,  5.0,     ,  2.0,     ,  0.0, 1.0, 238.0,       ,      ,      ,        ,        ,        ,        ,        ,        ,        ,        ,      
lonsbro01, 1971,     1, LAK , NHL , L  , 50.0,  9.0,  14.0,  23.0,  39.0, -18.0,  1.0,     ,  0.0,     ,  1.0, 1.0, 112.0,       ,      ,      ,        ,        ,        ,        ,        ,        ,        ,        ,      
lonsbro01, 1971,     2, PHI , NHL , L  , 32.0,  7.0,   7.0,  14.0,  22.0, -9.0 ,  0.0,     ,  0.0,     ,  0.0, 2.0,  88.0,       ,      ,      ,        ,        ,        ,        ,        ,        ,        ,        ,      
lonsbro01, 1972,     1, PHI , NHL , L  , 77.0, 21.0,  29.0,  50.0,  59.0, 6.0  ,  6.0,     ,  0.0,     ,  3.0, 0.0, 205.0,   11.0,   4.0,   3.0,     7.0,     9.0,        ,     0.0,        ,     0.0,        ,     1.0,      
lonsbro01, 1973,     1, PHI , NHL , L  , 75.0, 32.0,  19.0,  51.0,  48.0, 16.0 ,  6.0,     ,  1.0,     ,  5.0, 1.0, 213.0,   17.0,   4.0,   9.0,    13.0,    18.0,        ,     1.0,        ,     1.0,        ,     1.0,      
lonsbro01, 1974,     1, PHI , NHL , L  , 80.0, 24.0,  25.0,  49.0,  99.0, 28.0 ,  9.0,     ,  0.0,     ,  3.0, 0.0, 180.0,   17.0,   4.0,   3.0,     7.0,    10.0,        ,     1.0,        ,     0.0,        ,     1.0,      
lonsbro01, 1975,     1, PHI , NHL , L  , 80.0, 19.0,  28.0,  47.0,  87.0, 29.0 ,  4.0,     ,  0.0,     ,  0.0, 2.0, 209.0,   16.0,   4.0,   3.0,     7.0,     2.0,        ,     1.0,        ,     0.0,        ,     1.0,      
lonsbro01, 1976,     1, PHI , NHL , L  , 75.0, 23.0,  32.0,  55.0,  43.0, 42.0 ,  3.0,     ,  1.0,     ,  3.0, 1.0, 173.0,   10.0,   1.0,   2.0,     3.0,    29.0,        ,     0.0,        ,     0.0,        ,     0.0,      
lonsbro01, 1977,     1, PHI , NHL , L  , 78.0, 18.0,  30.0,  48.0,  45.0, 41.0 ,  2.0,     ,  1.0,     ,  5.0, 0.0, 172.0,   12.0,   2.0,   2.0,     4.0,     6.0,        ,     1.0,        ,     0.0,        ,     1.0,      
lonsbro01, 1978,     1, PIT , NHL , L  , 80.0, 24.0,  22.0,  46.0,  38.0, 7.0  ,  4.0,     ,  0.0,     ,  1.0, 0.0, 179.0,    7.0,   0.0,   2.0,     2.0,     9.0,        ,     0.0,        ,     0.0,        ,     0.0,      
lonsbro01, 1979,     1, PIT , NHL , L  , 76.0, 15.0,  18.0,  33.0,  36.0, -4.0 ,  2.0,     ,  0.0,     ,  0.0, 2.0, 135.0,    5.0,   2.0,   1.0,     3.0,     2.0,        ,     0.0,        ,     0.0,        ,     1.0,      
lonsbro01, 1980,     1, PIT , NHL , L  , 80.0, 17.0,  33.0,  50.0,  76.0, -3.0 ,  7.0,     ,  1.0,     ,  2.0, 0.0, 161.0,    5.0,   0.0,   0.0,     0.0,     2.0,        ,     0.0,        ,     0.0,        ,     0.0,      
loobha01 , 1983,     1, CAL , NHL , R  , 77.0, 30.0,  25.0,  55.0,  22.0, 11.0 ,  3.0,     ,  0.0,     ,  2.0, 0.0, 178.0,   11.0,   2.0,   3.0,     5.0,     2.0, -1.0   ,     1.0,        ,     0.0,        ,     2.0,    15.0
loobha01 , 1984,     1, CAL , NHL , R  , 78.0, 37.0,  35.0,  72.0,  14.0, 14.0 ,  8.0,     ,  1.0,     ,  5.0, 0.0, 224.0,    4.0,   3.0,   3.0,     6.0,     0.0, 2.0    ,     0.0,        ,     1.0,        ,     0.0,    11.0
loobha01 , 1985,     1, CAL , NHL , R  , 68.0, 31.0,  36.0,  67.0,  36.0, 22.0 , 10.0,     ,  0.0,     ,  1.0, 1.0, 174.0,   22.0,   4.0,  10.0,    14.0,     6.0, -4.0   ,     1.0,        ,     2.0,        ,     0.0,    56.0
loobha01 , 1986,     1, CAL , NHL , R  , 68.0, 18.0,  26.0,  44.0,  26.0, -13.0,  7.0,     ,  0.0,     ,  1.0, 0.0, 129.0,    5.0,   1.0,   2.0,     3.0,     0.0, 0.0    ,     0.0,        ,     1.0,        ,     0.0,     6.0
loobha01 , 1987,     1, CAL , NHL , R  , 80.0, 50.0,  56.0, 106.0,  47.0, 41.0 ,  9.0, 26.0,  8.0,  5.0,  4.0, 1.0, 198.0,    9.0,   8.0,   1.0,     9.0,     4.0, 0.0    ,     2.0,     0.0,     2.0,     0.0,     0.0,    27.0
loobha01 , 1988,     1, CAL , NHL , R  , 79.0, 27.0,  58.0,  85.0,  44.0, 28.0 ,  5.0, 20.0,  0.0,  1.0,  4.0, 0.0, 223.0,   22.0,   8.0,   9.0,    17.0,     4.0, 8.0    ,     2.0,     3.0,     2.0,     0.0,     1.0,    60.0
loobpe01 , 1984,     1, QUE , NHL , D  ,  8.0,  1.0,   2.0,   3.0,   0.0, 5.0  ,  0.0,     ,  0.0,     ,  0.0, 0.0,  10.0,       ,      ,      ,        ,        ,        ,        ,        ,        ,        ,        ,      
loprepe01, 1974,     1, MNS , NHL , G  , 35.0,  0.0,   0.0,   0.0,   2.0, 0.0  ,  0.0,     ,  0.0,     ,  0.0, 0.0,   0.0,       ,      ,      ,        ,        ,        ,        ,        ,        ,        ,        ,      
loprepe01, 1975,     1, MNS , NHL , G  , 34.0,  0.0,   0.0,   0.0,   0.0, 0.0  ,  0.0,     ,  0.0,     ,  0.0, 0.0,   0.0,       ,      ,      ,        ,        ,        ,        ,        ,        ,        ,        ,      
loprepe01, 1976,     1, MNS , NHL , G  , 44.0,  0.0,   1.0,   1.0,   4.0, 0.0  ,  0.0,     ,  0.0,     ,  0.0, 0.0,   0.0,    2.0,   0.0,   0.0,     0.0,     0.0,        ,     0.0,        ,     0.0,        ,     0.0,      
loprepe01, 1977,     1, MNS , NHL , G  , 53.0,  0.0,   2.0,   2.0,   0.0, 0.0  ,  0.0,     ,  0.0,     ,  0.0, 0.0,   0.0,       ,      ,      ,        ,        ,        ,        ,        ,        ,        ,        ,      
loprepe01, 1978,     1, MNS , NHL , G  ,  7.0,  0.0,   0.0,   0.0,   0.0, 0.0  ,  0.0,     ,  0.0,     ,  0.0, 0.0,   0.0,       ,      ,      ,        ,        ,        ,        ,        ,        ,        ,        ,      
loprepe01, 1980,     1, EDM , NHL , G  ,  2.0,  0.0,   0.0,   0.0,   0.0, 0.0  ,  0.0,     ,  0.0,     ,  0.0, 0.0,   0.0,       ,      ,      ,        ,        ,        ,        ,        ,        ,        ,        ,      
lopresa01, 1940,     1, CHI , NHL , G  , 27.0,  0.0,   0.0,   0.0,   0.0,      ,     ,     ,     ,     ,     ,    ,      ,    5.0,   0.0,   0.0,     0.0,     0.0,        ,        ,        ,        ,        ,        ,      
lopresa01, 1941,     1, CHI , NHL , G  , 47.0,  0.0,   0.0,   0.0,   0.0,      ,     ,     ,     ,     ,     ,    ,      ,    3.0,   0.0,   0.0,     0.0,     0.0,        ,        ,        ,        ,        ,        ,      
lorenda01, 1990,     1, NYI , NHL , G  ,  2.0,  0.0,   0.0,   0.0,   0.0, 0.0  ,  0.0,  0.0,  0.0,  0.0,  0.0, 0.0,   0.0,       ,      ,      ,        ,        ,        ,        ,        ,        ,        ,        ,      
lorenda01, 1991,     1, NYI , NHL , G  ,  2.0,  0.0,   0.0,   0.0,   0.0, 0.0  ,  0.0,  0.0,  0.0,  0.0,  0.0, 0.0,   0.0,       ,      ,      ,        ,        ,        ,        ,        ,        ,        ,        ,      
lorenda01, 1992,     1, NYI , NHL , G  ,  4.0,  0.0,   0.0,   0.0,   0.0, 0.0  ,  0.0,  0.0,  0.0,  0.0,  0.0, 0.0,   0.0,       ,      ,      ,        ,        ,        ,        ,        ,        ,        ,        ,      
lorenji01, 1968,     1, BOS , NHL , C  , 11.0,  1.0,   3.0,   4.0,   6.0, -3.0 ,  0.0,     ,  0.0,     ,  1.0, 0.0,  16.0,       ,      ,      ,        ,        ,        ,        ,        ,        ,        ,        ,      
lorenji01, 1969,     1, BOS , NHL , C/R, 68.0,  7.0,  16.0,  23.0,  30.0, 14.0 ,  2.0,     ,  0.0,     ,  0.0, 1.0,  92.0,   11.0,   1.0,   0.0,     1.0,     4.0,        ,     0.0,        ,     0.0,        ,     0.0,      
lorenji01, 1970,     1, STL , NHL , R  , 76.0, 19.0,  21.0,  40.0,  34.0, 2.0  ,  6.0,     ,  0.0,     ,  2.0, 0.0, 160.0,    6.0,   0.0,   1.0,     1.0,     4.0,        ,     0.0,        ,     0.0,        ,     0.0,      
lorenji01, 1971,     1, STL , NHL , C  , 12.0,  0.0,   1.0,   1.0,  12.0, -8.0 ,  0.0,     ,  0.0,     ,  0.0, 0.0,  16.0,       ,      ,      ,        ,        ,        ,        ,        ,        ,        ,        ,      
lorenji01, 1971,     2, NYR , NHL , C  ,  7.0,  0.0,   0.0,   0.0,   0.0, -1.0 ,  0.0,     ,  0.0,     ,  0.0, 0.0,   1.0,       ,      ,      ,        ,        ,        ,        ,        ,        ,        ,        ,      
lorenji01, 1971,     3, BUF , NHL , C  , 33.0, 10.0,  14.0,  24.0,  12.0, -11.0,  2.0,     ,  0.0,     ,  1.0, 0.0,  85.0,       ,      ,      ,        ,        ,        ,        ,        ,        ,        ,        ,      
lorenji01, 1972,     1, BUF , NHL , R  , 78.0, 27.0,  35.0,  62.0,  30.0, 6.0  , 11.0,     ,  0.0,     ,  5.0, 1.0, 175.0,    6.0,   0.0,   3.0,     3.0,     2.0,        ,     0.0,        ,     0.0,        ,     0.0,      
lorenji01, 1973,     1, BUF , NHL , R  , 78.0, 23.0,  31.0,  54.0,  28.0, -19.0, 12.0,     ,  0.0,     ,  4.0, 0.0, 145.0,       ,      ,      ,        ,        ,        ,        ,        ,        ,        ,        ,      
lorenji01, 1974,     1, BUF , NHL , R  , 72.0, 25.0,  45.0,  70.0,  18.0, 17.0 ,  6.0,     ,  0.0,     ,  6.0, 0.0, 140.0,   16.0,   6.0,   4.0,    10.0,     6.0,        ,     0.0,        ,     0.0,        ,     2.0,      
lorenji01, 1975,     1, BUF , NHL , R  , 75.0, 17.0,  24.0,  41.0,  18.0, 3.0  ,  2.0,     ,  1.0,     ,  4.0, 0.0, 116.0,    9.0,   1.0,   2.0,     3.0,     6.0,        ,     0.0,        ,     0.0,        ,     0.0,      
lorenji01, 1976,     1, BUF , NHL , R  , 79.0, 23.0,  33.0,  56.0,   8.0, 3.0  ,  7.0,     ,  0.0,     ,  3.0, 0.0, 156.0,    6.0,   4.0,   0.0,     4.0,     8.0,        ,     0.0,        ,     0.0,        ,     0.0,      
lorenji01, 1977,     1, BUF , NHL , C  , 70.0,  9.0,  15.0,  24.0,  12.0, -4.0 ,  6.0,     ,  0.0,     ,  2.0, 1.0,  85.0,       ,      ,      ,        ,        ,        ,        ,        ,        ,        ,        ,      
lorimbo01, 1976,     1, NYI , NHL , C  ,  1.0,  0.0,   1.0,   1.0,   0.0, 1.0  ,  0.0,     ,  0.0,     ,  0.0, 0.0,   0.0,       ,      ,      ,        ,        ,        ,        ,        ,        ,        ,        ,      
lorimbo01, 1977,     1, NYI , NHL , D  ,  5.0,  1.0,   0.0,   1.0,   0.0, 0.0  ,  0.0,     ,  0.0,     ,  0.0, 0.0,   3.0,       ,      ,      ,        ,        ,        ,        ,        ,        ,        ,        ,      
lorimbo01, 1978,     1, NYI , NHL , D  , 67.0,  3.0,  18.0,  21.0,  42.0, 27.0 ,  0.0,     ,  0.0,     ,  0.0, 0.0,  64.0,   10.0,   1.0,   3.0,     4.0,    15.0,        ,     0.0,        ,     0.0,        ,     0.0,      
lorimbo01, 1979,     1, NYI , NHL , D  , 74.0,  3.0,  16.0,  19.0,  53.0, 32.0 ,  0.0,     ,  0.0,     ,  1.0, 0.0,  98.0,   21.0,   1.0,   3.0,     4.0,    41.0,        ,     0.0,        ,     0.0,        ,     1.0,      
lorimbo01, 1980,     1, NYI , NHL , D  , 73.0,  1.0,  12.0,  13.0,  77.0, 45.0 ,  0.0,     ,  0.0,     ,  0.0, 0.0,  65.0,   18.0,   1.0,   4.0,     5.0,    27.0,        ,     0.0,        ,     0.0,        ,     0.0,      
lorimbo01, 1981,     1, COR , NHL , D  , 79.0,  5.0,  15.0,  20.0,  68.0, -19.0,  1.0,     ,  0.0,     ,  0.0, 0.0,  69.0,       ,      ,      ,        ,        ,        ,        ,        ,        ,        ,        ,      
lorimbo01, 1982,     1, NJD , NHL , D  , 66.0,  3.0,  10.0,  13.0,  42.0, -20.0,  0.0,     ,  0.0,     ,  0.0, 1.0,  53.0,       ,      ,      ,        ,        ,        ,        ,        ,        ,        ,        ,      
lorimbo01, 1983,     1, NJD , NHL , D  , 72.0,  2.0,  10.0,  12.0,  62.0, -28.0,  1.0,     ,  0.0,     ,  0.0, 1.0,  65.0,       ,      ,      ,        ,        ,        ,        ,        ,        ,        ,        ,      
lorimbo01, 1984,     1, NJD , NHL , D  , 46.0,  2.0,   6.0,   8.0,  35.0, 6.0  ,  0.0,     ,  0.0,     ,  0.0, 0.0,  40.0,       ,      ,      ,        ,        ,        ,        ,        ,        ,        ,        ,      
lorimbo01, 1985,     1, NJD , NHL , D  , 46.0,  2.0,   2.0,   4.0,  52.0, -13.0,  0.0,     ,  0.0,     ,  0.0, 0.0,  28.0,       ,      ,      ,        ,        ,        ,        ,        ,        ,        ,        ,      
lorraro01, 1935,     1, MTL , NHL , R  ,  1.0,  0.0,   0.0,   0.0,   2.0,      ,     ,     ,     ,     ,     ,    ,      ,       ,      ,      ,        ,        ,        ,        ,        ,        ,        ,        ,      
lorraro01, 1936,     1, MTL , NHL , R  , 47.0,  3.0,   6.0,   9.0,   8.0,      ,     ,     ,     ,     ,     ,    ,      ,    5.0,   0.0,   0.0,     0.0,     0.0,        ,        ,        ,        ,        ,        ,      
lorraro01, 1937,     1, MTL , NHL , R  , 48.0, 13.0,  19.0,  32.0,  14.0,      ,     ,     ,     ,     ,     ,    ,      ,    3.0,   0.0,   0.0,     0.0,     0.0,        ,        ,        ,        ,        ,        ,      
lorraro01, 1938,     1, MTL , NHL , R  , 38.0, 10.0,   9.0,  19.0,   0.0,      ,     ,     ,     ,     ,     ,    ,      ,    3.0,   0.0,   3.0,     3.0,     0.0,        ,        ,        ,        ,        ,        ,      
lorraro01, 1939,     1, MTL , NHL , R  , 41.0,  1.0,   5.0,   6.0,   6.0,      ,     ,     ,     ,     ,     ,    ,      ,       ,      ,      ,        ,        ,        ,        ,        ,        ,        ,        ,      
lorraro01, 1941,     1, MTL , NHL , R  ,  4.0,  1.0,   0.0,   1.0,   0.0,      ,     ,     ,     ,     ,     ,    ,      ,       ,      ,      ,        ,        ,        ,        ,        ,        ,        ,        ,      
loughcl01, 1916,     1, PO1 , PCHA, D  , 24.0,  3.0,   1.0,   4.0,  41.0,      ,     ,     ,     ,     ,     ,    ,      ,       ,      ,      ,        ,        ,        ,        ,        ,        ,        ,        ,      
loughcl01, 1917,     1, PO1 , PCHA, D  , 18.0,  2.0,   0.0,   2.0,   6.0,      ,     ,     ,     ,     ,     ,    ,      ,       ,      ,      ,        ,        ,        ,        ,        ,        ,        ,        ,      
loughcl01, 1918,     1, VA2 , PCHA, D  , 15.0,  1.0,   3.0,   4.0,   3.0,      ,     ,     ,     ,     ,     ,    ,      ,       ,      ,      ,        ,        ,        ,        ,        ,        ,        ,        ,      
loughcl01, 1919,     1, VA2 , PCHA, D  , 22.0,  2.0,   2.0,   4.0,  18.0,      ,     ,     ,     ,     ,     ,    ,      ,       ,      ,      ,        ,        ,        ,        ,        ,        ,        ,        ,      
loughcl01, 1920,     1, VA2 , PCHA, D  , 24.0,  7.0,   3.0,  10.0,  21.0,      ,     ,     ,     ,     ,     ,    ,      ,       ,      ,      ,        ,        ,        ,        ,        ,        ,        ,        ,      
loughcl01, 1921,     1, VA2 , PCHA, D  , 24.0,  6.0,   3.0,   9.0,   6.0,      ,     ,     ,     ,     ,     ,    ,      ,       ,      ,      ,        ,        ,        ,        ,        ,        ,        ,        ,      
loughcl01, 1922,     1, VC1 , PCHA, D  , 30.0, 12.0,   9.0,  21.0,  18.0,      ,     ,     ,     ,     ,     ,    ,      ,    2.0,   0.0,   0.0,     0.0,     4.0,        ,        ,        ,        ,        ,        ,      
loughcl01, 1923,     1, VC1 , PCHA, D  , 30.0, 10.0,   6.0,  16.0,  18.0,      ,     ,     ,     ,     ,     ,    ,      ,       ,      ,      ,        ,        ,        ,        ,        ,        ,        ,        ,      
loughcl01, 1924,     1, VIC , WCHL, D  , 28.0,  9.0,   2.0,  11.0,  46.0,      ,     ,     ,     ,     ,     ,    ,      ,    4.0,   1.0,   0.0,     1.0,     2.0,        ,        ,        ,        ,        ,        ,      
loughcl01, 1925,     1, VIC , WCHL, D  , 30.0,  7.0,   3.0,  10.0,  52.0,      ,     ,     ,     ,     ,     ,    ,      ,    4.0,   0.0,   2.0,     2.0,     6.0,        ,        ,        ,        ,        ,        ,      
loughcl01, 1926,     1, DTC , NHL , D  , 34.0,  7.0,   3.0,  10.0,  40.0,      ,     ,     ,     ,     ,     ,    ,      ,       ,      ,      ,        ,        ,        ,        ,        ,        ,        ,        ,      
loughcl01, 1927,     1, DTC , NHL , D  , 43.0,  1.0,   2.0,   3.0,  21.0,      ,     ,     ,     ,     ,     ,    ,      ,       ,      ,      ,        ,        ,        ,        ,        ,        ,        ,        ,      
loughcl01, 1928,     1, CHI , NHL , D  , 24.0,  0.0,   1.0,   1.0,  16.0,      ,     ,     ,     ,     ,     ,    ,      ,       ,      ,      ,        ,        ,        ,        ,        ,        ,        ,        ,      
loughwi01, 1918,     1, VA2 , PCHA, D  ,  7.0,  1.0,   3.0,   4.0,   0.0,      ,     ,     ,     ,     ,     ,    ,      ,       ,      ,      ,        ,        ,        ,        ,        ,        ,        ,        ,      
loughwi01, 1919,     1, VA2 , PCHA, D  , 21.0,  4.0,   1.0,   5.0,  19.0,      ,     ,     ,     ,     ,     ,    ,      ,       ,      ,      ,        ,        ,        ,        ,        ,        ,        ,        ,      
loughwi01, 1920,     1, VA2 , PCHA, D  , 24.0,  8.0,   5.0,  13.0,  15.0,      ,     ,     ,     ,     ,     ,    ,      ,       ,      ,      ,        ,        ,        ,        ,        ,        ,        ,        ,      
loughwi01, 1921,     1, VA2 , PCHA, D  , 24.0,  8.0,   3.0,  11.0,  27.0,      ,     ,     ,     ,     ,     ,    ,      ,       ,      ,      ,        ,        ,        ,        ,        ,        ,        ,        ,      
loughwi01, 1922,     1, VC1 , PCHA, D  , 26.0,  0.0,   2.0,   2.0,  19.0,      ,     ,     ,     ,     ,     ,    ,      ,    2.0,   0.0,   0.0,     0.0,     0.0,        ,        ,        ,        ,        ,        ,      
loughwi01, 1923,     1, TRS , NHL , D  , 14.0,  0.0,   0.0,   0.0,   2.0,      ,     ,     ,     ,     ,     ,    ,      ,       ,      ,      ,        ,        ,        ,        ,        ,        ,        ,        ,      
loughwi01, 1924,     1, REG , WCHL, D  , 18.0,  0.0,   0.0,   0.0,  10.0,      ,     ,     ,     ,     ,     ,    ,      ,       ,      ,      ,        ,        ,        ,        ,        ,        ,        ,        ,      
loughwi01, 1925,     1, EDE , WCHL, D  ,  5.0,  1.0,   0.0,   1.0,   0.0,      ,     ,     ,     ,     ,     ,    ,      ,       ,      ,      ,        ,        ,        ,        ,        ,        ,        ,        ,      
loustro01, 1980,     1, WIN , NHL , G  ,  1.0,  0.0,   0.0,   0.0,   0.0, 0.0  ,  0.0,     ,  0.0,     ,  0.0, 0.0,   0.0,       ,      ,      ,        ,        ,        ,        ,        ,        ,        ,        ,      
lovejbe01, 2008,     1, PIT , NHL , D  ,  2.0,  0.0,   0.0,   0.0,   0.0, 0.0  ,  0.0,  0.0,  0.0,  0.0,  0.0,    ,   1.0,       ,      ,      ,        ,        ,        ,        ,        ,        ,        ,        ,      
lovejbe01, 2009,     1, PIT , NHL , D  , 12.0,  0.0,   3.0,   3.0,   2.0, 8.0  ,  0.0,  0.0,  0.0,  0.0,  0.0,    ,  14.0,       ,      ,      ,        ,        ,        ,        ,        ,        ,        ,        ,      
lovsike01, 1990,     1, WAS , NHL , D  ,  1.0,  0.0,   0.0,   0.0,   0.0, -2.0 ,  0.0,  0.0,  0.0,  0.0,  0.0, 0.0,   2.0,       ,      ,      ,        ,        ,        ,        ,        ,        ,        ,        ,      
lowdedw01, 1980,     1, WAS , NHL , D  ,  2.0,  0.0,   1.0,   1.0,   2.0, -1.0 ,  0.0,     ,  0.0,     ,  0.0, 0.0,   2.0,       ,      ,      ,        ,        ,        ,        ,        ,        ,        ,        ,      
loweda01 , 1983,     1, PIT , NHL , R  ,  8.0,  1.0,   2.0,   3.0,   0.0, -5.0 ,  0.0,     ,  0.0,     ,  0.0, 0.0,  14.0,       ,      ,      ,        ,        ,        ,        ,        ,        ,        ,        ,      
loweke01 , 1979,     1, EDM , NHL , D  , 64.0,  2.0,  19.0,  21.0,  70.0, 1.0  ,  2.0,     ,  0.0,     ,  0.0, 0.0,  86.0,    3.0,   0.0,   1.0,     1.0,     0.0,        ,     0.0,        ,     0.0,        ,     0.0,      
loweke01 , 1980,     1, EDM , NHL , D  , 79.0, 10.0,  24.0,  34.0,  94.0, -10.0,  4.0,     ,  0.0,     ,  2.0, 0.0, 115.0,    9.0,   0.0,   2.0,     2.0,    11.0,        ,     0.0,        ,     0.0,        ,     0.0,      
loweke01 , 1981,     1, EDM , NHL , D  , 80.0,  9.0,  31.0,  40.0,  63.0, 46.0 ,  1.0,     ,  1.0,     ,  2.0, 0.0, 110.0,    5.0,   0.0,   3.0,     3.0,     0.0,        ,     0.0,        ,     0.0,        ,     0.0,      
loweke01 , 1982,     1, EDM , NHL , D  , 80.0,  6.0,  34.0,  40.0,  43.0, 39.0 ,  1.0,     ,  0.0,     ,  0.0, 0.0,  92.0,   16.0,   1.0,   8.0,     9.0,    10.0,        ,     0.0,        ,     0.0,        ,     0.0,      
loweke01 , 1983,     1, EDM , NHL , D  , 80.0,  4.0,  42.0,  46.0,  59.0, 37.0 ,  1.0,     ,  0.0,     ,  1.0, 0.0,  81.0,   19.0,   3.0,   7.0,    10.0,    16.0, 13.0   ,     0.0,        ,     0.0,        ,     0.0,    19.0
loweke01 , 1984,     1, EDM , NHL , D  , 80.0,  4.0,  21.0,  25.0, 104.0, 9.0  ,  1.0,     ,  0.0,     ,  1.0, 0.0,  83.0,   16.0,   0.0,   5.0,     5.0,     8.0, 5.0    ,     0.0,        ,     0.0,        ,     0.0,    20.0
loweke01 , 1985,     1, EDM , NHL , D  , 74.0,  2.0,  16.0,  18.0,  90.0, 24.0 ,  0.0,     ,  0.0,     ,  0.0, 0.0,  57.0,   10.0,   1.0,   3.0,     4.0,    15.0, 6.0    ,     0.0,        ,     0.0,        ,     0.0,    16.0
loweke01 , 1986,     1, EDM , NHL , D  , 77.0,  8.0,  29.0,  37.0,  94.0, 41.0 ,  2.0,     ,  2.0,     ,  1.0, 0.0,  99.0,   21.0,   2.0,   4.0,     6.0,    22.0, 8.0    ,     0.0,        ,     2.0,        ,     1.0,    21.0
loweke01 , 1987,     1, EDM , NHL , D  , 70.0,  9.0,  15.0,  24.0,  89.0, 18.0 ,  2.0,  6.0,  1.0,  1.0,  2.0, 0.0,  82.0,   19.0,   0.0,   2.0,     2.0,    26.0, 2.0    ,     0.0,     0.0,     0.0,     0.0,     0.0,     9.0
loweke01 , 1988,     1, EDM , NHL , D  , 76.0,  7.0,  18.0,  25.0,  98.0, 26.0 ,  0.0,  3.0,  0.0,  1.0,  1.0, 0.0,  85.0,    7.0,   1.0,   2.0,     3.0,     4.0, -1.0   ,     0.0,     0.0,     0.0,     0.0,     0.0,    11.0
loweke01 , 1989,     1, EDM , NHL , D  , 78.0,  7.0,  26.0,  33.0, 140.0, 18.0 ,  2.0,  2.0,  1.0,  3.0,  0.0, 0.0,  74.0,   20.0,   0.0,   2.0,     2.0,    10.0, 3.0    ,     0.0,     0.0,     0.0,     0.0,     0.0,    11.0
loweke01 , 1990,     1, EDM , NHL , D  , 73.0,  3.0,  13.0,  16.0, 113.0, -9.0 ,  0.0,  1.0,  0.0,  3.0,  0.0, 0.0,  51.0,   14.0,   1.0,   1.0,     2.0,    14.0, -1.0   ,     0.0,     0.0,     0.0,     0.0,     0.0,     5.0
loweke01 , 1991,     1, EDM , NHL , D  , 55.0,  2.0,   8.0,  10.0, 107.0, -4.0 ,  0.0,  0.0,  0.0,  0.0,  0.0, 0.0,  33.0,   11.0,   0.0,   3.0,     3.0,    16.0, -2.0   ,     0.0,     0.0,     0.0,     0.0,     0.0,     7.0
loweke01 , 1992,     1, NYR , NHL , D  , 49.0,  3.0,  12.0,  15.0,  58.0, -2.0 ,  0.0,  0.0,  0.0,  2.0,  0.0, 0.0,  52.0,       ,      ,      ,        ,        ,        ,        ,        ,        ,        ,        ,      
loweke01 , 1993,     1, NYR , NHL , D  , 71.0,  5.0,  14.0,  19.0,  70.0, 4.0  ,  0.0,  2.0,  0.0,  3.0,  1.0, 0.0,  50.0,   22.0,   1.0,   0.0,     1.0,    20.0, 6.0    ,     0.0,     0.0,     0.0,     0.0,     0.0,    15.0
loweke01 , 1994,     1, NYR , NHL , D  , 44.0,  1.0,   7.0,   8.0,  58.0, -2.0 ,  1.0,  0.0,  0.0,  0.0,  0.0, 0.0,  35.0,   10.0,   0.0,   1.0,     1.0,    12.0, -5.0   ,     0.0,     0.0,     0.0,     0.0,     0.0,     7.0
loweke01 , 1995,     1, NYR , NHL , D  , 53.0,  1.0,   5.0,   6.0,  76.0, 20.0 ,  0.0,  0.0,  0.0,  1.0,  0.0, 0.0,  30.0,   10.0,   0.0,   4.0,     4.0,     4.0, 5.0    ,     0.0,     0.0,     0.0,     0.0,     0.0,     7.0
loweke01 , 1996,     1, EDM , NHL , D  , 64.0,  1.0,  13.0,  14.0,  50.0, -1.0 ,  0.0,  1.0,  0.0,  1.0,  0.0, 0.0,  46.0,    1.0,   0.0,   0.0,     0.0,     0.0, -1.0   ,     0.0,     0.0,     0.0,     0.0,     0.0,     0.0
loweke01 , 1997,     1, EDM , NHL , D  ,  7.0,  0.0,   0.0,   0.0,  22.0, -3.0 ,  0.0,  0.0,  0.0,  0.0,  0.0, 0.0,   5.0,    1.0,   0.0,   0.0,     0.0,     4.0, 0.0    ,     0.0,     0.0,     0.0,     0.0,     0.0,     0.0
loweod01 , 1949,     1, NYR , NHL , C  ,  4.0,  1.0,   1.0,   2.0,   0.0,      ,     ,     ,     ,     ,     ,    ,      ,       ,      ,      ,        ,        ,        ,        ,        ,        ,        ,        ,      
lowero01 , 1949,     1, BOS , NHL , D  ,  3.0,  0.0,   0.0,   0.0,   0.0,      ,     ,     ,     ,     ,     ,    ,      ,       ,      ,      ,        ,        ,        ,        ,        ,        ,        ,        ,      
lowero01 , 1950,     1, BOS , NHL , D  , 43.0,  5.0,   3.0,   8.0,  40.0,      ,     ,     ,     ,     ,     ,    ,      ,       ,      ,      ,        ,        ,        ,        ,        ,        ,        ,        ,      
lowero01 , 1950,     2, MTL , NHL , D  ,     ,     ,      ,      ,      ,      ,     ,     ,     ,     ,     ,    ,      ,    2.0,   0.0,   0.0,     0.0,     0.0,        ,        ,        ,        ,        ,        ,      
lowero01 , 1951,     1, MTL , NHL , D  , 31.0,  1.0,   5.0,   6.0,  42.0,      ,     ,     ,     ,     ,     ,    ,      ,       ,      ,      ,        ,        ,        ,        ,        ,        ,        ,        ,      
lowre01  , 2000,     1, STL , NHL , R  , 56.0,  1.0,   5.0,   6.0, 159.0, 4.0  ,  0.0,  0.0,  0.0,  0.0,  0.0, 0.0,  31.0,       ,      ,      ,        ,        ,        ,        ,        ,        ,        ,        ,      
lowre01  , 2001,     1, STL , NHL , R  , 58.0,  0.0,   5.0,   5.0, 160.0, -3.0 ,  0.0,  0.0,  0.0,  0.0,  0.0, 0.0,  25.0,       ,      ,      ,        ,        ,        ,        ,        ,        ,        ,        ,      
lowre01  , 2002,     1, STL , NHL , R  , 79.0,  2.0,   4.0,   6.0, 234.0, 3.0  ,  0.0,  0.0,  0.0,  0.0,  1.0, 0.0,  48.0,       ,      ,      ,        ,        ,        ,        ,        ,        ,        ,        ,      
lowre01  , 2003,     1, STL , NHL , R  , 57.0,  0.0,   2.0,   2.0, 141.0, -6.0 ,  0.0,  0.0,  0.0,  0.0,  0.0, 0.0,  28.0,       ,      ,      ,        ,        ,        ,        ,        ,        ,        ,        ,      
lowre01  , 2006,     1, CHI , NHL , R  ,  6.0,  0.0,   0.0,   0.0,  31.0, -1.0 ,  0.0,  0.0,  0.0,  0.0,  0.0,    ,   0.0,       ,      ,      ,        ,        ,        ,        ,        ,        ,        ,        ,      
lowreed01, 1912,     1, OT1 , NHA ,    , 13.0,  4.0,   0.0,   4.0,  14.0,      ,     ,     ,     ,     ,     ,    ,      ,       ,      ,      ,        ,        ,        ,        ,        ,        ,        ,        ,      
lowreed01, 1913,     1, TOO , NHA ,    , 16.0,  1.0,   3.0,   4.0,  13.0,      ,     ,     ,     ,     ,     ,    ,      ,       ,      ,      ,        ,        ,        ,        ,        ,        ,        ,        ,      
lowreed01, 1914,     1, MOC , NHA ,    ,  1.0,  0.0,   0.0,   0.0,   3.0,      ,     ,     ,     ,     ,     ,    ,      ,       ,      ,      ,        ,        ,        ,        ,        ,        ,        ,        ,      
lowreed01, 1914,     2, OT1 , NHA ,    ,  4.0,  2.0,   1.0,   3.0,   3.0,      ,     ,     ,     ,     ,     ,    ,      ,    2.0,   0.0,      ,        ,        ,        ,        ,        ,        ,        ,        ,      
lowreed01, 1915,     1, TBS , NHA ,    ,  2.0,  0.0,   0.0,   0.0,   0.0,      ,     ,     ,     ,     ,     ,    ,      ,       ,      ,      ,        ,        ,        ,        ,        ,        ,        ,        ,      
lowreed01, 1916,     1, OT1 , NHA ,    , 20.0,  3.0,   0.0,   3.0,   0.0,      ,     ,     ,     ,     ,     ,    ,      ,    2.0,   0.0,      ,        ,        ,        ,        ,        ,        ,        ,        ,      
lowreed01, 1917,     1, OTS , NHL , F  , 12.0,  2.0,   1.0,   3.0,   3.0,      ,     ,     ,     ,     ,  0.0,    ,      ,       ,      ,      ,        ,        ,        ,        ,        ,        ,        ,        ,      
lowreed01, 1918,     1, OTS , NHL , F  , 10.0,  0.0,   1.0,   1.0,   3.0,      ,     ,     ,     ,     ,     ,    ,      ,       ,      ,      ,        ,        ,        ,        ,        ,        ,        ,        ,      
lowreed01, 1920,     1, HAM , NHL , F  ,  5.0,  0.0,   0.0,   0.0,   0.0,      ,     ,     ,     ,     ,     ,    ,      ,       ,      ,      ,        ,        ,        ,        ,        ,        ,        ,        ,      
lowreed01, 1921,     1, REG , WCHL, R  ,  7.0,  1.0,   0.0,   1.0,   0.0,      ,     ,     ,     ,     ,     ,    ,      ,       ,      ,      ,        ,        ,        ,        ,        ,        ,        ,        ,      
lowrefr01, 1924,     1, MTM , NHL , D  , 27.0,  0.0,   1.0,   1.0,   6.0,      ,     ,     ,     ,     ,     ,    ,      ,       ,      ,      ,        ,        ,        ,        ,        ,        ,        ,        ,      
lowrefr01, 1925,     1, MTM , NHL , D  , 10.0,  1.0,   0.0,   1.0,   2.0,      ,     ,     ,     ,     ,     ,    ,      ,       ,      ,      ,        ,        ,        ,        ,        ,        ,        ,        ,      
lowrefr01, 1925,     2, PIP , NHL , D  , 16.0,  0.0,   0.0,   0.0,   2.0,      ,     ,     ,     ,     ,     ,    ,      ,    2.0,   0.0,   0.0,     0.0,     6.0,        ,        ,        ,        ,        ,        ,      
lowrege01, 1927,     1, TOR , NHL , C  , 25.0,  6.0,   5.0,  11.0,  29.0,      ,     ,     ,     ,     ,     ,    ,      ,       ,      ,      ,        ,        ,        ,        ,        ,        ,        ,        ,      
lowrege01, 1928,     1, TOR , NHL , C  , 32.0,  3.0,  11.0,  14.0,  24.0,      ,     ,     ,     ,     ,     ,    ,      ,       ,      ,      ,        ,        ,        ,        ,        ,        ,        ,        ,      
lowrege01, 1928,     2, PIP , NHL , C  , 12.0,  2.0,   1.0,   3.0,   6.0,      ,     ,     ,     ,     ,     ,    ,      ,       ,      ,      ,        ,        ,        ,        ,        ,        ,        ,        ,      
lowrege01, 1929,     1, PIP , NHL , C  , 44.0, 16.0,  14.0,  30.0,  30.0,      ,     ,     ,     ,     ,     ,    ,      ,       ,      ,      ,        ,        ,        ,        ,        ,        ,        ,        ,      
lowrege01, 1930,     1, PHQ , NHL , C  , 43.0, 13.0,  14.0,  27.0,  27.0,      ,     ,     ,     ,     ,     ,    ,      ,       ,      ,      ,        ,        ,        ,        ,        ,        ,        ,        ,      
lowrege01, 1931,     1, CHI , NHL , C  , 48.0,  8.0,   3.0,  11.0,  32.0,      ,     ,     ,     ,     ,     ,    ,      ,    2.0,   1.0,   0.0,     1.0,     2.0,        ,        ,        ,        ,        ,        ,      
lowrege01, 1932,     1, OTS , NHL , L  ,  7.0,  0.0,   0.0,   0.0,   0.0,      ,     ,     ,     ,     ,     ,    ,      ,       ,      ,      ,        ,        ,        ,        ,        ,        ,        ,        ,      
lowro01  , 1972,     1, TOR , NHL , G  , 42.0,  0.0,   0.0,   0.0,   4.0, 0.0  ,  0.0,     ,  0.0,     ,  0.0, 0.0,   0.0,       ,      ,      ,        ,        ,        ,        ,        ,        ,        ,        ,      
lowro01  , 1974,     1, WAS , NHL , G  , 48.0,  0.0,   0.0,   0.0,   4.0, 0.0  ,  0.0,     ,  0.0,     ,  0.0, 0.0,   0.0,       ,      ,      ,        ,        ,        ,        ,        ,        ,        ,        ,      
lowro01  , 1975,     1, WAS , NHL , G  , 43.0,  0.0,   0.0,   0.0,   2.0, 0.0  ,  0.0,     ,  0.0,     ,  0.0, 0.0,   0.0,       ,      ,      ,        ,        ,        ,        ,        ,        ,        ,        ,      
lowro01  , 1976,     1, WAS , NHL , G  , 54.0,  0.0,   0.0,   0.0,   4.0, 0.0  ,  0.0,     ,  0.0,     ,  0.0, 0.0,   0.0,       ,      ,      ,        ,        ,        ,        ,        ,        ,        ,        ,      
lowro01  , 1977,     1, DET , NHL , G  , 32.0,  0.0,   1.0,   1.0,   0.0, 0.0  ,  0.0,     ,  0.0,     ,  0.0, 0.0,   0.0,    4.0,   0.0,   0.0,     0.0,     0.0,        ,     0.0,        ,     0.0,        ,     0.0,      
lowro01  , 1979,     1, QUE , NHL , G  , 15.0,  0.0,   2.0,   2.0,   0.0, 0.0  ,  0.0,     ,  0.0,     ,  0.0, 0.0,   0.0,       ,      ,      ,        ,        ,        ,        ,        ,        ,        ,        ,      
lowro01  , 1979,     2, EDM , NHL , G  , 11.0,  0.0,   1.0,   1.0,   0.0, 0.0  ,  0.0,     ,  0.0,     ,  0.0, 0.0,   0.0,    3.0,   0.0,   0.0,     0.0,     0.0,        ,     0.0,        ,     0.0,        ,     0.0,      
lowro01  , 1980,     1, EDM , NHL , G  , 24.0,  0.0,   3.0,   3.0,   0.0, 0.0  ,  0.0,     ,  0.0,     ,  0.0, 0.0,   0.0,       ,      ,      ,        ,        ,        ,        ,        ,        ,        ,        ,      
lowro01  , 1981,     1, EDM , NHL , G  , 29.0,  0.0,   0.0,   0.0,   2.0, 0.0  ,  0.0,     ,  0.0,     ,  0.0, 0.0,   0.0,       ,      ,      ,        ,        ,        ,        ,        ,        ,        ,        ,      
lowro01  , 1982,     1, EDM , NHL , G  ,  3.0,  0.0,   0.0,   0.0,   0.0, 0.0  ,  0.0,     ,  0.0,     ,  0.0, 0.0,   0.0,       ,      ,      ,        ,        ,        ,        ,        ,        ,        ,        ,      
lowro01  , 1982,     2, NJD , NHL , G  , 11.0,  0.0,   1.0,   1.0,   4.0, 0.0  ,  0.0,     ,  0.0,     ,  0.0, 0.0,   0.0,       ,      ,      ,        ,        ,        ,        ,        ,        ,        ,        ,      
lowro01  , 1983,     1, NJD , NHL , G  , 44.0,  0.0,   0.0,   0.0,   4.0, 0.0  ,  0.0,     ,  0.0,     ,  0.0, 0.0,   0.0,       ,      ,      ,        ,        ,        ,        ,        ,        ,        ,        ,      
lowro01  , 1984,     1, NJD , NHL , G  , 26.0,  0.0,   0.0,   0.0,  21.0, 0.0  ,  0.0,     ,  0.0,     ,  0.0, 0.0,   0.0,       ,      ,      ,        ,        ,        ,        ,        ,        ,        ,        ,      
lowryda01, 1985,     1, VAN , NHL , L  , 73.0, 10.0,   8.0,  18.0, 143.0, -21.0,  1.0,     ,  0.0,     ,  1.0, 0.0,  66.0,    3.0,   0.0,   0.0,     0.0,     0.0, -2.0   ,     0.0,        ,     0.0,        ,     0.0,     1.0
lowryda01, 1986,     1, VAN , NHL , L  , 70.0,  8.0,  10.0,  18.0, 176.0, -23.0,  0.0,     ,  0.0,     ,  1.0, 0.0,  74.0,       ,      ,      ,        ,        ,        ,        ,        ,        ,        ,        ,      
lowryda01, 1987,     1, VAN , NHL , L  , 22.0,  1.0,   3.0,   4.0,  38.0, -2.0 ,  0.0,  1.0,  0.0,  0.0,  0.0, 0.0,  14.0,       ,      ,      ,        ,        ,        ,        ,        ,        ,        ,        ,      
lowryda01, 1988,     1, STL , NHL , L  , 21.0,  3.0,   3.0,   6.0,  11.0, 1.0  ,  0.0,  0.0,  1.0,  0.0,  0.0, 0.0,  22.0,   10.0,   0.0,   5.0,     5.0,     4.0, 0.0    ,     0.0,     0.0,     0.0,     0.0,     0.0,    18.0
lowryda01, 1989,     1, STL , NHL , L  , 78.0, 19.0,   6.0,  25.0,  75.0, 1.0  ,  0.0,  0.0,  2.0,  0.0,  1.0, 1.0,  98.0,   12.0,   2.0,   1.0,     3.0,    39.0, -7.0   ,     0.0,     0.0,     0.0,     0.0,     0.0,    20.0
lowryda01, 1990,     1, STL , NHL , L  , 79.0, 19.0,  21.0,  40.0, 168.0, 19.0 ,  0.0,  0.0,  2.0,  4.0,  5.0, 0.0, 123.0,   13.0,   1.0,   4.0,     5.0,    35.0, -6.0   ,     0.0,     0.0,     0.0,     0.0,     0.0,    21.0
lowryda01, 1991,     1, STL , NHL , L  , 75.0,  7.0,  13.0,  20.0,  77.0, -11.0,  0.0,  0.0,  0.0,  1.0,  1.0, 0.0,  85.0,    6.0,   0.0,   1.0,     1.0,    20.0, 0.0    ,     0.0,     0.0,     0.0,     0.0,     0.0,     6.0
lowryda01, 1992,     1, STL , NHL , L  , 58.0,  5.0,   8.0,  13.0, 101.0, -18.0,  0.0,  0.0,  0.0,  0.0,  0.0, 0.0,  59.0,   11.0,   2.0,   0.0,     2.0,    14.0, -1.0   ,     0.0,     0.0,     1.0,     0.0,     0.0,    15.0
lowryda01, 1993,     1, FLO , NHL , L  , 80.0, 15.0,  22.0,  37.0,  64.0, -4.0 ,  3.0,  6.0,  0.0,  0.0,  3.0, 1.0, 122.0,       ,      ,      ,        ,        ,        ,        ,        ,        ,        ,        ,      
lowryda01, 1994,     1, FLO , NHL , L  , 45.0, 10.0,  10.0,  20.0,  25.0, -3.0 ,  2.0,  5.0,  0.0,  0.0,  3.0, 0.0,  70.0,       ,      ,      ,        ,        ,        ,        ,        ,        ,        ,        ,      
lowryda01, 1995,     1, FLO , NHL , L  , 63.0, 10.0,  14.0,  24.0,  36.0, -2.0 ,  0.0,  5.0,  0.0,  0.0,  1.0, 0.0,  83.0,   22.0,  10.0,   7.0,    17.0,    39.0, 8.0    ,     4.0,     2.0,     0.0,     0.0,     2.0,    45.0
lowryda01, 1996,     1, FLO , NHL , L  , 77.0, 15.0,  14.0,  29.0,  51.0, 2.0  ,  2.0,  3.0,  0.0,  0.0,  2.0, 1.0,  96.0,    5.0,   0.0,   0.0,     0.0,     0.0, -3.0   ,     0.0,     0.0,     0.0,     0.0,     0.0,     8.0
lowryda01, 1997,     1, FLO , NHL , L  ,  7.0,  0.0,   0.0,   0.0,   2.0, -1.0 ,  0.0,  0.0,  0.0,  0.0,  0.0, 0.0,   4.0,       ,      ,      ,        ,        ,        ,        ,        ,        ,        ,        ,      
lowryda01, 1997,     2, SJS , NHL , L  , 50.0,  4.0,   4.0,   8.0,  51.0, 0.0  ,  0.0,  0.0,  0.0,  0.0,  1.0, 0.0,  47.0,    6.0,   0.0,   0.0,     0.0,    18.0, 0.0    ,     0.0,     0.0,     0.0,     0.0,     0.0,     3.0
lowryda01, 1998,     1, SJS , NHL , L  , 61.0,  6.0,   9.0,  15.0,  24.0, -5.0 ,  2.0,  1.0,  0.0,  0.0,  0.0, 1.0,  58.0,    1.0,   0.0,   0.0,     0.0,     0.0, 0.0    ,     0.0,     0.0,     0.0,     0.0,     0.0,     0.0
lowryda01, 1999,     1, SJS , NHL , L  , 32.0,  1.0,   4.0,   5.0,  18.0, 1.0  ,  0.0,  0.0,  0.0,  0.0,  0.0, 0.0,  25.0,   12.0,   1.0,   2.0,     3.0,     6.0, 0.0    ,     0.0,     0.0,     0.0,     0.0,     0.0,     7.0
lowryda01, 2000,     1, CAL , NHL , L  , 79.0, 18.0,  17.0,  35.0,  47.0, -2.0 ,  5.0,  4.0,  0.0,  0.0,  5.0, 0.0, 108.0,       ,      ,      ,        ,        ,        ,        ,        ,        ,        ,        ,      
lowryda01, 2001,     1, CAL , NHL , L  , 62.0,  7.0,   6.0,  13.0,  51.0, -20.0,  2.0,  0.0,  1.0,  0.0,  1.0, 1.0,  74.0,       ,      ,      ,        ,        ,        ,        ,        ,        ,        ,        ,      
lowryda01, 2002,     1, CAL , NHL , L  , 34.0,  5.0,  14.0,  19.0,  22.0, 4.0  ,  1.0,  4.0,  0.0,  0.0,  0.0, 0.0,  40.0,       ,      ,      ,        ,        ,        ,        ,        ,        ,        ,        ,      
lowryda01, 2003,     1, CAL , NHL , L  , 18.0,  1.0,   1.0,   2.0,  11.0, -6.0 ,  0.0,  0.0,  0.0,  0.0,  0.0, 0.0,   9.0,   10.0,   0.0,   0.0,     0.0,     6.0, -1.0   ,     0.0,     0.0,     0.0,     0.0,     0.0,     4.0
lowtnle01, 1914,     1, TBS , NHA ,    , 14.0,  0.0,   1.0,   1.0,   6.0,      ,     ,     ,     ,     ,     ,    ,      ,       ,      ,      ,        ,        ,        ,        ,        ,        ,        ,        ,      
loynsly01, 2002,     1, SJS , NHL , L  , 19.0,  3.0,   0.0,   3.0,  19.0, -4.0 ,  0.0,  0.0,  0.0,  0.0,  0.0, 0.0,  12.0,       ,      ,      ,        ,        ,        ,        ,        ,        ,        ,        ,      
loynsly01, 2003,     1, SJS , NHL , L  ,  2.0,  0.0,   0.0,   0.0,   0.0, -1.0 ,  0.0,  0.0,  0.0,  0.0,  0.0, 0.0,   0.0,       ,      ,      ,        ,        ,        ,        ,        ,        ,        ,        ,      
loynsly01, 2003,     2, CAL , NHL , L  , 12.0,  0.0,   2.0,   2.0,   2.0, -2.0 ,  0.0,  0.0,  0.0,  1.0,  0.0, 0.0,   6.0,       ,      ,      ,        ,        ,        ,        ,        ,        ,        ,        ,      
loynsly01, 2005,     1, CAL , NHL , L  ,  1.0,  0.0,   0.0,   0.0,   0.0, 0.0  ,  0.0,  0.0,  0.0,  0.0,  0.0,    ,   0.0,       ,      ,      ,        ,        ,        ,        ,        ,        ,        ,        ,      
lozinla01, 1980,     1, DET , NHL , G  , 30.0,  0.0,   1.0,   1.0,   0.0, 0.0  ,  0.0,     ,  0.0,     ,  0.0, 0.0,   0.0,       ,      ,      ,        ,        ,        ,        ,        ,        ,        ,        ,      
lucasda01, 1962,     1, DET , NHL , D  ,  1.0,  0.0,   0.0,   0.0,   0.0,      ,     ,     ,     ,     ,     ,    ,      ,       ,      ,      ,        ,        ,        ,        ,        ,        ,        ,        ,      
lucasda02, 1978,     1, PHI , NHL , L  ,  6.0,  1.0,   0.0,   1.0,   0.0, -2.0 ,  0.0,     ,  0.0,     ,  0.0, 0.0,   8.0,       ,      ,      ,        ,        ,        ,        ,        ,        ,        ,        ,      
lucedo01 , 1969,     1, NYR , NHL , C  , 12.0,  1.0,   2.0,   3.0,   8.0, -2.0 ,  0.0,     ,  0.0,     ,  0.0, 0.0,  20.0,    5.0,   0.0,   1.0,     1.0,     4.0,        ,     0.0,        ,     0.0,        ,     0.0,      
lucedo01 , 1970,     1, NYR , NHL , C  ,  9.0,  0.0,   1.0,   1.0,   0.0, 0.0  ,  0.0,     ,  0.0,     ,  0.0, 0.0,   3.0,       ,      ,      ,        ,        ,        ,        ,        ,        ,        ,        ,      
lucedo01 , 1970,     2, DET , NHL , C  , 58.0,  3.0,  11.0,  14.0,  18.0, -6.0 ,  0.0,     ,  0.0,     ,  0.0, 0.0,  71.0,       ,      ,      ,        ,        ,        ,        ,        ,        ,        ,        ,      
lucedo01 , 1971,     1, BUF , NHL , C  , 78.0, 11.0,   8.0,  19.0,  38.0, -18.0,  0.0,     ,  0.0,     ,  1.0, 1.0, 126.0,       ,      ,      ,        ,        ,        ,        ,        ,        ,        ,        ,      
lucedo01 , 1972,     1, BUF , NHL , C  , 78.0, 18.0,  25.0,  43.0,  32.0, 7.0  ,  0.0,     ,  3.0,     ,  2.0, 0.0, 198.0,    6.0,   1.0,   1.0,     2.0,     2.0,        ,     0.0,        ,     0.0,        ,     0.0,      
lucedo01 , 1973,     1, BUF , NHL , C  , 75.0, 26.0,  31.0,  57.0,  44.0, 3.0  ,  2.0,     ,  3.0,     ,  1.0, 2.0, 237.0,       ,      ,      ,        ,        ,        ,        ,        ,        ,        ,        ,      
lucedo01 , 1974,     1, BUF , NHL , C  , 80.0, 33.0,  43.0,  76.0,  45.0, 61.0 ,  1.0,     ,  8.0,     ,  6.0, 0.0, 245.0,   16.0,   5.0,   8.0,    13.0,    19.0,        ,     0.0,        ,     1.0,        ,     0.0,      
lucedo01 , 1975,     1, BUF , NHL , C  , 77.0, 21.0,  49.0,  70.0,  42.0, 37.0 ,  2.0,     ,  2.0,     ,  2.0, 1.0, 214.0,    9.0,   4.0,   3.0,     7.0,     6.0,        ,     0.0,        ,     0.0,        ,     1.0,      
lucedo01 , 1976,     1, BUF , NHL , C  , 80.0, 26.0,  43.0,  69.0,  16.0, 38.0 ,  6.0,     ,  1.0,     ,  6.0, 1.0, 206.0,    6.0,   3.0,   1.0,     4.0,     2.0,        ,     2.0,        ,     0.0,        ,     0.0,      
lucedo01 , 1977,     1, BUF , NHL , C  , 78.0, 26.0,  35.0,  61.0,  24.0, 32.0 ,  5.0,     ,  2.0,     ,  3.0, 0.0, 170.0,    8.0,   0.0,   2.0,     2.0,     6.0,        ,     0.0,        ,     0.0,        ,     0.0,      
lucedo01 , 1978,     1, BUF , NHL , C  , 79.0, 26.0,  35.0,  61.0,  14.0, 20.0 ,  6.0,     ,  2.0,     ,  7.0, 2.0, 149.0,    3.0,   1.0,   1.0,     2.0,     0.0,        ,     0.0,        ,     0.0,        ,     0.0,      
lucedo01 , 1979,     1, BUF , NHL , C  , 80.0, 14.0,  29.0,  43.0,  30.0, 22.0 ,  0.0,     ,  0.0,     ,  0.0, 2.0, 137.0,   14.0,   3.0,   3.0,     6.0,    11.0,        ,     0.0,        ,     1.0,        ,     1.0,      
lucedo01 , 1980,     1, BUF , NHL , C  , 61.0, 15.0,  13.0,  28.0,  19.0, 14.0 ,  0.0,     ,  4.0,     ,  2.0, 1.0,  94.0,       ,      ,      ,        ,        ,        ,        ,        ,        ,        ,        ,      
lucedo01 , 1980,     2, LAK , NHL , C  , 10.0,  1.0,   0.0,   1.0,   2.0, -4.0 ,  0.0,     ,  0.0,     ,  0.0, 0.0,   8.0,    4.0,   0.0,   2.0,     2.0,     2.0,        ,     0.0,        ,     0.0,        ,     0.0,      
lucedo01 , 1981,     1, TOR , NHL , C  , 39.0,  4.0,   4.0,   8.0,  32.0, -7.0 ,  0.0,     ,  1.0,     ,  0.0, 0.0,  36.0,       ,      ,      ,        ,        ,        ,        ,        ,        ,        ,        ,      
lucicmi01, 2007,     1, BOS , NHL , L  , 77.0,  8.0,  19.0,  27.0,  89.0, -2.0 ,  1.0,  2.0,  0.0,  0.0,  4.0,    ,  88.0,    7.0,   2.0,   0.0,     2.0,     4.0, -1.0   ,     0.0,     0.0,     0.0,     0.0,     0.0,    12.0
lucicmi01, 2008,     1, BOS , NHL , L  , 72.0, 17.0,  25.0,  42.0, 136.0, 17.0 ,  2.0,  6.0,  0.0,  0.0,  3.0,    ,  97.0,   10.0,   3.0,   6.0,     9.0,    43.0, 12.0   ,     0.0,     0.0,     0.0,     0.0,     0.0,    20.0
lucicmi01, 2009,     1, BOS , NHL , L  , 50.0,  9.0,  11.0,  20.0,  44.0, -7.0 ,  0.0,  1.0,  0.0,  0.0,  2.0,    ,  72.0,   13.0,   5.0,   4.0,     9.0,    19.0, 1.0    ,     2.0,     0.0,     0.0,     0.0,     1.0,    24.0
ludvija01, 1982,     1, NJD , NHL , R  , 51.0,  7.0,  10.0,  17.0,  30.0, -27.0,  2.0,     ,  0.0,     ,  0.0, 0.0, 103.0,       ,      ,      ,        ,        ,        ,        ,        ,        ,        ,        ,      
ludvija01, 1983,     1, NJD , NHL , R  , 74.0, 22.0,  32.0,  54.0,  70.0, -18.0,  7.0,     ,  0.0,     ,  2.0, 0.0, 176.0,       ,      ,      ,        ,        ,        ,        ,        ,        ,        ,        ,      
ludvija01, 1984,     1, NJD , NHL , L  , 74.0, 12.0,  19.0,  31.0,  53.0, -19.0,  3.0,     ,  0.0,     ,  1.0, 0.0, 134.0,       ,      ,      ,        ,        ,        ,        ,        ,        ,        ,        ,      
ludvija01, 1985,     1, NJD , NHL , R  , 42.0,  5.0,   9.0,  14.0,  63.0, -16.0,  0.0,     ,  0.0,     ,  0.0, 0.0,  72.0,       ,      ,      ,        ,        ,        ,        ,        ,        ,        ,        ,      
ludvija01, 1986,     1, NJD , NHL , R  , 47.0,  7.0,   9.0,  16.0,  98.0, -5.0 ,  1.0,     ,  0.0,     ,  0.0, 2.0,  56.0,       ,      ,      ,        ,        ,        ,        ,        ,        ,        ,        ,      
ludvija01, 1987,     1, BUF , NHL , R  , 13.0,  1.0,   6.0,   7.0,  65.0, 1.0  ,  0.0,  0.0,  0.0,  0.0,  0.0, 0.0,  13.0,       ,      ,      ,        ,        ,        ,        ,        ,        ,        ,        ,      
ludvija01, 1988,     1, BUF , NHL , R  , 13.0,  0.0,   2.0,   2.0,  39.0, -1.0 ,  0.0,  0.0,  0.0,  0.0,  0.0, 0.0,  11.0,       ,      ,      ,        ,        ,        ,        ,        ,        ,        ,        ,      
ludwicr01, 1982,     1, MTL , NHL , D  , 80.0,  0.0,  25.0,  25.0,  59.0, 4.0  ,  0.0,     ,  0.0,     ,  0.0, 0.0,  81.0,    3.0,   0.0,   0.0,     0.0,     2.0,        ,     0.0,        ,     0.0,        ,     0.0,      
ludwicr01, 1983,     1, MTL , NHL , D  , 80.0,  7.0,  18.0,  25.0,  52.0, -10.0,  0.0,     ,  0.0,     ,  1.0, 0.0, 116.0,   15.0,   0.0,   3.0,     3.0,    23.0, 5.0    ,     0.0,        ,     0.0,        ,     0.0,    14.0
ludwicr01, 1984,     1, MTL , NHL , D  , 72.0,  5.0,  14.0,  19.0,  90.0, 5.0  ,  1.0,     ,  0.0,     ,  0.0, 0.0,  73.0,   12.0,   0.0,   1.0,     1.0,     6.0, -7.0   ,     0.0,        ,     0.0,        ,     0.0,    13.0
ludwicr01, 1985,     1, MTL , NHL , D  , 69.0,  2.0,   4.0,   6.0,  63.0, 7.0  ,  0.0,     ,  0.0,     ,  0.0, 0.0,  58.0,   20.0,   0.0,   1.0,     1.0,    48.0, 3.0    ,     0.0,        ,     0.0,        ,     0.0,    13.0
ludwicr01, 1986,     1, MTL , NHL , D  , 75.0,  4.0,  12.0,  16.0, 105.0, 3.0  ,  0.0,     ,  0.0,     ,  0.0, 1.0,  55.0,   17.0,   2.0,   3.0,     5.0,    30.0, 2.0    ,     0.0,        ,     0.0,        ,     1.0,    14.0
ludwicr01, 1987,     1, MTL , NHL , D  , 74.0,  4.0,  10.0,  14.0,  69.0, 17.0 ,  0.0,  0.0,  0.0,  1.0,  0.0, 0.0,  82.0,   11.0,   1.0,   1.0,     2.0,     6.0, 1.0    ,     0.0,     0.0,     0.0,     0.0,     0.0,     7.0
ludwicr01, 1988,     1, MTL , NHL , D  , 74.0,  3.0,  13.0,  16.0,  73.0, 33.0 ,  0.0,  1.0,  1.0,  0.0,  1.0, 1.0,  83.0,   21.0,   0.0,   2.0,     2.0,    24.0, 10.0   ,     0.0,     0.0,     0.0,     0.0,     0.0,    18.0
ludwicr01, 1989,     1, MTL , NHL , D  , 73.0,  1.0,  15.0,  16.0, 108.0, 24.0 ,  0.0,  0.0,  0.0,  0.0,  0.0, 0.0,  49.0,   11.0,   0.0,   1.0,     1.0,    16.0, 5.0    ,     0.0,     0.0,     0.0,     0.0,     0.0,     9.0
ludwicr01, 1990,     1, NYI , NHL , D  , 75.0,  1.0,   8.0,   9.0,  77.0, -24.0,  0.0,  0.0,  0.0,  0.0,  0.0, 0.0,  46.0,       ,      ,      ,        ,        ,        ,        ,        ,        ,        ,        ,      
ludwicr01, 1991,     1, MNS , NHL , D  , 73.0,  2.0,   9.0,  11.0,  54.0, 0.0  ,  0.0,  0.0,  0.0,  0.0,  0.0, 0.0,  51.0,    7.0,   0.0,   1.0,     1.0,    19.0, 1.0    ,     0.0,     0.0,     0.0,     0.0,     0.0,     2.0
ludwicr01, 1992,     1, MNS , NHL , D  , 78.0,  1.0,  10.0,  11.0, 153.0, 1.0  ,  0.0,  0.0,  0.0,  1.0,  0.0, 0.0,  66.0,       ,      ,      ,        ,        ,        ,        ,        ,        ,        ,        ,      
ludwicr01, 1993,     1, DAL , NHL , D  , 84.0,  1.0,  13.0,  14.0, 123.0, -1.0 ,  1.0,  0.0,  0.0,  1.0,  0.0, 0.0,  65.0,    9.0,   0.0,   3.0,     3.0,     8.0, 3.0    ,     0.0,     0.0,     0.0,     0.0,     0.0,    15.0
ludwicr01, 1994,     1, DAL , NHL , D  , 47.0,  2.0,   7.0,   9.0,  61.0, -6.0 ,  0.0,  0.0,  0.0,  0.0,  0.0, 0.0,  55.0,    4.0,   0.0,   1.0,     1.0,     2.0, 5.0    ,     0.0,     0.0,     0.0,     0.0,     0.0,     2.0
ludwicr01, 1995,     1, DAL , NHL , D  , 65.0,  1.0,   2.0,   3.0,  70.0, -17.0,  0.0,  0.0,  0.0,  0.0,  0.0, 0.0,  47.0,       ,      ,      ,        ,        ,        ,        ,        ,        ,        ,        ,      
ludwicr01, 1996,     1, DAL , NHL , D  , 77.0,  2.0,  11.0,  13.0,  62.0, 17.0 ,  0.0,  0.0,  0.0,  1.0,  1.0, 0.0,  59.0,    7.0,   0.0,   2.0,     2.0,    18.0, 1.0    ,     0.0,     0.0,     0.0,     0.0,     0.0,     5.0
ludwicr01, 1997,     1, DAL , NHL , D  , 80.0,  0.0,   7.0,   7.0, 131.0, 21.0 ,  0.0,  0.0,  0.0,  1.0,  0.0, 0.0,  46.0,   17.0,   0.0,   1.0,     1.0,    22.0, 0.0    ,     0.0,     0.0,     0.0,     0.0,     0.0,    10.0
ludwicr01, 1998,     1, DAL , NHL , D  , 80.0,  2.0,   6.0,   8.0,  87.0, 5.0  ,  0.0,  0.0,  0.0,  2.0,  0.0, 0.0,  39.0,   23.0,   1.0,   4.0,     5.0,    20.0, 2.0    ,     0.0,     0.0,     0.0,     0.0,     0.0,     6.0
ludzist01, 1981,     1, CHI , NHL , C  ,  8.0,  2.0,   1.0,   3.0,   2.0, 1.0  ,  0.0,     ,  0.0,     ,  0.0, 0.0,   9.0,       ,      ,      ,        ,        ,        ,        ,        ,        ,        ,        ,      
ludzist01, 1982,     1, CHI , NHL , C/L, 66.0,  6.0,  19.0,  25.0,  63.0, 7.0  ,  0.0,     ,  0.0,     ,  0.0, 0.0,  56.0,   13.0,   3.0,   5.0,     8.0,    20.0,        ,     0.0,        ,     0.0,        ,     0.0,      
ludzist01, 1983,     1, CHI , NHL , L  , 80.0,  9.0,  20.0,  29.0,  73.0, -5.0 ,  0.0,     ,  0.0,     ,  0.0, 1.0, 102.0,    4.0,   0.0,   1.0,     1.0,     9.0, -2.0   ,     0.0,        ,     0.0,        ,     0.0,     4.0
ludzist01, 1984,     1, CHI , NHL , L  , 79.0, 11.0,  20.0,  31.0,  86.0, 5.0  ,  0.0,     ,  1.0,     ,  1.0, 0.0, 100.0,   15.0,   1.0,   1.0,     2.0,    16.0, -1.0   ,     0.0,        ,     0.0,        ,     0.0,     5.0
ludzist01, 1985,     1, CHI , NHL , L  , 49.0,  6.0,   5.0,  11.0,  21.0, -2.0 ,  0.0,     ,  1.0,     ,  0.0, 0.0,  41.0,    3.0,   0.0,   0.0,     0.0,    12.0, -1.0   ,     0.0,        ,     0.0,        ,     0.0,    10.0
ludzist01, 1986,     1, CHI , NHL , L  , 52.0,  5.0,  12.0,  17.0,  34.0, -3.0 ,  0.0,     ,  0.0,     ,  1.0, 1.0,  56.0,    4.0,   0.0,   0.0,     0.0,     0.0, -1.0   ,     0.0,        ,     0.0,        ,     0.0,     5.0
ludzist01, 1987,     1, CHI , NHL , C  , 73.0,  6.0,  15.0,  21.0,  40.0, -14.0,  1.0,  2.0,  0.0,  0.0,  1.0, 0.0,  55.0,    5.0,   0.0,   1.0,     1.0,    13.0, 0.0    ,     0.0,     0.0,     0.0,     0.0,     0.0,     3.0
ludzist01, 1988,     1, CHI , NHL , C  ,  6.0,  1.0,   0.0,   1.0,   8.0, 0.0  ,  0.0,  0.0,  0.0,  0.0,  0.0, 0.0,   7.0,       ,      ,      ,        ,        ,        ,        ,        ,        ,        ,        ,      
ludzist01, 1989,     1, BUF , NHL , C  , 11.0,  0.0,   1.0,   1.0,   6.0, -2.0 ,  0.0,  0.0,  0.0,  0.0,  0.0, 0.0,  15.0,       ,      ,      ,        ,        ,        ,        ,        ,        ,        ,        ,      
luhniwa01, 1997,     1, NYI , NHL , R  ,  8.0,  0.0,   0.0,   0.0,   0.0, -4.0 ,  0.0,  0.0,  0.0,  0.0,  0.0, 0.0,   6.0,       ,      ,      ,        ,        ,        ,        ,        ,        ,        ,        ,      
luhniwa01, 1998,     1, NYI , NHL , R  , 11.0,  0.0,   0.0,   0.0,   8.0, -4.0 ,  0.0,  0.0,  0.0,  0.0,  0.0, 0.0,  11.0,       ,      ,      ,        ,        ,        ,        ,        ,        ,        ,        ,      
luhniwa01, 1999,     1, DAL , NHL , R  , 10.0,  0.0,   1.0,   1.0,  13.0, -2.0 ,  0.0,  0.0,  0.0,  0.0,  0.0, 0.0,   7.0,       ,      ,      ,        ,        ,        ,        ,        ,        ,        ,        ,      
lukacjo01, 1978,     1, CZE , WHA ,    ,  3.0,  0.0,   1.0,   1.0,   0.0,      ,     ,     ,     ,     ,     ,    ,      ,       ,      ,      ,        ,        ,        ,        ,        ,        ,        ,        ,      
lukowbe01, 1973,     1, PIT , NHL , R  , 53.0,  9.0,  10.0,  19.0,  32.0, -4.0 ,  1.0,     ,  0.0,     ,  2.0, 0.0,  60.0,       ,      ,      ,        ,        ,        ,        ,        ,        ,        ,        ,      
lukowbe01, 1974,     1, STL , NHL , R  , 26.0,  4.0,   5.0,   9.0,   2.0, 4.0  ,  2.0,     ,  0.0,     ,  2.0, 0.0,  19.0,    2.0,   0.0,   0.0,     0.0,     0.0,        ,     0.0,        ,     0.0,        ,     0.0,      
lukowbe01, 1975,     1, CAC , WHA , R  , 15.0,  5.0,   2.0,   7.0,  18.0, -5.0 ,  0.0,     ,  0.0,     ,  1.0,    ,  24.0,   10.0,   3.0,   4.0,     7.0,     8.0, 1.0    ,        ,        ,        ,        ,        ,      
lukowbe01, 1976,     1, CAC , WHA , R  ,  6.0,  0.0,   1.0,   1.0,   0.0, 2.0  ,  0.0,     ,  0.0,     ,  0.0,    ,  10.0,       ,      ,      ,        ,        ,        ,        ,        ,        ,        ,        ,      
lukowbr01, 1997,     1, DAL , NHL , D  ,  4.0,  0.0,   1.0,   1.0,   2.0, -2.0 ,  0.0,  0.0,  0.0,  0.0,  0.0, 0.0,   2.0,       ,      ,      ,        ,        ,        ,        ,        ,        ,        ,        ,      
lukowbr01, 1998,     1, DAL , NHL , D  , 14.0,  1.0,   2.0,   3.0,  19.0, 3.0  ,  0.0,  0.0,  0.0,  0.0,  0.0, 0.0,   8.0,    8.0,   0.0,   1.0,     1.0,     4.0, 3.0    ,     0.0,     0.0,     0.0,     0.0,     0.0,     6.0
lukowbr01, 1999,     1, DAL , NHL , D  , 60.0,  3.0,   1.0,   4.0,  50.0, -14.0,  0.0,  0.0,  0.0,  0.0,  1.0, 0.0,  33.0,       ,      ,      ,        ,        ,        ,        ,        ,        ,        ,        ,      
lukowbr01, 2000,     1, DAL , NHL , D  , 80.0,  4.0,  10.0,  14.0,  76.0, 28.0 ,  0.0,  2.0,  0.0,  1.0,  2.0, 0.0,  43.0,   10.0,   1.0,   0.0,     1.0,     4.0, 2.0    ,     0.0,     0.0,     0.0,     0.0,     0.0,    14.0
lukowbr01, 2001,     1, DAL , NHL , D  , 66.0,  1.0,   6.0,   7.0,  40.0, -1.0 ,  0.0,  1.0,  0.0,  0.0,  0.0, 1.0,  56.0,       ,      ,      ,        ,        ,        ,        ,        ,        ,        ,        ,      
lukowbr01, 2002,     1, TBL , NHL , D  , 70.0,  1.0,  14.0,  15.0,  46.0, 4.0  ,  0.0,  1.0,  0.0,  0.0,  0.0, 0.0,  52.0,    9.0,   0.0,   1.0,     1.0,     2.0, -2.0   ,     0.0,     0.0,     0.0,     0.0,     0.0,     4.0
lukowbr01, 2003,     1, TBL , NHL , D  , 79.0,  5.0,  14.0,  19.0,  24.0, 29.0 ,  0.0,  2.0,  0.0,  0.0,  1.0, 0.0,  86.0,   18.0,   0.0,   2.0,     2.0,     6.0, 4.0    ,     0.0,     1.0,     0.0,     0.0,     0.0,     7.0
lukowbr01, 2005,     1, NYI , NHL , D  , 57.0,  1.0,  12.0,  13.0,  32.0, -3.0 ,  0.0,  1.0,  0.0,  1.0,  1.0,    ,  36.0,       ,      ,      ,        ,        ,        ,        ,        ,        ,        ,        ,      
lukowbr01, 2005,     2, NJD , NHL , D  , 18.0,  1.0,   7.0,   8.0,   8.0, 3.0  ,  0.0,  0.0,  0.0,  0.0,  0.0,    ,  13.0,    9.0,   0.0,   0.0,     0.0,     4.0, 0.0    ,     0.0,     0.0,     0.0,     0.0,     0.0,     6.0
lukowbr01, 2006,     1, NJD , NHL , D  , 75.0,  4.0,   8.0,  12.0,  36.0, 1.0  ,  0.0,  1.0,  1.0,  0.0,  2.0,    ,  50.0,   11.0,   0.0,   1.0,     1.0,     2.0, 2.0    ,     0.0,     0.0,     0.0,     0.0,     0.0,     4.0
lukowbr01, 2007,     1, TBL , NHL , D  , 59.0,  1.0,   6.0,   7.0,  20.0, -15.0,  0.0,  0.0,  0.0,  1.0,  0.0,    ,  28.0,       ,      ,      ,        ,        ,        ,        ,        ,        ,        ,        ,      
lukowbr01, 2008,     1, SJS , NHL , D  , 58.0,  0.0,   8.0,   8.0,  12.0, 5.0  ,  0.0,  0.0,  0.0,  0.0,  0.0,    ,  43.0,    6.0,   0.0,   0.0,     0.0,     0.0, 1.0    ,     0.0,     0.0,     0.0,     0.0,     0.0,     6.0
lukowbr01, 2009,     1, VAN , NHL , D  , 13.0,  1.0,   1.0,   2.0,   4.0, 5.0  ,  0.0,  0.0,  0.0,  0.0,  1.0,    ,   1.0,       ,      ,      ,        ,        ,        ,        ,        ,        ,        ,        ,      
lukowmo01, 1976,     1, HOU , WHA , L  , 68.0, 27.0,  18.0,  45.0,  67.0, 20.0 ,  6.0,     ,  0.0,     ,     ,    , 119.0,   11.0,   6.0,   4.0,    10.0,    19.0, 4.0    ,        ,        ,        ,        ,     1.0,      
lukowmo01, 1977,     1, HOU , WHA , L  , 80.0, 40.0,  35.0,  75.0, 131.0, 13.0 , 13.0,     ,  0.0,     ,     ,    , 199.0,    6.0,   1.0,   2.0,     3.0,    17.0, -3.0   ,        ,        ,        ,        ,     0.0,      
lukowmo01, 1978,     1, WIJ , WHA , L  , 80.0, 65.0,  34.0,  99.0, 119.0, 26.0 , 16.0,     ,  0.0,     ,     ,    , 278.0,   10.0,   8.0,   7.0,    15.0,    21.0, 9.0    ,        ,        ,        ,        ,     1.0,      
lukowmo01, 1979,     1, WIN , NHL , L  , 78.0, 35.0,  39.0,  74.0,  77.0, -16.0, 13.0,     ,  1.0,     ,  2.0, 2.0, 201.0,       ,      ,      ,        ,        ,        ,        ,        ,        ,        ,        ,      
lukowmo01, 1980,     1, WIN , NHL , L  , 80.0, 33.0,  34.0,  67.0,  90.0, -39.0,  9.0,     ,  2.0,     ,  2.0, 0.0, 175.0,       ,      ,      ,        ,        ,        ,        ,        ,        ,        ,        ,      
lukowmo01, 1981,     1, WIN , NHL , L  , 77.0, 43.0,  49.0,  92.0, 102.0, -4.0 , 13.0,     ,  0.0,     ,  6.0, 3.0, 229.0,    4.0,   0.0,   2.0,     2.0,    16.0,        ,     0.0,        ,     0.0,        ,     0.0,      
lukowmo01, 1982,     1, WIN , NHL , L  , 69.0, 22.0,  21.0,  43.0,  67.0, -28.0,  6.0,     ,  0.0,     ,  2.0, 2.0, 162.0,       ,      ,      ,        ,        ,        ,        ,        ,        ,        ,        ,      
lukowmo01, 1983,     1, WIN , NHL , L  , 80.0, 30.0,  25.0,  55.0,  71.0, 10.0 ,  4.0,     ,  0.0,     ,  1.0, 1.0, 155.0,    3.0,   0.0,   0.0,     0.0,     0.0, -3.0   ,     0.0,        ,     0.0,        ,     0.0,     7.0
lukowmo01, 1984,     1, WIN , NHL , L  , 47.0,  5.0,   9.0,  14.0,  31.0, -13.0,  1.0,     ,  0.0,     ,  2.0, 0.0,  37.0,       ,      ,      ,        ,        ,        ,        ,        ,        ,        ,        ,      
lukowmo01, 1984,     2, BOS , NHL , L  , 22.0,  5.0,   8.0,  13.0,  21.0, 7.0  ,  0.0,     ,  0.0,     ,  1.0, 0.0,  29.0,    1.0,   0.0,   0.0,     0.0,     0.0, 0.0    ,     0.0,        ,     0.0,        ,     0.0,     0.0
lukowmo01, 1985,     1, BOS , NHL , L  , 14.0,  1.0,   4.0,   5.0,  10.0, 2.0  ,  0.0,     ,  0.0,     ,  0.0, 0.0,  25.0,       ,      ,      ,        ,        ,        ,        ,        ,        ,        ,        ,      
lukowmo01, 1985,     2, LAK , NHL , L  , 55.0, 11.0,   9.0,  20.0,  51.0, -19.0,  0.0,     ,  0.0,     ,  0.0, 0.0,  85.0,       ,      ,      ,        ,        ,        ,        ,        ,        ,        ,        ,      
lukowmo01, 1986,     1, LAK , NHL , L  , 60.0, 14.0,  21.0,  35.0,  64.0, 0.0  ,  4.0,     ,  0.0,     ,  2.0, 0.0, 105.0,    3.0,   0.0,   0.0,     0.0,     8.0, 1.0    ,     0.0,        ,     0.0,        ,     0.0,     5.0
luksach01, 1978,     1, CIN , WHA , D  , 78.0,  8.0,  12.0,  20.0, 116.0, 0.0  ,  2.0,     ,  0.0,     ,     ,    , 141.0,    3.0,   0.0,   0.0,     0.0,     7.0, 1.0    ,        ,        ,        ,        ,     0.0,      
luksach01, 1979,     1, HAR , NHL , D  ,  8.0,  0.0,   1.0,   1.0,   4.0, 0.0  ,  0.0,     ,  0.0,     ,  0.0, 0.0,   3.0,       ,      ,      ,        ,        ,        ,        ,        ,        ,        ,        ,      
lumleda01, 1978,     1, MTL , NHL , R  ,  3.0,  0.0,   0.0,   0.0,   0.0, 0.0  ,  0.0,     ,  0.0,     ,  0.0, 0.0,   2.0,       ,      ,      ,        ,        ,        ,        ,        ,        ,        ,        ,      
lumleda01, 1979,     1, EDM , NHL , R  , 80.0, 20.0,  38.0,  58.0, 138.0, 15.0 ,  1.0,     ,  0.0,     ,  6.0, 0.0, 145.0,    3.0,   1.0,   0.0,     1.0,    12.0,        ,     1.0,        ,     0.0,        ,     0.0,      
lumleda01, 1980,     1, EDM , NHL , R  , 53.0,  7.0,   9.0,  16.0,  74.0, -15.0,  0.0,     ,  0.0,     ,  1.0, 0.0,  54.0,    7.0,   1.0,   0.0,     1.0,     4.0,        ,     0.0,        ,     0.0,        ,     0.0,      
lumleda01, 1981,     1, EDM , NHL , R  , 66.0, 32.0,  42.0,  74.0,  96.0, 12.0 ,  4.0,     ,  1.0,     ,  6.0, 3.0, 148.0,    5.0,   2.0,   1.0,     3.0,    21.0,        ,     0.0,        ,     0.0,        ,     0.0,      
lumleda01, 1982,     1, EDM , NHL , R  , 72.0, 13.0,  24.0,  37.0, 158.0, 19.0 ,  2.0,     ,  0.0,     ,  1.0, 0.0,  96.0,   16.0,   0.0,   0.0,     0.0,    19.0,        ,     0.0,        ,     0.0,        ,     0.0,      
lumleda01, 1983,     1, EDM , NHL , R  , 56.0,  6.0,  15.0,  21.0,  68.0, 14.0 ,  0.0,     ,  0.0,     ,  0.0, 1.0,  44.0,   19.0,   2.0,   5.0,     7.0,    44.0, 6.0    ,     0.0,        ,     0.0,        ,     0.0,    21.0
lumleda01, 1984,     1, HAR , NHL , R  , 48.0,  8.0,  20.0,  28.0,  98.0, -17.0,  1.0,     ,  0.0,     ,  0.0, 0.0,  77.0,       ,      ,      ,        ,        ,        ,        ,        ,        ,        ,        ,      
lumleda01, 1984,     2, EDM , NHL , R  , 12.0,  1.0,   3.0,   4.0,  13.0, -1.0 ,  0.0,     ,  0.0,     ,  0.0, 0.0,  10.0,    8.0,   0.0,   0.0,     0.0,    29.0, -5.0   ,     0.0,        ,     0.0,        ,     0.0,     2.0
lumleda01, 1985,     1, EDM , NHL , R  , 46.0, 11.0,   9.0,  20.0,  35.0, 13.0 ,  1.0,     ,  0.0,     ,  1.0, 0.0,  33.0,    3.0,   0.0,   2.0,     2.0,     2.0, 0.0    ,     0.0,        ,     0.0,        ,     0.0,     1.0
lumleda01, 1986,     1, EDM , NHL , R  ,  1.0,  0.0,   0.0,   0.0,   0.0, 0.0  ,  0.0,     ,  0.0,     ,  0.0, 0.0,   0.0,       ,      ,      ,        ,        ,        ,        ,        ,        ,        ,        ,      
lumleha01, 1943,     1, NYR , NHL , G  ,  1.0,  0.0,   0.0,   0.0,   0.0,      ,     ,     ,     ,     ,     ,    ,      ,       ,      ,      ,        ,        ,        ,        ,        ,        ,        ,        ,      
lumleha01, 1943,     2, DET , NHL , G  ,  2.0,  0.0,   0.0,   0.0,   0.0,      ,     ,     ,     ,     ,     ,    ,      ,       ,      ,      ,        ,        ,        ,        ,        ,        ,        ,        ,      
lumleha01, 1944,     1, DET , NHL , G  , 37.0,  0.0,   0.0,   0.0,   0.0,      ,     ,     ,     ,     ,     ,    ,      ,   14.0,   0.0,   0.0,     0.0,     0.0,        ,        ,        ,        ,        ,        ,      
lumleha01, 1945,     1, DET , NHL , G  , 50.0,  0.0,   0.0,   0.0,   6.0,      ,     ,     ,     ,     ,     ,    ,      ,    5.0,   0.0,   0.0,     0.0,     0.0,        ,        ,        ,        ,        ,        ,      
lumleha01, 1946,     1, DET , NHL , G  , 52.0,  0.0,   0.0,   0.0,   4.0,      ,     ,     ,     ,     ,     ,    ,      ,       ,      ,      ,        ,        ,        ,        ,        ,        ,        ,        ,      
lumleha01, 1947,     1, DET , NHL , G  , 60.0,  0.0,   0.0,   0.0,   8.0,      ,     ,     ,     ,     ,     ,    ,      ,   10.0,   0.0,   0.0,     0.0,    10.0,        ,        ,        ,        ,        ,        ,      
lumleha01, 1948,     1, DET , NHL , G  , 60.0,  0.0,   0.0,   0.0,  12.0,      ,     ,     ,     ,     ,     ,    ,      ,   11.0,   0.0,   0.0,     0.0,     2.0,        ,        ,        ,        ,        ,        ,      
lumleha01, 1949,     1, DET , NHL , G  , 63.0,  0.0,   0.0,   0.0,  10.0,      ,     ,     ,     ,     ,     ,    ,      ,   14.0,   0.0,   0.0,     0.0,     0.0,        ,        ,        ,        ,        ,        ,      
lumleha01, 1950,     1, CHI , NHL , G  , 64.0,  0.0,   0.0,   0.0,   4.0,      ,     ,     ,     ,     ,     ,    ,      ,       ,      ,      ,        ,        ,        ,        ,        ,        ,        ,        ,      
lumleha01, 1951,     1, CHI , NHL , G  , 70.0,  0.0,   0.0,   0.0,   2.0,      ,     ,     ,     ,     ,     ,    ,      ,       ,      ,      ,        ,        ,        ,        ,        ,        ,        ,        ,      
lumleha01, 1952,     1, TOR , NHL , G  , 70.0,  0.0,   0.0,   0.0,  18.0,      ,     ,     ,     ,     ,     ,    ,      ,       ,      ,      ,        ,        ,        ,        ,        ,        ,        ,        ,      
lumleha01, 1953,     1, TOR , NHL , G  , 69.0,  0.0,   0.0,   0.0,   6.0,      ,     ,     ,     ,     ,     ,    ,      ,    5.0,   0.0,   0.0,     0.0,     0.0,        ,        ,        ,        ,        ,        ,      
lumleha01, 1954,     1, TOR , NHL , G  , 69.0,  0.0,   0.0,   0.0,   9.0,      ,     ,     ,     ,     ,     ,    ,      ,    4.0,   0.0,   0.0,     0.0,     0.0,        ,        ,        ,        ,        ,        ,      
lumleha01, 1955,     1, TOR , NHL , G  , 59.0,  0.0,   0.0,   0.0,   2.0,      ,     ,     ,     ,     ,     ,    ,      ,    5.0,   0.0,   0.0,     0.0,     2.0,        ,        ,        ,        ,        ,        ,      
lumleha01, 1957,     1, BOS , NHL , G  , 24.0,  0.0,   0.0,   0.0,   2.0,      ,     ,     ,     ,     ,     ,    ,      ,    1.0,   0.0,   0.0,     0.0,     0.0,        ,        ,        ,        ,        ,        ,      
lumleha01, 1958,     1, BOS , NHL , G  , 11.0,  0.0,   0.0,   0.0,   0.0,      ,     ,     ,     ,     ,     ,    ,      ,    7.0,   0.0,   0.0,     0.0,     4.0,        ,        ,        ,        ,        ,        ,      
lumleha01, 1959,     1, BOS , NHL , G  , 42.0,  0.0,   0.0,   0.0,  12.0,      ,     ,     ,     ,     ,     ,    ,      ,       ,      ,      ,        ,        ,        ,        ,        ,        ,        ,        ,      
lummejy01, 1988,     1, MTL , NHL , D  , 21.0,  1.0,   3.0,   4.0,  10.0, 3.0  ,  1.0,  2.0,  0.0,  0.0,  0.0, 0.0,  18.0,       ,      ,      ,        ,        ,        ,        ,        ,        ,        ,        ,      
lummejy01, 1989,     1, MTL , NHL , D  , 54.0,  1.0,  19.0,  20.0,  41.0, 17.0 ,  0.0,  8.0,  0.0,  0.0,  0.0, 0.0,  79.0,       ,      ,      ,        ,        ,        ,        ,        ,        ,        ,        ,      
lummejy01, 1989,     2, VAN , NHL , D  , 11.0,  3.0,   7.0,  10.0,   8.0, 0.0  ,  0.0,  5.0,  0.0,  0.0,  1.0, 0.0,  30.0,       ,      ,      ,        ,        ,        ,        ,        ,        ,        ,        ,      
lummejy01, 1990,     1, VAN , NHL , D  , 80.0,  5.0,  27.0,  32.0,  59.0, -15.0,  1.0,  8.0,  0.0,  0.0,  0.0, 0.0, 157.0,    6.0,   2.0,   3.0,     5.0,     0.0, -4.0   ,     1.0,     2.0,     1.0,     0.0,     0.0,     7.0
lummejy01, 1991,     1, VAN , NHL , D  , 75.0, 12.0,  32.0,  44.0,  65.0, 25.0 ,  3.0, 17.0,  1.0,  1.0,  1.0, 0.0, 106.0,   13.0,   2.0,   3.0,     5.0,     4.0, 3.0    ,     1.0,     2.0,     0.0,     0.0,     1.0,    20.0
lummejy01, 1992,     1, VAN , NHL , D  , 74.0,  8.0,  36.0,  44.0,  55.0, 30.0 ,  3.0, 12.0,  2.0,  1.0,  1.0, 0.0, 123.0,   12.0,   0.0,   5.0,     5.0,     6.0, 4.0    ,     0.0,     3.0,     0.0,     0.0,     0.0,    25.0
lummejy01, 1993,     1, VAN , NHL , D  , 83.0, 13.0,  42.0,  55.0,  50.0, 3.0  ,  1.0, 15.0,  3.0,  4.0,  3.0, 0.0, 161.0,   24.0,   2.0,  11.0,    13.0,    16.0, 8.0    ,     2.0,     5.0,     0.0,     0.0,     1.0,    53.0
lummejy01, 1994,     1, VAN , NHL , D  , 36.0,  5.0,  12.0,  17.0,  26.0, 4.0  ,  3.0,  3.0,  0.0,  2.0,  1.0, 0.0,  78.0,   11.0,   2.0,   6.0,     8.0,     8.0, 0.0    ,     1.0,     2.0,     0.0,     2.0,     0.0,    23.0
lummejy01, 1995,     1, VAN , NHL , D  , 80.0, 17.0,  37.0,  54.0,  50.0, -9.0 ,  8.0, 17.0,  0.0,  2.0,  2.0, 2.0, 192.0,    6.0,   1.0,   3.0,     4.0,     2.0, -1.0   ,     1.0,     1.0,     0.0,     0.0,     0.0,    13.0
lummejy01, 1996,     1, VAN , NHL , D  , 66.0, 11.0,  24.0,  35.0,  32.0, 8.0  ,  5.0, 10.0,  0.0,  1.0,  2.0, 0.0, 107.0,       ,      ,      ,        ,        ,        ,        ,        ,        ,        ,        ,      
lummejy01, 1997,     1, VAN , NHL , D  , 74.0,  9.0,  21.0,  30.0,  34.0, -25.0,  4.0,  8.0,  0.0,  0.0,  1.0, 1.0, 117.0,       ,      ,      ,        ,        ,        ,        ,        ,        ,        ,        ,      
lummejy01, 1998,     1, PHO , NHL , D  , 60.0,  7.0,  21.0,  28.0,  34.0, 5.0  ,  1.0,  9.0,  0.0,  1.0,  4.0, 0.0, 121.0,    7.0,   0.0,   1.0,     1.0,     6.0, -2.0   ,     0.0,     1.0,     0.0,     0.0,     0.0,     8.0
lummejy01, 1999,     1, PHO , NHL , D  , 74.0,  8.0,  32.0,  40.0,  44.0, 9.0  ,  4.0, 12.0,  0.0,  3.0,  3.0, 0.0, 142.0,    5.0,   0.0,   1.0,     1.0,     2.0, -2.0   ,     0.0,     1.0,     0.0,     0.0,     0.0,     9.0
lummejy01, 2000,     1, PHO , NHL , D  , 58.0,  4.0,  21.0,  25.0,  44.0, 3.0  ,  0.0,  9.0,  0.0,  0.0,  0.0, 1.0,  77.0,       ,      ,      ,        ,        ,        ,        ,        ,        ,        ,        ,      
lummejy01, 2001,     1, DAL , NHL , D  , 15.0,  0.0,   1.0,   1.0,   4.0, -5.0 ,  0.0,  0.0,  0.0,  0.0,  0.0, 0.0,  12.0,       ,      ,      ,        ,        ,        ,        ,        ,        ,        ,        ,      
lummejy01, 2001,     2, TOR , NHL , D  , 51.0,  4.0,   8.0,  12.0,  18.0, 13.0 ,  1.0,  2.0,  2.0,  0.0,  1.0, 0.0,  61.0,   14.0,   0.0,   0.0,     0.0,     4.0, -2.0   ,     0.0,     0.0,     0.0,     0.0,     0.0,     9.0
lummejy01, 2002,     1, TOR , NHL , D  , 73.0,  6.0,  11.0,  17.0,  46.0, 10.0 ,  1.0,  2.0,  0.0,  0.0,  3.0, 0.0,  72.0,    7.0,   0.0,   2.0,     2.0,     4.0, 4.0    ,     0.0,     0.0,     0.0,     0.0,     0.0,     7.0
lundbbr01, 1982,     1, PIT , NHL , D  ,  1.0,  0.0,   0.0,   0.0,   2.0, -1.0 ,  0.0,     ,  0.0,     ,  0.0, 0.0,   0.0,       ,      ,      ,        ,        ,        ,        ,        ,        ,        ,        ,      
lundele01, 1958,     1, DET , NHL , C  , 68.0, 14.0,  12.0,  26.0,  15.0,      ,     ,     ,     ,     ,     ,    ,      ,       ,      ,      ,        ,        ,        ,        ,        ,        ,        ,        ,      
lundele01, 1959,     1, DET , NHL , C  , 66.0,  6.0,  17.0,  23.0,  10.0,      ,     ,     ,     ,     ,     ,    ,      ,    6.0,   1.0,   2.0,     3.0,     0.0,        ,        ,        ,        ,        ,        ,      
lundele01, 1960,     1, DET , NHL , C  , 53.0,  6.0,  12.0,  18.0,  10.0,      ,     ,     ,     ,     ,     ,    ,      ,   10.0,   2.0,   0.0,     2.0,     0.0,        ,        ,        ,        ,        ,     0.0,      
lundele01, 1961,     1, DET , NHL , C  , 23.0,  2.0,   9.0,  11.0,   4.0,      ,     ,     ,     ,     ,     ,    ,      ,       ,      ,      ,        ,        ,        ,        ,        ,        ,        ,        ,      
lundele01, 1962,     1, CHI , NHL , C  , 60.0,  6.0,  22.0,  28.0,  30.0,      ,     ,     ,     ,     ,     ,    ,      ,    4.0,   0.0,   0.0,     0.0,     2.0,        ,        ,        ,        ,        ,     0.0,      
lundele01, 1965,     1, CHI , NHL , C  , 24.0,  4.0,   7.0,  11.0,   4.0,      ,  0.0,     ,  0.0,     ,  0.0, 0.0,      ,       ,      ,      ,        ,        ,        ,        ,        ,        ,        ,        ,      
lundele01, 1967,     1, MNS , NHL , C  ,  7.0,  0.0,   1.0,   1.0,   0.0, -7.0 ,  0.0,     ,  0.0,     ,  0.0, 0.0,  21.0,       ,      ,      ,        ,        ,        ,        ,        ,        ,        ,        ,      
lundele01, 1970,     1, VAN , NHL , C  , 20.0,  1.0,   3.0,   4.0,   2.0, -3.0 ,  0.0,     ,  1.0,     ,  0.0, 0.0,  20.0,       ,      ,      ,        ,        ,        ,        ,        ,        ,        ,        ,      
lundele01, 1973,     1, EDO , WHA , L  , 72.0, 26.0,  22.0,  48.0,   8.0,      ,  7.0,     ,  2.0,     ,  4.0,    ,      ,    5.0,   0.0,   1.0,     1.0,     0.0,        ,        ,        ,        ,        ,     0.0,      
lundhbe01, 1981,     1, WIN , NHL , L  , 66.0, 14.0,  30.0,  44.0,  10.0, 5.0  ,  3.0,     ,  0.0,     ,  3.0, 1.0,  99.0,    4.0,   1.0,   1.0,     2.0,     2.0,        ,     0.0,        ,     0.0,        ,     0.0,      
lundhbe01, 1982,     1, WIN , NHL , L  , 58.0, 14.0,  28.0,  42.0,  16.0, 10.0 ,  1.0,     ,  0.0,     ,  0.0, 1.0,  66.0,    3.0,   0.0,   1.0,     1.0,     2.0,        ,     0.0,        ,     0.0,        ,     0.0,      
lundhbe01, 1983,     1, WIN , NHL , L  , 57.0,  5.0,  14.0,  19.0,  20.0, -7.0 ,  1.0,     ,  0.0,     ,  0.0, 0.0,  48.0,       ,      ,      ,        ,        ,        ,        ,        ,        ,        ,        ,      
lundhbe01, 1984,     1, WIN , NHL , L  , 78.0, 12.0,  18.0,  30.0,  20.0, 8.0  ,  1.0,     ,  0.0,     ,  1.0, 0.0,  58.0,    5.0,   2.0,   2.0,     4.0,     8.0, -4.0   ,     0.0,        ,     2.0,        ,     0.0,     9.0
lundhbe01, 1985,     1, WIN , NHL , R  , 16.0,  3.0,   5.0,   8.0,   6.0, -4.0 ,  0.0,     ,  1.0,     ,  0.0, 0.0,  14.0,    2.0,   0.0,   0.0,     0.0,     2.0, 0.0    ,     0.0,        ,     0.0,        ,     0.0,     1.0
lundimi01, 2007,     1, TBL , NHL , D  , 81.0,  0.0,   6.0,   6.0,  16.0, 3.0  ,  0.0,  0.0,  0.0,  1.0,  0.0,    ,  33.0,       ,      ,      ,        ,        ,        ,        ,        ,        ,        ,        ,      
lundimi01, 2008,     1, TBL , NHL , D  , 25.0,  0.0,   2.0,   2.0,   4.0, -4.0 ,  0.0,  0.0,  0.0,  0.0,  0.0,    ,   8.0,       ,      ,      ,        ,        ,        ,        ,        ,        ,        ,        ,      
lundimi01, 2009,     1, TBL , NHL , D  , 49.0,  3.0,  10.0,  13.0,  18.0, -4.0 ,  0.0,  1.0,  0.0,  0.0,  0.0,    ,  42.0,       ,      ,      ,        ,        ,        ,        ,        ,        ,        ,        ,      
lundla01 , 1972,     1, HOU , WHA , C  , 77.0, 21.0,  45.0,  66.0, 120.0,      ,  4.0,     ,  0.0,     ,  2.0,    ,      ,   10.0,   3.0,   7.0,    10.0,    24.0,        ,     0.0,        ,     0.0,        ,     1.0,      
lundla01 , 1973,     1, HOU , WHA , C  , 75.0, 33.0,  53.0,  86.0, 109.0,      ,  7.0,     ,  2.0,     , 10.0,    ,      ,   14.0,   9.0,  14.0,    23.0,    56.0,        ,        ,        ,        ,        ,     1.0,      
lundla01 , 1974,     1, HOU , WHA , C  , 78.0, 33.0,  75.0, 108.0,  68.0, 28.0 , 13.0,     ,  0.0,     ,     ,    , 188.0,   13.0,   5.0,  13.0,    18.0,    13.0,        ,        ,        ,        ,        ,     1.0,      
lundla01 , 1975,     1, HOU , WHA , C  , 73.0, 24.0,  49.0,  73.0,  50.0, 3.0  ,  6.0,     ,  1.0,     ,  1.0,    , 146.0,    5.0,   1.0,   1.0,     2.0,     4.0, -4.0   ,        ,        ,        ,        ,        ,      
lundla01 , 1976,     1, HOU , WHA , C  , 80.0, 29.0,  38.0,  67.0,  36.0, 20.0 ,  7.0,     ,  0.0,     , 11.0,    , 109.0,   11.0,   2.0,   8.0,    10.0,    17.0, -2.0   ,        ,        ,        ,        ,     0.0,      
lundla01 , 1977,     1, HOU , WHA , C  , 76.0,  9.0,  17.0,  26.0,  36.0, -22.0,  1.0,     ,  0.0,     ,     ,    ,  60.0,    6.0,   0.0,   2.0,     2.0,     2.0, -1.0   ,        ,        ,        ,        ,     0.0,      
lundmja01, 2002,     1, NYR , NHL , C  , 55.0,  8.0,  11.0,  19.0,  16.0, -3.0 ,  0.0,  4.0,  0.0,  0.0,  0.0, 0.0,  78.0,       ,      ,      ,        ,        ,        ,        ,        ,        ,        ,        ,      
lundmja01, 2003,     1, NYR , NHL , C  , 56.0,  2.0,   8.0,  10.0,  33.0, -8.0 ,  0.0,  2.0,  0.0,  0.0,  1.0, 0.0,  68.0,       ,      ,      ,        ,        ,        ,        ,        ,        ,        ,        ,      
lundmja01, 2005,     1, NYR , NHL , C  ,  3.0,  1.0,   0.0,   1.0,   6.0, -2.0 ,  0.0,  0.0,  0.0,  0.0,  0.0,    ,   1.0,       ,      ,      ,        ,        ,        ,        ,        ,        ,        ,        ,      
lundmja01, 2005,     2, PHO , NHL , C  , 38.0,  5.0,  13.0,  18.0,  36.0, -1.0 ,  1.0,  6.0,  0.0,  0.0,  0.0,    ,  61.0,       ,      ,      ,        ,        ,        ,        ,        ,        ,        ,        ,      
lundmja01, 2005,     3, CAL , NHL , C  , 12.0,  4.0,   6.0,  10.0,  20.0, 2.0  ,  1.0,  4.0,  0.0,  0.0,  1.0,    ,  16.0,    4.0,   0.0,   1.0,     1.0,     7.0, 0.0    ,     0.0,     1.0,     0.0,     0.0,     0.0,     2.0
lundmja01, 2006,     1, CAL , NHL , C  , 39.0,  0.0,   4.0,   4.0,  31.0, -4.0 ,  0.0,  2.0,  0.0,  0.0,  0.0,    ,  28.0,       ,      ,      ,        ,        ,        ,        ,        ,        ,        ,        ,      
lundmja01, 2006,     2, LAK , NHL , C  , 29.0,  7.0,   2.0,   9.0,  25.0, -8.0 ,  0.0,  0.0,  0.0,  0.0,  0.0,    ,  53.0,       ,      ,      ,        ,        ,        ,        ,        ,        ,        ,        ,      
lundmja01, 2008,     1, CAL , NHL , C  , 27.0,  8.0,   8.0,  16.0,  17.0, 2.0  ,  0.0,  3.0,  0.0,  0.0,  0.0,    ,  50.0,    2.0,   0.0,   0.0,     0.0,     0.0, -2.0   ,     0.0,     0.0,     0.0,     0.0,     0.0,     1.0
lundmja01, 2009,     1, CAL , NHL , C  , 21.0,  4.0,   5.0,   9.0,   4.0, -6.0 ,  1.0,  1.0,  0.0,  0.0,  1.0,    ,  36.0,       ,      ,      ,        ,        ,        ,        ,        ,        ,        ,        ,      
lundmja01, 2009,     2, TOR , NHL , C  , 15.0,  1.0,   2.0,   3.0,  16.0, -1.0 ,  0.0,  0.0,  0.0,  0.0,  0.0,    ,  16.0,       ,      ,      ,        ,        ,        ,        ,        ,        ,        ,        ,      
lundpe01 , 1946,     1, BOS , NHL , R  ,     ,     ,      ,      ,      ,      ,     ,     ,     ,     ,     ,    ,      ,    1.0,   0.0,   0.0,     0.0,     0.0,        ,        ,        ,        ,        ,        ,      
lundpe01 , 1947,     1, BOS , NHL , R  ,     ,     ,      ,      ,      ,      ,     ,     ,     ,     ,     ,    ,      ,    2.0,   0.0,   0.0,     0.0,     0.0,        ,        ,        ,        ,        ,        ,      
lundpe01 , 1948,     1, NYR , NHL , R  , 59.0, 14.0,  16.0,  30.0,  16.0,      ,     ,     ,     ,     ,     ,    ,      ,       ,      ,      ,        ,        ,        ,        ,        ,        ,        ,        ,      
lundpe01 , 1949,     1, NYR , NHL , R  , 64.0, 18.0,   9.0,  27.0,  16.0,      ,     ,     ,     ,     ,     ,    ,      ,   12.0,   6.0,   5.0,    11.0,     0.0,        ,        ,        ,        ,        ,        ,      
lundpe01 , 1950,     1, NYR , NHL , R  , 59.0,  4.0,  16.0,  20.0,   6.0,      ,     ,     ,     ,     ,     ,    ,      ,       ,      ,      ,        ,        ,        ,        ,        ,        ,        ,        ,      
lundpe01 , 1951,     1, BOS , NHL , R  , 23.0,  0.0,   5.0,   5.0,   0.0,      ,     ,     ,     ,     ,     ,    ,      ,    2.0,   1.0,   0.0,     1.0,     0.0,        ,        ,        ,        ,        ,        ,      
lundpe01 , 1952,     1, BOS , NHL , R  , 54.0,  8.0,   9.0,  17.0,   2.0,      ,     ,     ,     ,     ,     ,    ,      ,    2.0,   0.0,   0.0,     0.0,     0.0,        ,        ,        ,        ,        ,        ,      
lundqhe01, 2005,     1, NYR , NHL , G  , 53.0,  0.0,   2.0,   2.0,   0.0, 0.0  ,  0.0,  0.0,  0.0,  0.0,  0.0,    ,   0.0,    3.0,   0.0,   0.0,     0.0,     0.0, 0.0    ,     0.0,     0.0,     0.0,     0.0,     0.0,     0.0
lundqhe01, 2006,     1, NYR , NHL , G  , 70.0,  0.0,   0.0,   0.0,   0.0, 0.0  ,  0.0,  0.0,  0.0,  0.0,  0.0,    ,   0.0,   10.0,   0.0,   0.0,     0.0,     0.0, 0.0    ,     0.0,     0.0,     0.0,     0.0,     0.0,     0.0
lundqhe01, 2007,     1, NYR , NHL , G  , 72.0,  0.0,   0.0,   0.0,   2.0, 0.0  ,  0.0,  0.0,  0.0,  0.0,  0.0,    ,   0.0,   10.0,   0.0,   0.0,     0.0,     0.0, 0.0    ,     0.0,     0.0,     0.0,     0.0,     0.0,     0.0
lundqhe01, 2008,     1, NYR , NHL , G  , 70.0,  0.0,   2.0,   2.0,   0.0, 0.0  ,  0.0,  2.0,  0.0,  0.0,  0.0,    ,   0.0,    7.0,   0.0,   0.0,     0.0,     0.0, 0.0    ,     0.0,     0.0,     0.0,     0.0,     0.0,     0.0
lundqhe01, 2009,     1, NYR , NHL , G  , 73.0,  0.0,   1.0,   1.0,   0.0, 0.0  ,  0.0,  0.0,  0.0,  0.0,  0.0,    ,   0.0,       ,      ,      ,        ,        ,        ,        ,        ,        ,        ,        ,      
lundqjo01, 2006,     1, DAL , NHL , C  , 36.0,  3.0,   3.0,   6.0,  14.0, -5.0 ,  0.0,  0.0,  0.0,  0.0,  0.0,    ,  36.0,    7.0,   2.0,   0.0,     2.0,     6.0, 1.0    ,     0.0,     0.0,     0.0,     0.0,     0.0,     8.0
lundqjo01, 2007,     1, DAL , NHL , C  , 55.0,  3.0,  11.0,  14.0,  22.0, -3.0 ,  0.0,  1.0,  0.0,  0.0,  0.0,    ,  48.0,   18.0,   2.0,   5.0,     7.0,     8.0, 0.0    ,     0.0,     0.0,     0.0,     0.0,     1.0,    18.0
lundqjo01, 2008,     1, DAL , NHL , C  , 43.0,  1.0,   5.0,   6.0,  20.0, -9.0 ,  0.0,  0.0,  0.0,  0.0,  1.0,    ,  32.0,       ,      ,      ,        ,        ,        ,        ,        ,        ,        ,        ,      
lundrjo01, 1972,     1, TOR , NHL , D  , 49.0,  2.0,   8.0,  10.0,  20.0, 4.0  ,  1.0,     ,  0.0,     ,  1.0, 0.0,  53.0,       ,      ,      ,        ,        ,        ,        ,        ,        ,        ,        ,      
lundrjo01, 1974,     1, WAS , NHL , D  ,  3.0,  0.0,   0.0,   0.0,   2.0, -3.0 ,  0.0,     ,  0.0,     ,  0.0, 0.0,   2.0,       ,      ,      ,        ,        ,        ,        ,        ,        ,        ,        ,      
lundsto01, 1973,     1, DET , NHL , L  , 11.0,  1.0,   1.0,   2.0,   0.0, -2.0 ,  0.0,     ,  0.0,     ,  0.0, 0.0,   7.0,       ,      ,      ,        ,        ,        ,        ,        ,        ,        ,        ,      
lundypa01, 1945,     1, DET , NHL , C  ,  4.0,  3.0,   2.0,   5.0,   2.0,      ,     ,     ,     ,     ,     ,    ,      ,    2.0,   1.0,   0.0,     1.0,     0.0,        ,        ,        ,        ,        ,        ,      
lundypa01, 1946,     1, DET , NHL , C  , 59.0, 17.0,  17.0,  34.0,  10.0,      ,     ,     ,     ,     ,     ,    ,      ,    5.0,   0.0,   1.0,     1.0,     2.0,        ,        ,        ,        ,        ,        ,      
lundypa01, 1947,     1, DET , NHL , C  , 11.0,  4.0,   1.0,   5.0,   6.0,      ,     ,     ,     ,     ,     ,    ,      ,    5.0,   1.0,   1.0,     2.0,     0.0,        ,        ,        ,        ,        ,        ,      
lundypa01, 1948,     1, DET , NHL , C  , 15.0,  4.0,   3.0,   7.0,   4.0,      ,     ,     ,     ,     ,     ,    ,      ,    4.0,   0.0,   0.0,     0.0,     0.0,        ,        ,        ,        ,        ,        ,      
lundypa01, 1950,     1, CHI , NHL , C  , 61.0,  9.0,   9.0,  18.0,   9.0,      ,     ,     ,     ,     ,     ,    ,      ,       ,      ,      ,        ,        ,        ,        ,        ,        ,        ,        ,      
luomami01, 2003,     1, EDM , NHL , D  ,  3.0,  0.0,   1.0,   1.0,   0.0, 0.0  ,  0.0,  0.0,  0.0,  0.0,  0.0, 0.0,   4.0,       ,      ,      ,        ,        ,        ,        ,        ,        ,        ,        ,      
luongch01, 1990,     1, DET , NHL , D  ,  4.0,  0.0,   1.0,   1.0,   4.0, 0.0  ,  0.0,  0.0,  0.0,  0.0,  0.0, 0.0,   4.0,       ,      ,      ,        ,        ,        ,        ,        ,        ,        ,        ,      
luongch01, 1992,     1, OTT , NHL , D  , 76.0,  3.0,   9.0,  12.0,  68.0, -47.0,  1.0,  3.0,  0.0,  0.0,  0.0, 0.0,  76.0,       ,      ,      ,        ,        ,        ,        ,        ,        ,        ,        ,      
luongch01, 1993,     1, NYI , NHL , D  , 17.0,  1.0,   3.0,   4.0,  13.0, -1.0 ,  0.0,  0.0,  0.0,  1.0,  0.0, 0.0,  16.0,       ,      ,      ,        ,        ,        ,        ,        ,        ,        ,        ,      
luongch01, 1994,     1, NYI , NHL , D  , 47.0,  1.0,   3.0,   4.0,  36.0, -2.0 ,  0.0,  0.0,  0.0,  1.0,  0.0, 0.0,  44.0,       ,      ,      ,        ,        ,        ,        ,        ,        ,        ,        ,      
luongch01, 1995,     1, NYI , NHL , D  , 74.0,  3.0,   7.0,  10.0,  55.0, -23.0,  1.0,  1.0,  0.0,  0.0,  0.0, 0.0,  46.0,       ,      ,      ,        ,        ,        ,        ,        ,        ,        ,        ,      
luongro01, 1999,     1, NYI , NHL , G  , 24.0,  0.0,   0.0,   0.0,   0.0, 0.0  ,  0.0,  0.0,  0.0,  0.0,  0.0, 0.0,   0.0,       ,      ,      ,        ,        ,        ,        ,        ,        ,        ,        ,      
luongro01, 2000,     1, FLO , NHL , G  , 47.0,  0.0,   0.0,   0.0,   2.0, 0.0  ,  0.0,  0.0,  0.0,  0.0,  0.0, 0.0,   0.0,       ,      ,      ,        ,        ,        ,        ,        ,        ,        ,        ,      
luongro01, 2001,     1, FLO , NHL , G  , 58.0,  0.0,   1.0,   1.0,   2.0, 0.0  ,  0.0,  0.0,  0.0,  0.0,  0.0, 0.0,   0.0,       ,      ,      ,        ,        ,        ,        ,        ,        ,        ,        ,      
luongro01, 2002,     1, FLO , NHL , G  , 65.0,  0.0,   0.0,   0.0,   4.0, 0.0  ,  0.0,  0.0,  0.0,  0.0,  0.0, 0.0,   0.0,       ,      ,      ,        ,        ,        ,        ,        ,        ,        ,        ,      
luongro01, 2003,     1, FLO , NHL , G  , 72.0,  0.0,   3.0,   3.0,   2.0, 0.0  ,  0.0,  2.0,  0.0,  0.0,  0.0, 0.0,   0.0,       ,      ,      ,        ,        ,        ,        ,        ,        ,        ,        ,      
luongro01, 2005,     1, FLO , NHL , G  , 75.0,  0.0,   3.0,   3.0,   2.0, 0.0  ,  0.0,  0.0,  0.0,  0.0,  0.0,    ,   0.0,       ,      ,      ,        ,        ,        ,        ,        ,        ,        ,        ,      
luongro01, 2006,     1, VAN , NHL , G  , 76.0,  0.0,   2.0,   2.0,  10.0, 0.0  ,  0.0,  1.0,  0.0,  0.0,  0.0,    ,   0.0,   12.0,   0.0,   0.0,     0.0,     0.0, 0.0    ,     0.0,     0.0,     0.0,     0.0,     0.0,     0.0
luongro01, 2007,     1, VAN , NHL , G  , 73.0,  0.0,   3.0,   3.0,   4.0, 0.0  ,  0.0,  1.0,  0.0,  0.0,  0.0,    ,   0.0,       ,      ,      ,        ,        ,        ,        ,        ,        ,        ,        ,      
luongro01, 2008,     1, VAN , NHL , G  , 54.0,  0.0,   1.0,   1.0,   4.0, 0.0  ,  0.0,  1.0,  0.0,  0.0,  0.0,    ,   0.0,   10.0,   0.0,   0.0,     0.0,     0.0, 0.0    ,     0.0,     0.0,     0.0,     0.0,     0.0,     0.0
luongro01, 2009,     1, VAN , NHL , G  , 68.0,  0.0,   0.0,   0.0,   0.0, 0.0  ,  0.0,  0.0,  0.0,  0.0,  0.0,    ,   0.0,   12.0,   0.0,   0.0,     0.0,     0.0, 0.0    ,     0.0,     0.0,     0.0,     0.0,     0.0,     0.0
lupasro01, 2002,     1, PIT , NHL , D  ,  3.0,  0.0,   0.0,   0.0,   4.0, -3.0 ,  0.0,  0.0,  0.0,  0.0,  0.0, 0.0,   3.0,       ,      ,      ,        ,        ,        ,        ,        ,        ,        ,        ,      
lupiegi01, 1977,     1, MTL , NHL , D  , 46.0,  1.0,   3.0,   4.0, 108.0, 19.0 ,  0.0,     ,  0.0,     ,  0.0, 0.0,  20.0,    8.0,   0.0,   0.0,     0.0,    17.0,        ,     0.0,        ,     0.0,        ,     0.0,      
lupiegi01, 1978,     1, MTL , NHL , D  , 72.0,  1.0,   9.0,  10.0, 124.0, 33.0 ,  0.0,     ,  0.0,     ,  0.0, 0.0,  58.0,   13.0,   0.0,   0.0,     0.0,     2.0,        ,     0.0,        ,     0.0,        ,     0.0,      
lupiegi01, 1979,     1, MTL , NHL , D  , 56.0,  1.0,   7.0,   8.0, 109.0, 13.0 ,  0.0,     ,  0.0,     ,  1.0, 0.0,  42.0,    4.0,   0.0,   0.0,     0.0,     2.0,        ,     0.0,        ,     0.0,        ,     0.0,      
lupiegi01, 1980,     1, PIT , NHL , D  , 31.0,  0.0,   1.0,   1.0,  34.0, -15.0,  0.0,     ,  0.0,     ,  0.0, 0.0,  11.0,       ,      ,      ,        ,        ,        ,        ,        ,        ,        ,        ,      
lupiegi01, 1980,     2, HAR , NHL , D  , 20.0,  2.0,   4.0,   6.0,  39.0, -6.0 ,  0.0,     ,  0.0,     ,  0.0, 0.0,  16.0,       ,      ,      ,        ,        ,        ,        ,        ,        ,        ,        ,      
lupiegi01, 1981,     1, HAR , NHL , D  ,  1.0,  0.0,   1.0,   1.0,   2.0, 0.0  ,  0.0,     ,  0.0,     ,  0.0, 0.0,   0.0,       ,      ,      ,        ,        ,        ,        ,        ,        ,        ,        ,      
lupulga01, 1979,     1, VAN , NHL , C  , 51.0,  9.0,  11.0,  20.0,  24.0, -12.0,  3.0,     ,  0.0,     ,  0.0, 0.0,  71.0,    4.0,   1.0,   0.0,     1.0,     0.0,        ,     1.0,        ,     0.0,        ,     0.0,      
lupulga01, 1980,     1, VAN , NHL , C  ,  7.0,  0.0,   2.0,   2.0,   2.0, -1.0 ,  0.0,     ,  0.0,     ,  0.0, 0.0,   5.0,       ,      ,      ,        ,        ,        ,        ,        ,        ,        ,        ,      
lupulga01, 1981,     1, VAN , NHL , C  , 41.0, 10.0,   7.0,  17.0,  26.0, -2.0 ,  0.0,     ,  1.0,     ,  0.0, 3.0,  45.0,   10.0,   2.0,   3.0,     5.0,     4.0,        ,     0.0,        ,     0.0,        ,     1.0,      
lupulga01, 1982,     1, VAN , NHL , L  , 40.0, 18.0,  10.0,  28.0,  46.0, 1.0  ,  3.0,     ,  0.0,     ,  2.0, 1.0,  64.0,    4.0,   1.0,   3.0,     4.0,     0.0,        ,     0.0,        ,     0.0,        ,     0.0,      
lupulga01, 1983,     1, VAN , NHL , C  , 69.0, 17.0,  27.0,  44.0,  51.0, -16.0,  6.0,     ,  0.0,     ,  2.0, 2.0, 128.0,    4.0,   0.0,   1.0,     1.0,     7.0, 0.0    ,     0.0,        ,     0.0,        ,     0.0,     7.0
lupulga01, 1984,     1, VAN , NHL , L  , 66.0, 12.0,  17.0,  29.0,  82.0, -15.0,  2.0,     ,  0.0,     ,  2.0, 0.0, 107.0,       ,      ,      ,        ,        ,        ,        ,        ,        ,        ,        ,      
lupulga01, 1985,     1, VAN , NHL , L  , 19.0,  4.0,   1.0,   5.0,  12.0, 0.0  ,  0.0,     ,  0.0,     ,  0.0, 0.0,  17.0,    3.0,   0.0,   0.0,     0.0,     0.0, -1.0   ,     0.0,        ,     0.0,        ,     0.0,     5.0
lupuljo01, 2003,     1, ANA , NHL , R  , 75.0, 13.0,  21.0,  34.0,  28.0, -6.0 ,  4.0,  4.0,  0.0,  0.0,  2.0, 1.0, 137.0,       ,      ,      ,        ,        ,        ,        ,        ,        ,        ,        ,      
lupuljo01, 2005,     1, ANA , NHL , C  , 81.0, 28.0,  25.0,  53.0,  48.0, -13.0, 12.0, 11.0,  2.0,  0.0,  2.0,    , 296.0,   16.0,   9.0,   2.0,    11.0,    31.0, 9.0    ,     1.0,     0.0,     0.0,     0.0,     1.0,    62.0
lupuljo01, 2006,     1, EDM , NHL , R  , 81.0, 16.0,  12.0,  28.0,  45.0, -29.0,  5.0,  3.0,  0.0,  0.0,  1.0,    , 172.0,       ,      ,      ,        ,        ,        ,        ,        ,        ,        ,        ,      
lupuljo01, 2007,     1, PHI , NHL , R  , 56.0, 20.0,  26.0,  46.0,  35.0, 2.0  ,  7.0, 14.0,  0.0,  0.0,  3.0,    , 176.0,   17.0,   4.0,   6.0,    10.0,     2.0, 1.0    ,     2.0,     3.0,     0.0,     0.0,     1.0,    46.0
lupuljo01, 2008,     1, PHI , NHL , R  , 79.0, 25.0,  25.0,  50.0,  58.0, 1.0  ,  6.0,  9.0,  0.0,  0.0,  4.0,    , 194.0,    6.0,   1.0,   1.0,     2.0,     2.0, 1.0    ,     0.0,     0.0,     0.0,     0.0,     0.0,    14.0
lupuljo01, 2009,     1, AND , NHL , C  , 23.0, 10.0,   4.0,  14.0,  18.0, 3.0  ,  0.0,  1.0,  0.0,  1.0,  0.0,    ,  66.0,       ,      ,      ,        ,        ,        ,        ,        ,        ,        ,        ,      
lyashro01, 1999,     1, DAL , NHL , C  , 58.0,  6.0,   6.0,  12.0,  10.0, -2.0 ,  0.0,  0.0,  0.0,  0.0,  1.0, 0.0,  51.0,   16.0,   2.0,   1.0,     3.0,     0.0, -1.0   ,     0.0,     0.0,     0.0,     0.0,     2.0,    15.0
lyashro01, 2000,     1, DAL , NHL , C  , 60.0,  6.0,   3.0,   9.0,  45.0, -1.0 ,  0.0,  1.0,  0.0,  0.0,  1.0, 0.0,  48.0,    1.0,   0.0,   0.0,     0.0,     0.0, 0.0    ,     0.0,     0.0,     0.0,     0.0,     0.0,     1.0
lyashro01, 2001,     1, DAL , NHL , C  ,  4.0,  0.0,   0.0,   0.0,   0.0, -2.0 ,  0.0,  0.0,  0.0,  0.0,  0.0, 0.0,   3.0,       ,      ,      ,        ,        ,        ,        ,        ,        ,        ,        ,      
lyashro01, 2001,     2, NYR , NHL , C  , 15.0,  2.0,   0.0,   2.0,   0.0, 0.0  ,  0.0,  0.0,  0.0,  0.0,  0.0, 0.0,  13.0,       ,      ,      ,        ,        ,        ,        ,        ,        ,        ,        ,      
lyashro01, 2002,     1, NYR , NHL , C  ,  2.0,  0.0,   0.0,   0.0,   0.0, -2.0 ,  0.0,  0.0,  0.0,  0.0,  0.0, 0.0,   4.0,       ,      ,      ,        ,        ,        ,        ,        ,        ,        ,        ,      
lyckaja01, 1977,     1, CZE , WHA , D  ,  8.0,  1.0,   0.0,   1.0,   2.0,      ,  0.0,     ,  0.0,     ,  0.0,    ,      ,       ,      ,      ,        ,        ,        ,        ,        ,        ,        ,        ,      
lyckaja01, 1978,     1, CZE , WHA ,    ,  5.0,  0.0,   1.0,   1.0,   2.0,      ,     ,     ,     ,     ,     ,    ,      ,       ,      ,      ,        ,        ,        ,        ,        ,        ,        ,        ,      
lydmato01, 2000,     1, CAL , NHL , D  , 62.0,  3.0,  16.0,  19.0,  30.0, -7.0 ,  1.0,  7.0,  0.0,  1.0,  0.0, 0.0,  80.0,       ,      ,      ,        ,        ,        ,        ,        ,        ,        ,        ,      
lydmato01, 2001,     1, CAL , NHL , D  , 79.0,  6.0,  22.0,  28.0,  52.0, -8.0 ,  1.0,  9.0,  0.0,  0.0,  0.0, 0.0, 126.0,       ,      ,      ,        ,        ,        ,        ,        ,        ,        ,        ,      
lydmato01, 2002,     1, CAL , NHL , D  , 81.0,  6.0,  20.0,  26.0,  28.0, -7.0 ,  3.0,  8.0,  0.0,  1.0,  0.0, 0.0, 143.0,       ,      ,      ,        ,        ,        ,        ,        ,        ,        ,        ,      
lydmato01, 2003,     1, CAL , NHL , D  , 67.0,  4.0,  16.0,  20.0,  30.0, 6.0  ,  2.0, 12.0,  0.0,  1.0,  1.0, 0.0,  93.0,    6.0,   0.0,   1.0,     1.0,     2.0, 1.0    ,     0.0,     1.0,     0.0,     0.0,     0.0,     4.0
lydmato01, 2005,     1, BUF , NHL , D  , 75.0,  1.0,  16.0,  17.0,  82.0, 9.0  ,  0.0,  3.0,  0.0,  0.0,  0.0,    ,  68.0,   18.0,   1.0,   4.0,     5.0,    18.0, 14.0   ,     0.0,     0.0,     0.0,     1.0,     0.0,    14.0
lydmato01, 2006,     1, BUF , NHL , D  , 67.0,  2.0,  17.0,  19.0,  55.0, 10.0 ,  0.0,  2.0,  0.0,  1.0,  1.0,    ,  44.0,   16.0,   2.0,   2.0,     4.0,    14.0, -5.0   ,     0.0,     0.0,     0.0,     0.0,     0.0,    14.0
lydmato01, 2007,     1, BUF , NHL , D  , 82.0,  4.0,  22.0,  26.0,  74.0, 1.0  ,  3.0,  0.0,  0.0,  1.0,  0.0,    ,  86.0,       ,      ,      ,        ,        ,        ,        ,        ,        ,        ,        ,      
lydmato01, 2008,     1, BUF , NHL , D  , 80.0,  3.0,  20.0,  23.0,  70.0, 0.0  ,  0.0,  5.0,  0.0,  1.0,  0.0,    ,  99.0,       ,      ,      ,        ,        ,        ,        ,        ,        ,        ,        ,      
lydmato01, 2009,     1, BUF , NHL , D  , 67.0,  4.0,  16.0,  20.0,  30.0, 10.0 ,  0.0,  2.0,  0.0,  0.0,  1.0,    ,  77.0,    6.0,   0.0,   1.0,     1.0,     6.0, 1.0    ,     0.0,     0.0,     0.0,     0.0,     0.0,    10.0
lylege01 , 1976,     1, NEW , WHA , L  , 75.0, 39.0,  33.0,  72.0,  62.0, 30.0 , 12.0,     ,  0.0,     ,  2.0,    , 229.0,    5.0,   1.0,   0.0,     1.0,     4.0, -4.0   ,        ,        ,        ,        ,     1.0,      
lylege01 , 1977,     1, NEW , WHA , L  , 68.0, 30.0,  24.0,  54.0,  74.0, 12.0 ,  3.0,     ,  0.0,     ,     ,    , 161.0,   12.0,   2.0,   1.0,     3.0,    13.0, 5.0    ,        ,        ,        ,        ,     0.0,      
lylege01 , 1978,     1, NEW , WHA , L  , 59.0, 17.0,  18.0,  35.0,  54.0, 16.0 ,  1.0,     ,  0.0,     ,     ,    , 113.0,    9.0,   3.0,   5.0,     8.0,    25.0, 3.0    ,        ,        ,        ,        ,     1.0,      
lylege01 , 1979,     1, DET , NHL , L  , 27.0,  7.0,   4.0,  11.0,   2.0, -2.0 ,  0.0,     ,  0.0,     ,  2.0, 0.0,  41.0,       ,      ,      ,        ,        ,        ,        ,        ,        ,        ,        ,      
lylege01 , 1980,     1, DET , NHL , L  , 31.0, 10.0,  14.0,  24.0,  28.0, 0.0  ,  3.0,     ,  0.0,     ,  0.0, 1.0,  49.0,       ,      ,      ,        ,        ,        ,        ,        ,        ,        ,        ,      
lylege01 , 1981,     1, DET , NHL , L  , 11.0,  1.0,   2.0,   3.0,   4.0, -2.0 ,  0.0,     ,  0.0,     ,  0.0, 0.0,   9.0,       ,      ,      ,        ,        ,        ,        ,        ,        ,        ,        ,      
lylege01 , 1981,     2, HAR , NHL , L  , 14.0,  2.0,  12.0,  14.0,   9.0, -3.0 ,  1.0,     ,  0.0,     ,  0.0, 0.0,  33.0,       ,      ,      ,        ,        ,        ,        ,        ,        ,        ,        ,      
lylege01 , 1982,     1, HAR , NHL , L  , 16.0,  4.0,   6.0,  10.0,   8.0, 5.0  ,  0.0,     ,  1.0,     ,  0.0, 1.0,  33.0,       ,      ,      ,        ,        ,        ,        ,        ,        ,        ,        ,      
lynchdo01, 2003,     1, EDM , NHL , D  ,  2.0,  0.0,   0.0,   0.0,   0.0, 0.0  ,  0.0,  0.0,  0.0,  0.0,  0.0, 0.0,   2.0,       ,      ,      ,        ,        ,        ,        ,        ,        ,        ,        ,      
lynchja01, 1972,     1, PIT , NHL , D  , 47.0,  1.0,  18.0,  19.0,  40.0, -21.0,  0.0,     ,  0.0,     ,  0.0, 0.0,  78.0,       ,      ,      ,        ,        ,        ,        ,        ,        ,        ,        ,      
lynchja01, 1973,     1, PIT , NHL , D  , 17.0,  0.0,   7.0,   7.0,  21.0, -15.0,  0.0,     ,  0.0,     ,  0.0, 0.0,  23.0,       ,      ,      ,        ,        ,        ,        ,        ,        ,        ,        ,      
lynchja01, 1973,     2, DET , NHL , D  , 35.0,  3.0,   9.0,  12.0,  27.0, -14.0,  1.0,     ,  0.0,     ,  1.0, 0.0,  64.0,       ,      ,      ,        ,        ,        ,        ,        ,        ,        ,        ,      
lynchja01, 1974,     1, DET , NHL , D  , 50.0,  2.0,  15.0,  17.0,  46.0, -15.0,  0.0,     ,  0.0,     ,  0.0, 0.0,  52.0,       ,      ,      ,        ,        ,        ,        ,        ,        ,        ,        ,      
lynchja01, 1974,     2, WAS , NHL , D  , 20.0,  1.0,   5.0,   6.0,  16.0, -54.0,  0.0,     ,  0.0,     ,  0.0, 0.0,  28.0,       ,      ,      ,        ,        ,        ,        ,        ,        ,        ,        ,      
lynchja01, 1975,     1, WAS , NHL , D  , 79.0,  9.0,  13.0,  22.0,  78.0, -52.0,  5.0,     ,  0.0,     ,  1.0, 1.0, 126.0,       ,      ,      ,        ,        ,        ,        ,        ,        ,        ,        ,      
lynchja01, 1976,     1, WAS , NHL , D  , 75.0,  5.0,  25.0,  30.0,  90.0, -15.0,  0.0,     ,  0.0,     ,  0.0, 1.0, 132.0,       ,      ,      ,        ,        ,        ,        ,        ,        ,        ,        ,      
lynchja01, 1977,     1, WAS , NHL , D  , 29.0,  1.0,   8.0,   9.0,   4.0, -13.0,  0.0,     ,  0.0,     ,  0.0, 1.0,  58.0,       ,      ,      ,        ,        ,        ,        ,        ,        ,        ,        ,      
lynchja01, 1978,     1, WAS , NHL , D  , 30.0,  2.0,   6.0,   8.0,  14.0, 2.0  ,  1.0,     ,  0.0,     ,  0.0, 0.0,  37.0,       ,      ,      ,        ,        ,        ,        ,        ,        ,        ,        ,      
lynnvi01 , 1942,     1, NYR , NHL , L  ,  1.0,  0.0,   0.0,   0.0,   0.0,      ,     ,     ,     ,     ,     ,    ,      ,       ,      ,      ,        ,        ,        ,        ,        ,        ,        ,        ,      
lynnvi01 , 1943,     1, DET , NHL , L  ,  3.0,  0.0,   0.0,   0.0,   4.0,      ,     ,     ,     ,     ,     ,    ,      ,       ,      ,      ,        ,        ,        ,        ,        ,        ,        ,        ,      
lynnvi01 , 1945,     1, MTL , NHL , L  ,  2.0,  0.0,   0.0,   0.0,   0.0,      ,     ,     ,     ,     ,     ,    ,      ,       ,      ,      ,        ,        ,        ,        ,        ,        ,        ,        ,      
lynnvi01 , 1946,     1, TOR , NHL , D  , 31.0,  6.0,  14.0,  20.0,  44.0,      ,     ,     ,     ,     ,     ,    ,      ,   11.0,   4.0,   1.0,     5.0,    16.0,        ,        ,        ,        ,        ,        ,      
lynnvi01 , 1947,     1, TOR , NHL , L  , 60.0, 12.0,  22.0,  34.0,  53.0,      ,     ,     ,     ,     ,     ,    ,      ,    9.0,   2.0,   5.0,     7.0,    20.0,        ,        ,        ,        ,        ,        ,      
lynnvi01 , 1948,     1, TOR , NHL , L  , 52.0,  7.0,   9.0,  16.0,  36.0,      ,     ,     ,     ,     ,     ,    ,      ,    8.0,   0.0,   1.0,     1.0,     2.0,        ,        ,        ,        ,        ,        ,      
lynnvi01 , 1949,     1, TOR , NHL , D  , 70.0,  7.0,  13.0,  20.0,  39.0,      ,     ,     ,     ,     ,     ,    ,      ,    7.0,   0.0,   2.0,     2.0,     2.0,        ,        ,        ,        ,        ,        ,      
lynnvi01 , 1950,     1, BOS , NHL , D  , 56.0, 14.0,   6.0,  20.0,  69.0,      ,     ,     ,     ,     ,     ,    ,      ,    5.0,   0.0,   0.0,     0.0,     2.0,        ,        ,        ,        ,        ,        ,      
lynnvi01 , 1951,     1, BOS , NHL , D  , 12.0,  2.0,   2.0,   4.0,   4.0,      ,     ,     ,     ,     ,     ,    ,      ,       ,      ,      ,        ,        ,        ,        ,        ,        ,        ,        ,      
lynnvi01 , 1952,     1, CHI , NHL , L  , 29.0,  0.0,  10.0,  10.0,  23.0,      ,     ,     ,     ,     ,     ,    ,      ,    7.0,   1.0,   1.0,     2.0,     4.0,        ,        ,        ,        ,        ,        ,      
lynnvi01 , 1953,     1, CHI , NHL , L  , 11.0,  1.0,   0.0,   1.0,   2.0,      ,     ,     ,     ,     ,     ,    ,      ,       ,      ,      ,        ,        ,        ,        ,        ,        ,        ,        ,      
lyonsro01, 1930,     1, PHQ , NHL , L  , 22.0,  2.0,   4.0,   6.0,   8.0,      ,     ,     ,     ,     ,     ,    ,      ,       ,      ,      ,        ,        ,        ,        ,        ,        ,        ,        ,      
lyonsro01, 1930,     2, BOS , NHL , L  , 14.0,  0.0,   0.0,   0.0,  21.0,      ,     ,     ,     ,     ,     ,    ,      ,    5.0,   0.0,   0.0,     0.0,     0.0,        ,        ,        ,        ,        ,        ,      
lyonst01 , 1976,     1, PIT , NHL , D  ,  3.0,  0.0,   0.0,   0.0,   2.0, 0.0  ,  0.0,     ,  0.0,     ,  0.0, 0.0,   2.0,       ,      ,      ,        ,        ,        ,        ,        ,        ,        ,        ,      
lysakbr01, 2003,     1, CAR , NHL , C  ,  2.0,  0.0,   0.0,   0.0,   2.0, 0.0  ,  0.0,  0.0,  0.0,  0.0,  0.0, 0.0,   0.0,       ,      ,      ,        ,        ,        ,        ,        ,        ,        ,        ,      
lysiato01, 1973,     1, ATF , NHL , C  , 77.0, 19.0,  45.0,  64.0,  54.0, -15.0,  4.0,     ,  0.0,     ,  2.0, 4.0, 216.0,    4.0,   0.0,   2.0,     2.0,     0.0,        ,     0.0,        ,     0.0,        ,     0.0,      
lysiato01, 1974,     1, ATF , NHL , C  , 77.0, 25.0,  52.0,  77.0,  73.0, 23.0 ,  9.0,     ,  0.0,     ,  2.0, 2.0, 206.0,       ,      ,      ,        ,        ,        ,        ,        ,        ,        ,        ,      
lysiato01, 1975,     1, ATF , NHL , C  , 80.0, 31.0,  51.0,  82.0,  60.0, 2.0  ,  9.0,     ,  1.0,     ,  5.0, 1.0, 233.0,    2.0,   0.0,   0.0,     0.0,     2.0,        ,     0.0,        ,     0.0,        ,     0.0,      
lysiato01, 1976,     1, ATF , NHL , C  , 79.0, 30.0,  51.0,  81.0,  52.0, 3.0  ,  5.0,     ,  1.0,     ,  3.0, 0.0, 277.0,    3.0,   1.0,   3.0,     4.0,     8.0,        ,     1.0,        ,     0.0,        ,     0.0,      
lysiato01, 1977,     1, ATF , NHL , C  , 80.0, 27.0,  42.0,  69.0,  54.0, -3.0 ,  3.0,     ,  0.0,     ,  5.0, 1.0, 215.0,    2.0,   1.0,   0.0,     1.0,     2.0,        ,     0.0,        ,     0.0,        ,     0.0,      
lysiato01, 1978,     1, ATF , NHL , C  , 52.0, 23.0,  35.0,  58.0,  36.0, 16.0 ,  7.0,     ,  1.0,     ,  2.0, 0.0, 137.0,       ,      ,      ,        ,        ,        ,        ,        ,        ,        ,        ,      
lysiato01, 1978,     2, CHI , NHL , C  , 14.0,  0.0,  10.0,  10.0,  14.0, 3.0  ,  0.0,     ,  0.0,     ,  0.0, 0.0,  27.0,    4.0,   0.0,   0.0,     0.0,     2.0,        ,     0.0,        ,     0.0,        ,     0.0,      
lysiato01, 1979,     1, CHI , NHL , C  , 77.0, 26.0,  43.0,  69.0,  31.0, -7.0 , 10.0,     ,  0.0,     ,  7.0, 0.0, 160.0,    7.0,   4.0,   4.0,     8.0,     0.0,        ,     4.0,        ,     0.0,        ,     0.0,      
lysiato01, 1980,     1, CHI , NHL , C  , 72.0, 21.0,  55.0,  76.0,  20.0, 7.0  ,  5.0,     ,  2.0,     ,  3.0, 1.0, 167.0,    3.0,   0.0,   3.0,     3.0,     0.0,        ,     0.0,        ,     0.0,        ,     0.0,      
lysiato01, 1981,     1, CHI , NHL , C  , 71.0, 32.0,  50.0,  82.0,  84.0, -8.0 , 10.0,     ,  2.0,     ,  4.0, 2.0, 170.0,   15.0,   6.0,   9.0,    15.0,    13.0,        ,     3.0,        ,     0.0,        ,     0.0,      
lysiato01, 1982,     1, CHI , NHL , C  , 61.0, 23.0,  38.0,  61.0,  27.0, 13.0 ,  6.0,     ,  0.0,     ,  4.0, 0.0, 122.0,   13.0,   6.0,   7.0,    13.0,     8.0,        ,     2.0,        ,     0.0,        ,     2.0,      
lysiato01, 1983,     1, CHI , NHL , L  , 54.0, 17.0,  30.0,  47.0,  35.0, -13.0,  5.0,     ,  1.0,     ,  2.0, 1.0, 103.0,    5.0,   1.0,   1.0,     2.0,     2.0, 1.0    ,     0.0,        ,     0.0,        ,     0.0,     7.0
lysiato01, 1984,     1, CHI , NHL , C  , 74.0, 16.0,  30.0,  46.0,  13.0, -16.0,  2.0,     ,  0.0,     ,  4.0, 1.0, 100.0,   15.0,   4.0,   8.0,    12.0,    10.0, 5.0    ,     0.0,        ,     0.0,        ,     0.0,    26.0
lysiato01, 1985,     1, CHI , NHL , C  , 51.0,  2.0,  19.0,  21.0,  14.0, -19.0,  0.0,     ,  0.0,     ,  0.0, 0.0,  77.0,    3.0,   2.0,   1.0,     3.0,     2.0, -1.0   ,     0.0,        ,     0.0,        ,     0.0,     6.0
macadal01, 1973,     1, PHI , NHL , R  ,  5.0,  0.0,   0.0,   0.0,   0.0, -2.0 ,  0.0,     ,  0.0,     ,  0.0, 0.0,   2.0,    1.0,   0.0,   0.0,     0.0,     0.0,        ,     0.0,        ,     0.0,        ,     0.0,      
macadal01, 1974,     1, CLF , NHL , R  , 80.0, 18.0,  25.0,  43.0,  55.0, -23.0,  2.0,     ,  0.0,     ,  1.0, 3.0, 160.0,       ,      ,      ,        ,        ,        ,        ,        ,        ,        ,        ,      
macadal01, 1975,     1, CLF , NHL , R  , 80.0, 32.0,  31.0,  63.0,  49.0, -9.0 ,  8.0,     ,  4.0,     ,  5.0, 1.0, 177.0,       ,      ,      ,        ,        ,        ,        ,        ,        ,        ,        ,      
macadal01, 1976,     1, CLE , NHL , R  , 80.0, 22.0,  41.0,  63.0,  68.0, -2.0 ,  6.0,     ,  0.0,     ,  3.0, 1.0, 194.0,       ,      ,      ,        ,        ,        ,        ,        ,        ,        ,        ,      
macadal01, 1977,     1, CLE , NHL , L  , 80.0, 16.0,  32.0,  48.0,  42.0, -19.0,  3.0,     ,  0.0,     ,  1.0, 0.0, 149.0,       ,      ,      ,        ,        ,        ,        ,        ,        ,        ,        ,      
macadal01, 1978,     1, MNS , NHL , L  , 69.0, 24.0,  34.0,  58.0,  30.0, 0.0  ,  6.0,     ,  0.0,     ,  4.0, 1.0, 135.0,       ,      ,      ,        ,        ,        ,        ,        ,        ,        ,        ,      
macadal01, 1979,     1, MNS , NHL , L  , 80.0, 42.0,  51.0,  93.0,  24.0, 36.0 , 13.0,     ,  0.0,     ,  2.0, 1.0, 170.0,   15.0,   7.0,   9.0,    16.0,     4.0,        ,     1.0,        ,     0.0,        ,     2.0,      
macadal01, 1980,     1, MNS , NHL , R  , 78.0, 21.0,  39.0,  60.0,  94.0, -6.0 ,  6.0,     ,  0.0,     ,  7.0, 0.0, 145.0,   19.0,   9.0,  10.0,    19.0,     4.0,        ,     1.0,        ,     1.0,        ,     1.0,      
macadal01, 1981,     1, MNS , NHL , R  , 79.0, 18.0,  43.0,  61.0,  37.0, 9.0  ,  5.0,     ,  2.0,     ,  4.0, 3.0, 141.0,    4.0,   1.0,   0.0,     1.0,     4.0,        ,     0.0,        ,     0.0,        ,     0.0,      
macadal01, 1982,     1, MNS , NHL , R  , 73.0, 11.0,  22.0,  33.0,  60.0, 3.0  ,  0.0,     ,  3.0,     ,  2.0, 1.0,  93.0,    9.0,   2.0,   1.0,     3.0,     2.0,        ,     0.0,        ,     0.0,        ,     0.0,      
macadal01, 1983,     1, MNS , NHL , R  , 80.0, 22.0,  13.0,  35.0,  23.0, -5.0 ,  1.0,     ,  4.0,     ,  1.0, 3.0, 104.0,   16.0,   1.0,   4.0,     5.0,     7.0, 2.0    ,     0.0,        ,     0.0,        ,     0.0,     8.0
macadal01, 1984,     1, VAN , NHL , L  , 80.0, 14.0,  20.0,  34.0,  27.0, -29.0,  0.0,     ,  2.0,     ,  2.0, 0.0,  80.0,       ,      ,      ,        ,        ,        ,        ,        ,        ,        ,        ,      
macarcl01, 2006,     1, BUF , NHL , L  , 19.0,  3.0,   4.0,   7.0,   4.0, 4.0  ,  0.0,  0.0,  0.0,  0.0,  0.0,    ,  16.0,       ,      ,      ,        ,        ,        ,        ,        ,        ,        ,        ,      
macarcl01, 2007,     1, BUF , NHL , L  , 37.0,  8.0,   7.0,  15.0,  20.0, 3.0  ,  0.0,  0.0,  0.0,  0.0,  1.0,    ,  51.0,       ,      ,      ,        ,        ,        ,        ,        ,        ,        ,        ,      
macarcl01, 2008,     1, BUF , NHL , L  , 71.0, 17.0,  14.0,  31.0,  56.0, -4.0 ,  5.0,  5.0,  0.0,  0.0,  0.0,    , 108.0,       ,      ,      ,        ,        ,        ,        ,        ,        ,        ,        ,      
macarcl01, 2009,     1, BUF , NHL , L  , 60.0, 13.0,  13.0,  26.0,  47.0, -14.0,  3.0,  4.0,  0.0,  0.0,  3.0,    ,  99.0,       ,      ,      ,        ,        ,        ,        ,        ,        ,        ,        ,      
macarcl01, 2009,     2, ATL , NHL , L  , 21.0,  3.0,   6.0,   9.0,   2.0, -2.0 ,  1.0,  0.0,  1.0,  0.0,  0.0,    ,  30.0,       ,      ,      ,        ,        ,        ,        ,        ,        ,        ,        ,      
macdepa01, 1981,     1, HAR , NHL , C  ,  3.0,  1.0,   0.0,   1.0,   2.0, 0.0  ,  0.0,     ,  0.0,     ,  0.0, 0.0,   4.0,       ,      ,      ,        ,        ,        ,        ,        ,        ,        ,        ,      
macdepa01, 1982,     1, HAR , NHL , C  ,  7.0,  0.0,   0.0,   0.0,   2.0, -6.0 ,  0.0,     ,  0.0,     ,  0.0, 0.0,   7.0,       ,      ,      ,        ,        ,        ,        ,        ,        ,        ,        ,      
macdepa01, 1983,     1, HAR , NHL , C  ,  3.0,  0.0,   1.0,   1.0,   0.0, 1.0  ,  0.0,     ,  0.0,     ,  0.0, 0.0,   2.0,       ,      ,      ,        ,        ,        ,        ,        ,        ,        ,        ,      
macdepa01, 1984,     1, HAR , NHL , R  , 31.0,  4.0,   7.0,  11.0,  29.0, 3.0  ,  0.0,     ,  0.0,     ,  0.0, 0.0,  27.0,       ,      ,      ,        ,        ,        ,        ,        ,        ,        ,        ,      
macdepa01, 1985,     1, HAR , NHL , R  , 74.0, 13.0,  10.0,  23.0, 160.0, 1.0  ,  0.0,     ,  0.0,     ,  2.0, 0.0,  88.0,   10.0,   2.0,   1.0,     3.0,    20.0, 1.0    ,     0.0,        ,     0.0,        ,     1.0,     8.0
macdepa01, 1986,     1, HAR , NHL , R  , 72.0,  7.0,  11.0,  18.0, 202.0, 3.0  ,  0.0,     ,  0.0,     ,  1.0, 0.0,  72.0,    6.0,   2.0,   1.0,     3.0,    34.0, 0.0    ,     0.0,        ,     0.0,        ,     1.0,     4.0
macdepa01, 1987,     1, HAR , NHL , R  , 80.0, 20.0,  15.0,  35.0, 139.0, 3.0  ,  4.0,  3.0,  0.0,  0.0,  2.0, 0.0,  96.0,    6.0,   0.0,   5.0,     5.0,    14.0, -1.0   ,     0.0,     1.0,     0.0,     0.0,     0.0,     5.0
macdepa01, 1988,     1, HAR , NHL , R  , 74.0, 17.0,  27.0,  44.0, 141.0, 1.0  ,  5.0,  6.0,  0.0,  0.0,  3.0, 2.0, 113.0,    4.0,   1.0,   1.0,     2.0,    16.0, -1.0   ,     0.0,     0.0,     0.0,     0.0,     0.0,     5.0
macdepa01, 1989,     1, HAR , NHL , R  , 29.0,  6.0,  12.0,  18.0,  69.0, 1.0  ,  3.0,     ,  0.0,  0.0,  2.0, 0.0,  37.0,       ,      ,      ,        ,        ,        ,        ,        ,        ,        ,        ,      
macdepa01, 1989,     2, WIN , NHL , R  , 44.0,  7.0,  10.0,  17.0, 100.0, 4.0  ,  1.0,     ,  0.0,  0.0,  1.0, 0.0,  48.0,    7.0,   0.0,   2.0,     2.0,     8.0, -2.0   ,     0.0,     1.0,     0.0,     0.0,     0.0,     3.0
macdepa01, 1990,     1, WIN , NHL , R  , 69.0, 15.0,  21.0,  36.0, 128.0, -6.0 ,  3.0,  4.0,  0.0,  0.0,  1.0, 0.0,  94.0,       ,      ,      ,        ,        ,        ,        ,        ,        ,        ,        ,      
macdepa01, 1991,     1, WIN , NHL , R  , 59.0, 10.0,  11.0,  21.0, 151.0, -8.0 ,  2.0,  2.0,  0.0,  0.0,  2.0, 1.0,  71.0,       ,      ,      ,        ,        ,        ,        ,        ,        ,        ,        ,      
macdepa01, 1991,     2, WAS , NHL , R  , 15.0,  2.0,   5.0,   7.0,  43.0, 2.0  ,  0.0,  0.0,  0.0,  0.0,  0.0, 0.0,  21.0,    7.0,   0.0,   1.0,     1.0,    22.0, -1.0   ,     0.0,     0.0,     0.0,     0.0,     0.0,     2.0
macdepa01, 1992,     1, WAS , NHL , R  , 72.0,  9.0,   8.0,  17.0,  80.0, -13.0,  1.0,  0.0,  0.0,  0.0,  3.0, 0.0,  45.0,       ,      ,      ,        ,        ,        ,        ,        ,        ,        ,        ,      
macdepa01, 1993,     1, QUE , NHL , R  , 44.0,  2.0,   3.0,   5.0,  35.0, -3.0 ,  0.0,  0.0,  0.0,  0.0,  0.0, 0.0,  16.0,       ,      ,      ,        ,        ,        ,        ,        ,        ,        ,        ,      
macdepa01, 1994,     1, QUE , NHL , R  , 14.0,  3.0,   1.0,   4.0,  22.0, 3.0  ,  0.0,  0.0,  0.0,  0.0,  1.0, 0.0,  13.0,    3.0,   0.0,   0.0,     0.0,     2.0, 0.0    ,     0.0,     0.0,     0.0,     0.0,     0.0,     1.0
macdoan01, 2008,     1, NYI , NHL , D  ,  3.0,  0.0,   0.0,   0.0,   2.0, 2.0  ,  0.0,  0.0,  0.0,  0.0,  0.0,    ,   1.0,       ,      ,      ,        ,        ,        ,        ,        ,        ,        ,        ,      
macdoan01, 2009,     1, NYI , NHL , D  , 46.0,  1.0,   6.0,   7.0,  20.0, 5.0  ,  0.0,  0.0,  0.0,  0.0,  0.0,    ,  43.0,       ,      ,      ,        ,        ,        ,        ,        ,        ,        ,        ,      
macdobl01, 1973,     1, EDO , WHA , R  , 78.0, 21.0,  24.0,  45.0,  34.0,      ,  5.0,     ,  0.0,     ,  3.0,    ,      ,    5.0,   4.0,   2.0,     6.0,     2.0,        ,        ,        ,        ,        ,     0.0,      
macdobl01, 1974,     1, EDO , WHA , L  , 72.0, 22.0,  24.0,  46.0,  14.0, 4.0  ,  1.0,     ,  0.0,     ,     ,    , 155.0,       ,      ,      ,        ,        ,        ,        ,        ,        ,        ,        ,      
macdobl01, 1975,     1, EDO , WHA , R  , 29.0,  7.0,   5.0,  12.0,   8.0, -8.0 ,  3.0,     ,  0.0,     ,  0.0,    ,  72.0,       ,      ,      ,        ,        ,        ,        ,        ,        ,        ,        ,      
macdobl01, 1975,     2, IND , WHA , R  , 56.0, 19.0,  11.0,  30.0,  14.0, 2.0  ,  1.0,     ,  0.0,     ,  1.0,    , 142.0,    7.0,   0.0,   0.0,     0.0,     0.0, -3.0   ,        ,        ,        ,        ,        ,      
macdobl01, 1976,     1, IND , WHA , R  , 81.0, 34.0,  30.0,  64.0,  28.0, 10.0 ,  8.0,     ,  0.0,     ,  3.0,    , 253.0,    9.0,   7.0,   8.0,    15.0,     4.0, 11.0   ,        ,        ,        ,        ,     0.0,      
macdobl01, 1977,     1, EDO , WHA , R  , 80.0, 34.0,  34.0,  68.0,  11.0, -12.0,  7.0,     ,  4.0,     ,     ,    , 237.0,    5.0,   1.0,   1.0,     2.0,     0.0, -2.0   ,        ,        ,        ,        ,     0.0,      
macdobl01, 1978,     1, EDO , WHA , R  , 80.0, 34.0,  37.0,  71.0,  44.0, 35.0 ,  3.0,     ,  4.0,     ,     ,    , 259.0,   13.0,   8.0,  10.0,    18.0,     6.0, 1.0    ,        ,        ,        ,        ,     0.0,      
macdobl01, 1979,     1, EDM , NHL , R  , 80.0, 46.0,  48.0,  94.0,   6.0, 1.0  , 13.0,     ,  2.0,     ,  6.0, 1.0, 266.0,    3.0,   0.0,   3.0,     3.0,     0.0,        ,     0.0,        ,     0.0,        ,     0.0,      
macdobl01, 1980,     1, EDM , NHL , R  , 51.0, 19.0,  24.0,  43.0,  27.0, -8.0 ,  5.0,     ,  0.0,     ,  1.0, 0.0, 134.0,       ,      ,      ,        ,        ,        ,        ,        ,        ,        ,        ,      
macdobl01, 1980,     2, VAN , NHL , R  , 12.0,  5.0,   9.0,  14.0,  10.0, 1.0  ,  2.0,     ,  0.0,     ,  2.0, 0.0,  38.0,    3.0,   0.0,   1.0,     1.0,     2.0,        ,     0.0,        ,     0.0,        ,     0.0,      
macdobl01, 1981,     1, VAN , NHL , R  , 59.0, 18.0,  15.0,  33.0,  20.0, 0.0  ,  4.0,     ,  0.0,     ,  2.0, 0.0, 116.0,    3.0,   0.0,   0.0,     0.0,     0.0,        ,     0.0,        ,     0.0,        ,     0.0,      
macdobl01, 1982,     1, VAN , NHL , R  , 17.0,  3.0,   4.0,   7.0,   2.0, -1.0 ,  2.0,     ,  0.0,     ,  0.0, 0.0,  29.0,    2.0,   0.0,   2.0,     2.0,     0.0,        ,     0.0,        ,     0.0,        ,     0.0,      
macdobr01, 1987,     1, VAN , NHL , D  ,  1.0,  0.0,   0.0,   0.0,   0.0, -1.0 ,  0.0,  0.0,  0.0,  0.0,  0.0, 0.0,   0.0,       ,      ,      ,        ,        ,        ,        ,        ,        ,        ,        ,      
macdocr01, 1998,     1, CAR , NHL , C  , 11.0,  0.0,   0.0,   0.0,   0.0, 0.0  ,  0.0,  0.0,  0.0,  0.0,  0.0, 0.0,   5.0,    1.0,   0.0,   0.0,     0.0,     0.0, 0.0    ,     0.0,     0.0,     0.0,     0.0,     0.0,     0.0
macdocr01, 2001,     1, CAR , NHL , C  , 12.0,  1.0,   1.0,   2.0,   0.0, -1.0 ,  0.0,  0.0,  0.0,  0.0,  0.0, 0.0,  15.0,    4.0,   0.0,   0.0,     0.0,     2.0, -1.0   ,     0.0,     0.0,     0.0,     0.0,     0.0,     1.0
macdocr01, 2002,     1, CAR , NHL , L  , 35.0,  1.0,   3.0,   4.0,  20.0, -3.0 ,  0.0,  0.0,  0.0,  0.0,  0.0, 0.0,  43.0,       ,      ,      ,        ,        ,        ,        ,        ,        ,        ,        ,      
macdocr01, 2003,     1, FLO , NHL , L  , 34.0,  0.0,   3.0,   3.0,  25.0, -5.0 ,  0.0,  0.0,  0.0,  0.0,  0.0, 0.0,  42.0,       ,      ,      ,        ,        ,        ,        ,        ,        ,        ,        ,      
macdocr01, 2003,     2, BOS , NHL , L  , 18.0,  0.0,   3.0,   3.0,   8.0, 0.0  ,  0.0,  0.0,  0.0,  0.0,  0.0, 0.0,  17.0,    1.0,   0.0,   0.0,     0.0,     0.0, 1.0    ,     0.0,     0.0,     0.0,     0.0,     0.0,     0.0
macdocr01, 2005,     1, CAL , NHL , C  , 25.0,  3.0,   2.0,   5.0,   8.0, 5.0  ,  1.0,  0.0,  0.0,  0.0,  0.0,    ,  27.0,    1.0,   0.0,   0.0,     0.0,     0.0, -1.0   ,     0.0,     0.0,     0.0,     0.0,     0.0,     2.0
macdocr01, 2006,     1, CHI , NHL , C  , 25.0,  3.0,   2.0,   5.0,  14.0, -2.0 ,  0.0,  0.0,  1.0,  0.0,  0.0,    ,  30.0,       ,      ,      ,        ,        ,        ,        ,        ,        ,        ,        ,      
macdocr01, 2007,     1, TBL , NHL , C  , 65.0,  2.0,   9.0,  11.0,  16.0, -10.0,  0.0,  0.0,  0.0,  0.0,  0.0,    ,  84.0,       ,      ,      ,        ,        ,        ,        ,        ,        ,        ,        ,      
macdocr01, 2008,     1, CBS , NHL , C  ,  8.0,  1.0,   1.0,   2.0,   0.0, 1.0  ,  0.0,  0.0,  0.0,  0.0,  1.0,    ,   6.0,       ,      ,      ,        ,        ,        ,        ,        ,        ,        ,        ,      
macdodo01, 1992,     1, BUF , NHL , L  ,  5.0,  1.0,   0.0,   1.0,   2.0, 0.0  ,  0.0,  0.0,  0.0,  0.0,  0.0, 0.0,   1.0,       ,      ,      ,        ,        ,        ,        ,        ,        ,        ,        ,      
macdodo01, 1993,     1, BUF , NHL , L  ,  4.0,  0.0,   0.0,   0.0,   0.0, -2.0 ,  0.0,  0.0,  0.0,  0.0,  0.0, 0.0,   3.0,       ,      ,      ,        ,        ,        ,        ,        ,        ,        ,        ,      
macdodo01, 1994,     1, BUF , NHL , L  ,  2.0,  0.0,   0.0,   0.0,   0.0, -1.0 ,  0.0,  0.0,  0.0,  0.0,  0.0, 0.0,   0.0,       ,      ,      ,        ,        ,        ,        ,        ,        ,        ,        ,      
macdoja01, 2003,     1, NYR , NHL , R  ,  4.0,  0.0,   0.0,   0.0,  19.0, -1.0 ,  0.0,  0.0,  0.0,  0.0,  0.0, 0.0,   3.0,       ,      ,      ,        ,        ,        ,        ,        ,        ,        ,        ,      
macdojo01, 2006,     1, DET , NHL , G  ,  8.0,  0.0,   0.0,   0.0,   0.0, 0.0  ,  0.0,  0.0,  0.0,  0.0,  0.0,    ,   0.0,       ,      ,      ,        ,        ,        ,        ,        ,        ,        ,        ,      
macdojo01, 2006,     2, BOS , NHL , G  ,  7.0,  0.0,   0.0,   0.0,   0.0, 0.0  ,  0.0,  0.0,  0.0,  0.0,  0.0,    ,   0.0,       ,      ,      ,        ,        ,        ,        ,        ,        ,        ,        ,      
macdojo01, 2007,     1, NYI , NHL , G  ,  2.0,  0.0,   0.0,   0.0,   0.0, 0.0  ,  0.0,  0.0,  0.0,  0.0,  0.0,    ,   0.0,       ,      ,      ,        ,        ,        ,        ,        ,        ,        ,        ,      
macdojo01, 2008,     1, NYI , NHL , G  , 49.0,  0.0,   1.0,   1.0,   6.0, 0.0  ,  0.0,  0.0,  0.0,  0.0,  0.0,    ,   0.0,       ,      ,      ,        ,        ,        ,        ,        ,        ,        ,        ,      
macdojo01, 2009,     1, TOR , NHL , G  ,  6.0,  0.0,   0.0,   0.0,   0.0, 0.0  ,  0.0,  0.0,  0.0,  0.0,  0.0,    ,   0.0,       ,      ,      ,        ,        ,        ,        ,        ,        ,        ,        ,      
macdoke01, 1993,     1, OTT , NHL , D  ,  1.0,  0.0,   0.0,   0.0,   2.0, 0.0  ,  0.0,  0.0,  0.0,  0.0,  0.0, 0.0,   0.0,       ,      ,      ,        ,        ,        ,        ,        ,        ,        ,        ,      
macdoki01, 1939,     1, NYR , NHL , L  , 44.0, 15.0,  13.0,  28.0,  19.0,      ,     ,     ,     ,     ,     ,    ,      ,   12.0,   0.0,   2.0,     2.0,     4.0,        ,        ,        ,        ,        ,        ,      
macdoki01, 1940,     1, NYR , NHL , L  , 47.0,  5.0,   6.0,  11.0,  12.0,      ,     ,     ,     ,     ,     ,    ,      ,    3.0,   1.0,   0.0,     1.0,     0.0,        ,        ,        ,        ,        ,        ,      
macdoki01, 1943,     1, NYR , NHL , L  , 24.0,  7.0,   9.0,  16.0,   4.0,      ,     ,     ,     ,     ,     ,    ,      ,       ,      ,      ,        ,        ,        ,        ,        ,        ,        ,        ,      
macdoki01, 1944,     1, NYR , NHL , L  , 36.0,  9.0,   6.0,  15.0,  12.0,      ,     ,     ,     ,     ,     ,    ,      ,       ,      ,      ,        ,        ,        ,        ,        ,        ,        ,        ,      
macdoki02, 1974,     1, MNS , NHL , D  ,  1.0,  0.0,   0.0,   0.0,   0.0, -1.0 ,  0.0,     ,  0.0,     ,  0.0, 0.0,   0.0,       ,      ,      ,        ,        ,        ,        ,        ,        ,        ,        ,      
macdolo01, 1961,     1, DET , NHL , R  ,  1.0,  0.0,   0.0,   0.0,   2.0,      ,     ,     ,     ,     ,     ,    ,      ,       ,      ,      ,        ,        ,        ,        ,        ,        ,        ,        ,      
macdolo01, 1962,     1, DET , NHL , R  , 26.0,  2.0,   1.0,   3.0,   8.0,      ,     ,     ,     ,     ,     ,    ,      ,    1.0,   0.0,   0.0,     0.0,     2.0,        ,        ,        ,        ,        ,     0.0,      
macdolo01, 1963,     1, DET , NHL , R  , 10.0,  1.0,   4.0,   5.0,   0.0,      ,  1.0,     ,  0.0,     ,  0.0, 1.0,      ,       ,      ,      ,        ,        ,        ,        ,        ,        ,        ,        ,      
macdolo01, 1964,     1, DET , NHL , L  ,  9.0,  2.0,   1.0,   3.0,   0.0,      ,  1.0,     ,  0.0,     ,  0.0, 1.0,      ,       ,      ,      ,        ,        ,        ,        ,        ,        ,        ,        ,      
macdolo01, 1967,     1, LAK , NHL , R  , 74.0, 21.0,  24.0,  45.0,  12.0, -11.0,  2.0,     ,  1.0,     ,  2.0, 2.0, 232.0,    7.0,   3.0,   4.0,     7.0,     2.0,        ,     1.0,        ,     0.0,        ,     1.0,      
macdolo01, 1968,     1, LAK , NHL , R  , 58.0, 14.0,  14.0,  28.0,  10.0, -11.0,  1.0,     ,  1.0,     ,  0.0, 0.0, 181.0,    7.0,   2.0,   3.0,     5.0,     0.0,        ,     0.0,        ,     0.0,        ,     1.0,      
macdolo01, 1970,     1, PIT , NHL , L  , 10.0,  0.0,   1.0,   1.0,   0.0, -6.0 ,  0.0,     ,  0.0,     ,  0.0, 0.0,  11.0,       ,      ,      ,        ,        ,        ,        ,        ,        ,        ,        ,      
macdolo01, 1972,     1, PIT , NHL , L  , 78.0, 34.0,  41.0,  75.0,   8.0, 37.0 ,  6.0,     ,  0.0,     ,  3.0, 1.0, 244.0,       ,      ,      ,        ,        ,        ,        ,        ,        ,        ,        ,      
macdolo01, 1973,     1, PIT , NHL , L  , 78.0, 43.0,  39.0,  82.0,  14.0, 17.0 ,  9.0,     ,  0.0,     ,  2.0, 3.0, 260.0,       ,      ,      ,        ,        ,        ,        ,        ,        ,        ,        ,      
macdolo01, 1974,     1, PIT , NHL , L  , 71.0, 27.0,  33.0,  60.0,  24.0, 16.0 ,  6.0,     ,  0.0,     ,  5.0, 0.0, 220.0,    9.0,   4.0,   2.0,     6.0,     4.0,        ,     1.0,        ,     0.0,        ,     1.0,      
macdolo01, 1975,     1, PIT , NHL , L  , 69.0, 30.0,  43.0,  73.0,  12.0, 14.0 , 12.0,     ,  0.0,     ,  3.0, 0.0, 181.0,    3.0,   1.0,   0.0,     1.0,     0.0,        ,     1.0,        ,     0.0,        ,     1.0,      
macdolo01, 1976,     1, PIT , NHL , L  ,  3.0,  1.0,   1.0,   2.0,   0.0, -1.0 ,  1.0,     ,  0.0,     ,  0.0, 0.0,   9.0,    3.0,   1.0,   2.0,     3.0,     4.0,        ,     0.0,        ,     0.0,        ,     0.0,      
macdolo01, 1977,     1, PIT , NHL , L  , 19.0,  5.0,   8.0,  13.0,   2.0, 0.0  ,  2.0,     ,  0.0,     ,  0.0, 2.0,  31.0,       ,      ,      ,        ,        ,        ,        ,        ,        ,        ,        ,      
macdopa01, 1952,     1, TOR , NHL , L  ,  1.0,  0.0,   0.0,   0.0,   0.0,      ,     ,     ,     ,     ,     ,    ,      ,       ,      ,      ,        ,        ,        ,        ,        ,        ,        ,        ,      
macdopa01, 1954,     1, TOR , NHL , L  , 62.0,  8.0,   3.0,  11.0,  36.0,      ,     ,     ,     ,     ,     ,    ,      ,    4.0,   0.0,   0.0,     0.0,     4.0,        ,        ,        ,        ,        ,        ,      
macdopa01, 1956,     1, NYR , NHL , C  , 45.0,  7.0,   8.0,  15.0,  24.0,      ,     ,     ,     ,     ,     ,    ,      ,    1.0,   1.0,   1.0,     2.0,     0.0,        ,        ,        ,        ,        ,        ,      
macdopa01, 1957,     1, NYR , NHL , L  , 70.0,  8.0,  10.0,  18.0,  30.0,      ,     ,     ,     ,     ,     ,    ,      ,    6.0,   1.0,   2.0,     3.0,     2.0,        ,        ,        ,        ,        ,        ,      
macdopa01, 1959,     1, NYR , NHL , C  ,  4.0,  0.0,   0.0,   0.0,   0.0,      ,     ,     ,     ,     ,     ,    ,      ,       ,      ,      ,        ,        ,        ,        ,        ,        ,        ,        ,      
macdopa01, 1960,     1, DET , NHL , C  , 70.0, 14.0,  12.0,  26.0,   6.0,      ,     ,     ,     ,     ,     ,    ,      ,    9.0,   1.0,   0.0,     1.0,     0.0,        ,        ,        ,        ,        ,     0.0,      
macdopa01, 1961,     1, DET , NHL , C  , 32.0,  5.0,   7.0,  12.0,   8.0,      ,     ,     ,     ,     ,     ,    ,      ,       ,      ,      ,        ,        ,        ,        ,        ,        ,        ,        ,      
macdopa01, 1962,     1, DET , NHL , C  , 69.0, 33.0,  28.0,  61.0,  32.0,      ,     ,     ,     ,     ,     ,    ,      ,   11.0,   3.0,   2.0,     5.0,     2.0,        ,        ,        ,        ,        ,     1.0,      
macdopa01, 1963,     1, DET , NHL , L  , 68.0, 21.0,  25.0,  46.0,  25.0,      ,  6.0,     ,  0.0,     ,  5.0, 3.0,      ,   14.0,   3.0,   3.0,     6.0,     2.0,        ,        ,        ,        ,        ,     1.0,      
macdopa01, 1964,     1, DET , NHL , L  , 69.0, 13.0,  33.0,  46.0,  38.0,      ,  6.0,     ,  0.0,     ,  1.0, 0.0,      ,    7.0,   1.0,   1.0,     2.0,     6.0,        ,        ,        ,        ,        ,     0.0,      
macdopa01, 1965,     1, BOS , NHL , L  , 29.0,  6.0,   4.0,  10.0,   6.0,      ,  1.0,     ,  1.0,     ,  0.0, 0.0,      ,       ,      ,      ,        ,        ,        ,        ,        ,        ,        ,        ,      
macdopa01, 1965,     2, DET , NHL , L  , 37.0,  5.0,  12.0,  17.0,  24.0,      ,  0.0,     ,  0.0,     ,  0.0, 1.0,      ,    9.0,   0.0,   0.0,     0.0,     2.0,        ,        ,        ,        ,        ,     0.0,      
macdopa01, 1966,     1, DET , NHL , L  , 16.0,  3.0,   5.0,   8.0,   2.0,      ,  1.0,     ,  0.0,     ,  3.0, 0.0,      ,       ,      ,      ,        ,        ,        ,        ,        ,        ,        ,        ,      
macdopa01, 1967,     1, MNS , NHL , L  , 69.0, 19.0,  23.0,  42.0,  22.0, -18.0,  9.0,     ,  0.0,     ,  3.0, 0.0, 183.0,   14.0,   4.0,   5.0,     9.0,     2.0,        ,     0.0,        ,     0.0,        ,     2.0,      
macdopa01, 1968,     1, MNS , NHL , L  , 35.0,  2.0,   9.0,  11.0,   0.0, -14.0,  0.0,     ,  0.0,     ,  0.0, 0.0,  50.0,       ,      ,      ,        ,        ,        ,        ,        ,        ,        ,        ,      
maceash01, 1987,     1, STL , NHL , C  ,  1.0,  0.0,   0.0,   0.0,   0.0, 0.0  ,  0.0,  0.0,  0.0,  0.0,  0.0, 0.0,   0.0,       ,      ,      ,        ,        ,        ,        ,        ,        ,        ,        ,      
maceyhu01, 1941,     1, NYR , NHL , L  ,  9.0,  3.0,   5.0,   8.0,   0.0,      ,     ,     ,     ,     ,     ,    ,      ,    1.0,   0.0,   0.0,     0.0,     0.0,        ,        ,        ,        ,        ,        ,      
maceyhu01, 1942,     1, NYR , NHL , L  ,  9.0,  3.0,   3.0,   6.0,   0.0,      ,     ,     ,     ,     ,     ,    ,      ,       ,      ,      ,        ,        ,        ,        ,        ,        ,        ,        ,      
maceyhu01, 1946,     1, MTL , NHL , L  , 12.0,  0.0,   1.0,   1.0,   0.0,      ,     ,     ,     ,     ,     ,    ,      ,    7.0,   0.0,   0.0,     0.0,     0.0,        ,        ,        ,        ,        ,        ,      
macgrbr01, 1960,     1, DET , NHL , C  , 12.0,  0.0,   1.0,   1.0,   0.0,      ,     ,     ,     ,     ,     ,    ,      ,    8.0,   1.0,   2.0,     3.0,     6.0,        ,        ,        ,        ,        ,     1.0,      
macgrbr01, 1961,     1, DET , NHL , C  , 65.0,  6.0,  12.0,  18.0,  16.0,      ,     ,     ,     ,     ,     ,    ,      ,       ,      ,      ,        ,        ,        ,        ,        ,        ,        ,        ,      
macgrbr01, 1962,     1, DET , NHL , C  , 67.0, 11.0,  11.0,  22.0,  12.0,      ,     ,     ,     ,     ,     ,    ,      ,   10.0,   1.0,   4.0,     5.0,    10.0,        ,        ,        ,        ,        ,     0.0,      
macgrbr01, 1963,     1, DET , NHL , R  , 63.0, 11.0,  21.0,  32.0,  15.0,      ,  2.0,     ,  0.0,     ,  3.0, 1.0,      ,   14.0,   5.0,   2.0,     7.0,    12.0,        ,        ,        ,        ,        ,     1.0,      
macgrbr01, 1964,     1, DET , NHL , R  , 66.0, 21.0,  20.0,  41.0,  19.0,      ,  3.0,     ,  1.0,     ,  4.0, 0.0,      ,    7.0,   0.0,   2.0,     2.0,     2.0,        ,        ,        ,        ,        ,     0.0,      
macgrbr01, 1965,     1, DET , NHL , C  , 70.0, 20.0,  14.0,  34.0,  28.0,      ,  1.0,     ,  1.0,     ,  2.0, 3.0,      ,   12.0,   1.0,   4.0,     5.0,     2.0,        ,        ,        ,        ,        ,     0.0,      
macgrbr01, 1966,     1, DET , NHL , R  , 70.0, 28.0,  19.0,  47.0,  14.0,      ,  8.0,     ,  1.0,     ,  4.0, 1.0,      ,       ,      ,      ,        ,        ,        ,        ,        ,        ,        ,        ,      
macgrbr01, 1967,     1, DET , NHL , R  , 71.0, 15.0,  24.0,  39.0,  13.0, -19.0,  1.0,     ,  0.0,     ,  0.0, 0.0, 165.0,       ,      ,      ,        ,        ,        ,        ,        ,        ,        ,        ,      
macgrbr01, 1968,     1, DET , NHL , R  , 69.0, 18.0,  23.0,  41.0,  14.0, 6.0  ,  2.0,     ,  3.0,     ,  3.0, 1.0, 168.0,       ,      ,      ,        ,        ,        ,        ,        ,        ,        ,        ,      
macgrbr01, 1969,     1, DET , NHL , R  , 73.0, 15.0,  23.0,  38.0,  24.0, -1.0 ,  3.0,     ,  1.0,     ,  4.0, 2.0, 153.0,    4.0,   1.0,   0.0,     1.0,     2.0,        ,     0.0,        ,     0.0,        ,     0.0,      
macgrbr01, 1970,     1, DET , NHL , R  , 47.0,  6.0,  16.0,  22.0,  18.0, -11.0,  0.0,     ,  0.0,     ,  0.0, 0.0,  68.0,       ,      ,      ,        ,        ,        ,        ,        ,        ,        ,        ,      
macgrbr01, 1970,     2, NYR , NHL , R  , 27.0, 12.0,  13.0,  25.0,   4.0, 12.0 ,  2.0,     ,  1.0,     ,  3.0, 0.0,  60.0,   13.0,   0.0,   4.0,     4.0,     2.0,        ,     0.0,        ,     0.0,        ,     0.0,      
macgrbr01, 1971,     1, NYR , NHL , R  , 75.0, 19.0,  21.0,  40.0,  22.0, 23.0 ,  1.0,     ,  3.0,     ,  5.0, 1.0, 137.0,   16.0,   2.0,   6.0,     8.0,     4.0,        ,     0.0,        ,     1.0,        ,     0.0,      
macgrbr01, 1972,     1, NYR , NHL , R  , 52.0, 14.0,  12.0,  26.0,  12.0, 14.0 ,  0.0,     ,  0.0,     ,  4.0, 0.0,  85.0,   10.0,   2.0,   2.0,     4.0,     2.0,        ,     0.0,        ,     0.0,        ,     0.0,      
macgrbr01, 1973,     1, NYR , NHL , R  , 66.0, 17.0,  27.0,  44.0,   6.0, -1.0 ,  0.0,     ,  2.0,     ,  1.0, 2.0,  91.0,   13.0,   6.0,   2.0,     8.0,     2.0,        ,     0.0,        ,     0.0,        ,     2.0,      
macgrbr01, 1974,     1, EDO , WHA , R  , 72.0, 24.0,  28.0,  52.0,  10.0, -11.0,  3.0,     ,  3.0,     ,     ,    , 151.0,       ,      ,      ,        ,        ,        ,        ,        ,        ,        ,        ,      
macgrbr01, 1975,     1, EDO , WHA , R  , 63.0, 13.0,  10.0,  23.0,  13.0, -33.0,  2.0,     ,  1.0,     ,  0.0,    ,  65.0,    4.0,   0.0,   1.0,     1.0,     0.0,        ,        ,        ,        ,        ,        ,      
macgrga01, 1974,     1, CHC , WHA , C  , 78.0, 42.0,  34.0,  76.0,  26.0, 3.0  ,  8.0,     ,  0.0,     ,     ,    , 269.0,       ,      ,      ,        ,        ,        ,        ,        ,        ,        ,        ,      
macgrga01, 1975,     1, DOT , WHA , C  , 38.0, 16.0,  14.0,  30.0,  18.0, -2.0 ,  3.0,     ,  0.0,     ,  0.0,    , 127.0,       ,      ,      ,        ,        ,        ,        ,        ,        ,        ,        ,      
macgrga01, 1975,     2, CLC , WHA , C  , 35.0,  5.0,   3.0,   8.0,   6.0, -16.0,  4.0,     ,  0.0,     ,  2.0,    ,  45.0,    3.0,   0.0,   0.0,     0.0,     4.0, 0.0    ,        ,        ,        ,        ,     0.0,      
macgrga01, 1976,     1, NEW , WHA , C  , 30.0,  8.0,   8.0,  16.0,   4.0, -14.0,  3.0,     ,  0.0,     ,     ,    ,  67.0,       ,      ,      ,        ,        ,        ,        ,        ,        ,        ,        ,      
macgrga01, 1976,     2, IND , WHA , C  , 16.0,  0.0,   5.0,   5.0,   4.0, -11.0,  0.0,     ,  0.0,     ,  0.0,    ,  33.0,       ,      ,      ,        ,        ,        ,        ,        ,        ,        ,        ,      
macgrga01, 1977,     1, EDO , WHA , C  , 37.0, 11.0,   2.0,  13.0,  29.0, -2.0 ,  2.0,     ,  0.0,     ,     ,    ,  77.0,       ,      ,      ,        ,        ,        ,        ,        ,        ,        ,        ,      
macgrga01, 1978,     1, IND , WHA , C  , 17.0,  8.0,   4.0,  12.0,   0.0, -12.0,  1.0,     ,  0.0,     ,     ,    ,  45.0,       ,      ,      ,        ,        ,        ,        ,        ,        ,        ,        ,      
macgrra01, 1981,     1, HAR , NHL , R  ,  2.0,  1.0,   1.0,   2.0,   2.0, 2.0  ,  0.0,     ,  0.0,     ,  0.0, 0.0,   1.0,       ,      ,      ,        ,        ,        ,        ,        ,        ,        ,        ,      
macguga01, 1979,     1, NYI , NHL , C  ,  2.0,  0.0,   0.0,   0.0,   2.0, 1.0  ,  0.0,     ,  0.0,     ,  0.0, 0.0,   1.0,       ,      ,      ,        ,        ,        ,        ,        ,        ,        ,        ,      
macguga01, 1983,     1, NYI , NHL , C  ,  3.0,  0.0,   1.0,   1.0,   0.0, 0.0  ,  0.0,     ,  0.0,     ,  0.0, 0.0,   2.0,       ,      ,      ,        ,        ,        ,        ,        ,        ,        ,        ,      
machasp01, 2008,     1, ATL , NHL , R  ,  2.0,  0.0,   0.0,   0.0,   0.0, 0.0  ,  0.0,  0.0,  0.0,  0.0,  0.0,    ,   1.0,       ,      ,      ,        ,        ,        ,        ,        ,        ,        ,        ,      
maciara01, 2008,     1, COL , NHL , D  ,  6.0,  0.0,   1.0,   1.0,   0.0, 0.0  ,  0.0,  1.0,  0.0,  0.0,  0.0,    ,   4.0,       ,      ,      ,        ,        ,        ,        ,        ,        ,        ,        ,      
macinal01, 1981,     1, CAL , NHL , D  ,  2.0,  0.0,   0.0,   0.0,   0.0, 0.0  ,  0.0,     ,  0.0,     ,  0.0, 0.0,   2.0,       ,      ,      ,        ,        ,        ,        ,        ,        ,        ,        ,      
macinal01, 1982,     1, CAL , NHL , D  , 14.0,  1.0,   3.0,   4.0,   9.0, 0.0  ,  0.0,     ,  0.0,     ,  0.0, 0.0,   7.0,       ,      ,      ,        ,        ,        ,        ,        ,        ,        ,        ,      
macinal01, 1983,     1, CAL , NHL , D  , 51.0, 11.0,  34.0,  45.0,  42.0, 0.0  ,  7.0,     ,  0.0,     ,  2.0, 1.0, 160.0,   11.0,   2.0,  12.0,    14.0,    13.0, -1.0   ,     2.0,        ,     0.0,        ,     1.0,    39.0
macinal01, 1984,     1, CAL , NHL , D  , 67.0, 14.0,  52.0,  66.0,  75.0, 7.0  ,  8.0,     ,  0.0,     ,  0.0, 0.0, 259.0,    4.0,   1.0,   2.0,     3.0,     8.0, -1.0   ,     1.0,        ,     0.0,        ,     0.0,    13.0
macinal01, 1985,     1, CAL , NHL , D  , 77.0, 11.0,  57.0,  68.0,  76.0, 38.0 ,  4.0,     ,  0.0,     ,  0.0, 0.0, 241.0,   21.0,   4.0,  15.0,    19.0,    30.0, 11.0   ,     2.0,        ,     0.0,        ,     0.0,    79.0
macinal01, 1986,     1, CAL , NHL , D  , 79.0, 20.0,  56.0,  76.0,  97.0, 20.0 ,  7.0,     ,  0.0,     ,  2.0, 0.0, 262.0,    4.0,   1.0,   0.0,     1.0,     0.0, -1.0   ,     1.0,        ,     0.0,        ,     0.0,    10.0
macinal01, 1987,     1, CAL , NHL , D  , 80.0, 25.0,  58.0,  83.0, 114.0, 13.0 ,  7.0, 39.0,  2.0,  1.0,  2.0, 0.0, 245.0,    7.0,   3.0,   6.0,     9.0,    18.0, 0.0    ,     2.0,     3.0,     0.0,     0.0,     0.0,    28.0
macinal01, 1988,     1, CAL , NHL , D  , 79.0, 16.0,  58.0,  74.0, 136.0, 38.0 ,  8.0, 37.0,  0.0,  1.0,  3.0, 0.0, 277.0,   22.0,   7.0,  24.0,    31.0,    46.0, 6.0    ,     5.0,    18.0,     0.0,     0.0,     4.0,    69.0
macinal01, 1989,     1, CAL , NHL , D  , 79.0, 28.0,  62.0,  90.0,  82.0, 20.0 , 14.0, 40.0,  1.0,  1.0,  3.0, 0.0, 304.0,    6.0,   2.0,   3.0,     5.0,     8.0, 1.0    ,     1.0,     1.0,     0.0,     0.0,     0.0,    19.0
macinal01, 1990,     1, CAL , NHL , D  , 78.0, 28.0,  75.0, 103.0,  90.0, 42.0 , 17.0, 46.0,  0.0,  3.0,  1.0, 1.0, 305.0,    7.0,   2.0,   3.0,     5.0,     8.0, -5.0   ,     2.0,     2.0,     0.0,     0.0,     0.0,    25.0
macinal01, 1991,     1, CAL , NHL , D  , 72.0, 20.0,  57.0,  77.0,  83.0, 13.0 , 11.0, 37.0,  0.0,  1.0,  0.0, 1.0, 304.0,       ,      ,      ,        ,        ,        ,        ,        ,        ,        ,        ,      
macinal01, 1992,     1, CAL , NHL , D  , 50.0, 11.0,  43.0,  54.0,  61.0, 15.0 ,  7.0, 27.0,  0.0,  2.0,  4.0, 0.0, 201.0,    6.0,   1.0,   6.0,     7.0,    10.0, -4.0   ,     1.0,     4.0,     0.0,     0.0,     0.0,    25.0
macinal01, 1993,     1, CAL , NHL , D  , 75.0, 28.0,  54.0,  82.0,  95.0, 35.0 , 12.0, 34.0,  1.0,  2.0,  5.0, 0.0, 324.0,    7.0,   2.0,   6.0,     8.0,    12.0, 5.0    ,     1.0,     2.0,     0.0,     0.0,     0.0,    32.0
macinal01, 1994,     1, STL , NHL , D  , 32.0,  8.0,  20.0,  28.0,  43.0, 19.0 ,  2.0, 10.0,  0.0,  1.0,  0.0, 0.0, 110.0,    7.0,   1.0,   5.0,     6.0,    10.0, -3.0   ,     0.0,     4.0,     0.0,     0.0,     0.0,    22.0
macinal01, 1995,     1, STL , NHL , D  , 82.0, 17.0,  44.0,  61.0,  88.0, 5.0  ,  9.0, 25.0,  1.0,  1.0,  1.0, 1.0, 317.0,   13.0,   3.0,   4.0,     7.0,    20.0, 2.0    ,     1.0,     4.0,     0.0,     0.0,     0.0,    48.0
macinal01, 1996,     1, STL , NHL , D  , 72.0, 13.0,  30.0,  43.0,  65.0, 2.0  ,  6.0, 11.0,  1.0,  2.0,  1.0, 0.0, 296.0,    6.0,   1.0,   2.0,     3.0,     4.0, -1.0   ,     1.0,     2.0,     0.0,     0.0,     0.0,    22.0
macinal01, 1997,     1, STL , NHL , D  , 71.0, 19.0,  30.0,  49.0,  80.0, 6.0  ,  9.0, 17.0,  1.0,  1.0,  2.0, 0.0, 227.0,    8.0,   2.0,   6.0,     8.0,    12.0, 1.0    ,     1.0,     3.0,     0.0,     0.0,     0.0,    27.0
macinal01, 1998,     1, STL , NHL , D  , 82.0, 20.0,  42.0,  62.0,  70.0, 33.0 , 11.0, 26.0,  1.0,  2.0,  2.0, 2.0, 314.0,   13.0,   4.0,   8.0,    12.0,    20.0, -2.0   ,     2.0,     6.0,     0.0,     0.0,     0.0,    66.0
macinal01, 1999,     1, STL , NHL , D  , 61.0, 11.0,  28.0,  39.0,  34.0, 20.0 ,  6.0, 13.0,  0.0,  1.0,  7.0, 0.0, 245.0,    7.0,   1.0,   3.0,     4.0,    14.0, -1.0   ,     1.0,     1.0,     0.0,     0.0,     0.0,    40.0
macinal01, 2000,     1, STL , NHL , D  , 59.0, 12.0,  42.0,  54.0,  52.0, 23.0 ,  6.0, 29.0,  1.0,  2.0,  3.0, 0.0, 218.0,   15.0,   2.0,   8.0,    10.0,    18.0, 2.0    ,     2.0,     3.0,     0.0,     2.0,     0.0,    67.0
macinal01, 2001,     1, STL , NHL , D  , 71.0, 11.0,  35.0,  46.0,  52.0, 3.0  ,  6.0, 16.0,  0.0,  0.0,  4.0, 1.0, 231.0,   10.0,   0.0,   7.0,     7.0,     4.0, 3.0    ,     0.0,     4.0,     0.0,     1.0,     0.0,    30.0
macinal01, 2002,     1, STL , NHL , D  , 80.0, 16.0,  52.0,  68.0,  61.0, 22.0 ,  9.0, 28.0,  1.0,  1.0,  2.0, 0.0, 299.0,    3.0,   0.0,   1.0,     1.0,     0.0, 0.0    ,     0.0,     0.0,     0.0,     0.0,     0.0,     3.0
macinal01, 2003,     1, STL , NHL , D  ,  3.0,  0.0,   2.0,   2.0,   6.0, -1.0 ,  0.0,  2.0,  0.0,  0.0,  0.0, 0.0,   9.0,       ,      ,      ,        ,        ,        ,        ,        ,        ,        ,        ,      
macindr01, 2007,     1, VAN , NHL , G  ,  2.0,  0.0,   0.0,   0.0,   0.0, 0.0  ,  0.0,  0.0,  0.0,  0.0,  0.0,    ,   0.0,       ,      ,      ,        ,        ,        ,        ,        ,        ,        ,        ,      
macinia01, 1952,     1, NYR , NHL , R  ,  4.0,  0.0,   0.0,   0.0,   4.0,      ,     ,     ,     ,     ,     ,    ,      ,       ,      ,      ,        ,        ,        ,        ,        ,        ,        ,        ,      
macinst01, 2008,     1, EDM , NHL , L  , 22.0,  2.0,   0.0,   2.0,  40.0, -2.0 ,  0.0,  0.0,  0.0,  0.0,  1.0,    ,   6.0,       ,      ,      ,        ,        ,        ,        ,        ,        ,        ,        ,      
macinst01, 2009,     1, EDM , NHL , L  ,  4.0,  0.0,   0.0,   0.0,   7.0, 0.0  ,  0.0,  0.0,  0.0,  0.0,  0.0,    ,   0.0,       ,      ,      ,        ,        ,        ,        ,        ,        ,        ,        ,      
macinst01, 2009,     2, FLO , NHL , L  , 18.0,  0.0,   1.0,   1.0,  17.0, -3.0 ,  0.0,  0.0,  0.0,  0.0,  0.0,    ,   3.0,       ,      ,      ,        ,        ,        ,        ,        ,        ,        ,        ,      
macivdo01, 1979,     1, WIN , NHL , D  ,  6.0,  0.0,   0.0,   0.0,   2.0, -5.0 ,  0.0,     ,  0.0,     ,  0.0, 0.0,   2.0,       ,      ,      ,        ,        ,        ,        ,        ,        ,        ,        ,      
macivno01, 1986,     1, NYR , NHL , D  ,  3.0,  0.0,   1.0,   1.0,   0.0, -5.0 ,  0.0,     ,  0.0,     ,  0.0, 0.0,   2.0,       ,      ,      ,        ,        ,        ,        ,        ,        ,        ,        ,      
macivno01, 1987,     1, NYR , NHL , D  , 37.0,  9.0,  15.0,  24.0,  14.0, 10.0 ,  4.0,  8.0,  0.0,  0.0,  2.0, 0.0,  65.0,       ,      ,      ,        ,        ,        ,        ,        ,        ,        ,        ,      
macivno01, 1988,     1, NYR , NHL , D  , 26.0,  0.0,  10.0,  10.0,  14.0, -3.0 ,  0.0,     ,  0.0,  0.0,  0.0, 0.0,  36.0,       ,      ,      ,        ,        ,        ,        ,        ,        ,        ,        ,      
macivno01, 1988,     2, HAR , NHL , D  , 37.0,  1.0,  22.0,  23.0,  24.0, 0.0  ,  1.0,     ,  0.0,  0.0,  0.0, 0.0,  51.0,    1.0,   0.0,   0.0,     0.0,     2.0, -2.0   ,     0.0,     0.0,     0.0,     0.0,     0.0,     1.0
macivno01, 1989,     1, EDM , NHL , D  ,  1.0,  0.0,   0.0,   0.0,   0.0, -1.0 ,  0.0,  0.0,  0.0,  0.0,  0.0, 0.0,   0.0,       ,      ,      ,        ,        ,        ,        ,        ,        ,        ,        ,      
macivno01, 1990,     1, EDM , NHL , D  , 21.0,  2.0,   5.0,   7.0,  14.0, 1.0  ,  1.0,  2.0,  0.0,  0.0,  0.0, 0.0,  25.0,   18.0,   0.0,   4.0,     4.0,     8.0, 10.0   ,     0.0,     3.0,     0.0,     0.0,     0.0,    18.0
macivno01, 1991,     1, EDM , NHL , D  , 57.0,  6.0,  34.0,  40.0,  38.0, 20.0 ,  2.0, 11.0,  0.0,  1.0,  3.0, 0.0,  69.0,   13.0,   1.0,   2.0,     3.0,    10.0, 3.0    ,     0.0,     1.0,     0.0,     0.0,     0.0,    17.0
macivno01, 1992,     1, OTT , NHL , D  , 80.0, 17.0,  46.0,  63.0,  84.0, -46.0,  7.0, 28.0,  1.0,  0.0,  2.0, 0.0, 184.0,       ,      ,      ,        ,        ,        ,        ,        ,        ,        ,        ,      
macivno01, 1993,     1, OTT , NHL , D  , 53.0,  3.0,  20.0,  23.0,  26.0, -26.0,  0.0, 13.0,  0.0,  0.0,  0.0, 0.0,  88.0,       ,      ,      ,        ,        ,        ,        ,        ,        ,        ,        ,      
macivno01, 1994,     1, OTT , NHL , D  , 28.0,  4.0,   7.0,  11.0,  10.0, -9.0 ,  2.0,  2.0,  0.0,  0.0,  0.0, 0.0,  30.0,       ,      ,      ,        ,        ,        ,        ,        ,        ,        ,        ,      
macivno01, 1994,     2, PIT , NHL , D  , 13.0,  0.0,   9.0,   9.0,   6.0, 7.0  ,  0.0,  3.0,  0.0,  0.0,  0.0, 0.0,  20.0,   12.0,   1.0,   4.0,     5.0,     8.0, -4.0   ,     0.0,     1.0,     0.0,     0.0,     1.0,    16.0
macivno01, 1995,     1, PIT , NHL , D  , 32.0,  2.0,  21.0,  23.0,  32.0, 12.0 ,  1.0,  9.0,  0.0,  2.0,  0.0, 0.0,  30.0,       ,      ,      ,        ,        ,        ,        ,        ,        ,        ,        ,      
macivno01, 1995,     2, WIN , NHL , D  , 39.0,  5.0,  25.0,  30.0,  26.0, -6.0 ,  2.0, 16.0,  0.0,  0.0,  0.0, 0.0,  49.0,    6.0,   1.0,   0.0,     1.0,     2.0, 3.0    ,     0.0,     0.0,     0.0,     0.0,     0.0,    10.0
macivno01, 1996,     1, PHO , NHL , D  , 32.0,  4.0,   9.0,  13.0,  24.0, -11.0,  1.0,  6.0,  0.0,  0.0,  1.0, 0.0,  40.0,       ,      ,      ,        ,        ,        ,        ,        ,        ,        ,        ,      
macivno01, 1997,     1, PHO , NHL , D  , 41.0,  2.0,   6.0,   8.0,  38.0, -11.0,  0.0,  2.0,  1.0,  0.0,  0.0, 0.0,  37.0,    6.0,   0.0,   1.0,     1.0,     2.0, 0.0    ,     0.0,     1.0,     0.0,     0.0,     0.0,     6.0
mackabl01, 1976,     1, TOR , NHL , D  ,  1.0,  0.0,   0.0,   0.0,   2.0, 0.0  ,  0.0,     ,  0.0,     ,  0.0, 0.0,   0.0,       ,      ,      ,        ,        ,        ,        ,        ,        ,        ,        ,      
mackaca01, 1946,     1, DET , NHL , L  ,  5.0,  0.0,   0.0,   0.0,   0.0,      ,     ,     ,     ,     ,     ,    ,      ,       ,      ,      ,        ,        ,        ,        ,        ,        ,        ,        ,      
mackaca01, 1948,     1, DET , NHL , L  ,  1.0,  0.0,   0.0,   0.0,   0.0,      ,     ,     ,     ,     ,     ,    ,      ,       ,      ,      ,        ,        ,        ,        ,        ,        ,        ,        ,      
mackaca01, 1949,     1, MTL , NHL , L  , 52.0,  8.0,  10.0,  18.0,  44.0,      ,     ,     ,     ,     ,     ,    ,      ,    5.0,   0.0,   1.0,     1.0,     2.0,        ,        ,        ,        ,        ,        ,      
mackaca01, 1950,     1, MTL , NHL , L  , 70.0, 18.0,  10.0,  28.0,  69.0,      ,     ,     ,     ,     ,     ,    ,      ,   11.0,   1.0,   0.0,     1.0,     0.0,        ,        ,        ,        ,        ,        ,      
mackaca01, 1951,     1, MTL , NHL , L  , 12.0,  0.0,   1.0,   1.0,   8.0,      ,     ,     ,     ,     ,     ,    ,      ,       ,      ,      ,        ,        ,        ,        ,        ,        ,        ,        ,      
mackaca01, 1952,     1, MTL , NHL , L  ,     ,     ,      ,      ,      ,      ,     ,     ,     ,     ,     ,    ,      ,    7.0,   1.0,   3.0,     4.0,    10.0,        ,        ,        ,        ,        ,        ,      
mackaca01, 1953,     1, MTL , NHL , L  , 47.0, 10.0,  13.0,  23.0,  54.0,      ,     ,     ,     ,     ,     ,    ,      ,    3.0,   0.0,   1.0,     1.0,     0.0,        ,        ,        ,        ,        ,        ,      
mackaca01, 1954,     1, MTL , NHL , L  , 50.0, 14.0,  21.0,  35.0,  39.0,      ,     ,     ,     ,     ,     ,    ,      ,   12.0,   3.0,   8.0,    11.0,     8.0,        ,        ,        ,        ,        ,        ,      
mackada01, 1940,     1, CHI , NHL , D  , 29.0,  3.0,   0.0,   3.0,  26.0,      ,     ,     ,     ,     ,     ,    ,      ,    5.0,   0.0,   1.0,     1.0,     2.0,        ,        ,        ,        ,        ,        ,      
mackami01, 1914,     1, VML , PCHA, L  , 17.0, 33.0,  11.0,  44.0,   9.0,      ,     ,     ,     ,     ,     ,    ,      ,       ,      ,      ,        ,        ,        ,        ,        ,        ,        ,        ,      
mackami01, 1915,     1, VML , PCHA, C  , 15.0, 12.0,   6.0,  18.0,  32.0,      ,     ,     ,     ,     ,     ,    ,      ,       ,      ,      ,        ,        ,        ,        ,        ,        ,        ,        ,      
mackami01, 1916,     1, VML , PCHA, C  , 23.0, 22.0,  10.0,  32.0,  34.0,      ,     ,     ,     ,     ,     ,    ,      ,       ,      ,      ,        ,        ,        ,        ,        ,        ,        ,        ,      
mackami01, 1917,     1, VML , PCHA, C  , 18.0, 10.0,   8.0,  18.0,  33.0,      ,     ,     ,     ,     ,     ,    ,      ,    2.0,   2.0,   1.0,     3.0,     0.0,        ,        ,        ,        ,        ,        ,      
mackami01, 1918,     1, VML , PCHA, C  , 17.0,  8.0,   9.0,  17.0,   9.0,      ,     ,     ,     ,     ,     ,    ,      ,       ,      ,      ,        ,        ,        ,        ,        ,        ,        ,        ,      
mackami01, 1920,     1, VML , PCHA, C  , 22.0, 11.0,   8.0,  19.0,  15.0,      ,     ,     ,     ,     ,     ,    ,      ,    2.0,   0.0,   3.0,     3.0,     0.0,        ,        ,        ,        ,        ,        ,      
mackami01, 1921,     1, VML , PCHA, L  , 24.0, 14.0,  12.0,  26.0,  20.0,      ,     ,     ,     ,     ,     ,    ,      ,    4.0,   0.0,   0.0,     0.0,     0.0,        ,        ,        ,        ,        ,        ,      
mackami01, 1922,     1, VAM , PCHA, L  , 29.0, 28.0,  12.0,  40.0,  40.0,      ,     ,     ,     ,     ,     ,    ,      ,    2.0,   2.0,   0.0,     2.0,    12.0,        ,        ,        ,        ,        ,        ,      
mackami01, 1923,     1, VAM , PCHA, L  , 28.0, 21.0,   5.0,  26.0,   2.0,      ,     ,     ,     ,     ,     ,    ,      ,    5.0,   3.0,   0.0,     3.0,     2.0,        ,        ,        ,        ,        ,        ,      
mackami01, 1924,     1, VMR , WCHL, C  , 28.0, 27.0,   6.0,  33.0,  17.0,      ,     ,     ,     ,     ,     ,    ,      ,       ,      ,      ,        ,        ,        ,        ,        ,        ,        ,        ,      
mackami01, 1925,     1, VMR , WCHL, C  , 27.0, 13.0,   4.0,  17.0,  24.0,      ,     ,     ,     ,     ,     ,    ,      ,       ,      ,      ,        ,        ,        ,        ,        ,        ,        ,        ,      
mackami01, 1926,     1, CHI , NHL , C  , 34.0, 14.0,   8.0,  22.0,  23.0,      ,     ,     ,     ,     ,     ,    ,      ,    2.0,   0.0,   0.0,     0.0,     0.0,        ,        ,        ,        ,        ,        ,      
mackami01, 1927,     1, CHI , NHL , C  , 36.0, 17.0,   4.0,  21.0,  23.0,      ,     ,     ,     ,     ,     ,    ,      ,       ,      ,      ,        ,        ,        ,        ,        ,        ,        ,        ,      
mackami01, 1928,     1, PIP , NHL , C  , 10.0,  1.0,   0.0,   1.0,   2.0,      ,     ,     ,     ,     ,     ,    ,      ,       ,      ,      ,        ,        ,        ,        ,        ,        ,        ,        ,      
mackami01, 1928,     2, BOS , NHL , C  , 30.0,  8.0,   2.0,  10.0,  18.0,      ,     ,     ,     ,     ,     ,    ,      ,    3.0,   0.0,   0.0,     0.0,     2.0,        ,        ,        ,        ,        ,        ,      
mackami01, 1929,     1, BOS , NHL , C  , 37.0,  4.0,   5.0,   9.0,  13.0,      ,     ,     ,     ,     ,     ,    ,      ,    6.0,   0.0,   0.0,     0.0,     4.0,        ,        ,        ,        ,        ,        ,      
mackamu01, 1945,     1, MTL , NHL , C  ,  5.0,  0.0,   1.0,   1.0,   0.0,      ,     ,     ,     ,     ,     ,    ,      ,       ,      ,      ,        ,        ,        ,        ,        ,        ,        ,        ,      
mackamu01, 1946,     1, MTL , NHL , C  ,     ,     ,      ,      ,      ,      ,     ,     ,     ,     ,     ,    ,      ,    9.0,   0.0,   1.0,     1.0,     0.0,        ,        ,        ,        ,        ,        ,      
mackamu01, 1947,     1, MTL , NHL , C  , 14.0,  0.0,   2.0,   2.0,   0.0,      ,     ,     ,     ,     ,     ,    ,      ,       ,      ,      ,        ,        ,        ,        ,        ,        ,        ,        ,      
mackamu01, 1948,     1, MTL , NHL , C  ,     ,     ,      ,      ,      ,      ,     ,     ,     ,     ,     ,    ,      ,    6.0,   1.0,   1.0,     2.0,     0.0,        ,        ,        ,        ,        ,        ,      
mackeaa01, 2008,     1, COL , NHL , D  ,  5.0,  0.0,   0.0,   0.0,   0.0, 1.0  ,  0.0,  0.0,  0.0,  0.0,  0.0,    ,   3.0,       ,      ,      ,        ,        ,        ,        ,        ,        ,        ,        ,      
mackeal01, 1973,     1, CHC , WHA , D  ,  2.0,  0.0,   0.0,   0.0,   0.0,      ,  0.0,     ,  0.0,     ,  0.0,    ,      ,       ,      ,      ,        ,        ,        ,        ,        ,        ,        ,        ,      
mackeba01, 1968,     1, MNS , NHL , D  ,  6.0,  0.0,   1.0,   1.0,   6.0, -2.0 ,  0.0,     ,  0.0,     ,  0.0, 0.0,   3.0,       ,      ,      ,        ,        ,        ,        ,        ,        ,        ,        ,      
mackebi01, 1932,     1, CHI , NHL , D  , 36.0,  4.0,   4.0,   8.0,  13.0,      ,     ,     ,     ,     ,     ,    ,      ,       ,      ,      ,        ,        ,        ,        ,        ,        ,        ,        ,      
mackebi01, 1933,     1, MTM , NHL , D  , 47.0,  4.0,   3.0,   7.0,  20.0,      ,     ,     ,     ,     ,     ,    ,      ,    4.0,   0.0,   0.0,     0.0,     0.0,        ,        ,        ,        ,        ,        ,      
mackebi01, 1934,     1, MTM , NHL , D  ,  5.0,  0.0,   0.0,   0.0,   0.0,      ,     ,     ,     ,     ,     ,    ,      ,       ,      ,      ,        ,        ,        ,        ,        ,        ,        ,        ,      
mackebi01, 1934,     2, NYR , NHL , D  , 15.0,  1.0,   0.0,   1.0,  10.0,      ,     ,     ,     ,     ,     ,    ,      ,    3.0,   0.0,   0.0,     0.0,     0.0,        ,        ,        ,        ,        ,        ,      
mackebi01, 1936,     1, MTM , NHL , D  , 10.0,  0.0,   1.0,   1.0,   6.0,      ,     ,     ,     ,     ,     ,    ,      ,       ,      ,      ,        ,        ,        ,        ,        ,        ,        ,        ,      
mackebi01, 1936,     2, MTL , NHL , D  , 39.0,  4.0,   3.0,   7.0,  22.0,      ,     ,     ,     ,     ,     ,    ,      ,    5.0,   1.0,   0.0,     1.0,     0.0,        ,        ,        ,        ,        ,        ,      
mackebi01, 1937,     1, MTL , NHL , D  , 11.0,  0.0,   0.0,   0.0,   4.0,      ,     ,     ,     ,     ,     ,    ,      ,       ,      ,      ,        ,        ,        ,        ,        ,        ,        ,        ,      
mackebi01, 1937,     2, CHI , NHL , D  , 35.0,  1.0,   2.0,   3.0,  20.0,      ,     ,     ,     ,     ,     ,    ,      ,    9.0,   0.0,   1.0,     1.0,    11.0,        ,        ,        ,        ,        ,        ,      
mackebi01, 1938,     1, CHI , NHL , D  , 47.0,  1.0,   0.0,   1.0,  36.0,      ,     ,     ,     ,     ,     ,    ,      ,       ,      ,      ,        ,        ,        ,        ,        ,        ,        ,        ,      
mackebi01, 1939,     1, CHI , NHL , D  , 19.0,  0.0,   1.0,   1.0,  14.0,      ,     ,     ,     ,     ,     ,    ,      ,       ,      ,      ,        ,        ,        ,        ,        ,        ,        ,        ,      
mackeda01, 1987,     1, CHI , NHL , L  , 23.0,  1.0,   3.0,   4.0,  71.0, -14.0,  0.0,  0.0,  0.0,  0.0,  1.0, 0.0,  23.0,       ,      ,      ,        ,        ,        ,        ,        ,        ,        ,        ,      
mackeda01, 1988,     1, CHI , NHL , L  , 23.0,  1.0,   2.0,   3.0,  78.0, -1.0 ,  0.0,  0.0,  0.0,  0.0,  0.0, 0.0,  15.0,       ,      ,      ,        ,        ,        ,        ,        ,        ,        ,        ,      
mackeda01, 1989,     1, MNS , NHL , L  , 16.0,  2.0,   0.0,   2.0,  28.0, -3.0 ,  0.0,  0.0,  0.0,  0.0,  1.0, 0.0,   8.0,       ,      ,      ,        ,        ,        ,        ,        ,        ,        ,        ,      
mackeda01, 1991,     1, STL , NHL , L  , 19.0,  1.0,   0.0,   1.0,  49.0, -4.0 ,  0.0,  0.0,  0.0,  0.0,  1.0, 0.0,  12.0,    1.0,   0.0,   0.0,     0.0,     0.0, 0.0    ,     0.0,     0.0,     0.0,     0.0,     0.0,     3.0
mackeda01, 1992,     1, STL , NHL , L  , 15.0,  1.0,   4.0,   5.0,  23.0, -3.0 ,  0.0,  0.0,  0.0,  0.0,  0.0, 0.0,  17.0,       ,      ,      ,        ,        ,        ,        ,        ,        ,        ,        ,      
mackeda01, 1993,     1, STL , NHL , L  , 30.0,  2.0,   3.0,   5.0,  56.0, -4.0 ,  0.0,  0.0,  0.0,  0.0,  0.0, 0.0,  21.0,    2.0,   0.0,   0.0,     0.0,     2.0, -1.0   ,     0.0,     0.0,     0.0,     0.0,     0.0,     2.0
mackede01, 2001,     1, ATL , NHL , C  ,  1.0,  0.0,   0.0,   0.0,   2.0, -1.0 ,  0.0,  0.0,  0.0,  0.0,  0.0, 0.0,   1.0,       ,      ,      ,        ,        ,        ,        ,        ,        ,        ,        ,      
mackede01, 2003,     1, ATL , NHL , C  , 12.0,  0.0,   1.0,   1.0,  10.0, 0.0  ,  0.0,  0.0,  0.0,  0.0,  0.0, 0.0,   7.0,       ,      ,      ,        ,        ,        ,        ,        ,        ,        ,        ,      
mackede01, 2005,     1, ATL , NHL , C  , 11.0,  0.0,   1.0,   1.0,   8.0, 0.0  ,  0.0,  0.0,  0.0,  0.0,  0.0,    ,  11.0,       ,      ,      ,        ,        ,        ,        ,        ,        ,        ,        ,      
mackede01, 2006,     1, ATL , NHL , C  ,  4.0,  0.0,   0.0,   0.0,   0.0, 1.0  ,  0.0,  0.0,  0.0,  0.0,  0.0,    ,   3.0,       ,      ,      ,        ,        ,        ,        ,        ,        ,        ,        ,      
mackede01, 2007,     1, CBS , NHL , C  , 17.0,  2.0,   0.0,   2.0,   8.0, -2.0 ,  0.0,  0.0,  0.0,  0.0,  0.0,    ,  19.0,       ,      ,      ,        ,        ,        ,        ,        ,        ,        ,        ,      
mackede01, 2008,     1, CBS , NHL , C  ,  1.0,  0.0,   0.0,   0.0,   2.0, -1.0 ,  0.0,  0.0,  0.0,  0.0,  0.0,    ,   1.0,       ,      ,      ,        ,        ,        ,        ,        ,        ,        ,        ,      
mackede01, 2009,     1, CBS , NHL , C  , 18.0,  1.0,   3.0,   4.0,   0.0, 3.0  ,  0.0,  0.0,  0.0,  0.0,  0.0,    ,  14.0,       ,      ,      ,        ,        ,        ,        ,        ,        ,        ,        ,      
mackefl01, 1947,     1, TOR , NHL , C  ,  3.0,  0.0,   0.0,   0.0,   2.0,      ,     ,     ,     ,     ,     ,    ,      ,       ,      ,      ,        ,        ,        ,        ,        ,        ,        ,        ,      
mackefl01, 1948,     1, TOR , NHL , C  , 11.0,  1.0,   1.0,   2.0,   6.0,      ,     ,     ,     ,     ,     ,    ,      ,    9.0,   2.0,   4.0,     6.0,     4.0,        ,        ,        ,        ,        ,        ,      
mackefl01, 1949,     1, TOR , NHL , C  , 36.0,  7.0,  13.0,  20.0,  24.0,      ,     ,     ,     ,     ,     ,    ,      ,    7.0,   1.0,   1.0,     2.0,    11.0,        ,        ,        ,        ,        ,        ,      
mackefl01, 1950,     1, TOR , NHL , C  , 70.0, 12.0,  13.0,  25.0,  40.0,      ,     ,     ,     ,     ,     ,    ,      ,   11.0,   2.0,   3.0,     5.0,     9.0,        ,        ,        ,        ,        ,        ,      
mackefl01, 1951,     1, TOR , NHL , C  , 32.0,  2.0,   8.0,  10.0,  16.0,      ,     ,     ,     ,     ,     ,    ,      ,       ,      ,      ,        ,        ,        ,        ,        ,        ,        ,        ,      
mackefl01, 1951,     2, BOS , NHL , C  , 30.0,  1.0,   8.0,   9.0,  24.0,      ,     ,     ,     ,     ,     ,    ,      ,    5.0,   2.0,   1.0,     3.0,    12.0,        ,        ,        ,        ,        ,        ,      
mackefl01, 1952,     1, BOS , NHL , C  , 65.0, 27.0,  17.0,  44.0,  63.0,      ,     ,     ,     ,     ,     ,    ,      ,   11.0,   2.0,   7.0,     9.0,     7.0,        ,        ,        ,        ,        ,        ,      
mackefl01, 1953,     1, BOS , NHL , C  , 67.0, 15.0,  32.0,  47.0,  60.0,      ,     ,     ,     ,     ,     ,    ,      ,    4.0,   1.0,   1.0,     2.0,     8.0,        ,        ,        ,        ,        ,        ,      
mackefl01, 1954,     1, BOS , NHL , R  , 60.0, 11.0,  24.0,  35.0,  76.0,      ,     ,     ,     ,     ,     ,    ,      ,    4.0,   0.0,   1.0,     1.0,     0.0,        ,        ,        ,        ,        ,        ,      
mackefl01, 1955,     1, BOS , NHL , C  , 52.0,  7.0,   9.0,  16.0,  59.0,      ,     ,     ,     ,     ,     ,    ,      ,       ,      ,      ,        ,        ,        ,        ,        ,        ,        ,        ,      
mackefl01, 1956,     1, BOS , NHL , C  , 65.0, 22.0,  17.0,  39.0,  73.0,      ,     ,     ,     ,     ,     ,    ,      ,   10.0,   5.0,   3.0,     8.0,     4.0,        ,        ,        ,        ,        ,        ,      
mackefl01, 1957,     1, BOS , NHL , C  , 70.0, 20.0,  40.0,  60.0,  72.0,      ,     ,     ,     ,     ,     ,    ,      ,   12.0,   5.0,  14.0,    19.0,    12.0,        ,        ,        ,        ,        ,        ,      
mackefl01, 1958,     1, BOS , NHL , C  , 57.0, 17.0,  23.0,  40.0,  28.0,      ,     ,     ,     ,     ,     ,    ,      ,    7.0,   2.0,   6.0,     8.0,     8.0,        ,        ,        ,        ,        ,        ,      
mackefl01, 1959,     1, BOS , NHL , C  , 47.0,  7.0,  15.0,  22.0,  19.0,      ,     ,     ,     ,     ,     ,    ,      ,       ,      ,      ,        ,        ,        ,        ,        ,        ,        ,        ,      
mackeja01, 1919,     1, OTS , NHL , F  , 23.0,  2.0,   1.0,   3.0,  33.0,      ,     ,     ,     ,     ,     ,    ,      ,       ,      ,      ,        ,        ,        ,        ,        ,        ,        ,        ,      
mackeja01, 1920,     1, OTS , NHL , F  , 22.0,  2.0,   1.0,   3.0,  26.0,      ,     ,     ,     ,     ,     ,    ,      ,    2.0,   0.0,   0.0,     0.0,     0.0,        ,        ,        ,        ,        ,        ,      
mackere01, 1922,     1, CAT , WCHL, D  ,  1.0,  0.0,   0.0,   0.0,   0.0,      ,     ,     ,     ,     ,     ,    ,      ,       ,      ,      ,        ,        ,        ,        ,        ,        ,        ,        ,      
mackere01, 1924,     1, CAT , WCHL, D  , 16.0,  3.0,   0.0,   3.0,  15.0,      ,     ,     ,     ,     ,     ,    ,      ,    2.0,   0.0,   0.0,     0.0,     2.0,        ,        ,        ,        ,        ,        ,      
mackere01, 1925,     1, VMR , WCHL, D  , 28.0,  8.0,   0.0,   8.0,  23.0,      ,     ,     ,     ,     ,     ,    ,      ,       ,      ,      ,        ,        ,        ,        ,        ,        ,        ,        ,      
mackere01, 1926,     1, NYR , NHL , D  , 34.0,  0.0,   0.0,   0.0,  16.0,      ,     ,     ,     ,     ,     ,    ,      ,    1.0,   0.0,   0.0,     0.0,     0.0,        ,        ,        ,        ,        ,        ,      
mackesh01, 1982,     1, NJD , NHL , G  ,  4.0,  0.0,   0.0,   0.0,   0.0, 0.0  ,  0.0,     ,  0.0,     ,  0.0, 0.0,   0.0,       ,      ,      ,        ,        ,        ,        ,        ,        ,        ,        ,      
mackiho01, 1936,     1, DET , NHL , D  , 13.0,  1.0,   0.0,   1.0,   4.0,      ,     ,     ,     ,     ,     ,    ,      ,    8.0,   0.0,   0.0,     0.0,     0.0,        ,        ,        ,        ,        ,        ,      
mackiho01, 1937,     1, DET , NHL , R  ,  7.0,  0.0,   0.0,   0.0,   0.0,      ,     ,     ,     ,     ,     ,    ,      ,       ,      ,      ,        ,        ,        ,        ,        ,        ,        ,        ,      
mackipa01, 1978,     1, WIJ , WHA , D  , 73.0,  2.0,  15.0,  17.0,  70.0, -3.0 ,  0.0,     ,  0.0,     ,     ,    ,  81.0,   10.0,   2.0,   5.0,     7.0,     4.0, 3.0    ,        ,        ,        ,        ,     0.0,      
mackipa01, 1979,     1, WAS , NHL , D  , 63.0,  1.0,  11.0,  12.0,  22.0, -1.0 ,  0.0,     ,  0.0,     ,  0.0, 0.0,  68.0,       ,      ,      ,        ,        ,        ,        ,        ,        ,        ,        ,      
mackipa01, 1980,     1, WAS , NHL , D  , 14.0,  0.0,   0.0,   0.0,  22.0, 5.0  ,  0.0,     ,  0.0,     ,  0.0, 0.0,   7.0,       ,      ,      ,        ,        ,        ,        ,        ,        ,        ,        ,      
mackipa01, 1981,     1, WAS , NHL , D  , 39.0,  2.0,   9.0,  11.0,  35.0, -10.0,  0.0,     ,  0.0,     ,  0.0, 0.0,  28.0,       ,      ,      ,        ,        ,        ,        ,        ,        ,        ,        ,      
mackipa01, 1982,     1, WAS , NHL , D  , 19.0,  2.0,   2.0,   4.0,   8.0, 1.0  ,  1.0,     ,  0.0,     ,  0.0, 0.0,  10.0,       ,      ,      ,        ,        ,        ,        ,        ,        ,        ,        ,      
mackipa01, 1983,     1, WAS , NHL , D  , 12.0,  0.0,   1.0,   1.0,   4.0, -7.0 ,  0.0,     ,  0.0,     ,  0.0, 0.0,   3.0,       ,      ,      ,        ,        ,        ,        ,        ,        ,        ,        ,      
maclebr01, 1982,     1, LAK , NHL , L  ,  8.0,  0.0,   3.0,   3.0,   7.0, -5.0 ,  0.0,     ,  0.0,     ,  0.0, 0.0,   5.0,       ,      ,      ,        ,        ,        ,        ,        ,        ,        ,        ,      
maclebr01, 1983,     1, LAK , NHL , L  , 72.0, 25.0,  29.0,  54.0,  45.0, -21.0,  3.0,     ,  1.0,     ,  1.0, 2.0, 106.0,       ,      ,      ,        ,        ,        ,        ,        ,        ,        ,        ,      
maclebr01, 1984,     1, LAK , NHL , L  , 80.0, 31.0,  54.0,  85.0,  53.0, 2.0  , 14.0,     ,  0.0,     ,  3.0, 0.0, 170.0,    3.0,   0.0,   1.0,     1.0,     0.0, 0.0    ,     0.0,        ,     0.0,        ,     0.0,     9.0
maclebr01, 1985,     1, LAK , NHL , L  , 27.0,  5.0,   8.0,  13.0,  19.0, -13.0,  4.0,     ,  0.0,     ,  0.0, 0.0,  53.0,       ,      ,      ,        ,        ,        ,        ,        ,        ,        ,        ,      
maclebr01, 1985,     2, NYR , NHL , L  , 51.0, 11.0,  21.0,  32.0,  47.0, -20.0,  8.0,     ,  0.0,     ,  1.0, 0.0, 112.0,   16.0,   2.0,   4.0,     6.0,    15.0, 1.0    ,     0.0,        ,     0.0,        ,     1.0,    31.0
maclebr01, 1986,     1, MNS , NHL , L  , 76.0, 32.0,  31.0,  63.0,  69.0, -12.0, 13.0,     ,  0.0,     ,  5.0, 0.0, 146.0,       ,      ,      ,        ,        ,        ,        ,        ,        ,        ,        ,      
maclebr01, 1987,     1, MNS , NHL , L  , 75.0, 16.0,  32.0,  48.0,  74.0, -44.0,  7.0, 16.0,  0.0,  0.0,  4.0, 2.0, 194.0,       ,      ,      ,        ,        ,        ,        ,        ,        ,        ,        ,      
maclebr01, 1988,     1, MNS , NHL , L  , 60.0, 16.0,  23.0,  39.0, 104.0, 0.0  ,  7.0,     ,  0.0,  0.0,  0.0, 0.0, 114.0,       ,      ,      ,        ,        ,        ,        ,        ,        ,        ,        ,      
maclebr01, 1988,     2, CAL , NHL , L  , 12.0,  2.0,   3.0,   5.0,  14.0, 3.0  ,  0.0,     ,  0.0,  0.0,  0.0, 0.0,  23.0,   21.0,   3.0,   2.0,     5.0,    19.0, -4.0   ,     0.0,     0.0,     0.0,     0.0,     1.0,    41.0
maclebr01, 1989,     1, CAL , NHL , L  , 65.0, 20.0,  18.0,  38.0,  26.0, -3.0 , 10.0,  4.0,  0.0,  0.0,  3.0, 1.0, 127.0,    6.0,   0.0,   2.0,     2.0,     8.0, -7.0   ,     0.0,     0.0,     0.0,     0.0,     0.0,    13.0
maclebr01, 1990,     1, CAL , NHL , L  , 57.0, 13.0,  14.0,  27.0,  55.0, 15.0 ,  5.0,  0.0,  0.0,  0.0,  2.0, 0.0,  74.0,    1.0,   0.0,   0.0,     0.0,     0.0, -1.0   ,     0.0,     0.0,     0.0,     0.0,     0.0,     1.0
maclebr01, 1991,     1, DET , NHL , L  , 23.0,  1.0,   5.0,   6.0,  38.0, 4.0  ,  0.0,  0.0,  0.0,  0.0,  0.0, 0.0,  17.0,       ,      ,      ,        ,        ,        ,        ,        ,        ,        ,        ,      
macledo01, 1997,     1, LAK , NHL , C  , 22.0,  5.0,   2.0,   7.0,   4.0, -1.0 ,  2.0,  0.0,  0.0,  0.0,  0.0, 0.0,  25.0,       ,      ,      ,        ,        ,        ,        ,        ,        ,        ,        ,      
macledo01, 2000,     1, TOR , NHL , C  ,  3.0,  0.0,   1.0,   1.0,   2.0, -2.0 ,  0.0,  0.0,  0.0,  0.0,  0.0, 0.0,   2.0,       ,      ,      ,        ,        ,        ,        ,        ,        ,        ,        ,      
macledo01, 2001,     1, TOR , NHL , C  ,     ,     ,      ,      ,      ,      ,     ,     ,     ,     ,     ,    ,      ,    3.0,   0.0,   0.0,     0.0,     0.0, 0.0    ,     0.0,     0.0,     0.0,     0.0,     0.0,     0.0
macledo01, 2003,     1, CBS , NHL , C  ,  4.0,  1.0,   0.0,   1.0,   0.0, -1.0 ,  0.0,  0.0,  0.0,  0.0,  0.0, 0.0,  10.0,       ,      ,      ,        ,        ,        ,        ,        ,        ,        ,        ,      
macledo01, 2005,     1, DET , NHL , C  ,  3.0,  1.0,   1.0,   2.0,   0.0, 2.0  ,  1.0,  0.0,  0.0,  0.0,  1.0,    ,   3.0,       ,      ,      ,        ,        ,        ,        ,        ,        ,        ,        ,      
macledo01, 2006,     1, PHO , NHL , C  ,  9.0,  1.0,   1.0,   2.0,   0.0, -4.0 ,  0.0,  1.0,  0.0,  0.0,  0.0,    ,  12.0,       ,      ,      ,        ,        ,        ,        ,        ,        ,        ,        ,      
maclejo01, 1983,     1, NJD , NHL , R  , 23.0,  1.0,   0.0,   1.0,  10.0, -7.0 ,  0.0,     ,  0.0,     ,  0.0, 0.0,  22.0,       ,      ,      ,        ,        ,        ,        ,        ,        ,        ,        ,      
maclejo01, 1984,     1, NJD , NHL , R  , 61.0, 13.0,  20.0,  33.0,  44.0, -11.0,  1.0,     ,  0.0,     ,  4.0, 1.0,  92.0,       ,      ,      ,        ,        ,        ,        ,        ,        ,        ,        ,      
maclejo01, 1985,     1, NJD , NHL , R  , 74.0, 21.0,  36.0,  57.0, 112.0, -3.0 ,  1.0,     ,  0.0,     ,  4.0, 0.0, 139.0,       ,      ,      ,        ,        ,        ,        ,        ,        ,        ,        ,      
maclejo01, 1986,     1, NJD , NHL , R  , 80.0, 31.0,  36.0,  67.0, 120.0, -23.0,  9.0,     ,  0.0,     ,  4.0, 0.0, 197.0,       ,      ,      ,        ,        ,        ,        ,        ,        ,        ,        ,      
maclejo01, 1987,     1, NJD , NHL , R  , 76.0, 23.0,  16.0,  39.0, 147.0, -10.0, 12.0,  4.0,  0.0,  0.0,  4.0, 0.0, 204.0,   20.0,   7.0,  11.0,    18.0,    60.0, 2.0    ,     2.0,     5.0,     0.0,     0.0,     2.0,    50.0
maclejo01, 1988,     1, NJD , NHL , R  , 74.0, 42.0,  45.0,  87.0, 122.0, 26.0 , 14.0, 16.0,  0.0,  0.0,  4.0, 2.0, 266.0,       ,      ,      ,        ,        ,        ,        ,        ,        ,        ,        ,      
maclejo01, 1989,     1, NJD , NHL , R  , 80.0, 41.0,  38.0,  79.0,  80.0, 17.0 , 10.0, 10.0,  3.0,  1.0, 11.0, 0.0, 322.0,    6.0,   4.0,   1.0,     5.0,    12.0, -1.0   ,     2.0,     0.0,     1.0,     0.0,     0.0,    22.0
maclejo01, 1990,     1, NJD , NHL , R  , 78.0, 45.0,  33.0,  78.0, 150.0, 8.0  , 19.0,  7.0,  2.0,  2.0,  7.0, 2.0, 292.0,    7.0,   5.0,   3.0,     8.0,    20.0, 2.0    ,     1.0,     2.0,     0.0,     0.0,     0.0,    31.0
maclejo01, 1992,     1, NJD , NHL , R  , 80.0, 24.0,  24.0,  48.0, 102.0, -6.0 ,  7.0,  5.0,  1.0,  0.0,  3.0, 0.0, 195.0,    5.0,   0.0,   1.0,     1.0,    10.0, -5.0   ,     0.0,     0.0,     0.0,     0.0,     0.0,     9.0
maclejo01, 1993,     1, NJD , NHL , L  , 80.0, 37.0,  33.0,  70.0,  95.0, 30.0 ,  8.0, 11.0,  0.0,  1.0,  4.0, 0.0, 277.0,   20.0,   6.0,  10.0,    16.0,    22.0, -2.0   ,     2.0,     5.0,     0.0,     0.0,     1.0,    65.0
maclejo01, 1994,     1, NJD , NHL , R  , 46.0, 17.0,  12.0,  29.0,  32.0, 13.0 ,  2.0,  6.0,  1.0,  0.0,  0.0, 0.0, 139.0,   20.0,   5.0,  13.0,    18.0,    14.0, 8.0    ,     2.0,     3.0,     0.0,     0.0,     0.0,    57.0
maclejo01, 1995,     1, NJD , NHL , R  , 76.0, 20.0,  28.0,  48.0,  91.0, 3.0  ,  3.0, 12.0,  3.0,  1.0,  3.0, 0.0, 237.0,       ,      ,      ,        ,        ,        ,        ,        ,        ,        ,        ,      
maclejo01, 1996,     1, NJD , NHL , R  , 80.0, 29.0,  25.0,  54.0,  49.0, 11.0 ,  5.0,  3.0,  0.0,  0.0,  6.0, 0.0, 254.0,   10.0,   4.0,   5.0,     9.0,     4.0, 1.0    ,     2.0,     1.0,     1.0,     0.0,     1.0,    32.0
maclejo01, 1997,     1, NJD , NHL , R  , 26.0,  3.0,   8.0,  11.0,  14.0, -6.0 ,  1.0,  3.0,  0.0,  0.0,  1.0, 0.0,  74.0,       ,      ,      ,        ,        ,        ,        ,        ,        ,        ,        ,      
maclejo01, 1997,     2, SJS , NHL , R  , 51.0, 13.0,  19.0,  32.0,  28.0, 0.0  ,  5.0,  6.0,  0.0,  1.0,  2.0, 1.0, 139.0,    6.0,   2.0,   3.0,     5.0,     4.0, 1.0    ,     1.0,     2.0,     0.0,     0.0,     0.0,    18.0
maclejo01, 1998,     1, NYR , NHL , R  , 82.0, 28.0,  27.0,  55.0,  46.0, 5.0  , 11.0,  7.0,  1.0,  2.0,  2.0, 0.0, 231.0,       ,      ,      ,        ,        ,        ,        ,        ,        ,        ,        ,      
maclejo01, 1999,     1, NYR , NHL , R  , 77.0, 18.0,  24.0,  42.0,  52.0, -2.0 ,  6.0,  1.0,  2.0,  0.0,  3.0, 0.0, 158.0,       ,      ,      ,        ,        ,        ,        ,        ,        ,        ,        ,      
maclejo01, 2000,     1, NYR , NHL , R  ,  2.0,  0.0,   0.0,   0.0,   0.0, -2.0 ,  0.0,  0.0,  0.0,  0.0,  0.0, 0.0,   0.0,       ,      ,      ,        ,        ,        ,        ,        ,        ,        ,        ,      
maclejo01, 2000,     2, DAL , NHL , R  , 28.0,  4.0,   2.0,   6.0,  17.0, 0.0  ,  1.0,  0.0,  0.0,  0.0,  0.0, 0.0,  41.0,   10.0,   2.0,   1.0,     3.0,     6.0, -3.0   ,     0.0,     0.0,     0.0,     0.0,     0.0,    12.0
maclejo01, 2001,     1, DAL , NHL , R  , 20.0,  3.0,   3.0,   6.0,  17.0, -1.0 ,  0.0,  1.0,  0.0,  0.0,  1.0, 0.0,  40.0,       ,      ,      ,        ,        ,        ,        ,        ,        ,        ,        ,      
maclepa01, 1980,     1, STL , NHL , R  ,  1.0,  0.0,   0.0,   0.0,   0.0, 1.0  ,  0.0,     ,  0.0,     ,  0.0, 0.0,   1.0,    1.0,   0.0,   0.0,     0.0,     0.0,        ,     0.0,        ,     0.0,        ,     0.0,      
maclepa01, 1981,     1, WIN , NHL , R  , 74.0, 36.0,  25.0,  61.0, 106.0, -9.0 , 12.0,     ,  0.0,     ,  1.0, 1.0, 164.0,    4.0,   3.0,   2.0,     5.0,    20.0,        ,     2.0,        ,     0.0,        ,     1.0,      
maclepa01, 1982,     1, WIN , NHL , R  , 80.0, 32.0,  44.0,  76.0, 121.0, -5.0 , 15.0,     ,  0.0,     ,  2.0, 0.0, 163.0,    3.0,   1.0,   2.0,     3.0,     6.0,        ,     1.0,        ,     0.0,        ,     0.0,      
maclepa01, 1983,     1, WIN , NHL , R  , 76.0, 40.0,  31.0,  71.0, 155.0, -15.0, 13.0,     ,  0.0,     ,  5.0, 0.0, 158.0,    3.0,   1.0,   0.0,     1.0,     0.0, -3.0   ,     0.0,        ,     0.0,        ,     0.0,    10.0
maclepa01, 1984,     1, WIN , NHL , R  , 79.0, 41.0,  60.0, 101.0, 119.0, 5.0  , 14.0,     ,  0.0,     ,  6.0, 0.0, 186.0,    8.0,   3.0,   4.0,     7.0,     4.0, -2.0   ,     2.0,        ,     0.0,        ,     0.0,    20.0
maclepa01, 1985,     1, WIN , NHL , R  , 69.0, 27.0,  29.0,  56.0,  74.0, -14.0, 11.0,     ,  0.0,     ,  2.0, 0.0, 168.0,    2.0,   1.0,   0.0,     1.0,     7.0, -2.0   ,     0.0,        ,     0.0,        ,     0.0,     6.0
maclepa01, 1986,     1, WIN , NHL , R  , 72.0, 32.0,  42.0,  74.0,  75.0, 12.0 , 10.0,     ,  0.0,     ,  6.0, 0.0, 155.0,   10.0,   5.0,   2.0,     7.0,    16.0, -2.0   ,     2.0,        ,     0.0,        ,     0.0,    23.0
maclepa01, 1987,     1, WIN , NHL , R  , 77.0, 40.0,  39.0,  79.0,  76.0, -17.0, 22.0, 21.0,  0.0,  0.0,  2.0, 1.0, 176.0,    5.0,   2.0,   0.0,     2.0,    23.0, -7.0   ,     2.0,     0.0,     0.0,     0.0,     0.0,    11.0
maclepa01, 1988,     1, DET , NHL , R  , 76.0, 36.0,  35.0,  71.0, 118.0, 7.0  , 16.0,  6.0,  0.0,  0.0,  5.0, 1.0, 148.0,    5.0,   1.0,   1.0,     2.0,     8.0, -2.0   ,     0.0,     0.0,     0.0,     0.0,     0.0,     5.0
maclepa01, 1989,     1, STL , NHL , R  , 78.0, 34.0,  33.0,  67.0, 100.0, 2.0  , 12.0,  6.0,  0.0,  0.0,  6.0, 1.0, 141.0,   12.0,   4.0,   3.0,     7.0,    20.0, -5.0   ,     3.0,     1.0,     0.0,     0.0,     0.0,    14.0
maclepa01, 1990,     1, STL , NHL , R  , 37.0,  6.0,  11.0,  17.0,  24.0, -2.0 ,  0.0,  3.0,  0.0,  0.0,  2.0, 0.0,  53.0,       ,      ,      ,        ,        ,        ,        ,        ,        ,        ,        ,      
maclepa02, 1990,     1, MNS , NHL , D  ,  1.0,  0.0,   1.0,   1.0,   0.0, 1.0  ,  0.0,  1.0,  0.0,  0.0,  0.0, 0.0,   1.0,       ,      ,      ,        ,        ,        ,        ,        ,        ,        ,        ,      
maclepa02, 1991,     1, SJS , NHL , D  , 37.0,  5.0,  11.0,  16.0,   4.0, -32.0,  3.0,  9.0,  0.0,  0.0,  0.0, 0.0,  77.0,       ,      ,      ,        ,        ,        ,        ,        ,        ,        ,        ,      
maclepa02, 1992,     1, SJS , NHL , D  , 13.0,  0.0,   1.0,   1.0,  10.0, -19.0,  0.0,  0.0,  0.0,  0.0,  0.0, 0.0,  20.0,       ,      ,      ,        ,        ,        ,        ,        ,        ,        ,        ,      
maclepa02, 1995,     1, DAL , NHL , D  ,  2.0,  0.0,   0.0,   0.0,   0.0, 0.0  ,  0.0,  0.0,  0.0,  0.0,  0.0, 0.0,   2.0,       ,      ,      ,        ,        ,        ,        ,        ,        ,        ,        ,      
macleri01, 1970,     1, PHI , NHL , L  , 26.0,  2.0,   4.0,   6.0,  19.0, -4.0 ,  0.0,     ,  0.0,     ,  0.0, 0.0,  54.0,    4.0,   1.0,   0.0,     1.0,     0.0,        ,     0.0,        ,     0.0,        ,     0.0,      
macleri01, 1971,     1, PHI , NHL , C  , 17.0,  1.0,   2.0,   3.0,   9.0, -9.0 ,  0.0,     ,  0.0,     ,  0.0, 0.0,  37.0,       ,      ,      ,        ,        ,        ,        ,        ,        ,        ,        ,      
macleri01, 1972,     1, PHI , NHL , C  , 78.0, 50.0,  50.0, 100.0,  69.0, 15.0 , 21.0,     ,  2.0,     ,  6.0, 1.0, 279.0,   10.0,   3.0,   4.0,     7.0,     2.0,        ,     2.0,        ,     0.0,        ,     1.0,      
macleri01, 1973,     1, PHI , NHL , C  , 78.0, 32.0,  45.0,  77.0,  42.0, 21.0 , 13.0,     ,  4.0,     ,  5.0, 1.0, 270.0,   17.0,  13.0,   9.0,    22.0,    20.0,        ,     5.0,        ,     0.0,        ,     4.0,      
macleri01, 1974,     1, PHI , NHL , C  , 80.0, 38.0,  41.0,  79.0,  50.0, 29.0 , 11.0,     ,  3.0,     ,  8.0, 1.0, 309.0,   17.0,  11.0,   9.0,    20.0,     8.0,        ,     4.0,        ,     0.0,        ,     1.0,      
macleri01, 1975,     1, PHI , NHL , C  , 51.0, 22.0,  23.0,  45.0,  16.0, 6.0  ,  6.0,     ,  1.0,     ,  4.0, 0.0, 222.0,       ,      ,      ,        ,        ,        ,        ,        ,        ,        ,        ,      
macleri01, 1976,     1, PHI , NHL , C  , 79.0, 49.0,  48.0,  97.0,  42.0, 46.0 , 10.0,     ,  1.0,     ,  8.0, 2.0, 252.0,   10.0,   4.0,   9.0,    13.0,     2.0,        ,     2.0,        ,     0.0,        ,     1.0,      
macleri01, 1977,     1, PHI , NHL , L  , 76.0, 31.0,  39.0,  70.0,  33.0, 24.0 ,  7.0,     ,  2.0,     ,  7.0, 4.0, 253.0,   12.0,   7.0,   9.0,    16.0,     4.0,        ,     3.0,        ,     0.0,        ,     3.0,      
macleri01, 1978,     1, PHI , NHL , L  , 71.0, 26.0,  32.0,  58.0,  47.0, 4.0  ,  7.0,     ,  5.0,     ,  4.0, 0.0, 211.0,    7.0,   0.0,   1.0,     1.0,     0.0,        ,     0.0,        ,     0.0,        ,     0.0,      
macleri01, 1979,     1, PHI , NHL , L  , 78.0, 31.0,  35.0,  66.0,  28.0, 23.0 ,  6.0,     ,  3.0,     ,  4.0, 4.0, 234.0,   19.0,   9.0,   6.0,    15.0,     2.0,        ,     1.0,        ,     0.0,        ,     1.0,      
macleri01, 1980,     1, PHI , NHL , L  , 78.0, 38.0,  36.0,  74.0,  25.0, 22.0 , 14.0,     ,  0.0,     ,  3.0, 0.0, 214.0,   12.0,   5.0,   5.0,    10.0,     0.0,        ,     4.0,        ,     0.0,        ,     0.0,      
macleri01, 1981,     1, HAR , NHL , C  , 34.0,  6.0,  16.0,  22.0,  16.0, -13.0,  4.0,     ,  0.0,     ,  0.0, 0.0,  68.0,       ,      ,      ,        ,        ,        ,        ,        ,        ,        ,        ,      
macleri01, 1981,     2, PIT , NHL , L  , 40.0, 13.0,  12.0,  25.0,  28.0, -7.0 ,  2.0,     ,  2.0,     ,  1.0, 0.0, 101.0,    5.0,   1.0,   1.0,     2.0,     0.0,        ,     0.0,        ,     0.0,        ,     0.0,      
macleri01, 1982,     1, PIT , NHL , L  ,  6.0,  0.0,   5.0,   5.0,   2.0, -5.0 ,  0.0,     ,  0.0,     ,  0.0, 0.0,   8.0,       ,      ,      ,        ,        ,        ,        ,        ,        ,        ,        ,      
macleri01, 1983,     1, PHI , NHL , C  , 29.0,  8.0,  14.0,  22.0,   4.0, 4.0  ,  3.0,     ,  0.0,     ,  2.0, 0.0,  70.0,       ,      ,      ,        ,        ,        ,        ,        ,        ,        ,        ,      
macleri01, 1983,     2, DET , NHL , C  , 25.0,  2.0,   8.0,  10.0,   4.0, -4.0 ,  0.0,     ,  0.0,     ,  0.0, 0.0,  26.0,    1.0,   0.0,   0.0,     0.0,     0.0, 0.0    ,     0.0,        ,     0.0,        ,     0.0,     1.0
macmibi01, 1970,     1, TOR , NHL , R  , 76.0, 22.0,  19.0,  41.0,  42.0, 10.0 ,  3.0,     ,  1.0,     ,  4.0, 1.0, 156.0,    6.0,   0.0,   3.0,     3.0,     2.0,        ,     0.0,        ,     0.0,        ,     0.0,      
macmibi01, 1971,     1, TOR , NHL , R  , 61.0, 10.0,   7.0,  17.0,  39.0, -1.0 ,  2.0,     ,  0.0,     ,  2.0, 0.0,  95.0,    5.0,   0.0,   0.0,     0.0,     0.0,        ,     0.0,        ,     0.0,        ,     0.0,      
macmibi01, 1972,     1, ATF , NHL , R  , 78.0, 10.0,  15.0,  25.0,  52.0, -10.0,  3.0,     ,  0.0,     ,  2.0, 0.0, 101.0,       ,      ,      ,        ,        ,        ,        ,        ,        ,        ,        ,      
macmibi01, 1973,     1, NYI , NHL , R  , 55.0,  4.0,   9.0,  13.0,  16.0, -6.0 ,  0.0,     ,  0.0,     ,  0.0, 1.0,  65.0,       ,      ,      ,        ,        ,        ,        ,        ,        ,        ,        ,      
macmibi01, 1974,     1, NYI , NHL , R  , 69.0, 13.0,  12.0,  25.0,  12.0, 0.0  ,  2.0,     ,  1.0,     ,  1.0, 2.0,  74.0,   17.0,   0.0,   1.0,     1.0,    23.0,        ,     0.0,        ,     0.0,        ,     0.0,      
macmibi01, 1975,     1, NYI , NHL , R  , 64.0,  9.0,   7.0,  16.0,  10.0, 5.0  ,  0.0,     ,  0.0,     ,  2.0, 0.0,  75.0,   13.0,   4.0,   2.0,     6.0,     8.0,        ,     0.0,        ,     0.0,        ,     2.0,      
macmibi01, 1976,     1, NYI , NHL , R  , 43.0,  6.0,   8.0,  14.0,  13.0, 4.0  ,  0.0,     ,  1.0,     ,  1.0, 0.0,  34.0,   12.0,   2.0,   0.0,     2.0,     7.0,        ,     0.0,        ,     0.0,        ,     2.0,      
macmibo01, 1972,     1, MFS , WHA , C  , 75.0, 13.0,  27.0,  40.0,  48.0,      ,  1.0,     ,  0.0,     ,     ,    ,      ,    5.0,   0.0,   3.0,     3.0,     0.0,        ,     0.0,        ,     0.0,        ,     0.0,      
macmibo01, 1973,     1, MFS , WHA , C  , 78.0, 14.0,  34.0,  48.0,  81.0,      ,  3.0,     ,  0.0,     ,  0.0,    ,      ,   11.0,   2.0,   3.0,     5.0,     4.0,        ,        ,        ,        ,        ,     0.0,      
macmibo01, 1974,     1, NYR , NHL , C  , 22.0,  1.0,   2.0,   3.0,   4.0, 3.0  ,  0.0,     ,  0.0,     ,  0.0, 0.0,  16.0,       ,      ,      ,        ,        ,        ,        ,        ,        ,        ,        ,      
macmibo01, 1975,     1, STL , NHL , R  , 80.0, 20.0,  32.0,  52.0,  41.0, 13.0 ,  2.0,     ,  1.0,     ,  2.0, 1.0, 151.0,    3.0,   0.0,   1.0,     1.0,     0.0,        ,     0.0,        ,     0.0,        ,     0.0,      
macmibo01, 1976,     1, STL , NHL , L  , 80.0, 19.0,  39.0,  58.0,  11.0, 1.0  , 10.0,     ,  0.0,     ,  1.0, 1.0, 168.0,    4.0,   0.0,   1.0,     1.0,     0.0,        ,     0.0,        ,     0.0,        ,     0.0,      
macmibo01, 1977,     1, STL , NHL , L  , 28.0,  7.0,  12.0,  19.0,  23.0, -11.0,  3.0,     ,  0.0,     ,  0.0, 1.0,  77.0,       ,      ,      ,        ,        ,        ,        ,        ,        ,        ,        ,      
macmibo01, 1977,     2, ATF , NHL , L  , 52.0, 31.0,  21.0,  52.0,  26.0, 28.0 ,  5.0,     ,  0.0,     ,  3.0, 0.0, 148.0,    2.0,   0.0,   2.0,     2.0,     0.0,        ,     0.0,        ,     0.0,        ,     0.0,      
macmibo01, 1978,     1, ATF , NHL , L  , 79.0, 37.0,  71.0, 108.0,  14.0, 34.0 ,  8.0,     ,  1.0,     ,  4.0, 1.0, 194.0,    2.0,   0.0,   1.0,     1.0,     0.0,        ,     0.0,        ,     0.0,        ,     0.0,      
macmibo01, 1979,     1, ATF , NHL , R  , 77.0, 22.0,  39.0,  61.0,  10.0, 3.0  ,  2.0,     ,  3.0,     ,  4.0, 0.0, 164.0,    4.0,   0.0,   0.0,     0.0,     9.0,        ,     0.0,        ,     0.0,        ,     0.0,      
macmibo01, 1980,     1, CAL , NHL , R  , 77.0, 28.0,  35.0,  63.0,  47.0, 18.0 ,  2.0,     ,  4.0,     ,  2.0, 0.0, 162.0,   16.0,   8.0,   6.0,    14.0,     7.0,        ,     2.0,        ,     0.0,        ,     1.0,      
macmibo01, 1981,     1, CAL , NHL , R  , 23.0,  4.0,   7.0,  11.0,  14.0, -11.0,  1.0,     ,  0.0,     ,  0.0, 0.0,  26.0,       ,      ,      ,        ,        ,        ,        ,        ,        ,        ,        ,      
macmibo01, 1981,     2, COR , NHL , R  , 57.0, 18.0,  32.0,  50.0,  27.0, -9.0 ,  3.0,     ,  0.0,     ,  1.0, 2.0, 106.0,       ,      ,      ,        ,        ,        ,        ,        ,        ,        ,        ,      
macmibo01, 1982,     1, NJD , NHL , R  , 71.0, 19.0,  29.0,  48.0,   8.0, -35.0,  6.0,     ,  0.0,     ,  3.0, 0.0, 120.0,       ,      ,      ,        ,        ,        ,        ,        ,        ,        ,        ,      
macmibo01, 1983,     1, NJD , NHL , R  , 71.0, 17.0,  23.0,  40.0,  23.0, -21.0,  2.0,     ,  0.0,     ,  2.0, 0.0, 114.0,       ,      ,      ,        ,        ,        ,        ,        ,        ,        ,        ,      
macmibo01, 1984,     1, CHI , NHL , R  , 36.0,  5.0,   7.0,  12.0,  12.0, -16.0,  0.0,     ,  0.0,     ,  1.0, 0.0,  39.0,       ,      ,      ,        ,        ,        ,        ,        ,        ,        ,        ,      
macmije01, 2003,     1, DAL , NHL , D  ,  4.0,  0.0,   0.0,   0.0,   0.0, -2.0 ,  0.0,  0.0,  0.0,  0.0,  0.0, 0.0,   3.0,       ,      ,      ,        ,        ,        ,        ,        ,        ,        ,        ,      
macmijo01, 1960,     1, TOR , NHL , W  , 31.0,  3.0,   5.0,   8.0,   8.0,      ,     ,     ,     ,     ,     ,    ,      ,    4.0,   0.0,   0.0,     0.0,     0.0,        ,        ,        ,        ,        ,     0.0,      
macmijo01, 1961,     1, TOR , NHL , R  , 31.0,  1.0,   0.0,   1.0,   8.0,      ,     ,     ,     ,     ,     ,    ,      ,    3.0,   0.0,   0.0,     0.0,     0.0,        ,        ,        ,        ,        ,     0.0,      
macmijo01, 1962,     1, TOR , NHL , R  ,  6.0,  1.0,   1.0,   2.0,   6.0,      ,     ,     ,     ,     ,     ,    ,      ,    1.0,   0.0,   0.0,     0.0,     0.0,        ,        ,        ,        ,        ,     0.0,      
macmijo01, 1963,     1, TOR , NHL , R  , 13.0,  0.0,   0.0,   0.0,   4.0,      ,  0.0,     ,  0.0,     ,  0.0, 0.0,      ,       ,      ,      ,        ,        ,        ,        ,        ,        ,        ,        ,      
macmijo01, 1963,     2, DET , NHL , R  , 20.0,  0.0,   3.0,   3.0,   6.0,      ,  0.0,     ,  0.0,     ,  0.0, 0.0,      ,    4.0,   0.0,   1.0,     1.0,     2.0,        ,        ,        ,        ,        ,     0.0,      
macmijo01, 1964,     1, DET , NHL , R  ,  3.0,  0.0,   1.0,   1.0,   0.0,      ,  0.0,     ,  0.0,     ,  0.0, 0.0,      ,       ,      ,      ,        ,        ,        ,        ,        ,        ,        ,        ,      
macneal01, 1955,     1, TOR , NHL , D  ,  1.0,  0.0,   0.0,   0.0,   2.0,      ,     ,     ,     ,     ,     ,    ,      ,       ,      ,      ,        ,        ,        ,        ,        ,        ,        ,        ,      
macneal01, 1956,     1, TOR , NHL , D  , 53.0,  4.0,   8.0,  12.0,  84.0,      ,     ,     ,     ,     ,     ,    ,      ,       ,      ,      ,        ,        ,        ,        ,        ,        ,        ,        ,      
macneal01, 1957,     1, TOR , NHL , D  , 13.0,  0.0,   0.0,   0.0,   9.0,      ,     ,     ,     ,     ,     ,    ,      ,       ,      ,      ,        ,        ,        ,        ,        ,        ,        ,        ,      
macneal01, 1959,     1, TOR , NHL , D  ,  4.0,  0.0,   0.0,   0.0,   2.0,      ,     ,     ,     ,     ,     ,    ,      ,       ,      ,      ,        ,        ,        ,        ,        ,        ,        ,        ,      
macneal01, 1961,     1, MTL , NHL , D  , 61.0,  1.0,   7.0,   8.0,  74.0,      ,     ,     ,     ,     ,     ,    ,      ,    5.0,   0.0,   0.0,     0.0,     2.0,        ,        ,        ,        ,        ,     0.0,      
macneal01, 1962,     1, CHI , NHL , D  , 70.0,  2.0,  19.0,  21.0, 100.0,      ,     ,     ,     ,     ,     ,    ,      ,    4.0,   0.0,   1.0,     1.0,     4.0,        ,        ,        ,        ,        ,     0.0,      
macneal01, 1963,     1, CHI , NHL , D  , 70.0,  5.0,  19.0,  24.0,  91.0,      ,  0.0,     ,  0.0,     ,  1.0, 0.0,      ,    7.0,   0.0,   2.0,     2.0,    25.0,        ,        ,        ,        ,        ,     0.0,      
macneal01, 1964,     1, CHI , NHL , D  , 69.0,  3.0,   7.0,  10.0, 119.0,      ,  0.0,     ,  0.0,     ,  0.0, 0.0,      ,   14.0,   0.0,   1.0,     1.0,    34.0,        ,        ,        ,        ,        ,     0.0,      
macneal01, 1965,     1, CHI , NHL , D  , 51.0,  0.0,   1.0,   1.0,  34.0,      ,  0.0,     ,  0.0,     ,  0.0, 0.0,      ,    3.0,   0.0,   0.0,     0.0,     0.0,        ,        ,        ,        ,        ,     0.0,      
macneal01, 1966,     1, NYR , NHL , D  , 58.0,  0.0,   4.0,   4.0,  44.0,      ,  0.0,     ,  0.0,     ,  0.0, 0.0,      ,    4.0,   0.0,   0.0,     0.0,     2.0,        ,        ,        ,        ,        ,     0.0,      
macneal01, 1967,     1, PIT , NHL , D  , 74.0,  2.0,  10.0,  12.0,  58.0, -6.0 ,  0.0,     ,  0.0,     ,  0.0, 0.0,  76.0,       ,      ,      ,        ,        ,        ,        ,        ,        ,        ,        ,      
macnebe01, 1972,     1, LAS , WHA , L  , 42.0,  4.0,   7.0,  11.0,  48.0,      ,  0.0,     ,  0.0,     ,     ,    ,      ,    3.0,   0.0,   0.0,     0.0,     4.0,        ,     0.0,        ,     0.0,        ,     0.0,      
macnebe01, 1973,     1, STL , NHL , L  ,  4.0,  0.0,   0.0,   0.0,   0.0, 1.0  ,  0.0,     ,  0.0,     ,  0.0, 0.0,   5.0,       ,      ,      ,        ,        ,        ,        ,        ,        ,        ,        ,      
macnebe01, 1975,     1, CIN , WHA , L  , 77.0, 15.0,  12.0,  27.0,  83.0, -14.0,  0.0,     ,  5.0,     ,  2.0,    , 122.0,       ,      ,      ,        ,        ,        ,        ,        ,        ,        ,        ,      
macneia01, 2002,     1, PHI , NHL , C  ,  2.0,  0.0,   0.0,   0.0,   0.0, 1.0  ,  0.0,  0.0,  0.0,  0.0,  0.0, 0.0,   2.0,       ,      ,      ,        ,        ,        ,        ,        ,        ,        ,        ,      
macouja01, 1982,     1, CAL , NHL , D  , 22.0,  1.0,   4.0,   5.0,  25.0, 3.0  ,  0.0,     ,  0.0,     ,  0.0, 0.0,  18.0,    9.0,   0.0,   2.0,     2.0,     8.0,        ,     0.0,        ,     0.0,        ,     0.0,      
macouja01, 1983,     1, CAL , NHL , D  , 72.0,  9.0,  23.0,  32.0,  97.0, 3.0  ,  0.0,     ,  1.0,     ,  0.0, 2.0, 165.0,   11.0,   1.0,   0.0,     1.0,     0.0, -3.0   ,     1.0,        ,     0.0,        ,     0.0,    32.0
macouja01, 1984,     1, CAL , NHL , D  , 70.0,  9.0,  30.0,  39.0,  67.0, 44.0 ,  0.0,     ,  0.0,     ,  2.0, 0.0, 129.0,    4.0,   1.0,   0.0,     1.0,     4.0, -2.0   ,     0.0,        ,     0.0,        ,     0.0,    12.0
macouja01, 1985,     1, CAL , NHL , D  , 77.0, 11.0,  21.0,  32.0,  81.0, 14.0 ,  0.0,     ,  2.0,     ,  1.0, 0.0, 133.0,   22.0,   1.0,   6.0,     7.0,    23.0, 8.0    ,     0.0,        ,     0.0,        ,     0.0,    42.0
macouja01, 1986,     1, CAL , NHL , D  , 79.0,  7.0,  33.0,  40.0, 111.0, 33.0 ,  1.0,     ,  0.0,     ,  0.0, 0.0, 137.0,    3.0,   0.0,   1.0,     1.0,     8.0, -2.0   ,     0.0,        ,     0.0,        ,     0.0,     5.0
macouja01, 1988,     1, CAL , NHL , D  , 72.0,  8.0,  19.0,  27.0,  76.0, 40.0 ,  0.0,  0.0,  0.0,  1.0,  2.0, 0.0,  89.0,   22.0,   3.0,   6.0,     9.0,    30.0, 11.0   ,     0.0,     1.0,     0.0,     1.0,     1.0,    27.0
macouja01, 1989,     1, CAL , NHL , D  , 78.0,  8.0,  27.0,  35.0,  70.0, 34.0 ,  1.0,  5.0,  0.0,  0.0,  1.0, 0.0, 120.0,    6.0,   0.0,   3.0,     3.0,    10.0, 2.0    ,     0.0,     0.0,     0.0,     0.0,     0.0,     5.0
macouja01, 1990,     1, CAL , NHL , D  , 79.0,  7.0,  15.0,  22.0,  84.0, 29.0 ,  1.0,  2.0,  1.0,  0.0,  0.0, 0.0, 117.0,    7.0,   0.0,   1.0,     1.0,     4.0, 1.0    ,     0.0,     0.0,     0.0,     0.0,     0.0,     8.0
macouja01, 1991,     1, CAL , NHL , D  , 37.0,  2.0,  12.0,  14.0,  53.0, 10.0 ,  1.0,  0.0,  0.0,  0.0,  0.0, 0.0,  58.0,       ,      ,      ,        ,        ,        ,        ,        ,        ,        ,        ,      
macouja01, 1991,     2, TOR , NHL , D  , 39.0,  3.0,  13.0,  16.0,  18.0, 0.0  ,  2.0,  5.0,  0.0,  0.0,  0.0, 0.0,  71.0,       ,      ,      ,        ,        ,        ,        ,        ,        ,        ,        ,      
macouja01, 1992,     1, TOR , NHL , D  , 77.0,  4.0,  15.0,  19.0,  55.0, 3.0  ,  2.0,  3.0,  0.0,  0.0,  1.0, 0.0, 114.0,   21.0,   0.0,   6.0,     6.0,    36.0, 7.0    ,     0.0,     1.0,     0.0,     0.0,     0.0,    43.0
macouja01, 1993,     1, TOR , NHL , D  , 82.0,  3.0,  27.0,  30.0, 115.0, -5.0 ,  1.0,  5.0,  0.0,  1.0,  1.0, 0.0, 122.0,   18.0,   1.0,   1.0,     2.0,    12.0, -4.0   ,     0.0,     1.0,     0.0,     0.0,     0.0,    35.0
macouja01, 1994,     1, TOR , NHL , D  , 46.0,  2.0,   8.0,  10.0,  75.0, -6.0 ,  1.0,  0.0,  0.0,  0.0,  0.0, 0.0,  84.0,    7.0,   1.0,   2.0,     3.0,     8.0, 0.0    ,     0.0,     1.0,     0.0,     0.0,     0.0,    15.0
macouja01, 1995,     1, TOR , NHL , D  , 82.0,  0.0,   8.0,   8.0,  87.0, 2.0  ,  0.0,  0.0,  0.0,  1.0,  0.0, 0.0,  74.0,    6.0,   0.0,   2.0,     2.0,     8.0, 3.0    ,     0.0,     0.0,     0.0,     0.0,     0.0,    10.0
macouja01, 1996,     1, TOR , NHL , D  , 73.0,  1.0,  10.0,  11.0,  93.0, -14.0,  0.0,  0.0,  0.0,  1.0,  1.0, 0.0,  64.0,       ,      ,      ,        ,        ,        ,        ,        ,        ,        ,        ,      
macouja01, 1997,     1, TOR , NHL , D  , 67.0,  0.0,   7.0,   7.0,  63.0, -17.0,  0.0,  0.0,  0.0,  0.0,  0.0, 0.0,  67.0,       ,      ,      ,        ,        ,        ,        ,        ,        ,        ,        ,      
macouja01, 1997,     2, DET , NHL , D  ,  7.0,  0.0,   0.0,   0.0,   2.0, 0.0  ,  0.0,  0.0,  0.0,  0.0,  0.0, 0.0,  11.0,   22.0,   2.0,   2.0,     4.0,    18.0, 3.0    ,     0.0,     0.0,     0.0,     0.0,     2.0,    21.0
macouja01, 1998,     1, DET , NHL , D  , 69.0,  1.0,  10.0,  11.0,  36.0, -1.0 ,  0.0,  0.0,  0.0,  0.0,  0.0, 0.0,  62.0,    1.0,   0.0,   0.0,     0.0,     0.0, -1.0   ,     0.0,     0.0,     0.0,     0.0,     0.0,     1.0
macphbu01, 1948,     1, MTL , NHL , D  ,  3.0,  0.0,   0.0,   0.0,   2.0,      ,     ,     ,     ,     ,     ,    ,      ,       ,      ,      ,        ,        ,        ,        ,        ,        ,        ,        ,      
macphbu01, 1950,     1, MTL , NHL , D  , 62.0,  0.0,  16.0,  16.0,  40.0,      ,     ,     ,     ,     ,     ,    ,      ,   11.0,   0.0,   2.0,     2.0,     8.0,        ,        ,        ,        ,        ,        ,      
macphbu01, 1951,     1, MTL , NHL , D  , 54.0,  2.0,   1.0,   3.0,  24.0,      ,     ,     ,     ,     ,     ,    ,      ,   11.0,   0.0,   0.0,     0.0,     0.0,        ,        ,        ,        ,        ,        ,      
macphbu01, 1952,     1, MTL , NHL , D  , 59.0,  2.0,   3.0,   5.0,  67.0,      ,     ,     ,     ,     ,     ,    ,      ,    4.0,   0.0,   1.0,     1.0,     9.0,        ,        ,        ,        ,        ,        ,      
macphbu01, 1953,     1, MTL , NHL , D  , 41.0,  0.0,   5.0,   5.0,  41.0,      ,     ,     ,     ,     ,     ,    ,      ,    3.0,   0.0,   0.0,     0.0,     4.0,        ,        ,        ,        ,        ,        ,      
macphbu01, 1954,     1, MTL , NHL , D  , 30.0,  1.0,   8.0,   9.0,  55.0,      ,     ,     ,     ,     ,     ,    ,      ,       ,      ,      ,        ,        ,        ,        ,        ,        ,        ,        ,      
macphbu01, 1956,     1, MTL , NHL , D  , 10.0,  0.0,   0.0,   0.0,   4.0,      ,     ,     ,     ,     ,     ,    ,      ,       ,      ,      ,        ,        ,        ,        ,        ,        ,        ,        ,      
macswra01, 1967,     1, PHI , NHL , D  ,  4.0,  0.0,   0.0,   0.0,   0.0, 1.0  ,  0.0,     ,  0.0,     ,  0.0, 0.0,   2.0,       ,      ,      ,        ,        ,        ,        ,        ,        ,        ,        ,      
macswra01, 1968,     1, PHI , NHL , D  , 24.0,  0.0,   4.0,   4.0,   6.0, 4.0  ,  0.0,     ,  0.0,     ,  0.0, 0.0,  12.0,    4.0,   0.0,   0.0,     0.0,     4.0,        ,     0.0,        ,     0.0,        ,     0.0,      
macswra01, 1969,     1, PHI , NHL , D  , 17.0,  0.0,   0.0,   0.0,   4.0, -7.0 ,  0.0,     ,  0.0,     ,  0.0, 0.0,   8.0,       ,      ,      ,        ,        ,        ,        ,        ,        ,        ,        ,      
macswra01, 1970,     1, PHI , NHL , D  ,     ,     ,      ,      ,      ,      ,     ,     ,     ,     ,     ,    ,      ,    4.0,   0.0,   0.0,     0.0,     2.0,        ,     0.0,        ,     0.0,        ,     0.0,      
macswra01, 1971,     1, PHI , NHL , D  ,  2.0,  0.0,   1.0,   1.0,   0.0, 0.0  ,  0.0,     ,  0.0,     ,  0.0, 0.0,   2.0,       ,      ,      ,        ,        ,        ,        ,        ,        ,        ,        ,      
macswra01, 1972,     1, LAS , WHA , D  , 78.0,  0.0,  23.0,  23.0,  39.0,      ,  0.0,     ,  0.0,     ,     ,    ,      ,    6.0,   1.0,   2.0,     3.0,     4.0,        ,     0.0,        ,     0.0,        ,     0.0,      
macswra01, 1973,     1, LAS , WHA , D  , 13.0,  0.0,   3.0,   3.0,   6.0,      ,  0.0,     ,  0.0,     ,  0.0,    ,      ,       ,      ,      ,        ,        ,        ,        ,        ,        ,        ,        ,      
macswra01, 1973,     2, VAB , WHA , D  , 56.0,  2.0,  18.0,  20.0,  52.0,      ,  0.0,     ,  0.0,     ,  0.0,    ,      ,       ,      ,      ,        ,        ,        ,        ,        ,        ,        ,        ,      
mactacr01, 1979,     1, BOS , NHL , C  , 46.0, 11.0,  17.0,  28.0,   8.0, 16.0 ,  0.0,     ,  0.0,     ,  2.0, 1.0,  61.0,   10.0,   2.0,   3.0,     5.0,     7.0,        ,     0.0,        ,     0.0,        ,     0.0,      
mactacr01, 1980,     1, BOS , NHL , C  , 24.0,  3.0,   5.0,   8.0,  13.0, -1.0 ,  0.0,     ,  0.0,     ,  0.0, 0.0,  44.0,       ,      ,      ,        ,        ,        ,        ,        ,        ,        ,        ,      
mactacr01, 1981,     1, BOS , NHL , C  ,  2.0,  0.0,   1.0,   1.0,   0.0, 0.0  ,  0.0,     ,  0.0,     ,  0.0, 0.0,   1.0,       ,      ,      ,        ,        ,        ,        ,        ,        ,        ,        ,      
mactacr01, 1982,     1, BOS , NHL , C  , 75.0, 10.0,  20.0,  30.0,  18.0, 15.0 ,  0.0,     ,  0.0,     ,  1.0, 0.0, 120.0,   17.0,   3.0,   1.0,     4.0,    18.0,        ,     0.0,        ,     0.0,        ,     0.0,      
mactacr01, 1983,     1, BOS , NHL , C  , 70.0, 20.0,  23.0,  43.0,  35.0, 9.0  ,  7.0,     ,  0.0,     ,  4.0, 2.0, 135.0,    1.0,   0.0,   0.0,     0.0,     0.0, 0.0    ,     0.0,        ,     0.0,        ,     0.0,     2.0
mactacr01, 1985,     1, EDM , NHL , C  , 74.0, 23.0,  24.0,  47.0,  70.0, 17.0 ,  4.0,     ,  1.0,     ,  5.0, 0.0, 121.0,   10.0,   4.0,   4.0,     8.0,    11.0, 6.0    ,     1.0,        ,     0.0,        ,     0.0,    17.0
mactacr01, 1986,     1, EDM , NHL , C  , 79.0, 20.0,  19.0,  39.0,  55.0, 9.0  ,  1.0,     ,  4.0,     ,  2.0, 0.0, 140.0,   21.0,   1.0,   9.0,    10.0,    16.0, 1.0    ,     0.0,        ,     0.0,        ,     0.0,    35.0
mactacr01, 1987,     1, EDM , NHL , C  , 80.0, 15.0,  17.0,  32.0,  47.0, -3.0 ,  0.0,  3.0,  3.0,  1.0,  5.0, 0.0,  90.0,   19.0,   0.0,   1.0,     1.0,    31.0, 0.0    ,     0.0,     0.0,     0.0,     0.0,     0.0,    12.0
mactacr01, 1988,     1, EDM , NHL , C  , 80.0, 21.0,  31.0,  52.0,  55.0, 10.0 ,  2.0,  2.0,  4.0,  6.0,  2.0, 2.0, 120.0,    7.0,   0.0,   1.0,     1.0,     8.0, 1.0    ,     0.0,     0.0,     0.0,     0.0,     0.0,    10.0
mactacr01, 1989,     1, EDM , NHL , C  , 80.0, 21.0,  22.0,  43.0,  89.0, 13.0 ,  1.0,  0.0,  6.0,  4.0,  5.0, 0.0, 109.0,   22.0,   2.0,   6.0,     8.0,    29.0, 6.0    ,     0.0,     0.0,     0.0,     0.0,     0.0,    21.0
mactacr01, 1990,     1, EDM , NHL , C  , 80.0, 17.0,  15.0,  32.0,  76.0, -1.0 ,  2.0,  2.0,  6.0,  0.0,  1.0, 0.0, 113.0,   18.0,   3.0,   3.0,     6.0,    20.0, -3.0   ,     0.0,     0.0,     0.0,     0.0,     1.0,    24.0
mactacr01, 1991,     1, EDM , NHL , C  , 80.0, 12.0,  18.0,  30.0,  98.0, -1.0 ,  0.0,  1.0,  2.0,  3.0,  1.0, 0.0,  86.0,   16.0,   3.0,   0.0,     3.0,    28.0, 4.0    ,     0.0,     0.0,     1.0,     0.0,     1.0,    27.0
mactacr01, 1992,     1, EDM , NHL , C  , 82.0, 10.0,  20.0,  30.0, 110.0, -16.0,  0.0,  2.0,  3.0,  2.0,  3.0, 0.0, 101.0,       ,      ,      ,        ,        ,        ,        ,        ,        ,        ,        ,      
mactacr01, 1993,     1, EDM , NHL , C  , 66.0, 16.0,  10.0,  26.0,  80.0, -20.0,  0.0,  2.0,  0.0,  0.0,  1.0, 0.0,  97.0,       ,      ,      ,        ,        ,        ,        ,        ,        ,        ,        ,      
mactacr01, 1993,     2, NYR , NHL , C  , 12.0,  4.0,   2.0,   6.0,  11.0, 6.0  ,  1.0,  0.0,  0.0,  0.0,  1.0, 1.0,  25.0,   23.0,   1.0,   4.0,     5.0,    22.0, 0.0    ,     0.0,     0.0,     0.0,     0.0,     0.0,    15.0
mactacr01, 1994,     1, PHI , NHL , C  , 45.0,  3.0,   9.0,  12.0,  23.0, 2.0  ,  0.0,  0.0,  0.0,  0.0,  0.0, 0.0,  38.0,   15.0,   1.0,   4.0,     5.0,    20.0, -3.0   ,     0.0,     0.0,     0.0,     1.0,     0.0,    13.0
mactacr01, 1995,     1, PHI , NHL , C  , 55.0,  5.0,   8.0,  13.0,  62.0, -3.0 ,  0.0,  0.0,  0.0,  0.0,  1.0, 1.0,  42.0,       ,      ,      ,        ,        ,        ,        ,        ,        ,        ,        ,      
mactacr01, 1995,     2, STL , NHL , C  , 13.0,  0.0,   1.0,   1.0,   8.0, -6.0 ,  0.0,  0.0,  0.0,  0.0,  0.0, 0.0,  16.0,   13.0,   0.0,   2.0,     2.0,     6.0, 0.0    ,     0.0,     0.0,     0.0,     1.0,     0.0,    11.0
mactacr01, 1996,     1, STL , NHL , C  , 50.0,  2.0,   5.0,   7.0,  33.0, -12.0,  0.0,  0.0,  0.0,  0.0,  0.0, 0.0,  26.0,    1.0,   0.0,   0.0,     0.0,     2.0, -1.0   ,     0.0,     0.0,     0.0,     0.0,     0.0,     0.0
macwimi01, 1995,     1, NYI , NHL , C  ,  6.0,  0.0,   0.0,   0.0,  14.0, -1.0 ,  0.0,  0.0,  0.0,  0.0,  0.0, 0.0,   4.0,       ,      ,      ,        ,        ,        ,        ,        ,        ,        ,        ,      
maddejo01, 1998,     1, NJD , NHL , L  ,  4.0,  0.0,   1.0,   1.0,   0.0, -2.0 ,  0.0,  1.0,  0.0,  0.0,  0.0, 0.0,   4.0,       ,      ,      ,        ,        ,        ,        ,        ,        ,        ,        ,      
maddejo01, 1999,     1, NJD , NHL , L  , 74.0, 16.0,   9.0,  25.0,   6.0, 7.0  ,  0.0,  0.0,  6.0,  0.0,  3.0, 0.0, 115.0,   20.0,   3.0,   4.0,     7.0,     0.0, 4.0    ,     0.0,     0.0,     1.0,     1.0,     2.0,    38.0
maddejo01, 2000,     1, NJD , NHL , L  , 80.0, 23.0,  15.0,  38.0,  12.0, 24.0 ,  0.0,  0.0,  3.0,  0.0,  4.0, 1.0, 163.0,   25.0,   4.0,   3.0,     7.0,     6.0, 2.0    ,     0.0,     0.0,     0.0,     0.0,     0.0,    62.0
maddejo01, 2001,     1, NJD , NHL , C  , 82.0, 15.0,   8.0,  23.0,  25.0, 6.0  ,  0.0,  0.0,  0.0,  1.0,  2.0, 1.0, 170.0,    6.0,   0.0,   0.0,     0.0,     0.0, -1.0   ,     0.0,     0.0,     0.0,     0.0,     0.0,    16.0
maddejo01, 2002,     1, NJD , NHL , C  , 80.0, 19.0,  22.0,  41.0,  26.0, 13.0 ,  2.0,  2.0,  2.0,  2.0,  3.0, 0.0, 207.0,   24.0,   6.0,  10.0,    16.0,     2.0, 10.0   ,     2.0,     2.0,     1.0,     0.0,     1.0,    77.0
maddejo01, 2003,     1, NJD , NHL , C  , 80.0, 12.0,  23.0,  35.0,  22.0, 7.0  ,  1.0,  3.0,  1.0,  2.0,  1.0, 0.0, 210.0,    5.0,   0.0,   0.0,     0.0,     0.0, 0.0    ,     0.0,     0.0,     0.0,     0.0,     0.0,    13.0
maddejo01, 2005,     1, NJD , NHL , C  , 82.0, 16.0,  20.0,  36.0,  36.0, -7.0 ,  0.0,  1.0,  1.0,  0.0,  0.0,    , 194.0,    9.0,   4.0,   1.0,     5.0,     8.0, 2.0    ,     0.0,     0.0,     2.0,     1.0,     0.0,    27.0
maddejo01, 2006,     1, NJD , NHL , C  , 74.0, 12.0,  20.0,  32.0,  14.0, -7.0 ,  0.0,  3.0,  0.0,  2.0,  1.0,    , 153.0,   11.0,   1.0,   1.0,     2.0,     2.0, -6.0   ,     0.0,     0.0,     0.0,     0.0,     0.0,    24.0
maddejo01, 2007,     1, NJD , NHL , C  , 80.0, 20.0,  23.0,  43.0,  26.0, 1.0  ,  3.0,  0.0,  3.0,  1.0,  3.0,    , 185.0,    5.0,   2.0,   1.0,     3.0,     2.0, -5.0   ,     0.0,     0.0,     0.0,     0.0,     1.0,    14.0
maddejo01, 2008,     1, NJD , NHL , C  , 76.0,  7.0,  16.0,  23.0,  26.0, -7.0 ,  0.0,  0.0,  1.0,  2.0,  2.0,    , 132.0,    7.0,   0.0,   1.0,     1.0,     4.0, -3.0   ,     0.0,     0.0,     0.0,     0.0,     0.0,    18.0
maddejo01, 2009,     1, CHI , NHL , C  , 79.0, 10.0,  13.0,  23.0,  12.0, -2.0 ,  0.0,  0.0,  0.0,  1.0,  0.0,    , 127.0,   22.0,   1.0,   1.0,     2.0,     2.0, -2.0   ,     0.0,     0.0,     0.0,     0.0,     0.0,    24.0
madelda01, 1992,     1, OTT , NHL , G  ,  2.0,  0.0,   0.0,   0.0,   0.0, 0.0  ,  0.0,  0.0,  0.0,  0.0,  0.0, 0.0,   0.0,       ,      ,      ,        ,        ,        ,        ,        ,        ,        ,        ,      
madelda01, 1993,     1, OTT , NHL , G  , 32.0,  0.0,   0.0,   0.0,   0.0, 0.0  ,  0.0,  0.0,  0.0,  0.0,  0.0, 0.0,   0.0,       ,      ,      ,        ,        ,        ,        ,        ,        ,        ,        ,      
madelda01, 1994,     1, OTT , NHL , G  ,  5.0,  0.0,   0.0,   0.0,   0.0, 0.0  ,  0.0,  0.0,  0.0,  0.0,  0.0, 0.0,   0.0,       ,      ,      ,        ,        ,        ,        ,        ,        ,        ,        ,      
madigco01, 1972,     1, STL , NHL , D  , 20.0,  0.0,   3.0,   3.0,  25.0, 1.0  ,  0.0,     ,  0.0,     ,  0.0, 0.0,  11.0,    5.0,   0.0,   0.0,     0.0,     4.0,        ,     0.0,        ,     0.0,        ,     0.0,      
madilje01, 1990,     1, NJD , NHL , R  , 14.0,  4.0,   0.0,   4.0,  46.0, -1.0 ,  0.0,  0.0,  0.0,  0.0,  0.0, 0.0,  24.0,    7.0,   0.0,   2.0,     2.0,     8.0, 0.0    ,     0.0,     0.0,     0.0,     0.0,     0.0,    13.0
mageede01, 1977,     1, MNS , NHL , L  ,  7.0,  0.0,   0.0,   0.0,   4.0, -3.0 ,  0.0,     ,  0.0,     ,  0.0, 0.0,   4.0,       ,      ,      ,        ,        ,        ,        ,        ,        ,        ,        ,      
mageede01, 1978,     1, IND , WHA , L  ,  5.0,  0.0,   1.0,   1.0,  10.0, -2.0 ,  0.0,     ,  0.0,     ,     ,    ,   6.0,       ,      ,      ,        ,        ,        ,        ,        ,        ,        ,        ,      
maggsda01, 1971,     1, CHI , NHL , D  , 59.0,  7.0,   4.0,  11.0,   4.0, -1.0 ,  0.0,     ,  0.0,     ,  0.0, 0.0,  47.0,    4.0,   0.0,   0.0,     0.0,     0.0,        ,     0.0,        ,     0.0,        ,     0.0,      
maggsda01, 1972,     1, CHI , NHL , D  , 17.0,  0.0,   0.0,   0.0,   4.0, -1.0 ,  0.0,     ,  0.0,     ,  0.0, 0.0,  10.0,       ,      ,      ,        ,        ,        ,        ,        ,        ,        ,        ,      
maggsda01, 1972,     2, CLF , NHL , D  , 54.0,  7.0,  15.0,  22.0,  46.0, -22.0,  0.0,     ,  0.0,     ,  1.0, 1.0,  95.0,       ,      ,      ,        ,        ,        ,        ,        ,        ,        ,        ,      
maggsda01, 1973,     1, CHC , WHA , D  , 78.0,  8.0,  22.0,  30.0, 148.0,      ,  0.0,     ,  0.0,     ,  1.0,    ,      ,   18.0,   3.0,   5.0,     8.0,    71.0,        ,        ,        ,        ,        ,     0.0,      
maggsda01, 1974,     1, CHC , WHA , D  , 77.0,  6.0,  27.0,  33.0, 137.0, 17.0 ,  0.0,     ,  1.0,     ,     ,    , 213.0,       ,      ,      ,        ,        ,        ,        ,        ,        ,        ,        ,      
maggsda01, 1975,     1, DOT , WHA , D  , 41.0,  4.0,  23.0,  27.0,  42.0, -9.0 ,  1.0,     ,  0.0,     ,  1.0,    ,  98.0,       ,      ,      ,        ,        ,        ,        ,        ,        ,        ,        ,      
maggsda01, 1975,     2, IND , WHA , D  , 36.0,  5.0,  16.0,  21.0,  40.0, 5.0  ,  1.0,     ,  0.0,     ,  0.0,    ,  90.0,    7.0,   1.0,   0.0,     1.0,    20.0, -2.0   ,        ,        ,        ,        ,        ,      
maggsda01, 1976,     1, IND , WHA , D  , 81.0, 16.0,  55.0,  71.0, 114.0, 4.0  ,  5.0,     ,  1.0,     ,  3.0,    , 310.0,    9.0,   1.0,   4.0,     5.0,     4.0, -3.0   ,        ,        ,        ,        ,     0.0,      
maggsda01, 1977,     1, IND , WHA , D  , 51.0,  6.0,  15.0,  21.0,  30.0, -27.0,  3.0,     ,  0.0,     ,     ,    , 116.0,       ,      ,      ,        ,        ,        ,        ,        ,        ,        ,        ,      
maggsda01, 1977,     2, CIN , WHA , D  , 11.0,  2.0,   5.0,   7.0,   7.0, 9.0  ,  0.0,     ,  0.0,     ,     ,    ,  33.0,       ,      ,      ,        ,        ,        ,        ,        ,        ,        ,        ,      
maggsda01, 1978,     1, CIN , WHA , D  , 27.0,  4.0,  14.0,  18.0,  22.0, -5.0 ,  2.0,     ,  0.0,     ,     ,    ,  63.0,       ,      ,      ,        ,        ,        ,        ,        ,        ,        ,        ,      
maggsda01, 1979,     1, TOR , NHL , D  ,  5.0,  0.0,   0.0,   0.0,   0.0, -4.0 ,  0.0,     ,  0.0,     ,  0.0, 0.0,   7.0,       ,      ,      ,        ,        ,        ,        ,        ,        ,        ,        ,      
magnama01, 1982,     1, TOR , NHL , L  ,  4.0,  0.0,   1.0,   1.0,   5.0, 0.0  ,  0.0,     ,  0.0,     ,  0.0, 0.0,   1.0,       ,      ,      ,        ,        ,        ,        ,        ,        ,        ,        ,      
magnuke01, 1969,     1, CHI , NHL , D  , 76.0,  0.0,  24.0,  24.0, 213.0, 38.0 ,  0.0,     ,  0.0,     ,  0.0, 0.0,  77.0,    8.0,   1.0,   2.0,     3.0,    17.0,        ,     0.0,        ,     0.0,        ,     0.0,      
magnuke01, 1970,     1, CHI , NHL , D  , 76.0,  3.0,  20.0,  23.0, 291.0, 32.0 ,  0.0,     ,  0.0,     ,  1.0, 0.0,  66.0,   18.0,   0.0,   2.0,     2.0,    63.0,        ,     0.0,        ,     0.0,        ,     0.0,      
magnuke01, 1971,     1, CHI , NHL , D  , 74.0,  2.0,  19.0,  21.0, 201.0, 52.0 ,  0.0,     ,  0.0,     ,  0.0, 0.0,  83.0,    8.0,   0.0,   1.0,     1.0,    29.0,        ,     0.0,        ,     0.0,        ,     0.0,      
magnuke01, 1972,     1, CHI , NHL , D  , 77.0,  0.0,  19.0,  19.0, 140.0, 24.0 ,  0.0,     ,  0.0,     ,  0.0, 0.0,  64.0,    7.0,   0.0,   2.0,     2.0,     4.0,        ,     0.0,        ,     0.0,        ,     0.0,      
magnuke01, 1973,     1, CHI , NHL , D  , 57.0,  2.0,  11.0,  13.0, 105.0, 16.0 ,  0.0,     ,  0.0,     ,  0.0, 1.0,  29.0,   11.0,   1.0,   0.0,     1.0,    17.0,        ,     0.0,        ,     0.0,        ,     0.0,      
magnuke01, 1974,     1, CHI , NHL , D  , 48.0,  2.0,  12.0,  14.0, 117.0, 10.0 ,  0.0,     ,  0.0,     ,  0.0, 0.0,  31.0,    8.0,   1.0,   2.0,     3.0,    15.0,        ,     0.0,        ,     0.0,        ,     0.0,      
magnuke01, 1975,     1, CHI , NHL , D  , 48.0,  1.0,   6.0,   7.0,  99.0, 13.0 ,  0.0,     ,  0.0,     ,  0.0, 0.0,  27.0,    4.0,   0.0,   0.0,     0.0,    12.0,        ,     0.0,        ,     0.0,        ,     0.0,      
magnuke01, 1976,     1, CHI , NHL , D  , 37.0,  1.0,   6.0,   7.0,  86.0, -11.0,  0.0,     ,  0.0,     ,  0.0, 0.0,  30.0,       ,      ,      ,        ,        ,        ,        ,        ,        ,        ,        ,      
magnuke01, 1977,     1, CHI , NHL , D  , 67.0,  2.0,   4.0,   6.0, 145.0, 0.0  ,  0.0,     ,  0.0,     ,  0.0, 0.0,  46.0,    4.0,   0.0,   0.0,     0.0,     7.0,        ,     0.0,        ,     0.0,        ,     0.0,      
magnuke01, 1978,     1, CHI , NHL , D  , 26.0,  1.0,   4.0,   5.0,  41.0, -4.0 ,  0.0,     ,  0.0,     ,  0.0, 0.0,   8.0,       ,      ,      ,        ,        ,        ,        ,        ,        ,        ,        ,      
magnuke01, 1979,     1, CHI , NHL , D  ,  3.0,  0.0,   0.0,   0.0,   4.0, 0.0  ,  0.0,     ,  0.0,     ,  0.0, 0.0,   0.0,       ,      ,      ,        ,        ,        ,        ,        ,        ,        ,        ,      
maguike01, 1986,     1, TOR , NHL , R  , 17.0,  0.0,   0.0,   0.0,  74.0, -6.0 ,  0.0,     ,  0.0,     ,  0.0, 0.0,   2.0,    1.0,   0.0,   0.0,     0.0,     0.0, 0.0    ,     0.0,        ,     0.0,        ,     0.0,     0.0
maguike01, 1987,     1, BUF , NHL , R  , 46.0,  4.0,   6.0,  10.0, 162.0, -1.0 ,  0.0,  0.0,  0.0,  0.0,  0.0, 0.0,  25.0,    5.0,   0.0,   0.0,     0.0,    50.0, -1.0   ,     0.0,     0.0,     0.0,     0.0,     0.0,     0.0
maguike01, 1988,     1, BUF , NHL , C  , 60.0,  8.0,  10.0,  18.0, 241.0, 9.0  ,  0.0,  0.0,  0.0,  0.0,  2.0, 0.0,  35.0,    5.0,   0.0,   0.0,     0.0,    36.0, -1.0   ,     0.0,     0.0,     0.0,     0.0,     0.0,     1.0
maguike01, 1989,     1, BUF , NHL , R  , 61.0,  6.0,   9.0,  15.0, 115.0, -3.0 ,  0.0,  0.0,  0.0,  0.0,  1.0, 0.0,  62.0,       ,      ,      ,        ,        ,        ,        ,        ,        ,        ,        ,      
maguike01, 1989,     2, PHI , NHL , R  ,  5.0,  1.0,   0.0,   1.0,   6.0, -1.0 ,  0.0,  0.0,  0.0,  0.0,  0.0, 0.0,   7.0,       ,      ,      ,        ,        ,        ,        ,        ,        ,        ,        ,      
maguike01, 1990,     1, TOR , NHL , R  , 63.0,  9.0,   5.0,  14.0, 180.0, -10.0,  1.0,  0.0,  0.0,  0.0,  0.0, 0.0,  52.0,       ,      ,      ,        ,        ,        ,        ,        ,        ,        ,        ,      
maguike01, 1991,     1, TOR , NHL , R  ,  8.0,  1.0,   0.0,   1.0,   4.0, -4.0 ,  0.0,  0.0,  0.0,  0.0,  0.0, 0.0,   8.0,       ,      ,      ,        ,        ,        ,        ,        ,        ,        ,        ,      
mahafjo01, 1942,     1, MTL , NHL , C  ,  9.0,  2.0,   5.0,   7.0,   4.0,      ,     ,     ,     ,     ,     ,    ,      ,       ,      ,      ,        ,        ,        ,        ,        ,        ,        ,        ,      
mahafjo01, 1943,     1, NYR , NHL , C  , 28.0,  9.0,  20.0,  29.0,   0.0,      ,     ,     ,     ,     ,     ,    ,      ,       ,      ,      ,        ,        ,        ,        ,        ,        ,        ,        ,      
mahafjo01, 1944,     1, MTL , NHL , C  ,     ,     ,      ,      ,      ,      ,     ,     ,     ,     ,     ,    ,      ,    1.0,   0.0,   1.0,     1.0,     0.0,        ,        ,        ,        ,        ,        ,      
mahovfr01, 1956,     1, TOR , NHL , L  ,  3.0,  1.0,   0.0,   1.0,   2.0,      ,     ,     ,     ,     ,     ,    ,      ,       ,      ,      ,        ,        ,        ,        ,        ,        ,        ,        ,      
mahovfr01, 1957,     1, TOR , NHL , L  , 67.0, 20.0,  16.0,  36.0,  67.0,      ,     ,     ,     ,     ,     ,    ,      ,       ,      ,      ,        ,        ,        ,        ,        ,        ,        ,        ,      
mahovfr01, 1958,     1, TOR , NHL , L  , 63.0, 22.0,  27.0,  49.0,  94.0,      ,     ,     ,     ,     ,     ,    ,      ,   12.0,   6.0,   5.0,    11.0,    18.0,        ,        ,        ,        ,        ,        ,      
mahovfr01, 1959,     1, TOR , NHL , L  , 70.0, 18.0,  21.0,  39.0,  61.0,      ,     ,     ,     ,     ,     ,    ,      ,   10.0,   3.0,   1.0,     4.0,    27.0,        ,        ,        ,        ,        ,        ,      
mahovfr01, 1960,     1, TOR , NHL , C/L, 70.0, 48.0,  36.0,  84.0, 131.0,      ,     ,     ,     ,     ,     ,    ,      ,    5.0,   1.0,   1.0,     2.0,     6.0,        ,        ,        ,        ,        ,     0.0,      
mahovfr01, 1961,     1, TOR , NHL , C/L, 70.0, 33.0,  38.0,  71.0,  87.0,      ,     ,     ,     ,     ,     ,    ,      ,   12.0,   6.0,   6.0,    12.0,    29.0,        ,        ,        ,        ,        ,     2.0,      
mahovfr01, 1962,     1, TOR , NHL , C/L, 67.0, 36.0,  37.0,  73.0,  56.0,      ,     ,     ,     ,     ,     ,    ,      ,    9.0,   0.0,   2.0,     2.0,     8.0,        ,        ,        ,        ,        ,     0.0,      
mahovfr01, 1963,     1, TOR , NHL , L  , 70.0, 26.0,  29.0,  55.0,  66.0,      ,  6.0,     ,  0.0,     ,  4.0, 0.0,      ,   14.0,   4.0,  11.0,    15.0,    20.0,        ,        ,        ,        ,        ,     2.0,      
mahovfr01, 1964,     1, TOR , NHL , L  , 59.0, 23.0,  28.0,  51.0,  76.0,      ,  7.0,     ,  0.0,     ,  4.0, 0.0,      ,    6.0,   0.0,   3.0,     3.0,     9.0,        ,        ,        ,        ,        ,     0.0,      
mahovfr01, 1965,     1, TOR , NHL , L  , 68.0, 32.0,  24.0,  56.0,  68.0,      , 10.0,     ,  0.0,     ,  6.0, 2.0,      ,    4.0,   1.0,   0.0,     1.0,    10.0,        ,        ,        ,        ,        ,     0.0,      
mahovfr01, 1966,     1, TOR , NHL , L  , 63.0, 18.0,  28.0,  46.0,  44.0,      ,  4.0,     ,  0.0,     ,  3.0, 3.0,      ,   12.0,   3.0,   7.0,    10.0,     8.0,        ,        ,        ,        ,        ,     1.0,      
mahovfr01, 1967,     1, TOR , NHL , L  , 50.0, 19.0,  17.0,  36.0,  30.0, 1.0  ,  2.0,     ,  0.0,     ,  4.0, 1.0, 151.0,       ,      ,      ,        ,        ,        ,        ,        ,        ,        ,        ,      
mahovfr01, 1967,     2, DET , NHL , L  , 13.0,  7.0,   9.0,  16.0,   2.0, 3.0  ,  0.0,     ,  0.0,     ,  1.0, 0.0,  39.0,       ,      ,      ,        ,        ,        ,        ,        ,        ,        ,        ,      
mahovfr01, 1968,     1, DET , NHL , L  , 76.0, 49.0,  29.0,  78.0,  38.0, 46.0 ,  7.0,     ,  0.0,     ,  5.0, 2.0, 293.0,       ,      ,      ,        ,        ,        ,        ,        ,        ,        ,        ,      
mahovfr01, 1969,     1, DET , NHL , L  , 74.0, 38.0,  32.0,  70.0,  59.0, 16.0 , 14.0,     ,  1.0,     ,  5.0, 1.0, 251.0,    4.0,   0.0,   0.0,     0.0,     2.0,        ,     0.0,        ,     0.0,        ,     0.0,      
mahovfr01, 1970,     1, DET , NHL , L  , 35.0, 14.0,  18.0,  32.0,  30.0, 3.0  ,  6.0,     ,  1.0,     ,  2.0, 0.0, 104.0,       ,      ,      ,        ,        ,        ,        ,        ,        ,        ,        ,      
mahovfr01, 1970,     2, MTL , NHL , L  , 38.0, 17.0,  24.0,  41.0,  11.0, 4.0  ,  4.0,     ,  1.0,     ,  2.0, 0.0, 100.0,   20.0,  14.0,  13.0,    27.0,    18.0,        ,     3.0,        ,     0.0,        ,     0.0,      
mahovfr01, 1971,     1, MTL , NHL , L  , 76.0, 43.0,  53.0,  96.0,  36.0, 42.0 , 14.0,     ,  4.0,     ,  4.0, 2.0, 261.0,    6.0,   3.0,   2.0,     5.0,     2.0,        ,     1.0,        ,     0.0,        ,     0.0,      
mahovfr01, 1972,     1, MTL , NHL , L  , 78.0, 38.0,  55.0,  93.0,  51.0, 42.0 ,  8.0,     ,  2.0,     ,  5.0, 2.0, 242.0,   17.0,   9.0,  14.0,    23.0,     6.0,        ,     1.0,        ,     0.0,        ,     0.0,      
mahovfr01, 1973,     1, MTL , NHL , L  , 71.0, 31.0,  49.0,  80.0,  47.0, 16.0 ,  8.0,     ,  2.0,     ,  3.0, 0.0, 221.0,    6.0,   1.0,   2.0,     3.0,     0.0,        ,     0.0,        ,     0.0,        ,     0.0,      
mahovfr01, 1974,     1, TOT , WHA , C  , 73.0, 38.0,  44.0,  82.0,  27.0, 8.0  ,  8.0,     ,  0.0,     ,     ,    , 268.0,    6.0,   3.0,   0.0,     3.0,     2.0,        ,        ,        ,        ,        ,     0.0,      
mahovfr01, 1975,     1, TOT , WHA , L  , 75.0, 34.0,  55.0,  89.0,  14.0, -16.0,  6.0,     ,  1.0,     ,  1.0,    , 239.0,       ,      ,      ,        ,        ,        ,        ,        ,        ,        ,        ,      
mahovfr01, 1976,     1, BIR , WHA , L  , 17.0,  3.0,  20.0,  23.0,  12.0, -1.0 ,  2.0,     ,  0.0,     ,     ,    ,  45.0,       ,      ,      ,        ,        ,        ,        ,        ,        ,        ,        ,      
mahovfr01, 1977,     1, BIR , WHA , L  , 72.0, 14.0,  24.0,  38.0,  22.0, -5.0 ,  6.0,     ,  0.0,     ,     ,    , 125.0,    3.0,   1.0,   1.0,     2.0,     0.0, 2.0    ,        ,        ,        ,        ,     0.0,      
mahovpe01, 1965,     1, DET , NHL , C  ,  3.0,  0.0,   1.0,   1.0,   0.0,      ,  0.0,     ,  0.0,     ,  0.0, 0.0,      ,       ,      ,      ,        ,        ,        ,        ,        ,        ,        ,        ,      
mahovpe01, 1966,     1, DET , NHL , C  , 34.0,  1.0,   3.0,   4.0,  16.0,      ,  0.0,     ,  0.0,     ,  0.0, 0.0,      ,       ,      ,      ,        ,        ,        ,        ,        ,        ,        ,        ,      
mahovpe01, 1967,     1, DET , NHL , C  , 15.0,  6.0,   4.0,  10.0,  13.0, -6.0 ,  0.0,     ,  0.0,     ,  0.0, 1.0,  35.0,       ,      ,      ,        ,        ,        ,        ,        ,        ,        ,        ,      
mahovpe01, 1968,     1, DET , NHL , C  , 30.0,  2.0,   2.0,   4.0,  21.0, -15.0,  0.0,     ,  0.0,     ,  0.0, 0.0,  37.0,       ,      ,      ,        ,        ,        ,        ,        ,        ,        ,        ,      
mahovpe01, 1969,     1, MTL , NHL , C  , 36.0,  9.0,   8.0,  17.0,  51.0, 9.0  ,  1.0,     ,  0.0,     ,  2.0, 1.0,  75.0,       ,      ,      ,        ,        ,        ,        ,        ,        ,        ,        ,      
mahovpe01, 1970,     1, MTL , NHL , C  , 78.0, 35.0,  26.0,  61.0, 181.0, 25.0 , 12.0,     ,  3.0,     ,  5.0, 1.0, 189.0,   20.0,  10.0,   6.0,    16.0,    43.0,        ,     1.0,        ,     1.0,        ,     1.0,      
mahovpe01, 1971,     1, MTL , NHL , C  , 75.0, 35.0,  32.0,  67.0, 103.0, 16.0 ,  7.0,     ,  4.0,     ,  6.0, 3.0, 207.0,    6.0,   0.0,   2.0,     2.0,    12.0,        ,     0.0,        ,     0.0,        ,     0.0,      
mahovpe01, 1972,     1, MTL , NHL , C  , 61.0, 21.0,  38.0,  59.0,  49.0, 21.0 ,  3.0,     ,  4.0,     ,  3.0, 2.0, 173.0,   17.0,   4.0,   9.0,    13.0,    22.0,        ,     2.0,        ,     1.0,        ,     0.0,      
mahovpe01, 1973,     1, MTL , NHL , C  , 78.0, 36.0,  37.0,  73.0, 122.0, 42.0 ,  7.0,     ,  4.0,     ,  7.0, 2.0, 178.0,    6.0,   2.0,   1.0,     3.0,     4.0,        ,     1.0,        ,     0.0,        ,     0.0,      
mahovpe01, 1974,     1, MTL , NHL , C  , 80.0, 35.0,  82.0, 117.0,  64.0, 41.0 , 14.0,     ,  1.0,     ,  3.0, 2.0, 240.0,   11.0,   6.0,  10.0,    16.0,    10.0,        ,     1.0,        ,     0.0,        ,     1.0,      
mahovpe01, 1975,     1, MTL , NHL , C  , 80.0, 34.0,  71.0, 105.0,  76.0, 71.0 ,  8.0,     ,  1.0,     ,  7.0, 2.0, 200.0,   13.0,   4.0,   8.0,    12.0,    24.0,        ,     2.0,        ,     0.0,        ,     1.0,      
mahovpe01, 1976,     1, MTL , NHL , C  , 76.0, 15.0,  47.0,  62.0,  45.0, 36.0 ,  3.0,     ,  0.0,     ,  1.0, 0.0, 161.0,   13.0,   4.0,   5.0,     9.0,    19.0,        ,     2.0,        ,     0.0,        ,     1.0,      
mahovpe01, 1977,     1, MTL , NHL , C  , 17.0,  3.0,   5.0,   8.0,   4.0, 6.0  ,  0.0,     ,  0.0,     ,  1.0, 0.0,  28.0,       ,      ,      ,        ,        ,        ,        ,        ,        ,        ,        ,      
mahovpe01, 1977,     2, PIT , NHL , C  , 57.0, 25.0,  36.0,  61.0,  37.0, 4.0  ,  9.0,     ,  2.0,     ,  1.0, 1.0, 201.0,       ,      ,      ,        ,        ,        ,        ,        ,        ,        ,        ,      
mahovpe01, 1978,     1, PIT , NHL , C  , 60.0, 14.0,  39.0,  53.0,  39.0, -11.0,  5.0,     ,  0.0,     ,  0.0, 2.0, 153.0,    2.0,   0.0,   1.0,     1.0,     0.0,        ,     0.0,        ,     0.0,        ,     0.0,      
mahovpe01, 1979,     1, DET , NHL , C  , 80.0, 16.0,  50.0,  66.0,  69.0, 3.0  ,  3.0,     ,  0.0,     ,  1.0, 2.0, 143.0,       ,      ,      ,        ,        ,        ,        ,        ,        ,        ,        ,      
mahovpe01, 1980,     1, DET , NHL , C  , 24.0,  1.0,   4.0,   5.0,  26.0, -8.0 ,  0.0,     ,  0.0,     ,  1.0, 0.0,  25.0,       ,      ,      ,        ,        ,        ,        ,        ,        ,        ,        ,      
mailhja01, 1988,     1, QUE , NHL , L  ,  5.0,  0.0,   0.0,   0.0,  33.0, 0.0  ,  0.0,  0.0,  0.0,  0.0,  0.0, 0.0,   0.0,       ,      ,      ,        ,        ,        ,        ,        ,        ,        ,        ,      
maillfr01, 1942,     1, MTL , NHL , D  ,  1.0,  0.0,   0.0,   0.0,   0.0,      ,     ,     ,     ,     ,     ,    ,      ,       ,      ,      ,        ,        ,        ,        ,        ,        ,        ,        ,      
mairad01 , 1998,     1, TOR , NHL , C  ,     ,     ,      ,      ,      ,      ,     ,     ,     ,     ,     ,    ,      ,    5.0,   1.0,   0.0,     1.0,    14.0, -1.0   ,     0.0,     0.0,     0.0,     0.0,     0.0,     3.0
mairad01 , 1999,     1, TOR , NHL , C  ,  8.0,  1.0,   0.0,   1.0,   6.0, -1.0 ,  0.0,  0.0,  0.0,  0.0,  0.0, 0.0,   7.0,    5.0,   0.0,   0.0,     0.0,     8.0, -3.0   ,     0.0,     0.0,     0.0,     0.0,     0.0,     7.0
mairad01 , 2000,     1, TOR , NHL , L  , 16.0,  0.0,   2.0,   2.0,  14.0, 3.0  ,  0.0,  0.0,  0.0,  0.0,  0.0, 0.0,  17.0,       ,      ,      ,        ,        ,        ,        ,        ,        ,        ,        ,      
mairad01 , 2000,     2, LAK , NHL , L  , 10.0,  0.0,   0.0,   0.0,   6.0, -3.0 ,  0.0,  0.0,  0.0,  0.0,  0.0, 0.0,   5.0,       ,      ,      ,        ,        ,        ,        ,        ,        ,        ,        ,      
mairad01 , 2001,     1, LAK , NHL , C  , 18.0,  1.0,   1.0,   2.0,  57.0, 1.0  ,  0.0,  0.0,  0.0,  0.0,  0.0, 0.0,  10.0,       ,      ,      ,        ,        ,        ,        ,        ,        ,        ,        ,      
mairad01 , 2002,     1, BUF , NHL , C  , 79.0,  6.0,  11.0,  17.0, 146.0, -4.0 ,  0.0,  0.0,  1.0,  0.0,  1.0, 0.0,  83.0,       ,      ,      ,        ,        ,        ,        ,        ,        ,        ,        ,      
mairad01 , 2003,     1, BUF , NHL , R  , 81.0,  6.0,  14.0,  20.0, 146.0, -3.0 ,  1.0,  0.0,  0.0,  0.0,  1.0, 0.0,  82.0,       ,      ,      ,        ,        ,        ,        ,        ,        ,        ,        ,      
mairad01 , 2005,     1, BUF , NHL , C  , 40.0,  2.0,   5.0,   7.0,  47.0, -2.0 ,  0.0,  0.0,  0.0,  0.0,  0.0,    ,  40.0,    3.0,   0.0,   0.0,     0.0,     0.0, -2.0   ,     0.0,     0.0,     0.0,     0.0,     0.0,     5.0
mairad01 , 2006,     1, BUF , NHL , C  , 82.0,  2.0,   9.0,  11.0, 128.0, -1.0 ,  0.0,  0.0,  0.0,  0.0,  0.0,    ,  73.0,   16.0,   1.0,   4.0,     5.0,    10.0, 5.0    ,     0.0,     0.0,     0.0,     0.0,     0.0,    10.0
mairad01 , 2007,     1, BUF , NHL , C  , 72.0,  5.0,  12.0,  17.0,  66.0, -2.0 ,  0.0,  0.0,  0.0,  0.0,  2.0,    ,  62.0,       ,      ,      ,        ,        ,        ,        ,        ,        ,        ,        ,      
mairad01 , 2008,     1, BUF , NHL , C  , 75.0,  8.0,  11.0,  19.0,  95.0, 4.0  ,  0.0,  0.0,  0.0,  0.0,  1.0,    ,  75.0,       ,      ,      ,        ,        ,        ,        ,        ,        ,        ,        ,      
mairad01 , 2009,     1, BUF , NHL , C  , 69.0,  6.0,   8.0,  14.0,  73.0, -2.0 ,  0.0,  1.0,  0.0,  0.0,  0.0,    ,  67.0,    6.0,   1.0,   1.0,     2.0,     4.0, 2.0    ,     0.0,     0.0,     0.0,     0.0,     0.0,     6.0
mairji01 , 1970,     1, PHI , NHL , D  ,  2.0,  0.0,   0.0,   0.0,   0.0, -1.0 ,  0.0,     ,  0.0,     ,  0.0, 0.0,   6.0,    4.0,   1.0,   2.0,     3.0,     4.0,        ,     1.0,        ,     0.0,        ,     0.0,      
mairji01 , 1971,     1, PHI , NHL , D  ,  2.0,  0.0,   0.0,   0.0,   0.0, -2.0 ,  0.0,     ,  0.0,     ,  0.0, 0.0,   3.0,       ,      ,      ,        ,        ,        ,        ,        ,        ,        ,        ,      
mairji01 , 1972,     1, NYI , NHL , D  , 49.0,  2.0,  11.0,  13.0,  41.0, -38.0,  0.0,     ,  0.0,     ,  0.0, 0.0, 134.0,       ,      ,      ,        ,        ,        ,        ,        ,        ,        ,        ,      
mairji01 , 1972,     2, VAN , NHL , D  , 15.0,  1.0,   0.0,   1.0,   8.0, -4.0 ,  0.0,     ,  0.0,     ,  0.0, 0.0,  23.0,       ,      ,      ,        ,        ,        ,        ,        ,        ,        ,        ,      
mairji01 , 1973,     1, VAN , NHL , D  ,  6.0,  1.0,   3.0,   4.0,   0.0, 3.0  ,  1.0,     ,  0.0,     ,  1.0, 0.0,  32.0,       ,      ,      ,        ,        ,        ,        ,        ,        ,        ,        ,      
mairji01 , 1974,     1, VAN , NHL , D  ,  2.0,  0.0,   1.0,   1.0,   0.0, -2.0 ,  0.0,     ,  0.0,     ,  0.0, 0.0,   8.0,       ,      ,      ,        ,        ,        ,        ,        ,        ,        ,        ,      
majeafe01, 1943,     1, MTL , NHL , C  , 44.0, 20.0,  18.0,  38.0,  39.0,      ,     ,     ,     ,     ,     ,    ,      ,    1.0,   0.0,   0.0,     0.0,     0.0,        ,        ,        ,        ,        ,        ,      
majeafe01, 1944,     1, MTL , NHL , C  , 12.0,  2.0,   6.0,   8.0,   4.0,      ,     ,     ,     ,     ,     ,    ,      ,       ,      ,      ,        ,        ,        ,        ,        ,        ,        ,        ,      
majesiv01, 2002,     1, FLO , NHL , D  , 82.0,  4.0,   8.0,  12.0,  92.0, -18.0,  0.0,  0.0,  0.0,  0.0,  2.0, 0.0,  52.0,       ,      ,      ,        ,        ,        ,        ,        ,        ,        ,        ,      
majesiv01, 2003,     1, ATL , NHL , D  , 63.0,  3.0,   7.0,  10.0,  76.0, -7.0 ,  0.0,  0.0,  0.0,  0.0,  0.0, 0.0,  35.0,       ,      ,      ,        ,        ,        ,        ,        ,        ,        ,        ,      
majesiv01, 2005,     1, WAS , NHL , D  , 57.0,  1.0,   8.0,   9.0,  66.0, -2.0 ,  0.0,  0.0,  1.0,  1.0,  0.0,    ,  35.0,       ,      ,      ,        ,        ,        ,        ,        ,        ,        ,        ,      
major01  , 1916,     1, MOC , NHA ,    ,  2.0,  0.0,   0.0,   0.0,   0.0,      ,     ,     ,     ,     ,     ,    ,      ,       ,      ,      ,        ,        ,        ,        ,        ,        ,        ,        ,      
majorbr01, 1990,     1, QUE , NHL , C  ,  4.0,  0.0,   0.0,   0.0,   0.0, -1.0 ,  0.0,  0.0,  0.0,  0.0,  0.0, 0.0,   0.0,       ,      ,      ,        ,        ,        ,        ,        ,        ,        ,        ,      
majorma01, 1996,     1, DET , NHL , L  ,  2.0,  0.0,   0.0,   0.0,   5.0, 0.0  ,  0.0,  0.0,  0.0,  0.0,  0.0, 0.0,   0.0,       ,      ,      ,        ,        ,        ,        ,        ,        ,        ,        ,      
makarni01, 1977,     1, SOV , WHA , D  ,  7.0,  1.0,   3.0,   4.0,   2.0,      ,     ,     ,     ,     ,     ,    ,      ,       ,      ,      ,        ,        ,        ,        ,        ,        ,        ,        ,      
makarni01, 1978,     1, SOV , WHA ,    ,  4.0,  1.0,   0.0,   1.0,   2.0,      ,     ,     ,     ,     ,     ,    ,      ,       ,      ,      ,        ,        ,        ,        ,        ,        ,        ,        ,      
makarse01, 1989,     1, CAL , NHL , R  , 80.0, 24.0,  62.0,  86.0,  55.0, 33.0 ,  6.0, 21.0,  0.0,  0.0,  4.0, 0.0, 118.0,    6.0,   0.0,   6.0,     6.0,     0.0, 3.0    ,     0.0,     0.0,     0.0,     0.0,     0.0,     5.0
makarse01, 1990,     1, CAL , NHL , R  , 78.0, 30.0,  49.0,  79.0,  44.0, 15.0 ,  9.0, 15.0,  0.0,  0.0,  5.0, 0.0,  93.0,    3.0,   1.0,   0.0,     1.0,     0.0, -1.0   ,     0.0,     0.0,     0.0,     0.0,     0.0,     2.0
makarse01, 1991,     1, CAL , NHL , R  , 68.0, 22.0,  48.0,  70.0,  60.0, 14.0 ,  6.0, 19.0,  0.0,  0.0,  2.0, 0.0,  83.0,       ,      ,      ,        ,        ,        ,        ,        ,        ,        ,        ,      
makarse01, 1992,     1, CAL , NHL , R  , 71.0, 18.0,  39.0,  57.0,  40.0, 0.0  ,  5.0, 11.0,  0.0,  0.0,  3.0, 0.0, 105.0,       ,      ,      ,        ,        ,        ,        ,        ,        ,        ,        ,      
makarse01, 1993,     1, SJS , NHL , R  , 80.0, 30.0,  38.0,  68.0,  78.0, 11.0 , 10.0, 11.0,  0.0,  0.0,  5.0, 0.0, 155.0,   14.0,   8.0,   2.0,    10.0,     4.0, 2.0    ,     3.0,     1.0,     0.0,     0.0,     2.0,    26.0
makarse01, 1994,     1, SJS , NHL , R  , 43.0, 10.0,  14.0,  24.0,  40.0, -4.0 ,  1.0,  2.0,  0.0,  0.0,  1.0, 1.0,  56.0,   11.0,   3.0,   3.0,     6.0,     4.0, -3.0   ,     0.0,     1.0,     0.0,     0.0,     0.0,     8.0
makarse01, 1996,     1, DAL , NHL , R  ,  4.0,  0.0,   0.0,   0.0,   0.0, -2.0 ,  0.0,  0.0,  0.0,  0.0,  0.0, 0.0,   0.0,       ,      ,      ,        ,        ,        ,        ,        ,        ,        ,        ,      
makelmi01, 1985,     1, NYI , NHL , C  , 58.0, 16.0,  20.0,  36.0,  28.0, 12.0 ,  2.0,     ,  0.0,     ,  3.0, 0.0,  68.0,       ,      ,      ,        ,        ,        ,        ,        ,        ,        ,        ,      
makelmi01, 1986,     1, NYI , NHL , L  , 80.0, 24.0,  33.0,  57.0,  24.0, 3.0  , 11.0,     ,  0.0,     ,  3.0, 2.0, 142.0,   11.0,   2.0,   4.0,     6.0,     8.0, -4.0   ,     1.0,        ,     0.0,        ,     1.0,    18.0
makelmi01, 1987,     1, NYI , NHL , R  , 73.0, 36.0,  40.0,  76.0,  22.0, 14.0 , 13.0, 21.0,  2.0,  0.0,  4.0, 0.0, 142.0,    6.0,   1.0,   4.0,     5.0,     6.0, -6.0   ,     1.0,     2.0,     0.0,     0.0,     0.0,    16.0
makelmi01, 1988,     1, NYI , NHL , L  , 76.0, 17.0,  28.0,  45.0,  22.0, -16.0,  4.0,  7.0,  0.0,  0.0,  0.0, 0.0, 123.0,       ,      ,      ,        ,        ,        ,        ,        ,        ,        ,        ,      
makelmi01, 1989,     1, NYI , NHL , R  , 20.0,  2.0,   3.0,   5.0,   2.0, -10.0,  1.0,     ,  0.0,  0.0,  0.0, 0.0,  24.0,       ,      ,      ,        ,        ,        ,        ,        ,        ,        ,        ,      
makelmi01, 1989,     2, LAK , NHL , R  , 45.0,  7.0,  14.0,  21.0,  16.0, -4.0 ,  0.0,     ,  0.0,  0.0,  0.0, 1.0,  58.0,    1.0,   0.0,   0.0,     0.0,     0.0, 0.0    ,     0.0,     0.0,     0.0,     0.0,     0.0,     0.0
makelmi01, 1990,     1, BUF , NHL , L  , 60.0, 15.0,   7.0,  22.0,  25.0, -2.0 ,  2.0,  0.0,  2.0,  0.0,  1.0, 1.0,  62.0,       ,      ,      ,        ,        ,        ,        ,        ,        ,        ,        ,      
makelmi01, 1994,     1, BOS , NHL , R  , 11.0,  1.0,   2.0,   3.0,   0.0, 0.0  ,  1.0,  2.0,  0.0,  0.0,  0.0, 0.0,  10.0,       ,      ,      ,        ,        ,        ,        ,        ,        ,        ,        ,      
makich01 , 1960,     1, CHI , NHL , R  ,     ,     ,      ,      ,      ,      ,     ,     ,     ,     ,     ,    ,      ,    1.0,   0.0,   0.0,     0.0,     0.0,        ,        ,        ,        ,        ,     0.0,      
makich01 , 1961,     1, CHI , NHL , R  , 16.0,  4.0,   6.0,  10.0,   2.0,      ,     ,     ,     ,     ,     ,    ,      ,       ,      ,      ,        ,        ,        ,        ,        ,        ,        ,        ,      
makich01 , 1962,     1, CHI , NHL , R  , 65.0,  7.0,  17.0,  24.0,  35.0,      ,     ,     ,     ,     ,     ,    ,      ,    6.0,   0.0,   1.0,     1.0,     2.0,        ,        ,        ,        ,        ,     0.0,      
makich01 , 1963,     1, CHI , NHL , R  , 68.0,  8.0,  14.0,  22.0,  70.0,      ,  0.0,     ,  2.0,     ,  2.0, 1.0,      ,    7.0,   0.0,   0.0,     0.0,    15.0,        ,        ,        ,        ,        ,     0.0,      
makich01 , 1964,     1, CHI , NHL , R  , 65.0, 16.0,  24.0,  40.0,  58.0,      ,  1.0,     ,  0.0,     ,  2.0, 1.0,      ,   14.0,   3.0,   9.0,    12.0,     8.0,        ,        ,        ,        ,        ,     0.0,      
makich01 , 1965,     1, CHI , NHL , R  , 68.0, 17.0,  31.0,  48.0,  41.0,      ,  2.0,     ,  2.0,     ,  2.0, 1.0,      ,    3.0,   1.0,   1.0,     2.0,     0.0,        ,        ,        ,        ,        ,     0.0,      
makich01 , 1966,     1, CHI , NHL , R  , 56.0,  9.0,  29.0,  38.0,  14.0,      ,  1.0,     ,  1.0,     ,  5.0, 0.0,      ,    6.0,   0.0,   0.0,     0.0,     0.0,        ,        ,        ,        ,        ,     0.0,      
makich01 , 1967,     1, CHI , NHL , R  , 60.0,  8.0,  16.0,  24.0,   4.0, -10.0,  0.0,     ,  0.0,     ,  1.0, 1.0, 102.0,   11.0,   2.0,   5.0,     7.0,     4.0,        ,     0.0,        ,     0.0,        ,     1.0,      
makich01 , 1968,     1, CHI , NHL , R  , 66.0,  7.0,  21.0,  28.0,  30.0, -1.0 ,  0.0,     ,  1.0,     ,  0.0, 1.0, 127.0,       ,      ,      ,        ,        ,        ,        ,        ,        ,        ,        ,      
makich01 , 1969,     1, CHI , NHL , R  , 75.0, 10.0,  24.0,  34.0,  27.0, 9.0  ,  0.0,     ,  1.0,     ,  2.0, 2.0,  93.0,    8.0,   2.0,   2.0,     4.0,     2.0,        ,     1.0,        ,     0.0,        ,     1.0,      
makich01 , 1970,     1, CHI , NHL , R  , 72.0, 22.0,  26.0,  48.0,  18.0, 31.0 ,  2.0,     ,  2.0,     ,  3.0, 0.0, 110.0,   18.0,   6.0,   5.0,    11.0,     6.0,        ,     1.0,        ,     0.0,        ,     0.0,      
makich01 , 1971,     1, CHI , NHL , R  , 62.0, 13.0,  34.0,  47.0,  22.0, 44.0 ,  3.0,     ,  1.0,     ,  2.0, 0.0, 136.0,    8.0,   1.0,   4.0,     5.0,     4.0,        ,     0.0,        ,     0.0,        ,     1.0,      
makich01 , 1972,     1, CHI , NHL , R  , 77.0, 13.0,  19.0,  32.0,  10.0, 5.0  ,  1.0,     ,  2.0,     ,  1.0, 0.0, 118.0,   16.0,   2.0,   8.0,    10.0,     0.0,        ,     0.0,        ,     0.0,        ,     0.0,      
makich01 , 1973,     1, CHI , NHL , R  , 69.0,  9.0,  25.0,  34.0,  12.0, 13.0 ,  2.0,     ,  0.0,     ,  0.0, 1.0,  89.0,   11.0,   0.0,   1.0,     1.0,     2.0,        ,     0.0,        ,     0.0,        ,     0.0,      
makich01 , 1975,     1, CHI , NHL , R  , 22.0,  0.0,   6.0,   6.0,   2.0, -9.0 ,  0.0,     ,  0.0,     ,  0.0, 0.0,  13.0,    4.0,   0.0,   0.0,     0.0,     0.0,        ,     0.0,        ,     0.0,        ,     0.0,      
makito01 , 2006,     1, CAL , NHL , R  ,  1.0,  0.0,   0.0,   0.0,   0.0, 0.0  ,  0.0,  0.0,  0.0,  0.0,  0.0,    ,   0.0,       ,      ,      ,        ,        ,        ,        ,        ,        ,        ,        ,      
makiwa01 , 1967,     1, CHI , NHL , L  , 49.0,  5.0,   5.0,  10.0,  32.0, -4.0 ,  1.0,     ,  0.0,     ,  1.0, 0.0,  54.0,    2.0,   1.0,   0.0,     1.0,     2.0,        ,     0.0,        ,     0.0,        ,     0.0,      
makiwa01 , 1968,     1, CHI , NHL , L  ,  1.0,  0.0,   0.0,   0.0,   0.0, 0.0  ,  0.0,     ,  0.0,     ,  0.0, 0.0,   1.0,       ,      ,      ,        ,        ,        ,        ,        ,        ,        ,        ,      
makiwa01 , 1969,     1, STL , NHL , L  , 16.0,  2.0,   1.0,   3.0,   4.0, -4.0 ,  0.0,     ,  0.0,     ,  1.0, 0.0,  35.0,       ,      ,      ,        ,        ,        ,        ,        ,        ,        ,        ,      
makiwa01 , 1970,     1, VAN , NHL , L  , 78.0, 25.0,  38.0,  63.0,  99.0, -13.0,  8.0,     ,  0.0,     ,  2.0, 4.0, 184.0,       ,      ,      ,        ,        ,        ,        ,        ,        ,        ,        ,      
makiwa01 , 1971,     1, VAN , NHL , L  , 76.0, 22.0,  25.0,  47.0,  43.0, -4.0 ,  5.0,     ,  0.0,     ,  3.0, 2.0, 160.0,       ,      ,      ,        ,        ,        ,        ,        ,        ,        ,        ,      
makiwa01 , 1972,     1, VAN , NHL , L  , 26.0,  3.0,  10.0,  13.0,   6.0, -11.0,  0.0,     ,  0.0,     ,  0.0, 0.0,  56.0,       ,      ,      ,        ,        ,        ,        ,        ,        ,        ,        ,      
makkoka01, 1979,     1, EDM , NHL , R  ,  9.0,  2.0,   2.0,   4.0,   0.0, -2.0 ,  0.0,     ,  0.0,     ,  0.0, 0.0,  11.0,       ,      ,      ,        ,        ,        ,        ,        ,        ,        ,        ,      
malakvl01, 1992,     1, NYI , NHL , D  , 64.0, 14.0,  38.0,  52.0,  59.0, 14.0 ,  7.0, 15.0,  0.0,  0.0,  0.0, 0.0, 178.0,   17.0,   3.0,   6.0,     9.0,    12.0, -3.0   ,     1.0,     4.0,     0.0,     0.0,     0.0,    53.0
malakvl01, 1993,     1, NYI , NHL , D  , 76.0, 10.0,  47.0,  57.0,  80.0, 29.0 ,  4.0, 23.0,  0.0,  0.0,  2.0, 0.0, 235.0,    4.0,   0.0,   0.0,     0.0,     6.0, -5.0   ,     0.0,     0.0,     0.0,     0.0,     0.0,     7.0
malakvl01, 1994,     1, NYI , NHL , D  , 26.0,  3.0,  13.0,  16.0,  32.0, -1.0 ,  1.0,  7.0,  0.0,  0.0,  0.0, 0.0,  61.0,       ,      ,      ,        ,        ,        ,        ,        ,        ,        ,        ,      
malakvl01, 1994,     2, MTL , NHL , D  , 14.0,  1.0,   4.0,   5.0,  14.0, -2.0 ,  0.0,  3.0,  0.0,  0.0,  0.0, 0.0,  30.0,       ,      ,      ,        ,        ,        ,        ,        ,        ,        ,        ,      
malakvl01, 1995,     1, MTL , NHL , D  , 61.0,  5.0,  23.0,  28.0,  79.0, 7.0  ,  2.0, 12.0,  0.0,  1.0,  0.0, 0.0, 122.0,       ,      ,      ,        ,        ,        ,        ,        ,        ,        ,        ,      
malakvl01, 1996,     1, MTL , NHL , D  , 65.0, 10.0,  20.0,  30.0,  43.0, 3.0  ,  5.0,  9.0,  0.0,  1.0,  1.0, 0.0, 177.0,    5.0,   0.0,   0.0,     0.0,     6.0, -3.0   ,     0.0,     0.0,     0.0,     0.0,     0.0,    12.0
malakvl01, 1997,     1, MTL , NHL , D  , 74.0, 13.0,  31.0,  44.0,  70.0, 16.0 ,  8.0, 17.0,  0.0,  1.0,  2.0, 0.0, 166.0,    9.0,   3.0,   4.0,     7.0,    10.0, -3.0   ,     2.0,     1.0,     0.0,     0.0,     0.0,    19.0
malakvl01, 1998,     1, MTL , NHL , D  , 62.0, 13.0,  21.0,  34.0,  77.0, -7.0 ,  8.0,  8.0,  0.0,  1.0,  3.0, 0.0, 143.0,       ,      ,      ,        ,        ,        ,        ,        ,        ,        ,        ,      
malakvl01, 1999,     1, MTL , NHL , D  ,  7.0,  0.0,   0.0,   0.0,   4.0, 0.0  ,  0.0,  0.0,  0.0,  0.0,  0.0, 0.0,   7.0,       ,      ,      ,        ,        ,        ,        ,        ,        ,        ,        ,      
malakvl01, 1999,     2, NJD , NHL , D  , 17.0,  1.0,   4.0,   5.0,  19.0, 1.0  ,  1.0,  1.0,  0.0,  0.0,  1.0, 0.0,  11.0,   23.0,   1.0,   4.0,     5.0,    18.0, 3.0    ,     1.0,     0.0,     0.0,     0.0,     0.0,    29.0
malakvl01, 2000,     1, NYR , NHL , D  ,  3.0,  0.0,   2.0,   2.0,   4.0, 0.0  ,  0.0,  1.0,  0.0,  1.0,  0.0, 0.0,   6.0,       ,      ,      ,        ,        ,        ,        ,        ,        ,        ,        ,      
malakvl01, 2001,     1, NYR , NHL , D  , 81.0,  6.0,  22.0,  28.0,  83.0, 10.0 ,  1.0,  9.0,  0.0,  1.0,  0.0, 0.0, 145.0,       ,      ,      ,        ,        ,        ,        ,        ,        ,        ,        ,      
malakvl01, 2002,     1, NYR , NHL , D  , 71.0,  3.0,  14.0,  17.0,  52.0, -7.0 ,  1.0,  8.0,  0.0,  0.0,  0.0, 0.0, 131.0,       ,      ,      ,        ,        ,        ,        ,        ,        ,        ,        ,      
malakvl01, 2003,     1, NYR , NHL , D  , 56.0,  3.0,  15.0,  18.0,  53.0, -5.0 ,  1.0,  5.0,  0.0,  2.0,  0.0, 0.0,  83.0,       ,      ,      ,        ,        ,        ,        ,        ,        ,        ,        ,      
malakvl01, 2003,     2, PHI , NHL , D  ,  6.0,  0.0,   1.0,   1.0,   2.0, -1.0 ,  0.0,  0.0,  0.0,  0.0,  0.0, 0.0,  12.0,   17.0,   1.0,   5.0,     6.0,    12.0, 9.0    ,     0.0,     0.0,     0.0,     0.0,     0.0,    38.0
malakvl01, 2005,     1, NJD , NHL , D  , 29.0,  4.0,   5.0,   9.0,  26.0, -9.0 ,  3.0,  2.0,  0.0,  0.0,  0.0,    ,  43.0,       ,      ,      ,        ,        ,        ,        ,        ,        ,        ,        ,      
malarcl01, 1981,     1, QUE , NHL , G  ,  2.0,  0.0,   0.0,   0.0,   0.0, 0.0  ,  0.0,     ,  0.0,     ,  0.0, 0.0,   0.0,       ,      ,      ,        ,        ,        ,        ,        ,        ,        ,        ,      
malarcl01, 1982,     1, QUE , NHL , G  , 15.0,  0.0,   0.0,   0.0,   0.0, 0.0  ,  0.0,     ,  0.0,     ,  0.0, 0.0,   0.0,       ,      ,      ,        ,        ,        ,        ,        ,        ,        ,        ,      
malarcl01, 1983,     1, QUE , NHL , G  , 23.0,  0.0,   1.0,   1.0,   9.0, 0.0  ,  0.0,     ,  0.0,     ,  0.0, 0.0,   0.0,    1.0,   0.0,   0.0,     0.0,    15.0, 0.0    ,     0.0,        ,     0.0,        ,     0.0,     0.0
malarcl01, 1985,     1, QUE , NHL , G  , 46.0,  0.0,   2.0,   2.0,  21.0, 0.0  ,  0.0,     ,  0.0,     ,  0.0, 0.0,   0.0,    3.0,   0.0,   0.0,     0.0,     0.0, 0.0    ,     0.0,        ,     0.0,        ,     0.0,     0.0
malarcl01, 1986,     1, QUE , NHL , G  , 54.0,  0.0,   2.0,   2.0,  37.0, 0.0  ,  0.0,     ,  0.0,     ,  0.0, 0.0,   0.0,    3.0,   0.0,   0.0,     0.0,     0.0, 0.0    ,     0.0,        ,     0.0,        ,     0.0,     0.0
malarcl01, 1987,     1, WAS , NHL , G  , 54.0,  0.0,   2.0,   2.0,  10.0, 0.0  ,  0.0,     ,  0.0,     ,  0.0, 0.0,   0.0,    4.0,   0.0,   0.0,     0.0,     2.0, 0.0    ,     0.0,     0.0,     0.0,     0.0,     0.0,     0.0
malarcl01, 1988,     1, WAS , NHL , G  , 42.0,  0.0,   1.0,   1.0,  16.0, 0.0  ,  0.0,     ,  0.0,     ,  0.0, 0.0,   0.0,       ,      ,      ,        ,        ,        ,        ,        ,        ,        ,        ,      
malarcl01, 1988,     2, BUF , NHL , G  ,  7.0,  0.0,   0.0,   0.0,   2.0, 0.0  ,  0.0,  0.0,  0.0,  0.0,  0.0, 0.0,   0.0,    1.0,   0.0,   0.0,     0.0,     2.0, 0.0    ,     0.0,     0.0,     0.0,     0.0,     0.0,     0.0
malarcl01, 1989,     1, BUF , NHL , G  , 29.0,  0.0,   2.0,   2.0,  14.0, 0.0  ,  0.0,     ,  0.0,     ,  0.0, 0.0,   0.0,       ,      ,      ,        ,        ,        ,        ,        ,        ,        ,        ,      
malarcl01, 1990,     1, BUF , NHL , G  , 37.0,  0.0,   4.0,   4.0,  19.0, 0.0  ,  0.0,     ,  0.0,     ,  0.0, 0.0,   0.0,    4.0,   0.0,   1.0,     1.0,     0.0, 0.0    ,     0.0,        ,     0.0,        ,     0.0,     0.0
malarcl01, 1991,     1, BUF , NHL , G  , 29.0,  0.0,   0.0,   0.0,   6.0, 0.0  ,  0.0,  0.0,  0.0,  0.0,  0.0, 0.0,   0.0,       ,      ,      ,        ,        ,        ,        ,        ,        ,        ,        ,      
malecto01, 2002,     1, CAR , NHL , D  , 41.0,  0.0,   2.0,   2.0,  43.0, -5.0 ,  0.0,  1.0,  0.0,  0.0,  0.0, 0.0,  30.0,       ,      ,      ,        ,        ,        ,        ,        ,        ,        ,        ,      
malecto01, 2003,     1, CAR , NHL , D  ,  2.0,  0.0,   0.0,   0.0,   2.0, -1.0 ,  0.0,  0.0,  0.0,  0.0,  0.0, 0.0,   1.0,       ,      ,      ,        ,        ,        ,        ,        ,        ,        ,        ,      
malecto01, 2005,     1, OTT , NHL , D  ,  2.0,  0.0,   0.0,   0.0,   2.0, 4.0  ,  0.0,  0.0,  0.0,  0.0,  0.0,    ,   1.0,       ,      ,      ,        ,        ,        ,        ,        ,        ,        ,        ,      
malecto01, 2006,     1, OTT , NHL , D  ,  1.0,  0.0,   0.0,   0.0,   0.0, 0.0  ,  0.0,  0.0,  0.0,  0.0,  0.0,    ,   1.0,       ,      ,      ,        ,        ,        ,        ,        ,        ,        ,        ,      
maleyda01, 1985,     1, MTL , NHL , L  ,  3.0,  0.0,   0.0,   0.0,   0.0, 0.0  ,  0.0,     ,  0.0,     ,  0.0, 0.0,   0.0,    7.0,   1.0,   3.0,     4.0,     2.0, 4.0    ,     0.0,        ,     0.0,        ,     0.0,     5.0
maleyda01, 1986,     1, MTL , NHL , C  , 48.0,  6.0,  12.0,  18.0,  55.0, -1.0 ,  0.0,     ,  0.0,     ,  0.0, 0.0,  45.0,       ,      ,      ,        ,        ,        ,        ,        ,        ,        ,        ,      
maleyda01, 1987,     1, NJD , NHL , C/L, 44.0,  4.0,   2.0,   6.0,  65.0, -13.0,  1.0,  0.0,  0.0,  0.0,  1.0, 0.0,  44.0,   20.0,   3.0,   1.0,     4.0,    80.0, 2.0    ,     0.0,     0.0,     0.0,     0.0,     0.0,    14.0
maleyda01, 1988,     1, NJD , NHL , R  , 68.0,  5.0,   6.0,  11.0, 249.0, -27.0,  0.0,  2.0,  0.0,  0.0,  0.0, 0.0,  63.0,       ,      ,      ,        ,        ,        ,        ,        ,        ,        ,        ,      
maleyda01, 1989,     1, NJD , NHL , L  , 67.0,  8.0,  17.0,  25.0, 160.0, -2.0 ,  0.0,  0.0,  0.0,  0.0,  2.0, 0.0,  82.0,    6.0,   0.0,   0.0,     0.0,    25.0, -2.0   ,     0.0,     0.0,     0.0,     0.0,     0.0,     2.0
maleyda01, 1990,     1, NJD , NHL , L  , 64.0,  8.0,  14.0,  22.0, 151.0, 9.0  ,  1.0,  1.0,  0.0,  1.0,  3.0, 0.0,  67.0,       ,      ,      ,        ,        ,        ,        ,        ,        ,        ,        ,      
maleyda01, 1991,     1, NJD , NHL , L  , 37.0,  7.0,  11.0,  18.0,  58.0, 0.0  ,  1.0,  3.0,  0.0,  0.0,  0.0, 0.0,  42.0,       ,      ,      ,        ,        ,        ,        ,        ,        ,        ,        ,      
maleyda01, 1991,     2, EDM , NHL , L  , 23.0,  3.0,   6.0,   9.0,  46.0, 8.0  ,  0.0,  0.0,  0.0,  0.0,  1.0, 0.0,  31.0,   10.0,   1.0,   1.0,     2.0,     4.0, -4.0   ,     0.0,     0.0,     0.0,     0.0,     0.0,     6.0
maleyda01, 1992,     1, EDM , NHL , L  , 13.0,  1.0,   1.0,   2.0,  29.0, -3.0 ,  0.0,  0.0,  0.0,  0.0,  0.0, 0.0,   9.0,       ,      ,      ,        ,        ,        ,        ,        ,        ,        ,        ,      
maleyda01, 1992,     2, SJS , NHL , L  , 43.0,  1.0,   6.0,   7.0, 126.0, -25.0,  1.0,  1.0,  0.0,  0.0,  0.0, 0.0,  48.0,       ,      ,      ,        ,        ,        ,        ,        ,        ,        ,        ,      
maleyda01, 1993,     1, SJS , NHL , L  , 19.0,  0.0,   0.0,   0.0,  30.0, -1.0 ,  0.0,  0.0,  0.0,  0.0,  0.0, 0.0,   4.0,       ,      ,      ,        ,        ,        ,        ,        ,        ,        ,        ,      
maleyda01, 1993,     2, NYI , NHL , L  , 37.0,  0.0,   6.0,   6.0,  74.0, -6.0 ,  0.0,  1.0,  0.0,  0.0,  0.0, 0.0,  19.0,    3.0,   0.0,   0.0,     0.0,     0.0, -2.0   ,     0.0,     0.0,     0.0,     0.0,     0.0,     3.0
malgust01, 1993,     1, PHI , NHL , D  , 67.0,  1.0,   3.0,   4.0,  86.0, 2.0  ,  0.0,  0.0,  0.0,  0.0,  0.0, 0.0,  54.0,       ,      ,      ,        ,        ,        ,        ,        ,        ,        ,        ,      
malgust01, 1994,     1, PHI , NHL , D  ,  4.0,  0.0,   0.0,   0.0,   4.0, -1.0 ,  0.0,  0.0,  0.0,  0.0,  0.0, 0.0,   1.0,       ,      ,      ,        ,        ,        ,        ,        ,        ,        ,        ,      
malgust01, 1995,     1, WIN , NHL , D  , 29.0,  0.0,   1.0,   1.0,  32.0, -10.0,  0.0,  0.0,  0.0,  0.0,  0.0, 0.0,  13.0,       ,      ,      ,        ,        ,        ,        ,        ,        ,        ,        ,      
malgust01, 1995,     2, WAS , NHL , D  ,  1.0,  0.0,   0.0,   0.0,   0.0, 0.0  ,  0.0,  0.0,  0.0,  0.0,  0.0, 0.0,   0.0,       ,      ,      ,        ,        ,        ,        ,        ,        ,        ,        ,      
malgust01, 1996,     1, WAS , NHL , D  ,  6.0,  0.0,   0.0,   0.0,   2.0, 2.0  ,  0.0,  0.0,  0.0,  0.0,  0.0, 0.0,   3.0,       ,      ,      ,        ,        ,        ,        ,        ,        ,        ,        ,      
malgust01, 1997,     1, WAS , NHL , D  ,  8.0,  0.0,   0.0,   0.0,  12.0, 1.0  ,  0.0,  0.0,  0.0,  0.0,  0.0, 0.0,   5.0,       ,      ,      ,        ,        ,        ,        ,        ,        ,        ,        ,      
malgust01, 1998,     1, WAS , NHL , D  , 10.0,  0.0,   0.0,   0.0,   6.0, -5.0 ,  0.0,  0.0,  0.0,  0.0,  0.0, 0.0,   2.0,       ,      ,      ,        ,        ,        ,        ,        ,        ,        ,        ,      
malgust01, 1999,     1, CAL , NHL , D  ,  4.0,  0.0,   1.0,   1.0,   2.0, 1.0  ,  0.0,  0.0,  0.0,  0.0,  0.0, 0.0,   0.0,       ,      ,      ,        ,        ,        ,        ,        ,        ,        ,        ,      
malhoma01, 1998,     1, NYR , NHL , C  , 73.0,  8.0,   8.0,  16.0,  13.0, -2.0 ,  1.0,  0.0,  0.0,  0.0,  2.0, 0.0,  61.0,       ,      ,      ,        ,        ,        ,        ,        ,        ,        ,        ,      
malhoma01, 1999,     1, NYR , NHL , C  , 27.0,  0.0,   0.0,   0.0,   4.0, -6.0 ,  0.0,  0.0,  0.0,  0.0,  0.0, 0.0,  18.0,       ,      ,      ,        ,        ,        ,        ,        ,        ,        ,        ,      
malhoma01, 2000,     1, NYR , NHL , C  , 50.0,  4.0,   8.0,  12.0,  31.0, -10.0,  0.0,  1.0,  0.0,  0.0,  2.0, 0.0,  46.0,       ,      ,      ,        ,        ,        ,        ,        ,        ,        ,        ,      
malhoma01, 2001,     1, NYR , NHL , C  , 56.0,  7.0,   6.0,  13.0,  42.0, -1.0 ,  0.0,  0.0,  1.0,  0.0,  1.0, 0.0,  41.0,       ,      ,      ,        ,        ,        ,        ,        ,        ,        ,        ,      
malhoma01, 2001,     2, DAL , NHL , C  , 16.0,  1.0,   0.0,   1.0,   5.0, -3.0 ,  0.0,  0.0,  0.0,  0.0,  0.0, 0.0,  19.0,       ,      ,      ,        ,        ,        ,        ,        ,        ,        ,        ,      
malhoma01, 2002,     1, DAL , NHL , C  , 59.0,  3.0,   7.0,  10.0,  42.0, -2.0 ,  0.0,  0.0,  0.0,  0.0,  1.0, 0.0,  62.0,    5.0,   1.0,   0.0,     1.0,     0.0, 1.0    ,     0.0,     0.0,     0.0,     0.0,     0.0,     3.0
malhoma01, 2003,     1, DAL , NHL , C  ,  9.0,  0.0,   0.0,   0.0,   4.0, -2.0 ,  0.0,  0.0,  0.0,  0.0,  0.0, 0.0,   4.0,       ,      ,      ,        ,        ,        ,        ,        ,        ,        ,        ,      
malhoma01, 2003,     2, CBS , NHL , C  , 56.0, 12.0,  13.0,  25.0,  24.0, -5.0 ,  1.0,  4.0,  0.0,  0.0,  2.0, 0.0, 103.0,       ,      ,      ,        ,        ,        ,        ,        ,        ,        ,        ,      
malhoma01, 2005,     1, CBS , NHL , C  , 58.0, 10.0,  21.0,  31.0,  41.0, 1.0  ,  1.0,  3.0,  1.0,  0.0,  0.0,    , 102.0,       ,      ,      ,        ,        ,        ,        ,        ,        ,        ,        ,      
malhoma01, 2006,     1, CBS , NHL , C  , 82.0,  9.0,  16.0,  25.0,  76.0, -8.0 ,  2.0,  0.0,  0.0,  0.0,  3.0,    , 109.0,       ,      ,      ,        ,        ,        ,        ,        ,        ,        ,        ,      
malhoma01, 2007,     1, CBS , NHL , C  , 71.0, 11.0,  18.0,  29.0,  34.0, -3.0 ,  2.0,  1.0,  0.0,  1.0,  2.0,    , 112.0,       ,      ,      ,        ,        ,        ,        ,        ,        ,        ,        ,      
malhoma01, 2008,     1, CBS , NHL , C  , 77.0, 11.0,  24.0,  35.0,  28.0, 9.0  ,  0.0,  6.0,  0.0,  1.0,  3.0,    , 116.0,    4.0,   0.0,   0.0,     0.0,     0.0, -2.0   ,     0.0,     0.0,     0.0,     0.0,     0.0,     4.0
malhoma01, 2009,     1, SJS , NHL , C  , 71.0, 14.0,  19.0,  33.0,  41.0, 17.0 ,  2.0,  6.0,  0.0,  0.0,  4.0,    , 111.0,   15.0,   1.0,   0.0,     1.0,     0.0, -1.0   ,     1.0,     0.0,     0.0,     0.0,     0.0,    37.0
malikma01, 1994,     1, HAR , NHL , D  ,  1.0,  0.0,   1.0,   1.0,   0.0, 1.0  ,  0.0,  0.0,  0.0,  0.0,  0.0, 0.0,   0.0,       ,      ,      ,        ,        ,        ,        ,        ,        ,        ,        ,      
malikma01, 1995,     1, HAR , NHL , D  ,  7.0,  0.0,   0.0,   0.0,   4.0, -3.0 ,  0.0,  0.0,  0.0,  0.0,  0.0, 0.0,   2.0,       ,      ,      ,        ,        ,        ,        ,        ,        ,        ,        ,      
malikma01, 1996,     1, HAR , NHL , D  , 47.0,  1.0,   5.0,   6.0,  50.0, 5.0  ,  0.0,  0.0,  0.0,  0.0,  1.0, 0.0,  33.0,       ,      ,      ,        ,        ,        ,        ,        ,        ,        ,        ,      
malikma01, 1998,     1, CAR , NHL , D  , 52.0,  2.0,   9.0,  11.0,  36.0, -6.0 ,  1.0,  1.0,  0.0,  1.0,  0.0, 0.0,  36.0,    4.0,   0.0,   0.0,     0.0,     4.0, -2.0   ,     0.0,     0.0,     0.0,     0.0,     0.0,     0.0
malikma01, 1999,     1, CAR , NHL , D  , 57.0,  4.0,  10.0,  14.0,  63.0, 13.0 ,  0.0,  1.0,  0.0,  0.0,  1.0, 0.0,  57.0,       ,      ,      ,        ,        ,        ,        ,        ,        ,        ,        ,      
malikma01, 2000,     1, CAR , NHL , D  , 61.0,  6.0,  14.0,  20.0,  34.0, -4.0 ,  1.0,  3.0,  0.0,  0.0,  1.0, 0.0,  72.0,    3.0,   0.0,   0.0,     0.0,     6.0, -3.0   ,     0.0,     0.0,     0.0,     0.0,     0.0,     1.0
malikma01, 2001,     1, CAR , NHL , D  , 82.0,  4.0,  19.0,  23.0,  88.0, 8.0  ,  0.0,  3.0,  0.0,  1.0,  0.0, 0.0,  91.0,   23.0,   0.0,   3.0,     3.0,    18.0, 3.0    ,     0.0,     0.0,     0.0,     0.0,     0.0,    24.0
malikma01, 2002,     1, CAR , NHL , D  , 10.0,  0.0,   2.0,   2.0,  16.0, -3.0 ,  0.0,  1.0,  0.0,  0.0,  0.0, 0.0,   9.0,       ,      ,      ,        ,        ,        ,        ,        ,        ,        ,        ,      
malikma01, 2002,     2, VAN , NHL , D  , 69.0,  7.0,  11.0,  18.0,  52.0, 23.0 ,  1.0,  2.0,  1.0,  1.0,  2.0, 1.0,  68.0,   14.0,   1.0,   1.0,     2.0,    10.0, -7.0   ,     1.0,     0.0,     0.0,     0.0,     0.0,    10.0
malikma01, 2003,     1, VAN , NHL , D  , 78.0,  3.0,  16.0,  19.0,  45.0, 35.0 ,  0.0,  3.0,  0.0,  1.0,  0.0, 0.0,  61.0,    7.0,   0.0,   0.0,     0.0,    10.0, 1.0    ,     0.0,     0.0,     0.0,     0.0,     0.0,     6.0
malikma01, 2005,     1, NYR , NHL , D  , 74.0,  2.0,  16.0,  18.0,  78.0, 28.0 ,  0.0,  3.0,  0.0,  0.0,  2.0,    ,  70.0,    4.0,   0.0,   1.0,     1.0,     6.0, -2.0   ,     0.0,     0.0,     0.0,     0.0,     0.0,     3.0
malikma01, 2006,     1, NYR , NHL , D  , 69.0,  2.0,  19.0,  21.0,  70.0, 32.0 ,  0.0,  1.0,  0.0,  2.0,  0.0,    ,  57.0,   10.0,   1.0,   3.0,     4.0,    10.0, 6.0    ,     0.0,     0.0,     0.0,     0.0,     0.0,     4.0
malikma01, 2007,     1, NYR , NHL , D  , 42.0,  2.0,   8.0,  10.0,  48.0, 7.0  ,  0.0,  0.0,  0.0,  0.0,  0.0,    ,  34.0,       ,      ,      ,        ,        ,        ,        ,        ,        ,        ,        ,      
malikma01, 2008,     1, TBL , NHL , D  , 42.0,  0.0,   5.0,   5.0,  36.0, -3.0 ,  0.0,  0.0,  0.0,  0.0,  0.0,    ,  22.0,       ,      ,      ,        ,        ,        ,        ,        ,        ,        ,        ,      
malinme01, 1978,     1, COR , NHL , C  , 54.0,  6.0,  17.0,  23.0,  10.0, -17.0,  0.0,     ,  0.0,     ,  1.0, 1.0,  76.0,       ,      ,      ,        ,        ,        ,        ,        ,        ,        ,        ,      
malinme01, 1979,     1, COR , NHL , C  , 10.0,  2.0,   4.0,   6.0,   2.0, -1.0 ,  0.0,     ,  0.0,     ,  0.0, 0.0,  16.0,       ,      ,      ,        ,        ,        ,        ,        ,        ,        ,        ,      
malinme01, 1980,     1, COR , NHL , C  , 69.0, 25.0,  37.0,  62.0,  61.0, -24.0,  4.0,     ,  0.0,     ,  1.0, 2.0, 152.0,       ,      ,      ,        ,        ,        ,        ,        ,        ,        ,        ,      
malinme01, 1981,     1, COR , NHL , C  , 69.0, 13.0,  28.0,  41.0,  32.0, -22.0,  0.0,     ,  1.0,     ,  0.0, 1.0,  95.0,       ,      ,      ,        ,        ,        ,        ,        ,        ,        ,        ,      
malinme01, 1982,     1, NJD , NHL , C  ,  5.0,  3.0,   2.0,   5.0,   0.0, 1.0  ,  1.0,     ,  0.0,     ,  1.0, 1.0,   8.0,       ,      ,      ,        ,        ,        ,        ,        ,        ,        ,        ,      
malinme01, 1982,     2, HAR , NHL , C  , 75.0,  5.0,  23.0,  28.0,  16.0, -41.0,  1.0,     ,  0.0,     ,  0.0, 0.0,  94.0,       ,      ,      ,        ,        ,        ,        ,        ,        ,        ,        ,      
malkiev01, 2006,     1, PIT , NHL , L  , 78.0, 33.0,  52.0,  85.0,  80.0, 2.0  , 16.0, 24.0,  0.0,  0.0,  6.0,    , 242.0,    5.0,   0.0,   4.0,     4.0,     8.0, -1.0   ,     0.0,     2.0,     0.0,     0.0,     0.0,    10.0
malkiev01, 2007,     1, PIT , NHL , C  , 82.0, 47.0,  59.0, 106.0,  78.0, 16.0 , 17.0, 23.0,  0.0,  0.0,  5.0,    , 272.0,   20.0,  10.0,  12.0,    22.0,    24.0, 3.0    ,     5.0,     6.0,     1.0,     0.0,     3.0,    75.0
malkiev01, 2008,     1, PIT , NHL , C  , 82.0, 35.0,  78.0, 113.0,  80.0, 17.0 , 14.0, 27.0,  2.0,  0.0,  4.0,    , 290.0,   24.0,  14.0,  22.0,    36.0,    51.0, 3.0    ,     7.0,     9.0,     0.0,     0.0,     3.0,   104.0
malkiev01, 2009,     1, PIT , NHL , C  , 67.0, 28.0,  49.0,  77.0, 100.0, -6.0 , 13.0, 15.0,  2.0,  1.0,  7.0,    , 268.0,   13.0,   5.0,   6.0,    11.0,     6.0, 0.0    ,     4.0,     4.0,     0.0,     0.0,     1.0,    58.0
malkode01, 1995,     1, VAN , NHL , D  , 41.0,  0.0,   2.0,   2.0, 136.0, -10.0,  0.0,  0.0,  0.0,  0.0,  0.0, 0.0,   8.0,       ,      ,      ,        ,        ,        ,        ,        ,        ,        ,        ,      
malkode01, 1996,     1, BOS , NHL , D  , 33.0,  0.0,   0.0,   0.0,  70.0, -14.0,  0.0,  0.0,  0.0,  0.0,  0.0, 0.0,   7.0,       ,      ,      ,        ,        ,        ,        ,        ,        ,        ,        ,      
malkode01, 1997,     1, BOS , NHL , D  , 40.0,  1.0,   0.0,   1.0,  86.0, -12.0,  0.0,  0.0,  0.0,  0.0,  0.0, 0.0,  15.0,       ,      ,      ,        ,        ,        ,        ,        ,        ,        ,        ,      
malkode01, 1998,     1, NYI , NHL , D  ,  2.0,  0.0,   1.0,   1.0,   7.0, 3.0  ,  0.0,  0.0,  0.0,  0.0,  0.0, 0.0,   1.0,       ,      ,      ,        ,        ,        ,        ,        ,        ,        ,        ,      
malleke01, 1909,     1, OT1 , NHA ,    ,  1.0,  2.0,   0.0,   2.0,   3.0,      ,     ,     ,     ,     ,     ,    ,      ,       ,      ,      ,        ,        ,        ,        ,        ,        ,        ,        ,      
malleke01, 1910,     1, QU1 , NHA ,    ,  9.0, 13.0,   0.0,  13.0,  15.0,      ,     ,     ,     ,     ,     ,    ,      ,       ,      ,      ,        ,        ,        ,        ,        ,        ,        ,        ,      
malleke01, 1911,     1, NWR , PCHA, C  , 13.0, 14.0,   0.0,  14.0,  31.0,      ,     ,     ,     ,     ,     ,    ,      ,       ,      ,      ,        ,        ,        ,        ,        ,        ,        ,        ,      
malleke01, 1912,     1, NWR , PCHA, C  ,  9.0,  4.0,   3.0,   7.0,  25.0,      ,     ,     ,     ,     ,     ,    ,      ,       ,      ,      ,        ,        ,        ,        ,        ,        ,        ,        ,      
malleke01, 1913,     1, NWR , PCHA, C  , 16.0, 21.0,   6.0,  27.0,  52.0,      ,     ,     ,     ,     ,     ,    ,      ,       ,      ,      ,        ,        ,        ,        ,        ,        ,        ,        ,      
malleke01, 1914,     1, VML , PCHA, C  , 14.0,  9.0,   5.0,  14.0,  48.0,      ,     ,     ,     ,     ,     ,    ,      ,       ,      ,      ,        ,        ,        ,        ,        ,        ,        ,        ,      
malleke01, 1915,     1, VA1 , PCHA, C  , 17.0,  7.0,   5.0,  12.0,  31.0,      ,     ,     ,     ,     ,     ,    ,      ,       ,      ,      ,        ,        ,        ,        ,        ,        ,        ,        ,      
malleke01, 1916,     1, SPO , PCHA, C  , 21.0, 10.0,   3.0,  13.0,  22.0,      ,     ,     ,     ,     ,     ,    ,      ,       ,      ,      ,        ,        ,        ,        ,        ,        ,        ,        ,      
malletr01, 1989,     1, NYR , NHL , R  , 79.0, 13.0,  16.0,  29.0, 305.0, -8.0 ,  4.0,  2.0,  0.0,  0.0,  1.0, 0.0, 107.0,   10.0,   2.0,   2.0,     4.0,    81.0, -4.0   ,     0.0,     1.0,     0.0,     0.0,     0.0,    18.0
malletr01, 1990,     1, NYR , NHL , L  , 71.0, 12.0,  10.0,  22.0, 252.0, -8.0 ,  0.0,  1.0,  0.0,  0.0,  2.0, 0.0,  91.0,    5.0,   0.0,   0.0,     0.0,    18.0, -3.0   ,     0.0,     0.0,     0.0,     0.0,     0.0,     1.0
malletr01, 1991,     1, EDM , NHL , L  , 15.0,  1.0,   3.0,   4.0,  36.0, -1.0 ,  0.0,  0.0,  0.0,  0.0,  0.0, 0.0,   9.0,       ,      ,      ,        ,        ,        ,        ,        ,        ,        ,        ,      
malletr01, 1991,     2, NJD , NHL , L  , 17.0,  3.0,   4.0,   7.0,  43.0, 7.0  ,  0.0,  0.0,  0.0,  0.0,  0.0, 0.0,  19.0,       ,      ,      ,        ,        ,        ,        ,        ,        ,        ,        ,      
malletr01, 1992,     1, NJD , NHL , L  , 34.0,  4.0,   3.0,   7.0,  56.0, 3.0  ,  0.0,  0.0,  0.0,  0.0,  0.0, 0.0,  19.0,       ,      ,      ,        ,        ,        ,        ,        ,        ,        ,        ,      
malletr01, 1993,     1, OTT , NHL , L  , 82.0,  7.0,  16.0,  23.0, 166.0, -33.0,  0.0,  1.0,  0.0,  1.0,  0.0, 0.0, 100.0,       ,      ,      ,        ,        ,        ,        ,        ,        ,        ,        ,      
malletr01, 1994,     1, OTT , NHL , L  , 23.0,  3.0,   5.0,   8.0,  35.0, 6.0  ,  0.0,  0.0,  0.0,  0.0,  1.0, 0.0,  21.0,       ,      ,      ,        ,        ,        ,        ,        ,        ,        ,        ,      
malletr01, 1995,     1, OTT , NHL , L  , 64.0,  2.0,   3.0,   5.0, 171.0, -7.0 ,  0.0,  0.0,  0.0,  0.0,  0.0, 0.0,  51.0,       ,      ,      ,        ,        ,        ,        ,        ,        ,        ,        ,      
malletr01, 1996,     1, BOS , NHL , L  , 68.0,  6.0,   8.0,  14.0, 155.0, -8.0 ,  0.0,  0.0,  0.0,  0.0,  2.0, 1.0,  61.0,       ,      ,      ,        ,        ,        ,        ,        ,        ,        ,        ,      
malletr01, 1997,     1, TBL , NHL , L  ,  3.0,  0.0,   0.0,   0.0,   7.0, 0.0  ,  0.0,  0.0,  0.0,  0.0,  0.0, 0.0,   0.0,       ,      ,      ,        ,        ,        ,        ,        ,        ,        ,        ,      
malmiol01, 2007,     1, NJD , NHL , D  ,  2.0,  0.0,   0.0,   0.0,   0.0, 2.0  ,  0.0,  0.0,  0.0,  0.0,  0.0,    ,   0.0,       ,      ,      ,        ,        ,        ,        ,        ,        ,        ,        ,      
maloncl01, 1951,     1, MTL , NHL , R  ,  3.0,  0.0,   0.0,   0.0,   0.0,      ,     ,     ,     ,     ,     ,    ,      ,       ,      ,      ,        ,        ,        ,        ,        ,        ,        ,        ,      
malonda01, 1970,     1, CHI , NHL , L  , 74.0, 12.0,  14.0,  26.0, 174.0, 7.0  ,  2.0,     ,  0.0,     ,  1.0, 2.0,  98.0,   10.0,   0.0,   1.0,     1.0,     8.0,        ,     0.0,        ,     0.0,        ,     0.0,      
malonda01, 1972,     1, CHI , NHL , L  , 57.0, 13.0,  17.0,  30.0,  63.0, 11.0 ,  5.0,     ,  0.0,     ,  4.0, 1.0, 104.0,       ,      ,      ,        ,        ,        ,        ,        ,        ,        ,        ,      
malonda01, 1972,     2, LAK , NHL , L  , 14.0,  4.0,   7.0,  11.0,  18.0, 6.0  ,  0.0,     ,  0.0,     ,  1.0, 0.0,  35.0,       ,      ,      ,        ,        ,        ,        ,        ,        ,        ,        ,      
malonda01, 1973,     1, LAK , NHL , L  , 65.0, 15.0,  17.0,  32.0, 113.0, 6.0  ,  5.0,     ,  0.0,     ,  5.0, 1.0, 157.0,    5.0,   0.0,   0.0,     0.0,     2.0,        ,     0.0,        ,     0.0,        ,     0.0,      
malonda01, 1974,     1, LAK , NHL , L  , 80.0, 27.0,  39.0,  66.0, 165.0, 29.0 ,  3.0,     ,  0.0,     ,  2.0, 3.0, 227.0,    3.0,   0.0,   0.0,     0.0,     2.0,        ,     0.0,        ,     0.0,        ,     0.0,      
malonda01, 1975,     1, DET , NHL , L  , 77.0, 27.0,  39.0,  66.0, 203.0, 0.0  ,  6.0,     ,  2.0,     ,  3.0, 1.0, 254.0,       ,      ,      ,        ,        ,        ,        ,        ,        ,        ,        ,      
malonda01, 1976,     1, DET , NHL , L  , 34.0, 13.0,  13.0,  26.0,  64.0, 3.0  ,  3.0,     ,  1.0,     ,  0.0, 1.0, 107.0,       ,      ,      ,        ,        ,        ,        ,        ,        ,        ,        ,      
malonda01, 1977,     1, DET , NHL , L  , 66.0, 16.0,  29.0,  45.0, 151.0, 4.0  ,  3.0,     ,  0.0,     ,  1.0, 2.0, 165.0,       ,      ,      ,        ,        ,        ,        ,        ,        ,        ,        ,      
malonda01, 1977,     2, TOR , NHL , L  , 13.0,  3.0,   4.0,   7.0,  25.0, -5.0 ,  0.0,     ,  0.0,     ,  1.0, 0.0,  27.0,   13.0,   1.0,   3.0,     4.0,    17.0,        ,     1.0,        ,     0.0,        ,     0.0,      
malonda01, 1978,     1, TOR , NHL , L  , 77.0, 17.0,  36.0,  53.0, 157.0, 19.0 ,  0.0,     ,  0.0,     ,  5.0, 1.0, 141.0,    6.0,   3.0,   3.0,     6.0,     2.0,        ,     1.0,        ,     0.0,        ,     1.0,      
malonda01, 1979,     1, TOR , NHL , L  , 71.0, 17.0,  16.0,  33.0, 102.0, -13.0,  1.0,     ,  0.0,     ,  1.0, 1.0, 108.0,       ,      ,      ,        ,        ,        ,        ,        ,        ,        ,        ,      
malonda01, 1980,     1, TOR , NHL , L  , 65.0, 20.0,  21.0,  41.0, 183.0, -10.0, 13.0,     ,  0.0,     ,  2.0, 0.0,  80.0,    3.0,   0.0,   0.0,     0.0,     4.0,        ,     0.0,        ,     0.0,        ,     0.0,      
malonda01, 1981,     1, TOR , NHL , L  , 44.0,  8.0,   7.0,  15.0,  71.0, -11.0,  1.0,     ,  0.0,     ,  0.0, 1.0,  60.0,       ,      ,      ,        ,        ,        ,        ,        ,        ,        ,        ,      
malonda02, 1974,     1, NYR , NHL , D  ,  4.0,  0.0,   2.0,   2.0,   0.0, 2.0  ,  0.0,     ,  0.0,     ,  0.0, 0.0,   2.0,       ,      ,      ,        ,        ,        ,        ,        ,        ,        ,        ,      
malonda02, 1975,     1, NYR , NHL , D  , 21.0,  1.0,   3.0,   4.0,  66.0, -7.0 ,  0.0,     ,  0.0,     ,  0.0, 0.0,  40.0,       ,      ,      ,        ,        ,        ,        ,        ,        ,        ,        ,      
malonda02, 1976,     1, NYR , NHL , D  , 66.0,  3.0,  18.0,  21.0, 100.0, -8.0 ,  0.0,     ,  0.0,     ,  1.0, 0.0, 126.0,       ,      ,      ,        ,        ,        ,        ,        ,        ,        ,        ,      
malonda02, 1977,     1, NYR , NHL , D  , 56.0,  2.0,  19.0,  21.0,  63.0, 18.0 ,  0.0,     ,  0.0,     ,  0.0, 0.0,  71.0,    3.0,   0.0,   0.0,     0.0,    11.0,        ,     0.0,        ,     0.0,        ,     0.0,      
malonda02, 1978,     1, NYR , NHL , D  , 76.0, 11.0,  17.0,  28.0, 151.0, 17.0 ,  1.0,     ,  2.0,     ,  1.0, 0.0,  83.0,   17.0,   3.0,   4.0,     7.0,    45.0,        ,     0.0,        ,     1.0,        ,     0.0,      
malonda02, 1979,     1, NYR , NHL , D  , 77.0, 12.0,  25.0,  37.0, 186.0, 10.0 ,  3.0,     ,  0.0,     ,  0.0, 0.0, 102.0,    8.0,   2.0,   1.0,     3.0,     8.0,        ,     0.0,        ,     1.0,        ,     0.0,      
malonda02, 1980,     1, NYR , NHL , D  , 79.0, 11.0,  36.0,  47.0, 132.0, 24.0 ,  3.0,     ,  0.0,     ,  1.0, 0.0, 140.0,    2.0,   0.0,   2.0,     2.0,     9.0,        ,     0.0,        ,     0.0,        ,     0.0,      
malonda02, 1981,     1, NYR , NHL , D  , 64.0, 13.0,  36.0,  49.0, 105.0, 2.0  ,  6.0,     ,  1.0,     ,  3.0, 2.0, 107.0,   10.0,   1.0,   4.0,     5.0,     6.0,        ,     1.0,        ,     0.0,        ,     1.0,      
malonda02, 1982,     1, NYR , NHL , D  , 78.0,  8.0,  42.0,  50.0, 132.0, -3.0 ,  3.0,     ,  1.0,     ,  0.0, 0.0, 136.0,    7.0,   1.0,   6.0,     7.0,    10.0,        ,     0.0,        ,     0.0,        ,     0.0,      
malonda02, 1983,     1, NYR , NHL , D  , 68.0,  7.0,  26.0,  33.0, 168.0, 11.0 ,  2.0,     ,  0.0,     ,  1.0, 1.0,  76.0,    1.0,   0.0,   0.0,     0.0,     2.0, -1.0   ,     0.0,        ,     0.0,        ,     0.0,     3.0
malonda02, 1984,     1, NYR , NHL , D  , 16.0,  2.0,   1.0,   3.0,  10.0, 3.0  ,  0.0,     ,  0.0,     ,  0.0, 0.0,  16.0,       ,      ,      ,        ,        ,        ,        ,        ,        ,        ,        ,      
malonda02, 1984,     2, BUF , NHL , D  , 52.0,  1.0,  21.0,  22.0,  41.0, 20.0 ,  0.0,     ,  0.0,     ,  0.0, 0.0,  37.0,    1.0,   0.0,   0.0,     0.0,     0.0, 0.0    ,     0.0,        ,     0.0,        ,     0.0,     1.0
malondo01, 1978,     1, NYR , NHL , L  , 28.0,  9.0,  17.0,  26.0,  39.0, 4.0  ,  3.0,     ,  0.0,     ,  0.0, 0.0,  39.0,   18.0,   7.0,  13.0,    20.0,    19.0,        ,     0.0,        ,     0.0,        ,     1.0,      
malondo01, 1979,     1, NYR , NHL , L  , 79.0, 25.0,  48.0,  73.0,  97.0, -15.0,  6.0,     ,  1.0,     ,  3.0, 2.0, 123.0,    9.0,   0.0,   4.0,     4.0,    10.0,        ,     0.0,        ,     0.0,        ,     0.0,      
malondo01, 1980,     1, NYR , NHL , L  , 61.0, 29.0,  23.0,  52.0,  99.0, 17.0 ,  7.0,     ,  5.0,     ,  9.0, 1.0, 124.0,   13.0,   1.0,   6.0,     7.0,    13.0,        ,     1.0,        ,     0.0,        ,     0.0,      
malondo01, 1981,     1, NYR , NHL , L  , 54.0, 22.0,  36.0,  58.0,  73.0, 9.0  ,  6.0,     ,  1.0,     ,  5.0, 0.0,  99.0,   10.0,   5.0,   5.0,    10.0,    10.0,        ,     2.0,        ,     0.0,        ,     0.0,      
malondo01, 1982,     1, NYR , NHL , L  , 78.0, 29.0,  40.0,  69.0,  88.0, -5.0 , 14.0,     ,  1.0,     ,  2.0, 0.0, 133.0,    5.0,   0.0,   1.0,     1.0,     0.0,        ,     0.0,        ,     0.0,        ,     0.0,      
malondo01, 1983,     1, NYR , NHL , L  , 79.0, 24.0,  42.0,  66.0,  62.0, -5.0 ,  5.0,     ,  3.0,     ,  5.0, 1.0, 129.0,    5.0,   1.0,   4.0,     5.0,     0.0, 3.0    ,     0.0,        ,     0.0,        ,     0.0,    14.0
malondo01, 1984,     1, NYR , NHL , L  , 37.0, 11.0,  16.0,  27.0,  32.0, -9.0 ,  5.0,     ,  0.0,     ,  0.0, 0.0,  56.0,    3.0,   4.0,   0.0,     4.0,     2.0, 3.0    ,     2.0,        ,     0.0,        ,     0.0,     9.0
malondo01, 1985,     1, NYR , NHL , L  , 68.0, 11.0,  17.0,  28.0,  56.0, 18.0 ,  0.0,     ,  0.0,     ,  1.0, 0.0,  89.0,   16.0,   2.0,   1.0,     3.0,    31.0, -6.0   ,     0.0,        ,     0.0,        ,     0.0,    10.0
malondo01, 1986,     1, NYR , NHL , L  , 72.0, 19.0,  38.0,  57.0, 117.0, 7.0  ,  3.0,     ,  3.0,     ,  0.0, 0.0, 130.0,    6.0,   2.0,   1.0,     3.0,     6.0, 3.0    ,     0.0,        ,     0.0,        ,     0.0,    11.0
malondo01, 1987,     1, NYR , NHL , L  , 66.0, 12.0,  21.0,  33.0,  60.0, 12.0 ,  1.0,  0.0,  0.0,  1.0,  2.0, 0.0,  88.0,       ,      ,      ,        ,        ,        ,        ,        ,        ,        ,        ,      
malondo01, 1988,     1, NYR , NHL , L  , 31.0,  4.0,   9.0,  13.0,  16.0, 2.0  ,  0.0,     ,  0.0,  0.0,  0.0, 0.0,  38.0,       ,      ,      ,        ,        ,        ,        ,        ,        ,        ,        ,      
malondo01, 1988,     2, HAR , NHL , L  , 21.0,  3.0,  11.0,  14.0,  23.0, 1.0  ,  1.0,     ,  0.0,  0.0,  1.0, 0.0,  34.0,    4.0,   0.0,   0.0,     0.0,     8.0, -1.0   ,     0.0,     0.0,     0.0,     0.0,     0.0,     6.0
malondo01, 1989,     1, NYI , NHL , L  , 79.0, 16.0,  27.0,  43.0,  47.0, 6.0  ,  0.0,  2.0,  1.0,  4.0,  2.0, 0.0, 113.0,    5.0,   0.0,   0.0,     0.0,     2.0, -1.0   ,     0.0,     0.0,     0.0,     0.0,     0.0,     4.0
malondo01, 1990,     1, NYI , NHL , L  , 12.0,  0.0,   5.0,   5.0,   6.0, -3.0 ,  0.0,  0.0,  0.0,  0.0,  0.0, 0.0,  10.0,       ,      ,      ,        ,        ,        ,        ,        ,        ,        ,        ,      
malonfo01, 1914,     1, TBS , NHA ,    ,  7.0,  1.0,   1.0,   2.0,   0.0,      ,     ,     ,     ,     ,     ,    ,      ,       ,      ,      ,        ,        ,        ,        ,        ,        ,        ,        ,      
malongr01, 1976,     1, PIT , NHL , C  , 66.0, 18.0,  19.0,  37.0,  43.0, 3.0  ,  4.0,     ,  0.0,     ,  1.0, 1.0, 121.0,    3.0,   1.0,   1.0,     2.0,     2.0,        ,     0.0,        ,     0.0,        ,     1.0,      
malongr01, 1977,     1, PIT , NHL , C  , 78.0, 18.0,  43.0,  61.0,  80.0, -16.0,  2.0,     ,  0.0,     ,  1.0, 0.0, 179.0,       ,      ,      ,        ,        ,        ,        ,        ,        ,        ,        ,      
malongr01, 1978,     1, PIT , NHL , C  , 80.0, 35.0,  30.0,  65.0,  52.0, 6.0  ,  8.0,     ,  0.0,     ,  5.0, 0.0, 198.0,    7.0,   0.0,   1.0,     1.0,    10.0,        ,     0.0,        ,     0.0,        ,     0.0,      
malongr01, 1979,     1, PIT , NHL , C  , 51.0, 19.0,  32.0,  51.0,  46.0, 4.0  ,  5.0,     ,  0.0,     ,  2.0, 1.0, 103.0,       ,      ,      ,        ,        ,        ,        ,        ,        ,        ,        ,      
malongr01, 1980,     1, PIT , NHL , C  , 62.0, 21.0,  29.0,  50.0,  68.0, -14.0,  5.0,     ,  0.0,     ,  2.0, 2.0, 144.0,    5.0,   2.0,   3.0,     5.0,    16.0,        ,     0.0,        ,     0.0,        ,     0.0,      
malongr01, 1981,     1, PIT , NHL , C  , 78.0, 15.0,  24.0,  39.0, 125.0, -24.0,  3.0,     ,  0.0,     ,  2.0, 2.0, 120.0,    3.0,   0.0,   0.0,     0.0,     4.0,        ,     0.0,        ,     0.0,        ,     0.0,      
malongr01, 1982,     1, PIT , NHL , C  , 80.0, 17.0,  44.0,  61.0,  82.0, -29.0,  3.0,     ,  0.0,     ,  0.0, 1.0, 158.0,       ,      ,      ,        ,        ,        ,        ,        ,        ,        ,        ,      
malongr01, 1983,     1, HAR , NHL , C  , 78.0, 17.0,  37.0,  54.0,  56.0, -10.0,  3.0,     ,  0.0,     ,  2.0, 0.0, 124.0,       ,      ,      ,        ,        ,        ,        ,        ,        ,        ,        ,      
malongr01, 1984,     1, HAR , NHL , C  , 76.0, 22.0,  39.0,  61.0,  67.0, -16.0,  6.0,     ,  0.0,     ,  4.0, 0.0, 131.0,       ,      ,      ,        ,        ,        ,        ,        ,        ,        ,        ,      
malongr01, 1985,     1, HAR , NHL , C  , 22.0,  6.0,   7.0,  13.0,  24.0, -5.0 ,  1.0,     ,  0.0,     ,  0.0, 0.0,  35.0,       ,      ,      ,        ,        ,        ,        ,        ,        ,        ,        ,      
malongr01, 1985,     2, QUE , NHL , C  , 27.0,  3.0,   5.0,   8.0,  18.0, -3.0 ,  0.0,     ,  0.0,     ,  0.0, 0.0,  26.0,    1.0,   0.0,   0.0,     0.0,     0.0, -1.0   ,     0.0,        ,     0.0,        ,     0.0,     0.0
malongr01, 1986,     1, QUE , NHL , C  ,  6.0,  0.0,   1.0,   1.0,   0.0, 0.0  ,  0.0,     ,  0.0,     ,  0.0, 0.0,   6.0,    1.0,   0.0,   0.0,     0.0,     0.0, 0.0    ,     0.0,        ,     0.0,        ,     0.0,     0.0
malonje01, 1910,     1, QU1 , NHA ,    ,  1.0,  0.0,   0.0,   0.0,   6.0,      ,     ,     ,     ,     ,     ,    ,      ,       ,      ,      ,        ,        ,        ,        ,        ,        ,        ,        ,      
malonje01, 1911,     1, MOW , NHA ,    ,  1.0,  0.0,   0.0,   0.0,   0.0,      ,     ,     ,     ,     ,     ,    ,      ,       ,      ,      ,        ,        ,        ,        ,        ,        ,        ,        ,      
malonje01, 1912,     1, QU1 , NHA ,    ,  3.0,  0.0,   0.0,   0.0,   0.0,      ,     ,     ,     ,     ,     ,    ,      ,       ,      ,      ,        ,        ,        ,        ,        ,        ,        ,        ,      
malonje01, 1913,     1, QU1 , NHA ,    ,  1.0,  0.0,   0.0,   0.0,   0.0,      ,     ,     ,     ,     ,     ,    ,      ,       ,      ,      ,        ,        ,        ,        ,        ,        ,        ,        ,      
malonjo01, 1910,     1, QU1 , NHA ,    , 11.0,  9.0,   0.0,   9.0,   3.0,      ,     ,     ,     ,     ,     ,    ,      ,       ,      ,      ,        ,        ,        ,        ,        ,        ,        ,        ,      
malonjo01, 1911,     1, QU1 , NHA ,    , 18.0, 21.0,   0.0,  21.0,   0.0,      ,     ,     ,     ,     ,     ,    ,      ,       ,      ,      ,        ,        ,        ,        ,        ,        ,        ,        ,      
malonjo01, 1912,     1, QU1 , NHA ,    , 20.0, 43.0,   0.0,  43.0,  34.0,      ,     ,     ,     ,     ,     ,    ,      ,       ,      ,      ,        ,        ,        ,        ,        ,        ,        ,        ,      
malonjo01, 1913,     1, QU1 , NHA ,    , 19.0, 24.0,   4.0,  28.0,  20.0,      ,     ,     ,     ,     ,     ,    ,      ,       ,      ,      ,        ,        ,        ,        ,        ,        ,        ,        ,      
malonjo01, 1914,     1, QU1 , NHA ,    , 13.0, 16.0,   5.0,  21.0,  21.0,      ,     ,     ,     ,     ,     ,    ,      ,       ,      ,      ,        ,        ,        ,        ,        ,        ,        ,        ,      
malonjo01, 1915,     1, QU1 , NHA ,    , 24.0, 25.0,  10.0,  35.0,  21.0,      ,     ,     ,     ,     ,     ,    ,      ,       ,      ,      ,        ,        ,        ,        ,        ,        ,        ,        ,      
malonjo01, 1916,     1, QU1 , NHA ,    , 19.0, 41.0,   7.0,  48.0,  12.0,      ,     ,     ,     ,     ,     ,    ,      ,       ,      ,      ,        ,        ,        ,        ,        ,        ,        ,        ,      
malonjo01, 1917,     1, MTL , NHL , L/C, 20.0, 44.0,   4.0,  48.0,  30.0,      ,     ,     ,     ,     ,  4.0,    ,      ,    2.0,   1.0,   0.0,     1.0,     3.0,        ,        ,        ,        ,        ,        ,      
malonjo01, 1918,     1, MTL , NHL , L/C,  8.0,  7.0,   2.0,   9.0,   3.0,      ,     ,     ,     ,     ,     ,    ,      ,    5.0,   5.0,   2.0,     7.0,     3.0,        ,        ,        ,        ,        ,        ,      
malonjo01, 1919,     1, QUB , NHL , L/C, 24.0, 39.0,  10.0,  49.0,  12.0,      ,     ,     ,     ,     ,     ,    ,      ,       ,      ,      ,        ,        ,        ,        ,        ,        ,        ,        ,      
malonjo01, 1920,     1, HAM , NHL , L/C, 20.0, 28.0,   9.0,  37.0,   6.0,      ,     ,     ,     ,     ,     ,    ,      ,       ,      ,      ,        ,        ,        ,        ,        ,        ,        ,        ,      
malonjo01, 1921,     1, HAM , NHL , C  , 24.0, 24.0,   7.0,  31.0,   4.0,      ,     ,     ,     ,     ,     ,    ,      ,       ,      ,      ,        ,        ,        ,        ,        ,        ,        ,        ,      
malonjo01, 1922,     1, MTL , NHL , C  , 20.0,  1.0,   0.0,   1.0,   2.0,      ,     ,     ,     ,     ,     ,    ,      ,    2.0,   0.0,   0.0,     0.0,     0.0,        ,        ,        ,        ,        ,        ,      
malonjo01, 1923,     1, MTL , NHL , C  , 10.0,  0.0,   0.0,   0.0,   0.0,      ,     ,     ,     ,     ,     ,    ,      ,       ,      ,      ,        ,        ,        ,        ,        ,        ,        ,        ,      
malonph01, 1949,     1, BOS , NHL , C  , 70.0, 15.0,  31.0,  46.0,   6.0,      ,     ,     ,     ,     ,     ,    ,      ,       ,      ,      ,        ,        ,        ,        ,        ,        ,        ,        ,      
malonph01, 1950,     1, BOS , NHL , C  , 13.0,  2.0,   0.0,   2.0,   2.0,      ,     ,     ,     ,     ,     ,    ,      ,       ,      ,      ,        ,        ,        ,        ,        ,        ,        ,        ,      
malonph01, 1950,     2, TOR , NHL , C  ,  1.0,  1.0,   0.0,   1.0,   0.0,      ,     ,     ,     ,     ,     ,    ,      ,       ,      ,      ,        ,        ,        ,        ,        ,        ,        ,        ,      
malonph01, 1952,     1, TOR , NHL , C  , 29.0,  2.0,   6.0,   8.0,   2.0,      ,     ,     ,     ,     ,     ,    ,      ,       ,      ,      ,        ,        ,        ,        ,        ,        ,        ,        ,      
malonph01, 1958,     1, CHI , NHL , C  , 24.0,  2.0,   2.0,   4.0,   6.0,      ,     ,     ,     ,     ,     ,    ,      ,    6.0,   0.0,   0.0,     0.0,     0.0,        ,        ,        ,        ,        ,        ,      
malonph01, 1959,     1, CHI , NHL , C  , 21.0,  6.0,   4.0,  10.0,   0.0,      ,     ,     ,     ,     ,     ,    ,      ,       ,      ,      ,        ,        ,        ,        ,        ,        ,        ,        ,      
malonry01, 2003,     1, PIT , NHL , L  , 81.0, 22.0,  21.0,  43.0,  64.0, -23.0,  5.0,  8.0,  3.0,  1.0,  4.0, 0.0, 139.0,       ,      ,      ,        ,        ,        ,        ,        ,        ,        ,        ,      
malonry01, 2005,     1, PIT , NHL , L  , 77.0, 22.0,  22.0,  44.0,  63.0, -22.0, 10.0,  7.0,  5.0,  2.0,  1.0,    , 153.0,       ,      ,      ,        ,        ,        ,        ,        ,        ,        ,        ,      
malonry01, 2006,     1, PIT , NHL , L  , 64.0, 16.0,  15.0,  31.0,  71.0, 4.0  ,  1.0,  4.0,  1.0,  1.0,  0.0,    , 125.0,    5.0,   0.0,   0.0,     0.0,     0.0, -4.0   ,     0.0,     0.0,     0.0,     0.0,     0.0,     7.0
malonry01, 2007,     1, PIT , NHL , L  , 77.0, 27.0,  24.0,  51.0, 103.0, 14.0 , 11.0,  5.0,  2.0,  1.0,  6.0,    , 159.0,   20.0,   6.0,  10.0,    16.0,    25.0, 4.0    ,     3.0,     4.0,     0.0,     0.0,     2.0,    43.0
malonry01, 2008,     1, TBL , NHL , L  , 70.0, 26.0,  19.0,  45.0,  98.0, 4.0  ,  7.0,  4.0,  0.0,  0.0,  3.0,    , 124.0,       ,      ,      ,        ,        ,        ,        ,        ,        ,        ,        ,      
malonry01, 2009,     1, TBL , NHL , L  , 69.0, 21.0,  26.0,  47.0,  68.0, -8.0 ,  7.0,  8.0,  0.0,  1.0,  7.0,    , 172.0,       ,      ,      ,        ,        ,        ,        ,        ,        ,        ,        ,      
malonsa01, 1913,     1, MOC , NHA ,    ,  1.0,  0.0,   0.0,   0.0,   0.0,      ,     ,     ,     ,     ,     ,    ,      ,       ,      ,      ,        ,        ,        ,        ,        ,        ,        ,        ,      
malonsa01, 1916,     1, MOC , NHA ,    ,  8.0,  1.0,   0.0,   1.0,   0.0,      ,     ,     ,     ,     ,     ,    ,      ,    1.0,   0.0,      ,        ,        ,        ,        ,        ,        ,        ,        ,      
malta01  , 1916,     1, MOC , NHA ,    ,  1.0,  0.0,   0.0,   0.0,   0.0,      ,     ,     ,     ,     ,     ,    ,      ,       ,      ,      ,        ,        ,        ,        ,        ,        ,        ,        ,      
maltast01, 1989,     1, WAS , NHL , L  ,  8.0,  0.0,   0.0,   0.0,   2.0, -2.0 ,  0.0,  0.0,  0.0,  0.0,  0.0, 0.0,  11.0,    1.0,   0.0,   0.0,     0.0,     0.0, -1.0   ,     0.0,     0.0,     0.0,     0.0,     0.0,     0.0
maltast01, 1990,     1, WAS , NHL , L  ,  7.0,  0.0,   0.0,   0.0,   2.0, -1.0 ,  0.0,  0.0,  0.0,  0.0,  0.0, 0.0,   3.0,       ,      ,      ,        ,        ,        ,        ,        ,        ,        ,        ,      
maltast01, 1991,     1, MNS , NHL , L  , 12.0,  2.0,   1.0,   3.0,   2.0, -1.0 ,  0.0,  0.0,  0.0,  0.0,  0.0, 0.0,   6.0,       ,      ,      ,        ,        ,        ,        ,        ,        ,        ,        ,      
maltast01, 1992,     1, TBL , NHL , L  , 63.0,  7.0,  13.0,  20.0,  35.0, -20.0,  4.0,  5.0,  0.0,  0.0,  1.0, 0.0,  96.0,       ,      ,      ,        ,        ,        ,        ,        ,        ,        ,        ,      
maltast01, 1993,     1, DET , NHL , L  ,  4.0,  0.0,   1.0,   1.0,   0.0, -1.0 ,  0.0,  0.0,  0.0,  0.0,  0.0, 0.0,   2.0,       ,      ,      ,        ,        ,        ,        ,        ,        ,        ,        ,      
maltast01, 2000,     1, CBS , NHL , R  , 26.0,  0.0,   3.0,   3.0,  12.0, -9.0 ,  0.0,  1.0,  0.0,  0.0,  0.0, 0.0,  30.0,       ,      ,      ,        ,        ,        ,        ,        ,        ,        ,        ,      
maltbki01, 1993,     1, EDM , NHL , R  , 68.0, 11.0,   8.0,  19.0,  74.0, -2.0 ,  0.0,  0.0,  1.0,  0.0,  1.0, 0.0,  89.0,       ,      ,      ,        ,        ,        ,        ,        ,        ,        ,        ,      
maltbki01, 1994,     1, EDM , NHL , R  , 47.0,  8.0,   3.0,  11.0,  49.0, -11.0,  0.0,  1.0,  2.0,  0.0,  1.0, 1.0,  73.0,       ,      ,      ,        ,        ,        ,        ,        ,        ,        ,        ,      
maltbki01, 1995,     1, EDM , NHL , R  , 49.0,  2.0,   6.0,   8.0,  61.0, -16.0,  0.0,  2.0,  0.0,  0.0,  1.0, 0.0,  51.0,       ,      ,      ,        ,        ,        ,        ,        ,        ,        ,        ,      
maltbki01, 1995,     2, DET , NHL , R  ,  6.0,  1.0,   0.0,   1.0,   6.0, 0.0  ,  0.0,  0.0,  0.0,  0.0,  0.0, 0.0,   4.0,    8.0,   0.0,   1.0,     1.0,     4.0, 0.0    ,     0.0,     0.0,     0.0,     0.0,     0.0,     5.0
maltbki01, 1996,     1, DET , NHL , L  , 66.0,  3.0,   5.0,   8.0,  75.0, 3.0  ,  0.0,  0.0,  0.0,  1.0,  0.0, 0.0,  62.0,   20.0,   5.0,   2.0,     7.0,    24.0, 6.0    ,     0.0,     0.0,     1.0,     0.0,     1.0,    35.0
maltbki01, 1997,     1, DET , NHL , L  , 65.0, 14.0,   9.0,  23.0,  89.0, 11.0 ,  2.0,  0.0,  1.0,  0.0,  3.0, 0.0, 106.0,   22.0,   3.0,   1.0,     4.0,    30.0, 2.0    ,     0.0,     0.0,     1.0,     1.0,     0.0,    31.0
maltbki01, 1998,     1, DET , NHL , R  , 53.0,  8.0,   6.0,  14.0,  34.0, -6.0 ,  0.0,  1.0,  1.0,  0.0,  2.0, 0.0,  76.0,   10.0,   1.0,   0.0,     1.0,     8.0, -2.0   ,     0.0,     0.0,     0.0,     0.0,     1.0,    13.0
maltbki01, 1999,     1, DET , NHL , R  , 41.0,  6.0,   8.0,  14.0,  24.0, 1.0  ,  0.0,  0.0,  2.0,  0.0,  1.0, 0.0,  71.0,    8.0,   0.0,   1.0,     1.0,     4.0, 0.0    ,     0.0,     0.0,     0.0,     0.0,     0.0,     8.0
maltbki01, 2000,     1, DET , NHL , R  , 79.0, 12.0,   7.0,  19.0,  22.0, 16.0 ,  1.0,  1.0,  3.0,  1.0,  3.0, 0.0, 119.0,    6.0,   0.0,   0.0,     0.0,     6.0, -3.0   ,     0.0,     0.0,     0.0,     0.0,     0.0,    12.0
maltbki01, 2001,     1, DET , NHL , L  , 82.0,  9.0,  15.0,  24.0,  40.0, 15.0 ,  0.0,  0.0,  1.0,  0.0,  5.0, 0.0, 108.0,   23.0,   3.0,   3.0,     6.0,    32.0, 7.0    ,     0.0,     0.0,     2.0,     0.0,     0.0,    36.0
maltbki01, 2002,     1, DET , NHL , L  , 82.0, 14.0,  23.0,  37.0,  91.0, 17.0 ,  0.0,  1.0,  4.0,  1.0,  1.0, 0.0, 116.0,    4.0,   0.0,   0.0,     0.0,     4.0, -2.0   ,     0.0,     0.0,     0.0,     0.0,     0.0,     7.0
maltbki01, 2003,     1, DET , NHL , L  , 79.0, 14.0,  19.0,  33.0,  80.0, 24.0 ,  1.0,  0.0,  4.0,  3.0,  4.0, 0.0, 123.0,   12.0,   1.0,   3.0,     4.0,    11.0, 2.0    ,     0.0,     0.0,     0.0,     0.0,     0.0,    18.0
maltbki01, 2005,     1, DET , NHL , R  , 82.0,  5.0,   6.0,  11.0,  80.0, -9.0 ,  0.0,  0.0,  1.0,  1.0,  0.0,    , 115.0,    6.0,   2.0,   1.0,     3.0,     4.0, 2.0    ,     0.0,     0.0,     0.0,     0.0,     1.0,    12.0
maltbki01, 2006,     1, DET , NHL , L  , 82.0,  6.0,   5.0,  11.0,  50.0, -9.0 ,  0.0,  0.0,  0.0,  0.0,  0.0,    , 113.0,   18.0,   1.0,   1.0,     2.0,    10.0, 0.0    ,     0.0,     0.0,     1.0,     1.0,     0.0,    20.0
maltbki01, 2007,     1, DET , NHL , L  , 61.0,  6.0,   4.0,  10.0,  32.0, -8.0 ,  0.0,  0.0,  0.0,  0.0,  1.0,    ,  70.0,   12.0,   0.0,   1.0,     1.0,    10.0, 0.0    ,     0.0,     0.0,     0.0,     0.0,     0.0,    10.0
maltbki01, 2008,     1, DET , NHL , L  , 78.0,  5.0,   6.0,  11.0,  28.0, -9.0 ,  0.0,  0.0,  0.0,  0.0,  1.0,    ,  58.0,   20.0,   0.0,   1.0,     1.0,     2.0, -1.0   ,     0.0,     0.0,     0.0,     0.0,     0.0,    12.0
maltbki01, 2009,     1, DET , NHL , L  , 52.0,  4.0,   2.0,   6.0,  32.0, 1.0  ,  0.0,  0.0,  1.0,  0.0,  0.0,    ,  43.0,       ,      ,      ,        ,        ,        ,        ,        ,        ,        ,        ,      
malutra01, 1975,     1, BOS , NHL , D  ,  2.0,  0.0,   0.0,   0.0,   2.0, -3.0 ,  0.0,     ,  0.0,     ,  0.0, 0.0,   2.0,    2.0,   0.0,   0.0,     0.0,     0.0,        ,     0.0,        ,     0.0,        ,     0.0,      
malutra01, 1976,     1, BOS , NHL , D  , 23.0,  2.0,   3.0,   5.0,   4.0, 4.0  ,  0.0,     ,  0.0,     ,  0.0, 0.0,  24.0,       ,      ,      ,        ,        ,        ,        ,        ,        ,        ,        ,      
manasto01, 1950,     1, MTL , NHL , D  ,  6.0,  0.0,   0.0,   0.0,  11.0,      ,     ,     ,     ,     ,     ,    ,      ,       ,      ,      ,        ,        ,        ,        ,        ,        ,        ,        ,      
mancama01, 2006,     1, BUF , NHL , R  ,  3.0,  0.0,   1.0,   1.0,   2.0, -1.0 ,  0.0,  0.0,  0.0,  0.0,  0.0,    ,   1.0,       ,      ,      ,        ,        ,        ,        ,        ,        ,        ,        ,      
mancama01, 2008,     1, BUF , NHL , R  ,  7.0,  1.0,   1.0,   2.0,   4.0, -4.0 ,  0.0,  1.0,  0.0,  0.0,  0.0,    ,  21.0,       ,      ,      ,        ,        ,        ,        ,        ,        ,        ,        ,      
mancama01, 2009,     1, BUF , NHL , R  ,  6.0,  1.0,   1.0,   2.0,   4.0, 3.0  ,  0.0,  0.0,  0.0,  0.0,  0.0,    ,  19.0,       ,      ,      ,        ,        ,        ,        ,        ,        ,        ,        ,      
mancugu01, 1937,     1, MTL , NHL , R  , 17.0,  1.0,   1.0,   2.0,   4.0,      ,     ,     ,     ,     ,     ,    ,      ,       ,      ,      ,        ,        ,        ,        ,        ,        ,        ,        ,      
mancugu01, 1938,     1, MTL , NHL , R  ,  2.0,  0.0,   0.0,   0.0,   0.0,      ,     ,     ,     ,     ,     ,    ,      ,       ,      ,      ,        ,        ,        ,        ,        ,        ,        ,        ,      
mancugu01, 1939,     1, MTL , NHL , R  ,  2.0,  0.0,   0.0,   0.0,   0.0,      ,     ,     ,     ,     ,     ,    ,      ,       ,      ,      ,        ,        ,        ,        ,        ,        ,        ,        ,      
mancugu01, 1942,     1, NYR , NHL , R  , 21.0,  6.0,   8.0,  14.0,  13.0,      ,     ,     ,     ,     ,     ,    ,      ,       ,      ,      ,        ,        ,        ,        ,        ,        ,        ,        ,      
mandeke01, 1991,     1, TOR , NHL , L  , 15.0,  0.0,   4.0,   4.0,   0.0, 1.0  ,  0.0,  0.0,  0.0,  0.0,  0.0, 0.0,  14.0,       ,      ,      ,        ,        ,        ,        ,        ,        ,        ,        ,      
mandeke01, 1992,     1, TOR , NHL , L  , 18.0,  1.0,   1.0,   2.0,  17.0, -9.0 ,  0.0,  0.0,  0.0,  0.0,  1.0, 0.0,  15.0,   18.0,   1.0,   0.0,     1.0,     8.0, -1.0   ,     0.0,     0.0,     0.0,     0.0,     0.0,    17.0
mandeke01, 1993,     1, TOR , NHL , L  , 67.0,  7.0,   9.0,  16.0,  63.0, 5.0  ,  0.0,  0.0,  0.0,  0.0,  1.0, 0.0,  81.0,   12.0,   1.0,   0.0,     1.0,     4.0, -1.0   ,     0.0,     0.0,     1.0,     0.0,     0.0,    13.0
mandeke01, 1994,     1, TOR , NHL , L  , 36.0,  0.0,   1.0,   1.0,  22.0, -2.0 ,  0.0,  0.0,  0.0,  0.0,  0.0, 0.0,  43.0,    7.0,   0.0,   0.0,     0.0,     6.0, -3.0   ,     0.0,     0.0,     0.0,     0.0,     0.0,     6.0
mandeke01, 1995,     1, EDM , NHL , L  , 37.0,  3.0,   5.0,   8.0,  38.0, -5.0 ,  0.0,  0.0,  2.0,  2.0,  0.0, 0.0,  63.0,       ,      ,      ,        ,        ,        ,        ,        ,        ,        ,        ,      
mandeke01, 1996,     1, HAR , NHL , C  , 44.0,  6.0,   5.0,  11.0,  18.0, 3.0  ,  0.0,  0.0,  0.0,  1.0,  1.0, 0.0,  51.0,       ,      ,      ,        ,        ,        ,        ,        ,        ,        ,        ,      
mandeke01, 1997,     1, CAR , NHL , C  , 77.0,  4.0,   4.0,   8.0,  31.0, -6.0 ,  0.0,  0.0,  0.0,  1.0,  0.0, 0.0,  80.0,       ,      ,      ,        ,        ,        ,        ,        ,        ,        ,        ,      
mandeke01, 1998,     1, CAR , NHL , L  , 81.0,  5.0,  11.0,  16.0,  38.0, 9.0  ,  0.0,  0.0,  0.0,  0.0,  0.0, 0.0,  71.0,    6.0,   0.0,   0.0,     0.0,     2.0, 0.0    ,     0.0,     0.0,     0.0,     0.0,     0.0,     6.0
mandeke01, 1999,     1, CAR , NHL , C  , 56.0,  1.0,   4.0,   5.0,  12.0, -8.0 ,  0.0,  0.0,  0.0,  0.0,  1.0, 0.0,  45.0,       ,      ,      ,        ,        ,        ,        ,        ,        ,        ,        ,      
mandeke01, 1999,     2, PHI , NHL , C  , 13.0,  0.0,   3.0,   3.0,   4.0, 2.0  ,  0.0,  0.0,  0.0,  0.0,  0.0, 0.0,  17.0,   18.0,   0.0,   1.0,     1.0,    22.0, -3.0   ,     0.0,     0.0,     0.0,     0.0,     0.0,    28.0
mandeke01, 2000,     1, PHI , NHL , C  , 82.0,  5.0,  10.0,  15.0,  47.0, -2.0 ,  0.0,  0.0,  3.0,  1.0,  2.0, 0.0, 136.0,    6.0,   1.0,   2.0,     3.0,     2.0, 2.0    ,     0.0,     0.0,     0.0,     1.0,     0.0,     8.0
mandeke01, 2001,     1, PHI , NHL , C  , 34.0,  2.0,   5.0,   7.0,   8.0, 2.0  ,  0.0,  0.0,  0.0,  1.0,  0.0, 0.0,  39.0,       ,      ,      ,        ,        ,        ,        ,        ,        ,        ,        ,      
mandeke01, 2001,     2, PIT , NHL , C  ,  4.0,  1.0,   0.0,   1.0,   4.0, 1.0  ,  0.0,  0.0,  0.0,  0.0,  0.0, 0.0,   4.0,       ,      ,      ,        ,        ,        ,        ,        ,        ,        ,        ,      
mandeke01, 2002,     1, PIT , NHL , C  , 82.0,  2.0,   5.0,   7.0,  46.0, -22.0,  0.0,  0.0,  0.0,  0.0,  1.0, 0.0,  72.0,       ,      ,      ,        ,        ,        ,        ,        ,        ,        ,        ,      
mandida01, 1982,     1, MNS , NHL , D  , 67.0,  3.0,   4.0,   7.0, 169.0, 0.0  ,  0.0,     ,  0.0,     ,  1.0, 1.0,  49.0,    7.0,   0.0,   0.0,     0.0,     2.0,        ,     0.0,        ,     0.0,        ,     0.0,      
mandida01, 1983,     1, MNS , NHL , D  , 31.0,  2.0,   7.0,   9.0,  77.0, -6.0 ,  0.0,     ,  0.0,     ,  0.0, 0.0,  29.0,       ,      ,      ,        ,        ,        ,        ,        ,        ,        ,        ,      
mandida01, 1984,     1, MNS , NHL , D  , 10.0,  0.0,   0.0,   0.0,  32.0, -3.0 ,  0.0,     ,  0.0,     ,  0.0, 0.0,   4.0,       ,      ,      ,        ,        ,        ,        ,        ,        ,        ,        ,      
mandida01, 1985,     1, MNS , NHL , D  ,  3.0,  0.0,   0.0,   0.0,  25.0, 0.0  ,  0.0,     ,  0.0,     ,  0.0, 0.0,   0.0,       ,      ,      ,        ,        ,        ,        ,        ,        ,        ,        ,      
manelge01, 1990,     1, NYI , NHL , G  ,  4.0,  0.0,   0.0,   0.0,   2.0, 0.0  ,  0.0,  0.0,  0.0,  0.0,  0.0, 0.0,   0.0,       ,      ,      ,        ,        ,        ,        ,        ,        ,        ,        ,      
manelmi01, 1998,     1, PHI , NHL , R  , 13.0,  2.0,   6.0,   8.0,   8.0, 4.0  ,  0.0,  1.0,  0.0,  0.0,  0.0, 0.0,  23.0,       ,      ,      ,        ,        ,        ,        ,        ,        ,        ,        ,      
manelmi01, 1998,     2, CHI , NHL , R  , 28.0,  4.0,   3.0,   7.0,   8.0, 2.0  ,  1.0,  0.0,  0.0,  0.0,  1.0, 0.0,  29.0,       ,      ,      ,        ,        ,        ,        ,        ,        ,        ,        ,      
manelmi01, 1998,     3, NYR , NHL , R  ,  4.0,  0.0,   0.0,   0.0,   4.0, -1.0 ,  0.0,  0.0,  0.0,  0.0,  0.0, 0.0,   3.0,       ,      ,      ,        ,        ,        ,        ,        ,        ,        ,        ,      
manelmi01, 1999,     1, PHI , NHL , R  ,  1.0,  0.0,   0.0,   0.0,   4.0, 0.0  ,  0.0,  0.0,  0.0,  0.0,  0.0, 0.0,   2.0,       ,      ,      ,        ,        ,        ,        ,        ,        ,        ,        ,      
manelmi01, 2000,     1, CBS , NHL , R  , 39.0,  5.0,   1.0,   6.0,  33.0, -11.0,  2.0,  1.0,  0.0,  0.0,  2.0, 0.0,  31.0,       ,      ,      ,        ,        ,        ,        ,        ,        ,        ,        ,      
manerkr01, 1977,     1, CLE , NHL , C  , 78.0, 22.0,  27.0,  49.0,  14.0, -15.0,  7.0,     ,  0.0,     ,  1.0, 1.0, 188.0,       ,      ,      ,        ,        ,        ,        ,        ,        ,        ,        ,      
manerkr01, 1978,     1, MNS , NHL , C  , 60.0, 17.0,  19.0,  36.0,  16.0, -13.0,  3.0,     ,  0.0,     ,  1.0, 1.0, 126.0,       ,      ,      ,        ,        ,        ,        ,        ,        ,        ,        ,      
manerkr01, 1979,     1, MNS , NHL , C  , 28.0,  3.0,   4.0,   7.0,  16.0, -5.0 ,  0.0,     ,  0.0,     ,  0.0, 1.0,  40.0,       ,      ,      ,        ,        ,        ,        ,        ,        ,        ,        ,      
manerkr01, 1979,     2, VAN , NHL , C  , 21.0,  2.0,   1.0,   3.0,  15.0, -6.0 ,  0.0,     ,  0.0,     ,  0.0, 0.0,  34.0,       ,      ,      ,        ,        ,        ,        ,        ,        ,        ,        ,      
manerkr01, 1979,     3, WIN , NHL , C  , 16.0,  6.0,   4.0,  10.0,   6.0, -8.0 ,  4.0,     ,  0.0,     ,  0.0, 0.0,  36.0,       ,      ,      ,        ,        ,        ,        ,        ,        ,        ,        ,      
manerkr01, 1980,     1, WIN , NHL , C  , 47.0, 13.0,   9.0,  22.0,  24.0, -15.0,  4.0,     ,  1.0,     ,  0.0, 0.0,  82.0,       ,      ,      ,        ,        ,        ,        ,        ,        ,        ,        ,      
manerra01, 1970,     1, DET , NHL , D  ,  2.0,  0.0,   0.0,   0.0,   0.0, -1.0 ,  0.0,     ,  0.0,     ,  0.0, 0.0,   3.0,       ,      ,      ,        ,        ,        ,        ,        ,        ,        ,        ,      
manerra01, 1971,     1, DET , NHL , D  ,  1.0,  0.0,   0.0,   0.0,   0.0, 0.0  ,  0.0,     ,  0.0,     ,  0.0, 0.0,   0.0,       ,      ,      ,        ,        ,        ,        ,        ,        ,        ,        ,      
manerra01, 1972,     1, ATF , NHL , D  , 78.0,  5.0,  30.0,  35.0,  44.0, -2.0 ,  2.0,     ,  1.0,     ,  0.0, 0.0, 159.0,       ,      ,      ,        ,        ,        ,        ,        ,        ,        ,        ,      
manerra01, 1973,     1, ATF , NHL , D  , 78.0,  8.0,  29.0,  37.0,  75.0, 15.0 ,  2.0,     ,  0.0,     ,  1.0, 0.0, 189.0,    4.0,   0.0,   2.0,     2.0,     4.0,        ,     0.0,        ,     0.0,        ,     0.0,      
manerra01, 1974,     1, ATF , NHL , D  , 68.0,  5.0,  27.0,  32.0,  48.0, 18.0 ,  3.0,     ,  0.0,     ,  0.0, 0.0, 118.0,       ,      ,      ,        ,        ,        ,        ,        ,        ,        ,        ,      
manerra01, 1975,     1, ATF , NHL , D  , 80.0,  7.0,  32.0,  39.0,  42.0, 2.0  ,  3.0,     ,  0.0,     ,  3.0, 0.0, 139.0,    2.0,   0.0,   0.0,     0.0,     0.0,        ,     0.0,        ,     0.0,        ,     0.0,      
manerra01, 1976,     1, ATF , NHL , D  , 73.0,  5.0,  24.0,  29.0,  33.0, -2.0 ,  0.0,     ,  0.0,     ,  2.0, 0.0, 108.0,    3.0,   0.0,   0.0,     0.0,     0.0,        ,     0.0,        ,     0.0,        ,     0.0,      
manerra01, 1977,     1, LAK , NHL , D  , 79.0,  6.0,  27.0,  33.0,  61.0, -12.0,  3.0,     ,  0.0,     ,  0.0, 1.0, 173.0,    2.0,   0.0,   0.0,     0.0,     2.0,        ,     0.0,        ,     0.0,        ,     0.0,      
manerra01, 1978,     1, LAK , NHL , D  , 71.0,  8.0,  27.0,  35.0,  64.0, 6.0  ,  2.0,     ,  0.0,     ,  2.0, 0.0, 116.0,    2.0,   0.0,   0.0,     0.0,     6.0,        ,     0.0,        ,     0.0,        ,     0.0,      
manerra01, 1979,     1, LAK , NHL , D  , 52.0,  6.0,  10.0,  16.0,  48.0, -13.0,  3.0,     ,  0.0,     ,  0.0, 0.0,  73.0,       ,      ,      ,        ,        ,        ,        ,        ,        ,        ,        ,      
maniace01, 1960,     1, TOR , NHL , G  ,  7.0,  0.0,   0.0,   0.0,   2.0,      ,     ,     ,     ,     ,     ,    ,      ,    2.0,   0.0,   0.0,     0.0,     0.0,        ,        ,        ,        ,        ,     0.0,      
maniace01, 1962,     1, MTL , NHL , G  , 14.0,  0.0,   0.0,   0.0,   2.0,      ,     ,     ,     ,     ,     ,    ,      ,       ,      ,      ,        ,        ,        ,        ,        ,        ,        ,        ,      
maniace01, 1965,     1, NYR , NHL , G  , 28.0,  0.0,   2.0,   2.0,   2.0,      ,  0.0,     ,  0.0,     ,  0.0, 0.0,      ,       ,      ,      ,        ,        ,        ,        ,        ,        ,        ,        ,      
maniace01, 1966,     1, NYR , NHL , G  ,  6.0,  0.0,   0.0,   0.0,   0.0,      ,  0.0,     ,  0.0,     ,  0.0, 0.0,      ,       ,      ,      ,        ,        ,        ,        ,        ,        ,        ,        ,      
maniace01, 1967,     1, MNS , NHL , G  , 52.0,  0.0,   0.0,   0.0,  12.0, 0.0  ,  0.0,     ,  0.0,     ,  0.0, 0.0,   0.0,   14.0,   0.0,   0.0,     0.0,     0.0,        ,     0.0,        ,     0.0,        ,     0.0,      
maniace01, 1968,     1, MNS , NHL , G  , 64.0,  0.0,   0.0,   0.0,  12.0, 0.0  ,  0.0,     ,  0.0,     ,  0.0, 0.0,   0.0,       ,      ,      ,        ,        ,        ,        ,        ,        ,        ,        ,      
maniace01, 1969,     1, MNS , NHL , G  , 50.0,  0.0,   0.0,   0.0,   0.0, 0.0  ,  0.0,     ,  0.0,     ,  0.0, 0.0,   0.0,    3.0,   0.0,   0.0,     0.0,     0.0,        ,     0.0,        ,     0.0,        ,     0.0,      
maniace01, 1970,     1, MNS , NHL , G  , 40.0,  0.0,   1.0,   1.0,   2.0, 0.0  ,  0.0,     ,  0.0,     ,  0.0, 0.0,   0.0,    8.0,   0.0,   0.0,     0.0,     0.0,        ,     0.0,        ,     0.0,        ,     0.0,      
maniace01, 1971,     1, MNS , NHL , G  , 43.0,  0.0,   0.0,   0.0,   4.0, 0.0  ,  0.0,     ,  0.0,     ,  0.0, 0.0,   0.0,    4.0,   0.0,   0.0,     0.0,     0.0,        ,     0.0,        ,     0.0,        ,     0.0,      
maniace01, 1972,     1, MNS , NHL , G  , 47.0,  0.0,   0.0,   0.0,   2.0, 0.0  ,  0.0,     ,  0.0,     ,  0.0, 0.0,   0.0,    5.0,   0.0,   0.0,     0.0,     2.0,        ,     0.0,        ,     0.0,        ,     0.0,      
maniace01, 1973,     1, MNS , NHL , G  , 40.0,  0.0,   0.0,   0.0,   2.0, 0.0  ,  0.0,     ,  0.0,     ,  0.0, 0.0,   0.0,       ,      ,      ,        ,        ,        ,        ,        ,        ,        ,        ,      
maniace01, 1974,     1, MNS , NHL , G  , 37.0,  0.0,   0.0,   0.0,   2.0, 0.0  ,  0.0,     ,  0.0,     ,  0.0, 0.0,   0.0,       ,      ,      ,        ,        ,        ,        ,        ,        ,        ,        ,      
maniace01, 1975,     1, MNS , NHL , G  , 47.0,  0.0,   0.0,   0.0,  11.0, 0.0  ,  0.0,     ,  0.0,     ,  0.0, 0.0,   0.0,       ,      ,      ,        ,        ,        ,        ,        ,        ,        ,        ,      
maniace01, 1976,     1, VAN , NHL , G  , 47.0,  0.0,   1.0,   1.0,   0.0, 0.0  ,  0.0,     ,  0.0,     ,  0.0, 0.0,   0.0,       ,      ,      ,        ,        ,        ,        ,        ,        ,        ,        ,      
maniace01, 1977,     1, VAN , NHL , G  , 46.0,  0.0,   0.0,   0.0,  18.0, 0.0  ,  0.0,     ,  0.0,     ,  0.0, 0.0,   0.0,       ,      ,      ,        ,        ,        ,        ,        ,        ,        ,        ,      
manloer01, 2000,     1, BOS , NHL , C  ,  8.0,  0.0,   1.0,   1.0,   2.0, 0.0  ,  0.0,  0.0,  0.0,  0.0,  0.0, 0.0,   3.0,       ,      ,      ,        ,        ,        ,        ,        ,        ,        ,        ,      
manloer01, 2001,     1, BOS , NHL , C  ,  3.0,  0.0,   0.0,   0.0,   0.0, 0.0  ,  0.0,  0.0,  0.0,  0.0,  0.0, 0.0,   2.0,       ,      ,      ,        ,        ,        ,        ,        ,        ,        ,        ,      
manloer01, 2002,     1, NYI , NHL , C  ,  8.0,  2.0,   1.0,   3.0,   4.0, 2.0  ,  1.0,  0.0,  0.0,  0.0,  0.0, 0.0,   7.0,       ,      ,      ,        ,        ,        ,        ,        ,        ,        ,        ,      
manloer01, 2003,     1, NYI , NHL , C  , 18.0,  0.0,   2.0,   2.0,   2.0, -2.0 ,  0.0,  0.0,  0.0,  0.0,  0.0, 0.0,  10.0,       ,      ,      ,        ,        ,        ,        ,        ,        ,        ,        ,      
mannca01 , 1997,     1, BOS , NHL , R  ,  9.0,  0.0,   1.0,   1.0,   4.0, 1.0  ,  0.0,  1.0,  0.0,  0.0,  0.0, 0.0,   6.0,       ,      ,      ,        ,        ,        ,        ,        ,        ,        ,        ,      
mannca01 , 1998,     1, BOS , NHL , R  , 33.0,  5.0,   2.0,   7.0,  17.0, 0.0  ,  1.0,  0.0,  0.0,  0.0,  1.0, 1.0,  42.0,    1.0,   0.0,   0.0,     0.0,     0.0, 0.0    ,     0.0,     0.0,     0.0,     0.0,     0.0,     0.0
mannca01 , 1999,     1, BOS , NHL , R  , 32.0,  8.0,   4.0,  12.0,  13.0, -6.0 ,  1.0,  0.0,  0.0,  0.0,  0.0, 1.0,  48.0,       ,      ,      ,        ,        ,        ,        ,        ,        ,        ,        ,      
mannca01 , 2000,     1, BOS , NHL , R  , 15.0,  1.0,   3.0,   4.0,   6.0, 0.0  ,  0.0,  0.0,  0.0,  0.0,  0.0, 0.0,  17.0,       ,      ,      ,        ,        ,        ,        ,        ,        ,        ,        ,      
mannca01 , 2002,     1, NAS , NHL , R  ,  4.0,  0.0,   0.0,   0.0,   0.0, -2.0 ,  0.0,  0.0,  0.0,  0.0,  0.0, 0.0,   5.0,       ,      ,      ,        ,        ,        ,        ,        ,        ,        ,        ,      
mannere01, 1929,     1, PIP , NHL , F  , 33.0,  3.0,   2.0,   5.0,  14.0,      ,     ,     ,     ,     ,     ,    ,      ,       ,      ,      ,        ,        ,        ,        ,        ,        ,        ,        ,      
mannere01, 1930,     1, PHQ , NHL , F  ,  4.0,  0.0,   0.0,   0.0,   0.0,      ,     ,     ,     ,     ,     ,    ,      ,       ,      ,      ,        ,        ,        ,        ,        ,        ,        ,        ,      
mannipa01, 2002,     1, CBS , NHL , D  ,  8.0,  0.0,   0.0,   0.0,   2.0, 0.0  ,  0.0,  0.0,  0.0,  0.0,  0.0, 0.0,   4.0,       ,      ,      ,        ,        ,        ,        ,        ,        ,        ,        ,      
mannipe01, 2008,     1, NYI , NHL , G  ,  3.0,  0.0,   0.0,   0.0,   0.0, 0.0  ,  0.0,  0.0,  0.0,  0.0,  0.0,    ,   0.0,       ,      ,      ,        ,        ,        ,        ,        ,        ,        ,        ,      
mannja01 , 1943,     1, NYR , NHL , C  ,  3.0,  0.0,   0.0,   0.0,   0.0,      ,     ,     ,     ,     ,     ,    ,      ,       ,      ,      ,        ,        ,        ,        ,        ,        ,        ,        ,      
mannja01 , 1944,     1, NYR , NHL , C  ,  6.0,  3.0,   4.0,   7.0,   0.0,      ,     ,     ,     ,     ,     ,    ,      ,       ,      ,      ,        ,        ,        ,        ,        ,        ,        ,        ,      
mannji01 , 1979,     1, WIN , NHL , R  , 72.0,  3.0,   5.0,   8.0, 287.0, -20.0,  1.0,     ,  0.0,     ,  1.0, 0.0,  60.0,       ,      ,      ,        ,        ,        ,        ,        ,        ,        ,        ,      
mannji01 , 1980,     1, WIN , NHL , R  , 37.0,  3.0,   3.0,   6.0, 105.0, -18.0,  0.0,     ,  0.0,     ,  0.0, 0.0,  30.0,       ,      ,      ,        ,        ,        ,        ,        ,        ,        ,        ,      
mannji01 , 1981,     1, WIN , NHL , R  , 37.0,  3.0,   2.0,   5.0,  79.0, -8.0 ,  0.0,     ,  0.0,     ,  0.0, 0.0,  22.0,    3.0,   0.0,   0.0,     0.0,     7.0,        ,     0.0,        ,     0.0,        ,     0.0,      
mannji01 , 1982,     1, WIN , NHL , R  , 40.0,  0.0,   1.0,   1.0,  73.0, -7.0 ,  0.0,     ,  0.0,     ,  0.0, 0.0,  20.0,    1.0,   0.0,   0.0,     0.0,     0.0,        ,     0.0,        ,     0.0,        ,     0.0,      
mannji01 , 1983,     1, WIN , NHL , R  , 16.0,  0.0,   1.0,   1.0,  54.0, 0.0  ,  0.0,     ,  0.0,     ,  0.0, 0.0,   5.0,       ,      ,      ,        ,        ,        ,        ,        ,        ,        ,        ,      
mannji01 , 1983,     2, QUE , NHL , R  , 22.0,  1.0,   1.0,   2.0,  42.0, -3.0 ,  0.0,     ,  0.0,     ,  0.0, 0.0,  15.0,    3.0,   0.0,   0.0,     0.0,    22.0, 0.0    ,     0.0,        ,     0.0,        ,     0.0,     0.0
mannji01 , 1984,     1, QUE , NHL , R  , 25.0,  0.0,   4.0,   4.0,  54.0, 3.0  ,  0.0,     ,  0.0,     ,  0.0, 0.0,  12.0,   13.0,   0.0,   0.0,     0.0,    41.0, 1.0    ,     0.0,        ,     0.0,        ,     0.0,     3.0
mannji01 , 1985,     1, QUE , NHL , R  , 35.0,  0.0,   3.0,   3.0, 148.0, -2.0 ,  0.0,     ,  0.0,     ,  0.0, 0.0,   4.0,    2.0,   0.0,   0.0,     0.0,    19.0, 0.0    ,     0.0,        ,     0.0,        ,     0.0,     0.0
mannji01 , 1987,     1, PIT , NHL , R  ,  9.0,  0.0,   0.0,   0.0,  53.0, 0.0  ,  0.0,  0.0,  0.0,  0.0,  0.0, 0.0,   1.0,       ,      ,      ,        ,        ,        ,        ,        ,        ,        ,        ,      
mannke01 , 1975,     1, DET , NHL , R  ,  1.0,  0.0,   0.0,   0.0,   0.0, -1.0 ,  0.0,     ,  0.0,     ,  0.0, 0.0,   1.0,       ,      ,      ,        ,        ,        ,        ,        ,        ,        ,        ,      
mannno01 , 1935,     1, TOR , NHL , R  ,     ,     ,      ,      ,      ,      ,     ,     ,     ,     ,     ,    ,      ,    1.0,   0.0,   0.0,     0.0,     0.0,        ,        ,        ,        ,        ,        ,      
mannno01 , 1938,     1, TOR , NHL , R  , 16.0,  0.0,   0.0,   0.0,   2.0,      ,     ,     ,     ,     ,     ,    ,      ,       ,      ,      ,        ,        ,        ,        ,        ,        ,        ,        ,      
mannno01 , 1940,     1, TOR , NHL , R  , 15.0,  0.0,   3.0,   3.0,   2.0,      ,     ,     ,     ,     ,     ,    ,      ,       ,      ,      ,        ,        ,        ,        ,        ,        ,        ,        ,      
mannobo01, 1976,     1, VAN , NHL , D  ,  2.0,  0.0,   0.0,   0.0,   0.0, -2.0 ,  0.0,     ,  0.0,     ,  0.0, 0.0,   0.0,       ,      ,      ,        ,        ,        ,        ,        ,        ,        ,        ,      
mannobo01, 1977,     1, VAN , NHL , D  , 49.0,  5.0,  14.0,  19.0,  29.0, -23.0,  4.0,     ,  0.0,     ,  1.0, 0.0,  50.0,       ,      ,      ,        ,        ,        ,        ,        ,        ,        ,        ,      
mannobo01, 1978,     1, VAN , NHL , D  , 52.0,  5.0,  16.0,  21.0,  42.0, -17.0,  0.0,     ,  0.0,     ,  1.0, 2.0,  71.0,    3.0,   0.0,   1.0,     1.0,     4.0,        ,     0.0,        ,     0.0,        ,     0.0,      
mannobo01, 1979,     1, VAN , NHL , D  , 40.0,  3.0,  14.0,  17.0,  14.0, 5.0  ,  1.0,     ,  0.0,     ,  0.0, 0.0,  73.0,    4.0,   1.0,   0.0,     1.0,     6.0,        ,     0.0,        ,     0.0,        ,     0.0,      
mannobo01, 1980,     1, VAN , NHL , D  , 20.0,  0.0,  11.0,  11.0,  30.0, -6.0 ,  0.0,     ,  0.0,     ,  0.0, 0.0,  29.0,    3.0,   0.0,   0.0,     0.0,     2.0,        ,     0.0,        ,     0.0,        ,     0.0,      
mannobo01, 1981,     1, TOR , NHL , D  , 72.0,  9.0,  41.0,  50.0,  67.0, 5.0  ,  3.0,     ,  1.0,     ,  0.0, 2.0, 108.0,       ,      ,      ,        ,        ,        ,        ,        ,        ,        ,        ,      
mannobo01, 1983,     1, DET , NHL , D  , 62.0,  9.0,  13.0,  22.0,  60.0, -1.0 ,  0.0,     ,  1.0,     ,  4.0, 0.0,  70.0,    4.0,   0.0,   3.0,     3.0,     0.0, 3.0    ,     0.0,        ,     0.0,        ,     0.0,     5.0
mannobo01, 1984,     1, DET , NHL , L  , 74.0, 10.0,  22.0,  32.0,  32.0, 0.0  ,  0.0,     ,  3.0,     ,  1.0, 0.0,  62.0,    3.0,   1.0,   0.0,     1.0,     0.0, -2.0   ,     0.0,        ,     0.0,        ,     0.0,     3.0
mansoda01, 1986,     1, CHI , NHL , D  , 63.0,  1.0,   8.0,   9.0, 146.0, -2.0 ,  0.0,     ,  0.0,     ,  0.0, 0.0,  42.0,    3.0,   0.0,   0.0,     0.0,    10.0, -2.0   ,     0.0,        ,     0.0,        ,     0.0,     2.0
mansoda01, 1987,     1, CHI , NHL , D  , 54.0,  1.0,   6.0,   7.0, 185.0, -12.0,  0.0,  0.0,  0.0,  0.0,  0.0, 0.0,  47.0,    5.0,   0.0,   0.0,     0.0,    27.0, 1.0    ,     0.0,     0.0,     0.0,     0.0,     0.0,     7.0
mansoda01, 1988,     1, CHI , NHL , D  , 79.0, 18.0,  36.0,  54.0, 352.0, 5.0  ,  8.0, 18.0,  1.0,  0.0,  0.0, 1.0, 224.0,   16.0,   0.0,   8.0,     8.0,    84.0, -2.0   ,     0.0,     3.0,     0.0,     1.0,     0.0,    39.0
mansoda01, 1989,     1, CHI , NHL , D  , 59.0,  5.0,  23.0,  28.0, 301.0, 4.0  ,  1.0, 10.0,  0.0,  1.0,  1.0, 0.0, 126.0,   20.0,   2.0,   4.0,     6.0,    46.0, -5.0   ,     1.0,     1.0,     0.0,     0.0,     0.0,    36.0
mansoda01, 1990,     1, CHI , NHL , D  , 75.0, 14.0,  15.0,  29.0, 191.0, 20.0 ,  6.0,  4.0,  1.0,  1.0,  2.0, 0.0, 154.0,    6.0,   0.0,   1.0,     1.0,    36.0, 2.0    ,     0.0,     0.0,     0.0,     0.0,     0.0,    11.0
mansoda01, 1991,     1, EDM , NHL , D  , 79.0, 15.0,  32.0,  47.0, 220.0, 9.0  ,  7.0, 13.0,  0.0,  1.0,  2.0, 0.0, 206.0,   16.0,   3.0,   9.0,    12.0,    44.0, -2.0   ,     1.0,     5.0,     0.0,     0.0,     0.0,    47.0
mansoda01, 1992,     1, EDM , NHL , D  , 83.0, 15.0,  30.0,  45.0, 210.0, -28.0,  9.0, 20.0,  1.0,  1.0,  1.0, 1.0, 244.0,       ,      ,      ,        ,        ,        ,        ,        ,        ,        ,        ,      
mansoda01, 1993,     1, EDM , NHL , D  , 57.0,  3.0,  13.0,  16.0, 140.0, -4.0 ,  0.0,  3.0,  0.0,  0.0,  0.0, 0.0, 144.0,       ,      ,      ,        ,        ,        ,        ,        ,        ,        ,        ,      
mansoda01, 1993,     2, WIN , NHL , D  , 13.0,  1.0,   4.0,   5.0,  51.0, -10.0,  1.0,  2.0,  0.0,  0.0,  0.0, 0.0,  36.0,       ,      ,      ,        ,        ,        ,        ,        ,        ,        ,        ,      
mansoda01, 1994,     1, WIN , NHL , D  , 44.0,  3.0,  15.0,  18.0, 139.0, -20.0,  2.0,  6.0,  0.0,  1.0,  1.0, 0.0, 104.0,       ,      ,      ,        ,        ,        ,        ,        ,        ,        ,        ,      
mansoda01, 1995,     1, WIN , NHL , D  , 82.0,  7.0,  23.0,  30.0, 205.0, 8.0  ,  3.0,  6.0,  0.0,  0.0,  0.0, 0.0, 189.0,    6.0,   2.0,   1.0,     3.0,    30.0, 3.0    ,     0.0,     0.0,     0.0,     0.0,     1.0,    12.0
mansoda01, 1996,     1, PHO , NHL , D  , 66.0,  3.0,  17.0,  20.0, 164.0, -25.0,  2.0,  7.0,  0.0,  1.0,  0.0, 0.0, 153.0,       ,      ,      ,        ,        ,        ,        ,        ,        ,        ,        ,      
mansoda01, 1996,     2, MTL , NHL , D  ,  9.0,  1.0,   1.0,   2.0,  23.0, -1.0 ,  0.0,  1.0,  0.0,  0.0,  0.0, 0.0,  22.0,    5.0,   0.0,   0.0,     0.0,    17.0, 6.0    ,     0.0,     0.0,     0.0,     0.0,     0.0,    10.0
mansoda01, 1997,     1, MTL , NHL , D  , 81.0,  4.0,  30.0,  34.0, 122.0, 22.0 ,  2.0,  8.0,  0.0,  0.0,  0.0, 0.0, 148.0,   10.0,   0.0,   1.0,     1.0,    14.0, 0.0    ,     0.0,     0.0,     0.0,     0.0,     0.0,    25.0
mansoda01, 1998,     1, MTL , NHL , D  , 11.0,  0.0,   2.0,   2.0,  48.0, -3.0 ,  0.0,  1.0,  0.0,  0.0,  0.0, 0.0,  11.0,       ,      ,      ,        ,        ,        ,        ,        ,        ,        ,        ,      
mansoda01, 1998,     2, CHI , NHL , D  , 64.0,  6.0,  15.0,  21.0, 107.0, 4.0  ,  2.0,  5.0,  0.0,  0.0,  0.0, 0.0, 134.0,       ,      ,      ,        ,        ,        ,        ,        ,        ,        ,        ,      
mansoda01, 1999,     1, CHI , NHL , D  , 37.0,  0.0,   7.0,   7.0,  40.0, 2.0  ,  0.0,  2.0,  0.0,  0.0,  0.0, 0.0,  45.0,       ,      ,      ,        ,        ,        ,        ,        ,        ,        ,        ,      
mansoda01, 1999,     2, DAL , NHL , D  , 26.0,  1.0,   2.0,   3.0,  22.0, 10.0 ,  0.0,  2.0,  0.0,  0.0,  0.0, 0.0,  21.0,   23.0,   0.0,   0.0,     0.0,    33.0, 2.0    ,     0.0,     0.0,     0.0,     0.0,     0.0,    19.0
mansoda01, 2000,     1, TOR , NHL , D  , 74.0,  4.0,   7.0,  11.0,  93.0, 13.0 ,  0.0,  1.0,  0.0,  0.0,  0.0, 0.0,  70.0,    2.0,   0.0,   0.0,     0.0,     2.0, 0.0    ,     0.0,     0.0,     0.0,     0.0,     0.0,     0.0
mansoda01, 2001,     1, TOR , NHL , D  , 13.0,  0.0,   1.0,   1.0,  10.0, 3.0  ,  0.0,  0.0,  0.0,  0.0,  0.0, 0.0,  12.0,       ,      ,      ,        ,        ,        ,        ,        ,        ,        ,        ,      
mansoda01, 2001,     2, DAL , NHL , D  , 34.0,  0.0,   1.0,   1.0,  23.0, -1.0 ,  0.0,  0.0,  0.0,  0.0,  0.0, 0.0,  24.0,       ,      ,      ,        ,        ,        ,        ,        ,        ,        ,        ,      
mansoha01, 1911,     1, MOW , NHA ,    ,  1.0,  0.0,   0.0,   0.0,   0.0,      ,     ,     ,     ,     ,     ,    ,      ,       ,      ,      ,        ,        ,        ,        ,        ,        ,        ,        ,      
mansoha01, 1920,     1, SEA , PCHA, D  ,  7.0,  0.0,   0.0,   0.0,   0.0,      ,     ,     ,     ,     ,     ,    ,      ,    1.0,   0.0,   0.0,     0.0,     0.0,        ,        ,        ,        ,        ,        ,      
mansora01, 1947,     1, BOS , NHL , L  ,  1.0,  0.0,   0.0,   0.0,   0.0,      ,     ,     ,     ,     ,     ,    ,      ,       ,      ,      ,        ,        ,        ,        ,        ,        ,        ,        ,      
mansora01, 1948,     1, NYR , NHL , L  ,  1.0,  0.0,   1.0,   1.0,   0.0,      ,     ,     ,     ,     ,     ,    ,      ,       ,      ,      ,        ,        ,        ,        ,        ,        ,        ,        ,      
manthge01, 1928,     1, MTL , NHL , L  , 21.0,  0.0,   0.0,   0.0,   8.0,      ,     ,     ,     ,     ,     ,    ,      ,    3.0,   0.0,   0.0,     0.0,     0.0,        ,        ,        ,        ,        ,        ,      
manthge01, 1929,     1, MTL , NHL , L  , 44.0,  5.0,   2.0,   7.0,  16.0,      ,     ,     ,     ,     ,     ,    ,      ,    6.0,   0.0,   0.0,     0.0,     8.0,        ,        ,        ,        ,        ,        ,      
manthge01, 1930,     1, MTL , NHL , L  , 44.0, 11.0,   6.0,  17.0,  25.0,      ,     ,     ,     ,     ,     ,    ,      ,   10.0,   5.0,   1.0,     6.0,     4.0,        ,        ,        ,        ,        ,        ,      
manthge01, 1931,     1, MTL , NHL , L  , 48.0,  1.0,   7.0,   8.0,   8.0,      ,     ,     ,     ,     ,     ,    ,      ,    4.0,   0.0,   0.0,     0.0,     2.0,        ,        ,        ,        ,        ,        ,      
manthge01, 1932,     1, MTL , NHL , L  , 43.0,  3.0,   6.0,   9.0,  10.0,      ,     ,     ,     ,     ,     ,    ,      ,       ,      ,      ,        ,        ,        ,        ,        ,        ,        ,        ,      
manthge01, 1933,     1, MTL , NHL , L  , 44.0,  6.0,   9.0,  15.0,  12.0,      ,     ,     ,     ,     ,     ,    ,      ,       ,      ,      ,        ,        ,        ,        ,        ,        ,        ,        ,      
manthge01, 1934,     1, MTL , NHL , L  , 42.0, 12.0,  10.0,  22.0,  14.0,      ,     ,     ,     ,     ,     ,    ,      ,    2.0,   0.0,   0.0,     0.0,     4.0,        ,        ,        ,        ,        ,        ,      
manthge01, 1935,     1, MTL , NHL , L  , 35.0,  1.0,  12.0,  13.0,  14.0,      ,     ,     ,     ,     ,     ,    ,      ,       ,      ,      ,        ,        ,        ,        ,        ,        ,        ,        ,      
manthge01, 1936,     1, MTL , NHL , L  , 47.0, 13.0,  14.0,  27.0,  17.0,      ,     ,     ,     ,     ,     ,    ,      ,    5.0,   0.0,   0.0,     0.0,     0.0,        ,        ,        ,        ,        ,        ,      
manthge01, 1937,     1, MTL , NHL , L  , 47.0, 23.0,  19.0,  42.0,  12.0,      ,     ,     ,     ,     ,     ,    ,      ,    3.0,   1.0,   0.0,     1.0,     0.0,        ,        ,        ,        ,        ,        ,      
manthge01, 1938,     1, MTL , NHL , C  , 25.0,  5.0,   5.0,  10.0,   6.0,      ,     ,     ,     ,     ,     ,    ,      ,    3.0,   0.0,   0.0,     0.0,     0.0,        ,        ,        ,        ,        ,        ,      
manthge01, 1939,     1, MTL , NHL , L  , 42.0,  9.0,  11.0,  20.0,   6.0,      ,     ,     ,     ,     ,     ,    ,      ,       ,      ,      ,        ,        ,        ,        ,        ,        ,        ,        ,      
manthge01, 1940,     1, MTL , NHL , L  ,  6.0,  0.0,   1.0,   1.0,   0.0,      ,     ,     ,     ,     ,     ,    ,      ,       ,      ,      ,        ,        ,        ,        ,        ,        ,        ,        ,      
manthmo01, 1980,     1, WIN , NHL , D  , 58.0,  2.0,  23.0,  25.0,  35.0, -33.0,  1.0,     ,  0.0,     ,  0.0, 0.0,  94.0,       ,      ,      ,        ,        ,        ,        ,        ,        ,        ,        ,      
manthmo01, 1981,     1, WIN , NHL , D  , 25.0,  0.0,  12.0,  12.0,  28.0, -10.0,  0.0,     ,  0.0,     ,  0.0, 0.0,  39.0,    4.0,   1.0,   3.0,     4.0,    16.0,        ,     0.0,        ,     0.0,        ,     0.0,      
manthmo01, 1982,     1, WIN , NHL , D  , 21.0,  2.0,   7.0,   9.0,   6.0, 0.0  ,  1.0,     ,  0.0,     ,  1.0, 1.0,  27.0,    2.0,   2.0,   2.0,     4.0,     0.0,        ,     2.0,        ,     0.0,        ,     0.0,      
manthmo01, 1983,     1, WIN , NHL , D  , 72.0, 16.0,  38.0,  54.0,  67.0, -14.0,  3.0,     ,  0.0,     ,  1.0, 0.0, 228.0,    3.0,   1.0,   0.0,     1.0,     0.0, -1.0   ,     0.0,        ,     1.0,        ,     0.0,    12.0
manthmo01, 1984,     1, PIT , NHL , D  , 71.0, 11.0,  40.0,  51.0,  54.0, -35.0,  3.0,     ,  0.0,     ,  1.0, 0.0, 204.0,       ,      ,      ,        ,        ,        ,        ,        ,        ,        ,        ,      
manthmo01, 1985,     1, PIT , NHL , D  , 78.0, 15.0,  52.0,  67.0, 102.0, -4.0 , 11.0,     ,  2.0,     ,  0.0, 0.0, 224.0,       ,      ,      ,        ,        ,        ,        ,        ,        ,        ,        ,      
manthmo01, 1986,     1, PIT , NHL , D  , 62.0,  9.0,  31.0,  40.0,  44.0, -6.0 ,  8.0,     ,  0.0,     ,  0.0, 0.0, 167.0,       ,      ,      ,        ,        ,        ,        ,        ,        ,        ,        ,      
manthmo01, 1987,     1, PIT , NHL , D  , 21.0,  2.0,   8.0,  10.0,  23.0, 6.0  ,  1.0,     ,  0.0,     ,  1.0, 0.0,  66.0,       ,      ,      ,        ,        ,        ,        ,        ,        ,        ,        ,      
manthmo01, 1987,     2, EDM , NHL , D  , 25.0,  0.0,   6.0,   6.0,  26.0, 7.0  ,  0.0,     ,  0.0,     ,  0.0, 0.0,  50.0,       ,      ,      ,        ,        ,        ,        ,        ,        ,        ,        ,      
manthmo01, 1987,     3, MNS , NHL , D  , 30.0,  9.0,  13.0,  22.0,   4.0, -14.0,  2.0,     ,  0.0,     ,  0.0, 3.0, 107.0,       ,      ,      ,        ,        ,        ,        ,        ,        ,        ,        ,      
manthmo01, 1988,     1, MNS , NHL , D  , 16.0,  1.0,   6.0,   7.0,  10.0, 1.0  ,  1.0,     ,  0.0,  0.0,  0.0, 0.0,  32.0,       ,      ,      ,        ,        ,        ,        ,        ,        ,        ,        ,      
manthmo01, 1988,     2, PHI , NHL , D  , 30.0,  3.0,   8.0,  11.0,  33.0, -5.0 ,  2.0,     ,  0.0,  0.0,  0.0, 0.0,  71.0,    1.0,   0.0,   0.0,     0.0,     0.0, 0.0    ,     0.0,     0.0,     0.0,     0.0,     0.0,     2.0
manthmo01, 1989,     1, WIN , NHL , D  , 73.0,  2.0,  26.0,  28.0,  28.0, 8.0  ,  0.0,  2.0,  1.0,  0.0,  0.0, 0.0, 114.0,    7.0,   1.0,   5.0,     6.0,     2.0, 0.0    ,     0.0,     3.0,     0.0,     0.0,     0.0,    15.0
manthmo01, 1990,     1, WIN , NHL , D  , 57.0,  9.0,  15.0,  24.0,  33.0, -20.0,  4.0,  4.0,  1.0,  0.0,  2.0, 0.0, 102.0,       ,      ,      ,        ,        ,        ,        ,        ,        ,        ,        ,      
manthmo01, 1991,     1, WIN , NHL , D  , 12.0,  0.0,   4.0,   4.0,   6.0, 0.0  ,  0.0,  1.0,  0.0,  0.0,  0.0, 0.0,  10.0,       ,      ,      ,        ,        ,        ,        ,        ,        ,        ,        ,      
manthmo01, 1991,     2, PHI , NHL , D  ,  5.0,  0.0,   0.0,   0.0,   2.0, 0.0  ,  0.0,  0.0,  0.0,  0.0,  0.0, 0.0,   7.0,       ,      ,      ,        ,        ,        ,        ,        ,        ,        ,        ,      
manthsy01, 1923,     1, MTL , NHL , D  , 24.0,  1.0,   3.0,   4.0,  11.0,      ,     ,     ,     ,     ,     ,    ,      ,    2.0,   0.0,   0.0,     0.0,     0.0,        ,        ,        ,        ,        ,        ,      
manthsy01, 1924,     1, MTL , NHL , D  , 30.0,  2.0,   3.0,   5.0,  18.0,      ,     ,     ,     ,     ,     ,    ,      ,    2.0,   0.0,   1.0,     1.0,     0.0,        ,        ,        ,        ,        ,        ,      
manthsy01, 1925,     1, MTL , NHL , D  , 34.0,  2.0,   1.0,   3.0,  66.0,      ,     ,     ,     ,     ,     ,    ,      ,       ,      ,      ,        ,        ,        ,        ,        ,        ,        ,        ,      
manthsy01, 1926,     1, MTL , NHL , D  , 43.0, 10.0,   5.0,  15.0,  77.0,      ,     ,     ,     ,     ,     ,    ,      ,    4.0,   1.0,   0.0,     1.0,     0.0,        ,        ,        ,        ,        ,        ,      
manthsy01, 1927,     1, MTL , NHL , D  , 43.0,  4.0,  11.0,  15.0,  61.0,      ,     ,     ,     ,     ,     ,    ,      ,    2.0,   0.0,   0.0,     0.0,     6.0,        ,        ,        ,        ,        ,        ,      
manthsy01, 1928,     1, MTL , NHL , D  , 44.0,  9.0,   4.0,  13.0,  56.0,      ,     ,     ,     ,     ,     ,    ,      ,    3.0,   0.0,   0.0,     0.0,     0.0,        ,        ,        ,        ,        ,        ,      
manthsy01, 1929,     1, MTL , NHL , D  , 44.0, 13.0,  11.0,  24.0, 108.0,      ,     ,     ,     ,     ,     ,    ,      ,    6.0,   2.0,   1.0,     3.0,    18.0,        ,        ,        ,        ,        ,        ,      
manthsy01, 1930,     1, MTL , NHL , D  , 44.0,  4.0,   7.0,  11.0,  75.0,      ,     ,     ,     ,     ,     ,    ,      ,   10.0,   2.0,   1.0,     3.0,    26.0,        ,        ,        ,        ,        ,        ,      
manthsy01, 1931,     1, MTL , NHL , D  , 47.0,  5.0,   5.0,  10.0,  62.0,      ,     ,     ,     ,     ,     ,    ,      ,    4.0,   0.0,   1.0,     1.0,     8.0,        ,        ,        ,        ,        ,        ,      
manthsy01, 1932,     1, MTL , NHL , D  , 48.0,  4.0,   7.0,  11.0,  50.0,      ,     ,     ,     ,     ,     ,    ,      ,    2.0,   0.0,   1.0,     1.0,     2.0,        ,        ,        ,        ,        ,        ,      
manthsy01, 1933,     1, MTL , NHL , D  , 48.0,  4.0,   6.0,  10.0,  24.0,      ,     ,     ,     ,     ,     ,    ,      ,    2.0,   0.0,   0.0,     0.0,     2.0,        ,        ,        ,        ,        ,        ,      
manthsy01, 1934,     1, MTL , NHL , D  , 47.0,  3.0,  11.0,  14.0,  36.0,      ,     ,     ,     ,     ,     ,    ,      ,    2.0,   0.0,   0.0,     0.0,     2.0,        ,        ,        ,        ,        ,        ,      
manthsy01, 1935,     1, MTL , NHL , D  , 42.0,  2.0,   4.0,   6.0,  25.0,      ,     ,     ,     ,     ,     ,    ,      ,       ,      ,      ,        ,        ,        ,        ,        ,        ,        ,        ,      
manthsy01, 1936,     1, BOS , NHL , D  ,  4.0,  0.0,   0.0,   0.0,   2.0,      ,     ,     ,     ,     ,     ,    ,      ,       ,      ,      ,        ,        ,        ,        ,        ,        ,        ,        ,      
mapleju01, 2002,     1, NYI , NHL , C  , 11.0,  2.0,   2.0,   4.0,   2.0, -1.0 ,  1.0,  0.0,  0.0,  1.0,  0.0, 0.0,  12.0,    2.0,   0.0,   0.0,     0.0,     0.0, 0.0    ,     0.0,     0.0,     0.0,     0.0,     0.0,     1.0
mapleju01, 2003,     1, NYI , NHL , C  , 27.0,  1.0,   4.0,   5.0,   6.0, -1.0 ,  0.0,  0.0,  0.0,  0.0,  0.0, 0.0,  15.0,       ,      ,      ,        ,        ,        ,        ,        ,        ,        ,        ,      
maracbu01, 1930,     1, NYR , NHL , F  , 11.0,  1.0,   3.0,   4.0,   4.0,      ,     ,     ,     ,     ,     ,    ,      ,    4.0,   0.0,   0.0,     0.0,     2.0,        ,        ,        ,        ,        ,        ,      
maracno01, 1997,     1, DET , NHL , G  ,  4.0,  0.0,   0.0,   0.0,   0.0, 0.0  ,  0.0,  0.0,  0.0,  0.0,  0.0, 0.0,   0.0,       ,      ,      ,        ,        ,        ,        ,        ,        ,        ,        ,      
maracno01, 1998,     1, DET , NHL , G  , 16.0,  0.0,   0.0,   0.0,   0.0, 0.0  ,  0.0,  0.0,  0.0,  0.0,  0.0, 0.0,   0.0,    2.0,   0.0,   0.0,     0.0,     0.0, 0.0    ,     0.0,     0.0,     0.0,     0.0,     0.0,     0.0
maracno01, 1999,     1, ATL , NHL , G  , 32.0,  0.0,   0.0,   0.0,   0.0, 0.0  ,  0.0,  0.0,  0.0,  0.0,  0.0, 0.0,   0.0,       ,      ,      ,        ,        ,        ,        ,        ,        ,        ,        ,      
maracno01, 2000,     1, ATL , NHL , G  , 13.0,  0.0,   0.0,   0.0,   0.0, 0.0  ,  0.0,  0.0,  0.0,  0.0,  0.0, 0.0,   0.0,       ,      ,      ,        ,        ,        ,        ,        ,        ,        ,        ,      
maracno01, 2001,     1, ATL , NHL , G  ,  1.0,  0.0,   0.0,   0.0,   0.0, 0.0  ,  0.0,  0.0,  0.0,  0.0,  0.0, 0.0,   0.0,       ,      ,      ,        ,        ,        ,        ,        ,        ,        ,        ,      
marapa01 , 1998,     1, TBL , NHL , D  ,  1.0,  1.0,   1.0,   2.0,   0.0, -3.0 ,  1.0,  1.0,  0.0,  0.0,  0.0, 0.0,   1.0,       ,      ,      ,        ,        ,        ,        ,        ,        ,        ,        ,      
marapa01 , 1999,     1, TBL , NHL , D  , 54.0,  7.0,  11.0,  18.0,  73.0, -27.0,  4.0,  4.0,  0.0,  0.0,  1.0, 0.0,  78.0,       ,      ,      ,        ,        ,        ,        ,        ,        ,        ,        ,      
marapa01 , 2000,     1, TBL , NHL , D  , 46.0,  6.0,  10.0,  16.0,  40.0, -17.0,  2.0,  2.0,  0.0,  0.0,  1.0, 0.0,  58.0,       ,      ,      ,        ,        ,        ,        ,        ,        ,        ,        ,      
marapa01 , 2000,     2, PHO , NHL , D  , 16.0,  0.0,   4.0,   4.0,  14.0, 1.0  ,  0.0,  2.0,  0.0,  0.0,  0.0, 0.0,  20.0,       ,      ,      ,        ,        ,        ,        ,        ,        ,        ,        ,      
marapa01 , 2001,     1, PHO , NHL , D  , 75.0,  7.0,  17.0,  24.0,  58.0, -6.0 ,  2.0,  5.0,  0.0,  0.0,  0.0, 1.0, 112.0,    5.0,   0.0,   0.0,     0.0,     4.0, -4.0   ,     0.0,     0.0,     0.0,     0.0,     0.0,     7.0
marapa01 , 2002,     1, PHO , NHL , D  , 73.0, 10.0,  15.0,  25.0,  78.0, -7.0 ,  1.0,  5.0,  0.0,  0.0,  0.0, 0.0,  95.0,       ,      ,      ,        ,        ,        ,        ,        ,        ,        ,        ,      
marapa01 , 2003,     1, PHO , NHL , D  , 81.0,  6.0,  36.0,  42.0,  48.0, -11.0,  1.0, 22.0,  0.0,  2.0,  0.0, 0.0, 140.0,       ,      ,      ,        ,        ,        ,        ,        ,        ,        ,        ,      
marapa01 , 2005,     1, PHO , NHL , D  , 78.0, 15.0,  32.0,  47.0,  70.0, -12.0,  8.0, 21.0,  0.0,  0.0,  0.0,    , 157.0,       ,      ,      ,        ,        ,        ,        ,        ,        ,        ,        ,      
marapa01 , 2006,     1, BOS , NHL , D  , 59.0,  3.0,  15.0,  18.0,  95.0, -22.0,  0.0, 11.0,  0.0,  0.0,  0.0,    ,  60.0,       ,      ,      ,        ,        ,        ,        ,        ,        ,        ,        ,      
marapa01 , 2006,     2, NYR , NHL , D  , 19.0,  2.0,   3.0,   5.0,  18.0, 6.0  ,  1.0,  2.0,  0.0,  0.0,  0.0,    ,  40.0,   10.0,   2.0,   2.0,     4.0,    18.0, -4.0   ,     2.0,     1.0,     0.0,     0.0,     0.0,    11.0
marapa01 , 2007,     1, NYR , NHL , D  , 61.0,  1.0,  16.0,  17.0,  52.0, 1.0  ,  0.0,  6.0,  0.0,  0.0,  0.0,    ,  80.0,   10.0,   0.0,   1.0,     1.0,    20.0, 3.0    ,     0.0,     0.0,     0.0,     0.0,     0.0,    12.0
marapa01 , 2008,     1, NYR , NHL , D  , 76.0,  5.0,  16.0,  21.0,  94.0, 2.0  ,  1.0, 10.0,  0.0,  1.0,  0.0,    , 102.0,    7.0,   1.0,   1.0,     2.0,     8.0, -2.0   ,     0.0,     1.0,     0.0,     0.0,     0.0,     7.0
marapa01 , 2009,     1, MTL , NHL , D  , 42.0,  0.0,   8.0,   8.0,  48.0, -16.0,  0.0,  4.0,  0.0,  0.0,  0.0,    ,  30.0,       ,      ,      ,        ,        ,        ,        ,        ,        ,        ,        ,      
marape01 , 1974,     1, CHC , WHA , C  , 67.0, 17.0,  21.0,  38.0,  16.0, 7.0  ,  1.0,     ,  0.0,     ,     ,    ,  90.0,       ,      ,      ,        ,        ,        ,        ,        ,        ,        ,        ,      
marape01 , 1975,     1, DOT , WHA , C  , 40.0,  3.0,   7.0,  10.0,   8.0, -15.0,     ,     ,     ,     ,     ,    ,  41.0,       ,      ,      ,        ,        ,        ,        ,        ,        ,        ,        ,      
marcemi01, 1966,     1, TOR , NHL , C  ,     ,     ,      ,      ,      ,      ,     ,     ,     ,     ,     ,    ,      ,    3.0,   0.0,   0.0,     0.0,     0.0,        ,        ,        ,        ,        ,     0.0,      
marcemi01, 1967,     1, MNS , NHL , C  , 36.0,  4.0,  13.0,  17.0,   6.0, -10.0,  0.0,     ,  0.0,     ,  0.0, 0.0,  41.0,   14.0,   7.0,   7.0,    14.0,     4.0,        ,     1.0,        ,     0.0,        ,     1.0,      
marcemi01, 1968,     1, MNS , NHL , C  , 18.0,  3.0,   2.0,   5.0,   4.0, -4.0 ,  2.0,     ,  0.0,     ,  0.0, 1.0,  18.0,       ,      ,      ,        ,        ,        ,        ,        ,        ,        ,        ,      
marchbr01, 1970,     1, TOR , NHL , C  ,  2.0,  0.0,   0.0,   0.0,   0.0, 0.0  ,  0.0,     ,  0.0,     ,  0.0, 0.0,   0.0,       ,      ,      ,        ,        ,        ,        ,        ,        ,        ,        ,      
marchbr01, 1971,     1, TOR , NHL , C  ,  3.0,  0.0,   0.0,   0.0,   0.0, 0.0  ,  0.0,     ,  0.0,     ,  0.0, 0.0,   1.0,       ,      ,      ,        ,        ,        ,        ,        ,        ,        ,        ,      
marchbr01, 1972,     1, NYI , NHL , C  , 36.0,  2.0,   6.0,   8.0,   0.0, -10.0,  0.0,     ,  0.0,     ,  1.0, 0.0,  19.0,       ,      ,      ,        ,        ,        ,        ,        ,        ,        ,        ,      
marchbr01, 1973,     1, NYI , NHL , C  ,  6.0,  0.0,   0.0,   0.0,   0.0, 0.0  ,  0.0,     ,  0.0,     ,  0.0, 0.0,   7.0,       ,      ,      ,        ,        ,        ,        ,        ,        ,        ,        ,      
marchbr02, 1988,     1, WIN , NHL , D  ,  2.0,  0.0,   0.0,   0.0,   2.0, 0.0  ,  0.0,  0.0,  0.0,  0.0,  0.0, 0.0,   1.0,       ,      ,      ,        ,        ,        ,        ,        ,        ,        ,        ,      
marchbr02, 1989,     1, WIN , NHL , D  ,  7.0,  0.0,   2.0,   2.0,  28.0, 0.0  ,  0.0,  0.0,  0.0,  0.0,  0.0, 0.0,   5.0,       ,      ,      ,        ,        ,        ,        ,        ,        ,        ,        ,      
marchbr02, 1990,     1, WIN , NHL , D  , 28.0,  2.0,   2.0,   4.0,  91.0, -5.0 ,  0.0,  1.0,  0.0,  0.0,  0.0, 0.0,  24.0,       ,      ,      ,        ,        ,        ,        ,        ,        ,        ,        ,      
marchbr02, 1991,     1, CHI , NHL , D  , 58.0,  5.0,  10.0,  15.0, 168.0, -4.0 ,  2.0,  3.0,  0.0,  0.0,  0.0, 0.0,  55.0,   16.0,   1.0,   0.0,     1.0,    36.0, 0.0    ,     0.0,     0.0,     0.0,     0.0,     0.0,    11.0
marchbr02, 1992,     1, CHI , NHL , D  , 78.0,  5.0,  15.0,  20.0, 313.0, 15.0 ,  1.0,  2.0,  0.0,  0.0,  1.0, 0.0,  75.0,    4.0,   0.0,   0.0,     0.0,    12.0, 1.0    ,     0.0,     0.0,     0.0,     0.0,     0.0,     6.0
marchbr02, 1993,     1, CHI , NHL , D  , 13.0,  1.0,   4.0,   5.0,  42.0, -2.0 ,  0.0,  0.0,  0.0,  0.0,  0.0, 0.0,  18.0,       ,      ,      ,        ,        ,        ,        ,        ,        ,        ,        ,      
marchbr02, 1993,     2, HAR , NHL , D  , 42.0,  3.0,   7.0,  10.0, 124.0, -12.0,  0.0,  0.0,  1.0,  0.0,  1.0, 0.0,  74.0,       ,      ,      ,        ,        ,        ,        ,        ,        ,        ,        ,      
marchbr02, 1994,     1, EDM , NHL , D  , 40.0,  1.0,   5.0,   6.0, 184.0, -11.0,  0.0,  0.0,  0.0,  1.0,  0.0, 0.0,  57.0,       ,      ,      ,        ,        ,        ,        ,        ,        ,        ,        ,      
marchbr02, 1995,     1, EDM , NHL , D  , 78.0,  3.0,  15.0,  18.0, 202.0, -7.0 ,  0.0,  5.0,  0.0,  0.0,  0.0, 0.0,  96.0,       ,      ,      ,        ,        ,        ,        ,        ,        ,        ,        ,      
marchbr02, 1996,     1, EDM , NHL , D  , 71.0,  3.0,  13.0,  16.0, 132.0, 13.0 ,  1.0,  0.0,  0.0,  1.0,  0.0, 0.0,  89.0,    3.0,   0.0,   0.0,     0.0,     4.0, -3.0   ,     0.0,     0.0,     0.0,     0.0,     0.0,     2.0
marchbr02, 1997,     1, EDM , NHL , D  , 27.0,  0.0,   4.0,   4.0,  58.0, -2.0 ,  0.0,  2.0,  0.0,  0.0,  0.0, 0.0,  23.0,       ,      ,      ,        ,        ,        ,        ,        ,        ,        ,        ,      
marchbr02, 1997,     2, TBL , NHL , D  , 22.0,  2.0,   4.0,   6.0,  43.0, -3.0 ,  0.0,  1.0,  0.0,  2.0,  0.0, 0.0,  20.0,       ,      ,      ,        ,        ,        ,        ,        ,        ,        ,        ,      
marchbr02, 1997,     3, SJS , NHL , D  , 12.0,  0.0,   3.0,   3.0,  43.0, 2.0  ,  0.0,  1.0,  0.0,  0.0,  0.0, 0.0,  13.0,    6.0,   0.0,   0.0,     0.0,    10.0, 1.0    ,     0.0,     0.0,     0.0,     0.0,     0.0,     5.0
marchbr02, 1998,     1, SJS , NHL , D  , 59.0,  2.0,   6.0,   8.0, 101.0, -7.0 ,  0.0,  0.0,  0.0,  0.0,  0.0, 0.0,  49.0,    6.0,   0.0,   0.0,     0.0,     4.0, 0.0    ,     0.0,     0.0,     0.0,     0.0,     0.0,     7.0
marchbr02, 1999,     1, SJS , NHL , D  , 49.0,  0.0,   4.0,   4.0,  72.0, 3.0  ,  0.0,  1.0,  0.0,  0.0,  0.0, 0.0,  51.0,   11.0,   2.0,   1.0,     3.0,    12.0, 2.0    ,     0.0,     0.0,     0.0,     0.0,     0.0,    16.0
marchbr02, 2000,     1, SJS , NHL , D  , 75.0,  7.0,  11.0,  18.0, 204.0, 15.0 ,  0.0,  0.0,  1.0,  1.0,  3.0, 1.0,  73.0,    5.0,   0.0,   1.0,     1.0,     2.0, 3.0    ,     0.0,     0.0,     0.0,     0.0,     0.0,    10.0
marchbr02, 2001,     1, SJS , NHL , D  , 72.0,  2.0,  20.0,  22.0, 178.0, 22.0 ,  0.0,  0.0,  0.0,  0.0,  0.0, 0.0,  68.0,   12.0,   1.0,   1.0,     2.0,    10.0, -1.0   ,     0.0,     0.0,     0.0,     0.0,     0.0,    11.0
marchbr02, 2002,     1, SJS , NHL , D  , 67.0,  2.0,   9.0,  11.0, 108.0, -2.0 ,  0.0,  3.0,  0.0,  1.0,  0.0, 0.0,  66.0,       ,      ,      ,        ,        ,        ,        ,        ,        ,        ,        ,      
marchbr02, 2002,     2, COL , NHL , D  , 14.0,  0.0,   3.0,   3.0,  33.0, 4.0  ,  0.0,  0.0,  0.0,  0.0,  0.0, 0.0,  18.0,    7.0,   0.0,   0.0,     0.0,     4.0, 1.0    ,     0.0,     0.0,     0.0,     0.0,     0.0,     3.0
marchbr02, 2003,     1, TOR , NHL , D  , 75.0,  1.0,   3.0,   4.0, 106.0, 4.0  ,  0.0,  0.0,  0.0,  0.0,  0.0, 0.0,  56.0,   13.0,   0.0,   0.0,     0.0,     8.0, 0.0    ,     0.0,     0.0,     0.0,     0.0,     0.0,     2.0
marchbr02, 2005,     1, CAL , NHL , D  , 37.0,  1.0,   2.0,   3.0,  75.0, 8.0  ,  0.0,  0.0,  0.0,  0.0,  0.0,    ,  16.0,       ,      ,      ,        ,        ,        ,        ,        ,        ,        ,        ,      
marchbr03, 2009,     1, BOS , NHL , C  , 20.0,  0.0,   1.0,   1.0,  20.0, -3.0 ,  0.0,  0.0,  0.0,  0.0,  0.0,    ,  32.0,       ,      ,      ,        ,        ,        ,        ,        ,        ,        ,        ,      
marchem01, 1913,     1, MOC , NHA ,    ,  3.0,  0.0,   0.0,   0.0,   0.0,      ,     ,     ,     ,     ,     ,    ,      ,       ,      ,      ,        ,        ,        ,        ,        ,        ,        ,        ,      
marchem01, 1913,     2, TOO , NHA ,    ,  3.0,  0.0,   0.0,   0.0,   0.0,      ,     ,     ,     ,     ,     ,    ,      ,       ,      ,      ,        ,        ,        ,        ,        ,        ,        ,        ,      
marchmu01, 1928,     1, CHI , NHL , R  , 35.0,  3.0,   3.0,   6.0,   6.0,      ,     ,     ,     ,     ,     ,    ,      ,       ,      ,      ,        ,        ,        ,        ,        ,        ,        ,        ,      
marchmu01, 1929,     1, CHI , NHL , R  , 43.0,  8.0,   7.0,  15.0,  48.0,      ,     ,     ,     ,     ,     ,    ,      ,       ,      ,      ,        ,        ,        ,        ,        ,        ,        ,        ,      
marchmu01, 1930,     1, CHI , NHL , R  , 44.0, 11.0,   6.0,  17.0,  36.0,      ,     ,     ,     ,     ,     ,    ,      ,    9.0,   3.0,   1.0,     4.0,    11.0,        ,        ,        ,        ,        ,        ,      
marchmu01, 1931,     1, CHI , NHL , R  , 48.0, 12.0,  10.0,  22.0,  59.0,      ,     ,     ,     ,     ,     ,    ,      ,    2.0,   0.0,   0.0,     0.0,     2.0,        ,        ,        ,        ,        ,        ,      
marchmu01, 1932,     1, CHI , NHL , R  , 48.0,  9.0,  11.0,  20.0,  38.0,      ,     ,     ,     ,     ,     ,    ,      ,       ,      ,      ,        ,        ,        ,        ,        ,        ,        ,        ,      
marchmu01, 1933,     1, CHI , NHL , R  , 48.0,  4.0,  13.0,  17.0,  26.0,      ,     ,     ,     ,     ,     ,    ,      ,    8.0,   2.0,   2.0,     4.0,     6.0,        ,        ,        ,        ,        ,        ,      
marchmu01, 1934,     1, CHI , NHL , R  , 48.0, 13.0,  17.0,  30.0,  48.0,      ,     ,     ,     ,     ,     ,    ,      ,    2.0,   0.0,   0.0,     0.0,     0.0,        ,        ,        ,        ,        ,        ,      
marchmu01, 1935,     1, CHI , NHL , R  , 48.0, 16.0,  19.0,  35.0,  42.0,      ,     ,     ,     ,     ,     ,    ,      ,    2.0,   2.0,   3.0,     5.0,     0.0,        ,        ,        ,        ,        ,        ,      
marchmu01, 1936,     1, CHI , NHL , R  , 37.0, 11.0,   6.0,  17.0,  31.0,      ,     ,     ,     ,     ,     ,    ,      ,       ,      ,      ,        ,        ,        ,        ,        ,        ,        ,        ,      
marchmu01, 1937,     1, CHI , NHL , R  , 41.0, 11.0,  17.0,  28.0,  16.0,      ,     ,     ,     ,     ,     ,    ,      ,    9.0,   2.0,   4.0,     6.0,     0.0,        ,        ,        ,        ,        ,        ,      
marchmu01, 1938,     1, CHI , NHL , R  , 46.0, 10.0,  11.0,  21.0,  29.0,      ,     ,     ,     ,     ,     ,    ,      ,       ,      ,      ,        ,        ,        ,        ,        ,        ,        ,        ,      
marchmu01, 1939,     1, CHI , NHL , R  , 45.0,  9.0,  14.0,  23.0,  49.0,      ,     ,     ,     ,     ,     ,    ,      ,    2.0,   1.0,   0.0,     1.0,     2.0,        ,        ,        ,        ,        ,        ,      
marchmu01, 1940,     1, CHI , NHL , R  , 44.0,  8.0,   9.0,  17.0,  16.0,      ,     ,     ,     ,     ,     ,    ,      ,    4.0,   2.0,   3.0,     5.0,     0.0,        ,        ,        ,        ,        ,        ,      
marchmu01, 1941,     1, CHI , NHL , R  , 48.0,  6.0,  26.0,  32.0,  22.0,      ,     ,     ,     ,     ,     ,    ,      ,    3.0,   0.0,   2.0,     2.0,     4.0,        ,        ,        ,        ,        ,        ,      
marchmu01, 1942,     1, CHI , NHL , R  , 50.0,  7.0,  29.0,  36.0,  46.0,      ,     ,     ,     ,     ,     ,    ,      ,       ,      ,      ,        ,        ,        ,        ,        ,        ,        ,        ,      
marchmu01, 1943,     1, CHI , NHL , R  , 48.0, 10.0,  27.0,  37.0,  16.0,      ,     ,     ,     ,     ,     ,    ,      ,    4.0,   0.0,   0.0,     0.0,     4.0,        ,        ,        ,        ,        ,        ,      
marchmu01, 1944,     1, CHI , NHL , R  , 38.0,  5.0,   5.0,  10.0,  12.0,      ,     ,     ,     ,     ,     ,    ,      ,       ,      ,      ,        ,        ,        ,        ,        ,        ,        ,        ,      
marchra01, 1912,     1, TBS , NHA , G  ,  8.0,  0.0,   0.0,   0.0,   0.0,      ,     ,     ,     ,     ,     ,    ,      ,       ,      ,      ,        ,        ,        ,        ,        ,        ,        ,        ,      
marchto01, 1993,     1, NYR , NHL , C  ,  1.0,  0.0,   0.0,   0.0,   0.0, -1.0 ,  0.0,  0.0,  0.0,  0.0,  0.0, 0.0,   1.0,       ,      ,      ,        ,        ,        ,        ,        ,        ,        ,        ,      
marchto01, 1993,     2, EDM , NHL , C  ,  3.0,  0.0,   1.0,   1.0,   2.0, -1.0 ,  0.0,  0.0,  0.0,  0.0,  0.0, 0.0,   5.0,       ,      ,      ,        ,        ,        ,        ,        ,        ,        ,        ,      
marchto01, 1994,     1, EDM , NHL , C  , 45.0, 13.0,  14.0,  27.0,  32.0, -3.0 ,  3.0,  4.0,  2.0,  0.0,  2.0, 0.0,  95.0,       ,      ,      ,        ,        ,        ,        ,        ,        ,        ,        ,      
marchto01, 1995,     1, EDM , NHL , C  , 81.0, 19.0,  19.0,  38.0,  66.0, -19.0,  2.0,  1.0,  3.0,  2.0,  2.0, 1.0, 221.0,       ,      ,      ,        ,        ,        ,        ,        ,        ,        ,        ,      
marchto01, 1996,     1, EDM , NHL , L  , 79.0, 14.0,  19.0,  33.0,  44.0, 11.0 ,  0.0,  3.0,  4.0,  0.0,  3.0, 0.0, 202.0,   12.0,   4.0,   2.0,     6.0,    12.0, 1.0    ,     0.0,     1.0,     3.0,     0.0,     1.0,    40.0
marchto01, 1997,     1, EDM , NHL , L  , 76.0, 14.0,  21.0,  35.0,  71.0, 9.0  ,  2.0,  4.0,  1.0,  3.0,  3.0, 0.0, 194.0,   12.0,   1.0,   1.0,     2.0,    10.0, 0.0    ,     0.0,     0.0,     0.0,     0.0,     0.0,    17.0
marchto01, 1998,     1, EDM , NHL , C  , 82.0, 14.0,  22.0,  36.0,  65.0, 3.0  ,  3.0,  2.0,  1.0,  0.0,  2.0, 0.0, 183.0,    4.0,   1.0,   1.0,     2.0,    12.0, 2.0    ,     0.0,     0.0,     0.0,     0.0,     0.0,    10.0
marchto01, 1999,     1, EDM , NHL , C  , 82.0, 17.0,  23.0,  40.0,  70.0, 7.0  ,  0.0,  5.0,  1.0,  2.0,  0.0, 2.0, 170.0,    3.0,   1.0,   0.0,     1.0,     2.0, -1.0   ,     0.0,     0.0,     0.0,     0.0,     0.0,     6.0
marchto01, 2000,     1, EDM , NHL , C  , 71.0, 13.0,  26.0,  39.0,  51.0, 1.0  ,  0.0,  4.0,  4.0,  3.0,  2.0, 1.0, 113.0,    6.0,   0.0,   0.0,     0.0,     4.0, -3.0   ,     0.0,     0.0,     0.0,     0.0,     0.0,     7.0
marchto01, 2001,     1, EDM , NHL , C  , 82.0, 12.0,  22.0,  34.0,  41.0, 7.0  ,  0.0,  1.0,  3.0,  4.0,  1.0, 0.0, 124.0,       ,      ,      ,        ,        ,        ,        ,        ,        ,        ,        ,      
marchto01, 2002,     1, EDM , NHL , C  , 77.0, 20.0,  40.0,  60.0,  48.0, 13.0 ,  7.0, 12.0,  1.0,  4.0,  3.0, 1.0, 146.0,    6.0,   0.0,   2.0,     2.0,     2.0, -1.0   ,     0.0,     0.0,     0.0,     1.0,     0.0,     5.0
marchto01, 2003,     1, CBS , NHL , C  , 77.0,  9.0,  25.0,  34.0,  34.0, -17.0,  4.0,  9.0,  0.0,  0.0,  2.0, 0.0, 163.0,       ,      ,      ,        ,        ,        ,        ,        ,        ,        ,        ,      
marchto01, 2005,     1, CBS , NHL , C  , 18.0,  3.0,   6.0,   9.0,  20.0, -1.0 ,  0.0,  3.0,  0.0,  1.0,  0.0,    ,  42.0,       ,      ,      ,        ,        ,        ,        ,        ,        ,        ,        ,      
marchto01, 2005,     2, ANA , NHL , C  , 61.0,  6.0,  19.0,  25.0,  46.0, 3.0  ,  0.0,  2.0,  0.0,  0.0,  0.0,    ,  90.0,   16.0,   3.0,  10.0,    13.0,    14.0, 14.0   ,     0.0,     0.0,     0.0,     0.0,     0.0,    26.0
marchto01, 2006,     1, AND , NHL , C  , 56.0,  8.0,  15.0,  23.0,  44.0, 7.0  ,  0.0,  0.0,  3.0,  0.0,  2.0,    , 115.0,   11.0,   0.0,   3.0,     3.0,    12.0, -1.0   ,     0.0,     1.0,     0.0,     0.0,     0.0,    19.0
marchto01, 2007,     1, AND , NHL , C  , 75.0,  9.0,   7.0,  16.0,  48.0, -3.0 ,  0.0,  1.0,  0.0,  1.0,  0.0,    ,  93.0,    6.0,   2.0,   0.0,     2.0,     0.0, 1.0    ,     0.0,     0.0,     0.0,     0.0,     0.0,     8.0
marchto01, 2008,     1, AND , NHL , C  , 72.0,  5.0,  13.0,  18.0,  34.0, -2.0 ,  0.0,  1.0,  2.0,  1.0,  0.0,    , 101.0,   13.0,   1.0,   1.0,     2.0,    16.0, 0.0    ,     0.0,     0.0,     0.0,     0.0,     1.0,    18.0
marchto01, 2009,     1, AND , NHL , C  , 78.0,  9.0,  13.0,  22.0,  32.0, -16.0,  0.0,  0.0,  3.0,  0.0,  1.0,    ,  83.0,       ,      ,      ,        ,        ,        ,        ,        ,        ,        ,        ,      
marcida01, 1990,     1, NJD , NHL , D  ,  9.0,  0.0,   1.0,   1.0,  21.0, -1.0 ,  0.0,  0.0,  0.0,  0.0,  0.0, 0.0,   4.0,       ,      ,      ,        ,        ,        ,        ,        ,        ,        ,        ,      
marcida01, 1991,     1, QUE , NHL , D  ,  5.0,  0.0,   0.0,   0.0,  26.0, -1.0 ,  0.0,  0.0,  0.0,  0.0,  0.0, 0.0,   3.0,       ,      ,      ,        ,        ,        ,        ,        ,        ,        ,        ,      
marcida01, 1992,     1, NYR , NHL , D  ,  2.0,  0.0,   0.0,   0.0,   2.0, -1.0 ,  0.0,  0.0,  0.0,  0.0,  0.0, 0.0,   1.0,       ,      ,      ,        ,        ,        ,        ,        ,        ,        ,        ,      
marcodo01, 1965,     1, BOS , NHL , L  ,  1.0,  0.0,   0.0,   0.0,   0.0,      ,  0.0,     ,  0.0,     ,  0.0, 0.0,      ,       ,      ,      ,        ,        ,        ,        ,        ,        ,        ,        ,      
marcodo01, 1968,     1, BOS , NHL , L  ,  7.0,  1.0,   0.0,   1.0,   2.0, 0.0  ,  0.0,     ,  0.0,     ,  0.0, 0.0,   7.0,       ,      ,      ,        ,        ,        ,        ,        ,        ,        ,        ,      
marcodo01, 1969,     1, BOS , NHL , L  , 35.0,  9.0,   3.0,  12.0,  14.0, -3.0 ,  0.0,     ,  0.0,     ,  1.0, 3.0,  73.0,   14.0,   2.0,   0.0,     2.0,    11.0,        ,     0.0,        ,     1.0,        ,     0.0,      
marcodo01, 1970,     1, BOS , NHL , L  , 75.0, 15.0,  13.0,  28.0,  30.0, 20.0 ,  0.0,     ,  6.0,     ,  2.0, 0.0,  87.0,    4.0,   0.0,   0.0,     0.0,     0.0,        ,     0.0,        ,     0.0,        ,     0.0,      
marcodo01, 1971,     1, BOS , NHL , L  , 47.0,  6.0,   4.0,  10.0,  12.0, 0.0  ,  0.0,     ,  0.0,     ,  1.0, 0.0,  51.0,   14.0,   3.0,   0.0,     3.0,     6.0,        ,     0.0,        ,     1.0,        ,     1.0,      
marcodo01, 1972,     1, BOS , NHL , L  , 78.0, 24.0,  31.0,  55.0,  49.0, 32.0 ,  1.0,     ,  2.0,     ,  3.0, 0.0, 175.0,    5.0,   1.0,   1.0,     2.0,     0.0,        ,     0.0,        ,     0.0,        ,     0.0,      
marcodo01, 1973,     1, BOS , NHL , L  , 78.0, 24.0,  26.0,  50.0,  18.0, 44.0 ,  0.0,     ,  3.0,     ,  3.0, 0.0, 150.0,   16.0,   4.0,   2.0,     6.0,     8.0,        ,     0.0,        ,     0.0,        ,     1.0,      
marcodo01, 1974,     1, BOS , NHL , L  , 80.0, 31.0,  33.0,  64.0,  76.0, 24.0 ,  1.0,     ,  0.0,     ,  2.0, 3.0, 165.0,    3.0,   1.0,   0.0,     1.0,     0.0,        ,     0.0,        ,     0.0,        ,     0.0,      
marcodo01, 1975,     1, BOS , NHL , L  , 58.0, 16.0,  20.0,  36.0,  24.0, 15.0 ,  1.0,     ,  0.0,     ,  2.0, 1.0,  96.0,   12.0,   4.0,   2.0,     6.0,     8.0,        ,     1.0,        ,     0.0,        ,     0.0,      
marcodo01, 1976,     1, BOS , NHL , L  , 80.0, 27.0,  18.0,  45.0,  20.0, 28.0 ,  3.0,     ,  1.0,     ,  5.0, 0.0, 176.0,   14.0,   5.0,   6.0,    11.0,    10.0,        ,     0.0,        ,     1.0,        ,     0.0,      
marcodo01, 1977,     1, BOS , NHL , L  , 77.0, 20.0,  34.0,  54.0,  16.0, 32.0 ,  4.0,     ,  2.0,     ,  0.0, 0.0, 159.0,   15.0,   5.0,   4.0,     9.0,     8.0,        ,     1.0,        ,     0.0,        ,     1.0,      
marcodo01, 1978,     1, BOS , NHL , L  , 79.0, 20.0,  27.0,  47.0,  10.0, 6.0  ,  2.0,     ,  4.0,     ,  5.0, 1.0, 156.0,   11.0,   5.0,   3.0,     8.0,    10.0,        ,     0.0,        ,     0.0,        ,     0.0,      
marcodo01, 1979,     1, BOS , NHL , L  , 32.0,  4.0,  11.0,  15.0,   0.0, 4.0  ,  0.0,     ,  1.0,     ,  1.0, 1.0,  39.0,   10.0,   2.0,   3.0,     5.0,     4.0,        ,     0.0,        ,     0.0,        ,     1.0,      
marcodo01, 1980,     1, BOS , NHL , L  , 72.0, 20.0,  13.0,  33.0,  32.0, 3.0  ,  4.0,     ,  1.0,     ,  2.0, 1.0, 128.0,    3.0,   2.0,   2.0,     4.0,     6.0,        ,     0.0,        ,     0.0,        ,     0.0,      
marcodo01, 1981,     1, BOS , NHL , L  , 69.0, 13.0,  21.0,  34.0,  14.0, -2.0 ,  0.0,     ,  0.0,     ,  3.0, 0.0,  86.0,   11.0,   0.0,   4.0,     4.0,    10.0,        ,     0.0,        ,     0.0,        ,     0.0,      
marcolo01, 1958,     1, DET , NHL , D  , 21.0,  0.0,   1.0,   1.0,  12.0,      ,     ,     ,     ,     ,     ,    ,      ,       ,      ,      ,        ,        ,        ,        ,        ,        ,        ,        ,      
marcolo01, 1959,     1, DET , NHL , D  , 38.0,  0.0,   3.0,   3.0,  30.0,      ,     ,     ,     ,     ,     ,    ,      ,       ,      ,      ,        ,        ,        ,        ,        ,        ,        ,        ,      
marcolo01, 1962,     1, DET , NHL , D  ,  1.0,  0.0,   0.0,   0.0,   0.0,      ,     ,     ,     ,     ,     ,    ,      ,       ,      ,      ,        ,        ,        ,        ,        ,        ,        ,        ,      
marhajo01, 1995,     1, COL , NHL , C  ,  2.0,  0.0,   1.0,   1.0,   0.0, 1.0  ,  0.0,  0.0,  0.0,  0.0,  0.0, 0.0,   2.0,       ,      ,      ,        ,        ,        ,        ,        ,        ,        ,        ,      
marhajo01, 1996,     1, COL , NHL , C  ,  6.0,  0.0,   1.0,   1.0,   0.0, 0.0  ,  0.0,  0.0,  0.0,  0.0,  0.0, 0.0,   6.0,       ,      ,      ,        ,        ,        ,        ,        ,        ,        ,        ,      
marhajo01, 1997,     1, COL , NHL , L  , 11.0,  2.0,   5.0,   7.0,   4.0, 0.0  ,  0.0,  3.0,  0.0,  0.0,  0.0, 0.0,  10.0,       ,      ,      ,        ,        ,        ,        ,        ,        ,        ,        ,      
marhajo01, 1997,     2, ANA , NHL , L  , 12.0,  7.0,   4.0,  11.0,   0.0, 4.0  ,  3.0,  1.0,  0.0,  0.0,  0.0, 0.0,  21.0,       ,      ,      ,        ,        ,        ,        ,        ,        ,        ,        ,      
marhajo01, 1998,     1, ANA , NHL , C  , 10.0,  0.0,   1.0,   1.0,   0.0, -4.0 ,  0.0,  0.0,  0.0,  0.0,  0.0, 0.0,  13.0,       ,      ,      ,        ,        ,        ,        ,        ,        ,        ,        ,      
marhajo01, 1998,     2, CHI , NHL , C  , 22.0,  2.0,   5.0,   7.0,   4.0, 5.0  ,  1.0,  0.0,  0.0,  0.0,  1.0, 0.0,  32.0,       ,      ,      ,        ,        ,        ,        ,        ,        ,        ,        ,      
marhajo01, 1999,     1, CHI , NHL , C  , 81.0, 10.0,  12.0,  22.0,  18.0, -10.0,  2.0,  1.0,  1.0,  0.0,  3.0, 0.0,  91.0,       ,      ,      ,        ,        ,        ,        ,        ,        ,        ,        ,      
marhajo01, 2000,     1, CHI , NHL , C  , 15.0,  0.0,   3.0,   3.0,   6.0, -4.0 ,  0.0,  0.0,  0.0,  0.0,  0.0, 0.0,  17.0,       ,      ,      ,        ,        ,        ,        ,        ,        ,        ,        ,      
marinch01, 1994,     1, NYI , NHL , C  , 12.0,  1.0,   4.0,   5.0,   2.0, -1.0 ,  0.0,  1.0,  0.0,  0.0,  0.0, 0.0,  11.0,       ,      ,      ,        ,        ,        ,        ,        ,        ,        ,        ,      
marinch01, 1996,     1, LAK , NHL , C  ,  1.0,  0.0,   0.0,   0.0,   0.0, -2.0 ,  0.0,  0.0,  0.0,  0.0,  0.0, 0.0,   1.0,       ,      ,      ,        ,        ,        ,        ,        ,        ,        ,        ,      
marinhe01, 1978,     1, NYI , NHL , R  ,  1.0,  0.0,   0.0,   0.0,   2.0, -2.0 ,  0.0,     ,  0.0,     ,  0.0, 0.0,   1.0,    1.0,   0.0,   0.0,     0.0,     0.0,        ,     0.0,        ,     0.0,        ,     0.0,      
marinhe01, 1980,     1, NYI , NHL , R  , 14.0,  4.0,   7.0,  11.0,  39.0, 9.0  ,  1.0,     ,  0.0,     ,  0.0, 0.0,   9.0,    9.0,   3.0,   6.0,     9.0,    14.0,        ,     0.0,        ,     0.0,        ,     0.0,      
marinhe01, 1981,     1, NYI , NHL , R  , 30.0,  4.0,   9.0,  13.0,  53.0, 3.0  ,  1.0,     ,  0.0,     ,  1.0, 0.0,  14.0,       ,      ,      ,        ,        ,        ,        ,        ,        ,        ,        ,      
marinhe01, 1982,     1, NJD , NHL , R  , 77.0, 17.0,  28.0,  45.0, 105.0, -15.0,  5.0,     ,  0.0,     ,  3.0, 2.0, 109.0,       ,      ,      ,        ,        ,        ,        ,        ,        ,        ,        ,      
marinhe01, 1983,     1, NJD , NHL , R  , 32.0,  2.0,   2.0,   4.0,  47.0, -2.0 ,  0.0,     ,  0.0,     ,  0.0, 1.0,  33.0,       ,      ,      ,        ,        ,        ,        ,        ,        ,        ,        ,      
mariofr01, 1941,     1, BOS , NHL , C  ,  9.0,  1.0,   1.0,   2.0,   0.0,      ,     ,     ,     ,     ,     ,    ,      ,       ,      ,      ,        ,        ,        ,        ,        ,        ,        ,        ,      
mariofr01, 1944,     1, BOS , NHL , R  , 44.0,  8.0,  18.0,  26.0,  24.0,      ,     ,     ,     ,     ,     ,    ,      ,       ,      ,      ,        ,        ,        ,        ,        ,        ,        ,        ,      
mariujo01, 1940,     1, CHI , NHL , D  , 23.0,  0.0,   5.0,   5.0,  33.0,      ,     ,     ,     ,     ,     ,    ,      ,    5.0,   0.0,   2.0,     2.0,    16.0,        ,        ,        ,        ,        ,        ,      
mariujo01, 1941,     1, CHI , NHL , D  , 47.0,  5.0,   8.0,  13.0,  44.0,      ,     ,     ,     ,     ,     ,    ,      ,    3.0,   0.0,   0.0,     0.0,     0.0,        ,        ,        ,        ,        ,        ,      
mariujo01, 1945,     1, CHI , NHL , D  , 50.0,  3.0,   8.0,  11.0,  58.0,      ,     ,     ,     ,     ,     ,    ,      ,    4.0,   0.0,   1.0,     1.0,    10.0,        ,        ,        ,        ,        ,        ,      
mariujo01, 1946,     1, CHI , NHL , D  , 52.0,  2.0,   9.0,  11.0, 110.0,      ,     ,     ,     ,     ,     ,    ,      ,       ,      ,      ,        ,        ,        ,        ,        ,        ,        ,        ,      
mariujo01, 1947,     1, CHI , NHL , D  , 51.0,  1.0,   4.0,   5.0,  63.0,      ,     ,     ,     ,     ,     ,    ,      ,       ,      ,      ,        ,        ,        ,        ,        ,        ,        ,        ,      
marjama01, 2005,     1, NYI , NHL , R  ,  1.0,  0.0,   0.0,   0.0,   0.0, 0.0  ,  0.0,  0.0,  0.0,  0.0,  0.0,    ,   0.0,       ,      ,      ,        ,        ,        ,        ,        ,        ,        ,        ,      
markegu01, 1932,     1, DET , NHL , R  , 13.0,  1.0,   1.0,   2.0,   8.0,      ,     ,     ,     ,     ,     ,    ,      ,       ,      ,      ,        ,        ,        ,        ,        ,        ,        ,        ,      
markegu01, 1933,     1, DET , NHL , R  ,  7.0,  1.0,   0.0,   1.0,   2.0,      ,     ,     ,     ,     ,     ,    ,      ,    4.0,   0.0,   0.0,     0.0,     2.0,        ,        ,        ,        ,        ,        ,      
markegu01, 1934,     1, MTM , NHL , R  , 44.0, 11.0,   4.0,  15.0,  18.0,      ,     ,     ,     ,     ,     ,    ,      ,    7.0,   1.0,   1.0,     2.0,     4.0,        ,        ,        ,        ,        ,        ,      
markegu01, 1935,     1, MTM , NHL , R  , 48.0,  7.0,  12.0,  19.0,  10.0,      ,     ,     ,     ,     ,     ,    ,      ,    3.0,   1.0,   0.0,     1.0,     2.0,        ,        ,        ,        ,        ,        ,      
markegu01, 1936,     1, MTM , NHL , R  , 47.0, 10.0,  12.0,  22.0,  22.0,      ,     ,     ,     ,     ,     ,    ,      ,    5.0,   0.0,   1.0,     1.0,     0.0,        ,        ,        ,        ,        ,        ,      
markegu01, 1937,     1, MTM , NHL , R  , 48.0,  9.0,  15.0,  24.0,  35.0,      ,     ,     ,     ,     ,     ,    ,      ,       ,      ,      ,        ,        ,        ,        ,        ,        ,        ,        ,      
markegu01, 1938,     1, TOR , NHL , R  , 29.0,  9.0,   6.0,  15.0,  11.0,      ,     ,     ,     ,     ,     ,    ,      ,   10.0,   2.0,   2.0,     4.0,     0.0,        ,        ,        ,        ,        ,        ,      
markegu01, 1939,     1, TOR , NHL , R  , 42.0, 10.0,   9.0,  19.0,  15.0,      ,     ,     ,     ,     ,     ,    ,      ,   10.0,   1.0,   3.0,     4.0,    23.0,        ,        ,        ,        ,        ,        ,      
markegu01, 1940,     1, TOR , NHL , R  , 27.0,  4.0,   5.0,   9.0,  10.0,      ,     ,     ,     ,     ,     ,    ,      ,    7.0,   0.0,   0.0,     0.0,     5.0,        ,        ,        ,        ,        ,        ,      
markegu01, 1941,     1, BKN , NHL , R  , 17.0,  2.0,   5.0,   7.0,   2.0,      ,     ,     ,     ,     ,     ,    ,      ,       ,      ,      ,        ,        ,        ,        ,        ,        ,        ,        ,      
markejo01, 1979,     1, WIN , NHL , L  , 38.0, 10.0,   7.0,  17.0,  21.0, -12.0,  2.0,     ,  0.0,     ,  1.0, 1.0,  46.0,       ,      ,      ,        ,        ,        ,        ,        ,        ,        ,        ,      
markejo01, 1980,     1, WIN , NHL , L  , 14.0,  1.0,   3.0,   4.0,  15.0, -11.0,  1.0,     ,  0.0,     ,  0.0, 0.0,  11.0,       ,      ,      ,        ,        ,        ,        ,        ,        ,        ,        ,      
markejo01, 1983,     1, STL , NHL , L  ,  2.0,  0.0,   0.0,   0.0,   0.0, -4.0 ,  0.0,     ,  0.0,     ,  0.0, 0.0,   0.0,       ,      ,      ,        ,        ,        ,        ,        ,        ,        ,        ,      
markejo01, 1984,     1, MNS , NHL , L  ,  1.0,  0.0,   0.0,   0.0,   0.0, 0.0  ,  0.0,     ,  0.0,     ,  0.0, 0.0,   0.0,       ,      ,      ,        ,        ,        ,        ,        ,        ,        ,        ,      
markgo01 , 1986,     1, NJD , NHL , D  , 36.0,  3.0,   5.0,   8.0,  82.0, -4.0 ,  0.0,     ,  0.0,     ,  0.0, 0.0,  31.0,       ,      ,      ,        ,        ,        ,        ,        ,        ,        ,        ,      
markgo01 , 1987,     1, NJD , NHL , D  , 19.0,  0.0,   2.0,   2.0,  27.0, -13.0,  0.0,  0.0,  0.0,  0.0,  0.0, 0.0,  11.0,       ,      ,      ,        ,        ,        ,        ,        ,        ,        ,        ,      
markgo01 , 1993,     1, EDM , NHL , D  , 12.0,  0.0,   1.0,   1.0,  43.0, -2.0 ,  0.0,  0.0,  0.0,  0.0,  0.0, 0.0,   8.0,       ,      ,      ,        ,        ,        ,        ,        ,        ,        ,        ,      
markgo01 , 1994,     1, EDM , NHL , D  , 18.0,  0.0,   2.0,   2.0,  35.0, -9.0 ,  0.0,  0.0,  0.0,  1.0,  0.0, 0.0,  21.0,       ,      ,      ,        ,        ,        ,        ,        ,        ,        ,        ,      
markhra01, 1979,     1, NYR , NHL , C  , 14.0,  1.0,   1.0,   2.0,  21.0, -3.0 ,  0.0,     ,  0.0,     ,  0.0, 0.0,   6.0,    7.0,   1.0,   0.0,     1.0,    24.0,        ,     0.0,        ,     0.0,        ,     0.0,      
markkju01, 2001,     1, EDM , NHL , G  , 14.0,  0.0,   0.0,   0.0,   0.0, 0.0  ,  0.0,  0.0,  0.0,  0.0,  0.0, 0.0,   0.0,       ,      ,      ,        ,        ,        ,        ,        ,        ,        ,        ,      
markkju01, 2002,     1, EDM , NHL , G  , 22.0,  0.0,   1.0,   1.0,   2.0, 0.0  ,  0.0,  0.0,  0.0,  0.0,  0.0, 0.0,   0.0,    1.0,   0.0,   0.0,     0.0,     0.0, 0.0    ,     0.0,     0.0,     0.0,     0.0,     0.0,     0.0
markkju01, 2003,     1, NYR , NHL , G  , 26.0,  0.0,   0.0,   0.0,   0.0, 0.0  ,  0.0,  0.0,  0.0,  0.0,  0.0, 0.0,   0.0,       ,      ,      ,        ,        ,        ,        ,        ,        ,        ,        ,      
markkju01, 2003,     2, EDM , NHL , G  ,  7.0,  0.0,   0.0,   0.0,   2.0, 0.0  ,  0.0,  0.0,  0.0,  0.0,  0.0, 0.0,   0.0,       ,      ,      ,        ,        ,        ,        ,        ,        ,        ,        ,      
markkju01, 2005,     1, EDM , NHL , G  , 37.0,  0.0,   1.0,   1.0,   0.0, 0.0  ,  0.0,  0.0,  0.0,  0.0,  0.0,    ,   0.0,    6.0,   0.0,   0.0,     0.0,     0.0, 0.0    ,     0.0,     0.0,     0.0,     0.0,     0.0,     0.0
markkju01, 2006,     1, EDM , NHL , G  , 22.0,  0.0,   0.0,   0.0,   0.0, 0.0  ,  0.0,  0.0,  0.0,  0.0,  0.0,    ,   0.0,       ,      ,      ,        ,        ,        ,        ,        ,        ,        ,        ,      
marklja01, 1935,     1, TOR , NHL , R  ,  8.0,  0.0,   1.0,   1.0,   0.0,      ,     ,     ,     ,     ,     ,    ,      ,       ,      ,      ,        ,        ,        ,        ,        ,        ,        ,        ,      
markoan01, 2000,     1, MTL , NHL , D  , 63.0,  6.0,  17.0,  23.0,  18.0, -6.0 ,  2.0, 14.0,  0.0,  0.0,  0.0, 0.0,  82.0,       ,      ,      ,        ,        ,        ,        ,        ,        ,        ,        ,      
markoan01, 2001,     1, MTL , NHL , D  , 56.0,  5.0,  19.0,  24.0,  24.0, -1.0 ,  2.0,  7.0,  0.0,  0.0,  1.0, 0.0,  73.0,   12.0,   1.0,   3.0,     4.0,     8.0, -2.0   ,     0.0,     1.0,     0.0,     0.0,     1.0,     8.0
markoan01, 2002,     1, MTL , NHL , D  , 79.0, 13.0,  24.0,  37.0,  34.0, 13.0 ,  3.0, 12.0,  0.0,  0.0,  2.0, 0.0, 159.0,       ,      ,      ,        ,        ,        ,        ,        ,        ,        ,        ,      
markoan01, 2003,     1, MTL , NHL , D  , 69.0,  6.0,  22.0,  28.0,  20.0, -2.0 ,  2.0,  8.0,  0.0,  0.0,  0.0, 0.0, 105.0,   11.0,   1.0,   4.0,     5.0,     8.0, 3.0    ,     0.0,     3.0,     0.0,     0.0,     1.0,    18.0
markoan01, 2005,     1, MTL , NHL , D  , 67.0, 10.0,  36.0,  46.0,  74.0, 13.0 ,  6.0, 18.0,  1.0,  2.0,  1.0,    ,  88.0,    6.0,   0.0,   1.0,     1.0,     4.0, 2.0    ,     0.0,     1.0,     0.0,     0.0,     0.0,     6.0
markoan01, 2006,     1, MTL , NHL , D  , 77.0,  6.0,  43.0,  49.0,  56.0, 2.0  ,  5.0, 27.0,  0.0,  3.0,  2.0,    , 128.0,       ,      ,      ,        ,        ,        ,        ,        ,        ,        ,        ,      
markoan01, 2007,     1, MTL , NHL , D  , 82.0, 16.0,  42.0,  58.0,  63.0, 1.0  , 10.0, 22.0,  1.0,  2.0,  2.0,    , 145.0,   12.0,   1.0,   3.0,     4.0,     8.0, 0.0    ,     0.0,     2.0,     0.0,     0.0,     0.0,    21.0
markoan01, 2008,     1, MTL , NHL , D  , 78.0, 12.0,  52.0,  64.0,  36.0, -2.0 ,  7.0, 32.0,  0.0,  1.0,  3.0,    , 165.0,       ,      ,      ,        ,        ,        ,        ,        ,        ,        ,        ,      
markoan01, 2009,     1, MTL , NHL , D  , 45.0,  6.0,  28.0,  34.0,  32.0, 11.0 ,  4.0, 12.0,  0.0,  1.0,  1.0,    ,  85.0,    8.0,   0.0,   4.0,     4.0,     0.0, -3.0   ,     0.0,     3.0,     0.0,     0.0,     0.0,     9.0
markoda01, 1997,     1, TOR , NHL , D  , 25.0,  2.0,   5.0,   7.0,  28.0, 0.0  ,  1.0,  1.0,  0.0,  0.0,  0.0, 0.0,  15.0,       ,      ,      ,        ,        ,        ,        ,        ,        ,        ,        ,      
markoda01, 1998,     1, TOR , NHL , D  , 57.0,  4.0,   8.0,  12.0,  47.0, 5.0  ,  0.0,  0.0,  0.0,  1.0,  0.0, 1.0,  34.0,   17.0,   0.0,   6.0,     6.0,    18.0, 9.0    ,     0.0,     0.0,     0.0,     0.0,     0.0,    11.0
markoda01, 1999,     1, TOR , NHL , D  , 59.0,  0.0,  10.0,  10.0,  28.0, 13.0 ,  0.0,  2.0,  0.0,  1.0,  0.0, 0.0,  38.0,   12.0,   0.0,   3.0,     3.0,    10.0, 3.0    ,     0.0,     0.0,     0.0,     0.0,     0.0,     7.0
markoda01, 2000,     1, TOR , NHL , D  , 59.0,  3.0,  13.0,  16.0,  34.0, 6.0  ,  1.0,  4.0,  0.0,  0.0,  2.0, 0.0,  49.0,   11.0,   1.0,   1.0,     2.0,    12.0, -3.0   ,     0.0,     0.0,     0.0,     0.0,     0.0,     7.0
markoda01, 2001,     1, PHO , NHL , D  , 72.0,  6.0,  30.0,  36.0,  67.0, -7.0 ,  4.0, 15.0,  0.0,  1.0,  1.0, 0.0, 103.0,       ,      ,      ,        ,        ,        ,        ,        ,        ,        ,        ,      
markoda01, 2002,     1, PHO , NHL , D  , 64.0,  4.0,  16.0,  20.0,  36.0, 2.0  ,  2.0,  4.0,  0.0,  0.0,  0.0, 1.0, 105.0,       ,      ,      ,        ,        ,        ,        ,        ,        ,        ,        ,      
markoda01, 2003,     1, CAR , NHL , D  , 44.0,  4.0,  10.0,  14.0,  37.0, -6.0 ,  2.0,  3.0,  0.0,  0.0,  1.0, 0.0,  73.0,       ,      ,      ,        ,        ,        ,        ,        ,        ,        ,        ,      
markoda01, 2003,     2, PHI , NHL , D  , 34.0,  2.0,   3.0,   5.0,  58.0, 0.0  ,  1.0,  1.0,  0.0,  0.0,  1.0, 0.0,  27.0,   18.0,   1.0,   2.0,     3.0,    25.0, 17.0   ,     0.0,     0.0,     0.0,     0.0,     1.0,    19.0
markoda01, 2005,     1, NAS , NHL , D  , 58.0,  0.0,  11.0,  11.0,  62.0, 9.0  ,  0.0,  1.0,  0.0,  2.0,  0.0,    ,  59.0,    5.0,   0.0,   0.0,     0.0,     6.0, -1.0   ,     0.0,     0.0,     0.0,     0.0,     0.0,     6.0
markoda01, 2006,     1, DET , NHL , D  , 66.0,  4.0,  12.0,  16.0,  59.0, 25.0 ,  0.0,  0.0,  0.0,  1.0,  0.0,    ,  66.0,   18.0,   0.0,   0.0,     0.0,    13.0, -2.0   ,     0.0,     0.0,     0.0,     0.0,     0.0,    27.0
marksja01, 1911,     1, QU1 , NHA ,    , 10.0,  4.0,   0.0,   4.0,  10.0,      ,     ,     ,     ,     ,     ,    ,      ,       ,      ,      ,        ,        ,        ,        ,        ,        ,        ,        ,      
marksja01, 1912,     1, QU1 , NHA ,    , 19.0, 13.0,   0.0,  13.0,  39.0,      ,     ,     ,     ,     ,     ,    ,      ,       ,      ,      ,        ,        ,        ,        ,        ,        ,        ,        ,      
marksja01, 1913,     1, QU1 , NHA ,    , 20.0,  9.0,   6.0,  15.0,  32.0,      ,     ,     ,     ,     ,     ,    ,      ,       ,      ,      ,        ,        ,        ,        ,        ,        ,        ,        ,      
marksja01, 1914,     1, QU1 , NHA ,    , 17.0,  7.0,   4.0,  11.0,  49.0,      ,     ,     ,     ,     ,     ,    ,      ,       ,      ,      ,        ,        ,        ,        ,        ,        ,        ,        ,      
marksja01, 1915,     1, QU1 , NHA ,    , 23.0, 12.0,   0.0,  12.0,  40.0,      ,     ,     ,     ,     ,     ,    ,      ,       ,      ,      ,        ,        ,        ,        ,        ,        ,        ,        ,      
marksja01, 1916,     1, QU1 , NHA ,    , 17.0,  0.0,   1.0,   1.0,   6.0,      ,     ,     ,     ,     ,     ,    ,      ,       ,      ,      ,        ,        ,        ,        ,        ,        ,        ,        ,      
marksja01, 1917,     1, MTW , NHL , L  ,  1.0,  0.0,   0.0,   0.0,   0.0,      ,     ,     ,     ,     ,  0.0,    ,      ,       ,      ,      ,        ,        ,        ,        ,        ,        ,        ,        ,      
marksja01, 1917,     2, TOA , NHL , L  ,  5.0,  0.0,   0.0,   0.0,   0.0,      ,     ,     ,     ,     ,  0.0,    ,      ,       ,      ,      ,        ,        ,        ,        ,        ,        ,        ,        ,      
marksja01, 1919,     1, QUB , NHL , F  ,  1.0,  0.0,   0.0,   0.0,   4.0,      ,     ,     ,     ,     ,     ,    ,      ,       ,      ,      ,        ,        ,        ,        ,        ,        ,        ,        ,      
marksjo01, 1972,     1, CHI , NHL , D  , 55.0,  3.0,  10.0,  13.0,  21.0, 5.0  ,  1.0,     ,  0.0,     ,  0.0, 0.0,  45.0,   16.0,   1.0,   2.0,     3.0,     2.0,        ,     1.0,        ,     0.0,        ,     1.0,      
marksjo01, 1973,     1, CHI , NHL , L  , 76.0, 13.0,  18.0,  31.0,  22.0, 22.0 ,  3.0,     ,  0.0,     ,  1.0, 0.0, 139.0,   11.0,   2.0,   0.0,     2.0,     8.0,        ,     0.0,        ,     0.0,        ,     1.0,      
marksjo01, 1974,     1, CHI , NHL , L  , 80.0, 17.0,  30.0,  47.0,  56.0, 27.0 ,  4.0,     ,  0.0,     ,  3.0, 1.0, 163.0,    8.0,   2.0,   6.0,     8.0,    34.0,        ,     0.0,        ,     0.0,        ,     1.0,      
marksjo01, 1975,     1, CHI , NHL , L  , 80.0, 21.0,  23.0,  44.0,  43.0, -4.0 ,  6.0,     ,  1.0,     ,  4.0, 0.0, 152.0,    4.0,   0.0,   0.0,     0.0,    10.0,        ,     0.0,        ,     0.0,        ,     0.0,      
marksjo01, 1976,     1, CHI , NHL , D  , 80.0,  7.0,  15.0,  22.0,  41.0, -21.0,  0.0,     ,  0.0,     ,  0.0, 1.0, 156.0,    2.0,   0.0,   0.0,     0.0,     4.0,        ,     0.0,        ,     0.0,        ,     0.0,      
marksjo01, 1977,     1, CHI , NHL , L  , 80.0, 15.0,  22.0,  37.0,  26.0, 27.0 ,  0.0,     ,  0.0,     ,  1.0, 2.0, 118.0,    4.0,   0.0,   1.0,     1.0,     0.0,        ,     0.0,        ,     0.0,        ,     0.0,      
marksjo01, 1978,     1, CHI , NHL , L  , 80.0, 21.0,  24.0,  45.0,  35.0, 2.0  ,  4.0,     ,  0.0,     ,  2.0, 0.0, 152.0,    4.0,   0.0,   0.0,     0.0,     2.0,        ,     0.0,        ,     0.0,        ,     0.0,      
marksjo01, 1979,     1, CHI , NHL , L  , 74.0,  6.0,  15.0,  21.0,  51.0, -16.0,  1.0,     ,  0.0,     ,  1.0, 1.0, 111.0,    4.0,   0.0,   0.0,     0.0,     0.0,        ,     0.0,        ,     0.0,        ,     0.0,      
marksjo01, 1980,     1, CHI , NHL , L  , 39.0,  8.0,   6.0,  14.0,  28.0, -3.0 ,  1.0,     ,  1.0,     ,  0.0, 1.0,  41.0,    3.0,   0.0,   0.0,     0.0,     0.0,        ,     0.0,        ,     0.0,        ,     0.0,      
marksjo01, 1981,     1, CHI , NHL , L  , 13.0,  1.0,   0.0,   1.0,   7.0, 0.0  ,  0.0,     ,  0.0,     ,  0.0, 0.0,   8.0,    1.0,   0.0,   0.0,     0.0,     0.0,        ,     0.0,        ,     0.0,        ,     0.0,      
markwne01, 1983,     1, BOS , NHL , L  , 70.0, 14.0,  16.0,  30.0, 121.0, 2.0  ,  0.0,     ,  0.0,     ,  3.0, 0.0,  66.0,       ,      ,      ,        ,        ,        ,        ,        ,        ,        ,        ,      
markwne01, 1984,     1, BOS , NHL , L  , 26.0,  0.0,   4.0,   4.0,  36.0, -1.0 ,  0.0,     ,  0.0,     ,  0.0, 0.0,   5.0,    1.0,   0.0,   0.0,     0.0,     0.0, 0.0    ,     0.0,        ,     0.0,        ,     0.0,     0.0
markwne01, 1985,     1, BOS , NHL , L  , 65.0,  7.0,  15.0,  22.0, 207.0, -2.0 ,  0.0,     ,  0.0,     ,  1.0, 0.0,  42.0,       ,      ,      ,        ,        ,        ,        ,        ,        ,        ,        ,      
markwne01, 1986,     1, BOS , NHL , L  , 64.0, 10.0,   9.0,  19.0, 225.0, -6.0 ,  0.0,     ,  0.0,     ,  2.0, 0.0,  65.0,    4.0,   0.0,   0.0,     0.0,     9.0, -3.0   ,     0.0,        ,     0.0,        ,     0.0,     1.0
markwne01, 1987,     1, BOS , NHL , L  , 25.0,  1.0,  12.0,  13.0,  85.0, 4.0  ,  0.0,  0.0,  0.0,  1.0,  0.0, 0.0,  24.0,    2.0,   0.0,   0.0,     0.0,     2.0, 1.0    ,     0.0,     0.0,     0.0,     0.0,     0.0,     2.0
markwne01, 1989,     1, BOS , NHL , L  ,  8.0,  1.0,   2.0,   3.0,  15.0, -2.0 ,  1.0,  0.0,  0.0,  0.0,  0.0, 0.0,   6.0,       ,      ,      ,        ,        ,        ,        ,        ,        ,        ,        ,      
markwne01, 1990,     1, BOS , NHL , L  , 23.0,  3.0,   3.0,   6.0,  36.0, 0.0  ,  0.0,  0.0,  0.0,  1.0,  0.0, 1.0,  13.0,   12.0,   1.0,   0.0,     1.0,    22.0, -2.0   ,     0.0,     0.0,     0.0,     0.0,     0.0,     7.0
markwne01, 1991,     1, BOS , NHL , L  , 18.0,  3.0,   6.0,   9.0,  44.0, 2.0  ,  0.0,  0.0,  0.0,  0.0,  0.0, 0.0,  12.0,       ,      ,      ,        ,        ,        ,        ,        ,        ,        ,        ,      
markwne01, 1991,     2, CAL , NHL , L  , 10.0,  2.0,   1.0,   3.0,  25.0, -2.0 ,  0.0,  0.0,  0.0,  0.0,  0.0, 0.0,   4.0,       ,      ,      ,        ,        ,        ,        ,        ,        ,        ,        ,      
marlepa01, 1997,     1, SJS , NHL , C  , 74.0, 13.0,  19.0,  32.0,  14.0, 5.0  ,  1.0,  6.0,  0.0,  0.0,  2.0, 0.0,  90.0,    5.0,   0.0,   1.0,     1.0,     0.0, -1.0   ,     0.0,     1.0,     0.0,     0.0,     0.0,     2.0
marlepa01, 1998,     1, SJS , NHL , C  , 81.0, 21.0,  24.0,  45.0,  24.0, 10.0 ,  4.0,  6.0,  0.0,  0.0,  4.0, 1.0, 134.0,    6.0,   2.0,   1.0,     3.0,     4.0, -1.0   ,     2.0,     0.0,     0.0,     0.0,     0.0,     7.0
marlepa01, 1999,     1, SJS , NHL , C  , 81.0, 17.0,  23.0,  40.0,  36.0, -9.0 ,  3.0,  7.0,  0.0,  0.0,  3.0, 0.0, 161.0,    5.0,   1.0,   1.0,     2.0,     2.0, -3.0   ,     1.0,     1.0,     0.0,     0.0,     0.0,     4.0
marlepa01, 2000,     1, SJS , NHL , C  , 81.0, 25.0,  27.0,  52.0,  22.0, 7.0  ,  5.0,  7.0,  0.0,  0.0,  6.0, 0.0, 146.0,    6.0,   2.0,   0.0,     2.0,     4.0, 1.0    ,     0.0,     0.0,     0.0,     0.0,     0.0,    12.0
marlepa01, 2001,     1, SJS , NHL , C  , 79.0, 21.0,  23.0,  44.0,  40.0, 9.0  ,  3.0,  5.0,  0.0,  0.0,  5.0, 0.0, 121.0,   12.0,   6.0,   5.0,    11.0,     6.0, 3.0    ,     1.0,     1.0,     0.0,     0.0,     3.0,    21.0
marlepa01, 2002,     1, SJS , NHL , C  , 82.0, 28.0,  29.0,  57.0,  33.0, -10.0,  8.0, 14.0,  1.0,  0.0,  3.0, 1.0, 172.0,       ,      ,      ,        ,        ,        ,        ,        ,        ,        ,        ,      
marlepa01, 2003,     1, SJS , NHL , C  , 80.0, 28.0,  29.0,  57.0,  24.0, -5.0 ,  9.0, 12.0,  0.0,  1.0,  5.0, 0.0, 220.0,   17.0,   8.0,   4.0,    12.0,     6.0, 0.0    ,     4.0,     2.0,     1.0,     0.0,     2.0,    45.0
marlepa01, 2005,     1, SJS , NHL , C  , 82.0, 34.0,  52.0,  86.0,  26.0, -12.0, 20.0, 24.0,  1.0,  0.0,  4.0,    , 260.0,   11.0,   9.0,   5.0,    14.0,     8.0, 2.0    ,     4.0,     3.0,     0.0,     0.0,     2.0,    38.0
marlepa01, 2006,     1, SJS , NHL , C  , 77.0, 32.0,  46.0,  78.0,  33.0, 9.0  , 14.0, 23.0,  0.0,  0.0,  9.0,    , 180.0,   11.0,   3.0,   3.0,     6.0,     2.0, -5.0   ,     1.0,     1.0,     0.0,     0.0,     1.0,    28.0
marlepa01, 2007,     1, SJS , NHL , C  , 78.0, 19.0,  29.0,  48.0,  33.0, -19.0,  7.0, 19.0,  0.0,  0.0,  2.0,    , 185.0,   13.0,   4.0,   4.0,     8.0,     2.0, -2.0   ,     0.0,     1.0,     2.0,     0.0,     0.0,    45.0
marlepa01, 2008,     1, SJS , NHL , L  , 76.0, 38.0,  33.0,  71.0,  18.0, 16.0 , 11.0,  7.0,  5.0,  2.0, 10.0,    , 251.0,    6.0,   2.0,   1.0,     3.0,     8.0, 0.0    ,     1.0,     1.0,     0.0,     0.0,     2.0,    12.0
marlepa01, 2009,     1, SJS , NHL , C  , 82.0, 44.0,  39.0,  83.0,  22.0, 21.0 , 12.0, 13.0,  4.0,  0.0,  6.0,    , 274.0,   14.0,   8.0,   5.0,    13.0,     8.0, -3.0   ,     3.0,     3.0,     1.0,     0.0,     2.0,    56.0
maroida01, 1987,     1, TOR , NHL , R  ,     ,     ,      ,      ,      ,      ,     ,     ,     ,     ,     ,    ,      ,    3.0,   1.0,   0.0,     1.0,     0.0, -1.0   ,     0.0,     0.0,     0.0,     0.0,     0.0,     5.0
maroida01, 1988,     1, TOR , NHL , R  , 76.0, 31.0,  23.0,  54.0,  76.0, -4.0 ,  7.0,  2.0,  0.0,  0.0,  4.0, 1.0, 146.0,       ,      ,      ,        ,        ,        ,        ,        ,        ,        ,        ,      
maroida01, 1989,     1, TOR , NHL , R  , 68.0, 39.0,  37.0,  76.0,  82.0, 1.0  , 14.0, 13.0,  0.0,  0.0,  3.0, 1.0, 183.0,    5.0,   2.0,   2.0,     4.0,    12.0, 1.0    ,     2.0,     0.0,     0.0,     0.0,     0.0,    10.0
maroida01, 1990,     1, TOR , NHL , R  , 78.0, 21.0,   9.0,  30.0, 112.0, -16.0,  6.0,  4.0,  0.0,  0.0,  1.0, 1.0, 152.0,       ,      ,      ,        ,        ,        ,        ,        ,        ,        ,        ,      
maroida01, 1991,     1, TOR , NHL , R  , 63.0, 15.0,  11.0,  26.0,  76.0, -36.0,  4.0,  4.0,  0.0,  0.0,  0.0, 0.0, 140.0,       ,      ,      ,        ,        ,        ,        ,        ,        ,        ,        ,      
maroida01, 1991,     2, NYI , NHL , R  , 12.0,  2.0,   5.0,   7.0,  18.0, 2.0  ,  0.0,  0.0,  0.0,  0.0,  0.0, 0.0,  19.0,       ,      ,      ,        ,        ,        ,        ,        ,        ,        ,        ,      
maroida01, 1992,     1, NYI , NHL , R  , 28.0,  2.0,   5.0,   7.0,  35.0, -3.0 ,  0.0,  0.0,  0.0,  0.0,  0.0, 0.0,  41.0,       ,      ,      ,        ,        ,        ,        ,        ,        ,        ,        ,      
maroida01, 1993,     1, BOS , NHL , L  , 22.0,  7.0,   3.0,  10.0,  18.0, -4.0 ,  3.0,  1.0,  0.0,  0.0,  0.0, 0.0,  32.0,   11.0,   0.0,   1.0,     1.0,    16.0, -1.0   ,     0.0,     1.0,     0.0,     0.0,     0.0,    18.0
maroida01, 1995,     1, DAL , NHL , R  ,  3.0,  0.0,   0.0,   0.0,   2.0, 0.0  ,  0.0,  0.0,  0.0,  0.0,  0.0, 0.0,   1.0,       ,      ,      ,        ,        ,        ,        ,        ,        ,        ,        ,      
maroije01, 1943,     1, TOR , NHL , G  ,  1.0,  0.0,   0.0,   0.0,   0.0,      ,     ,     ,     ,     ,     ,    ,      ,       ,      ,      ,        ,        ,        ,        ,        ,        ,        ,        ,      
maroije01, 1953,     1, CHI , NHL , G  ,  2.0,  0.0,   0.0,   0.0,   0.0,      ,     ,     ,     ,     ,     ,    ,      ,       ,      ,      ,        ,        ,        ,        ,        ,        ,        ,        ,      
maroima01, 1977,     1, NYR , NHL , D  ,  8.0,  1.0,   1.0,   2.0,  15.0, -3.0 ,  0.0,     ,  0.0,     ,  0.0, 0.0,  13.0,    1.0,   0.0,   0.0,     0.0,     5.0,        ,     0.0,        ,     0.0,        ,     0.0,      
maroima01, 1978,     1, NYR , NHL , D  , 71.0,  5.0,  26.0,  31.0, 153.0, 18.0 ,  1.0,     ,  0.0,     ,  0.0, 0.0, 115.0,   18.0,   0.0,   6.0,     6.0,    29.0,        ,     0.0,        ,     0.0,        ,     0.0,      
maroima01, 1979,     1, NYR , NHL , D  , 79.0,  8.0,  23.0,  31.0, 142.0, 0.0  ,  1.0,     ,  0.0,     ,  1.0, 0.0, 158.0,    9.0,   0.0,   2.0,     2.0,     8.0,        ,     0.0,        ,     0.0,        ,     0.0,      
maroima01, 1980,     1, NYR , NHL , D  ,  8.0,  1.0,   2.0,   3.0,  46.0, -5.0 ,  0.0,     ,  0.0,     ,  0.0, 0.0,  11.0,       ,      ,      ,        ,        ,        ,        ,        ,        ,        ,        ,      
maroima01, 1980,     2, VAN , NHL , D  , 50.0,  4.0,  12.0,  16.0, 115.0, 0.0  ,  1.0,     ,  0.0,     ,  0.0, 0.0,  79.0,       ,      ,      ,        ,        ,        ,        ,        ,        ,        ,        ,      
maroima01, 1980,     3, QUE , NHL , D  , 11.0,  0.0,   7.0,   7.0,  20.0, 11.0 ,  0.0,     ,  0.0,     ,  0.0, 0.0,  17.0,    5.0,   0.0,   1.0,     1.0,     6.0,        ,     0.0,        ,     0.0,        ,     0.0,      
maroima01, 1981,     1, QUE , NHL , D  , 71.0, 11.0,  32.0,  43.0, 161.0, 19.0 ,  2.0,     ,  0.0,     ,  0.0, 0.0, 124.0,   13.0,   1.0,   2.0,     3.0,    44.0,        ,     0.0,        ,     0.0,        ,     0.0,      
maroima01, 1982,     1, QUE , NHL , D  , 36.0,  2.0,  12.0,  14.0, 108.0, 5.0  ,  0.0,     ,  0.0,     ,  0.0, 0.0,  83.0,       ,      ,      ,        ,        ,        ,        ,        ,        ,        ,        ,      
maroima01, 1983,     1, QUE , NHL , D  , 80.0, 13.0,  36.0,  49.0, 151.0, 51.0 ,  4.0,     ,  0.0,     ,  0.0, 1.0, 186.0,    9.0,   1.0,   4.0,     5.0,     6.0, 7.0    ,     0.0,        ,     0.0,        ,     0.0,    20.0
maroima01, 1984,     1, QUE , NHL , D  , 76.0,  6.0,  37.0,  43.0,  91.0, 2.0  ,  2.0,     ,  0.0,     ,  0.0, 1.0, 152.0,   18.0,   0.0,   8.0,     8.0,    12.0, -9.0   ,     0.0,        ,     0.0,        ,     0.0,    42.0
maroima01, 1985,     1, QUE , NHL , D  , 20.0,  1.0,  12.0,  13.0,  42.0, -10.0,  1.0,     ,  0.0,     ,  1.0, 0.0,  52.0,       ,      ,      ,        ,        ,        ,        ,        ,        ,        ,        ,      
maroima01, 1985,     2, WIN , NHL , D  , 56.0,  4.0,  28.0,  32.0, 110.0, -22.0,  0.0,     ,  0.0,     ,  0.0, 0.0, 121.0,    3.0,   1.0,   4.0,     5.0,     6.0, -2.0   ,     1.0,        ,     0.0,        ,     0.0,    12.0
maroima01, 1986,     1, WIN , NHL , D  , 79.0,  4.0,  40.0,  44.0, 106.0, -1.0 ,  1.0,     ,  0.0,     ,  0.0, 0.0, 193.0,   10.0,   1.0,   3.0,     4.0,    23.0, 2.0    ,     0.0,        ,     0.0,        ,     1.0,    14.0
maroima01, 1987,     1, WIN , NHL , D  , 79.0,  7.0,  44.0,  51.0, 111.0, 5.0  ,  3.0, 21.0,  0.0,  1.0,  1.0, 0.0, 170.0,    5.0,   0.0,   4.0,     4.0,     6.0, -3.0   ,     0.0,     4.0,     0.0,     0.0,     0.0,     9.0
maroima01, 1988,     1, WIN , NHL , D  ,  7.0,  1.0,   1.0,   2.0,  17.0, -6.0 ,  1.0,     ,  0.0,  0.0,  0.0, 0.0,  10.0,       ,      ,      ,        ,        ,        ,        ,        ,        ,        ,        ,      
maroima01, 1988,     2, QUE , NHL , D  , 42.0,  2.0,  11.0,  13.0, 101.0, -15.0,  0.0,     ,  0.0,  0.0,  0.0, 0.0,  61.0,       ,      ,      ,        ,        ,        ,        ,        ,        ,        ,        ,      
maroima01, 1989,     1, QUE , NHL , D  , 67.0,  3.0,  15.0,  18.0, 104.0, -45.0,  2.0,  5.0,  0.0,  0.0,  0.0, 0.0, 108.0,       ,      ,      ,        ,        ,        ,        ,        ,        ,        ,        ,      
maroima01, 1990,     1, STL , NHL , D  , 64.0,  2.0,  14.0,  16.0,  81.0, 17.0 ,  0.0,  2.0,  0.0,  1.0,  0.0, 0.0,  59.0,    9.0,   0.0,   0.0,     0.0,    37.0, 0.0    ,     0.0,     0.0,     0.0,     0.0,     0.0,     9.0
maroima01, 1991,     1, STL , NHL , D  , 17.0,  0.0,   1.0,   1.0,  38.0, -3.0 ,  0.0,  0.0,  0.0,  0.0,  0.0, 0.0,  11.0,       ,      ,      ,        ,        ,        ,        ,        ,        ,        ,        ,      
maroima01, 1991,     2, WIN , NHL , D  , 34.0,  1.0,   3.0,   4.0,  34.0, -8.0 ,  0.0,  0.0,  1.0,  1.0,  0.0, 0.0,  32.0,       ,      ,      ,        ,        ,        ,        ,        ,        ,        ,        ,      
marotgi01, 1965,     1, BOS , NHL , D  , 51.0,  3.0,  17.0,  20.0,  52.0,      ,  2.0,     ,  0.0,     ,  0.0, 0.0,      ,       ,      ,      ,        ,        ,        ,        ,        ,        ,        ,        ,      
marotgi01, 1966,     1, BOS , NHL , D  , 67.0,  7.0,   8.0,  15.0, 112.0,      ,  1.0,     ,  1.0,     ,  0.0, 0.0,      ,       ,      ,      ,        ,        ,        ,        ,        ,        ,        ,        ,      
marotgi01, 1967,     1, CHI , NHL , D  , 73.0,  0.0,  21.0,  21.0, 122.0, 4.0  ,  0.0,     ,  0.0,     ,  0.0, 0.0, 153.0,   11.0,   3.0,   1.0,     4.0,    14.0,        ,     0.0,        ,     0.0,        ,     1.0,      
marotgi01, 1968,     1, CHI , NHL , D  , 68.0,  5.0,  29.0,  34.0, 120.0, 23.0 ,  1.0,     ,  0.0,     ,  1.0, 0.0, 131.0,       ,      ,      ,        ,        ,        ,        ,        ,        ,        ,        ,      
marotgi01, 1969,     1, CHI , NHL , D  , 51.0,  5.0,  13.0,  18.0,  52.0, -3.0 ,  0.0,     ,  0.0,     ,  1.0, 0.0, 101.0,       ,      ,      ,        ,        ,        ,        ,        ,        ,        ,        ,      
marotgi01, 1969,     2, LAK , NHL , D  , 21.0,  0.0,   6.0,   6.0,  32.0, -8.0 ,  0.0,     ,  0.0,     ,  0.0, 0.0,  57.0,       ,      ,      ,        ,        ,        ,        ,        ,        ,        ,        ,      
marotgi01, 1970,     1, LAK , NHL , D  , 78.0,  6.0,  27.0,  33.0,  96.0, -9.0 ,  0.0,     ,  0.0,     ,  0.0, 0.0, 218.0,       ,      ,      ,        ,        ,        ,        ,        ,        ,        ,        ,      
marotgi01, 1971,     1, LAK , NHL , D  , 72.0, 10.0,  24.0,  34.0,  83.0, -33.0,  4.0,     ,  0.0,     ,  1.0, 0.0, 203.0,       ,      ,      ,        ,        ,        ,        ,        ,        ,        ,        ,      
marotgi01, 1972,     1, LAK , NHL , D  , 78.0,  6.0,  39.0,  45.0,  70.0, -21.0,  3.0,     ,  0.0,     ,  0.0, 0.0, 207.0,       ,      ,      ,        ,        ,        ,        ,        ,        ,        ,        ,      
marotgi01, 1973,     1, LAK , NHL , D  , 22.0,  1.0,  11.0,  12.0,  23.0, -19.0,  1.0,     ,  0.0,     ,  0.0, 0.0,  48.0,       ,      ,      ,        ,        ,        ,        ,        ,        ,        ,        ,      
marotgi01, 1973,     2, NYR , NHL , D  , 46.0,  2.0,  17.0,  19.0,  28.0, 7.0  ,  0.0,     ,  0.0,     ,  1.0, 0.0,  87.0,   12.0,   0.0,   1.0,     1.0,     6.0,        ,     0.0,        ,     0.0,        ,     0.0,      
marotgi01, 1974,     1, NYR , NHL , D  , 77.0,  4.0,  32.0,  36.0,  69.0, 0.0  ,  0.0,     ,  0.0,     ,  1.0, 0.0, 148.0,    3.0,   0.0,   1.0,     1.0,     4.0,        ,     0.0,        ,     0.0,        ,     0.0,      
marotgi01, 1975,     1, NYR , NHL , D  , 57.0,  4.0,  17.0,  21.0,  34.0, -3.0 ,  1.0,     ,  0.0,     ,  0.0, 0.0, 113.0,       ,      ,      ,        ,        ,        ,        ,        ,        ,        ,        ,      
marotgi01, 1976,     1, STL , NHL , D  , 47.0,  3.0,   4.0,   7.0,  26.0, -13.0,  0.0,     ,  0.0,     ,  1.0, 0.0,  59.0,    3.0,   0.0,   0.0,     0.0,     2.0,        ,     0.0,        ,     0.0,        ,     0.0,      
marotgi01, 1977,     1, CIN , WHA , D  , 29.0,  1.0,   7.0,   8.0,  58.0, -6.0 ,  0.0,     ,  0.0,     ,     ,    ,  49.0,       ,      ,      ,        ,        ,        ,        ,        ,        ,        ,        ,      
marotgi01, 1977,     2, IND , WHA , D  , 44.0,  2.0,  13.0,  15.0,  18.0, -17.0,  0.0,     ,  0.0,     ,     ,    ,  49.0,       ,      ,      ,        ,        ,        ,        ,        ,        ,        ,        ,      
marplst01, 1916,     1, PO1 , PCHA, L  , 23.0,  6.0,   4.0,  10.0,   0.0,      ,     ,     ,     ,     ,     ,    ,      ,       ,      ,      ,        ,        ,        ,        ,        ,        ,        ,        ,      
marplst01, 1917,     1, PO1 , PCHA, L  , 12.0,  3.0,   2.0,   5.0,   0.0,      ,     ,     ,     ,     ,     ,    ,      ,       ,      ,      ,        ,        ,        ,        ,        ,        ,        ,        ,      
marplst01, 1918,     1, VA2 , PCHA, L  , 14.0,  8.0,   3.0,  11.0,   0.0,      ,     ,     ,     ,     ,     ,    ,      ,       ,      ,      ,        ,        ,        ,        ,        ,        ,        ,        ,      
marquma01, 1946,     1, BOS , NHL , R  , 27.0,  5.0,   4.0,   9.0,   6.0,      ,     ,     ,     ,     ,     ,    ,      ,    4.0,   0.0,   0.0,     0.0,     0.0,        ,        ,        ,        ,        ,        ,      
marripe01, 1973,     1, TOT , WHA , C  , 31.0,  1.0,   4.0,   5.0,   4.0,      ,  0.0,     ,  0.0,     ,  0.0,    ,      ,    3.0,   0.0,   1.0,     1.0,     0.0,        ,        ,        ,        ,        ,     0.0,      
marripe01, 1974,     1, TOT , WHA , C  ,  4.0,  3.0,   1.0,   4.0,   0.0,      ,  0.0,     ,  0.0,     ,     ,    ,   6.0,    6.0,   0.0,   4.0,     4.0,     2.0,        ,     0.0,        ,     0.0,        ,     0.0,      
marripe01, 1975,     1, TOT , WHA , C  , 64.0, 22.0,  16.0,  38.0,  16.0, -12.0,  2.0,     ,  0.0,     ,  4.0,    , 105.0,       ,      ,      ,        ,        ,        ,        ,        ,        ,        ,        ,      
marripe01, 1976,     1, BIR , WHA , C  , 79.0, 23.0,  37.0,  60.0,  36.0, -7.0 ,  4.0,     ,  1.0,     ,     ,    , 148.0,       ,      ,      ,        ,        ,        ,        ,        ,        ,        ,        ,      
marripe01, 1977,     1, BIR , WHA , C  , 80.0, 28.0,  43.0,  71.0,  53.0, 9.0  ,  7.0,     ,  1.0,     ,     ,    , 187.0,    5.0,   0.0,   3.0,     3.0,     2.0, -2.0   ,        ,        ,        ,        ,     0.0,      
marripe01, 1978,     1, BIR , WHA , C  , 20.0,  4.0,  11.0,  15.0,  18.0, 1.0  ,  1.0,     ,  0.0,     ,     ,    ,  37.0,       ,      ,      ,        ,        ,        ,        ,        ,        ,        ,        ,      
marshbe01, 1965,     1, DET , NHL , D  , 61.0,  0.0,  19.0,  19.0,  45.0,      ,  0.0,     ,  0.0,     ,  0.0, 0.0,      ,   12.0,   1.0,   3.0,     4.0,    16.0,        ,        ,        ,        ,        ,     0.0,      
marshbe01, 1966,     1, DET , NHL , D  , 57.0,  0.0,  10.0,  10.0,  68.0,      ,  0.0,     ,  0.0,     ,  0.0, 0.0,      ,       ,      ,      ,        ,        ,        ,        ,        ,        ,        ,        ,      
marshbe01, 1967,     1, DET , NHL , D  , 37.0,  1.0,   5.0,   6.0,  56.0, 6.0  ,  0.0,     ,  0.0,     ,  0.0, 0.0,  50.0,       ,      ,      ,        ,        ,        ,        ,        ,        ,        ,        ,      
marshbe01, 1967,     2, OAK , NHL , D  , 20.0,  0.0,   4.0,   4.0,  18.0, -2.0 ,  0.0,     ,  0.0,     ,  0.0, 0.0,  44.0,       ,      ,      ,        ,        ,        ,        ,        ,        ,        ,        ,      
marshbe01, 1968,     1, OAK , NHL , D  , 68.0,  3.0,  15.0,  18.0,  81.0, -24.0,  0.0,     ,  0.0,     ,  0.0, 0.0, 118.0,    7.0,   0.0,   7.0,     7.0,    20.0,        ,     0.0,        ,     0.0,        ,     0.0,      
marshbe01, 1969,     1, OAK , NHL , D  , 72.0,  1.0,  15.0,  16.0, 109.0, -21.0,  0.0,     ,  0.0,     ,  0.0, 0.0, 130.0,    4.0,   0.0,   1.0,     1.0,    12.0,        ,     0.0,        ,     0.0,        ,     0.0,      
marshbe01, 1970,     1, CLF , NHL , D  , 32.0,  2.0,   6.0,   8.0,  48.0, -20.0,  1.0,     ,  0.0,     ,  0.0, 0.0,  54.0,       ,      ,      ,        ,        ,        ,        ,        ,        ,        ,        ,      
marshbe01, 1971,     1, CLF , NHL , D  , 66.0,  0.0,  14.0,  14.0,  68.0, -5.0 ,  0.0,     ,  0.0,     ,  0.0, 0.0,  35.0,       ,      ,      ,        ,        ,        ,        ,        ,        ,        ,        ,      
marshbe01, 1972,     1, CLF , NHL , D  , 55.0,  2.0,   6.0,   8.0,  71.0, -36.0,  1.0,     ,  0.0,     ,  0.0, 0.0,  55.0,       ,      ,      ,        ,        ,        ,        ,        ,        ,        ,        ,      
marshbe01, 1972,     2, NYR , NHL , D  ,  8.0,  0.0,   0.0,   0.0,  14.0, -3.0 ,  0.0,     ,  0.0,     ,  0.0, 0.0,   4.0,    6.0,   0.0,   1.0,     1.0,     8.0,        ,     0.0,        ,     0.0,        ,     0.0,      
marshbe01, 1973,     1, NYI , NHL , D  , 69.0,  1.0,   7.0,   8.0,  84.0, 5.0  ,  0.0,     ,  0.0,     ,  0.0, 0.0,  51.0,       ,      ,      ,        ,        ,        ,        ,        ,        ,        ,        ,      
marshbe01, 1974,     1, NYI , NHL , D  , 77.0,  2.0,  28.0,  30.0,  58.0, 18.0 ,  0.0,     ,  0.0,     ,  0.0, 0.0,  69.0,   17.0,   2.0,   5.0,     7.0,    16.0,        ,     0.0,        ,     0.0,        ,     0.0,      
marshbe01, 1975,     1, NYI , NHL , D  , 71.0,  0.0,  16.0,  16.0,  72.0, 37.0 ,  0.0,     ,  0.0,     ,  0.0, 0.0,  70.0,   13.0,   1.0,   3.0,     4.0,    12.0,        ,     0.0,        ,     0.0,        ,     1.0,      
marshbe01, 1976,     1, NYI , NHL , D  , 72.0,  4.0,  21.0,  25.0,  61.0, 48.0 ,  0.0,     ,  0.0,     ,  1.0, 0.0,  62.0,    6.0,   0.0,   0.0,     0.0,     6.0,        ,     0.0,        ,     0.0,        ,     0.0,      
marshbe01, 1977,     1, NYI , NHL , D  , 58.0,  0.0,   7.0,   7.0,  44.0, 10.0 ,  0.0,     ,  0.0,     ,  0.0, 0.0,  32.0,    7.0,   0.0,   2.0,     2.0,     9.0,        ,     0.0,        ,     0.0,        ,     0.0,      
marshbe01, 1978,     1, NYI , NHL , D  , 45.0,  1.0,   8.0,   9.0,  29.0, 9.0  ,  0.0,     ,  0.0,     ,  0.0, 0.0,  26.0,       ,      ,      ,        ,        ,        ,        ,        ,        ,        ,        ,      
marshbr01, 1978,     1, ATF , NHL , D  , 80.0,  0.0,  19.0,  19.0, 101.0, 23.0 ,  0.0,     ,  0.0,     ,  0.0, 0.0,  80.0,    2.0,   0.0,   0.0,     0.0,    17.0,        ,     0.0,        ,     0.0,        ,     0.0,      
marshbr01, 1979,     1, ATF , NHL , D  , 80.0,  2.0,   9.0,  11.0, 119.0, -15.0,  0.0,     ,  0.0,     ,  0.0, 0.0,  73.0,    4.0,   0.0,   1.0,     1.0,     2.0,        ,     0.0,        ,     0.0,        ,     0.0,      
marshbr01, 1980,     1, CAL , NHL , D  , 80.0,  1.0,  12.0,  13.0,  87.0, -2.0 ,  0.0,     ,  0.0,     ,  0.0, 0.0,  58.0,   16.0,   0.0,   5.0,     5.0,     8.0,        ,     0.0,        ,     0.0,        ,     0.0,      
marshbr01, 1981,     1, CAL , NHL , D  , 17.0,  0.0,   1.0,   1.0,  10.0, -16.0,  0.0,     ,  0.0,     ,  0.0, 0.0,  17.0,       ,      ,      ,        ,        ,        ,        ,        ,        ,        ,        ,      
marshbr01, 1981,     2, PHI , NHL , D  , 66.0,  2.0,  22.0,  24.0, 106.0, 17.0 ,  0.0,     ,  0.0,     ,  1.0, 0.0,  58.0,    4.0,   0.0,   0.0,     0.0,     2.0,        ,     0.0,        ,     0.0,        ,     0.0,      
marshbr01, 1982,     1, PHI , NHL , D  , 68.0,  2.0,  11.0,  13.0,  52.0, 20.0 ,  0.0,     ,  0.0,     ,  0.0, 0.0,  76.0,    2.0,   0.0,   1.0,     1.0,     0.0,        ,     0.0,        ,     0.0,        ,     0.0,      
marshbr01, 1983,     1, PHI , NHL , D  , 77.0,  3.0,  14.0,  17.0,  83.0, 24.0 ,  0.0,     ,  0.0,     ,  0.0, 0.0,  90.0,    3.0,   1.0,   1.0,     2.0,     2.0, -1.0   ,     0.0,        ,     0.0,        ,     0.0,     4.0
marshbr01, 1984,     1, PHI , NHL , D  , 77.0,  2.0,  18.0,  20.0,  91.0, 42.0 ,  0.0,     ,  0.0,     ,  0.0, 0.0,  65.0,   19.0,   0.0,   6.0,     6.0,    65.0, 1.0    ,     0.0,        ,     0.0,        ,     0.0,    23.0
marshbr01, 1985,     1, PHI , NHL , D  , 79.0,  0.0,  13.0,  13.0, 123.0, 0.0  ,  0.0,     ,  0.0,     ,  0.0, 0.0, 104.0,    5.0,   0.0,   0.0,     0.0,     2.0, 1.0    ,     0.0,        ,     0.0,        ,     0.0,     8.0
marshbr01, 1986,     1, PHI , NHL , D  , 77.0,  2.0,   9.0,  11.0, 124.0, 9.0  ,  0.0,     ,  0.0,     ,  1.0, 0.0,  81.0,   26.0,   3.0,   4.0,     7.0,    16.0, 2.0    ,     0.0,        ,     1.0,        ,     0.0,    30.0
marshbr01, 1987,     1, PHI , NHL , D  , 70.0,  3.0,   9.0,  12.0,  57.0, -13.0,  0.0,  1.0,  1.0,  1.0,  1.0, 0.0,  57.0,    7.0,   1.0,   0.0,     1.0,     8.0, -8.0   ,     0.0,     0.0,     0.0,     0.0,     0.0,     6.0
marshbr01, 1988,     1, TOR , NHL , D  , 80.0,  1.0,  15.0,  16.0,  79.0, -16.0,  0.0,  1.0,  0.0,  2.0,  0.0, 0.0,  69.0,       ,      ,      ,        ,        ,        ,        ,        ,        ,        ,        ,      
marshbr01, 1989,     1, TOR , NHL , D  , 79.0,  1.0,  13.0,  14.0,  95.0, 14.0 ,  0.0,  0.0,  0.0,  1.0,  0.0, 0.0,  50.0,    5.0,   1.0,   0.0,     1.0,     2.0, 1.0    ,     0.0,     0.0,     0.0,     0.0,     0.0,     3.0
marshbr01, 1990,     1, TOR , NHL , D  , 22.0,  0.0,   0.0,   0.0,  15.0, -6.0 ,  0.0,  0.0,  0.0,  0.0,  0.0, 0.0,  18.0,       ,      ,      ,        ,        ,        ,        ,        ,        ,        ,        ,      
marshbr01, 1990,     2, DET , NHL , D  , 20.0,  1.0,   3.0,   4.0,  16.0, -3.0 ,  0.0,  0.0,  0.0,  2.0,  0.0, 0.0,  16.0,    1.0,   0.0,   0.0,     0.0,     0.0, 0.0    ,     0.0,     0.0,     0.0,     0.0,     0.0,     1.0
marshbr01, 1991,     1, DET , NHL , D  , 55.0,  3.0,   4.0,   7.0,  53.0, 8.0  ,  0.0,  0.0,  0.0,  0.0,  1.0, 0.0,  29.0,    3.0,   0.0,   0.0,     0.0,     0.0, 1.0    ,     0.0,     0.0,     0.0,     0.0,     0.0,     1.0
marshbr01, 1992,     1, OTT , NHL , D  , 59.0,  0.0,   3.0,   3.0,  30.0, -29.0,  0.0,  0.0,  0.0,  0.0,  0.0, 0.0,  35.0,       ,      ,      ,        ,        ,        ,        ,        ,        ,        ,        ,      
marshdo01, 1951,     1, MTL , NHL , C  ,  1.0,  0.0,   0.0,   0.0,   0.0,      ,     ,     ,     ,     ,     ,    ,      ,       ,      ,      ,        ,        ,        ,        ,        ,        ,        ,        ,      
marshdo01, 1954,     1, MTL , NHL , L  , 39.0,  5.0,   3.0,   8.0,   9.0,      ,     ,     ,     ,     ,     ,    ,      ,   12.0,   1.0,   1.0,     2.0,     2.0,        ,        ,        ,        ,        ,        ,      
marshdo01, 1955,     1, MTL , NHL , L  , 66.0,  4.0,   1.0,   5.0,  10.0,      ,     ,     ,     ,     ,     ,    ,      ,   10.0,   1.0,   0.0,     1.0,     0.0,        ,        ,        ,        ,        ,        ,      
marshdo01, 1956,     1, MTL , NHL , C  , 70.0, 12.0,   8.0,  20.0,   6.0,      ,     ,     ,     ,     ,     ,    ,      ,   10.0,   1.0,   3.0,     4.0,     2.0,        ,        ,        ,        ,        ,        ,      
marshdo01, 1957,     1, MTL , NHL , C  , 68.0, 22.0,  19.0,  41.0,  14.0,      ,     ,     ,     ,     ,     ,    ,      ,   10.0,   0.0,   2.0,     2.0,     4.0,        ,        ,        ,        ,        ,        ,      
marshdo01, 1958,     1, MTL , NHL , C  , 70.0, 10.0,  22.0,  32.0,  12.0,      ,     ,     ,     ,     ,     ,    ,      ,   11.0,   0.0,   2.0,     2.0,     2.0,        ,        ,        ,        ,        ,        ,      
marshdo01, 1959,     1, MTL , NHL , L  , 70.0, 16.0,  22.0,  38.0,   4.0,      ,     ,     ,     ,     ,     ,    ,      ,    8.0,   2.0,   2.0,     4.0,     0.0,        ,        ,        ,        ,        ,        ,      
marshdo01, 1960,     1, MTL , NHL , C  , 70.0, 14.0,  17.0,  31.0,   8.0,      ,     ,     ,     ,     ,     ,    ,      ,    6.0,   0.0,   2.0,     2.0,     0.0,        ,        ,        ,        ,        ,     0.0,      
marshdo01, 1961,     1, MTL , NHL , C  , 66.0, 18.0,  28.0,  46.0,  12.0,      ,     ,     ,     ,     ,     ,    ,      ,    6.0,   0.0,   1.0,     1.0,     2.0,        ,        ,        ,        ,        ,     0.0,      
marshdo01, 1962,     1, MTL , NHL , C  , 65.0, 13.0,  20.0,  33.0,   6.0,      ,     ,     ,     ,     ,     ,    ,      ,    5.0,   0.0,   0.0,     0.0,     0.0,        ,        ,        ,        ,        ,     0.0,      
marshdo01, 1963,     1, NYR , NHL , C  , 70.0, 11.0,  12.0,  23.0,   8.0,      ,  0.0,     ,  0.0,     ,  1.0, 0.0,      ,       ,      ,      ,        ,        ,        ,        ,        ,        ,        ,        ,      
marshdo01, 1964,     1, NYR , NHL , C  , 69.0, 20.0,  15.0,  35.0,   2.0,      ,  2.0,     ,  3.0,     ,  1.0, 1.0,      ,       ,      ,      ,        ,        ,        ,        ,        ,        ,        ,        ,      
marshdo01, 1965,     1, NYR , NHL , L  , 69.0, 26.0,  28.0,  54.0,   6.0,      , 10.0,     ,  0.0,     ,  3.0, 2.0,      ,       ,      ,      ,        ,        ,        ,        ,        ,        ,        ,        ,      
marshdo01, 1966,     1, NYR , NHL , L  , 70.0, 24.0,  22.0,  46.0,   4.0,      ,  8.0,     ,  0.0,     ,  4.0, 1.0,      ,    4.0,   0.0,   1.0,     1.0,     2.0,        ,        ,        ,        ,        ,     0.0,      
marshdo01, 1967,     1, NYR , NHL , L  , 70.0, 19.0,  30.0,  49.0,   2.0, 19.0 ,  4.0,     ,  0.0,     ,  3.0, 1.0, 146.0,    6.0,   2.0,   1.0,     3.0,     0.0,        ,     0.0,        ,     0.0,        ,     1.0,      
marshdo01, 1968,     1, NYR , NHL , C  , 74.0, 20.0,  19.0,  39.0,  12.0, 15.0 ,  7.0,     ,  0.0,     ,  4.0, 1.0, 149.0,    4.0,   1.0,   0.0,     1.0,     0.0,        ,     0.0,        ,     0.0,        ,     0.0,      
marshdo01, 1969,     1, NYR , NHL , L  , 57.0,  9.0,  15.0,  24.0,   6.0, 6.0  ,  2.0,     ,  0.0,     ,  3.0, 0.0,  81.0,    1.0,   0.0,   0.0,     0.0,     0.0,        ,     0.0,        ,     0.0,        ,     0.0,      
marshdo01, 1970,     1, BUF , NHL , L  , 62.0, 20.0,  29.0,  49.0,   6.0, -13.0,  9.0,     ,  0.0,     ,  1.0, 2.0, 112.0,       ,      ,      ,        ,        ,        ,        ,        ,        ,        ,        ,      
marshdo01, 1971,     1, TOR , NHL , L  , 50.0,  2.0,  14.0,  16.0,   0.0, 2.0  ,  1.0,     ,  0.0,     ,  0.0, 0.0,  48.0,    1.0,   0.0,   0.0,     0.0,     0.0,        ,     0.0,        ,     0.0,        ,     0.0,      
marshga01, 1967,     1, DET , NHL , L  ,  6.0,  1.0,   3.0,   4.0,   4.0, 2.0  ,  0.0,     ,  0.0,     ,  1.0, 0.0,   7.0,       ,      ,      ,        ,        ,        ,        ,        ,        ,        ,        ,      
marshga01, 1968,     1, TOR , NHL , L  ,  1.0,  0.0,   0.0,   0.0,   0.0, 0.0  ,  0.0,     ,  0.0,     ,  0.0, 0.0,   0.0,       ,      ,      ,        ,        ,        ,        ,        ,        ,        ,        ,      
marshgr01, 1994,     1, DAL , NHL , R  ,  2.0,  0.0,   1.0,   1.0,   0.0, 1.0  ,  0.0,  0.0,  0.0,  0.0,  0.0, 0.0,   0.0,       ,      ,      ,        ,        ,        ,        ,        ,        ,        ,        ,      
marshgr01, 1995,     1, DAL , NHL , R  , 70.0,  9.0,  19.0,  28.0, 111.0, 0.0  ,  0.0,  2.0,  0.0,  0.0,  0.0, 1.0,  62.0,       ,      ,      ,        ,        ,        ,        ,        ,        ,        ,        ,      
marshgr01, 1996,     1, DAL , NHL , R  , 56.0,  6.0,   4.0,  10.0,  98.0, 5.0  ,  0.0,  0.0,  0.0,  0.0,  0.0, 0.0,  62.0,    5.0,   0.0,   2.0,     2.0,     8.0, 2.0    ,     0.0,     0.0,     0.0,     0.0,     0.0,     4.0
marshgr01, 1997,     1, DAL , NHL , R  , 72.0,  9.0,  10.0,  19.0,  96.0, -2.0 ,  3.0,  3.0,  0.0,  0.0,  1.0, 0.0,  91.0,   17.0,   0.0,   2.0,     2.0,    47.0, 0.0    ,     0.0,     0.0,     0.0,     0.0,     0.0,     8.0
marshgr01, 1998,     1, DAL , NHL , R  , 82.0, 13.0,  18.0,  31.0,  85.0, 1.0  ,  2.0,  3.0,  0.0,  0.0,  4.0, 0.0, 112.0,   14.0,   0.0,   3.0,     3.0,    20.0, 1.0    ,     0.0,     0.0,     0.0,     0.0,     0.0,    23.0
marshgr01, 1999,     1, DAL , NHL , R  , 45.0,  2.0,   6.0,   8.0,  38.0, -5.0 ,  1.0,  2.0,  0.0,  0.0,  0.0, 0.0,  43.0,   14.0,   0.0,   1.0,     1.0,     4.0, 0.0    ,     0.0,     0.0,     0.0,     0.0,     0.0,    15.0
marshgr01, 2000,     1, DAL , NHL , R  , 75.0, 13.0,  24.0,  37.0,  64.0, 1.0  ,  4.0, 11.0,  0.0,  0.0,  1.0, 0.0,  93.0,    9.0,   0.0,   0.0,     0.0,     0.0, -1.0   ,     0.0,     0.0,     0.0,     0.0,     0.0,    11.0
marshgr01, 2001,     1, CBS , NHL , R  , 81.0, 15.0,  18.0,  33.0,  86.0, -20.0,  6.0,  3.0,  0.0,  0.0,  4.0, 1.0, 152.0,       ,      ,      ,        ,        ,        ,        ,        ,        ,        ,        ,      
marshgr01, 2002,     1, CBS , NHL , R  , 66.0,  8.0,  20.0,  28.0,  71.0, -8.0 ,  3.0,  6.0,  0.0,  0.0,  2.0, 0.0,  96.0,       ,      ,      ,        ,        ,        ,        ,        ,        ,        ,        ,      
marshgr01, 2002,     2, NJD , NHL , R  , 10.0,  1.0,   3.0,   4.0,   7.0, -3.0 ,  0.0,  2.0,  0.0,  0.0,  0.0, 0.0,  17.0,   24.0,   6.0,   2.0,     8.0,     8.0, 3.0    ,     2.0,     0.0,     0.0,     0.0,     1.0,    47.0
marshgr01, 2003,     1, NJD , NHL , R  , 65.0,  8.0,   7.0,  15.0,  67.0, -9.0 ,  5.0,  1.0,  0.0,  0.0,  2.0, 0.0,  76.0,       ,      ,      ,        ,        ,        ,        ,        ,        ,        ,        ,      
marshgr01, 2005,     1, NJD , NHL , R  , 76.0,  8.0,  17.0,  25.0,  70.0, -18.0,  4.0,  3.0,  0.0,  0.0,  3.0,    ,  89.0,    7.0,   0.0,   1.0,     1.0,     8.0, 0.0    ,     0.0,     0.0,     0.0,     0.0,     0.0,     4.0
marshja01, 1991,     1, STL , NHL , D  ,  2.0,  1.0,   0.0,   1.0,   4.0, 0.0  ,  0.0,  0.0,  0.0,  0.0,  0.0, 0.0,   2.0,       ,      ,      ,        ,        ,        ,        ,        ,        ,        ,        ,      
marshja01, 1994,     1, ANA , NHL , D  ,  1.0,  0.0,   0.0,   0.0,   0.0, -2.0 ,  0.0,  0.0,  0.0,  0.0,  0.0, 0.0,   1.0,       ,      ,      ,        ,        ,        ,        ,        ,        ,        ,        ,      
marshja01, 1995,     1, ANA , NHL , D  , 24.0,  0.0,   1.0,   1.0,  42.0, 3.0  ,  0.0,  0.0,  0.0,  0.0,  0.0, 0.0,   9.0,       ,      ,      ,        ,        ,        ,        ,        ,        ,        ,        ,      
marshja01, 1996,     1, ANA , NHL , D  , 73.0,  1.0,   9.0,  10.0, 140.0, 6.0  ,  0.0,  1.0,  0.0,  0.0,  0.0, 0.0,  34.0,    7.0,   0.0,   1.0,     1.0,     4.0, 1.0    ,     0.0,     0.0,     0.0,     0.0,     0.0,     3.0
marshja01, 1997,     1, ANA , NHL , D  , 72.0,  3.0,   6.0,   9.0, 189.0, -8.0 ,  1.0,  3.0,  0.0,  0.0,  0.0, 0.0,  68.0,       ,      ,      ,        ,        ,        ,        ,        ,        ,        ,        ,      
marshja01, 1998,     1, ANA , NHL , D  , 72.0,  1.0,   7.0,   8.0, 142.0, -5.0 ,  0.0,  0.0,  0.0,  0.0,  0.0, 0.0,  63.0,    4.0,   1.0,   0.0,     1.0,    10.0, -1.0   ,     1.0,     0.0,     0.0,     0.0,     0.0,     5.0
marshja01, 1999,     1, ANA , NHL , D  , 55.0,  0.0,   3.0,   3.0,  88.0, -10.0,  0.0,  0.0,  0.0,  0.0,  0.0, 0.0,  41.0,       ,      ,      ,        ,        ,        ,        ,        ,        ,        ,        ,      
marshja01, 2000,     1, ANA , NHL , D  , 50.0,  3.0,   4.0,   7.0, 105.0, -12.0,  2.0,  0.0,  1.0,  0.0,  1.0, 0.0,  38.0,       ,      ,      ,        ,        ,        ,        ,        ,        ,        ,        ,      
marshja01, 2000,     2, WAS , NHL , D  ,  5.0,  0.0,   0.0,   0.0,  17.0, -1.0 ,  0.0,  0.0,  0.0,  0.0,  0.0, 0.0,   5.0,       ,      ,      ,        ,        ,        ,        ,        ,        ,        ,        ,      
marshja01, 2001,     1, MIN , NHL , D  , 80.0,  5.0,   6.0,  11.0, 148.0, -8.0 ,  1.0,  1.0,  0.0,  1.0,  0.0, 0.0,  73.0,       ,      ,      ,        ,        ,        ,        ,        ,        ,        ,        ,      
marshja01, 2002,     1, MIN , NHL , D  , 45.0,  1.0,   5.0,   6.0,  69.0, 4.0  ,  0.0,  1.0,  0.0,  0.0,  0.0, 0.0,  40.0,   15.0,   1.0,   1.0,     2.0,    16.0, -1.0   ,     0.0,     0.0,     0.0,     0.0,     1.0,    12.0
marshja01, 2003,     1, MIN , NHL , D  , 12.0,  1.0,   4.0,   5.0,  18.0, -1.0 ,  1.0,  3.0,  0.0,  0.0,  0.0, 0.0,  16.0,       ,      ,      ,        ,        ,        ,        ,        ,        ,        ,        ,      
marshja01, 2003,     2, SJS , NHL , D  , 12.0,  0.0,   2.0,   2.0,   8.0, -2.0 ,  0.0,  0.0,  0.0,  0.0,  0.0, 0.0,  14.0,   17.0,   0.0,   1.0,     1.0,    25.0, 1.0    ,     0.0,     0.0,     0.0,     0.0,     0.0,    13.0
marshja01, 2005,     1, ANA , NHL , D  , 23.0,  0.0,   4.0,   4.0,  34.0, 2.0  ,  0.0,  0.0,  0.0,  0.0,  0.0,    ,  25.0,       ,      ,      ,        ,        ,        ,        ,        ,        ,        ,        ,      
marshja02, 1909,     1, MOW , NHA ,    , 12.0,  1.0,   0.0,   1.0,   8.0,      ,     ,     ,     ,     ,     ,    ,      ,       ,      ,      ,        ,        ,        ,        ,        ,        ,        ,        ,      
marshja02, 1910,     1, MOW , NHA ,    ,  5.0,  1.0,   0.0,   1.0,   2.0,      ,     ,     ,     ,     ,     ,    ,      ,       ,      ,      ,        ,        ,        ,        ,        ,        ,        ,        ,      
marshja02, 1911,     1, MOW , NHA ,    ,  3.0,  0.0,   0.0,   0.0,   0.0,      ,     ,     ,     ,     ,     ,    ,      ,       ,      ,      ,        ,        ,        ,        ,        ,        ,        ,        ,      
marshja02, 1912,     1, TBS , NHA ,    , 13.0,  3.0,   0.0,   3.0,   8.0,      ,     ,     ,     ,     ,     ,    ,      ,       ,      ,      ,        ,        ,        ,        ,        ,        ,        ,        ,      
marshja02, 1913,     1, TBS , NHA ,    , 20.0,  3.0,   3.0,   6.0,  16.0,      ,     ,     ,     ,     ,     ,    ,      ,    2.0,   0.0,      ,        ,        ,        ,        ,        ,        ,        ,        ,      
marshja02, 1914,     1, TBS , NHA ,    ,  4.0,  0.0,   1.0,   1.0,   8.0,      ,     ,     ,     ,     ,     ,    ,      ,       ,      ,      ,        ,        ,        ,        ,        ,        ,        ,        ,      
marshja02, 1915,     1, MOW , NHA ,    , 15.0,  1.0,   0.0,   1.0,   2.0,      ,     ,     ,     ,     ,     ,    ,      ,       ,      ,      ,        ,        ,        ,        ,        ,        ,        ,        ,      
marshja02, 1916,     1, MOW , NHA ,    ,  8.0,  0.0,   0.0,   0.0,   0.0,      ,     ,     ,     ,     ,     ,    ,      ,       ,      ,      ,        ,        ,        ,        ,        ,        ,        ,        ,      
marshji01, 1976,     1, BIR , WHA , D  ,  1.0,  0.0,   0.0,   0.0,   0.0, -3.0 ,  0.0,     ,  0.0,     ,  0.0,    ,   0.0,       ,      ,      ,        ,        ,        ,        ,        ,        ,        ,        ,      
marshpa01, 1979,     1, PIT , NHL , L  , 46.0,  9.0,  12.0,  21.0,   9.0, -2.0 ,  1.0,     ,  0.0,     ,  5.0, 1.0,  68.0,    1.0,   0.0,   0.0,     0.0,     0.0,        ,     0.0,        ,     0.0,        ,     0.0,      
marshpa01, 1980,     1, PIT , NHL , L  , 13.0,  3.0,   0.0,   3.0,   4.0, -7.0 ,  1.0,     ,  0.0,     ,  0.0, 0.0,   8.0,       ,      ,      ,        ,        ,        ,        ,        ,        ,        ,        ,      
marshpa01, 1980,     2, TOR , NHL , L  , 13.0,  0.0,   2.0,   2.0,   2.0, -2.0 ,  0.0,     ,  0.0,     ,  0.0, 0.0,   8.0,       ,      ,      ,        ,        ,        ,        ,        ,        ,        ,        ,      
marshpa01, 1981,     1, TOR , NHL , L  , 10.0,  2.0,   2.0,   4.0,   2.0, -4.0 ,  1.0,     ,  0.0,     ,  0.0, 0.0,  14.0,       ,      ,      ,        ,        ,        ,        ,        ,        ,        ,        ,      
marshpa01, 1982,     1, HAR , NHL , L  , 13.0,  1.0,   2.0,   3.0,   0.0, -2.0 ,  0.0,     ,  0.0,     ,  0.0, 0.0,  10.0,       ,      ,      ,        ,        ,        ,        ,        ,        ,        ,        ,      
marshpe01, 1976,     1, CIN , WHA , C  , 76.0, 23.0,  28.0,  51.0,  52.0, 11.0 ,  3.0,     ,  0.0,     ,     ,    , 186.0,    4.0,   2.0,   0.0,     2.0,     0.0, -4.0   ,        ,        ,        ,        ,     0.0,      
marshpe01, 1977,     1, CIN , WHA , R  , 74.0, 25.0,  25.0,  50.0, 123.0, -17.0,  4.0,     ,  0.0,     ,     ,    , 234.0,       ,      ,      ,        ,        ,        ,        ,        ,        ,        ,        ,      
marshpe01, 1978,     1, CIN , WHA , L  , 80.0, 43.0,  23.0,  66.0,  95.0, -31.0, 23.0,     ,  0.0,     ,     ,    , 325.0,    3.0,   1.0,   0.0,     1.0,     0.0, 1.0    ,        ,        ,        ,        ,     0.0,      
marshpe01, 1979,     1, WIN , NHL , R  , 57.0, 18.0,  20.0,  38.0,  59.0, -38.0,  9.0,     ,  0.0,     ,  0.0, 0.0, 187.0,       ,      ,      ,        ,        ,        ,        ,        ,        ,        ,        ,      
marshpe01, 1980,     1, WIN , NHL , R  , 24.0,  6.0,   7.0,  13.0,   9.0, -17.0,  3.0,     ,  0.0,     ,  0.0, 2.0,  63.0,       ,      ,      ,        ,        ,        ,        ,        ,        ,        ,        ,      
marshpe01, 1980,     2, CHI , NHL , R  , 29.0,  4.0,   6.0,  10.0,  10.0, 0.0  ,  0.0,     ,  0.0,     ,  0.0, 0.0,  48.0,    2.0,   1.0,   1.0,     2.0,     2.0,        ,     0.0,        ,     0.0,        ,     0.0,      
marshpe01, 1981,     1, CHI , NHL , R  , 57.0, 10.0,  18.0,  28.0,  47.0, 3.0  ,  0.0,     ,  0.0,     ,  0.0, 1.0, 122.0,   12.0,   0.0,   2.0,     2.0,    31.0,        ,     0.0,        ,     0.0,        ,     0.0,      
marshpe01, 1982,     1, CHI , NHL , R  , 68.0,  6.0,  14.0,  20.0,  55.0, -8.0 ,  0.0,     ,  0.0,     ,  2.0, 0.0, 121.0,   12.0,   0.0,   2.0,     2.0,     0.0,        ,     0.0,        ,     0.0,        ,     0.0,      
marshpe01, 1983,     1, CHI , NHL , R  , 43.0,  4.0,   6.0,  10.0,  44.0, -11.0,  0.0,     ,  0.0,     ,  0.0, 0.0,  86.0,       ,      ,      ,        ,        ,        ,        ,        ,        ,        ,        ,      
marshwi01, 1952,     1, TOR , NHL , C  ,  2.0,  0.0,   0.0,   0.0,   0.0,      ,     ,     ,     ,     ,     ,    ,      ,       ,      ,      ,        ,        ,        ,        ,        ,        ,        ,        ,      
marshwi01, 1954,     1, TOR , NHL , C  , 16.0,  1.0,   4.0,   5.0,   0.0,      ,     ,     ,     ,     ,     ,    ,      ,       ,      ,      ,        ,        ,        ,        ,        ,        ,        ,        ,      
marshwi01, 1955,     1, TOR , NHL , C  ,  6.0,  0.0,   0.0,   0.0,   0.0,      ,     ,     ,     ,     ,     ,    ,      ,       ,      ,      ,        ,        ,        ,        ,        ,        ,        ,        ,      
marshwi01, 1958,     1, TOR , NHL , C  ,  9.0,  0.0,   1.0,   1.0,   2.0,      ,     ,     ,     ,     ,     ,    ,      ,       ,      ,      ,        ,        ,        ,        ,        ,        ,        ,        ,      
marsomi01, 1974,     1, WAS , NHL , L  , 76.0, 16.0,  12.0,  28.0,  59.0, -65.0,  5.0,     ,  0.0,     ,  2.0, 0.0,  89.0,       ,      ,      ,        ,        ,        ,        ,        ,        ,        ,        ,      
marsomi01, 1975,     1, WAS , NHL , L  , 57.0,  4.0,   7.0,  11.0,  50.0, -19.0,  0.0,     ,  0.0,     ,  0.0, 0.0,  35.0,       ,      ,      ,        ,        ,        ,        ,        ,        ,        ,        ,      
marsomi01, 1976,     1, WAS , NHL , L  , 10.0,  0.0,   1.0,   1.0,  18.0, -1.0 ,  0.0,     ,  0.0,     ,  0.0, 0.0,   5.0,       ,      ,      ,        ,        ,        ,        ,        ,        ,        ,        ,      
marsomi01, 1977,     1, WAS , NHL , L  , 46.0,  4.0,   4.0,   8.0, 101.0, 1.0  ,  0.0,     ,  0.0,     ,  0.0, 1.0,  30.0,       ,      ,      ,        ,        ,        ,        ,        ,        ,        ,        ,      
marsomi01, 1978,     1, WAS , NHL , L  ,  4.0,  0.0,   0.0,   0.0,   0.0, -3.0 ,  0.0,     ,  0.0,     ,  0.0, 0.0,   1.0,       ,      ,      ,        ,        ,        ,        ,        ,        ,        ,        ,      
marsomi01, 1979,     1, LAK , NHL , L  ,  3.0,  0.0,   0.0,   0.0,   5.0, -2.0 ,  0.0,     ,  0.0,     ,  0.0, 0.0,   1.0,       ,      ,      ,        ,        ,        ,        ,        ,        ,        ,        ,      
marteto01, 2003,     1, ANA , NHL , C  ,  6.0,  1.0,   1.0,   2.0,   0.0, -2.0 ,  0.0,  0.0,  0.0,  0.0,  0.0, 0.0,   4.0,       ,      ,      ,        ,        ,        ,        ,        ,        ,        ,        ,      
martial01, 2009,     1, LAK , NHL , D  ,  4.0,  0.0,   0.0,   0.0,   2.0, -2.0 ,  0.0,  0.0,  0.0,  0.0,  0.0,    ,   6.0,       ,      ,      ,        ,        ,        ,        ,        ,        ,        ,        ,      
marticl01, 1941,     1, BOS , NHL , D  , 13.0,  0.0,   1.0,   1.0,   4.0,      ,     ,     ,     ,     ,     ,    ,      ,    5.0,   0.0,   0.0,     0.0,     0.0,        ,        ,        ,        ,        ,        ,      
marticl01, 1946,     1, BOS , NHL , D  ,  6.0,  3.0,   0.0,   3.0,   0.0,      ,     ,     ,     ,     ,     ,    ,      ,    5.0,   0.0,   1.0,     1.0,     0.0,        ,        ,        ,        ,        ,        ,      
marticl01, 1947,     1, BOS , NHL , D  , 59.0,  5.0,  13.0,  18.0,  34.0,      ,     ,     ,     ,     ,     ,    ,      ,    5.0,   0.0,   0.0,     0.0,     6.0,        ,        ,        ,        ,        ,        ,      
marticl01, 1949,     1, DET , NHL , D  , 64.0,  2.0,   5.0,   7.0,  14.0,      ,     ,     ,     ,     ,     ,    ,      ,   10.0,   0.0,   1.0,     1.0,     0.0,        ,        ,        ,        ,        ,        ,      
marticl01, 1950,     1, DET , NHL , D  , 50.0,  1.0,   6.0,   7.0,  12.0,      ,     ,     ,     ,     ,     ,    ,      ,    2.0,   0.0,   0.0,     0.0,     0.0,        ,        ,        ,        ,        ,        ,      
marticl01, 1951,     1, NYR , NHL , D  , 14.0,  0.0,   1.0,   1.0,   6.0,      ,     ,     ,     ,     ,     ,    ,      ,       ,      ,      ,        ,        ,        ,        ,        ,        ,        ,        ,      
marticl01, 1951,     2, CHI , NHL , D  , 31.0,  1.0,   2.0,   3.0,   8.0,      ,     ,     ,     ,     ,     ,    ,      ,       ,      ,      ,        ,        ,        ,        ,        ,        ,        ,        ,      
marticr01, 1994,     1, WIN , NHL , R  , 20.0,  0.0,   1.0,   1.0,  19.0, -4.0 ,  0.0,  0.0,  0.0,  0.0,  0.0, 0.0,   3.0,       ,      ,      ,        ,        ,        ,        ,        ,        ,        ,        ,      
marticr01, 1996,     1, FLO , NHL , R  ,  1.0,  0.0,   0.0,   0.0,   5.0, 0.0  ,  0.0,  0.0,  0.0,  0.0,  0.0, 0.0,   1.0,       ,      ,      ,        ,        ,        ,        ,        ,        ,        ,        ,      
martida01, 1993,     1, EDM , NHL , D  ,  2.0,  0.0,   0.0,   0.0,   0.0, -1.0 ,  0.0,  0.0,  0.0,  0.0,  0.0, 0.0,   0.0,       ,      ,      ,        ,        ,        ,        ,        ,        ,        ,        ,      
martido01, 1973,     1, ATF , NHL , R  ,  4.0,  0.0,   0.0,   0.0,   2.0, -3.0 ,  0.0,     ,  0.0,     ,  0.0, 0.0,   3.0,       ,      ,      ,        ,        ,        ,        ,        ,        ,        ,        ,      
martido01, 1974,     1, MNS , NHL , R  , 76.0,  6.0,   9.0,  15.0,  61.0, -13.0,  0.0,     ,  0.0,     ,  0.0, 0.0,  54.0,       ,      ,      ,        ,        ,        ,        ,        ,        ,        ,        ,      
martido01, 1975,     1, DET , NHL , R  ,  9.0,  0.0,   1.0,   1.0,   0.0, -1.0 ,  0.0,     ,  0.0,     ,  0.0, 0.0,   1.0,       ,      ,      ,        ,        ,        ,        ,        ,        ,        ,        ,      
martido01, 1976,     1, DET , NHL , R  ,  1.0,  0.0,   0.0,   0.0,   0.0, 0.0  ,  0.0,     ,  0.0,     ,  0.0, 0.0,   0.0,       ,      ,      ,        ,        ,        ,        ,        ,        ,        ,        ,      
martifo01, 1921,     1, CAT , WCHL, C  , 23.0,  3.0,   8.0,  11.0,  27.0,      ,     ,     ,     ,     ,     ,    ,      ,    2.0,   0.0,   1.0,     1.0,     0.0,        ,        ,        ,        ,        ,        ,      
martifo01, 1922,     1, CAT , WCHL, C  , 29.0,  9.0,   8.0,  17.0,  11.0,      ,     ,     ,     ,     ,     ,    ,      ,       ,      ,      ,        ,        ,        ,        ,        ,        ,        ,        ,      
martifr01, 1952,     1, BOS , NHL , D  , 14.0,  0.0,   2.0,   2.0,   6.0,      ,     ,     ,     ,     ,     ,    ,      ,    6.0,   0.0,   1.0,     1.0,     2.0,        ,        ,        ,        ,        ,        ,      
martifr01, 1953,     1, BOS , NHL , D  , 68.0,  3.0,  17.0,  20.0,  38.0,      ,     ,     ,     ,     ,     ,    ,      ,    4.0,   0.0,   1.0,     1.0,     0.0,        ,        ,        ,        ,        ,        ,      
martifr01, 1954,     1, CHI , NHL , D  , 66.0,  4.0,   8.0,  12.0,  35.0,      ,     ,     ,     ,     ,     ,    ,      ,       ,      ,      ,        ,        ,        ,        ,        ,        ,        ,        ,      
martifr01, 1955,     1, CHI , NHL , D  , 61.0,  3.0,  11.0,  14.0,  21.0,      ,     ,     ,     ,     ,     ,    ,      ,       ,      ,      ,        ,        ,        ,        ,        ,        ,        ,        ,      
martifr01, 1956,     1, CHI , NHL , D  , 70.0,  1.0,   8.0,   9.0,  12.0,      ,     ,     ,     ,     ,     ,    ,      ,       ,      ,      ,        ,        ,        ,        ,        ,        ,        ,        ,      
martifr01, 1957,     1, CHI , NHL , D  ,  3.0,  0.0,   0.0,   0.0,  10.0,      ,     ,     ,     ,     ,     ,    ,      ,       ,      ,      ,        ,        ,        ,        ,        ,        ,        ,        ,      
martigr01, 1983,     1, VAN , NHL , C  , 12.0,  0.0,   2.0,   2.0,   6.0, -2.0 ,  0.0,     ,  0.0,     ,  0.0, 0.0,   7.0,       ,      ,      ,        ,        ,        ,        ,        ,        ,        ,        ,      
martigr01, 1984,     1, VAN , NHL , L  , 12.0,  0.0,   1.0,   1.0,  39.0, -8.0 ,  0.0,     ,  0.0,     ,  0.0, 0.0,   1.0,       ,      ,      ,        ,        ,        ,        ,        ,        ,        ,        ,      
martigr01, 1985,     1, WAS , NHL , C  , 11.0,  0.0,   1.0,   1.0,   6.0, -5.0 ,  0.0,     ,  0.0,     ,  0.0, 0.0,   5.0,       ,      ,      ,        ,        ,        ,        ,        ,        ,        ,        ,      
martigr01, 1986,     1, WAS , NHL , C  ,  9.0,  0.0,   0.0,   0.0,   4.0, -1.0 ,  0.0,     ,  0.0,     ,  0.0, 0.0,   5.0,    1.0,   1.0,   0.0,     1.0,     2.0, 1.0    ,     0.0,        ,     0.0,        ,     0.0,     2.0
martija01, 1960,     1, TOR , NHL , C  ,  1.0,  0.0,   0.0,   0.0,   0.0,      ,     ,     ,     ,     ,     ,    ,      ,       ,      ,      ,        ,        ,        ,        ,        ,        ,        ,        ,      
martima01, 1993,     1, TOR , NHL , D  , 12.0,  0.0,   1.0,   1.0,   6.0, 0.0  ,  0.0,  0.0,  0.0,  0.0,  0.0, 0.0,   6.0,       ,      ,      ,        ,        ,        ,        ,        ,        ,        ,        ,      
martima01, 1994,     1, TOR , NHL , D  , 15.0,  0.0,   0.0,   0.0,  13.0, 2.0  ,  0.0,  0.0,  0.0,  0.0,  0.0, 0.0,  14.0,       ,      ,      ,        ,        ,        ,        ,        ,        ,        ,        ,      
martima01, 1995,     1, TOR , NHL , D  , 13.0,  0.0,   0.0,   0.0,  14.0, -1.0 ,  0.0,  0.0,  0.0,  0.0,  0.0, 0.0,   3.0,       ,      ,      ,        ,        ,        ,        ,        ,        ,        ,        ,      
martima01, 1996,     1, TOR , NHL , D  , 36.0,  0.0,   4.0,   4.0,  38.0, -12.0,  0.0,  0.0,  0.0,  0.0,  0.0, 0.0,  30.0,       ,      ,      ,        ,        ,        ,        ,        ,        ,        ,        ,      
martima02, 2009,     1, NYI , NHL , L  ,  5.0,  0.0,   2.0,   2.0,  26.0, -1.0 ,  0.0,  2.0,  0.0,  0.0,  0.0,    ,  10.0,       ,      ,      ,        ,        ,        ,        ,        ,        ,        ,        ,      
martipa01, 2003,     1, NJD , NHL , D  , 70.0,  6.0,  18.0,  24.0,   4.0, 12.0 ,  2.0,  8.0,  0.0,  0.0,  2.0, 0.0,  82.0,    5.0,   1.0,   1.0,     2.0,     4.0, -4.0   ,     1.0,     1.0,     0.0,     0.0,     0.0,     9.0
martipa01, 2005,     1, NJD , NHL , D  , 80.0,  5.0,  32.0,  37.0,  32.0, 1.0  ,  3.0, 17.0,  0.0,  0.0,  0.0,    ,  97.0,    9.0,   0.0,   3.0,     3.0,     4.0, 6.0    ,     0.0,     1.0,     0.0,     1.0,     0.0,     6.0
martipa01, 2006,     1, NJD , NHL , D  , 82.0,  3.0,  23.0,  26.0,  18.0, -9.0 ,  1.0,  5.0,  0.0,  0.0,  0.0,    ,  84.0,   11.0,   0.0,   4.0,     4.0,     6.0, -4.0   ,     0.0,     0.0,     0.0,     0.0,     0.0,     6.0
martipa01, 2007,     1, NJD , NHL , D  , 73.0,  5.0,  27.0,  32.0,  22.0, 20.0 ,  2.0, 12.0,  0.0,  1.0,  2.0,    ,  93.0,    5.0,   1.0,   2.0,     3.0,     2.0, -8.0   ,     1.0,     1.0,     0.0,     0.0,     0.0,    13.0
martipa01, 2008,     1, NJD , NHL , D  , 73.0,  5.0,  28.0,  33.0,  36.0, 21.0 ,  2.0, 16.0,  0.0,  1.0,  1.0,    , 107.0,    7.0,   0.0,   4.0,     4.0,     2.0, 0.0    ,     0.0,     1.0,     0.0,     0.0,     0.0,     9.0
martipa01, 2009,     1, NJD , NHL , D  , 22.0,  2.0,   9.0,  11.0,   2.0, 10.0 ,  1.0,  1.0,  0.0,  0.0,  0.0,    ,  21.0,    5.0,   0.0,   0.0,     0.0,     0.0, -1.0   ,     0.0,     0.0,     0.0,     0.0,     0.0,     5.0
martipi01, 1961,     1, DET , NHL , C  ,  1.0,  0.0,   1.0,   1.0,   0.0,      ,     ,     ,     ,     ,     ,    ,      ,       ,      ,      ,        ,        ,        ,        ,        ,        ,        ,        ,      
martipi01, 1963,     1, DET , NHL , C  , 50.0,  9.0,  12.0,  21.0,  28.0,      ,  0.0,     ,  0.0,     ,  1.0, 1.0,      ,   14.0,   1.0,   4.0,     5.0,    14.0,        ,        ,        ,        ,        ,     0.0,      
martipi01, 1964,     1, DET , NHL , C  , 58.0,  8.0,   9.0,  17.0,  32.0,      ,  1.0,     ,  1.0,     ,  1.0, 0.0,      ,    3.0,   0.0,   1.0,     1.0,     2.0,        ,        ,        ,        ,        ,     0.0,      
martipi01, 1965,     1, DET , NHL , C  , 10.0,  1.0,   1.0,   2.0,   0.0,      ,  0.0,     ,  0.0,     ,  1.0, 0.0,      ,       ,      ,      ,        ,        ,        ,        ,        ,        ,        ,        ,      
martipi01, 1965,     2, BOS , NHL , C  , 41.0, 16.0,  11.0,  27.0,  10.0,      ,  2.0,     ,  0.0,     ,  1.0, 0.0,      ,       ,      ,      ,        ,        ,        ,        ,        ,        ,        ,        ,      
martipi01, 1966,     1, BOS , NHL , C  , 70.0, 20.0,  22.0,  42.0,  40.0,      ,  4.0,     ,  0.0,     ,  1.0, 1.0,      ,       ,      ,      ,        ,        ,        ,        ,        ,        ,        ,        ,      
martipi01, 1967,     1, CHI , NHL , C  , 63.0, 16.0,  19.0,  35.0,  36.0, 9.0  ,  0.0,     ,  0.0,     ,  2.0, 1.0, 118.0,   11.0,   3.0,   6.0,     9.0,     2.0,        ,     0.0,        ,     0.0,        ,     0.0,      
martipi01, 1968,     1, CHI , NHL , C  , 76.0, 23.0,  38.0,  61.0,  73.0, 9.0  ,  5.0,     ,  0.0,     ,  4.0, 0.0, 173.0,       ,      ,      ,        ,        ,        ,        ,        ,        ,        ,        ,      
martipi01, 1969,     1, CHI , NHL , C  , 73.0, 30.0,  33.0,  63.0,  61.0, 22.0 ,  5.0,     ,  0.0,     ,  1.0, 1.0, 160.0,    8.0,   3.0,   3.0,     6.0,     4.0,        ,     2.0,        ,     0.0,        ,     1.0,      
martipi01, 1970,     1, CHI , NHL , C  , 62.0, 22.0,  33.0,  55.0,  40.0, 18.0 ,  6.0,     ,  0.0,     ,  5.0, 0.0, 126.0,   17.0,   2.0,   7.0,     9.0,    12.0,        ,     0.0,        ,     0.0,        ,     1.0,      
martipi01, 1971,     1, CHI , NHL , C  , 78.0, 24.0,  51.0,  75.0,  56.0, 44.0 ,  5.0,     ,  1.0,     ,  7.0, 4.0, 170.0,    8.0,   4.0,   2.0,     6.0,     4.0,        ,     0.0,        ,     0.0,        ,     1.0,      
martipi01, 1972,     1, CHI , NHL , C  , 78.0, 29.0,  61.0,  90.0,  30.0, 27.0 ,  4.0,     ,  0.0,     ,  3.0, 2.0, 185.0,   15.0,  10.0,   6.0,    16.0,     6.0,        ,     4.0,        ,     0.0,        ,     1.0,      
martipi01, 1973,     1, CHI , NHL , C  , 78.0, 30.0,  47.0,  77.0,  43.0, 29.0 ,  8.0,     ,  2.0,     ,  4.0, 6.0, 175.0,    7.0,   2.0,   0.0,     2.0,     4.0,        ,     1.0,        ,     0.0,        ,     0.0,      
martipi01, 1974,     1, CHI , NHL , C  , 70.0, 19.0,  26.0,  45.0,  34.0, -3.0 ,  4.0,     ,  1.0,     ,  2.0, 0.0, 136.0,    8.0,   1.0,   1.0,     2.0,     2.0,        ,     0.0,        ,     0.0,        ,     0.0,      
martipi01, 1975,     1, CHI , NHL , C  , 80.0, 32.0,  39.0,  71.0,  44.0, 6.0  ,  8.0,     ,  2.0,     ,  4.0, 3.0, 188.0,    4.0,   1.0,   0.0,     1.0,     4.0,        ,     0.0,        ,     0.0,        ,     0.0,      
martipi01, 1976,     1, CHI , NHL , C  , 75.0, 17.0,  36.0,  53.0,  22.0, -4.0 ,  6.0,     ,  1.0,     ,  2.0, 0.0, 117.0,    2.0,   0.0,   0.0,     0.0,     0.0,        ,     0.0,        ,     0.0,        ,     0.0,      
martipi01, 1977,     1, CHI , NHL , C  ,  7.0,  1.0,   1.0,   2.0,   0.0, -1.0 ,  0.0,     ,  0.0,     ,  0.0, 0.0,   7.0,       ,      ,      ,        ,        ,        ,        ,        ,        ,        ,        ,      
martipi01, 1977,     2, VAN , NHL , R  , 67.0, 15.0,  31.0,  46.0,  36.0, -26.0,  4.0,     ,  0.0,     ,  0.0, 3.0, 104.0,       ,      ,      ,        ,        ,        ,        ,        ,        ,        ,        ,      
martipi01, 1978,     1, VAN , NHL , R  , 64.0, 12.0,  14.0,  26.0,  24.0, -3.0 ,  1.0,     ,  0.0,     ,  1.0, 1.0,  80.0,    3.0,   0.0,   1.0,     1.0,     2.0,        ,     0.0,        ,     0.0,        ,     0.0,      
martira01, 2001,     1, NYI , NHL , D  , 23.0,  1.0,   4.0,   5.0,  16.0, 5.0  ,  0.0,  1.0,  0.0,  0.0,  1.0, 0.0,  25.0,       ,      ,      ,        ,        ,        ,        ,        ,        ,        ,        ,      
martira01, 2002,     1, NYI , NHL , D  , 66.0,  2.0,  11.0,  13.0,  26.0, 15.0 ,  0.0,  1.0,  0.0,  0.0,  1.0, 0.0,  67.0,    4.0,   0.0,   0.0,     0.0,     4.0, -1.0   ,     0.0,     0.0,     0.0,     0.0,     0.0,     0.0
martira01, 2003,     1, NYI , NHL , D  , 47.0,  4.0,   3.0,   7.0,  43.0, -9.0 ,  0.0,  0.0,  0.0,  0.0,  1.0, 0.0,  48.0,    5.0,   0.0,   1.0,     1.0,     0.0, 2.0    ,     0.0,     0.0,     0.0,     0.0,     0.0,     4.0
martira01, 2005,     1, NYI , NHL , D  , 74.0,  1.0,  16.0,  17.0,  32.0, -9.0 ,  0.0,  8.0,  0.0,  0.0,  0.0,    ,  79.0,       ,      ,      ,        ,        ,        ,        ,        ,        ,        ,        ,      
martira01, 2006,     1, NYI , NHL , D  , 43.0,  2.0,  15.0,  17.0,  40.0, 19.0 ,  0.0,  4.0,  0.0,  2.0,  0.0,    ,  44.0,       ,      ,      ,        ,        ,        ,        ,        ,        ,        ,        ,      
martira01, 2007,     1, NYI , NHL , D  , 69.0,  0.0,  15.0,  15.0,  40.0, -9.0 ,  0.0,  0.0,  0.0,  4.0,  0.0,    ,  98.0,       ,      ,      ,        ,        ,        ,        ,        ,        ,        ,        ,      
martira01, 2008,     1, NYI , NHL , D  , 51.0,  6.0,   4.0,  10.0,  28.0, -16.0,  1.0,  0.0,  0.0,  0.0,  1.0,    ,  54.0,       ,      ,      ,        ,        ,        ,        ,        ,        ,        ,        ,      
martira01, 2009,     1, NYI , NHL , D  , 16.0,  2.0,   1.0,   3.0,  12.0, -1.0 ,  0.0,  0.0,  1.0,  0.0,  0.0,    ,  24.0,       ,      ,      ,        ,        ,        ,        ,        ,        ,        ,        ,      
martiri01, 1971,     1, BUF , NHL , L  , 73.0, 44.0,  30.0,  74.0,  36.0, -38.0, 19.0,     ,  0.0,     ,  5.0, 4.0, 266.0,       ,      ,      ,        ,        ,        ,        ,        ,        ,        ,        ,      
martiri01, 1972,     1, BUF , NHL , L  , 75.0, 37.0,  36.0,  73.0,  79.0, 4.0  , 11.0,     ,  0.0,     ,  4.0, 3.0, 299.0,    6.0,   3.0,   2.0,     5.0,    12.0,        ,     2.0,        ,     0.0,        ,     0.0,      
martiri01, 1973,     1, BUF , NHL , L  , 78.0, 52.0,  34.0,  86.0,  38.0, -22.0,  8.0,     ,  0.0,     ,  6.0, 3.0, 320.0,       ,      ,      ,        ,        ,        ,        ,        ,        ,        ,        ,      
martiri01, 1974,     1, BUF , NHL , L  , 68.0, 52.0,  43.0,  95.0,  72.0, 5.0  , 21.0,     ,  0.0,     ,  6.0, 2.0, 301.0,   17.0,   7.0,   8.0,    15.0,    20.0,        ,     5.0,        ,     0.0,        ,     1.0,      
martiri01, 1975,     1, BUF , NHL , L  , 80.0, 49.0,  37.0,  86.0,  67.0, 23.0 , 18.0,     ,  0.0,     ,  7.0, 1.0, 327.0,    9.0,   4.0,   7.0,    11.0,    12.0,        ,     2.0,        ,     0.0,        ,     1.0,      
martiri01, 1976,     1, BUF , NHL , L  , 66.0, 36.0,  29.0,  65.0,  58.0, 10.0 , 12.0,     ,  0.0,     ,  6.0, 2.0, 221.0,    6.0,   2.0,   1.0,     3.0,     9.0,        ,     1.0,        ,     0.0,        ,     1.0,      
martiri01, 1977,     1, BUF , NHL , L  , 65.0, 28.0,  35.0,  63.0,  16.0, 16.0 ,  7.0,     ,  0.0,     ,  6.0, 3.0, 221.0,    7.0,   2.0,   4.0,     6.0,    13.0,        ,     1.0,        ,     0.0,        ,     1.0,      
martiri01, 1978,     1, BUF , NHL , L  , 73.0, 32.0,  21.0,  53.0,  35.0, -7.0 ,  8.0,     ,  0.0,     ,  3.0, 0.0, 250.0,    3.0,   0.0,   3.0,     3.0,     0.0,        ,     0.0,        ,     0.0,        ,     0.0,      
martiri01, 1979,     1, BUF , NHL , L  , 80.0, 45.0,  34.0,  79.0,  54.0, 18.0 ,  8.0,     ,  0.0,     ,  3.0, 1.0, 257.0,   14.0,   6.0,   4.0,    10.0,     8.0,        ,     1.0,        ,     0.0,        ,     0.0,      
martiri01, 1980,     1, BUF , NHL , L  , 23.0,  7.0,  14.0,  21.0,  20.0, 4.0  ,  2.0,     ,  0.0,     ,  1.0, 3.0,  57.0,       ,      ,      ,        ,        ,        ,        ,        ,        ,        ,        ,      
martiri01, 1980,     2, LAK , NHL , L  ,  1.0,  1.0,   1.0,   2.0,   0.0, 1.0  ,  0.0,     ,  0.0,     ,  0.0, 0.0,   2.0,    1.0,   0.0,   0.0,     0.0,     0.0,        ,     0.0,        ,     0.0,        ,     0.0,      
martiri01, 1981,     1, LAK , NHL , L  ,  3.0,  1.0,   3.0,   4.0,   2.0, 1.0  ,  1.0,     ,  0.0,     ,  0.0, 0.0,   9.0,       ,      ,      ,        ,        ,        ,        ,        ,        ,        ,        ,      
martiro01, 1932,     1, NYA , NHL , R  , 47.0,  5.0,   7.0,  12.0,   6.0,      ,     ,     ,     ,     ,     ,    ,      ,       ,      ,      ,        ,        ,        ,        ,        ,        ,        ,        ,      
martiro01, 1933,     1, NYA , NHL , R  , 47.0,  8.0,   9.0,  17.0,  30.0,      ,     ,     ,     ,     ,     ,    ,      ,       ,      ,      ,        ,        ,        ,        ,        ,        ,        ,        ,      
martise01, 1967,     1, STL , NHL , G  , 30.0,  0.0,   1.0,   1.0,   0.0, 0.0  ,  0.0,     ,  0.0,     ,  0.0, 0.0,   0.0,    2.0,   0.0,   0.0,     0.0,     0.0,        ,     0.0,        ,     0.0,        ,     0.0,      
martist01, 1987,     1, DET , NHL , L  , 10.0,  1.0,   1.0,   2.0,  84.0, 3.0  ,  0.0,  0.0,  0.0,  0.0,  1.0, 0.0,   3.0,       ,      ,      ,        ,        ,        ,        ,        ,        ,        ,        ,      
martist01, 1988,     1, MTL , NHL , L  , 25.0,  1.0,   0.0,   1.0,  87.0, -1.0 ,  0.0,  0.0,  0.0,  0.0,  1.0, 0.0,   8.0,    1.0,   0.0,   0.0,     0.0,    10.0, -1.0   ,     0.0,     0.0,     0.0,     0.0,     0.0,     1.0
martist01, 1989,     1, MTL , NHL , L  , 13.0,  0.0,   0.0,   0.0,  64.0, -2.0 ,  0.0,  0.0,  0.0,  0.0,  0.0, 0.0,   2.0,       ,      ,      ,        ,        ,        ,        ,        ,        ,        ,        ,      
martist01, 1991,     1, MNS , NHL , L  ,  1.0,  0.0,   0.0,   0.0,   9.0, 0.0  ,  0.0,  0.0,  0.0,  0.0,  0.0, 0.0,   0.0,       ,      ,      ,        ,        ,        ,        ,        ,        ,        ,        ,      
martist02, 1995,     1, HAR , NHL , C  , 23.0,  1.0,   3.0,   4.0,   8.0, -3.0 ,  0.0,  0.0,  0.0,  0.0,  0.0, 0.0,  27.0,       ,      ,      ,        ,        ,        ,        ,        ,        ,        ,        ,      
martist02, 1996,     1, HAR , NHL , C  ,  2.0,  0.0,   1.0,   1.0,   0.0, 0.0  ,  0.0,  0.0,  0.0,  0.0,  0.0, 0.0,   2.0,       ,      ,      ,        ,        ,        ,        ,        ,        ,        ,        ,      
martist02, 1997,     1, CAR , NHL , C  ,  3.0,  0.0,   0.0,   0.0,   0.0, 0.0  ,  0.0,  0.0,  0.0,  0.0,  0.0, 0.0,   0.0,       ,      ,      ,        ,        ,        ,        ,        ,        ,        ,        ,      
martist02, 1998,     1, OTT , NHL , C  , 36.0,  4.0,   3.0,   7.0,  10.0, 4.0  ,  1.0,  0.0,  0.0,  0.0,  1.0, 0.0,  27.0,       ,      ,      ,        ,        ,        ,        ,        ,        ,        ,        ,      
martist02, 1999,     1, OTT , NHL , C  ,  2.0,  1.0,   0.0,   1.0,   0.0, -1.0 ,  0.0,  0.0,  0.0,  0.0,  0.0, 0.0,   3.0,       ,      ,      ,        ,        ,        ,        ,        ,        ,        ,        ,      
martist02, 1999,     2, TBL , NHL , C  , 57.0,  5.0,   7.0,  12.0,  37.0, -11.0,  0.0,  0.0,  1.0,  2.0,  1.0, 0.0,  62.0,       ,      ,      ,        ,        ,        ,        ,        ,        ,        ,        ,      
martist02, 2000,     1, TBL , NHL , C  , 20.0,  1.0,   1.0,   2.0,  13.0, -9.0 ,  0.0,  0.0,  0.0,  0.0,  0.0, 0.0,  18.0,       ,      ,      ,        ,        ,        ,        ,        ,        ,        ,        ,      
martist02, 2000,     2, NYI , NHL , C  , 39.0,  1.0,   3.0,   4.0,  20.0, -7.0 ,  0.0,  0.0,  1.0,  0.0,  0.0, 0.0,  28.0,       ,      ,      ,        ,        ,        ,        ,        ,        ,        ,        ,      
martist02, 2001,     1, OTT , NHL , C  , 14.0,  1.0,   0.0,   1.0,   4.0, 1.0  ,  0.0,  0.0,  0.0,  0.0,  0.0, 0.0,  11.0,    2.0,   0.0,   0.0,     0.0,     0.0, 0.0    ,     0.0,     0.0,     0.0,     0.0,     0.0,     0.0
martist02, 2002,     1, OTT , NHL , C  , 14.0,  2.0,   3.0,   5.0,  10.0, 3.0  ,  0.0,  0.0,  0.0,  0.0,  0.0, 0.0,  13.0,       ,      ,      ,        ,        ,        ,        ,        ,        ,        ,        ,      
martist02, 2002,     2, STL , NHL , C  , 28.0,  3.0,   3.0,   6.0,  18.0, -8.0 ,  0.0,  0.0,  1.0,  1.0,  0.0, 0.0,  25.0,    2.0,   0.0,   1.0,     1.0,     0.0, 1.0    ,     0.0,     0.0,     0.0,     0.0,     0.0,     2.0
martist02, 2003,     1, STL , NHL , C  , 25.0,  1.0,   0.0,   1.0,  22.0, -7.0 ,  0.0,  0.0,  1.0,  0.0,  0.0, 0.0,  27.0,    1.0,   0.0,   0.0,     0.0,     0.0, -1.0   ,     0.0,     0.0,     0.0,     0.0,     0.0,     0.0
martist02, 2005,     1, OTT , NHL , C  ,  4.0,  1.0,   1.0,   2.0,   0.0, 2.0  ,  0.0,  0.0,  0.0,  0.0,  0.0,    ,   6.0,       ,      ,      ,        ,        ,        ,        ,        ,        ,        ,        ,      
martite01, 1975,     1, BUF , NHL , L  ,  1.0,  0.0,   0.0,   0.0,   0.0, 0.0  ,  0.0,     ,  0.0,     ,  0.0, 0.0,   0.0,       ,      ,      ,        ,        ,        ,        ,        ,        ,        ,        ,      
martite01, 1976,     1, BUF , NHL , L  , 62.0, 11.0,  12.0,  23.0,   8.0, 6.0  ,  1.0,     ,  0.0,     ,  0.0, 0.0,  72.0,    3.0,   0.0,   2.0,     2.0,     5.0,        ,     0.0,        ,     0.0,        ,     0.0,      
martite01, 1977,     1, BUF , NHL , L  , 21.0,  3.0,   2.0,   5.0,   9.0, -1.0 ,  0.0,     ,  0.0,     ,  2.0, 0.0,  17.0,    8.0,   2.0,   0.0,     2.0,     5.0,        ,     0.0,        ,     0.0,        ,     0.0,      
martite01, 1978,     1, BUF , NHL , L  , 64.0,  6.0,   8.0,  14.0,  33.0, -17.0,  1.0,     ,  0.0,     ,  0.0, 0.0,  38.0,       ,      ,      ,        ,        ,        ,        ,        ,        ,        ,        ,      
martite01, 1979,     1, QUE , NHL , L  ,  3.0,  0.0,   0.0,   0.0,   0.0, -5.0 ,  0.0,     ,  0.0,     ,  0.0, 0.0,   4.0,       ,      ,      ,        ,        ,        ,        ,        ,        ,        ,        ,      
martite01, 1979,     2, TOR , NHL , L  , 37.0,  6.0,  15.0,  21.0,   2.0, 6.0  ,  1.0,     ,  0.0,     ,  2.0, 0.0,  40.0,    3.0,   2.0,   0.0,     2.0,     7.0,        ,     0.0,        ,     0.0,        ,     0.0,      
martite01, 1980,     1, TOR , NHL , L  , 69.0, 23.0,  14.0,  37.0,  32.0, 15.0 ,  1.0,     ,  0.0,     ,  4.0, 1.0, 111.0,    3.0,   0.0,   0.0,     0.0,     0.0,        ,     0.0,        ,     0.0,        ,     0.0,      
martite01, 1981,     1, TOR , NHL , L  , 72.0, 25.0,  24.0,  49.0,  39.0, -18.0,  4.0,     ,  0.0,     ,  1.0, 1.0, 133.0,       ,      ,      ,        ,        ,        ,        ,        ,        ,        ,        ,      
martite01, 1982,     1, TOR , NHL , L  , 76.0, 14.0,  13.0,  27.0,  28.0, -29.0,  3.0,     ,  1.0,     ,  0.0, 0.0,  95.0,    4.0,   0.0,   0.0,     0.0,     9.0,        ,     0.0,        ,     0.0,        ,     0.0,      
martite01, 1983,     1, TOR , NHL , L  , 63.0, 15.0,  10.0,  25.0,  51.0, -8.0 ,  1.0,     ,  2.0,     ,  1.0, 1.0,  62.0,       ,      ,      ,        ,        ,        ,        ,        ,        ,        ,        ,      
martite01, 1984,     1, EDM , NHL , L  ,  4.0,  0.0,   2.0,   2.0,   0.0, 3.0  ,  0.0,     ,  0.0,     ,  0.0, 0.0,   6.0,       ,      ,      ,        ,        ,        ,        ,        ,        ,        ,        ,      
martite01, 1984,     2, MNS , NHL , L  ,  7.0,  1.0,   1.0,   2.0,   0.0, 0.0  ,  0.0,     ,  0.0,     ,  0.0, 0.0,   5.0,       ,      ,      ,        ,        ,        ,        ,        ,        ,        ,        ,      
martito01, 1967,     1, TOR , NHL , R  ,  3.0,  1.0,   0.0,   1.0,   0.0, 0.0  ,  1.0,     ,  0.0,     ,  0.0, 0.0,   2.0,       ,      ,      ,        ,        ,        ,        ,        ,        ,        ,        ,      
martito01, 1972,     1, OTN , WHA , R  , 74.0, 19.0,  27.0,  46.0,  27.0,      ,  6.0,     ,  0.0,     ,     ,    ,      ,    5.0,   0.0,   5.0,     5.0,     2.0,        ,     0.0,        ,     0.0,        ,     0.0,      
martito01, 1973,     1, TOT , WHA , R  , 74.0, 25.0,  32.0,  57.0,  14.0,      ,  4.0,     ,  0.0,     ,  3.0,    ,      ,   12.0,   7.0,   3.0,    10.0,     2.0,        ,        ,        ,        ,        ,     1.0,      
martito01, 1974,     1, TOT , WHA , R  , 64.0, 15.0,  17.0,  32.0,  18.0, -3.0 ,  3.0,     ,  0.0,     ,     ,    , 184.0,    5.0,   1.0,   5.0,     6.0,     0.0,        ,        ,        ,        ,        ,     0.0,      
martito02, 1984,     1, WIN , NHL , L  ,  8.0,  1.0,   0.0,   1.0,  42.0, 1.0  ,  0.0,     ,  0.0,     ,  0.0, 0.0,   5.0,    3.0,   0.0,   0.0,     0.0,     2.0, 0.0    ,     0.0,        ,     0.0,        ,     0.0,     0.0
martito02, 1985,     1, WIN , NHL , L  ,  5.0,  0.0,   0.0,   0.0,   0.0, 0.0  ,  0.0,     ,  0.0,     ,  0.0, 0.0,   1.0,       ,      ,      ,        ,        ,        ,        ,        ,        ,        ,        ,      
martito02, 1986,     1, WIN , NHL , L  , 11.0,  1.0,   0.0,   1.0,  49.0, 1.0  ,  0.0,     ,  0.0,     ,  0.0, 0.0,   2.0,       ,      ,      ,        ,        ,        ,        ,        ,        ,        ,        ,      
martito02, 1987,     1, HAR , NHL , L  ,  5.0,  1.0,   2.0,   3.0,  14.0, -1.0 ,  0.0,  0.0,  0.0,  0.0,  0.0, 0.0,   8.0,       ,      ,      ,        ,        ,        ,        ,        ,        ,        ,        ,      
martito02, 1988,     1, MNS , NHL , L  ,  4.0,  1.0,   1.0,   2.0,   4.0, 1.0  ,  0.0,  0.0,  0.0,  0.0,  0.0, 0.0,   6.0,       ,      ,      ,        ,        ,        ,        ,        ,        ,        ,        ,      
martito02, 1988,     2, HAR , NHL , L  , 38.0,  7.0,   6.0,  13.0, 113.0, 8.0  ,  0.0,  0.0,  0.0,  0.0,  1.0, 0.0,  40.0,    1.0,   0.0,   0.0,     0.0,     4.0, 0.0    ,     0.0,     0.0,     0.0,     0.0,     0.0,     0.0
martito02, 1989,     1, HAR , NHL , L  , 21.0,  1.0,   2.0,   3.0,  27.0, 0.0  ,  0.0,  0.0,  0.0,  0.0,  0.0, 0.0,  13.0,       ,      ,      ,        ,        ,        ,        ,        ,        ,        ,        ,      
marukde01, 1975,     1, CLF , NHL , C  , 80.0, 30.0,  32.0,  62.0,  44.0, -6.0 ,  7.0,     ,  5.0,     ,  3.0, 1.0, 233.0,       ,      ,      ,        ,        ,        ,        ,        ,        ,        ,        ,      
marukde01, 1976,     1, CLE , NHL , C  , 80.0, 28.0,  50.0,  78.0,  68.0, 4.0  ,  4.0,     ,  0.0,     ,  1.0, 4.0, 268.0,       ,      ,      ,        ,        ,        ,        ,        ,        ,        ,        ,      
marukde01, 1977,     1, CLE , NHL , C  , 76.0, 36.0,  35.0,  71.0,  50.0, -26.0,  4.0,     ,  2.0,     ,  4.0, 1.0, 198.0,       ,      ,      ,        ,        ,        ,        ,        ,        ,        ,        ,      
marukde01, 1978,     1, MNS , NHL , C  ,  2.0,  0.0,   0.0,   0.0,   0.0, -1.0 ,  0.0,     ,  0.0,     ,  0.0, 0.0,   2.0,       ,      ,      ,        ,        ,        ,        ,        ,        ,        ,        ,      
marukde01, 1978,     2, WAS , NHL , C  , 76.0, 31.0,  59.0,  90.0,  71.0, -14.0,  6.0,     ,  2.0,     ,  3.0, 3.0, 189.0,       ,      ,      ,        ,        ,        ,        ,        ,        ,        ,        ,      
marukde01, 1979,     1, WAS , NHL , C  , 27.0, 10.0,  17.0,  27.0,   8.0, 0.0  ,  1.0,     ,  1.0,     ,  0.0, 1.0,  58.0,       ,      ,      ,        ,        ,        ,        ,        ,        ,        ,        ,      
marukde01, 1980,     1, WAS , NHL , C  , 80.0, 50.0,  47.0,  97.0,  87.0, -7.0 , 16.0,     ,  2.0,     ,  5.0, 4.0, 242.0,       ,      ,      ,        ,        ,        ,        ,        ,        ,        ,        ,      
marukde01, 1981,     1, WAS , NHL , C  , 80.0, 60.0,  76.0, 136.0, 128.0, -4.0 , 20.0,     ,  2.0,     ,  1.0, 1.0, 268.0,       ,      ,      ,        ,        ,        ,        ,        ,        ,        ,        ,      
marukde01, 1982,     1, WAS , NHL , C  , 80.0, 31.0,  50.0,  81.0,  71.0, -21.0, 12.0,     ,  0.0,     ,  2.0, 1.0, 185.0,    4.0,   1.0,   1.0,     2.0,     2.0,        ,     0.0,        ,     0.0,        ,     0.0,      
marukde01, 1983,     1, MNS , NHL , C  , 71.0, 17.0,  43.0,  60.0,  42.0, -17.0,  7.0,     ,  0.0,     ,  2.0, 0.0, 130.0,   16.0,   5.0,   5.0,    10.0,     8.0, -6.0   ,     1.0,        ,     1.0,        ,     0.0,    34.0
marukde01, 1984,     1, MNS , NHL , C  , 71.0, 19.0,  41.0,  60.0,  56.0, -2.0 ,  5.0,     ,  0.0,     ,  3.0, 0.0, 126.0,    9.0,   4.0,   7.0,    11.0,    12.0, 1.0    ,     3.0,        ,     0.0,        ,     1.0,    26.0
marukde01, 1985,     1, MNS , NHL , C  , 70.0, 21.0,  37.0,  58.0,  67.0, 13.0 ,  1.0,     ,  0.0,     ,  2.0, 0.0, 135.0,    5.0,   4.0,   9.0,    13.0,     4.0, 5.0    ,     1.0,        ,     0.0,        ,     0.0,    14.0
marukde01, 1986,     1, MNS , NHL , C  , 67.0, 16.0,  30.0,  46.0,  52.0, 5.0  ,  4.0,     ,  0.0,     ,  0.0, 0.0, 144.0,       ,      ,      ,        ,        ,        ,        ,        ,        ,        ,        ,      
marukde01, 1987,     1, MNS , NHL , C  , 22.0,  7.0,   4.0,  11.0,  15.0, 1.0  ,  2.0,  2.0,  0.0,  0.0,  0.0, 1.0,  45.0,       ,      ,      ,        ,        ,        ,        ,        ,        ,        ,        ,      
marukde01, 1988,     1, MNS , NHL , C  ,  6.0,  0.0,   1.0,   1.0,   2.0, 0.0  ,  0.0,  0.0,  0.0,  0.0,  0.0, 0.0,   6.0,       ,      ,      ,        ,        ,        ,        ,        ,        ,        ,        ,      
masnipa01, 1950,     1, MTL , NHL , C  , 43.0,  4.0,   1.0,   5.0,  14.0,      ,     ,     ,     ,     ,     ,    ,      ,   11.0,   2.0,   1.0,     3.0,     4.0,        ,        ,        ,        ,        ,        ,      
masnipa01, 1951,     1, MTL , NHL , C  , 15.0,  1.0,   2.0,   3.0,   2.0,      ,     ,     ,     ,     ,     ,    ,      ,    6.0,   1.0,   0.0,     1.0,    12.0,        ,        ,        ,        ,        ,        ,      
masnipa01, 1952,     1, MTL , NHL , C  , 53.0,  5.0,   7.0,  12.0,  44.0,      ,     ,     ,     ,     ,     ,    ,      ,    6.0,   1.0,   0.0,     1.0,     7.0,        ,        ,        ,        ,        ,        ,      
masnipa01, 1953,     1, MTL , NHL , C  , 50.0,  5.0,  21.0,  26.0,  57.0,      ,     ,     ,     ,     ,     ,    ,      ,   10.0,   0.0,   4.0,     4.0,     4.0,        ,        ,        ,        ,        ,        ,      
masnipa01, 1954,     1, MTL , NHL , C  , 11.0,  0.0,   0.0,   0.0,   0.0,      ,     ,     ,     ,     ,     ,    ,      ,       ,      ,      ,        ,        ,        ,        ,        ,        ,        ,        ,      
masnipa01, 1954,     2, CHI , NHL , C  , 11.0,  1.0,   0.0,   1.0,   8.0,      ,     ,     ,     ,     ,     ,    ,      ,       ,      ,      ,        ,        ,        ,        ,        ,        ,        ,        ,      
masnipa01, 1954,     3, MTL , NHL , C  ,  8.0,  0.0,   1.0,   1.0,   0.0,      ,     ,     ,     ,     ,     ,    ,      ,       ,      ,      ,        ,        ,        ,        ,        ,        ,        ,        ,      
masnipa01, 1957,     1, TOR , NHL , C  , 41.0,  2.0,   9.0,  11.0,  14.0,      ,     ,     ,     ,     ,     ,    ,      ,       ,      ,      ,        ,        ,        ,        ,        ,        ,        ,        ,      
masonbo01, 1983,     1, WAS , NHL , G  ,  2.0,  0.0,   0.0,   0.0,   0.0, 0.0  ,  0.0,     ,  0.0,     ,  0.0, 0.0,   0.0,       ,      ,      ,        ,        ,        ,        ,        ,        ,        ,        ,      
masonbo01, 1984,     1, WAS , NHL , G  , 12.0,  0.0,   1.0,   1.0,   0.0, 0.0  ,  0.0,     ,  0.0,     ,  0.0, 0.0,   0.0,       ,      ,      ,        ,        ,        ,        ,        ,        ,        ,        ,      
masonbo01, 1985,     1, WAS , NHL , G  ,  1.0,  0.0,   0.0,   0.0,   0.0, 0.0  ,  0.0,     ,  0.0,     ,  0.0, 0.0,   0.0,       ,      ,      ,        ,        ,        ,        ,        ,        ,        ,        ,      
masonbo01, 1986,     1, WAS , NHL , G  , 45.0,  0.0,   0.0,   0.0,   0.0, 0.0  ,  0.0,     ,  0.0,     ,  0.0, 0.0,   0.0,    4.0,   0.0,   0.0,     0.0,     0.0, 0.0    ,     0.0,        ,     0.0,        ,     0.0,     0.0
masonbo01, 1987,     1, CHI , NHL , G  , 41.0,  0.0,   2.0,   2.0,   0.0, 0.0  ,  0.0,     ,  0.0,     ,  0.0, 0.0,   0.0,    1.0,   0.0,   0.0,     0.0,     0.0, 0.0    ,     0.0,     0.0,     0.0,     0.0,     0.0,     0.0
masonbo01, 1988,     1, QUE , NHL , G  , 22.0,  0.0,   1.0,   1.0,   2.0, 0.0  ,  0.0,     ,  0.0,     ,  0.0, 0.0,   0.0,       ,      ,      ,        ,        ,        ,        ,        ,        ,        ,        ,      
masonbo01, 1989,     1, WAS , NHL , G  , 16.0,  0.0,   0.0,   0.0,   4.0, 0.0  ,  0.0,  0.0,  0.0,  0.0,  0.0, 0.0,   0.0,       ,      ,      ,        ,        ,        ,        ,        ,        ,        ,        ,      
masonbo01, 1990,     1, VAN , NHL , G  ,  6.0,  0.0,   0.0,   0.0,   0.0, 0.0  ,  0.0,  0.0,  0.0,  0.0,  0.0, 0.0,   0.0,       ,      ,      ,        ,        ,        ,        ,        ,        ,        ,        ,      
masonch01, 1934,     1, NYR , NHL , R/L, 46.0,  5.0,   9.0,  14.0,  14.0,      ,     ,     ,     ,     ,     ,    ,      ,    4.0,   0.0,   1.0,     1.0,     0.0,        ,        ,        ,        ,        ,        ,      
masonch01, 1935,     1, NYR , NHL , R/L, 28.0,  1.0,   5.0,   6.0,  30.0,      ,     ,     ,     ,     ,     ,    ,      ,       ,      ,      ,        ,        ,        ,        ,        ,        ,        ,        ,      
masonch01, 1937,     1, NYA , NHL , R  ,  2.0,  0.0,   0.0,   0.0,   0.0,      ,     ,     ,     ,     ,     ,    ,      ,       ,      ,      ,        ,        ,        ,        ,        ,        ,        ,        ,      
masonch01, 1938,     1, DET , NHL , R  ,  6.0,  0.0,   1.0,   1.0,   0.0,      ,     ,     ,     ,     ,     ,    ,      ,       ,      ,      ,        ,        ,        ,        ,        ,        ,        ,        ,      
masonch01, 1938,     2, CHI , NHL , R  , 13.0,  1.0,   3.0,   4.0,   0.0,      ,     ,     ,     ,     ,     ,    ,      ,       ,      ,      ,        ,        ,        ,        ,        ,        ,        ,        ,      
masonch02, 1998,     1, NAS , NHL , G  ,  3.0,  0.0,   0.0,   0.0,   0.0, 0.0  ,  0.0,  0.0,  0.0,  0.0,  0.0, 0.0,   0.0,       ,      ,      ,        ,        ,        ,        ,        ,        ,        ,        ,      
masonch02, 2000,     1, NAS , NHL , G  ,  1.0,  0.0,   0.0,   0.0,   0.0, 0.0  ,  0.0,  0.0,  0.0,  0.0,  0.0, 0.0,   0.0,       ,      ,      ,        ,        ,        ,        ,        ,        ,        ,        ,      
masonch02, 2003,     1, NAS , NHL , G  , 17.0,  0.0,   0.0,   0.0,   4.0, 0.0  ,  0.0,  0.0,  0.0,  0.0,  0.0, 0.0,   0.0,       ,      ,      ,        ,        ,        ,        ,        ,        ,        ,        ,      
masonch02, 2005,     1, NAS , NHL , G  , 23.0,  1.0,   0.0,   1.0,   0.0, 0.0  ,  0.0,  0.0,  0.0,  0.0,  0.0,    ,   1.0,    5.0,   0.0,   0.0,     0.0,     0.0, 0.0    ,     0.0,     0.0,     0.0,     0.0,     0.0,     0.0
masonch02, 2006,     1, NAS , NHL , G  , 40.0,  0.0,   1.0,   1.0,   4.0, 0.0  ,  0.0,  0.0,  0.0,  0.0,  0.0,    ,   0.0,       ,      ,      ,        ,        ,        ,        ,        ,        ,        ,        ,      
masonch02, 2007,     1, NAS , NHL , G  , 51.0,  0.0,   1.0,   1.0,   0.0, 0.0  ,  0.0,  0.0,  0.0,  0.0,  0.0,    ,   0.0,       ,      ,      ,        ,        ,        ,        ,        ,        ,        ,        ,      
masonch02, 2008,     1, STL , NHL , G  , 57.0,  0.0,   1.0,   1.0,   0.0, 0.0  ,  0.0,  1.0,  0.0,  0.0,  0.0,    ,   0.0,    4.0,   0.0,   0.0,     0.0,     0.0, 0.0    ,     0.0,     0.0,     0.0,     0.0,     0.0,     0.0
masonch02, 2009,     1, STL , NHL , G  , 61.0,  0.0,   0.0,   0.0,   0.0, 0.0  ,  0.0,  0.0,  0.0,  0.0,  0.0,    ,   0.0,       ,      ,      ,        ,        ,        ,        ,        ,        ,        ,        ,      
masonst01, 2008,     1, CBS , NHL , G  , 61.0,  0.0,   0.0,   0.0,   2.0, 0.0  ,  0.0,  0.0,  0.0,  0.0,  0.0,    ,   0.0,    4.0,   0.0,   1.0,     1.0,     0.0, 0.0    ,     0.0,     1.0,     0.0,     0.0,     0.0,     0.0
masonst01, 2009,     1, CBS , NHL , G  , 58.0,  0.0,   2.0,   2.0,   2.0, 0.0  ,  0.0,  0.0,  0.0,  0.0,  0.0,    ,   0.0,       ,      ,      ,        ,        ,        ,        ,        ,        ,        ,        ,      
massege01, 1929,     1, NYA , NHL , L  , 43.0,  7.0,   3.0,  10.0,  18.0,      ,     ,     ,     ,     ,     ,    ,      ,       ,      ,      ,        ,        ,        ,        ,        ,        ,        ,        ,      
massege01, 1930,     1, NYA , NHL , L  , 43.0,  4.0,   7.0,  11.0,  16.0,      ,     ,     ,     ,     ,     ,    ,      ,       ,      ,      ,        ,        ,        ,        ,        ,        ,        ,        ,      
massege01, 1931,     1, NYA , NHL , L  , 14.0,  1.0,   1.0,   2.0,  12.0,      ,     ,     ,     ,     ,     ,    ,      ,       ,      ,      ,        ,        ,        ,        ,        ,        ,        ,        ,      
mastebi01, 1967,     1, MNS , NHL , C  , 38.0,  4.0,   8.0,  12.0,   4.0, -4.0 ,  2.0,     ,  0.0,     ,  0.0, 0.0,  83.0,       ,      ,      ,        ,        ,        ,        ,        ,        ,        ,        ,      
masteja01, 1975,     1, STL , NHL , D  ,  7.0,  0.0,   0.0,   0.0,   0.0, 4.0  ,  0.0,     ,  0.0,     ,  0.0, 0.0,   1.0,    1.0,   0.0,   0.0,     0.0,     0.0,        ,     0.0,        ,     0.0,        ,     0.0,      
masteja01, 1976,     1, STL , NHL , D  , 16.0,  1.0,   7.0,   8.0,   2.0, -7.0 ,  1.0,     ,  0.0,     ,  0.0, 0.0,  22.0,    1.0,   0.0,   0.0,     0.0,     0.0,        ,     0.0,        ,     0.0,        ,     0.0,      
masteja01, 1978,     1, STL , NHL , D  , 10.0,  0.0,   6.0,   6.0,   0.0, -6.0 ,  0.0,     ,  0.0,     ,  0.0, 0.0,  10.0,       ,      ,      ,        ,        ,        ,        ,        ,        ,        ,        ,      
mathefr01, 1948,     1, TOR , NHL , D  , 15.0,  1.0,   2.0,   3.0,   2.0,      ,     ,     ,     ,     ,     ,    ,      ,       ,      ,      ,        ,        ,        ,        ,        ,        ,        ,        ,      
mathefr01, 1949,     1, TOR , NHL , D  ,  6.0,  0.0,   1.0,   1.0,   2.0,      ,     ,     ,     ,     ,     ,    ,      ,       ,      ,      ,        ,        ,        ,        ,        ,        ,        ,        ,      
mathefr01, 1951,     1, TOR , NHL , D  ,  2.0,  0.0,   0.0,   0.0,   0.0,      ,     ,     ,     ,     ,     ,    ,      ,       ,      ,      ,        ,        ,        ,        ,        ,        ,        ,        ,      
mathidw01, 1985,     1, PIT , NHL , R  ,  4.0,  1.0,   0.0,   1.0,   2.0, -4.0 ,  0.0,     ,  0.0,     ,  0.0, 0.0,   4.0,       ,      ,      ,        ,        ,        ,        ,        ,        ,        ,        ,      
mathidw01, 1986,     1, PIT , NHL , R  ,  6.0,  0.0,   1.0,   1.0,   2.0, -1.0 ,  0.0,     ,  0.0,     ,  0.0, 0.0,   4.0,       ,      ,      ,        ,        ,        ,        ,        ,        ,        ,        ,      
mathidw01, 1987,     1, PIT , NHL , R  , 23.0,  0.0,   6.0,   6.0,  14.0, -7.0 ,  0.0,  0.0,  0.0,  0.0,  0.0, 0.0,  29.0,       ,      ,      ,        ,        ,        ,        ,        ,        ,        ,        ,      
mathiji01, 1989,     1, WAS , NHL , D  ,  2.0,  0.0,   0.0,   0.0,   4.0, 0.0  ,  0.0,  0.0,  0.0,  0.0,  0.0, 0.0,   0.0,       ,      ,      ,        ,        ,        ,        ,        ,        ,        ,        ,      
mathima01, 1998,     1, BOS , NHL , C  ,  9.0,  0.0,   0.0,   0.0,   8.0, -1.0 ,  0.0,  0.0,  0.0,  0.0,  0.0, 0.0,   4.0,       ,      ,      ,        ,        ,        ,        ,        ,        ,        ,        ,      
mathima01, 1999,     1, BOS , NHL , C  ,  6.0,  0.0,   2.0,   2.0,   4.0, -2.0 ,  0.0,  0.0,  0.0,  0.0,  0.0, 0.0,   3.0,       ,      ,      ,        ,        ,        ,        ,        ,        ,        ,        ,      
mathima01, 2000,     1, BOS , NHL , C  ,  1.0,  0.0,   0.0,   0.0,   2.0, 0.0  ,  0.0,  0.0,  0.0,  0.0,  0.0, 0.0,   0.0,       ,      ,      ,        ,        ,        ,        ,        ,        ,        ,        ,      
mattech01, 1996,     1, COL , NHL , R  ,  5.0,  1.0,   1.0,   2.0,   0.0, 1.0  ,  0.0,  0.0,  0.0,  0.0,  0.0, 0.0,   6.0,       ,      ,      ,        ,        ,        ,        ,        ,        ,        ,        ,      
mattech01, 1997,     1, COL , NHL , R  ,  5.0,  0.0,   0.0,   0.0,   6.0, 0.0  ,  0.0,  0.0,  0.0,  0.0,  0.0, 0.0,   5.0,       ,      ,      ,        ,        ,        ,        ,        ,        ,        ,        ,      
mattech01, 1998,     1, COL , NHL , R  ,  7.0,  1.0,   1.0,   2.0,   0.0, -2.0 ,  0.0,  0.0,  0.0,  0.0,  0.0, 0.0,   9.0,       ,      ,      ,        ,        ,        ,        ,        ,        ,        ,        ,      
mattech01, 1999,     1, COL , NHL , R  ,  5.0,  0.0,   1.0,   1.0,   4.0, -2.0 ,  0.0,  1.0,  0.0,  0.0,  0.0, 0.0,   1.0,       ,      ,      ,        ,        ,        ,        ,        ,        ,        ,        ,      
mattech01, 2000,     1, MIN , NHL , R  ,  3.0,  0.0,   0.0,   0.0,   2.0, 0.0  ,  0.0,  0.0,  0.0,  0.0,  0.0, 0.0,   8.0,       ,      ,      ,        ,        ,        ,        ,        ,        ,        ,        ,      
mattejo01, 1919,     1, TRS , NHL , R/D, 17.0,  8.0,   3.0,  11.0,  19.0,      ,     ,     ,     ,     ,     ,    ,      ,       ,      ,      ,        ,        ,        ,        ,        ,        ,        ,        ,      
mattejo01, 1920,     1, HAM , NHL , R/D, 21.0,  6.0,   9.0,  15.0,  29.0,      ,     ,     ,     ,     ,     ,    ,      ,       ,      ,      ,        ,        ,        ,        ,        ,        ,        ,        ,      
mattejo01, 1921,     1, HAM , NHL , D  , 21.0,  3.0,   3.0,   6.0,   6.0,      ,     ,     ,     ,     ,     ,    ,      ,       ,      ,      ,        ,        ,        ,        ,        ,        ,        ,        ,      
mattejo01, 1922,     1, SAC , WCHL, D  , 29.0, 14.0,   6.0,  20.0,  25.0,      ,     ,     ,     ,     ,     ,    ,      ,       ,      ,      ,        ,        ,        ,        ,        ,        ,        ,        ,      
mattejo01, 1923,     1, VAM , PCHA, D  , 30.0, 11.0,   4.0,  15.0,  16.0,      ,     ,     ,     ,     ,     ,    ,      ,    5.0,   1.0,   1.0,     2.0,     6.0,        ,        ,        ,        ,        ,        ,      
mattejo01, 1924,     1, VMR , WCHL, D  , 27.0,  8.0,   1.0,   9.0,  20.0,      ,     ,     ,     ,     ,     ,    ,      ,       ,      ,      ,        ,        ,        ,        ,        ,        ,        ,        ,      
mattejo01, 1925,     1, BOS , NHL , R/D,  3.0,  0.0,   0.0,   0.0,   0.0,      ,     ,     ,     ,     ,     ,    ,      ,       ,      ,      ,        ,        ,        ,        ,        ,        ,        ,        ,      
mattejo01, 1925,     2, MTL , NHL , R/D,  6.0,  0.0,   0.0,   0.0,   0.0,      ,     ,     ,     ,     ,     ,    ,      ,       ,      ,      ,        ,        ,        ,        ,        ,        ,        ,        ,      
mattejo02, 1929,     1, DTC , NHL , D  , 12.0,  0.0,   1.0,   1.0,   0.0,      ,     ,     ,     ,     ,     ,    ,      ,       ,      ,      ,        ,        ,        ,        ,        ,        ,        ,        ,      
mattejo02, 1942,     1, CHI , NHL , D  , 12.0,  0.0,   2.0,   2.0,   8.0,      ,     ,     ,     ,     ,     ,    ,      ,       ,      ,      ,        ,        ,        ,        ,        ,        ,        ,        ,      
mattemi01, 2000,     1, MIN , NHL , D  ,  3.0,  0.0,   0.0,   0.0,   2.0, -2.0 ,  0.0,  0.0,  0.0,  0.0,  0.0, 0.0,   3.0,       ,      ,      ,        ,        ,        ,        ,        ,        ,        ,        ,      
mattemi01, 2001,     1, MIN , NHL , D  ,  3.0,  0.0,   0.0,   0.0,   2.0, 1.0  ,  0.0,  0.0,  0.0,  0.0,  0.0, 0.0,   0.0,       ,      ,      ,        ,        ,        ,        ,        ,        ,        ,        ,      
mattest01, 1990,     1, CAL , NHL , R  , 78.0, 15.0,  19.0,  34.0,  93.0, 17.0 ,  0.0,  0.0,  1.0,  4.0,  1.0, 0.0, 114.0,    5.0,   0.0,   1.0,     1.0,     0.0, 0.0    ,     0.0,     0.0,     0.0,     0.0,     0.0,     8.0
mattest01, 1991,     1, CAL , NHL , L  ,  4.0,  1.0,   0.0,   1.0,  19.0, 2.0  ,  0.0,  0.0,  0.0,  0.0,  0.0, 0.0,   7.0,       ,      ,      ,        ,        ,        ,        ,        ,        ,        ,        ,      
mattest01, 1991,     2, CHI , NHL , L  , 20.0,  5.0,   8.0,  13.0,  45.0, 3.0  ,  1.0,  0.0,  0.0,  0.0,  0.0, 0.0,  31.0,   18.0,   4.0,   6.0,    10.0,    24.0, 5.0    ,     1.0,     3.0,     1.0,     0.0,     0.0,    32.0
mattest01, 1992,     1, CHI , NHL , L  , 79.0, 15.0,  18.0,  33.0,  98.0, 6.0  ,  2.0,  2.0,  0.0,  1.0,  4.0, 0.0,  95.0,    3.0,   0.0,   1.0,     1.0,     2.0, -1.0   ,     0.0,     0.0,     0.0,     0.0,     0.0,     2.0
mattest01, 1993,     1, CHI , NHL , L  , 65.0, 15.0,  16.0,  31.0,  55.0, 10.0 ,  2.0,  1.0,  0.0,  3.0,  2.0, 0.0, 113.0,       ,      ,      ,        ,        ,        ,        ,        ,        ,        ,        ,      
mattest01, 1993,     2, NYR , NHL , L  , 12.0,  4.0,   3.0,   7.0,   2.0, 5.0  ,  1.0,  0.0,  0.0,  0.0,  0.0, 1.0,  22.0,   23.0,   6.0,   3.0,     9.0,    20.0, 5.0    ,     1.0,     1.0,     0.0,     0.0,     2.0,    36.0
mattest01, 1994,     1, NYR , NHL , L  , 41.0,  3.0,   5.0,   8.0,  25.0, -8.0 ,  0.0,  0.0,  0.0,  0.0,  0.0, 0.0,  37.0,    9.0,   0.0,   1.0,     1.0,    10.0, -1.0   ,     0.0,     0.0,     0.0,     0.0,     0.0,     9.0
mattest01, 1995,     1, NYR , NHL , L  , 32.0,  4.0,   2.0,   6.0,  22.0, -4.0 ,  1.0,  0.0,  0.0,  0.0,  0.0, 0.0,  39.0,       ,      ,      ,        ,        ,        ,        ,        ,        ,        ,        ,      
mattest01, 1995,     2, STL , NHL , L  , 46.0,  7.0,  13.0,  20.0,  65.0, -4.0 ,  3.0,  4.0,  0.0,  0.0,  2.0, 1.0,  70.0,   11.0,   0.0,   2.0,     2.0,     8.0, -2.0   ,     0.0,     0.0,     0.0,     0.0,     0.0,    13.0
mattest01, 1996,     1, STL , NHL , L  , 74.0, 16.0,  20.0,  36.0,  50.0, 11.0 ,  1.0,  0.0,  2.0,  1.0,  2.0, 0.0,  98.0,    5.0,   0.0,   0.0,     0.0,     0.0, 0.0    ,     0.0,     0.0,     0.0,     0.0,     0.0,     2.0
mattest01, 1997,     1, SJS , NHL , L  , 73.0, 15.0,  14.0,  29.0,  60.0, 4.0  ,  1.0,  0.0,  0.0,  0.0,  2.0, 2.0,  79.0,    4.0,   0.0,   1.0,     1.0,     0.0, 1.0    ,     0.0,     0.0,     0.0,     0.0,     0.0,     2.0
mattest01, 1998,     1, SJS , NHL , L  , 68.0,  8.0,  15.0,  23.0,  73.0, 2.0  ,  0.0,  1.0,  0.0,  1.0,  0.0, 0.0,  72.0,    5.0,   0.0,   0.0,     0.0,     6.0, -3.0   ,     0.0,     0.0,     0.0,     0.0,     0.0,     4.0
mattest01, 1999,     1, SJS , NHL , R  , 69.0, 12.0,  12.0,  24.0,  61.0, -3.0 ,  0.0,  0.0,  0.0,  0.0,  3.0, 0.0,  73.0,   10.0,   0.0,   2.0,     2.0,     8.0, -2.0   ,     0.0,     0.0,     0.0,     0.0,     0.0,    16.0
mattest01, 2000,     1, SJS , NHL , L  , 80.0, 13.0,  19.0,  32.0,  32.0, 5.0  ,  1.0,  1.0,  0.0,  0.0,  3.0, 0.0,  81.0,    6.0,   1.0,   3.0,     4.0,     0.0, 1.0    ,     0.0,     0.0,     0.0,     1.0,     0.0,     6.0
mattest01, 2001,     1, SJS , NHL , L  , 55.0,  7.0,   4.0,  11.0,  15.0, 4.0  ,  1.0,  0.0,  1.0,  1.0,  0.0, 0.0,  43.0,   10.0,   1.0,   2.0,     3.0,     2.0, 1.0    ,     0.0,     0.0,     0.0,     0.0,     0.0,     5.0
mattest01, 2002,     1, FLO , NHL , L  , 52.0,  4.0,   4.0,   8.0,  27.0, -9.0 ,  0.0,  0.0,  0.0,  0.0,  0.0, 0.0,  47.0,       ,      ,      ,        ,        ,        ,        ,        ,        ,        ,        ,      
matthsh01, 2007,     1, FLO , NHL , C  ,  4.0,  2.0,   0.0,   2.0,   2.0, -2.0 ,  1.0,  0.0,  0.0,  0.0,  0.0,    ,   5.0,       ,      ,      ,        ,        ,        ,        ,        ,        ,        ,        ,      
matthsh01, 2008,     1, FLO , NHL , C  , 16.0,  0.0,   2.0,   2.0,   2.0, -3.0 ,  0.0,  0.0,  0.0,  0.0,  0.0,    ,  11.0,       ,      ,      ,        ,        ,        ,        ,        ,        ,        ,        ,      
matthsh01, 2009,     1, FLO , NHL , C  , 55.0,  7.0,   9.0,  16.0,  10.0, -3.0 ,  0.0,  0.0,  0.0,  0.0,  2.0,    ,  67.0,       ,      ,      ,        ,        ,        ,        ,        ,        ,        ,        ,      
mattidi01, 1967,     1, PIT , NHL , D  , 32.0,  0.0,   2.0,   2.0,  18.0, -9.0 ,  0.0,     ,  0.0,     ,  0.0, 0.0,  31.0,       ,      ,      ,        ,        ,        ,        ,        ,        ,        ,        ,      
mattidi01, 1968,     1, PIT , NHL , D  , 12.0,  0.0,   2.0,   2.0,  14.0, -2.0 ,  0.0,     ,  0.0,     ,  0.0, 0.0,  10.0,       ,      ,      ,        ,        ,        ,        ,        ,        ,        ,        ,      
mattidi01, 1968,     2, OAK , NHL , D  , 24.0,  1.0,   9.0,  10.0,  16.0, 3.0  ,  0.0,     ,  0.0,     ,  0.0, 0.0,  17.0,    7.0,   0.0,   1.0,     1.0,     6.0,        ,     0.0,        ,     0.0,        ,     0.0,      
mattidi01, 1969,     1, OAK , NHL , D  , 65.0,  4.0,  10.0,  14.0,  38.0, -21.0,  0.0,     ,  0.0,     ,  0.0, 1.0,  55.0,    1.0,   0.0,   0.0,     0.0,     0.0,        ,     0.0,        ,     0.0,        ,     0.0,      
mattidi01, 1970,     1, CLF , NHL , D  , 67.0,  3.0,   8.0,  11.0,  38.0, -34.0,  1.0,     ,  0.0,     ,  1.0, 0.0,  72.0,       ,      ,      ,        ,        ,        ,        ,        ,        ,        ,        ,      
mattsma01, 1977,     1, WIJ , WHA , G  ,  6.0,  0.0,   0.0,   0.0,   0.0, 0.0  ,  0.0,     ,  0.0,     ,     ,    ,   0.0,       ,      ,      ,        ,        ,        ,        ,        ,        ,        ,        ,      
mattsma01, 1977,     2, QUN , WHA , G  ,  6.0,  0.0,   0.0,   0.0,   2.0, 0.0  ,  0.0,     ,  0.0,     ,     ,    ,   0.0,       ,      ,      ,        ,        ,        ,        ,        ,        ,        ,        ,      
mattsma01, 1977,     3, WIJ , WHA , G  ,  4.0,  0.0,   0.0,   0.0,   0.0, 0.0  ,  0.0,     ,  0.0,     ,     ,    ,   0.0,       ,      ,      ,        ,        ,        ,        ,        ,        ,        ,        ,      
mattsma01, 1978,     1, WIJ , WHA , G  , 52.0,  0.0,   1.0,   1.0,   4.0, 0.0  ,  0.0,     ,  0.0,     ,     ,    ,   0.0,       ,      ,      ,        ,        ,        ,        ,        ,        ,        ,        ,      
mattsma01, 1979,     1, WIN , NHL , G  , 21.0,  0.0,   0.0,   0.0,   2.0, 0.0  ,  0.0,     ,  0.0,     ,  0.0, 0.0,   0.0,       ,      ,      ,        ,        ,        ,        ,        ,        ,        ,        ,      
mattsma01, 1980,     1, WIN , NHL , G  , 31.0,  0.0,   1.0,   1.0,   2.0, 0.0  ,  0.0,     ,  0.0,     ,  0.0, 0.0,   0.0,       ,      ,      ,        ,        ,        ,        ,        ,        ,        ,        ,      
mattsma01, 1982,     1, MNS , NHL , G  ,  2.0,  0.0,   0.0,   0.0,   0.0, 0.0  ,  0.0,     ,  0.0,     ,  0.0, 0.0,   0.0,       ,      ,      ,        ,        ,        ,        ,        ,        ,        ,        ,      
mattsma01, 1982,     2, LAK , NHL , G  , 19.0,  0.0,   2.0,   2.0,   2.0, 0.0  ,  0.0,     ,  0.0,     ,  0.0, 0.0,   0.0,       ,      ,      ,        ,        ,        ,        ,        ,        ,        ,        ,      
mattsma01, 1983,     1, LAK , NHL , G  , 19.0,  0.0,   0.0,   0.0,   0.0, 0.0  ,  0.0,     ,  0.0,     ,  0.0, 0.0,   0.0,       ,      ,      ,        ,        ,        ,        ,        ,        ,        ,        ,      
matviri01, 1992,     1, MNS , NHL , D  , 53.0,  2.0,   3.0,   5.0,  26.0, -8.0 ,  1.0,  0.0,  0.0,  0.0,  0.0, 0.0,  51.0,       ,      ,      ,        ,        ,        ,        ,        ,        ,        ,        ,      
matviri01, 1993,     1, DAL , NHL , D  , 25.0,  0.0,   3.0,   3.0,  22.0, 1.0  ,  0.0,  1.0,  0.0,  0.0,  0.0, 0.0,  18.0,    7.0,   1.0,   1.0,     2.0,    12.0, -2.0   ,     1.0,     1.0,     0.0,     0.0,     0.0,    14.0
matviri01, 1994,     1, DAL , NHL , D  , 14.0,  0.0,   2.0,   2.0,  14.0, -7.0 ,  0.0,  1.0,  0.0,  0.0,  0.0, 0.0,  21.0,    5.0,   0.0,   2.0,     2.0,     4.0, -3.0   ,     0.0,     2.0,     0.0,     0.0,     0.0,     6.0
matviri01, 1995,     1, DAL , NHL , D  , 73.0,  6.0,  16.0,  22.0,  71.0, 4.0  ,  0.0,  3.0,  0.0,  0.0,  1.0, 0.0,  81.0,       ,      ,      ,        ,        ,        ,        ,        ,        ,        ,        ,      
matviri01, 1996,     1, DAL , NHL , D  , 57.0,  5.0,   7.0,  12.0,  87.0, 1.0  ,  0.0,  1.0,  2.0,  0.0,  0.0, 0.0,  83.0,    7.0,   0.0,   1.0,     1.0,    20.0, -1.0   ,     0.0,     0.0,     0.0,     0.0,     0.0,     8.0
matviri01, 1997,     1, DAL , NHL , D  , 74.0,  3.0,  15.0,  18.0,  63.0, 7.0  ,  0.0,  2.0,  0.0,  0.0,  0.0, 0.0,  71.0,   16.0,   1.0,   1.0,     2.0,    14.0, 2.0    ,     0.0,     0.0,     0.0,     0.0,     0.0,    20.0
matviri01, 1998,     1, DAL , NHL , D  , 64.0,  3.0,   9.0,  12.0,  51.0, 23.0 ,  1.0,  1.0,  0.0,  1.0,  0.0, 0.0,  54.0,   22.0,   1.0,   5.0,     6.0,    20.0, 4.0    ,     0.0,     0.0,     0.0,     0.0,     0.0,    26.0
matviri01, 1999,     1, DAL , NHL , D  , 70.0,  4.0,  21.0,  25.0,  42.0, 7.0  ,  0.0,  6.0,  0.0,  1.0,  1.0, 0.0,  73.0,   23.0,   2.0,   5.0,     7.0,    14.0, 7.0    ,     0.0,     2.0,     0.0,     0.0,     0.0,    19.0
matviri01, 2000,     1, DAL , NHL , D  , 78.0,  4.0,  16.0,  20.0,  62.0, 5.0  ,  2.0,  4.0,  0.0,  0.0,  1.0, 0.0,  85.0,   10.0,   0.0,   0.0,     0.0,    14.0, -2.0   ,     0.0,     0.0,     0.0,     0.0,     0.0,     8.0
matviri01, 2001,     1, DAL , NHL , D  , 82.0,  9.0,  12.0,  21.0,  52.0, 11.0 ,  4.0,  1.0,  0.0,  1.0,  2.0, 0.0, 109.0,       ,      ,      ,        ,        ,        ,        ,        ,        ,        ,        ,      
matviri01, 2002,     1, DAL , NHL , D  , 68.0,  1.0,   5.0,   6.0,  58.0, 1.0  ,  0.0,  0.0,  0.0,  1.0,  1.0, 0.0,  59.0,   12.0,   0.0,   3.0,     3.0,     8.0, 1.0    ,     0.0,     0.0,     0.0,     0.0,     0.0,    12.0
matviri01, 2003,     1, DAL , NHL , D  , 75.0,  1.0,  20.0,  21.0,  36.0, 0.0  ,  0.0,  7.0,  0.0,  1.0,  1.0, 0.0,  85.0,    5.0,   0.0,   1.0,     1.0,     8.0, -4.0   ,     0.0,     0.0,     0.0,     0.0,     0.0,     5.0
matviri01, 2005,     1, NJD , NHL , D  , 62.0,  1.0,  10.0,  11.0,  40.0, 2.0  ,  0.0,  0.0,  0.0,  0.0,  0.0,    ,  43.0,    7.0,   0.0,   0.0,     0.0,     4.0, 5.0    ,     0.0,     0.0,     0.0,     0.0,     0.0,     1.0
matviri01, 2006,     1, NJD , NHL , D  ,  1.0,  0.0,   0.0,   0.0,   0.0, -1.0 ,  0.0,  0.0,  0.0,  0.0,  0.0,    ,   0.0,    9.0,   0.0,   0.0,     0.0,    10.0, -4.0   ,     0.0,     0.0,     0.0,     0.0,     0.0,     0.0
matzjo01 , 1914,     1, VML , PCHA, R  ,  1.0,  1.0,   0.0,   1.0,   0.0,      ,     ,     ,     ,     ,     ,    ,      ,       ,      ,      ,        ,        ,        ,        ,        ,        ,        ,        ,      
matzjo01 , 1921,     1, EDE , WCHL, R  , 24.0,  4.0,   1.0,   5.0,   2.0,      ,     ,     ,     ,     ,     ,    ,      ,    2.0,   0.0,   0.0,     0.0,     0.0,        ,        ,        ,        ,        ,        ,      
matzjo01 , 1922,     1, EDE , WCHL, R  ,  4.0,  0.0,   0.0,   0.0,   4.0,      ,     ,     ,     ,     ,     ,    ,      ,       ,      ,      ,        ,        ,        ,        ,        ,        ,        ,        ,      
matzjo01 , 1922,     2, SAC , WCHL, R  , 24.0,  4.0,   3.0,   7.0,   6.0,      ,     ,     ,     ,     ,     ,    ,      ,       ,      ,      ,        ,        ,        ,        ,        ,        ,        ,        ,      
matzjo01 , 1923,     1, SAC , WCHL, R  , 24.0,  2.0,   1.0,   3.0,   4.0,      ,     ,     ,     ,     ,     ,    ,      ,       ,      ,      ,        ,        ,        ,        ,        ,        ,        ,        ,      
matzjo01 , 1924,     1, MTL , NHL , F  , 30.0,  3.0,   2.0,   5.0,   0.0,      ,     ,     ,     ,     ,     ,    ,      ,    1.0,   0.0,   0.0,     0.0,     0.0,        ,        ,        ,        ,        ,        ,      
mauldgr01, 2003,     1, CBS , NHL , C  ,  6.0,  0.0,   0.0,   0.0,   4.0, -2.0 ,  0.0,  0.0,  0.0,  0.0,  0.0, 0.0,   6.0,       ,      ,      ,        ,        ,        ,        ,        ,        ,        ,        ,      
mauldgr01, 2009,     1, NYI , NHL , C  ,  1.0,  0.0,   0.0,   0.0,   0.0, -1.0 ,  0.0,  0.0,  0.0,  0.0,  0.0,    ,   2.0,       ,      ,      ,        ,        ,        ,        ,        ,        ,        ,        ,      
mavetla01, 1972,     1, LAS , WHA , D  ,  2.0,  1.0,   0.0,   1.0,   2.0,      ,  1.0,     ,  0.0,     ,     ,    ,      ,       ,      ,      ,        ,        ,        ,        ,        ,        ,        ,        ,      
mavetla01, 1972,     2, PHB , WHA , D  ,  4.0,  0.0,   0.0,   0.0,  14.0,      ,  0.0,     ,  0.0,     ,     ,    ,      ,       ,      ,      ,        ,        ,        ,        ,        ,        ,        ,        ,      
mavetla01, 1972,     3, CHC , WHA , D  , 67.0,  9.0,  40.0,  49.0,  73.0,      ,  2.0,     ,  1.0,     ,     ,    ,      ,       ,      ,      ,        ,        ,        ,        ,        ,        ,        ,        ,      
mavetla01, 1973,     1, CHC , WHA , D  , 77.0, 15.0,  36.0,  51.0, 157.0,      ,  4.0,     ,  0.0,     ,  4.0,    ,      ,   18.0,   4.0,   8.0,    12.0,    46.0,        ,        ,        ,        ,        ,     1.0,      
mavetla01, 1974,     1, CHC , WHA , D  , 57.0, 10.0,  22.0,  32.0, 126.0, -3.0 ,  3.0,     ,  0.0,     ,     ,    , 169.0,       ,      ,      ,        ,        ,        ,        ,        ,        ,        ,        ,      
mavetla01, 1974,     2, TOT , WHA , D  , 17.0,  0.0,   9.0,   9.0,  24.0, 6.0  ,  0.0,     ,  0.0,     ,  0.0,    ,  28.0,    6.0,   0.0,   3.0,     3.0,     6.0,        ,     0.0,        ,     0.0,        ,     0.0,      
mavetla01, 1975,     1, DOT , WHA , D  , 14.0,  0.0,   4.0,   4.0,  14.0, -12.0,     ,     ,     ,     ,     ,    ,  20.0,       ,      ,      ,        ,        ,        ,        ,        ,        ,        ,        ,      
mavetla01, 1976,     1, IND , WHA , D  , 10.0,  2.0,   2.0,   4.0,   8.0, -1.0 ,  0.0,     ,  0.0,     ,     ,    ,  13.0,       ,      ,      ,        ,        ,        ,        ,        ,        ,        ,        ,      
maxnewa01, 1964,     1, BOS , NHL , L  , 54.0,  7.0,   6.0,  13.0,  42.0,      ,  1.0,     ,  0.0,     ,  0.0, 0.0,      ,       ,      ,      ,        ,        ,        ,        ,        ,        ,        ,        ,      
maxnewa01, 1965,     1, BOS , NHL , L  ,  8.0,  1.0,   3.0,   4.0,   6.0,      ,  0.0,     ,  0.0,     ,  0.0, 0.0,      ,       ,      ,      ,        ,        ,        ,        ,        ,        ,        ,        ,      
maxwebe01, 2008,     1, MTL , NHL , C  ,  7.0,  0.0,   0.0,   0.0,   2.0, -1.0 ,  0.0,  0.0,  0.0,  0.0,  0.0,    ,   2.0,       ,      ,      ,        ,        ,        ,        ,        ,        ,        ,        ,      
maxwebe01, 2009,     1, MTL , NHL , C  , 13.0,  0.0,   0.0,   0.0,   6.0, -2.0 ,  0.0,  0.0,  0.0,  0.0,  0.0,    ,   6.0,    1.0,   0.0,   0.0,     0.0,     0.0, -1.0   ,     0.0,     0.0,     0.0,     0.0,     0.0,     0.0
maxwebr01, 1977,     1, MNS , NHL , D  , 75.0, 18.0,  29.0,  47.0, 100.0, -57.0, 12.0,     ,  0.0,     ,  0.0, 1.0, 209.0,       ,      ,      ,        ,        ,        ,        ,        ,        ,        ,        ,      
maxwebr01, 1978,     1, MNS , NHL , D  , 70.0,  9.0,  28.0,  37.0, 145.0, -13.0,  5.0,     ,  0.0,     ,  0.0, 1.0, 200.0,       ,      ,      ,        ,        ,        ,        ,        ,        ,        ,        ,      
maxwebr01, 1979,     1, MNS , NHL , D  , 58.0,  7.0,  30.0,  37.0, 126.0, 9.0  ,  0.0,     ,  0.0,     ,  0.0, 0.0, 135.0,   11.0,   0.0,   8.0,     8.0,    20.0,        ,     0.0,        ,     0.0,        ,     0.0,      
maxwebr01, 1980,     1, MNS , NHL , D  , 27.0,  3.0,  13.0,  16.0,  98.0, -1.0 ,  3.0,     ,  0.0,     ,  1.0, 0.0,  71.0,   18.0,   3.0,  11.0,    14.0,    35.0,        ,     1.0,        ,     0.0,        ,     0.0,      
maxwebr01, 1981,     1, MNS , NHL , D  , 51.0, 10.0,  21.0,  31.0,  96.0, 6.0  ,  0.0,     ,  1.0,     ,  1.0, 1.0, 109.0,    4.0,   0.0,   3.0,     3.0,    13.0,        ,     0.0,        ,     0.0,        ,     0.0,      
maxwebr01, 1982,     1, MNS , NHL , D  , 77.0, 11.0,  28.0,  39.0, 157.0, -1.0 ,  2.0,     ,  0.0,     ,  3.0, 0.0, 162.0,    9.0,   5.0,   6.0,    11.0,    23.0,        ,     2.0,        ,     0.0,        ,     0.0,      
maxwebr01, 1983,     1, MNS , NHL , D  , 78.0, 19.0,  54.0,  73.0, 225.0, -7.0 ,  8.0,     ,  0.0,     ,  2.0, 1.0, 228.0,   16.0,   2.0,  11.0,    13.0,    40.0, -7.0   ,     1.0,        ,     0.0,        ,     0.0,    52.0
maxwebr01, 1984,     1, MNS , NHL , D  , 18.0,  3.0,   7.0,  10.0,  53.0, -8.0 ,  1.0,     ,  0.0,     ,  0.0, 0.0,  29.0,       ,      ,      ,        ,        ,        ,        ,        ,        ,        ,        ,      
maxwebr01, 1984,     2, QUE , NHL , D  , 50.0,  7.0,  24.0,  31.0, 119.0, 22.0 ,  1.0,     ,  0.0,     ,  1.0, 0.0, 109.0,   18.0,   2.0,   9.0,    11.0,    35.0, 5.0    ,     1.0,        ,     0.0,        ,     0.0,    37.0
maxwebr01, 1985,     1, TOR , NHL , D  , 52.0,  8.0,  18.0,  26.0, 108.0, -27.0,  4.0,     ,  0.0,     ,  0.0, 0.0,  93.0,    3.0,   0.0,   1.0,     1.0,    12.0, -3.0   ,     0.0,        ,     0.0,        ,     0.0,     2.0
maxwebr01, 1986,     1, VAN , NHL , D  , 30.0,  1.0,   7.0,   8.0,  28.0, -9.0 ,  1.0,     ,  0.0,     ,  0.0, 0.0,  43.0,       ,      ,      ,        ,        ,        ,        ,        ,        ,        ,        ,      
maxwebr01, 1986,     2, NYR , NHL , D  ,  9.0,  0.0,   4.0,   4.0,   6.0, -1.0 ,  0.0,     ,  0.0,     ,  0.0, 0.0,  10.0,       ,      ,      ,        ,        ,        ,        ,        ,        ,        ,        ,      
maxwebr01, 1986,     3, MNS , NHL , D  , 17.0,  2.0,   7.0,   9.0,  31.0, 3.0  ,  0.0,     ,  0.0,     ,  1.0, 0.0,  33.0,       ,      ,      ,        ,        ,        ,        ,        ,        ,        ,        ,      
maxwebr02, 1975,     1, CLC , WHA , D  , 73.0,  3.0,  14.0,  17.0, 177.0, -13.0,  0.0,     ,  0.0,     ,  1.0,    ,  67.0,    2.0,   0.0,   1.0,     1.0,     4.0, -1.0   ,        ,        ,        ,        ,     0.0,      
maxwebr02, 1976,     1, CIN , WHA , D  , 34.0,  1.0,   8.0,   9.0,  29.0, 2.0  ,  0.0,     ,  0.0,     ,     ,    ,  44.0,    4.0,   0.0,   0.0,     0.0,    29.0, -3.0   ,     0.0,        ,     0.0,        ,     0.0,      
maxwebr02, 1977,     1, NEW , WHA , D  , 17.0,  2.0,   1.0,   3.0,  11.0, 9.0  ,  0.0,     ,  0.0,     ,     ,    ,  30.0,       ,      ,      ,        ,        ,        ,        ,        ,        ,        ,        ,      
maxwebr02, 1977,     2, MNS , NHL , D  , 18.0,  2.0,   5.0,   7.0,  41.0, 2.0  ,  1.0,     ,  0.0,     ,  0.0, 0.0,  33.0,       ,      ,      ,        ,        ,        ,        ,        ,        ,        ,        ,      
maxwebr02, 1978,     1, MNS , NHL , D  , 25.0,  1.0,   6.0,   7.0,  46.0, -13.0,  0.0,     ,  0.0,     ,  0.0, 0.0,  32.0,       ,      ,      ,        ,        ,        ,        ,        ,        ,        ,        ,      
maxwebr02, 1979,     1, STL , NHL , D  , 57.0,  1.0,  11.0,  12.0, 112.0, -13.0,  0.0,     ,  0.0,     ,  0.0, 0.0,  34.0,    1.0,   0.0,   0.0,     0.0,     9.0,        ,     0.0,        ,     0.0,        ,     0.0,      
maxwebr02, 1980,     1, STL , NHL , D  , 40.0,  3.0,  10.0,  13.0, 137.0, 7.0  ,  0.0,     ,  0.0,     ,  0.0, 0.0,  35.0,   11.0,   0.0,   1.0,     1.0,    54.0,        ,     0.0,        ,     0.0,        ,     0.0,      
maxwebr02, 1981,     1, WIN , NHL , D  , 45.0,  1.0,   9.0,  10.0, 110.0, -11.0,  0.0,     ,  0.0,     ,  0.0, 0.0,  45.0,       ,      ,      ,        ,        ,        ,        ,        ,        ,        ,        ,      
maxwebr02, 1982,     1, WIN , NHL , D  , 54.0,  7.0,  13.0,  20.0, 131.0, 6.0  ,  1.0,     ,  0.0,     ,  0.0, 0.0,  78.0,    3.0,   1.0,   0.0,     1.0,    23.0,        ,     1.0,        ,     0.0,        ,     0.0,      
maxwebr02, 1983,     1, WIN , NHL , D  ,  3.0,  0.0,   3.0,   3.0,  27.0, 1.0  ,  0.0,     ,  0.0,     ,  0.0, 0.0,   6.0,       ,      ,      ,        ,        ,        ,        ,        ,        ,        ,        ,      
maxwebr02, 1983,     2, PIT , NHL , D  , 45.0,  3.0,  12.0,  15.0,  84.0, 2.0  ,  0.0,     ,  0.0,     ,  0.0, 0.0,  55.0,       ,      ,      ,        ,        ,        ,        ,        ,        ,        ,        ,      
maxwebr02, 1984,     1, PIT , NHL , D  , 44.0,  0.0,   8.0,   8.0,  57.0, -23.0,  0.0,     ,  0.0,     ,  0.0, 0.0,  27.0,       ,      ,      ,        ,        ,        ,        ,        ,        ,        ,        ,      
maxweke01, 1980,     1, MNS , NHL , C  ,  6.0,  0.0,   3.0,   3.0,   7.0, -1.0 ,  0.0,     ,  0.0,     ,  0.0, 0.0,   9.0,   16.0,   3.0,   4.0,     7.0,    24.0,        ,     0.0,        ,     1.0,        ,     0.0,      
maxweke01, 1981,     1, MNS , NHL , C  , 12.0,  1.0,   4.0,   5.0,   8.0, -1.0 ,  0.0,     ,  0.0,     ,  0.0, 0.0,  20.0,       ,      ,      ,        ,        ,        ,        ,        ,        ,        ,        ,      
maxweke01, 1981,     2, COR , NHL , C  , 34.0,  5.0,   5.0,  10.0,  44.0, -16.0,  0.0,     ,  0.0,     ,  1.0, 0.0,  52.0,       ,      ,      ,        ,        ,        ,        ,        ,        ,        ,        ,      
maxweke01, 1983,     1, NJD , NHL , C  , 14.0,  0.0,   3.0,   3.0,   2.0, -9.0 ,  0.0,     ,  0.0,     ,  0.0, 0.0,   8.0,       ,      ,      ,        ,        ,        ,        ,        ,        ,        ,        ,      
maxwewa01, 1952,     1, TOR , NHL , C  ,  2.0,  0.0,   0.0,   0.0,   0.0,      ,     ,     ,     ,     ,     ,    ,      ,       ,      ,      ,        ,        ,        ,        ,        ,        ,        ,        ,      
mayal01  , 1987,     1, BOS , NHL , R  ,  3.0,  0.0,   0.0,   0.0,  15.0, -1.0 ,  0.0,  0.0,  0.0,  0.0,  0.0, 0.0,   3.0,       ,      ,      ,        ,        ,        ,        ,        ,        ,        ,        ,      
mayal01  , 1988,     1, EDM , NHL , R  ,  3.0,  1.0,   0.0,   1.0,   7.0, 0.0  ,  0.0,  0.0,  0.0,  0.0,  1.0, 0.0,   3.0,       ,      ,      ,        ,        ,        ,        ,        ,        ,        ,        ,      
mayal01  , 1989,     1, WAS , NHL , L  , 77.0,  7.0,  10.0,  17.0, 339.0, -1.0 ,  1.0,  1.0,  0.0,  0.0,  2.0, 0.0,  67.0,   15.0,   0.0,   0.0,     0.0,    37.0, -1.0   ,     0.0,     0.0,     0.0,     0.0,     0.0,     7.0
mayal01  , 1990,     1, WAS , NHL , R  , 67.0,  4.0,   6.0,  10.0, 264.0, -10.0,  0.0,  0.0,  0.0,  0.0,  0.0, 0.0,  66.0,   11.0,   1.0,   1.0,     2.0,    37.0, -2.0   ,     0.0,     0.0,     0.0,     0.0,     1.0,    11.0
mayal01  , 1991,     1, WAS , NHL , C  , 75.0,  6.0,   9.0,  15.0, 221.0, -7.0 ,  0.0,  1.0,  0.0,  0.0,  1.0, 0.0,  43.0,    7.0,   0.0,   0.0,     0.0,     0.0, 1.0    ,     0.0,     0.0,     0.0,     0.0,     0.0,     5.0
mayal01  , 1992,     1, WAS , NHL , L  , 83.0,  6.0,  10.0,  16.0, 268.0, 1.0  ,  0.0,  0.0,  0.0,  0.0,  1.0, 0.0,  75.0,    6.0,   0.0,   1.0,     1.0,     6.0, 2.0    ,     0.0,     0.0,     0.0,     0.0,     0.0,     4.0
mayal01  , 1993,     1, WAS , NHL , L  , 43.0,  4.0,   7.0,  11.0,  97.0, -2.0 ,  0.0,  0.0,  0.0,  0.0,  0.0, 0.0,  33.0,       ,      ,      ,        ,        ,        ,        ,        ,        ,        ,        ,      
mayal01  , 1993,     2, DAL , NHL , L  ,  8.0,  1.0,   0.0,   1.0,  18.0, -1.0 ,  0.0,  0.0,  0.0,  0.0,  1.0, 0.0,   7.0,    1.0,   0.0,   0.0,     0.0,     0.0, 0.0    ,     0.0,     0.0,     0.0,     0.0,     0.0,     1.0
mayal01  , 1994,     1, DAL , NHL , L  , 27.0,  1.0,   1.0,   2.0, 106.0, 1.0  ,  0.0,  0.0,  0.0,  0.0,  0.0, 0.0,  23.0,       ,      ,      ,        ,        ,        ,        ,        ,        ,        ,        ,      
mayal01  , 1994,     2, CAL , NHL , L  ,  7.0,  1.0,   2.0,   3.0,  13.0, 2.0  ,  0.0,  0.0,  0.0,  0.0,  0.0, 0.0,   5.0,       ,      ,      ,        ,        ,        ,        ,        ,        ,        ,        ,      
maybr01  , 1991,     1, BUF , NHL , L  , 69.0, 11.0,   6.0,  17.0, 309.0, -12.0,  1.0,  0.0,  0.0,  0.0,  3.0, 0.0,  82.0,    7.0,   1.0,   4.0,     5.0,     2.0, 3.0    ,     0.0,     0.0,     0.0,     0.0,     1.0,    18.0
maybr01  , 1992,     1, BUF , NHL , L  , 82.0, 13.0,  13.0,  26.0, 242.0, 3.0  ,  0.0,  1.0,  0.0,  0.0,  1.0, 0.0, 114.0,    8.0,   1.0,   1.0,     2.0,    14.0, 0.0    ,     0.0,     0.0,     0.0,     0.0,     1.0,     8.0
maybr01  , 1993,     1, BUF , NHL , L  , 84.0, 18.0,  27.0,  45.0, 171.0, -6.0 ,  3.0,  9.0,  0.0,  0.0,  3.0, 0.0, 166.0,    7.0,   0.0,   2.0,     2.0,     9.0, 2.0    ,     0.0,     0.0,     0.0,     0.0,     0.0,    11.0
maybr01  , 1994,     1, BUF , NHL , L  , 33.0,  3.0,   3.0,   6.0,  87.0, 5.0  ,  1.0,  0.0,  0.0,  0.0,  0.0, 0.0,  42.0,    4.0,   0.0,   0.0,     0.0,     2.0, 0.0    ,     0.0,     0.0,     0.0,     0.0,     0.0,     4.0
maybr01  , 1995,     1, BUF , NHL , L  , 79.0, 15.0,  29.0,  44.0, 295.0, 6.0  ,  3.0,  5.0,  0.0,  0.0,  4.0, 0.0, 168.0,       ,      ,      ,        ,        ,        ,        ,        ,        ,        ,        ,      
maybr01  , 1996,     1, BUF , NHL , L  , 42.0,  3.0,   4.0,   7.0, 106.0, -8.0 ,  1.0,  2.0,  0.0,  0.0,  1.0, 0.0,  75.0,   10.0,   1.0,   1.0,     2.0,    32.0, -2.0   ,     0.0,     0.0,     0.0,     0.0,     0.0,     7.0
maybr01  , 1997,     1, BUF , NHL , L  , 36.0,  4.0,   7.0,  11.0, 113.0, 2.0  ,  0.0,  0.0,  0.0,  0.0,  0.0, 0.0,  41.0,       ,      ,      ,        ,        ,        ,        ,        ,        ,        ,        ,      
maybr01  , 1997,     2, VAN , NHL , L  , 27.0,  9.0,   3.0,  12.0,  41.0, 0.0  ,  4.0,  1.0,  0.0,  0.0,  2.0, 0.0,  56.0,       ,      ,      ,        ,        ,        ,        ,        ,        ,        ,        ,      
maybr01  , 1998,     1, VAN , NHL , L  , 66.0,  6.0,  11.0,  17.0, 102.0, -14.0,  1.0,  4.0,  0.0,  1.0,  1.0, 0.0,  91.0,       ,      ,      ,        ,        ,        ,        ,        ,        ,        ,        ,      
maybr01  , 1999,     1, VAN , NHL , L  , 59.0,  9.0,   7.0,  16.0,  90.0, -2.0 ,  0.0,  0.0,  0.0,  0.0,  3.0, 0.0,  66.0,       ,      ,      ,        ,        ,        ,        ,        ,        ,        ,        ,      
maybr01  , 2000,     1, PHO , NHL , L  , 62.0, 11.0,  14.0,  25.0, 107.0, 10.0 ,  0.0,  0.0,  0.0,  0.0,  0.0, 0.0,  83.0,       ,      ,      ,        ,        ,        ,        ,        ,        ,        ,        ,      
maybr01  , 2001,     1, PHO , NHL , L  , 72.0, 10.0,  12.0,  22.0,  95.0, 11.0 ,  1.0,  1.0,  0.0,  0.0,  3.0, 1.0, 105.0,    5.0,   0.0,   0.0,     0.0,     0.0, 0.0    ,     0.0,     0.0,     0.0,     0.0,     0.0,     5.0
maybr01  , 2002,     1, PHO , NHL , L  , 20.0,  3.0,   4.0,   7.0,  32.0, 3.0  ,  0.0,  0.0,  0.0,  0.0,  0.0, 0.0,  24.0,       ,      ,      ,        ,        ,        ,        ,        ,        ,        ,        ,      
maybr01  , 2002,     2, VAN , NHL , L  ,  3.0,  0.0,   0.0,   0.0,  10.0, 1.0  ,  0.0,  0.0,  0.0,  0.0,  0.0, 0.0,   1.0,   14.0,   0.0,   0.0,     0.0,    15.0, -5.0   ,     0.0,     0.0,     0.0,     0.0,     0.0,    10.0
maybr01  , 2003,     1, VAN , NHL , L  , 70.0,  5.0,   6.0,  11.0, 137.0, -2.0 ,  0.0,  1.0,  0.0,  0.0,  0.0, 0.0,  75.0,    6.0,   1.0,   0.0,     1.0,     6.0, -3.0   ,     0.0,     0.0,     0.0,     0.0,     0.0,     6.0
maybr01  , 2005,     1, COL , NHL , L  , 54.0,  3.0,   3.0,   6.0,  82.0, -14.0,  0.0,  0.0,  0.0,  0.0,  0.0,    ,  55.0,    3.0,   0.0,   0.0,     0.0,     0.0, -3.0   ,     0.0,     0.0,     0.0,     0.0,     0.0,     5.0
maybr01  , 2006,     1, COL , NHL , L  , 10.0,  0.0,   3.0,   3.0,   8.0, 0.0  ,  0.0,  0.0,  0.0,  0.0,  0.0,    ,  11.0,       ,      ,      ,        ,        ,        ,        ,        ,        ,        ,        ,      
maybr01  , 2006,     2, AND , NHL , L  , 14.0,  0.0,   1.0,   1.0,  13.0, -1.0 ,  0.0,  0.0,  0.0,  0.0,  0.0,    ,  11.0,   18.0,   0.0,   1.0,     1.0,    28.0, -1.0   ,     0.0,     0.0,     0.0,     0.0,     0.0,    14.0
maybr01  , 2007,     1, AND , NHL , L  , 61.0,  3.0,   1.0,   4.0,  53.0, 2.0  ,  0.0,  0.0,  0.0,  0.0,  2.0,    ,  34.0,    6.0,   0.0,   0.0,     0.0,     4.0, 1.0    ,     0.0,     0.0,     0.0,     0.0,     0.0,     6.0
maybr01  , 2008,     1, AND , NHL , L  , 20.0,  0.0,   5.0,   5.0,  28.0, 5.0  ,  0.0,  0.0,  0.0,  0.0,  0.0,    ,   5.0,       ,      ,      ,        ,        ,        ,        ,        ,        ,        ,        ,      
maybr01  , 2008,     2, TOR , NHL , L  , 38.0,  1.0,   1.0,   2.0,  61.0, -5.0 ,  0.0,  0.0,  0.0,  0.0,  0.0,    ,  27.0,       ,      ,      ,        ,        ,        ,        ,        ,        ,        ,        ,      
maybr01  , 2009,     1, DET , NHL , L  , 40.0,  0.0,   1.0,   1.0,  66.0, -5.0 ,  0.0,  0.0,  0.0,  0.0,  0.0,    ,  26.0,       ,      ,      ,        ,        ,        ,        ,        ,        ,        ,        ,      
mayda01  , 1985,     1, STL , NHL , G  ,  3.0,  0.0,   1.0,   1.0,   2.0, 0.0  ,  0.0,     ,  0.0,     ,  0.0, 0.0,   0.0,       ,      ,      ,        ,        ,        ,        ,        ,        ,        ,        ,      
mayda01  , 1987,     1, STL , NHL , G  ,  3.0,  0.0,   0.0,   0.0,   0.0, 0.0  ,  0.0,  0.0,  0.0,  0.0,  0.0, 0.0,   0.0,       ,      ,      ,        ,        ,        ,        ,        ,        ,        ,        ,      
mayerde01, 1993,     1, OTT , NHL , D  , 17.0,  2.0,   2.0,   4.0,   8.0, -16.0,  1.0,  2.0,  0.0,  0.0,  0.0, 0.0,  29.0,       ,      ,      ,        ,        ,        ,        ,        ,        ,        ,        ,      
mayergi01, 1949,     1, TOR , NHL , G  ,  1.0,  0.0,   0.0,   0.0,   0.0,      ,     ,     ,     ,     ,     ,    ,      ,       ,      ,      ,        ,        ,        ,        ,        ,        ,        ,        ,      
mayergi01, 1953,     1, TOR , NHL , G  ,  1.0,  0.0,   0.0,   0.0,   0.0,      ,     ,     ,     ,     ,     ,    ,      ,       ,      ,      ,        ,        ,        ,        ,        ,        ,        ,        ,      
mayergi01, 1954,     1, TOR , NHL , G  ,  1.0,  0.0,   0.0,   0.0,   0.0,      ,     ,     ,     ,     ,     ,    ,      ,       ,      ,      ,        ,        ,        ,        ,        ,        ,        ,        ,      
mayergi01, 1955,     1, TOR , NHL , G  ,  6.0,  0.0,   0.0,   0.0,   0.0,      ,     ,     ,     ,     ,     ,    ,      ,       ,      ,      ,        ,        ,        ,        ,        ,        ,        ,        ,      
mayerja01, 1996,     1, STL , NHL , C  ,  6.0,  0.0,   1.0,   1.0,   2.0, -3.0 ,  0.0,  1.0,  0.0,  0.0,  0.0, 0.0,   7.0,       ,      ,      ,        ,        ,        ,        ,        ,        ,        ,        ,      
mayerja01, 1998,     1, STL , NHL , C  , 34.0,  4.0,   5.0,   9.0,  40.0, -3.0 ,  0.0,  0.0,  0.0,  0.0,  0.0, 0.0,  48.0,   11.0,   0.0,   1.0,     1.0,     8.0, -2.0   ,     0.0,     0.0,     0.0,     0.0,     0.0,     9.0
mayerja01, 1999,     1, STL , NHL , R  , 79.0,  7.0,  10.0,  17.0,  90.0, 0.0  ,  0.0,  0.0,  0.0,  0.0,  0.0, 0.0,  99.0,    7.0,   0.0,   4.0,     4.0,     2.0, 1.0    ,     0.0,     0.0,     0.0,     0.0,     0.0,     7.0
mayerja01, 2000,     1, STL , NHL , R  , 77.0,  8.0,  13.0,  21.0, 117.0, -3.0 ,  0.0,  0.0,  0.0,  0.0,  0.0, 0.0, 132.0,   15.0,   2.0,   3.0,     5.0,     8.0, 2.0    ,     0.0,     0.0,     0.0,     0.0,     0.0,    36.0
mayerja01, 2001,     1, STL , NHL , C  , 77.0,  9.0,   8.0,  17.0,  99.0, 9.0  ,  0.0,  0.0,  1.0,  0.0,  0.0, 0.0, 105.0,   10.0,   3.0,   0.0,     3.0,     2.0, -1.0   ,     0.0,     0.0,     0.0,     0.0,     2.0,    11.0
mayerja01, 2002,     1, STL , NHL , R  , 15.0,  2.0,   5.0,   7.0,   8.0, 1.0  ,  0.0,  1.0,  0.0,  0.0,  0.0, 0.0,  26.0,       ,      ,      ,        ,        ,        ,        ,        ,        ,        ,        ,      
mayerja01, 2003,     1, STL , NHL , R  , 80.0,  6.0,   5.0,  11.0,  91.0, -19.0,  0.0,  0.0,  1.0,  1.0,  3.0, 0.0, 130.0,    5.0,   0.0,   0.0,     0.0,     0.0, 1.0    ,     0.0,     0.0,     0.0,     0.0,     0.0,     6.0
mayerja01, 2005,     1, STL , NHL , C  , 67.0, 15.0,  11.0,  26.0, 129.0, -22.0,  0.0,  0.0,  2.0,  2.0,  1.0,    , 111.0,       ,      ,      ,        ,        ,        ,        ,        ,        ,        ,        ,      
mayerja01, 2006,     1, STL , NHL , R  , 80.0,  8.0,  14.0,  22.0,  89.0, -19.0,  0.0,  0.0,  2.0,  0.0,  0.0,    , 129.0,       ,      ,      ,        ,        ,        ,        ,        ,        ,        ,        ,      
mayerja01, 2007,     1, STL , NHL , R  , 80.0, 12.0,  15.0,  27.0,  91.0, -19.0,  0.0,  0.0,  1.0,  1.0,  3.0,    , 153.0,       ,      ,      ,        ,        ,        ,        ,        ,        ,        ,        ,      
mayerja01, 2008,     1, TOR , NHL , R  , 71.0,  7.0,   9.0,  16.0,  82.0, -7.0 ,  0.0,  1.0,  0.0,  0.0,  1.0,    ,  72.0,       ,      ,      ,        ,        ,        ,        ,        ,        ,        ,        ,      
mayerja01, 2009,     1, TOR , NHL , R  , 44.0,  2.0,   6.0,   8.0,  78.0, -5.0 ,  0.0,  0.0,  0.0,  0.0,  0.0,    ,  47.0,       ,      ,      ,        ,        ,        ,        ,        ,        ,        ,        ,      
mayerja01, 2009,     2, CAL , NHL , R  , 27.0,  1.0,   5.0,   6.0,  53.0, 2.0  ,  0.0,  0.0,  0.0,  0.0,  1.0,    ,  28.0,       ,      ,      ,        ,        ,        ,        ,        ,        ,        ,        ,      
mayerji01, 1976,     1, CAC , WHA , D  , 21.0,  2.0,   3.0,   5.0,   0.0, -9.0 ,  0.0,     ,  0.0,     ,     ,    ,  12.0,       ,      ,      ,        ,        ,        ,        ,        ,        ,        ,        ,      
mayerji01, 1977,     1, NEW , WHA , D  , 51.0, 11.0,   9.0,  20.0,  21.0, 1.0  ,  1.0,     ,  0.0,     ,     ,    ,  57.0,       ,      ,      ,        ,        ,        ,        ,        ,        ,        ,        ,      
mayerji01, 1978,     1, EDO , WHA , D  ,  2.0,  0.0,   0.0,   0.0,   0.0, -2.0 ,  0.0,     ,  0.0,     ,     ,    ,   1.0,       ,      ,      ,        ,        ,        ,        ,        ,        ,        ,        ,      
mayerji01, 1979,     1, NYR , NHL , R  ,  4.0,  0.0,   0.0,   0.0,   0.0, 1.0  ,  0.0,     ,  0.0,     ,  0.0, 0.0,   2.0,       ,      ,      ,        ,        ,        ,        ,        ,        ,        ,        ,      
mayerpa01, 1987,     1, PIT , NHL , D  ,  1.0,  0.0,   0.0,   0.0,   4.0, 0.0  ,  0.0,  0.0,  0.0,  0.0,  0.0, 0.0,   0.0,       ,      ,      ,        ,        ,        ,        ,        ,        ,        ,        ,      
mayersh01, 1942,     1, TOR , NHL , R  , 12.0,  1.0,   2.0,   3.0,   4.0,      ,     ,     ,     ,     ,     ,    ,      ,       ,      ,      ,        ,        ,        ,        ,        ,        ,        ,        ,      
mayorma01, 2008,     1, CBS , NHL , R  ,  3.0,  0.0,   0.0,   0.0,   0.0, 0.0  ,  0.0,  0.0,  0.0,  0.0,  0.0,    ,   1.0,       ,      ,      ,        ,        ,        ,        ,        ,        ,        ,        ,      
mayorma01, 2009,     1, CBS , NHL , L  ,  4.0,  0.0,   0.0,   0.0,   0.0, -1.0 ,  0.0,  0.0,  0.0,  0.0,  0.0,    ,   4.0,       ,      ,      ,        ,        ,        ,        ,        ,        ,        ,        ,      
mazured01, 1950,     1, MTL , NHL , L  ,     ,     ,      ,      ,      ,      ,     ,     ,     ,     ,     ,    ,      ,    2.0,   0.0,   0.0,     0.0,     0.0,        ,        ,        ,        ,        ,        ,      
mazured01, 1951,     1, MTL , NHL , L  ,     ,     ,      ,      ,      ,      ,     ,     ,     ,     ,     ,    ,      ,    5.0,   2.0,   0.0,     2.0,     4.0,        ,        ,        ,        ,        ,        ,      
mazured01, 1952,     1, MTL , NHL , L  ,     ,     ,      ,      ,      ,      ,     ,     ,     ,     ,     ,    ,      ,    7.0,   2.0,   2.0,     4.0,    11.0,        ,        ,        ,        ,        ,        ,      
mazured01, 1953,     1, MTL , NHL , L  , 67.0,  7.0,  14.0,  21.0,  95.0,      ,     ,     ,     ,     ,     ,    ,      ,   11.0,   0.0,   3.0,     3.0,     7.0,        ,        ,        ,        ,        ,        ,      
mazured01, 1954,     1, MTL , NHL , L  , 25.0,  1.0,   5.0,   6.0,  21.0,      ,     ,     ,     ,     ,     ,    ,      ,       ,      ,      ,        ,        ,        ,        ,        ,        ,        ,        ,      
mazured01, 1956,     1, CHI , NHL , L  , 15.0,  0.0,   1.0,   1.0,   4.0,      ,     ,     ,     ,     ,     ,    ,      ,       ,      ,      ,        ,        ,        ,        ,        ,        ,        ,        ,      
mazurja01, 1988,     1, VAN , NHL , C  ,  1.0,  0.0,   0.0,   0.0,   0.0, 0.0  ,  0.0,  0.0,  0.0,  0.0,  0.0, 0.0,   0.0,       ,      ,      ,        ,        ,        ,        ,        ,        ,        ,        ,      
mazurja01, 1989,     1, VAN , NHL , C  ,  5.0,  0.0,   0.0,   0.0,   4.0, -2.0 ,  0.0,  0.0,  0.0,  0.0,  0.0, 0.0,   4.0,       ,      ,      ,        ,        ,        ,        ,        ,        ,        ,        ,      
mazurja01, 1990,     1, VAN , NHL , C  , 36.0, 11.0,   7.0,  18.0,  14.0, 3.0  ,  1.0,  0.0,  1.0,  0.0,  2.0, 0.0,  59.0,    6.0,   0.0,   1.0,     1.0,     8.0, -5.0   ,     0.0,     0.0,     0.0,     1.0,     0.0,     9.0
mazurja01, 1991,     1, VAN , NHL , C  ,  5.0,  0.0,   0.0,   0.0,   2.0, -2.0 ,  0.0,  0.0,  0.0,  0.0,  0.0, 0.0,   3.0,       ,      ,      ,        ,        ,        ,        ,        ,        ,        ,        ,      
mazurjo01, 1977,     1, HOU , WHA , L  ,  1.0,  0.0,   0.0,   0.0,   0.0, -1.0 ,  0.0,     ,  0.0,     ,     ,    ,   0.0,       ,      ,      ,        ,        ,        ,        ,        ,        ,        ,        ,      
mcadaga01, 1975,     1, BUF , NHL , R  , 31.0,  1.0,   2.0,   3.0,   2.0, 0.0  ,  0.0,     ,  0.0,     ,  0.0, 0.0,  12.0,    1.0,   0.0,   0.0,     0.0,     0.0,        ,     0.0,        ,     0.0,        ,     0.0,      
mcadaga01, 1976,     1, BUF , NHL , R  , 73.0, 13.0,  16.0,  29.0,  17.0, 17.0 ,  1.0,     ,  0.0,     ,  2.0, 0.0,  86.0,    6.0,   1.0,   0.0,     1.0,     0.0,        ,     0.0,        ,     0.0,        ,     0.0,      
mcadaga01, 1977,     1, BUF , NHL , L  , 79.0, 19.0,  22.0,  41.0,  44.0, 3.0  ,  2.0,     ,  0.0,     ,  5.0, 0.0, 160.0,    8.0,   2.0,   2.0,     4.0,     7.0,        ,     0.0,        ,     0.0,        ,     0.0,      
mcadaga01, 1978,     1, BUF , NHL , L  , 40.0,  6.0,   5.0,  11.0,  13.0, -6.0 ,  1.0,     ,  0.0,     ,  1.0, 0.0,  39.0,       ,      ,      ,        ,        ,        ,        ,        ,        ,        ,        ,      
mcadaga01, 1978,     2, PIT , NHL , L  , 28.0,  5.0,   9.0,  14.0,   2.0, 4.0  ,  0.0,     ,  0.0,     ,  1.0, 1.0,  52.0,    7.0,   2.0,   1.0,     3.0,     0.0,        ,     0.0,        ,     0.0,        ,     0.0,      
mcadaga01, 1979,     1, PIT , NHL , L  , 78.0, 19.0,  22.0,  41.0,  63.0, -17.0,  3.0,     ,  0.0,     ,  2.0, 0.0, 195.0,    5.0,   1.0,   2.0,     3.0,     9.0,        ,     0.0,        ,     0.0,        ,     0.0,      
mcadaga01, 1980,     1, PIT , NHL , R  , 34.0,  3.0,   9.0,  12.0,  30.0, -16.0,  0.0,     ,  0.0,     ,  0.0, 0.0,  52.0,       ,      ,      ,        ,        ,        ,        ,        ,        ,        ,        ,      
mcadaga01, 1980,     2, DET , NHL , R  , 40.0,  5.0,  14.0,  19.0,  27.0, -14.0,  1.0,     ,  0.0,     ,  0.0, 0.0,  92.0,       ,      ,      ,        ,        ,        ,        ,        ,        ,        ,        ,      
mcadaga01, 1981,     1, CAL , NHL , L  , 46.0, 12.0,  15.0,  27.0,  18.0, -6.0 ,  0.0,     ,  0.0,     ,  1.0, 1.0,  72.0,    3.0,   0.0,   0.0,     0.0,     0.0,        ,     0.0,        ,     0.0,        ,     0.0,      
mcadaga01, 1982,     1, BUF , NHL , R  ,  4.0,  1.0,   0.0,   1.0,   0.0, -4.0 ,  0.0,     ,  0.0,     ,  0.0, 0.0,   3.0,       ,      ,      ,        ,        ,        ,        ,        ,        ,        ,        ,      
mcadaga01, 1983,     1, WAS , NHL , R  , 24.0,  1.0,   5.0,   6.0,  12.0, 0.0  ,  0.0,     ,  0.0,     ,  1.0, 0.0,  23.0,       ,      ,      ,        ,        ,        ,        ,        ,        ,        ,        ,      
mcadaga01, 1983,     2, NJD , NHL , L  , 38.0,  9.0,   6.0,  15.0,  15.0, -4.0 ,  0.0,     ,  2.0,     ,  1.0, 0.0,  60.0,       ,      ,      ,        ,        ,        ,        ,        ,        ,        ,        ,      
mcadaga01, 1984,     1, NJD , NHL , L  ,  4.0,  1.0,   1.0,   2.0,   0.0, 0.0  ,  0.0,     ,  0.0,     ,  0.0, 0.0,   1.0,       ,      ,      ,        ,        ,        ,        ,        ,        ,        ,        ,      
mcadaga01, 1985,     1, TOR , NHL , L  , 15.0,  1.0,   6.0,   7.0,   0.0, -11.0,  0.0,     ,  0.0,     ,  0.0, 0.0,   9.0,       ,      ,      ,        ,        ,        ,        ,        ,        ,        ,        ,      
mcadasa01, 1930,     1, NYR , NHL , L  ,  5.0,  0.0,   0.0,   0.0,   0.0,      ,     ,     ,     ,     ,     ,    ,      ,       ,      ,      ,        ,        ,        ,        ,        ,        ,        ,        ,      
mcallch01, 1997,     1, VAN , NHL , D  , 36.0,  1.0,   2.0,   3.0, 106.0, -12.0,  0.0,  0.0,  0.0,  0.0,  0.0, 0.0,  15.0,       ,      ,      ,        ,        ,        ,        ,        ,        ,        ,        ,      
mcallch01, 1998,     1, VAN , NHL , D  , 28.0,  1.0,   1.0,   2.0,  63.0, -7.0 ,  0.0,  0.0,  0.0,  0.0,  0.0, 1.0,   6.0,       ,      ,      ,        ,        ,        ,        ,        ,        ,        ,        ,      
mcallch01, 1998,     2, TOR , NHL , D  , 20.0,  0.0,   2.0,   2.0,  39.0, 4.0  ,  0.0,  0.0,  0.0,  0.0,  0.0, 0.0,  12.0,    6.0,   0.0,   1.0,     1.0,     4.0, -1.0   ,     0.0,     0.0,     0.0,     0.0,     0.0,     2.0
mcallch01, 1999,     1, TOR , NHL , D  , 36.0,  0.0,   3.0,   3.0,  68.0, -4.0 ,  0.0,  0.0,  0.0,  0.0,  0.0, 0.0,  12.0,       ,      ,      ,        ,        ,        ,        ,        ,        ,        ,        ,      
mcallch01, 2000,     1, PHI , NHL , D  , 60.0,  2.0,   2.0,   4.0, 124.0, 1.0  ,  0.0,  0.0,  0.0,  0.0,  0.0, 0.0,  33.0,    2.0,   0.0,   0.0,     0.0,     0.0, 1.0    ,     0.0,     0.0,     0.0,     0.0,     0.0,     0.0
mcallch01, 2001,     1, PHI , NHL , D  , 42.0,  0.0,   5.0,   5.0, 113.0, -7.0 ,  0.0,  0.0,  0.0,  0.0,  0.0, 0.0,  26.0,       ,      ,      ,        ,        ,        ,        ,        ,        ,        ,        ,      
mcallch01, 2002,     1, PHI , NHL , D  , 19.0,  0.0,   0.0,   0.0,  21.0, -2.0 ,  0.0,  0.0,  0.0,  0.0,  0.0, 0.0,   9.0,       ,      ,      ,        ,        ,        ,        ,        ,        ,        ,        ,      
mcallch01, 2002,     2, COL , NHL , D  , 14.0,  0.0,   1.0,   1.0,  26.0, 6.0  ,  0.0,  0.0,  0.0,  0.0,  0.0, 0.0,   4.0,    1.0,   0.0,   0.0,     0.0,     0.0, 0.0    ,     0.0,     0.0,     0.0,     0.0,     0.0,     0.0
mcallch01, 2003,     1, COL , NHL , L  , 34.0,  0.0,   0.0,   0.0,  62.0, -2.0 ,  0.0,  0.0,  0.0,  0.0,  0.0, 0.0,  11.0,       ,      ,      ,        ,        ,        ,        ,        ,        ,        ,        ,      
mcallch01, 2003,     2, NYR , NHL , L  , 12.0,  0.0,   1.0,   1.0,  12.0, -4.0 ,  0.0,  0.0,  0.0,  0.0,  0.0, 0.0,   8.0,       ,      ,      ,        ,        ,        ,        ,        ,        ,        ,        ,      
mcalpch01, 1994,     1, NJD , NHL , D  , 24.0,  0.0,   3.0,   3.0,  17.0, 4.0  ,  0.0,  0.0,  0.0,  0.0,  0.0, 0.0,  19.0,       ,      ,      ,        ,        ,        ,        ,        ,        ,        ,        ,      
mcalpch01, 1996,     1, STL , NHL , D  , 15.0,  0.0,   0.0,   0.0,  24.0, -2.0 ,  0.0,  0.0,  0.0,  0.0,  0.0, 0.0,   3.0,    4.0,   0.0,   1.0,     1.0,     0.0, 1.0    ,     0.0,     0.0,     0.0,     0.0,     0.0,     6.0
mcalpch01, 1997,     1, STL , NHL , D  , 54.0,  3.0,   7.0,  10.0,  36.0, 14.0 ,  0.0,  0.0,  0.0,  0.0,  0.0, 0.0,  35.0,   10.0,   0.0,   0.0,     0.0,    16.0, -1.0   ,     0.0,     0.0,     0.0,     0.0,     0.0,     5.0
mcalpch01, 1998,     1, STL , NHL , D  , 51.0,  1.0,   1.0,   2.0,  50.0, -10.0,  0.0,  0.0,  0.0,  0.0,  0.0, 0.0,  56.0,   13.0,   0.0,   0.0,     0.0,     2.0, 0.0    ,     0.0,     0.0,     0.0,     0.0,     0.0,     7.0
mcalpch01, 1999,     1, STL , NHL , D  , 21.0,  1.0,   1.0,   2.0,  14.0, 1.0  ,  0.0,  0.0,  0.0,  0.0,  0.0, 1.0,  25.0,       ,      ,      ,        ,        ,        ,        ,        ,        ,        ,        ,      
mcalpch01, 1999,     2, TBL , NHL , D  , 10.0,  1.0,   1.0,   2.0,  10.0, -5.0 ,  0.0,  0.0,  0.0,  0.0,  0.0, 0.0,   5.0,       ,      ,      ,        ,        ,        ,        ,        ,        ,        ,        ,      
mcalpch01, 1999,     3, ATL , NHL , D  ,  3.0,  0.0,   0.0,   0.0,   2.0, -4.0 ,  0.0,  0.0,  0.0,  0.0,  0.0, 0.0,   4.0,       ,      ,      ,        ,        ,        ,        ,        ,        ,        ,        ,      
mcalpch01, 2000,     1, CHI , NHL , D  , 50.0,  0.0,   6.0,   6.0,  32.0, 5.0  ,  0.0,  0.0,  0.0,  0.0,  0.0, 0.0,  61.0,       ,      ,      ,        ,        ,        ,        ,        ,        ,        ,        ,      
mcalpch01, 2001,     1, CHI , NHL , D  , 40.0,  0.0,   3.0,   3.0,  36.0, 8.0  ,  0.0,  0.0,  0.0,  0.0,  0.0, 0.0,  40.0,    1.0,   0.0,   0.0,     0.0,     0.0, 0.0    ,     0.0,     0.0,     0.0,     0.0,     0.0,     1.0
mcalpch01, 2002,     1, LAK , NHL , D  , 21.0,  0.0,   2.0,   2.0,  24.0, -4.0 ,  0.0,  0.0,  0.0,  0.0,  0.0, 0.0,  15.0,       ,      ,      ,        ,        ,        ,        ,        ,        ,        ,        ,      
mcammde01, 1991,     1, CHI , NHL , C  ,  5.0,  0.0,   2.0,   2.0,   0.0, -2.0 ,  0.0,  2.0,  0.0,  0.0,  0.0, 0.0,   4.0,    3.0,   0.0,   0.0,     0.0,     2.0, 1.0    ,     0.0,     0.0,     0.0,     0.0,     0.0,     1.0
mcammde01, 1993,     1, EDM , NHL , L  , 45.0,  6.0,  21.0,  27.0,  16.0, 12.0 ,  2.0,  4.0,  0.0,  0.0,  0.0, 0.0,  52.0,       ,      ,      ,        ,        ,        ,        ,        ,        ,        ,        ,      
mcammde01, 1994,     1, EDM , NHL , L  ,  6.0,  0.0,   0.0,   0.0,   0.0, -1.0 ,  0.0,  0.0,  0.0,  0.0,  0.0, 0.0,   3.0,       ,      ,      ,        ,        ,        ,        ,        ,        ,        ,        ,      
mcammde01, 1995,     1, EDM , NHL , L  , 53.0, 15.0,  15.0,  30.0,  23.0, 6.0  ,  4.0,  4.0,  0.0,  0.0,  0.0, 0.0,  79.0,       ,      ,      ,        ,        ,        ,        ,        ,        ,        ,        ,      
mcammde01, 1996,     1, EDM , NHL , L  , 57.0, 12.0,  17.0,  29.0,  28.0, -15.0,  4.0,  5.0,  0.0,  0.0,  6.0, 0.0, 106.0,       ,      ,      ,        ,        ,        ,        ,        ,        ,        ,        ,      
mcammde01, 1997,     1, EDM , NHL , L  , 77.0, 19.0,  31.0,  50.0,  46.0, 9.0  ,  8.0, 12.0,  0.0,  0.0,  3.0, 0.0, 128.0,   12.0,   1.0,   4.0,     5.0,    12.0, 0.0    ,     0.0,     0.0,     0.0,     0.0,     0.0,    22.0
mcammde01, 1998,     1, EDM , NHL , C  , 65.0,  9.0,  16.0,  25.0,  36.0, 5.0  ,  1.0,  4.0,  0.0,  0.0,  0.0, 0.0, 122.0,       ,      ,      ,        ,        ,        ,        ,        ,        ,        ,        ,      
mcammde01, 1998,     2, CHI , NHL , C  , 12.0,  1.0,   4.0,   5.0,   2.0, 3.0  ,  0.0,  0.0,  0.0,  0.0,  1.0, 0.0,  16.0,       ,      ,      ,        ,        ,        ,        ,        ,        ,        ,        ,      
mcammde01, 1999,     1, CHI , NHL , L  , 76.0, 14.0,  18.0,  32.0,  72.0, 11.0 ,  1.0,  1.0,  0.0,  1.0,  1.0, 0.0, 118.0,       ,      ,      ,        ,        ,        ,        ,        ,        ,        ,        ,      
mcammde01, 2000,     1, CHI , NHL , L  , 61.0, 10.0,  16.0,  26.0,  43.0, 4.0  ,  1.0,  0.0,  0.0,  0.0,  1.0, 0.0,  95.0,       ,      ,      ,        ,        ,        ,        ,        ,        ,        ,        ,      
mcammde01, 2000,     2, PHI , NHL , L  , 10.0,  1.0,   1.0,   2.0,   0.0, -1.0 ,  1.0,  0.0,  0.0,  0.0,  0.0, 0.0,  17.0,    4.0,   0.0,   0.0,     0.0,     2.0, 0.0    ,     0.0,     0.0,     0.0,     0.0,     0.0,     4.0
mcammde01, 2001,     1, CAL , NHL , L  , 73.0, 21.0,  30.0,  51.0,  60.0, 2.0  ,  7.0, 10.0,  0.0,  1.0,  4.0, 1.0, 152.0,       ,      ,      ,        ,        ,        ,        ,        ,        ,        ,        ,      
mcammde01, 2002,     1, COL , NHL , L  , 41.0, 10.0,   8.0,  18.0,  10.0, 1.0  ,  2.0,  4.0,  0.0,  0.0,  2.0, 0.0,  72.0,       ,      ,      ,        ,        ,        ,        ,        ,        ,        ,        ,      
mcammde01, 2003,     1, CAL , NHL , L  , 64.0, 17.0,  13.0,  30.0,  18.0, 9.0  ,  4.0,  5.0,  1.0,  1.0,  5.0, 0.0, 101.0,       ,      ,      ,        ,        ,        ,        ,        ,        ,        ,        ,      
mcammde01, 2005,     1, STL , NHL , L  , 78.0, 15.0,  22.0,  37.0,  32.0, -25.0,  4.0, 10.0,  0.0,  0.0,  0.0,    , 116.0,       ,      ,      ,        ,        ,        ,        ,        ,        ,        ,        ,      
mcammde01, 2006,     1, OTT , NHL , L  , 81.0, 14.0,  15.0,  29.0,  28.0, 11.0 ,  0.0,  1.0,  2.0,  1.0,  1.0,    ,  86.0,   18.0,   5.0,   3.0,     8.0,    11.0, 5.0    ,     0.0,     0.0,     1.0,     0.0,     1.0,    15.0
mcammde01, 2007,     1, OTT , NHL , L  , 68.0,  9.0,  13.0,  22.0,  12.0, 1.0  ,  0.0,  0.0,  3.0,  2.0,  1.0,    ,  67.0,    4.0,   0.0,   0.0,     0.0,     4.0, 0.0    ,     0.0,     0.0,     0.0,     0.0,     0.0,     4.0
mcammde01, 2008,     1, OTT , NHL , L  , 44.0,  3.0,   4.0,   7.0,  16.0, 2.0  ,  0.0,  0.0,  1.0,  0.0,  2.0,    ,  40.0,       ,      ,      ,        ,        ,        ,        ,        ,        ,        ,        ,      
mcammde01, 2008,     2, NYI , NHL , L  , 18.0,  2.0,   7.0,   9.0,   8.0, 5.0  ,  0.0,  0.0,  0.0,  0.0,  0.0,    ,  19.0,       ,      ,      ,        ,        ,        ,        ,        ,        ,        ,        ,      
mcammde01, 2009,     1, NJD , NHL , L  , 62.0,  8.0,   9.0,  17.0,  40.0, -1.0 ,  1.0,  1.0,  1.0,  0.0,  2.0,    ,  87.0,    5.0,   0.0,   0.0,     0.0,     4.0, -1.0   ,     0.0,     0.0,     0.0,     0.0,     0.0,     5.0
mcandha01, 1941,     1, BKN , NHL , D  ,  7.0,  0.0,   1.0,   1.0,   6.0,      ,     ,     ,     ,     ,     ,    ,      ,       ,      ,      ,        ,        ,        ,        ,        ,        ,        ,        ,      
mcanebo01, 1972,     1, ALB , WHA , L  , 51.0,  5.0,   7.0,  12.0,  24.0,      ,  0.0,     ,  0.0,     ,     ,    ,      ,       ,      ,      ,        ,        ,        ,        ,        ,        ,        ,        ,      
mcanebo01, 1973,     1, EDO , WHA , C  , 52.0, 12.0,  11.0,  23.0,  49.0,      ,  0.0,     ,  0.0,     ,  0.0,    ,      ,    4.0,   1.0,   0.0,     1.0,     0.0,        ,        ,        ,        ,        ,     0.0,      
mcanebo01, 1975,     1, EDO , WHA , C  , 71.0, 12.0,  16.0,  28.0,  60.0, -11.0,  2.0,     ,  0.0,     ,  1.0,    ,  84.0,    3.0,   1.0,   0.0,     1.0,     0.0, 1.0    ,        ,        ,        ,        ,        ,      
mcanete01, 1972,     1, CLF , NHL , D  , 77.0,  4.0,  13.0,  17.0,  75.0, -29.0,  1.0,     ,  0.0,     ,  0.0, 0.0,  74.0,       ,      ,      ,        ,        ,        ,        ,        ,        ,        ,        ,      
mcanete01, 1973,     1, CLF , NHL , D  , 72.0,  4.0,  20.0,  24.0,  62.0, -24.0,  0.0,     ,  1.0,     ,  0.0, 0.0,  80.0,       ,      ,      ,        ,        ,        ,        ,        ,        ,        ,        ,      
mcanete01, 1974,     1, CLF , NHL , D  ,  9.0,  0.0,   2.0,   2.0,   4.0, -6.0 ,  0.0,     ,  0.0,     ,  0.0, 0.0,   7.0,       ,      ,      ,        ,        ,        ,        ,        ,        ,        ,        ,      
mcanete01, 1975,     1, EDO , WHA , D  , 79.0,  2.0,  17.0,  19.0,  71.0, -9.0 ,  0.0,     ,  0.0,     ,  1.0,    ,  63.0,    4.0,   0.0,   0.0,     0.0,     0.0, -1.0   ,        ,        ,        ,        ,        ,      
mcardke01, 2008,     1, FLO , NHL , L  ,  3.0,  0.0,   0.0,   0.0,   2.0, -1.0 ,  0.0,  0.0,  0.0,  0.0,  0.0,    ,   1.0,       ,      ,      ,        ,        ,        ,        ,        ,        ,        ,        ,      
mcardke01, 2009,     1, FLO , NHL , L  , 19.0,  1.0,   2.0,   3.0,  29.0, -4.0 ,  0.0,  0.0,  0.0,  0.0,  0.0,    ,  10.0,       ,      ,      ,        ,        ,        ,        ,        ,        ,        ,        ,      
mcateju01, 1942,     1, DET , NHL , L  ,  1.0,  0.0,   0.0,   0.0,   0.0,      ,     ,     ,     ,     ,     ,    ,      ,       ,      ,      ,        ,        ,        ,        ,        ,        ,        ,        ,      
mcateju01, 1943,     1, DET , NHL , L  ,  1.0,  0.0,   2.0,   2.0,   0.0,      ,     ,     ,     ,     ,     ,    ,      ,       ,      ,      ,        ,        ,        ,        ,        ,        ,        ,        ,      
mcateju01, 1944,     1, DET , NHL , L  , 44.0, 15.0,  11.0,  26.0,   6.0,      ,     ,     ,     ,     ,     ,    ,      ,   14.0,   2.0,   1.0,     3.0,     0.0,        ,        ,        ,        ,        ,        ,      
mcateno01, 1946,     1, BOS , NHL , C  , 13.0,  0.0,   1.0,   1.0,   0.0,      ,     ,     ,     ,     ,     ,    ,      ,       ,      ,      ,        ,        ,        ,        ,        ,        ,        ,        ,      
mcaulke01, 1943,     1, NYR , NHL , G  , 50.0,  0.0,   0.0,   0.0,   0.0,      ,     ,     ,     ,     ,     ,    ,      ,       ,      ,      ,        ,        ,        ,        ,        ,        ,        ,        ,      
mcaulke01, 1944,     1, NYR , NHL , G  , 46.0,  0.0,   0.0,   0.0,   0.0,      ,     ,     ,     ,     ,     ,    ,      ,       ,      ,      ,        ,        ,        ,        ,        ,        ,        ,        ,      
mcavoge01, 1954,     1, MTL , NHL , D  ,     ,     ,      ,      ,      ,      ,     ,     ,     ,     ,     ,    ,      ,    4.0,   0.0,   0.0,     0.0,     0.0,        ,        ,        ,        ,        ,        ,      
mcbaian01, 1983,     1, WIN , NHL , R  , 78.0, 11.0,  19.0,  30.0,  37.0, -6.0 ,  0.0,     ,  0.0,     ,  0.0, 0.0,  93.0,    3.0,   2.0,   0.0,     2.0,     0.0, -1.0   ,     0.0,        ,     0.0,        ,     0.0,     7.0
mcbaian01, 1984,     1, WIN , NHL , R  , 77.0,  7.0,  15.0,  22.0,  45.0, -2.0 ,  0.0,     ,  0.0,     ,  0.0, 1.0,  63.0,    7.0,   1.0,   0.0,     1.0,     0.0, -1.0   ,     0.0,        ,     0.0,        ,     0.0,     5.0
mcbaian01, 1985,     1, WIN , NHL , R  , 28.0,  3.0,   3.0,   6.0,  17.0, -11.0,  0.0,     ,  0.0,     ,  0.0, 0.0,  24.0,       ,      ,      ,        ,        ,        ,        ,        ,        ,        ,        ,      
mcbaian01, 1986,     1, WIN , NHL , R  , 71.0, 11.0,  21.0,  32.0, 106.0, 6.0  ,  1.0,     ,  1.0,     ,  0.0, 0.0,  85.0,    9.0,   0.0,   2.0,     2.0,    10.0, 3.0    ,     0.0,        ,     0.0,        ,     0.0,    10.0
mcbaian01, 1987,     1, WIN , NHL , R  , 74.0, 32.0,  31.0,  63.0, 145.0, -10.0, 20.0, 16.0,  0.0,  0.0,  5.0, 1.0, 146.0,    5.0,   2.0,   5.0,     7.0,    29.0, 2.0    ,     0.0,     3.0,     1.0,     0.0,     0.0,     8.0
mcbaian01, 1988,     1, WIN , NHL , R  , 80.0, 37.0,  40.0,  77.0,  71.0, -35.0, 20.0, 15.0,  1.0,  3.0,  3.0, 2.0, 180.0,       ,      ,      ,        ,        ,        ,        ,        ,        ,        ,        ,      
mcbaian01, 1989,     1, PIT , NHL , R  , 41.0,  5.0,   9.0,  14.0,  51.0, -8.0 ,  1.0,  0.0,  0.0,  0.0,  0.0, 0.0,  56.0,       ,      ,      ,        ,        ,        ,        ,        ,        ,        ,        ,      
mcbaian01, 1989,     2, VAN , NHL , R  , 26.0,  4.0,   5.0,   9.0,  22.0, -3.0 ,  3.0,  0.0,  0.0,  0.0,  0.0, 0.0,  50.0,       ,      ,      ,        ,        ,        ,        ,        ,        ,        ,        ,      
mcbaian01, 1990,     1, VAN , NHL , R  , 13.0,  0.0,   5.0,   5.0,  32.0, -3.0 ,  0.0,  2.0,  0.0,  0.0,  0.0, 0.0,   8.0,       ,      ,      ,        ,        ,        ,        ,        ,        ,        ,        ,      
mcbaian01, 1991,     1, VAN , NHL , R  ,  6.0,  1.0,   0.0,   1.0,   0.0, -1.0 ,  0.0,  0.0,  0.0,  0.0,  0.0, 0.0,  11.0,       ,      ,      ,        ,        ,        ,        ,        ,        ,        ,        ,      
mcbaian01, 1992,     1, OTT , NHL , R  , 59.0,  7.0,  16.0,  23.0,  43.0, -37.0,  1.0,  3.0,  0.0,  0.0,  0.0, 0.0,  71.0,       ,      ,      ,        ,        ,        ,        ,        ,        ,        ,        ,      
mcbaian01, 1993,     1, OTT , NHL , R  , 55.0, 11.0,   8.0,  19.0,  64.0, -41.0,  8.0,  4.0,  0.0,  0.0,  0.0, 0.0,  91.0,       ,      ,      ,        ,        ,        ,        ,        ,        ,        ,        ,      
mcbaija01, 1995,     1, HAR , NHL , D  ,  3.0,  0.0,   0.0,   0.0,   0.0, -1.0 ,  0.0,  0.0,  0.0,  0.0,  0.0, 0.0,   0.0,       ,      ,      ,        ,        ,        ,        ,        ,        ,        ,        ,      
mcbaija01, 1996,     1, HAR , NHL , D  ,  6.0,  0.0,   0.0,   0.0,   0.0, -4.0 ,  0.0,  0.0,  0.0,  0.0,  0.0, 0.0,   1.0,       ,      ,      ,        ,        ,        ,        ,        ,        ,        ,        ,      
mcbaija02, 2009,     1, CAR , NHL , D  , 14.0,  3.0,   7.0,  10.0,   0.0, 6.0  ,  1.0,  3.0,  0.0,  0.0,  1.0,    ,  29.0,       ,      ,      ,        ,        ,        ,        ,        ,        ,        ,        ,      
mcbaimi01, 1997,     1, TBL , NHL , D  , 27.0,  0.0,   1.0,   1.0,   8.0, -10.0,  0.0,  0.0,  0.0,  0.0,  0.0, 0.0,  17.0,       ,      ,      ,        ,        ,        ,        ,        ,        ,        ,        ,      
mcbaimi01, 1998,     1, TBL , NHL , D  , 37.0,  0.0,   6.0,   6.0,  14.0, -11.0,  0.0,  0.0,  0.0,  0.0,  0.0, 0.0,  22.0,       ,      ,      ,        ,        ,        ,        ,        ,        ,        ,        ,      
mcbeawa01, 1987,     1, LAK , NHL , D  , 27.0,  0.0,   1.0,   1.0,  26.0, -14.0,  0.0,  0.0,  0.0,  0.0,  0.0, 0.0,  21.0,       ,      ,      ,        ,        ,        ,        ,        ,        ,        ,        ,      
mcbeawa01, 1988,     1, LAK , NHL , D  , 33.0,  0.0,   5.0,   5.0,  23.0, -9.0 ,  0.0,     ,  0.0,  0.0,  0.0, 0.0,  19.0,       ,      ,      ,        ,        ,        ,        ,        ,        ,        ,        ,      
mcbeawa01, 1988,     2, NYI , NHL , D  , 19.0,  0.0,   1.0,   1.0,  12.0, -4.0 ,  0.0,     ,  0.0,  0.0,  0.0, 0.0,  17.0,       ,      ,      ,        ,        ,        ,        ,        ,        ,        ,        ,      
mcbeawa01, 1989,     1, NYI , NHL , D  ,  5.0,  0.0,   1.0,   1.0,   2.0, -1.0 ,  0.0,  0.0,  0.0,  0.0,  0.0, 0.0,   3.0,    2.0,   1.0,   1.0,     2.0,     0.0, 0.0    ,     0.0,     1.0,     0.0,     0.0,     0.0,     7.0
mcbeawa01, 1990,     1, NYI , NHL , D  , 52.0,  5.0,  14.0,  19.0,  47.0, -21.0,  2.0,  6.0,  0.0,  1.0,  0.0, 0.0,  93.0,       ,      ,      ,        ,        ,        ,        ,        ,        ,        ,        ,      
mcbeawa01, 1991,     1, NYI , NHL , D  , 25.0,  2.0,   4.0,   6.0,  18.0, 11.0 ,  0.0,  0.0,  1.0,  0.0,  1.0, 0.0,  51.0,       ,      ,      ,        ,        ,        ,        ,        ,        ,        ,        ,      
mcbeawa01, 1993,     1, NYI , NHL , D  , 19.0,  1.0,   4.0,   5.0,  16.0, -13.0,  0.0,  2.0,  0.0,  0.0,  0.0, 0.0,  33.0,       ,      ,      ,        ,        ,        ,        ,        ,        ,        ,        ,      
mcbeawa01, 1993,     2, WIN , NHL , D  , 31.0,  2.0,   9.0,  11.0,  24.0, -21.0,  2.0,  7.0,  0.0,  0.0,  0.0, 0.0,  81.0,       ,      ,      ,        ,        ,        ,        ,        ,        ,        ,        ,      
mcbricl01, 1928,     1, MTM , NHL , D  ,  1.0,  0.0,   0.0,   0.0,   0.0,      ,     ,     ,     ,     ,     ,    ,      ,       ,      ,      ,        ,        ,        ,        ,        ,        ,        ,        ,      
mcbricl01, 1929,     1, TOR , NHL , D  ,  1.0,  0.0,   0.0,   0.0,   0.0,      ,     ,     ,     ,     ,     ,    ,      ,       ,      ,      ,        ,        ,        ,        ,        ,        ,        ,        ,      
mcburji01, 1952,     1, CHI , NHL , L  ,  1.0,  0.0,   1.0,   1.0,   0.0,      ,     ,     ,     ,     ,     ,    ,      ,       ,      ,      ,        ,        ,        ,        ,        ,        ,        ,        ,      
mccabbr01, 1995,     1, NYI , NHL , D  , 82.0,  7.0,  16.0,  23.0, 156.0, -24.0,  3.0,  8.0,  0.0,  0.0,  1.0, 0.0, 130.0,       ,      ,      ,        ,        ,        ,        ,        ,        ,        ,        ,      
mccabbr01, 1996,     1, NYI , NHL , D  , 82.0,  8.0,  20.0,  28.0, 165.0, -2.0 ,  2.0,  4.0,  1.0,  0.0,  2.0, 0.0, 117.0,       ,      ,      ,        ,        ,        ,        ,        ,        ,        ,        ,      
mccabbr01, 1997,     1, NYI , NHL , D  , 56.0,  3.0,   9.0,  12.0, 145.0, 9.0  ,  1.0,  3.0,  0.0,  0.0,  0.0, 0.0,  81.0,       ,      ,      ,        ,        ,        ,        ,        ,        ,        ,        ,      
mccabbr01, 1997,     2, VAN , NHL , D  , 26.0,  1.0,  11.0,  12.0,  64.0, 10.0 ,  0.0,  5.0,  1.0,  1.0,  0.0, 0.0,  42.0,       ,      ,      ,        ,        ,        ,        ,        ,        ,        ,        ,      
mccabbr01, 1998,     1, VAN , NHL , D  , 69.0,  7.0,  14.0,  21.0, 120.0, -11.0,  1.0,  6.0,  2.0,  1.0,  0.0, 0.0,  98.0,       ,      ,      ,        ,        ,        ,        ,        ,        ,        ,        ,      
mccabbr01, 1999,     1, CHI , NHL , D  , 79.0,  6.0,  19.0,  25.0, 139.0, -8.0 ,  2.0,  6.0,  0.0,  0.0,  2.0, 0.0, 119.0,       ,      ,      ,        ,        ,        ,        ,        ,        ,        ,        ,      
mccabbr01, 2000,     1, TOR , NHL , D  , 82.0,  5.0,  24.0,  29.0, 123.0, 16.0 ,  3.0, 14.0,  0.0,  0.0,  2.0, 0.0, 159.0,   11.0,   2.0,   3.0,     5.0,    16.0, 5.0    ,     1.0,     3.0,     0.0,     0.0,     0.0,    17.0
mccabbr01, 2001,     1, TOR , NHL , D  , 82.0, 17.0,  26.0,  43.0, 129.0, 16.0 ,  8.0, 14.0,  0.0,  0.0,  1.0, 0.0, 157.0,   20.0,   5.0,   5.0,    10.0,    30.0, 4.0    ,     3.0,     1.0,     0.0,     0.0,     1.0,    64.0
mccabbr01, 2002,     1, TOR , NHL , D  , 75.0,  6.0,  18.0,  24.0, 135.0, 9.0  ,  3.0,  6.0,  0.0,  3.0,  1.0, 0.0, 149.0,    7.0,   0.0,   3.0,     3.0,    10.0, -3.0   ,     0.0,     0.0,     0.0,     2.0,     0.0,    16.0
mccabbr01, 2003,     1, TOR , NHL , D  , 75.0, 16.0,  37.0,  53.0,  86.0, 22.0 ,  8.0, 18.0,  0.0,  0.0,  2.0, 1.0, 168.0,   13.0,   3.0,   5.0,     8.0,    14.0, 0.0    ,     2.0,     1.0,     0.0,     0.0,     0.0,    26.0
mccabbr01, 2005,     1, TOR , NHL , D  , 73.0, 19.0,  49.0,  68.0, 116.0, -1.0 , 13.0, 32.0,  0.0,  4.0,  6.0,    , 207.0,       ,      ,      ,        ,        ,        ,        ,        ,        ,        ,        ,      
mccabbr01, 2006,     1, TOR , NHL , D  , 82.0, 15.0,  42.0,  57.0, 115.0, 3.0  , 11.0, 23.0,  0.0,  0.0,  1.0,    , 207.0,       ,      ,      ,        ,        ,        ,        ,        ,        ,        ,        ,      
mccabbr01, 2007,     1, TOR , NHL , D  , 54.0,  5.0,  18.0,  23.0,  81.0, -2.0 ,  4.0, 12.0,  0.0,  0.0,  2.0,    , 107.0,       ,      ,      ,        ,        ,        ,        ,        ,        ,        ,        ,      
mccabbr01, 2008,     1, FLO , NHL , D  , 69.0, 15.0,  24.0,  39.0,  41.0, -1.0 ,  8.0, 11.0,  0.0,  0.0,  3.0,    , 153.0,       ,      ,      ,        ,        ,        ,        ,        ,        ,        ,        ,      
mccabbr01, 2009,     1, FLO , NHL , D  , 82.0,  8.0,  35.0,  43.0,  83.0, -4.0 ,  3.0, 16.0,  0.0,  0.0,  1.0,    , 169.0,       ,      ,      ,        ,        ,        ,        ,        ,        ,        ,        ,      
mccabst01, 1929,     1, DTC , NHL , W  , 25.0,  7.0,   3.0,  10.0,  23.0,      ,     ,     ,     ,     ,     ,    ,      ,       ,      ,      ,        ,        ,        ,        ,        ,        ,        ,        ,      
mccabst01, 1930,     1, DTF , NHL , W  , 44.0,  2.0,   1.0,   3.0,  22.0,      ,     ,     ,     ,     ,     ,    ,      ,       ,      ,      ,        ,        ,        ,        ,        ,        ,        ,        ,      
mccabst01, 1932,     1, MTM , NHL , D  ,  1.0,  0.0,   0.0,   0.0,   0.0,      ,     ,     ,     ,     ,     ,    ,      ,       ,      ,      ,        ,        ,        ,        ,        ,        ,        ,        ,      
mccabst01, 1933,     1, MTM , NHL , D/W,  8.0,  0.0,   0.0,   0.0,   4.0,      ,     ,     ,     ,     ,     ,    ,      ,       ,      ,      ,        ,        ,        ,        ,        ,        ,        ,        ,      
mccafbe01, 1924,     1, TRS , NHL , D  , 30.0, 10.0,   6.0,  16.0,  12.0,      ,     ,     ,     ,     ,     ,    ,      ,    2.0,   1.0,   0.0,     1.0,     4.0,        ,        ,        ,        ,        ,        ,      
mccafbe01, 1925,     1, TRS , NHL , D  , 36.0, 14.0,   7.0,  21.0,  42.0,      ,     ,     ,     ,     ,     ,    ,      ,       ,      ,      ,        ,        ,        ,        ,        ,        ,        ,        ,      
mccafbe01, 1926,     1, TRS , NHL , D  , 43.0,  5.0,   5.0,  10.0,  43.0,      ,     ,     ,     ,     ,     ,    ,      ,       ,      ,      ,        ,        ,        ,        ,        ,        ,        ,        ,      
mccafbe01, 1927,     1, TOR , NHL , D  ,  9.0,  1.0,   1.0,   2.0,   9.0,      ,     ,     ,     ,     ,     ,    ,      ,       ,      ,      ,        ,        ,        ,        ,        ,        ,        ,        ,      
mccafbe01, 1927,     2, PIP , NHL , D  , 35.0,  6.0,   3.0,   9.0,  14.0,      ,     ,     ,     ,     ,     ,    ,      ,       ,      ,      ,        ,        ,        ,        ,        ,        ,        ,        ,      
mccafbe01, 1928,     1, PIP , NHL , D  , 42.0,  1.0,   0.0,   1.0,  34.0,      ,     ,     ,     ,     ,     ,    ,      ,       ,      ,      ,        ,        ,        ,        ,        ,        ,        ,        ,      
mccafbe01, 1929,     1, PIP , NHL , D  , 15.0,  3.0,   4.0,   7.0,  12.0,      ,     ,     ,     ,     ,     ,    ,      ,       ,      ,      ,        ,        ,        ,        ,        ,        ,        ,        ,      
mccafbe01, 1929,     2, MTL , NHL , D  , 28.0,  1.0,   3.0,   4.0,  26.0,      ,     ,     ,     ,     ,     ,    ,      ,    6.0,   1.0,   1.0,     2.0,     6.0,        ,        ,        ,        ,        ,        ,      
mccafbe01, 1930,     1, MTL , NHL , D  , 22.0,  2.0,   1.0,   3.0,  10.0,      ,     ,     ,     ,     ,     ,    ,      ,       ,      ,      ,        ,        ,        ,        ,        ,        ,        ,        ,      
mccahjo01, 1977,     1, COR , NHL , D  ,  1.0,  0.0,   0.0,   0.0,   0.0, 0.0  ,  0.0,     ,  0.0,     ,  0.0, 0.0,   0.0,       ,      ,      ,        ,        ,        ,        ,        ,        ,        ,        ,      
mccaido01, 1941,     1, DET , NHL , D  ,  9.0,  0.0,   1.0,   1.0,   6.0,      ,     ,     ,     ,     ,     ,    ,      ,    2.0,   0.0,   0.0,     0.0,     6.0,        ,        ,        ,        ,        ,        ,      
mccaido01, 1945,     1, DET , NHL , D  ,  6.0,  0.0,   1.0,   1.0,  12.0,      ,     ,     ,     ,     ,     ,    ,      ,       ,      ,      ,        ,        ,        ,        ,        ,        ,        ,        ,      
mccaido01, 1946,     1, DET , NHL , D  , 47.0,  2.0,   4.0,   6.0,  62.0,      ,     ,     ,     ,     ,     ,    ,      ,    5.0,   0.0,   1.0,     1.0,     4.0,        ,        ,        ,        ,        ,        ,      
mccaido01, 1947,     1, DET , NHL , D  , 29.0,  3.0,   3.0,   6.0,  37.0,      ,     ,     ,     ,     ,     ,    ,      ,       ,      ,      ,        ,        ,        ,        ,        ,        ,        ,        ,      
mccaido01, 1948,     1, DET , NHL , D  ,  1.0,  0.0,   0.0,   0.0,   0.0,      ,     ,     ,     ,     ,     ,    ,      ,       ,      ,      ,        ,        ,        ,        ,        ,        ,        ,        ,      
mccaido01, 1948,     2, CHI , NHL , D  , 55.0,  1.0,   3.0,   4.0,  60.0,      ,     ,     ,     ,     ,     ,    ,      ,       ,      ,      ,        ,        ,        ,        ,        ,        ,        ,        ,      
mccaido01, 1949,     1, CHI , NHL , D  , 63.0,  0.0,   4.0,   4.0,  49.0,      ,     ,     ,     ,     ,     ,    ,      ,       ,      ,      ,        ,        ,        ,        ,        ,        ,        ,        ,      
mccaido01, 1950,     1, CHI , NHL , D  , 53.0,  2.0,   5.0,   7.0,  29.0,      ,     ,     ,     ,     ,     ,    ,      ,       ,      ,      ,        ,        ,        ,        ,        ,        ,        ,        ,      
mccaldu01, 1965,     1, NYR , NHL , D  ,  2.0,  0.0,   0.0,   0.0,   2.0,      ,  0.0,     ,  0.0,     ,  0.0, 0.0,      ,       ,      ,      ,        ,        ,        ,        ,        ,        ,        ,        ,      
mccaldu01, 1967,     1, PIT , NHL , D  , 32.0,  0.0,   2.0,   2.0,  36.0, -2.0 ,  0.0,     ,  0.0,     ,  0.0, 0.0,  34.0,       ,      ,      ,        ,        ,        ,        ,        ,        ,        ,        ,      
mccaldu01, 1968,     1, PIT , NHL , D  , 62.0,  5.0,  13.0,  18.0,  81.0, -35.0,  2.0,     ,  1.0,     ,  1.0, 0.0,  99.0,       ,      ,      ,        ,        ,        ,        ,        ,        ,        ,        ,      
mccaldu01, 1969,     1, PIT , NHL , D  , 14.0,  0.0,   0.0,   0.0,  16.0, -4.0 ,  0.0,     ,  0.0,     ,  0.0, 0.0,  11.0,   10.0,   1.0,   2.0,     3.0,    12.0,        ,     0.0,        ,     0.0,        ,     0.0,      
mccaldu01, 1970,     1, PIT , NHL , D  , 77.0,  9.0,  20.0,  29.0,  95.0, -13.0,  1.0,     ,  0.0,     ,  1.0, 1.0, 104.0,       ,      ,      ,        ,        ,        ,        ,        ,        ,        ,        ,      
mccaldu01, 1972,     1, HOU , WHA , D  , 69.0,  9.0,  20.0,  29.0, 112.0,      ,  2.0,     ,  0.0,     ,     ,    ,      ,   10.0,   2.0,   3.0,     5.0,     6.0,        ,     1.0,        ,     0.0,        ,     0.0,      
mccaldu01, 1974,     1, CHC , WHA , D  , 31.0,  0.0,  10.0,  10.0,  24.0, -6.0 ,  0.0,     ,  0.0,     ,  0.0,    ,  28.0,       ,      ,      ,        ,        ,        ,        ,        ,        ,        ,        ,      
mccaled01, 1927,     1, CHI , NHL , R  , 23.0,  2.0,   0.0,   2.0,   8.0,      ,     ,     ,     ,     ,     ,    ,      ,       ,      ,      ,        ,        ,        ,        ,        ,        ,        ,        ,      
mccaled01, 1930,     1, PHQ , NHL , R  , 16.0,  3.0,   0.0,   3.0,   6.0,      ,     ,     ,     ,     ,     ,    ,      ,       ,      ,      ,        ,        ,        ,        ,        ,        ,        ,        ,      
mccanri01, 1967,     1, DET , NHL , C  ,  3.0,  0.0,   0.0,   0.0,   0.0, 0.0  ,  0.0,     ,  0.0,     ,  0.0, 0.0,   0.0,       ,      ,      ,        ,        ,        ,        ,        ,        ,        ,        ,      
mccanri01, 1968,     1, DET , NHL , C  ,  3.0,  0.0,   0.0,   0.0,   0.0, -1.0 ,  0.0,     ,  0.0,     ,  0.0, 0.0,   2.0,       ,      ,      ,        ,        ,        ,        ,        ,        ,        ,        ,      
mccanri01, 1969,     1, DET , NHL , C  , 18.0,  0.0,   1.0,   1.0,   4.0, -2.0 ,  0.0,     ,  0.0,     ,  0.0, 0.0,  10.0,       ,      ,      ,        ,        ,        ,        ,        ,        ,        ,        ,      
mccanri01, 1970,     1, DET , NHL , C  ,  5.0,  0.0,   0.0,   0.0,   0.0, -2.0 ,  0.0,     ,  0.0,     ,  0.0, 0.0,   8.0,       ,      ,      ,        ,        ,        ,        ,        ,        ,        ,        ,      
mccanri01, 1971,     1, DET , NHL , C  ,  1.0,  0.0,   0.0,   0.0,   0.0, 0.0  ,  0.0,     ,  0.0,     ,  0.0, 0.0,   0.0,       ,      ,      ,        ,        ,        ,        ,        ,        ,        ,        ,      
mccanri01, 1974,     1, DET , NHL , C  , 13.0,  1.0,   3.0,   4.0,   2.0, -4.0 ,  0.0,     ,  0.0,     ,  0.0, 0.0,  10.0,       ,      ,      ,        ,        ,        ,        ,        ,        ,        ,        ,      
mccarch01, 1914,     1, MOW , NHA , G  , 19.0,  0.0,   0.0,   0.0,   0.0,      ,     ,     ,     ,     ,     ,    ,      ,    2.0,   0.0,      ,        ,        ,        ,        ,        ,        ,        ,        ,      
mccarda01, 1980,     1, NYR , NHL , C  ,  5.0,  4.0,   0.0,   4.0,   4.0, 3.0  ,  2.0,     ,  0.0,     ,  0.0, 0.0,   7.0,       ,      ,      ,        ,        ,        ,        ,        ,        ,        ,        ,      
mccarda02, 1993,     1, DET , NHL , R  , 67.0,  9.0,  17.0,  26.0, 181.0, 12.0 ,  0.0,  2.0,  0.0,  0.0,  2.0, 0.0,  81.0,    7.0,   2.0,   2.0,     4.0,     8.0, 3.0    ,     0.0,     0.0,     0.0,     0.0,     0.0,     6.0
mccarda02, 1994,     1, DET , NHL , R  , 31.0,  5.0,   8.0,  13.0,  88.0, 5.0  ,  1.0,  1.0,  0.0,  0.0,  2.0, 0.0,  27.0,   18.0,   3.0,   2.0,     5.0,    14.0, 3.0    ,     0.0,     0.0,     0.0,     0.0,     0.0,    31.0
mccarda02, 1995,     1, DET , NHL , R  , 63.0, 15.0,  14.0,  29.0, 158.0, 14.0 ,  8.0,  2.0,  0.0,  0.0,  1.0, 1.0, 102.0,   19.0,   3.0,   2.0,     5.0,    20.0, -2.0   ,     0.0,     0.0,     0.0,     0.0,     1.0,    30.0
mccarda02, 1996,     1, DET , NHL , R  , 68.0, 19.0,  30.0,  49.0, 126.0, 14.0 ,  5.0, 11.0,  0.0,  0.0,  6.0, 1.0, 171.0,   20.0,   3.0,   4.0,     7.0,    34.0, 1.0    ,     0.0,     0.0,     0.0,     0.0,     2.0,    34.0
mccarda02, 1997,     1, DET , NHL , R  , 71.0, 15.0,  22.0,  37.0, 157.0, 0.0  ,  5.0,  8.0,  1.0,  0.0,  2.0, 0.0, 166.0,   22.0,   3.0,   8.0,    11.0,    34.0, 9.0    ,     0.0,     2.0,     0.0,     2.0,     1.0,    46.0
mccarda02, 1998,     1, DET , NHL , R  , 69.0, 14.0,  26.0,  40.0, 108.0, 10.0 ,  6.0,  3.0,  0.0,  1.0,  1.0, 1.0, 140.0,   10.0,   1.0,   1.0,     2.0,    23.0, -1.0   ,     0.0,     0.0,     0.0,     0.0,     0.0,    15.0
mccarda02, 1999,     1, DET , NHL , R  , 24.0,  6.0,   6.0,  12.0,  48.0, 1.0  ,  0.0,  0.0,  0.0,  0.0,  1.0, 0.0,  40.0,    9.0,   0.0,   1.0,     1.0,    12.0, 3.0    ,     0.0,     0.0,     0.0,     0.0,     0.0,     7.0
mccarda02, 2000,     1, DET , NHL , R  , 72.0, 12.0,  10.0,  22.0, 123.0, -5.0 ,  1.0,  3.0,  1.0,  0.0,  3.0, 1.0, 118.0,    6.0,   1.0,   0.0,     1.0,     2.0, 1.0    ,     0.0,     0.0,     0.0,     0.0,     0.0,    10.0
mccarda02, 2001,     1, DET , NHL , R  , 62.0,  5.0,   7.0,  12.0,  98.0, 2.0  ,  0.0,  0.0,  0.0,  0.0,  1.0, 2.0,  74.0,   23.0,   4.0,   4.0,     8.0,    34.0, 5.0    ,     0.0,     0.0,     0.0,     0.0,     1.0,    26.0
mccarda02, 2002,     1, DET , NHL , R  , 73.0, 13.0,   9.0,  22.0, 138.0, 10.0 ,  1.0,  1.0,  0.0,  0.0,  2.0, 0.0, 129.0,    4.0,   0.0,   0.0,     0.0,     6.0, -3.0   ,     0.0,     0.0,     0.0,     0.0,     0.0,     9.0
mccarda02, 2003,     1, DET , NHL , R  , 43.0,  6.0,   5.0,  11.0,  50.0, 2.0  ,  1.0,  0.0,  0.0,  0.0,  0.0, 0.0,  61.0,   12.0,   0.0,   1.0,     1.0,     7.0, 0.0    ,     0.0,     0.0,     0.0,     0.0,     0.0,    15.0
mccarda02, 2005,     1, CAL , NHL , R  , 67.0,  7.0,   6.0,  13.0, 117.0, -1.0 ,  1.0,  1.0,  0.0,  0.0,  0.0,    ,  67.0,    7.0,   2.0,   0.0,     2.0,    15.0, 1.0    ,     0.0,     0.0,     0.0,     0.0,     1.0,     7.0
mccarda02, 2006,     1, CAL , NHL , R  , 32.0,  0.0,   0.0,   0.0,  58.0, -3.0 ,  0.0,  0.0,  0.0,  0.0,  0.0,    ,  15.0,       ,      ,      ,        ,        ,        ,        ,        ,        ,        ,        ,      
mccarda02, 2007,     1, DET , NHL , R  ,  3.0,  0.0,   1.0,   1.0,   2.0, 2.0  ,  0.0,  0.0,  0.0,  0.0,  0.0,    ,   3.0,   17.0,   1.0,   1.0,     2.0,    19.0, 1.0    ,     0.0,     0.0,     0.0,     0.0,     0.0,    14.0
mccarda02, 2008,     1, DET , NHL , R  , 13.0,  1.0,   0.0,   1.0,  25.0, -2.0 ,  0.0,  0.0,  0.0,  0.0,  0.0,    ,   6.0,       ,      ,      ,        ,        ,        ,        ,        ,        ,        ,        ,      
mccarja01, 1959,     1, NYR , NHL , G  ,  4.0,  0.0,   0.0,   0.0,   0.0,      ,     ,     ,     ,     ,     ,    ,      ,       ,      ,      ,        ,        ,        ,        ,        ,        ,        ,        ,      
mccarja01, 1960,     1, NYR , NHL , G  ,  8.0,  0.0,   0.0,   0.0,   0.0,      ,     ,     ,     ,     ,     ,    ,      ,       ,      ,      ,        ,        ,        ,        ,        ,        ,        ,        ,      
mccarja01, 1972,     1, MFS , WHA , G  , 38.0,  0.0,   0.0,   0.0,  19.0,      ,  0.0,     ,  0.0,     ,     ,    ,      ,    4.0,   0.0,   1.0,     1.0,     0.0,        ,     0.0,        ,     0.0,        ,     0.0,      
mccarja01, 1973,     1, MFS , WHA , G  ,  2.0,  0.0,   0.0,   0.0,   0.0,      ,  0.0,     ,  0.0,     ,  0.0,    ,      ,       ,      ,      ,        ,        ,        ,        ,        ,        ,        ,        ,      
mccarja01, 1974,     1, MFS , WHA , G  ,  2.0,  0.0,   0.0,   0.0,   0.0,      ,  0.0,     ,  0.0,     ,  0.0,    ,   0.0,       ,      ,      ,        ,        ,        ,        ,        ,        ,        ,        ,      
mccarjo01, 2009,     1, SJS , NHL , L  ,  4.0,  0.0,   0.0,   0.0,   0.0, -3.0 ,  0.0,  0.0,  0.0,  0.0,  0.0,    ,   3.0,       ,      ,      ,        ,        ,        ,        ,        ,        ,        ,        ,      
mccarke01, 1977,     1, PHI , NHL , D  , 62.0,  2.0,  15.0,  17.0,  32.0, 29.0 ,  0.0,     ,  0.0,     ,  0.0, 0.0,  91.0,   10.0,   0.0,   1.0,     1.0,     8.0,        ,     0.0,        ,     0.0,        ,     0.0,      
mccarke01, 1978,     1, PHI , NHL , D  , 22.0,  1.0,   2.0,   3.0,  21.0, 2.0  ,  0.0,     ,  0.0,     ,  0.0, 0.0,  16.0,       ,      ,      ,        ,        ,        ,        ,        ,        ,        ,        ,      
mccarke01, 1978,     2, VAN , NHL , D  ,  1.0,  0.0,   0.0,   0.0,   0.0, -2.0 ,  0.0,     ,  0.0,     ,  0.0, 0.0,   0.0,       ,      ,      ,        ,        ,        ,        ,        ,        ,        ,        ,      
mccarke01, 1979,     1, VAN , NHL , D  , 79.0, 15.0,  30.0,  45.0,  70.0, -5.0 ,  4.0,     ,  0.0,     ,  3.0, 1.0, 161.0,    4.0,   1.0,   0.0,     1.0,     0.0,        ,     0.0,        ,     0.0,        ,     0.0,      
mccarke01, 1980,     1, VAN , NHL , D  , 80.0, 16.0,  37.0,  53.0,  85.0, -11.0,  4.0,     ,  1.0,     ,  1.0, 1.0, 140.0,    3.0,   0.0,   1.0,     1.0,     0.0,        ,     0.0,        ,     0.0,        ,     0.0,      
mccarke01, 1981,     1, VAN , NHL , D  , 71.0,  6.0,  39.0,  45.0,  84.0, 12.0 ,  1.0,     ,  0.0,     ,  0.0, 0.0, 152.0,       ,      ,      ,        ,        ,        ,        ,        ,        ,        ,        ,      
mccarke01, 1982,     1, VAN , NHL , D  , 74.0, 12.0,  28.0,  40.0,  88.0, -1.0 ,  3.0,     ,  0.0,     ,  0.0, 2.0,  99.0,    4.0,   1.0,   1.0,     2.0,    12.0,        ,     0.0,        ,     0.0,        ,     0.0,      
mccarke01, 1983,     1, VAN , NHL , D  , 47.0,  2.0,  14.0,  16.0,  61.0, -8.0 ,  0.0,     ,  0.0,     ,  0.0, 1.0,  44.0,       ,      ,      ,        ,        ,        ,        ,        ,        ,        ,        ,      
mccarke01, 1983,     2, PIT , NHL , D  , 31.0,  4.0,  16.0,  20.0,  52.0, -32.0,  1.0,     ,  0.0,     ,  0.0, 0.0,  57.0,       ,      ,      ,        ,        ,        ,        ,        ,        ,        ,        ,      
mccarke01, 1984,     1, PIT , NHL , R  , 64.0,  9.0,  10.0,  19.0,  30.0, -20.0,  0.0,     ,  1.0,     ,  0.0, 0.0,  46.0,       ,      ,      ,        ,        ,        ,        ,        ,        ,        ,        ,      
mccarke01, 1985,     1, PHI , NHL , D  ,  4.0,  0.0,   0.0,   0.0,   4.0, 0.0  ,  0.0,     ,  0.0,     ,  0.0, 0.0,   0.0,       ,      ,      ,        ,        ,        ,        ,        ,        ,        ,        ,      
mccarke01, 1986,     1, PHI , NHL , D  ,  2.0,  0.0,   0.0,   0.0,   0.0, -1.0 ,  0.0,     ,  0.0,     ,  0.0, 0.0,   0.0,       ,      ,      ,        ,        ,        ,        ,        ,        ,        ,        ,      
mccarsa01, 1993,     1, CAL , NHL , R  , 79.0,  5.0,   5.0,  10.0, 173.0, -3.0 ,  0.0,  0.0,  0.0,  0.0,  0.0, 0.0,  39.0,    7.0,   0.0,   0.0,     0.0,    34.0, -2.0   ,     0.0,     0.0,     0.0,     0.0,     0.0,     3.0
mccarsa01, 1994,     1, CAL , NHL , R  , 37.0,  5.0,   3.0,   8.0, 101.0, 1.0  ,  0.0,  1.0,  0.0,  0.0,  2.0, 0.0,  29.0,    6.0,   0.0,   1.0,     1.0,    17.0, -2.0   ,     0.0,     0.0,     0.0,     0.0,     0.0,     0.0
mccarsa01, 1995,     1, CAL , NHL , R  , 75.0,  9.0,   7.0,  16.0, 173.0, -8.0 ,  3.0,  1.0,  0.0,  0.0,  1.0, 0.0,  98.0,    4.0,   0.0,   0.0,     0.0,    10.0, -3.0   ,     0.0,     0.0,     0.0,     0.0,     0.0,     4.0
mccarsa01, 1996,     1, CAL , NHL , R  , 33.0,  3.0,   5.0,   8.0, 113.0, -8.0 ,  1.0,  0.0,  0.0,  0.0,  1.0, 0.0,  38.0,       ,      ,      ,        ,        ,        ,        ,        ,        ,        ,        ,      
mccarsa01, 1997,     1, CAL , NHL , R  , 52.0,  8.0,   5.0,  13.0, 170.0, -18.0,  1.0,  3.0,  0.0,  0.0,  1.0, 0.0,  68.0,       ,      ,      ,        ,        ,        ,        ,        ,        ,        ,        ,      
mccarsa01, 1997,     2, TBL , NHL , R  , 14.0,  0.0,   5.0,   5.0,  71.0, -1.0 ,  0.0,  1.0,  0.0,  0.0,  0.0, 0.0,  26.0,       ,      ,      ,        ,        ,        ,        ,        ,        ,        ,        ,      
mccarsa01, 1998,     1, TBL , NHL , R  , 67.0,  5.0,   7.0,  12.0, 135.0, -22.0,  1.0,  0.0,  0.0,  0.0,  0.0, 0.0,  89.0,       ,      ,      ,        ,        ,        ,        ,        ,        ,        ,        ,      
mccarsa01, 1998,     2, PHI , NHL , R  , 13.0,  0.0,   1.0,   1.0,  25.0, -2.0 ,  0.0,  0.0,  0.0,  0.0,  0.0, 0.0,  18.0,    6.0,   0.0,   1.0,     1.0,     0.0, 1.0    ,     0.0,     0.0,     0.0,     0.0,     0.0,     7.0
mccarsa01, 1999,     1, PHI , NHL , R  , 58.0,  6.0,   5.0,  11.0, 111.0, -5.0 ,  1.0,  2.0,  0.0,  0.0,  0.0, 0.0,  68.0,       ,      ,      ,        ,        ,        ,        ,        ,        ,        ,        ,      
mccarsa01, 1999,     2, CAR , NHL , R  , 13.0,  0.0,   0.0,   0.0,   9.0, 2.0  ,  0.0,  0.0,  0.0,  0.0,  0.0, 0.0,  12.0,       ,      ,      ,        ,        ,        ,        ,        ,        ,        ,        ,      
mccarsa01, 2000,     1, NYR , NHL , R  , 81.0, 11.0,  10.0,  21.0, 171.0, 3.0  ,  0.0,  0.0,  0.0,  0.0,  2.0, 0.0,  95.0,       ,      ,      ,        ,        ,        ,        ,        ,        ,        ,        ,      
mccarsa01, 2001,     1, NYR , NHL , R  , 82.0, 10.0,  13.0,  23.0, 171.0, -8.0 ,  1.0,  0.0,  0.0,  0.0,  3.0, 0.0,  90.0,       ,      ,      ,        ,        ,        ,        ,        ,        ,        ,        ,      
mccarsa01, 2002,     1, NYR , NHL , R  , 82.0,  6.0,   9.0,  15.0,  81.0, -4.0 ,  0.0,  0.0,  0.0,  0.0,  1.0, 0.0,  81.0,       ,      ,      ,        ,        ,        ,        ,        ,        ,        ,        ,      
mccarsa01, 2003,     1, BOS , NHL , R  , 37.0,  3.0,   1.0,   4.0,  28.0, 0.0  ,  0.0,  0.0,  0.0,  0.0,  1.0, 0.0,  27.0,       ,      ,      ,        ,        ,        ,        ,        ,        ,        ,        ,      
mccarsa01, 2003,     2, NYR , NHL , R  , 13.0,  1.0,   0.0,   1.0,   2.0, -8.0 ,  1.0,  0.0,  0.0,  0.0,  0.0, 0.0,  11.0,       ,      ,      ,        ,        ,        ,        ,        ,        ,        ,        ,      
mccarst01, 1999,     1, CHI , NHL , D  ,  5.0,  1.0,   1.0,   2.0,   4.0, 0.0  ,  1.0,  1.0,  0.0,  0.0,  0.0, 0.0,   4.0,       ,      ,      ,        ,        ,        ,        ,        ,        ,        ,        ,      
mccarst01, 2000,     1, CHI , NHL , D  , 44.0,  0.0,   5.0,   5.0,   8.0, -7.0 ,  0.0,  0.0,  0.0,  0.0,  0.0, 0.0,  32.0,       ,      ,      ,        ,        ,        ,        ,        ,        ,        ,        ,      
mccarst01, 2001,     1, CHI , NHL , D  ,  3.0,  0.0,   0.0,   0.0,   2.0, -1.0 ,  0.0,  0.0,  0.0,  0.0,  0.0, 0.0,   2.0,       ,      ,      ,        ,        ,        ,        ,        ,        ,        ,        ,      
mccarst01, 2002,     1, CHI , NHL , D  , 57.0,  1.0,   4.0,   5.0,  23.0, -1.0 ,  0.0,  1.0,  0.0,  0.0,  0.0, 0.0,  55.0,       ,      ,      ,        ,        ,        ,        ,        ,        ,        ,        ,      
mccarst01, 2003,     1, CHI , NHL , D  , 25.0,  1.0,   3.0,   4.0,   8.0, -9.0 ,  0.0,  2.0,  0.0,  0.0,  0.0, 0.0,  29.0,       ,      ,      ,        ,        ,        ,        ,        ,        ,        ,        ,      
mccarst01, 2005,     1, VAN , NHL , D  , 51.0,  2.0,   4.0,   6.0,  43.0, 3.0  ,  0.0,  0.0,  0.0,  0.0,  0.0,    ,  46.0,       ,      ,      ,        ,        ,        ,        ,        ,        ,        ,        ,      
mccarst01, 2005,     2, ATL , NHL , D  , 16.0,  7.0,   3.0,  10.0,   8.0, 0.0  ,  2.0,  3.0,  0.0,  0.0,  0.0,    ,  20.0,       ,      ,      ,        ,        ,        ,        ,        ,        ,        ,        ,      
mccarst01, 2006,     1, ATL , NHL , D  , 46.0,  4.0,  12.0,  16.0,  24.0, 4.0  ,  3.0,  8.0,  0.0,  0.0,  0.0,    ,  51.0,       ,      ,      ,        ,        ,        ,        ,        ,        ,        ,        ,      
mccarst01, 2007,     1, ATL , NHL , D  , 55.0,  1.0,   6.0,   7.0,  48.0, -23.0,  0.0,  1.0,  0.0,  0.0,  0.0,    ,  41.0,       ,      ,      ,        ,        ,        ,        ,        ,        ,        ,        ,      
mccarth01, 1919,     1, QUB , NHL , R  , 12.0, 12.0,   6.0,  18.0,   0.0,      ,     ,     ,     ,     ,     ,    ,      ,       ,      ,      ,        ,        ,        ,        ,        ,        ,        ,        ,      
mccarth01, 1920,     1, HAM , NHL , R  , 23.0, 10.0,   1.0,  11.0,  10.0,      ,     ,     ,     ,     ,     ,    ,      ,       ,      ,      ,        ,        ,        ,        ,        ,        ,        ,        ,      
mccarth01, 1921,     1, SMJ , WCHL, R  ,  7.0,  1.0,   0.0,   1.0,   0.0,      ,     ,     ,     ,     ,     ,    ,      ,       ,      ,      ,        ,        ,        ,        ,        ,        ,        ,        ,      
mccarth01, 1922,     1, SEA , PCHA, R  , 19.0,  2.0,   1.0,   3.0,   0.0,      ,     ,     ,     ,     ,     ,    ,      ,       ,      ,      ,        ,        ,        ,        ,        ,        ,        ,        ,      
mccarto01, 1956,     1, DET , NHL , L  ,  3.0,  0.0,   0.0,   0.0,   0.0,      ,     ,     ,     ,     ,     ,    ,      ,       ,      ,      ,        ,        ,        ,        ,        ,        ,        ,        ,      
mccarto01, 1957,     1, DET , NHL , L  , 18.0,  2.0,   1.0,   3.0,   4.0,      ,     ,     ,     ,     ,     ,    ,      ,       ,      ,      ,        ,        ,        ,        ,        ,        ,        ,        ,      
mccarto01, 1958,     1, DET , NHL , L  , 15.0,  2.0,   3.0,   5.0,   4.0,      ,     ,     ,     ,     ,     ,    ,      ,       ,      ,      ,        ,        ,        ,        ,        ,        ,        ,        ,      
mccarto01, 1960,     1, BOS , NHL , L  , 24.0,  4.0,   5.0,   9.0,   0.0,      ,     ,     ,     ,     ,     ,    ,      ,       ,      ,      ,        ,        ,        ,        ,        ,        ,        ,        ,      
mccarto02, 1979,     1, MNS , NHL , L  , 68.0, 16.0,  20.0,  36.0,  39.0, -7.0 ,  1.0,     ,  0.0,     ,  5.0, 1.0, 101.0,   15.0,   5.0,   6.0,    11.0,    20.0,        ,     3.0,        ,     0.0,        ,     0.0,      
mccarto02, 1980,     1, MNS , NHL , L  , 62.0, 23.0,  25.0,  48.0,  62.0, 3.0  ,  4.0,     ,  0.0,     ,  2.0, 0.0, 147.0,    8.0,   0.0,   3.0,     3.0,     6.0,        ,     0.0,        ,     0.0,        ,     0.0,      
mccarto02, 1981,     1, MNS , NHL , L  , 40.0, 12.0,  30.0,  42.0,  36.0, 10.0 ,  3.0,     ,  0.0,     ,  1.0, 0.0,  89.0,    4.0,   0.0,   2.0,     2.0,     4.0,        ,     0.0,        ,     0.0,        ,     0.0,      
mccarto02, 1982,     1, MNS , NHL , L  , 80.0, 28.0,  48.0,  76.0,  59.0, 18.0 ,  4.0,     ,  1.0,     ,  4.0, 1.0, 171.0,    9.0,   2.0,   4.0,     6.0,     9.0,        ,     0.0,        ,     0.0,        ,     0.0,      
mccarto02, 1983,     1, MNS , NHL , L  , 66.0, 39.0,  31.0,  70.0,  49.0, 17.0 , 16.0,     ,  2.0,     ,  7.0, 1.0, 165.0,    8.0,   1.0,   4.0,     5.0,     6.0, -2.0   ,     1.0,        ,     0.0,        ,     1.0,    12.0
mccarto02, 1984,     1, MNS , NHL , L  , 44.0, 16.0,  21.0,  37.0,  36.0, 3.0  ,  6.0,     ,  0.0,     ,  1.0, 2.0,  80.0,    7.0,   0.0,   2.0,     2.0,     0.0, -2.0   ,     0.0,        ,     0.0,        ,     0.0,     6.0
mccarto02, 1985,     1, MNS , NHL , L  , 25.0, 12.0,  12.0,  24.0,  12.0, -3.0 ,  4.0,     ,  0.0,     ,  2.0, 0.0,  45.0,       ,      ,      ,        ,        ,        ,        ,        ,        ,        ,        ,      
mccarto02, 1986,     1, BOS , NHL , L  , 68.0, 30.0,  29.0,  59.0,  31.0, 10.0 ,  7.0,     ,  0.0,     ,  6.0, 0.0, 121.0,    4.0,   1.0,   1.0,     2.0,     4.0, -4.0   ,     1.0,        ,     0.0,        ,     0.0,     7.0
mccarto02, 1987,     1, BOS , NHL , L  ,  7.0,  2.0,   5.0,   7.0,   6.0, 3.0  ,  1.0,  1.0,  0.0,  0.0,  0.0, 0.0,  10.0,   13.0,   3.0,   4.0,     7.0,    18.0, 0.0    ,     0.0,     3.0,     0.0,     0.0,     0.0,    16.0
mccarwa01, 1932,     1, MTL , NHL , D  ,  2.0,  0.0,   0.0,   0.0,   0.0,      ,     ,     ,     ,     ,     ,    ,      ,       ,      ,      ,        ,        ,        ,        ,        ,        ,        ,        ,      
mccaste01, 1967,     1, MNS , NHL , C  ,  4.0,  0.0,   2.0,   2.0,   0.0, -2.0 ,  0.0,     ,  0.0,     ,  0.0, 0.0,   2.0,       ,      ,      ,        ,        ,        ,        ,        ,        ,        ,        ,      
mccaste01, 1972,     1, LAS , WHA , C  , 73.0, 11.0,  11.0,  22.0, 150.0,      ,  0.0,     ,  2.0,     ,     ,    ,      ,    6.0,   2.0,   3.0,     5.0,    12.0,        ,     0.0,        ,     0.0,        ,     0.0,      
mccaste01, 1973,     1, LAS , WHA , C  , 18.0,  2.0,   2.0,   4.0,  63.0,      ,  0.0,     ,  1.0,     ,  0.0,    ,      ,       ,      ,      ,        ,        ,        ,        ,        ,        ,        ,        ,      
mccaual01, 1997,     1, TOR , NHL , C  , 60.0,  6.0,  10.0,  16.0,   6.0, -7.0 ,  0.0,  2.0,  0.0,  0.0,  1.0, 0.0,  77.0,       ,      ,      ,        ,        ,        ,        ,        ,        ,        ,        ,      
mccaual01, 1998,     1, TOR , NHL , C  , 39.0,  9.0,  15.0,  24.0,   2.0, 7.0  ,  1.0,  4.0,  0.0,  0.0,  1.0, 1.0,  76.0,       ,      ,      ,        ,        ,        ,        ,        ,        ,        ,        ,      
mccaual01, 1999,     1, TOR , NHL , C  , 45.0,  5.0,   5.0,  10.0,  10.0, -6.0 ,  1.0,  0.0,  0.0,  0.0,  0.0, 0.0,  41.0,    5.0,   0.0,   0.0,     0.0,     6.0, -4.0   ,     0.0,     0.0,     0.0,     0.0,     0.0,     3.0
mccaual01, 2000,     1, TOR , NHL , C  , 14.0,  1.0,   0.0,   1.0,   0.0, 0.0  ,  0.0,  0.0,  0.0,  0.0,  0.0, 0.0,  13.0,   10.0,   0.0,   0.0,     0.0,     2.0, -4.0   ,     0.0,     0.0,     0.0,     0.0,     0.0,     3.0
mccaual01, 2001,     1, TOR , NHL , C  , 82.0,  6.0,  10.0,  16.0,  18.0, 10.0 ,  0.0,  0.0,  1.0,  0.0,  1.0, 0.0,  95.0,   20.0,   5.0,  10.0,    15.0,     4.0, 3.0    ,     1.0,     7.0,     0.0,     0.0,     2.0,    48.0
mccaual01, 2002,     1, TOR , NHL , C  , 64.0,  6.0,   9.0,  15.0,  16.0, 3.0  ,  0.0,  0.0,  0.0,  0.0,  0.0, 0.0,  79.0,       ,      ,      ,        ,        ,        ,        ,        ,        ,        ,        ,      
mccaual01, 2002,     2, SJS , NHL , C  , 16.0,  3.0,   7.0,  10.0,   4.0, -2.0 ,  3.0,  2.0,  0.0,  0.0,  0.0, 0.0,  29.0,       ,      ,      ,        ,        ,        ,        ,        ,        ,        ,        ,      
mccaual01, 2003,     1, SJS , NHL , C  , 82.0, 20.0,  27.0,  47.0,  28.0, 23.0 ,  5.0,  4.0,  0.0,  1.0,  4.0, 0.0, 146.0,   11.0,   2.0,   1.0,     3.0,     2.0, 0.0    ,     0.0,     0.0,     0.0,     0.0,     0.0,    11.0
mccaual01, 2005,     1, SJS , NHL , C  , 76.0, 12.0,  14.0,  26.0,  30.0, -3.0 ,  4.0,  1.0,  2.0,  3.0,  3.0,    , 105.0,    6.0,   0.0,   1.0,     1.0,     4.0, 0.0    ,     0.0,     0.0,     0.0,     0.0,     0.0,     4.0
mccaual01, 2006,     1, LAK , NHL , C  , 10.0,  1.0,   0.0,   1.0,   2.0, 0.0  ,  0.0,  0.0,  0.0,  0.0,  0.0,    ,   4.0,       ,      ,      ,        ,        ,        ,        ,        ,        ,        ,        ,      
mcclaro01, 1979,     1, BUF , NHL , L  , 13.0,  2.0,   5.0,   7.0,   0.0, 8.0  ,  0.0,     ,  0.0,     ,  0.0, 0.0,  13.0,   10.0,   0.0,   1.0,     1.0,     4.0,        ,     0.0,        ,     0.0,        ,     0.0,      
mcclaro01, 1980,     1, BUF , NHL , C  , 53.0,  3.0,  12.0,  15.0,  38.0, -19.0,  1.0,     ,  0.0,     ,  1.0, 1.0,  67.0,    5.0,   0.0,   1.0,     1.0,    13.0,        ,     0.0,        ,     0.0,        ,     0.0,      
mcclaro01, 1981,     1, HAR , NHL , R  , 17.0,  0.0,   3.0,   3.0,  11.0, -7.0 ,  0.0,     ,  0.0,     ,  0.0, 0.0,   9.0,       ,      ,      ,        ,        ,        ,        ,        ,        ,        ,        ,      
mcclaro01, 1981,     2, NYR , NHL , C  , 22.0,  5.0,   9.0,  14.0,  10.0, 7.0  ,  0.0,     ,  0.0,     ,  1.0, 1.0,  36.0,   10.0,   2.0,   5.0,     7.0,     2.0,        ,     0.0,        ,     0.0,        ,     0.0,      
mcclaro01, 1982,     1, NYR , NHL , L  , 78.0, 22.0,  26.0,  48.0,  46.0, 12.0 ,  0.0,     ,  2.0,     ,  0.0, 1.0, 118.0,    9.0,   2.0,   5.0,     7.0,    12.0,        ,     0.0,        ,     0.0,        ,     1.0,      
mcclaro01, 1983,     1, NYR , NHL , R  , 41.0,  6.0,   8.0,  14.0,  21.0, 0.0  ,  0.0,     ,  0.0,     ,  2.0, 0.0,  52.0,       ,      ,      ,        ,        ,        ,        ,        ,        ,        ,        ,      
mccleja01, 2005,     1, STL , NHL , C  , 67.0,  6.0,  21.0,  27.0,  30.0, -23.0,  1.0,  9.0,  0.0,  0.0,  2.0,    ,  76.0,       ,      ,      ,        ,        ,        ,        ,        ,        ,        ,        ,      
mccleja01, 2006,     1, STL , NHL , C  , 81.0,  8.0,  28.0,  36.0,  55.0, 3.0  ,  0.0,  1.0,  0.0,  2.0,  0.0,    , 104.0,       ,      ,      ,        ,        ,        ,        ,        ,        ,        ,        ,      
mccleja01, 2007,     1, STL , NHL , C  , 81.0,  9.0,  13.0,  22.0,  26.0, -17.0,  0.0,  0.0,  0.0,  0.0,  2.0,    , 110.0,       ,      ,      ,        ,        ,        ,        ,        ,        ,        ,        ,      
mccleja01, 2008,     1, STL , NHL , C  , 82.0, 12.0,  14.0,  26.0,  29.0, -10.0,  0.0,  0.0,  3.0,  0.0,  3.0,    , 137.0,    4.0,   0.0,   0.0,     0.0,     4.0, -4.0   ,     0.0,     0.0,     0.0,     0.0,     0.0,     8.0
mccleja01, 2009,     1, STL , NHL , C  , 82.0, 11.0,  18.0,  29.0,  22.0, 0.0  ,  0.0,  0.0,  0.0,  2.0,  3.0,    , 109.0,       ,      ,      ,        ,        ,        ,        ,        ,        ,        ,        ,      
mccleke01, 1981,     1, PIT , NHL , R  , 10.0,  1.0,   4.0,   5.0,   4.0, 6.0  ,  0.0,     ,  0.0,     ,  0.0, 0.0,  18.0,    5.0,   1.0,   1.0,     2.0,     5.0,        ,     0.0,        ,     0.0,        ,     0.0,      
mccleke01, 1982,     1, PIT , NHL , R  , 38.0,  5.0,   4.0,   9.0,  73.0, -18.0,  0.0,     ,  0.0,     ,  0.0, 0.0,  70.0,       ,      ,      ,        ,        ,        ,        ,        ,        ,        ,        ,      
mccleke01, 1983,     1, PIT , NHL , C  , 24.0,  2.0,   4.0,   6.0,  62.0, -7.0 ,  0.0,     ,  2.0,     ,  0.0, 1.0,  40.0,       ,      ,      ,        ,        ,        ,        ,        ,        ,        ,        ,      
mccleke01, 1983,     2, EDM , NHL , C  , 52.0,  8.0,  20.0,  28.0, 127.0, 9.0  ,  0.0,     ,  2.0,     ,  2.0, 0.0,  65.0,   18.0,   4.0,   6.0,    10.0,    42.0, 13.0   ,     0.0,        ,     0.0,        ,     1.0,    32.0
mccleke01, 1984,     1, EDM , NHL , C  , 62.0,  8.0,  15.0,  23.0, 205.0, -11.0,  0.0,     ,  0.0,     ,  3.0, 0.0,  96.0,   18.0,   1.0,   3.0,     4.0,    75.0, 4.0    ,     0.0,        ,     0.0,        ,     0.0,    22.0
mccleke01, 1985,     1, EDM , NHL , C  , 79.0, 11.0,  25.0,  36.0, 266.0, 9.0  ,  0.0,     ,  0.0,     ,  1.0, 0.0, 104.0,   10.0,   1.0,   0.0,     1.0,    32.0, -1.0   ,     0.0,        ,     0.0,        ,     0.0,     7.0
mccleke01, 1986,     1, EDM , NHL , C  , 72.0, 12.0,  13.0,  25.0, 238.0, -4.0 ,  0.0,     ,  0.0,     ,  1.0, 0.0,  76.0,   21.0,   2.0,   3.0,     5.0,    43.0, -6.0   ,     0.0,        ,     0.0,        ,     0.0,    24.0
mccleke01, 1987,     1, EDM , NHL , R  , 74.0, 10.0,   6.0,  16.0, 281.0, 1.0  ,  0.0,  0.0,  0.0,  0.0,  0.0, 0.0,  61.0,   19.0,   2.0,   3.0,     5.0,    68.0, -1.0   ,     0.0,     0.0,     0.0,     0.0,     0.0,    13.0
mccleke01, 1988,     1, EDM , NHL , C  , 79.0,  6.0,  14.0,  20.0, 161.0, -10.0,  0.0,  1.0,  0.0,  0.0,  0.0, 0.0,  43.0,    7.0,   0.0,   2.0,     2.0,    16.0, 3.0    ,     0.0,     0.0,     0.0,     0.0,     0.0,     7.0
mccleke01, 1989,     1, EDM , NHL , C  , 10.0,  1.0,   1.0,   2.0,  13.0, -1.0 ,  0.0,  0.0,  0.0,  0.0,  0.0, 0.0,   7.0,       ,      ,      ,        ,        ,        ,        ,        ,        ,        ,        ,      
mccleke01, 1989,     2, DET , NHL , C  , 61.0,  4.0,   5.0,   9.0, 183.0, -5.0 ,  0.0,  0.0,  0.0,  0.0,  0.0, 0.0,  24.0,       ,      ,      ,        ,        ,        ,        ,        ,        ,        ,        ,      
mccleke01, 1990,     1, DET , NHL , R  ,  3.0,  0.0,   0.0,   0.0,   7.0, -4.0 ,  0.0,  0.0,  0.0,  0.0,  0.0, 0.0,   1.0,       ,      ,      ,        ,        ,        ,        ,        ,        ,        ,        ,      
mccleke01, 1991,     1, TOR , NHL , R  , 18.0,  0.0,   1.0,   1.0,  33.0, -3.0 ,  0.0,  0.0,  0.0,  0.0,  0.0, 0.0,   5.0,       ,      ,      ,        ,        ,        ,        ,        ,        ,        ,        ,      
mccleke01, 1993,     1, WIN , NHL , R  ,  6.0,  0.0,   0.0,   0.0,  19.0, 0.0  ,  0.0,  0.0,  0.0,  0.0,  0.0, 0.0,   1.0,       ,      ,      ,        ,        ,        ,        ,        ,        ,        ,        ,      
mccletr01, 1995,     1, OTT , NHL , R  , 75.0,  4.0,  10.0,  14.0,  68.0, -15.0,  0.0,  0.0,  1.0,  1.0,  0.0, 0.0,  58.0,       ,      ,      ,        ,        ,        ,        ,        ,        ,        ,        ,      
mccletr01, 1996,     1, BOS , NHL , C  , 59.0,  3.0,   5.0,   8.0,  33.0, -16.0,  0.0,  0.0,  0.0,  1.0,  1.0, 0.0,  41.0,       ,      ,      ,        ,        ,        ,        ,        ,        ,        ,        ,      
mccletr01, 1998,     1, MTL , NHL , R  , 46.0,  0.0,   0.0,   0.0,  29.0, -1.0 ,  0.0,  0.0,  0.0,  0.0,  0.0, 0.0,  18.0,       ,      ,      ,        ,        ,        ,        ,        ,        ,        ,        ,      
mccletr01, 1999,     1, MTL , NHL , C  , 12.0,  1.0,   0.0,   1.0,   4.0, 2.0  ,  0.0,  0.0,  0.0,  0.0,  0.0, 0.0,   4.0,       ,      ,      ,        ,        ,        ,        ,        ,        ,        ,        ,      
mccoofr01, 1944,     1, TOR , NHL , G  , 50.0,  0.0,   0.0,   0.0,   0.0,      ,     ,     ,     ,     ,     ,    ,      ,   13.0,   0.0,   0.0,     0.0,     0.0,        ,        ,        ,        ,        ,        ,      
mccoofr01, 1945,     1, TOR , NHL , G  , 22.0,  0.0,   0.0,   0.0,   5.0,      ,     ,     ,     ,     ,     ,    ,      ,       ,      ,      ,        ,        ,        ,        ,        ,        ,        ,        ,      
mccorbo01, 1963,     1, BOS , NHL , D  , 65.0,  1.0,   9.0,  10.0,  49.0,      ,  1.0,     ,  0.0,     ,  0.0, 0.0,      ,       ,      ,      ,        ,        ,        ,        ,        ,        ,        ,        ,      
mccorbo01, 1964,     1, BOS , NHL , D  , 43.0,  0.0,   6.0,   6.0,  26.0,      ,  0.0,     ,  0.0,     ,  0.0, 0.0,      ,       ,      ,      ,        ,        ,        ,        ,        ,        ,        ,        ,      
mccorbo01, 1965,     1, DET , NHL , D  ,  9.0,  0.0,   2.0,   2.0,  16.0,      ,  0.0,     ,  0.0,     ,  0.0, 0.0,      ,       ,      ,      ,        ,        ,        ,        ,        ,        ,        ,        ,      
mccorbo01, 1966,     1, DET , NHL , D  , 14.0,  1.0,   2.0,   3.0,  27.0,      ,  0.0,     ,  0.0,     ,  0.0, 0.0,      ,       ,      ,      ,        ,        ,        ,        ,        ,        ,        ,        ,      
mccorbo01, 1967,     1, DET , NHL , D  ,  3.0,  0.0,   0.0,   0.0,   2.0, -3.0 ,  0.0,     ,  0.0,     ,  0.0, 0.0,   1.0,       ,      ,      ,        ,        ,        ,        ,        ,        ,        ,        ,      
mccorbo01, 1967,     2, MNS , NHL , D  , 70.0,  3.0,   9.0,  12.0,  39.0, -10.0,  0.0,     ,  0.0,     ,  0.0, 0.0,  97.0,   14.0,   2.0,   5.0,     7.0,    10.0,        ,     0.0,        ,     0.0,        ,     0.0,      
mccorbo01, 1968,     1, MNS , NHL , D  , 69.0,  4.0,  17.0,  21.0,  70.0, -33.0,  1.0,     ,  0.0,     ,  0.0, 1.0,  85.0,       ,      ,      ,        ,        ,        ,        ,        ,        ,        ,        ,      
mccorbo01, 1972,     1, STL , NHL , D  , 43.0,  1.0,  13.0,  14.0,  33.0, -5.0 ,  0.0,     ,  0.0,     ,  0.0, 0.0,  41.0,       ,      ,      ,        ,        ,        ,        ,        ,        ,        ,        ,      
mccorco01, 2003,     1, COL , NHL , C  , 44.0,  2.0,   3.0,   5.0,  73.0, -4.0 ,  0.0,  0.0,  0.0,  0.0,  1.0, 0.0,  33.0,       ,      ,      ,        ,        ,        ,        ,        ,        ,        ,        ,      
mccorco01, 2005,     1, COL , NHL , C  , 45.0,  4.0,   4.0,   8.0,  29.0, 1.0  ,  0.0,  0.0,  0.0,  0.0,  1.0,    ,  43.0,       ,      ,      ,        ,        ,        ,        ,        ,        ,        ,        ,      
mccorco01, 2006,     1, COL , NHL , C  ,  6.0,  0.0,   1.0,   1.0,   6.0, 1.0  ,  0.0,  0.0,  0.0,  0.0,  0.0,    ,   6.0,       ,      ,      ,        ,        ,        ,        ,        ,        ,        ,        ,      
mccorco01, 2007,     1, COL , NHL , C  , 40.0,  2.0,   2.0,   4.0,  50.0, 5.0  ,  0.0,  0.0,  0.0,  0.0,  1.0,    ,  45.0,    4.0,   0.0,   1.0,     1.0,     7.0, -2.0   ,     0.0,     0.0,     0.0,     0.0,     0.0,     5.0
mccorco01, 2008,     1, COL , NHL , C  , 55.0,  1.0,  11.0,  12.0,  92.0, -5.0 ,  0.0,  0.0,  0.0,  1.0,  0.0,    ,  66.0,       ,      ,      ,        ,        ,        ,        ,        ,        ,        ,        ,      
mccorco01, 2009,     1, BUF , NHL , C  ,     ,     ,      ,      ,      ,      ,     ,     ,     ,     ,     ,    ,      ,    3.0,   0.0,   2.0,     2.0,    14.0, 1.0    ,     0.0,     0.0,     0.0,     0.0,     0.0,     4.0
mccorde01, 1973,     1, VAN , NHL , D  ,  3.0,  0.0,   0.0,   0.0,   6.0, 0.0  ,  0.0,     ,  0.0,     ,  0.0, 0.0,   2.0,       ,      ,      ,        ,        ,        ,        ,        ,        ,        ,        ,      
mccorjo01, 1947,     1, TOR , NHL , C  ,  3.0,  0.0,   1.0,   1.0,   0.0,      ,     ,     ,     ,     ,     ,    ,      ,       ,      ,      ,        ,        ,        ,        ,        ,        ,        ,        ,      
mccorjo01, 1948,     1, TOR , NHL , C  ,  1.0,  0.0,   0.0,   0.0,   0.0,      ,     ,     ,     ,     ,     ,    ,      ,       ,      ,      ,        ,        ,        ,        ,        ,        ,        ,        ,      
mccorjo01, 1949,     1, TOR , NHL , C  , 34.0,  6.0,   5.0,  11.0,   0.0,      ,     ,     ,     ,     ,     ,    ,      ,    6.0,   1.0,   0.0,     1.0,     0.0,        ,        ,        ,        ,        ,        ,      
mccorjo01, 1950,     1, TOR , NHL , C  , 46.0,  6.0,   7.0,  13.0,   2.0,      ,     ,     ,     ,     ,     ,    ,      ,       ,      ,      ,        ,        ,        ,        ,        ,        ,        ,        ,      
mccorjo01, 1951,     1, MTL , NHL , C  , 54.0,  2.0,  10.0,  12.0,   4.0,      ,     ,     ,     ,     ,     ,    ,      ,       ,      ,      ,        ,        ,        ,        ,        ,        ,        ,        ,      
mccorjo01, 1952,     1, MTL , NHL , C  , 59.0,  1.0,   9.0,  10.0,   9.0,      ,     ,     ,     ,     ,     ,    ,      ,    9.0,   0.0,   0.0,     0.0,     0.0,        ,        ,        ,        ,        ,        ,      
mccorjo01, 1953,     1, MTL , NHL , C  , 51.0,  5.0,  10.0,  15.0,  12.0,      ,     ,     ,     ,     ,     ,    ,      ,    7.0,   0.0,   1.0,     1.0,     0.0,        ,        ,        ,        ,        ,        ,      
mccorjo01, 1954,     1, CHI , NHL , C  , 63.0,  5.0,   7.0,  12.0,   8.0,      ,     ,     ,     ,     ,     ,    ,      ,       ,      ,      ,        ,        ,        ,        ,        ,        ,        ,        ,      
mccorjo02, 1923,     1, EDE , WCHL, R  , 24.0,  2.0,   2.0,   4.0,   2.0,      ,     ,     ,     ,     ,     ,    ,      ,       ,      ,      ,        ,        ,        ,        ,        ,        ,        ,        ,      
mccorjo02, 1924,     1, EDE , WCHL, L  , 28.0,  6.0,   2.0,   8.0,   2.0,      ,     ,     ,     ,     ,     ,    ,      ,       ,      ,      ,        ,        ,        ,        ,        ,        ,        ,        ,      
mccorjo02, 1925,     1, POR , WCHL, L  , 30.0,  7.0,   2.0,   9.0,  10.0,      ,     ,     ,     ,     ,     ,    ,      ,       ,      ,      ,        ,        ,        ,        ,        ,        ,        ,        ,      
mccossh01, 1991,     1, LAK , NHL , C  ,  4.0,  0.0,   0.0,   0.0,   4.0, 0.0  ,  0.0,  0.0,  0.0,  0.0,  0.0, 0.0,   2.0,       ,      ,      ,        ,        ,        ,        ,        ,        ,        ,        ,      
mccossh01, 1994,     1, NYR , NHL , C  ,  5.0,  1.0,   0.0,   1.0,   2.0, 1.0  ,  0.0,  0.0,  0.0,  0.0,  0.0, 0.0,   2.0,       ,      ,      ,        ,        ,        ,        ,        ,        ,        ,        ,      
mccouda01, 1977,     1, DET , NHL , C  , 76.0, 33.0,  39.0,  72.0,  10.0, 10.0 , 10.0,     ,  3.0,     ,  5.0, 3.0, 219.0,    7.0,   4.0,   2.0,     6.0,     2.0,        ,     2.0,        ,     0.0,        ,     0.0,      
mccouda01, 1978,     1, DET , NHL , C  , 79.0, 28.0,  43.0,  71.0,  14.0, -27.0, 14.0,     ,  2.0,     ,  3.0, 1.0, 222.0,       ,      ,      ,        ,        ,        ,        ,        ,        ,        ,        ,      
mccouda01, 1979,     1, DET , NHL , C  , 80.0, 30.0,  51.0,  81.0,  12.0, 1.0  ,  7.0,     ,  2.0,     ,  3.0, 2.0, 200.0,       ,      ,      ,        ,        ,        ,        ,        ,        ,        ,        ,      
mccouda01, 1980,     1, DET , NHL , C  , 80.0, 30.0,  56.0,  86.0,  50.0, -17.0, 11.0,     ,  2.0,     ,  2.0, 3.0, 286.0,       ,      ,      ,        ,        ,        ,        ,        ,        ,        ,        ,      
mccouda01, 1981,     1, DET , NHL , C  , 26.0, 13.0,  14.0,  27.0,   6.0, -3.0 ,  6.0,     ,  0.0,     ,  0.0, 0.0,  84.0,       ,      ,      ,        ,        ,        ,        ,        ,        ,        ,        ,      
mccouda01, 1981,     2, BUF , NHL , C  , 52.0, 20.0,  22.0,  42.0,  12.0, -1.0 ,  4.0,     ,  1.0,     ,  2.0, 1.0, 122.0,    4.0,   2.0,   3.0,     5.0,     0.0,        ,     1.0,        ,     0.0,        ,     0.0,      
mccouda01, 1982,     1, BUF , NHL , C  , 62.0, 20.0,  32.0,  52.0,  10.0, -12.0,  3.0,     ,  1.0,     ,  3.0, 1.0, 117.0,   10.0,   3.0,   2.0,     5.0,     4.0,        ,     2.0,        ,     0.0,        ,     1.0,      
mccouda01, 1983,     1, BUF , NHL , C  ,  5.0,  1.0,   3.0,   4.0,   0.0, -2.0 ,  0.0,     ,  0.0,     ,  0.0, 0.0,   5.0,       ,      ,      ,        ,        ,        ,        ,        ,        ,        ,        ,      
mccouda01, 1983,     2, TOR , NHL , C  , 72.0, 19.0,  24.0,  43.0,  10.0, -16.0,  8.0,     ,  2.0,     ,  1.0, 0.0,  98.0,       ,      ,      ,        ,        ,        ,        ,        ,        ,        ,        ,      
mccrebi01, 1953,     1, NYR , NHL , L  ,  2.0,  0.0,   0.0,   0.0,   2.0,      ,     ,     ,     ,     ,     ,    ,      ,       ,      ,      ,        ,        ,        ,        ,        ,        ,        ,        ,      
mccrebi01, 1954,     1, NYR , NHL , L  ,  8.0,  0.0,   2.0,   2.0,   0.0,      ,     ,     ,     ,     ,     ,    ,      ,       ,      ,      ,        ,        ,        ,        ,        ,        ,        ,        ,      
mccrebi01, 1957,     1, DET , NHL , L  ,  3.0,  1.0,   0.0,   1.0,   2.0,      ,     ,     ,     ,     ,     ,    ,      ,       ,      ,      ,        ,        ,        ,        ,        ,        ,        ,        ,      
mccrebi01, 1962,     1, MTL , NHL , L/R, 14.0,  2.0,   3.0,   5.0,   0.0,      ,     ,     ,     ,     ,     ,    ,      ,       ,      ,      ,        ,        ,        ,        ,        ,        ,        ,        ,      
mccrebi01, 1967,     1, STL , NHL , L  , 70.0, 13.0,  13.0,  26.0,  22.0, 2.0  ,  2.0,     ,  4.0,     ,  2.0, 0.0, 154.0,   15.0,   3.0,   2.0,     5.0,     0.0,        ,     0.0,        ,     2.0,        ,     2.0,      
mccrebi01, 1968,     1, STL , NHL , L  , 71.0, 13.0,  17.0,  30.0,  50.0, 4.0  ,  3.0,     ,  1.0,     ,  4.0, 0.0, 130.0,   12.0,   1.0,   5.0,     6.0,    14.0,        ,     1.0,        ,     0.0,        ,     1.0,      
mccrebi01, 1969,     1, STL , NHL , L  , 73.0, 15.0,  17.0,  32.0,  16.0, 4.0  ,  2.0,     ,  1.0,     ,  1.0, 1.0, 174.0,   15.0,   1.0,   7.0,     8.0,     0.0,        ,     0.0,        ,     0.0,        ,     0.0,      
mccrebi01, 1970,     1, STL , NHL , L  , 68.0,  9.0,  10.0,  19.0,  16.0, 7.0  ,  0.0,     ,  3.0,     ,  0.0, 1.0,  90.0,    6.0,   1.0,   2.0,     3.0,     0.0,        ,     0.0,        ,     0.0,        ,     0.0,      
mccrebi02, 1980,     1, TOR , NHL , R  , 12.0,  1.0,   0.0,   1.0,   4.0, -6.0 ,  0.0,     ,  0.0,     ,  0.0, 0.0,   7.0,       ,      ,      ,        ,        ,        ,        ,        ,        ,        ,        ,      
mccrejo01, 1941,     1, TOR , NHL , R  , 47.0, 15.0,   8.0,  23.0,  14.0,      ,     ,     ,     ,     ,     ,    ,      ,   13.0,   4.0,   3.0,     7.0,     6.0,        ,        ,        ,        ,        ,        ,      
mccrejo01, 1944,     1, TOR , NHL , R  , 17.0,  2.0,   4.0,   6.0,  11.0,      ,     ,     ,     ,     ,     ,    ,      ,    8.0,   0.0,   0.0,     0.0,     0.0,        ,        ,        ,        ,        ,        ,      
mccreke01, 1961,     1, MTL , NHL , L  ,     ,     ,      ,      ,      ,      ,     ,     ,     ,     ,     ,    ,      ,    1.0,   0.0,   0.0,     0.0,     0.0,        ,        ,        ,        ,        ,        ,      
mccreke01, 1964,     1, MTL , NHL , L  ,  9.0,  0.0,   3.0,   3.0,   4.0,      ,  0.0,     ,  0.0,     ,  0.0, 0.0,      ,       ,      ,      ,        ,        ,        ,        ,        ,        ,        ,        ,      
mccreke01, 1967,     1, PIT , NHL , L  , 70.0, 14.0,  12.0,  26.0,  44.0, -3.0 ,  0.0,     ,  0.0,     ,  1.0, 1.0, 133.0,       ,      ,      ,        ,        ,        ,        ,        ,        ,        ,        ,      
mccreke01, 1968,     1, PIT , NHL , L  , 70.0, 25.0,  23.0,  48.0,  42.0, -23.0,  7.0,     ,  0.0,     ,  4.0, 1.0, 208.0,       ,      ,      ,        ,        ,        ,        ,        ,        ,        ,        ,      
mccreke01, 1969,     1, PIT , NHL , L  , 60.0, 18.0,   8.0,  26.0,  67.0, -6.0 ,  4.0,     ,  0.0,     ,  2.0, 3.0, 134.0,   10.0,   0.0,   4.0,     4.0,     4.0,        ,     0.0,        ,     0.0,        ,     0.0,      
mccreke01, 1970,     1, PIT , NHL , L  , 59.0, 21.0,  12.0,  33.0,  24.0, 7.0  ,  3.0,     ,  0.0,     ,  3.0, 1.0, 116.0,       ,      ,      ,        ,        ,        ,        ,        ,        ,        ,        ,      
mccreke01, 1971,     1, PIT , NHL , L  , 33.0,  4.0,   4.0,   8.0,  22.0, -10.0,  0.0,     ,  0.0,     ,  0.0, 0.0,  68.0,    1.0,   0.0,   0.0,     0.0,     2.0,        ,     0.0,        ,     0.0,        ,     0.0,      
mccreke01, 1972,     1, ATF , NHL , L  , 77.0, 20.0,  21.0,  41.0,  21.0, -22.0,  9.0,     ,  0.0,     ,  3.0, 0.0, 157.0,       ,      ,      ,        ,        ,        ,        ,        ,        ,        ,        ,      
mccreke01, 1973,     1, ATF , NHL , L  , 76.0, 18.0,  19.0,  37.0,  62.0, -6.0 ,  2.0,     ,  0.0,     ,  4.0, 1.0, 109.0,    4.0,   0.0,   0.0,     0.0,     0.0,        ,     0.0,        ,     0.0,        ,     0.0,      
mccreke01, 1974,     1, ATF , NHL , L  , 78.0, 11.0,  10.0,  21.0,   8.0, 12.0 ,  2.0,     ,  1.0,     ,  2.0, 0.0,  79.0,       ,      ,      ,        ,        ,        ,        ,        ,        ,        ,        ,      
mccribr01, 1979,     1, BOS , NHL , D  , 72.0,  5.0,  11.0,  16.0,  94.0, -3.0 ,  1.0,     ,  0.0,     ,  1.0, 0.0,  89.0,   10.0,   1.0,   1.0,     2.0,    28.0,        ,     0.0,        ,     0.0,        ,     0.0,      
mccribr01, 1980,     1, BOS , NHL , D  , 78.0, 11.0,  18.0,  29.0, 148.0, 27.0 ,  1.0,     ,  0.0,     ,  1.0, 4.0, 113.0,    3.0,   0.0,   1.0,     1.0,     2.0,        ,     0.0,        ,     0.0,        ,     0.0,      
mccribr01, 1981,     1, BOS , NHL , D  , 78.0,  1.0,   8.0,   9.0,  83.0, 4.0  ,  0.0,     ,  0.0,     ,  0.0, 0.0, 136.0,    2.0,   0.0,   0.0,     0.0,     2.0,        ,     0.0,        ,     0.0,        ,     0.0,      
mccribr01, 1982,     1, PHI , NHL , D  , 79.0,  4.0,  21.0,  25.0,  61.0, 24.0 ,  1.0,     ,  0.0,     ,  1.0, 0.0, 107.0,    3.0,   0.0,   0.0,     0.0,     4.0,        ,     0.0,        ,     0.0,        ,     0.0,      
mccribr01, 1983,     1, PHI , NHL , D  , 71.0,  0.0,  24.0,  24.0,  76.0, 19.0 ,  0.0,     ,  0.0,     ,  0.0, 0.0, 106.0,    1.0,   0.0,   0.0,     0.0,     4.0, -1.0   ,     0.0,        ,     0.0,        ,     0.0,     7.0
mccribr01, 1984,     1, PHI , NHL , D  , 66.0,  8.0,  35.0,  43.0,  81.0, 52.0 ,  1.0,     ,  0.0,     ,  1.0, 1.0, 141.0,   11.0,   2.0,   1.0,     3.0,    15.0, 5.0    ,     0.0,        ,     0.0,        ,     0.0,    17.0
mccribr01, 1985,     1, PHI , NHL , D  , 80.0, 13.0,  43.0,  56.0,  85.0, 83.0 ,  2.0,     ,  0.0,     ,  2.0, 0.0, 162.0,    5.0,   2.0,   0.0,     2.0,     2.0, 1.0    ,     0.0,        ,     0.0,        ,     1.0,    14.0
mccribr01, 1986,     1, PHI , NHL , D  , 71.0, 10.0,  29.0,  39.0,  52.0, 45.0 ,  3.0,     ,  2.0,     ,  4.0, 0.0, 110.0,   26.0,   3.0,   5.0,     8.0,    30.0, 9.0    ,     1.0,        ,     0.0,        ,     1.0,    43.0
mccribr01, 1987,     1, CAL , NHL , D  , 80.0,  7.0,  35.0,  42.0,  98.0, 48.0 ,  1.0,  6.0,  3.0,  3.0,  2.0, 0.0, 102.0,    9.0,   2.0,   3.0,     5.0,    22.0, 6.0    ,     2.0,     0.0,     0.0,     0.0,     0.0,    10.0
mccribr01, 1988,     1, CAL , NHL , D  , 72.0,  5.0,  17.0,  22.0,  96.0, 43.0 ,  2.0,  3.0,  1.0,  0.0,  2.0, 0.0,  78.0,   22.0,   0.0,   3.0,     3.0,    30.0, 4.0    ,     0.0,     0.0,     0.0,     0.0,     0.0,    30.0
mccribr01, 1989,     1, CAL , NHL , D  , 79.0,  4.0,  15.0,  19.0,  78.0, 18.0 ,  0.0,  2.0,  0.0,  0.0,  0.0, 0.0,  97.0,    6.0,   0.0,   2.0,     2.0,     8.0, 0.0    ,     0.0,     0.0,     0.0,     0.0,     0.0,     1.0
mccribr01, 1990,     1, DET , NHL , D  , 64.0,  0.0,  13.0,  13.0,  81.0, 7.0  ,  0.0,  0.0,  0.0,  2.0,  0.0, 0.0,  43.0,    7.0,   1.0,   1.0,     2.0,    21.0, 3.0    ,     0.0,     0.0,     0.0,     0.0,     0.0,     7.0
mccribr01, 1991,     1, DET , NHL , D  , 79.0,  7.0,  22.0,  29.0, 118.0, 39.0 ,  2.0,  7.0,  1.0,  1.0,  1.0, 0.0,  94.0,   11.0,   0.0,   1.0,     1.0,     8.0, -4.0   ,     0.0,     0.0,     0.0,     0.0,     0.0,     8.0
mccribr01, 1992,     1, DET , NHL , D  , 60.0,  1.0,  14.0,  15.0,  71.0, 21.0 ,  1.0,  5.0,  0.0,  0.0,  0.0, 0.0,  53.0,       ,      ,      ,        ,        ,        ,        ,        ,        ,        ,        ,      
mccribr01, 1993,     1, HAR , NHL , D  , 65.0,  1.0,   5.0,   6.0,  72.0, -7.0 ,  0.0,  0.0,  0.0,  0.0,  0.0, 0.0,  39.0,       ,      ,      ,        ,        ,        ,        ,        ,        ,        ,        ,      
mccribr01, 1994,     1, HAR , NHL , D  , 33.0,  0.0,   1.0,   1.0,  42.0, 7.0  ,  0.0,  0.0,  0.0,  0.0,  0.0, 0.0,  13.0,       ,      ,      ,        ,        ,        ,        ,        ,        ,        ,        ,      
mccribr01, 1995,     1, HAR , NHL , D  , 58.0,  3.0,   6.0,   9.0,  62.0, 15.0 ,  0.0,  0.0,  1.0,  0.0,  0.0, 0.0,  39.0,       ,      ,      ,        ,        ,        ,        ,        ,        ,        ,        ,      
mccribr01, 1996,     1, PHO , NHL , D  , 37.0,  1.0,   5.0,   6.0,  18.0, 2.0  ,  0.0,  0.0,  0.0,  1.0,  0.0, 0.0,  28.0,       ,      ,      ,        ,        ,        ,        ,        ,        ,        ,        ,      
mccriji01, 1973,     1, EDO , WHA , D  , 75.0,  2.0,   3.0,   5.0, 106.0,      ,  0.0,     ,  0.0,     ,  1.0,    ,      ,       ,      ,      ,        ,        ,        ,        ,        ,        ,        ,        ,      
mccriji01, 1974,     1, EDO , WHA , D  , 34.0,  1.0,   5.0,   6.0,  50.0, 9.0  ,  0.0,     ,  0.0,     ,     ,    ,  27.0,       ,      ,      ,        ,        ,        ,        ,        ,        ,        ,        ,      
mccriji01, 1974,     2, STL , NHL , D  ,  2.0,  0.0,   0.0,   0.0,   0.0, 0.0  ,  0.0,     ,  0.0,     ,  0.0, 0.0,   0.0,       ,      ,      ,        ,        ,        ,        ,        ,        ,        ,        ,      
mccriji01, 1975,     1, CAC , WHA , D  ,  5.0,  0.0,   0.0,   0.0,   2.0, 1.0  ,  0.0,     ,  0.0,     ,  0.0,    ,   0.0,       ,      ,      ,        ,        ,        ,        ,        ,        ,        ,        ,      
mccrijo01, 1921,     1, EDE , WCHL, L  ,  3.0,  1.0,   0.0,   1.0,   0.0,      ,     ,     ,     ,     ,     ,    ,      ,       ,      ,      ,        ,        ,        ,        ,        ,        ,        ,        ,      
mcculbo01, 1934,     1, MTL , NHL , F  ,  1.0,  0.0,   0.0,   0.0,   0.0,      ,     ,     ,     ,     ,     ,    ,      ,       ,      ,      ,        ,        ,        ,        ,        ,        ,        ,        ,      
mcculdo01, 1974,     1, VAB , WHA , D  , 51.0,  1.0,   9.0,  10.0,  42.0, -12.0,  0.0,     ,  0.0,     ,     ,    ,  93.0,       ,      ,      ,        ,        ,        ,        ,        ,        ,        ,        ,      
mcculfr01, 1915,     1, VA1 , PCHA, G  , 18.0,  0.0,   0.0,   0.0,   3.0,      ,     ,     ,     ,     ,     ,    ,      ,       ,      ,      ,        ,        ,        ,        ,        ,        ,        ,        ,      
mccurdu01, 1925,     1, PIP , NHL , L  , 36.0, 13.0,   4.0,  17.0,  32.0,      ,     ,     ,     ,     ,     ,    ,      ,    2.0,   0.0,   2.0,     2.0,     2.0,        ,        ,        ,        ,        ,        ,      
mccurdu01, 1926,     1, PIP , NHL , L  , 33.0,  3.0,   3.0,   6.0,  23.0,      ,     ,     ,     ,     ,     ,    ,      ,       ,      ,      ,        ,        ,        ,        ,        ,        ,        ,        ,      
mccurdu01, 1927,     1, PIP , NHL , L  , 44.0,  5.0,   3.0,   8.0,  60.0,      ,     ,     ,     ,     ,     ,    ,      ,    2.0,   0.0,   0.0,     0.0,     0.0,        ,        ,        ,        ,        ,        ,      
mccurdu01, 1928,     1, PIP , NHL , L  , 35.0,  0.0,   1.0,   1.0,   4.0,      ,     ,     ,     ,     ,     ,    ,      ,       ,      ,      ,        ,        ,        ,        ,        ,        ,        ,        ,      
mccusre01, 1922,     1, REG , WCHL, G  ,  2.0,  0.0,   0.0,   0.0,   0.0,      ,     ,     ,     ,     ,     ,    ,      ,       ,      ,      ,        ,        ,        ,        ,        ,        ,        ,        ,      
mccusre01, 1923,     1, REG , WCHL, G  , 30.0,  0.0,   0.0,   0.0,   2.0,      ,     ,     ,     ,     ,     ,    ,      ,    2.0,   0.0,   0.0,     0.0,     0.0,        ,        ,        ,        ,        ,        ,      
mccusre01, 1924,     1, REG , WCHL, G  , 28.0,  0.0,   0.0,   0.0,   0.0,      ,     ,     ,     ,     ,     ,    ,      ,       ,      ,      ,        ,        ,        ,        ,        ,        ,        ,        ,      
mccusre01, 1925,     1, POR , WCHL, G  , 30.0,  0.0,   0.0,   0.0,   4.0,      ,     ,     ,     ,     ,     ,    ,      ,       ,      ,      ,        ,        ,        ,        ,        ,        ,        ,        ,      
mccutbr01, 1974,     1, DET , NHL , L  , 17.0,  3.0,   1.0,   4.0,   2.0, -3.0 ,  0.0,     ,  0.0,     ,  0.0, 0.0,  15.0,       ,      ,      ,        ,        ,        ,        ,        ,        ,        ,        ,      
mccutbr01, 1975,     1, DET , NHL , L  ,  8.0,  0.0,   0.0,   0.0,   5.0, -2.0 ,  0.0,     ,  0.0,     ,  0.0, 0.0,   4.0,       ,      ,      ,        ,        ,        ,        ,        ,        ,        ,        ,      
mccutbr01, 1976,     1, DET , NHL , L  , 12.0,  0.0,   0.0,   0.0,   0.0, 0.0  ,  0.0,     ,  0.0,     ,  0.0, 0.0,   1.0,       ,      ,      ,        ,        ,        ,        ,        ,        ,        ,        ,      
mccutda01, 1981,     1, TOR , NHL , D  ,  1.0,  0.0,   0.0,   0.0,   2.0, -1.0 ,  0.0,     ,  0.0,     ,  0.0, 0.0,   0.0,       ,      ,      ,        ,        ,        ,        ,        ,        ,        ,        ,      
mcdilje01, 1976,     1, CHI , NHL , R  ,  1.0,  0.0,   0.0,   0.0,   0.0, 0.0  ,  0.0,     ,  0.0,     ,  0.0, 0.0,   0.0,       ,      ,      ,        ,        ,        ,        ,        ,        ,        ,        ,      
mcdonab01, 1957,     1, MTL , NHL , L  ,     ,     ,      ,      ,      ,      ,     ,     ,     ,     ,     ,    ,      ,    2.0,   0.0,   0.0,     0.0,     2.0,        ,        ,        ,        ,        ,        ,      
mcdonab01, 1958,     1, MTL , NHL , L  , 69.0, 13.0,  23.0,  36.0,  35.0,      ,     ,     ,     ,     ,     ,    ,      ,   11.0,   1.0,   1.0,     2.0,     6.0,        ,        ,        ,        ,        ,        ,      
mcdonab01, 1959,     1, MTL , NHL , L  , 68.0,  9.0,  13.0,  22.0,  26.0,      ,     ,     ,     ,     ,     ,    ,      ,       ,      ,      ,        ,        ,        ,        ,        ,        ,        ,        ,      
mcdonab01, 1960,     1, CHI , NHL , L  , 61.0, 17.0,  16.0,  33.0,  22.0,      ,     ,     ,     ,     ,     ,    ,      ,    8.0,   2.0,   2.0,     4.0,     0.0,        ,        ,        ,        ,        ,     1.0,      
mcdonab01, 1961,     1, CHI , NHL , L  , 65.0, 22.0,  18.0,  40.0,   8.0,      ,     ,     ,     ,     ,     ,    ,      ,   12.0,   6.0,   6.0,    12.0,     0.0,        ,        ,        ,        ,        ,     1.0,      
mcdonab01, 1962,     1, CHI , NHL , L  , 69.0, 20.0,  41.0,  61.0,  12.0,      ,     ,     ,     ,     ,     ,    ,      ,    6.0,   2.0,   3.0,     5.0,     9.0,        ,        ,        ,        ,        ,     0.0,      
mcdonab01, 1963,     1, CHI , NHL , L  , 70.0, 14.0,  32.0,  46.0,  19.0,      ,  4.0,     ,  0.0,     ,  3.0, 0.0,      ,    7.0,   2.0,   2.0,     4.0,     0.0,        ,        ,        ,        ,        ,     0.0,      
mcdonab01, 1964,     1, BOS , NHL , L  , 60.0,  9.0,   9.0,  18.0,   6.0,      ,  2.0,     ,  0.0,     ,  3.0, 0.0,      ,       ,      ,      ,        ,        ,        ,        ,        ,        ,        ,        ,      
mcdonab01, 1965,     1, DET , NHL , L  , 43.0,  6.0,  16.0,  22.0,   6.0,      ,  1.0,     ,  0.0,     ,  0.0, 0.0,      ,   10.0,   1.0,   4.0,     5.0,     2.0,        ,        ,        ,        ,        ,     1.0,      
mcdonab01, 1966,     1, DET , NHL , L  , 12.0,  2.0,   0.0,   2.0,   2.0,      ,  0.0,     ,  0.0,     ,  0.0, 0.0,      ,       ,      ,      ,        ,        ,        ,        ,        ,        ,        ,        ,      
mcdonab01, 1967,     1, PIT , NHL , L  , 74.0, 22.0,  21.0,  43.0,  38.0, -4.0 ,  6.0,     ,  1.0,     ,  2.0, 2.0, 185.0,       ,      ,      ,        ,        ,        ,        ,        ,        ,        ,        ,      
mcdonab01, 1968,     1, STL , NHL , L  , 68.0, 21.0,  21.0,  42.0,  12.0, 19.0 ,  2.0,     ,  0.0,     ,  4.0, 2.0, 138.0,   12.0,   2.0,   1.0,     3.0,    10.0,        ,     0.0,        ,     0.0,        ,     0.0,      
mcdonab01, 1969,     1, STL , NHL , L  , 64.0, 25.0,  30.0,  55.0,   8.0, 11.0 , 11.0,     ,  0.0,     ,  4.0, 2.0, 170.0,   16.0,   5.0,  10.0,    15.0,    13.0,        ,     3.0,        ,     0.0,        ,     0.0,      
mcdonab01, 1970,     1, STL , NHL , L  , 20.0,  0.0,   5.0,   5.0,   6.0, -3.0 ,  0.0,     ,  0.0,     ,  0.0, 0.0,  31.0,       ,      ,      ,        ,        ,        ,        ,        ,        ,        ,        ,      
mcdonab01, 1971,     1, DET , NHL , L  , 19.0,  2.0,   3.0,   5.0,   0.0, -8.0 ,  1.0,     ,  0.0,     ,  0.0, 0.0,  29.0,       ,      ,      ,        ,        ,        ,        ,        ,        ,        ,        ,      
mcdonab01, 1972,     1, WIJ , WHA , L  , 77.0, 17.0,  24.0,  41.0,  16.0,      ,  7.0,     ,  0.0,     ,     ,    ,      ,   14.0,   2.0,   5.0,     7.0,     2.0,        ,     2.0,        ,     0.0,        ,     0.0,      
mcdonab01, 1973,     1, WIJ , WHA , L  , 70.0, 12.0,  17.0,  29.0,   8.0,      ,  2.0,     ,  0.0,     ,  0.0,    ,      ,    4.0,   0.0,   1.0,     1.0,     2.0,        ,        ,        ,        ,        ,     0.0,      
mcdonal01, 1970,     1, LAK , NHL , R  ,  6.0,  2.0,   1.0,   3.0,   0.0, 2.0  ,  0.0,     ,  0.0,     ,  1.0, 0.0,  13.0,       ,      ,      ,        ,        ,        ,        ,        ,        ,        ,        ,      
mcdonal01, 1971,     1, LAK , NHL , R  , 31.0,  3.0,   2.0,   5.0,   8.0, -8.0 ,  1.0,     ,  0.0,     ,  0.0, 0.0,  28.0,       ,      ,      ,        ,        ,        ,        ,        ,        ,        ,        ,      
mcdonal01, 1971,     2, PIT , NHL , R  , 37.0,  7.0,  11.0,  18.0,   8.0, -6.0 ,  1.0,     ,  0.0,     ,  1.0, 0.0, 113.0,    4.0,   0.0,   1.0,     1.0,     0.0,        ,     0.0,        ,     0.0,        ,     0.0,      
mcdonal01, 1972,     1, PIT , NHL , R  , 78.0, 35.0,  41.0,  76.0,  26.0, 20.0 ,  7.0,     ,  0.0,     ,  4.0, 1.0, 285.0,       ,      ,      ,        ,        ,        ,        ,        ,        ,        ,        ,      
mcdonal01, 1973,     1, PIT , NHL , R  , 37.0, 14.0,  22.0,  36.0,  12.0, -3.0 ,  3.0,     ,  0.0,     ,  4.0, 0.0, 142.0,       ,      ,      ,        ,        ,        ,        ,        ,        ,        ,        ,      
mcdonal01, 1973,     2, ATF , NHL , R  , 35.0, 10.0,   9.0,  19.0,  15.0, -4.0 ,  3.0,     ,  0.0,     ,  1.0, 1.0, 108.0,    4.0,   0.0,   0.0,     0.0,     2.0,        ,     0.0,        ,     0.0,        ,     0.0,      
mcdonal01, 1974,     1, CLC , WHA , R  , 78.0, 34.0,  30.0,  64.0,  27.0, -11.0, 12.0,     ,  0.0,     ,     ,    , 257.0,    5.0,   2.0,   1.0,     3.0,     2.0,        ,        ,        ,        ,        ,     0.0,      
mcdonal01, 1975,     1, CLC , WHA , R  , 80.0, 23.0,  22.0,  45.0,  19.0, 1.0  ,  4.0,     ,  0.0,     ,  1.0,    , 229.0,    3.0,   1.0,   0.0,     1.0,     2.0, -2.0   ,        ,        ,        ,        ,     0.0,      
mcdonal01, 1976,     1, MF2 , WHA , R  , 42.0,  9.0,  21.0,  30.0,   6.0, 13.0 ,     ,     ,     ,     ,     ,    ,      ,       ,      ,      ,        ,        ,        ,        ,        ,        ,        ,        ,      
mcdonal01, 1977,     1, DET , NHL , R  , 13.0,  2.0,   2.0,   4.0,   4.0, 2.0  ,  0.0,     ,  0.0,     ,  0.0, 0.0,  18.0,       ,      ,      ,        ,        ,        ,        ,        ,        ,        ,        ,      
mcdonal02, 1913,     1, MOW , NHA ,    ,  1.0,  0.0,   0.0,   0.0,   0.0,      ,     ,     ,     ,     ,     ,    ,      ,       ,      ,      ,        ,        ,        ,        ,        ,        ,        ,        ,      
mcdonan01, 2000,     1, ANA , NHL , C  , 16.0,  1.0,   0.0,   1.0,   6.0, 0.0  ,  0.0,  0.0,  0.0,  0.0,  0.0, 0.0,  21.0,       ,      ,      ,        ,        ,        ,        ,        ,        ,        ,        ,      
mcdonan01, 2001,     1, ANA , NHL , C  , 53.0,  7.0,  21.0,  28.0,  10.0, 2.0  ,  2.0,  4.0,  0.0,  0.0,  3.0, 0.0,  79.0,       ,      ,      ,        ,        ,        ,        ,        ,        ,        ,        ,      
mcdonan01, 2002,     1, ANA , NHL , C  , 46.0, 10.0,  11.0,  21.0,  14.0, -1.0 ,  3.0,  3.0,  0.0,  0.0,  1.0, 0.0,  92.0,       ,      ,      ,        ,        ,        ,        ,        ,        ,        ,        ,      
mcdonan01, 2003,     1, ANA , NHL , L  , 79.0,  9.0,  21.0,  30.0,  24.0, -13.0,  2.0,  7.0,  1.0,  0.0,  1.0, 1.0, 162.0,       ,      ,      ,        ,        ,        ,        ,        ,        ,        ,        ,      
mcdonan01, 2005,     1, ANA , NHL , C  , 82.0, 34.0,  51.0,  85.0,  32.0, 24.0 , 13.0, 25.0,  0.0,  1.0,  7.0,    , 229.0,   16.0,   2.0,   7.0,     9.0,    10.0, 0.0    ,     2.0,     2.0,     0.0,     0.0,     0.0,    48.0
mcdonan01, 2006,     1, AND , NHL , C  , 82.0, 27.0,  51.0,  78.0,  46.0, 16.0 ,  8.0, 25.0,  0.0,  0.0,  3.0,    , 252.0,   21.0,  10.0,   4.0,    14.0,    10.0, 6.0    ,     5.0,     2.0,     0.0,     0.0,     0.0,    64.0
mcdonan01, 2007,     1, AND , NHL , C  , 33.0,  4.0,  12.0,  16.0,  30.0, -4.0 ,  0.0,  3.0,  0.0,  0.0,  0.0,    ,  79.0,       ,      ,      ,        ,        ,        ,        ,        ,        ,        ,        ,      
mcdonan01, 2007,     2, STL , NHL , C  , 49.0, 14.0,  22.0,  36.0,  32.0, -17.0,  3.0, 11.0,  0.0,  0.0,  1.0,    , 103.0,       ,      ,      ,        ,        ,        ,        ,        ,        ,        ,        ,      
mcdonan01, 2008,     1, STL , NHL , C  , 46.0, 15.0,  29.0,  44.0,  24.0, -13.0,  6.0, 13.0,  1.0,  0.0,  1.0,    , 128.0,    4.0,   1.0,   3.0,     4.0,     0.0, 1.0    ,     0.0,     1.0,     0.0,     0.0,     0.0,    19.0
mcdonan01, 2009,     1, STL , NHL , C  , 79.0, 24.0,  33.0,  57.0,  18.0, -9.0 ,  6.0, 16.0,  0.0,  0.0,  3.0,    , 191.0,       ,      ,      ,        ,        ,        ,        ,        ,        ,        ,        ,      
mcdonbi01, 1949,     1, NYR , NHL , L  ,  4.0,  0.0,   0.0,   0.0,   2.0,      ,     ,     ,     ,     ,     ,    ,      ,       ,      ,      ,        ,        ,        ,        ,        ,        ,        ,        ,      
mcdonbr01, 1967,     1, CHI , NHL , C  ,     ,     ,      ,      ,      ,      ,     ,     ,     ,     ,     ,    ,      ,    8.0,   0.0,   0.0,     0.0,     2.0,        ,     0.0,        ,     0.0,        ,     0.0,      
mcdonbr01, 1970,     1, BUF , NHL , C  , 12.0,  0.0,   0.0,   0.0,  29.0, -8.0 ,  0.0,     ,  0.0,     ,  0.0, 0.0,  15.0,       ,      ,      ,        ,        ,        ,        ,        ,        ,        ,        ,      
mcdonbr01, 1972,     1, HOU , WHA , R  , 71.0, 20.0,  20.0,  40.0,  78.0,      ,  0.0,     ,  0.0,     ,     ,    ,      ,   10.0,   3.0,   0.0,     3.0,    16.0,        ,     0.0,        ,     0.0,        ,     0.0,      
mcdonbr01, 1973,     1, LAS , WHA , R  , 56.0, 22.0,  30.0,  52.0,  54.0,      ,  4.0,     ,  0.0,     ,  3.0,    ,      ,       ,      ,      ,        ,        ,        ,        ,        ,        ,        ,        ,      
mcdonbr01, 1974,     1, MIB , WHA , R  , 18.0,  3.0,   5.0,   8.0,  15.0, -11.0,  2.0,     ,  0.0,     ,     ,    ,  39.0,       ,      ,      ,        ,        ,        ,        ,        ,        ,        ,        ,      
mcdonbr01, 1974,     2, IND , WHA , R  , 47.0, 14.0,  15.0,  29.0,  19.0, -10.0,  2.0,     ,  0.0,     ,     ,    , 104.0,       ,      ,      ,        ,        ,        ,        ,        ,        ,        ,        ,      
mcdonbr01, 1975,     1, IND , WHA , L  , 62.0, 16.0,  17.0,  33.0,  54.0, -6.0 ,  1.0,     ,  2.0,     ,  4.0,    , 117.0,    7.0,   0.0,   1.0,     1.0,    12.0, -1.0   ,        ,        ,        ,        ,        ,      
mcdonbr01, 1976,     1, IND , WHA , L  , 50.0, 15.0,  13.0,  28.0,  48.0, -20.0,  5.0,     ,  2.0,     ,     ,    ,  89.0,    9.0,   3.0,   4.0,     7.0,    33.0, -5.0   ,        ,        ,        ,        ,     2.0,      
mcdonbu01, 1934,     1, DET , NHL , D  , 15.0,  1.0,   2.0,   3.0,   8.0,      ,     ,     ,     ,     ,     ,    ,      ,       ,      ,      ,        ,        ,        ,        ,        ,        ,        ,        ,      
mcdonbu01, 1935,     1, DET , NHL , D  , 47.0,  4.0,   6.0,  10.0,  32.0,      ,     ,     ,     ,     ,     ,    ,      ,    7.0,   3.0,   0.0,     3.0,    10.0,        ,        ,        ,        ,        ,        ,      
mcdonbu01, 1936,     1, DET , NHL , D  , 47.0,  3.0,   5.0,   8.0,  20.0,      ,     ,     ,     ,     ,     ,    ,      ,   10.0,   0.0,   0.0,     0.0,     2.0,        ,        ,        ,        ,        ,        ,      
mcdonbu01, 1937,     1, DET , NHL , D  , 47.0,  3.0,   7.0,  10.0,  14.0,      ,     ,     ,     ,     ,     ,    ,      ,       ,      ,      ,        ,        ,        ,        ,        ,        ,        ,        ,      
mcdonbu01, 1938,     1, DET , NHL , D  , 14.0,  0.0,   0.0,   0.0,   2.0,      ,     ,     ,     ,     ,     ,    ,      ,       ,      ,      ,        ,        ,        ,        ,        ,        ,        ,        ,      
mcdonbu01, 1938,     2, TOR , NHL , D  , 33.0,  3.0,   3.0,   6.0,  20.0,      ,     ,     ,     ,     ,     ,    ,      ,   10.0,   0.0,   0.0,     0.0,     4.0,        ,        ,        ,        ,        ,        ,      
mcdonbu01, 1939,     1, TOR , NHL , D  , 34.0,  2.0,   5.0,   7.0,  13.0,      ,     ,     ,     ,     ,     ,    ,      ,    1.0,   0.0,   0.0,     0.0,     0.0,        ,        ,        ,        ,        ,        ,      
mcdonbu01, 1940,     1, TOR , NHL , D  , 31.0,  6.0,  11.0,  17.0,  12.0,      ,     ,     ,     ,     ,     ,    ,      ,    7.0,   2.0,   0.0,     2.0,     2.0,        ,        ,        ,        ,        ,        ,      
mcdonbu01, 1941,     1, TOR , NHL , D  , 48.0,  2.0,  19.0,  21.0,  24.0,      ,     ,     ,     ,     ,     ,    ,      ,    9.0,   0.0,   1.0,     1.0,     2.0,        ,        ,        ,        ,        ,        ,      
mcdonbu01, 1942,     1, TOR , NHL , D  , 40.0,  2.0,  11.0,  13.0,  39.0,      ,     ,     ,     ,     ,     ,    ,      ,    6.0,   1.0,   0.0,     1.0,     4.0,        ,        ,        ,        ,        ,        ,      
mcdonbu01, 1943,     1, TOR , NHL , D  ,  9.0,  2.0,   4.0,   6.0,   8.0,      ,     ,     ,     ,     ,     ,    ,      ,       ,      ,      ,        ,        ,        ,        ,        ,        ,        ,        ,      
mcdonbu01, 1943,     2, NYR , NHL , D  , 41.0,  5.0,   6.0,  11.0,  14.0,      ,     ,     ,     ,     ,     ,    ,      ,       ,      ,      ,        ,        ,        ,        ,        ,        ,        ,        ,      
mcdonbu01, 1944,     1, NYR , NHL , D  , 40.0,  2.0,   9.0,  11.0,   0.0,      ,     ,     ,     ,     ,     ,    ,      ,       ,      ,      ,        ,        ,        ,        ,        ,        ,        ,        ,      
mcdonbu02, 1939,     1, DET , NHL , L  , 37.0,  1.0,   6.0,   7.0,   2.0,      ,     ,     ,     ,     ,     ,    ,      ,    5.0,   0.0,   2.0,     2.0,     0.0,        ,        ,        ,        ,        ,        ,      
mcdonbu02, 1944,     1, DET , NHL , L  ,  3.0,  1.0,   1.0,   2.0,   0.0,      ,     ,     ,     ,     ,     ,    ,      ,       ,      ,      ,        ,        ,        ,        ,        ,        ,        ,        ,      
mcdonbu02, 1944,     2, CHI , NHL , L  , 26.0,  6.0,  13.0,  19.0,   0.0,      ,     ,     ,     ,     ,     ,    ,      ,       ,      ,      ,        ,        ,        ,        ,        ,        ,        ,        ,      
mcdonco01, 2009,     1, EDM , NHL , C  ,  2.0,  1.0,   0.0,   1.0,   0.0, 1.0  ,  0.0,  0.0,  0.0,  0.0,  0.0,    ,   3.0,       ,      ,      ,        ,        ,        ,        ,        ,        ,        ,        ,      
mcdonge01, 1981,     1, HAR , NHL , D  ,  3.0,  0.0,   0.0,   0.0,   0.0, -2.0 ,  0.0,     ,  0.0,     ,  0.0, 0.0,   1.0,       ,      ,      ,        ,        ,        ,        ,        ,        ,        ,        ,      
mcdonge01, 1983,     1, HAR , NHL , D  ,  5.0,  0.0,   0.0,   0.0,   4.0, -3.0 ,  0.0,     ,  0.0,     ,  0.0, 0.0,   7.0,       ,      ,      ,        ,        ,        ,        ,        ,        ,        ,        ,      
mcdonhu01, 1988,     1, LAK , NHL , C  ,  4.0,  0.0,   1.0,   1.0,   0.0, 2.0  ,  0.0,  0.0,  0.0,  0.0,  0.0, 0.0,   3.0,       ,      ,      ,        ,        ,        ,        ,        ,        ,        ,        ,      
mcdonhu01, 1989,     1, LAK , NHL , C  , 22.0,  3.0,   4.0,   7.0,  10.0, 4.0  ,  0.0,     ,  0.0,  0.0,  1.0, 0.0,  13.0,       ,      ,      ,        ,        ,        ,        ,        ,        ,        ,        ,      
mcdonhu01, 1989,     2, NYI , NHL , C  , 54.0, 18.0,  11.0,  29.0,  26.0, 10.0 ,  0.0,     ,  3.0,  0.0,  3.0, 0.0,  92.0,    5.0,   1.0,   0.0,     1.0,     4.0, -2.0   ,     0.0,     0.0,     0.0,     0.0,     0.0,     7.0
mcdonhu01, 1990,     1, NYI , NHL , C  , 52.0,  6.0,   6.0,  12.0,  10.0, -14.0,  0.0,  0.0,  1.0,  0.0,  0.0, 0.0,  47.0,       ,      ,      ,        ,        ,        ,        ,        ,        ,        ,        ,      
mcdonhu01, 1991,     1, NYI , NHL , C  , 33.0,  7.0,   2.0,   9.0,  15.0, -4.0 ,  1.0,  0.0,  1.0,  0.0,  0.0, 0.0,  31.0,       ,      ,      ,        ,        ,        ,        ,        ,        ,        ,        ,      
mcdonhu01, 1992,     1, SJS , NHL , C  , 30.0,  6.0,   2.0,   8.0,   6.0, -21.0,  2.0,  0.0,  0.0,  0.0,  0.0, 0.0,  41.0,       ,      ,      ,        ,        ,        ,        ,        ,        ,        ,        ,      
mcdonja01, 1910,     1, QU1 , NHA ,    , 16.0, 14.0,   0.0,  14.0,  23.0,      ,     ,     ,     ,     ,     ,    ,      ,       ,      ,      ,        ,        ,        ,        ,        ,        ,        ,        ,      
mcdonja01, 1911,     1, QU1 , NHA ,    , 17.0, 18.0,   0.0,  18.0,   0.0,      ,     ,     ,     ,     ,     ,    ,      ,       ,      ,      ,        ,        ,        ,        ,        ,        ,        ,        ,      
mcdonja01, 1912,     1, VML , PCHA, C  , 14.0, 11.0,   4.0,  15.0,  12.0,      ,     ,     ,     ,     ,     ,    ,      ,       ,      ,      ,        ,        ,        ,        ,        ,        ,        ,        ,      
mcdonja01, 1913,     1, TOO , NHA ,    , 20.0, 27.0,   8.0,  35.0,  12.0,      ,     ,     ,     ,     ,     ,    ,      ,       ,      ,      ,        ,        ,        ,        ,        ,        ,        ,        ,      
mcdonja01, 1914,     1, QU1 , NHA ,    , 19.0,  9.0,   8.0,  17.0,  17.0,      ,     ,     ,     ,     ,     ,    ,      ,       ,      ,      ,        ,        ,        ,        ,        ,        ,        ,        ,      
mcdonja01, 1915,     1, QU1 , NHA ,    , 20.0,  9.0,   5.0,  14.0,  10.0,      ,     ,     ,     ,     ,     ,    ,      ,       ,      ,      ,        ,        ,        ,        ,        ,        ,        ,        ,      
mcdonja01, 1916,     1, QU1 , NHA ,    , 18.0, 14.0,   7.0,  21.0,   3.0,      ,     ,     ,     ,     ,     ,    ,      ,       ,      ,      ,        ,        ,        ,        ,        ,        ,        ,        ,      
mcdonja01, 1917,     1, MTW , NHL , C  ,  4.0,  3.0,   1.0,   4.0,   3.0,      ,     ,     ,     ,     ,  0.0,    ,      ,       ,      ,      ,        ,        ,        ,        ,        ,        ,        ,        ,      
mcdonja01, 1917,     2, MTL , NHL , C  ,  8.0,  9.0,   1.0,  10.0,  12.0,      ,     ,     ,     ,     ,  2.0,    ,      ,    2.0,   1.0,   0.0,     1.0,     0.0,        ,        ,        ,        ,        ,        ,      
mcdonja01, 1918,     1, MTL , NHL , C  , 18.0,  8.0,   4.0,  12.0,   9.0,      ,     ,     ,     ,     ,     ,    ,      ,    5.0,   0.0,   3.0,     3.0,     3.0,        ,        ,        ,        ,        ,        ,      
mcdonja01, 1919,     1, QUB , NHL , C  , 24.0,  6.0,   7.0,  13.0,   4.0,      ,     ,     ,     ,     ,     ,    ,      ,       ,      ,      ,        ,        ,        ,        ,        ,        ,        ,        ,      
mcdonja01, 1920,     1, MTL , NHL , C  ,  6.0,  0.0,   1.0,   1.0,   0.0,      ,     ,     ,     ,     ,     ,    ,      ,       ,      ,      ,        ,        ,        ,        ,        ,        ,        ,        ,      
mcdonja01, 1920,     2, TRS , NHL , C  ,  6.0,  0.0,   0.0,   0.0,   2.0,      ,     ,     ,     ,     ,     ,    ,      ,       ,      ,      ,        ,        ,        ,        ,        ,        ,        ,        ,      
mcdonja01, 1921,     1, MTL , NHL , L  ,  3.0,  0.0,   0.0,   0.0,   0.0,      ,     ,     ,     ,     ,     ,    ,      ,       ,      ,      ,        ,        ,        ,        ,        ,        ,        ,        ,      
mcdonja02, 1943,     1, NYR , NHL , R  , 43.0, 10.0,   9.0,  19.0,   6.0,      ,     ,     ,     ,     ,     ,    ,      ,       ,      ,      ,        ,        ,        ,        ,        ,        ,        ,        ,      
mcdonjo01, 1981,     1, VAN , NHL , D  ,  7.0,  0.0,   1.0,   1.0,  12.0, -2.0 ,  0.0,     ,  0.0,     ,  0.0, 0.0,   6.0,       ,      ,      ,        ,        ,        ,        ,        ,        ,        ,        ,      
mcdonjo01, 1984,     1, PIT , NHL , D  , 40.0,  2.0,   9.0,  11.0,  20.0, -19.0,  2.0,     ,  0.0,     ,  0.0, 0.0,  75.0,       ,      ,      ,        ,        ,        ,        ,        ,        ,        ,        ,      
mcdonjo01, 1985,     1, PIT , NHL , D  ,  3.0,  0.0,   0.0,   0.0,   2.0, -3.0 ,  0.0,     ,  0.0,     ,  0.0, 0.0,   1.0,       ,      ,      ,        ,        ,        ,        ,        ,        ,        ,        ,      
mcdonke01, 2002,     1, CBS , NHL , R  ,  3.0,  0.0,   0.0,   0.0,   0.0, -1.0 ,  0.0,  0.0,  0.0,  0.0,  0.0, 0.0,   4.0,       ,      ,      ,        ,        ,        ,        ,        ,        ,        ,        ,      
mcdonke01, 2003,     1, CBS , NHL , L  , 29.0,  1.0,   2.0,   3.0,  36.0, -7.0 ,  0.0,  0.0,  0.0,  0.0,  0.0, 0.0,  23.0,       ,      ,      ,        ,        ,        ,        ,        ,        ,        ,        ,      
mcdonla01, 1973,     1, TOR , NHL , R  , 70.0, 14.0,  16.0,  30.0,  43.0, 3.0  ,  2.0,     ,  0.0,     ,  3.0, 1.0, 142.0,       ,      ,      ,        ,        ,        ,        ,        ,        ,        ,        ,      
mcdonla01, 1974,     1, TOR , NHL , R  , 64.0, 17.0,  27.0,  44.0,  86.0, 5.0  ,  2.0,     ,  1.0,     ,  1.0, 0.0, 168.0,    7.0,   0.0,   0.0,     0.0,     2.0,        ,     0.0,        ,     0.0,        ,     0.0,      
mcdonla01, 1975,     1, TOR , NHL , R  , 75.0, 37.0,  56.0,  93.0,  70.0, 24.0 ,  6.0,     ,  5.0,     ,  4.0, 3.0, 270.0,   10.0,   4.0,   4.0,     8.0,     4.0,        ,     2.0,        ,     0.0,        ,     1.0,      
mcdonla01, 1976,     1, TOR , NHL , R  , 80.0, 46.0,  44.0,  90.0,  77.0, 12.0 , 16.0,     ,  4.0,     ,  5.0, 1.0, 293.0,    9.0,  10.0,   7.0,    17.0,     6.0,        ,     3.0,        ,     0.0,        ,     1.0,      
mcdonla01, 1977,     1, TOR , NHL , R  , 74.0, 47.0,  40.0,  87.0,  54.0, 34.0 , 11.0,     ,  0.0,     ,  5.0, 3.0, 243.0,   13.0,   3.0,   4.0,     7.0,    10.0,        ,     1.0,        ,     0.0,        ,     2.0,      
mcdonla01, 1978,     1, TOR , NHL , R  , 79.0, 43.0,  42.0,  85.0,  32.0, 12.0 , 16.0,     ,  0.0,     ,  2.0, 2.0, 314.0,    6.0,   3.0,   2.0,     5.0,     0.0,        ,     0.0,        ,     0.0,        ,     0.0,      
mcdonla01, 1979,     1, TOR , NHL , R  , 35.0, 15.0,  15.0,  30.0,  10.0, -1.0 ,  6.0,     ,  0.0,     ,  2.0, 0.0, 140.0,       ,      ,      ,        ,        ,        ,        ,        ,        ,        ,        ,      
mcdonla01, 1979,     2, COR , NHL , R  , 46.0, 25.0,  20.0,  45.0,  43.0, -15.0,  8.0,     ,  0.0,     ,  3.0, 5.0, 194.0,       ,      ,      ,        ,        ,        ,        ,        ,        ,        ,        ,      
mcdonla01, 1980,     1, COR , NHL , R  , 80.0, 35.0,  46.0,  81.0,  56.0, -27.0, 11.0,     ,  0.0,     ,  2.0, 2.0, 298.0,       ,      ,      ,        ,        ,        ,        ,        ,        ,        ,        ,      
mcdonla01, 1981,     1, COR , NHL , R  , 16.0,  6.0,   9.0,  15.0,  20.0, -3.0 ,  0.0,     ,  0.0,     ,  1.0, 1.0,  65.0,       ,      ,      ,        ,        ,        ,        ,        ,        ,        ,        ,      
mcdonla01, 1981,     2, CAL , NHL , R  , 55.0, 34.0,  33.0,  67.0,  37.0, 22.0 , 10.0,     ,  1.0,     ,  3.0, 0.0, 178.0,    3.0,   0.0,   1.0,     1.0,     6.0,        ,     0.0,        ,     0.0,        ,     0.0,      
mcdonla01, 1982,     1, CAL , NHL , R  , 80.0, 66.0,  32.0,  98.0,  90.0, -2.0 , 17.0,     ,  0.0,     ,  8.0, 3.0, 272.0,    7.0,   3.0,   4.0,     7.0,    19.0,        ,     1.0,        ,     0.0,        ,     0.0,      
mcdonla01, 1983,     1, CAL , NHL , R  , 65.0, 33.0,  33.0,  66.0,  64.0, -15.0, 10.0,     ,  0.0,     ,  1.0, 2.0, 245.0,   11.0,   6.0,   7.0,    13.0,     6.0, -2.0   ,     3.0,        ,     0.0,        ,     1.0,    31.0
mcdonla01, 1984,     1, CAL , NHL , R  , 43.0, 19.0,  18.0,  37.0,  36.0, -4.0 ,  9.0,     ,  0.0,     ,  2.0, 0.0, 117.0,    1.0,   0.0,   0.0,     0.0,     0.0, 0.0    ,     0.0,        ,     0.0,        ,     0.0,     1.0
mcdonla01, 1985,     1, CAL , NHL , R  , 80.0, 28.0,  43.0,  71.0,  44.0, -2.0 , 11.0,     ,  0.0,     ,  3.0, 1.0, 227.0,   22.0,  11.0,   7.0,    18.0,    30.0, 5.0    ,     4.0,        ,     0.0,        ,     2.0,    70.0
mcdonla01, 1986,     1, CAL , NHL , R  , 58.0, 14.0,  12.0,  26.0,  54.0, -3.0 ,  4.0,     ,  0.0,     ,  3.0, 0.0, 127.0,    5.0,   0.0,   0.0,     0.0,     2.0, -3.0   ,     0.0,        ,     0.0,        ,     0.0,     7.0
mcdonla01, 1987,     1, CAL , NHL , R  , 60.0, 10.0,  13.0,  23.0,  57.0, 2.0  ,  0.0,  1.0,  0.0,  0.0,  2.0, 0.0,  79.0,    9.0,   3.0,   1.0,     4.0,     6.0, 3.0    ,     0.0,     0.0,     0.0,     0.0,     0.0,    17.0
mcdonla01, 1988,     1, CAL , NHL , R  , 51.0, 11.0,   7.0,  18.0,  26.0, -1.0 ,  0.0,  0.0,  0.0,  0.0,  3.0, 0.0,  72.0,   14.0,   1.0,   3.0,     4.0,    29.0, 2.0    ,     0.0,     0.0,     0.0,     0.0,     0.0,    13.0
mcdonmo01, 1920,     1, HAM , NHL , D  , 22.0,  1.0,   2.0,   3.0,   2.0,      ,     ,     ,     ,     ,     ,    ,      ,       ,      ,      ,        ,        ,        ,        ,        ,        ,        ,        ,      
mcdonra01, 1911,     1, NWR , PCHA, L  , 15.0, 16.0,   0.0,  16.0,  49.0,      ,     ,     ,     ,     ,     ,    ,      ,       ,      ,      ,        ,        ,        ,        ,        ,        ,        ,        ,      
mcdonra01, 1912,     1, NWR , PCHA, L  , 13.0, 11.0,   3.0,  14.0,  26.0,      ,     ,     ,     ,     ,     ,    ,      ,       ,      ,      ,        ,        ,        ,        ,        ,        ,        ,        ,      
mcdonra01, 1913,     1, NWR , PCHA, L  , 16.0, 14.0,   5.0,  19.0,  18.0,      ,     ,     ,     ,     ,     ,    ,      ,       ,      ,      ,        ,        ,        ,        ,        ,        ,        ,        ,      
mcdonra01, 1914,     1, PO1 , PCHA, L  , 18.0, 22.0,   7.0,  29.0,  24.0,      ,     ,     ,     ,     ,     ,    ,      ,       ,      ,      ,        ,        ,        ,        ,        ,        ,        ,        ,      
mcdonra01, 1915,     1, VA1 , PCHA, L  , 17.0, 10.0,   3.0,  13.0,  32.0,      ,     ,     ,     ,     ,     ,    ,      ,       ,      ,      ,        ,        ,        ,        ,        ,        ,        ,        ,      
mcdonra01, 1916,     1, SPO , PCHA, L  , 22.0, 13.0,   9.0,  22.0,  26.0,      ,     ,     ,     ,     ,     ,    ,      ,       ,      ,      ,        ,        ,        ,        ,        ,        ,        ,        ,      
mcdonra01, 1917,     1, VML , PCHA, L  , 17.0,  3.0,   6.0,   9.0,  32.0,      ,     ,     ,     ,     ,     ,    ,      ,       ,      ,      ,        ,        ,        ,        ,        ,        ,        ,        ,      
mcdonra01, 1918,     1, SEA , PCHA, L  , 11.0,  2.0,   1.0,   3.0,   6.0,      ,     ,     ,     ,     ,     ,    ,      ,    2.0,   1.0,   1.0,     2.0,     3.0,        ,        ,        ,        ,        ,        ,      
mcdonro01, 1943,     1, NYR , NHL , R  ,  1.0,  0.0,   0.0,   0.0,   0.0,      ,     ,     ,     ,     ,     ,    ,      ,       ,      ,      ,        ,        ,        ,        ,        ,        ,        ,        ,      
mcdonte01, 1975,     1, KCS , NHL , D  ,  8.0,  0.0,   1.0,   1.0,   6.0, -5.0 ,  0.0,     ,  0.0,     ,  0.0, 0.0,   4.0,       ,      ,      ,        ,        ,        ,        ,        ,        ,        ,        ,      
mcdoubi01, 1990,     1, DET , NHL , C  ,  2.0,  0.0,   1.0,   1.0,   0.0, 0.0  ,  0.0,  0.0,  0.0,  0.0,  0.0, 0.0,   3.0,    1.0,   0.0,   0.0,     0.0,     0.0, -1.0   ,     0.0,     0.0,     0.0,     0.0,     0.0,     0.0
mcdoubi01, 1992,     1, EDM , NHL , C  ,  4.0,  2.0,   1.0,   3.0,   4.0, 2.0  ,  0.0,  0.0,  0.0,  0.0,  0.0, 0.0,   8.0,       ,      ,      ,        ,        ,        ,        ,        ,        ,        ,        ,      
mcdoubi01, 1993,     1, TBL , NHL , C  , 22.0,  3.0,   3.0,   6.0,   8.0, -4.0 ,  1.0,  1.0,  0.0,  0.0,  0.0, 1.0,  26.0,       ,      ,      ,        ,        ,        ,        ,        ,        ,        ,        ,      
mcdoumi01, 1978,     1, NYR , NHL , R  ,  1.0,  0.0,   0.0,   0.0,   0.0, 0.0  ,  0.0,     ,  0.0,     ,  0.0, 0.0,   0.0,       ,      ,      ,        ,        ,        ,        ,        ,        ,        ,        ,      
mcdoumi01, 1980,     1, NYR , NHL , R  ,  2.0,  0.0,   0.0,   0.0,   0.0, 1.0  ,  0.0,     ,  0.0,     ,  0.0, 0.0,   1.0,       ,      ,      ,        ,        ,        ,        ,        ,        ,        ,        ,      
mcdoumi01, 1981,     1, HAR , NHL , R  ,  3.0,  0.0,   0.0,   0.0,   0.0, 0.0  ,  0.0,     ,  0.0,     ,  0.0, 0.0,   2.0,       ,      ,      ,        ,        ,        ,        ,        ,        ,        ,        ,      
mcdoumi01, 1982,     1, HAR , NHL , R  , 55.0,  8.0,  10.0,  18.0,  43.0, -33.0,  0.0,     ,  0.0,     ,  0.0, 0.0,  61.0,       ,      ,      ,        ,        ,        ,        ,        ,        ,        ,        ,      
mcdufpe01, 1971,     1, STL , NHL , G  , 10.0,  0.0,   0.0,   0.0,   0.0, 0.0  ,  0.0,     ,  0.0,     ,  0.0, 0.0,   0.0,    1.0,   0.0,   0.0,     0.0,     0.0,        ,     0.0,        ,     0.0,        ,     0.0,      
mcdufpe01, 1972,     1, NYR , NHL , G  ,  1.0,  0.0,   0.0,   0.0,   0.0, 0.0  ,  0.0,     ,  0.0,     ,  0.0, 0.0,   0.0,       ,      ,      ,        ,        ,        ,        ,        ,        ,        ,        ,      
mcdufpe01, 1973,     1, NYR , NHL , G  ,  6.0,  0.0,   0.0,   0.0,   0.0, 0.0  ,  0.0,     ,  0.0,     ,  0.0, 0.0,   0.0,       ,      ,      ,        ,        ,        ,        ,        ,        ,        ,        ,      
mcdufpe01, 1974,     1, KCS , NHL , G  , 36.0,  0.0,   1.0,   1.0,   0.0, 0.0  ,  0.0,     ,  0.0,     ,  0.0, 0.0,   0.0,       ,      ,      ,        ,        ,        ,        ,        ,        ,        ,        ,      
mcdufpe01, 1975,     1, DET , NHL , G  ,  4.0,  0.0,   0.0,   0.0,   2.0, 0.0  ,  0.0,     ,  0.0,     ,  0.0, 0.0,   0.0,       ,      ,      ,        ,        ,        ,        ,        ,        ,        ,        ,      
mcdufpe01, 1977,     1, IND , WHA , G  , 12.0,  0.0,   0.0,   0.0,   0.0, 0.0  ,  0.0,     ,  0.0,     ,     ,    ,   0.0,       ,      ,      ,        ,        ,        ,        ,        ,        ,        ,        ,      
mceacsh01, 1991,     1, PIT , NHL , C  , 15.0,  0.0,   4.0,   4.0,   0.0, 1.0  ,  0.0,  1.0,  0.0,  0.0,  0.0, 0.0,  14.0,   19.0,   2.0,   7.0,     9.0,     4.0, 6.0    ,     0.0,     0.0,     0.0,     0.0,     0.0,    36.0
mceacsh01, 1992,     1, PIT , NHL , L  , 84.0, 28.0,  33.0,  61.0,  46.0, 21.0 ,  7.0,  7.0,  0.0,  1.0,  6.0, 0.0, 196.0,   12.0,   3.0,   2.0,     5.0,    10.0, 0.0    ,     0.0,     0.0,     0.0,     0.0,     1.0,    21.0
mceacsh01, 1993,     1, LAK , NHL , C  , 49.0,  8.0,  13.0,  21.0,  24.0, 1.0  ,  0.0,  1.0,  3.0,  1.0,  0.0, 0.0,  81.0,       ,      ,      ,        ,        ,        ,        ,        ,        ,        ,        ,      
mceacsh01, 1993,     2, PIT , NHL , C  , 27.0, 12.0,   9.0,  21.0,  10.0, 13.0 ,  0.0,  2.0,  2.0,  0.0,  1.0, 0.0,  78.0,    6.0,   1.0,   0.0,     1.0,     2.0, -2.0   ,     0.0,     0.0,     0.0,     0.0,     0.0,    10.0
mceacsh01, 1994,     1, PIT , NHL , R  , 44.0, 13.0,  13.0,  26.0,  22.0, 4.0  ,  1.0,  1.0,  2.0,  0.0,  1.0, 0.0,  97.0,   11.0,   0.0,   2.0,     2.0,     8.0, -2.0   ,     0.0,     0.0,     0.0,     0.0,     0.0,    12.0
mceacsh01, 1995,     1, BOS , NHL , L  , 82.0, 24.0,  29.0,  53.0,  34.0, -5.0 ,  3.0,  3.0,  2.0,  1.0,  3.0, 0.0, 238.0,    5.0,   2.0,   1.0,     3.0,     8.0, -2.0   ,     0.0,     0.0,     0.0,     0.0,     0.0,     7.0
mceacsh01, 1996,     1, OTT , NHL , L  , 65.0, 11.0,  20.0,  31.0,  18.0, -5.0 ,  0.0,  3.0,  1.0,  1.0,  2.0, 0.0, 150.0,    7.0,   2.0,   0.0,     2.0,     8.0, -1.0   ,     1.0,     0.0,     0.0,     0.0,     0.0,    21.0
mceacsh01, 1997,     1, OTT , NHL , L  , 81.0, 24.0,  24.0,  48.0,  42.0, 1.0  ,  8.0,  6.0,  2.0,  2.0,  4.0, 2.0, 229.0,   11.0,   0.0,   4.0,     4.0,     8.0, -6.0   ,     0.0,     0.0,     0.0,     0.0,     0.0,    27.0
mceacsh01, 1998,     1, OTT , NHL , L  , 77.0, 31.0,  25.0,  56.0,  46.0, 8.0  ,  7.0,  6.0,  0.0,  0.0,  4.0, 1.0, 223.0,    4.0,   2.0,   0.0,     2.0,     6.0, 1.0    ,     1.0,     0.0,     0.0,     0.0,     0.0,    11.0
mceacsh01, 1999,     1, OTT , NHL , L  , 69.0, 29.0,  22.0,  51.0,  24.0, 2.0  , 10.0,  6.0,  0.0,  0.0,  4.0, 1.0, 219.0,    6.0,   0.0,   3.0,     3.0,     4.0, 0.0    ,     0.0,     0.0,     0.0,     0.0,     0.0,    14.0
mceacsh01, 2000,     1, OTT , NHL , L  , 82.0, 32.0,  40.0,  72.0,  62.0, 10.0 ,  9.0, 10.0,  0.0,  0.0,  1.0, 1.0, 231.0,    4.0,   0.0,   2.0,     2.0,     2.0, 1.0    ,     0.0,     0.0,     0.0,     0.0,     0.0,     8.0
mceacsh01, 2001,     1, OTT , NHL , L  , 80.0, 15.0,  31.0,  46.0,  52.0, 9.0  ,  5.0,  6.0,  0.0,  0.0,  3.0, 0.0, 196.0,   12.0,   0.0,   4.0,     4.0,     2.0, 3.0    ,     0.0,     0.0,     0.0,     0.0,     0.0,    15.0
mceacsh01, 2002,     1, ATL , NHL , L  , 46.0, 10.0,  16.0,  26.0,  28.0, -27.0,  4.0,  7.0,  1.0,  0.0,  1.0, 0.0, 120.0,       ,      ,      ,        ,        ,        ,        ,        ,        ,        ,        ,      
mceacsh01, 2003,     1, ATL , NHL , R  , 82.0, 17.0,  38.0,  55.0,  76.0, 5.0  ,  5.0, 13.0,  1.0,  4.0,  3.0, 0.0, 176.0,       ,      ,      ,        ,        ,        ,        ,        ,        ,        ,        ,      
mceacsh01, 2005,     1, BOS , NHL , L  , 28.0,  2.0,   6.0,   8.0,  22.0, -12.0,  1.0,  0.0,  0.0,  0.0,  0.0,    ,  40.0,       ,      ,      ,        ,        ,        ,        ,        ,        ,        ,        ,      
mcelhcu01, 2007,     1, CAL , NHL , G  ,  5.0,  0.0,   0.0,   0.0,   0.0, 0.0  ,  0.0,  0.0,  0.0,  0.0,  0.0,    ,   0.0,       ,      ,      ,        ,        ,        ,        ,        ,        ,        ,        ,      
mcelhcu01, 2008,     1, CAL , NHL , G  , 14.0,  0.0,   0.0,   0.0,   2.0, 0.0  ,  0.0,  0.0,  0.0,  0.0,  0.0,    ,   0.0,    1.0,   0.0,   0.0,     0.0,     0.0, 0.0    ,     0.0,     0.0,     0.0,     0.0,     0.0,     0.0
mcelhcu01, 2009,     1, CAL , NHL , G  , 10.0,  0.0,   0.0,   0.0,   0.0, 0.0  ,  0.0,  0.0,  0.0,  0.0,  0.0,    ,   0.0,       ,      ,      ,        ,        ,        ,        ,        ,        ,        ,        ,      
mcelhcu01, 2009,     2, AND , NHL , G  , 10.0,  0.0,   0.0,   0.0,   0.0, 0.0  ,  0.0,  0.0,  0.0,  0.0,  0.0,    ,   0.0,       ,      ,      ,        ,        ,        ,        ,        ,        ,        ,        ,      
mcelmji01, 1972,     1, MNS , NHL , D  ,  7.0,  0.0,   1.0,   1.0,   2.0, 1.0  ,  0.0,     ,  0.0,     ,  0.0, 0.0,   0.0,       ,      ,      ,        ,        ,        ,        ,        ,        ,        ,        ,      
mcelmji01, 1974,     1, KCS , NHL , D  , 78.0,  5.0,  17.0,  22.0,  25.0, -48.0,  1.0,     ,  0.0,     ,  1.0, 0.0, 137.0,       ,      ,      ,        ,        ,        ,        ,        ,        ,        ,        ,      
mcelmji01, 1975,     1, KCS , NHL , D  , 38.0,  2.0,   6.0,   8.0,   6.0, -13.0,  1.0,     ,  0.0,     ,  0.0, 1.0,  43.0,       ,      ,      ,        ,        ,        ,        ,        ,        ,        ,        ,      
mcelmji01, 1976,     1, COR , NHL , D  , 55.0,  7.0,  23.0,  30.0,  16.0, -15.0,  1.0,     ,  0.0,     ,  1.0, 0.0,  81.0,       ,      ,      ,        ,        ,        ,        ,        ,        ,        ,        ,      
mcelmji01, 1977,     1, COR , NHL , D  ,  2.0,  0.0,   0.0,   0.0,   0.0, 1.0  ,  0.0,     ,  0.0,     ,  0.0, 0.0,   0.0,       ,      ,      ,        ,        ,        ,        ,        ,        ,        ,        ,      
mcewemi01, 1976,     1, NYR , NHL , D  , 80.0, 14.0,  29.0,  43.0,  38.0, -24.0,  5.0,     ,  0.0,     ,  0.0, 0.0, 204.0,       ,      ,      ,        ,        ,        ,        ,        ,        ,        ,        ,      
mcewemi01, 1977,     1, NYR , NHL , D  , 57.0,  5.0,  13.0,  18.0,  52.0, -11.0,  2.0,     ,  0.0,     ,  0.0, 0.0,  65.0,       ,      ,      ,        ,        ,        ,        ,        ,        ,        ,        ,      
mcewemi01, 1978,     1, NYR , NHL , D  , 80.0, 20.0,  38.0,  58.0,  35.0, 10.0 ,  7.0,     ,  0.0,     ,  4.0, 1.0, 204.0,   18.0,   2.0,  11.0,    13.0,     8.0,        ,     2.0,        ,     0.0,        ,     1.0,      
mcewemi01, 1979,     1, NYR , NHL , D  ,  9.0,  1.0,   7.0,   8.0,   8.0, 3.0  ,  1.0,     ,  0.0,     ,  0.0, 0.0,  16.0,       ,      ,      ,        ,        ,        ,        ,        ,        ,        ,        ,      
mcewemi01, 1979,     2, COR , NHL , D  , 67.0, 11.0,  40.0,  51.0,  33.0, -13.0,  5.0,     ,  1.0,     ,  1.0, 0.0, 178.0,       ,      ,      ,        ,        ,        ,        ,        ,        ,        ,        ,      
mcewemi01, 1980,     1, COR , NHL , D  , 65.0, 11.0,  35.0,  46.0,  84.0, -33.0,  5.0,     ,  0.0,     ,  1.0, 1.0, 229.0,       ,      ,      ,        ,        ,        ,        ,        ,        ,        ,        ,      
mcewemi01, 1980,     2, NYI , NHL , D  , 13.0,  0.0,   3.0,   3.0,  10.0, 3.0  ,  0.0,     ,  0.0,     ,  0.0, 0.0,  27.0,   17.0,   6.0,   8.0,    14.0,     6.0,        ,     4.0,        ,     0.0,        ,     0.0,      
mcewemi01, 1981,     1, NYI , NHL , D  , 73.0, 10.0,  39.0,  49.0,  50.0, 30.0 ,  1.0,     ,  0.0,     ,  1.0, 0.0, 161.0,   15.0,   3.0,   7.0,    10.0,    18.0,        ,     2.0,        ,     0.0,        ,     0.0,      
mcewemi01, 1982,     1, NYI , NHL , D  , 42.0,  2.0,  11.0,  13.0,  16.0, 11.0 ,  1.0,     ,  0.0,     ,  0.0, 0.0,  82.0,   12.0,   0.0,   2.0,     2.0,     4.0,        ,     0.0,        ,     0.0,        ,     0.0,      
mcewemi01, 1983,     1, NYI , NHL , D  , 15.0,  0.0,   2.0,   2.0,   6.0, -5.0 ,  0.0,     ,  0.0,     ,  0.0, 0.0,  27.0,       ,      ,      ,        ,        ,        ,        ,        ,        ,        ,        ,      
mcewemi01, 1983,     2, LAK , NHL , D  , 47.0, 10.0,  24.0,  34.0,  14.0, -12.0,  7.0,     ,  0.0,     ,  0.0, 0.0, 133.0,       ,      ,      ,        ,        ,        ,        ,        ,        ,        ,        ,      
mcewemi01, 1984,     1, WAS , NHL , D  , 56.0, 11.0,  27.0,  38.0,  42.0, 22.0 ,  4.0,     ,  0.0,     ,  3.0, 0.0, 151.0,    5.0,   0.0,   1.0,     1.0,     4.0, -1.0   ,     0.0,        ,     0.0,        ,     0.0,    11.0
mcewemi01, 1985,     1, DET , NHL , D  , 29.0,  0.0,  10.0,  10.0,  16.0, -8.0 ,  0.0,     ,  0.0,     ,  0.0, 0.0,  82.0,       ,      ,      ,        ,        ,        ,        ,        ,        ,        ,        ,      
mcewemi01, 1985,     2, NYR , NHL , D  , 16.0,  2.0,   5.0,   7.0,   8.0, -4.0 ,  0.0,     ,  0.0,     ,  1.0, 0.0,  36.0,       ,      ,      ,        ,        ,        ,        ,        ,        ,        ,        ,      
mcewemi01, 1985,     3, HAR , NHL , D  , 10.0,  3.0,   2.0,   5.0,   6.0, 5.0  ,  0.0,     ,  0.0,     ,  0.0, 0.0,  18.0,    8.0,   0.0,   4.0,     4.0,     6.0, 0.0    ,     0.0,        ,     0.0,        ,     0.0,     9.0
mcewemi01, 1986,     1, HAR , NHL , D  , 48.0,  8.0,   8.0,  16.0,  32.0, -9.0 ,  5.0,     ,  0.0,     ,  2.0, 0.0,  86.0,    1.0,   1.0,   1.0,     2.0,     0.0, 0.0    ,     1.0,        ,     0.0,        ,     0.0,     6.0
mcewemi01, 1987,     1, HAR , NHL , D  ,  9.0,  0.0,   3.0,   3.0,  10.0, -1.0 ,  0.0,  2.0,  0.0,  0.0,  0.0, 0.0,  22.0,    2.0,   0.0,   2.0,     2.0,     2.0, 1.0    ,     0.0,     1.0,     0.0,     0.0,     0.0,     4.0
mcfaddo01, 1932,     1, CHI , NHL , F  , 48.0,  5.0,   9.0,  14.0,  20.0,      ,     ,     ,     ,     ,     ,    ,      ,       ,      ,      ,        ,        ,        ,        ,        ,        ,        ,        ,      
mcfaddo01, 1933,     1, CHI , NHL , F  , 46.0,  1.0,   3.0,   4.0,  20.0,      ,     ,     ,     ,     ,     ,    ,      ,    8.0,   2.0,   2.0,     4.0,     5.0,        ,        ,        ,        ,        ,        ,      
mcfaddo01, 1934,     1, CHI , NHL , F  , 37.0,  2.0,   5.0,   7.0,   4.0,      ,     ,     ,     ,     ,     ,    ,      ,    2.0,   0.0,   0.0,     0.0,     0.0,        ,        ,        ,        ,        ,        ,      
mcfaddo01, 1935,     1, CHI , NHL , F  , 48.0,  4.0,  16.0,  20.0,  33.0,      ,     ,     ,     ,     ,     ,    ,      ,    1.0,   0.0,   0.0,     0.0,     0.0,        ,        ,        ,        ,        ,        ,      
mcfadji01, 1946,     1, DET , NHL , C  ,     ,     ,      ,      ,      ,      ,     ,     ,     ,     ,     ,    ,      ,    4.0,   0.0,   2.0,     2.0,     0.0,        ,        ,        ,        ,        ,        ,      
mcfadji01, 1947,     1, DET , NHL , C  , 60.0, 24.0,  24.0,  48.0,  12.0,      ,     ,     ,     ,     ,     ,    ,      ,   10.0,   5.0,   3.0,     8.0,    10.0,        ,        ,        ,        ,        ,        ,      
mcfadji01, 1948,     1, DET , NHL , C  , 55.0, 12.0,  20.0,  32.0,  10.0,      ,     ,     ,     ,     ,     ,    ,      ,    8.0,   0.0,   1.0,     1.0,     6.0,        ,        ,        ,        ,        ,        ,      
mcfadji01, 1949,     1, DET , NHL , C  , 68.0, 14.0,  16.0,  30.0,   8.0,      ,     ,     ,     ,     ,     ,    ,      ,   14.0,   2.0,   3.0,     5.0,     8.0,        ,        ,        ,        ,        ,        ,      
mcfadji01, 1950,     1, DET , NHL , C  , 70.0, 14.0,  18.0,  32.0,  10.0,      ,     ,     ,     ,     ,     ,    ,      ,    6.0,   0.0,   0.0,     0.0,     2.0,        ,        ,        ,        ,        ,        ,      
mcfadji01, 1951,     1, CHI , NHL , C  , 70.0, 10.0,  24.0,  34.0,  14.0,      ,     ,     ,     ,     ,     ,    ,      ,       ,      ,      ,        ,        ,        ,        ,        ,        ,        ,        ,      
mcfadji01, 1952,     1, CHI , NHL , C  , 70.0, 23.0,  21.0,  44.0,  29.0,      ,     ,     ,     ,     ,     ,    ,      ,    7.0,   3.0,   0.0,     3.0,     4.0,        ,        ,        ,        ,        ,        ,      
mcfadji01, 1953,     1, CHI , NHL , C  , 19.0,  3.0,   3.0,   6.0,   6.0,      ,     ,     ,     ,     ,     ,    ,      ,       ,      ,      ,        ,        ,        ,        ,        ,        ,        ,        ,      
mcfalda01, 1984,     1, WIN , NHL , D  ,  2.0,  0.0,   0.0,   0.0,   0.0, -3.0 ,  0.0,     ,  0.0,     ,  0.0, 0.0,   2.0,       ,      ,      ,        ,        ,        ,        ,        ,        ,        ,        ,      
mcfalda01, 1985,     1, WIN , NHL , D  ,  7.0,  0.0,   1.0,   1.0,   0.0, -3.0 ,  0.0,     ,  0.0,     ,  0.0, 0.0,   2.0,       ,      ,      ,        ,        ,        ,        ,        ,        ,        ,        ,      
mcfargo01, 1923,     1, SEA , PCHA, D  , 30.0,  4.0,   1.0,   5.0,  30.0,      ,     ,     ,     ,     ,     ,    ,      ,    2.0,   1.0,   0.0,     1.0,     2.0,        ,        ,        ,        ,        ,        ,      
mcfargo01, 1924,     1, VMR , WCHL, D  ,  5.0,  1.0,   0.0,   1.0,   0.0,      ,     ,     ,     ,     ,     ,    ,      ,       ,      ,      ,        ,        ,        ,        ,        ,        ,        ,        ,      
mcfargo01, 1924,     2, CAT , WCHL, D  , 21.0,  6.0,   1.0,   7.0,  24.0,      ,     ,     ,     ,     ,     ,    ,      ,    2.0,   0.0,   0.0,     0.0,     0.0,        ,        ,        ,        ,        ,        ,      
mcfargo01, 1925,     1, CAT , WCHL, D  , 27.0,  6.0,   1.0,   7.0,  22.0,      ,     ,     ,     ,     ,     ,    ,      ,       ,      ,      ,        ,        ,        ,        ,        ,        ,        ,        ,      
mcfargo01, 1926,     1, CHI , NHL , D  ,  2.0,  0.0,   0.0,   0.0,   0.0,      ,     ,     ,     ,     ,     ,    ,      ,       ,      ,      ,        ,        ,        ,        ,        ,        ,        ,        ,      
mcgeoji01, 1981,     1, WAS , NHL , C  ,  4.0,  0.0,   0.0,   0.0,   0.0, -2.0 ,  0.0,     ,  0.0,     ,  0.0, 0.0,   7.0,       ,      ,      ,        ,        ,        ,        ,        ,        ,        ,        ,      
mcgeoji01, 1984,     1, WAS , NHL , C  , 11.0,  3.0,   0.0,   3.0,  12.0, 0.0  ,  0.0,     ,  0.0,     ,  0.0, 0.0,  22.0,       ,      ,      ,        ,        ,        ,        ,        ,        ,        ,        ,      
mcgeoji01, 1984,     2, PIT , NHL , C  , 14.0,  0.0,   4.0,   4.0,   4.0, -4.0 ,  0.0,     ,  0.0,     ,  0.0, 0.0,  34.0,       ,      ,      ,        ,        ,        ,        ,        ,        ,        ,        ,      
mcgeoji01, 1985,     1, PIT , NHL , C  , 17.0,  3.0,   2.0,   5.0,   8.0, -4.0 ,  0.0,     ,  0.0,     ,  1.0, 0.0,  29.0,       ,      ,      ,        ,        ,        ,        ,        ,        ,        ,        ,      
mcgeoji01, 1986,     1, PIT , NHL , C  , 11.0,  1.0,   4.0,   5.0,   8.0, -5.0 ,  0.0,     ,  0.0,     ,  0.0, 0.0,  24.0,       ,      ,      ,        ,        ,        ,        ,        ,        ,        ,        ,      
mcgibir01, 1942,     1, MTL , NHL , R  ,  1.0,  0.0,   0.0,   0.0,   2.0,      ,     ,     ,     ,     ,     ,    ,      ,       ,      ,      ,        ,        ,        ,        ,        ,        ,        ,        ,      
mcgifro01, 1912,     1, TBS , NHA ,    , 15.0,  7.0,   0.0,   7.0,  83.0,      ,     ,     ,     ,     ,     ,    ,      ,       ,      ,      ,        ,        ,        ,        ,        ,        ,        ,        ,      
mcgifro01, 1913,     1, TBS , NHA ,    , 18.0,  6.0,   5.0,  11.0,  86.0,      ,     ,     ,     ,     ,     ,    ,      ,    2.0,   0.0,      ,        ,        ,        ,        ,        ,        ,        ,        ,      
mcgifro01, 1914,     1, TBS , NHA ,    , 18.0,  4.0,   0.0,   4.0, 131.0,      ,     ,     ,     ,     ,     ,    ,      ,       ,      ,      ,        ,        ,        ,        ,        ,        ,        ,        ,      
mcgilbo01, 1981,     1, TOR , NHL , D  , 68.0,  1.0,  10.0,  11.0, 263.0, -9.0 ,  0.0,     ,  0.0,     ,  0.0, 0.0,  34.0,       ,      ,      ,        ,        ,        ,        ,        ,        ,        ,        ,      
mcgilbo01, 1982,     1, TOR , NHL , D  , 30.0,  0.0,   0.0,   0.0, 146.0, -24.0,  0.0,     ,  0.0,     ,  0.0, 0.0,  13.0,       ,      ,      ,        ,        ,        ,        ,        ,        ,        ,        ,      
mcgilbo01, 1983,     1, TOR , NHL , D  , 11.0,  0.0,   2.0,   2.0,  51.0, 1.0  ,  0.0,     ,  0.0,     ,  0.0, 0.0,   3.0,       ,      ,      ,        ,        ,        ,        ,        ,        ,        ,        ,      
mcgilbo01, 1984,     1, TOR , NHL , D  , 72.0,  0.0,   5.0,   5.0, 250.0, 0.0  ,  0.0,     ,  0.0,     ,  0.0, 0.0,  22.0,       ,      ,      ,        ,        ,        ,        ,        ,        ,        ,        ,      
mcgilbo01, 1985,     1, TOR , NHL , D  , 61.0,  1.0,   4.0,   5.0, 141.0, -17.0,  0.0,     ,  0.0,     ,  0.0, 0.0,  28.0,    9.0,   0.0,   0.0,     0.0,    35.0, -3.0   ,     0.0,        ,     0.0,        ,     0.0,     6.0
mcgilbo01, 1986,     1, TOR , NHL , D  , 56.0,  1.0,   4.0,   5.0, 103.0, -2.0 ,  0.0,     ,  0.0,     ,  0.0, 0.0,  27.0,    4.0,   0.0,   0.0,     0.0,     0.0, -1.0   ,     0.0,        ,     0.0,        ,     0.0,     0.0
mcgilbo01, 1987,     1, CHI , NHL , D  , 67.0,  4.0,   7.0,  11.0, 131.0, -19.0,  0.0,  0.0,  0.0,  1.0,  1.0, 0.0,  56.0,    3.0,   0.0,   0.0,     0.0,     2.0, 2.0    ,     0.0,     0.0,     0.0,     0.0,     0.0,     4.0
mcgilbo01, 1988,     1, CHI , NHL , D  , 68.0,  0.0,   4.0,   4.0, 155.0, 9.0  ,  0.0,  0.0,  0.0,  0.0,  0.0, 0.0,  38.0,   16.0,   0.0,   0.0,     0.0,    33.0, 2.0    ,     0.0,     0.0,     0.0,     0.0,     0.0,     7.0
mcgilbo01, 1989,     1, CHI , NHL , D  , 69.0,  2.0,  10.0,  12.0, 204.0, -7.0 ,  0.0,  0.0,  1.0,  0.0,  0.0, 0.0,  53.0,    5.0,   0.0,   0.0,     0.0,     2.0, 1.0    ,     0.0,     0.0,     0.0,     0.0,     0.0,     0.0
mcgilbo01, 1990,     1, CHI , NHL , D  , 77.0,  4.0,   5.0,   9.0, 151.0, 8.0  ,  0.0,  0.0,  0.0,  1.0,  0.0, 0.0,  69.0,    5.0,   0.0,   0.0,     0.0,     2.0, 1.0    ,     0.0,     0.0,     0.0,     0.0,     0.0,     5.0
mcgilbo01, 1991,     1, SJS , NHL , D  , 62.0,  3.0,   1.0,   4.0,  70.0, -34.0,  0.0,  0.0,  1.0,  0.0,  1.0, 0.0,  56.0,       ,      ,      ,        ,        ,        ,        ,        ,        ,        ,        ,      
mcgilbo01, 1991,     2, DET , NHL , D  , 12.0,  0.0,   0.0,   0.0,  21.0, -3.0 ,  0.0,  0.0,  0.0,  0.0,  0.0, 0.0,   6.0,    8.0,   0.0,   0.0,     0.0,    14.0, -1.0   ,     0.0,     0.0,     0.0,     0.0,     0.0,     6.0
mcgilbo01, 1992,     1, TOR , NHL , D  , 19.0,  1.0,   0.0,   1.0,  34.0, 5.0  ,  0.0,  0.0,  0.0,  0.0,  0.0, 0.0,   8.0,       ,      ,      ,        ,        ,        ,        ,        ,        ,        ,        ,      
mcgilbo01, 1993,     1, NYI , NHL , D  ,  3.0,  0.0,   0.0,   0.0,   5.0, 0.0  ,  0.0,  0.0,  0.0,  0.0,  0.0, 0.0,   0.0,       ,      ,      ,        ,        ,        ,        ,        ,        ,        ,        ,      
mcgilbo01, 1993,     2, HAR , NHL , D  , 30.0,  0.0,   3.0,   3.0,  41.0, -7.0 ,  0.0,  0.0,  0.0,  0.0,  0.0, 0.0,  14.0,       ,      ,      ,        ,        ,        ,        ,        ,        ,        ,        ,      
mcgilda01, 1996,     1, EDM , NHL , D  , 73.0,  6.0,  16.0,  22.0,  52.0, 2.0  ,  2.0,  5.0,  1.0,  0.0,  2.0, 0.0, 139.0,   12.0,   0.0,   5.0,     5.0,    24.0, 9.0    ,     0.0,     1.0,     0.0,     0.0,     0.0,    20.0
mcgilda01, 1997,     1, EDM , NHL , D  , 67.0, 10.0,  15.0,  25.0,  74.0, -17.0,  5.0,  7.0,  0.0,  0.0,  3.0, 1.0, 119.0,       ,      ,      ,        ,        ,        ,        ,        ,        ,        ,        ,      
mcgilda01, 1997,     2, PHI , NHL , D  , 13.0,  1.0,   5.0,   6.0,  35.0, -4.0 ,  1.0,  2.0,  0.0,  1.0,  0.0, 0.0,  18.0,    5.0,   1.0,   2.0,     3.0,    10.0, 0.0    ,     1.0,     0.0,     0.0,     0.0,     0.0,    14.0
mcgilda01, 1998,     1, PHI , NHL , D  , 78.0,  8.0,  37.0,  45.0,  61.0, 16.0 ,  6.0, 21.0,  0.0,  0.0,  4.0, 0.0, 164.0,    6.0,   0.0,   1.0,     1.0,    12.0, 2.0    ,     0.0,     0.0,     0.0,     0.0,     0.0,    15.0
mcgilda01, 1999,     1, PHI , NHL , D  , 68.0,  4.0,  14.0,  18.0,  55.0, 16.0 ,  3.0,  5.0,  0.0,  1.0,  1.0, 0.0, 128.0,   18.0,   2.0,   6.0,     8.0,    12.0, -1.0   ,     0.0,     3.0,     0.0,     0.0,     0.0,    51.0
mcgilda01, 2000,     1, PHI , NHL , D  , 82.0, 14.0,  35.0,  49.0,  86.0, 13.0 ,  4.0, 18.0,  0.0,  1.0,  4.0, 0.0, 207.0,    6.0,   1.0,   0.0,     1.0,     6.0, -4.0   ,     0.0,     0.0,     1.0,     0.0,     0.0,    18.0
mcgilda01, 2001,     1, PHI , NHL , D  , 75.0,  5.0,  14.0,  19.0,  46.0, 17.0 ,  2.0,  6.0,  0.0,  0.0,  1.0, 0.0, 147.0,    5.0,   1.0,   0.0,     1.0,     8.0, -1.0   ,     1.0,     0.0,     0.0,     0.0,     0.0,    10.0
mcgilda01, 2002,     1, PHI , NHL , D  , 24.0,  0.0,   3.0,   3.0,  20.0, 7.0  ,  0.0,  1.0,  0.0,  0.0,  0.0, 0.0,  41.0,       ,      ,      ,        ,        ,        ,        ,        ,        ,        ,        ,      
mcgilda01, 2002,     2, SJS , NHL , D  , 37.0,  3.0,  13.0,  16.0,  30.0, -6.0 ,  2.0,  5.0,  0.0,  0.0,  0.0, 1.0,  71.0,       ,      ,      ,        ,        ,        ,        ,        ,        ,        ,        ,      
mcgilda01, 2002,     3, BOS , NHL , D  , 10.0,  0.0,   1.0,   1.0,  10.0, 2.0  ,  0.0,  0.0,  0.0,  0.0,  0.0, 0.0,  18.0,    5.0,   3.0,   0.0,     3.0,     2.0, -2.0   ,     2.0,     0.0,     0.0,     0.0,     1.0,     9.0
mcgilda01, 2003,     1, BOS , NHL , D  , 80.0,  5.0,  23.0,  28.0,  65.0, -1.0 ,  1.0,  8.0,  0.0,  0.0,  2.0, 0.0, 117.0,    7.0,   0.0,   0.0,     0.0,     2.0, -3.0   ,     0.0,     0.0,     0.0,     0.0,     0.0,    14.0
mcgilda01, 2005,     1, NJD , NHL , D  , 27.0,  0.0,   6.0,   6.0,  36.0, -5.0 ,  0.0,  2.0,  0.0,  0.0,  0.0,    ,  32.0,       ,      ,      ,        ,        ,        ,        ,        ,        ,        ,        ,      
mcgilja01, 1934,     1, MTL , NHL , W  , 44.0,  9.0,   1.0,  10.0,  34.0,      ,     ,     ,     ,     ,     ,    ,      ,    2.0,   2.0,   0.0,     2.0,     0.0,        ,        ,        ,        ,        ,        ,      
mcgilja01, 1935,     1, MTL , NHL , W  , 46.0, 13.0,   7.0,  20.0,  28.0,      ,     ,     ,     ,     ,     ,    ,      ,       ,      ,      ,        ,        ,        ,        ,        ,        ,        ,        ,      
mcgilja01, 1936,     1, MTL , NHL , C  , 44.0,  5.0,   2.0,   7.0,   9.0,      ,     ,     ,     ,     ,     ,    ,      ,    1.0,   0.0,   0.0,     0.0,     0.0,        ,        ,        ,        ,        ,        ,      
mcgilja02, 1941,     1, BOS , NHL , C  , 13.0,  8.0,  11.0,  19.0,   2.0,      ,     ,     ,     ,     ,     ,    ,      ,    5.0,   4.0,   1.0,     5.0,     6.0,        ,        ,        ,        ,        ,        ,      
mcgilja02, 1944,     1, BOS , NHL , C  , 14.0,  4.0,   2.0,   6.0,   0.0,      ,     ,     ,     ,     ,     ,    ,      ,    7.0,   3.0,   3.0,     6.0,     0.0,        ,        ,        ,        ,        ,        ,      
mcgilja02, 1945,     1, BOS , NHL , C  , 46.0,  6.0,  14.0,  20.0,  21.0,      ,     ,     ,     ,     ,     ,    ,      ,   10.0,   0.0,   0.0,     0.0,     0.0,        ,        ,        ,        ,        ,        ,      
mcgilja02, 1946,     1, BOS , NHL , L  , 24.0,  5.0,   9.0,  14.0,  19.0,      ,     ,     ,     ,     ,     ,    ,      ,    5.0,   0.0,   0.0,     0.0,    11.0,        ,        ,        ,        ,        ,        ,      
mcgilry01, 1991,     1, CHI , NHL , D  ,  9.0,  0.0,   2.0,   2.0,  20.0, 1.0  ,  0.0,  0.0,  0.0,  0.0,  0.0, 0.0,  15.0,       ,      ,      ,        ,        ,        ,        ,        ,        ,        ,        ,      
mcgilry01, 1992,     1, PHI , NHL , D  , 72.0,  3.0,  10.0,  13.0, 238.0, 9.0  ,  0.0,  0.0,  0.0,  1.0,  0.0, 0.0,  68.0,       ,      ,      ,        ,        ,        ,        ,        ,        ,        ,        ,      
mcgilry01, 1993,     1, PHI , NHL , D  , 50.0,  1.0,   3.0,   4.0, 112.0, -5.0 ,  0.0,  0.0,  0.0,  0.0,  0.0, 0.0,  53.0,       ,      ,      ,        ,        ,        ,        ,        ,        ,        ,        ,      
mcgilry01, 1994,     1, PHI , NHL , D  , 12.0,  0.0,   0.0,   0.0,  13.0, 0.0  ,  0.0,  0.0,  0.0,  0.0,  0.0, 0.0,   2.0,       ,      ,      ,        ,        ,        ,        ,        ,        ,        ,        ,      
mcgilry01, 1994,     2, EDM , NHL , D  ,  8.0,  0.0,   0.0,   0.0,   8.0, -4.0 ,  0.0,  0.0,  0.0,  0.0,  0.0, 0.0,   6.0,       ,      ,      ,        ,        ,        ,        ,        ,        ,        ,        ,      
mcginja01, 2008,     1, SJS , NHL , L  , 35.0,  4.0,   2.0,   6.0,   2.0, -6.0 ,  1.0,  0.0,  0.0,  0.0,  1.0,    ,  27.0,       ,      ,      ,        ,        ,        ,        ,        ,        ,        ,        ,      
mcginja01, 2009,     1, SJS , NHL , L  , 59.0, 10.0,   3.0,  13.0,  38.0, -3.0 ,  0.0,  0.0,  0.0,  0.0,  2.0,    ,  76.0,   15.0,   0.0,   0.0,     0.0,     8.0, 1.0    ,     0.0,     0.0,     0.0,     0.0,     0.0,    11.0
mcglydi01, 1972,     1, CHC , WHA , D  , 30.0,  0.0,   0.0,   0.0,  12.0,      ,  0.0,     ,  0.0,     ,     ,    ,      ,       ,      ,      ,        ,        ,        ,        ,        ,        ,        ,        ,      
mcgowev01, 1924,     1, VMR , WCHL, C  ,  6.0,  0.0,   0.0,   0.0,   0.0,      ,     ,     ,     ,     ,     ,    ,      ,       ,      ,      ,        ,        ,        ,        ,        ,        ,        ,        ,      
mcgrabr01, 2005,     1, OTT , NHL , R  , 60.0,  2.0,   3.0,   5.0, 141.0, 0.0  ,  0.0,  0.0,  0.0,  0.0,  0.0,    ,  36.0,       ,      ,      ,        ,        ,        ,        ,        ,        ,        ,        ,      
mcgrabr01, 2006,     1, OTT , NHL , R  , 45.0,  0.0,   2.0,   2.0, 100.0, -1.0 ,  0.0,  0.0,  0.0,  0.0,  0.0,    ,  22.0,       ,      ,      ,        ,        ,        ,        ,        ,        ,        ,        ,      
mcgrabr01, 2007,     1, OTT , NHL , R  , 38.0,  0.0,   3.0,   3.0,  46.0, 0.0  ,  0.0,  0.0,  0.0,  0.0,  0.0,    ,  11.0,       ,      ,      ,        ,        ,        ,        ,        ,        ,        ,        ,      
mcgrabr01, 2008,     1, PHO , NHL , R  ,  5.0,  0.0,   0.0,   0.0,  22.0, -2.0 ,  0.0,  0.0,  0.0,  0.0,  0.0,    ,   2.0,       ,      ,      ,        ,        ,        ,        ,        ,        ,        ,        ,      
mcgrabr01, 2009,     1, CAL , NHL , R  , 34.0,  1.0,   3.0,   4.0,  86.0, 3.0  ,  0.0,  0.0,  0.0,  0.0,  0.0,    ,  19.0,       ,      ,      ,        ,        ,        ,        ,        ,        ,        ,        ,      
mcgrato01, 1947,     1, DET , NHL , G  ,  1.0,  0.0,   0.0,   0.0,   0.0,      ,     ,     ,     ,     ,     ,    ,      ,       ,      ,      ,        ,        ,        ,        ,        ,        ,        ,        ,      
mcgreed01, 1911,     1, MOW , NHA ,    ,  1.0,  0.0,   0.0,   0.0,   0.0,      ,     ,     ,     ,     ,     ,    ,      ,       ,      ,      ,        ,        ,        ,        ,        ,        ,        ,        ,      
mcgresa01, 1963,     1, NYR , NHL , R  ,  2.0,  0.0,   0.0,   0.0,   2.0,      ,  0.0,     ,  0.0,     ,  0.0, 0.0,      ,       ,      ,      ,        ,        ,        ,        ,        ,        ,        ,        ,      
mcguimi01, 1926,     1, PIP , NHL , F  , 32.0,  3.0,   0.0,   3.0,   6.0,      ,     ,     ,     ,     ,     ,    ,      ,       ,      ,      ,        ,        ,        ,        ,        ,        ,        ,        ,      
mcguimi01, 1927,     1, PIP , NHL , D  ,  4.0,  0.0,   0.0,   0.0,   0.0,      ,     ,     ,     ,     ,     ,    ,      ,       ,      ,      ,        ,        ,        ,        ,        ,        ,        ,        ,      
mchugmi01, 1988,     1, MNS , NHL , L  ,  3.0,  0.0,   0.0,   0.0,   2.0, -1.0 ,  0.0,  0.0,  0.0,  0.0,  0.0, 0.0,   1.0,       ,      ,      ,        ,        ,        ,        ,        ,        ,        ,        ,      
mchugmi01, 1989,     1, MNS , NHL , L  ,  3.0,  0.0,   0.0,   0.0,   0.0, -1.0 ,  0.0,  0.0,  0.0,  0.0,  0.0, 0.0,   2.0,       ,      ,      ,        ,        ,        ,        ,        ,        ,        ,        ,      
mchugmi01, 1990,     1, MNS , NHL , L  ,  6.0,  0.0,   0.0,   0.0,   0.0, -3.0 ,  0.0,  0.0,  0.0,  0.0,  0.0, 0.0,   4.0,       ,      ,      ,        ,        ,        ,        ,        ,        ,        ,        ,      
mchugmi01, 1991,     1, SJS , NHL , L  ,  8.0,  1.0,   0.0,   1.0,  14.0, -3.0 ,  0.0,  0.0,  0.0,  0.0,  0.0, 0.0,   5.0,       ,      ,      ,        ,        ,        ,        ,        ,        ,        ,        ,      
mcilhja01, 1974,     1, PHI , NHL , D  ,  2.0,  0.0,   0.0,   0.0,  11.0, -1.0 ,  0.0,     ,  0.0,     ,  0.0, 0.0,   1.0,       ,      ,      ,        ,        ,        ,        ,        ,        ,        ,        ,      
mcilhja01, 1975,     1, PHI , NHL , D  , 57.0,  1.0,   2.0,   3.0, 205.0, 11.0 ,  0.0,     ,  0.0,     ,  0.0, 0.0,  23.0,   15.0,   0.0,   3.0,     3.0,    41.0,        ,     0.0,        ,     0.0,        ,     0.0,      
mcilhja01, 1976,     1, PHI , NHL , D  , 40.0,  2.0,   1.0,   3.0, 164.0, 6.0  ,  0.0,     ,  0.0,     ,  0.0, 0.0,  27.0,       ,      ,      ,        ,        ,        ,        ,        ,        ,        ,        ,      
mcilhja01, 1976,     2, VAN , NHL , D  , 21.0,  1.0,   7.0,   8.0,  61.0, 3.0  ,  0.0,     ,  0.0,     ,  0.0, 0.0,  18.0,       ,      ,      ,        ,        ,        ,        ,        ,        ,        ,        ,      
mcilhja01, 1977,     1, VAN , NHL , D  , 69.0,  3.0,   5.0,   8.0, 172.0, -45.0,  0.0,     ,  0.0,     ,  0.0, 0.0,  36.0,       ,      ,      ,        ,        ,        ,        ,        ,        ,        ,        ,      
mcilhja01, 1978,     1, VAN , NHL , D  , 53.0,  2.0,   4.0,   6.0, 129.0, -16.0,  0.0,     ,  0.0,     ,  0.0, 0.0,  26.0,    3.0,   0.0,   0.0,     0.0,     2.0,        ,     0.0,        ,     0.0,        ,     0.0,      
mcilhja01, 1979,     1, VAN , NHL , D  , 24.0,  0.0,   2.0,   2.0,  41.0, -5.0 ,  0.0,     ,  0.0,     ,  0.0, 0.0,   6.0,       ,      ,      ,        ,        ,        ,        ,        ,        ,        ,        ,      
mcilhja01, 1979,     2, PHI , NHL , D  , 26.0,  0.0,   4.0,   4.0,  95.0, 7.0  ,  0.0,     ,  0.0,     ,  0.0, 0.0,  15.0,    9.0,   0.0,   0.0,     0.0,    25.0,        ,     0.0,        ,     0.0,        ,     0.0,      
mcilhja01, 1980,     1, PHI , NHL , D  ,  3.0,  0.0,   0.0,   0.0,  22.0, 2.0  ,  0.0,     ,  0.0,     ,  0.0, 0.0,   0.0,       ,      ,      ,        ,        ,        ,        ,        ,        ,        ,        ,      
mcilhja01, 1980,     2, HAR , NHL , D  , 48.0,  1.0,   6.0,   7.0, 142.0, -3.0 ,  0.0,     ,  0.0,     ,  0.0, 0.0,  14.0,       ,      ,      ,        ,        ,        ,        ,        ,        ,        ,        ,      
mcilhja01, 1981,     1, HAR , NHL , D  , 50.0,  1.0,   5.0,   6.0,  60.0, -8.0 ,  0.0,     ,  0.0,     ,  0.0, 0.0,  23.0,       ,      ,      ,        ,        ,        ,        ,        ,        ,        ,        ,      
mcinebe01, 1930,     1, DTF , NHL , D  , 44.0,  3.0,   5.0,   8.0,  48.0,      ,     ,     ,     ,     ,     ,    ,      ,       ,      ,      ,        ,        ,        ,        ,        ,        ,        ,        ,      
mcinebe01, 1931,     1, DTF , NHL , D  , 17.0,  0.0,   1.0,   1.0,  16.0,      ,     ,     ,     ,     ,     ,    ,      ,       ,      ,      ,        ,        ,        ,        ,        ,        ,        ,        ,      
mcinebe01, 1931,     2, NYA , NHL , D  , 30.0, 12.0,   6.0,  18.0,  44.0,      ,     ,     ,     ,     ,     ,    ,      ,       ,      ,      ,        ,        ,        ,        ,        ,        ,        ,        ,      
mcinebe01, 1932,     1, OTS , NHL , D  , 30.0,  2.0,   2.0,   4.0,   8.0,      ,     ,     ,     ,     ,     ,    ,      ,       ,      ,      ,        ,        ,        ,        ,        ,        ,        ,        ,      
mcinebe01, 1933,     1, OTS , NHL , D  ,  2.0,  0.0,   0.0,   0.0,   0.0,      ,     ,     ,     ,     ,     ,    ,      ,       ,      ,      ,        ,        ,        ,        ,        ,        ,        ,        ,      
mcinebe01, 1933,     2, BOS , NHL , D  ,  7.0,  0.0,   0.0,   0.0,   4.0,      ,     ,     ,     ,     ,     ,    ,      ,       ,      ,      ,        ,        ,        ,        ,        ,        ,        ,        ,      
mcinebe01, 1934,     1, BOS , NHL , D  , 33.0,  2.0,   1.0,   3.0,  24.0,      ,     ,     ,     ,     ,     ,    ,      ,    4.0,   0.0,   0.0,     0.0,     2.0,        ,        ,        ,        ,        ,        ,      
mcinebe01, 1935,     1, BOS , NHL , D  ,  3.0,  0.0,   0.0,   0.0,   0.0,      ,     ,     ,     ,     ,     ,    ,      ,       ,      ,      ,        ,        ,        ,        ,        ,        ,        ,        ,      
mcinnma01, 1991,     1, NYI , NHL , C  , 15.0,  3.0,   5.0,   8.0,   0.0, 6.0  ,  0.0,  1.0,  0.0,  1.0,  0.0, 0.0,  24.0,       ,      ,      ,        ,        ,        ,        ,        ,        ,        ,        ,      
mcinnma01, 1992,     1, NYI , NHL , L  , 56.0, 10.0,  20.0,  30.0,  24.0, 7.0  ,  0.0,  2.0,  1.0,  0.0,  0.0, 0.0,  60.0,    3.0,   0.0,   1.0,     1.0,     0.0, -1.0   ,     0.0,     0.0,     0.0,     0.0,     0.0,     1.0
mcinnma01, 1993,     1, NYI , NHL , L  , 81.0, 25.0,  31.0,  56.0,  24.0, 31.0 ,  3.0,  5.0,  5.0,  1.0,  3.0, 1.0, 136.0,    4.0,   0.0,   0.0,     0.0,     0.0, -5.0   ,     0.0,     0.0,     0.0,     0.0,     0.0,     7.0
mcinnma01, 1994,     1, NYI , NHL , L  , 41.0,  9.0,   7.0,  16.0,   8.0, -1.0 ,  0.0,  2.0,  0.0,  0.0,  1.0, 0.0,  68.0,       ,      ,      ,        ,        ,        ,        ,        ,        ,        ,        ,      
mcinnma01, 1995,     1, NYI , NHL , C  , 74.0, 12.0,  34.0,  46.0,  39.0, -11.0,  2.0, 13.0,  0.0,  1.0,  1.0, 0.0, 167.0,       ,      ,      ,        ,        ,        ,        ,        ,        ,        ,        ,      
mcinnma01, 1996,     1, NYI , NHL , C  , 70.0, 20.0,  22.0,  42.0,  20.0, -7.0 ,  4.0,  6.0,  1.0,  2.0,  4.0, 1.0, 163.0,       ,      ,      ,        ,        ,        ,        ,        ,        ,        ,        ,      
mcinnma01, 1996,     2, CAL , NHL , C  , 10.0,  3.0,   4.0,   7.0,   2.0, -1.0 ,  1.0,  1.0,  0.0,  0.0,  0.0, 0.0,  19.0,       ,      ,      ,        ,        ,        ,        ,        ,        ,        ,        ,      
mcinnma01, 1997,     1, CAL , NHL , L  , 75.0, 19.0,  25.0,  44.0,  34.0, 1.0  ,  5.0,  5.0,  4.0,  1.0,  0.0, 0.0, 128.0,       ,      ,      ,        ,        ,        ,        ,        ,        ,        ,        ,      
mcinnma01, 1998,     1, CAL , NHL , C  ,  6.0,  1.0,   1.0,   2.0,   6.0, -1.0 ,  0.0,  0.0,  0.0,  0.0,  0.0, 0.0,   7.0,       ,      ,      ,        ,        ,        ,        ,        ,        ,        ,        ,      
mcinnma01, 1998,     2, ANA , NHL , C  , 75.0, 18.0,  34.0,  52.0,  36.0, -14.0, 11.0, 17.0,  1.0,  1.0,  5.0, 0.0, 139.0,    4.0,   2.0,   0.0,     2.0,     2.0, -1.0   ,     2.0,     0.0,     0.0,     0.0,     0.0,    12.0
mcinnma01, 1999,     1, ANA , NHL , R  , 62.0, 10.0,  18.0,  28.0,  26.0, -4.0 ,  2.0,  8.0,  1.0,  1.0,  2.0, 0.0, 129.0,       ,      ,      ,        ,        ,        ,        ,        ,        ,        ,        ,      
mcinnma01, 2000,     1, ANA , NHL , R  , 75.0, 20.0,  22.0,  42.0,  40.0, -21.0, 10.0, 11.0,  0.0,  0.0,  1.0, 0.0, 136.0,       ,      ,      ,        ,        ,        ,        ,        ,        ,        ,        ,      
mcinnma01, 2001,     1, ANA , NHL , R  , 60.0,  9.0,  14.0,  23.0,  25.0, -14.0,  2.0,  3.0,  0.0,  0.0,  0.0, 0.0, 131.0,       ,      ,      ,        ,        ,        ,        ,        ,        ,        ,        ,      
mcinnma01, 2001,     2, BOS , NHL , R  , 19.0,  2.0,   3.0,   5.0,   8.0, -1.0 ,  0.0,  2.0,  0.0,  0.0,  1.0, 0.0,  26.0,    6.0,   0.0,   1.0,     1.0,     0.0, 0.0    ,     0.0,     0.0,     0.0,     0.0,     0.0,     6.0
mcinnma01, 2002,     1, BOS , NHL , R  , 77.0,  9.0,  10.0,  19.0,  38.0, -11.0,  0.0,  2.0,  0.0,  0.0,  1.0, 0.0, 121.0,    5.0,   1.0,   0.0,     1.0,     2.0, 1.0    ,     0.0,     0.0,     0.0,     0.0,     0.0,     6.0
mcintbr01, 1972,     1, MNS , NHL , D  ,  2.0,  0.0,   0.0,   0.0,   0.0, 0.0  ,  0.0,     ,  0.0,     ,  0.0, 0.0,   0.0,       ,      ,      ,        ,        ,        ,        ,        ,        ,        ,        ,      
mcintja01, 1949,     1, BOS , NHL , L  ,  1.0,  0.0,   1.0,   1.0,   0.0,      ,     ,     ,     ,     ,     ,    ,      ,       ,      ,      ,        ,        ,        ,        ,        ,        ,        ,        ,      
mcintja01, 1950,     1, BOS , NHL , L  ,     ,     ,      ,      ,      ,      ,     ,     ,     ,     ,     ,    ,      ,    2.0,   0.0,   0.0,     0.0,     0.0,        ,        ,        ,        ,        ,        ,      
mcintja01, 1951,     1, BOS , NHL , L  , 52.0, 12.0,  19.0,  31.0,  18.0,      ,     ,     ,     ,     ,     ,    ,      ,    7.0,   1.0,   2.0,     3.0,     2.0,        ,        ,        ,        ,        ,        ,      
mcintja01, 1952,     1, BOS , NHL , L  , 70.0,  7.0,  15.0,  22.0,  31.0,      ,     ,     ,     ,     ,     ,    ,      ,   10.0,   4.0,   2.0,     6.0,     2.0,        ,        ,        ,        ,        ,        ,      
mcintja01, 1953,     1, CHI , NHL , L  , 23.0,  8.0,   3.0,  11.0,   4.0,      ,     ,     ,     ,     ,     ,    ,      ,       ,      ,      ,        ,        ,        ,        ,        ,        ,        ,        ,      
mcintja01, 1954,     1, CHI , NHL , L  , 65.0, 16.0,  13.0,  29.0,  40.0,      ,     ,     ,     ,     ,     ,    ,      ,       ,      ,      ,        ,        ,        ,        ,        ,        ,        ,        ,      
mcintja01, 1955,     1, CHI , NHL , R  , 46.0, 10.0,   5.0,  15.0,  14.0,      ,     ,     ,     ,     ,     ,    ,      ,       ,      ,      ,        ,        ,        ,        ,        ,        ,        ,        ,      
mcintja01, 1956,     1, CHI , NHL , L  , 70.0, 18.0,  14.0,  32.0,  32.0,      ,     ,     ,     ,     ,     ,    ,      ,       ,      ,      ,        ,        ,        ,        ,        ,        ,        ,        ,      
mcintja01, 1957,     1, CHI , NHL , R  , 27.0,  0.0,   4.0,   4.0,  10.0,      ,     ,     ,     ,     ,     ,    ,      ,       ,      ,      ,        ,        ,        ,        ,        ,        ,        ,        ,      
mcintja01, 1957,     2, DET , NHL , L  , 41.0, 15.0,   7.0,  22.0,   4.0,      ,     ,     ,     ,     ,     ,    ,      ,    4.0,   1.0,   1.0,     2.0,     0.0,        ,        ,        ,        ,        ,        ,      
mcintja01, 1958,     1, DET , NHL , L  , 55.0, 15.0,  14.0,  29.0,  14.0,      ,     ,     ,     ,     ,     ,    ,      ,       ,      ,      ,        ,        ,        ,        ,        ,        ,        ,        ,      
mcintja01, 1959,     1, DET , NHL , L  , 49.0,  8.0,   7.0,  15.0,   6.0,      ,     ,     ,     ,     ,     ,    ,      ,    6.0,   1.0,   1.0,     2.0,     0.0,        ,        ,        ,        ,        ,        ,      
mcintjo01, 1989,     1, TOR , NHL , C  , 59.0,  5.0,  12.0,  17.0, 117.0, -12.0,  0.0,  3.0,  1.0,  1.0,  1.0, 0.0,  44.0,    2.0,   0.0,   0.0,     0.0,     2.0, 0.0    ,     0.0,     0.0,     0.0,     0.0,     0.0,     0.0
mcintjo01, 1990,     1, TOR , NHL , C  , 13.0,  0.0,   3.0,   3.0,  25.0, 0.0  ,  0.0,  0.0,  0.0,     ,  0.0, 0.0,   7.0,       ,      ,      ,        ,        ,        ,        ,        ,        ,        ,        ,      
mcintjo01, 1990,     2, LAK , NHL , C  , 56.0,  8.0,   5.0,  13.0, 115.0, 6.0  ,  0.0,  0.0,  1.0,     ,  0.0, 0.0,  26.0,   12.0,   0.0,   1.0,     1.0,    24.0, -2.0   ,     0.0,     0.0,     0.0,     0.0,     0.0,     5.0
mcintjo01, 1991,     1, LAK , NHL , C  , 73.0,  5.0,  19.0,  24.0, 100.0, 0.0  ,  0.0,  0.0,  0.0,  4.0,  1.0, 0.0,  40.0,    6.0,   0.0,   4.0,     4.0,    12.0, 2.0    ,     0.0,     0.0,     0.0,     0.0,     0.0,     0.0
mcintjo01, 1992,     1, LAK , NHL , C  , 49.0,  2.0,   5.0,   7.0,  80.0, -13.0,  0.0,  0.0,  0.0,  1.0,  0.0, 0.0,  31.0,       ,      ,      ,        ,        ,        ,        ,        ,        ,        ,        ,      
mcintjo01, 1992,     2, NYR , NHL , C  , 11.0,  1.0,   0.0,   1.0,   4.0, -1.0 ,  0.0,  0.0,  0.0,  0.0,  0.0, 0.0,   5.0,       ,      ,      ,        ,        ,        ,        ,        ,        ,        ,        ,      
mcintjo01, 1993,     1, VAN , NHL , C  , 62.0,  3.0,   6.0,   9.0,  38.0, -9.0 ,  0.0,  0.0,  0.0,  2.0,  0.0, 0.0,  30.0,   24.0,   0.0,   1.0,     1.0,    16.0, -3.0   ,     0.0,     0.0,     0.0,     0.0,     0.0,    12.0
mcintjo01, 1994,     1, VAN , NHL , C  , 28.0,  0.0,   4.0,   4.0,  37.0, -3.0 ,  0.0,  0.0,  0.0,  0.0,  0.0, 0.0,   6.0,       ,      ,      ,        ,        ,        ,        ,        ,        ,        ,        ,      
mcintla01, 1969,     1, TOR , NHL , D  ,  1.0,  0.0,   0.0,   0.0,   0.0, 3.0  ,  0.0,     ,  0.0,     ,  0.0, 0.0,   1.0,       ,      ,      ,        ,        ,        ,        ,        ,        ,        ,        ,      
mcintla01, 1972,     1, TOR , NHL , D  , 40.0,  0.0,   3.0,   3.0,  26.0, 6.0  ,  0.0,     ,  0.0,     ,  0.0, 0.0,  22.0,       ,      ,      ,        ,        ,        ,        ,        ,        ,        ,        ,      
mcintll01, 1925,     1, EDE , WCHL, R  , 17.0,  0.0,   1.0,   1.0,   4.0,      ,     ,     ,     ,     ,     ,    ,      ,    2.0,   0.0,   0.0,     0.0,     0.0,        ,        ,        ,        ,        ,        ,      
mcintpa01, 1974,     1, BUF , NHL , D  ,  6.0,  0.0,   1.0,   1.0,   5.0, 2.0  ,  0.0,     ,  0.0,     ,  0.0, 0.0,   1.0,    1.0,   0.0,   0.0,     0.0,     0.0,        ,     0.0,        ,     0.0,        ,     0.0,      
mcintpa01, 1975,     1, BUF , NHL , D  , 42.0,  0.0,   1.0,   1.0,  61.0, -5.0 ,  0.0,     ,  0.0,     ,  0.0, 0.0,   9.0,    1.0,   0.0,   0.0,     0.0,     7.0,        ,     0.0,        ,     0.0,        ,     0.0,      
mcivena01, 2006,     1, VAN , NHL , D  ,  1.0,  0.0,   0.0,   0.0,   7.0, -3.0 ,  0.0,  0.0,  0.0,  0.0,  0.0,    ,   0.0,       ,      ,      ,        ,        ,        ,        ,        ,        ,        ,        ,      
mcivena01, 2007,     1, VAN , NHL , D  , 17.0,  0.0,   0.0,   0.0,  52.0, -8.0 ,  0.0,  0.0,  0.0,  0.0,  0.0,    ,   9.0,       ,      ,      ,        ,        ,        ,        ,        ,        ,        ,        ,      
mcivena01, 2008,     1, AND , NHL , D  , 18.0,  0.0,   1.0,   1.0,  36.0, 2.0  ,  0.0,  0.0,  0.0,  0.0,  0.0,    ,   5.0,       ,      ,      ,        ,        ,        ,        ,        ,        ,        ,        ,      
mckaydo01, 1949,     1, DET , NHL , L  ,     ,     ,      ,      ,      ,      ,     ,     ,     ,     ,     ,    ,      ,    1.0,   0.0,   0.0,     0.0,     0.0,        ,        ,        ,        ,        ,        ,      
mckayra01, 1968,     1, CHI , NHL , D  ,  9.0,  0.0,   1.0,   1.0,  12.0, 3.0  ,  0.0,     ,  0.0,     ,  0.0, 0.0,   4.0,       ,      ,      ,        ,        ,        ,        ,        ,        ,        ,        ,      
mckayra01, 1969,     1, CHI , NHL , D  , 17.0,  0.0,   0.0,   0.0,  23.0, -8.0 ,  0.0,     ,  0.0,     ,  0.0, 0.0,   7.0,    1.0,   0.0,   0.0,     0.0,     0.0,        ,     0.0,        ,     0.0,        ,     0.0,      
mckayra01, 1970,     1, CHI , NHL , D  ,  2.0,  0.0,   0.0,   0.0,   0.0, 0.0  ,  0.0,     ,  0.0,     ,  0.0, 0.0,   1.0,       ,      ,      ,        ,        ,        ,        ,        ,        ,        ,        ,      
mckayra01, 1971,     1, BUF , NHL , D  , 39.0,  0.0,   3.0,   3.0,  18.0, -12.0,  0.0,     ,  0.0,     ,  0.0, 0.0,  18.0,       ,      ,      ,        ,        ,        ,        ,        ,        ,        ,        ,      
mckayra01, 1972,     1, BUF , NHL , D  ,  1.0,  0.0,   0.0,   0.0,   0.0, 0.0  ,  0.0,     ,  0.0,     ,  0.0, 0.0,   0.0,       ,      ,      ,        ,        ,        ,        ,        ,        ,        ,        ,      
mckayra01, 1973,     1, CLF , NHL , D  , 72.0,  2.0,  12.0,  14.0,  49.0, -31.0,  1.0,     ,  0.0,     ,  0.0, 0.0, 101.0,       ,      ,      ,        ,        ,        ,        ,        ,        ,        ,        ,      
mckayra01, 1974,     1, EDO , WHA , D  , 69.0,  8.0,  20.0,  28.0,  47.0, 18.0 ,  1.0,     ,  0.0,     ,     ,    , 208.0,       ,      ,      ,        ,        ,        ,        ,        ,        ,        ,        ,      
mckayra01, 1975,     1, CLC , WHA , D  , 68.0,  3.0,  10.0,  13.0,  44.0, -8.0 ,  1.0,     ,  0.0,     ,  1.0,    ,  50.0,    3.0,   0.0,   0.0,     0.0,     4.0, -3.0   ,        ,        ,        ,        ,     0.0,      
mckayra01, 1976,     1, MF2 , WHA , D  , 42.0,  2.0,   9.0,  11.0,  28.0, 19.0 ,  0.0,     ,  0.0,     ,     ,    ,  52.0,       ,      ,      ,        ,        ,        ,        ,        ,        ,        ,        ,      
mckayra01, 1976,     2, BIR , WHA , D  , 19.0,  0.0,   1.0,   1.0,  11.0, -5.0 ,  0.0,     ,  0.0,     ,  0.0,    ,   7.0,       ,      ,      ,        ,        ,        ,        ,        ,        ,        ,        ,      
mckayra01, 1977,     1, EDO , WHA , D  , 14.0,  1.0,   4.0,   5.0,   4.0, 3.0  ,  0.0,     ,  0.0,     ,     ,    ,  20.0,    4.0,   0.0,   1.0,     1.0,     4.0, -1.0   ,        ,        ,        ,        ,     0.0,      
mckayra02, 1988,     1, DET , NHL , R  ,  3.0,  0.0,   0.0,   0.0,   0.0, -1.0 ,  0.0,  0.0,  0.0,  0.0,  0.0, 0.0,   2.0,    2.0,   0.0,   0.0,     0.0,     2.0, -2.0   ,     0.0,     0.0,     0.0,     0.0,     0.0,     2.0
mckayra02, 1989,     1, DET , NHL , R  , 33.0,  3.0,   6.0,   9.0,  51.0, 1.0  ,  0.0,  0.0,  0.0,  0.0,  0.0, 0.0,  33.0,       ,      ,      ,        ,        ,        ,        ,        ,        ,        ,        ,      
mckayra02, 1990,     1, DET , NHL , R  , 47.0,  1.0,   7.0,   8.0, 183.0, -15.0,  0.0,  0.0,  0.0,  0.0,  0.0, 0.0,  22.0,    5.0,   0.0,   1.0,     1.0,    41.0, 0.0    ,     0.0,     0.0,     0.0,     0.0,     0.0,     4.0
mckayra02, 1991,     1, NJD , NHL , R  , 80.0, 17.0,  16.0,  33.0, 246.0, 6.0  ,  2.0,  1.0,  0.0,  2.0,  1.0, 0.0, 111.0,    7.0,   1.0,   3.0,     4.0,    10.0, 1.0    ,     1.0,     1.0,     0.0,     0.0,     0.0,    12.0
mckayra02, 1992,     1, NJD , NHL , R  , 73.0, 11.0,  11.0,  22.0, 206.0, 0.0  ,  1.0,  0.0,  0.0,  0.0,  2.0, 0.0,  94.0,    5.0,   0.0,   0.0,     0.0,    16.0, 1.0    ,     0.0,     0.0,     0.0,     0.0,     0.0,     1.0
mckayra02, 1993,     1, NJD , NHL , R  , 78.0, 12.0,  15.0,  27.0, 244.0, 24.0 ,  0.0,  0.0,  0.0,  0.0,  1.0, 1.0,  77.0,   20.0,   1.0,   2.0,     3.0,    24.0, -1.0   ,     0.0,     0.0,     0.0,     0.0,     0.0,    15.0
mckayra02, 1994,     1, NJD , NHL , R  , 33.0,  5.0,   7.0,  12.0,  44.0, 10.0 ,  0.0,  1.0,  0.0,  0.0,  0.0, 0.0,  44.0,   19.0,   8.0,   4.0,    12.0,    11.0, 5.0    ,     2.0,     1.0,     0.0,     0.0,     2.0,    30.0
mckayra02, 1995,     1, NJD , NHL , R  , 76.0, 11.0,  10.0,  21.0, 145.0, 7.0  ,  3.0,  0.0,  0.0,  0.0,  3.0, 1.0,  97.0,       ,      ,      ,        ,        ,        ,        ,        ,        ,        ,        ,      
mckayra02, 1996,     1, NJD , NHL , R  , 77.0,  9.0,  18.0,  27.0, 109.0, 15.0 ,  0.0,  2.0,  0.0,  0.0,  2.0, 0.0,  92.0,   10.0,   1.0,   1.0,     2.0,     0.0, 1.0    ,     0.0,     0.0,     0.0,     0.0,     0.0,    15.0
mckayra02, 1997,     1, NJD , NHL , R  , 74.0, 24.0,  24.0,  48.0,  86.0, 30.0 ,  8.0,  3.0,  0.0,  0.0,  5.0, 0.0, 141.0,    6.0,   0.0,   1.0,     1.0,     0.0, -1.0   ,     0.0,     1.0,     0.0,     0.0,     0.0,     7.0
mckayra02, 1998,     1, NJD , NHL , R  , 70.0, 17.0,  20.0,  37.0, 143.0, 10.0 ,  3.0,  4.0,  0.0,  0.0,  5.0, 0.0, 136.0,    7.0,   3.0,   2.0,     5.0,     2.0, 1.0    ,     0.0,     2.0,     0.0,     0.0,     1.0,    16.0
mckayra02, 1999,     1, NJD , NHL , R  , 67.0, 16.0,  23.0,  39.0,  80.0, 8.0  ,  3.0,  4.0,  0.0,  0.0,  4.0, 0.0, 116.0,   23.0,   0.0,   6.0,     6.0,     9.0, -1.0   ,     0.0,     0.0,     0.0,     0.0,     0.0,    31.0
mckayra02, 2000,     1, NJD , NHL , R  , 77.0, 23.0,  20.0,  43.0,  50.0, 3.0  , 12.0,  3.0,  0.0,  0.0,  5.0, 0.0, 120.0,   19.0,   6.0,   3.0,     9.0,     8.0, 3.0    ,     2.0,     0.0,     0.0,     0.0,     1.0,    31.0
mckayra02, 2001,     1, NJD , NHL , R  , 55.0,  6.0,   7.0,  13.0,  65.0, 2.0  ,  3.0,  1.0,  0.0,  0.0,  1.0, 0.0,  63.0,       ,      ,      ,        ,        ,        ,        ,        ,        ,        ,        ,      
mckayra02, 2001,     2, DAL , NHL , R  , 14.0,  1.0,   4.0,   5.0,   7.0, 2.0  ,  0.0,  0.0,  0.0,  0.0,  0.0, 0.0,  10.0,       ,      ,      ,        ,        ,        ,        ,        ,        ,        ,        ,      
mckayra02, 2002,     1, MTL , NHL , R  , 75.0,  6.0,  13.0,  19.0,  72.0, -14.0,  2.0,  0.0,  0.0,  0.0,  0.0, 1.0,  52.0,       ,      ,      ,        ,        ,        ,        ,        ,        ,        ,        ,      
mckayro01, 1990,     1, HAR , NHL , G  ,  1.0,  0.0,   0.0,   0.0,   0.0, 0.0  ,  0.0,  0.0,  0.0,  0.0,  0.0, 0.0,   0.0,       ,      ,      ,        ,        ,        ,        ,        ,        ,        ,        ,      
mckaysc01, 1993,     1, ANA , NHL , C  ,  1.0,  0.0,   0.0,   0.0,   0.0, 0.0  ,  0.0,  0.0,  0.0,  0.0,  0.0, 0.0,   1.0,       ,      ,      ,        ,        ,        ,        ,        ,        ,        ,        ,      
mckecwa01, 1967,     1, MNS , NHL , C  ,  4.0,  0.0,   0.0,   0.0,   0.0, -3.0 ,  0.0,     ,  0.0,     ,  0.0, 0.0,   9.0,    9.0,   3.0,   2.0,     5.0,     0.0,        ,     0.0,        ,     0.0,        ,     0.0,      
mckecwa01, 1968,     1, MNS , NHL , C  , 58.0,  5.0,   9.0,  14.0,  22.0, -10.0,  1.0,     ,  0.0,     ,  1.0, 1.0,  81.0,       ,      ,      ,        ,        ,        ,        ,        ,        ,        ,        ,      
mckecwa01, 1969,     1, MNS , NHL , C  , 20.0,  1.0,   3.0,   4.0,  21.0, -5.0 ,  0.0,     ,  0.0,     ,  0.0, 0.0,  16.0,       ,      ,      ,        ,        ,        ,        ,        ,        ,        ,        ,      
mckecwa01, 1970,     1, MNS , NHL , C  , 30.0,  3.0,   1.0,   4.0,  34.0, -7.0 ,  0.0,     ,  0.0,     ,  0.0, 0.0,  39.0,       ,      ,      ,        ,        ,        ,        ,        ,        ,        ,        ,      
mckecwa01, 1971,     1, CLF , NHL , C  , 56.0, 11.0,  20.0,  31.0,  40.0, 2.0  ,  2.0,     ,  1.0,     ,  1.0, 0.0, 111.0,       ,      ,      ,        ,        ,        ,        ,        ,        ,        ,        ,      
mckecwa01, 1972,     1, CLF , NHL , C  , 78.0, 16.0,  38.0,  54.0,  58.0, -26.0,  4.0,     ,  1.0,     ,  0.0, 4.0, 182.0,       ,      ,      ,        ,        ,        ,        ,        ,        ,        ,        ,      
mckecwa01, 1973,     1, CLF , NHL , C  , 63.0, 23.0,  29.0,  52.0,  14.0, -14.0,  4.0,     ,  2.0,     ,  1.0, 1.0, 135.0,       ,      ,      ,        ,        ,        ,        ,        ,        ,        ,        ,      
mckecwa01, 1974,     1, BOS , NHL , C  , 53.0,  3.0,   3.0,   6.0,   8.0, -6.0 ,  0.0,     ,  1.0,     ,  0.0, 0.0,  36.0,       ,      ,      ,        ,        ,        ,        ,        ,        ,        ,        ,      
mckecwa01, 1974,     2, DET , NHL , C  , 23.0,  6.0,  11.0,  17.0,   6.0, -3.0 ,  1.0,     ,  0.0,     ,  2.0, 0.0,  41.0,       ,      ,      ,        ,        ,        ,        ,        ,        ,        ,        ,      
mckecwa01, 1975,     1, DET , NHL , C  , 80.0, 26.0,  56.0,  82.0,  85.0, 9.0  ,  2.0,     ,  3.0,     ,  7.0, 2.0, 186.0,       ,      ,      ,        ,        ,        ,        ,        ,        ,        ,        ,      
mckecwa01, 1976,     1, DET , NHL , C  , 80.0, 25.0,  34.0,  59.0,  50.0, -24.0,  3.0,     ,  3.0,     ,  1.0, 0.0, 189.0,       ,      ,      ,        ,        ,        ,        ,        ,        ,        ,        ,      
mckecwa01, 1977,     1, WAS , NHL , C  , 16.0,  4.0,   1.0,   5.0,   0.0, -14.0,  1.0,     ,  0.0,     ,  0.0, 0.0,  24.0,       ,      ,      ,        ,        ,        ,        ,        ,        ,        ,        ,      
mckecwa01, 1977,     2, CLE , NHL , C  , 53.0, 12.0,  22.0,  34.0,  12.0, -8.0 ,  2.0,     ,  0.0,     ,  0.0, 2.0,  97.0,       ,      ,      ,        ,        ,        ,        ,        ,        ,        ,        ,      
mckecwa01, 1978,     1, TOR , NHL , C  , 79.0, 25.0,  36.0,  61.0,  18.0, 21.0 ,  7.0,     ,  1.0,     ,  6.0, 1.0, 123.0,    6.0,   4.0,   3.0,     7.0,     9.0,        ,     0.0,        ,     1.0,        ,     1.0,      
mckecwa01, 1979,     1, TOR , NHL , C  , 54.0,  7.0,  36.0,  43.0,   4.0, -6.0 ,  1.0,     ,  0.0,     ,  0.0, 0.0,  77.0,       ,      ,      ,        ,        ,        ,        ,        ,        ,        ,        ,      
mckecwa01, 1979,     2, COR , NHL , C  , 17.0,  0.0,   4.0,   4.0,   2.0, -14.0,  0.0,     ,  0.0,     ,  0.0, 0.0,  35.0,       ,      ,      ,        ,        ,        ,        ,        ,        ,        ,        ,      
mckecwa01, 1980,     1, COR , NHL , C  , 53.0, 15.0,  23.0,  38.0,  18.0, -7.0 ,  2.0,     ,  2.0,     ,  2.0, 1.0,  92.0,       ,      ,      ,        ,        ,        ,        ,        ,        ,        ,        ,      
mckecwa01, 1981,     1, DET , NHL , C  , 74.0, 18.0,  37.0,  55.0,  35.0, -1.0 ,  2.0,     ,  0.0,     ,  3.0, 1.0,  87.0,       ,      ,      ,        ,        ,        ,        ,        ,        ,        ,        ,      
mckecwa01, 1982,     1, DET , NHL , C  , 64.0, 14.0,  29.0,  43.0,  42.0, 1.0  ,  3.0,     ,  3.0,     ,  0.0, 1.0,  73.0,       ,      ,      ,        ,        ,        ,        ,        ,        ,        ,        ,      
mckeeja01, 1995,     1, BUF , NHL , D  ,  1.0,  0.0,   1.0,   1.0,   2.0, 1.0  ,  0.0,  0.0,  0.0,  0.0,  0.0, 0.0,   2.0,       ,      ,      ,        ,        ,        ,        ,        ,        ,        ,        ,      
mckeeja01, 1996,     1, BUF , NHL , D  , 43.0,  1.0,   9.0,  10.0,  35.0, 3.0  ,  0.0,  3.0,  0.0,  0.0,  0.0, 0.0,  29.0,    3.0,   0.0,   0.0,     0.0,     0.0, 0.0    ,     0.0,     0.0,     0.0,     0.0,     0.0,     1.0
mckeeja01, 1997,     1, BUF , NHL , D  , 56.0,  1.0,  13.0,  14.0,  42.0, -1.0 ,  0.0,  6.0,  0.0,  2.0,  0.0, 0.0,  55.0,    1.0,   0.0,   0.0,     0.0,     0.0, -1.0   ,     0.0,     0.0,     0.0,     0.0,     0.0,     0.0
mckeeja01, 1998,     1, BUF , NHL , D  , 72.0,  0.0,   6.0,   6.0,  75.0, 20.0 ,  0.0,  0.0,  0.0,  1.0,  0.0, 0.0,  57.0,   21.0,   0.0,   3.0,     3.0,    24.0, 13.0   ,     0.0,     0.0,     0.0,     1.0,     0.0,    13.0
mckeeja01, 1999,     1, BUF , NHL , D  , 78.0,  5.0,  12.0,  17.0,  50.0, 5.0  ,  1.0,  0.0,  0.0,  1.0,  1.0, 0.0,  84.0,    1.0,   0.0,   0.0,     0.0,     0.0, 0.0    ,     0.0,     0.0,     0.0,     0.0,     0.0,     0.0
mckeeja01, 2000,     1, BUF , NHL , D  , 74.0,  1.0,  10.0,  11.0,  76.0, 9.0  ,  0.0,  0.0,  0.0,  2.0,  0.0, 0.0,  62.0,    8.0,   1.0,   0.0,     1.0,     6.0, 3.0    ,     0.0,     0.0,     0.0,     0.0,     1.0,     5.0
mckeeja01, 2001,     1, BUF , NHL , D  , 81.0,  2.0,  11.0,  13.0,  43.0, 18.0 ,  0.0,  1.0,  0.0,  1.0,  1.0, 0.0,  50.0,       ,      ,      ,        ,        ,        ,        ,        ,        ,        ,        ,      
mckeeja01, 2002,     1, BUF , NHL , D  , 59.0,  0.0,   5.0,   5.0,  49.0, -16.0,  0.0,  0.0,  0.0,  0.0,  0.0, 0.0,  44.0,       ,      ,      ,        ,        ,        ,        ,        ,        ,        ,        ,      
mckeeja01, 2003,     1, BUF , NHL , D  , 43.0,  2.0,   3.0,   5.0,  41.0, 6.0  ,  0.0,  0.0,  0.0,  0.0,  1.0, 0.0,  29.0,       ,      ,      ,        ,        ,        ,        ,        ,        ,        ,        ,      
mckeeja01, 2005,     1, BUF , NHL , D  , 75.0,  5.0,  11.0,  16.0,  57.0, 0.0  ,  0.0,  0.0,  1.0,  1.0,  0.0,    ,  50.0,   17.0,   2.0,   3.0,     5.0,    30.0, 3.0    ,     0.0,     0.0,     0.0,     0.0,     1.0,    21.0
mckeeja01, 2006,     1, STL , NHL , D  , 23.0,  0.0,   0.0,   0.0,  12.0, -9.0 ,  0.0,  0.0,  0.0,  0.0,  0.0,    ,  19.0,       ,      ,      ,        ,        ,        ,        ,        ,        ,        ,        ,      
mckeeja01, 2007,     1, STL , NHL , D  , 66.0,  2.0,   7.0,   9.0,  42.0, 2.0  ,  0.0,  0.0,  0.0,  0.0,  2.0,    ,  42.0,       ,      ,      ,        ,        ,        ,        ,        ,        ,        ,        ,      
mckeeja01, 2008,     1, STL , NHL , D  , 69.0,  1.0,   7.0,   8.0,  44.0, 11.0 ,  0.0,  0.0,  0.0,  1.0,  1.0,    ,  43.0,    4.0,   0.0,   0.0,     0.0,     4.0, 0.0    ,     0.0,     0.0,     0.0,     0.0,     0.0,     1.0
mckeeja01, 2009,     1, PIT , NHL , D  , 62.0,  1.0,   9.0,  10.0,  54.0, 6.0  ,  0.0,  0.0,  0.0,  2.0,  0.0,    ,  42.0,    5.0,   0.0,   0.0,     0.0,     2.0, 2.0    ,     0.0,     0.0,     0.0,     0.0,     0.0,     2.0
mckeemi01, 1993,     1, QUE , NHL , L  , 48.0,  3.0,  12.0,  15.0,  41.0, 5.0  ,  2.0,  5.0,  0.0,  0.0,  0.0, 0.0,  60.0,       ,      ,      ,        ,        ,        ,        ,        ,        ,        ,        ,      
mckegia01, 1976,     1, CHI , NHL , D  ,  3.0,  0.0,   0.0,   0.0,   2.0, -8.0 ,  0.0,     ,  0.0,     ,  0.0, 0.0,   1.0,       ,      ,      ,        ,        ,        ,        ,        ,        ,        ,        ,      
mckegto01, 1978,     1, BUF , NHL , L  , 52.0,  8.0,  14.0,  22.0,  10.0, -2.0 ,  0.0,     ,  0.0,     ,  1.0, 0.0,  67.0,    2.0,   0.0,   1.0,     1.0,     0.0,        ,     0.0,        ,     0.0,        ,     0.0,      
mckegto01, 1979,     1, BUF , NHL , L  , 80.0, 23.0,  29.0,  52.0,  24.0, 40.0 ,  1.0,     ,  0.0,     ,  6.0, 1.0, 140.0,   14.0,   3.0,   4.0,     7.0,     2.0,        ,     0.0,        ,     0.0,        ,     0.0,      
mckegto01, 1980,     1, BUF , NHL , L  , 80.0, 37.0,  32.0,  69.0,  24.0, 11.0 ,  9.0,     ,  0.0,     ,  4.0, 0.0, 236.0,    8.0,   5.0,   3.0,     8.0,     2.0,        ,     1.0,        ,     0.0,        ,     0.0,      
mckegto01, 1981,     1, BUF , NHL , L  , 73.0, 23.0,  29.0,  52.0,  41.0, -12.0,  8.0,     ,  0.0,     ,  0.0, 1.0, 187.0,    4.0,   0.0,   0.0,     0.0,     2.0,        ,     0.0,        ,     0.0,        ,     0.0,      
mckegto01, 1982,     1, BUF , NHL , L  , 78.0, 36.0,  37.0,  73.0,  18.0, 2.0  , 10.0,     ,  0.0,     ,  2.0, 1.0, 180.0,   10.0,   3.0,   1.0,     4.0,     4.0,        ,     1.0,        ,     0.0,        ,     2.0,      
mckegto01, 1983,     1, QUE , NHL , L  , 75.0, 24.0,  27.0,  51.0,  23.0, 4.0  ,  4.0,     ,  0.0,     ,  2.0, 0.0, 171.0,    7.0,   0.0,   0.0,     0.0,     0.0, -5.0   ,     0.0,        ,     0.0,        ,     0.0,     9.0
mckegto01, 1984,     1, QUE , NHL , L  , 30.0, 12.0,   9.0,  21.0,  12.0, 2.0  ,  1.0,     ,  3.0,     ,  1.0, 0.0,  85.0,       ,      ,      ,        ,        ,        ,        ,        ,        ,        ,        ,      
mckegto01, 1984,     2, MNS , NHL , L  , 27.0, 11.0,  13.0,  24.0,   4.0, 9.0  ,  2.0,     ,  0.0,     ,  1.0, 0.0,  81.0,    9.0,   8.0,   6.0,    14.0,     0.0, 3.0    ,     2.0,        ,     0.0,        ,     1.0,    38.0
mckegto01, 1985,     1, MNS , NHL , L  , 70.0, 15.0,  25.0,  40.0,  48.0, -5.0 ,  3.0,     ,  1.0,     ,  0.0, 0.0, 141.0,    5.0,   2.0,   1.0,     3.0,    22.0, -1.0   ,     0.0,        ,     0.0,        ,     0.0,    12.0
mckegto01, 1986,     1, MNS , NHL , L  , 11.0,  2.0,   3.0,   5.0,  16.0, 2.0  ,  0.0,     ,  0.0,     ,  0.0, 0.0,  15.0,       ,      ,      ,        ,        ,        ,        ,        ,        ,        ,        ,      
mckegto01, 1986,     2, NYR , NHL , L  , 64.0, 29.0,  17.0,  46.0,  56.0, -1.0 ,  7.0,     ,  2.0,     ,  6.0, 0.0, 166.0,    6.0,   0.0,   0.0,     0.0,    12.0, -3.0   ,     0.0,        ,     0.0,        ,     0.0,     4.0
mckegto01, 1987,     1, STL , NHL , L  , 80.0, 40.0,  38.0,  78.0,  82.0, 10.0 , 13.0, 11.0,  3.0,  1.0,  1.0, 0.0, 241.0,    9.0,   3.0,   6.0,     9.0,     8.0, -3.0   ,     1.0,     4.0,     0.0,     0.0,     1.0,    32.0
mckegto01, 1988,     1, STL , NHL , R  , 71.0, 25.0,  17.0,  42.0,  58.0, -1.0 ,  7.0,  4.0,  0.0,  0.0,  2.0, 0.0, 154.0,    3.0,   0.0,   1.0,     1.0,     0.0, 1.0    ,     0.0,     0.0,     0.0,     0.0,     0.0,     4.0
mckegto01, 1989,     1, DET , NHL , R  , 14.0,  2.0,   1.0,   3.0,   8.0, 2.0  ,  0.0,     ,  0.0,  0.0,  0.0, 0.0,  18.0,       ,      ,      ,        ,        ,        ,        ,        ,        ,        ,        ,      
mckegto01, 1989,     2, QUE , NHL , R  , 48.0, 16.0,  11.0,  27.0,  45.0, -31.0,  5.0,     ,  0.0,  0.0,  0.0, 0.0,  89.0,       ,      ,      ,        ,        ,        ,        ,        ,        ,        ,        ,      
mckegto01, 1990,     1, QUE , NHL , L  , 50.0, 17.0,  16.0,  33.0,  44.0, -25.0,  7.0,     ,  0.0,  0.0,  2.0, 1.0, 111.0,       ,      ,      ,        ,        ,        ,        ,        ,        ,        ,        ,      
mckegto01, 1990,     2, CHI , NHL , L  ,  9.0,  0.0,   1.0,   1.0,   4.0, -2.0 ,  0.0,     ,  0.0,  0.0,  0.0, 0.0,  10.0,    2.0,   0.0,   0.0,     0.0,     4.0, 0.0    ,     0.0,     0.0,     0.0,     0.0,     0.0,     2.0
mckenal01, 1977,     1, NYI , NHL , L  ,  4.0,  0.0,   0.0,   0.0,   2.0, 0.0  ,  0.0,     ,  0.0,     ,  0.0, 0.0,   7.0,       ,      ,      ,        ,        ,        ,        ,        ,        ,        ,        ,      
mckenal01, 1978,     1, NYI , NHL , L  ,  4.0,  0.0,   0.0,   0.0,   0.0, -1.0 ,  0.0,     ,  0.0,     ,  0.0, 0.0,   0.0,       ,      ,      ,        ,        ,        ,        ,        ,        ,        ,        ,      
mckenal01, 1979,     1, NYI , NHL , L  ,  2.0,  0.0,   0.0,   0.0,   0.0, -1.0 ,  0.0,     ,  0.0,     ,  0.0, 0.0,   0.0,    6.0,   2.0,   2.0,     4.0,     0.0,        ,     0.0,        ,     0.0,        ,     0.0,      
mckenal01, 1980,     1, CAL , NHL , L  , 36.0,  3.0,   6.0,   9.0,  19.0, -6.0 ,  0.0,     ,  0.0,     ,  0.0, 0.0,  30.0,       ,      ,      ,        ,        ,        ,        ,        ,        ,        ,        ,      
mckenbi01, 1973,     1, DET , NHL , G  , 13.0,  0.0,   0.0,   0.0,   2.0, 0.0  ,  0.0,     ,  0.0,     ,  0.0, 0.0,   0.0,       ,      ,      ,        ,        ,        ,        ,        ,        ,        ,        ,      
mckenbi01, 1974,     1, DET , NHL , G  , 13.0,  0.0,   0.0,   0.0,   2.0, 0.0  ,  0.0,     ,  0.0,     ,  0.0, 0.0,   0.0,       ,      ,      ,        ,        ,        ,        ,        ,        ,        ,        ,      
mckenbi01, 1975,     1, KCS , NHL , G  , 22.0,  0.0,   1.0,   1.0,   4.0, 0.0  ,  0.0,     ,  0.0,     ,  0.0, 0.0,   0.0,       ,      ,      ,        ,        ,        ,        ,        ,        ,        ,        ,      
mckenbi01, 1976,     1, COR , NHL , G  ,  5.0,  0.0,   0.0,   0.0,   0.0, 0.0  ,  0.0,     ,  0.0,     ,  0.0, 0.0,   0.0,       ,      ,      ,        ,        ,        ,        ,        ,        ,        ,        ,      
mckenbi01, 1977,     1, COR , NHL , G  , 12.0,  0.0,   0.0,   0.0,   2.0, 0.0  ,  0.0,     ,  0.0,     ,  0.0, 0.0,   0.0,       ,      ,      ,        ,        ,        ,        ,        ,        ,        ,        ,      
mckenbi01, 1979,     1, COR , NHL , G  , 26.0,  0.0,   0.0,   0.0,   2.0, 0.0  ,  0.0,     ,  0.0,     ,  0.0, 0.0,   0.0,       ,      ,      ,        ,        ,        ,        ,        ,        ,        ,        ,      
mckenbr01, 1971,     1, PIT , NHL , L  ,  6.0,  1.0,   1.0,   2.0,   4.0, -2.0 ,  0.0,     ,  0.0,     ,  0.0, 0.0,   8.0,       ,      ,      ,        ,        ,        ,        ,        ,        ,        ,        ,      
mckenbr01, 1973,     1, EDO , WHA , L  , 78.0, 18.0,  20.0,  38.0,  66.0,      ,  0.0,     ,  0.0,     ,  1.0,    ,      ,    5.0,   0.0,   1.0,     1.0,     0.0,        ,        ,        ,        ,        ,     0.0,      
mckenbr01, 1974,     1, IND , WHA , L  ,  9.0,  1.0,   0.0,   1.0,   6.0,      ,     ,     ,     ,     ,     ,    ,   9.0,       ,      ,      ,        ,        ,        ,        ,        ,        ,        ,        ,      
mckendo01, 1954,     1, BOS , NHL , C  , 69.0, 22.0,  20.0,  42.0,  34.0,      ,     ,     ,     ,     ,     ,    ,      ,    5.0,   1.0,   2.0,     3.0,     4.0,        ,        ,        ,        ,        ,        ,      
mckendo01, 1955,     1, BOS , NHL , C  , 65.0, 10.0,  24.0,  34.0,  20.0,      ,     ,     ,     ,     ,     ,    ,      ,       ,      ,      ,        ,        ,        ,        ,        ,        ,        ,        ,      
mckendo01, 1956,     1, BOS , NHL , C  , 69.0, 21.0,  39.0,  60.0,  31.0,      ,     ,     ,     ,     ,     ,    ,      ,   10.0,   1.0,   5.0,     6.0,     4.0,        ,        ,        ,        ,        ,        ,      
mckendo01, 1957,     1, BOS , NHL , C  , 70.0, 28.0,  30.0,  58.0,  22.0,      ,     ,     ,     ,     ,     ,    ,      ,   12.0,   9.0,   8.0,    17.0,     0.0,        ,        ,        ,        ,        ,        ,      
mckendo01, 1958,     1, BOS , NHL , C  , 70.0, 32.0,  30.0,  62.0,  20.0,      ,     ,     ,     ,     ,     ,    ,      ,    7.0,   2.0,   5.0,     7.0,     0.0,        ,        ,        ,        ,        ,        ,      
mckendo01, 1959,     1, BOS , NHL , C  , 70.0, 20.0,  49.0,  69.0,  28.0,      ,     ,     ,     ,     ,     ,    ,      ,       ,      ,      ,        ,        ,        ,        ,        ,        ,        ,        ,      
mckendo01, 1960,     1, BOS , NHL , C  , 68.0, 26.0,  23.0,  49.0,  22.0,      ,     ,     ,     ,     ,     ,    ,      ,       ,      ,      ,        ,        ,        ,        ,        ,        ,        ,        ,      
mckendo01, 1961,     1, BOS , NHL , C  , 70.0, 22.0,  33.0,  55.0,  10.0,      ,     ,     ,     ,     ,     ,    ,      ,       ,      ,      ,        ,        ,        ,        ,        ,        ,        ,        ,      
mckendo01, 1962,     1, BOS , NHL , C  , 41.0, 14.0,  19.0,  33.0,   2.0,      ,     ,     ,     ,     ,     ,    ,      ,       ,      ,      ,        ,        ,        ,        ,        ,        ,        ,        ,      
mckendo01, 1962,     2, NYR , NHL , C  , 21.0,  8.0,  16.0,  24.0,   4.0,      ,     ,     ,     ,     ,     ,    ,      ,       ,      ,      ,        ,        ,        ,        ,        ,        ,        ,        ,      
mckendo01, 1963,     1, NYR , NHL , C  , 55.0,  9.0,  17.0,  26.0,   6.0,      ,  3.0,     ,  0.0,     ,  1.0, 0.0,      ,       ,      ,      ,        ,        ,        ,        ,        ,        ,        ,        ,      
mckendo01, 1963,     2, TOR , NHL , L  , 15.0,  9.0,   6.0,  15.0,   2.0,      ,  3.0,     ,  0.0,     ,  1.0, 0.0,      ,   12.0,   4.0,   8.0,    12.0,     0.0,        ,        ,        ,        ,        ,     1.0,      
mckendo01, 1964,     1, TOR , NHL , C  , 52.0,  6.0,  13.0,  19.0,   6.0,      ,  0.0,     ,  0.0,     ,  1.0, 1.0,      ,    6.0,   0.0,   0.0,     0.0,     0.0,        ,        ,        ,        ,        ,     0.0,      
mckendo01, 1965,     1, DET , NHL , C  , 24.0,  1.0,   6.0,   7.0,   0.0,      ,  0.0,     ,  0.0,     ,  0.0, 0.0,      ,       ,      ,      ,        ,        ,        ,        ,        ,        ,        ,        ,      
mckendo01, 1967,     1, STL , NHL , C  , 39.0,  9.0,  20.0,  29.0,   4.0, 1.0  ,  1.0,     ,  0.0,     ,  1.0, 1.0,  93.0,    6.0,   1.0,   1.0,     2.0,     2.0,        ,     0.0,        ,     0.0,        ,     0.0,      
mckenji01, 1965,     1, TOR , NHL , D  ,  2.0,  0.0,   0.0,   0.0,   2.0,      ,  0.0,     ,  0.0,     ,  0.0, 0.0,      ,       ,      ,      ,        ,        ,        ,        ,        ,        ,        ,        ,      
mckenji01, 1966,     1, TOR , NHL , D  ,  6.0,  1.0,   0.0,   1.0,   0.0,      ,  0.0,     ,  0.0,     ,  0.0, 0.0,      ,       ,      ,      ,        ,        ,        ,        ,        ,        ,        ,        ,      
mckenji01, 1967,     1, TOR , NHL , D  ,  5.0,  1.0,   0.0,   1.0,   0.0, -2.0 ,  1.0,     ,  0.0,     ,  1.0, 0.0,   2.0,       ,      ,      ,        ,        ,        ,        ,        ,        ,        ,        ,      
mckenji01, 1968,     1, TOR , NHL , D  ,  7.0,  0.0,   0.0,   0.0,   2.0, 1.0  ,  0.0,     ,  0.0,     ,  0.0, 0.0,   5.0,       ,      ,      ,        ,        ,        ,        ,        ,        ,        ,        ,      
mckenji01, 1969,     1, TOR , NHL , D  , 73.0, 11.0,  33.0,  44.0,  34.0, -2.0 ,  3.0,     ,  0.0,     ,  0.0, 1.0, 170.0,       ,      ,      ,        ,        ,        ,        ,        ,        ,        ,        ,      
mckenji01, 1970,     1, TOR , NHL , D  , 68.0,  4.0,  26.0,  30.0,  42.0, 11.0 ,  2.0,     ,  1.0,     ,  1.0, 1.0, 131.0,    6.0,   2.0,   1.0,     3.0,     2.0,        ,     0.0,        ,     0.0,        ,     0.0,      
mckenji01, 1971,     1, TOR , NHL , D  , 76.0,  5.0,  31.0,  36.0,  27.0, 1.0  ,  2.0,     ,  0.0,     ,  0.0, 0.0, 156.0,    5.0,   3.0,   0.0,     3.0,     2.0,        ,     2.0,        ,     1.0,        ,     0.0,      
mckenji01, 1972,     1, TOR , NHL , D  , 77.0, 11.0,  41.0,  52.0,  55.0, 6.0  ,  5.0,     ,  0.0,     ,  0.0, 0.0, 208.0,       ,      ,      ,        ,        ,        ,        ,        ,        ,        ,        ,      
mckenji01, 1973,     1, TOR , NHL , D  , 77.0, 14.0,  28.0,  42.0,  36.0, 16.0 ,  3.0,     ,  0.0,     ,  1.0, 0.0, 129.0,    4.0,   0.0,   2.0,     2.0,     0.0,        ,     0.0,        ,     0.0,        ,     0.0,      
mckenji01, 1974,     1, TOR , NHL , D  , 66.0,  8.0,  35.0,  43.0,  31.0, -4.0 ,  0.0,     ,  1.0,     ,  1.0, 0.0, 105.0,    7.0,   0.0,   1.0,     1.0,     2.0,        ,     0.0,        ,     0.0,        ,     0.0,      
mckenji01, 1975,     1, TOR , NHL , D  , 46.0, 10.0,  19.0,  29.0,  19.0, -7.0 ,  4.0,     ,  0.0,     ,  0.0, 0.0,  76.0,    6.0,   2.0,   3.0,     5.0,     2.0,        ,     1.0,        ,     0.0,        ,     1.0,      
mckenji01, 1976,     1, TOR , NHL , D  , 76.0, 14.0,  31.0,  45.0,  36.0, -26.0,  3.0,     ,  0.0,     ,  3.0, 2.0, 115.0,    9.0,   0.0,   2.0,     2.0,     2.0,        ,     0.0,        ,     0.0,        ,     0.0,      
mckenji01, 1977,     1, TOR , NHL , D  , 15.0,  2.0,   2.0,   4.0,   8.0, 4.0  ,  0.0,     ,  0.0,     ,  0.0, 0.0,  12.0,       ,      ,      ,        ,        ,        ,        ,        ,        ,        ,        ,      
mckenji01, 1978,     1, MNS , NHL , R  , 10.0,  1.0,   1.0,   2.0,   2.0, -3.0 ,  1.0,     ,  0.0,     ,  0.0, 0.0,   8.0,       ,      ,      ,        ,        ,        ,        ,        ,        ,        ,        ,      
mckenji02, 1989,     1, HAR , NHL , L  ,  5.0,  0.0,   0.0,   0.0,   4.0, 0.0  ,  0.0,  0.0,  0.0,  0.0,  0.0, 0.0,   0.0,       ,      ,      ,        ,        ,        ,        ,        ,        ,        ,        ,      
mckenji02, 1990,     1, HAR , NHL , L  , 41.0,  4.0,   3.0,   7.0, 108.0, -7.0 ,  0.0,  0.0,  0.0,  0.0,  0.0, 0.0,  16.0,    6.0,   0.0,   0.0,     0.0,     8.0, -2.0   ,     0.0,     0.0,     0.0,     0.0,     0.0,     2.0
mckenji02, 1991,     1, HAR , NHL , L  , 67.0,  5.0,   1.0,   6.0,  87.0, -6.0 ,  0.0,  0.0,  0.0,  0.0,  0.0, 1.0,  34.0,       ,      ,      ,        ,        ,        ,        ,        ,        ,        ,        ,      
mckenji02, 1992,     1, HAR , NHL , L  , 64.0,  3.0,   6.0,   9.0, 202.0, -10.0,  0.0,  0.0,  0.0,  0.0,  0.0, 0.0,  36.0,       ,      ,      ,        ,        ,        ,        ,        ,        ,        ,        ,      
mckenji02, 1993,     1, HAR , NHL , L  , 26.0,  1.0,   2.0,   3.0,  67.0, -6.0 ,  0.0,  1.0,  0.0,  0.0,  0.0, 0.0,   9.0,       ,      ,      ,        ,        ,        ,        ,        ,        ,        ,        ,      
mckenji02, 1993,     2, DAL , NHL , L  , 34.0,  2.0,   3.0,   5.0,  63.0, 4.0  ,  0.0,  0.0,  0.0,  0.0,  1.0, 0.0,  18.0,       ,      ,      ,        ,        ,        ,        ,        ,        ,        ,        ,      
mckenji02, 1993,     3, PIT , NHL , L  , 11.0,  0.0,   0.0,   0.0,  16.0, -5.0 ,  0.0,  0.0,  0.0,  0.0,  0.0, 0.0,   6.0,    3.0,   0.0,   0.0,     0.0,     0.0, 0.0    ,     0.0,     0.0,     0.0,     0.0,     0.0,     0.0
mckenji02, 1994,     1, PIT , NHL , L  , 39.0,  2.0,   1.0,   3.0,  63.0, -7.0 ,  0.0,  0.0,  0.0,  0.0,  1.0, 0.0,  16.0,    5.0,   0.0,   0.0,     0.0,     4.0, 0.0    ,     0.0,     0.0,     0.0,     0.0,     0.0,     0.0
mckenji02, 1995,     1, WIN , NHL , L  , 73.0,  4.0,   2.0,   6.0, 202.0, -4.0 ,  0.0,  0.0,  0.0,  0.0,  0.0, 0.0,  28.0,    1.0,   0.0,   0.0,     0.0,     2.0, 0.0    ,     0.0,     0.0,     0.0,     0.0,     0.0,     0.0
mckenji02, 1996,     1, PHO , NHL , L  , 65.0,  5.0,   3.0,   8.0, 200.0, -5.0 ,  0.0,  0.0,  0.0,  0.0,  1.0, 0.0,  38.0,    7.0,   0.0,   0.0,     0.0,     2.0, 0.0    ,     0.0,     0.0,     0.0,     0.0,     0.0,     7.0
mckenji02, 1997,     1, PHO , NHL , L  , 64.0,  3.0,   4.0,   7.0, 146.0, -7.0 ,  0.0,  0.0,  0.0,  0.0,  0.0, 0.0,  35.0,    1.0,   0.0,   0.0,     0.0,     0.0, 0.0    ,     0.0,     0.0,     0.0,     0.0,     0.0,     0.0
mckenji02, 1998,     1, ANA , NHL , L  , 73.0,  5.0,   4.0,   9.0,  99.0, -18.0,  1.0,  0.0,  0.0,  0.0,  1.0, 0.0,  59.0,    4.0,   0.0,   0.0,     0.0,     4.0, -2.0   ,     0.0,     0.0,     0.0,     0.0,     0.0,     5.0
mckenji02, 1999,     1, ANA , NHL , L  , 31.0,  3.0,   3.0,   6.0,  48.0, -5.0 ,  0.0,  0.0,  0.0,  0.0,  0.0, 0.0,  22.0,       ,      ,      ,        ,        ,        ,        ,        ,        ,        ,        ,      
mckenji02, 1999,     2, WAS , NHL , L  , 30.0,  1.0,   2.0,   3.0,  16.0, 0.0  ,  0.0,  0.0,  0.0,  0.0,  0.0, 0.0,  10.0,    1.0,   0.0,   0.0,     0.0,     0.0, 0.0    ,     0.0,     0.0,     0.0,     0.0,     0.0,     0.0
mckenji02, 2000,     1, NJD , NHL , L  , 53.0,  2.0,   2.0,   4.0, 119.0, 0.0  ,  0.0,  0.0,  0.0,  0.0,  0.0, 0.0,  32.0,    3.0,   0.0,   0.0,     0.0,     2.0, 1.0    ,     0.0,     0.0,     0.0,     0.0,     0.0,     1.0
mckenji02, 2001,     1, NJD , NHL , L  , 67.0,  3.0,   5.0,   8.0, 123.0, 0.0  ,  1.0,  2.0,  0.0,  0.0,  0.0, 0.0,  33.0,    6.0,   0.0,   0.0,     0.0,     2.0, 0.0    ,     0.0,     0.0,     0.0,     0.0,     0.0,     2.0
mckenji02, 2002,     1, NJD , NHL , L  , 76.0,  4.0,   8.0,  12.0,  88.0, 3.0  ,  0.0,  0.0,  0.0,  0.0,  2.0, 0.0,  42.0,   13.0,   0.0,   0.0,     0.0,    14.0, -2.0   ,     0.0,     0.0,     0.0,     0.0,     0.0,     3.0
mckenji02, 2003,     1, NAS , NHL , L  , 61.0,  1.0,   3.0,   4.0,  88.0, -13.0,  0.0,  1.0,  0.0,  0.0,  0.0, 0.0,  10.0,    1.0,   0.0,   0.0,     0.0,     0.0, 0.0    ,     0.0,     0.0,     0.0,     0.0,     0.0,     0.0
mckenjo01, 1958,     1, CHI , NHL , R  , 32.0,  3.0,   4.0,   7.0,  22.0,      ,     ,     ,     ,     ,     ,    ,      ,    2.0,   0.0,   0.0,     0.0,     2.0,        ,        ,        ,        ,        ,        ,      
mckenjo01, 1959,     1, DET , NHL , R  , 59.0,  8.0,  12.0,  20.0,  50.0,      ,     ,     ,     ,     ,     ,    ,      ,    2.0,   0.0,   0.0,     0.0,     0.0,        ,        ,        ,        ,        ,        ,      
mckenjo01, 1960,     1, DET , NHL , R  , 16.0,  3.0,   1.0,   4.0,  13.0,      ,     ,     ,     ,     ,     ,    ,      ,       ,      ,      ,        ,        ,        ,        ,        ,        ,        ,        ,      
mckenjo01, 1963,     1, CHI , NHL , R  , 45.0,  9.0,   9.0,  18.0,  50.0,      ,  1.0,     ,  0.0,     ,  2.0, 0.0,      ,    4.0,   0.0,   1.0,     1.0,     6.0,        ,        ,        ,        ,        ,     0.0,      
mckenjo01, 1964,     1, CHI , NHL , R  , 51.0,  8.0,  10.0,  18.0,  46.0,      ,  1.0,     ,  0.0,     ,  0.0, 0.0,      ,   11.0,   0.0,   1.0,     1.0,     6.0,        ,        ,        ,        ,        ,     0.0,      
mckenjo01, 1965,     1, NYR , NHL , R  , 35.0,  6.0,   5.0,  11.0,  36.0,      ,  2.0,     ,  0.0,     ,  0.0, 0.0,      ,       ,      ,      ,        ,        ,        ,        ,        ,        ,        ,        ,      
mckenjo01, 1965,     2, BOS , NHL , R  , 36.0, 13.0,   9.0,  22.0,  36.0,      ,  2.0,     ,  0.0,     ,  1.0, 1.0,      ,       ,      ,      ,        ,        ,        ,        ,        ,        ,        ,        ,      
mckenjo01, 1966,     1, BOS , NHL , R  , 69.0, 17.0,  19.0,  36.0,  98.0,      ,  3.0,     ,  1.0,     ,  5.0, 0.0,      ,       ,      ,      ,        ,        ,        ,        ,        ,        ,        ,        ,      
mckenjo01, 1967,     1, BOS , NHL , R  , 74.0, 28.0,  38.0,  66.0, 107.0, 14.0 ,  7.0,     ,  0.0,     ,  4.0, 2.0, 184.0,    4.0,   1.0,   1.0,     2.0,     8.0,        ,     0.0,        ,     0.0,        ,     0.0,      
mckenjo01, 1968,     1, BOS , NHL , R  , 60.0, 29.0,  27.0,  56.0,  99.0, 13.0 ,  8.0,     ,  1.0,     ,  7.0, 3.0, 123.0,   10.0,   2.0,   2.0,     4.0,    17.0,        ,     1.0,        ,     0.0,        ,     0.0,      
mckenjo01, 1969,     1, BOS , NHL , R  , 72.0, 29.0,  41.0,  70.0, 114.0, 20.0 ,  9.0,     ,  1.0,     ,  6.0, 2.0, 196.0,   14.0,   5.0,  12.0,    17.0,    35.0,        ,     0.0,        ,     0.0,        ,     3.0,      
mckenjo01, 1970,     1, BOS , NHL , R  , 65.0, 31.0,  46.0,  77.0, 120.0, 27.0 , 11.0,     ,  0.0,     ,  3.0, 0.0, 151.0,    7.0,   2.0,   3.0,     5.0,    22.0,        ,     1.0,        ,     0.0,        ,     1.0,      
mckenjo01, 1971,     1, BOS , NHL , R  , 77.0, 22.0,  47.0,  69.0, 126.0, 19.0 , 10.0,     ,  0.0,     ,  3.0, 3.0, 133.0,   15.0,   5.0,  12.0,    17.0,    37.0,        ,     3.0,        ,     0.0,        ,     0.0,      
mckenjo01, 1972,     1, PHB , WHA , R  , 60.0, 28.0,  50.0,  78.0, 157.0,      ,  8.0,     ,  1.0,     ,  7.0,    ,      ,    4.0,   3.0,   1.0,     4.0,     8.0,        ,     1.0,        ,     0.0,        ,     0.0,      
mckenjo01, 1973,     1, VAB , WHA , R  , 45.0, 14.0,  38.0,  52.0,  71.0,      ,  3.0,     ,  0.0,     ,  0.0,    ,      ,       ,      ,      ,        ,        ,        ,        ,        ,        ,        ,        ,      
mckenjo01, 1974,     1, VAB , WHA , R  , 74.0, 23.0,  37.0,  60.0,  84.0, 11.0 ,  5.0,     ,  0.0,     ,     ,    , 107.0,       ,      ,      ,        ,        ,        ,        ,        ,        ,        ,        ,      
mckenjo01, 1975,     1, MFS , WHA , R  , 57.0, 21.0,  26.0,  47.0,  48.0, 10.0 ,  4.0,     ,  2.0,     ,  6.0,    , 125.0,       ,      ,      ,        ,        ,        ,        ,        ,        ,        ,        ,      
mckenjo01, 1975,     2, CIN , WHA , R  , 12.0,  3.0,  10.0,  13.0,   6.0, -1.0 ,  1.0,     ,  0.0,     ,  0.0,    ,  17.0,       ,      ,      ,        ,        ,        ,        ,        ,        ,        ,        ,      
mckenjo01, 1976,     1, MF2 , WHA , R  , 40.0, 17.0,  13.0,  30.0,  52.0, 14.0 ,  3.0,     ,  0.0,     ,     ,    ,  98.0,       ,      ,      ,        ,        ,        ,        ,        ,        ,        ,        ,      
mckenjo01, 1976,     2, NEW , WHA , R  , 34.0, 11.0,  19.0,  30.0,  25.0, 10.0 ,  0.0,     ,  3.0,     ,     ,    ,  63.0,    5.0,   2.0,   1.0,     3.0,     8.0, 4.0    ,        ,        ,        ,        ,     0.0,      
mckenjo01, 1977,     1, NEW , WHA , R  , 79.0, 27.0,  29.0,  56.0,  61.0, 15.0 ,  9.0,     ,  0.0,     ,     ,    , 135.0,   14.0,   6.0,   6.0,    12.0,    16.0, -2.0   ,        ,        ,        ,        ,     1.0,      
mckenjo01, 1978,     1, NEW , WHA , R  , 76.0, 19.0,  28.0,  47.0, 115.0, 6.0  ,  3.0,     ,  2.0,     ,     ,    , 113.0,   10.0,   3.0,   7.0,    10.0,    10.0, 1.0    ,        ,        ,        ,        ,     1.0,      
mckenmi01, 2008,     1, TBL , NHL , G  , 15.0,  0.0,   1.0,   1.0,   0.0, 0.0  ,  0.0,  1.0,  0.0,  0.0,  0.0,    ,   0.0,       ,      ,      ,        ,        ,        ,        ,        ,        ,        ,        ,      
mckense01, 1981,     1, BUF , NHL , R  ,  3.0,  0.0,   1.0,   1.0,   2.0, 3.0  ,  0.0,     ,  0.0,     ,  0.0, 0.0,   6.0,       ,      ,      ,        ,        ,        ,        ,        ,        ,        ,        ,      
mckense01, 1982,     1, BUF , NHL , R  , 46.0, 10.0,  14.0,  24.0,   4.0, -4.0 ,  1.0,     ,  0.0,     ,  1.0, 0.0,  69.0,       ,      ,      ,        ,        ,        ,        ,        ,        ,        ,        ,      
mckense01, 1983,     1, BUF , NHL , R  , 78.0, 20.0,  10.0,  30.0,  45.0, 0.0  ,  0.0,     ,  0.0,     ,  2.0, 0.0, 107.0,    3.0,   1.0,   0.0,     1.0,     2.0, -1.0   ,     0.0,        ,     0.0,        ,     0.0,     4.0
mckense01, 1984,     1, BUF , NHL , R  , 65.0, 20.0,  16.0,  36.0,  41.0, -6.0 ,  2.0,     ,  0.0,     ,  0.0, 0.0, 109.0,    5.0,   0.0,   1.0,     1.0,     0.0, -7.0   ,     0.0,        ,     0.0,        ,     0.0,     4.0
mckense01, 1985,     1, BUF , NHL , R  , 45.0,  6.0,  12.0,  18.0,  28.0, -8.0 ,  1.0,     ,  0.0,     ,  2.0, 0.0,  83.0,       ,      ,      ,        ,        ,        ,        ,        ,        ,        ,        ,      
mckense01, 1985,     2, LAK , NHL , R  , 30.0,  4.0,   0.0,   4.0,   7.0, -15.0,  0.0,     ,  1.0,     ,  0.0, 0.0,  47.0,       ,      ,      ,        ,        ,        ,        ,        ,        ,        ,        ,      
mckense01, 1986,     1, LAK , NHL , R  , 69.0, 14.0,  19.0,  33.0,  10.0, 11.0 ,  0.0,     ,  1.0,     ,  0.0, 0.0, 102.0,    5.0,   0.0,   1.0,     1.0,     0.0, -4.0   ,     0.0,        ,     0.0,        ,     0.0,     6.0
mckense01, 1987,     1, LAK , NHL , R  , 30.0,  3.0,   2.0,   5.0,  12.0, -14.0,  0.0,  0.0,  0.0,  0.0,  0.0, 0.0,  34.0,       ,      ,      ,        ,        ,        ,        ,        ,        ,        ,        ,      
mckense01, 1987,     2, TOR , NHL , R  , 40.0,  5.0,   5.0,  10.0,  12.0, -11.0,  0.0,  0.0,  0.0,  0.0,  1.0, 0.0,  46.0,    2.0,   0.0,   0.0,     0.0,     0.0, -4.0   ,     0.0,     0.0,     0.0,     0.0,     0.0,     5.0
mckense01, 1988,     1, TOR , NHL , R  ,  3.0,  0.0,   1.0,   1.0,   0.0, -1.0 ,  0.0,  0.0,  0.0,  0.0,  0.0, 0.0,   1.0,       ,      ,      ,        ,        ,        ,        ,        ,        ,        ,        ,      
mckense01, 1989,     1, TOR , NHL , R  ,  5.0,  0.0,   0.0,   0.0,  20.0, -3.0 ,  0.0,  0.0,  0.0,  0.0,  0.0, 0.0,   6.0,       ,      ,      ,        ,        ,        ,        ,        ,        ,        ,        ,      
mckenst01, 1996,     1, LAK , NHL , L  ,  9.0,  0.0,   0.0,   0.0,  37.0, 1.0  ,  0.0,  0.0,  0.0,  0.0,  0.0, 0.0,   6.0,       ,      ,      ,        ,        ,        ,        ,        ,        ,        ,        ,      
mckenst01, 1997,     1, LAK , NHL , L  , 62.0,  4.0,   4.0,   8.0, 150.0, -9.0 ,  1.0,  0.0,  0.0,  0.0,  0.0, 1.0,  42.0,    3.0,   0.0,   1.0,     1.0,     8.0, 1.0    ,     0.0,     0.0,     0.0,     0.0,     0.0,     3.0
mckenst01, 1998,     1, LAK , NHL , L  , 20.0,  1.0,   0.0,   1.0,  36.0, -3.0 ,  0.0,  0.0,  0.0,  0.0,  0.0, 0.0,  12.0,       ,      ,      ,        ,        ,        ,        ,        ,        ,        ,        ,      
mckenst01, 1999,     1, LAK , NHL , L  , 46.0,  0.0,   5.0,   5.0, 125.0, 3.0  ,  0.0,  0.0,  0.0,  0.0,  0.0, 0.0,  14.0,       ,      ,      ,        ,        ,        ,        ,        ,        ,        ,        ,      
mckenst01, 2000,     1, MIN , NHL , L  , 20.0,  1.0,   1.0,   2.0,  19.0, 0.0  ,  0.0,  0.0,  0.0,  0.0,  0.0, 0.0,  12.0,       ,      ,      ,        ,        ,        ,        ,        ,        ,        ,        ,      
mckenst01, 2000,     2, PIT , NHL , L  , 34.0,  0.0,   0.0,   0.0, 100.0, -4.0 ,  0.0,  0.0,  0.0,  0.0,  0.0, 0.0,   7.0,       ,      ,      ,        ,        ,        ,        ,        ,        ,        ,        ,      
mckenst01, 2001,     1, NYR , NHL , L  , 54.0,  2.0,   1.0,   3.0, 144.0, 0.0  ,  1.0,  0.0,  0.0,  0.0,  1.0, 0.0,  17.0,       ,      ,      ,        ,        ,        ,        ,        ,        ,        ,        ,      
mckenst01, 2002,     1, PIT , NHL , L  , 79.0,  9.0,   1.0,  10.0, 128.0, -18.0,  5.0,  0.0,  0.0,  0.0,  3.0, 0.0,  59.0,       ,      ,      ,        ,        ,        ,        ,        ,        ,        ,        ,      
mckenst01, 2003,     1, PIT , NHL , L  , 49.0,  1.0,   2.0,   3.0,  85.0, -10.0,  0.0,  0.0,  0.0,  0.0,  0.0, 0.0,  30.0,       ,      ,      ,        ,        ,        ,        ,        ,        ,        ,        ,      
mckicst01, 1990,     1, VAN , NHL , G  ,  1.0,  0.0,   0.0,   0.0,   0.0, 0.0  ,  0.0,  0.0,  0.0,  0.0,  0.0, 0.0,   0.0,       ,      ,      ,        ,        ,        ,        ,        ,        ,        ,        ,      
mckiman01, 1992,     1, BOS , NHL , C  ,  7.0,  1.0,   3.0,   4.0,   0.0, 2.0  ,  0.0,  1.0,  0.0,  0.0,  0.0, 0.0,  12.0,       ,      ,      ,        ,        ,        ,        ,        ,        ,        ,        ,      
mckiman01, 1993,     1, BOS , NHL , C  , 29.0,  0.0,   1.0,   1.0,   4.0, -10.0,  0.0,  0.0,  0.0,  0.0,  0.0, 0.0,  22.0,       ,      ,      ,        ,        ,        ,        ,        ,        ,        ,        ,      
mckiman01, 1994,     1, DET , NHL , C  ,  2.0,  0.0,   0.0,   0.0,   2.0, 0.0  ,  0.0,  0.0,  0.0,  0.0,  0.0, 0.0,   0.0,       ,      ,      ,        ,        ,        ,        ,        ,        ,        ,        ,      
mckinal01, 1924,     1, HAM , NHL , D  , 29.0,  8.0,   3.0,  11.0,  47.0,      ,     ,     ,     ,     ,     ,    ,      ,       ,      ,      ,        ,        ,        ,        ,        ,        ,        ,        ,      
mckinal01, 1925,     1, NYA , NHL , R  , 35.0,  5.0,   3.0,   8.0,  34.0,      ,     ,     ,     ,     ,     ,    ,      ,       ,      ,      ,        ,        ,        ,        ,        ,        ,        ,        ,      
mckinal01, 1926,     1, NYA , NHL , R  , 42.0,  2.0,   1.0,   3.0,  29.0,      ,     ,     ,     ,     ,     ,    ,      ,       ,      ,      ,        ,        ,        ,        ,        ,        ,        ,        ,      
mckinal01, 1927,     1, NYA , NHL , R  , 43.0,  3.0,   3.0,   6.0,  71.0,      ,     ,     ,     ,     ,     ,    ,      ,       ,      ,      ,        ,        ,        ,        ,        ,        ,        ,        ,      
mckinal01, 1928,     1, CHI , NHL , D  , 44.0,  1.0,   1.0,   2.0,  56.0,      ,     ,     ,     ,     ,     ,    ,      ,       ,      ,      ,        ,        ,        ,        ,        ,        ,        ,        ,      
mckinjo01, 1925,     1, MTL , NHL , D  ,  2.0,  0.0,   0.0,   0.0,   0.0,      ,     ,     ,     ,     ,     ,    ,      ,       ,      ,      ,        ,        ,        ,        ,        ,        ,        ,        ,      
mckinjo01, 1926,     1, PIP , NHL , D  , 44.0, 13.0,   0.0,  13.0,  21.0,      ,     ,     ,     ,     ,     ,    ,      ,       ,      ,      ,        ,        ,        ,        ,        ,        ,        ,        ,      
mckinjo01, 1927,     1, PIP , NHL , D  , 43.0,  3.0,   3.0,   6.0,  71.0,      ,     ,     ,     ,     ,     ,    ,      ,    2.0,   0.0,   0.0,     0.0,     4.0,        ,        ,        ,        ,        ,        ,      
mckinjo01, 1928,     1, PIP , NHL , D  , 39.0,  1.0,   0.0,   1.0,  44.0,      ,     ,     ,     ,     ,     ,    ,      ,       ,      ,      ,        ,        ,        ,        ,        ,        ,        ,        ,      
mckinjo01, 1929,     1, PIP , NHL , D  , 41.0, 10.0,   7.0,  17.0,  42.0,      ,     ,     ,     ,     ,     ,    ,      ,       ,      ,      ,        ,        ,        ,        ,        ,        ,        ,        ,      
mckinjo01, 1930,     1, PHQ , NHL , D  , 39.0,  1.0,   1.0,   2.0,  46.0,      ,     ,     ,     ,     ,     ,    ,      ,       ,      ,      ,        ,        ,        ,        ,        ,        ,        ,        ,      
mclacmu01, 1970,     1, TOR , NHL , G  ,  2.0,  0.0,   0.0,   0.0,   0.0, 0.0  ,  0.0,     ,  0.0,     ,  0.0, 0.0,   0.0,       ,      ,      ,        ,        ,        ,        ,        ,        ,        ,        ,      
mclarfr01, 2009,     1, SJS , NHL , L  , 23.0,  1.0,   5.0,   6.0,  54.0, 6.0  ,  0.0,  0.0,  0.0,  0.0,  0.0,    ,  13.0,       ,      ,      ,        ,        ,        ,        ,        ,        ,        ,        ,      
mclarky01, 1995,     1, BOS , NHL , D  , 74.0,  5.0,  12.0,  17.0,  73.0, 16.0 ,  0.0,  0.0,  0.0,  1.0,  0.0, 0.0,  74.0,    5.0,   0.0,   0.0,     0.0,    14.0, -3.0   ,     0.0,     0.0,     0.0,     0.0,     0.0,    13.0
mclarky01, 1996,     1, BOS , NHL , D  , 58.0,  5.0,   9.0,  14.0,  54.0, -9.0 ,  0.0,  0.0,  0.0,  1.0,  1.0, 0.0,  68.0,       ,      ,      ,        ,        ,        ,        ,        ,        ,        ,        ,      
mclarky01, 1997,     1, BOS , NHL , D  , 66.0,  5.0,  20.0,  25.0,  56.0, 13.0 ,  2.0,  6.0,  0.0,  0.0,  0.0, 0.0, 101.0,    6.0,   1.0,   0.0,     1.0,     4.0, -3.0   ,     1.0,     0.0,     0.0,     0.0,     0.0,    21.0
mclarky01, 1998,     1, BOS , NHL , D  , 52.0,  6.0,  18.0,  24.0,  48.0, 1.0  ,  3.0,  8.0,  0.0,  0.0,  0.0, 0.0,  97.0,   12.0,   0.0,   3.0,     3.0,    10.0, 4.0    ,     0.0,     0.0,     0.0,     0.0,     0.0,    21.0
mclarky01, 1999,     1, BOS , NHL , D  , 71.0,  8.0,  11.0,  19.0,  67.0, -4.0 ,  2.0,  1.0,  0.0,  0.0,  3.0, 0.0, 142.0,       ,      ,      ,        ,        ,        ,        ,        ,        ,        ,        ,      
mclarky01, 2000,     1, BOS , NHL , D  , 58.0,  5.0,  12.0,  17.0,  53.0, -5.0 ,  2.0,  0.0,  0.0,  1.0,  0.0, 1.0,  91.0,       ,      ,      ,        ,        ,        ,        ,        ,        ,        ,        ,      
mclarky01, 2001,     1, BOS , NHL , D  , 38.0,  0.0,   8.0,   8.0,  19.0, -4.0 ,  0.0,  0.0,  0.0,  3.0,  0.0, 0.0,  57.0,    4.0,   0.0,   0.0,     0.0,    20.0, 2.0    ,     0.0,     0.0,     0.0,     0.0,     0.0,     2.0
mclarky01, 2002,     1, SJS , NHL , D  , 33.0,  0.0,   8.0,   8.0,  30.0, -10.0,  0.0,  2.0,  0.0,  0.0,  0.0, 0.0,  43.0,       ,      ,      ,        ,        ,        ,        ,        ,        ,        ,        ,      
mclarky01, 2003,     1, SJS , NHL , D  , 64.0,  2.0,  22.0,  24.0,  60.0, 10.0 ,  0.0,  5.0,  1.0,  1.0,  0.0, 0.0,  67.0,   16.0,   0.0,   3.0,     3.0,    10.0, -1.0   ,     0.0,     1.0,     0.0,     0.0,     0.0,    12.0
mclarky01, 2005,     1, SJS , NHL , D  , 77.0,  2.0,  21.0,  23.0,  66.0, 6.0  ,  0.0,  5.0,  0.0,  0.0,  1.0,    ,  67.0,   11.0,   0.0,   3.0,     3.0,     4.0, 2.0    ,     0.0,     0.0,     0.0,     0.0,     0.0,     7.0
mclarky01, 2006,     1, SJS , NHL , D  , 67.0,  5.0,  12.0,  17.0,  61.0, 10.0 ,  1.0,  1.0,  0.0,  0.0,  0.0,    ,  43.0,   11.0,   0.0,   4.0,     4.0,    10.0, -2.0   ,     0.0,     1.0,     0.0,     0.0,     0.0,     7.0
mclarky01, 2007,     1, SJS , NHL , D  , 61.0,  3.0,   8.0,  11.0,  84.0, 3.0  ,  0.0,  1.0,  0.0,  0.0,  0.0,    ,  39.0,    5.0,   0.0,   0.0,     0.0,     6.0, -2.0   ,     0.0,     0.0,     0.0,     0.0,     0.0,     0.0
mclarst01, 2003,     1, STL , NHL , L  ,  6.0,  0.0,   0.0,   0.0,  25.0, 0.0  ,  0.0,  0.0,  0.0,  0.0,  0.0, 0.0,   2.0,       ,      ,      ,        ,        ,        ,        ,        ,        ,        ,        ,      
mcleaar01, 1911,     1, NWR , PCHA, D  , 15.0,  2.0,   0.0,   2.0,  36.0,      ,     ,     ,     ,     ,     ,    ,      ,       ,      ,      ,        ,        ,        ,        ,        ,        ,        ,        ,      
mcleaar01, 1912,     1, TBS , NHA ,    ,  9.0,  2.0,   0.0,   2.0,   4.0,      ,     ,     ,     ,     ,     ,    ,      ,       ,      ,      ,        ,        ,        ,        ,        ,        ,        ,        ,      
mcleabr01, 2002,     1, CHI , NHL , C  ,  2.0,  0.0,   0.0,   0.0,   0.0, -1.0 ,  0.0,  0.0,  0.0,  0.0,  0.0, 0.0,   1.0,       ,      ,      ,        ,        ,        ,        ,        ,        ,        ,        ,      
mcleabr01, 2003,     1, CHI , NHL , C  , 76.0, 11.0,  20.0,  31.0,  54.0, -11.0,  5.0,  5.0,  1.0,  1.0,  0.0, 0.0, 125.0,       ,      ,      ,        ,        ,        ,        ,        ,        ,        ,        ,      
mcleabr01, 2005,     1, COL , NHL , C  , 82.0,  9.0,  31.0,  40.0,  51.0, -7.0 ,  1.0, 10.0,  0.0,  0.0,  0.0,    , 115.0,    8.0,   0.0,   1.0,     1.0,     4.0, -5.0   ,     0.0,     0.0,     0.0,     0.0,     0.0,     8.0
mcleabr01, 2006,     1, COL , NHL , C  , 78.0, 15.0,  20.0,  35.0,  36.0, 8.0  ,  0.0,  1.0,  0.0,  0.0,  3.0,    , 134.0,       ,      ,      ,        ,        ,        ,        ,        ,        ,        ,        ,      
mcleabr01, 2007,     1, FLO , NHL , C  , 67.0, 14.0,  23.0,  37.0,  34.0, -5.0 ,  3.0, 10.0,  1.0,  0.0,  1.0,    , 140.0,       ,      ,      ,        ,        ,        ,        ,        ,        ,        ,        ,      
mcleabr01, 2008,     1, FLO , NHL , C  , 80.0,  7.0,  12.0,  19.0,  29.0, -12.0,  0.0,  1.0,  0.0,  0.0,  2.0,    , 114.0,       ,      ,      ,        ,        ,        ,        ,        ,        ,        ,        ,      
mcleado01, 1975,     1, WAS , NHL , D  ,  9.0,  0.0,   0.0,   0.0,   6.0, -3.0 ,  0.0,     ,  0.0,     ,  0.0, 0.0,   4.0,       ,      ,      ,        ,        ,        ,        ,        ,        ,        ,        ,      
mcleafr01, 1919,     1, QUB , NHL , F  ,  7.0,  0.0,   0.0,   0.0,   2.0,      ,     ,     ,     ,     ,     ,    ,      ,       ,      ,      ,        ,        ,        ,        ,        ,        ,        ,        ,      
mcleafr01, 1920,     1, HAM , NHL , F  ,  1.0,  0.0,   0.0,   0.0,   0.0,      ,     ,     ,     ,     ,     ,    ,      ,       ,      ,      ,        ,        ,        ,        ,        ,        ,        ,        ,      
mcleaja01, 1942,     1, TOR , NHL , C  , 27.0,  9.0,   8.0,  17.0,  33.0,      ,     ,     ,     ,     ,     ,    ,      ,    6.0,   2.0,   2.0,     4.0,     2.0,        ,        ,        ,        ,        ,        ,      
mcleaja01, 1943,     1, TOR , NHL , C  , 32.0,  3.0,  15.0,  18.0,  30.0,      ,     ,     ,     ,     ,     ,    ,      ,    3.0,   0.0,   0.0,     0.0,     6.0,        ,        ,        ,        ,        ,        ,      
mcleaja01, 1944,     1, TOR , NHL , C  ,  8.0,  2.0,   1.0,   3.0,  13.0,      ,     ,     ,     ,     ,     ,    ,      ,    4.0,   0.0,   0.0,     0.0,     0.0,        ,        ,        ,        ,        ,        ,      
mcleaje01, 1993,     1, SJS , NHL , C  ,  6.0,  1.0,   0.0,   1.0,   0.0, 1.0  ,  0.0,  0.0,  0.0,  0.0,  0.0, 0.0,   5.0,       ,      ,      ,        ,        ,        ,        ,        ,        ,        ,        ,      
mcleaki01, 1985,     1, NJD , NHL , G  ,  2.0,  0.0,   0.0,   0.0,   0.0, 0.0  ,  0.0,     ,  0.0,     ,  0.0, 0.0,   0.0,       ,      ,      ,        ,        ,        ,        ,        ,        ,        ,        ,      
mcleaki01, 1986,     1, NJD , NHL , G  ,  4.0,  0.0,   0.0,   0.0,   0.0, 0.0  ,  0.0,     ,  0.0,     ,  0.0, 0.0,   0.0,       ,      ,      ,        ,        ,        ,        ,        ,        ,        ,        ,      
mcleaki01, 1987,     1, VAN , NHL , G  , 41.0,  0.0,   2.0,   2.0,   8.0, 0.0  ,  0.0,     ,  0.0,     ,  0.0, 0.0,   0.0,       ,      ,      ,        ,        ,        ,        ,        ,        ,        ,        ,      
mcleaki01, 1988,     1, VAN , NHL , G  , 42.0,  0.0,   1.0,   1.0,   6.0, 0.0  ,  0.0,     ,  0.0,     ,  0.0, 0.0,   0.0,    5.0,   0.0,   0.0,     0.0,     0.0, 0.0    ,     0.0,     0.0,     0.0,     0.0,     0.0,     0.0
mcleaki01, 1989,     1, VAN , NHL , G  , 63.0,  0.0,   3.0,   3.0,   6.0, 0.0  ,  0.0,     ,  0.0,     ,  0.0, 0.0,   0.0,       ,      ,      ,        ,        ,        ,        ,        ,        ,        ,        ,      
mcleaki01, 1990,     1, VAN , NHL , G  , 41.0,  0.0,   0.0,   0.0,   4.0, 0.0  ,  0.0,  0.0,  0.0,  0.0,  0.0, 0.0,   0.0,    2.0,   0.0,   0.0,     0.0,     0.0, 0.0    ,     0.0,     0.0,     0.0,     0.0,     0.0,     0.0
mcleaki01, 1991,     1, VAN , NHL , G  , 65.0,  0.0,   5.0,   5.0,   0.0, 0.0  ,  0.0,  3.0,  0.0,  0.0,  0.0, 0.0,   0.0,   13.0,   0.0,   1.0,     1.0,     0.0, 0.0    ,     0.0,        ,     0.0,        ,     0.0,     0.0
mcleaki01, 1992,     1, VAN , NHL , G  , 54.0,  0.0,   1.0,   1.0,  16.0, 0.0  ,  0.0,  0.0,  0.0,  0.0,  0.0, 0.0,   0.0,   12.0,   0.0,   3.0,     3.0,     0.0, 0.0    ,     0.0,        ,     0.0,        ,     0.0,     0.0
mcleaki01, 1993,     1, VAN , NHL , G  , 52.0,  0.0,   4.0,   4.0,   2.0, 0.0  ,  0.0,  2.0,  0.0,  1.0,  0.0, 0.0,   0.0,   24.0,   0.0,   1.0,     1.0,     0.0, 0.0    ,     0.0,        ,     0.0,        ,     0.0,     0.0
mcleaki01, 1994,     1, VAN , NHL , G  , 40.0,  0.0,   1.0,   1.0,   4.0, 0.0  ,  0.0,  1.0,  0.0,  0.0,  0.0, 0.0,   0.0,   11.0,   0.0,   1.0,     1.0,     0.0, 0.0    ,     0.0,     1.0,     0.0,     0.0,     0.0,     0.0
mcleaki01, 1995,     1, VAN , NHL , G  , 45.0,  0.0,   2.0,   2.0,   6.0, 0.0  ,  0.0,  0.0,  0.0,  1.0,  0.0, 0.0,   0.0,    1.0,   0.0,   0.0,     0.0,     0.0, 0.0    ,     0.0,     0.0,     0.0,     0.0,     0.0,     0.0
mcleaki01, 1996,     1, VAN , NHL , G  , 44.0,  0.0,   2.0,   2.0,   2.0, 0.0  ,  0.0,  0.0,  0.0,  0.0,  0.0, 0.0,   0.0,       ,      ,      ,        ,        ,        ,        ,        ,        ,        ,        ,      
mcleaki01, 1997,     1, VAN , NHL , G  , 29.0,  0.0,   0.0,   0.0,   0.0, 0.0  ,  0.0,  0.0,  0.0,  0.0,  0.0, 0.0,   0.0,       ,      ,      ,        ,        ,        ,        ,        ,        ,        ,        ,      
mcleaki01, 1997,     2, CAR , NHL , G  ,  8.0,  0.0,   1.0,   1.0,   0.0, 0.0  ,  0.0,  0.0,  0.0,  0.0,  0.0, 0.0,   0.0,       ,      ,      ,        ,        ,        ,        ,        ,        ,        ,        ,      
mcleaki01, 1997,     3, FLO , NHL , G  ,  7.0,  0.0,   0.0,   0.0,   0.0, 0.0  ,  0.0,  0.0,  0.0,  0.0,  0.0, 0.0,   0.0,       ,      ,      ,        ,        ,        ,        ,        ,        ,        ,        ,      
mcleaki01, 1998,     1, FLO , NHL , G  , 30.0,  0.0,   0.0,   0.0,   2.0, 0.0  ,  0.0,  0.0,  0.0,  0.0,  0.0, 0.0,   0.0,       ,      ,      ,        ,        ,        ,        ,        ,        ,        ,        ,      
mcleaki01, 1999,     1, NYR , NHL , G  , 22.0,  0.0,   1.0,   1.0,   2.0, 0.0  ,  0.0,  0.0,  0.0,  0.0,  0.0, 0.0,   0.0,       ,      ,      ,        ,        ,        ,        ,        ,        ,        ,        ,      
mcleaki01, 2000,     1, NYR , NHL , G  , 23.0,  0.0,   0.0,   0.0,   0.0, 0.0  ,  0.0,  0.0,  0.0,  0.0,  0.0, 0.0,   0.0,       ,      ,      ,        ,        ,        ,        ,        ,        ,        ,        ,      
mcleaku01, 2008,     1, NYI , NHL , R  ,  4.0,  1.0,   0.0,   1.0,   0.0, 1.0  ,  0.0,  0.0,  0.0,  0.0,  1.0,    ,   5.0,       ,      ,      ,        ,        ,        ,        ,        ,        ,        ,        ,      
mclelda01, 1972,     1, VAN , NHL , G  ,  2.0,  0.0,   0.0,   0.0,   0.0, 0.0  ,  0.0,     ,  0.0,     ,  0.0, 0.0,   0.0,       ,      ,      ,        ,        ,        ,        ,        ,        ,        ,        ,      
mcleljo01, 1951,     1, TOR , NHL , C  ,  2.0,  0.0,   0.0,   0.0,   0.0,      ,     ,     ,     ,     ,     ,    ,      ,       ,      ,      ,        ,        ,        ,        ,        ,        ,        ,        ,      
mclelsc01, 1982,     1, BOS , NHL , R  ,  2.0,  0.0,   0.0,   0.0,   0.0, 0.0  ,  0.0,     ,  0.0,     ,  0.0, 0.0,   0.0,       ,      ,      ,        ,        ,        ,        ,        ,        ,        ,        ,      
mclelto01, 1987,     1, NYI , NHL , C  ,  5.0,  1.0,   1.0,   2.0,   0.0, -1.0 ,  0.0,  0.0,  0.0,  0.0,  0.0, 0.0,   4.0,       ,      ,      ,        ,        ,        ,        ,        ,        ,        ,        ,      
mclenja01, 1993,     1, NYI , NHL , G  , 22.0,  0.0,   1.0,   1.0,   6.0, 0.0  ,  0.0,  0.0,  0.0,  0.0,  0.0, 0.0,   0.0,    2.0,   0.0,   0.0,     0.0,     0.0, 0.0    ,     0.0,     0.0,     0.0,     0.0,     0.0,     0.0
mclenja01, 1994,     1, NYI , NHL , G  , 21.0,  0.0,   0.0,   0.0,   2.0, 0.0  ,  0.0,  0.0,  0.0,  0.0,  0.0, 0.0,   0.0,       ,      ,      ,        ,        ,        ,        ,        ,        ,        ,        ,      
mclenja01, 1995,     1, NYI , NHL , G  , 13.0,  0.0,   0.0,   0.0,   2.0, 0.0  ,  0.0,  0.0,  0.0,  0.0,  0.0, 0.0,   0.0,       ,      ,      ,        ,        ,        ,        ,        ,        ,        ,        ,      
mclenja01, 1997,     1, STL , NHL , G  , 30.0,  0.0,   0.0,   0.0,   4.0, 0.0  ,  0.0,  0.0,  0.0,  0.0,  0.0, 0.0,   0.0,    1.0,   0.0,   0.0,     0.0,     0.0, 0.0    ,     0.0,     0.0,     0.0,     0.0,     0.0,     0.0
mclenja01, 1998,     1, STL , NHL , G  , 33.0,  0.0,   0.0,   0.0,   0.0, 0.0  ,  0.0,  0.0,  0.0,  0.0,  0.0, 0.0,   0.0,    1.0,   0.0,   0.0,     0.0,     6.0, 0.0    ,     0.0,     0.0,     0.0,     0.0,     0.0,     0.0
mclenja01, 1999,     1, STL , NHL , G  , 19.0,  0.0,   0.0,   0.0,   2.0, 0.0  ,  0.0,  0.0,  0.0,  0.0,  0.0, 0.0,   0.0,       ,      ,      ,        ,        ,        ,        ,        ,        ,        ,        ,      
mclenja01, 2000,     1, MIN , NHL , G  , 38.0,  0.0,   1.0,   1.0,   4.0, 0.0  ,  0.0,  0.0,  0.0,  0.0,  0.0, 0.0,   0.0,       ,      ,      ,        ,        ,        ,        ,        ,        ,        ,        ,      
mclenja01, 2002,     1, CAL , NHL , G  , 22.0,  0.0,   0.0,   0.0,  14.0, 0.0  ,  0.0,  0.0,  0.0,  0.0,  0.0, 0.0,   0.0,       ,      ,      ,        ,        ,        ,        ,        ,        ,        ,        ,      
mclenja01, 2003,     1, CAL , NHL , G  , 26.0,  0.0,   1.0,   1.0,   4.0, 0.0  ,  0.0,  1.0,  0.0,  0.0,  0.0, 0.0,   0.0,       ,      ,      ,        ,        ,        ,        ,        ,        ,        ,        ,      
mclenja01, 2003,     2, NYR , NHL , G  ,  4.0,  0.0,   0.0,   0.0,   0.0, 0.0  ,  0.0,  0.0,  0.0,  0.0,  0.0, 0.0,   0.0,       ,      ,      ,        ,        ,        ,        ,        ,        ,        ,        ,      
mclenja01, 2005,     1, FLO , NHL , G  , 17.0,  0.0,   0.0,   0.0,   0.0, 0.0  ,  0.0,  0.0,  0.0,  0.0,  0.0,    ,   0.0,       ,      ,      ,        ,        ,        ,        ,        ,        ,        ,        ,      
mclenja01, 2006,     1, CAL , NHL , G  ,  9.0,  0.0,   0.0,   0.0,  16.0, 0.0  ,  0.0,  0.0,  0.0,  0.0,  0.0,    ,   0.0,    1.0,   0.0,   0.0,     0.0,    12.0, 0.0    ,     0.0,     0.0,     0.0,     0.0,     0.0,     0.0
mclenro01, 1945,     1, DET , NHL , D  ,  9.0,  2.0,   1.0,   3.0,  10.0,      ,     ,     ,     ,     ,     ,    ,      ,    2.0,   0.0,   0.0,     0.0,     0.0,        ,        ,        ,        ,        ,        ,      
mcleoal01, 1973,     1, DET , NHL , D  , 26.0,  2.0,   2.0,   4.0,  24.0, -7.0 ,  0.0,     ,  0.0,     ,  0.0, 0.0,  23.0,       ,      ,      ,        ,        ,        ,        ,        ,        ,        ,        ,      
mcleoal01, 1974,     1, PHR , WHA , D  , 77.0,  3.0,  16.0,  19.0,  98.0, 12.0 ,  0.0,     ,  0.0,     ,     ,    ,  75.0,    5.0,   0.0,   4.0,     4.0,     4.0,        ,     0.0,        ,     0.0,        ,     0.0,      
mcleoal01, 1975,     1, PHR , WHA , D  , 80.0,  2.0,  18.0,  20.0,  82.0, 12.0 ,  1.0,     ,  0.0,     ,  0.0,    ,  83.0,    5.0,   0.0,   2.0,     2.0,     4.0, -1.0   ,        ,        ,        ,        ,        ,      
mcleoal01, 1976,     1, PHR , WHA , D  , 29.0,  1.0,   5.0,   6.0,  35.0, -10.0,  0.0,     ,  0.0,     ,     ,    ,  23.0,       ,      ,      ,        ,        ,        ,        ,        ,        ,        ,        ,      
mcleoal01, 1976,     2, HOU , WHA , D  , 51.0,  7.0,  21.0,  28.0,  20.0, 19.0 ,  1.0,     ,  0.0,     ,     ,    ,  69.0,   10.0,   1.0,   3.0,     4.0,     9.0, -2.0   ,        ,        ,        ,        ,     0.0,      
mcleoal01, 1977,     1, HOU , WHA , D  , 80.0,  2.0,  22.0,  24.0,  54.0, 18.0 ,  0.0,     ,  0.0,     ,     ,    ,  85.0,    6.0,   1.0,   0.0,     1.0,     2.0, -9.0   ,        ,        ,        ,        ,     0.0,      
mcleoal01, 1978,     1, IND , WHA , D  , 25.0,  0.0,  11.0,  11.0,  22.0, 0.0  ,  0.0,     ,  0.0,     ,     ,    ,  23.0,       ,      ,      ,        ,        ,        ,        ,        ,        ,        ,        ,      
mcleoco01, 2007,     1, COL , NHL , L  , 49.0,  4.0,   5.0,   9.0, 120.0, -6.0 ,  0.0,  0.0,  0.0,  0.0,  0.0,    ,  60.0,   10.0,   1.0,   1.0,     2.0,    26.0, -3.0   ,     0.0,     0.0,     0.0,     0.0,     0.0,    16.0
mcleoco01, 2008,     1, COL , NHL , L  , 79.0, 15.0,   5.0,  20.0, 162.0, -11.0,  0.0,  0.0,  0.0,  0.0,  3.0,    , 118.0,       ,      ,      ,        ,        ,        ,        ,        ,        ,        ,        ,      
mcleoco01, 2009,     1, COL , NHL , L  , 74.0,  7.0,  11.0,  18.0, 138.0, -13.0,  0.0,  0.0,  0.0,  1.0,  1.0,    , 117.0,    6.0,   0.0,   0.0,     0.0,     5.0, -2.0   ,     0.0,     0.0,     0.0,     0.0,     0.0,     4.0
mcleodo01, 1970,     1, DET , NHL , G  , 14.0,  0.0,   0.0,   0.0,   0.0, 0.0  ,  0.0,     ,  0.0,     ,  0.0, 0.0,   0.0,       ,      ,      ,        ,        ,        ,        ,        ,        ,        ,        ,      
mcleodo01, 1971,     1, PHI , NHL , G  ,  4.0,  0.0,   0.0,   0.0,   0.0, 0.0  ,  0.0,     ,  0.0,     ,  0.0, 0.0,   0.0,       ,      ,      ,        ,        ,        ,        ,        ,        ,        ,        ,      
mcleodo01, 1972,     1, HOU , WHA , G  , 41.0,  0.0,   0.0,   0.0,   6.0,      ,  0.0,     ,  0.0,     ,     ,    ,      ,    3.0,   0.0,   0.0,     0.0,     0.0,        ,     0.0,        ,     0.0,        ,     0.0,      
mcleodo01, 1973,     1, HOU , WHA , G  , 49.0,  0.0,   3.0,   3.0,   6.0,      ,  0.0,     ,  0.0,     ,  0.0,    ,      ,   14.0,   0.0,   0.0,     0.0,     2.0,        ,        ,        ,        ,        ,     0.0,      
mcleodo01, 1974,     1, VAB , WHA , G  , 72.0,  0.0,   8.0,   8.0,  14.0,      ,  0.0,     ,  0.0,     ,  0.0,    ,   3.0,       ,      ,      ,        ,        ,        ,        ,        ,        ,        ,        ,      
mcleodo01, 1975,     1, CAC , WHA , G  , 63.0,  0.0,  13.0,  13.0,   4.0, 0.0  ,  0.0,     ,  0.0,     ,  0.0,    ,   6.0,   10.0,   0.0,   1.0,     1.0,     4.0, 0.0    ,        ,        ,        ,        ,        ,      
mcleodo01, 1976,     1, CAC , WHA , G  , 67.0,  0.0,   9.0,   9.0,   2.0, 0.0  ,  0.0,     ,  0.0,     ,  0.0,    ,   3.0,       ,      ,      ,        ,        ,        ,        ,        ,        ,        ,        ,      
mcleodo01, 1977,     1, QUN , WHA , G  ,  7.0,  0.0,   2.0,   2.0,   0.0, 0.0  ,  0.0,     ,  0.0,     ,     ,    ,   0.0,       ,      ,      ,        ,        ,        ,        ,        ,        ,        ,        ,      
mcleodo01, 1977,     2, EDO , WHA , G  , 33.0,  0.0,   8.0,   8.0,   2.0, 0.0  ,  0.0,     ,  0.0,     ,     ,    ,   1.0,    4.0,   0.0,   0.0,     0.0,     0.0, 0.0    ,        ,        ,        ,        ,     0.0,      
mcleoja01, 1949,     1, NYR , NHL , R  , 38.0,  6.0,   9.0,  15.0,   2.0,      ,     ,     ,     ,     ,     ,    ,      ,    7.0,   0.0,   0.0,     0.0,     0.0,        ,        ,        ,        ,        ,        ,      
mcleoja01, 1950,     1, NYR , NHL , R  , 41.0,  5.0,  10.0,  15.0,   2.0,      ,     ,     ,     ,     ,     ,    ,      ,       ,      ,      ,        ,        ,        ,        ,        ,        ,        ,        ,      
mcleoja01, 1951,     1, NYR , NHL , R  , 13.0,  2.0,   3.0,   5.0,   2.0,      ,     ,     ,     ,     ,     ,    ,      ,       ,      ,      ,        ,        ,        ,        ,        ,        ,        ,        ,      
mcleoja01, 1952,     1, NYR , NHL , R  ,  3.0,  0.0,   0.0,   0.0,   2.0,      ,     ,     ,     ,     ,     ,    ,      ,       ,      ,      ,        ,        ,        ,        ,        ,        ,        ,        ,      
mcleoja01, 1954,     1, NYR , NHL , R  , 11.0,  1.0,   1.0,   2.0,   4.0,      ,     ,     ,     ,     ,     ,    ,      ,       ,      ,      ,        ,        ,        ,        ,        ,        ,        ,        ,      
mcleoji01, 1971,     1, STL , NHL , G  , 16.0,  0.0,   1.0,   1.0,   0.0, 0.0  ,  0.0,     ,  0.0,     ,  0.0, 0.0,   0.0,       ,      ,      ,        ,        ,        ,        ,        ,        ,        ,        ,      
mcleoji01, 1972,     1, CHC , WHA , G  , 54.0,  0.0,   1.0,   1.0,   2.0,      ,  0.0,     ,  0.0,     ,     ,    ,      ,       ,      ,      ,        ,        ,        ,        ,        ,        ,        ,        ,      
mcleoji01, 1973,     1, NYJ , WHA , G  , 10.0,  0.0,   0.0,   0.0,   2.0,      ,  0.0,     ,  0.0,     ,  0.0,    ,      ,       ,      ,      ,        ,        ,        ,        ,        ,        ,        ,        ,      
mcleoji01, 1973,     2, LAS , WHA , G  , 17.0,  0.0,   0.0,   0.0,   0.0,      ,  0.0,     ,  0.0,     ,  0.0,    ,      ,       ,      ,      ,        ,        ,        ,        ,        ,        ,        ,        ,      
mcleoji01, 1974,     1, MIB , WHA , G  , 16.0,  0.0,   0.0,   0.0,   0.0,      ,  0.0,     ,  0.0,     ,  0.0,    ,   0.0,       ,      ,      ,        ,        ,        ,        ,        ,        ,        ,        ,      
mcllwda01, 1987,     1, PIT , NHL , C  , 66.0, 11.0,   8.0,  19.0,  40.0, -1.0 ,  1.0,  0.0,  0.0,  0.0,  0.0, 0.0,  65.0,       ,      ,      ,        ,        ,        ,        ,        ,        ,        ,        ,      
mcllwda01, 1988,     1, PIT , NHL , C  , 24.0,  1.0,   2.0,   3.0,   4.0, -11.0,  0.0,  1.0,  0.0,  0.0,  0.0, 0.0,  14.0,    3.0,   0.0,   1.0,     1.0,     0.0, 0.0    ,     0.0,     0.0,     0.0,     0.0,     0.0,     7.0
mcllwda01, 1989,     1, WIN , NHL , C  , 80.0, 25.0,  26.0,  51.0,  60.0, -1.0 ,  1.0,  5.0,  7.0,  1.0,  2.0, 0.0, 180.0,    7.0,   0.0,   1.0,     1.0,     2.0, -3.0   ,     0.0,     1.0,     0.0,     0.0,     0.0,     8.0
mcllwda01, 1990,     1, WIN , NHL , C  , 60.0, 14.0,  11.0,  25.0,  46.0, -13.0,  2.0,  0.0,  2.0,  0.0,  2.0, 0.0, 104.0,       ,      ,      ,        ,        ,        ,        ,        ,        ,        ,        ,      
mcllwda01, 1991,     1, WIN , NHL , C  ,  3.0,  1.0,   1.0,   2.0,   2.0, 1.0  ,  0.0,  0.0,  0.0,  0.0,  0.0, 0.0,   3.0,       ,      ,      ,        ,        ,        ,        ,        ,        ,        ,        ,      
mcllwda01, 1991,     2, BUF , NHL , C  ,  5.0,  0.0,   0.0,   0.0,   2.0, -3.0 ,  0.0,  0.0,  0.0,  0.0,  0.0, 0.0,   5.0,       ,      ,      ,        ,        ,        ,        ,        ,        ,        ,        ,      
mcllwda01, 1991,     3, NYI , NHL , C  , 54.0,  8.0,  15.0,  23.0,  28.0, -8.0 ,  1.0,  1.0,  1.0,  2.0,  1.0, 0.0,  71.0,       ,      ,      ,        ,        ,        ,        ,        ,        ,        ,        ,      
mcllwda01, 1991,     4, TOR , NHL , C  , 11.0,  1.0,   2.0,   3.0,   4.0, 1.0  ,  0.0,  0.0,  0.0,  1.0,  1.0, 0.0,  12.0,       ,      ,      ,        ,        ,        ,        ,        ,        ,        ,        ,      
mcllwda01, 1992,     1, TOR , NHL , C  , 66.0, 14.0,   4.0,  18.0,  30.0, -18.0,  1.0,  0.0,  1.0,  1.0,  3.0, 0.0,  85.0,    4.0,   0.0,   0.0,     0.0,     0.0, -4.0   ,     0.0,     0.0,     0.0,     0.0,     0.0,     3.0
mcllwda01, 1993,     1, OTT , NHL , L  , 66.0, 17.0,  26.0,  43.0,  48.0, -40.0,  1.0,  4.0,  1.0,  3.0,  1.0, 0.0, 115.0,       ,      ,      ,        ,        ,        ,        ,        ,        ,        ,        ,      
mcllwda01, 1994,     1, OTT , NHL , C  , 43.0,  5.0,   6.0,  11.0,  22.0, -26.0,  1.0,  1.0,  0.0,  0.0,  0.0, 0.0,  48.0,       ,      ,      ,        ,        ,        ,        ,        ,        ,        ,        ,      
mcllwda01, 1995,     1, OTT , NHL , R  ,  1.0,  0.0,   1.0,   1.0,   2.0, 0.0  ,  0.0,  1.0,  0.0,  0.0,  0.0, 0.0,   1.0,       ,      ,      ,        ,        ,        ,        ,        ,        ,        ,        ,      
mcllwda01, 1995,     2, PIT , NHL , R  , 18.0,  2.0,   4.0,   6.0,   4.0, -5.0 ,  0.0,  0.0,  0.0,  0.0,  1.0, 0.0,  19.0,    6.0,   0.0,   0.0,     0.0,     0.0, 0.0    ,     0.0,     0.0,     0.0,     0.0,     0.0,     3.0
mcllwda01, 1996,     1, NYI , NHL , C  ,  4.0,  1.0,   1.0,   2.0,   0.0, -2.0 ,  1.0,  0.0,  0.0,  0.0,  0.0, 0.0,   3.0,       ,      ,      ,        ,        ,        ,        ,        ,        ,        ,        ,      
mcmahmi01, 1942,     1, MTL , NHL , D  ,     ,     ,      ,      ,      ,      ,     ,     ,     ,     ,     ,    ,      ,    5.0,   0.0,   0.0,     0.0,    14.0,        ,        ,        ,        ,        ,        ,      
mcmahmi01, 1943,     1, MTL , NHL , D  , 42.0,  7.0,  17.0,  24.0,  98.0,      ,     ,     ,     ,     ,     ,    ,      ,    8.0,   1.0,   2.0,     3.0,    16.0,        ,        ,        ,        ,        ,        ,      
mcmahmi01, 1945,     1, MTL , NHL , D  , 13.0,  0.0,   1.0,   1.0,   2.0,      ,     ,     ,     ,     ,     ,    ,      ,       ,      ,      ,        ,        ,        ,        ,        ,        ,        ,        ,      
mcmahmi01, 1945,     2, BOS , NHL , D  ,  2.0,  0.0,   0.0,   0.0,   2.0,      ,     ,     ,     ,     ,     ,    ,      ,       ,      ,      ,        ,        ,        ,        ,        ,        ,        ,        ,      
mcmahmi02, 1963,     1, NYR , NHL , D  , 18.0,  0.0,   1.0,   1.0,  16.0,      ,  0.0,     ,  0.0,     ,  0.0, 0.0,      ,       ,      ,      ,        ,        ,        ,        ,        ,        ,        ,        ,      
mcmahmi02, 1964,     1, NYR , NHL , D  ,  1.0,  0.0,   0.0,   0.0,   0.0,      ,  0.0,     ,  0.0,     ,  0.0, 0.0,      ,       ,      ,      ,        ,        ,        ,        ,        ,        ,        ,        ,      
mcmahmi02, 1965,     1, NYR , NHL , D  , 41.0,  0.0,  12.0,  12.0,  34.0,      ,  0.0,     ,  0.0,     ,  0.0, 0.0,      ,       ,      ,      ,        ,        ,        ,        ,        ,        ,        ,        ,      
mcmahmi02, 1967,     1, MNS , NHL , D  , 74.0, 14.0,  33.0,  47.0,  71.0, -13.0,  4.0,     ,  0.0,     ,  1.0, 3.0, 150.0,   14.0,   3.0,   7.0,    10.0,     4.0,        ,     1.0,        ,     1.0,        ,     0.0,      
mcmahmi02, 1968,     1, MNS , NHL , D  , 43.0,  0.0,  11.0,  11.0,  21.0, -26.0,  0.0,     ,  0.0,     ,  0.0, 0.0, 113.0,       ,      ,      ,        ,        ,        ,        ,        ,        ,        ,        ,      
mcmahmi02, 1968,     2, CHI , NHL , D  , 20.0,  0.0,   8.0,   8.0,   6.0, 15.0 ,  0.0,     ,  0.0,     ,  0.0, 0.0,  31.0,       ,      ,      ,        ,        ,        ,        ,        ,        ,        ,        ,      
mcmahmi02, 1969,     1, DET , NHL , D  ,  2.0,  0.0,   0.0,   0.0,   0.0, 0.0  ,  0.0,     ,  0.0,     ,  0.0, 0.0,   0.0,       ,      ,      ,        ,        ,        ,        ,        ,        ,        ,        ,      
mcmahmi02, 1969,     2, PIT , NHL , D  , 12.0,  1.0,   3.0,   4.0,  19.0, 2.0  ,  1.0,     ,  0.0,     ,  0.0, 0.0,  12.0,       ,      ,      ,        ,        ,        ,        ,        ,        ,        ,        ,      
mcmahmi02, 1970,     1, BUF , NHL , D  , 12.0,  0.0,   0.0,   0.0,   4.0, -8.0 ,  0.0,     ,  0.0,     ,  0.0, 0.0,  20.0,       ,      ,      ,        ,        ,        ,        ,        ,        ,        ,        ,      
mcmahmi02, 1971,     1, NYR , NHL , D  ,  1.0,  0.0,   0.0,   0.0,   0.0, 1.0  ,  0.0,     ,  0.0,     ,  0.0, 0.0,   0.0,       ,      ,      ,        ,        ,        ,        ,        ,        ,        ,        ,      
mcmahmi02, 1972,     1, MFS , WHA , D  , 75.0, 12.0,  39.0,  51.0,  87.0,      ,  4.0,     ,  0.0,     ,     ,    ,      ,    5.0,   0.0,   5.0,     5.0,     2.0,        ,     0.0,        ,     0.0,        ,     0.0,      
mcmahmi02, 1973,     1, MFS , WHA , D  , 71.0, 10.0,  35.0,  45.0,  82.0,      ,  1.0,     ,  3.0,     ,  1.0,    ,      ,   11.0,   1.0,   7.0,     8.0,     9.0,        ,        ,        ,        ,        ,     0.0,      
mcmahmi02, 1974,     1, MFS , WHA , D  , 64.0,  5.0,  15.0,  20.0,  42.0, 6.0  ,  1.0,     ,  0.0,     ,  0.0,    ,  78.0,    7.0,   0.0,   1.0,     1.0,     0.0,        ,     0.0,        ,     0.0,        ,     0.0,      
mcmahmi02, 1975,     1, SDM , WHA , D  , 69.0,  2.0,  12.0,  14.0,  38.0, -5.0 ,  0.0,     ,  0.0,     ,  0.0,    ,  79.0,    9.0,   0.0,   1.0,     1.0,     2.0, 3.0    ,        ,        ,        ,        ,        ,      
mcmanbo01, 1973,     1, PIT , NHL , C  , 47.0,  5.0,  14.0,  19.0,  18.0, -12.0,  0.0,     ,  0.0,     ,  1.0, 0.0,  70.0,       ,      ,      ,        ,        ,        ,        ,        ,        ,        ,        ,      
mcmanbo01, 1974,     1, PIT , NHL , C  , 40.0,  5.0,   9.0,  14.0,   6.0, 6.0  ,  0.0,     ,  0.0,     ,  0.0, 0.0,  33.0,    8.0,   0.0,   1.0,     1.0,     6.0,        ,     0.0,        ,     0.0,        ,     0.0,      
mcmanbo01, 1975,     1, PIT , NHL , C  , 12.0,  1.0,   2.0,   3.0,   4.0, 0.0  ,  0.0,     ,  1.0,     ,  0.0, 0.0,   4.0,       ,      ,      ,        ,        ,        ,        ,        ,        ,        ,        ,      
mcmanbo01, 1975,     2, NEW , WHA , C  , 37.0,  3.0,  10.0,  13.0,  28.0, -12.0,  1.0,     ,  0.0,     ,  0.0,    ,  39.0,   12.0,   4.0,   3.0,     7.0,     4.0, 6.0    ,        ,        ,        ,        ,        ,      
mcmansa01, 1934,     1, MTM , NHL , L  , 25.0,  0.0,   1.0,   1.0,   8.0,      ,     ,     ,     ,     ,     ,    ,      ,    1.0,   0.0,   0.0,     0.0,     0.0,        ,        ,        ,        ,        ,        ,      
mcmansa01, 1936,     1, BOS , NHL , L  ,  1.0,  0.0,   0.0,   0.0,   0.0,      ,     ,     ,     ,     ,     ,    ,      ,       ,      ,      ,        ,        ,        ,        ,        ,        ,        ,        ,      
mcmasji01, 1972,     1, CLC , WHA , D  , 74.0,  1.0,   7.0,   8.0,  37.0,      ,  0.0,     ,  0.0,     ,     ,    ,      ,    9.0,   0.0,   1.0,     1.0,     6.0,        ,     0.0,        ,     0.0,        ,     0.0,      
mcmasji01, 1973,     1, CLC , WHA , D  ,  9.0,  0.0,   0.0,   0.0,   4.0,      ,  0.0,     ,  0.0,     ,  0.0,    ,      ,       ,      ,      ,        ,        ,        ,        ,        ,        ,        ,        ,      
mcmilre01, 1909,     1, COB , NHA ,    , 11.0,  4.0,   0.0,   4.0,  19.0,      ,     ,     ,     ,     ,     ,    ,      ,       ,      ,      ,        ,        ,        ,        ,        ,        ,        ,        ,      
mcmorse01, 2002,     1, BUF , NHL , L  ,  1.0,  0.0,   0.0,   0.0,   0.0, 0.0  ,  0.0,  0.0,  0.0,  0.0,  0.0, 0.0,   0.0,       ,      ,      ,        ,        ,        ,        ,        ,        ,        ,        ,      
mcmulda01, 1977,     1, EDO , WHA , L  ,  1.0,  0.0,   0.0,   0.0,   0.0, 0.0  ,  0.0,     ,  0.0,     ,     ,    ,   2.0,       ,      ,      ,        ,        ,        ,        ,        ,        ,        ,        ,      
mcmurto01, 1983,     1, CHI , NHL , R  , 27.0,  3.0,   1.0,   4.0,  42.0, -7.0 ,  0.0,     ,  0.0,     ,  0.0, 0.0,  21.0,       ,      ,      ,        ,        ,        ,        ,        ,        ,        ,        ,      
mcmurto01, 1984,     1, CHI , NHL , R  , 15.0,  1.0,   2.0,   3.0,  13.0, -1.0 ,  0.0,     ,  0.0,     ,  0.0, 0.0,   8.0,       ,      ,      ,        ,        ,        ,        ,        ,        ,        ,        ,      
mcmurto01, 1985,     1, CHI , NHL , R  ,  4.0,  0.0,   0.0,   0.0,   2.0, -1.0 ,  0.0,     ,  0.0,     ,  0.0, 0.0,   2.0,       ,      ,      ,        ,        ,        ,        ,        ,        ,        ,        ,      
mcmurto01, 1987,     1, EDM , NHL , R  ,  9.0,  4.0,   1.0,   5.0,   8.0, 2.0  ,  0.0,  0.0,  0.0,  0.0,  1.0, 0.0,  11.0,       ,      ,      ,        ,        ,        ,        ,        ,        ,        ,        ,      
mcnabma01, 1947,     1, DET , NHL , C  , 12.0,  2.0,   2.0,   4.0,   2.0,      ,     ,     ,     ,     ,     ,    ,      ,    3.0,   0.0,   0.0,     0.0,     2.0,        ,        ,        ,        ,        ,        ,      
mcnabma01, 1948,     1, DET , NHL , C  , 51.0, 10.0,  13.0,  23.0,  14.0,      ,     ,     ,     ,     ,     ,    ,      ,   10.0,   1.0,   0.0,     1.0,     2.0,        ,        ,        ,        ,        ,        ,      
mcnabma01, 1949,     1, DET , NHL , C  , 65.0,  4.0,   4.0,   8.0,   8.0,      ,     ,     ,     ,     ,     ,    ,      ,   10.0,   0.0,   0.0,     0.0,     0.0,        ,        ,        ,        ,        ,        ,      
mcnabma01, 1950,     1, DET , NHL , C  ,     ,     ,      ,      ,      ,      ,     ,     ,     ,     ,     ,    ,      ,    2.0,   0.0,   0.0,     0.0,     0.0,        ,        ,        ,        ,        ,        ,      
mcnabpe01, 1973,     1, BUF , NHL , C  , 22.0,  3.0,   6.0,   9.0,   2.0, -3.0 ,  0.0,     ,  0.0,     ,  0.0, 0.0,  24.0,       ,      ,      ,        ,        ,        ,        ,        ,        ,        ,        ,      
mcnabpe01, 1974,     1, BUF , NHL , C  , 53.0, 22.0,  21.0,  43.0,   8.0, 13.0 ,  1.0,     ,  0.0,     ,  1.0, 2.0,  90.0,   17.0,   2.0,   6.0,     8.0,     4.0,        ,     0.0,        ,     0.0,        ,     0.0,      
mcnabpe01, 1975,     1, BUF , NHL , C  , 79.0, 24.0,  32.0,  56.0,  16.0, 18.0 ,  3.0,     ,  0.0,     ,  3.0, 0.0, 125.0,    8.0,   0.0,   0.0,     0.0,     0.0,        ,     0.0,        ,     0.0,        ,     0.0,      
mcnabpe01, 1976,     1, BOS , NHL , C  , 80.0, 38.0,  48.0,  86.0,  11.0, 26.0 ,  6.0,     ,  0.0,     ,  8.0, 1.0, 207.0,   14.0,   5.0,   3.0,     8.0,     2.0,        ,     2.0,        ,     0.0,        ,     0.0,      
mcnabpe01, 1977,     1, BOS , NHL , C  , 79.0, 41.0,  39.0,  80.0,   4.0, 35.0 ,  5.0,     ,  0.0,     ,  5.0, 1.0, 227.0,   15.0,   8.0,  11.0,    19.0,     2.0,        ,     0.0,        ,     0.0,        ,     2.0,      
mcnabpe01, 1978,     1, BOS , NHL , C  , 76.0, 35.0,  45.0,  80.0,  10.0, 29.0 ,  4.0,     ,  0.0,     ,  4.0, 3.0, 200.0,   11.0,   5.0,   3.0,     8.0,     0.0,        ,     0.0,        ,     0.0,        ,     0.0,      
mcnabpe01, 1979,     1, BOS , NHL , C  , 74.0, 40.0,  38.0,  78.0,  10.0, 24.0 , 11.0,     ,  0.0,     ,  9.0, 1.0, 193.0,   10.0,   8.0,   6.0,    14.0,     2.0,        ,     3.0,        ,     0.0,        ,     1.0,      
mcnabpe01, 1980,     1, BOS , NHL , C  , 80.0, 37.0,  46.0,  83.0,  24.0, 12.0 , 16.0,     ,  0.0,     ,  4.0, 2.0, 201.0,    3.0,   3.0,   0.0,     3.0,     0.0,        ,     1.0,        ,     0.0,        ,     0.0,      
mcnabpe01, 1981,     1, BOS , NHL , C  , 80.0, 36.0,  40.0,  76.0,  19.0, 0.0  , 11.0,     ,  1.0,     ,  5.0, 2.0, 172.0,   11.0,   6.0,   8.0,    14.0,     6.0,        ,     2.0,        ,     0.0,        ,     1.0,      
mcnabpe01, 1982,     1, BOS , NHL , C  , 74.0, 22.0,  52.0,  74.0,  23.0, 16.0 ,  5.0,     ,  0.0,     ,  2.0, 0.0, 160.0,   15.0,   3.0,   5.0,     8.0,     4.0,        ,     0.0,        ,     0.0,        ,     0.0,      
mcnabpe01, 1983,     1, BOS , NHL , C  , 52.0, 14.0,  16.0,  30.0,  10.0, 7.0  ,  2.0,     ,  0.0,     ,  3.0, 0.0,  81.0,       ,      ,      ,        ,        ,        ,        ,        ,        ,        ,        ,      
mcnabpe01, 1983,     2, VAN , NHL , C  , 13.0,  1.0,   6.0,   7.0,  10.0, -2.0 ,  1.0,     ,  0.0,     ,  0.0, 0.0,  20.0,    3.0,   0.0,   0.0,     0.0,     0.0, -2.0   ,     0.0,        ,     0.0,        ,     0.0,     4.0
mcnabpe01, 1984,     1, VAN , NHL , C  , 75.0, 23.0,  25.0,  48.0,  10.0, -20.0,  9.0,     ,  0.0,     ,  1.0, 0.0, 114.0,       ,      ,      ,        ,        ,        ,        ,        ,        ,        ,        ,      
mcnabpe01, 1985,     1, NJD , NHL , C  , 71.0, 19.0,  24.0,  43.0,  14.0, -11.0,  6.0,     ,  0.0,     ,  0.0, 0.0,  93.0,       ,      ,      ,        ,        ,        ,        ,        ,        ,        ,        ,      
mcnabpe01, 1986,     1, NJD , NHL , C  , 46.0,  8.0,  12.0,  20.0,   8.0, -14.0,  2.0,     ,  0.0,     ,  2.0, 0.0,  49.0,       ,      ,      ,        ,        ,        ,        ,        ,        ,        ,        ,      
mcnabsi01, 1950,     1, MTL , NHL , C  ,     ,     ,      ,      ,      ,      ,     ,     ,     ,     ,     ,    ,      ,    5.0,   0.0,   1.0,     1.0,     2.0,        ,        ,        ,        ,        ,        ,      
mcnamge01, 1960,     1, TOR , NHL , G  ,  5.0,  0.0,   0.0,   0.0,   2.0,      ,     ,     ,     ,     ,     ,    ,      ,       ,      ,      ,        ,        ,        ,        ,        ,        ,        ,        ,      
mcnamge01, 1969,     1, TOR , NHL , G  ,  2.0,  0.0,   0.0,   0.0,   0.0, 0.0  ,  0.0,     ,  0.0,     ,  0.0, 0.0,   0.0,       ,      ,      ,        ,        ,        ,        ,        ,        ,        ,        ,      
mcnamge02, 1912,     1, TO1 , NHA ,    , 20.0,  4.0,   0.0,   4.0,  23.0,      ,     ,     ,     ,     ,     ,    ,      ,       ,      ,      ,        ,        ,        ,        ,        ,        ,        ,        ,      
mcnamge02, 1913,     1, TOO , NHA ,    ,  9.0,  0.0,   1.0,   1.0,   0.0,      ,     ,     ,     ,     ,     ,    ,      ,       ,      ,      ,        ,        ,        ,        ,        ,        ,        ,        ,      
mcnamge02, 1913,     2, TBS , NHA ,    ,  9.0,  0.0,   1.0,   1.0,   2.0,      ,     ,     ,     ,     ,     ,    ,      ,       ,      ,      ,        ,        ,        ,        ,        ,        ,        ,        ,      
mcnamge02, 1914,     1, TOO , NHA ,    , 18.0,  4.0,   8.0,  12.0,  67.0,      ,     ,     ,     ,     ,     ,    ,      ,       ,      ,      ,        ,        ,        ,        ,        ,        ,        ,        ,      
mcnamge02, 1915,     1, TBS , NHA ,    , 23.0,  5.0,   2.0,   7.0,  74.0,      ,     ,     ,     ,     ,     ,    ,      ,       ,      ,      ,        ,        ,        ,        ,        ,        ,        ,        ,      
mcnamge02, 1916,     1, TOB , NHA ,    ,  9.0,  2.0,   0.0,   2.0,   0.0,      ,     ,     ,     ,     ,     ,    ,      ,       ,      ,      ,        ,        ,        ,        ,        ,        ,        ,        ,      
mcnamha01, 1909,     1, COB , NHA ,    , 11.0,  4.0,   0.0,   4.0,  23.0,      ,     ,     ,     ,     ,     ,    ,      ,       ,      ,      ,        ,        ,        ,        ,        ,        ,        ,        ,      
mcnamha01, 1910,     1, REN , NHA ,    ,  6.0,  0.0,   0.0,   0.0,  27.0,      ,     ,     ,     ,     ,     ,    ,      ,       ,      ,      ,        ,        ,        ,        ,        ,        ,        ,        ,      
mcnamha01, 1914,     1, TOO , NHA ,    , 17.0,  3.0,   2.0,   5.0,  26.0,      ,     ,     ,     ,     ,     ,    ,      ,       ,      ,      ,        ,        ,        ,        ,        ,        ,        ,        ,      
mcnamha01, 1916,     1, MOC , NHA ,    ,  1.0,  0.0,   0.0,   0.0,   0.0,      ,     ,     ,     ,     ,     ,    ,      ,       ,      ,      ,        ,        ,        ,        ,        ,        ,        ,        ,      
mcnamho01, 1909,     1, COB , NHA ,    ,  6.0,  0.0,   0.0,   0.0,  15.0,      ,     ,     ,     ,     ,     ,    ,      ,       ,      ,      ,        ,        ,        ,        ,        ,        ,        ,        ,      
mcnamho01, 1912,     1, TO1 , NHA ,    , 20.0, 12.0,   0.0,  12.0,  62.0,      ,     ,     ,     ,     ,     ,    ,      ,       ,      ,      ,        ,        ,        ,        ,        ,        ,        ,        ,      
mcnamho01, 1913,     1, TOO , NHA ,    , 20.0,  7.0,   6.0,  13.0,  36.0,      ,     ,     ,     ,     ,     ,    ,      ,       ,      ,      ,        ,        ,        ,        ,        ,        ,        ,        ,      
mcnamho01, 1914,     1, TOO , NHA ,    , 18.0,  4.0,   1.0,   5.0,  67.0,      ,     ,     ,     ,     ,     ,    ,      ,       ,      ,      ,        ,        ,        ,        ,        ,        ,        ,        ,      
mcnamho01, 1915,     1, MOC , NHA ,    , 24.0, 10.0,   7.0,  17.0, 119.0,      ,     ,     ,     ,     ,     ,    ,      ,       ,      ,      ,        ,        ,        ,        ,        ,        ,        ,        ,      
mcnamho01, 1916,     1, TOB , NHA ,    , 12.0, 11.0,   3.0,  14.0,  36.0,      ,     ,     ,     ,     ,     ,    ,      ,       ,      ,      ,        ,        ,        ,        ,        ,        ,        ,        ,      
mcnamho01, 1919,     1, MTL , NHL , D  , 10.0,  1.0,   0.0,   1.0,   4.0,      ,     ,     ,     ,     ,     ,    ,      ,       ,      ,      ,        ,        ,        ,        ,        ,        ,        ,        ,      
mcnammi01, 1972,     1, QUN , WHA , L  , 19.0,  0.0,   0.0,   0.0,   5.0,      ,  0.0,     ,  0.0,     ,     ,    ,      ,       ,      ,      ,        ,        ,        ,        ,        ,        ,        ,        ,      
mcnampe01, 1973,     1, VAB , WHA , D  ,  3.0,  0.0,   0.0,   0.0,   0.0,      ,  0.0,     ,  0.0,     ,  0.0,    ,      ,       ,      ,      ,        ,        ,        ,        ,        ,        ,        ,        ,      
mcnampe01, 1974,     1, VAB , WHA , L  , 11.0,  2.0,   1.0,   3.0,  15.0, 3.0  ,  1.0,     ,  0.0,     ,     ,    ,   6.0,       ,      ,      ,        ,        ,        ,        ,        ,        ,        ,        ,      
mcnampe01, 1974,     2, PHR , WHA , L  , 55.0,  9.0,  19.0,  28.0,  77.0, 5.0  ,  1.0,     ,  0.0,     ,     ,    ,  90.0,    5.0,   1.0,   0.0,     1.0,     2.0,        ,        ,        ,        ,        ,     0.0,      
mcnampe01, 1975,     1, PHR , WHA , D  , 14.0,  1.0,   2.0,   3.0,  32.0, -6.0 ,  0.0,     ,  0.0,     ,  0.0,    ,  22.0,       ,      ,      ,        ,        ,        ,        ,        ,        ,        ,        ,      
mcnampe01, 1975,     2, SDM , WHA , D  , 51.0,  2.0,   3.0,   5.0,  27.0, -10.0,  0.0,     ,  0.0,     ,  0.0,    ,  52.0,   11.0,   0.0,   1.0,     1.0,    28.0, -2.0   ,        ,        ,        ,        ,        ,      
mcnampe01, 1976,     1, SDM , WHA , D  , 41.0,  3.0,   6.0,   9.0,  38.0, -7.0 ,  0.0,     ,  0.0,     ,     ,    ,  26.0,    2.0,   0.0,   0.0,     0.0,     2.0, -1.0   ,     0.0,        ,     0.0,        ,     0.0,      
mcnauge01, 1919,     1, QUB , NHL , F  ,  1.0,  0.0,   0.0,   0.0,   0.0,      ,     ,     ,     ,     ,     ,    ,      ,       ,      ,      ,        ,        ,        ,        ,        ,        ,        ,        ,      
mcneibi01, 1956,     1, DET , NHL , R  , 64.0,  5.0,  10.0,  15.0,  34.0,      ,     ,     ,     ,     ,     ,    ,      ,       ,      ,      ,        ,        ,        ,        ,        ,        ,        ,        ,      
mcneibi01, 1957,     1, DET , NHL , R  , 35.0,  5.0,  10.0,  15.0,  29.0,      ,     ,     ,     ,     ,     ,    ,      ,    4.0,   1.0,   1.0,     2.0,     4.0,        ,        ,        ,        ,        ,        ,      
mcneibi01, 1958,     1, DET , NHL , R  , 54.0,  2.0,   5.0,   7.0,  32.0,      ,     ,     ,     ,     ,     ,    ,      ,       ,      ,      ,        ,        ,        ,        ,        ,        ,        ,        ,      
mcneibi01, 1959,     1, DET , NHL , R  , 47.0,  5.0,  13.0,  18.0,  33.0,      ,     ,     ,     ,     ,     ,    ,      ,       ,      ,      ,        ,        ,        ,        ,        ,        ,        ,        ,      
mcneibi01, 1962,     1, DET , NHL , R  , 42.0,  3.0,   7.0,  10.0,  12.0,      ,     ,     ,     ,     ,     ,    ,      ,       ,      ,      ,        ,        ,        ,        ,        ,        ,        ,        ,      
mcneibi01, 1963,     1, DET , NHL , R  , 15.0,  1.0,   1.0,   2.0,   2.0,      ,  0.0,     ,  0.0,     ,  0.0, 0.0,      ,       ,      ,      ,        ,        ,        ,        ,        ,        ,        ,        ,      
mcneige01, 1947,     1, MTL , NHL , G  ,  2.0,  0.0,   0.0,   0.0,   0.0,      ,     ,     ,     ,     ,     ,    ,      ,       ,      ,      ,        ,        ,        ,        ,        ,        ,        ,        ,      
mcneige01, 1949,     1, MTL , NHL , G  ,  6.0,  0.0,   0.0,   0.0,   0.0,      ,     ,     ,     ,     ,     ,    ,      ,    2.0,   0.0,   0.0,     0.0,     0.0,        ,        ,        ,        ,        ,        ,      
mcneige01, 1950,     1, MTL , NHL , G  , 70.0,  0.0,   0.0,   0.0,   0.0,      ,     ,     ,     ,     ,     ,    ,      ,   11.0,   0.0,   0.0,     0.0,     0.0,        ,        ,        ,        ,        ,        ,      
mcneige01, 1951,     1, MTL , NHL , G  , 70.0,  0.0,   0.0,   0.0,   0.0,      ,     ,     ,     ,     ,     ,    ,      ,   11.0,   0.0,   0.0,     0.0,     0.0,        ,        ,        ,        ,        ,        ,      
mcneige01, 1952,     1, MTL , NHL , G  , 66.0,  0.0,   0.0,   0.0,   0.0,      ,     ,     ,     ,     ,     ,    ,      ,    8.0,   0.0,   0.0,     0.0,     0.0,        ,        ,        ,        ,        ,        ,      
mcneige01, 1953,     1, MTL , NHL , G  , 53.0,  0.0,   0.0,   0.0,   0.0,      ,     ,     ,     ,     ,     ,    ,      ,    3.0,   0.0,   0.0,     0.0,     0.0,        ,        ,        ,        ,        ,        ,      
mcneige01, 1956,     1, MTL , NHL , G  ,  9.0,  0.0,   0.0,   0.0,   2.0,      ,     ,     ,     ,     ,     ,    ,      ,       ,      ,      ,        ,        ,        ,        ,        ,        ,        ,        ,      
mcneigr01, 2003,     1, FLO , NHL , D  ,  3.0,  0.0,   0.0,   0.0,   5.0, 0.0  ,  0.0,  0.0,  0.0,  0.0,  0.0, 0.0,   0.0,       ,      ,      ,        ,        ,        ,        ,        ,        ,        ,        ,      
mcneimi01, 1990,     1, CHI , NHL , C  , 23.0,  2.0,   2.0,   4.0,   6.0, -1.0 ,  0.0,  0.0,  1.0,  0.0,  0.0, 0.0,  20.0,       ,      ,      ,        ,        ,        ,        ,        ,        ,        ,        ,      
mcneimi01, 1990,     2, QUE , NHL , C  , 14.0,  2.0,   5.0,   7.0,   4.0, 5.0  ,  1.0,  0.0,  0.0,  0.0,  0.0, 0.0,  11.0,       ,      ,      ,        ,        ,        ,        ,        ,        ,        ,        ,      
mcneimi01, 1991,     1, QUE , NHL , L  , 26.0,  1.0,   4.0,   5.0,   8.0, -8.0 ,  1.0,  3.0,  0.0,  0.0,  0.0, 0.0,  15.0,       ,      ,      ,        ,        ,        ,        ,        ,        ,        ,        ,      
mcneist01, 1957,     1, DET , NHL , C  ,  2.0,  0.0,   0.0,   0.0,   0.0,      ,     ,     ,     ,     ,     ,    ,      ,       ,      ,      ,        ,        ,        ,        ,        ,        ,        ,        ,      
mcneist01, 1958,     1, DET , NHL , C  ,  3.0,  1.0,   1.0,   2.0,   2.0,      ,     ,     ,     ,     ,     ,    ,      ,       ,      ,      ,        ,        ,        ,        ,        ,        ,        ,        ,      
mcneist01, 1959,     1, DET , NHL , C  ,  5.0,  0.0,   0.0,   0.0,   0.0,      ,     ,     ,     ,     ,     ,    ,      ,       ,      ,      ,        ,        ,        ,        ,        ,        ,        ,        ,      
mcphege01, 1982,     1, NYR , NHL , L  ,     ,     ,      ,      ,      ,      ,     ,     ,     ,     ,     ,    ,      ,    9.0,   3.0,   3.0,     6.0,     6.0,        ,     1.0,        ,     0.0,        ,     0.0,      
mcphege01, 1983,     1, NYR , NHL , L  ,  9.0,  1.0,   1.0,   2.0,  11.0, 0.0  ,  0.0,     ,  0.0,     ,  0.0, 0.0,   1.0,       ,      ,      ,        ,        ,        ,        ,        ,        ,        ,        ,      
mcphege01, 1984,     1, NYR , NHL , L  , 49.0, 12.0,  15.0,  27.0, 139.0, -9.0 ,  1.0,     ,  0.0,     ,  1.0, 0.0,  54.0,    3.0,   1.0,   0.0,     1.0,     7.0, 1.0    ,     0.0,        ,     0.0,        ,     0.0,     4.0
mcphege01, 1985,     1, NYR , NHL , L  , 30.0,  4.0,   4.0,   8.0,  63.0, 5.0  ,  0.0,     ,  0.0,     ,  1.0, 0.0,  31.0,   11.0,   0.0,   0.0,     0.0,    32.0, -2.0   ,     0.0,        ,     0.0,        ,     0.0,     6.0
mcphege01, 1986,     1, NYR , NHL , L  , 21.0,  4.0,   4.0,   8.0,  34.0, -2.0 ,  0.0,     ,  0.0,     ,  2.0, 0.0,  31.0,    6.0,   1.0,   0.0,     1.0,    28.0, -2.0   ,     1.0,        ,     0.0,        ,     0.0,     7.0
mcphege01, 1987,     1, NJD , NHL , L  ,  5.0,  3.0,   0.0,   3.0,   8.0, 2.0  ,  0.0,  0.0,  0.0,  0.0,  1.0, 0.0,   5.0,       ,      ,      ,        ,        ,        ,        ,        ,        ,        ,        ,      
mcphege01, 1988,     1, NJD , NHL , L  ,  1.0,  0.0,   1.0,   1.0,   2.0, 1.0  ,  0.0,  0.0,  0.0,  0.0,  0.0, 0.0,   0.0,       ,      ,      ,        ,        ,        ,        ,        ,        ,        ,        ,      
mcphemi01, 1983,     1, MTL , NHL , L  , 14.0,  5.0,   2.0,   7.0,  41.0, 4.0  ,  0.0,     ,  0.0,     ,  0.0, 0.0,  22.0,   15.0,   1.0,   0.0,     1.0,    31.0, 0.0    ,     0.0,        ,     0.0,        ,     0.0,    14.0
mcphemi01, 1984,     1, MTL , NHL , L  , 70.0, 17.0,  22.0,  39.0, 120.0, 1.0  ,  0.0,     ,  0.0,     ,  2.0, 0.0, 135.0,   12.0,   4.0,   1.0,     5.0,    32.0, -4.0   ,     0.0,        ,     0.0,        ,     0.0,    24.0
mcphemi01, 1985,     1, MTL , NHL , L  , 70.0, 19.0,  21.0,  40.0,  69.0, 8.0  ,  0.0,     ,  2.0,     ,  3.0, 0.0, 103.0,   20.0,   3.0,   4.0,     7.0,    45.0, 6.0    ,     0.0,        ,     1.0,        ,     1.0,    22.0
mcphemi01, 1986,     1, MTL , NHL , L  , 79.0, 18.0,  21.0,  39.0,  58.0, 7.0  ,  0.0,     ,  2.0,     ,  2.0, 1.0, 150.0,   17.0,   7.0,   2.0,     9.0,    13.0, 2.0    ,     1.0,        ,     0.0,        ,     2.0,    35.0
mcphemi01, 1987,     1, MTL , NHL , L  , 77.0, 23.0,  20.0,  43.0,  53.0, 19.0 ,  0.0,  1.0,  2.0,  1.0,  4.0, 1.0, 151.0,   11.0,   4.0,   3.0,     7.0,     8.0, 4.0    ,     0.0,     1.0,     1.0,     0.0,     0.0,    23.0
mcphemi01, 1988,     1, MTL , NHL , L  , 73.0, 19.0,  22.0,  41.0,  74.0, 14.0 ,  1.0,  3.0,  1.0,  1.0,  1.0, 1.0, 154.0,   20.0,   4.0,   7.0,    11.0,    30.0, -2.0   ,     0.0,     0.0,     0.0,     0.0,     1.0,    35.0
mcphemi01, 1989,     1, MTL , NHL , L  , 56.0, 23.0,  18.0,  41.0,  47.0, 28.0 ,  0.0,  0.0,  1.0,  1.0,  1.0, 2.0, 118.0,    9.0,   1.0,   1.0,     2.0,    16.0, -4.0   ,     0.0,     0.0,     0.0,     0.0,     0.0,    24.0
mcphemi01, 1990,     1, MTL , NHL , L  , 64.0, 22.0,  21.0,  43.0,  56.0, 6.0  ,  2.0,  4.0,  0.0,  1.0,  4.0, 0.0, 123.0,   13.0,   1.0,   7.0,     8.0,    12.0, -5.0   ,     1.0,     1.0,     0.0,     0.0,     0.0,    31.0
mcphemi01, 1991,     1, MTL , NHL , L  , 78.0, 16.0,  15.0,  31.0,  63.0, 6.0  ,  0.0,  1.0,  0.0,  0.0,  1.0, 0.0, 146.0,    8.0,   1.0,   1.0,     2.0,     4.0, -1.0   ,     0.0,     0.0,     0.0,     0.0,     0.0,    16.0
mcphemi01, 1992,     1, MNS , NHL , L  , 84.0, 18.0,  22.0,  40.0,  44.0, -2.0 ,  1.0,  4.0,  2.0,  1.0,  2.0, 0.0, 161.0,       ,      ,      ,        ,        ,        ,        ,        ,        ,        ,        ,      
mcphemi01, 1993,     1, DAL , NHL , L  , 79.0, 20.0,  15.0,  35.0,  36.0, 8.0  ,  1.0,  0.0,  3.0,  0.0,  1.0, 1.0, 115.0,    9.0,   2.0,   1.0,     3.0,     2.0, 0.0    ,     0.0,     0.0,     0.0,     0.0,     0.0,    16.0
mcquaad01, 2009,     1, BOS , NHL , D  , 19.0,  1.0,   0.0,   1.0,  21.0, -5.0 ,  0.0,  0.0,  0.0,  0.0,  1.0,    ,  10.0,    9.0,   0.0,   0.0,     0.0,     6.0, -4.0   ,     0.0,     0.0,     0.0,     0.0,     0.0,     3.0
mcraeba01, 1981,     1, QUE , NHL , L  , 20.0,  4.0,   3.0,   7.0,  69.0, -3.0 ,  0.0,     ,  0.0,     ,  0.0, 0.0,  20.0,    9.0,   1.0,   0.0,     1.0,    34.0,        ,     0.0,        ,     0.0,        ,     0.0,      
mcraeba01, 1982,     1, QUE , NHL , L  , 22.0,  1.0,   1.0,   2.0,  59.0, -1.0 ,  0.0,     ,  0.0,     ,  0.0, 0.0,   6.0,       ,      ,      ,        ,        ,        ,        ,        ,        ,        ,        ,      
mcraeba01, 1983,     1, TOR , NHL , L  ,  3.0,  0.0,   0.0,   0.0,  19.0, -3.0 ,  0.0,     ,  0.0,     ,  0.0, 0.0,   7.0,       ,      ,      ,        ,        ,        ,        ,        ,        ,        ,        ,      
mcraeba01, 1984,     1, TOR , NHL , L  ,  1.0,  0.0,   0.0,   0.0,   0.0, 0.0  ,  0.0,     ,  0.0,     ,  0.0, 0.0,   0.0,       ,      ,      ,        ,        ,        ,        ,        ,        ,        ,        ,      
mcraeba01, 1985,     1, DET , NHL , L  ,  4.0,  0.0,   0.0,   0.0,   5.0, -4.0 ,  0.0,     ,  0.0,     ,  0.0, 0.0,   3.0,       ,      ,      ,        ,        ,        ,        ,        ,        ,        ,        ,      
mcraeba01, 1986,     1, DET , NHL , L  , 36.0,  2.0,   2.0,   4.0, 193.0, -3.0 ,  1.0,     ,  0.0,     ,  1.0, 0.0,  21.0,       ,      ,      ,        ,        ,        ,        ,        ,        ,        ,        ,      
mcraeba01, 1986,     2, QUE , NHL , L  , 33.0,  9.0,   5.0,  14.0, 149.0, 1.0  ,  3.0,     ,  0.0,     ,  1.0, 0.0,  36.0,   13.0,   3.0,   1.0,     4.0,    99.0, -1.0   ,     0.0,        ,     0.0,        ,     1.0,    13.0
mcraeba01, 1987,     1, MNS , NHL , L  , 80.0,  5.0,  11.0,  16.0, 378.0, -28.0,  0.0,  0.0,  0.0,  0.0,  0.0, 0.0, 107.0,       ,      ,      ,        ,        ,        ,        ,        ,        ,        ,        ,      
mcraeba01, 1988,     1, MNS , NHL , L  , 78.0, 12.0,  19.0,  31.0, 365.0, -8.0 ,  4.0,  4.0,  0.0,  0.0,  0.0, 0.0, 122.0,    5.0,   0.0,   0.0,     0.0,    58.0, -1.0   ,     0.0,     0.0,     0.0,     0.0,     0.0,     4.0
mcraeba01, 1989,     1, MNS , NHL , L  , 66.0,  9.0,  17.0,  26.0, 351.0, -5.0 ,  2.0,  4.0,  0.0,  0.0,  2.0, 0.0,  95.0,    7.0,   1.0,   0.0,     1.0,    24.0, 1.0    ,     0.0,     0.0,     0.0,     0.0,     0.0,     5.0
mcraeba01, 1990,     1, MNS , NHL , L  , 40.0,  1.0,   3.0,   4.0, 224.0, -8.0 ,  0.0,  0.0,  0.0,  0.0,  0.0, 0.0,  44.0,   22.0,   1.0,   1.0,     2.0,    94.0, -3.0   ,     0.0,     0.0,     0.0,     0.0,     0.0,    15.0
mcraeba01, 1991,     1, MNS , NHL , L  , 59.0,  5.0,   8.0,  13.0, 245.0, -14.0,  0.0,  1.0,  0.0,  0.0,  0.0, 0.0,  64.0,       ,      ,      ,        ,        ,        ,        ,        ,        ,        ,        ,      
mcraeba01, 1992,     1, TBL , NHL , L  , 14.0,  2.0,   3.0,   5.0,  71.0, -3.0 ,  1.0,  0.0,  0.0,  0.0,  0.0, 0.0,  23.0,       ,      ,      ,        ,        ,        ,        ,        ,        ,        ,        ,      
mcraeba01, 1992,     2, STL , NHL , L  , 33.0,  1.0,   3.0,   4.0,  98.0, -13.0,  1.0,  0.0,  0.0,  0.0,  0.0, 0.0,  22.0,   11.0,   0.0,   1.0,     1.0,    24.0, 0.0    ,     0.0,     0.0,     0.0,     0.0,     0.0,     4.0
mcraeba01, 1993,     1, STL , NHL , L  , 40.0,  1.0,   2.0,   3.0, 103.0, -7.0 ,  0.0,  0.0,  0.0,  0.0,  0.0, 0.0,  23.0,    2.0,   0.0,   0.0,     0.0,    12.0, 0.0    ,     0.0,     0.0,     0.0,     0.0,     0.0,     0.0
mcraeba01, 1994,     1, STL , NHL , L  , 21.0,  0.0,   5.0,   5.0,  72.0, 4.0  ,  0.0,  0.0,  0.0,  0.0,  0.0, 0.0,  14.0,    7.0,   2.0,   1.0,     3.0,     4.0, 4.0    ,     0.0,     0.0,     0.0,     0.0,     0.0,     6.0
mcraeba01, 1995,     1, STL , NHL , L  , 18.0,  1.0,   1.0,   2.0,  40.0, -5.0 ,  0.0,  0.0,  0.0,  0.0,  0.0, 0.0,   5.0,    2.0,   0.0,   0.0,     0.0,     0.0, 0.0    ,     0.0,     0.0,     0.0,     0.0,     0.0,     2.0
mcraeba01, 1996,     1, CHI , NHL , L  ,  8.0,  0.0,   0.0,   0.0,  12.0, -2.0 ,  0.0,  0.0,  0.0,  0.0,  0.0, 0.0,   1.0,       ,      ,      ,        ,        ,        ,        ,        ,        ,        ,        ,      
mcraech01, 1987,     1, TOR , NHL , L  , 11.0,  0.0,   0.0,   0.0,  65.0, 0.0  ,  0.0,  0.0,  0.0,  0.0,  0.0, 0.0,   0.0,       ,      ,      ,        ,        ,        ,        ,        ,        ,        ,        ,      
mcraech01, 1988,     1, TOR , NHL , L  ,  3.0,  0.0,   0.0,   0.0,  12.0, 0.0  ,  0.0,  0.0,  0.0,  0.0,  0.0, 0.0,   0.0,       ,      ,      ,        ,        ,        ,        ,        ,        ,        ,        ,      
mcraech01, 1989,     1, DET , NHL , L  ,  7.0,  1.0,   0.0,   1.0,  45.0, 0.0  ,  0.0,  0.0,  0.0,  0.0,  0.0, 0.0,   1.0,       ,      ,      ,        ,        ,        ,        ,        ,        ,        ,        ,      
mcraego01, 1972,     1, TOR , NHL , G  , 11.0,  0.0,   0.0,   0.0,   0.0, 0.0  ,  0.0,     ,  0.0,     ,  0.0, 0.0,   0.0,       ,      ,      ,        ,        ,        ,        ,        ,        ,        ,        ,      
mcraego01, 1974,     1, TOR , NHL , G  , 20.0,  0.0,   0.0,   0.0,   4.0, 0.0  ,  0.0,     ,  0.0,     ,  0.0, 0.0,   0.0,    7.0,   0.0,   0.0,     0.0,     0.0,        ,     0.0,        ,     0.0,        ,     0.0,      
mcraego01, 1975,     1, TOR , NHL , G  , 20.0,  0.0,   0.0,   0.0,   0.0, 0.0  ,  0.0,     ,  0.0,     ,  0.0, 0.0,   0.0,    1.0,   0.0,   0.0,     0.0,     0.0,        ,     0.0,        ,     0.0,        ,     0.0,      
mcraego01, 1976,     1, TOR , NHL , G  ,  2.0,  0.0,   0.0,   0.0,   0.0, 0.0  ,  0.0,     ,  0.0,     ,  0.0, 0.0,   0.0,       ,      ,      ,        ,        ,        ,        ,        ,        ,        ,        ,      
mcraego01, 1977,     1, TOR , NHL , G  , 18.0,  0.0,   0.0,   0.0,   2.0, 0.0  ,  0.0,     ,  0.0,     ,  0.0, 0.0,   0.0,       ,      ,      ,        ,        ,        ,        ,        ,        ,        ,        ,      
mcraeke01, 1987,     1, QUE , NHL , C  ,  1.0,  0.0,   0.0,   0.0,   0.0, 0.0  ,  0.0,  0.0,  0.0,  0.0,  0.0, 0.0,   1.0,       ,      ,      ,        ,        ,        ,        ,        ,        ,        ,        ,      
mcraeke01, 1988,     1, QUE , NHL , C  , 37.0,  6.0,  11.0,  17.0,  68.0, -9.0 ,  1.0,  2.0,  0.0,  1.0,  2.0, 0.0,  47.0,       ,      ,      ,        ,        ,        ,        ,        ,        ,        ,        ,      
mcraeke01, 1989,     1, QUE , NHL , R  , 66.0,  7.0,   8.0,  15.0, 191.0, -38.0,  0.0,  0.0,  0.0,  0.0,  1.0, 0.0,  83.0,       ,      ,      ,        ,        ,        ,        ,        ,        ,        ,        ,      
mcraeke01, 1990,     1, QUE , NHL , C  , 12.0,  0.0,   0.0,   0.0,  36.0, -7.0 ,  0.0,  0.0,  0.0,  0.0,  0.0, 0.0,   6.0,       ,      ,      ,        ,        ,        ,        ,        ,        ,        ,        ,      
mcraeke01, 1991,     1, QUE , NHL , C  , 10.0,  0.0,   1.0,   1.0,  31.0, -5.0 ,  0.0,  0.0,  0.0,  0.0,  0.0, 0.0,  10.0,       ,      ,      ,        ,        ,        ,        ,        ,        ,        ,        ,      
mcraeke01, 1992,     1, TOR , NHL , C  ,  2.0,  0.0,   0.0,   0.0,   2.0, -1.0 ,  0.0,  0.0,  0.0,  0.0,  0.0, 0.0,   3.0,       ,      ,      ,        ,        ,        ,        ,        ,        ,        ,        ,      
mcraeke01, 1993,     1, TOR , NHL , C  ,  9.0,  1.0,   1.0,   2.0,  36.0, 1.0  ,  0.0,  0.0,  0.0,  0.0,  0.0, 0.0,  11.0,    6.0,   0.0,   0.0,     0.0,     4.0, -2.0   ,     0.0,     0.0,     0.0,     0.0,     0.0,     3.0
mcreapa01, 1938,     1, BOS , NHL , C  ,  6.0,  0.0,   0.0,   0.0,   0.0,      ,     ,     ,     ,     ,     ,    ,      ,       ,      ,      ,        ,        ,        ,        ,        ,        ,        ,        ,      
mcreapa01, 1939,     1, BOS , NHL , C  ,  2.0,  0.0,   0.0,   0.0,   2.0,      ,     ,     ,     ,     ,     ,    ,      ,       ,      ,      ,        ,        ,        ,        ,        ,        ,        ,        ,      
mcreapa01, 1940,     1, BOS , NHL , C  ,  7.0,  0.0,   1.0,   1.0,   2.0,      ,     ,     ,     ,     ,     ,    ,      ,   11.0,   2.0,   2.0,     4.0,     5.0,        ,        ,        ,        ,        ,        ,      
mcreapa01, 1941,     1, BOS , NHL , C  ,  6.0,  0.0,   1.0,   1.0,   0.0,      ,     ,     ,     ,     ,     ,    ,      ,       ,      ,      ,        ,        ,        ,        ,        ,        ,        ,        ,      
mcreapa01, 1941,     2, DET , NHL , C  , 34.0,  5.0,   8.0,  13.0,   0.0,      ,     ,     ,     ,     ,     ,    ,      ,   11.0,   1.0,   1.0,     2.0,     4.0,        ,        ,        ,        ,        ,        ,      
mcreybr01, 1989,     1, WIN , NHL , C  ,  9.0,  0.0,   2.0,   2.0,   4.0, -4.0 ,  0.0,  0.0,  0.0,  0.0,  0.0, 0.0,  11.0,       ,      ,      ,        ,        ,        ,        ,        ,        ,        ,        ,      
mcreybr01, 1990,     1, NYR , NHL , C  ,  1.0,  0.0,   0.0,   0.0,   0.0, -1.0 ,  0.0,  0.0,  0.0,  0.0,  0.0, 0.0,   0.0,       ,      ,      ,        ,        ,        ,        ,        ,        ,        ,        ,      
mcreybr01, 1993,     1, LAK , NHL , C  , 20.0,  1.0,   3.0,   4.0,   4.0, -2.0 ,  0.0,  0.0,  0.0,  1.0,  0.0, 0.0,  10.0,       ,      ,      ,        ,        ,        ,        ,        ,        ,        ,        ,      
mcshebr01, 1972,     1, VAN , NHL , R  , 33.0,  4.0,   4.0,   8.0,  10.0, -32.0,  0.0,     ,  0.0,     ,  0.0, 0.0,  45.0,       ,      ,      ,        ,        ,        ,        ,        ,        ,        ,        ,      
mcshebr01, 1973,     1, VAN , NHL , R  , 54.0,  9.0,   3.0,  12.0,  34.0, -14.0,  3.0,     ,  0.0,     ,  0.0, 0.0,  71.0,       ,      ,      ,        ,        ,        ,        ,        ,        ,        ,        ,      
mcshebr01, 1974,     1, BUF , NHL , R  ,  3.0,  0.0,   0.0,   0.0,   0.0, 1.0  ,  0.0,     ,  0.0,     ,  0.0, 0.0,   1.0,       ,      ,      ,        ,        ,        ,        ,        ,        ,        ,        ,      
mcsorma01, 1983,     1, PIT , NHL , D  , 72.0,  2.0,   7.0,   9.0, 224.0, -39.0,  0.0,     ,  0.0,     ,  0.0, 0.0,  75.0,       ,      ,      ,        ,        ,        ,        ,        ,        ,        ,        ,      
mcsorma01, 1984,     1, PIT , NHL , D  , 15.0,  0.0,   0.0,   0.0,  15.0, -3.0 ,  0.0,     ,  0.0,     ,  0.0, 0.0,  11.0,       ,      ,      ,        ,        ,        ,        ,        ,        ,        ,        ,      
mcsorma01, 1985,     1, EDM , NHL , D  , 59.0, 11.0,  12.0,  23.0, 265.0, 9.0  ,  0.0,     ,  0.0,     ,  2.0, 0.0,  72.0,    8.0,   0.0,   2.0,     2.0,    50.0, 3.0    ,     0.0,        ,     0.0,        ,     0.0,     4.0
mcsorma01, 1986,     1, EDM , NHL , R  , 41.0,  2.0,   4.0,   6.0, 159.0, -4.0 ,  0.0,     ,  0.0,     ,  0.0, 0.0,  32.0,   21.0,   4.0,   3.0,     7.0,    65.0, 8.0    ,     0.0,        ,     0.0,        ,     1.0,    21.0
mcsorma01, 1987,     1, EDM , NHL , R  , 60.0,  9.0,  17.0,  26.0, 223.0, 23.0 ,  0.0,  0.0,  0.0,  0.0,  1.0, 0.0,  66.0,   16.0,   0.0,   3.0,     3.0,    67.0, 2.0    ,     0.0,     0.0,     0.0,     0.0,     0.0,    15.0
mcsorma01, 1988,     1, LAK , NHL , R  , 66.0, 10.0,  17.0,  27.0, 350.0, 3.0  ,  2.0,  2.0,  0.0,  0.0,  1.0, 0.0,  87.0,   11.0,   0.0,   2.0,     2.0,    33.0, -6.0   ,     0.0,     0.0,     0.0,     0.0,     0.0,    16.0
mcsorma01, 1989,     1, LAK , NHL , D  , 75.0, 15.0,  21.0,  36.0, 322.0, 2.0  ,  2.0,  5.0,  1.0,  1.0,  0.0, 1.0, 127.0,   10.0,   1.0,   3.0,     4.0,    18.0, -8.0   ,     1.0,     1.0,     0.0,     0.0,     0.0,    26.0
mcsorma01, 1990,     1, LAK , NHL , D  , 61.0,  7.0,  32.0,  39.0, 221.0, 48.0 ,  1.0,  6.0,  1.0,  1.0,  1.0, 0.0, 100.0,   12.0,   0.0,   0.0,     0.0,    58.0, -1.0   ,     0.0,     0.0,     0.0,     0.0,     0.0,    30.0
mcsorma01, 1991,     1, LAK , NHL , D  , 71.0,  7.0,  22.0,  29.0, 268.0, -13.0,  2.0,  8.0,  1.0,  0.0,  0.0, 0.0, 119.0,    6.0,   1.0,   0.0,     1.0,    21.0, 1.0    ,     0.0,     0.0,     0.0,     0.0,     0.0,    10.0
mcsorma01, 1992,     1, LAK , NHL , D  , 81.0, 15.0,  26.0,  41.0, 399.0, 1.0  ,  3.0,  9.0,  3.0,  2.0,  0.0, 0.0, 197.0,   24.0,   4.0,   6.0,    10.0,    60.0, -2.0   ,     2.0,     1.0,     0.0,     2.0,     1.0,    42.0
mcsorma01, 1993,     1, PIT , NHL , D  , 47.0,  3.0,  18.0,  21.0, 139.0, -9.0 ,  0.0,  8.0,  0.0,  1.0,  0.0, 1.0, 122.0,       ,      ,      ,        ,        ,        ,        ,        ,        ,        ,        ,      
mcsorma01, 1993,     2, LAK , NHL , D  , 18.0,  4.0,   6.0,  10.0,  55.0, -3.0 ,  1.0,  4.0,  0.0,  1.0,  1.0, 0.0,  38.0,       ,      ,      ,        ,        ,        ,        ,        ,        ,        ,        ,      
mcsorma01, 1994,     1, LAK , NHL , D  , 41.0,  3.0,  18.0,  21.0,  83.0, -14.0,  1.0,  6.0,  0.0,  3.0,  0.0, 1.0,  75.0,       ,      ,      ,        ,        ,        ,        ,        ,        ,        ,        ,      
mcsorma01, 1995,     1, LAK , NHL , D  , 59.0, 10.0,  21.0,  31.0, 148.0, -14.0,  1.0,  8.0,  1.0,  2.0,  1.0, 0.0, 118.0,       ,      ,      ,        ,        ,        ,        ,        ,        ,        ,        ,      
mcsorma01, 1995,     2, NYR , NHL , D  ,  9.0,  0.0,   2.0,   2.0,  21.0, -6.0 ,  0.0,  0.0,  0.0,  0.0,  0.0, 0.0,  12.0,    4.0,   0.0,   0.0,     0.0,     0.0, -1.0   ,     0.0,     0.0,     0.0,     0.0,     0.0,     3.0
mcsorma01, 1996,     1, SJS , NHL , D  , 57.0,  4.0,  12.0,  16.0, 186.0, -6.0 ,  0.0,  1.0,  1.0,  0.0,  1.0, 1.0,  74.0,       ,      ,      ,        ,        ,        ,        ,        ,        ,        ,        ,      
mcsorma01, 1997,     1, SJS , NHL , D  , 56.0,  2.0,  10.0,  12.0, 140.0, 10.0 ,  0.0,  0.0,  0.0,  1.0,  0.0, 0.0,  46.0,       ,      ,      ,        ,        ,        ,        ,        ,        ,        ,        ,      
mcsorma01, 1998,     1, EDM , NHL , D  , 46.0,  2.0,   3.0,   5.0, 101.0, -5.0 ,  0.0,  0.0,  0.0,  0.0,  0.0, 0.0,  29.0,    3.0,   0.0,   0.0,     0.0,     2.0, 1.0    ,     0.0,     0.0,     0.0,     0.0,     0.0,     3.0
mcsorma01, 1999,     1, BOS , NHL , D  , 27.0,  2.0,   3.0,   5.0,  62.0, 2.0  ,  0.0,  1.0,  0.0,  0.0,  0.0, 0.0,  24.0,       ,      ,      ,        ,        ,        ,        ,        ,        ,        ,        ,      
mcswedo01, 1987,     1, BUF , NHL , D  ,  5.0,  0.0,   1.0,   1.0,   6.0, 1.0  ,  0.0,  0.0,  0.0,  0.0,  0.0, 0.0,   4.0,       ,      ,      ,        ,        ,        ,        ,        ,        ,        ,        ,      
mcswedo01, 1989,     1, BUF , NHL , D  ,  4.0,  0.0,   0.0,   0.0,   6.0, -3.0 ,  0.0,  0.0,  0.0,  0.0,  0.0, 0.0,   4.0,       ,      ,      ,        ,        ,        ,        ,        ,        ,        ,        ,      
mcswedo01, 1993,     1, ANA , NHL , D  , 32.0,  3.0,   9.0,  12.0,  39.0, 4.0  ,  1.0,  2.0,  0.0,  0.0,  2.0, 0.0,  43.0,       ,      ,      ,        ,        ,        ,        ,        ,        ,        ,        ,      
mcswedo01, 1994,     1, ANA , NHL , D  ,  2.0,  0.0,   0.0,   0.0,   0.0, 0.0  ,  0.0,  0.0,  0.0,  0.0,  0.0, 0.0,   1.0,       ,      ,      ,        ,        ,        ,        ,        ,        ,        ,        ,      
mcswedo01, 1995,     1, ANA , NHL , D  ,  4.0,  0.0,   0.0,   0.0,   4.0, 0.0  ,  0.0,  0.0,  0.0,  0.0,  0.0, 0.0,   1.0,       ,      ,      ,        ,        ,        ,        ,        ,        ,        ,        ,      
mctagji01, 1980,     1, WAS , NHL , D  , 52.0,  1.0,   6.0,   7.0, 185.0, -5.0 ,  0.0,     ,  0.0,     ,  0.0, 0.0,  40.0,       ,      ,      ,        ,        ,        ,        ,        ,        ,        ,        ,      
mctagji01, 1981,     1, WAS , NHL , D  , 19.0,  2.0,   4.0,   6.0,  20.0, -2.0 ,  0.0,     ,  1.0,     ,  1.0, 0.0,  24.0,       ,      ,      ,        ,        ,        ,        ,        ,        ,        ,        ,      
mctavda01, 1996,     1, CAL , NHL , C  ,  9.0,  1.0,   2.0,   3.0,   2.0, -4.0 ,  0.0,  0.0,  0.0,  0.0,  0.0, 0.0,  14.0,       ,      ,      ,        ,        ,        ,        ,        ,        ,        ,        ,      
mctavgo01, 1978,     1, STL , NHL , C  ,  1.0,  0.0,   0.0,   0.0,   0.0, -2.0 ,  0.0,     ,  0.0,     ,  0.0, 0.0,   1.0,       ,      ,      ,        ,        ,        ,        ,        ,        ,        ,        ,      
mctavgo01, 1979,     1, WIN , NHL , C  , 10.0,  1.0,   3.0,   4.0,   2.0, 4.0  ,  0.0,     ,  0.0,     ,  0.0, 0.0,   9.0,       ,      ,      ,        ,        ,        ,        ,        ,        ,        ,        ,      
mcveich01, 1921,     1, REG , WCHL, R  , 19.0, 15.0,   6.0,  21.0,   8.0,      ,     ,     ,     ,     ,     ,    ,      ,    6.0,   1.0,   0.0,     1.0,     0.0,        ,        ,        ,        ,        ,        ,      
mcveich01, 1922,     1, REG , WCHL, R  , 30.0, 10.0,   2.0,  12.0,  20.0,      ,     ,     ,     ,     ,     ,    ,      ,    2.0,   0.0,   0.0,     0.0,     0.0,        ,        ,        ,        ,        ,        ,      
mcveich01, 1923,     1, REG , WCHL, L  , 26.0, 10.0,   0.0,  10.0,   6.0,      ,     ,     ,     ,     ,     ,    ,      ,    2.0,   0.0,   0.0,     0.0,     0.0,        ,        ,        ,        ,        ,        ,      
mcveich01, 1924,     1, REG , WCHL, R  , 28.0,  9.0,   5.0,  14.0,   8.0,      ,     ,     ,     ,     ,     ,    ,      ,       ,      ,      ,        ,        ,        ,        ,        ,        ,        ,        ,      
mcveich01, 1925,     1, POR , WCHL, R  , 28.0,  8.0,   3.0,  11.0,  14.0,      ,     ,     ,     ,     ,     ,    ,      ,       ,      ,      ,        ,        ,        ,        ,        ,        ,        ,        ,      
mcveich01, 1926,     1, CHI , NHL , R  , 43.0, 12.0,   4.0,  16.0,  23.0,      ,     ,     ,     ,     ,     ,    ,      ,    2.0,   0.0,   0.0,     0.0,     0.0,        ,        ,        ,        ,        ,        ,      
mcveich01, 1927,     1, CHI , NHL , R  , 43.0,  6.0,   7.0,  13.0,  10.0,      ,     ,     ,     ,     ,     ,    ,      ,       ,      ,      ,        ,        ,        ,        ,        ,        ,        ,        ,      
mcveich01, 1928,     1, NYA , NHL , R  , 44.0,  6.0,   2.0,   8.0,  16.0,      ,     ,     ,     ,     ,     ,    ,      ,    2.0,   0.0,   0.0,     0.0,     2.0,        ,        ,        ,        ,        ,        ,      
mcveich01, 1929,     1, NYA , NHL , R  , 40.0, 14.0,  14.0,  28.0,  32.0,      ,     ,     ,     ,     ,     ,    ,      ,       ,      ,      ,        ,        ,        ,        ,        ,        ,        ,        ,      
mcveich01, 1930,     1, NYA , NHL , R  , 44.0,  5.0,  11.0,  16.0,  23.0,      ,     ,     ,     ,     ,     ,    ,      ,       ,      ,      ,        ,        ,        ,        ,        ,        ,        ,        ,      
mcveich01, 1931,     1, NYA , NHL , R  , 48.0, 12.0,  15.0,  27.0,  16.0,      ,     ,     ,     ,     ,     ,    ,      ,       ,      ,      ,        ,        ,        ,        ,        ,        ,        ,        ,      
mcveich01, 1932,     1, NYA , NHL , R  , 40.0,  7.0,  12.0,  19.0,  10.0,      ,     ,     ,     ,     ,     ,    ,      ,       ,      ,      ,        ,        ,        ,        ,        ,        ,        ,        ,      
mcveich01, 1933,     1, NYA , NHL , R  , 48.0, 15.0,  12.0,  27.0,   4.0,      ,     ,     ,     ,     ,     ,    ,      ,       ,      ,      ,        ,        ,        ,        ,        ,        ,        ,        ,      
mcveich01, 1934,     1, NYA , NHL , R  , 47.0,  7.0,  11.0,  18.0,   4.0,      ,     ,     ,     ,     ,     ,    ,      ,       ,      ,      ,        ,        ,        ,        ,        ,        ,        ,        ,      
mcvicja01, 1930,     1, MTM , NHL , D  , 40.0,  2.0,   4.0,   6.0,  35.0,      ,     ,     ,     ,     ,     ,    ,      ,    2.0,   0.0,   0.0,     0.0,     2.0,        ,        ,        ,        ,        ,        ,      
mcvicja01, 1931,     1, MTM , NHL , D  , 48.0,  0.0,   0.0,   0.0,  28.0,      ,     ,     ,     ,     ,     ,    ,      ,    4.0,   0.0,   0.0,     0.0,     0.0,        ,        ,        ,        ,        ,        ,      
mcvicro01, 2005,     1, VAN , NHL , G  ,  1.0,  0.0,   0.0,   0.0,   0.0, 0.0  ,  0.0,  0.0,  0.0,  0.0,  0.0,    ,   0.0,       ,      ,      ,        ,        ,        ,        ,        ,        ,        ,        ,      
meaghri01, 1979,     1, MTL , NHL , C  ,  2.0,  0.0,   0.0,   0.0,   0.0, 0.0  ,  0.0,     ,  0.0,     ,  0.0, 0.0,   0.0,       ,      ,      ,        ,        ,        ,        ,        ,        ,        ,        ,      
meaghri01, 1980,     1, HAR , NHL , C  , 27.0,  7.0,  10.0,  17.0,  19.0, 2.0  ,  0.0,     ,  0.0,     ,  0.0, 0.0,  73.0,       ,      ,      ,        ,        ,        ,        ,        ,        ,        ,        ,      
meaghri01, 1981,     1, HAR , NHL , C  , 65.0, 24.0,  19.0,  43.0,  51.0, -4.0 ,  2.0,     ,  1.0,     ,  2.0, 3.0, 171.0,       ,      ,      ,        ,        ,        ,        ,        ,        ,        ,        ,      
meaghri01, 1982,     1, HAR , NHL , C  ,  4.0,  0.0,   0.0,   0.0,   0.0, -3.0 ,  0.0,     ,  0.0,     ,  0.0, 0.0,   3.0,       ,      ,      ,        ,        ,        ,        ,        ,        ,        ,        ,      
meaghri01, 1982,     2, NJD , NHL , C  , 57.0, 15.0,  14.0,  29.0,  11.0, -21.0,  7.0,     ,  0.0,     ,  1.0, 1.0, 135.0,       ,      ,      ,        ,        ,        ,        ,        ,        ,        ,        ,      
meaghri01, 1983,     1, NJD , NHL , C  , 52.0, 14.0,  14.0,  28.0,  16.0, -9.0 ,  2.0,     ,  0.0,     ,  2.0, 0.0, 125.0,       ,      ,      ,        ,        ,        ,        ,        ,        ,        ,        ,      
meaghri01, 1984,     1, NJD , NHL , C  , 71.0, 11.0,  20.0,  31.0,  22.0, -13.0,  1.0,     ,  1.0,     ,  1.0, 0.0, 139.0,       ,      ,      ,        ,        ,        ,        ,        ,        ,        ,        ,      
meaghri01, 1985,     1, STL , NHL , C  , 79.0, 11.0,  19.0,  30.0,  28.0, -1.0 ,  0.0,     ,  3.0,     ,  3.0, 0.0, 109.0,   19.0,   4.0,   4.0,     8.0,    12.0, 8.0    ,     0.0,        ,     1.0,        ,     0.0,    34.0
meaghri01, 1986,     1, STL , NHL , C  , 80.0, 18.0,  21.0,  39.0,  54.0, -9.0 ,  2.0,     ,  2.0,     ,  1.0, 1.0, 170.0,    6.0,   0.0,   0.0,     0.0,    11.0, -4.0   ,     0.0,        ,     0.0,        ,     0.0,    10.0
meaghri01, 1987,     1, STL , NHL , C  , 76.0, 18.0,  16.0,  34.0,  76.0, 0.0  ,  0.0,  1.0,  5.0,  0.0,  3.0, 0.0, 113.0,   10.0,   0.0,   0.0,     0.0,     8.0, -5.0   ,     0.0,     0.0,     0.0,     0.0,     0.0,    17.0
meaghri01, 1988,     1, STL , NHL , C  , 78.0, 15.0,  14.0,  29.0,  53.0, 9.0  ,  0.0,  0.0,  1.0,  0.0,  1.0, 0.0, 109.0,   10.0,   3.0,   2.0,     5.0,     6.0, 4.0    ,     0.0,     0.0,     0.0,     0.0,     1.0,    16.0
meaghri01, 1989,     1, STL , NHL , C  , 76.0,  8.0,  17.0,  25.0,  47.0, 4.0  ,  0.0,  0.0,  2.0,  3.0,  1.0, 0.0,  99.0,    8.0,   1.0,   0.0,     1.0,     2.0, -2.0   ,     0.0,     0.0,     0.0,     0.0,     0.0,    10.0
meaghri01, 1990,     1, STL , NHL , C  , 24.0,  3.0,   1.0,   4.0,   6.0, 0.0  ,  0.0,  0.0,  0.0,  0.0,  0.0, 0.0,  21.0,    9.0,   0.0,   1.0,     1.0,     2.0, 0.0    ,     0.0,     0.0,     0.0,     0.0,     0.0,     8.0
mecja01  , 1977,     1, CZE , WHA , C  ,  8.0,  2.0,   5.0,   7.0,   0.0,      ,  0.0,     ,  0.0,     ,  0.0,    ,      ,       ,      ,      ,        ,        ,        ,        ,        ,        ,        ,        ,      
meechde01, 2006,     1, DET , NHL , D  ,  4.0,  0.0,   0.0,   0.0,   2.0, 1.0  ,  0.0,  0.0,  0.0,  0.0,  0.0,    ,   3.0,       ,      ,      ,        ,        ,        ,        ,        ,        ,        ,        ,      
meechde01, 2007,     1, DET , NHL , D  , 32.0,  0.0,   3.0,   3.0,   6.0, -5.0 ,  0.0,  3.0,  0.0,  0.0,  0.0,    ,  44.0,       ,      ,      ,        ,        ,        ,        ,        ,        ,        ,        ,      
meechde01, 2008,     1, DET , NHL , D  , 41.0,  2.0,   5.0,   7.0,  12.0, -12.0,  0.0,  1.0,  0.0,  0.0,  0.0,    ,  44.0,    2.0,   0.0,   0.0,     0.0,     0.0, 0.0    ,     0.0,     0.0,     0.0,     0.0,     0.0,     1.0
meechde01, 2009,     1, DET , NHL , D  , 49.0,  2.0,   4.0,   6.0,  19.0, -12.0,  1.0,  0.0,  0.0,  0.0,  2.0,    ,  57.0,       ,      ,      ,        ,        ,        ,        ,        ,        ,        ,        ,      
meehage01, 1968,     1, TOR , NHL , C  , 25.0,  0.0,   2.0,   2.0,   2.0, -1.0 ,  0.0,     ,  0.0,     ,  0.0, 0.0,  28.0,       ,      ,      ,        ,        ,        ,        ,        ,        ,        ,        ,      
meehage01, 1968,     2, PHI , NHL , C  , 12.0,  0.0,   3.0,   3.0,   4.0, -1.0 ,  0.0,     ,  0.0,     ,  0.0, 0.0,  25.0,    4.0,   0.0,   0.0,     0.0,     0.0,        ,     0.0,        ,     0.0,        ,     0.0,      
meehage01, 1970,     1, BUF , NHL , C  , 77.0, 24.0,  31.0,  55.0,   8.0, -12.0,  5.0,     ,  0.0,     ,  1.0, 2.0, 163.0,       ,      ,      ,        ,        ,        ,        ,        ,        ,        ,        ,      
meehage01, 1971,     1, BUF , NHL , C  , 77.0, 19.0,  27.0,  46.0,  12.0, -28.0,  4.0,     ,  0.0,     ,  2.0, 2.0, 164.0,       ,      ,      ,        ,        ,        ,        ,        ,        ,        ,        ,      
meehage01, 1972,     1, BUF , NHL , C  , 77.0, 31.0,  29.0,  60.0,  21.0, 4.0  ,  3.0,     ,  1.0,     ,  6.0, 2.0, 208.0,    6.0,   0.0,   1.0,     1.0,     0.0,        ,     0.0,        ,     0.0,        ,     0.0,      
meehage01, 1973,     1, BUF , NHL , C  , 72.0, 20.0,  26.0,  46.0,  17.0, -7.0 ,  6.0,     ,  0.0,     ,  1.0, 1.0, 160.0,       ,      ,      ,        ,        ,        ,        ,        ,        ,        ,        ,      
meehage01, 1974,     1, BUF , NHL , C  ,  3.0,  0.0,   1.0,   1.0,   2.0, -3.0 ,  0.0,     ,  0.0,     ,  0.0, 0.0,   4.0,       ,      ,      ,        ,        ,        ,        ,        ,        ,        ,        ,      
meehage01, 1974,     2, VAN , NHL , C  , 57.0, 10.0,  15.0,  25.0,   4.0, -7.0 ,  0.0,     ,  0.0,     ,  2.0, 0.0, 121.0,       ,      ,      ,        ,        ,        ,        ,        ,        ,        ,        ,      
meehage01, 1974,     3, ATF , NHL , C  , 14.0,  4.0,  10.0,  14.0,   0.0, 2.0  ,  2.0,     ,  0.0,     ,  1.0, 0.0,  29.0,       ,      ,      ,        ,        ,        ,        ,        ,        ,        ,        ,      
meehage01, 1975,     1, ATF , NHL , C  , 48.0,  7.0,  20.0,  27.0,   8.0, -1.0 ,  2.0,     ,  0.0,     ,  1.0, 1.0,  71.0,       ,      ,      ,        ,        ,        ,        ,        ,        ,        ,        ,      
meehage01, 1975,     2, WAS , NHL , C  , 32.0, 16.0,  15.0,  31.0,  10.0, -7.0 ,  3.0,     ,  0.0,     ,  0.0, 0.0,  80.0,       ,      ,      ,        ,        ,        ,        ,        ,        ,        ,        ,      
meehage01, 1976,     1, WAS , NHL , C  , 80.0, 28.0,  36.0,  64.0,  13.0, -11.0,  9.0,     ,  1.0,     ,  6.0, 2.0, 193.0,       ,      ,      ,        ,        ,        ,        ,        ,        ,        ,        ,      
meehage01, 1977,     1, WAS , NHL , C  , 78.0, 19.0,  24.0,  43.0,  10.0, -41.0,  7.0,     ,  0.0,     ,  2.0, 1.0, 172.0,       ,      ,      ,        ,        ,        ,        ,        ,        ,        ,        ,      
meehage01, 1978,     1, WAS , NHL , C  , 18.0,  2.0,   4.0,   6.0,   0.0, -3.0 ,  1.0,     ,  0.0,     ,  1.0, 0.0,  32.0,       ,      ,      ,        ,        ,        ,        ,        ,        ,        ,        ,      
meehage01, 1978,     2, CIN , WHA , C  ,  2.0,  0.0,   0.0,   0.0,   0.0, -1.0 ,  0.0,     ,  0.0,     ,     ,    ,   0.0,       ,      ,      ,        ,        ,        ,        ,        ,        ,        ,        ,      
meekebr01, 1972,     1, CLF , NHL , D  ,  3.0,  0.0,   0.0,   0.0,   0.0, 0.0  ,  0.0,     ,  0.0,     ,  0.0, 0.0,   1.0,       ,      ,      ,        ,        ,        ,        ,        ,        ,        ,        ,      
meekebr01, 1973,     1, CLF , NHL , D  , 18.0,  1.0,   9.0,  10.0,   4.0, -11.0,  0.0,     ,  0.0,     ,  0.0, 0.0,  40.0,       ,      ,      ,        ,        ,        ,        ,        ,        ,        ,        ,      
meekebr01, 1974,     1, CLF , NHL , D  ,  4.0,  0.0,   0.0,   0.0,   0.0, 1.0  ,  0.0,     ,  0.0,     ,  0.0, 0.0,   6.0,       ,      ,      ,        ,        ,        ,        ,        ,        ,        ,        ,      
meekebr01, 1975,     1, CLF , NHL , D  ,  1.0,  0.0,   0.0,   0.0,   0.0, 0.0  ,  0.0,     ,  0.0,     ,  0.0, 0.0,   2.0,       ,      ,      ,        ,        ,        ,        ,        ,        ,        ,        ,      
meekebr01, 1976,     1, CLE , NHL , L  , 49.0,  8.0,  13.0,  21.0,   4.0, -15.0,  1.0,     ,  0.0,     ,  0.0, 0.0,  74.0,       ,      ,      ,        ,        ,        ,        ,        ,        ,        ,        ,      
meekeho01, 1946,     1, TOR , NHL , R  , 55.0, 27.0,  18.0,  45.0,  76.0,      ,     ,     ,     ,     ,     ,    ,      ,   11.0,   3.0,   3.0,     6.0,     6.0,        ,        ,        ,        ,        ,        ,      
meekeho01, 1947,     1, TOR , NHL , R  , 58.0, 14.0,  20.0,  34.0,  62.0,      ,     ,     ,     ,     ,     ,    ,      ,    9.0,   2.0,   4.0,     6.0,    15.0,        ,        ,        ,        ,        ,        ,      
meekeho01, 1948,     1, TOR , NHL , R  , 30.0,  7.0,   7.0,  14.0,  56.0,      ,     ,     ,     ,     ,     ,    ,      ,       ,      ,      ,        ,        ,        ,        ,        ,        ,        ,        ,      
meekeho01, 1949,     1, TOR , NHL , R  , 70.0, 18.0,  22.0,  40.0,  35.0,      ,     ,     ,     ,     ,     ,    ,      ,    7.0,   0.0,   1.0,     1.0,     4.0,        ,        ,        ,        ,        ,        ,      
meekeho01, 1950,     1, TOR , NHL , R  , 49.0,  6.0,  14.0,  20.0,  24.0,      ,     ,     ,     ,     ,     ,    ,      ,   11.0,   1.0,   1.0,     2.0,    14.0,        ,        ,        ,        ,        ,        ,      
meekeho01, 1951,     1, TOR , NHL , R  , 54.0,  9.0,  14.0,  23.0,  50.0,      ,     ,     ,     ,     ,     ,    ,      ,    4.0,   0.0,   0.0,     0.0,    11.0,        ,        ,        ,        ,        ,        ,      
meekeho01, 1952,     1, TOR , NHL , R  , 25.0,  1.0,   7.0,   8.0,  26.0,      ,     ,     ,     ,     ,     ,    ,      ,       ,      ,      ,        ,        ,        ,        ,        ,        ,        ,        ,      
meekeho01, 1953,     1, TOR , NHL , R  ,  5.0,  1.0,   0.0,   1.0,   0.0,      ,     ,     ,     ,     ,     ,    ,      ,       ,      ,      ,        ,        ,        ,        ,        ,        ,        ,        ,      
meekemi01, 1978,     1, PIT , NHL , R  ,  4.0,  0.0,   0.0,   0.0,   5.0, -1.0 ,  0.0,     ,  0.0,     ,  0.0, 0.0,   2.0,       ,      ,      ,        ,        ,        ,        ,        ,        ,        ,        ,      
meekigo01, 1915,     1, OT1 , NHA ,    ,  5.0,  0.0,   1.0,   1.0,   0.0,      ,     ,     ,     ,     ,     ,    ,      ,       ,      ,      ,        ,        ,        ,        ,        ,        ,        ,        ,      
meekigo01, 1916,     1, TOB , NHA ,    , 11.0,  4.0,   0.0,   4.0,   0.0,      ,     ,     ,     ,     ,     ,    ,      ,       ,      ,      ,        ,        ,        ,        ,        ,        ,        ,        ,      
meekigo01, 1920,     1, VA2 , PCHA, R  ,  9.0,  1.0,   0.0,   1.0,   0.0,      ,     ,     ,     ,     ,     ,    ,      ,       ,      ,      ,        ,        ,        ,        ,        ,        ,        ,        ,      
meekigo01, 1921,     1, REG , WCHL, R  ,  4.0,  1.0,   0.0,   1.0,   0.0,      ,     ,     ,     ,     ,     ,    ,      ,       ,      ,      ,        ,        ,        ,        ,        ,        ,        ,        ,      
meekiha01, 1915,     1, TBS , NHA ,    , 14.0,  3.0,   1.0,   4.0,   8.0,      ,     ,     ,     ,     ,     ,    ,      ,       ,      ,      ,        ,        ,        ,        ,        ,        ,        ,        ,      
meekiha01, 1917,     1, TOA , NHL , L  , 21.0, 10.0,   9.0,  19.0,  28.0,      ,     ,     ,     ,     ,  1.0,    ,      ,    2.0,   3.0,   0.0,     3.0,     6.0,        ,        ,        ,        ,        ,        ,      
meekiha01, 1918,     1, TOA , NHL , L  , 14.0,  7.0,   3.0,  10.0,  32.0,      ,     ,     ,     ,     ,     ,    ,      ,       ,      ,      ,        ,        ,        ,        ,        ,        ,        ,        ,      
meekiha01, 1919,     1, VA2 , PCHA, L  , 21.0,  4.0,   3.0,   7.0,  57.0,      ,     ,     ,     ,     ,     ,    ,      ,       ,      ,      ,        ,        ,        ,        ,        ,        ,        ,        ,      
meekiha01, 1920,     1, VA2 , PCHA, L  , 24.0, 13.0,   2.0,  15.0,  15.0,      ,     ,     ,     ,     ,     ,    ,      ,       ,      ,      ,        ,        ,        ,        ,        ,        ,        ,        ,      
meekiha01, 1921,     1, VA2 , PCHA, L  , 24.0,  2.0,   4.0,   6.0,  33.0,      ,     ,     ,     ,     ,     ,    ,      ,       ,      ,      ,        ,        ,        ,        ,        ,        ,        ,        ,      
meekiha01, 1922,     1, VC1 , PCHA, L  , 28.0, 17.0,   9.0,  26.0,  39.0,      ,     ,     ,     ,     ,     ,    ,      ,    2.0,   0.0,   0.0,     0.0,     2.0,        ,        ,        ,        ,        ,        ,      
meekiha01, 1923,     1, VC1 , PCHA, L  , 29.0,  8.0,   6.0,  14.0,  28.0,      ,     ,     ,     ,     ,     ,    ,      ,       ,      ,      ,        ,        ,        ,        ,        ,        ,        ,        ,      
meekiha01, 1924,     1, VIC , WCHL, L  , 28.0, 12.0,   2.0,  14.0,  28.0,      ,     ,     ,     ,     ,     ,    ,      ,    4.0,   0.0,   0.0,     0.0,     2.0,        ,        ,        ,        ,        ,        ,      
meekiha01, 1925,     1, VIC , WCHL, L  , 20.0,  1.0,   1.0,   2.0,  20.0,      ,     ,     ,     ,     ,     ,    ,      ,    4.0,   0.0,   0.0,     0.0,     0.0,        ,        ,        ,        ,        ,        ,      
meekiha01, 1926,     1, DTC , NHL , L  ,  6.0,  0.0,   0.0,   0.0,   4.0,      ,     ,     ,     ,     ,     ,    ,      ,       ,      ,      ,        ,        ,        ,        ,        ,        ,        ,        ,      
meekiha01, 1926,     2, BOS , NHL , L  , 23.0,  1.0,   0.0,   1.0,   2.0,      ,     ,     ,     ,     ,     ,    ,      ,    7.0,   0.0,   0.0,     0.0,     0.0,        ,        ,        ,        ,        ,        ,      
megerpa01, 1949,     1, MTL , NHL , L  ,     ,     ,      ,      ,      ,      ,     ,     ,     ,     ,     ,    ,      ,    2.0,   0.0,   0.0,     0.0,     2.0,        ,        ,        ,        ,        ,        ,      
megerpa01, 1950,     1, MTL , NHL , L  , 17.0,  2.0,   4.0,   6.0,   6.0,      ,     ,     ,     ,     ,     ,    ,      ,   11.0,   1.0,   3.0,     4.0,     4.0,        ,        ,        ,        ,        ,        ,      
megerpa01, 1951,     1, MTL , NHL , L  , 69.0, 24.0,  18.0,  42.0,  44.0,      ,     ,     ,     ,     ,     ,    ,      ,   11.0,   0.0,   3.0,     3.0,     2.0,        ,        ,        ,        ,        ,        ,      
megerpa01, 1952,     1, MTL , NHL , L  , 69.0,  9.0,  17.0,  26.0,  38.0,      ,     ,     ,     ,     ,     ,    ,      ,    5.0,   1.0,   2.0,     3.0,     4.0,        ,        ,        ,        ,        ,        ,      
megerpa01, 1953,     1, MTL , NHL , L  , 44.0,  4.0,   9.0,  13.0,  24.0,      ,     ,     ,     ,     ,     ,    ,      ,    6.0,   1.0,   0.0,     1.0,     4.0,        ,        ,        ,        ,        ,        ,      
megerpa01, 1954,     1, MTL , NHL , L  , 13.0,  0.0,   4.0,   4.0,   6.0,      ,     ,     ,     ,     ,     ,    ,      ,       ,      ,      ,        ,        ,        ,        ,        ,        ,        ,        ,      
meighro01, 1981,     1, MNS , NHL , D  ,  7.0,  1.0,   1.0,   2.0,   2.0, -2.0 ,  0.0,     ,  0.0,     ,  0.0, 0.0,   4.0,       ,      ,      ,        ,        ,        ,        ,        ,        ,        ,        ,      
meighro01, 1982,     1, PIT , NHL , D  , 41.0,  2.0,   6.0,   8.0,  16.0, -10.0,  1.0,     ,  0.0,     ,  0.0, 0.0,  48.0,       ,      ,      ,        ,        ,        ,        ,        ,        ,        ,        ,      
meissba01, 1967,     1, MNS , NHL , L  ,  1.0,  0.0,   0.0,   0.0,   2.0, -1.0 ,  0.0,     ,  0.0,     ,  0.0, 0.0,   2.0,       ,      ,      ,        ,        ,        ,        ,        ,        ,        ,        ,      
meissba01, 1968,     1, MNS , NHL , L  ,  5.0,  0.0,   1.0,   1.0,   2.0, 1.0  ,  0.0,     ,  0.0,     ,  0.0, 0.0,   1.0,       ,      ,      ,        ,        ,        ,        ,        ,        ,        ,        ,      
meissdi01, 1959,     1, BOS , NHL , R  , 60.0,  5.0,   6.0,  11.0,  22.0,      ,     ,     ,     ,     ,     ,    ,      ,       ,      ,      ,        ,        ,        ,        ,        ,        ,        ,        ,      
meissdi01, 1960,     1, BOS , NHL , R  ,  9.0,  0.0,   1.0,   1.0,   2.0,      ,     ,     ,     ,     ,     ,    ,      ,       ,      ,      ,        ,        ,        ,        ,        ,        ,        ,        ,      
meissdi01, 1961,     1, BOS , NHL , R  , 66.0,  3.0,   3.0,   6.0,  13.0,      ,     ,     ,     ,     ,     ,    ,      ,       ,      ,      ,        ,        ,        ,        ,        ,        ,        ,        ,      
meissdi01, 1963,     1, NYR , NHL , R  , 35.0,  3.0,   5.0,   8.0,   0.0,      ,  0.0,     ,  0.0,     ,  0.0, 1.0,      ,       ,      ,      ,        ,        ,        ,        ,        ,        ,        ,        ,      
meissdi01, 1964,     1, NYR , NHL , R  ,  1.0,  0.0,   0.0,   0.0,   0.0,      ,  0.0,     ,  0.0,     ,  0.0, 0.0,      ,       ,      ,      ,        ,        ,        ,        ,        ,        ,        ,        ,      
melaman01, 1985,     1, WIN , NHL , L  , 27.0,  0.0,   3.0,   3.0,   2.0, -5.0 ,  0.0,     ,  0.0,     ,  0.0, 0.0,  20.0,       ,      ,      ,        ,        ,        ,        ,        ,        ,        ,        ,      
melande01, 1994,     1, BUF , NHL , D  ,  5.0,  0.0,   0.0,   0.0,   4.0, -1.0 ,  0.0,  0.0,  0.0,  0.0,  0.0, 0.0,   1.0,       ,      ,      ,        ,        ,        ,        ,        ,        ,        ,        ,      
melande01, 2001,     1, WAS , NHL , D  ,  4.0,  0.0,   0.0,   0.0,   4.0, 1.0  ,  0.0,  0.0,  0.0,  0.0,  0.0, 0.0,   6.0,       ,      ,      ,        ,        ,        ,        ,        ,        ,        ,        ,      
melanro01, 1980,     1, NYI , NHL , G  , 11.0,  0.0,   0.0,   0.0,   4.0, 0.0  ,  0.0,     ,  0.0,     ,  0.0, 0.0,   0.0,    3.0,   0.0,   0.0,     0.0,     0.0,        ,     0.0,        ,     0.0,        ,     0.0,      
melanro01, 1981,     1, NYI , NHL , G  , 36.0,  0.0,   0.0,   0.0,  14.0, 0.0  ,  0.0,     ,  0.0,     ,  0.0, 0.0,   0.0,    3.0,   0.0,   0.0,     0.0,     0.0,        ,     0.0,        ,     0.0,        ,     0.0,      
melanro01, 1982,     1, NYI , NHL , G  , 44.0,  0.0,   3.0,   3.0,  22.0, 0.0  ,  0.0,     ,  0.0,     ,  0.0, 0.0,   0.0,    5.0,   0.0,   0.0,     0.0,     0.0,        ,     0.0,        ,     0.0,        ,     0.0,      
melanro01, 1983,     1, NYI , NHL , G  , 37.0,  0.0,   2.0,   2.0,  10.0, 0.0  ,  0.0,     ,  0.0,     ,  0.0, 0.0,   0.0,    6.0,   0.0,   0.0,     0.0,     2.0, 0.0    ,     0.0,        ,     0.0,        ,     0.0,     0.0
melanro01, 1984,     1, NYI , NHL , G  ,  8.0,  0.0,   0.0,   0.0,   0.0, 0.0  ,  0.0,     ,  0.0,     ,  0.0, 0.0,   0.0,       ,      ,      ,        ,        ,        ,        ,        ,        ,        ,        ,      
melanro01, 1984,     2, MNS , NHL , G  , 20.0,  0.0,   0.0,   0.0,   9.0, 0.0  ,  0.0,     ,  0.0,     ,  0.0, 0.0,   0.0,       ,      ,      ,        ,        ,        ,        ,        ,        ,        ,        ,      
melanro01, 1985,     1, MNS , NHL , G  ,  6.0,  0.0,   0.0,   0.0,   0.0, 0.0  ,  0.0,     ,  0.0,     ,  0.0, 0.0,   0.0,       ,      ,      ,        ,        ,        ,        ,        ,        ,        ,        ,      
melanro01, 1985,     2, LAK , NHL , G  , 22.0,  0.0,   1.0,   1.0,   8.0, 0.0  ,  0.0,     ,  0.0,     ,  0.0, 0.0,   0.0,       ,      ,      ,        ,        ,        ,        ,        ,        ,        ,        ,      
melanro01, 1986,     1, LAK , NHL , G  , 46.0,  0.0,   6.0,   6.0,  22.0, 0.0  ,  0.0,     ,  0.0,     ,  0.0, 0.0,   0.0,    5.0,   0.0,   0.0,     0.0,     4.0, 0.0    ,     0.0,        ,     0.0,        ,     0.0,     0.0
melanro01, 1987,     1, LAK , NHL , G  , 47.0,  0.0,   0.0,   0.0,  16.0, 0.0  ,  0.0,  0.0,  0.0,  0.0,  0.0, 0.0,   0.0,    1.0,   0.0,   0.0,     0.0,     0.0, 0.0    ,     0.0,     0.0,     0.0,     0.0,     0.0,     0.0
melanro01, 1988,     1, LAK , NHL , G  ,  4.0,  0.0,   0.0,   0.0,   4.0, 0.0  ,  0.0,  0.0,  0.0,  0.0,  0.0, 0.0,   0.0,       ,      ,      ,        ,        ,        ,        ,        ,        ,        ,        ,      
melanro01, 1990,     1, NJD , NHL , G  ,  1.0,  0.0,   0.0,   0.0,   0.0, 0.0  ,  0.0,  0.0,  0.0,  0.0,  0.0, 0.0,   0.0,       ,      ,      ,        ,        ,        ,        ,        ,        ,        ,        ,      
melanro01, 1991,     1, MTL , NHL , G  ,  9.0,  0.0,   0.0,   0.0,   0.0, 0.0  ,  0.0,  0.0,  0.0,  0.0,  0.0, 0.0,   0.0,       ,      ,      ,        ,        ,        ,        ,        ,        ,        ,        ,      
melicjo01, 2000,     1, PIT , NHL , D  , 18.0,  0.0,   2.0,   2.0,  21.0, -5.0 ,  0.0,  1.0,  0.0,  0.0,  0.0, 0.0,   9.0,       ,      ,      ,        ,        ,        ,        ,        ,        ,        ,        ,      
melicjo01, 2001,     1, PIT , NHL , D  , 60.0,  0.0,   3.0,   3.0,  68.0, -1.0 ,  0.0,  1.0,  0.0,  0.0,  0.0, 0.0,  46.0,       ,      ,      ,        ,        ,        ,        ,        ,        ,        ,        ,      
melicjo01, 2002,     1, PIT , NHL , D  ,  8.0,  0.0,   0.0,   0.0,   2.0, -2.0 ,  0.0,  0.0,  0.0,  0.0,  0.0, 0.0,   6.0,       ,      ,      ,        ,        ,        ,        ,        ,        ,        ,        ,      
melicjo01, 2003,     1, PIT , NHL , D  , 82.0,  3.0,   5.0,   8.0,  62.0, -17.0,  0.0,  0.0,  0.0,  1.0,  0.0, 0.0,  78.0,       ,      ,      ,        ,        ,        ,        ,        ,        ,        ,        ,      
melicjo01, 2005,     1, PIT , NHL , D  , 72.0,  3.0,  12.0,  15.0,  66.0, -2.0 ,  0.0,  0.0,  1.0,  1.0,  0.0,    ,  53.0,       ,      ,      ,        ,        ,        ,        ,        ,        ,        ,        ,      
melicjo01, 2006,     1, PIT , NHL , D  , 70.0,  1.0,  11.0,  12.0,  44.0, 1.0  ,  0.0,  1.0,  0.0,  1.0,  0.0,    ,  57.0,    5.0,   0.0,   0.0,     0.0,     2.0, -1.0   ,     0.0,     0.0,     0.0,     0.0,     0.0,     1.0
melicjo01, 2008,     1, CAR , NHL , D  , 15.0,  0.0,   4.0,   4.0,   8.0, -1.0 ,  0.0,  0.0,  0.0,  0.0,  0.0,    ,   3.0,       ,      ,      ,        ,        ,        ,        ,        ,        ,        ,        ,      
melicjo01, 2008,     2, TBL , NHL , D  , 24.0,  0.0,   5.0,   5.0,  29.0, 1.0  ,  0.0,  0.0,  0.0,  0.0,  0.0,    ,  16.0,       ,      ,      ,        ,        ,        ,        ,        ,        ,        ,        ,      
melinbj01, 2006,     1, AND , NHL , R  ,  3.0,  1.0,   0.0,   1.0,   0.0, -1.0 ,  0.0,  0.0,  0.0,  0.0,  0.0,    ,   1.0,       ,      ,      ,        ,        ,        ,        ,        ,        ,        ,        ,      
melinro01, 1980,     1, MNS , NHL , L  ,  1.0,  0.0,   0.0,   0.0,   0.0, -1.0 ,  0.0,     ,  0.0,     ,  0.0, 0.0,   1.0,       ,      ,      ,        ,        ,        ,        ,        ,        ,        ,        ,      
melinro01, 1981,     1, MNS , NHL , L  ,  2.0,  0.0,   0.0,   0.0,   0.0, 0.0  ,  0.0,     ,  0.0,     ,  0.0, 0.0,   0.0,       ,      ,      ,        ,        ,        ,        ,        ,        ,        ,        ,      
mellasc01, 1985,     1, PHI , NHL , R  ,  2.0,  0.0,   0.0,   0.0,   0.0, -1.0 ,  0.0,     ,  0.0,     ,  0.0, 0.0,   0.0,       ,      ,      ,        ,        ,        ,        ,        ,        ,        ,        ,      
mellasc01, 1986,     1, PHI , NHL , R  , 71.0, 11.0,  21.0,  32.0,  94.0, 8.0  ,  1.0,     ,  0.0,     ,  0.0, 2.0, 118.0,   24.0,   5.0,   5.0,    10.0,    46.0, 7.0    ,     0.0,        ,     0.0,        ,     1.0,    43.0
mellasc01, 1987,     1, PHI , NHL , R  , 75.0, 25.0,  26.0,  51.0, 185.0, -7.0 ,  7.0, 11.0,  0.0,  0.0,  2.0, 0.0, 190.0,    7.0,   0.0,   1.0,     1.0,    16.0, -6.0   ,     0.0,     1.0,     0.0,     0.0,     0.0,    14.0
mellasc01, 1988,     1, PHI , NHL , R  , 76.0, 21.0,  29.0,  50.0, 183.0, -13.0, 11.0, 10.0,  0.0,  0.0,  3.0, 0.0, 202.0,   19.0,   4.0,   5.0,     9.0,    28.0, 2.0    ,     0.0,     0.0,     0.0,     0.0,     0.0,    45.0
mellasc01, 1989,     1, PHI , NHL , R  , 57.0,  6.0,  17.0,  23.0,  77.0, -4.0 ,  0.0,  2.0,  0.0,  0.0,  1.0, 0.0, 104.0,       ,      ,      ,        ,        ,        ,        ,        ,        ,        ,        ,      
mellasc01, 1990,     1, PHI , NHL , R  , 74.0, 20.0,  21.0,  41.0, 155.0, 8.0  ,  5.0,  2.0,  0.0,  0.0,  6.0, 0.0, 165.0,       ,      ,      ,        ,        ,        ,        ,        ,        ,        ,        ,      
mellasc01, 1991,     1, EDM , NHL , R  , 80.0, 23.0,  27.0,  50.0, 197.0, 5.0  ,  7.0,  3.0,  0.0,  0.0,  5.0, 0.0, 159.0,   16.0,   2.0,   1.0,     3.0,    29.0, -3.0   ,     1.0,     0.0,     0.0,     0.0,     1.0,    26.0
mellasc01, 1992,     1, EDM , NHL , R  , 69.0, 15.0,  17.0,  32.0, 147.0, -4.0 ,  6.0,  3.0,  0.0,  0.0,  3.0, 1.0, 114.0,       ,      ,      ,        ,        ,        ,        ,        ,        ,        ,        ,      
mellasc01, 1993,     1, FLO , NHL , R  , 80.0, 30.0,  30.0,  60.0, 149.0, 0.0  , 17.0,  7.0,  0.0,  0.0,  4.0, 1.0, 204.0,       ,      ,      ,        ,        ,        ,        ,        ,        ,        ,        ,      
mellasc01, 1994,     1, FLO , NHL , R  , 48.0, 13.0,  12.0,  25.0,  90.0, -16.0,  4.0,  6.0,  0.0,  0.0,  5.0, 0.0, 130.0,       ,      ,      ,        ,        ,        ,        ,        ,        ,        ,        ,      
mellasc01, 1995,     1, FLO , NHL , R  , 79.0, 32.0,  38.0,  70.0, 160.0, 4.0  , 19.0, 16.0,  0.0,  0.0,  3.0, 1.0, 225.0,   22.0,   3.0,   6.0,     9.0,    44.0, -10.0  ,     2.0,     1.0,     0.0,     0.0,     0.0,    57.0
mellasc01, 1996,     1, FLO , NHL , R  , 82.0, 27.0,  29.0,  56.0, 170.0, 7.0  ,  9.0,  6.0,  1.0,  0.0,  4.0, 0.0, 221.0,    5.0,   0.0,   2.0,     2.0,     4.0, -1.0   ,     0.0,     1.0,     0.0,     0.0,     0.0,     6.0
mellasc01, 1997,     1, FLO , NHL , R  , 79.0, 15.0,  24.0,  39.0, 127.0, -14.0,  6.0,  6.0,  0.0,  0.0,  1.0, 0.0, 188.0,       ,      ,      ,        ,        ,        ,        ,        ,        ,        ,        ,      
mellasc01, 1998,     1, FLO , NHL , R  , 67.0, 18.0,  27.0,  45.0,  85.0, 5.0  ,  4.0,  7.0,  0.0,  0.0,  3.0, 3.0, 136.0,       ,      ,      ,        ,        ,        ,        ,        ,        ,        ,        ,      
mellasc01, 1999,     1, FLO , NHL , R  , 77.0, 18.0,  28.0,  46.0, 126.0, 14.0 ,  6.0,  4.0,  0.0,  0.0,  2.0, 1.0, 134.0,    4.0,   0.0,   1.0,     1.0,     2.0, 0.0    ,     0.0,     0.0,     0.0,     0.0,     0.0,     4.0
mellasc01, 2000,     1, FLO , NHL , R  , 40.0,  4.0,   9.0,  13.0,  46.0, -13.0,  1.0,  2.0,  0.0,  0.0,  0.0, 0.0,  58.0,       ,      ,      ,        ,        ,        ,        ,        ,        ,        ,        ,      
mellasc01, 2000,     2, STL , NHL , R  , 23.0,  7.0,   1.0,   8.0,  25.0, 0.0  ,  2.0,  1.0,  0.0,  0.0,  0.0, 0.0,  37.0,   15.0,   3.0,   3.0,     6.0,    17.0, -1.0   ,     2.0,     1.0,     0.0,     0.0,     0.0,    32.0
mellasc01, 2001,     1, STL , NHL , R  , 64.0, 15.0,  26.0,  41.0,  93.0, -5.0 ,  8.0, 10.0,  0.0,  0.0,  2.0, 0.0, 137.0,   10.0,   7.0,   3.0,    10.0,    18.0, 1.0    ,     4.0,     1.0,     0.0,     0.0,     1.0,    25.0
mellasc01, 2002,     1, STL , NHL , R  , 80.0, 26.0,  31.0,  57.0, 176.0, 1.0  , 13.0, 13.0,  0.0,  0.0,  4.0, 1.0, 132.0,    6.0,   0.0,   1.0,     1.0,    10.0, 0.0    ,     0.0,     1.0,     0.0,     0.0,     0.0,    13.0
mellasc01, 2003,     1, STL , NHL , R  , 68.0, 14.0,  17.0,  31.0,  76.0, -7.0 ,  6.0,  7.0,  0.0,  0.0,  3.0, 0.0, 103.0,    4.0,   0.0,   1.0,     1.0,     2.0, -4.0   ,     0.0,     0.0,     0.0,     0.0,     0.0,     3.0
mellasc01, 2005,     1, ATL , NHL , R  , 71.0, 12.0,  22.0,  34.0,  55.0, 5.0  ,  3.0,  7.0,  0.0,  0.0,  3.0,    , 100.0,       ,      ,      ,        ,        ,        ,        ,        ,        ,        ,        ,      
mellasc01, 2006,     1, ATL , NHL , R  , 69.0, 12.0,  24.0,  36.0,  63.0, -9.0 ,  5.0,  9.0,  0.0,  0.0,  2.0,    , 103.0,    4.0,   0.0,   0.0,     0.0,     4.0, -2.0   ,     0.0,     0.0,     0.0,     0.0,     0.0,     4.0
melloto01, 1973,     1, DET , NHL , D  , 25.0,  2.0,   4.0,   6.0,  25.0, -9.0 ,  0.0,     ,  0.0,     ,  0.0, 0.0,  24.0,       ,      ,      ,        ,        ,        ,        ,        ,        ,        ,        ,      
melloto01, 1974,     1, DET , NHL , D  ,  1.0,  0.0,   0.0,   0.0,   0.0, 0.0  ,  0.0,     ,  0.0,     ,  0.0, 0.0,   1.0,       ,      ,      ,        ,        ,        ,        ,        ,        ,        ,        ,      
melnyge01, 1955,     1, DET , NHL , C  ,     ,     ,      ,      ,      ,      ,     ,     ,     ,     ,     ,    ,      ,    6.0,   0.0,   0.0,     0.0,     0.0,        ,        ,        ,        ,        ,        ,      
melnyge01, 1959,     1, DET , NHL , C  , 63.0, 10.0,  10.0,  20.0,  12.0,      ,     ,     ,     ,     ,     ,    ,      ,    6.0,   3.0,   0.0,     3.0,     0.0,        ,        ,        ,        ,        ,        ,      
melnyge01, 1960,     1, DET , NHL , C  , 70.0,  9.0,  16.0,  25.0,   2.0,      ,     ,     ,     ,     ,     ,    ,      ,   11.0,   1.0,   0.0,     1.0,     2.0,        ,        ,        ,        ,        ,     1.0,      
melnyge01, 1961,     1, CHI , NHL , C  , 63.0,  5.0,  16.0,  21.0,   6.0,      ,     ,     ,     ,     ,     ,    ,      ,    7.0,   0.0,   0.0,     0.0,     2.0,        ,        ,        ,        ,        ,     0.0,      
melnyge01, 1964,     1, CHI , NHL , C  ,     ,     ,      ,      ,      ,      ,     ,     ,     ,     ,     ,    ,      ,    6.0,   0.0,   0.0,     0.0,     0.0,        ,        ,        ,        ,        ,     0.0,      
melnyge01, 1967,     1, STL , NHL , C  , 73.0, 15.0,  35.0,  50.0,  14.0, -11.0,  3.0,     ,  1.0,     ,  3.0, 0.0, 144.0,   17.0,   2.0,   6.0,     8.0,     2.0,        ,     1.0,        ,     1.0,        ,     0.0,      
melnyla01, 1980,     1, BOS , NHL , D  , 26.0,  0.0,   4.0,   4.0,  39.0, -7.0 ,  0.0,     ,  0.0,     ,  0.0, 0.0,  30.0,       ,      ,      ,        ,        ,        ,        ,        ,        ,        ,        ,      
melnyla01, 1981,     1, BOS , NHL , D  , 48.0,  0.0,   8.0,   8.0,  84.0, 3.0  ,  0.0,     ,  0.0,     ,  0.0, 0.0,  40.0,   11.0,   0.0,   3.0,     3.0,    40.0,        ,     0.0,        ,     0.0,        ,     0.0,      
melnyla01, 1982,     1, BOS , NHL , D  ,  1.0,  0.0,   0.0,   0.0,   0.0, -2.0 ,  0.0,     ,  0.0,     ,  0.0, 0.0,   2.0,   11.0,   0.0,   0.0,     0.0,     9.0,        ,     0.0,        ,     0.0,        ,     0.0,      
melnyla01, 1983,     1, EDM , NHL , D  ,     ,     ,      ,      ,      ,      ,     ,     ,     ,     ,     ,    ,      ,    6.0,   0.0,   1.0,     1.0,     2.0, 1.0    ,     0.0,        ,     0.0,        ,     0.0,     1.0
melnyla01, 1984,     1, EDM , NHL , D  , 28.0,  0.0,  11.0,  11.0,  25.0, 12.0 ,  0.0,     ,  0.0,     ,  0.0, 0.0,   8.0,   12.0,   1.0,   3.0,     4.0,    26.0, 10.0   ,     0.0,        ,     0.0,        ,     0.0,    15.0
melnyla01, 1985,     1, EDM , NHL , D  ,  6.0,  2.0,   3.0,   5.0,  11.0, 8.0  ,  0.0,     ,  0.0,     ,  0.0, 0.0,   4.0,       ,      ,      ,        ,        ,        ,        ,        ,        ,        ,        ,      
melnyla01, 1985,     2, NYR , NHL , D  , 46.0,  1.0,   8.0,   9.0,  65.0, 2.0  ,  0.0,     ,  0.0,     ,  0.0, 0.0,  33.0,   16.0,   1.0,   2.0,     3.0,    46.0, -9.0   ,     0.0,        ,     0.0,        ,     0.0,    10.0
melnyla01, 1986,     1, NYR , NHL , D  , 73.0,  3.0,  12.0,  15.0, 182.0, -13.0,  0.0,     ,  0.0,     ,  1.0, 0.0,  53.0,    6.0,   0.0,   0.0,     0.0,     4.0, -4.0   ,     0.0,        ,     0.0,        ,     0.0,     6.0
melnyla01, 1987,     1, NYR , NHL , D  , 14.0,  0.0,   1.0,   1.0,  34.0, -7.0 ,  0.0,  0.0,  0.0,  0.0,  0.0, 0.0,   8.0,       ,      ,      ,        ,        ,        ,        ,        ,        ,        ,        ,      
melnyla01, 1987,     2, VAN , NHL , D  , 49.0,  2.0,   3.0,   5.0,  73.0, -12.0,  0.0,  0.0,  0.0,  0.0,  0.0, 0.0,  32.0,       ,      ,      ,        ,        ,        ,        ,        ,        ,        ,        ,      
melnyla01, 1988,     1, VAN , NHL , D  , 74.0,  3.0,  11.0,  14.0,  82.0, 3.0  ,  0.0,  0.0,  1.0,  0.0,  1.0, 0.0,  59.0,    4.0,   0.0,   0.0,     0.0,     2.0, -1.0   ,     0.0,     0.0,     0.0,     0.0,     0.0,     3.0
melnyla01, 1989,     1, VAN , NHL , D  , 67.0,  0.0,   2.0,   2.0,  91.0, -27.0,  0.0,  0.0,  0.0,  0.0,  0.0, 0.0,  45.0,       ,      ,      ,        ,        ,        ,        ,        ,        ,        ,        ,      
melocde01, 1972,     1, PHB , WHA , C  ,  4.0,  1.0,   1.0,   2.0,   0.0,      ,  0.0,     ,  0.0,     ,     ,    ,      ,       ,      ,      ,        ,        ,        ,        ,        ,        ,        ,        ,      
melocde01, 1973,     1, VAB , WHA , C  , 41.0,  6.0,  13.0,  19.0,  18.0,      ,  1.0,     ,  0.0,     ,  0.0,    ,      ,       ,      ,      ,        ,        ,        ,        ,        ,        ,        ,        ,      
melocer01, 2001,     1, PIT , NHL , R  , 23.0,  0.0,   1.0,   1.0,   8.0, -7.0 ,  0.0,  0.0,  0.0,  0.0,  0.0, 0.0,  29.0,       ,      ,      ,        ,        ,        ,        ,        ,        ,        ,        ,      
melocer01, 2002,     1, PIT , NHL , R  , 13.0,  5.0,   1.0,   6.0,   4.0, -2.0 ,  2.0,  0.0,  0.0,  0.0,  1.0, 1.0,  34.0,       ,      ,      ,        ,        ,        ,        ,        ,        ,        ,        ,      
melocer01, 2003,     1, PIT , NHL , R  , 25.0,  3.0,   7.0,  10.0,  20.0, -6.0 ,  0.0,  0.0,  0.0,  2.0,  0.0, 0.0,  28.0,       ,      ,      ,        ,        ,        ,        ,        ,        ,        ,        ,      
melocer01, 2006,     1, PHI , NHL , R  , 13.0,  1.0,   2.0,   3.0,   4.0, -6.0 ,  1.0,  0.0,  0.0,  0.0,  0.0,    ,  12.0,       ,      ,      ,        ,        ,        ,        ,        ,        ,        ,        ,      
melocgi01, 1970,     1, CHI , NHL , G  ,  2.0,  0.0,   0.0,   0.0,   0.0, 0.0  ,  0.0,     ,  0.0,     ,  0.0, 0.0,   0.0,       ,      ,      ,        ,        ,        ,        ,        ,        ,        ,        ,      
melocgi01, 1971,     1, CLF , NHL , G  , 56.0,  0.0,   2.0,   2.0,   6.0, 0.0  ,  0.0,     ,  0.0,     ,  0.0, 0.0,   0.0,       ,      ,      ,        ,        ,        ,        ,        ,        ,        ,        ,      
melocgi01, 1972,     1, CLF , NHL , G  , 59.0,  0.0,   2.0,   2.0,   4.0, 0.0  ,  0.0,     ,  0.0,     ,  0.0, 0.0,   0.0,       ,      ,      ,        ,        ,        ,        ,        ,        ,        ,        ,      
melocgi01, 1973,     1, CLF , NHL , G  , 47.0,  0.0,   1.0,   1.0,   2.0, 0.0  ,  0.0,     ,  0.0,     ,  0.0, 0.0,   0.0,       ,      ,      ,        ,        ,        ,        ,        ,        ,        ,        ,      
melocgi01, 1974,     1, CLF , NHL , G  , 47.0,  0.0,   6.0,   6.0,  14.0, 0.0  ,  0.0,     ,  0.0,     ,  0.0, 0.0,   0.0,       ,      ,      ,        ,        ,        ,        ,        ,        ,        ,        ,      
melocgi01, 1975,     1, CLF , NHL , G  , 41.0,  0.0,   1.0,   1.0,   0.0, 0.0  ,  0.0,     ,  0.0,     ,  0.0, 0.0,   0.0,       ,      ,      ,        ,        ,        ,        ,        ,        ,        ,        ,      
melocgi01, 1976,     1, CLE , NHL , G  , 51.0,  0.0,   3.0,   3.0,  18.0, 0.0  ,  0.0,     ,  0.0,     ,  0.0, 0.0,   0.0,       ,      ,      ,        ,        ,        ,        ,        ,        ,        ,        ,      
melocgi01, 1977,     1, CLE , NHL , G  , 54.0,  0.0,   0.0,   0.0,   4.0, 0.0  ,  0.0,     ,  0.0,     ,  0.0, 0.0,   0.0,       ,      ,      ,        ,        ,        ,        ,        ,        ,        ,        ,      
melocgi01, 1978,     1, MNS , NHL , G  , 53.0,  0.0,   1.0,   1.0,  25.0, 0.0  ,  0.0,     ,  0.0,     ,  0.0, 0.0,   0.0,       ,      ,      ,        ,        ,        ,        ,        ,        ,        ,        ,      
melocgi01, 1979,     1, MNS , NHL , G  , 54.0,  0.0,   1.0,   1.0,   4.0, 0.0  ,  0.0,     ,  0.0,     ,  0.0, 0.0,   0.0,   11.0,   0.0,   0.0,     0.0,     0.0,        ,     0.0,        ,     0.0,        ,     0.0,      
melocgi01, 1980,     1, MNS , NHL , G  , 38.0,  0.0,   0.0,   0.0,   2.0, 0.0  ,  0.0,     ,  0.0,     ,  0.0, 0.0,   0.0,   13.0,   0.0,   0.0,     0.0,     4.0,        ,     0.0,        ,     0.0,        ,     0.0,      
melocgi01, 1981,     1, MNS , NHL , G  , 51.0,  0.0,   1.0,   1.0,   6.0, 0.0  ,  0.0,     ,  0.0,     ,  0.0, 0.0,   0.0,    4.0,   0.0,   0.0,     0.0,     2.0,        ,     0.0,        ,     0.0,        ,     0.0,      
melocgi01, 1982,     1, MNS , NHL , G  , 47.0,  0.0,   1.0,   1.0,   0.0, 0.0  ,  0.0,     ,  0.0,     ,  0.0, 0.0,   0.0,    5.0,   0.0,   0.0,     0.0,     0.0,        ,     0.0,        ,     0.0,        ,     0.0,      
melocgi01, 1983,     1, MNS , NHL , G  , 52.0,  0.0,   1.0,   1.0,   2.0, 0.0  ,  0.0,     ,  0.0,     ,  0.0, 0.0,   0.0,    4.0,   0.0,   0.0,     0.0,     0.0, 0.0    ,     0.0,        ,     0.0,        ,     0.0,     0.0
melocgi01, 1984,     1, MNS , NHL , G  , 32.0,  0.0,   0.0,   0.0,   2.0, 0.0  ,  0.0,     ,  0.0,     ,  0.0, 0.0,   0.0,    8.0,   0.0,   0.0,     0.0,     9.0, 0.0    ,     0.0,        ,     0.0,        ,     0.0,     0.0
melocgi01, 1985,     1, PIT , NHL , G  , 34.0,  0.0,   1.0,   1.0,   2.0, 0.0  ,  0.0,     ,  0.0,     ,  0.0, 0.0,   0.0,       ,      ,      ,        ,        ,        ,        ,        ,        ,        ,        ,      
melocgi01, 1986,     1, PIT , NHL , G  , 43.0,  0.0,   1.0,   1.0,  20.0, 0.0  ,  0.0,     ,  0.0,     ,  0.0, 0.0,   0.0,       ,      ,      ,        ,        ,        ,        ,        ,        ,        ,        ,      
melocgi01, 1987,     1, PIT , NHL , G  , 27.0,  0.0,   0.0,   0.0,   0.0, 0.0  ,  0.0,  0.0,  0.0,  0.0,  0.0, 0.0,   0.0,       ,      ,      ,        ,        ,        ,        ,        ,        ,        ,        ,      
melofch01, 1972,     1, OTN , WHA , D  , 28.0,  1.0,   6.0,   7.0,  40.0,      ,  0.0,     ,  0.0,     ,     ,    ,      ,       ,      ,      ,        ,        ,        ,        ,        ,        ,        ,        ,      
melroba01, 1976,     1, CIN , WHA , D  , 29.0,  1.0,   4.0,   5.0,   8.0, -22.0,  0.0,     ,  0.0,     ,     ,    ,  17.0,    2.0,   0.0,   0.0,     0.0,     2.0,        ,     0.0,        ,     0.0,        ,     0.0,      
melroba01, 1977,     1, CIN , WHA , D  , 69.0,  2.0,   9.0,  11.0, 113.0, -10.0,  0.0,     ,  0.0,     ,     ,    ,  51.0,       ,      ,      ,        ,        ,        ,        ,        ,        ,        ,        ,      
melroba01, 1978,     1, CIN , WHA , D  , 80.0,  2.0,  14.0,  16.0, 222.0, -4.0 ,  1.0,     ,  0.0,     ,     ,    ,  85.0,    3.0,   0.0,   1.0,     1.0,     8.0, -1.0   ,        ,        ,        ,        ,     0.0,      
melroba01, 1979,     1, WIN , NHL , D  , 74.0,  4.0,   6.0,  10.0, 124.0, -41.0,  0.0,     ,  0.0,     ,  1.0, 0.0, 101.0,       ,      ,      ,        ,        ,        ,        ,        ,        ,        ,        ,      
melroba01, 1980,     1, WIN , NHL , D  , 18.0,  1.0,   1.0,   2.0,  40.0, -12.0,  0.0,     ,  0.0,     ,  0.0, 0.0,  16.0,       ,      ,      ,        ,        ,        ,        ,        ,        ,        ,        ,      
melroba01, 1980,     2, TOR , NHL , D  , 57.0,  2.0,   5.0,   7.0, 166.0, -18.0,  0.0,     ,  1.0,     ,  0.0, 0.0,  39.0,    3.0,   0.0,   1.0,     1.0,    15.0,        ,     0.0,        ,     0.0,        ,     0.0,      
melroba01, 1981,     1, TOR , NHL , D  , 64.0,  1.0,   5.0,   6.0, 186.0, -26.0,  0.0,     ,  0.0,     ,  0.0, 0.0,  45.0,       ,      ,      ,        ,        ,        ,        ,        ,        ,        ,        ,      
melroba01, 1982,     1, TOR , NHL , D  , 52.0,  2.0,   5.0,   7.0,  68.0, -16.0,  0.0,     ,  0.0,     ,  0.0, 0.0,  25.0,    4.0,   0.0,   1.0,     1.0,    23.0,        ,     0.0,        ,     0.0,        ,     0.0,      
melroba01, 1983,     1, DET , NHL , D  , 21.0,  0.0,   1.0,   1.0,  74.0, 0.0  ,  0.0,     ,  0.0,     ,  0.0, 0.0,   8.0,       ,      ,      ,        ,        ,        ,        ,        ,        ,        ,        ,      
melroba01, 1985,     1, DET , NHL , D  , 14.0,  0.0,   0.0,   0.0,  70.0, -6.0 ,  0.0,     ,  0.0,     ,  0.0, 0.0,   2.0,       ,      ,      ,        ,        ,        ,        ,        ,        ,        ,        ,      
menarhi01, 1953,     1, CHI , NHL , L  ,  1.0,  0.0,   0.0,   0.0,   0.0,      ,     ,     ,     ,     ,     ,    ,      ,       ,      ,      ,        ,        ,        ,        ,        ,        ,        ,        ,      
menarho01, 1963,     1, DET , NHL , C  ,  3.0,  0.0,   0.0,   0.0,   0.0,      ,  0.0,     ,  0.0,     ,  0.0, 0.0,      ,       ,      ,      ,        ,        ,        ,        ,        ,        ,        ,        ,      
menarho01, 1967,     1, LAK , NHL , C  , 35.0,  9.0,  15.0,  24.0,  32.0, 4.0  ,  1.0,     ,  0.0,     ,  5.0, 1.0,  86.0,    7.0,   0.0,   5.0,     5.0,    24.0,        ,     0.0,        ,     0.0,        ,     0.0,      
menarho01, 1968,     1, LAK , NHL , C  , 56.0, 10.0,  17.0,  27.0,  31.0, 0.0  ,  1.0,     ,  0.0,     ,  1.0, 1.0,  94.0,   11.0,   3.0,   2.0,     5.0,    12.0,        ,     1.0,        ,     0.0,        ,     0.0,      
menarho01, 1969,     1, CHI , NHL , C  , 19.0,  2.0,   3.0,   5.0,   8.0, 5.0  ,  1.0,     ,  0.0,     ,  0.0, 0.0,  10.0,       ,      ,      ,        ,        ,        ,        ,        ,        ,        ,        ,      
menarho01, 1969,     2, OAK , NHL , C  , 38.0,  2.0,   7.0,   9.0,  16.0, -5.0 ,  0.0,     ,  0.0,     ,  0.0, 0.0,  52.0,    1.0,   0.0,   0.0,     0.0,     0.0,        ,     0.0,        ,     0.0,        ,     0.0,      
menarpa01, 1972,     1, CHC , WHA , G  ,  1.0,  0.0,   0.0,   0.0,   0.0,      ,  0.0,     ,  0.0,     ,     ,    ,      ,       ,      ,      ,        ,        ,        ,        ,        ,        ,        ,        ,      
merciju01, 2009,     1, COL , NHL , L  ,  9.0,  1.0,   1.0,   2.0,   0.0, 2.0  ,  0.0,  0.0,  0.0,  0.0,  0.0,    ,   5.0,       ,      ,      ,        ,        ,        ,        ,        ,        ,        ,        ,      
mercrvi01, 1974,     1, ATF , NHL , C  ,  2.0,  0.0,   0.0,   0.0,   0.0, 0.0  ,  0.0,     ,  0.0,     ,  0.0, 0.0,   0.0,       ,      ,      ,        ,        ,        ,        ,        ,        ,        ,        ,      
mercrvi01, 1975,     1, CAC , WHA , C  ,  3.0,  0.0,   0.0,   0.0,  29.0, 0.0  ,  0.0,     ,  0.0,     ,  0.0,    ,   1.0,       ,      ,      ,        ,        ,        ,        ,        ,        ,        ,        ,      
meredgr01, 1980,     1, CAL , NHL , R  ,  3.0,  1.0,   0.0,   1.0,   0.0, 1.0  ,  0.0,     ,  0.0,     ,  0.0, 0.0,   5.0,       ,      ,      ,        ,        ,        ,        ,        ,        ,        ,        ,      
meredgr01, 1982,     1, CAL , NHL , R  , 35.0,  5.0,   4.0,   9.0,   8.0, -5.0 ,  2.0,     ,  1.0,     ,  0.0, 0.0,  39.0,    5.0,   3.0,   1.0,     4.0,     4.0,        ,     0.0,        ,     1.0,        ,     2.0,      
merkogl01, 1981,     1, HAR , NHL , C  ,  7.0,  0.0,   0.0,   0.0,   2.0, -1.0 ,  0.0,     ,  0.0,     ,  0.0, 0.0,   2.0,       ,      ,      ,        ,        ,        ,        ,        ,        ,        ,        ,      
merkogl01, 1982,     1, NJD , NHL , C  , 34.0,  4.0,  10.0,  14.0,  20.0, -10.0,  1.0,     ,  0.0,     ,  0.0, 1.0,  43.0,       ,      ,      ,        ,        ,        ,        ,        ,        ,        ,        ,      
merkogl01, 1983,     1, NJD , NHL , C  ,  5.0,  1.0,   0.0,   1.0,   0.0, 0.0  ,  0.0,     ,  0.0,     ,  0.0, 0.0,   6.0,       ,      ,      ,        ,        ,        ,        ,        ,        ,        ,        ,      
merkogl01, 1985,     1, DET , NHL , C  , 17.0,  0.0,   2.0,   2.0,   0.0, -12.0,  0.0,     ,  0.0,     ,  0.0, 0.0,  18.0,       ,      ,      ,        ,        ,        ,        ,        ,        ,        ,        ,      
merkogl01, 1989,     1, DET , NHL , C  ,  3.0,  0.0,   0.0,   0.0,   0.0, 0.0  ,  0.0,  0.0,  0.0,  0.0,  0.0, 0.0,   0.0,       ,      ,      ,        ,        ,        ,        ,        ,        ,        ,        ,      
meronbi01, 1939,     1, MTL , NHL , C  ,  7.0,  2.0,   2.0,   4.0,   0.0,      ,     ,     ,     ,     ,     ,    ,      ,       ,      ,      ,        ,        ,        ,        ,        ,        ,        ,        ,      
meronbi01, 1942,     1, MTL , NHL , C  , 12.0,  3.0,   6.0,   9.0,   0.0,      ,     ,     ,     ,     ,     ,    ,      ,    1.0,   0.0,   0.0,     0.0,     0.0,        ,        ,        ,        ,        ,        ,      
merreba01, 1976,     1, EDO , WHA , C  , 10.0,  1.0,   3.0,   4.0,   0.0, -2.0 ,  0.0,     ,  0.0,     ,     ,    ,  15.0,       ,      ,      ,        ,        ,        ,        ,        ,        ,        ,        ,      
merriho01, 1912,     1, OT1 , NHA ,    , 10.0,  5.0,   0.0,   5.0,   4.0,      ,     ,     ,     ,     ,     ,    ,      ,       ,      ,      ,        ,        ,        ,        ,        ,        ,        ,        ,      
merriho01, 1913,     1, OT1 , NHA ,    , 18.0,  3.0,   3.0,   6.0,  29.0,      ,     ,     ,     ,     ,     ,    ,      ,       ,      ,      ,        ,        ,        ,        ,        ,        ,        ,        ,      
merriho01, 1914,     1, OT1 , NHA ,    , 20.0,  3.0,   0.0,   3.0,  32.0,      ,     ,     ,     ,     ,     ,    ,      ,    2.0,   1.0,      ,        ,        ,        ,        ,        ,        ,        ,        ,      
merriho01, 1915,     1, OT1 , NHA ,    , 24.0,  4.0,   1.0,   5.0,  25.0,      ,     ,     ,     ,     ,     ,    ,      ,       ,      ,      ,        ,        ,        ,        ,        ,        ,        ,        ,      
merriho01, 1916,     1, OT1 , NHA ,    , 18.0,  1.0,   1.0,   2.0,  12.0,      ,     ,     ,     ,     ,     ,    ,      ,    2.0,   0.0,      ,        ,        ,        ,        ,        ,        ,        ,        ,      
merriho01, 1917,     1, OTS , NHL , D  ,  3.0,  0.0,   0.0,   0.0,   3.0,      ,     ,     ,     ,     ,  0.0,    ,      ,       ,      ,      ,        ,        ,        ,        ,        ,        ,        ,        ,      
merriho01, 1919,     1, OTS , NHL , D  ,  5.0,  0.0,   0.0,   0.0,   0.0,      ,     ,     ,     ,     ,     ,    ,      ,       ,      ,      ,        ,        ,        ,        ,        ,        ,        ,        ,      
merriwa01, 1972,     1, STL , NHL , C  , 50.0, 10.0,  11.0,  21.0,  10.0, -2.0 ,  3.0,     ,  0.0,     ,  0.0, 1.0,  81.0,    5.0,   0.0,   1.0,     1.0,     2.0,        ,     0.0,        ,     0.0,        ,     0.0,      
merriwa01, 1973,     1, STL , NHL , C  , 64.0, 20.0,  23.0,  43.0,  32.0, -11.0,  2.0,     ,  0.0,     ,  4.0, 1.0, 147.0,       ,      ,      ,        ,        ,        ,        ,        ,        ,        ,        ,      
merriwa01, 1974,     1, STL , NHL , C  , 76.0, 28.0,  37.0,  65.0,  57.0, 29.0 ,  2.0,     ,  0.0,     ,  3.0, 1.0, 205.0,    2.0,   1.0,   1.0,     2.0,     0.0,        ,     1.0,        ,     0.0,        ,     0.0,      
merriwa01, 1975,     1, STL , NHL , C  , 19.0,  7.0,   8.0,  15.0,   0.0, 0.0  ,  1.0,     ,  0.0,     ,  0.0, 0.0,  56.0,       ,      ,      ,        ,        ,        ,        ,        ,        ,        ,        ,      
merriwa01, 1975,     2, CLF , NHL , C  , 56.0, 25.0,  27.0,  52.0,  36.0, -3.0 ,  7.0,     ,  0.0,     ,  4.0, 2.0, 190.0,       ,      ,      ,        ,        ,        ,        ,        ,        ,        ,        ,      
merriwa01, 1976,     1, CLE , NHL , C  , 80.0, 18.0,  38.0,  56.0,  25.0, -21.0,  4.0,     ,  0.0,     ,  2.0, 0.0, 201.0,       ,      ,      ,        ,        ,        ,        ,        ,        ,        ,        ,      
merriwa01, 1977,     1, CLE , NHL , C  , 18.0,  2.0,   5.0,   7.0,   8.0, -10.0,  0.0,     ,  0.0,     ,  0.0, 0.0,  42.0,       ,      ,      ,        ,        ,        ,        ,        ,        ,        ,        ,      
merriwa01, 1977,     2, NYI , NHL , C  , 37.0, 10.0,  14.0,  24.0,   8.0, 2.0  ,  2.0,     ,  0.0,     ,  2.0, 0.0,  60.0,    7.0,   1.0,   0.0,     1.0,     0.0,        ,     0.0,        ,     0.0,        ,     0.0,      
merriwa01, 1978,     1, NYI , NHL , C  , 75.0, 20.0,  21.0,  41.0,  24.0, 13.0 ,  2.0,     ,  0.0,     ,  0.0, 0.0, 128.0,   10.0,   2.0,   3.0,     5.0,     2.0,        ,     0.0,        ,     0.0,        ,     0.0,      
merriwa01, 1979,     1, NYI , NHL , C  , 70.0, 13.0,  22.0,  35.0,  16.0, 12.0 ,  2.0,     ,  0.0,     ,  4.0, 0.0, 111.0,   21.0,   2.0,   4.0,     6.0,     2.0,        ,     0.0,        ,     0.0,        ,     1.0,      
merriwa01, 1980,     1, NYI , NHL , C  , 71.0, 16.0,  15.0,  31.0,  30.0, 12.0 ,  1.0,     ,  0.0,     ,  2.0, 0.0,  89.0,   18.0,   6.0,  12.0,    18.0,     8.0,        ,     0.0,        ,     0.0,        ,     1.0,      
merriwa01, 1981,     1, NYI , NHL , C  , 68.0, 12.0,  27.0,  39.0,  20.0, 4.0  ,  1.0,     ,  0.0,     ,  3.0, 0.0, 112.0,   19.0,   6.0,   6.0,    12.0,     6.0,        ,     0.0,        ,     0.0,        ,     1.0,      
merriwa01, 1982,     1, NYI , NHL , C  , 59.0,  4.0,  12.0,  16.0,  27.0, -3.0 ,  1.0,     ,  0.0,     ,  2.0, 0.0,  46.0,   19.0,   1.0,   3.0,     4.0,    10.0,        ,     0.0,        ,     0.0,        ,     0.0,      
merriwa01, 1983,     1, NYI , NHL , C  , 31.0,  6.0,   5.0,  11.0,  10.0, 2.0  ,  0.0,     ,  0.0,     ,  0.0, 0.0,  32.0,    1.0,   0.0,   0.0,     0.0,     0.0, 0.0    ,     0.0,        ,     0.0,        ,     0.0,     0.0
mertzja01, 1998,     1, NYR , NHL , D  , 23.0,  0.0,   2.0,   2.0,   8.0, -5.0 ,  0.0,  1.0,  0.0,  0.0,  0.0, 0.0,  10.0,       ,      ,      ,        ,        ,        ,        ,        ,        ,        ,        ,      
messier01, 1996,     1, COL , NHL , D  , 21.0,  0.0,   0.0,   0.0,   4.0, 7.0  ,  0.0,  0.0,  0.0,  0.0,  0.0, 0.0,  11.0,    6.0,   0.0,   0.0,     0.0,     4.0, 0.0    ,     0.0,     0.0,     0.0,     0.0,     0.0,     1.0
messier01, 1997,     1, COL , NHL , D  , 62.0,  4.0,  12.0,  16.0,  20.0, 4.0  ,  0.0,  6.0,  0.0,  0.0,  0.0, 0.0,  66.0,       ,      ,      ,        ,        ,        ,        ,        ,        ,        ,        ,      
messier01, 1998,     1, COL , NHL , D  , 31.0,  4.0,   2.0,   6.0,  14.0, 0.0  ,  1.0,  0.0,  0.0,  0.0,  1.0, 0.0,  30.0,    3.0,   0.0,   0.0,     0.0,     0.0, -1.0   ,     0.0,     0.0,     0.0,     0.0,     0.0,     1.0
messier01, 1999,     1, COL , NHL , D  , 61.0,  3.0,   6.0,   9.0,  24.0, 0.0  ,  1.0,  0.0,  0.0,  0.0,  0.0, 0.0,  28.0,   14.0,   0.0,   1.0,     1.0,     4.0, 1.0    ,     0.0,     0.0,     0.0,     0.0,     0.0,     3.0
messier01, 2000,     1, COL , NHL , L/D, 64.0,  5.0,   7.0,  12.0,  26.0, -3.0 ,  0.0,  0.0,  0.0,  0.0,  1.0, 0.0,  60.0,   23.0,   2.0,   2.0,     4.0,    14.0, 0.0    ,     0.0,     0.0,     0.0,     0.0,     0.0,    20.0
messier01, 2001,     1, COL , NHL , L  , 74.0,  5.0,  10.0,  15.0,  26.0, -5.0 ,  0.0,  0.0,  0.0,  0.0,  3.0, 0.0,  84.0,   21.0,   1.0,   2.0,     3.0,     0.0, -4.0   ,     0.0,     0.0,     0.0,     0.0,     0.0,    18.0
messier01, 2002,     1, COL , NHL , L  , 72.0,  4.0,  10.0,  14.0,  16.0, -2.0 ,  0.0,  0.0,  1.0,  0.0,  1.0, 0.0,  52.0,    5.0,   0.0,   0.0,     0.0,     0.0, 0.0    ,     0.0,     0.0,     0.0,     0.0,     0.0,     2.0
messier01, 2003,     1, FLO , NHL , L  , 21.0,  0.0,   3.0,   3.0,  16.0, -2.0 ,  0.0,  0.0,  0.0,  1.0,  0.0, 0.0,  13.0,       ,      ,      ,        ,        ,        ,        ,        ,        ,        ,        ,      
messijo01, 1992,     1, NYR , NHL , D  , 11.0,  0.0,   0.0,   0.0,   6.0, 0.0  ,  0.0,  0.0,  0.0,  0.0,  0.0, 0.0,  11.0,       ,      ,      ,        ,        ,        ,        ,        ,        ,        ,        ,      
messijo01, 1993,     1, NYR , NHL , D  ,  4.0,  0.0,   2.0,   2.0,   0.0, -1.0 ,  0.0,  0.0,  0.0,  0.0,  0.0, 0.0,   7.0,       ,      ,      ,        ,        ,        ,        ,        ,        ,        ,        ,      
messijo01, 1994,     1, NYR , NHL , D  , 10.0,  0.0,   2.0,   2.0,  18.0, 2.0  ,  0.0,  0.0,  0.0,  0.0,  0.0, 0.0,   4.0,       ,      ,      ,        ,        ,        ,        ,        ,        ,        ,        ,      
messima01, 1978,     1, IND , WHA , C  ,  5.0,  0.0,   0.0,   0.0,   0.0, -4.0 ,  0.0,     ,  0.0,     ,     ,    ,   7.0,       ,      ,      ,        ,        ,        ,        ,        ,        ,        ,        ,      
messima01, 1978,     2, CIN , WHA , C  , 47.0,  1.0,  10.0,  11.0,  58.0, -6.0 ,  0.0,     ,  0.0,     ,     ,    ,  55.0,       ,      ,      ,        ,        ,        ,        ,        ,        ,        ,        ,      
messima01, 1979,     1, EDM , NHL , C  , 75.0, 12.0,  21.0,  33.0, 120.0, -10.0,  1.0,     ,  1.0,     ,  1.0, 1.0, 113.0,    3.0,   1.0,   2.0,     3.0,     2.0,        ,     0.0,        ,     1.0,        ,     0.0,      
messima01, 1980,     1, EDM , NHL , L  , 72.0, 23.0,  40.0,  63.0, 102.0, -12.0,  4.0,     ,  0.0,     ,  1.0, 1.0, 179.0,    9.0,   2.0,   5.0,     7.0,    13.0,        ,     0.0,        ,     0.0,        ,     0.0,      
messima01, 1981,     1, EDM , NHL , L  , 78.0, 50.0,  38.0,  88.0, 119.0, 21.0 , 10.0,     ,  0.0,     ,  3.0, 2.0, 235.0,    5.0,   1.0,   2.0,     3.0,     8.0,        ,     0.0,        ,     0.0,        ,     0.0,      
messima01, 1982,     1, EDM , NHL , L  , 77.0, 48.0,  58.0, 106.0,  72.0, 19.0 , 12.0,     ,  1.0,     ,  2.0, 5.0, 237.0,   15.0,  15.0,   6.0,    21.0,    14.0,        ,     4.0,        ,     2.0,        ,     2.0,      
messima01, 1983,     1, EDM , NHL , L  , 73.0, 37.0,  64.0, 101.0, 165.0, 40.0 ,  7.0,     ,  4.0,     ,  7.0, 0.0, 219.0,   19.0,   8.0,  18.0,    26.0,    19.0, 9.0    ,     1.0,        ,     1.0,        ,     2.0,    63.0
messima01, 1984,     1, EDM , NHL , C  , 55.0, 23.0,  31.0,  54.0,  57.0, 8.0  ,  4.0,     ,  5.0,     ,  1.0, 0.0, 136.0,   18.0,  12.0,  13.0,    25.0,    12.0, 13.0   ,     1.0,        ,     1.0,        ,     1.0,    56.0
messima01, 1985,     1, EDM , NHL , C  , 63.0, 35.0,  49.0,  84.0,  68.0, 36.0 , 10.0,     ,  5.0,     ,  7.0, 0.0, 201.0,   10.0,   4.0,   6.0,    10.0,    18.0, 1.0    ,     0.0,        ,     2.0,        ,     0.0,    23.0
messima01, 1986,     1, EDM , NHL , C  , 77.0, 37.0,  70.0, 107.0,  73.0, 21.0 ,  7.0,     ,  4.0,     ,  5.0, 0.0, 208.0,   21.0,  12.0,  16.0,    28.0,    16.0, 13.0   ,     1.0,        ,     2.0,        ,     1.0,    62.0
messima01, 1987,     1, EDM , NHL , C  , 77.0, 37.0,  74.0, 111.0, 103.0, 21.0 , 12.0, 21.0,  3.0,  5.0,  7.0, 2.0, 182.0,   19.0,  11.0,  23.0,    34.0,    29.0, 9.0    ,     7.0,    10.0,     1.0,     0.0,     0.0,    42.0
messima01, 1988,     1, EDM , NHL , C  , 72.0, 33.0,  61.0,  94.0, 130.0, -5.0 ,  6.0, 28.0,  6.0,  6.0,  4.0, 1.0, 164.0,    7.0,   1.0,  11.0,    12.0,     8.0, -1.0   ,     0.0,     5.0,     0.0,     1.0,     0.0,    23.0
messima01, 1989,     1, EDM , NHL , C  , 79.0, 45.0,  84.0, 129.0,  79.0, 19.0 , 13.0, 34.0,  6.0,  5.0,  3.0, 2.0, 211.0,   22.0,   9.0,  22.0,    31.0,    20.0, 5.0    ,     1.0,     8.0,     1.0,     1.0,     1.0,    47.0
messima01, 1990,     1, EDM , NHL , C  , 53.0, 12.0,  52.0,  64.0,  34.0, 15.0 ,  3.0, 18.0,  1.0,  0.0,  2.0, 0.0, 109.0,   18.0,   4.0,  11.0,    15.0,    16.0, 2.0    ,     1.0,     2.0,     0.0,     0.0,     0.0,    41.0
messima01, 1991,     1, NYR , NHL , C  , 79.0, 35.0,  72.0, 107.0,  76.0, 31.0 , 12.0, 21.0,  4.0,  5.0,  6.0, 0.0, 212.0,   11.0,   7.0,   7.0,    14.0,     6.0, -4.0   ,     2.0,     1.0,     2.0,     0.0,     0.0,    27.0
messima01, 1992,     1, NYR , NHL , C  , 75.0, 25.0,  66.0,  91.0,  72.0, -6.0 ,  7.0, 23.0,  2.0,  2.0,  2.0, 0.0, 215.0,       ,      ,      ,        ,        ,        ,        ,        ,        ,        ,        ,      
messima01, 1993,     1, NYR , NHL , C  , 76.0, 26.0,  58.0,  84.0,  76.0, 25.0 ,  6.0, 30.0,  2.0,  7.0,  5.0, 0.0, 216.0,   23.0,  12.0,  18.0,    30.0,    33.0, 14.0   ,     2.0,     8.0,     1.0,     1.0,     4.0,    75.0
messima01, 1994,     1, NYR , NHL , C  , 46.0, 14.0,  39.0,  53.0,  40.0, 8.0  ,  3.0, 17.0,  3.0,  0.0,  2.0, 0.0, 126.0,   10.0,   3.0,  10.0,    13.0,     8.0, -11.0  ,     2.0,     6.0,     0.0,     1.0,     1.0,    26.0
messima01, 1995,     1, NYR , NHL , C  , 74.0, 47.0,  52.0,  99.0, 122.0, 29.0 , 14.0, 23.0,  1.0,  3.0,  5.0, 1.0, 241.0,   11.0,   4.0,   7.0,    11.0,    16.0, -10.0  ,     2.0,     4.0,     0.0,     0.0,     1.0,    41.0
messima01, 1996,     1, NYR , NHL , C  , 71.0, 36.0,  48.0,  84.0,  88.0, 12.0 ,  7.0, 11.0,  5.0,  6.0,  9.0, 1.0, 227.0,   15.0,   3.0,   9.0,    12.0,     6.0, 2.0    ,     0.0,     3.0,     0.0,     0.0,     1.0,    43.0
messima01, 1997,     1, VAN , NHL , C  , 82.0, 22.0,  38.0,  60.0,  58.0, -10.0,  8.0, 17.0,  2.0,  2.0,  2.0, 0.0, 139.0,       ,      ,      ,        ,        ,        ,        ,        ,        ,        ,        ,      
messima01, 1998,     1, VAN , NHL , C  , 59.0, 13.0,  35.0,  48.0,  33.0, -12.0,  4.0, 18.0,  2.0,  5.0,  2.0, 0.0,  97.0,       ,      ,      ,        ,        ,        ,        ,        ,        ,        ,        ,      
messima01, 1999,     1, VAN , NHL , C  , 66.0, 17.0,  37.0,  54.0,  30.0, -15.0,  6.0, 13.0,  0.0,  1.0,  4.0, 0.0, 131.0,       ,      ,      ,        ,        ,        ,        ,        ,        ,        ,        ,      
messima01, 2000,     1, NYR , NHL , C  , 82.0, 24.0,  43.0,  67.0,  89.0, -25.0, 12.0, 17.0,  3.0,  3.0,  2.0, 0.0, 131.0,       ,      ,      ,        ,        ,        ,        ,        ,        ,        ,        ,      
messima01, 2001,     1, NYR , NHL , C  , 41.0,  7.0,  16.0,  23.0,  32.0, -1.0 ,  2.0,  6.0,  0.0,  1.0,  2.0, 0.0,  69.0,       ,      ,      ,        ,        ,        ,        ,        ,        ,        ,        ,      
messima01, 2002,     1, NYR , NHL , C  , 78.0, 18.0,  22.0,  40.0,  30.0, -2.0 ,  8.0,  8.0,  1.0,  0.0,  5.0, 1.0, 117.0,       ,      ,      ,        ,        ,        ,        ,        ,        ,        ,        ,      
messima01, 2003,     1, NYR , NHL , C  , 76.0, 18.0,  25.0,  43.0,  42.0, 3.0  ,  1.0,  4.0,  2.0,  1.0,  3.0, 1.0, 104.0,       ,      ,      ,        ,        ,        ,        ,        ,        ,        ,        ,      
messimi01, 1987,     1, MNS , NHL , R  , 13.0,  0.0,   1.0,   1.0,  11.0, -5.0 ,  0.0,  0.0,  0.0,  0.0,  0.0, 0.0,   5.0,       ,      ,      ,        ,        ,        ,        ,        ,        ,        ,        ,      
messimi01, 1988,     1, MNS , NHL , C  ,  3.0,  0.0,   1.0,   1.0,   0.0, -1.0 ,  0.0,  0.0,  0.0,  0.0,  0.0, 0.0,   3.0,       ,      ,      ,        ,        ,        ,        ,        ,        ,        ,        ,      
messimi01, 1989,     1, MNS , NHL , C  ,  2.0,  0.0,   0.0,   0.0,   0.0, -2.0 ,  0.0,  0.0,  0.0,  0.0,  0.0, 0.0,   1.0,       ,      ,      ,        ,        ,        ,        ,        ,        ,        ,        ,      
messimi01, 1990,     1, MNS , NHL , C  ,  2.0,  0.0,   0.0,   0.0,   0.0, -2.0 ,  0.0,  0.0,  0.0,  0.0,  0.0, 0.0,   0.0,       ,      ,      ,        ,        ,        ,        ,        ,        ,        ,        ,      
messipa01, 1978,     1, COR , NHL , C  ,  9.0,  0.0,   0.0,   0.0,   4.0, -6.0 ,  0.0,     ,  0.0,     ,  0.0, 0.0,   9.0,       ,      ,      ,        ,        ,        ,        ,        ,        ,        ,        ,      
meszaan01, 2005,     1, OTT , NHL , D  , 82.0, 10.0,  29.0,  39.0,  61.0, 34.0 ,  5.0, 19.0,  0.0,  1.0,  2.0,    , 137.0,   10.0,   1.0,   0.0,     1.0,    18.0, 0.0    ,     0.0,     0.0,     0.0,     0.0,     0.0,    17.0
meszaan01, 2006,     1, OTT , NHL , D  , 82.0,  7.0,  28.0,  35.0, 102.0, -15.0,  0.0, 10.0,  0.0,  1.0,  1.0,    , 147.0,   20.0,   1.0,   6.0,     7.0,    12.0, 5.0    ,     0.0,     2.0,     0.0,     0.0,     0.0,    26.0
meszaan01, 2007,     1, OTT , NHL , D  , 82.0,  9.0,  27.0,  36.0,  50.0, 5.0  ,  6.0, 10.0,  1.0,  0.0,  1.0,    , 160.0,    4.0,   0.0,   1.0,     1.0,     6.0, -4.0   ,     0.0,     1.0,     0.0,     0.0,     0.0,     3.0
meszaan01, 2008,     1, TBL , NHL , D  , 52.0,  2.0,  14.0,  16.0,  36.0, -4.0 ,  1.0,  4.0,  0.0,  0.0,  1.0,    ,  87.0,       ,      ,      ,        ,        ,        ,        ,        ,        ,        ,        ,      
meszaan01, 2009,     1, TBL , NHL , D  , 81.0,  6.0,  11.0,  17.0,  50.0, -14.0,  2.0,  5.0,  0.0,  0.0,  1.0,    , 145.0,       ,      ,      ,        ,        ,        ,        ,        ,        ,        ,        ,      
metcasc01, 1987,     1, EDM , NHL , L  ,  2.0,  0.0,   0.0,   0.0,   0.0, -1.0 ,  0.0,  0.0,  0.0,  0.0,  0.0, 0.0,   0.0,       ,      ,      ,        ,        ,        ,        ,        ,        ,        ,        ,      
metcasc01, 1987,     2, BUF , NHL , L  ,  1.0,  0.0,   1.0,   1.0,   0.0, -1.0 ,  0.0,  0.0,  0.0,  0.0,  0.0, 0.0,   1.0,       ,      ,      ,        ,        ,        ,        ,        ,        ,        ,        ,      
metcasc01, 1988,     1, BUF , NHL , L  ,  9.0,  1.0,   1.0,   2.0,  13.0, -1.0 ,  0.0,  0.0,  0.0,  0.0,  0.0, 0.0,  11.0,       ,      ,      ,        ,        ,        ,        ,        ,        ,        ,        ,      
metcasc01, 1989,     1, BUF , NHL , L  ,  7.0,  0.0,   0.0,   0.0,   5.0, 0.0  ,  0.0,  0.0,  0.0,  0.0,  0.0, 0.0,   5.0,       ,      ,      ,        ,        ,        ,        ,        ,        ,        ,        ,      
methege01, 1974,     1, NEW , WHA , D  ,  5.0,  0.0,   1.0,   1.0,   4.0, -2.0 ,  0.0,     ,  0.0,     ,  0.0,    ,   2.0,    2.0,   0.0,   0.0,     0.0,     0.0,        ,     0.0,        ,     0.0,        ,     0.0,      
methoma01, 2006,     1, CBS , NHL , D  , 20.0,  0.0,   4.0,   4.0,  12.0, 5.0  ,  0.0,  0.0,  0.0,  0.0,  0.0,    ,  11.0,       ,      ,      ,        ,        ,        ,        ,        ,        ,        ,        ,      
methoma01, 2007,     1, CBS , NHL , D  ,  9.0,  0.0,   0.0,   0.0,   8.0, -1.0 ,  0.0,  0.0,  0.0,  0.0,  0.0,    ,   9.0,       ,      ,      ,        ,        ,        ,        ,        ,        ,        ,        ,      
methoma01, 2008,     1, CBS , NHL , D  , 66.0,  4.0,  13.0,  17.0,  55.0, 7.0  ,  0.0,  0.0,  0.0,  0.0,  0.0,    ,  58.0,    4.0,   0.0,   0.0,     0.0,     2.0, -3.0   ,     0.0,     0.0,     0.0,     0.0,     0.0,     1.0
methoma01, 2009,     1, CBS , NHL , D  , 60.0,  2.0,   6.0,   8.0,  51.0, -8.0 ,  0.0,  0.0,  0.0,  1.0,  0.0,    ,  42.0,       ,      ,      ,        ,        ,        ,        ,        ,        ,        ,        ,      
metrogl01, 1999,     1, WAS , NHL , C  , 30.0,  6.0,  13.0,  19.0,   4.0, 5.0  ,  1.0,  3.0,  0.0,  0.0,  1.0, 0.0,  57.0,    2.0,   0.0,   0.0,     0.0,     2.0, -1.0   ,     0.0,     0.0,     0.0,     0.0,     0.0,     5.0
metrogl01, 2000,     1, WAS , NHL , C  , 15.0,  1.0,   5.0,   6.0,  10.0, -2.0 ,  0.0,  4.0,  0.0,  0.0,  0.0, 0.0,  20.0,    1.0,   0.0,   0.0,     0.0,     0.0, -1.0   ,     0.0,     0.0,     0.0,     0.0,     0.0,     1.0
metrogl01, 2001,     1, TBL , NHL , R  ,  2.0,  0.0,   0.0,   0.0,   0.0, -2.0 ,  0.0,  0.0,  0.0,  0.0,  0.0, 0.0,   1.0,       ,      ,      ,        ,        ,        ,        ,        ,        ,        ,        ,      
metrogl01, 2001,     2, WAS , NHL , R  , 33.0,  1.0,  16.0,  17.0,   6.0, 3.0  ,  0.0,  9.0,  0.0,  0.0,  0.0, 0.0,  51.0,       ,      ,      ,        ,        ,        ,        ,        ,        ,        ,        ,      
metrogl01, 2002,     1, WAS , NHL , R  , 23.0,  2.0,   3.0,   5.0,   6.0, 4.0  ,  0.0,  0.0,  0.0,  0.0,  1.0, 0.0,  22.0,       ,      ,      ,        ,        ,        ,        ,        ,        ,        ,        ,      
metrogl01, 2006,     1, ATL , NHL , C  , 57.0, 12.0,  16.0,  28.0,  20.0, 9.0  ,  4.0,  1.0,  0.0,  0.0,  2.0,    ,  92.0,       ,      ,      ,        ,        ,        ,        ,        ,        ,        ,        ,      
metrogl01, 2006,     2, STL , NHL , C  , 20.0,  2.0,   3.0,   5.0,  14.0, 0.0  ,  1.0,  2.0,  0.0,  0.0,  0.0,    ,  31.0,       ,      ,      ,        ,        ,        ,        ,        ,        ,        ,        ,      
metrogl01, 2007,     1, BOS , NHL , C  , 82.0, 11.0,  22.0,  33.0,  36.0, -3.0 ,  1.0,  2.0,  0.0,  1.0,  5.0,    , 141.0,    7.0,   1.0,   0.0,     1.0,     4.0, -3.0   ,     0.0,     0.0,     0.0,     0.0,     1.0,    11.0
metrogl01, 2008,     1, PHI , NHL , C  , 55.0,  4.0,  10.0,  14.0,  15.0, -1.0 ,  1.0,  0.0,  0.0,  1.0,  0.0,    ,  63.0,       ,      ,      ,        ,        ,        ,        ,        ,        ,        ,        ,      
metrogl01, 2008,     2, MTL , NHL , C  , 21.0,  2.0,   1.0,   3.0,  13.0, -4.0 ,  0.0,  0.0,  0.0,  0.0,  0.0,    ,  19.0,    4.0,   0.0,   2.0,     2.0,     2.0, 0.0    ,     0.0,     0.0,     0.0,     0.0,     0.0,     5.0
metrogl01, 2009,     1, MTL , NHL , C  , 69.0, 16.0,  13.0,  29.0,  24.0, -1.0 , 10.0,  3.0,  0.0,  0.0,  1.0,    , 115.0,   16.0,   0.0,   2.0,     2.0,     4.0, -3.0   ,     0.0,     0.0,     0.0,     0.0,     0.0,    13.0
metzdo01 , 1938,     1, TOR , NHL , R  ,     ,     ,      ,      ,      ,      ,     ,     ,     ,     ,     ,    ,      ,    2.0,   0.0,   0.0,     0.0,     0.0,        ,        ,        ,        ,        ,        ,      
metzdo01 , 1939,     1, TOR , NHL , R  , 10.0,  1.0,   1.0,   2.0,   4.0,      ,     ,     ,     ,     ,     ,    ,      ,    2.0,   0.0,   0.0,     0.0,     0.0,        ,        ,        ,        ,        ,        ,      
metzdo01 , 1940,     1, TOR , NHL , R  , 31.0,  4.0,  10.0,  14.0,   6.0,      ,     ,     ,     ,     ,     ,    ,      ,    7.0,   1.0,   1.0,     2.0,     2.0,        ,        ,        ,        ,        ,        ,      
metzdo01 , 1941,     1, TOR , NHL , R  , 25.0,  2.0,   3.0,   5.0,   8.0,      ,     ,     ,     ,     ,     ,    ,      ,    4.0,   4.0,   3.0,     7.0,     0.0,        ,        ,        ,        ,        ,        ,      
metzdo01 , 1944,     1, TOR , NHL , R  ,     ,     ,      ,      ,      ,      ,     ,     ,     ,     ,     ,    ,      ,   11.0,   0.0,   1.0,     1.0,     4.0,        ,        ,        ,        ,        ,        ,      
metzdo01 , 1945,     1, TOR , NHL , R  ,  7.0,  1.0,   0.0,   1.0,   0.0,      ,     ,     ,     ,     ,     ,    ,      ,       ,      ,      ,        ,        ,        ,        ,        ,        ,        ,        ,      
metzdo01 , 1946,     1, TOR , NHL , R  , 40.0,  4.0,   9.0,  13.0,  10.0,      ,     ,     ,     ,     ,     ,    ,      ,   11.0,   2.0,   3.0,     5.0,     4.0,        ,        ,        ,        ,        ,        ,      
metzdo01 , 1947,     1, TOR , NHL , R  , 26.0,  4.0,   6.0,  10.0,   2.0,      ,     ,     ,     ,     ,     ,    ,      ,    2.0,   0.0,   0.0,     0.0,     2.0,        ,        ,        ,        ,        ,        ,      
metzdo01 , 1948,     1, TOR , NHL , R  , 33.0,  4.0,   6.0,  10.0,  12.0,      ,     ,     ,     ,     ,     ,    ,      ,    3.0,   0.0,   0.0,     0.0,     0.0,        ,        ,        ,        ,        ,        ,      
metzni01 , 1934,     1, TOR , NHL , C/L, 18.0,  2.0,   2.0,   4.0,   4.0,      ,     ,     ,     ,     ,     ,    ,      ,    6.0,   1.0,   1.0,     2.0,     0.0,        ,        ,        ,        ,        ,        ,      
metzni01 , 1935,     1, TOR , NHL , L/C, 38.0, 14.0,   6.0,  20.0,  14.0,      ,     ,     ,     ,     ,     ,    ,      ,       ,      ,      ,        ,        ,        ,        ,        ,        ,        ,        ,      
metzni01 , 1936,     1, TOR , NHL , L/C, 48.0,  9.0,  11.0,  20.0,  19.0,      ,     ,     ,     ,     ,     ,    ,      ,    2.0,   0.0,   0.0,     0.0,     0.0,        ,        ,        ,        ,        ,        ,      
metzni01 , 1937,     1, TOR , NHL , L  , 48.0, 15.0,   7.0,  22.0,  12.0,      ,     ,     ,     ,     ,     ,    ,      ,    7.0,   0.0,   2.0,     2.0,     0.0,        ,        ,        ,        ,        ,        ,      
metzni01 , 1938,     1, TOR , NHL , L  , 47.0, 11.0,  10.0,  21.0,  15.0,      ,     ,     ,     ,     ,     ,    ,      ,   10.0,   3.0,   3.0,     6.0,     6.0,        ,        ,        ,        ,        ,        ,      
metzni01 , 1939,     1, TOR , NHL , L  , 31.0,  6.0,   5.0,  11.0,   2.0,      ,     ,     ,     ,     ,     ,    ,      ,    9.0,   1.0,   3.0,     4.0,     9.0,        ,        ,        ,        ,        ,        ,      
metzni01 , 1940,     1, TOR , NHL , L  , 47.0, 14.0,  21.0,  35.0,  10.0,      ,     ,     ,     ,     ,     ,    ,      ,    7.0,   3.0,   4.0,     7.0,     0.0,        ,        ,        ,        ,        ,        ,      
metzni01 , 1941,     1, TOR , NHL , L  , 30.0, 11.0,   9.0,  20.0,  20.0,      ,     ,     ,     ,     ,     ,    ,      ,   13.0,   4.0,   4.0,     8.0,    12.0,        ,        ,        ,        ,        ,        ,      
metzni01 , 1944,     1, TOR , NHL , L  , 50.0, 22.0,  13.0,  35.0,  26.0,      ,     ,     ,     ,     ,     ,    ,      ,    7.0,   1.0,   1.0,     2.0,     2.0,        ,        ,        ,        ,        ,        ,      
metzni01 , 1945,     1, TOR , NHL , L  , 41.0, 11.0,  11.0,  22.0,   4.0,      ,     ,     ,     ,     ,     ,    ,      ,       ,      ,      ,        ,        ,        ,        ,        ,        ,        ,        ,      
metzni01 , 1946,     1, TOR , NHL , L  , 60.0, 12.0,  16.0,  28.0,  15.0,      ,     ,     ,     ,     ,     ,    ,      ,    6.0,   4.0,   2.0,     6.0,     0.0,        ,        ,        ,        ,        ,        ,      
metzni01 , 1947,     1, TOR , NHL , L  , 60.0,  4.0,   8.0,  12.0,   8.0,      ,     ,     ,     ,     ,     ,    ,      ,    9.0,   2.0,   0.0,     2.0,     2.0,        ,        ,        ,        ,        ,        ,      
meyerfr01, 2003,     1, PHI , NHL , D  ,  1.0,  0.0,   0.0,   0.0,   0.0, 0.0  ,  0.0,  0.0,  0.0,  0.0,  0.0, 0.0,   1.0,       ,      ,      ,        ,        ,        ,        ,        ,        ,        ,        ,      
meyerfr01, 2005,     1, PHI , NHL , D  , 57.0,  6.0,  21.0,  27.0,  33.0, 10.0 ,  2.0, 14.0,  0.0,  0.0,  0.0,    ,  68.0,    6.0,   0.0,   1.0,     1.0,     8.0, -5.0   ,     0.0,     1.0,     0.0,     0.0,     0.0,     5.0
meyerfr01, 2006,     1, PHI , NHL , D  , 25.0,  2.0,   3.0,   5.0,  14.0, -4.0 ,  1.0,  2.0,  0.0,  0.0,  0.0,    ,  27.0,       ,      ,      ,        ,        ,        ,        ,        ,        ,        ,        ,      
meyerfr01, 2006,     2, NYI , NHL , D  , 35.0,  0.0,   3.0,   3.0,  24.0, 0.0  ,  0.0,  1.0,  0.0,  0.0,  0.0,    ,  14.0,       ,      ,      ,        ,        ,        ,        ,        ,        ,        ,        ,      
meyerfr01, 2007,     1, PHO , NHL , D  ,  5.0,  0.0,   0.0,   0.0,   0.0, -4.0 ,  0.0,  0.0,  0.0,  0.0,  0.0,    ,   2.0,       ,      ,      ,        ,        ,        ,        ,        ,        ,        ,        ,      
meyerfr01, 2007,     2, NYI , NHL , D  , 52.0,  3.0,   9.0,  12.0,  22.0, 6.0  ,  0.0,  2.0,  0.0,  0.0,  2.0,    ,  49.0,       ,      ,      ,        ,        ,        ,        ,        ,        ,        ,        ,      
meyerfr01, 2008,     1, NYI , NHL , D  , 27.0,  4.0,   5.0,   9.0,  14.0, -19.0,  0.0,  0.0,  0.0,  1.0,  1.0,    ,  36.0,       ,      ,      ,        ,        ,        ,        ,        ,        ,        ,        ,      
meyerfr01, 2009,     1, NYI , NHL , D  , 64.0,  4.0,  11.0,  15.0,  40.0, -3.0 ,  0.0,  0.0,  0.0,  0.0,  0.0,    ,  56.0,       ,      ,      ,        ,        ,        ,        ,        ,        ,        ,        ,      
meyerst01, 2007,     1, FLO , NHL , L  ,  4.0,  0.0,   0.0,   0.0,   0.0, -1.0 ,  0.0,  0.0,  0.0,  0.0,  0.0,    ,   0.0,       ,      ,      ,        ,        ,        ,        ,        ,        ,        ,        ,      
mezeibr01, 2000,     1, NYI , NHL , D  , 42.0,  1.0,   4.0,   5.0,  53.0, -5.0 ,  0.0,  1.0,  0.0,  1.0,  0.0, 0.0,  29.0,       ,      ,      ,        ,        ,        ,        ,        ,        ,        ,        ,      
mezeibr01, 2001,     1, NYI , NHL , D  , 24.0,  0.0,   2.0,   2.0,  12.0, 2.0  ,  0.0,  0.0,  0.0,  0.0,  0.0, 0.0,   4.0,       ,      ,      ,        ,        ,        ,        ,        ,        ,        ,        ,      
mezeibr01, 2002,     1, FLO , NHL , D  , 11.0,  2.0,   0.0,   2.0,  10.0, -2.0 ,  0.0,  0.0,  0.0,  0.0,  1.0, 0.0,  10.0,       ,      ,      ,        ,        ,        ,        ,        ,        ,        ,        ,      
mezeibr01, 2003,     1, FLO , NHL , D  , 45.0,  0.0,   7.0,   7.0,  80.0, -4.0 ,  0.0,  0.0,  0.0,  0.0,  0.0, 0.0,  26.0,       ,      ,      ,        ,        ,        ,        ,        ,        ,        ,        ,      
mezeibr01, 2005,     1, FLO , NHL , D  , 16.0,  0.0,   1.0,   1.0,  37.0, 3.0  ,  0.0,  0.0,  0.0,  0.0,  0.0,    ,  13.0,       ,      ,      ,        ,        ,        ,        ,        ,        ,        ,        ,      
mezeibr01, 2006,     1, FLO , NHL , D  , 45.0,  0.0,   3.0,   3.0,  55.0, 5.0  ,  0.0,  0.0,  0.0,  0.0,  0.0,    ,  24.0,       ,      ,      ,        ,        ,        ,        ,        ,        ,        ,        ,      
mezeibr01, 2007,     1, FLO , NHL , D  , 57.0,  2.0,   2.0,   4.0,  64.0, -13.0,  0.0,  0.0,  0.0,  0.0,  0.0,    ,  38.0,       ,      ,      ,        ,        ,        ,        ,        ,        ,        ,        ,      
micalco01, 1981,     1, DET , NHL , G  , 18.0,  0.0,   0.0,   0.0,   9.0, 0.0  ,  0.0,     ,  0.0,     ,  0.0, 0.0,   0.0,       ,      ,      ,        ,        ,        ,        ,        ,        ,        ,        ,      
micalco01, 1982,     1, DET , NHL , G  , 34.0,  0.0,   1.0,   1.0,  18.0, 0.0  ,  0.0,     ,  0.0,     ,  0.0, 0.0,   0.0,       ,      ,      ,        ,        ,        ,        ,        ,        ,        ,        ,      
micalco01, 1983,     1, DET , NHL , G  , 14.0,  0.0,   1.0,   1.0,   2.0, 0.0  ,  0.0,     ,  0.0,     ,  0.0, 0.0,   0.0,    1.0,   0.0,   0.0,     0.0,     0.0, 0.0    ,     0.0,        ,     0.0,        ,     0.0,     0.0
micalco01, 1984,     1, DET , NHL , G  , 36.0,  0.0,   3.0,   3.0,   6.0, 0.0  ,  0.0,     ,  0.0,     ,  0.0, 0.0,   0.0,    2.0,   0.0,   0.0,     0.0,     0.0, 0.0    ,     0.0,        ,     0.0,        ,     0.0,     0.0
micalco01, 1985,     1, DET , NHL , G  , 11.0,  0.0,   0.0,   0.0,   8.0, 0.0  ,  0.0,     ,  0.0,     ,  0.0, 0.0,   0.0,       ,      ,      ,        ,        ,        ,        ,        ,        ,        ,        ,      
michaal01, 1999,     1, VAN , NHL , G  ,  2.0,  0.0,   0.0,   0.0,   0.0, 0.0  ,  0.0,  0.0,  0.0,  0.0,  0.0, 0.0,   0.0,       ,      ,      ,        ,        ,        ,        ,        ,        ,        ,        ,      
michaar01, 1947,     1, CHI , NHL , D  ,  5.0,  0.0,   0.0,   0.0,   0.0,      ,     ,     ,     ,     ,     ,    ,      ,       ,      ,      ,        ,        ,        ,        ,        ,        ,        ,        ,      
michada01, 1981,     1, PHI , NHL , R  ,  1.0,  0.0,   0.0,   0.0,   0.0, -2.0 ,  0.0,     ,  0.0,     ,  0.0, 0.0,   0.0,       ,      ,      ,        ,        ,        ,        ,        ,        ,        ,        ,      
michada01, 1982,     1, PHI , NHL , R  , 13.0,  2.0,   6.0,   8.0,   8.0, 1.0  ,  0.0,     ,  0.0,     ,  0.0, 0.0,  18.0,       ,      ,      ,        ,        ,        ,        ,        ,        ,        ,        ,      
michada01, 1991,     1, PIT , NHL , L  ,     ,     ,      ,      ,      ,      ,     ,     ,     ,     ,     ,    ,      ,    7.0,   1.0,   1.0,     2.0,     0.0, 1.0    ,     0.0,     0.0,     0.0,     0.0,     0.0,     1.0
michajo01, 1950,     1, CHI , NHL , L  ,  1.0,  0.0,   0.0,   0.0,   0.0,      ,     ,     ,     ,     ,     ,    ,      ,       ,      ,      ,        ,        ,        ,        ,        ,        ,        ,        ,      
michami01, 2003,     1, SJS , NHL , R  ,  2.0,  1.0,   0.0,   1.0,   4.0, 1.0  ,  0.0,  0.0,  0.0,  0.0,  0.0, 0.0,   1.0,       ,      ,      ,        ,        ,        ,        ,        ,        ,        ,        ,      
michami01, 2005,     1, SJS , NHL , R  , 81.0, 17.0,  18.0,  35.0,  45.0, 1.0  ,  4.0,  7.0,  0.0,  0.0,  2.0,    , 159.0,    9.0,   1.0,   4.0,     5.0,     8.0, 4.0    ,     1.0,     0.0,     0.0,     0.0,     0.0,    23.0
michami01, 2006,     1, SJS , NHL , R  , 78.0, 26.0,  40.0,  66.0,  36.0, 17.0 , 11.0, 15.0,  0.0,  1.0,  9.0,    , 191.0,   11.0,   4.0,   2.0,     6.0,     4.0, 3.0    ,     0.0,     0.0,     0.0,     0.0,     1.0,    27.0
michami01, 2007,     1, SJS , NHL , L  , 79.0, 24.0,  31.0,  55.0,  47.0, 19.0 ,  5.0, 11.0,  1.0,  0.0,  8.0,    , 233.0,   13.0,   4.0,   0.0,     4.0,     4.0, 5.0    ,     1.0,     0.0,     0.0,     0.0,     1.0,    23.0
michami01, 2008,     1, SJS , NHL , L  , 77.0, 23.0,  34.0,  57.0,  52.0, 11.0 ,  6.0, 13.0,  0.0,  2.0,  6.0,    , 179.0,    6.0,   1.0,   0.0,     1.0,     2.0, -3.0   ,     1.0,     0.0,     0.0,     0.0,     0.0,    20.0
michami01, 2009,     1, OTT , NHL , R  , 66.0, 22.0,  12.0,  34.0,  18.0, -12.0,  8.0,  4.0,  2.0,  0.0,  3.0,    , 163.0,    1.0,   0.0,   0.0,     0.0,     0.0, 0.0    ,     0.0,     0.0,     0.0,     0.0,     0.0,     3.0
michaol01, 2001,     1, MTL , NHL , G  ,  1.0,  0.0,   0.0,   0.0,   0.0, 0.0  ,  0.0,  0.0,  0.0,  0.0,  0.0, 0.0,   0.0,       ,      ,      ,        ,        ,        ,        ,        ,        ,        ,        ,      
michazb01, 2003,     1, MIN , NHL , D  , 22.0,  1.0,   1.0,   2.0,   4.0, -7.0 ,  0.0,  0.0,  0.0,  0.0,  0.0, 0.0,  17.0,       ,      ,      ,        ,        ,        ,        ,        ,        ,        ,        ,      
michazb01, 2005,     1, PHO , NHL , D  , 82.0,  9.0,  15.0,  24.0,  62.0, 4.0  ,  5.0,  5.0,  0.0,  1.0,  2.0,    , 105.0,       ,      ,      ,        ,        ,        ,        ,        ,        ,        ,        ,      
michazb01, 2006,     1, PHO , NHL , D  , 82.0,  4.0,  24.0,  28.0,  34.0, -20.0,  3.0, 11.0,  0.0,  2.0,  0.0,    , 144.0,       ,      ,      ,        ,        ,        ,        ,        ,        ,        ,        ,      
michazb01, 2007,     1, PHO , NHL , D  , 75.0,  4.0,  13.0,  17.0,  34.0, 9.0  ,  0.0,  0.0,  0.0,  1.0,  2.0,    ,  92.0,       ,      ,      ,        ,        ,        ,        ,        ,        ,        ,        ,      
michazb01, 2008,     1, PHO , NHL , D  , 82.0,  6.0,  21.0,  27.0,  28.0, -13.0,  0.0,  0.0,  0.0,  1.0,  0.0,    , 106.0,       ,      ,      ,        ,        ,        ,        ,        ,        ,        ,        ,      
michazb01, 2009,     1, PHO , NHL , D  , 72.0,  3.0,  14.0,  17.0,  30.0, 5.0  ,  2.0,  4.0,  0.0,  0.0,  1.0,    , 104.0,    7.0,   0.0,   2.0,     2.0,     2.0, -4.0   ,     0.0,     0.0,     0.0,     0.0,     0.0,    10.0
michejo01, 1976,     1, CAC , WHA , D  , 14.0,  3.0,   3.0,   6.0,  10.0, -5.0 ,  2.0,     ,  0.0,     ,     ,    ,  41.0,       ,      ,      ,        ,        ,        ,        ,        ,        ,        ,        ,      
michejo01, 1977,     1, EDO , WHA , D  , 56.0, 14.0,  34.0,  48.0,  56.0, 8.0  ,  3.0,     ,  0.0,     ,     ,    , 141.0,    5.0,   0.0,   2.0,     2.0,     4.0, 0.0    ,        ,        ,        ,        ,     0.0,      
michejo01, 1978,     1, EDO , WHA , D  , 72.0, 14.0,  33.0,  47.0,  85.0, 10.0 ,  3.0,     ,  0.0,     ,     ,    , 155.0,   13.0,   0.0,   9.0,     9.0,     2.0, 4.0    ,        ,        ,        ,        ,     0.0,      
michejo01, 1979,     1, STL , NHL , D  , 54.0,  2.0,  16.0,  18.0,  29.0, -5.0 ,  2.0,     ,  0.0,     ,  0.0, 0.0,  68.0,       ,      ,      ,        ,        ,        ,        ,        ,        ,        ,        ,      
michejo01, 1980,     1, STL , NHL , D  , 63.0,  4.0,  27.0,  31.0,  53.0, 12.0 ,  3.0,     ,  0.0,     ,  1.0, 0.0, 102.0,   11.0,   1.0,  11.0,    12.0,    10.0,        ,     1.0,        ,     0.0,        ,     0.0,      
michejo01, 1981,     1, STL , NHL , D  , 20.0,  3.0,  11.0,  14.0,  28.0, -2.0 ,  2.0,     ,  0.0,     ,  0.0, 1.0,  30.0,       ,      ,      ,        ,        ,        ,        ,        ,        ,        ,        ,      
michejo01, 1981,     2, COR , NHL , D  , 21.0,  2.0,   6.0,   8.0,   4.0, -4.0 ,  0.0,     ,  0.0,     ,  0.0, 0.0,  41.0,       ,      ,      ,        ,        ,        ,        ,        ,        ,        ,        ,      
michepa01, 1987,     1, MNS , NHL , C  , 12.0,  2.0,   0.0,   2.0,   8.0, 2.0  ,  0.0,  0.0,  0.0,  0.0,  0.0, 0.0,  18.0,       ,      ,      ,        ,        ,        ,        ,        ,        ,        ,        ,      
mickaji01, 1978,     1, CZE , WHA ,    ,  5.0,  0.0,   1.0,   1.0,   4.0,      ,     ,     ,     ,     ,     ,    ,      ,       ,      ,      ,        ,        ,        ,        ,        ,        ,        ,        ,      
mickela01, 1964,     1, CHI , NHL , R  ,  1.0,  0.0,   0.0,   0.0,   0.0,      ,  0.0,     ,  0.0,     ,  0.0, 0.0,      ,       ,      ,      ,        ,        ,        ,        ,        ,        ,        ,        ,      
mickela01, 1965,     1, NYR , NHL , R  ,  7.0,  0.0,   0.0,   0.0,   2.0,      ,  0.0,     ,  0.0,     ,  0.0, 0.0,      ,       ,      ,      ,        ,        ,        ,        ,        ,        ,        ,        ,      
mickela01, 1966,     1, NYR , NHL , R  ,  8.0,  0.0,   0.0,   0.0,   0.0,      ,  0.0,     ,  0.0,     ,  0.0, 0.0,      ,       ,      ,      ,        ,        ,        ,        ,        ,        ,        ,        ,      
mickela01, 1967,     1, NYR , NHL , R  ,  4.0,  0.0,   2.0,   2.0,   0.0, 2.0  ,  0.0,     ,  0.0,     ,  0.0, 0.0,   2.0,       ,      ,      ,        ,        ,        ,        ,        ,        ,        ,        ,      
mickela01, 1968,     1, TOR , NHL , R  , 55.0,  8.0,  19.0,  27.0,  43.0, 0.0  ,  0.0,     ,  0.0,     ,  3.0, 0.0,  80.0,    3.0,   0.0,   0.0,     0.0,     5.0,        ,     0.0,        ,     0.0,        ,     0.0,      
mickela01, 1969,     1, MTL , NHL , R  , 21.0,  4.0,   4.0,   8.0,   4.0, -10.0,  3.0,     ,  0.0,     ,  2.0, 0.0,  38.0,       ,      ,      ,        ,        ,        ,        ,        ,        ,        ,        ,      
mickela01, 1970,     1, LAK , NHL , R  , 65.0,  6.0,  12.0,  18.0,  46.0, -15.0,  0.0,     ,  1.0,     ,  2.0, 0.0, 101.0,       ,      ,      ,        ,        ,        ,        ,        ,        ,        ,        ,      
mickela01, 1971,     1, PHI , NHL , R  , 14.0,  1.0,   2.0,   3.0,   8.0, -5.0 ,  1.0,     ,  0.0,     ,  0.0, 0.0,  22.0,       ,      ,      ,        ,        ,        ,        ,        ,        ,        ,        ,      
mickela01, 1971,     2, BUF , NHL , R  ,  4.0,  0.0,   1.0,   1.0,   0.0, -1.0 ,  0.0,     ,  0.0,     ,  0.0, 0.0,   5.0,       ,      ,      ,        ,        ,        ,        ,        ,        ,        ,        ,      
mickela01, 1972,     1, BUF , NHL , R  , 77.0, 15.0,   9.0,  24.0,  47.0, -6.0 ,  1.0,     ,  0.0,     ,  2.0, 3.0, 160.0,    6.0,   1.0,   0.0,     1.0,     5.0,        ,     0.0,        ,     0.0,        ,     0.0,      
mickela01, 1973,     1, BUF , NHL , R  , 13.0,  3.0,   4.0,   7.0,   8.0, 5.0  ,  0.0,     ,  0.0,     ,  0.0, 0.0,  18.0,       ,      ,      ,        ,        ,        ,        ,        ,        ,        ,        ,      
mickela01, 1974,     1, BUF , NHL , R  , 23.0,  2.0,   0.0,   2.0,   2.0, 1.0  ,  0.0,     ,  0.0,     ,  0.0, 0.0,   6.0,       ,      ,      ,        ,        ,        ,        ,        ,        ,        ,        ,      
mickoni01, 1947,     1, NYR , NHL , L  ,     ,     ,      ,      ,      ,      ,     ,     ,     ,     ,     ,    ,      ,    2.0,   0.0,   1.0,     1.0,     0.0,        ,        ,        ,        ,        ,        ,      
mickoni01, 1948,     1, NYR , NHL , L  , 54.0, 13.0,   9.0,  22.0,  20.0,      ,     ,     ,     ,     ,     ,    ,      ,       ,      ,      ,        ,        ,        ,        ,        ,        ,        ,        ,      
mickoni01, 1949,     1, NYR , NHL , L  , 45.0, 10.0,  10.0,  20.0,  10.0,      ,     ,     ,     ,     ,     ,    ,      ,   12.0,   1.0,   5.0,     6.0,     2.0,        ,        ,        ,        ,        ,        ,      
mickoni01, 1950,     1, NYR , NHL , L  , 64.0, 20.0,  15.0,  35.0,  12.0,      ,     ,     ,     ,     ,     ,    ,      ,       ,      ,      ,        ,        ,        ,        ,        ,        ,        ,        ,      
mickoni01, 1951,     1, NYR , NHL , L  , 43.0,  7.0,  13.0,  20.0,  20.0,      ,     ,     ,     ,     ,     ,    ,      ,       ,      ,      ,        ,        ,        ,        ,        ,        ,        ,        ,      
mickoni01, 1952,     1, NYR , NHL , L  , 70.0, 19.0,  16.0,  35.0,  39.0,      ,     ,     ,     ,     ,     ,    ,      ,       ,      ,      ,        ,        ,        ,        ,        ,        ,        ,        ,      
mickoni01, 1953,     1, NYR , NHL , L  , 68.0, 19.0,  16.0,  35.0,  22.0,      ,     ,     ,     ,     ,     ,    ,      ,       ,      ,      ,        ,        ,        ,        ,        ,        ,        ,        ,      
mickoni01, 1954,     1, NYR , NHL , L  , 18.0,  1.0,  14.0,  15.0,   6.0,      ,     ,     ,     ,     ,     ,    ,      ,       ,      ,      ,        ,        ,        ,        ,        ,        ,        ,        ,      
mickoni01, 1954,     2, CHI , NHL , L  , 52.0,  9.0,  19.0,  28.0,  42.0,      ,     ,     ,     ,     ,     ,    ,      ,       ,      ,      ,        ,        ,        ,        ,        ,        ,        ,        ,      
mickoni01, 1955,     1, CHI , NHL , L  , 70.0, 19.0,  20.0,  39.0,  52.0,      ,     ,     ,     ,     ,     ,    ,      ,       ,      ,      ,        ,        ,        ,        ,        ,        ,        ,        ,      
mickoni01, 1956,     1, CHI , NHL , L  , 70.0, 16.0,  20.0,  36.0,  24.0,      ,     ,     ,     ,     ,     ,    ,      ,       ,      ,      ,        ,        ,        ,        ,        ,        ,        ,        ,      
mickoni01, 1957,     1, CHI , NHL , L  , 28.0,  5.0,   6.0,  11.0,  20.0,      ,     ,     ,     ,     ,     ,    ,      ,       ,      ,      ,        ,        ,        ,        ,        ,        ,        ,        ,      
mickoni01, 1957,     2, DET , NHL , L  , 37.0,  8.0,  12.0,  20.0,  30.0,      ,     ,     ,     ,     ,     ,    ,      ,    4.0,   0.0,   0.0,     0.0,     4.0,        ,        ,        ,        ,        ,        ,      
mickoni01, 1958,     1, DET , NHL , L  , 66.0, 11.0,  15.0,  26.0,  20.0,      ,     ,     ,     ,     ,     ,    ,      ,       ,      ,      ,        ,        ,        ,        ,        ,        ,        ,        ,      
mickoni01, 1959,     1, BOS , NHL , L  , 18.0,  1.0,   0.0,   1.0,   2.0,      ,     ,     ,     ,     ,     ,    ,      ,       ,      ,      ,        ,        ,        ,        ,        ,        ,        ,        ,      
middema01, 1986,     1, QUE , NHL , R  ,  6.0,  1.0,   4.0,   5.0,   4.0, -2.0 ,  0.0,     ,  0.0,     ,  0.0, 0.0,   4.0,       ,      ,      ,        ,        ,        ,        ,        ,        ,        ,        ,      
middema01, 1987,     1, QUE , NHL , R  ,  1.0,  0.0,   0.0,   0.0,   0.0, 0.0  ,  0.0,  0.0,  0.0,  0.0,  0.0, 0.0,   0.0,       ,      ,      ,        ,        ,        ,        ,        ,        ,        ,        ,      
middema01, 1989,     1, QUE , NHL , R  ,  3.0,  0.0,   0.0,   0.0,   0.0, -9.0 ,  0.0,  0.0,  0.0,  0.0,  0.0, 0.0,   5.0,       ,      ,      ,        ,        ,        ,        ,        ,        ,        ,        ,      
middema01, 1990,     1, EDM , NHL , R  ,  3.0,  1.0,   0.0,   1.0,   2.0, 0.0  ,  0.0,  0.0,  0.0,  0.0,  0.0, 0.0,   1.0,       ,      ,      ,        ,        ,        ,        ,        ,        ,        ,        ,      
middlli01, 1979,     1, WIN , NHL , G  , 10.0,  0.0,   0.0,   0.0,   0.0, 0.0  ,  0.0,     ,  0.0,     ,  0.0, 0.0,   0.0,       ,      ,      ,        ,        ,        ,        ,        ,        ,        ,        ,      
middlli01, 1980,     1, WIN , NHL , G  , 14.0,  0.0,   0.0,   0.0,   0.0, 0.0  ,  0.0,     ,  0.0,     ,  0.0, 0.0,   0.0,       ,      ,      ,        ,        ,        ,        ,        ,        ,        ,        ,      
middlli01, 1981,     1, MNS , NHL , G  ,  3.0,  0.0,   0.0,   0.0,   0.0, 0.0  ,  0.0,     ,  0.0,     ,  0.0, 0.0,   0.0,       ,      ,      ,        ,        ,        ,        ,        ,        ,        ,        ,      
middlli01, 1982,     1, NJD , NHL , G  ,  9.0,  0.0,   1.0,   1.0,   2.0, 0.0  ,  0.0,     ,  0.0,     ,  0.0, 0.0,   0.0,       ,      ,      ,        ,        ,        ,        ,        ,        ,        ,        ,      
middlli01, 1982,     2, EDM , NHL , G  ,  1.0,  0.0,   0.0,   0.0,   0.0, 0.0  ,  0.0,     ,  0.0,     ,  0.0, 0.0,   0.0,       ,      ,      ,        ,        ,        ,        ,        ,        ,        ,        ,      
middlri01, 1974,     1, NYR , NHL , R  , 47.0, 22.0,  18.0,  40.0,  19.0, -6.0 ,  6.0,     ,  0.0,     ,  2.0, 1.0, 106.0,    3.0,   0.0,   0.0,     0.0,     2.0,        ,     0.0,        ,     0.0,        ,     0.0,      
middlri01, 1975,     1, NYR , NHL , R  , 77.0, 24.0,  26.0,  50.0,  14.0, -38.0,  7.0,     ,  0.0,     ,  5.0, 3.0, 159.0,       ,      ,      ,        ,        ,        ,        ,        ,        ,        ,        ,      
middlri01, 1976,     1, BOS , NHL , R  , 72.0, 20.0,  22.0,  42.0,   2.0, 2.0  ,  0.0,     ,  0.0,     ,  1.0, 1.0, 128.0,   13.0,   5.0,   4.0,     9.0,     0.0,        ,     0.0,        ,     0.0,        ,     1.0,      
middlri01, 1977,     1, BOS , NHL , R  , 79.0, 25.0,  35.0,  60.0,   8.0, 40.0 ,  2.0,     ,  0.0,     ,  6.0, 1.0, 171.0,   15.0,   5.0,   2.0,     7.0,     0.0,        ,     0.0,        ,     0.0,        ,     2.0,      
middlri01, 1978,     1, BOS , NHL , R  , 71.0, 38.0,  48.0,  86.0,   7.0, 33.0 , 12.0,     ,  1.0,     ,  5.0, 1.0, 152.0,   11.0,   4.0,   8.0,    12.0,     0.0,        ,     2.0,        ,     0.0,        ,     1.0,      
middlri01, 1979,     1, BOS , NHL , R  , 80.0, 40.0,  52.0,  92.0,  24.0, 31.0 ,  9.0,     ,  0.0,     ,  4.0, 2.0, 223.0,   10.0,   4.0,   2.0,     6.0,     5.0,        ,     0.0,        ,     0.0,        ,     0.0,      
middlri01, 1980,     1, BOS , NHL , R  , 80.0, 44.0,  59.0, 103.0,  16.0, 15.0 , 16.0,     ,  4.0,     ,  7.0, 1.0, 222.0,    3.0,   0.0,   1.0,     1.0,     2.0,        ,     0.0,        ,     0.0,        ,     0.0,      
middlri01, 1981,     1, BOS , NHL , R  , 75.0, 51.0,  43.0,  94.0,  12.0, 15.0 , 19.0,     ,  1.0,     ,  9.0, 3.0, 202.0,   11.0,   6.0,   9.0,    15.0,     0.0,        ,     2.0,        ,     0.0,        ,     0.0,      
middlri01, 1982,     1, BOS , NHL , R  , 80.0, 49.0,  47.0,  96.0,   8.0, 33.0 ,  6.0,     ,  3.0,     ,  7.0, 1.0, 214.0,   17.0,  11.0,  22.0,    33.0,     6.0,        ,     4.0,        ,     1.0,        ,     1.0,      
middlri01, 1983,     1, BOS , NHL , R  , 80.0, 47.0,  58.0, 105.0,  14.0, 26.0 , 16.0,     ,  4.0,     ,  6.0, 1.0, 209.0,    3.0,   0.0,   0.0,     0.0,     0.0, -4.0   ,     0.0,        ,     0.0,        ,     0.0,     4.0
middlri01, 1984,     1, BOS , NHL , R  , 80.0, 30.0,  46.0,  76.0,   6.0, 2.0  , 12.0,     ,  3.0,     ,  3.0, 0.0, 169.0,    5.0,   3.0,   0.0,     3.0,     0.0, 1.0    ,     0.0,        ,     0.0,        ,     0.0,    13.0
middlri01, 1985,     1, BOS , NHL , R  , 49.0, 14.0,  30.0,  44.0,  10.0, 17.0 ,  4.0,     ,  2.0,     ,  0.0, 0.0, 100.0,       ,      ,      ,        ,        ,        ,        ,        ,        ,        ,        ,      
middlri01, 1986,     1, BOS , NHL , R  , 76.0, 31.0,  37.0,  68.0,   6.0, 7.0  ,  4.0,     ,  4.0,     ,  3.0, 0.0, 141.0,    4.0,   2.0,   2.0,     4.0,     0.0, -1.0   ,     1.0,        ,     1.0,        ,     0.0,     6.0
middlri01, 1987,     1, BOS , NHL , R  , 59.0, 13.0,  19.0,  32.0,  11.0, 3.0  ,  2.0,  2.0,  3.0,  2.0,  1.0, 0.0,  79.0,   19.0,   5.0,   5.0,    10.0,     4.0, 4.0    ,     0.0,     1.0,     1.0,     2.0,     3.0,    18.0
miehmke01, 1992,     1, STL , NHL , C  ,  8.0,  1.0,   3.0,   4.0,   4.0, 1.0  ,  0.0,  0.0,  0.0,  0.0,  0.0, 0.0,   5.0,    2.0,   0.0,   1.0,     1.0,     0.0, 0.0    ,     0.0,     0.0,     0.0,     0.0,     0.0,     2.0
miehmke01, 1993,     1, STL , NHL , C  , 14.0,  0.0,   1.0,   1.0,   4.0, -3.0 ,  0.0,  0.0,  0.0,  0.0,  0.0, 0.0,   5.0,       ,      ,      ,        ,        ,        ,        ,        ,        ,        ,        ,      
miettan01, 2003,     1, DAL , NHL , C  , 16.0,  1.0,   0.0,   1.0,   0.0, -9.0 ,  0.0,  0.0,  0.0,  0.0,  1.0, 0.0,  17.0,       ,      ,      ,        ,        ,        ,        ,        ,        ,        ,        ,      
miettan01, 2005,     1, DAL , NHL , L  , 79.0, 11.0,  20.0,  31.0,  46.0, 0.0  ,  4.0,  7.0,  0.0,  0.0,  1.0,    , 107.0,    5.0,   0.0,   1.0,     1.0,     8.0, -1.0   ,     0.0,     0.0,     0.0,     0.0,     0.0,     8.0
miettan01, 2006,     1, DAL , NHL , R  , 74.0, 11.0,  14.0,  25.0,  38.0, -5.0 ,  6.0,  2.0,  0.0,  0.0,  1.0,    , 141.0,    4.0,   1.0,   1.0,     2.0,     2.0, 0.0    ,     0.0,     0.0,     0.0,     0.0,     0.0,    11.0
miettan01, 2007,     1, DAL , NHL , R  , 69.0, 15.0,  19.0,  34.0,  34.0, 4.0  ,  5.0,  3.0,  0.0,  0.0,  3.0,    , 136.0,   15.0,   1.0,   1.0,     2.0,     0.0, -2.0   ,     0.0,     0.0,     0.0,     0.0,     0.0,    16.0
miettan01, 2008,     1, MIN , NHL , R  , 82.0, 15.0,  29.0,  44.0,  32.0, -1.0 ,  4.0,  9.0,  2.0,  1.0,  3.0,    , 186.0,       ,      ,      ,        ,        ,        ,        ,        ,        ,        ,        ,      
miettan01, 2009,     1, MIN , NHL , R  , 79.0, 20.0,  22.0,  42.0,  44.0, -2.0 ,  5.0,  6.0,  0.0,  1.0,  4.0,    , 175.0,       ,      ,      ,        ,        ,        ,        ,        ,        ,        ,        ,      
migayru01, 1949,     1, TOR , NHL , C  , 18.0,  1.0,   5.0,   6.0,   8.0,      ,     ,     ,     ,     ,     ,    ,      ,       ,      ,      ,        ,        ,        ,        ,        ,        ,        ,        ,      
migayru01, 1951,     1, TOR , NHL , C  , 19.0,  2.0,   1.0,   3.0,  12.0,      ,     ,     ,     ,     ,     ,    ,      ,       ,      ,      ,        ,        ,        ,        ,        ,        ,        ,        ,      
migayru01, 1952,     1, TOR , NHL , C  , 40.0,  5.0,   4.0,   9.0,  22.0,      ,     ,     ,     ,     ,     ,    ,      ,       ,      ,      ,        ,        ,        ,        ,        ,        ,        ,        ,      
migayru01, 1953,     1, TOR , NHL , C  , 70.0,  8.0,  15.0,  23.0,  60.0,      ,     ,     ,     ,     ,     ,    ,      ,    5.0,   1.0,   0.0,     1.0,     4.0,        ,        ,        ,        ,        ,        ,      
migayru01, 1954,     1, TOR , NHL , C  , 67.0,  8.0,  16.0,  24.0,  66.0,      ,     ,     ,     ,     ,     ,    ,      ,    3.0,   0.0,   0.0,     0.0,    10.0,        ,        ,        ,        ,        ,        ,      
migayru01, 1955,     1, TOR , NHL , C  , 70.0, 12.0,  16.0,  28.0,  52.0,      ,     ,     ,     ,     ,     ,    ,      ,    5.0,   0.0,   0.0,     0.0,     6.0,        ,        ,        ,        ,        ,        ,      
migayru01, 1956,     1, TOR , NHL , C  , 66.0, 15.0,  20.0,  35.0,  51.0,      ,     ,     ,     ,     ,     ,    ,      ,       ,      ,      ,        ,        ,        ,        ,        ,        ,        ,        ,      
migayru01, 1957,     1, TOR , NHL , C  , 48.0,  7.0,  14.0,  21.0,  18.0,      ,     ,     ,     ,     ,     ,    ,      ,       ,      ,      ,        ,        ,        ,        ,        ,        ,        ,        ,      
migayru01, 1958,     1, TOR , NHL , C  , 19.0,  1.0,   1.0,   2.0,   4.0,      ,     ,     ,     ,     ,     ,    ,      ,    2.0,   0.0,   0.0,     0.0,     0.0,        ,        ,        ,        ,        ,        ,      
migayru01, 1959,     1, TOR , NHL , C  ,  1.0,  0.0,   0.0,   0.0,   0.0,      ,     ,     ,     ,     ,     ,    ,      ,       ,      ,      ,        ,        ,        ,        ,        ,        ,        ,        ,      
mignejo01, 1972,     1, PHB , WHA , D  , 55.0, 10.0,   8.0,  18.0,  38.0,      ,  1.0,     ,  0.0,     ,     ,    ,      ,    4.0,   0.0,   0.0,     0.0,     0.0,        ,     0.0,        ,     0.0,        ,     0.0,      
mignejo01, 1973,     1, VAB , WHA , L  , 74.0, 21.0,  26.0,  47.0,  27.0,      ,  2.0,     ,  0.0,     ,  2.0,    ,      ,       ,      ,      ,        ,        ,        ,        ,        ,        ,        ,        ,      
mignejo01, 1974,     1, VAB , WHA , L  , 14.0,  4.0,   2.0,   6.0,  12.0, -1.0 ,  0.0,     ,  0.0,     ,     ,    ,  16.0,       ,      ,      ,        ,        ,        ,        ,        ,        ,        ,        ,      
mignejo01, 1974,     2, PHR , WHA , L  , 47.0,  6.0,  13.0,  19.0,  16.0, -4.0 ,  1.0,     ,  0.0,     ,     ,    ,  63.0,    1.0,   0.0,   0.0,     0.0,     0.0,        ,     0.0,        ,     0.0,        ,     0.0,      
mignejo01, 1975,     1, PHR , WHA , L  , 68.0,  8.0,  12.0,  20.0,  14.0, -9.0 ,  0.0,     ,  0.0,     ,  2.0,    ,  69.0,    3.0,   0.0,   0.0,     0.0,     0.0, 1.0    ,        ,        ,        ,        ,        ,      
mihalvl01, 2008,     1, TBL , NHL , D  , 11.0,  0.0,   3.0,   3.0,   6.0, -3.0 ,  0.0,  0.0,  0.0,  0.0,  0.0,    ,   7.0,       ,      ,      ,        ,        ,        ,        ,        ,        ,        ,        ,      
mihalvl01, 2009,     1, TBL , NHL , D  ,  4.0,  0.0,   0.0,   0.0,   2.0, -4.0 ,  0.0,  0.0,  0.0,  0.0,  0.0,    ,   1.0,       ,      ,      ,        ,        ,        ,        ,        ,        ,        ,        ,      
mikape01 , 1999,     1, NYI , NHL , C  ,  3.0,  0.0,   0.0,   0.0,   0.0, -1.0 ,  0.0,  0.0,  0.0,  0.0,  0.0, 0.0,   1.0,       ,      ,      ,        ,        ,        ,        ,        ,        ,        ,        ,      
mikatja01, 1978,     1, FIN , WHA ,    ,  1.0,  0.0,   0.0,   0.0,   0.0,      ,  0.0,     ,  0.0,     ,  0.0,    ,      ,       ,      ,      ,        ,        ,        ,        ,        ,        ,        ,        ,      
mikhnal01, 2006,     1, EDM , NHL , L  ,  2.0,  0.0,   0.0,   0.0,   0.0, 0.0  ,  0.0,  0.0,  0.0,  0.0,  0.0,    ,   0.0,       ,      ,      ,        ,        ,        ,        ,        ,        ,        ,        ,      
mikitst01, 1958,     1, CHI , NHL , C  ,  3.0,  0.0,   1.0,   1.0,   4.0,      ,     ,     ,     ,     ,     ,    ,      ,       ,      ,      ,        ,        ,        ,        ,        ,        ,        ,        ,      
mikitst01, 1959,     1, CHI , NHL , C  , 67.0,  8.0,  18.0,  26.0, 119.0,      ,     ,     ,     ,     ,     ,    ,      ,    3.0,   0.0,   1.0,     1.0,     2.0,        ,        ,        ,        ,        ,        ,      
mikitst01, 1960,     1, CHI , NHL , R  , 66.0, 19.0,  34.0,  53.0, 100.0,      ,     ,     ,     ,     ,     ,    ,      ,   12.0,   6.0,   5.0,    11.0,    21.0,        ,        ,        ,        ,        ,     1.0,      
mikitst01, 1961,     1, CHI , NHL , R  , 70.0, 25.0,  52.0,  77.0,  97.0,      ,     ,     ,     ,     ,     ,    ,      ,   12.0,   6.0,  15.0,    21.0,    19.0,        ,        ,        ,        ,        ,     2.0,      
mikitst01, 1962,     1, CHI , NHL , R  , 65.0, 31.0,  45.0,  76.0,  69.0,      ,     ,     ,     ,     ,     ,    ,      ,    6.0,   3.0,   2.0,     5.0,     2.0,        ,        ,        ,        ,        ,     0.0,      
mikitst01, 1963,     1, CHI , NHL , C  , 70.0, 39.0,  50.0,  89.0, 146.0,      , 14.0,     ,  1.0,     ,  7.0, 2.0,      ,    7.0,   3.0,   6.0,     9.0,     8.0,        ,        ,        ,        ,        ,     1.0,      
mikitst01, 1964,     1, CHI , NHL , C  , 70.0, 28.0,  59.0,  87.0, 154.0,      ,  8.0,     ,  0.0,     ,  6.0, 1.0,      ,   14.0,   3.0,   7.0,    10.0,    53.0,        ,        ,        ,        ,        ,     1.0,      
mikitst01, 1965,     1, CHI , NHL , C  , 68.0, 30.0,  48.0,  78.0,  58.0,      , 11.0,     ,  1.0,     ,  1.0, 0.0,      ,    6.0,   1.0,   2.0,     3.0,     2.0,        ,        ,        ,        ,        ,     0.0,      
mikitst01, 1966,     1, CHI , NHL , C  , 70.0, 35.0,  62.0,  97.0,  12.0,      ,  8.0,     ,  1.0,     ,  5.0, 1.0,      ,    6.0,   2.0,   2.0,     4.0,     2.0,        ,        ,        ,        ,        ,     0.0,      
mikitst01, 1967,     1, CHI , NHL , C  , 72.0, 40.0,  47.0,  87.0,  14.0, -3.0 , 13.0,     ,  2.0,     ,  8.0, 4.0, 303.0,   11.0,   5.0,   7.0,    12.0,     6.0,        ,     3.0,        ,     0.0,        ,     0.0,      
mikitst01, 1968,     1, CHI , NHL , C  , 74.0, 30.0,  67.0,  97.0,  52.0, 17.0 ,  7.0,     ,  3.0,     ,  2.0, 0.0, 299.0,       ,      ,      ,        ,        ,        ,        ,        ,        ,        ,        ,      
mikitst01, 1969,     1, CHI , NHL , C  , 76.0, 39.0,  47.0,  86.0,  50.0, 29.0 ,  7.0,     ,  0.0,     ,  8.0, 0.0, 352.0,    8.0,   4.0,   6.0,    10.0,     2.0,        ,     3.0,        ,     0.0,        ,     1.0,      
mikitst01, 1970,     1, CHI , NHL , C  , 74.0, 24.0,  48.0,  72.0,  85.0, 21.0 ,  7.0,     ,  0.0,     ,  4.0, 0.0, 220.0,   18.0,   5.0,  13.0,    18.0,    16.0,        ,     1.0,        ,     0.0,        ,     1.0,      
mikitst01, 1971,     1, CHI , NHL , C  , 74.0, 26.0,  39.0,  65.0,  46.0, 16.0 ,  5.0,     ,  0.0,     ,  6.0, 2.0, 185.0,    8.0,   3.0,   1.0,     4.0,     4.0,        ,     0.0,        ,     0.0,        ,     0.0,      
mikitst01, 1972,     1, CHI , NHL , C  , 57.0, 27.0,  56.0,  83.0,  32.0, 31.0 ,  7.0,     ,  1.0,     ,  5.0, 2.0, 177.0,   15.0,   7.0,  13.0,    20.0,     8.0,        ,     1.0,        ,     1.0,        ,     2.0,      
mikitst01, 1973,     1, CHI , NHL , C  , 76.0, 30.0,  50.0,  80.0,  46.0, 24.0 ,  6.0,     ,  2.0,     ,  1.0, 5.0, 171.0,   11.0,   5.0,   6.0,    11.0,     8.0,        ,     1.0,        ,     0.0,        ,     1.0,      
mikitst01, 1974,     1, CHI , NHL , C  , 79.0, 36.0,  50.0,  86.0,  48.0, 14.0 , 13.0,     ,  0.0,     ,  6.0, 0.0, 253.0,    8.0,   3.0,   4.0,     7.0,    12.0,        ,     1.0,        ,     0.0,        ,     1.0,      
mikitst01, 1975,     1, CHI , NHL , C  , 48.0, 16.0,  41.0,  57.0,  37.0, -4.0 ,  6.0,     ,  0.0,     ,  1.0, 1.0, 159.0,    4.0,   0.0,   0.0,     0.0,     4.0,        ,     0.0,        ,     0.0,        ,     0.0,      
mikitst01, 1976,     1, CHI , NHL , C  , 57.0, 19.0,  30.0,  49.0,  20.0, -9.0 ,  6.0,     ,  1.0,     ,  4.0, 0.0, 128.0,    2.0,   0.0,   1.0,     1.0,     0.0,        ,     0.0,        ,     0.0,        ,     0.0,      
mikitst01, 1977,     1, CHI , NHL , C  , 76.0, 18.0,  41.0,  59.0,  35.0, 18.0 ,  6.0,     ,  0.0,     ,  2.0, 1.0, 202.0,    4.0,   3.0,   0.0,     3.0,     0.0,        ,     2.0,        ,     0.0,        ,     0.0,      
mikitst01, 1978,     1, CHI , NHL , C  , 65.0, 19.0,  36.0,  55.0,  34.0, 3.0  ,  4.0,     ,  0.0,     ,  1.0, 0.0, 147.0,       ,      ,      ,        ,        ,        ,        ,        ,        ,        ,        ,      
mikitst01, 1979,     1, CHI , NHL , C  , 17.0,  2.0,   5.0,   7.0,  12.0, 2.0  ,  0.0,     ,  0.0,     ,  0.0, 0.0,  28.0,       ,      ,      ,        ,        ,        ,        ,        ,        ,        ,        ,      
mikkebi01, 1971,     1, LAK , NHL , D  , 15.0,  0.0,   1.0,   1.0,   6.0, -11.0,  0.0,     ,  0.0,     ,  0.0, 0.0,   8.0,       ,      ,      ,        ,        ,        ,        ,        ,        ,        ,        ,      
mikkebi01, 1972,     1, NYI , NHL , D  , 72.0,  1.0,  10.0,  11.0,  45.0, -54.0,  0.0,     ,  0.0,     ,  0.0, 0.0,  39.0,       ,      ,      ,        ,        ,        ,        ,        ,        ,        ,        ,      
mikkebi01, 1974,     1, WAS , NHL , D  , 59.0,  3.0,   7.0,  10.0,  52.0, -82.0,  3.0,     ,  0.0,     ,  0.0, 0.0,  49.0,       ,      ,      ,        ,        ,        ,        ,        ,        ,        ,        ,      
mikkebi01, 1976,     1, WAS , NHL , D  ,  1.0,  0.0,   0.0,   0.0,   2.0, 0.0  ,  0.0,     ,  0.0,     ,  0.0, 0.0,   0.0,       ,      ,      ,        ,        ,        ,        ,        ,        ,        ,        ,      
mikkebr01, 2008,     1, AND , NHL , D  , 34.0,  0.0,   2.0,   2.0,  17.0, 0.0  ,  0.0,  0.0,  0.0,  0.0,  0.0,    ,  19.0,       ,      ,      ,        ,        ,        ,        ,        ,        ,        ,        ,      
mikkebr01, 2009,     1, AND , NHL , D  , 28.0,  0.0,   2.0,   2.0,  14.0, -5.0 ,  0.0,  0.0,  0.0,  0.0,  0.0,    ,  21.0,       ,      ,      ,        ,        ,        ,        ,        ,        ,        ,        ,      
mikolji01, 1962,     1, TOR , NHL , D/R,  4.0,  0.0,   1.0,   1.0,   2.0,      ,     ,     ,     ,     ,     ,    ,      ,       ,      ,      ,        ,        ,        ,        ,        ,        ,        ,        ,      
mikolji01, 1964,     1, NYR , NHL , L  , 30.0,  1.0,   3.0,   4.0,   6.0,      ,  0.0,     ,  1.0,     ,  0.0, 0.0,      ,       ,      ,      ,        ,        ,        ,        ,        ,        ,        ,        ,      
mikulol01, 1993,     1, WIN , NHL , D  ,  4.0,  0.0,   1.0,   1.0,  17.0, -2.0 ,  0.0,  0.0,  0.0,  0.0,  0.0, 0.0,   3.0,       ,      ,      ,        ,        ,        ,        ,        ,        ,        ,        ,      
mikulol01, 1994,     1, WIN , NHL , D  , 25.0,  0.0,   2.0,   2.0,  12.0, 10.0 ,  0.0,  0.0,  0.0,  0.0,  0.0, 0.0,   5.0,       ,      ,      ,        ,        ,        ,        ,        ,        ,        ,        ,      
mikulol01, 1995,     1, ANA , NHL , D  ,  8.0,  0.0,   0.0,   0.0,   4.0, -2.0 ,  0.0,  0.0,  0.0,  0.0,  0.0, 0.0,   0.0,       ,      ,      ,        ,        ,        ,        ,        ,        ,        ,        ,      
milanto01, 1976,     1, MF2 , WHA , R  ,  2.0,  0.0,   0.0,   0.0,   0.0, -2.0 ,  0.0,     ,  0.0,     ,  0.0,    ,      ,       ,      ,      ,        ,        ,        ,        ,        ,        ,        ,        ,      
milbumi01, 1975,     1, BOS , NHL , D  ,  3.0,  0.0,   0.0,   0.0,   9.0, 1.0  ,  0.0,     ,  0.0,     ,  0.0, 0.0,   2.0,   11.0,   0.0,   0.0,     0.0,    29.0,        ,     0.0,        ,     0.0,        ,     0.0,      
milbumi01, 1976,     1, BOS , NHL , D  , 77.0,  6.0,  18.0,  24.0, 166.0, 25.0 ,  0.0,     ,  0.0,     ,  2.0, 0.0,  89.0,   13.0,   2.0,   2.0,     4.0,    47.0,        ,     0.0,        ,     0.0,        ,     1.0,      
milbumi01, 1977,     1, BOS , NHL , D  , 80.0,  8.0,  30.0,  38.0, 151.0, 52.0 ,  0.0,     ,  0.0,     ,  0.0, 0.0,  82.0,   15.0,   1.0,   8.0,     9.0,    27.0,        ,     0.0,        ,     0.0,        ,     0.0,      
milbumi01, 1978,     1, BOS , NHL , D  , 74.0,  1.0,  34.0,  35.0, 149.0, 23.0 ,  0.0,     ,  0.0,     ,  0.0, 0.0,  76.0,   11.0,   1.0,   7.0,     8.0,     7.0,        ,     0.0,        ,     0.0,        ,     1.0,      
milbumi01, 1979,     1, BOS , NHL , D  , 72.0, 10.0,  13.0,  23.0,  59.0, 7.0  ,  1.0,     ,  0.0,     ,  0.0, 0.0, 101.0,   10.0,   0.0,   2.0,     2.0,    50.0,        ,     0.0,        ,     0.0,        ,     0.0,      
milbumi01, 1980,     1, BOS , NHL , D  , 77.0,  0.0,  18.0,  18.0, 222.0, 14.0 ,  0.0,     ,  0.0,     ,  0.0, 0.0,  77.0,    2.0,   0.0,   1.0,     1.0,    10.0,        ,     0.0,        ,     0.0,        ,     0.0,      
milbumi01, 1981,     1, BOS , NHL , D  , 51.0,  2.0,  10.0,  12.0,  71.0, 10.0 ,  0.0,     ,  0.0,     ,  1.0, 0.0,  42.0,   11.0,   0.0,   4.0,     4.0,     6.0,        ,     0.0,        ,     0.0,        ,     0.0,      
milbumi01, 1982,     1, BOS , NHL , D  , 78.0,  9.0,  15.0,  24.0, 216.0, 22.0 ,  1.0,     ,  0.0,     ,  2.0, 1.0,  95.0,       ,      ,      ,        ,        ,        ,        ,        ,        ,        ,        ,      
milbumi01, 1983,     1, BOS , NHL , D  , 74.0,  2.0,  17.0,  19.0, 159.0, 2.0  ,  0.0,     ,  0.0,     ,  1.0, 0.0,  66.0,    3.0,   0.0,   0.0,     0.0,    12.0, -4.0   ,     0.0,        ,     0.0,        ,     0.0,     0.0
milbumi01, 1984,     1, BOS , NHL , D  , 78.0,  3.0,  13.0,  16.0, 152.0, -6.0 ,  0.0,     ,  1.0,     ,  0.0, 1.0,  84.0,    5.0,   0.0,   0.0,     0.0,    10.0, 4.0    ,     0.0,        ,     0.0,        ,     0.0,     1.0
milbumi01, 1985,     1, BOS , NHL , D  , 22.0,  2.0,   5.0,   7.0, 102.0, 1.0  ,  0.0,     ,  0.0,     ,  0.0, 0.0,  12.0,    1.0,   0.0,   0.0,     0.0,    17.0, -2.0   ,     0.0,        ,     0.0,        ,     0.0,     1.0
milbumi01, 1986,     1, BOS , NHL , D  , 68.0,  6.0,  16.0,  22.0,  96.0, 22.0 ,  0.0,     ,  1.0,     ,  1.0, 0.0,  59.0,    4.0,   0.0,   0.0,     0.0,     4.0, -2.0   ,     0.0,        ,     0.0,        ,     0.0,     2.0
milkshi01, 1925,     1, PIP , NHL , L  , 36.0, 14.0,   5.0,  19.0,  17.0,      ,     ,     ,     ,     ,     ,    ,      ,    2.0,   0.0,   0.0,     0.0,     0.0,        ,        ,        ,        ,        ,        ,      
milkshi01, 1926,     1, PIP , NHL , C  , 44.0, 16.0,   6.0,  22.0,  18.0,      ,     ,     ,     ,     ,     ,    ,      ,       ,      ,      ,        ,        ,        ,        ,        ,        ,        ,        ,      
milkshi01, 1927,     1, PIP , NHL , C  , 44.0, 18.0,   3.0,  21.0,  32.0,      ,     ,     ,     ,     ,     ,    ,      ,    2.0,   0.0,   0.0,     0.0,     2.0,        ,        ,        ,        ,        ,        ,      
milkshi01, 1928,     1, PIP , NHL , C  , 44.0,  9.0,   3.0,  12.0,  22.0,      ,     ,     ,     ,     ,     ,    ,      ,       ,      ,      ,        ,        ,        ,        ,        ,        ,        ,        ,      
milkshi01, 1929,     1, PIP , NHL , L  , 41.0, 13.0,  11.0,  24.0,  36.0,      ,     ,     ,     ,     ,     ,    ,      ,       ,      ,      ,        ,        ,        ,        ,        ,        ,        ,        ,      
milkshi01, 1930,     1, PHQ , NHL , C  , 44.0, 17.0,   6.0,  23.0,  42.0,      ,     ,     ,     ,     ,     ,    ,      ,       ,      ,      ,        ,        ,        ,        ,        ,        ,        ,        ,      
milkshi01, 1931,     1, NYR , NHL , C  , 48.0,  0.0,   4.0,   4.0,  12.0,      ,     ,     ,     ,     ,     ,    ,      ,    7.0,   0.0,   0.0,     0.0,     0.0,        ,        ,        ,        ,        ,        ,      
milkshi01, 1932,     1, OTS , NHL , C  , 16.0,  0.0,   3.0,   3.0,   0.0,      ,     ,     ,     ,     ,     ,    ,      ,       ,      ,      ,        ,        ,        ,        ,        ,        ,        ,        ,      
millaal01, 1957,     1, BOS , NHL , G  ,  6.0,  0.0,   0.0,   0.0,   0.0,      ,     ,     ,     ,     ,     ,    ,      ,       ,      ,      ,        ,        ,        ,        ,        ,        ,        ,        ,      
millacr01, 1996,     1, EDM , NHL , D  ,  1.0,  0.0,   0.0,   0.0,   2.0, 0.0  ,  0.0,  0.0,  0.0,  0.0,  0.0, 0.0,   1.0,       ,      ,      ,        ,        ,        ,        ,        ,        ,        ,        ,      
millacr01, 1997,     1, EDM , NHL , D  , 11.0,  4.0,   0.0,   4.0,   8.0, -3.0 ,  1.0,  0.0,  0.0,  0.0,  0.0, 0.0,  10.0,       ,      ,      ,        ,        ,        ,        ,        ,        ,        ,        ,      
millacr01, 1998,     1, EDM , NHL , D  , 24.0,  0.0,   2.0,   2.0,  19.0, -6.0 ,  0.0,  0.0,  0.0,  0.0,  0.0, 0.0,  18.0,       ,      ,      ,        ,        ,        ,        ,        ,        ,        ,        ,      
millacr01, 1999,     1, NAS , NHL , D  , 57.0,  3.0,  11.0,  14.0,  28.0, -6.0 ,  0.0,  2.0,  0.0,  0.0,  1.0, 0.0,  50.0,       ,      ,      ,        ,        ,        ,        ,        ,        ,        ,        ,      
millacr01, 2000,     1, NAS , NHL , D  ,  5.0,  0.0,   0.0,   0.0,   6.0, 1.0  ,  0.0,  0.0,  0.0,  0.0,  0.0, 0.0,   2.0,       ,      ,      ,        ,        ,        ,        ,        ,        ,        ,        ,      
millacr01, 2000,     2, TBL , NHL , D  , 16.0,  1.0,   1.0,   2.0,  10.0, -8.0 ,  0.0,  0.0,  0.0,  0.0,  1.0, 0.0,  10.0,       ,      ,      ,        ,        ,        ,        ,        ,        ,        ,        ,      
millaed01, 1909,     1, LES , NHA ,    ,  1.0,  0.0,   0.0,   0.0,   2.0,      ,     ,     ,     ,     ,     ,    ,      ,       ,      ,      ,        ,        ,        ,        ,        ,        ,        ,        ,      
millahu01, 1946,     1, DET , NHL , D  ,  4.0,  0.0,   0.0,   0.0,   0.0,      ,     ,     ,     ,     ,     ,    ,      ,    1.0,   0.0,   0.0,     0.0,     0.0,        ,        ,        ,        ,        ,        ,      
millami01, 1986,     1, HAR , NHL , R  , 10.0,  2.0,   2.0,   4.0,   0.0, 3.0  ,  1.0,     ,  0.0,     ,  0.0, 0.0,  13.0,       ,      ,      ,        ,        ,        ,        ,        ,        ,        ,        ,      
millami01, 1987,     1, HAR , NHL , R  , 28.0,  7.0,   7.0,  14.0,   6.0, -5.0 ,  4.0,  4.0,  0.0,  0.0,  2.0, 0.0,  58.0,       ,      ,      ,        ,        ,        ,        ,        ,        ,        ,        ,      
millami01, 1988,     1, WAS , NHL , R  , 18.0,  6.0,   3.0,   9.0,   4.0, -4.0 ,  3.0,  2.0,  0.0,  0.0,  1.0, 0.0,  37.0,       ,      ,      ,        ,        ,        ,        ,        ,        ,        ,        ,      
millami01, 1989,     1, BOS , NHL , R  , 15.0,  1.0,   4.0,   5.0,   0.0, -2.0 ,  0.0,  0.0,  0.0,  0.0,  0.0, 0.0,  18.0,       ,      ,      ,        ,        ,        ,        ,        ,        ,        ,        ,      
millami01, 1990,     1, TOR , NHL , R  ,  7.0,  2.0,   2.0,   4.0,   2.0, -1.0 ,  0.0,  0.0,  0.0,  0.0,  0.0, 0.0,  11.0,       ,      ,      ,        ,        ,        ,        ,        ,        ,        ,        ,      
milleaa01, 1993,     1, QUE , NHL , D  ,  1.0,  0.0,   0.0,   0.0,   0.0, -1.0 ,  0.0,  0.0,  0.0,  0.0,  0.0, 0.0,   0.0,       ,      ,      ,        ,        ,        ,        ,        ,        ,        ,        ,      
milleaa01, 1994,     1, QUE , NHL , D  ,  9.0,  0.0,   3.0,   3.0,   6.0, 2.0  ,  0.0,  0.0,  0.0,  0.0,  0.0, 0.0,  12.0,       ,      ,      ,        ,        ,        ,        ,        ,        ,        ,        ,      
milleaa01, 1995,     1, COL , NHL , D  ,  5.0,  0.0,   0.0,   0.0,   0.0, 0.0  ,  0.0,  0.0,  0.0,  0.0,  0.0, 0.0,   2.0,       ,      ,      ,        ,        ,        ,        ,        ,        ,        ,        ,      
milleaa01, 1996,     1, COL , NHL , D  , 56.0,  5.0,  12.0,  17.0,  15.0, 15.0 ,  0.0,  1.0,  0.0,  0.0,  3.0, 0.0,  47.0,   17.0,   1.0,   2.0,     3.0,    10.0, 3.0    ,     0.0,     1.0,     0.0,     0.0,     0.0,     8.0
milleaa01, 1997,     1, COL , NHL , D  , 55.0,  2.0,   2.0,   4.0,  51.0, 0.0  ,  0.0,  0.0,  0.0,  0.0,  0.0, 0.0,  29.0,    7.0,   0.0,   0.0,     0.0,     8.0, 0.0    ,     0.0,     0.0,     0.0,     0.0,     0.0,     6.0
milleaa01, 1998,     1, COL , NHL , D  , 76.0,  5.0,  13.0,  18.0,  42.0, 3.0  ,  1.0,  1.0,  0.0,  0.0,  2.0, 0.0,  87.0,   19.0,   1.0,   5.0,     6.0,    10.0, 8.0    ,     0.0,     2.0,     0.0,     0.0,     0.0,    22.0
milleaa01, 1999,     1, COL , NHL , D  , 53.0,  1.0,   7.0,   8.0,  36.0, 3.0  ,  0.0,  0.0,  0.0,  0.0,  0.0, 0.0,  44.0,   17.0,   1.0,   1.0,     2.0,     6.0, 4.0    ,     0.0,     0.0,     0.0,     0.0,     0.0,    10.0
milleaa01, 2000,     1, COL , NHL , D  , 56.0,  4.0,   9.0,  13.0,  29.0, 19.0 ,  0.0,  0.0,  0.0,  1.0,  0.0, 0.0,  49.0,       ,      ,      ,        ,        ,        ,        ,        ,        ,        ,        ,      
milleaa01, 2000,     2, LAK , NHL , D  , 13.0,  0.0,   5.0,   5.0,  14.0, 3.0  ,  0.0,  0.0,  0.0,  0.0,  0.0, 0.0,  10.0,   13.0,   0.0,   1.0,     1.0,     6.0, 4.0    ,     0.0,     0.0,     0.0,     0.0,     0.0,     9.0
milleaa01, 2001,     1, LAK , NHL , D  , 74.0,  5.0,  12.0,  17.0,  54.0, 14.0 ,  0.0,  1.0,  1.0,  2.0,  3.0, 0.0,  75.0,    7.0,   0.0,   0.0,     0.0,     0.0, 1.0    ,     0.0,     0.0,     0.0,     0.0,     0.0,     5.0
milleaa01, 2002,     1, LAK , NHL , D  , 49.0,  1.0,   5.0,   6.0,  24.0, -7.0 ,  0.0,  0.0,  0.0,  0.0,  0.0, 0.0,  34.0,       ,      ,      ,        ,        ,        ,        ,        ,        ,        ,        ,      
milleaa01, 2003,     1, LAK , NHL , D  , 35.0,  1.0,   2.0,   3.0,  32.0, -3.0 ,  0.0,  0.0,  0.0,  0.0,  0.0, 0.0,  26.0,       ,      ,      ,        ,        ,        ,        ,        ,        ,        ,        ,      
milleaa01, 2005,     1, LAK , NHL , D  , 56.0,  0.0,   8.0,   8.0,  27.0, -6.0 ,  0.0,  1.0,  0.0,  1.0,  0.0,    ,  32.0,       ,      ,      ,        ,        ,        ,        ,        ,        ,        ,        ,      
milleaa01, 2006,     1, LAK , NHL , D  , 82.0,  0.0,   8.0,   8.0,  60.0, -14.0,  0.0,  0.0,  0.0,  1.0,  0.0,    ,  56.0,       ,      ,      ,        ,        ,        ,        ,        ,        ,        ,        ,      
milleaa01, 2007,     1, VAN , NHL , D  , 57.0,  1.0,   8.0,   9.0,  32.0, -1.0 ,  0.0,  0.0,  0.0,  0.0,  1.0,    ,  27.0,       ,      ,      ,        ,        ,        ,        ,        ,        ,        ,        ,      
millebi01, 1934,     1, MTM , NHL , D  , 22.0,  3.0,   0.0,   3.0,   2.0,      ,     ,     ,     ,     ,     ,    ,      ,    7.0,   0.0,   0.0,     0.0,     0.0,        ,        ,        ,        ,        ,        ,      
millebi01, 1935,     1, MTM , NHL , C  ,  8.0,  0.0,   0.0,   0.0,   0.0,      ,     ,     ,     ,     ,     ,    ,      ,       ,      ,      ,        ,        ,        ,        ,        ,        ,        ,        ,      
millebi01, 1935,     2, MTL , NHL , C  , 17.0,  1.0,   2.0,   3.0,   2.0,      ,     ,     ,     ,     ,     ,    ,      ,       ,      ,      ,        ,        ,        ,        ,        ,        ,        ,        ,      
millebi01, 1936,     1, MTL , NHL , C  , 48.0,  3.0,   1.0,   4.0,  12.0,      ,     ,     ,     ,     ,     ,    ,      ,    5.0,   0.0,   0.0,     0.0,     0.0,        ,        ,        ,        ,        ,        ,      
millebo01, 1977,     1, BOS , NHL , C  , 76.0, 20.0,  20.0,  40.0,  41.0, 16.0 ,  1.0,     ,  1.0,     ,  4.0, 0.0, 134.0,   13.0,   0.0,   3.0,     3.0,    15.0,        ,     0.0,        ,     0.0,        ,     0.0,      
millebo01, 1978,     1, BOS , NHL , C  , 77.0, 15.0,  33.0,  48.0,  30.0, 20.0 ,  0.0,     ,  0.0,     ,  1.0, 2.0, 149.0,   11.0,   1.0,   1.0,     2.0,     8.0,        ,     0.0,        ,     0.0,        ,     1.0,      
millebo01, 1979,     1, BOS , NHL , C  , 80.0, 16.0,  25.0,  41.0,  53.0, 9.0  ,  0.0,     ,  1.0,     ,  2.0, 1.0, 137.0,   10.0,   3.0,   2.0,     5.0,     4.0,        ,     0.0,        ,     1.0,        ,     0.0,      
millebo01, 1980,     1, BOS , NHL , C  , 30.0,  4.0,   4.0,   8.0,  19.0, -5.0 ,  0.0,     ,  0.0,     ,  1.0, 0.0,  23.0,       ,      ,      ,        ,        ,        ,        ,        ,        ,        ,        ,      
millebo01, 1980,     2, COR , NHL , C  , 22.0,  5.0,   1.0,   6.0,  15.0, -19.0,  2.0,     ,  0.0,     ,  0.0, 0.0,  41.0,       ,      ,      ,        ,        ,        ,        ,        ,        ,        ,        ,      
millebo01, 1981,     1, COR , NHL , C  , 56.0, 11.0,  20.0,  31.0,  27.0, -24.0,  1.0,     ,  0.0,     ,  2.0, 1.0,  94.0,       ,      ,      ,        ,        ,        ,        ,        ,        ,        ,        ,      
millebo01, 1984,     1, LAK , NHL , C  , 63.0,  4.0,  16.0,  20.0,  35.0, -17.0,  0.0,     ,  0.0,     ,  0.0, 0.0,  64.0,    2.0,   0.0,   1.0,     1.0,     0.0, 1.0    ,     0.0,        ,     0.0,        ,     0.0,     1.0
millebr01, 1988,     1, BUF , NHL , D  ,  7.0,  0.0,   0.0,   0.0,   6.0, -1.0 ,  0.0,  0.0,  0.0,  0.0,  0.0, 0.0,   0.0,       ,      ,      ,        ,        ,        ,        ,        ,        ,        ,        ,      
millebr01, 1989,     1, BUF , NHL , D  ,  1.0,  0.0,   0.0,   0.0,   0.0, 1.0  ,  0.0,  0.0,  0.0,  0.0,  0.0, 0.0,   0.0,       ,      ,      ,        ,        ,        ,        ,        ,        ,        ,        ,      
millebr01, 1990,     1, BUF , NHL , D  , 13.0,  0.0,   0.0,   0.0,  67.0, -1.0 ,  0.0,  0.0,  0.0,  0.0,  0.0, 0.0,   4.0,       ,      ,      ,        ,        ,        ,        ,        ,        ,        ,        ,      
millebr01, 1991,     1, BUF , NHL , D  , 42.0,  1.0,   4.0,   5.0, 192.0, -5.0 ,  0.0,  0.0,  0.0,  0.0,  0.0, 0.0,  30.0,       ,      ,      ,        ,        ,        ,        ,        ,        ,        ,        ,      
millebr01, 1992,     1, OTT , NHL , D  , 11.0,  0.0,   0.0,   0.0,  42.0, -5.0 ,  0.0,  0.0,  0.0,  0.0,  0.0, 0.0,   2.0,       ,      ,      ,        ,        ,        ,        ,        ,        ,        ,        ,      
millebr01, 1993,     1, CAL , NHL , D  ,  8.0,  0.0,   1.0,   1.0,  14.0, -2.0 ,  0.0,  0.0,  0.0,  0.0,  0.0, 0.0,   2.0,       ,      ,      ,        ,        ,        ,        ,        ,        ,        ,        ,      
milleco01, 1989,     1, NYR , NHL , C  ,  4.0,  0.0,   0.0,   0.0,   2.0, -2.0 ,  0.0,  0.0,  0.0,  0.0,  0.0, 0.0,   4.0,       ,      ,      ,        ,        ,        ,        ,        ,        ,        ,        ,      
milleco01, 1990,     1, NYR , NHL , C  ,  4.0,  3.0,   1.0,   4.0,   0.0, 1.0  ,  2.0,  0.0,  0.0,  0.0,  0.0, 0.0,   8.0,    6.0,   1.0,   2.0,     3.0,     0.0, 0.0    ,     1.0,     1.0,     0.0,     0.0,     0.0,    11.0
milleco01, 1991,     1, NYR , NHL , C  , 11.0,  1.0,   4.0,   5.0,  10.0, -1.0 ,  0.0,  3.0,  0.0,  0.0,  0.0, 0.0,  20.0,       ,      ,      ,        ,        ,        ,        ,        ,        ,        ,        ,      
milleco01, 1991,     2, LAK , NHL , C  , 46.0, 20.0,  21.0,  41.0,  44.0, 3.0  ,  8.0,  7.0,  1.0,  0.0,  3.0, 0.0,  89.0,    6.0,   0.0,   1.0,     1.0,     6.0, -2.0   ,     0.0,     1.0,     0.0,     0.0,     0.0,     6.0
milleco01, 1992,     1, LAK , NHL , C  , 42.0, 23.0,  16.0,  39.0,  42.0, 16.0 ,  9.0,  5.0,  2.0,  1.0,  1.0, 1.0, 100.0,   23.0,   2.0,   4.0,     6.0,    12.0, 1.0    ,     0.0,     1.0,     0.0,     0.0,     0.0,    33.0
milleco01, 1993,     1, NJD , NHL , C  , 78.0, 20.0,  30.0,  50.0,  52.0, 24.0 ,  4.0,  7.0,  0.0,  0.0,  3.0, 1.0, 132.0,    7.0,   1.0,   0.0,     1.0,     2.0, 0.0    ,     0.0,     0.0,     0.0,     0.0,     1.0,     7.0
milleco01, 1994,     1, NJD , NHL , C  , 17.0,  2.0,   3.0,   5.0,   8.0, 2.0  ,  0.0,  0.0,  0.0,  0.0,  0.0, 0.0,  30.0,       ,      ,      ,        ,        ,        ,        ,        ,        ,        ,        ,      
milleco01, 1994,     2, DAL , NHL , C  , 28.0,  3.0,  15.0,  18.0,  28.0, 4.0  ,  1.0,  3.0,  0.0,  0.0,  0.0, 0.0,  44.0,    5.0,   1.0,   0.0,     1.0,     2.0, -1.0   ,     0.0,     0.0,     0.0,     0.0,     0.0,     2.0
milleco01, 1995,     1, DAL , NHL , C  , 13.0,  3.0,   4.0,   7.0,   8.0, 0.0  ,  1.0,  1.0,  0.0,  0.0,  0.0, 1.0,  25.0,       ,      ,      ,        ,        ,        ,        ,        ,        ,        ,        ,      
milleco01, 1995,     2, CAL , NHL , C  , 31.0,  4.0,  10.0,  14.0,  10.0, 8.0  ,  1.0,  2.0,  0.0,  0.0,  1.0, 0.0,  48.0,       ,      ,      ,        ,        ,        ,        ,        ,        ,        ,        ,      
milleco01, 1996,     1, CAL , NHL , C  , 61.0, 11.0,  15.0,  26.0,  32.0, -19.0,  1.0,  6.0,  0.0,  0.0,  0.0, 0.0,  82.0,       ,      ,      ,        ,        ,        ,        ,        ,        ,        ,        ,      
milledr01, 2006,     1, AND , NHL , L  ,     ,     ,      ,      ,      ,      ,     ,     ,     ,     ,     ,    ,      ,    3.0,   0.0,   0.0,     0.0,     2.0, 1.0    ,     0.0,     0.0,     0.0,     0.0,     0.0,     3.0
milledr01, 2007,     1, AND , NHL , L  , 26.0,  2.0,   3.0,   5.0,   6.0, -1.0 ,  0.0,  0.0,  0.0,  0.0,  0.0,    ,  30.0,       ,      ,      ,        ,        ,        ,        ,        ,        ,        ,        ,      
milledr01, 2008,     1, AND , NHL , L  , 27.0,  4.0,   6.0,  10.0,  17.0, 0.0  ,  0.0,  0.0,  0.0,  1.0,  0.0,    ,  45.0,   13.0,   2.0,   1.0,     3.0,     2.0, 1.0    ,     0.0,     0.0,     0.0,     0.0,     1.0,    23.0
milledr01, 2009,     1, TBL , NHL , L  , 14.0,  0.0,   0.0,   0.0,   2.0, -3.0 ,  0.0,  0.0,  0.0,  0.0,  0.0,    ,  10.0,       ,      ,      ,        ,        ,        ,        ,        ,        ,        ,        ,      
milledr01, 2009,     2, DET , NHL , L  , 66.0, 10.0,   9.0,  19.0,  10.0, 5.0  ,  1.0,  3.0,  1.0,  0.0,  3.0,    ,  93.0,   12.0,   1.0,   1.0,     2.0,     4.0, 2.0    ,     0.0,     0.0,     0.0,     0.0,     0.0,    13.0
milleea01, 1927,     1, CHI , NHL , L  , 21.0,  1.0,   1.0,   2.0,  32.0,      ,     ,     ,     ,     ,     ,    ,      ,       ,      ,      ,        ,        ,        ,        ,        ,        ,        ,        ,      
milleea01, 1928,     1, CHI , NHL , L  , 17.0,  1.0,   1.0,   2.0,  24.0,      ,     ,     ,     ,     ,     ,    ,      ,       ,      ,      ,        ,        ,        ,        ,        ,        ,        ,        ,      
milleea01, 1929,     1, CHI , NHL , L  , 28.0, 11.0,   5.0,  16.0,  50.0,      ,     ,     ,     ,     ,     ,    ,      ,    2.0,   1.0,   0.0,     1.0,     6.0,        ,        ,        ,        ,        ,        ,      
milleea01, 1930,     1, CHI , NHL , L  , 19.0,  3.0,   4.0,   7.0,   8.0,      ,     ,     ,     ,     ,     ,    ,      ,    1.0,   0.0,   0.0,     0.0,     0.0,        ,        ,        ,        ,        ,        ,      
milleea01, 1931,     1, CHI , NHL , L  ,  9.0,  0.0,   0.0,   0.0,   2.0,      ,     ,     ,     ,     ,     ,    ,      ,       ,      ,      ,        ,        ,        ,        ,        ,        ,        ,        ,      
milleea01, 1931,     2, TOR , NHL , L  , 15.0,  3.0,   3.0,   6.0,   8.0,      ,     ,     ,     ,     ,     ,    ,      ,    7.0,   0.0,   0.0,     0.0,     0.0,        ,        ,        ,        ,        ,        ,      
millegr01, 1978,     1, PIT , NHL , G  , 28.0,  0.0,   0.0,   0.0,   0.0, 0.0  ,  0.0,     ,  0.0,     ,  0.0, 0.0,   0.0,       ,      ,      ,        ,        ,        ,        ,        ,        ,        ,        ,      
millegr01, 1979,     1, PIT , NHL , G  , 44.0,  0.0,   3.0,   3.0,  14.0, 0.0  ,  0.0,     ,  0.0,     ,  0.0, 0.0,   0.0,    5.0,   0.0,   0.0,     0.0,     0.0,        ,     0.0,        ,     0.0,        ,     0.0,      
millegr01, 1980,     1, PIT , NHL , G  , 63.0,  0.0,   2.0,   2.0,   6.0, 0.0  ,  0.0,     ,  0.0,     ,  0.0, 0.0,   0.0,    5.0,   0.0,   0.0,     0.0,     0.0,        ,     0.0,        ,     0.0,        ,     0.0,      
millegr01, 1981,     1, HAR , NHL , G  , 55.0,  0.0,   0.0,   0.0,   2.0, 0.0  ,  0.0,     ,  0.0,     ,  0.0, 0.0,   0.0,       ,      ,      ,        ,        ,        ,        ,        ,        ,        ,        ,      
millegr01, 1982,     1, HAR , NHL , G  , 60.0,  0.0,   2.0,   2.0,   8.0, 0.0  ,  0.0,     ,  0.0,     ,  0.0, 0.0,   0.0,       ,      ,      ,        ,        ,        ,        ,        ,        ,        ,        ,      
millegr01, 1983,     1, HAR , NHL , G  , 60.0,  0.0,   3.0,   3.0,  10.0, 0.0  ,  0.0,     ,  0.0,     ,  0.0, 0.0,   0.0,       ,      ,      ,        ,        ,        ,        ,        ,        ,        ,        ,      
millegr01, 1984,     1, HAR , NHL , G  , 44.0,  0.0,   0.0,   0.0,   4.0, 0.0  ,  0.0,     ,  0.0,     ,  0.0, 0.0,   0.0,       ,      ,      ,        ,        ,        ,        ,        ,        ,        ,        ,      
millegr01, 1984,     2, STL , NHL , G  , 10.0,  0.0,   0.0,   0.0,   0.0, 0.0  ,  0.0,     ,  0.0,     ,  0.0, 0.0,   0.0,    1.0,   0.0,   0.0,     0.0,     2.0, 0.0    ,     0.0,        ,     0.0,        ,     0.0,     1.0
millegr01, 1985,     1, STL , NHL , G  , 36.0,  0.0,   1.0,   1.0,   8.0, 0.0  ,  0.0,     ,  0.0,     ,  0.0, 0.0,   0.0,   10.0,   0.0,   0.0,     0.0,     0.0, 0.0    ,     0.0,        ,     0.0,        ,     0.0,     0.0
millegr01, 1986,     1, STL , NHL , G  , 42.0,  0.0,   2.0,   2.0,  12.0, 0.0  ,  0.0,     ,  0.0,     ,  0.0, 0.0,   0.0,    4.0,   0.0,   0.0,     0.0,     0.0, 0.0    ,     0.0,        ,     0.0,        ,     0.0,     0.0
millegr01, 1987,     1, STL , NHL , G  , 48.0,  0.0,   0.0,   0.0,   4.0, 0.0  ,  0.0,  0.0,  0.0,  0.0,  0.0, 0.0,   0.0,   10.0,   0.0,   0.0,     0.0,     2.0, 0.0    ,     0.0,     0.0,     0.0,     0.0,     0.0,     0.0
millegr01, 1988,     1, STL , NHL , G  , 52.0,  0.0,   0.0,   0.0,   4.0, 0.0  ,  0.0,  0.0,  0.0,  0.0,  0.0, 0.0,   0.0,   10.0,   0.0,   0.0,     0.0,     2.0, 0.0    ,     0.0,     0.0,     0.0,     0.0,     0.0,     0.0
millegr01, 1989,     1, STL , NHL , G  , 21.0,  0.0,   0.0,   0.0,   0.0, 0.0  ,  0.0,  0.0,  0.0,  0.0,  0.0, 0.0,   0.0,       ,      ,      ,        ,        ,        ,        ,        ,        ,        ,        ,      
millegr01, 1989,     2, QUE , NHL , G  , 18.0,  0.0,   0.0,   0.0,   0.0, 0.0  ,  0.0,  0.0,  0.0,  0.0,  0.0, 0.0,   0.0,       ,      ,      ,        ,        ,        ,        ,        ,        ,        ,        ,      
millegr01, 1989,     3, CHI , NHL , G  , 10.0,  0.0,   1.0,   1.0,   0.0, 0.0  ,  0.0,     ,  0.0,     ,  0.0, 0.0,   0.0,   14.0,   0.0,   0.0,     0.0,     4.0, 0.0    ,     0.0,     0.0,     0.0,     0.0,     0.0,     0.0
millegr01, 1990,     1, CHI , NHL , G  ,  3.0,  0.0,   0.0,   0.0,   0.0, 0.0  ,  0.0,  0.0,  0.0,  0.0,  0.0, 0.0,   0.0,       ,      ,      ,        ,        ,        ,        ,        ,        ,        ,        ,      
millegr01, 1991,     1, DET , NHL , G  , 10.0,  0.0,   0.0,   0.0,   0.0, 0.0  ,  0.0,  0.0,  0.0,  0.0,  0.0, 0.0,   0.0,       ,      ,      ,        ,        ,        ,        ,        ,        ,        ,        ,      
milleha01, 1909,     1, REN , NHA ,    ,  9.0, 10.0,   0.0,  10.0,  56.0,      ,     ,     ,     ,     ,     ,    ,      ,       ,      ,      ,        ,        ,        ,        ,        ,        ,        ,        ,      
milleja01, 1949,     1, CHI , NHL , C  ,  6.0,  0.0,   0.0,   0.0,   0.0,      ,     ,     ,     ,     ,     ,    ,      ,       ,      ,      ,        ,        ,        ,        ,        ,        ,        ,        ,      
milleja01, 1950,     1, CHI , NHL , C  , 11.0,  0.0,   0.0,   0.0,   4.0,      ,     ,     ,     ,     ,     ,    ,      ,       ,      ,      ,        ,        ,        ,        ,        ,        ,        ,        ,      
milleja02, 1985,     1, BOS , NHL , L  , 46.0,  3.0,   0.0,   3.0, 178.0, -3.0 ,  0.0,     ,  0.0,     ,  0.0, 1.0,  21.0,    2.0,   0.0,   0.0,     0.0,    17.0, -1.0   ,     0.0,        ,     0.0,        ,     0.0,     1.0
milleja02, 1986,     1, BOS , NHL , L  , 55.0,  1.0,   4.0,   5.0, 208.0, -11.0,  0.0,     ,  0.0,     ,  0.0, 0.0,  27.0,       ,      ,      ,        ,        ,        ,        ,        ,        ,        ,        ,      
milleja02, 1987,     1, BOS , NHL , L  , 78.0,  7.0,  12.0,  19.0, 304.0, -5.0 ,  0.0,  0.0,  0.0,  0.0,  1.0, 0.0,  44.0,   12.0,   0.0,   0.0,     0.0,   124.0, 2.0    ,     0.0,     0.0,     0.0,     0.0,     0.0,     7.0
milleja02, 1988,     1, BOS , NHL , L  , 37.0,  2.0,   4.0,   6.0, 168.0, -6.0 ,  0.0,  0.0,  0.0,  0.0,  0.0, 0.0,  14.0,       ,      ,      ,        ,        ,        ,        ,        ,        ,        ,        ,      
milleja02, 1988,     2, LAK , NHL , L  , 29.0,  5.0,   3.0,   8.0, 133.0, -3.0 ,  0.0,  0.0,  0.0,  0.0,  0.0, 0.0,  16.0,   11.0,   0.0,   1.0,     1.0,    63.0, -4.0   ,     0.0,     0.0,     0.0,     0.0,     0.0,     6.0
milleja02, 1989,     1, LAK , NHL , L  , 68.0, 10.0,   2.0,  12.0, 224.0, -6.0 ,  0.0,  0.0,  0.0,  0.0,  1.0, 0.0,  44.0,   10.0,   1.0,   1.0,     2.0,    10.0, -6.0   ,     0.0,     0.0,     0.0,     0.0,     0.0,     1.0
milleja02, 1990,     1, LAK , NHL , L  , 66.0,  8.0,  12.0,  20.0, 259.0, 9.0  ,  1.0,  2.0,  0.0,  0.0,  0.0, 0.0,  35.0,    8.0,   0.0,   0.0,     0.0,    17.0, -1.0   ,     0.0,     0.0,     0.0,     0.0,     0.0,     2.0
milleja02, 1991,     1, LAK , NHL , L  , 67.0,  4.0,   7.0,  11.0, 249.0, -8.0 ,  0.0,  0.0,  0.0,  0.0,  0.0, 0.0,  32.0,    5.0,   1.0,   1.0,     2.0,    12.0, 2.0    ,     0.0,     0.0,     0.0,     0.0,     0.0,     3.0
milleja03, 1990,     1, NJD , NHL , C  ,  1.0,  0.0,   0.0,   0.0,   0.0, 1.0  ,  0.0,  0.0,  0.0,  0.0,  0.0, 0.0,   0.0,       ,      ,      ,        ,        ,        ,        ,        ,        ,        ,        ,      
milleja03, 1991,     1, NJD , NHL , C  ,  3.0,  0.0,   0.0,   0.0,   0.0, 0.0  ,  0.0,  0.0,  0.0,  0.0,  0.0, 0.0,   1.0,       ,      ,      ,        ,        ,        ,        ,        ,        ,        ,        ,      
milleja03, 1992,     1, NJD , NHL , C  ,  2.0,  0.0,   0.0,   0.0,   0.0, -1.0 ,  0.0,  0.0,  0.0,  0.0,  0.0, 0.0,   1.0,       ,      ,      ,        ,        ,        ,        ,        ,        ,        ,        ,      
millejo01, 1927,     1, NYA , NHL , G  , 28.0,  0.0,   0.0,   0.0,   0.0,      ,     ,     ,     ,     ,     ,    ,      ,       ,      ,      ,        ,        ,        ,        ,        ,        ,        ,        ,      
millejo01, 1927,     2, NYR , NHL , G  ,     ,     ,      ,      ,      ,      ,     ,     ,     ,     ,     ,    ,      ,    3.0,   0.0,   0.0,     0.0,     0.0,        ,        ,        ,        ,        ,        ,      
millejo01, 1928,     1, PIP , NHL , G  , 44.0,  0.0,   0.0,   0.0,   0.0,      ,     ,     ,     ,     ,     ,    ,      ,       ,      ,      ,        ,        ,        ,        ,        ,        ,        ,        ,      
millejo01, 1929,     1, PIP , NHL , G  , 43.0,  0.0,   0.0,   0.0,   0.0,      ,     ,     ,     ,     ,     ,    ,      ,       ,      ,      ,        ,        ,        ,        ,        ,        ,        ,        ,      
millejo01, 1930,     1, PHQ , NHL , G  , 12.0,  0.0,   0.0,   0.0,   0.0,      ,     ,     ,     ,     ,     ,    ,      ,       ,      ,      ,        ,        ,        ,        ,        ,        ,        ,        ,      
milleke01, 1984,     1, NYR , NHL , L  ,  5.0,  0.0,   2.0,   2.0,   2.0, -2.0 ,  0.0,     ,  0.0,     ,  0.0, 0.0,   5.0,    3.0,   0.0,   0.0,     0.0,     2.0, -1.0   ,     0.0,        ,     0.0,        ,     0.0,     4.0
milleke01, 1985,     1, NYR , NHL , L/C, 74.0, 13.0,  20.0,  33.0,  52.0, 3.0  ,  0.0,     ,  1.0,     ,  3.0, 0.0, 112.0,   16.0,   3.0,   4.0,     7.0,     4.0, -1.0   ,     0.0,        ,     1.0,        ,     0.0,    17.0
milleke01, 1986,     1, NYR , NHL , L  , 38.0,  6.0,  14.0,  20.0,  22.0, -5.0 ,  2.0,     ,  0.0,     ,  1.0, 0.0,  58.0,       ,      ,      ,        ,        ,        ,        ,        ,        ,        ,        ,      
milleke01, 1986,     2, WAS , NHL , L  , 39.0, 10.0,  12.0,  22.0,  26.0, 10.0 ,  3.0,     ,  1.0,     ,  0.0, 0.0,  50.0,    7.0,   2.0,   2.0,     4.0,     0.0, 2.0    ,     0.0,        ,     0.0,        ,     0.0,    12.0
milleke01, 1987,     1, WAS , NHL , C  , 80.0,  9.0,  23.0,  32.0,  35.0, 9.0  ,  0.0,  0.0,  1.0,  1.0,  3.0, 0.0,  96.0,   14.0,   4.0,   4.0,     8.0,    10.0, 6.0    ,     0.0,     0.0,     1.0,     1.0,     1.0,    13.0
milleke01, 1988,     1, WAS , NHL , L  , 78.0, 19.0,  21.0,  40.0,  45.0, 13.0 ,  2.0,  2.0,  1.0,  1.0,  3.0, 0.0, 121.0,    6.0,   1.0,   0.0,     1.0,     2.0, -6.0   ,     0.0,     0.0,     0.0,     0.0,     1.0,    14.0
milleke01, 1989,     1, WAS , NHL , L  , 80.0, 18.0,  22.0,  40.0,  49.0, -2.0 ,  3.0,  2.0,  2.0,  2.0,  2.0, 0.0, 107.0,   15.0,   3.0,   5.0,     8.0,    23.0, 3.0    ,     0.0,     0.0,     1.0,     0.0,     0.0,    26.0
milleke01, 1990,     1, WAS , NHL , L  , 80.0, 24.0,  26.0,  50.0,  29.0, 10.0 ,  4.0,  6.0,  2.0,  5.0,  3.0, 1.0, 155.0,   11.0,   4.0,   2.0,     6.0,     6.0, 0.0    ,     0.0,     1.0,     1.0,     0.0,     0.0,    27.0
milleke01, 1991,     1, WAS , NHL , L  , 78.0, 14.0,  38.0,  52.0,  49.0, 20.0 ,  0.0,  2.0,  1.0,  4.0,  3.0, 0.0, 144.0,    7.0,   1.0,   2.0,     3.0,     4.0, 2.0    ,     0.0,     0.0,     0.0,     0.0,     0.0,     9.0
milleke01, 1992,     1, WAS , NHL , L  , 84.0, 18.0,  27.0,  45.0,  32.0, -2.0 ,  3.0,  1.0,  0.0,  3.0,  3.0, 0.0, 144.0,    6.0,   0.0,   3.0,     3.0,     2.0, -7.0   ,     0.0,     2.0,     0.0,     0.0,     0.0,    11.0
milleke01, 1993,     1, WAS , NHL , L  , 84.0, 14.0,  25.0,  39.0,  32.0, 8.0  ,  0.0,  1.0,  1.0,  3.0,  3.0, 0.0, 138.0,   11.0,   2.0,   7.0,     9.0,     0.0, 3.0    ,     1.0,     0.0,     1.0,     1.0,     0.0,    11.0
milleke01, 1994,     1, WAS , NHL , R  , 48.0, 10.0,  13.0,  23.0,   6.0, 5.0  ,  2.0,  3.0,  0.0,  1.0,  1.0, 0.0,  70.0,    7.0,   0.0,   3.0,     3.0,     4.0, -2.0   ,     0.0,     0.0,     0.0,     0.0,     0.0,     5.0
milleke01, 1995,     1, WAS , NHL , R  , 74.0,  7.0,  13.0,  20.0,  30.0, 7.0  ,  0.0,  1.0,  2.0,  1.0,  1.0, 0.0,  93.0,    6.0,   0.0,   1.0,     1.0,     4.0, -1.0   ,     0.0,     0.0,     0.0,     0.0,     0.0,    11.0
milleke01, 1996,     1, WAS , NHL , R  , 77.0, 10.0,  14.0,  24.0,  33.0, 4.0  ,  0.0,  0.0,  1.0,  1.0,  3.0, 0.0,  95.0,       ,      ,      ,        ,        ,        ,        ,        ,        ,        ,        ,      
milleke01, 1997,     1, WAS , NHL , R  , 76.0,  7.0,   7.0,  14.0,  41.0, -2.0 ,  0.0,  0.0,  3.0,  0.0,  3.0, 1.0,  68.0,   10.0,   0.0,   1.0,     1.0,     4.0, 2.0    ,     0.0,     0.0,     0.0,     0.0,     0.0,     8.0
milleke01, 1998,     1, WAS , NHL , L  , 62.0,  2.0,   5.0,   7.0,  29.0, -5.0 ,  0.0,  0.0,  0.0,  0.0,  1.0, 0.0,  49.0,       ,      ,      ,        ,        ,        ,        ,        ,        ,        ,        ,      
milleke02, 1988,     1, NYR , NHL , R  , 24.0,  3.0,   5.0,   8.0,   2.0, -1.0 ,  0.0,  0.0,  0.0,  0.0,  1.0, 0.0,  40.0,       ,      ,      ,        ,        ,        ,        ,        ,        ,        ,        ,      
milleke02, 1989,     1, NYR , NHL , C  , 16.0,  0.0,   5.0,   5.0,   2.0, -1.0 ,  0.0,  0.0,  0.0,  0.0,  0.0, 0.0,   9.0,    1.0,   0.0,   0.0,     0.0,     0.0, -1.0   ,     0.0,     0.0,     0.0,     0.0,     0.0,     0.0
milleke02, 1990,     1, NYR , NHL , R  , 63.0, 17.0,  27.0,  44.0,  63.0, 1.0  ,  1.0,  3.0,  2.0,  1.0,  3.0, 0.0, 113.0,       ,      ,      ,        ,        ,        ,        ,        ,        ,        ,        ,      
milleke02, 1990,     2, DET , NHL , R  , 11.0,  5.0,   2.0,   7.0,   4.0, -4.0 ,  0.0,  1.0,  1.0,  0.0,  0.0, 0.0,  23.0,    7.0,   3.0,   2.0,     5.0,    20.0, 0.0    ,     0.0,     0.0,     1.0,     0.0,     0.0,    11.0
milleke02, 1991,     1, DET , NHL , R  , 80.0, 20.0,  26.0,  46.0,  53.0, 6.0  ,  3.0,  4.0,  1.0,  2.0,  4.0, 0.0, 130.0,    9.0,   0.0,   2.0,     2.0,     4.0, -4.0   ,     0.0,     2.0,     0.0,     0.0,     0.0,    13.0
milleke02, 1992,     1, WAS , NHL , L  , 10.0,  0.0,   3.0,   3.0,  35.0, -4.0 ,  0.0,  0.0,  0.0,  0.0,  0.0, 0.0,  10.0,       ,      ,      ,        ,        ,        ,        ,        ,        ,        ,        ,      
milleke02, 1992,     2, STL , NHL , L  , 72.0, 24.0,  22.0,  46.0,  65.0, 6.0  ,  8.0,  3.0,  3.0,  2.0,  4.0, 2.0, 153.0,   10.0,   0.0,   3.0,     3.0,    11.0, -5.0   ,     0.0,     1.0,     0.0,     0.0,     0.0,    21.0
milleke02, 1993,     1, STL , NHL , R  , 75.0, 23.0,  25.0,  48.0,  83.0, 6.0  ,  6.0,  7.0,  3.0,  2.0,  5.0, 0.0, 154.0,    3.0,   1.0,   0.0,     1.0,     4.0, 0.0    ,     0.0,     0.0,     1.0,     0.0,     0.0,     5.0
milleke02, 1994,     1, STL , NHL , L  , 15.0,  2.0,   5.0,   7.0,   0.0, 4.0  ,  0.0,  0.0,  0.0,  0.0,  0.0, 0.0,  19.0,       ,      ,      ,        ,        ,        ,        ,        ,        ,        ,        ,      
milleke02, 1994,     2, SJS , NHL , L  , 21.0,  6.0,   7.0,  13.0,  13.0, 0.0  ,  1.0,  1.0,  1.0,  0.0,  2.0, 0.0,  41.0,    6.0,   0.0,   0.0,     0.0,     2.0, -3.0   ,     0.0,     0.0,     0.0,     0.0,     0.0,     7.0
milleke02, 1995,     1, SJS , NHL , L  , 68.0, 22.0,  20.0,  42.0,  41.0, -8.0 ,  2.0,  9.0,  2.0,  3.0,  2.0, 2.0, 146.0,       ,      ,      ,        ,        ,        ,        ,        ,        ,        ,        ,      
milleke02, 1995,     2, PIT , NHL , L  , 13.0,  6.0,   5.0,  11.0,   4.0, 4.0  ,  1.0,  1.0,  0.0,  0.0,  0.0, 0.0,  33.0,   18.0,   3.0,   2.0,     5.0,     8.0, -6.0   ,     0.0,     0.0,     0.0,     0.0,     0.0,    36.0
milleke02, 1996,     1, CHI , NHL , R  , 69.0, 14.0,  17.0,  31.0,  41.0, -10.0,  5.0,  4.0,  1.0,  0.0,  2.0, 0.0, 139.0,    6.0,   0.0,   1.0,     1.0,     0.0, 0.0    ,     0.0,     0.0,     0.0,     1.0,     0.0,    10.0
milleke02, 1997,     1, CHI , NHL , R  , 37.0,  4.0,   7.0,  11.0,   8.0, -4.0 ,  0.0,  0.0,  0.0,  0.0,  1.0, 0.0,  37.0,       ,      ,      ,        ,        ,        ,        ,        ,        ,        ,        ,      
milleke02, 1998,     1, NYI , NHL , C  , 33.0,  1.0,   5.0,   6.0,  13.0, -5.0 ,  0.0,  0.0,  0.0,  0.0,  0.0, 0.0,  37.0,       ,      ,      ,        ,        ,        ,        ,        ,        ,        ,        ,      
milleke02, 1999,     1, OTT , NHL , R  ,  9.0,  3.0,   2.0,   5.0,   2.0, 1.0  ,  1.0,  0.0,  0.0,  0.0,  2.0, 0.0,  11.0,    1.0,   0.0,   0.0,     0.0,     0.0, 0.0    ,     0.0,     0.0,     0.0,     0.0,     0.0,     0.0
milleke02, 2003,     1, DET , NHL , R  ,  4.0,  0.0,   2.0,   2.0,   0.0, 2.0  ,  0.0,  0.0,  0.0,  0.0,  0.0, 0.0,   2.0,       ,      ,      ,        ,        ,        ,        ,        ,        ,        ,        ,      
milleki01, 1990,     1, QUE , NHL , C  , 13.0,  4.0,   3.0,   7.0,   7.0, -1.0 ,  0.0,  0.0,  0.0,  0.0,  0.0, 1.0,  16.0,       ,      ,      ,        ,        ,        ,        ,        ,        ,        ,        ,      
milleki01, 1991,     1, QUE , NHL , C  , 36.0,  5.0,  10.0,  15.0,  12.0, -21.0,  1.0,  1.0,  0.0,  0.0,  2.0, 0.0,  46.0,       ,      ,      ,        ,        ,        ,        ,        ,        ,        ,        ,      
milleki01, 1991,     2, MNS , NHL , C  ,  3.0,  1.0,   2.0,   3.0,   2.0, -1.0 ,  1.0,  1.0,  0.0,  0.0,  0.0, 0.0,   3.0,       ,      ,      ,        ,        ,        ,        ,        ,        ,        ,        ,      
milleki01, 1993,     1, SJS , NHL , C  , 11.0,  2.0,   2.0,   4.0,   6.0, -1.0 ,  0.0,  1.0,  0.0,  0.0,  0.0, 0.0,  21.0,       ,      ,      ,        ,        ,        ,        ,        ,        ,        ,        ,      
milleki01, 1994,     1, NYI , NHL , C  ,  8.0,  0.0,   1.0,   1.0,   0.0, 1.0  ,  0.0,  0.0,  0.0,  0.0,  0.0, 0.0,  11.0,       ,      ,      ,        ,        ,        ,        ,        ,        ,        ,        ,      
milleki01, 1995,     1, CHI , NHL , C  , 10.0,  1.0,   4.0,   5.0,   2.0, 1.0  ,  0.0,  3.0,  0.0,  0.0,  0.0, 1.0,  12.0,       ,      ,      ,        ,        ,        ,        ,        ,        ,        ,        ,      
milleki01, 1997,     1, NYI , NHL , C  ,  9.0,  1.0,   3.0,   4.0,   2.0, -2.0 ,  0.0,  1.0,  0.0,  0.0,  0.0, 0.0,  11.0,       ,      ,      ,        ,        ,        ,        ,        ,        ,        ,        ,      
milleki01, 1998,     1, PIT , NHL , C  , 77.0, 19.0,  23.0,  42.0,  22.0, 1.0  ,  1.0,  5.0,  0.0,  0.0,  4.0, 0.0, 125.0,   13.0,   2.0,   7.0,     9.0,    19.0, -1.0   ,     1.0,     1.0,     0.0,     0.0,     0.0,    18.0
milleki01, 1999,     1, PIT , NHL , C  , 44.0,  4.0,  15.0,  19.0,  10.0, -1.0 ,  0.0,  2.0,  0.0,  0.0,  1.0, 0.0,  50.0,       ,      ,      ,        ,        ,        ,        ,        ,        ,        ,        ,      
milleki01, 1999,     2, ANA , NHL , C  , 30.0,  6.0,  17.0,  23.0,   4.0, 1.0  ,  2.0,  5.0,  0.0,  0.0,  1.0, 0.0,  32.0,       ,      ,      ,        ,        ,        ,        ,        ,        ,        ,        ,      
milleki01, 2000,     1, PIT , NHL , L  , 33.0,  3.0,   8.0,  11.0,   6.0, 0.0  ,  1.0,  0.0,  0.0,  0.0,  0.0, 0.0,  38.0,       ,      ,      ,        ,        ,        ,        ,        ,        ,        ,        ,      
milleki01, 2001,     1, NYI , NHL , C  , 37.0,  7.0,  17.0,  24.0,   6.0, 2.0  ,  2.0,  7.0,  0.0,  0.0,  1.0, 0.0,  52.0,    7.0,   4.0,   2.0,     6.0,     2.0, -2.0   ,     2.0,     1.0,     0.0,     0.0,     1.0,     8.0
milleki01, 2002,     1, WAS , NHL , C  , 72.0, 12.0,  38.0,  50.0,  18.0, -1.0 ,  3.0, 14.0,  0.0,  1.0,  4.0, 0.0,  89.0,    5.0,   0.0,   2.0,     2.0,     2.0, 0.0    ,     0.0,     0.0,     0.0,     0.0,     0.0,     1.0
milleki01, 2003,     1, WAS , NHL , L  , 66.0,  9.0,  22.0,  31.0,   8.0, -10.0,  6.0,  8.0,  0.0,  0.0,  2.0, 0.0,  74.0,       ,      ,      ,        ,        ,        ,        ,        ,        ,        ,        ,      
milleno01, 2001,     1, BUF , NHL , R  ,  5.0,  0.0,   1.0,   1.0,   0.0, 0.0  ,  0.0,  0.0,  0.0,  0.0,  0.0, 0.0,  10.0,       ,      ,      ,        ,        ,        ,        ,        ,        ,        ,        ,      
milleno01, 2002,     1, BUF , NHL , R  ,  8.0,  0.0,   2.0,   2.0,   6.0, -2.0 ,  0.0,  0.0,  0.0,  0.0,  0.0, 0.0,   8.0,       ,      ,      ,        ,        ,        ,        ,        ,        ,        ,        ,      
milleno01, 2003,     1, BUF , NHL , R  ,  2.0,  0.0,   0.0,   0.0,   2.0, 0.0  ,  0.0,  0.0,  0.0,  0.0,  0.0, 0.0,   2.0,       ,      ,      ,        ,        ,        ,        ,        ,        ,        ,        ,      
milleno01, 2005,     1, TBL , NHL , R  , 14.0,  2.0,   1.0,   3.0,   4.0, -2.0 ,  1.0,  0.0,  0.0,  0.0,  0.0,    ,  12.0,       ,      ,      ,        ,        ,        ,        ,        ,        ,        ,        ,      
millepa01, 1981,     1, COR , NHL , C  ,  3.0,  0.0,   3.0,   3.0,   0.0, 2.0  ,  0.0,     ,  0.0,     ,  0.0, 0.0,   0.0,       ,      ,      ,        ,        ,        ,        ,        ,        ,        ,        ,      
millepe01, 1974,     1, WIJ , WHA , D  , 67.0,  9.0,  19.0,  28.0, 133.0, -22.0,  0.0,     ,  1.0,     ,     ,    ,  99.0,       ,      ,      ,        ,        ,        ,        ,        ,        ,        ,        ,      
millepe01, 1975,     1, WIJ , WHA , D  , 45.0,  7.0,   6.0,  13.0,  37.0, 8.0  ,  1.0,     ,  0.0,     ,  0.0,    ,  42.0,       ,      ,      ,        ,        ,        ,        ,        ,        ,        ,        ,      
millepe01, 1975,     2, MFS , WHA , D  , 13.0,  1.0,   4.0,   5.0,  11.0, -5.0 ,  0.0,     ,  0.0,     ,  0.0,    ,  15.0,       ,      ,      ,        ,        ,        ,        ,        ,        ,        ,        ,      
millepe01, 1975,     3, WIJ , WHA , D  ,  2.0,  0.0,   0.0,   0.0,   4.0,      ,  0.0,     ,  0.0,     ,  0.0,    ,      ,       ,      ,      ,        ,        ,        ,        ,        ,        ,        ,        ,      
millepe01, 1976,     1, WIJ , WHA , D  , 74.0, 14.0,  31.0,  45.0, 124.0, 27.0 ,  5.0,     ,  1.0,     ,     ,    , 154.0,   20.0,   4.0,   6.0,    10.0,    27.0, -6.0   ,        ,        ,        ,        ,     0.0,      
millepe01, 1977,     1, DET , NHL , D  , 62.0,  4.0,  17.0,  21.0, 120.0, -5.0 ,  0.0,     ,  1.0,     ,  1.0, 0.0, 122.0,       ,      ,      ,        ,        ,        ,        ,        ,        ,        ,        ,      
millepe01, 1978,     1, DET , NHL , D  , 75.0,  5.0,  23.0,  28.0, 156.0, -13.0,  3.0,     ,  0.0,     ,  1.0, 0.0, 122.0,       ,      ,      ,        ,        ,        ,        ,        ,        ,        ,        ,      
millepe01, 1979,     1, DET , NHL , D  , 16.0,  0.0,   3.0,   3.0,  41.0, -4.0 ,  0.0,     ,  0.0,     ,  0.0, 0.0,  13.0,       ,      ,      ,        ,        ,        ,        ,        ,        ,        ,        ,      
millepe01, 1980,     1, DET , NHL , D  , 64.0,  1.0,   8.0,   9.0,  70.0, -18.0,  0.0,     ,  0.0,     ,  0.0, 0.0,  54.0,       ,      ,      ,        ,        ,        ,        ,        ,        ,        ,        ,      
millery01, 2002,     1, BUF , NHL , G  , 15.0,  0.0,   0.0,   0.0,   0.0, 0.0  ,  0.0,  0.0,  0.0,  0.0,  0.0, 0.0,   0.0,       ,      ,      ,        ,        ,        ,        ,        ,        ,        ,        ,      
millery01, 2003,     1, BUF , NHL , G  ,  3.0,  0.0,   0.0,   0.0,   0.0, 0.0  ,  0.0,  0.0,  0.0,  0.0,  0.0, 0.0,   0.0,       ,      ,      ,        ,        ,        ,        ,        ,        ,        ,        ,      
millery01, 2005,     1, BUF , NHL , G  , 48.0,  0.0,   2.0,   2.0,   0.0, 0.0  ,  0.0,  1.0,  0.0,  1.0,  0.0,    ,   0.0,   18.0,   0.0,   0.0,     0.0,     2.0, 0.0    ,     0.0,     0.0,     0.0,     0.0,     0.0,     0.0
millery01, 2006,     1, BUF , NHL , G  , 63.0,  0.0,   2.0,   2.0,   2.0, 0.0  ,  0.0,  1.0,  0.0,  0.0,  0.0,    ,   0.0,   16.0,   0.0,   0.0,     0.0,     2.0, 0.0    ,     0.0,     0.0,     0.0,     0.0,     0.0,     0.0
millery01, 2007,     1, BUF , NHL , G  , 76.0,  0.0,   1.0,   1.0,   6.0, 0.0  ,  0.0,  1.0,  0.0,  0.0,  0.0,    ,   0.0,       ,      ,      ,        ,        ,        ,        ,        ,        ,        ,        ,      
millery01, 2008,     1, BUF , NHL , G  , 59.0,  0.0,   0.0,   0.0,   4.0, 0.0  ,  0.0,  0.0,  0.0,  0.0,  0.0,    ,   0.0,       ,      ,      ,        ,        ,        ,        ,        ,        ,        ,        ,      
millery01, 2009,     1, BUF , NHL , G  , 69.0,  0.0,   0.0,   0.0,   4.0, 0.0  ,  0.0,  0.0,  0.0,  0.0,  0.0,    ,   0.0,    6.0,   0.0,   0.0,     0.0,     2.0, 0.0    ,     0.0,     0.0,     0.0,     0.0,     0.0,     0.0
milleto01, 1970,     1, DET , NHL , C  , 29.0,  1.0,   7.0,   8.0,   9.0, -18.0,  1.0,     ,  0.0,     ,  0.0, 0.0,  30.0,       ,      ,      ,        ,        ,        ,        ,        ,        ,        ,        ,      
milleto01, 1972,     1, NYI , NHL , C  , 69.0, 13.0,  17.0,  30.0,  21.0, -29.0,  2.0,     ,  0.0,     ,  1.0, 0.0,  92.0,       ,      ,      ,        ,        ,        ,        ,        ,        ,        ,        ,      
milleto01, 1973,     1, NYI , NHL , C  , 19.0,  2.0,   1.0,   3.0,   4.0, -3.0 ,  0.0,     ,  1.0,     ,  0.0, 0.0,  19.0,       ,      ,      ,        ,        ,        ,        ,        ,        ,        ,        ,      
milleto01, 1974,     1, NYI , NHL , C  ,  1.0,  0.0,   0.0,   0.0,   0.0, 0.0  ,  0.0,     ,  0.0,     ,  0.0, 0.0,   1.0,       ,      ,      ,        ,        ,        ,        ,        ,        ,        ,        ,      
millewa01, 1975,     1, CAC , WHA , R  ,  3.0,  0.0,   0.0,   0.0,   0.0, 0.0  ,  0.0,     ,  0.0,     ,  0.0,    ,   4.0,   10.0,   1.0,   0.0,     1.0,    28.0, -1.0   ,        ,        ,        ,        ,        ,      
millewa01, 1976,     1, CAC , WHA , R  , 80.0, 23.0,  32.0,  55.0,  51.0, 11.0 ,  2.0,     ,  0.0,     ,     ,    , 183.0,       ,      ,      ,        ,        ,        ,        ,        ,        ,        ,        ,      
millewa01, 1977,     1, EDO , WHA , R  , 18.0,  2.0,   4.0,   6.0,  18.0, 1.0  ,  0.0,     ,  0.0,     ,     ,    ,  28.0,       ,      ,      ,        ,        ,        ,        ,        ,        ,        ,        ,      
millewa01, 1977,     2, QUN , WHA , R  , 60.0, 14.0,  24.0,  38.0,  50.0, -26.0,  2.0,     ,  1.0,     ,     ,    , 121.0,   11.0,   0.0,   2.0,     2.0,     0.0, -3.0   ,        ,        ,        ,        ,     0.0,      
millewa01, 1978,     1, NEW , WHA , R  , 77.0, 26.0,  23.0,  49.0,  44.0, 7.0  ,  1.0,     ,  0.0,     ,     ,    , 153.0,   10.0,   0.0,   8.0,     8.0,    28.0, 5.0    ,        ,        ,        ,        ,     0.0,      
millewa01, 1979,     1, NYR , NHL , R  , 55.0,  7.0,   6.0,  13.0,  17.0, -6.0 ,  0.0,     ,  0.0,     ,  3.0, 0.0,  51.0,    6.0,   1.0,   0.0,     1.0,     0.0,        ,     0.0,        ,     0.0,        ,     0.0,      
millewa01, 1980,     1, HAR , NHL , R  , 77.0, 22.0,  22.0,  44.0,  37.0, -31.0,  3.0,     ,  3.0,     ,  1.0, 1.0, 160.0,       ,      ,      ,        ,        ,        ,        ,        ,        ,        ,        ,      
millewa01, 1981,     1, HAR , NHL , R  , 74.0, 10.0,  12.0,  22.0,  68.0, -14.0,  1.0,     ,  1.0,     ,  0.0, 2.0, 152.0,       ,      ,      ,        ,        ,        ,        ,        ,        ,        ,        ,      
millewa01, 1982,     1, HAR , NHL , R  , 56.0,  1.0,  10.0,  11.0,  15.0, -13.0,  0.0,     ,  0.0,     ,  0.0, 0.0,  75.0,       ,      ,      ,        ,        ,        ,        ,        ,        ,        ,        ,      
millewa02, 1912,     1, MOW , NHA ,    ,  9.0,  2.0,   0.0,   2.0,   2.0,      ,     ,     ,     ,     ,     ,    ,      ,       ,      ,      ,        ,        ,        ,        ,        ,        ,        ,        ,      
millewa02, 1913,     1, MOW , NHA ,    ,  1.0,  0.0,   0.0,   0.0,   0.0,      ,     ,     ,     ,     ,     ,    ,      ,       ,      ,      ,        ,        ,        ,        ,        ,        ,        ,        ,      
millewa02, 1913,     2, OT1 , NHA ,    ,  2.0,  0.0,   0.0,   0.0,   0.0,      ,     ,     ,     ,     ,     ,    ,      ,       ,      ,      ,        ,        ,        ,        ,        ,        ,        ,        ,      
millscr01, 1995,     1, WIN , NHL , R  ,  4.0,  0.0,   2.0,   2.0,   0.0, 0.0  ,  0.0,  0.0,  0.0,  0.0,  0.0, 0.0,   0.0,    1.0,   0.0,   0.0,     0.0,     0.0, 0.0    ,     0.0,     0.0,     0.0,     0.0,     0.0,     0.0
millscr01, 1997,     1, CHI , NHL , R  , 20.0,  0.0,   3.0,   3.0,  34.0, 1.0  ,  0.0,  0.0,  0.0,  0.0,  0.0, 0.0,   5.0,       ,      ,      ,        ,        ,        ,        ,        ,        ,        ,        ,      
millscr01, 1998,     1, CHI , NHL , R  ,  7.0,  0.0,   0.0,   0.0,   2.0, -2.0 ,  0.0,  0.0,  0.0,  0.0,  0.0, 0.0,   1.0,       ,      ,      ,        ,        ,        ,        ,        ,        ,        ,        ,      
milrodu01, 2006,     1, MTL , NHL , R  ,  5.0,  0.0,   1.0,   1.0,   0.0, -2.0 ,  0.0,  0.0,  0.0,  0.0,  0.0,    ,   6.0,       ,      ,      ,        ,        ,        ,        ,        ,        ,        ,        ,      
minarch01, 2007,     1, PIT , NHL , L  , 15.0,  1.0,   1.0,   2.0,  10.0, -1.0 ,  0.0,  1.0,  0.0,  0.0,  0.0,    ,   9.0,       ,      ,      ,        ,        ,        ,        ,        ,        ,        ,        ,      
minarch01, 2008,     1, PIT , NHL , L  , 20.0,  1.0,   2.0,   3.0,   4.0, 0.0  ,  0.0,  0.0,  0.0,  0.0,  1.0,    ,  33.0,       ,      ,      ,        ,        ,        ,        ,        ,        ,        ,        ,      
minarch01, 2009,     1, EDM , NHL , L  ,  5.0,  0.0,   1.0,   1.0,   0.0, -3.0 ,  0.0,  1.0,  0.0,  0.0,  0.0,    ,   4.0,       ,      ,      ,        ,        ,        ,        ,        ,        ,        ,        ,      
minarmi01, 1999,     1, EDM , NHL , G  ,  1.0,  0.0,   0.0,   0.0,   0.0, 0.0  ,  0.0,  0.0,  0.0,  0.0,  0.0, 0.0,   0.0,       ,      ,      ,        ,        ,        ,        ,        ,        ,        ,        ,      
minerjo01, 1987,     1, EDM , NHL , D  , 14.0,  2.0,   3.0,   5.0,  16.0, -4.0 ,  0.0,  1.0,  0.0,  0.0,  0.0, 0.0,  16.0,       ,      ,      ,        ,        ,        ,        ,        ,        ,        ,        ,      
minkgr01 , 2003,     1, WAS , NHL , C  ,  2.0,  0.0,   0.0,   0.0,   2.0, -1.0 ,  0.0,  0.0,  0.0,  0.0,  0.0, 0.0,   0.0,       ,      ,      ,        ,        ,        ,        ,        ,        ,        ,        ,      
minkgr01 , 2005,     1, WAS , NHL , C  ,  3.0,  0.0,   0.0,   0.0,   0.0, 0.0  ,  0.0,  0.0,  0.0,  0.0,  0.0,    ,   1.0,       ,      ,      ,        ,        ,        ,        ,        ,        ,        ,        ,      
minkgr01 , 2008,     1, WAS , NHL , L  ,  2.0,  0.0,   0.0,   0.0,   0.0, 0.0  ,  0.0,  0.0,  0.0,  0.0,  0.0,    ,   4.0,       ,      ,      ,        ,        ,        ,        ,        ,        ,        ,        ,      
minorge01, 1979,     1, VAN , NHL , C  ,  5.0,  0.0,   1.0,   1.0,   2.0, 0.0  ,  0.0,     ,  0.0,     ,  0.0, 0.0,   4.0,       ,      ,      ,        ,        ,        ,        ,        ,        ,        ,        ,      
minorge01, 1980,     1, VAN , NHL , C  , 74.0, 10.0,  14.0,  24.0, 108.0, 4.0  ,  1.0,     ,  6.0,     ,  0.0, 0.0,  93.0,    3.0,   0.0,   0.0,     0.0,     8.0,        ,     0.0,        ,     0.0,        ,     0.0,      
minorge01, 1981,     1, VAN , NHL , C  , 13.0,  0.0,   1.0,   1.0,   6.0, -6.0 ,  0.0,     ,  0.0,     ,  0.0, 0.0,  18.0,    9.0,   1.0,   3.0,     4.0,    17.0,        ,     0.0,        ,     0.0,        ,     0.0,      
minorge01, 1982,     1, VAN , NHL , C  , 39.0,  1.0,   5.0,   6.0,  57.0, -6.0 ,  0.0,     ,  0.0,     ,  0.0, 0.0,  24.0,       ,      ,      ,        ,        ,        ,        ,        ,        ,        ,        ,      
minorge01, 1983,     1, VAN , NHL , C  ,  9.0,  0.0,   0.0,   0.0,   0.0, 0.0  ,  0.0,     ,  0.0,     ,  0.0, 0.0,   2.0,       ,      ,      ,        ,        ,        ,        ,        ,        ,        ,        ,      
mioed01  , 1977,     1, IND , WHA , G  , 17.0,  0.0,   0.0,   0.0,   0.0, 0.0  ,  0.0,     ,  0.0,     ,     ,    ,   0.0,       ,      ,      ,        ,        ,        ,        ,        ,        ,        ,        ,      
mioed01  , 1978,     1, IND , WHA , G  ,  5.0,  0.0,   0.0,   0.0,   2.0, 0.0  ,  0.0,     ,  0.0,     ,     ,    ,   0.0,       ,      ,      ,        ,        ,        ,        ,        ,        ,        ,        ,      
mioed01  , 1978,     2, EDO , WHA , G  , 22.0,  0.0,   1.0,   1.0,   2.0, 0.0  ,  0.0,     ,  0.0,     ,     ,    ,   0.0,    3.0,   0.0,   0.0,     0.0,     0.0, 0.0    ,        ,        ,        ,        ,     0.0,      
mioed01  , 1979,     1, EDM , NHL , G  , 34.0,  0.0,   1.0,   1.0,   4.0, 0.0  ,  0.0,     ,  0.0,     ,  0.0, 0.0,   0.0,       ,      ,      ,        ,        ,        ,        ,        ,        ,        ,        ,      
mioed01  , 1980,     1, EDM , NHL , G  , 43.0,  0.0,   5.0,   5.0,   6.0, 0.0  ,  0.0,     ,  0.0,     ,  0.0, 0.0,   0.0,       ,      ,      ,        ,        ,        ,        ,        ,        ,        ,        ,      
mioed01  , 1981,     1, NYR , NHL , G  , 25.0,  0.0,   0.0,   0.0,   4.0, 0.0  ,  0.0,     ,  0.0,     ,  0.0, 0.0,   0.0,    8.0,   0.0,   0.0,     0.0,     0.0,        ,     0.0,        ,     0.0,        ,     0.0,      
mioed01  , 1982,     1, NYR , NHL , G  , 41.0,  0.0,   3.0,   3.0,   8.0, 0.0  ,  0.0,     ,  0.0,     ,  0.0, 0.0,   0.0,    8.0,   0.0,   0.0,     0.0,     0.0,        ,     0.0,        ,     0.0,        ,     0.0,      
mioed01  , 1983,     1, DET , NHL , G  , 24.0,  0.0,   1.0,   1.0,   6.0, 0.0  ,  0.0,     ,  0.0,     ,  0.0, 0.0,   0.0,    1.0,   0.0,   0.0,     0.0,     0.0, 0.0    ,     0.0,        ,     0.0,        ,     0.0,     0.0
mioed01  , 1984,     1, DET , NHL , G  ,  7.0,  0.0,   0.0,   0.0,   2.0, 0.0  ,  0.0,     ,  0.0,     ,  0.0, 0.0,   0.0,       ,      ,      ,        ,        ,        ,        ,        ,        ,        ,        ,      
mioed01  , 1985,     1, DET , NHL , G  , 18.0,  0.0,   1.0,   1.0,  17.0, 0.0  ,  0.0,     ,  0.0,     ,  0.0, 0.0,   0.0,       ,      ,      ,        ,        ,        ,        ,        ,        ,        ,        ,      
mironbo01, 1993,     1, WIN , NHL , D  , 65.0,  7.0,  22.0,  29.0,  96.0, -29.0,  5.0, 14.0,  0.0,  0.0,  0.0, 1.0, 122.0,       ,      ,      ,        ,        ,        ,        ,        ,        ,        ,        ,      
mironbo01, 1993,     2, EDM , NHL , D  , 14.0,  0.0,   2.0,   2.0,  14.0, -4.0 ,  0.0,  1.0,  0.0,  0.0,  0.0, 0.0,  23.0,       ,      ,      ,        ,        ,        ,        ,        ,        ,        ,        ,      
mironbo01, 1994,     1, EDM , NHL , D  , 29.0,  1.0,   7.0,   8.0,  40.0, -9.0 ,  0.0,  5.0,  0.0,  0.0,  0.0, 0.0,  48.0,       ,      ,      ,        ,        ,        ,        ,        ,        ,        ,        ,      
mironbo01, 1995,     1, EDM , NHL , D  , 78.0,  8.0,  24.0,  32.0, 101.0, -23.0,  7.0, 10.0,  0.0,  0.0,  1.0, 0.0, 158.0,       ,      ,      ,        ,        ,        ,        ,        ,        ,        ,        ,      
mironbo01, 1996,     1, EDM , NHL , D  , 55.0,  6.0,  26.0,  32.0,  85.0, 2.0  ,  2.0, 16.0,  0.0,  0.0,  1.0, 0.0, 147.0,   12.0,   2.0,   8.0,    10.0,    16.0, -6.0   ,     2.0,     3.0,     0.0,     2.0,     0.0,    31.0
mironbo01, 1997,     1, EDM , NHL , D  , 81.0, 16.0,  30.0,  46.0, 100.0, -8.0 , 10.0, 19.0,  1.0,  0.0,  1.0, 1.0, 203.0,   12.0,   3.0,   3.0,     6.0,    27.0, -3.0   ,     1.0,     3.0,     0.0,     0.0,     1.0,    26.0
mironbo01, 1998,     1, EDM , NHL , D  , 63.0, 11.0,  29.0,  40.0, 104.0, 6.0  ,  5.0, 16.0,  0.0,  0.0,  4.0, 1.0, 138.0,       ,      ,      ,        ,        ,        ,        ,        ,        ,        ,        ,      
mironbo01, 1998,     2, CHI , NHL , D  , 12.0,  0.0,   9.0,   9.0,  27.0, 7.0  ,  0.0,  4.0,  0.0,  0.0,  0.0, 0.0,  35.0,       ,      ,      ,        ,        ,        ,        ,        ,        ,        ,        ,      
mironbo01, 1999,     1, CHI , NHL , D  , 58.0,  9.0,  28.0,  37.0,  72.0, -3.0 ,  4.0, 11.0,  2.0,  0.0,  1.0, 1.0, 144.0,       ,      ,      ,        ,        ,        ,        ,        ,        ,        ,        ,      
mironbo01, 2000,     1, CHI , NHL , D  , 66.0,  5.0,  17.0,  22.0,  42.0, -14.0,  3.0,  7.0,  0.0,  1.0,  0.0, 0.0, 143.0,       ,      ,      ,        ,        ,        ,        ,        ,        ,        ,        ,      
mironbo01, 2001,     1, CHI , NHL , D  , 64.0,  4.0,  14.0,  18.0,  68.0, 15.0 ,  0.0,  4.0,  0.0,  0.0,  1.0, 0.0, 129.0,    1.0,   0.0,   0.0,     0.0,     2.0, 0.0    ,     0.0,     0.0,     0.0,     0.0,     0.0,     0.0
mironbo01, 2002,     1, CHI , NHL , D  , 20.0,  3.0,   1.0,   4.0,  22.0, -1.0 ,  1.0,  1.0,  0.0,  0.0,  0.0, 1.0,  14.0,       ,      ,      ,        ,        ,        ,        ,        ,        ,        ,        ,      
mironbo01, 2002,     2, NYR , NHL , D  , 36.0,  3.0,   9.0,  12.0,  34.0, 3.0  ,  1.0,  3.0,  0.0,  1.0,  0.0, 0.0,  56.0,       ,      ,      ,        ,        ,        ,        ,        ,        ,        ,        ,      
mironbo01, 2003,     1, NYR , NHL , D  , 75.0,  3.0,  13.0,  16.0,  86.0, 1.0  ,  1.0,  3.0,  0.0,  0.0,  1.0, 1.0, 129.0,       ,      ,      ,        ,        ,        ,        ,        ,        ,        ,        ,      
mirondm01, 1991,     1, TOR , NHL , D  ,  7.0,  1.0,   0.0,   1.0,   0.0, -4.0 ,  0.0,  0.0,  0.0,  0.0,  1.0, 0.0,   7.0,       ,      ,      ,        ,        ,        ,        ,        ,        ,        ,        ,      
mirondm01, 1992,     1, TOR , NHL , D  , 59.0,  7.0,  24.0,  31.0,  40.0, -1.0 ,  4.0, 10.0,  0.0,  0.0,  1.0, 1.0, 105.0,   14.0,   1.0,   2.0,     3.0,     2.0, -4.0   ,     1.0,     1.0,     0.0,     0.0,     0.0,    11.0
mirondm01, 1993,     1, TOR , NHL , D  , 76.0,  9.0,  27.0,  36.0,  78.0, 5.0  ,  3.0, 15.0,  0.0,  0.0,  0.0, 2.0, 147.0,   18.0,   6.0,   9.0,    15.0,     6.0, -3.0   ,     6.0,     8.0,     0.0,     0.0,     0.0,    29.0
mirondm01, 1994,     1, TOR , NHL , D  , 33.0,  5.0,  12.0,  17.0,  28.0, 6.0  ,  2.0,  8.0,  0.0,  0.0,  0.0, 0.0,  68.0,    6.0,   2.0,   1.0,     3.0,     2.0, -1.0   ,     1.0,     1.0,     0.0,     0.0,     0.0,    11.0
mirondm01, 1995,     1, PIT , NHL , D  , 72.0,  3.0,  31.0,  34.0,  88.0, 19.0 ,  1.0,  6.0,  0.0,  2.0,  1.0, 1.0,  86.0,   15.0,   0.0,   1.0,     1.0,    10.0, -6.0   ,     0.0,     0.0,     0.0,     0.0,     0.0,    10.0
mirondm01, 1996,     1, PIT , NHL , D  , 15.0,  1.0,   5.0,   6.0,  24.0, -4.0 ,  0.0,  2.0,  0.0,  0.0,  1.0, 0.0,  19.0,       ,      ,      ,        ,        ,        ,        ,        ,        ,        ,        ,      
mirondm01, 1996,     2, ANA , NHL , D  , 62.0, 12.0,  34.0,  46.0,  77.0, 20.0 ,  3.0, 19.0,  1.0,  0.0,  1.0, 0.0, 158.0,   11.0,   1.0,  10.0,    11.0,    10.0, 0.0    ,     1.0,     6.0,     0.0,     0.0,     0.0,    36.0
mirondm01, 1997,     1, ANA , NHL , D  , 66.0,  6.0,  30.0,  36.0, 115.0, -7.0 ,  2.0, 16.0,  0.0,  1.0,  1.0, 0.0, 142.0,       ,      ,      ,        ,        ,        ,        ,        ,        ,        ,        ,      
mirondm01, 1997,     2, DET , NHL , D  , 11.0,  2.0,   5.0,   7.0,   4.0, 0.0  ,  1.0,  3.0,  0.0,  0.0,  0.0, 0.0,  28.0,    7.0,   0.0,   3.0,     3.0,    14.0, 1.0    ,     0.0,     1.0,     0.0,     0.0,     0.0,    15.0
mirondm01, 1998,     1, WAS , NHL , D  , 46.0,  2.0,  14.0,  16.0,  80.0, -5.0 ,  2.0,  5.0,  0.0,  1.0,  0.0, 0.0,  86.0,       ,      ,      ,        ,        ,        ,        ,        ,        ,        ,        ,      
mirondm01, 1999,     1, WAS , NHL , D  , 73.0,  3.0,  19.0,  22.0,  28.0, 7.0  ,  1.0,  9.0,  0.0,  0.0,  0.0, 0.0,  99.0,    4.0,   0.0,   0.0,     0.0,     4.0, 2.0    ,     0.0,     0.0,     0.0,     0.0,     0.0,     6.0
mirondm01, 2000,     1, WAS , NHL , D  , 36.0,  3.0,   5.0,   8.0,   6.0, -7.0 ,  1.0,  2.0,  0.0,  1.0,  1.0, 0.0,  33.0,       ,      ,      ,        ,        ,        ,        ,        ,        ,        ,        ,      
miszujo01, 1963,     1, DET , NHL , D  , 42.0,  0.0,   2.0,   2.0,  30.0,      ,  0.0,     ,  0.0,     ,  0.0, 0.0,      ,    3.0,   0.0,   0.0,     0.0,     2.0,        ,        ,        ,        ,        ,     0.0,      
miszujo01, 1965,     1, CHI , NHL , D  ,  2.0,  1.0,   1.0,   2.0,   2.0,      ,  0.0,     ,  1.0,     ,  0.0, 0.0,      ,    3.0,   0.0,   0.0,     0.0,     4.0,        ,        ,        ,        ,        ,     0.0,      
miszujo01, 1966,     1, CHI , NHL , D  ,  3.0,  0.0,   0.0,   0.0,   0.0,      ,  0.0,     ,  0.0,     ,  0.0, 0.0,      ,    2.0,   0.0,   0.0,     0.0,     2.0,        ,        ,        ,        ,        ,     0.0,      
miszujo01, 1967,     1, PHI , NHL , D  , 74.0,  5.0,  17.0,  22.0,  79.0, 1.0  ,  1.0,     ,  1.0,     ,  1.0, 0.0,  78.0,    7.0,   0.0,   3.0,     3.0,    11.0,        ,     0.0,        ,     0.0,        ,     0.0,      
miszujo01, 1968,     1, PHI , NHL , D  , 66.0,  1.0,  13.0,  14.0,  70.0, -6.0 ,  1.0,     ,  0.0,     ,  0.0, 0.0,  70.0,    4.0,   0.0,   0.0,     0.0,     0.0,        ,     0.0,        ,     0.0,        ,     0.0,      
miszujo01, 1969,     1, MNS , NHL , D  , 50.0,  0.0,   6.0,   6.0,  51.0, -3.0 ,  0.0,     ,  0.0,     ,  0.0, 0.0,  34.0,       ,      ,      ,        ,        ,        ,        ,        ,        ,        ,        ,      
miszujo01, 1974,     1, MIB , WHA , D  , 66.0,  2.0,  19.0,  21.0,  56.0, -29.0,  0.0,     ,  0.0,     ,     ,    ,  98.0,       ,      ,      ,        ,        ,        ,        ,        ,        ,        ,        ,      
miszujo01, 1975,     1, CAC , WHA , D  , 69.0,  2.0,  21.0,  23.0,  66.0, 31.0 ,  0.0,     ,  0.0,     ,  0.0,    ,  77.0,   10.0,   0.0,   1.0,     1.0,    10.0, -4.0   ,        ,        ,        ,        ,        ,      
miszujo01, 1976,     1, CAC , WHA , D  , 79.0,  2.0,  26.0,  28.0,  57.0, 5.0  ,  0.0,     ,  0.0,     ,     ,    ,  61.0,       ,      ,      ,        ,        ,        ,        ,        ,        ,        ,        ,      
mitchbi01, 1963,     1, DET , NHL , D  ,  1.0,  0.0,   0.0,   0.0,   0.0,      ,  0.0,     ,  0.0,     ,  0.0, 0.0,      ,       ,      ,      ,        ,        ,        ,        ,        ,        ,        ,        ,      
mitchhe01, 1924,     1, BOS , NHL , D  , 18.0,  3.0,   0.0,   3.0,  22.0,      ,     ,     ,     ,     ,     ,    ,      ,       ,      ,      ,        ,        ,        ,        ,        ,        ,        ,        ,      
mitchhe01, 1925,     1, BOS , NHL , D  , 26.0,  3.0,   0.0,   3.0,  14.0,      ,     ,     ,     ,     ,     ,    ,      ,       ,      ,      ,        ,        ,        ,        ,        ,        ,        ,        ,      
mitchiv01, 1919,     1, TRS , NHL , G  , 16.0,  0.0,   0.0,   0.0,   0.0,      ,     ,     ,     ,     ,     ,    ,      ,       ,      ,      ,        ,        ,        ,        ,        ,        ,        ,        ,      
mitchiv01, 1920,     1, TRS , NHL , G  ,  4.0,  0.0,   0.0,   0.0,   0.0,      ,     ,     ,     ,     ,     ,    ,      ,       ,      ,      ,        ,        ,        ,        ,        ,        ,        ,        ,      
mitchiv01, 1921,     1, TRS , NHL , G  ,  2.0,  0.0,   0.0,   0.0,   0.0,      ,     ,     ,     ,     ,     ,    ,      ,       ,      ,      ,        ,        ,        ,        ,        ,        ,        ,        ,      
mitchje01, 1997,     1, DAL , NHL , R  ,  7.0,  0.0,   0.0,   0.0,   7.0, 0.0  ,  0.0,  0.0,  0.0,  0.0,  0.0, 0.0,   3.0,       ,      ,      ,        ,        ,        ,        ,        ,        ,        ,        ,      
mitchjo01, 1921,     1, REG , WCHL, L  ,  4.0,  0.0,   0.0,   0.0,   0.0,      ,     ,     ,     ,     ,     ,    ,      ,       ,      ,      ,        ,        ,        ,        ,        ,        ,        ,        ,      
mitchjo02, 2008,     1, TOR , NHL , C  , 76.0, 12.0,  17.0,  29.0,  33.0, -16.0,  2.0,  4.0,  0.0,  1.0,  0.0,    ,  98.0,       ,      ,      ,        ,        ,        ,        ,        ,        ,        ,        ,      
mitchjo02, 2009,     1, TOR , NHL , C  , 60.0,  6.0,  17.0,  23.0,  31.0, -7.0 ,  1.0,  2.0,  0.0,  2.0,  1.0,    ,  90.0,       ,      ,      ,        ,        ,        ,        ,        ,        ,        ,        ,      
mitchmi01, 1914,     1, PO1 , PCHA, G  , 18.0,  0.0,   0.0,   0.0,   0.0,      ,     ,     ,     ,     ,     ,    ,      ,       ,      ,      ,        ,        ,        ,        ,        ,        ,        ,        ,      
mitchre01, 1941,     1, CHI , NHL , D  ,  1.0,  0.0,   0.0,   0.0,   4.0,      ,     ,     ,     ,     ,     ,    ,      ,       ,      ,      ,        ,        ,        ,        ,        ,        ,        ,        ,      
mitchre01, 1942,     1, CHI , NHL , D  , 42.0,  1.0,   1.0,   2.0,  47.0,      ,     ,     ,     ,     ,     ,    ,      ,       ,      ,      ,        ,        ,        ,        ,        ,        ,        ,        ,      
mitchre01, 1944,     1, CHI , NHL , D  , 40.0,  3.0,   4.0,   7.0,  16.0,      ,     ,     ,     ,     ,     ,    ,      ,       ,      ,      ,        ,        ,        ,        ,        ,        ,        ,        ,      
mitchro01, 1992,     1, MNS , NHL , D  ,  3.0,  0.0,   0.0,   0.0,   0.0, 0.0  ,  0.0,  0.0,  0.0,  0.0,  0.0, 0.0,   0.0,       ,      ,      ,        ,        ,        ,        ,        ,        ,        ,        ,      
mitchto01, 2007,     1, SJS , NHL , C  , 82.0, 10.0,  10.0,  20.0,  50.0, -3.0 ,  1.0,  0.0,  2.0,  1.0,  0.0,    , 110.0,   13.0,   1.0,   2.0,     3.0,    10.0, -2.0   ,     1.0,     0.0,     0.0,     0.0,     0.0,    20.0
mitchto01, 2008,     1, SJS , NHL , C  ,     ,     ,      ,      ,      ,      ,     ,     ,     ,     ,     ,    ,      ,    4.0,   0.0,   0.0,     0.0,     2.0, -1.0   ,     0.0,     0.0,     0.0,     0.0,     0.0,     9.0
mitchto01, 2009,     1, SJS , NHL , C  , 56.0,  2.0,   9.0,  11.0,  27.0, 6.0  ,  0.0,  0.0,  0.0,  0.0,  0.0,    ,  59.0,   15.0,   0.0,   2.0,     2.0,     2.0, -5.0   ,     0.0,     0.0,     0.0,     0.0,     0.0,    21.0
mitchwi01, 1999,     1, NJD , NHL , D  ,  2.0,  0.0,   0.0,   0.0,   0.0, 1.0  ,  0.0,  0.0,  0.0,  0.0,  0.0, 0.0,   2.0,       ,      ,      ,        ,        ,        ,        ,        ,        ,        ,        ,      
mitchwi01, 2000,     1, NJD , NHL , D  , 16.0,  0.0,   2.0,   2.0,  29.0, 0.0  ,  0.0,  0.0,  0.0,  0.0,  0.0, 0.0,  14.0,       ,      ,      ,        ,        ,        ,        ,        ,        ,        ,        ,      
mitchwi01, 2000,     2, MIN , NHL , D  , 17.0,  1.0,   7.0,   8.0,  11.0, 4.0  ,  0.0,  1.0,  0.0,  1.0,  0.0, 0.0,  16.0,       ,      ,      ,        ,        ,        ,        ,        ,        ,        ,        ,      
mitchwi01, 2001,     1, MIN , NHL , D  , 68.0,  3.0,  10.0,  13.0,  68.0, -16.0,  0.0,  2.0,  0.0,  0.0,  1.0, 0.0,  67.0,       ,      ,      ,        ,        ,        ,        ,        ,        ,        ,        ,      
mitchwi01, 2002,     1, MIN , NHL , D  , 69.0,  2.0,  12.0,  14.0,  84.0, 13.0 ,  0.0,  0.0,  1.0,  0.0,  1.0, 0.0,  67.0,   18.0,   1.0,   3.0,     4.0,    14.0, 5.0    ,     0.0,     0.0,     0.0,     1.0,     0.0,    18.0
mitchwi01, 2003,     1, MIN , NHL , D  , 70.0,  1.0,  13.0,  14.0,  83.0, 12.0 ,  0.0,  2.0,  0.0,  2.0,  0.0, 0.0,  58.0,       ,      ,      ,        ,        ,        ,        ,        ,        ,        ,        ,      
mitchwi01, 2005,     1, MIN , NHL , D  , 64.0,  2.0,   6.0,   8.0,  87.0, 15.0 ,  0.0,  0.0,  0.0,  0.0,  0.0,    ,  48.0,       ,      ,      ,        ,        ,        ,        ,        ,        ,        ,        ,      
mitchwi01, 2005,     2, DAL , NHL , D  , 16.0,  0.0,   2.0,   2.0,  26.0, 4.0  ,  0.0,  0.0,  0.0,  0.0,  0.0,    ,  10.0,    5.0,   0.0,   0.0,     0.0,     2.0, 0.0    ,     0.0,     0.0,     0.0,     0.0,     0.0,     6.0
mitchwi01, 2006,     1, VAN , NHL , D  , 62.0,  1.0,  10.0,  11.0,  45.0, 1.0  ,  0.0,  0.0,  0.0,  1.0,  0.0,    ,  54.0,   12.0,   0.0,   1.0,     1.0,    12.0, -2.0   ,     0.0,     0.0,     0.0,     0.0,     0.0,    10.0
mitchwi01, 2007,     1, VAN , NHL , D  , 72.0,  2.0,  10.0,  12.0,  81.0, 6.0  ,  0.0,  1.0,  0.0,  0.0,  1.0,    ,  65.0,       ,      ,      ,        ,        ,        ,        ,        ,        ,        ,        ,      
mitchwi01, 2008,     1, VAN , NHL , D  , 82.0,  3.0,  20.0,  23.0,  59.0, 29.0 ,  0.0,  0.0,  0.0,  0.0,  1.0,    ,  88.0,   10.0,   0.0,   2.0,     2.0,    22.0, -2.0   ,     0.0,     0.0,     0.0,     0.0,     0.0,     1.0
mitchwi01, 2009,     1, VAN , NHL , D  , 48.0,  4.0,   8.0,  12.0,  48.0, 13.0 ,  0.0,  0.0,  0.0,  1.0,  1.0,    ,  47.0,       ,      ,      ,        ,        ,        ,        ,        ,        ,        ,        ,      
modanmi01, 1988,     1, MNS , NHL , C  ,     ,     ,      ,      ,      ,      ,     ,     ,     ,     ,     ,    ,      ,    2.0,   0.0,   0.0,     0.0,     0.0, -2.0   ,     0.0,     0.0,     0.0,     0.0,     0.0,     0.0
modanmi01, 1989,     1, MNS , NHL , R  , 80.0, 29.0,  46.0,  75.0,  63.0, -7.0 , 12.0, 17.0,  0.0,  0.0,  2.0, 0.0, 172.0,    7.0,   1.0,   1.0,     2.0,    12.0, -3.0   ,     0.0,     1.0,     0.0,     0.0,     0.0,    17.0
modanmi01, 1990,     1, MNS , NHL , R  , 79.0, 28.0,  36.0,  64.0,  65.0, 2.0  ,  9.0, 15.0,  0.0,  0.0,  2.0, 2.0, 232.0,   23.0,   8.0,  12.0,    20.0,    16.0, -3.0   ,     3.0,     5.0,     0.0,     0.0,     1.0,    59.0
modanmi01, 1991,     1, MNS , NHL , R  , 76.0, 33.0,  44.0,  77.0,  46.0, -9.0 ,  5.0, 20.0,  0.0,  0.0,  8.0, 2.0, 256.0,    7.0,   3.0,   2.0,     5.0,     4.0, -2.0   ,     1.0,     1.0,     0.0,     0.0,     0.0,    19.0
modanmi01, 1992,     1, MNS , NHL , C  , 82.0, 33.0,  60.0,  93.0,  83.0, -7.0 ,  9.0, 27.0,  0.0,  0.0,  7.0, 0.0, 307.0,       ,      ,      ,        ,        ,        ,        ,        ,        ,        ,        ,      
modanmi01, 1993,     1, DAL , NHL , C  , 76.0, 50.0,  43.0,  93.0,  54.0, -8.0 , 18.0, 21.0,  0.0,  0.0,  4.0, 2.0, 281.0,    9.0,   7.0,   3.0,    10.0,    16.0, -2.0   ,     2.0,     1.0,     0.0,     0.0,     2.0,    48.0
modanmi01, 1994,     1, DAL , NHL , C  , 30.0, 12.0,  17.0,  29.0,   8.0, 7.0  ,  4.0,  7.0,  1.0,  0.0,  0.0, 0.0, 100.0,       ,      ,      ,        ,        ,        ,        ,        ,        ,        ,        ,      
modanmi01, 1995,     1, DAL , NHL , C  , 78.0, 36.0,  45.0,  81.0,  63.0, -12.0,  8.0, 21.0,  4.0,  1.0,  4.0, 1.0, 320.0,       ,      ,      ,        ,        ,        ,        ,        ,        ,        ,        ,      
modanmi01, 1996,     1, DAL , NHL , C  , 80.0, 35.0,  48.0,  83.0,  42.0, 43.0 ,  9.0,  8.0,  5.0,  2.0,  9.0, 2.0, 291.0,    7.0,   4.0,   1.0,     5.0,     0.0, 2.0    ,     1.0,     0.0,     1.0,     0.0,     2.0,    27.0
modanmi01, 1997,     1, DAL , NHL , C  , 52.0, 21.0,  38.0,  59.0,  32.0, 25.0 ,  7.0, 12.0,  5.0,  2.0,  2.0, 1.0, 191.0,   17.0,   4.0,  10.0,    14.0,    12.0, 4.0    ,     1.0,     3.0,     0.0,     1.0,     1.0,    49.0
modanmi01, 1998,     1, DAL , NHL , C  , 77.0, 34.0,  47.0,  81.0,  44.0, 29.0 ,  6.0, 21.0,  4.0,  1.0,  7.0, 1.0, 224.0,   23.0,   5.0,  18.0,    23.0,    16.0, 6.0    ,     1.0,     6.0,     1.0,     1.0,     1.0,    83.0
modanmi01, 1999,     1, DAL , NHL , C  , 77.0, 38.0,  43.0,  81.0,  48.0, 0.0  , 11.0, 16.0,  1.0,  4.0,  8.0, 3.0, 188.0,   23.0,  10.0,  13.0,    23.0,    10.0, 3.0    ,     4.0,     3.0,     0.0,     1.0,     2.0,    67.0
modanmi01, 2000,     1, DAL , NHL , C  , 81.0, 33.0,  51.0,  84.0,  52.0, 26.0 ,  8.0, 17.0,  3.0,  0.0,  7.0, 1.0, 208.0,    9.0,   3.0,   4.0,     7.0,     0.0, 1.0    ,     2.0,     1.0,     0.0,     0.0,     0.0,    23.0
modanmi01, 2001,     1, DAL , NHL , C  , 78.0, 34.0,  43.0,  77.0,  38.0, 14.0 ,  6.0, 18.0,  2.0,  2.0,  5.0, 0.0, 219.0,       ,      ,      ,        ,        ,        ,        ,        ,        ,        ,        ,      
modanmi01, 2002,     1, DAL , NHL , C  , 79.0, 28.0,  57.0,  85.0,  30.0, 34.0 ,  5.0, 26.0,  2.0,  1.0,  6.0, 0.0, 193.0,   12.0,   5.0,  10.0,    15.0,     4.0, 2.0    ,     1.0,     5.0,     0.0,     0.0,     2.0,    30.0
modanmi01, 2003,     1, DAL , NHL , C  , 76.0, 14.0,  30.0,  44.0,  46.0, -21.0,  6.0, 15.0,  0.0,  2.0,  0.0, 0.0, 152.0,    5.0,   1.0,   2.0,     3.0,     8.0, -4.0   ,     1.0,     1.0,     0.0,     0.0,     0.0,    12.0
modanmi01, 2005,     1, DAL , NHL , C  , 78.0, 27.0,  50.0,  77.0,  58.0, 23.0 , 12.0, 22.0,  1.0,  1.0,  4.0,    , 207.0,    5.0,   1.0,   3.0,     4.0,     4.0, 0.0    ,     1.0,     2.0,     0.0,     0.0,     0.0,    12.0
modanmi01, 2006,     1, DAL , NHL , C  , 59.0, 22.0,  21.0,  43.0,  34.0, 9.0  ,  9.0,  9.0,  0.0,  1.0,  7.0,    , 141.0,    7.0,   1.0,   1.0,     2.0,     4.0, 0.0    ,     1.0,     0.0,     0.0,     0.0,     1.0,    19.0
modanmi01, 2007,     1, DAL , NHL , C  , 82.0, 21.0,  36.0,  57.0,  48.0, -11.0,  5.0, 18.0,  1.0,  1.0,  4.0,    , 200.0,   18.0,   5.0,   7.0,    12.0,    22.0, -3.0   ,     5.0,     4.0,     0.0,     0.0,     3.0,    37.0
modanmi01, 2008,     1, DAL , NHL , C  , 80.0, 15.0,  31.0,  46.0,  46.0, -13.0,  4.0, 14.0,  0.0,  0.0,  4.0,    , 197.0,       ,      ,      ,        ,        ,        ,        ,        ,        ,        ,        ,      
modanmi01, 2009,     1, DAL , NHL , C  , 59.0, 14.0,  16.0,  30.0,  22.0, -6.0 ,  3.0,  7.0,  0.0,  0.0,  2.0,    , 115.0,       ,      ,      ,        ,        ,        ,        ,        ,        ,        ,        ,      
modinfr01, 1996,     1, TOR , NHL , R  , 76.0,  6.0,   7.0,  13.0,  24.0, -14.0,  0.0,  0.0,  0.0,  0.0,  0.0, 0.0,  85.0,       ,      ,      ,        ,        ,        ,        ,        ,        ,        ,        ,      
modinfr01, 1997,     1, TOR , NHL , R  , 74.0, 16.0,  16.0,  32.0,  32.0, -5.0 ,  1.0,  1.0,  0.0,  0.0,  4.0, 0.0, 137.0,       ,      ,      ,        ,        ,        ,        ,        ,        ,        ,        ,      
modinfr01, 1998,     1, TOR , NHL , L  , 67.0, 16.0,  15.0,  31.0,  35.0, 14.0 ,  1.0,  1.0,  0.0,  0.0,  3.0, 1.0, 108.0,    8.0,   0.0,   0.0,     0.0,     6.0, -2.0   ,     0.0,     0.0,     0.0,     0.0,     0.0,    11.0
modinfr01, 1999,     1, TBL , NHL , L  , 80.0, 22.0,  26.0,  48.0,  18.0, -26.0,  3.0,  9.0,  0.0,  0.0,  5.0, 0.0, 167.0,       ,      ,      ,        ,        ,        ,        ,        ,        ,        ,        ,      
modinfr01, 2000,     1, TBL , NHL , L  , 76.0, 32.0,  24.0,  56.0,  48.0, -1.0 ,  8.0, 11.0,  0.0,  0.0,  4.0, 0.0, 217.0,       ,      ,      ,        ,        ,        ,        ,        ,        ,        ,        ,      
modinfr01, 2001,     1, TBL , NHL , L  , 54.0, 14.0,  17.0,  31.0,  27.0, 0.0  ,  2.0,  2.0,  0.0,  2.0,  4.0, 1.0, 141.0,       ,      ,      ,        ,        ,        ,        ,        ,        ,        ,        ,      
modinfr01, 2002,     1, TBL , NHL , L  , 76.0, 17.0,  23.0,  40.0,  43.0, 7.0  ,  2.0,  6.0,  1.0,  1.0,  4.0, 1.0, 179.0,   11.0,   2.0,   0.0,     2.0,    18.0, 2.0    ,     0.0,     0.0,     0.0,     0.0,     0.0,    27.0
modinfr01, 2003,     1, TBL , NHL , L  , 82.0, 29.0,  28.0,  57.0,  32.0, 31.0 ,  5.0,  1.0,  1.0,  3.0,  2.0, 1.0, 206.0,   23.0,   8.0,  11.0,    19.0,    10.0, 7.0    ,     3.0,     1.0,     0.0,     0.0,     2.0,    50.0
modinfr01, 2005,     1, TBL , NHL , L  , 77.0, 31.0,  23.0,  54.0,  56.0, 5.0  , 12.0,  4.0,  1.0,  2.0,  4.0,    , 221.0,    5.0,   0.0,   0.0,     0.0,     6.0, -6.0   ,     0.0,     0.0,     0.0,     0.0,     0.0,    11.0
modinfr01, 2006,     1, CBS , NHL , L  , 79.0, 22.0,  20.0,  42.0,  50.0, -3.0 ,  6.0,  6.0,  0.0,  0.0,  4.0,    , 220.0,       ,      ,      ,        ,        ,        ,        ,        ,        ,        ,        ,      
modinfr01, 2007,     1, CBS , NHL , L  , 23.0,  6.0,   6.0,  12.0,  20.0, 1.0  ,  2.0,  1.0,  0.0,  0.0,  1.0,    ,  41.0,       ,      ,      ,        ,        ,        ,        ,        ,        ,        ,        ,      
modinfr01, 2008,     1, CBS , NHL , L  , 50.0,  9.0,  16.0,  25.0,  28.0, 2.0  ,  2.0,  5.0,  0.0,  0.0,  0.0,    , 113.0,    4.0,   1.0,   0.0,     1.0,     0.0, -2.0   ,     0.0,     0.0,     0.0,     0.0,     0.0,     4.0
modinfr01, 2009,     1, CBS , NHL , L  , 24.0,  2.0,   4.0,   6.0,  12.0, -6.0 ,  0.0,  2.0,  0.0,  0.0,  2.0,    ,  35.0,       ,      ,      ,        ,        ,        ,        ,        ,        ,        ,        ,      
modinfr01, 2009,     2, LAK , NHL , L  , 20.0,  3.0,   2.0,   5.0,  14.0, -2.0 ,  2.0,  0.0,  0.0,  0.0,  0.0,    ,  32.0,    6.0,   3.0,   1.0,     4.0,     2.0, -3.0   ,     2.0,     1.0,     0.0,     0.0,     0.0,    13.0
modryja01, 1993,     1, NJD , NHL , D  , 41.0,  2.0,  15.0,  17.0,  18.0, 10.0 ,  2.0,  2.0,  0.0,  0.0,  0.0, 0.0,  35.0,       ,      ,      ,        ,        ,        ,        ,        ,        ,        ,        ,      
modryja01, 1994,     1, NJD , NHL , D  , 11.0,  0.0,   0.0,   0.0,   0.0, -1.0 ,  0.0,  0.0,  0.0,  0.0,  0.0, 0.0,  10.0,       ,      ,      ,        ,        ,        ,        ,        ,        ,        ,        ,      
modryja01, 1995,     1, OTT , NHL , D  , 64.0,  4.0,  14.0,  18.0,  38.0, -17.0,  1.0,  4.0,  0.0,  0.0,  1.0, 0.0,  89.0,       ,      ,      ,        ,        ,        ,        ,        ,        ,        ,        ,      
modryja01, 1995,     2, LAK , NHL , D  ,  9.0,  0.0,   3.0,   3.0,   6.0, -4.0 ,  0.0,  0.0,  0.0,  0.0,  0.0, 0.0,  17.0,       ,      ,      ,        ,        ,        ,        ,        ,        ,        ,        ,      
modryja01, 1996,     1, LAK , NHL , D  , 30.0,  3.0,   3.0,   6.0,  25.0, -13.0,  1.0,  0.0,  1.0,  0.0,  0.0, 0.0,  32.0,       ,      ,      ,        ,        ,        ,        ,        ,        ,        ,        ,      
modryja01, 1998,     1, LAK , NHL , D  ,  5.0,  0.0,   1.0,   1.0,   0.0, 1.0  ,  0.0,  1.0,  0.0,  0.0,  0.0, 0.0,  11.0,       ,      ,      ,        ,        ,        ,        ,        ,        ,        ,        ,      
modryja01, 1999,     1, LAK , NHL , D  , 26.0,  5.0,   4.0,   9.0,  18.0, -2.0 ,  5.0,  1.0,  0.0,  0.0,  1.0, 1.0,  32.0,    2.0,   0.0,   0.0,     0.0,     2.0, 0.0    ,     0.0,     0.0,     0.0,     0.0,     0.0,     2.0
modryja01, 2000,     1, LAK , NHL , D  , 63.0,  4.0,  15.0,  19.0,  48.0, 16.0 ,  0.0,  3.0,  0.0,  2.0,  0.0, 0.0,  72.0,   10.0,   1.0,   0.0,     1.0,     4.0, -1.0   ,     1.0,     0.0,     0.0,     0.0,     1.0,    12.0
modryja01, 2001,     1, LAK , NHL , D  , 80.0,  4.0,  38.0,  42.0,  65.0, -4.0 ,  4.0, 23.0,  0.0,  0.0,  0.0, 0.0, 119.0,    7.0,   0.0,   2.0,     2.0,     0.0, 1.0    ,     0.0,     1.0,     0.0,     0.0,     0.0,    10.0
modryja01, 2002,     1, LAK , NHL , D  , 82.0, 13.0,  25.0,  38.0,  68.0, -13.0,  8.0, 16.0,  0.0,  0.0,  1.0, 0.0, 205.0,       ,      ,      ,        ,        ,        ,        ,        ,        ,        ,        ,      
modryja01, 2003,     1, LAK , NHL , D  , 79.0,  5.0,  27.0,  32.0,  44.0, 11.0 ,  1.0, 14.0,  0.0,  2.0,  1.0, 0.0, 196.0,       ,      ,      ,        ,        ,        ,        ,        ,        ,        ,        ,      
modryja01, 2005,     1, ATL , NHL , D  , 79.0,  7.0,  31.0,  38.0,  76.0, -9.0 ,  5.0, 22.0,  0.0,  0.0,  2.0,    , 143.0,       ,      ,      ,        ,        ,        ,        ,        ,        ,        ,        ,      
modryja01, 2006,     1, DAL , NHL , D  , 57.0,  1.0,   9.0,  10.0,  32.0, 10.0 ,  0.0,  2.0,  0.0,  0.0,  0.0,    ,  60.0,       ,      ,      ,        ,        ,        ,        ,        ,        ,        ,        ,      
modryja01, 2006,     2, LAK , NHL , D  , 19.0,  0.0,   8.0,   8.0,  22.0, 1.0  ,  0.0,  5.0,  0.0,  1.0,  0.0,    ,  29.0,       ,      ,      ,        ,        ,        ,        ,        ,        ,        ,        ,      
modryja01, 2007,     1, LAK , NHL , D  , 61.0,  1.0,   5.0,   6.0,  42.0, 2.0  ,  0.0,  1.0,  0.0,  0.0,  0.0,    ,  39.0,       ,      ,      ,        ,        ,        ,        ,        ,        ,        ,        ,      
modryja01, 2007,     2, PHI , NHL , D  , 19.0,  0.0,   3.0,   3.0,   8.0, -11.0,  0.0,  1.0,  0.0,  0.0,  0.0,    ,  17.0,    9.0,   0.0,   3.0,     3.0,     0.0, -6.0   ,     0.0,     2.0,     0.0,     0.0,     0.0,     6.0
moebi01  , 1944,     1, NYR , NHL , D  , 35.0,  2.0,   4.0,   6.0,  14.0,      ,     ,     ,     ,     ,     ,    ,      ,       ,      ,      ,        ,        ,        ,        ,        ,        ,        ,        ,      
moebi01  , 1945,     1, NYR , NHL , D  , 48.0,  4.0,   4.0,   8.0,  14.0,      ,     ,     ,     ,     ,     ,    ,      ,       ,      ,      ,        ,        ,        ,        ,        ,        ,        ,        ,      
moebi01  , 1946,     1, NYR , NHL , D  , 59.0,  4.0,  10.0,  14.0,  44.0,      ,     ,     ,     ,     ,     ,    ,      ,       ,      ,      ,        ,        ,        ,        ,        ,        ,        ,        ,      
moebi01  , 1947,     1, NYR , NHL , D  , 59.0,  1.0,  15.0,  16.0,  31.0,      ,     ,     ,     ,     ,     ,    ,      ,    1.0,   0.0,   0.0,     0.0,     0.0,        ,        ,        ,        ,        ,        ,      
moebi01  , 1948,     1, NYR , NHL , D  , 60.0,  0.0,   9.0,   9.0,  60.0,      ,     ,     ,     ,     ,     ,    ,      ,       ,      ,      ,        ,        ,        ,        ,        ,        ,        ,        ,      
moentr01 , 2003,     1, CHI , NHL , L  , 82.0,  4.0,   2.0,   6.0, 142.0, -17.0,  0.0,  0.0,  0.0,  0.0,  2.0, 0.0,  51.0,       ,      ,      ,        ,        ,        ,        ,        ,        ,        ,        ,      
moentr01 , 2005,     1, ANA , NHL , L  , 39.0,  4.0,   1.0,   5.0,  72.0, -3.0 ,  0.0,  1.0,  0.0,  0.0,  0.0,    ,  28.0,    9.0,   1.0,   0.0,     1.0,    10.0, 1.0    ,     0.0,     0.0,     0.0,     0.0,     0.0,     5.0
moentr01 , 2006,     1, AND , NHL , L  , 82.0, 11.0,  10.0,  21.0, 101.0, -4.0 ,  0.0,  0.0,  0.0,  1.0,  0.0,    , 124.0,   21.0,   7.0,   5.0,    12.0,    22.0, 5.0    ,     0.0,     1.0,     0.0,     1.0,     3.0,    34.0
moentr01 , 2007,     1, AND , NHL , L  , 77.0,  3.0,   5.0,   8.0,  81.0, -10.0,  0.0,  0.0,  1.0,  0.0,  1.0,    ,  98.0,    6.0,   1.0,   1.0,     2.0,     2.0, -1.0   ,     0.0,     0.0,     0.0,     0.0,     0.0,     4.0
moentr01 , 2008,     1, AND , NHL , L  , 63.0,  4.0,   7.0,  11.0,  77.0, -17.0,  0.0,  0.0,  2.0,  0.0,  1.0,    ,  77.0,       ,      ,      ,        ,        ,        ,        ,        ,        ,        ,        ,      
moentr01 , 2008,     2, SJS , NHL , L  , 19.0,  3.0,   2.0,   5.0,  14.0, -1.0 ,  0.0,  0.0,  1.0,  0.0,  1.0,    ,  24.0,    6.0,   0.0,   0.0,     0.0,     2.0, -4.0   ,     0.0,     0.0,     0.0,     0.0,     0.0,     4.0
moentr01 , 2009,     1, MTL , NHL , L  , 81.0,  8.0,  11.0,  19.0,  57.0, -2.0 ,  1.0,  0.0,  2.0,  0.0,  0.0,    , 107.0,   19.0,   2.0,   1.0,     3.0,     4.0, 0.0    ,     0.0,     0.0,     1.0,     0.0,     1.0,    18.0
moffaly01, 1972,     1, TOR , NHL , L  ,  1.0,  0.0,   0.0,   0.0,   0.0, -1.0 ,  0.0,     ,  0.0,     ,  0.0, 0.0,   0.0,       ,      ,      ,        ,        ,        ,        ,        ,        ,        ,        ,      
moffaly01, 1974,     1, TOR , NHL , L  , 22.0,  2.0,   7.0,   9.0,  13.0, -2.0 ,  0.0,     ,  0.0,     ,  0.0, 0.0,  18.0,       ,      ,      ,        ,        ,        ,        ,        ,        ,        ,        ,      
moffaly01, 1975,     1, CLC , WHA , L  , 33.0,  4.0,   7.0,  11.0,  33.0, 10.0 ,  1.0,     ,  0.0,     ,  1.0,    ,  57.0,       ,      ,      ,        ,        ,        ,        ,        ,        ,        ,        ,      
moffaly01, 1975,     2, WIJ , WHA , L  , 42.0, 13.0,   9.0,  22.0,  44.0, 3.0  ,  4.0,     ,  0.0,     ,  2.0,    ,  61.0,   13.0,   3.0,   3.0,     6.0,     9.0, -5.0   ,        ,        ,        ,        ,        ,      
moffaly01, 1976,     1, WIJ , WHA , L  , 74.0, 13.0,  11.0,  24.0,  90.0, -7.0 ,  2.0,     ,  0.0,     ,     ,    ,  86.0,   17.0,   2.0,   0.0,     2.0,     6.0, -6.0   ,        ,        ,        ,        ,     0.0,      
moffaly01, 1977,     1, WIJ , WHA , L  , 57.0,  9.0,  16.0,  25.0,  39.0, -6.0 ,  0.0,     ,  0.0,     ,     ,    ,  58.0,    9.0,   5.0,   7.0,    12.0,     9.0, 3.0    ,        ,        ,        ,        ,     0.0,      
moffaly01, 1978,     1, WIJ , WHA , L  , 70.0, 14.0,  18.0,  32.0,  38.0, -14.0,  0.0,     ,  1.0,     ,     ,    ,  89.0,   10.0,   3.0,   1.0,     4.0,    22.0, 0.0    ,        ,        ,        ,        ,     2.0,      
moffaly01, 1979,     1, WIN , NHL , L  , 74.0, 10.0,   9.0,  19.0,  38.0, -24.0,  0.0,     ,  0.0,     ,  1.0, 1.0,  86.0,       ,      ,      ,        ,        ,        ,        ,        ,        ,        ,        ,      
moffami01, 1981,     1, BOS , NHL , G  ,  2.0,  0.0,   0.0,   0.0,   0.0, 0.0  ,  0.0,     ,  0.0,     ,  0.0, 0.0,   0.0,   11.0,   0.0,   1.0,     1.0,     8.0,        ,     0.0,        ,     0.0,        ,     0.0,      
moffami01, 1982,     1, BOS , NHL , G  , 13.0,  0.0,   0.0,   0.0,   2.0, 0.0  ,  0.0,     ,  0.0,     ,  0.0, 0.0,   0.0,       ,      ,      ,        ,        ,        ,        ,        ,        ,        ,        ,      
moffami01, 1983,     1, BOS , NHL , G  ,  4.0,  0.0,   0.0,   0.0,   0.0, 0.0  ,  0.0,     ,  0.0,     ,  0.0, 0.0,   0.0,       ,      ,      ,        ,        ,        ,        ,        ,        ,        ,        ,      
moffaro01, 1925,     1, SAS , WCHL, L  ,  8.0,  0.0,   0.0,   0.0,   2.0,      ,     ,     ,     ,     ,     ,    ,      ,       ,      ,      ,        ,        ,        ,        ,        ,        ,        ,        ,      
moffaro01, 1932,     1, DET , NHL , L  , 24.0,  1.0,   1.0,   2.0,   6.0,      ,     ,     ,     ,     ,     ,    ,      ,    4.0,   0.0,   0.0,     0.0,     0.0,        ,        ,        ,        ,        ,        ,      
moffaro01, 1933,     1, DET , NHL , L  ,  5.0,  0.0,   0.0,   0.0,   2.0,      ,     ,     ,     ,     ,     ,    ,      ,    3.0,   0.0,   0.0,     0.0,     0.0,        ,        ,        ,        ,        ,        ,      
moffaro01, 1934,     1, DET , NHL , F  ,  8.0,  0.0,   0.0,   0.0,   0.0,      ,     ,     ,     ,     ,     ,    ,      ,       ,      ,      ,        ,        ,        ,        ,        ,        ,        ,        ,      
mogersa01, 1994,     1, BOS , NHL , R  , 18.0,  2.0,   6.0,   8.0,   6.0, -1.0 ,  2.0,  2.0,  0.0,  0.0,  0.0, 0.0,  32.0,       ,      ,      ,        ,        ,        ,        ,        ,        ,        ,        ,      
mogersa01, 1995,     1, BOS , NHL , R  , 80.0, 15.0,  14.0,  29.0,  65.0, -9.0 ,  4.0,  1.0,  0.0,  0.0,  6.0, 0.0, 103.0,    5.0,   2.0,   2.0,     4.0,    12.0, -1.0   ,     1.0,     1.0,     0.0,     0.0,     0.0,    12.0
mogersa01, 1996,     1, BOS , NHL , R  , 34.0, 10.0,   3.0,  13.0,  45.0, -12.0,  3.0,  0.0,  0.0,  0.0,  0.0, 0.0,  54.0,       ,      ,      ,        ,        ,        ,        ,        ,        ,        ,        ,      
mogersa01, 1997,     1, LAK , NHL , R  , 62.0, 11.0,  13.0,  24.0,  70.0, 4.0  ,  1.0,  3.0,  0.0,  0.0,  2.0, 0.0,  89.0,       ,      ,      ,        ,        ,        ,        ,        ,        ,        ,        ,      
mogersa01, 1998,     1, LAK , NHL , C  , 42.0,  3.0,   2.0,   5.0,  26.0, -9.0 ,  0.0,  1.0,  0.0,  0.0,  2.0, 0.0,  28.0,       ,      ,      ,        ,        ,        ,        ,        ,        ,        ,        ,      
mogilal01, 1989,     1, BUF , NHL , L  , 65.0, 15.0,  28.0,  43.0,  16.0, 8.0  ,  4.0,  8.0,  0.0,  0.0,  2.0, 1.0, 130.0,    4.0,   0.0,   1.0,     1.0,     2.0, -2.0   ,     0.0,     0.0,     0.0,     0.0,     0.0,     8.0
mogilal01, 1990,     1, BUF , NHL , R  , 62.0, 30.0,  34.0,  64.0,  16.0, 14.0 ,  3.0,  5.0,  3.0,  2.0,  5.0, 0.0, 201.0,    6.0,   0.0,   6.0,     6.0,     2.0, -1.0   ,     0.0,     1.0,     0.0,     0.0,     0.0,    20.0
mogilal01, 1991,     1, BUF , NHL , R  , 67.0, 39.0,  45.0,  84.0,  73.0, 7.0  , 15.0, 18.0,  0.0,  0.0,  2.0, 0.0, 236.0,    2.0,   0.0,   2.0,     2.0,     0.0, -1.0   ,     0.0,     2.0,     0.0,     0.0,     0.0,     4.0
mogilal01, 1992,     1, BUF , NHL , R  , 77.0, 76.0,  51.0, 127.0,  40.0, 7.0  , 27.0, 21.0,  0.0,  1.0, 11.0, 0.0, 360.0,    7.0,   7.0,   3.0,    10.0,     6.0, 2.0    ,     2.0,     2.0,     0.0,     0.0,     0.0,    35.0
mogilal01, 1993,     1, BUF , NHL , R  , 66.0, 32.0,  47.0,  79.0,  22.0, 8.0  , 17.0, 22.0,  0.0,  0.0,  7.0, 1.0, 258.0,    7.0,   4.0,   2.0,     6.0,     6.0, 1.0    ,     1.0,     1.0,     0.0,     0.0,     0.0,    22.0
mogilal01, 1994,     1, BUF , NHL , R  , 44.0, 19.0,  28.0,  47.0,  36.0, 0.0  , 12.0, 14.0,  0.0,  1.0,  2.0, 1.0, 148.0,    5.0,   3.0,   2.0,     5.0,     2.0, -6.0   ,     0.0,     1.0,     0.0,     0.0,     0.0,    18.0
mogilal01, 1995,     1, VAN , NHL , R  , 79.0, 55.0,  52.0, 107.0,  16.0, 14.0 , 10.0, 19.0,  5.0,  2.0,  6.0, 3.0, 292.0,    6.0,   1.0,   8.0,     9.0,     8.0, -1.0   ,     0.0,     6.0,     0.0,     0.0,     0.0,    18.0
mogilal01, 1996,     1, VAN , NHL , L  , 76.0, 31.0,  42.0,  73.0,  18.0, 9.0  ,  7.0,  9.0,  1.0,  1.0,  4.0, 1.0, 174.0,       ,      ,      ,        ,        ,        ,        ,        ,        ,        ,        ,      
mogilal01, 1997,     1, VAN , NHL , R  , 51.0, 18.0,  27.0,  45.0,  36.0, -6.0 ,  5.0, 12.0,  4.0,  2.0,  1.0, 1.0, 118.0,       ,      ,      ,        ,        ,        ,        ,        ,        ,        ,        ,      
mogilal01, 1998,     1, VAN , NHL , R  , 59.0, 14.0,  31.0,  45.0,  58.0, 0.0  ,  3.0, 12.0,  2.0,  3.0,  1.0, 1.0, 110.0,       ,      ,      ,        ,        ,        ,        ,        ,        ,        ,        ,      
mogilal01, 1999,     1, VAN , NHL , R  , 47.0, 21.0,  17.0,  38.0,  16.0, 7.0  ,  3.0,  3.0,  1.0,  0.0,  1.0, 2.0, 126.0,       ,      ,      ,        ,        ,        ,        ,        ,        ,        ,        ,      
mogilal01, 1999,     2, NJD , NHL , R  , 12.0,  3.0,   3.0,   6.0,   4.0, -4.0 ,  2.0,  0.0,  0.0,  0.0,  0.0, 0.0,  35.0,   23.0,   4.0,   3.0,     7.0,     4.0, 1.0    ,     2.0,     1.0,     0.0,     0.0,     1.0,    55.0
mogilal01, 2000,     1, NJD , NHL , R  , 75.0, 43.0,  40.0,  83.0,  43.0, 10.0 , 12.0, 17.0,  0.0,  0.0,  7.0, 0.0, 240.0,   25.0,   5.0,  11.0,    16.0,     8.0, 3.0    ,     1.0,     2.0,     0.0,     0.0,     2.0,    76.0
mogilal01, 2001,     1, TOR , NHL , R  , 66.0, 24.0,  33.0,  57.0,   8.0, 1.0  ,  5.0, 16.0,  0.0,  0.0,  4.0, 0.0, 188.0,   20.0,   8.0,   3.0,    11.0,     8.0, 1.0    ,     2.0,     0.0,     0.0,     0.0,     2.0,    59.0
mogilal01, 2002,     1, TOR , NHL , R  , 73.0, 33.0,  46.0,  79.0,  12.0, 4.0  ,  5.0, 23.0,  3.0,  2.0,  9.0, 0.0, 165.0,    6.0,   5.0,   2.0,     7.0,     4.0, 2.0    ,     0.0,     0.0,     1.0,     0.0,     0.0,    13.0
mogilal01, 2003,     1, TOR , NHL , R  , 37.0,  8.0,  22.0,  30.0,  12.0, 9.0  ,  4.0,  6.0,  1.0,  0.0,  1.0, 0.0,  92.0,   13.0,   2.0,   4.0,     6.0,     8.0, -1.0   ,     0.0,     1.0,     0.0,     0.0,     0.0,    16.0
mogilal01, 2005,     1, NJD , NHL , R  , 34.0, 12.0,  13.0,  25.0,   6.0, -7.0 ,  7.0,  3.0,  0.0,  0.0,  3.0,    ,  93.0,       ,      ,      ,        ,        ,        ,        ,        ,        ,        ,        ,      
mohermi01, 1982,     1, NJD , NHL , L  ,  9.0,  0.0,   1.0,   1.0,  28.0, -3.0 ,  0.0,     ,  0.0,     ,  0.0, 0.0,   8.0,       ,      ,      ,        ,        ,        ,        ,        ,        ,        ,        ,      
mohnsdo01, 1953,     1, BOS , NHL , L  , 70.0, 13.0,  14.0,  27.0,  27.0,      ,     ,     ,     ,     ,     ,    ,      ,    4.0,   1.0,   0.0,     1.0,     4.0,        ,        ,        ,        ,        ,        ,      
mohnsdo01, 1954,     1, BOS , NHL , L  , 70.0, 14.0,  18.0,  32.0,  82.0,      ,     ,     ,     ,     ,     ,    ,      ,    5.0,   0.0,   0.0,     0.0,     4.0,        ,        ,        ,        ,        ,        ,      
mohnsdo01, 1955,     1, BOS , NHL , L  , 64.0, 10.0,   8.0,  18.0,  48.0,      ,     ,     ,     ,     ,     ,    ,      ,       ,      ,      ,        ,        ,        ,        ,        ,        ,        ,        ,      
mohnsdo01, 1956,     1, BOS , NHL , L  , 68.0,  6.0,  34.0,  40.0,  89.0,      ,     ,     ,     ,     ,     ,    ,      ,   10.0,   2.0,   3.0,     5.0,     2.0,        ,        ,        ,        ,        ,        ,      
mohnsdo01, 1957,     1, BOS , NHL , L  , 54.0,  5.0,  16.0,  21.0,  28.0,      ,     ,     ,     ,     ,     ,    ,      ,   12.0,   3.0,  10.0,    13.0,    18.0,        ,        ,        ,        ,        ,        ,      
mohnsdo01, 1958,     1, BOS , NHL , L  , 47.0,  6.0,  24.0,  30.0,  40.0,      ,     ,     ,     ,     ,     ,    ,      ,    4.0,   0.0,   2.0,     2.0,    12.0,        ,        ,        ,        ,        ,        ,      
mohnsdo01, 1959,     1, BOS , NHL , L  , 65.0, 20.0,  25.0,  45.0,  62.0,      ,     ,     ,     ,     ,     ,    ,      ,       ,      ,      ,        ,        ,        ,        ,        ,        ,        ,        ,      
mohnsdo01, 1960,     1, BOS , NHL , D  , 65.0, 12.0,  21.0,  33.0,  63.0,      ,     ,     ,     ,     ,     ,    ,      ,       ,      ,      ,        ,        ,        ,        ,        ,        ,        ,        ,      
mohnsdo01, 1961,     1, BOS , NHL , D/R, 69.0, 16.0,  29.0,  45.0,  74.0,      ,     ,     ,     ,     ,     ,    ,      ,       ,      ,      ,        ,        ,        ,        ,        ,        ,        ,        ,      
mohnsdo01, 1962,     1, BOS , NHL , D/L, 68.0,  7.0,  23.0,  30.0,  63.0,      ,     ,     ,     ,     ,     ,    ,      ,       ,      ,      ,        ,        ,        ,        ,        ,        ,        ,        ,      
mohnsdo01, 1963,     1, BOS , NHL , D/L, 70.0,  9.0,  17.0,  26.0,  95.0,      ,  3.0,     ,  0.0,     ,  1.0, 0.0,      ,       ,      ,      ,        ,        ,        ,        ,        ,        ,        ,        ,      
mohnsdo01, 1964,     1, CHI , NHL , L  , 49.0, 13.0,  20.0,  33.0,  84.0,      ,  2.0,     ,  0.0,     ,  0.0, 0.0,      ,   14.0,   3.0,   4.0,     7.0,    21.0,        ,        ,        ,        ,        ,     2.0,      
mohnsdo01, 1965,     1, CHI , NHL , L  , 70.0, 22.0,  27.0,  49.0,  63.0,      , 10.0,     ,  0.0,     ,  4.0, 2.0,      ,    5.0,   1.0,   0.0,     1.0,     4.0,        ,        ,        ,        ,        ,     0.0,      
mohnsdo01, 1966,     1, CHI , NHL , D  , 61.0, 25.0,  35.0,  60.0,  58.0,      ,  4.0,     ,  2.0,     ,  5.0, 1.0,      ,    5.0,   0.0,   5.0,     5.0,     8.0,        ,        ,        ,        ,        ,     0.0,      
mohnsdo01, 1967,     1, CHI , NHL , L  , 65.0, 24.0,  29.0,  53.0,  53.0, 7.0  ,  5.0,     ,  1.0,     ,  4.0, 2.0, 161.0,   11.0,   1.0,   5.0,     6.0,    12.0,        ,     0.0,        ,     0.0,        ,     0.0,      
mohnsdo01, 1968,     1, CHI , NHL , L  , 65.0, 22.0,  19.0,  41.0,  47.0, 8.0  ,  7.0,     ,  0.0,     ,  2.0, 2.0, 149.0,       ,      ,      ,        ,        ,        ,        ,        ,        ,        ,        ,      
mohnsdo01, 1969,     1, CHI , NHL , D  , 66.0,  6.0,  27.0,  33.0,  46.0, 29.0 ,  3.0,     ,  1.0,     ,  1.0, 0.0, 118.0,    8.0,   0.0,   2.0,     2.0,    15.0,        ,     0.0,        ,     0.0,        ,     0.0,      
mohnsdo01, 1970,     1, CHI , NHL , D  , 39.0,  4.0,   6.0,  10.0,  16.0, 5.0  ,  0.0,     ,  1.0,     ,  1.0, 0.0,  31.0,       ,      ,      ,        ,        ,        ,        ,        ,        ,        ,        ,      
mohnsdo01, 1970,     2, MNS , NHL , D  , 17.0,  2.0,   5.0,   7.0,  14.0, 3.0  ,  1.0,     ,  0.0,     ,  0.0, 0.0,  39.0,    6.0,   2.0,   2.0,     4.0,    10.0,        ,     1.0,        ,     0.0,        ,     0.0,      
mohnsdo01, 1971,     1, MNS , NHL , D  , 78.0,  6.0,  30.0,  36.0,  82.0, 6.0  ,  4.0,     ,  0.0,     ,  3.0, 0.0, 143.0,    4.0,   1.0,   2.0,     3.0,    10.0,        ,     1.0,        ,     0.0,        ,     0.0,      
mohnsdo01, 1972,     1, MNS , NHL , D  , 67.0,  4.0,  13.0,  17.0,  52.0, 11.0 ,  0.0,     ,  0.0,     ,  1.0, 0.0, 104.0,    6.0,   0.0,   1.0,     1.0,     2.0,        ,     0.0,        ,     0.0,        ,     0.0,      
mohnsdo01, 1973,     1, ATF , NHL , D  , 28.0,  0.0,   3.0,   3.0,  10.0, -7.0 ,  0.0,     ,  0.0,     ,  0.0, 0.0,  25.0,       ,      ,      ,        ,        ,        ,        ,        ,        ,        ,        ,      
mohnsdo01, 1974,     1, WAS , NHL , D  , 75.0,  2.0,  19.0,  21.0,  54.0, -52.0,  1.0,     ,  0.0,     ,  0.0, 0.0,  83.0,       ,      ,      ,        ,        ,        ,        ,        ,        ,        ,        ,      
mohnsll01, 1943,     1, NYR , NHL , D  ,  1.0,  0.0,   0.0,   0.0,   0.0,      ,     ,     ,     ,     ,     ,    ,      ,       ,      ,      ,        ,        ,        ,        ,        ,        ,        ,        ,      
mojzito01, 2005,     1, VAN , NHL , D  ,  7.0,  0.0,   1.0,   1.0,  12.0, 2.0  ,  0.0,  0.0,  0.0,  0.0,  0.0,    ,   7.0,       ,      ,      ,        ,        ,        ,        ,        ,        ,        ,        ,      
mojzito01, 2006,     1, STL , NHL , D  ,  6.0,  1.0,   0.0,   1.0,   0.0, 0.0  ,  0.0,  0.0,  0.0,  0.0,  0.0,    ,   7.0,       ,      ,      ,        ,        ,        ,        ,        ,        ,        ,        ,      
mojzito01, 2008,     1, MIN , NHL , D  ,  4.0,  0.0,   1.0,   1.0,   2.0, -1.0 ,  0.0,  1.0,  0.0,  0.0,  0.0,    ,   2.0,       ,      ,      ,        ,        ,        ,        ,        ,        ,        ,        ,      
mokosca01, 1981,     1, CAL , NHL , L  ,  1.0,  0.0,   1.0,   1.0,   0.0, 1.0  ,  0.0,     ,  0.0,     ,  0.0, 0.0,   0.0,       ,      ,      ,        ,        ,        ,        ,        ,        ,        ,        ,      
mokosca01, 1982,     1, CAL , NHL , L  , 41.0,  7.0,   6.0,  13.0,  87.0, -5.0 ,  0.0,     ,  0.0,     ,  0.0, 0.0,  38.0,       ,      ,      ,        ,        ,        ,        ,        ,        ,        ,        ,      
mokosca01, 1984,     1, LAK , NHL , L  , 30.0,  4.0,   8.0,  12.0,  43.0, -8.0 ,  0.0,     ,  0.0,     ,  0.0, 0.0,  29.0,       ,      ,      ,        ,        ,        ,        ,        ,        ,        ,        ,      
mokosca01, 1985,     1, PHI , NHL , L  ,  1.0,  0.0,   0.0,   0.0,   5.0, 0.0  ,  0.0,     ,  0.0,     ,  0.0, 0.0,   0.0,       ,      ,      ,        ,        ,        ,        ,        ,        ,        ,        ,      
mokosca01, 1986,     1, PIT , NHL , L  ,  3.0,  0.0,   0.0,   0.0,   4.0, -4.0 ,  0.0,     ,  0.0,     ,  0.0, 0.0,   3.0,       ,      ,      ,        ,        ,        ,        ,        ,        ,        ,        ,      
mokosca01, 1988,     1, BOS , NHL , L  ,  7.0,  0.0,   0.0,   0.0,  31.0, -2.0 ,  0.0,  0.0,  0.0,  0.0,  0.0, 0.0,   3.0,    1.0,   0.0,   0.0,     0.0,     0.0, 0.0    ,     0.0,     0.0,     0.0,     0.0,     0.0,     0.0
mokosjo01, 1988,     1, DET , NHL , D  ,  8.0,  0.0,   1.0,   1.0,  14.0, 0.0  ,  0.0,  0.0,  0.0,  0.0,  0.0, 0.0,   0.0,       ,      ,      ,        ,        ,        ,        ,        ,        ,        ,        ,      
mokosjo01, 1989,     1, DET , NHL , D  , 33.0,  0.0,   1.0,   1.0,  82.0, -9.0 ,  0.0,  0.0,  0.0,  0.0,  0.0, 0.0,  15.0,       ,      ,      ,        ,        ,        ,        ,        ,        ,        ,        ,      
molinla01, 1981,     1, VAN , NHL , L  , 72.0, 15.0,  31.0,  46.0,  10.0, 0.0  ,  1.0,     ,  1.0,     ,  4.0, 1.0, 150.0,   17.0,   2.0,   9.0,    11.0,     7.0,        ,     0.0,        ,     0.0,        ,     2.0,      
molinla01, 1982,     1, VAN , NHL , L  , 58.0, 12.0,  27.0,  39.0,  23.0, -20.0,  2.0,     ,  0.0,     ,  1.0, 0.0, 128.0,       ,      ,      ,        ,        ,        ,        ,        ,        ,        ,        ,      
molinla01, 1983,     1, VAN , NHL , L  , 42.0,  6.0,   7.0,  13.0,   4.0, -9.0 ,  0.0,     ,  1.0,     ,  0.0, 0.0,  47.0,    2.0,   0.0,   0.0,     0.0,     0.0, 0.0    ,     0.0,        ,     0.0,        ,     0.0,     3.0
mollemi01, 1980,     1, BUF , NHL , R  ,  5.0,  2.0,   2.0,   4.0,   0.0, 3.0  ,  0.0,     ,  0.0,     ,  0.0, 0.0,   7.0,    3.0,   0.0,   1.0,     1.0,     0.0,        ,     0.0,        ,     0.0,        ,     0.0,      
mollemi01, 1981,     1, BUF , NHL , R  ,  9.0,  0.0,   0.0,   0.0,   0.0, -7.0 ,  0.0,     ,  0.0,     ,  0.0, 0.0,   2.0,       ,      ,      ,        ,        ,        ,        ,        ,        ,        ,        ,      
mollemi01, 1982,     1, BUF , NHL , R  , 49.0,  6.0,  12.0,  18.0,  14.0, 2.0  ,  1.0,     ,  0.0,     ,  3.0, 0.0,  43.0,       ,      ,      ,        ,        ,        ,        ,        ,        ,        ,        ,      
mollemi01, 1983,     1, BUF , NHL , R  , 59.0,  5.0,  11.0,  16.0,  27.0, 2.0  ,  0.0,     ,  0.0,     ,  1.0, 0.0,  43.0,       ,      ,      ,        ,        ,        ,        ,        ,        ,        ,        ,      
mollemi01, 1984,     1, BUF , NHL , R  ,  5.0,  0.0,   2.0,   2.0,   0.0, 0.0  ,  0.0,     ,  0.0,     ,  0.0, 0.0,   5.0,       ,      ,      ,        ,        ,        ,        ,        ,        ,        ,        ,      
mollemi01, 1985,     1, EDM , NHL , R  ,  1.0,  0.0,   0.0,   0.0,   0.0, 0.0  ,  0.0,     ,  0.0,     ,  0.0, 0.0,   2.0,       ,      ,      ,        ,        ,        ,        ,        ,        ,        ,        ,      
mollemi01, 1986,     1, EDM , NHL , R  ,  6.0,  2.0,   1.0,   3.0,   0.0, 2.0  ,  0.0,     ,  0.0,     ,  0.0, 0.0,  10.0,       ,      ,      ,        ,        ,        ,        ,        ,        ,        ,        ,      
molleos01, 2008,     1, LAK , NHL , C  , 40.0,  7.0,   8.0,  15.0,  16.0, -3.0 ,  5.0,  4.0,  0.0,  0.0,  0.0,    ,  81.0,       ,      ,      ,        ,        ,        ,        ,        ,        ,        ,        ,      
molleos01, 2009,     1, LAK , NHL , C  , 34.0,  4.0,   3.0,   7.0,   4.0, -6.0 ,  1.0,  1.0,  0.0,  0.0,  0.0,    ,  42.0,       ,      ,      ,        ,        ,        ,        ,        ,        ,        ,        ,      
mollera01, 1981,     1, QUE , NHL , D  ,     ,     ,      ,      ,      ,      ,     ,     ,     ,     ,     ,    ,      ,    1.0,   0.0,   0.0,     0.0,     2.0,        ,     0.0,        ,     0.0,        ,     0.0,      
mollera01, 1982,     1, QUE , NHL , D  , 75.0,  2.0,  12.0,  14.0, 145.0, 11.0 ,  0.0,     ,  0.0,     ,  1.0, 0.0,  72.0,    4.0,   1.0,   0.0,     1.0,     4.0,        ,     1.0,        ,     0.0,        ,     1.0,      
mollera01, 1983,     1, QUE , NHL , D  , 74.0,  4.0,  14.0,  18.0, 147.0, 26.0 ,  0.0,     ,  0.0,     ,  1.0, 0.0,  78.0,    9.0,   1.0,   0.0,     1.0,    45.0, -2.0   ,     0.0,        ,     0.0,        ,     0.0,     9.0
mollera01, 1984,     1, QUE , NHL , D  , 79.0,  7.0,  22.0,  29.0, 120.0, 29.0 ,  0.0,     ,  0.0,     ,  0.0, 0.0, 126.0,   18.0,   2.0,   2.0,     4.0,    40.0, 3.0    ,     1.0,        ,     0.0,        ,     0.0,    32.0
mollera01, 1985,     1, QUE , NHL , D  , 69.0,  5.0,  18.0,  23.0, 141.0, 9.0  ,  0.0,     ,  0.0,     ,  1.0, 0.0, 105.0,    3.0,   0.0,   0.0,     0.0,    26.0, -1.0   ,     0.0,        ,     0.0,        ,     0.0,     4.0
mollera01, 1986,     1, QUE , NHL , D  , 71.0,  5.0,   9.0,  14.0, 144.0, -11.0,  1.0,     ,  0.0,     ,  1.0, 0.0, 106.0,   13.0,   1.0,   4.0,     5.0,    23.0, 5.0    ,     0.0,        ,     0.0,        ,     0.0,    15.0
mollera01, 1987,     1, QUE , NHL , D  , 66.0,  3.0,  22.0,  25.0, 169.0, -11.0,  0.0,  3.0,  0.0,  0.0,  2.0, 0.0, 116.0,       ,      ,      ,        ,        ,        ,        ,        ,        ,        ,        ,      
mollera01, 1988,     1, QUE , NHL , D  , 74.0,  7.0,  22.0,  29.0, 136.0, 2.0  ,  2.0, 10.0,  0.0,  1.0,  0.0, 0.0, 117.0,       ,      ,      ,        ,        ,        ,        ,        ,        ,        ,        ,      
mollera01, 1989,     1, NYR , NHL , D  , 60.0,  1.0,  12.0,  13.0, 139.0, -1.0 ,  0.0,  0.0,  0.0,  0.0,  0.0, 0.0,  47.0,   10.0,   1.0,   6.0,     7.0,    32.0, 1.0    ,     0.0,     4.0,     0.0,     0.0,     0.0,    16.0
mollera01, 1990,     1, NYR , NHL , D  , 61.0,  4.0,  19.0,  23.0, 161.0, 13.0 ,  1.0, 10.0,  0.0,  0.0,  0.0, 1.0,  75.0,    6.0,   0.0,   2.0,     2.0,    11.0, 2.0    ,     0.0,     1.0,     0.0,     0.0,     0.0,    11.0
mollera01, 1991,     1, NYR , NHL , D  , 43.0,  2.0,   7.0,   9.0,  78.0, -15.0,  0.0,  0.0,  0.0,  0.0,  1.0, 0.0,  44.0,       ,      ,      ,        ,        ,        ,        ,        ,        ,        ,        ,      
mollera01, 1991,     2, BUF , NHL , D  , 13.0,  1.0,   2.0,   3.0,  59.0, 1.0  ,  0.0,  0.0,  0.0,  1.0,  0.0, 0.0,  19.0,    7.0,   0.0,   0.0,     0.0,     8.0, 0.0    ,     0.0,     0.0,     0.0,     0.0,     0.0,     8.0
mollera01, 1992,     1, BUF , NHL , D  , 35.0,  2.0,   7.0,   9.0,  83.0, 6.0  ,  0.0,  0.0,  0.0,  1.0,  0.0, 0.0,  25.0,       ,      ,      ,        ,        ,        ,        ,        ,        ,        ,        ,      
mollera01, 1993,     1, BUF , NHL , D  , 78.0,  2.0,  11.0,  13.0, 154.0, -5.0 ,  0.0,  1.0,  0.0,  1.0,  0.0, 0.0,  77.0,    7.0,   0.0,   2.0,     2.0,     8.0, 2.0    ,     0.0,     1.0,     0.0,     0.0,     0.0,    12.0
mollera01, 1994,     1, FLO , NHL , D  , 17.0,  0.0,   3.0,   3.0,  16.0, -5.0 ,  0.0,  0.0,  0.0,  0.0,  0.0, 0.0,  12.0,       ,      ,      ,        ,        ,        ,        ,        ,        ,        ,        ,      
mollomi01, 1989,     1, BUF , NHL , L  ,  2.0,  0.0,   0.0,   0.0,  10.0, 0.0  ,  0.0,  0.0,  0.0,  0.0,  0.0, 0.0,   0.0,       ,      ,      ,        ,        ,        ,        ,        ,        ,        ,        ,      
molynla01, 1937,     1, NYR , NHL , D  ,  2.0,  0.0,   0.0,   0.0,   2.0,      ,     ,     ,     ,     ,     ,    ,      ,    3.0,   0.0,   0.0,     0.0,     8.0,        ,        ,        ,        ,        ,        ,      
molynla01, 1938,     1, NYR , NHL , D  , 43.0,  0.0,   1.0,   1.0,  18.0,      ,     ,     ,     ,     ,     ,    ,      ,    7.0,   0.0,   0.0,     0.0,     0.0,        ,        ,        ,        ,        ,        ,      
molynto01, 1914,     1, TOO , NHA ,    ,  2.0,  0.0,   0.0,   0.0,   0.0,      ,     ,     ,     ,     ,     ,    ,      ,       ,      ,      ,        ,        ,        ,        ,        ,        ,        ,        ,      
momesse01, 1983,     1, MTL , NHL , C  ,  1.0,  0.0,   0.0,   0.0,   0.0, 1.0  ,  0.0,     ,  0.0,     ,  0.0, 0.0,   0.0,       ,      ,      ,        ,        ,        ,        ,        ,        ,        ,        ,      
momesse01, 1985,     1, MTL , NHL , L  , 24.0,  8.0,   7.0,  15.0,  46.0, -4.0 ,  3.0,     ,  0.0,     ,  3.0, 0.0,  37.0,       ,      ,      ,        ,        ,        ,        ,        ,        ,        ,        ,      
momesse01, 1986,     1, MTL , NHL , L  , 59.0, 14.0,  17.0,  31.0,  96.0, 0.0  ,  3.0,     ,  0.0,     ,  4.0, 1.0,  95.0,   11.0,   1.0,   3.0,     4.0,    31.0, 3.0    ,     0.0,        ,     0.0,        ,     0.0,    13.0
momesse01, 1987,     1, MTL , NHL , L  , 53.0,  7.0,  14.0,  21.0, 101.0, 9.0  ,  1.0,  0.0,  0.0,  0.0,  0.0, 0.0,  72.0,    6.0,   0.0,   2.0,     2.0,    16.0, 0.0    ,     0.0,     0.0,     0.0,     0.0,     0.0,     7.0
momesse01, 1988,     1, STL , NHL , L  , 53.0,  9.0,  17.0,  26.0, 139.0, -1.0 ,  0.0,  0.0,  0.0,  0.0,  0.0, 0.0,  81.0,   10.0,   2.0,   5.0,     7.0,    24.0, 0.0    ,     0.0,     0.0,     0.0,     0.0,     0.0,    23.0
momesse01, 1989,     1, STL , NHL , L  , 79.0, 24.0,  32.0,  56.0, 199.0, -15.0,  4.0, 11.0,  0.0,  0.0,  4.0, 1.0, 182.0,   12.0,   3.0,   2.0,     5.0,    63.0, 3.0    ,     0.0,     0.0,     0.0,     0.0,     1.0,    12.0
momesse01, 1990,     1, STL , NHL , R  , 59.0, 10.0,  18.0,  28.0, 131.0, 12.0 ,  0.0,     ,  0.0,  0.0,  1.0, 1.0,  86.0,       ,      ,      ,        ,        ,        ,        ,        ,        ,        ,        ,      
momesse01, 1990,     2, VAN , NHL , R  , 11.0,  6.0,   2.0,   8.0,  43.0, 1.0  ,  3.0,     ,  0.0,  0.0,  2.0, 0.0,  33.0,    6.0,   0.0,   3.0,     3.0,    25.0, -4.0   ,     0.0,     1.0,     0.0,     0.0,     0.0,    10.0
momesse01, 1991,     1, VAN , NHL , L  , 58.0, 20.0,  23.0,  43.0, 198.0, 16.0 ,  2.0,  7.0,  0.0,  0.0,  3.0, 0.0, 153.0,   13.0,   0.0,   5.0,     5.0,    30.0, -1.0   ,     0.0,     2.0,     0.0,     0.0,     0.0,    30.0
momesse01, 1992,     1, VAN , NHL , L  , 84.0, 18.0,  20.0,  38.0, 200.0, 11.0 ,  4.0,  4.0,  0.0,  0.0,  1.0, 0.0, 146.0,   12.0,   3.0,   0.0,     3.0,    30.0, 1.0    ,     0.0,     0.0,     0.0,     0.0,     1.0,    13.0
momesse01, 1993,     1, VAN , NHL , L  , 68.0, 14.0,  13.0,  27.0, 149.0, -2.0 ,  4.0,  1.0,  0.0,  0.0,  1.0, 0.0, 112.0,   24.0,   3.0,   4.0,     7.0,    56.0, 7.0    ,     0.0,     0.0,     0.0,     0.0,     1.0,    38.0
momesse01, 1994,     1, VAN , NHL , L  , 48.0, 10.0,  15.0,  25.0,  65.0, -2.0 ,  6.0,  0.0,  0.0,  0.0,  1.0, 0.0,  82.0,   11.0,   3.0,   1.0,     4.0,    16.0, -5.0   ,     1.0,     0.0,     0.0,     0.0,     0.0,    11.0
momesse01, 1995,     1, TOR , NHL , L  , 54.0,  7.0,   8.0,  15.0, 112.0, -11.0,  4.0,  2.0,  0.0,  0.0,  1.0, 2.0,  91.0,       ,      ,      ,        ,        ,        ,        ,        ,        ,        ,        ,      
momesse01, 1995,     2, NYR , NHL , L  , 19.0,  4.0,   4.0,   8.0,  30.0, -2.0 ,  2.0,  2.0,  0.0,  0.0,  0.0, 0.0,  35.0,   11.0,   3.0,   1.0,     4.0,    14.0, 0.0    ,     0.0,     0.0,     0.0,     0.0,     0.0,    12.0
momesse01, 1996,     1, NYR , NHL , L  ,  9.0,  0.0,   0.0,   0.0,  11.0, -2.0 ,  0.0,  0.0,  0.0,  0.0,  0.0, 0.0,  11.0,       ,      ,      ,        ,        ,        ,        ,        ,        ,        ,        ,      
momesse01, 1996,     2, STL , NHL , L  , 31.0,  1.0,   3.0,   4.0,  37.0, -4.0 ,  0.0,  0.0,  0.0,  0.0,  0.0, 0.0,  32.0,    3.0,   0.0,   0.0,     0.0,     6.0, 0.0    ,     0.0,     0.0,     0.0,     0.0,     0.0,     0.0
monahga01, 1967,     1, MTL , NHL , L  , 11.0,  0.0,   0.0,   0.0,   8.0, -2.0 ,  0.0,     ,  0.0,     ,  0.0, 0.0,   3.0,       ,      ,      ,        ,        ,        ,        ,        ,        ,        ,        ,      
monahga01, 1968,     1, MTL , NHL , L  ,  3.0,  0.0,   0.0,   0.0,   0.0, 0.0  ,  0.0,     ,  0.0,     ,  0.0, 0.0,   0.0,       ,      ,      ,        ,        ,        ,        ,        ,        ,        ,        ,      
monahga01, 1969,     1, DET , NHL , L  , 51.0,  3.0,   4.0,   7.0,  24.0, -6.0 ,  0.0,     ,  0.0,     ,  1.0, 0.0,  44.0,       ,      ,      ,        ,        ,        ,        ,        ,        ,        ,        ,      
monahga01, 1969,     2, LAK , NHL , L  , 21.0,  0.0,   3.0,   3.0,  12.0, -6.0 ,  0.0,     ,  0.0,     ,  0.0, 0.0,  15.0,       ,      ,      ,        ,        ,        ,        ,        ,        ,        ,        ,      
monahga01, 1970,     1, TOR , NHL , L  , 78.0, 15.0,  22.0,  37.0,  79.0, 11.0 ,  4.0,     ,  1.0,     ,  4.0, 1.0, 173.0,    6.0,   2.0,   0.0,     2.0,     2.0,        ,     0.0,        ,     0.0,        ,     0.0,      
monahga01, 1971,     1, TOR , NHL , L  , 78.0, 14.0,  17.0,  31.0,  47.0, 2.0  ,  2.0,     ,  1.0,     ,  2.0, 0.0, 186.0,    5.0,   0.0,   0.0,     0.0,     0.0,        ,     0.0,        ,     0.0,        ,     0.0,      
monahga01, 1972,     1, TOR , NHL , C  , 78.0, 13.0,  18.0,  31.0,  53.0, -3.0 ,  0.0,     ,  0.0,     ,  3.0, 1.0, 135.0,       ,      ,      ,        ,        ,        ,        ,        ,        ,        ,        ,      
monahga01, 1973,     1, TOR , NHL , L  , 78.0,  9.0,  16.0,  25.0,  70.0, 4.0  ,  0.0,     ,  0.0,     ,  1.0, 2.0, 139.0,    4.0,   0.0,   1.0,     1.0,     7.0,        ,     0.0,        ,     0.0,        ,     0.0,      
monahga01, 1974,     1, TOR , NHL , L  ,  1.0,  0.0,   0.0,   0.0,   0.0, 0.0  ,  0.0,     ,  0.0,     ,  0.0, 0.0,   0.0,       ,      ,      ,        ,        ,        ,        ,        ,        ,        ,        ,      
monahga01, 1974,     2, VAN , NHL , L  , 78.0, 14.0,  20.0,  34.0,  51.0, -10.0,  3.0,     ,  1.0,     ,  2.0, 0.0, 154.0,    5.0,   1.0,   0.0,     1.0,     2.0,        ,     0.0,        ,     0.0,        ,     1.0,      
monahga01, 1975,     1, VAN , NHL , L  , 66.0, 16.0,  17.0,  33.0,  39.0, 1.0  ,  3.0,     ,  1.0,     ,  2.0, 0.0, 126.0,    2.0,   0.0,   0.0,     0.0,     2.0,        ,     0.0,        ,     0.0,        ,     0.0,      
monahga01, 1976,     1, VAN , NHL , L  , 76.0, 18.0,  26.0,  44.0,  48.0, -1.0 ,  3.0,     ,  0.0,     ,  1.0, 2.0, 169.0,       ,      ,      ,        ,        ,        ,        ,        ,        ,        ,        ,      
monahga01, 1977,     1, VAN , NHL , L  , 67.0, 10.0,  19.0,  29.0,  28.0, 2.0  ,  0.0,     ,  0.0,     ,  1.0, 1.0, 105.0,       ,      ,      ,        ,        ,        ,        ,        ,        ,        ,        ,      
monahga01, 1978,     1, TOR , NHL , L  , 62.0,  4.0,   7.0,  11.0,  25.0, 4.0  ,  0.0,     ,  2.0,     ,  0.0, 0.0,  55.0,       ,      ,      ,        ,        ,        ,        ,        ,        ,        ,        ,      
monahha01, 1973,     1, CLF , NHL , R  ,  1.0,  0.0,   0.0,   0.0,   0.0, 0.0  ,  0.0,     ,  0.0,     ,  0.0, 0.0,   1.0,       ,      ,      ,        ,        ,        ,        ,        ,        ,        ,        ,      
monahha01, 1974,     1, NYR , NHL , R  ,  6.0,  0.0,   1.0,   1.0,   4.0, -2.0 ,  0.0,     ,  0.0,     ,  0.0, 0.0,   5.0,       ,      ,      ,        ,        ,        ,        ,        ,        ,        ,        ,      
monahha01, 1975,     1, WAS , NHL , R  , 80.0, 17.0,  29.0,  46.0,  35.0, -49.0,  2.0,     ,  0.0,     ,  2.0, 1.0, 142.0,       ,      ,      ,        ,        ,        ,        ,        ,        ,        ,        ,      
monahha01, 1976,     1, WAS , NHL , R  , 79.0, 23.0,  27.0,  50.0,  37.0, -28.0,  7.0,     ,  1.0,     ,  4.0, 2.0, 137.0,       ,      ,      ,        ,        ,        ,        ,        ,        ,        ,        ,      
monahha01, 1977,     1, PIT , NHL , L  ,  7.0,  2.0,   0.0,   2.0,   2.0, -7.0 ,  1.0,     ,  0.0,     ,  0.0, 0.0,  13.0,       ,      ,      ,        ,        ,        ,        ,        ,        ,        ,        ,      
monahha01, 1977,     2, LAK , NHL , R  , 64.0, 10.0,   9.0,  19.0,  45.0, -13.0,  0.0,     ,  0.0,     ,  1.0, 1.0,  97.0,    2.0,   0.0,   0.0,     0.0,     0.0,        ,     0.0,        ,     0.0,        ,     0.0,      
monahha01, 1979,     1, STL , NHL , R  , 72.0,  5.0,  12.0,  17.0,  36.0, -22.0,  1.0,     ,  1.0,     ,  0.0, 0.0,  93.0,    3.0,   0.0,   0.0,     0.0,     0.0,        ,     0.0,        ,     0.0,        ,     0.0,      
monahha01, 1980,     1, STL , NHL , R  , 25.0,  4.0,   2.0,   6.0,   4.0, 2.0  ,  0.0,     ,  2.0,     ,  0.0, 0.0,  32.0,    1.0,   0.0,   0.0,     0.0,     4.0,        ,     0.0,        ,     0.0,        ,     0.0,      
mondoar01, 1928,     1, MTL , NHL , L/C, 32.0,  3.0,   4.0,   7.0,   6.0,      ,     ,     ,     ,     ,     ,    ,      ,    3.0,   0.0,   0.0,     0.0,     2.0,        ,        ,        ,        ,        ,        ,      
mondoar01, 1929,     1, MTL , NHL , L/C, 44.0,  3.0,   5.0,   8.0,  24.0,      ,     ,     ,     ,     ,     ,    ,      ,    6.0,   1.0,   1.0,     2.0,     6.0,        ,        ,        ,        ,        ,        ,      
mondoar01, 1930,     1, MTL , NHL , L/C, 40.0,  5.0,   4.0,   9.0,  10.0,      ,     ,     ,     ,     ,     ,    ,      ,    8.0,   0.0,   0.0,     0.0,     0.0,        ,        ,        ,        ,        ,        ,      
mondoar01, 1931,     1, MTL , NHL , C/L, 47.0,  6.0,  12.0,  18.0,  22.0,      ,     ,     ,     ,     ,     ,    ,      ,    4.0,   1.0,   2.0,     3.0,     2.0,        ,        ,        ,        ,        ,        ,      
mondoar01, 1932,     1, MTL , NHL , L/C, 24.0,  1.0,   3.0,   4.0,  15.0,      ,     ,     ,     ,     ,     ,    ,      ,       ,      ,      ,        ,        ,        ,        ,        ,        ,        ,        ,      
mondoar01, 1933,     1, MTL , NHL , L/C, 48.0,  5.0,   3.0,   8.0,   4.0,      ,     ,     ,     ,     ,     ,    ,      ,    1.0,   0.0,   1.0,     1.0,     0.0,        ,        ,        ,        ,        ,        ,      
mondoar01, 1934,     1, MTL , NHL , L/C, 46.0,  9.0,  15.0,  24.0,   6.0,      ,     ,     ,     ,     ,     ,    ,      ,    2.0,   0.0,   1.0,     1.0,     0.0,        ,        ,        ,        ,        ,        ,      
mondoar01, 1935,     1, MTL , NHL , L/C, 36.0,  7.0,  11.0,  18.0,  10.0,      ,     ,     ,     ,     ,     ,    ,      ,       ,      ,      ,        ,        ,        ,        ,        ,        ,        ,        ,      
mondoar01, 1936,     1, MTL , NHL , L/C,  7.0,  1.0,   1.0,   2.0,   0.0,      ,     ,     ,     ,     ,     ,    ,      ,    5.0,   0.0,   0.0,     0.0,     0.0,        ,        ,        ,        ,        ,        ,      
mondoar01, 1937,     1, MTL , NHL , L  ,  7.0,  2.0,   4.0,   6.0,   0.0,      ,     ,     ,     ,     ,     ,    ,      ,       ,      ,      ,        ,        ,        ,        ,        ,        ,        ,        ,      
mondoar01, 1938,     1, MTL , NHL , L  , 34.0,  3.0,   7.0,  10.0,   2.0,      ,     ,     ,     ,     ,     ,    ,      ,    3.0,   1.0,   0.0,     1.0,     2.0,        ,        ,        ,        ,        ,        ,      
mondoar01, 1939,     1, MTL , NHL , L  , 21.0,  2.0,   2.0,   4.0,   0.0,      ,     ,     ,     ,     ,     ,    ,      ,       ,      ,      ,        ,        ,        ,        ,        ,        ,        ,        ,      
mondopi01, 1976,     1, MTL , NHL , C  ,     ,     ,      ,      ,      ,      ,     ,     ,     ,     ,     ,    ,      ,    3.0,   0.0,   0.0,     0.0,     0.0,        ,     0.0,        ,     0.0,        ,     0.0,      
mondopi01, 1977,     1, MTL , NHL , C  , 71.0, 19.0,  30.0,  49.0,   8.0, 32.0 ,  4.0,     ,  0.0,     ,  4.0, 0.0, 132.0,   15.0,   3.0,   7.0,    10.0,     4.0,        ,     2.0,        ,     0.0,        ,     1.0,      
mondopi01, 1978,     1, MTL , NHL , C  , 77.0, 31.0,  41.0,  72.0,  26.0, 59.0 ,  6.0,     ,  1.0,     ,  7.0, 2.0, 163.0,   16.0,   3.0,   6.0,     9.0,     4.0,        ,     1.0,        ,     0.0,        ,     0.0,      
mondopi01, 1979,     1, MTL , NHL , C  , 75.0, 30.0,  36.0,  66.0,  12.0, 26.0 ,  8.0,     ,  0.0,     ,  3.0, 4.0, 152.0,    4.0,   1.0,   4.0,     5.0,     4.0,        ,     0.0,        ,     0.0,        ,     0.0,      
mondopi01, 1980,     1, MTL , NHL , C  , 57.0, 17.0,  24.0,  41.0,  16.0, 24.0 ,  5.0,     ,  0.0,     ,  2.0, 2.0, 106.0,    3.0,   0.0,   1.0,     1.0,     0.0,        ,     0.0,        ,     0.0,        ,     0.0,      
mondopi01, 1981,     1, MTL , NHL , C  , 73.0, 35.0,  33.0,  68.0,  57.0, 18.0 ,  8.0,     ,  2.0,     ,  4.0, 3.0, 146.0,    5.0,   2.0,   5.0,     7.0,     8.0,        ,     1.0,        ,     1.0,        ,     0.0,      
mondopi01, 1982,     1, MTL , NHL , C  , 76.0, 29.0,  37.0,  66.0,  31.0, 32.0 ,  8.0,     ,  1.0,     ,  3.0, 2.0, 178.0,    3.0,   0.0,   1.0,     1.0,     2.0,        ,     0.0,        ,     0.0,        ,     0.0,      
mondopi01, 1983,     1, MTL , NHL , C  , 52.0, 15.0,  22.0,  37.0,   8.0, 9.0  ,  3.0,     ,  1.0,     ,  1.0, 0.0, 105.0,   14.0,   6.0,   3.0,     9.0,     2.0, 8.0    ,     1.0,        ,     0.0,        ,     1.0,    24.0
mondopi01, 1984,     1, MTL , NHL , C  , 67.0, 18.0,  39.0,  57.0,  21.0, 15.0 ,  2.0,     ,  0.0,     ,  2.0, 1.0, 128.0,    5.0,   2.0,   1.0,     3.0,     2.0, 3.0    ,     0.0,        ,     0.0,        ,     0.0,     5.0
mongemi01, 1989,     1, STL , NHL , C  ,  7.0,  1.0,   5.0,   6.0,   2.0, 4.0  ,  0.0,  2.0,  0.0,  0.0,  0.0, 0.0,   2.0,    2.0,   0.0,   1.0,     1.0,     0.0, -1.0   ,     0.0,     1.0,     0.0,     0.0,     0.0,     2.0
mongemi01, 1990,     1, STL , NHL , C  ,  7.0,  1.0,   1.0,   2.0,   0.0, 1.0  ,  1.0,  0.0,  0.0,  0.0,  0.0, 0.0,  13.0,       ,      ,      ,        ,        ,        ,        ,        ,        ,        ,        ,      
mongemi01, 1991,     1, STL , NHL , C  , 36.0,  3.0,  12.0,  15.0,   6.0, -2.0 ,  2.0,  7.0,  0.0,  0.0,  0.0, 0.0,  23.0,       ,      ,      ,        ,        ,        ,        ,        ,        ,        ,        ,      
mongemi01, 1992,     1, TBL , NHL , C  ,  4.0,  1.0,   1.0,   2.0,   2.0, -2.0 ,  0.0,  1.0,  0.0,  0.0,  0.0, 0.0,   2.0,       ,      ,      ,        ,        ,        ,        ,        ,        ,        ,        ,      
mongrbo01, 1979,     1, BUF , NHL , C  , 34.0,  4.0,   6.0,  10.0,   4.0, 6.0  ,  0.0,     ,  0.0,     ,  1.0, 0.0,  33.0,    9.0,   1.0,   2.0,     3.0,     2.0,        ,     0.0,        ,     0.0,        ,     0.0,      
mongrbo01, 1980,     1, BUF , NHL , C  ,  4.0,  0.0,   0.0,   0.0,   2.0, -2.0 ,  0.0,     ,  0.0,     ,  0.0, 0.0,   2.0,       ,      ,      ,        ,        ,        ,        ,        ,        ,        ,        ,      
mongrbo01, 1981,     1, BUF , NHL , C  , 24.0,  6.0,   4.0,  10.0,   6.0, -3.0 ,  0.0,     ,  0.0,     ,  2.0, 0.0,  29.0,    1.0,   0.0,   0.0,     0.0,     0.0,        ,     0.0,        ,     0.0,        ,     0.0,      
mongrbo01, 1983,     1, BUF , NHL , C  ,     ,     ,      ,      ,      ,      ,     ,     ,     ,     ,     ,    ,      ,    1.0,   0.0,   0.0,     0.0,     2.0, 0.0    ,     0.0,        ,     0.0,        ,     0.0,     2.0
mongrbo01, 1984,     1, BUF , NHL , C  ,  8.0,  1.0,   1.0,   2.0,   0.0, 1.0  ,  0.0,     ,  0.0,     ,  0.0, 0.0,  10.0,       ,      ,      ,        ,        ,        ,        ,        ,        ,        ,        ,      
mongrbo01, 1985,     1, LAK , NHL , C  , 11.0,  2.0,   3.0,   5.0,   2.0, -3.0 ,  0.0,     ,  0.0,     ,  0.0, 0.0,  10.0,       ,      ,      ,        ,        ,        ,        ,        ,        ,        ,        ,      
mononla01, 1975,     1, PHR , WHA , R  , 75.0, 15.0,  21.0,  36.0,  19.0, 9.0  ,  2.0,     ,  0.0,     ,  2.0,    , 135.0,    5.0,   1.0,   3.0,     4.0,     2.0, -2.0   ,        ,        ,        ,        ,        ,      
mononla01, 1976,     1, PHR , WHA , R  , 67.0, 21.0,  29.0,  50.0,  10.0, -20.0,  2.0,     ,  0.0,     ,     ,    , 118.0,       ,      ,      ,        ,        ,        ,        ,        ,        ,        ,        ,      
montast01, 2001,     1, CAL , NHL , D  , 11.0,  1.0,   2.0,   3.0,  26.0, -2.0 ,  0.0,  0.0,  0.0,  0.0,  0.0, 0.0,  10.0,       ,      ,      ,        ,        ,        ,        ,        ,        ,        ,        ,      
montast01, 2002,     1, CAL , NHL , D  , 50.0,  1.0,   1.0,   2.0, 114.0, -9.0 ,  0.0,  0.0,  0.0,  0.0,  0.0, 0.0,  64.0,       ,      ,      ,        ,        ,        ,        ,        ,        ,        ,        ,      
montast01, 2003,     1, CAL , NHL , D  , 26.0,  1.0,   2.0,   3.0,  50.0, -1.0 ,  0.0,  1.0,  0.0,  0.0,  1.0, 0.0,  31.0,   20.0,   1.0,   2.0,     3.0,     6.0, 4.0    ,     0.0,     1.0,     0.0,     0.0,     1.0,    44.0
montast01, 2005,     1, CAL , NHL , D  ,  7.0,  1.0,   0.0,   1.0,  11.0, 0.0  ,  0.0,  0.0,  0.0,  0.0,  0.0,    ,  13.0,       ,      ,      ,        ,        ,        ,        ,        ,        ,        ,        ,      
montast01, 2005,     2, FLO , NHL , D  , 51.0,  1.0,   5.0,   6.0,  68.0, 4.0  ,  0.0,  0.0,  0.0,  0.0,  0.0,    ,  42.0,       ,      ,      ,        ,        ,        ,        ,        ,        ,        ,        ,      
montast01, 2006,     1, FLO , NHL , D  , 72.0,  1.0,   8.0,   9.0, 119.0, 1.0  ,  0.0,  1.0,  0.0,  0.0,  0.0,    ,  88.0,       ,      ,      ,        ,        ,        ,        ,        ,        ,        ,        ,      
montast01, 2007,     1, FLO , NHL , D  , 73.0,  8.0,  15.0,  23.0,  73.0, 1.0  ,  2.0,  5.0,  0.0,  0.0,  0.0,    ,  96.0,       ,      ,      ,        ,        ,        ,        ,        ,        ,        ,        ,      
montast01, 2008,     1, AND , NHL , D  , 65.0,  4.0,  16.0,  20.0, 125.0, 14.0 ,  0.0,  1.0,  0.0,  0.0,  0.0,    , 100.0,       ,      ,      ,        ,        ,        ,        ,        ,        ,        ,        ,      
montast01, 2008,     2, BOS , NHL , D  , 13.0,  0.0,   1.0,   1.0,  18.0, 3.0  ,  0.0,  0.0,  0.0,  0.0,  0.0,    ,  17.0,   11.0,   1.0,   2.0,     3.0,    18.0, 5.0    ,     0.0,     1.0,     0.0,     0.0,     0.0,    15.0
montast01, 2009,     1, BUF , NHL , D  , 78.0,  5.0,  18.0,  23.0,  75.0, 0.0  ,  0.0,  1.0,  0.0,  0.0,  2.0,    , 134.0,    6.0,   1.0,   0.0,     1.0,     4.0, 3.0    ,     0.0,     0.0,     0.0,     0.0,     0.0,     6.0
monteha01, 1968,     1, DET , NHL , L  , 34.0,  1.0,   9.0,  10.0,   6.0, 4.0  ,  0.0,     ,  0.0,     ,  0.0, 0.0,  20.0,       ,      ,      ,        ,        ,        ,        ,        ,        ,        ,        ,      
monteha01, 1969,     1, DET , NHL , L  ,  9.0,  0.0,   0.0,   0.0,   0.0, -1.0 ,  0.0,     ,  0.0,     ,  0.0, 0.0,   4.0,    4.0,   0.0,   0.0,     0.0,     0.0,        ,     0.0,        ,     0.0,        ,     0.0,      
monteha01, 1970,     1, DET , NHL , L  , 34.0,  4.0,   3.0,   7.0,   0.0, -5.0 ,  0.0,     ,  0.0,     ,  0.0, 0.0,  37.0,       ,      ,      ,        ,        ,        ,        ,        ,        ,        ,        ,      
montgji01, 1993,     1, STL , NHL , C  , 67.0,  6.0,  14.0,  20.0,  44.0, -1.0 ,  0.0,  1.0,  0.0,  1.0,  1.0, 0.0,  67.0,       ,      ,      ,        ,        ,        ,        ,        ,        ,        ,        ,      
montgji01, 1994,     1, MTL , NHL , C  ,  5.0,  0.0,   0.0,   0.0,   2.0, -2.0 ,  0.0,  0.0,  0.0,  0.0,  0.0, 0.0,   3.0,       ,      ,      ,        ,        ,        ,        ,        ,        ,        ,        ,      
montgji01, 1994,     2, PHI , NHL , C  ,  8.0,  1.0,   1.0,   2.0,   6.0, -2.0 ,  0.0,  1.0,  0.0,  0.0,  0.0, 0.0,  10.0,    7.0,   1.0,   0.0,     1.0,     2.0, 2.0    ,     0.0,     0.0,     0.0,     0.0,     0.0,     3.0
montgji01, 1995,     1, PHI , NHL , C  ,  5.0,  1.0,   2.0,   3.0,   9.0, 1.0  ,  0.0,  0.0,  0.0,  0.0,  0.0, 0.0,   4.0,    1.0,   0.0,   0.0,     0.0,     0.0, -1.0   ,     0.0,     0.0,     0.0,     0.0,     0.0,     0.0
montgji01, 2000,     1, SJS , NHL , C  , 28.0,  1.0,   6.0,   7.0,  19.0, -1.0 ,  1.0,  3.0,  0.0,  0.0,  0.0, 0.0,  17.0,       ,      ,      ,        ,        ,        ,        ,        ,        ,        ,        ,      
montgji01, 2001,     1, DAL , NHL , C  ,  8.0,  0.0,   2.0,   2.0,   0.0, -1.0 ,  0.0,  1.0,  0.0,  0.0,  0.0, 0.0,   8.0,       ,      ,      ,        ,        ,        ,        ,        ,        ,        ,        ,      
montgji01, 2002,     1, DAL , NHL , C  ,  1.0,  0.0,   0.0,   0.0,   0.0, 0.0  ,  0.0,  0.0,  0.0,  0.0,  0.0, 0.0,   0.0,       ,      ,      ,        ,        ,        ,        ,        ,        ,        ,        ,      
montoal01, 2008,     1, PHO , NHL , G  ,  5.0,  0.0,   0.0,   0.0,   0.0, 0.0  ,  0.0,  0.0,  0.0,  0.0,  0.0,    ,   0.0,       ,      ,      ,        ,        ,        ,        ,        ,        ,        ,        ,      
moogan01 , 1980,     1, EDM , NHL , G  ,  7.0,  0.0,   1.0,   1.0,   0.0, 0.0  ,  0.0,     ,  0.0,     ,  0.0, 0.0,   0.0,    9.0,   0.0,   0.0,     0.0,     0.0,        ,     0.0,        ,     0.0,        ,     0.0,      
moogan01 , 1981,     1, EDM , NHL , G  ,  8.0,  0.0,   1.0,   1.0,   2.0, 0.0  ,  0.0,     ,  0.0,     ,  0.0, 0.0,   0.0,       ,      ,      ,        ,        ,        ,        ,        ,        ,        ,        ,      
moogan01 , 1982,     1, EDM , NHL , G  , 50.0,  0.0,   4.0,   4.0,  16.0, 0.0  ,  0.0,     ,  0.0,     ,  0.0, 0.0,   0.0,   16.0,   0.0,   1.0,     1.0,     2.0,        ,     0.0,        ,     0.0,        ,     0.0,      
moogan01 , 1983,     1, EDM , NHL , G  , 38.0,  0.0,   1.0,   1.0,   4.0, 0.0  ,  0.0,     ,  0.0,     ,  0.0, 0.0,   0.0,    7.0,   0.0,   0.0,     0.0,     2.0, 0.0    ,     0.0,        ,     0.0,        ,     0.0,     0.0
moogan01 , 1984,     1, EDM , NHL , G  , 39.0,  0.0,   0.0,   0.0,   8.0, 0.0  ,  0.0,     ,  0.0,     ,  0.0, 0.0,   0.0,    2.0,   0.0,   0.0,     0.0,     0.0, 0.0    ,     0.0,        ,     0.0,        ,     0.0,     0.0
moogan01 , 1985,     1, EDM , NHL , G  , 47.0,  0.0,   2.0,   2.0,   8.0, 0.0  ,  0.0,     ,  0.0,     ,  0.0, 0.0,   0.0,    1.0,   0.0,   0.0,     0.0,     0.0, 0.0    ,     0.0,        ,     0.0,        ,     0.0,     0.0
moogan01 , 1986,     1, EDM , NHL , G  , 46.0,  0.0,   2.0,   2.0,   8.0, 0.0  ,  0.0,     ,  0.0,     ,  0.0, 0.0,   0.0,    2.0,   0.0,   0.0,     0.0,     0.0, 0.0    ,     0.0,        ,     0.0,        ,     0.0,     0.0
moogan01 , 1987,     1, BOS , NHL , G  ,  6.0,  0.0,   0.0,   0.0,   0.0, 0.0  ,  0.0,  0.0,  0.0,  0.0,  0.0, 0.0,   0.0,    7.0,   0.0,   0.0,     0.0,     0.0, 0.0    ,     0.0,     0.0,     0.0,     0.0,     0.0,     0.0
moogan01 , 1988,     1, BOS , NHL , G  , 41.0,  0.0,   1.0,   1.0,   6.0, 0.0  ,  0.0,     ,  0.0,     ,  0.0, 0.0,   0.0,    6.0,   0.0,   1.0,     1.0,     0.0, 0.0    ,     0.0,     0.0,     0.0,     0.0,     0.0,     0.0
moogan01 , 1989,     1, BOS , NHL , G  , 46.0,  0.0,   3.0,   3.0,  18.0, 0.0  ,  0.0,     ,  0.0,     ,  0.0, 0.0,   0.0,   20.0,   0.0,   0.0,     0.0,     6.0, 0.0    ,     0.0,     0.0,     0.0,     0.0,     0.0,     0.0
moogan01 , 1990,     1, BOS , NHL , G  , 51.0,  0.0,   2.0,   2.0,  20.0, 0.0  ,  0.0,     ,  0.0,     ,  0.0, 0.0,   0.0,   19.0,   0.0,   0.0,     0.0,     4.0, 0.0    ,     0.0,     0.0,     0.0,     0.0,     0.0,     0.0
moogan01 , 1991,     1, BOS , NHL , G  , 62.0,  0.0,   3.0,   3.0,  52.0, 0.0  ,  0.0,  1.0,  0.0,  0.0,  0.0, 0.0,   0.0,   15.0,   0.0,   1.0,     1.0,    17.0, 0.0    ,     0.0,        ,     0.0,        ,     0.0,     0.0
moogan01 , 1992,     1, BOS , NHL , G  , 55.0,  0.0,   1.0,   1.0,  14.0, 0.0  ,  0.0,  0.0,  0.0,  1.0,  0.0, 0.0,   0.0,    3.0,   0.0,   0.0,     0.0,     0.0, 0.0    ,     0.0,     0.0,     0.0,     0.0,     0.0,     0.0
moogan01 , 1993,     1, DAL , NHL , G  , 55.0,  0.0,   1.0,   1.0,  16.0, 0.0  ,  0.0,  1.0,  0.0,  0.0,  0.0, 0.0,   0.0,    4.0,   0.0,   0.0,     0.0,     0.0, 0.0    ,     0.0,     0.0,     0.0,     0.0,     0.0,     0.0
moogan01 , 1994,     1, DAL , NHL , G  , 31.0,  0.0,   1.0,   1.0,  14.0, 0.0  ,  0.0,  0.0,  0.0,  0.0,  0.0, 0.0,   0.0,    5.0,   0.0,   0.0,     0.0,     2.0, 0.0    ,     0.0,     0.0,     0.0,     0.0,     0.0,     0.0
moogan01 , 1995,     1, DAL , NHL , G  , 41.0,  0.0,   0.0,   0.0,  28.0, 0.0  ,  0.0,  0.0,  0.0,  0.0,  0.0, 0.0,   0.0,       ,      ,      ,        ,        ,        ,        ,        ,        ,        ,        ,      
moogan01 , 1996,     1, DAL , NHL , G  , 48.0,  0.0,   1.0,   1.0,  12.0, 0.0  ,  0.0,  0.0,  0.0,  0.0,  0.0, 0.0,   0.0,    7.0,   0.0,   1.0,     1.0,     0.0, 0.0    ,     0.0,     0.0,     0.0,        ,     0.0,     0.0
moogan01 , 1997,     1, MTL , NHL , G  , 42.0,  0.0,   0.0,   0.0,   4.0, 0.0  ,  0.0,  0.0,  0.0,  0.0,  0.0, 0.0,   0.0,    9.0,   0.0,   0.0,     0.0,     0.0, 0.0    ,     0.0,     0.0,     0.0,     0.0,     0.0,     0.0
mooreal01, 1936,     1, NYA , NHL , G  , 18.0,  0.0,   0.0,   0.0,   0.0,      ,     ,     ,     ,     ,     ,    ,      ,       ,      ,      ,        ,        ,        ,        ,        ,        ,        ,        ,      
mooreal01, 1937,     1, CHI , NHL , G  ,     ,     ,      ,      ,      ,      ,     ,     ,     ,     ,     ,    ,      ,    1.0,   0.0,   0.0,     0.0,     0.0,        ,        ,        ,        ,        ,        ,      
mooreal01, 1938,     1, NYA , NHL , G  ,  2.0,  0.0,   0.0,   0.0,   0.0,      ,     ,     ,     ,     ,     ,    ,      ,    2.0,   0.0,   0.0,     0.0,     0.0,        ,        ,        ,        ,        ,        ,      
mooreal01, 1939,     1, DET , NHL , G  ,  1.0,  0.0,   0.0,   0.0,   0.0,      ,     ,     ,     ,     ,     ,    ,      ,       ,      ,      ,        ,        ,        ,        ,        ,        ,        ,        ,      
mooreba01, 1995,     1, BUF , NHL , L  ,  3.0,  0.0,   0.0,   0.0,   0.0, 0.0  ,  0.0,  0.0,  0.0,  0.0,  0.0, 0.0,   3.0,       ,      ,      ,        ,        ,        ,        ,        ,        ,        ,        ,      
mooreba01, 1996,     1, BUF , NHL , L  , 31.0,  2.0,   6.0,   8.0,  18.0, 1.0  ,  1.0,  0.0,  0.0,  0.0,  0.0, 0.0,  42.0,       ,      ,      ,        ,        ,        ,        ,        ,        ,        ,        ,      
mooreba01, 1996,     2, EDM , NHL , L  ,  4.0,  0.0,   0.0,   0.0,   0.0, 0.0  ,  0.0,  0.0,  0.0,  0.0,  0.0, 0.0,   1.0,       ,      ,      ,        ,        ,        ,        ,        ,        ,        ,        ,      
mooreba01, 1999,     1, WAS , NHL , L  ,  1.0,  0.0,   0.0,   0.0,   0.0, 0.0  ,  0.0,  0.0,  0.0,  0.0,  0.0, 0.0,   2.0,       ,      ,      ,        ,        ,        ,        ,        ,        ,        ,        ,      
mooredi01, 1951,     1, MTL , NHL , L  , 33.0, 18.0,  15.0,  33.0,  44.0,      ,     ,     ,     ,     ,     ,    ,      ,   11.0,   1.0,   1.0,     2.0,    12.0,        ,        ,        ,        ,        ,        ,      
mooredi01, 1952,     1, MTL , NHL , L  , 18.0,  2.0,   6.0,   8.0,  19.0,      ,     ,     ,     ,     ,     ,    ,      ,   12.0,   3.0,   2.0,     5.0,    13.0,        ,        ,        ,        ,        ,        ,      
mooredi01, 1953,     1, MTL , NHL , L  , 13.0,  1.0,   4.0,   5.0,  12.0,      ,     ,     ,     ,     ,     ,    ,      ,   11.0,   5.0,   8.0,    13.0,     8.0,        ,        ,        ,        ,        ,        ,      
mooredi01, 1954,     1, MTL , NHL , L  , 67.0, 16.0,  20.0,  36.0,  32.0,      ,     ,     ,     ,     ,     ,    ,      ,   12.0,   1.0,   5.0,     6.0,    22.0,        ,        ,        ,        ,        ,        ,      
mooredi01, 1955,     1, MTL , NHL , L  , 70.0, 11.0,  39.0,  50.0,  55.0,      ,     ,     ,     ,     ,     ,    ,      ,   10.0,   3.0,   6.0,     9.0,    12.0,        ,        ,        ,        ,        ,        ,      
mooredi01, 1956,     1, MTL , NHL , L  , 70.0, 29.0,  29.0,  58.0,  56.0,      ,     ,     ,     ,     ,     ,    ,      ,   10.0,   3.0,   7.0,    10.0,     4.0,        ,        ,        ,        ,        ,        ,      
mooredi01, 1957,     1, MTL , NHL , L  , 70.0, 36.0,  48.0,  84.0,  65.0,      ,     ,     ,     ,     ,     ,    ,      ,   10.0,   4.0,   7.0,    11.0,     4.0,        ,        ,        ,        ,        ,        ,      
mooredi01, 1958,     1, MTL , NHL , L  , 70.0, 41.0,  55.0,  96.0,  61.0,      ,     ,     ,     ,     ,     ,    ,      ,   11.0,   5.0,  12.0,    17.0,     8.0,        ,        ,        ,        ,        ,        ,      
mooredi01, 1959,     1, MTL , NHL , L  , 62.0, 22.0,  42.0,  64.0,  54.0,      ,     ,     ,     ,     ,     ,    ,      ,    8.0,   6.0,   4.0,    10.0,     4.0,        ,        ,        ,        ,        ,        ,      
mooredi01, 1960,     1, MTL , NHL , L  , 57.0, 35.0,  34.0,  69.0,  62.0,      ,     ,     ,     ,     ,     ,    ,      ,    6.0,   3.0,   1.0,     4.0,     4.0,        ,        ,        ,        ,        ,     0.0,      
mooredi01, 1961,     1, MTL , NHL , L  , 57.0, 19.0,  22.0,  41.0,  54.0,      ,     ,     ,     ,     ,     ,    ,      ,    6.0,   4.0,   2.0,     6.0,     8.0,        ,        ,        ,        ,        ,     0.0,      
mooredi01, 1962,     1, MTL , NHL , L  , 67.0, 24.0,  26.0,  50.0,  61.0,      ,     ,     ,     ,     ,     ,    ,      ,    5.0,   0.0,   1.0,     1.0,     2.0,        ,        ,        ,        ,        ,     0.0,      
mooredi01, 1964,     1, TOR , NHL , L  , 38.0,  2.0,   4.0,   6.0,  68.0,      ,  0.0,     ,  0.0,     ,  0.0, 1.0,      ,    5.0,   1.0,   1.0,     2.0,     6.0,        ,        ,        ,        ,        ,     0.0,      
mooredi01, 1967,     1, STL , NHL , L  , 27.0,  5.0,   3.0,   8.0,   9.0, -8.0 ,  1.0,     ,  0.0,     ,  1.0, 0.0,  37.0,   18.0,   7.0,   7.0,    14.0,    15.0,        ,     2.0,        ,     0.0,        ,     1.0,      
mooredo01, 2003,     1, NYR , NHL , C  ,  5.0,  0.0,   3.0,   3.0,   0.0, 0.0  ,  0.0,  2.0,  0.0,  0.0,  0.0, 0.0,   3.0,       ,      ,      ,        ,        ,        ,        ,        ,        ,        ,        ,      
mooredo01, 2005,     1, NYR , NHL , C  , 82.0,  9.0,   9.0,  18.0,  28.0, 4.0  ,  2.0,  2.0,  0.0,  0.0,  1.0,    , 139.0,    4.0,   0.0,   0.0,     0.0,     2.0, -1.0   ,     0.0,     0.0,     0.0,     0.0,     0.0,     8.0
mooredo01, 2006,     1, PIT , NHL , C  , 59.0,  6.0,   9.0,  15.0,  46.0, 1.0  ,  0.0,  0.0,  0.0,  0.0,  0.0,    , 100.0,       ,      ,      ,        ,        ,        ,        ,        ,        ,        ,        ,      
mooredo01, 2006,     2, MIN , NHL , C  , 10.0,  2.0,   0.0,   2.0,  10.0, 3.0  ,  0.0,  0.0,  0.0,  0.0,  1.0,    ,  11.0,       ,      ,      ,        ,        ,        ,        ,        ,        ,        ,        ,      
mooredo01, 2007,     1, MIN , NHL , C  , 30.0,  1.0,   2.0,   3.0,  10.0, -11.0,  0.0,  0.0,  0.0,  0.0,  0.0,    ,  28.0,       ,      ,      ,        ,        ,        ,        ,        ,        ,        ,        ,      
mooredo01, 2007,     2, TOR , NHL , C  , 38.0,  4.0,  10.0,  14.0,  14.0, 7.0  ,  1.0,  0.0,  0.0,  0.0,  0.0,    ,  72.0,       ,      ,      ,        ,        ,        ,        ,        ,        ,        ,        ,      
mooredo01, 2008,     1, TOR , NHL , C  , 63.0, 12.0,  29.0,  41.0,  69.0, -1.0 ,  4.0,  5.0,  1.0,  0.0,  1.0,    , 132.0,       ,      ,      ,        ,        ,        ,        ,        ,        ,        ,        ,      
mooredo01, 2008,     2, BUF , NHL , C  , 18.0,  1.0,   3.0,   4.0,  23.0, -1.0 ,  0.0,  0.0,  0.0,  0.0,  0.0,    ,  33.0,       ,      ,      ,        ,        ,        ,        ,        ,        ,        ,        ,      
mooredo01, 2009,     1, FLO , NHL , C  , 48.0,  8.0,   9.0,  17.0,  35.0, -7.0 ,  2.0,  0.0,  1.0,  0.0,  0.0,    ,  81.0,       ,      ,      ,        ,        ,        ,        ,        ,        ,        ,        ,      
mooredo01, 2009,     2, MTL , NHL , C  , 21.0,  2.0,   9.0,  11.0,   8.0, 4.0  ,  0.0,  0.0,  1.0,  0.0,  0.0,    ,  38.0,   19.0,   4.0,   1.0,     5.0,     6.0, 1.0    ,     0.0,     0.0,     0.0,     0.0,     1.0,    20.0
mooregr01, 2007,     1, NYR , NHL , R  ,  6.0,  0.0,   0.0,   0.0,   0.0, -2.0 ,  0.0,  0.0,  0.0,  0.0,  0.0,    ,  13.0,       ,      ,      ,        ,        ,        ,        ,        ,        ,        ,        ,      
mooregr01, 2009,     1, CBS , NHL , R  ,  4.0,  0.0,   0.0,   0.0,   0.0, 0.0  ,  0.0,  0.0,  0.0,  0.0,  0.0,    ,   2.0,       ,      ,      ,        ,        ,        ,        ,        ,        ,        ,        ,      
moorero01, 1978,     1, PHI , NHL , G  ,  5.0,  0.0,   1.0,   1.0,   0.0, 0.0  ,  0.0,     ,  0.0,     ,  0.0, 0.0,   0.0,    5.0,   0.0,   1.0,     1.0,     2.0,        ,     0.0,        ,     0.0,        ,     0.0,      
moorero01, 1982,     1, WAS , NHL , G  ,  1.0,  0.0,   0.0,   0.0,   0.0, 0.0  ,  0.0,     ,  0.0,     ,  0.0, 0.0,   0.0,       ,      ,      ,        ,        ,        ,        ,        ,        ,        ,        ,      
moorest01, 2001,     1, COL , NHL , C  ,  8.0,  0.0,   0.0,   0.0,   4.0, -4.0 ,  0.0,  0.0,  0.0,  0.0,  0.0, 0.0,   5.0,       ,      ,      ,        ,        ,        ,        ,        ,        ,        ,        ,      
moorest01, 2002,     1, COL , NHL , C  ,  4.0,  0.0,   0.0,   0.0,   0.0, 0.0  ,  0.0,  0.0,  0.0,  0.0,  0.0, 0.0,   0.0,       ,      ,      ,        ,        ,        ,        ,        ,        ,        ,        ,      
moorest01, 2003,     1, COL , NHL , C  , 57.0,  5.0,   7.0,  12.0,  37.0, -5.0 ,  0.0,  0.0,  0.0,  1.0,  1.0, 0.0,  52.0,       ,      ,      ,        ,        ,        ,        ,        ,        ,        ,        ,      
mooret01 , 1913,     1, QU1 , NHA ,    ,  2.0,  0.0,   0.0,   0.0,   0.0,      ,     ,     ,     ,     ,     ,    ,      ,       ,      ,      ,        ,        ,        ,        ,        ,        ,        ,        ,      
moranam01, 1921,     1, REG , WCHL, D  , 25.0,  8.0,   3.0,  11.0,  18.0,      ,     ,     ,     ,     ,     ,    ,      ,    6.0,   1.0,   0.0,     1.0,    12.0,        ,        ,        ,        ,        ,        ,      
moranam01, 1922,     1, REG , WCHL, D  , 28.0, 15.0,   8.0,  23.0,  37.0,      ,     ,     ,     ,     ,     ,    ,      ,    2.0,   0.0,   1.0,     1.0,     0.0,        ,        ,        ,        ,        ,        ,      
moranam01, 1923,     1, REG , WCHL, D  , 14.0,  2.0,   0.0,   2.0,   6.0,      ,     ,     ,     ,     ,     ,    ,      ,       ,      ,      ,        ,        ,        ,        ,        ,        ,        ,        ,      
moranam01, 1924,     1, REG , WCHL, D  ,  6.0,  0.0,   0.0,   0.0,   8.0,      ,     ,     ,     ,     ,     ,    ,      ,       ,      ,      ,        ,        ,        ,        ,        ,        ,        ,        ,      
moranam01, 1924,     2, VMR , WCHL, D  , 15.0, 10.0,   1.0,  11.0,  26.0,      ,     ,     ,     ,     ,     ,    ,      ,       ,      ,      ,        ,        ,        ,        ,        ,        ,        ,        ,      
moranam01, 1925,     1, VMR , WCHL, D  , 30.0,  5.0,   0.0,   5.0,  30.0,      ,     ,     ,     ,     ,     ,    ,      ,       ,      ,      ,        ,        ,        ,        ,        ,        ,        ,        ,      
moranam01, 1926,     1, MTL , NHL , D  , 12.0,  0.0,   0.0,   0.0,  10.0,      ,     ,     ,     ,     ,     ,    ,      ,       ,      ,      ,        ,        ,        ,        ,        ,        ,        ,        ,      
moranam01, 1927,     1, CHI , NHL , D  , 23.0,  1.0,   1.0,   2.0,  14.0,      ,     ,     ,     ,     ,     ,    ,      ,       ,      ,      ,        ,        ,        ,        ,        ,        ,        ,        ,      
moranbr01, 2001,     1, CBS , NHL , C  ,  3.0,  0.0,   0.0,   0.0,   0.0, 0.0  ,  0.0,  0.0,  0.0,  0.0,  0.0, 0.0,   2.0,       ,      ,      ,        ,        ,        ,        ,        ,        ,        ,        ,      
moranbr01, 2003,     1, CBS , NHL , C  ,  2.0,  1.0,   1.0,   2.0,   2.0, -1.0 ,  0.0,  1.0,  0.0,  0.0,  0.0, 0.0,   4.0,       ,      ,      ,        ,        ,        ,        ,        ,        ,        ,        ,      
moranbr01, 2006,     1, VAN , NHL , C  ,  3.0,  0.0,   1.0,   1.0,   2.0, 0.0  ,  0.0,  1.0,  0.0,  0.0,  0.0,    ,   3.0,       ,      ,      ,        ,        ,        ,        ,        ,        ,        ,        ,      
morania01, 1994,     1, PIT , NHL , D  ,     ,     ,      ,      ,      ,      ,     ,     ,     ,     ,     ,    ,      ,    8.0,   0.0,   0.0,     0.0,     0.0, 0.0    ,     0.0,     0.0,     0.0,     0.0,     0.0,     1.0
morania01, 1995,     1, PIT , NHL , D  , 51.0,  1.0,   1.0,   2.0,  47.0, -1.0 ,  0.0,  0.0,  0.0,  0.0,  0.0, 0.0,  44.0,       ,      ,      ,        ,        ,        ,        ,        ,        ,        ,        ,      
morania01, 1996,     1, PIT , NHL , D  , 36.0,  4.0,   5.0,   9.0,  22.0, -11.0,  0.0,  2.0,  0.0,  0.0,  0.0, 0.0,  50.0,    5.0,   1.0,   2.0,     3.0,     4.0, 1.0    ,     0.0,     0.0,     0.0,     0.0,     0.0,     8.0
morania01, 1997,     1, PIT , NHL , R  , 37.0,  1.0,   6.0,   7.0,  19.0, 0.0  ,  0.0,  0.0,  0.0,  0.0,  1.0, 0.0,  33.0,    6.0,   0.0,   0.0,     0.0,     2.0, -1.0   ,     0.0,     0.0,     0.0,     0.0,     0.0,     0.0
morania01, 1998,     1, PIT , NHL , R  , 62.0,  4.0,   5.0,   9.0,  37.0, 1.0  ,  0.0,  0.0,  1.0,  0.0,  0.0, 0.0,  65.0,   13.0,   0.0,   2.0,     2.0,     8.0, -3.0   ,     0.0,     0.0,     0.0,     0.0,     0.0,    12.0
morania01, 1999,     1, PIT , NHL , D  , 73.0,  4.0,   8.0,  12.0,  28.0, -10.0,  0.0,  0.0,  0.0,  0.0,  0.0, 0.0,  58.0,   11.0,   0.0,   1.0,     1.0,     2.0, 0.0    ,     0.0,     0.0,     0.0,     0.0,     0.0,     9.0
morania01, 2000,     1, PIT , NHL , D  , 40.0,  3.0,   4.0,   7.0,  28.0, 5.0  ,  0.0,  0.0,  0.0,  0.0,  1.0, 0.0,  73.0,   18.0,   0.0,   1.0,     1.0,     4.0, -3.0   ,     0.0,     0.0,     0.0,     0.0,     0.0,    23.0
morania01, 2001,     1, PIT , NHL , D  , 64.0,  2.0,   8.0,  10.0,  54.0, -11.0,  0.0,  0.0,  0.0,  1.0,  1.0, 0.0,  94.0,       ,      ,      ,        ,        ,        ,        ,        ,        ,        ,        ,      
morania01, 2002,     1, PIT , NHL , D  , 70.0,  0.0,   7.0,   7.0,  46.0, -17.0,  0.0,  0.0,  0.0,  0.0,  0.0, 0.0,  85.0,       ,      ,      ,        ,        ,        ,        ,        ,        ,        ,        ,      
morania01, 2002,     2, BOS , NHL , D  ,  8.0,  0.0,   1.0,   1.0,   2.0, -1.0 ,  0.0,  0.0,  0.0,  0.0,  0.0, 0.0,  11.0,    5.0,   0.0,   1.0,     1.0,     4.0, -2.0   ,     0.0,     0.0,     0.0,     0.0,     0.0,     2.0
morania01, 2003,     1, BOS , NHL , D  , 35.0,  1.0,   4.0,   5.0,  28.0, 3.0  ,  0.0,  0.0,  0.0,  0.0,  0.0, 0.0,  54.0,       ,      ,      ,        ,        ,        ,        ,        ,        ,        ,        ,      
morania01, 2005,     1, BOS , NHL , D  , 12.0,  1.0,   1.0,   2.0,  10.0, 0.0  ,  0.0,  0.0,  0.0,  0.0,  0.0,    ,   7.0,       ,      ,      ,        ,        ,        ,        ,        ,        ,        ,        ,      
morania01, 2006,     1, AND , NHL , D  ,  1.0,  0.0,   0.0,   0.0,   0.0, -1.0 ,  0.0,  0.0,  0.0,  0.0,  0.0,    ,   0.0,       ,      ,      ,        ,        ,        ,        ,        ,        ,        ,        ,      
moranpa01, 1909,     1, HAI , NHA , G  , 11.0,  0.0,   0.0,   0.0,   0.0,      ,     ,     ,     ,     ,     ,    ,      ,       ,      ,      ,        ,        ,        ,        ,        ,        ,        ,        ,      
moranpa01, 1910,     1, QU1 , NHA , G  , 16.0,  0.0,   0.0,   0.0,   0.0,      ,     ,     ,     ,     ,     ,    ,      ,       ,      ,      ,        ,        ,        ,        ,        ,        ,        ,        ,      
moranpa01, 1911,     1, QU1 , NHA , G  , 18.0,  0.0,   0.0,   0.0,   0.0,      ,     ,     ,     ,     ,     ,    ,      ,       ,      ,      ,        ,        ,        ,        ,        ,        ,        ,        ,      
moranpa01, 1912,     1, QU1 , NHA , G  , 20.0,  0.0,   0.0,   0.0,   0.0,      ,     ,     ,     ,     ,     ,    ,      ,       ,      ,      ,        ,        ,        ,        ,        ,        ,        ,        ,      
moranpa01, 1913,     1, QU1 , NHA , G  , 20.0,  0.0,   0.0,   0.0,   6.0,      ,     ,     ,     ,     ,     ,    ,      ,       ,      ,      ,        ,        ,        ,        ,        ,        ,        ,        ,      
moranpa01, 1914,     1, QU1 , NHA , G  , 20.0,  0.0,   0.0,   0.0,   0.0,      ,     ,     ,     ,     ,     ,    ,      ,       ,      ,      ,        ,        ,        ,        ,        ,        ,        ,        ,      
moranpa01, 1915,     1, QU1 , NHA , G  , 22.0,  0.0,   0.0,   0.0,   0.0,      ,     ,     ,     ,     ,     ,    ,      ,       ,      ,      ,        ,        ,        ,        ,        ,        ,        ,        ,      
moranpa01, 1916,     1, QU1 , NHA , G  ,  6.0,  0.0,   0.0,   0.0,   0.0,      ,     ,     ,     ,     ,     ,    ,      ,       ,      ,      ,        ,        ,        ,        ,        ,        ,        ,        ,      
moravda01, 1999,     1, BUF , NHL , R  ,  1.0,  0.0,   0.0,   0.0,   0.0, -1.0 ,  0.0,  0.0,  0.0,  0.0,  0.0, 0.0,   2.0,       ,      ,      ,        ,        ,        ,        ,        ,        ,        ,        ,      
moreaet01, 1995,     1, CHI , NHL , L  ,  8.0,  0.0,   1.0,   1.0,   4.0, 1.0  ,  0.0,  0.0,  0.0,  0.0,  0.0, 0.0,   1.0,       ,      ,      ,        ,        ,        ,        ,        ,        ,        ,        ,      
moreaet01, 1996,     1, CHI , NHL , L  , 82.0, 15.0,  16.0,  31.0, 123.0, 13.0 ,  0.0,  0.0,  0.0,  0.0,  1.0, 1.0, 114.0,    6.0,   1.0,   0.0,     1.0,     9.0, 3.0    ,     0.0,     0.0,     0.0,     0.0,     0.0,    10.0
moreaet01, 1997,     1, CHI , NHL , L  , 54.0,  9.0,   9.0,  18.0,  73.0, 0.0  ,  2.0,  0.0,  0.0,  0.0,  0.0, 0.0,  87.0,       ,      ,      ,        ,        ,        ,        ,        ,        ,        ,        ,      
moreaet01, 1998,     1, CHI , NHL , L  , 66.0,  9.0,   6.0,  15.0,  84.0, -5.0 ,  0.0,  1.0,  0.0,  0.0,  1.0, 0.0,  80.0,       ,      ,      ,        ,        ,        ,        ,        ,        ,        ,        ,      
moreaet01, 1998,     2, EDM , NHL , L  , 14.0,  1.0,   5.0,   6.0,   8.0, 2.0  ,  0.0,  1.0,  0.0,  0.0,  1.0, 0.0,  16.0,    4.0,   0.0,   3.0,     3.0,     6.0, 3.0    ,     0.0,     0.0,     0.0,     0.0,     0.0,     6.0
moreaet01, 1999,     1, EDM , NHL , L  , 73.0, 17.0,  10.0,  27.0,  62.0, 8.0  ,  1.0,  0.0,  0.0,  1.0,  3.0, 0.0, 106.0,    5.0,   0.0,   1.0,     1.0,     0.0, 0.0    ,     0.0,     0.0,     0.0,     1.0,     0.0,     5.0
moreaet01, 2000,     1, EDM , NHL , L  , 68.0,  9.0,  10.0,  19.0,  90.0, -6.0 ,  0.0,  1.0,  1.0,  1.0,  3.0, 0.0,  97.0,    4.0,   0.0,   0.0,     0.0,     2.0, -2.0   ,     0.0,     0.0,     0.0,     0.0,     0.0,     5.0
moreaet01, 2001,     1, EDM , NHL , L  , 80.0, 11.0,   5.0,  16.0,  81.0, 4.0  ,  0.0,  0.0,  2.0,  1.0,  1.0, 1.0, 129.0,       ,      ,      ,        ,        ,        ,        ,        ,        ,        ,        ,      
moreaet01, 2002,     1, EDM , NHL , L  , 78.0, 14.0,  17.0,  31.0, 112.0, -7.0 ,  2.0,  2.0,  3.0,  2.0,  2.0, 1.0, 137.0,    6.0,   0.0,   1.0,     1.0,    16.0, -4.0   ,     0.0,     1.0,     0.0,     0.0,     0.0,    10.0
moreaet01, 2003,     1, EDM , NHL , L  , 81.0, 20.0,  12.0,  32.0,  96.0, 7.0  ,  0.0,  0.0,  3.0,  0.0,  5.0, 2.0, 180.0,       ,      ,      ,        ,        ,        ,        ,        ,        ,        ,        ,      
moreaet01, 2005,     1, EDM , NHL , L  , 74.0, 11.0,  16.0,  27.0,  87.0, 6.0  ,  2.0,  2.0,  4.0,  3.0,  4.0,    , 151.0,   21.0,   2.0,   1.0,     3.0,    19.0, 0.0    ,     0.0,     0.0,     0.0,     0.0,     0.0,    40.0
moreaet01, 2006,     1, EDM , NHL , L  ,  7.0,  1.0,   0.0,   1.0,  12.0, -4.0 ,  0.0,  0.0,  0.0,  0.0,  0.0,    ,  18.0,       ,      ,      ,        ,        ,        ,        ,        ,        ,        ,        ,      
moreaet01, 2007,     1, EDM , NHL , L  , 25.0,  5.0,   4.0,   9.0,  39.0, -4.0 ,  1.0,  1.0,  0.0,  0.0,  0.0,    ,  54.0,       ,      ,      ,        ,        ,        ,        ,        ,        ,        ,        ,      
moreaet01, 2008,     1, EDM , NHL , L  , 77.0, 14.0,  12.0,  26.0, 133.0, 0.0  ,  0.0,  0.0,  1.0,  0.0,  2.0,    , 159.0,       ,      ,      ,        ,        ,        ,        ,        ,        ,        ,        ,      
moreaet01, 2009,     1, EDM , NHL , L  , 76.0,  9.0,   9.0,  18.0,  62.0, -18.0,  0.0,  1.0,  3.0,  1.0,  2.0,    , 143.0,       ,      ,      ,        ,        ,        ,        ,        ,        ,        ,        ,      
moreja01 , 1988,     1, NYR , NHL , D  ,  1.0,  0.0,   0.0,   0.0,   0.0, -1.0 ,  0.0,  0.0,  0.0,  0.0,  0.0, 0.0,   0.0,       ,      ,      ,        ,        ,        ,        ,        ,        ,        ,        ,      
moreja01 , 1989,     1, MNS , NHL , D  ,  5.0,  0.0,   0.0,   0.0,  16.0, 1.0  ,  0.0,  0.0,  0.0,  0.0,  0.0, 0.0,   4.0,       ,      ,      ,        ,        ,        ,        ,        ,        ,        ,        ,      
moreja01 , 1991,     1, SJS , NHL , D  , 46.0,  4.0,  13.0,  17.0,  85.0, -32.0,  1.0,  5.0,  0.0,  0.0,  1.0, 0.0,  60.0,       ,      ,      ,        ,        ,        ,        ,        ,        ,        ,        ,      
moreja01 , 1992,     1, SJS , NHL , D  , 73.0,  5.0,   6.0,  11.0, 179.0, -35.0,  0.0,  0.0,  1.0,  0.0,  0.0, 0.0, 107.0,       ,      ,      ,        ,        ,        ,        ,        ,        ,        ,        ,      
moreja01 , 1993,     1, SJS , NHL , D  , 49.0,  1.0,   6.0,   7.0,  63.0, -5.0 ,  0.0,  0.0,  0.0,  1.0,  0.0, 0.0,  38.0,   13.0,   0.0,   2.0,     2.0,    32.0, -3.0   ,     0.0,     0.0,     0.0,     0.0,     0.0,     5.0
moreja01 , 1994,     1, SJS , NHL , D  , 45.0,  0.0,   6.0,   6.0,  71.0, 7.0  ,  0.0,  0.0,  0.0,  0.0,  0.0, 0.0,  25.0,   11.0,   0.0,   4.0,     4.0,     6.0, 0.0    ,     0.0,     2.0,     0.0,     0.0,     0.0,    11.0
moreja01 , 1995,     1, SJS , NHL , D  , 74.0,  2.0,   7.0,   9.0, 147.0, -32.0,  0.0,  0.0,  0.0,  0.0,  0.0, 0.0,  67.0,       ,      ,      ,        ,        ,        ,        ,        ,        ,        ,        ,      
moreja01 , 1996,     1, NYR , NHL , D  , 14.0,  0.0,   1.0,   1.0,  25.0, 0.0  ,  0.0,  0.0,  0.0,  0.0,  0.0, 0.0,  10.0,       ,      ,      ,        ,        ,        ,        ,        ,        ,        ,        ,      
moreja01 , 1996,     2, PHO , NHL , D  , 23.0,  1.0,   6.0,   7.0,  37.0, 10.0 ,  0.0,  0.0,  0.0,  1.0,  1.0, 0.0,  18.0,    7.0,   0.0,   0.0,     0.0,     7.0, 1.0    ,     0.0,     0.0,     0.0,     0.0,     0.0,     6.0
moreja01 , 1997,     1, PHO , NHL , D  , 41.0,  5.0,   5.0,  10.0,  53.0, 0.0  ,  0.0,  1.0,  1.0,  0.0,  0.0, 0.0,  40.0,       ,      ,      ,        ,        ,        ,        ,        ,        ,        ,        ,      
moreja01 , 1997,     2, CHI , NHL , D  , 17.0,  0.0,   2.0,   2.0,   8.0, 7.0  ,  0.0,  0.0,  0.0,  0.0,  0.0, 0.0,  17.0,       ,      ,      ,        ,        ,        ,        ,        ,        ,        ,        ,      
moreja01 , 1998,     1, NAS , NHL , D  , 18.0,  0.0,   2.0,   2.0,  18.0, 2.0  ,  0.0,  0.0,  0.0,  0.0,  0.0, 0.0,  24.0,       ,      ,      ,        ,        ,        ,        ,        ,        ,        ,        ,      
morenbr01, 1972,     1, NRA , WHA , R  , 30.0,  7.0,   1.0,   8.0,  23.0,      ,  1.0,     ,  2.0,     ,     ,    ,      ,       ,      ,      ,        ,        ,        ,        ,        ,        ,        ,        ,      
morenbr01, 1973,     1, NYJ , WHA , R  , 75.0, 20.0,  30.0,  50.0,  44.0,      ,  1.0,     ,  2.0,     ,  5.0,    ,      ,       ,      ,      ,        ,        ,        ,        ,        ,        ,        ,        ,      
morenbr01, 1974,     1, SDM , WHA , C  , 78.0, 20.0,  19.0,  39.0,  76.0, -5.0 ,  0.0,     ,  2.0,     ,     ,    , 133.0,   10.0,   0.0,   3.0,     3.0,     8.0,        ,     0.0,        ,     0.0,        ,     0.0,      
morenbr01, 1975,     1, SDM , WHA , L  , 40.0,  6.0,   7.0,  13.0,  22.0, -9.0 ,  0.0,     ,  0.0,     ,  2.0,    ,  38.0,   11.0,   2.0,   1.0,     3.0,    11.0, -3.0   ,        ,        ,        ,        ,        ,      
morenho01, 1923,     1, MTL , NHL , C  , 24.0, 13.0,   3.0,  16.0,  20.0,      ,     ,     ,     ,     ,     ,    ,      ,    2.0,   3.0,   1.0,     4.0,     6.0,        ,        ,        ,        ,        ,        ,      
morenho01, 1924,     1, MTL , NHL , C  , 30.0, 28.0,  11.0,  39.0,  46.0,      ,     ,     ,     ,     ,     ,    ,      ,    2.0,   3.0,   0.0,     3.0,     4.0,        ,        ,        ,        ,        ,        ,      
morenho01, 1925,     1, MTL , NHL , C  , 31.0, 23.0,   3.0,  26.0,  39.0,      ,     ,     ,     ,     ,     ,    ,      ,       ,      ,      ,        ,        ,        ,        ,        ,        ,        ,        ,      
morenho01, 1926,     1, MTL , NHL , C  , 44.0, 25.0,   7.0,  32.0,  49.0,      ,     ,     ,     ,     ,     ,    ,      ,    4.0,   1.0,   0.0,     1.0,     4.0,        ,        ,        ,        ,        ,        ,      
morenho01, 1927,     1, MTL , NHL , C  , 43.0, 33.0,  18.0,  51.0,  66.0,      ,     ,     ,     ,     ,     ,    ,      ,    2.0,   0.0,   0.0,     0.0,    12.0,        ,        ,        ,        ,        ,        ,      
morenho01, 1928,     1, MTL , NHL , C  , 42.0, 17.0,  10.0,  27.0,  47.0,      ,     ,     ,     ,     ,     ,    ,      ,    3.0,   0.0,   0.0,     0.0,     6.0,        ,        ,        ,        ,        ,        ,      
morenho01, 1929,     1, MTL , NHL , C  , 44.0, 40.0,  10.0,  50.0,  72.0,      ,     ,     ,     ,     ,     ,    ,      ,    6.0,   3.0,   0.0,     3.0,    10.0,        ,        ,        ,        ,        ,        ,      
morenho01, 1930,     1, MTL , NHL , C  , 39.0, 28.0,  23.0,  51.0,  49.0,      ,     ,     ,     ,     ,     ,    ,      ,   10.0,   1.0,   4.0,     5.0,    10.0,        ,        ,        ,        ,        ,        ,      
morenho01, 1931,     1, MTL , NHL , C  , 48.0, 24.0,  25.0,  49.0,  46.0,      ,     ,     ,     ,     ,     ,    ,      ,    4.0,   1.0,   0.0,     1.0,     4.0,        ,        ,        ,        ,        ,        ,      
morenho01, 1932,     1, MTL , NHL , C  , 46.0, 14.0,  21.0,  35.0,  32.0,      ,     ,     ,     ,     ,     ,    ,      ,    2.0,   0.0,   3.0,     3.0,     2.0,        ,        ,        ,        ,        ,        ,      
morenho01, 1933,     1, MTL , NHL , C  , 39.0,  8.0,  13.0,  21.0,  21.0,      ,     ,     ,     ,     ,     ,    ,      ,    2.0,   1.0,   1.0,     2.0,     0.0,        ,        ,        ,        ,        ,        ,      
morenho01, 1934,     1, CHI , NHL , C  , 48.0,  8.0,  26.0,  34.0,  21.0,      ,     ,     ,     ,     ,     ,    ,      ,    2.0,   0.0,   0.0,     0.0,     0.0,        ,        ,        ,        ,        ,        ,      
morenho01, 1935,     1, CHI , NHL , C  , 23.0,  4.0,  10.0,  14.0,  20.0,      ,     ,     ,     ,     ,     ,    ,      ,       ,      ,      ,        ,        ,        ,        ,        ,        ,        ,        ,      
morenho01, 1935,     2, NYR , NHL , C  , 19.0,  2.0,   5.0,   7.0,   6.0,      ,     ,     ,     ,     ,     ,    ,      ,       ,      ,      ,        ,        ,        ,        ,        ,        ,        ,        ,      
morenho01, 1936,     1, MTL , NHL , C  , 30.0,  4.0,  16.0,  20.0,  12.0,      ,     ,     ,     ,     ,     ,    ,      ,       ,      ,      ,        ,        ,        ,        ,        ,        ,        ,        ,      
moretan01, 1976,     1, CLE , NHL , C  ,  5.0,  1.0,   2.0,   3.0,   2.0, 0.0  ,  0.0,     ,  0.0,     ,  0.0, 0.0,  13.0,       ,      ,      ,        ,        ,        ,        ,        ,        ,        ,        ,      
moretan01, 1978,     1, IND , WHA , C  , 18.0,  3.0,   1.0,   4.0,   2.0, -6.0 ,  1.0,     ,  0.0,     ,     ,    ,  12.0,       ,      ,      ,        ,        ,        ,        ,        ,        ,        ,        ,      
morgaga01, 2003,     1, DAL , NHL , C  ,  6.0,  0.0,   0.0,   0.0,  21.0, 0.0  ,  0.0,  0.0,  0.0,  0.0,  0.0, 0.0,   7.0,       ,      ,      ,        ,        ,        ,        ,        ,        ,        ,        ,      
morgaja01, 1996,     1, LAK , NHL , C  ,  3.0,  0.0,   0.0,   0.0,   0.0, -3.0 ,  0.0,  0.0,  0.0,  0.0,  0.0, 0.0,   4.0,       ,      ,      ,        ,        ,        ,        ,        ,        ,        ,        ,      
morgaja01, 1997,     1, LAK , NHL , C  , 11.0,  1.0,   0.0,   1.0,   4.0, -7.0 ,  0.0,  0.0,  0.0,  0.0,  0.0, 0.0,   5.0,       ,      ,      ,        ,        ,        ,        ,        ,        ,        ,        ,      
morgaja01, 2003,     1, CAL , NHL , L  , 13.0,  0.0,   2.0,   2.0,   2.0, 1.0  ,  0.0,  0.0,  0.0,  0.0,  0.0, 0.0,  14.0,       ,      ,      ,        ,        ,        ,        ,        ,        ,        ,        ,      
morgaja01, 2003,     2, NAS , NHL , L  ,  6.0,  0.0,   2.0,   2.0,   2.0, 0.0  ,  0.0,  0.0,  0.0,  0.0,  0.0, 0.0,   6.0,       ,      ,      ,        ,        ,        ,        ,        ,        ,        ,        ,      
morgaja01, 2005,     1, CHI , NHL , C  ,  7.0,  1.0,   1.0,   2.0,   6.0, 1.0  ,  0.0,  0.0,  0.0,  0.0,  0.0,    ,   6.0,       ,      ,      ,        ,        ,        ,        ,        ,        ,        ,        ,      
morgaja01, 2006,     1, MIN , NHL , C  ,  4.0,  0.0,   0.0,   0.0,   4.0, -1.0 ,  0.0,  0.0,  0.0,  0.0,  0.0,    ,   0.0,       ,      ,      ,        ,        ,        ,        ,        ,        ,        ,        ,      
morgaro01, 1973,     1, CLC , WHA , L  ,  4.0,  0.0,   1.0,   1.0,   7.0,      ,  0.0,     ,  0.0,     ,  0.0,    ,      ,    2.0,   1.0,   0.0,     1.0,     0.0,        ,        ,        ,        ,        ,     0.0,      
morinpe01, 1941,     1, MTL , NHL , L  , 31.0, 10.0,  12.0,  22.0,   7.0,      ,     ,     ,     ,     ,     ,    ,      ,    1.0,   0.0,   0.0,     0.0,     0.0,        ,        ,        ,        ,        ,        ,      
morinst01, 1989,     1, QUE , NHL , C  ,  6.0,  0.0,   2.0,   2.0,   2.0, 1.0  ,  0.0,  0.0,  0.0,  0.0,  0.0, 0.0,  11.0,       ,      ,      ,        ,        ,        ,        ,        ,        ,        ,        ,      
morinst01, 1990,     1, QUE , NHL , C  , 48.0, 13.0,  27.0,  40.0,  30.0, 6.0  ,  3.0,  4.0,  1.0,  1.0,  2.0, 0.0,  63.0,       ,      ,      ,        ,        ,        ,        ,        ,        ,        ,        ,      
morinst01, 1991,     1, QUE , NHL , C  , 30.0,  2.0,   8.0,  10.0,  14.0, -2.0 ,  0.0,  0.0,  0.0,  0.0,  0.0, 0.0,  41.0,       ,      ,      ,        ,        ,        ,        ,        ,        ,        ,        ,      
morinst01, 1992,     1, VAN , NHL , C  ,  1.0,  0.0,   1.0,   1.0,   0.0, -1.0 ,  0.0,  0.0,  0.0,  0.0,  0.0, 0.0,   3.0,       ,      ,      ,        ,        ,        ,        ,        ,        ,        ,        ,      
morinst01, 1993,     1, VAN , NHL , L  ,  5.0,  1.0,   1.0,   2.0,   6.0, 0.0  ,  0.0,  0.0,  0.0,  0.0,  0.0, 0.0,   6.0,       ,      ,      ,        ,        ,        ,        ,        ,        ,        ,        ,      
morinwa01, 1976,     1, CAC , WHA , D  , 13.0,  2.0,   0.0,   2.0,  25.0, -3.0 ,  0.0,     ,  0.0,     ,     ,    ,  11.0,       ,      ,      ,        ,        ,        ,        ,        ,        ,        ,        ,      
morisda01, 1998,     1, MTL , NHL , L  , 10.0,  0.0,   0.0,   0.0,  52.0, 1.0  ,  0.0,  0.0,  0.0,  0.0,  0.0, 0.0,   2.0,       ,      ,      ,        ,        ,        ,        ,        ,        ,        ,        ,      
morisda01, 1999,     1, MTL , NHL , L  ,  1.0,  0.0,   0.0,   0.0,   5.0, 0.0  ,  0.0,  0.0,  0.0,  0.0,  0.0, 0.0,   0.0,       ,      ,      ,        ,        ,        ,        ,        ,        ,        ,        ,      
morisda02, 2001,     1, FLO , NHL , R  ,  4.0,  0.0,   0.0,   0.0,   5.0, -7.0 ,  0.0,  0.0,  0.0,  0.0,  0.0, 0.0,   2.0,       ,      ,      ,        ,        ,        ,        ,        ,        ,        ,        ,      
morisje01, 1963,     1, MTL , NHL , G  ,  1.0,  0.0,   0.0,   0.0,   0.0,      ,  0.0,     ,  0.0,     ,  0.0, 0.0,      ,       ,      ,      ,        ,        ,        ,        ,        ,        ,        ,        ,      
mormijo01, 2007,     1, CAR , NHL , D  ,  1.0,  0.0,   0.0,   0.0,   0.0, 0.0  ,  0.0,  0.0,  0.0,  0.0,  0.0,    ,   1.0,       ,      ,      ,        ,        ,        ,        ,        ,        ,        ,        ,      
moroma01 , 1997,     1, ANA , NHL , D  ,  1.0,  0.0,   0.0,   0.0,   0.0, 0.0  ,  0.0,  0.0,  0.0,  0.0,  0.0, 0.0,   0.0,       ,      ,      ,        ,        ,        ,        ,        ,        ,        ,        ,      
moroma01 , 1999,     1, NAS , NHL , D  ,  8.0,  0.0,   0.0,   0.0,  40.0, -3.0 ,  0.0,  0.0,  0.0,  0.0,  0.0, 0.0,   3.0,       ,      ,      ,        ,        ,        ,        ,        ,        ,        ,        ,      
moroma01 , 2000,     1, NAS , NHL , D  ,  6.0,  0.0,   0.0,   0.0,  12.0, 1.0  ,  0.0,  0.0,  0.0,  0.0,  0.0, 0.0,   1.0,       ,      ,      ,        ,        ,        ,        ,        ,        ,        ,        ,      
moroma01 , 2001,     1, NAS , NHL , D  , 13.0,  0.0,   0.0,   0.0,  23.0, -3.0 ,  0.0,  0.0,  0.0,  0.0,  0.0, 0.0,   7.0,       ,      ,      ,        ,        ,        ,        ,        ,        ,        ,        ,      
moroma01 , 2001,     2, TOR , NHL , D  ,  2.0,  0.0,   0.0,   0.0,   2.0, 0.0  ,  0.0,  0.0,  0.0,  0.0,  0.0, 0.0,   0.0,       ,      ,      ,        ,        ,        ,        ,        ,        ,        ,        ,      
morozal01, 1997,     1, PIT , NHL , R  , 76.0, 13.0,  13.0,  26.0,   8.0, -4.0 ,  2.0,  0.0,  0.0,  0.0,  3.0, 0.0,  80.0,    6.0,   0.0,   1.0,     1.0,     2.0, -3.0   ,     0.0,     0.0,     0.0,     0.0,     0.0,    10.0
morozal01, 1998,     1, PIT , NHL , R  , 67.0,  9.0,  10.0,  19.0,  14.0, 5.0  ,  0.0,  0.0,  0.0,  0.0,  0.0, 0.0,  75.0,   10.0,   1.0,   1.0,     2.0,     0.0, 1.0    ,     0.0,     0.0,     0.0,     0.0,     0.0,    13.0
morozal01, 1999,     1, PIT , NHL , R  , 68.0, 12.0,  19.0,  31.0,  14.0, 12.0 ,  0.0,  1.0,  1.0,  0.0,  0.0, 0.0, 101.0,    5.0,   0.0,   0.0,     0.0,     0.0, -1.0   ,     0.0,     0.0,     0.0,     0.0,     0.0,     5.0
morozal01, 2000,     1, PIT , NHL , R  , 66.0,  5.0,  14.0,  19.0,   6.0, -8.0 ,  0.0,  3.0,  0.0,  0.0,  1.0, 0.0,  72.0,   18.0,   3.0,   3.0,     6.0,     6.0, 0.0    ,     0.0,     1.0,     1.0,     0.0,     0.0,    30.0
morozal01, 2001,     1, PIT , NHL , L  , 72.0, 20.0,  29.0,  49.0,  16.0, -7.0 ,  7.0,  9.0,  0.0,  1.0,  3.0, 0.0, 162.0,       ,      ,      ,        ,        ,        ,        ,        ,        ,        ,        ,      
morozal01, 2002,     1, PIT , NHL , L  , 27.0,  9.0,  16.0,  25.0,  16.0, -3.0 ,  6.0, 11.0,  0.0,  0.0,  2.0, 1.0,  46.0,       ,      ,      ,        ,        ,        ,        ,        ,        ,        ,        ,      
morozal01, 2003,     1, PIT , NHL , R  , 75.0, 16.0,  34.0,  50.0,  24.0, -24.0,  8.0, 17.0,  0.0,  0.0,  5.0, 1.0, 132.0,       ,      ,      ,        ,        ,        ,        ,        ,        ,        ,        ,      
morribe01, 1914,     1, VA1 , PCHA, R  , 10.0,  7.0,   3.0,  10.0,   0.0,      ,     ,     ,     ,     ,     ,    ,      ,       ,      ,      ,        ,        ,        ,        ,        ,        ,        ,        ,      
morribe01, 1915,     1, SEA , PCHA, C/R, 18.0, 23.0,   9.0,  32.0,  27.0,      ,     ,     ,     ,     ,     ,    ,      ,       ,      ,      ,        ,        ,        ,        ,        ,        ,        ,        ,      
morribe01, 1916,     1, SEA , PCHA, R  , 24.0, 37.0,  17.0,  54.0,  19.0,      ,     ,     ,     ,     ,     ,    ,      ,       ,      ,      ,        ,        ,        ,        ,        ,        ,        ,        ,      
morribe01, 1917,     1, SEA , PCHA, R/C, 18.0, 20.0,  12.0,  32.0,  14.0,      ,     ,     ,     ,     ,     ,    ,      ,    2.0,   1.0,   0.0,     1.0,     0.0,        ,        ,        ,        ,        ,        ,      
morribe01, 1918,     1, SEA , PCHA, C  , 20.0, 22.0,   7.0,  29.0,  12.0,      ,     ,     ,     ,     ,     ,    ,      ,       ,      ,      ,        ,        ,        ,        ,        ,        ,        ,        ,      
morribe01, 1919,     1, SEA , PCHA, C  ,     ,     ,      ,      ,      ,      ,     ,     ,     ,     ,     ,    ,      ,       ,      ,      ,        ,        ,        ,        ,        ,        ,        ,        ,      
morribe01, 1920,     1, SEA , PCHA, R  , 22.0, 11.0,  13.0,  24.0,   3.0,      ,     ,     ,     ,     ,     ,    ,      ,    2.0,   1.0,   0.0,     1.0,     0.0,        ,        ,        ,        ,        ,        ,      
morribe01, 1921,     1, SEA , PCHA, R  , 24.0, 14.0,  10.0,  24.0,   9.0,      ,     ,     ,     ,     ,     ,    ,      ,    2.0,   0.0,   0.0,     0.0,     0.0,        ,        ,        ,        ,        ,        ,      
morribe01, 1922,     1, SEA , PCHA, R  , 28.0, 21.0,   5.0,  26.0,  18.0,      ,     ,     ,     ,     ,     ,    ,      ,       ,      ,      ,        ,        ,        ,        ,        ,        ,        ,        ,      
morribe01, 1923,     1, CAT , WCHL, C  , 30.0, 16.0,   7.0,  23.0,  13.0,      ,     ,     ,     ,     ,     ,    ,      ,    5.0,   3.0,   5.0,     8.0,     6.0,        ,        ,        ,        ,        ,        ,      
morribe01, 1924,     1, CAT , WCHL, C  ,  7.0,  2.0,   0.0,   2.0,   2.0,      ,     ,     ,     ,     ,     ,    ,      ,       ,      ,      ,        ,        ,        ,        ,        ,        ,        ,        ,      
morribe01, 1924,     2, BOS , NHL , R  ,  6.0,  1.0,   0.0,   1.0,   0.0,      ,     ,     ,     ,     ,     ,    ,      ,       ,      ,      ,        ,        ,        ,        ,        ,        ,        ,        ,      
morribe01, 1924,     3, REG , WCHL, C  ,  7.0,  1.0,   2.0,   3.0,   2.0,      ,     ,     ,     ,     ,     ,    ,      ,       ,      ,      ,        ,        ,        ,        ,        ,        ,        ,        ,      
morribi01, 1974,     1, EDO , WHA , L  , 36.0,  4.0,   8.0,  12.0,   6.0, 5.0  ,  0.0,     ,  0.0,     ,     ,    ,  34.0,       ,      ,      ,        ,        ,        ,        ,        ,        ,        ,        ,      
morribr01, 1997,     1, NJD , NHL , C  , 11.0,  5.0,   4.0,   9.0,   0.0, 3.0  ,  0.0,  1.0,  0.0,  0.0,  1.0, 1.0,  19.0,    3.0,   0.0,   1.0,     1.0,     0.0, -1.0   ,     0.0,     1.0,     0.0,     0.0,     0.0,     4.0
morribr01, 1998,     1, NJD , NHL , C  , 76.0, 13.0,  33.0,  46.0,  18.0, -4.0 ,  5.0, 15.0,  0.0,  1.0,  2.0, 0.0, 111.0,    7.0,   0.0,   2.0,     2.0,     0.0, -1.0   ,     0.0,     1.0,     0.0,     0.0,     0.0,    10.0
morribr01, 1999,     1, NJD , NHL , C  , 44.0,  5.0,  21.0,  26.0,   8.0, 8.0  ,  2.0,  7.0,  0.0,  0.0,  1.0, 0.0,  79.0,       ,      ,      ,        ,        ,        ,        ,        ,        ,        ,        ,      
morribr01, 1999,     2, VAN , NHL , C  , 12.0,  2.0,   7.0,   9.0,  10.0, 4.0  ,  0.0,  2.0,  0.0,  0.0,  0.0, 0.0,  17.0,       ,      ,      ,        ,        ,        ,        ,        ,        ,        ,        ,      
morribr01, 2000,     1, VAN , NHL , C  , 82.0, 16.0,  38.0,  54.0,  42.0, 2.0  ,  3.0, 12.0,  2.0,  3.0,  3.0, 3.0, 179.0,    4.0,   1.0,   2.0,     3.0,     0.0, -2.0   ,     1.0,     1.0,     0.0,     0.0,     0.0,    11.0
morribr01, 2001,     1, VAN , NHL , C  , 82.0, 23.0,  44.0,  67.0,  26.0, 18.0 ,  6.0,  7.0,  0.0,  1.0,  4.0, 0.0, 183.0,    6.0,   0.0,   2.0,     2.0,     6.0, -2.0   ,     0.0,     0.0,     0.0,     0.0,     0.0,     4.0
morribr01, 2002,     1, VAN , NHL , C  , 82.0, 25.0,  46.0,  71.0,  36.0, 18.0 ,  6.0, 22.0,  2.0,  0.0,  8.0, 0.0, 167.0,   14.0,   4.0,   7.0,    11.0,    18.0, -4.0   ,     1.0,     4.0,     0.0,     1.0,     1.0,    27.0
morribr01, 2003,     1, VAN , NHL , C  , 82.0, 22.0,  38.0,  60.0,  50.0, 16.0 ,  5.0,  9.0,  1.0,  0.0,  4.0, 1.0, 161.0,    7.0,   2.0,   3.0,     5.0,     8.0, 2.0    ,     1.0,     1.0,     0.0,     0.0,     1.0,    13.0
morribr01, 2005,     1, VAN , NHL , C  , 82.0, 19.0,  37.0,  56.0,  84.0, -1.0 ,  8.0, 15.0,  0.0,  0.0,  5.0,    , 156.0,       ,      ,      ,        ,        ,        ,        ,        ,        ,        ,        ,      
morribr01, 2006,     1, VAN , NHL , C  , 82.0, 20.0,  31.0,  51.0,  60.0, -9.0 ,  6.0, 12.0,  2.0,  0.0,  3.0,    , 139.0,   12.0,   1.0,   3.0,     4.0,     6.0, 4.0    ,     0.0,     1.0,     0.0,     0.0,     0.0,    21.0
morribr01, 2007,     1, VAN , NHL , C  , 39.0,  9.0,  16.0,  25.0,  18.0, -3.0 ,  3.0, 11.0,  0.0,  0.0,  3.0,    ,  54.0,       ,      ,      ,        ,        ,        ,        ,        ,        ,        ,        ,      
morribr01, 2008,     1, AND , NHL , C  , 62.0, 10.0,  12.0,  22.0,  16.0, 0.0  ,  1.0,  4.0,  0.0,  0.0,  2.0,    ,  82.0,       ,      ,      ,        ,        ,        ,        ,        ,        ,        ,        ,      
morribr01, 2008,     2, DAL , NHL , C  , 19.0,  6.0,   3.0,   9.0,  16.0, 3.0  ,  2.0,  0.0,  0.0,  0.0,  2.0,    ,  29.0,       ,      ,      ,        ,        ,        ,        ,        ,        ,        ,        ,      
morribr01, 2009,     1, WAS , NHL , C  , 74.0, 12.0,  30.0,  42.0,  40.0, 23.0 ,  3.0,  5.0,  0.0,  0.0,  3.0,    , 105.0,    5.0,   0.0,   1.0,     1.0,     2.0, -1.0   ,     0.0,     0.0,     0.0,     0.0,     0.0,     6.0
morrida01, 1980,     1, LAK , NHL , R  ,  3.0,  0.0,   0.0,   0.0,   0.0, -1.0 ,  0.0,     ,  0.0,     ,  0.0, 0.0,   2.0,       ,      ,      ,        ,        ,        ,        ,        ,        ,        ,        ,      
morrida01, 1981,     1, LAK , NHL , R  ,  4.0,  0.0,   0.0,   0.0,   0.0, -1.0 ,  0.0,     ,  0.0,     ,  0.0, 0.0,   6.0,       ,      ,      ,        ,        ,        ,        ,        ,        ,        ,        ,      
morrida01, 1982,     1, LAK , NHL , R  , 24.0,  3.0,   3.0,   6.0,   4.0, -7.0 ,  0.0,     ,  0.0,     ,  1.0, 0.0,  16.0,       ,      ,      ,        ,        ,        ,        ,        ,        ,        ,        ,      
morrida01, 1984,     1, VAN , NHL , R  ,  8.0,  0.0,   0.0,   0.0,   0.0, -6.0 ,  0.0,     ,  0.0,     ,  0.0, 0.0,   8.0,       ,      ,      ,        ,        ,        ,        ,        ,        ,        ,        ,      
morride01, 1997,     1, CAL , NHL , D  , 82.0,  9.0,  20.0,  29.0,  88.0, 1.0  ,  5.0,  7.0,  1.0,  2.0,  1.0, 1.0, 120.0,       ,      ,      ,        ,        ,        ,        ,        ,        ,        ,        ,      
morride01, 1998,     1, CAL , NHL , D  , 71.0,  7.0,  27.0,  34.0,  73.0, 4.0  ,  3.0,  7.0,  0.0,  0.0,  2.0, 2.0, 150.0,       ,      ,      ,        ,        ,        ,        ,        ,        ,        ,        ,      
morride01, 1999,     1, CAL , NHL , D  , 78.0,  9.0,  29.0,  38.0,  80.0, 2.0  ,  3.0, 11.0,  0.0,  0.0,  2.0, 0.0, 193.0,       ,      ,      ,        ,        ,        ,        ,        ,        ,        ,        ,      
morride01, 2000,     1, CAL , NHL , D  , 51.0,  5.0,  23.0,  28.0,  56.0, -15.0,  3.0, 14.0,  1.0,  1.0,  4.0, 0.0, 142.0,       ,      ,      ,        ,        ,        ,        ,        ,        ,        ,        ,      
morride01, 2001,     1, CAL , NHL , D  , 61.0,  4.0,  30.0,  34.0,  88.0, -4.0 ,  2.0, 19.0,  0.0,  1.0,  1.0, 0.0, 166.0,       ,      ,      ,        ,        ,        ,        ,        ,        ,        ,        ,      
morride01, 2002,     1, COL , NHL , D  , 75.0, 11.0,  37.0,  48.0,  68.0, 16.0 ,  9.0, 19.0,  0.0,  0.0,  7.0, 0.0, 191.0,    7.0,   0.0,   3.0,     3.0,     6.0, 2.0    ,     0.0,     3.0,     0.0,     0.0,     0.0,    12.0
morride01, 2003,     1, COL , NHL , D  , 69.0,  6.0,  22.0,  28.0,  47.0, 4.0  ,  2.0,  8.0,  0.0,  0.0,  1.0, 0.0, 139.0,       ,      ,      ,        ,        ,        ,        ,        ,        ,        ,        ,      
morride01, 2003,     2, PHO , NHL , D  , 14.0,  0.0,   4.0,   4.0,   2.0, -5.0 ,  0.0,  3.0,  0.0,  0.0,  0.0, 0.0,  28.0,       ,      ,      ,        ,        ,        ,        ,        ,        ,        ,        ,      
morride01, 2005,     1, PHO , NHL , D  , 53.0,  6.0,  21.0,  27.0,  54.0, -7.0 ,  4.0, 14.0,  1.0,  1.0,  2.0,    ,  91.0,       ,      ,      ,        ,        ,        ,        ,        ,        ,        ,        ,      
morride01, 2006,     1, PHO , NHL , D  , 82.0,  6.0,  19.0,  25.0, 115.0, -18.0,  2.0, 10.0,  0.0,  0.0,  1.0,    , 129.0,       ,      ,      ,        ,        ,        ,        ,        ,        ,        ,        ,      
morride01, 2007,     1, PHO , NHL , D  , 82.0,  8.0,  17.0,  25.0,  83.0, 8.0  ,  2.0,  8.0,  0.0,  0.0,  0.0,    , 135.0,       ,      ,      ,        ,        ,        ,        ,        ,        ,        ,        ,      
morride01, 2008,     1, PHO , NHL , D  , 57.0,  5.0,   7.0,  12.0,  24.0, -13.0,  0.0,  1.0,  1.0,  0.0,  0.0,    ,  89.0,       ,      ,      ,        ,        ,        ,        ,        ,        ,        ,        ,      
morride01, 2008,     2, NYR , NHL , D  , 18.0,  0.0,   8.0,   8.0,  16.0, 3.0  ,  0.0,  4.0,  0.0,  1.0,  0.0,    ,  31.0,    7.0,   0.0,   2.0,     2.0,     0.0, -2.0   ,     0.0,     1.0,     0.0,     0.0,     0.0,     6.0
morride01, 2009,     1, BOS , NHL , D  , 58.0,  3.0,  22.0,  25.0,  26.0, -2.0 ,  2.0, 10.0,  0.0,  0.0,  0.0,    ,  95.0,       ,      ,      ,        ,        ,        ,        ,        ,        ,        ,        ,      
morride01, 2009,     2, PHO , NHL , D  , 18.0,  1.0,   3.0,   4.0,  11.0, 4.0  ,  0.0,  1.0,  0.0,  0.0,  0.0,    ,  25.0,    7.0,   1.0,   3.0,     4.0,    11.0, -1.0   ,     1.0,     3.0,     0.0,     0.0,     1.0,    21.0
morrido01, 1947,     1, DET , NHL , C  , 40.0, 10.0,  15.0,  25.0,   6.0,      ,     ,     ,     ,     ,     ,    ,      ,    3.0,   0.0,   1.0,     1.0,     0.0,        ,        ,        ,        ,        ,        ,      
morrido01, 1948,     1, DET , NHL , C  , 13.0,  0.0,   1.0,   1.0,   0.0,      ,     ,     ,     ,     ,     ,    ,      ,       ,      ,      ,        ,        ,        ,        ,        ,        ,        ,        ,      
morrido01, 1950,     1, CHI , NHL , C  , 59.0,  8.0,  12.0,  20.0,   6.0,      ,     ,     ,     ,     ,     ,    ,      ,       ,      ,      ,        ,        ,        ,        ,        ,        ,        ,        ,      
morrido02, 1979,     1, BOS , NHL , R  ,  1.0,  0.0,   0.0,   0.0,   0.0, 0.0  ,  0.0,     ,  0.0,     ,  0.0, 0.0,   1.0,       ,      ,      ,        ,        ,        ,        ,        ,        ,        ,        ,      
morrido02, 1980,     1, BOS , NHL , R  , 18.0,  7.0,   3.0,  10.0,  13.0, 5.0  ,  2.0,     ,  0.0,     ,  0.0, 0.0,  30.0,       ,      ,      ,        ,        ,        ,        ,        ,        ,        ,        ,      
morrido02, 1981,     1, BOS , NHL , R  ,  3.0,  0.0,   0.0,   0.0,   0.0, -2.0 ,  0.0,     ,  0.0,     ,  0.0, 0.0,   1.0,       ,      ,      ,        ,        ,        ,        ,        ,        ,        ,        ,      
morrido02, 1984,     1, BOS , NHL , R  ,  1.0,  0.0,   0.0,   0.0,   2.0, 0.0  ,  0.0,     ,  0.0,     ,  0.0, 0.0,   1.0,       ,      ,      ,        ,        ,        ,        ,        ,        ,        ,        ,      
morriel01, 1943,     1, TOR , NHL , D  , 50.0, 12.0,  21.0,  33.0,  22.0,      ,     ,     ,     ,     ,     ,    ,      ,    5.0,   1.0,   2.0,     3.0,     2.0,        ,        ,        ,        ,        ,        ,      
morriel01, 1944,     1, TOR , NHL , D  , 29.0,  0.0,   2.0,   2.0,  18.0,      ,     ,     ,     ,     ,     ,    ,      ,   13.0,   3.0,   0.0,     3.0,    14.0,        ,        ,        ,        ,        ,        ,      
morriel01, 1945,     1, TOR , NHL , D  , 38.0,  1.0,   5.0,   6.0,  10.0,      ,     ,     ,     ,     ,     ,    ,      ,       ,      ,      ,        ,        ,        ,        ,        ,        ,        ,        ,      
morriel01, 1948,     1, NYR , NHL , D  , 18.0,  0.0,   1.0,   1.0,   8.0,      ,     ,     ,     ,     ,     ,    ,      ,       ,      ,      ,        ,        ,        ,        ,        ,        ,        ,        ,      
morriga01, 1979,     1, PHI , NHL , R  ,  3.0,  0.0,   2.0,   2.0,   0.0, 0.0  ,  0.0,     ,  0.0,     ,  0.0, 0.0,   1.0,    5.0,   0.0,   1.0,     1.0,     2.0,        ,     0.0,        ,     0.0,        ,     0.0,      
morriga01, 1980,     1, PHI , NHL , R  , 33.0,  1.0,  13.0,  14.0,  68.0, 10.0 ,  0.0,     ,  0.0,     ,  1.0, 0.0,  21.0,       ,      ,      ,        ,        ,        ,        ,        ,        ,        ,        ,      
morriga01, 1981,     1, PHI , NHL , R  ,  7.0,  0.0,   0.0,   0.0,   2.0, -6.0 ,  0.0,     ,  0.0,     ,  0.0, 0.0,   5.0,       ,      ,      ,        ,        ,        ,        ,        ,        ,        ,        ,      
morrige01, 1970,     1, STL , NHL , L  , 73.0, 15.0,  10.0,  25.0,   6.0, -2.0 ,  3.0,     ,  0.0,     ,  1.0, 2.0, 122.0,    3.0,   0.0,   0.0,     0.0,     0.0,        ,     0.0,        ,     0.0,        ,     0.0,      
morrige01, 1971,     1, STL , NHL , L  , 42.0,  2.0,  11.0,  13.0,   7.0, -11.0,  2.0,     ,  0.0,     ,  1.0, 0.0,  34.0,       ,      ,      ,        ,        ,        ,        ,        ,        ,        ,        ,      
morrige01, 1972,     1, MFS , WHA , L  , 70.0, 16.0,  24.0,  40.0,  20.0,      ,  9.0,     ,  0.0,     ,     ,    ,      ,    5.0,   1.0,   1.0,     2.0,     2.0,        ,     0.0,        ,     0.0,        ,     0.0,      
morrige01, 1973,     1, MFS , WHA , L  , 73.0, 40.0,  38.0,  78.0,  37.0,      , 12.0,     ,  1.0,     ,  3.0,    ,      ,   11.0,   5.0,   5.0,    10.0,    12.0,        ,        ,        ,        ,        ,     0.0,      
morrige01, 1974,     1, MFS , WHA , L  , 76.0, 31.0,  29.0,  60.0,  30.0, 11.0 ,  9.0,     ,  0.0,     ,  5.0,    , 177.0,   12.0,   5.0,   9.0,    14.0,     0.0,        ,        ,        ,        ,        ,     0.0,      
morrige01, 1975,     1, CAC , WHA , C  , 79.0, 25.0,  32.0,  57.0,  13.0, 5.0  ,  7.0,     ,  1.0,     ,  0.0,    , 145.0,   10.0,   3.0,   2.0,     5.0,     0.0, 2.0    ,        ,        ,        ,        ,        ,      
morrige01, 1976,     1, CAC , WHA , C  , 63.0, 11.0,  19.0,  30.0,  10.0, -10.0,  2.0,     ,  0.0,     ,     ,    ,  99.0,       ,      ,      ,        ,        ,        ,        ,        ,        ,        ,        ,      
morriji01, 1951,     1, BOS , NHL , D  , 14.0,  0.0,   2.0,   2.0,   2.0,      ,     ,     ,     ,     ,     ,    ,      ,       ,      ,      ,        ,        ,        ,        ,        ,        ,        ,        ,      
morriji01, 1951,     2, TOR , NHL , D  , 17.0,  0.0,   1.0,   1.0,   4.0,      ,     ,     ,     ,     ,     ,    ,      ,    2.0,   0.0,   0.0,     0.0,     0.0,        ,        ,        ,        ,        ,        ,      
morriji01, 1952,     1, TOR , NHL , D  , 56.0,  1.0,   8.0,   9.0,  36.0,      ,     ,     ,     ,     ,     ,    ,      ,       ,      ,      ,        ,        ,        ,        ,        ,        ,        ,        ,      
morriji01, 1953,     1, TOR , NHL , D  , 60.0,  9.0,  11.0,  20.0,  51.0,      ,     ,     ,     ,     ,     ,    ,      ,    5.0,   0.0,   0.0,     0.0,     4.0,        ,        ,        ,        ,        ,        ,      
morriji01, 1954,     1, TOR , NHL , D  , 70.0,  5.0,  12.0,  17.0,  84.0,      ,     ,     ,     ,     ,     ,    ,      ,    4.0,   0.0,   1.0,     1.0,     4.0,        ,        ,        ,        ,        ,        ,      
morriji01, 1955,     1, TOR , NHL , D  , 63.0,  2.0,  17.0,  19.0,  77.0,      ,     ,     ,     ,     ,     ,    ,      ,    5.0,   0.0,   0.0,     0.0,     4.0,        ,        ,        ,        ,        ,        ,      
morriji01, 1956,     1, TOR , NHL , D  , 63.0,  3.0,  17.0,  20.0,  44.0,      ,     ,     ,     ,     ,     ,    ,      ,       ,      ,      ,        ,        ,        ,        ,        ,        ,        ,        ,      
morriji01, 1957,     1, TOR , NHL , D  , 70.0,  3.0,  21.0,  24.0,  62.0,      ,     ,     ,     ,     ,     ,    ,      ,       ,      ,      ,        ,        ,        ,        ,        ,        ,        ,        ,      
morriji01, 1958,     1, BOS , NHL , D  , 70.0,  8.0,  17.0,  25.0,  42.0,      ,     ,     ,     ,     ,     ,    ,      ,    6.0,   0.0,   6.0,     6.0,    16.0,        ,        ,        ,        ,        ,        ,      
morriji01, 1959,     1, DET , NHL , D  , 70.0,  3.0,  23.0,  26.0,  62.0,      ,     ,     ,     ,     ,     ,    ,      ,    6.0,   0.0,   2.0,     2.0,     0.0,        ,        ,        ,        ,        ,        ,      
morriji01, 1960,     1, NYR , NHL , D  , 19.0,  1.0,   6.0,   7.0,   6.0,      ,     ,     ,     ,     ,     ,    ,      ,       ,      ,      ,        ,        ,        ,        ,        ,        ,        ,        ,      
morriji01, 1969,     1, PIT , NHL , D  , 59.0,  5.0,  15.0,  20.0,  40.0, -20.0,  2.0,     ,  0.0,     ,  0.0, 1.0, 135.0,    8.0,   0.0,   3.0,     3.0,    10.0,        ,     0.0,        ,     0.0,        ,     0.0,      
morriji01, 1970,     1, PIT , NHL , D  , 73.0,  0.0,  10.0,  10.0,  32.0, -12.0,  0.0,     ,  0.0,     ,  0.0, 0.0, 134.0,       ,      ,      ,        ,        ,        ,        ,        ,        ,        ,        ,      
morrijo01, 1921,     1, EDE , WCHL, R  , 17.0,  8.0,   2.0,  10.0,   4.0,      ,     ,     ,     ,     ,     ,    ,      ,    2.0,   0.0,   0.0,     0.0,     0.0,        ,        ,        ,        ,        ,        ,      
morrijo01, 1922,     1, EDE , WCHL, R  , 26.0, 10.0,   2.0,  12.0,   5.0,      ,     ,     ,     ,     ,     ,    ,      ,    2.0,   0.0,   0.0,     0.0,     0.0,        ,        ,        ,        ,        ,        ,      
morrijo01, 1923,     1, EDE , WCHL, R  , 23.0,  1.0,   2.0,   3.0,   2.0,      ,     ,     ,     ,     ,     ,    ,      ,       ,      ,      ,        ,        ,        ,        ,        ,        ,        ,        ,      
morrijo01, 1924,     1, EDE , WCHL, R  , 27.0,  5.0,   2.0,   7.0,  11.0,      ,     ,     ,     ,     ,     ,    ,      ,       ,      ,      ,        ,        ,        ,        ,        ,        ,        ,        ,      
morrijo01, 1925,     1, NYA , NHL , F  , 18.0,  0.0,   0.0,   0.0,   0.0,      ,     ,     ,     ,     ,     ,    ,      ,       ,      ,      ,        ,        ,        ,        ,        ,        ,        ,        ,      
morrijo02, 1988,     1, NJD , NHL , C  ,  4.0,  0.0,   2.0,   2.0,   0.0, 0.0  ,  0.0,  0.0,  0.0,  0.0,  0.0, 0.0,   1.0,       ,      ,      ,        ,        ,        ,        ,        ,        ,        ,        ,      
morrijo02, 1989,     1, NJD , NHL , C  , 20.0,  6.0,   7.0,  13.0,   8.0, 12.0 ,  2.0,  0.0,  0.0,  0.0,  1.0, 0.0,  17.0,    6.0,   1.0,   3.0,     4.0,    23.0, 0.0    ,     1.0,     0.0,     0.0,     0.0,     0.0,     8.0
morrijo02, 1990,     1, NJD , NHL , C  , 53.0,  9.0,  19.0,  28.0,  27.0, 9.0  ,  1.0,  1.0,  0.0,  0.0,  1.0, 0.0,  44.0,    5.0,   0.0,   4.0,     4.0,     2.0, 3.0    ,     0.0,     1.0,     0.0,     0.0,     0.0,     1.0
morrijo02, 1991,     1, NJD , NHL , C  ,  7.0,  1.0,   2.0,   3.0,   6.0, -6.0 ,  1.0,  2.0,  0.0,  0.0,  0.0, 0.0,   5.0,       ,      ,      ,        ,        ,        ,        ,        ,        ,        ,        ,      
morrijo02, 1992,     1, NJD , NHL , C  ,  2.0,  0.0,   0.0,   0.0,   0.0, -1.0 ,  0.0,  0.0,  0.0,  0.0,  0.0, 0.0,   1.0,       ,      ,      ,        ,        ,        ,        ,        ,        ,        ,        ,      
morrijo02, 1992,     2, SJS , NHL , C  , 13.0,  0.0,   3.0,   3.0,   6.0, -10.0,  0.0,  1.0,  0.0,  0.0,  0.0, 0.0,  11.0,       ,      ,      ,        ,        ,        ,        ,        ,        ,        ,        ,      
morrijo02, 1993,     1, BOS , NHL , C  ,  4.0,  0.0,   0.0,   0.0,   0.0, -2.0 ,  0.0,  0.0,  0.0,  0.0,  0.0, 0.0,   3.0,       ,      ,      ,        ,        ,        ,        ,        ,        ,        ,        ,      
morrike01, 1973,     1, NYJ , WHA , D  , 78.0, 24.0,  43.0,  67.0, 132.0,      ,  5.0,     ,  2.0,     ,  0.0,    ,      ,       ,      ,      ,        ,        ,        ,        ,        ,        ,        ,        ,      
morrike01, 1974,     1, SDM , WHA , D  , 78.0, 20.0,  61.0,  81.0, 143.0, 29.0 ,  7.0,     ,  1.0,     ,     ,    , 280.0,   10.0,   0.0,   7.0,     7.0,     2.0,        ,     0.0,        ,     0.0,        ,     0.0,      
morrike01, 1975,     1, SDM , WHA , D  , 80.0, 22.0,  43.0,  65.0,  56.0, 0.0  ,  7.0,     ,  0.0,     ,  2.0,    , 334.0,   11.0,   1.0,   5.0,     6.0,    12.0, -3.0   ,        ,        ,        ,        ,        ,      
morrike01, 1976,     1, SDM , WHA , D  , 75.0,  8.0,  30.0,  38.0,  68.0, -30.0,  4.0,     ,  0.0,     ,     ,    , 247.0,    7.0,   1.0,   3.0,     4.0,     8.0, 6.0    ,        ,        ,        ,        ,     0.0,      
morrike01, 1977,     1, IND , WHA , D  , 75.0, 17.0,  40.0,  57.0,  49.0, -32.0,  6.0,     ,  1.0,     ,     ,    , 206.0,       ,      ,      ,        ,        ,        ,        ,        ,        ,        ,        ,      
morrike01, 1978,     1, IND , WHA , D  ,  5.0,  0.0,   2.0,   2.0,   0.0, -10.0,  0.0,     ,  0.0,     ,     ,    ,  10.0,       ,      ,      ,        ,        ,        ,        ,        ,        ,        ,        ,      
morrike01, 1978,     2, QUN , WHA , D  , 27.0,  2.0,   5.0,   7.0,  14.0, -2.0 ,  1.0,     ,  0.0,     ,     ,    ,  45.0,       ,      ,      ,        ,        ,        ,        ,        ,        ,        ,        ,      
morrike01, 1979,     1, COR , NHL , D  , 41.0,  4.0,  11.0,  15.0,  23.0, -6.0 ,  2.0,     ,  0.0,     ,  1.0, 0.0,  64.0,       ,      ,      ,        ,        ,        ,        ,        ,        ,        ,        ,      
morrile01, 1969,     1, PHI , NHL , R  , 66.0,  9.0,  10.0,  19.0,  19.0, -3.0 ,  3.0,     ,  0.0,     ,  3.0, 1.0, 130.0,       ,      ,      ,        ,        ,        ,        ,        ,        ,        ,        ,      
morrile01, 1970,     1, PHI , NHL , R  , 78.0,  5.0,   7.0,  12.0,  25.0, -12.0,  0.0,     ,  0.0,     ,  0.0, 0.0, 129.0,    4.0,   0.0,   0.0,     0.0,     2.0,        ,     0.0,        ,     0.0,        ,     0.0,      
morrile01, 1971,     1, PHI , NHL , R  , 58.0,  5.0,   5.0,  10.0,  26.0, -18.0,  1.0,     ,  0.0,     ,  0.0, 0.0,  57.0,       ,      ,      ,        ,        ,        ,        ,        ,        ,        ,        ,      
morrile01, 1972,     1, ATF , NHL , R  , 78.0,  6.0,   9.0,  15.0,  19.0, -11.0,  0.0,     ,  1.0,     ,  2.0, 0.0,  52.0,       ,      ,      ,        ,        ,        ,        ,        ,        ,        ,        ,      
morrile01, 1973,     1, ATF , NHL , R  , 52.0,  1.0,   4.0,   5.0,   0.0, -1.0 ,  0.0,     ,  0.0,     ,  0.0, 0.0,  31.0,       ,      ,      ,        ,        ,        ,        ,        ,        ,        ,        ,      
morrile01, 1974,     1, WAS , NHL , R  , 18.0,  0.0,   4.0,   4.0,   6.0, -14.0,  0.0,     ,  0.0,     ,  0.0, 0.0,  21.0,       ,      ,      ,        ,        ,        ,        ,        ,        ,        ,        ,      
morrile01, 1974,     2, PIT , NHL , R  , 52.0,  7.0,   5.0,  12.0,   4.0, -5.0 ,  1.0,     ,  1.0,     ,  1.0, 0.0,  41.0,    9.0,   0.0,   0.0,     0.0,     0.0,        ,     0.0,        ,     0.0,        ,     0.0,      
morrile01, 1975,     1, PIT , NHL , R  , 78.0,  4.0,   5.0,   9.0,   8.0, 7.0  ,  0.0,     ,  2.0,     ,  0.0, 1.0,  24.0,    3.0,   0.0,   0.0,     0.0,     0.0,        ,     0.0,        ,     0.0,        ,     0.0,      
morrile01, 1976,     1, PIT , NHL , R  , 76.0,  2.0,   1.0,   3.0,   0.0, -6.0 ,  0.0,     ,  0.0,     ,  0.0, 0.0,  25.0,    1.0,   0.0,   0.0,     0.0,     0.0,        ,     0.0,        ,     0.0,        ,     0.0,      
morrile01, 1977,     1, PIT , NHL , R  ,  8.0,  0.0,   2.0,   2.0,   0.0, 3.0  ,  0.0,     ,  0.0,     ,  0.0, 0.0,   3.0,       ,      ,      ,        ,        ,        ,        ,        ,        ,        ,        ,      
morrima01, 1981,     1, NYR , NHL , C  ,  9.0,  1.0,   1.0,   2.0,   0.0, -5.0 ,  0.0,     ,  0.0,     ,  1.0, 0.0,   6.0,       ,      ,      ,        ,        ,        ,        ,        ,        ,        ,        ,      
morrima01, 1983,     1, NYR , NHL , C  ,  1.0,  0.0,   0.0,   0.0,   0.0, 0.0  ,  0.0,     ,  0.0,     ,  0.0, 0.0,   5.0,       ,      ,      ,        ,        ,        ,        ,        ,        ,        ,        ,      
morrimi01, 2005,     1, EDM , NHL , G  , 21.0,  0.0,   0.0,   0.0,   2.0, 0.0  ,  0.0,  0.0,  0.0,  0.0,  0.0,    ,   0.0,       ,      ,      ,        ,        ,        ,        ,        ,        ,        ,        ,      
morrimi01, 2005,     2, OTT , NHL , G  ,  4.0,  0.0,   1.0,   1.0,   0.0, 0.0  ,  0.0,  1.0,  0.0,  0.0,  0.0,    ,   0.0,       ,      ,      ,        ,        ,        ,        ,        ,        ,        ,        ,      
morrimi01, 2006,     1, PHO , NHL , G  ,  4.0,  0.0,   0.0,   0.0,   0.0, 0.0  ,  0.0,  0.0,  0.0,  0.0,  0.0,    ,   0.0,       ,      ,      ,        ,        ,        ,        ,        ,        ,        ,        ,      
morripe01, 1975,     1, EDO , WHA , L  , 75.0,  7.0,  13.0,  20.0,  34.0, -16.0,  1.0,     ,  0.0,     ,  0.0,    ,  62.0,    3.0,   0.0,   1.0,     1.0,     7.0, 0.0    ,        ,        ,        ,        ,        ,      
morripe01, 1976,     1, EDO , WHA , L  ,  3.0,  0.0,   0.0,   0.0,   2.0, -2.0 ,  0.0,     ,  0.0,     ,  0.0,    ,   1.0,       ,      ,      ,        ,        ,        ,        ,        ,        ,        ,        ,      
morriri01, 1972,     1, CHC , WHA , L  , 76.0, 31.0,  17.0,  48.0,  84.0,      ,  4.0,     ,  0.0,     ,     ,    ,      ,       ,      ,      ,        ,        ,        ,        ,        ,        ,        ,        ,      
morriri01, 1973,     1, CHC , WHA , L  , 76.0, 17.0,  16.0,  33.0, 140.0,      ,  1.0,     ,  0.0,     ,  2.0,    ,      ,   18.0,   4.0,   3.0,     7.0,    42.0,        ,        ,        ,        ,        ,     0.0,      
morriri01, 1974,     1, CHC , WHA , L  , 78.0, 15.0,  13.0,  28.0, 110.0, -14.0,  0.0,     ,  2.0,     ,     ,    , 115.0,       ,      ,      ,        ,        ,        ,        ,        ,        ,        ,        ,      
morriri01, 1975,     1, DOT , WHA , L  , 41.0,  9.0,   6.0,  15.0,  58.0, -19.0,  0.0,     ,  2.0,     ,  1.0,    ,  75.0,       ,      ,      ,        ,        ,        ,        ,        ,        ,        ,        ,      
morriri01, 1975,     2, EDO , WHA , L  , 33.0, 11.0,  15.0,  26.0,  52.0, -14.0,  0.0,     ,  4.0,     ,  2.0,    ,  89.0,    4.0,   0.0,   1.0,     1.0,     4.0, -1.0   ,        ,        ,        ,        ,        ,      
morriri01, 1976,     1, EDO , WHA , L  , 79.0, 18.0,  17.0,  35.0,  76.0, -1.0 ,  1.0,     ,  0.0,     ,     ,    , 198.0,    5.0,   0.0,   1.0,     1.0,     4.0,        ,     0.0,        ,     0.0,        ,     0.0,      
morriri01, 1977,     1, EDO , WHA , L  ,  5.0,  1.0,   1.0,   2.0,   7.0, -7.0 ,  0.0,     ,  1.0,     ,     ,    ,   4.0,       ,      ,      ,        ,        ,        ,        ,        ,        ,        ,        ,      
morriri01, 1977,     2, QUN , WHA , L  , 25.0,  0.0,   5.0,   5.0,  40.0, 1.0  ,  0.0,     ,  0.0,     ,     ,    ,  22.0,       ,      ,      ,        ,        ,        ,        ,        ,        ,        ,        ,      
morriro01, 1947,     1, DET , NHL , R  , 34.0,  8.0,   7.0,  15.0,   4.0,      ,     ,     ,     ,     ,     ,    ,      ,    3.0,   0.0,   0.0,     0.0,     0.0,        ,        ,        ,        ,        ,        ,      
morrish01, 2002,     1, BOS , NHL , D  , 11.0,  0.0,   0.0,   0.0,   8.0, 0.0  ,  0.0,  0.0,  0.0,  0.0,  0.0, 0.0,   4.0,       ,      ,      ,        ,        ,        ,        ,        ,        ,        ,        ,      
morrish01, 2003,     1, BOS , NHL , D  , 30.0,  1.0,   7.0,   8.0,  10.0, 10.0 ,  0.0,  0.0,  0.0,  0.0,  0.0, 0.0,  13.0,       ,      ,      ,        ,        ,        ,        ,        ,        ,        ,        ,      
morrish01, 2003,     2, WAS , NHL , D  ,  3.0,  0.0,   0.0,   0.0,   0.0, 0.0  ,  0.0,  0.0,  0.0,  0.0,  0.0, 0.0,   1.0,       ,      ,      ,        ,        ,        ,        ,        ,        ,        ,        ,      
morrish01, 2005,     1, WAS , NHL , D  , 80.0,  1.0,  13.0,  14.0,  91.0, 7.0  ,  0.0,  0.0,  0.0,  3.0,  0.0,    ,  56.0,       ,      ,      ,        ,        ,        ,        ,        ,        ,        ,        ,      
morrish01, 2006,     1, WAS , NHL , D  , 78.0,  3.0,  10.0,  13.0, 106.0, 3.0  ,  0.0,  0.0,  0.0,  1.0,  0.0,    ,  46.0,       ,      ,      ,        ,        ,        ,        ,        ,        ,        ,        ,      
morrish01, 2007,     1, WAS , NHL , D  , 76.0,  1.0,   9.0,  10.0,  63.0, 4.0  ,  0.0,  0.0,  0.0,  1.0,  1.0,    ,  47.0,    7.0,   0.0,   1.0,     1.0,     6.0, -3.0   ,     0.0,     0.0,     0.0,     0.0,     0.0,     2.0
morrish01, 2008,     1, WAS , NHL , D  , 72.0,  3.0,  10.0,  13.0,  77.0, 4.0  ,  0.0,  0.0,  0.0,  0.0,  1.0,    ,  50.0,   14.0,   0.0,   1.0,     1.0,     8.0, 1.0    ,     0.0,     0.0,     0.0,     0.0,     0.0,     6.0
morrish01, 2009,     1, WAS , NHL , D  , 68.0,  1.0,  11.0,  12.0,  68.0, 8.0  ,  0.0,  0.0,  0.0,  0.0,  1.0,    ,  32.0,    5.0,   0.0,   0.0,     0.0,     2.0, 1.0    ,     0.0,     0.0,     0.0,     0.0,     0.0,     1.0
morrobr01, 1999,     1, DAL , NHL , L  , 64.0, 14.0,  19.0,  33.0,  81.0, 8.0  ,  3.0,  5.0,  0.0,  0.0,  3.0, 0.0, 113.0,   21.0,   2.0,   4.0,     6.0,    22.0, 2.0    ,     1.0,     0.0,     0.0,     0.0,     0.0,    30.0
morrobr01, 2000,     1, DAL , NHL , L  , 82.0, 20.0,  24.0,  44.0, 128.0, 18.0 ,  7.0,  5.0,  0.0,  0.0,  6.0, 0.0, 121.0,   10.0,   0.0,   3.0,     3.0,    12.0, 1.0    ,     0.0,     1.0,     0.0,     0.0,     0.0,    14.0
morrobr01, 2001,     1, DAL , NHL , L  , 72.0, 17.0,  18.0,  35.0, 109.0, 12.0 ,  4.0,  2.0,  0.0,  0.0,  3.0, 0.0, 102.0,       ,      ,      ,        ,        ,        ,        ,        ,        ,        ,        ,      
morrobr01, 2002,     1, DAL , NHL , L  , 71.0, 21.0,  22.0,  43.0, 134.0, 20.0 ,  2.0,  0.0,  3.0,  2.0,  4.0, 2.0, 105.0,   12.0,   3.0,   5.0,     8.0,    16.0, 3.0    ,     2.0,     0.0,     0.0,     0.0,     0.0,    28.0
morrobr01, 2003,     1, DAL , NHL , L  , 81.0, 25.0,  24.0,  49.0, 121.0, 10.0 ,  9.0,  3.0,  0.0,  1.0,  3.0, 1.0, 132.0,    5.0,   0.0,   1.0,     1.0,     4.0, 0.0    ,     0.0,     0.0,     0.0,     0.0,     0.0,    10.0
morrobr01, 2005,     1, DAL , NHL , L  , 81.0, 23.0,  42.0,  65.0, 183.0, 30.0 ,  8.0,  9.0,  1.0,  2.0,  4.0,    , 146.0,    5.0,   1.0,   5.0,     6.0,     6.0, -1.0   ,     0.0,     1.0,     0.0,     1.0,     0.0,    10.0
morrobr01, 2006,     1, DAL , NHL , L  , 40.0, 16.0,  15.0,  31.0,  33.0, -2.0 ,  8.0,  4.0,  0.0,  0.0,  3.0,    , 101.0,    7.0,   2.0,   1.0,     3.0,    18.0, -1.0   ,     2.0,     0.0,     0.0,     0.0,     1.0,    17.0
morrobr01, 2007,     1, DAL , NHL , L  , 82.0, 32.0,  42.0,  74.0, 105.0, 23.0 , 12.0, 16.0,  2.0,  0.0,  7.0,    , 207.0,   18.0,   9.0,   6.0,    15.0,    22.0, 0.0    ,     4.0,     3.0,     0.0,     0.0,     2.0,    43.0
morrobr01, 2008,     1, DAL , NHL , L  , 18.0,  5.0,  10.0,  15.0,  49.0, -4.0 ,  2.0,  3.0,  0.0,  0.0,  0.0,    ,  52.0,       ,      ,      ,        ,        ,        ,        ,        ,        ,        ,        ,      
morrobr01, 2009,     1, DAL , NHL , L  , 76.0, 20.0,  26.0,  46.0,  69.0, -3.0 ,  9.0, 10.0,  1.0,  0.0,  2.0,    , 155.0,       ,      ,      ,        ,        ,        ,        ,        ,        ,        ,        ,      
morroda01, 1978,     1, IND , WHA , C  , 10.0,  2.0,  10.0,  12.0,  29.0, -13.0,  0.0,     ,  0.0,     ,     ,    ,  15.0,       ,      ,      ,        ,        ,        ,        ,        ,        ,        ,        ,      
morroke01, 1979,     1, NYI , NHL , D  , 18.0,  0.0,   3.0,   3.0,   4.0, 4.0  ,  0.0,     ,  0.0,     ,  0.0, 0.0,  19.0,   20.0,   1.0,   2.0,     3.0,    12.0,        ,     0.0,        ,     0.0,        ,     1.0,      
morroke01, 1980,     1, NYI , NHL , D  , 80.0,  2.0,  11.0,  13.0,  20.0, 19.0 ,  0.0,     ,  0.0,     ,  0.0, 0.0,  69.0,   18.0,   3.0,   4.0,     7.0,     8.0,        ,     0.0,        ,     0.0,        ,     1.0,      
morroke01, 1981,     1, NYI , NHL , D  , 75.0,  1.0,  18.0,  19.0,  56.0, 53.0 ,  0.0,     ,  0.0,     ,  0.0, 0.0,  91.0,   19.0,   0.0,   4.0,     4.0,     8.0,        ,     0.0,        ,     0.0,        ,     0.0,      
morroke01, 1982,     1, NYI , NHL , D  , 79.0,  5.0,  11.0,  16.0,  44.0, 18.0 ,  0.0,     ,  0.0,     ,  1.0, 0.0, 135.0,   19.0,   5.0,   7.0,    12.0,    18.0,        ,     0.0,        ,     0.0,        ,     0.0,      
morroke01, 1983,     1, NYI , NHL , D  , 63.0,  3.0,  11.0,  14.0,  45.0, 26.0 ,  0.0,     ,  0.0,     ,  1.0, 0.0,  71.0,   20.0,   1.0,   2.0,     3.0,    20.0, 4.0    ,     0.0,        ,     0.0,        ,     1.0,    21.0
morroke01, 1984,     1, NYI , NHL , D  , 15.0,  1.0,   7.0,   8.0,  14.0, 5.0  ,  0.0,     ,  0.0,     ,  0.0, 0.0,  14.0,   10.0,   0.0,   0.0,     0.0,    17.0, -3.0   ,     0.0,        ,     0.0,        ,     0.0,    13.0
morroke01, 1985,     1, NYI , NHL , D  , 69.0,  0.0,  12.0,  12.0,  22.0, 24.0 ,  0.0,     ,  0.0,     ,  0.0, 0.0,  55.0,    2.0,   0.0,   0.0,     0.0,     4.0, -2.0   ,     0.0,        ,     0.0,        ,     0.0,     3.0
morroke01, 1986,     1, NYI , NHL , D  , 64.0,  3.0,   8.0,  11.0,  32.0, 7.0  ,  0.0,     ,  0.0,     ,  0.0, 0.0,  52.0,   13.0,   1.0,   3.0,     4.0,     2.0, -6.0   ,     0.0,        ,     0.0,        ,     0.0,    13.0
morroke01, 1987,     1, NYI , NHL , D  , 53.0,  1.0,   4.0,   5.0,  40.0, 0.0  ,  0.0,  0.0,  0.0,  0.0,  0.0, 0.0,  50.0,    6.0,   0.0,   0.0,     0.0,     8.0, -2.0   ,     0.0,     0.0,     0.0,     0.0,     0.0,    11.0
morroke01, 1988,     1, NYI , NHL , D  , 34.0,  1.0,   3.0,   4.0,  32.0, -7.0 ,  0.0,  0.0,  0.0,  0.0,  0.0, 0.0,  27.0,       ,      ,      ,        ,        ,        ,        ,        ,        ,        ,        ,      
morrosc01, 1994,     1, CAL , NHL , L  ,  4.0,  0.0,   0.0,   0.0,   0.0, 0.0  ,  0.0,  0.0,  0.0,  0.0,  0.0, 0.0,   1.0,       ,      ,      ,        ,        ,        ,        ,        ,        ,        ,        ,      
mortode01, 1989,     1, DET , NHL , D  ,  1.0,  1.0,   0.0,   1.0,   2.0, -1.0 ,  0.0,  0.0,  0.0,  0.0,  0.0, 0.0,   2.0,       ,      ,      ,        ,        ,        ,        ,        ,        ,        ,        ,      
mortscl01, 1972,     1, HOU , WHA , C  , 67.0, 13.0,  16.0,  29.0,  95.0,      ,  2.0,     ,  0.0,     ,     ,    ,      ,   10.0,   0.0,   3.0,     3.0,    16.0,        ,     0.0,        ,     0.0,        ,     0.0,      
mortscl01, 1977,     1, HOU , WHA , C  ,  6.0,  0.0,   1.0,   1.0,   7.0, -1.0 ,  0.0,     ,  0.0,     ,     ,    ,   2.0,    2.0,   0.0,   1.0,     1.0,     0.0, 1.0    ,        ,        ,        ,        ,     0.0,      
mortsgu01, 1946,     1, TOR , NHL , D  , 60.0,  5.0,  13.0,  18.0, 133.0,      ,     ,     ,     ,     ,     ,    ,      ,   11.0,   1.0,   3.0,     4.0,    22.0,        ,        ,        ,        ,        ,        ,      
mortsgu01, 1947,     1, TOR , NHL , D  , 58.0,  7.0,  11.0,  18.0, 118.0,      ,     ,     ,     ,     ,     ,    ,      ,    5.0,   1.0,   2.0,     3.0,     2.0,        ,        ,        ,        ,        ,        ,      
mortsgu01, 1948,     1, TOR , NHL , D  , 60.0,  2.0,  13.0,  15.0,  85.0,      ,     ,     ,     ,     ,     ,    ,      ,    9.0,   2.0,   1.0,     3.0,     8.0,        ,        ,        ,        ,        ,        ,      
mortsgu01, 1949,     1, TOR , NHL , D  , 68.0,  3.0,  14.0,  17.0, 125.0,      ,     ,     ,     ,     ,     ,    ,      ,    7.0,   0.0,   0.0,     0.0,    18.0,        ,        ,        ,        ,        ,        ,      
mortsgu01, 1950,     1, TOR , NHL , D  , 60.0,  3.0,  10.0,  13.0, 142.0,      ,     ,     ,     ,     ,     ,    ,      ,   11.0,   0.0,   1.0,     1.0,     4.0,        ,        ,        ,        ,        ,        ,      
mortsgu01, 1951,     1, TOR , NHL , D  , 65.0,  1.0,  10.0,  11.0, 106.0,      ,     ,     ,     ,     ,     ,    ,      ,    4.0,   0.0,   0.0,     0.0,     8.0,        ,        ,        ,        ,        ,        ,      
mortsgu01, 1952,     1, CHI , NHL , D  , 68.0,  5.0,  18.0,  23.0,  88.0,      ,     ,     ,     ,     ,     ,    ,      ,    7.0,   1.0,   1.0,     2.0,     6.0,        ,        ,        ,        ,        ,        ,      
mortsgu01, 1953,     1, CHI , NHL , D  , 68.0,  5.0,  13.0,  18.0, 132.0,      ,     ,     ,     ,     ,     ,    ,      ,       ,      ,      ,        ,        ,        ,        ,        ,        ,        ,        ,      
mortsgu01, 1954,     1, CHI , NHL , D  , 65.0,  2.0,  11.0,  13.0, 133.0,      ,     ,     ,     ,     ,     ,    ,      ,       ,      ,      ,        ,        ,        ,        ,        ,        ,        ,        ,      
mortsgu01, 1955,     1, CHI , NHL , D  , 52.0,  5.0,  10.0,  15.0,  87.0,      ,     ,     ,     ,     ,     ,    ,      ,       ,      ,      ,        ,        ,        ,        ,        ,        ,        ,        ,      
mortsgu01, 1956,     1, CHI , NHL , D  , 70.0,  5.0,  18.0,  23.0, 147.0,      ,     ,     ,     ,     ,     ,    ,      ,       ,      ,      ,        ,        ,        ,        ,        ,        ,        ,        ,      
mortsgu01, 1957,     1, CHI , NHL , D  , 67.0,  3.0,  10.0,  13.0,  62.0,      ,     ,     ,     ,     ,     ,    ,      ,       ,      ,      ,        ,        ,        ,        ,        ,        ,        ,        ,      
mortsgu01, 1958,     1, DET , NHL , D  , 36.0,  0.0,   1.0,   1.0,  22.0,      ,     ,     ,     ,     ,     ,    ,      ,       ,      ,      ,        ,        ,        ,        ,        ,        ,        ,        ,      
mosdeke01, 1941,     1, BKN , NHL , C  , 41.0,  7.0,   9.0,  16.0,  16.0,      ,     ,     ,     ,     ,     ,    ,      ,       ,      ,      ,        ,        ,        ,        ,        ,        ,        ,        ,      
mosdeke01, 1944,     1, MTL , NHL , C  , 31.0, 12.0,   6.0,  18.0,  16.0,      ,     ,     ,     ,     ,     ,    ,      ,       ,      ,      ,        ,        ,        ,        ,        ,        ,        ,        ,      
mosdeke01, 1945,     1, MTL , NHL , C  , 13.0,  2.0,   1.0,   3.0,   8.0,      ,     ,     ,     ,     ,     ,    ,      ,    9.0,   4.0,   1.0,     5.0,     6.0,        ,        ,        ,        ,        ,        ,      
mosdeke01, 1946,     1, MTL , NHL , C  , 54.0,  5.0,  10.0,  15.0,  50.0,      ,     ,     ,     ,     ,     ,    ,      ,    4.0,   2.0,   0.0,     2.0,     4.0,        ,        ,        ,        ,        ,        ,      
mosdeke01, 1947,     1, MTL , NHL , C  , 23.0,  1.0,   0.0,   1.0,  19.0,      ,     ,     ,     ,     ,     ,    ,      ,       ,      ,      ,        ,        ,        ,        ,        ,        ,        ,        ,      
mosdeke01, 1948,     1, MTL , NHL , C  , 60.0, 17.0,   9.0,  26.0,  50.0,      ,     ,     ,     ,     ,     ,    ,      ,    7.0,   1.0,   1.0,     2.0,     4.0,        ,        ,        ,        ,        ,        ,      
mosdeke01, 1949,     1, MTL , NHL , C  , 67.0, 15.0,  12.0,  27.0,  42.0,      ,     ,     ,     ,     ,     ,    ,      ,    5.0,   0.0,   0.0,     0.0,    12.0,        ,        ,        ,        ,        ,        ,      
mosdeke01, 1950,     1, MTL , NHL , C  , 66.0, 13.0,  18.0,  31.0,  24.0,      ,     ,     ,     ,     ,     ,    ,      ,   11.0,   1.0,   1.0,     2.0,     4.0,        ,        ,        ,        ,        ,        ,      
mosdeke01, 1951,     1, MTL , NHL , C  , 44.0,  5.0,  11.0,  16.0,  19.0,      ,     ,     ,     ,     ,     ,    ,      ,    2.0,   1.0,   0.0,     1.0,     0.0,        ,        ,        ,        ,        ,        ,      
mosdeke01, 1952,     1, MTL , NHL , C  , 63.0,  5.0,  14.0,  19.0,  27.0,      ,     ,     ,     ,     ,     ,    ,      ,    7.0,   3.0,   2.0,     5.0,     4.0,        ,        ,        ,        ,        ,        ,      
mosdeke01, 1953,     1, MTL , NHL , C  , 67.0, 22.0,  24.0,  46.0,  64.0,      ,     ,     ,     ,     ,     ,    ,      ,   11.0,   1.0,   0.0,     1.0,     4.0,        ,        ,        ,        ,        ,        ,      
mosdeke01, 1954,     1, MTL , NHL , C  , 70.0, 22.0,  32.0,  54.0,  82.0,      ,     ,     ,     ,     ,     ,    ,      ,   12.0,   2.0,   7.0,     9.0,     8.0,        ,        ,        ,        ,        ,        ,      
mosdeke01, 1955,     1, MTL , NHL , C  , 67.0, 13.0,  17.0,  30.0,  48.0,      ,     ,     ,     ,     ,     ,    ,      ,    9.0,   1.0,   1.0,     2.0,     2.0,        ,        ,        ,        ,        ,        ,      
mosdeke01, 1956,     1, CHI , NHL , R  , 25.0,  2.0,   4.0,   6.0,  10.0,      ,     ,     ,     ,     ,     ,    ,      ,       ,      ,      ,        ,        ,        ,        ,        ,        ,        ,        ,      
mosdeke01, 1957,     1, MTL , NHL , R  ,  2.0,  0.0,   1.0,   1.0,   0.0,      ,     ,     ,     ,     ,     ,    ,      ,       ,      ,      ,        ,        ,        ,        ,        ,        ,        ,        ,      
mosdeke01, 1958,     1, MTL , NHL , C  ,     ,     ,      ,      ,      ,      ,     ,     ,     ,     ,     ,    ,      ,    3.0,   0.0,   0.0,     0.0,     0.0,        ,        ,        ,        ,        ,        ,      
mosdewa01, 1972,     1, PHB , WHA , D  ,  8.0,  0.0,   1.0,   1.0,  12.0,      ,  0.0,     ,  0.0,     ,     ,    ,      ,       ,      ,      ,        ,        ,        ,        ,        ,        ,        ,        ,      
mosiebi01, 1941,     1, CHI , NHL , R  , 12.0,  6.0,   8.0,  14.0,   4.0,      ,     ,     ,     ,     ,     ,    ,      ,    3.0,   2.0,   0.0,     2.0,     0.0,        ,        ,        ,        ,        ,        ,      
mosiebi01, 1942,     1, CHI , NHL , R  ,  2.0,  2.0,   0.0,   2.0,   0.0,      ,     ,     ,     ,     ,     ,    ,      ,       ,      ,      ,        ,        ,        ,        ,        ,        ,        ,        ,      
mosiebi01, 1943,     1, CHI , NHL , R  , 50.0, 32.0,  38.0,  70.0,  10.0,      ,     ,     ,     ,     ,     ,    ,      ,    8.0,   2.0,   2.0,     4.0,     6.0,        ,        ,        ,        ,        ,        ,      
mosiebi01, 1944,     1, CHI , NHL , R  , 50.0, 28.0,  26.0,  54.0,   0.0,      ,     ,     ,     ,     ,     ,    ,      ,       ,      ,      ,        ,        ,        ,        ,        ,        ,        ,        ,      
mosiebi01, 1945,     1, CHI , NHL , R  , 40.0, 18.0,  30.0,  48.0,  12.0,      ,     ,     ,     ,     ,     ,    ,      ,    4.0,   2.0,   0.0,     2.0,     2.0,        ,        ,        ,        ,        ,        ,      
mosiebi01, 1946,     1, CHI , NHL , R  , 59.0, 25.0,  27.0,  52.0,   2.0,      ,     ,     ,     ,     ,     ,    ,      ,       ,      ,      ,        ,        ,        ,        ,        ,        ,        ,        ,      
mosiebi01, 1947,     1, CHI , NHL , R  , 40.0, 16.0,   9.0,  25.0,   0.0,      ,     ,     ,     ,     ,     ,    ,      ,       ,      ,      ,        ,        ,        ,        ,        ,        ,        ,        ,      
mosiebi01, 1948,     1, CHI , NHL , R  , 60.0, 17.0,  25.0,  42.0,   6.0,      ,     ,     ,     ,     ,     ,    ,      ,       ,      ,      ,        ,        ,        ,        ,        ,        ,        ,        ,      
mosiebi01, 1949,     1, CHI , NHL , R  , 69.0, 18.0,  28.0,  46.0,  10.0,      ,     ,     ,     ,     ,     ,    ,      ,       ,      ,      ,        ,        ,        ,        ,        ,        ,        ,        ,      
mosiebi01, 1950,     1, CHI , NHL , R  , 65.0, 21.0,  15.0,  36.0,  18.0,      ,     ,     ,     ,     ,     ,    ,      ,       ,      ,      ,        ,        ,        ,        ,        ,        ,        ,        ,      
mosiebi01, 1951,     1, CHI , NHL , R  , 70.0, 31.0,  22.0,  53.0,  10.0,      ,     ,     ,     ,     ,     ,    ,      ,       ,      ,      ,        ,        ,        ,        ,        ,        ,        ,        ,      
mosiebi01, 1952,     1, CHI , NHL , R  , 65.0, 17.0,  20.0,  37.0,   8.0,      ,     ,     ,     ,     ,     ,    ,      ,    7.0,   4.0,   2.0,     6.0,     7.0,        ,        ,        ,        ,        ,        ,      
mosiebi01, 1953,     1, CHI , NHL , R  , 65.0, 15.0,  19.0,  34.0,  17.0,      ,     ,     ,     ,     ,     ,    ,      ,       ,      ,      ,        ,        ,        ,        ,        ,        ,        ,        ,      
mosiebi01, 1954,     1, CHI , NHL , R  , 64.0, 12.0,  15.0,  27.0,  24.0,      ,     ,     ,     ,     ,     ,    ,      ,       ,      ,      ,        ,        ,        ,        ,        ,        ,        ,        ,      
mossda01 , 2006,     1, CAL , NHL , L  , 41.0, 10.0,   8.0,  18.0,  12.0, 5.0  ,  3.0,  1.0,  0.0,  0.0,  1.0,    ,  70.0,    6.0,   0.0,   1.0,     1.0,     0.0, -3.0   ,     0.0,     1.0,     0.0,     0.0,     0.0,     5.0
mossda01 , 2007,     1, CAL , NHL , R  , 41.0,  4.0,   7.0,  11.0,  10.0, -4.0 ,  0.0,  0.0,  0.0,  0.0,  0.0,    ,  60.0,    5.0,   1.0,   1.0,     2.0,     4.0, 2.0    ,     0.0,     0.0,     0.0,     0.0,     0.0,     6.0
mossda01 , 2008,     1, CAL , NHL , R  , 81.0, 20.0,  19.0,  39.0,  22.0, -5.0 ,  8.0,  3.0,  0.0,  1.0,  4.0,    , 194.0,    6.0,   3.0,   0.0,     3.0,     0.0, 0.0    ,     0.0,     0.0,     0.0,     0.0,     1.0,    17.0
mossda01 , 2009,     1, CAL , NHL , L  , 64.0,  8.0,   9.0,  17.0,  20.0, -9.0 ,  3.0,  1.0,  0.0,  0.0,  2.0,    , 133.0,       ,      ,      ,        ,        ,        ,        ,        ,        ,        ,        ,      
mossty01 , 1997,     1, CAL , NHL , G  ,  6.0,  0.0,   0.0,   0.0,   0.0, 0.0  ,  0.0,  0.0,  0.0,  0.0,  0.0, 0.0,   0.0,       ,      ,      ,        ,        ,        ,        ,        ,        ,        ,        ,      
mossty01 , 1998,     1, CAL , NHL , G  , 11.0,  0.0,   1.0,   1.0,   0.0, 0.0  ,  0.0,  1.0,  0.0,  0.0,  0.0, 0.0,   0.0,       ,      ,      ,        ,        ,        ,        ,        ,        ,        ,        ,      
mossty01 , 2000,     1, CAR , NHL , G  , 12.0,  0.0,   0.0,   0.0,   0.0, 0.0  ,  0.0,  0.0,  0.0,  0.0,  0.0, 0.0,   0.0,       ,      ,      ,        ,        ,        ,        ,        ,        ,        ,        ,      
mossty01 , 2002,     1, VAN , NHL , G  ,  1.0,  0.0,   0.0,   0.0,   0.0, 0.0  ,  0.0,  0.0,  0.0,  0.0,  0.0, 0.0,   0.0,       ,      ,      ,        ,        ,        ,        ,        ,        ,        ,        ,      
motinjo01, 2009,     1, EDM , NHL , D  ,  1.0,  0.0,   0.0,   0.0,   0.0, -1.0 ,  0.0,  0.0,  0.0,  0.0,  0.0,    ,   0.0,       ,      ,      ,        ,        ,        ,        ,        ,        ,        ,        ,      
mottami01, 2000,     1, NYR , NHL , D  , 18.0,  0.0,   3.0,   3.0,  13.0, -6.0 ,  0.0,  2.0,  0.0,  0.0,  0.0, 0.0,  17.0,       ,      ,      ,        ,        ,        ,        ,        ,        ,        ,        ,      
mottami01, 2001,     1, NYR , NHL , D  ,  1.0,  0.0,   0.0,   0.0,   0.0, 0.0  ,  0.0,  0.0,  0.0,  0.0,  0.0, 0.0,   0.0,       ,      ,      ,        ,        ,        ,        ,        ,        ,        ,        ,      
mottami01, 2002,     1, CAL , NHL , D  ,  4.0,  0.0,   0.0,   0.0,   0.0, -1.0 ,  0.0,  0.0,  0.0,  0.0,  0.0, 0.0,   0.0,       ,      ,      ,        ,        ,        ,        ,        ,        ,        ,        ,      
mottami01, 2007,     1, NJD , NHL , D  , 76.0,  4.0,  13.0,  17.0,  48.0, -11.0,  1.0,  5.0,  0.0,  0.0,  1.0,    ,  68.0,    5.0,   1.0,   0.0,     1.0,     0.0, -3.0   ,     0.0,     0.0,     0.0,     0.0,     0.0,     4.0
mottami01, 2008,     1, NJD , NHL , D  , 80.0,  1.0,  14.0,  15.0,  35.0, 24.0 ,  0.0,  1.0,  0.0,  1.0,  0.0,    ,  71.0,    7.0,   1.0,   1.0,     2.0,     0.0, -3.0   ,     0.0,     0.0,     0.0,     0.0,     0.0,     1.0
mottami01, 2009,     1, NJD , NHL , D  , 79.0,  2.0,  16.0,  18.0,  41.0, 4.0  ,  0.0,  2.0,  0.0,  0.0,  0.0,    ,  74.0,    5.0,   0.0,   1.0,     1.0,     0.0, 0.0    ,     0.0,     0.0,     0.0,     0.0,     0.0,     1.0
mottda01 , 1972,     1, PHB , WHA , L  ,  1.0,  0.0,   0.0,   0.0,   0.0,      ,  0.0,     ,  0.0,     ,     ,    ,      ,       ,      ,      ,        ,        ,        ,        ,        ,        ,        ,        ,      
motteal01, 1934,     1, BOS , NHL , C/D,  3.0,  0.0,   0.0,   0.0,   0.0,      ,     ,     ,     ,     ,     ,    ,      ,    4.0,   0.0,   0.0,     0.0,     0.0,        ,        ,        ,        ,        ,        ,      
motteal01, 1935,     1, BOS , NHL , C/D, 23.0,  1.0,   4.0,   5.0,   4.0,      ,     ,     ,     ,     ,     ,    ,      ,    2.0,   0.0,   0.0,     0.0,     0.0,        ,        ,        ,        ,        ,        ,      
motteal01, 1937,     1, DET , NHL , C  , 32.0,  5.0,  17.0,  22.0,   6.0,      ,     ,     ,     ,     ,     ,    ,      ,       ,      ,      ,        ,        ,        ,        ,        ,        ,        ,        ,      
motteal01, 1938,     1, DET , NHL , C  , 44.0,  5.0,  11.0,  16.0,  17.0,      ,     ,     ,     ,     ,     ,    ,      ,    4.0,   0.0,   1.0,     1.0,     0.0,        ,        ,        ,        ,        ,        ,      
motteal01, 1939,     1, DET , NHL , D  , 37.0,  7.0,  12.0,  19.0,  28.0,      ,     ,     ,     ,     ,     ,    ,      ,    5.0,   1.0,   1.0,     2.0,    15.0,        ,        ,        ,        ,        ,        ,      
motteal01, 1940,     1, DET , NHL , D  , 47.0, 13.0,  12.0,  25.0,  18.0,      ,     ,     ,     ,     ,     ,    ,      ,    9.0,   1.0,   3.0,     4.0,     4.0,        ,        ,        ,        ,        ,        ,      
motteal01, 1941,     1, DET , NHL , D  , 19.0,  2.0,   4.0,   6.0,  20.0,      ,     ,     ,     ,     ,     ,    ,      ,   12.0,   1.0,   3.0,     4.0,    20.0,        ,        ,        ,        ,        ,        ,      
motteal01, 1942,     1, DET , NHL , D  , 50.0,  6.0,   4.0,  10.0,  42.0,      ,     ,     ,     ,     ,     ,    ,      ,    5.0,   0.0,   1.0,     1.0,     2.0,        ,        ,        ,        ,        ,        ,      
mottmo01 , 1972,     1, CLF , NHL , R  , 70.0,  6.0,   7.0,  13.0,   8.0, -17.0,  1.0,     ,  0.0,     ,  1.0, 0.0,  71.0,       ,      ,      ,        ,        ,        ,        ,        ,        ,        ,        ,      
mottmo01 , 1973,     1, CLF , NHL , R  , 77.0,  9.0,  17.0,  26.0,  33.0, -19.0,  1.0,     ,  1.0,     ,  0.0, 2.0,  90.0,       ,      ,      ,        ,        ,        ,        ,        ,        ,        ,        ,      
mottmo01 , 1974,     1, CLF , NHL , R  , 52.0,  3.0,   8.0,  11.0,   8.0, -10.0,  0.0,     ,  0.0,     ,  1.0, 0.0,  31.0,       ,      ,      ,        ,        ,        ,        ,        ,        ,        ,        ,      
mottmo01 , 1976,     1, WIJ , WHA , R  ,  2.0,  0.0,   1.0,   1.0,   5.0, 1.0  ,  0.0,     ,  0.0,     ,  0.0,    ,   1.0,       ,      ,      ,        ,        ,        ,        ,        ,        ,        ,        ,      
motzkjo01, 2003,     1, CBS , NHL , R  ,  2.0,  0.0,   0.0,   0.0,   0.0, 0.0  ,  0.0,  0.0,  0.0,  0.0,  0.0, 0.0,   1.0,       ,      ,      ,        ,        ,        ,        ,        ,        ,        ,        ,      
motzkjo01, 2005,     1, CBS , NHL , L  ,  2.0,  0.0,   0.0,   0.0,   0.0, -2.0 ,  0.0,  0.0,  0.0,  0.0,  0.0,    ,   3.0,       ,      ,      ,        ,        ,        ,        ,        ,        ,        ,        ,      
motzkjo01, 2006,     1, CBS , NHL , R  ,  7.0,  1.0,   0.0,   1.0,   0.0, 0.0  ,  0.0,  0.0,  0.0,  0.0,  0.0,    ,  10.0,       ,      ,      ,        ,        ,        ,        ,        ,        ,        ,        ,      
motzkjo01, 2006,     2, AND , NHL , R  ,     ,     ,      ,      ,      ,      ,     ,     ,     ,     ,     ,    ,      ,    3.0,   0.0,   0.0,     0.0,     2.0, 0.0    ,     0.0,     0.0,     0.0,     0.0,     0.0,     2.0
motzkjo01, 2007,     1, WAS , NHL , R  ,  8.0,  2.0,   2.0,   4.0,   0.0, 1.0  ,  0.0,  0.0,  0.0,  0.0,  0.0,    ,  10.0,       ,      ,      ,        ,        ,        ,        ,        ,        ,        ,        ,      
motzkjo01, 2008,     1, ATL , NHL , R  ,  6.0,  1.0,   0.0,   1.0,   0.0, 1.0  ,  0.0,  0.0,  0.0,  0.0,  0.0,    ,   8.0,       ,      ,      ,        ,        ,        ,        ,        ,        ,        ,        ,      
moulsma01, 2007,     1, LAK , NHL , L  , 22.0,  5.0,   4.0,   9.0,   4.0, 2.0  ,  0.0,  0.0,  0.0,  0.0,  0.0,    ,  35.0,       ,      ,      ,        ,        ,        ,        ,        ,        ,        ,        ,      
moulsma01, 2008,     1, LAK , NHL , L  ,  7.0,  1.0,   0.0,   1.0,   2.0, -4.0 ,  0.0,  0.0,  0.0,  0.0,  1.0,    ,   6.0,       ,      ,      ,        ,        ,        ,        ,        ,        ,        ,        ,      
moulsma01, 2009,     1, NYI , NHL , L  , 82.0, 30.0,  18.0,  48.0,  16.0, -2.0 ,  8.0,  7.0,  0.0,  0.0,  5.0,    , 208.0,       ,      ,      ,        ,        ,        ,        ,        ,        ,        ,        ,      
mowatbo01, 1974,     1, PHR , WHA , R  , 53.0,  9.0,  10.0,  19.0,  34.0, -4.0 ,  0.0,     ,  1.0,     ,     ,    ,  56.0,    4.0,   0.0,   0.0,     0.0,     0.0,        ,     0.0,        ,     0.0,        ,     0.0,      
mowerjo01, 1940,     1, DET , NHL , G  , 48.0,  0.0,   0.0,   0.0,   0.0,      ,     ,     ,     ,     ,     ,    ,      ,    9.0,   0.0,   0.0,     0.0,     0.0,        ,        ,        ,        ,        ,        ,      
mowerjo01, 1941,     1, DET , NHL , G  , 47.0,  0.0,   1.0,   1.0,   0.0,      ,     ,     ,     ,     ,     ,    ,      ,   12.0,   0.0,   0.0,     0.0,     0.0,        ,        ,        ,        ,        ,        ,      
mowerjo01, 1942,     1, DET , NHL , G  , 50.0,  0.0,   0.0,   0.0,   0.0,      ,     ,     ,     ,     ,     ,    ,      ,   10.0,   0.0,   0.0,     0.0,     0.0,        ,        ,        ,        ,        ,        ,      
mowerjo01, 1946,     1, DET , NHL , G  ,  7.0,  0.0,   0.0,   0.0,   2.0,      ,     ,     ,     ,     ,     ,    ,      ,    1.0,   0.0,   0.0,     0.0,     0.0,        ,        ,        ,        ,        ,        ,      
mowerma01, 1998,     1, NAS , NHL , R  , 30.0,  0.0,   6.0,   6.0,   4.0, -4.0 ,  0.0,  0.0,  0.0,  0.0,  0.0, 0.0,  24.0,       ,      ,      ,        ,        ,        ,        ,        ,        ,        ,        ,      
mowerma01, 1999,     1, NAS , NHL , R  , 41.0,  4.0,   5.0,   9.0,  10.0, 0.0  ,  0.0,  0.0,  0.0,  0.0,  0.0, 0.0,  50.0,       ,      ,      ,        ,        ,        ,        ,        ,        ,        ,        ,      
mowerma01, 2001,     1, NAS , NHL , L  , 14.0,  1.0,   2.0,   3.0,   2.0, -2.0 ,  0.0,  0.0,  0.0,  0.0,  0.0, 0.0,   5.0,       ,      ,      ,        ,        ,        ,        ,        ,        ,        ,        ,      
mowerma01, 2003,     1, DET , NHL , L  , 52.0,  3.0,   8.0,  11.0,   4.0, 3.0  ,  1.0,  0.0,  0.0,  0.0,  1.0, 0.0,  48.0,       ,      ,      ,        ,        ,        ,        ,        ,        ,        ,        ,      
mowerma01, 2005,     1, DET , NHL , R  , 46.0,  4.0,  11.0,  15.0,  16.0, 13.0 ,  0.0,  0.0,  0.0,  0.0,  0.0,    ,  65.0,    3.0,   0.0,   0.0,     0.0,     0.0, 0.0    ,     0.0,     0.0,     0.0,     0.0,     0.0,     4.0
mowerma01, 2006,     1, BOS , NHL , R  , 78.0,  5.0,  12.0,  17.0,  26.0, -10.0,  0.0,  1.0,  1.0,  0.0,  0.0,    ,  60.0,       ,      ,      ,        ,        ,        ,        ,        ,        ,        ,        ,      
mowerma01, 2007,     1, AND , NHL , R  , 17.0,  1.0,   0.0,   1.0,   8.0, 0.0  ,  0.0,  0.0,  0.0,  0.0,  0.0,    ,   6.0,       ,      ,      ,        ,        ,        ,        ,        ,        ,        ,        ,      
moxeyji01, 1974,     1, CLF , NHL , R  , 47.0,  5.0,   4.0,   9.0,   4.0, -4.0 ,  1.0,     ,  0.0,     ,  0.0, 0.0,  77.0,       ,      ,      ,        ,        ,        ,        ,        ,        ,        ,        ,      
moxeyji01, 1975,     1, CLF , NHL , R  , 44.0, 10.0,  16.0,  26.0,  33.0, -10.0,  2.0,     ,  0.0,     ,  0.0, 1.0, 106.0,       ,      ,      ,        ,        ,        ,        ,        ,        ,        ,        ,      
moxeyji01, 1976,     1, CLE , NHL , R  , 35.0,  7.0,   7.0,  14.0,  20.0, -15.0,  1.0,     ,  0.0,     ,  0.0, 0.0,  62.0,       ,      ,      ,        ,        ,        ,        ,        ,        ,        ,        ,      
moxeyji01, 1976,     2, LAK , NHL , R  ,  1.0,  0.0,   0.0,   0.0,   2.0, 0.0  ,  0.0,     ,  0.0,     ,  0.0, 0.0,   0.0,       ,      ,      ,        ,        ,        ,        ,        ,        ,        ,        ,      
moynesp01, 1916,     1, VML , PCHA, R  , 19.0,  3.0,   9.0,  12.0,  30.0,      ,     ,     ,     ,     ,     ,    ,      ,       ,      ,      ,        ,        ,        ,        ,        ,        ,        ,        ,      
moynesp01, 1917,     1, VML , PCHA, R  , 18.0,  5.0,   3.0,   8.0,  21.0,      ,     ,     ,     ,     ,     ,    ,      ,    1.0,   0.0,   0.0,     0.0,     0.0,        ,        ,        ,        ,        ,        ,      
mrazeje01, 1975,     1, PHI , NHL , G  ,  1.0,  0.0,   0.0,   0.0,   0.0, 0.0  ,  0.0,     ,  0.0,     ,  0.0, 0.0,   0.0,       ,      ,      ,        ,        ,        ,        ,        ,        ,        ,        ,      
mroziri01, 2002,     1, CAL , NHL , D  ,  2.0,  0.0,   0.0,   0.0,   0.0, 0.0  ,  0.0,  0.0,  0.0,  0.0,  0.0, 0.0,   2.0,       ,      ,      ,        ,        ,        ,        ,        ,        ,        ,        ,      
muckabi01, 1998,     1, VAN , NHL , R  , 73.0, 16.0,  20.0,  36.0,  98.0, -9.0 ,  4.0,  7.0,  2.0,  0.0,  1.0, 0.0, 119.0,       ,      ,      ,        ,        ,        ,        ,        ,        ,        ,        ,      
muckabi01, 1999,     1, VAN , NHL , R  , 33.0,  4.0,   8.0,  12.0,  17.0, 6.0  ,  1.0,  1.0,  0.0,  0.0,  1.0, 0.0,  53.0,       ,      ,      ,        ,        ,        ,        ,        ,        ,        ,        ,      
muckabi01, 1999,     2, NYI , NHL , R  , 12.0,  4.0,   3.0,   7.0,   4.0, 5.0  ,  0.0,  0.0,  0.0,  0.0,  0.0, 1.0,  26.0,       ,      ,      ,        ,        ,        ,        ,        ,        ,        ,        ,      
muckabi01, 2000,     1, NYI , NHL , R  , 60.0, 11.0,  15.0,  26.0,  33.0, -4.0 ,  1.0,  3.0,  0.0,  0.0,  2.0, 1.0,  90.0,       ,      ,      ,        ,        ,        ,        ,        ,        ,        ,        ,      
muckabi01, 2001,     1, OTT , NHL , R  , 70.0,  0.0,   8.0,   8.0,  46.0, -3.0 ,  0.0,  0.0,  0.0,  0.0,  0.0, 0.0,  73.0,       ,      ,      ,        ,        ,        ,        ,        ,        ,        ,        ,      
muckabi01, 2002,     1, MIN , NHL , R  ,  8.0,  5.0,   3.0,   8.0,   6.0, 5.0  ,  0.0,  0.0,  0.0,  0.0,  0.0, 0.0,  13.0,    5.0,   0.0,   0.0,     0.0,     0.0, -3.0   ,     0.0,     0.0,     0.0,     0.0,     0.0,     4.0
muellpe01, 2007,     1, PHO , NHL , C  , 81.0, 22.0,  32.0,  54.0,  32.0, -13.0,  7.0, 15.0,  0.0,  0.0,  3.0,    , 201.0,       ,      ,      ,        ,        ,        ,        ,        ,        ,        ,        ,      
muellpe01, 2008,     1, PHO , NHL , R  , 72.0, 13.0,  23.0,  36.0,  24.0, -7.0 ,  5.0,  6.0,  0.0,  0.0,  4.0,    , 138.0,       ,      ,      ,        ,        ,        ,        ,        ,        ,        ,        ,      
muellpe01, 2009,     1, PHO , NHL , C  , 54.0,  4.0,  13.0,  17.0,   8.0, -5.0 ,  1.0,  1.0,  0.0,  0.0,  1.0,    ,  89.0,       ,      ,      ,        ,        ,        ,        ,        ,        ,        ,        ,      
muellpe01, 2009,     2, COL , NHL , C  , 15.0,  9.0,  11.0,  20.0,   8.0, 4.0  ,  3.0,  6.0,  0.0,  0.0,  1.0,    ,  35.0,       ,      ,      ,        ,        ,        ,        ,        ,        ,        ,        ,      
muirbr01 , 1995,     1, EDM , NHL , D  ,  5.0,  0.0,   0.0,   0.0,   6.0, -4.0 ,  0.0,  0.0,  0.0,  0.0,  0.0, 0.0,   4.0,       ,      ,      ,        ,        ,        ,        ,        ,        ,        ,        ,      
muirbr01 , 1996,     1, EDM , NHL , D  ,     ,     ,      ,      ,      ,      ,     ,     ,     ,     ,     ,    ,      ,    5.0,   0.0,   0.0,     0.0,     4.0, -2.0   ,     0.0,     0.0,     0.0,     0.0,     0.0,     7.0
muirbr01 , 1997,     1, EDM , NHL , D  ,  7.0,  0.0,   0.0,   0.0,  17.0, 0.0  ,  0.0,  0.0,  0.0,  0.0,  0.0, 0.0,   6.0,       ,      ,      ,        ,        ,        ,        ,        ,        ,        ,        ,      
muirbr01 , 1998,     1, NJD , NHL , D  ,  1.0,  0.0,   0.0,   0.0,   0.0, 0.0  ,  0.0,  0.0,  0.0,  0.0,  0.0, 0.0,   4.0,       ,      ,      ,        ,        ,        ,        ,        ,        ,        ,        ,      
muirbr01 , 1998,     2, CHI , NHL , D  , 53.0,  1.0,   4.0,   5.0,  50.0, 1.0  ,  0.0,  0.0,  0.0,  0.0,  0.0, 0.0,  78.0,       ,      ,      ,        ,        ,        ,        ,        ,        ,        ,        ,      
muirbr01 , 1999,     1, CHI , NHL , D  , 11.0,  2.0,   3.0,   5.0,  13.0, -1.0 ,  0.0,  2.0,  1.0,  0.0,  0.0, 0.0,  19.0,       ,      ,      ,        ,        ,        ,        ,        ,        ,        ,        ,      
muirbr01 , 1999,     2, TBL , NHL , D  , 30.0,  1.0,   1.0,   2.0,  32.0, -8.0 ,  0.0,  0.0,  0.0,  0.0,  0.0, 0.0,  32.0,       ,      ,      ,        ,        ,        ,        ,        ,        ,        ,        ,      
muirbr01 , 2000,     1, TBL , NHL , D  , 10.0,  0.0,   3.0,   3.0,  15.0, -7.0 ,  0.0,  2.0,  0.0,  0.0,  0.0, 0.0,  14.0,       ,      ,      ,        ,        ,        ,        ,        ,        ,        ,        ,      
muirbr01 , 2000,     2, COL , NHL , D  ,  8.0,  0.0,   0.0,   0.0,   4.0, 0.0  ,  0.0,  0.0,  0.0,  0.0,  0.0, 0.0,   3.0,    3.0,   0.0,   0.0,     0.0,     0.0, 0.0    ,     0.0,     0.0,     0.0,     0.0,     0.0,     0.0
muirbr01 , 2001,     1, COL , NHL , D  , 22.0,  1.0,   1.0,   2.0,   9.0, 1.0  ,  0.0,  1.0,  0.0,  0.0,  0.0, 0.0,  26.0,   21.0,   0.0,   0.0,     0.0,     2.0, -3.0   ,     0.0,     0.0,     0.0,     0.0,     0.0,     8.0
muirbr01 , 2002,     1, COL , NHL , D  , 32.0,  0.0,   2.0,   2.0,  19.0, 3.0  ,  0.0,  0.0,  0.0,  0.0,  0.0, 0.0,   9.0,       ,      ,      ,        ,        ,        ,        ,        ,        ,        ,        ,      
muirbr01 , 2003,     1, LAK , NHL , D  ,  2.0,  0.0,   1.0,   1.0,   2.0, 1.0  ,  0.0,  0.0,  0.0,  1.0,  0.0, 0.0,   2.0,       ,      ,      ,        ,        ,        ,        ,        ,        ,        ,        ,      
muirbr01 , 2005,     1, WAS , NHL , D  , 72.0,  8.0,  18.0,  26.0,  72.0, -9.0 ,  4.0, 13.0,  0.0,  0.0,  0.0,    , 136.0,       ,      ,      ,        ,        ,        ,        ,        ,        ,        ,        ,      
muirbr01 , 2006,     1, WAS , NHL , D  , 26.0,  3.0,   4.0,   7.0,  42.0, 3.0  ,  0.0,  2.0,  0.0,  0.0,  1.0,    ,  28.0,       ,      ,      ,        ,        ,        ,        ,        ,        ,        ,        ,      
mulclja01, 1909,     1, MOS , NHA ,    ,  3.0,  4.0,   0.0,   4.0,   3.0,      ,     ,     ,     ,     ,     ,    ,      ,       ,      ,      ,        ,        ,        ,        ,        ,        ,        ,        ,      
mulheri01, 1975,     1, ATF , NHL , D  , 12.0,  1.0,   0.0,   1.0,   4.0, -8.0 ,  1.0,     ,  0.0,     ,  0.0, 0.0,  17.0,       ,      ,      ,        ,        ,        ,        ,        ,        ,        ,        ,      
mulheri01, 1976,     1, ATF , NHL , D  , 79.0, 12.0,  32.0,  44.0,  80.0, 6.0  ,  2.0,     ,  1.0,     ,  1.0, 2.0, 156.0,    3.0,   0.0,   2.0,     2.0,     5.0,        ,     0.0,        ,     0.0,        ,     0.0,      
mulheri01, 1977,     1, ATF , NHL , D  , 79.0,  9.0,  23.0,  32.0,  47.0, 11.0 ,  0.0,     ,  0.0,     ,  1.0, 0.0, 125.0,    2.0,   0.0,   1.0,     1.0,     0.0,        ,     0.0,        ,     0.0,        ,     0.0,      
mulheri01, 1978,     1, ATF , NHL , D  , 37.0,  3.0,  12.0,  15.0,  22.0, 6.0  ,  0.0,     ,  0.0,     ,  0.0, 0.0,  58.0,       ,      ,      ,        ,        ,        ,        ,        ,        ,        ,        ,      
mulheri01, 1978,     2, LAK , NHL , D  , 36.0,  2.0,   9.0,  11.0,  23.0, -3.0 ,  1.0,     ,  0.0,     ,  0.0, 1.0,  57.0,    1.0,   0.0,   0.0,     0.0,     0.0,        ,     0.0,        ,     0.0,        ,     0.0,      
mulheri01, 1979,     1, LAK , NHL , D  , 15.0,  0.0,   3.0,   3.0,  16.0, 1.0  ,  0.0,     ,  0.0,     ,  0.0, 0.0,   8.0,       ,      ,      ,        ,        ,        ,        ,        ,        ,        ,        ,      
mulheri01, 1979,     2, TOR , NHL , D  , 26.0,  0.0,  10.0,  10.0,  11.0, -1.0 ,  0.0,     ,  0.0,     ,  0.0, 0.0,  30.0,    1.0,   0.0,   0.0,     0.0,     0.0,        ,     0.0,        ,     0.0,        ,     0.0,      
mulheri01, 1980,     1, WIN , NHL , D  , 19.0,  0.0,   4.0,   4.0,  14.0, -9.0 ,  0.0,     ,  0.0,     ,  0.0, 0.0,  24.0,       ,      ,      ,        ,        ,        ,        ,        ,        ,        ,        ,      
mulhery01, 1997,     1, WAS , NHL , C  ,  3.0,  0.0,   0.0,   0.0,   0.0, 0.0  ,  0.0,  0.0,  0.0,  0.0,  0.0, 0.0,   1.0,       ,      ,      ,        ,        ,        ,        ,        ,        ,        ,        ,      
mullebr01, 1982,     1, WIN , NHL , L  , 80.0, 24.0,  26.0,  50.0,  14.0, 11.0 ,  7.0,     ,  0.0,     ,  1.0, 0.0, 194.0,    3.0,   1.0,   0.0,     1.0,     0.0,        ,     0.0,        ,     0.0,        ,     0.0,      
mullebr01, 1983,     1, WIN , NHL , L  , 75.0, 21.0,  41.0,  62.0,  28.0, -12.0,  4.0,     ,  4.0,     ,  1.0, 1.0, 164.0,    3.0,   0.0,   3.0,     3.0,     6.0, -3.0   ,     0.0,        ,     0.0,        ,     0.0,    11.0
mullebr01, 1984,     1, WIN , NHL , L  , 69.0, 32.0,  39.0,  71.0,  32.0, 15.0 ,  8.0,     ,  0.0,     ,  4.0, 1.0, 191.0,    8.0,   1.0,   2.0,     3.0,     4.0, -1.0   ,     0.0,        ,     0.0,        ,     1.0,    10.0
mullebr01, 1985,     1, WIN , NHL , L  , 79.0, 28.0,  34.0,  62.0,  38.0, -17.0, 13.0,     ,  0.0,     ,  3.0, 0.0, 211.0,    3.0,   1.0,   2.0,     3.0,     6.0, -1.0   ,     1.0,        ,     0.0,        ,     0.0,    11.0
mullebr01, 1986,     1, WIN , NHL , L  , 69.0, 19.0,  32.0,  51.0,  20.0, -2.0 ,  7.0,     ,  0.0,     ,  4.0, 0.0, 185.0,    9.0,   4.0,   2.0,     6.0,     0.0, -2.0   ,     2.0,        ,     0.0,        ,     0.0,    22.0
mullebr01, 1987,     1, NYR , NHL , L  , 74.0, 25.0,  29.0,  54.0,  42.0, -2.0 , 10.0,  9.0,  0.0,  0.0,  4.0, 0.0, 147.0,       ,      ,      ,        ,        ,        ,        ,        ,        ,        ,        ,      
mullebr01, 1988,     1, NYR , NHL , L  , 78.0, 29.0,  35.0,  64.0,  60.0, 7.0  ,  8.0,  9.0,  3.0,  2.0,  5.0, 1.0, 217.0,    3.0,   0.0,   1.0,     1.0,     4.0, 2.0    ,     0.0,     0.0,     0.0,     0.0,     0.0,     4.0
mullebr01, 1989,     1, NYR , NHL , R  , 76.0, 27.0,  41.0,  68.0,  42.0, 7.0  ,  7.0, 15.0,  3.0,  1.0,  3.0, 1.0, 186.0,   10.0,   2.0,   2.0,     4.0,     8.0, 2.0    ,     2.0,     0.0,     0.0,     0.0,     0.0,    27.0
mullebr01, 1990,     1, NYR , NHL , L  , 79.0, 19.0,  43.0,  62.0,  44.0, 12.0 ,  4.0, 11.0,  0.0,  1.0,  3.0, 0.0, 188.0,    6.0,   0.0,   2.0,     2.0,     0.0, -1.0   ,     0.0,     0.0,     0.0,     0.0,     0.0,     9.0
mullebr01, 1991,     1, SJS , NHL , R  , 72.0, 18.0,  28.0,  46.0,  66.0, -14.0,  5.0,  7.0,  3.0,  1.0,  1.0, 0.0, 168.0,       ,      ,      ,        ,        ,        ,        ,        ,        ,        ,        ,      
mullebr01, 1992,     1, NYI , NHL , L  , 81.0, 18.0,  14.0,  32.0,  28.0, 5.0  ,  1.0,  1.0,  0.0,  1.0,  1.0, 0.0, 126.0,   18.0,   3.0,   4.0,     7.0,     2.0, -4.0   ,     0.0,     1.0,     0.0,     0.0,     1.0,    30.0
mullejo01, 1979,     1, STL , NHL , R  ,     ,     ,      ,      ,      ,      ,     ,     ,     ,     ,     ,    ,      ,    1.0,   0.0,   0.0,     0.0,     0.0,        ,     0.0,        ,     0.0,        ,     0.0,      
mullejo01, 1981,     1, STL , NHL , R  , 45.0, 25.0,  34.0,  59.0,   4.0, 11.0 , 10.0,     ,  0.0,     ,  3.0, 0.0, 141.0,   10.0,   7.0,  11.0,    18.0,     4.0,        ,     1.0,        ,     0.0,        ,     0.0,      
mullejo01, 1982,     1, STL , NHL , R  , 49.0, 17.0,  30.0,  47.0,   6.0, -5.0 ,  5.0,     ,  0.0,     ,  0.0, 0.0, 128.0,       ,      ,      ,        ,        ,        ,        ,        ,        ,        ,        ,      
mullejo01, 1983,     1, STL , NHL , R  , 80.0, 41.0,  44.0,  85.0,  19.0, -8.0 , 13.0,     ,  0.0,     ,  6.0, 0.0, 228.0,    6.0,   2.0,   0.0,     2.0,     0.0, 0.0    ,     0.0,        ,     0.0,        ,     0.0,    21.0
mullejo01, 1984,     1, STL , NHL , R  , 79.0, 40.0,  52.0,  92.0,   6.0, 5.0  , 13.0,     ,  0.0,     ,  4.0, 0.0, 252.0,    3.0,   0.0,   0.0,     0.0,     0.0, 1.0    ,     0.0,        ,     0.0,        ,     0.0,    10.0
mullejo01, 1985,     1, STL , NHL , R  , 48.0, 28.0,  24.0,  52.0,  10.0, -7.0 ,  9.0,     ,  0.0,     ,  4.0, 0.0, 142.0,       ,      ,      ,        ,        ,        ,        ,        ,        ,        ,        ,      
mullejo01, 1985,     2, CAL , NHL , R  , 29.0, 16.0,  22.0,  38.0,  11.0, 2.0  ,  5.0,     ,  0.0,     ,  4.0, 0.0,  61.0,   21.0,  12.0,   7.0,    19.0,     4.0, -3.0   ,     4.0,        ,     0.0,        ,     2.0,    53.0
mullejo01, 1986,     1, CAL , NHL , R  , 79.0, 47.0,  40.0,  87.0,  14.0, 18.0 , 15.0,     ,  0.0,     , 12.0, 1.0, 206.0,    6.0,   2.0,   1.0,     3.0,     0.0, -4.0   ,     1.0,        ,     0.0,        ,     1.0,    12.0
mullejo01, 1987,     1, CAL , NHL , R  , 80.0, 40.0,  44.0,  84.0,  30.0, 28.0 , 12.0, 13.0,  0.0,  0.0,  5.0, 0.0, 205.0,    7.0,   2.0,   4.0,     6.0,    10.0, 0.0    ,     0.0,     2.0,     0.0,     0.0,     0.0,    21.0
mullejo01, 1988,     1, CAL , NHL , R  , 79.0, 51.0,  59.0, 110.0,  16.0, 51.0 , 13.0, 27.0,  1.0,  1.0,  7.0, 0.0, 270.0,   21.0,  16.0,   8.0,    24.0,     4.0, 8.0    ,     6.0,     3.0,     0.0,     1.0,     1.0,    91.0
mullejo01, 1989,     1, CAL , NHL , R  , 78.0, 36.0,  33.0,  69.0,  24.0, 6.0  ,  8.0, 16.0,  3.0,  0.0,  5.0, 0.0, 236.0,    6.0,   3.0,   0.0,     3.0,     0.0, -4.0   ,     0.0,     0.0,     1.0,     0.0,     0.0,    12.0
mullejo01, 1990,     1, PIT , NHL , R  , 47.0, 17.0,  22.0,  39.0,   6.0, 9.0  ,  8.0,  7.0,  0.0,  0.0,  2.0, 0.0,  85.0,   22.0,   8.0,   9.0,    17.0,     4.0, 17.0   ,     1.0,     2.0,     0.0,     0.0,     1.0,    44.0
mullejo01, 1991,     1, PIT , NHL , R  , 77.0, 42.0,  45.0,  87.0,  30.0, 12.0 , 14.0, 12.0,  0.0,  0.0,  4.0, 1.0, 226.0,    9.0,   3.0,   1.0,     4.0,     4.0, -4.0   ,     1.0,     0.0,     0.0,     0.0,     0.0,    21.0
mullejo01, 1992,     1, PIT , NHL , R  , 72.0, 33.0,  37.0,  70.0,  14.0, 19.0 ,  9.0,  9.0,  3.0,  1.0,  3.0, 2.0, 175.0,   12.0,   4.0,   2.0,     6.0,     6.0, 4.0    ,     0.0,     0.0,     1.0,     0.0,     1.0,    32.0
mullejo01, 1993,     1, PIT , NHL , L  , 84.0, 38.0,  32.0,  70.0,  41.0, 9.0  ,  6.0,  7.0,  2.0,  1.0,  9.0, 0.0, 231.0,    6.0,   1.0,   0.0,     1.0,     2.0, -1.0   ,     0.0,     0.0,     0.0,     0.0,     0.0,     6.0
mullejo01, 1994,     1, PIT , NHL , R  , 45.0, 16.0,  21.0,  37.0,   6.0, 15.0 ,  5.0,  4.0,  2.0,  1.0,  3.0, 0.0,  78.0,   12.0,   0.0,   3.0,     3.0,     4.0, -5.0   ,     0.0,     1.0,     0.0,     0.0,     0.0,    12.0
mullejo01, 1995,     1, BOS , NHL , R  , 37.0,  8.0,   7.0,  15.0,   0.0, -2.0 ,  4.0,  1.0,  0.0,  0.0,  1.0, 0.0,  60.0,       ,      ,      ,        ,        ,        ,        ,        ,        ,        ,        ,      
mullejo01, 1996,     1, PIT , NHL , R  , 54.0,  7.0,  15.0,  22.0,   4.0, 0.0  ,  1.0,  4.0,  0.0,  0.0,  1.0, 0.0,  63.0,    1.0,   0.0,   0.0,     0.0,     0.0, 0.0    ,     0.0,     0.0,     0.0,     0.0,     0.0,     0.0
mulleki01, 1984,     1, NJD , NHL , C  , 80.0, 17.0,  37.0,  54.0,  69.0, -31.0,  9.0,     ,  1.0,     ,  0.0, 0.0, 157.0,       ,      ,      ,        ,        ,        ,        ,        ,        ,        ,        ,      
mulleki01, 1985,     1, NJD , NHL , C  , 77.0, 25.0,  41.0,  66.0,  45.0, -20.0,  5.0,     ,  1.0,     ,  1.0, 0.0, 168.0,       ,      ,      ,        ,        ,        ,        ,        ,        ,        ,        ,      
mulleki01, 1986,     1, NJD , NHL , C  , 79.0, 26.0,  50.0,  76.0,  75.0, -7.0 , 10.0,     ,  1.0,     ,  4.0, 0.0, 193.0,       ,      ,      ,        ,        ,        ,        ,        ,        ,        ,        ,      
mulleki01, 1987,     1, NJD , NHL , C  , 80.0, 37.0,  57.0,  94.0, 114.0, 19.0 , 17.0, 20.0,  2.0,  0.0,  1.0, 1.0, 215.0,   20.0,   4.0,   8.0,    12.0,    37.0, -10.0  ,     0.0,     4.0,     0.0,     0.0,     0.0,    35.0
mulleki01, 1988,     1, NJD , NHL , L  , 80.0, 31.0,  43.0,  74.0, 119.0, -23.0, 12.0, 10.0,  1.0,  1.0,  4.0, 0.0, 182.0,       ,      ,      ,        ,        ,        ,        ,        ,        ,        ,        ,      
mulleki01, 1989,     1, NJD , NHL , L  , 80.0, 30.0,  56.0,  86.0,  74.0, -1.0 ,  9.0, 12.0,  0.0,  0.0,  6.0, 1.0, 200.0,    6.0,   1.0,   3.0,     4.0,    11.0, -2.0   ,     0.0,     1.0,     0.0,     0.0,     0.0,    12.0
mulleki01, 1990,     1, NJD , NHL , L  , 80.0, 19.0,  51.0,  70.0,  76.0, 1.0  ,  7.0, 19.0,  0.0,  5.0,  3.0, 1.0, 221.0,    7.0,   0.0,   2.0,     2.0,    10.0, -3.0   ,     0.0,     1.0,     0.0,     0.0,     0.0,    16.0
mulleki01, 1991,     1, MTL , NHL , L  , 78.0, 36.0,  41.0,  77.0,  86.0, 15.0 , 15.0, 15.0,  1.0,  0.0,  7.0, 1.0, 191.0,   11.0,   4.0,   3.0,     7.0,    31.0, -1.0   ,     2.0,     1.0,     1.0,     0.0,     1.0,    23.0
mulleki01, 1992,     1, MTL , NHL , C  , 80.0, 37.0,  57.0,  94.0,  77.0, 8.0  , 12.0, 21.0,  0.0,  1.0,  4.0, 0.0, 231.0,   20.0,  10.0,   7.0,    17.0,    18.0, 4.0    ,     3.0,     1.0,     0.0,     0.0,     3.0,    54.0
mulleki01, 1993,     1, MTL , NHL , C  , 76.0, 23.0,  34.0,  57.0,  96.0, -1.0 ,  9.0, 14.0,  2.0,  0.0,  3.0, 0.0, 168.0,    7.0,   6.0,   2.0,     8.0,     4.0, 0.0    ,     3.0,     1.0,     0.0,     0.0,     2.0,    16.0
mulleki01, 1994,     1, MTL , NHL , C  , 33.0,  8.0,  11.0,  19.0,  33.0, -21.0,  3.0,  2.0,  0.0,  0.0,  1.0, 1.0,  81.0,       ,      ,      ,        ,        ,        ,        ,        ,        ,        ,        ,      
mulleki01, 1994,     2, NYI , NHL , C  , 12.0,  3.0,   5.0,   8.0,  14.0, 3.0  ,  1.0,  1.0,  1.0,  0.0,  1.0, 0.0,  16.0,       ,      ,      ,        ,        ,        ,        ,        ,        ,        ,        ,      
mulleki01, 1995,     1, NYI , NHL , C  , 15.0,  4.0,   3.0,   7.0,  15.0, -10.0,  0.0,  1.0,  0.0,  0.0,  0.0, 0.0,  23.0,       ,      ,      ,        ,        ,        ,        ,        ,        ,        ,        ,      
mulleki01, 1995,     2, TOR , NHL , C  , 36.0,  9.0,  16.0,  25.0,  42.0, -3.0 ,  7.0,  3.0,  0.0,  1.0,  1.0, 0.0,  79.0,    6.0,   3.0,   2.0,     5.0,     0.0, -1.0   ,     2.0,     0.0,     0.0,     0.0,     0.0,    12.0
mulleki01, 1996,     1, TOR , NHL , C  , 66.0, 20.0,  17.0,  37.0,  85.0, -23.0,  9.0,  4.0,  1.0,  0.0,  3.0, 0.0, 153.0,       ,      ,      ,        ,        ,        ,        ,        ,        ,        ,        ,      
mulleki01, 1996,     2, FLO , NHL , C  , 10.0,  1.0,   2.0,   3.0,   4.0, -2.0 ,  1.0,  1.0,  0.0,  0.0,  1.0, 0.0,  21.0,    5.0,   1.0,   2.0,     3.0,     4.0, -3.0   ,     1.0,     1.0,     0.0,     0.0,     0.0,    20.0
mulleki01, 1997,     1, FLO , NHL , C  , 70.0,  8.0,  21.0,  29.0,  54.0, -14.0,  1.0,  3.0,  0.0,  1.0,  3.0, 1.0, 115.0,       ,      ,      ,        ,        ,        ,        ,        ,        ,        ,        ,      
mulleki01, 1998,     1, FLO , NHL , L  , 82.0,  4.0,  11.0,  15.0,  49.0, -11.0,  0.0,  1.0,  0.0,  0.0,  1.0, 0.0, 107.0,       ,      ,      ,        ,        ,        ,        ,        ,        ,        ,        ,      
mulleki01, 1999,     1, DAL , NHL , C  , 47.0,  7.0,  15.0,  22.0,  24.0, -3.0 ,  3.0,  5.0,  0.0,  1.0,  2.0, 0.0,  57.0,   23.0,   2.0,   3.0,     5.0,    18.0, -2.0   ,     0.0,     0.0,     0.0,     0.0,     1.0,    20.0
mulleki01, 2000,     1, DAL , NHL , C  , 55.0,  1.0,   9.0,  10.0,  26.0, -4.0 ,  0.0,  0.0,  0.0,  0.0,  0.0, 0.0,  54.0,   10.0,   1.0,   3.0,     4.0,    12.0, 0.0    ,     0.0,     0.0,     0.0,     0.0,     1.0,    18.0
mulleki01, 2001,     1, DAL , NHL , L  , 78.0, 10.0,  20.0,  30.0,  28.0, -12.0,  4.0,  6.0,  0.0,  0.0,  1.0, 0.0, 111.0,       ,      ,      ,        ,        ,        ,        ,        ,        ,        ,        ,      
mulleki01, 2002,     1, DAL , NHL , L  , 55.0,  1.0,   5.0,   6.0,  18.0, -6.0 ,  0.0,  1.0,  0.0,  0.0,  0.0, 0.0,  48.0,   12.0,   1.0,   1.0,     2.0,     8.0, 0.0    ,     0.0,     0.0,     0.0,     0.0,     0.0,    14.0
mullezd01, 1978,     1, CZE , WHA ,    ,  6.0,  0.0,   1.0,   1.0,   0.0,      ,     ,     ,     ,     ,     ,    ,      ,       ,      ,      ,        ,        ,        ,        ,        ,        ,        ,        ,      
muloiwa01, 1963,     1, DET , NHL , D  ,  3.0,  0.0,   1.0,   1.0,   2.0,      ,  0.0,     ,  0.0,     ,  0.0, 0.0,      ,       ,      ,      ,        ,        ,        ,        ,        ,        ,        ,        ,      
muloiwa01, 1969,     1, OAK , NHL , D  , 71.0,  3.0,   6.0,   9.0,  53.0, -21.0,  1.0,     ,  1.0,     ,  0.0, 1.0,  64.0,    4.0,   0.0,   0.0,     0.0,     0.0,        ,     0.0,        ,     0.0,        ,     0.0,      
muloiwa01, 1970,     1, CLF , NHL , D  , 66.0,  0.0,  14.0,  14.0,  32.0, -34.0,  0.0,     ,  0.0,     ,  0.0, 0.0,  68.0,       ,      ,      ,        ,        ,        ,        ,        ,        ,        ,        ,      
muloiwa01, 1970,     2, MNS , NHL , D  ,  7.0,  0.0,   0.0,   0.0,   6.0, -2.0 ,  0.0,     ,  0.0,     ,  0.0, 0.0,   4.0,    7.0,   0.0,   0.0,     0.0,     2.0,        ,     0.0,        ,     0.0,        ,     0.0,      
muloiwa01, 1972,     1, CLC , WHA , D  , 67.0,  2.0,  13.0,  15.0,  62.0,      ,  0.0,     ,  0.0,     ,     ,    ,      ,    9.0,   1.0,   3.0,     4.0,    14.0,        ,     0.0,        ,     0.0,        ,     0.0,      
muloiwa01, 1973,     1, CLC , WHA , D  , 76.0,  3.0,   7.0,  10.0,  39.0,      ,  1.0,     ,  0.0,     ,  0.0,    ,      ,    5.0,   1.0,   0.0,     1.0,     0.0,        ,        ,        ,        ,        ,     1.0,      
muloiwa01, 1974,     1, CLC , WHA , D  , 78.0,  4.0,  17.0,  21.0,  65.0, -6.0 ,  0.0,     ,  1.0,     ,     ,    ,  89.0,    5.0,   0.0,   1.0,     1.0,     4.0,        ,     0.0,        ,     0.0,        ,     0.0,      
muloiwa01, 1975,     1, CLC , WHA , D  , 27.0,  0.0,   5.0,   5.0,  12.0, -7.0 ,  0.0,     ,  0.0,     ,  0.0,    ,  16.0,       ,      ,      ,        ,        ,        ,        ,        ,        ,        ,        ,      
muloiwa01, 1975,     2, EDO , WHA , D  , 10.0,  1.0,   1.0,   2.0,   0.0, -6.0 ,  0.0,     ,  0.0,     ,  0.0,    ,   2.0,    1.0,   0.0,   0.0,     0.0,     0.0, -1.0   ,        ,        ,        ,        ,        ,      
mulvegl01, 1991,     1, PIT , NHL , C  ,  1.0,  0.0,   0.0,   0.0,   2.0, -1.0 ,  0.0,  0.0,  0.0,  0.0,  0.0, 0.0,   0.0,       ,      ,      ,        ,        ,        ,        ,        ,        ,        ,        ,      
mulvegl01, 1992,     1, PHI , NHL , C  ,  1.0,  0.0,   0.0,   0.0,   2.0, 0.0  ,  0.0,  0.0,  0.0,  0.0,  0.0, 0.0,   1.0,       ,      ,      ,        ,        ,        ,        ,        ,        ,        ,        ,      
mulvegr01, 1974,     1, CHI , NHL , R  , 74.0,  7.0,   4.0,  11.0,  36.0, -3.0 ,  0.0,     ,  0.0,     ,  2.0, 0.0,  59.0,    6.0,   2.0,   0.0,     2.0,     6.0,        ,     0.0,        ,     0.0,        ,     0.0,      
mulvegr01, 1975,     1, CHI , NHL , R  , 64.0, 11.0,  17.0,  28.0,  72.0, -5.0 ,  1.0,     ,  0.0,     ,  1.0, 2.0,  90.0,    4.0,   0.0,   0.0,     0.0,     2.0,        ,     0.0,        ,     0.0,        ,     0.0,      
mulvegr01, 1976,     1, CHI , NHL , R  , 80.0, 10.0,  14.0,  24.0, 111.0, -17.0,  0.0,     ,  0.0,     ,  1.0, 0.0,  90.0,    2.0,   1.0,   0.0,     1.0,     2.0,        ,     1.0,        ,     0.0,        ,     0.0,      
mulvegr01, 1977,     1, CHI , NHL , R  , 78.0, 14.0,  24.0,  38.0, 135.0, -1.0 ,  3.0,     ,  0.0,     ,  0.0, 1.0, 157.0,    4.0,   2.0,   2.0,     4.0,     0.0,        ,     1.0,        ,     0.0,        ,     0.0,      
mulvegr01, 1978,     1, CHI , NHL , R  , 80.0, 19.0,  15.0,  34.0,  99.0, -14.0,  5.0,     ,  0.0,     ,  1.0, 0.0, 136.0,    1.0,   0.0,   0.0,     0.0,     2.0,        ,     0.0,        ,     0.0,        ,     0.0,      
mulvegr01, 1979,     1, CHI , NHL , R  , 80.0, 39.0,  26.0,  65.0, 122.0, 3.0  , 14.0,     ,  0.0,     ,  7.0, 3.0, 228.0,    7.0,   1.0,   1.0,     2.0,     8.0,        ,     0.0,        ,     0.0,        ,     0.0,      
mulvegr01, 1980,     1, CHI , NHL , R  , 42.0, 18.0,  14.0,  32.0,  81.0, -18.0,  6.0,     ,  1.0,     ,  4.0, 2.0, 168.0,    3.0,   0.0,   0.0,     0.0,     0.0,        ,     0.0,        ,     0.0,        ,     0.0,      
mulvegr01, 1981,     1, CHI , NHL , R  , 73.0, 30.0,  19.0,  49.0, 141.0, -9.0 ,  3.0,     ,  0.0,     ,  3.0, 0.0, 184.0,   15.0,   4.0,   2.0,     6.0,    50.0,        ,     1.0,        ,     0.0,        ,     0.0,      
mulvegr01, 1982,     1, CHI , NHL , R  ,  3.0,  0.0,   0.0,   0.0,   0.0, 0.0  ,  0.0,     ,  0.0,     ,  0.0, 0.0,   4.0,       ,      ,      ,        ,        ,        ,        ,        ,        ,        ,        ,      
mulvegr01, 1983,     1, NJD , NHL , R  , 12.0,  1.0,   2.0,   3.0,  19.0, -5.0 ,  0.0,     ,  0.0,     ,  0.0, 0.0,  15.0,       ,      ,      ,        ,        ,        ,        ,        ,        ,        ,        ,      
mulvepa01, 1978,     1, WAS , NHL , L  , 55.0,  7.0,   4.0,  11.0,  81.0, -18.0,  1.0,     ,  0.0,     ,  1.0, 1.0,  60.0,       ,      ,      ,        ,        ,        ,        ,        ,        ,        ,        ,      
mulvepa01, 1979,     1, WAS , NHL , L  , 77.0, 15.0,  19.0,  34.0, 240.0, -8.0 ,  2.0,     ,  0.0,     ,  3.0, 1.0, 140.0,       ,      ,      ,        ,        ,        ,        ,        ,        ,        ,        ,      
mulvepa01, 1980,     1, WAS , NHL , L  , 55.0,  7.0,  14.0,  21.0, 166.0, -9.0 ,  1.0,     ,  0.0,     ,  0.0, 0.0,  96.0,       ,      ,      ,        ,        ,        ,        ,        ,        ,        ,        ,      
mulvepa01, 1981,     1, PIT , NHL , R  , 27.0,  1.0,   7.0,   8.0,  76.0, -7.0 ,  0.0,     ,  0.0,     ,  0.0, 0.0,  44.0,       ,      ,      ,        ,        ,        ,        ,        ,        ,        ,        ,      
mulvepa01, 1981,     2, LAK , NHL , R  , 11.0,  0.0,   7.0,   7.0,  50.0, 0.0  ,  0.0,     ,  0.0,     ,  0.0, 0.0,   8.0,       ,      ,      ,        ,        ,        ,        ,        ,        ,        ,        ,      
mummeha01, 1912,     1, QU1 , NHA ,    , 19.0,  5.0,   0.0,   5.0,  87.0,      ,     ,     ,     ,     ,     ,    ,      ,       ,      ,      ,        ,        ,        ,        ,        ,        ,        ,        ,      
mummeha01, 1913,     1, QU1 , NHA ,    , 20.0,  8.0,   5.0,  13.0,  29.0,      ,     ,     ,     ,     ,     ,    ,      ,       ,      ,      ,        ,        ,        ,        ,        ,        ,        ,        ,      
mummeha01, 1914,     1, QU1 , NHA ,    , 20.0,  7.0,   4.0,  11.0,  88.0,      ,     ,     ,     ,     ,     ,    ,      ,       ,      ,      ,        ,        ,        ,        ,        ,        ,        ,        ,      
mummeha01, 1915,     1, QU1 , NHA ,    , 23.0,  2.0,   1.0,   3.0,  84.0,      ,     ,     ,     ,     ,     ,    ,      ,       ,      ,      ,        ,        ,        ,        ,        ,        ,        ,        ,      
mummeha01, 1916,     1, MOC , NHA ,    , 20.0,  4.0,   2.0,   6.0,  82.0,      ,     ,     ,     ,     ,     ,    ,      ,    2.0,   0.0,      ,        ,        ,        ,        ,        ,        ,        ,        ,      
mummeha01, 1917,     1, TOA , NHL , D  , 18.0,  3.0,   3.0,   6.0,  41.0,      ,     ,     ,     ,     ,  1.0,    ,      ,    2.0,   1.0,   1.0,     2.0,    17.0,        ,        ,        ,        ,        ,        ,      
mummeha01, 1918,     1, TOA , NHL , D  , 13.0,  2.0,   0.0,   2.0,  30.0,      ,     ,     ,     ,     ,     ,    ,      ,       ,      ,      ,        ,        ,        ,        ,        ,        ,        ,        ,      
mummeha01, 1919,     1, QUB , NHL , D  , 24.0,  9.0,   9.0,  18.0,  42.0,      ,     ,     ,     ,     ,     ,    ,      ,       ,      ,      ,        ,        ,        ,        ,        ,        ,        ,        ,      
mummeha01, 1920,     1, MTL , NHL , D  , 24.0, 15.0,   5.0,  20.0,  69.0,      ,     ,     ,     ,     ,     ,    ,      ,       ,      ,      ,        ,        ,        ,        ,        ,        ,        ,        ,      
mummeha01, 1921,     1, HAM , NHL , D  , 20.0,  4.0,   2.0,   6.0,  40.0,      ,     ,     ,     ,     ,     ,    ,      ,       ,      ,      ,        ,        ,        ,        ,        ,        ,        ,        ,      
mummeha01, 1922,     1, HAM , NHL , D  ,  7.0,  0.0,   0.0,   0.0,   4.0,      ,     ,     ,     ,     ,     ,    ,      ,       ,      ,      ,        ,        ,        ,        ,        ,        ,        ,        ,      
mummeha01, 1922,     2, SAC , WCHL, D  ,  4.0,  0.0,   0.0,   0.0,   2.0,      ,     ,     ,     ,     ,     ,    ,      ,       ,      ,      ,        ,        ,        ,        ,        ,        ,        ,        ,      
mummewa01, 1914,     1, QU1 , NHA ,    , 11.0,  0.0,   0.0,   0.0,   6.0,      ,     ,     ,     ,     ,     ,    ,      ,       ,      ,      ,        ,        ,        ,        ,        ,        ,        ,        ,      
mummewa01, 1915,     1, QU1 , NHA ,    ,  8.0,  0.0,   1.0,   1.0,   9.0,      ,     ,     ,     ,     ,     ,    ,      ,       ,      ,      ,        ,        ,        ,        ,        ,        ,        ,        ,      
mummewa01, 1916,     1, QU1 , NHA ,    , 18.0,  0.0,   0.0,   0.0,   0.0,      ,     ,     ,     ,     ,     ,    ,      ,       ,      ,      ,        ,        ,        ,        ,        ,        ,        ,        ,      
municr01 , 1981,     1, TOR , NHL , D  ,  3.0,  0.0,   0.0,   0.0,   2.0, -4.0 ,  0.0,     ,  0.0,     ,  0.0, 0.0,   0.0,       ,      ,      ,        ,        ,        ,        ,        ,        ,        ,        ,      
municr01 , 1982,     1, TOR , NHL , D  ,  2.0,  0.0,   1.0,   1.0,   0.0, -3.0 ,  0.0,     ,  0.0,     ,  0.0, 0.0,   2.0,       ,      ,      ,        ,        ,        ,        ,        ,        ,        ,        ,      
municr01 , 1984,     1, TOR , NHL , D  ,  8.0,  0.0,   0.0,   0.0,   0.0, 0.0  ,  0.0,     ,  0.0,     ,  0.0, 0.0,   1.0,       ,      ,      ,        ,        ,        ,        ,        ,        ,        ,        ,      
municr01 , 1985,     1, TOR , NHL , D  ,  6.0,  0.0,   1.0,   1.0,   4.0, -3.0 ,  0.0,     ,  0.0,     ,  0.0, 0.0,   2.0,       ,      ,      ,        ,        ,        ,        ,        ,        ,        ,        ,      
municr01 , 1986,     1, EDM , NHL , D  , 79.0,  7.0,  22.0,  29.0,  85.0, 45.0 ,  0.0,     ,  0.0,     ,  2.0, 0.0,  69.0,   14.0,   0.0,   2.0,     2.0,    17.0, 2.0    ,     0.0,        ,     0.0,        ,     0.0,    11.0
municr01 , 1987,     1, EDM , NHL , D  , 72.0,  4.0,  15.0,  19.0,  77.0, 32.0 ,  0.0,  0.0,  1.0,  2.0,  0.0, 0.0,  56.0,   19.0,   0.0,   4.0,     4.0,    31.0, 7.0    ,     0.0,     0.0,     0.0,     0.0,     0.0,    11.0
municr01 , 1988,     1, EDM , NHL , D  , 69.0,  5.0,  13.0,  18.0,  71.0, 43.0 ,  0.0,  0.0,  0.0,  2.0,  1.0, 0.0,  40.0,    7.0,   0.0,   3.0,     3.0,     8.0, -1.0   ,     0.0,     0.0,     0.0,     0.0,     0.0,     4.0
municr01 , 1989,     1, EDM , NHL , D  , 71.0,  5.0,  12.0,  17.0,  81.0, 22.0 ,  0.0,  0.0,  2.0,  1.0,  0.0, 0.0,  42.0,   22.0,   0.0,   3.0,     3.0,    16.0, 7.0    ,     0.0,     0.0,     0.0,     1.0,     0.0,    13.0
municr01 , 1990,     1, EDM , NHL , D  , 76.0,  1.0,   9.0,  10.0,  77.0, 10.0 ,  0.0,  1.0,  0.0,  1.0,  0.0, 0.0,  47.0,   18.0,   0.0,   3.0,     3.0,    20.0, 5.0    ,     0.0,     0.0,     0.0,     0.0,     0.0,    10.0
municr01 , 1991,     1, EDM , NHL , D  , 54.0,  2.0,   5.0,   7.0,  34.0, 11.0 ,  0.0,  0.0,  0.0,  0.0,  0.0, 0.0,  38.0,    3.0,   0.0,   0.0,     0.0,     2.0, -4.0   ,     0.0,     0.0,     0.0,     0.0,     0.0,     3.0
municr01 , 1992,     1, EDM , NHL , D  , 72.0,  0.0,  11.0,  11.0,  67.0, -15.0,  0.0,  0.0,  0.0,  4.0,  0.0, 0.0,  51.0,       ,      ,      ,        ,        ,        ,        ,        ,        ,        ,        ,      
municr01 , 1992,     2, CHI , NHL , D  ,  9.0,  0.0,   0.0,   0.0,   8.0, 1.0  ,  0.0,  0.0,  0.0,  0.0,  0.0, 0.0,   9.0,    4.0,   0.0,   0.0,     0.0,     2.0, 0.0    ,     0.0,     0.0,     0.0,     0.0,     0.0,     5.0
municr01 , 1993,     1, CHI , NHL , D  ,  9.0,  0.0,   4.0,   4.0,   4.0, 3.0  ,  0.0,  0.0,  0.0,  0.0,  0.0, 0.0,   6.0,       ,      ,      ,        ,        ,        ,        ,        ,        ,        ,        ,      
municr01 , 1993,     2, BUF , NHL , D  , 73.0,  2.0,   8.0,  10.0,  62.0, 28.0 ,  0.0,  0.0,  1.0,  1.0,  2.0, 0.0,  39.0,    7.0,   0.0,   0.0,     0.0,     4.0, 1.0    ,     0.0,     0.0,     0.0,     0.0,     0.0,     6.0
municr01 , 1994,     1, BUF , NHL , D  , 40.0,  0.0,   6.0,   6.0,  36.0, -4.0 ,  0.0,  0.0,  0.0,  0.0,  0.0, 0.0,  32.0,    5.0,   0.0,   1.0,     1.0,     2.0, 0.0    ,     0.0,     0.0,     0.0,     0.0,     0.0,     3.0
municr01 , 1995,     1, BUF , NHL , D  , 47.0,  0.0,   4.0,   4.0,  69.0, -12.0,  0.0,  0.0,  0.0,  0.0,  0.0, 0.0,  25.0,       ,      ,      ,        ,        ,        ,        ,        ,        ,        ,        ,      
municr01 , 1995,     2, WIN , NHL , D  , 25.0,  1.0,   3.0,   4.0,  37.0, 6.0  ,  0.0,  0.0,  0.0,  0.0,  0.0, 0.0,  16.0,    6.0,   0.0,   1.0,     1.0,     2.0, -2.0   ,     0.0,     0.0,     0.0,     0.0,     0.0,     1.0
municr01 , 1996,     1, PIT , NHL , D  , 64.0,  0.0,   4.0,   4.0,  36.0, -6.0 ,  0.0,  0.0,  0.0,  1.0,  0.0, 0.0,  19.0,    3.0,   0.0,   0.0,     0.0,     0.0, 0.0    ,     0.0,     0.0,     0.0,     0.0,     0.0,     0.0
municr01 , 1997,     1, DAL , NHL , D  , 40.0,  1.0,   1.0,   2.0,  25.0, 0.0  ,  0.0,  0.0,  0.0,  0.0,  1.0, 0.0,  12.0,    5.0,   0.0,   0.0,     0.0,     4.0, -2.0   ,     0.0,     0.0,     0.0,     0.0,     0.0,     1.0
munroad01, 2003,     1, CHI , NHL , G  ,  7.0,  0.0,   0.0,   0.0,   2.0, 0.0  ,  0.0,  0.0,  0.0,  0.0,  0.0, 0.0,   0.0,       ,      ,      ,        ,        ,        ,        ,        ,        ,        ,        ,      
munroad01, 2005,     1, CHI , NHL , G  , 10.0,  0.0,   1.0,   1.0,   0.0, 0.0  ,  0.0,  0.0,  0.0,  0.0,  0.0,    ,   0.0,       ,      ,      ,        ,        ,        ,        ,        ,        ,        ,        ,      
munrodu01, 1924,     1, MTM , NHL , D  , 27.0,  5.0,   1.0,   6.0,  16.0,      ,     ,     ,     ,     ,     ,    ,      ,       ,      ,      ,        ,        ,        ,        ,        ,        ,        ,        ,      
munrodu01, 1925,     1, MTM , NHL , D  , 33.0,  4.0,   6.0,  10.0,  55.0,      ,     ,     ,     ,     ,     ,    ,      ,    2.0,   0.0,   0.0,     0.0,     0.0,        ,        ,        ,        ,        ,        ,      
munrodu01, 1926,     1, MTM , NHL , D  , 43.0,  6.0,   5.0,  11.0,  42.0,      ,     ,     ,     ,     ,     ,    ,      ,    2.0,   0.0,   0.0,     0.0,     4.0,        ,        ,        ,        ,        ,        ,      
munrodu01, 1927,     1, MTM , NHL , D  , 43.0,  5.0,   2.0,   7.0,  35.0,      ,     ,     ,     ,     ,     ,    ,      ,    9.0,   0.0,   2.0,     2.0,     8.0,        ,        ,        ,        ,        ,        ,      
munrodu01, 1928,     1, MTM , NHL , D  ,  1.0,  0.0,   0.0,   0.0,   0.0,      ,     ,     ,     ,     ,     ,    ,      ,       ,      ,      ,        ,        ,        ,        ,        ,        ,        ,        ,      
munrodu01, 1929,     1, MTM , NHL , D  , 40.0,  7.0,   2.0,   9.0,  10.0,      ,     ,     ,     ,     ,     ,    ,      ,    4.0,   2.0,   0.0,     2.0,     4.0,        ,        ,        ,        ,        ,        ,      
munrodu01, 1930,     1, MTM , NHL , D  ,  4.0,  0.0,   1.0,   1.0,   0.0,      ,     ,     ,     ,     ,     ,    ,      ,       ,      ,      ,        ,        ,        ,        ,        ,        ,        ,        ,      
munrodu01, 1931,     1, MTL , NHL , D  , 48.0,  1.0,   1.0,   2.0,  14.0,      ,     ,     ,     ,     ,     ,    ,      ,    4.0,   0.0,   0.0,     0.0,     2.0,        ,        ,        ,        ,        ,        ,      
munroge01, 1924,     1, MTM , NHL , D  , 30.0,  1.0,   0.0,   1.0,  37.0,      ,     ,     ,     ,     ,     ,    ,      ,       ,      ,      ,        ,        ,        ,        ,        ,        ,        ,        ,      
munroge01, 1925,     1, TRS , NHL , D  ,  4.0,  0.0,   0.0,   0.0,   0.0,      ,     ,     ,     ,     ,     ,    ,      ,       ,      ,      ,        ,        ,        ,        ,        ,        ,        ,        ,      
murdobo01, 1970,     1, MTL , NHL , D  ,  1.0,  0.0,   2.0,   2.0,   2.0, 0.0  ,  0.0,     ,  0.0,     ,  0.0, 0.0,   2.0,    2.0,   0.0,   0.0,     0.0,     0.0,        ,     0.0,        ,     0.0,        ,     0.0,      
murdobo01, 1971,     1, MTL , NHL , D  , 11.0,  1.0,   1.0,   2.0,   8.0, 8.0  ,  0.0,     ,  0.0,     ,  0.0, 0.0,  16.0,    1.0,   0.0,   0.0,     0.0,     0.0,        ,     0.0,        ,     0.0,        ,     0.0,      
murdobo01, 1972,     1, MTL , NHL , D  , 69.0,  2.0,  22.0,  24.0,  55.0, 39.0 ,  0.0,     ,  0.0,     ,  2.0, 0.0,  54.0,   13.0,   0.0,   3.0,     3.0,    10.0,        ,     0.0,        ,     0.0,        ,     0.0,      
murdobo01, 1973,     1, LAK , NHL , D  , 76.0,  8.0,  20.0,  28.0,  85.0, -11.0,  1.0,     ,  0.0,     ,  1.0, 1.0, 160.0,    5.0,   0.0,   0.0,     0.0,     2.0,        ,     0.0,        ,     0.0,        ,     0.0,      
murdobo01, 1974,     1, LAK , NHL , D  , 80.0, 13.0,  29.0,  42.0, 116.0, 39.0 ,  2.0,     ,  1.0,     ,  0.0, 0.0, 201.0,    3.0,   0.0,   1.0,     1.0,     4.0,        ,     0.0,        ,     0.0,        ,     0.0,      
murdobo01, 1975,     1, LAK , NHL , D  , 80.0,  6.0,  29.0,  35.0, 103.0, 13.0 ,  2.0,     ,  0.0,     ,  1.0, 0.0, 172.0,    9.0,   0.0,   5.0,     5.0,    15.0,        ,     0.0,        ,     0.0,        ,     0.0,      
murdobo01, 1976,     1, LAK , NHL , D  , 70.0,  9.0,  23.0,  32.0,  79.0, 36.0 ,  0.0,     ,  0.0,     ,  1.0, 0.0, 125.0,    9.0,   2.0,   3.0,     5.0,    14.0,        ,     1.0,        ,     0.0,        ,     1.0,      
murdobo01, 1977,     1, LAK , NHL , D  , 76.0,  2.0,  17.0,  19.0,  68.0, 2.0  ,  0.0,     ,  0.0,     ,  0.0, 0.0, 144.0,    2.0,   0.0,   1.0,     1.0,     5.0,        ,     0.0,        ,     0.0,        ,     0.0,      
murdobo01, 1978,     1, LAK , NHL , D  , 32.0,  3.0,  12.0,  15.0,  46.0, 0.0  ,  0.0,     ,  0.0,     ,  1.0, 0.0,  63.0,       ,      ,      ,        ,        ,        ,        ,        ,        ,        ,        ,      
murdobo01, 1978,     2, ATF , NHL , D  , 35.0,  5.0,  11.0,  16.0,  24.0, 2.0  ,  2.0,     ,  0.0,     ,  0.0, 0.0,  53.0,    2.0,   0.0,   0.0,     0.0,     4.0,        ,     0.0,        ,     0.0,        ,     0.0,      
murdobo01, 1979,     1, ATF , NHL , D  , 80.0,  5.0,  16.0,  21.0,  48.0, 2.0  ,  0.0,     ,  0.0,     ,  1.0, 1.0,  68.0,    4.0,   1.0,   1.0,     2.0,     2.0,        ,     0.0,        ,     0.0,        ,     0.0,      
murdobo01, 1980,     1, CAL , NHL , D  , 74.0,  3.0,  19.0,  22.0,  54.0, 22.0 ,  0.0,     ,  0.0,     ,  0.0, 0.0,  90.0,   16.0,   1.0,   4.0,     5.0,    36.0,        ,     0.0,        ,     0.0,        ,     0.0,      
murdobo01, 1981,     1, CAL , NHL , D  , 73.0,  3.0,  17.0,  20.0,  76.0, 5.0  ,  0.0,     ,  0.0,     ,  0.0, 2.0,  81.0,    3.0,   0.0,   0.0,     0.0,     0.0,        ,     0.0,        ,     0.0,        ,     0.0,      
murdobo02, 1975,     1, CLF , NHL , L  , 78.0, 22.0,  27.0,  49.0,  53.0, -13.0,  9.0,     ,  0.0,     ,  3.0, 0.0, 166.0,       ,      ,      ,        ,        ,        ,        ,        ,        ,        ,        ,      
murdobo02, 1976,     1, CLE , NHL , R  , 57.0, 23.0,  19.0,  42.0,  30.0, -5.0 ,  6.0,     ,  0.0,     ,  3.0, 0.0, 141.0,       ,      ,      ,        ,        ,        ,        ,        ,        ,        ,        ,      
murdobo02, 1977,     1, CLE , NHL , R  , 71.0, 14.0,  26.0,  40.0,  27.0, -18.0,  5.0,     ,  0.0,     ,  4.0, 0.0, 131.0,       ,      ,      ,        ,        ,        ,        ,        ,        ,        ,        ,      
murdobo02, 1978,     1, STL , NHL , R  , 54.0, 13.0,  13.0,  26.0,  17.0, -6.0 ,  1.0,     ,  0.0,     ,  3.0, 0.0,  92.0,       ,      ,      ,        ,        ,        ,        ,        ,        ,        ,        ,      
murdodo01, 1976,     1, NYR , NHL , R  , 59.0, 32.0,  24.0,  56.0,  47.0, 5.0  , 11.0,     ,  0.0,     ,  6.0, 0.0, 223.0,       ,      ,      ,        ,        ,        ,        ,        ,        ,        ,        ,      
murdodo01, 1977,     1, NYR , NHL , R  , 66.0, 27.0,  28.0,  55.0,  41.0, -5.0 , 10.0,     ,  0.0,     ,  1.0, 0.0, 188.0,    3.0,   1.0,   3.0,     4.0,     4.0,        ,     0.0,        ,     0.0,        ,     1.0,      
murdodo01, 1978,     1, NYR , NHL , R  , 40.0, 15.0,  22.0,  37.0,   6.0, -6.0 ,  4.0,     ,  0.0,     ,  2.0, 1.0, 133.0,   18.0,   7.0,   5.0,    12.0,    12.0,        ,     3.0,        ,     0.0,        ,     1.0,      
murdodo01, 1979,     1, NYR , NHL , R  , 56.0, 23.0,  19.0,  42.0,  16.0, -11.0,  5.0,     ,  1.0,     ,  2.0, 1.0, 143.0,       ,      ,      ,        ,        ,        ,        ,        ,        ,        ,        ,      
murdodo01, 1979,     2, EDM , NHL , R  , 10.0,  5.0,   2.0,   7.0,   4.0, 0.0  ,  1.0,     ,  0.0,     ,  0.0, 0.0,  35.0,    3.0,   2.0,   0.0,     2.0,     0.0,        ,     0.0,        ,     0.0,        ,     0.0,      
murdodo01, 1980,     1, EDM , NHL , R  , 40.0, 10.0,   9.0,  19.0,  18.0, -16.0,  4.0,     ,  0.0,     ,  2.0, 0.0, 102.0,       ,      ,      ,        ,        ,        ,        ,        ,        ,        ,        ,      
murdodo01, 1981,     1, DET , NHL , R  , 49.0,  9.0,  13.0,  22.0,  23.0, 1.0  ,  1.0,     ,  0.0,     ,  1.0, 1.0,  97.0,       ,      ,      ,        ,        ,        ,        ,        ,        ,        ,        ,      
murdomu01, 1926,     1, NYR , NHL , C/L, 44.0,  6.0,   4.0,  10.0,  12.0,      ,     ,     ,     ,     ,     ,    ,      ,    2.0,   0.0,   0.0,     0.0,     0.0,        ,        ,        ,        ,        ,        ,      
murdomu01, 1927,     1, NYR , NHL , C/L, 44.0,  7.0,   3.0,  10.0,  14.0,      ,     ,     ,     ,     ,     ,    ,      ,    9.0,   2.0,   1.0,     3.0,    12.0,        ,        ,        ,        ,        ,        ,      
murdomu01, 1928,     1, NYR , NHL , C/L, 44.0,  8.0,   6.0,  14.0,  18.0,      ,     ,     ,     ,     ,     ,    ,      ,    6.0,   0.0,   0.0,     0.0,     2.0,        ,        ,        ,        ,        ,        ,      
murdomu01, 1929,     1, NYR , NHL , C/L, 44.0, 13.0,  13.0,  26.0,  22.0,      ,     ,     ,     ,     ,     ,    ,      ,    4.0,   3.0,   0.0,     3.0,     6.0,        ,        ,        ,        ,        ,        ,      
murdomu01, 1930,     1, NYR , NHL , C/L, 44.0,  7.0,   7.0,  14.0,   8.0,      ,     ,     ,     ,     ,     ,    ,      ,    4.0,   0.0,   2.0,     2.0,     0.0,        ,        ,        ,        ,        ,        ,      
murdomu01, 1931,     1, NYR , NHL , C/L, 48.0,  5.0,  16.0,  21.0,  32.0,      ,     ,     ,     ,     ,     ,    ,      ,    7.0,   0.0,   2.0,     2.0,     2.0,        ,        ,        ,        ,        ,        ,      
murdomu01, 1932,     1, NYR , NHL , C/L, 48.0,  5.0,  11.0,  16.0,  23.0,      ,     ,     ,     ,     ,     ,    ,      ,    8.0,   3.0,   4.0,     7.0,     2.0,        ,        ,        ,        ,        ,        ,      
murdomu01, 1933,     1, NYR , NHL , C/L, 48.0, 17.0,  10.0,  27.0,  29.0,      ,     ,     ,     ,     ,     ,    ,      ,    2.0,   0.0,   0.0,     0.0,     0.0,        ,        ,        ,        ,        ,        ,      
murdomu01, 1934,     1, NYR , NHL , C/L, 48.0, 14.0,  15.0,  29.0,  14.0,      ,     ,     ,     ,     ,     ,    ,      ,    4.0,   0.0,   2.0,     2.0,     4.0,        ,        ,        ,        ,        ,        ,      
murdomu01, 1935,     1, NYR , NHL , C/L, 48.0,  2.0,   9.0,  11.0,   9.0,      ,     ,     ,     ,     ,     ,    ,      ,       ,      ,      ,        ,        ,        ,        ,        ,        ,        ,        ,      
murdomu01, 1936,     1, NYR , NHL , C/L, 48.0,  0.0,  14.0,  14.0,  16.0,      ,     ,     ,     ,     ,     ,    ,      ,    9.0,   1.0,   1.0,     2.0,     0.0,        ,        ,        ,        ,        ,        ,      
murlema01, 2003,     1, PIT , NHL , L  , 18.0,  1.0,   1.0,   2.0,  14.0, -6.0 ,  0.0,  0.0,  0.0,  0.0,  0.0, 0.0,  20.0,       ,      ,      ,        ,        ,        ,        ,        ,        ,        ,        ,      
murlema01, 2005,     1, PIT , NHL , L  , 41.0,  1.0,   5.0,   6.0,  24.0, -9.0 ,  0.0,  0.0,  0.0,  1.0,  0.0,    ,  48.0,       ,      ,      ,        ,        ,        ,        ,        ,        ,        ,        ,      
murlema01, 2007,     1, PHO , NHL , L  ,  3.0,  0.0,   1.0,   1.0,   0.0, 1.0  ,  0.0,  0.0,  0.0,  0.0,  0.0,    ,   3.0,       ,      ,      ,        ,        ,        ,        ,        ,        ,        ,        ,      
murphbr01, 1974,     1, DET , NHL , C  ,  1.0,  0.0,   0.0,   0.0,   0.0, 0.0  ,  0.0,     ,  0.0,     ,  0.0, 0.0,   1.0,       ,      ,      ,        ,        ,        ,        ,        ,        ,        ,        ,      
murphco01, 2007,     1, FLO , NHL , D  , 47.0,  2.0,  15.0,  17.0,  22.0, 0.0  ,  1.0, 11.0,  0.0,  0.0,  0.0,    ,  65.0,       ,      ,      ,        ,        ,        ,        ,        ,        ,        ,        ,      
murphco01, 2008,     1, FLO , NHL , D  ,  7.0,  0.0,   1.0,   1.0,   2.0, -1.0 ,  0.0,  0.0,  0.0,  0.0,  0.0,    ,   8.0,       ,      ,      ,        ,        ,        ,        ,        ,        ,        ,        ,      
murphco01, 2008,     2, TBL , NHL , D  , 25.0,  5.0,  10.0,  15.0,  12.0, -3.0 ,  4.0,  6.0,  0.0,  0.0,  0.0,    ,  47.0,       ,      ,      ,        ,        ,        ,        ,        ,        ,        ,        ,      
murphco01, 2009,     1, NJD , NHL , D  , 12.0,  2.0,   1.0,   3.0,   2.0, -2.0 ,  0.0,  1.0,  0.0,  0.0,  0.0,    ,   9.0,       ,      ,      ,        ,        ,        ,        ,        ,        ,        ,        ,      
murphcu01, 2002,     1, MIN , NHL , D  ,  1.0,  0.0,   0.0,   0.0,   0.0, 0.0  ,  0.0,  0.0,  0.0,  0.0,  0.0, 0.0,   0.0,       ,      ,      ,        ,        ,        ,        ,        ,        ,        ,        ,      
murphgo01, 1988,     1, PHI , NHL , D  , 75.0,  4.0,  31.0,  35.0,  68.0, -3.0 ,  3.0, 15.0,  0.0,  0.0,  1.0, 0.0, 116.0,   19.0,   2.0,   7.0,     9.0,    13.0, 0.0    ,     1.0,     6.0,     0.0,     0.0,     1.0,    32.0
murphgo01, 1989,     1, PHI , NHL , D  , 75.0, 14.0,  27.0,  41.0,  95.0, -7.0 ,  4.0, 12.0,  0.0,  0.0,  1.0, 0.0, 160.0,       ,      ,      ,        ,        ,        ,        ,        ,        ,        ,        ,      
murphgo01, 1990,     1, PHI , NHL , D  , 80.0, 11.0,  31.0,  42.0,  58.0, -7.0 ,  6.0, 23.0,  0.0,  0.0,  2.0, 0.0, 203.0,       ,      ,      ,        ,        ,        ,        ,        ,        ,        ,        ,      
murphgo01, 1991,     1, PHI , NHL , D  , 31.0,  2.0,   8.0,  10.0,  33.0, -4.0 ,  0.0,  4.0,  0.0,  0.0,  0.0, 0.0,  50.0,       ,      ,      ,        ,        ,        ,        ,        ,        ,        ,        ,      
murphgo01, 1991,     2, BOS , NHL , D  , 42.0,  3.0,   6.0,   9.0,  51.0, 2.0  ,  0.0,  0.0,  0.0,  0.0,  0.0, 1.0,  82.0,   15.0,   1.0,   0.0,     1.0,    12.0, -1.0   ,     0.0,     0.0,     0.0,     0.0,     0.0,    28.0
murphgo01, 1992,     1, BOS , NHL , D  , 49.0,  5.0,  12.0,  17.0,  62.0, -13.0,  3.0,  4.0,  0.0,  0.0,  2.0, 0.0,  68.0,       ,      ,      ,        ,        ,        ,        ,        ,        ,        ,        ,      
murphgo01, 1993,     1, FLO , NHL , D  , 84.0, 14.0,  29.0,  43.0,  71.0, -11.0,  9.0, 19.0,  0.0,  0.0,  2.0, 3.0, 172.0,       ,      ,      ,        ,        ,        ,        ,        ,        ,        ,        ,      
murphgo01, 1994,     1, FLO , NHL , D  , 46.0,  6.0,  16.0,  22.0,  24.0, -14.0,  5.0,  6.0,  0.0,  0.0,  0.0, 0.0,  94.0,       ,      ,      ,        ,        ,        ,        ,        ,        ,        ,        ,      
murphgo01, 1995,     1, FLO , NHL , D  , 70.0,  8.0,  22.0,  30.0,  30.0, 5.0  ,  4.0, 11.0,  0.0,  2.0,  0.0, 0.0, 125.0,   14.0,   0.0,   4.0,     4.0,     6.0, 1.0    ,     0.0,     1.0,     0.0,     0.0,     0.0,    53.0
murphgo01, 1996,     1, FLO , NHL , D  , 80.0,  8.0,  15.0,  23.0,  51.0, 3.0  ,  2.0,  4.0,  0.0,  2.0,  0.0, 0.0, 137.0,    5.0,   0.0,   5.0,     5.0,     4.0, 0.0    ,     0.0,     4.0,     0.0,     0.0,     0.0,    18.0
murphgo01, 1997,     1, FLO , NHL , D  , 79.0,  6.0,  11.0,  17.0,  46.0, -3.0 ,  3.0,  1.0,  0.0,  2.0,  0.0, 0.0, 123.0,       ,      ,      ,        ,        ,        ,        ,        ,        ,        ,        ,      
murphgo01, 1998,     1, FLO , NHL , D  , 51.0,  0.0,   7.0,   7.0,  16.0, 4.0  ,  0.0,  2.0,  0.0,  0.0,  0.0, 0.0,  56.0,       ,      ,      ,        ,        ,        ,        ,        ,        ,        ,        ,      
murphgo01, 1999,     1, ATL , NHL , D  , 58.0,  1.0,  10.0,  11.0,  38.0, -26.0,  0.0,  3.0,  0.0,  1.0,  0.0, 0.0,  74.0,       ,      ,      ,        ,        ,        ,        ,        ,        ,        ,        ,      
murphgo01, 2000,     1, ATL , NHL , D  , 27.0,  3.0,  11.0,  14.0,  12.0, -11.0,  2.0,  6.0,  0.0,  2.0,  0.0, 0.0,  44.0,       ,      ,      ,        ,        ,        ,        ,        ,        ,        ,        ,      
murphgo01, 2001,     1, BOS , NHL , D  , 15.0,  0.0,   2.0,   2.0,  13.0, 2.0  ,  0.0,  0.0,  0.0,  0.0,  0.0, 0.0,  10.0,       ,      ,      ,        ,        ,        ,        ,        ,        ,        ,        ,      
murphha01, 1952,     1, MTL , NHL , G  ,  1.0,  0.0,   0.0,   0.0,   0.0,      ,     ,     ,     ,     ,     ,    ,      ,       ,      ,      ,        ,        ,        ,        ,        ,        ,        ,        ,      
murphjo01, 1986,     1, DET , NHL , C  ,  5.0,  0.0,   1.0,   1.0,   2.0, 0.0  ,  0.0,     ,  0.0,     ,  0.0, 0.0,   3.0,       ,      ,      ,        ,        ,        ,        ,        ,        ,        ,        ,      
murphjo01, 1987,     1, DET , NHL , R  , 50.0, 10.0,   9.0,  19.0,  37.0, -4.0 ,  1.0,  3.0,  0.0,  0.0,  2.0, 0.0,  82.0,    8.0,   0.0,   1.0,     1.0,     6.0, -2.0   ,     0.0,     1.0,     0.0,     0.0,     0.0,     5.0
murphjo01, 1988,     1, DET , NHL , R  , 26.0,  1.0,   7.0,   8.0,  28.0, -7.0 ,  0.0,  2.0,  0.0,  0.0,  0.0, 0.0,  29.0,       ,      ,      ,        ,        ,        ,        ,        ,        ,        ,        ,      
murphjo01, 1989,     1, DET , NHL , R  ,  9.0,  3.0,   1.0,   4.0,   4.0, 4.0  ,  0.0,  0.0,  0.0,  0.0,  1.0, 0.0,  16.0,       ,      ,      ,        ,        ,        ,        ,        ,        ,        ,        ,      
murphjo01, 1989,     2, EDM , NHL , R  , 62.0,  7.0,  18.0,  25.0,  56.0, 1.0  ,  2.0,  0.0,  0.0,  0.0,  0.0, 0.0, 101.0,   22.0,   6.0,   8.0,    14.0,    16.0, 1.0    ,     0.0,     0.0,     0.0,     0.0,     2.0,    29.0
murphjo01, 1990,     1, EDM , NHL , R  , 80.0, 27.0,  35.0,  62.0,  35.0, 2.0  ,  4.0, 12.0,  1.0,  2.0,  4.0, 1.0, 141.0,   15.0,   2.0,   5.0,     7.0,    14.0, 3.0    ,     1.0,     2.0,     0.0,     0.0,     1.0,    22.0
murphjo01, 1991,     1, EDM , NHL , R  , 80.0, 35.0,  47.0,  82.0,  52.0, 17.0 , 10.0, 11.0,  2.0,  1.0,  2.0, 2.0, 193.0,   16.0,   8.0,  16.0,    24.0,    12.0, 2.0    ,     4.0,     6.0,     0.0,     0.0,     2.0,    32.0
murphjo01, 1992,     1, CHI , NHL , R  , 19.0,  7.0,  10.0,  17.0,  18.0, -3.0 ,  5.0,  6.0,  0.0,  0.0,  1.0, 0.0,  43.0,    4.0,   0.0,   0.0,     0.0,     8.0, -2.0   ,     0.0,     0.0,     0.0,     0.0,     0.0,     8.0
murphjo01, 1993,     1, CHI , NHL , L  , 81.0, 31.0,  39.0,  70.0, 111.0, 1.0  ,  7.0, 19.0,  4.0,  1.0,  4.0, 0.0, 222.0,    6.0,   1.0,   3.0,     4.0,    25.0, 2.0    ,     0.0,     2.0,     0.0,     0.0,     0.0,    12.0
murphjo01, 1994,     1, CHI , NHL , R  , 40.0, 23.0,  18.0,  41.0,  89.0, 7.0  ,  7.0,  8.0,  0.0,  1.0,  3.0, 0.0, 120.0,   16.0,   9.0,   3.0,    12.0,    29.0, -1.0   ,     3.0,     0.0,     0.0,     0.0,     3.0,    69.0
murphjo01, 1995,     1, CHI , NHL , R  , 70.0, 22.0,  29.0,  51.0,  86.0, -3.0 ,  8.0,  7.0,  0.0,  0.0,  3.0, 0.0, 212.0,   10.0,   6.0,   2.0,     8.0,    33.0, 1.0    ,     0.0,     1.0,     0.0,     0.0,     2.0,    38.0
murphjo01, 1996,     1, STL , NHL , R  , 75.0, 20.0,  25.0,  45.0,  69.0, -1.0 ,  4.0,  7.0,  1.0,  1.0,  2.0, 1.0, 151.0,    6.0,   1.0,   1.0,     2.0,    10.0, -2.0   ,     1.0,     1.0,     0.0,     0.0,     0.0,     8.0
murphjo01, 1997,     1, STL , NHL , R  , 27.0,  4.0,   9.0,  13.0,  22.0, 8.0  ,  2.0,  1.0,  0.0,  0.0,  0.0, 0.0,  52.0,       ,      ,      ,        ,        ,        ,        ,        ,        ,        ,        ,      
murphjo01, 1997,     2, SJS , NHL , R  , 10.0,  5.0,   4.0,   9.0,  14.0, 1.0  ,  2.0,  2.0,  0.0,  0.0,  0.0, 0.0,  29.0,    6.0,   1.0,   1.0,     2.0,    20.0, -1.0   ,     1.0,     0.0,     0.0,     0.0,     0.0,    10.0
murphjo01, 1998,     1, SJS , NHL , R  , 76.0, 25.0,  23.0,  48.0,  73.0, 10.0 ,  7.0,  8.0,  0.0,  0.0,  2.0, 1.0, 176.0,    6.0,   0.0,   3.0,     3.0,     4.0, 0.0    ,     0.0,     2.0,     0.0,     0.0,     0.0,    21.0
murphjo01, 1999,     1, BOS , NHL , R  , 26.0,  7.0,   7.0,  14.0,  41.0, -7.0 ,  3.0,  3.0,  0.0,  0.0,  0.0, 1.0,  68.0,       ,      ,      ,        ,        ,        ,        ,        ,        ,        ,        ,      
murphjo01, 1999,     2, WAS , NHL , R  , 29.0,  5.0,   8.0,  13.0,  53.0, 8.0  ,  1.0,  0.0,  0.0,  0.0,  2.0, 0.0,  50.0,    5.0,   0.0,   0.0,     0.0,     8.0, -2.0   ,     0.0,     0.0,     0.0,     0.0,     0.0,     8.0
murphjo01, 2000,     1, WAS , NHL , R  , 14.0,  1.0,   5.0,   6.0,  20.0, -5.0 ,  1.0,  3.0,  0.0,  0.0,  0.0, 0.0,  22.0,       ,      ,      ,        ,        ,        ,        ,        ,        ,        ,        ,      
murphla01, 1980,     1, LAK , NHL , D  , 80.0, 16.0,  60.0,  76.0,  79.0, 17.0 ,  5.0,     ,  1.0,     ,  1.0, 1.0, 153.0,    4.0,   3.0,   0.0,     3.0,     2.0,        ,     1.0,        ,     0.0,        ,     0.0,      
murphla01, 1981,     1, LAK , NHL , D  , 79.0, 22.0,  44.0,  66.0,  95.0, -13.0,  8.0,     ,  1.0,     ,  2.0, 4.0, 191.0,   10.0,   2.0,   8.0,    10.0,    12.0,        ,     1.0,        ,     0.0,        ,     0.0,      
murphla01, 1982,     1, LAK , NHL , D  , 77.0, 14.0,  48.0,  62.0,  81.0, 2.0  ,  9.0,     ,  0.0,     ,  2.0, 0.0, 172.0,       ,      ,      ,        ,        ,        ,        ,        ,        ,        ,        ,      
murphla01, 1983,     1, LAK , NHL , D  ,  6.0,  0.0,   3.0,   3.0,   0.0, -4.0 ,  0.0,     ,  0.0,     ,  0.0, 0.0,  11.0,       ,      ,      ,        ,        ,        ,        ,        ,        ,        ,        ,      
murphla01, 1983,     2, WAS , NHL , D  , 72.0, 13.0,  33.0,  46.0,  50.0, 12.0 ,  2.0,     ,  0.0,     ,  2.0, 0.0, 138.0,    8.0,   0.0,   3.0,     3.0,     6.0, 1.0    ,     0.0,        ,     0.0,        ,     0.0,    20.0
murphla01, 1984,     1, WAS , NHL , D  , 79.0, 13.0,  42.0,  55.0,  51.0, 21.0 ,  3.0,     ,  0.0,     ,  0.0, 0.0, 153.0,    5.0,   2.0,   3.0,     5.0,     0.0, -4.0   ,     2.0,        ,     0.0,        ,     0.0,    17.0
murphla01, 1985,     1, WAS , NHL , D  , 78.0, 21.0,  44.0,  65.0,  50.0, 2.0  ,  8.0,     ,  1.0,     ,  2.0, 1.0, 180.0,    9.0,   1.0,   5.0,     6.0,     6.0, 1.0    ,     1.0,        ,     0.0,        ,     0.0,    21.0
murphla01, 1986,     1, WAS , NHL , D  , 80.0, 23.0,  58.0,  81.0,  39.0, 25.0 ,  8.0,     ,  0.0,     ,  4.0, 2.0, 226.0,    7.0,   2.0,   2.0,     4.0,     6.0, 3.0    ,     0.0,        ,     0.0,        ,     1.0,    25.0
murphla01, 1987,     1, WAS , NHL , D  , 79.0,  8.0,  53.0,  61.0,  72.0, 2.0  ,  7.0, 30.0,  0.0,  1.0,  1.0, 0.0, 201.0,   13.0,   4.0,   4.0,     8.0,    33.0, 0.0    ,     2.0,     1.0,     0.0,     0.0,     1.0,    21.0
murphla01, 1988,     1, WAS , NHL , D  , 65.0,  7.0,  29.0,  36.0,  70.0, -5.0 ,  3.0,     ,  0.0,  0.0,  0.0, 0.0, 129.0,       ,      ,      ,        ,        ,        ,        ,        ,        ,        ,        ,      
murphla01, 1988,     2, MNS , NHL , D  , 13.0,  4.0,   6.0,  10.0,  12.0, 5.0  ,  3.0,     ,  0.0,  0.0,  1.0, 1.0,  31.0,    5.0,   0.0,   2.0,     2.0,     8.0, -5.0   ,     0.0,     1.0,     0.0,     0.0,     0.0,     9.0
murphla01, 1989,     1, MNS , NHL , D  , 77.0, 10.0,  58.0,  68.0,  44.0, -13.0,  4.0, 29.0,  0.0,  0.0,  1.0, 1.0, 173.0,    7.0,   1.0,   2.0,     3.0,    31.0, -4.0   ,     0.0,     1.0,     0.0,     0.0,     1.0,    16.0
murphla01, 1990,     1, MNS , NHL , D  , 31.0,  4.0,  11.0,  15.0,  38.0, -8.0 ,  1.0,     ,  0.0,  0.0,  2.0, 0.0, 103.0,       ,      ,      ,        ,        ,        ,        ,        ,        ,        ,        ,      
murphla01, 1990,     2, PIT , NHL , D  , 44.0,  5.0,  23.0,  28.0,  30.0, 2.0  ,  2.0,     ,  0.0,  0.0,  0.0, 0.0,  85.0,   23.0,   5.0,  18.0,    23.0,    44.0, 17.0   ,     4.0,     4.0,     0.0,     1.0,     0.0,    66.0
murphla01, 1991,     1, PIT , NHL , D  , 77.0, 21.0,  56.0,  77.0,  48.0, 33.0 ,  7.0, 25.0,  2.0,  0.0,  3.0, 0.0, 206.0,   21.0,   6.0,  10.0,    16.0,    19.0, -4.0   ,     3.0,     7.0,     0.0,     1.0,     1.0,    59.0
murphla01, 1992,     1, PIT , NHL , D  , 83.0, 22.0,  63.0,  85.0,  73.0, 45.0 ,  6.0, 36.0,  2.0,  0.0,  2.0, 0.0, 230.0,   12.0,   2.0,  11.0,    13.0,    10.0, 2.0    ,     2.0,     6.0,     0.0,     0.0,     1.0,    26.0
murphla01, 1993,     1, PIT , NHL , D  , 84.0, 17.0,  56.0,  73.0,  44.0, 10.0 ,  7.0, 24.0,  0.0,  1.0,  4.0, 0.0, 236.0,    6.0,   0.0,   5.0,     5.0,     0.0, -6.0   ,     0.0,     2.0,     0.0,     0.0,     0.0,    13.0
murphla01, 1994,     1, PIT , NHL , D  , 48.0, 13.0,  25.0,  38.0,  18.0, 12.0 ,  4.0,  7.0,  0.0,  3.0,  3.0, 0.0, 124.0,   12.0,   2.0,  13.0,    15.0,     0.0, 3.0    ,     1.0,     5.0,     0.0,     0.0,     0.0,    35.0
murphla01, 1995,     1, TOR , NHL , D  , 82.0, 12.0,  49.0,  61.0,  34.0, -2.0 ,  8.0, 31.0,  0.0,  0.0,  1.0, 2.0, 182.0,    6.0,   0.0,   2.0,     2.0,     4.0, -8.0   ,     0.0,     2.0,     0.0,     0.0,     0.0,    16.0
murphla01, 1996,     1, TOR , NHL , D  , 69.0,  7.0,  32.0,  39.0,  20.0, 1.0  ,  4.0, 16.0,  0.0,  0.0,  0.0, 1.0, 137.0,       ,      ,      ,        ,        ,        ,        ,        ,        ,        ,        ,      
murphla01, 1996,     2, DET , NHL , D  , 12.0,  2.0,   4.0,   6.0,   0.0, 2.0  ,  1.0,  2.0,  0.0,  0.0,  1.0, 0.0,  21.0,   20.0,   2.0,   9.0,    11.0,     8.0, 16.0   ,     1.0,     3.0,     0.0,     0.0,     1.0,    51.0
murphla01, 1997,     1, DET , NHL , D  , 82.0, 11.0,  41.0,  52.0,  37.0, 35.0 ,  2.0, 12.0,  1.0,  2.0,  2.0, 0.0, 129.0,   22.0,   3.0,  12.0,    15.0,     2.0, 12.0   ,     1.0,     4.0,     2.0,     1.0,     1.0,    36.0
murphla01, 1998,     1, DET , NHL , D  , 80.0, 10.0,  42.0,  52.0,  42.0, 21.0 ,  5.0, 21.0,  1.0,  1.0,  2.0, 0.0, 168.0,   10.0,   0.0,   2.0,     2.0,     8.0, 2.0    ,     0.0,     1.0,     0.0,     0.0,     0.0,    14.0
murphla01, 1999,     1, DET , NHL , D  , 81.0, 10.0,  30.0,  40.0,  45.0, 4.0  ,  7.0,  9.0,  0.0,  0.0,  0.0, 0.0, 146.0,    9.0,   2.0,   3.0,     5.0,     2.0, 1.0    ,     1.0,     1.0,     1.0,     0.0,     0.0,    16.0
murphla01, 2000,     1, DET , NHL , D  , 57.0,  2.0,  19.0,  21.0,  12.0, -6.0 ,  0.0,  7.0,  0.0,  0.0,  1.0, 0.0,  81.0,    6.0,   0.0,   1.0,     1.0,     0.0, 2.0    ,     0.0,     1.0,     0.0,     0.0,     0.0,     7.0
murphmi01, 1971,     1, STL , NHL , R  , 63.0, 20.0,  23.0,  43.0,  19.0, -4.0 ,  5.0,     ,  0.0,     ,  3.0, 1.0, 176.0,   11.0,   2.0,   3.0,     5.0,     6.0,        ,     1.0,        ,     0.0,        ,     0.0,      
murphmi01, 1972,     1, STL , NHL , R  , 64.0, 18.0,  27.0,  45.0,  48.0, 13.0 ,  3.0,     ,  0.0,     ,  3.0, 0.0, 182.0,       ,      ,      ,        ,        ,        ,        ,        ,        ,        ,        ,      
murphmi01, 1972,     2, NYR , NHL , R  , 15.0,  4.0,   4.0,   8.0,   5.0, -5.0 ,  0.0,     ,  0.0,     ,  1.0, 0.0,  35.0,   10.0,   0.0,   0.0,     0.0,     0.0,        ,     0.0,        ,     0.0,        ,     0.0,      
murphmi01, 1973,     1, NYR , NHL , R  , 16.0,  2.0,   1.0,   3.0,   0.0, -2.0 ,  0.0,     ,  0.0,     ,  0.0, 1.0,  28.0,       ,      ,      ,        ,        ,        ,        ,        ,        ,        ,        ,      
murphmi01, 1973,     2, LAK , NHL , R  , 53.0, 13.0,  16.0,  29.0,  38.0, 2.0  ,  1.0,     ,  0.0,     ,  2.0, 1.0, 142.0,    5.0,   0.0,   4.0,     4.0,     0.0,        ,     0.0,        ,     0.0,        ,     0.0,      
murphmi01, 1974,     1, LAK , NHL , R  , 78.0, 30.0,  38.0,  68.0,  44.0, 32.0 ,  3.0,     ,  3.0,     ,  6.0, 4.0, 175.0,    3.0,   3.0,   0.0,     3.0,     4.0,        ,     2.0,        ,     0.0,        ,     1.0,      
murphmi01, 1975,     1, LAK , NHL , R  , 80.0, 26.0,  42.0,  68.0,  61.0, -3.0 ,  7.0,     ,  1.0,     ,  5.0, 2.0, 205.0,    9.0,   1.0,   4.0,     5.0,     6.0,        ,     1.0,        ,     0.0,        ,     0.0,      
murphmi01, 1976,     1, LAK , NHL , R  , 76.0, 25.0,  36.0,  61.0,  58.0, 15.0 ,  9.0,     ,  3.0,     ,  3.0, 2.0, 165.0,    9.0,   4.0,   9.0,    13.0,     4.0,        ,     1.0,        ,     0.0,        ,     0.0,      
murphmi01, 1977,     1, LAK , NHL , R  , 72.0, 20.0,  36.0,  56.0,  48.0, -1.0 ,  7.0,     ,  0.0,     ,  6.0, 2.0, 207.0,    2.0,   0.0,   0.0,     0.0,     0.0,        ,     0.0,        ,     0.0,        ,     0.0,      
murphmi01, 1978,     1, LAK , NHL , R  , 64.0, 16.0,  29.0,  45.0,  38.0, -12.0,  4.0,     ,  1.0,     ,  2.0, 0.0, 150.0,    2.0,   0.0,   1.0,     1.0,     0.0,        ,     0.0,        ,     0.0,        ,     0.0,      
murphmi01, 1979,     1, LAK , NHL , R  , 80.0, 27.0,  22.0,  49.0,  29.0, -12.0,  7.0,     ,  3.0,     ,  1.0, 1.0, 176.0,    4.0,   1.0,   0.0,     1.0,     2.0,        ,     0.0,        ,     1.0,        ,     0.0,      
murphmi01, 1980,     1, LAK , NHL , R  , 68.0, 16.0,  23.0,  39.0,  54.0, -7.0 ,  2.0,     ,  1.0,     ,  1.0, 0.0, 131.0,    1.0,   0.0,   1.0,     1.0,     0.0,        ,     0.0,        ,     0.0,        ,     0.0,      
murphmi01, 1981,     1, LAK , NHL , R  , 28.0,  5.0,  10.0,  15.0,  20.0, 0.0  ,  0.0,     ,  2.0,     ,  0.0, 0.0,  36.0,   10.0,   2.0,   1.0,     3.0,    32.0,        ,     0.0,        ,     0.0,        ,     0.0,      
murphmi01, 1982,     1, LAK , NHL , R  , 74.0, 16.0,  11.0,  27.0,  52.0, -11.0,  0.0,     ,  5.0,     ,  2.0, 0.0, 135.0,       ,      ,      ,        ,        ,        ,        ,        ,        ,        ,        ,      
murphra01, 1915,     1, MOW , NHA ,    ,  3.0,  0.0,   0.0,   0.0,   6.0,      ,     ,     ,     ,     ,     ,    ,      ,       ,      ,      ,        ,        ,        ,        ,        ,        ,        ,        ,      
murphro01, 1952,     1, NYR , NHL , L  , 15.0,  3.0,   1.0,   4.0,   0.0,      ,     ,     ,     ,     ,     ,    ,      ,       ,      ,      ,        ,        ,        ,        ,        ,        ,        ,        ,      
murphro01, 1953,     1, NYR , NHL , L  , 27.0,  1.0,   3.0,   4.0,  20.0,      ,     ,     ,     ,     ,     ,    ,      ,       ,      ,      ,        ,        ,        ,        ,        ,        ,        ,        ,      
murphro01, 1954,     1, NYR , NHL , L  , 66.0, 14.0,  16.0,  30.0,  36.0,      ,     ,     ,     ,     ,     ,    ,      ,       ,      ,      ,        ,        ,        ,        ,        ,        ,        ,        ,      
murphro01, 1955,     1, NYR , NHL , L  , 66.0, 16.0,  28.0,  44.0,  71.0,      ,     ,     ,     ,     ,     ,    ,      ,    5.0,   0.0,   1.0,     1.0,     2.0,        ,        ,        ,        ,        ,        ,      
murphro01, 1956,     1, NYR , NHL , L  , 33.0,  7.0,  12.0,  19.0,  14.0,      ,     ,     ,     ,     ,     ,    ,      ,    5.0,   0.0,   0.0,     0.0,     0.0,        ,        ,        ,        ,        ,        ,      
murphro01, 1957,     1, CHI , NHL , L  , 69.0, 11.0,  17.0,  28.0,  32.0,      ,     ,     ,     ,     ,     ,    ,      ,       ,      ,      ,        ,        ,        ,        ,        ,        ,        ,        ,      
murphro01, 1958,     1, CHI , NHL , L  , 59.0, 17.0,  30.0,  47.0,  52.0,      ,     ,     ,     ,     ,     ,    ,      ,       ,      ,      ,        ,        ,        ,        ,        ,        ,        ,        ,      
murphro01, 1959,     1, CHI , NHL , L  , 63.0, 15.0,  21.0,  36.0,  18.0,      ,     ,     ,     ,     ,     ,    ,      ,    4.0,   1.0,   0.0,     1.0,     0.0,        ,        ,        ,        ,        ,        ,      
murphro01, 1960,     1, CHI , NHL , L  , 70.0, 21.0,  19.0,  40.0,  30.0,      ,     ,     ,     ,     ,     ,    ,      ,   12.0,   2.0,   1.0,     3.0,     0.0,        ,        ,        ,        ,        ,     1.0,      
murphro01, 1961,     1, CHI , NHL , L  , 60.0, 12.0,  16.0,  28.0,  41.0,      ,     ,     ,     ,     ,     ,    ,      ,       ,      ,      ,        ,        ,        ,        ,        ,        ,        ,        ,      
murphro01, 1962,     1, CHI , NHL , L  , 68.0, 18.0,  16.0,  34.0,  28.0,      ,     ,     ,     ,     ,     ,    ,      ,    1.0,   0.0,   0.0,     0.0,     0.0,        ,        ,        ,        ,        ,     0.0,      
murphro01, 1963,     1, CHI , NHL , L  , 70.0, 11.0,   8.0,  19.0,  32.0,      ,  0.0,     ,  0.0,     ,  1.0, 1.0,      ,    7.0,   0.0,   1.0,     1.0,     8.0,        ,        ,        ,        ,        ,     0.0,      
murphro01, 1964,     1, DET , NHL , L  , 58.0, 20.0,  19.0,  39.0,  32.0,      , 10.0,     ,  0.0,     ,  2.0, 0.0,      ,    5.0,   0.0,   1.0,     1.0,     4.0,        ,        ,        ,        ,        ,     0.0,      
murphro01, 1965,     1, DET , NHL , L  , 32.0, 10.0,   7.0,  17.0,  10.0,      ,  2.0,     ,  0.0,     ,  1.0, 0.0,      ,       ,      ,      ,        ,        ,        ,        ,        ,        ,        ,        ,      
murphro01, 1965,     2, BOS , NHL , L  ,  2.0,  0.0,   1.0,   1.0,   0.0,      ,  0.0,     ,  0.0,     ,  0.0, 0.0,      ,       ,      ,      ,        ,        ,        ,        ,        ,        ,        ,        ,      
murphro01, 1966,     1, BOS , NHL , R  , 39.0, 11.0,  16.0,  27.0,   6.0,      ,  0.0,     ,  0.0,     ,  1.0, 2.0,      ,       ,      ,      ,        ,        ,        ,        ,        ,        ,        ,        ,      
murphro01, 1967,     1, BOS , NHL , L  , 12.0,  0.0,   1.0,   1.0,   4.0, -2.0 ,  0.0,     ,  0.0,     ,  0.0, 0.0,  17.0,    4.0,   0.0,   0.0,     0.0,     0.0,        ,     0.0,        ,     0.0,        ,     0.0,      
murphro01, 1968,     1, BOS , NHL , L  , 60.0, 16.0,  38.0,  54.0,  26.0, 23.0 ,  5.0,     ,  0.0,     ,  0.0, 1.0, 113.0,   10.0,   4.0,   4.0,     8.0,    12.0,        ,     0.0,        ,     0.0,        ,     0.0,      
murphro01, 1969,     1, BOS , NHL , L  , 20.0,  2.0,   5.0,   7.0,   8.0, 1.0  ,  0.0,     ,  0.0,     ,  2.0, 0.0,  35.0,       ,      ,      ,        ,        ,        ,        ,        ,        ,        ,        ,      
murphro02, 1987,     1, VAN , NHL , C  ,  5.0,  0.0,   0.0,   0.0,   2.0, -1.0 ,  0.0,  0.0,  0.0,  0.0,  0.0, 0.0,   4.0,       ,      ,      ,        ,        ,        ,        ,        ,        ,        ,        ,      
murphro02, 1988,     1, VAN , NHL , L  ,  8.0,  0.0,   1.0,   1.0,   2.0, -1.0 ,  0.0,  0.0,  0.0,  0.0,  0.0, 0.0,  10.0,       ,      ,      ,        ,        ,        ,        ,        ,        ,        ,        ,      
murphro02, 1989,     1, VAN , NHL , L  , 12.0,  1.0,   1.0,   2.0,   0.0, -13.0,  0.0,  0.0,  0.0,  0.0,  1.0, 0.0,   6.0,       ,      ,      ,        ,        ,        ,        ,        ,        ,        ,        ,      
murphro02, 1990,     1, VAN , NHL , L  , 42.0,  5.0,   1.0,   6.0,  90.0, -11.0,  0.0,  0.0,  0.0,  0.0,  0.0, 0.0,  19.0,    4.0,   0.0,   0.0,     0.0,     2.0, -3.0   ,     0.0,     0.0,     0.0,     0.0,     0.0,     2.0
murphro02, 1991,     1, VAN , NHL , L  ,  6.0,  0.0,   1.0,   1.0,   6.0, -2.0 ,  0.0,  0.0,  0.0,  0.0,  0.0, 0.0,   2.0,       ,      ,      ,        ,        ,        ,        ,        ,        ,        ,        ,      
murphro02, 1992,     1, OTT , NHL , L  , 44.0,  3.0,   7.0,  10.0,  30.0, -23.0,  0.0,  0.0,  0.0,  0.0,  0.0, 0.0,  55.0,       ,      ,      ,        ,        ,        ,        ,        ,        ,        ,        ,      
murphro02, 1993,     1, LAK , NHL , C  ,  8.0,  0.0,   1.0,   1.0,  22.0, -3.0 ,  0.0,  0.0,  0.0,  0.0,  0.0, 0.0,   4.0,       ,      ,      ,        ,        ,        ,        ,        ,        ,        ,        ,      
murraal01, 1933,     1, NYA , NHL , D  , 39.0,  1.0,   1.0,   2.0,  20.0,      ,     ,     ,     ,     ,     ,    ,      ,       ,      ,      ,        ,        ,        ,        ,        ,        ,        ,        ,      
murraal01, 1934,     1, NYA , NHL , D  , 43.0,  2.0,   1.0,   3.0,  36.0,      ,     ,     ,     ,     ,     ,    ,      ,       ,      ,      ,        ,        ,        ,        ,        ,        ,        ,        ,      
murraal01, 1935,     1, NYA , NHL , D  , 48.0,  1.0,   0.0,   1.0,  33.0,      ,     ,     ,     ,     ,     ,    ,      ,    5.0,   0.0,   0.0,     0.0,     2.0,        ,        ,        ,        ,        ,        ,      
murraal01, 1936,     1, NYA , NHL , D  , 40.0,  0.0,   2.0,   2.0,  22.0,      ,     ,     ,     ,     ,     ,    ,      ,       ,      ,      ,        ,        ,        ,        ,        ,        ,        ,        ,      
murraal01, 1937,     1, NYA , NHL , D  , 47.0,  0.0,   1.0,   1.0,  34.0,      ,     ,     ,     ,     ,     ,    ,      ,    6.0,   0.0,   0.0,     0.0,     6.0,        ,        ,        ,        ,        ,        ,      
murraal01, 1938,     1, NYA , NHL , D  , 18.0,  0.0,   0.0,   0.0,   8.0,      ,     ,     ,     ,     ,     ,    ,      ,       ,      ,      ,        ,        ,        ,        ,        ,        ,        ,        ,      
murraal01, 1939,     1, NYA , NHL , D  , 36.0,  1.0,   4.0,   5.0,  10.0,      ,     ,     ,     ,     ,     ,    ,      ,    3.0,   0.0,   0.0,     0.0,     2.0,        ,        ,        ,        ,        ,        ,      
murraan02, 2007,     1, CBS , NHL , C  , 39.0,  6.0,   4.0,  10.0,  12.0, 0.0  ,  0.0,  0.0,  0.0,  0.0,  0.0,    ,  45.0,       ,      ,      ,        ,        ,        ,        ,        ,        ,        ,        ,      
murraan02, 2008,     1, CBS , NHL , C  , 67.0,  8.0,   3.0,  11.0,  10.0, -6.0 ,  1.0,  0.0,  0.0,  1.0,  3.0,    ,  89.0,       ,      ,      ,        ,        ,        ,        ,        ,        ,        ,        ,      
murraan02, 2009,     1, CBS , NHL , C  , 46.0,  5.0,   2.0,   7.0,   6.0, -6.0 ,  0.0,  0.0,  0.0,  1.0,  0.0,    ,  73.0,       ,      ,      ,        ,        ,        ,        ,        ,        ,        ,        ,      
murrabo01, 1973,     1, ATF , NHL , D  , 62.0,  0.0,   3.0,   3.0,  34.0, -20.0,  0.0,     ,  0.0,     ,  0.0, 0.0,  67.0,    4.0,   1.0,   0.0,     1.0,     2.0,        ,     0.0,        ,     0.0,        ,     0.0,      
murrabo01, 1974,     1, ATF , NHL , D  , 42.0,  3.0,   3.0,   6.0,  22.0, 5.0  ,  0.0,     ,  0.0,     ,  1.0, 2.0,  34.0,       ,      ,      ,        ,        ,        ,        ,        ,        ,        ,        ,      
murrabo01, 1974,     2, VAN , NHL , D  , 13.0,  1.0,   5.0,   6.0,   8.0, 6.0  ,  0.0,     ,  0.0,     ,  0.0, 0.0,  13.0,    5.0,   0.0,   1.0,     1.0,    13.0,        ,     0.0,        ,     0.0,        ,     0.0,      
murrabo01, 1975,     1, VAN , NHL , D  , 65.0,  2.0,   5.0,   7.0,  28.0, 3.0  ,  0.0,     ,  1.0,     ,  0.0, 0.0,  48.0,    1.0,   0.0,   0.0,     0.0,     0.0,        ,     0.0,        ,     0.0,        ,     0.0,      
murrabo01, 1976,     1, VAN , NHL , D  , 12.0,  0.0,   0.0,   0.0,   6.0, -1.0 ,  0.0,     ,  0.0,     ,  0.0, 0.0,  10.0,       ,      ,      ,        ,        ,        ,        ,        ,        ,        ,        ,      
murrabo02, 1975,     1, CHI , NHL , D  , 64.0,  1.0,   2.0,   3.0,  44.0, -6.0 ,  0.0,     ,  0.0,     ,  0.0, 0.0,  61.0,       ,      ,      ,        ,        ,        ,        ,        ,        ,        ,        ,      
murrabo02, 1976,     1, CHI , NHL , D  , 77.0, 10.0,  11.0,  21.0,  71.0, -7.0 ,  0.0,     ,  0.0,     ,  0.0, 0.0,  84.0,    2.0,   0.0,   1.0,     1.0,     2.0,        ,     0.0,        ,     0.0,        ,     0.0,      
murrabo02, 1977,     1, CHI , NHL , D  , 70.0, 14.0,  17.0,  31.0,  41.0, 11.0 ,  2.0,     ,  0.0,     ,  3.0, 1.0, 124.0,    4.0,   1.0,   4.0,     5.0,     2.0,        ,     0.0,        ,     0.0,        ,     0.0,      
murrabo02, 1978,     1, CHI , NHL , D  , 79.0, 19.0,  32.0,  51.0,  38.0, 4.0  ,  4.0,     ,  1.0,     ,  0.0, 2.0, 220.0,    4.0,   1.0,   0.0,     1.0,     6.0,        ,     0.0,        ,     0.0,        ,     0.0,      
murrabo02, 1979,     1, CHI , NHL , D  , 74.0, 16.0,  34.0,  50.0,  60.0, -16.0,  8.0,     ,  0.0,     ,  1.0, 1.0, 224.0,    7.0,   2.0,   4.0,     6.0,     6.0,        ,     0.0,        ,     0.0,        ,     0.0,      
murrabo02, 1980,     1, CHI , NHL , D  , 77.0, 13.0,  47.0,  60.0,  93.0, 6.0  ,  6.0,     ,  0.0,     ,  1.0, 1.0, 206.0,    3.0,   0.0,   0.0,     0.0,     2.0,        ,     0.0,        ,     0.0,        ,     0.0,      
murrabo02, 1981,     1, CHI , NHL , D  , 45.0,  8.0,  22.0,  30.0,  48.0, 1.0  ,  3.0,     ,  1.0,     ,  0.0, 0.0, 109.0,   15.0,   1.0,   6.0,     7.0,    16.0,        ,     0.0,        ,     0.0,        ,     0.0,      
murrabo02, 1982,     1, CHI , NHL , D  , 79.0,  7.0,  32.0,  39.0,  73.0, 24.0 ,  5.0,     ,  0.0,     ,  1.0, 0.0, 186.0,   13.0,   2.0,   3.0,     5.0,    10.0,        ,     1.0,        ,     0.0,        ,     0.0,      
murrabo02, 1983,     1, CHI , NHL , D  , 78.0, 11.0,  37.0,  48.0,  78.0, 1.0  ,  3.0,     ,  1.0,     ,  1.0, 0.0, 190.0,    5.0,   3.0,   1.0,     4.0,     6.0, -2.0   ,     1.0,        ,     0.0,        ,     0.0,    17.0
murrabo02, 1984,     1, CHI , NHL , D  , 80.0,  5.0,  38.0,  43.0,  56.0, 13.0 ,  4.0,     ,  0.0,     ,  1.0, 0.0, 156.0,   15.0,   3.0,   6.0,     9.0,    20.0, -9.0   ,     1.0,        ,     0.0,        ,     0.0,    32.0
murrabo02, 1985,     1, CHI , NHL , D  , 80.0,  9.0,  29.0,  38.0,  75.0, 6.0  ,  3.0,     ,  0.0,     ,  1.0, 0.0, 139.0,    3.0,   0.0,   2.0,     2.0,     0.0, -4.0   ,     0.0,        ,     0.0,        ,     0.0,     6.0
murrabo02, 1986,     1, CHI , NHL , D  , 79.0,  6.0,  38.0,  44.0,  80.0, -9.0 ,  4.0,     ,  0.0,     ,  1.0, 0.0, 177.0,    4.0,   1.0,   0.0,     1.0,     4.0, -2.0   ,     0.0,        ,     0.0,        ,     0.0,    11.0
murrabo02, 1987,     1, CHI , NHL , D  , 62.0,  6.0,  20.0,  26.0,  44.0, -7.0 ,  1.0, 10.0,  0.0,  3.0,  0.0, 1.0,  97.0,    5.0,   1.0,   3.0,     4.0,     2.0, -1.0   ,     1.0,     3.0,     0.0,     0.0,     0.0,     6.0
murrabo02, 1988,     1, CHI , NHL , D  , 15.0,  2.0,   4.0,   6.0,  27.0, -4.0 ,  2.0,  3.0,  0.0,  0.0,  0.0, 0.0,  19.0,   16.0,   2.0,   3.0,     5.0,    22.0, 1.0    ,     1.0,     2.0,     0.0,     0.0,     0.0,    25.0
murrabo02, 1989,     1, CHI , NHL , D  , 49.0,  5.0,  19.0,  24.0,  45.0, 3.0  ,  3.0, 10.0,  0.0,  0.0,  1.0, 0.0,  84.0,   16.0,   2.0,   4.0,     6.0,     8.0, 8.0    ,     0.0,     3.0,     0.0,     0.0,     0.0,    30.0
murrabr02, 2007,     1, LAK , NHL , L  ,  4.0,  1.0,   0.0,   1.0,   6.0, -2.0 ,  0.0,  0.0,  0.0,  0.0,  0.0,    ,   2.0,       ,      ,      ,        ,        ,        ,        ,        ,        ,        ,        ,      
murrach01, 1994,     1, MTL , NHL , R  ,  3.0,  0.0,   0.0,   0.0,   4.0, 0.0  ,  0.0,  0.0,  0.0,  0.0,  0.0, 0.0,   0.0,       ,      ,      ,        ,        ,        ,        ,        ,        ,        ,        ,      
murrach01, 1995,     1, MTL , NHL , R  , 48.0,  3.0,   4.0,   7.0, 163.0, 5.0  ,  0.0,  0.0,  0.0,  0.0,  1.0, 0.0,  32.0,    4.0,   0.0,   0.0,     0.0,     4.0, 0.0    ,     0.0,     0.0,     0.0,     0.0,     0.0,     1.0
murrach01, 1996,     1, MTL , NHL , R  , 56.0,  4.0,   2.0,   6.0, 114.0, -8.0 ,  0.0,  0.0,  0.0,  0.0,  0.0, 0.0,  32.0,       ,      ,      ,        ,        ,        ,        ,        ,        ,        ,        ,      
murrach01, 1996,     2, HAR , NHL , R  ,  8.0,  1.0,   1.0,   2.0,  10.0, 1.0  ,  0.0,  0.0,  0.0,  0.0,  0.0, 0.0,   9.0,       ,      ,      ,        ,        ,        ,        ,        ,        ,        ,        ,      
murrach01, 1997,     1, CAR , NHL , R  ,  7.0,  0.0,   1.0,   1.0,  22.0, 2.0  ,  0.0,  0.0,  0.0,  0.0,  0.0, 0.0,   3.0,       ,      ,      ,        ,        ,        ,        ,        ,        ,        ,        ,      
murrach01, 1997,     2, OTT , NHL , R  , 46.0,  5.0,   3.0,   8.0,  96.0, 1.0  ,  0.0,  0.0,  0.0,  0.0,  2.0, 0.0,  48.0,   11.0,   1.0,   0.0,     1.0,     8.0, -2.0   ,     0.0,     0.0,     0.0,     0.0,     0.0,    12.0
murrach01, 1998,     1, OTT , NHL , R  , 38.0,  1.0,   6.0,   7.0,  65.0, -2.0 ,  0.0,  0.0,  0.0,  0.0,  0.0, 0.0,  33.0,       ,      ,      ,        ,        ,        ,        ,        ,        ,        ,        ,      
murrach01, 1998,     2, CHI , NHL , R  ,  4.0,  0.0,   0.0,   0.0,  14.0, 0.0  ,  0.0,  0.0,  0.0,  0.0,  0.0, 0.0,   4.0,       ,      ,      ,        ,        ,        ,        ,        ,        ,        ,        ,      
murrach01, 1999,     1, DAL , NHL , R  , 32.0,  2.0,   1.0,   3.0,  62.0, -7.0 ,  0.0,  0.0,  0.0,  0.0,  0.0, 1.0,  25.0,       ,      ,      ,        ,        ,        ,        ,        ,        ,        ,        ,      
murrado01, 2005,     1, SJS , NHL , D  , 34.0,  0.0,   1.0,   1.0,  27.0, 3.0  ,  0.0,  0.0,  0.0,  0.0,  0.0,    ,  21.0,       ,      ,      ,        ,        ,        ,        ,        ,        ,        ,        ,      
murrado01, 2006,     1, SJS , NHL , D  , 35.0,  0.0,   3.0,   3.0,  31.0, 0.0  ,  0.0,  1.0,  0.0,  0.0,  0.0,    ,  18.0,       ,      ,      ,        ,        ,        ,        ,        ,        ,        ,        ,      
murrado01, 2007,     1, SJS , NHL , D  , 66.0,  1.0,   9.0,  10.0,  98.0, 20.0 ,  0.0,  0.0,  0.0,  1.0,  0.0,    ,  48.0,   13.0,   1.0,   1.0,     2.0,     2.0, 0.0    ,     0.0,     0.0,     0.0,     0.0,     0.0,    19.0
murrado01, 2008,     1, SJS , NHL , D  , 75.0,  0.0,   7.0,   7.0,  38.0, 6.0  ,  0.0,  0.0,  0.0,  0.0,  0.0,    ,  56.0,    6.0,   0.0,   0.0,     0.0,     9.0, -1.0   ,     0.0,     0.0,     0.0,     0.0,     0.0,     3.0
murrado01, 2009,     1, SJS , NHL , D  , 79.0,  4.0,  13.0,  17.0,  66.0, 3.0  ,  1.0,  0.0,  0.0,  0.0,  1.0,    ,  85.0,   15.0,   1.0,   6.0,     7.0,     8.0, -1.0   ,     0.0,     0.0,     0.0,     0.0,     0.0,    14.0
murraga01, 2003,     1, NYR , NHL , C  , 20.0,  1.0,   0.0,   1.0,  24.0, -5.0 ,  0.0,  0.0,  0.0,  0.0,  0.0, 0.0,  18.0,       ,      ,      ,        ,        ,        ,        ,        ,        ,        ,        ,      
murraga01, 2005,     1, MTL , NHL , C  , 36.0,  5.0,   1.0,   6.0,  44.0, -2.0 ,  0.0,  0.0,  0.0,  0.0,  1.0,    ,  25.0,    6.0,   0.0,   0.0,     0.0,     0.0, 2.0    ,     0.0,     0.0,     0.0,     0.0,     0.0,     4.0
murraga01, 2006,     1, MTL , NHL , L  , 43.0,  2.0,   1.0,   3.0,  32.0, -10.0,  0.0,  0.0,  0.0,  0.0,  0.0,    ,  28.0,       ,      ,      ,        ,        ,        ,        ,        ,        ,        ,        ,      
murraga01, 2007,     1, MTL , NHL , C  ,  1.0,  0.0,   0.0,   0.0,   0.0, 0.0  ,  0.0,  0.0,  0.0,  0.0,  0.0,    ,   0.0,       ,      ,      ,        ,        ,        ,        ,        ,        ,        ,        ,      
murraga01, 2007,     2, FLO , NHL , C  ,  6.0,  0.0,   0.0,   0.0,  19.0, 0.0  ,  0.0,  0.0,  0.0,  0.0,  0.0,    ,   3.0,       ,      ,      ,        ,        ,        ,        ,        ,        ,        ,        ,      
murraga01, 2008,     1, PHO , NHL , C  , 10.0,  0.0,   0.0,   0.0,  12.0, -2.0 ,  0.0,  0.0,  0.0,  0.0,  0.0,    ,  12.0,       ,      ,      ,        ,        ,        ,        ,        ,        ,        ,        ,      
murragl01, 1991,     1, BOS , NHL , R  ,  5.0,  3.0,   1.0,   4.0,   0.0, 2.0  ,  1.0,  0.0,  0.0,  0.0,  0.0, 0.0,  20.0,   15.0,   4.0,   2.0,     6.0,    10.0, -1.0   ,     1.0,     1.0,     0.0,     0.0,     0.0,    19.0
murragl01, 1992,     1, BOS , NHL , R  , 27.0,  3.0,   4.0,   7.0,   8.0, -6.0 ,  2.0,  0.0,  0.0,  0.0,  1.0, 0.0,  28.0,       ,      ,      ,        ,        ,        ,        ,        ,        ,        ,        ,      
murragl01, 1993,     1, BOS , NHL , R  , 81.0, 18.0,  13.0,  31.0,  48.0, -1.0 ,  0.0,  0.0,  0.0,  0.0,  4.0, 2.0, 114.0,   13.0,   4.0,   5.0,     9.0,    14.0, -2.0   ,     0.0,     0.0,     0.0,     0.0,     0.0,    28.0
murragl01, 1994,     1, BOS , NHL , L  , 35.0,  5.0,   2.0,   7.0,  46.0, -11.0,  0.0,  0.0,  0.0,  0.0,  2.0, 0.0,  64.0,    2.0,   0.0,   0.0,     0.0,     2.0, -1.0   ,     0.0,     0.0,     0.0,     0.0,     0.0,     2.0
murragl01, 1995,     1, PIT , NHL , R  , 69.0, 14.0,  15.0,  29.0,  57.0, 4.0  ,  0.0,  0.0,  0.0,  0.0,  2.0, 0.0, 100.0,   18.0,   2.0,   6.0,     8.0,    10.0, 2.0    ,     0.0,     0.0,     0.0,     0.0,     1.0,    21.0
murragl01, 1996,     1, PIT , NHL , R  , 66.0, 11.0,  11.0,  22.0,  24.0, -19.0,  3.0,  1.0,  0.0,  0.0,  1.0, 0.0, 127.0,       ,      ,      ,        ,        ,        ,        ,        ,        ,        ,        ,      
murragl01, 1996,     2, LAK , NHL , R  , 11.0,  5.0,   3.0,   8.0,   8.0, -2.0 ,  0.0,  1.0,  0.0,  0.0,  0.0, 0.0,  26.0,       ,      ,      ,        ,        ,        ,        ,        ,        ,        ,        ,      
murragl01, 1997,     1, LAK , NHL , R  , 81.0, 29.0,  31.0,  60.0,  54.0, 6.0  ,  7.0,  8.0,  3.0,  0.0,  7.0, 0.0, 193.0,    4.0,   2.0,   0.0,     2.0,     6.0, 2.0    ,     0.0,     0.0,     0.0,     0.0,     0.0,    13.0
murragl01, 1998,     1, LAK , NHL , R  , 61.0, 16.0,  15.0,  31.0,  36.0, -14.0,  3.0,  3.0,  3.0,  0.0,  3.0, 0.0, 173.0,       ,      ,      ,        ,        ,        ,        ,        ,        ,        ,        ,      
murragl01, 1999,     1, LAK , NHL , R  , 78.0, 29.0,  33.0,  62.0,  60.0, 13.0 , 10.0,  8.0,  1.0,  0.0,  2.0, 1.0, 202.0,    4.0,   0.0,   0.0,     0.0,     2.0, -3.0   ,     0.0,     0.0,     0.0,     0.0,     0.0,     3.0
murragl01, 2000,     1, LAK , NHL , R  , 64.0, 18.0,  21.0,  39.0,  32.0, 9.0  ,  3.0,  1.0,  1.0,  2.0,  1.0, 0.0, 138.0,   13.0,   4.0,   3.0,     7.0,     4.0, -1.0   ,     1.0,     0.0,     0.0,     0.0,     1.0,    34.0
murragl01, 2001,     1, LAK , NHL , R  ,  9.0,  6.0,   5.0,  11.0,   0.0, 5.0  ,  4.0,  2.0,  0.0,  0.0,  2.0, 0.0,  34.0,       ,      ,      ,        ,        ,        ,        ,        ,        ,        ,        ,      
murragl01, 2001,     2, BOS , NHL , R  , 73.0, 35.0,  25.0,  60.0,  40.0, 26.0 ,  5.0,  3.0,  0.0,  1.0,  7.0, 0.0, 212.0,    6.0,   1.0,   4.0,     5.0,     4.0, -1.0   ,     0.0,     1.0,     0.0,     0.0,     0.0,    22.0
murragl01, 2002,     1, BOS , NHL , R  , 82.0, 44.0,  48.0,  92.0,  64.0, 9.0  , 12.0, 16.0,  0.0,  1.0,  5.0, 2.0, 331.0,    5.0,   1.0,   1.0,     2.0,     4.0, -5.0   ,     0.0,     0.0,     0.0,     0.0,     0.0,    12.0
murragl01, 2003,     1, BOS , NHL , R  , 81.0, 32.0,  28.0,  60.0,  56.0, 17.0 , 11.0,  3.0,  0.0,  0.0,  9.0, 0.0, 260.0,    7.0,   2.0,   1.0,     3.0,     8.0, -2.0   ,     0.0,     0.0,     0.0,     0.0,     1.0,    19.0
murragl01, 2005,     1, BOS , NHL , R  , 64.0, 24.0,  29.0,  53.0,  52.0, -8.0 ,  6.0, 13.0,  1.0,  2.0,  3.0,    , 195.0,       ,      ,      ,        ,        ,        ,        ,        ,        ,        ,        ,      
murragl01, 2006,     1, BOS , NHL , R  , 59.0, 28.0,  17.0,  45.0,  44.0, -12.0, 12.0,  6.0,  0.0,  0.0,  4.0,    , 201.0,       ,      ,      ,        ,        ,        ,        ,        ,        ,        ,        ,      
murragl01, 2007,     1, BOS , NHL , R  , 63.0, 17.0,  13.0,  30.0,  50.0, -4.0 ,  7.0,  4.0,  0.0,  0.0,  2.0,    , 158.0,    7.0,   0.0,   0.0,     0.0,     2.0, -3.0   ,     0.0,     0.0,     0.0,     0.0,     0.0,    10.0
murraji01, 1967,     1, LAK , NHL , D  , 30.0,  0.0,   2.0,   2.0,  14.0, -4.0 ,  0.0,     ,  0.0,     ,  0.0, 0.0,  24.0,       ,      ,      ,        ,        ,        ,        ,        ,        ,        ,        ,      
murrake01, 1969,     1, TOR , NHL , D  ,  1.0,  0.0,   1.0,   1.0,   2.0, 1.0  ,  0.0,     ,  0.0,     ,  0.0, 0.0,   1.0,       ,      ,      ,        ,        ,        ,        ,        ,        ,        ,        ,      
murrake01, 1970,     1, TOR , NHL , D  ,  4.0,  0.0,   0.0,   0.0,   0.0, 1.0  ,  0.0,     ,  0.0,     ,  0.0, 0.0,   1.0,       ,      ,      ,        ,        ,        ,        ,        ,        ,        ,        ,      
murrake01, 1972,     1, NYI , NHL , D  , 39.0,  0.0,   4.0,   4.0,  59.0, -21.0,  0.0,     ,  0.0,     ,  0.0, 0.0,  20.0,       ,      ,      ,        ,        ,        ,        ,        ,        ,        ,        ,      
murrake01, 1972,     2, DET , NHL , D  , 31.0,  1.0,   1.0,   2.0,  36.0, -1.0 ,  0.0,     ,  0.0,     ,  0.0, 0.0,  18.0,       ,      ,      ,        ,        ,        ,        ,        ,        ,        ,        ,      
murrake01, 1974,     1, KCS , NHL , D  ,  8.0,  0.0,   2.0,   2.0,  14.0, 3.0  ,  0.0,     ,  0.0,     ,  0.0, 0.0,   5.0,       ,      ,      ,        ,        ,        ,        ,        ,        ,        ,        ,      
murrake01, 1975,     1, KCS , NHL , D  , 23.0,  0.0,   2.0,   2.0,  24.0, -1.0 ,  0.0,     ,  0.0,     ,  0.0, 0.0,  12.0,       ,      ,      ,        ,        ,        ,        ,        ,        ,        ,        ,      
murrale01, 1932,     1, MTL , NHL , C  ,  6.0,  0.0,   0.0,   0.0,   2.0,      ,     ,     ,     ,     ,     ,    ,      ,       ,      ,      ,        ,        ,        ,        ,        ,        ,        ,        ,      
murrama01, 1995,     1, CAL , NHL , C  , 15.0,  3.0,   3.0,   6.0,   0.0, -4.0 ,  2.0,  2.0,  0.0,  0.0,  0.0, 0.0,  22.0,       ,      ,      ,        ,        ,        ,        ,        ,        ,        ,        ,      
murrama01, 1996,     1, CAL , NHL , C  ,  2.0,  0.0,   0.0,   0.0,   4.0, 0.0  ,  0.0,  0.0,  0.0,  0.0,  0.0, 0.0,   2.0,       ,      ,      ,        ,        ,        ,        ,        ,        ,        ,        ,      
murrama01, 1997,     1, CAL , NHL , C  ,  2.0,  0.0,   0.0,   0.0,   2.0, 1.0  ,  0.0,  0.0,  0.0,  0.0,  0.0, 0.0,   2.0,       ,      ,      ,        ,        ,        ,        ,        ,        ,        ,        ,      
murrama01, 2000,     1, CAL , NHL , C  ,  7.0,  0.0,   0.0,   0.0,   0.0, -2.0 ,  0.0,  0.0,  0.0,  0.0,  0.0, 0.0,   6.0,       ,      ,      ,        ,        ,        ,        ,        ,        ,        ,        ,      
murrama01, 2001,     1, PHI , NHL , C  , 74.0, 12.0,  15.0,  27.0,  10.0, 10.0 ,  1.0,  0.0,  1.0,  1.0,  2.0, 0.0, 109.0,    5.0,   0.0,   1.0,     1.0,     0.0, -2.0   ,     0.0,     0.0,     0.0,     0.0,     0.0,     2.0
murrama01, 2002,     1, PHI , NHL , C  , 76.0, 11.0,  15.0,  26.0,  13.0, -1.0 ,  1.0,  3.0,  1.0,  0.0,  0.0, 0.0, 105.0,    4.0,   0.0,   0.0,     0.0,     4.0, -2.0   ,     0.0,     0.0,     0.0,     0.0,     0.0,     5.0
murrama01, 2003,     1, CAR , NHL , C  , 66.0,  5.0,   7.0,  12.0,   8.0, 6.0  ,  0.0,  1.0,  0.0,  1.0,  0.0, 1.0,  56.0,       ,      ,      ,        ,        ,        ,        ,        ,        ,        ,        ,      
murrama01, 2006,     1, LAK , NHL , C  , 19.0,  0.0,   2.0,   2.0,   4.0, -5.0 ,  0.0,  0.0,  0.0,  0.0,  0.0,    ,   4.0,       ,      ,      ,        ,        ,        ,        ,        ,        ,        ,        ,      
murrami01, 1929,     1, MTL , NHL , G  ,  1.0,  0.0,   0.0,   0.0,   0.0,      ,     ,     ,     ,     ,     ,    ,      ,       ,      ,      ,        ,        ,        ,        ,        ,        ,        ,        ,      
murrami02, 1987,     1, PHI , NHL , C  ,  1.0,  0.0,   0.0,   0.0,   0.0, 0.0  ,  0.0,  0.0,  0.0,  0.0,  0.0, 0.0,   1.0,       ,      ,      ,        ,        ,        ,        ,        ,        ,        ,        ,      
murramu01, 1918,     1, SEA , PCHA, D  , 11.0,  2.0,   1.0,   3.0,   0.0,      ,     ,     ,     ,     ,     ,    ,      ,    2.0,   2.0,   0.0,     2.0,     5.0,        ,        ,        ,        ,        ,        ,      
murramu01, 1919,     1, SEA , PCHA, D  , 21.0,  4.0,   1.0,   5.0,   3.0,      ,     ,     ,     ,     ,     ,    ,      ,       ,      ,      ,        ,        ,        ,        ,        ,        ,        ,        ,      
murramu01, 1920,     1, SEA , PCHA, D  , 23.0,  1.0,   3.0,   4.0,  15.0,      ,     ,     ,     ,     ,     ,    ,      ,    1.0,   0.0,   0.0,     0.0,     0.0,        ,        ,        ,        ,        ,        ,      
murramu01, 1921,     1, CAT , WCHL, D  , 15.0,  2.0,   0.0,   2.0,   6.0,      ,     ,     ,     ,     ,     ,    ,      ,    2.0,   0.0,   0.0,     0.0,     0.0,        ,        ,        ,        ,        ,        ,      
murrapa01, 1990,     1, PHI , NHL , L  , 16.0,  2.0,   1.0,   3.0,  15.0, -5.0 ,  1.0,  0.0,  0.0,  0.0,  0.0, 0.0,  16.0,       ,      ,      ,        ,        ,        ,        ,        ,        ,        ,        ,      
murrapa01, 1991,     1, PHI , NHL , L  ,  9.0,  1.0,   0.0,   1.0,   0.0, 3.0  ,  0.0,  0.0,  0.0,  0.0,  0.0, 0.0,   8.0,       ,      ,      ,        ,        ,        ,        ,        ,        ,        ,        ,      
murrara01, 1969,     1, TOR , NHL , D  ,  3.0,  0.0,   0.0,   0.0,   2.0, 0.0  ,  0.0,     ,  0.0,     ,  0.0, 0.0,   3.0,       ,      ,      ,        ,        ,        ,        ,        ,        ,        ,        ,      
murrare01, 1996,     1, EDM , NHL , C  , 82.0, 11.0,  20.0,  31.0,  16.0, 9.0  ,  1.0,  3.0,  0.0,  1.0,  2.0, 0.0,  85.0,   12.0,   1.0,   2.0,     3.0,     4.0, -1.0   ,     0.0,     0.0,     0.0,     2.0,     0.0,     7.0
murrare01, 1997,     1, EDM , NHL , C  , 61.0,  9.0,   9.0,  18.0,  39.0, -9.0 ,  2.0,  3.0,  2.0,  0.0,  0.0, 0.0,  59.0,   11.0,   1.0,   4.0,     5.0,     2.0, -1.0   ,     0.0,     0.0,     0.0,     0.0,     0.0,    15.0
murrare01, 1998,     1, EDM , NHL , L  , 78.0, 21.0,  18.0,  39.0,  20.0, 4.0  ,  4.0,  5.0,  1.0,  1.0,  4.0, 1.0, 116.0,    4.0,   1.0,   1.0,     2.0,     2.0, -1.0   ,     0.0,     0.0,     0.0,     0.0,     0.0,     6.0
murrare01, 1999,     1, EDM , NHL , C  , 44.0,  9.0,   5.0,  14.0,   8.0, -2.0 ,  2.0,  1.0,  0.0,  0.0,  3.0, 0.0,  65.0,    5.0,   0.0,   1.0,     1.0,     2.0, -1.0   ,     0.0,     1.0,     0.0,     0.0,     0.0,     9.0
murrare01, 2000,     1, EDM , NHL , L  , 82.0, 15.0,  21.0,  36.0,  24.0, 5.0  ,  1.0,  3.0,  3.0,  2.0,  3.0, 1.0, 122.0,    6.0,   2.0,   0.0,     2.0,     6.0, -2.0   ,     1.0,     0.0,     0.0,     0.0,     0.0,    15.0
murrare01, 2001,     1, EDM , NHL , C  , 69.0,  7.0,  17.0,  24.0,  14.0, 5.0  ,  0.0,  5.0,  2.0,  2.0,  1.0, 1.0,  84.0,       ,      ,      ,        ,        ,        ,        ,        ,        ,        ,        ,      
murrare01, 2001,     2, NYR , NHL , C  , 11.0,  1.0,   2.0,   3.0,   4.0, -9.0 ,  0.0,  0.0,  0.0,  0.0,  0.0, 0.0,  14.0,       ,      ,      ,        ,        ,        ,        ,        ,        ,        ,        ,      
murrare01, 2002,     1, NYR , NHL , L  , 32.0,  6.0,   6.0,  12.0,   4.0, -3.0 ,  1.0,  0.0,  1.0,  0.0,  1.0, 0.0,  62.0,       ,      ,      ,        ,        ,        ,        ,        ,        ,        ,        ,      
murrare01, 2002,     2, NAS , NHL , L  , 53.0,  6.0,  13.0,  19.0,  18.0, 1.0  ,  1.0,  1.0,  0.0,  0.0,  0.0, 0.0,  81.0,       ,      ,      ,        ,        ,        ,        ,        ,        ,        ,        ,      
murrare01, 2003,     1, NAS , NHL , L  , 39.0,  8.0,   9.0,  17.0,  12.0, -1.0 ,  0.0,  1.0,  2.0,  1.0,  1.0, 0.0,  58.0,       ,      ,      ,        ,        ,        ,        ,        ,        ,        ,        ,      
murrare01, 2005,     1, EDM , NHL , C  ,  9.0,  1.0,   1.0,   2.0,   2.0, 1.0  ,  0.0,  0.0,  0.0,  0.0,  0.0,    ,   6.0,   24.0,   0.0,   4.0,     4.0,     2.0, 0.0    ,     0.0,     0.0,     0.0,     0.0,     0.0,    14.0
murraro01, 1989,     1, WAS , NHL , C  , 41.0,  2.0,   7.0,   9.0,  58.0, -10.0,  0.0,  0.0,  0.0,  0.0,  0.0, 0.0,  29.0,    9.0,   0.0,   0.0,     0.0,    18.0, -1.0   ,     0.0,     0.0,     0.0,     0.0,     0.0,     4.0
murraro01, 1990,     1, WAS , NHL , C  , 17.0,  0.0,   3.0,   3.0,  19.0, 0.0  ,  0.0,  0.0,  0.0,  0.0,  0.0, 0.0,   8.0,       ,      ,      ,        ,        ,        ,        ,        ,        ,        ,        ,      
murraro01, 1991,     1, WIN , NHL , C  ,  9.0,  0.0,   1.0,   1.0,  18.0, -2.0 ,  0.0,  0.0,  0.0,  0.0,  0.0, 0.0,   2.0,       ,      ,      ,        ,        ,        ,        ,        ,        ,        ,        ,      
murraro01, 1992,     1, WIN , NHL , C  , 10.0,  1.0,   0.0,   1.0,   6.0, 0.0  ,  0.0,  0.0,  0.0,  0.0,  1.0, 0.0,   4.0,       ,      ,      ,        ,        ,        ,        ,        ,        ,        ,        ,      
murraro01, 1993,     1, WIN , NHL , C  ,  6.0,  0.0,   0.0,   0.0,   2.0, 0.0  ,  0.0,  0.0,  0.0,  0.0,  0.0, 0.0,   1.0,       ,      ,      ,        ,        ,        ,        ,        ,        ,        ,        ,      
murraro01, 1994,     1, WIN , NHL , C  , 10.0,  0.0,   2.0,   2.0,   2.0, 1.0  ,  0.0,  0.0,  0.0,  0.0,  0.0, 0.0,   5.0,       ,      ,      ,        ,        ,        ,        ,        ,        ,        ,        ,      
murraro01, 1995,     1, WIN , NHL , C  ,  1.0,  0.0,   0.0,   0.0,   2.0, -1.0 ,  0.0,  0.0,  0.0,  0.0,  0.0, 0.0,   1.0,       ,      ,      ,        ,        ,        ,        ,        ,        ,        ,        ,      
murraro01, 1998,     1, PHO , NHL , C  , 13.0,  1.0,   2.0,   3.0,   4.0, 2.0  ,  0.0,  0.0,  0.0,  0.0,  0.0, 0.0,  11.0,       ,      ,      ,        ,        ,        ,        ,        ,        ,        ,        ,      
murrate01, 1972,     1, CLF , NHL , D  , 23.0,  0.0,   3.0,   3.0,   4.0, -14.0,  0.0,     ,  0.0,     ,  0.0, 0.0,   9.0,       ,      ,      ,        ,        ,        ,        ,        ,        ,        ,        ,      
murrate01, 1973,     1, CLF , NHL , D  , 58.0,  0.0,  12.0,  12.0,  48.0, -43.0,  0.0,     ,  0.0,     ,  0.0, 0.0,  55.0,       ,      ,      ,        ,        ,        ,        ,        ,        ,        ,        ,      
murrate01, 1974,     1, CLF , NHL , D  ,  9.0,  0.0,   2.0,   2.0,   8.0, 2.0  ,  0.0,     ,  0.0,     ,  0.0, 0.0,   8.0,       ,      ,      ,        ,        ,        ,        ,        ,        ,        ,        ,      
murrate01, 1975,     1, PHI , NHL , D  ,  3.0,  0.0,   0.0,   0.0,   2.0, 0.0  ,  0.0,     ,  0.0,     ,  0.0, 0.0,   3.0,    6.0,   0.0,   1.0,     1.0,     0.0,        ,     0.0,        ,     0.0,        ,     0.0,      
murrate01, 1976,     1, PHI , NHL , D  , 36.0,  0.0,  13.0,  13.0,  14.0, 21.0 ,  0.0,     ,  0.0,     ,  0.0, 0.0,  32.0,       ,      ,      ,        ,        ,        ,        ,        ,        ,        ,        ,      
murrate01, 1976,     2, DET , NHL , D  , 23.0,  0.0,   7.0,   7.0,  10.0, -18.0,  0.0,     ,  0.0,     ,  0.0, 0.0,  24.0,       ,      ,      ,        ,        ,        ,        ,        ,        ,        ,        ,      
murrate01, 1978,     1, PHI , NHL , D  ,  5.0,  0.0,   0.0,   0.0,   0.0, 0.0  ,  0.0,     ,  0.0,     ,  0.0, 0.0,   3.0,       ,      ,      ,        ,        ,        ,        ,        ,        ,        ,        ,      
murrate01, 1980,     1, PHI , NHL , D  , 71.0,  1.0,  17.0,  18.0,  53.0, 46.0 ,  0.0,     ,  0.0,     ,  0.0, 0.0,  65.0,   12.0,   2.0,   1.0,     3.0,    10.0,        ,     0.0,        ,     0.0,        ,     0.0,      
murrate01, 1981,     1, WAS , NHL , D  , 74.0,  3.0,  22.0,  25.0,  60.0, -14.0,  0.0,     ,  0.0,     ,  0.0, 0.0,  75.0,       ,      ,      ,        ,        ,        ,        ,        ,        ,        ,        ,      
murrato01, 1915,     1, PO1 , PCHA, G  , 18.0,  0.0,   0.0,   0.0,   0.0,      ,     ,     ,     ,     ,     ,    ,      ,       ,      ,      ,        ,        ,        ,        ,        ,        ,        ,        ,      
murrato01, 1916,     1, PO1 , PCHA, G  , 24.0,  0.0,   0.0,   0.0,   0.0,      ,     ,     ,     ,     ,     ,    ,      ,       ,      ,      ,        ,        ,        ,        ,        ,        ,        ,        ,      
murrato01, 1917,     1, PO1 , PCHA, G  , 18.0,  0.0,   0.0,   0.0,   0.0,      ,     ,     ,     ,     ,     ,    ,      ,       ,      ,      ,        ,        ,        ,        ,        ,        ,        ,        ,      
murrato01, 1918,     1, VA2 , PCHA, G  , 20.0,  0.0,   0.0,   0.0,   0.0,      ,     ,     ,     ,     ,     ,    ,      ,       ,      ,      ,        ,        ,        ,        ,        ,        ,        ,        ,      
murrato01, 1921,     1, VML , PCHA, G  ,  2.0,  0.0,   0.0,   0.0,   0.0,      ,     ,     ,     ,     ,     ,    ,      ,       ,      ,      ,        ,        ,        ,        ,        ,        ,        ,        ,      
murrato01, 1922,     1, SAC , WCHL, G  , 12.0,  0.0,   0.0,   0.0,   0.0,      ,     ,     ,     ,     ,     ,    ,      ,       ,      ,      ,        ,        ,        ,        ,        ,        ,        ,        ,      
murratr01, 1981,     1, CHI , NHL , C  ,  1.0,  0.0,   0.0,   0.0,   0.0, 0.0  ,  0.0,     ,  0.0,     ,  0.0, 0.0,   2.0,    7.0,   1.0,   0.0,     1.0,     5.0,        ,     0.0,        ,     0.0,        ,     0.0,      
murratr01, 1982,     1, CHI , NHL , C  , 54.0,  8.0,   8.0,  16.0,  27.0, -4.0 ,  1.0,     ,  0.0,     ,  2.0, 0.0,  53.0,    2.0,   0.0,   0.0,     0.0,     0.0,        ,     0.0,        ,     0.0,        ,     0.0,      
murratr01, 1983,     1, CHI , NHL , C  , 61.0, 15.0,  15.0,  30.0,  45.0, 10.0 ,  0.0,     ,  1.0,     ,  2.0, 0.0, 119.0,    5.0,   1.0,   0.0,     1.0,     7.0, -4.0   ,     0.0,        ,     0.0,        ,     1.0,     7.0
murratr01, 1984,     1, CHI , NHL , C  , 80.0, 26.0,  40.0,  66.0,  82.0, 16.0 ,  6.0,     ,  4.0,     ,  5.0, 0.0, 157.0,   15.0,   5.0,  14.0,    19.0,    24.0, -5.0   ,     1.0,        ,     0.0,        ,     0.0,    31.0
murratr01, 1985,     1, CHI , NHL , C  , 80.0, 45.0,  54.0,  99.0,  94.0, 32.0 ,  9.0,     ,  5.0,     ,  7.0, 0.0, 197.0,    2.0,   0.0,   0.0,     0.0,     2.0, -3.0   ,     0.0,        ,     0.0,        ,     0.0,     1.0
murratr01, 1986,     1, CHI , NHL , C  , 77.0, 28.0,  43.0,  71.0,  59.0, 14.0 ,  4.0,     ,  2.0,     ,  3.0, 2.0, 127.0,    4.0,   0.0,   0.0,     0.0,     5.0, -3.0   ,     0.0,        ,     0.0,        ,     0.0,     4.0
murratr01, 1987,     1, CHI , NHL , C  , 79.0, 22.0,  36.0,  58.0,  96.0, -17.0,  3.0, 11.0,  2.0,  2.0,  2.0, 1.0, 148.0,    5.0,   1.0,   0.0,     1.0,     8.0, -4.0   ,     1.0,     0.0,     0.0,     0.0,     0.0,     8.0
murratr01, 1988,     1, CHI , NHL , C  , 79.0, 21.0,  30.0,  51.0, 113.0, 0.0  ,  5.0, 11.0,  2.0,  2.0,  2.0, 1.0, 156.0,   16.0,   3.0,   6.0,     9.0,    25.0, 1.0    ,     1.0,     1.0,     0.0,     0.0,     0.0,    20.0
murratr01, 1989,     1, CHI , NHL , C  , 68.0, 17.0,  38.0,  55.0,  86.0, -2.0 ,  3.0, 14.0,  1.0,  2.0,  4.0, 0.0, 111.0,   20.0,   4.0,   4.0,     8.0,    22.0, 2.0    ,     1.0,     0.0,     0.0,     0.0,     0.0,    23.0
murratr01, 1990,     1, CHI , NHL , C  , 75.0, 14.0,  23.0,  37.0,  74.0, 13.0 ,  4.0, 10.0,  0.0,  0.0,  2.0, 0.0, 130.0,    6.0,   0.0,   1.0,     1.0,    12.0, 0.0    ,     0.0,     0.0,     0.0,     0.0,     0.0,     5.0
murratr01, 1991,     1, WIN , NHL , C  , 74.0, 17.0,  30.0,  47.0,  69.0, -13.0,  5.0, 12.0,  2.0,  1.0,  1.0, 1.0, 156.0,    7.0,   0.0,   0.0,     0.0,     2.0, -10.0  ,     0.0,     0.0,     0.0,     0.0,     0.0,    11.0
murratr01, 1992,     1, WIN , NHL , C  , 29.0,  3.0,   4.0,   7.0,  34.0, -15.0,  1.0,  0.0,  0.0,  0.0,  0.0, 0.0,  45.0,       ,      ,      ,        ,        ,        ,        ,        ,        ,        ,        ,      
murratr01, 1992,     2, CHI , NHL , C  , 22.0,  1.0,   3.0,   4.0,  25.0, 0.0  ,  1.0,  0.0,  0.0,  0.0,  0.0, 0.0,  32.0,    4.0,   0.0,   0.0,     0.0,     2.0, 0.0    ,     0.0,     0.0,     0.0,     0.0,     0.0,     3.0
murratr01, 1993,     1, CHI , NHL , C  , 12.0,  0.0,   1.0,   1.0,   6.0, 1.0  ,  0.0,  0.0,  0.0,  0.0,  0.0, 0.0,   7.0,       ,      ,      ,        ,        ,        ,        ,        ,        ,        ,        ,      
murratr01, 1993,     2, OTT , NHL , C  , 15.0,  2.0,   3.0,   5.0,   4.0, 1.0  ,  0.0,  0.0,  1.0,  1.0,  0.0, 0.0,  14.0,       ,      ,      ,        ,        ,        ,        ,        ,        ,        ,        ,      
murratr01, 1994,     1, OTT , NHL , C  , 33.0,  4.0,  10.0,  14.0,  16.0, -1.0 ,  0.0,  1.0,  0.0,  0.0,  1.0, 0.0,  38.0,       ,      ,      ,        ,        ,        ,        ,        ,        ,        ,        ,      
murratr01, 1994,     2, PIT , NHL , C  , 13.0,  0.0,   2.0,   2.0,  23.0, -1.0 ,  0.0,  0.0,  0.0,  0.0,  0.0, 0.0,   7.0,   12.0,   2.0,   1.0,     3.0,    12.0, -1.0   ,     0.0,     0.0,     0.0,     0.0,     0.0,    14.0
murratr01, 1995,     1, COL , NHL , C  , 63.0,  7.0,  14.0,  21.0,  22.0, 15.0 ,  0.0,  0.0,  0.0,  2.0,  1.0, 0.0,  36.0,    8.0,   0.0,   0.0,     0.0,    19.0, -4.0   ,     0.0,     0.0,     0.0,     0.0,     0.0,     6.0
murzyda01, 1985,     1, HAR , NHL , D  , 78.0,  3.0,  23.0,  26.0, 125.0, 1.0  ,  0.0,     ,  0.0,     ,  1.0, 1.0,  79.0,    4.0,   0.0,   0.0,     0.0,    10.0, 2.0    ,     0.0,        ,     0.0,        ,     0.0,     2.0
murzyda01, 1986,     1, HAR , NHL , D  , 74.0,  9.0,  19.0,  28.0,  95.0, 17.0 ,  1.0,     ,  0.0,     ,  0.0, 0.0, 135.0,    6.0,   2.0,   1.0,     3.0,    29.0, -2.0   ,     1.0,        ,     0.0,        ,     1.0,    19.0
murzyda01, 1987,     1, HAR , NHL , D  , 33.0,  1.0,   6.0,   7.0,  45.0, -8.0 ,  1.0,  0.0,  0.0,  0.0,  0.0, 0.0,  49.0,       ,      ,      ,        ,        ,        ,        ,        ,        ,        ,        ,      
murzyda01, 1987,     2, CAL , NHL , D  , 41.0,  6.0,   5.0,  11.0,  94.0, 9.0  ,  0.0,  0.0,  0.0,  0.0,  1.0, 0.0,  58.0,    5.0,   2.0,   0.0,     2.0,    13.0, 2.0    ,     0.0,     0.0,     0.0,     0.0,     0.0,     6.0
murzyda01, 1988,     1, CAL , NHL , D  , 63.0,  3.0,  19.0,  22.0, 142.0, 26.0 ,  0.0,  3.0,  1.0,  1.0,  1.0, 0.0,  91.0,   21.0,   0.0,   3.0,     3.0,    20.0, 2.0    ,     0.0,     0.0,     0.0,     0.0,     0.0,    33.0
murzyda01, 1989,     1, CAL , NHL , D  , 78.0,  7.0,  13.0,  20.0, 140.0, 19.0 ,  1.0,  0.0,  0.0,  0.0,  0.0, 0.0,  97.0,    6.0,   2.0,   2.0,     4.0,     2.0, 2.0    ,     0.0,     0.0,     1.0,     1.0,     0.0,    14.0
murzyda01, 1990,     1, CAL , NHL , D  , 19.0,  0.0,   2.0,   2.0,  30.0, -4.0 ,  0.0,  0.0,  0.0,  0.0,  0.0, 0.0,  25.0,       ,      ,      ,        ,        ,        ,        ,        ,        ,        ,        ,      
murzyda01, 1990,     2, VAN , NHL , D  , 10.0,  1.0,   0.0,   1.0,   8.0, -3.0 ,  0.0,  0.0,  0.0,  0.0,  0.0, 0.0,  15.0,    6.0,   0.0,   1.0,     1.0,     8.0, -1.0   ,     0.0,     0.0,     0.0,     0.0,     0.0,     8.0
murzyda01, 1991,     1, VAN , NHL , D  , 70.0,  3.0,  11.0,  14.0, 147.0, 15.0 ,  0.0,  1.0,  1.0,  1.0,  0.0, 0.0,  99.0,    1.0,   0.0,   0.0,     0.0,    15.0, 0.0    ,     0.0,     0.0,     0.0,     0.0,     0.0,     0.0
murzyda01, 1992,     1, VAN , NHL , D  , 79.0,  5.0,  11.0,  16.0, 196.0, 34.0 ,  0.0,  0.0,  0.0,  2.0,  2.0, 0.0,  82.0,   12.0,   3.0,   2.0,     5.0,    18.0, 4.0    ,     0.0,     0.0,     0.0,     0.0,     0.0,    16.0
murzyda01, 1993,     1, VAN , NHL , D  , 80.0,  6.0,  14.0,  20.0, 109.0, 4.0  ,  0.0,  0.0,  1.0,  0.0,  0.0, 0.0,  79.0,    7.0,   0.0,   0.0,     0.0,     4.0, -4.0   ,     0.0,     0.0,     0.0,     0.0,     0.0,     7.0
murzyda01, 1994,     1, VAN , NHL , D  , 40.0,  0.0,   8.0,   8.0, 129.0, 14.0 ,  0.0,  0.0,  0.0,  0.0,  0.0, 0.0,  29.0,    8.0,   0.0,   1.0,     1.0,    22.0, -1.0   ,     0.0,     0.0,     0.0,     1.0,     0.0,     9.0
murzyda01, 1995,     1, VAN , NHL , D  , 69.0,  2.0,  10.0,  12.0, 130.0, 9.0  ,  0.0,  0.0,  0.0,  2.0,  0.0, 0.0,  68.0,    6.0,   0.0,   0.0,     0.0,    25.0, 0.0    ,     0.0,     0.0,     0.0,     0.0,     0.0,     2.0
murzyda01, 1996,     1, VAN , NHL , D  , 61.0,  1.0,   7.0,   8.0, 118.0, 7.0  ,  0.0,  0.0,  0.0,  0.0,  0.0, 0.0,  70.0,       ,      ,      ,        ,        ,        ,        ,        ,        ,        ,        ,      
murzyda01, 1997,     1, VAN , NHL , D  , 31.0,  5.0,   2.0,   7.0,  42.0, -3.0 ,  0.0,  0.0,  0.0,  0.0,  2.0, 0.0,  29.0,       ,      ,      ,        ,        ,        ,        ,        ,        ,        ,        ,      
murzyda01, 1998,     1, VAN , NHL , D  , 12.0,  0.0,   2.0,   2.0,  21.0, 1.0  ,  0.0,  0.0,  0.0,  0.0,  0.0, 0.0,   7.0,       ,      ,      ,        ,        ,        ,        ,        ,        ,        ,        ,      
musilfr01, 1986,     1, MNS , NHL , D  , 72.0,  2.0,   9.0,  11.0, 148.0, 0.0  ,  0.0,     ,  0.0,     ,  0.0, 0.0,  83.0,       ,      ,      ,        ,        ,        ,        ,        ,        ,        ,        ,      
musilfr01, 1987,     1, MNS , NHL , D  , 80.0,  9.0,   8.0,  17.0, 213.0, -2.0 ,  1.0,  0.0,  1.0,  0.0,  0.0, 1.0,  78.0,       ,      ,      ,        ,        ,        ,        ,        ,        ,        ,        ,      
musilfr01, 1988,     1, MNS , NHL , D  , 55.0,  1.0,  19.0,  20.0,  54.0, 4.0  ,  0.0,  7.0,  0.0,  0.0,  1.0, 0.0,  78.0,    5.0,   1.0,   1.0,     2.0,     4.0, 0.0    ,     0.0,     0.0,     0.0,     0.0,     0.0,     9.0
musilfr01, 1989,     1, MNS , NHL , D  , 56.0,  2.0,   8.0,  10.0, 109.0, 0.0  ,  0.0,  1.0,  0.0,  1.0,  1.0, 0.0,  78.0,    4.0,   0.0,   0.0,     0.0,    14.0, -2.0   ,     0.0,     0.0,     0.0,     0.0,     0.0,     5.0
musilfr01, 1990,     1, MNS , NHL , D  ,  8.0,  0.0,   2.0,   2.0,  23.0, 0.0  ,  0.0,  0.0,  0.0,  0.0,  0.0, 0.0,   5.0,       ,      ,      ,        ,        ,        ,        ,        ,        ,        ,        ,      
musilfr01, 1990,     2, CAL , NHL , D  , 67.0,  7.0,  14.0,  21.0, 160.0, 12.0 ,  2.0,  3.0,  0.0,  1.0,  1.0, 0.0,  68.0,    7.0,   0.0,   0.0,     0.0,    10.0, -6.0   ,     0.0,     0.0,     0.0,     0.0,     0.0,     4.0
musilfr01, 1991,     1, CAL , NHL , D  , 78.0,  4.0,   8.0,  12.0, 103.0, 12.0 ,  1.0,  0.0,  1.0,  0.0,  0.0, 0.0,  71.0,       ,      ,      ,        ,        ,        ,        ,        ,        ,        ,        ,      
musilfr01, 1992,     1, CAL , NHL , D  , 80.0,  6.0,  10.0,  16.0, 131.0, 28.0 ,  0.0,  1.0,  0.0,  1.0,  1.0, 0.0,  87.0,    6.0,   1.0,   1.0,     2.0,     7.0, 2.0    ,     0.0,     0.0,     0.0,     0.0,     0.0,    10.0
musilfr01, 1993,     1, CAL , NHL , D  , 75.0,  1.0,   8.0,   9.0,  50.0, 38.0 ,  0.0,  0.0,  0.0,  0.0,  0.0, 0.0,  65.0,    7.0,   0.0,   1.0,     1.0,     4.0, 2.0    ,     0.0,     0.0,     0.0,     0.0,     0.0,     6.0
musilfr01, 1994,     1, CAL , NHL , D  , 35.0,  0.0,   5.0,   5.0,  61.0, 6.0  ,  0.0,  0.0,  0.0,  0.0,  0.0, 0.0,  18.0,    5.0,   0.0,   1.0,     1.0,     0.0, 0.0    ,     0.0,     0.0,     0.0,     1.0,     0.0,     3.0
musilfr01, 1995,     1, OTT , NHL , D  , 65.0,  1.0,   3.0,   4.0,  85.0, -10.0,  0.0,  0.0,  0.0,  0.0,  0.0, 0.0,  37.0,       ,      ,      ,        ,        ,        ,        ,        ,        ,        ,        ,      
musilfr01, 1996,     1, OTT , NHL , D  , 57.0,  0.0,   5.0,   5.0,  58.0, 6.0  ,  0.0,  0.0,  0.0,  0.0,  0.0, 0.0,  24.0,       ,      ,      ,        ,        ,        ,        ,        ,        ,        ,        ,      
musilfr01, 1997,     1, EDM , NHL , D  , 17.0,  1.0,   2.0,   3.0,   8.0, 1.0  ,  0.0,  0.0,  1.0,  0.0,  1.0, 0.0,   8.0,    7.0,   0.0,   0.0,     0.0,     6.0, 1.0    ,     0.0,     0.0,     0.0,     0.0,     0.0,     0.0
musilfr01, 1998,     1, EDM , NHL , D  , 39.0,  0.0,   3.0,   3.0,  34.0, 0.0  ,  0.0,  0.0,  0.0,  0.0,  0.0, 0.0,   9.0,    1.0,   0.0,   0.0,     0.0,     2.0, -1.0   ,     0.0,     0.0,     0.0,     0.0,     0.0,     2.0
musilfr01, 2000,     1, EDM , NHL , D  , 13.0,  0.0,   2.0,   2.0,   4.0, -2.0 ,  0.0,  0.0,  0.0,  0.0,  0.0, 0.0,   0.0,       ,      ,      ,        ,        ,        ,        ,        ,        ,        ,        ,      
muzzaja01, 1993,     1, CAL , NHL , G  ,  1.0,  0.0,   0.0,   0.0,   0.0, 0.0  ,  0.0,  0.0,  0.0,  0.0,  0.0, 0.0,   0.0,       ,      ,      ,        ,        ,        ,        ,        ,        ,        ,        ,      
muzzaja01, 1994,     1, CAL , NHL , G  ,  1.0,  0.0,   0.0,   0.0,   0.0, 0.0  ,  0.0,  0.0,  0.0,  0.0,  0.0, 0.0,   0.0,       ,      ,      ,        ,        ,        ,        ,        ,        ,        ,        ,      
muzzaja01, 1995,     1, HAR , NHL , G  , 22.0,  0.0,   0.0,   0.0,  33.0, 0.0  ,  0.0,  0.0,  0.0,  0.0,  0.0, 0.0,   0.0,       ,      ,      ,        ,        ,        ,        ,        ,        ,        ,        ,      
muzzaja01, 1996,     1, HAR , NHL , G  , 31.0,  0.0,   1.0,   1.0,  18.0, 0.0  ,  0.0,  1.0,  0.0,  0.0,  0.0, 0.0,   0.0,       ,      ,      ,        ,        ,        ,        ,        ,        ,        ,        ,      
muzzaja01, 1997,     1, NYR , NHL , G  ,  6.0,  0.0,   0.0,   0.0,  10.0, 0.0  ,  0.0,  0.0,  0.0,  0.0,  0.0, 0.0,   0.0,       ,      ,      ,        ,        ,        ,        ,        ,        ,        ,        ,      
muzzaja01, 1997,     2, SJS , NHL , G  ,  1.0,  0.0,   0.0,   0.0,   0.0, 0.0  ,  0.0,  0.0,  0.0,  0.0,  0.0, 0.0,   0.0,       ,      ,      ,        ,        ,        ,        ,        ,        ,        ,        ,      
myersha01, 1970,     1, BUF , NHL , D  , 13.0,  0.0,   0.0,   0.0,   6.0, -11.0,  0.0,     ,  0.0,     ,  0.0, 0.0,  14.0,       ,      ,      ,        ,        ,        ,        ,        ,        ,        ,        ,      
myersmu01, 1972,     1, PHB , WHA , R  ,  7.0,  0.0,   0.0,   0.0,   0.0,      ,  0.0,     ,  0.0,     ,     ,    ,      ,    2.0,   0.0,   0.0,     0.0,     0.0,        ,     0.0,        ,     0.0,        ,     0.0,      
myersmu01, 1973,     1, VAB , WHA , R  , 61.0, 22.0,  20.0,  42.0,  28.0,      ,  2.0,     ,  0.0,     ,  3.0,    ,      ,       ,      ,      ,        ,        ,        ,        ,        ,        ,        ,        ,      
myersmu01, 1974,     1, VAB , WHA , R  , 24.0,  1.0,   1.0,   2.0,   4.0, -4.0 ,  0.0,     ,  0.0,     ,     ,    ,  18.0,       ,      ,      ,        ,        ,        ,        ,        ,        ,        ,        ,      
myersmu01, 1975,     1, CIN , WHA , R  , 56.0, 14.0,  15.0,  29.0,  12.0, 2.0  ,  2.0,     ,  0.0,     ,  0.0,    , 108.0,       ,      ,      ,        ,        ,        ,        ,        ,        ,        ,        ,      
myersty01, 2009,     1, BUF , NHL , D  , 82.0, 11.0,  37.0,  48.0,  32.0, 13.0 ,  3.0, 13.0,  0.0,  1.0,  1.0,    , 104.0,    6.0,   1.0,   0.0,     1.0,     4.0, 0.0    ,     0.0,     0.0,     0.0,     0.0,     0.0,    18.0
myhrebr01, 1994,     1, TBL , NHL , R  , 15.0,  2.0,   0.0,   2.0,  81.0, -2.0 ,  0.0,  0.0,  0.0,  0.0,  1.0, 0.0,   4.0,       ,      ,      ,        ,        ,        ,        ,        ,        ,        ,        ,      
myhrebr01, 1996,     1, TBL , NHL , R  , 47.0,  3.0,   1.0,   4.0, 136.0, 1.0  ,  0.0,  0.0,  0.0,  0.0,  1.0, 0.0,  13.0,       ,      ,      ,        ,        ,        ,        ,        ,        ,        ,        ,      
myhrebr01, 1997,     1, PHI , NHL , R  , 23.0,  0.0,   0.0,   0.0, 169.0, -1.0 ,  0.0,  0.0,  0.0,  0.0,  0.0, 0.0,   0.0,       ,      ,      ,        ,        ,        ,        ,        ,        ,        ,        ,      
myhrebr01, 1998,     1, SJS , NHL , R  , 30.0,  1.0,   0.0,   1.0, 116.0, -2.0 ,  0.0,  0.0,  0.0,  0.0,  0.0, 0.0,   7.0,       ,      ,      ,        ,        ,        ,        ,        ,        ,        ,        ,      
myhrebr01, 1999,     1, SJS , NHL , R  , 13.0,  0.0,   1.0,   1.0,  97.0, 0.0  ,  0.0,  0.0,  0.0,  0.0,  0.0, 0.0,   2.0,       ,      ,      ,        ,        ,        ,        ,        ,        ,        ,        ,      
myhrebr01, 2000,     1, NAS , NHL , L  , 20.0,  0.0,   0.0,   0.0,  28.0, -5.0 ,  0.0,  0.0,  0.0,  0.0,  0.0, 0.0,   1.0,       ,      ,      ,        ,        ,        ,        ,        ,        ,        ,        ,      
myhrebr01, 2000,     2, WAS , NHL , L  ,  5.0,  0.0,   0.0,   0.0,  29.0, 0.0  ,  0.0,  0.0,  0.0,  0.0,  0.0, 0.0,   0.0,       ,      ,      ,        ,        ,        ,        ,        ,        ,        ,        ,      
myhrebr01, 2002,     1, BOS , NHL , L  ,  1.0,  0.0,   0.0,   0.0,  31.0, 0.0  ,  0.0,  0.0,  0.0,  0.0,  0.0, 0.0,   0.0,       ,      ,      ,        ,        ,        ,        ,        ,        ,        ,        ,      
mylesvi01, 1942,     1, NYR , NHL , D  , 45.0,  6.0,   9.0,  15.0,  57.0,      ,     ,     ,     ,     ,     ,    ,      ,       ,      ,      ,        ,        ,        ,        ,        ,        ,        ,        ,      
myllyja01, 1988,     1, MNS , NHL , G  ,  6.0,  0.0,   0.0,   0.0,   0.0, 0.0  ,  0.0,  0.0,  0.0,  0.0,  0.0, 0.0,   0.0,       ,      ,      ,        ,        ,        ,        ,        ,        ,        ,        ,      
myllyja01, 1989,     1, MNS , NHL , G  ,  4.0,  0.0,   0.0,   0.0,   0.0, 0.0  ,  0.0,  0.0,  0.0,  0.0,  0.0, 0.0,   0.0,       ,      ,      ,        ,        ,        ,        ,        ,        ,        ,        ,      
myllyja01, 1990,     1, MNS , NHL , G  ,  2.0,  0.0,   0.0,   0.0,   2.0, 0.0  ,  0.0,  0.0,  0.0,  0.0,  0.0, 0.0,   0.0,       ,      ,      ,        ,        ,        ,        ,        ,        ,        ,        ,      
myllyja01, 1991,     1, SJS , NHL , G  , 27.0,  0.0,   1.0,   1.0,   2.0, 0.0  ,  0.0,  0.0,  0.0,  0.0,  0.0, 0.0,   0.0,       ,      ,      ,        ,        ,        ,        ,        ,        ,        ,        ,      
mylnise01, 1989,     1, QUE , NHL , G  , 10.0,  0.0,   0.0,   0.0,   0.0, 0.0  ,  0.0,  0.0,  0.0,  0.0,  0.0, 0.0,   0.0,       ,      ,      ,        ,        ,        ,        ,        ,        ,        ,        ,      
myreph01 , 1969,     1, MTL , NHL , G  , 10.0,  0.0,   0.0,   0.0,   2.0, 0.0  ,  0.0,     ,  0.0,     ,  0.0, 0.0,   0.0,       ,      ,      ,        ,        ,        ,        ,        ,        ,        ,        ,      
myreph01 , 1970,     1, MTL , NHL , G  , 30.0,  0.0,   1.0,   1.0,  17.0, 0.0  ,  0.0,     ,  0.0,     ,  0.0, 0.0,   0.0,       ,      ,      ,        ,        ,        ,        ,        ,        ,        ,        ,      
myreph01 , 1971,     1, MTL , NHL , G  ,  9.0,  0.0,   0.0,   0.0,   4.0, 0.0  ,  0.0,     ,  0.0,     ,  0.0, 0.0,   0.0,       ,      ,      ,        ,        ,        ,        ,        ,        ,        ,        ,      
myreph01 , 1972,     1, ATF , NHL , G  , 46.0,  0.0,   1.0,   1.0,   5.0, 0.0  ,  0.0,     ,  0.0,     ,  0.0, 0.0,   0.0,       ,      ,      ,        ,        ,        ,        ,        ,        ,        ,        ,      
myreph01 , 1973,     1, ATF , NHL , G  , 36.0,  0.0,   0.0,   0.0,   4.0, 0.0  ,  0.0,     ,  0.0,     ,  0.0, 0.0,   0.0,    3.0,   0.0,   0.0,     0.0,     0.0,        ,     0.0,        ,     0.0,        ,     0.0,      
myreph01 , 1974,     1, ATF , NHL , G  , 40.0,  0.0,   1.0,   1.0,   6.0, 0.0  ,  0.0,     ,  0.0,     ,  0.0, 0.0,   0.0,       ,      ,      ,        ,        ,        ,        ,        ,        ,        ,        ,      
myreph01 , 1975,     1, ATF , NHL , G  , 37.0,  0.0,   1.0,   1.0,   0.0, 0.0  ,  0.0,     ,  0.0,     ,  0.0, 0.0,   0.0,       ,      ,      ,        ,        ,        ,        ,        ,        ,        ,        ,      
myreph01 , 1976,     1, ATF , NHL , G  , 43.0,  0.0,   2.0,   2.0,   6.0, 0.0  ,  0.0,     ,  0.0,     ,  0.0, 0.0,   0.0,    2.0,   0.0,   0.0,     0.0,     0.0,        ,     0.0,        ,     0.0,        ,     0.0,      
myreph01 , 1977,     1, ATF , NHL , G  ,  9.0,  0.0,   0.0,   0.0,   2.0, 0.0  ,  0.0,     ,  0.0,     ,  0.0, 0.0,   0.0,       ,      ,      ,        ,        ,        ,        ,        ,        ,        ,        ,      
myreph01 , 1977,     2, STL , NHL , G  , 44.0,  0.0,   2.0,   2.0,  10.0, 0.0  ,  0.0,     ,  0.0,     ,  0.0, 0.0,   0.0,       ,      ,      ,        ,        ,        ,        ,        ,        ,        ,        ,      
myreph01 , 1978,     1, STL , NHL , G  , 39.0,  0.0,   0.0,   0.0,   6.0, 0.0  ,  0.0,     ,  0.0,     ,  0.0, 0.0,   0.0,       ,      ,      ,        ,        ,        ,        ,        ,        ,        ,        ,      
myreph01 , 1979,     1, PHI , NHL , G  , 41.0,  0.0,   0.0,   0.0,  37.0, 0.0  ,  0.0,     ,  0.0,     ,  0.0, 0.0,   0.0,    6.0,   0.0,   0.0,     0.0,     0.0,        ,     0.0,        ,     0.0,        ,     0.0,      
myreph01 , 1980,     1, PHI , NHL , G  , 16.0,  0.0,   0.0,   0.0,   0.0, 0.0  ,  0.0,     ,  0.0,     ,  0.0, 0.0,   0.0,       ,      ,      ,        ,        ,        ,        ,        ,        ,        ,        ,      
myreph01 , 1980,     2, COR , NHL , G  , 10.0,  0.0,   0.0,   0.0,   0.0, 0.0  ,  0.0,     ,  0.0,     ,  0.0, 0.0,   0.0,       ,      ,      ,        ,        ,        ,        ,        ,        ,        ,        ,      
myreph01 , 1981,     1, COR , NHL , G  , 24.0,  0.0,   2.0,   2.0,   0.0, 0.0  ,  0.0,     ,  0.0,     ,  0.0, 0.0,   0.0,       ,      ,      ,        ,        ,        ,        ,        ,        ,        ,        ,      
myreph01 , 1982,     1, BUF , NHL , G  ,  5.0,  0.0,   0.0,   0.0,   2.0, 0.0  ,  0.0,     ,  0.0,     ,  0.0, 0.0,   0.0,    1.0,   0.0,   0.0,     0.0,     0.0,        ,     0.0,        ,     0.0,        ,     0.0,      
myrvoan01, 1995,     1, COL , NHL , D  ,  4.0,  0.0,   1.0,   1.0,   6.0, -2.0 ,  0.0,  1.0,  0.0,  0.0,  0.0, 0.0,   4.0,       ,      ,      ,        ,        ,        ,        ,        ,        ,        ,        ,      
myrvoan01, 1996,     1, BOS , NHL , D  ,  9.0,  0.0,   2.0,   2.0,   4.0, -1.0 ,  0.0,  1.0,  0.0,  0.0,  0.0, 0.0,   8.0,       ,      ,      ,        ,        ,        ,        ,        ,        ,        ,        ,      
myrvoan01, 2000,     1, NYI , NHL , D  , 12.0,  0.0,   1.0,   1.0,   0.0, -2.0 ,  0.0,  1.0,  0.0,  0.0,  0.0, 0.0,   8.0,       ,      ,      ,        ,        ,        ,        ,        ,        ,        ,        ,      
myrvoan01, 2003,     1, DET , NHL , D  ,  8.0,  0.0,   1.0,   1.0,   2.0, -1.0 ,  0.0,  0.0,  0.0,  0.0,  0.0, 0.0,   6.0,       ,      ,      ,        ,        ,        ,        ,        ,        ,        ,        ,      
myshkvl01, 1978,     1, SOV , WHA , G  ,  5.0,  0.0,   0.0,   0.0,   0.0,      ,     ,     ,     ,     ,     ,    ,      ,       ,      ,      ,        ,        ,        ,        ,        ,        ,        ,        ,      
nabokdm01, 1997,     1, CHI , NHL , C  , 25.0,  7.0,   4.0,  11.0,  10.0, -1.0 ,  3.0,  2.0,  0.0,  0.0,  2.0, 0.0,  34.0,       ,      ,      ,        ,        ,        ,        ,        ,        ,        ,        ,      
nabokdm01, 1998,     1, NYI , NHL , C  ,  4.0,  0.0,   2.0,   2.0,   2.0, 4.0  ,  0.0,  0.0,  0.0,  0.0,  0.0, 0.0,   4.0,       ,      ,      ,        ,        ,        ,        ,        ,        ,        ,        ,      
nabokdm01, 1999,     1, NYI , NHL , L  , 26.0,  4.0,   7.0,  11.0,  16.0, -8.0 ,  0.0,  2.0,  0.0,  0.0,  0.0, 0.0,  40.0,       ,      ,      ,        ,        ,        ,        ,        ,        ,        ,        ,      
nabokev01, 1999,     1, SJS , NHL , G  , 11.0,  0.0,   0.0,   0.0,   0.0, 0.0  ,  0.0,  0.0,  0.0,  0.0,  0.0, 0.0,   0.0,    1.0,   0.0,   0.0,     0.0,     0.0, 0.0    ,     0.0,     0.0,     0.0,     0.0,     0.0,     0.0
nabokev01, 2000,     1, SJS , NHL , G  , 66.0,  0.0,   2.0,   2.0,   8.0, 0.0  ,  0.0,  2.0,  0.0,  0.0,  0.0, 0.0,   1.0,    4.0,   0.0,   0.0,     0.0,     0.0, 0.0    ,     0.0,     0.0,     0.0,     0.0,     0.0,     0.0
nabokev01, 2001,     1, SJS , NHL , G  , 67.0,  1.0,   3.0,   4.0,  14.0, 0.0  ,  1.0,  0.0,  0.0,  1.0,  0.0, 0.0,   1.0,   12.0,   0.0,   2.0,     2.0,     2.0, 0.0    ,     0.0,     0.0,     0.0,     0.0,     0.0,     0.0
nabokev01, 2002,     1, SJS , NHL , G  , 55.0,  0.0,   0.0,   0.0,  10.0, 0.0  ,  0.0,  0.0,  0.0,  0.0,  0.0, 0.0,   0.0,       ,      ,      ,        ,        ,        ,        ,        ,        ,        ,        ,      
nabokev01, 2003,     1, SJS , NHL , G  , 59.0,  0.0,   0.0,   0.0,  14.0, 0.0  ,  0.0,  0.0,  0.0,  0.0,  0.0, 0.0,   0.0,   17.0,   0.0,   0.0,     0.0,     4.0, 0.0    ,     0.0,     0.0,     0.0,     0.0,     0.0,     0.0
nabokev01, 2005,     1, SJS , NHL , G  , 45.0,  0.0,   1.0,   1.0,  18.0, 0.0  ,  0.0,  1.0,  0.0,  0.0,  0.0,    ,   0.0,    1.0,   0.0,   0.0,     0.0,     0.0, 0.0    ,     0.0,     0.0,     0.0,     0.0,     0.0,     0.0
nabokev01, 2006,     1, SJS , NHL , G  , 50.0,  0.0,   0.0,   0.0,   6.0, 0.0  ,  0.0,  0.0,  0.0,  0.0,  0.0,    ,   0.0,   11.0,   0.0,   0.0,     0.0,     0.0, 0.0    ,     0.0,     0.0,     0.0,     0.0,     0.0,     0.0
nabokev01, 2007,     1, SJS , NHL , G  , 77.0,  0.0,   2.0,   2.0,  12.0, 0.0  ,  0.0,  1.0,  0.0,  0.0,  0.0,    ,   0.0,   13.0,   0.0,   0.0,     0.0,     0.0, 0.0    ,     0.0,     0.0,     0.0,     0.0,     0.0,     0.0
nabokev01, 2008,     1, SJS , NHL , G  , 62.0,  0.0,   1.0,   1.0,  12.0, 0.0  ,  0.0,  1.0,  0.0,  0.0,  0.0,    ,   0.0,    6.0,   0.0,   0.0,     0.0,     0.0, 0.0    ,     0.0,     0.0,     0.0,     0.0,     0.0,     0.0
nabokev01, 2009,     1, SJS , NHL , G  , 71.0,  0.0,   0.0,   0.0,   6.0, 0.0  ,  0.0,  0.0,  0.0,  0.0,  0.0,    ,   0.0,   15.0,   0.0,   0.0,     0.0,     0.0, 0.0    ,     0.0,     0.0,     0.0,     0.0,     0.0,     0.0
nachbdo01, 1980,     1, HAR , NHL , C  , 77.0, 16.0,  17.0,  33.0, 139.0, -1.0 ,  2.0,     ,  0.0,     ,  1.0, 0.0,  70.0,       ,      ,      ,        ,        ,        ,        ,        ,        ,        ,        ,      
nachbdo01, 1981,     1, HAR , NHL , L  , 77.0,  5.0,  21.0,  26.0, 117.0, -21.0,  0.0,     ,  0.0,     ,  0.0, 0.0, 113.0,       ,      ,      ,        ,        ,        ,        ,        ,        ,        ,        ,      
nachbdo01, 1982,     1, EDM , NHL , C  ,  4.0,  0.0,   0.0,   0.0,  17.0, -1.0 ,  0.0,     ,  0.0,     ,  0.0, 0.0,   0.0,    2.0,   0.0,   0.0,     0.0,     7.0,        ,     0.0,        ,     0.0,        ,     0.0,      
nachbdo01, 1985,     1, PHI , NHL , C  ,  5.0,  1.0,   1.0,   2.0,   7.0, 3.0  ,  0.0,     ,  0.0,     ,  0.0, 0.0,   4.0,       ,      ,      ,        ,        ,        ,        ,        ,        ,        ,        ,      
nachbdo01, 1986,     1, PHI , NHL , C  , 23.0,  0.0,   2.0,   2.0,  87.0, 1.0  ,  0.0,     ,  0.0,     ,  0.0, 0.0,  12.0,    7.0,   1.0,   1.0,     2.0,    15.0, 2.0    ,     0.0,        ,     0.0,        ,     1.0,     3.0
nachbdo01, 1987,     1, PHI , NHL , C  , 20.0,  0.0,   4.0,   4.0,  61.0, 2.0  ,  0.0,  0.0,  0.0,  0.0,  0.0, 0.0,  11.0,    2.0,   0.0,   0.0,     0.0,     2.0, -1.0   ,     0.0,     0.0,     0.0,     0.0,     0.0,     0.0
nachbdo01, 1988,     1, PHI , NHL , C  , 15.0,  1.0,   0.0,   1.0,  37.0, -1.0 ,  0.0,  0.0,  0.0,  0.0,  0.0, 0.0,  10.0,       ,      ,      ,        ,        ,        ,        ,        ,        ,        ,        ,      
nachbdo01, 1989,     1, PHI , NHL , C  ,  2.0,  0.0,   1.0,   1.0,   0.0, 1.0  ,  0.0,  0.0,  0.0,  0.0,  0.0, 0.0,   0.0,       ,      ,      ,        ,        ,        ,        ,        ,        ,        ,        ,      
nagleed01, 1921,     1, SMJ , WCHL, R  , 13.0,  9.0,   7.0,  16.0,  13.0,      ,     ,     ,     ,     ,     ,    ,      ,       ,      ,      ,        ,        ,        ,        ,        ,        ,        ,        ,      
nagleed01, 1923,     1, SAC , WCHL, R  ,  5.0,  1.0,   0.0,   1.0,   2.0,      ,     ,     ,     ,     ,     ,    ,      ,       ,      ,      ,        ,        ,        ,        ,        ,        ,        ,        ,      
nagyla01 , 1999,     1, STL , NHL , R  , 11.0,  2.0,   4.0,   6.0,   2.0, 2.0  ,  1.0,  1.0,  0.0,  0.0,  0.0, 0.0,  15.0,    6.0,   1.0,   1.0,     2.0,     0.0, -1.0   ,     0.0,     0.0,     0.0,     0.0,     0.0,     8.0
nagyla01 , 2000,     1, STL , NHL , R  , 40.0,  8.0,   8.0,  16.0,  20.0, -2.0 ,  2.0,  2.0,  0.0,  0.0,  2.0, 0.0,  59.0,       ,      ,      ,        ,        ,        ,        ,        ,        ,        ,        ,      
nagyla01 , 2000,     2, PHO , NHL , R  ,  6.0,  0.0,   1.0,   1.0,   2.0, 0.0  ,  0.0,  0.0,  0.0,  0.0,  0.0, 0.0,   5.0,       ,      ,      ,        ,        ,        ,        ,        ,        ,        ,        ,      
nagyla01 , 2001,     1, PHO , NHL , L  , 74.0, 23.0,  19.0,  42.0,  50.0, 6.0  ,  5.0,  2.0,  0.0,  0.0,  5.0, 0.0, 187.0,    5.0,   0.0,   0.0,     0.0,    21.0, -2.0   ,     0.0,     0.0,     0.0,     0.0,     0.0,    12.0
nagyla01 , 2002,     1, PHO , NHL , L  , 80.0, 22.0,  35.0,  57.0,  92.0, 17.0 ,  8.0,  8.0,  0.0,  0.0,  6.0, 0.0, 209.0,       ,      ,      ,        ,        ,        ,        ,        ,        ,        ,        ,      
nagyla01 , 2003,     1, PHO , NHL , L  , 55.0, 24.0,  28.0,  52.0,  46.0, 11.0 , 11.0, 11.0,  0.0,  0.0,  6.0, 1.0, 160.0,       ,      ,      ,        ,        ,        ,        ,        ,        ,        ,        ,      
nagyla01 , 2005,     1, PHO , NHL , L  , 51.0, 15.0,  41.0,  56.0,  74.0, 8.0  ,  7.0, 22.0,  1.0,  1.0,  4.0,    , 132.0,       ,      ,      ,        ,        ,        ,        ,        ,        ,        ,        ,      
nagyla01 , 2006,     1, PHO , NHL , L  , 55.0,  8.0,  33.0,  41.0,  48.0, -2.0 ,  2.0, 15.0,  0.0,  0.0,  0.0,    , 113.0,       ,      ,      ,        ,        ,        ,        ,        ,        ,        ,        ,      
nagyla01 , 2006,     2, DAL , NHL , L  , 25.0,  4.0,  10.0,  14.0,   6.0, -3.0 ,  2.0,  5.0,  0.0,  0.0,  1.0,    ,  33.0,    7.0,   1.0,   1.0,     2.0,     2.0, 1.0    ,     0.0,     0.0,     0.0,     0.0,     0.0,    15.0
nagyla01 , 2007,     1, LAK , NHL , L  , 38.0,  9.0,  17.0,  26.0,  18.0, -2.0 ,  2.0, 10.0,  0.0,  0.0,  1.0,    ,  78.0,       ,      ,      ,        ,        ,        ,        ,        ,        ,        ,        ,      
nahrgji01, 1974,     1, DET , NHL , D  ,  1.0,  0.0,   0.0,   0.0,   0.0, 0.0  ,  0.0,     ,  0.0,     ,  0.0, 0.0,   2.0,       ,      ,      ,        ,        ,        ,        ,        ,        ,        ,        ,      
nahrgji01, 1975,     1, DET , NHL , D  ,  3.0,  0.0,   1.0,   1.0,   0.0, -5.0 ,  0.0,     ,  0.0,     ,  0.0, 0.0,   2.0,       ,      ,      ,        ,        ,        ,        ,        ,        ,        ,        ,      
nahrgji01, 1976,     1, DET , NHL , D  , 53.0,  5.0,  11.0,  16.0,  34.0, -12.0,  3.0,     ,  1.0,     ,  1.0, 1.0,  96.0,       ,      ,      ,        ,        ,        ,        ,        ,        ,        ,        ,      
namesjo01, 1993,     1, VAN , NHL , D  , 17.0,  0.0,   5.0,   5.0,  10.0, -2.0 ,  0.0,  1.0,  0.0,  0.0,  0.0, 0.0,  11.0,       ,      ,      ,        ,        ,        ,        ,        ,        ,        ,        ,      
namesjo01, 1994,     1, VAN , NHL , D  , 16.0,  0.0,   3.0,   3.0,   4.0, 2.0  ,  0.0,  0.0,  0.0,  0.0,  0.0, 0.0,  18.0,    1.0,   0.0,   0.0,     0.0,     2.0, 0.0    ,     0.0,     0.0,     0.0,     0.0,     0.0,     0.0
namesjo01, 1995,     1, VAN , NHL , D  ,     ,     ,      ,      ,      ,      ,     ,     ,     ,     ,     ,    ,      ,    1.0,   0.0,   0.0,     0.0,     0.0, 0.0    ,     0.0,     0.0,     0.0,     0.0,     0.0,     1.0
namesjo01, 1996,     1, VAN , NHL , D  ,  2.0,  0.0,   0.0,   0.0,   4.0, -1.0 ,  0.0,  0.0,  0.0,  0.0,  0.0, 0.0,   1.0,       ,      ,      ,        ,        ,        ,        ,        ,        ,        ,        ,      
namesjo01, 1997,     1, NYI , NHL , D  ,  6.0,  0.0,   1.0,   1.0,   4.0, -1.0 ,  0.0,  1.0,  0.0,  0.0,  0.0, 0.0,   2.0,       ,      ,      ,        ,        ,        ,        ,        ,        ,        ,        ,      
namesjo01, 1999,     1, NAS , NHL , D  ,  2.0,  0.0,   0.0,   0.0,   2.0, 0.0  ,  0.0,  0.0,  0.0,  0.0,  0.0, 0.0,   3.0,       ,      ,      ,        ,        ,        ,        ,        ,        ,        ,        ,      
nannelo01, 1967,     1, MNS , NHL , D  ,  2.0,  0.0,   1.0,   1.0,   0.0, 0.0  ,  0.0,     ,  0.0,     ,  0.0, 0.0,   0.0,       ,      ,      ,        ,        ,        ,        ,        ,        ,        ,        ,      
nannelo01, 1968,     1, MNS , NHL , D  , 41.0,  2.0,  12.0,  14.0,  47.0, -9.0 ,  1.0,     ,  1.0,     ,  0.0, 0.0,  71.0,       ,      ,      ,        ,        ,        ,        ,        ,        ,        ,        ,      
nannelo01, 1969,     1, MNS , NHL , D  , 74.0,  3.0,  20.0,  23.0,  75.0, -8.0 ,  1.0,     ,  0.0,     ,  0.0, 2.0,  96.0,    5.0,   0.0,   2.0,     2.0,     2.0,        ,     0.0,        ,     0.0,        ,     0.0,      
nannelo01, 1970,     1, MNS , NHL , D  , 68.0,  5.0,  11.0,  16.0,  22.0, -6.0 ,  0.0,     ,  0.0,     ,  0.0, 1.0,  61.0,   12.0,   3.0,   6.0,     9.0,     4.0,        ,     0.0,        ,     0.0,        ,     2.0,      
nannelo01, 1971,     1, MNS , NHL , R  , 78.0, 21.0,  28.0,  49.0,  27.0, -5.0 ,  7.0,     ,  0.0,     ,  6.0, 0.0, 154.0,    7.0,   0.0,   0.0,     0.0,     0.0,        ,     0.0,        ,     0.0,        ,     0.0,      
nannelo01, 1972,     1, MNS , NHL , R  , 74.0, 15.0,  20.0,  35.0,  39.0, 19.0 ,  2.0,     ,  0.0,     ,  2.0, 0.0, 142.0,    6.0,   1.0,   2.0,     3.0,     0.0,        ,     0.0,        ,     0.0,        ,     0.0,      
nannelo01, 1973,     1, MNS , NHL , R  , 76.0, 11.0,  21.0,  32.0,  46.0, -1.0 ,  2.0,     ,  0.0,     ,  2.0, 0.0, 139.0,       ,      ,      ,        ,        ,        ,        ,        ,        ,        ,        ,      
nannelo01, 1974,     1, MNS , NHL , R  , 49.0,  6.0,   9.0,  15.0,  35.0, -24.0,  1.0,     ,  0.0,     ,  0.0, 1.0,  49.0,       ,      ,      ,        ,        ,        ,        ,        ,        ,        ,        ,      
nannelo01, 1975,     1, MNS , NHL , R  , 79.0,  3.0,  14.0,  17.0,  45.0, -34.0,  2.0,     ,  0.0,     ,  0.0, 1.0,  83.0,       ,      ,      ,        ,        ,        ,        ,        ,        ,        ,        ,      
nannelo01, 1976,     1, MNS , NHL , D  , 68.0,  2.0,  20.0,  22.0,  12.0, -24.0,  2.0,     ,  0.0,     ,  0.0, 0.0,  69.0,    2.0,   0.0,   0.0,     0.0,     2.0,        ,     0.0,        ,     0.0,        ,     0.0,      
nannelo01, 1977,     1, MNS , NHL , D  , 26.0,  0.0,   1.0,   1.0,   8.0, -14.0,  0.0,     ,  0.0,     ,  0.0, 0.0,  22.0,       ,      ,      ,        ,        ,        ,        ,        ,        ,        ,        ,      
nantari01, 1974,     1, MNS , NHL , L  , 18.0,  4.0,   1.0,   5.0,   9.0, 1.0  ,  0.0,     ,  0.0,     ,  1.0, 0.0,  13.0,       ,      ,      ,        ,        ,        ,        ,        ,        ,        ,        ,      
nantari01, 1975,     1, MNS , NHL , L  ,  5.0,  0.0,   0.0,   0.0,  17.0, -1.0 ,  0.0,     ,  0.0,     ,  0.0, 0.0,   2.0,       ,      ,      ,        ,        ,        ,        ,        ,        ,        ,        ,      
nantari01, 1976,     1, MNS , NHL , L  , 40.0,  1.0,   3.0,   4.0,  53.0, -8.0 ,  0.0,     ,  0.0,     ,  0.0, 0.0,  23.0,       ,      ,      ,        ,        ,        ,        ,        ,        ,        ,        ,      
napiema01, 1975,     1, TOT , WHA , R  , 78.0, 43.0,  50.0,  93.0,  20.0, 0.0  , 10.0,     ,  3.0,     ,  2.0,    , 245.0,       ,      ,      ,        ,        ,        ,        ,        ,        ,        ,        ,      
napiema01, 1976,     1, BIR , WHA , R  , 80.0, 60.0,  36.0,  96.0,  24.0, 16.0 ,  9.0,     ,  1.0,     ,  6.0,    , 254.0,       ,      ,      ,        ,        ,        ,        ,        ,        ,        ,        ,      
napiema01, 1977,     1, BIR , WHA , R  , 79.0, 33.0,  32.0,  65.0,  90.0, -11.0, 14.0,     ,  0.0,     ,     ,    , 194.0,    5.0,   0.0,   2.0,     2.0,    14.0, 2.0    ,        ,        ,        ,        ,     0.0,      
napiema01, 1978,     1, MTL , NHL , R  , 54.0, 11.0,  20.0,  31.0,  11.0, 17.0 ,  2.0,     ,  0.0,     ,  0.0, 0.0,  73.0,   12.0,   3.0,   2.0,     5.0,     2.0,        ,     0.0,        ,     0.0,        ,     0.0,      
napiema01, 1979,     1, MTL , NHL , R  , 76.0, 16.0,  33.0,  49.0,   7.0, 11.0 ,  4.0,     ,  0.0,     ,  1.0, 0.0, 123.0,   10.0,   2.0,   6.0,     8.0,     0.0,        ,     1.0,        ,     0.0,        ,     0.0,      
napiema01, 1980,     1, MTL , NHL , R  , 79.0, 35.0,  36.0,  71.0,  24.0, 34.0 ,  5.0,     ,  0.0,     ,  6.0, 1.0, 185.0,    3.0,   0.0,   0.0,     0.0,     2.0,        ,     0.0,        ,     0.0,        ,     0.0,      
napiema01, 1981,     1, MTL , NHL , L  , 80.0, 40.0,  41.0,  81.0,  14.0, 49.0 ,  9.0,     ,  0.0,     ,  5.0, 5.0, 186.0,    5.0,   3.0,   2.0,     5.0,     0.0,        ,     1.0,        ,     1.0,        ,     1.0,      
napiema01, 1982,     1, MTL , NHL , R  , 73.0, 40.0,  27.0,  67.0,   6.0, 20.0 ,  3.0,     ,  0.0,     ,  6.0, 3.0, 171.0,    3.0,   0.0,   0.0,     0.0,     0.0,        ,     0.0,        ,     0.0,        ,     0.0,      
napiema01, 1983,     1, MTL , NHL , R  ,  5.0,  3.0,   2.0,   5.0,   0.0, 0.0  ,  0.0,     ,  0.0,     ,  1.0, 0.0,  11.0,       ,      ,      ,        ,        ,        ,        ,        ,        ,        ,        ,      
napiema01, 1983,     2, MNS , NHL , L  , 58.0, 13.0,  28.0,  41.0,  17.0, 2.0  ,  0.0,     ,  0.0,     ,  1.0, 0.0,  83.0,   12.0,   3.0,   2.0,     5.0,     0.0, -4.0   ,     3.0,        ,     0.0,        ,     0.0,    20.0
napiema01, 1984,     1, MNS , NHL , C  , 39.0, 10.0,  18.0,  28.0,   2.0, -6.0 ,  3.0,     ,  1.0,     ,  1.0, 0.0,  97.0,       ,      ,      ,        ,        ,        ,        ,        ,        ,        ,        ,      
napiema01, 1984,     2, EDM , NHL , C  , 33.0,  9.0,  26.0,  35.0,  19.0, 12.0 ,  3.0,     ,  0.0,     ,  0.0, 1.0,  50.0,   18.0,   5.0,   5.0,    10.0,     7.0, 8.0    ,     1.0,        ,     0.0,        ,     0.0,    20.0
napiema01, 1985,     1, EDM , NHL , R  , 80.0, 24.0,  32.0,  56.0,  14.0, 13.0 ,  3.0,     ,  1.0,     ,  4.0, 1.0, 117.0,   10.0,   1.0,   4.0,     5.0,     0.0, 6.0    ,     0.0,        ,     0.0,        ,     0.0,    14.0
napiema01, 1986,     1, EDM , NHL , R  , 62.0,  8.0,  13.0,  21.0,   2.0, 3.0  ,  0.0,     ,  1.0,     ,  0.0, 0.0,  88.0,       ,      ,      ,        ,        ,        ,        ,        ,        ,        ,        ,      
napiema01, 1986,     2, BUF , NHL , R  , 15.0,  5.0,   5.0,  10.0,   0.0, -5.0 ,  1.0,     ,  0.0,     ,  0.0, 0.0,  40.0,       ,      ,      ,        ,        ,        ,        ,        ,        ,        ,        ,      
napiema01, 1987,     1, BUF , NHL , R  , 47.0, 10.0,   8.0,  18.0,   8.0, -3.0 ,  0.0,  0.0,  1.0,  0.0,  2.0, 0.0,  81.0,    6.0,   0.0,   3.0,     3.0,     0.0, -3.0   ,     0.0,     0.0,     0.0,     0.0,     0.0,    10.0
napiema01, 1988,     1, BUF , NHL , L  , 66.0, 11.0,  17.0,  28.0,  33.0, -3.0 ,  0.0,  0.0,  2.0,  0.0,  1.0, 0.0,  92.0,    3.0,   1.0,   0.0,     1.0,     0.0, 0.0    ,     0.0,     0.0,     0.0,     0.0,     0.0,     2.0
nashri01 , 2002,     1, CBS , NHL , L  , 74.0, 17.0,  22.0,  39.0,  78.0, -27.0,  6.0, 10.0,  0.0,  0.0,  2.0, 0.0, 154.0,       ,      ,      ,        ,        ,        ,        ,        ,        ,        ,        ,      
nashri01 , 2003,     1, CBS , NHL , L  , 80.0, 41.0,  16.0,  57.0,  87.0, -35.0, 19.0, 10.0,  0.0,  0.0,  7.0, 2.0, 269.0,       ,      ,      ,        ,        ,        ,        ,        ,        ,        ,        ,      
nashri01 , 2005,     1, CBS , NHL , L  , 54.0, 31.0,  23.0,  54.0,  51.0, 5.0  , 11.0,  8.0,  0.0,  0.0,  4.0,    , 170.0,       ,      ,      ,        ,        ,        ,        ,        ,        ,        ,        ,      
nashri01 , 2006,     1, CBS , NHL , L  , 75.0, 27.0,  30.0,  57.0,  73.0, -8.0 ,  9.0, 13.0,  1.0,  2.0,  5.0,    , 228.0,       ,      ,      ,        ,        ,        ,        ,        ,        ,        ,        ,      
nashri01 , 2007,     1, CBS , NHL , L  , 80.0, 38.0,  31.0,  69.0,  95.0, 2.0  , 10.0, 12.0,  4.0,  0.0,  6.0,    , 329.0,       ,      ,      ,        ,        ,        ,        ,        ,        ,        ,        ,      
nashri01 , 2008,     1, CBS , NHL , L  , 78.0, 40.0,  39.0,  79.0,  52.0, 11.0 ,  6.0, 13.0,  5.0,  1.0,  5.0,    , 263.0,    4.0,   1.0,   2.0,     3.0,     2.0, -4.0   ,     0.0,     2.0,     0.0,     0.0,     0.0,    13.0
nashri01 , 2009,     1, CBS , NHL , L  , 76.0, 33.0,  34.0,  67.0,  58.0, -2.0 , 10.0, 12.0,  2.0,  2.0,  6.0,    , 254.0,       ,      ,      ,        ,        ,        ,        ,        ,        ,        ,        ,      
nashty01 , 1998,     1, STL , NHL , L  ,  2.0,  0.0,   0.0,   0.0,   5.0, -1.0 ,  0.0,  0.0,  0.0,  0.0,  0.0, 0.0,   1.0,    1.0,   0.0,   0.0,     0.0,     2.0, -3.0   ,     0.0,     0.0,     0.0,     0.0,     0.0,     0.0
nashty01 , 1999,     1, STL , NHL , L  , 66.0,  4.0,   9.0,  13.0, 150.0, 6.0  ,  0.0,  1.0,  1.0,  0.0,  1.0, 0.0,  68.0,    6.0,   1.0,   0.0,     1.0,    24.0, -1.0   ,     0.0,     0.0,     0.0,     0.0,     0.0,     7.0
nashty01 , 2000,     1, STL , NHL , L  , 57.0,  8.0,   7.0,  15.0, 110.0, 8.0  ,  0.0,  0.0,  1.0,  0.0,  0.0, 0.0, 113.0,       ,      ,      ,        ,        ,        ,        ,        ,        ,        ,        ,      
nashty01 , 2001,     1, STL , NHL , L  , 64.0,  6.0,   7.0,  13.0, 100.0, 2.0  ,  0.0,  0.0,  0.0,  0.0,  1.0, 0.0,  66.0,    9.0,   0.0,   1.0,     1.0,    20.0, 0.0    ,     0.0,     0.0,     0.0,     0.0,     0.0,     6.0
nashty01 , 2002,     1, STL , NHL , L  , 66.0,  6.0,   3.0,   9.0, 114.0, 0.0  ,  1.0,  0.0,  0.0,  0.0,  2.0, 0.0,  77.0,    7.0,   2.0,   1.0,     3.0,     6.0, 3.0    ,     0.0,     0.0,     0.0,     0.0,     0.0,     6.0
nashty01 , 2003,     1, PHO , NHL , L  , 69.0,  3.0,   5.0,   8.0, 110.0, -6.0 ,  0.0,  0.0,  0.0,  1.0,  0.0, 0.0,  83.0,       ,      ,      ,        ,        ,        ,        ,        ,        ,        ,        ,      
nashty01 , 2005,     1, PHO , NHL , L  , 50.0,  0.0,   6.0,   6.0,  84.0, -7.0 ,  0.0,  0.0,  0.0,  1.0,  0.0,    ,  44.0,       ,      ,      ,        ,        ,        ,        ,        ,        ,        ,        ,      
nasluma01, 1982,     1, MTL , NHL , L  , 74.0, 26.0,  45.0,  71.0,  10.0, 34.0 ,  1.0,     ,  0.0,     ,  6.0, 0.0, 122.0,    3.0,   1.0,   0.0,     1.0,     0.0,        ,     1.0,        ,     0.0,        ,     0.0,      
nasluma01, 1983,     1, MTL , NHL , L  , 77.0, 29.0,  35.0,  64.0,   4.0, 5.0  ,  3.0,     ,  0.0,     ,  1.0, 0.0, 146.0,   15.0,   6.0,   8.0,    14.0,     4.0, 7.0    ,     3.0,        ,     1.0,        ,     3.0,    31.0
nasluma01, 1984,     1, MTL , NHL , L  , 80.0, 42.0,  37.0,  79.0,  14.0, 19.0 ,  9.0,     ,  2.0,     ,  8.0, 0.0, 179.0,   12.0,   7.0,   4.0,    11.0,     6.0, 5.0    ,     3.0,        ,     0.0,        ,     2.0,    35.0
nasluma01, 1985,     1, MTL , NHL , L  , 80.0, 43.0,  67.0, 110.0,  16.0, 11.0 , 19.0,     ,  0.0,     ,  7.0, 1.0, 223.0,   20.0,   8.0,  11.0,    19.0,     4.0, -1.0   ,     4.0,        ,     0.0,        ,     0.0,    43.0
nasluma01, 1986,     1, MTL , NHL , L  , 79.0, 25.0,  55.0,  80.0,  16.0, -3.0 , 10.0,     ,  0.0,     ,  3.0, 0.0, 173.0,   17.0,   7.0,  15.0,    22.0,    11.0, -1.0   ,     4.0,        ,     0.0,        ,     3.0,    29.0
nasluma01, 1987,     1, MTL , NHL , L  , 78.0, 24.0,  59.0,  83.0,  14.0, 17.0 ,  4.0, 23.0,  0.0,  0.0,  2.0, 0.0, 167.0,    6.0,   0.0,   7.0,     7.0,     2.0, 0.0    ,     0.0,     3.0,     0.0,     0.0,     0.0,    12.0
nasluma01, 1988,     1, MTL , NHL , L  , 77.0, 33.0,  51.0,  84.0,  14.0, 34.0 , 14.0, 12.0,  0.0,  0.0,  4.0, 0.0, 165.0,   21.0,   4.0,  11.0,    15.0,     6.0, 5.0    ,     1.0,     4.0,     0.0,     0.0,     0.0,    54.0
nasluma01, 1989,     1, MTL , NHL , L  , 72.0, 21.0,  20.0,  41.0,  19.0, 3.0  ,  6.0,  4.0,  0.0,  0.0,  3.0, 0.0, 136.0,    3.0,   1.0,   1.0,     2.0,     0.0, 0.0    ,     0.0,     1.0,     0.0,     0.0,     1.0,     3.0
nasluma01, 1994,     1, BOS , NHL , L  , 34.0,  8.0,  14.0,  22.0,   4.0, -4.0 ,  2.0,  9.0,  0.0,  0.0,  1.0, 0.0,  48.0,    5.0,   1.0,   0.0,     1.0,     0.0, -3.0   ,     0.0,     0.0,     0.0,     0.0,     0.0,     7.0
nasluma02, 1993,     1, PIT , NHL , R  , 71.0,  4.0,   7.0,  11.0,  27.0, -3.0 ,  1.0,  0.0,  0.0,  0.0,  0.0, 0.0,  80.0,       ,      ,      ,        ,        ,        ,        ,        ,        ,        ,        ,      
nasluma02, 1994,     1, PIT , NHL , R  , 14.0,  2.0,   2.0,   4.0,   2.0, 0.0  ,  0.0,  1.0,  0.0,  0.0,  0.0, 0.0,  13.0,       ,      ,      ,        ,        ,        ,        ,        ,        ,        ,        ,      
nasluma02, 1995,     1, PIT , NHL , L  , 66.0, 19.0,  33.0,  52.0,  36.0, 17.0 ,  3.0,  4.0,  0.0,  0.0,  4.0, 0.0, 125.0,       ,      ,      ,        ,        ,        ,        ,        ,        ,        ,        ,      
nasluma02, 1995,     2, VAN , NHL , L  , 10.0,  3.0,   0.0,   3.0,   6.0, 3.0  ,  1.0,  0.0,  0.0,  0.0,  1.0, 0.0,  19.0,    6.0,   1.0,   2.0,     3.0,     8.0, -2.0   ,     1.0,     0.0,     0.0,     0.0,     0.0,    16.0
nasluma02, 1996,     1, VAN , NHL , L  , 78.0, 21.0,  20.0,  41.0,  30.0, -15.0,  4.0,  5.0,  0.0,  0.0,  4.0, 0.0, 120.0,       ,      ,      ,        ,        ,        ,        ,        ,        ,        ,        ,      
nasluma02, 1997,     1, VAN , NHL , L  , 76.0, 14.0,  20.0,  34.0,  56.0, 5.0  ,  2.0,  3.0,  1.0,  0.0,  0.0, 0.0, 106.0,       ,      ,      ,        ,        ,        ,        ,        ,        ,        ,        ,      
nasluma02, 1998,     1, VAN , NHL , R  , 80.0, 36.0,  30.0,  66.0,  74.0, -13.0, 15.0, 13.0,  2.0,  1.0,  3.0, 1.0, 205.0,       ,      ,      ,        ,        ,        ,        ,        ,        ,        ,        ,      
nasluma02, 1999,     1, VAN , NHL , L  , 82.0, 27.0,  38.0,  65.0,  64.0, -5.0 ,  6.0, 19.0,  2.0,  1.0,  3.0, 1.0, 271.0,       ,      ,      ,        ,        ,        ,        ,        ,        ,        ,        ,      
nasluma02, 2000,     1, VAN , NHL , R  , 72.0, 41.0,  34.0,  75.0,  58.0, -2.0 , 18.0, 16.0,  1.0,  0.0,  5.0, 0.0, 277.0,       ,      ,      ,        ,        ,        ,        ,        ,        ,        ,        ,      
nasluma02, 2001,     1, VAN , NHL , L  , 81.0, 40.0,  50.0,  90.0,  50.0, 22.0 ,  8.0, 23.0,  0.0,  0.0,  6.0, 1.0, 302.0,    6.0,   1.0,   1.0,     2.0,     2.0, -1.0   ,     0.0,     1.0,     0.0,     0.0,     0.0,    18.0
nasluma02, 2002,     1, VAN , NHL , L  , 82.0, 48.0,  56.0, 104.0,  52.0, 6.0  , 24.0, 30.0,  0.0,  0.0, 12.0, 1.0, 294.0,   14.0,   5.0,   9.0,    14.0,    18.0, -6.0   ,     2.0,     6.0,     0.0,     0.0,     1.0,    40.0
nasluma02, 2003,     1, VAN , NHL , L  , 78.0, 35.0,  49.0,  84.0,  58.0, 24.0 ,  5.0, 21.0,  0.0,  0.0,  6.0, 0.0, 296.0,    7.0,   2.0,   7.0,     9.0,     2.0, 1.0    ,     2.0,     3.0,     0.0,     0.0,     0.0,    32.0
nasluma02, 2005,     1, VAN , NHL , L  , 81.0, 32.0,  47.0,  79.0,  66.0, -19.0, 13.0, 29.0,  0.0,  0.0,  2.0,    , 264.0,       ,      ,      ,        ,        ,        ,        ,        ,        ,        ,        ,      
nasluma02, 2006,     1, VAN , NHL , R  , 82.0, 24.0,  36.0,  60.0,  54.0, 3.0  ,  9.0, 19.0,  0.0,  0.0,  5.0,    , 222.0,   12.0,   4.0,   1.0,     5.0,    16.0, -1.0   ,     1.0,     1.0,     0.0,     0.0,     0.0,    41.0
nasluma02, 2007,     1, VAN , NHL , L  , 82.0, 25.0,  30.0,  55.0,  46.0, -7.0 ,  9.0, 13.0,  0.0,  0.0,  2.0,    , 237.0,       ,      ,      ,        ,        ,        ,        ,        ,        ,        ,        ,      
nasluma02, 2008,     1, NYR , NHL , L  , 82.0, 24.0,  22.0,  46.0,  57.0, -10.0,  8.0,  6.0,  0.0,  0.0,  0.0,    , 215.0,    7.0,   1.0,   2.0,     3.0,    10.0, 2.0    ,     1.0,     0.0,     0.0,     0.0,     0.0,    10.0
nasreal01, 1998,     1, CHI , NHL , D  ,  7.0,  0.0,   0.0,   0.0,  19.0, -2.0 ,  0.0,  0.0,  0.0,  0.0,  0.0, 0.0,   2.0,       ,      ,      ,        ,        ,        ,        ,        ,        ,        ,        ,      
nasreal01, 1998,     2, MTL , NHL , D  ,  8.0,  0.0,   0.0,   0.0,  33.0, 1.0  ,  0.0,  0.0,  0.0,  0.0,  0.0, 0.0,   1.0,       ,      ,      ,        ,        ,        ,        ,        ,        ,        ,        ,      
nasreal01, 2002,     1, NYI , NHL , D  ,  3.0,  0.0,   0.0,   0.0,   2.0, 0.0  ,  0.0,  0.0,  0.0,  0.0,  0.0, 0.0,   0.0,       ,      ,      ,        ,        ,        ,        ,        ,        ,        ,        ,      
nasreal01, 2005,     1, PIT , NHL , D  ,  6.0,  0.0,   0.0,   0.0,   8.0, 2.0  ,  0.0,  0.0,  0.0,  0.0,  0.0,    ,   3.0,       ,      ,      ,        ,        ,        ,        ,        ,        ,        ,        ,      
nasreal01, 2006,     1, PIT , NHL , D  , 44.0,  1.0,   4.0,   5.0,  18.0, 12.0 ,  0.0,  0.0,  0.0,  0.0,  0.0,    ,  29.0,       ,      ,      ,        ,        ,        ,        ,        ,        ,        ,        ,      
nasreal01, 2007,     1, PIT , NHL , D  ,  6.0,  0.0,   0.0,   0.0,   4.0, -4.0 ,  0.0,  0.0,  0.0,  0.0,  0.0,    ,   3.0,       ,      ,      ,        ,        ,        ,        ,        ,        ,        ,        ,      
nattrra01, 1946,     1, CHI , NHL , D  , 35.0,  4.0,   5.0,   9.0,  34.0,      ,     ,     ,     ,     ,     ,    ,      ,       ,      ,      ,        ,        ,        ,        ,        ,        ,        ,        ,      
nattrra01, 1947,     1, CHI , NHL , D  , 60.0,  5.0,  12.0,  17.0,  79.0,      ,     ,     ,     ,     ,     ,    ,      ,       ,      ,      ,        ,        ,        ,        ,        ,        ,        ,        ,      
nattrra01, 1948,     1, CHI , NHL , D  , 60.0,  4.0,  10.0,  14.0,  99.0,      ,     ,     ,     ,     ,     ,    ,      ,       ,      ,      ,        ,        ,        ,        ,        ,        ,        ,        ,      
nattrra01, 1949,     1, CHI , NHL , D  , 68.0,  5.0,  11.0,  16.0,  96.0,      ,     ,     ,     ,     ,     ,    ,      ,       ,      ,      ,        ,        ,        ,        ,        ,        ,        ,        ,      
nattrri01, 1982,     1, MTL , NHL , D  , 40.0,  1.0,   3.0,   4.0,  19.0, 8.0  ,  0.0,     ,  0.0,     ,  0.0, 0.0,  44.0,    3.0,   0.0,   0.0,     0.0,    10.0,        ,     0.0,        ,     0.0,        ,     0.0,      
nattrri01, 1983,     1, MTL , NHL , D  , 34.0,  0.0,  12.0,  12.0,  15.0, -11.0,  0.0,     ,  0.0,     ,  0.0, 0.0,  33.0,       ,      ,      ,        ,        ,        ,        ,        ,        ,        ,        ,      
nattrri01, 1984,     1, MTL , NHL , D  ,  5.0,  0.0,   1.0,   1.0,   2.0, -2.0 ,  0.0,     ,  0.0,     ,  0.0, 0.0,   3.0,    2.0,   0.0,   0.0,     0.0,     2.0, 0.0    ,     0.0,        ,     0.0,        ,     0.0,     0.0
nattrri01, 1985,     1, STL , NHL , D  , 78.0,  4.0,  20.0,  24.0,  52.0, -8.0 ,  1.0,     ,  0.0,     ,  2.0, 0.0, 124.0,   18.0,   1.0,   4.0,     5.0,    24.0, 4.0    ,     0.0,        ,     0.0,        ,     0.0,    30.0
nattrri01, 1986,     1, STL , NHL , D  , 73.0,  6.0,  22.0,  28.0,  24.0, -34.0,  2.0,     ,  0.0,     ,  0.0, 0.0, 133.0,    6.0,   0.0,   0.0,     0.0,     2.0, -3.0   ,     0.0,        ,     0.0,        ,     0.0,     7.0
nattrri01, 1987,     1, CAL , NHL , D  , 63.0,  2.0,  13.0,  15.0,  37.0, 14.0 ,  0.0,  0.0,  0.0,  0.0,  0.0, 0.0,  48.0,    6.0,   1.0,   3.0,     4.0,     0.0, 0.0    ,     0.0,     0.0,     0.0,     0.0,     0.0,     4.0
nattrri01, 1988,     1, CAL , NHL , D  , 38.0,  1.0,   8.0,   9.0,  47.0, 12.0 ,  0.0,  0.0,  0.0,  1.0,  0.0, 0.0,  28.0,   19.0,   0.0,   3.0,     3.0,    20.0, 3.0    ,     0.0,     0.0,     0.0,     1.0,     0.0,    17.0
nattrri01, 1989,     1, CAL , NHL , D  , 49.0,  1.0,  14.0,  15.0,  26.0, 14.0 ,  0.0,  1.0,  0.0,  0.0,  0.0, 0.0,  65.0,    6.0,   2.0,   0.0,     2.0,     8.0, 2.0    ,     0.0,     0.0,     0.0,     0.0,     0.0,    11.0
nattrri01, 1990,     1, CAL , NHL , D  , 58.0,  5.0,  13.0,  18.0,  63.0, -1.0 ,  0.0,  0.0,  0.0,  0.0,  1.0, 0.0,  81.0,    7.0,   1.0,   0.0,     1.0,     2.0, 0.0    ,     0.0,     0.0,     0.0,     0.0,     1.0,     9.0
nattrri01, 1991,     1, CAL , NHL , D  , 18.0,  0.0,   5.0,   5.0,  31.0, 0.0  ,  0.0,  0.0,  0.0,  2.0,  0.0, 0.0,  23.0,       ,      ,      ,        ,        ,        ,        ,        ,        ,        ,        ,      
nattrri01, 1991,     2, TOR , NHL , D  , 36.0,  2.0,  14.0,  16.0,  32.0, -1.0 ,  0.0,  1.0,  0.0,  0.0,  1.0, 0.0,  43.0,       ,      ,      ,        ,        ,        ,        ,        ,        ,        ,        ,      
nattrri01, 1992,     1, PHI , NHL , D  , 44.0,  7.0,  10.0,  17.0,  29.0, 1.0  ,  0.0,  0.0,  0.0,  0.0,  4.0, 0.0,  57.0,       ,      ,      ,        ,        ,        ,        ,        ,        ,        ,        ,      
natysmi01, 1987,     1, QUE , NHL , R  ,  4.0,  0.0,   0.0,   0.0,   0.0, -1.0 ,  0.0,  0.0,  0.0,  0.0,  0.0, 0.0,   0.0,       ,      ,      ,        ,        ,        ,        ,        ,        ,        ,        ,      
naumegr01, 2000,     1, ANA , NHL , G  ,  2.0,  0.0,   0.0,   0.0,   2.0, 0.0  ,  0.0,  0.0,  0.0,  0.0,  0.0, 0.0,   0.0,       ,      ,      ,        ,        ,        ,        ,        ,        ,        ,        ,      
nazaran01, 1993,     1, SJS , NHL , R  ,  1.0,  0.0,   0.0,   0.0,   0.0, 0.0  ,  0.0,  0.0,  0.0,  0.0,  0.0, 0.0,   0.0,       ,      ,      ,        ,        ,        ,        ,        ,        ,        ,        ,      
nazaran01, 1994,     1, SJS , NHL , L  , 26.0,  3.0,   5.0,   8.0,  94.0, -1.0 ,  0.0,  1.0,  0.0,  0.0,  0.0, 0.0,  19.0,    6.0,   0.0,   0.0,     0.0,     9.0, 0.0    ,     0.0,     0.0,     0.0,     0.0,     0.0,     3.0
nazaran01, 1995,     1, SJS , NHL , R  , 42.0,  7.0,   7.0,  14.0,  62.0, -15.0,  2.0,  2.0,  0.0,  0.0,  1.0, 0.0,  55.0,       ,      ,      ,        ,        ,        ,        ,        ,        ,        ,        ,      
nazaran01, 1996,     1, SJS , NHL , L  , 60.0, 12.0,  15.0,  27.0, 222.0, -4.0 ,  1.0,  2.0,  0.0,  0.0,  1.0, 0.0, 116.0,       ,      ,      ,        ,        ,        ,        ,        ,        ,        ,        ,      
nazaran01, 1997,     1, SJS , NHL , R  , 40.0,  1.0,   1.0,   2.0, 112.0, -4.0 ,  0.0,  0.0,  0.0,  0.0,  0.0, 0.0,  31.0,       ,      ,      ,        ,        ,        ,        ,        ,        ,        ,        ,      
nazaran01, 1997,     2, TBL , NHL , R  , 14.0,  1.0,   1.0,   2.0,  58.0, -9.0 ,  0.0,  0.0,  0.0,  0.0,  0.0, 0.0,  19.0,       ,      ,      ,        ,        ,        ,        ,        ,        ,        ,        ,      
nazaran01, 1998,     1, TBL , NHL , L  , 26.0,  2.0,   0.0,   2.0,  43.0, -5.0 ,  0.0,  0.0,  0.0,  0.0,  0.0, 0.0,  18.0,       ,      ,      ,        ,        ,        ,        ,        ,        ,        ,        ,      
nazaran01, 1998,     2, CAL , NHL , L  , 36.0,  5.0,   9.0,  14.0,  30.0, 1.0  ,  0.0,  3.0,  0.0,  0.0,  2.0, 1.0,  53.0,       ,      ,      ,        ,        ,        ,        ,        ,        ,        ,        ,      
nazaran01, 1999,     1, CAL , NHL , R  , 76.0, 10.0,  22.0,  32.0,  78.0, 3.0  ,  1.0,  2.0,  0.0,  0.0,  1.0, 0.0, 110.0,       ,      ,      ,        ,        ,        ,        ,        ,        ,        ,        ,      
nazaran01, 2000,     1, ANA , NHL , R  , 16.0,  1.0,   0.0,   1.0,  29.0, -9.0 ,  0.0,  0.0,  0.0,  0.0,  0.0, 0.0,  13.0,       ,      ,      ,        ,        ,        ,        ,        ,        ,        ,        ,      
nazaran01, 2000,     2, BOS , NHL , R  , 63.0,  1.0,   4.0,   5.0, 200.0, -14.0,  0.0,  0.0,  0.0,  0.0,  0.0, 0.0,  50.0,       ,      ,      ,        ,        ,        ,        ,        ,        ,        ,        ,      
nazaran01, 2001,     1, BOS , NHL , L  , 47.0,  0.0,   2.0,   2.0, 164.0, -2.0 ,  0.0,  0.0,  0.0,  0.0,  0.0, 0.0,  18.0,       ,      ,      ,        ,        ,        ,        ,        ,        ,        ,        ,      
nazaran01, 2001,     2, PHO , NHL , L  , 30.0,  6.0,   3.0,   9.0,  51.0, 7.0  ,  0.0,  0.0,  0.0,  0.0,  0.0, 0.0,  38.0,    3.0,   0.0,   0.0,     0.0,     2.0, 0.0    ,     0.0,     0.0,     0.0,     0.0,     0.0,     2.0
nazaran01, 2002,     1, PHO , NHL , L  , 59.0,  3.0,   0.0,   3.0, 135.0, -9.0 ,  2.0,  0.0,  0.0,  0.0,  0.0, 0.0,  35.0,       ,      ,      ,        ,        ,        ,        ,        ,        ,        ,        ,      
nazaran01, 2003,     1, PHO , NHL , L  , 33.0,  1.0,   2.0,   3.0, 125.0, -7.0 ,  0.0,  0.0,  0.0,  0.0,  0.0, 0.0,  17.0,       ,      ,      ,        ,        ,        ,        ,        ,        ,        ,        ,      
nazaran01, 2005,     1, MIN , NHL , R  ,  2.0,  0.0,   0.0,   0.0,   6.0, -1.0 ,  0.0,  0.0,  0.0,  0.0,  0.0,    ,   0.0,       ,      ,      ,        ,        ,        ,        ,        ,        ,        ,        ,      
nazarvi01, 1977,     1, SOV , WHA , D  ,  7.0,  0.0,   5.0,   5.0,   2.0,      ,     ,     ,     ,     ,     ,    ,      ,       ,      ,      ,        ,        ,        ,        ,        ,        ,        ,        ,      
nazarvi01, 1978,     1, SOV , WHA ,    ,  5.0,  0.0,   3.0,   3.0,   0.0,      ,     ,     ,     ,     ,     ,    ,      ,       ,      ,      ,        ,        ,        ,        ,        ,        ,        ,        ,      
ndurru01 , 1996,     1, BUF , NHL , D  ,  2.0,  0.0,   0.0,   0.0,   2.0, 1.0  ,  0.0,  0.0,  0.0,  0.0,  0.0, 0.0,   0.0,       ,      ,      ,        ,        ,        ,        ,        ,        ,        ,        ,      
ndurru01 , 1997,     1, BUF , NHL , D  ,  1.0,  0.0,   0.0,   0.0,   2.0, -1.0 ,  0.0,  0.0,  0.0,  0.0,  0.0, 0.0,   0.0,       ,      ,      ,        ,        ,        ,        ,        ,        ,        ,        ,      
ndurru01 , 1998,     1, BUF , NHL , D  ,  8.0,  0.0,   0.0,   0.0,  16.0, 1.0  ,  0.0,  0.0,  0.0,  0.0,  0.0, 0.0,   1.0,       ,      ,      ,        ,        ,        ,        ,        ,        ,        ,        ,      
ndurru01 , 1998,     2, NYR , NHL , D  , 31.0,  1.0,   3.0,   4.0,  46.0, -2.0 ,  0.0,  0.0,  0.0,  0.0,  0.0, 0.0,  21.0,       ,      ,      ,        ,        ,        ,        ,        ,        ,        ,        ,      
ndurru01 , 1999,     1, ATL , NHL , D  , 27.0,  1.0,   0.0,   1.0,  71.0, -17.0,  0.0,  0.0,  0.0,  0.0,  0.0, 0.0,   6.0,       ,      ,      ,        ,        ,        ,        ,        ,        ,        ,        ,      
nealero01, 1973,     1, CLC , WHA , C  , 43.0,  8.0,   9.0,  17.0,  30.0,      ,  1.0,     ,  0.0,     ,  1.0,    ,      ,    5.0,   0.0,   0.0,     0.0,     4.0,        ,        ,        ,        ,        ,     0.0,      
nealero01, 1974,     1, CLC , WHA , C  ,  9.0,  1.0,   3.0,   4.0,   4.0,      ,  0.0,     ,  0.0,     ,     ,    ,  13.0,       ,      ,      ,        ,        ,        ,        ,        ,        ,        ,        ,      
nealero01, 1974,     2, WIJ , WHA , C  ,  7.0,  0.0,   2.0,   2.0,   4.0,      ,  0.0,     ,  0.0,     ,  0.0,    ,  14.0,       ,      ,      ,        ,        ,        ,        ,        ,        ,        ,        ,      
nealja01 , 2008,     1, DAL , NHL , L  , 77.0, 24.0,  13.0,  37.0,  51.0, -11.0,  9.0,  1.0,  0.0,  0.0,  2.0,    , 171.0,       ,      ,      ,        ,        ,        ,        ,        ,        ,        ,        ,      
nealja01 , 2009,     1, DAL , NHL , L  , 78.0, 27.0,  28.0,  55.0,  64.0, -5.0 ,  2.0,  8.0,  1.0,  1.0,  4.0,    , 200.0,       ,      ,      ,        ,        ,        ,        ,        ,        ,        ,        ,      
neatopa01, 1993,     1, PIT , NHL , D  ,  9.0,  1.0,   1.0,   2.0,  12.0, 3.0  ,  1.0,  0.0,  0.0,  0.0,  0.0, 0.0,  11.0,       ,      ,      ,        ,        ,        ,        ,        ,        ,        ,        ,      
nechavi01, 1982,     1, LAK , NHL , C  ,  3.0,  1.0,   0.0,   1.0,   0.0, 1.0  ,  0.0,     ,  0.0,     ,  0.0, 0.0,   7.0,       ,      ,      ,        ,        ,        ,        ,        ,        ,        ,        ,      
neckast01, 1994,     1, OTT , NHL , D  , 48.0,  1.0,   3.0,   4.0,  37.0, -20.0,  0.0,  1.0,  0.0,  0.0,  0.0, 0.0,  34.0,       ,      ,      ,        ,        ,        ,        ,        ,        ,        ,        ,      
neckast01, 1995,     1, OTT , NHL , D  , 82.0,  3.0,   9.0,  12.0,  54.0, -16.0,  1.0,  0.0,  0.0,  1.0,  0.0, 0.0,  57.0,       ,      ,      ,        ,        ,        ,        ,        ,        ,        ,        ,      
neckast01, 1996,     1, OTT , NHL , D  ,  5.0,  0.0,   0.0,   0.0,   2.0, 2.0  ,  0.0,  0.0,  0.0,  0.0,  0.0, 0.0,   3.0,       ,      ,      ,        ,        ,        ,        ,        ,        ,        ,        ,      
neckast01, 1997,     1, OTT , NHL , D  , 60.0,  2.0,   2.0,   4.0,  31.0, -14.0,  0.0,  0.0,  0.0,  0.0,  0.0, 0.0,  43.0,    9.0,   0.0,   0.0,     0.0,     2.0, -4.0   ,     0.0,     0.0,     0.0,     0.0,     0.0,     4.0
neckast01, 1998,     1, OTT , NHL , D  ,  3.0,  0.0,   2.0,   2.0,   0.0, -1.0 ,  0.0,  0.0,  0.0,  0.0,  0.0, 0.0,   2.0,       ,      ,      ,        ,        ,        ,        ,        ,        ,        ,        ,      
neckast01, 1998,     2, NYR , NHL , D  , 18.0,  0.0,   0.0,   0.0,   8.0, -1.0 ,  0.0,  0.0,  0.0,  0.0,  0.0, 0.0,   8.0,       ,      ,      ,        ,        ,        ,        ,        ,        ,        ,        ,      
neckast01, 1998,     3, PHO , NHL , D  , 11.0,  0.0,   1.0,   1.0,  10.0, 3.0  ,  0.0,  0.0,  0.0,  0.0,  0.0, 0.0,   6.0,    6.0,   0.0,   1.0,     1.0,     4.0, 3.0    ,     0.0,     0.0,     0.0,     0.0,     0.0,     0.0
neckast01, 1999,     1, PHO , NHL , D  , 66.0,  2.0,   8.0,  10.0,  36.0, 1.0  ,  0.0,  0.0,  0.0,  0.0,  0.0, 0.0,  34.0,    5.0,   0.0,   0.0,     0.0,     0.0, 0.0    ,     0.0,     0.0,     0.0,     0.0,     0.0,     1.0
neckast01, 2000,     1, PHO , NHL , D  , 53.0,  2.0,   2.0,   4.0,  63.0, -2.0 ,  0.0,  0.0,  0.0,  0.0,  1.0, 0.0,  16.0,       ,      ,      ,        ,        ,        ,        ,        ,        ,        ,        ,      
neckast01, 2000,     2, TBL , NHL , D  , 16.0,  0.0,   2.0,   2.0,   8.0, -1.0 ,  0.0,  0.0,  0.0,  0.0,  0.0, 0.0,  10.0,       ,      ,      ,        ,        ,        ,        ,        ,        ,        ,        ,      
neckast01, 2001,     1, TBL , NHL , D  , 77.0,  1.0,   7.0,   8.0,  24.0, -18.0,  0.0,  0.0,  1.0,  0.0,  0.0, 0.0,  38.0,       ,      ,      ,        ,        ,        ,        ,        ,        ,        ,        ,      
neckast01, 2002,     1, TBL , NHL , D  , 70.0,  1.0,   4.0,   5.0,  43.0, -6.0 ,  0.0,  1.0,  0.0,  0.0,  1.0, 0.0,  38.0,    7.0,   0.0,   2.0,     2.0,     2.0, 0.0    ,     0.0,     0.0,     0.0,     0.0,     0.0,     4.0
neckast01, 2003,     1, NAS , NHL , D  ,  1.0,  0.0,   1.0,   1.0,   0.0, 2.0  ,  0.0,  0.0,  0.0,  1.0,  0.0, 0.0,   0.0,       ,      ,      ,        ,        ,        ,        ,        ,        ,        ,        ,      
neckast01, 2003,     2, TBL , NHL , D  ,     ,     ,      ,      ,      ,      ,     ,     ,     ,     ,     ,    ,      ,    2.0,   0.0,   0.0,     0.0,     0.0, 1.0    ,     0.0,     0.0,     0.0,     0.0,     0.0,     1.0
nedomva01, 1974,     1, TOT , WHA , R  , 78.0, 41.0,  40.0,  81.0,  19.0, 7.0  ,  5.0,     ,  0.0,     ,     ,    , 306.0,    6.0,   3.0,   1.0,     4.0,     9.0,        ,        ,        ,        ,        ,     0.0,      
nedomva01, 1975,     1, TOT , WHA , R  , 81.0, 56.0,  42.0,  98.0,   8.0, -2.0 ,  6.0,     ,  0.0,     ,  7.0,    , 328.0,       ,      ,      ,        ,        ,        ,        ,        ,        ,        ,        ,      
nedomva01, 1976,     1, BIR , WHA , R  , 81.0, 36.0,  33.0,  69.0,  10.0, -13.0,  9.0,     ,  0.0,     ,  3.0,    , 306.0,       ,      ,      ,        ,        ,        ,        ,        ,        ,        ,        ,      
nedomva01, 1977,     1, BIR , WHA , R  , 12.0,  2.0,   3.0,   5.0,   6.0, -9.0 ,  1.0,     ,  0.0,     ,     ,    ,  29.0,       ,      ,      ,        ,        ,        ,        ,        ,        ,        ,        ,      
nedomva01, 1977,     2, DET , NHL , R  , 63.0, 11.0,  17.0,  28.0,   2.0, -17.0,  5.0,     ,  0.0,     ,  1.0, 0.0, 107.0,    7.0,   3.0,   5.0,     8.0,     0.0,        ,     1.0,        ,     0.0,        ,     0.0,      
nedomva01, 1978,     1, DET , NHL , R  , 80.0, 38.0,  35.0,  73.0,  19.0, -13.0, 13.0,     ,  0.0,     ,  2.0, 1.0, 212.0,       ,      ,      ,        ,        ,        ,        ,        ,        ,        ,        ,      
nedomva01, 1979,     1, DET , NHL , R  , 79.0, 35.0,  39.0,  74.0,  13.0, -5.0 , 11.0,     ,  0.0,     ,  5.0, 1.0, 235.0,       ,      ,      ,        ,        ,        ,        ,        ,        ,        ,        ,      
nedomva01, 1980,     1, DET , NHL , R  , 74.0, 12.0,  20.0,  32.0,  30.0, -35.0,  6.0,     ,  0.0,     ,  0.0, 1.0, 128.0,       ,      ,      ,        ,        ,        ,        ,        ,        ,        ,        ,      
nedomva01, 1981,     1, DET , NHL , R  , 68.0, 12.0,  28.0,  40.0,  22.0, -15.0,  1.0,     ,  0.0,     ,  0.0, 0.0, 103.0,       ,      ,      ,        ,        ,        ,        ,        ,        ,        ,        ,      
nedomva01, 1982,     1, NYR , NHL , R  ,  1.0,  1.0,   0.0,   1.0,   0.0,      ,  0.0,     ,  0.0,     ,  0.0, 0.0,   1.0,       ,      ,      ,        ,        ,        ,        ,        ,        ,        ,        ,      
nedomva01, 1982,     2, STL , NHL , R  , 22.0,  2.0,   9.0,  11.0,   2.0, -8.0 ,  1.0,     ,  0.0,     ,  0.0, 0.0,  35.0,       ,      ,      ,        ,        ,        ,        ,        ,        ,        ,        ,      
nedomva01, 1982,     3, NYR , NHL , R  , 34.0, 11.0,   8.0,  19.0,   0.0, 1.0  ,  8.0,     ,  0.0,     ,  3.0, 0.0,  52.0,       ,      ,      ,        ,        ,        ,        ,        ,        ,        ,        ,      
nedoran01, 2001,     1, CBS , NHL , C  ,  7.0,  0.0,   2.0,   2.0,   2.0, -3.0 ,  0.0,  0.0,  0.0,  0.0,  0.0, 0.0,  12.0,       ,      ,      ,        ,        ,        ,        ,        ,        ,        ,        ,      
nedoran01, 2002,     1, CBS , NHL , C  , 12.0,  0.0,   1.0,   1.0,   4.0, -6.0 ,  0.0,  0.0,  0.0,  0.0,  0.0, 0.0,  10.0,       ,      ,      ,        ,        ,        ,        ,        ,        ,        ,        ,      
nedoran01, 2003,     1, CBS , NHL , L  ,  9.0,  2.0,   0.0,   2.0,   6.0, 0.0  ,  0.0,  0.0,  0.0,  0.0,  0.0, 0.0,  16.0,       ,      ,      ,        ,        ,        ,        ,        ,        ,        ,        ,      
nedorva01, 2001,     1, COL , NHL , L  , 25.0,  2.0,   2.0,   4.0,   2.0, -4.0 ,  1.0,  0.0,  0.0,  0.0,  0.0, 0.0,  22.0,       ,      ,      ,        ,        ,        ,        ,        ,        ,        ,        ,      
nedorva01, 2002,     1, COL , NHL , L  , 42.0,  4.0,   5.0,   9.0,  20.0, 8.0  ,  1.0,  0.0,  0.0,  0.0,  0.0, 0.0,  35.0,       ,      ,      ,        ,        ,        ,        ,        ,        ,        ,        ,      
nedorva01, 2003,     1, FLO , NHL , C  , 32.0,  4.0,   3.0,   7.0,  12.0, -6.0 ,  2.0,  0.0,  0.0,  0.0,  0.0, 0.0,  38.0,       ,      ,      ,        ,        ,        ,        ,        ,        ,        ,        ,      
nedvepe01, 1990,     1, VAN , NHL , C  , 61.0, 10.0,   6.0,  16.0,  20.0, -21.0,  1.0,  2.0,  0.0,  0.0,  0.0, 0.0,  97.0,    6.0,   0.0,   1.0,     1.0,     0.0, -5.0   ,     0.0,     0.0,     0.0,     0.0,     0.0,     9.0
nedvepe01, 1991,     1, VAN , NHL , C  , 77.0, 15.0,  22.0,  37.0,  36.0, -3.0 ,  5.0,  6.0,  0.0,  0.0,  1.0, 1.0,  99.0,   10.0,   1.0,   4.0,     5.0,    16.0, 3.0    ,     0.0,     1.0,     0.0,     0.0,     0.0,    19.0
nedvepe01, 1992,     1, VAN , NHL , C  , 84.0, 38.0,  33.0,  71.0,  96.0, 20.0 ,  2.0, 13.0,  1.0,  0.0,  3.0, 0.0, 149.0,   12.0,   2.0,   3.0,     5.0,     2.0, -2.0   ,     0.0,     0.0,     0.0,     0.0,     0.0,    14.0
nedvepe01, 1993,     1, STL , NHL , C  , 19.0,  6.0,  14.0,  20.0,   8.0, 2.0  ,  2.0,  5.0,  0.0,  0.0,  0.0, 1.0,  63.0,    4.0,   0.0,   1.0,     1.0,     4.0, -2.0   ,     0.0,     0.0,     0.0,     0.0,     0.0,    13.0
nedvepe01, 1994,     1, NYR , NHL , C  , 46.0, 11.0,  12.0,  23.0,  26.0, -1.0 ,  1.0,  3.0,  0.0,  0.0,  3.0, 0.0, 123.0,   10.0,   3.0,   2.0,     5.0,     6.0, -4.0   ,     2.0,     0.0,     0.0,     0.0,     0.0,    28.0
nedvepe01, 1995,     1, PIT , NHL , L  , 80.0, 45.0,  54.0,  99.0,  68.0, 37.0 ,  8.0, 12.0,  1.0,  2.0,  5.0, 1.0, 204.0,   18.0,  10.0,  10.0,    20.0,    16.0, 3.0    ,     4.0,     2.0,     0.0,     0.0,     2.0,    54.0
nedvepe01, 1996,     1, PIT , NHL , C  , 74.0, 33.0,  38.0,  71.0,  66.0, -2.0 , 12.0, 14.0,  3.0,  0.0,  4.0, 0.0, 189.0,    5.0,   1.0,   2.0,     3.0,    12.0, -2.0   ,     0.0,     0.0,     1.0,     0.0,     0.0,    10.0
nedvepe01, 1998,     1, NYR , NHL , C  , 56.0, 20.0,  27.0,  47.0,  50.0, -6.0 ,  9.0,  7.0,  1.0,  0.0,  3.0, 0.0, 153.0,       ,      ,      ,        ,        ,        ,        ,        ,        ,        ,        ,      
nedvepe01, 1999,     1, NYR , NHL , C  , 76.0, 24.0,  44.0,  68.0,  40.0, 2.0  ,  6.0, 15.0,  2.0,  1.0,  4.0, 0.0, 201.0,       ,      ,      ,        ,        ,        ,        ,        ,        ,        ,        ,      
nedvepe01, 2000,     1, NYR , NHL , C  , 79.0, 32.0,  46.0,  78.0,  54.0, 10.0 ,  9.0, 12.0,  1.0,  0.0,  5.0, 0.0, 230.0,       ,      ,      ,        ,        ,        ,        ,        ,        ,        ,        ,      
nedvepe01, 2001,     1, NYR , NHL , C  , 78.0, 21.0,  25.0,  46.0,  36.0, -8.0 ,  6.0,  7.0,  1.0,  1.0,  3.0, 1.0, 175.0,       ,      ,      ,        ,        ,        ,        ,        ,        ,        ,        ,      
nedvepe01, 2002,     1, NYR , NHL , C  , 78.0, 27.0,  31.0,  58.0,  64.0, -4.0 ,  8.0,  9.0,  3.0,  2.0,  4.0, 1.0, 205.0,       ,      ,      ,        ,        ,        ,        ,        ,        ,        ,        ,      
nedvepe01, 2003,     1, NYR , NHL , C  , 65.0, 14.0,  17.0,  31.0,  42.0, -9.0 ,  5.0,  6.0,  0.0,  1.0,  3.0, 0.0, 153.0,       ,      ,      ,        ,        ,        ,        ,        ,        ,        ,        ,      
nedvepe01, 2003,     2, EDM , NHL , C  , 16.0,  5.0,  10.0,  15.0,   4.0, 1.0  ,  2.0,  4.0,  0.0,  0.0,  0.0, 0.0,  37.0,       ,      ,      ,        ,        ,        ,        ,        ,        ,        ,        ,      
nedvepe01, 2005,     1, PHO , NHL , C  , 25.0,  2.0,   9.0,  11.0,  34.0, -6.0 ,  1.0,  6.0,  0.0,  0.0,  1.0,    ,  43.0,       ,      ,      ,        ,        ,        ,        ,        ,        ,        ,        ,      
nedvepe01, 2005,     2, PHI , NHL , C  , 28.0,  5.0,   9.0,  14.0,  36.0, -8.0 ,  2.0,  4.0,  0.0,  1.0,  0.0,    ,  47.0,    6.0,   2.0,   0.0,     2.0,     8.0, -4.0   ,     1.0,     0.0,     0.0,     0.0,     0.0,     7.0
nedvepe01, 2006,     1, PHI , NHL , C  , 21.0,  1.0,   6.0,   7.0,  18.0, -20.0,  0.0,  2.0,  0.0,  0.0,  0.0,    ,  18.0,       ,      ,      ,        ,        ,        ,        ,        ,        ,        ,        ,      
nedvepe01, 2006,     2, EDM , NHL , C  , 19.0,  1.0,   4.0,   5.0,  10.0, -5.0 ,  1.0,  2.0,  0.0,  0.0,  0.0,    ,  21.0,       ,      ,      ,        ,        ,        ,        ,        ,        ,        ,        ,      
nedvezd01, 1994,     1, TOR , NHL , R  ,  1.0,  0.0,   0.0,   0.0,   2.0, 0.0  ,  0.0,  0.0,  0.0,  0.0,  0.0, 0.0,   0.0,       ,      ,      ,        ,        ,        ,        ,        ,        ,        ,        ,      
nedvezd01, 1995,     1, TOR , NHL , R  ,  7.0,  1.0,   1.0,   2.0,   6.0, -1.0 ,  0.0,  1.0,  0.0,  0.0,  0.0, 0.0,   7.0,       ,      ,      ,        ,        ,        ,        ,        ,        ,        ,        ,      
nedvezd01, 1996,     1, TOR , NHL , R  , 23.0,  3.0,   5.0,   8.0,   6.0, 4.0  ,  1.0,  1.0,  0.0,  0.0,  0.0, 0.0,  22.0,       ,      ,      ,        ,        ,        ,        ,        ,        ,        ,        ,      
needhmi01, 1991,     1, PIT , NHL , R  ,     ,     ,      ,      ,      ,      ,     ,     ,     ,     ,     ,    ,      ,    5.0,   1.0,   0.0,     1.0,     2.0, 0.0    ,     0.0,     0.0,     0.0,     0.0,     0.0,     2.0
needhmi01, 1992,     1, PIT , NHL , R  , 56.0,  8.0,   5.0,  13.0,  14.0, -1.0 ,  0.0,  1.0,  0.0,  0.0,  2.0, 0.0,  49.0,    9.0,   1.0,   0.0,     1.0,     2.0, 1.0    ,     0.0,     0.0,     0.0,     0.0,     0.0,     1.0
needhmi01, 1993,     1, PIT , NHL , R  , 25.0,  1.0,   0.0,   1.0,   2.0, 0.0  ,  0.0,  0.0,  0.0,  0.0,  1.0, 0.0,   6.0,       ,      ,      ,        ,        ,        ,        ,        ,        ,        ,        ,      
needhmi01, 1993,     2, DAL , NHL , R  ,  5.0,  0.0,   0.0,   0.0,   0.0, -2.0 ,  0.0,  0.0,  0.0,  0.0,  0.0, 0.0,   3.0,       ,      ,      ,        ,        ,        ,        ,        ,        ,        ,        ,      
neeldgr01, 1975,     1, TOT , WHA , D  , 17.0,  0.0,   1.0,   1.0,  18.0, -16.0,  0.0,     ,  0.0,     ,  0.0,    ,  10.0,       ,      ,      ,        ,        ,        ,        ,        ,        ,        ,        ,      
neelybo01, 1973,     1, TOR , NHL , D  , 54.0,  5.0,   7.0,  12.0,  98.0, -14.0,  2.0,     ,  0.0,     ,  0.0, 1.0,  77.0,    4.0,   1.0,   3.0,     4.0,     0.0,        ,     0.0,        ,     0.0,        ,     0.0,      
neelybo01, 1974,     1, TOR , NHL , D  , 57.0,  5.0,  16.0,  21.0,  61.0, -18.0,  2.0,     ,  0.0,     ,  1.0, 0.0, 103.0,    3.0,   0.0,   0.0,     0.0,     2.0,        ,     0.0,        ,     0.0,        ,     0.0,      
neelybo01, 1975,     1, TOR , NHL , D/L, 69.0,  9.0,  13.0,  22.0,  89.0, -15.0,  0.0,     ,  0.0,     ,  0.0, 0.0, 107.0,   10.0,   3.0,   1.0,     4.0,     7.0,        ,     2.0,        ,     0.0,        ,     0.0,      
neelybo01, 1976,     1, TOR , NHL , L  , 70.0, 17.0,  16.0,  33.0,  16.0, -17.0,  3.0,     ,  0.0,     ,  5.0, 1.0, 123.0,    9.0,   1.0,   3.0,     4.0,     6.0,        ,     1.0,        ,     0.0,        ,     0.0,      
neelybo01, 1977,     1, TOR , NHL , D  , 11.0,  0.0,   1.0,   1.0,   0.0, -3.0 ,  0.0,     ,  0.0,     ,  0.0, 0.0,   7.0,       ,      ,      ,        ,        ,        ,        ,        ,        ,        ,        ,      
neelybo01, 1977,     2, COR , NHL , L  , 22.0,  3.0,   6.0,   9.0,   2.0, -10.0,  1.0,     ,  0.0,     ,  0.0, 0.0,  33.0,       ,      ,      ,        ,        ,        ,        ,        ,        ,        ,        ,      
neelyca01, 1983,     1, VAN , NHL , R  , 56.0, 16.0,  15.0,  31.0,  57.0, 0.0  ,  3.0,     ,  0.0,     ,  1.0, 0.0,  87.0,    4.0,   2.0,   0.0,     2.0,     2.0, -4.0   ,     1.0,        ,     0.0,        ,     0.0,     7.0
neelyca01, 1984,     1, VAN , NHL , R  , 72.0, 21.0,  18.0,  39.0, 137.0, -26.0,  4.0,     ,  0.0,     ,  1.0, 1.0, 138.0,       ,      ,      ,        ,        ,        ,        ,        ,        ,        ,        ,      
neelyca01, 1985,     1, VAN , NHL , R  , 73.0, 14.0,  20.0,  34.0, 126.0, -30.0,  6.0,     ,  0.0,     ,  3.0, 0.0, 113.0,    3.0,   0.0,   0.0,     0.0,     6.0, -3.0   ,     0.0,        ,     0.0,        ,     0.0,     4.0
neelyca01, 1986,     1, BOS , NHL , R  , 75.0, 36.0,  36.0,  72.0, 143.0, 23.0 ,  7.0,     ,  0.0,     ,  3.0, 0.0, 206.0,    4.0,   5.0,   1.0,     6.0,     8.0, -1.0   ,     3.0,        ,     0.0,        ,     0.0,    19.0
neelyca01, 1987,     1, BOS , NHL , R  , 69.0, 42.0,  27.0,  69.0, 175.0, 30.0 , 11.0, 10.0,  0.0,  0.0,  3.0, 0.0, 207.0,   23.0,   9.0,   8.0,    17.0,    51.0, 1.0    ,     2.0,     3.0,     0.0,     0.0,     2.0,    71.0
neelyca01, 1988,     1, BOS , NHL , R  , 74.0, 37.0,  38.0,  75.0, 190.0, 14.0 , 18.0,  9.0,  0.0,  0.0,  6.0, 1.0, 235.0,   10.0,   7.0,   2.0,     9.0,     8.0, -2.0   ,     4.0,     0.0,     0.0,     0.0,     2.0,    24.0
neelyca01, 1989,     1, BOS , NHL , R  , 76.0, 55.0,  37.0,  92.0, 117.0, 10.0 , 25.0, 13.0,  0.0,  0.0, 12.0, 0.0, 271.0,   21.0,  12.0,  16.0,    28.0,    51.0, 7.0    ,     4.0,     3.0,     1.0,     0.0,     2.0,    65.0
neelyca01, 1990,     1, BOS , NHL , R  , 69.0, 51.0,  40.0,  91.0,  98.0, 26.0 , 18.0, 10.0,  1.0,  1.0,  8.0, 0.0, 262.0,   19.0,  16.0,   4.0,    20.0,    36.0, -3.0   ,     9.0,     1.0,     0.0,     0.0,     4.0,    72.0
neelyca01, 1991,     1, BOS , NHL , R  ,  9.0,  9.0,   3.0,  12.0,  16.0, 9.0  ,  1.0,  0.0,  0.0,  0.0,  2.0, 0.0,  30.0,       ,      ,      ,        ,        ,        ,        ,        ,        ,        ,        ,      
neelyca01, 1992,     1, BOS , NHL , R  , 13.0, 11.0,   7.0,  18.0,  25.0, 4.0  ,  6.0,  1.0,  0.0,  0.0,  1.0, 0.0,  45.0,    4.0,   4.0,   1.0,     5.0,     4.0, 0.0    ,     1.0,     1.0,     0.0,     0.0,     0.0,    16.0
neelyca01, 1993,     1, BOS , NHL , R  , 49.0, 50.0,  24.0,  74.0,  54.0, 12.0 , 20.0,  7.0,  0.0,  0.0, 13.0, 1.0, 185.0,       ,      ,      ,        ,        ,        ,        ,        ,        ,        ,        ,      
neelyca01, 1994,     1, BOS , NHL , R  , 42.0, 27.0,  14.0,  41.0,  72.0, 7.0  , 16.0,  3.0,  0.0,  0.0,  5.0, 1.0, 178.0,    5.0,   2.0,   0.0,     2.0,     2.0, -4.0   ,     1.0,     0.0,     0.0,     0.0,     1.0,    13.0
neelyca01, 1995,     1, BOS , NHL , R  , 49.0, 26.0,  20.0,  46.0,  31.0, 3.0  ,  7.0,  8.0,  0.0,  0.0,  3.0, 0.0, 191.0,       ,      ,      ,        ,        ,        ,        ,        ,        ,        ,        ,      
negrijo01, 2008,     1, CAL , NHL , D  ,  3.0,  0.0,   1.0,   1.0,   2.0, -2.0 ,  0.0,  0.0,  0.0,  0.0,  0.0,    ,   3.0,       ,      ,      ,        ,        ,        ,        ,        ,        ,        ,        ,      
neilch01 , 2001,     1, OTT , NHL , R  , 72.0, 10.0,   7.0,  17.0, 231.0, 5.0  ,  1.0,  0.0,  0.0,  0.0,  0.0, 0.0,  56.0,   12.0,   0.0,   0.0,     0.0,    12.0, -1.0   ,     0.0,     0.0,     0.0,     0.0,     0.0,     6.0
neilch01 , 2002,     1, OTT , NHL , R  , 68.0,  6.0,   4.0,  10.0, 147.0, 8.0  ,  0.0,  0.0,  0.0,  0.0,  0.0, 0.0,  62.0,   15.0,   1.0,   0.0,     1.0,    24.0, 1.0    ,     0.0,     0.0,     0.0,     0.0,     0.0,    16.0
neilch01 , 2003,     1, OTT , NHL , R  , 82.0,  8.0,   8.0,  16.0, 194.0, 13.0 ,  0.0,  1.0,  0.0,  0.0,  1.0, 0.0,  76.0,    7.0,   0.0,   1.0,     1.0,    19.0, 0.0    ,     0.0,     0.0,     0.0,     0.0,     0.0,     1.0
neilch01 , 2005,     1, OTT , NHL , R  , 79.0, 16.0,  17.0,  33.0, 204.0, 9.0  ,  8.0,  5.0,  0.0,  0.0,  0.0,    , 126.0,   10.0,   1.0,   0.0,     1.0,    14.0, -1.0   ,     0.0,     0.0,     0.0,     0.0,     0.0,    10.0
neilch01 , 2006,     1, OTT , NHL , R  , 82.0, 12.0,  16.0,  28.0, 177.0, 6.0  ,  3.0,  2.0,  0.0,  0.0,  3.0,    , 139.0,   20.0,   2.0,   2.0,     4.0,    20.0, 0.0    ,     0.0,     0.0,     0.0,     0.0,     0.0,    31.0
neilch01 , 2007,     1, OTT , NHL , R  , 68.0,  6.0,  14.0,  20.0, 199.0, -3.0 ,  0.0,  0.0,  0.0,  0.0,  1.0,    ,  78.0,    4.0,   0.0,   1.0,     1.0,    22.0, 0.0    ,     0.0,     0.0,     0.0,     0.0,     0.0,     3.0
neilch01 , 2008,     1, OTT , NHL , R  , 60.0,  3.0,   7.0,  10.0, 146.0, -13.0,  0.0,  0.0,  0.0,  0.0,  0.0,    ,  59.0,       ,      ,      ,        ,        ,        ,        ,        ,        ,        ,        ,      
neilch01 , 2009,     1, OTT , NHL , R  , 68.0, 10.0,  12.0,  22.0, 175.0, -1.0 ,  1.0,  0.0,  0.0,  0.0,  2.0,    , 100.0,    6.0,   3.0,   1.0,     4.0,    20.0, 1.0    ,     0.0,     0.0,     0.0,     0.0,     0.0,    11.0
neilsji01, 1962,     1, NYR , NHL , D  , 69.0,  5.0,  11.0,  16.0,  38.0,      ,     ,     ,     ,     ,     ,    ,      ,       ,      ,      ,        ,        ,        ,        ,        ,        ,        ,        ,      
neilsji01, 1963,     1, NYR , NHL , D  , 69.0,  5.0,  24.0,  29.0,  93.0,      ,  1.0,     ,  1.0,     ,  1.0, 0.0,      ,       ,      ,      ,        ,        ,        ,        ,        ,        ,        ,        ,      
neilsji01, 1964,     1, NYR , NHL , D  , 62.0,  0.0,  13.0,  13.0,  58.0,      ,  0.0,     ,  0.0,     ,  0.0, 0.0,      ,       ,      ,      ,        ,        ,        ,        ,        ,        ,        ,        ,      
neilsji01, 1965,     1, NYR , NHL , D  , 65.0,  4.0,  19.0,  23.0,  84.0,      ,  1.0,     ,  0.0,     ,  1.0, 0.0,      ,       ,      ,      ,        ,        ,        ,        ,        ,        ,        ,        ,      
neilsji01, 1966,     1, NYR , NHL , D  , 61.0,  4.0,  11.0,  15.0,  65.0,      ,  0.0,     ,  0.0,     ,  2.0, 0.0,      ,    4.0,   1.0,   0.0,     1.0,     0.0,        ,        ,        ,        ,        ,     0.0,      
neilsji01, 1967,     1, NYR , NHL , D  , 67.0,  6.0,  29.0,  35.0,  60.0, 29.0 ,  2.0,     ,  0.0,     ,  1.0, 1.0, 172.0,    6.0,   0.0,   2.0,     2.0,     4.0,        ,     0.0,        ,     0.0,        ,     0.0,      
neilsji01, 1968,     1, NYR , NHL , D  , 76.0, 10.0,  34.0,  44.0,  95.0, 6.0  ,  3.0,     ,  0.0,     ,  2.0, 0.0, 274.0,    4.0,   0.0,   3.0,     3.0,     5.0,        ,     0.0,        ,     0.0,        ,     0.0,      
neilsji01, 1969,     1, NYR , NHL , D  , 62.0,  3.0,  20.0,  23.0,  75.0, 24.0 ,  0.0,     ,  0.0,     ,  0.0, 0.0, 204.0,    6.0,   0.0,   1.0,     1.0,     8.0,        ,     0.0,        ,     0.0,        ,     0.0,      
neilsji01, 1970,     1, NYR , NHL , D  , 77.0,  8.0,  24.0,  32.0,  69.0, 31.0 ,  2.0,     ,  0.0,     ,  3.0, 0.0, 200.0,   13.0,   0.0,   3.0,     3.0,    30.0,        ,     0.0,        ,     0.0,        ,     0.0,      
neilsji01, 1971,     1, NYR , NHL , D  , 78.0,  7.0,  30.0,  37.0,  56.0, 38.0 ,  2.0,     ,  0.0,     ,  0.0, 0.0, 183.0,   10.0,   0.0,   3.0,     3.0,     8.0,        ,     0.0,        ,     0.0,        ,     0.0,      
neilsji01, 1972,     1, NYR , NHL , D  , 52.0,  4.0,  16.0,  20.0,  35.0, 22.0 ,  0.0,     ,  0.0,     ,  0.0, 1.0,  99.0,   10.0,   0.0,   4.0,     4.0,     2.0,        ,     0.0,        ,     0.0,        ,     0.0,      
neilsji01, 1973,     1, NYR , NHL , D  , 72.0,  4.0,   7.0,  11.0,  38.0, -4.0 ,  2.0,     ,  0.0,     ,  1.0, 0.0, 103.0,   12.0,   0.0,   1.0,     1.0,     4.0,        ,     0.0,        ,     0.0,        ,     0.0,      
neilsji01, 1974,     1, CLF , NHL , D  , 72.0,  3.0,  17.0,  20.0,  56.0, -46.0,  0.0,     ,  0.0,     ,  0.0, 1.0, 112.0,       ,      ,      ,        ,        ,        ,        ,        ,        ,        ,        ,      
neilsji01, 1975,     1, CLF , NHL , D  , 26.0,  1.0,   6.0,   7.0,  20.0, -6.0 ,  1.0,     ,  0.0,     ,  0.0, 0.0,  41.0,       ,      ,      ,        ,        ,        ,        ,        ,        ,        ,        ,      
neilsji01, 1976,     1, CLE , NHL , D  , 47.0,  3.0,  17.0,  20.0,  42.0, -5.0 ,  0.0,     ,  0.0,     ,  0.0, 0.0,  42.0,       ,      ,      ,        ,        ,        ,        ,        ,        ,        ,        ,      
neilsji01, 1977,     1, CLE , NHL , D  , 68.0,  2.0,  21.0,  23.0,  20.0, -25.0,  0.0,     ,  0.0,     ,  0.0, 0.0,  51.0,       ,      ,      ,        ,        ,        ,        ,        ,        ,        ,        ,      
neilsji01, 1978,     1, EDO , WHA , D  , 35.0,  0.0,   5.0,   5.0,  18.0, 5.0  ,  0.0,     ,  0.0,     ,     ,    ,  13.0,       ,      ,      ,        ,        ,        ,        ,        ,        ,        ,        ,      
nelibja01, 1978,     1, CZE , WHA ,    ,  6.0,  0.0,   1.0,   1.0,  22.0,      ,     ,     ,     ,     ,     ,    ,      ,       ,      ,      ,        ,        ,        ,        ,        ,        ,        ,        ,      
nelsogo01, 1969,     1, TOR , NHL , D  ,  3.0,  0.0,   0.0,   0.0,  11.0, 2.0  ,  0.0,     ,  0.0,     ,  0.0, 0.0,   5.0,       ,      ,      ,        ,        ,        ,        ,        ,        ,        ,        ,      
nelsoje01, 1994,     1, WAS , NHL , C  , 10.0,  1.0,   0.0,   1.0,   2.0, -2.0 ,  0.0,  0.0,  0.0,  0.0,  0.0, 0.0,   4.0,       ,      ,      ,        ,        ,        ,        ,        ,        ,        ,        ,      
nelsoje01, 1995,     1, WAS , NHL , C  , 33.0,  0.0,   7.0,   7.0,  16.0, 3.0  ,  0.0,  0.0,  0.0,  0.0,  0.0, 0.0,  21.0,    3.0,   0.0,   0.0,     0.0,     4.0, 0.0    ,     0.0,     0.0,     0.0,     0.0,     0.0,     2.0
nelsoje01, 1998,     1, NAS , NHL , C  ,  9.0,  2.0,   1.0,   3.0,   2.0, -1.0 ,  0.0,  0.0,  0.0,  0.0,  0.0, 0.0,   8.0,       ,      ,      ,        ,        ,        ,        ,        ,        ,        ,        ,      
nelsoto01, 1991,     1, PIT , NHL , D  ,  1.0,  0.0,   0.0,   0.0,   0.0, 0.0  ,  0.0,  0.0,  0.0,  0.0,  0.0, 0.0,   0.0,       ,      ,      ,        ,        ,        ,        ,        ,        ,        ,        ,      
nelsoto01, 1993,     1, WAS , NHL , D  ,  2.0,  1.0,   0.0,   1.0,   2.0, 1.0  ,  1.0,  0.0,  0.0,  0.0,  1.0, 0.0,   1.0,    4.0,   0.0,   0.0,     0.0,     0.0, -1.0   ,     0.0,     0.0,     0.0,     0.0,     0.0,     0.0
nemchse01, 1991,     1, NYR , NHL , C  , 73.0, 30.0,  28.0,  58.0,  15.0, 19.0 ,  2.0,  6.0,  0.0,  1.0,  5.0, 0.0, 124.0,   13.0,   1.0,   4.0,     5.0,     8.0, -3.0   ,     0.0,     1.0,     0.0,     2.0,     0.0,    22.0
nemchse01, 1992,     1, NYR , NHL , C  , 81.0, 23.0,  31.0,  54.0,  34.0, 15.0 ,  0.0,  2.0,  1.0,  1.0,  3.0, 0.0, 144.0,       ,      ,      ,        ,        ,        ,        ,        ,        ,        ,        ,      
nemchse01, 1993,     1, NYR , NHL , C  , 76.0, 22.0,  27.0,  49.0,  36.0, 13.0 ,  4.0,  3.0,  0.0,  3.0,  6.0, 0.0, 144.0,   23.0,   2.0,   5.0,     7.0,     6.0, 1.0    ,     0.0,     0.0,     0.0,     0.0,     0.0,    33.0
nemchse01, 1994,     1, NYR , NHL , L  , 47.0,  7.0,   6.0,  13.0,  16.0, -6.0 ,  0.0,  0.0,  0.0,  0.0,  3.0, 0.0,  67.0,   10.0,   4.0,   5.0,     9.0,     2.0, 6.0    ,     0.0,     0.0,     0.0,     0.0,     1.0,    16.0
nemchse01, 1995,     1, NYR , NHL , C  , 78.0, 17.0,  15.0,  32.0,  38.0, 9.0  ,  0.0,  1.0,  0.0,  0.0,  2.0, 0.0, 118.0,    6.0,   0.0,   1.0,     1.0,     2.0, 2.0    ,     0.0,     0.0,     0.0,     0.0,     0.0,     5.0
nemchse01, 1996,     1, NYR , NHL , C  , 63.0,  6.0,  13.0,  19.0,  12.0, 5.0  ,  1.0,  1.0,  0.0,  0.0,  1.0, 0.0,  90.0,       ,      ,      ,        ,        ,        ,        ,        ,        ,        ,        ,      
nemchse01, 1996,     2, VAN , NHL , C  ,  6.0,  2.0,   3.0,   5.0,   4.0, 4.0  ,  0.0,  0.0,  0.0,  0.0,  1.0, 0.0,   7.0,       ,      ,      ,        ,        ,        ,        ,        ,        ,        ,        ,      
nemchse01, 1997,     1, NYI , NHL , C  , 74.0, 10.0,  19.0,  29.0,  24.0, 3.0  ,  2.0,  1.0,  1.0,  0.0,  1.0, 0.0,  94.0,       ,      ,      ,        ,        ,        ,        ,        ,        ,        ,        ,      
nemchse01, 1998,     1, NYI , NHL , C  , 67.0,  8.0,   8.0,  16.0,  22.0, -17.0,  1.0,  0.0,  0.0,  0.0,  0.0, 0.0,  61.0,       ,      ,      ,        ,        ,        ,        ,        ,        ,        ,        ,      
nemchse01, 1998,     2, NJD , NHL , C  , 10.0,  4.0,   0.0,   4.0,   6.0, 4.0  ,  1.0,  0.0,  0.0,  0.0,  1.0, 0.0,  13.0,    4.0,   0.0,   0.0,     0.0,     0.0, -2.0   ,     0.0,     0.0,     0.0,     0.0,     0.0,     2.0
nemchse01, 1999,     1, NJD , NHL , C  , 53.0, 10.0,  16.0,  26.0,  18.0, 1.0  ,  0.0,  2.0,  1.0,  1.0,  1.0, 0.0,  55.0,   21.0,   3.0,   2.0,     5.0,     2.0, 1.0    ,     1.0,     0.0,     0.0,     1.0,     0.0,    20.0
nemchse01, 2000,     1, NJD , NHL , C  , 65.0,  8.0,  22.0,  30.0,  16.0, 11.0 ,  1.0,  1.0,  0.0,  1.0,  2.0, 0.0,  70.0,   25.0,   1.0,   3.0,     4.0,     4.0, 0.0    ,     0.0,     0.0,     0.0,     0.0,     0.0,    16.0
nemchse01, 2001,     1, NJD , NHL , L  , 68.0,  5.0,   5.0,  10.0,  10.0, -9.0 ,  0.0,  0.0,  0.0,  0.0,  1.0, 0.0,  49.0,    3.0,   0.0,   0.0,     0.0,     0.0, -2.0   ,     0.0,     0.0,     0.0,     0.0,     0.0,     0.0
nemecja01, 1998,     1, LAK , NHL , D  ,  6.0,  1.0,   0.0,   1.0,   4.0, -1.0 ,  0.0,  0.0,  0.0,  0.0,  1.0, 0.0,   8.0,       ,      ,      ,        ,        ,        ,        ,        ,        ,        ,        ,      
nemecja01, 1999,     1, LAK , NHL , D  ,  1.0,  0.0,   0.0,   0.0,   0.0, 0.0  ,  0.0,  0.0,  0.0,  0.0,  0.0, 0.0,   0.0,       ,      ,      ,        ,        ,        ,        ,        ,        ,        ,        ,      
nemetst01, 1987,     1, NYR , NHL , C  , 12.0,  2.0,   0.0,   2.0,   2.0, -4.0 ,  0.0,  0.0,  1.0,  0.0,  0.0, 0.0,  12.0,       ,      ,      ,        ,        ,        ,        ,        ,        ,        ,        ,      
nemirda01, 1995,     1, FLO , NHL , R  ,  9.0,  0.0,   2.0,   2.0,   2.0, -1.0 ,  0.0,  0.0,  0.0,  0.0,  0.0, 0.0,   6.0,       ,      ,      ,        ,        ,        ,        ,        ,        ,        ,        ,      
nemirda01, 1996,     1, FLO , NHL , R  , 39.0,  7.0,   7.0,  14.0,  32.0, 1.0  ,  1.0,  1.0,  0.0,  0.0,  0.0, 1.0,  53.0,    3.0,   1.0,   0.0,     1.0,     0.0, -2.0   ,     0.0,     0.0,     0.0,     0.0,     0.0,     4.0
nemirda01, 1997,     1, FLO , NHL , R  , 41.0,  9.0,  12.0,  21.0,   8.0, -3.0 ,  2.0,  5.0,  0.0,  0.0,  1.0, 0.0,  62.0,       ,      ,      ,        ,        ,        ,        ,        ,        ,        ,        ,      
nemirda01, 1998,     1, FLO , NHL , R  ,  2.0,  0.0,   1.0,   1.0,   0.0, 1.0  ,  0.0,  0.0,  0.0,  0.0,  0.0, 0.0,   2.0,       ,      ,      ,        ,        ,        ,        ,        ,        ,        ,        ,      
nesteer01, 1951,     1, TOR , NHL , R  ,  1.0,  0.0,   0.0,   0.0,   0.0,      ,     ,     ,     ,     ,     ,    ,      ,       ,      ,      ,        ,        ,        ,        ,        ,        ,        ,        ,      
nesteer01, 1952,     1, TOR , NHL , R  , 35.0, 10.0,   6.0,  16.0,  27.0,      ,     ,     ,     ,     ,     ,    ,      ,       ,      ,      ,        ,        ,        ,        ,        ,        ,        ,        ,      
nesteer01, 1953,     1, TOR , NHL , R  , 68.0, 14.0,   9.0,  23.0,  70.0,      ,     ,     ,     ,     ,     ,    ,      ,    5.0,   0.0,   1.0,     1.0,     9.0,        ,        ,        ,        ,        ,        ,      
nesteer01, 1954,     1, TOR , NHL , R  , 62.0, 15.0,  15.0,  30.0,  99.0,      ,     ,     ,     ,     ,     ,    ,      ,    4.0,   0.0,   1.0,     1.0,     6.0,        ,        ,        ,        ,        ,        ,      
nesteer01, 1955,     1, TOR , NHL , R  , 40.0,  4.0,   6.0,  10.0,  65.0,      ,     ,     ,     ,     ,     ,    ,      ,       ,      ,      ,        ,        ,        ,        ,        ,        ,        ,        ,      
nesteer01, 1956,     1, CHI , NHL , R  , 24.0,  8.0,  15.0,  23.0,  32.0,      ,     ,     ,     ,     ,     ,    ,      ,       ,      ,      ,        ,        ,        ,        ,        ,        ,        ,        ,      
nesteer01, 1957,     1, CHI , NHL , R  , 70.0, 20.0,  18.0,  38.0, 104.0,      ,     ,     ,     ,     ,     ,    ,      ,       ,      ,      ,        ,        ,        ,        ,        ,        ,        ,        ,      
nesteer01, 1958,     1, CHI , NHL , R  , 70.0, 16.0,  18.0,  34.0,  81.0,      ,     ,     ,     ,     ,     ,    ,      ,    6.0,   2.0,   2.0,     4.0,     8.0,        ,        ,        ,        ,        ,        ,      
nesteer01, 1959,     1, CHI , NHL , R  , 61.0, 13.0,  23.0,  36.0,  71.0,      ,     ,     ,     ,     ,     ,    ,      ,    4.0,   0.0,   0.0,     0.0,     2.0,        ,        ,        ,        ,        ,        ,      
nesteer01, 1960,     1, CHI , NHL , C  , 68.0, 19.0,  19.0,  38.0, 125.0,      ,     ,     ,     ,     ,     ,    ,      ,   11.0,   2.0,   3.0,     5.0,     6.0,        ,        ,        ,        ,        ,     0.0,      
nesteer01, 1961,     1, CHI , NHL , C  , 68.0, 15.0,  14.0,  29.0,  97.0,      ,     ,     ,     ,     ,     ,    ,      ,   12.0,   0.0,   5.0,     5.0,    22.0,        ,        ,        ,        ,        ,     0.0,      
nesteer01, 1962,     1, CHI , NHL , C  , 67.0, 12.0,  15.0,  27.0, 103.0,      ,     ,     ,     ,     ,     ,    ,      ,    6.0,   2.0,   3.0,     5.0,     8.0,        ,        ,        ,        ,        ,     0.0,      
nesteer01, 1963,     1, CHI , NHL , R/C, 70.0,  7.0,  19.0,  26.0,  93.0,      ,  0.0,     ,  1.0,     ,  1.0, 1.0,      ,    7.0,   2.0,   1.0,     3.0,     8.0,        ,        ,        ,        ,        ,     0.0,      
nesteer01, 1964,     1, CHI , NHL , R  , 56.0, 14.0,  16.0,  30.0,  63.0,      ,  2.0,     ,  6.0,     ,  3.0, 2.0,      ,   14.0,   2.0,   2.0,     4.0,    16.0,        ,        ,        ,        ,        ,     0.0,      
nesteer01, 1965,     1, CHI , NHL , R  , 67.0, 15.0,  25.0,  40.0,  58.0,      ,  1.0,     ,  0.0,     ,  2.0, 0.0,      ,    6.0,   1.0,   0.0,     1.0,     4.0,        ,        ,        ,        ,        ,     1.0,      
nesteer01, 1966,     1, CHI , NHL , R  , 68.0, 14.0,  23.0,  37.0,  38.0,      ,  1.0,     ,  3.0,     ,  1.0, 1.0,      ,    6.0,   1.0,   2.0,     3.0,     2.0,        ,        ,        ,        ,        ,     0.0,      
nesteer01, 1967,     1, CHI , NHL , C/R, 71.0, 11.0,  25.0,  36.0,  37.0, 3.0  ,  1.0,     ,  2.0,     ,  1.0, 1.0,  93.0,   10.0,   0.0,   1.0,     1.0,     2.0,        ,     0.0,        ,     0.0,        ,     0.0,      
nesteer01, 1968,     1, CHI , NHL , C  , 72.0, 15.0,  17.0,  32.0,  29.0, 5.0  ,  1.0,     ,  3.0,     ,  1.0, 1.0,  90.0,       ,      ,      ,        ,        ,        ,        ,        ,        ,        ,        ,      
nesteer01, 1969,     1, CHI , NHL , R  , 67.0, 16.0,  18.0,  34.0,  26.0, 17.0 ,  3.0,     ,  2.0,     ,  3.0, 1.0, 124.0,    7.0,   1.0,   2.0,     3.0,     4.0,        ,     0.0,        ,     0.0,        ,     0.0,      
nesteer01, 1970,     1, CHI , NHL , R  , 76.0,  8.0,  15.0,  23.0,  28.0, 13.0 ,  1.0,     ,  0.0,     ,  2.0, 0.0,  72.0,   18.0,   0.0,   1.0,     1.0,    19.0,        ,     0.0,        ,     0.0,        ,     0.0,      
nesteer01, 1971,     1, CHI , NHL , R  , 38.0,  4.0,   8.0,  12.0,  27.0, 7.0  ,  1.0,     ,  0.0,     ,  0.0, 0.0,  25.0,    8.0,   0.0,   0.0,     0.0,    11.0,        ,     0.0,        ,     0.0,        ,     0.0,      
nesteer01, 1973,     1, CHC , WHA , R  , 29.0,  2.0,   5.0,   7.0,   8.0,      ,  1.0,     ,  0.0,     ,  0.0,    ,      ,       ,      ,      ,        ,        ,        ,        ,        ,        ,        ,        ,      
nethela01, 1980,     1, NYR , NHL , C  , 33.0, 11.0,  12.0,  23.0,  12.0, 0.0  ,  2.0,     ,  0.0,     ,  0.0, 2.0,  47.0,   14.0,   5.0,   3.0,     8.0,     9.0,        ,     0.0,        ,     0.0,        ,     1.0,      
nethela01, 1981,     1, NYR , NHL , C  ,  5.0,  0.0,   0.0,   0.0,   0.0, -1.0 ,  0.0,     ,  0.0,     ,  0.0, 0.0,   4.0,       ,      ,      ,        ,        ,        ,        ,        ,        ,        ,        ,      
nethela01, 1981,     2, EDM , NHL , C  ,  3.0,  0.0,   2.0,   2.0,   2.0, 1.0  ,  0.0,     ,  0.0,     ,  0.0, 0.0,   1.0,       ,      ,      ,        ,        ,        ,        ,        ,        ,        ,        ,      
neufera01, 1979,     1, HAR , NHL , R  ,  8.0,  1.0,   0.0,   1.0,   0.0, -3.0 ,  0.0,     ,  0.0,     ,  0.0, 0.0,   4.0,    2.0,   1.0,   0.0,     1.0,     0.0,        ,     0.0,        ,     0.0,        ,     0.0,      
neufera01, 1980,     1, HAR , NHL , R  , 52.0,  5.0,  10.0,  15.0,  44.0, 1.0  ,  0.0,     ,  0.0,     ,  0.0, 2.0,  55.0,       ,      ,      ,        ,        ,        ,        ,        ,        ,        ,        ,      
neufera01, 1981,     1, HAR , NHL , R  , 19.0,  4.0,   3.0,   7.0,   4.0, -7.0 ,  1.0,     ,  0.0,     ,  0.0, 0.0,  33.0,       ,      ,      ,        ,        ,        ,        ,        ,        ,        ,        ,      
neufera01, 1982,     1, HAR , NHL , R  , 80.0, 26.0,  31.0,  57.0,  86.0, -34.0,  4.0,     ,  0.0,     ,  1.0, 3.0, 165.0,       ,      ,      ,        ,        ,        ,        ,        ,        ,        ,        ,      
neufera01, 1983,     1, HAR , NHL , R  , 80.0, 27.0,  42.0,  69.0,  97.0, -18.0,  5.0,     ,  0.0,     ,  5.0, 1.0, 163.0,       ,      ,      ,        ,        ,        ,        ,        ,        ,        ,        ,      
neufera01, 1984,     1, HAR , NHL , R  , 76.0, 27.0,  35.0,  62.0, 129.0, -29.0, 12.0,     ,  0.0,     ,  2.0, 0.0, 176.0,       ,      ,      ,        ,        ,        ,        ,        ,        ,        ,        ,      
neufera01, 1985,     1, HAR , NHL , R  , 16.0,  5.0,  10.0,  15.0,  40.0, -3.0 ,  3.0,     ,  0.0,     ,  0.0, 0.0,  35.0,       ,      ,      ,        ,        ,        ,        ,        ,        ,        ,        ,      
neufera01, 1985,     2, WIN , NHL , R  , 60.0, 20.0,  28.0,  48.0,  62.0, -17.0,  7.0,     ,  0.0,     ,  4.0, 0.0, 132.0,    3.0,   2.0,   0.0,     2.0,    10.0, -5.0   ,     1.0,        ,     0.0,        ,     0.0,     5.0
neufera01, 1986,     1, WIN , NHL , R  , 80.0, 18.0,  18.0,  36.0, 105.0, -13.0,  5.0,     ,  0.0,     ,  2.0, 0.0, 134.0,    8.0,   1.0,   1.0,     2.0,    30.0, 0.0    ,     0.0,        ,     0.0,        ,     0.0,     8.0
neufera01, 1987,     1, WIN , NHL , R  , 78.0, 18.0,  18.0,  36.0, 169.0, -29.0,  9.0,  8.0,  0.0,  0.0,  2.0, 0.0, 115.0,    5.0,   2.0,   2.0,     4.0,     6.0, 1.0    ,     1.0,     0.0,     0.0,     0.0,     0.0,    12.0
neufera01, 1988,     1, WIN , NHL , L  , 31.0,  5.0,   2.0,   7.0,  52.0, -9.0 ,  0.0,  0.0,  0.0,  0.0,  0.0, 0.0,  47.0,       ,      ,      ,        ,        ,        ,        ,        ,        ,        ,        ,      
neufera01, 1988,     2, BOS , NHL , L  , 14.0,  1.0,   3.0,   4.0,  28.0, -2.0 ,  0.0,  0.0,  0.0,  0.0,  0.0, 0.0,  16.0,   10.0,   2.0,   3.0,     5.0,     9.0, 3.0    ,     0.0,     0.0,     0.0,     0.0,     1.0,    14.0
neufera01, 1989,     1, BOS , NHL , R  ,  1.0,  0.0,   0.0,   0.0,   0.0, 0.0  ,  0.0,  0.0,  0.0,  0.0,  0.0, 0.0,   1.0,       ,      ,      ,        ,        ,        ,        ,        ,        ,        ,        ,      
neuvimi01, 2008,     1, WAS , NHL , G  ,  5.0,  0.0,   0.0,   0.0,   0.0, 0.0  ,  0.0,  0.0,  0.0,  0.0,  0.0,    ,   0.0,       ,      ,      ,        ,        ,        ,        ,        ,        ,        ,        ,      
neuvimi01, 2009,     1, WAS , NHL , G  , 17.0,  0.0,   0.0,   0.0,   0.0, 0.0  ,  0.0,  0.0,  0.0,  0.0,  0.0,    ,   0.0,       ,      ,      ,        ,        ,        ,        ,        ,        ,        ,        ,      
nevilmi01, 1924,     1, TRS , NHL , F  , 13.0,  1.0,   2.0,   3.0,   4.0,      ,     ,     ,     ,     ,     ,    ,      ,    2.0,   0.0,   0.0,     0.0,     0.0,        ,        ,        ,        ,        ,        ,      
nevilmi01, 1925,     1, TRS , NHL , C  , 33.0,  3.0,   3.0,   6.0,   8.0,      ,     ,     ,     ,     ,     ,    ,      ,       ,      ,      ,        ,        ,        ,        ,        ,        ,        ,        ,      
nevilmi01, 1930,     1, NYA , NHL , C  , 19.0,  1.0,   0.0,   1.0,   2.0,      ,     ,     ,     ,     ,     ,    ,      ,       ,      ,      ,        ,        ,        ,        ,        ,        ,        ,        ,      
nevinbo01, 1957,     1, TOR , NHL , R  ,  4.0,  0.0,   0.0,   0.0,   0.0,      ,     ,     ,     ,     ,     ,    ,      ,       ,      ,      ,        ,        ,        ,        ,        ,        ,        ,        ,      
nevinbo01, 1958,     1, TOR , NHL , R  ,  2.0,  0.0,   0.0,   0.0,   2.0,      ,     ,     ,     ,     ,     ,    ,      ,       ,      ,      ,        ,        ,        ,        ,        ,        ,        ,        ,      
nevinbo01, 1960,     1, TOR , NHL , R  , 68.0, 21.0,  37.0,  58.0,  13.0,      ,     ,     ,     ,     ,     ,    ,      ,    5.0,   1.0,   0.0,     1.0,     2.0,        ,        ,        ,        ,        ,     0.0,      
nevinbo01, 1961,     1, TOR , NHL , R  , 69.0, 15.0,  30.0,  45.0,  10.0,      ,     ,     ,     ,     ,     ,    ,      ,   12.0,   2.0,   4.0,     6.0,     6.0,        ,        ,        ,        ,        ,     0.0,      
nevinbo01, 1962,     1, TOR , NHL , R  , 58.0, 12.0,  21.0,  33.0,   4.0,      ,     ,     ,     ,     ,     ,    ,      ,   10.0,   3.0,   0.0,     3.0,     2.0,        ,        ,        ,        ,        ,     2.0,      
nevinbo01, 1963,     1, TOR , NHL , R  , 49.0,  7.0,  12.0,  19.0,  26.0,      ,  1.0,     ,  1.0,     ,  1.0, 1.0,      ,       ,      ,      ,        ,        ,        ,        ,        ,        ,        ,        ,      
nevinbo01, 1963,     2, NYR , NHL , R  , 14.0,  5.0,   4.0,   9.0,   9.0,      ,  2.0,     ,  0.0,     ,  0.0, 0.0,      ,       ,      ,      ,        ,        ,        ,        ,        ,        ,        ,        ,      
nevinbo01, 1964,     1, NYR , NHL , R  , 64.0, 16.0,  14.0,  30.0,  28.0,      ,  6.0,     ,  2.0,     ,  3.0, 4.0,      ,       ,      ,      ,        ,        ,        ,        ,        ,        ,        ,        ,      
nevinbo01, 1965,     1, NYR , NHL , R  , 69.0, 29.0,  33.0,  62.0,  10.0,      ,  8.0,     ,  1.0,     ,  2.0, 0.0,      ,       ,      ,      ,        ,        ,        ,        ,        ,        ,        ,        ,      
nevinbo01, 1966,     1, NYR , NHL , R  , 67.0, 20.0,  24.0,  44.0,   6.0,      ,  2.0,     ,  0.0,     ,  4.0, 1.0,      ,    4.0,   0.0,   3.0,     3.0,     2.0,        ,        ,        ,        ,        ,     0.0,      
nevinbo01, 1967,     1, NYR , NHL , R  , 74.0, 28.0,  30.0,  58.0,  20.0, 15.0 ,  3.0,     ,  0.0,     ,  4.0, 1.0, 217.0,    6.0,   0.0,   3.0,     3.0,     4.0,        ,     0.0,        ,     0.0,        ,     0.0,      
nevinbo01, 1968,     1, NYR , NHL , R  , 71.0, 31.0,  25.0,  56.0,  14.0, 3.0  , 11.0,     ,  0.0,     ,  6.0, 2.0, 236.0,    4.0,   0.0,   2.0,     2.0,     0.0,        ,     0.0,        ,     0.0,        ,     0.0,      
nevinbo01, 1969,     1, NYR , NHL , R  , 68.0, 18.0,  19.0,  37.0,   8.0, 1.0  ,  3.0,     ,  1.0,     ,  4.0, 1.0, 126.0,    6.0,   1.0,   1.0,     2.0,     2.0,        ,     1.0,        ,     0.0,        ,     0.0,      
nevinbo01, 1970,     1, NYR , NHL , R  , 78.0, 21.0,  25.0,  46.0,  10.0, 17.0 ,  3.0,     ,  0.0,     ,  3.0, 1.0, 154.0,   13.0,   5.0,   3.0,     8.0,     0.0,        ,     1.0,        ,     0.0,        ,     1.0,      
nevinbo01, 1971,     1, MNS , NHL , R  , 72.0, 15.0,  19.0,  34.0,   6.0, 7.0  ,  2.0,     ,  0.0,     ,  2.0, 0.0,  96.0,    7.0,   1.0,   1.0,     2.0,     0.0,        ,     0.0,        ,     0.0,        ,     0.0,      
nevinbo01, 1972,     1, MNS , NHL , R  , 66.0,  5.0,  13.0,  18.0,   0.0, -12.0,  0.0,     ,  0.0,     ,  1.0, 0.0,  55.0,       ,      ,      ,        ,        ,        ,        ,        ,        ,        ,        ,      
nevinbo01, 1973,     1, LAK , NHL , R  , 78.0, 20.0,  30.0,  50.0,  12.0, 8.0  ,  5.0,     ,  0.0,     ,  6.0, 3.0, 127.0,    5.0,   1.0,   0.0,     1.0,     2.0,        ,     0.0,        ,     0.0,        ,     0.0,      
nevinbo01, 1974,     1, LAK , NHL , R  , 80.0, 31.0,  41.0,  72.0,  19.0, 36.0 ,  7.0,     ,  2.0,     ,  3.0, 0.0, 157.0,    3.0,   0.0,   0.0,     0.0,     0.0,        ,     0.0,        ,     0.0,        ,     0.0,      
nevinbo01, 1975,     1, LAK , NHL , R  , 77.0, 13.0,  42.0,  55.0,  14.0, 10.0 ,  2.0,     ,  1.0,     ,  0.0, 1.0, 121.0,    9.0,   2.0,   1.0,     3.0,     4.0,        ,     0.0,        ,     0.0,        ,     1.0,      
nevinbo01, 1976,     1, EDO , WHA , R  , 13.0,  3.0,   2.0,   5.0,   0.0, -8.0 ,  1.0,     ,  0.0,     ,     ,    ,  15.0,       ,      ,      ,        ,        ,        ,        ,        ,        ,        ,        ,      
newbejo01, 1982,     1, MTL , NHL , C  ,     ,     ,      ,      ,      ,      ,     ,     ,     ,     ,     ,    ,      ,    2.0,   0.0,   0.0,     0.0,     0.0,        ,     0.0,        ,     0.0,        ,     0.0,      
newbejo01, 1983,     1, MTL , NHL , C  ,  3.0,  0.0,   0.0,   0.0,   0.0, 0.0  ,  0.0,     ,  0.0,     ,  0.0, 0.0,   2.0,       ,      ,      ,        ,        ,        ,        ,        ,        ,        ,        ,      
newbejo01, 1984,     1, MTL , NHL , C  , 16.0,  0.0,   4.0,   4.0,   6.0, 3.0  ,  0.0,     ,  0.0,     ,  0.0, 0.0,  12.0,       ,      ,      ,        ,        ,        ,        ,        ,        ,        ,        ,      
newbejo01, 1985,     1, HAR , NHL , C  ,  3.0,  0.0,   0.0,   0.0,   0.0, -4.0 ,  0.0,     ,  0.0,     ,  0.0, 0.0,   4.0,       ,      ,      ,        ,        ,        ,        ,        ,        ,        ,        ,      
newbukr01, 2006,     1, TOR , NHL , C  , 15.0,  2.0,   2.0,   4.0,  26.0, 4.0  ,  0.0,  0.0,  0.0,  0.0,  0.0,    ,  30.0,       ,      ,      ,        ,        ,        ,        ,        ,        ,        ,        ,      
newbukr01, 2007,     1, TOR , NHL , C  , 28.0,  1.0,   1.0,   2.0,  32.0, -7.0 ,  0.0,  0.0,  0.0,  0.0,  0.0,    ,  14.0,       ,      ,      ,        ,        ,        ,        ,        ,        ,        ,        ,      
newbukr01, 2008,     1, TOR , NHL , C  ,  1.0,  0.0,   0.0,   0.0,   2.0, 0.0  ,  0.0,  0.0,  0.0,  0.0,  0.0,    ,   0.0,       ,      ,      ,        ,        ,        ,        ,        ,        ,        ,        ,      
newbukr01, 2009,     1, DET , NHL , C  ,  4.0,  1.0,   0.0,   1.0,   4.0, 1.0  ,  0.0,  0.0,  0.0,  0.0,  0.0,    ,   3.0,       ,      ,      ,        ,        ,        ,        ,        ,        ,        ,        ,      
newelab01, 1921,     1, SMJ , WCHL, D  , 16.0,  8.0,   3.0,  11.0,  12.0,      ,     ,     ,     ,     ,     ,    ,      ,       ,      ,      ,        ,        ,        ,        ,        ,        ,        ,        ,      
newelab01, 1922,     1, VAM , PCHA, D  ,  8.0,  2.0,   1.0,   3.0,   2.0,      ,     ,     ,     ,     ,     ,    ,      ,       ,      ,      ,        ,        ,        ,        ,        ,        ,        ,        ,      
newelab01, 1922,     2, EDE , WCHL, D  , 13.0,  4.0,   2.0,   6.0,  22.0,      ,     ,     ,     ,     ,     ,    ,      ,    1.0,   0.0,   0.0,     0.0,     0.0,        ,        ,        ,        ,        ,        ,      
newelab01, 1923,     1, REG , WCHL, D  , 26.0,  5.0,   4.0,   9.0,  28.0,      ,     ,     ,     ,     ,     ,    ,      ,    2.0,   0.0,   0.0,     0.0,     2.0,        ,        ,        ,        ,        ,        ,      
newelab01, 1924,     1, REG , WCHL, D  , 25.0, 12.0,   5.0,  17.0,  98.0,      ,     ,     ,     ,     ,     ,    ,      ,       ,      ,      ,        ,        ,        ,        ,        ,        ,        ,        ,      
newelri01, 1972,     1, DET , NHL , D  ,  3.0,  0.0,   0.0,   0.0,   0.0, -1.0 ,  0.0,     ,  0.0,     ,  0.0, 0.0,   0.0,       ,      ,      ,        ,        ,        ,        ,        ,        ,        ,        ,      
newelri01, 1973,     1, DET , NHL , D  ,  3.0,  0.0,   0.0,   0.0,   0.0, -1.0 ,  0.0,     ,  0.0,     ,  0.0, 0.0,   1.0,       ,      ,      ,        ,        ,        ,        ,        ,        ,        ,        ,      
newelri01, 1974,     1, PHR , WHA , D  , 25.0,  0.0,   4.0,   4.0,  39.0, 3.0  ,  0.0,     ,  0.0,     ,  0.0,    ,  24.0,    5.0,   0.0,   1.0,     1.0,     2.0,        ,     0.0,        ,     0.0,        ,     0.0,      
newmada01, 1976,     1, NYR , NHL , L  , 41.0,  9.0,   8.0,  17.0,  37.0, -4.0 ,  0.0,     ,  0.0,     ,  1.0, 0.0,  67.0,       ,      ,      ,        ,        ,        ,        ,        ,        ,        ,        ,      
newmada01, 1977,     1, NYR , NHL , L  , 59.0,  5.0,  13.0,  18.0,  22.0, -11.0,  0.0,     ,  0.0,     ,  1.0, 0.0,  81.0,    3.0,   0.0,   0.0,     0.0,     4.0,        ,     0.0,        ,     0.0,        ,     0.0,      
newmada01, 1978,     1, MTL , NHL , L  , 16.0,  0.0,   2.0,   2.0,   4.0, -1.0 ,  0.0,     ,  0.0,     ,  0.0, 0.0,   9.0,       ,      ,      ,        ,        ,        ,        ,        ,        ,        ,        ,      
newmada01, 1979,     1, EDM , NHL , L  , 10.0,  3.0,   1.0,   4.0,   0.0, -1.0 ,  0.0,     ,  0.0,     ,  0.0, 0.0,  16.0,       ,      ,      ,        ,        ,        ,        ,        ,        ,        ,        ,      
newmajo01, 1930,     1, DTF , NHL , C  ,  8.0,  1.0,   1.0,   2.0,   0.0,      ,     ,     ,     ,     ,     ,    ,      ,       ,      ,      ,        ,        ,        ,        ,        ,        ,        ,        ,      
newtoca01, 1970,     1, PIT , NHL , G  ,  5.0,  0.0,   0.0,   0.0,   4.0, 0.0  ,  0.0,     ,  0.0,     ,  0.0, 0.0,   0.0,       ,      ,      ,        ,        ,        ,        ,        ,        ,        ,        ,      
newtoca01, 1972,     1, PIT , NHL , G  , 11.0,  0.0,   1.0,   1.0,   2.0, 0.0  ,  0.0,     ,  0.0,     ,  0.0, 0.0,   0.0,       ,      ,      ,        ,        ,        ,        ,        ,        ,        ,        ,      
newtoca01, 1973,     1, CHC , WHA , G  , 45.0,  0.0,   1.0,   1.0,   0.0,      ,  0.0,     ,  0.0,     ,  0.0,    ,      ,   10.0,   0.0,   0.0,     0.0,     0.0,        ,        ,        ,        ,        ,     0.0,      
newtoca01, 1974,     1, CHC , WHA , G  , 32.0,  0.0,   0.0,   0.0,   0.0,      ,  0.0,     ,  0.0,     ,  0.0,    ,   0.0,       ,      ,      ,        ,        ,        ,        ,        ,        ,        ,        ,      
newtoca01, 1975,     1, DOT , WHA , G  , 10.0,  0.0,   0.0,   0.0,   0.0, 0.0  ,  0.0,     ,  0.0,     ,  0.0,    ,   0.0,       ,      ,      ,        ,        ,        ,        ,        ,        ,        ,        ,      
newtoca01, 1975,     2, CLC , WHA , G  , 15.0,  0.0,   1.0,   1.0,   0.0, 0.0  ,  0.0,     ,  0.0,     ,  0.0,    ,   0.0,    1.0,   0.0,   0.0,     0.0,     0.0, 0.0    ,        ,        ,        ,        ,     0.0,      
nichoal01, 1955,     1, BOS , NHL , L  , 14.0,  0.0,   0.0,   0.0,   4.0,      ,     ,     ,     ,     ,     ,    ,      ,       ,      ,      ,        ,        ,        ,        ,        ,        ,        ,        ,      
nichoal01, 1956,     1, BOS , NHL , L  ,  5.0,  0.0,   1.0,   1.0,   0.0,      ,     ,     ,     ,     ,     ,    ,      ,       ,      ,      ,        ,        ,        ,        ,        ,        ,        ,        ,      
nichobe01, 1981,     1, LAK , NHL , C  , 22.0, 14.0,  18.0,  32.0,  27.0, 2.0  ,  8.0,     ,  1.0,     ,  1.0, 0.0,  63.0,   10.0,   4.0,   0.0,     4.0,    23.0,        ,     0.0,        ,     0.0,        ,     1.0,      
nichobe01, 1982,     1, LAK , NHL , C  , 71.0, 28.0,  22.0,  50.0, 124.0, -23.0, 12.0,     ,  0.0,     ,  3.0, 1.0, 171.0,       ,      ,      ,        ,        ,        ,        ,        ,        ,        ,        ,      
nichobe01, 1983,     1, LAK , NHL , C  , 78.0, 41.0,  54.0,  95.0,  83.0, -21.0,  8.0,     ,  4.0,     ,  2.0, 1.0, 255.0,       ,      ,      ,        ,        ,        ,        ,        ,        ,        ,        ,      
nichobe01, 1984,     1, LAK , NHL , C  , 80.0, 46.0,  54.0, 100.0,  76.0, -4.0 , 15.0,     ,  0.0,     ,  6.0, 3.0, 329.0,    3.0,   1.0,   1.0,     2.0,     9.0, -2.0   ,     0.0,        ,     0.0,        ,     0.0,    15.0
nichobe01, 1985,     1, LAK , NHL , C  , 80.0, 36.0,  61.0,  97.0,  78.0, -5.0 , 10.0,     ,  4.0,     ,  0.0, 0.0, 281.0,       ,      ,      ,        ,        ,        ,        ,        ,        ,        ,        ,      
nichobe01, 1986,     1, LAK , NHL , C  , 80.0, 33.0,  48.0,  81.0, 101.0, -16.0, 10.0,     ,  1.0,     ,  2.0, 1.0, 227.0,    5.0,   2.0,   5.0,     7.0,     6.0, 1.0    ,     1.0,        ,     0.0,        ,     0.0,    16.0
nichobe01, 1987,     1, LAK , NHL , C  , 65.0, 32.0,  46.0,  78.0, 114.0, 2.0  ,  8.0, 22.0,  7.0,  0.0,  1.0, 1.0, 236.0,    5.0,   2.0,   6.0,     8.0,    11.0, -3.0   ,     1.0,     4.0,     0.0,     0.0,     0.0,    22.0
nichobe01, 1988,     1, LAK , NHL , C  , 79.0, 70.0,  80.0, 150.0,  96.0, 30.0 , 21.0, 28.0,  8.0,  6.0,  6.0, 0.0, 385.0,   11.0,   7.0,   9.0,    16.0,    12.0, -2.0   ,     3.0,     6.0,     0.0,     0.0,     1.0,    50.0
nichobe01, 1989,     1, LAK , NHL , C  , 47.0, 27.0,  48.0,  75.0,  66.0, -6.0 ,  8.0,     ,  0.0,     ,  1.0, 0.0, 172.0,       ,      ,      ,        ,        ,        ,        ,        ,        ,        ,        ,      
nichobe01, 1989,     2, NYR , NHL , C  , 32.0, 12.0,  25.0,  37.0,  20.0, -3.0 ,  7.0,     ,  0.0,     ,  0.0, 0.0, 115.0,   10.0,   7.0,   5.0,    12.0,    16.0, 1.0    ,     3.0,     2.0,     0.0,     0.0,     0.0,    30.0
nichobe01, 1990,     1, NYR , NHL , C  , 71.0, 25.0,  48.0,  73.0,  96.0, 5.0  ,  8.0, 22.0,  0.0,  0.0,  2.0, 0.0, 163.0,    5.0,   4.0,   3.0,     7.0,     8.0, 0.0    ,     0.0,     2.0,     0.0,     0.0,     1.0,    24.0
nichobe01, 1991,     1, NYR , NHL , C  ,  1.0,  0.0,   0.0,   0.0,   0.0, -1.0 ,  0.0,  0.0,  0.0,  0.0,  0.0, 0.0,   2.0,       ,      ,      ,        ,        ,        ,        ,        ,        ,        ,        ,      
nichobe01, 1991,     2, EDM , NHL , C  , 49.0, 20.0,  29.0,  49.0,  60.0, 5.0  ,  7.0, 11.0,  0.0,  0.0,  2.0, 0.0, 115.0,   16.0,   8.0,  11.0,    19.0,    25.0, 2.0    ,     4.0,     5.0,     0.0,     0.0,     1.0,    32.0
nichobe01, 1992,     1, EDM , NHL , C  , 46.0,  8.0,  32.0,  40.0,  40.0, -16.0,  4.0, 15.0,  0.0,  0.0,  1.0, 0.0,  86.0,       ,      ,      ,        ,        ,        ,        ,        ,        ,        ,        ,      
nichobe01, 1992,     2, NJD , NHL , C  , 23.0,  5.0,  15.0,  20.0,  40.0, 3.0  ,  1.0,  6.0,  0.0,  0.0,  0.0, 0.0,  46.0,    5.0,   0.0,   0.0,     0.0,     6.0, -5.0   ,     0.0,     0.0,     0.0,     0.0,     0.0,     3.0
nichobe01, 1993,     1, NJD , NHL , C  , 61.0, 19.0,  27.0,  46.0,  86.0, 24.0 ,  3.0,  8.0,  0.0,  2.0,  1.0, 1.0, 142.0,   16.0,   4.0,   9.0,    13.0,    28.0, 3.0    ,     2.0,     2.0,     1.0,     0.0,     0.0,    37.0
nichobe01, 1994,     1, CHI , NHL , C  , 48.0, 22.0,  29.0,  51.0,  32.0, 4.0  , 11.0, 16.0,  2.0,  0.0,  5.0, 0.0, 114.0,   16.0,   1.0,  11.0,    12.0,     8.0, 0.0    ,     1.0,     3.0,     0.0,     1.0,     0.0,    28.0
nichobe01, 1995,     1, CHI , NHL , C  , 59.0, 19.0,  41.0,  60.0,  60.0, 11.0 ,  6.0, 16.0,  0.0,  1.0,  2.0, 2.0, 100.0,   10.0,   2.0,   7.0,     9.0,     4.0, 3.0    ,     1.0,     2.0,     0.0,     0.0,     0.0,    11.0
nichobe01, 1996,     1, SJS , NHL , C  , 65.0, 12.0,  33.0,  45.0,  63.0, -21.0,  2.0, 12.0,  1.0,  3.0,  0.0, 1.0, 137.0,       ,      ,      ,        ,        ,        ,        ,        ,        ,        ,        ,      
nichobe01, 1997,     1, SJS , NHL , C  , 60.0,  6.0,  22.0,  28.0,  26.0, -4.0 ,  3.0,  6.0,  0.0,  0.0,  0.0, 0.0,  81.0,    6.0,   0.0,   5.0,     5.0,     8.0, -2.0   ,     0.0,     3.0,     0.0,     0.0,     0.0,     6.0
nichobe01, 1998,     1, SJS , NHL , C  , 10.0,  0.0,   2.0,   2.0,   4.0, -4.0 ,  0.0,  2.0,  0.0,  0.0,  0.0, 0.0,  11.0,       ,      ,      ,        ,        ,        ,        ,        ,        ,        ,        ,      
nichobi01, 1909,     1, HAI , NHA , G  ,  1.0,  0.0,   0.0,   0.0,   0.0,      ,     ,     ,     ,     ,     ,    ,      ,       ,      ,      ,        ,        ,        ,        ,        ,        ,        ,        ,      
nichobi01, 1912,     1, TO1 , NHA , G  , 20.0,  0.0,   0.0,   0.0,   0.0,      ,     ,     ,     ,     ,     ,    ,      ,       ,      ,      ,        ,        ,        ,        ,        ,        ,        ,        ,      
nichobi01, 1913,     1, MOW , NHA , G  , 11.0,  0.0,   0.0,   0.0,   2.0,      ,     ,     ,     ,     ,     ,    ,      ,       ,      ,      ,        ,        ,        ,        ,        ,        ,        ,        ,      
nichobi01, 1916,     1, TBS , NHA , G  , 10.0,  0.0,   0.0,   0.0,   0.0,      ,     ,     ,     ,     ,     ,    ,      ,       ,      ,      ,        ,        ,        ,        ,        ,        ,        ,        ,      
nichoed01, 1947,     1, DET , NHL , D  ,  1.0,  0.0,   0.0,   0.0,   0.0,      ,     ,     ,     ,     ,     ,    ,      ,       ,      ,      ,        ,        ,        ,        ,        ,        ,        ,        ,      
nichohi01, 1937,     1, CHI , NHL , L  ,  2.0,  1.0,   0.0,   1.0,   0.0,      ,     ,     ,     ,     ,     ,    ,      ,       ,      ,      ,        ,        ,        ,        ,        ,        ,        ,        ,      
nichone01, 1969,     1, OAK , NHL , D  ,     ,     ,      ,      ,      ,      ,     ,     ,     ,     ,     ,    ,      ,    2.0,   0.0,   0.0,     0.0,     0.0,        ,     0.0,        ,     0.0,        ,     0.0,      
nichone01, 1972,     1, NYI , NHL , D  , 30.0,  3.0,   1.0,   4.0,  23.0, -22.0,  0.0,     ,  0.0,     ,  0.0, 0.0,  51.0,       ,      ,      ,        ,        ,        ,        ,        ,        ,        ,        ,      
nichone01, 1973,     1, NYI , NHL , D  ,  8.0,  0.0,   0.0,   0.0,   0.0, 2.0  ,  0.0,     ,  0.0,     ,  0.0, 0.0,   2.0,       ,      ,      ,        ,        ,        ,        ,        ,        ,        ,        ,      
nichone01, 1977,     1, NYI , NHL , D  ,  1.0,  0.0,   0.0,   0.0,   0.0, 2.0  ,  0.0,     ,  0.0,     ,  0.0, 0.0,   2.0,       ,      ,      ,        ,        ,        ,        ,        ,        ,        ,        ,      
nichopa01, 1974,     1, WAS , NHL , L  , 39.0,  4.0,   5.0,   9.0,   7.0, -29.0,  0.0,     ,  0.0,     ,  1.0, 0.0,  46.0,       ,      ,      ,        ,        ,        ,        ,        ,        ,        ,        ,      
nichopa01, 1975,     1, WAS , NHL , L  , 14.0,  0.0,   2.0,   2.0,   9.0, -4.0 ,  0.0,     ,  0.0,     ,  0.0, 0.0,  10.0,       ,      ,      ,        ,        ,        ,        ,        ,        ,        ,        ,      
nichopa01, 1976,     1, WAS , NHL , L  ,  9.0,  0.0,   1.0,   1.0,   2.0, -6.0 ,  0.0,     ,  0.0,     ,  0.0, 0.0,  16.0,       ,      ,      ,        ,        ,        ,        ,        ,        ,        ,        ,      
nichosc01, 1995,     1, BUF , NHL , C  ,  2.0,  0.0,   0.0,   0.0,  10.0, 0.0  ,  0.0,  0.0,  0.0,  0.0,  0.0, 0.0,   4.0,       ,      ,      ,        ,        ,        ,        ,        ,        ,        ,        ,      
nichosc01, 1997,     1, BUF , NHL , C  ,  3.0,  0.0,   0.0,   0.0,   4.0, 0.0  ,  0.0,  0.0,  0.0,  0.0,  0.0, 0.0,   5.0,       ,      ,      ,        ,        ,        ,        ,        ,        ,        ,        ,      
nichosc01, 2001,     1, CAL , NHL , C  , 60.0,  8.0,   9.0,  17.0, 107.0, -9.0 ,  2.0,  2.0,  1.0,  1.0,  0.0, 0.0,  49.0,       ,      ,      ,        ,        ,        ,        ,        ,        ,        ,        ,      
nichosc01, 2002,     1, CAL , NHL , C  , 68.0,  5.0,   5.0,  10.0, 149.0, -7.0 ,  0.0,  0.0,  1.0,  0.0,  0.0, 0.0,  66.0,       ,      ,      ,        ,        ,        ,        ,        ,        ,        ,        ,      
nichosc01, 2003,     1, CHI , NHL , C  , 75.0,  7.0,  11.0,  18.0, 145.0, -16.0,  0.0,  0.0,  0.0,  0.0,  1.0, 0.0, 112.0,       ,      ,      ,        ,        ,        ,        ,        ,        ,        ,        ,      
nichosc01, 2005,     1, NAS , NHL , C  , 34.0,  3.0,   3.0,   6.0,  79.0, 3.0  ,  0.0,  0.0,  1.0,  0.0,  0.0,    ,  32.0,    3.0,   0.0,   0.0,     0.0,     2.0, -2.0   ,     0.0,     0.0,     0.0,     0.0,     0.0,     2.0
nichosc01, 2006,     1, NAS , NHL , C  , 59.0,  7.0,   6.0,  13.0,  79.0, 7.0  ,  1.0,  1.0,  1.0,  0.0,  2.0,    ,  58.0,    5.0,   0.0,   0.0,     0.0,    17.0, 1.0    ,     0.0,     0.0,     0.0,     0.0,     0.0,     3.0
nichosc01, 2007,     1, NAS , NHL , C  , 73.0, 10.0,   8.0,  18.0,  72.0, 12.0 ,  0.0,  1.0,  2.0,  0.0,  1.0,    , 101.0,    2.0,   0.0,   0.0,     0.0,     0.0, 0.0    ,     0.0,     0.0,     0.0,     0.0,     0.0,     1.0
nichosc01, 2008,     1, NAS , NHL , C  , 43.0,  4.0,   6.0,  10.0,  41.0, 0.0  ,  0.0,  0.0,  0.0,  3.0,  0.0,    ,  42.0,       ,      ,      ,        ,        ,        ,        ,        ,        ,        ,        ,      
nichosc01, 2009,     1, SJS , NHL , C  , 79.0,  4.0,  15.0,  19.0,  72.0, 0.0  ,  0.0,  1.0,  1.0,  1.0,  0.0,    ,  93.0,   15.0,   1.0,   1.0,     2.0,    17.0, -1.0   ,     0.0,     0.0,     0.0,     0.0,     0.0,    21.0
nichosi01, 1911,     1, VML , PCHA, L  , 15.0, 19.0,   0.0,  19.0,  36.0,      ,     ,     ,     ,     ,     ,    ,      ,       ,      ,      ,        ,        ,        ,        ,        ,        ,        ,        ,      
nichosi01, 1912,     1, VML , PCHA, L  ,  1.0,  0.0,   0.0,   0.0,   0.0,      ,     ,     ,     ,     ,     ,    ,      ,       ,      ,      ,        ,        ,        ,        ,        ,        ,        ,        ,      
nichosi01, 1913,     1, VML , PCHA, L  , 12.0, 14.0,   7.0,  21.0,  18.0,      ,     ,     ,     ,     ,     ,    ,      ,       ,      ,      ,        ,        ,        ,        ,        ,        ,        ,        ,      
nichosi01, 1915,     1, VML , PCHA, L  ,  1.0,  0.0,   0.0,   0.0,   0.0,      ,     ,     ,     ,     ,     ,    ,      ,       ,      ,      ,        ,        ,        ,        ,        ,        ,        ,        ,      
nichosi01, 1915,     2, VA1 , PCHA, L  , 11.0, 13.0,   8.0,  21.0,   3.0,      ,     ,     ,     ,     ,     ,    ,      ,       ,      ,      ,        ,        ,        ,        ,        ,        ,        ,        ,      
nichosi01, 1916,     1, SPO , PCHA, L  , 22.0, 10.0,  11.0,  21.0,  68.0,      ,     ,     ,     ,     ,     ,    ,      ,       ,      ,      ,        ,        ,        ,        ,        ,        ,        ,        ,      
nichosi01, 1919,     1, SEA , PCHA, L  , 14.0,  0.0,   0.0,   0.0,   3.0,      ,     ,     ,     ,     ,     ,    ,      ,    2.0,   0.0,   0.0,     0.0,     0.0,        ,        ,        ,        ,        ,        ,      
nickuer01, 1998,     1, BOS , NHL , C  ,  2.0,  0.0,   0.0,   0.0,   0.0, 0.0  ,  0.0,  0.0,  0.0,  0.0,  0.0, 0.0,   0.0,    1.0,   0.0,   0.0,     0.0,     2.0, 0.0    ,     0.0,     0.0,     0.0,     0.0,     0.0,     0.0
nickuer01, 1999,     1, BOS , NHL , R  , 20.0,  5.0,   6.0,  11.0,  12.0, -1.0 ,  1.0,  1.0,  0.0,  0.0,  0.0, 0.0,  28.0,       ,      ,      ,        ,        ,        ,        ,        ,        ,        ,        ,      
nickuer01, 2000,     1, BOS , NHL , C  ,  7.0,  0.0,   0.0,   0.0,   4.0, -2.0 ,  0.0,  0.0,  0.0,  0.0,  0.0, 0.0,   6.0,       ,      ,      ,        ,        ,        ,        ,        ,        ,        ,        ,      
nickuer01, 2002,     1, STL , NHL , R  ,  8.0,  0.0,   1.0,   1.0,   6.0, -2.0 ,  0.0,  0.0,  0.0,  0.0,  0.0, 0.0,   3.0,       ,      ,      ,        ,        ,        ,        ,        ,        ,        ,        ,      
nickuer01, 2003,     1, STL , NHL , L  , 44.0,  7.0,  11.0,  18.0,  44.0, -2.0 ,  1.0,  4.0,  0.0,  0.0,  1.0, 0.0,  80.0,       ,      ,      ,        ,        ,        ,        ,        ,        ,        ,        ,      
nickuer01, 2003,     2, CHI , NHL , L  , 21.0,  1.0,   1.0,   2.0,   8.0, -6.0 ,  0.0,  0.0,  0.0,  0.0,  0.0, 0.0,  41.0,       ,      ,      ,        ,        ,        ,        ,        ,        ,        ,        ,      
nickuer01, 2005,     1, BOS , NHL , R  , 16.0,  2.0,   4.0,   6.0,   8.0, 2.0  ,  0.0,  0.0,  0.0,  0.0,  0.0,    ,  14.0,       ,      ,      ,        ,        ,        ,        ,        ,        ,        ,        ,      
nicolgr01, 1978,     1, BOS , NHL , D  ,  1.0,  0.0,   0.0,   0.0,   0.0, 0.0  ,  0.0,     ,  0.0,     ,  0.0, 0.0,   0.0,       ,      ,      ,        ,        ,        ,        ,        ,        ,        ,        ,      
nicolgr01, 1981,     1, COR , NHL , D  , 41.0,  2.0,   7.0,   9.0,  51.0, -16.0,  0.0,     ,  0.0,     ,  0.0, 0.0,  39.0,       ,      ,      ,        ,        ,        ,        ,        ,        ,        ,        ,      
nicolgr01, 1982,     1, NYR , NHL , D  , 10.0,  0.0,   0.0,   0.0,   9.0, -5.0 ,  0.0,     ,  0.0,     ,  0.0, 0.0,   3.0,       ,      ,      ,        ,        ,        ,        ,        ,        ,        ,        ,      
nieckba01, 1992,     1, HAR , NHL , L  ,  2.0,  0.0,   0.0,   0.0,   2.0, -2.0 ,  0.0,  0.0,  0.0,  0.0,  0.0, 0.0,   1.0,       ,      ,      ,        ,        ,        ,        ,        ,        ,        ,        ,      
nieckba01, 1994,     1, CAL , NHL , L  ,  3.0,  0.0,   0.0,   0.0,  12.0, 0.0  ,  0.0,  0.0,  0.0,  0.0,  0.0, 0.0,   0.0,       ,      ,      ,        ,        ,        ,        ,        ,        ,        ,        ,      
nieckba01, 1996,     1, ANA , NHL , L  ,  2.0,  0.0,   0.0,   0.0,   5.0, 0.0  ,  0.0,  0.0,  0.0,  0.0,  0.0, 0.0,   0.0,       ,      ,      ,        ,        ,        ,        ,        ,        ,        ,        ,      
nieckba01, 1997,     1, ANA , NHL , L  ,  1.0,  0.0,   0.0,   0.0,   2.0, 0.0  ,  0.0,  0.0,  0.0,  0.0,  0.0, 0.0,   0.0,       ,      ,      ,        ,        ,        ,        ,        ,        ,        ,        ,      
niedero01, 1993,     1, FLO , NHL , C  , 65.0,  9.0,  17.0,  26.0,  51.0, -11.0,  3.0,  9.0,  0.0,  0.0,  2.0, 0.0,  67.0,       ,      ,      ,        ,        ,        ,        ,        ,        ,        ,        ,      
niedero01, 1994,     1, FLO , NHL , C  , 48.0,  4.0,   6.0,  10.0,  36.0, -13.0,  1.0,  2.0,  0.0,  0.0,  0.0, 0.0,  58.0,       ,      ,      ,        ,        ,        ,        ,        ,        ,        ,        ,      
niedero01, 1995,     1, FLO , NHL , C  , 82.0, 26.0,  35.0,  61.0, 107.0, 1.0  , 11.0, 12.0,  0.0,  0.0,  6.0, 0.0, 155.0,   22.0,   5.0,   3.0,     8.0,    12.0, -8.0   ,     2.0,     1.0,     0.0,     0.0,     2.0,    48.0
niedero01, 1996,     1, FLO , NHL , C  , 60.0, 14.0,  24.0,  38.0,  54.0, 4.0  ,  3.0,  7.0,  0.0,  1.0,  2.0, 0.0, 136.0,    5.0,   2.0,   1.0,     3.0,     6.0, -1.0   ,     1.0,     1.0,     0.0,     0.0,     0.0,     5.0
niedero01, 1997,     1, FLO , NHL , C  , 33.0,  8.0,   7.0,  15.0,  41.0, -9.0 ,  5.0,  1.0,  0.0,  0.0,  2.0, 0.0,  64.0,       ,      ,      ,        ,        ,        ,        ,        ,        ,        ,        ,      
niedero01, 1998,     1, FLO , NHL , C  , 82.0, 18.0,  33.0,  51.0,  50.0, -13.0,  6.0, 10.0,  1.0,  0.0,  3.0, 2.0, 142.0,       ,      ,      ,        ,        ,        ,        ,        ,        ,        ,        ,      
niedero01, 1999,     1, FLO , NHL , C  , 81.0, 10.0,  23.0,  33.0,  46.0, -5.0 ,  1.0,  8.0,  0.0,  0.0,  4.0, 0.0, 135.0,    4.0,   1.0,   0.0,     1.0,     6.0, -1.0   ,     0.0,     0.0,     0.0,     0.0,     0.0,     5.0
niedero01, 2000,     1, FLO , NHL , C  , 67.0, 12.0,  20.0,  32.0,  50.0, -12.0,  3.0,  5.0,  1.0,  1.0,  0.0, 0.0, 115.0,       ,      ,      ,        ,        ,        ,        ,        ,        ,        ,        ,      
niedero01, 2001,     1, CAL , NHL , L  , 57.0,  6.0,  14.0,  20.0,  49.0, -15.0,  1.0,  2.0,  2.0,  0.0,  1.0, 1.0,  87.0,       ,      ,      ,        ,        ,        ,        ,        ,        ,        ,        ,      
niedero01, 2002,     1, CAL , NHL , L  , 54.0,  8.0,  10.0,  18.0,  42.0, -13.0,  2.0,  4.0,  0.0,  0.0,  1.0, 0.0, 104.0,       ,      ,      ,        ,        ,        ,        ,        ,        ,        ,        ,      
niedero01, 2002,     2, ANA , NHL , L  , 12.0,  2.0,   2.0,   4.0,  15.0, 3.0  ,  1.0,  0.0,  0.0,  0.0,  0.0, 0.0,  21.0,   21.0,   3.0,   7.0,    10.0,    18.0, -5.0   ,     0.0,     1.0,     2.0,     0.0,     0.0,    41.0
niedero01, 2003,     1, ANA , NHL , L  , 55.0, 12.0,  16.0,  28.0,  34.0, -6.0 ,  6.0,  3.0,  0.0,  0.0,  2.0, 1.0, 111.0,       ,      ,      ,        ,        ,        ,        ,        ,        ,        ,        ,      
niedero01, 2005,     1, ANA , NHL , C  , 76.0, 15.0,  24.0,  39.0,  89.0, -5.0 ,  4.0, 12.0,  1.0,  0.0,  2.0,    , 140.0,   16.0,   1.0,   3.0,     4.0,    10.0, -1.0   ,     1.0,     0.0,     0.0,     0.0,     0.0,    24.0
niedero01, 2006,     1, AND , NHL , C  , 82.0,  5.0,  11.0,  16.0,  77.0, -8.0 ,  0.0,  0.0,  0.0,  0.0,  0.0,    , 106.0,   21.0,   5.0,   5.0,    10.0,    39.0, 9.0    ,     0.0,     0.0,     1.0,     0.0,     1.0,    42.0
niedero01, 2007,     1, AND , NHL , C  , 78.0,  8.0,   8.0,  16.0,  54.0, 1.0  ,  0.0,  0.0,  1.0,  2.0,  1.0,    , 111.0,    2.0,   0.0,   0.0,     0.0,     0.0, -1.0   ,     0.0,     0.0,     0.0,     0.0,     0.0,     1.0
niedero01, 2008,     1, AND , NHL , C  , 79.0, 14.0,   7.0,  21.0,  42.0, -17.0,  1.0,  0.0,  1.0,  0.0,  2.0,    ,  88.0,   13.0,   0.0,   3.0,     3.0,    12.0, 1.0    ,     0.0,     0.0,     0.0,     0.0,     0.0,     7.0
niedero01, 2009,     1, NJD , NHL , C  , 71.0, 10.0,  12.0,  22.0,  45.0, 3.0  ,  0.0,  1.0,  1.0,  1.0,  0.0,    ,  93.0,    5.0,   0.0,   0.0,     0.0,     6.0, -1.0   ,     0.0,     0.0,     0.0,     0.0,     0.0,     3.0
niedesc01, 1991,     1, NJD , NHL , D  ,  4.0,  0.0,   1.0,   1.0,   2.0, 1.0  ,  0.0,  0.0,  0.0,  0.0,  0.0, 0.0,   4.0,       ,      ,      ,        ,        ,        ,        ,        ,        ,        ,        ,      
niedesc01, 1992,     1, NJD , NHL , D  , 80.0, 11.0,  29.0,  40.0,  47.0, 8.0  ,  5.0, 14.0,  0.0,  0.0,  0.0, 1.0, 131.0,    5.0,   0.0,   3.0,     3.0,     2.0, -3.0   ,     0.0,     2.0,     0.0,     0.0,     0.0,    11.0
niedesc01, 1993,     1, NJD , NHL , D  , 81.0, 10.0,  36.0,  46.0,  42.0, 34.0 ,  5.0,  9.0,  0.0,  1.0,  2.0, 1.0, 135.0,   20.0,   2.0,   2.0,     4.0,     8.0, -1.0   ,     1.0,     0.0,     0.0,     0.0,     0.0,    29.0
niedesc01, 1994,     1, NJD , NHL , D  , 48.0,  4.0,  15.0,  19.0,  18.0, 19.0 ,  4.0,  4.0,  0.0,  1.0,  0.0, 0.0,  52.0,   20.0,   4.0,   7.0,    11.0,    10.0, 11.0   ,     2.0,     1.0,     0.0,     0.0,     1.0,    53.0
niedesc01, 1995,     1, NJD , NHL , D  , 79.0,  8.0,  25.0,  33.0,  46.0, 5.0  ,  6.0, 10.0,  0.0,  3.0,  0.0, 0.0, 179.0,       ,      ,      ,        ,        ,        ,        ,        ,        ,        ,        ,      
niedesc01, 1996,     1, NJD , NHL , D  , 81.0,  5.0,  30.0,  35.0,  64.0, -4.0 ,  3.0, 15.0,  0.0,  0.0,  3.0, 0.0, 159.0,   10.0,   2.0,   4.0,     6.0,     6.0, 0.0    ,     2.0,     3.0,     0.0,     0.0,     1.0,    34.0
niedesc01, 1997,     1, NJD , NHL , D  , 81.0, 14.0,  43.0,  57.0,  27.0, 5.0  , 11.0, 18.0,  0.0,  0.0,  1.0, 0.0, 175.0,    6.0,   0.0,   2.0,     2.0,     4.0, 0.0    ,     0.0,     0.0,     0.0,     1.0,     0.0,    15.0
niedesc01, 1998,     1, NJD , NHL , D  , 72.0, 11.0,  35.0,  46.0,  26.0, 16.0 ,  1.0, 20.0,  1.0,  0.0,  3.0, 0.0, 161.0,    7.0,   1.0,   3.0,     4.0,    18.0, -5.0   ,     1.0,     0.0,     0.0,     0.0,     0.0,    13.0
niedesc01, 1999,     1, NJD , NHL , D  , 71.0,  7.0,  31.0,  38.0,  48.0, 19.0 ,  1.0,  8.0,  0.0,  0.0,  0.0, 0.0, 109.0,   22.0,   5.0,   2.0,     7.0,    10.0, 5.0    ,     0.0,     2.0,     2.0,     0.0,     1.0,    40.0
niedesc01, 2000,     1, NJD , NHL , D  , 57.0,  6.0,  29.0,  35.0,  22.0, 14.0 ,  1.0, 10.0,  0.0,  0.0,  5.0, 0.0,  87.0,   21.0,   0.0,   6.0,     6.0,    14.0, 7.0    ,     0.0,     1.0,     0.0,     0.0,     0.0,    29.0
niedesc01, 2001,     1, NJD , NHL , D  , 76.0, 11.0,  22.0,  33.0,  30.0, 12.0 ,  2.0,  8.0,  0.0,  0.0,  6.0, 0.0, 129.0,    6.0,   0.0,   2.0,     2.0,     6.0, -1.0   ,     0.0,     1.0,     0.0,     0.0,     0.0,     6.0
niedesc01, 2002,     1, NJD , NHL , D  , 81.0, 11.0,  28.0,  39.0,  62.0, 23.0 ,  3.0,  7.0,  0.0,  0.0,  3.0, 0.0, 164.0,   24.0,   2.0,  16.0,    18.0,    16.0, 11.0   ,     1.0,     6.0,     0.0,     0.0,     0.0,    40.0
niedesc01, 2003,     1, NJD , NHL , D  , 81.0, 14.0,  40.0,  54.0,  44.0, 20.0 ,  9.0, 16.0,  0.0,  3.0,  3.0, 0.0, 165.0,    5.0,   1.0,   0.0,     1.0,     6.0, -5.0   ,     0.0,     0.0,     0.0,     0.0,     0.0,    12.0
niedesc01, 2005,     1, ANA , NHL , D  , 82.0, 13.0,  50.0,  63.0,  96.0, 8.0  ,  9.0, 27.0,  0.0,  2.0,  3.0,    , 181.0,   16.0,   2.0,   9.0,    11.0,    14.0, 1.0    ,     1.0,     7.0,     1.0,     0.0,     1.0,    48.0
niedesc01, 2006,     1, AND , NHL , D  , 79.0, 15.0,  54.0,  69.0,  86.0, 6.0  ,  9.0, 25.0,  0.0,  0.0,  3.0,    , 172.0,   21.0,   3.0,   8.0,    11.0,    26.0, 2.0    ,     1.0,     2.0,     0.0,     0.0,     2.0,    42.0
niedesc01, 2007,     1, AND , NHL , D  , 48.0,  8.0,  17.0,  25.0,  16.0, -2.0 ,  7.0,  9.0,  0.0,  1.0,  3.0,    ,  87.0,    6.0,   0.0,   2.0,     2.0,     4.0, -2.0   ,     0.0,     1.0,     0.0,     0.0,     0.0,     7.0
niedesc01, 2008,     1, AND , NHL , D  , 82.0, 14.0,  45.0,  59.0,  70.0, -8.0 ,  9.0, 23.0,  0.0,  4.0,  2.0,    , 178.0,   13.0,   3.0,   7.0,    10.0,    11.0, 0.0    ,     3.0,     3.0,     0.0,     0.0,     2.0,    32.0
niedesc01, 2009,     1, AND , NHL , D  , 80.0, 10.0,  38.0,  48.0,  38.0, -9.0 ,  5.0, 22.0,  0.0,  1.0,  2.0,    , 168.0,       ,      ,      ,        ,        ,        ,        ,        ,        ,        ,        ,      
niekaji01, 1970,     1, DET , NHL , D  , 24.0,  0.0,   2.0,   2.0,  27.0, -14.0,  0.0,     ,  0.0,     ,  0.0, 0.0,  21.0,       ,      ,      ,        ,        ,        ,        ,        ,        ,        ,        ,      
niekaji01, 1971,     1, DET , NHL , D  ,  5.0,  0.0,   0.0,   0.0,  10.0, -3.0 ,  0.0,     ,  0.0,     ,  0.0, 0.0,   2.0,       ,      ,      ,        ,        ,        ,        ,        ,        ,        ,        ,      
niekaji01, 1972,     1, LAS , WHA , D  , 78.0,  7.0,  22.0,  29.0, 155.0,      ,  0.0,     ,  1.0,     ,     ,    ,      ,    6.0,   2.0,   1.0,     3.0,    10.0,        ,     0.0,        ,     0.0,        ,     0.0,      
niekaji01, 1973,     1, LAS , WHA , D  , 76.0,  2.0,  19.0,  21.0,  95.0,      ,  0.0,     ,  0.0,     ,  0.0,    ,      ,       ,      ,      ,        ,        ,        ,        ,        ,        ,        ,        ,      
niekaji01, 1974,     1, PHR , WHA , D  , 71.0,  2.0,  26.0,  28.0,  66.0, 12.0 ,  1.0,     ,  0.0,     ,     ,    ,  78.0,    5.0,   0.0,   0.0,     0.0,     0.0,        ,     0.0,        ,     0.0,        ,     0.0,      
niekaji01, 1975,     1, PHR , WHA , D  , 79.0,  4.0,  14.0,  18.0,  77.0, 21.0 ,  1.0,     ,  0.0,     ,  1.0,    ,  87.0,    5.0,   0.0,   1.0,     1.0,     0.0, -4.0   ,        ,        ,        ,        ,        ,      
niekaji01, 1976,     1, PHR , WHA , D  , 79.0,  1.0,  15.0,  16.0,  91.0, -32.0,  0.0,     ,  0.0,     ,     ,    ,  61.0,       ,      ,      ,        ,        ,        ,        ,        ,        ,        ,        ,      
nielsch01, 2000,     1, CBS , NHL , L  , 29.0,  4.0,   5.0,   9.0,   4.0, 4.0  ,  0.0,  0.0,  0.0,  0.0,  1.0, 1.0,  36.0,       ,      ,      ,        ,        ,        ,        ,        ,        ,        ,        ,      
nielsch01, 2001,     1, CBS , NHL , R  , 23.0,  2.0,   3.0,   5.0,   4.0, -3.0 ,  0.0,  0.0,  0.0,  0.0,  1.0, 0.0,  28.0,       ,      ,      ,        ,        ,        ,        ,        ,        ,        ,        ,      
nielsfr01, 2006,     1, NYI , NHL , C  , 15.0,  1.0,   1.0,   2.0,   0.0, -2.0 ,  0.0,  0.0,  0.0,  0.0,  1.0,    ,  16.0,       ,      ,      ,        ,        ,        ,        ,        ,        ,        ,        ,      
nielsfr01, 2007,     1, NYI , NHL , C  , 16.0,  2.0,   1.0,   3.0,   0.0, 1.0  ,  0.0,  0.0,  0.0,  0.0,  0.0,    ,  17.0,       ,      ,      ,        ,        ,        ,        ,        ,        ,        ,        ,      
nielsfr01, 2008,     1, NYI , NHL , C  , 59.0,  9.0,  24.0,  33.0,  18.0, -4.0 ,  3.0, 13.0,  1.0,  1.0,  2.0,    , 101.0,       ,      ,      ,        ,        ,        ,        ,        ,        ,        ,        ,      
nielsfr01, 2009,     1, NYI , NHL , C  , 76.0, 12.0,  26.0,  38.0,   6.0, 4.0  ,  0.0,  8.0,  1.0,  1.0,  1.0,    , 136.0,       ,      ,      ,        ,        ,        ,        ,        ,        ,        ,        ,      
nielsje01, 1996,     1, NYR , NHL , R  ,  2.0,  0.0,   0.0,   0.0,   2.0, -1.0 ,  0.0,  0.0,  0.0,  0.0,  0.0, 0.0,   1.0,       ,      ,      ,        ,        ,        ,        ,        ,        ,        ,        ,      
nielsje01, 1997,     1, ANA , NHL , R  , 32.0,  4.0,   5.0,   9.0,  16.0, -1.0 ,  0.0,  0.0,  0.0,  0.0,  0.0, 0.0,  36.0,       ,      ,      ,        ,        ,        ,        ,        ,        ,        ,        ,      
nielsje01, 1998,     1, ANA , NHL , R  , 80.0,  5.0,   4.0,   9.0,  34.0, -12.0,  0.0,  0.0,  0.0,  0.0,  2.0, 0.0,  94.0,    4.0,   0.0,   0.0,     0.0,     2.0, -6.0   ,     0.0,     0.0,     0.0,     0.0,     0.0,     7.0
nielsje01, 1999,     1, ANA , NHL , R  , 79.0,  8.0,  10.0,  18.0,  14.0, 4.0  ,  1.0,  0.0,  0.0,  0.0,  0.0, 0.0, 113.0,       ,      ,      ,        ,        ,        ,        ,        ,        ,        ,        ,      
nielsje01, 2000,     1, MIN , NHL , R  , 59.0,  3.0,   8.0,  11.0,   4.0, -16.0,  1.0,  0.0,  0.0,  1.0,  1.0, 0.0,  82.0,       ,      ,      ,        ,        ,        ,        ,        ,        ,        ,        ,      
nielski01, 1997,     1, BOS , NHL , R  ,  6.0,  0.0,   0.0,   0.0,   0.0, -1.0 ,  0.0,  0.0,  0.0,  0.0,  0.0, 0.0,   1.0,       ,      ,      ,        ,        ,        ,        ,        ,        ,        ,        ,      
niemian01, 2000,     1, ANA , NHL , D  , 28.0,  1.0,   1.0,   2.0,  22.0, -6.0 ,  0.0,  0.0,  0.0,  0.0,  0.0, 0.0,  18.0,       ,      ,      ,        ,        ,        ,        ,        ,        ,        ,        ,      
niemian01, 2001,     1, ANA , NHL , D  ,  1.0,  0.0,   0.0,   0.0,   0.0, -1.0 ,  0.0,  0.0,  0.0,  0.0,  0.0, 0.0,   0.0,       ,      ,      ,        ,        ,        ,        ,        ,        ,        ,        ,      
niemian02, 2008,     1, CHI , NHL , G  ,  3.0,  0.0,   0.0,   0.0,   0.0, 0.0  ,  0.0,  0.0,  0.0,  0.0,  0.0,    ,   0.0,       ,      ,      ,        ,        ,        ,        ,        ,        ,        ,        ,      
niemian02, 2009,     1, CHI , NHL , G  , 39.0,  0.0,   1.0,   1.0,   0.0, 0.0  ,  0.0,  0.0,  0.0,  0.0,  0.0,    ,   0.0,   22.0,   0.0,   0.0,     0.0,     2.0, 0.0    ,     0.0,     0.0,     0.0,     0.0,     0.0,     0.0
niemivi01, 1999,     1, COL , NHL , L  ,  1.0,  0.0,   0.0,   0.0,   0.0, 0.0  ,  0.0,  0.0,  0.0,  0.0,  0.0, 0.0,   2.0,       ,      ,      ,        ,        ,        ,        ,        ,        ,        ,        ,      
niemivi01, 2000,     1, COL , NHL , L  , 50.0, 14.0,   8.0,  22.0,  38.0, 8.0  ,  2.0,  3.0,  0.0,  0.0,  3.0, 0.0,  68.0,   23.0,   4.0,   6.0,    10.0,    20.0, -1.0   ,     3.0,     1.0,     0.0,     0.0,     1.0,    39.0
niemivi01, 2001,     1, COL , NHL , R  , 53.0, 10.0,  14.0,  24.0,  30.0, 1.0  ,  1.0,  5.0,  0.0,  0.0,  5.0, 0.0,  72.0,       ,      ,      ,        ,        ,        ,        ,        ,        ,        ,        ,      
niemivi01, 2001,     2, PIT , NHL , R  , 13.0,  1.0,   2.0,   3.0,   8.0, -2.0 ,  0.0,  0.0,  0.0,  0.0,  0.0, 0.0,  11.0,       ,      ,      ,        ,        ,        ,        ,        ,        ,        ,        ,      
niemivi01, 2002,     1, PIT , NHL , R  , 75.0,  9.0,  12.0,  21.0,  93.0, -25.0,  0.0,  3.0,  2.0,  0.0,  1.0, 0.0,  86.0,       ,      ,      ,        ,        ,        ,        ,        ,        ,        ,        ,      
niemivi01, 2003,     1, CHI , NHL , R  , 60.0,  2.0,  11.0,  13.0,  40.0, -15.0,  1.0,  2.0,  0.0,  0.0,  0.0, 1.0,  56.0,       ,      ,      ,        ,        ,        ,        ,        ,        ,        ,        ,      
niemivi01, 2003,     2, CAL , NHL , R  , 19.0,  3.0,   5.0,   8.0,  18.0, 6.0  ,  0.0,  1.0,  0.0,  0.0,  1.0, 0.0,  27.0,   24.0,   4.0,   4.0,     8.0,    55.0, 0.0    ,     1.0,     0.0,     0.0,     0.0,     0.0,    41.0
niemivi01, 2005,     1, NYR , NHL , L  , 48.0,  5.0,  12.0,  17.0,  53.0, 10.0 ,  0.0,  1.0,  0.0,  1.0,  2.0,    ,  73.0,       ,      ,      ,        ,        ,        ,        ,        ,        ,        ,        ,      
niemivi01, 2005,     2, SJS , NHL , L  , 22.0,  3.0,   4.0,   7.0,  10.0, -3.0 ,  0.0,  0.0,  1.0,  0.0,  0.0,    ,  41.0,   11.0,   0.0,   2.0,     2.0,    24.0, -1.0   ,     0.0,     1.0,     0.0,     0.0,     0.0,    18.0
niemivi01, 2006,     1, SJS , NHL , L  , 30.0,  1.0,   1.0,   2.0,  14.0, -7.0 ,  0.0,  0.0,  0.0,  0.0,  0.0,    ,  30.0,       ,      ,      ,        ,        ,        ,        ,        ,        ,        ,        ,      
niemivi01, 2006,     2, STL , NHL , L  , 14.0,  0.0,   0.0,   0.0,  29.0, -1.0 ,  0.0,  0.0,  0.0,  0.0,  0.0,    ,  13.0,       ,      ,      ,        ,        ,        ,        ,        ,        ,        ,        ,      
nienhkr01, 1985,     1, BOS , NHL , L  , 70.0, 16.0,  14.0,  30.0,  37.0, -10.0,  3.0,     ,  0.0,     ,  2.0, 1.0, 120.0,    2.0,   0.0,   0.0,     0.0,    14.0, -4.0   ,     0.0,        ,     0.0,        ,     0.0,     2.0
nienhkr01, 1986,     1, BOS , NHL , L  , 16.0,  4.0,   2.0,   6.0,   2.0, -5.0 ,  2.0,     ,  0.0,     ,  0.0, 0.0,  25.0,       ,      ,      ,        ,        ,        ,        ,        ,        ,        ,        ,      
nienhkr01, 1987,     1, BOS , NHL , L  ,  1.0,  0.0,   0.0,   0.0,   0.0, -1.0 ,  0.0,  0.0,  0.0,  0.0,  0.0, 0.0,   4.0,       ,      ,      ,        ,        ,        ,        ,        ,        ,        ,        ,      
nieuwjo01, 1986,     1, CAL , NHL , C  ,  9.0,  5.0,   1.0,   6.0,   0.0, 0.0  ,  2.0,     ,  0.0,     ,  1.0, 0.0,  16.0,    6.0,   2.0,   2.0,     4.0,     0.0, -2.0   ,     0.0,        ,     0.0,        ,     0.0,     8.0
nieuwjo01, 1987,     1, CAL , NHL , C  , 75.0, 51.0,  41.0,  92.0,  23.0, 20.0 , 31.0, 14.0,  3.0,  2.0,  8.0, 0.0, 212.0,    8.0,   3.0,   4.0,     7.0,     2.0, 0.0    ,     1.0,     2.0,     0.0,     0.0,     0.0,    21.0
nieuwjo01, 1988,     1, CAL , NHL , C  , 77.0, 51.0,  31.0,  82.0,  40.0, 26.0 , 19.0,  8.0,  3.0,  0.0, 11.0, 2.0, 215.0,   22.0,  10.0,   4.0,    14.0,    10.0, 0.0    ,     6.0,     1.0,     0.0,     0.0,     1.0,    57.0
nieuwjo01, 1989,     1, CAL , NHL , C  , 79.0, 45.0,  50.0,  95.0,  40.0, 32.0 , 18.0, 17.0,  0.0,  0.0,  3.0, 0.0, 226.0,    6.0,   4.0,   6.0,    10.0,     4.0, 6.0    ,     1.0,     0.0,     0.0,     0.0,     1.0,    19.0
nieuwjo01, 1990,     1, CAL , NHL , C  , 79.0, 45.0,  40.0,  85.0,  36.0, 19.0 , 22.0, 14.0,  4.0,  0.0,  1.0, 0.0, 222.0,    7.0,   4.0,   1.0,     5.0,    10.0, -4.0   ,     2.0,     0.0,     0.0,     0.0,     0.0,    27.0
nieuwjo01, 1991,     1, CAL , NHL , C  , 69.0, 22.0,  34.0,  56.0,  55.0, -1.0 ,  7.0, 12.0,  0.0,  0.0,  2.0, 1.0, 137.0,       ,      ,      ,        ,        ,        ,        ,        ,        ,        ,        ,      
nieuwjo01, 1992,     1, CAL , NHL , C  , 79.0, 38.0,  37.0,  75.0,  52.0, 9.0  , 14.0, 13.0,  0.0,  0.0,  6.0, 0.0, 208.0,    6.0,   3.0,   6.0,     9.0,    10.0, -4.0   ,     1.0,     3.0,     0.0,     0.0,     0.0,    21.0
nieuwjo01, 1993,     1, CAL , NHL , C  , 64.0, 36.0,  39.0,  75.0,  51.0, 19.0 , 14.0, 14.0,  1.0,  0.0,  7.0, 1.0, 191.0,    6.0,   2.0,   2.0,     4.0,     0.0, 0.0    ,     1.0,     0.0,     0.0,     0.0,     0.0,     8.0
nieuwjo01, 1994,     1, CAL , NHL , C  , 46.0, 21.0,  29.0,  50.0,  33.0, 11.0 ,  3.0, 12.0,  0.0,  0.0,  4.0, 0.0, 122.0,    5.0,   4.0,   3.0,     7.0,     0.0, 0.0    ,     2.0,     0.0,     0.0,     0.0,     1.0,    21.0
nieuwjo01, 1995,     1, DAL , NHL , C  , 52.0, 14.0,  18.0,  32.0,  41.0, -17.0,  8.0,  8.0,  0.0,  0.0,  3.0, 0.0, 138.0,       ,      ,      ,        ,        ,        ,        ,        ,        ,        ,        ,      
nieuwjo01, 1996,     1, DAL , NHL , C  , 66.0, 30.0,  21.0,  51.0,  32.0, -5.0 ,  8.0, 10.0,  0.0,  0.0,  2.0, 2.0, 173.0,    7.0,   2.0,   2.0,     4.0,     6.0, -1.0   ,     0.0,     1.0,     0.0,     0.0,     0.0,    21.0
nieuwjo01, 1997,     1, DAL , NHL , C  , 73.0, 39.0,  30.0,  69.0,  30.0, 16.0 , 14.0, 15.0,  0.0,  0.0, 11.0, 0.0, 203.0,    1.0,   1.0,   0.0,     1.0,     0.0, 1.0    ,     0.0,     0.0,     0.0,     0.0,     0.0,     1.0
nieuwjo01, 1998,     1, DAL , NHL , C  , 67.0, 28.0,  27.0,  55.0,  34.0, 11.0 ,  8.0, 10.0,  0.0,  0.0,  8.0, 1.0, 157.0,   23.0,  11.0,  10.0,    21.0,    19.0, 7.0    ,     3.0,     2.0,     0.0,     0.0,     6.0,    72.0
nieuwjo01, 1999,     1, DAL , NHL , C  , 48.0, 15.0,  19.0,  34.0,  26.0, -1.0 ,  7.0,  7.0,  0.0,  0.0,  2.0, 0.0, 110.0,   23.0,   7.0,   3.0,    10.0,    18.0, -2.0   ,     3.0,     1.0,     0.0,     0.0,     2.0,    45.0
nieuwjo01, 2000,     1, DAL , NHL , C  , 69.0, 29.0,  23.0,  52.0,  30.0, 5.0  , 12.0,  8.0,  0.0,  0.0,  4.0, 0.0, 166.0,    7.0,   4.0,   0.0,     4.0,     4.0, -2.0   ,     1.0,     0.0,     0.0,     0.0,     1.0,    18.0
nieuwjo01, 2001,     1, DAL , NHL , C  , 67.0, 23.0,  24.0,  47.0,  18.0, -2.0 ,  6.0, 10.0,  0.0,  0.0,  5.0, 1.0, 157.0,       ,      ,      ,        ,        ,        ,        ,        ,        ,        ,        ,      
nieuwjo01, 2001,     2, NJD , NHL , C  , 14.0,  2.0,   9.0,  11.0,   4.0, 2.0  ,  0.0,  3.0,  0.0,  0.0,  1.0, 0.0,  32.0,    5.0,   0.0,   1.0,     1.0,     0.0, -2.0   ,     0.0,     1.0,     0.0,     0.0,     0.0,     8.0
nieuwjo01, 2002,     1, NJD , NHL , C  , 80.0, 17.0,  28.0,  45.0,  56.0, 10.0 ,  3.0,  4.0,  0.0,  0.0,  4.0, 0.0, 201.0,   17.0,   3.0,   6.0,     9.0,     4.0, -2.0   ,     1.0,     2.0,     0.0,     0.0,     0.0,    24.0
nieuwjo01, 2003,     1, TOR , NHL , C  , 64.0, 22.0,  28.0,  50.0,  26.0, 7.0  , 10.0, 10.0,  1.0,  0.0,  5.0, 0.0, 131.0,    9.0,   6.0,   0.0,     6.0,     4.0, 0.0    ,     1.0,     0.0,     0.0,     0.0,     2.0,    23.0
nieuwjo01, 2005,     1, FLO , NHL , C  , 65.0, 26.0,  30.0,  56.0,  46.0, -2.0 ,  7.0, 13.0,  0.0,  0.0,  3.0,    , 195.0,       ,      ,      ,        ,        ,        ,        ,        ,        ,        ,        ,      
nieuwjo01, 2006,     1, FLO , NHL , C  , 15.0,  5.0,   3.0,   8.0,   4.0, -4.0 ,  2.0,  2.0,  0.0,  0.0,  2.0,    ,  30.0,       ,      ,      ,        ,        ,        ,        ,        ,        ,        ,        ,      
nighbfr01, 1912,     1, TBS , NHA ,    , 19.0, 25.0,   0.0,  25.0,   9.0,      ,     ,     ,     ,     ,     ,    ,      ,       ,      ,      ,        ,        ,        ,        ,        ,        ,        ,        ,      
nighbfr01, 1913,     1, VML , PCHA, C  , 10.0, 10.0,   5.0,  15.0,   6.0,      ,     ,     ,     ,     ,     ,    ,      ,       ,      ,      ,        ,        ,        ,        ,        ,        ,        ,        ,      
nighbfr01, 1914,     1, VML , PCHA, C  , 17.0, 23.0,   7.0,  30.0,  12.0,      ,     ,     ,     ,     ,     ,    ,      ,       ,      ,      ,        ,        ,        ,        ,        ,        ,        ,        ,      
nighbfr01, 1915,     1, OT1 , NHA ,    , 23.0, 19.0,   5.0,  24.0,  26.0,      ,     ,     ,     ,     ,     ,    ,      ,       ,      ,      ,        ,        ,        ,        ,        ,        ,        ,        ,      
nighbfr01, 1916,     1, OT1 , NHA ,    , 19.0, 41.0,   2.0,  43.0,  18.0,      ,     ,     ,     ,     ,     ,    ,      ,    2.0,   1.0,      ,        ,        ,        ,        ,        ,        ,        ,        ,      
nighbfr01, 1917,     1, OTS , NHL , C  , 10.0, 11.0,   8.0,  19.0,   6.0,      ,     ,     ,     ,     ,  2.0,    ,      ,       ,      ,      ,        ,        ,        ,        ,        ,        ,        ,        ,      
nighbfr01, 1918,     1, OTS , NHL , C  , 18.0, 19.0,   9.0,  28.0,  27.0,      ,     ,     ,     ,     ,     ,    ,      ,    2.0,   0.0,   2.0,     2.0,     3.0,        ,        ,        ,        ,        ,        ,      
nighbfr01, 1919,     1, OTS , NHL , C  , 23.0, 26.0,  15.0,  41.0,  18.0,      ,     ,     ,     ,     ,     ,    ,      ,       ,      ,      ,        ,        ,        ,        ,        ,        ,        ,        ,      
nighbfr01, 1920,     1, OTS , NHL , C  , 24.0, 19.0,  10.0,  29.0,  10.0,      ,     ,     ,     ,     ,     ,    ,      ,    2.0,   1.0,   3.0,     4.0,     2.0,        ,        ,        ,        ,        ,        ,      
nighbfr01, 1921,     1, OTS , NHL , L  , 20.0,  8.0,  10.0,  18.0,   4.0,      ,     ,     ,     ,     ,     ,    ,      ,    2.0,   2.0,   1.0,     3.0,     4.0,        ,        ,        ,        ,        ,        ,      
nighbfr01, 1922,     1, OTS , NHL , C  , 22.0, 11.0,   7.0,  18.0,  14.0,      ,     ,     ,     ,     ,     ,    ,      ,    2.0,   0.0,   1.0,     1.0,     0.0,        ,        ,        ,        ,        ,        ,      
nighbfr01, 1923,     1, OTS , NHL , C  , 20.0, 11.0,   6.0,  17.0,  16.0,      ,     ,     ,     ,     ,     ,    ,      ,    2.0,   0.0,   1.0,     1.0,     0.0,        ,        ,        ,        ,        ,        ,      
nighbfr01, 1924,     1, OTS , NHL , C  , 26.0,  5.0,   5.0,  10.0,  18.0,      ,     ,     ,     ,     ,     ,    ,      ,       ,      ,      ,        ,        ,        ,        ,        ,        ,        ,        ,      
nighbfr01, 1925,     1, OTS , NHL , C  , 35.0, 12.0,  13.0,  25.0,  40.0,      ,     ,     ,     ,     ,     ,    ,      ,    2.0,   0.0,   0.0,     0.0,     2.0,        ,        ,        ,        ,        ,        ,      
nighbfr01, 1926,     1, OTS , NHL , C  , 38.0,  6.0,   6.0,  12.0,  26.0,      ,     ,     ,     ,     ,     ,    ,      ,    6.0,   1.0,   1.0,     2.0,     0.0,        ,        ,        ,        ,        ,        ,      
nighbfr01, 1927,     1, OTS , NHL , C  , 42.0,  8.0,   5.0,  13.0,  46.0,      ,     ,     ,     ,     ,     ,    ,      ,    2.0,   0.0,   0.0,     0.0,     2.0,        ,        ,        ,        ,        ,        ,      
nighbfr01, 1928,     1, OTS , NHL , C  , 30.0,  1.0,   4.0,   5.0,  22.0,      ,     ,     ,     ,     ,     ,    ,      ,       ,      ,      ,        ,        ,        ,        ,        ,        ,        ,        ,      
nighbfr01, 1929,     1, OTS , NHL , C  , 19.0,  0.0,   0.0,   0.0,   0.0,      ,     ,     ,     ,     ,     ,    ,      ,       ,      ,      ,        ,        ,        ,        ,        ,        ,        ,        ,      
nighbfr01, 1929,     2, TOR , NHL , C  , 22.0,  2.0,   0.0,   2.0,   2.0,      ,     ,     ,     ,     ,     ,    ,      ,       ,      ,      ,        ,        ,        ,        ,        ,        ,        ,        ,      
nigrofr01, 1982,     1, TOR , NHL , R  , 51.0,  6.0,  15.0,  21.0,  23.0, -1.0 ,  1.0,     ,  0.0,     ,  0.0, 0.0,  77.0,    3.0,   0.0,   0.0,     0.0,     2.0,        ,     0.0,        ,     0.0,        ,     0.0,      
nigrofr01, 1983,     1, TOR , NHL , R  , 17.0,  2.0,   3.0,   5.0,  16.0, -4.0 ,  0.0,     ,  0.0,     ,  0.0, 0.0,  18.0,       ,      ,      ,        ,        ,        ,        ,        ,        ,        ,        ,      
niinija01, 1996,     1, PHI , NHL , D  , 77.0,  4.0,  40.0,  44.0,  58.0, 12.0 ,  1.0, 23.0,  0.0,  0.0,  2.0, 0.0, 141.0,   19.0,   1.0,  12.0,    13.0,    16.0, 3.0    ,     1.0,     7.0,     0.0,     0.0,     1.0,    56.0
niinija01, 1997,     1, PHI , NHL , D  , 66.0,  3.0,  31.0,  34.0,  56.0, 6.0  ,  2.0, 17.0,  0.0,  0.0,  1.0, 0.0, 115.0,       ,      ,      ,        ,        ,        ,        ,        ,        ,        ,        ,      
niinija01, 1997,     2, EDM , NHL , D  , 11.0,  1.0,   8.0,   9.0,   6.0, 7.0  ,  1.0,  4.0,  0.0,  1.0,  0.0, 0.0,  19.0,   11.0,   1.0,   1.0,     2.0,    12.0, 3.0    ,     0.0,     0.0,     0.0,     0.0,     1.0,    20.0
niinija01, 1998,     1, EDM , NHL , D  , 81.0,  4.0,  24.0,  28.0,  88.0, 7.0  ,  2.0,  8.0,  0.0,  1.0,  1.0, 0.0, 142.0,    4.0,   0.0,   0.0,     0.0,     2.0, -2.0   ,     0.0,     0.0,     0.0,     0.0,     0.0,     5.0
niinija01, 1999,     1, EDM , NHL , D  , 81.0,  8.0,  25.0,  33.0,  89.0, 14.0 ,  2.0, 12.0,  2.0,  0.0,  0.0, 0.0, 133.0,    5.0,   0.0,   2.0,     2.0,     2.0, 1.0    ,     0.0,     0.0,     0.0,     0.0,     0.0,     8.0
niinija01, 2000,     1, EDM , NHL , D  , 82.0, 12.0,  34.0,  46.0,  90.0, 6.0  ,  8.0, 15.0,  0.0,  1.0,  1.0, 0.0, 122.0,    6.0,   0.0,   2.0,     2.0,     6.0, -1.0   ,     0.0,     1.0,     0.0,     0.0,     0.0,    11.0
niinija01, 2001,     1, EDM , NHL , D  , 81.0,  5.0,  39.0,  44.0,  80.0, 13.0 ,  1.0, 18.0,  0.0,  3.0,  2.0, 0.0, 119.0,       ,      ,      ,        ,        ,        ,        ,        ,        ,        ,        ,      
niinija01, 2002,     1, EDM , NHL , D  , 63.0,  4.0,  24.0,  28.0,  66.0, -7.0 ,  2.0, 12.0,  0.0,  1.0,  0.0, 0.0,  90.0,       ,      ,      ,        ,        ,        ,        ,        ,        ,        ,        ,      
niinija01, 2002,     2, NYI , NHL , D  , 13.0,  1.0,   5.0,   6.0,  14.0, -2.0 ,  1.0,  2.0,  0.0,  0.0,  0.0, 0.0,  11.0,    5.0,   0.0,   1.0,     1.0,    12.0, -4.0   ,     0.0,     0.0,     0.0,     0.0,     0.0,     5.0
niinija01, 2003,     1, NYI , NHL , D  , 82.0,  9.0,  19.0,  28.0,  64.0, 12.0 ,  4.0,  8.0,  0.0,  0.0,  2.0, 0.0,  97.0,    5.0,   1.0,   2.0,     3.0,     2.0, -2.0   ,     1.0,     0.0,     0.0,     0.0,     1.0,     4.0
niinija01, 2005,     1, NYI , NHL , D  , 41.0,  1.0,   9.0,  10.0,  62.0, -7.0 ,  0.0,  3.0,  0.0,  0.0,  0.0,    ,  23.0,       ,      ,      ,        ,        ,        ,        ,        ,        ,        ,        ,      
niinija01, 2005,     2, DAL , NHL , D  , 22.0,  2.0,   4.0,   6.0,  24.0, -5.0 ,  1.0,  2.0,  1.0,  0.0,  1.0,    ,  26.0,    4.0,   0.0,   1.0,     1.0,     8.0, 0.0    ,     0.0,     1.0,     0.0,     0.0,     0.0,     5.0
niinija01, 2006,     1, MTL , NHL , D  , 41.0,  0.0,   3.0,   3.0,  36.0, -13.0,  0.0,  0.0,  0.0,  0.0,  0.0,    ,  29.0,       ,      ,      ,        ,        ,        ,        ,        ,        ,        ,        ,      
niittan01, 2003,     1, PHI , NHL , G  ,  3.0,  0.0,   0.0,   0.0,   0.0, 0.0  ,  0.0,  0.0,  0.0,  0.0,  0.0, 0.0,   0.0,       ,      ,      ,        ,        ,        ,        ,        ,        ,        ,        ,      
niittan01, 2005,     1, PHI , NHL , G  , 46.0,  0.0,   1.0,   1.0,   0.0, 0.0  ,  0.0,  1.0,  0.0,  0.0,  0.0,    ,   0.0,    2.0,   0.0,   0.0,     0.0,     0.0, 0.0    ,     0.0,     0.0,     0.0,     0.0,     0.0,     0.0
niittan01, 2006,     1, PHI , NHL , G  , 52.0,  0.0,   0.0,   0.0,   2.0, 0.0  ,  0.0,  0.0,  0.0,  0.0,  0.0,    ,   0.0,       ,      ,      ,        ,        ,        ,        ,        ,        ,        ,        ,      
niittan01, 2007,     1, PHI , NHL , G  , 28.0,  0.0,   0.0,   0.0,   0.0, 0.0  ,  0.0,  0.0,  0.0,  0.0,  0.0,    ,   0.0,       ,      ,      ,        ,        ,        ,        ,        ,        ,        ,        ,      
niittan01, 2008,     1, PHI , NHL , G  , 32.0,  0.0,   1.0,   1.0,   2.0, 0.0  ,  0.0,  0.0,  0.0,  0.0,  0.0,    ,   0.0,       ,      ,      ,        ,        ,        ,        ,        ,        ,        ,        ,      
niittan01, 2009,     1, TBL , NHL , G  , 49.0,  0.0,   1.0,   1.0,   0.0, 0.0  ,  0.0,  0.0,  0.0,  0.0,  0.0,    ,   0.0,       ,      ,      ,        ,        ,        ,        ,        ,        ,        ,        ,      
nikolan01, 1994,     1, HAR , NHL , C  , 39.0,  8.0,  10.0,  18.0,  10.0, 7.0  ,  1.0,  3.0,  1.0,  0.0,  0.0, 0.0,  57.0,       ,      ,      ,        ,        ,        ,        ,        ,        ,        ,        ,      
nikolan01, 1995,     1, HAR , NHL , C  , 61.0, 14.0,  37.0,  51.0,  34.0, -2.0 ,  4.0, 12.0,  1.0,  1.0,  3.0, 0.0,  83.0,       ,      ,      ,        ,        ,        ,        ,        ,        ,        ,        ,      
nikolan01, 1996,     1, HAR , NHL , L  , 12.0,  2.0,   5.0,   7.0,   2.0, -2.0 ,  0.0,  2.0,  0.0,  0.0,  0.0, 0.0,  25.0,       ,      ,      ,        ,        ,        ,        ,        ,        ,        ,        ,      
nikolan01, 1996,     2, WAS , NHL , L  , 59.0,  7.0,  14.0,  21.0,  30.0, 5.0  ,  1.0,  3.0,  0.0,  0.0,  0.0, 0.0,  73.0,       ,      ,      ,        ,        ,        ,        ,        ,        ,        ,        ,      
nikolan01, 1997,     1, WAS , NHL , C  , 38.0,  6.0,  10.0,  16.0,  14.0, 1.0  ,  1.0,  2.0,  0.0,  0.0,  1.0, 0.0,  40.0,   21.0,   1.0,  13.0,    14.0,    12.0, 4.0    ,     1.0,     6.0,     0.0,     0.0,     0.0,    29.0
nikolan01, 1998,     1, WAS , NHL , L  , 73.0,  8.0,  27.0,  35.0,  28.0, 0.0  ,  0.0,  7.0,  1.0,  1.0,  1.0, 0.0, 121.0,       ,      ,      ,        ,        ,        ,        ,        ,        ,        ,        ,      
nikolan01, 1999,     1, WAS , NHL , C  , 76.0, 11.0,  14.0,  25.0,  28.0, 6.0  ,  0.0,  2.0,  2.0,  0.0,  2.0, 0.0,  98.0,    5.0,   0.0,   2.0,     2.0,     4.0, -3.0   ,     0.0,     2.0,     0.0,     0.0,     0.0,     7.0
nikolan01, 2000,     1, WAS , NHL , C  , 81.0, 13.0,  25.0,  38.0,  34.0, 9.0  ,  4.0,  3.0,  0.0,  3.0,  2.0, 1.0, 145.0,    6.0,   0.0,   0.0,     0.0,     2.0, -3.0   ,     0.0,     0.0,     0.0,     0.0,     0.0,     9.0
nikolan01, 2001,     1, WAS , NHL , C  , 80.0, 13.0,  23.0,  36.0,  40.0, -1.0 ,  1.0,  3.0,  0.0,  0.0,  0.0, 0.0, 143.0,       ,      ,      ,        ,        ,        ,        ,        ,        ,        ,        ,      
nikolan01, 2002,     1, CHI , NHL , C  , 60.0,  6.0,  15.0,  21.0,  26.0, -3.0 ,  0.0,  5.0,  1.0,  0.0,  0.0, 0.0,  73.0,       ,      ,      ,        ,        ,        ,        ,        ,        ,        ,        ,      
nikolan01, 2003,     1, COL , NHL , C  , 49.0,  5.0,   7.0,  12.0,  24.0, 3.0  ,  1.0,  1.0,  0.0,  1.0,  0.0, 0.0,  71.0,   11.0,   0.0,   2.0,     2.0,     4.0, -3.0   ,     0.0,     1.0,     0.0,     1.0,     0.0,     7.0
nikulal01, 2007,     1, OTT , NHL , C  ,  2.0,  0.0,   0.0,   0.0,   0.0, -2.0 ,  0.0,  0.0,  0.0,  0.0,  0.0,    ,   0.0,       ,      ,      ,        ,        ,        ,        ,        ,        ,        ,        ,      
nikulal01, 2008,     1, PHO , NHL , C  ,  1.0,  0.0,   0.0,   0.0,   0.0, -1.0 ,  0.0,  0.0,  0.0,  0.0,  0.0,    ,   1.0,       ,      ,      ,        ,        ,        ,        ,        ,        ,        ,        ,      
nikulig01, 1996,     1, ANA , NHL , R  ,     ,     ,      ,      ,      ,      ,     ,     ,     ,     ,     ,    ,      ,    1.0,   0.0,   0.0,     0.0,     0.0, 0.0    ,     0.0,     0.0,     0.0,     0.0,     0.0,     1.0
nilanch01, 1979,     1, MTL , NHL , L  , 15.0,  0.0,   2.0,   2.0,  50.0, -1.0 ,  0.0,     ,  0.0,     ,  0.0, 0.0,   8.0,    5.0,   0.0,   0.0,     0.0,     2.0,        ,     0.0,        ,     0.0,        ,     0.0,      
nilanch01, 1980,     1, MTL , NHL , R  , 57.0,  7.0,   8.0,  15.0, 262.0, 7.0  ,  0.0,     ,  0.0,     ,  1.0, 0.0,  69.0,    2.0,   0.0,   0.0,     0.0,     0.0,        ,     0.0,        ,     0.0,        ,     0.0,      
nilanch01, 1981,     1, MTL , NHL , R  , 49.0,  7.0,   4.0,  11.0, 204.0, 6.0  ,  0.0,     ,  0.0,     ,  1.0, 0.0,  45.0,    5.0,   1.0,   1.0,     2.0,    22.0,        ,     0.0,        ,     0.0,        ,     0.0,      
nilanch01, 1982,     1, MTL , NHL , R  , 66.0,  6.0,   8.0,  14.0, 213.0, -10.0,  0.0,     ,  0.0,     ,  0.0, 0.0,  67.0,    3.0,   0.0,   0.0,     0.0,     5.0,        ,     0.0,        ,     0.0,        ,     0.0,      
nilanch01, 1983,     1, MTL , NHL , R  , 76.0, 16.0,  10.0,  26.0, 338.0, -4.0 ,  4.0,     ,  0.0,     ,  1.0, 0.0,  98.0,   15.0,   1.0,   0.0,     1.0,    81.0, 3.0    ,     0.0,        ,     0.0,        ,     0.0,    13.0
nilanch01, 1984,     1, MTL , NHL , R  , 77.0, 21.0,  16.0,  37.0, 358.0, 3.0  ,  1.0,     ,  0.0,     ,  2.0, 0.0,  98.0,   12.0,   2.0,   1.0,     3.0,    81.0, -3.0   ,     1.0,        ,     0.0,        ,     1.0,    16.0
nilanch01, 1985,     1, MTL , NHL , R  , 72.0, 19.0,  15.0,  34.0, 274.0, 10.0 ,  2.0,     ,  0.0,     ,  1.0, 0.0, 120.0,   18.0,   1.0,   2.0,     3.0,   141.0, 6.0    ,     1.0,        ,     0.0,        ,     0.0,    32.0
nilanch01, 1986,     1, MTL , NHL , R  , 44.0,  4.0,  16.0,  20.0, 266.0, 2.0  ,  0.0,     ,  0.0,     ,  1.0, 0.0,  68.0,   17.0,   3.0,   0.0,     3.0,    75.0, -4.0   ,     0.0,        ,     0.0,        ,     0.0,    28.0
nilanch01, 1987,     1, MTL , NHL , R  , 50.0,  7.0,   5.0,  12.0, 209.0, -2.0 ,  0.0,  0.0,  0.0,  0.0,  1.0, 0.0,  68.0,       ,      ,      ,        ,        ,        ,        ,        ,        ,        ,        ,      
nilanch01, 1987,     2, NYR , NHL , R  , 22.0,  3.0,   5.0,   8.0,  96.0, 0.0  ,  0.0,  0.0,  0.0,  0.0,  0.0, 0.0,  20.0,       ,      ,      ,        ,        ,        ,        ,        ,        ,        ,        ,      
nilanch01, 1988,     1, NYR , NHL , R  , 38.0,  7.0,   7.0,  14.0, 177.0, -8.0 ,  0.0,  0.0,  0.0,  0.0,  1.0, 0.0,  39.0,    4.0,   0.0,   1.0,     1.0,    28.0, -2.0   ,     0.0,     0.0,     0.0,     0.0,     0.0,     8.0
nilanch01, 1989,     1, NYR , NHL , R  , 25.0,  1.0,   2.0,   3.0,  59.0, -8.0 ,  0.0,  0.0,  0.0,  0.0,  0.0, 0.0,  24.0,    4.0,   0.0,   1.0,     1.0,    19.0, 1.0    ,     0.0,     0.0,     0.0,     0.0,     0.0,     5.0
nilanch01, 1990,     1, BOS , NHL , R  , 41.0,  6.0,   9.0,  15.0, 277.0, 4.0  ,  0.0,  0.0,  0.0,  0.0,  2.0, 0.0,  41.0,   19.0,   0.0,   2.0,     2.0,    62.0, -2.0   ,     0.0,     0.0,     0.0,     0.0,     0.0,    10.0
nilanch01, 1991,     1, BOS , NHL , R  , 39.0,  5.0,   5.0,  10.0, 186.0, -5.0 ,  0.0,  0.0,  0.0,  0.0,  0.0, 0.0,  33.0,       ,      ,      ,        ,        ,        ,        ,        ,        ,        ,        ,      
nilanch01, 1991,     2, MTL , NHL , R  , 17.0,  1.0,   3.0,   4.0,  74.0, -1.0 ,  0.0,  0.0,  0.0,  0.0,  0.0, 0.0,  22.0,    7.0,   0.0,   1.0,     1.0,    15.0, -2.0   ,     0.0,     0.0,     0.0,     0.0,     0.0,     4.0
nillji01 , 1981,     1, STL , NHL , R  , 61.0,  9.0,  12.0,  21.0, 127.0, -13.0,  1.0,     ,  2.0,     ,  0.0, 0.0,  65.0,       ,      ,      ,        ,        ,        ,        ,        ,        ,        ,        ,      
nillji01 , 1981,     2, VAN , NHL , R  ,  8.0,  1.0,   2.0,   3.0,   5.0, 0.0  ,  0.0,     ,  0.0,     ,  1.0, 0.0,   6.0,   16.0,   4.0,   3.0,     7.0,    67.0,        ,     1.0,        ,     0.0,        ,     1.0,      
nillji01 , 1982,     1, VAN , NHL , R  , 65.0,  7.0,  15.0,  22.0, 136.0, -18.0,  1.0,     ,  1.0,     ,  0.0, 0.0,  53.0,    4.0,   0.0,   0.0,     0.0,     6.0,        ,     0.0,        ,     0.0,        ,     0.0,      
nillji01 , 1983,     1, VAN , NHL , R  , 51.0,  9.0,   6.0,  15.0,  78.0, -7.0 ,  0.0,     ,  0.0,     ,  0.0, 0.0,  53.0,       ,      ,      ,        ,        ,        ,        ,        ,        ,        ,        ,      
nillji01 , 1983,     2, BOS , NHL , L  , 27.0,  3.0,   2.0,   5.0,  81.0, -5.0 ,  0.0,     ,  0.0,     ,  0.0, 1.0,  19.0,    3.0,   0.0,   0.0,     0.0,     4.0, -1.0   ,     0.0,        ,     0.0,        ,     0.0,     4.0
nillji01 , 1984,     1, BOS , NHL , R  , 49.0,  1.0,   9.0,  10.0,  62.0, -11.0,  0.0,     ,  0.0,     ,  0.0, 0.0,  23.0,       ,      ,      ,        ,        ,        ,        ,        ,        ,        ,        ,      
nillji01 , 1984,     2, WIN , NHL , R  , 20.0,  8.0,   8.0,  16.0,  38.0, 2.0  ,  1.0,     ,  0.0,     ,  1.0, 0.0,  22.0,    8.0,   0.0,   1.0,     1.0,    28.0, -4.0   ,     0.0,        ,     0.0,        ,     0.0,     4.0
nillji01 , 1985,     1, WIN , NHL , R  , 61.0,  6.0,   8.0,  14.0,  75.0, -6.0 ,  0.0,     ,  0.0,     ,  1.0, 1.0,  35.0,    3.0,   0.0,   0.0,     0.0,     4.0, -3.0   ,     0.0,        ,     0.0,        ,     0.0,     3.0
nillji01 , 1986,     1, WIN , NHL , R  , 36.0,  3.0,   4.0,   7.0,  52.0, 1.0  ,  1.0,     ,  0.0,     ,  2.0, 0.0,  12.0,    3.0,   0.0,   0.0,     0.0,     7.0, -6.0   ,     0.0,        ,     0.0,        ,     0.0,     0.0
nillji01 , 1987,     1, WIN , NHL , R  , 24.0,  0.0,   1.0,   1.0,  44.0, -7.0 ,  0.0,  0.0,  0.0,  0.0,  0.0, 0.0,  13.0,       ,      ,      ,        ,        ,        ,        ,        ,        ,        ,        ,      
nillji01 , 1987,     2, DET , NHL , R  , 36.0,  3.0,  11.0,  14.0,  55.0, 2.0  ,  0.0,  0.0,  0.0,  0.0,  0.0, 0.0,  25.0,   16.0,   6.0,   1.0,     7.0,    62.0, 7.0    ,     0.0,     0.0,     1.0,     0.0,     0.0,     9.0
nillji01 , 1988,     1, DET , NHL , R  , 71.0,  8.0,   7.0,  15.0,  83.0, -1.0 ,  0.0,  0.0,  1.0,  0.0,  2.0, 0.0,  39.0,    6.0,   0.0,   0.0,     0.0,    25.0, -1.0   ,     0.0,     0.0,     0.0,     0.0,     0.0,     2.0
nillji01 , 1989,     1, DET , NHL , R  , 15.0,  0.0,   2.0,   2.0,  18.0, -3.0 ,  0.0,  0.0,  0.0,  0.0,  0.0, 0.0,  10.0,       ,      ,      ,        ,        ,        ,        ,        ,        ,        ,        ,      
nilsoma01, 1998,     1, FLO , NHL , R  ,  8.0,  1.0,   1.0,   2.0,   5.0, 2.0  ,  0.0,  0.0,  0.0,  0.0,  1.0, 0.0,   7.0,       ,      ,      ,        ,        ,        ,        ,        ,        ,        ,        ,      
nilsoma01, 1999,     1, FLO , NHL , R  ,  9.0,  0.0,   2.0,   2.0,   2.0, 2.0  ,  0.0,  0.0,  0.0,  0.0,  0.0, 0.0,   6.0,       ,      ,      ,        ,        ,        ,        ,        ,        ,        ,        ,      
nilsoma01, 2000,     1, FLO , NHL , R  , 78.0, 12.0,  24.0,  36.0,  74.0, -3.0 ,  0.0,  6.0,  0.0,  0.0,  2.0, 0.0, 141.0,       ,      ,      ,        ,        ,        ,        ,        ,        ,        ,        ,      
nilsoma01, 2001,     1, FLO , NHL , L  , 81.0, 14.0,  19.0,  33.0,  55.0, -14.0,  6.0,  6.0,  1.0,  1.0,  2.0, 0.0, 147.0,       ,      ,      ,        ,        ,        ,        ,        ,        ,        ,        ,      
nilsoma01, 2002,     1, FLO , NHL , L  , 82.0, 15.0,  19.0,  34.0,  31.0, 2.0  ,  7.0,  7.0,  1.0,  1.0,  0.0, 0.0, 187.0,       ,      ,      ,        ,        ,        ,        ,        ,        ,        ,        ,      
nilsoma01, 2003,     1, FLO , NHL , L  , 69.0,  6.0,  13.0,  19.0,  26.0, -9.0 ,  1.0,  3.0,  1.0,  0.0,  1.0, 1.0, 110.0,       ,      ,      ,        ,        ,        ,        ,        ,        ,        ,        ,      
nilsoma01, 2003,     2, CAL , NHL , L  , 14.0,  5.0,   0.0,   5.0,  14.0, 3.0  ,  1.0,  0.0,  0.0,  0.0,  2.0, 0.0,  23.0,   26.0,   4.0,   7.0,    11.0,    12.0, 0.0    ,     0.0,     1.0,     0.0,     0.0,     1.0,    37.0
nilsoma01, 2005,     1, CAL , NHL , L  , 70.0,  6.0,  11.0,  17.0,  32.0, 13.0 ,  2.0,  2.0,  0.0,  0.0,  2.0,    ,  83.0,       ,      ,      ,        ,        ,        ,        ,        ,        ,        ,        ,      
nilsoma01, 2006,     1, CAL , NHL , L  , 63.0,  5.0,  10.0,  15.0,  27.0, 7.0  ,  0.0,  0.0,  0.0,  0.0,  1.0,    ,  69.0,    6.0,   0.0,   0.0,     0.0,     2.0, -3.0   ,     0.0,     0.0,     0.0,     0.0,     0.0,     7.0
nilsoma01, 2007,     1, CAL , NHL , L  , 47.0,  3.0,   2.0,   5.0,   4.0, 2.0  ,  0.0,  0.0,  0.0,  0.0,  0.0,    ,  47.0,    2.0,   0.0,   0.0,     0.0,     0.0, 0.0    ,     0.0,     0.0,     0.0,     0.0,     0.0,     0.0
nilsske01, 1977,     1, WIJ , WHA , C  , 80.0, 42.0,  65.0, 107.0,   8.0, 27.0 , 18.0,     ,  0.0,     ,     ,    , 212.0,    9.0,   2.0,   8.0,    10.0,    10.0, 2.0    ,        ,        ,        ,        ,     0.0,      
nilsske01, 1978,     1, WIJ , WHA , C  , 78.0, 39.0,  68.0, 107.0,   8.0, 1.0  ,  8.0,     ,  0.0,     ,     ,    , 279.0,   10.0,   3.0,  11.0,    14.0,     4.0, -1.0   ,        ,        ,        ,        ,     0.0,      
nilsske01, 1979,     1, ATF , NHL , C  , 80.0, 40.0,  53.0,  93.0,  10.0, -3.0 , 14.0,     ,  0.0,     ,  3.0, 1.0, 217.0,    4.0,   0.0,   0.0,     0.0,     2.0,        ,     0.0,        ,     0.0,        ,     0.0,      
nilsske01, 1980,     1, CAL , NHL , C  , 80.0, 49.0,  82.0, 131.0,  26.0, 15.0 , 20.0,     ,  0.0,     ,  8.0, 4.0, 217.0,   14.0,   3.0,   9.0,    12.0,     2.0,        ,     0.0,        ,     0.0,        ,     0.0,      
nilsske01, 1981,     1, CAL , NHL , C  , 41.0, 26.0,  29.0,  55.0,   8.0, -20.0, 13.0,     ,  0.0,     ,  0.0, 2.0, 103.0,    3.0,   0.0,   3.0,     3.0,     2.0,        ,     0.0,        ,     0.0,        ,     0.0,      
nilsske01, 1982,     1, CAL , NHL , C  , 80.0, 46.0,  58.0, 104.0,  10.0, 5.0  , 16.0,     ,  4.0,     ,  6.0, 1.0, 217.0,    9.0,   1.0,  11.0,    12.0,     2.0,        ,     1.0,        ,     0.0,        ,     0.0,      
nilsske01, 1983,     1, CAL , NHL , C  , 67.0, 31.0,  49.0,  80.0,  22.0, -24.0,  7.0,     ,  9.0,     ,  5.0, 0.0, 181.0,       ,      ,      ,        ,        ,        ,        ,        ,        ,        ,        ,      
nilsske01, 1984,     1, CAL , NHL , R  , 77.0, 37.0,  62.0,  99.0,  14.0, -4.0 ,  9.0,     ,  3.0,     ,  3.0, 0.0, 201.0,    3.0,   0.0,   1.0,     1.0,     0.0, -2.0   ,     0.0,        ,     0.0,        ,     0.0,     6.0
nilsske01, 1985,     1, MNS , NHL , C  , 61.0, 16.0,  44.0,  60.0,  10.0, 4.0  ,  8.0,     ,  0.0,     ,  2.0, 0.0, 122.0,    5.0,   1.0,   4.0,     5.0,     0.0, 2.0    ,     0.0,        ,     0.0,        ,     0.0,    10.0
nilsske01, 1986,     1, MNS , NHL , C  , 44.0, 13.0,  33.0,  46.0,  12.0, 2.0  ,  8.0,     ,  0.0,     ,  1.0, 0.0,  89.0,       ,      ,      ,        ,        ,        ,        ,        ,        ,        ,        ,      
nilsske01, 1986,     2, EDM , NHL , R  , 17.0,  5.0,  12.0,  17.0,   4.0, 10.0 ,  1.0,     ,  0.0,     ,  0.0, 0.0,  25.0,   21.0,   6.0,  13.0,    19.0,     6.0, 11.0   ,     2.0,        ,     0.0,        ,     0.0,    46.0
nilsske01, 1994,     1, EDM , NHL , C  ,  6.0,  1.0,   0.0,   1.0,   0.0, -5.0 ,  1.0,  0.0,  0.0,  0.0,  0.0, 0.0,   2.0,       ,      ,      ,        ,        ,        ,        ,        ,        ,        ,        ,      
nilssro01, 2005,     1, NYI , NHL , C  , 53.0,  6.0,  14.0,  20.0,  26.0, -6.0 ,  1.0,  6.0,  0.0,  0.0,  1.0,    ,  70.0,       ,      ,      ,        ,        ,        ,        ,        ,        ,        ,        ,      
nilssro01, 2006,     1, EDM , NHL , C  ,  4.0,  1.0,   0.0,   1.0,   4.0, -1.0 ,  0.0,  0.0,  0.0,  0.0,  0.0,    ,   8.0,       ,      ,      ,        ,        ,        ,        ,        ,        ,        ,        ,      
nilssro01, 2007,     1, EDM , NHL , L  , 71.0, 10.0,  31.0,  41.0,  22.0, 8.0  ,  3.0,  5.0,  0.0,  0.0,  0.0,    , 102.0,       ,      ,      ,        ,        ,        ,        ,        ,        ,        ,        ,      
nilssro01, 2008,     1, EDM , NHL , L  , 64.0,  9.0,  20.0,  29.0,  26.0, 1.0  ,  4.0,  7.0,  0.0,  0.0,  1.0,    ,  77.0,       ,      ,      ,        ,        ,        ,        ,        ,        ,        ,        ,      
nilssro01, 2009,     1, EDM , NHL , C  , 60.0, 11.0,  16.0,  27.0,  12.0, -17.0,  3.0,  5.0,  0.0,  0.0,  1.0,    , 104.0,       ,      ,      ,        ,        ,        ,        ,        ,        ,        ,        ,      
nilssul01, 1974,     1, WIJ , WHA , C  , 78.0, 26.0,  94.0, 120.0,  79.0, 47.0 ,  7.0,     ,  0.0,     ,     ,    , 147.0,       ,      ,      ,        ,        ,        ,        ,        ,        ,        ,        ,      
nilssul01, 1975,     1, WIJ , WHA , C  , 78.0, 38.0,  76.0, 114.0,  84.0, 65.0 ,  7.0,     ,  3.0,     ,  8.0,    , 152.0,   13.0,   7.0,  19.0,    26.0,     6.0, 15.0   ,        ,        ,        ,        ,        ,      
nilssul01, 1976,     1, WIJ , WHA , C  , 71.0, 39.0,  85.0, 124.0,  89.0, 57.0 ,  8.0,     ,  3.0,     ,  6.0,    , 193.0,   20.0,   6.0,  21.0,    27.0,    33.0, 5.0    ,        ,        ,        ,        ,     0.0,      
nilssul01, 1977,     1, WIJ , WHA , C  , 73.0, 37.0,  89.0, 126.0,  89.0, 41.0 ,  7.0,     ,  3.0,     ,     ,    , 180.0,    9.0,   1.0,  13.0,    14.0,    12.0, 5.0    ,        ,        ,        ,        ,     0.0,      
nilssul01, 1978,     1, NYR , NHL , C  , 59.0, 27.0,  39.0,  66.0,  21.0, 17.0 ,  8.0,     ,  2.0,     ,  5.0, 1.0,  96.0,    2.0,   0.0,   0.0,     0.0,     2.0,        ,     0.0,        ,     0.0,        ,     0.0,      
nilssul01, 1979,     1, NYR , NHL , C  , 50.0, 14.0,  44.0,  58.0,  20.0, 15.0 ,  5.0,     ,  0.0,     ,  1.0, 1.0,  72.0,    9.0,   0.0,   6.0,     6.0,     2.0,        ,     0.0,        ,     0.0,        ,     0.0,      
nilssul01, 1980,     1, NYR , NHL , C  , 51.0, 14.0,  25.0,  39.0,  42.0, -3.0 ,  1.0,     ,  0.0,     ,  3.0, 0.0,  80.0,   14.0,   8.0,   8.0,    16.0,    23.0,        ,     3.0,        ,     0.0,        ,     1.0,      
nilssul01, 1982,     1, NYR , NHL , C  , 10.0,  2.0,   4.0,   6.0,   2.0, -1.0 ,  0.0,     ,  0.0,     ,  1.0, 0.0,   9.0,       ,      ,      ,        ,        ,        ,        ,        ,        ,        ,        ,      
niskaja01, 2008,     1, TBL , NHL , D  ,  6.0,  1.0,   2.0,   3.0,   6.0, 0.0  ,  1.0,  0.0,  0.0,  0.0,  0.0,    ,  10.0,       ,      ,      ,        ,        ,        ,        ,        ,        ,        ,        ,      
niskama01, 2007,     1, DAL , NHL , D  , 78.0,  7.0,  19.0,  26.0,  36.0, 22.0 ,  2.0,  6.0,  0.0,  0.0,  0.0,    ,  99.0,   16.0,   0.0,   3.0,     3.0,    10.0, -2.0   ,     0.0,     0.0,     0.0,     0.0,     0.0,    17.0
niskama01, 2008,     1, DAL , NHL , D  , 80.0,  6.0,  29.0,  35.0,  52.0, -11.0,  2.0,  8.0,  0.0,  0.0,  0.0,    , 111.0,       ,      ,      ,        ,        ,        ,        ,        ,        ,        ,        ,      
niskama01, 2009,     1, DAL , NHL , D  , 74.0,  3.0,  12.0,  15.0,  18.0, -15.0,  0.0,  6.0,  0.0,  0.0,  2.0,    , 110.0,       ,      ,      ,        ,        ,        ,        ,        ,        ,        ,        ,      
nistilo01, 1973,     1, TOT , WHA , C  , 13.0,  1.0,   3.0,   4.0,  14.0,      ,  0.0,     ,  0.0,     ,  0.0,    ,      ,       ,      ,      ,        ,        ,        ,        ,        ,        ,        ,        ,      
nistilo01, 1974,     1, TOT , WHA , L  , 29.0, 11.0,  11.0,  22.0,  75.0, 12.0 ,  0.0,     ,  0.0,     ,     ,    ,  68.0,    6.0,   6.0,   1.0,     7.0,    19.0,        ,        ,        ,        ,        ,     1.0,      
nistilo01, 1975,     1, TOT , WHA , L  , 65.0, 12.0,  22.0,  34.0, 120.0, -20.0,  1.0,     ,  0.0,     ,  1.0,    , 154.0,       ,      ,      ,        ,        ,        ,        ,        ,        ,        ,        ,      
nistilo01, 1976,     1, BIR , WHA , L  , 79.0, 20.0,  36.0,  56.0, 166.0, -9.0 ,  1.0,     ,  1.0,     ,     ,    , 200.0,       ,      ,      ,        ,        ,        ,        ,        ,        ,        ,        ,      
nistilo01, 1977,     1, COR , NHL , C  ,  3.0,  0.0,   0.0,   0.0,   6.0, 0.0  ,  0.0,     ,  0.0,     ,  0.0, 0.0,   3.0,       ,      ,      ,        ,        ,        ,        ,        ,        ,        ,        ,      
noblere01, 1916,     1, TBS , NHA ,    , 14.0,  9.0,   3.0,  12.0,  51.0,      ,     ,     ,     ,     ,     ,    ,      ,       ,      ,      ,        ,        ,        ,        ,        ,        ,        ,        ,      
noblere01, 1916,     2, MOC , NHA ,    ,  6.0,  4.0,   0.0,   4.0,  15.0,      ,     ,     ,     ,     ,     ,    ,      ,    2.0,   0.0,      ,        ,        ,        ,        ,        ,        ,        ,        ,      
noblere01, 1917,     1, TOA , NHL , L  , 20.0, 30.0,  10.0,  40.0,  35.0,      ,     ,     ,     ,     ,  4.0,    ,      ,    2.0,   1.0,   1.0,     2.0,     9.0,        ,        ,        ,        ,        ,        ,      
noblere01, 1918,     1, TOA , NHL , L/D, 17.0, 10.0,   5.0,  15.0,  35.0,      ,     ,     ,     ,     ,     ,    ,      ,       ,      ,      ,        ,        ,        ,        ,        ,        ,        ,        ,      
noblere01, 1919,     1, TRS , NHL , L/D, 24.0, 24.0,   9.0,  33.0,  52.0,      ,     ,     ,     ,     ,     ,    ,      ,       ,      ,      ,        ,        ,        ,        ,        ,        ,        ,        ,      
noblere01, 1920,     1, TRS , NHL , L/D, 24.0, 19.0,   8.0,  27.0,  54.0,      ,     ,     ,     ,     ,     ,    ,      ,    2.0,   0.0,   0.0,     0.0,     0.0,        ,        ,        ,        ,        ,        ,      
noblere01, 1921,     1, TRS , NHL , L  , 24.0, 17.0,  11.0,  28.0,  19.0,      ,     ,     ,     ,     ,     ,    ,      ,    2.0,   0.0,   0.0,     0.0,    12.0,        ,        ,        ,        ,        ,        ,      
noblere01, 1922,     1, TRS , NHL , L  , 24.0, 12.0,  11.0,  23.0,  47.0,      ,     ,     ,     ,     ,     ,    ,      ,       ,      ,      ,        ,        ,        ,        ,        ,        ,        ,        ,      
noblere01, 1923,     1, TRS , NHL , L  , 24.0, 12.0,   5.0,  17.0,  79.0,      ,     ,     ,     ,     ,     ,    ,      ,       ,      ,      ,        ,        ,        ,        ,        ,        ,        ,        ,      
noblere01, 1924,     1, TRS , NHL , L/C,  3.0,  1.0,   0.0,   1.0,   8.0,      ,     ,     ,     ,     ,     ,    ,      ,       ,      ,      ,        ,        ,        ,        ,        ,        ,        ,        ,      
noblere01, 1924,     2, MTM , NHL , L/C, 27.0,  8.0,  11.0,  19.0,  56.0,      ,     ,     ,     ,     ,     ,    ,      ,       ,      ,      ,        ,        ,        ,        ,        ,        ,        ,        ,      
noblere01, 1925,     1, MTM , NHL , D  , 33.0,  9.0,   9.0,  18.0,  96.0,      ,     ,     ,     ,     ,     ,    ,      ,    4.0,   1.0,   1.0,     2.0,     6.0,        ,        ,        ,        ,        ,        ,      
noblere01, 1926,     1, MTM , NHL , L/D, 43.0,  3.0,   3.0,   6.0, 112.0,      ,     ,     ,     ,     ,     ,    ,      ,    2.0,   0.0,   0.0,     0.0,     2.0,        ,        ,        ,        ,        ,        ,      
noblere01, 1927,     1, DTC , NHL , L/D, 44.0,  6.0,   8.0,  14.0,  63.0,      ,     ,     ,     ,     ,     ,    ,      ,       ,      ,      ,        ,        ,        ,        ,        ,        ,        ,        ,      
noblere01, 1928,     1, DTC , NHL , L/D, 43.0,  6.0,   4.0,  10.0,  52.0,      ,     ,     ,     ,     ,     ,    ,      ,    2.0,   0.0,   0.0,     0.0,     2.0,        ,        ,        ,        ,        ,        ,      
noblere01, 1929,     1, DTC , NHL , L/D, 43.0,  6.0,   4.0,  10.0,  72.0,      ,     ,     ,     ,     ,     ,    ,      ,       ,      ,      ,        ,        ,        ,        ,        ,        ,        ,        ,      
noblere01, 1930,     1, DTF , NHL , L/D, 44.0,  2.0,   5.0,   7.0,  42.0,      ,     ,     ,     ,     ,     ,    ,      ,       ,      ,      ,        ,        ,        ,        ,        ,        ,        ,        ,      
noblere01, 1931,     1, DTF , NHL , L/D, 48.0,  3.0,   3.0,   6.0,  72.0,      ,     ,     ,     ,     ,     ,    ,      ,    2.0,   0.0,   0.0,     0.0,     0.0,        ,        ,        ,        ,        ,        ,      
noblere01, 1932,     1, DET , NHL , L/D,  5.0,  0.0,   0.0,   0.0,   6.0,      ,     ,     ,     ,     ,     ,    ,      ,       ,      ,      ,        ,        ,        ,        ,        ,        ,        ,        ,      
noblere01, 1932,     2, MTM , NHL , L/D, 20.0,  0.0,   0.0,   0.0,  16.0,      ,     ,     ,     ,     ,     ,    ,      ,    2.0,   0.0,   0.0,     0.0,     2.0,        ,        ,        ,        ,        ,        ,      
nodlan01 , 2008,     1, PHI , NHL , R  , 38.0,  1.0,   3.0,   4.0,   2.0, -15.0,  0.0,  0.0,  0.0,  0.0,  0.0,    ,  33.0,       ,      ,      ,        ,        ,        ,        ,        ,        ,        ,        ,      
nodlan01 , 2009,     1, PHI , NHL , R  , 10.0,  0.0,   1.0,   1.0,   0.0, -2.0 ,  0.0,  0.0,  0.0,  0.0,  0.0,    ,   2.0,   10.0,   0.0,   0.0,     0.0,     0.0, -1.0   ,     0.0,     0.0,     0.0,     0.0,     0.0,     2.0
noelcl01 , 1979,     1, WAS , NHL , C  ,  7.0,  0.0,   0.0,   0.0,   0.0, -3.0 ,  0.0,     ,  0.0,     ,  0.0, 0.0,   5.0,       ,      ,      ,        ,        ,        ,        ,        ,        ,        ,        ,      
nokelpe01, 2005,     1, NYI , NHL , C  , 15.0,  1.0,   1.0,   2.0,   4.0, -1.0 ,  0.0,  0.0,  0.0,  0.0,  1.0,    ,  13.0,       ,      ,      ,        ,        ,        ,        ,        ,        ,        ,        ,      
nokelpe01, 2007,     1, BOS , NHL , C  , 57.0,  7.0,   3.0,  10.0,  19.0, 0.0  ,  0.0,  0.0,  0.0,  0.0,  1.0,    ,  40.0,    7.0,   0.0,   2.0,     2.0,     4.0, 1.0    ,     0.0,     0.0,     0.0,     0.0,     0.0,     6.0
nokelpe01, 2008,     1, BOS , NHL , C  , 33.0,  0.0,   3.0,   3.0,  10.0, -1.0 ,  0.0,  0.0,  0.0,  0.0,  0.0,    ,  30.0,       ,      ,      ,        ,        ,        ,        ,        ,        ,        ,        ,      
nokelpe01, 2008,     2, AND , NHL , C  , 17.0,  4.0,   2.0,   6.0,   6.0, 3.0  ,  0.0,  0.0,  1.0,  0.0,  0.0,    ,  26.0,    9.0,   0.0,   0.0,     0.0,     2.0, -1.0   ,     0.0,     0.0,     0.0,     0.0,     0.0,     2.0
nokelpe01, 2009,     1, AND , NHL , C  , 50.0,  4.0,   7.0,  11.0,  21.0, -7.0 ,  0.0,  2.0,  0.0,  0.0,  0.0,    ,  70.0,       ,      ,      ,        ,        ,        ,        ,        ,        ,        ,        ,      
nokelpe01, 2009,     2, PHO , NHL , C  , 17.0,  1.0,   1.0,   2.0,   6.0, -2.0 ,  0.0,  0.0,  0.0,  1.0,  0.0,    ,  18.0,    5.0,   0.0,   0.0,     0.0,     2.0, -1.0   ,     0.0,     0.0,     0.0,     0.0,     0.0,     0.0
nolanbr01, 2007,     1, CAR , NHL , C  ,  6.0,  0.0,   1.0,   1.0,   0.0, -2.0 ,  0.0,  0.0,  0.0,  0.0,  0.0,    ,   2.0,       ,      ,      ,        ,        ,        ,        ,        ,        ,        ,        ,      
nolanow01, 1990,     1, QUE , NHL , R  , 59.0,  3.0,  10.0,  13.0, 109.0, -19.0,  0.0,  0.0,  0.0,  0.0,  0.0, 0.0,  54.0,       ,      ,      ,        ,        ,        ,        ,        ,        ,        ,        ,      
nolanow01, 1991,     1, QUE , NHL , R  , 75.0, 42.0,  31.0,  73.0, 183.0, -9.0 , 17.0,  7.0,  0.0,  0.0,  0.0, 1.0, 190.0,       ,      ,      ,        ,        ,        ,        ,        ,        ,        ,        ,      
nolanow01, 1992,     1, QUE , NHL , R  , 73.0, 36.0,  41.0,  77.0, 185.0, -1.0 , 15.0, 15.0,  0.0,  0.0,  4.0, 1.0, 241.0,    5.0,   1.0,   0.0,     1.0,     2.0, -2.0   ,     0.0,     0.0,     0.0,     0.0,     0.0,    12.0
nolanow01, 1993,     1, QUE , NHL , R  ,  6.0,  2.0,   2.0,   4.0,   8.0, 2.0  ,  0.0,  0.0,  0.0,  0.0,  0.0, 0.0,  15.0,       ,      ,      ,        ,        ,        ,        ,        ,        ,        ,        ,      
nolanow01, 1994,     1, QUE , NHL , R  , 46.0, 30.0,  19.0,  49.0,  46.0, 21.0 , 13.0,  4.0,  2.0,  0.0,  8.0, 0.0, 137.0,    6.0,   2.0,   3.0,     5.0,     6.0, 2.0    ,     0.0,     0.0,     0.0,     0.0,     0.0,    12.0
nolanow01, 1995,     1, COL , NHL , R  ,  9.0,  4.0,   4.0,   8.0,   9.0, -3.0 ,  4.0,  1.0,  0.0,  0.0,  0.0, 0.0,  23.0,       ,      ,      ,        ,        ,        ,        ,        ,        ,        ,        ,      
nolanow01, 1995,     2, SJS , NHL , R  , 72.0, 29.0,  32.0,  61.0, 137.0, -30.0, 12.0, 12.0,  1.0,  2.0,  2.0, 0.0, 184.0,       ,      ,      ,        ,        ,        ,        ,        ,        ,        ,        ,      
nolanow01, 1996,     1, SJS , NHL , R  , 72.0, 31.0,  32.0,  63.0, 155.0, -19.0, 10.0, 10.0,  0.0,  0.0,  3.0, 1.0, 225.0,       ,      ,      ,        ,        ,        ,        ,        ,        ,        ,        ,      
nolanow01, 1997,     1, SJS , NHL , R  , 75.0, 14.0,  27.0,  41.0, 144.0, -2.0 ,  3.0, 10.0,  1.0,  4.0,  1.0, 0.0, 192.0,    6.0,   2.0,   2.0,     4.0,    26.0, -1.0   ,     2.0,     1.0,     0.0,     0.0,     1.0,    16.0
nolanow01, 1998,     1, SJS , NHL , R  , 78.0, 19.0,  26.0,  45.0, 129.0, 16.0 ,  6.0,  8.0,  2.0,  0.0,  3.0, 1.0, 207.0,    6.0,   1.0,   1.0,     2.0,     6.0, 0.0    ,     0.0,     0.0,     0.0,     0.0,     0.0,    26.0
nolanow01, 1999,     1, SJS , NHL , R  , 78.0, 44.0,  40.0,  84.0, 110.0, -1.0 , 18.0, 15.0,  4.0,  4.0,  6.0, 2.0, 261.0,   10.0,   8.0,   2.0,    10.0,     6.0, -2.0   ,     2.0,     2.0,     2.0,     0.0,     3.0,    32.0
nolanow01, 2000,     1, SJS , NHL , R  , 57.0, 24.0,  25.0,  49.0,  75.0, 0.0  , 10.0, 11.0,  1.0,  0.0,  4.0, 1.0, 191.0,    6.0,   1.0,   1.0,     2.0,     8.0, -5.0   ,     0.0,     0.0,     0.0,     0.0,     1.0,    26.0
nolanow01, 2001,     1, SJS , NHL , C  , 75.0, 23.0,  43.0,  66.0,  93.0, 7.0  ,  8.0, 17.0,  2.0,  3.0,  2.0, 1.0, 217.0,   12.0,   3.0,   6.0,     9.0,     8.0, -2.0   ,     0.0,     2.0,     0.0,     0.0,     0.0,    46.0
nolanow01, 2002,     1, SJS , NHL , R  , 61.0, 22.0,  20.0,  42.0,  91.0, -5.0 ,  8.0,  6.0,  3.0,  0.0,  4.0, 0.0, 192.0,       ,      ,      ,        ,        ,        ,        ,        ,        ,        ,        ,      
nolanow01, 2002,     2, TOR , NHL , R  , 14.0,  7.0,   5.0,  12.0,  16.0, 2.0  ,  5.0,  0.0,  0.0,  1.0,  1.0, 0.0,  29.0,    7.0,   0.0,   2.0,     2.0,     2.0, -4.0   ,     0.0,     1.0,     0.0,     0.0,     0.0,    15.0
nolanow01, 2003,     1, TOR , NHL , R  , 65.0, 19.0,  29.0,  48.0, 110.0, 4.0  ,  7.0,  9.0,  2.0,  0.0,  3.0, 2.0, 154.0,       ,      ,      ,        ,        ,        ,        ,        ,        ,        ,        ,      
nolanow01, 2006,     1, PHO , NHL , R  , 76.0, 16.0,  24.0,  40.0,  56.0, -2.0 ,  2.0, 10.0,  3.0,  0.0,  1.0,    , 154.0,       ,      ,      ,        ,        ,        ,        ,        ,        ,        ,        ,      
nolanow01, 2007,     1, CAL , NHL , R  , 77.0, 16.0,  16.0,  32.0,  71.0, 6.0  ,  1.0,  5.0,  1.0,  0.0,  3.0,    , 163.0,    7.0,   3.0,   2.0,     5.0,     2.0, 0.0    ,     0.0,     1.0,     0.0,     0.0,     2.0,    12.0
nolanow01, 2008,     1, MIN , NHL , R  , 59.0, 25.0,  20.0,  45.0,  26.0, 5.0  , 12.0,  5.0,  0.0,  0.0,  5.0,    , 148.0,       ,      ,      ,        ,        ,        ,        ,        ,        ,        ,        ,      
nolanow01, 2009,     1, MIN , NHL , R  , 73.0, 16.0,  17.0,  33.0,  40.0, -12.0,  4.0,  5.0,  1.0,  0.0,  3.0,    , 151.0,       ,      ,      ,        ,        ,        ,        ,        ,        ,        ,        ,      
nolanpa01, 1921,     1, TRS , NHL , F  ,  2.0,  0.0,   0.0,   0.0,   0.0,      ,     ,     ,     ,     ,     ,    ,      ,       ,      ,      ,        ,        ,        ,        ,        ,        ,        ,        ,      
nolante01, 1981,     1, DET , NHL , C  , 41.0,  4.0,  13.0,  17.0,  45.0, -6.0 ,  0.0,     ,  2.0,     ,  0.0, 0.0,  67.0,       ,      ,      ,        ,        ,        ,        ,        ,        ,        ,        ,      
nolante01, 1983,     1, DET , NHL , C  , 19.0,  1.0,   2.0,   3.0,  26.0, -11.0,  0.0,     ,  0.0,     ,  1.0, 0.0,  15.0,       ,      ,      ,        ,        ,        ,        ,        ,        ,        ,        ,      
nolante01, 1985,     1, PIT , NHL , C  , 18.0,  1.0,   1.0,   2.0,  34.0, -1.0 ,  0.0,     ,  0.0,     ,  0.0, 0.0,  17.0,       ,      ,      ,        ,        ,        ,        ,        ,        ,        ,        ,      
noletsi01, 1967,     1, PHI , NHL , R  ,  4.0,  0.0,   0.0,   0.0,   2.0, -1.0 ,  0.0,     ,  0.0,     ,  0.0, 0.0,   9.0,    1.0,   0.0,   0.0,     0.0,     0.0,        ,     0.0,        ,     0.0,        ,     0.0,      
noletsi01, 1968,     1, PHI , NHL , R  , 35.0,  4.0,  10.0,  14.0,   8.0, -10.0,  2.0,     ,  0.0,     ,  0.0, 0.0,  77.0,       ,      ,      ,        ,        ,        ,        ,        ,        ,        ,        ,      
noletsi01, 1969,     1, PHI , NHL , R  , 56.0, 22.0,  22.0,  44.0,  36.0, 12.0 ,  6.0,     ,  0.0,     ,  4.0, 4.0, 163.0,       ,      ,      ,        ,        ,        ,        ,        ,        ,        ,        ,      
noletsi01, 1970,     1, PHI , NHL , R  , 74.0,  9.0,  19.0,  28.0,  42.0, -1.0 ,  4.0,     ,  0.0,     ,  1.0, 1.0, 168.0,    4.0,   2.0,   1.0,     3.0,     0.0,        ,     1.0,        ,     0.0,        ,     0.0,      
noletsi01, 1971,     1, PHI , NHL , R  , 67.0, 23.0,  20.0,  43.0,  22.0, 6.0  ,  6.0,     ,  0.0,     ,  5.0, 2.0, 201.0,       ,      ,      ,        ,        ,        ,        ,        ,        ,        ,        ,      
noletsi01, 1972,     1, PHI , NHL , R  , 70.0, 16.0,  20.0,  36.0,   6.0, -3.0 ,  6.0,     ,  0.0,     ,  0.0, 0.0, 146.0,   11.0,   3.0,   1.0,     4.0,     4.0,        ,     0.0,        ,     0.0,        ,     0.0,      
noletsi01, 1973,     1, PHI , NHL , R  , 52.0, 19.0,  17.0,  36.0,  13.0, 28.0 ,  1.0,     ,  0.0,     ,  1.0, 1.0,  97.0,   15.0,   1.0,   1.0,     2.0,     4.0,        ,     0.0,        ,     0.0,        ,     0.0,      
noletsi01, 1974,     1, KCS , NHL , R  , 72.0, 26.0,  32.0,  58.0,  30.0, -52.0, 11.0,     ,  2.0,     ,  2.0, 1.0, 197.0,       ,      ,      ,        ,        ,        ,        ,        ,        ,        ,        ,      
noletsi01, 1975,     1, KCS , NHL , R  , 41.0, 10.0,  15.0,  25.0,  16.0, -9.0 ,  2.0,     ,  0.0,     ,  1.0, 0.0, 123.0,       ,      ,      ,        ,        ,        ,        ,        ,        ,        ,        ,      
noletsi01, 1975,     2, PIT , NHL , R  , 39.0,  9.0,   8.0,  17.0,   2.0, 7.0  ,  1.0,     ,  0.0,     ,  1.0, 1.0,  74.0,    3.0,   0.0,   0.0,     0.0,     0.0,        ,     0.0,        ,     0.0,        ,     0.0,      
noletsi01, 1976,     1, COR , NHL , R  , 52.0, 12.0,  19.0,  31.0,  10.0, 0.0  ,  1.0,     ,  1.0,     ,  2.0, 2.0, 105.0,       ,      ,      ,        ,        ,        ,        ,        ,        ,        ,        ,      
noonabr01, 1987,     1, CHI , NHL , C  , 77.0, 10.0,  20.0,  30.0,  44.0, -27.0,  3.0,  8.0,  0.0,  0.0,  2.0, 0.0,  87.0,    3.0,   0.0,   0.0,     0.0,     4.0, -1.0   ,     0.0,     0.0,     0.0,     0.0,     0.0,     0.0
noonabr01, 1988,     1, CHI , NHL , R  , 45.0,  4.0,  12.0,  16.0,  28.0, -2.0 ,  2.0,  3.0,  0.0,  0.0,  0.0, 1.0,  84.0,    1.0,   0.0,   0.0,     0.0,     0.0, 0.0    ,     0.0,     0.0,     0.0,     0.0,     0.0,     3.0
noonabr01, 1989,     1, CHI , NHL , R  ,  8.0,  0.0,   2.0,   2.0,   6.0, 0.0  ,  0.0,  0.0,  0.0,  0.0,  0.0, 0.0,  13.0,       ,      ,      ,        ,        ,        ,        ,        ,        ,        ,        ,      
noonabr01, 1990,     1, CHI , NHL , R  ,  7.0,  0.0,   4.0,   4.0,   2.0, -1.0 ,  0.0,  1.0,  0.0,  0.0,  0.0, 0.0,  12.0,       ,      ,      ,        ,        ,        ,        ,        ,        ,        ,        ,      
noonabr01, 1991,     1, CHI , NHL , R  , 65.0, 19.0,  12.0,  31.0,  81.0, 9.0  ,  4.0,  4.0,  0.0,  0.0,  0.0, 2.0, 154.0,   18.0,   6.0,   9.0,    15.0,    30.0, -3.0   ,     3.0,     4.0,     0.0,     0.0,     1.0,    37.0
noonabr01, 1992,     1, CHI , NHL , R  , 63.0, 16.0,  14.0,  30.0,  82.0, 3.0  ,  5.0,  4.0,  0.0,  0.0,  3.0, 0.0, 129.0,    4.0,   3.0,   0.0,     3.0,     4.0, 0.0    ,     1.0,     0.0,     0.0,     0.0,     0.0,    13.0
noonabr01, 1993,     1, CHI , NHL , R  , 64.0, 14.0,  21.0,  35.0,  57.0, 2.0  ,  8.0,  9.0,  0.0,  0.0,  3.0, 1.0, 134.0,       ,      ,      ,        ,        ,        ,        ,        ,        ,        ,        ,      
noonabr01, 1993,     2, NYR , NHL , R  , 12.0,  4.0,   2.0,   6.0,  12.0, 5.0  ,  2.0,  0.0,  0.0,  0.0,  3.0, 0.0,  26.0,   22.0,   4.0,   7.0,    11.0,    17.0, 2.0    ,     2.0,     2.0,     0.0,     0.0,     1.0,    45.0
noonabr01, 1994,     1, NYR , NHL , R  , 45.0, 14.0,  13.0,  27.0,  26.0, -3.0 ,  7.0,  3.0,  0.0,  1.0,  1.0, 0.0,  95.0,    5.0,   0.0,   0.0,     0.0,     8.0, 0.0    ,     0.0,     0.0,     0.0,     0.0,     0.0,     5.0
noonabr01, 1995,     1, STL , NHL , R  , 81.0, 13.0,  22.0,  35.0,  84.0, 2.0  ,  3.0,  5.0,  1.0,  1.0,  6.0, 0.0, 131.0,   13.0,   4.0,   1.0,     5.0,    10.0, -5.0   ,     0.0,     0.0,     0.0,     1.0,     0.0,    21.0
noonabr01, 1996,     1, STL , NHL , R  , 13.0,  2.0,   5.0,   7.0,   0.0, 2.0  ,  0.0,  0.0,  0.0,  0.0,  0.0, 0.0,  13.0,       ,      ,      ,        ,        ,        ,        ,        ,        ,        ,        ,      
noonabr01, 1996,     2, NYR , NHL , R  , 44.0,  6.0,   9.0,  15.0,  28.0, -7.0 ,  3.0,  3.0,  0.0,  0.0,  1.0, 1.0,  62.0,       ,      ,      ,        ,        ,        ,        ,        ,        ,        ,        ,      
noonabr01, 1996,     3, VAN , NHL , R  , 16.0,  4.0,   8.0,  12.0,   6.0, 2.0  ,  0.0,  2.0,  1.0,  1.0,  0.0, 0.0,  25.0,       ,      ,      ,        ,        ,        ,        ,        ,        ,        ,        ,      
noonabr01, 1997,     1, VAN , NHL , R  , 82.0, 10.0,  15.0,  25.0,  62.0, -19.0,  1.0,  0.0,  0.0,  0.0,  2.0, 2.0,  87.0,       ,      ,      ,        ,        ,        ,        ,        ,        ,        ,        ,      
noonabr01, 1998,     1, PHO , NHL , R  ,  7.0,  0.0,   0.0,   0.0,   0.0, -3.0 ,  0.0,  0.0,  0.0,  0.0,  0.0, 0.0,   1.0,    5.0,   0.0,   2.0,     2.0,     4.0, 2.0    ,     0.0,     0.0,     0.0,     0.0,     0.0,    10.0
nordgni01, 2005,     1, CAR , NHL , L  , 43.0,  4.0,   2.0,   6.0,  30.0, -4.0 ,  0.0,  0.0,  0.0,  0.0,  0.0,    ,  32.0,       ,      ,      ,        ,        ,        ,        ,        ,        ,        ,        ,      
nordgni01, 2005,     2, PIT , NHL , L  , 15.0,  0.0,   0.0,   0.0,   4.0, -4.0 ,  0.0,  0.0,  0.0,  0.0,  0.0,    ,   6.0,       ,      ,      ,        ,        ,        ,        ,        ,        ,        ,        ,      
nordmro01, 1987,     1, STL , NHL , D  , 67.0,  3.0,  18.0,  21.0,  60.0, -6.0 ,  2.0, 12.0,  0.0,  0.0,  0.0, 0.0,  78.0,       ,      ,      ,        ,        ,        ,        ,        ,        ,        ,        ,      
nordmro01, 1988,     1, VAN , NHL , D  , 80.0,  6.0,  35.0,  41.0,  97.0, -4.0 ,  5.0, 29.0,  0.0,  0.0,  1.0, 0.0, 156.0,    7.0,   3.0,   2.0,     5.0,     8.0, -1.0   ,     2.0,     1.0,     0.0,     0.0,     0.0,    10.0
nordmro01, 1989,     1, VAN , NHL , D  , 44.0,  2.0,  11.0,  13.0,  34.0, -16.0,  1.0,  9.0,  0.0,  0.0,  0.0, 0.0,  86.0,       ,      ,      ,        ,        ,        ,        ,        ,        ,        ,        ,      
nordmro01, 1990,     1, VAN , NHL , D  , 45.0,  2.0,   6.0,   8.0,  63.0, -10.0,  1.0,  2.0,  0.0,  0.0,  0.0, 0.0,  65.0,       ,      ,      ,        ,        ,        ,        ,        ,        ,        ,        ,      
nordqjo01, 2006,     1, CHI , NHL , C  ,  3.0,  0.0,   2.0,   2.0,   2.0, 1.0  ,  0.0,  0.0,  0.0,  0.0,  0.0,    ,   2.0,       ,      ,      ,        ,        ,        ,        ,        ,        ,        ,        ,      
nordspe01, 1998,     1, BOS , NHL , C  ,  2.0,  0.0,   0.0,   0.0,   0.0, -1.0 ,  0.0,  0.0,  0.0,  0.0,  0.0, 0.0,   0.0,       ,      ,      ,        ,        ,        ,        ,        ,        ,        ,        ,      
noreama01, 2009,     1, MIN , NHL , D  ,  1.0,  0.0,   0.0,   0.0,   0.0, 0.0  ,  0.0,  0.0,  0.0,  0.0,  0.0,    ,   0.0,       ,      ,      ,        ,        ,        ,        ,        ,        ,        ,        ,      
norisjo01, 1971,     1, PIT , NHL , C  , 35.0,  2.0,   5.0,   7.0,  20.0, -8.0 ,  0.0,     ,  0.0,     ,  0.0, 0.0,  48.0,       ,      ,      ,        ,        ,        ,        ,        ,        ,        ,        ,      
norisjo01, 1972,     1, STL , NHL , C  ,  2.0,  0.0,   0.0,   0.0,   0.0, -2.0 ,  0.0,     ,  0.0,     ,  0.0, 0.0,   0.0,       ,      ,      ,        ,        ,        ,        ,        ,        ,        ,        ,      
norisjo01, 1973,     1, BUF , NHL , C  , 18.0,  0.0,   0.0,   0.0,   2.0, -4.0 ,  0.0,     ,  0.0,     ,  0.0, 0.0,   9.0,       ,      ,      ,        ,        ,        ,        ,        ,        ,        ,        ,      
norisjo01, 1975,     1, SDM , WHA , R  , 80.0, 28.0,  40.0,  68.0,  24.0, 4.0  ,  5.0,     ,  3.0,     ,  3.0,    , 194.0,   11.0,   2.0,   4.0,     6.0,     6.0, -1.0   ,        ,        ,        ,        ,        ,      
norisjo01, 1976,     1, SDM , WHA , R  , 73.0, 35.0,  57.0,  92.0,  30.0, 2.0  ,  9.0,     ,  6.0,     ,  5.0,    , 243.0,    7.0,   2.0,   1.0,     3.0,     6.0, -5.0   ,        ,        ,        ,        ,     0.0,      
norisjo01, 1977,     1, BIR , WHA , C  , 45.0,  9.0,  19.0,  28.0,   6.0, -9.0 ,  0.0,     ,  0.0,     ,     ,    ,  83.0,       ,      ,      ,        ,        ,        ,        ,        ,        ,        ,        ,      
noronmi01, 2000,     1, BUF , NHL , G  ,  2.0,  0.0,   0.0,   0.0,   0.0, 0.0  ,  0.0,  0.0,  0.0,  0.0,  0.0, 0.0,   0.0,       ,      ,      ,        ,        ,        ,        ,        ,        ,        ,        ,      
noronmi01, 2001,     1, BUF , NHL , G  , 10.0,  0.0,   0.0,   0.0,   2.0, 0.0  ,  0.0,  0.0,  0.0,  0.0,  0.0, 0.0,   0.0,       ,      ,      ,        ,        ,        ,        ,        ,        ,        ,        ,      
noronmi01, 2002,     1, BUF , NHL , G  , 16.0,  0.0,   0.0,   0.0,   0.0, 0.0  ,  0.0,  0.0,  0.0,  0.0,  0.0, 0.0,   0.0,       ,      ,      ,        ,        ,        ,        ,        ,        ,        ,        ,      
noronmi01, 2003,     1, BUF , NHL , G  , 35.0,  1.0,   0.0,   1.0,   0.0, 0.0  ,  0.0,  0.0,  0.0,  0.0,  0.0, 0.0,   1.0,       ,      ,      ,        ,        ,        ,        ,        ,        ,        ,        ,      
noronmi01, 2005,     1, BUF , NHL , G  ,  4.0,  0.0,   0.0,   0.0,   2.0, 0.0  ,  0.0,  0.0,  0.0,  0.0,  0.0,    ,   0.0,       ,      ,      ,        ,        ,        ,        ,        ,        ,        ,        ,      
noronmi01, 2005,     2, VAN , NHL , G  ,  4.0,  0.0,   0.0,   0.0,   0.0, 0.0  ,  0.0,  0.0,  0.0,  0.0,  0.0,    ,   0.0,       ,      ,      ,        ,        ,        ,        ,        ,        ,        ,        ,      
norrefr01, 2006,     1, CBS , NHL , G  , 55.0,  0.0,   0.0,   0.0,   6.0, 0.0  ,  0.0,  0.0,  0.0,  0.0,  0.0,    ,   0.0,       ,      ,      ,        ,        ,        ,        ,        ,        ,        ,        ,      
norrefr01, 2007,     1, CBS , NHL , G  , 37.0,  0.0,   1.0,   1.0,   0.0, 0.0  ,  0.0,  0.0,  0.0,  1.0,  0.0,    ,   0.0,       ,      ,      ,        ,        ,        ,        ,        ,        ,        ,        ,      
norrefr01, 2008,     1, CBS , NHL , G  ,  8.0,  0.0,   0.0,   0.0,   0.0, 0.0  ,  0.0,  0.0,  0.0,  0.0,  0.0,    ,   0.0,       ,      ,      ,        ,        ,        ,        ,        ,        ,        ,        ,      
norridw01, 1993,     1, QUE , NHL , R  ,  4.0,  1.0,   1.0,   2.0,   4.0, 1.0  ,  0.0,  1.0,  0.0,  0.0,  0.0, 0.0,   7.0,       ,      ,      ,        ,        ,        ,        ,        ,        ,        ,        ,      
norridw01, 1994,     1, QUE , NHL , R  , 13.0,  1.0,   2.0,   3.0,   2.0, 1.0  ,  0.0,  0.0,  0.0,  0.0,  1.0, 0.0,   7.0,       ,      ,      ,        ,        ,        ,        ,        ,        ,        ,        ,      
norridw01, 1995,     1, ANA , NHL , R  ,  3.0,  0.0,   1.0,   1.0,   2.0, 0.0  ,  0.0,  0.0,  0.0,  0.0,  0.0, 0.0,   3.0,       ,      ,      ,        ,        ,        ,        ,        ,        ,        ,        ,      
norrija01, 1964,     1, BOS , NHL , G  , 23.0,  0.0,   0.0,   0.0,   0.0,      ,  0.0,     ,  0.0,     ,  0.0, 0.0,      ,       ,      ,      ,        ,        ,        ,        ,        ,        ,        ,        ,      
norrija01, 1967,     1, CHI , NHL , G  ,  7.0,  0.0,   0.0,   0.0,   0.0, 0.0  ,  0.0,     ,  0.0,     ,  0.0, 0.0,   0.0,       ,      ,      ,        ,        ,        ,        ,        ,        ,        ,        ,      
norrija01, 1968,     1, CHI , NHL , G  ,  3.0,  0.0,   0.0,   0.0,   0.0, 0.0  ,  0.0,     ,  0.0,     ,  0.0, 0.0,   0.0,       ,      ,      ,        ,        ,        ,        ,        ,        ,        ,        ,      
norrija01, 1970,     1, LAK , NHL , G  , 25.0,  0.0,   0.0,   0.0,   0.0, 0.0  ,  0.0,     ,  0.0,     ,  0.0, 0.0,   0.0,       ,      ,      ,        ,        ,        ,        ,        ,        ,        ,        ,      
norrija01, 1972,     1, ALB , WHA , G  , 64.0,  0.0,   3.0,   3.0,   2.0,      ,  0.0,     ,  0.0,     ,     ,    ,      ,       ,      ,      ,        ,        ,        ,        ,        ,        ,        ,        ,      
norrija01, 1973,     1, EDO , WHA , G  , 53.0,  0.0,   3.0,   3.0,   0.0,      ,  0.0,     ,  0.0,     ,  0.0,    ,      ,    3.0,   0.0,   0.0,     0.0,     0.0,        ,        ,        ,        ,        ,     0.0,      
norrija01, 1974,     1, PHR , WHA , G  , 33.0,  0.0,   1.0,   1.0,   2.0,      ,  0.0,     ,  0.0,     ,  0.0,    ,   0.0,    2.0,   0.0,   0.0,     0.0,     0.0,        ,     0.0,        ,     0.0,        ,     0.0,      
norrija01, 1975,     1, PHR , WHA , G  , 41.0,  0.0,   2.0,   2.0,   6.0, 0.0  ,  0.0,     ,  0.0,     ,  0.0,    ,   0.0,    5.0,   0.0,   0.0,     0.0,     0.0, 0.0    ,        ,        ,        ,        ,        ,      
norriro01, 1973,     1, MNS , NHL , L  ,  9.0,  2.0,   1.0,   3.0,   0.0, -3.0 ,  0.0,     ,  0.0,     ,  0.0, 0.0,   6.0,       ,      ,      ,        ,        ,        ,        ,        ,        ,        ,        ,      
norriro01, 1974,     1, MNS , NHL , L  , 12.0,  1.0,   2.0,   3.0,   2.0, -2.0 ,  0.0,     ,  0.0,     ,  0.0, 0.0,  13.0,       ,      ,      ,        ,        ,        ,        ,        ,        ,        ,        ,      
norstma01, 1993,     1, NYR , NHL , D  ,  9.0,  0.0,   2.0,   2.0,   6.0, 0.0  ,  0.0,  0.0,  0.0,  0.0,  0.0, 0.0,   3.0,       ,      ,      ,        ,        ,        ,        ,        ,        ,        ,        ,      
norstma01, 1994,     1, NYR , NHL , D  ,  9.0,  0.0,   3.0,   3.0,   2.0, 2.0  ,  0.0,  0.0,  0.0,  0.0,  0.0, 0.0,   4.0,    3.0,   0.0,   0.0,     0.0,     0.0, -1.0   ,     0.0,     0.0,     0.0,     0.0,     0.0,     1.0
norstma01, 1995,     1, NYR , NHL , D  , 25.0,  2.0,   1.0,   3.0,  22.0, 5.0  ,  0.0,  0.0,  0.0,  0.0,  0.0, 0.0,  17.0,       ,      ,      ,        ,        ,        ,        ,        ,        ,        ,        ,      
norstma01, 1995,     2, LAK , NHL , D  , 11.0,  0.0,   1.0,   1.0,  18.0, -8.0 ,  0.0,  1.0,  0.0,  0.0,  0.0, 0.0,  17.0,       ,      ,      ,        ,        ,        ,        ,        ,        ,        ,        ,      
norstma01, 1996,     1, LAK , NHL , D  , 80.0,  1.0,  21.0,  22.0,  84.0, -4.0 ,  0.0,  5.0,  0.0,  1.0,  0.0, 0.0, 106.0,       ,      ,      ,        ,        ,        ,        ,        ,        ,        ,        ,      
norstma01, 1997,     1, LAK , NHL , D  , 73.0,  1.0,  12.0,  13.0,  90.0, 14.0 ,  0.0,  4.0,  0.0,  0.0,  0.0, 0.0,  61.0,    4.0,   0.0,   0.0,     0.0,     2.0, -1.0   ,     0.0,     0.0,     0.0,     0.0,     0.0,     3.0
norstma01, 1998,     1, LAK , NHL , D  , 78.0,  2.0,   5.0,   7.0,  36.0, -10.0,  0.0,  0.0,  1.0,  0.0,  0.0, 0.0,  61.0,       ,      ,      ,        ,        ,        ,        ,        ,        ,        ,        ,      
norstma01, 1999,     1, LAK , NHL , D  , 82.0,  1.0,  13.0,  14.0,  66.0, 22.0 ,  0.0,  0.0,  0.0,  0.0,  0.0, 0.0,  62.0,    4.0,   0.0,   0.0,     0.0,     6.0, 1.0    ,     0.0,     0.0,     0.0,     0.0,     0.0,     3.0
norstma01, 2000,     1, LAK , NHL , D  , 82.0,  0.0,  18.0,  18.0,  60.0, 10.0 ,  0.0,  0.0,  0.0,  0.0,  0.0, 0.0,  59.0,   13.0,   0.0,   2.0,     2.0,    18.0, -4.0   ,     0.0,     0.0,     0.0,     0.0,     0.0,     5.0
norstma01, 2001,     1, LAK , NHL , D  , 79.0,  2.0,   9.0,  11.0,  38.0, -2.0 ,  0.0,  0.0,  0.0,  1.0,  0.0, 0.0,  42.0,    7.0,   0.0,   0.0,     0.0,     4.0, 0.0    ,     0.0,     0.0,     0.0,     0.0,     0.0,     7.0
norstma01, 2002,     1, LAK , NHL , D  , 82.0,  0.0,   6.0,   6.0,  49.0, 0.0  ,  0.0,  0.0,  0.0,  0.0,  0.0, 0.0,  63.0,       ,      ,      ,        ,        ,        ,        ,        ,        ,        ,        ,      
norstma01, 2003,     1, LAK , NHL , D  , 74.0,  1.0,  13.0,  14.0,  44.0, -3.0 ,  0.0,  2.0,  0.0,  1.0,  0.0, 0.0,  65.0,       ,      ,      ,        ,        ,        ,        ,        ,        ,        ,        ,      
norstma01, 2005,     1, LAK , NHL , D  , 77.0,  4.0,  23.0,  27.0,  58.0, -3.0 ,  2.0,  8.0,  1.0,  1.0,  1.0,    ,  83.0,       ,      ,      ,        ,        ,        ,        ,        ,        ,        ,        ,      
norstma01, 2006,     1, LAK , NHL , D  , 62.0,  2.0,   7.0,   9.0,  40.0, -20.0,  0.0,  0.0,  0.0,  1.0,  0.0,    ,  44.0,       ,      ,      ,        ,        ,        ,        ,        ,        ,        ,        ,      
norstma01, 2006,     2, DAL , NHL , D  , 14.0,  0.0,   2.0,   2.0,   8.0, 2.0  ,  0.0,  0.0,  0.0,  0.0,  0.0,    ,  16.0,    7.0,   0.0,   0.0,     0.0,     8.0, 0.0    ,     0.0,     0.0,     0.0,     0.0,     0.0,     7.0
norstma01, 2007,     1, DAL , NHL , D  , 66.0,  2.0,  11.0,  13.0,  40.0, 3.0  ,  1.0,  0.0,  0.0,  2.0,  1.0,    ,  54.0,   18.0,   2.0,   3.0,     5.0,    16.0, 5.0    ,     0.0,     0.0,     0.0,     0.0,     1.0,    10.0
northba01, 1928,     1, MTM , NHL , L  ,  5.0,  0.0,   0.0,   0.0,   0.0,      ,     ,     ,     ,     ,     ,    ,      ,       ,      ,      ,        ,        ,        ,        ,        ,        ,        ,        ,      
northba01, 1929,     1, MTM , NHL , L  , 43.0, 10.0,   1.0,  11.0,   6.0,      ,     ,     ,     ,     ,     ,    ,      ,    4.0,   0.0,   0.0,     0.0,     4.0,        ,        ,        ,        ,        ,        ,      
northba01, 1930,     1, MTM , NHL , L  , 22.0,  7.0,   3.0,  10.0,  15.0,      ,     ,     ,     ,     ,     ,    ,      ,    2.0,   0.0,   1.0,     1.0,     0.0,        ,        ,        ,        ,        ,        ,      
northba01, 1931,     1, MTM , NHL , L  , 48.0, 19.0,   6.0,  25.0,  33.0,      ,     ,     ,     ,     ,     ,    ,      ,    4.0,   1.0,   2.0,     3.0,     4.0,        ,        ,        ,        ,        ,        ,      
northba01, 1932,     1, MTM , NHL , L  , 48.0, 22.0,  21.0,  43.0,  30.0,      ,     ,     ,     ,     ,     ,    ,      ,    2.0,   0.0,   0.0,     0.0,     4.0,        ,        ,        ,        ,        ,        ,      
northba01, 1933,     1, MTM , NHL , L  , 47.0, 20.0,  13.0,  33.0,  27.0,      ,     ,     ,     ,     ,     ,    ,      ,    4.0,   2.0,   0.0,     2.0,     0.0,        ,        ,        ,        ,        ,        ,      
northba01, 1934,     1, MTM , NHL , L  , 47.0,  9.0,  14.0,  23.0,  44.0,      ,     ,     ,     ,     ,     ,    ,      ,    7.0,   4.0,   1.0,     5.0,     0.0,        ,        ,        ,        ,        ,        ,      
northba01, 1935,     1, MTM , NHL , L  , 48.0, 15.0,  21.0,  36.0,  41.0,      ,     ,     ,     ,     ,     ,    ,      ,    3.0,   0.0,   0.0,     0.0,     0.0,        ,        ,        ,        ,        ,        ,      
northba01, 1936,     1, MTM , NHL , L  , 46.0, 15.0,  14.0,  29.0,  18.0,      ,     ,     ,     ,     ,     ,    ,      ,    5.0,   1.0,   1.0,     2.0,     2.0,        ,        ,        ,        ,        ,        ,      
northba01, 1937,     1, MTM , NHL , L  , 46.0, 11.0,  12.0,  23.0,  50.0,      ,     ,     ,     ,     ,     ,    ,      ,       ,      ,      ,        ,        ,        ,        ,        ,        ,        ,        ,      
northba01, 1938,     1, CHI , NHL , L  , 46.0,  5.0,   7.0,  12.0,   9.0,      ,     ,     ,     ,     ,     ,    ,      ,       ,      ,      ,        ,        ,        ,        ,        ,        ,        ,        ,      
nortobr01, 2001,     1, FLO , NHL , D  , 22.0,  0.0,   2.0,   2.0,  45.0, -2.0 ,  0.0,  0.0,  0.0,  0.0,  0.0, 0.0,   6.0,       ,      ,      ,        ,        ,        ,        ,        ,        ,        ,        ,      
nortobr01, 2002,     1, LAK , NHL , D  , 53.0,  3.0,   3.0,   6.0,  97.0, 1.0  ,  0.0,  0.0,  0.0,  0.0,  0.0, 0.0,  19.0,       ,      ,      ,        ,        ,        ,        ,        ,        ,        ,        ,      
nortobr01, 2003,     1, LAK , NHL , D  , 20.0,  0.0,   1.0,   1.0,  77.0, -1.0 ,  0.0,  0.0,  0.0,  0.0,  0.0, 0.0,  10.0,       ,      ,      ,        ,        ,        ,        ,        ,        ,        ,        ,      
nortobr01, 2003,     2, WAS , NHL , D  , 16.0,  0.0,   1.0,   1.0,  17.0, -4.0 ,  0.0,  0.0,  0.0,  0.0,  0.0, 0.0,   6.0,       ,      ,      ,        ,        ,        ,        ,        ,        ,        ,        ,      
nortobr01, 2005,     1, OTT , NHL , D  ,  7.0,  0.0,   0.0,   0.0,  31.0, 1.0  ,  0.0,  0.0,  0.0,  0.0,  0.0,    ,   3.0,       ,      ,      ,        ,        ,        ,        ,        ,        ,        ,        ,      
nortobr01, 2006,     1, DET , NHL , D  ,  6.0,  0.0,   1.0,   1.0,  20.0, 2.0  ,  0.0,  0.0,  0.0,  0.0,  0.0,    ,   2.0,       ,      ,      ,        ,        ,        ,        ,        ,        ,        ,        ,      
nortoje01, 1987,     1, NYI , NHL , D  , 15.0,  1.0,   6.0,   7.0,  14.0, 3.0  ,  1.0,  2.0,  0.0,  0.0,  1.0, 0.0,  18.0,    3.0,   0.0,   2.0,     2.0,    13.0, -1.0   ,     0.0,     2.0,     0.0,     0.0,     0.0,     6.0
nortoje01, 1988,     1, NYI , NHL , D  , 69.0,  1.0,  30.0,  31.0,  74.0, -24.0,  1.0, 19.0,  0.0,  0.0,  0.0, 0.0, 126.0,       ,      ,      ,        ,        ,        ,        ,        ,        ,        ,        ,      
nortoje01, 1989,     1, NYI , NHL , D  , 60.0,  4.0,  49.0,  53.0,  65.0, -9.0 ,  4.0, 30.0,  0.0,  0.0,  0.0, 0.0, 104.0,    4.0,   1.0,   3.0,     4.0,    17.0, 0.0    ,     0.0,     2.0,     0.0,     0.0,     0.0,     7.0
nortoje01, 1990,     1, NYI , NHL , D  , 44.0,  3.0,  25.0,  28.0,  16.0, -13.0,  2.0, 16.0,  1.0,  0.0,  0.0, 0.0,  87.0,       ,      ,      ,        ,        ,        ,        ,        ,        ,        ,        ,      
nortoje01, 1991,     1, NYI , NHL , D  , 28.0,  1.0,  18.0,  19.0,  18.0, 2.0  ,  0.0,  8.0,  1.0,  1.0,  0.0, 0.0,  34.0,       ,      ,      ,        ,        ,        ,        ,        ,        ,        ,        ,      
nortoje01, 1992,     1, NYI , NHL , D  , 66.0, 12.0,  38.0,  50.0,  45.0, -3.0 ,  5.0, 19.0,  0.0,  0.0,  0.0, 0.0, 127.0,   10.0,   1.0,   1.0,     2.0,     4.0, -5.0   ,     1.0,     0.0,     0.0,     0.0,     0.0,    19.0
nortoje01, 1993,     1, SJS , NHL , D  , 64.0,  7.0,  33.0,  40.0,  36.0, 16.0 ,  1.0, 10.0,  0.0,  0.0,  0.0, 0.0,  92.0,   14.0,   1.0,   5.0,     6.0,    20.0, 4.0    ,     0.0,     1.0,     0.0,     0.0,     0.0,    24.0
nortoje01, 1994,     1, SJS , NHL , D  , 20.0,  1.0,   9.0,  10.0,  39.0, 1.0  ,  0.0,  1.0,  0.0,  0.0,  0.0, 0.0,  21.0,       ,      ,      ,        ,        ,        ,        ,        ,        ,        ,        ,      
nortoje01, 1994,     2, STL , NHL , D  , 28.0,  2.0,  18.0,  20.0,  33.0, 21.0 ,  0.0,  5.0,  0.0,  0.0,  1.0, 0.0,  27.0,    7.0,   1.0,   1.0,     2.0,    11.0, 1.0    ,     0.0,     1.0,     0.0,     0.0,     0.0,    13.0
nortoje01, 1995,     1, STL , NHL , D  , 36.0,  4.0,   7.0,  11.0,  26.0, 4.0  ,  0.0,  4.0,  0.0,  0.0,  1.0, 0.0,  33.0,       ,      ,      ,        ,        ,        ,        ,        ,        ,        ,        ,      
nortoje01, 1995,     2, EDM , NHL , D  , 30.0,  4.0,  16.0,  20.0,  16.0, 5.0  ,  1.0,  8.0,  0.0,  1.0,  1.0, 0.0,  52.0,       ,      ,      ,        ,        ,        ,        ,        ,        ,        ,        ,      
nortoje01, 1996,     1, EDM , NHL , D  , 62.0,  2.0,  11.0,  13.0,  42.0, -7.0 ,  0.0,  4.0,  0.0,  0.0,  0.0, 0.0,  68.0,       ,      ,      ,        ,        ,        ,        ,        ,        ,        ,        ,      
nortoje01, 1996,     2, TBL , NHL , D  , 13.0,  0.0,   5.0,   5.0,  16.0, 0.0  ,  0.0,  2.0,  0.0,  1.0,  0.0, 0.0,  13.0,       ,      ,      ,        ,        ,        ,        ,        ,        ,        ,        ,      
nortoje01, 1997,     1, TBL , NHL , D  , 37.0,  4.0,   6.0,  10.0,  26.0, -25.0,  4.0,  1.0,  0.0,  0.0,  0.0, 1.0,  41.0,       ,      ,      ,        ,        ,        ,        ,        ,        ,        ,        ,      
nortoje01, 1997,     2, FLO , NHL , D  , 19.0,  0.0,   7.0,   7.0,  18.0, -7.0 ,  0.0,  2.0,  0.0,  0.0,  0.0, 0.0,  20.0,       ,      ,      ,        ,        ,        ,        ,        ,        ,        ,        ,      
nortoje01, 1998,     1, FLO , NHL , D  ,  3.0,  0.0,   0.0,   0.0,   2.0, 0.0  ,  0.0,  0.0,  0.0,  0.0,  0.0, 0.0,   2.0,       ,      ,      ,        ,        ,        ,        ,        ,        ,        ,        ,      
nortoje01, 1998,     2, SJS , NHL , D  , 69.0,  4.0,  18.0,  22.0,  42.0, 2.0  ,  2.0, 10.0,  0.0,  1.0,  1.0, 0.0,  68.0,    6.0,   0.0,   7.0,     7.0,    10.0, 5.0    ,     0.0,     5.0,     0.0,     1.0,     0.0,     3.0
nortoje01, 1999,     1, SJS , NHL , D  , 62.0,  0.0,  20.0,  20.0,  49.0, -2.0 ,  0.0,  2.0,  0.0,  1.0,  0.0, 0.0,  45.0,   12.0,   0.0,   1.0,     1.0,     7.0, -3.0   ,     0.0,     1.0,     0.0,     0.0,     0.0,    11.0
nortoje01, 2000,     1, PIT , NHL , D  , 32.0,  2.0,  10.0,  12.0,  20.0, 8.0  ,  1.0,  0.0,  0.0,  1.0,  1.0, 0.0,  17.0,       ,      ,      ,        ,        ,        ,        ,        ,        ,        ,        ,      
nortoje01, 2000,     2, SJS , NHL , D  , 10.0,  0.0,   1.0,   1.0,   8.0, 4.0  ,  0.0,  0.0,  0.0,  0.0,  0.0, 0.0,   5.0,    6.0,   0.0,   1.0,     1.0,     2.0, -2.0   ,     0.0,     0.0,     0.0,     0.0,     0.0,     3.0
nortoje01, 2001,     1, FLO , NHL , D  , 29.0,  0.0,   4.0,   4.0,   8.0, -5.0 ,  0.0,  1.0,  0.0,  0.0,  0.0, 0.0,  13.0,       ,      ,      ,        ,        ,        ,        ,        ,        ,        ,        ,      
nortoje01, 2001,     2, BOS , NHL , D  ,  3.0,  0.0,   1.0,   1.0,   2.0, 0.0  ,  0.0,  1.0,  0.0,  0.0,  0.0, 0.0,   2.0,    3.0,   0.0,   0.0,     0.0,     5.0, 1.0    ,     0.0,     0.0,     0.0,     0.0,     0.0,     1.0
norwicr01, 1977,     1, CIN , WHA , D  , 65.0,  7.0,  23.0,  30.0,  48.0, 3.0  ,  2.0,     ,  0.0,     ,     ,    , 100.0,       ,      ,      ,        ,        ,        ,        ,        ,        ,        ,        ,      
norwicr01, 1978,     1, CIN , WHA , D  , 80.0,  6.0,  51.0,  57.0,  73.0, 2.0  ,  2.0,     ,  0.0,     ,     ,    , 265.0,    3.0,   0.0,   1.0,     1.0,     4.0, 1.0    ,        ,        ,        ,        ,     0.0,      
norwicr01, 1979,     1, WIN , NHL , D  , 70.0, 10.0,  35.0,  45.0,  36.0, -11.0,  7.0,     ,  0.0,     ,  0.0, 0.0, 217.0,       ,      ,      ,        ,        ,        ,        ,        ,        ,        ,        ,      
norwicr01, 1980,     1, STL , NHL , D  , 23.0,  4.0,  12.0,  16.0,  14.0, 1.0  ,  3.0,     ,  0.0,     ,  1.0, 0.0,  64.0,       ,      ,      ,        ,        ,        ,        ,        ,        ,        ,        ,      
norwicr01, 1980,     2, COR , NHL , D  , 11.0,  3.0,  11.0,  14.0,  10.0, 4.0  ,  1.0,     ,  0.0,     ,  0.0, 0.0,  23.0,       ,      ,      ,        ,        ,        ,        ,        ,        ,        ,        ,      
norwole01, 1980,     1, QUE , NHL , D  , 11.0,  1.0,   1.0,   2.0,   9.0, -3.0 ,  0.0,     ,  0.0,     ,  0.0, 0.0,   8.0,    3.0,   0.0,   0.0,     0.0,     2.0,        ,     0.0,        ,     0.0,        ,     0.0,      
norwole01, 1981,     1, QUE , NHL , D  ,  2.0,  0.0,   0.0,   0.0,   2.0, 1.0  ,  0.0,     ,  0.0,     ,  0.0, 0.0,   1.0,       ,      ,      ,        ,        ,        ,        ,        ,        ,        ,        ,      
norwole01, 1981,     2, WAS , NHL , D  , 26.0,  7.0,  10.0,  17.0, 125.0, 7.0  ,  3.0,     ,  0.0,     ,  1.0, 0.0,  33.0,       ,      ,      ,        ,        ,        ,        ,        ,        ,        ,        ,      
norwole01, 1982,     1, WAS , NHL , D  ,  8.0,  0.0,   1.0,   1.0,  14.0, -3.0 ,  0.0,     ,  0.0,     ,  0.0, 0.0,   6.0,       ,      ,      ,        ,        ,        ,        ,        ,        ,        ,        ,      
norwole01, 1985,     1, STL , NHL , D  , 71.0,  5.0,  24.0,  29.0, 134.0, 7.0  ,  2.0,     ,  0.0,     ,  1.0, 0.0, 111.0,   19.0,   2.0,   7.0,     9.0,    64.0, 12.0   ,     0.0,        ,     0.0,        ,     0.0,    32.0
norwole01, 1986,     1, DET , NHL , D  , 57.0,  6.0,  21.0,  27.0, 163.0, -23.0,  4.0,     ,  0.0,     ,  2.0, 0.0, 101.0,   16.0,   1.0,   6.0,     7.0,    31.0, -1.0   ,     0.0,        ,     0.0,        ,     1.0,    31.0
norwole01, 1987,     1, DET , NHL , D  , 51.0,  9.0,  22.0,  31.0, 131.0, 4.0  ,  3.0,  8.0,  0.0,  2.0,  2.0, 0.0, 106.0,   16.0,   2.0,   6.0,     8.0,    40.0, -4.0   ,     2.0,     3.0,     0.0,     1.0,     0.0,    43.0
norwole01, 1988,     1, DET , NHL , D  , 66.0, 10.0,  32.0,  42.0, 100.0, 6.0  ,  4.0, 14.0,  1.0,  2.0,  0.0, 0.0,  97.0,    6.0,   1.0,   2.0,     3.0,    16.0, 2.0    ,     1.0,     0.0,     0.0,     0.0,     0.0,    11.0
norwole01, 1989,     1, DET , NHL , D  , 64.0,  8.0,  14.0,  22.0,  95.0, 14.0 ,  1.0,  2.0,  0.0,  3.0,  1.0, 0.0,  60.0,       ,      ,      ,        ,        ,        ,        ,        ,        ,        ,        ,      
norwole01, 1990,     1, DET , NHL , D  , 21.0,  3.0,   7.0,  10.0,  50.0, 6.0  ,  1.0,     ,  0.0,  0.0,  0.0, 0.0,  36.0,       ,      ,      ,        ,        ,        ,        ,        ,        ,        ,        ,      
norwole01, 1990,     2, NJD , NHL , D  , 28.0,  3.0,   2.0,   5.0,  87.0, -1.0 ,  1.0,     ,  0.0,  0.0,  0.0, 1.0,  27.0,    4.0,   0.0,   0.0,     0.0,    18.0, 0.0    ,     0.0,     0.0,     0.0,     0.0,     0.0,     4.0
norwole01, 1991,     1, HAR , NHL , D  ,  6.0,  0.0,   0.0,   0.0,  16.0, 0.0  ,  0.0,  0.0,  0.0,  0.0,  0.0, 0.0,   1.0,       ,      ,      ,        ,        ,        ,        ,        ,        ,        ,        ,      
norwole01, 1991,     2, STL , NHL , D  , 44.0,  3.0,  11.0,  14.0,  94.0, 14.0 ,  1.0,  4.0,  0.0,  1.0,  1.0, 0.0,  51.0,    1.0,   0.0,   1.0,     1.0,     0.0, 0.0    ,     0.0,     0.0,     0.0,     0.0,     0.0,     2.0
norwole01, 1992,     1, STL , NHL , D  , 32.0,  3.0,   7.0,  10.0,  63.0, -5.0 ,  2.0,  4.0,  0.0,  0.0,  0.0, 0.0,  36.0,       ,      ,      ,        ,        ,        ,        ,        ,        ,        ,        ,      
norwole01, 1993,     1, CAL , NHL , D  , 16.0,  0.0,   1.0,   1.0,  16.0, 3.0  ,  0.0,  0.0,  0.0,  0.0,  0.0, 0.0,  10.0,       ,      ,      ,        ,        ,        ,        ,        ,        ,        ,        ,      
novakfi01, 2005,     1, OTT , NHL , D  , 11.0,  0.0,   0.0,   0.0,   4.0, -2.0 ,  0.0,  0.0,  0.0,  0.0,  0.0,    ,   5.0,       ,      ,      ,        ,        ,        ,        ,        ,        ,        ,        ,      
novakfi01, 2006,     1, CBS , NHL , D  ,  6.0,  0.0,   0.0,   0.0,   2.0, 1.0  ,  0.0,  0.0,  0.0,  0.0,  0.0,    ,   3.0,       ,      ,      ,        ,        ,        ,        ,        ,        ,        ,        ,      
novakmi01, 1977,     1, CZE , WHA , L  ,  7.0,  0.0,   2.0,   2.0,   6.0,      ,  0.0,     ,  0.0,     ,  0.0,    ,      ,       ,      ,      ,        ,        ,        ,        ,        ,        ,        ,        ,      
novakmi01, 1978,     1, CZE , WHA ,    ,  5.0,  2.0,   0.0,   2.0,   4.0,      ,     ,     ,     ,     ,     ,    ,      ,       ,      ,      ,        ,        ,        ,        ,        ,        ,        ,        ,      
novosiv01, 1999,     1, FLO , NHL , R  , 14.0,  2.0,   1.0,   3.0,   8.0, -3.0 ,  2.0,  0.0,  0.0,  0.0,  0.0, 0.0,   8.0,       ,      ,      ,        ,        ,        ,        ,        ,        ,        ,        ,      
novosiv01, 2000,     1, FLO , NHL , R  , 38.0,  3.0,   6.0,   9.0,  16.0, -5.0 ,  0.0,  1.0,  0.0,  0.0,  0.0, 0.0,  34.0,       ,      ,      ,        ,        ,        ,        ,        ,        ,        ,        ,      
novosiv01, 2001,     1, FLO , NHL , R  , 70.0, 13.0,  16.0,  29.0,  44.0, -10.0,  1.0,  4.0,  1.0,  1.0,  5.0, 0.0, 109.0,       ,      ,      ,        ,        ,        ,        ,        ,        ,        ,        ,      
novosiv01, 2002,     1, FLO , NHL , R  , 78.0, 10.0,  17.0,  27.0,  30.0, -16.0,  1.0,  3.0,  0.0,  0.0,  0.0, 1.0, 115.0,       ,      ,      ,        ,        ,        ,        ,        ,        ,        ,        ,      
novosiv01, 2003,     1, FLO , NHL , R  , 17.0,  1.0,   4.0,   5.0,   8.0, -6.0 ,  0.0,  1.0,  0.0,  0.0,  0.0, 0.0,  25.0,       ,      ,      ,        ,        ,        ,        ,        ,        ,        ,        ,      
novosiv01, 2003,     2, PHO , NHL , R  , 17.0,  2.0,   0.0,   2.0,   6.0, -7.0 ,  0.0,  0.0,  0.0,  0.0,  0.0, 0.0,  23.0,       ,      ,      ,        ,        ,        ,        ,        ,        ,        ,        ,      
novotji01, 2005,     1, BUF , NHL , C  , 14.0,  2.0,   1.0,   3.0,   0.0, -5.0 ,  0.0,  0.0,  1.0,  0.0,  0.0,    ,  15.0,    4.0,   0.0,   0.0,     0.0,     0.0, -1.0   ,     0.0,     0.0,     0.0,     0.0,     0.0,     3.0
novotji01, 2006,     1, BUF , NHL , C  , 50.0,  6.0,   7.0,  13.0,  26.0, -2.0 ,  0.0,  0.0,  0.0,  0.0,  0.0,    ,  60.0,       ,      ,      ,        ,        ,        ,        ,        ,        ,        ,        ,      
novotji01, 2006,     2, WAS , NHL , C  , 18.0,  0.0,   6.0,   6.0,   2.0, -2.0 ,  0.0,  0.0,  0.0,  0.0,  0.0,    ,  19.0,       ,      ,      ,        ,        ,        ,        ,        ,        ,        ,        ,      
novotji01, 2007,     1, CBS , NHL , C  , 65.0,  8.0,  14.0,  22.0,  24.0, -10.0,  1.0,  4.0,  0.0,  2.0,  0.0,    ,  91.0,       ,      ,      ,        ,        ,        ,        ,        ,        ,        ,        ,      
novotji01, 2008,     1, CBS , NHL , C  , 42.0,  4.0,   3.0,   7.0,  14.0, 4.0  ,  0.0,  0.0,  1.0,  0.0,  0.0,    ,  56.0,       ,      ,      ,        ,        ,        ,        ,        ,        ,        ,        ,      
novymi01 , 1982,     1, WAS , NHL , C  , 73.0, 18.0,  30.0,  48.0,  16.0, 1.0  ,  3.0,     ,  0.0,     ,  3.0, 1.0, 131.0,    2.0,   0.0,   0.0,     0.0,     0.0,        ,     0.0,        ,     0.0,        ,     0.0,      
nowakha01, 1973,     1, PIT , NHL , L  , 13.0,  0.0,   0.0,   0.0,  11.0, -14.0,  0.0,     ,  0.0,     ,  0.0, 0.0,  26.0,       ,      ,      ,        ,        ,        ,        ,        ,        ,        ,        ,      
nowakha01, 1974,     1, DET , NHL , L  , 56.0,  8.0,  14.0,  22.0,  69.0, -34.0,  1.0,     ,  0.0,     ,  0.0, 0.0, 110.0,       ,      ,      ,        ,        ,        ,        ,        ,        ,        ,        ,      
nowakha01, 1974,     2, BOS , NHL , L  , 21.0,  4.0,   7.0,  11.0,  26.0, 8.0  ,  0.0,     ,  0.0,     ,  1.0, 0.0,  38.0,    3.0,   1.0,   0.0,     1.0,     0.0,        ,     0.0,        ,     0.0,        ,     0.0,      
nowakha01, 1975,     1, BOS , NHL , L  , 66.0,  7.0,   3.0,  10.0,  41.0, -1.0 ,  0.0,     ,  0.0,     ,  1.0, 0.0,  60.0,   10.0,   0.0,   0.0,     0.0,     8.0,        ,     0.0,        ,     0.0,        ,     0.0,      
nowakha01, 1976,     1, BOS , NHL , L  , 24.0,  7.0,   5.0,  12.0,  14.0, 4.0  ,  0.0,     ,  0.0,     ,  1.0, 0.0,  36.0,       ,      ,      ,        ,        ,        ,        ,        ,        ,        ,        ,      
nugenke01, 1978,     1, IND , WHA , R  , 25.0,  2.0,   8.0,  10.0,  20.0, -2.0 ,  0.0,     ,  0.0,     ,     ,    ,  38.0,       ,      ,      ,        ,        ,        ,        ,        ,        ,        ,        ,      
nummepe01, 2000,     1, CBS , NHL , D  , 61.0,  4.0,  12.0,  16.0,  10.0, -11.0,  2.0,  8.0,  0.0,  0.0,  0.0, 0.0,  99.0,       ,      ,      ,        ,        ,        ,        ,        ,        ,        ,        ,      
nummepe01, 2006,     1, MIN , NHL , D  , 51.0,  3.0,  17.0,  20.0,  22.0, -15.0,  0.0, 13.0,  0.0,  0.0,  0.0,    ,  69.0,    3.0,   1.0,   1.0,     2.0,     0.0, 1.0    ,     1.0,     0.0,     0.0,     0.0,     0.0,     5.0
nummepe01, 2007,     1, MIN , NHL , D  , 27.0,  2.0,   7.0,   9.0,   2.0, -2.0 ,  1.0,  5.0,  0.0,  0.0,  1.0,    ,  31.0,    4.0,   0.0,   1.0,     1.0,     0.0, -1.0   ,     0.0,     1.0,     0.0,     0.0,     0.0,    10.0
nummite01, 1988,     1, WIN , NHL , D  , 69.0,  1.0,  14.0,  15.0,  36.0, -11.0,  0.0,  4.0,  1.0,  0.0,  0.0, 1.0,  85.0,       ,      ,      ,        ,        ,        ,        ,        ,        ,        ,        ,      
nummite01, 1989,     1, WIN , NHL , D  , 79.0, 11.0,  32.0,  43.0,  20.0, -4.0 ,  1.0, 12.0,  0.0,  1.0,  1.0, 0.0, 105.0,    7.0,   1.0,   2.0,     3.0,    10.0, 1.0    ,     0.0,     1.0,     0.0,     0.0,     0.0,    10.0
nummite01, 1990,     1, WIN , NHL , D  , 80.0,  8.0,  25.0,  33.0,  28.0, -15.0,  3.0,  9.0,  0.0,  0.0,  0.0, 0.0, 151.0,       ,      ,      ,        ,        ,        ,        ,        ,        ,        ,        ,      
nummite01, 1991,     1, WIN , NHL , D  , 80.0,  5.0,  34.0,  39.0,  32.0, 15.0 ,  4.0, 15.0,  0.0,  1.0,  1.0, 0.0, 143.0,    7.0,   0.0,   0.0,     0.0,     0.0, -3.0   ,     0.0,     0.0,     0.0,     0.0,     0.0,     9.0
nummite01, 1992,     1, WIN , NHL , D  , 66.0,  7.0,  30.0,  37.0,  33.0, 4.0  ,  3.0,  7.0,  1.0,  0.0,  0.0, 0.0, 103.0,    6.0,   1.0,   1.0,     2.0,     2.0, -4.0   ,     1.0,     0.0,     0.0,     0.0,     0.0,     9.0
nummite01, 1993,     1, WIN , NHL , D  , 57.0,  5.0,  18.0,  23.0,  28.0, -23.0,  4.0,  9.0,  0.0,  2.0,  1.0, 0.0,  89.0,       ,      ,      ,        ,        ,        ,        ,        ,        ,        ,        ,      
nummite01, 1994,     1, WIN , NHL , D  , 42.0,  5.0,  16.0,  21.0,  16.0, 12.0 ,  2.0,  6.0,  0.0,  0.0,  0.0, 0.0,  86.0,       ,      ,      ,        ,        ,        ,        ,        ,        ,        ,        ,      
nummite01, 1995,     1, WIN , NHL , D  , 74.0, 11.0,  43.0,  54.0,  22.0, -4.0 ,  6.0, 22.0,  0.0,  1.0,  3.0, 0.0, 165.0,    6.0,   0.0,   0.0,     0.0,     2.0, -3.0   ,     0.0,     0.0,     0.0,     0.0,     0.0,     6.0
nummite01, 1996,     1, PHO , NHL , D  , 82.0,  2.0,  25.0,  27.0,  28.0, -3.0 ,  0.0,  9.0,  0.0,  0.0,  0.0, 0.0, 135.0,    7.0,   3.0,   3.0,     6.0,     0.0, 3.0    ,     1.0,     1.0,     0.0,     0.0,     1.0,    19.0
nummite01, 1997,     1, PHO , NHL , D  , 82.0, 11.0,  40.0,  51.0,  30.0, 25.0 ,  6.0, 16.0,  0.0,  2.0,  2.0, 0.0, 126.0,    1.0,   0.0,   0.0,     0.0,     0.0, 0.0    ,     0.0,     0.0,     0.0,     0.0,     0.0,     0.0
nummite01, 1998,     1, PHO , NHL , D  , 82.0, 10.0,  30.0,  40.0,  30.0, 3.0  ,  1.0, 15.0,  0.0,  2.0,  0.0, 2.0, 156.0,    7.0,   2.0,   1.0,     3.0,     4.0, -5.0   ,     2.0,     1.0,     0.0,     0.0,     0.0,    18.0
nummite01, 1999,     1, PHO , NHL , D  , 79.0,  8.0,  34.0,  42.0,  16.0, 21.0 ,  2.0, 11.0,  0.0,  3.0,  2.0, 0.0, 126.0,    5.0,   1.0,   1.0,     2.0,     0.0, 1.0    ,     0.0,     1.0,     0.0,     0.0,     0.0,    12.0
nummite01, 2000,     1, PHO , NHL , D  , 72.0,  5.0,  26.0,  31.0,  36.0, 9.0  ,  1.0, 21.0,  0.0,  0.0,  2.0, 0.0, 109.0,       ,      ,      ,        ,        ,        ,        ,        ,        ,        ,        ,      
nummite01, 2001,     1, PHO , NHL , D  , 76.0, 13.0,  35.0,  48.0,  20.0, 13.0 ,  4.0, 20.0,  0.0,  2.0,  6.0, 0.0, 117.0,    4.0,   0.0,   0.0,     0.0,     2.0, 0.0    ,     0.0,     0.0,     0.0,     0.0,     0.0,     6.0
nummite01, 2002,     1, PHO , NHL , D  , 78.0,  6.0,  24.0,  30.0,  30.0, 0.0  ,  2.0, 14.0,  0.0,  1.0,  1.0, 1.0, 108.0,       ,      ,      ,        ,        ,        ,        ,        ,        ,        ,        ,      
nummite01, 2003,     1, DAL , NHL , D  , 62.0,  3.0,  14.0,  17.0,  18.0, -5.0 ,  0.0,  7.0,  0.0,  0.0,  0.0, 1.0,  83.0,    4.0,   0.0,   1.0,     1.0,     0.0, -1.0   ,     0.0,     0.0,     0.0,     0.0,     0.0,     3.0
nummite01, 2005,     1, BUF , NHL , D  , 75.0,  2.0,  38.0,  40.0,  36.0, 6.0  ,  0.0, 20.0,  0.0,  0.0,  0.0,    ,  60.0,   12.0,   1.0,   1.0,     2.0,     4.0, 3.0    ,     1.0,     0.0,     0.0,     0.0,     0.0,     7.0
nummite01, 2006,     1, BUF , NHL , D  , 79.0,  2.0,  27.0,  29.0,  32.0, 17.0 ,  0.0, 12.0,  0.0,  1.0,  0.0,    ,  69.0,   16.0,   0.0,   4.0,     4.0,     4.0, 10.0   ,     0.0,     0.0,     0.0,     0.0,     0.0,     9.0
nummite01, 2007,     1, BUF , NHL , D  ,  1.0,  0.0,   0.0,   0.0,   0.0, 0.0  ,  0.0,  0.0,  0.0,  0.0,  0.0,    ,   1.0,       ,      ,      ,        ,        ,        ,        ,        ,        ,        ,        ,      
nummite01, 2008,     1, BUF , NHL , D  , 57.0,  2.0,  15.0,  17.0,  22.0, -4.0 ,  1.0,  5.0,  0.0,  0.0,  1.0,    ,  34.0,       ,      ,      ,        ,        ,        ,        ,        ,        ,        ,        ,      
nurmika01, 1996,     1, LAK , NHL , R  , 67.0, 16.0,  11.0,  27.0,  22.0, -3.0 ,  4.0,  4.0,  0.0,  0.0,  1.0, 1.0, 112.0,       ,      ,      ,        ,        ,        ,        ,        ,        ,        ,        ,      
nurmika01, 2000,     1, MIN , NHL , L  ,  2.0,  1.0,   0.0,   1.0,   2.0, -1.0 ,  0.0,  0.0,  0.0,  0.0,  0.0, 0.0,   1.0,       ,      ,      ,        ,        ,        ,        ,        ,        ,        ,        ,      
nurmipa01, 2001,     1, ATL , NHL , G  ,  9.0,  0.0,   0.0,   0.0,   0.0, 0.0  ,  0.0,  0.0,  0.0,  0.0,  0.0, 0.0,   0.0,       ,      ,      ,        ,        ,        ,        ,        ,        ,        ,        ,      
nurmipa01, 2002,     1, ATL , NHL , G  , 52.0,  0.0,   3.0,   3.0,   4.0, 0.0  ,  0.0,  1.0,  0.0,  0.0,  0.0, 0.0,   0.0,       ,      ,      ,        ,        ,        ,        ,        ,        ,        ,        ,      
nurmipa01, 2003,     1, ATL , NHL , G  , 64.0,  0.0,   2.0,   2.0,  35.0, 0.0  ,  0.0,  1.0,  0.0,  0.0,  0.0, 0.0,   0.0,       ,      ,      ,        ,        ,        ,        ,        ,        ,        ,        ,      
nychola01, 2003,     1, NYR , NHL , D  ,  9.0,  0.0,   0.0,   0.0,   6.0, -2.0 ,  0.0,  0.0,  0.0,  0.0,  0.0, 0.0,   6.0,       ,      ,      ,        ,        ,        ,        ,        ,        ,        ,        ,      
nychola01, 2006,     1, WAS , NHL , D  , 18.0,  2.0,   6.0,   8.0,  12.0, -3.0 ,  0.0,  2.0,  0.0,  0.0,  0.0,    ,  22.0,       ,      ,      ,        ,        ,        ,        ,        ,        ,        ,        ,      
nychola01, 2006,     2, OTT , NHL , D  ,  1.0,  0.0,   0.0,   0.0,   0.0, 0.0  ,  0.0,  0.0,  0.0,  0.0,  0.0,    ,   3.0,       ,      ,      ,        ,        ,        ,        ,        ,        ,        ,        ,      
nychola01, 2007,     1, OTT , NHL , D  ,  3.0,  0.0,   0.0,   0.0,   0.0, 1.0  ,  0.0,  0.0,  0.0,  0.0,  0.0,    ,   4.0,       ,      ,      ,        ,        ,        ,        ,        ,        ,        ,        ,      
nychola01, 2008,     1, VAN , NHL , D  , 14.0,  0.0,   1.0,   1.0,   6.0, 3.0  ,  0.0,  0.0,  0.0,  0.0,  0.0,    ,   8.0,       ,      ,      ,        ,        ,        ,        ,        ,        ,        ,        ,      
nychola01, 2008,     2, COL , NHL , D  ,  5.0,  0.0,   0.0,   0.0,   0.0, -2.0 ,  0.0,  0.0,  0.0,  0.0,  0.0,    ,   1.0,       ,      ,      ,        ,        ,        ,        ,        ,        ,        ,        ,      
nykolmi01, 1956,     1, TOR , NHL , R  , 32.0,  3.0,   1.0,   4.0,  20.0,      ,     ,     ,     ,     ,     ,    ,      ,       ,      ,      ,        ,        ,        ,        ,        ,        ,        ,        ,      
nylanmi01, 1992,     1, HAR , NHL , C  , 59.0, 11.0,  22.0,  33.0,  36.0, -7.0 ,  3.0,  4.0,  0.0,  0.0,  1.0, 0.0,  85.0,       ,      ,      ,        ,        ,        ,        ,        ,        ,        ,        ,      
nylanmi01, 1993,     1, HAR , NHL , L  , 58.0, 11.0,  33.0,  44.0,  24.0, -2.0 ,  4.0,  7.0,  0.0,  0.0,  1.0, 2.0,  74.0,       ,      ,      ,        ,        ,        ,        ,        ,        ,        ,        ,      
nylanmi01, 1993,     2, CAL , NHL , L  , 15.0,  2.0,   9.0,  11.0,   6.0, 10.0 ,  0.0,  0.0,  0.0,  0.0,  0.0, 0.0,  21.0,    3.0,   0.0,   0.0,     0.0,     0.0, -1.0   ,     0.0,     0.0,     0.0,     0.0,     0.0,     3.0
nylanmi01, 1994,     1, CAL , NHL , C  ,  6.0,  0.0,   1.0,   1.0,   2.0, 1.0  ,  0.0,  0.0,  0.0,  0.0,  0.0, 0.0,   2.0,    6.0,   0.0,   6.0,     6.0,     2.0, -3.0   ,     0.0,     5.0,     0.0,     0.0,     0.0,    13.0
nylanmi01, 1995,     1, CAL , NHL , C  , 73.0, 17.0,  38.0,  55.0,  20.0, 0.0  ,  4.0, 15.0,  0.0,  0.0,  6.0, 0.0, 163.0,    4.0,   0.0,   0.0,     0.0,     0.0, -4.0   ,     0.0,     0.0,     0.0,     0.0,     0.0,     9.0
nylanmi01, 1997,     1, CAL , NHL , C  , 65.0, 13.0,  23.0,  36.0,  24.0, 10.0 ,  0.0,  5.0,  0.0,  0.0,  2.0, 0.0, 117.0,       ,      ,      ,        ,        ,        ,        ,        ,        ,        ,        ,      
nylanmi01, 1998,     1, CAL , NHL , C  ,  9.0,  2.0,   3.0,   5.0,   2.0, 1.0  ,  1.0,  1.0,  0.0,  0.0,  0.0, 0.0,   7.0,       ,      ,      ,        ,        ,        ,        ,        ,        ,        ,        ,      
nylanmi01, 1998,     2, TBL , NHL , C  , 24.0,  2.0,   7.0,   9.0,   6.0, -10.0,  0.0,  3.0,  0.0,  0.0,  0.0, 0.0,  26.0,       ,      ,      ,        ,        ,        ,        ,        ,        ,        ,        ,      
nylanmi01, 1999,     1, TBL , NHL , R  , 11.0,  1.0,   2.0,   3.0,   4.0, -3.0 ,  1.0,  1.0,  0.0,  0.0,  0.0, 0.0,  10.0,       ,      ,      ,        ,        ,        ,        ,        ,        ,        ,        ,      
nylanmi01, 1999,     2, CHI , NHL , R  , 66.0, 23.0,  28.0,  51.0,  26.0, 9.0  ,  4.0,  7.0,  0.0,  0.0,  2.0, 0.0, 112.0,       ,      ,      ,        ,        ,        ,        ,        ,        ,        ,        ,      
nylanmi01, 2000,     1, CHI , NHL , C  , 82.0, 25.0,  39.0,  64.0,  32.0, 7.0  ,  4.0, 11.0,  0.0,  2.0,  5.0, 0.0, 176.0,       ,      ,      ,        ,        ,        ,        ,        ,        ,        ,        ,      
nylanmi01, 2001,     1, CHI , NHL , C  , 82.0, 15.0,  46.0,  61.0,  50.0, 28.0 ,  6.0, 14.0,  0.0,  0.0,  2.0, 0.0, 158.0,    5.0,   0.0,   3.0,     3.0,     2.0, 2.0    ,     0.0,     1.0,     0.0,     0.0,     0.0,     6.0
nylanmi01, 2002,     1, CHI , NHL , C  ,  9.0,  0.0,   4.0,   4.0,   4.0, 0.0  ,  0.0,  2.0,  0.0,  0.0,  0.0, 0.0,  20.0,       ,      ,      ,        ,        ,        ,        ,        ,        ,        ,        ,      
nylanmi01, 2002,     2, WAS , NHL , C  , 71.0, 17.0,  39.0,  56.0,  36.0, 3.0  ,  7.0, 10.0,  0.0,  0.0,  2.0, 0.0, 141.0,    6.0,   3.0,   2.0,     5.0,     8.0, 0.0    ,     1.0,     1.0,     0.0,     0.0,     1.0,    15.0
nylanmi01, 2003,     1, WAS , NHL , C  ,  3.0,  0.0,   2.0,   2.0,   8.0, 1.0  ,  0.0,  0.0,  0.0,  0.0,  0.0, 0.0,   1.0,       ,      ,      ,        ,        ,        ,        ,        ,        ,        ,        ,      
nylanmi01, 2003,     2, BOS , NHL , C  , 15.0,  1.0,  11.0,  12.0,  14.0, 3.0  ,  0.0,  4.0,  0.0,  0.0,  1.0, 0.0,  29.0,    6.0,   3.0,   3.0,     6.0,     0.0, 2.0    ,     0.0,     1.0,     0.0,     0.0,     0.0,    10.0
nylanmi01, 2005,     1, NYR , NHL , C  , 81.0, 23.0,  56.0,  79.0,  76.0, 31.0 ,  6.0, 11.0,  0.0,  0.0,  4.0,    , 172.0,    4.0,   0.0,   1.0,     1.0,     0.0, -3.0   ,     0.0,     1.0,     0.0,     0.0,     0.0,    10.0
nylanmi01, 2006,     1, NYR , NHL , C  , 79.0, 26.0,  57.0,  83.0,  42.0, 12.0 , 14.0, 23.0,  0.0,  0.0,  4.0,    , 193.0,   10.0,   6.0,   7.0,    13.0,     0.0, 9.0    ,     2.0,     2.0,     0.0,     0.0,     2.0,    23.0
nylanmi01, 2007,     1, WAS , NHL , C  , 40.0, 11.0,  26.0,  37.0,  24.0, -19.0,  5.0, 13.0,  0.0,  0.0,  1.0,    ,  77.0,       ,      ,      ,        ,        ,        ,        ,        ,        ,        ,        ,      
nylanmi01, 2008,     1, WAS , NHL , C  , 72.0,  9.0,  24.0,  33.0,  32.0, 0.0  ,  4.0,  6.0,  0.0,  0.0,  2.0,    ,  87.0,    3.0,   0.0,   0.0,     0.0,     2.0, -1.0   ,     0.0,     0.0,     0.0,     0.0,     0.0,     0.0
nylunga01, 1982,     1, TOR , NHL , D  , 16.0,  0.0,   3.0,   3.0,  16.0, 0.0  ,  0.0,     ,  0.0,     ,  0.0, 0.0,  12.0,       ,      ,      ,        ,        ,        ,        ,        ,        ,        ,        ,      
nylunga01, 1983,     1, TOR , NHL , D  , 47.0,  2.0,  14.0,  16.0, 103.0, -27.0,  0.0,     ,  0.0,     ,  0.0, 0.0,  71.0,       ,      ,      ,        ,        ,        ,        ,        ,        ,        ,        ,      
nylunga01, 1984,     1, TOR , NHL , D  , 76.0,  3.0,  17.0,  20.0,  99.0, -37.0,  0.0,     ,  0.0,     ,  1.0, 0.0,  61.0,       ,      ,      ,        ,        ,        ,        ,        ,        ,        ,        ,      
nylunga01, 1985,     1, TOR , NHL , D  , 79.0,  2.0,  16.0,  18.0, 180.0, -32.0,  0.0,     ,  0.0,     ,  0.0, 0.0,  84.0,   10.0,   0.0,   2.0,     2.0,    25.0, -5.0   ,     0.0,        ,     0.0,        ,     0.0,     8.0
nylunga01, 1986,     1, CHI , NHL , D  , 80.0,  7.0,  20.0,  27.0, 190.0, -9.0 ,  2.0,     ,  0.0,     ,  0.0, 0.0, 123.0,    4.0,   0.0,   2.0,     2.0,    11.0, -1.0   ,     0.0,        ,     0.0,        ,     0.0,     7.0
nylunga01, 1987,     1, CHI , NHL , D  , 76.0,  4.0,  15.0,  19.0, 208.0, -9.0 ,  0.0,  0.0,  0.0,  2.0,  0.0, 0.0,  92.0,    5.0,   0.0,   0.0,     0.0,    10.0, -1.0   ,     0.0,     0.0,     0.0,     0.0,     0.0,     9.0
nylunga01, 1988,     1, CHI , NHL , D  , 23.0,  3.0,   2.0,   5.0,  63.0, -4.0 ,  0.0,     ,  0.0,  0.0,  0.0, 0.0,  26.0,       ,      ,      ,        ,        ,        ,        ,        ,        ,        ,        ,      
nylunga01, 1988,     2, NYI , NHL , D  , 46.0,  4.0,   8.0,  12.0,  74.0, -15.0,  0.0,     ,  0.0,  0.0,  0.0, 0.0,  48.0,       ,      ,      ,        ,        ,        ,        ,        ,        ,        ,        ,      
nylunga01, 1989,     1, NYI , NHL , D  , 64.0,  4.0,  21.0,  25.0, 144.0, 8.0  ,  2.0,  4.0,  0.0,  1.0,  0.0, 2.0,  65.0,    5.0,   0.0,   2.0,     2.0,    17.0, 1.0    ,     0.0,     0.0,     0.0,     0.0,     0.0,     8.0
nylunga01, 1990,     1, NYI , NHL , D  , 72.0,  2.0,  21.0,  23.0, 105.0, -8.0 ,  0.0,  7.0,  0.0,  2.0,  0.0, 0.0, 102.0,       ,      ,      ,        ,        ,        ,        ,        ,        ,        ,        ,      
nylunga01, 1991,     1, NYI , NHL , D  ,  7.0,  0.0,   1.0,   1.0,  10.0, -3.0 ,  0.0,  0.0,  0.0,  0.0,  0.0, 0.0,   5.0,       ,      ,      ,        ,        ,        ,        ,        ,        ,        ,        ,      
nylunga01, 1992,     1, NYI , NHL , D  , 22.0,  1.0,   1.0,   2.0,  43.0, -2.0 ,  0.0,  0.0,  0.0,  0.0,  0.0, 0.0,  19.0,       ,      ,      ,        ,        ,        ,        ,        ,        ,        ,        ,      
nyropbi01, 1975,     1, MTL , NHL , D  , 19.0,  0.0,   3.0,   3.0,   8.0, 21.0 ,  0.0,     ,  0.0,     ,  0.0, 0.0,  23.0,   13.0,   0.0,   3.0,     3.0,    12.0,        ,     0.0,        ,     0.0,        ,     0.0,      
nyropbi01, 1976,     1, MTL , NHL , D  , 74.0,  3.0,  19.0,  22.0,  21.0, 42.0 ,  0.0,     ,  0.0,     ,  1.0, 0.0,  47.0,    8.0,   1.0,   0.0,     1.0,     4.0,        ,     0.0,        ,     0.0,        ,     0.0,      
nyropbi01, 1977,     1, MTL , NHL , D  , 72.0,  5.0,  21.0,  26.0,  37.0, 56.0 ,  1.0,     ,  2.0,     ,  1.0, 0.0,  69.0,   12.0,   0.0,   4.0,     4.0,     6.0,        ,     0.0,        ,     0.0,        ,     0.0,      
nyropbi01, 1981,     1, MNS , NHL , D  , 42.0,  4.0,   8.0,  12.0,  35.0, 14.0 ,  0.0,     ,  1.0,     ,  1.0, 0.0,  25.0,    2.0,   0.0,   0.0,     0.0,     0.0,        ,     0.0,        ,     0.0,        ,     0.0,      
nystrbo01, 1972,     1, NYI , NHL , R  , 11.0,  1.0,   1.0,   2.0,  10.0, -11.0,  0.0,     ,  0.0,     ,  0.0, 0.0,  12.0,       ,      ,      ,        ,        ,        ,        ,        ,        ,        ,        ,      
nystrbo01, 1973,     1, NYI , NHL , R  , 77.0, 21.0,  20.0,  41.0, 118.0, -17.0,  3.0,     ,  0.0,     ,  5.0, 3.0, 176.0,       ,      ,      ,        ,        ,        ,        ,        ,        ,        ,        ,      
nystrbo01, 1974,     1, NYI , NHL , R  , 76.0, 27.0,  28.0,  55.0, 122.0, 17.0 ,  3.0,     ,  0.0,     ,  3.0, 2.0, 194.0,   17.0,   1.0,   3.0,     4.0,    27.0,        ,     0.0,        ,     0.0,        ,     0.0,      
nystrbo01, 1975,     1, NYI , NHL , R  , 80.0, 23.0,  25.0,  48.0, 106.0, 24.0 ,  2.0,     ,  0.0,     ,  4.0, 2.0, 185.0,   13.0,   3.0,   6.0,     9.0,    30.0,        ,     1.0,        ,     0.0,        ,     0.0,      
nystrbo01, 1976,     1, NYI , NHL , R  , 80.0, 29.0,  27.0,  56.0,  91.0, 22.0 ,  5.0,     ,  0.0,     ,  3.0, 1.0, 207.0,   12.0,   0.0,   2.0,     2.0,     7.0,        ,     0.0,        ,     0.0,        ,     0.0,      
nystrbo01, 1977,     1, NYI , NHL , R  , 80.0, 30.0,  29.0,  59.0,  94.0, 19.0 ,  3.0,     ,  0.0,     ,  6.0, 0.0, 178.0,    7.0,   3.0,   1.0,     4.0,    14.0,        ,     1.0,        ,     0.0,        ,     2.0,      
nystrbo01, 1978,     1, NYI , NHL , R  , 78.0, 19.0,  20.0,  39.0, 113.0, 19.0 ,  1.0,     ,  0.0,     ,  5.0, 1.0, 161.0,   10.0,   3.0,   2.0,     5.0,     4.0,        ,     0.0,        ,     0.0,        ,     1.0,      
nystrbo01, 1979,     1, NYI , NHL , R  , 67.0, 21.0,  18.0,  39.0,  94.0, 4.0  ,  2.0,     ,  0.0,     ,  4.0, 1.0, 146.0,   20.0,   9.0,   9.0,    18.0,    50.0,        ,     0.0,        ,     0.0,        ,     3.0,      
nystrbo01, 1980,     1, NYI , NHL , R  , 79.0, 14.0,  30.0,  44.0, 145.0, 6.0  ,  3.0,     ,  0.0,     ,  0.0, 1.0, 161.0,   18.0,   6.0,   6.0,    12.0,    20.0,        ,     0.0,        ,     0.0,        ,     1.0,      
nystrbo01, 1981,     1, NYI , NHL , R  , 74.0, 22.0,  25.0,  47.0, 103.0, 13.0 ,  0.0,     ,  0.0,     ,  4.0, 0.0, 136.0,   15.0,   5.0,   5.0,    10.0,    32.0,        ,     0.0,        ,     0.0,        ,     0.0,      
nystrbo01, 1982,     1, NYI , NHL , R  , 74.0, 10.0,  20.0,  30.0,  98.0, 6.0  ,  3.0,     ,  0.0,     ,  3.0, 0.0, 100.0,   20.0,   7.0,   6.0,    13.0,    15.0,        ,     0.0,        ,     0.0,        ,     0.0,      
nystrbo01, 1983,     1, NYI , NHL , R  , 74.0, 15.0,  29.0,  44.0,  80.0, 9.0  ,  1.0,     ,  0.0,     ,  1.0, 0.0, 134.0,   15.0,   0.0,   2.0,     2.0,     8.0, -5.0   ,     0.0,        ,     0.0,        ,     0.0,    10.0
nystrbo01, 1984,     1, NYI , NHL , R  , 36.0,  2.0,   5.0,   7.0,  58.0, 6.0  ,  0.0,     ,  0.0,     ,  0.0, 0.0,  18.0,   10.0,   2.0,   2.0,     4.0,    29.0, 1.0    ,     0.0,        ,     0.0,        ,     0.0,     6.0
nystrbo01, 1985,     1, NYI , NHL , R  , 14.0,  1.0,   1.0,   2.0,  16.0, -4.0 ,  1.0,     ,  0.0,     ,  0.0, 0.0,  17.0,       ,      ,      ,        ,        ,        ,        ,        ,        ,        ,        ,      
nystrer01, 2005,     1, CAL , NHL , L  ,  2.0,  0.0,   0.0,   0.0,   0.0, -1.0 ,  0.0,  0.0,  0.0,  0.0,  0.0,    ,   0.0,       ,      ,      ,        ,        ,        ,        ,        ,        ,        ,        ,      
nystrer01, 2007,     1, CAL , NHL , L  , 44.0,  3.0,   7.0,  10.0,  48.0, -5.0 ,  0.0,  0.0,  0.0,  0.0,  0.0,    ,  42.0,    7.0,   0.0,   0.0,     0.0,     2.0, -2.0   ,     0.0,     0.0,     0.0,     0.0,     0.0,     4.0
nystrer01, 2008,     1, CAL , NHL , L  , 76.0,  5.0,   5.0,  10.0,  89.0, -7.0 ,  0.0,  0.0,  1.0,  2.0,  3.0,    ,  83.0,    6.0,   2.0,   2.0,     4.0,     0.0, 1.0    ,     0.0,     0.0,     0.0,     0.0,     1.0,     8.0
nystrer01, 2009,     1, CAL , NHL , L  , 82.0, 11.0,   8.0,  19.0,  54.0, 0.0  ,  0.0,  0.0,  0.0,  0.0,  2.0,    ,  91.0,       ,      ,      ,        ,        ,        ,        ,        ,        ,        ,        ,      
oatesad01, 1985,     1, DET , NHL , C  , 38.0,  9.0,  11.0,  20.0,  10.0, -24.0,  1.0,     ,  0.0,     ,  1.0, 0.0,  49.0,       ,      ,      ,        ,        ,        ,        ,        ,        ,        ,        ,      
oatesad01, 1986,     1, DET , NHL , C  , 76.0, 15.0,  32.0,  47.0,  21.0, 0.0  ,  4.0,     ,  0.0,     ,  1.0, 2.0, 138.0,   16.0,   4.0,   7.0,    11.0,     6.0, 7.0    ,     0.0,        ,     0.0,        ,     1.0,    32.0
oatesad01, 1987,     1, DET , NHL , C  , 63.0, 14.0,  40.0,  54.0,  20.0, 16.0 ,  3.0, 10.0,  0.0,  0.0,  3.0, 0.0, 111.0,   16.0,   8.0,  12.0,    20.0,     6.0, -2.0   ,     4.0,     6.0,     0.0,     0.0,     1.0,    33.0
oatesad01, 1988,     1, DET , NHL , C  , 69.0, 16.0,  62.0,  78.0,  14.0, -1.0 ,  2.0, 23.0,  0.0,  0.0,  1.0, 1.0, 127.0,    6.0,   0.0,   8.0,     8.0,     2.0, -1.0   ,     0.0,     4.0,     0.0,     0.0,     0.0,    11.0
oatesad01, 1989,     1, STL , NHL , C  , 80.0, 23.0,  79.0, 102.0,  30.0, 9.0  ,  6.0, 28.0,  2.0,  1.0,  3.0, 1.0, 168.0,   12.0,   2.0,  12.0,    14.0,     4.0, -10.0  ,     1.0,     9.0,     0.0,     0.0,     0.0,    27.0
oatesad01, 1990,     1, STL , NHL , C  , 61.0, 25.0,  90.0, 115.0,  29.0, 15.0 ,  3.0, 38.0,  1.0,  0.0,  3.0, 0.0, 139.0,   13.0,   7.0,  13.0,    20.0,    10.0, 7.0    ,     2.0,     4.0,     0.0,     0.0,     1.0,    39.0
oatesad01, 1991,     1, STL , NHL , C  , 54.0, 10.0,  59.0,  69.0,  12.0, -4.0 ,  3.0, 19.0,  0.0,  1.0,  3.0, 1.0, 118.0,       ,      ,      ,        ,        ,        ,        ,        ,        ,        ,        ,      
oatesad01, 1991,     2, BOS , NHL , C  , 26.0, 10.0,  20.0,  30.0,  10.0, -5.0 ,  3.0, 11.0,  0.0,  1.0,  1.0, 1.0,  73.0,   15.0,   5.0,  14.0,    19.0,     4.0, -6.0   ,     3.0,     4.0,     0.0,     0.0,     2.0,    35.0
oatesad01, 1992,     1, BOS , NHL , C  , 84.0, 45.0,  97.0, 142.0,  32.0, 15.0 , 24.0, 38.0,  1.0,  1.0, 11.0, 0.0, 254.0,    4.0,   0.0,   9.0,     9.0,     4.0, 0.0    ,     0.0,     4.0,     0.0,     0.0,     0.0,    11.0
oatesad01, 1993,     1, BOS , NHL , C  , 77.0, 32.0,  80.0, 112.0,  45.0, 10.0 , 16.0, 29.0,  2.0,  3.0,  3.0, 0.0, 197.0,   13.0,   3.0,   9.0,    12.0,     8.0, -3.0   ,     2.0,     4.0,     0.0,     0.0,     0.0,    42.0
oatesad01, 1994,     1, BOS , NHL , C  , 48.0, 12.0,  41.0,  53.0,   8.0, -11.0,  4.0, 19.0,  1.0,  0.0,  2.0, 0.0, 109.0,    5.0,   1.0,   0.0,     1.0,     2.0, -6.0   ,     1.0,     0.0,     0.0,     0.0,     0.0,     7.0
oatesad01, 1995,     1, BOS , NHL , C  , 70.0, 25.0,  67.0,  92.0,  18.0, 16.0 ,  7.0, 24.0,  1.0,  2.0,  2.0, 0.0, 183.0,    5.0,   2.0,   5.0,     7.0,     2.0, -3.0   ,     0.0,     3.0,     1.0,     1.0,     0.0,    13.0
oatesad01, 1996,     1, BOS , NHL , C  , 63.0, 18.0,  52.0,  70.0,  10.0, -3.0 ,  2.0, 16.0,  2.0,  4.0,  4.0, 0.0, 138.0,       ,      ,      ,        ,        ,        ,        ,        ,        ,        ,        ,      
oatesad01, 1996,     2, WAS , NHL , C  , 17.0,  4.0,   8.0,  12.0,   4.0, -2.0 ,  1.0,  0.0,  0.0,  0.0,  1.0, 0.0,  22.0,       ,      ,      ,        ,        ,        ,        ,        ,        ,        ,        ,      
oatesad01, 1997,     1, WAS , NHL , C  , 82.0, 18.0,  58.0,  76.0,  36.0, 6.0  ,  3.0, 22.0,  2.0,  4.0,  3.0, 0.0, 121.0,   21.0,   6.0,  11.0,    17.0,     8.0, 8.0    ,     1.0,     3.0,     1.0,     1.0,     1.0,    31.0
oatesad01, 1998,     1, WAS , NHL , C  , 59.0, 12.0,  42.0,  54.0,  22.0, -1.0 ,  3.0, 18.0,  0.0,  3.0,  0.0, 0.0,  79.0,       ,      ,      ,        ,        ,        ,        ,        ,        ,        ,        ,      
oatesad01, 1999,     1, WAS , NHL , C  , 82.0, 15.0,  56.0,  71.0,  14.0, 13.0 ,  5.0, 16.0,  0.0,  0.0,  6.0, 0.0,  93.0,    5.0,   0.0,   3.0,     3.0,     4.0, 0.0    ,     0.0,     1.0,     0.0,     0.0,     0.0,     3.0
oatesad01, 2000,     1, WAS , NHL , C  , 81.0, 13.0,  69.0,  82.0,  28.0, -9.0 ,  5.0, 37.0,  0.0,  2.0,  4.0, 0.0,  72.0,    6.0,   0.0,   0.0,     0.0,     0.0, -4.0   ,     0.0,     0.0,     0.0,     0.0,     0.0,     6.0
oatesad01, 2001,     1, WAS , NHL , C  , 66.0, 11.0,  57.0,  68.0,  22.0, -2.0 ,  3.0, 22.0,  0.0,  0.0,  1.0, 0.0,  85.0,       ,      ,      ,        ,        ,        ,        ,        ,        ,        ,        ,      
oatesad01, 2001,     2, PHI , NHL , C  , 14.0,  3.0,   7.0,  10.0,   6.0, -2.0 ,  0.0,  4.0,  0.0,  0.0,  0.0, 0.0,  17.0,    5.0,   0.0,   2.0,     2.0,     0.0, -1.0   ,     0.0,     1.0,     0.0,     0.0,     0.0,     4.0
oatesad01, 2002,     1, ANA , NHL , C  , 67.0,  9.0,  36.0,  45.0,  16.0, -1.0 ,  4.0, 16.0,  0.0,  0.0,  2.0, 0.0,  67.0,   21.0,   4.0,   9.0,    13.0,     6.0, 2.0    ,     3.0,     0.0,     0.0,     0.0,     1.0,    18.0
oatesad01, 2003,     1, EDM , NHL , C  , 60.0,  2.0,  16.0,  18.0,   8.0, 0.0  ,  1.0,  9.0,  0.0,  0.0,  1.0, 0.0,  32.0,       ,      ,      ,        ,        ,        ,        ,        ,        ,        ,        ,      
oatmaed01, 1910,     1, QU1 , NHA ,    , 14.0,  9.0,   0.0,   9.0,  54.0,      ,     ,     ,     ,     ,     ,    ,      ,       ,      ,      ,        ,        ,        ,        ,        ,        ,        ,        ,      
oatmaed01, 1911,     1, QU1 , NHA ,    , 18.0, 20.0,   0.0,  20.0,  20.0,      ,     ,     ,     ,     ,     ,    ,      ,       ,      ,      ,        ,        ,        ,        ,        ,        ,        ,        ,      
oatmaed01, 1912,     1, NWR , PCHA, C  , 13.0,  9.0,   5.0,  14.0,  46.0,      ,     ,     ,     ,     ,     ,    ,      ,       ,      ,      ,        ,        ,        ,        ,        ,        ,        ,        ,      
oatmaed01, 1913,     1, NWR , PCHA, R  , 16.0, 22.0,   5.0,  27.0,  18.0,      ,     ,     ,     ,     ,     ,    ,      ,       ,      ,      ,        ,        ,        ,        ,        ,        ,        ,        ,      
oatmaed01, 1914,     1, PO1 , PCHA, R  , 18.0, 22.0,   8.0,  30.0,  23.0,      ,     ,     ,     ,     ,     ,    ,      ,       ,      ,      ,        ,        ,        ,        ,        ,        ,        ,        ,      
oatmaed01, 1915,     1, PO1 , PCHA, C  , 18.0, 11.0,  10.0,  21.0,  24.0,      ,     ,     ,     ,     ,     ,    ,      ,       ,      ,      ,        ,        ,        ,        ,        ,        ,        ,        ,      
oatmaed01, 1916,     1, TOB , NHA ,    , 12.0, 17.0,   5.0,  22.0,  20.0,      ,     ,     ,     ,     ,     ,    ,      ,       ,      ,      ,        ,        ,        ,        ,        ,        ,        ,        ,      
oatmaed01, 1917,     1, PO1 , PCHA, R  , 18.0, 11.0,  10.0,  21.0,   8.0,      ,     ,     ,     ,     ,     ,    ,      ,       ,      ,      ,        ,        ,        ,        ,        ,        ,        ,        ,      
oatmaed01, 1918,     1, VA2 , PCHA, C  , 18.0, 11.0,   5.0,  16.0,  13.0,      ,     ,     ,     ,     ,     ,    ,      ,       ,      ,      ,        ,        ,        ,        ,        ,        ,        ,        ,      
oatmaed01, 1919,     1, VA2 , PCHA, R  , 22.0, 11.0,  13.0,  24.0,  18.0,      ,     ,     ,     ,     ,     ,    ,      ,       ,      ,      ,        ,        ,        ,        ,        ,        ,        ,        ,      
oatmaed01, 1920,     1, VA2 , PCHA, R  , 22.0,  6.0,  11.0,  17.0,  11.0,      ,     ,     ,     ,     ,     ,    ,      ,       ,      ,      ,        ,        ,        ,        ,        ,        ,        ,        ,      
oatmaed01, 1921,     1, VA2 , PCHA, R  , 19.0,  9.0,   6.0,  15.0,  22.0,      ,     ,     ,     ,     ,     ,    ,      ,       ,      ,      ,        ,        ,        ,        ,        ,        ,        ,        ,      
oatmaed01, 1921,     2, VML , PCHA, R  ,     ,     ,      ,      ,      ,      ,     ,     ,     ,     ,     ,    ,      ,    4.0,   0.0,   0.0,     0.0,     0.0,        ,        ,        ,        ,        ,        ,      
oatmaed01, 1922,     1, VC1 , PCHA, R  , 30.0, 12.0,   7.0,  19.0,  30.0,      ,     ,     ,     ,     ,     ,    ,      ,    2.0,   1.0,   1.0,     2.0,     4.0,        ,        ,        ,        ,        ,        ,      
oatmaed01, 1923,     1, CAT , WCHL, C  , 23.0,  3.0,   1.0,   4.0,  22.0,      ,     ,     ,     ,     ,     ,    ,      ,    4.0,   1.0,   0.0,     1.0,     2.0,        ,        ,        ,        ,        ,        ,      
oatmaed01, 1924,     1, CAT , WCHL, C  , 26.0,  6.0,   5.0,  11.0,  20.0,      ,     ,     ,     ,     ,     ,    ,      ,    2.0,   0.0,   1.0,     1.0,     0.0,        ,        ,        ,        ,        ,        ,      
oatmaed01, 1925,     1, CAT , WCHL, R/C, 16.0,  0.0,   0.0,   0.0,  16.0,      ,     ,     ,     ,     ,     ,    ,      ,       ,      ,      ,        ,        ,        ,        ,        ,        ,        ,        ,      
oatmaru01, 1925,     1, VIC , WCHL, R  , 30.0,  8.0,   4.0,  12.0,  38.0,      ,     ,     ,     ,     ,     ,    ,      ,    4.0,   1.0,   0.0,     1.0,    22.0,        ,        ,        ,        ,        ,        ,      
oatmaru01, 1926,     1, DTC , NHL , C  , 14.0,  3.0,   0.0,   3.0,  12.0,      ,     ,     ,     ,     ,     ,    ,      ,       ,      ,      ,        ,        ,        ,        ,        ,        ,        ,        ,      
oatmaru01, 1926,     2, MTM , NHL , C  , 25.0,  8.0,   4.0,  12.0,  30.0,      ,     ,     ,     ,     ,     ,    ,      ,    2.0,   0.0,   0.0,     0.0,     0.0,        ,        ,        ,        ,        ,        ,      
oatmaru01, 1927,     1, MTM , NHL , C  , 43.0,  7.0,   4.0,  11.0,  36.0,      ,     ,     ,     ,     ,     ,    ,      ,    9.0,   1.0,   0.0,     1.0,    18.0,        ,        ,        ,        ,        ,        ,      
oatmaru01, 1928,     1, MTM , NHL , C  , 11.0,  1.0,   0.0,   1.0,  12.0,      ,     ,     ,     ,     ,     ,    ,      ,       ,      ,      ,        ,        ,        ,        ,        ,        ,        ,        ,      
oatmaru01, 1928,     2, NYR , NHL , C  , 27.0,  1.0,   1.0,   2.0,  10.0,      ,     ,     ,     ,     ,     ,    ,      ,    4.0,   0.0,   0.0,     0.0,     0.0,        ,        ,        ,        ,        ,        ,      
obergev01, 2009,     1, VAN , NHL , D  ,  2.0,  0.0,   0.0,   0.0,   0.0, 0.0  ,  0.0,  0.0,  0.0,  0.0,  0.0,    ,   0.0,       ,      ,      ,        ,        ,        ,        ,        ,        ,        ,        ,      
obriede01, 1970,     1, MNS , NHL , D  , 27.0,  3.0,   2.0,   5.0,  29.0, -2.0 ,  0.0,     ,  0.0,     ,  0.0, 0.0,  15.0,    9.0,   0.0,   0.0,     0.0,    20.0,        ,     0.0,        ,     0.0,        ,     0.0,      
obriede01, 1971,     1, MNS , NHL , D  , 70.0,  3.0,   6.0,   9.0, 108.0, 11.0 ,  0.0,     ,  0.0,     ,  1.0, 0.0,  68.0,    3.0,   0.0,   1.0,     1.0,    11.0,        ,     0.0,        ,     0.0,        ,     0.0,      
obriede01, 1972,     1, MNS , NHL , D  , 74.0,  3.0,  11.0,  14.0,  75.0, 11.0 ,  0.0,     ,  0.0,     ,  0.0, 0.0,  58.0,    6.0,   1.0,   0.0,     1.0,    38.0,        ,     0.0,        ,     0.0,        ,     0.0,      
obriede01, 1973,     1, MNS , NHL , D  , 77.0,  5.0,  12.0,  17.0, 166.0, 10.0 ,  0.0,     ,  0.0,     ,  2.0, 0.0,  66.0,       ,      ,      ,        ,        ,        ,        ,        ,        ,        ,        ,      
obriede01, 1974,     1, MNS , NHL , D  , 56.0,  6.0,  10.0,  16.0, 125.0, -11.0,  0.0,     ,  1.0,     ,  1.0, 0.0,  79.0,       ,      ,      ,        ,        ,        ,        ,        ,        ,        ,        ,      
obriede01, 1975,     1, MNS , NHL , D  , 78.0,  1.0,  14.0,  15.0, 187.0, -26.0,  0.0,     ,  0.0,     ,  0.0, 0.0,  72.0,       ,      ,      ,        ,        ,        ,        ,        ,        ,        ,        ,      
obriede01, 1976,     1, MNS , NHL , D  , 75.0,  6.0,  18.0,  24.0, 114.0, -35.0,  2.0,     ,  0.0,     ,  1.0, 0.0,  74.0,    2.0,   0.0,   0.0,     0.0,     4.0,        ,     0.0,        ,     0.0,        ,     0.0,      
obriede01, 1977,     1, MNS , NHL , D  , 13.0,  0.0,   2.0,   2.0,  32.0, -5.0 ,  0.0,     ,  0.0,     ,  0.0, 0.0,   8.0,       ,      ,      ,        ,        ,        ,        ,        ,        ,        ,        ,      
obriede01, 1977,     2, COR , NHL , D  , 16.0,  0.0,   2.0,   2.0,  12.0, -10.0,  0.0,     ,  0.0,     ,  0.0, 0.0,   9.0,       ,      ,      ,        ,        ,        ,        ,        ,        ,        ,        ,      
obriede01, 1977,     3, CLE , NHL , D  , 23.0,  0.0,   3.0,   3.0,  31.0, -13.0,  0.0,     ,  0.0,     ,  0.0, 0.0,  17.0,       ,      ,      ,        ,        ,        ,        ,        ,        ,        ,        ,      
obriede01, 1977,     4, BOS , NHL , D  , 16.0,  2.0,   3.0,   5.0,  29.0, 6.0  ,  0.0,     ,  0.0,     ,  0.0, 0.0,  15.0,   14.0,   0.0,   1.0,     1.0,    28.0,        ,     0.0,        ,     0.0,        ,     0.0,      
obriede01, 1978,     1, BOS , NHL , D  , 64.0,  2.0,   8.0,  10.0, 107.0, 16.0 ,  0.0,     ,  0.0,     ,  0.0, 0.0,  73.0,       ,      ,      ,        ,        ,        ,        ,        ,        ,        ,        ,      
obriede01, 1979,     1, BOS , NHL , D  ,  3.0,  0.0,   0.0,   0.0,   2.0, -4.0 ,  0.0,     ,  0.0,     ,  0.0, 0.0,   2.0,       ,      ,      ,        ,        ,        ,        ,        ,        ,        ,        ,      
obriedo01, 2005,     1, TBL , NHL , D  ,  5.0,  0.0,   0.0,   0.0,   2.0, 0.0  ,  0.0,  0.0,  0.0,  0.0,  0.0,    ,   2.0,       ,      ,      ,        ,        ,        ,        ,        ,        ,        ,        ,      
obrieel01, 1955,     1, BOS , NHL , L  ,  2.0,  0.0,   0.0,   0.0,   0.0,      ,     ,     ,     ,     ,     ,    ,      ,       ,      ,      ,        ,        ,        ,        ,        ,        ,        ,        ,      
obriesh01, 2006,     1, AND , NHL , D  , 62.0,  2.0,  12.0,  14.0, 140.0, 5.0  ,  1.0,  3.0,  0.0,  0.0,  2.0,    ,  55.0,       ,      ,      ,        ,        ,        ,        ,        ,        ,        ,        ,      
obriesh01, 2006,     2, TBL , NHL , D  , 18.0,  0.0,   2.0,   2.0,  36.0, -8.0 ,  0.0,  0.0,  0.0,  0.0,  0.0,    ,  17.0,    6.0,   0.0,   0.0,     0.0,    12.0, -4.0   ,     0.0,     0.0,     0.0,     0.0,     0.0,     3.0
obriesh01, 2007,     1, TBL , NHL , D  , 77.0,  4.0,  17.0,  21.0, 154.0, -2.0 ,  0.0,  1.0,  0.0,  1.0,  1.0,    ,  69.0,       ,      ,      ,        ,        ,        ,        ,        ,        ,        ,        ,      
obriesh01, 2008,     1, TBL , NHL , D  ,  1.0,  0.0,   0.0,   0.0,   0.0, -1.0 ,  0.0,  0.0,  0.0,  0.0,  0.0,    ,   0.0,       ,      ,      ,        ,        ,        ,        ,        ,        ,        ,        ,      
obriesh01, 2008,     2, VAN , NHL , D  , 76.0,  0.0,  10.0,  10.0, 196.0, 6.0  ,  0.0,  0.0,  0.0,  0.0,  0.0,    ,  39.0,   10.0,   1.0,   1.0,     2.0,    24.0, -3.0   ,     0.0,     0.0,     0.0,     0.0,     0.0,     9.0
obriesh01, 2009,     1, VAN , NHL , D  , 65.0,  2.0,   6.0,   8.0,  79.0, 15.0 ,  0.0,  0.0,  0.0,  1.0,  0.0,    ,  37.0,   12.0,   1.0,   2.0,     3.0,    25.0, 3.0    ,     0.0,     0.0,     0.0,     0.0,     0.0,    10.0
obsutja01, 2000,     1, STL , NHL , D  ,  4.0,  0.0,   0.0,   0.0,   2.0, 1.0  ,  0.0,  0.0,  0.0,  0.0,  0.0, 0.0,   3.0,       ,      ,      ,        ,        ,        ,        ,        ,        ,        ,        ,      
obsutja01, 2001,     1, COL , NHL , D  ,  3.0,  0.0,   0.0,   0.0,   0.0, 0.0  ,  0.0,  0.0,  0.0,  0.0,  0.0, 0.0,   3.0,       ,      ,      ,        ,        ,        ,        ,        ,        ,        ,        ,      
obyrnry01, 2007,     1, MTL , NHL , D  , 33.0,  1.0,   6.0,   7.0,  45.0, 7.0  ,  0.0,  0.0,  0.0,  0.0,  0.0,    ,  10.0,    4.0,   0.0,   0.0,     0.0,     0.0, -2.0   ,     0.0,     0.0,     0.0,     0.0,     0.0,     3.0
obyrnry01, 2008,     1, MTL , NHL , D  , 37.0,  0.0,   5.0,   5.0,  58.0, -7.0 ,  0.0,  0.0,  0.0,  0.0,  0.0,    ,  14.0,    2.0,   0.0,   0.0,     0.0,     2.0, -1.0   ,     0.0,     0.0,     0.0,     0.0,     0.0,     0.0
obyrnry01, 2009,     1, MTL , NHL , D  , 55.0,  1.0,   3.0,   4.0,  74.0, -3.0 ,  0.0,  0.0,  0.0,  1.0,  1.0,    ,  27.0,   13.0,   0.0,   0.0,     0.0,    10.0, 1.0    ,     0.0,     0.0,     0.0,     0.0,     0.0,     7.0
ocallja01, 1982,     1, CHI , NHL , D  , 39.0,  0.0,  11.0,  11.0,  46.0, 9.0  ,  0.0,     ,  0.0,     ,  0.0, 0.0,  45.0,    5.0,   0.0,   2.0,     2.0,     2.0,        ,     0.0,        ,     0.0,        ,     0.0,      
ocallja01, 1983,     1, CHI , NHL , D  , 70.0,  4.0,  13.0,  17.0,  67.0, -6.0 ,  0.0,     ,  0.0,     ,  1.0, 0.0,  88.0,    2.0,   0.0,   0.0,     0.0,     2.0, -1.0   ,     0.0,        ,     0.0,        ,     0.0,     2.0
ocallja01, 1984,     1, CHI , NHL , D  , 66.0,  6.0,   8.0,  14.0, 105.0, 6.0  ,  0.0,     ,  0.0,     ,  1.0, 0.0,  70.0,   15.0,   3.0,   5.0,     8.0,    25.0, -1.0   ,     0.0,        ,     0.0,        ,     0.0,    15.0
ocallja01, 1985,     1, CHI , NHL , D  , 80.0,  4.0,  19.0,  23.0, 116.0, 5.0  ,  0.0,     ,  0.0,     ,  0.0, 0.0,  86.0,    3.0,   0.0,   1.0,     1.0,     4.0, -3.0   ,     0.0,        ,     0.0,        ,     0.0,     3.0
ocallja01, 1986,     1, CHI , NHL , D  , 48.0,  1.0,  13.0,  14.0,  59.0, 10.0 ,  1.0,     ,  0.0,     ,  0.0, 0.0,  65.0,    2.0,   0.0,   0.0,     0.0,     2.0, 0.0    ,     0.0,        ,     0.0,        ,     0.0,     4.0
ocallja01, 1987,     1, NJD , NHL , D  , 50.0,  7.0,  19.0,  26.0,  97.0, -3.0 ,  4.0, 13.0,  0.0,  0.0,  1.0, 0.0,  90.0,    5.0,   1.0,   3.0,     4.0,     6.0, -2.0   ,     0.0,     3.0,     0.0,     0.0,     0.0,    12.0
ocallja01, 1988,     1, NJD , NHL , D  , 36.0,  5.0,  21.0,  26.0,  51.0, 0.0  ,  5.0, 17.0,  0.0,  0.0,  0.0, 1.0,  96.0,       ,      ,      ,        ,        ,        ,        ,        ,        ,        ,        ,      
oconnbu01, 1941,     1, MTL , NHL , C  , 36.0,  9.0,  16.0,  25.0,   4.0,      ,     ,     ,     ,     ,     ,    ,      ,    3.0,   0.0,   1.0,     1.0,     0.0,        ,        ,        ,        ,        ,        ,      
oconnbu01, 1942,     1, MTL , NHL , C  , 50.0, 15.0,  43.0,  58.0,   2.0,      ,     ,     ,     ,     ,     ,    ,      ,    5.0,   4.0,   5.0,     9.0,     0.0,        ,        ,        ,        ,        ,        ,      
oconnbu01, 1943,     1, MTL , NHL , C  , 44.0, 12.0,  42.0,  54.0,   6.0,      ,     ,     ,     ,     ,     ,    ,      ,    8.0,   1.0,   2.0,     3.0,     2.0,        ,        ,        ,        ,        ,        ,      
oconnbu01, 1944,     1, MTL , NHL , C  , 50.0, 21.0,  23.0,  44.0,   2.0,      ,     ,     ,     ,     ,     ,    ,      ,    2.0,   0.0,   0.0,     0.0,     0.0,        ,        ,        ,        ,        ,        ,      
oconnbu01, 1945,     1, MTL , NHL , C  , 45.0, 11.0,  11.0,  22.0,   2.0,      ,     ,     ,     ,     ,     ,    ,      ,    9.0,   2.0,   3.0,     5.0,     0.0,        ,        ,        ,        ,        ,        ,      
oconnbu01, 1946,     1, MTL , NHL , C  , 46.0, 10.0,  20.0,  30.0,   6.0,      ,     ,     ,     ,     ,     ,    ,      ,    8.0,   3.0,   4.0,     7.0,     0.0,        ,        ,        ,        ,        ,        ,      
oconnbu01, 1947,     1, NYR , NHL , C  , 60.0, 24.0,  36.0,  60.0,   8.0,      ,     ,     ,     ,     ,     ,    ,      ,    6.0,   1.0,   4.0,     5.0,     0.0,        ,        ,        ,        ,        ,        ,      
oconnbu01, 1948,     1, NYR , NHL , C  , 46.0, 11.0,  24.0,  35.0,   0.0,      ,     ,     ,     ,     ,     ,    ,      ,       ,      ,      ,        ,        ,        ,        ,        ,        ,        ,        ,      
oconnbu01, 1949,     1, NYR , NHL , C  , 66.0, 11.0,  22.0,  33.0,   4.0,      ,     ,     ,     ,     ,     ,    ,      ,   12.0,   4.0,   2.0,     6.0,     4.0,        ,        ,        ,        ,        ,        ,      
oconnbu01, 1950,     1, NYR , NHL , C  , 66.0, 16.0,  20.0,  36.0,   0.0,      ,     ,     ,     ,     ,     ,    ,      ,       ,      ,      ,        ,        ,        ,        ,        ,        ,        ,        ,      
oconnmi01, 1977,     1, CHI , NHL , D  ,  6.0,  1.0,   1.0,   2.0,   2.0, 0.0  ,  0.0,     ,  0.0,     ,  0.0, 0.0,   7.0,       ,      ,      ,        ,        ,        ,        ,        ,        ,        ,        ,      
oconnmi01, 1978,     1, CHI , NHL , D  , 48.0,  4.0,  22.0,  26.0,  20.0, -1.0 ,  1.0,     ,  0.0,     ,  0.0, 2.0,  83.0,    4.0,   0.0,   0.0,     0.0,     4.0,        ,     0.0,        ,     0.0,        ,     0.0,      
oconnmi01, 1979,     1, CHI , NHL , D  , 78.0,  8.0,  22.0,  30.0,  52.0, -2.0 ,  2.0,     ,  0.0,     ,  2.0, 0.0, 158.0,    7.0,   0.0,   1.0,     1.0,     0.0,        ,     0.0,        ,     0.0,        ,     0.0,      
oconnmi01, 1980,     1, CHI , NHL , D  , 34.0,  5.0,  16.0,  21.0,  32.0, 5.0  ,  1.0,     ,  1.0,     ,  0.0, 0.0,  79.0,       ,      ,      ,        ,        ,        ,        ,        ,        ,        ,        ,      
oconnmi01, 1980,     2, BOS , NHL , D  , 48.0, 10.0,  22.0,  32.0,  42.0, -1.0 ,  2.0,     ,  1.0,     ,  0.0, 0.0,  96.0,    3.0,   1.0,   3.0,     4.0,     2.0,        ,     0.0,        ,     1.0,        ,     0.0,      
oconnmi01, 1981,     1, BOS , NHL , D  , 80.0,  5.0,  34.0,  39.0,  75.0, 8.0  ,  1.0,     ,  0.0,     ,  0.0, 0.0, 170.0,   11.0,   2.0,   2.0,     4.0,    20.0,        ,     0.0,        ,     0.0,        ,     0.0,      
oconnmi01, 1982,     1, BOS , NHL , D  , 80.0, 14.0,  39.0,  53.0,  42.0, 44.0 ,  7.0,     ,  1.0,     ,  5.0, 1.0, 168.0,   17.0,   3.0,   5.0,     8.0,    12.0,        ,     2.0,        ,     0.0,        ,     1.0,      
oconnmi01, 1983,     1, BOS , NHL , D  , 75.0, 18.0,  42.0,  60.0,  42.0, 18.0 ,  9.0,     ,  0.0,     ,  1.0, 0.0, 194.0,    3.0,   0.0,   0.0,     0.0,     0.0, -3.0   ,     0.0,        ,     0.0,        ,     0.0,    13.0
oconnmi01, 1984,     1, BOS , NHL , D  , 78.0, 15.0,  40.0,  55.0,  64.0, 3.0  ,  8.0,     ,  0.0,     ,  2.0, 0.0, 257.0,    5.0,   1.0,   5.0,     6.0,     0.0, 1.0    ,     1.0,        ,     0.0,        ,     0.0,    11.0
oconnmi01, 1985,     1, BOS , NHL , D  , 63.0,  8.0,  21.0,  29.0,  47.0, -8.0 ,  4.0,     ,  1.0,     ,  0.0, 0.0, 174.0,       ,      ,      ,        ,        ,        ,        ,        ,        ,        ,        ,      
oconnmi01, 1985,     2, DET , NHL , D  , 13.0,  1.0,   7.0,   8.0,  16.0, -6.0 ,  0.0,     ,  1.0,     ,  0.0, 0.0,  38.0,       ,      ,      ,        ,        ,        ,        ,        ,        ,        ,        ,      
oconnmi01, 1986,     1, DET , NHL , D  , 77.0,  5.0,  26.0,  31.0,  70.0, -25.0,  3.0,     ,  1.0,     ,  0.0, 0.0, 141.0,   16.0,   1.0,   4.0,     5.0,    14.0, 2.0    ,     0.0,        ,     0.0,        ,     0.0,    23.0
oconnmi01, 1987,     1, DET , NHL , D  , 48.0,  6.0,  13.0,  19.0,  38.0, 24.0 ,  0.0,  3.0,  0.0,  2.0,  0.0, 1.0,  68.0,   10.0,   0.0,   4.0,     4.0,     8.0, 2.0    ,     0.0,     2.0,     0.0,     0.0,     0.0,    12.0
oconnmi01, 1988,     1, DET , NHL , D  , 66.0,  1.0,  15.0,  16.0,  41.0, -8.0 ,  0.0,  6.0,  0.0,  1.0,  0.0, 0.0,  49.0,    6.0,   0.0,   0.0,     0.0,     4.0, 0.0    ,     0.0,     0.0,     0.0,     0.0,     0.0,     9.0
oconnmi01, 1989,     1, DET , NHL , D  , 66.0,  4.0,  14.0,  18.0,  22.0, -12.0,  0.0,  1.0,  0.0,  1.0,  0.0, 0.0,  57.0,       ,      ,      ,        ,        ,        ,        ,        ,        ,        ,        ,      
oconnmy01, 1990,     1, NJD , NHL , D  , 22.0,  3.0,   1.0,   4.0,  41.0, 3.0  ,  0.0,  0.0,  0.0,  0.0,  0.0, 0.0,  14.0,       ,      ,      ,        ,        ,        ,        ,        ,        ,        ,        ,      
oconnmy01, 1991,     1, NJD , NHL , D  ,  9.0,  0.0,   2.0,   2.0,  13.0, -2.0 ,  0.0,  1.0,  0.0,  0.0,  0.0, 0.0,  13.0,       ,      ,      ,        ,        ,        ,        ,        ,        ,        ,        ,      
oconnmy01, 1992,     1, NJD , NHL , D  ,  7.0,  0.0,   0.0,   0.0,   9.0, -4.0 ,  0.0,  0.0,  0.0,  0.0,  0.0, 0.0,   4.0,       ,      ,      ,        ,        ,        ,        ,        ,        ,        ,        ,      
oconnmy01, 1993,     1, ANA , NHL , D  ,  5.0,  0.0,   1.0,   1.0,   6.0, 0.0  ,  0.0,  0.0,  0.0,  0.0,  0.0, 0.0,   7.0,       ,      ,      ,        ,        ,        ,        ,        ,        ,        ,        ,      
oconnti01, 1976,     1, SDM , WHA , L  , 16.0,  0.0,   3.0,   3.0,   4.0, -12.0,  0.0,     ,  0.0,     ,  0.0,    ,  13.0,       ,      ,      ,        ,        ,        ,        ,        ,        ,        ,        ,      
oddlech01, 1972,     1, BOS , NHL , C  ,  6.0,  0.0,   0.0,   0.0,   0.0, -1.0 ,  0.0,     ,  0.0,     ,  0.0, 0.0,   1.0,       ,      ,      ,        ,        ,        ,        ,        ,        ,        ,        ,      
oddlech01, 1973,     1, BOS , NHL , C  , 49.0, 10.0,  11.0,  21.0,  25.0, 16.0 ,  0.0,     ,  0.0,     ,  1.0, 0.0,  63.0,       ,      ,      ,        ,        ,        ,        ,        ,        ,        ,        ,      
oddlech01, 1973,     2, VAN , NHL , C  , 21.0,  3.0,   5.0,   8.0,  19.0, 0.0  ,  1.0,     ,  0.0,     ,  1.0, 0.0,  22.0,       ,      ,      ,        ,        ,        ,        ,        ,        ,        ,        ,      
oddlech01, 1974,     1, VAN , NHL , C  , 60.0, 16.0,  35.0,  51.0,  54.0, 17.0 ,  3.0,     ,  0.0,     ,  2.0, 3.0,  74.0,    5.0,   0.0,   3.0,     3.0,     2.0,        ,     0.0,        ,     0.0,        ,     0.0,      
oddlech01, 1975,     1, VAN , NHL , C  , 80.0, 16.0,  46.0,  62.0,  88.0, 17.0 ,  2.0,     ,  2.0,     ,  1.0, 0.0, 133.0,    2.0,   1.0,   2.0,     3.0,     0.0,        ,     0.0,        ,     0.0,        ,     0.0,      
oddlech01, 1976,     1, VAN , NHL , C  , 80.0, 14.0,  26.0,  40.0,  81.0, -18.0,  3.0,     ,  1.0,     ,  0.0, 0.0,  99.0,       ,      ,      ,        ,        ,        ,        ,        ,        ,        ,        ,      
oddlech01, 1977,     1, VAN , NHL , C  , 78.0, 17.0,  22.0,  39.0,  64.0, -18.0,  2.0,     ,  1.0,     ,  2.0, 2.0,  91.0,       ,      ,      ,        ,        ,        ,        ,        ,        ,        ,        ,      
oddlech01, 1978,     1, VAN , NHL , C  , 67.0, 11.0,  26.0,  37.0,  51.0, -15.0,  4.0,     ,  0.0,     ,  1.0, 0.0,  83.0,    3.0,   0.0,   1.0,     1.0,     2.0,        ,     0.0,        ,     0.0,        ,     0.0,      
oddlech01, 1979,     1, VAN , NHL , C  , 75.0,  8.0,  20.0,  28.0,  76.0, -9.0 ,  1.0,     ,  1.0,     ,  0.0, 0.0,  62.0,    4.0,   0.0,   0.0,     0.0,     4.0,        ,     0.0,        ,     0.0,        ,     0.0,      
oddlech01, 1980,     1, VAN , NHL , C  ,  8.0,  0.0,   0.0,   0.0,   6.0, -1.0 ,  0.0,     ,  0.0,     ,  0.0, 0.0,   3.0,       ,      ,      ,        ,        ,        ,        ,        ,        ,        ,        ,      
odelely01, 1989,     1, MTL , NHL , D  ,  8.0,  0.0,   2.0,   2.0,  33.0, -1.0 ,  0.0,  0.0,  0.0,  0.0,  0.0, 0.0,   1.0,       ,      ,      ,        ,        ,        ,        ,        ,        ,        ,        ,      
odelely01, 1990,     1, MTL , NHL , D  , 52.0,  0.0,   2.0,   2.0, 259.0, 7.0  ,  0.0,  0.0,  0.0,  0.0,  0.0, 0.0,  25.0,   12.0,   0.0,   0.0,     0.0,    54.0, -5.0   ,     0.0,     0.0,     0.0,     0.0,     0.0,     4.0
odelely01, 1991,     1, MTL , NHL , D  , 71.0,  1.0,   7.0,   8.0, 212.0, 15.0 ,  0.0,  0.0,  0.0,  0.0,  0.0, 0.0,  43.0,    7.0,   0.0,   0.0,     0.0,    11.0, -4.0   ,     0.0,     0.0,     0.0,     0.0,     0.0,     1.0
odelely01, 1992,     1, MTL , NHL , D  , 83.0,  2.0,  14.0,  16.0, 205.0, 35.0 ,  0.0,  0.0,  0.0,  0.0,  0.0, 0.0,  79.0,   20.0,   1.0,   5.0,     6.0,    30.0, 9.0    ,     0.0,     0.0,     0.0,     0.0,     0.0,    20.0
odelely01, 1993,     1, MTL , NHL , D  , 79.0, 11.0,  29.0,  40.0, 276.0, 8.0  ,  6.0, 13.0,  0.0,  1.0,  2.0, 0.0, 116.0,    7.0,   0.0,   0.0,     0.0,    17.0, 3.0    ,     0.0,     0.0,     0.0,     0.0,     0.0,     7.0
odelely01, 1994,     1, MTL , NHL , D  , 48.0,  3.0,   7.0,  10.0, 152.0, -13.0,  0.0,  2.0,  0.0,  0.0,  0.0, 0.0,  74.0,       ,      ,      ,        ,        ,        ,        ,        ,        ,        ,        ,      
odelely01, 1995,     1, MTL , NHL , D  , 79.0,  3.0,  14.0,  17.0, 230.0, 8.0  ,  0.0,  2.0,  1.0,  0.0,  0.0, 0.0,  74.0,    6.0,   1.0,   1.0,     2.0,     6.0, 1.0    ,     0.0,     0.0,     1.0,     0.0,     0.0,     5.0
odelely01, 1996,     1, NJD , NHL , D  , 79.0,  3.0,  13.0,  16.0, 110.0, 16.0 ,  1.0,  4.0,  0.0,  0.0,  2.0, 0.0,  93.0,   10.0,   2.0,   2.0,     4.0,    19.0, -3.0   ,     1.0,     2.0,     0.0,     0.0,     0.0,    27.0
odelely01, 1997,     1, NJD , NHL , D  , 79.0,  4.0,  19.0,  23.0, 171.0, 11.0 ,  1.0,  6.0,  0.0,  1.0,  0.0, 0.0,  76.0,    6.0,   1.0,   1.0,     2.0,    21.0, 2.0    ,     1.0,     0.0,     0.0,     0.0,     1.0,     7.0
odelely01, 1998,     1, NJD , NHL , D  , 70.0,  5.0,  26.0,  31.0, 114.0, 6.0  ,  1.0, 11.0,  0.0,  0.0,  0.0, 1.0, 101.0,    7.0,   0.0,   3.0,     3.0,    10.0, -1.0   ,     0.0,     1.0,     0.0,     0.0,     0.0,    12.0
odelely01, 1999,     1, NJD , NHL , D  , 57.0,  1.0,  15.0,  16.0, 104.0, -10.0,  0.0,  2.0,  0.0,  0.0,  1.0, 0.0,  59.0,       ,      ,      ,        ,        ,        ,        ,        ,        ,        ,        ,      
odelely01, 1999,     2, PHO , NHL , D  , 16.0,  1.0,   7.0,   8.0,  19.0, 1.0  ,  1.0,  2.0,  0.0,  1.0,  0.0, 0.0,  30.0,    5.0,   0.0,   0.0,     0.0,    16.0, -3.0   ,     0.0,     0.0,     0.0,     0.0,     0.0,     9.0
odelely01, 2000,     1, CBS , NHL , D  , 81.0,  3.0,  14.0,  17.0, 118.0, -16.0,  1.0,  6.0,  0.0,  0.0,  0.0, 0.0, 104.0,       ,      ,      ,        ,        ,        ,        ,        ,        ,        ,        ,      
odelely01, 2001,     1, CBS , NHL , D  , 65.0,  2.0,  14.0,  16.0,  89.0, -28.0,  0.0,  6.0,  0.0,  0.0,  0.0, 0.0,  76.0,       ,      ,      ,        ,        ,        ,        ,        ,        ,        ,        ,      
odelely01, 2001,     2, CHI , NHL , D  , 12.0,  0.0,   2.0,   2.0,   4.0, 0.0  ,  0.0,  0.0,  0.0,  0.0,  0.0, 0.0,  10.0,    4.0,   0.0,   1.0,     1.0,    25.0, -1.0   ,     0.0,     0.0,     0.0,     0.0,     0.0,     3.0
odelely01, 2002,     1, CHI , NHL , D  , 65.0,  7.0,   4.0,  11.0,  76.0, 7.0  ,  0.0,  0.0,  0.0,  0.0,  0.0, 0.0,  77.0,       ,      ,      ,        ,        ,        ,        ,        ,        ,        ,        ,      
odelely01, 2002,     2, DAL , NHL , D  ,  3.0,  0.0,   0.0,   0.0,   6.0, 0.0  ,  0.0,  0.0,  0.0,  0.0,  0.0, 0.0,   1.0,    2.0,   0.0,   0.0,     0.0,     0.0, -1.0   ,     0.0,     0.0,     0.0,     0.0,     0.0,     2.0
odelely01, 2003,     1, FLO , NHL , D  , 82.0,  4.0,  12.0,  16.0,  88.0, -7.0 ,  2.0,  3.0,  0.0,  1.0,  0.0, 0.0,  67.0,       ,      ,      ,        ,        ,        ,        ,        ,        ,        ,        ,      
odelely01, 2005,     1, PIT , NHL , D  , 27.0,  0.0,   1.0,   1.0,  50.0, -10.0,  0.0,  0.0,  0.0,  0.0,  0.0,    ,  17.0,       ,      ,      ,        ,        ,        ,        ,        ,        ,        ,        ,      
odelese01, 1985,     1, EDM , NHL , D  ,  4.0,  0.0,   0.0,   0.0,   0.0, 1.0  ,  0.0,     ,  0.0,     ,  0.0, 0.0,   2.0,       ,      ,      ,        ,        ,        ,        ,        ,        ,        ,        ,      
odelese01, 1987,     1, EDM , NHL , D  , 12.0,  0.0,   2.0,   2.0,  33.0, -2.0 ,  0.0,  1.0,  0.0,  0.0,  0.0, 0.0,  17.0,       ,      ,      ,        ,        ,        ,        ,        ,        ,        ,        ,      
odelese01, 1988,     1, EDM , NHL , D  ,  2.0,  0.0,   0.0,   0.0,   2.0, -1.0 ,  0.0,  0.0,  0.0,  0.0,  0.0, 0.0,   0.0,       ,      ,      ,        ,        ,        ,        ,        ,        ,        ,        ,      
odgerje01, 1991,     1, SJS , NHL , R  , 61.0,  7.0,   4.0,  11.0, 217.0, -21.0,  0.0,  1.0,  0.0,  0.0,  0.0, 0.0,  64.0,       ,      ,      ,        ,        ,        ,        ,        ,        ,        ,        ,      
odgerje01, 1992,     1, SJS , NHL , R  , 66.0, 12.0,  15.0,  27.0, 253.0, -26.0,  6.0,  3.0,  0.0,  0.0,  0.0, 0.0, 100.0,       ,      ,      ,        ,        ,        ,        ,        ,        ,        ,        ,      
odgerje01, 1993,     1, SJS , NHL , L  , 81.0, 13.0,   8.0,  21.0, 222.0, -13.0,  7.0,  4.0,  0.0,  0.0,  0.0, 1.0,  73.0,   11.0,   0.0,   0.0,     0.0,    11.0, -2.0   ,     0.0,     0.0,     0.0,     0.0,     0.0,     6.0
odgerje01, 1994,     1, SJS , NHL , R  , 48.0,  4.0,   3.0,   7.0, 117.0, -8.0 ,  0.0,  0.0,  0.0,  0.0,  1.0, 0.0,  47.0,   11.0,   1.0,   1.0,     2.0,    23.0, 0.0    ,     0.0,     0.0,     0.0,     0.0,     0.0,     5.0
odgerje01, 1995,     1, SJS , NHL , L  , 78.0, 12.0,   4.0,  16.0, 192.0, -4.0 ,  0.0,  0.0,  0.0,  0.0,  1.0, 1.0,  84.0,       ,      ,      ,        ,        ,        ,        ,        ,        ,        ,        ,      
odgerje01, 1996,     1, BOS , NHL , R  , 80.0,  7.0,   8.0,  15.0, 197.0, -15.0,  1.0,  1.0,  0.0,  0.0,  1.0, 0.0,  84.0,       ,      ,      ,        ,        ,        ,        ,        ,        ,        ,        ,      
odgerje01, 1997,     1, COL , NHL , R  , 68.0,  5.0,   8.0,  13.0, 213.0, 5.0  ,  0.0,  0.0,  0.0,  0.0,  0.0, 0.0,  47.0,    6.0,   0.0,   0.0,     0.0,    25.0, -1.0   ,     0.0,     0.0,     0.0,     0.0,     0.0,     4.0
odgerje01, 1998,     1, COL , NHL , R  , 75.0,  2.0,   3.0,   5.0, 259.0, -3.0 ,  1.0,  0.0,  0.0,  0.0,  0.0, 0.0,  39.0,   15.0,   1.0,   0.0,     1.0,    14.0, 0.0    ,     0.0,     0.0,     0.0,     0.0,     1.0,     3.0
odgerje01, 1999,     1, COL , NHL , R  , 62.0,  1.0,   2.0,   3.0, 162.0, -7.0 ,  0.0,  0.0,  0.0,  0.0,  1.0, 0.0,  29.0,    4.0,   0.0,   0.0,     0.0,     0.0, 0.0    ,     0.0,     0.0,     0.0,     0.0,     0.0,     0.0
odgerje01, 2000,     1, ATL , NHL , R  , 82.0,  6.0,   7.0,  13.0, 226.0, -8.0 ,  0.0,  0.0,  0.0,  0.0,  1.0, 0.0,  67.0,       ,      ,      ,        ,        ,        ,        ,        ,        ,        ,        ,      
odgerje01, 2001,     1, ATL , NHL , R  , 46.0,  4.0,   4.0,   8.0, 135.0, -3.0 ,  0.0,  0.0,  0.0,  0.0,  1.0, 0.0,  34.0,       ,      ,      ,        ,        ,        ,        ,        ,        ,        ,        ,      
odgerje01, 2002,     1, ATL , NHL , R  , 74.0,  2.0,   4.0,   6.0, 171.0, -13.0,  0.0,  0.0,  0.0,  0.0,  1.0, 0.0,  48.0,       ,      ,      ,        ,        ,        ,        ,        ,        ,        ,        ,      
odjicgi01, 1990,     1, VAN , NHL , L  , 45.0,  7.0,   1.0,   8.0, 296.0, -6.0 ,  0.0,  0.0,  0.0,  0.0,  0.0, 1.0,  39.0,    6.0,   0.0,   0.0,     0.0,    18.0, -2.0   ,     0.0,     0.0,     0.0,     0.0,     0.0,     1.0
odjicgi01, 1991,     1, VAN , NHL , R  , 65.0,  4.0,   6.0,  10.0, 348.0, -1.0 ,  0.0,  0.0,  0.0,  0.0,  0.0, 0.0,  68.0,    4.0,   0.0,   0.0,     0.0,     6.0, 0.0    ,     0.0,     0.0,     0.0,     0.0,     0.0,     1.0
odjicgi01, 1992,     1, VAN , NHL , L  , 75.0,  4.0,  13.0,  17.0, 370.0, 3.0  ,  0.0,  1.0,  0.0,  0.0,  1.0, 0.0,  79.0,    1.0,   0.0,   0.0,     0.0,     0.0, 0.0    ,     0.0,     0.0,     0.0,     0.0,     0.0,     2.0
odjicgi01, 1993,     1, VAN , NHL , L  , 76.0, 16.0,  13.0,  29.0, 271.0, 13.0 ,  4.0,  1.0,  0.0,  0.0,  5.0, 0.0, 121.0,   10.0,   0.0,   0.0,     0.0,    18.0, 0.0    ,     0.0,     0.0,     0.0,     0.0,     0.0,     3.0
odjicgi01, 1994,     1, VAN , NHL , L  , 23.0,  4.0,   5.0,   9.0, 109.0, -3.0 ,  0.0,  1.0,  0.0,  0.0,  0.0, 0.0,  35.0,    5.0,   0.0,   0.0,     0.0,    47.0, -2.0   ,     0.0,     0.0,     0.0,     0.0,     0.0,     7.0
odjicgi01, 1995,     1, VAN , NHL , L  , 55.0,  3.0,   4.0,   7.0, 181.0, -16.0,  0.0,  0.0,  0.0,  0.0,  0.0, 0.0,  59.0,    6.0,   3.0,   1.0,     4.0,     6.0, 2.0    ,     0.0,     0.0,     0.0,     0.0,     2.0,     6.0
odjicgi01, 1996,     1, VAN , NHL , R  , 70.0,  5.0,   8.0,  13.0, 371.0, -5.0 ,  1.0,  0.0,  0.0,  0.0,  0.0, 0.0,  85.0,       ,      ,      ,        ,        ,        ,        ,        ,        ,        ,        ,      
odjicgi01, 1997,     1, VAN , NHL , L  , 35.0,  3.0,   2.0,   5.0, 181.0, -3.0 ,  0.0,  0.0,  0.0,  0.0,  1.0, 0.0,  36.0,       ,      ,      ,        ,        ,        ,        ,        ,        ,        ,        ,      
odjicgi01, 1997,     2, NYI , NHL , L  , 13.0,  0.0,   0.0,   0.0,  31.0, 1.0  ,  0.0,  0.0,  0.0,  0.0,  0.0, 0.0,  16.0,       ,      ,      ,        ,        ,        ,        ,        ,        ,        ,        ,      
odjicgi01, 1998,     1, NYI , NHL , L  , 23.0,  4.0,   3.0,   7.0, 133.0, -2.0 ,  1.0,  1.0,  0.0,  0.0,  2.0, 0.0,  28.0,       ,      ,      ,        ,        ,        ,        ,        ,        ,        ,        ,      
odjicgi01, 1999,     1, NYI , NHL , L  , 46.0,  5.0,  10.0,  15.0,  90.0, -7.0 ,  0.0,  1.0,  0.0,  0.0,  3.0, 0.0,  91.0,       ,      ,      ,        ,        ,        ,        ,        ,        ,        ,        ,      
odjicgi01, 1999,     2, PHI , NHL , L  , 13.0,  3.0,   1.0,   4.0,  10.0, 2.0  ,  0.0,  0.0,  0.0,  0.0,  1.0, 0.0,  24.0,       ,      ,      ,        ,        ,        ,        ,        ,        ,        ,        ,      
odjicgi01, 2000,     1, PHI , NHL , L  , 17.0,  1.0,   3.0,   4.0,  28.0, 0.0  ,  0.0,  0.0,  0.0,  0.0,  0.0, 0.0,  21.0,       ,      ,      ,        ,        ,        ,        ,        ,        ,        ,        ,      
odjicgi01, 2000,     2, MTL , NHL , L  , 13.0,  1.0,   0.0,   1.0,  44.0, 0.0  ,  0.0,  0.0,  0.0,  0.0,  0.0, 0.0,  11.0,       ,      ,      ,        ,        ,        ,        ,        ,        ,        ,        ,      
odjicgi01, 2001,     1, MTL , NHL , R  , 36.0,  4.0,   4.0,   8.0, 104.0, 3.0  ,  0.0,  0.0,  0.0,  0.0,  0.0, 0.0,  40.0,   12.0,   1.0,   0.0,     1.0,    47.0, -5.0   ,     0.0,     0.0,     0.0,     0.0,     0.0,    13.0
odonnfr01, 1972,     1, BOS , NHL , R  , 72.0, 10.0,   4.0,  14.0,  55.0, 3.0  ,  0.0,     ,  0.0,     ,  2.0, 0.0,  56.0,    5.0,   0.0,   1.0,     1.0,     5.0,        ,     0.0,        ,     0.0,        ,     0.0,      
odonnfr01, 1973,     1, BOS , NHL , R  , 43.0,  5.0,   7.0,  12.0,  43.0, 3.0  ,  0.0,     ,  0.0,     ,  1.0, 0.0,  39.0,       ,      ,      ,        ,        ,        ,        ,        ,        ,        ,        ,      
odonnfr01, 1974,     1, NEW , WHA , R  , 76.0, 21.0,  15.0,  36.0,  84.0, -6.0 ,  0.0,     ,  0.0,     ,     ,    , 131.0,    3.0,   0.0,   0.0,     0.0,    15.0,        ,     0.0,        ,     0.0,        ,     0.0,      
odonnfr01, 1975,     1, NEW , WHA , R  , 79.0, 11.0,  11.0,  22.0,  81.0, -19.0,  0.0,     ,  0.0,     ,  3.0,    , 100.0,   17.0,   2.0,   5.0,     7.0,    20.0, -2.0   ,        ,        ,        ,        ,        ,      
odonnse01, 1994,     1, LAK , NHL , D  , 15.0,  0.0,   2.0,   2.0,  49.0, -2.0 ,  0.0,  0.0,  0.0,  0.0,  0.0, 0.0,  12.0,       ,      ,      ,        ,        ,        ,        ,        ,        ,        ,        ,      
odonnse01, 1995,     1, LAK , NHL , D  , 71.0,  2.0,   5.0,   7.0, 127.0, 3.0  ,  0.0,  0.0,  0.0,  1.0,  0.0, 0.0,  65.0,       ,      ,      ,        ,        ,        ,        ,        ,        ,        ,        ,      
odonnse01, 1996,     1, LAK , NHL , D  , 55.0,  5.0,  12.0,  17.0, 144.0, -13.0,  2.0,  4.0,  0.0,  1.0,  0.0, 0.0,  68.0,       ,      ,      ,        ,        ,        ,        ,        ,        ,        ,        ,      
odonnse01, 1997,     1, LAK , NHL , D  , 80.0,  2.0,  15.0,  17.0, 179.0, 7.0  ,  0.0,  3.0,  0.0,  2.0,  1.0, 0.0,  71.0,    4.0,   1.0,   0.0,     1.0,    36.0, 1.0    ,     0.0,     0.0,     0.0,     0.0,     0.0,     7.0
odonnse01, 1998,     1, LAK , NHL , D  , 80.0,  1.0,  13.0,  14.0, 186.0, 1.0  ,  0.0,  4.0,  0.0,  1.0,  0.0, 0.0,  64.0,       ,      ,      ,        ,        ,        ,        ,        ,        ,        ,        ,      
odonnse01, 1999,     1, LAK , NHL , D  , 80.0,  2.0,  12.0,  14.0, 114.0, 4.0  ,  0.0,  1.0,  0.0,  1.0,  1.0, 0.0,  51.0,    4.0,   1.0,   0.0,     1.0,     4.0, 0.0    ,     0.0,     0.0,     0.0,     0.0,     0.0,     4.0
odonnse01, 2000,     1, MIN , NHL , D  , 63.0,  4.0,  12.0,  16.0, 128.0, -2.0 ,  1.0,  1.0,  0.0,  1.0,  2.0, 0.0,  58.0,       ,      ,      ,        ,        ,        ,        ,        ,        ,        ,        ,      
odonnse01, 2000,     2, NJD , NHL , D  , 17.0,  0.0,   1.0,   1.0,  33.0, 2.0  ,  0.0,  0.0,  0.0,  0.0,  0.0, 0.0,   9.0,   23.0,   1.0,   2.0,     3.0,    41.0, 5.0    ,     0.0,     0.0,     0.0,     1.0,     0.0,     9.0
odonnse01, 2001,     1, BOS , NHL , D  , 80.0,  3.0,  22.0,  25.0,  89.0, 27.0 ,  1.0,  3.0,  0.0,  0.0,  2.0, 0.0, 112.0,    6.0,   0.0,   2.0,     2.0,     4.0, -2.0   ,     0.0,     1.0,     0.0,     0.0,     0.0,     6.0
odonnse01, 2002,     1, BOS , NHL , D  , 70.0,  1.0,  15.0,  16.0,  76.0, 8.0  ,  0.0,  4.0,  0.0,  1.0,  1.0, 0.0,  61.0,       ,      ,      ,        ,        ,        ,        ,        ,        ,        ,        ,      
odonnse01, 2003,     1, BOS , NHL , D  , 82.0,  1.0,  10.0,  11.0, 110.0, 10.0 ,  0.0,  0.0,  0.0,  4.0,  0.0, 0.0,  72.0,    7.0,   0.0,   0.0,     0.0,     0.0, 1.0    ,     0.0,     0.0,     0.0,     0.0,     0.0,     2.0
odonnse01, 2005,     1, PHO , NHL , D  , 57.0,  1.0,   7.0,   8.0, 121.0, 3.0  ,  0.0,  1.0,  0.0,  0.0,  0.0,    ,  23.0,       ,      ,      ,        ,        ,        ,        ,        ,        ,        ,        ,      
odonnse01, 2005,     2, ANA , NHL , D  , 21.0,  1.0,   2.0,   3.0,  26.0, 3.0  ,  0.0,  0.0,  0.0,  0.0,  0.0,    ,  10.0,   16.0,   2.0,   3.0,     5.0,    23.0, 8.0    ,     0.0,     0.0,     0.0,     0.0,     1.0,    10.0
odonnse01, 2006,     1, AND , NHL , D  , 79.0,  2.0,  15.0,  17.0,  92.0, 9.0  ,  0.0,  0.0,  0.0,  1.0,  1.0,    ,  47.0,   21.0,   0.0,   2.0,     2.0,    10.0, 8.0    ,     0.0,     0.0,     0.0,     1.0,     0.0,    13.0
odonnse01, 2007,     1, AND , NHL , D  , 82.0,  2.0,   7.0,   9.0,  84.0, 9.0  ,  0.0,  0.0,  1.0,  2.0,  0.0,    ,  25.0,    6.0,   1.0,   1.0,     2.0,     2.0, 3.0    ,     0.0,     0.0,     0.0,     0.0,     0.0,     3.0
odonnse01, 2008,     1, LAK , NHL , D  , 82.0,  0.0,  12.0,  12.0,  71.0, 2.0  ,  0.0,  0.0,  0.0,  0.0,  0.0,    ,  32.0,       ,      ,      ,        ,        ,        ,        ,        ,        ,        ,        ,      
odonnse01, 2009,     1, LAK , NHL , D  , 78.0,  3.0,  12.0,  15.0,  70.0, 14.0 ,  0.0,  0.0,  0.0,  0.0,  1.0,    ,  44.0,    6.0,   0.0,   1.0,     1.0,     4.0, -2.0   ,     0.0,     0.0,     0.0,     0.0,     0.0,     2.0
odonodo01, 1969,     1, OAK , NHL , R  , 68.0,  5.0,   6.0,  11.0,  21.0, -26.0,  0.0,     ,  0.0,     ,  1.0, 0.0,  55.0,    3.0,   0.0,   0.0,     0.0,     0.0,        ,     0.0,        ,     0.0,        ,     0.0,      
odonodo01, 1970,     1, CLF , NHL , R  , 43.0, 11.0,   9.0,  20.0,  10.0, -20.0,  3.0,     ,  1.0,     ,  0.0, 0.0,  63.0,       ,      ,      ,        ,        ,        ,        ,        ,        ,        ,        ,      
odonodo01, 1971,     1, CLF , NHL , R  , 14.0,  2.0,   2.0,   4.0,   4.0, -4.0 ,  0.0,     ,  0.0,     ,  0.0, 1.0,  11.0,       ,      ,      ,        ,        ,        ,        ,        ,        ,        ,        ,      
odonodo01, 1972,     1, PHB , WHA , R  , 74.0, 16.0,  23.0,  39.0,  43.0,      ,  1.0,     ,  0.0,     ,     ,    ,      ,    4.0,   0.0,   1.0,     1.0,     0.0,        ,     0.0,        ,     0.0,        ,     0.0,      
odonodo01, 1973,     1, VAB , WHA , R  , 49.0,  8.0,   6.0,  14.0,  20.0,      ,  0.0,     ,  0.0,     ,  1.0,    ,      ,       ,      ,      ,        ,        ,        ,        ,        ,        ,        ,        ,      
odonodo01, 1974,     1, VAB , WHA , R  ,  4.0,  0.0,   0.0,   0.0,   0.0,      ,  0.0,     ,  0.0,     ,  0.0,    ,   4.0,       ,      ,      ,        ,        ,        ,        ,        ,        ,        ,        ,      
odonodo01, 1975,     1, CIN , WHA , R  , 20.0,  1.0,   8.0,   9.0,   0.0, -3.0 ,  0.0,     ,  0.0,     ,  0.0,    ,  11.0,       ,      ,      ,        ,        ,        ,        ,        ,        ,        ,        ,      
odrowge01, 1960,     1, DET , NHL , D  , 68.0,  1.0,   4.0,   5.0,  45.0,      ,     ,     ,     ,     ,     ,    ,      ,   10.0,   0.0,   0.0,     0.0,     4.0,        ,        ,        ,        ,        ,     0.0,      
odrowge01, 1961,     1, DET , NHL , D  , 69.0,  1.0,   6.0,   7.0,  24.0,      ,     ,     ,     ,     ,     ,    ,      ,       ,      ,      ,        ,        ,        ,        ,        ,        ,        ,        ,      
odrowge01, 1962,     1, DET , NHL , D  ,  1.0,  0.0,   0.0,   0.0,   0.0,      ,     ,     ,     ,     ,     ,    ,      ,    2.0,   0.0,   0.0,     0.0,     2.0,        ,        ,        ,        ,        ,     0.0,      
odrowge01, 1967,     1, OAK , NHL , D  , 42.0,  4.0,   6.0,  10.0,  10.0, 0.0  ,  0.0,     ,  2.0,     ,  2.0, 0.0,  40.0,       ,      ,      ,        ,        ,        ,        ,        ,        ,        ,        ,      
odrowge01, 1968,     1, OAK , NHL , D  , 74.0,  5.0,   1.0,   6.0,  24.0, 4.0  ,  0.0,     ,  3.0,     ,  0.0, 0.0,  54.0,    7.0,   0.0,   1.0,     1.0,     2.0,        ,     0.0,        ,     0.0,        ,     0.0,      
odrowge01, 1971,     1, STL , NHL , D  , 55.0,  1.0,   2.0,   3.0,   8.0, -1.0 ,  0.0,     ,  1.0,     ,  0.0, 0.0,  30.0,   11.0,   0.0,   0.0,     0.0,     8.0,        ,     0.0,        ,     0.0,        ,     0.0,      
odrowge01, 1972,     1, LAS , WHA , D  , 78.0,  6.0,  31.0,  37.0,  89.0,      ,  0.0,     ,  1.0,     ,     ,    ,      ,    6.0,   1.0,   2.0,     3.0,     6.0,        ,     0.0,        ,     0.0,        ,     1.0,      
odrowge01, 1973,     1, LAS , WHA , D  , 77.0,  4.0,  32.0,  36.0,  48.0,      ,  2.0,     ,  0.0,     ,  0.0,    ,      ,       ,      ,      ,        ,        ,        ,        ,        ,        ,        ,        ,      
odrowge01, 1974,     1, PHR , WHA , D  , 77.0,  5.0,  38.0,  43.0,  77.0, 23.0 ,  2.0,     ,  0.0,     ,     ,    , 143.0,    5.0,   0.0,   2.0,     2.0,     0.0,        ,     0.0,        ,     0.0,        ,     0.0,      
odrowge01, 1975,     1, MFS , WHA , D  , 37.0,  1.0,  12.0,  13.0,  10.0, -9.0 ,  0.0,     ,  0.0,     ,  0.0,    ,  69.0,       ,      ,      ,        ,        ,        ,        ,        ,        ,        ,        ,      
odrowge01, 1975,     2, WIJ , WHA , D  , 13.0,  0.0,   1.0,   1.0,   6.0, -8.0 ,  0.0,     ,  0.0,     ,  0.0,    ,  13.0,       ,      ,      ,        ,        ,        ,        ,        ,        ,        ,        ,      
oduyajo01, 2006,     1, NJD , NHL , D  , 76.0,  2.0,   9.0,  11.0,  61.0, -5.0 ,  0.0,  2.0,  0.0,  0.0,  0.0,    ,  55.0,    6.0,   0.0,   1.0,     1.0,     6.0, 2.0    ,     0.0,     0.0,     0.0,     0.0,     0.0,     4.0
oduyajo01, 2007,     1, NJD , NHL , D  , 75.0,  6.0,  20.0,  26.0,  46.0, 27.0 ,  2.0,  6.0,  0.0,  0.0,  0.0,    ,  63.0,    5.0,   0.0,   1.0,     1.0,     6.0, -5.0   ,     0.0,     1.0,     0.0,     0.0,     0.0,     2.0
oduyajo01, 2008,     1, NJD , NHL , D  , 82.0,  7.0,  22.0,  29.0,  30.0, 21.0 ,  1.0,  4.0,  1.0,  0.0,  4.0,    , 108.0,    7.0,   0.0,   0.0,     0.0,     2.0, 3.0    ,     0.0,     0.0,     0.0,     0.0,     0.0,     8.0
oduyajo01, 2009,     1, NJD , NHL , D  , 40.0,  2.0,   2.0,   4.0,  18.0, 2.0  ,  0.0,  0.0,  0.0,  0.0,  0.0,    ,  44.0,       ,      ,      ,        ,        ,        ,        ,        ,        ,        ,        ,      
oduyajo01, 2009,     2, ATL , NHL , D  , 27.0,  1.0,   8.0,   9.0,  12.0, 6.0  ,  0.0,  1.0,  0.0,  0.0,  0.0,    ,  24.0,       ,      ,      ,        ,        ,        ,        ,        ,        ,        ,        ,      
odwyebi01, 1983,     1, LAK , NHL , C  ,  5.0,  0.0,   0.0,   0.0,   0.0, 1.0  ,  0.0,     ,  0.0,     ,  0.0, 0.0,   2.0,       ,      ,      ,        ,        ,        ,        ,        ,        ,        ,        ,      
odwyebi01, 1984,     1, LAK , NHL , C  , 13.0,  1.0,   0.0,   1.0,  15.0, 0.0  ,  0.0,     ,  0.0,     ,  0.0, 0.0,   8.0,       ,      ,      ,        ,        ,        ,        ,        ,        ,        ,        ,      
odwyebi01, 1987,     1, BOS , NHL , C  , 77.0,  7.0,  10.0,  17.0,  83.0, -3.0 ,  1.0,  0.0,  0.0,  2.0,  1.0, 0.0,  98.0,    9.0,   0.0,   0.0,     0.0,     0.0, 2.0    ,     0.0,     0.0,     0.0,     0.0,     0.0,     6.0
odwyebi01, 1988,     1, BOS , NHL , C  , 19.0,  1.0,   2.0,   3.0,   8.0, -4.0 ,  0.0,  0.0,  0.0,  0.0,  0.0, 0.0,  18.0,       ,      ,      ,        ,        ,        ,        ,        ,        ,        ,        ,      
odwyebi01, 1989,     1, BOS , NHL , C  ,  6.0,  0.0,   1.0,   1.0,   2.0, -2.0 ,  0.0,  0.0,  0.0,  0.0,  0.0, 0.0,   7.0,    1.0,   0.0,   0.0,     0.0,     2.0, 0.0    ,     0.0,     0.0,     0.0,     0.0,     0.0,     0.0
oflahge01, 1971,     1, TOR , NHL , L  ,  2.0,  0.0,   0.0,   0.0,   0.0, 0.0  ,  0.0,     ,  0.0,     ,  0.0, 0.0,   3.0,       ,      ,      ,        ,        ,        ,        ,        ,        ,        ,        ,      
oflahge01, 1972,     1, VAN , NHL , R  , 78.0, 13.0,  17.0,  30.0,  29.0, -17.0,  0.0,     ,  0.0,     ,  0.0, 0.0, 135.0,       ,      ,      ,        ,        ,        ,        ,        ,        ,        ,        ,      
oflahge01, 1973,     1, VAN , NHL , L  , 78.0, 22.0,  20.0,  42.0,  18.0, -5.0 ,  2.0,     ,  0.0,     ,  2.0, 3.0, 142.0,       ,      ,      ,        ,        ,        ,        ,        ,        ,        ,        ,      
oflahge01, 1974,     1, VAN , NHL , L  , 80.0, 25.0,  17.0,  42.0,  37.0, 6.0  ,  3.0,     ,  2.0,     ,  2.0, 0.0, 164.0,    5.0,   2.0,   2.0,     4.0,     6.0,        ,     0.0,        ,     0.0,        ,     0.0,      
oflahge01, 1975,     1, VAN , NHL , L  , 68.0, 20.0,  18.0,  38.0,  47.0, 11.0 ,  0.0,     ,  1.0,     ,  3.0, 2.0, 129.0,    2.0,   0.0,   0.0,     0.0,     0.0,        ,     0.0,        ,     0.0,        ,     0.0,      
oflahge01, 1976,     1, VAN , NHL , L  , 72.0, 12.0,  12.0,  24.0,  20.0, -24.0,  1.0,     ,  0.0,     ,  2.0, 1.0, 114.0,       ,      ,      ,        ,        ,        ,        ,        ,        ,        ,        ,      
oflahge01, 1977,     1, VAN , NHL , L  , 59.0,  6.0,  11.0,  17.0,  15.0, -5.0 ,  0.0,     ,  1.0,     ,  0.0, 0.0,  90.0,       ,      ,      ,        ,        ,        ,        ,        ,        ,        ,        ,      
oflahge01, 1978,     1, ATF , NHL , L  ,  1.0,  1.0,   0.0,   1.0,   2.0, 0.0  ,  0.0,     ,  0.0,     ,  0.0, 0.0,   2.0,       ,      ,      ,        ,        ,        ,        ,        ,        ,        ,        ,      
oflahpe01, 1940,     1, NYA , NHL , R  , 10.0,  4.0,   0.0,   4.0,   0.0,      ,     ,     ,     ,     ,     ,    ,      ,       ,      ,      ,        ,        ,        ,        ,        ,        ,        ,        ,      
oflahpe01, 1941,     1, BKN , NHL , R  , 11.0,  1.0,   1.0,   2.0,   0.0,      ,     ,     ,     ,     ,     ,    ,      ,       ,      ,      ,        ,        ,        ,        ,        ,        ,        ,        ,      
ogilvbr01, 1972,     1, CHI , NHL , C  , 12.0,  1.0,   2.0,   3.0,   4.0, -2.0 ,  1.0,     ,  0.0,     ,  0.0, 0.0,  12.0,       ,      ,      ,        ,        ,        ,        ,        ,        ,        ,        ,      
ogilvbr01, 1974,     1, STL , NHL , C  , 20.0,  5.0,   5.0,  10.0,   4.0, -4.0 ,  0.0,     ,  0.0,     ,  2.0, 0.0,  36.0,       ,      ,      ,        ,        ,        ,        ,        ,        ,        ,        ,      
ogilvbr01, 1975,     1, STL , NHL , C  ,  9.0,  2.0,   1.0,   3.0,   2.0, -1.0 ,  0.0,     ,  0.0,     ,  0.0, 0.0,  14.0,       ,      ,      ,        ,        ,        ,        ,        ,        ,        ,        ,      
ogilvbr01, 1976,     1, STL , NHL , C  ,  3.0,  0.0,   0.0,   0.0,   0.0, -1.0 ,  0.0,     ,  0.0,     ,  0.0, 0.0,   0.0,       ,      ,      ,        ,        ,        ,        ,        ,        ,        ,        ,      
ogilvbr01, 1977,     1, STL , NHL , C  , 32.0,  6.0,   8.0,  14.0,  12.0, -12.0,  3.0,     ,  0.0,     ,  0.0, 0.0,  63.0,       ,      ,      ,        ,        ,        ,        ,        ,        ,        ,        ,      
ogilvbr01, 1978,     1, STL , NHL , C  , 14.0,  1.0,   5.0,   6.0,   7.0, -3.0 ,  0.0,     ,  0.0,     ,  0.0, 0.0,  21.0,       ,      ,      ,        ,        ,        ,        ,        ,        ,        ,        ,      
ogradge01, 1913,     1, MOW , NHA ,    , 12.0,  1.0,   2.0,   3.0,   8.0,      ,     ,     ,     ,     ,     ,    ,      ,       ,      ,      ,        ,        ,        ,        ,        ,        ,        ,        ,      
ogradge01, 1914,     1, MOW , NHA ,    ,  2.0,  1.0,   0.0,   1.0,   0.0,      ,     ,     ,     ,     ,     ,    ,      ,    1.0,   0.0,      ,        ,        ,        ,        ,        ,        ,        ,        ,      
ogradge01, 1915,     1, MOW , NHA ,    ,  2.0,  0.0,   1.0,   1.0,   4.0,      ,     ,     ,     ,     ,     ,    ,      ,       ,      ,      ,        ,        ,        ,        ,        ,        ,        ,        ,      
ogradge01, 1917,     1, MTW , NHL , F  ,  4.0,  0.0,   0.0,   0.0,   0.0,      ,     ,     ,     ,     ,  0.0,    ,      ,       ,      ,      ,        ,        ,        ,        ,        ,        ,        ,        ,      
ogrodjo01, 1979,     1, DET , NHL , L  , 41.0,  8.0,  24.0,  32.0,   8.0, -4.0 ,  3.0,     ,  0.0,     ,  1.0, 0.0, 121.0,       ,      ,      ,        ,        ,        ,        ,        ,        ,        ,        ,      
ogrodjo01, 1980,     1, DET , NHL , L  , 80.0, 35.0,  35.0,  70.0,  14.0, -17.0,  9.0,     ,  2.0,     ,  2.0, 1.0, 276.0,       ,      ,      ,        ,        ,        ,        ,        ,        ,        ,        ,      
ogrodjo01, 1981,     1, DET , NHL , L  , 80.0, 28.0,  26.0,  54.0,  28.0, -15.0,  3.0,     ,  2.0,     ,  3.0, 3.0, 254.0,       ,      ,      ,        ,        ,        ,        ,        ,        ,        ,        ,      
ogrodjo01, 1982,     1, DET , NHL , L  , 80.0, 41.0,  44.0,  85.0,  30.0, 11.0 ,  5.0,     ,  0.0,     ,  2.0, 3.0, 254.0,       ,      ,      ,        ,        ,        ,        ,        ,        ,        ,        ,      
ogrodjo01, 1983,     1, DET , NHL , L  , 64.0, 42.0,  36.0,  78.0,  14.0, -16.0, 19.0,     ,  3.0,     ,  5.0, 1.0, 252.0,    4.0,   0.0,   0.0,     0.0,     0.0, -4.0   ,     0.0,        ,     0.0,        ,     0.0,    10.0
ogrodjo01, 1984,     1, DET , NHL , L  , 79.0, 55.0,  50.0, 105.0,  30.0, 1.0  , 15.0,     ,  1.0,     ,  6.0, 1.0, 303.0,    3.0,   1.0,   1.0,     2.0,     0.0, -2.0   ,     0.0,        ,     0.0,        ,     0.0,    13.0
ogrodjo01, 1985,     1, DET , NHL , L  , 76.0, 38.0,  32.0,  70.0,  18.0, -30.0, 15.0,     ,  1.0,     ,  2.0, 0.0, 208.0,       ,      ,      ,        ,        ,        ,        ,        ,        ,        ,        ,      
ogrodjo01, 1986,     1, DET , NHL , L  , 39.0, 12.0,  28.0,  40.0,   6.0, -2.0 ,  4.0,     ,  1.0,     ,  1.0, 0.0, 117.0,       ,      ,      ,        ,        ,        ,        ,        ,        ,        ,        ,      
ogrodjo01, 1986,     2, QUE , NHL , L  , 32.0, 11.0,  16.0,  27.0,   4.0, -6.0 ,  2.0,     ,  0.0,     ,  1.0, 0.0, 127.0,   13.0,   9.0,   4.0,    13.0,     6.0, 0.0    ,     3.0,        ,     0.0,        ,     2.0,    41.0
ogrodjo01, 1987,     1, NYR , NHL , L  , 64.0, 22.0,  32.0,  54.0,  16.0, -3.0 ,  7.0, 17.0,  0.0,  0.0,  5.0, 1.0, 152.0,       ,      ,      ,        ,        ,        ,        ,        ,        ,        ,        ,      
ogrodjo01, 1988,     1, NYR , NHL , L  , 60.0, 13.0,  29.0,  42.0,  14.0, 0.0  ,  1.0,  0.0,  0.0,  1.0,  1.0, 0.0, 149.0,    3.0,   2.0,   0.0,     2.0,     0.0, -2.0   ,     1.0,     0.0,     0.0,     0.0,     0.0,     9.0
ogrodjo01, 1989,     1, NYR , NHL , L  , 80.0, 43.0,  31.0,  74.0,  44.0, 11.0 , 19.0, 12.0,  0.0,  0.0,  8.0, 0.0, 215.0,   10.0,   6.0,   3.0,     9.0,     0.0, -4.0   ,     3.0,     2.0,     0.0,     0.0,     1.0,    31.0
ogrodjo01, 1990,     1, NYR , NHL , L  , 79.0, 31.0,  23.0,  54.0,  10.0, 15.0 , 12.0,  4.0,  0.0,  0.0,  4.0, 0.0, 250.0,    4.0,   0.0,   0.0,     0.0,     0.0, -2.0   ,     0.0,     0.0,     0.0,     0.0,     0.0,     5.0
ogrodjo01, 1991,     1, NYR , NHL , L  , 55.0, 17.0,  13.0,  30.0,  22.0, 6.0  ,  3.0,  4.0,  0.0,  0.0,  4.0, 0.0, 110.0,    3.0,   0.0,   0.0,     0.0,     0.0, -1.0   ,     0.0,     0.0,     0.0,     0.0,     0.0,     4.0
ogrodjo01, 1992,     1, DET , NHL , L  , 19.0,  6.0,   6.0,  12.0,   2.0, -2.0 ,  4.0,  3.0,  0.0,  0.0,  0.0, 0.0,  25.0,    1.0,   0.0,   0.0,     0.0,     0.0, -1.0   ,     0.0,     0.0,     0.0,     0.0,     0.0,     1.0
ohlunma01, 1997,     1, VAN , NHL , D  , 77.0,  7.0,  23.0,  30.0,  76.0, 3.0  ,  1.0,  8.0,  0.0,  4.0,  0.0, 0.0, 172.0,       ,      ,      ,        ,        ,        ,        ,        ,        ,        ,        ,      
ohlunma01, 1998,     1, VAN , NHL , D  , 74.0,  9.0,  26.0,  35.0,  83.0, -19.0,  2.0, 15.0,  1.0,  0.0,  1.0, 0.0, 129.0,       ,      ,      ,        ,        ,        ,        ,        ,        ,        ,        ,      
ohlunma01, 1999,     1, VAN , NHL , D  , 42.0,  4.0,  16.0,  20.0,  24.0, 6.0  ,  2.0,  9.0,  1.0,  0.0,  1.0, 0.0,  63.0,       ,      ,      ,        ,        ,        ,        ,        ,        ,        ,        ,      
ohlunma01, 2000,     1, VAN , NHL , D  , 65.0,  8.0,  20.0,  28.0,  46.0, -16.0,  1.0,  8.0,  1.0,  3.0,  4.0, 0.0, 136.0,    4.0,   1.0,   3.0,     4.0,     6.0, -5.0   ,     1.0,     3.0,     0.0,     0.0,     0.0,    10.0
ohlunma01, 2001,     1, VAN , NHL , D  , 81.0, 10.0,  26.0,  36.0,  56.0, 16.0 ,  4.0, 11.0,  1.0,  0.0,  3.0, 0.0, 193.0,    6.0,   1.0,   1.0,     2.0,     6.0, -3.0   ,     0.0,     1.0,     0.0,     0.0,     0.0,    10.0
ohlunma01, 2002,     1, VAN , NHL , D  , 59.0,  2.0,  27.0,  29.0,  42.0, 1.0  ,  0.0, 20.0,  0.0,  1.0,  0.0, 0.0, 100.0,   13.0,   3.0,   4.0,     7.0,    12.0, 1.0    ,     0.0,     2.0,     0.0,     1.0,     0.0,    23.0
ohlunma01, 2003,     1, VAN , NHL , D  , 82.0, 14.0,  20.0,  34.0,  73.0, 14.0 ,  5.0,  4.0,  0.0,  0.0,  3.0, 1.0, 129.0,    7.0,   1.0,   4.0,     5.0,    13.0, -6.0   ,     0.0,     2.0,     0.0,     0.0,     1.0,    15.0
ohlunma01, 2005,     1, VAN , NHL , D  , 78.0, 13.0,  20.0,  33.0,  92.0, -6.0 ,  8.0,  7.0,  1.0,  2.0,  2.0,    , 183.0,       ,      ,      ,        ,        ,        ,        ,        ,        ,        ,        ,      
ohlunma01, 2006,     1, VAN , NHL , D  , 77.0, 11.0,  20.0,  31.0,  80.0, -3.0 ,  6.0,  9.0,  0.0,  0.0,  2.0,    , 170.0,   12.0,   2.0,   5.0,     7.0,    12.0, 3.0    ,     1.0,     2.0,     0.0,     0.0,     0.0,    29.0
ohlunma01, 2007,     1, VAN , NHL , D  , 53.0,  9.0,  15.0,  24.0,  79.0, -1.0 ,  4.0,  7.0,  0.0,  0.0,  2.0,    , 128.0,       ,      ,      ,        ,        ,        ,        ,        ,        ,        ,        ,      
ohlunma01, 2008,     1, VAN , NHL , D  , 82.0,  6.0,  19.0,  25.0, 105.0, 14.0 ,  3.0,  5.0,  0.0,  1.0,  1.0,    , 131.0,   10.0,   1.0,   2.0,     3.0,     6.0, 5.0    ,     1.0,     0.0,     0.0,     0.0,     0.0,    15.0
ohlunma01, 2009,     1, TBL , NHL , D  , 67.0,  0.0,  13.0,  13.0,  59.0, -8.0 ,  0.0,  1.0,  0.0,  0.0,  0.0,    ,  71.0,       ,      ,      ,        ,        ,        ,        ,        ,        ,        ,        ,      
ojaneja01, 1988,     1, NJD , NHL , C  ,  3.0,  0.0,   1.0,   1.0,   2.0, -1.0 ,  0.0,  0.0,  0.0,  0.0,  0.0, 0.0,   1.0,       ,      ,      ,        ,        ,        ,        ,        ,        ,        ,        ,      
ojaneja01, 1989,     1, NJD , NHL , C  , 64.0, 17.0,  13.0,  30.0,  12.0, -5.0 ,  1.0,  4.0,  0.0,  0.0,  1.0, 1.0,  76.0,       ,      ,      ,        ,        ,        ,        ,        ,        ,        ,        ,      
ojaneja01, 1991,     1, NJD , NHL , C  ,     ,     ,      ,      ,      ,      ,     ,     ,     ,     ,     ,    ,      ,    3.0,   0.0,   2.0,     2.0,     0.0, -2.0   ,     0.0,     1.0,     0.0,     0.0,     0.0,     0.0
ojaneja01, 1992,     1, NJD , NHL , C  , 31.0,  4.0,   9.0,  13.0,  14.0, -2.0 ,  1.0,  5.0,  0.0,  0.0,  1.0, 0.0,  44.0,       ,      ,      ,        ,        ,        ,        ,        ,        ,        ,        ,      
okerlto01, 1987,     1, NYI , NHL , R  ,  4.0,  0.0,   0.0,   0.0,   2.0, 0.0  ,  0.0,  0.0,  0.0,  0.0,  0.0, 0.0,   3.0,       ,      ,      ,        ,        ,        ,        ,        ,        ,        ,        ,      
okete01  , 1912,     1, TO1 , NHA ,    ,  5.0,  0.0,   0.0,   0.0,   7.0,      ,     ,     ,     ,     ,     ,    ,      ,       ,      ,      ,        ,        ,        ,        ,        ,        ,        ,        ,      
okete01  , 1914,     1, TBS , NHA ,    ,  7.0,  1.0,   0.0,   1.0,   0.0,      ,     ,     ,     ,     ,     ,    ,      ,       ,      ,      ,        ,        ,        ,        ,        ,        ,        ,        ,      
okposky01, 2007,     1, NYI , NHL , R  ,  9.0,  2.0,   3.0,   5.0,   2.0, 3.0  ,  1.0,  0.0,  0.0,  1.0,  1.0,    ,  15.0,       ,      ,      ,        ,        ,        ,        ,        ,        ,        ,        ,      
okposky01, 2008,     1, NYI , NHL , R  , 65.0, 18.0,  21.0,  39.0,  36.0, -6.0 ,  9.0,  4.0,  0.0,  1.0,  3.0,    , 165.0,       ,      ,      ,        ,        ,        ,        ,        ,        ,        ,        ,      
okposky01, 2009,     1, NYI , NHL , R  , 80.0, 19.0,  33.0,  52.0,  34.0, -23.0,  4.0, 18.0,  0.0,  1.0,  4.0,    , 249.0,       ,      ,      ,        ,        ,        ,        ,        ,        ,        ,        ,      
oksiuro01, 1993,     1, EDM , NHL , R  , 10.0,  1.0,   2.0,   3.0,   4.0, -1.0 ,  0.0,  0.0,  0.0,  0.0,  0.0, 0.0,  18.0,       ,      ,      ,        ,        ,        ,        ,        ,        ,        ,        ,      
oksiuro01, 1994,     1, EDM , NHL , R  , 26.0, 11.0,   2.0,  13.0,   8.0, -14.0,  5.0,  0.0,  0.0,  0.0,  0.0, 0.0,  52.0,       ,      ,      ,        ,        ,        ,        ,        ,        ,        ,        ,      
oksiuro01, 1994,     2, VAN , NHL , R  , 12.0,  5.0,   2.0,   7.0,   2.0, 2.0  ,  1.0,  0.0,  0.0,  0.0,  1.0, 0.0,  15.0,   10.0,   2.0,   3.0,     5.0,     0.0, 0.0    ,     1.0,     1.0,     0.0,     0.0,     0.0,     9.0
oksiuro01, 1995,     1, VAN , NHL , R  , 56.0, 16.0,  23.0,  39.0,  42.0, 2.0  ,  5.0,  5.0,  0.0,  0.0,  1.0, 0.0,  92.0,       ,      ,      ,        ,        ,        ,        ,        ,        ,        ,        ,      
oksiuro01, 1995,     2, ANA , NHL , R  , 14.0,  7.0,   5.0,  12.0,  18.0, 2.0  ,  6.0,  1.0,  0.0,  0.0,  0.0, 0.0,  27.0,       ,      ,      ,        ,        ,        ,        ,        ,        ,        ,        ,      
oksiuro01, 1996,     1, ANA , NHL , R  , 28.0,  6.0,   7.0,  13.0,  22.0, -12.0,  2.0,  0.0,  0.0,  0.0,  0.0, 1.0,  48.0,       ,      ,      ,        ,        ,        ,        ,        ,        ,        ,        ,      
oksiuro01, 1996,     2, PIT , NHL , R  ,  7.0,  0.0,   0.0,   0.0,   4.0, -4.0 ,  0.0,  0.0,  0.0,  0.0,  0.0, 0.0,  10.0,       ,      ,      ,        ,        ,        ,        ,        ,        ,        ,        ,      
olausfr01, 1986,     1, WIN , NHL , D  , 72.0,  7.0,  29.0,  36.0,  26.0, -3.0 ,  1.0,     ,  0.0,     ,  2.0, 0.0, 119.0,   10.0,   2.0,   3.0,     5.0,     4.0, 0.0    ,     1.0,        ,     0.0,        ,     0.0,    23.0
olausfr01, 1987,     1, WIN , NHL , D  , 38.0,  5.0,  10.0,  15.0,  18.0, 3.0  ,  2.0,  5.0,  0.0,  0.0,  2.0, 0.0,  65.0,    5.0,   1.0,   1.0,     2.0,     0.0, -1.0   ,     0.0,     1.0,     0.0,     0.0,     0.0,     6.0
olausfr01, 1988,     1, WIN , NHL , D  , 75.0, 15.0,  47.0,  62.0,  32.0, 6.0  ,  4.0, 19.0,  0.0,  2.0,  1.0, 0.0, 178.0,       ,      ,      ,        ,        ,        ,        ,        ,        ,        ,        ,      
olausfr01, 1989,     1, WIN , NHL , D  , 77.0,  9.0,  46.0,  55.0,  32.0, -1.0 ,  3.0, 21.0,  0.0,  3.0,  0.0, 0.0, 147.0,    7.0,   0.0,   2.0,     2.0,     2.0, -5.0   ,     0.0,     2.0,     0.0,     0.0,     0.0,     9.0
olausfr01, 1990,     1, WIN , NHL , D  , 71.0, 12.0,  29.0,  41.0,  24.0, -22.0,  5.0, 16.0,  0.0,  1.0,  0.0, 0.0, 168.0,       ,      ,      ,        ,        ,        ,        ,        ,        ,        ,        ,      
olausfr01, 1991,     1, WIN , NHL , D  , 77.0, 20.0,  42.0,  62.0,  34.0, -31.0, 13.0, 33.0,  1.0,  0.0,  2.0, 0.0, 227.0,    7.0,   1.0,   5.0,     6.0,     4.0, -7.0   ,     1.0,     3.0,     0.0,     0.0,     0.0,    18.0
olausfr01, 1992,     1, WIN , NHL , D  , 68.0, 16.0,  41.0,  57.0,  22.0, -4.0 , 11.0, 27.0,  0.0,  0.0,  3.0, 0.0, 165.0,    6.0,   0.0,   2.0,     2.0,     2.0, 0.0    ,     0.0,     1.0,     0.0,     0.0,     0.0,     5.0
olausfr01, 1993,     1, WIN , NHL , D  , 18.0,  2.0,   5.0,   7.0,  10.0, -3.0 ,  1.0,  4.0,  0.0,  0.0,  0.0, 0.0,  41.0,       ,      ,      ,        ,        ,        ,        ,        ,        ,        ,        ,      
olausfr01, 1993,     2, EDM , NHL , D  , 55.0,  9.0,  19.0,  28.0,  20.0, -4.0 ,  6.0, 10.0,  0.0,  0.0,  1.0, 0.0,  85.0,       ,      ,      ,        ,        ,        ,        ,        ,        ,        ,        ,      
olausfr01, 1994,     1, EDM , NHL , D  , 33.0,  0.0,  10.0,  10.0,  20.0, -4.0 ,  0.0,  1.0,  0.0,  0.0,  0.0, 0.0,  52.0,       ,      ,      ,        ,        ,        ,        ,        ,        ,        ,        ,      
olausfr01, 1995,     1, EDM , NHL , D  , 20.0,  0.0,   6.0,   6.0,  14.0, -14.0,  0.0,  3.0,  0.0,  0.0,  0.0, 0.0,  20.0,       ,      ,      ,        ,        ,        ,        ,        ,        ,        ,        ,      
olausfr01, 1995,     2, ANA , NHL , D  , 36.0,  2.0,  16.0,  18.0,  24.0, 7.0  ,  1.0, 12.0,  0.0,  0.0,  0.0, 0.0,  63.0,       ,      ,      ,        ,        ,        ,        ,        ,        ,        ,        ,      
olausfr01, 1996,     1, ANA , NHL , D  , 20.0,  2.0,   9.0,  11.0,   8.0, -5.0 ,  1.0,  4.0,  0.0,  0.0,  0.0, 0.0,  35.0,       ,      ,      ,        ,        ,        ,        ,        ,        ,        ,        ,      
olausfr01, 1996,     2, PIT , NHL , D  , 51.0,  7.0,  20.0,  27.0,  24.0, 21.0 ,  2.0,  9.0,  0.0,  0.0,  3.0, 0.0,  75.0,    4.0,   0.0,   1.0,     1.0,     0.0, -1.0   ,     0.0,     1.0,     0.0,     0.0,     0.0,     5.0
olausfr01, 1997,     1, PIT , NHL , D  , 76.0,  6.0,  27.0,  33.0,  42.0, 13.0 ,  2.0, 14.0,  0.0,  1.0,  1.0, 0.0,  89.0,    6.0,   0.0,   3.0,     3.0,     2.0, 0.0    ,     0.0,     0.0,     0.0,     0.0,     0.0,    17.0
olausfr01, 1998,     1, ANA , NHL , D  , 74.0, 16.0,  40.0,  56.0,  30.0, 17.0 , 10.0, 33.0,  0.0,  0.0,  2.0, 0.0, 121.0,    4.0,   0.0,   2.0,     2.0,     4.0, -4.0   ,     0.0,     2.0,     0.0,     0.0,     0.0,     6.0
olausfr01, 1999,     1, ANA , NHL , D  , 70.0, 15.0,  19.0,  34.0,  28.0, -13.0,  8.0, 14.0,  0.0,  0.0,  1.0, 1.0, 120.0,       ,      ,      ,        ,        ,        ,        ,        ,        ,        ,        ,      
olausfr01, 2001,     1, DET , NHL , D  , 47.0,  2.0,  13.0,  15.0,  22.0, 9.0  ,  0.0,  1.0,  1.0,  0.0,  1.0, 0.0,  61.0,   21.0,   2.0,   4.0,     6.0,    10.0, 3.0    ,     1.0,     1.0,     0.0,     0.0,     1.0,    23.0
olausfr01, 2002,     1, ANA , NHL , D  , 44.0,  2.0,   6.0,   8.0,  22.0, 0.0  ,  2.0,  3.0,  0.0,  0.0,  1.0, 0.0,  38.0,    1.0,   0.0,   0.0,     0.0,     0.0, 0.0    ,     0.0,     0.0,     0.0,     0.0,     0.0,     0.0
olczyed01, 1984,     1, CHI , NHL , R  , 70.0, 20.0,  30.0,  50.0,  67.0, 11.0 ,  1.0,     ,  1.0,     ,  2.0, 0.0, 136.0,   15.0,   6.0,   5.0,    11.0,    11.0, -4.0   ,     1.0,        ,     1.0,        ,     0.0,    35.0
olczyed01, 1985,     1, CHI , NHL , R  , 79.0, 29.0,  50.0,  79.0,  47.0, 2.0  ,  8.0,     ,  1.0,     ,  2.0, 0.0, 218.0,    3.0,   0.0,   0.0,     0.0,     0.0, -6.0   ,     0.0,        ,     0.0,        ,     0.0,    10.0
olczyed01, 1986,     1, CHI , NHL , C  , 79.0, 16.0,  35.0,  51.0, 119.0, -4.0 ,  2.0,     ,  1.0,     ,  2.0, 0.0, 181.0,    4.0,   1.0,   1.0,     2.0,     4.0, 1.0    ,     0.0,        ,     0.0,        ,     0.0,    10.0
olczyed01, 1987,     1, TOR , NHL , R  , 80.0, 42.0,  33.0,  75.0,  55.0, -22.0, 14.0, 10.0,  4.0,  3.0,  3.0, 1.0, 243.0,    6.0,   5.0,   4.0,     9.0,     2.0, 1.0    ,     1.0,     2.0,     1.0,     0.0,     1.0,    17.0
olczyed01, 1988,     1, TOR , NHL , C  , 80.0, 38.0,  52.0,  90.0,  75.0, 0.0  , 11.0, 17.0,  2.0,  1.0,  4.0, 1.0, 249.0,       ,      ,      ,        ,        ,        ,        ,        ,        ,        ,        ,      
olczyed01, 1989,     1, TOR , NHL , C  , 79.0, 32.0,  56.0,  88.0,  78.0, 0.0  ,  6.0, 17.0,  0.0,  0.0,  4.0, 0.0, 208.0,    5.0,   1.0,   2.0,     3.0,    14.0, 3.0    ,     0.0,     0.0,     0.0,     0.0,     0.0,    15.0
olczyed01, 1990,     1, TOR , NHL , C  , 18.0,  4.0,  10.0,  14.0,  13.0, -7.0 ,  0.0,  5.0,  0.0,  1.0,  0.0, 0.0,  45.0,       ,      ,      ,        ,        ,        ,        ,        ,        ,        ,        ,      
olczyed01, 1990,     2, WIN , NHL , C  , 61.0, 26.0,  31.0,  57.0,  69.0, -20.0, 14.0,  8.0,  0.0,  0.0,  2.0, 2.0, 181.0,       ,      ,      ,        ,        ,        ,        ,        ,        ,        ,        ,      
olczyed01, 1991,     1, WIN , NHL , C  , 64.0, 32.0,  33.0,  65.0,  67.0, 11.0 , 12.0, 18.0,  0.0,  0.0,  7.0, 1.0, 245.0,    6.0,   2.0,   1.0,     3.0,     4.0, 0.0    ,     0.0,     1.0,     0.0,     0.0,     1.0,    16.0
olczyed01, 1992,     1, WIN , NHL , L  , 25.0,  8.0,  12.0,  20.0,  26.0, -11.0,  2.0,  6.0,  0.0,  0.0,  0.0, 1.0,  81.0,       ,      ,      ,        ,        ,        ,        ,        ,        ,        ,        ,      
olczyed01, 1992,     2, NYR , NHL , L  , 46.0, 13.0,  16.0,  29.0,  26.0, 9.0  ,  0.0,  6.0,  0.0,  0.0,  1.0, 0.0, 109.0,       ,      ,      ,        ,        ,        ,        ,        ,        ,        ,        ,      
olczyed01, 1993,     1, NYR , NHL , C  , 37.0,  3.0,   5.0,   8.0,  28.0, -1.0 ,  0.0,  0.0,  0.0,  0.0,  1.0, 0.0,  40.0,    1.0,   0.0,   0.0,     0.0,     0.0, -1.0   ,     0.0,     0.0,     0.0,     0.0,     0.0,     1.0
olczyed01, 1994,     1, NYR , NHL , L  , 20.0,  2.0,   1.0,   3.0,   4.0, -2.0 ,  1.0,  0.0,  0.0,  0.0,  0.0, 0.0,  29.0,       ,      ,      ,        ,        ,        ,        ,        ,        ,        ,        ,      
olczyed01, 1994,     2, WIN , NHL , L  , 13.0,  2.0,   8.0,  10.0,   8.0, 1.0  ,  1.0,  4.0,  0.0,  0.0,  0.0, 0.0,  27.0,       ,      ,      ,        ,        ,        ,        ,        ,        ,        ,        ,      
olczyed01, 1995,     1, WIN , NHL , R  , 51.0, 27.0,  22.0,  49.0,  65.0, 0.0  , 16.0,  2.0,  0.0,  0.0,  1.0, 0.0, 147.0,    6.0,   1.0,   2.0,     3.0,     6.0, 0.0    ,     0.0,     0.0,     0.0,     0.0,     0.0,    15.0
olczyed01, 1996,     1, LAK , NHL , R  , 67.0, 21.0,  23.0,  44.0,  45.0, -22.0,  5.0, 11.0,  1.0,  0.0,  5.0, 0.0, 166.0,       ,      ,      ,        ,        ,        ,        ,        ,        ,        ,        ,      
olczyed01, 1996,     2, PIT , NHL , R  , 12.0,  4.0,   7.0,  11.0,   6.0, 8.0  ,  0.0,  2.0,  0.0,  0.0,  1.0, 0.0,  29.0,    5.0,   1.0,   0.0,     1.0,    12.0, -2.0   ,     0.0,     0.0,     1.0,     0.0,     1.0,    11.0
olczyed01, 1997,     1, PIT , NHL , L  , 56.0, 11.0,  11.0,  22.0,  35.0, -9.0 ,  5.0,  2.0,  1.0,  2.0,  1.0, 0.0, 123.0,    6.0,   2.0,   0.0,     2.0,     4.0, -3.0   ,     1.0,     0.0,     1.0,     0.0,     1.0,     6.0
olczyed01, 1998,     1, CHI , NHL , C  , 61.0, 10.0,  15.0,  25.0,  29.0, -3.0 ,  2.0,  2.0,  1.0,  0.0,  2.0, 0.0,  88.0,       ,      ,      ,        ,        ,        ,        ,        ,        ,        ,        ,      
olczyed01, 1999,     1, CHI , NHL , R  , 33.0,  2.0,   2.0,   4.0,  12.0, -8.0 ,  0.0,  0.0,  0.0,  0.0,  0.0, 0.0,  33.0,       ,      ,      ,        ,        ,        ,        ,        ,        ,        ,        ,      
oldswa01 , 1972,     1, NRA , WHA , D  , 61.0,  5.0,   7.0,  12.0,   4.0,      ,  0.0,     ,  0.0,     ,     ,    ,      ,       ,      ,      ,        ,        ,        ,        ,        ,        ,        ,        ,      
oldswa01 , 1975,     1, CAC , WHA , D  , 28.0,  0.0,   5.0,   5.0,   6.0, 4.0  ,  0.0,     ,  0.0,     ,  0.0,    ,  17.0,    9.0,   0.0,   2.0,     2.0,     4.0, 0.0    ,        ,        ,        ,        ,        ,      
olearmi01, 1912,     1, TBS , NHA ,    ,  1.0,  0.0,   0.0,   0.0,   0.0,      ,     ,     ,     ,     ,     ,    ,      ,       ,      ,      ,        ,        ,        ,        ,        ,        ,        ,        ,      
olearmi01, 1915,     1, VA1 , PCHA, D  ,  4.0,  1.0,   1.0,   2.0,   6.0,      ,     ,     ,     ,     ,     ,    ,      ,       ,      ,      ,        ,        ,        ,        ,        ,        ,        ,        ,      
olescbi01, 1975,     1, KCS , NHL , G  ,  1.0,  0.0,   0.0,   0.0,   0.0, 0.0  ,  0.0,     ,  0.0,     ,  0.0, 0.0,   0.0,       ,      ,      ,        ,        ,        ,        ,        ,        ,        ,        ,      
olescbi01, 1977,     1, COR , NHL , G  ,  2.0,  0.0,   0.0,   0.0,   0.0, 0.0  ,  0.0,     ,  0.0,     ,  0.0, 0.0,   0.0,       ,      ,      ,        ,        ,        ,        ,        ,        ,        ,        ,      
olescbi01, 1978,     1, COR , NHL , G  , 40.0,  0.0,   0.0,   0.0,  10.0, 0.0  ,  0.0,     ,  0.0,     ,  0.0, 0.0,   0.0,       ,      ,      ,        ,        ,        ,        ,        ,        ,        ,        ,      
olescbi01, 1979,     1, COR , NHL , G  , 12.0,  0.0,   0.0,   0.0,   4.0, 0.0  ,  0.0,     ,  0.0,     ,  0.0, 0.0,   0.0,       ,      ,      ,        ,        ,        ,        ,        ,        ,        ,        ,      
oleseda01, 1961,     1, NYR , NHL , G  ,  1.0,  0.0,   0.0,   0.0,   0.0,      ,     ,     ,     ,     ,     ,    ,      ,       ,      ,      ,        ,        ,        ,        ,        ,        ,        ,        ,      
oleszro01, 2005,     1, FLO , NHL , C  , 59.0,  8.0,  13.0,  21.0,  24.0, -4.0 ,  0.0,  1.0,  1.0,  0.0,  3.0,    , 105.0,       ,      ,      ,        ,        ,        ,        ,        ,        ,        ,        ,      
oleszro01, 2006,     1, FLO , NHL , C  , 75.0, 11.0,  19.0,  30.0,  28.0, 2.0  ,  2.0,  1.0,  0.0,  1.0,  2.0,    , 164.0,       ,      ,      ,        ,        ,        ,        ,        ,        ,        ,        ,      
oleszro01, 2007,     1, FLO , NHL , L  , 56.0, 14.0,  12.0,  26.0,  16.0, 3.0  ,  5.0,  4.0,  0.0,  0.0,  2.0,    , 139.0,       ,      ,      ,        ,        ,        ,        ,        ,        ,        ,        ,      
oleszro01, 2008,     1, FLO , NHL , L  , 37.0,  4.0,   5.0,   9.0,   8.0, -5.0 ,  0.0,  1.0,  0.0,  0.0,  0.0,    ,  69.0,       ,      ,      ,        ,        ,        ,        ,        ,        ,        ,        ,      
oleszro01, 2009,     1, FLO , NHL , C  , 78.0, 14.0,  15.0,  29.0,  28.0, -4.0 ,  3.0,  3.0,  0.0,  0.0,  3.0,    , 178.0,       ,      ,      ,        ,        ,        ,        ,        ,        ,        ,        ,      
oliveda01, 1994,     1, EDM , NHL , R  , 44.0, 16.0,  14.0,  30.0,  20.0, -11.0, 10.0,  6.0,  0.0,  0.0,  0.0, 1.0,  79.0,       ,      ,      ,        ,        ,        ,        ,        ,        ,        ,        ,      
oliveda01, 1995,     1, EDM , NHL , R  , 80.0, 20.0,  19.0,  39.0,  34.0, -22.0, 14.0,  7.0,  0.0,  0.0,  0.0, 0.0, 131.0,       ,      ,      ,        ,        ,        ,        ,        ,        ,        ,        ,      
oliveda01, 1996,     1, EDM , NHL , R  , 17.0,  1.0,   2.0,   3.0,   4.0, -8.0 ,  0.0,  1.0,  0.0,  0.0,  0.0, 0.0,  22.0,       ,      ,      ,        ,        ,        ,        ,        ,        ,        ,        ,      
oliveda01, 1996,     2, NYR , NHL , R  , 14.0,  2.0,   1.0,   3.0,   4.0, 3.0  ,  0.0,  0.0,  0.0,  0.0,  0.0, 0.0,  13.0,    3.0,   0.0,   0.0,     0.0,     0.0, 0.0    ,     0.0,     0.0,     0.0,     0.0,     0.0,     0.0
oliveda01, 1998,     1, OTT , NHL , R  , 17.0,  2.0,   5.0,   7.0,   4.0, 1.0  ,  0.0,  0.0,  0.0,  0.0,  0.0, 0.0,  18.0,       ,      ,      ,        ,        ,        ,        ,        ,        ,        ,        ,      
oliveda01, 1999,     1, PHO , NHL , R  ,  9.0,  1.0,   0.0,   1.0,   2.0, 0.0  ,  1.0,  0.0,  0.0,  0.0,  0.0, 0.0,   6.0,       ,      ,      ,        ,        ,        ,        ,        ,        ,        ,        ,      
oliveda01, 2000,     1, OTT , NHL , R  ,  7.0,  0.0,   0.0,   0.0,   2.0, 0.0  ,  0.0,  0.0,  0.0,  0.0,  0.0, 0.0,   2.0,       ,      ,      ,        ,        ,        ,        ,        ,        ,        ,        ,      
oliveda01, 2002,     1, DAL , NHL , R  ,  6.0,  0.0,   3.0,   3.0,   2.0, 1.0  ,  0.0,  0.0,  0.0,  0.0,  0.0, 0.0,   5.0,    6.0,   0.0,   0.0,     0.0,     2.0, -2.0   ,     0.0,     0.0,     0.0,     0.0,     0.0,     1.0
oliveda01, 2003,     1, DAL , NHL , R  , 36.0,  7.0,   5.0,  12.0,  12.0, 6.0  ,  3.0,  0.0,  0.0,  0.0,  1.0, 0.0,  30.0,    1.0,   0.0,   0.0,     0.0,     0.0, 0.0    ,     0.0,     0.0,     0.0,     0.0,     0.0,     0.0
oliveda01, 2005,     1, DAL , NHL , R  ,  3.0,  0.0,   0.0,   0.0,   0.0, -1.0 ,  0.0,  0.0,  0.0,  0.0,  0.0,    ,   1.0,       ,      ,      ,        ,        ,        ,        ,        ,        ,        ,        ,      
oliveha01, 1921,     1, CAT , WCHL, R  , 20.0, 11.0,   6.0,  17.0,   7.0,      ,     ,     ,     ,     ,     ,    ,      ,    2.0,   1.0,   0.0,     1.0,     0.0,        ,        ,        ,        ,        ,        ,      
oliveha01, 1922,     1, CAT , WCHL, R  , 29.0, 25.0,   7.0,  32.0,  10.0,      ,     ,     ,     ,     ,     ,    ,      ,       ,      ,      ,        ,        ,        ,        ,        ,        ,        ,        ,      
oliveha01, 1923,     1, CAT , WCHL, R  , 27.0, 22.0,  12.0,  34.0,  14.0,      ,     ,     ,     ,     ,     ,    ,      ,    5.0,   2.0,   2.0,     4.0,     4.0,        ,        ,        ,        ,        ,        ,      
oliveha01, 1924,     1, CAT , WCHL, C  , 24.0, 20.0,  13.0,  33.0,  23.0,      ,     ,     ,     ,     ,     ,    ,      ,    2.0,   0.0,   0.0,     0.0,     0.0,        ,        ,        ,        ,        ,        ,      
oliveha01, 1925,     1, CAT , WCHL, C  , 30.0, 13.0,  12.0,  25.0,  14.0,      ,     ,     ,     ,     ,     ,    ,      ,       ,      ,      ,        ,        ,        ,        ,        ,        ,        ,        ,      
oliveha01, 1926,     1, BOS , NHL , R  , 42.0, 18.0,   6.0,  24.0,  17.0,      ,     ,     ,     ,     ,     ,    ,      ,    8.0,   4.0,   2.0,     6.0,     4.0,        ,        ,        ,        ,        ,        ,      
oliveha01, 1927,     1, BOS , NHL , R  , 43.0, 13.0,   5.0,  18.0,  20.0,      ,     ,     ,     ,     ,     ,    ,      ,    2.0,   2.0,   0.0,     2.0,     4.0,        ,        ,        ,        ,        ,        ,      
oliveha01, 1928,     1, BOS , NHL , R  , 43.0, 17.0,   6.0,  23.0,  24.0,      ,     ,     ,     ,     ,     ,    ,      ,    5.0,   1.0,   1.0,     2.0,     8.0,        ,        ,        ,        ,        ,        ,      
oliveha01, 1929,     1, BOS , NHL , R  , 40.0, 16.0,   5.0,  21.0,  12.0,      ,     ,     ,     ,     ,     ,    ,      ,    6.0,   2.0,   1.0,     3.0,     6.0,        ,        ,        ,        ,        ,        ,      
oliveha01, 1930,     1, BOS , NHL , R  , 44.0, 16.0,  14.0,  30.0,  18.0,      ,     ,     ,     ,     ,     ,    ,      ,    4.0,   0.0,   0.0,     0.0,     2.0,        ,        ,        ,        ,        ,        ,      
oliveha01, 1931,     1, BOS , NHL , R  , 44.0, 13.0,   7.0,  20.0,  22.0,      ,     ,     ,     ,     ,     ,    ,      ,       ,      ,      ,        ,        ,        ,        ,        ,        ,        ,        ,      
oliveha01, 1932,     1, BOS , NHL , R  , 47.0, 11.0,   7.0,  18.0,  10.0,      ,     ,     ,     ,     ,     ,    ,      ,    5.0,   0.0,   0.0,     0.0,     0.0,        ,        ,        ,        ,        ,        ,      
oliveha01, 1933,     1, BOS , NHL , R  , 48.0,  5.0,   9.0,  14.0,   6.0,      ,     ,     ,     ,     ,     ,    ,      ,       ,      ,      ,        ,        ,        ,        ,        ,        ,        ,        ,      
oliveha01, 1934,     1, NYA , NHL , R  , 47.0,  7.0,   9.0,  16.0,   4.0,      ,     ,     ,     ,     ,     ,    ,      ,       ,      ,      ,        ,        ,        ,        ,        ,        ,        ,        ,      
oliveha01, 1935,     1, NYA , NHL , R  , 45.0,  9.0,  16.0,  25.0,  12.0,      ,     ,     ,     ,     ,     ,    ,      ,    5.0,   1.0,   2.0,     3.0,     0.0,        ,        ,        ,        ,        ,        ,      
oliveha01, 1936,     1, NYA , NHL , R  , 20.0,  2.0,   1.0,   3.0,   2.0,      ,     ,     ,     ,     ,     ,    ,      ,       ,      ,      ,        ,        ,        ,        ,        ,        ,        ,        ,      
olivemu01, 1957,     1, DET , NHL , C  ,  1.0,  0.0,   1.0,   1.0,   0.0,      ,     ,     ,     ,     ,     ,    ,      ,       ,      ,      ,        ,        ,        ,        ,        ,        ,        ,        ,      
olivemu01, 1959,     1, DET , NHL , C  , 54.0, 20.0,  19.0,  39.0,  16.0,      ,     ,     ,     ,     ,     ,    ,      ,    6.0,   1.0,   0.0,     1.0,     4.0,        ,        ,        ,        ,        ,        ,      
olivemu01, 1960,     1, DET , NHL , C  , 46.0, 11.0,  10.0,  21.0,  12.0,      ,     ,     ,     ,     ,     ,    ,      ,       ,      ,      ,        ,        ,        ,        ,        ,        ,        ,        ,      
olivemu01, 1960,     2, BOS , NHL , C  , 24.0,  6.0,  12.0,  18.0,   4.0,      ,     ,     ,     ,     ,     ,    ,      ,       ,      ,      ,        ,        ,        ,        ,        ,        ,        ,        ,      
olivemu01, 1961,     1, BOS , NHL , C  , 70.0, 17.0,  29.0,  46.0,  20.0,      ,     ,     ,     ,     ,     ,    ,      ,       ,      ,      ,        ,        ,        ,        ,        ,        ,        ,        ,      
olivemu01, 1962,     1, BOS , NHL , C  , 65.0, 22.0,  40.0,  62.0,  38.0,      ,     ,     ,     ,     ,     ,    ,      ,       ,      ,      ,        ,        ,        ,        ,        ,        ,        ,        ,      
olivemu01, 1963,     1, BOS , NHL , C  , 70.0, 24.0,  44.0,  68.0,  41.0,      ,  5.0,     ,  0.0,     ,  2.0, 2.0,      ,       ,      ,      ,        ,        ,        ,        ,        ,        ,        ,        ,      
olivemu01, 1964,     1, BOS , NHL , C  , 65.0, 20.0,  23.0,  43.0,  30.0,      ,  6.0,     ,  0.0,     ,  4.0, 0.0,      ,       ,      ,      ,        ,        ,        ,        ,        ,        ,        ,        ,      
olivemu01, 1965,     1, BOS , NHL , C  , 70.0, 18.0,  42.0,  60.0,  30.0,      ,  5.0,     ,  0.0,     ,  3.0, 1.0,      ,       ,      ,      ,        ,        ,        ,        ,        ,        ,        ,        ,      
olivemu01, 1966,     1, BOS , NHL , C  , 65.0,  9.0,  26.0,  35.0,  16.0,      ,  1.0,     ,  0.0,     ,  2.0, 0.0,      ,       ,      ,      ,        ,        ,        ,        ,        ,        ,        ,        ,      
olivemu01, 1967,     1, TOR , NHL , C  , 74.0, 16.0,  21.0,  37.0,  18.0, 8.0  ,  2.0,     ,  0.0,     ,  2.0, 0.0, 155.0,       ,      ,      ,        ,        ,        ,        ,        ,        ,        ,        ,      
olivemu01, 1968,     1, TOR , NHL , C  , 76.0, 14.0,  36.0,  50.0,  16.0, 12.0 ,  3.0,     ,  2.0,     ,  3.0, 0.0, 192.0,    4.0,   1.0,   2.0,     3.0,     0.0,        ,     0.0,        ,     0.0,        ,     0.0,      
olivemu01, 1969,     1, TOR , NHL , C  , 76.0, 14.0,  33.0,  47.0,  16.0, -19.0,  5.0,     ,  0.0,     ,  3.0, 0.0, 200.0,       ,      ,      ,        ,        ,        ,        ,        ,        ,        ,        ,      
olivemu01, 1970,     1, MNS , NHL , C  , 61.0,  9.0,  23.0,  32.0,   8.0, 0.0  ,  3.0,     ,  1.0,     ,  0.0, 1.0, 115.0,   12.0,   7.0,   4.0,    11.0,     0.0,        ,     2.0,        ,     0.0,        ,     0.0,      
olivemu01, 1971,     1, MNS , NHL , C  , 77.0, 27.0,  29.0,  56.0,  16.0, 9.0  ,  7.0,     ,  0.0,     ,  4.0, 4.0, 191.0,    7.0,   0.0,   6.0,     6.0,     4.0,        ,     0.0,        ,     0.0,        ,     0.0,      
olivemu01, 1972,     1, MNS , NHL , C  , 75.0, 11.0,  31.0,  42.0,  10.0, 4.0  ,  2.0,     ,  0.0,     ,  2.0, 0.0, 174.0,    6.0,   0.0,   4.0,     4.0,     2.0,        ,     0.0,        ,     0.0,        ,     0.0,      
olivemu01, 1973,     1, MNS , NHL , C  , 78.0, 17.0,  20.0,  37.0,   4.0, -13.0,  3.0,     ,  1.0,     ,  0.0, 0.0, 146.0,       ,      ,      ,        ,        ,        ,        ,        ,        ,        ,        ,      
olivemu01, 1974,     1, MNS , NHL , C  , 80.0, 19.0,  15.0,  34.0,  24.0, -19.0,  3.0,     ,  1.0,     ,  1.0, 1.0, 137.0,       ,      ,      ,        ,        ,        ,        ,        ,        ,        ,        ,      
oliwakr01, 1996,     1, NJD , NHL , L  ,  1.0,  0.0,   0.0,   0.0,   5.0, -1.0 ,  0.0,  0.0,  0.0,  0.0,  0.0, 0.0,   0.0,       ,      ,      ,        ,        ,        ,        ,        ,        ,        ,        ,      
oliwakr01, 1997,     1, NJD , NHL , R  , 73.0,  2.0,   3.0,   5.0, 295.0, 3.0  ,  0.0,  0.0,  0.0,  0.0,  2.0, 0.0,  53.0,    6.0,   0.0,   0.0,     0.0,    23.0, 0.0    ,     0.0,     0.0,     0.0,     0.0,     0.0,     5.0
oliwakr01, 1998,     1, NJD , NHL , L  , 64.0,  5.0,   7.0,  12.0, 240.0, 4.0  ,  0.0,  0.0,  0.0,  0.0,  1.0, 0.0,  59.0,    1.0,   0.0,   0.0,     0.0,     2.0, 0.0    ,     0.0,     0.0,     0.0,     0.0,     0.0,     0.0
oliwakr01, 1999,     1, NJD , NHL , R  , 69.0,  6.0,  10.0,  16.0, 184.0, -2.0 ,  1.0,  0.0,  0.0,  0.0,  2.0, 0.0,  61.0,       ,      ,      ,        ,        ,        ,        ,        ,        ,        ,        ,      
oliwakr01, 2000,     1, CBS , NHL , L  , 10.0,  0.0,   2.0,   2.0,  34.0, 1.0  ,  0.0,  0.0,  0.0,  0.0,  0.0, 0.0,   5.0,       ,      ,      ,        ,        ,        ,        ,        ,        ,        ,        ,      
oliwakr01, 2000,     2, PIT , NHL , L  , 26.0,  1.0,   2.0,   3.0, 131.0, -4.0 ,  0.0,  0.0,  0.0,  0.0,  0.0, 0.0,  17.0,    5.0,   0.0,   0.0,     0.0,    16.0, 0.0    ,     0.0,     0.0,     0.0,     0.0,     0.0,     0.0
oliwakr01, 2001,     1, PIT , NHL , L  , 57.0,  0.0,   2.0,   2.0, 150.0, -5.0 ,  0.0,  1.0,  0.0,  0.0,  0.0, 0.0,  31.0,       ,      ,      ,        ,        ,        ,        ,        ,        ,        ,        ,      
oliwakr01, 2002,     1, NYR , NHL , L  ,  9.0,  0.0,   0.0,   0.0,  51.0, 1.0  ,  0.0,  0.0,  0.0,  0.0,  0.0, 0.0,   3.0,       ,      ,      ,        ,        ,        ,        ,        ,        ,        ,        ,      
oliwakr01, 2002,     2, BOS , NHL , L  , 33.0,  0.0,   0.0,   0.0, 110.0, -4.0 ,  0.0,  0.0,  0.0,  0.0,  0.0, 0.0,  11.0,       ,      ,      ,        ,        ,        ,        ,        ,        ,        ,        ,      
oliwakr01, 2003,     1, CAL , NHL , L  , 65.0,  3.0,   2.0,   5.0, 247.0, -8.0 ,  0.0,  0.0,  0.0,  0.0,  0.0, 0.0,  32.0,   20.0,   2.0,   0.0,     2.0,     6.0, -1.0   ,     0.0,     0.0,     0.0,     0.0,     0.0,    16.0
oliwakr01, 2005,     1, NJD , NHL , L  ,  3.0,  0.0,   0.0,   0.0,   0.0, -2.0 ,  0.0,  0.0,  0.0,  0.0,  0.0,    ,   1.0,       ,      ,      ,        ,        ,        ,        ,        ,        ,        ,        ,      
olmstbe01, 1948,     1, CHI , NHL , R  ,  9.0,  0.0,   2.0,   2.0,   4.0,      ,     ,     ,     ,     ,     ,    ,      ,       ,      ,      ,        ,        ,        ,        ,        ,        ,        ,        ,      
olmstbe01, 1949,     1, CHI , NHL , R  , 70.0, 20.0,  29.0,  49.0,  40.0,      ,     ,     ,     ,     ,     ,    ,      ,       ,      ,      ,        ,        ,        ,        ,        ,        ,        ,        ,      
olmstbe01, 1950,     1, CHI , NHL , R  , 15.0,  2.0,   1.0,   3.0,   0.0,      ,     ,     ,     ,     ,     ,    ,      ,       ,      ,      ,        ,        ,        ,        ,        ,        ,        ,        ,      
olmstbe01, 1950,     2, MTL , NHL , R  , 39.0, 16.0,  22.0,  38.0,  50.0,      ,     ,     ,     ,     ,     ,    ,      ,   11.0,   2.0,   4.0,     6.0,     9.0,        ,        ,        ,        ,        ,        ,      
olmstbe01, 1951,     1, MTL , NHL , L  , 69.0,  7.0,  28.0,  35.0,  49.0,      ,     ,     ,     ,     ,     ,    ,      ,   11.0,   0.0,   1.0,     1.0,     4.0,        ,        ,        ,        ,        ,        ,      
olmstbe01, 1952,     1, MTL , NHL , L  , 69.0, 17.0,  28.0,  45.0,  83.0,      ,     ,     ,     ,     ,     ,    ,      ,   12.0,   2.0,   2.0,     4.0,     4.0,        ,        ,        ,        ,        ,        ,      
olmstbe01, 1953,     1, MTL , NHL , L  , 70.0, 15.0,  37.0,  52.0,  85.0,      ,     ,     ,     ,     ,     ,    ,      ,   11.0,   0.0,   1.0,     1.0,    19.0,        ,        ,        ,        ,        ,        ,      
olmstbe01, 1954,     1, MTL , NHL , L  , 70.0, 10.0,  48.0,  58.0, 103.0,      ,     ,     ,     ,     ,     ,    ,      ,   12.0,   0.0,   4.0,     4.0,    21.0,        ,        ,        ,        ,        ,        ,      
olmstbe01, 1955,     1, MTL , NHL , L  , 70.0, 14.0,  56.0,  70.0,  94.0,      ,     ,     ,     ,     ,     ,    ,      ,   10.0,   4.0,  10.0,    14.0,     8.0,        ,        ,        ,        ,        ,        ,      
olmstbe01, 1956,     1, MTL , NHL , L  , 64.0, 15.0,  33.0,  48.0,  74.0,      ,     ,     ,     ,     ,     ,    ,      ,   10.0,   0.0,   9.0,     9.0,    13.0,        ,        ,        ,        ,        ,        ,      
olmstbe01, 1957,     1, MTL , NHL , L  , 57.0,  9.0,  28.0,  37.0,  71.0,      ,     ,     ,     ,     ,     ,    ,      ,    9.0,   0.0,   3.0,     3.0,     0.0,        ,        ,        ,        ,        ,        ,      
olmstbe01, 1958,     1, TOR , NHL , L  , 70.0, 10.0,  31.0,  41.0,  74.0,      ,     ,     ,     ,     ,     ,    ,      ,   12.0,   4.0,   2.0,     6.0,    13.0,        ,        ,        ,        ,        ,        ,      
olmstbe01, 1959,     1, TOR , NHL , L  , 53.0, 15.0,  21.0,  36.0,  63.0,      ,     ,     ,     ,     ,     ,    ,      ,   10.0,   3.0,   4.0,     7.0,     0.0,        ,        ,        ,        ,        ,        ,      
olmstbe01, 1960,     1, TOR , NHL , L  , 67.0, 18.0,  34.0,  52.0,  84.0,      ,     ,     ,     ,     ,     ,    ,      ,    3.0,   1.0,   2.0,     3.0,    10.0,        ,        ,        ,        ,        ,     0.0,      
olmstbe01, 1961,     1, TOR , NHL , L  , 56.0, 13.0,  23.0,  36.0,  10.0,      ,     ,     ,     ,     ,     ,    ,      ,    4.0,   0.0,   1.0,     1.0,     0.0,        ,        ,        ,        ,        ,     0.0,      
olsenda01, 1991,     1, CAL , NHL , D  ,  1.0,  0.0,   0.0,   0.0,   0.0, -2.0 ,  0.0,  0.0,  0.0,  0.0,  0.0, 0.0,   3.0,       ,      ,      ,        ,        ,        ,        ,        ,        ,        ,        ,      
olsonde01, 1957,     1, DET , NHL , C  ,  4.0,  0.0,   0.0,   0.0,   0.0,      ,     ,     ,     ,     ,     ,    ,      ,       ,      ,      ,        ,        ,        ,        ,        ,        ,        ,        ,      
olsonjo01, 2003,     1, FLO , NHL , L  ,  5.0,  1.0,   0.0,   1.0,   0.0, 1.0  ,  0.0,  0.0,  0.0,  0.0,  0.0, 0.0,   6.0,       ,      ,      ,        ,        ,        ,        ,        ,        ,        ,        ,      
olssoch01, 1995,     1, STL , NHL , D  , 26.0,  2.0,   8.0,  10.0,  14.0, -6.0 ,  2.0,  8.0,  0.0,  0.0,  0.0, 0.0,  32.0,    3.0,   0.0,   0.0,     0.0,     0.0, -1.0   ,     0.0,     0.0,     0.0,     0.0,     0.0,     0.0
olssoch01, 1996,     1, STL , NHL , D  ,  5.0,  0.0,   1.0,   1.0,   0.0, 1.0  ,  0.0,  0.0,  0.0,  0.0,  0.0, 0.0,   2.0,       ,      ,      ,        ,        ,        ,        ,        ,        ,        ,        ,      
olssoch01, 1996,     2, OTT , NHL , D  , 25.0,  2.0,   3.0,   5.0,  10.0, -5.0 ,  1.0,  2.0,  0.0,  0.0,  0.0, 0.0,  24.0,       ,      ,      ,        ,        ,        ,        ,        ,        ,        ,        ,      
olvecpe01, 2008,     1, MIN , NHL , L  , 31.0,  2.0,   5.0,   7.0,  12.0, 1.0  ,  0.0,  2.0,  0.0,  0.0,  1.0,    ,  19.0,       ,      ,      ,        ,        ,        ,        ,        ,        ,        ,        ,      
olvecpe01, 2009,     1, NAS , NHL , L  ,  1.0,  0.0,   0.0,   0.0,   0.0, 0.0  ,  0.0,  0.0,  0.0,  0.0,  0.0,    ,   0.0,       ,      ,      ,        ,        ,        ,        ,        ,        ,        ,        ,      
olvesji01, 2001,     1, TBL , NHL , R  , 74.0,  3.0,  11.0,  14.0,  24.0, 3.0  ,  0.0,  0.0,  0.0,  2.0,  0.0, 0.0,  99.0,       ,      ,      ,        ,        ,        ,        ,        ,        ,        ,        ,      
olvesji01, 2002,     1, TBL , NHL , L  , 37.0,  0.0,   3.0,   3.0,  16.0, -2.0 ,  0.0,  0.0,  0.0,  0.0,  0.0, 0.0,  30.0,       ,      ,      ,        ,        ,        ,        ,        ,        ,        ,        ,      
omarrry01, 2009,     1, EDM , NHL , C  ,  3.0,  0.0,   1.0,   1.0,   0.0, 0.0  ,  0.0,  0.0,  0.0,  0.0,  0.0,    ,   2.0,       ,      ,      ,        ,        ,        ,        ,        ,        ,        ,        ,      
ondrube01, 2005,     1, TOR , NHL , L  , 22.0,  0.0,   0.0,   0.0,  18.0, -10.0,  0.0,  0.0,  0.0,  0.0,  0.0,    ,  17.0,       ,      ,      ,        ,        ,        ,        ,        ,        ,        ,        ,      
ondrube01, 2006,     1, TOR , NHL , R  , 16.0,  0.0,   2.0,   2.0,  20.0, -5.0 ,  0.0,  0.0,  0.0,  0.0,  0.0,    ,   7.0,       ,      ,      ,        ,        ,        ,        ,        ,        ,        ,        ,      
ondrube01, 2007,     1, TOR , NHL , R  ,  3.0,  0.0,   0.0,   0.0,   5.0, -1.0 ,  0.0,  0.0,  0.0,  0.0,  0.0,    ,   4.0,       ,      ,      ,        ,        ,        ,        ,        ,        ,        ,        ,      
ondrube01, 2008,     1, TOR , NHL , R  , 11.0,  0.0,   0.0,   0.0,  34.0, -4.0 ,  0.0,  0.0,  0.0,  0.0,  0.0,    ,   2.0,       ,      ,      ,        ,        ,        ,        ,        ,        ,        ,        ,      
oneilja01, 1933,     1, BOS , NHL , R/C, 23.0,  2.0,   2.0,   4.0,  15.0,      ,     ,     ,     ,     ,     ,    ,      ,       ,      ,      ,        ,        ,        ,        ,        ,        ,        ,        ,      
oneilja01, 1934,     1, BOS , NHL , R/C, 48.0,  2.0,  11.0,  13.0,  35.0,      ,     ,     ,     ,     ,     ,    ,      ,    4.0,   0.0,   0.0,     0.0,     9.0,        ,        ,        ,        ,        ,        ,      
oneilja01, 1935,     1, BOS , NHL , R/C, 48.0,  2.0,  11.0,  13.0,  49.0,      ,     ,     ,     ,     ,     ,    ,      ,    2.0,   1.0,   1.0,     2.0,     4.0,        ,        ,        ,        ,        ,        ,      
oneilja01, 1936,     1, BOS , NHL , R/C, 21.0,  0.0,   2.0,   2.0,   6.0,      ,     ,     ,     ,     ,     ,    ,      ,       ,      ,      ,        ,        ,        ,        ,        ,        ,        ,        ,      
oneilja01, 1940,     1, MTL , NHL , C/R, 12.0,  0.0,   3.0,   3.0,   0.0,      ,     ,     ,     ,     ,     ,    ,      ,    3.0,   0.0,   0.0,     0.0,     0.0,        ,        ,        ,        ,        ,        ,      
oneilja01, 1941,     1, MTL , NHL , R  ,  4.0,  0.0,   1.0,   1.0,   4.0,      ,     ,     ,     ,     ,     ,    ,      ,       ,      ,      ,        ,        ,        ,        ,        ,        ,        ,        ,      
oneilje01, 1995,     1, HAR , NHL , C  , 65.0,  8.0,  19.0,  27.0,  40.0, -3.0 ,  1.0,  3.0,  0.0,  0.0,  1.0, 0.0,  65.0,       ,      ,      ,        ,        ,        ,        ,        ,        ,        ,        ,      
oneilje01, 1996,     1, HAR , NHL , C  , 72.0, 14.0,  16.0,  30.0,  40.0, -24.0,  2.0,  4.0,  1.0,  0.0,  2.0, 0.0, 101.0,       ,      ,      ,        ,        ,        ,        ,        ,        ,        ,        ,      
oneilje01, 1997,     1, CAR , NHL , C  , 74.0, 19.0,  20.0,  39.0,  67.0, -8.0 ,  7.0,  4.0,  1.0,  1.0,  4.0, 1.0, 114.0,       ,      ,      ,        ,        ,        ,        ,        ,        ,        ,        ,      
oneilje01, 1998,     1, CAR , NHL , C  , 75.0, 16.0,  15.0,  31.0,  66.0, 3.0  ,  4.0,  6.0,  0.0,  0.0,  2.0, 0.0, 121.0,    6.0,   0.0,   1.0,     1.0,     0.0, -5.0   ,     0.0,     0.0,     0.0,     0.0,     0.0,    11.0
oneilje01, 1999,     1, CAR , NHL , C  , 80.0, 25.0,  38.0,  63.0,  72.0, -9.0 ,  4.0, 15.0,  0.0,  0.0,  7.0, 0.0, 189.0,       ,      ,      ,        ,        ,        ,        ,        ,        ,        ,        ,      
oneilje01, 2000,     1, CAR , NHL , R  , 82.0, 41.0,  26.0,  67.0, 106.0, -18.0, 17.0, 12.0,  0.0,  0.0,  5.0, 2.0, 242.0,    6.0,   1.0,   2.0,     3.0,    10.0, -3.0   ,     0.0,     1.0,     0.0,     0.0,     1.0,    13.0
oneilje01, 2001,     1, CAR , NHL , L  , 76.0, 31.0,  33.0,  64.0,  63.0, -5.0 , 11.0, 17.0,  0.0,  0.0,  6.0, 1.0, 272.0,   22.0,   8.0,   5.0,    13.0,    27.0, 2.0    ,     3.0,     1.0,     0.0,     0.0,     1.0,    72.0
oneilje01, 2002,     1, CAR , NHL , L  , 82.0, 30.0,  31.0,  61.0,  38.0, -21.0, 11.0, 15.0,  0.0,  1.0,  7.0, 2.0, 316.0,       ,      ,      ,        ,        ,        ,        ,        ,        ,        ,        ,      
oneilje01, 2003,     1, CAR , NHL , R  , 67.0, 14.0,  20.0,  34.0,  60.0, -12.0,  7.0,  7.0,  0.0,  0.0,  4.0, 0.0, 207.0,       ,      ,      ,        ,        ,        ,        ,        ,        ,        ,        ,      
oneilje01, 2005,     1, TOR , NHL , R  , 74.0, 19.0,  19.0,  38.0,  64.0, -19.0, 14.0,  7.0,  0.0,  0.0,  6.0,    , 169.0,       ,      ,      ,        ,        ,        ,        ,        ,        ,        ,        ,      
oneilje01, 2006,     1, TOR , NHL , C  , 74.0, 20.0,  22.0,  42.0,  54.0, 1.0  ,  6.0,  5.0,  0.0,  0.0,  3.0,    , 165.0,       ,      ,      ,        ,        ,        ,        ,        ,        ,        ,        ,      
oneilmi01, 1991,     1, WIN , NHL , G  ,  1.0,  0.0,   0.0,   0.0,   0.0, 0.0  ,  0.0,  0.0,  0.0,  0.0,  0.0, 0.0,   0.0,       ,      ,      ,        ,        ,        ,        ,        ,        ,        ,        ,      
oneilmi01, 1992,     1, WIN , NHL , G  ,  2.0,  0.0,   0.0,   0.0,   0.0, 0.0  ,  0.0,  0.0,  0.0,  0.0,  0.0, 0.0,   0.0,       ,      ,      ,        ,        ,        ,        ,        ,        ,        ,        ,      
oneilmi01, 1993,     1, WIN , NHL , G  , 17.0,  0.0,   0.0,   0.0,   0.0, 0.0  ,  0.0,  0.0,  0.0,  0.0,  0.0, 0.0,   0.0,       ,      ,      ,        ,        ,        ,        ,        ,        ,        ,        ,      
oneilmi01, 1996,     1, ANA , NHL , G  ,  1.0,  0.0,   0.0,   0.0,   0.0, 0.0  ,  0.0,  0.0,  0.0,  0.0,  0.0, 0.0,   0.0,       ,      ,      ,        ,        ,        ,        ,        ,        ,        ,        ,      
oneilpa01, 1973,     1, VAN , NHL , C  ,  5.0,  0.0,   0.0,   0.0,   0.0, -2.0 ,  0.0,     ,  0.0,     ,  0.0, 0.0,   2.0,       ,      ,      ,        ,        ,        ,        ,        ,        ,        ,        ,      
oneilpa01, 1975,     1, BOS , NHL , C  ,  1.0,  0.0,   0.0,   0.0,   0.0, 0.0  ,  0.0,     ,  0.0,     ,  0.0, 0.0,   1.0,       ,      ,      ,        ,        ,        ,        ,        ,        ,        ,        ,      
oneilpa01, 1978,     1, BIR , WHA , C  ,  1.0,  0.0,   0.0,   0.0,   0.0, -1.0 ,  0.0,     ,  0.0,     ,     ,    ,   1.0,       ,      ,      ,        ,        ,        ,        ,        ,        ,        ,        ,      
oneilto01, 1943,     1, TOR , NHL , R  , 33.0,  8.0,   7.0,  15.0,  29.0,      ,     ,     ,     ,     ,     ,    ,      ,    4.0,   0.0,   0.0,     0.0,     6.0,        ,        ,        ,        ,        ,        ,      
oneilto01, 1944,     1, TOR , NHL , R  , 33.0,  2.0,   5.0,   7.0,  24.0,      ,     ,     ,     ,     ,     ,    ,      ,       ,      ,      ,        ,        ,        ,        ,        ,        ,        ,        ,      
oneilwe01, 2008,     1, COL , NHL , D  ,  3.0,  0.0,   0.0,   0.0,   4.0, -2.0 ,  0.0,  0.0,  0.0,  0.0,  0.0,    ,   1.0,       ,      ,      ,        ,        ,        ,        ,        ,        ,        ,        ,      
oneilwe01, 2009,     1, COL , NHL , D  ,  2.0,  0.0,   0.0,   0.0,   2.0, 1.0  ,  0.0,  0.0,  0.0,  0.0,  0.0,    ,   1.0,       ,      ,      ,        ,        ,        ,        ,        ,        ,        ,        ,      
orbanbi01, 1967,     1, CHI , NHL , L  , 39.0,  3.0,   2.0,   5.0,  17.0, -11.0,  0.0,     ,  0.0,     ,  0.0, 0.0,  21.0,    3.0,   0.0,   0.0,     0.0,     0.0,        ,     0.0,        ,     0.0,        ,     0.0,      
orbanbi01, 1968,     1, CHI , NHL , L  , 45.0,  4.0,   6.0,  10.0,  33.0, -3.0 ,  0.0,     ,  0.0,     ,  0.0, 0.0,  38.0,       ,      ,      ,        ,        ,        ,        ,        ,        ,        ,        ,      
orbanbi01, 1968,     2, MNS , NHL , L  , 21.0,  1.0,   5.0,   6.0,  10.0, -1.0 ,  0.0,     ,  0.0,     ,  0.0, 0.0,  24.0,       ,      ,      ,        ,        ,        ,        ,        ,        ,        ,        ,      
orbanbi01, 1969,     1, MNS , NHL , L  ,  9.0,  0.0,   2.0,   2.0,   7.0, -2.0 ,  0.0,     ,  0.0,     ,  0.0, 0.0,   3.0,       ,      ,      ,        ,        ,        ,        ,        ,        ,        ,        ,      
oreewi01 , 1957,     1, BOS , NHL , L  ,  2.0,  0.0,   0.0,   0.0,   0.0,      ,     ,     ,     ,     ,     ,    ,      ,       ,      ,      ,        ,        ,        ,        ,        ,        ,        ,        ,      
oreewi01 , 1960,     1, BOS , NHL , L  , 43.0,  4.0,  10.0,  14.0,  26.0,      ,     ,     ,     ,     ,     ,    ,      ,       ,      ,      ,        ,        ,        ,        ,        ,        ,        ,        ,      
oregato01, 1983,     1, PIT , NHL , C  , 51.0,  4.0,  10.0,  14.0,   8.0, -22.0,  0.0,     ,  0.0,     ,  0.0, 0.0,  44.0,       ,      ,      ,        ,        ,        ,        ,        ,        ,        ,        ,      
oregato01, 1984,     1, PIT , NHL , C  ,  1.0,  0.0,   0.0,   0.0,   0.0, -1.0 ,  0.0,     ,  0.0,     ,  0.0, 0.0,   1.0,       ,      ,      ,        ,        ,        ,        ,        ,        ,        ,        ,      
oregato01, 1985,     1, PIT , NHL , C  ,  9.0,  1.0,   2.0,   3.0,   2.0, 1.0  ,  0.0,     ,  0.0,     ,  0.0, 0.0,   7.0,       ,      ,      ,        ,        ,        ,        ,        ,        ,        ,        ,      
oreilca01, 2008,     1, NAS , NHL , C  , 11.0,  3.0,   2.0,   5.0,   2.0, 2.0  ,  0.0,  0.0,  0.0,  0.0,  0.0,    ,   6.0,       ,      ,      ,        ,        ,        ,        ,        ,        ,        ,        ,      
oreilca01, 2009,     1, NAS , NHL , C  , 31.0,  2.0,   9.0,  11.0,   4.0, 1.0  ,  1.0,  1.0,  0.0,  0.0,  0.0,    ,  23.0,       ,      ,      ,        ,        ,        ,        ,        ,        ,        ,        ,      
oreilry01, 2009,     1, COL , NHL , C  , 81.0,  8.0,  18.0,  26.0,  18.0, 4.0  ,  0.0,  0.0,  2.0,  0.0,  2.0,    , 135.0,    6.0,   1.0,   0.0,     1.0,     2.0, 0.0    ,     0.0,     0.0,     0.0,     0.0,     1.0,     7.0
oreilte01, 1971,     1, BOS , NHL , R  ,  1.0,  1.0,   0.0,   1.0,   0.0, 3.0  ,  0.0,     ,  0.0,     ,  0.0, 0.0,   2.0,       ,      ,      ,        ,        ,        ,        ,        ,        ,        ,        ,      
oreilte01, 1972,     1, BOS , NHL , R  , 72.0,  5.0,  22.0,  27.0, 109.0, 27.0 ,  0.0,     ,  0.0,     ,  1.0, 0.0,  80.0,    5.0,   0.0,   0.0,     0.0,     2.0,        ,     0.0,        ,     0.0,        ,     0.0,      
oreilte01, 1973,     1, BOS , NHL , R  , 76.0, 11.0,  24.0,  35.0,  94.0, 30.0 ,  0.0,     ,  0.0,     ,  1.0, 1.0,  86.0,   16.0,   2.0,   5.0,     7.0,    38.0,        ,     0.0,        ,     0.0,        ,     0.0,      
oreilte01, 1974,     1, BOS , NHL , R  , 68.0, 15.0,  20.0,  35.0, 146.0, 15.0 ,  2.0,     ,  0.0,     ,  2.0, 1.0,  93.0,    3.0,   0.0,   0.0,     0.0,    17.0,        ,     0.0,        ,     0.0,        ,     0.0,      
oreilte01, 1975,     1, BOS , NHL , R  , 80.0, 23.0,  27.0,  50.0, 150.0, 3.0  ,  2.0,     ,  0.0,     ,  2.0, 0.0, 135.0,   12.0,   3.0,   1.0,     4.0,    25.0,        ,     0.0,        ,     0.0,        ,     0.0,      
oreilte01, 1976,     1, BOS , NHL , R  , 79.0, 14.0,  41.0,  55.0, 147.0, 38.0 ,  1.0,     ,  1.0,     ,  4.0, 0.0, 137.0,   14.0,   5.0,   6.0,    11.0,    28.0,        ,     0.0,        ,     0.0,        ,     1.0,      
oreilte01, 1977,     1, BOS , NHL , R  , 77.0, 29.0,  61.0,  90.0, 211.0, 40.0 ,  5.0,     ,  0.0,     ,  4.0, 1.0, 166.0,   15.0,   5.0,  10.0,    15.0,    40.0,        ,     1.0,        ,     0.0,        ,     1.0,      
oreilte01, 1978,     1, BOS , NHL , R  , 80.0, 26.0,  51.0,  77.0, 205.0, 7.0  ,  3.0,     ,  0.0,     ,  5.0, 1.0, 120.0,   11.0,   0.0,   6.0,     6.0,    25.0,        ,     0.0,        ,     0.0,        ,     0.0,      
oreilte01, 1979,     1, BOS , NHL , R  , 71.0, 19.0,  42.0,  61.0, 265.0, 17.0 ,  3.0,     ,  0.0,     ,  5.0, 0.0, 105.0,   10.0,   3.0,   6.0,     9.0,    69.0,        ,     2.0,        ,     0.0,        ,     1.0,      
oreilte01, 1980,     1, BOS , NHL , R  , 77.0,  8.0,  35.0,  43.0, 223.0, 2.0  ,  0.0,     ,  0.0,     ,  0.0, 0.0,  84.0,    3.0,   1.0,   2.0,     3.0,    12.0,        ,     0.0,        ,     0.0,        ,     0.0,      
oreilte01, 1981,     1, BOS , NHL , R  , 70.0, 22.0,  30.0,  52.0, 213.0, 23.0 ,  0.0,     ,  1.0,     ,  3.0, 1.0, 114.0,   11.0,   5.0,   4.0,     9.0,    56.0,        ,     0.0,        ,     0.0,        ,     1.0,      
oreilte01, 1982,     1, BOS , NHL , R  , 19.0,  6.0,  14.0,  20.0,  40.0, 16.0 ,  0.0,     ,  1.0,     ,  1.0, 0.0,  23.0,       ,      ,      ,        ,        ,        ,        ,        ,        ,        ,        ,      
oreilte01, 1983,     1, BOS , NHL , R  , 58.0, 12.0,  18.0,  30.0, 124.0, 9.0  ,  2.0,     ,  0.0,     ,  2.0, 0.0,  48.0,    3.0,   0.0,   0.0,     0.0,    14.0, -2.0   ,     0.0,        ,     0.0,        ,     0.0,     4.0
oreilte01, 1984,     1, BOS , NHL , R  , 63.0, 13.0,  17.0,  30.0, 168.0, -18.0,  0.0,     ,  1.0,     ,  2.0, 0.0,  61.0,    5.0,   1.0,   2.0,     3.0,     9.0, -2.0   ,     0.0,        ,     0.0,        ,     0.0,     5.0
oreskph01, 2008,     1, TOR , NHL , D  , 10.0,  1.0,   1.0,   2.0,  21.0, -2.0 ,  0.0,  0.0,  0.0,  0.0,  0.0,    ,  12.0,       ,      ,      ,        ,        ,        ,        ,        ,        ,        ,        ,      
oreskvi01, 2009,     1, FLO , NHL , D  , 50.0,  2.0,   4.0,   6.0,  26.0, -8.0 ,  0.0,  0.0,  0.0,  0.0,  0.0,    ,  55.0,       ,      ,      ,        ,        ,        ,        ,        ,        ,        ,        ,      
orlanga01, 1984,     1, BUF , NHL , C  , 11.0,  3.0,   6.0,   9.0,   6.0, 3.0  ,  1.0,     ,  0.0,     ,  0.0, 0.0,  22.0,    5.0,   0.0,   4.0,     4.0,    14.0, -2.0   ,     0.0,        ,     0.0,        ,     0.0,     6.0
orlanga01, 1985,     1, BUF , NHL , C  , 60.0, 13.0,  12.0,  25.0,  29.0, -7.0 ,  1.0,     ,  2.0,     ,  1.0, 0.0,  70.0,       ,      ,      ,        ,        ,        ,        ,        ,        ,        ,        ,      
orlanga01, 1986,     1, BUF , NHL , C  , 27.0,  2.0,   8.0,  10.0,  16.0, -6.0 ,  0.0,     ,  0.0,     ,  0.0, 0.0,  24.0,       ,      ,      ,        ,        ,        ,        ,        ,        ,        ,        ,      
orlanji01, 1936,     1, DET , NHL , D  ,  9.0,  0.0,   1.0,   1.0,   8.0,      ,     ,     ,     ,     ,     ,    ,      ,       ,      ,      ,        ,        ,        ,        ,        ,        ,        ,        ,      
orlanji01, 1937,     1, DET , NHL , D  ,  6.0,  0.0,   0.0,   0.0,   4.0,      ,     ,     ,     ,     ,     ,    ,      ,       ,      ,      ,        ,        ,        ,        ,        ,        ,        ,        ,      
orlanji01, 1939,     1, DET , NHL , D  , 48.0,  1.0,   3.0,   4.0,  54.0,      ,     ,     ,     ,     ,     ,    ,      ,    5.0,   0.0,   0.0,     0.0,    15.0,        ,        ,        ,        ,        ,        ,      
orlanji01, 1940,     1, DET , NHL , D  , 48.0,  1.0,  10.0,  11.0,  99.0,      ,     ,     ,     ,     ,     ,    ,      ,    9.0,   0.0,   2.0,     2.0,    31.0,        ,        ,        ,        ,        ,        ,      
orlanji01, 1941,     1, DET , NHL , D  , 48.0,  1.0,   7.0,   8.0, 111.0,      ,     ,     ,     ,     ,     ,    ,      ,   12.0,   0.0,   4.0,     4.0,    45.0,        ,        ,        ,        ,        ,        ,      
orlanji01, 1942,     1, DET , NHL , D  , 40.0,  3.0,   4.0,   7.0,  99.0,      ,     ,     ,     ,     ,     ,    ,      ,   10.0,   0.0,   3.0,     3.0,    14.0,        ,        ,        ,        ,        ,        ,      
orlesda01, 1980,     1, MTL , NHL , L  ,  1.0,  0.0,   0.0,   0.0,   0.0, 0.0  ,  0.0,     ,  0.0,     ,  0.0, 0.0,   0.0,       ,      ,      ,        ,        ,        ,        ,        ,        ,        ,        ,      
orlesda01, 1981,     1, MTL , NHL , L  ,  1.0,  0.0,   0.0,   0.0,   0.0, 0.0  ,  0.0,     ,  0.0,     ,  0.0, 0.0,   0.0,       ,      ,      ,        ,        ,        ,        ,        ,        ,        ,        ,      
orpikbr01, 2002,     1, PIT , NHL , D  ,  6.0,  0.0,   0.0,   0.0,   2.0, -5.0 ,  0.0,  0.0,  0.0,  0.0,  0.0, 0.0,   2.0,       ,      ,      ,        ,        ,        ,        ,        ,        ,        ,        ,      
orpikbr01, 2003,     1, PIT , NHL , D  , 79.0,  1.0,   9.0,  10.0, 127.0, -36.0,  0.0,  1.0,  0.0,  3.0,  0.0, 0.0,  56.0,       ,      ,      ,        ,        ,        ,        ,        ,        ,        ,        ,      
orpikbr01, 2005,     1, PIT , NHL , D  , 64.0,  2.0,   7.0,   9.0, 124.0, -3.0 ,  0.0,  1.0,  0.0,  0.0,  0.0,    ,  32.0,       ,      ,      ,        ,        ,        ,        ,        ,        ,        ,        ,      
orpikbr01, 2006,     1, PIT , NHL , D  , 70.0,  0.0,   6.0,   6.0,  82.0, 4.0  ,  0.0,  2.0,  0.0,  0.0,  0.0,    ,  59.0,    5.0,   0.0,   0.0,     0.0,     8.0, -2.0   ,     0.0,     0.0,     0.0,     0.0,     0.0,     0.0
orpikbr01, 2007,     1, PIT , NHL , D  , 78.0,  1.0,  10.0,  11.0,  57.0, 11.0 ,  0.0,  0.0,  0.0,  1.0,  0.0,    ,  50.0,   20.0,   0.0,   2.0,     2.0,    18.0, -3.0   ,     0.0,     0.0,     0.0,     0.0,     0.0,    14.0
orpikbr01, 2008,     1, PIT , NHL , D  , 79.0,  2.0,  17.0,  19.0,  73.0, 10.0 ,  1.0,  1.0,  0.0,  0.0,  0.0,    ,  39.0,   24.0,   0.0,   4.0,     4.0,    22.0, -1.0   ,     0.0,     0.0,     0.0,     0.0,     0.0,    12.0
orpikbr01, 2009,     1, PIT , NHL , D  , 73.0,  2.0,  23.0,  25.0,  64.0, 6.0  ,  0.0,  1.0,  0.0,  1.0,  0.0,    ,  61.0,   13.0,   0.0,   2.0,     2.0,    12.0, 3.0    ,     0.0,     0.0,     0.0,     0.0,     0.0,    13.0
orrbi01  , 1973,     1, TOT , WHA , D  , 46.0,  3.0,   9.0,  12.0,  16.0,      ,  0.0,     ,  0.0,     ,  0.0,    ,      ,   12.0,   1.0,   0.0,     1.0,     6.0,        ,        ,        ,        ,        ,     0.0,      
orrbo01  , 1966,     1, BOS , NHL , D  , 61.0, 13.0,  28.0,  41.0, 102.0,      ,  3.0,     ,  1.0,     ,  0.0, 1.0,      ,       ,      ,      ,        ,        ,        ,        ,        ,        ,        ,        ,      
orrbo01  , 1967,     1, BOS , NHL , D  , 46.0, 11.0,  20.0,  31.0,  63.0, 30.0 ,  3.0,     ,  0.0,     ,  1.0, 2.0, 172.0,    4.0,   0.0,   2.0,     2.0,     2.0,        ,     0.0,        ,     0.0,        ,     0.0,      
orrbo01  , 1968,     1, BOS , NHL , D  , 67.0, 21.0,  43.0,  64.0, 133.0, 65.0 ,  4.0,     ,  0.0,     ,  2.0, 1.0, 285.0,   10.0,   1.0,   7.0,     8.0,    10.0,        ,     0.0,        ,     0.0,        ,     1.0,      
orrbo01  , 1969,     1, BOS , NHL , D  , 76.0, 33.0,  87.0, 120.0, 125.0, 54.0 , 11.0,     ,  4.0,     ,  3.0, 1.0, 413.0,   14.0,   9.0,  11.0,    20.0,    14.0,        ,     3.0,        ,     1.0,        ,     2.0,      
orrbo01  , 1970,     1, BOS , NHL , D  , 78.0, 37.0, 102.0, 139.0,  91.0, 124.0,  5.0,     ,  3.0,     ,  5.0, 0.0, 392.0,    7.0,   5.0,   7.0,    12.0,    25.0,        ,     1.0,        ,     1.0,        ,     1.0,      
orrbo01  , 1971,     1, BOS , NHL , D  , 76.0, 37.0,  80.0, 117.0, 106.0, 86.0 , 11.0,     ,  4.0,     ,  4.0, 1.0, 353.0,   15.0,   5.0,  19.0,    24.0,    19.0,        ,     3.0,        ,     0.0,        ,     1.0,      
orrbo01  , 1972,     1, BOS , NHL , D  , 63.0, 29.0,  72.0, 101.0,  99.0, 56.0 ,  7.0,     ,  1.0,     ,  3.0, 0.0, 282.0,    5.0,   1.0,   1.0,     2.0,     7.0,        ,     0.0,        ,     0.0,        ,     0.0,      
orrbo01  , 1973,     1, BOS , NHL , D  , 74.0, 32.0,  90.0, 122.0,  82.0, 84.0 , 11.0,     ,  0.0,     ,  4.0, 0.0, 384.0,   16.0,   4.0,  14.0,    18.0,    28.0,        ,     1.0,        ,     0.0,        ,     2.0,      
orrbo01  , 1974,     1, BOS , NHL , D  , 80.0, 46.0,  89.0, 135.0, 101.0, 80.0 , 16.0,     ,  2.0,     ,  4.0, 2.0, 384.0,    3.0,   1.0,   5.0,     6.0,     2.0,        ,     0.0,        ,     1.0,        ,     0.0,      
orrbo01  , 1975,     1, BOS , NHL , D  , 10.0,  5.0,  13.0,  18.0,  22.0, 10.0 ,  3.0,     ,  1.0,     ,  0.0, 0.0,  57.0,       ,      ,      ,        ,        ,        ,        ,        ,        ,        ,        ,      
orrbo01  , 1976,     1, CHI , NHL , D  , 20.0,  4.0,  19.0,  23.0,  25.0, 6.0  ,  2.0,     ,  0.0,     ,  0.0, 0.0,  55.0,       ,      ,      ,        ,        ,        ,        ,        ,        ,        ,        ,      
orrbo01  , 1978,     1, CHI , NHL , D  ,  6.0,  2.0,   2.0,   4.0,   4.0, 2.0  ,  0.0,     ,  0.0,     ,  0.0, 0.0,  18.0,       ,      ,      ,        ,        ,        ,        ,        ,        ,        ,        ,      
orrco01  , 2003,     1, BOS , NHL , R  ,  1.0,  0.0,   0.0,   0.0,   0.0, -1.0 ,  0.0,  0.0,  0.0,  0.0,  0.0, 0.0,   0.0,       ,      ,      ,        ,        ,        ,        ,        ,        ,        ,        ,      
orrco01  , 2005,     1, BOS , NHL , R  , 20.0,  0.0,   0.0,   0.0,  27.0, 0.0  ,  0.0,  0.0,  0.0,  0.0,  0.0,    ,   1.0,       ,      ,      ,        ,        ,        ,        ,        ,        ,        ,        ,      
orrco01  , 2005,     2, NYR , NHL , R  , 15.0,  0.0,   1.0,   1.0,  44.0, 1.0  ,  0.0,  0.0,  0.0,  0.0,  0.0,    ,   0.0,    1.0,   0.0,   0.0,     0.0,     2.0, 0.0    ,     0.0,     0.0,     0.0,     0.0,     0.0,     0.0
orrco01  , 2006,     1, NYR , NHL , R  , 53.0,  2.0,   1.0,   3.0, 126.0, -2.0 ,  0.0,  0.0,  0.0,  0.0,  1.0,    ,  23.0,    4.0,   0.0,   0.0,     0.0,    12.0, -1.0   ,     0.0,     0.0,     0.0,     0.0,     0.0,     1.0
orrco01  , 2007,     1, NYR , NHL , R  , 74.0,  1.0,   1.0,   2.0, 159.0, -13.0,  0.0,  0.0,  0.0,  0.0,  1.0,    ,  24.0,    2.0,   0.0,   0.0,     0.0,     0.0, 0.0    ,     0.0,     0.0,     0.0,     0.0,     0.0,     1.0
orrco01  , 2008,     1, NYR , NHL , R  , 82.0,  1.0,   4.0,   5.0, 193.0, -15.0,  0.0,  0.0,  0.0,  0.0,  0.0,    ,  40.0,    5.0,   0.0,   0.0,     0.0,    16.0, -1.0   ,     0.0,     0.0,     0.0,     0.0,     0.0,     0.0
orrco01  , 2009,     1, TOR , NHL , R  , 82.0,  4.0,   2.0,   6.0, 239.0, -4.0 ,  0.0,  0.0,  0.0,  0.0,  1.0,    ,  43.0,       ,      ,      ,        ,        ,        ,        ,        ,        ,        ,        ,      
orszavl01, 1997,     1, NYI , NHL , R  , 11.0,  0.0,   1.0,   1.0,   2.0, -3.0 ,  0.0,  0.0,  0.0,  0.0,  0.0, 0.0,   9.0,       ,      ,      ,        ,        ,        ,        ,        ,        ,        ,        ,      
orszavl01, 1998,     1, NYI , NHL , R  , 12.0,  1.0,   0.0,   1.0,   6.0, 2.0  ,  0.0,  0.0,  0.0,  0.0,  0.0, 0.0,   4.0,       ,      ,      ,        ,        ,        ,        ,        ,        ,        ,        ,      
orszavl01, 1999,     1, NYI , NHL , R  , 11.0,  2.0,   1.0,   3.0,   4.0, 1.0  ,  0.0,  0.0,  0.0,  0.0,  0.0, 0.0,  16.0,       ,      ,      ,        ,        ,        ,        ,        ,        ,        ,        ,      
orszavl01, 2001,     1, NAS , NHL , R  , 79.0, 15.0,  21.0,  36.0,  56.0, -15.0,  5.0,  7.0,  0.0,  0.0,  3.0, 0.0, 113.0,       ,      ,      ,        ,        ,        ,        ,        ,        ,        ,        ,      
orszavl01, 2002,     1, NAS , NHL , R  , 78.0, 16.0,  16.0,  32.0,  38.0, -1.0 ,  3.0,  4.0,  0.0,  0.0,  3.0, 0.0, 152.0,       ,      ,      ,        ,        ,        ,        ,        ,        ,        ,        ,      
orszavl01, 2003,     1, NAS , NHL , R  , 82.0, 16.0,  21.0,  37.0,  74.0, -4.0 ,  2.0,  4.0,  2.0,  2.0,  3.0, 0.0, 124.0,    6.0,   2.0,   0.0,     2.0,     4.0, -2.0   ,     0.0,     0.0,     0.0,     0.0,     0.0,     5.0
orszavl01, 2005,     1, STL , NHL , R  , 16.0,  4.0,   5.0,   9.0,  14.0, -2.0 ,  1.0,  0.0,  0.0,  0.0,  0.0,    ,  23.0,       ,      ,      ,        ,        ,        ,        ,        ,        ,        ,        ,      
ortmeje01, 2003,     1, NYR , NHL , R  , 58.0,  2.0,   4.0,   6.0,  16.0, -10.0,  0.0,  0.0,  0.0,  0.0,  0.0, 0.0,  48.0,       ,      ,      ,        ,        ,        ,        ,        ,        ,        ,        ,      
ortmeje01, 2005,     1, NYR , NHL , R  , 78.0,  5.0,   2.0,   7.0,  38.0, 2.0  ,  0.0,  0.0,  0.0,  0.0,  1.0,    ,  90.0,    4.0,   1.0,   0.0,     1.0,     4.0, 1.0    ,     0.0,     0.0,     0.0,     0.0,     0.0,     4.0
ortmeje01, 2006,     1, NYR , NHL , R  , 41.0,  2.0,   9.0,  11.0,  22.0, 7.0  ,  0.0,  0.0,  1.0,  1.0,  0.0,    ,  67.0,    9.0,   0.0,   0.0,     0.0,     2.0, -1.0   ,     0.0,     0.0,     0.0,     0.0,     0.0,     8.0
ortmeje01, 2007,     1, NAS , NHL , R  , 51.0,  4.0,   4.0,   8.0,  32.0, -8.0 ,  0.0,  0.0,  1.0,  1.0,  0.0,    ,  68.0,       ,      ,      ,        ,        ,        ,        ,        ,        ,        ,        ,      
ortmeje01, 2008,     1, NAS , NHL , R  ,  2.0,  0.0,   0.0,   0.0,   0.0, 0.0  ,  0.0,  0.0,  0.0,  0.0,  0.0,    ,   4.0,       ,      ,      ,        ,        ,        ,        ,        ,        ,        ,        ,      
ortmeje01, 2009,     1, SJS , NHL , R  , 76.0,  8.0,  11.0,  19.0,  37.0, 4.0  ,  0.0,  1.0,  0.0,  1.0,  1.0,    , 131.0,    4.0,   0.0,   1.0,     1.0,     0.0, -1.0   ,     0.0,     0.0,     0.0,     0.0,     0.0,     2.0
osalaos01, 2008,     1, WAS , NHL , L  ,  2.0,  0.0,   0.0,   0.0,   0.0, -1.0 ,  0.0,  0.0,  0.0,  0.0,  0.0,    ,   1.0,       ,      ,      ,        ,        ,        ,        ,        ,        ,        ,        ,      
osalaos01, 2009,     1, CAR , NHL , L  ,  1.0,  0.0,   0.0,   0.0,   0.0, 0.0  ,  0.0,  0.0,  0.0,  0.0,  0.0,    ,   1.0,       ,      ,      ,        ,        ,        ,        ,        ,        ,        ,        ,      
osborke01, 1989,     1, STL , NHL , R  ,  5.0,  0.0,   2.0,   2.0,   8.0, -2.0 ,  0.0,  0.0,  0.0,  0.0,  0.0, 0.0,   4.0,       ,      ,      ,        ,        ,        ,        ,        ,        ,        ,        ,      
osborke01, 1992,     1, TBL , NHL , R  , 11.0,  1.0,   1.0,   2.0,   8.0, -1.0 ,  0.0,  0.0,  0.0,  0.0,  1.0, 0.0,  11.0,       ,      ,      ,        ,        ,        ,        ,        ,        ,        ,        ,      
osborma01, 1981,     1, DET , NHL , L  , 80.0, 26.0,  41.0,  67.0,  61.0, -7.0 ,  5.0,     ,  0.0,     ,  3.0, 0.0, 181.0,       ,      ,      ,        ,        ,        ,        ,        ,        ,        ,        ,      
osborma01, 1982,     1, DET , NHL , L  , 80.0, 19.0,  24.0,  43.0,  83.0, -41.0,  3.0,     ,  0.0,     ,  3.0, 3.0, 159.0,       ,      ,      ,        ,        ,        ,        ,        ,        ,        ,        ,      
osborma01, 1983,     1, NYR , NHL , L  , 73.0, 23.0,  28.0,  51.0,  88.0, 1.0  ,  6.0,     ,  0.0,     ,  5.0, 1.0, 139.0,    5.0,   0.0,   1.0,     1.0,     7.0, -1.0   ,     0.0,        ,     0.0,        ,     0.0,    11.0
osborma01, 1984,     1, NYR , NHL , L  , 23.0,  4.0,   4.0,   8.0,  33.0, -2.0 ,  0.0,     ,  0.0,     ,  0.0, 0.0,  29.0,    3.0,   0.0,   0.0,     0.0,     4.0, -3.0   ,     0.0,        ,     0.0,        ,     0.0,     7.0
osborma01, 1985,     1, NYR , NHL , L  , 62.0, 16.0,  24.0,  40.0,  80.0, 5.0  ,  5.0,     ,  1.0,     ,  1.0, 0.0, 134.0,   15.0,   2.0,   3.0,     5.0,    26.0, -2.0   ,     0.0,        ,     1.0,        ,     1.0,    30.0
osborma01, 1986,     1, NYR , NHL , L  , 58.0, 17.0,  15.0,  32.0, 101.0, -15.0,  5.0,     ,  0.0,     ,  2.0, 0.0, 129.0,       ,      ,      ,        ,        ,        ,        ,        ,        ,        ,        ,      
osborma01, 1986,     2, TOR , NHL , R  , 16.0,  5.0,  10.0,  15.0,  12.0, -1.0 ,  1.0,     ,  0.0,     ,  0.0, 0.0,  31.0,    9.0,   1.0,   3.0,     4.0,     6.0, 1.0    ,     0.0,        ,     0.0,        ,     0.0,    14.0
osborma01, 1987,     1, TOR , NHL , L  , 79.0, 23.0,  37.0,  60.0, 102.0, -3.0 ,  4.0, 10.0,  2.0,  3.0,  0.0, 0.0, 155.0,    6.0,   1.0,   3.0,     4.0,    16.0, 3.0    ,     0.0,     1.0,     0.0,     0.0,     1.0,     9.0
osborma01, 1988,     1, TOR , NHL , L  , 75.0, 16.0,  30.0,  46.0, 112.0, -5.0 ,  5.0,  5.0,  0.0,  0.0,  1.0, 0.0, 118.0,       ,      ,      ,        ,        ,        ,        ,        ,        ,        ,        ,      
osborma01, 1989,     1, TOR , NHL , L  , 78.0, 23.0,  50.0,  73.0,  91.0, 2.0  ,  3.0, 14.0,  1.0,  5.0,  6.0, 0.0, 137.0,    5.0,   2.0,   3.0,     5.0,    12.0, 1.0    ,     0.0,     0.0,     1.0,     0.0,     0.0,     6.0
osborma01, 1990,     1, TOR , NHL , L  , 18.0,  3.0,   3.0,   6.0,   4.0, -10.0,  1.0,  0.0,  1.0,  0.0,  0.0, 0.0,  32.0,       ,      ,      ,        ,        ,        ,        ,        ,        ,        ,        ,      
osborma01, 1990,     2, WIN , NHL , L  , 37.0,  8.0,   8.0,  16.0,  59.0, -1.0 ,  0.0,  0.0,  0.0,  0.0,  2.0, 1.0,  55.0,       ,      ,      ,        ,        ,        ,        ,        ,        ,        ,        ,      
osborma01, 1991,     1, WIN , NHL , L  , 43.0,  4.0,  12.0,  16.0,  65.0, -8.0 ,  0.0,  0.0,  0.0,  0.0,  0.0, 0.0,  50.0,       ,      ,      ,        ,        ,        ,        ,        ,        ,        ,        ,      
osborma01, 1991,     2, TOR , NHL , L  , 11.0,  3.0,   1.0,   4.0,   8.0, -2.0 ,  0.0,  0.0,  2.0,  0.0,  0.0, 0.0,  16.0,       ,      ,      ,        ,        ,        ,        ,        ,        ,        ,        ,      
osborma01, 1992,     1, TOR , NHL , R  , 76.0, 12.0,  14.0,  26.0,  89.0, -7.0 ,  0.0,  1.0,  2.0,  1.0,  2.0, 0.0, 110.0,   19.0,   1.0,   1.0,     2.0,    16.0, -6.0   ,     0.0,     0.0,     0.0,     0.0,     0.0,    34.0
osborma01, 1993,     1, TOR , NHL , R  , 73.0,  9.0,  15.0,  24.0, 145.0, 2.0  ,  1.0,  1.0,  1.0,  0.0,  2.0, 0.0, 103.0,   18.0,   4.0,   2.0,     6.0,    52.0, 1.0    ,     0.0,     0.0,     2.0,     0.0,     1.0,    23.0
osborma01, 1994,     1, NYR , NHL , L  , 37.0,  1.0,   3.0,   4.0,  19.0, -2.0 ,  0.0,  0.0,  0.0,  1.0,  0.0, 0.0,  32.0,    7.0,   1.0,   0.0,     1.0,     2.0, 1.0    ,     0.0,     0.0,     0.0,     0.0,     0.0,     2.0
osburra01, 1972,     1, TOR , NHL , L  , 26.0,  0.0,   2.0,   2.0,   0.0, -5.0 ,  0.0,     ,  0.0,     ,  0.0, 0.0,  15.0,       ,      ,      ,        ,        ,        ,        ,        ,        ,        ,        ,      
osburra01, 1974,     1, PHI , NHL , L  ,  1.0,  0.0,   0.0,   0.0,   0.0, 0.0  ,  0.0,     ,  0.0,     ,  0.0, 0.0,   0.0,       ,      ,      ,        ,        ,        ,        ,        ,        ,        ,        ,      
osgooch01, 1993,     1, DET , NHL , G  , 41.0,  0.0,   0.0,   0.0,   2.0, 0.0  ,  0.0,  0.0,  0.0,  0.0,  0.0, 0.0,   0.0,    6.0,   0.0,   0.0,     0.0,     0.0, 0.0    ,     0.0,     0.0,     0.0,     0.0,     0.0,     0.0
osgooch01, 1994,     1, DET , NHL , G  , 19.0,  0.0,   0.0,   0.0,   2.0, 0.0  ,  0.0,  0.0,  0.0,  0.0,  0.0, 0.0,   0.0,    2.0,   0.0,   0.0,     0.0,     0.0, 0.0    ,     0.0,     0.0,     0.0,     0.0,     0.0,     0.0
osgooch01, 1995,     1, DET , NHL , G  , 50.0,  1.0,   2.0,   3.0,   4.0, 0.0  ,  0.0,  1.0,  0.0,  0.0,  0.0, 0.0,   1.0,   15.0,   0.0,   0.0,     0.0,     4.0, 0.0    ,     0.0,     0.0,     0.0,     0.0,     0.0,     0.0
osgooch01, 1996,     1, DET , NHL , G  , 47.0,  0.0,   2.0,   2.0,   6.0, 0.0  ,  0.0,  0.0,  0.0,  1.0,  0.0, 0.0,   0.0,    2.0,   0.0,   0.0,     0.0,     2.0, 0.0    ,     0.0,     0.0,     0.0,     0.0,     0.0,     0.0
osgooch01, 1997,     1, DET , NHL , G  , 64.0,  0.0,   0.0,   0.0,  31.0, 0.0  ,  0.0,  0.0,  0.0,  0.0,  0.0, 0.0,   0.0,   22.0,   0.0,   1.0,     1.0,    12.0, 0.0    ,     0.0,     0.0,     0.0,     1.0,     0.0,     0.0
osgooch01, 1998,     1, DET , NHL , G  , 63.0,  0.0,   3.0,   3.0,   8.0, 0.0  ,  0.0,  1.0,  0.0,  0.0,  0.0, 0.0,   0.0,    6.0,   0.0,   0.0,     0.0,     0.0, 0.0    ,     0.0,     0.0,     0.0,     0.0,     0.0,     0.0
osgooch01, 1999,     1, DET , NHL , G  , 53.0,  0.0,   1.0,   1.0,  18.0, 0.0  ,  0.0,  0.0,  0.0,  1.0,  0.0, 0.0,   0.0,    9.0,   0.0,   1.0,     1.0,     4.0, 0.0    ,     0.0,     0.0,     0.0,     1.0,     0.0,     0.0
osgooch01, 2000,     1, DET , NHL , G  , 52.0,  0.0,   0.0,   0.0,   8.0, 0.0  ,  0.0,  0.0,  0.0,  0.0,  0.0, 0.0,   0.0,    6.0,   0.0,   0.0,     0.0,     0.0, 0.0    ,     0.0,     0.0,     0.0,     0.0,     0.0,     0.0
osgooch01, 2001,     1, NYI , NHL , G  , 66.0,  0.0,   4.0,   4.0,  10.0, 0.0  ,  0.0,  1.0,  0.0,  0.0,  0.0, 0.0,   0.0,    7.0,   0.0,   0.0,     0.0,     4.0, 0.0    ,     0.0,     0.0,     0.0,     0.0,     0.0,     0.0
osgooch01, 2002,     1, NYI , NHL , G  , 37.0,  0.0,   0.0,   0.0,  12.0, 0.0  ,  0.0,  0.0,  0.0,  0.0,  0.0, 0.0,   0.0,       ,      ,      ,        ,        ,        ,        ,        ,        ,        ,        ,      
osgooch01, 2002,     2, STL , NHL , G  ,  9.0,  0.0,   0.0,   0.0,   0.0, 0.0  ,  0.0,  0.0,  0.0,  0.0,  0.0, 0.0,   0.0,    7.0,   0.0,   0.0,     0.0,     4.0, 0.0    ,     0.0,     0.0,     0.0,     0.0,     0.0,     0.0
osgooch01, 2003,     1, STL , NHL , G  , 67.0,  0.0,   0.0,   0.0,  10.0, 0.0  ,  0.0,  0.0,  0.0,  0.0,  0.0, 0.0,   0.0,    5.0,   0.0,   1.0,     1.0,     0.0, 0.0    ,     0.0,     0.0,     0.0,     1.0,     0.0,     0.0
osgooch01, 2005,     1, DET , NHL , G  , 32.0,  0.0,   0.0,   0.0,   8.0, 0.0  ,  0.0,  0.0,  0.0,  0.0,  0.0,    ,   0.0,       ,      ,      ,        ,        ,        ,        ,        ,        ,        ,        ,      
osgooch01, 2006,     1, DET , NHL , G  , 21.0,  0.0,   1.0,   1.0,   6.0, 0.0  ,  0.0,  1.0,  0.0,  0.0,  0.0,    ,   0.0,       ,      ,      ,        ,        ,        ,        ,        ,        ,        ,        ,      
osgooch01, 2007,     1, DET , NHL , G  , 43.0,  0.0,   3.0,   3.0,   0.0, 0.0  ,  0.0,  1.0,  0.0,  0.0,  0.0,    ,   0.0,   19.0,   0.0,   0.0,     0.0,     0.0, 0.0    ,     0.0,     0.0,     0.0,     0.0,     0.0,     0.0
osgooch01, 2008,     1, DET , NHL , G  , 46.0,  0.0,   2.0,   2.0,   8.0, 0.0  ,  0.0,  1.0,  0.0,  0.0,  0.0,    ,   0.0,   23.0,   0.0,   2.0,     2.0,     2.0, 0.0    ,     0.0,     1.0,     0.0,     0.0,     0.0,     0.0
osgooch01, 2009,     1, DET , NHL , G  , 23.0,  0.0,   1.0,   1.0,   0.0, 0.0  ,  0.0,  0.0,  0.0,  0.0,  0.0,    ,   0.0,       ,      ,      ,        ,        ,        ,        ,        ,        ,        ,        ,      
osheada01, 1968,     1, MNS , NHL , C  , 74.0, 15.0,  34.0,  49.0,  88.0, -26.0,  4.0,     ,  0.0,     ,  3.0, 1.0, 157.0,       ,      ,      ,        ,        ,        ,        ,        ,        ,        ,        ,      
osheada01, 1969,     1, MNS , NHL , C  , 75.0, 10.0,  24.0,  34.0,  82.0, -4.0 ,  4.0,     ,  0.0,     ,  0.0, 0.0, 136.0,    6.0,   1.0,   0.0,     1.0,     8.0,        ,     0.0,        ,     0.0,        ,     0.0,      
osheada01, 1970,     1, MNS , NHL , C  , 59.0, 14.0,  12.0,  26.0,  16.0, -3.0 ,  0.0,     ,  0.0,     ,  3.0, 0.0, 155.0,       ,      ,      ,        ,        ,        ,        ,        ,        ,        ,        ,      
osheada01, 1970,     2, CHI , NHL , C  , 18.0,  4.0,   7.0,  11.0,  10.0, 5.0  ,  0.0,     ,  0.0,     ,  1.0, 0.0,  31.0,   18.0,   2.0,   5.0,     7.0,    15.0,        ,     0.0,        ,     0.0,        ,     0.0,      
osheada01, 1971,     1, CHI , NHL , L  , 48.0,  6.0,   9.0,  15.0,  28.0, 0.0  ,  0.0,     ,  0.0,     ,  2.0, 1.0,  63.0,       ,      ,      ,        ,        ,        ,        ,        ,        ,        ,        ,      
osheada01, 1971,     2, STL , NHL , C  , 20.0,  3.0,   3.0,   6.0,  11.0, -4.0 ,  0.0,     ,  0.0,     ,  0.0, 0.0,  25.0,   10.0,   0.0,   2.0,     2.0,    36.0,        ,     0.0,        ,     0.0,        ,     0.0,      
osheada01, 1972,     1, STL , NHL , C  , 75.0, 12.0,  26.0,  38.0,  30.0, -5.0 ,  0.0,     ,  2.0,     ,  2.0, 1.0, 110.0,    5.0,   0.0,   0.0,     0.0,     2.0,        ,     0.0,        ,     0.0,        ,     0.0,      
osheada01, 1974,     1, MFS , WHA , C  , 76.0, 16.0,  25.0,  41.0,  47.0, -22.0,  3.0,     ,  0.0,     ,  2.0,    , 161.0,   11.0,   0.0,   0.0,     0.0,     0.0,        ,     0.0,        ,     0.0,        ,     0.0,      
osheake01, 1970,     1, BUF , NHL , R  , 41.0,  4.0,   4.0,   8.0,   8.0, -11.0,  0.0,     ,  1.0,     ,  1.0, 1.0,  33.0,       ,      ,      ,        ,        ,        ,        ,        ,        ,        ,        ,      
osheake01, 1971,     1, BUF , NHL , R  , 52.0,  6.0,   9.0,  15.0,  44.0, -19.0,  0.0,     ,  0.0,     ,  0.0, 1.0,  56.0,       ,      ,      ,        ,        ,        ,        ,        ,        ,        ,        ,      
osheake01, 1971,     2, STL , NHL , R  ,  4.0,  0.0,   0.0,   0.0,   2.0, -1.0 ,  0.0,     ,  0.0,     ,  0.0, 0.0,   3.0,   11.0,   2.0,   1.0,     3.0,    10.0,        ,     0.0,        ,     0.0,        ,     1.0,      
osheake01, 1972,     1, STL , NHL , R  , 37.0,  3.0,   5.0,   8.0,  31.0, -13.0,  0.0,     ,  0.0,     ,  0.0, 0.0,  39.0,    1.0,   0.0,   0.0,     0.0,     0.0,        ,     0.0,        ,     0.0,        ,     0.0,      
osheake01, 1974,     1, MFS , WHA , R  , 68.0, 10.0,  10.0,  20.0,  42.0, -9.0 ,  0.0,     ,  0.0,     ,  3.0,    , 106.0,    1.0,   0.0,   0.0,     0.0,     0.0,        ,     0.0,        ,     0.0,        ,     0.0,      
oshietj01, 2008,     1, STL , NHL , C  , 57.0, 14.0,  25.0,  39.0,  30.0, 16.0 ,  6.0,  7.0,  1.0,  3.0,  1.0,    , 101.0,    4.0,   0.0,   0.0,     0.0,     2.0, 0.0    ,     0.0,     0.0,     0.0,     0.0,     0.0,     6.0
oshietj01, 2009,     1, STL , NHL , C  , 76.0, 18.0,  30.0,  48.0,  36.0, -1.0 ,  1.0, 14.0,  1.0,  0.0,  3.0,    , 158.0,       ,      ,      ,        ,        ,        ,        ,        ,        ,        ,        ,      
osiecma01, 1991,     1, CAL , NHL , D  , 50.0,  2.0,   7.0,   9.0,  24.0, -4.0 ,  1.0,  0.0,  0.0,  2.0,  2.0, 0.0,  44.0,       ,      ,      ,        ,        ,        ,        ,        ,        ,        ,        ,      
osiecma01, 1992,     1, OTT , NHL , D  , 34.0,  0.0,   4.0,   4.0,  12.0, -21.0,  0.0,  0.0,  0.0,  0.0,  0.0, 0.0,  20.0,       ,      ,      ,        ,        ,        ,        ,        ,        ,        ,        ,      
osiecma01, 1992,     2, WIN , NHL , D  ,  4.0,  1.0,   0.0,   1.0,   2.0, 1.0  ,  1.0,  0.0,  0.0,  0.0,  0.0, 0.0,   5.0,       ,      ,      ,        ,        ,        ,        ,        ,        ,        ,        ,      
osiecma01, 1992,     3, MNS , NHL , D  ,  5.0,  0.0,   0.0,   0.0,   5.0, 0.0  ,  0.0,  0.0,  0.0,  0.0,  0.0, 0.0,   1.0,       ,      ,      ,        ,        ,        ,        ,        ,        ,        ,        ,      
osullch01, 1996,     1, CAL , NHL , D  , 27.0,  2.0,   8.0,  10.0,   2.0, 0.0  ,  1.0,  6.0,  0.0,  0.0,  1.0, 0.0,  41.0,       ,      ,      ,        ,        ,        ,        ,        ,        ,        ,        ,      
osullch01, 1997,     1, CAL , NHL , D  , 12.0,  0.0,   2.0,   2.0,  10.0, 4.0  ,  0.0,  1.0,  0.0,  0.0,  0.0, 0.0,  12.0,       ,      ,      ,        ,        ,        ,        ,        ,        ,        ,        ,      
osullch01, 1998,     1, CAL , NHL , D  , 10.0,  0.0,   1.0,   1.0,   2.0, -1.0 ,  0.0,  0.0,  0.0,  0.0,  0.0, 0.0,  10.0,       ,      ,      ,        ,        ,        ,        ,        ,        ,        ,        ,      
osullch01, 1999,     1, VAN , NHL , D  , 11.0,  0.0,   5.0,   5.0,   2.0, 2.0  ,  0.0,  2.0,  0.0,  0.0,  0.0, 0.0,  16.0,       ,      ,      ,        ,        ,        ,        ,        ,        ,        ,        ,      
osullch01, 2002,     1, ANA , NHL , D  ,  2.0,  0.0,   1.0,   1.0,   0.0, 0.0  ,  0.0,  1.0,  0.0,  0.0,  0.0, 0.0,   3.0,       ,      ,      ,        ,        ,        ,        ,        ,        ,        ,        ,      
osullpa01, 2006,     1, LAK , NHL , C  , 44.0,  5.0,  14.0,  19.0,  14.0, -6.0 ,  2.0,  7.0,  0.0,  0.0,  1.0,    ,  92.0,       ,      ,      ,        ,        ,        ,        ,        ,        ,        ,        ,      
osullpa01, 2007,     1, LAK , NHL , C  , 82.0, 22.0,  31.0,  53.0,  36.0, -8.0 ,  3.0,  7.0,  3.0,  2.0,  2.0,    , 220.0,       ,      ,      ,        ,        ,        ,        ,        ,        ,        ,        ,      
osullpa01, 2008,     1, LAK , NHL , L  , 62.0, 14.0,  23.0,  37.0,  16.0, 1.0  ,  2.0,  6.0,  1.0,  0.0,  1.0,    , 200.0,       ,      ,      ,        ,        ,        ,        ,        ,        ,        ,        ,      
osullpa01, 2008,     2, EDM , NHL , L  , 19.0,  2.0,   4.0,   6.0,  12.0, -7.0 ,  0.0,  1.0,  0.0,  0.0,  0.0,    ,  59.0,       ,      ,      ,        ,        ,        ,        ,        ,        ,        ,        ,      
osullpa01, 2009,     1, EDM , NHL , C  , 73.0, 11.0,  23.0,  34.0,  32.0, -35.0,  3.0,  9.0,  1.0,  0.0,  3.0,    , 191.0,       ,      ,      ,        ,        ,        ,        ,        ,        ,        ,        ,      
otevrja01, 1992,     1, SJS , NHL , C  ,  7.0,  0.0,   2.0,   2.0,   0.0, -6.0 ,  0.0,  1.0,  0.0,  0.0,  0.0, 0.0,   4.0,       ,      ,      ,        ,        ,        ,        ,        ,        ,        ,        ,      
otevrja01, 1993,     1, SJS , NHL , C  ,  9.0,  3.0,   2.0,   5.0,   2.0, -5.0 ,  1.0,  1.0,  0.0,  0.0,  0.0, 0.0,  11.0,       ,      ,      ,        ,        ,        ,        ,        ,        ,        ,        ,      
ottojo01 , 1984,     1, CAL , NHL , C  , 17.0,  4.0,   8.0,  12.0,  30.0, 3.0  ,  1.0,     ,  0.0,     ,  0.0, 1.0,  27.0,    3.0,   2.0,   1.0,     3.0,    10.0, 3.0    ,     1.0,        ,     0.0,        ,     1.0,     6.0
ottojo01 , 1985,     1, CAL , NHL , C  , 79.0, 25.0,  34.0,  59.0, 188.0, 23.0 ,  9.0,     ,  0.0,     ,  2.0, 1.0, 147.0,   22.0,   5.0,  10.0,    15.0,    80.0, -5.0   ,     3.0,        ,     0.0,        ,     1.0,    41.0
ottojo01 , 1986,     1, CAL , NHL , C  , 68.0, 19.0,  31.0,  50.0, 185.0, 8.0  ,  5.0,     ,  0.0,     ,  1.0, 0.0, 127.0,    2.0,   0.0,   2.0,     2.0,     6.0, 0.0    ,     0.0,        ,     0.0,        ,     0.0,     3.0
ottojo01 , 1987,     1, CAL , NHL , C  , 62.0, 13.0,  39.0,  52.0, 194.0, 16.0 ,  4.0,  9.0,  1.0,  2.0,  4.0, 0.0, 105.0,    9.0,   3.0,   2.0,     5.0,    24.0, 3.0    ,     1.0,     1.0,     0.0,     1.0,     1.0,    13.0
ottojo01 , 1988,     1, CAL , NHL , C  , 72.0, 23.0,  30.0,  53.0, 213.0, 12.0 , 10.0, 11.0,  2.0,  1.0,  2.0, 1.0, 123.0,   22.0,   6.0,  13.0,    19.0,    46.0, 2.0    ,     2.0,     7.0,     1.0,     0.0,     1.0,    41.0
ottojo01 , 1989,     1, CAL , NHL , C  , 75.0, 13.0,  20.0,  33.0, 116.0, 4.0  ,  7.0,  4.0,  0.0,  3.0,  0.0, 0.0,  96.0,    6.0,   2.0,   2.0,     4.0,     2.0, 2.0    ,     0.0,     0.0,     0.0,     0.0,     0.0,     9.0
ottojo01 , 1990,     1, CAL , NHL , C  , 76.0, 19.0,  20.0,  39.0, 183.0, -4.0 ,  7.0,  4.0,  1.0,  0.0,  4.0, 1.0, 109.0,    7.0,   1.0,   2.0,     3.0,     8.0, -2.0   ,     0.0,     1.0,     0.0,     0.0,     0.0,     9.0
ottojo01 , 1991,     1, CAL , NHL , C  , 78.0, 13.0,  21.0,  34.0, 161.0, -10.0,  5.0,  2.0,  1.0,  1.0,  3.0, 0.0, 105.0,       ,      ,      ,        ,        ,        ,        ,        ,        ,        ,        ,      
ottojo01 , 1992,     1, CAL , NHL , C  , 75.0, 19.0,  33.0,  52.0, 150.0, 2.0  ,  6.0, 10.0,  1.0,  0.0,  4.0, 1.0, 115.0,    6.0,   4.0,   2.0,     6.0,     4.0, 1.0    ,     0.0,     0.0,     1.0,     0.0,     1.0,    14.0
ottojo01 , 1993,     1, CAL , NHL , C  , 81.0, 11.0,  12.0,  23.0,  92.0, -17.0,  3.0,  1.0,  1.0,  2.0,  1.0, 0.0, 108.0,    3.0,   0.0,   1.0,     1.0,     4.0, -2.0   ,     0.0,     0.0,     0.0,     1.0,     0.0,     0.0
ottojo01 , 1994,     1, CAL , NHL , C  , 47.0,  8.0,  13.0,  21.0, 130.0, 8.0  ,  0.0,  0.0,  2.0,  1.0,  2.0, 1.0,  46.0,    7.0,   0.0,   3.0,     3.0,     2.0, 2.0    ,     0.0,     0.0,     0.0,     0.0,     0.0,    12.0
ottojo01 , 1995,     1, PHI , NHL , C  , 67.0, 12.0,  29.0,  41.0, 115.0, 11.0 ,  6.0,  8.0,  1.0,  2.0,  1.0, 0.0,  91.0,   12.0,   3.0,   4.0,     7.0,    11.0, 4.0    ,     1.0,     1.0,     0.0,     0.0,     1.0,    12.0
ottojo01 , 1996,     1, PHI , NHL , C  , 78.0, 13.0,  19.0,  32.0,  99.0, 12.0 ,  0.0,  0.0,  1.0,  2.0,  2.0, 1.0, 105.0,   18.0,   1.0,   5.0,     6.0,     8.0, 3.0    ,     0.0,     0.0,     0.0,     0.0,     0.0,    23.0
ottojo01 , 1997,     1, PHI , NHL , C  , 68.0,  3.0,   4.0,   7.0,  78.0, -2.0 ,  0.0,  0.0,  0.0,  1.0,  0.0, 1.0,  53.0,    5.0,   0.0,   0.0,     0.0,     0.0, -1.0   ,     0.0,     0.0,     0.0,     0.0,     0.0,     8.0
ottst01  , 2002,     1, DAL , NHL , C  , 26.0,  3.0,   4.0,   7.0,  31.0, 6.0  ,  0.0,  0.0,  0.0,  0.0,  0.0, 0.0,  25.0,    1.0,   0.0,   0.0,     0.0,     0.0, -1.0   ,     0.0,     0.0,     0.0,     0.0,     0.0,     0.0
ottst01  , 2003,     1, DAL , NHL , L  , 73.0,  2.0,  10.0,  12.0, 152.0, -2.0 ,  0.0,  2.0,  0.0,  0.0,  1.0, 0.0,  74.0,    4.0,   1.0,   0.0,     1.0,     0.0, 0.0    ,     0.0,     0.0,     0.0,     0.0,     1.0,     3.0
ottst01  , 2005,     1, DAL , NHL , L  , 82.0,  5.0,  17.0,  22.0, 178.0, 1.0  ,  0.0,  0.0,  0.0,  0.0,  1.0,    ,  89.0,    5.0,   0.0,   1.0,     1.0,     2.0, 0.0    ,     0.0,     0.0,     0.0,     0.0,     0.0,     2.0
ottst01  , 2006,     1, DAL , NHL , C  , 19.0,  0.0,   4.0,   4.0,  35.0, -4.0 ,  0.0,  1.0,  0.0,  0.0,  0.0,    ,  17.0,    6.0,   0.0,   0.0,     0.0,     8.0, 0.0    ,     0.0,     0.0,     0.0,     0.0,     0.0,     5.0
ottst01  , 2007,     1, DAL , NHL , C  , 73.0, 11.0,  11.0,  22.0, 147.0, 2.0  ,  0.0,  1.0,  1.0,  2.0,  2.0,    ,  89.0,   18.0,   2.0,   1.0,     3.0,    22.0, -2.0   ,     1.0,     0.0,     0.0,     0.0,     1.0,    15.0
ottst01  , 2008,     1, DAL , NHL , C  , 64.0, 19.0,  27.0,  46.0, 135.0, 3.0  ,  5.0,  7.0,  0.0,  0.0,  0.0,    , 132.0,       ,      ,      ,        ,        ,        ,        ,        ,        ,        ,        ,      
ottst01  , 2009,     1, DAL , NHL , C  , 73.0, 22.0,  14.0,  36.0, 153.0, -14.0,  8.0,  3.0,  1.0,  1.0,  2.0,    , 146.0,       ,      ,      ,        ,        ,        ,        ,        ,        ,        ,        ,      
ouelled01, 1935,     1, CHI , NHL , L  , 43.0,  3.0,   2.0,   5.0,  11.0,      ,     ,     ,     ,     ,     ,    ,      ,    1.0,   0.0,   0.0,     0.0,     0.0,        ,        ,        ,        ,        ,        ,      
ouellge01, 1960,     1, BOS , NHL , R  , 34.0,  5.0,   4.0,   9.0,   0.0,      ,     ,     ,     ,     ,     ,    ,      ,       ,      ,      ,        ,        ,        ,        ,        ,        ,        ,        ,      
ouellma01, 2000,     1, PHI , NHL , G  ,  2.0,  0.0,   0.0,   0.0,   0.0, 0.0  ,  0.0,  0.0,  0.0,  0.0,  0.0, 0.0,   0.0,       ,      ,      ,        ,        ,        ,        ,        ,        ,        ,        ,      
ouellma01, 2003,     1, WAS , NHL , G  ,  6.0,  0.0,   1.0,   1.0,   0.0, 0.0  ,  0.0,  0.0,  0.0,  0.0,  0.0, 0.0,   0.0,       ,      ,      ,        ,        ,        ,        ,        ,        ,        ,        ,      
ouellma01, 2005,     1, VAN , NHL , G  ,  4.0,  0.0,   0.0,   0.0,   2.0, 0.0  ,  0.0,  0.0,  0.0,  0.0,  0.0,    ,   0.0,       ,      ,      ,        ,        ,        ,        ,        ,        ,        ,        ,      
ouellmi01, 2005,     1, PIT , NHL , L  , 50.0, 16.0,  16.0,  32.0,  16.0, -13.0, 11.0,  7.0,  0.0,  1.0,  0.0,    ,  87.0,       ,      ,      ,        ,        ,        ,        ,        ,        ,        ,        ,      
ouellmi01, 2006,     1, PIT , NHL , R  , 73.0, 19.0,  29.0,  48.0,  30.0, -3.0 , 11.0,  8.0,  0.0,  0.0,  2.0,    , 148.0,    5.0,   0.0,   2.0,     2.0,     6.0, -1.0   ,     0.0,     0.0,     0.0,     0.0,     0.0,     7.0
ouellmi01, 2007,     1, TBL , NHL , R  , 64.0, 17.0,  19.0,  36.0,  12.0, 11.0 ,  5.0,  6.0,  0.0,  0.0,  0.0,    , 132.0,       ,      ,      ,        ,        ,        ,        ,        ,        ,        ,        ,      
ouellmi01, 2008,     1, VAN , NHL , R  ,  3.0,  0.0,   0.0,   0.0,   0.0, 1.0  ,  0.0,  0.0,  0.0,  0.0,  0.0,    ,   3.0,       ,      ,      ,        ,        ,        ,        ,        ,        ,        ,        ,      
ouimefr01, 1975,     1, MFS , WHA , D  ,  9.0,  0.0,   2.0,   2.0,   2.0, 0.0  ,  0.0,     ,  0.0,     ,  0.0,    ,   3.0,       ,      ,      ,        ,        ,        ,        ,        ,        ,        ,        ,      
ouimefr01, 1976,     1, CIN , WHA , D  , 16.0,  1.0,   8.0,   9.0,  10.0, 12.0 ,  0.0,     ,  0.0,     ,     ,    ,  11.0,       ,      ,      ,        ,        ,        ,        ,        ,        ,        ,        ,      
ouimete01, 1968,     1, STL , NHL , G  ,  1.0,  0.0,   0.0,   0.0,   0.0, 0.0  ,  0.0,     ,  0.0,     ,  0.0, 0.0,   0.0,       ,      ,      ,        ,        ,        ,        ,        ,        ,        ,        ,      
ouimete01, 1974,     1, NEW , WHA , G  ,  1.0,  0.0,   0.0,   0.0,   0.0,      ,  0.0,     ,  0.0,     ,  0.0,    ,   0.0,       ,      ,      ,        ,        ,        ,        ,        ,        ,        ,        ,      
ovechal01, 2005,     1, WAS , NHL , L  , 81.0, 52.0,  54.0, 106.0,  52.0, 2.0  , 21.0, 31.0,  3.0,  0.0,  5.0,    , 425.0,       ,      ,      ,        ,        ,        ,        ,        ,        ,        ,        ,      
ovechal01, 2006,     1, WAS , NHL , L  , 82.0, 46.0,  46.0,  92.0,  52.0, -19.0, 16.0, 21.0,  0.0,  0.0,  8.0,    , 392.0,       ,      ,      ,        ,        ,        ,        ,        ,        ,        ,        ,      
ovechal01, 2007,     1, WAS , NHL , L  , 82.0, 65.0,  47.0, 112.0,  40.0, 28.0 , 22.0, 15.0,  0.0,  0.0, 11.0,    , 446.0,    7.0,   4.0,   5.0,     9.0,     0.0, -1.0   ,     1.0,     5.0,     0.0,     0.0,     2.0,    37.0
ovechal01, 2008,     1, WAS , NHL , L  , 79.0, 56.0,  54.0, 110.0,  72.0, 8.0  , 19.0, 27.0,  1.0,  0.0, 10.0,    , 528.0,   14.0,  11.0,  10.0,    21.0,     8.0, 10.0   ,     3.0,     5.0,     0.0,     0.0,     1.0,    90.0
ovechal01, 2009,     1, WAS , NHL , L  , 72.0, 50.0,  59.0, 109.0,  89.0, 45.0 , 13.0, 23.0,  0.0,  0.0,  7.0,    , 368.0,    7.0,   5.0,   5.0,    10.0,     0.0, 5.0    ,     1.0,     0.0,     0.0,     0.0,     0.0,    34.0
owchade01, 1974,     1, PIT , NHL , D  , 46.0,  6.0,  11.0,  17.0,  67.0, 12.0 ,  0.0,     ,  0.0,     ,  0.0, 0.0,  62.0,    6.0,   0.0,   1.0,     1.0,     4.0,        ,     0.0,        ,     0.0,        ,     0.0,      
owchade01, 1975,     1, PIT , NHL , D  , 54.0,  5.0,  12.0,  17.0,  19.0, 13.0 ,  1.0,     ,  0.0,     ,  0.0, 0.0,  62.0,    2.0,   0.0,   0.0,     0.0,     2.0,        ,     0.0,        ,     0.0,        ,     0.0,      
owchade01, 1976,     1, PIT , NHL , D  , 46.0,  5.0,  18.0,  23.0,  37.0, -7.0 ,  1.0,     ,  0.0,     ,  0.0, 0.0,  86.0,       ,      ,      ,        ,        ,        ,        ,        ,        ,        ,        ,      
owchade01, 1977,     1, PIT , NHL , D  , 22.0,  2.0,   8.0,  10.0,  23.0, -12.0,  0.0,     ,  0.0,     ,  0.0, 0.0,  51.0,       ,      ,      ,        ,        ,        ,        ,        ,        ,        ,        ,      
owchade01, 1977,     2, COR , NHL , D  , 60.0,  8.0,  23.0,  31.0,  25.0, -49.0,  2.0,     ,  0.0,     ,  0.0, 0.0, 120.0,    2.0,   1.0,   0.0,     1.0,     2.0,        ,     0.0,        ,     0.0,        ,     0.0,      
owchade01, 1978,     1, COR , NHL , D  , 50.0,  3.0,  13.0,  16.0,  27.0, -33.0,  1.0,     ,  0.0,     ,  0.0, 0.0,  77.0,       ,      ,      ,        ,        ,        ,        ,        ,        ,        ,        ,      
owchade01, 1979,     1, COR , NHL , D  , 10.0,  1.0,   0.0,   1.0,   2.0, -3.0 ,  0.0,     ,  0.0,     ,  0.0, 0.0,   7.0,       ,      ,      ,        ,        ,        ,        ,        ,        ,        ,        ,      
owenge01 , 1928,     1, BOS , NHL , D  , 27.0,  5.0,   4.0,   9.0,  48.0,      ,     ,     ,     ,     ,     ,    ,      ,    5.0,   0.0,   0.0,     0.0,     0.0,        ,        ,        ,        ,        ,        ,      
owenge01 , 1929,     1, BOS , NHL , D  , 42.0,  9.0,   4.0,  13.0,  31.0,      ,     ,     ,     ,     ,     ,    ,      ,    6.0,   0.0,   2.0,     2.0,     6.0,        ,        ,        ,        ,        ,        ,      
owenge01 , 1930,     1, BOS , NHL , D  , 38.0, 12.0,  13.0,  25.0,  33.0,      ,     ,     ,     ,     ,     ,    ,      ,    5.0,   2.0,   3.0,     5.0,    13.0,        ,        ,        ,        ,        ,        ,      
owenge01 , 1931,     1, BOS , NHL , D  , 42.0, 12.0,  10.0,  22.0,  29.0,      ,     ,     ,     ,     ,     ,    ,      ,       ,      ,      ,        ,        ,        ,        ,        ,        ,        ,        ,      
owenge01 , 1932,     1, BOS , NHL , D  , 34.0,  6.0,   2.0,   8.0,  10.0,      ,     ,     ,     ,     ,     ,    ,      ,    5.0,   0.0,   0.0,     0.0,     6.0,        ,        ,        ,        ,        ,        ,      
oystrna01, 2008,     1, ATL , NHL , D  , 53.0,  4.0,   8.0,  12.0,  50.0, -2.0 ,  0.0,  2.0,  0.0,  0.0,  0.0,    ,  43.0,       ,      ,      ,        ,        ,        ,        ,        ,        ,        ,        ,      
oystrna01, 2009,     1, AND , NHL , D  ,  3.0,  0.0,   0.0,   0.0,   2.0, -1.0 ,  0.0,  0.0,  0.0,  0.0,  0.0,    ,   1.0,       ,      ,      ,        ,        ,        ,        ,        ,        ,        ,        ,      
ozlizlu01, 1977,     1, CZE , WHA , D  ,  6.0,  0.0,   0.0,   0.0,   6.0,      ,  0.0,     ,  0.0,     ,  0.0,    ,      ,       ,      ,      ,        ,        ,        ,        ,        ,        ,        ,        ,      
ozolisa01, 1992,     1, SJS , NHL , D  , 37.0,  7.0,  16.0,  23.0,  40.0, -9.0 ,  2.0,  8.0,  0.0,  0.0,  0.0, 0.0,  83.0,       ,      ,      ,        ,        ,        ,        ,        ,        ,        ,        ,      
ozolisa01, 1993,     1, SJS , NHL , D  , 81.0, 26.0,  38.0,  64.0,  24.0, 16.0 ,  4.0, 13.0,  0.0,  1.0,  3.0, 0.0, 157.0,   14.0,   0.0,  10.0,    10.0,     8.0, 3.0    ,     0.0,     0.0,     0.0,     1.0,     0.0,    23.0
ozolisa01, 1994,     1, SJS , NHL , D  , 48.0,  9.0,  16.0,  25.0,  30.0, -6.0 ,  3.0,  2.0,  1.0,  0.0,  2.0, 0.0,  83.0,   11.0,   3.0,   2.0,     5.0,     6.0, -13.0  ,     1.0,     0.0,     0.0,     0.0,     0.0,    15.0
ozolisa01, 1995,     1, SJS , NHL , D  ,  7.0,  1.0,   3.0,   4.0,   4.0, 2.0  ,  1.0,  2.0,  0.0,  0.0,  0.0, 0.0,  21.0,       ,      ,      ,        ,        ,        ,        ,        ,        ,        ,        ,      
ozolisa01, 1995,     2, COL , NHL , D  , 66.0, 13.0,  37.0,  50.0,  50.0, 0.0  ,  7.0, 22.0,  1.0,  0.0,  1.0, 1.0, 145.0,   22.0,   5.0,  14.0,    19.0,    16.0, 5.0    ,     2.0,     8.0,     0.0,     0.0,     1.0,    52.0
ozolisa01, 1996,     1, COL , NHL , D  , 80.0, 23.0,  45.0,  68.0,  88.0, 4.0  , 13.0, 29.0,  0.0,  1.0,  4.0, 1.0, 232.0,   17.0,   4.0,  13.0,    17.0,    24.0, -1.0   ,     2.0,    10.0,     0.0,     0.0,     1.0,    39.0
ozolisa01, 1997,     1, COL , NHL , D  , 66.0, 13.0,  38.0,  51.0,  65.0, -12.0,  9.0, 26.0,  0.0,  0.0,  2.0, 1.0, 135.0,    7.0,   0.0,   7.0,     7.0,    14.0, -3.0   ,     0.0,     4.0,     0.0,     0.0,     0.0,    19.0
ozolisa01, 1998,     1, COL , NHL , D  , 39.0,  7.0,  25.0,  32.0,  22.0, 10.0 ,  4.0, 17.0,  0.0,  0.0,  3.0, 0.0,  81.0,   19.0,   4.0,   8.0,    12.0,    22.0, -5.0   ,     3.0,     3.0,     0.0,     0.0,     1.0,    56.0
ozolisa01, 1999,     1, COL , NHL , D  , 82.0, 16.0,  36.0,  52.0,  46.0, 17.0 ,  6.0, 17.0,  0.0,  0.0,  1.0, 0.0, 210.0,   17.0,   5.0,   5.0,    10.0,    20.0, 1.0    ,     3.0,     4.0,     0.0,     0.0,     1.0,    42.0
ozolisa01, 2000,     1, CAR , NHL , D  , 72.0, 12.0,  32.0,  44.0,  71.0, -25.0,  4.0, 15.0,  2.0,  1.0,  2.0, 0.0, 145.0,    6.0,   0.0,   2.0,     2.0,     5.0, -2.0   ,     0.0,     1.0,     0.0,     0.0,     0.0,     4.0
ozolisa01, 2001,     1, CAR , NHL , D  , 46.0,  4.0,  19.0,  23.0,  34.0, -4.0 ,  1.0,  3.0,  0.0,  0.0,  0.0, 0.0,  71.0,       ,      ,      ,        ,        ,        ,        ,        ,        ,        ,        ,      
ozolisa01, 2001,     2, FLO , NHL , D  , 37.0, 10.0,  19.0,  29.0,  24.0, -3.0 ,  2.0, 11.0,  0.0,  0.0,  1.0, 0.0, 101.0,       ,      ,      ,        ,        ,        ,        ,        ,        ,        ,        ,      
ozolisa01, 2002,     1, FLO , NHL , D  , 51.0,  7.0,  19.0,  26.0,  40.0, -16.0,  5.0, 10.0,  0.0,  0.0,  2.0, 0.0,  83.0,       ,      ,      ,        ,        ,        ,        ,        ,        ,        ,        ,      
ozolisa01, 2002,     2, ANA , NHL , D  , 31.0,  5.0,  13.0,  18.0,  16.0, 10.0 ,  1.0,  3.0,  0.0,  0.0,  1.0, 0.0,  54.0,   21.0,   2.0,   6.0,     8.0,    10.0, 8.0    ,     0.0,     2.0,     0.0,     0.0,     1.0,    39.0
ozolisa01, 2003,     1, ANA , NHL , D  , 36.0,  5.0,  11.0,  16.0,  24.0, -7.0 ,  1.0,  5.0,  0.0,  0.0,  2.0, 1.0,  58.0,       ,      ,      ,        ,        ,        ,        ,        ,        ,        ,        ,      
ozolisa01, 2005,     1, ANA , NHL , D  , 17.0,  3.0,   3.0,   6.0,   8.0, -4.0 ,  0.0,  2.0,  0.0,  0.0,  2.0,    ,  17.0,       ,      ,      ,        ,        ,        ,        ,        ,        ,        ,        ,      
ozolisa01, 2005,     2, NYR , NHL , D  , 19.0,  3.0,  11.0,  14.0,  20.0, 2.0  ,  2.0,  9.0,  0.0,  0.0,  0.0,    ,  41.0,    3.0,   0.0,   0.0,     0.0,     6.0, -3.0   ,     0.0,     0.0,     0.0,     0.0,     0.0,     9.0
ozolisa01, 2006,     1, NYR , NHL , D  , 21.0,  0.0,   3.0,   3.0,   8.0, -8.0 ,  0.0,  1.0,  0.0,  0.0,  0.0,    ,  15.0,       ,      ,      ,        ,        ,        ,        ,        ,        ,        ,        ,      
ozolisa01, 2007,     1, SJS , NHL , D  , 39.0,  3.0,  13.0,  16.0,  24.0, -11.0,  2.0,  9.0,  0.0,  0.0,  0.0,    ,  39.0,       ,      ,      ,        ,        ,        ,        ,        ,        ,        ,        ,      
pachacl01, 1976,     1, BOS , NHL , L  ,  1.0,  0.0,   0.0,   0.0,  12.0, 0.0  ,  0.0,     ,  0.0,     ,  0.0, 0.0,   0.0,       ,      ,      ,        ,        ,        ,        ,        ,        ,        ,        ,      
pachacl01, 1977,     1, BOS , NHL , C  , 10.0,  0.0,   0.0,   0.0,  14.0, -1.0 ,  0.0,     ,  0.0,     ,  0.0, 0.0,   4.0,       ,      ,      ,        ,        ,        ,        ,        ,        ,        ,        ,      
pachacl01, 1978,     1, COR , NHL , L  , 24.0,  2.0,   3.0,   5.0,  69.0, -11.0,  1.0,     ,  0.0,     ,  0.0, 0.0,  19.0,       ,      ,      ,        ,        ,        ,        ,        ,        ,        ,        ,      
pacioma01, 2008,     1, MTL , NHL , L  , 34.0,  3.0,   8.0,  11.0,  27.0, -3.0 ,  1.0,  2.0,  0.0,  0.0,  0.0,    ,  57.0,       ,      ,      ,        ,        ,        ,        ,        ,        ,        ,        ,      
pacioma01, 2009,     1, MTL , NHL , L  , 52.0,  3.0,  11.0,  14.0,  20.0, -5.0 ,  0.0,  3.0,  0.0,  0.0,  0.0,    ,  74.0,       ,      ,      ,        ,        ,        ,        ,        ,        ,        ,        ,      
paddoca01, 2008,     1, STL , NHL , C  , 16.0,  2.0,   1.0,   3.0,   0.0, -4.0 ,  0.0,  0.0,  0.0,  0.0,  0.0,    ,  17.0,       ,      ,      ,        ,        ,        ,        ,        ,        ,        ,        ,      
paddojo01, 1975,     1, WAS , NHL , R  ,  8.0,  1.0,   1.0,   2.0,  12.0, -5.0 ,  0.0,     ,  0.0,     ,  0.0, 0.0,   5.0,       ,      ,      ,        ,        ,        ,        ,        ,        ,        ,        ,      
paddojo01, 1976,     1, PHI , NHL , R  ,  5.0,  0.0,   0.0,   0.0,   9.0, 0.0  ,  0.0,     ,  0.0,     ,  0.0, 0.0,   3.0,       ,      ,      ,        ,        ,        ,        ,        ,        ,        ,        ,      
paddojo01, 1979,     1, PHI , NHL , L  , 32.0,  3.0,   7.0,  10.0,  36.0, -4.0 ,  0.0,     ,  0.0,     ,  0.0, 0.0,  29.0,    3.0,   2.0,   0.0,     2.0,     0.0,        ,     0.0,        ,     0.0,        ,     0.0,      
paddojo01, 1980,     1, QUE , NHL , R  , 32.0,  2.0,   5.0,   7.0,  25.0, -7.0 ,  0.0,     ,  0.0,     ,  0.0, 0.0,  32.0,    2.0,   0.0,   0.0,     0.0,     0.0,        ,     0.0,        ,     0.0,        ,     0.0,      
paddojo01, 1982,     1, PHI , NHL , R  , 10.0,  2.0,   1.0,   3.0,   4.0, -6.0 ,  0.0,     ,  0.0,     ,  0.0, 0.0,  14.0,       ,      ,      ,        ,        ,        ,        ,        ,        ,        ,        ,      
paekji01 , 1990,     1, PIT , NHL , D  ,  3.0,  0.0,   0.0,   0.0,   9.0, 2.0  ,  0.0,  0.0,  0.0,  0.0,  0.0, 0.0,   0.0,    8.0,   1.0,   0.0,     1.0,     2.0, 2.0    ,     0.0,     0.0,     0.0,     0.0,     0.0,     8.0
paekji01 , 1991,     1, PIT , NHL , D  , 49.0,  1.0,   7.0,   8.0,  36.0, 0.0  ,  0.0,  0.0,  0.0,  0.0,  0.0, 0.0,  33.0,   19.0,   0.0,   4.0,     4.0,     6.0, 10.0   ,     0.0,     0.0,     0.0,     1.0,     0.0,     7.0
paekji01 , 1992,     1, PIT , NHL , D  , 77.0,  3.0,  15.0,  18.0,  64.0, 13.0 ,  0.0,  0.0,  0.0,  2.0,  0.0, 0.0,  57.0,       ,      ,      ,        ,        ,        ,        ,        ,        ,        ,        ,      
paekji01 , 1993,     1, PIT , NHL , D  , 41.0,  0.0,   4.0,   4.0,   8.0, -7.0 ,  0.0,  0.0,  0.0,  0.0,  0.0, 0.0,  24.0,       ,      ,      ,        ,        ,        ,        ,        ,        ,        ,        ,      
paekji01 , 1993,     2, LAK , NHL , D  , 18.0,  1.0,   1.0,   2.0,  10.0, -1.0 ,  0.0,  0.0,  0.0,  0.0,  0.0, 0.0,  11.0,       ,      ,      ,        ,        ,        ,        ,        ,        ,        ,        ,      
paekji01 , 1994,     1, OTT , NHL , D  , 29.0,  0.0,   2.0,   2.0,  28.0, -5.0 ,  0.0,  0.0,  0.0,  0.0,  0.0, 0.0,  16.0,       ,      ,      ,        ,        ,        ,        ,        ,        ,        ,        ,      
paetsna01, 2005,     1, BUF , NHL , D  ,  1.0,  0.0,   1.0,   1.0,   0.0, -1.0 ,  0.0,  1.0,  0.0,  0.0,  0.0,    ,   0.0,    1.0,   0.0,   0.0,     0.0,     0.0, 0.0    ,     0.0,     0.0,     0.0,     0.0,     0.0,     3.0
paetsna01, 2006,     1, BUF , NHL , D  , 63.0,  2.0,  22.0,  24.0,  50.0, 10.0 ,  0.0,  9.0,  0.0,  0.0,  0.0,    ,  62.0,       ,      ,      ,        ,        ,        ,        ,        ,        ,        ,        ,      
paetsna01, 2007,     1, BUF , NHL , D  , 59.0,  2.0,   7.0,   9.0,  27.0, 3.0  ,  0.0,  3.0,  0.0,  0.0,  0.0,    ,  49.0,       ,      ,      ,        ,        ,        ,        ,        ,        ,        ,        ,      
paetsna01, 2008,     1, BUF , NHL , D  , 23.0,  2.0,   4.0,   6.0,  25.0, 3.0  ,  0.0,  1.0,  0.0,  0.0,  0.0,    ,  21.0,       ,      ,      ,        ,        ,        ,        ,        ,        ,        ,        ,      
paetsna01, 2009,     1, BUF , NHL , D  , 11.0,  1.0,   1.0,   2.0,   6.0, 2.0  ,  0.0,  0.0,  0.0,  0.0,  0.0,    ,   9.0,       ,      ,      ,        ,        ,        ,        ,        ,        ,        ,        ,      
paetsna01, 2009,     2, CBS , NHL , D  , 10.0,  0.0,   0.0,   0.0,   6.0, -5.0 ,  0.0,  0.0,  0.0,  0.0,  0.0,    ,   8.0,       ,      ,      ,        ,        ,        ,        ,        ,        ,        ,        ,      
pageapa01, 1980,     1, LAK , NHL , G  ,  1.0,  0.0,   0.0,   0.0,   0.0, 0.0  ,  0.0,     ,  0.0,     ,  0.0, 0.0,   0.0,       ,      ,      ,        ,        ,        ,        ,        ,        ,        ,        ,      
pahlssa01, 2000,     1, BOS , NHL , C  , 17.0,  1.0,   1.0,   2.0,   6.0, -5.0 ,  0.0,  0.0,  0.0,  0.0,  0.0, 0.0,  13.0,       ,      ,      ,        ,        ,        ,        ,        ,        ,        ,        ,      
pahlssa01, 2000,     2, ANA , NHL , C  , 59.0,  3.0,   4.0,   7.0,  14.0, -9.0 ,  1.0,  0.0,  1.0,  0.0,  1.0, 0.0,  46.0,       ,      ,      ,        ,        ,        ,        ,        ,        ,        ,        ,      
pahlssa01, 2001,     1, ANA , NHL , C  , 80.0,  6.0,  14.0,  20.0,  26.0, -16.0,  1.0,  2.0,  1.0,  0.0,  0.0, 0.0,  99.0,       ,      ,      ,        ,        ,        ,        ,        ,        ,        ,        ,      
pahlssa01, 2002,     1, ANA , NHL , C  , 34.0,  4.0,  11.0,  15.0,  18.0, 10.0 ,  0.0,  0.0,  1.0,  1.0,  2.0, 0.0,  28.0,   21.0,   2.0,   4.0,     6.0,    12.0, 1.0    ,     0.0,     0.0,     0.0,     0.0,     0.0,    24.0
pahlssa01, 2003,     1, ANA , NHL , C  , 82.0,  8.0,  14.0,  22.0,  52.0, -2.0 ,  1.0,  0.0,  0.0,  2.0,  2.0, 0.0, 134.0,       ,      ,      ,        ,        ,        ,        ,        ,        ,        ,        ,      
pahlssa01, 2005,     1, ANA , NHL , C  , 82.0, 11.0,  10.0,  21.0,  34.0, -1.0 ,  0.0,  1.0,  3.0,  1.0,  1.0,    , 116.0,   16.0,   2.0,   3.0,     5.0,    18.0, 2.0    ,     0.0,     1.0,     0.0,     0.0,     2.0,    22.0
pahlssa01, 2006,     1, AND , NHL , C  , 82.0,  8.0,  18.0,  26.0,  42.0, -4.0 ,  0.0,  0.0,  0.0,  0.0,  1.0,    , 111.0,   21.0,   3.0,   9.0,    12.0,    20.0, 10.0   ,     0.0,     1.0,     0.0,     0.0,     2.0,    30.0
pahlssa01, 2007,     1, AND , NHL , C  , 56.0,  6.0,   9.0,  15.0,  34.0, -2.0 ,  0.0,  1.0,  3.0,  0.0,  3.0,    ,  94.0,    6.0,   0.0,   0.0,     0.0,     0.0, 1.0    ,     0.0,     0.0,     0.0,     0.0,     0.0,     5.0
pahlssa01, 2008,     1, AND , NHL , C  , 52.0,  5.0,  10.0,  15.0,  32.0, -16.0,  1.0,  2.0,  0.0,  0.0,  1.0,    ,  74.0,       ,      ,      ,        ,        ,        ,        ,        ,        ,        ,        ,      
pahlssa01, 2008,     2, CHI , NHL , C  , 13.0,  2.0,   1.0,   3.0,   2.0, -1.0 ,  0.0,  0.0,  0.0,  0.0,  1.0,    ,  14.0,   17.0,   2.0,   3.0,     5.0,     4.0, -4.0   ,     1.0,     0.0,     0.0,     0.0,     0.0,    11.0
pahlssa01, 2009,     1, CBS , NHL , C  , 79.0,  3.0,  13.0,  16.0,  32.0, -9.0 ,  0.0,  1.0,  0.0,  2.0,  0.0,    ,  93.0,       ,      ,      ,        ,        ,        ,        ,        ,        ,        ,        ,      
paiempi01, 1972,     1, PHB , WHA , D  ,  8.0,  1.0,   0.0,   1.0,  18.0,      ,  0.0,     ,  0.0,     ,     ,    ,      ,       ,      ,      ,        ,        ,        ,        ,        ,        ,        ,        ,      
paiemro01, 1967,     1, PHI , NHL , R  ,  7.0,  1.0,   0.0,   1.0,  11.0, 1.0  ,  0.0,     ,  0.0,     ,  0.0, 0.0,  11.0,    3.0,   3.0,   0.0,     3.0,     0.0,        ,     2.0,        ,     0.0,        ,     1.0,      
paiemro01, 1968,     1, PHI , NHL , R  , 27.0,  2.0,   4.0,   6.0,  52.0, -14.0,  0.0,     ,  0.0,     ,  0.0, 0.0,  58.0,       ,      ,      ,        ,        ,        ,        ,        ,        ,        ,        ,      
paiemro01, 1969,     1, PHI , NHL , R  ,  9.0,  1.0,   1.0,   2.0,  11.0, -4.0 ,  0.0,     ,  0.0,     ,  0.0, 0.0,  29.0,       ,      ,      ,        ,        ,        ,        ,        ,        ,        ,        ,      
paiemro01, 1970,     1, VAN , NHL , R  , 78.0, 34.0,  28.0,  62.0, 152.0, 12.0 ,  4.0,     ,  1.0,     ,  4.0, 0.0, 249.0,       ,      ,      ,        ,        ,        ,        ,        ,        ,        ,        ,      
paiemro01, 1971,     1, VAN , NHL , R  , 69.0, 10.0,  19.0,  29.0, 117.0, -37.0,  1.0,     ,  0.0,     ,  1.0, 0.0, 177.0,       ,      ,      ,        ,        ,        ,        ,        ,        ,        ,        ,      
paiemro01, 1972,     1, CHC , WHA , R  , 78.0, 33.0,  36.0,  69.0, 135.0,      ,  5.0,     ,  0.0,     ,  4.0,    ,      ,       ,      ,      ,        ,        ,        ,        ,        ,        ,        ,        ,      
paiemro01, 1973,     1, CHC , WHA , R  , 78.0, 30.0,  43.0,  73.0,  87.0,      ,  7.0,     ,  0.0,     ,  3.0,    ,      ,   18.0,   9.0,   6.0,    15.0,    16.0,        ,        ,        ,        ,        ,     2.0,      
paiemro01, 1974,     1, CHC , WHA , R  , 78.0, 26.0,  48.0,  74.0,  97.0, 0.0  ,  3.0,     ,  0.0,     ,     ,    , 256.0,       ,      ,      ,        ,        ,        ,        ,        ,        ,        ,        ,      
paiemro01, 1975,     1, NEW , WHA , C  , 80.0, 28.0,  43.0,  71.0,  89.0, -6.0 ,  4.0,     ,  1.0,     ,  2.0,    , 200.0,   17.0,   4.0,  11.0,    15.0,    41.0, 3.0    ,        ,        ,        ,        ,        ,      
paiemro01, 1976,     1, NEW , WHA , C  , 13.0,  5.0,   2.0,   7.0,  12.0, 2.0  ,  1.0,     ,  0.0,     ,     ,    ,  32.0,       ,      ,      ,        ,        ,        ,        ,        ,        ,        ,        ,      
paiemro01, 1976,     2, IND , WHA , C  , 67.0, 18.0,  25.0,  43.0,  91.0, -3.0 ,  2.0,     ,  0.0,     ,     ,    , 144.0,    9.0,   0.0,   5.0,     5.0,    15.0, -3.0   ,     0.0,        ,     0.0,        ,     0.0,      
paiemro01, 1977,     1, IND , WHA , R  , 61.0,  6.0,  24.0,  30.0,  81.0, -13.0,  1.0,     ,  0.0,     ,     ,    ,  84.0,       ,      ,      ,        ,        ,        ,        ,        ,        ,        ,        ,      
paiemwi01, 1974,     1, KCS , NHL , R  , 78.0, 26.0,  13.0,  39.0, 101.0, -42.0,  6.0,     ,  0.0,     ,  3.0, 1.0, 195.0,       ,      ,      ,        ,        ,        ,        ,        ,        ,        ,        ,      
paiemwi01, 1975,     1, KCS , NHL , R  , 57.0, 21.0,  22.0,  43.0, 121.0, -37.0,  4.0,     ,  0.0,     ,  3.0, 1.0, 178.0,       ,      ,      ,        ,        ,        ,        ,        ,        ,        ,        ,      
paiemwi01, 1976,     1, COR , NHL , R  , 78.0, 41.0,  40.0,  81.0, 101.0, -13.0,  9.0,     ,  5.0,     ,  2.0, 4.0, 287.0,       ,      ,      ,        ,        ,        ,        ,        ,        ,        ,        ,      
paiemwi01, 1977,     1, COR , NHL , R  , 80.0, 31.0,  56.0,  87.0, 114.0, -14.0,  7.0,     ,  2.0,     ,  1.0, 2.0, 287.0,    2.0,   0.0,   0.0,     0.0,     7.0,        ,     0.0,        ,     0.0,        ,     0.0,      
paiemwi01, 1978,     1, COR , NHL , R  , 65.0, 24.0,  36.0,  60.0,  80.0, -30.0,  5.0,     ,  0.0,     ,  1.0, 1.0, 206.0,       ,      ,      ,        ,        ,        ,        ,        ,        ,        ,        ,      
paiemwi01, 1979,     1, COR , NHL , R  , 34.0, 10.0,  16.0,  26.0,  41.0, -6.0 ,  2.0,     ,  2.0,     ,  1.0, 0.0, 111.0,       ,      ,      ,        ,        ,        ,        ,        ,        ,        ,        ,      
paiemwi01, 1979,     2, TOR , NHL , R  , 41.0, 20.0,  28.0,  48.0,  72.0, 1.0  ,  8.0,     ,  0.0,     ,  2.0, 0.0, 159.0,    3.0,   0.0,   2.0,     2.0,    17.0,        ,     0.0,        ,     0.0,        ,     0.0,      
paiemwi01, 1980,     1, TOR , NHL , R  , 77.0, 40.0,  57.0,  97.0, 145.0, -7.0 , 13.0,     ,  3.0,     ,  2.0, 2.0, 302.0,    3.0,   0.0,   0.0,     0.0,     2.0,        ,     0.0,        ,     0.0,        ,     0.0,      
paiemwi01, 1981,     1, TOR , NHL , R  , 69.0, 18.0,  40.0,  58.0, 203.0, -21.0,  6.0,     ,  1.0,     ,  1.0, 2.0, 186.0,       ,      ,      ,        ,        ,        ,        ,        ,        ,        ,        ,      
paiemwi01, 1981,     2, QUE , NHL , R  ,  8.0,  7.0,   6.0,  13.0,  18.0, -1.0 ,  3.0,     ,  2.0,     ,  1.0, 0.0,  24.0,   14.0,   6.0,   6.0,    12.0,    28.0,        ,     1.0,        ,     0.0,        ,     1.0,      
paiemwi01, 1982,     1, QUE , NHL , R  , 80.0, 26.0,  38.0,  64.0, 170.0, -10.0,  6.0,     ,  0.0,     ,  2.0, 1.0, 191.0,    4.0,   0.0,   1.0,     1.0,     4.0,        ,     0.0,        ,     0.0,        ,     0.0,      
paiemwi01, 1983,     1, QUE , NHL , R  , 80.0, 39.0,  37.0,  76.0, 121.0, 28.0 ,  8.0,     ,  3.0,     ,  3.0, 0.0, 207.0,    9.0,   3.0,   1.0,     4.0,    24.0, -4.0   ,     0.0,        ,     0.0,        ,     0.0,    17.0
paiemwi01, 1984,     1, QUE , NHL , R  , 68.0, 23.0,  28.0,  51.0, 165.0, 12.0 ,  2.0,     ,  1.0,     ,  4.0, 0.0, 156.0,   18.0,   4.0,   2.0,     6.0,    58.0, -4.0   ,     0.0,        ,     0.0,        ,     0.0,    40.0
paiemwi01, 1985,     1, QUE , NHL , R  , 44.0,  7.0,  12.0,  19.0, 145.0, 0.0  ,  2.0,     ,  0.0,     ,  0.0, 1.0,  75.0,       ,      ,      ,        ,        ,        ,        ,        ,        ,        ,        ,      
paiemwi01, 1985,     2, NYR , NHL , R  ,  8.0,  1.0,   6.0,   7.0,  13.0, 2.0  ,  0.0,     ,  0.0,     ,  0.0, 0.0,  14.0,   16.0,   5.0,   5.0,    10.0,    45.0, 2.0    ,     4.0,        ,     0.0,        ,     0.0,    31.0
paiemwi01, 1986,     1, BUF , NHL , R  , 56.0, 20.0,  17.0,  37.0, 108.0, 2.0  ,  2.0,     ,  0.0,     ,  3.0, 0.0, 117.0,       ,      ,      ,        ,        ,        ,        ,        ,        ,        ,        ,      
paiemwi01, 1987,     1, PIT , NHL , R  , 23.0,  2.0,   6.0,   8.0,  39.0, -4.0 ,  0.0,  0.0,  0.0,  0.0,  0.0, 1.0,  25.0,       ,      ,      ,        ,        ,        ,        ,        ,        ,        ,        ,      
paillda01, 2005,     1, BUF , NHL , L  , 14.0,  1.0,   2.0,   3.0,   2.0, 5.0  ,  0.0,  0.0,  0.0,  0.0,  0.0,    ,  15.0,       ,      ,      ,        ,        ,        ,        ,        ,        ,        ,        ,      
paillda01, 2006,     1, BUF , NHL , L  , 29.0,  3.0,   8.0,  11.0,  18.0, 5.0  ,  0.0,  0.0,  0.0,  1.0,  0.0,    ,  45.0,    1.0,   0.0,   0.0,     0.0,     0.0, 0.0    ,     0.0,     0.0,     0.0,     0.0,     0.0,     1.0
paillda01, 2007,     1, BUF , NHL , L  , 77.0, 19.0,  16.0,  35.0,  14.0, 9.0  ,  0.0,  0.0,  3.0,  0.0,  2.0,    , 110.0,       ,      ,      ,        ,        ,        ,        ,        ,        ,        ,        ,      
paillda01, 2008,     1, BUF , NHL , L  , 73.0, 12.0,  15.0,  27.0,  20.0, 0.0  ,  0.0,  0.0,  0.0,  2.0,  2.0,    ,  80.0,       ,      ,      ,        ,        ,        ,        ,        ,        ,        ,        ,      
paillda01, 2009,     1, BUF , NHL , L  ,  2.0,  0.0,   1.0,   1.0,   0.0, 1.0  ,  0.0,  0.0,  0.0,  0.0,  0.0,    ,   2.0,       ,      ,      ,        ,        ,        ,        ,        ,        ,        ,        ,      
paillda01, 2009,     2, BOS , NHL , L  , 74.0, 10.0,   9.0,  19.0,  12.0, -4.0 ,  0.0,  0.0,  1.0,  1.0,  0.0,    , 118.0,   13.0,   0.0,   2.0,     2.0,     2.0, -2.0   ,     0.0,     0.0,     0.0,     0.0,     0.0,    21.0
paillma01, 1957,     1, NYR , NHL , G  , 33.0,  0.0,   0.0,   0.0,   0.0,      ,     ,     ,     ,     ,     ,    ,      ,       ,      ,      ,        ,        ,        ,        ,        ,        ,        ,        ,      
paillma01, 1958,     1, NYR , NHL , G  ,  1.0,  0.0,   0.0,   0.0,   0.0,      ,     ,     ,     ,     ,     ,    ,      ,       ,      ,      ,        ,        ,        ,        ,        ,        ,        ,        ,      
paillma01, 1959,     1, NYR , NHL , G  , 17.0,  0.0,   0.0,   0.0,   0.0,      ,     ,     ,     ,     ,     ,    ,      ,       ,      ,      ,        ,        ,        ,        ,        ,        ,        ,        ,      
paillma01, 1960,     1, NYR , NHL , G  ,  4.0,  0.0,   0.0,   0.0,   0.0,      ,     ,     ,     ,     ,     ,    ,      ,       ,      ,      ,        ,        ,        ,        ,        ,        ,        ,        ,      
paillma01, 1961,     1, NYR , NHL , G  , 10.0,  0.0,   0.0,   0.0,   0.0,      ,     ,     ,     ,     ,     ,    ,      ,       ,      ,      ,        ,        ,        ,        ,        ,        ,        ,        ,      
paillma01, 1962,     1, NYR , NHL , G  ,  3.0,  0.0,   0.0,   0.0,   0.0,      ,     ,     ,     ,     ,     ,    ,      ,       ,      ,      ,        ,        ,        ,        ,        ,        ,        ,        ,      
paillma01, 1964,     1, NYR , NHL , G  , 39.0,  0.0,   1.0,   1.0,   2.0,      ,  0.0,     ,  0.0,     ,  0.0, 0.0,      ,       ,      ,      ,        ,        ,        ,        ,        ,        ,        ,        ,      
paillma01, 1972,     1, PHB , WHA , G  , 15.0,  0.0,   0.0,   0.0,   0.0,      ,  0.0,     ,  0.0,     ,     ,    ,      ,    1.0,   0.0,   0.0,     0.0,     0.0,        ,     0.0,        ,     0.0,        ,     0.0,      
palanpe01, 1926,     1, MTL , NHL , L  ,  6.0,  0.0,   0.0,   0.0,   0.0,      ,     ,     ,     ,     ,     ,    ,      ,    4.0,   0.0,   0.0,     0.0,     0.0,        ,        ,        ,        ,        ,        ,      
palanpe01, 1927,     1, DTC , NHL , L  , 14.0,  3.0,   0.0,   3.0,   8.0,      ,     ,     ,     ,     ,     ,    ,      ,       ,      ,      ,        ,        ,        ,        ,        ,        ,        ,        ,      
palanpe01, 1928,     1, MTL , NHL , L  ,  2.0,  0.0,   0.0,   0.0,   0.0,      ,     ,     ,     ,     ,     ,    ,      ,       ,      ,      ,        ,        ,        ,        ,        ,        ,        ,        ,      
palanpe01, 1936,     1, CHI , NHL , L  , 30.0,  8.0,   9.0,  17.0,  16.0,      ,     ,     ,     ,     ,     ,    ,      ,       ,      ,      ,        ,        ,        ,        ,        ,        ,        ,        ,      
palanpe01, 1937,     1, CHI , NHL , L  , 19.0,  2.0,   1.0,   3.0,   4.0,      ,     ,     ,     ,     ,     ,    ,      ,    3.0,   0.0,   0.0,     0.0,     0.0,        ,        ,        ,        ,        ,        ,      
palazal01, 1943,     1, BOS , NHL , R  , 24.0,  6.0,   3.0,   9.0,   4.0,      ,     ,     ,     ,     ,     ,    ,      ,       ,      ,      ,        ,        ,        ,        ,        ,        ,        ,        ,      
palazal01, 1943,     2, NYR , NHL , R  , 11.0,  2.0,   0.0,   2.0,   0.0,      ,     ,     ,     ,     ,     ,    ,      ,       ,      ,      ,        ,        ,        ,        ,        ,        ,        ,        ,      
palazdo01, 1974,     1, STL , NHL , L  , 73.0, 14.0,  17.0,  31.0,  19.0, 8.0  ,  0.0,     ,  1.0,     ,  1.0, 2.0, 110.0,    2.0,   0.0,   0.0,     0.0,     0.0,        ,     0.0,        ,     0.0,        ,     0.0,      
palazdo01, 1976,     1, STL , NHL , C  , 12.0,  1.0,   0.0,   1.0,   0.0, -3.0 ,  0.0,     ,  0.0,     ,  0.0, 0.0,  11.0,       ,      ,      ,        ,        ,        ,        ,        ,        ,        ,        ,      
palazdo01, 1977,     1, STL , NHL , C  ,  3.0,  1.0,   0.0,   1.0,   0.0, -2.0 ,  0.0,     ,  0.0,     ,  0.0, 0.0,   3.0,       ,      ,      ,        ,        ,        ,        ,        ,        ,        ,        ,      
palazdo01, 1978,     1, STL , NHL , C  , 20.0,  2.0,   3.0,   5.0,   4.0, -5.0 ,  0.0,     ,  0.0,     ,  0.0, 0.0,  16.0,       ,      ,      ,        ,        ,        ,        ,        ,        ,        ,        ,      
palffzi01, 1993,     1, NYI , NHL , L  ,  5.0,  0.0,   0.0,   0.0,   0.0, -6.0 ,  0.0,  0.0,  0.0,  0.0,  0.0, 0.0,   5.0,       ,      ,      ,        ,        ,        ,        ,        ,        ,        ,        ,      
palffzi01, 1994,     1, NYI , NHL , L  , 33.0, 10.0,   7.0,  17.0,   6.0, 3.0  ,  1.0,  2.0,  0.0,  0.0,  1.0, 0.0,  75.0,       ,      ,      ,        ,        ,        ,        ,        ,        ,        ,        ,      
palffzi01, 1995,     1, NYI , NHL , R  , 81.0, 43.0,  44.0,  87.0,  56.0, -17.0, 17.0, 22.0,  1.0,  1.0,  6.0, 0.0, 257.0,       ,      ,      ,        ,        ,        ,        ,        ,        ,        ,        ,      
palffzi01, 1996,     1, NYI , NHL , R  , 80.0, 48.0,  42.0,  90.0,  43.0, 21.0 ,  6.0, 15.0,  4.0,  2.0,  6.0, 1.0, 292.0,       ,      ,      ,        ,        ,        ,        ,        ,        ,        ,        ,      
palffzi01, 1997,     1, NYI , NHL , R  , 82.0, 45.0,  42.0,  87.0,  34.0, -2.0 , 17.0, 18.0,  2.0,  2.0,  5.0, 1.0, 277.0,       ,      ,      ,        ,        ,        ,        ,        ,        ,        ,        ,      
palffzi01, 1998,     1, NYI , NHL , R  , 50.0, 22.0,  28.0,  50.0,  34.0, -6.0 ,  5.0, 10.0,  2.0,  0.0,  1.0, 0.0, 168.0,       ,      ,      ,        ,        ,        ,        ,        ,        ,        ,        ,      
palffzi01, 1999,     1, LAK , NHL , R  , 64.0, 27.0,  39.0,  66.0,  32.0, 18.0 ,  4.0, 17.0,  0.0,  0.0,  3.0, 1.0, 186.0,    4.0,   2.0,   0.0,     2.0,     0.0, 0.0    ,     0.0,     0.0,     0.0,     0.0,     0.0,     8.0
palffzi01, 2000,     1, LAK , NHL , R  , 73.0, 38.0,  51.0,  89.0,  20.0, 22.0 , 12.0, 28.0,  4.0,  0.0,  8.0, 0.0, 217.0,   13.0,   3.0,   5.0,     8.0,     8.0, 0.0    ,     0.0,     2.0,     0.0,     0.0,     0.0,    37.0
palffzi01, 2001,     1, LAK , NHL , R  , 63.0, 32.0,  27.0,  59.0,  26.0, 5.0  , 15.0, 12.0,  1.0,  0.0,  6.0, 1.0, 161.0,    7.0,   4.0,   5.0,     9.0,     0.0, 4.0    ,     0.0,     0.0,     0.0,     0.0,     0.0,    23.0
palffzi01, 2002,     1, LAK , NHL , R  , 76.0, 37.0,  48.0,  85.0,  47.0, 22.0 , 10.0, 17.0,  2.0,  1.0,  5.0, 0.0, 277.0,       ,      ,      ,        ,        ,        ,        ,        ,        ,        ,        ,      
palffzi01, 2003,     1, LAK , NHL , R  , 35.0, 16.0,  25.0,  41.0,  12.0, 18.0 ,  3.0, 14.0,  3.0,  1.0,  2.0, 0.0, 109.0,       ,      ,      ,        ,        ,        ,        ,        ,        ,        ,        ,      
palffzi01, 2005,     1, PIT , NHL , R  , 42.0, 11.0,  31.0,  42.0,  12.0, 5.0  ,  2.0,  9.0,  0.0,  0.0,  2.0,    , 112.0,       ,      ,      ,        ,        ,        ,        ,        ,        ,        ,        ,      
palmami01, 1976,     1, TOR , NHL , G  , 50.0,  0.0,   2.0,   2.0,   8.0, 0.0  ,  0.0,     ,  0.0,     ,  0.0, 0.0,   0.0,    6.0,   0.0,   0.0,     0.0,     0.0,        ,     0.0,        ,     0.0,        ,     0.0,      
palmami01, 1977,     1, TOR , NHL , G  , 63.0,  0.0,   1.0,   1.0,  12.0, 0.0  ,  0.0,     ,  0.0,     ,  0.0, 0.0,   0.0,   13.0,   0.0,   0.0,     0.0,     7.0,        ,     0.0,        ,     0.0,        ,     0.0,      
palmami01, 1978,     1, TOR , NHL , G  , 58.0,  0.0,   5.0,   5.0,  24.0, 0.0  ,  0.0,     ,  0.0,     ,  0.0, 0.0,   0.0,    5.0,   0.0,   0.0,     0.0,     6.0,        ,     0.0,        ,     0.0,        ,     0.0,      
palmami01, 1979,     1, TOR , NHL , G  , 38.0,  0.0,   3.0,   3.0,   6.0, 0.0  ,  0.0,     ,  0.0,     ,  0.0, 0.0,   0.0,    1.0,   0.0,   0.0,     0.0,     2.0,        ,     0.0,        ,     0.0,        ,     0.0,      
palmami01, 1980,     1, WAS , NHL , G  , 49.0,  0.0,   8.0,   8.0,  17.0, 0.0  ,  0.0,     ,  0.0,     ,  0.0, 0.0,   0.0,       ,      ,      ,        ,        ,        ,        ,        ,        ,        ,        ,      
palmami01, 1981,     1, WAS , NHL , G  , 11.0,  0.0,   1.0,   1.0,   6.0, 0.0  ,  0.0,     ,  0.0,     ,  0.0, 0.0,   0.0,       ,      ,      ,        ,        ,        ,        ,        ,        ,        ,        ,      
palmami01, 1982,     1, TOR , NHL , G  , 53.0,  0.0,   3.0,   3.0,  17.0, 0.0  ,  0.0,     ,  0.0,     ,  0.0, 0.0,   0.0,    4.0,   0.0,   0.0,     0.0,     2.0,        ,     0.0,        ,     0.0,        ,     0.0,      
palmami01, 1983,     1, TOR , NHL , G  , 34.0,  0.0,   2.0,   2.0,  28.0, 0.0  ,  0.0,     ,  0.0,     ,  0.0, 0.0,   0.0,       ,      ,      ,        ,        ,        ,        ,        ,        ,        ,        ,      
palmebr01, 1980,     1, MNS , NHL , L  , 23.0,  4.0,   4.0,   8.0,  22.0, -6.0 ,  0.0,     ,  0.0,     ,  0.0, 0.0,  59.0,   19.0,   8.0,   5.0,    13.0,     4.0,        ,     1.0,        ,     2.0,        ,     1.0,      
palmebr01, 1981,     1, MNS , NHL , L  , 72.0, 22.0,  23.0,  45.0,  18.0, -13.0,  7.0,     ,  0.0,     ,  3.0, 0.0, 180.0,    3.0,   0.0,   0.0,     0.0,    12.0,        ,     0.0,        ,     0.0,        ,     0.0,      
palmebr01, 1982,     1, BOS , NHL , L  , 73.0,  6.0,  11.0,  17.0,  18.0, -7.0 ,  0.0,     ,  0.0,     ,  0.0, 0.0, 123.0,    7.0,   1.0,   0.0,     1.0,     0.0,        ,     0.0,        ,     1.0,        ,     1.0,      
palmero01, 1973,     1, CHI , NHL , C  ,  1.0,  0.0,   0.0,   0.0,   0.0, 0.0  ,  0.0,     ,  0.0,     ,  0.0, 0.0,   0.0,       ,      ,      ,        ,        ,        ,        ,        ,        ,        ,        ,      
palmero01, 1974,     1, CHI , NHL , C  , 13.0,  0.0,   2.0,   2.0,   2.0, 1.0  ,  0.0,     ,  0.0,     ,  0.0, 0.0,   8.0,       ,      ,      ,        ,        ,        ,        ,        ,        ,        ,        ,      
palmero01, 1975,     1, CHI , NHL , C  ,  2.0,  0.0,   1.0,   1.0,   0.0, 1.0  ,  0.0,     ,  0.0,     ,  0.0, 0.0,   0.0,       ,      ,      ,        ,        ,        ,        ,        ,        ,        ,        ,      
palmero02, 1977,     1, LAK , NHL , D  , 48.0,  0.0,   3.0,   3.0,  27.0, -8.0 ,  0.0,     ,  0.0,     ,  0.0, 0.0,  38.0,    2.0,   0.0,   0.0,     0.0,     0.0,        ,     0.0,        ,     0.0,        ,     0.0,      
palmero02, 1978,     1, LAK , NHL , D  , 78.0,  4.0,  41.0,  45.0,  26.0, -13.0,  2.0,     ,  1.0,     ,  0.0, 0.0, 130.0,    2.0,   0.0,   0.0,     0.0,     2.0,        ,     0.0,        ,     0.0,        ,     0.0,      
palmero02, 1979,     1, LAK , NHL , D  , 78.0,  4.0,  36.0,  40.0,  18.0, 29.0 ,  1.0,     ,  0.0,     ,  0.0, 0.0, 110.0,    4.0,   1.0,   2.0,     3.0,     4.0,        ,     0.0,        ,     0.0,        ,     0.0,      
palmero02, 1980,     1, LAK , NHL , D  , 13.0,  0.0,   4.0,   4.0,  13.0, 5.0  ,  0.0,     ,  0.0,     ,  0.0, 0.0,  11.0,       ,      ,      ,        ,        ,        ,        ,        ,        ,        ,        ,      
palmero02, 1981,     1, LAK , NHL , D  ,  5.0,  0.0,   2.0,   2.0,   0.0, 1.0  ,  0.0,     ,  0.0,     ,  0.0, 0.0,   2.0,       ,      ,      ,        ,        ,        ,        ,        ,        ,        ,        ,      
palmero02, 1982,     1, NJD , NHL , D  , 60.0,  1.0,  10.0,  11.0,  21.0, -6.0 ,  0.0,     ,  0.0,     ,  0.0, 0.0,  81.0,       ,      ,      ,        ,        ,        ,        ,        ,        ,        ,        ,      
palmero02, 1983,     1, NJD , NHL , D  , 38.0,  0.0,   5.0,   5.0,  10.0, -10.0,  0.0,     ,  0.0,     ,  0.0, 0.0,  18.0,       ,      ,      ,        ,        ,        ,        ,        ,        ,        ,        ,      
palmini01, 2009,     1, NJD , NHL , R  ,  6.0,  0.0,   1.0,   1.0,   0.0, 0.0  ,  0.0,  0.0,  0.0,  0.0,  0.0,    ,  10.0,       ,      ,      ,        ,        ,        ,        ,        ,        ,        ,        ,      
panaged01, 1955,     1, BOS , NHL , L  , 28.0,  0.0,   3.0,   3.0,  38.0,      ,     ,     ,     ,     ,     ,    ,      ,       ,      ,      ,        ,        ,        ,        ,        ,        ,        ,        ,      
panaged01, 1956,     1, BOS , NHL , L  ,  1.0,  0.0,   0.0,   0.0,   0.0,      ,     ,     ,     ,     ,     ,    ,      ,       ,      ,      ,        ,        ,        ,        ,        ,        ,        ,        ,      
pandoja01, 1996,     1, NJD , NHL , L  , 46.0,  6.0,   8.0,  14.0,   6.0, -1.0 ,  0.0,  0.0,  0.0,  0.0,  1.0, 2.0,  61.0,    6.0,   0.0,   1.0,     1.0,     0.0, -2.0   ,     0.0,     0.0,     0.0,     0.0,     0.0,    11.0
pandoja01, 1997,     1, NJD , NHL , L  , 23.0,  1.0,   3.0,   4.0,   4.0, -4.0 ,  0.0,  0.0,  0.0,  0.0,  0.0, 0.0,  23.0,    3.0,   0.0,   2.0,     2.0,     0.0, 0.0    ,     0.0,     0.0,     0.0,     0.0,     0.0,     1.0
pandoja01, 1998,     1, NJD , NHL , L  , 70.0, 14.0,  13.0,  27.0,  10.0, 3.0  ,  1.0,  1.0,  1.0,  0.0,  4.0, 0.0, 100.0,    7.0,   1.0,   0.0,     1.0,     0.0, -5.0   ,     0.0,     0.0,     0.0,     0.0,     0.0,    10.0
pandoja01, 1999,     1, NJD , NHL , L  , 71.0,  7.0,   8.0,  15.0,   4.0, 0.0  ,  0.0,  0.0,  0.0,  0.0,  0.0, 0.0,  86.0,   23.0,   0.0,   5.0,     5.0,     0.0, 3.0    ,     0.0,     0.0,     0.0,     1.0,     0.0,    28.0
pandoja01, 2000,     1, NJD , NHL , L  , 63.0,  4.0,  12.0,  16.0,  16.0, 3.0  ,  0.0,  0.0,  0.0,  0.0,  0.0, 0.0,  57.0,   25.0,   1.0,   4.0,     5.0,     4.0, -1.0   ,     0.0,     0.0,     0.0,     0.0,     0.0,    19.0
pandoja01, 2001,     1, NJD , NHL , R  , 65.0,  4.0,  10.0,  14.0,  15.0, 12.0 ,  0.0,  0.0,  1.0,  0.0,  0.0, 0.0,  72.0,    6.0,   0.0,   0.0,     0.0,     0.0, 0.0    ,     0.0,     0.0,     0.0,     0.0,     0.0,     6.0
pandoja01, 2002,     1, NJD , NHL , L  , 68.0,  6.0,  11.0,  17.0,  23.0, 12.0 ,  0.0,  0.0,  1.0,  0.0,  4.0, 0.0,  92.0,   24.0,   6.0,   6.0,    12.0,     2.0, 9.0    ,     0.0,     0.0,     0.0,     1.0,     1.0,    38.0
pandoja01, 2003,     1, NJD , NHL , L  , 82.0, 13.0,  13.0,  26.0,  14.0, 5.0  ,  1.0,  0.0,  2.0,  0.0,  4.0, 1.0, 140.0,    5.0,   0.0,   0.0,     0.0,     0.0, 0.0    ,     0.0,     0.0,     0.0,     0.0,     0.0,     4.0
pandoja01, 2005,     1, NJD , NHL , R  , 82.0, 10.0,  10.0,  20.0,  16.0, 2.0  ,  0.0,  1.0,  0.0,  0.0,  0.0,    , 116.0,    9.0,   1.0,   4.0,     5.0,     0.0, 1.0    ,     0.0,     0.0,     1.0,     2.0,     1.0,     4.0
pandoja01, 2006,     1, NJD , NHL , L  , 82.0, 13.0,  14.0,  27.0,   8.0, -5.0 ,  0.0,  0.0,  1.0,  1.0,  1.0,    , 109.0,   11.0,   1.0,   0.0,     1.0,     4.0, -8.0   ,     0.0,     0.0,     0.0,     0.0,     0.0,    10.0
pandoja01, 2007,     1, NJD , NHL , L  , 54.0, 12.0,  12.0,  24.0,  22.0, 10.0 ,  0.0,  0.0,  0.0,  0.0,  1.0,    ,  78.0,    5.0,   0.0,   0.0,     0.0,     2.0, -2.0   ,     0.0,     0.0,     0.0,     0.0,     0.0,    13.0
pandoja01, 2008,     1, NJD , NHL , L  , 61.0,  5.0,   5.0,  10.0,  10.0, -12.0,  0.0,  0.0,  1.0,  0.0,  1.0,    ,  63.0,    7.0,   1.0,   0.0,     1.0,     0.0, -2.0   ,     0.0,     0.0,     0.0,     0.0,     0.0,     8.0
pandoja01, 2009,     1, NJD , NHL , L  , 52.0,  4.0,   5.0,   9.0,   6.0, -10.0,  0.0,  0.0,  0.0,  0.0,  3.0,    ,  71.0,       ,      ,      ,        ,        ,        ,        ,        ,        ,        ,        ,      
pandomi01, 2003,     1, CBS , NHL , L  ,  3.0,  0.0,   0.0,   0.0,   0.0, -2.0 ,  0.0,  0.0,  0.0,  0.0,  0.0, 0.0,   3.0,       ,      ,      ,        ,        ,        ,        ,        ,        ,        ,        ,      
pangda01 , 1984,     1, CHI , NHL , G  ,  1.0,  0.0,   0.0,   0.0,   0.0, 0.0  ,  0.0,     ,  0.0,     ,  0.0, 0.0,   0.0,       ,      ,      ,        ,        ,        ,        ,        ,        ,        ,        ,      
pangda01 , 1987,     1, CHI , NHL , G  , 45.0,  0.0,   6.0,   6.0,   2.0, 0.0  ,  0.0,     ,  0.0,     ,  0.0, 0.0,   0.0,    4.0,   0.0,   0.0,     0.0,     2.0, 0.0    ,     0.0,     0.0,     0.0,     0.0,     0.0,     0.0
pangda01 , 1988,     1, CHI , NHL , G  , 35.0,  0.0,   3.0,   3.0,   4.0, 0.0  ,  0.0,     ,  0.0,     ,  0.0, 0.0,   0.0,    2.0,   0.0,   0.0,     0.0,     0.0, 0.0    ,     0.0,     0.0,     0.0,     0.0,     0.0,     0.0
pankegr01, 1993,     1, OTT , NHL , R  ,  3.0,  0.0,   0.0,   0.0,   2.0, -1.0 ,  0.0,  0.0,  0.0,  0.0,  0.0, 0.0,   3.0,       ,      ,      ,        ,        ,        ,        ,        ,        ,        ,        ,      
pankegr01, 1998,     1, CAL , NHL , R  , 18.0,  0.0,   3.0,   3.0,  20.0, 0.0  ,  0.0,  0.0,  0.0,  0.0,  0.0, 0.0,  10.0,       ,      ,      ,        ,        ,        ,        ,        ,        ,        ,        ,      
pantegr01, 1992,     1, BOS , NHL , L  , 39.0,  8.0,   6.0,  14.0,  12.0, -6.0 ,  2.0,  1.0,  0.0,  0.0,  1.0, 0.0,  45.0,       ,      ,      ,        ,        ,        ,        ,        ,        ,        ,        ,      
pantegr01, 1993,     1, BOS , NHL , L  , 10.0,  0.0,   0.0,   0.0,   0.0, -2.0 ,  0.0,  0.0,  0.0,  0.0,  0.0, 0.0,   8.0,       ,      ,      ,        ,        ,        ,        ,        ,        ,        ,        ,      
pantegr01, 1994,     1, BOS , NHL , L  ,  1.0,  0.0,   0.0,   0.0,   0.0, 0.0  ,  0.0,  0.0,  0.0,  0.0,  0.0, 0.0,   0.0,       ,      ,      ,        ,        ,        ,        ,        ,        ,        ,        ,      
pantegr01, 1995,     1, NYI , NHL , L  ,  4.0,  0.0,   0.0,   0.0,   0.0, -3.0 ,  0.0,  0.0,  0.0,  0.0,  0.0, 0.0,   1.0,       ,      ,      ,        ,        ,        ,        ,        ,        ,        ,        ,      
papikjo01, 1940,     1, CHI , NHL , R  ,  9.0,  2.0,   2.0,   4.0,   2.0,      ,     ,     ,     ,     ,     ,    ,      ,    5.0,   0.0,   2.0,     2.0,     0.0,        ,        ,        ,        ,        ,        ,      
papikjo01, 1941,     1, CHI , NHL , R  ,  9.0,  1.0,   0.0,   1.0,   0.0,      ,     ,     ,     ,     ,     ,    ,      ,       ,      ,      ,        ,        ,        ,        ,        ,        ,        ,        ,      
papikjo01, 1944,     1, CHI , NHL , R  ,  2.0,  0.0,   1.0,   1.0,   2.0,      ,     ,     ,     ,     ,     ,    ,      ,       ,      ,      ,        ,        ,        ,        ,        ,        ,        ,        ,      
papinju01, 2001,     1, STL , NHL , C  ,  1.0,  0.0,   0.0,   0.0,   0.0, -2.0 ,  0.0,  0.0,  0.0,  0.0,  0.0, 0.0,   0.0,       ,      ,      ,        ,        ,        ,        ,        ,        ,        ,        ,      
papinju01, 2002,     1, STL , NHL , C  , 11.0,  2.0,   1.0,   3.0,   0.0, -1.0 ,  0.0,  0.0,  0.0,  0.0,  1.0, 0.0,  15.0,       ,      ,      ,        ,        ,        ,        ,        ,        ,        ,        ,      
papinju01, 2002,     2, NYI , NHL , C  ,  5.0,  1.0,   2.0,   3.0,   4.0, 1.0  ,  0.0,  0.0,  0.0,  0.0,  1.0, 0.0,   8.0,    1.0,   0.0,   0.0,     0.0,     0.0, 0.0    ,     0.0,     0.0,     0.0,     0.0,     0.0,     0.0
papinju01, 2003,     1, NYI , NHL , C  , 64.0,  8.0,   5.0,  13.0,   8.0, 4.0  ,  5.0,  0.0,  0.0,  0.0,  2.0, 0.0,  44.0,       ,      ,      ,        ,        ,        ,        ,        ,        ,        ,        ,      
pappiji01, 1963,     1, TOR , NHL , R  , 50.0, 11.0,   8.0,  19.0,  33.0,      ,  0.0,     ,  0.0,     ,  0.0, 2.0,      ,   11.0,   0.0,   0.0,     0.0,     0.0,        ,        ,        ,        ,        ,     0.0,      
pappiji01, 1964,     1, TOR , NHL , R  , 44.0,  9.0,   9.0,  18.0,  33.0,      ,  0.0,     ,  0.0,     ,  2.0, 1.0,      ,       ,      ,      ,        ,        ,        ,        ,        ,        ,        ,        ,      
pappiji01, 1965,     1, TOR , NHL , R  ,  7.0,  0.0,   3.0,   3.0,   8.0,      ,  0.0,     ,  0.0,     ,  0.0, 0.0,      ,       ,      ,      ,        ,        ,        ,        ,        ,        ,        ,        ,      
pappiji01, 1966,     1, TOR , NHL , R  , 64.0, 21.0,  11.0,  32.0,  89.0,      ,  6.0,     ,  0.0,     ,  7.0, 1.0,      ,   12.0,   7.0,   8.0,    15.0,    12.0,        ,        ,        ,        ,        ,     1.0,      
pappiji01, 1967,     1, TOR , NHL , R  , 58.0, 13.0,  15.0,  28.0,  37.0, 0.0  ,  2.0,     ,  0.0,     ,  1.0, 0.0, 117.0,       ,      ,      ,        ,        ,        ,        ,        ,        ,        ,        ,      
pappiji01, 1968,     1, CHI , NHL , R  , 75.0, 30.0,  40.0,  70.0,  49.0, 7.0  ,  3.0,     ,  0.0,     ,  4.0, 0.0, 208.0,       ,      ,      ,        ,        ,        ,        ,        ,        ,        ,        ,      
pappiji01, 1969,     1, CHI , NHL , R  , 66.0, 28.0,  25.0,  53.0,  68.0, 17.0 ,  9.0,     ,  0.0,     ,  7.0, 0.0, 158.0,    8.0,   3.0,   2.0,     5.0,     6.0,        ,     1.0,        ,     0.0,        ,     0.0,      
pappiji01, 1970,     1, CHI , NHL , R  , 58.0, 22.0,  23.0,  45.0,  40.0, 9.0  ,  7.0,     ,  0.0,     ,  2.0, 0.0, 113.0,   18.0,  10.0,   4.0,    14.0,    24.0,        ,     2.0,        ,     0.0,        ,     1.0,      
pappiji01, 1971,     1, CHI , NHL , R  , 64.0, 27.0,  21.0,  48.0,  38.0, 3.0  ,  1.0,     ,  1.0,     ,  5.0, 0.0, 145.0,    8.0,   2.0,   5.0,     7.0,     4.0,        ,     0.0,        ,     1.0,        ,     1.0,      
pappiji01, 1972,     1, CHI , NHL , R  , 76.0, 41.0,  51.0,  92.0,  82.0, 25.0 ,  7.0,     ,  2.0,     ,  4.0, 2.0, 182.0,   16.0,   8.0,   7.0,    15.0,    24.0,        ,     1.0,        ,     0.0,        ,     1.0,      
pappiji01, 1973,     1, CHI , NHL , R  , 78.0, 32.0,  41.0,  73.0,  76.0, 25.0 ,  8.0,     ,  1.0,     ,  8.0, 1.0, 160.0,   11.0,   3.0,   6.0,     9.0,    29.0,        ,     0.0,        ,     0.0,        ,     2.0,      
pappiji01, 1974,     1, CHI , NHL , R  , 71.0, 36.0,  27.0,  63.0,  94.0, -1.0 ,  7.0,     ,  2.0,     ,  5.0, 1.0, 158.0,    8.0,   0.0,   2.0,     2.0,     2.0,        ,     0.0,        ,     0.0,        ,     0.0,      
pappiji01, 1975,     1, CLF , NHL , R  , 32.0,  6.0,  13.0,  19.0,  12.0, -16.0,  2.0,     ,  0.0,     ,  0.0, 0.0,  72.0,       ,      ,      ,        ,        ,        ,        ,        ,        ,        ,        ,      
pappiji01, 1976,     1, CLE , NHL , R  , 24.0,  2.0,   8.0,  10.0,   8.0, 5.0  ,  0.0,     ,  0.0,     ,  1.0, 0.0,  28.0,       ,      ,      ,        ,        ,        ,        ,        ,        ,        ,        ,      
paradbo01, 1971,     1, MNS , NHL , D  ,  6.0,  0.0,   0.0,   0.0,   6.0, 1.0  ,  0.0,     ,  0.0,     ,  0.0, 0.0,   1.0,    4.0,   0.0,   0.0,     0.0,     2.0,        ,     0.0,        ,     0.0,        ,     0.0,      
paradbo01, 1972,     1, ATF , NHL , D  , 71.0,  1.0,   7.0,   8.0, 103.0, -20.0,  0.0,     ,  0.0,     ,  1.0, 0.0,  53.0,       ,      ,      ,        ,        ,        ,        ,        ,        ,        ,        ,      
paradbo01, 1973,     1, ATF , NHL , D  , 18.0,  0.0,   1.0,   1.0,  13.0, -3.0 ,  0.0,     ,  0.0,     ,  0.0, 0.0,   8.0,       ,      ,      ,        ,        ,        ,        ,        ,        ,        ,        ,      
paradbo01, 1973,     2, PIT , NHL , D  , 38.0,  2.0,   7.0,   9.0,  39.0, -7.0 ,  1.0,     ,  0.0,     ,  0.0, 0.0,  35.0,       ,      ,      ,        ,        ,        ,        ,        ,        ,        ,        ,      
paradbo01, 1974,     1, PIT , NHL , D  , 78.0,  3.0,  15.0,  18.0, 109.0, -2.0 ,  0.0,     ,  0.0,     ,  0.0, 0.0,  55.0,    6.0,   0.0,   1.0,     1.0,    17.0,        ,     0.0,        ,     0.0,        ,     0.0,      
paradbo01, 1975,     1, PIT , NHL , D  ,  9.0,  0.0,   0.0,   0.0,   4.0, -7.0 ,  0.0,     ,  0.0,     ,  0.0, 0.0,   4.0,       ,      ,      ,        ,        ,        ,        ,        ,        ,        ,        ,      
paradbo01, 1975,     2, WAS , NHL , D  , 48.0,  0.0,   8.0,   8.0,  42.0, -41.0,  0.0,     ,  0.0,     ,  0.0, 0.0,  26.0,       ,      ,      ,        ,        ,        ,        ,        ,        ,        ,        ,      
paradbo01, 1976,     1, WAS , NHL , D  , 22.0,  0.0,   5.0,   5.0,  20.0, -3.0 ,  0.0,     ,  0.0,     ,  0.0, 0.0,  15.0,       ,      ,      ,        ,        ,        ,        ,        ,        ,        ,        ,      
paradbo01, 1977,     1, PIT , NHL , D  , 64.0,  2.0,  10.0,  12.0,  53.0, -30.0,  0.0,     ,  0.0,     ,  0.0, 0.0,  34.0,       ,      ,      ,        ,        ,        ,        ,        ,        ,        ,        ,      
paradbo01, 1978,     1, PIT , NHL , D  , 14.0,  0.0,   1.0,   1.0,   4.0, -4.0 ,  0.0,     ,  0.0,     ,  0.0, 0.0,   4.0,    2.0,   0.0,   0.0,     0.0,     0.0,        ,     0.0,        ,     0.0,        ,     0.0,      
paraddi01, 1972,     1, MFS , WHA , D  , 77.0,  3.0,  15.0,  18.0, 189.0,      ,  0.0,     ,  0.0,     ,     ,    ,      ,    5.0,   0.0,   1.0,     1.0,     2.0,        ,     0.0,        ,     0.0,        ,     0.0,      
paraddi01, 1973,     1, MFS , WHA , D  , 67.0,  2.0,   7.0,   9.0,  71.0,      ,  0.0,     ,  0.0,     ,  0.0,    ,      ,    7.0,   0.0,   0.0,     0.0,     6.0,        ,        ,        ,        ,        ,     0.0,      
pardyad01, 2008,     1, CAL , NHL , D  , 60.0,  1.0,   9.0,  10.0,  69.0, 3.0  ,  0.0,  0.0,  0.0,  0.0,  0.0,    ,  38.0,    6.0,   0.0,   2.0,     2.0,     5.0, -2.0   ,     0.0,     0.0,     0.0,     0.0,     0.0,     7.0
pardyad01, 2009,     1, CAL , NHL , D  , 57.0,  2.0,   7.0,   9.0,  48.0, -3.0 ,  0.0,  0.0,  0.0,  0.0,  0.0,    ,  40.0,       ,      ,      ,        ,        ,        ,        ,        ,        ,        ,        ,      
parenbe01, 1965,     1, BOS , NHL , G  , 39.0,  0.0,   0.0,   0.0,   4.0,      ,  0.0,     ,  0.0,     ,  0.0, 0.0,      ,       ,      ,      ,        ,        ,        ,        ,        ,        ,        ,        ,      
parenbe01, 1966,     1, BOS , NHL , G  , 18.0,  0.0,   0.0,   0.0,   2.0,      ,  0.0,     ,  0.0,     ,  0.0, 0.0,      ,       ,      ,      ,        ,        ,        ,        ,        ,        ,        ,        ,      
parenbe01, 1967,     1, PHI , NHL , G  , 38.0,  0.0,   1.0,   1.0,  23.0, 0.0  ,  0.0,     ,  0.0,     ,  0.0, 0.0,   0.0,    5.0,   0.0,   0.0,     0.0,     0.0,        ,     0.0,        ,     0.0,        ,     0.0,      
parenbe01, 1968,     1, PHI , NHL , G  , 58.0,  0.0,   0.0,   0.0,   4.0, 0.0  ,  0.0,     ,  0.0,     ,  0.0, 0.0,   0.0,    3.0,   0.0,   0.0,     0.0,     0.0,        ,     0.0,        ,     0.0,        ,     0.0,      
parenbe01, 1969,     1, PHI , NHL , G  , 62.0,  0.0,   3.0,   3.0,  14.0, 0.0  ,  0.0,     ,  0.0,     ,  0.0, 0.0,   1.0,       ,      ,      ,        ,        ,        ,        ,        ,        ,        ,        ,      
parenbe01, 1970,     1, PHI , NHL , G  , 30.0,  0.0,   2.0,   2.0,   5.0, 0.0  ,  0.0,     ,  0.0,     ,  0.0, 0.0,   0.0,       ,      ,      ,        ,        ,        ,        ,        ,        ,        ,        ,      
parenbe01, 1970,     2, TOR , NHL , G  , 18.0,  0.0,   0.0,   0.0,   0.0, 0.0  ,  0.0,     ,  0.0,     ,  0.0, 0.0,   0.0,    4.0,   0.0,   0.0,     0.0,     0.0,        ,     0.0,        ,     0.0,        ,     0.0,      
parenbe01, 1971,     1, TOR , NHL , G  , 47.0,  0.0,   1.0,   1.0,   6.0, 0.0  ,  0.0,     ,  0.0,     ,  0.0, 0.0,   0.0,    4.0,   0.0,   0.0,     0.0,     0.0,        ,     0.0,        ,     0.0,        ,     0.0,      
parenbe01, 1972,     1, PHB , WHA , G  , 63.0,  0.0,   1.0,   1.0,  36.0,      ,  0.0,     ,  0.0,     ,     ,    ,      ,    1.0,   0.0,   0.0,     0.0,     0.0,        ,     0.0,        ,     0.0,        ,     0.0,      
parenbe01, 1973,     1, PHI , NHL , G  , 73.0,  0.0,   3.0,   3.0,  24.0, 0.0  ,  0.0,     ,  0.0,     ,  0.0, 0.0,   0.0,   17.0,   0.0,   0.0,     0.0,     4.0,        ,     0.0,        ,     0.0,        ,     0.0,      
parenbe01, 1974,     1, PHI , NHL , G  , 68.0,  0.0,   0.0,   0.0,  16.0, 0.0  ,  0.0,     ,  0.0,     ,  0.0, 0.0,   0.0,   15.0,   0.0,   0.0,     0.0,     0.0,        ,     0.0,        ,     0.0,        ,     0.0,      
parenbe01, 1975,     1, PHI , NHL , G  , 11.0,  0.0,   0.0,   0.0,   2.0, 0.0  ,  0.0,     ,  0.0,     ,  0.0, 0.0,   0.0,    8.0,   0.0,   0.0,     0.0,     0.0,        ,     0.0,        ,     0.0,        ,     0.0,      
parenbe01, 1976,     1, PHI , NHL , G  , 61.0,  0.0,   0.0,   0.0,   0.0, 0.0  ,  0.0,     ,  0.0,     ,  0.0, 0.0,   0.0,    3.0,   0.0,   0.0,     0.0,     0.0,        ,     0.0,        ,     0.0,        ,     0.0,      
parenbe01, 1977,     1, PHI , NHL , G  , 49.0,  0.0,   0.0,   0.0,   4.0, 0.0  ,  0.0,     ,  0.0,     ,  0.0, 0.0,   0.0,   12.0,   0.0,   0.0,     0.0,     0.0,        ,     0.0,        ,     0.0,        ,     0.0,      
parenbe01, 1978,     1, PHI , NHL , G  , 36.0,  0.0,   2.0,   2.0,   8.0, 0.0  ,  0.0,     ,  0.0,     ,  0.0, 0.0,   0.0,       ,      ,      ,        ,        ,        ,        ,        ,        ,        ,        ,      
parenbo01, 1981,     1, TOR , NHL , G  ,  2.0,  0.0,   0.0,   0.0,   0.0, 0.0  ,  0.0,     ,  0.0,     ,  0.0, 0.0,   0.0,       ,      ,      ,        ,        ,        ,        ,        ,        ,        ,        ,      
parenbo01, 1982,     1, TOR , NHL , G  ,  1.0,  0.0,   0.0,   0.0,   0.0, 0.0  ,  0.0,     ,  0.0,     ,  0.0, 0.0,   0.0,       ,      ,      ,        ,        ,        ,        ,        ,        ,        ,        ,      
parenpi01, 2006,     1, CHI , NHL , L  ,  5.0,  0.0,   1.0,   1.0,   2.0, -1.0 ,  0.0,  1.0,  0.0,  0.0,  0.0,    ,   7.0,       ,      ,      ,        ,        ,        ,        ,        ,        ,        ,        ,      
parenpi01, 2009,     1, NYR , NHL , L  , 22.0,  3.0,   5.0,   8.0,   4.0, -2.0 ,  1.0,  2.0,  0.0,  0.0,  0.0,    ,  38.0,       ,      ,      ,        ,        ,        ,        ,        ,        ,        ,        ,      
parenri01, 1997,     1, STL , NHL , G  ,  1.0,  0.0,   0.0,   0.0,   0.0, 0.0  ,  0.0,  0.0,  0.0,  0.0,  0.0, 0.0,   0.0,       ,      ,      ,        ,        ,        ,        ,        ,        ,        ,        ,      
parenri01, 1998,     1, STL , NHL , G  , 10.0,  0.0,   0.0,   0.0,   2.0, 0.0  ,  0.0,  0.0,  0.0,  0.0,  0.0, 0.0,   0.0,       ,      ,      ,        ,        ,        ,        ,        ,        ,        ,        ,      
parenri01, 1999,     1, TBL , NHL , G  , 14.0,  0.0,   0.0,   0.0,   2.0, 0.0  ,  0.0,  0.0,  0.0,  0.0,  0.0, 0.0,   0.0,       ,      ,      ,        ,        ,        ,        ,        ,        ,        ,        ,      
parenri01, 2000,     1, PIT , NHL , G  ,  7.0,  0.0,   0.0,   0.0,   0.0, 0.0  ,  0.0,  0.0,  0.0,  0.0,  0.0, 0.0,   0.0,       ,      ,      ,        ,        ,        ,        ,        ,        ,        ,        ,      
parenry01, 2006,     1, PHI , NHL , D  ,  1.0,  0.0,   0.0,   0.0,   0.0, 0.0  ,  0.0,  0.0,  0.0,  0.0,  0.0,    ,   1.0,       ,      ,      ,        ,        ,        ,        ,        ,        ,        ,        ,      
parenry01, 2007,     1, PHI , NHL , D  , 22.0,  0.0,   0.0,   0.0,   6.0, -4.0 ,  0.0,  0.0,  0.0,  0.0,  0.0,    ,   9.0,    4.0,   0.0,   1.0,     1.0,     0.0, -1.0   ,     0.0,     0.0,     0.0,     0.0,     0.0,     2.0
parenry01, 2008,     1, PHI , NHL , D  , 31.0,  0.0,   4.0,   4.0,  10.0, 3.0  ,  0.0,  0.0,  0.0,  0.0,  0.0,    ,   9.0,    6.0,   0.0,   0.0,     0.0,     6.0, -3.0   ,     0.0,     0.0,     0.0,     0.0,     0.0,     3.0
parenry01, 2009,     1, PHI , NHL , D  , 48.0,  1.0,   2.0,   3.0,  20.0, -14.0,  0.0,  0.0,  0.0,  0.0,  0.0,    ,  27.0,   17.0,   1.0,   0.0,     1.0,     2.0, -2.0   ,     0.0,     0.0,     0.0,     0.0,     0.0,     3.0
pargege01, 1946,     1, MTL , NHL , L  ,  4.0,  0.0,   0.0,   0.0,   0.0,      ,     ,     ,     ,     ,     ,    ,      ,       ,      ,      ,        ,        ,        ,        ,        ,        ,        ,        ,      
parisjp01, 1965,     1, BOS , NHL , L  ,  3.0,  0.0,   0.0,   0.0,   0.0,      ,  0.0,     ,  0.0,     ,  0.0, 0.0,      ,       ,      ,      ,        ,        ,        ,        ,        ,        ,        ,        ,      
parisjp01, 1966,     1, BOS , NHL , L  , 18.0,  2.0,   2.0,   4.0,  10.0,      ,  0.0,     ,  0.0,     ,  0.0, 0.0,      ,       ,      ,      ,        ,        ,        ,        ,        ,        ,        ,        ,      
parisjp01, 1967,     1, TOR , NHL , L  ,  1.0,  0.0,   1.0,   1.0,   0.0, 0.0  ,  0.0,     ,  0.0,     ,  0.0, 0.0,   1.0,       ,      ,      ,        ,        ,        ,        ,        ,        ,        ,        ,      
parisjp01, 1967,     2, MNS , NHL , L  , 43.0, 11.0,  16.0,  27.0,  27.0, -10.0,  1.0,     ,  0.0,     ,  3.0, 0.0, 110.0,   14.0,   2.0,   5.0,     7.0,    10.0,        ,     1.0,        ,     0.0,        ,     0.0,      
parisjp01, 1968,     1, MNS , NHL , L  , 76.0, 22.0,  27.0,  49.0,  57.0, -44.0,  7.0,     ,  1.0,     ,  3.0, 2.0, 196.0,       ,      ,      ,        ,        ,        ,        ,        ,        ,        ,        ,      
parisjp01, 1969,     1, MNS , NHL , L  , 74.0, 24.0,  48.0,  72.0,  72.0, -3.0 ,  6.0,     ,  1.0,     ,  1.0, 3.0, 168.0,    6.0,   3.0,   2.0,     5.0,     2.0,        ,     2.0,        ,     0.0,        ,     0.0,      
parisjp01, 1970,     1, MNS , NHL , L  , 73.0, 11.0,  23.0,  34.0,  60.0, -15.0,  1.0,     ,  1.0,     ,  3.0, 1.0, 191.0,   12.0,   3.0,   3.0,     6.0,    22.0,        ,     2.0,        ,     0.0,        ,     1.0,      
parisjp01, 1971,     1, MNS , NHL , L  , 71.0, 19.0,  18.0,  37.0,  70.0, 10.0 ,  6.0,     ,  0.0,     ,  3.0, 1.0, 183.0,    7.0,   3.0,   3.0,     6.0,     6.0,        ,     2.0,        ,     0.0,        ,     0.0,      
parisjp01, 1972,     1, MNS , NHL , L  , 78.0, 27.0,  48.0,  75.0,  96.0, 18.0 ,  6.0,     ,  0.0,     ,  4.0, 1.0, 188.0,    6.0,   0.0,   0.0,     0.0,     9.0,        ,     0.0,        ,     0.0,        ,     0.0,      
parisjp01, 1973,     1, MNS , NHL , L  , 78.0, 18.0,  37.0,  55.0,  42.0, -8.0 ,  2.0,     ,  0.0,     ,  1.0, 3.0, 188.0,       ,      ,      ,        ,        ,        ,        ,        ,        ,        ,        ,      
parisjp01, 1974,     1, MNS , NHL , L  , 38.0,  9.0,  16.0,  25.0,  40.0, -18.0,  1.0,     ,  0.0,     ,  0.0, 1.0,  65.0,       ,      ,      ,        ,        ,        ,        ,        ,        ,        ,        ,      
parisjp01, 1974,     2, NYI , NHL , L  , 41.0, 14.0,  16.0,  30.0,  22.0, 10.0 ,  4.0,     ,  0.0,     ,  1.0, 2.0,  88.0,   17.0,   8.0,   8.0,    16.0,    22.0,        ,     4.0,        ,     0.0,        ,     1.0,      
parisjp01, 1975,     1, NYI , NHL , L  , 80.0, 22.0,  35.0,  57.0,  80.0, 12.0 ,  5.0,     ,  2.0,     ,  4.0, 1.0, 152.0,   13.0,   4.0,   6.0,    10.0,    10.0,        ,     1.0,        ,     0.0,        ,     0.0,      
parisjp01, 1976,     1, NYI , NHL , L  , 80.0, 25.0,  31.0,  56.0,  46.0, 26.0 ,  5.0,     ,  0.0,     ,  7.0, 2.0, 147.0,   11.0,   4.0,   4.0,     8.0,     6.0,        ,     1.0,        ,     0.0,        ,     0.0,      
parisjp01, 1977,     1, NYI , NHL , L  , 39.0, 12.0,  16.0,  28.0,  12.0, 19.0 ,  1.0,     ,  0.0,     ,  0.0, 3.0,  68.0,       ,      ,      ,        ,        ,        ,        ,        ,        ,        ,        ,      
parisjp01, 1977,     2, CLE , NHL , L  , 40.0,  9.0,  13.0,  22.0,  27.0, -15.0,  1.0,     ,  0.0,     ,  0.0, 1.0,  61.0,       ,      ,      ,        ,        ,        ,        ,        ,        ,        ,        ,      
parisjp01, 1978,     1, MNS , NHL , L  , 57.0, 13.0,   9.0,  22.0,  45.0, -12.0,  1.0,     ,  0.0,     ,  0.0, 0.0,  73.0,       ,      ,      ,        ,        ,        ,        ,        ,        ,        ,        ,      
parisza01, 2005,     1, NJD , NHL , C  , 81.0, 14.0,  18.0,  32.0,  28.0, -1.0 ,  2.0,  9.0,  0.0,  0.0,  5.0,    , 133.0,    9.0,   1.0,   2.0,     3.0,     2.0, 0.0    ,     0.0,     0.0,     0.0,     0.0,     0.0,    21.0
parisza01, 2006,     1, NJD , NHL , L  , 82.0, 31.0,  31.0,  62.0,  30.0, -3.0 ,  9.0, 13.0,  0.0,  0.0,  7.0,    , 247.0,   11.0,   7.0,   3.0,    10.0,     8.0, 4.0    ,     2.0,     0.0,     0.0,     0.0,     1.0,    45.0
parisza01, 2007,     1, NJD , NHL , L  , 81.0, 32.0,  33.0,  65.0,  25.0, 13.0 , 10.0, 13.0,  1.0,  0.0,  8.0,    , 266.0,    5.0,   1.0,   4.0,     5.0,     2.0, -5.0   ,     1.0,     2.0,     0.0,     0.0,     0.0,    20.0
parisza01, 2008,     1, NJD , NHL , L  , 82.0, 45.0,  49.0,  94.0,  24.0, 30.0 , 14.0, 16.0,  0.0,  3.0,  8.0,    , 364.0,    7.0,   3.0,   3.0,     6.0,     2.0, 2.0    ,     1.0,     0.0,     0.0,     0.0,     1.0,    29.0
parisza01, 2009,     1, NJD , NHL , C  , 81.0, 38.0,  44.0,  82.0,  32.0, 24.0 ,  9.0, 17.0,  1.0,  0.0,  5.0,    , 347.0,    5.0,   1.0,   3.0,     4.0,     0.0, 0.0    ,     0.0,     1.0,     1.0,     0.0,     0.0,    20.0
parizmi01, 1971,     1, STL , NHL , L  , 21.0,  1.0,   2.0,   3.0,   8.0, -1.0 ,  1.0,     ,  0.0,     ,  0.0, 0.0,  14.0,       ,      ,      ,        ,        ,        ,        ,        ,        ,        ,        ,      
parizmi01, 1971,     2, PHI , NHL , L  , 37.0,  2.0,  12.0,  14.0,  10.0, -6.0 ,  1.0,     ,  0.0,     ,  1.0, 0.0,  39.0,       ,      ,      ,        ,        ,        ,        ,        ,        ,        ,        ,      
parizmi01, 1972,     1, QUN , WHA , L  , 75.0, 25.0,  48.0,  73.0,  50.0,      , 10.0,     ,  1.0,     ,  4.0,    ,      ,       ,      ,      ,        ,        ,        ,        ,        ,        ,        ,        ,      
parizmi01, 1973,     1, QUN , WHA , L  , 78.0, 26.0,  34.0,  60.0,  39.0,      ,  5.0,     ,  0.0,     ,  3.0,    ,      ,       ,      ,      ,        ,        ,        ,        ,        ,        ,        ,        ,      
parizmi01, 1974,     1, QUN , WHA , C  , 78.0, 28.0,  46.0,  74.0,  69.0, 9.0  ,  5.0,     ,  2.0,     ,     ,    , 145.0,   15.0,   2.0,   4.0,     6.0,    10.0,        ,        ,        ,        ,        ,     1.0,      
parizmi01, 1975,     1, QUN , WHA , C  , 58.0, 12.0,  27.0,  39.0,  22.0, 6.0  ,  0.0,     ,  0.0,     ,  0.0,    ,  79.0,       ,      ,      ,        ,        ,        ,        ,        ,        ,        ,        ,      
parizmi01, 1975,     2, IND , WHA , C  , 23.0, 13.0,  15.0,  28.0,  20.0, 9.0  ,  8.0,     ,  0.0,     ,  1.0,    ,  58.0,    7.0,   4.0,   4.0,     8.0,     6.0, -3.0   ,        ,        ,        ,        ,        ,      
parizmi01, 1976,     1, IND , WHA , C  , 75.0, 18.0,  37.0,  55.0,  39.0, 6.0  ,  8.0,     ,  0.0,     ,     ,    , 139.0,    8.0,   3.0,   6.0,     9.0,     8.0, 7.0    ,        ,        ,        ,        ,     1.0,      
parizmi01, 1977,     1, IND , WHA , C  , 70.0, 13.0,  27.0,  40.0,  47.0, -13.0,  2.0,     ,  0.0,     ,     ,    ,  75.0,       ,      ,      ,        ,        ,        ,        ,        ,        ,        ,        ,      
parizmi01, 1978,     1, IND , WHA , C  , 22.0,  4.0,   9.0,  13.0,   4.0, -1.0 ,  0.0,     ,  0.0,     ,     ,    ,  25.0,       ,      ,      ,        ,        ,        ,        ,        ,        ,        ,        ,      
parizmi01, 1978,     2, CIN , WHA , C  , 30.0,  3.0,   9.0,  12.0,  28.0, -5.0 ,  0.0,     ,  0.0,     ,     ,    ,  33.0,    3.0,   1.0,   0.0,     1.0,     0.0, 1.0    ,        ,        ,        ,        ,     0.0,      
parkbr01 , 1968,     1, NYR , NHL , D  , 54.0,  3.0,  23.0,  26.0,  70.0, 12.0 ,  2.0,     ,  0.0,     ,  0.0, 0.0, 103.0,    4.0,   0.0,   2.0,     2.0,     7.0,        ,     0.0,        ,     0.0,        ,     0.0,      
parkbr01 , 1969,     1, NYR , NHL , D  , 60.0, 11.0,  26.0,  37.0,  98.0, 23.0 ,  6.0,     ,  1.0,     ,  2.0, 0.0, 161.0,    5.0,   1.0,   2.0,     3.0,    11.0,        ,     1.0,        ,     0.0,        ,     0.0,      
parkbr01 , 1970,     1, NYR , NHL , D  , 68.0,  7.0,  37.0,  44.0, 114.0, 25.0 ,  3.0,     ,  0.0,     ,  0.0, 0.0, 199.0,   13.0,   0.0,   4.0,     4.0,    42.0,        ,     0.0,        ,     0.0,        ,     0.0,      
parkbr01 , 1971,     1, NYR , NHL , D  , 75.0, 24.0,  49.0,  73.0, 130.0, 62.0 ,  8.0,     ,  2.0,     ,  4.0, 1.0, 263.0,   16.0,   4.0,   7.0,    11.0,    21.0,        ,     2.0,        ,     0.0,        ,     1.0,      
parkbr01 , 1972,     1, NYR , NHL , D  , 52.0, 10.0,  43.0,  53.0,  51.0, 31.0 ,  4.0,     ,  0.0,     ,  1.0, 0.0, 142.0,   10.0,   2.0,   5.0,     7.0,     8.0,        ,     1.0,        ,     0.0,        ,     1.0,      
parkbr01 , 1973,     1, NYR , NHL , D  , 78.0, 25.0,  57.0,  82.0, 148.0, 18.0 ,  4.0,     ,  0.0,     ,  4.0, 0.0, 227.0,   13.0,   4.0,   8.0,    12.0,    38.0,        ,     2.0,        ,     0.0,        ,     1.0,      
parkbr01 , 1974,     1, NYR , NHL , D  , 65.0, 13.0,  44.0,  57.0, 104.0, 6.0  ,  7.0,     ,  0.0,     ,  2.0, 1.0, 189.0,    3.0,   1.0,   4.0,     5.0,     2.0,        ,     0.0,        ,     0.0,        ,     0.0,      
parkbr01 , 1975,     1, NYR , NHL , D  , 13.0,  2.0,   4.0,   6.0,  23.0, -4.0 ,  0.0,     ,  0.0,     ,  1.0, 0.0,  28.0,       ,      ,      ,        ,        ,        ,        ,        ,        ,        ,        ,      
parkbr01 , 1975,     2, BOS , NHL , D  , 43.0, 16.0,  37.0,  53.0,  95.0, 23.0 ,  7.0,     ,  1.0,     ,  2.0, 0.0, 163.0,   11.0,   3.0,   8.0,    11.0,    14.0,        ,     1.0,        ,     1.0,        ,     0.0,      
parkbr01 , 1976,     1, BOS , NHL , D  , 77.0, 12.0,  55.0,  67.0,  67.0, 47.0 ,  4.0,     ,  1.0,     ,  4.0, 0.0, 238.0,   14.0,   2.0,  10.0,    12.0,     4.0,        ,     0.0,        ,     0.0,        ,     0.0,      
parkbr01 , 1977,     1, BOS , NHL , D  , 80.0, 22.0,  57.0,  79.0,  79.0, 68.0 ,  9.0,     ,  0.0,     ,  3.0, 1.0, 225.0,   15.0,   9.0,  11.0,    20.0,    14.0,        ,     4.0,        ,     0.0,        ,     0.0,      
parkbr01 , 1978,     1, BOS , NHL , D  , 40.0,  7.0,  32.0,  39.0,  10.0, 28.0 ,  3.0,     ,  0.0,     ,  0.0, 1.0,  96.0,   11.0,   1.0,   4.0,     5.0,     8.0,        ,     0.0,        ,     0.0,        ,     1.0,      
parkbr01 , 1979,     1, BOS , NHL , D  , 32.0,  5.0,  16.0,  21.0,  27.0, 11.0 ,  2.0,     ,  0.0,     ,  2.0, 1.0,  67.0,   10.0,   3.0,   6.0,     9.0,     4.0,        ,     0.0,        ,     0.0,        ,     0.0,      
parkbr01 , 1980,     1, BOS , NHL , D  , 78.0, 14.0,  52.0,  66.0, 111.0, 21.0 , 10.0,     ,  0.0,     ,  2.0, 2.0, 201.0,    3.0,   1.0,   3.0,     4.0,    11.0,        ,     1.0,        ,     0.0,        ,     0.0,      
parkbr01 , 1981,     1, BOS , NHL , D  , 75.0, 14.0,  42.0,  56.0,  82.0, 11.0 ,  8.0,     ,  0.0,     ,  1.0, 1.0, 159.0,   11.0,   1.0,   4.0,     5.0,     4.0,        ,     0.0,        ,     0.0,        ,     1.0,      
parkbr01 , 1982,     1, BOS , NHL , D  , 76.0, 10.0,  26.0,  36.0,  82.0, 20.0 ,  5.0,     ,  0.0,     ,  0.0, 0.0, 127.0,   16.0,   3.0,   9.0,    12.0,    18.0,        ,     1.0,        ,     0.0,        ,     1.0,      
parkbr01 , 1983,     1, DET , NHL , D  , 80.0,  5.0,  53.0,  58.0,  85.0, -29.0,  4.0,     ,  0.0,     ,  0.0, 1.0, 140.0,    3.0,   0.0,   3.0,     3.0,     0.0, 0.0    ,     0.0,        ,     0.0,        ,     0.0,     5.0
parkbr01 , 1984,     1, DET , NHL , D  , 67.0, 13.0,  30.0,  43.0,  53.0, -15.0,  6.0,     ,  0.0,     ,  0.0, 0.0,  92.0,    3.0,   0.0,   0.0,     0.0,    11.0, -8.0   ,     0.0,        ,     0.0,        ,     0.0,     5.0
parkeer01, 1921,     1, VML , PCHA, R  , 24.0,  8.0,   3.0,  11.0,   0.0,      ,     ,     ,     ,     ,     ,    ,      ,    4.0,   0.0,   0.0,     0.0,     0.0,        ,        ,        ,        ,        ,        ,      
parkeer01, 1922,     1, VAM , PCHA, R  , 29.0, 11.0,   4.0,  15.0,   0.0,      ,     ,     ,     ,     ,     ,    ,      ,    2.0,   2.0,   0.0,     2.0,     0.0,        ,        ,        ,        ,        ,        ,      
parkeer01, 1923,     1, VAM , PCHA, R  , 30.0,  3.0,   0.0,   3.0,   2.0,      ,     ,     ,     ,     ,     ,    ,      ,    5.0,   1.0,   0.0,     1.0,     0.0,        ,        ,        ,        ,        ,        ,      
parkeer01, 1924,     1, MTM , NHL , R  , 17.0,  0.0,   0.0,   0.0,   2.0,      ,     ,     ,     ,     ,     ,    ,      ,       ,      ,      ,        ,        ,        ,        ,        ,        ,        ,        ,      
parkeje01, 1986,     1, BUF , NHL , C  , 15.0,  3.0,   3.0,   6.0,   7.0, 1.0  ,  0.0,     ,  0.0,     ,  0.0, 0.0,  10.0,       ,      ,      ,        ,        ,        ,        ,        ,        ,        ,        ,      
parkeje01, 1987,     1, BUF , NHL , C  ,  4.0,  0.0,   2.0,   2.0,   2.0, -1.0 ,  0.0,  0.0,  0.0,  0.0,  0.0, 0.0,   0.0,       ,      ,      ,        ,        ,        ,        ,        ,        ,        ,        ,      
parkeje01, 1988,     1, BUF , NHL , R  , 57.0,  9.0,   9.0,  18.0,  82.0, 3.0  ,  0.0,  0.0,  0.0,  2.0,  2.0, 0.0,  78.0,    5.0,   0.0,   0.0,     0.0,    26.0, -1.0   ,     0.0,     0.0,     0.0,     0.0,     0.0,     3.0
parkeje01, 1989,     1, BUF , NHL , R  , 61.0,  4.0,   5.0,   9.0,  70.0, -9.0 ,  0.0,  0.0,  0.0,  0.0,  0.0, 0.0,  61.0,       ,      ,      ,        ,        ,        ,        ,        ,        ,        ,        ,      
parkeje01, 1990,     1, HAR , NHL , R  ,  4.0,  0.0,   0.0,   0.0,   2.0, -2.0 ,  0.0,  0.0,  0.0,  0.0,  0.0, 0.0,   4.0,       ,      ,      ,        ,        ,        ,        ,        ,        ,        ,        ,      
parkesc01, 1998,     1, COL , NHL , R  , 27.0,  0.0,   0.0,   0.0,  71.0, -3.0 ,  0.0,  0.0,  0.0,  0.0,  0.0, 0.0,   3.0,       ,      ,      ,        ,        ,        ,        ,        ,        ,        ,        ,      
parkesc01, 2000,     1, COL , NHL , R  , 69.0,  2.0,   3.0,   5.0, 155.0, -2.0 ,  0.0,  0.0,  0.0,  0.0,  1.0, 0.0,  35.0,    4.0,   0.0,   0.0,     0.0,     2.0, 0.0    ,     0.0,     0.0,     0.0,     0.0,     0.0,     0.0
parkesc01, 2001,     1, COL , NHL , L  , 63.0,  1.0,   4.0,   5.0, 154.0, 0.0  ,  0.0,  0.0,  0.0,  0.0,  0.0, 0.0,  32.0,       ,      ,      ,        ,        ,        ,        ,        ,        ,        ,        ,      
parkesc01, 2002,     1, COL , NHL , L  , 43.0,  1.0,   3.0,   4.0,  82.0, 6.0  ,  0.0,  0.0,  0.0,  0.0,  0.0, 0.0,  20.0,    1.0,   0.0,   0.0,     0.0,     2.0, 0.0    ,     0.0,     0.0,     0.0,     0.0,     0.0,     0.0
parkesc01, 2003,     1, SJS , NHL , R  , 50.0,  1.0,   3.0,   4.0, 101.0, 0.0  ,  0.0,  0.0,  0.0,  0.0,  0.0, 0.0,  20.0,       ,      ,      ,        ,        ,        ,        ,        ,        ,        ,        ,      
parkesc01, 2005,     1, SJS , NHL , L  , 10.0,  1.0,   0.0,   1.0,  38.0, 3.0  ,  0.0,  0.0,  0.0,  0.0,  0.0,    ,   6.0,       ,      ,      ,        ,        ,        ,        ,        ,        ,        ,        ,      
parkesc01, 2006,     1, SJS , NHL , R  , 11.0,  0.0,   0.0,   0.0,  22.0, 0.0  ,  0.0,  0.0,  0.0,  0.0,  0.0,    ,   3.0,       ,      ,      ,        ,        ,        ,        ,        ,        ,        ,        ,      
parkesc01, 2006,     2, COL , NHL , R  , 10.0,  1.0,   1.0,   2.0,   6.0, 0.0  ,  0.0,  0.0,  0.0,  0.0,  0.0,    ,   2.0,       ,      ,      ,        ,        ,        ,        ,        ,        ,        ,        ,      
parkesc01, 2007,     1, COL , NHL , R  , 25.0,  0.0,   0.0,   0.0,  70.0, 0.0  ,  0.0,  0.0,  0.0,  0.0,  0.0,    ,   5.0,       ,      ,      ,        ,        ,        ,        ,        ,        ,        ,        ,      
parkji01 , 1975,     1, IND , WHA , G  , 11.0,  0.0,   1.0,   1.0,   2.0, 0.0  ,  0.0,     ,  0.0,     ,  0.0,    ,   0.0,    6.0,   0.0,   1.0,     1.0,     0.0, 0.0    ,        ,        ,        ,        ,        ,      
parkji01 , 1976,     1, IND , WHA , G  , 31.0,  0.0,   1.0,   1.0,   6.0, 0.0  ,  0.0,     ,  0.0,     ,  0.0,    ,   0.0,       ,      ,      ,        ,        ,        ,        ,        ,        ,        ,        ,      
parkji01 , 1977,     1, IND , WHA , G  , 12.0,  0.0,   0.0,   0.0,   6.0, 0.0  ,  0.0,     ,  0.0,     ,     ,    ,   0.0,       ,      ,      ,        ,        ,        ,        ,        ,        ,        ,        ,      
parkri01 , 1994,     1, PIT , NHL , C  ,  1.0,  0.0,   1.0,   1.0,   2.0, 1.0  ,  0.0,  0.0,  0.0,  0.0,  0.0, 0.0,   4.0,    3.0,   0.0,   0.0,     0.0,     2.0, -1.0   ,     0.0,     0.0,     0.0,     0.0,     0.0,     5.0
parkri01 , 1995,     1, PIT , NHL , C  , 56.0,  4.0,   6.0,  10.0,  36.0, 3.0  ,  0.0,  0.0,  1.0,  1.0,  1.0, 0.0,  62.0,    1.0,   0.0,   0.0,     0.0,     0.0, 0.0    ,     0.0,     0.0,     0.0,     0.0,     0.0,     0.0
parkri01 , 1996,     1, PIT , NHL , C  ,  1.0,  0.0,   0.0,   0.0,   0.0, -1.0 ,  0.0,  0.0,  0.0,  0.0,  0.0, 0.0,   1.0,       ,      ,      ,        ,        ,        ,        ,        ,        ,        ,        ,      
parkri01 , 1996,     2, ANA , NHL , C  , 11.0,  1.0,   1.0,   2.0,  10.0, 0.0  ,  0.0,  0.0,  0.0,  0.0,  0.0, 0.0,   9.0,   11.0,   0.0,   1.0,     1.0,     2.0, -2.0   ,     0.0,     0.0,     0.0,     0.0,     0.0,    10.0
parkri01 , 1997,     1, ANA , NHL , C  , 15.0,  0.0,   2.0,   2.0,   8.0, -3.0 ,  0.0,  0.0,  0.0,  0.0,  0.0, 0.0,  14.0,       ,      ,      ,        ,        ,        ,        ,        ,        ,        ,        ,      
parkri01 , 1998,     1, PHI , NHL , C  ,  7.0,  0.0,   0.0,   0.0,   0.0, -1.0 ,  0.0,  0.0,  0.0,  0.0,  0.0, 0.0,   5.0,       ,      ,      ,        ,        ,        ,        ,        ,        ,        ,        ,      
parkri01 , 2001,     1, MIN , NHL , R  , 63.0, 10.0,  15.0,  25.0,  10.0, -1.0 ,  2.0,  3.0,  1.0,  1.0,  2.0, 0.0, 115.0,       ,      ,      ,        ,        ,        ,        ,        ,        ,        ,        ,      
parkri01 , 2002,     1, MIN , NHL , R  , 81.0, 14.0,  10.0,  24.0,  16.0, -3.0 ,  2.0,  1.0,  2.0,  0.0,  3.0, 1.0, 149.0,   18.0,   3.0,   3.0,     6.0,     4.0, -2.0   ,     0.0,     2.0,     0.0,     0.0,     1.0,    26.0
parkri01 , 2003,     1, MIN , NHL , R  , 73.0, 13.0,  12.0,  25.0,  28.0, 0.0  ,  4.0,  4.0,  0.0,  0.0,  1.0, 1.0, 142.0,       ,      ,      ,        ,        ,        ,        ,        ,        ,        ,        ,      
parkri01 , 2005,     1, VAN , NHL , C  , 60.0,  8.0,  10.0,  18.0,  29.0, -2.0 ,  0.0,  0.0,  1.0,  0.0,  2.0,    ,  97.0,       ,      ,      ,        ,        ,        ,        ,        ,        ,        ,        ,      
parkri01 , 2006,     1, NYI , NHL , R  , 82.0, 10.0,  16.0,  26.0,  33.0, 4.0  ,  0.0,  0.0,  2.0,  1.0,  2.0,    ,  93.0,    5.0,   0.0,   1.0,     1.0,     2.0, 0.0    ,     0.0,     0.0,     0.0,     0.0,     0.0,     6.0
parkri01 , 2007,     1, NYI , NHL , R  , 82.0, 12.0,  20.0,  32.0,  20.0, -4.0 ,  1.0,  4.0,  4.0,  1.0,  2.0,    , 132.0,       ,      ,      ,        ,        ,        ,        ,        ,        ,        ,        ,      
parkri01 , 2008,     1, NYI , NHL , R  , 71.0, 14.0,  17.0,  31.0,  34.0, -13.0,  4.0,  3.0,  2.0,  2.0,  1.0,    , 138.0,       ,      ,      ,        ,        ,        ,        ,        ,        ,        ,        ,      
parkri01 , 2009,     1, NYI , NHL , C  , 81.0,  9.0,  22.0,  31.0,  28.0, -10.0,  0.0,  1.0,  1.0,  0.0,  4.0,    , 146.0,       ,      ,      ,        ,        ,        ,        ,        ,        ,        ,        ,      
parksgr01, 1990,     1, NYI , NHL , C  , 20.0,  1.0,   2.0,   3.0,   4.0, 0.0  ,  0.0,  0.0,  0.0,  0.0,  0.0, 0.0,  10.0,       ,      ,      ,        ,        ,        ,        ,        ,        ,        ,        ,      
parksgr01, 1991,     1, NYI , NHL , C  ,  1.0,  0.0,   0.0,   0.0,   2.0, 0.0  ,  0.0,  0.0,  0.0,  0.0,  0.0, 0.0,   0.0,       ,      ,      ,        ,        ,        ,        ,        ,        ,        ,        ,      
parksgr01, 1992,     1, NYI , NHL , C  ,  2.0,  0.0,   0.0,   0.0,   0.0, 0.0  ,  0.0,  0.0,  0.0,  0.0,  0.0, 0.0,   3.0,    2.0,   0.0,   0.0,     0.0,     0.0, 0.0    ,     0.0,     0.0,     0.0,     0.0,     0.0,     1.0
parral01 , 1911,     1, VML , PCHA, G  , 15.0,  0.0,   0.0,   0.0,   0.0,      ,     ,     ,     ,     ,     ,    ,      ,       ,      ,      ,        ,        ,        ,        ,        ,        ,        ,        ,      
parral01 , 1912,     1, VML , PCHA, G  , 14.0,  0.0,   0.0,   0.0,   0.0,      ,     ,     ,     ,     ,     ,    ,      ,       ,      ,      ,        ,        ,        ,        ,        ,        ,        ,        ,      
parral01 , 1913,     1, VML , PCHA, G  , 15.0,  0.0,   0.0,   0.0,   0.0,      ,     ,     ,     ,     ,     ,    ,      ,       ,      ,      ,        ,        ,        ,        ,        ,        ,        ,        ,      
parrima01, 1998,     1, FLO , NHL , L  , 73.0, 24.0,  13.0,  37.0,  25.0, -6.0 ,  5.0,  4.0,  0.0,  0.0,  5.0, 1.0, 129.0,       ,      ,      ,        ,        ,        ,        ,        ,        ,        ,        ,      
parrima01, 1999,     1, FLO , NHL , R  , 81.0, 26.0,  18.0,  44.0,  39.0, 1.0  ,  6.0,  3.0,  0.0,  0.0,  3.0, 0.0, 152.0,    4.0,   0.0,   1.0,     1.0,     0.0, -2.0   ,     0.0,     1.0,     0.0,     0.0,     0.0,     5.0
parrima01, 2000,     1, NYI , NHL , R  , 70.0, 17.0,  13.0,  30.0,  28.0, -27.0,  6.0,  4.0,  0.0,  0.0,  3.0, 0.0, 123.0,       ,      ,      ,        ,        ,        ,        ,        ,        ,        ,        ,      
parrima01, 2001,     1, NYI , NHL , R  , 78.0, 30.0,  30.0,  60.0,  32.0, 10.0 ,  9.0,  9.0,  1.0,  3.0,  6.0, 0.0, 162.0,    7.0,   2.0,   1.0,     3.0,     6.0, -6.0   ,     2.0,     0.0,     0.0,     0.0,     0.0,    12.0
parrima01, 2002,     1, NYI , NHL , R  , 81.0, 23.0,  25.0,  48.0,  28.0, -11.0,  9.0, 12.0,  0.0,  0.0,  5.0, 0.0, 147.0,    5.0,   1.0,   0.0,     1.0,     4.0, -1.0   ,     1.0,     0.0,     0.0,     0.0,     0.0,     4.0
parrima01, 2003,     1, NYI , NHL , R  , 59.0, 24.0,  11.0,  35.0,  18.0, 8.0  ,  6.0,  1.0,  0.0,  0.0,  6.0, 0.0, 105.0,    5.0,   1.0,   2.0,     3.0,     0.0, -4.0   ,     0.0,     1.0,     0.0,     0.0,     0.0,    12.0
parrima01, 2005,     1, NYI , NHL , R  , 57.0, 24.0,  17.0,  41.0,  16.0, -14.0, 13.0, 11.0,  0.0,  0.0,  5.0,    , 102.0,       ,      ,      ,        ,        ,        ,        ,        ,        ,        ,        ,      
parrima01, 2005,     2, LAK , NHL , R  , 19.0,  5.0,   3.0,   8.0,   4.0, -9.0 ,  3.0,  3.0,  0.0,  0.0,  0.0,    ,  35.0,       ,      ,      ,        ,        ,        ,        ,        ,        ,        ,        ,      
parrima01, 2006,     1, MIN , NHL , R  , 76.0, 19.0,  20.0,  39.0,  18.0, 9.0  ,  5.0,  6.0,  0.0,  0.0,  4.0,    , 141.0,    5.0,   1.0,   0.0,     1.0,     0.0, 2.0    ,     0.0,     0.0,     0.0,     0.0,     0.0,    13.0
parrima01, 2007,     1, MIN , NHL , R  , 66.0, 16.0,  14.0,  30.0,  16.0, 2.0  ,  7.0,  5.0,  0.0,  0.0,  0.0,    ,  95.0,    1.0,   0.0,   0.0,     0.0,     0.0, 0.0    ,     0.0,     0.0,     0.0,     0.0,     0.0,     1.0
parrima01, 2008,     1, DAL , NHL , R  , 44.0,  8.0,   5.0,  13.0,  18.0, -3.0 ,  4.0,  1.0,  0.0,  0.0,  3.0,    ,  46.0,       ,      ,      ,        ,        ,        ,        ,        ,        ,        ,        ,      
parrima01, 2009,     1, TBL , NHL , R  , 16.0,  0.0,   2.0,   2.0,   4.0, -5.0 ,  0.0,  0.0,  0.0,  0.0,  0.0,    ,  10.0,       ,      ,      ,        ,        ,        ,        ,        ,        ,        ,        ,      
parroda01, 1980,     1, WAS , NHL , G  , 18.0,  0.0,   1.0,   1.0,   2.0, 0.0  ,  0.0,     ,  0.0,     ,  0.0, 0.0,   0.0,       ,      ,      ,        ,        ,        ,        ,        ,        ,        ,        ,      
parroda01, 1981,     1, WAS , NHL , G  , 52.0,  0.0,   1.0,   1.0,   4.0, 0.0  ,  0.0,     ,  0.0,     ,  0.0, 0.0,   0.0,       ,      ,      ,        ,        ,        ,        ,        ,        ,        ,        ,      
parroda01, 1982,     1, WAS , NHL , G  ,  6.0,  0.0,   0.0,   0.0,   0.0, 0.0  ,  0.0,     ,  0.0,     ,  0.0, 0.0,   0.0,       ,      ,      ,        ,        ,        ,        ,        ,        ,        ,        ,      
parroda01, 1983,     1, WAS , NHL , G  ,  1.0,  0.0,   0.0,   0.0,   0.0, 0.0  ,  0.0,     ,  0.0,     ,  0.0, 0.0,   0.0,       ,      ,      ,        ,        ,        ,        ,        ,        ,        ,        ,      
parroge01, 2005,     1, LAK , NHL , R  , 55.0,  2.0,   3.0,   5.0, 138.0, 1.0  ,  0.0,  0.0,  0.0,  0.0,  0.0,    ,  23.0,       ,      ,      ,        ,        ,        ,        ,        ,        ,        ,        ,      
parroge01, 2006,     1, COL , NHL , R  ,  2.0,  0.0,   0.0,   0.0,   0.0, -1.0 ,  0.0,  0.0,  0.0,  0.0,  0.0,    ,   1.0,       ,      ,      ,        ,        ,        ,        ,        ,        ,        ,        ,      
parroge01, 2006,     2, AND , NHL , R  , 32.0,  1.0,   0.0,   1.0, 102.0, -2.0 ,  0.0,  0.0,  0.0,  0.0,  0.0,    ,  18.0,    5.0,   0.0,   0.0,     0.0,    10.0, 0.0    ,     0.0,     0.0,     0.0,     0.0,     0.0,     1.0
parroge01, 2007,     1, AND , NHL , R  , 69.0,  1.0,   4.0,   5.0, 183.0, 3.0  ,  0.0,  0.0,  0.0,  0.0,  0.0,    ,  30.0,    1.0,   0.0,   0.0,     0.0,     0.0, 0.0    ,     0.0,     0.0,     0.0,     0.0,     0.0,     0.0
parroge01, 2008,     1, AND , NHL , R  , 74.0,  5.0,   5.0,  10.0, 135.0, 8.0  ,  0.0,  0.0,  0.0,  0.0,  0.0,    ,  47.0,    7.0,   0.0,   0.0,     0.0,     9.0, 0.0    ,     0.0,     0.0,     0.0,     0.0,     0.0,     5.0
parroge01, 2009,     1, AND , NHL , R  , 57.0,  4.0,   0.0,   4.0, 136.0, 4.0  ,  0.0,  0.0,  0.0,  0.0,  0.0,    ,  25.0,       ,      ,      ,        ,        ,        ,        ,        ,        ,        ,        ,      
parsesc01, 2009,     1, LAK , NHL , C  , 59.0, 11.0,  13.0,  24.0,  22.0, 13.0 ,  0.0,  0.0,  0.0,  0.0,  1.0,    ,  78.0,    4.0,   0.0,   0.0,     0.0,     0.0, -1.0   ,     0.0,     0.0,     0.0,     0.0,     0.0,     2.0
parsoge01, 1936,     1, TOR , NHL , L  ,  5.0,  0.0,   0.0,   0.0,   0.0,      ,     ,     ,     ,     ,     ,    ,      ,       ,      ,      ,        ,        ,        ,        ,        ,        ,        ,        ,      
parsoge01, 1937,     1, TOR , NHL , R  , 30.0,  5.0,   6.0,  11.0,   6.0,      ,     ,     ,     ,     ,     ,    ,      ,    7.0,   3.0,   2.0,     5.0,    11.0,        ,        ,        ,        ,        ,        ,      
parsoge01, 1938,     1, TOR , NHL , R  , 43.0,  7.0,   7.0,  14.0,  14.0,      ,     ,     ,     ,     ,     ,    ,      ,       ,      ,      ,        ,        ,        ,        ,        ,        ,        ,        ,      
parssti01, 2001,     1, ANA , NHL , L  , 17.0,  0.0,   3.0,   3.0,   2.0, 0.0  ,  0.0,  0.0,  0.0,  0.0,  0.0, 0.0,  16.0,       ,      ,      ,        ,        ,        ,        ,        ,        ,        ,        ,      
pasekdu01, 1988,     1, MNS , NHL , R  , 48.0,  4.0,  10.0,  14.0,  30.0, -8.0 ,  1.0,  3.0,  0.0,  0.0,  0.0, 0.0,  86.0,    2.0,   1.0,   0.0,     1.0,     0.0, -1.0   ,     0.0,     0.0,     0.0,     0.0,     0.0,     3.0
pasinda01, 1985,     1, BOS , NHL , R  , 71.0, 18.0,  19.0,  37.0,  50.0, -1.0 ,  4.0,     ,  0.0,     ,  3.0, 0.0, 116.0,    3.0,   0.0,   1.0,     1.0,     0.0, 1.0    ,     0.0,        ,     0.0,        ,     0.0,    10.0
pasinda01, 1988,     1, LAK , NHL , R  ,  5.0,  0.0,   0.0,   0.0,   0.0, -1.0 ,  0.0,  0.0,  0.0,  0.0,  0.0, 0.0,   2.0,       ,      ,      ,        ,        ,        ,        ,        ,        ,        ,        ,      
paslagr01, 1983,     1, MTL , NHL , R  , 26.0,  1.0,   4.0,   5.0,   4.0, -5.0 ,  0.0,     ,  0.0,     ,  0.0, 0.0,  27.0,       ,      ,      ,        ,        ,        ,        ,        ,        ,        ,        ,      
paslagr01, 1983,     2, STL , NHL , R  , 34.0,  8.0,   6.0,  14.0,  17.0, 4.0  ,  1.0,     ,  0.0,     ,  0.0, 0.0,  36.0,    9.0,   1.0,   0.0,     1.0,     2.0, -5.0   ,     0.0,        ,     0.0,        ,     0.0,    12.0
paslagr01, 1984,     1, STL , NHL , R  , 72.0, 22.0,  20.0,  42.0,  21.0, 6.0  ,  7.0,     ,  0.0,     ,  2.0, 0.0, 159.0,    3.0,   0.0,   0.0,     0.0,     2.0, -5.0   ,     0.0,        ,     0.0,        ,     0.0,    13.0
paslagr01, 1985,     1, STL , NHL , R  , 56.0, 22.0,  11.0,  33.0,  18.0, -12.0,  1.0,     ,  1.0,     ,  2.0, 0.0, 150.0,   17.0,  10.0,   7.0,    17.0,    13.0, 4.0    ,     2.0,        ,     0.0,        ,     0.0,    40.0
paslagr01, 1986,     1, STL , NHL , R  , 76.0, 29.0,  35.0,  64.0,  27.0, 1.0  ,  5.0,     ,  1.0,     ,  7.0, 1.0, 204.0,    6.0,   1.0,   1.0,     2.0,     4.0, -1.0   ,     0.0,        ,     0.0,        ,     0.0,    11.0
paslagr01, 1987,     1, STL , NHL , R  , 17.0,  2.0,   1.0,   3.0,   4.0, -14.0,  0.0,  1.0,  0.0,  0.0,  1.0, 0.0,  30.0,    3.0,   1.0,   1.0,     2.0,     2.0, -1.0   ,     1.0,     1.0,     0.0,     0.0,     0.0,    11.0
paslagr01, 1988,     1, STL , NHL , R  , 75.0, 26.0,  26.0,  52.0,  18.0, 8.0  ,  8.0,  5.0,  0.0,  0.0,  3.0, 0.0, 179.0,    9.0,   2.0,   1.0,     3.0,     2.0, -3.0   ,     1.0,     1.0,     0.0,     0.0,     0.0,    22.0
paslagr01, 1989,     1, WIN , NHL , R  , 71.0, 18.0,  30.0,  48.0,  14.0, -4.0 ,  7.0,  8.0,  0.0,  0.0,  6.0, 2.0, 122.0,    7.0,   1.0,   3.0,     4.0,     0.0, 2.0    ,     0.0,     0.0,     0.0,     0.0,     0.0,    10.0
paslagr01, 1990,     1, WIN , NHL , R  , 43.0,  9.0,  10.0,  19.0,  10.0, -6.0 ,  1.0,     ,  0.0,     ,  1.0, 0.0,  66.0,       ,      ,      ,        ,        ,        ,        ,        ,        ,        ,        ,      
paslagr01, 1990,     2, BUF , NHL , R  , 12.0,  2.0,   1.0,   3.0,   4.0, 0.0  ,  0.0,     ,  0.0,     ,  1.0, 0.0,   9.0,       ,      ,      ,        ,        ,        ,        ,        ,        ,        ,        ,      
paslagr01, 1991,     1, QUE , NHL , R  , 80.0, 28.0,  17.0,  45.0,  18.0, -12.0,  5.0,  7.0,  1.0,  1.0,  4.0, 1.0, 134.0,       ,      ,      ,        ,        ,        ,        ,        ,        ,        ,        ,      
paslagr01, 1992,     1, PHI , NHL , R  , 60.0, 14.0,  19.0,  33.0,  12.0, 0.0  ,  4.0,  5.0,  0.0,  0.0,  0.0, 0.0,  90.0,       ,      ,      ,        ,        ,        ,        ,        ,        ,        ,        ,      
paslagr01, 1992,     2, CAL , NHL , R  , 13.0,  4.0,   5.0,   9.0,   0.0, 3.0  ,  0.0,  2.0,  0.0,  0.0,  1.0, 0.0,  19.0,    6.0,   3.0,   0.0,     3.0,     0.0, -1.0   ,     0.0,     0.0,     0.0,     0.0,     1.0,    12.0
paslagr01, 1993,     1, CAL , NHL , R  , 15.0,  2.0,   0.0,   2.0,   2.0, -4.0 ,  0.0,  0.0,  0.0,  0.0,  1.0, 0.0,  13.0,       ,      ,      ,        ,        ,        ,        ,        ,        ,        ,        ,      
passmst01, 1998,     1, EDM , NHL , G  ,  6.0,  0.0,   1.0,   1.0,   2.0, 0.0  ,  0.0,  0.0,  0.0,  1.0,  0.0, 0.0,   0.0,       ,      ,      ,        ,        ,        ,        ,        ,        ,        ,        ,      
passmst01, 1999,     1, CHI , NHL , G  , 24.0,  0.0,   0.0,   0.0,   9.0, 0.0  ,  0.0,  0.0,  0.0,  0.0,  0.0, 0.0,   0.0,       ,      ,      ,        ,        ,        ,        ,        ,        ,        ,        ,      
passmst01, 2000,     1, LAK , NHL , G  , 14.0,  0.0,   0.0,   0.0,   0.0, 0.0  ,  0.0,  0.0,  0.0,  0.0,  0.0, 0.0,   0.0,       ,      ,      ,        ,        ,        ,        ,        ,        ,        ,        ,      
passmst01, 2000,     2, CHI , NHL , G  ,  6.0,  0.0,   0.0,   0.0,   4.0, 0.0  ,  0.0,  0.0,  0.0,  0.0,  0.0, 0.0,   0.0,       ,      ,      ,        ,        ,        ,        ,        ,        ,        ,        ,      
passmst01, 2001,     1, CHI , NHL , G  , 23.0,  0.0,   1.0,   1.0,   2.0, 0.0  ,  0.0,  0.0,  0.0,  0.0,  0.0, 0.0,   0.0,    3.0,   0.0,   0.0,     0.0,     0.0, 0.0    ,     0.0,     0.0,     0.0,     0.0,     0.0,     0.0
passmst01, 2002,     1, CHI , NHL , G  , 11.0,  0.0,   0.0,   0.0,   4.0, 0.0  ,  0.0,  0.0,  0.0,  0.0,  0.0, 0.0,   0.0,       ,      ,      ,        ,        ,        ,        ,        ,        ,        ,        ,      
passmst01, 2003,     1, CHI , NHL , G  ,  9.0,  0.0,   0.0,   0.0,   0.0, 0.0  ,  0.0,  0.0,  0.0,  0.0,  0.0, 0.0,   0.0,       ,      ,      ,        ,        ,        ,        ,        ,        ,        ,        ,      
patenru01, 1972,     1, ALB , WHA , R  , 78.0, 29.0,  27.0,  56.0,  59.0,      ,  4.0,     ,  0.0,     ,     ,    ,      ,       ,      ,      ,        ,        ,        ,        ,        ,        ,        ,        ,      
patenru01, 1973,     1, EDO , WHA , R  , 71.0, 20.0,  23.0,  43.0,  55.0,      ,  2.0,     ,  0.0,     ,  2.0,    ,      ,    4.0,   0.0,   2.0,     2.0,     2.0,        ,        ,        ,        ,        ,     0.0,      
patenru01, 1974,     1, EDO , WHA , R  , 56.0, 20.0,  16.0,  36.0,  38.0, 1.0  ,  3.0,     ,  0.0,     ,     ,    ,  92.0,       ,      ,      ,        ,        ,        ,        ,        ,        ,        ,        ,      
patenru01, 1975,     1, EDO , WHA , R  , 77.0, 42.0,  30.0,  72.0,  88.0, -3.0 , 11.0,     ,  0.0,     ,  4.0,    , 202.0,    4.0,   1.0,   4.0,     5.0,    12.0, 2.0    ,        ,        ,        ,        ,        ,      
patenru01, 1976,     1, EDO , WHA , R  , 73.0, 25.0,  16.0,  41.0,  57.0, -23.0,  8.0,     ,  0.0,     ,     ,    , 201.0,    2.0,   0.0,   0.0,     0.0,     8.0, 0.0    ,     0.0,        ,     0.0,        ,     0.0,      
patenru01, 1977,     1, IND , WHA , R  , 76.0, 23.0,  19.0,  42.0,  71.0, -20.0,  1.0,     ,  0.0,     ,     ,    , 197.0,       ,      ,      ,        ,        ,        ,        ,        ,        ,        ,        ,      
paterjo01, 1980,     1, DET , NHL , L  , 38.0,  2.0,   5.0,   7.0,  53.0, 4.0  ,  0.0,     ,  0.0,     ,  0.0, 0.0,  36.0,       ,      ,      ,        ,        ,        ,        ,        ,        ,        ,        ,      
paterjo01, 1981,     1, DET , NHL , L  ,  3.0,  0.0,   0.0,   0.0,   0.0, 1.0  ,  0.0,     ,  0.0,     ,  0.0, 0.0,   1.0,       ,      ,      ,        ,        ,        ,        ,        ,        ,        ,        ,      
paterjo01, 1982,     1, DET , NHL , L  , 33.0,  2.0,   1.0,   3.0,  14.0, -8.0 ,  0.0,     ,  0.0,     ,  1.0, 0.0,  18.0,       ,      ,      ,        ,        ,        ,        ,        ,        ,        ,        ,      
paterjo01, 1983,     1, DET , NHL , L  , 41.0,  2.0,   5.0,   7.0, 148.0, 0.0  ,  0.0,     ,  0.0,     ,  0.0, 0.0,  26.0,    3.0,   0.0,   0.0,     0.0,     7.0, -1.0   ,     0.0,        ,     0.0,        ,     0.0,     1.0
paterjo01, 1984,     1, PHI , NHL , L  ,  6.0,  0.0,   0.0,   0.0,  31.0, -1.0 ,  0.0,     ,  0.0,     ,  0.0, 0.0,   4.0,   17.0,   3.0,   4.0,     7.0,    70.0, -2.0   ,     1.0,        ,     0.0,        ,     0.0,    26.0
paterjo01, 1985,     1, PHI , NHL , L  ,  5.0,  0.0,   0.0,   0.0,  12.0, 1.0  ,  0.0,     ,  0.0,     ,  0.0, 0.0,   4.0,       ,      ,      ,        ,        ,        ,        ,        ,        ,        ,        ,      
paterjo01, 1985,     2, LAK , NHL , L  , 47.0,  9.0,  18.0,  27.0, 153.0, -7.0 ,  2.0,     ,  0.0,     ,  1.0, 0.0,  75.0,       ,      ,      ,        ,        ,        ,        ,        ,        ,        ,        ,      
paterjo01, 1986,     1, LAK , NHL , L  , 45.0,  2.0,   1.0,   3.0, 158.0, -15.0,  0.0,     ,  0.0,     ,  1.0, 0.0,  30.0,    2.0,   0.0,   0.0,     0.0,     0.0, -2.0   ,     0.0,        ,     0.0,        ,     0.0,     1.0
paterjo01, 1987,     1, LAK , NHL , L  , 32.0,  1.0,   3.0,   4.0, 113.0, -10.0,  0.0,  0.0,  0.0,  0.0,  0.0, 0.0,  20.0,       ,      ,      ,        ,        ,        ,        ,        ,        ,        ,        ,      
paterjo01, 1987,     2, NYR , NHL , L  , 21.0,  1.0,   3.0,   4.0,  63.0, -4.0 ,  0.0,  0.0,  0.0,  0.0,  0.0, 0.0,   9.0,       ,      ,      ,        ,        ,        ,        ,        ,        ,        ,        ,      
paterjo01, 1988,     1, NYR , NHL , L  , 20.0,  0.0,   1.0,   1.0,  84.0, -3.0 ,  0.0,  0.0,  0.0,  0.0,  0.0, 0.0,   8.0,       ,      ,      ,        ,        ,        ,        ,        ,        ,        ,        ,      
paterma01, 1982,     1, HAR , NHL , D  ,  2.0,  0.0,   0.0,   0.0,   0.0, -1.0 ,  0.0,     ,  0.0,     ,  0.0, 0.0,   1.0,       ,      ,      ,        ,        ,        ,        ,        ,        ,        ,        ,      
paterma01, 1983,     1, HAR , NHL , D  ,  9.0,  2.0,   0.0,   2.0,   4.0, 4.0  ,  0.0,     ,  0.0,     ,  0.0, 0.0,  10.0,       ,      ,      ,        ,        ,        ,        ,        ,        ,        ,        ,      
paterma01, 1984,     1, HAR , NHL , D  , 13.0,  1.0,   3.0,   4.0,  24.0, -6.0 ,  0.0,     ,  0.0,     ,  0.0, 0.0,   9.0,       ,      ,      ,        ,        ,        ,        ,        ,        ,        ,        ,      
paterma01, 1985,     1, HAR , NHL , D  ,  5.0,  0.0,   0.0,   0.0,   5.0, -5.0 ,  0.0,     ,  0.0,     ,  0.0, 0.0,   0.0,       ,      ,      ,        ,        ,        ,        ,        ,        ,        ,        ,      
paterpa01, 1999,     1, DAL , NHL , C  , 12.0,  1.0,   4.0,   5.0,   4.0, -1.0 ,  0.0,  0.0,  0.0,  0.0,  0.0, 0.0,  18.0,       ,      ,      ,        ,        ,        ,        ,        ,        ,        ,        ,      
paterpa01, 2000,     1, MIN , NHL , C  , 20.0,  1.0,   3.0,   4.0,   4.0, -8.0 ,  0.0,  1.0,  0.0,  0.0,  0.0, 0.0,  14.0,       ,      ,      ,        ,        ,        ,        ,        ,        ,        ,        ,      
paterri01, 1978,     1, CHI , NHL , C  ,     ,     ,      ,      ,      ,      ,     ,     ,     ,     ,     ,    ,      ,    1.0,   0.0,   1.0,     1.0,     0.0,        ,     0.0,        ,     0.0,        ,     0.0,      
paterri01, 1979,     1, CHI , NHL , C  , 11.0,  0.0,   2.0,   2.0,   0.0, 0.0  ,  0.0,     ,  0.0,     ,  0.0, 0.0,  11.0,    7.0,   0.0,   0.0,     0.0,     5.0,        ,     0.0,        ,     0.0,        ,     0.0,      
paterri01, 1980,     1, CHI , NHL , R  , 49.0,  8.0,   2.0,  10.0,  18.0, -2.0 ,  1.0,     ,  2.0,     ,  1.0, 1.0,  38.0,    2.0,   1.0,   0.0,     1.0,     0.0,        ,     0.0,        ,     1.0,        ,     0.0,      
paterri01, 1981,     1, CHI , NHL , R  , 48.0,  4.0,   7.0,  11.0,   8.0, -2.0 ,  0.0,     ,  0.0,     ,  1.0, 0.0,  45.0,   15.0,   3.0,   2.0,     5.0,    21.0,        ,     0.0,        ,     1.0,        ,     0.0,      
paterri01, 1982,     1, CHI , NHL , C/R, 79.0, 14.0,   9.0,  23.0,  14.0, -1.0 ,  1.0,     ,  3.0,     ,  2.0, 2.0,  78.0,   13.0,   1.0,   1.0,     2.0,     4.0,        ,     0.0,        ,     1.0,        ,     1.0,      
paterri01, 1983,     1, CHI , NHL , C  , 72.0,  7.0,   6.0,  13.0,  41.0, -13.0,  0.0,     ,  0.0,     ,  0.0, 1.0,  64.0,    5.0,   1.0,   1.0,     2.0,     6.0, -1.0   ,     0.0,        ,     1.0,        ,     0.0,     3.0
paterri01, 1984,     1, CHI , NHL , R  , 79.0,  7.0,  12.0,  19.0,  25.0, 6.0  ,  0.0,     ,  3.0,     ,  1.0, 0.0,  53.0,   15.0,   1.0,   5.0,     6.0,    15.0, -5.0   ,     0.0,        ,     0.0,        ,     0.0,    11.0
paterri01, 1985,     1, CHI , NHL , C  , 70.0,  9.0,   3.0,  12.0,  24.0, -1.0 ,  0.0,     ,  5.0,     ,  0.0, 0.0,  36.0,    3.0,   0.0,   0.0,     0.0,     0.0, 0.0    ,     0.0,        ,     0.0,        ,     0.0,     0.0
paterri01, 1986,     1, CHI , NHL , C  , 22.0,  1.0,   2.0,   3.0,   6.0, 1.0  ,  0.0,     ,  1.0,     ,  0.0, 0.0,   4.0,       ,      ,      ,        ,        ,        ,        ,        ,        ,        ,        ,      
pateydo01, 1976,     1, WAS , NHL , R  , 37.0,  3.0,   1.0,   4.0,   6.0, -15.0,  0.0,     ,  0.0,     ,  0.0, 0.0,  43.0,       ,      ,      ,        ,        ,        ,        ,        ,        ,        ,        ,      
pateydo01, 1977,     1, WAS , NHL , R  ,  2.0,  0.0,   1.0,   1.0,   0.0, 1.0  ,  0.0,     ,  0.0,     ,  0.0, 0.0,   0.0,       ,      ,      ,        ,        ,        ,        ,        ,        ,        ,        ,      
pateydo01, 1978,     1, WAS , NHL , R  ,  6.0,  1.0,   0.0,   1.0,   2.0, -2.0 ,  0.0,     ,  0.0,     ,  0.0, 0.0,   6.0,       ,      ,      ,        ,        ,        ,        ,        ,        ,        ,        ,      
pateyla01, 1973,     1, CLF , NHL , C  ,  1.0,  0.0,   0.0,   0.0,   0.0, 0.0  ,  0.0,     ,  0.0,     ,  0.0, 0.0,   0.0,       ,      ,      ,        ,        ,        ,        ,        ,        ,        ,        ,      
pateyla01, 1974,     1, CLF , NHL , C  , 79.0, 25.0,  20.0,  45.0,  68.0, -20.0,  8.0,     ,  1.0,     ,  4.0, 1.0, 156.0,       ,      ,      ,        ,        ,        ,        ,        ,        ,        ,        ,      
pateyla01, 1975,     1, CLF , NHL , C  , 18.0,  4.0,   4.0,   8.0,  23.0, -8.0 ,  1.0,     ,  0.0,     ,  0.0, 0.0,  25.0,       ,      ,      ,        ,        ,        ,        ,        ,        ,        ,        ,      
pateyla01, 1975,     2, STL , NHL , C  , 53.0,  8.0,   6.0,  14.0,  26.0, -12.0,  2.0,     ,  1.0,     ,  0.0, 0.0,  80.0,    3.0,   1.0,   1.0,     2.0,     2.0,        ,     1.0,        ,     0.0,        ,     1.0,      
pateyla01, 1976,     1, STL , NHL , C  , 80.0, 21.0,  29.0,  50.0,  41.0, 11.0 ,  1.0,     ,  2.0,     ,  2.0, 2.0, 134.0,    4.0,   1.0,   0.0,     1.0,     0.0,        ,     0.0,        ,     0.0,        ,     0.0,      
pateyla01, 1977,     1, STL , NHL , C  , 80.0, 17.0,  17.0,  34.0,  29.0, -20.0,  3.0,     ,  0.0,     ,  3.0, 1.0, 129.0,       ,      ,      ,        ,        ,        ,        ,        ,        ,        ,        ,      
pateyla01, 1978,     1, STL , NHL , C  , 78.0, 15.0,  19.0,  34.0,  60.0, -27.0,  0.0,     ,  2.0,     ,  2.0, 2.0, 124.0,       ,      ,      ,        ,        ,        ,        ,        ,        ,        ,        ,      
pateyla01, 1979,     1, STL , NHL , C  , 78.0, 17.0,  17.0,  34.0,  76.0, -18.0,  0.0,     ,  3.0,     ,  3.0, 0.0, 144.0,    3.0,   1.0,   0.0,     1.0,     2.0,        ,     0.0,        ,     0.0,        ,     0.0,      
pateyla01, 1980,     1, STL , NHL , C  , 80.0, 22.0,  23.0,  45.0, 107.0, 2.0  ,  0.0,     ,  8.0,     ,  3.0, 0.0, 125.0,   11.0,   2.0,   4.0,     6.0,    30.0,        ,     0.0,        ,     0.0,        ,     0.0,      
pateyla01, 1981,     1, STL , NHL , C  , 70.0, 14.0,  12.0,  26.0,  97.0, -10.0,  1.0,     ,  4.0,     ,  2.0, 0.0, 109.0,   10.0,   2.0,   4.0,     6.0,    13.0,        ,     0.0,        ,     1.0,        ,     0.0,      
pateyla01, 1982,     1, STL , NHL , C  , 67.0,  9.0,  12.0,  21.0,  80.0, -6.0 ,  0.0,     ,  3.0,     ,  0.0, 0.0,  72.0,    4.0,   1.0,   0.0,     1.0,     4.0,        ,     0.0,        ,     0.0,        ,     0.0,      
pateyla01, 1983,     1, STL , NHL , C  , 17.0,  0.0,   1.0,   1.0,   8.0, -12.0,  0.0,     ,  0.0,     ,  0.0, 0.0,   9.0,       ,      ,      ,        ,        ,        ,        ,        ,        ,        ,        ,      
pateyla01, 1983,     2, NYR , NHL , C  ,  9.0,  1.0,   2.0,   3.0,   4.0, 0.0  ,  0.0,     ,  1.0,     ,  0.0, 0.0,   6.0,    4.0,   0.0,   1.0,     1.0,     6.0, -1.0   ,     0.0,        ,     0.0,        ,     0.0,     1.0
pateyla01, 1984,     1, NYR , NHL , C  ,  7.0,  0.0,   1.0,   1.0,  12.0, -6.0 ,  0.0,     ,  0.0,     ,  0.0, 0.0,   2.0,    1.0,   0.0,   0.0,     0.0,     0.0, 0.0    ,     0.0,        ,     0.0,        ,     0.0,     1.0
patricr01, 1971,     1, CLF , NHL , R  , 59.0,  8.0,   3.0,  11.0,  12.0, -24.0,  0.0,     ,  0.0,     ,  0.0, 2.0,  73.0,       ,      ,      ,        ,        ,        ,        ,        ,        ,        ,        ,      
patricr01, 1972,     1, CLF , NHL , R  , 71.0, 20.0,  22.0,  42.0,   6.0, -32.0,  2.0,     ,  1.0,     ,  0.0, 2.0, 152.0,       ,      ,      ,        ,        ,        ,        ,        ,        ,        ,        ,      
patricr01, 1973,     1, CLF , NHL , R  , 59.0, 10.0,  20.0,  30.0,  17.0, -30.0,  2.0,     ,  0.0,     ,  1.0, 0.0,  95.0,       ,      ,      ,        ,        ,        ,        ,        ,        ,        ,        ,      
patricr01, 1974,     1, CLF , NHL , R  , 14.0,  2.0,   1.0,   3.0,   0.0, -8.0 ,  0.0,     ,  0.0,     ,  0.0, 0.0,  15.0,       ,      ,      ,        ,        ,        ,        ,        ,        ,        ,        ,      
patricr01, 1974,     2, STL , NHL , R  , 43.0,  6.0,   9.0,  15.0,   6.0, 6.0  ,  0.0,     ,  0.0,     ,  2.0, 0.0,  58.0,    2.0,   0.0,   1.0,     1.0,     0.0,        ,     0.0,        ,     0.0,        ,     0.0,      
patricr01, 1975,     1, KCS , NHL , R  , 80.0, 17.0,  18.0,  35.0,  14.0, -24.0,  3.0,     ,  1.0,     ,  0.0, 1.0, 143.0,       ,      ,      ,        ,        ,        ,        ,        ,        ,        ,        ,      
patricr01, 1976,     1, WAS , NHL , R  , 28.0,  7.0,  10.0,  17.0,   2.0, -10.0,  1.0,     ,  0.0,     ,  0.0, 1.0,  47.0,       ,      ,      ,        ,        ,        ,        ,        ,        ,        ,        ,      
patricr01, 1976,     2, MF2 , WHA , C  , 30.0,  6.0,  11.0,  17.0,   6.0, 4.0  ,     ,     ,     ,     ,     ,    ,      ,       ,      ,      ,        ,        ,        ,        ,        ,        ,        ,        ,      
patricr01, 1977,     1, WAS , NHL , R  , 44.0,  1.0,   7.0,   8.0,   4.0, -8.0 ,  1.0,     ,  0.0,     ,  0.0, 0.0,  43.0,       ,      ,      ,        ,        ,        ,        ,        ,        ,        ,        ,      
patricr01, 1978,     1, WAS , NHL , R  ,  3.0,  1.0,   1.0,   2.0,   0.0, -1.0 ,  0.0,     ,  0.0,     ,  0.0, 0.0,   3.0,       ,      ,      ,        ,        ,        ,        ,        ,        ,        ,        ,      
patrifr01, 1909,     1, REN , NHA ,    , 11.0,  8.0,   0.0,   8.0,  23.0,      ,     ,     ,     ,     ,     ,    ,      ,       ,      ,      ,        ,        ,        ,        ,        ,        ,        ,        ,      
patrifr01, 1911,     1, VML , PCHA, D  , 15.0, 23.0,   0.0,  23.0,   0.0,      ,     ,     ,     ,     ,     ,    ,      ,       ,      ,      ,        ,        ,        ,        ,        ,        ,        ,        ,      
patrifr01, 1912,     1, VML , PCHA, D  , 14.0, 12.0,   8.0,  20.0,  14.0,      ,     ,     ,     ,     ,     ,    ,      ,       ,      ,      ,        ,        ,        ,        ,        ,        ,        ,        ,      
patrifr01, 1913,     1, VML , PCHA, D  , 16.0, 11.0,   9.0,  20.0,   3.0,      ,     ,     ,     ,     ,     ,    ,      ,       ,      ,      ,        ,        ,        ,        ,        ,        ,        ,        ,      
patrifr01, 1914,     1, VML , PCHA, D  ,  4.0,  2.0,   2.0,   4.0,   6.0,      ,     ,     ,     ,     ,     ,    ,      ,       ,      ,      ,        ,        ,        ,        ,        ,        ,        ,        ,      
patrifr01, 1915,     1, VML , PCHA, D  ,  8.0,  3.0,   1.0,   4.0,   3.0,      ,     ,     ,     ,     ,     ,    ,      ,       ,      ,      ,        ,        ,        ,        ,        ,        ,        ,        ,      
patrifr01, 1916,     1, VML , PCHA, D  , 23.0, 13.0,  13.0,  26.0,  32.0,      ,     ,     ,     ,     ,     ,    ,      ,       ,      ,      ,        ,        ,        ,        ,        ,        ,        ,        ,      
patrifr01, 1917,     1, VML , PCHA, D  ,  2.0,  1.0,   0.0,   1.0,   0.0,      ,     ,     ,     ,     ,     ,    ,      ,       ,      ,      ,        ,        ,        ,        ,        ,        ,        ,        ,      
patrifr01, 1922,     1, VAM , PCHA, D  ,  8.0,  0.0,   1.0,   1.0,   0.0,      ,     ,     ,     ,     ,     ,    ,      ,       ,      ,      ,        ,        ,        ,        ,        ,        ,        ,        ,      
patrifr01, 1924,     1, VMR , WCHL, D  ,  4.0,  0.0,   1.0,   1.0,   0.0,      ,     ,     ,     ,     ,     ,    ,      ,       ,      ,      ,        ,        ,        ,        ,        ,        ,        ,        ,      
patrigl01, 1973,     1, STL , NHL , D  ,  1.0,  0.0,   0.0,   0.0,   2.0, -1.0 ,  0.0,     ,  0.0,     ,  0.0, 0.0,   0.0,       ,      ,      ,        ,        ,        ,        ,        ,        ,        ,        ,      
patrigl01, 1974,     1, CLF , NHL , D  ,  2.0,  0.0,   0.0,   0.0,   0.0, -2.0 ,  0.0,     ,  0.0,     ,  0.0, 0.0,   2.0,       ,      ,      ,        ,        ,        ,        ,        ,        ,        ,        ,      
patrigl01, 1976,     1, CLE , NHL , D  , 35.0,  2.0,   3.0,   5.0,  70.0, -11.0,  0.0,     ,  0.0,     ,  0.0, 0.0,  26.0,       ,      ,      ,        ,        ,        ,        ,        ,        ,        ,        ,      
patrigl01, 1976,     2, EDO , WHA , D  , 23.0,  0.0,   4.0,   4.0,  62.0, -10.0,  0.0,     ,  0.0,     ,  0.0,    ,  25.0,    2.0,   0.0,   0.0,     0.0,     0.0, -1.0   ,     0.0,        ,     0.0,        ,     0.0,      
patrija01, 1983,     1, NYR , NHL , D  , 12.0,  1.0,   7.0,   8.0,   2.0, 6.0  ,  0.0,     ,  0.0,     ,  0.0, 0.0,  15.0,    5.0,   0.0,   3.0,     3.0,     2.0, 1.0    ,     0.0,        ,     0.0,        ,     0.0,     4.0
patrija01, 1984,     1, NYR , NHL , D  , 75.0,  8.0,  28.0,  36.0,  71.0, -17.0,  4.0,     ,  1.0,     ,  1.0, 0.0, 101.0,    3.0,   0.0,   0.0,     0.0,     4.0, 0.0    ,     0.0,        ,     0.0,        ,     0.0,     3.0
patrija01, 1985,     1, NYR , NHL , D  , 75.0, 14.0,  29.0,  43.0,  88.0, 14.0 ,  2.0,     ,  1.0,     ,  1.0, 1.0, 131.0,   16.0,   1.0,   5.0,     6.0,    34.0, 1.0    ,     0.0,        ,     0.0,        ,     0.0,    16.0
patrija01, 1986,     1, NYR , NHL , D  , 78.0, 10.0,  45.0,  55.0,  62.0, 13.0 ,  5.0,     ,  0.0,     ,  0.0, 0.0, 143.0,    6.0,   1.0,   2.0,     3.0,     2.0, -5.0   ,     1.0,        ,     0.0,        ,     1.0,    10.0
patrija01, 1987,     1, NYR , NHL , D  , 70.0, 17.0,  45.0,  62.0,  52.0, 16.0 ,  9.0, 26.0,  0.0,  0.0,  1.0, 0.0, 187.0,       ,      ,      ,        ,        ,        ,        ,        ,        ,        ,        ,      
patrija01, 1988,     1, NYR , NHL , D  , 68.0, 11.0,  36.0,  47.0,  41.0, 3.0  ,  6.0, 22.0,  0.0,  1.0,  2.0, 1.0, 147.0,    4.0,   0.0,   1.0,     1.0,     2.0, -1.0   ,     0.0,     1.0,     0.0,     0.0,     0.0,     6.0
patrija01, 1989,     1, NYR , NHL , D  , 73.0, 14.0,  43.0,  57.0,  50.0, 4.0  ,  9.0, 25.0,  0.0,  2.0,  0.0, 0.0, 136.0,   10.0,   3.0,   8.0,    11.0,     0.0, -2.0   ,     2.0,     6.0,     0.0,     0.0,     1.0,    25.0
patrija01, 1990,     1, NYR , NHL , D  , 74.0, 10.0,  49.0,  59.0,  58.0, -5.0 ,  6.0, 31.0,  0.0,  1.0,  2.0, 0.0, 138.0,    6.0,   0.0,   0.0,     0.0,     6.0, -1.0   ,     0.0,     0.0,     0.0,     0.0,     0.0,     7.0
patrija01, 1991,     1, NYR , NHL , D  , 80.0, 14.0,  57.0,  71.0,  54.0, 34.0 ,  6.0, 28.0,  0.0,  2.0,  1.0, 0.0, 148.0,   13.0,   0.0,   7.0,     7.0,    12.0, -4.0   ,     0.0,     5.0,     0.0,     0.0,     0.0,    21.0
patrija01, 1992,     1, NYR , NHL , D  , 60.0,  5.0,  21.0,  26.0,  61.0, 1.0  ,  3.0, 12.0,  0.0,  0.0,  0.0, 0.0,  99.0,       ,      ,      ,        ,        ,        ,        ,        ,        ,        ,        ,      
patrija01, 1993,     1, NYR , NHL , D  ,  6.0,  0.0,   3.0,   3.0,   2.0, 1.0  ,  0.0,  1.0,  0.0,  0.0,  0.0, 0.0,   6.0,       ,      ,      ,        ,        ,        ,        ,        ,        ,        ,        ,      
patrija01, 1993,     2, HAR , NHL , D  , 47.0,  8.0,  20.0,  28.0,  32.0, -12.0,  4.0, 12.0,  1.0,  0.0,  2.0, 1.0,  65.0,       ,      ,      ,        ,        ,        ,        ,        ,        ,        ,        ,      
patrija01, 1993,     3, CAL , NHL , D  , 15.0,  2.0,   2.0,   4.0,   6.0, 6.0  ,  1.0,  0.0,  0.0,  0.0,  0.0, 0.0,  20.0,    7.0,   0.0,   1.0,     1.0,     6.0, -1.0   ,     0.0,     0.0,     0.0,     0.0,     0.0,     4.0
patrija01, 1994,     1, CAL , NHL , D  , 43.0,  0.0,  10.0,  10.0,  14.0, -3.0 ,  0.0,  1.0,  0.0,  1.0,  0.0, 0.0,  43.0,    5.0,   0.0,   1.0,     1.0,     0.0, -2.0   ,     0.0,     0.0,     0.0,     0.0,     0.0,     4.0
patrija01, 1995,     1, CAL , NHL , D  , 80.0,  3.0,  32.0,  35.0,  30.0, 3.0  ,  1.0, 16.0,  0.0,  1.0,  0.0, 0.0, 116.0,    4.0,   0.0,   0.0,     0.0,     2.0, -3.0   ,     0.0,     0.0,     0.0,     0.0,     0.0,     3.0
patrija01, 1996,     1, CAL , NHL , D  , 19.0,  3.0,   1.0,   4.0,   6.0, 2.0  ,  1.0,  0.0,  0.0,  1.0,  0.0, 0.0,  22.0,       ,      ,      ,        ,        ,        ,        ,        ,        ,        ,        ,      
patrija01, 1997,     1, CAL , NHL , D  , 60.0,  6.0,  11.0,  17.0,  26.0, -2.0 ,  1.0,  3.0,  0.0,  2.0,  1.0, 0.0,  57.0,       ,      ,      ,        ,        ,        ,        ,        ,        ,        ,        ,      
patrija01, 1998,     1, BUF , NHL , D  , 45.0,  1.0,   7.0,   8.0,  16.0, 12.0 ,  0.0,  0.0,  0.0,  0.0,  0.0, 0.0,  31.0,   20.0,   0.0,   1.0,     1.0,    12.0, 6.0    ,     0.0,     0.0,     0.0,     0.0,     0.0,    11.0
patrija01, 1999,     1, BUF , NHL , D  , 66.0,  5.0,   8.0,  13.0,  22.0, 8.0  ,  0.0,  0.0,  0.0,  0.0,  3.0, 0.0,  40.0,    5.0,   0.0,   1.0,     1.0,     2.0, 1.0    ,     0.0,     0.0,     0.0,     0.0,     0.0,     3.0
patrija01, 2000,     1, BUF , NHL , D  , 54.0,  4.0,   9.0,  13.0,  12.0, 9.0  ,  1.0,  5.0,  0.0,  0.0,  0.0, 0.0,  48.0,   13.0,   1.0,   2.0,     3.0,     2.0, 0.0    ,     0.0,     0.0,     0.0,     0.0,     0.0,    16.0
patrija01, 2001,     1, BUF , NHL , D  , 56.0,  5.0,   8.0,  13.0,  16.0, 3.0  ,  1.0,  2.0,  0.0,  0.0,  0.0, 0.0,  45.0,       ,      ,      ,        ,        ,        ,        ,        ,        ,        ,        ,      
patrija01, 2002,     1, BUF , NHL , D  , 69.0,  4.0,  12.0,  16.0,  26.0, -3.0 ,  2.0,  6.0,  0.0,  0.0,  1.0, 0.0,  63.0,       ,      ,      ,        ,        ,        ,        ,        ,        ,        ,        ,      
patrija01, 2003,     1, BUF , NHL , D  , 55.0,  4.0,   7.0,  11.0,  12.0, 11.0 ,  0.0,  1.0,  0.0,  0.0,  1.0, 0.0,  44.0,       ,      ,      ,        ,        ,        ,        ,        ,        ,        ,        ,      
patrile01, 1909,     1, REN , NHA ,    , 11.0, 23.0,   0.0,  23.0,  25.0,      ,     ,     ,     ,     ,     ,    ,      ,       ,      ,      ,        ,        ,        ,        ,        ,        ,        ,        ,      
patrile01, 1911,     1, VA1 , PCHA, D  , 16.0, 10.0,   0.0,  10.0,   9.0,      ,     ,     ,     ,     ,     ,    ,      ,       ,      ,      ,        ,        ,        ,        ,        ,        ,        ,        ,      
patrile01, 1912,     1, VA1 , PCHA, D  , 15.0, 14.0,   5.0,  19.0,  12.0,      ,     ,     ,     ,     ,     ,    ,      ,       ,      ,      ,        ,        ,        ,        ,        ,        ,        ,        ,      
patrile01, 1913,     1, VA1 , PCHA, D  , 10.0,  5.0,   5.0,  10.0,   0.0,      ,     ,     ,     ,     ,     ,    ,      ,       ,      ,      ,        ,        ,        ,        ,        ,        ,        ,        ,      
patrile01, 1914,     1, VA1 , PCHA, D  , 17.0, 12.0,   5.0,  17.0,  15.0,      ,     ,     ,     ,     ,     ,    ,      ,       ,      ,      ,        ,        ,        ,        ,        ,        ,        ,        ,      
patrile01, 1915,     1, VA1 , PCHA, D  , 18.0, 13.0,  13.0,  26.0,  27.0,      ,     ,     ,     ,     ,     ,    ,      ,       ,      ,      ,        ,        ,        ,        ,        ,        ,        ,        ,      
patrile01, 1916,     1, SPO , PCHA, D  , 22.0, 10.0,  11.0,  21.0,  15.0,      ,     ,     ,     ,     ,     ,    ,      ,       ,      ,      ,        ,        ,        ,        ,        ,        ,        ,        ,      
patrile01, 1917,     1, SEA , PCHA, D  , 17.0,  2.0,   8.0,  10.0,  18.0,      ,     ,     ,     ,     ,     ,    ,      ,    2.0,   0.0,   1.0,     1.0,     0.0,        ,        ,        ,        ,        ,        ,      
patrile01, 1918,     1, VA2 , PCHA, D  , 10.0,  2.0,   4.0,   6.0,   0.0,      ,     ,     ,     ,     ,     ,    ,      ,       ,      ,      ,        ,        ,        ,        ,        ,        ,        ,        ,      
patrile01, 1919,     1, VA2 , PCHA, D  , 12.0,  2.0,   2.0,   4.0,   3.0,      ,     ,     ,     ,     ,     ,    ,      ,       ,      ,      ,        ,        ,        ,        ,        ,        ,        ,        ,      
patrile01, 1920,     1, VA2 , PCHA, D  ,  5.0,  2.0,   3.0,   5.0,  13.0,      ,     ,     ,     ,     ,     ,    ,      ,       ,      ,      ,        ,        ,        ,        ,        ,        ,        ,        ,      
patrile01, 1921,     1, VA2 , PCHA, D  ,  2.0,  0.0,   0.0,   0.0,   0.0,      ,     ,     ,     ,     ,     ,    ,      ,       ,      ,      ,        ,        ,        ,        ,        ,        ,        ,        ,      
patrile01, 1925,     1, VIC , WCHL, D  , 23.0,  5.0,   8.0,  13.0,  20.0,      ,     ,     ,     ,     ,     ,    ,      ,    2.0,   0.0,   0.0,     0.0,     2.0,        ,        ,        ,        ,        ,        ,      
patrile01, 1926,     1, NYR , NHL , D  ,  1.0,  0.0,   0.0,   0.0,   2.0,      ,     ,     ,     ,     ,     ,    ,      ,       ,      ,      ,        ,        ,        ,        ,        ,        ,        ,        ,      
patrile01, 1927,     1, NYR , NHL , G  ,     ,     ,      ,      ,      ,      ,     ,     ,     ,     ,     ,    ,      ,    1.0,   0.0,   0.0,     0.0,     0.0,        ,        ,        ,        ,        ,        ,      
patrily01, 1934,     1, NYR , NHL , L  , 48.0,  9.0,  13.0,  22.0,  17.0,      ,     ,     ,     ,     ,     ,    ,      ,    4.0,   2.0,   2.0,     4.0,     0.0,        ,        ,        ,        ,        ,        ,      
patrily01, 1935,     1, NYR , NHL , L  , 48.0, 11.0,  14.0,  25.0,  29.0,      ,     ,     ,     ,     ,     ,    ,      ,       ,      ,      ,        ,        ,        ,        ,        ,        ,        ,        ,      
patrily01, 1936,     1, NYR , NHL , L  , 45.0,  8.0,  16.0,  24.0,  23.0,      ,     ,     ,     ,     ,     ,    ,      ,    9.0,   3.0,   0.0,     3.0,     2.0,        ,        ,        ,        ,        ,        ,      
patrily01, 1937,     1, NYR , NHL , L  , 48.0, 15.0,  19.0,  34.0,  24.0,      ,     ,     ,     ,     ,     ,    ,      ,    3.0,   0.0,   1.0,     1.0,     2.0,        ,        ,        ,        ,        ,        ,      
patrily01, 1938,     1, NYR , NHL , L  , 35.0,  8.0,  21.0,  29.0,  25.0,      ,     ,     ,     ,     ,     ,    ,      ,    7.0,   1.0,   1.0,     2.0,     0.0,        ,        ,        ,        ,        ,        ,      
patrily01, 1939,     1, NYR , NHL , L  , 48.0, 12.0,  16.0,  28.0,  34.0,      ,     ,     ,     ,     ,     ,    ,      ,   12.0,   2.0,   2.0,     4.0,     4.0,        ,        ,        ,        ,        ,        ,      
patrily01, 1940,     1, NYR , NHL , L  , 48.0, 20.0,  24.0,  44.0,  12.0,      ,     ,     ,     ,     ,     ,    ,      ,    3.0,   1.0,   0.0,     1.0,    14.0,        ,        ,        ,        ,        ,        ,      
patrily01, 1941,     1, NYR , NHL , L  , 47.0, 32.0,  22.0,  54.0,  18.0,      ,     ,     ,     ,     ,     ,    ,      ,    6.0,   1.0,   0.0,     1.0,     0.0,        ,        ,        ,        ,        ,        ,      
patrily01, 1942,     1, NYR , NHL , L  , 50.0, 22.0,  39.0,  61.0,  28.0,      ,     ,     ,     ,     ,     ,    ,      ,       ,      ,      ,        ,        ,        ,        ,        ,        ,        ,        ,      
patrily01, 1945,     1, NYR , NHL , L  , 38.0,  8.0,   6.0,  14.0,  30.0,      ,     ,     ,     ,     ,     ,    ,      ,       ,      ,      ,        ,        ,        ,        ,        ,        ,        ,        ,      
patrimu01, 1937,     1, NYR , NHL , D  ,  1.0,  0.0,   2.0,   2.0,   0.0,      ,     ,     ,     ,     ,     ,    ,      ,    3.0,   0.0,   0.0,     0.0,     2.0,        ,        ,        ,        ,        ,        ,      
patrimu01, 1938,     1, NYR , NHL , D  , 48.0,  1.0,  10.0,  11.0,  64.0,      ,     ,     ,     ,     ,     ,    ,      ,    7.0,   1.0,   0.0,     1.0,    17.0,        ,        ,        ,        ,        ,        ,      
patrimu01, 1939,     1, NYR , NHL , D  , 46.0,  2.0,   4.0,   6.0,  44.0,      ,     ,     ,     ,     ,     ,    ,      ,   12.0,   3.0,   0.0,     3.0,    13.0,        ,        ,        ,        ,        ,        ,      
patrimu01, 1940,     1, NYR , NHL , D  , 47.0,  2.0,   8.0,  10.0,  21.0,      ,     ,     ,     ,     ,     ,    ,      ,    3.0,   0.0,   0.0,     0.0,     2.0,        ,        ,        ,        ,        ,        ,      
patrimu01, 1945,     1, NYR , NHL , D  , 24.0,  0.0,   2.0,   2.0,   4.0,      ,     ,     ,     ,     ,     ,    ,      ,       ,      ,      ,        ,        ,        ,        ,        ,        ,        ,        ,      
patrist01, 1980,     1, BUF , NHL , R  , 30.0,  1.0,   7.0,   8.0,  25.0, 1.0  ,  0.0,     ,  0.0,     ,  0.0, 0.0,  35.0,    5.0,   0.0,   1.0,     1.0,     6.0,        ,     0.0,        ,     0.0,        ,     0.0,      
patrist01, 1981,     1, BUF , NHL , R  , 41.0,  8.0,   8.0,  16.0,  64.0, 3.0  ,  0.0,     ,  0.0,     ,  0.0, 0.0,  52.0,       ,      ,      ,        ,        ,        ,        ,        ,        ,        ,        ,      
patrist01, 1982,     1, BUF , NHL , R  , 56.0,  9.0,  13.0,  22.0,  26.0, 4.0  ,  0.0,     ,  0.0,     ,  1.0, 0.0,  63.0,    2.0,   0.0,   0.0,     0.0,     0.0,        ,     0.0,        ,     0.0,        ,     0.0,      
patrist01, 1983,     1, BUF , NHL , R  , 11.0,  1.0,   4.0,   5.0,   6.0, -2.0 ,  0.0,     ,  0.0,     ,  0.0, 0.0,  11.0,    1.0,   0.0,   0.0,     0.0,     0.0, 0.0    ,     0.0,        ,     0.0,        ,     0.0,     0.0
patrist01, 1984,     1, BUF , NHL , R  , 14.0,  2.0,   2.0,   4.0,   4.0, -3.0 ,  0.0,     ,  0.0,     ,  0.0, 0.0,  12.0,       ,      ,      ,        ,        ,        ,        ,        ,        ,        ,        ,      
patrist01, 1984,     2, NYR , NHL , R  , 43.0, 11.0,  18.0,  29.0,  63.0, -5.0 ,  4.0,     ,  0.0,     ,  0.0, 0.0,  63.0,    1.0,   0.0,   0.0,     0.0,     0.0, -1.0   ,     0.0,        ,     0.0,        ,     0.0,     0.0
patrist01, 1985,     1, NYR , NHL , R  , 28.0,  4.0,   3.0,   7.0,  37.0, -7.0 ,  0.0,     ,  0.0,     ,  0.0, 0.0,  20.0,       ,      ,      ,        ,        ,        ,        ,        ,        ,        ,        ,      
patrist01, 1985,     2, QUE , NHL , R  , 27.0,  4.0,  13.0,  17.0,  17.0, 1.0  ,  1.0,     ,  0.0,     ,  0.0, 0.0,  29.0,    3.0,   0.0,   0.0,     0.0,     6.0, -1.0   ,     0.0,        ,     0.0,        ,     0.0,     1.0
patryde01, 1974,     1, QUN , WHA , R  ,  3.0,  1.0,   2.0,   3.0,   2.0,      ,  0.0,     ,  0.0,     ,     ,    ,   4.0,       ,      ,      ,        ,        ,        ,        ,        ,        ,        ,        ,      
patteco01, 1983,     1, CAL , NHL , R  , 56.0, 13.0,  14.0,  27.0,  15.0, 17.0 ,  0.0,     ,  1.0,     ,  1.0, 0.0,  87.0,   11.0,   1.0,   1.0,     2.0,     6.0, -7.0   ,     0.0,        ,     0.0,        ,     0.0,    25.0
patteco01, 1984,     1, CAL , NHL , R  , 57.0, 22.0,  21.0,  43.0,   5.0, 20.0 ,  3.0,     ,  0.0,     ,  2.0, 1.0, 104.0,    4.0,   0.0,   0.0,     0.0,     5.0, -4.0   ,     0.0,        ,     0.0,        ,     0.0,     3.0
patteco01, 1985,     1, CAL , NHL , R/L, 61.0, 14.0,  13.0,  27.0,  22.0, 8.0  ,  0.0,     ,  0.0,     ,  1.0, 0.0,  84.0,   19.0,   6.0,   3.0,     9.0,    10.0, 0.0    ,     1.0,        ,     1.0,        ,     1.0,    36.0
patteco01, 1986,     1, CAL , NHL , R  , 68.0, 13.0,  13.0,  26.0,  41.0, 7.0  ,  0.0,     ,  1.0,     ,  3.0, 0.0,  78.0,    6.0,   0.0,   2.0,     2.0,     2.0, -2.0   ,     0.0,        ,     0.0,        ,     0.0,     8.0
patteco01, 1987,     1, CAL , NHL , L  , 39.0,  7.0,  11.0,  18.0,  28.0, 7.0  ,  0.0,  0.0,  0.0,  0.0,  0.0, 0.0,  37.0,    9.0,   1.0,   0.0,     1.0,     8.0, -1.0   ,     0.0,     0.0,     1.0,     0.0,     0.0,     8.0
patteco01, 1988,     1, CAL , NHL , L  , 74.0, 14.0,  24.0,  38.0,  56.0, 44.0 ,  0.0,  0.0,  0.0,  4.0,  1.0, 0.0, 103.0,   22.0,   3.0,  10.0,    13.0,    24.0, 10.0   ,     0.0,     1.0,     0.0,     1.0,     0.0,    24.0
patteco01, 1989,     1, CAL , NHL , L  , 61.0,  5.0,   3.0,   8.0,  20.0, -4.0 ,  0.0,  0.0,  0.0,  1.0,  0.0, 0.0,  56.0,       ,      ,      ,        ,        ,        ,        ,        ,        ,        ,        ,      
patteco01, 1990,     1, CAL , NHL , R  ,     ,     ,      ,      ,      ,      ,     ,     ,     ,     ,     ,    ,      ,    1.0,   0.0,   0.0,     0.0,     0.0, -1.0   ,     0.0,     0.0,     0.0,     0.0,     0.0,     0.0
patteco01, 1991,     1, BUF , NHL , R  , 52.0,  4.0,   8.0,  12.0,  30.0, -4.0 ,  0.0,  0.0,  2.0,  0.0,  0.0, 0.0,  33.0,    5.0,   1.0,   0.0,     1.0,     0.0, -2.0   ,     0.0,     0.0,     0.0,     0.0,     0.0,     2.0
patteco01, 1992,     1, BUF , NHL , R  , 36.0,  4.0,   2.0,   6.0,  22.0, -2.0 ,  0.0,  0.0,  1.0,  0.0,  0.0, 0.0,  30.0,    8.0,   0.0,   1.0,     1.0,     2.0, 0.0    ,     0.0,     0.0,     0.0,     0.0,     0.0,     2.0
pattede01, 1974,     1, KCS , NHL , D  , 66.0,  1.0,   5.0,   6.0,  39.0, -57.0,  0.0,     ,  0.0,     ,  0.0, 1.0,  53.0,       ,      ,      ,        ,        ,        ,        ,        ,        ,        ,        ,      
pattede01, 1975,     1, KCS , NHL , D  , 69.0,  5.0,  16.0,  21.0,  28.0, -28.0,  0.0,     ,  0.0,     ,  0.0, 0.0,  76.0,       ,      ,      ,        ,        ,        ,        ,        ,        ,        ,        ,      
pattede01, 1976,     1, EDO , WHA , D  , 23.0,  0.0,   2.0,   2.0,   2.0, -18.0,  0.0,     ,  0.0,     ,  0.0,    ,  11.0,       ,      ,      ,        ,        ,        ,        ,        ,        ,        ,        ,      
pattede01, 1979,     1, PHI , NHL , D  ,  3.0,  0.0,   1.0,   1.0,   0.0, -1.0 ,  0.0,     ,  0.0,     ,  0.0, 0.0,   3.0,       ,      ,      ,        ,        ,        ,        ,        ,        ,        ,        ,      
patteed01, 1993,     1, PIT , NHL , R  , 27.0,  3.0,   1.0,   4.0,  10.0, -5.0 ,  0.0,  0.0,  0.0,  0.0,  0.0, 0.0,  15.0,       ,      ,      ,        ,        ,        ,        ,        ,        ,        ,        ,      
patteed01, 1995,     1, PIT , NHL , R  , 35.0,  0.0,   2.0,   2.0,  38.0, -5.0 ,  0.0,  0.0,  0.0,  1.0,  0.0, 0.0,  17.0,       ,      ,      ,        ,        ,        ,        ,        ,        ,        ,        ,      
patteed01, 1996,     1, PIT , NHL , R  ,  6.0,  0.0,   0.0,   0.0,   8.0, 0.0  ,  0.0,  0.0,  0.0,  0.0,  0.0, 0.0,   2.0,       ,      ,      ,        ,        ,        ,        ,        ,        ,        ,        ,      
pattege01, 1926,     1, TRS , NHL , R  , 17.0,  4.0,   2.0,   6.0,  17.0,      ,     ,     ,     ,     ,     ,    ,      ,       ,      ,      ,        ,        ,        ,        ,        ,        ,        ,        ,      
pattege01, 1927,     1, TOR , NHL , R  , 12.0,  0.0,   1.0,   1.0,  14.0,      ,     ,     ,     ,     ,     ,    ,      ,       ,      ,      ,        ,        ,        ,        ,        ,        ,        ,        ,      
pattege01, 1927,     2, MTL , NHL , R  , 16.0,  1.0,   0.0,   1.0,   0.0,      ,     ,     ,     ,     ,     ,    ,      ,       ,      ,      ,        ,        ,        ,        ,        ,        ,        ,        ,      
pattege01, 1928,     1, MTL , NHL , R  , 44.0,  4.0,   5.0,   9.0,  34.0,      ,     ,     ,     ,     ,     ,    ,      ,    3.0,   0.0,   0.0,     0.0,     2.0,        ,        ,        ,        ,        ,        ,      
pattege01, 1929,     1, NYA , NHL , R  , 39.0, 13.0,   4.0,  17.0,  24.0,      ,     ,     ,     ,     ,     ,    ,      ,       ,      ,      ,        ,        ,        ,        ,        ,        ,        ,        ,      
pattege01, 1930,     1, NYA , NHL , R  , 44.0,  8.0,   6.0,  14.0,  67.0,      ,     ,     ,     ,     ,     ,    ,      ,       ,      ,      ,        ,        ,        ,        ,        ,        ,        ,        ,      
pattege01, 1931,     1, NYA , NHL , R  , 20.0,  6.0,   0.0,   6.0,  26.0,      ,     ,     ,     ,     ,     ,    ,      ,       ,      ,      ,        ,        ,        ,        ,        ,        ,        ,        ,      
pattege01, 1932,     1, NYA , NHL , R  , 41.0, 12.0,   7.0,  19.0,  26.0,      ,     ,     ,     ,     ,     ,    ,      ,       ,      ,      ,        ,        ,        ,        ,        ,        ,        ,        ,      
pattege01, 1933,     1, NYA , NHL , R  , 13.0,  3.0,   0.0,   3.0,   6.0,      ,     ,     ,     ,     ,     ,    ,      ,       ,      ,      ,        ,        ,        ,        ,        ,        ,        ,        ,      
pattege01, 1933,     2, BOS , NHL , R  , 10.0,  0.0,   1.0,   1.0,   2.0,      ,     ,     ,     ,     ,     ,    ,      ,       ,      ,      ,        ,        ,        ,        ,        ,        ,        ,        ,      
pattege01, 1934,     1, DET , NHL , R  ,  7.0,  0.0,   0.0,   0.0,   0.0,      ,     ,     ,     ,     ,     ,    ,      ,       ,      ,      ,        ,        ,        ,        ,        ,        ,        ,        ,      
pattege01, 1934,     2, STE , NHL , R  , 21.0,  0.0,   1.0,   1.0,   2.0,      ,     ,     ,     ,     ,     ,    ,      ,       ,      ,      ,        ,        ,        ,        ,        ,        ,        ,        ,      
patzodi01, 2007,     1, SJS , NHL , G  ,  3.0,  0.0,   0.0,   0.0,   0.0, 0.0  ,  0.0,  0.0,  0.0,  0.0,  0.0,    ,   0.0,       ,      ,      ,        ,        ,        ,        ,        ,        ,        ,        ,      
paulbu01 , 1964,     1, DET , NHL , C  ,  3.0,  0.0,   0.0,   0.0,   0.0,      ,  0.0,     ,  0.0,     ,  0.0, 0.0,      ,       ,      ,      ,        ,        ,        ,        ,        ,        ,        ,        ,      
paulhro01, 1925,     1, MTL , NHL , D  , 33.0,  0.0,   0.0,   0.0,   0.0,      ,     ,     ,     ,     ,     ,    ,      ,       ,      ,      ,        ,        ,        ,        ,        ,        ,        ,        ,      
paulje01 , 2002,     1, COL , NHL , D  ,  2.0,  0.0,   0.0,   0.0,   7.0, 0.0  ,  0.0,  0.0,  0.0,  0.0,  0.0, 0.0,   0.0,       ,      ,      ,        ,        ,        ,        ,        ,        ,        ,        ,      
pausova01, 1978,     1, SOV , WHA ,    ,  5.0,  1.0,   2.0,   3.0,   4.0,      ,     ,     ,     ,     ,     ,    ,      ,       ,      ,      ,        ,        ,        ,        ,        ,        ,        ,        ,      
paveljo01, 2006,     1, SJS , NHL , C  , 46.0, 14.0,  14.0,  28.0,  18.0, 4.0  ,  5.0,  6.0,  0.0,  0.0,  3.0,    , 111.0,    6.0,   1.0,   0.0,     1.0,     0.0, 2.0    ,     0.0,     0.0,     0.0,     0.0,     0.0,     6.0
paveljo01, 2007,     1, SJS , NHL , C  , 82.0, 19.0,  21.0,  40.0,  28.0, 1.0  ,  8.0, 10.0,  1.0,  0.0,  4.0,    , 207.0,   13.0,   5.0,   4.0,     9.0,     0.0, 3.0    ,     2.0,     0.0,     0.0,     0.0,     3.0,    44.0
paveljo01, 2008,     1, SJS , NHL , C  , 80.0, 25.0,  34.0,  59.0,  46.0, 5.0  ,  8.0, 15.0,  3.0,  1.0,  3.0,    , 266.0,    6.0,   0.0,   1.0,     1.0,     9.0, -3.0   ,     0.0,     0.0,     0.0,     0.0,     0.0,    18.0
paveljo01, 2009,     1, SJS , NHL , C  , 67.0, 25.0,  26.0,  51.0,  26.0, 1.0  ,  3.0, 10.0,  1.0,  1.0,  5.0,    , 228.0,   15.0,   9.0,   8.0,    17.0,     6.0, 6.0    ,     5.0,     2.0,     0.0,     1.0,     3.0,    65.0
pavelma01, 1947,     1, DET , NHL , L  , 41.0,  4.0,   8.0,  12.0,  10.0,      ,     ,     ,     ,     ,     ,    ,      ,   10.0,   2.0,   2.0,     4.0,     6.0,        ,        ,        ,        ,        ,        ,      
pavelma01, 1948,     1, DET , NHL , L  , 60.0, 10.0,  16.0,  26.0,  40.0,      ,     ,     ,     ,     ,     ,    ,      ,    9.0,   0.0,   1.0,     1.0,     8.0,        ,        ,        ,        ,        ,        ,      
pavelma01, 1949,     1, DET , NHL , L  , 65.0,  8.0,  15.0,  23.0,  58.0,      ,     ,     ,     ,     ,     ,    ,      ,   14.0,   4.0,   2.0,     6.0,    13.0,        ,        ,        ,        ,        ,        ,      
pavelma01, 1950,     1, DET , NHL , L  , 67.0,  9.0,  20.0,  29.0,  41.0,      ,     ,     ,     ,     ,     ,    ,      ,    6.0,   0.0,   1.0,     1.0,     2.0,        ,        ,        ,        ,        ,        ,      
pavelma01, 1951,     1, DET , NHL , L  , 68.0, 17.0,  19.0,  36.0,  54.0,      ,     ,     ,     ,     ,     ,    ,      ,    8.0,   2.0,   2.0,     4.0,     2.0,        ,        ,        ,        ,        ,        ,      
pavelma01, 1952,     1, DET , NHL , L  , 64.0, 13.0,  20.0,  33.0,  49.0,      ,     ,     ,     ,     ,     ,    ,      ,    6.0,   2.0,   1.0,     3.0,     7.0,        ,        ,        ,        ,        ,        ,      
pavelma01, 1953,     1, DET , NHL , L  , 65.0,  9.0,  20.0,  29.0,  57.0,      ,     ,     ,     ,     ,     ,    ,      ,   12.0,   2.0,   2.0,     4.0,     4.0,        ,        ,        ,        ,        ,        ,      
pavelma01, 1954,     1, DET , NHL , L  , 70.0, 15.0,  15.0,  30.0,  59.0,      ,     ,     ,     ,     ,     ,    ,      ,   11.0,   1.0,   3.0,     4.0,    12.0,        ,        ,        ,        ,        ,        ,      
pavelma01, 1955,     1, DET , NHL , L  , 70.0,  5.0,  13.0,  18.0,  38.0,      ,     ,     ,     ,     ,     ,    ,      ,   10.0,   0.0,   1.0,     1.0,    14.0,        ,        ,        ,        ,        ,        ,      
pavelma01, 1956,     1, DET , NHL , L  , 64.0,  3.0,  13.0,  16.0,  48.0,      ,     ,     ,     ,     ,     ,    ,      ,    5.0,   0.0,   0.0,     0.0,     6.0,        ,        ,        ,        ,        ,        ,      
pavelma02, 1981,     1, NYR , NHL , C  , 79.0, 33.0,  43.0,  76.0,  67.0, 21.0 , 12.0,     ,  3.0,     ,  3.0, 3.0, 180.0,    6.0,   1.0,   5.0,     6.0,     0.0,        ,     0.0,        ,     0.0,        ,     0.0,      
pavelma02, 1982,     1, NYR , NHL , C  , 78.0, 37.0,  38.0,  75.0,  52.0, 20.0 , 10.0,     ,  2.0,     ,  6.0, 1.0, 154.0,    9.0,   4.0,   5.0,     9.0,    12.0,        ,     2.0,        ,     0.0,        ,     2.0,      
pavelma02, 1983,     1, NYR , NHL , C  , 77.0, 29.0,  53.0,  82.0,  96.0, 11.0 , 12.0,     ,  1.0,     ,  2.0, 1.0, 164.0,    5.0,   2.0,   4.0,     6.0,     0.0, 3.0    ,     0.0,        ,     1.0,        ,     0.0,     9.0
pavelma02, 1984,     1, NYR , NHL , C  , 48.0, 14.0,  31.0,  45.0,  29.0, 1.0  ,  6.0,     ,  0.0,     ,  3.0, 0.0,  91.0,    3.0,   0.0,   3.0,     3.0,     2.0, -2.0   ,     0.0,        ,     0.0,        ,     0.0,     1.0
pavelma02, 1985,     1, NYR , NHL , C  , 59.0, 20.0,  20.0,  40.0,  82.0, -3.0 ,  8.0,     ,  0.0,     ,  3.0, 1.0, 104.0,       ,      ,      ,        ,        ,        ,        ,        ,        ,        ,        ,      
pavelma02, 1986,     1, MNS , NHL , C  , 12.0,  4.0,   6.0,  10.0,  10.0, 7.0  ,  0.0,     ,  0.0,     ,  0.0, 0.0,  25.0,       ,      ,      ,        ,        ,        ,        ,        ,        ,        ,        ,      
pavelma02, 1991,     1, SJS , NHL , C  ,  2.0,  0.0,   1.0,   1.0,   4.0, -2.0 ,  0.0,  0.0,  0.0,  0.0,  0.0, 0.0,   0.0,       ,      ,      ,        ,        ,        ,        ,        ,        ,        ,        ,      
pavelon01, 2007,     1, ATL , NHL , G  ,  7.0,  0.0,   0.0,   0.0,   2.0, 0.0  ,  0.0,  0.0,  0.0,  0.0,  0.0,    ,   0.0,       ,      ,      ,        ,        ,        ,        ,        ,        ,        ,        ,      
pavelon01, 2008,     1, ATL , NHL , G  , 12.0,  0.0,   0.0,   0.0,   0.0, 0.0  ,  0.0,  0.0,  0.0,  0.0,  0.0,    ,   0.0,       ,      ,      ,        ,        ,        ,        ,        ,        ,        ,        ,      
pavelon01, 2009,     1, ATL , NHL , G  , 42.0,  0.0,   1.0,   1.0,   0.0, 0.0  ,  0.0,  0.0,  0.0,  0.0,  0.0,    ,   0.0,       ,      ,      ,        ,        ,        ,        ,        ,        ,        ,        ,      
pavesji01, 1981,     1, STL , NHL , D  , 42.0,  2.0,   9.0,  11.0, 101.0, -14.0,  0.0,     ,  0.0,     ,  1.0, 0.0,  29.0,    3.0,   0.0,   3.0,     3.0,     2.0,        ,     0.0,        ,     0.0,        ,     0.0,      
pavesji01, 1982,     1, STL , NHL , D  , 24.0,  0.0,   2.0,   2.0,  45.0, -11.0,  0.0,     ,  0.0,     ,  0.0, 0.0,   9.0,    4.0,   0.0,   0.0,     0.0,     6.0,        ,     0.0,        ,     0.0,        ,     0.0,      
pavesji01, 1983,     1, STL , NHL , D  ,  4.0,  0.0,   1.0,   1.0,  19.0, -1.0 ,  0.0,     ,  0.0,     ,  0.0, 0.0,   1.0,    2.0,   0.0,   0.0,     0.0,     0.0, -1.0   ,     0.0,        ,     0.0,        ,     0.0,     1.0
pavesji01, 1984,     1, STL , NHL , D  , 51.0,  2.0,   5.0,   7.0,  69.0, -4.0 ,  0.0,     ,  0.0,     ,  1.0, 0.0,  27.0,    1.0,   0.0,   0.0,     0.0,     5.0, 0.0    ,     0.0,        ,     0.0,        ,     0.0,     0.0
pavesji01, 1985,     1, STL , NHL , D  , 69.0,  4.0,   7.0,  11.0, 116.0, -3.0 ,  1.0,     ,  0.0,     ,  0.0, 0.0,  51.0,   19.0,   0.0,   2.0,     2.0,    51.0, -2.0   ,     0.0,        ,     0.0,        ,     0.0,    17.0
pavesji01, 1986,     1, STL , NHL , D  , 69.0,  2.0,   9.0,  11.0, 127.0, -21.0,  0.0,     ,  0.0,     ,  0.0, 0.0,  45.0,    2.0,   0.0,   0.0,     0.0,     2.0, -1.0   ,     0.0,        ,     0.0,        ,     0.0,     1.0
pavesji01, 1987,     1, STL , NHL , D  ,  4.0,  0.0,   1.0,   1.0,   8.0, -1.0 ,  0.0,     ,  0.0,  0.0,  0.0, 0.0,   3.0,       ,      ,      ,        ,        ,        ,        ,        ,        ,        ,        ,      
pavesji01, 1987,     2, NYR , NHL , D  , 14.0,  0.0,   1.0,   1.0,  48.0, -7.0 ,  0.0,     ,  0.0,  0.0,  0.0, 0.0,  13.0,       ,      ,      ,        ,        ,        ,        ,        ,        ,        ,        ,      
pavesji01, 1987,     3, DET , NHL , D  ,  7.0,  0.0,   3.0,   3.0,  21.0, 3.0  ,  0.0,     ,  0.0,  0.0,  0.0, 0.0,   4.0,    4.0,   0.0,   1.0,     1.0,    15.0, 5.0    ,     0.0,     0.0,     0.0,     0.0,     0.0,     5.0
pavesji01, 1988,     1, DET , NHL , D  , 39.0,  3.0,   6.0,   9.0, 130.0, -1.0 ,  0.0,  0.0,  0.0,  0.0,  0.0, 0.0,  27.0,       ,      ,      ,        ,        ,        ,        ,        ,        ,        ,        ,      
pavesji01, 1988,     2, HAR , NHL , D  ,  5.0,  0.0,   0.0,   0.0,   5.0, -1.0 ,  0.0,  0.0,  0.0,  0.0,  0.0, 0.0,   6.0,    1.0,   0.0,   0.0,     0.0,     0.0, -1.0   ,     0.0,     0.0,     0.0,     0.0,     0.0,     0.0
payaneu01, 1910,     1, MOC , NHA ,    , 16.0, 12.0,   0.0,  12.0,  41.0,      ,     ,     ,     ,     ,     ,    ,      ,       ,      ,      ,        ,        ,        ,        ,        ,        ,        ,        ,      
payaneu01, 1911,     1, MOC , NHA ,    , 18.0,  8.0,   0.0,   8.0,  25.0,      ,     ,     ,     ,     ,     ,    ,      ,       ,      ,      ,        ,        ,        ,        ,        ,        ,        ,        ,      
payaneu01, 1912,     1, MOC , NHA ,    ,  6.0,  3.0,   0.0,   3.0,  18.0,      ,     ,     ,     ,     ,     ,    ,      ,       ,      ,      ,        ,        ,        ,        ,        ,        ,        ,        ,      
payaneu01, 1913,     1, MOC , NHA ,    ,  7.0,  6.0,   0.0,   6.0,  26.0,      ,     ,     ,     ,     ,     ,    ,      ,    2.0,   0.0,      ,        ,        ,        ,        ,        ,        ,        ,        ,      
payerev01, 1910,     1, MOC , NHA ,    ,  4.0,  0.0,   0.0,   0.0,   3.0,      ,     ,     ,     ,     ,     ,    ,      ,       ,      ,      ,        ,        ,        ,        ,        ,        ,        ,        ,      
payerev01, 1911,     1, MOC , NHA ,    ,  4.0,  1.0,   0.0,   1.0,   0.0,      ,     ,     ,     ,     ,     ,    ,      ,       ,      ,      ,        ,        ,        ,        ,        ,        ,        ,        ,      
payerev01, 1917,     1, MTL , NHL , F  ,  1.0,  0.0,   0.0,   0.0,   0.0,      ,     ,     ,     ,     ,  0.0,    ,      ,       ,      ,      ,        ,        ,        ,        ,        ,        ,        ,        ,      
payerse01, 2000,     1, FLO , NHL , C  , 43.0,  5.0,   1.0,   6.0,  21.0, 0.0  ,  0.0,  0.0,  1.0,  0.0,  0.0, 0.0,  34.0,       ,      ,      ,        ,        ,        ,        ,        ,        ,        ,        ,      
payerse01, 2003,     1, OTT , NHL , C  ,  5.0,  0.0,   1.0,   1.0,   2.0, 1.0  ,  0.0,  0.0,  0.0,  0.0,  0.0, 0.0,   2.0,       ,      ,      ,        ,        ,        ,        ,        ,        ,        ,        ,      
payerse01, 2005,     1, FLO , NHL , R  , 71.0,  2.0,   4.0,   6.0,  26.0, -7.0 ,  0.0,  0.0,  0.0,  0.0,  0.0,    ,  70.0,       ,      ,      ,        ,        ,        ,        ,        ,        ,        ,        ,      
payerse01, 2006,     1, OTT , NHL , C  ,  5.0,  0.0,   0.0,   0.0,   0.0, -1.0 ,  0.0,  0.0,  0.0,  0.0,  0.0,    ,   4.0,       ,      ,      ,        ,        ,        ,        ,        ,        ,        ,        ,      
payetje01, 1972,     1, QUN , WHA , C  , 71.0, 15.0,  29.0,  44.0,  46.0,      ,  8.0,     ,  0.0,     ,     ,    ,      ,       ,      ,      ,        ,        ,        ,        ,        ,        ,        ,        ,      
payetje01, 1973,     1, QUN , WHA , C  , 41.0,  4.0,  11.0,  15.0,   6.0,      ,  1.0,     ,  0.0,     ,  1.0,    ,      ,       ,      ,      ,        ,        ,        ,        ,        ,        ,        ,        ,      
payneda01, 1995,     1, BOS , NHL , L  ,  7.0,  0.0,   0.0,   0.0,   7.0, 0.0  ,  0.0,  0.0,  0.0,  0.0,  0.0, 0.0,   2.0,       ,      ,      ,        ,        ,        ,        ,        ,        ,        ,        ,      
payneda01, 1996,     1, BOS , NHL , L  , 15.0,  0.0,   1.0,   1.0,   7.0, -4.0 ,  0.0,  1.0,  0.0,  0.0,  0.0, 0.0,   8.0,       ,      ,      ,        ,        ,        ,        ,        ,        ,        ,        ,      
paynest01, 1978,     1, MNS , NHL , L  , 70.0, 23.0,  17.0,  40.0,  29.0, -5.0 ,  3.0,     ,  0.0,     ,  2.0, 2.0, 165.0,       ,      ,      ,        ,        ,        ,        ,        ,        ,        ,        ,      
paynest01, 1979,     1, MNS , NHL , L  , 80.0, 42.0,  43.0,  85.0,  40.0, 37.0 , 16.0,     ,  0.0,     ,  2.0, 2.0, 233.0,   15.0,   7.0,   7.0,    14.0,     9.0,        ,     3.0,        ,     0.0,        ,     3.0,      
paynest01, 1980,     1, MNS , NHL , L  , 76.0, 30.0,  28.0,  58.0,  88.0, 14.0 , 11.0,     ,  0.0,     ,  2.0, 2.0, 243.0,   19.0,  17.0,  12.0,    29.0,     6.0,        ,     6.0,        ,     0.0,        ,     4.0,      
paynest01, 1981,     1, MNS , NHL , L  , 74.0, 33.0,  45.0,  78.0,  76.0, 20.0 , 11.0,     ,  0.0,     ,  3.0, 2.0, 239.0,    4.0,   4.0,   2.0,     6.0,     2.0,        ,     2.0,        ,     0.0,        ,     0.0,      
paynest01, 1982,     1, MNS , NHL , L  , 80.0, 30.0,  39.0,  69.0,  53.0, -9.0 , 14.0,     ,  1.0,     ,  2.0, 1.0, 199.0,    9.0,   3.0,   6.0,     9.0,    19.0,        ,     1.0,        ,     0.0,        ,     0.0,      
paynest01, 1983,     1, MNS , NHL , L  , 78.0, 28.0,  31.0,  59.0,  49.0, -2.0 ,  7.0,     ,  0.0,     ,  2.0, 0.0, 174.0,   15.0,   3.0,   6.0,     9.0,    18.0, -3.0   ,     1.0,        ,     0.0,        ,     2.0,    44.0
paynest01, 1984,     1, MNS , NHL , L  , 76.0, 29.0,  22.0,  51.0,  61.0, -14.0, 14.0,     ,  0.0,     ,  4.0, 1.0, 224.0,    9.0,   1.0,   2.0,     3.0,     6.0, -2.0   ,     0.0,        ,     0.0,        ,     0.0,    22.0
paynest01, 1985,     1, MNS , NHL , L  , 22.0,  8.0,   4.0,  12.0,   8.0, 0.0  ,  3.0,     ,  0.0,     ,  2.0, 0.0,  60.0,       ,      ,      ,        ,        ,        ,        ,        ,        ,        ,        ,      
paynest01, 1986,     1, MNS , NHL , L  , 48.0,  4.0,   6.0,  10.0,  19.0, -12.0,  0.0,     ,  0.0,     ,  0.0, 0.0,  67.0,       ,      ,      ,        ,        ,        ,        ,        ,        ,        ,        ,      
paynest01, 1987,     1, MNS , NHL , L  ,  9.0,  1.0,   3.0,   4.0,  12.0, -1.0 ,  0.0,  2.0,  0.0,  0.0,  0.0, 0.0,  15.0,       ,      ,      ,        ,        ,        ,        ,        ,        ,        ,        ,      
payntke01, 1987,     1, CHI , NHL , D  ,  2.0,  0.0,   0.0,   0.0,   2.0, 0.0  ,  0.0,  0.0,  0.0,  0.0,  0.0, 0.0,   0.0,       ,      ,      ,        ,        ,        ,        ,        ,        ,        ,        ,      
payntke01, 1988,     1, CHI , NHL , D  ,  1.0,  0.0,   0.0,   0.0,   2.0, -1.0 ,  0.0,  0.0,  0.0,  0.0,  0.0, 0.0,   0.0,       ,      ,      ,        ,        ,        ,        ,        ,        ,        ,        ,      
payntke01, 1989,     1, WAS , NHL , D  , 13.0,  1.0,   2.0,   3.0,  18.0, -7.0 ,  0.0,  0.0,  0.0,  0.0,  0.0, 0.0,  15.0,    3.0,   0.0,   0.0,     0.0,    10.0, -1.0   ,     0.0,     0.0,     0.0,     0.0,     0.0,     2.0
payntke01, 1990,     1, WAS , NHL , D  ,  1.0,  0.0,   0.0,   0.0,  15.0, 0.0  ,  0.0,  0.0,  0.0,  0.0,  0.0, 0.0,   0.0,    1.0,   0.0,   0.0,     0.0,     0.0, -1.0   ,     0.0,     0.0,     0.0,     0.0,     0.0,     1.0
payntke01, 1991,     1, WIN , NHL , D  ,  5.0,  0.0,   0.0,   0.0,   4.0, -1.0 ,  0.0,  0.0,  0.0,  0.0,  0.0, 0.0,   6.0,       ,      ,      ,        ,        ,        ,        ,        ,        ,        ,        ,      
payntke01, 1992,     1, OTT , NHL , D  ,  6.0,  0.0,   0.0,   0.0,  20.0, -7.0 ,  0.0,  0.0,  0.0,  0.0,  0.0, 0.0,   3.0,       ,      ,      ,        ,        ,        ,        ,        ,        ,        ,        ,      
payntke01, 1993,     1, OTT , NHL , D  ,  9.0,  0.0,   1.0,   1.0,   8.0, -6.0 ,  0.0,  1.0,  0.0,  0.0,  0.0, 0.0,   8.0,       ,      ,      ,        ,        ,        ,        ,        ,        ,        ,        ,      
pazoupa01, 1977,     1, CZE , WHA , D  ,  7.0,  0.0,   0.0,   0.0,   0.0,      ,  0.0,     ,  0.0,     ,  0.0,    ,      ,       ,      ,      ,        ,        ,        ,        ,        ,        ,        ,        ,      
peacoge01, 1972,     1, NRA , WHA , C  , 67.0, 37.0,  34.0,  71.0,  25.0,      , 10.0,     ,  1.0,     ,  3.0,    ,      ,       ,      ,      ,        ,        ,        ,        ,        ,        ,        ,        ,      
peacoge01, 1973,     1, NYJ , WHA , L  , 68.0, 21.0,  32.0,  53.0,  17.0,      ,  5.0,     ,  0.0,     ,  4.0,    ,      ,       ,      ,      ,        ,        ,        ,        ,        ,        ,        ,        ,      
peacoge01, 1974,     1, SDM , WHA , L  , 78.0, 43.0,  36.0,  79.0,  22.0, 13.0 , 12.0,     ,  0.0,     ,     ,    , 269.0,   10.0,   7.0,   5.0,    12.0,     4.0,        ,        ,        ,        ,        ,     2.0,      
peacoge01, 1975,     1, SDM , WHA , L  , 79.0, 37.0,  33.0,  70.0,  35.0, -5.0 ,  8.0,     ,  0.0,     ,  6.0,    , 214.0,   11.0,   2.0,   1.0,     3.0,    21.0, -5.0   ,        ,        ,        ,        ,        ,      
peacoge01, 1976,     1, EDO , WHA , L  , 11.0,  5.0,   4.0,   9.0,  14.0, 2.0  ,  2.0,     ,  0.0,     ,     ,    ,  28.0,       ,      ,      ,        ,        ,        ,        ,        ,        ,        ,        ,      
peacoge01, 1976,     2, IND , WHA , L  , 64.0, 22.0,  26.0,  48.0,  21.0, -1.0 ,  6.0,     ,  0.0,     ,     ,    , 124.0,    9.0,   3.0,   3.0,     6.0,     2.0, -2.0   ,        ,        ,        ,        ,     1.0,      
peakepa01, 1993,     1, WAS , NHL , R  , 49.0, 11.0,  18.0,  29.0,  39.0, 1.0  ,  3.0,  6.0,  0.0,  0.0,  1.0, 1.0,  91.0,    8.0,   0.0,   1.0,     1.0,     8.0, -2.0   ,     0.0,     0.0,     0.0,     0.0,     0.0,     8.0
peakepa01, 1994,     1, WAS , NHL , C  , 18.0,  0.0,   4.0,   4.0,  12.0, -6.0 ,  0.0,  2.0,  0.0,  0.0,  0.0, 0.0,  30.0,       ,      ,      ,        ,        ,        ,        ,        ,        ,        ,        ,      
peakepa01, 1995,     1, WAS , NHL , R  , 62.0, 17.0,  19.0,  36.0,  46.0, 7.0  ,  8.0,  6.0,  0.0,  0.0,  3.0, 0.0, 129.0,    5.0,   2.0,   1.0,     3.0,    12.0, -4.0   ,     2.0,     1.0,     0.0,     0.0,     0.0,     9.0
peakepa01, 1996,     1, WAS , NHL , C  ,  4.0,  0.0,   0.0,   0.0,   4.0, 1.0  ,  0.0,  0.0,  0.0,  0.0,  0.0, 0.0,   9.0,       ,      ,      ,        ,        ,        ,        ,        ,        ,        ,        ,      
peakepa01, 1997,     1, WAS , NHL , R  ,  1.0,  0.0,   0.0,   0.0,   4.0, 0.0  ,  0.0,  0.0,  0.0,  0.0,  0.0, 0.0,   0.0,       ,      ,      ,        ,        ,        ,        ,        ,        ,        ,        ,      
pearsme01, 1959,     1, NYR , NHL , L  , 23.0,  1.0,   5.0,   6.0,  13.0,      ,     ,     ,     ,     ,     ,    ,      ,       ,      ,      ,        ,        ,        ,        ,        ,        ,        ,        ,      
pearsme01, 1961,     1, NYR , NHL , C/L,  3.0,  0.0,   0.0,   0.0,   2.0,      ,     ,     ,     ,     ,     ,    ,      ,       ,      ,      ,        ,        ,        ,        ,        ,        ,        ,        ,      
pearsme01, 1962,     1, NYR , NHL , F  ,  5.0,  1.0,   0.0,   1.0,   6.0,      ,     ,     ,     ,     ,     ,    ,      ,       ,      ,      ,        ,        ,        ,        ,        ,        ,        ,        ,      
pearsme01, 1964,     1, NYR , NHL , L  ,  5.0,  0.0,   0.0,   0.0,   4.0,      ,  0.0,     ,  0.0,     ,  0.0, 0.0,      ,       ,      ,      ,        ,        ,        ,        ,        ,        ,        ,        ,      
pearsme01, 1967,     1, PIT , NHL , L  ,  2.0,  0.0,   1.0,   1.0,   0.0, -1.0 ,  0.0,     ,  0.0,     ,  0.0, 0.0,   2.0,       ,      ,      ,        ,        ,        ,        ,        ,        ,        ,        ,      
pearsme01, 1972,     1, MFS , WHA , L  , 70.0,  8.0,  12.0,  20.0,  12.0,      ,  0.0,     ,  0.0,     ,     ,    ,      ,    5.0,   2.0,   0.0,     2.0,     0.0,        ,     0.0,        ,     0.0,        ,     0.0,      
pearsro01, 1991,     1, TOR , NHL , R  , 47.0, 14.0,  10.0,  24.0,  58.0, -16.0,  6.0,  5.0,  0.0,  0.0,  0.0, 1.0,  79.0,       ,      ,      ,        ,        ,        ,        ,        ,        ,        ,        ,      
pearsro01, 1992,     1, TOR , NHL , R  , 78.0, 23.0,  14.0,  37.0, 211.0, -2.0 ,  8.0,  3.0,  0.0,  0.0,  3.0, 0.0, 164.0,   14.0,   2.0,   2.0,     4.0,    31.0, -9.0   ,     0.0,     0.0,     0.0,     0.0,     0.0,    24.0
pearsro01, 1993,     1, TOR , NHL , R  , 67.0, 12.0,  18.0,  30.0, 189.0, -6.0 ,  1.0,  3.0,  0.0,  0.0,  4.0, 0.0, 119.0,   14.0,   1.0,   0.0,     1.0,    32.0, -5.0   ,     0.0,     0.0,     0.0,     0.0,     0.0,    21.0
pearsro01, 1994,     1, WAS , NHL , R  , 32.0,  0.0,   6.0,   6.0,  96.0, -6.0 ,  0.0,  1.0,  0.0,  0.0,  0.0, 0.0,  34.0,    3.0,   1.0,   0.0,     1.0,    17.0, 0.0    ,     0.0,     0.0,     0.0,     0.0,     1.0,     5.0
pearsro01, 1995,     1, STL , NHL , R  , 27.0,  6.0,   4.0,  10.0,  54.0, 4.0  ,  1.0,  0.0,  0.0,  0.0,  1.0, 0.0,  51.0,    2.0,   0.0,   0.0,     0.0,    14.0, 1.0    ,     0.0,     0.0,     0.0,     0.0,     0.0,     2.0
pearsro01, 1996,     1, STL , NHL , R  , 18.0,  1.0,   2.0,   3.0,  37.0, -5.0 ,  0.0,  1.0,  0.0,  0.0,  0.0, 0.0,  14.0,       ,      ,      ,        ,        ,        ,        ,        ,        ,        ,        ,      
pearssc01, 1988,     1, TOR , NHL , L  ,  9.0,  0.0,   1.0,   1.0,   2.0, 0.0  ,  0.0,  0.0,  0.0,  0.0,  0.0, 0.0,   6.0,       ,      ,      ,        ,        ,        ,        ,        ,        ,        ,        ,      
pearssc01, 1989,     1, TOR , NHL , L  , 41.0,  5.0,  10.0,  15.0,  90.0, -7.0 ,  0.0,  1.0,  0.0,  0.0,  1.0, 0.0,  66.0,    2.0,   2.0,   0.0,     2.0,    10.0, 1.0    ,     0.0,     0.0,     0.0,     0.0,     0.0,     2.0
pearssc01, 1990,     1, TOR , NHL , L  , 12.0,  0.0,   0.0,   0.0,  20.0, -5.0 ,  0.0,  0.0,  0.0,  0.0,  0.0, 0.0,  13.0,       ,      ,      ,        ,        ,        ,        ,        ,        ,        ,        ,      
pearssc01, 1990,     2, QUE , NHL , L  , 35.0, 11.0,   4.0,  15.0,  86.0, -4.0 ,  0.0,  1.0,  0.0,  0.0,  0.0, 0.0,  61.0,       ,      ,      ,        ,        ,        ,        ,        ,        ,        ,        ,      
pearssc01, 1991,     1, QUE , NHL , L  , 10.0,  1.0,   2.0,   3.0,  14.0, -5.0 ,  0.0,  1.0,  0.0,  0.0,  0.0, 0.0,  14.0,       ,      ,      ,        ,        ,        ,        ,        ,        ,        ,        ,      
pearssc01, 1992,     1, QUE , NHL , R  , 41.0, 13.0,   1.0,  14.0,  95.0, 3.0  ,  0.0,  0.0,  0.0,  0.0,  1.0, 0.0,  45.0,    3.0,   0.0,   0.0,     0.0,     0.0, 0.0    ,     0.0,     0.0,     0.0,     0.0,     0.0,     1.0
pearssc01, 1993,     1, EDM , NHL , L  , 72.0, 19.0,  18.0,  37.0, 165.0, -4.0 ,  3.0,  3.0,  0.0,  0.0,  7.0, 0.0, 160.0,       ,      ,      ,        ,        ,        ,        ,        ,        ,        ,        ,      
pearssc01, 1994,     1, EDM , NHL , R  , 28.0,  1.0,   4.0,   5.0,  54.0, -11.0,  0.0,  0.0,  0.0,  0.0,  0.0, 0.0,  21.0,       ,      ,      ,        ,        ,        ,        ,        ,        ,        ,        ,      
pearssc01, 1994,     2, BUF , NHL , R  , 14.0,  2.0,   1.0,   3.0,  20.0, -3.0 ,  0.0,  0.0,  0.0,  0.0,  0.0, 0.0,  19.0,    5.0,   0.0,   0.0,     0.0,     4.0, -1.0   ,     0.0,     0.0,     0.0,     0.0,     0.0,     9.0
pearssc01, 1995,     1, BUF , NHL , L  , 27.0,  4.0,   0.0,   4.0,  67.0, -4.0 ,  0.0,  0.0,  0.0,  0.0,  1.0, 0.0,  26.0,       ,      ,      ,        ,        ,        ,        ,        ,        ,        ,        ,      
pearssc01, 1996,     1, TOR , NHL , L  ,  1.0,  0.0,   0.0,   0.0,   2.0, 0.0  ,  0.0,  0.0,  0.0,  0.0,  0.0, 0.0,   0.0,       ,      ,      ,        ,        ,        ,        ,        ,        ,        ,        ,      
pearssc01, 1999,     1, NYI , NHL , L  ,  2.0,  0.0,   1.0,   1.0,   0.0, 1.0  ,  0.0,  0.0,  0.0,  0.0,  0.0, 0.0,   5.0,       ,      ,      ,        ,        ,        ,        ,        ,        ,        ,        ,      
peatst01 , 2001,     1, WAS , NHL , R  , 38.0,  2.0,   2.0,   4.0,  85.0, -1.0 ,  0.0,  0.0,  0.0,  0.0,  0.0, 0.0,  11.0,       ,      ,      ,        ,        ,        ,        ,        ,        ,        ,        ,      
peatst01 , 2002,     1, WAS , NHL , R  , 27.0,  1.0,   0.0,   1.0,  57.0, -3.0 ,  0.0,  0.0,  0.0,  0.0,  0.0, 0.0,   7.0,       ,      ,      ,        ,        ,        ,        ,        ,        ,        ,        ,      
peatst01 , 2003,     1, WAS , NHL , R  , 64.0,  5.0,   0.0,   5.0,  90.0, -10.0,  0.0,  0.0,  0.0,  0.0,  0.0, 0.0,  21.0,       ,      ,      ,        ,        ,        ,        ,        ,        ,        ,        ,      
peatst01 , 2005,     1, WAS , NHL , R  ,  1.0,  0.0,   0.0,   0.0,   2.0, -2.0 ,  0.0,  0.0,  0.0,  0.0,  0.0,    ,   2.0,       ,      ,      ,        ,        ,        ,        ,        ,        ,        ,        ,      
pecami01 , 1993,     1, VAN , NHL , C  ,  4.0,  0.0,   0.0,   0.0,   2.0, -1.0 ,  0.0,  0.0,  0.0,  0.0,  0.0, 0.0,   5.0,       ,      ,      ,        ,        ,        ,        ,        ,        ,        ,        ,      
pecami01 , 1994,     1, VAN , NHL , C  , 33.0,  6.0,   6.0,  12.0,  30.0, -6.0 ,  2.0,  2.0,  0.0,  0.0,  1.0, 1.0,  46.0,    5.0,   0.0,   1.0,     1.0,     8.0, 0.0    ,     0.0,     0.0,     0.0,     0.0,     0.0,     7.0
pecami01 , 1995,     1, BUF , NHL , C  , 68.0, 11.0,  20.0,  31.0,  67.0, -1.0 ,  4.0,  4.0,  3.0,  1.0,  1.0, 0.0, 109.0,       ,      ,      ,        ,        ,        ,        ,        ,        ,        ,        ,      
pecami01 , 1996,     1, BUF , NHL , C  , 79.0, 20.0,  29.0,  49.0,  80.0, 26.0 ,  5.0,  4.0,  6.0,  3.0,  4.0, 0.0, 137.0,   10.0,   0.0,   2.0,     2.0,     8.0, -3.0   ,     0.0,     1.0,     0.0,     0.0,     0.0,    20.0
pecami01 , 1997,     1, BUF , NHL , C  , 61.0, 18.0,  22.0,  40.0,  57.0, 12.0 ,  6.0,  7.0,  5.0,  4.0,  1.0, 1.0, 132.0,   13.0,   3.0,   2.0,     5.0,     8.0, 4.0    ,     0.0,     1.0,     0.0,     0.0,     1.0,    24.0
pecami01 , 1998,     1, BUF , NHL , C  , 82.0, 27.0,  29.0,  56.0,  81.0, 7.0  , 10.0,  9.0,  0.0,  1.0,  8.0, 1.0, 199.0,   21.0,   5.0,   8.0,    13.0,    18.0, 1.0    ,     2.0,     2.0,     1.0,     1.0,     0.0,    37.0
pecami01 , 1999,     1, BUF , NHL , C  , 73.0, 20.0,  21.0,  41.0,  67.0, 6.0  ,  2.0,  5.0,  0.0,  3.0,  3.0, 0.0, 144.0,    5.0,   0.0,   1.0,     1.0,     4.0, -1.0   ,     0.0,     0.0,     0.0,     0.0,     0.0,     7.0
pecami01 , 2001,     1, NYI , NHL , C  , 80.0, 25.0,  35.0,  60.0,  62.0, 19.0 ,  3.0,  7.0,  6.0,  4.0,  5.0, 1.0, 168.0,    5.0,   1.0,   0.0,     1.0,     2.0, -5.0   ,     0.0,     0.0,     0.0,     0.0,     0.0,     5.0
pecami01 , 2002,     1, NYI , NHL , C  , 66.0, 13.0,  29.0,  42.0,  43.0, -4.0 ,  4.0,  8.0,  2.0,  1.0,  2.0, 0.0, 117.0,    5.0,   0.0,   0.0,     0.0,     4.0, -1.0   ,     0.0,     0.0,     0.0,     0.0,     0.0,     7.0
pecami01 , 2003,     1, NYI , NHL , C  , 76.0, 11.0,  29.0,  40.0,  71.0, 17.0 ,  0.0,  3.0,  1.0,  2.0,  0.0, 0.0, 117.0,    5.0,   0.0,   0.0,     0.0,     6.0, -1.0   ,     0.0,     0.0,     0.0,     0.0,     0.0,    12.0
pecami01 , 2005,     1, EDM , NHL , C  , 71.0,  9.0,  14.0,  23.0,  56.0, -4.0 ,  2.0,  4.0,  2.0,  2.0,  1.0,    , 108.0,   24.0,   6.0,   5.0,    11.0,    20.0, 5.0    ,     0.0,     1.0,     1.0,     0.0,     1.0,    43.0
pecami01 , 2006,     1, TOR , NHL , C  , 35.0,  4.0,  11.0,  15.0,  60.0, 2.0  ,  0.0,  0.0,  0.0,  1.0,  2.0,    ,  42.0,       ,      ,      ,        ,        ,        ,        ,        ,        ,        ,        ,      
pecami01 , 2007,     1, CBS , NHL , C  , 65.0,  8.0,  26.0,  34.0,  64.0, -1.0 ,  3.0, 11.0,  0.0,  1.0,  3.0,    ,  86.0,       ,      ,      ,        ,        ,        ,        ,        ,        ,        ,        ,      
pecami01 , 2008,     1, CBS , NHL , C  , 71.0,  4.0,  18.0,  22.0,  58.0, -6.0 ,  0.0,  1.0,  0.0,  1.0,  2.0,    ,  74.0,    4.0,   0.0,   0.0,     0.0,     2.0, 1.0    ,     0.0,     0.0,     0.0,     0.0,     0.0,     4.0
pechual01, 2009,     1, PIT , NHL , G  ,  1.0,  0.0,   0.0,   0.0,   0.0, 0.0  ,  0.0,  0.0,  0.0,  0.0,  0.0,    ,   0.0,       ,      ,      ,        ,        ,        ,        ,        ,        ,        ,        ,      
peckhth01, 2007,     1, EDM , NHL , D  ,  1.0,  0.0,   0.0,   0.0,   2.0, 0.0  ,  0.0,  0.0,  0.0,  0.0,  0.0,    ,   0.0,       ,      ,      ,        ,        ,        ,        ,        ,        ,        ,        ,      
peckhth01, 2008,     1, EDM , NHL , D  , 15.0,  0.0,   0.0,   0.0,  59.0, -1.0 ,  0.0,  0.0,  0.0,  0.0,  0.0,    ,   8.0,       ,      ,      ,        ,        ,        ,        ,        ,        ,        ,        ,      
peckhth01, 2009,     1, EDM , NHL , D  , 15.0,  0.0,   1.0,   1.0,  43.0, -8.0 ,  0.0,  0.0,  0.0,  0.0,  0.0,    ,   9.0,       ,      ,      ,        ,        ,        ,        ,        ,        ,        ,        ,      
pederal01, 1986,     1, BOS , NHL , D  , 79.0,  1.0,  11.0,  12.0,  71.0, -15.0,  0.0,     ,  0.0,     ,  0.0, 0.0,  56.0,    4.0,   0.0,   0.0,     0.0,     4.0, -5.0   ,     0.0,        ,     0.0,        ,     0.0,     3.0
pederal01, 1987,     1, BOS , NHL , D  , 78.0,  0.0,   6.0,   6.0,  90.0, 6.0  ,  0.0,  0.0,  0.0,  0.0,  0.0, 0.0,  43.0,   21.0,   0.0,   0.0,     0.0,    34.0, 2.0    ,     0.0,     0.0,     0.0,     0.0,     0.0,    15.0
pederal01, 1988,     1, BOS , NHL , D  , 51.0,  0.0,   6.0,   6.0,  69.0, -3.0 ,  0.0,  0.0,  0.0,  0.0,  0.0, 0.0,  24.0,   10.0,   0.0,   0.0,     0.0,     2.0, -2.0   ,     0.0,     0.0,     0.0,     0.0,     0.0,     1.0
pederal01, 1989,     1, BOS , NHL , D  , 68.0,  1.0,   2.0,   3.0,  71.0, -5.0 ,  0.0,  1.0,  0.0,  0.0,  0.0, 0.0,  32.0,   21.0,   0.0,   0.0,     0.0,    41.0, -1.0   ,     0.0,     0.0,     0.0,     0.0,     0.0,     4.0
pederal01, 1990,     1, BOS , NHL , D  , 57.0,  2.0,   6.0,   8.0, 107.0, 15.0 ,  0.0,  0.0,  0.0,  0.0,  0.0, 0.0,  34.0,    8.0,   0.0,   0.0,     0.0,    10.0, 0.0    ,     0.0,     0.0,     0.0,     0.0,     0.0,     2.0
pederal01, 1991,     1, MNS , NHL , D  , 29.0,  0.0,   1.0,   1.0,  10.0, -1.0 ,  0.0,  0.0,  0.0,  0.0,  0.0, 0.0,  17.0,       ,      ,      ,        ,        ,        ,        ,        ,        ,        ,        ,      
pederal01, 1992,     1, HAR , NHL , D  , 59.0,  1.0,   4.0,   5.0,  60.0, 0.0  ,  0.0,  0.0,  0.0,  0.0,  0.0, 0.0,  16.0,       ,      ,      ,        ,        ,        ,        ,        ,        ,        ,        ,      
pederal01, 1993,     1, HAR , NHL , D  ,  7.0,  0.0,   0.0,   0.0,   9.0, -1.0 ,  0.0,  0.0,  0.0,  0.0,  0.0, 0.0,   1.0,       ,      ,      ,        ,        ,        ,        ,        ,        ,        ,        ,      
pederba01, 1980,     1, BOS , NHL , C  ,  9.0,  1.0,   4.0,   5.0,   6.0, -5.0 ,  1.0,     ,  0.0,     ,  0.0, 0.0,  20.0,       ,      ,      ,        ,        ,        ,        ,        ,        ,        ,        ,      
pederba01, 1981,     1, BOS , NHL , C  , 80.0, 44.0,  48.0,  92.0,  53.0, 27.0 , 13.0,     ,  4.0,     ,  7.0, 0.0, 197.0,   11.0,   7.0,  11.0,    18.0,     2.0,        ,     1.0,        ,     0.0,        ,     2.0,      
pederba01, 1982,     1, BOS , NHL , C  , 77.0, 46.0,  61.0, 107.0,  47.0, 38.0 , 15.0,     ,  1.0,     , 10.0, 1.0, 212.0,   17.0,  14.0,  18.0,    32.0,    21.0,        ,     1.0,        ,     1.0,        ,     2.0,      
pederba01, 1983,     1, BOS , NHL , C  , 80.0, 39.0,  77.0, 116.0,  64.0, 27.0 , 10.0,     ,  3.0,     ,  7.0, 0.0, 236.0,    3.0,   0.0,   1.0,     1.0,     2.0, -3.0   ,     0.0,        ,     0.0,        ,     0.0,     9.0
pederba01, 1984,     1, BOS , NHL , C  , 22.0,  4.0,   8.0,  12.0,  10.0, -11.0,  0.0,     ,  2.0,     ,  0.0, 0.0,  35.0,       ,      ,      ,        ,        ,        ,        ,        ,        ,        ,        ,      
pederba01, 1985,     1, BOS , NHL , C  , 79.0, 29.0,  47.0,  76.0,  60.0, 19.0 , 12.0,     ,  0.0,     ,  6.0, 0.0, 192.0,    3.0,   1.0,   0.0,     1.0,     0.0, 1.0    ,     0.0,        ,     0.0,        ,     0.0,     8.0
pederba01, 1986,     1, VAN , NHL , C  , 79.0, 24.0,  52.0,  76.0,  50.0, -13.0,  6.0,     ,  0.0,     ,  3.0, 1.0, 184.0,       ,      ,      ,        ,        ,        ,        ,        ,        ,        ,        ,      
pederba01, 1987,     1, VAN , NHL , C  , 76.0, 19.0,  52.0,  71.0,  92.0, 2.0  ,  4.0, 19.0,  1.0,  2.0,  1.0, 1.0, 163.0,       ,      ,      ,        ,        ,        ,        ,        ,        ,        ,        ,      
pederba01, 1988,     1, VAN , NHL , C  , 62.0, 15.0,  26.0,  41.0,  22.0, 5.0  ,  7.0,  4.0,  1.0,  1.0,  0.0, 0.0,  98.0,       ,      ,      ,        ,        ,        ,        ,        ,        ,        ,        ,      
pederba01, 1989,     1, VAN , NHL , C  , 16.0,  2.0,   7.0,   9.0,  10.0, -3.0 ,  0.0,     ,  0.0,     ,  0.0, 0.0,  22.0,       ,      ,      ,        ,        ,        ,        ,        ,        ,        ,        ,      
pederba01, 1989,     2, PIT , NHL , C  , 38.0,  4.0,  18.0,  22.0,  29.0, -10.0,  1.0,     ,  0.0,     ,  1.0, 0.0,  58.0,       ,      ,      ,        ,        ,        ,        ,        ,        ,        ,        ,      
pederba01, 1990,     1, PIT , NHL , C  , 46.0,  6.0,   8.0,  14.0,  21.0, 2.0  ,  1.0,  0.0,  0.0,  0.0,  1.0, 0.0,  26.0,       ,      ,      ,        ,        ,        ,        ,        ,        ,        ,        ,      
pederba01, 1991,     1, HAR , NHL , C  ,  5.0,  2.0,   2.0,   4.0,   0.0, -2.0 ,  1.0,  1.0,  0.0,  0.0,  0.0, 0.0,   6.0,       ,      ,      ,        ,        ,        ,        ,        ,        ,        ,        ,      
pederba01, 1991,     2, BOS , NHL , C  , 32.0,  3.0,   6.0,   9.0,   8.0, -5.0 ,  1.0,  0.0,  0.0,  0.0,  0.0, 0.0,  41.0,       ,      ,      ,        ,        ,        ,        ,        ,        ,        ,        ,      
pederde01, 1995,     1, NJD , NHL , C  , 10.0,  3.0,   1.0,   4.0,   0.0, -1.0 ,  1.0,  0.0,  0.0,  0.0,  2.0, 0.0,   6.0,       ,      ,      ,        ,        ,        ,        ,        ,        ,        ,        ,      
pederde01, 1996,     1, NJD , NHL , C  , 70.0, 12.0,  20.0,  32.0,  62.0, 7.0  ,  3.0,  1.0,  0.0,  0.0,  3.0, 0.0, 106.0,    9.0,   0.0,   0.0,     0.0,     2.0, -2.0   ,     0.0,     0.0,     0.0,     0.0,     0.0,     6.0
pederde01, 1997,     1, NJD , NHL , C  , 80.0, 15.0,  13.0,  28.0,  97.0, -6.0 ,  7.0,  4.0,  0.0,  0.0,  1.0, 1.0, 135.0,    6.0,   1.0,   1.0,     2.0,     2.0, 0.0    ,     0.0,     0.0,     1.0,     0.0,     0.0,     8.0
pederde01, 1998,     1, NJD , NHL , C  , 76.0, 11.0,  12.0,  23.0,  66.0, -10.0,  3.0,  2.0,  0.0,  0.0,  1.0, 0.0, 145.0,    3.0,   0.0,   1.0,     1.0,     0.0, 0.0    ,     0.0,     0.0,     0.0,     0.0,     0.0,     3.0
pederde01, 1999,     1, NJD , NHL , C  , 35.0,  3.0,   3.0,   6.0,  16.0, -7.0 ,  0.0,  0.0,  0.0,  1.0,  0.0, 0.0,  41.0,       ,      ,      ,        ,        ,        ,        ,        ,        ,        ,        ,      
pederde01, 1999,     2, VAN , NHL , C  , 12.0,  3.0,   2.0,   5.0,   2.0, 1.0  ,  0.0,  0.0,  0.0,  0.0,  1.0, 0.0,  15.0,       ,      ,      ,        ,        ,        ,        ,        ,        ,        ,        ,      
pederde01, 2000,     1, VAN , NHL , R  , 61.0,  4.0,   8.0,  12.0,  65.0, 0.0  ,  0.0,  1.0,  1.0,  0.0,  3.0, 0.0,  70.0,    4.0,   0.0,   1.0,     1.0,     4.0, -1.0   ,     0.0,     0.0,     0.0,     0.0,     0.0,     4.0
pederde01, 2001,     1, VAN , NHL , R  , 29.0,  1.0,   5.0,   6.0,  31.0, -2.0 ,  0.0,  0.0,  0.0,  0.0,  0.0, 0.0,  24.0,       ,      ,      ,        ,        ,        ,        ,        ,        ,        ,        ,      
pederde01, 2001,     2, PHO , NHL , R  , 19.0,  1.0,   1.0,   2.0,  20.0, -2.0 ,  0.0,  0.0,  0.0,  0.0,  0.0, 0.0,  18.0,    5.0,   0.0,   2.0,     2.0,     0.0, 2.0    ,     0.0,     0.0,     0.0,     0.0,     0.0,     6.0
pederde01, 2002,     1, NAS , NHL , R  , 43.0,  4.0,   6.0,  10.0,  39.0, 2.0  ,  0.0,  0.0,  0.0,  0.0,  0.0, 1.0,  64.0,       ,      ,      ,        ,        ,        ,        ,        ,        ,        ,        ,      
pederma01, 1989,     1, MTL , NHL , L  ,  9.0,  0.0,   2.0,   2.0,   2.0, 0.0  ,  0.0,  0.0,  0.0,  0.0,  0.0, 0.0,  10.0,    2.0,   0.0,   0.0,     0.0,     0.0, -1.0   ,     0.0,     0.0,     0.0,     0.0,     0.0,     4.0
pederma01, 1990,     1, MTL , NHL , L  , 47.0,  8.0,  15.0,  23.0,  18.0, 3.0  ,  4.0,     ,  0.0,  0.0,  2.0, 1.0,  62.0,       ,      ,      ,        ,        ,        ,        ,        ,        ,        ,        ,      
pederma01, 1990,     2, PHI , NHL , L  , 12.0,  2.0,   1.0,   3.0,   5.0, -8.0 ,  1.0,     ,  0.0,  0.0,  0.0, 0.0,  14.0,       ,      ,      ,        ,        ,        ,        ,        ,        ,        ,        ,      
pederma01, 1991,     1, PHI , NHL , L  , 58.0, 15.0,  25.0,  40.0,  22.0, 14.0 ,  4.0,  8.0,  0.0,  0.0,  3.0, 0.0,  94.0,       ,      ,      ,        ,        ,        ,        ,        ,        ,        ,        ,      
pederma01, 1992,     1, PHI , NHL , L  , 14.0,  3.0,   4.0,   7.0,   6.0, -2.0 ,  1.0,  2.0,  0.0,  0.0,  0.0, 0.0,  21.0,       ,      ,      ,        ,        ,        ,        ,        ,        ,        ,        ,      
pederma01, 1992,     2, SJS , NHL , L  , 27.0,  7.0,   3.0,  10.0,  22.0, -20.0,  1.0,  1.0,  0.0,  0.0,  0.0, 0.0,  42.0,       ,      ,      ,        ,        ,        ,        ,        ,        ,        ,        ,      
pederma01, 1993,     1, DET , NHL , L  ,  2.0,  0.0,   0.0,   0.0,   2.0, -1.0 ,  0.0,  0.0,  0.0,  0.0,  0.0, 0.0,   0.0,       ,      ,      ,        ,        ,        ,        ,        ,        ,        ,        ,      
pederto01, 1992,     1, SJS , NHL , D  , 44.0,  7.0,  13.0,  20.0,  31.0, -16.0,  2.0, 10.0,  0.0,  0.0,  2.0, 0.0, 102.0,       ,      ,      ,        ,        ,        ,        ,        ,        ,        ,        ,      
pederto01, 1993,     1, SJS , NHL , D  , 74.0,  6.0,  19.0,  25.0,  31.0, 3.0  ,  3.0,  9.0,  0.0,  0.0,  1.0, 1.0, 185.0,   14.0,   1.0,   6.0,     7.0,     2.0, -7.0   ,     0.0,     4.0,     1.0,     0.0,     0.0,    34.0
pederto01, 1994,     1, SJS , NHL , D  , 47.0,  5.0,  11.0,  16.0,  31.0, -14.0,  0.0,  5.0,  0.0,  0.0,  0.0, 2.0,  59.0,   10.0,   0.0,   5.0,     5.0,     8.0, -14.0  ,     0.0,     3.0,     0.0,     0.0,     0.0,    14.0
pederto01, 1995,     1, SJS , NHL , D  , 60.0,  1.0,   4.0,   5.0,  40.0, -9.0 ,  1.0,  0.0,  0.0,  1.0,  1.0, 0.0,  59.0,       ,      ,      ,        ,        ,        ,        ,        ,        ,        ,        ,      
pederto01, 1996,     1, TOR , NHL , D  , 15.0,  1.0,   2.0,   3.0,   9.0, 0.0  ,  1.0,  1.0,  0.0,  0.0,  0.0, 0.0,  23.0,       ,      ,      ,        ,        ,        ,        ,        ,        ,        ,        ,      
peerbe01 , 1939,     1, DET , NHL , R  ,  1.0,  0.0,   0.0,   0.0,   0.0,      ,     ,     ,     ,     ,     ,    ,      ,       ,      ,      ,        ,        ,        ,        ,        ,        ,        ,        ,      
peetepe01, 1978,     1, PHI , NHL , G  ,  5.0,  0.0,   0.0,   0.0,   6.0, 0.0  ,  0.0,     ,  0.0,     ,  0.0, 0.0,   0.0,       ,      ,      ,        ,        ,        ,        ,        ,        ,        ,        ,      
peetepe01, 1979,     1, PHI , NHL , G  , 40.0,  0.0,   0.0,   0.0,  28.0, 0.0  ,  0.0,     ,  0.0,     ,  0.0, 0.0,   0.0,   13.0,   0.0,   0.0,     0.0,     2.0,        ,     0.0,        ,     0.0,        ,     0.0,      
peetepe01, 1980,     1, PHI , NHL , G  , 40.0,  0.0,   1.0,   1.0,   8.0, 0.0  ,  0.0,     ,  0.0,     ,  0.0, 0.0,   0.0,    3.0,   0.0,   0.0,     0.0,    19.0,        ,     0.0,        ,     0.0,        ,     0.0,      
peetepe01, 1981,     1, PHI , NHL , G  , 44.0,  0.0,   1.0,   1.0,  19.0, 0.0  ,  0.0,     ,  0.0,     ,  0.0, 0.0,   0.0,    4.0,   0.0,   0.0,     0.0,     0.0,        ,     0.0,        ,     0.0,        ,     0.0,      
peetepe01, 1982,     1, BOS , NHL , G  , 62.0,  0.0,   2.0,   2.0,  33.0, 0.0  ,  0.0,     ,  0.0,     ,  0.0, 0.0,   0.0,   17.0,   0.0,   0.0,     0.0,     8.0,        ,     0.0,        ,     0.0,        ,     0.0,      
peetepe01, 1983,     1, BOS , NHL , G  , 50.0,  0.0,   0.0,   0.0,  36.0, 0.0  ,  0.0,     ,  0.0,     ,  0.0, 0.0,   0.0,    3.0,   0.0,   0.0,     0.0,     2.0, 0.0    ,     0.0,        ,     0.0,        ,     0.0,     0.0
peetepe01, 1984,     1, BOS , NHL , G  , 51.0,  0.0,   0.0,   0.0,  20.0, 0.0  ,  0.0,     ,  0.0,     ,  0.0, 0.0,   0.0,    1.0,   0.0,   0.0,     0.0,     0.0, 0.0    ,     0.0,        ,     0.0,        ,     0.0,     0.0
peetepe01, 1985,     1, BOS , NHL , G  ,  8.0,  0.0,   2.0,   2.0,   4.0, 0.0  ,  0.0,     ,  0.0,     ,  0.0, 0.0,   0.0,       ,      ,      ,        ,        ,        ,        ,        ,        ,        ,        ,      
peetepe01, 1985,     2, WAS , NHL , G  , 34.0,  0.0,   0.0,   0.0,   8.0, 0.0  ,  0.0,     ,  0.0,     ,  0.0, 0.0,   0.0,    9.0,   0.0,   0.0,     0.0,     2.0, 0.0    ,     0.0,        ,     0.0,        ,     0.0,     0.0
peetepe01, 1986,     1, WAS , NHL , G  , 37.0,  0.0,   4.0,   4.0,  16.0, 0.0  ,  0.0,     ,  0.0,     ,  0.0, 0.0,   0.0,    3.0,   0.0,   0.0,     0.0,     2.0, 0.0    ,     0.0,        ,     0.0,        ,     0.0,     0.0
peetepe01, 1987,     1, WAS , NHL , G  , 35.0,  0.0,   1.0,   1.0,  10.0, 0.0  ,  0.0,     ,  0.0,     ,  0.0, 0.0,   0.0,   12.0,   0.0,   0.0,     0.0,     4.0, 0.0    ,     0.0,     0.0,     0.0,     0.0,     0.0,     0.0
peetepe01, 1988,     1, WAS , NHL , G  , 33.0,  0.0,   1.0,   1.0,   8.0, 0.0  ,  0.0,     ,  0.0,     ,  0.0, 0.0,   0.0,    6.0,   0.0,   0.0,     0.0,     2.0, 0.0    ,     0.0,     0.0,     0.0,     0.0,     0.0,     3.0
peetepe01, 1989,     1, PHI , NHL , G  , 24.0,  0.0,   1.0,   1.0,   2.0, 0.0  ,  0.0,     ,  0.0,     ,  0.0, 0.0,   0.0,       ,      ,      ,        ,        ,        ,        ,        ,        ,        ,        ,      
peetepe01, 1990,     1, PHI , NHL , G  , 26.0,  0.0,   1.0,   1.0,  14.0, 0.0  ,  0.0,     ,  0.0,     ,  0.0, 0.0,   0.0,       ,      ,      ,        ,        ,        ,        ,        ,        ,        ,        ,      
peirsjo01, 1946,     1, BOS , NHL , R  ,  5.0,  0.0,   0.0,   0.0,   0.0,      ,     ,     ,     ,     ,     ,    ,      ,       ,      ,      ,        ,        ,        ,        ,        ,        ,        ,        ,      
peirsjo01, 1947,     1, BOS , NHL , R  , 15.0,  4.0,   2.0,   6.0,   0.0,      ,     ,     ,     ,     ,     ,    ,      ,    5.0,   3.0,   2.0,     5.0,     0.0,        ,        ,        ,        ,        ,        ,      
peirsjo01, 1948,     1, BOS , NHL , R  , 59.0, 22.0,  21.0,  43.0,  45.0,      ,     ,     ,     ,     ,     ,    ,      ,    5.0,   3.0,   1.0,     4.0,     4.0,        ,        ,        ,        ,        ,        ,      
peirsjo01, 1949,     1, BOS , NHL , R  , 57.0, 27.0,  25.0,  52.0,  49.0,      ,     ,     ,     ,     ,     ,    ,      ,       ,      ,      ,        ,        ,        ,        ,        ,        ,        ,        ,      
peirsjo01, 1950,     1, BOS , NHL , R  , 70.0, 19.0,  19.0,  38.0,  43.0,      ,     ,     ,     ,     ,     ,    ,      ,    2.0,   1.0,   1.0,     2.0,     2.0,        ,        ,        ,        ,        ,        ,      
peirsjo01, 1951,     1, BOS , NHL , R  , 68.0, 20.0,  30.0,  50.0,  30.0,      ,     ,     ,     ,     ,     ,    ,      ,    7.0,   0.0,   2.0,     2.0,     4.0,        ,        ,        ,        ,        ,        ,      
peirsjo01, 1952,     1, BOS , NHL , R  , 49.0, 14.0,  15.0,  29.0,  32.0,      ,     ,     ,     ,     ,     ,    ,      ,   11.0,   3.0,   6.0,     9.0,     2.0,        ,        ,        ,        ,        ,        ,      
peirsjo01, 1953,     1, BOS , NHL , R  , 68.0, 21.0,  19.0,  40.0,  55.0,      ,     ,     ,     ,     ,     ,    ,      ,    4.0,   0.0,   0.0,     0.0,     2.0,        ,        ,        ,        ,        ,        ,      
peirsjo01, 1955,     1, BOS , NHL , R  , 33.0, 11.0,  14.0,  25.0,  10.0,      ,     ,     ,     ,     ,     ,    ,      ,       ,      ,      ,        ,        ,        ,        ,        ,        ,        ,        ,      
peirsjo01, 1956,     1, BOS , NHL , R  , 68.0, 13.0,  26.0,  39.0,  41.0,      ,     ,     ,     ,     ,     ,    ,      ,   10.0,   0.0,   3.0,     3.0,    12.0,        ,        ,        ,        ,        ,        ,      
peirsjo01, 1957,     1, BOS , NHL , R  , 53.0,  2.0,   2.0,   4.0,  10.0,      ,     ,     ,     ,     ,     ,    ,      ,    5.0,   0.0,   1.0,     1.0,     0.0,        ,        ,        ,        ,        ,        ,      
pelecma01, 2008,     1, CAL , NHL , D  ,  5.0,  0.0,   3.0,   3.0,   9.0, 1.0  ,  0.0,  0.0,  0.0,  0.0,  0.0,    ,   4.0,       ,      ,      ,        ,        ,        ,        ,        ,        ,        ,        ,      
pelenpe01, 1983,     1, CHI , NHL , R  ,  4.0,  0.0,   0.0,   0.0,   5.0, 0.0  ,  0.0,     ,  0.0,     ,  0.0, 0.0,   4.0,       ,      ,      ,        ,        ,        ,        ,        ,        ,        ,        ,      
pelleje01, 1998,     1, PHI , NHL , G  ,  1.0,  0.0,   0.0,   0.0,   0.0, 0.0  ,  0.0,  0.0,  0.0,  0.0,  0.0, 0.0,   0.0,       ,      ,      ,        ,        ,        ,        ,        ,        ,        ,        ,      
pelleje01, 2002,     1, PHO , NHL , G  ,  2.0,  0.0,   0.0,   0.0,   0.0, 0.0  ,  0.0,  0.0,  0.0,  0.0,  0.0, 0.0,   0.0,       ,      ,      ,        ,        ,        ,        ,        ,        ,        ,        ,      
pelleje01, 2003,     1, PHO , NHL , G  ,  4.0,  0.0,   0.0,   0.0,   0.0, 0.0  ,  0.0,  0.0,  0.0,  0.0,  0.0, 0.0,   0.0,       ,      ,      ,        ,        ,        ,        ,        ,        ,        ,        ,      
pellema01, 1950,     1, CHI , NHL , G  ,  6.0,  0.0,   0.0,   0.0,   2.0,      ,     ,     ,     ,     ,     ,    ,      ,       ,      ,      ,        ,        ,        ,        ,        ,        ,        ,        ,      
pellema01, 1962,     1, NYR , NHL , G  ,  2.0,  0.0,   0.0,   0.0,   0.0,      ,     ,     ,     ,     ,     ,    ,      ,       ,      ,      ,        ,        ,        ,        ,        ,        ,        ,        ,      
pellepa01, 2007,     1, BOS , NHL , L  ,  6.0,  0.0,   0.0,   0.0,   0.0, -2.0 ,  0.0,  0.0,  0.0,  0.0,  0.0,    ,   8.0,       ,      ,      ,        ,        ,        ,        ,        ,        ,        ,        ,      
pellepa01, 2008,     1, CHI , NHL , L  ,  7.0,  0.0,   0.0,   0.0,   0.0, -4.0 ,  0.0,  0.0,  0.0,  0.0,  0.0,    ,   7.0,       ,      ,      ,        ,        ,        ,        ,        ,        ,        ,        ,      
pellero01, 1967,     1, PHI , NHL , D  ,  1.0,  0.0,   0.0,   0.0,   0.0, 0.0  ,  0.0,     ,  0.0,     ,  0.0, 0.0,   0.0,       ,      ,      ,        ,        ,        ,        ,        ,        ,        ,        ,      
pellero02, 2006,     1, NJD , NHL , C  ,  9.0,  0.0,   0.0,   0.0,   0.0, -3.0 ,  0.0,  0.0,  0.0,  0.0,  0.0,    ,   8.0,       ,      ,      ,        ,        ,        ,        ,        ,        ,        ,        ,      
pellero02, 2007,     1, NJD , NHL , C  , 58.0,  2.0,   4.0,   6.0,  19.0, -3.0 ,  0.0,  0.0,  0.0,  0.0,  1.0,    ,  59.0,       ,      ,      ,        ,        ,        ,        ,        ,        ,        ,        ,      
pellero02, 2009,     1, NJD , NHL , C  , 63.0,  2.0,   8.0,  10.0,  40.0, -4.0 ,  0.0,  1.0,  0.0,  0.0,  0.0,    ,  74.0,    3.0,   0.0,   0.0,     0.0,     2.0, 0.0    ,     0.0,     0.0,     0.0,     0.0,     0.0,     3.0
pellesc01, 1992,     1, NJD , NHL , L  , 45.0, 10.0,  11.0,  21.0,  41.0, -1.0 ,  1.0,  0.0,  2.0,  0.0,  0.0, 0.0,  60.0,       ,      ,      ,        ,        ,        ,        ,        ,        ,        ,        ,      
pellesc01, 1993,     1, NJD , NHL , L  ,  1.0,  0.0,   0.0,   0.0,   2.0, 0.0  ,  0.0,  0.0,  0.0,  0.0,  0.0, 0.0,   0.0,       ,      ,      ,        ,        ,        ,        ,        ,        ,        ,        ,      
pellesc01, 1995,     1, NJD , NHL , R  ,  6.0,  2.0,   1.0,   3.0,   0.0, 1.0  ,  0.0,  0.0,  0.0,  0.0,  0.0, 0.0,   9.0,       ,      ,      ,        ,        ,        ,        ,        ,        ,        ,        ,      
pellesc01, 1996,     1, STL , NHL , L  , 54.0,  8.0,  10.0,  18.0,  35.0, 12.0 ,  0.0,  0.0,  2.0,  0.0,  2.0, 0.0,  76.0,    6.0,   0.0,   0.0,     0.0,     6.0, -1.0   ,     0.0,     0.0,     0.0,     0.0,     0.0,     7.0
pellesc01, 1997,     1, STL , NHL , L  , 80.0,  8.0,  21.0,  29.0,  62.0, 14.0 ,  1.0,  0.0,  1.0,  2.0,  0.0, 0.0,  96.0,   10.0,   0.0,   2.0,     2.0,    10.0, 1.0    ,     0.0,     0.0,     0.0,     1.0,     0.0,    10.0
pellesc01, 1998,     1, STL , NHL , L  , 80.0, 20.0,  21.0,  41.0,  42.0, 1.0  ,  0.0,  2.0,  5.0,  1.0,  4.0, 0.0, 138.0,    8.0,   1.0,   0.0,     1.0,     4.0, -2.0   ,     0.0,     0.0,     0.0,     0.0,     0.0,    11.0
pellesc01, 1999,     1, STL , NHL , L  , 80.0,  8.0,  15.0,  23.0,  48.0, 9.0  ,  0.0,  0.0,  2.0,  1.0,  2.0, 0.0, 120.0,    7.0,   0.0,   0.0,     0.0,     2.0, 1.0    ,     0.0,     0.0,     0.0,     0.0,     0.0,     9.0
pellesc01, 2000,     1, MIN , NHL , R  , 58.0, 11.0,  28.0,  39.0,  45.0, 6.0  ,  2.0,  9.0,  2.0,  1.0,  2.0, 0.0, 117.0,       ,      ,      ,        ,        ,        ,        ,        ,        ,        ,        ,      
pellesc01, 2000,     2, CAR , NHL , R  , 19.0,  0.0,   5.0,   5.0,   6.0, -4.0 ,  0.0,  0.0,  0.0,  0.0,  0.0, 0.0,  21.0,    6.0,   0.0,   0.0,     0.0,     4.0, -3.0   ,     0.0,     0.0,     0.0,     0.0,     0.0,     8.0
pellesc01, 2001,     1, BOS , NHL , L  , 35.0,  1.0,   5.0,   6.0,   6.0, -6.0 ,  0.0,  1.0,  0.0,  0.0,  0.0, 0.0,  41.0,       ,      ,      ,        ,        ,        ,        ,        ,        ,        ,        ,      
pellesc01, 2001,     2, DAL , NHL , L  , 33.0,  3.0,   5.0,   8.0,  15.0, -5.0 ,  0.0,  0.0,  0.0,  1.0,  0.0, 0.0,  22.0,       ,      ,      ,        ,        ,        ,        ,        ,        ,        ,        ,      
pellesc01, 2002,     1, DAL , NHL , L  , 20.0,  1.0,   3.0,   4.0,   8.0, -3.0 ,  1.0,  0.0,  0.0,  0.0,  0.0, 0.0,  20.0,       ,      ,      ,        ,        ,        ,        ,        ,        ,        ,        ,      
pellesc01, 2002,     2, PHO , NHL , L  , 23.0,  0.0,   1.0,   1.0,   8.0, -5.0 ,  0.0,  0.0,  0.0,  0.0,  0.0, 0.0,  17.0,       ,      ,      ,        ,        ,        ,        ,        ,        ,        ,        ,      
pellesc01, 2003,     1, STL , NHL , L  ,  2.0,  0.0,   0.0,   0.0,   2.0, -3.0 ,  0.0,  0.0,  0.0,  0.0,  0.0, 0.0,   1.0,       ,      ,      ,        ,        ,        ,        ,        ,        ,        ,        ,      
pelofan01, 1974,     1, WAS , NHL , C  ,  9.0,  0.0,   0.0,   0.0,   0.0, -8.0 ,  0.0,     ,  0.0,     ,  0.0, 0.0,   7.0,       ,      ,      ,        ,        ,        ,        ,        ,        ,        ,        ,      
pelofan01, 1977,     1, NEW , WHA , C  , 10.0,  2.0,   0.0,   2.0,   2.0, -2.0 ,  0.0,     ,  0.0,     ,     ,    ,   6.0,    2.0,   0.0,   0.0,     0.0,     0.0, -1.0   ,        ,        ,        ,        ,     0.0,      
peltide01, 2008,     1, COL , NHL , D  , 11.0,  0.0,   0.0,   0.0,   2.0, -4.0 ,  0.0,  0.0,  0.0,  0.0,  0.0,    ,   7.0,       ,      ,      ,        ,        ,        ,        ,        ,        ,        ,        ,      
peltide01, 2009,     1, COL , NHL , D  ,  3.0,  0.0,   0.0,   0.0,   0.0, 0.0  ,  0.0,  0.0,  0.0,  0.0,  0.0,    ,   1.0,       ,      ,      ,        ,        ,        ,        ,        ,        ,        ,        ,      
peltojo01, 1978,     1, FIN , WHA ,    ,  1.0,  1.0,   0.0,   1.0,   0.0,      ,  0.0,     ,  0.0,     ,  0.0,    ,      ,       ,      ,      ,        ,        ,        ,        ,        ,        ,        ,        ,      
peltovi01, 1995,     1, SJS , NHL , L  , 31.0,  2.0,  11.0,  13.0,  14.0, -7.0 ,  0.0,  1.0,  0.0,  0.0,  0.0, 0.0,  58.0,       ,      ,      ,        ,        ,        ,        ,        ,        ,        ,        ,      
peltovi01, 1996,     1, SJS , NHL , L  , 28.0,  2.0,   3.0,   5.0,   0.0, -8.0 ,  1.0,  0.0,  0.0,  0.0,  0.0, 0.0,  35.0,       ,      ,      ,        ,        ,        ,        ,        ,        ,        ,        ,      
peltovi01, 1998,     1, NAS , NHL , L  , 14.0,  5.0,   5.0,  10.0,   2.0, 1.0  ,  1.0,  2.0,  0.0,  0.0,  0.0, 0.0,  31.0,       ,      ,      ,        ,        ,        ,        ,        ,        ,        ,        ,      
peltovi01, 1999,     1, NAS , NHL , L  , 79.0,  6.0,  22.0,  28.0,  22.0, -1.0 ,  2.0,  3.0,  0.0,  0.0,  2.0, 0.0, 125.0,       ,      ,      ,        ,        ,        ,        ,        ,        ,        ,        ,      
peltovi01, 2000,     1, NAS , NHL , L  , 23.0,  3.0,   1.0,   4.0,   2.0, -7.0 ,  0.0,  0.0,  0.0,  0.0,  0.0, 0.0,  38.0,       ,      ,      ,        ,        ,        ,        ,        ,        ,        ,        ,      
peltovi01, 2006,     1, FLO , NHL , L  , 72.0, 17.0,  20.0,  37.0,  28.0, 7.0  ,  4.0,  2.0,  0.0,  1.0,  0.0,    , 145.0,       ,      ,      ,        ,        ,        ,        ,        ,        ,        ,        ,      
peltovi01, 2007,     1, FLO , NHL , L  , 56.0,  5.0,  15.0,  20.0,  20.0, -2.0 ,  1.0,  2.0,  0.0,  0.0,  0.0,    , 108.0,       ,      ,      ,        ,        ,        ,        ,        ,        ,        ,        ,      
peltovi01, 2008,     1, FLO , NHL , L  , 79.0, 12.0,  19.0,  31.0,  31.0, 6.0  ,  0.0,  1.0,  0.0,  0.0,  1.0,    , 121.0,       ,      ,      ,        ,        ,        ,        ,        ,        ,        ,        ,      
pelusmi01, 1989,     1, CHI , NHL , D  ,  2.0,  0.0,   0.0,   0.0,  15.0, 0.0  ,  0.0,  0.0,  0.0,  0.0,  0.0, 0.0,   0.0,       ,      ,      ,        ,        ,        ,        ,        ,        ,        ,        ,      
pelusmi01, 1990,     1, CHI , NHL , L  , 53.0,  6.0,   1.0,   7.0, 320.0, -3.0 ,  2.0,  0.0,  0.0,  0.0,  0.0, 0.0,  29.0,    3.0,   0.0,   0.0,     0.0,     2.0, -1.0   ,     0.0,     0.0,     0.0,     0.0,     0.0,     0.0
pelusmi01, 1991,     1, CHI , NHL , L  , 63.0,  6.0,   3.0,   9.0, 408.0, 1.0  ,  2.0,  1.0,  0.0,  0.0,  0.0, 0.0,  32.0,   17.0,   1.0,   2.0,     3.0,     8.0, -3.0   ,     0.0,     0.0,     0.0,     0.0,     1.0,     4.0
pelusmi01, 1992,     1, OTT , NHL , L  , 81.0, 15.0,  10.0,  25.0, 318.0, -35.0,  2.0,  1.0,  0.0,  0.0,  1.0, 0.0,  93.0,       ,      ,      ,        ,        ,        ,        ,        ,        ,        ,        ,      
pelusmi01, 1993,     1, NJD , NHL , L  , 69.0,  4.0,  16.0,  20.0, 238.0, 19.0 ,  0.0,  0.0,  0.0,  0.0,  0.0, 0.0,  44.0,   17.0,   1.0,   0.0,     1.0,    64.0, -2.0   ,     0.0,     0.0,     0.0,     0.0,     1.0,     7.0
pelusmi01, 1994,     1, NJD , NHL , L  , 46.0,  2.0,   9.0,  11.0, 167.0, 5.0  ,  0.0,  0.0,  0.0,  0.0,  1.0, 0.0,  27.0,   20.0,   1.0,   2.0,     3.0,     8.0, 4.0    ,     0.0,     0.0,     0.0,     0.0,     0.0,    10.0
pelusmi01, 1995,     1, NJD , NHL , L  , 57.0,  3.0,   8.0,  11.0, 146.0, 4.0  ,  0.0,  0.0,  0.0,  0.0,  0.0, 0.0,  41.0,       ,      ,      ,        ,        ,        ,        ,        ,        ,        ,        ,      
pelusmi01, 1996,     1, NJD , NHL , R  , 20.0,  0.0,   2.0,   2.0,  68.0, 0.0  ,  0.0,  0.0,  0.0,  0.0,  0.0, 0.0,  14.0,       ,      ,      ,        ,        ,        ,        ,        ,        ,        ,        ,      
pelusmi01, 1996,     2, STL , NHL , R  , 44.0,  2.0,   3.0,   5.0, 158.0, 0.0  ,  0.0,  0.0,  0.0,  0.0,  0.0, 0.0,  23.0,    5.0,   0.0,   0.0,     0.0,    25.0, -1.0   ,     0.0,     0.0,     0.0,     0.0,     0.0,     1.0
pelusmi01, 1997,     1, CAL , NHL , L  , 23.0,  0.0,   0.0,   0.0, 113.0, -6.0 ,  0.0,  0.0,  0.0,  0.0,  0.0, 0.0,   8.0,       ,      ,      ,        ,        ,        ,        ,        ,        ,        ,        ,      
pelusmi02, 2001,     1, CHI , NHL , R  , 37.0,  4.0,   2.0,   6.0,  19.0, -3.0 ,  0.0,  0.0,  0.0,  0.0,  1.0, 1.0,  45.0,       ,      ,      ,        ,        ,        ,        ,        ,        ,        ,        ,      
pelusmi02, 2003,     1, PHI , NHL , R  ,  1.0,  0.0,   0.0,   0.0,   0.0, 0.0  ,  0.0,  0.0,  0.0,  0.0,  0.0, 0.0,   2.0,       ,      ,      ,        ,        ,        ,        ,        ,        ,        ,        ,      
pelykmi01, 1967,     1, TOR , NHL , D  , 24.0,  0.0,   3.0,   3.0,  55.0, 3.0  ,  0.0,     ,  0.0,     ,  0.0, 0.0,  18.0,       ,      ,      ,        ,        ,        ,        ,        ,        ,        ,        ,      
pelykmi01, 1968,     1, TOR , NHL , D  , 65.0,  3.0,   9.0,  12.0, 146.0, -2.0 ,  0.0,     ,  0.0,     ,  0.0, 1.0,  67.0,    4.0,   0.0,   0.0,     0.0,     8.0,        ,     0.0,        ,     0.0,        ,     0.0,      
pelykmi01, 1969,     1, TOR , NHL , D  , 36.0,  1.0,   3.0,   4.0,  37.0, -10.0,  0.0,     ,  0.0,     ,  0.0, 0.0,  47.0,       ,      ,      ,        ,        ,        ,        ,        ,        ,        ,        ,      
pelykmi01, 1970,     1, TOR , NHL , D  , 73.0,  5.0,  21.0,  26.0,  54.0, 17.0 ,  0.0,     ,  0.0,     ,  1.0, 0.0,  78.0,    6.0,   0.0,   0.0,     0.0,    10.0,        ,     0.0,        ,     0.0,        ,     0.0,      
pelykmi01, 1971,     1, TOR , NHL , D  , 46.0,  1.0,   4.0,   5.0,  44.0, -2.0 ,  0.0,     ,  0.0,     ,  0.0, 0.0,  58.0,    5.0,   0.0,   0.0,     0.0,     8.0,        ,     0.0,        ,     0.0,        ,     0.0,      
pelykmi01, 1972,     1, TOR , NHL , D  , 72.0,  3.0,  16.0,  19.0, 118.0, -20.0,  0.0,     ,  0.0,     ,  1.0, 0.0, 113.0,       ,      ,      ,        ,        ,        ,        ,        ,        ,        ,        ,      
pelykmi01, 1973,     1, TOR , NHL , D  , 71.0, 12.0,  19.0,  31.0,  94.0, 5.0  ,  0.0,     ,  0.0,     ,  1.0, 1.0, 115.0,    4.0,   0.0,   0.0,     0.0,     4.0,        ,     0.0,        ,     0.0,        ,     0.0,      
pelykmi01, 1974,     1, VAB , WHA , D  , 75.0, 14.0,  26.0,  40.0, 121.0, -2.0 ,  1.0,     ,  3.0,     ,     ,    , 167.0,       ,      ,      ,        ,        ,        ,        ,        ,        ,        ,        ,      
pelykmi01, 1975,     1, CIN , WHA , D  , 75.0, 10.0,  23.0,  33.0, 117.0, -5.0 ,  2.0,     ,  0.0,     ,  0.0,    , 176.0,       ,      ,      ,        ,        ,        ,        ,        ,        ,        ,        ,      
pelykmi01, 1976,     1, TOR , NHL , D  , 13.0,  0.0,   2.0,   2.0,   4.0, -4.0 ,  0.0,     ,  0.0,     ,  0.0, 0.0,   9.0,    9.0,   0.0,   2.0,     2.0,     4.0,        ,     0.0,        ,     0.0,        ,     0.0,      
pelykmi01, 1977,     1, TOR , NHL , D  , 41.0,  1.0,  11.0,  12.0,  14.0, 1.0  ,  1.0,     ,  0.0,     ,  0.0, 0.0,  40.0,   12.0,   0.0,   1.0,     1.0,     7.0,        ,     0.0,        ,     0.0,        ,     0.0,      
peniclu01, 1977,     1, CZE , WHA , L  ,  7.0,  0.0,   3.0,   3.0,   4.0,      ,  0.0,     ,  0.0,     ,  0.0,    ,      ,       ,      ,      ,        ,        ,        ,        ,        ,        ,        ,        ,      
peniclu01, 1978,     1, CZE , WHA ,    ,  4.0,  0.0,   0.0,   0.0,   0.0,      ,     ,     ,     ,     ,     ,    ,      ,       ,      ,      ,        ,        ,        ,        ,        ,        ,        ,        ,      
pennech01, 1993,     1, OTT , NHL , L  ,  3.0,  0.0,   0.0,   0.0,   2.0, -2.0 ,  0.0,  0.0,  0.0,  0.0,  0.0, 0.0,   2.0,       ,      ,      ,        ,        ,        ,        ,        ,        ,        ,        ,      
pennedu01, 2005,     1, ANA , NHL , R  , 19.0,  4.0,   3.0,   7.0,  14.0, 3.0  ,  2.0,  0.0,  0.0,  0.0,  1.0,    ,  46.0,   13.0,   3.0,   6.0,     9.0,    12.0, 10.0   ,     0.0,     0.0,     0.0,     0.0,     0.0,    41.0
pennedu01, 2006,     1, AND , NHL , R  , 82.0, 29.0,  16.0,  45.0,  58.0, -2.0 ,  9.0,  7.0,  0.0,  0.0,  5.0,    , 204.0,   21.0,   3.0,   5.0,     8.0,     2.0, 4.0    ,     0.0,     1.0,     0.0,     0.0,     2.0,    37.0
pennedu01, 2007,     1, EDM , NHL , L  , 82.0, 23.0,  24.0,  47.0,  45.0, -12.0, 13.0,  9.0,  0.0,  0.0,  4.0,    , 201.0,       ,      ,      ,        ,        ,        ,        ,        ,        ,        ,        ,      
pennedu01, 2008,     1, EDM , NHL , L  , 78.0, 17.0,  20.0,  37.0,  61.0, 7.0  ,  5.0,  6.0,  0.0,  0.0,  5.0,    , 137.0,       ,      ,      ,        ,        ,        ,        ,        ,        ,        ,        ,      
pennedu01, 2009,     1, EDM , NHL , R  , 82.0, 32.0,  31.0,  63.0,  38.0, 6.0  ,  9.0,  8.0,  0.0,  0.0,  1.0,    , 203.0,       ,      ,      ,        ,        ,        ,        ,        ,        ,        ,        ,      
penneje01, 2009,     1, BOS , NHL , D  ,  2.0,  0.0,   0.0,   0.0,   0.0, 0.0  ,  0.0,  0.0,  0.0,  0.0,  0.0,    ,   1.0,       ,      ,      ,        ,        ,        ,        ,        ,        ,        ,        ,      
pennest01, 1983,     1, MTL , NHL , G  ,  4.0,  0.0,   0.0,   0.0,   0.0, 0.0  ,  0.0,     ,  0.0,     ,  0.0, 0.0,   0.0,   15.0,   0.0,   2.0,     2.0,     2.0, 0.0    ,     0.0,        ,     0.0,        ,     0.0,     0.0
pennest01, 1984,     1, MTL , NHL , G  , 54.0,  0.0,   1.0,   1.0,  10.0, 0.0  ,  0.0,     ,  0.0,     ,  0.0, 0.0,   0.0,   12.0,   0.0,   0.0,     0.0,     0.0, 0.0    ,     0.0,        ,     0.0,        ,     0.0,     0.0
pennest01, 1985,     1, MTL , NHL , G  , 18.0,  0.0,   0.0,   0.0,   0.0, 0.0  ,  0.0,     ,  0.0,     ,  0.0, 0.0,   0.0,       ,      ,      ,        ,        ,        ,        ,        ,        ,        ,        ,      
pennest01, 1986,     1, WIN , NHL , G  ,  7.0,  0.0,   0.0,   0.0,   7.0, 0.0  ,  0.0,     ,  0.0,     ,  0.0, 0.0,   0.0,       ,      ,      ,        ,        ,        ,        ,        ,        ,        ,        ,      
pennest01, 1987,     1, WIN , NHL , G  ,  8.0,  0.0,   0.0,   0.0,   0.0, 0.0  ,  0.0,  0.0,  0.0,  0.0,  0.0, 0.0,   0.0,       ,      ,      ,        ,        ,        ,        ,        ,        ,        ,        ,      
pennicl01, 1960,     1, MTL , NHL , C  ,  4.0,  1.0,   0.0,   1.0,   0.0,      ,     ,     ,     ,     ,     ,    ,      ,       ,      ,      ,        ,        ,        ,        ,        ,        ,        ,        ,      
pennicl01, 1961,     1, BOS , NHL , C  , 70.0,  9.0,  32.0,  41.0,   2.0,      ,     ,     ,     ,     ,     ,    ,      ,       ,      ,      ,        ,        ,        ,        ,        ,        ,        ,        ,      
pennicl01, 1962,     1, BOS , NHL , C  , 27.0,  7.0,  10.0,  17.0,   4.0,      ,     ,     ,     ,     ,     ,    ,      ,       ,      ,      ,        ,        ,        ,        ,        ,        ,        ,        ,      
pentldw01, 1976,     1, HOU , WHA , D  , 29.0,  1.0,   2.0,   3.0,   6.0, 3.0  ,  0.0,     ,  0.0,     ,     ,    ,  13.0,    2.0,   0.0,   0.0,     0.0,     0.0, 0.0    ,     0.0,        ,     0.0,        ,     0.0,      
pepliji01, 1980,     1, CAL , NHL , C  , 80.0, 13.0,  25.0,  38.0, 108.0, -2.0 ,  1.0,     ,  0.0,     ,  2.0, 1.0, 107.0,   16.0,   2.0,   3.0,     5.0,    41.0,        ,     0.0,        ,     0.0,        ,     0.0,      
pepliji01, 1981,     1, CAL , NHL , C  , 74.0, 30.0,  37.0,  67.0, 115.0, 0.0  ,  3.0,     ,  3.0,     ,  5.0, 4.0, 141.0,    3.0,   1.0,   0.0,     1.0,    13.0,        ,     1.0,        ,     0.0,        ,     0.0,      
pepliji01, 1982,     1, CAL , NHL , R  , 80.0, 15.0,  26.0,  41.0, 134.0, -5.0 ,  1.0,     ,  0.0,     ,  1.0, 1.0, 147.0,    8.0,   1.0,   1.0,     2.0,    45.0,        ,     0.0,        ,     0.0,        ,     0.0,      
pepliji01, 1983,     1, CAL , NHL , R  , 74.0, 11.0,  22.0,  33.0, 114.0, -21.0,  0.0,     ,  0.0,     ,  1.0, 1.0, 149.0,   11.0,   3.0,   4.0,     7.0,    21.0, 5.0    ,     0.0,        ,     0.0,        ,     0.0,    17.0
pepliji01, 1984,     1, CAL , NHL , L  , 80.0, 16.0,  29.0,  45.0, 111.0, 12.0 ,  0.0,     ,  0.0,     ,  1.0, 1.0, 174.0,    4.0,   1.0,   3.0,     4.0,    11.0, 4.0    ,     0.0,        ,     0.0,        ,     0.0,    11.0
pepliji01, 1985,     1, CAL , NHL , L  , 77.0, 24.0,  35.0,  59.0, 214.0, 31.0 ,  0.0,     ,  1.0,     ,  3.0, 0.0, 161.0,   22.0,   5.0,   9.0,    14.0,   107.0, 1.0    ,     0.0,        ,     0.0,        ,     0.0,    28.0
pepliji01, 1986,     1, CAL , NHL , L  , 80.0, 18.0,  32.0,  50.0, 181.0, 13.0 ,  0.0,     ,  2.0,     ,  3.0, 0.0, 145.0,    6.0,   1.0,   0.0,     1.0,    24.0, -2.0   ,     0.0,        ,     0.0,        ,     0.0,     7.0
pepliji01, 1987,     1, CAL , NHL , L  , 75.0, 20.0,  31.0,  51.0, 234.0, 20.0 ,  0.0,  0.0,  2.0,  1.0,  4.0, 0.0, 128.0,    9.0,   0.0,   5.0,     5.0,    45.0, 4.0    ,     0.0,     0.0,     0.0,     0.0,     0.0,     8.0
pepliji01, 1988,     1, CAL , NHL , L  , 79.0, 13.0,  25.0,  38.0, 241.0, 6.0  ,  0.0,  0.0,  0.0,  0.0,  2.0, 1.0, 103.0,   20.0,   1.0,   6.0,     7.0,    75.0, 3.0    ,     0.0,     0.0,     0.0,     0.0,     0.0,    22.0
pepliji01, 1989,     1, CAL , NHL , L  ,  6.0,  1.0,   0.0,   1.0,   4.0, -1.0 ,  0.0,  0.0,  0.0,  0.0,  0.0, 0.0,  12.0,       ,      ,      ,        ,        ,        ,        ,        ,        ,        ,        ,      
pepliji01, 1994,     1, CAL , NHL , L  ,  6.0,  0.0,   1.0,   1.0,  11.0, -2.0 ,  0.0,  0.0,  0.0,  0.0,  0.0, 0.0,   5.0,       ,      ,      ,        ,        ,        ,        ,        ,        ,        ,        ,      
perezal01, 2005,     1, MTL , NHL , R  , 67.0,  9.0,  10.0,  19.0,  38.0, 5.0  ,  3.0,  3.0,  0.0,  0.0,  2.0,    , 109.0,    6.0,   1.0,   1.0,     2.0,     4.0, 2.0    ,     0.0,     0.0,     0.0,     0.0,     0.0,     8.0
perezal01, 2006,     1, MTL , NHL , R  , 61.0,  6.0,   9.0,  15.0,  48.0, 11.0 ,  1.0,  0.0,  0.0,  0.0,  1.0,    , 103.0,       ,      ,      ,        ,        ,        ,        ,        ,        ,        ,        ,      
perkiro01, 1972,     1, ALB , WHA , C  , 71.0, 21.0,  37.0,  58.0,  19.0,      ,  5.0,     ,  0.0,     ,  2.0,    ,      ,       ,      ,      ,        ,        ,        ,        ,        ,        ,        ,        ,      
perkiro01, 1973,     1, EDO , WHA , C  , 78.0, 16.0,  40.0,  56.0,  43.0,      ,  0.0,     ,  0.0,     ,  3.0,    ,      ,    5.0,   1.0,   3.0,     4.0,     2.0,        ,        ,        ,        ,        ,     0.0,      
perkiro01, 1974,     1, EDO , WHA , C  , 76.0,  7.0,  16.0,  23.0,  33.0, 7.0  ,  0.0,     ,  1.0,     ,     ,    ,  89.0,       ,      ,      ,        ,        ,        ,        ,        ,        ,        ,        ,      
perlifr01, 1981,     1, TOR , NHL , C  ,  7.0,  2.0,   3.0,   5.0,   0.0, -2.0 ,  1.0,     ,  0.0,     ,  0.0, 0.0,  12.0,       ,      ,      ,        ,        ,        ,        ,        ,        ,        ,        ,      
perlifr01, 1983,     1, TOR , NHL , C  ,  1.0,  0.0,   0.0,   0.0,   0.0, 0.0  ,  0.0,     ,  0.0,     ,  0.0, 0.0,   3.0,       ,      ,      ,        ,        ,        ,        ,        ,        ,        ,        ,      
perrajo01, 2005,     1, PHO , NHL , C  ,  5.0,  1.0,   1.0,   2.0,   2.0, 0.0  ,  0.0,  0.0,  0.0,  0.0,  0.0,    ,   7.0,       ,      ,      ,        ,        ,        ,        ,        ,        ,        ,        ,      
perrajo01, 2006,     1, PHO , NHL , C  , 15.0,  1.0,   2.0,   3.0,  14.0, -3.0 ,  0.0,  0.0,  0.0,  0.0,  0.0,    ,  18.0,       ,      ,      ,        ,        ,        ,        ,        ,        ,        ,        ,      
perrajo01, 2006,     2, STL , NHL , C  , 11.0,  0.0,   0.0,   0.0,   0.0, -4.0 ,  0.0,  0.0,  0.0,  0.0,  0.0,    ,  13.0,       ,      ,      ,        ,        ,        ,        ,        ,        ,        ,        ,      
perrajo01, 2007,     1, PHO , NHL , C  , 49.0,  7.0,  10.0,  17.0,  48.0, -11.0,  3.0,  4.0,  0.0,  0.0,  2.0,    ,  87.0,       ,      ,      ,        ,        ,        ,        ,        ,        ,        ,        ,      
perrajo01, 2008,     1, PHO , NHL , C  ,  7.0,  2.0,   1.0,   3.0,   4.0, 2.0  ,  0.0,  1.0,  0.0,  0.0,  0.0,    ,  15.0,       ,      ,      ,        ,        ,        ,        ,        ,        ,        ,        ,      
perrajo01, 2009,     1, PHO , NHL , C  ,  2.0,  1.0,   0.0,   1.0,   0.0, -1.0 ,  0.0,  0.0,  0.0,  0.0,  0.0,    ,   7.0,       ,      ,      ,        ,        ,        ,        ,        ,        ,        ,        ,      
perrebo01, 1955,     1, MTL , NHL , G  ,  6.0,  0.0,   0.0,   0.0,   0.0,      ,     ,     ,     ,     ,     ,    ,      ,       ,      ,      ,        ,        ,        ,        ,        ,        ,        ,        ,      
perrebo01, 1958,     1, DET , NHL , G  ,  3.0,  0.0,   0.0,   0.0,   0.0,      ,     ,     ,     ,     ,     ,    ,      ,       ,      ,      ,        ,        ,        ,        ,        ,        ,        ,        ,      
perrebo01, 1962,     1, BOS , NHL , G  , 22.0,  0.0,   0.0,   0.0,   0.0,      ,     ,     ,     ,     ,     ,    ,      ,       ,      ,      ,        ,        ,        ,        ,        ,        ,        ,        ,      
perrebo01, 1972,     1, LAS , WHA , G  ,  1.0,  0.0,   0.0,   0.0,   0.0,      ,  0.0,     ,  0.0,     ,     ,    ,      ,       ,      ,      ,        ,        ,        ,        ,        ,        ,        ,        ,      
perrefe01, 1947,     1, NYR , NHL , L  ,  2.0,  0.0,   0.0,   0.0,   0.0,      ,     ,     ,     ,     ,     ,    ,      ,       ,      ,      ,        ,        ,        ,        ,        ,        ,        ,        ,      
perrefe01, 1949,     1, NYR , NHL , L  ,  1.0,  0.0,   0.0,   0.0,   0.0,      ,     ,     ,     ,     ,     ,    ,      ,       ,      ,      ,        ,        ,        ,        ,        ,        ,        ,        ,      
perregi01, 1970,     1, BUF , NHL , C  , 78.0, 38.0,  34.0,  72.0,  19.0, -39.0, 14.0,     ,  0.0,     ,  5.0, 3.0, 210.0,       ,      ,      ,        ,        ,        ,        ,        ,        ,        ,        ,      
perregi01, 1971,     1, BUF , NHL , C  , 76.0, 26.0,  48.0,  74.0,  24.0, -40.0, 11.0,     ,  0.0,     ,  1.0, 1.0, 218.0,       ,      ,      ,        ,        ,        ,        ,        ,        ,        ,        ,      
perregi01, 1972,     1, BUF , NHL , C  , 78.0, 28.0,  60.0,  88.0,  10.0, 11.0 ,  8.0,     ,  0.0,     ,  7.0, 0.0, 234.0,    6.0,   3.0,   7.0,    10.0,     2.0,        ,     1.0,        ,     0.0,        ,     1.0,      
perregi01, 1973,     1, BUF , NHL , C  , 55.0, 18.0,  33.0,  51.0,  10.0, -8.0 ,  6.0,     ,  0.0,     ,  7.0, 2.0, 163.0,       ,      ,      ,        ,        ,        ,        ,        ,        ,        ,        ,      
perregi01, 1974,     1, BUF , NHL , C  , 68.0, 39.0,  57.0,  96.0,  36.0, 1.0  , 12.0,     ,  0.0,     ,  8.0, 2.0, 245.0,   17.0,   6.0,   9.0,    15.0,    10.0,        ,     4.0,        ,     0.0,        ,     1.0,      
perregi01, 1975,     1, BUF , NHL , C  , 80.0, 44.0,  69.0, 113.0,  36.0, 17.0 , 14.0,     ,  0.0,     ,  4.0, 3.0, 237.0,    9.0,   4.0,   4.0,     8.0,     4.0,        ,     0.0,        ,     0.0,        ,     0.0,      
perregi01, 1976,     1, BUF , NHL , C  , 80.0, 39.0,  56.0,  95.0,  30.0, 10.0 ,  7.0,     ,  2.0,     ,  9.0, 0.0, 195.0,    6.0,   1.0,   8.0,     9.0,     4.0,        ,     0.0,        ,     0.0,        ,     0.0,      
perregi01, 1977,     1, BUF , NHL , C  , 79.0, 41.0,  48.0,  89.0,  20.0, 18.0 ,  7.0,     ,  0.0,     ,  7.0, 2.0, 192.0,    8.0,   3.0,   2.0,     5.0,     0.0,        ,     0.0,        ,     0.0,        ,     1.0,      
perregi01, 1978,     1, BUF , NHL , C  , 79.0, 27.0,  58.0,  85.0,  20.0, 12.0 ,  6.0,     ,  0.0,     ,  4.0, 0.0, 172.0,    3.0,   1.0,   0.0,     1.0,     2.0,        ,     1.0,        ,     0.0,        ,     0.0,      
perregi01, 1979,     1, BUF , NHL , C  , 80.0, 40.0,  66.0, 106.0,  57.0, 32.0 , 10.0,     ,  0.0,     ,  5.0, 1.0, 180.0,   14.0,  10.0,  11.0,    21.0,     8.0,        ,     3.0,        ,     0.0,        ,     2.0,      
perregi01, 1980,     1, BUF , NHL , C  , 56.0, 20.0,  39.0,  59.0,  56.0, 3.0  ,  5.0,     ,  0.0,     ,  3.0, 1.0, 150.0,    8.0,   2.0,  10.0,    12.0,     2.0,        ,     0.0,        ,     0.0,        ,     0.0,      
perregi01, 1981,     1, BUF , NHL , C  , 62.0, 31.0,  42.0,  73.0,  40.0, 19.0 ,  2.0,     ,  0.0,     ,  4.0, 0.0, 155.0,    4.0,   0.0,   7.0,     7.0,     0.0,        ,     0.0,        ,     0.0,        ,     0.0,      
perregi01, 1982,     1, BUF , NHL , C  , 77.0, 30.0,  46.0,  76.0,  34.0, -10.0,  8.0,     ,  2.0,     ,  5.0, 0.0, 192.0,   10.0,   0.0,   7.0,     7.0,     8.0,        ,     0.0,        ,     0.0,        ,     0.0,      
perregi01, 1983,     1, BUF , NHL , C  , 73.0, 31.0,  59.0,  90.0,  32.0, 19.0 ,  8.0,     ,  2.0,     ,  7.0, 1.0, 165.0,       ,      ,      ,        ,        ,        ,        ,        ,        ,        ,        ,      
perregi01, 1984,     1, BUF , NHL , C  , 78.0, 30.0,  53.0,  83.0,  42.0, 9.0  , 10.0,     ,  1.0,     ,  1.0, 0.0, 172.0,    5.0,   3.0,   5.0,     8.0,     4.0, 2.0    ,     1.0,        ,     0.0,        ,     0.0,    10.0
perregi01, 1985,     1, BUF , NHL , C  , 72.0, 21.0,  39.0,  60.0,  28.0, -10.0,  5.0,     ,  1.0,     ,  3.0, 0.0, 164.0,       ,      ,      ,        ,        ,        ,        ,        ,        ,        ,        ,      
perregi01, 1986,     1, BUF , NHL , C  , 20.0,  9.0,   7.0,  16.0,   6.0, -2.0 ,  1.0,     ,  0.0,     ,  1.0, 0.0,  35.0,       ,      ,      ,        ,        ,        ,        ,        ,        ,        ,        ,      
perrema01, 2009,     1, WAS , NHL , C  , 21.0,  4.0,   5.0,   9.0,   6.0, 4.0  ,  1.0,  0.0,  0.0,  0.0,  0.0,    ,  27.0,       ,      ,      ,        ,        ,        ,        ,        ,        ,        ,        ,      
perreya01, 1993,     1, TOR , NHL , C  , 13.0,  3.0,   3.0,   6.0,   0.0, 1.0  ,  2.0,  0.0,  0.0,  0.0,  0.0, 0.0,  24.0,       ,      ,      ,        ,        ,        ,        ,        ,        ,        ,        ,      
perreya01, 1994,     1, LAK , NHL , C  , 26.0,  2.0,   5.0,   7.0,  20.0, 3.0  ,  0.0,  1.0,  0.0,  0.0,  1.0, 0.0,  43.0,       ,      ,      ,        ,        ,        ,        ,        ,        ,        ,        ,      
perreya01, 1995,     1, LAK , NHL , C  , 78.0, 25.0,  24.0,  49.0,  16.0, -11.0,  8.0,  9.0,  3.0,  1.0,  7.0, 0.0, 175.0,       ,      ,      ,        ,        ,        ,        ,        ,        ,        ,        ,      
perreya01, 1996,     1, LAK , NHL , C  , 41.0, 11.0,  14.0,  25.0,  20.0, 0.0  ,  1.0,  3.0,  1.0,  1.0,  0.0, 0.0,  98.0,       ,      ,      ,        ,        ,        ,        ,        ,        ,        ,        ,      
perreya01, 1997,     1, LAK , NHL , C  , 79.0, 28.0,  20.0,  48.0,  32.0, 6.0  ,  3.0,  3.0,  2.0,  0.0,  3.0, 0.0, 206.0,    4.0,   1.0,   2.0,     3.0,     6.0, -1.0   ,     1.0,     0.0,     0.0,     0.0,     0.0,     7.0
perreya01, 1998,     1, LAK , NHL , C  , 64.0, 10.0,  17.0,  27.0,  30.0, -3.0 ,  2.0,  4.0,  2.0,  2.0,  1.0, 0.0, 113.0,       ,      ,      ,        ,        ,        ,        ,        ,        ,        ,        ,      
perreya01, 1998,     2, TOR , NHL , C  , 12.0,  7.0,   8.0,  15.0,  12.0, 10.0 ,  2.0,  0.0,  1.0,  0.0,  2.0, 0.0,  28.0,   17.0,   3.0,   6.0,     9.0,     6.0, -6.0   ,     0.0,     1.0,     0.0,     0.0,     2.0,    15.0
perreya01, 1999,     1, TOR , NHL , C  , 58.0, 18.0,  27.0,  45.0,  22.0, 3.0  ,  5.0, 10.0,  0.0,  0.0,  4.0, 0.0, 114.0,    1.0,   0.0,   1.0,     1.0,     0.0, 0.0    ,     0.0,     1.0,     0.0,     0.0,     0.0,     2.0
perreya01, 2000,     1, TOR , NHL , C  , 76.0, 24.0,  28.0,  52.0,  52.0, 0.0  ,  5.0, 13.0,  0.0,  0.0,  2.0, 0.0, 134.0,   11.0,   2.0,   3.0,     5.0,     4.0, 2.0    ,     1.0,     0.0,     0.0,     0.0,     1.0,     9.0
perreya01, 2001,     1, MTL , NHL , C  , 82.0, 27.0,  29.0,  56.0,  40.0, -3.0 ,  6.0,  9.0,  0.0,  0.0,  7.0, 2.0, 156.0,   11.0,   3.0,   5.0,     8.0,     0.0, 0.0    ,     2.0,     2.0,     0.0,     0.0,     1.0,    19.0
perreya01, 2002,     1, MTL , NHL , C  , 73.0, 24.0,  22.0,  46.0,  30.0, -11.0,  7.0,  6.0,  0.0,  0.0,  4.0, 0.0, 145.0,       ,      ,      ,        ,        ,        ,        ,        ,        ,        ,        ,      
perreya01, 2003,     1, MTL , NHL , C  , 69.0, 16.0,  15.0,  31.0,  40.0, -10.0,  5.0,  7.0,  0.0,  0.0,  3.0, 0.0, 114.0,    9.0,   2.0,   2.0,     4.0,     0.0, -3.0   ,     0.0,     0.0,     0.0,     0.0,     1.0,    15.0
perreya01, 2005,     1, NAS , NHL , C  , 69.0, 22.0,  35.0,  57.0,  30.0, -3.0 , 10.0, 17.0,  0.0,  0.0,  2.0,    , 145.0,    1.0,   0.0,   0.0,     0.0,     2.0, 0.0    ,     0.0,     0.0,     0.0,     0.0,     0.0,     2.0
perreya01, 2006,     1, PHO , NHL , C  , 49.0, 19.0,  14.0,  33.0,  30.0, -2.0 ,  7.0,  5.0,  0.0,  0.0,  5.0,    , 101.0,       ,      ,      ,        ,        ,        ,        ,        ,        ,        ,        ,      
perreya01, 2006,     2, TOR , NHL , C  , 17.0,  2.0,   3.0,   5.0,   4.0, 1.0  ,  0.0,  0.0,  0.0,  0.0,  0.0,    ,  24.0,       ,      ,      ,        ,        ,        ,        ,        ,        ,        ,        ,      
perreya01, 2007,     1, CHI , NHL , C  , 53.0,  9.0,   5.0,  14.0,  24.0, -1.0 ,  0.0,  1.0,  0.0,  1.0,  0.0,    ,  58.0,       ,      ,      ,        ,        ,        ,        ,        ,        ,        ,        ,      
perrier01, 2003,     1, TBL , NHL , C  ,  4.0,  0.0,   0.0,   0.0,   0.0, -1.0 ,  0.0,  0.0,  0.0,  0.0,  0.0, 0.0,   3.0,   12.0,   0.0,   1.0,     1.0,     6.0, 0.0    ,     0.0,     0.0,     0.0,     0.0,     0.0,     9.0
perrier01, 2006,     1, TBL , NHL , C  , 82.0, 13.0,  23.0,  36.0,  30.0, -7.0 ,  2.0,  5.0,  1.0,  2.0,  0.0,    , 151.0,    6.0,   1.0,   1.0,     2.0,     2.0, -4.0   ,     0.0,     0.0,     0.0,     1.0,     0.0,     8.0
perrier01, 2007,     1, ATL , NHL , C  , 81.0, 12.0,  33.0,  45.0,  26.0, -5.0 ,  2.0,  4.0,  2.0,  8.0,  0.0,    , 121.0,       ,      ,      ,        ,        ,        ,        ,        ,        ,        ,        ,      
perrier01, 2008,     1, ATL , NHL , C  , 78.0,  7.0,  16.0,  23.0,  36.0, -2.0 ,  1.0,  1.0,  1.0,  3.0,  0.0,    , 109.0,       ,      ,      ,        ,        ,        ,        ,        ,        ,        ,        ,      
perroda01, 2007,     1, STL , NHL , L  , 62.0, 13.0,  14.0,  27.0,  38.0, 16.0 ,  3.0,  2.0,  0.0,  0.0,  1.0,    ,  68.0,       ,      ,      ,        ,        ,        ,        ,        ,        ,        ,        ,      
perroda01, 2008,     1, STL , NHL , L  , 81.0, 15.0,  35.0,  50.0,  50.0, 13.0 ,  4.0, 11.0,  0.0,  0.0,  3.0,    , 161.0,    4.0,   1.0,   1.0,     2.0,     4.0, 3.0    ,     0.0,     0.0,     0.0,     0.0,     0.0,    12.0
perroda01, 2009,     1, STL , NHL , L  , 82.0, 20.0,  27.0,  47.0,  60.0, -10.0,  5.0,  8.0,  1.0,  1.0,  2.0,    , 166.0,       ,      ,      ,        ,        ,        ,        ,        ,        ,        ,        ,      
perrona01, 2001,     1, NAS , NHL , R  , 22.0,  1.0,   2.0,   3.0,  74.0, -1.0 ,  0.0,  0.0,  0.0,  0.0,  1.0, 0.0,   7.0,       ,      ,      ,        ,        ,        ,        ,        ,        ,        ,        ,      
perrona01, 2002,     1, NAS , NHL , R  ,  1.0,  0.0,   0.0,   0.0,   5.0, 0.0  ,  0.0,  0.0,  0.0,  0.0,  0.0, 0.0,   0.0,       ,      ,      ,        ,        ,        ,        ,        ,        ,        ,        ,      
perrona01, 2003,     1, TOR , NHL , R  , 40.0,  1.0,   2.0,   3.0, 116.0, -1.0 ,  0.0,  0.0,  0.0,  0.0,  0.0, 0.0,  47.0,       ,      ,      ,        ,        ,        ,        ,        ,        ,        ,        ,      
perrona01, 2005,     1, TOR , NHL , R  ,  3.0,  0.0,   0.0,   0.0,   2.0, -5.0 ,  0.0,  0.0,  0.0,  0.0,  0.0,    ,   2.0,       ,      ,      ,        ,        ,        ,        ,        ,        ,        ,        ,      
perrona01, 2005,     2, DAL , NHL , R  , 23.0,  2.0,   1.0,   3.0,  54.0, 2.0  ,  0.0,  0.0,  0.0,  0.0,  1.0,    ,  17.0,       ,      ,      ,        ,        ,        ,        ,        ,        ,        ,        ,      
perrybr01, 1968,     1, OAK , NHL , C  , 61.0, 10.0,  21.0,  31.0,  10.0, -6.0 ,  2.0,     ,  0.0,     ,  1.0, 0.0,  75.0,    6.0,   1.0,   1.0,     2.0,     4.0,        ,     0.0,        ,     0.0,        ,     0.0,      
perrybr01, 1969,     1, OAK , NHL , L  , 34.0,  6.0,   8.0,  14.0,  14.0, -3.0 ,  0.0,     ,  0.0,     ,  0.0, 0.0,  41.0,    2.0,   0.0,   0.0,     0.0,     0.0,        ,     0.0,        ,     0.0,        ,     0.0,      
perrybr01, 1970,     1, BUF , NHL , C  ,  1.0,  0.0,   0.0,   0.0,   0.0, 0.0  ,  0.0,     ,  0.0,     ,  0.0, 0.0,   0.0,       ,      ,      ,        ,        ,        ,        ,        ,        ,        ,        ,      
perrybr01, 1972,     1, NRA , WHA , L  , 74.0, 13.0,  20.0,  33.0,  30.0,      ,  3.0,     ,  1.0,     ,     ,    ,      ,       ,      ,      ,        ,        ,        ,        ,        ,        ,        ,        ,      
perrybr01, 1973,     1, NYJ , WHA , R  , 71.0, 20.0,  11.0,  31.0,  19.0,      ,  3.0,     ,  1.0,     ,  4.0,    ,      ,       ,      ,      ,        ,        ,        ,        ,        ,        ,        ,        ,      
perrybr01, 1974,     1, SDM , WHA , L  ,     ,     ,      ,      ,      ,      ,     ,     ,     ,     ,     ,    ,      ,    6.0,   1.0,   2.0,     3.0,     6.0,        ,        ,        ,        ,        ,     0.0,      
perryco01, 2005,     1, ANA , NHL , R  , 56.0, 13.0,  12.0,  25.0,  50.0, 1.0  ,  4.0,  7.0,  0.0,  0.0,  2.0,    ,  98.0,   11.0,   0.0,   3.0,     3.0,    16.0, -4.0   ,     0.0,     2.0,     0.0,     0.0,     0.0,    14.0
perryco01, 2006,     1, AND , NHL , R  , 82.0, 17.0,  27.0,  44.0,  55.0, 12.0 ,  4.0, 16.0,  0.0,  0.0,  3.0,    , 194.0,   21.0,   6.0,   9.0,    15.0,    37.0, 5.0    ,     1.0,     0.0,     0.0,     0.0,     1.0,    58.0
perryco01, 2007,     1, AND , NHL , R  , 70.0, 29.0,  25.0,  54.0, 108.0, 12.0 , 11.0,  6.0,  0.0,  0.0,  4.0,    , 200.0,    3.0,   2.0,   1.0,     3.0,     8.0, 1.0    ,     0.0,     0.0,     0.0,     0.0,     0.0,     7.0
perryco01, 2008,     1, AND , NHL , R  , 78.0, 32.0,  40.0,  72.0, 109.0, 10.0 , 10.0, 14.0,  0.0,  0.0,  8.0,    , 283.0,   13.0,   8.0,   6.0,    14.0,    36.0, 2.0    ,     2.0,     3.0,     0.0,     0.0,     1.0,    41.0
perryco01, 2009,     1, AND , NHL , R  , 82.0, 27.0,  49.0,  76.0, 111.0, 0.0  ,  6.0, 17.0,  1.0,  1.0,  2.0,    , 270.0,       ,      ,      ,        ,        ,        ,        ,        ,        ,        ,        ,      
perssri01, 1995,     1, NJD , NHL , D  , 12.0,  2.0,   1.0,   3.0,   8.0, 5.0  ,  1.0,  1.0,  0.0,  0.0,  0.0, 0.0,  41.0,       ,      ,      ,        ,        ,        ,        ,        ,        ,        ,        ,      
perssri01, 1996,     1, NJD , NHL , D  ,  1.0,  0.0,   0.0,   0.0,   0.0, 0.0  ,  0.0,  0.0,  0.0,  0.0,  0.0, 0.0,   2.0,       ,      ,      ,        ,        ,        ,        ,        ,        ,        ,        ,      
perssri01, 1996,     2, STL , NHL , D  , 53.0,  4.0,   8.0,  12.0,  45.0, -2.0 ,  1.0,  1.0,  0.0,  0.0,  0.0, 0.0,  68.0,    6.0,   0.0,   0.0,     0.0,    27.0, -1.0   ,     0.0,     0.0,     0.0,     0.0,     0.0,     1.0
perssri01, 1997,     1, STL , NHL , D  ,  1.0,  0.0,   0.0,   0.0,   0.0, 0.0  ,  0.0,  0.0,  0.0,  0.0,  0.0, 0.0,   0.0,       ,      ,      ,        ,        ,        ,        ,        ,        ,        ,        ,      
perssri01, 1998,     1, STL , NHL , D  , 54.0,  1.0,  12.0,  13.0,  94.0, 4.0  ,  0.0,  1.0,  0.0,  0.0,  0.0, 0.0,  52.0,   13.0,   0.0,   3.0,     3.0,    17.0, -1.0   ,     0.0,     0.0,     0.0,     0.0,     0.0,    12.0
perssri01, 1999,     1, STL , NHL , D  , 41.0,  0.0,   8.0,   8.0,  38.0, -2.0 ,  0.0,  1.0,  0.0,  0.0,  0.0, 0.0,  30.0,    3.0,   1.0,   0.0,     1.0,     0.0, 1.0    ,     0.0,     0.0,     0.0,     0.0,     0.0,     1.0
perssri01, 2000,     1, OTT , NHL , D  , 33.0,  1.0,   8.0,   9.0,  35.0, 8.0  ,  0.0,  2.0,  0.0,  0.0,  1.0, 0.0,  43.0,    2.0,   0.0,   0.0,     0.0,     0.0, 0.0    ,     0.0,     0.0,     0.0,     0.0,     0.0,     2.0
perssri01, 2001,     1, OTT , NHL , D  , 34.0,  2.0,   7.0,   9.0,  42.0, 3.0  ,  0.0,  1.0,  0.0,  1.0,  0.0, 0.0,  35.0,    2.0,   0.0,   0.0,     0.0,    15.0, 0.0    ,     0.0,     0.0,     0.0,     0.0,     0.0,     1.0
perssst01, 1977,     1, NYI , NHL , D  , 66.0,  6.0,  50.0,  56.0,  54.0, 19.0 ,  3.0,     ,  0.0,     ,  0.0, 0.0,  77.0,    7.0,   0.0,   2.0,     2.0,     6.0,        ,     0.0,        ,     0.0,        ,     0.0,      
perssst01, 1978,     1, NYI , NHL , D  , 78.0, 10.0,  56.0,  66.0,  57.0, 38.0 ,  6.0,     ,  0.0,     ,  1.0, 0.0, 113.0,   10.0,   0.0,   4.0,     4.0,     8.0,        ,     0.0,        ,     0.0,        ,     0.0,      
perssst01, 1979,     1, NYI , NHL , D  , 73.0,  4.0,  35.0,  39.0,  76.0, 13.0 ,  2.0,     ,  0.0,     ,  0.0, 0.0,  91.0,   21.0,   5.0,  10.0,    15.0,    16.0,        ,     4.0,        ,     0.0,        ,     0.0,      
perssst01, 1980,     1, NYI , NHL , D  , 80.0,  9.0,  52.0,  61.0,  82.0, 24.0 ,  6.0,     ,  0.0,     ,  2.0, 0.0, 120.0,    7.0,   0.0,   5.0,     5.0,     6.0,        ,     0.0,        ,     0.0,        ,     0.0,      
perssst01, 1981,     1, NYI , NHL , D  , 70.0,  6.0,  37.0,  43.0,  99.0, 35.0 ,  3.0,     ,  0.0,     ,  2.0, 1.0, 107.0,   13.0,   1.0,  14.0,    15.0,     9.0,        ,     1.0,        ,     0.0,        ,     0.0,      
perssst01, 1982,     1, NYI , NHL , D  , 70.0,  4.0,  25.0,  29.0,  71.0, 12.0 ,  2.0,     ,  0.0,     ,  0.0, 0.0,  80.0,   18.0,   1.0,   5.0,     6.0,    18.0,        ,     1.0,        ,     0.0,        ,     0.0,      
perssst01, 1983,     1, NYI , NHL , D  , 75.0,  9.0,  24.0,  33.0,  65.0, 30.0 ,  4.0,     ,  0.0,     ,  2.0, 0.0,  95.0,   16.0,   0.0,   6.0,     6.0,     2.0, -2.0   ,     0.0,        ,     0.0,        ,     0.0,    19.0
perssst01, 1984,     1, NYI , NHL , D  , 54.0,  3.0,  19.0,  22.0,  30.0, 8.0  ,  3.0,     ,  0.0,     ,  0.0, 0.0,  56.0,   10.0,   0.0,   4.0,     4.0,     4.0, 5.0    ,     0.0,        ,     0.0,        ,     0.0,    11.0
perssst01, 1985,     1, NYI , NHL , D  , 56.0,  1.0,  19.0,  20.0,  40.0, -3.0 ,  1.0,     ,  0.0,     ,  0.0, 0.0,  46.0,       ,      ,      ,        ,        ,        ,        ,        ,        ,        ,        ,      
pesonja01, 2008,     1, PIT , NHL , L  ,  7.0,  0.0,   0.0,   0.0,   0.0, -3.0 ,  0.0,  0.0,  0.0,  0.0,  0.0,    ,   3.0,       ,      ,      ,        ,        ,        ,        ,        ,        ,        ,        ,      
pesutge01, 1974,     1, CLF , NHL , D  , 47.0,  0.0,  13.0,  13.0,  73.0, -16.0,  0.0,     ,  0.0,     ,  0.0, 0.0,  33.0,       ,      ,      ,        ,        ,        ,        ,        ,        ,        ,        ,      
pesutge01, 1975,     1, CLF , NHL , D  , 45.0,  3.0,   9.0,  12.0,  57.0, -8.0 ,  2.0,     ,  0.0,     ,  0.0, 0.0,  35.0,       ,      ,      ,        ,        ,        ,        ,        ,        ,        ,        ,      
pesutge01, 1976,     1, CAC , WHA , D  , 17.0,  2.0,   0.0,   2.0,   2.0, -7.0 ,  2.0,     ,  0.0,     ,     ,    ,  12.0,       ,      ,      ,        ,        ,        ,        ,        ,        ,        ,        ,      
peteran01, 2003,     1, BUF , NHL , L  , 42.0,  2.0,   0.0,   2.0, 151.0, -3.0 ,  0.0,  0.0,  0.0,  0.0,  0.0, 0.0,  19.0,       ,      ,      ,        ,        ,        ,        ,        ,        ,        ,        ,      
peteran01, 2005,     1, BUF , NHL , L  , 28.0,  0.0,   0.0,   0.0, 100.0, -2.0 ,  0.0,  0.0,  0.0,  0.0,  0.0,    ,   6.0,       ,      ,      ,        ,        ,        ,        ,        ,        ,        ,        ,      
peteran01, 2006,     1, BUF , NHL , L  , 58.0,  1.0,   1.0,   2.0, 125.0, -1.0 ,  0.0,  0.0,  0.0,  0.0,  0.0,    ,  19.0,       ,      ,      ,        ,        ,        ,        ,        ,        ,        ,        ,      
peteran01, 2007,     1, BUF , NHL , L  , 44.0,  1.0,   1.0,   2.0, 100.0, -4.0 ,  0.0,  0.0,  0.0,  0.0,  0.0,    ,  18.0,       ,      ,      ,        ,        ,        ,        ,        ,        ,        ,        ,      
peteran01, 2008,     1, BUF , NHL , L  , 28.0,  0.0,   1.0,   1.0,  81.0, -2.0 ,  0.0,  0.0,  0.0,  0.0,  0.0,    ,  10.0,       ,      ,      ,        ,        ,        ,        ,        ,        ,        ,        ,      
peteran01, 2009,     1, NJD , NHL , L  , 29.0,  0.0,   0.0,   0.0,  93.0, -5.0 ,  0.0,  0.0,  0.0,  0.0,  0.0,    ,  15.0,       ,      ,      ,        ,        ,        ,        ,        ,        ,        ,        ,      
peterbr01, 1978,     1, DET , NHL , C  ,  5.0,  0.0,   0.0,   0.0,   0.0, 0.0  ,  0.0,     ,  0.0,     ,  0.0, 0.0,   7.0,       ,      ,      ,        ,        ,        ,        ,        ,        ,        ,        ,      
peterbr01, 1979,     1, DET , NHL , C  , 18.0,  1.0,   2.0,   3.0,   2.0, -1.0 ,  0.0,     ,  0.0,     ,  0.0, 1.0,   6.0,       ,      ,      ,        ,        ,        ,        ,        ,        ,        ,        ,      
peterbr01, 1980,     1, DET , NHL , C  , 53.0,  6.0,  18.0,  24.0,  24.0, 2.0  ,  1.0,     ,  0.0,     ,  1.0, 0.0,  40.0,       ,      ,      ,        ,        ,        ,        ,        ,        ,        ,        ,      
peterbr01, 1981,     1, DET , NHL , C  , 15.0,  1.0,   0.0,   1.0,   6.0, -6.0 ,  0.0,     ,  0.0,     ,  0.0, 0.0,  10.0,       ,      ,      ,        ,        ,        ,        ,        ,        ,        ,        ,      
peterbr01, 1981,     2, BUF , NHL , C  , 46.0,  9.0,   5.0,  14.0,  43.0, -3.0 ,  0.0,     ,  0.0,     ,  0.0, 0.0,  41.0,    4.0,   1.0,   0.0,     1.0,    12.0,        ,     1.0,        ,     0.0,        ,     0.0,      
peterbr01, 1982,     1, BUF , NHL , C  , 75.0, 13.0,  24.0,  37.0,  38.0, 10.0 ,  1.0,     ,  1.0,     ,  0.0, 1.0,  98.0,   10.0,   1.0,   2.0,     3.0,    28.0,        ,     0.0,        ,     0.0,        ,     1.0,      
peterbr01, 1983,     1, BUF , NHL , C  , 70.0,  9.0,  12.0,  21.0,  52.0, 3.0  ,  0.0,     ,  0.0,     ,  0.0, 0.0,  81.0,    3.0,   0.0,   1.0,     1.0,     4.0, -2.0   ,     0.0,        ,     0.0,        ,     0.0,     4.0
peterbr01, 1984,     1, BUF , NHL , C  , 74.0, 12.0,  22.0,  34.0,  47.0, 18.0 ,  2.0,     ,  1.0,     ,  2.0, 0.0, 104.0,    5.0,   0.0,   0.0,     0.0,     6.0, -2.0   ,     0.0,        ,     0.0,        ,     0.0,     3.0
peterbr01, 1985,     1, VAN , NHL , C  , 77.0,  8.0,  23.0,  31.0,  94.0, -10.0,  0.0,     ,  3.0,     ,  2.0, 1.0,  86.0,    3.0,   2.0,   0.0,     2.0,     9.0, -4.0   ,     1.0,        ,     0.0,        ,     0.0,     5.0
peterbr01, 1986,     1, VAN , NHL , C  , 69.0,  7.0,  15.0,  22.0,  77.0, -14.0,  2.0,     ,  1.0,     ,  2.0, 0.0,  71.0,       ,      ,      ,        ,        ,        ,        ,        ,        ,        ,        ,      
peterbr01, 1987,     1, HAR , NHL , C  , 52.0,  2.0,   7.0,   9.0,  40.0, -9.0 ,  0.0,  0.0,  0.0,  0.0,  0.0, 1.0,  33.0,    4.0,   0.0,   0.0,     0.0,     2.0, 0.0    ,     0.0,     0.0,     0.0,     0.0,     0.0,     1.0
peterbr01, 1988,     1, HAR , NHL , C  , 66.0,  4.0,  13.0,  17.0,  61.0, 2.0  ,  0.0,  0.0,  0.0,  1.0,  2.0, 0.0,  56.0,    2.0,   0.0,   1.0,     1.0,     4.0, -1.0   ,     0.0,     0.0,     0.0,     0.0,     0.0,     3.0
peterbr02, 1996,     1, TBL , NHL , L  , 17.0,  2.0,   0.0,   2.0,   4.0, -4.0 ,  0.0,  0.0,  0.0,  0.0,  0.0, 0.0,  11.0,       ,      ,      ,        ,        ,        ,        ,        ,        ,        ,        ,      
peterbr02, 1997,     1, TBL , NHL , L  , 19.0,  5.0,   0.0,   5.0,   2.0, -2.0 ,  0.0,  0.0,  0.0,  0.0,  0.0, 0.0,  15.0,       ,      ,      ,        ,        ,        ,        ,        ,        ,        ,        ,      
peterbr02, 1998,     1, TBL , NHL , L  , 20.0,  2.0,   1.0,   3.0,   0.0, -2.0 ,  0.0,  0.0,  0.0,  0.0,  0.0, 0.0,  16.0,       ,      ,      ,        ,        ,        ,        ,        ,        ,        ,        ,      
peterfr01, 1930,     1, NYR , NHL , D  , 43.0,  0.0,   0.0,   0.0,  59.0,      ,     ,     ,     ,     ,     ,    ,      ,    4.0,   0.0,   0.0,     0.0,     2.0,        ,        ,        ,        ,        ,        ,      
peterga01, 1964,     1, MTL , NHL , C  , 13.0,  0.0,   2.0,   2.0,   6.0,      ,  0.0,     ,  0.0,     ,  0.0, 0.0,      ,       ,      ,      ,        ,        ,        ,        ,        ,        ,        ,        ,      
peterga01, 1965,     1, NYR , NHL , C  , 63.0,  7.0,   3.0,  10.0,  42.0,      ,  0.0,     ,  0.0,     ,  0.0, 0.0,      ,       ,      ,      ,        ,        ,        ,        ,        ,        ,        ,        ,      
peterga01, 1966,     1, MTL , NHL , C  ,  4.0,  0.0,   1.0,   1.0,   2.0,      ,  0.0,     ,  0.0,     ,  0.0, 0.0,      ,       ,      ,      ,        ,        ,        ,        ,        ,        ,        ,        ,      
peterga01, 1967,     1, PHI , NHL , C  , 31.0,  7.0,   5.0,  12.0,  22.0, -2.0 ,  1.0,     ,  0.0,     ,  1.0, 0.0,  79.0,       ,      ,      ,        ,        ,        ,        ,        ,        ,        ,        ,      
peterga01, 1968,     1, PHI , NHL , C  , 66.0,  8.0,   6.0,  14.0,  49.0, -20.0,  1.0,     ,  1.0,     ,  2.0, 0.0, 166.0,    4.0,   1.0,   1.0,     2.0,    16.0,        ,     0.0,        ,     1.0,        ,     0.0,      
peterga01, 1969,     1, PHI , NHL , C  , 59.0,  6.0,  10.0,  16.0,  69.0, -9.0 ,  1.0,     ,  0.0,     ,  0.0, 2.0, 102.0,       ,      ,      ,        ,        ,        ,        ,        ,        ,        ,        ,      
peterga01, 1970,     1, PHI , NHL , C  , 73.0,  6.0,   7.0,  13.0,  69.0, -14.0,  0.0,     ,  2.0,     ,  2.0, 0.0, 135.0,    4.0,   1.0,   1.0,     2.0,    15.0,        ,     0.0,        ,     0.0,        ,     0.0,      
peterga01, 1971,     1, BOS , NHL , C  ,  2.0,  0.0,   0.0,   0.0,   2.0, 0.0  ,  0.0,     ,  0.0,     ,  0.0, 0.0,   1.0,    1.0,   0.0,   0.0,     0.0,     0.0,        ,     0.0,        ,     0.0,        ,     0.0,      
peterga01, 1972,     1, NRA , WHA , C  , 23.0,  2.0,   7.0,   9.0,  24.0,      ,  0.0,     ,  0.0,     ,     ,    ,      ,       ,      ,      ,        ,        ,        ,        ,        ,        ,        ,        ,      
peterga01, 1973,     1, NYJ , WHA , C  , 34.0,  2.0,   5.0,   7.0,  18.0,      ,  0.0,     ,  0.0,     ,  0.0,    ,      ,       ,      ,      ,        ,        ,        ,        ,        ,        ,        ,        ,      
peterji01, 1945,     1, MTL , NHL , R  , 47.0, 11.0,  19.0,  30.0,  10.0,      ,     ,     ,     ,     ,     ,    ,      ,    9.0,   3.0,   1.0,     4.0,     6.0,        ,        ,        ,        ,        ,        ,      
peterji01, 1946,     1, MTL , NHL , R  , 60.0, 11.0,  13.0,  24.0,  27.0,      ,     ,     ,     ,     ,     ,    ,      ,   11.0,   1.0,   2.0,     3.0,    10.0,        ,        ,        ,        ,        ,        ,      
peterji01, 1947,     1, MTL , NHL , R  , 22.0,  1.0,   3.0,   4.0,   6.0,      ,     ,     ,     ,     ,     ,    ,      ,       ,      ,      ,        ,        ,        ,        ,        ,        ,        ,        ,      
peterji01, 1947,     2, BOS , NHL , R  , 37.0, 12.0,  15.0,  27.0,  38.0,      ,     ,     ,     ,     ,     ,    ,      ,    5.0,   1.0,   2.0,     3.0,     2.0,        ,        ,        ,        ,        ,        ,      
peterji01, 1948,     1, BOS , NHL , R  , 60.0, 16.0,  15.0,  31.0,   8.0,      ,     ,     ,     ,     ,     ,    ,      ,    4.0,   0.0,   1.0,     1.0,     0.0,        ,        ,        ,        ,        ,        ,      
peterji01, 1949,     1, DET , NHL , R  , 70.0, 14.0,  16.0,  30.0,  20.0,      ,     ,     ,     ,     ,     ,    ,      ,    8.0,   0.0,   2.0,     2.0,     0.0,        ,        ,        ,        ,        ,        ,      
peterji01, 1950,     1, DET , NHL , R  , 68.0, 17.0,  21.0,  38.0,  14.0,      ,     ,     ,     ,     ,     ,    ,      ,    6.0,   0.0,   0.0,     0.0,     0.0,        ,        ,        ,        ,        ,        ,      
peterji01, 1951,     1, CHI , NHL , R  , 70.0, 15.0,  21.0,  36.0,  16.0,      ,     ,     ,     ,     ,     ,    ,      ,       ,      ,      ,        ,        ,        ,        ,        ,        ,        ,        ,      
peterji01, 1952,     1, CHI , NHL , R  , 69.0, 22.0,  19.0,  41.0,  16.0,      ,     ,     ,     ,     ,     ,    ,      ,    7.0,   0.0,   1.0,     1.0,     4.0,        ,        ,        ,        ,        ,        ,      
peterji01, 1953,     1, CHI , NHL , R  , 46.0,  6.0,   4.0,  10.0,  25.0,      ,     ,     ,     ,     ,     ,    ,      ,       ,      ,      ,        ,        ,        ,        ,        ,        ,        ,        ,      
peterji01, 1953,     2, DET , NHL , R  , 25.0,  0.0,   4.0,   4.0,   6.0,      ,     ,     ,     ,     ,     ,    ,      ,   10.0,   0.0,   0.0,     0.0,     0.0,        ,        ,        ,        ,        ,        ,      
peterji02, 1964,     1, DET , NHL , C  ,  1.0,  0.0,   0.0,   0.0,   0.0,      ,  0.0,     ,  0.0,     ,  0.0, 0.0,      ,       ,      ,      ,        ,        ,        ,        ,        ,        ,        ,        ,      
peterji02, 1965,     1, DET , NHL , C  ,  6.0,  1.0,   1.0,   2.0,   2.0,      ,  1.0,     ,  0.0,     ,  0.0, 0.0,      ,       ,      ,      ,        ,        ,        ,        ,        ,        ,        ,        ,      
peterji02, 1966,     1, DET , NHL , C  ,  2.0,  0.0,   0.0,   0.0,   0.0,      ,  0.0,     ,  0.0,     ,  0.0, 0.0,      ,       ,      ,      ,        ,        ,        ,        ,        ,        ,        ,        ,      
peterji02, 1967,     1, DET , NHL , C  , 45.0,  5.0,   6.0,  11.0,   8.0, -10.0,  1.0,     ,  0.0,     ,  1.0, 0.0,  36.0,       ,      ,      ,        ,        ,        ,        ,        ,        ,        ,        ,      
peterji02, 1968,     1, LAK , NHL , C  , 76.0, 10.0,  15.0,  25.0,  28.0, -10.0,  1.0,     ,  0.0,     ,  1.0, 0.0, 109.0,   11.0,   0.0,   2.0,     2.0,     2.0,        ,     0.0,        ,     0.0,        ,     0.0,      
peterji02, 1969,     1, LAK , NHL , C  , 74.0, 15.0,   9.0,  24.0,  10.0, -13.0,  2.0,     ,  3.0,     ,  2.0, 0.0, 118.0,       ,      ,      ,        ,        ,        ,        ,        ,        ,        ,        ,      
peterji02, 1972,     1, LAK , NHL , C  , 77.0,  4.0,   5.0,   9.0,   0.0, -3.0 ,  1.0,     ,  1.0,     ,  0.0, 1.0,  40.0,       ,      ,      ,        ,        ,        ,        ,        ,        ,        ,        ,      
peterji02, 1973,     1, LAK , NHL , C  , 25.0,  2.0,   0.0,   2.0,   0.0, -2.0 ,  0.0,     ,  0.0,     ,  0.0, 0.0,  19.0,       ,      ,      ,        ,        ,        ,        ,        ,        ,        ,        ,      
peterji02, 1974,     1, LAK , NHL , C  ,  3.0,  0.0,   0.0,   0.0,   0.0, 0.0  ,  0.0,     ,  0.0,     ,  0.0, 0.0,   1.0,       ,      ,      ,        ,        ,        ,        ,        ,        ,        ,        ,      
peterju01, 2009,     1, CAR , NHL , G  ,  9.0,  0.0,   0.0,   0.0,   0.0, 0.0  ,  0.0,  0.0,  0.0,  0.0,  0.0,    ,   0.0,       ,      ,      ,        ,        ,        ,        ,        ,        ,        ,        ,      
peterst01, 1979,     1, COR , NHL , C  ,  2.0,  0.0,   1.0,   1.0,   0.0, 1.0  ,  0.0,     ,  0.0,     ,  0.0, 0.0,   0.0,       ,      ,      ,        ,        ,        ,        ,        ,        ,        ,        ,      
peterto01, 2000,     1, PIT , NHL , C  , 12.0,  2.0,   6.0,   8.0,   4.0, 3.0  ,  0.0,  0.0,  0.0,  0.0,  1.0, 0.0,  25.0,       ,      ,      ,        ,        ,        ,        ,        ,        ,        ,        ,      
peterto01, 2001,     1, PIT , NHL , R  , 79.0,  8.0,  10.0,  18.0,   4.0, -15.0,  1.0,  2.0,  1.0,  0.0,  0.0, 0.0, 116.0,       ,      ,      ,        ,        ,        ,        ,        ,        ,        ,        ,      
peterto01, 2005,     1, EDM , NHL , C  ,     ,     ,      ,      ,      ,      ,     ,     ,     ,     ,     ,    ,      ,    2.0,   1.0,   0.0,     1.0,     0.0, 1.0    ,     0.0,     0.0,     0.0,     0.0,     0.0,     3.0
peterto01, 2006,     1, EDM , NHL , C  , 64.0,  6.0,   9.0,  15.0,   4.0, -18.0,  0.0,  1.0,  2.0,  0.0,  1.0,    ,  92.0,       ,      ,      ,        ,        ,        ,        ,        ,        ,        ,        ,      
peterto01, 2007,     1, DAL , NHL , C  ,  8.0,  0.0,   3.0,   3.0,   4.0, 0.0  ,  0.0,  0.0,  0.0,  0.0,  0.0,    ,   6.0,   16.0,   0.0,   0.0,     0.0,     2.0, -4.0   ,     0.0,     0.0,     0.0,     0.0,     0.0,    19.0
peterto01, 2008,     1, DAL , NHL , C  , 57.0,  4.0,   7.0,  11.0,  14.0, 1.0  ,  0.0,  0.0,  0.0,  0.0,  0.0,    ,  80.0,       ,      ,      ,        ,        ,        ,        ,        ,        ,        ,        ,      
peterto01, 2009,     1, DAL , NHL , C  , 78.0,  9.0,   6.0,  15.0,   6.0, 3.0  ,  0.0,  0.0,  1.0,  0.0,  0.0,    , 110.0,       ,      ,      ,        ,        ,        ,        ,        ,        ,        ,        ,      
peterwa01, 2008,     1, CAL , NHL , C  , 16.0,  1.0,   0.0,   1.0,  12.0, -2.0 ,  0.0,  0.0,  0.0,  0.0,  0.0,    ,  13.0,    4.0,   0.0,   0.0,     0.0,     0.0, 2.0    ,     0.0,     0.0,     0.0,     0.0,     0.0,     2.0
peterwa01, 2009,     1, DAL , NHL , L  , 11.0,  1.0,   0.0,   1.0,   2.0, 1.0  ,  0.0,  0.0,  0.0,  0.0,  0.0,    ,   8.0,       ,      ,      ,        ,        ,        ,        ,        ,        ,        ,        ,      
petiori01, 2005,     1, LAK , NHL , D  ,  2.0,  0.0,   0.0,   0.0,   2.0, -2.0 ,  0.0,  0.0,  0.0,  0.0,  0.0,    ,   1.0,       ,      ,      ,        ,        ,        ,        ,        ,        ,        ,        ,      
petiori01, 2008,     1, TBL , NHL , D  , 11.0,  0.0,   3.0,   3.0,  21.0, 5.0  ,  0.0,  0.0,  0.0,  0.0,  0.0,    ,  10.0,       ,      ,      ,        ,        ,        ,        ,        ,        ,        ,        ,      
petitmi01, 1982,     1, VAN , NHL , D  ,  2.0,  0.0,   0.0,   0.0,   0.0, -4.0 ,  0.0,     ,  0.0,     ,  0.0, 0.0,   1.0,       ,      ,      ,        ,        ,        ,        ,        ,        ,        ,        ,      
petitmi01, 1983,     1, VAN , NHL , D  , 44.0,  6.0,   9.0,  15.0,  53.0, -6.0 ,  5.0,     ,  0.0,     ,  0.0, 0.0,  78.0,    1.0,   0.0,   0.0,     0.0,     0.0, 0.0    ,     0.0,        ,     0.0,        ,     0.0,     0.0
petitmi01, 1984,     1, VAN , NHL , D  , 69.0,  5.0,  26.0,  31.0, 127.0, -26.0,  1.0,     ,  1.0,     ,  1.0, 0.0,  96.0,       ,      ,      ,        ,        ,        ,        ,        ,        ,        ,        ,      
petitmi01, 1985,     1, VAN , NHL , D  , 32.0,  1.0,   6.0,   7.0,  27.0, -6.0 ,  1.0,     ,  0.0,     ,  0.0, 0.0,  43.0,       ,      ,      ,        ,        ,        ,        ,        ,        ,        ,        ,      
petitmi01, 1986,     1, VAN , NHL , D  , 69.0, 12.0,  13.0,  25.0, 131.0, -5.0 ,  4.0,     ,  0.0,     ,  1.0, 0.0, 116.0,       ,      ,      ,        ,        ,        ,        ,        ,        ,        ,        ,      
petitmi01, 1987,     1, VAN , NHL , D  , 10.0,  0.0,   3.0,   3.0,  35.0, -4.0 ,  0.0,     ,  0.0,     ,  0.0, 0.0,  13.0,       ,      ,      ,        ,        ,        ,        ,        ,        ,        ,        ,      
petitmi01, 1987,     2, NYR , NHL , D  , 64.0,  9.0,  24.0,  33.0, 223.0, 3.0  ,  2.0,     ,  0.0,     ,  3.0, 0.0,  96.0,       ,      ,      ,        ,        ,        ,        ,        ,        ,        ,        ,      
petitmi01, 1988,     1, NYR , NHL , D  , 69.0,  8.0,  25.0,  33.0, 154.0, -15.0,  5.0,  7.0,  0.0,  1.0,  1.0, 0.0, 132.0,    4.0,   0.0,   2.0,     2.0,    27.0, -4.0   ,     0.0,     2.0,     0.0,     0.0,     0.0,     8.0
petitmi01, 1989,     1, QUE , NHL , D  , 63.0, 12.0,  24.0,  36.0, 215.0, -38.0,  5.0, 13.0,  0.0,  0.0,  0.0, 0.0, 137.0,       ,      ,      ,        ,        ,        ,        ,        ,        ,        ,        ,      
petitmi01, 1990,     1, QUE , NHL , D  , 19.0,  4.0,   7.0,  11.0,  47.0, -15.0,  3.0,     ,  0.0,  0.0,  0.0, 0.0,  39.0,       ,      ,      ,        ,        ,        ,        ,        ,        ,        ,        ,      
petitmi01, 1990,     2, TOR , NHL , D  , 54.0,  9.0,  19.0,  28.0, 132.0, -19.0,  3.0,     ,  1.0,  0.0,  2.0, 0.0,  95.0,       ,      ,      ,        ,        ,        ,        ,        ,        ,        ,        ,      
petitmi01, 1991,     1, TOR , NHL , D  , 34.0,  1.0,  13.0,  14.0,  85.0, -17.0,  1.0,  5.0,  0.0,  0.0,  1.0, 0.0,  61.0,       ,      ,      ,        ,        ,        ,        ,        ,        ,        ,        ,      
petitmi01, 1991,     2, CAL , NHL , D  , 36.0,  3.0,  10.0,  13.0,  79.0, 2.0  ,  3.0,  1.0,  0.0,  0.0,  0.0, 0.0,  68.0,       ,      ,      ,        ,        ,        ,        ,        ,        ,        ,        ,      
petitmi01, 1992,     1, CAL , NHL , D  , 35.0,  3.0,   9.0,  12.0,  54.0, -5.0 ,  2.0,  1.0,  0.0,  0.0,  0.0, 0.0,  58.0,       ,      ,      ,        ,        ,        ,        ,        ,        ,        ,        ,      
petitmi01, 1993,     1, CAL , NHL , D  , 63.0,  2.0,  21.0,  23.0, 110.0, 5.0  ,  0.0,  5.0,  0.0,  1.0,  0.0, 0.0, 103.0,       ,      ,      ,        ,        ,        ,        ,        ,        ,        ,        ,      
petitmi01, 1994,     1, LAK , NHL , D  , 40.0,  5.0,  12.0,  17.0,  84.0, 4.0  ,  2.0,  2.0,  0.0,  0.0,  0.0, 0.0,  70.0,       ,      ,      ,        ,        ,        ,        ,        ,        ,        ,        ,      
petitmi01, 1995,     1, LAK , NHL , D  ,  9.0,  0.0,   1.0,   1.0,  27.0, -1.0 ,  0.0,  0.0,  0.0,  0.0,  0.0, 0.0,  12.0,       ,      ,      ,        ,        ,        ,        ,        ,        ,        ,        ,      
petitmi01, 1995,     2, TBL , NHL , D  , 45.0,  4.0,   7.0,  11.0, 108.0, -10.0,  0.0,  5.0,  0.0,  0.0,  1.0, 0.0,  56.0,    6.0,   0.0,   0.0,     0.0,    20.0, -3.0   ,     0.0,     0.0,     0.0,     0.0,     0.0,     7.0
petitmi01, 1996,     1, EDM , NHL , D  , 18.0,  2.0,   4.0,   6.0,  20.0, -13.0,  0.0,  2.0,  0.0,  0.0,  0.0, 0.0,  30.0,       ,      ,      ,        ,        ,        ,        ,        ,        ,        ,        ,      
petitmi01, 1996,     2, PHI , NHL , D  , 20.0,  0.0,   3.0,   3.0,  51.0, 2.0  ,  0.0,  0.0,  0.0,  0.0,  0.0, 0.0,  13.0,    3.0,   0.0,   0.0,     0.0,     6.0, -1.0   ,     0.0,     0.0,     0.0,     0.0,     0.0,     1.0
petitmi01, 1997,     1, PHO , NHL , D  , 32.0,  4.0,   2.0,   6.0,  77.0, -4.0 ,  1.0,  1.0,  0.0,  0.0,  0.0, 0.0,  34.0,    5.0,   0.0,   0.0,     0.0,     8.0, -1.0   ,     0.0,     0.0,     0.0,     0.0,     0.0,     4.0
petrese01, 1993,     1, BUF , NHL , L  , 14.0,  0.0,   4.0,   4.0,   0.0, -3.0 ,  0.0,  1.0,  0.0,  0.0,  0.0, 0.0,   7.0,       ,      ,      ,        ,        ,        ,        ,        ,        ,        ,        ,      
petrool01, 1992,     1, MTL , NHL , R  ,  9.0,  2.0,   1.0,   3.0,  10.0, 2.0  ,  0.0,  0.0,  0.0,  0.0,  1.0, 0.0,  20.0,    1.0,   0.0,   0.0,     0.0,     0.0, 0.0    ,     0.0,     0.0,     0.0,     0.0,     0.0,     0.0
petrool01, 1993,     1, MTL , NHL , R  , 55.0, 12.0,  15.0,  27.0,   2.0, 7.0  ,  1.0,  2.0,  0.0,  0.0,  1.0, 1.0, 107.0,    2.0,   0.0,   0.0,     0.0,     0.0, -1.0   ,     0.0,     0.0,     0.0,     0.0,     0.0,     1.0
petrool01, 1994,     1, MTL , NHL , R  , 12.0,  2.0,   3.0,   5.0,   4.0, -7.0 ,  0.0,  1.0,  0.0,  0.0,  0.0, 0.0,  26.0,       ,      ,      ,        ,        ,        ,        ,        ,        ,        ,        ,      
petrool01, 1995,     1, MTL , NHL , R  , 36.0,  4.0,   7.0,  11.0,  23.0, -9.0 ,  0.0,  1.0,  0.0,  0.0,  2.0, 0.0,  44.0,    5.0,   0.0,   1.0,     1.0,     0.0, -1.0   ,     0.0,     0.0,     0.0,     0.0,     0.0,     1.0
petrool01, 1999,     1, MTL , NHL , R  , 44.0,  2.0,  24.0,  26.0,   8.0, 10.0 ,  1.0,  6.0,  0.0,  0.0,  0.0, 1.0,  96.0,       ,      ,      ,        ,        ,        ,        ,        ,        ,        ,        ,      
petrool01, 2000,     1, MTL , NHL , R  , 81.0, 17.0,  30.0,  47.0,  24.0, -11.0,  4.0,  9.0,  2.0,  0.0,  1.0, 2.0, 158.0,       ,      ,      ,        ,        ,        ,        ,        ,        ,        ,        ,      
petrool01, 2001,     1, MTL , NHL , L  , 75.0, 24.0,  17.0,  41.0,  12.0, -4.0 ,  3.0,  3.0,  1.0,  0.0,  6.0, 0.0, 152.0,   12.0,   1.0,   5.0,     6.0,     2.0, 2.0    ,     0.0,     1.0,     0.0,     0.0,     1.0,    30.0
petrool01, 2002,     1, MTL , NHL , L  , 53.0,  7.0,  16.0,  23.0,  16.0, -2.0 ,  2.0,  1.0,  0.0,  0.0,  2.0, 0.0,  87.0,       ,      ,      ,        ,        ,        ,        ,        ,        ,        ,        ,      
petrool01, 2002,     2, NAS , NHL , L  , 17.0,  2.0,   2.0,   4.0,   2.0, -4.0 ,  0.0,  1.0,  0.0,  0.0,  0.0, 0.0,  37.0,       ,      ,      ,        ,        ,        ,        ,        ,        ,        ,        ,      
petroro01, 1992,     1, HAR , NHL , C  , 42.0,  3.0,   6.0,   9.0,  45.0, -10.0,  0.0,  1.0,  0.0,  0.0,  0.0, 0.0,  41.0,       ,      ,      ,        ,        ,        ,        ,        ,        ,        ,        ,      
petroro01, 1993,     1, HAR , NHL , C  , 33.0,  6.0,   5.0,  11.0,  39.0, -1.0 ,  1.0,  1.0,  0.0,  0.0,  0.0, 0.0,  33.0,       ,      ,      ,        ,        ,        ,        ,        ,        ,        ,        ,      
petroro01, 1994,     1, HAR , NHL , C  ,  2.0,  0.0,   0.0,   0.0,   0.0, 0.0  ,  0.0,  0.0,  0.0,  0.0,  0.0, 0.0,   1.0,       ,      ,      ,        ,        ,        ,        ,        ,        ,        ,        ,      
petroro01, 1995,     1, DAL , NHL , C  ,  5.0,  1.0,   1.0,   2.0,   0.0, 1.0  ,  1.0,  1.0,  0.0,  0.0,  1.0, 0.0,   3.0,       ,      ,      ,        ,        ,        ,        ,        ,        ,        ,        ,      
petroro01, 1996,     1, STL , NHL , C  , 44.0,  7.0,  12.0,  19.0,  10.0, 2.0  ,  0.0,  1.0,  0.0,  0.0,  1.0, 0.0,  54.0,    2.0,   0.0,   0.0,     0.0,     0.0, 1.0    ,     0.0,     0.0,     0.0,     0.0,     0.0,     1.0
petroro01, 1998,     1, TBL , NHL , C  , 28.0,  3.0,   4.0,   7.0,   6.0, -8.0 ,  0.0,  0.0,  0.0,  0.0,  0.0, 0.0,  32.0,       ,      ,      ,        ,        ,        ,        ,        ,        ,        ,        ,      
petroro01, 1999,     1, TBL , NHL , L  , 43.0,  7.0,  10.0,  17.0,  14.0, 2.0  ,  1.0,  2.0,  0.0,  0.0,  0.0, 0.0,  50.0,       ,      ,      ,        ,        ,        ,        ,        ,        ,        ,        ,      
petroro01, 2000,     1, NYI , NHL , C  , 11.0,  0.0,   0.0,   0.0,   4.0, -1.0 ,  0.0,  0.0,  0.0,  0.0,  0.0, 0.0,   3.0,       ,      ,      ,        ,        ,        ,        ,        ,        ,        ,        ,      
petroro02, 2000,     1, CAL , NHL , R  , 30.0,  4.0,   5.0,   9.0,  54.0, 0.0  ,  1.0,  1.0,  0.0,  0.0,  1.0, 0.0,  30.0,       ,      ,      ,        ,        ,        ,        ,        ,        ,        ,        ,      
petroro02, 2001,     1, CAL , NHL , R  , 77.0,  5.0,   7.0,  12.0,  85.0, 0.0  ,  1.0,  1.0,  0.0,  0.0,  1.0, 0.0,  78.0,       ,      ,      ,        ,        ,        ,        ,        ,        ,        ,        ,      
petroro02, 2002,     1, NYR , NHL , L  , 66.0,  5.0,   9.0,  14.0,  77.0, -12.0,  2.0,  1.0,  1.0,  0.0,  1.0, 0.0,  65.0,       ,      ,      ,        ,        ,        ,        ,        ,        ,        ,        ,      
petroro02, 2003,     1, ATL , NHL , R  , 78.0, 16.0,  15.0,  31.0, 123.0, -9.0 ,  0.0,  2.0,  0.0,  0.0,  1.0, 0.0, 102.0,       ,      ,      ,        ,        ,        ,        ,        ,        ,        ,        ,      
petroro02, 2005,     1, ATL , NHL , R  , 60.0,  8.0,  12.0,  20.0,  62.0, -8.0 ,  2.0,  1.0,  0.0,  0.0,  2.0,    ,  70.0,       ,      ,      ,        ,        ,        ,        ,        ,        ,        ,        ,      
petroro02, 2006,     1, PIT , NHL , R  , 31.0,  3.0,   3.0,   6.0,  28.0, 4.0  ,  0.0,  0.0,  0.0,  0.0,  1.0,    ,  27.0,    3.0,   0.0,   0.0,     0.0,     2.0, 0.0    ,     0.0,     0.0,     0.0,     0.0,     0.0,     1.0
petruja01, 2008,     1, CAR , NHL , C  ,  2.0,  0.0,   1.0,   1.0,   0.0, 1.0  ,  0.0,  0.0,  0.0,  0.0,  0.0,    ,   0.0,       ,      ,      ,        ,        ,        ,        ,        ,        ,        ,        ,      
pettejo01, 1980,     1, STL , NHL , L  , 62.0, 37.0,  36.0,  73.0,  24.0, 14.0 ,  8.0,     ,  0.0,     ,  5.0, 3.0, 172.0,   11.0,   4.0,   3.0,     7.0,     0.0,        ,     1.0,        ,     0.0,        ,     2.0,      
pettejo01, 1981,     1, STL , NHL , L  , 77.0, 38.0,  31.0,  69.0,  28.0, -8.0 ,  8.0,     ,  0.0,     ,  2.0, 0.0, 227.0,    7.0,   1.0,   2.0,     3.0,     0.0,        ,     1.0,        ,     0.0,        ,     0.0,      
pettejo01, 1982,     1, STL , NHL , L  , 74.0, 35.0,  38.0,  73.0,   4.0, -10.0,  7.0,     ,  3.0,     ,  4.0, 3.0, 201.0,    4.0,   1.0,   1.0,     2.0,     0.0,        ,     1.0,        ,     0.0,        ,     0.0,      
pettejo01, 1983,     1, STL , NHL , L  , 77.0, 28.0,  34.0,  62.0,  29.0, -2.0 ,  7.0,     ,  0.0,     ,  7.0, 0.0, 212.0,   11.0,   7.0,   3.0,    10.0,     2.0, 2.0    ,     2.0,        ,     0.0,        ,     1.0,    34.0
pettejo01, 1984,     1, STL , NHL , L  , 75.0, 23.0,  32.0,  55.0,  20.0, 8.0  ,  8.0,     ,  0.0,     ,  3.0, 1.0, 180.0,    3.0,   1.0,   1.0,     2.0,     0.0, 0.0    ,     0.0,        ,     0.0,        ,     0.0,     5.0
pettejo01, 1985,     1, HAR , NHL , L  , 23.0,  5.0,   5.0,  10.0,   2.0, -12.0,  2.0,     ,  0.0,     ,  0.0, 0.0,  27.0,       ,      ,      ,        ,        ,        ,        ,        ,        ,        ,        ,      
pettejo01, 1985,     2, WAS , NHL , L  , 47.0,  8.0,  16.0,  24.0,  10.0, -4.0 ,  2.0,     ,  0.0,     ,  3.0, 0.0,  74.0,    8.0,   1.0,   2.0,     3.0,     2.0, 3.0    ,     1.0,        ,     0.0,        ,     0.0,    11.0
pettier01, 1928,     1, BOS , NHL , L  , 17.0,  0.0,   0.0,   0.0,  17.0,      ,     ,     ,     ,     ,     ,    ,      ,       ,      ,      ,        ,        ,        ,        ,        ,        ,        ,        ,      
pettier01, 1928,     2, TOR , NHL , L  , 25.0,  3.0,   3.0,   6.0,  24.0,      ,     ,     ,     ,     ,     ,    ,      ,    4.0,   1.0,   0.0,     1.0,     8.0,        ,        ,        ,        ,        ,        ,      
pettier01, 1929,     1, TOR , NHL , L  , 43.0,  4.0,   9.0,  13.0,  40.0,      ,     ,     ,     ,     ,     ,    ,      ,       ,      ,      ,        ,        ,        ,        ,        ,        ,        ,        ,      
pettier01, 1930,     1, OTS , NHL , L  , 13.0,  0.0,   0.0,   0.0,   2.0,      ,     ,     ,     ,     ,     ,    ,      ,       ,      ,      ,        ,        ,        ,        ,        ,        ,        ,        ,      
pettigo01, 1932,     1, NYR , NHL , L/C, 34.0,  1.0,   2.0,   3.0,  18.0,      ,     ,     ,     ,     ,     ,    ,      ,    8.0,   0.0,   0.0,     0.0,     0.0,        ,        ,        ,        ,        ,        ,      
pettigo01, 1933,     1, DET , NHL , L/C, 48.0,  3.0,  14.0,  17.0,  14.0,      ,     ,     ,     ,     ,     ,    ,      ,    7.0,   1.0,   0.0,     1.0,     2.0,        ,        ,        ,        ,        ,        ,      
pettigo01, 1934,     1, DET , NHL , L/C, 13.0,  2.0,   3.0,   5.0,   2.0,      ,     ,     ,     ,     ,     ,    ,      ,       ,      ,      ,        ,        ,        ,        ,        ,        ,        ,        ,      
pettigo01, 1935,     1, DET , NHL , L/C, 30.0,  8.0,   7.0,  15.0,   6.0,      ,     ,     ,     ,     ,     ,    ,      ,    7.0,   2.0,   2.0,     4.0,     0.0,        ,        ,        ,        ,        ,        ,      
pettigo01, 1936,     1, DET , NHL , L/C, 48.0,  7.0,  15.0,  22.0,  13.0,      ,     ,     ,     ,     ,     ,    ,      ,   10.0,   0.0,   2.0,     2.0,     2.0,        ,        ,        ,        ,        ,        ,      
pettigo01, 1937,     1, DET , NHL , L  , 12.0,  1.0,   3.0,   4.0,   4.0,      ,     ,     ,     ,     ,     ,    ,      ,       ,      ,      ,        ,        ,        ,        ,        ,        ,        ,        ,      
pettigo01, 1937,     2, BOS , NHL , L  , 35.0,  7.0,  10.0,  17.0,  10.0,      ,     ,     ,     ,     ,     ,    ,      ,    3.0,   0.0,   0.0,     0.0,     0.0,        ,        ,        ,        ,        ,        ,      
pettigo01, 1938,     1, BOS , NHL , L  , 48.0, 11.0,  14.0,  25.0,   8.0,      ,     ,     ,     ,     ,     ,    ,      ,   12.0,   1.0,   1.0,     2.0,     7.0,        ,        ,        ,        ,        ,        ,      
pettigo01, 1939,     1, BOS , NHL , L  , 24.0,  2.0,   6.0,   8.0,   2.0,      ,     ,     ,     ,     ,     ,    ,      ,       ,      ,      ,        ,        ,        ,        ,        ,        ,        ,        ,      
pettiji01, 1976,     1, BOS , NHL , G  ,  1.0,  0.0,   0.0,   0.0,   0.0, 0.0  ,  0.0,     ,  0.0,     ,  0.0, 0.0,   0.0,       ,      ,      ,        ,        ,        ,        ,        ,        ,        ,        ,      
pettiji01, 1977,     1, BOS , NHL , G  ,  1.0,  0.0,   0.0,   0.0,   6.0, 0.0  ,  0.0,     ,  0.0,     ,  0.0, 0.0,   0.0,       ,      ,      ,        ,        ,        ,        ,        ,        ,        ,        ,      
pettiji01, 1978,     1, BOS , NHL , G  , 19.0,  0.0,   0.0,   0.0,  17.0, 0.0  ,  0.0,     ,  0.0,     ,  0.0, 0.0,   0.0,       ,      ,      ,        ,        ,        ,        ,        ,        ,        ,        ,      
pettima01, 2000,     1, WAS , NHL , L  , 10.0,  0.0,   0.0,   0.0,   2.0, -1.0 ,  0.0,  0.0,  0.0,  0.0,  0.0, 0.0,   6.0,       ,      ,      ,        ,        ,        ,        ,        ,        ,        ,        ,      
pettima01, 2001,     1, WAS , NHL , L  , 61.0,  7.0,   3.0,  10.0,  44.0, -8.0 ,  1.0,  0.0,  0.0,  0.0,  1.0, 0.0,  73.0,       ,      ,      ,        ,        ,        ,        ,        ,        ,        ,        ,      
pettima01, 2002,     1, WAS , NHL , L  ,  1.0,  0.0,   0.0,   0.0,   0.0, 0.0  ,  0.0,  0.0,  0.0,  0.0,  0.0, 0.0,   0.0,       ,      ,      ,        ,        ,        ,        ,        ,        ,        ,        ,      
pettima01, 2003,     1, WAS , NHL , L  , 71.0,  7.0,   5.0,  12.0,  37.0, -9.0 ,  1.0,  0.0,  0.0,  0.0,  1.0, 0.0,  92.0,       ,      ,      ,        ,        ,        ,        ,        ,        ,        ,        ,      
pettima01, 2005,     1, WAS , NHL , L  , 71.0, 20.0,  18.0,  38.0,  39.0, -2.0 ,  4.0,  6.0,  5.0,  1.0,  2.0,    , 134.0,       ,      ,      ,        ,        ,        ,        ,        ,        ,        ,        ,      
pettima01, 2006,     1, WAS , NHL , L  , 64.0, 16.0,  16.0,  32.0,  22.0, -13.0,  4.0,  6.0,  3.0,  2.0,  2.0,    , 111.0,       ,      ,      ,        ,        ,        ,        ,        ,        ,        ,        ,      
pettima01, 2007,     1, WAS , NHL , L  , 56.0,  2.0,   5.0,   7.0,  25.0, -11.0,  1.0,  2.0,  0.0,  0.0,  1.0,    ,  98.0,       ,      ,      ,        ,        ,        ,        ,        ,        ,        ,        ,      
pettima01, 2007,     2, VAN , NHL , L  , 20.0,  4.0,   2.0,   6.0,  11.0, 0.0  ,  0.0,  0.0,  0.0,  0.0,  2.0,    ,  29.0,       ,      ,      ,        ,        ,        ,        ,        ,        ,        ,        ,      
pettima01, 2008,     1, TBL , NHL , L  , 59.0,  8.0,   7.0,  15.0,  24.0, -14.0,  2.0,  0.0,  0.0,  0.0,  1.0,    ,  82.0,       ,      ,      ,        ,        ,        ,        ,        ,        ,        ,        ,      
pettima01, 2009,     1, VAN , NHL , L  ,  9.0,  1.0,   2.0,   3.0,   6.0, 3.0  ,  0.0,  0.0,  0.0,  0.0,  0.0,    ,   8.0,    1.0,   0.0,   0.0,     0.0,     0.0, 0.0    ,     0.0,     0.0,     0.0,     0.0,     0.0,     0.0
pettito01, 2002,     1, NYI , NHL , D  ,  2.0,  0.0,   0.0,   0.0,   0.0, 1.0  ,  0.0,  0.0,  0.0,  0.0,  0.0, 0.0,   0.0,       ,      ,      ,        ,        ,        ,        ,        ,        ,        ,        ,      
pettito01, 2003,     1, NYI , NHL , D  ,  4.0,  0.0,   0.0,   0.0,   2.0, -2.0 ,  0.0,  0.0,  0.0,  0.0,  0.0, 0.0,   2.0,       ,      ,      ,        ,        ,        ,        ,        ,        ,        ,        ,      
pettito01, 2005,     1, NYI , NHL , D  , 18.0,  0.0,   0.0,   0.0,  16.0, -2.0 ,  0.0,  0.0,  0.0,  0.0,  0.0,    ,   7.0,       ,      ,      ,        ,        ,        ,        ,        ,        ,        ,        ,      
peverri01, 2006,     1, NAS , NHL , C  , 13.0,  0.0,   1.0,   1.0,   0.0, -1.0 ,  0.0,  0.0,  0.0,  0.0,  0.0,    ,   9.0,       ,      ,      ,        ,        ,        ,        ,        ,        ,        ,        ,      
peverri01, 2007,     1, NAS , NHL , C  , 33.0,  5.0,   5.0,  10.0,   8.0, 4.0  ,  0.0,  0.0,  0.0,  0.0,  2.0,    ,  43.0,    6.0,   0.0,   2.0,     2.0,     0.0, 0.0    ,     0.0,     0.0,     0.0,     0.0,     0.0,     4.0
peverri01, 2008,     1, NAS , NHL , C  , 27.0,  2.0,   7.0,   9.0,  15.0, -3.0 ,  0.0,  2.0,  0.0,  0.0,  0.0,    ,  42.0,       ,      ,      ,        ,        ,        ,        ,        ,        ,        ,        ,      
peverri01, 2008,     2, ATL , NHL , C  , 39.0, 13.0,  22.0,  35.0,  18.0, 16.0 ,  2.0,  3.0,  1.0,  1.0,  5.0,    ,  75.0,       ,      ,      ,        ,        ,        ,        ,        ,        ,        ,        ,      
peverri01, 2009,     1, ATL , NHL , C  , 82.0, 22.0,  33.0,  55.0,  36.0, -14.0,  7.0,  9.0,  2.0,  3.0,  7.0,    , 166.0,       ,      ,      ,        ,        ,        ,        ,        ,        ,        ,        ,      
phairly01, 1985,     1, LAK , NHL , L  , 15.0,  0.0,   1.0,   1.0,   2.0, -12.0,  0.0,     ,  0.0,     ,  0.0, 0.0,  11.0,       ,      ,      ,        ,        ,        ,        ,        ,        ,        ,        ,      
phairly01, 1986,     1, LAK , NHL , L  ,  5.0,  2.0,   0.0,   2.0,   2.0, -1.0 ,  0.0,     ,  0.0,     ,  0.0, 0.0,   4.0,       ,      ,      ,        ,        ,        ,        ,        ,        ,        ,        ,      
phairly01, 1987,     1, LAK , NHL , L  , 28.0,  4.0,   6.0,  10.0,   8.0, -5.0 ,  0.0,  2.0,  0.0,  1.0,  0.0, 0.0,  35.0,    1.0,   0.0,   0.0,     0.0,     0.0, -1.0   ,     0.0,     0.0,     0.0,     0.0,     0.0,     0.0
phanedi01, 2005,     1, CAL , NHL , D  , 82.0, 20.0,  29.0,  49.0,  93.0, 5.0  , 16.0, 17.0,  0.0,  1.0,  7.0,    , 242.0,    7.0,   1.0,   0.0,     1.0,     7.0, -8.0   ,     1.0,     0.0,     0.0,     0.0,     0.0,    13.0
phanedi01, 2006,     1, CAL , NHL , D  , 79.0, 17.0,  33.0,  50.0,  98.0, 10.0 , 13.0, 18.0,  0.0,  0.0,  4.0,    , 230.0,    6.0,   1.0,   0.0,     1.0,     7.0, -4.0   ,     1.0,     0.0,     0.0,     0.0,     0.0,    13.0
phanedi01, 2007,     1, CAL , NHL , D  , 82.0, 17.0,  43.0,  60.0, 182.0, 12.0 , 10.0, 23.0,  1.0,  0.0,  4.0,    , 263.0,    7.0,   3.0,   4.0,     7.0,     4.0, -2.0   ,     1.0,     4.0,     0.0,     0.0,     0.0,    22.0
phanedi01, 2008,     1, CAL , NHL , D  , 80.0, 11.0,  36.0,  47.0, 100.0, -11.0,  4.0, 17.0,  0.0,  0.0,  4.0,    , 277.0,    5.0,   0.0,   3.0,     3.0,     4.0, 2.0    ,     0.0,     2.0,     0.0,     0.0,     0.0,     8.0
phanedi01, 2009,     1, CAL , NHL , D  , 55.0, 10.0,  12.0,  22.0,  49.0, 3.0  ,  5.0,  6.0,  0.0,  0.0,  2.0,    , 138.0,       ,      ,      ,        ,        ,        ,        ,        ,        ,        ,        ,      
phanedi01, 2009,     2, TOR , NHL , D  , 26.0,  2.0,   8.0,  10.0,  34.0, -2.0 ,  0.0,  5.0,  0.0,  0.0,  1.0,    ,  87.0,       ,      ,      ,        ,        ,        ,        ,        ,        ,        ,        ,      
phaneje01, 1975,     1, TOT , WHA , R  , 48.0,  8.0,   8.0,  16.0,   4.0, -16.0,  1.0,     ,  0.0,     ,  0.0,    ,  65.0,       ,      ,      ,        ,        ,        ,        ,        ,        ,        ,        ,      
phaneje01, 1976,     1, BIR , WHA , R  , 30.0,  2.0,   7.0,   9.0,   2.0, -4.0 ,  0.0,     ,  0.0,     ,     ,    ,  43.0,       ,      ,      ,        ,        ,        ,        ,        ,        ,        ,        ,      
phillbi01, 1929,     1, MTM , NHL , R  , 27.0,  1.0,   1.0,   2.0,   6.0,      ,     ,     ,     ,     ,     ,    ,      ,    4.0,   0.0,   0.0,     0.0,     2.0,        ,        ,        ,        ,        ,        ,      
phillch01, 1942,     1, MTL , NHL , D  , 17.0,  0.0,   0.0,   0.0,   6.0,      ,     ,     ,     ,     ,     ,    ,      ,       ,      ,      ,        ,        ,        ,        ,        ,        ,        ,        ,      
phillch02, 1997,     1, OTT , NHL , D  , 72.0,  5.0,  11.0,  16.0,  38.0, 2.0  ,  2.0,  6.0,  0.0,  0.0,  2.0, 0.0, 107.0,   11.0,   0.0,   2.0,     2.0,     2.0, -2.0   ,     0.0,     1.0,     0.0,     0.0,     0.0,    24.0
phillch02, 1998,     1, OTT , NHL , D  , 34.0,  3.0,   3.0,   6.0,  32.0, -5.0 ,  2.0,  1.0,  0.0,  0.0,  0.0, 0.0,  51.0,    3.0,   0.0,   0.0,     0.0,     0.0, -1.0   ,     0.0,     0.0,     0.0,     0.0,     0.0,     1.0
phillch02, 1999,     1, OTT , NHL , D  , 65.0,  5.0,  14.0,  19.0,  39.0, 12.0 ,  0.0,  2.0,  0.0,  1.0,  1.0, 0.0,  96.0,    6.0,   0.0,   1.0,     1.0,     4.0, 0.0    ,     0.0,     0.0,     0.0,     0.0,     0.0,     9.0
phillch02, 2000,     1, OTT , NHL , D  , 73.0,  2.0,  12.0,  14.0,  31.0, 8.0  ,  2.0,  4.0,  0.0,  0.0,  0.0, 0.0,  77.0,    1.0,   1.0,   0.0,     1.0,     0.0, 0.0    ,     0.0,     0.0,     0.0,     0.0,     0.0,     1.0
phillch02, 2001,     1, OTT , NHL , D  , 63.0,  6.0,  16.0,  22.0,  29.0, 5.0  ,  1.0,  7.0,  0.0,  0.0,  1.0, 0.0, 103.0,   12.0,   0.0,   0.0,     0.0,    12.0, 3.0    ,     0.0,     0.0,     0.0,     0.0,     0.0,    23.0
phillch02, 2002,     1, OTT , NHL , D  , 78.0,  3.0,  16.0,  19.0,  71.0, 7.0  ,  2.0,  3.0,  0.0,  0.0,  1.0, 0.0,  97.0,   18.0,   2.0,   4.0,     6.0,    12.0, 3.0    ,     0.0,     1.0,     0.0,     0.0,     1.0,    22.0
phillch02, 2003,     1, OTT , NHL , D  , 82.0,  7.0,  16.0,  23.0,  46.0, 15.0 ,  0.0,  3.0,  0.0,  0.0,  1.0, 0.0,  93.0,    7.0,   1.0,   0.0,     1.0,    12.0, 2.0    ,     1.0,     0.0,     0.0,     0.0,     0.0,    15.0
phillch02, 2005,     1, OTT , NHL , D  , 69.0,  1.0,  18.0,  19.0,  90.0, 19.0 ,  0.0,  1.0,  0.0,  6.0,  0.0,    ,  79.0,    9.0,   2.0,   0.0,     2.0,     6.0, -2.0   ,     0.0,     0.0,     0.0,     0.0,     0.0,     8.0
phillch02, 2006,     1, OTT , NHL , D  , 82.0,  8.0,  18.0,  26.0,  80.0, 36.0 ,  0.0,  0.0,  1.0,  4.0,  3.0,    ,  94.0,   20.0,   0.0,   0.0,     0.0,    24.0, -2.0   ,     0.0,     0.0,     0.0,     0.0,     0.0,     7.0
phillch02, 2007,     1, OTT , NHL , D  , 81.0,  5.0,  13.0,  18.0,  56.0, 15.0 ,  1.0,  0.0,  0.0,  3.0,  1.0,    ,  80.0,    4.0,   0.0,   0.0,     0.0,     4.0, -2.0   ,     0.0,     0.0,     0.0,     0.0,     0.0,     5.0
phillch02, 2008,     1, OTT , NHL , D  , 82.0,  6.0,  16.0,  22.0,  66.0, -14.0,  0.0,  3.0,  1.0,  2.0,  0.0,    ,  88.0,       ,      ,      ,        ,        ,        ,        ,        ,        ,        ,        ,      
phillch02, 2009,     1, OTT , NHL , D  , 82.0,  8.0,  16.0,  24.0,  45.0, 8.0  ,  1.0,  3.0,  1.0,  1.0,  2.0,    ,  82.0,    6.0,   0.0,   0.0,     0.0,     4.0, -2.0   ,     0.0,     0.0,     0.0,     0.0,     0.0,     5.0
phillha01, 1977,     1, ATF , NHL , L  , 67.0, 17.0,  36.0,  53.0, 128.0, 27.0 ,  2.0,     ,  0.0,     ,  2.0, 1.0, 132.0,    2.0,   0.0,   1.0,     1.0,     2.0,        ,     0.0,        ,     0.0,        ,     0.0,      
phillha01, 1978,     1, ATF , NHL , L  , 51.0,  9.0,  17.0,  26.0, 113.0, 5.0  ,  0.0,     ,  0.0,     ,  2.0, 0.0,  66.0,       ,      ,      ,        ,        ,        ,        ,        ,        ,        ,        ,      
phillha01, 1978,     2, CHI , NHL , L  , 14.0,  0.0,   4.0,   4.0,   6.0, -4.0 ,  0.0,     ,  0.0,     ,  0.0, 0.0,  13.0,    4.0,   0.0,   1.0,     1.0,     7.0,        ,     0.0,        ,     0.0,        ,     0.0,      
phillha01, 1979,     1, CHI , NHL , L  ,  9.0,  0.0,   0.0,   0.0,  20.0, -3.0 ,  0.0,     ,  0.0,     ,  0.0, 0.0,   2.0,       ,      ,      ,        ,        ,        ,        ,        ,        ,        ,        ,      
phillme01, 1925,     1, MTM , NHL , F  , 12.0,  3.0,   1.0,   4.0,   6.0,      ,     ,     ,     ,     ,     ,    ,      ,    4.0,   3.0,   0.0,     3.0,     4.0,        ,        ,        ,        ,        ,        ,      
phillme01, 1926,     1, MTM , NHL , R  , 43.0, 15.0,   1.0,  16.0,  45.0,      ,     ,     ,     ,     ,     ,    ,      ,    2.0,   0.0,   0.0,     0.0,     0.0,        ,        ,        ,        ,        ,        ,      
phillme01, 1927,     1, MTM , NHL , R  , 40.0,  7.0,   5.0,  12.0,  33.0,      ,     ,     ,     ,     ,     ,    ,      ,    9.0,   2.0,   1.0,     3.0,     9.0,        ,        ,        ,        ,        ,        ,      
phillme01, 1928,     1, MTM , NHL , R  , 42.0,  6.0,   5.0,  11.0,  41.0,      ,     ,     ,     ,     ,     ,    ,      ,       ,      ,      ,        ,        ,        ,        ,        ,        ,        ,        ,      
phillme01, 1929,     1, MTM , NHL , R  , 44.0, 13.0,  10.0,  23.0,  48.0,      ,     ,     ,     ,     ,     ,    ,      ,    4.0,   0.0,   0.0,     0.0,     2.0,        ,        ,        ,        ,        ,        ,      
phillme01, 1930,     1, MTM , NHL , R  , 43.0,  6.0,   1.0,   7.0,  38.0,      ,     ,     ,     ,     ,     ,    ,      ,    1.0,   0.0,   0.0,     0.0,     2.0,        ,        ,        ,        ,        ,        ,      
phillme01, 1931,     1, MTM , NHL , R  , 46.0,  1.0,   1.0,   2.0,  11.0,      ,     ,     ,     ,     ,     ,    ,      ,    4.0,   0.0,   0.0,     0.0,     2.0,        ,        ,        ,        ,        ,        ,      
phillme01, 1932,     1, MTM , NHL , R  ,  2.0,  0.0,   0.0,   0.0,   0.0,      ,     ,     ,     ,     ,     ,    ,      ,       ,      ,      ,        ,        ,        ,        ,        ,        ,        ,        ,      
phillme01, 1932,     2, NYA , NHL , R  , 30.0,  1.0,   7.0,   8.0,  10.0,      ,     ,     ,     ,     ,     ,    ,      ,       ,      ,      ,        ,        ,        ,        ,        ,        ,        ,        ,      
phillto01, 1911,     1, VML , PCHA, R  , 14.0, 17.0,   0.0,  17.0,  30.0,      ,     ,     ,     ,     ,     ,    ,      ,       ,      ,      ,        ,        ,        ,        ,        ,        ,        ,        ,      
picaral01, 2005,     1, PHI , NHL , D  ,  6.0,  0.0,   0.0,   0.0,   4.0, -2.0 ,  0.0,  0.0,  0.0,  0.0,  0.0,    ,   9.0,       ,      ,      ,        ,        ,        ,        ,        ,        ,        ,        ,      
picaral01, 2006,     1, PHI , NHL , D  , 62.0,  3.0,  19.0,  22.0,  17.0, -19.0,  1.0,  6.0,  0.0,  0.0,  0.0,    ,  56.0,       ,      ,      ,        ,        ,        ,        ,        ,        ,        ,        ,      
picaral01, 2007,     1, PHI , NHL , D  ,  4.0,  0.0,   0.0,   0.0,   2.0, -3.0 ,  0.0,  0.0,  0.0,  0.0,  0.0,    ,   3.0,       ,      ,      ,        ,        ,        ,        ,        ,        ,        ,        ,      
picaral01, 2007,     2, TBL , NHL , D  , 20.0,  3.0,   3.0,   6.0,   8.0, -9.0 ,  1.0,  1.0,  0.0,  0.0,  1.0,    ,  21.0,       ,      ,      ,        ,        ,        ,        ,        ,        ,        ,        ,      
picaral01, 2008,     1, OTT , NHL , D  , 47.0,  6.0,   8.0,  14.0,   8.0, -2.0 ,  6.0,  4.0,  0.0,  0.0,  1.0,    ,  72.0,       ,      ,      ,        ,        ,        ,        ,        ,        ,        ,        ,      
picaral01, 2009,     1, OTT , NHL , D  , 45.0,  4.0,  11.0,  15.0,  20.0, -2.0 ,  1.0,  4.0,  0.0,  0.0,  1.0,    ,  64.0,       ,      ,      ,        ,        ,        ,        ,        ,        ,        ,        ,      
picaral01, 2009,     2, CAR , NHL , D  ,  9.0,  0.0,   0.0,   0.0,   6.0, 2.0  ,  0.0,  0.0,  0.0,  0.0,  0.0,    ,   7.0,       ,      ,      ,        ,        ,        ,        ,        ,        ,        ,        ,      
picaral02, 2005,     1, CBS , NHL , L  , 17.0,  0.0,   0.0,   0.0,  14.0, -2.0 ,  0.0,  0.0,  0.0,  0.0,  0.0,    ,  10.0,       ,      ,      ,        ,        ,        ,        ,        ,        ,        ,        ,      
picaral02, 2006,     1, CBS , NHL , L  , 23.0,  0.0,   1.0,   1.0,   6.0, -3.0 ,  0.0,  1.0,  0.0,  0.0,  0.0,    ,  20.0,       ,      ,      ,        ,        ,        ,        ,        ,        ,        ,        ,      
picaral02, 2007,     1, CBS , NHL , L  ,  3.0,  0.0,   0.0,   0.0,   2.0, 0.0  ,  0.0,  0.0,  0.0,  0.0,  0.0,    ,   1.0,       ,      ,      ,        ,        ,        ,        ,        ,        ,        ,        ,      
picaral02, 2008,     1, CBS , NHL , L  , 15.0,  0.0,   1.0,   1.0,  26.0, -1.0 ,  0.0,  0.0,  0.0,  0.0,  0.0,    ,  10.0,       ,      ,      ,        ,        ,        ,        ,        ,        ,        ,        ,      
picaral02, 2009,     1, CBS , NHL , L  ,  9.0,  0.0,   0.0,   0.0,  10.0, -3.0 ,  0.0,  0.0,  0.0,  0.0,  0.0,    ,  12.0,       ,      ,      ,        ,        ,        ,        ,        ,        ,        ,        ,      
picarmi01, 1990,     1, HAR , NHL , L  ,  5.0,  1.0,   0.0,   1.0,   2.0, -2.0 ,  0.0,  0.0,  0.0,  0.0,  0.0, 0.0,   7.0,       ,      ,      ,        ,        ,        ,        ,        ,        ,        ,        ,      
picarmi01, 1991,     1, HAR , NHL , L  , 25.0,  3.0,   5.0,   8.0,   6.0, -2.0 ,  1.0,  1.0,  0.0,  0.0,  0.0, 0.0,  41.0,       ,      ,      ,        ,        ,        ,        ,        ,        ,        ,        ,      
picarmi01, 1992,     1, SJS , NHL , L  , 25.0,  4.0,   0.0,   4.0,  24.0, -17.0,  2.0,  0.0,  0.0,  0.0,  0.0, 0.0,  32.0,       ,      ,      ,        ,        ,        ,        ,        ,        ,        ,        ,      
picarmi01, 1994,     1, OTT , NHL , L  , 24.0,  5.0,   8.0,  13.0,  14.0, -1.0 ,  1.0,  4.0,  0.0,  0.0,  0.0, 0.0,  33.0,       ,      ,      ,        ,        ,        ,        ,        ,        ,        ,        ,      
picarmi01, 1995,     1, OTT , NHL , L  , 17.0,  2.0,   6.0,   8.0,  10.0, -1.0 ,  0.0,  2.0,  0.0,  0.0,  1.0, 0.0,  21.0,       ,      ,      ,        ,        ,        ,        ,        ,        ,        ,        ,      
picarmi01, 1997,     1, STL , NHL , L  , 16.0,  1.0,   8.0,   9.0,  29.0, 3.0  ,  0.0,  0.0,  0.0,  0.0,  0.0, 0.0,  19.0,       ,      ,      ,        ,        ,        ,        ,        ,        ,        ,        ,      
picarmi01, 1998,     1, STL , NHL , L  , 45.0, 11.0,  11.0,  22.0,  16.0, 5.0  ,  0.0,  1.0,  0.0,  0.0,  2.0, 0.0,  69.0,    5.0,   0.0,   0.0,     0.0,     2.0, -3.0   ,     0.0,     0.0,     0.0,     0.0,     0.0,     7.0
picarmi01, 1999,     1, EDM , NHL , L  ,  2.0,  0.0,   0.0,   0.0,   2.0, 0.0  ,  0.0,  0.0,  0.0,  0.0,  0.0, 0.0,   2.0,       ,      ,      ,        ,        ,        ,        ,        ,        ,        ,        ,      
picarmi01, 2000,     1, PHI , NHL , L  ,  7.0,  1.0,   4.0,   5.0,   0.0, 6.0  ,  1.0,  1.0,  0.0,  0.0,  0.0, 0.0,  12.0,       ,      ,      ,        ,        ,        ,        ,        ,        ,        ,        ,      
picarno01, 1964,     1, MTL , NHL , D  , 16.0,  0.0,   7.0,   7.0,  33.0,      ,  0.0,     ,  0.0,     ,  0.0, 0.0,      ,    3.0,   0.0,   1.0,     1.0,     0.0,        ,        ,        ,        ,        ,     0.0,      
picarno01, 1967,     1, STL , NHL , D  , 66.0,  1.0,  10.0,  11.0, 142.0, -4.0 ,  0.0,     ,  0.0,     ,  1.0, 0.0, 120.0,   13.0,   0.0,   3.0,     3.0,    46.0,        ,     0.0,        ,     0.0,        ,     0.0,      
picarno01, 1968,     1, STL , NHL , D  , 67.0,  5.0,  19.0,  24.0, 131.0, 19.0 ,  0.0,     ,  0.0,     ,  1.0, 1.0, 136.0,   12.0,   1.0,   4.0,     5.0,    30.0,        ,     0.0,        ,     0.0,        ,     0.0,      
picarno01, 1969,     1, STL , NHL , D  , 39.0,  1.0,   4.0,   5.0,  88.0, 0.0  ,  1.0,     ,  0.0,     ,  0.0, 0.0,  31.0,   16.0,   0.0,   2.0,     2.0,    65.0,        ,     0.0,        ,     0.0,        ,     0.0,      
picarno01, 1970,     1, STL , NHL , D  , 75.0,  3.0,   8.0,  11.0, 119.0, 2.0  ,  0.0,     ,  0.0,     ,  1.0, 0.0, 128.0,    6.0,   1.0,   1.0,     2.0,    26.0,        ,     1.0,        ,     0.0,        ,     0.0,      
picarno01, 1971,     1, STL , NHL , D  , 15.0,  1.0,   5.0,   6.0,  50.0, 1.0  ,  0.0,     ,  0.0,     ,  0.0, 0.0,  34.0,       ,      ,      ,        ,        ,        ,        ,        ,        ,        ,        ,      
picarno01, 1972,     1, STL , NHL , D  , 16.0,  1.0,   0.0,   1.0,  10.0, -2.0 ,  0.0,     ,  0.0,     ,  0.0, 0.0,  19.0,       ,      ,      ,        ,        ,        ,        ,        ,        ,        ,        ,      
picarno01, 1972,     2, ATF , NHL , D  , 41.0,  0.0,  10.0,  10.0,  43.0, -6.0 ,  0.0,     ,  0.0,     ,  0.0, 0.0,  37.0,       ,      ,      ,        ,        ,        ,        ,        ,        ,        ,        ,      
picarro01, 1967,     1, STL , NHL , R  , 15.0,  2.0,   2.0,   4.0,  21.0, -4.0 ,  0.0,     ,  0.0,     ,  0.0, 0.0,  45.0,       ,      ,      ,        ,        ,        ,        ,        ,        ,        ,        ,      
picarro02, 1977,     1, WAS , NHL , D  , 75.0, 10.0,  27.0,  37.0, 101.0, -26.0,  2.0,     ,  0.0,     ,  4.0, 1.0, 170.0,       ,      ,      ,        ,        ,        ,        ,        ,        ,        ,        ,      
picarro02, 1978,     1, WAS , NHL , D  , 77.0, 21.0,  44.0,  65.0,  85.0, 3.0  ,  8.0,     ,  0.0,     ,  2.0, 1.0, 243.0,       ,      ,      ,        ,        ,        ,        ,        ,        ,        ,        ,      
picarro02, 1979,     1, WAS , NHL , D  , 78.0, 11.0,  43.0,  54.0, 122.0, -21.0,  5.0,     ,  0.0,     ,  1.0, 0.0, 212.0,       ,      ,      ,        ,        ,        ,        ,        ,        ,        ,        ,      
picarro02, 1980,     1, TOR , NHL , D  , 59.0,  6.0,  19.0,  25.0,  68.0, -32.0,  2.0,     ,  0.0,     ,  0.0, 1.0, 160.0,       ,      ,      ,        ,        ,        ,        ,        ,        ,        ,        ,      
picarro02, 1980,     2, MTL , NHL , D  ,  8.0,  2.0,   2.0,   4.0,   6.0, -1.0 ,  1.0,     ,  0.0,     ,  0.0, 0.0,  12.0,    1.0,   0.0,   0.0,     0.0,     0.0,        ,     0.0,        ,     0.0,        ,     0.0,      
picarro02, 1981,     1, MTL , NHL , D  , 62.0,  2.0,  26.0,  28.0, 106.0, 17.0 ,  2.0,     ,  0.0,     ,  0.0, 0.0, 132.0,    5.0,   1.0,   1.0,     2.0,     7.0,        ,     0.0,        ,     0.0,        ,     0.0,      
picarro02, 1982,     1, MTL , NHL , D  , 64.0,  7.0,  31.0,  38.0,  60.0, 31.0 ,  1.0,     ,  0.0,     ,  1.0, 0.0, 117.0,    3.0,   0.0,   0.0,     0.0,     0.0,        ,     0.0,        ,     0.0,        ,     0.0,      
picarro02, 1983,     1, MTL , NHL , D  ,  7.0,  0.0,   2.0,   2.0,   0.0, -1.0 ,  0.0,     ,  0.0,     ,  0.0, 0.0,   7.0,       ,      ,      ,        ,        ,        ,        ,        ,        ,        ,        ,      
picarro02, 1983,     2, WIN , NHL , D  , 62.0,  6.0,  16.0,  22.0,  34.0, 9.0  ,  1.0,     ,  1.0,     ,  1.0, 0.0, 126.0,    3.0,   0.0,   0.0,     0.0,    12.0, -4.0   ,     0.0,        ,     0.0,        ,     0.0,     4.0
picarro02, 1984,     1, WIN , NHL , D  , 78.0, 12.0,  22.0,  34.0, 107.0, 31.0 ,  0.0,     ,  0.0,     ,  3.0, 0.0, 151.0,    8.0,   2.0,   2.0,     4.0,     8.0, -5.0   ,     1.0,        ,     0.0,        ,     0.0,    23.0
picarro02, 1985,     1, WIN , NHL , D  , 20.0,  2.0,   5.0,   7.0,  17.0, -2.0 ,  0.0,     ,  0.0,     ,  1.0, 0.0,  40.0,       ,      ,      ,        ,        ,        ,        ,        ,        ,        ,        ,      
picarro02, 1985,     2, QUE , NHL , D  , 48.0,  7.0,  27.0,  34.0,  36.0, -2.0 ,  1.0,     ,  1.0,     ,  0.0, 0.0, 131.0,    3.0,   0.0,   2.0,     2.0,     2.0, -4.0   ,     0.0,        ,     0.0,        ,     0.0,     7.0
picarro02, 1986,     1, QUE , NHL , D  , 78.0,  8.0,  20.0,  28.0,  71.0, -17.0,  1.0,     ,  1.0,     ,  3.0, 0.0, 163.0,   13.0,   2.0,  10.0,    12.0,    10.0, 3.0    ,     1.0,        ,     0.0,        ,     0.0,    31.0
picarro02, 1987,     1, QUE , NHL , D  , 65.0,  3.0,  13.0,  16.0, 103.0, -1.0 ,  0.0,  2.0,  1.0,  0.0,  1.0, 0.0, 110.0,       ,      ,      ,        ,        ,        ,        ,        ,        ,        ,        ,      
picarro02, 1988,     1, QUE , NHL , D  , 74.0,  7.0,  14.0,  21.0,  61.0, -28.0,  2.0,  1.0,  1.0,  0.0,  1.0, 1.0, 102.0,       ,      ,      ,        ,        ,        ,        ,        ,        ,        ,        ,      
picarro02, 1989,     1, QUE , NHL , D  , 24.0,  0.0,   5.0,   5.0,  28.0, -5.0 ,  0.0,     ,  0.0,     ,  0.0, 0.0,  25.0,       ,      ,      ,        ,        ,        ,        ,        ,        ,        ,        ,      
picarro02, 1989,     2, DET , NHL , D  , 20.0,  0.0,   3.0,   3.0,  20.0, 2.0  ,  0.0,     ,  0.0,     ,  0.0, 0.0,  14.0,       ,      ,      ,        ,        ,        ,        ,        ,        ,        ,        ,      
picheda01, 1980,     1, QUE , NHL , D  , 46.0,  4.0,  16.0,  20.0,  62.0, 3.0  ,  2.0,     ,  0.0,     ,  0.0, 0.0,  47.0,    1.0,   0.0,   0.0,     0.0,    14.0,        ,     0.0,        ,     0.0,        ,     0.0,      
picheda01, 1981,     1, QUE , NHL , D  , 67.0,  7.0,  30.0,  37.0, 152.0, -1.0 ,  3.0,     ,  0.0,     ,  0.0, 0.0,  84.0,   16.0,   2.0,   4.0,     6.0,    22.0,        ,     1.0,        ,     0.0,        ,     1.0,      
picheda01, 1982,     1, QUE , NHL , D  , 53.0,  3.0,  21.0,  24.0,  49.0, 9.0  ,  0.0,     ,  0.0,     ,  0.0, 0.0,  62.0,    2.0,   0.0,   1.0,     1.0,     0.0,        ,     0.0,        ,     0.0,        ,     0.0,      
picheda01, 1983,     1, QUE , NHL , D  , 23.0,  2.0,   7.0,   9.0,  12.0, 2.0  ,  0.0,     ,  0.0,     ,  0.0, 0.0,  34.0,       ,      ,      ,        ,        ,        ,        ,        ,        ,        ,        ,      
picheda01, 1983,     2, STL , NHL , D  , 23.0,  0.0,  11.0,  11.0,   6.0, -5.0 ,  0.0,     ,  0.0,     ,  0.0, 0.0,  37.0,    9.0,   1.0,   2.0,     3.0,    18.0, -1.0   ,     0.0,        ,     0.0,        ,     0.0,    13.0
picheda01, 1984,     1, NJD , NHL , D  , 71.0, 17.0,  40.0,  57.0,  41.0, -20.0,  8.0,     ,  0.0,     ,  2.0, 1.0, 140.0,       ,      ,      ,        ,        ,        ,        ,        ,        ,        ,        ,      
picheda01, 1985,     1, NJD , NHL , D  , 33.0,  7.0,  12.0,  19.0,  22.0, -11.0,  4.0,     ,  0.0,     ,  1.0, 1.0,  59.0,       ,      ,      ,        ,        ,        ,        ,        ,        ,        ,        ,      
picheda01, 1987,     1, NYR , NHL , D  ,  6.0,  1.0,   3.0,   4.0,   4.0, -3.0 ,  0.0,  3.0,  0.0,  0.0,  0.0, 0.0,   7.0,       ,      ,      ,        ,        ,        ,        ,        ,        ,        ,        ,      
pickeha01, 1933,     1, NYA , NHL , R  , 48.0,  3.0,   1.0,   4.0,  32.0,      ,     ,     ,     ,     ,     ,    ,      ,       ,      ,      ,        ,        ,        ,        ,        ,        ,        ,        ,      
pidhiha01, 1957,     1, BOS , NHL , C  ,  2.0,  0.0,   0.0,   0.0,   0.0,      ,     ,     ,     ,     ,     ,    ,      ,       ,      ,      ,        ,        ,        ,        ,        ,        ,        ,        ,      
piercra01, 1977,     1, COR , NHL , R  , 35.0,  9.0,  10.0,  19.0,  15.0, 0.0  ,  1.0,     ,  0.0,     ,  3.0, 1.0,  60.0,    2.0,   0.0,   0.0,     0.0,     0.0,        ,     0.0,        ,     0.0,        ,     0.0,      
piercra01, 1978,     1, COR , NHL , R  , 70.0, 19.0,  17.0,  36.0,  35.0, -21.0,  4.0,     ,  1.0,     ,  3.0, 1.0, 145.0,       ,      ,      ,        ,        ,        ,        ,        ,        ,        ,        ,      
piercra01, 1979,     1, COR , NHL , R  , 75.0, 16.0,  23.0,  39.0, 100.0, -11.0,  0.0,     ,  0.0,     ,  1.0, 2.0, 171.0,       ,      ,      ,        ,        ,        ,        ,        ,        ,        ,        ,      
piercra01, 1980,     1, COR , NHL , R  , 55.0,  9.0,  21.0,  30.0,  52.0, -28.0,  3.0,     ,  0.0,     ,  3.0, 0.0, 124.0,       ,      ,      ,        ,        ,        ,        ,        ,        ,        ,        ,      
piercra01, 1981,     1, COR , NHL , L  ,  5.0,  0.0,   0.0,   0.0,   4.0, -1.0 ,  0.0,     ,  0.0,     ,  0.0, 0.0,   7.0,       ,      ,      ,        ,        ,        ,        ,        ,        ,        ,        ,      
piercra01, 1982,     1, NJD , NHL , R  ,  3.0,  0.0,   0.0,   0.0,   0.0, 0.0  ,  0.0,     ,  0.0,     ,  0.0, 0.0,   2.0,       ,      ,      ,        ,        ,        ,        ,        ,        ,        ,        ,      
piercra01, 1983,     1, HAR , NHL , R  , 17.0,  6.0,   3.0,   9.0,   9.0, 5.0  ,  0.0,     ,  1.0,     ,  0.0, 0.0,  25.0,       ,      ,      ,        ,        ,        ,        ,        ,        ,        ,        ,      
piercra01, 1984,     1, HAR , NHL , R  , 17.0,  3.0,   2.0,   5.0,   8.0, -4.0 ,  0.0,     ,  0.0,     ,  0.0, 0.0,  24.0,       ,      ,      ,        ,        ,        ,        ,        ,        ,        ,        ,      
pietral01, 2008,     1, STL , NHL , D  ,  8.0,  0.0,   1.0,   1.0,   2.0, 0.0  ,  0.0,  1.0,  0.0,  0.0,  0.0,    ,   7.0,       ,      ,      ,        ,        ,        ,        ,        ,        ,        ,        ,      
pietral01, 2009,     1, STL , NHL , D  ,  9.0,  1.0,   1.0,   2.0,   6.0, -9.0 ,  0.0,  1.0,  0.0,  0.0,  0.0,    ,   7.0,       ,      ,      ,        ,        ,        ,        ,        ,        ,        ,        ,      
pietrfr01, 1987,     1, PIT , NHL , G  , 21.0,  0.0,   2.0,   2.0,   2.0, 0.0  ,  0.0,     ,  0.0,     ,  0.0, 0.0,   0.0,       ,      ,      ,        ,        ,        ,        ,        ,        ,        ,        ,      
pietrfr01, 1988,     1, PIT , NHL , G  , 15.0,  0.0,   0.0,   0.0,   2.0, 0.0  ,  0.0,  0.0,  0.0,  0.0,  0.0, 0.0,   0.0,       ,      ,      ,        ,        ,        ,        ,        ,        ,        ,        ,      
pietrfr01, 1989,     1, PIT , NHL , G  , 21.0,  0.0,   0.0,   0.0,   2.0, 0.0  ,  0.0,  0.0,  0.0,  0.0,  0.0, 0.0,   0.0,       ,      ,      ,        ,        ,        ,        ,        ,        ,        ,        ,      
pietrfr01, 1990,     1, PIT , NHL , G  , 25.0,  0.0,   1.0,   1.0,  24.0, 0.0  ,  0.0,     ,  0.0,     ,  0.0, 0.0,   0.0,    5.0,   0.0,   1.0,     1.0,     2.0, 0.0    ,     0.0,        ,     0.0,        ,     0.0,     0.0
pietrfr01, 1991,     1, PIT , NHL , G  ,  5.0,  0.0,   0.0,   0.0,   0.0, 0.0  ,  0.0,  0.0,  0.0,  0.0,  0.0, 0.0,   0.0,       ,      ,      ,        ,        ,        ,        ,        ,        ,        ,        ,      
pietrfr01, 1991,     2, HAR , NHL , G  ,  5.0,  0.0,   0.0,   0.0,   0.0, 0.0  ,  0.0,  0.0,  0.0,  0.0,  0.0, 0.0,   0.0,    7.0,   0.0,   0.0,     0.0,     0.0, 0.0    ,     0.0,     0.0,     0.0,     0.0,     0.0,     0.0
pietrfr01, 1992,     1, HAR , NHL , G  , 30.0,  0.0,   0.0,   0.0,   4.0, 0.0  ,  0.0,  0.0,  0.0,  0.0,  0.0, 0.0,   0.0,       ,      ,      ,        ,        ,        ,        ,        ,        ,        ,        ,      
pietrfr01, 1993,     1, HAR , NHL , G  , 19.0,  0.0,   0.0,   0.0,   2.0, 0.0  ,  0.0,  0.0,  0.0,  0.0,  0.0, 0.0,   0.0,       ,      ,      ,        ,        ,        ,        ,        ,        ,        ,        ,      
pihlmtu01, 2003,     1, NJD , NHL , L  ,  2.0,  0.0,   0.0,   0.0,   2.0, 0.0  ,  0.0,  0.0,  0.0,  0.0,  0.0, 0.0,   1.0,       ,      ,      ,        ,        ,        ,        ,        ,        ,        ,        ,      
pihlmtu01, 2005,     1, NJD , NHL , L  , 11.0,  1.0,   1.0,   2.0,  10.0, -1.0 ,  0.0,  0.0,  0.0,  0.0,  0.0,    ,  14.0,       ,      ,      ,        ,        ,        ,        ,        ,        ,        ,        ,      
pihlmtu01, 2006,     1, NJD , NHL , L  ,  2.0,  0.0,   0.0,   0.0,   0.0, 0.0  ,  0.0,  0.0,  0.0,  0.0,  0.0,    ,   0.0,       ,      ,      ,        ,        ,        ,        ,        ,        ,        ,        ,      
pihlsan01, 2007,     1, NAS , NHL , L  ,  1.0,  0.0,   0.0,   0.0,   0.0, -1.0 ,  0.0,  0.0,  0.0,  0.0,  0.0,    ,   1.0,       ,      ,      ,        ,        ,        ,        ,        ,        ,        ,        ,      
pihlsan01, 2008,     1, NAS , NHL , L  , 53.0,  2.0,   5.0,   7.0,  10.0, -1.0 ,  1.0,  0.0,  0.0,  0.0,  0.0,    ,  88.0,       ,      ,      ,        ,        ,        ,        ,        ,        ,        ,        ,      
pikeal01 , 1939,     1, NYR , NHL , C  , 47.0,  8.0,   9.0,  17.0,  38.0,      ,     ,     ,     ,     ,     ,    ,      ,   12.0,   3.0,   1.0,     4.0,     6.0,        ,        ,        ,        ,        ,        ,      
pikeal01 , 1940,     1, NYR , NHL , C  , 48.0,  6.0,  13.0,  19.0,  23.0,      ,     ,     ,     ,     ,     ,    ,      ,    3.0,   0.0,   1.0,     1.0,     2.0,        ,        ,        ,        ,        ,        ,      
pikeal01 , 1941,     1, NYR , NHL , C  , 34.0,  8.0,  19.0,  27.0,  16.0,      ,     ,     ,     ,     ,     ,    ,      ,    6.0,   1.0,   0.0,     1.0,     4.0,        ,        ,        ,        ,        ,        ,      
pikeal01 , 1942,     1, NYR , NHL , L  , 41.0,  6.0,  16.0,  22.0,  48.0,      ,     ,     ,     ,     ,     ,    ,      ,       ,      ,      ,        ,        ,        ,        ,        ,        ,        ,        ,      
pikeal01 , 1945,     1, NYR , NHL , L  , 33.0,  7.0,   9.0,  16.0,  18.0,      ,     ,     ,     ,     ,     ,    ,      ,       ,      ,      ,        ,        ,        ,        ,        ,        ,        ,        ,      
pikeal01 , 1946,     1, NYR , NHL , L  , 31.0,  7.0,  11.0,  18.0,   2.0,      ,     ,     ,     ,     ,     ,    ,      ,       ,      ,      ,        ,        ,        ,        ,        ,        ,        ,        ,      
pikkail01, 2009,     1, NJD , NHL , R  , 31.0,  1.0,   3.0,   4.0,  10.0, -3.0 ,  0.0,  0.0,  0.0,  0.0,  0.0,    ,  26.0,       ,      ,      ,        ,        ,        ,        ,        ,        ,        ,        ,      
pilarka01, 2001,     1, TOR , NHL , D  , 23.0,  1.0,   3.0,   4.0,   8.0, 3.0  ,  0.0,  0.0,  0.0,  0.0,  0.0, 0.0,  32.0,   11.0,   0.0,   4.0,     4.0,    12.0, -3.0   ,     0.0,     1.0,     0.0,     0.0,     0.0,    12.0
pilarka01, 2002,     1, TOR , NHL , D  , 17.0,  3.0,   4.0,   7.0,  12.0, -7.0 ,  1.0,  2.0,  0.0,  0.0,  1.0, 0.0,  22.0,       ,      ,      ,        ,        ,        ,        ,        ,        ,        ,        ,      
pilarka01, 2003,     1, TOR , NHL , D  , 50.0,  2.0,  17.0,  19.0,  22.0, 2.0  ,  1.0,  7.0,  0.0,  0.0,  1.0, 0.0,  74.0,    1.0,   1.0,   0.0,     1.0,     0.0, 1.0    ,     0.0,     0.0,     0.0,     0.0,     0.0,     2.0
pilonri01, 1988,     1, NYI , NHL , D  , 62.0,  0.0,  14.0,  14.0, 242.0, -9.0 ,  0.0,  3.0,  0.0,  0.0,  0.0, 0.0,  47.0,       ,      ,      ,        ,        ,        ,        ,        ,        ,        ,        ,      
pilonri01, 1989,     1, NYI , NHL , D  , 14.0,  0.0,   2.0,   2.0,  31.0, 2.0  ,  0.0,  0.0,  0.0,  0.0,  0.0, 0.0,   5.0,       ,      ,      ,        ,        ,        ,        ,        ,        ,        ,        ,      
pilonri01, 1990,     1, NYI , NHL , D  , 60.0,  1.0,   4.0,   5.0, 126.0, -12.0,  0.0,  0.0,  0.0,  0.0,  0.0, 0.0,  33.0,       ,      ,      ,        ,        ,        ,        ,        ,        ,        ,        ,      
pilonri01, 1991,     1, NYI , NHL , D  , 65.0,  1.0,   6.0,   7.0, 183.0, -1.0 ,  0.0,  0.0,  0.0,  0.0,  0.0, 0.0,  27.0,       ,      ,      ,        ,        ,        ,        ,        ,        ,        ,        ,      
pilonri01, 1992,     1, NYI , NHL , D  , 44.0,  1.0,   3.0,   4.0, 164.0, -4.0 ,  0.0,  0.0,  0.0,  0.0,  0.0, 0.0,  20.0,   15.0,   0.0,   0.0,     0.0,    50.0, 5.0    ,     0.0,     0.0,     0.0,     0.0,     0.0,     7.0
pilonri01, 1993,     1, NYI , NHL , D  , 28.0,  1.0,   4.0,   5.0,  75.0, -4.0 ,  0.0,  0.0,  0.0,  0.0,  0.0, 0.0,  20.0,       ,      ,      ,        ,        ,        ,        ,        ,        ,        ,        ,      
pilonri01, 1994,     1, NYI , NHL , D  , 20.0,  1.0,   1.0,   2.0,  40.0, -3.0 ,  0.0,  0.0,  0.0,  0.0,  0.0, 0.0,  11.0,       ,      ,      ,        ,        ,        ,        ,        ,        ,        ,        ,      
pilonri01, 1995,     1, NYI , NHL , D  , 27.0,  0.0,   3.0,   3.0,  72.0, -9.0 ,  0.0,  0.0,  0.0,  0.0,  0.0, 0.0,   7.0,       ,      ,      ,        ,        ,        ,        ,        ,        ,        ,        ,      
pilonri01, 1996,     1, NYI , NHL , D  , 52.0,  1.0,   4.0,   5.0, 179.0, 4.0  ,  0.0,  0.0,  0.0,  0.0,  0.0, 0.0,  17.0,       ,      ,      ,        ,        ,        ,        ,        ,        ,        ,        ,      
pilonri01, 1997,     1, NYI , NHL , D  , 76.0,  0.0,   7.0,   7.0, 291.0, 1.0  ,  0.0,  0.0,  0.0,  0.0,  0.0, 0.0,  37.0,       ,      ,      ,        ,        ,        ,        ,        ,        ,        ,        ,      
pilonri01, 1998,     1, NYI , NHL , D  , 52.0,  0.0,   4.0,   4.0,  88.0, -8.0 ,  0.0,  0.0,  0.0,  0.0,  0.0, 0.0,  27.0,       ,      ,      ,        ,        ,        ,        ,        ,        ,        ,        ,      
pilonri01, 1999,     1, NYI , NHL , D  ,  9.0,  0.0,   2.0,   2.0,  34.0, -2.0 ,  0.0,  0.0,  0.0,  0.0,  0.0, 0.0,   0.0,       ,      ,      ,        ,        ,        ,        ,        ,        ,        ,        ,      
pilonri01, 1999,     2, NYR , NHL , D  , 45.0,  0.0,   4.0,   4.0,  36.0, 0.0  ,  0.0,  0.0,  0.0,  0.0,  0.0, 0.0,  16.0,       ,      ,      ,        ,        ,        ,        ,        ,        ,        ,        ,      
pilonri01, 2000,     1, NYR , NHL , D  , 69.0,  2.0,   9.0,  11.0, 175.0, -2.0 ,  0.0,  0.0,  0.0,  0.0,  0.0, 0.0,  24.0,       ,      ,      ,        ,        ,        ,        ,        ,        ,        ,        ,      
pilonri01, 2001,     1, STL , NHL , D  ,  8.0,  0.0,   2.0,   2.0,   9.0, -1.0 ,  0.0,  0.0,  0.0,  0.0,  0.0, 0.0,   3.0,       ,      ,      ,        ,        ,        ,        ,        ,        ,        ,        ,      
pilotpi01, 1955,     1, CHI , NHL , D  , 20.0,  3.0,   5.0,   8.0,  34.0,      ,     ,     ,     ,     ,     ,    ,      ,       ,      ,      ,        ,        ,        ,        ,        ,        ,        ,        ,      
pilotpi01, 1956,     1, CHI , NHL , D  , 70.0,  3.0,  14.0,  17.0, 117.0,      ,     ,     ,     ,     ,     ,    ,      ,       ,      ,      ,        ,        ,        ,        ,        ,        ,        ,        ,      
pilotpi01, 1957,     1, CHI , NHL , D  , 70.0,  6.0,  24.0,  30.0,  91.0,      ,     ,     ,     ,     ,     ,    ,      ,       ,      ,      ,        ,        ,        ,        ,        ,        ,        ,        ,      
pilotpi01, 1958,     1, CHI , NHL , D  , 70.0,  7.0,  30.0,  37.0,  79.0,      ,     ,     ,     ,     ,     ,    ,      ,    6.0,   0.0,   2.0,     2.0,    10.0,        ,        ,        ,        ,        ,        ,      
pilotpi01, 1959,     1, CHI , NHL , D  , 70.0,  7.0,  38.0,  45.0, 100.0,      ,     ,     ,     ,     ,     ,    ,      ,    4.0,   0.0,   1.0,     1.0,     8.0,        ,        ,        ,        ,        ,        ,      
pilotpi01, 1960,     1, CHI , NHL , D  , 70.0,  6.0,  29.0,  35.0, 165.0,      ,     ,     ,     ,     ,     ,    ,      ,   12.0,   3.0,  12.0,    15.0,     8.0,        ,        ,        ,        ,        ,     0.0,      
pilotpi01, 1961,     1, CHI , NHL , D  , 59.0,  7.0,  35.0,  42.0,  97.0,      ,     ,     ,     ,     ,     ,    ,      ,   12.0,   0.0,   7.0,     7.0,     8.0,        ,        ,        ,        ,        ,     0.0,      
pilotpi01, 1962,     1, CHI , NHL , D  , 59.0,  8.0,  18.0,  26.0,  57.0,      ,     ,     ,     ,     ,     ,    ,      ,    6.0,   0.0,   8.0,     8.0,     8.0,        ,        ,        ,        ,        ,     0.0,      
pilotpi01, 1963,     1, CHI , NHL , D  , 70.0,  7.0,  46.0,  53.0,  84.0,      ,  0.0,     ,  0.0,     ,  2.0, 0.0,      ,    7.0,   2.0,   6.0,     8.0,     6.0,        ,        ,        ,        ,        ,     1.0,      
pilotpi01, 1964,     1, CHI , NHL , D  , 68.0, 14.0,  45.0,  59.0, 162.0,      ,  7.0,     ,  1.0,     ,  2.0, 1.0,      ,   12.0,   0.0,   7.0,     7.0,    22.0,        ,        ,        ,        ,        ,     0.0,      
pilotpi01, 1965,     1, CHI , NHL , D  , 51.0,  2.0,  34.0,  36.0,  60.0,      ,  1.0,     ,  0.0,     ,  0.0, 0.0,      ,    6.0,   0.0,   2.0,     2.0,    10.0,        ,        ,        ,        ,        ,     0.0,      
pilotpi01, 1966,     1, CHI , NHL , D  , 70.0,  6.0,  46.0,  52.0,  90.0,      ,  4.0,     ,  0.0,     ,  2.0, 0.0,      ,    6.0,   2.0,   4.0,     6.0,     6.0,        ,        ,        ,        ,        ,     0.0,      
pilotpi01, 1967,     1, CHI , NHL , D  , 74.0,  1.0,  36.0,  37.0,  69.0, -8.0 ,  0.0,     ,  0.0,     ,  0.0, 0.0,  69.0,   11.0,   1.0,   3.0,     4.0,    12.0,        ,     1.0,        ,     0.0,        ,     0.0,      
pilotpi01, 1968,     1, TOR , NHL , D  , 69.0,  3.0,  18.0,  21.0,  46.0, 5.0  ,  1.0,     ,  0.0,     ,  0.0, 0.0,  48.0,    4.0,   0.0,   1.0,     1.0,     4.0,        ,     0.0,        ,     0.0,        ,     0.0,      
pindege01, 1969,     1, CHI , NHL , L  , 75.0, 19.0,  20.0,  39.0,  41.0, 23.0 ,  5.0,     ,  1.0,     ,  3.0, 1.0, 169.0,    8.0,   0.0,   4.0,     4.0,     4.0,        ,     0.0,        ,     0.0,        ,     0.0,      
pindege01, 1970,     1, CHI , NHL , L  , 74.0, 13.0,  18.0,  31.0,  35.0, -2.0 ,  1.0,     ,  0.0,     ,  2.0, 1.0, 102.0,    9.0,   0.0,   0.0,     0.0,     2.0,        ,     0.0,        ,     0.0,        ,     0.0,      
pindege01, 1971,     1, CLF , NHL , L  , 74.0, 23.0,  31.0,  54.0,  59.0, -18.0,  7.0,     ,  1.0,     ,  1.0, 2.0, 140.0,       ,      ,      ,        ,        ,        ,        ,        ,        ,        ,        ,      
pindege01, 1972,     1, CLC , WHA , L  , 78.0, 30.0,  36.0,  66.0, 121.0,      ,  7.0,     ,  3.0,     ,  3.0,    ,      ,    9.0,   2.0,   9.0,    11.0,    30.0,        ,     1.0,        ,     0.0,        ,     0.0,      
pindege01, 1973,     1, CLC , WHA , R  , 73.0, 23.0,  33.0,  56.0,  90.0,      ,  3.0,     ,  1.0,     ,  3.0,    ,      ,    1.0,   0.0,   0.0,     0.0,     0.0,        ,        ,        ,        ,        ,     0.0,      
pindege01, 1974,     1, CLC , WHA , L  , 74.0, 13.0,  28.0,  41.0,  71.0, -6.0 ,  4.0,     ,  0.0,     ,     ,    , 180.0,    5.0,   3.0,   1.0,     4.0,     6.0,        ,        ,        ,        ,        ,     0.0,      
pindege01, 1975,     1, CLC , WHA , R  , 79.0, 21.0,  30.0,  51.0, 118.0, -8.0 ,  8.0,     ,  3.0,     ,  2.0,    , 201.0,    3.0,   0.0,   0.0,     0.0,     4.0, -2.0   ,        ,        ,        ,        ,     0.0,      
pindege01, 1976,     1, SDM , WHA , R  , 44.0,  6.0,  13.0,  19.0,  36.0, -24.0,  2.0,     ,  0.0,     ,     ,    ,  90.0,       ,      ,      ,        ,        ,        ,        ,        ,        ,        ,        ,      
pindege01, 1977,     1, EDO , WHA , L  ,  5.0,  0.0,   1.0,   1.0,   0.0, -1.0 ,  0.0,     ,  0.0,     ,     ,    ,   4.0,       ,      ,      ,        ,        ,        ,        ,        ,        ,        ,        ,      
pineaad01, 2007,     1, CBS , NHL , R  ,  3.0,  0.0,   0.0,   0.0,   0.0, -2.0 ,  0.0,  0.0,  0.0,  0.0,  0.0,    ,   5.0,       ,      ,      ,        ,        ,        ,        ,        ,        ,        ,        ,      
pirjela01, 2002,     1, CBS , NHL , C  , 51.0, 11.0,  10.0,  21.0,  12.0, -4.0 ,  2.0,  1.0,  0.0,  0.0,  2.0, 0.0,  80.0,       ,      ,      ,        ,        ,        ,        ,        ,        ,        ,        ,      
pirjela01, 2003,     1, CBS , NHL , C  , 57.0,  2.0,   8.0,  10.0,  20.0, -6.0 ,  0.0,  1.0,  0.0,  0.0,  0.0, 0.0,  78.0,       ,      ,      ,        ,        ,        ,        ,        ,        ,        ,        ,      
pirjela01, 2003,     2, PIT , NHL , C  , 13.0,  6.0,   6.0,  12.0,   0.0, 3.0  ,  1.0,  4.0,  0.0,  0.0,  1.0, 0.0,  33.0,       ,      ,      ,        ,        ,        ,        ,        ,        ,        ,        ,      
pirjela01, 2005,     1, PIT , NHL , C  , 25.0,  4.0,   3.0,   7.0,  18.0, 4.0  ,  0.0,  0.0,  0.0,  0.0,  0.0,    ,  30.0,       ,      ,      ,        ,        ,        ,        ,        ,        ,        ,        ,      
pirnees01, 2003,     1, LAK , NHL , C  , 57.0,  3.0,   8.0,  11.0,  12.0, -9.0 ,  0.0,  1.0,  1.0,  0.0,  0.0, 0.0,  57.0,       ,      ,      ,        ,        ,        ,        ,        ,        ,        ,        ,      
piroska01, 2001,     1, ATL , NHL , C  ,  8.0,  0.0,   1.0,   1.0,   4.0, -2.0 ,  0.0,  0.0,  0.0,  0.0,  0.0, 0.0,   4.0,       ,      ,      ,        ,        ,        ,        ,        ,        ,        ,        ,      
piroska01, 2002,     1, ATL , NHL , C  ,  3.0,  3.0,   2.0,   5.0,   2.0, 4.0  ,  0.0,  1.0,  0.0,  0.0,  1.0, 0.0,   8.0,       ,      ,      ,        ,        ,        ,        ,        ,        ,        ,        ,      
piroska01, 2003,     1, ATL , NHL , C  , 14.0,  0.0,   1.0,   1.0,   4.0, -3.0 ,  0.0,  1.0,  0.0,  0.0,  0.0, 0.0,  10.0,       ,      ,      ,        ,        ,        ,        ,        ,        ,        ,        ,      
piroska01, 2003,     2, FLO , NHL , C  ,  3.0,  1.0,   0.0,   1.0,   0.0, -1.0 ,  1.0,  0.0,  0.0,  0.0,  0.0, 0.0,   1.0,       ,      ,      ,        ,        ,        ,        ,        ,        ,        ,        ,      
pirusal01, 1976,     1, MNS , NHL , R  , 79.0, 20.0,  17.0,  37.0,  47.0, -20.0,  1.0,     ,  0.0,     ,  1.0, 1.0, 128.0,    2.0,   0.0,   1.0,     1.0,     2.0,        ,     0.0,        ,     0.0,        ,     0.0,      
pirusal01, 1977,     1, MNS , NHL , R  , 61.0,  9.0,   6.0,  15.0,  38.0, -25.0,  1.0,     ,  0.0,     ,  1.0, 1.0,  89.0,       ,      ,      ,        ,        ,        ,        ,        ,        ,        ,        ,      
pirusal01, 1978,     1, MNS , NHL , R  , 15.0,  1.0,   3.0,   4.0,   9.0, -8.0 ,  0.0,     ,  0.0,     ,  0.0, 0.0,  14.0,       ,      ,      ,        ,        ,        ,        ,        ,        ,        ,        ,      
pirusal01, 1979,     1, DET , NHL , R  ,  4.0,  0.0,   2.0,   2.0,   0.0, 0.0  ,  0.0,     ,  0.0,     ,  0.0, 0.0,   0.0,       ,      ,      ,        ,        ,        ,        ,        ,        ,        ,        ,      
pisaal01 , 2001,     1, EDM , NHL , D  ,  2.0,  0.0,   0.0,   0.0,   2.0, 0.0  ,  0.0,  0.0,  0.0,  0.0,  0.0, 0.0,   3.0,       ,      ,      ,        ,        ,        ,        ,        ,        ,        ,        ,      
pisaal01 , 2002,     1, EDM , NHL , D  , 48.0,  1.0,   3.0,   4.0,  24.0, 11.0 ,  1.0,  0.0,  0.0,  0.0,  0.0, 0.0,  34.0,       ,      ,      ,        ,        ,        ,        ,        ,        ,        ,        ,      
pisaal01 , 2002,     2, NYR , NHL , D  ,  3.0,  0.0,   0.0,   0.0,   0.0, 1.0  ,  0.0,  0.0,  0.0,  0.0,  0.0, 0.0,   3.0,       ,      ,      ,        ,        ,        ,        ,        ,        ,        ,        ,      
pisanfe01, 2002,     1, EDM , NHL , R  , 35.0,  8.0,   5.0,  13.0,  10.0, 9.0  ,  0.0,  0.0,  1.0,  0.0,  0.0, 0.0,  32.0,    6.0,   1.0,   0.0,     1.0,     2.0, -2.0   ,     0.0,     0.0,     0.0,     0.0,     0.0,     8.0
pisanfe01, 2003,     1, EDM , NHL , R  , 76.0, 16.0,  14.0,  30.0,  46.0, 14.0 ,  4.0,  0.0,  1.0,  0.0,  1.0, 1.0,  99.0,       ,      ,      ,        ,        ,        ,        ,        ,        ,        ,        ,      
pisanfe01, 2005,     1, EDM , NHL , C  , 80.0, 18.0,  19.0,  37.0,  42.0, 5.0  ,  4.0,  5.0,  1.0,  0.0,  2.0,    , 131.0,   24.0,  14.0,   4.0,    18.0,    10.0, 4.0    ,     3.0,     1.0,     1.0,     0.0,     5.0,    49.0
pisanfe01, 2006,     1, EDM , NHL , R  , 77.0, 14.0,  14.0,  28.0,  40.0, -1.0 ,  2.0,  2.0,  1.0,  1.0,  0.0,    , 142.0,       ,      ,      ,        ,        ,        ,        ,        ,        ,        ,        ,      
pisanfe01, 2007,     1, EDM , NHL , R  , 56.0, 13.0,   9.0,  22.0,  28.0, -5.0 ,  4.0,  1.0,  0.0,  0.0,  3.0,    ,  96.0,       ,      ,      ,        ,        ,        ,        ,        ,        ,        ,        ,      
pisanfe01, 2008,     1, EDM , NHL , R  , 38.0,  7.0,   8.0,  15.0,  14.0, -1.0 ,  0.0,  0.0,  0.0,  1.0,  0.0,    ,  72.0,       ,      ,      ,        ,        ,        ,        ,        ,        ,        ,        ,      
pisanfe01, 2009,     1, EDM , NHL , R  , 40.0,  4.0,   4.0,   8.0,  10.0, -16.0,  0.0,  0.0,  0.0,  1.0,  0.0,    ,  54.0,       ,      ,      ,        ,        ,        ,        ,        ,        ,        ,        ,      
piskujo01, 2006,     1, LAK , NHL , D  ,  5.0,  0.0,   0.0,   0.0,   6.0, -3.0 ,  0.0,  0.0,  0.0,  0.0,  0.0,    ,   4.0,       ,      ,      ,        ,        ,        ,        ,        ,        ,        ,        ,      
pitkajo01, 2003,     1, PHI , NHL , D  , 71.0,  8.0,  19.0,  27.0,  44.0, 15.0 ,  5.0, 12.0,  0.0,  0.0,  2.0, 0.0, 133.0,   15.0,   0.0,   3.0,     3.0,     6.0, -6.0   ,     0.0,     2.0,     0.0,     0.0,     0.0,    15.0
pitkajo01, 2005,     1, PHI , NHL , D  , 58.0, 13.0,  33.0,  46.0,  78.0, 22.0 ,  5.0, 14.0,  0.0,  1.0,  3.0,    , 118.0,    6.0,   0.0,   2.0,     2.0,     2.0, 0.0    ,     0.0,     0.0,     0.0,     0.0,     0.0,    10.0
pitkajo01, 2006,     1, PHI , NHL , D  , 77.0,  4.0,  39.0,  43.0,  88.0, -25.0,  1.0, 17.0,  0.0,  2.0,  0.0,    , 137.0,       ,      ,      ,        ,        ,        ,        ,        ,        ,        ,        ,      
pitkajo01, 2007,     1, EDM , NHL , D  , 63.0,  8.0,  18.0,  26.0,  56.0, -5.0 ,  1.0,  9.0,  1.0,  0.0,  1.0,    , 101.0,       ,      ,      ,        ,        ,        ,        ,        ,        ,        ,        ,      
pitkajo01, 2008,     1, CAR , NHL , D  , 71.0,  7.0,  26.0,  33.0,  58.0, 11.0 ,  2.0, 12.0,  0.0,  0.0,  3.0,    , 147.0,   18.0,   0.0,   8.0,     8.0,    16.0, 0.0    ,     0.0,     0.0,     0.0,     0.0,     0.0,    46.0
pitkajo01, 2009,     1, CAR , NHL , D  , 71.0,  6.0,  40.0,  46.0,  72.0, -11.0,  1.0, 18.0,  0.0,  0.0,  1.0,    , 161.0,       ,      ,      ,        ,        ,        ,        ,        ,        ,        ,        ,      
pitlila01, 1994,     1, OTT , NHL , D  , 15.0,  0.0,   1.0,   1.0,   6.0, -5.0 ,  0.0,  0.0,  0.0,  0.0,  0.0, 0.0,  11.0,       ,      ,      ,        ,        ,        ,        ,        ,        ,        ,        ,      
pitlila01, 1995,     1, OTT , NHL , D  , 28.0,  1.0,   6.0,   7.0,  20.0, -8.0 ,  0.0,  0.0,  0.0,  0.0,  0.0, 0.0,  13.0,       ,      ,      ,        ,        ,        ,        ,        ,        ,        ,        ,      
pitlila01, 1996,     1, OTT , NHL , D  , 66.0,  5.0,   5.0,  10.0,  91.0, 2.0  ,  0.0,  0.0,  0.0,  0.0,  1.0, 0.0,  54.0,    7.0,   0.0,   0.0,     0.0,     4.0, -1.0   ,     0.0,     0.0,     0.0,     0.0,     0.0,     2.0
pitlila01, 1997,     1, OTT , NHL , D  , 69.0,  2.0,   7.0,   9.0,  50.0, 8.0  ,  0.0,  0.0,  0.0,  0.0,  0.0, 0.0,  66.0,   11.0,   0.0,   1.0,     1.0,    17.0, -3.0   ,     0.0,     0.0,     0.0,     0.0,     0.0,     6.0
pitlila01, 1998,     1, OTT , NHL , D  , 50.0,  3.0,   6.0,   9.0,  33.0, 7.0  ,  0.0,  0.0,  0.0,  0.0,  0.0, 0.0,  34.0,    2.0,   0.0,   0.0,     0.0,     0.0, -1.0   ,     0.0,     0.0,     0.0,     0.0,     0.0,     2.0
pitlila01, 1999,     1, FLO , NHL , D  , 62.0,  3.0,   5.0,   8.0,  44.0, 7.0  ,  0.0,  0.0,  0.0,  0.0,  1.0, 0.0,  26.0,    4.0,   0.0,   1.0,     1.0,     0.0, 0.0    ,     0.0,     0.0,     0.0,     0.0,     0.0,     2.0
pitlila01, 2000,     1, FLO , NHL , D  , 68.0,  1.0,   2.0,   3.0,  42.0, -5.0 ,  0.0,  0.0,  0.0,  0.0,  0.0, 0.0,  24.0,       ,      ,      ,        ,        ,        ,        ,        ,        ,        ,        ,      
pitlila01, 2001,     1, FLO , NHL , D  , 35.0,  1.0,   1.0,   2.0,  12.0, -14.0,  0.0,  0.0,  0.0,  0.0,  0.0, 0.0,  15.0,       ,      ,      ,        ,        ,        ,        ,        ,        ,        ,        ,      
pitredi01, 1909,     1, LES , NHA ,    , 12.0, 10.0,   0.0,  10.0,   5.0,      ,     ,     ,     ,     ,     ,    ,      ,       ,      ,      ,        ,        ,        ,        ,        ,        ,        ,        ,      
pitredi01, 1910,     1, MOC , NHA ,    , 16.0, 19.0,   0.0,  19.0,  22.0,      ,     ,     ,     ,     ,     ,    ,      ,       ,      ,      ,        ,        ,        ,        ,        ,        ,        ,        ,      
pitredi01, 1911,     1, MOC , NHA ,    , 18.0, 27.0,   0.0,  27.0,  40.0,      ,     ,     ,     ,     ,     ,    ,      ,       ,      ,      ,        ,        ,        ,        ,        ,        ,        ,        ,      
pitredi01, 1912,     1, MOC , NHA ,    , 17.0, 24.0,   0.0,  24.0,  80.0,      ,     ,     ,     ,     ,     ,    ,      ,       ,      ,      ,        ,        ,        ,        ,        ,        ,        ,        ,      
pitredi01, 1913,     1, VML , PCHA, R  , 16.0, 14.0,   2.0,  16.0,  12.0,      ,     ,     ,     ,     ,     ,    ,      ,       ,      ,      ,        ,        ,        ,        ,        ,        ,        ,        ,      
pitredi01, 1914,     1, MOC , NHA ,    , 20.0, 30.0,   4.0,  34.0,  15.0,      ,     ,     ,     ,     ,     ,    ,      ,       ,      ,      ,        ,        ,        ,        ,        ,        ,        ,        ,      
pitredi01, 1915,     1, MOC , NHA ,    , 24.0, 24.0,  15.0,  39.0,  42.0,      ,     ,     ,     ,     ,     ,    ,      ,       ,      ,      ,        ,        ,        ,        ,        ,        ,        ,        ,      
pitredi01, 1916,     1, MOC , NHA ,    , 20.0, 22.0,   2.0,  24.0,  47.0,      ,     ,     ,     ,     ,     ,    ,      ,    2.0,   2.0,      ,        ,        ,        ,        ,        ,        ,        ,        ,      
pitredi01, 1917,     1, MTL , NHL , R  , 20.0, 17.0,   6.0,  23.0,  29.0,      ,     ,     ,     ,     ,  5.0,    ,      ,    2.0,   0.0,   1.0,     1.0,    13.0,        ,        ,        ,        ,        ,        ,      
pitredi01, 1918,     1, MTL , NHL , R  , 17.0, 14.0,   5.0,  19.0,  12.0,      ,     ,     ,     ,     ,     ,    ,      ,    5.0,   2.0,   3.0,     5.0,     3.0,        ,        ,        ,        ,        ,        ,      
pitredi01, 1919,     1, MTL , NHL , R  , 22.0, 14.0,  12.0,  26.0,   6.0,      ,     ,     ,     ,     ,     ,    ,      ,       ,      ,      ,        ,        ,        ,        ,        ,        ,        ,        ,      
pitredi01, 1920,     1, MTL , NHL , R  , 23.0, 16.0,   5.0,  21.0,  25.0,      ,     ,     ,     ,     ,     ,    ,      ,       ,      ,      ,        ,        ,        ,        ,        ,        ,        ,        ,      
pitredi01, 1921,     1, MTL , NHL , R  , 23.0,  2.0,   4.0,   6.0,  12.0,      ,     ,     ,     ,     ,     ,    ,      ,       ,      ,      ,        ,        ,        ,        ,        ,        ,        ,        ,      
pitredi01, 1922,     1, MTL , NHL , R  , 22.0,  1.0,   2.0,   3.0,   0.0,      ,     ,     ,     ,     ,     ,    ,      ,    2.0,   0.0,   0.0,     0.0,     0.0,        ,        ,        ,        ,        ,        ,      
pittido01, 1996,     1, PIT , NHL , C  ,  1.0,  0.0,   0.0,   0.0,   0.0, -1.0 ,  0.0,  0.0,  0.0,  0.0,  0.0, 0.0,   0.0,       ,      ,      ,        ,        ,        ,        ,        ,        ,        ,        ,      
pittido01, 1998,     1, BUF , NHL , C  ,  3.0,  0.0,   0.0,   0.0,   2.0, 0.0  ,  0.0,  0.0,  0.0,  0.0,  0.0, 0.0,   1.0,       ,      ,      ,        ,        ,        ,        ,        ,        ,        ,        ,      
pittido01, 1999,     1, BUF , NHL , C  ,  7.0,  1.0,   0.0,   1.0,   6.0, 1.0  ,  0.0,  0.0,  0.0,  0.0,  0.0, 0.0,   6.0,       ,      ,      ,        ,        ,        ,        ,        ,        ,        ,        ,      
pittido01, 2000,     1, EDM , NHL , C  , 47.0,  4.0,   5.0,   9.0,  49.0, -5.0 ,  0.0,  0.0,  0.0,  0.0,  2.0, 0.0,  42.0,    3.0,   0.0,   0.0,     0.0,     2.0, -1.0   ,     0.0,     0.0,     0.0,     0.0,     0.0,     1.0
pittido01, 2001,     1, EDM , NHL , L  , 22.0,  0.0,   6.0,   6.0,   8.0, -2.0 ,  0.0,  3.0,  0.0,  0.0,  0.0, 0.0,  18.0,       ,      ,      ,        ,        ,        ,        ,        ,        ,        ,        ,      
pittido01, 2002,     1, NAS , NHL , C  ,  2.0,  0.0,   0.0,   0.0,   2.0, 0.0  ,  0.0,  0.0,  0.0,  0.0,  0.0, 0.0,   1.0,       ,      ,      ,        ,        ,        ,        ,        ,        ,        ,        ,      
pittido01, 2003,     1, BUF , NHL , C  ,  4.0,  0.0,   0.0,   0.0,   4.0, -1.0 ,  0.0,  0.0,  0.0,  0.0,  0.0, 0.0,   3.0,       ,      ,      ,        ,        ,        ,        ,        ,        ,        ,        ,      
pivkoli01, 2003,     1, NAS , NHL , L  ,  1.0,  0.0,   0.0,   0.0,   0.0, 0.0  ,  0.0,  0.0,  0.0,  0.0,  0.0, 0.0,   2.0,       ,      ,      ,        ,        ,        ,        ,        ,        ,        ,        ,      
pivonmi01, 1986,     1, WAS , NHL , C  , 73.0, 18.0,  25.0,  43.0,  41.0, -19.0,  4.0,     ,  0.0,     ,  2.0, 0.0, 117.0,    7.0,   1.0,   1.0,     2.0,     2.0, 2.0    ,     0.0,        ,     0.0,        ,     0.0,    15.0
pivonmi01, 1987,     1, WAS , NHL , L  , 71.0, 11.0,  23.0,  34.0,  28.0, 1.0  ,  3.0, 10.0,  0.0,  0.0,  0.0, 0.0,  96.0,   14.0,   4.0,   9.0,    13.0,     4.0, 7.0    ,     2.0,     1.0,     0.0,     0.0,     0.0,    28.0
pivonmi01, 1988,     1, WAS , NHL , L  , 52.0,  8.0,  19.0,  27.0,  30.0, 9.0  ,  1.0,  4.0,  0.0,  0.0,  1.0, 0.0,  73.0,    6.0,   3.0,   1.0,     4.0,    10.0, 0.0    ,     0.0,     0.0,     1.0,     0.0,     0.0,    17.0
pivonmi01, 1989,     1, WAS , NHL , C  , 77.0, 25.0,  39.0,  64.0,  54.0, -7.0 , 10.0, 13.0,  3.0,  0.0,  0.0, 0.0, 149.0,   11.0,   0.0,   2.0,     2.0,     6.0, 1.0    ,     0.0,     1.0,     0.0,     0.0,     0.0,    16.0
pivonmi01, 1990,     1, WAS , NHL , C  , 79.0, 20.0,  50.0,  70.0,  34.0, 3.0  ,  6.0, 16.0,  0.0,  3.0,  4.0, 0.0, 172.0,   11.0,   2.0,   3.0,     5.0,     8.0, -6.0   ,     0.0,     3.0,     0.0,     0.0,     0.0,    26.0
pivonmi01, 1991,     1, WAS , NHL , C  , 80.0, 23.0,  57.0,  80.0,  47.0, 10.0 ,  7.0, 16.0,  4.0,  1.0,  2.0, 1.0, 177.0,    7.0,   1.0,   5.0,     6.0,    13.0, 4.0    ,     1.0,     1.0,     0.0,     0.0,     1.0,    19.0
pivonmi01, 1992,     1, WAS , NHL , C  , 69.0, 21.0,  53.0,  74.0,  66.0, 14.0 ,  6.0, 24.0,  1.0,  0.0,  5.0, 0.0, 147.0,    6.0,   0.0,   2.0,     2.0,     0.0, -3.0   ,     0.0,     1.0,     0.0,     0.0,     0.0,    12.0
pivonmi01, 1993,     1, WAS , NHL , L  , 82.0, 14.0,  36.0,  50.0,  38.0, 2.0  ,  5.0, 10.0,  0.0,  0.0,  4.0, 0.0, 138.0,    7.0,   4.0,   4.0,     8.0,     4.0, 0.0    ,     1.0,     2.0,     0.0,     0.0,     0.0,    16.0
pivonmi01, 1994,     1, WAS , NHL , C  , 46.0, 10.0,  23.0,  33.0,  50.0, 3.0  ,  4.0,  9.0,  2.0,  2.0,  2.0, 0.0,  80.0,    7.0,   1.0,   4.0,     5.0,    21.0, 2.0    ,     0.0,     1.0,     0.0,     0.0,     0.0,     9.0
pivonmi01, 1995,     1, WAS , NHL , C  , 73.0, 16.0,  65.0,  81.0,  36.0, 18.0 ,  6.0, 18.0,  2.0,  2.0,  5.0, 0.0, 168.0,    6.0,   3.0,   2.0,     5.0,    18.0, 1.0    ,     1.0,     1.0,     0.0,     0.0,     0.0,    17.0
pivonmi01, 1996,     1, WAS , NHL , C  , 54.0,  7.0,  16.0,  23.0,  22.0, -15.0,  2.0,  4.0,  0.0,  2.0,  1.0, 0.0,  83.0,       ,      ,      ,        ,        ,        ,        ,        ,        ,        ,        ,      
pivonmi01, 1997,     1, WAS , NHL , L  , 33.0,  3.0,   6.0,   9.0,  20.0, 5.0  ,  0.0,  1.0,  0.0,  0.0,  1.0, 0.0,  38.0,   13.0,   0.0,   3.0,     3.0,     0.0, 5.0    ,     0.0,     0.0,     0.0,     0.0,     0.0,    16.0
pivonmi01, 1998,     1, WAS , NHL , C  , 36.0,  5.0,   6.0,  11.0,  12.0, -6.0 ,  2.0,  1.0,  0.0,  0.0,  0.0, 0.0,  30.0,       ,      ,      ,        ,        ,        ,        ,        ,        ,        ,        ,      
pizuned01, 1975,     1, DOT , WHA , R  ,  1.0,  0.0,   0.0,   0.0,   0.0, 0.0  ,  0.0,     ,  0.0,     ,  0.0,    ,   0.0,       ,      ,      ,        ,        ,        ,        ,        ,        ,        ,        ,      
plageba01, 1967,     1, STL , NHL , D  , 49.0,  5.0,  15.0,  20.0, 153.0, 4.0  ,  2.0,     ,  0.0,     ,  1.0, 0.0,  61.0,   18.0,   2.0,   5.0,     7.0,    73.0,        ,     0.0,        ,     1.0,        ,     0.0,      
plageba01, 1968,     1, STL , NHL , D  , 61.0,  4.0,  26.0,  30.0, 120.0, 31.0 ,  0.0,     ,  0.0,     ,  1.0, 0.0,  88.0,   12.0,   0.0,   4.0,     4.0,    31.0,        ,     0.0,        ,     0.0,        ,     0.0,      
plageba01, 1969,     1, STL , NHL , D  , 75.0,  6.0,  26.0,  32.0, 128.0, 2.0  ,  1.0,     ,  1.0,     ,  1.0, 0.0,  97.0,   13.0,   0.0,   2.0,     2.0,    20.0,        ,     0.0,        ,     0.0,        ,     0.0,      
plageba01, 1970,     1, STL , NHL , D  , 69.0,  4.0,  20.0,  24.0, 172.0, 11.0 ,  1.0,     ,  0.0,     ,  0.0, 0.0,  87.0,    6.0,   0.0,   3.0,     3.0,    10.0,        ,     0.0,        ,     0.0,        ,     0.0,      
plageba01, 1971,     1, STL , NHL , D  , 78.0,  7.0,  22.0,  29.0, 176.0, 6.0  ,  1.0,     ,  2.0,     ,  0.0, 0.0, 128.0,   11.0,   1.0,   4.0,     5.0,    21.0,        ,     1.0,        ,     0.0,        ,     1.0,      
plageba01, 1972,     1, STL , NHL , D  , 68.0,  8.0,  25.0,  33.0, 102.0, 0.0  ,  3.0,     ,  0.0,     ,  2.0, 0.0, 131.0,    5.0,   0.0,   1.0,     1.0,     0.0,        ,     0.0,        ,     0.0,        ,     0.0,      
plageba01, 1973,     1, STL , NHL , D  , 72.0,  6.0,  20.0,  26.0,  99.0, -11.0,  1.0,     ,  0.0,     ,  0.0, 1.0, 104.0,       ,      ,      ,        ,        ,        ,        ,        ,        ,        ,        ,      
plageba01, 1974,     1, STL , NHL , D  , 76.0,  4.0,  24.0,  28.0,  96.0, 20.0 ,  0.0,     ,  0.0,     ,  1.0, 0.0,  88.0,    2.0,   0.0,   1.0,     1.0,    14.0,        ,     0.0,        ,     0.0,        ,     0.0,      
plageba01, 1975,     1, STL , NHL , D  , 64.0,  0.0,   8.0,   8.0,  67.0, -6.0 ,  0.0,     ,  0.0,     ,  0.0, 0.0,  32.0,    1.0,   0.0,   0.0,     0.0,    13.0,        ,     0.0,        ,     0.0,        ,     0.0,      
plageba01, 1976,     1, STL , NHL , D  ,  2.0,  0.0,   1.0,   1.0,   2.0, 1.0  ,  0.0,     ,  0.0,     ,  0.0, 0.0,   2.0,       ,      ,      ,        ,        ,        ,        ,        ,        ,        ,        ,      
plagebi01, 1967,     1, MNS , NHL , D  , 32.0,  0.0,   2.0,   2.0,  30.0, -16.0,  0.0,     ,  0.0,     ,  0.0, 0.0,  12.0,   12.0,   0.0,   2.0,     2.0,     8.0,        ,     0.0,        ,     0.0,        ,     0.0,      
plagebi01, 1968,     1, STL , NHL , D  ,  2.0,  0.0,   0.0,   0.0,   2.0, 0.0  ,  0.0,     ,  0.0,     ,  0.0, 0.0,   3.0,    4.0,   0.0,   0.0,     0.0,     4.0,        ,     0.0,        ,     0.0,        ,     0.0,      
plagebi01, 1969,     1, STL , NHL , D  , 24.0,  1.0,   4.0,   5.0,  30.0, -5.0 ,  0.0,     ,  0.0,     ,  0.0, 0.0,  23.0,    3.0,   0.0,   0.0,     0.0,     0.0,        ,     0.0,        ,     0.0,        ,     0.0,      
plagebi01, 1970,     1, STL , NHL , D  , 36.0,  0.0,   3.0,   3.0,  45.0, 0.0  ,  0.0,     ,  0.0,     ,  0.0, 0.0,  24.0,    1.0,   0.0,   0.0,     0.0,     2.0,        ,     0.0,        ,     0.0,        ,     0.0,      
plagebi01, 1971,     1, STL , NHL , D  , 65.0,  1.0,  11.0,  12.0,  64.0, -15.0,  0.0,     ,  0.0,     ,  1.0, 0.0,  63.0,   11.0,   0.0,   0.0,     0.0,    12.0,        ,     0.0,        ,     0.0,        ,     0.0,      
plagebi01, 1972,     1, ATF , NHL , D  , 76.0,  2.0,  11.0,  13.0,  92.0, -18.0,  0.0,     ,  0.0,     ,  0.0, 1.0,  60.0,       ,      ,      ,        ,        ,        ,        ,        ,        ,        ,        ,      
plagebi01, 1973,     1, MNS , NHL , D  ,  1.0,  0.0,   0.0,   0.0,   2.0, -1.0 ,  0.0,     ,  0.0,     ,  0.0, 0.0,   0.0,       ,      ,      ,        ,        ,        ,        ,        ,        ,        ,        ,      
plagebi01, 1974,     1, MNS , NHL , D  ,  7.0,  0.0,   0.0,   0.0,   8.0, -3.0 ,  0.0,     ,  0.0,     ,  0.0, 0.0,  10.0,       ,      ,      ,        ,        ,        ,        ,        ,        ,        ,        ,      
plagebi01, 1975,     1, MNS , NHL , D  , 20.0,  0.0,   3.0,   3.0,  21.0, -5.0 ,  0.0,     ,  0.0,     ,  0.0, 0.0,   9.0,       ,      ,      ,        ,        ,        ,        ,        ,        ,        ,        ,      
plagebo01, 1964,     1, NYR , NHL , D  , 10.0,  0.0,   0.0,   0.0,  18.0,      ,  0.0,     ,  0.0,     ,  0.0, 0.0,      ,       ,      ,      ,        ,        ,        ,        ,        ,        ,        ,        ,      
plagebo01, 1965,     1, NYR , NHL , D  , 18.0,  0.0,   5.0,   5.0,  22.0,      ,  0.0,     ,  0.0,     ,  0.0, 0.0,      ,       ,      ,      ,        ,        ,        ,        ,        ,        ,        ,        ,      
plagebo01, 1966,     1, NYR , NHL , D  ,  1.0,  0.0,   0.0,   0.0,   0.0,      ,  0.0,     ,  0.0,     ,  0.0, 0.0,      ,       ,      ,      ,        ,        ,        ,        ,        ,        ,        ,        ,      
plagebo01, 1967,     1, STL , NHL , D  , 53.0,  2.0,   5.0,   7.0,  86.0, -11.0,  0.0,     ,  0.0,     ,  0.0, 0.0,  52.0,   18.0,   1.0,   2.0,     3.0,    69.0,        ,     0.0,        ,     0.0,        ,     0.0,      
plagebo01, 1968,     1, STL , NHL , D  , 32.0,  0.0,   7.0,   7.0,  43.0, 10.0 ,  0.0,     ,  0.0,     ,  0.0, 0.0,  46.0,    9.0,   0.0,   4.0,     4.0,    47.0,        ,     0.0,        ,     0.0,        ,     0.0,      
plagebo01, 1969,     1, STL , NHL , D  , 64.0,  3.0,  11.0,  14.0, 113.0, 2.0  ,  0.0,     ,  0.0,     ,  0.0, 0.0,  83.0,   16.0,   0.0,   3.0,     3.0,    46.0,        ,     0.0,        ,     0.0,        ,     0.0,      
plagebo01, 1970,     1, STL , NHL , D  , 70.0,  1.0,  19.0,  20.0, 114.0, 9.0  ,  0.0,     ,  0.0,     ,  1.0, 0.0,  70.0,    6.0,   0.0,   2.0,     2.0,     4.0,        ,     0.0,        ,     0.0,        ,     0.0,      
plagebo01, 1971,     1, STL , NHL , D  , 50.0,  4.0,   7.0,  11.0,  81.0, -1.0 ,  0.0,     ,  0.0,     ,  0.0, 0.0,  59.0,   11.0,   1.0,   4.0,     5.0,     5.0,        ,     0.0,        ,     0.0,        ,     0.0,      
plagebo01, 1972,     1, STL , NHL , D  , 77.0,  2.0,  31.0,  33.0, 107.0, -1.0 ,  0.0,     ,  0.0,     ,  1.0, 0.0, 117.0,    5.0,   0.0,   2.0,     2.0,     2.0,        ,     0.0,        ,     0.0,        ,     0.0,      
plagebo01, 1973,     1, STL , NHL , D  , 61.0,  3.0,  10.0,  13.0,  48.0, 9.0  ,  0.0,     ,  1.0,     ,  1.0, 0.0,  78.0,       ,      ,      ,        ,        ,        ,        ,        ,        ,        ,        ,      
plagebo01, 1974,     1, STL , NHL , D  , 73.0,  1.0,  14.0,  15.0,  53.0, 10.0 ,  0.0,     ,  0.0,     ,  0.0, 0.0,  85.0,    2.0,   0.0,   0.0,     0.0,    20.0,        ,     0.0,        ,     0.0,        ,     0.0,      
plagebo01, 1975,     1, STL , NHL , D  , 63.0,  3.0,   8.0,  11.0,  90.0, 17.0 ,  0.0,     ,  1.0,     ,  1.0, 0.0,  43.0,    3.0,   0.0,   0.0,     0.0,     2.0,        ,     0.0,        ,     0.0,        ,     0.0,      
plagebo01, 1976,     1, STL , NHL , D  , 54.0,  1.0,   9.0,  10.0,  23.0, -9.0 ,  0.0,     ,  0.0,     ,  0.0, 0.0,  64.0,    4.0,   0.0,   0.0,     0.0,     0.0,        ,     0.0,        ,     0.0,        ,     0.0,      
plagebo01, 1977,     1, STL , NHL , D  , 18.0,  0.0,   0.0,   0.0,   4.0, -8.0 ,  0.0,     ,  0.0,     ,  0.0, 0.0,  15.0,       ,      ,      ,        ,        ,        ,        ,        ,        ,        ,        ,      
plamoge01, 1945,     1, MTL , NHL , L  ,  6.0,  0.0,   2.0,   2.0,   2.0,      ,     ,     ,     ,     ,     ,    ,      ,    1.0,   0.0,   0.0,     0.0,     0.0,        ,        ,        ,        ,        ,        ,      
plamoge01, 1947,     1, MTL , NHL , L  ,  3.0,  1.0,   1.0,   2.0,   0.0,      ,     ,     ,     ,     ,     ,    ,      ,       ,      ,      ,        ,        ,        ,        ,        ,        ,        ,        ,      
plamoge01, 1948,     1, MTL , NHL , L  , 27.0,  5.0,   5.0,  10.0,   8.0,      ,     ,     ,     ,     ,     ,    ,      ,    7.0,   5.0,   1.0,     6.0,     0.0,        ,        ,        ,        ,        ,        ,      
plamoge01, 1949,     1, MTL , NHL , L  , 37.0,  1.0,   5.0,   6.0,   0.0,      ,     ,     ,     ,     ,     ,    ,      ,    3.0,   0.0,   1.0,     1.0,     2.0,        ,        ,        ,        ,        ,        ,      
plamoge01, 1950,     1, MTL , NHL , L  ,  1.0,  0.0,   0.0,   0.0,   0.0,      ,     ,     ,     ,     ,     ,    ,      ,       ,      ,      ,        ,        ,        ,        ,        ,        ,        ,        ,      
plantal01, 2009,     1, EDM , NHL , D  ,  4.0,  0.0,   1.0,   1.0,   2.0, 1.0  ,  0.0,  0.0,  0.0,  0.0,  0.0,    ,   4.0,       ,      ,      ,        ,        ,        ,        ,        ,        ,        ,        ,      
plantca01, 1984,     1, TOR , NHL , D  ,  2.0,  0.0,   0.0,   0.0,   0.0, 0.0  ,  0.0,     ,  0.0,     ,  0.0, 0.0,   0.0,       ,      ,      ,        ,        ,        ,        ,        ,        ,        ,        ,      
plantda01, 1993,     1, NYI , NHL , R  , 12.0,  0.0,   1.0,   1.0,   4.0, -2.0 ,  0.0,  0.0,  0.0,  0.0,  0.0, 0.0,   9.0,    1.0,   1.0,   0.0,     1.0,     2.0, 0.0    ,     0.0,     0.0,     0.0,     0.0,     0.0,     3.0
plantda01, 1995,     1, NYI , NHL , L  , 73.0,  5.0,   3.0,   8.0,  50.0, -22.0,  0.0,  0.0,  2.0,  1.0,  0.0, 0.0, 103.0,       ,      ,      ,        ,        ,        ,        ,        ,        ,        ,        ,      
plantda01, 1996,     1, NYI , NHL , R  , 67.0,  4.0,   9.0,  13.0,  75.0, -6.0 ,  0.0,  0.0,  2.0,  0.0,  0.0, 0.0,  61.0,       ,      ,      ,        ,        ,        ,        ,        ,        ,        ,        ,      
plantda01, 1997,     1, NYI , NHL , R  ,  7.0,  0.0,   1.0,   1.0,   6.0, -1.0 ,  0.0,  0.0,  0.0,  0.0,  0.0, 0.0,   7.0,       ,      ,      ,        ,        ,        ,        ,        ,        ,        ,        ,      
plantde01, 1993,     1, BUF , NHL , C  , 77.0, 21.0,  35.0,  56.0,  24.0, 4.0  ,  8.0, 18.0,  1.0,  0.0,  2.0, 0.0, 147.0,    7.0,   1.0,   0.0,     1.0,     0.0, 1.0    ,     0.0,     0.0,     0.0,     0.0,     0.0,    14.0
plantde01, 1994,     1, BUF , NHL , C  , 47.0,  3.0,  19.0,  22.0,  12.0, -4.0 ,  2.0,  8.0,  0.0,  1.0,  0.0, 0.0,  94.0,       ,      ,      ,        ,        ,        ,        ,        ,        ,        ,        ,      
plantde01, 1995,     1, BUF , NHL , C  , 76.0, 23.0,  33.0,  56.0,  28.0, -4.0 ,  4.0, 10.0,  0.0,  1.0,  5.0, 0.0, 203.0,       ,      ,      ,        ,        ,        ,        ,        ,        ,        ,        ,      
plantde01, 1996,     1, BUF , NHL , C  , 82.0, 27.0,  26.0,  53.0,  24.0, 14.0 ,  5.0,  5.0,  0.0,  1.0,  6.0, 1.0, 191.0,   12.0,   4.0,   6.0,    10.0,     4.0, 4.0    ,     1.0,     2.0,     0.0,     1.0,     2.0,    26.0
plantde01, 1997,     1, BUF , NHL , C  , 72.0, 13.0,  21.0,  34.0,  26.0, 8.0  ,  5.0,  9.0,  0.0,  1.0,  1.0, 0.0, 150.0,   11.0,   0.0,   3.0,     3.0,    10.0, 1.0    ,     0.0,     2.0,     0.0,     0.0,     0.0,    13.0
plantde01, 1998,     1, BUF , NHL , C  , 41.0,  4.0,  11.0,  15.0,  12.0, 3.0  ,  0.0,  2.0,  0.0,  1.0,  0.0, 0.0,  66.0,       ,      ,      ,        ,        ,        ,        ,        ,        ,        ,        ,      
plantde01, 1998,     2, DAL , NHL , C  , 10.0,  2.0,   3.0,   5.0,   4.0, 1.0  ,  1.0,  1.0,  0.0,  0.0,  0.0, 0.0,  24.0,    6.0,   1.0,   0.0,     1.0,     4.0, 0.0    ,     0.0,     0.0,     0.0,     0.0,     0.0,     8.0
plantde01, 1999,     1, DAL , NHL , C  , 16.0,  1.0,   1.0,   2.0,   2.0, -4.0 ,  1.0,  0.0,  0.0,  0.0,  0.0, 0.0,  17.0,       ,      ,      ,        ,        ,        ,        ,        ,        ,        ,        ,      
plantde01, 1999,     2, CHI , NHL , C  , 17.0,  1.0,   1.0,   2.0,   2.0, -1.0 ,  0.0,  0.0,  0.0,  0.0,  0.0, 0.0,  14.0,       ,      ,      ,        ,        ,        ,        ,        ,        ,        ,        ,      
plantde01, 2000,     1, PHI , NHL , C  , 12.0,  1.0,   2.0,   3.0,   4.0, 0.0  ,  0.0,  0.0,  0.0,  0.0,  0.0, 0.0,  20.0,    5.0,   0.0,   1.0,     1.0,     0.0, -3.0   ,     0.0,     0.0,     0.0,     0.0,     0.0,     8.0
plantja01, 1952,     1, MTL , NHL , G  ,  3.0,  0.0,   0.0,   0.0,   0.0,      ,     ,     ,     ,     ,     ,    ,      ,    4.0,   0.0,   0.0,     0.0,     0.0,        ,        ,        ,        ,        ,        ,      
plantja01, 1953,     1, MTL , NHL , G  , 17.0,  0.0,   0.0,   0.0,   0.0,      ,     ,     ,     ,     ,     ,    ,      ,    8.0,   0.0,   0.0,     0.0,     0.0,        ,        ,        ,        ,        ,        ,      
plantja01, 1954,     1, MTL , NHL , G  , 52.0,  0.0,   0.0,   0.0,   2.0,      ,     ,     ,     ,     ,     ,    ,      ,   12.0,   0.0,   0.0,     0.0,     0.0,        ,        ,        ,        ,        ,        ,      
plantja01, 1955,     1, MTL , NHL , G  , 64.0,  0.0,   0.0,   0.0,  10.0,      ,     ,     ,     ,     ,     ,    ,      ,   10.0,   0.0,   0.0,     0.0,     2.0,        ,        ,        ,        ,        ,        ,      
plantja01, 1956,     1, MTL , NHL , G  , 61.0,  0.0,   0.0,   0.0,  16.0,      ,     ,     ,     ,     ,     ,    ,      ,   10.0,   0.0,   0.0,     0.0,     4.0,        ,        ,        ,        ,        ,        ,      
plantja01, 1957,     1, MTL , NHL , G  , 57.0,  0.0,   0.0,   0.0,  13.0,      ,     ,     ,     ,     ,     ,    ,      ,   10.0,   0.0,   0.0,     0.0,     2.0,        ,        ,        ,        ,        ,        ,      
plantja01, 1958,     1, MTL , NHL , G  , 67.0,  0.0,   1.0,   1.0,  11.0,      ,     ,     ,     ,     ,     ,    ,      ,   11.0,   0.0,   0.0,     0.0,     0.0,        ,        ,        ,        ,        ,        ,      
plantja01, 1959,     1, MTL , NHL , G  , 69.0,  0.0,   0.0,   0.0,   2.0,      ,     ,     ,     ,     ,     ,    ,      ,    8.0,   0.0,   0.0,     0.0,     0.0,        ,        ,        ,        ,        ,        ,      
plantja01, 1960,     1, MTL , NHL , G  , 40.0,  0.0,   0.0,   0.0,   2.0,      ,     ,     ,     ,     ,     ,    ,      ,    6.0,   0.0,   0.0,     0.0,     2.0,        ,        ,        ,        ,        ,     0.0,      
plantja01, 1961,     1, MTL , NHL , G  , 70.0,  0.0,   0.0,   0.0,  14.0,      ,     ,     ,     ,     ,     ,    ,      ,    6.0,   0.0,   0.0,     0.0,     0.0,        ,        ,        ,        ,        ,     0.0,      
plantja01, 1962,     1, MTL , NHL , G  , 56.0,  0.0,   1.0,   1.0,   2.0,      ,     ,     ,     ,     ,     ,    ,      ,    5.0,   0.0,   0.0,     0.0,     0.0,        ,        ,        ,        ,        ,     0.0,      
plantja01, 1963,     1, NYR , NHL , G  , 65.0,  0.0,   1.0,   1.0,   6.0,      ,  0.0,     ,  0.0,     ,  0.0, 0.0,      ,       ,      ,      ,        ,        ,        ,        ,        ,        ,        ,        ,      
plantja01, 1964,     1, NYR , NHL , G  , 33.0,  0.0,   1.0,   1.0,   6.0,      ,  0.0,     ,  0.0,     ,  0.0, 0.0,      ,       ,      ,      ,        ,        ,        ,        ,        ,        ,        ,        ,      
plantja01, 1968,     1, STL , NHL , G  , 37.0,  0.0,   0.0,   0.0,   2.0, 0.0  ,  0.0,     ,  0.0,     ,  0.0, 0.0,   0.0,   10.0,   0.0,   1.0,     1.0,     0.0,        ,     0.0,        ,     0.0,        ,     0.0,      
plantja01, 1969,     1, STL , NHL , G  , 32.0,  0.0,   2.0,   2.0,   0.0, 0.0  ,  0.0,     ,  0.0,     ,  0.0, 0.0,   0.0,    6.0,   0.0,   0.0,     0.0,     2.0,        ,     0.0,        ,     0.0,        ,     0.0,      
plantja01, 1970,     1, TOR , NHL , G  , 40.0,  0.0,   0.0,   0.0,   2.0, 0.0  ,  0.0,     ,  0.0,     ,  0.0, 0.0,   0.0,    3.0,   0.0,   0.0,     0.0,     0.0,        ,     0.0,        ,     0.0,        ,     0.0,      
plantja01, 1971,     1, TOR , NHL , G  , 34.0,  0.0,   0.0,   0.0,   2.0, 0.0  ,  0.0,     ,  0.0,     ,  0.0, 0.0,   0.0,    1.0,   0.0,   0.0,     0.0,     0.0,        ,     0.0,        ,     0.0,        ,     0.0,      
plantja01, 1972,     1, TOR , NHL , G  , 32.0,  0.0,   0.0,   0.0,   0.0, 0.0  ,  0.0,     ,  0.0,     ,  0.0, 0.0,   0.0,       ,      ,      ,        ,        ,        ,        ,        ,        ,        ,        ,      
plantja01, 1972,     2, BOS , NHL , G  ,  8.0,  0.0,   2.0,   2.0,   2.0, 0.0  ,  0.0,     ,  0.0,     ,  0.0, 0.0,   0.0,    2.0,   0.0,   0.0,     0.0,     0.0,        ,     0.0,        ,     0.0,        ,     0.0,      
plantja01, 1974,     1, EDO , WHA , G  , 31.0,  0.0,   1.0,   1.0,   2.0,      ,  0.0,     ,  0.0,     ,  0.0,    ,   0.0,       ,      ,      ,        ,        ,        ,        ,        ,        ,        ,        ,      
plantma01, 1980,     1, WIN , NHL , D  , 25.0,  1.0,   5.0,   6.0,  14.0, -10.0,  0.0,     ,  0.0,     ,  0.0, 0.0,  18.0,       ,      ,      ,        ,        ,        ,        ,        ,        ,        ,        ,      
plantmi01, 1972,     1, PHB , WHA , C  , 70.0, 13.0,  12.0,  25.0,  35.0,      ,  0.0,     ,  0.0,     ,     ,    ,      ,    4.0,   0.0,   0.0,     0.0,     2.0,        ,     0.0,        ,     0.0,        ,     0.0,      
plantmi01, 1973,     1, VAB , WHA , L  , 22.0,  3.0,   2.0,   5.0,   2.0,      ,  0.0,     ,  0.0,     ,  1.0,    ,      ,       ,      ,      ,        ,        ,        ,        ,        ,        ,        ,        ,      
plantpi01, 1971,     1, PHI , NHL , R  , 24.0,  1.0,   0.0,   1.0,  15.0, -11.0,  0.0,     ,  0.0,     ,  0.0, 0.0,  24.0,       ,      ,      ,        ,        ,        ,        ,        ,        ,        ,        ,      
plantpi01, 1972,     1, PHI , NHL , R  ,  2.0,  0.0,   3.0,   3.0,   0.0, 3.0  ,  0.0,     ,  0.0,     ,  0.0, 0.0,   5.0,       ,      ,      ,        ,        ,        ,        ,        ,        ,        ,        ,      
plantpi01, 1972,     2, STL , NHL , R  , 49.0, 12.0,  13.0,  25.0,  56.0, 8.0  ,  0.0,     ,  0.0,     ,  1.0, 2.0,  90.0,    5.0,   2.0,   0.0,     2.0,    15.0,        ,     0.0,        ,     0.0,        ,     0.0,      
plantpi01, 1973,     1, STL , NHL , R  , 78.0, 26.0,  28.0,  54.0,  85.0, -14.0,  8.0,     ,  0.0,     ,  3.0, 4.0, 151.0,       ,      ,      ,        ,        ,        ,        ,        ,        ,        ,        ,      
plantpi01, 1974,     1, STL , NHL , R  , 80.0, 34.0,  32.0,  66.0, 125.0, 16.0 ,  4.0,     ,  0.0,     ,  4.0, 0.0, 162.0,    2.0,   0.0,   0.0,     0.0,     8.0,        ,     0.0,        ,     0.0,        ,     0.0,      
plantpi01, 1975,     1, STL , NHL , R  , 74.0, 14.0,  19.0,  33.0,  77.0, -22.0,  5.0,     ,  0.0,     ,  2.0, 0.0, 125.0,    3.0,   0.0,   0.0,     0.0,     6.0,        ,     0.0,        ,     0.0,        ,     0.0,      
plantpi01, 1976,     1, STL , NHL , R  , 76.0, 18.0,  20.0,  38.0,  77.0, -4.0 ,  4.0,     ,  0.0,     ,  3.0, 2.0, 124.0,    4.0,   0.0,   0.0,     0.0,     2.0,        ,     0.0,        ,     0.0,        ,     0.0,      
plantpi01, 1977,     1, CHI , NHL , R  , 77.0, 10.0,  18.0,  28.0,  59.0, -2.0 ,  0.0,     ,  0.0,     ,  2.0, 0.0, 104.0,    1.0,   0.0,   0.0,     0.0,     0.0,        ,     0.0,        ,     0.0,        ,     0.0,      
plantpi01, 1978,     1, NYR , NHL , R  , 70.0,  6.0,  25.0,  31.0,  37.0, 11.0 ,  0.0,     ,  0.0,     ,  1.0, 0.0,  84.0,   18.0,   0.0,   6.0,     6.0,    20.0,        ,     0.0,        ,     0.0,        ,     0.0,      
plantpi01, 1979,     1, QUE , NHL , R  , 69.0,  4.0,  14.0,  18.0,  68.0, -14.0,  0.0,     ,  0.0,     ,  1.0, 0.0,  82.0,       ,      ,      ,        ,        ,        ,        ,        ,        ,        ,        ,      
plassmi01, 1970,     1, STL , NHL , G  ,  1.0,  0.0,   0.0,   0.0,   0.0, 0.0  ,  0.0,     ,  0.0,     ,  0.0, 0.0,   0.0,       ,      ,      ,        ,        ,        ,        ,        ,        ,        ,        ,      
plassmi01, 1972,     1, MTL , NHL , G  , 17.0,  0.0,   0.0,   0.0,   4.0, 0.0  ,  0.0,     ,  0.0,     ,  0.0, 0.0,   0.0,       ,      ,      ,        ,        ,        ,        ,        ,        ,        ,        ,      
plassmi01, 1973,     1, MTL , NHL , G  , 15.0,  0.0,   0.0,   0.0,   0.0, 0.0  ,  0.0,     ,  0.0,     ,  0.0, 0.0,   0.0,       ,      ,      ,        ,        ,        ,        ,        ,        ,        ,        ,      
plassmi01, 1974,     1, KCS , NHL , G  , 24.0,  0.0,   1.0,   1.0,  18.0, 0.0  ,  0.0,     ,  0.0,     ,  0.0, 0.0,   0.0,       ,      ,      ,        ,        ,        ,        ,        ,        ,        ,        ,      
plassmi01, 1974,     2, PIT , NHL , G  , 20.0,  0.0,   1.0,   1.0,   6.0, 0.0  ,  0.0,     ,  0.0,     ,  0.0, 0.0,   0.0,       ,      ,      ,        ,        ,        ,        ,        ,        ,        ,        ,      
plassmi01, 1975,     1, PIT , NHL , G  , 55.0,  0.0,   2.0,   2.0,  18.0, 0.0  ,  0.0,     ,  0.0,     ,  0.0, 0.0,   0.0,    3.0,   0.0,   0.0,     0.0,     0.0,        ,     0.0,        ,     0.0,        ,     0.0,      
plassmi01, 1976,     1, COR , NHL , G  , 54.0,  0.0,   1.0,   1.0,   0.0, 0.0  ,  0.0,     ,  0.0,     ,  0.0, 0.0,   0.0,       ,      ,      ,        ,        ,        ,        ,        ,        ,        ,        ,      
plassmi01, 1977,     1, COR , NHL , G  , 25.0,  0.0,   0.0,   0.0,  12.0, 0.0  ,  0.0,     ,  0.0,     ,  0.0, 0.0,   0.0,       ,      ,      ,        ,        ,        ,        ,        ,        ,        ,        ,      
plassmi01, 1978,     1, COR , NHL , G  , 41.0,  0.0,   2.0,   2.0,   4.0, 0.0  ,  0.0,     ,  0.0,     ,  0.0, 0.0,   0.0,       ,      ,      ,        ,        ,        ,        ,        ,        ,        ,        ,      
plassmi01, 1979,     1, COR , NHL , G  ,  6.0,  0.0,   0.0,   0.0,   0.0, 0.0  ,  0.0,     ,  0.0,     ,  0.0, 0.0,   0.0,       ,      ,      ,        ,        ,        ,        ,        ,        ,        ,        ,      
plassmi01, 1980,     1, QUE , NHL , G  , 33.0,  0.0,   1.0,   1.0,   0.0, 0.0  ,  0.0,     ,  0.0,     ,  0.0, 0.0,   0.0,    1.0,   0.0,   0.0,     0.0,     0.0,        ,     0.0,        ,     0.0,        ,     0.0,      
plassmi01, 1981,     1, QUE , NHL , G  ,  8.0,  0.0,   1.0,   1.0,   0.0, 0.0  ,  0.0,     ,  0.0,     ,  0.0, 0.0,   0.0,       ,      ,      ,        ,        ,        ,        ,        ,        ,        ,        ,      
plattge01, 2005,     1, CBS , NHL , C  , 15.0,  0.0,   5.0,   5.0,  16.0, -4.0 ,  0.0,  1.0,  0.0,  0.0,  0.0,    ,  29.0,       ,      ,      ,        ,        ,        ,        ,        ,        ,        ,        ,      
plattge01, 2006,     1, CBS , NHL , C  , 26.0,  4.0,   5.0,   9.0,  10.0, 1.0  ,  0.0,  1.0,  0.0,  0.0,  0.0,    ,  40.0,       ,      ,      ,        ,        ,        ,        ,        ,        ,        ,        ,      
plattge01, 2007,     1, AND , NHL , C  ,  5.0,  0.0,   0.0,   0.0,   2.0, 2.0  ,  0.0,  0.0,  0.0,  0.0,  0.0,    ,   4.0,       ,      ,      ,        ,        ,        ,        ,        ,        ,        ,        ,      
plavsad01, 1989,     1, STL , NHL , D  ,  4.0,  0.0,   1.0,   1.0,   2.0, 3.0  ,  0.0,  0.0,  0.0,  0.0,  0.0, 0.0,   1.0,       ,      ,      ,        ,        ,        ,        ,        ,        ,        ,        ,      
plavsad01, 1989,     2, VAN , NHL , D  , 11.0,  3.0,   2.0,   5.0,   8.0, -2.0 ,  2.0,  0.0,  0.0,  0.0,  0.0, 0.0,  13.0,       ,      ,      ,        ,        ,        ,        ,        ,        ,        ,        ,      
plavsad01, 1990,     1, VAN , NHL , D  , 48.0,  2.0,  10.0,  12.0,  62.0, -23.0,  0.0,  6.0,  0.0,  0.0,  0.0, 0.0,  69.0,       ,      ,      ,        ,        ,        ,        ,        ,        ,        ,        ,      
plavsad01, 1991,     1, VAN , NHL , D  , 16.0,  1.0,   9.0,  10.0,  14.0, 4.0  ,  0.0,  4.0,  0.0,  0.0,  0.0, 1.0,  21.0,   13.0,   1.0,   7.0,     8.0,     4.0, 6.0    ,     0.0,     2.0,     0.0,     0.0,     0.0,    20.0
plavsad01, 1992,     1, VAN , NHL , D  , 57.0,  6.0,  21.0,  27.0,  53.0, 28.0 ,  5.0,  9.0,  0.0,  1.0,  2.0, 0.0,  62.0,       ,      ,      ,        ,        ,        ,        ,        ,        ,        ,        ,      
plavsad01, 1993,     1, VAN , NHL , D  , 47.0,  1.0,   9.0,  10.0,   6.0, -5.0 ,  0.0,  4.0,  0.0,  0.0,  1.0, 0.0,  41.0,       ,      ,      ,        ,        ,        ,        ,        ,        ,        ,        ,      
plavsad01, 1994,     1, VAN , NHL , D  ,  3.0,  0.0,   1.0,   1.0,   4.0, 3.0  ,  0.0,  0.0,  0.0,  0.0,  0.0, 0.0,  11.0,       ,      ,      ,        ,        ,        ,        ,        ,        ,        ,        ,      
plavsad01, 1994,     2, TBL , NHL , D  , 15.0,  2.0,   1.0,   3.0,   4.0, 5.0  ,  0.0,  0.0,  0.0,  0.0,  0.0, 0.0,  24.0,       ,      ,      ,        ,        ,        ,        ,        ,        ,        ,        ,      
plavsad01, 1995,     1, TBL , NHL , D  ,  7.0,  1.0,   2.0,   3.0,   6.0, 5.0  ,  0.0,  0.0,  0.0,  0.0,  0.0, 0.0,   4.0,       ,      ,      ,        ,        ,        ,        ,        ,        ,        ,        ,      
plavsad01, 1996,     1, ANA , NHL , D  ,  6.0,  0.0,   0.0,   0.0,   2.0, -5.0 ,  0.0,  0.0,  0.0,  0.0,  0.0, 0.0,   3.0,       ,      ,      ,        ,        ,        ,        ,        ,        ,        ,        ,      
plaxthu01, 1932,     1, MTM , NHL , L  , 15.0,  1.0,   2.0,   3.0,   4.0,      ,     ,     ,     ,     ,     ,    ,      ,       ,      ,      ,        ,        ,        ,        ,        ,        ,        ,        ,      
playfji01, 1983,     1, EDM , NHL , D  ,  2.0,  1.0,   1.0,   2.0,   2.0, 4.0  ,  0.0,     ,  0.0,     ,  0.0, 0.0,   2.0,       ,      ,      ,        ,        ,        ,        ,        ,        ,        ,        ,      
playfji01, 1987,     1, CHI , NHL , D  , 12.0,  1.0,   3.0,   4.0,  21.0, 4.0  ,  1.0,  1.0,  0.0,  0.0,  0.0, 0.0,  11.0,       ,      ,      ,        ,        ,        ,        ,        ,        ,        ,        ,      
playfji01, 1988,     1, CHI , NHL , D  ,  7.0,  0.0,   0.0,   0.0,  28.0, 1.0  ,  0.0,  0.0,  0.0,  0.0,  0.0, 0.0,   1.0,       ,      ,      ,        ,        ,        ,        ,        ,        ,        ,        ,      
playfla01, 1978,     1, BUF , NHL , D  , 26.0,  0.0,   3.0,   3.0,  60.0, 1.0  ,  0.0,     ,  0.0,     ,  0.0, 0.0,  12.0,       ,      ,      ,        ,        ,        ,        ,        ,        ,        ,        ,      
playfla01, 1979,     1, BUF , NHL , D  , 79.0,  2.0,  10.0,  12.0, 145.0, 13.0 ,  0.0,     ,  0.0,     ,  0.0, 0.0,  32.0,   14.0,   0.0,   2.0,     2.0,    29.0,        ,     0.0,        ,     0.0,        ,     0.0,      
playfla01, 1980,     1, BUF , NHL , D  , 75.0,  3.0,   9.0,  12.0, 169.0, 4.0  ,  0.0,     ,  0.0,     ,  1.0, 0.0,  54.0,    8.0,   0.0,   0.0,     0.0,    26.0,        ,     0.0,        ,     0.0,        ,     0.0,      
playfla01, 1981,     1, BUF , NHL , D  , 77.0,  6.0,  10.0,  16.0, 258.0, -5.0 ,  0.0,     ,  0.0,     ,  0.0, 3.0,  68.0,    4.0,   0.0,   0.0,     0.0,    22.0,        ,     0.0,        ,     0.0,        ,     0.0,      
playfla01, 1982,     1, BUF , NHL , D  , 79.0,  4.0,  13.0,  17.0, 180.0, 5.0  ,  0.0,     ,  0.0,     ,  0.0, 0.0,  75.0,    5.0,   0.0,   1.0,     1.0,    11.0,        ,     0.0,        ,     0.0,        ,     0.0,      
playfla01, 1983,     1, BUF , NHL , D  , 76.0,  5.0,  11.0,  16.0, 211.0, 4.0  ,  0.0,     ,  0.0,     ,  0.0, 2.0,  67.0,    3.0,   0.0,   0.0,     0.0,     0.0, -1.0   ,     0.0,        ,     0.0,        ,     0.0,     0.0
playfla01, 1984,     1, BUF , NHL , D  , 72.0,  3.0,  14.0,  17.0, 157.0, -3.0 ,  0.0,     ,  0.0,     ,  1.0, 0.0,  64.0,    5.0,   0.0,   3.0,     3.0,     9.0, 2.0    ,     0.0,        ,     0.0,        ,     0.0,     2.0
playfla01, 1985,     1, BUF , NHL , D  , 47.0,  1.0,   2.0,   3.0, 100.0, -8.0 ,  0.0,     ,  0.0,     ,  0.0, 0.0,  35.0,       ,      ,      ,        ,        ,        ,        ,        ,        ,        ,        ,      
playfla01, 1985,     2, LAK , NHL , D  , 14.0,  0.0,   1.0,   1.0,  26.0, -14.0,  0.0,     ,  0.0,     ,  0.0, 0.0,   6.0,       ,      ,      ,        ,        ,        ,        ,        ,        ,        ,        ,      
playfla01, 1986,     1, LAK , NHL , D  , 37.0,  2.0,   7.0,   9.0, 181.0, -1.0 ,  0.0,     ,  0.0,     ,  0.0, 0.0,  20.0,       ,      ,      ,        ,        ,        ,        ,        ,        ,        ,        ,      
playfla01, 1987,     1, LAK , NHL , D  , 54.0,  0.0,   7.0,   7.0, 197.0, -13.0,  0.0,  0.0,  0.0,  0.0,  0.0, 0.0,  20.0,    3.0,   0.0,   0.0,     0.0,    14.0, -1.0   ,     0.0,     0.0,     0.0,     0.0,     0.0,     1.0
playfla01, 1988,     1, LAK , NHL , D  ,  6.0,  0.0,   3.0,   3.0,  16.0, 3.0  ,  0.0,  0.0,  0.0,     ,  0.0, 0.0,   4.0,       ,      ,      ,        ,        ,        ,        ,        ,        ,        ,        ,      
playfla01, 1988,     2, BUF , NHL , D  , 42.0,  0.0,   3.0,   3.0, 110.0, -10.0,  0.0,  0.0,  0.0,     ,  0.0, 0.0,   6.0,    1.0,   0.0,   0.0,     0.0,     0.0, 0.0    ,     0.0,     0.0,     0.0,     0.0,     0.0,     0.0
playfla01, 1989,     1, BUF , NHL , D  ,  4.0,  0.0,   1.0,   1.0,   2.0, -2.0 ,  0.0,  0.0,  0.0,  0.0,  0.0, 0.0,   0.0,       ,      ,      ,        ,        ,        ,        ,        ,        ,        ,        ,      
pleaula01, 1969,     1, MTL , NHL , C  , 20.0,  1.0,   0.0,   1.0,   0.0, -1.0 ,  0.0,     ,  1.0,     ,  0.0, 0.0,  19.0,       ,      ,      ,        ,        ,        ,        ,        ,        ,        ,        ,      
pleaula01, 1970,     1, MTL , NHL , C  , 19.0,  1.0,   5.0,   6.0,   8.0, -8.0 ,  0.0,     ,  0.0,     ,  1.0, 0.0,  24.0,       ,      ,      ,        ,        ,        ,        ,        ,        ,        ,        ,      
pleaula01, 1971,     1, MTL , NHL , C  , 55.0,  7.0,  10.0,  17.0,  14.0, 4.0  ,  0.0,     ,  0.0,     ,  2.0, 2.0,  67.0,    4.0,   0.0,   0.0,     0.0,     0.0,        ,     0.0,        ,     0.0,        ,     0.0,      
pleaula01, 1972,     1, NEW , WHA , L  , 78.0, 39.0,  48.0,  87.0,  42.0,      , 10.0,     ,  0.0,     ,  4.0,    ,      ,   15.0,  12.0,   7.0,    19.0,    15.0,        ,     4.0,        ,     1.0,        ,     2.0,      
pleaula01, 1973,     1, NEW , WHA , L  , 77.0, 26.0,  43.0,  69.0,  35.0,      ,  5.0,     ,  0.0,     ,  4.0,    ,      ,    2.0,   2.0,   0.0,     2.0,     0.0,        ,        ,        ,        ,        ,     0.0,      
pleaula01, 1974,     1, NEW , WHA , L  , 78.0, 30.0,  34.0,  64.0,  50.0, 3.0  ,  6.0,     ,  0.0,     ,     ,    , 208.0,    6.0,   2.0,   3.0,     5.0,    19.0,        ,        ,        ,        ,        ,     0.0,      
pleaula01, 1975,     1, NEW , WHA , L  , 75.0, 29.0,  45.0,  74.0,  21.0, 1.0  , 12.0,     ,  2.0,     ,  4.0,    , 192.0,   14.0,   5.0,   7.0,    12.0,     0.0, 5.0    ,        ,        ,        ,        ,        ,      
pleaula01, 1976,     1, NEW , WHA , L  , 78.0, 11.0,  21.0,  32.0,  22.0, -17.0,  0.0,     ,  0.0,     ,     ,    , 146.0,    5.0,   1.0,   0.0,     1.0,     0.0, -4.0   ,        ,        ,        ,        ,     0.0,      
pleaula01, 1977,     1, NEW , WHA , L  , 54.0, 16.0,  18.0,  34.0,   4.0, 12.0 ,  2.0,     ,  0.0,     ,     ,    ,  91.0,   14.0,   5.0,   4.0,     9.0,     8.0, -2.0   ,        ,        ,        ,        ,     1.0,      
pleaula01, 1978,     1, NEW , WHA , L  , 28.0,  6.0,   6.0,  12.0,   6.0, -8.0 ,  0.0,     ,  1.0,     ,     ,    ,  42.0,   10.0,   2.0,   1.0,     3.0,     0.0, -5.0   ,        ,        ,        ,        ,     0.0,      
plekato01, 2003,     1, MTL , NHL , L  ,  2.0,  0.0,   0.0,   0.0,   0.0, 0.0  ,  0.0,  0.0,  0.0,  0.0,  0.0, 0.0,   0.0,       ,      ,      ,        ,        ,        ,        ,        ,        ,        ,        ,      
plekato01, 2005,     1, MTL , NHL , L  , 67.0,  9.0,  20.0,  29.0,  32.0, 4.0  ,  1.0,  5.0,  0.0,  3.0,  0.0,    ,  99.0,    6.0,   0.0,   4.0,     4.0,     6.0, 2.0    ,     0.0,     0.0,     0.0,     0.0,     0.0,    11.0
plekato01, 2006,     1, MTL , NHL , C  , 81.0, 20.0,  27.0,  47.0,  36.0, 10.0 ,  5.0,  9.0,  2.0,  2.0,  1.0,    , 150.0,       ,      ,      ,        ,        ,        ,        ,        ,        ,        ,        ,      
plekato01, 2007,     1, MTL , NHL , C  , 81.0, 29.0,  40.0,  69.0,  42.0, 15.0 , 12.0, 13.0,  2.0,  1.0,  6.0,    , 186.0,   12.0,   4.0,   5.0,     9.0,     2.0, -1.0   ,     2.0,     1.0,     0.0,     1.0,     0.0,    40.0
plekato01, 2008,     1, MTL , NHL , C  , 80.0, 20.0,  19.0,  39.0,  54.0, -9.0 ,  6.0,  6.0,  3.0,  0.0,  2.0,    , 202.0,    3.0,   0.0,   0.0,     0.0,     4.0, -5.0   ,     0.0,     0.0,     0.0,     0.0,     0.0,     1.0
plekato01, 2009,     1, MTL , NHL , C  , 82.0, 25.0,  45.0,  70.0,  50.0, 5.0  ,  3.0, 21.0,  1.0,  0.0,  4.0,    , 216.0,   19.0,   4.0,   7.0,    11.0,    20.0, -4.0   ,     1.0,     1.0,     0.0,     0.0,     1.0,    39.0
pletkva01, 2001,     1, PHI , NHL , L  ,  1.0,  0.0,   0.0,   0.0,   0.0, 0.0  ,  0.0,  0.0,  0.0,  0.0,  0.0, 0.0,   2.0,       ,      ,      ,        ,        ,        ,        ,        ,        ,        ,        ,      
pletsch01, 1920,     1, HAM , NHL , F  ,  1.0,  0.0,   0.0,   0.0,   0.0,      ,     ,     ,     ,     ,     ,    ,      ,       ,      ,      ,        ,        ,        ,        ,        ,        ,        ,        ,      
plettwi01, 1975,     1, ATF , NHL , R  ,  4.0,  0.0,   0.0,   0.0,   0.0, 0.0  ,  0.0,     ,  0.0,     ,  0.0, 0.0,   5.0,       ,      ,      ,        ,        ,        ,        ,        ,        ,        ,        ,      
plettwi01, 1976,     1, ATF , NHL , R  , 64.0, 33.0,  23.0,  56.0, 123.0, 15.0 ,  5.0,     ,  0.0,     ,  6.0, 1.0, 156.0,    3.0,   1.0,   0.0,     1.0,    19.0,        ,     0.0,        ,     0.0,        ,     0.0,      
plettwi01, 1977,     1, ATF , NHL , R  , 78.0, 22.0,  21.0,  43.0, 171.0, -6.0 ,  2.0,     ,  0.0,     ,  3.0, 1.0, 191.0,       ,      ,      ,        ,        ,        ,        ,        ,        ,        ,        ,      
plettwi01, 1978,     1, ATF , NHL , R  , 74.0, 23.0,  20.0,  43.0, 213.0, 13.0 ,  0.0,     ,  0.0,     ,  4.0, 0.0, 164.0,    2.0,   1.0,   0.0,     1.0,    29.0,        ,     0.0,        ,     0.0,        ,     0.0,      
plettwi01, 1979,     1, ATF , NHL , R  , 76.0, 13.0,  19.0,  32.0, 231.0, -4.0 ,  0.0,     ,  0.0,     ,  2.0, 3.0, 119.0,    4.0,   1.0,   0.0,     1.0,    15.0,        ,     1.0,        ,     0.0,        ,     0.0,      
plettwi01, 1980,     1, CAL , NHL , R  , 78.0, 38.0,  30.0,  68.0, 239.0, 5.0  ,  8.0,     ,  0.0,     ,  4.0, 1.0, 159.0,   15.0,   8.0,   4.0,    12.0,    89.0,        ,     5.0,        ,     0.0,        ,     3.0,      
plettwi01, 1981,     1, CAL , NHL , R  , 78.0, 21.0,  36.0,  57.0, 288.0, -22.0,  5.0,     ,  0.0,     ,  2.0, 0.0, 152.0,    3.0,   1.0,   2.0,     3.0,    39.0,        ,     1.0,        ,     0.0,        ,     0.0,      
plettwi01, 1982,     1, MNS , NHL , R  , 71.0, 25.0,  14.0,  39.0, 170.0, -12.0,  8.0,     ,  0.0,     ,  3.0, 2.0, 125.0,    9.0,   1.0,   3.0,     4.0,    38.0,        ,     0.0,        ,     0.0,        ,     0.0,      
plettwi01, 1983,     1, MNS , NHL , R  , 73.0, 15.0,  23.0,  38.0, 316.0, -6.0 ,  1.0,     ,  0.0,     ,  1.0, 1.0, 103.0,   16.0,   6.0,   2.0,     8.0,    51.0, -2.0   ,     1.0,        ,     0.0,        ,     0.0,    30.0
plettwi01, 1984,     1, MNS , NHL , R  , 47.0, 14.0,  14.0,  28.0, 157.0, 4.0  ,  1.0,     ,  0.0,     ,  1.0, 0.0,  83.0,    9.0,   3.0,   6.0,     9.0,    67.0, 0.0    ,     1.0,        ,     0.0,        ,     0.0,    14.0
plettwi01, 1985,     1, MNS , NHL , R  , 59.0, 10.0,   7.0,  17.0, 231.0, -20.0,  4.0,     ,  0.0,     ,  0.0, 0.0,  72.0,    5.0,   0.0,   1.0,     1.0,    45.0, 1.0    ,     0.0,        ,     0.0,        ,     0.0,     2.0
plettwi01, 1986,     1, MNS , NHL , R  , 67.0,  6.0,   5.0,  11.0, 263.0, 1.0  ,  0.0,     ,  0.0,     ,  1.0, 0.0,  50.0,       ,      ,      ,        ,        ,        ,        ,        ,        ,        ,        ,      
plettwi01, 1987,     1, BOS , NHL , R  , 65.0,  2.0,   3.0,   5.0, 170.0, -10.0,  1.0,  1.0,  0.0,  0.0,  0.0, 0.0,  29.0,   17.0,   2.0,   4.0,     6.0,    74.0, 5.0    ,     0.0,     0.0,     0.0,     0.0,     1.0,    16.0
plihato01, 2006,     1, SJS , NHL , C  ,  3.0,  0.0,   0.0,   0.0,   0.0, 0.0  ,  0.0,  0.0,  0.0,  0.0,  0.0,    ,  10.0,       ,      ,      ,        ,        ,        ,        ,        ,        ,        ,        ,      
plihato01, 2007,     1, SJS , NHL , C  , 22.0,  2.0,   1.0,   3.0,   4.0, 4.0  ,  0.0,  0.0,  0.0,  0.0,  0.0,    ,  34.0,    4.0,   0.0,   0.0,     0.0,     0.0, 1.0    ,     0.0,     0.0,     0.0,     0.0,     0.0,     9.0
plihato01, 2008,     1, SJS , NHL , L  , 64.0,  5.0,   8.0,  13.0,  22.0, -4.0 ,  0.0,  0.0,  1.0,  0.0,  1.0,    ,  79.0,       ,      ,      ,        ,        ,        ,        ,        ,        ,        ,        ,      
plumbro01, 1977,     1, DET , NHL , L  ,  7.0,  2.0,   1.0,   3.0,   0.0, -4.0 ,  1.0,     ,  0.0,     ,  0.0, 1.0,   7.0,       ,      ,      ,        ,        ,        ,        ,        ,        ,        ,        ,      
plumbro01, 1978,     1, DET , NHL , L  ,  7.0,  1.0,   1.0,   2.0,   2.0, -1.0 ,  0.0,     ,  0.0,     ,  0.0, 0.0,   4.0,       ,      ,      ,        ,        ,        ,        ,        ,        ,        ,        ,      
plumbro02, 1972,     1, PHB , WHA , D  , 78.0, 10.0,  41.0,  51.0,  66.0,      ,  6.0,     ,  0.0,     ,     ,    ,      ,    4.0,   0.0,   2.0,     2.0,    13.0,        ,     0.0,        ,     0.0,        ,     0.0,      
plumbro02, 1973,     1, VAB , WHA , D  , 75.0,  6.0,  32.0,  38.0,  40.0,      ,  1.0,     ,  0.0,     ,  1.0,    ,      ,       ,      ,      ,        ,        ,        ,        ,        ,        ,        ,        ,      
plumbro02, 1974,     1, SDM , WHA , D  , 78.0, 10.0,  38.0,  48.0,  56.0, 18.0 ,  1.0,     ,  1.0,     ,     ,    , 215.0,   10.0,   2.0,   3.0,     5.0,    19.0,        ,        ,        ,        ,        ,     0.0,      
plumbro02, 1975,     1, CIN , WHA , D  , 80.0, 10.0,  36.0,  46.0,  31.0, -8.0 ,  6.0,     ,  0.0,     ,  3.0,    , 287.0,       ,      ,      ,        ,        ,        ,        ,        ,        ,        ,        ,      
plumbro02, 1976,     1, CIN , WHA , D  , 79.0, 11.0,  58.0,  69.0,  52.0, 64.0 ,  1.0,     ,  0.0,     ,  2.0,    , 223.0,    4.0,   1.0,   2.0,     3.0,     0.0, -3.0   ,        ,        ,        ,        ,     0.0,      
plumbro02, 1977,     1, CIN , WHA , D  , 54.0, 13.0,  34.0,  47.0,  45.0, -18.0,  8.0,     ,  0.0,     ,     ,    , 150.0,       ,      ,      ,        ,        ,        ,        ,        ,        ,        ,        ,      
plumbro02, 1977,     2, NEW , WHA , D  , 27.0,  1.0,   9.0,  10.0,  18.0, 6.0  ,  0.0,     ,  0.0,     ,     ,    ,  74.0,   14.0,   1.0,   5.0,     6.0,    16.0, 2.0    ,        ,        ,        ,        ,     1.0,      
plumbro02, 1978,     1, NEW , WHA , D  , 78.0,  4.0,  16.0,  20.0,  33.0, 5.0  ,  0.0,     ,  0.0,     ,     ,    , 108.0,    9.0,   1.0,   3.0,     4.0,     0.0, 2.0    ,        ,        ,        ,        ,     0.0,      
plumbro02, 1979,     1, HAR , NHL , D  , 26.0,  3.0,   4.0,   7.0,  14.0, 10.0 ,  0.0,     ,  0.0,     ,  0.0, 0.0,  38.0,       ,      ,      ,        ,        ,        ,        ,        ,        ,        ,        ,      
poapsst01, 1995,     1, WAS , NHL , D  ,  3.0,  1.0,   0.0,   1.0,   0.0, -1.0 ,  0.0,  0.0,  0.0,  0.0,  1.0, 0.0,   2.0,    6.0,   0.0,   0.0,     0.0,     0.0, 0.0    ,     0.0,     0.0,     0.0,     0.0,     0.0,     6.0
poapsst01, 1998,     1, WAS , NHL , D  , 22.0,  0.0,   0.0,   0.0,   8.0, -8.0 ,  0.0,  0.0,  0.0,  0.0,  0.0, 0.0,  11.0,       ,      ,      ,        ,        ,        ,        ,        ,        ,        ,        ,      
poapsst01, 2000,     1, CHI , NHL , D  , 36.0,  2.0,   3.0,   5.0,  12.0, 3.0  ,  0.0,  1.0,  0.0,  1.0,  0.0, 0.0,  27.0,       ,      ,      ,        ,        ,        ,        ,        ,        ,        ,        ,      
poapsst01, 2001,     1, CHI , NHL , D  , 56.0,  1.0,   7.0,   8.0,  30.0, 6.0  ,  0.0,  0.0,  0.0,  0.0,  0.0, 0.0,  48.0,    5.0,   0.0,   0.0,     0.0,     0.0, -2.0   ,     0.0,     0.0,     0.0,     0.0,     0.0,     8.0
poapsst01, 2002,     1, CHI , NHL , D  , 75.0,  2.0,  11.0,  13.0,  50.0, 14.0 ,  0.0,  0.0,  0.0,  1.0,  0.0, 0.0,  49.0,       ,      ,      ,        ,        ,        ,        ,        ,        ,        ,        ,      
poapsst01, 2003,     1, CHI , NHL , D  , 53.0,  2.0,   2.0,   4.0,  26.0, -16.0,  0.0,  0.0,  0.0,  0.0,  1.0, 0.0,  55.0,       ,      ,      ,        ,        ,        ,        ,        ,        ,        ,        ,      
poapsst01, 2005,     1, PIT , NHL , D  , 21.0,  0.0,   4.0,   4.0,  10.0, -5.0 ,  0.0,  0.0,  0.0,  0.0,  0.0,    ,   4.0,       ,      ,      ,        ,        ,        ,        ,        ,        ,        ,        ,      
poapsst01, 2005,     2, STL , NHL , D  , 41.0,  0.0,   1.0,   1.0,  37.0, -21.0,  0.0,  0.0,  0.0,  0.0,  0.0,    ,  19.0,       ,      ,      ,        ,        ,        ,        ,        ,        ,        ,        ,      
pockth01 , 2003,     1, NYR , NHL , D  ,  6.0,  2.0,   2.0,   4.0,   0.0, -4.0 ,  0.0,  2.0,  0.0,  0.0,  0.0, 0.0,   8.0,       ,      ,      ,        ,        ,        ,        ,        ,        ,        ,        ,      
pockth01 , 2005,     1, NYR , NHL , D  ,  8.0,  1.0,   1.0,   2.0,   4.0, -3.0 ,  0.0,  0.0,  0.0,  0.0,  0.0,    ,  15.0,       ,      ,      ,        ,        ,        ,        ,        ,        ,        ,        ,      
pockth01 , 2006,     1, NYR , NHL , D  , 44.0,  4.0,   4.0,   8.0,  16.0, -4.0 ,  0.0,  2.0,  0.0,  0.0,  0.0,    ,  76.0,    4.0,   0.0,   3.0,     3.0,     4.0, 0.0    ,     0.0,     1.0,     0.0,     0.0,     0.0,     4.0
pockth01 , 2007,     1, NYR , NHL , D  ,  1.0,  0.0,   0.0,   0.0,   0.0, -2.0 ,  0.0,  0.0,  0.0,  0.0,  0.0,    ,   2.0,       ,      ,      ,        ,        ,        ,        ,        ,        ,        ,        ,      
pockth01 , 2008,     1, NYI , NHL , D  , 59.0,  1.0,   2.0,   3.0,  35.0, -17.0,  0.0,  0.0,  0.0,  1.0,  0.0,    ,  51.0,       ,      ,      ,        ,        ,        ,        ,        ,        ,        ,        ,      
poczaha01, 1979,     1, WAS , NHL , L  ,  1.0,  0.0,   0.0,   0.0,   0.0, 0.0  ,  0.0,     ,  0.0,     ,  0.0, 0.0,   2.0,       ,      ,      ,        ,        ,        ,        ,        ,        ,        ,        ,      
poczaha01, 1981,     1, WAS , NHL , L  ,  2.0,  0.0,   0.0,   0.0,   2.0, -2.0 ,  0.0,     ,  0.0,     ,  0.0, 0.0,   1.0,       ,      ,      ,        ,        ,        ,        ,        ,        ,        ,        ,      
podduwa01, 1981,     1, EDM , NHL , C  ,  4.0,  0.0,   0.0,   0.0,   0.0, -1.0 ,  0.0,     ,  0.0,     ,  0.0, 0.0,   2.0,       ,      ,      ,        ,        ,        ,        ,        ,        ,        ,        ,      
podduwa01, 1981,     2, TOR , NHL , C  , 11.0,  3.0,   4.0,   7.0,   8.0, 0.0  ,  1.0,     ,  0.0,     ,  0.0, 0.0,  22.0,       ,      ,      ,        ,        ,        ,        ,        ,        ,        ,        ,      
podduwa01, 1982,     1, TOR , NHL , C  , 72.0, 28.0,  31.0,  59.0,  71.0, 8.0  ,  9.0,     ,  0.0,     ,  3.0, 1.0, 163.0,    4.0,   3.0,   1.0,     4.0,     0.0,        ,     2.0,        ,     0.0,        ,     1.0,      
podduwa01, 1983,     1, TOR , NHL , L  , 38.0, 11.0,  14.0,  25.0,  48.0, -13.0,  4.0,     ,  0.0,     ,  0.0, 0.0,  77.0,       ,      ,      ,        ,        ,        ,        ,        ,        ,        ,        ,      
podduwa01, 1984,     1, TOR , NHL , L  , 32.0,  5.0,  15.0,  20.0,  26.0, 1.0  ,  1.0,     ,  0.0,     ,  0.0, 0.0,  51.0,       ,      ,      ,        ,        ,        ,        ,        ,        ,        ,        ,      
podduwa01, 1985,     1, TOR , NHL , L  , 33.0, 12.0,  22.0,  34.0,  25.0, 6.0  ,  5.0,     ,  0.0,     ,  1.0, 0.0,  76.0,    9.0,   4.0,   1.0,     5.0,     4.0, 0.0    ,     0.0,        ,     0.0,        ,     3.0,    22.0
podduwa01, 1986,     1, NYR , NHL , C  , 75.0, 40.0,  47.0,  87.0,  49.0, 16.0 , 11.0,     ,  0.0,     ,  5.0, 2.0, 253.0,    6.0,   0.0,   0.0,     0.0,     8.0, -7.0   ,     0.0,        ,     0.0,        ,     0.0,    14.0
podduwa01, 1987,     1, NYR , NHL , C  , 77.0, 38.0,  50.0,  88.0,  76.0, 2.0  , 13.0, 27.0,  0.0,  0.0,  4.0, 1.0, 202.0,       ,      ,      ,        ,        ,        ,        ,        ,        ,        ,        ,      
podduwa01, 1988,     1, QUE , NHL , R  , 72.0, 38.0,  37.0,  75.0, 107.0, -18.0, 14.0, 16.0,  0.0,  1.0,  2.0, 2.0, 197.0,       ,      ,      ,        ,        ,        ,        ,        ,        ,        ,        ,      
podduwa01, 1989,     1, NJD , NHL , L  , 33.0,  4.0,  10.0,  14.0,  28.0, -4.0 ,  1.0,  4.0,  0.0,  0.0,  0.0, 1.0,  50.0,       ,      ,      ,        ,        ,        ,        ,        ,        ,        ,        ,      
podduwa01, 1990,     1, NJD , NHL , L  , 14.0,  4.0,   6.0,  10.0,  10.0, 8.0  ,  0.0,  1.0,  0.0,  0.0,  0.0, 0.0,  22.0,       ,      ,      ,        ,        ,        ,        ,        ,        ,        ,        ,      
podduwa01, 1991,     1, NJD , NHL , L  ,  7.0,  1.0,   2.0,   3.0,   6.0, -1.0 ,  0.0,  1.0,  0.0,  0.0,  0.0, 0.0,   9.0,       ,      ,      ,        ,        ,        ,        ,        ,        ,        ,        ,      
podeish01, 1992,     1, EDM , NHL , C  , 40.0, 13.0,   6.0,  19.0,  25.0, -2.0 ,  2.0,  1.0,  1.0,  0.0,  1.0, 0.0,  64.0,       ,      ,      ,        ,        ,        ,        ,        ,        ,        ,        ,      
podeish01, 1993,     1, EDM , NHL , R  , 28.0,  3.0,   5.0,   8.0,   8.0, 3.0  ,  0.0,  0.0,  0.0,  0.0,  0.0, 0.0,  26.0,       ,      ,      ,        ,        ,        ,        ,        ,        ,        ,        ,      
podeish01, 1994,     1, PHI , NHL , L  , 44.0,  3.0,   7.0,  10.0,  33.0, -2.0 ,  0.0,  0.0,  0.0,  1.0,  1.0, 0.0,  48.0,   15.0,   1.0,   3.0,     4.0,    10.0, 2.0    ,     0.0,     0.0,     0.0,     0.0,     0.0,    10.0
podeish01, 1995,     1, PHI , NHL , L  , 79.0, 15.0,  10.0,  25.0,  89.0, 25.0 ,  0.0,  1.0,  4.0,  1.0,  4.0, 0.0, 115.0,   12.0,   1.0,   2.0,     3.0,    50.0, 2.0    ,     0.0,     0.0,     0.0,     0.0,     1.0,    19.0
podeish01, 1996,     1, PHI , NHL , L  , 82.0, 14.0,  18.0,  32.0,  41.0, 7.0  ,  0.0,  1.0,  0.0,  1.0,  4.0, 0.0, 153.0,   19.0,   4.0,   3.0,     7.0,    16.0, 4.0    ,     0.0,     0.0,     0.0,     0.0,     1.0,    52.0
podeish01, 1997,     1, PHI , NHL , R  , 82.0, 11.0,  13.0,  24.0,  53.0, 8.0  ,  1.0,  2.0,  1.0,  0.0,  2.0, 0.0, 126.0,    5.0,   0.0,   0.0,     0.0,    10.0, -1.0   ,     0.0,     0.0,     0.0,     0.0,     0.0,     5.0
podeish01, 1998,     1, PHI , NHL , L  , 14.0,  1.0,   0.0,   1.0,   0.0, -2.0 ,  0.0,  0.0,  0.0,  0.0,  0.0, 0.0,  26.0,       ,      ,      ,        ,        ,        ,        ,        ,        ,        ,        ,      
podeish01, 1998,     2, COL , NHL , L  , 41.0,  2.0,   6.0,   8.0,  24.0, -3.0 ,  0.0,  0.0,  0.0,  0.0,  0.0, 0.0,  49.0,   19.0,   1.0,   1.0,     2.0,    12.0, -1.0   ,     0.0,     0.0,     0.0,     0.0,     0.0,    33.0
podeish01, 1999,     1, COL , NHL , L  , 75.0, 11.0,   8.0,  19.0,  29.0, 12.0 ,  0.0,  0.0,  1.0,  0.0,  3.0, 0.0, 104.0,   17.0,   5.0,   0.0,     5.0,     8.0, 4.0    ,     0.0,     0.0,     0.0,     0.0,     1.0,    26.0
podeish01, 2000,     1, COL , NHL , R  , 82.0, 15.0,  17.0,  32.0,  68.0, 7.0  ,  0.0,  0.0,  0.0,  0.0,  3.0, 0.0, 137.0,   23.0,   2.0,   3.0,     5.0,    14.0, 3.0    ,     0.0,     0.0,     0.0,     0.0,     1.0,    16.0
podeish01, 2001,     1, COL , NHL , R  , 41.0,  6.0,   6.0,  12.0,  39.0, 0.0  ,  0.0,  0.0,  1.0,  1.0,  2.0, 0.0,  43.0,       ,      ,      ,        ,        ,        ,        ,        ,        ,        ,        ,      
podeish01, 2001,     2, STL , NHL , R  , 23.0,  2.0,   4.0,   6.0,   2.0, 2.0  ,  0.0,  0.0,  0.0,  0.0,  0.0, 0.0,  24.0,   10.0,   0.0,   0.0,     0.0,     6.0, 0.0    ,     0.0,     0.0,     0.0,     0.0,     0.0,     9.0
podeish01, 2002,     1, STL , NHL , R  , 68.0,  4.0,   6.0,  10.0,  28.0, 7.0  ,  1.0,  1.0,  0.0,  1.0,  0.0, 0.0,  52.0,    7.0,   0.0,   1.0,     1.0,     6.0, 1.0    ,     0.0,     0.0,     0.0,     0.0,     0.0,     4.0
podesiv01, 1977,     1, CZE , WHA , G  ,  4.0,  0.0,   0.0,   0.0,   7.0,      ,  0.0,     ,  0.0,     ,  0.0,    ,      ,       ,      ,      ,        ,        ,        ,        ,        ,        ,        ,        ,      
podgose01, 1977,     1, SOV , WHA , L  ,  2.0,  0.0,   1.0,   1.0,   0.0,      ,     ,     ,     ,     ,     ,    ,      ,       ,      ,      ,        ,        ,        ,        ,        ,        ,        ,        ,      
podkoan01, 2000,     1, FLO , NHL , L  ,  6.0,  1.0,   0.0,   1.0,   2.0, 0.0  ,  0.0,  0.0,  0.0,  0.0,  0.0, 0.0,   5.0,       ,      ,      ,        ,        ,        ,        ,        ,        ,        ,        ,      
podkoan01, 2003,     1, WAS , NHL , C  ,  2.0,  0.0,   0.0,   0.0,   0.0, -1.0 ,  0.0,  0.0,  0.0,  0.0,  0.0, 0.0,   1.0,       ,      ,      ,        ,        ,        ,        ,        ,        ,        ,        ,      
podlora01, 1988,     1, BOS , NHL , C  ,  8.0,  0.0,   1.0,   1.0,  22.0, -1.0 ,  0.0,  0.0,  0.0,  0.0,  0.0, 0.0,   3.0,       ,      ,      ,        ,        ,        ,        ,        ,        ,        ,        ,      
podolja01, 1996,     1, FLO , NHL , C  , 19.0,  1.0,   1.0,   2.0,   4.0, -3.0 ,  1.0,  0.0,  0.0,  0.0,  0.0, 0.0,  20.0,       ,      ,      ,        ,        ,        ,        ,        ,        ,        ,        ,      
podolja01, 1996,     2, TOR , NHL , C  , 10.0,  0.0,   3.0,   3.0,   6.0, -2.0 ,  0.0,  0.0,  0.0,  0.0,  0.0, 0.0,  10.0,       ,      ,      ,        ,        ,        ,        ,        ,        ,        ,        ,      
podolja01, 1998,     1, TOR , NHL , R  ,  4.0,  0.0,   0.0,   0.0,   0.0, 0.0  ,  0.0,  0.0,  0.0,  0.0,  0.0, 0.0,   2.0,       ,      ,      ,        ,        ,        ,        ,        ,        ,        ,        ,      
podolja01, 1998,     2, LAK , NHL , R  ,  6.0,  0.0,   0.0,   0.0,   5.0, -3.0 ,  0.0,  0.0,  0.0,  0.0,  0.0, 0.0,   7.0,       ,      ,      ,        ,        ,        ,        ,        ,        ,        ,        ,      
podolja01, 1999,     1, LAK , NHL , R  ,  1.0,  0.0,   1.0,   1.0,   2.0, 0.0  ,  0.0,  1.0,  0.0,  0.0,  0.0, 0.0,   2.0,       ,      ,      ,        ,        ,        ,        ,        ,        ,        ,        ,      
podolja01, 2001,     1, NYI , NHL , R  ,  1.0,  0.0,   0.0,   0.0,   2.0, 0.0  ,  0.0,  0.0,  0.0,  0.0,  0.0, 0.0,   1.0,       ,      ,      ,        ,        ,        ,        ,        ,        ,        ,        ,      
podolne01, 1948,     1, DET , NHL , L  ,  1.0,  0.0,   0.0,   0.0,   0.0,      ,     ,     ,     ,     ,     ,    ,      ,    7.0,   0.0,   0.0,     0.0,     4.0,        ,        ,        ,        ,        ,        ,      
poescru01, 1987,     1, NYR , NHL , D  ,  1.0,  0.0,   0.0,   0.0,   2.0, 0.0  ,  0.0,  0.0,  0.0,  0.0,  0.0, 0.0,   1.0,       ,      ,      ,        ,        ,        ,        ,        ,        ,        ,        ,      
poescru01, 1988,     1, NYR , NHL , D  , 52.0,  0.0,   2.0,   2.0, 199.0, -8.0 ,  0.0,  0.0,  0.0,  0.0,  0.0, 0.0,  17.0,       ,      ,      ,        ,        ,        ,        ,        ,        ,        ,        ,      
poescru01, 1989,     1, NYR , NHL , R  , 15.0,  0.0,   0.0,   0.0,  55.0, -1.0 ,  0.0,  0.0,  0.0,  0.0,  0.0, 0.0,   1.0,       ,      ,      ,        ,        ,        ,        ,        ,        ,        ,        ,      
poescru01, 1990,     1, WIN , NHL , D  ,  1.0,  0.0,   0.0,   0.0,   5.0, 0.0  ,  0.0,  0.0,  0.0,  0.0,  0.0, 0.0,   0.0,       ,      ,      ,        ,        ,        ,        ,        ,        ,        ,        ,      
poescru01, 1991,     1, WIN , NHL , D  ,  4.0,  0.0,   0.0,   0.0,  17.0, -5.0 ,  0.0,  0.0,  0.0,  0.0,  0.0, 0.0,   1.0,       ,      ,      ,        ,        ,        ,        ,        ,        ,        ,        ,      
poescru01, 1993,     1, TBL , NHL , D  , 71.0,  3.0,   6.0,   9.0, 118.0, 3.0  ,  0.0,  0.0,  0.0,  0.0,  1.0, 1.0,  46.0,       ,      ,      ,        ,        ,        ,        ,        ,        ,        ,        ,      
poescru01, 1994,     1, TBL , NHL , D  , 25.0,  1.0,   1.0,   2.0,  92.0, 0.0  ,  0.0,  0.0,  0.0,  0.0,  0.0, 0.0,  14.0,       ,      ,      ,        ,        ,        ,        ,        ,        ,        ,        ,      
poescru01, 1995,     1, TBL , NHL , R  , 57.0,  1.0,   3.0,   4.0,  88.0, -2.0 ,  0.0,  0.0,  0.0,  0.0,  0.0, 0.0,  36.0,    3.0,   0.0,   0.0,     0.0,    12.0, 0.0    ,     0.0,     0.0,     0.0,     0.0,     0.0,     2.0
poescru01, 1996,     1, TBL , NHL , R  , 60.0,  0.0,   6.0,   6.0, 120.0, -3.0 ,  0.0,  0.0,  0.0,  0.0,  0.0, 0.0,  30.0,       ,      ,      ,        ,        ,        ,        ,        ,        ,        ,        ,      
poescru01, 1997,     1, STL , NHL , D  , 50.0,  1.0,   7.0,   8.0,  64.0, -5.0 ,  0.0,  0.0,  0.0,  0.0,  0.0, 0.0,  29.0,    2.0,   0.0,   0.0,     0.0,     6.0, -2.0   ,     0.0,     0.0,     0.0,     0.0,     0.0,     0.0
poescru01, 1998,     1, STL , NHL , D  , 16.0,  0.0,   0.0,   0.0,  33.0, 0.0  ,  0.0,  0.0,  0.0,  0.0,  0.0, 0.0,   8.0,       ,      ,      ,        ,        ,        ,        ,        ,        ,        ,        ,      
poescru01, 1999,     1, STL , NHL , D  , 12.0,  0.0,   0.0,   0.0,  24.0, -3.0 ,  0.0,  0.0,  0.0,  0.0,  0.0, 0.0,   8.0,       ,      ,      ,        ,        ,        ,        ,        ,        ,        ,        ,      
poetato01, 1951,     1, CHI , NHL , R  ,  1.0,  0.0,   0.0,   0.0,   0.0,      ,     ,     ,     ,     ,     ,    ,      ,       ,      ,      ,        ,        ,        ,        ,        ,        ,        ,        ,      
poggeju01, 2008,     1, TOR , NHL , G  ,  7.0,  0.0,   0.0,   0.0,   0.0, 0.0  ,  0.0,  0.0,  0.0,  0.0,  0.0,    ,   0.0,       ,      ,      ,        ,        ,        ,        ,        ,        ,        ,        ,      
pohljo01 , 2003,     1, STL , NHL , C  ,  1.0,  0.0,   0.0,   0.0,   0.0, -2.0 ,  0.0,  0.0,  0.0,  0.0,  0.0, 0.0,   1.0,       ,      ,      ,        ,        ,        ,        ,        ,        ,        ,        ,      
pohljo01 , 2005,     1, TOR , NHL , R  ,  7.0,  3.0,   1.0,   4.0,   4.0, 2.0  ,  1.0,  0.0,  0.0,  0.0,  0.0,    ,  17.0,       ,      ,      ,        ,        ,        ,        ,        ,        ,        ,        ,      
pohljo01 , 2006,     1, TOR , NHL , C  , 74.0, 13.0,  16.0,  29.0,  10.0, -4.0 ,  3.0,  4.0,  0.0,  0.0,  1.0,    , 105.0,       ,      ,      ,        ,        ,        ,        ,        ,        ,        ,        ,      
pohljo01 , 2007,     1, TOR , NHL , C  , 33.0,  1.0,   4.0,   5.0,  10.0, -4.0 ,  0.0,  0.0,  0.0,  0.0,  1.0,    ,  23.0,       ,      ,      ,        ,        ,        ,        ,        ,        ,        ,        ,      
poilebu01, 1942,     1, TOR , NHL , R  , 48.0, 16.0,  19.0,  35.0,  24.0,      ,     ,     ,     ,     ,     ,    ,      ,    6.0,   2.0,   4.0,     6.0,     4.0,        ,        ,        ,        ,        ,        ,      
poilebu01, 1943,     1, TOR , NHL , R  , 11.0,  6.0,   8.0,  14.0,   9.0,      ,     ,     ,     ,     ,     ,    ,      ,       ,      ,      ,        ,        ,        ,        ,        ,        ,        ,        ,      
poilebu01, 1945,     1, TOR , NHL , R  ,  9.0,  1.0,   8.0,   9.0,   0.0,      ,     ,     ,     ,     ,     ,    ,      ,       ,      ,      ,        ,        ,        ,        ,        ,        ,        ,        ,      
poilebu01, 1946,     1, TOR , NHL , R  , 59.0, 19.0,  17.0,  36.0,  19.0,      ,     ,     ,     ,     ,     ,    ,      ,    7.0,   2.0,   0.0,     2.0,     2.0,        ,        ,        ,        ,        ,        ,      
poilebu01, 1947,     1, TOR , NHL , R  ,  4.0,  2.0,   0.0,   2.0,   3.0,      ,     ,     ,     ,     ,     ,    ,      ,       ,      ,      ,        ,        ,        ,        ,        ,        ,        ,        ,      
poilebu01, 1947,     2, CHI , NHL , R  , 54.0, 23.0,  29.0,  52.0,  14.0,      ,     ,     ,     ,     ,     ,    ,      ,       ,      ,      ,        ,        ,        ,        ,        ,        ,        ,        ,      
poilebu01, 1948,     1, CHI , NHL , R  ,  4.0,  0.0,   0.0,   0.0,   2.0,      ,     ,     ,     ,     ,     ,    ,      ,       ,      ,      ,        ,        ,        ,        ,        ,        ,        ,        ,      
poilebu01, 1948,     2, DET , NHL , R  , 56.0, 21.0,  21.0,  42.0,   6.0,      ,     ,     ,     ,     ,     ,    ,      ,   10.0,   0.0,   1.0,     1.0,     2.0,        ,        ,        ,        ,        ,        ,      
poilebu01, 1949,     1, NYR , NHL , R  , 27.0,  3.0,   6.0,   9.0,   8.0,      ,     ,     ,     ,     ,     ,    ,      ,       ,      ,      ,        ,        ,        ,        ,        ,        ,        ,        ,      
poilebu01, 1949,     2, BOS , NHL , R  , 39.0, 16.0,  14.0,  30.0,   6.0,      ,     ,     ,     ,     ,     ,    ,      ,       ,      ,      ,        ,        ,        ,        ,        ,        ,        ,        ,      
poiledo01, 1954,     1, DET , NHL , C  ,  4.0,  0.0,   0.0,   0.0,   0.0,      ,     ,     ,     ,     ,     ,    ,      ,       ,      ,      ,        ,        ,        ,        ,        ,        ,        ,        ,      
poiledo01, 1957,     1, DET , NHL , C  , 62.0,  7.0,   9.0,  16.0,  12.0,      ,     ,     ,     ,     ,     ,    ,      ,    4.0,   0.0,   0.0,     0.0,     0.0,        ,        ,        ,        ,        ,        ,      
poirigo01, 1939,     1, MTL , NHL , C  , 10.0,  0.0,   0.0,   0.0,   0.0,      ,     ,     ,     ,     ,     ,    ,      ,       ,      ,      ,        ,        ,        ,        ,        ,        ,        ,        ,      
polakro01, 2006,     1, STL , NHL , D  , 19.0,  0.0,   0.0,   0.0,   6.0, -3.0 ,  0.0,  0.0,  0.0,  0.0,  0.0,    ,  13.0,       ,      ,      ,        ,        ,        ,        ,        ,        ,        ,        ,      
polakro01, 2007,     1, STL , NHL , D  ,  6.0,  0.0,   1.0,   1.0,   0.0, 1.0  ,  0.0,  0.0,  0.0,  0.0,  0.0,    ,   2.0,       ,      ,      ,        ,        ,        ,        ,        ,        ,        ,        ,      
polakro01, 2008,     1, STL , NHL , D  , 69.0,  1.0,  14.0,  15.0,  45.0, -15.0,  0.0,  5.0,  0.0,  2.0,  1.0,    ,  73.0,    4.0,   0.0,   0.0,     0.0,     0.0, -3.0   ,     0.0,     0.0,     0.0,     0.0,     0.0,     4.0
polakro01, 2009,     1, STL , NHL , D  , 78.0,  4.0,  17.0,  21.0,  59.0, 7.0  ,  0.0,  0.0,  0.0,  0.0,  1.0,    ,  73.0,       ,      ,      ,        ,        ,        ,        ,        ,        ,        ,        ,      
polakvo01, 2005,     1, DAL , NHL , L  ,  3.0,  0.0,   0.0,   0.0,   0.0, -1.0 ,  0.0,  0.0,  0.0,  0.0,  0.0,    ,   3.0,       ,      ,      ,        ,        ,        ,        ,        ,        ,        ,        ,      
polakvo01, 2006,     1, DAL , NHL , L  ,  2.0,  0.0,   0.0,   0.0,   0.0, -1.0 ,  0.0,  0.0,  0.0,  0.0,  0.0,    ,   2.0,       ,      ,      ,        ,        ,        ,        ,        ,        ,        ,        ,      
polanni01, 1972,     1, PHB , WHA , D  , 17.0,  0.0,   3.0,   3.0,  24.0,      ,  0.0,     ,  0.0,     ,     ,    ,      ,       ,      ,      ,        ,        ,        ,        ,        ,        ,        ,        ,      
polanto01, 1969,     1, MNS , NHL , D  , 16.0,  0.0,   2.0,   2.0,  53.0, -5.0 ,  0.0,     ,  0.0,     ,  0.0, 0.0,   4.0,    5.0,   1.0,   1.0,     2.0,     4.0,        ,     0.0,        ,     0.0,        ,     0.0,      
polanto01, 1970,     1, MNS , NHL , D  ,  3.0,  0.0,   0.0,   0.0,   0.0, 0.0  ,  0.0,     ,  0.0,     ,  0.0, 0.0,   2.0,       ,      ,      ,        ,        ,        ,        ,        ,        ,        ,        ,      
policjo01, 1939,     1, NYR , NHL , R  ,  1.0,  0.0,   0.0,   0.0,   0.0,      ,     ,     ,     ,     ,     ,    ,      ,       ,      ,      ,        ,        ,        ,        ,        ,        ,        ,        ,      
policjo01, 1940,     1, NYR , NHL , R  ,  2.0,  0.0,   1.0,   1.0,   0.0,      ,     ,     ,     ,     ,     ,    ,      ,       ,      ,      ,        ,        ,        ,        ,        ,        ,        ,        ,      
policmi01, 1976,     1, MTL , NHL , C  ,     ,     ,      ,      ,      ,      ,     ,     ,     ,     ,     ,    ,      ,    5.0,   0.0,   0.0,     0.0,     0.0,        ,     0.0,        ,     0.0,        ,     0.0,      
policmi01, 1977,     1, MTL , NHL , C  ,  1.0,  0.0,   0.0,   0.0,   0.0, 0.0  ,  0.0,     ,  0.0,     ,  0.0, 0.0,   0.0,       ,      ,      ,        ,        ,        ,        ,        ,        ,        ,        ,      
policmi01, 1978,     1, MNS , NHL , C  , 73.0,  6.0,  10.0,  16.0,  18.0, -13.0,  0.0,     ,  0.0,     ,  0.0, 0.0,  66.0,       ,      ,      ,        ,        ,        ,        ,        ,        ,        ,        ,      
policmi01, 1979,     1, MNS , NHL , C  , 78.0, 10.0,  14.0,  24.0,  20.0, 0.0  ,  0.0,     ,  0.0,     ,  1.0, 2.0,  94.0,   15.0,   2.0,   1.0,     3.0,     2.0,        ,     0.0,        ,     0.0,        ,     0.0,      
policmi01, 1980,     1, MNS , NHL , L  , 74.0,  8.0,   5.0,  13.0,  19.0, -2.0 ,  0.0,     ,  1.0,     ,  0.0, 0.0,  58.0,    3.0,   0.0,   0.0,     0.0,     0.0,        ,     0.0,        ,     0.0,        ,     0.0,      
polisgr01, 1970,     1, PIT , NHL , L  , 61.0, 18.0,  15.0,  33.0,  40.0, -6.0 ,  5.0,     ,  0.0,     ,  2.0, 1.0, 157.0,       ,      ,      ,        ,        ,        ,        ,        ,        ,        ,        ,      
polisgr01, 1971,     1, PIT , NHL , L  , 76.0, 30.0,  19.0,  49.0,  38.0, -4.0 ,  8.0,     ,  0.0,     ,  0.0, 3.0, 208.0,    4.0,   0.0,   2.0,     2.0,     0.0,        ,     0.0,        ,     0.0,        ,     0.0,      
polisgr01, 1972,     1, PIT , NHL , L  , 78.0, 26.0,  23.0,  49.0,  36.0, -32.0,  8.0,     ,  0.0,     ,  2.0, 1.0, 221.0,       ,      ,      ,        ,        ,        ,        ,        ,        ,        ,        ,      
polisgr01, 1973,     1, PIT , NHL , L  , 41.0, 14.0,  13.0,  27.0,  32.0, -18.0,  5.0,     ,  0.0,     ,  1.0, 2.0, 163.0,       ,      ,      ,        ,        ,        ,        ,        ,        ,        ,        ,      
polisgr01, 1973,     2, STL , NHL , L  , 37.0,  8.0,  12.0,  20.0,  24.0, -7.0 ,  3.0,     ,  0.0,     ,  0.0, 1.0, 122.0,       ,      ,      ,        ,        ,        ,        ,        ,        ,        ,        ,      
polisgr01, 1974,     1, NYR , NHL , L  , 76.0, 26.0,  15.0,  41.0,  55.0, 3.0  ,  4.0,     ,  0.0,     ,  4.0, 2.0, 213.0,    3.0,   0.0,   0.0,     0.0,     6.0,        ,     0.0,        ,     0.0,        ,     0.0,      
polisgr01, 1975,     1, NYR , NHL , L  , 79.0, 15.0,  21.0,  36.0,  77.0, -8.0 ,  0.0,     ,  0.0,     ,  1.0, 1.0, 158.0,       ,      ,      ,        ,        ,        ,        ,        ,        ,        ,        ,      
polisgr01, 1976,     1, NYR , NHL , L  , 77.0, 16.0,  23.0,  39.0,  44.0, 0.0  ,  3.0,     ,  0.0,     ,  2.0, 1.0, 187.0,       ,      ,      ,        ,        ,        ,        ,        ,        ,        ,        ,      
polisgr01, 1977,     1, NYR , NHL , L  , 37.0,  7.0,  16.0,  23.0,  12.0, -3.0 ,  0.0,     ,  4.0,     ,  1.0, 1.0,  72.0,       ,      ,      ,        ,        ,        ,        ,        ,        ,        ,        ,      
polisgr01, 1978,     1, NYR , NHL , L  ,  6.0,  1.0,   1.0,   2.0,   8.0, 1.0  ,  0.0,     ,  0.0,     ,  0.0, 0.0,  10.0,       ,      ,      ,        ,        ,        ,        ,        ,        ,        ,        ,      
polisgr01, 1978,     2, WAS , NHL , L  , 19.0, 12.0,   6.0,  18.0,   6.0, 3.0  ,  6.0,     ,  0.0,     ,  1.0, 1.0,  46.0,       ,      ,      ,        ,        ,        ,        ,        ,        ,        ,        ,      
polisgr01, 1979,     1, WAS , NHL , L  , 28.0,  1.0,   5.0,   6.0,  19.0, -6.0 ,  0.0,     ,  0.0,     ,  0.0, 1.0,  30.0,       ,      ,      ,        ,        ,        ,        ,        ,        ,        ,        ,      
polizda01, 1958,     1, BOS , NHL , R  ,  1.0,  0.0,   0.0,   0.0,   0.0,      ,     ,     ,     ,     ,     ,    ,      ,    3.0,   0.0,   0.0,     0.0,     0.0,        ,        ,        ,        ,        ,        ,      
polloja01, 2003,     1, STL , NHL , D  ,  9.0,  0.0,   0.0,   0.0,   6.0, -1.0 ,  0.0,  0.0,  0.0,  0.0,  0.0, 0.0,  19.0,       ,      ,      ,        ,        ,        ,        ,        ,        ,        ,        ,      
polonde01, 1974,     1, DET , NHL , R  ,  4.0,  0.0,   0.0,   0.0,   0.0, -1.0 ,  0.0,     ,  0.0,     ,  0.0, 0.0,   4.0,       ,      ,      ,        ,        ,        ,        ,        ,        ,        ,        ,      
polonde01, 1975,     1, DET , NHL , C  , 57.0, 11.0,  12.0,  23.0, 302.0, -9.0 ,  1.0,     ,  0.0,     ,  0.0, 0.0,  97.0,       ,      ,      ,        ,        ,        ,        ,        ,        ,        ,        ,      
polonde01, 1976,     1, DET , NHL , R  , 79.0, 18.0,  28.0,  46.0, 274.0, -20.0,  6.0,     ,  1.0,     ,  1.0, 1.0, 183.0,       ,      ,      ,        ,        ,        ,        ,        ,        ,        ,        ,      
polonde01, 1977,     1, DET , NHL , R  , 79.0, 16.0,  19.0,  35.0, 254.0, -5.0 ,  5.0,     ,  0.0,     ,  0.0, 2.0, 128.0,    7.0,   1.0,   0.0,     1.0,    19.0,        ,     0.0,        ,     0.0,        ,     0.0,      
polonde01, 1978,     1, DET , NHL , R  , 62.0, 10.0,  12.0,  22.0, 208.0, -10.0,  1.0,     ,  0.0,     ,  0.0, 1.0,  80.0,       ,      ,      ,        ,        ,        ,        ,        ,        ,        ,        ,      
polonde01, 1979,     1, DET , NHL , R  , 66.0,  2.0,   8.0,  10.0, 127.0, -15.0,  0.0,     ,  0.0,     ,  0.0, 0.0,  61.0,       ,      ,      ,        ,        ,        ,        ,        ,        ,        ,        ,      
polonde01, 1980,     1, DET , NHL , R  , 32.0,  2.0,   2.0,   4.0,  77.0, -14.0,  0.0,     ,  0.0,     ,  0.0, 0.0,  27.0,       ,      ,      ,        ,        ,        ,        ,        ,        ,        ,        ,      
polonde01, 1982,     1, DET , NHL , C  , 11.0,  0.0,   1.0,   1.0,   0.0, -4.0 ,  0.0,     ,  0.0,     ,  0.0, 0.0,   7.0,       ,      ,      ,        ,        ,        ,        ,        ,        ,        ,        ,      
pominja01, 2003,     1, BUF , NHL , R  ,  1.0,  0.0,   0.0,   0.0,   0.0, 0.0  ,  0.0,  0.0,  0.0,  0.0,  0.0, 0.0,   3.0,       ,      ,      ,        ,        ,        ,        ,        ,        ,        ,        ,      
pominja01, 2005,     1, BUF , NHL , R  , 57.0, 18.0,  12.0,  30.0,  22.0, -4.0 , 10.0,  5.0,  2.0,  0.0,  2.0,    , 124.0,   18.0,   5.0,   5.0,    10.0,     8.0, 0.0    ,     0.0,     2.0,     1.0,     0.0,     1.0,    22.0
pominja01, 2006,     1, BUF , NHL , R  , 82.0, 34.0,  34.0,  68.0,  30.0, 25.0 ,  2.0, 11.0,  2.0,  2.0,  5.0,    , 212.0,   16.0,   4.0,   6.0,    10.0,     0.0, 2.0    ,     0.0,     2.0,     0.0,     0.0,     0.0,    40.0
pominja01, 2007,     1, BUF , NHL , R  , 82.0, 27.0,  53.0,  80.0,  20.0, 16.0 ,  2.0, 25.0,  1.0,  2.0,  1.0,    , 232.0,       ,      ,      ,        ,        ,        ,        ,        ,        ,        ,        ,      
pominja01, 2008,     1, BUF , NHL , R  , 82.0, 20.0,  46.0,  66.0,  18.0, -4.0 ,  6.0, 18.0,  1.0,  0.0,  2.0,    , 239.0,       ,      ,      ,        ,        ,        ,        ,        ,        ,        ,        ,      
pominja01, 2009,     1, BUF , NHL , R  , 82.0, 24.0,  38.0,  62.0,  22.0, 13.0 ,  8.0, 12.0,  0.0,  0.0,  2.0,    , 252.0,    6.0,   2.0,   2.0,     4.0,     2.0, -1.0   ,     0.0,     0.0,     0.0,     0.0,     1.0,    18.0
ponikal01, 2000,     1, TOR , NHL , R  , 22.0,  1.0,   3.0,   4.0,  14.0, -1.0 ,  0.0,  0.0,  0.0,  0.0,  0.0, 0.0,  21.0,       ,      ,      ,        ,        ,        ,        ,        ,        ,        ,        ,      
ponikal01, 2001,     1, TOR , NHL , L  ,  8.0,  2.0,   0.0,   2.0,   0.0, 2.0  ,  0.0,  0.0,  0.0,  0.0,  1.0, 0.0,   8.0,   10.0,   0.0,   0.0,     0.0,     4.0, 0.0    ,     0.0,     0.0,     0.0,     0.0,     0.0,     7.0
ponikal01, 2002,     1, TOR , NHL , L  , 13.0,  0.0,   3.0,   3.0,  11.0, 4.0  ,  0.0,  0.0,  0.0,  0.0,  0.0, 0.0,  13.0,       ,      ,      ,        ,        ,        ,        ,        ,        ,        ,        ,      
ponikal01, 2003,     1, TOR , NHL , L  , 73.0,  9.0,  19.0,  28.0,  44.0, 14.0 ,  1.0,  0.0,  0.0,  1.0,  2.0, 0.0, 110.0,   13.0,   1.0,   3.0,     4.0,     8.0, -1.0   ,     0.0,     0.0,     0.0,     0.0,     1.0,    23.0
ponikal01, 2005,     1, TOR , NHL , L  , 81.0, 21.0,  17.0,  38.0,  68.0, 15.0 ,  2.0,  2.0,  4.0,  1.0,  3.0,    , 157.0,       ,      ,      ,        ,        ,        ,        ,        ,        ,        ,        ,      
ponikal01, 2006,     1, TOR , NHL , L  , 71.0, 21.0,  24.0,  45.0,  63.0, 8.0  ,  6.0,  5.0,  0.0,  0.0,  1.0,    , 198.0,       ,      ,      ,        ,        ,        ,        ,        ,        ,        ,        ,      
ponikal01, 2007,     1, TOR , NHL , L  , 66.0, 18.0,  17.0,  35.0,  36.0, 3.0  ,  1.0,  6.0,  0.0,  0.0,  1.0,    , 150.0,       ,      ,      ,        ,        ,        ,        ,        ,        ,        ,        ,      
ponikal01, 2008,     1, TOR , NHL , L  , 82.0, 23.0,  38.0,  61.0,  38.0, 6.0  ,  5.0,  8.0,  0.0,  0.0,  3.0,    , 185.0,       ,      ,      ,        ,        ,        ,        ,        ,        ,        ,        ,      
ponikal01, 2009,     1, TOR , NHL , L  , 61.0, 19.0,  22.0,  41.0,  44.0, 5.0  ,  4.0,  4.0,  0.0,  0.0,  1.0,    , 147.0,       ,      ,      ,        ,        ,        ,        ,        ,        ,        ,        ,      
ponikal01, 2009,     2, PIT , NHL , L  , 16.0,  2.0,   7.0,   9.0,  17.0, -6.0 ,  1.0,  3.0,  0.0,  0.0,  0.0,    ,  37.0,   11.0,   1.0,   4.0,     5.0,     4.0, 0.0    ,     0.0,     2.0,     0.0,     0.0,     0.0,    20.0
poolepa01, 1984,     1, WIN , NHL , C  , 12.0,  0.0,   2.0,   2.0,   0.0, 1.0  ,  0.0,     ,  0.0,     ,  0.0, 0.0,   1.0,       ,      ,      ,        ,        ,        ,        ,        ,        ,        ,        ,      
poolepa01, 1985,     1, WIN , NHL , C  ,  3.0,  0.0,   1.0,   1.0,   0.0, 1.0  ,  0.0,     ,  0.0,     ,  0.0, 0.0,   2.0,       ,      ,      ,        ,        ,        ,        ,        ,        ,        ,        ,      
popeila01, 1954,     1, NYR , NHL , C  , 70.0, 11.0,  17.0,  28.0,  27.0,      ,     ,     ,     ,     ,     ,    ,      ,       ,      ,      ,        ,        ,        ,        ,        ,        ,        ,        ,      
popeila01, 1955,     1, NYR , NHL , C  , 64.0, 14.0,  25.0,  39.0,  37.0,      ,     ,     ,     ,     ,     ,    ,      ,    5.0,   0.0,   1.0,     1.0,     2.0,        ,        ,        ,        ,        ,        ,      
popeila01, 1956,     1, NYR , NHL , C  , 67.0, 11.0,  19.0,  30.0,  20.0,      ,     ,     ,     ,     ,     ,    ,      ,    5.0,   0.0,   3.0,     3.0,     0.0,        ,        ,        ,        ,        ,        ,      
popeila01, 1957,     1, NYR , NHL , C  , 70.0, 12.0,  22.0,  34.0,  22.0,      ,     ,     ,     ,     ,     ,    ,      ,    6.0,   1.0,   0.0,     1.0,     4.0,        ,        ,        ,        ,        ,        ,      
popeila01, 1958,     1, NYR , NHL , C  , 61.0, 13.0,  21.0,  34.0,  28.0,      ,     ,     ,     ,     ,     ,    ,      ,       ,      ,      ,        ,        ,        ,        ,        ,        ,        ,        ,      
popeila01, 1959,     1, NYR , NHL , C  , 66.0, 14.0,  22.0,  36.0,  16.0,      ,     ,     ,     ,     ,     ,    ,      ,       ,      ,      ,        ,        ,        ,        ,        ,        ,        ,        ,      
popeila01, 1960,     1, NYR , NHL , C  ,  4.0,  0.0,   1.0,   1.0,   0.0,      ,     ,     ,     ,     ,     ,    ,      ,       ,      ,      ,        ,        ,        ,        ,        ,        ,        ,        ,      
popeila01, 1967,     1, OAK , NHL , C  , 47.0,  5.0,  14.0,  19.0,  12.0, -17.0,  0.0,     ,  1.0,     ,  0.0, 1.0,  51.0,       ,      ,      ,        ,        ,        ,        ,        ,        ,        ,        ,      
popieja01, 1972,     1, CHC , WHA , L  , 76.0, 31.0,  34.0,  65.0,  77.0,      ,  6.0,     ,  0.0,     ,  4.0,    ,      ,       ,      ,      ,        ,        ,        ,        ,        ,        ,        ,        ,      
popieja01, 1973,     1, CHC , WHA , L  , 63.0, 22.0,  17.0,  39.0,  36.0,      ,  6.0,     ,  0.0,     ,  4.0,    ,      ,   18.0,   8.0,   5.0,    13.0,    12.0,        ,        ,        ,        ,        ,     1.0,      
popieja01, 1974,     1, CHC , WHA , L  , 60.0, 18.0,  22.0,  40.0,  74.0, -1.0 ,  3.0,     ,  0.0,     ,     ,    ,  97.0,       ,      ,      ,        ,        ,        ,        ,        ,        ,        ,        ,      
popieja01, 1975,     1, DOT , WHA , L  ,  1.0,  0.0,   0.0,   0.0,   2.0, 0.0  ,  0.0,     ,  0.0,     ,  0.0,    ,   0.0,       ,      ,      ,        ,        ,        ,        ,        ,        ,        ,        ,      
popieja01, 1975,     2, HOU , WHA , L  , 67.0,  4.0,   7.0,  11.0,  59.0, -13.0,  0.0,     ,  0.0,     ,  0.0,    ,  68.0,    8.0,   1.0,   1.0,     2.0,     4.0, -2.0   ,        ,        ,        ,        ,        ,      
popieja01, 1976,     1, PHR , WHA , L  , 28.0,  3.0,   2.0,   5.0,   8.0, -24.0,  1.0,     ,  0.0,     ,     ,    ,  31.0,       ,      ,      ,        ,        ,        ,        ,        ,        ,        ,        ,      
popiepo01, 1965,     1, BOS , NHL , D  ,  3.0,  0.0,   1.0,   1.0,   2.0,      ,  0.0,     ,  0.0,     ,  0.0, 0.0,      ,       ,      ,      ,        ,        ,        ,        ,        ,        ,        ,        ,      
popiepo01, 1967,     1, LAK , NHL , D  ,  1.0,  0.0,   0.0,   0.0,   0.0, -1.0 ,  0.0,     ,  0.0,     ,  0.0, 0.0,   3.0,    3.0,   1.0,   0.0,     1.0,     4.0,        ,     0.0,        ,     0.0,        ,     0.0,      
popiepo01, 1968,     1, DET , NHL , D  , 62.0,  2.0,  13.0,  15.0,  82.0, 10.0 ,  0.0,     ,  0.0,     ,  2.0, 0.0,  99.0,       ,      ,      ,        ,        ,        ,        ,        ,        ,        ,        ,      
popiepo01, 1969,     1, DET , NHL , D  , 32.0,  0.0,   4.0,   4.0,  29.0, 5.0  ,  0.0,     ,  0.0,     ,  0.0, 0.0,  22.0,    1.0,   0.0,   0.0,     0.0,     0.0,        ,     0.0,        ,     0.0,        ,     0.0,      
popiepo01, 1970,     1, VAN , NHL , D  , 78.0, 10.0,  22.0,  32.0,  61.0, 9.0  ,  2.0,     ,  0.0,     ,  2.0, 0.0, 136.0,       ,      ,      ,        ,        ,        ,        ,        ,        ,        ,        ,      
popiepo01, 1971,     1, VAN , NHL , D  , 38.0,  1.0,   1.0,   2.0,  36.0, -11.0,  0.0,     ,  0.0,     ,  0.0, 0.0,  32.0,       ,      ,      ,        ,        ,        ,        ,        ,        ,        ,        ,      
popiepo01, 1972,     1, HOU , WHA , D  , 73.0, 16.0,  48.0,  64.0, 158.0,      ,  5.0,     ,  0.0,     ,  2.0,    ,      ,   10.0,   2.0,   9.0,    11.0,    23.0,        ,     1.0,        ,     0.0,        ,     0.0,      
popiepo01, 1973,     1, HOU , WHA , D  , 78.0,  7.0,  41.0,  48.0, 126.0,      ,  1.0,     ,  0.0,     ,  0.0,    ,      ,   14.0,   1.0,  14.0,    15.0,    22.0,        ,        ,        ,        ,        ,     0.0,      
popiepo01, 1974,     1, HOU , WHA , D  , 78.0, 11.0,  53.0,  64.0, 123.0, 41.0 ,  4.0,     ,  2.0,     ,     ,    , 236.0,   13.0,   1.0,  10.0,    11.0,    34.0,        ,        ,        ,        ,        ,     1.0,      
popiepo01, 1975,     1, HOU , WHA , D  , 78.0, 10.0,  36.0,  46.0,  71.0, 29.0 ,  2.0,     ,  2.0,     ,  2.0,    , 162.0,   17.0,   3.0,   5.0,     8.0,    16.0, -2.0   ,        ,        ,        ,        ,        ,      
popiepo01, 1976,     1, HOU , WHA , D  , 80.0, 12.0,  56.0,  68.0,  87.0, 53.0 ,  2.0,     ,  0.0,     ,  0.0,    , 177.0,   11.0,   0.0,   7.0,     7.0,    10.0, 4.0    ,     0.0,        ,     0.0,        ,     0.0,      
popiepo01, 1977,     1, HOU , WHA , D  , 80.0,  6.0,  31.0,  37.0,  53.0, -6.0 ,  1.0,     ,  1.0,     ,     ,    , 126.0,    6.0,   0.0,   2.0,     2.0,    13.0, 4.0    ,        ,        ,        ,        ,     0.0,      
popiepo01, 1979,     1, EDM , NHL , D  , 10.0,  0.0,   0.0,   0.0,   0.0, -5.0 ,  0.0,     ,  0.0,     ,  0.0, 0.0,  12.0,       ,      ,      ,        ,        ,        ,        ,        ,        ,        ,        ,      
popovma01, 2003,     1, ANA , NHL , D  ,  1.0,  0.0,   0.0,   0.0,   0.0, 0.0  ,  0.0,  0.0,  0.0,  0.0,  0.0, 0.0,   1.0,       ,      ,      ,        ,        ,        ,        ,        ,        ,        ,        ,      
popovma01, 2005,     1, ATL , NHL , D  ,  7.0,  0.0,   0.0,   0.0,   0.0, -5.0 ,  0.0,  0.0,  0.0,  0.0,  0.0,    ,   6.0,       ,      ,      ,        ,        ,        ,        ,        ,        ,        ,        ,      
popovma01, 2006,     1, ATL , NHL , D  ,  3.0,  0.0,   1.0,   1.0,   0.0, 1.0  ,  0.0,  0.0,  0.0,  0.0,  0.0,    ,   1.0,       ,      ,      ,        ,        ,        ,        ,        ,        ,        ,        ,      
popovma01, 2007,     1, ATL , NHL , D  , 33.0,  0.0,   2.0,   2.0,  10.0, -4.0 ,  0.0,  0.0,  0.0,  0.0,  0.0,    ,  25.0,       ,      ,      ,        ,        ,        ,        ,        ,        ,        ,        ,      
popovma01, 2009,     1, ATL , NHL , D  , 37.0,  2.0,   2.0,   4.0,  10.0, 0.0  ,  0.0,  0.0,  0.0,  0.0,  0.0,    ,  24.0,       ,      ,      ,        ,        ,        ,        ,        ,        ,        ,        ,      
popovpe01, 1993,     1, MTL , NHL , D  , 47.0,  2.0,  12.0,  14.0,  26.0, 10.0 ,  1.0,  5.0,  0.0,  0.0,  0.0, 0.0,  58.0,    6.0,   0.0,   1.0,     1.0,     0.0, 3.0    ,     0.0,     1.0,     0.0,     0.0,     0.0,     5.0
popovpe01, 1994,     1, MTL , NHL , D  , 33.0,  0.0,   5.0,   5.0,   8.0, -10.0,  0.0,  0.0,  0.0,  0.0,  0.0, 0.0,  23.0,       ,      ,      ,        ,        ,        ,        ,        ,        ,        ,        ,      
popovpe01, 1995,     1, MTL , NHL , D  , 76.0,  2.0,  12.0,  14.0,  69.0, 21.0 ,  0.0,  2.0,  0.0,  0.0,  0.0, 0.0,  59.0,    6.0,   0.0,   2.0,     2.0,     4.0, 3.0    ,     0.0,     0.0,     0.0,     0.0,     0.0,     2.0
popovpe01, 1996,     1, MTL , NHL , D  , 78.0,  1.0,  13.0,  14.0,  32.0, 9.0  ,  0.0,  0.0,  0.0,  1.0,  0.0, 0.0,  82.0,    3.0,   0.0,   0.0,     0.0,     2.0, -3.0   ,     0.0,     0.0,     0.0,     0.0,     0.0,     1.0
popovpe01, 1997,     1, MTL , NHL , D  , 69.0,  2.0,   6.0,   8.0,  38.0, -6.0 ,  0.0,  0.0,  0.0,  0.0,  0.0, 0.0,  40.0,   10.0,   1.0,   1.0,     2.0,     2.0, 2.0    ,     0.0,     0.0,     0.0,     0.0,     0.0,     3.0
popovpe01, 1998,     1, NYR , NHL , D  , 68.0,  1.0,   4.0,   5.0,  40.0, -12.0,  0.0,  0.0,  0.0,  0.0,  0.0, 0.0,  64.0,       ,      ,      ,        ,        ,        ,        ,        ,        ,        ,        ,      
popovpe01, 1999,     1, PIT , NHL , D  , 54.0,  1.0,   5.0,   6.0,  30.0, -8.0 ,  0.0,  1.0,  0.0,  0.0,  0.0, 0.0,  23.0,   10.0,   0.0,   0.0,     0.0,    10.0, -2.0   ,     0.0,     0.0,     0.0,     0.0,     0.0,     6.0
popovpe01, 2000,     1, BOS , NHL , D  , 60.0,  1.0,   6.0,   7.0,  48.0, -5.0 ,  0.0,  0.0,  0.0,  0.0,  0.0, 0.0,  34.0,       ,      ,      ,        ,        ,        ,        ,        ,        ,        ,        ,      
popovvl01, 1977,     1, SOV , WHA , C  ,  8.0,  2.0,   3.0,   5.0,   0.0,      ,     ,     ,     ,     ,     ,    ,      ,       ,      ,      ,        ,        ,        ,        ,        ,        ,        ,        ,      
popovvl01, 1978,     1, SOV , WHA ,    ,  5.0,  0.0,   1.0,   1.0,   2.0,      ,     ,     ,     ,     ,     ,    ,      ,       ,      ,      ,        ,        ,        ,        ,        ,        ,        ,        ,      
poppeto01, 2006,     1, CBS , NHL , G  ,  2.0,  0.0,   0.0,   0.0,   0.0, 0.0  ,  0.0,  0.0,  0.0,  0.0,  0.0,    ,   0.0,       ,      ,      ,        ,        ,        ,        ,        ,        ,        ,        ,      
portech01, 2008,     1, STL , NHL , C  ,  6.0,  1.0,   1.0,   2.0,   0.0, -1.0 ,  0.0,  0.0,  0.0,  0.0,  0.0,    ,   7.0,       ,      ,      ,        ,        ,        ,        ,        ,        ,        ,        ,      
porteke01, 2008,     1, PHO , NHL , C  , 34.0,  5.0,   5.0,  10.0,   4.0, -2.0 ,  1.0,  1.0,  0.0,  0.0,  2.0,    ,  39.0,       ,      ,      ,        ,        ,        ,        ,        ,        ,        ,        ,      
porteke01, 2009,     1, PHO , NHL , R  ,  4.0,  0.0,   0.0,   0.0,   0.0, 1.0  ,  0.0,  0.0,  0.0,  0.0,  0.0,    ,   3.0,       ,      ,      ,        ,        ,        ,        ,        ,        ,        ,        ,      
porteke01, 2009,     2, COL , NHL , R  , 16.0,  2.0,   1.0,   3.0,   0.0, -4.0 ,  0.0,  0.0,  1.0,  0.0,  0.0,    ,  18.0,    4.0,   0.0,   0.0,     0.0,     0.0, -2.0   ,     0.0,     0.0,     0.0,     0.0,     0.0,     2.0
portlja01, 1933,     1, MTL , NHL , D  , 31.0,  0.0,   2.0,   2.0,  10.0,      ,     ,     ,     ,     ,     ,    ,      ,    2.0,   0.0,   0.0,     0.0,     0.0,        ,        ,        ,        ,        ,        ,      
portlja01, 1934,     1, MTL , NHL , D  ,  5.0,  0.0,   0.0,   0.0,   2.0,      ,     ,     ,     ,     ,     ,    ,      ,       ,      ,      ,        ,        ,        ,        ,        ,        ,        ,        ,      
portlja01, 1934,     2, BOS , NHL , D  , 15.0,  1.0,   1.0,   2.0,   2.0,      ,     ,     ,     ,     ,     ,    ,      ,       ,      ,      ,        ,        ,        ,        ,        ,        ,        ,        ,      
portlja01, 1935,     1, BOS , NHL , D  ,  2.0,  0.0,   0.0,   0.0,   0.0,      ,     ,     ,     ,     ,     ,    ,      ,       ,      ,      ,        ,        ,        ,        ,        ,        ,        ,        ,      
portlja01, 1936,     1, BOS , NHL , D  , 46.0,  2.0,   4.0,   6.0,  58.0,      ,     ,     ,     ,     ,     ,    ,      ,    3.0,   0.0,   0.0,     0.0,     4.0,        ,        ,        ,        ,        ,        ,      
portlja01, 1937,     1, BOS , NHL , D  , 48.0,  0.0,   5.0,   5.0,  26.0,      ,     ,     ,     ,     ,     ,    ,      ,    3.0,   0.0,   0.0,     0.0,     4.0,        ,        ,        ,        ,        ,        ,      
portlja01, 1938,     1, BOS , NHL , D  , 48.0,  4.0,   5.0,   9.0,  46.0,      ,     ,     ,     ,     ,     ,    ,      ,   12.0,   0.0,   0.0,     0.0,    11.0,        ,        ,        ,        ,        ,        ,      
portlja01, 1939,     1, BOS , NHL , D  , 28.0,  0.0,   5.0,   5.0,  16.0,      ,     ,     ,     ,     ,     ,    ,      ,       ,      ,      ,        ,        ,        ,        ,        ,        ,        ,        ,      
portlja01, 1939,     2, CHI , NHL , D  , 16.0,  1.0,   4.0,   5.0,  20.0,      ,     ,     ,     ,     ,     ,    ,      ,    2.0,   0.0,   0.0,     0.0,     2.0,        ,        ,        ,        ,        ,        ,      
portlja01, 1940,     1, CHI , NHL , D  ,  5.0,  0.0,   0.0,   0.0,   4.0,      ,     ,     ,     ,     ,     ,    ,      ,       ,      ,      ,        ,        ,        ,        ,        ,        ,        ,        ,      
portlja01, 1940,     2, MTL , NHL , D  , 42.0,  2.0,   7.0,   9.0,  34.0,      ,     ,     ,     ,     ,     ,    ,      ,    3.0,   0.0,   1.0,     1.0,     2.0,        ,        ,        ,        ,        ,        ,      
portlja01, 1941,     1, MTL , NHL , D  , 46.0,  2.0,   9.0,  11.0,  53.0,      ,     ,     ,     ,     ,     ,    ,      ,    3.0,   0.0,   0.0,     0.0,     0.0,        ,        ,        ,        ,        ,        ,      
portlja01, 1942,     1, MTL , NHL , D  , 49.0,  3.0,  14.0,  17.0,  52.0,      ,     ,     ,     ,     ,     ,    ,      ,    5.0,   1.0,   2.0,     3.0,     2.0,        ,        ,        ,        ,        ,        ,      
porvaju01, 1981,     1, COR , NHL , R  , 31.0,  2.0,   6.0,   8.0,   0.0, -22.0,  0.0,     ,  0.0,     ,  0.0, 0.0,  45.0,       ,      ,      ,        ,        ,        ,        ,        ,        ,        ,        ,      
porvaju01, 1982,     1, NJD , NHL , R  ,  8.0,  1.0,   3.0,   4.0,   4.0, -1.0 ,  0.0,     ,  0.0,     ,  0.0, 0.0,  10.0,       ,      ,      ,        ,        ,        ,        ,        ,        ,        ,        ,      
posavi01 , 1985,     1, CHI , NHL , L  ,  2.0,  0.0,   0.0,   0.0,   2.0, 0.0  ,  0.0,     ,  0.0,     ,  0.0, 0.0,   1.0,       ,      ,      ,        ,        ,        ,        ,        ,        ,        ,        ,      
posavmi01, 1985,     1, STL , NHL , D  ,  6.0,  0.0,   0.0,   0.0,   0.0, -1.0 ,  0.0,     ,  0.0,     ,  0.0, 0.0,   2.0,       ,      ,      ,        ,        ,        ,        ,        ,        ,        ,        ,      
posavmi01, 1986,     1, STL , NHL , D  ,  2.0,  0.0,   0.0,   0.0,   0.0, 1.0  ,  0.0,     ,  0.0,     ,  0.0, 0.0,   0.0,       ,      ,      ,        ,        ,        ,        ,        ,        ,        ,        ,      
posmyma01, 1999,     1, TBL , NHL , D  , 18.0,  1.0,   2.0,   3.0,  20.0, 1.0  ,  0.0,  0.0,  0.0,  0.0,  0.0, 0.0,  22.0,       ,      ,      ,        ,        ,        ,        ,        ,        ,        ,        ,      
posmyma01, 2000,     1, TBL , NHL , D  ,  1.0,  0.0,   0.0,   0.0,   0.0, -1.0 ,  0.0,  0.0,  0.0,  0.0,  0.0, 0.0,   0.0,       ,      ,      ,        ,        ,        ,        ,        ,        ,        ,        ,      
pothibr01, 2000,     1, ATL , NHL , D  ,  3.0,  0.0,   0.0,   0.0,   2.0, 4.0  ,  0.0,  0.0,  0.0,  0.0,  0.0, 0.0,   0.0,       ,      ,      ,        ,        ,        ,        ,        ,        ,        ,        ,      
pothibr01, 2001,     1, ATL , NHL , D  , 33.0,  3.0,   6.0,   9.0,  22.0, -19.0,  1.0,  0.0,  0.0,  0.0,  1.0, 0.0,  65.0,       ,      ,      ,        ,        ,        ,        ,        ,        ,        ,        ,      
pothibr01, 2002,     1, OTT , NHL , D  , 14.0,  2.0,   4.0,   6.0,   6.0, 11.0 ,  0.0,  1.0,  0.0,  0.0,  1.0, 0.0,  23.0,    1.0,   0.0,   0.0,     0.0,     2.0, 0.0    ,     0.0,     0.0,     0.0,     0.0,     0.0,     1.0
pothibr01, 2003,     1, OTT , NHL , D  , 55.0,  2.0,   6.0,   8.0,  24.0, 6.0  ,  1.0,  2.0,  0.0,  0.0,  1.0, 0.0,  78.0,    7.0,   0.0,   0.0,     0.0,     6.0, -2.0   ,     0.0,     0.0,     0.0,     0.0,     0.0,     8.0
pothibr01, 2005,     1, OTT , NHL , D  , 77.0,  5.0,  30.0,  35.0,  59.0, 29.0 ,  3.0, 14.0,  0.0,  0.0,  0.0,    , 133.0,    8.0,   2.0,   1.0,     3.0,     2.0, 1.0    ,     0.0,     1.0,     0.0,     0.0,     0.0,    10.0
pothibr01, 2006,     1, WAS , NHL , D  , 72.0,  3.0,  25.0,  28.0,  44.0, -11.0,  2.0, 13.0,  0.0,  0.0,  0.0,    , 118.0,       ,      ,      ,        ,        ,        ,        ,        ,        ,        ,        ,      
pothibr01, 2007,     1, WAS , NHL , D  , 38.0,  5.0,   9.0,  14.0,  20.0, 5.0  ,  1.0,  3.0,  0.0,  0.0,  1.0,    ,  65.0,       ,      ,      ,        ,        ,        ,        ,        ,        ,        ,        ,      
pothibr01, 2008,     1, WAS , NHL , D  ,  9.0,  1.0,   2.0,   3.0,   4.0, 0.0  ,  0.0,  1.0,  0.0,  0.0,  1.0,    ,   8.0,   13.0,   0.0,   2.0,     2.0,     8.0, 1.0    ,     0.0,     1.0,     0.0,     0.0,     0.0,    11.0
pothibr01, 2009,     1, WAS , NHL , D  , 41.0,  4.0,   7.0,  11.0,  10.0, 12.0 ,  1.0,  1.0,  0.0,  0.0,  1.0,    ,  57.0,       ,      ,      ,        ,        ,        ,        ,        ,        ,        ,        ,      
pothibr01, 2009,     2, CAR , NHL , D  , 20.0,  1.0,   3.0,   4.0,  11.0, -8.0 ,  0.0,  2.0,  0.0,  0.0,  1.0,    ,  24.0,       ,      ,      ,        ,        ,        ,        ,        ,        ,        ,        ,      
potito01 , 1998,     1, EDM , NHL , D  , 73.0,  5.0,  16.0,  21.0,  42.0, 10.0 ,  2.0,  7.0,  0.0,  0.0,  3.0, 0.0,  94.0,    4.0,   0.0,   1.0,     1.0,     2.0, -3.0   ,     0.0,     1.0,     0.0,     0.0,     0.0,     9.0
potito01 , 1999,     1, EDM , NHL , D  , 76.0,  9.0,  26.0,  35.0,  65.0, 8.0  ,  2.0, 11.0,  1.0,  0.0,  1.0, 0.0, 125.0,    5.0,   0.0,   1.0,     1.0,     0.0, -3.0   ,     0.0,     1.0,     0.0,     0.0,     0.0,     7.0
potito01 , 2000,     1, EDM , NHL , D  , 81.0, 12.0,  20.0,  32.0,  60.0, -4.0 ,  6.0, 12.0,  0.0,  1.0,  3.0, 0.0, 161.0,    6.0,   0.0,   2.0,     2.0,     2.0, 2.0    ,     0.0,     1.0,     0.0,     0.0,     0.0,     7.0
potito01 , 2001,     1, EDM , NHL , D  , 55.0,  1.0,  16.0,  17.0,  42.0, -6.0 ,  1.0,  7.0,  0.0,  2.0,  0.0, 0.0, 100.0,       ,      ,      ,        ,        ,        ,        ,        ,        ,        ,        ,      
potito01 , 2001,     2, NYR , NHL , D  , 11.0,  1.0,   7.0,   8.0,   2.0, -4.0 ,  1.0,  3.0,  0.0,  0.0,  1.0, 0.0,   9.0,       ,      ,      ,        ,        ,        ,        ,        ,        ,        ,        ,      
potito01 , 2002,     1, NYR , NHL , D  , 80.0, 11.0,  37.0,  48.0,  58.0, -6.0 ,  3.0, 18.0,  0.0,  1.0,  2.0, 0.0, 148.0,       ,      ,      ,        ,        ,        ,        ,        ,        ,        ,        ,      
potito01 , 2003,     1, NYR , NHL , D  , 67.0, 10.0,  14.0,  24.0,  47.0, -1.0 ,  4.0,  4.0,  0.0,  0.0,  5.0, 0.0, 124.0,       ,      ,      ,        ,        ,        ,        ,        ,        ,        ,        ,      
potito01 , 2005,     1, NYR , NHL , D  , 73.0,  3.0,  20.0,  23.0,  70.0, 16.0 ,  2.0, 12.0,  0.0,  0.0,  2.0,    , 122.0,    4.0,   0.0,   0.0,     0.0,     2.0, -4.0   ,     0.0,     0.0,     0.0,     0.0,     0.0,     7.0
potito01 , 2006,     1, NYI , NHL , D  , 78.0,  6.0,  38.0,  44.0,  74.0, -1.0 ,  6.0, 26.0,  0.0,  1.0,  1.0,    , 134.0,    5.0,   0.0,   3.0,     3.0,     6.0, 0.0    ,     0.0,     1.0,     0.0,     0.0,     0.0,     4.0
potito01 , 2007,     1, WAS , NHL , D  , 71.0,  2.0,  27.0,  29.0,  46.0, 9.0  ,  0.0,  8.0,  0.0,  0.0,  0.0,    ,  99.0,    7.0,   0.0,   1.0,     1.0,     8.0, -1.0   ,     0.0,     0.0,     0.0,     0.0,     0.0,     9.0
potito01 , 2008,     1, WAS , NHL , D  , 52.0,  3.0,  10.0,  13.0,  28.0, 3.0  ,  0.0,  2.0,  0.0,  1.0,  1.0,    ,  48.0,   14.0,   2.0,   5.0,     7.0,     4.0, 8.0    ,     1.0,     2.0,     0.0,     0.0,     0.0,    13.0
potito01 , 2009,     1, WAS , NHL , D  , 70.0,  4.0,  20.0,  24.0,  42.0, 26.0 ,  2.0,  4.0,  0.0,  0.0,  0.0,    ,  69.0,    6.0,   0.0,   4.0,     4.0,     5.0, 9.0    ,     0.0,     0.0,     0.0,     2.0,     0.0,     6.0
potomba01, 1995,     1, LAK , NHL , L  , 33.0,  3.0,   2.0,   5.0, 104.0, -7.0 ,  1.0,  0.0,  0.0,  0.0,  0.0, 0.0,  23.0,       ,      ,      ,        ,        ,        ,        ,        ,        ,        ,        ,      
potomba01, 1996,     1, LAK , NHL , L  , 26.0,  3.0,   2.0,   5.0,  93.0, -8.0 ,  0.0,  0.0,  0.0,  0.0,  1.0, 0.0,  18.0,       ,      ,      ,        ,        ,        ,        ,        ,        ,        ,        ,      
potomba01, 1997,     1, SJS , NHL , L  ,  9.0,  0.0,   1.0,   1.0,  30.0, 1.0  ,  0.0,  0.0,  0.0,  0.0,  0.0, 0.0,   4.0,       ,      ,      ,        ,        ,        ,        ,        ,        ,        ,        ,      
potteco01, 2008,     1, NYR , NHL , D  ,  5.0,  1.0,   1.0,   2.0,   0.0, -1.0 ,  0.0,  0.0,  0.0,  0.0,  0.0,    ,   4.0,       ,      ,      ,        ,        ,        ,        ,        ,        ,        ,        ,      
potteco01, 2009,     1, NYR , NHL , D  ,  3.0,  0.0,   0.0,   0.0,   2.0, 0.0  ,  0.0,  0.0,  0.0,  0.0,  0.0,    ,   2.0,       ,      ,      ,        ,        ,        ,        ,        ,        ,        ,        ,      
potulry01, 2005,     1, PHI , NHL , C  ,  2.0,  0.0,   1.0,   1.0,   0.0, 1.0  ,  0.0,  0.0,  0.0,  0.0,  0.0,    ,   0.0,       ,      ,      ,        ,        ,        ,        ,        ,        ,        ,        ,      
potulry01, 2006,     1, PHI , NHL , C  , 35.0,  7.0,   5.0,  12.0,  22.0, 1.0  ,  0.0,  1.0,  0.0,  0.0,  2.0,    ,  56.0,       ,      ,      ,        ,        ,        ,        ,        ,        ,        ,        ,      
potulry01, 2007,     1, PHI , NHL , C  ,  7.0,  0.0,   1.0,   1.0,   4.0, 0.0  ,  0.0,  1.0,  0.0,  0.0,  0.0,    ,   5.0,       ,      ,      ,        ,        ,        ,        ,        ,        ,        ,        ,      
potulry01, 2008,     1, EDM , NHL , C  ,  8.0,  0.0,   3.0,   3.0,   0.0, 2.0  ,  0.0,  0.0,  0.0,  0.0,  0.0,    ,   9.0,       ,      ,      ,        ,        ,        ,        ,        ,        ,        ,        ,      
potulry01, 2009,     1, EDM , NHL , C  , 64.0, 15.0,  17.0,  32.0,  28.0, -21.0,  7.0,  3.0,  1.0,  1.0,  2.0,    , 152.0,       ,      ,      ,        ,        ,        ,        ,        ,        ,        ,        ,      
potvide01, 1973,     1, NYI , NHL , D  , 77.0, 17.0,  37.0,  54.0, 175.0, -16.0,  6.0,     ,  0.0,     ,  3.0, 3.0, 209.0,       ,      ,      ,        ,        ,        ,        ,        ,        ,        ,        ,      
potvide01, 1974,     1, NYI , NHL , D  , 79.0, 21.0,  55.0,  76.0, 105.0, 28.0 ,  5.0,     ,  2.0,     ,  4.0, 0.0, 211.0,   17.0,   5.0,   9.0,    14.0,    30.0,        ,     3.0,        ,     1.0,        ,     0.0,      
potvide01, 1975,     1, NYI , NHL , D  , 78.0, 31.0,  67.0,  98.0, 100.0, 12.0 , 18.0,     ,  0.0,     ,  4.0, 2.0, 256.0,   13.0,   5.0,  14.0,    19.0,    32.0,        ,     2.0,        ,     0.0,        ,     1.0,      
potvide01, 1976,     1, NYI , NHL , D  , 80.0, 25.0,  55.0,  80.0, 103.0, 42.0 ,  7.0,     ,  1.0,     ,  4.0, 0.0, 241.0,   12.0,   6.0,   4.0,    10.0,    20.0,        ,     2.0,        ,     0.0,        ,     0.0,      
potvide01, 1977,     1, NYI , NHL , D  , 80.0, 30.0,  64.0,  94.0,  81.0, 57.0 ,  9.0,     ,  0.0,     ,  6.0, 0.0, 288.0,    7.0,   2.0,   2.0,     4.0,     6.0,        ,     0.0,        ,     0.0,        ,     0.0,      
potvide01, 1978,     1, NYI , NHL , D  , 73.0, 31.0,  70.0, 101.0,  58.0, 71.0 , 12.0,     ,  3.0,     ,  2.0, 1.0, 237.0,   10.0,   4.0,   7.0,    11.0,     8.0,        ,     0.0,        ,     0.0,        ,     1.0,      
potvide01, 1979,     1, NYI , NHL , D  , 31.0,  8.0,  33.0,  41.0,  44.0, 13.0 ,  4.0,     ,  0.0,     ,  0.0, 0.0,  98.0,   21.0,   6.0,  13.0,    19.0,    24.0,        ,     4.0,        ,     0.0,        ,     1.0,      
potvide01, 1980,     1, NYI , NHL , D  , 74.0, 20.0,  56.0,  76.0, 104.0, 38.0 ,  9.0,     ,  0.0,     ,  4.0, 1.0, 206.0,   18.0,   8.0,  17.0,    25.0,    16.0,        ,     6.0,        ,     1.0,        ,     2.0,      
potvide01, 1981,     1, NYI , NHL , D  , 60.0, 24.0,  37.0,  61.0,  83.0, 38.0 , 11.0,     ,  1.0,     ,  4.0, 0.0, 169.0,   19.0,   5.0,  16.0,    21.0,    30.0,        ,     3.0,        ,     0.0,        ,     0.0,      
potvide01, 1982,     1, NYI , NHL , D  , 69.0, 12.0,  54.0,  66.0,  60.0, 32.0 ,  4.0,     ,  1.0,     ,  1.0, 1.0, 191.0,   20.0,   8.0,  12.0,    20.0,    22.0,        ,     4.0,        ,     0.0,        ,     1.0,      
potvide01, 1983,     1, NYI , NHL , D  , 78.0, 22.0,  63.0,  85.0,  87.0, 55.0 , 11.0,     ,  1.0,     ,  3.0, 0.0, 246.0,   20.0,   1.0,   5.0,     6.0,    28.0, -5.0   ,     1.0,        ,     0.0,        ,     0.0,    56.0
potvide01, 1984,     1, NYI , NHL , D  , 77.0, 17.0,  51.0,  68.0,  96.0, 36.0 ,  6.0,     ,  0.0,     ,  1.0, 0.0, 198.0,   10.0,   3.0,   2.0,     5.0,    10.0, 0.0    ,     1.0,        ,     0.0,        ,     1.0,    22.0
potvide01, 1985,     1, NYI , NHL , D  , 74.0, 21.0,  38.0,  59.0,  78.0, 34.0 ,  8.0,     ,  1.0,     ,  4.0, 0.0, 168.0,    3.0,   0.0,   1.0,     1.0,     0.0, -2.0   ,     0.0,        ,     0.0,        ,     0.0,     4.0
potvide01, 1986,     1, NYI , NHL , D  , 58.0, 12.0,  30.0,  42.0,  70.0, -6.0 ,  8.0,     ,  0.0,     ,  1.0, 1.0, 147.0,   10.0,   2.0,   2.0,     4.0,    21.0, -7.0   ,     1.0,        ,     0.0,        ,     0.0,    22.0
potvide01, 1987,     1, NYI , NHL , D  , 72.0, 19.0,  32.0,  51.0, 112.0, 26.0 ,  9.0, 19.0,  0.0,  0.0,  3.0, 0.0, 188.0,    5.0,   1.0,   4.0,     5.0,     6.0, -3.0   ,     1.0,     3.0,     0.0,     0.0,     0.0,    15.0
potvife01, 1991,     1, TOR , NHL , G  ,  4.0,  0.0,   0.0,   0.0,   0.0, 0.0  ,  0.0,  0.0,  0.0,  0.0,  0.0, 0.0,   0.0,       ,      ,      ,        ,        ,        ,        ,        ,        ,        ,        ,      
potvife01, 1992,     1, TOR , NHL , G  , 48.0,  0.0,   1.0,   1.0,   4.0, 0.0  ,  0.0,  0.0,  0.0,  0.0,  0.0, 0.0,   0.0,   21.0,   0.0,   0.0,     0.0,     6.0, 0.0    ,     0.0,     0.0,     0.0,     0.0,     0.0,     0.0
potvife01, 1993,     1, TOR , NHL , G  , 66.0,  0.0,   4.0,   4.0,   4.0, 0.0  ,  0.0,  1.0,  0.0,  0.0,  0.0, 0.0,   0.0,   18.0,   0.0,   0.0,     0.0,     4.0, 0.0    ,     0.0,     0.0,     0.0,     0.0,     0.0,     0.0
potvife01, 1994,     1, TOR , NHL , G  , 36.0,  0.0,   0.0,   0.0,   4.0, 0.0  ,  0.0,  0.0,  0.0,  0.0,  0.0, 0.0,   0.0,    7.0,   0.0,   0.0,     0.0,     0.0, 0.0    ,     0.0,     0.0,     0.0,     0.0,     0.0,     0.0
potvife01, 1995,     1, TOR , NHL , G  , 69.0,  0.0,   0.0,   0.0,   4.0, 0.0  ,  0.0,  0.0,  0.0,  0.0,  0.0, 0.0,   0.0,    6.0,   0.0,   0.0,     0.0,     2.0, 0.0    ,     0.0,     0.0,     0.0,     0.0,     0.0,     0.0
potvife01, 1996,     1, TOR , NHL , G  , 74.0,  0.0,   3.0,   3.0,  19.0, 0.0  ,  0.0,  0.0,  0.0,  1.0,  0.0, 0.0,   0.0,       ,      ,      ,        ,        ,        ,        ,        ,        ,        ,        ,      
potvife01, 1997,     1, TOR , NHL , G  , 67.0,  0.0,   0.0,   0.0,   8.0, 0.0  ,  0.0,  0.0,  0.0,  0.0,  0.0, 0.0,   0.0,       ,      ,      ,        ,        ,        ,        ,        ,        ,        ,        ,      
potvife01, 1998,     1, TOR , NHL , G  ,  5.0,  0.0,   0.0,   0.0,   0.0, 0.0  ,  0.0,  0.0,  0.0,  0.0,  0.0, 0.0,   0.0,       ,      ,      ,        ,        ,        ,        ,        ,        ,        ,        ,      
potvife01, 1998,     2, NYI , NHL , G  , 11.0,  0.0,   0.0,   0.0,   0.0, 0.0  ,  0.0,  0.0,  0.0,  0.0,  0.0, 0.0,   0.0,       ,      ,      ,        ,        ,        ,        ,        ,        ,        ,        ,      
potvife01, 1999,     1, NYI , NHL , G  , 22.0,  0.0,   0.0,   0.0,   2.0, 0.0  ,  0.0,  0.0,  0.0,  0.0,  0.0, 0.0,   0.0,       ,      ,      ,        ,        ,        ,        ,        ,        ,        ,        ,      
potvife01, 1999,     2, VAN , NHL , G  , 34.0,  0.0,   2.0,   2.0,   2.0, 0.0  ,  0.0,  0.0,  0.0,  0.0,  0.0, 0.0,   0.0,       ,      ,      ,        ,        ,        ,        ,        ,        ,        ,        ,      
potvife01, 2000,     1, VAN , NHL , G  , 35.0,  0.0,   2.0,   2.0,   2.0, 0.0  ,  0.0,  1.0,  0.0,  0.0,  0.0, 0.0,   0.0,       ,      ,      ,        ,        ,        ,        ,        ,        ,        ,        ,      
potvife01, 2000,     2, LAK , NHL , G  , 23.0,  0.0,   3.0,   3.0,   2.0, 0.0  ,  0.0,  0.0,  0.0,  1.0,  0.0, 0.0,   0.0,   13.0,   0.0,   0.0,     0.0,     4.0, 0.0    ,     0.0,     0.0,     0.0,     0.0,     0.0,     0.0
potvife01, 2001,     1, LAK , NHL , G  , 71.0,  0.0,   1.0,   1.0,  19.0, 0.0  ,  0.0,  0.0,  0.0,  0.0,  0.0, 0.0,   0.0,    7.0,   0.0,   0.0,     0.0,     0.0, 0.0    ,     0.0,     0.0,     0.0,     0.0,     0.0,     0.0
potvife01, 2002,     1, LAK , NHL , G  , 42.0,  0.0,   0.0,   0.0,   4.0, 0.0  ,  0.0,  0.0,  0.0,  0.0,  0.0, 0.0,   0.0,       ,      ,      ,        ,        ,        ,        ,        ,        ,        ,        ,      
potvife01, 2003,     1, BOS , NHL , G  , 28.0,  0.0,   0.0,   0.0,   8.0, 0.0  ,  0.0,  0.0,  0.0,  0.0,  0.0, 0.0,   0.0,       ,      ,      ,        ,        ,        ,        ,        ,        ,        ,        ,      
potvije01, 1970,     1, LAK , NHL , D  ,  4.0,  1.0,   3.0,   4.0,   2.0, 5.0  ,  0.0,     ,  0.0,     ,  0.0, 0.0,   5.0,       ,      ,      ,        ,        ,        ,        ,        ,        ,        ,        ,      
potvije01, 1971,     1, LAK , NHL , D  , 39.0,  2.0,   3.0,   5.0,  35.0, -39.0,  0.0,     ,  0.0,     ,  0.0, 0.0,  55.0,       ,      ,      ,        ,        ,        ,        ,        ,        ,        ,        ,      
potvije01, 1971,     2, PHI , NHL , D  , 29.0,  3.0,  12.0,  15.0,   6.0, -6.0 ,  2.0,     ,  0.0,     ,  1.0, 0.0,  23.0,       ,      ,      ,        ,        ,        ,        ,        ,        ,        ,        ,      
potvije01, 1972,     1, PHI , NHL , D  , 35.0,  3.0,   9.0,  12.0,  10.0, -1.0 ,  1.0,     ,  0.0,     ,  1.0, 0.0,  27.0,       ,      ,      ,        ,        ,        ,        ,        ,        ,        ,        ,      
potvije01, 1972,     2, NYI , NHL , D  , 10.0,  0.0,   3.0,   3.0,  12.0, -3.0 ,  0.0,     ,  0.0,     ,  0.0, 0.0,  18.0,       ,      ,      ,        ,        ,        ,        ,        ,        ,        ,        ,      
potvije01, 1973,     1, NYI , NHL , D  , 78.0,  5.0,  23.0,  28.0, 100.0, -26.0,  2.0,     ,  0.0,     ,  0.0, 0.0, 114.0,       ,      ,      ,        ,        ,        ,        ,        ,        ,        ,        ,      
potvije01, 1974,     1, NYI , NHL , D  , 73.0,  9.0,  24.0,  33.0,  59.0, -3.0 ,  6.0,     ,  1.0,     ,  4.0, 1.0, 115.0,   15.0,   2.0,   4.0,     6.0,     9.0,        ,     0.0,        ,     0.0,        ,     0.0,      
potvije01, 1975,     1, NYI , NHL , D  , 78.0, 17.0,  55.0,  72.0,  74.0, 16.0 ,  9.0,     ,  1.0,     ,  2.0, 0.0, 167.0,   13.0,   0.0,   1.0,     1.0,     2.0,        ,     0.0,        ,     0.0,        ,     0.0,      
potvije01, 1976,     1, NYI , NHL , D  , 79.0, 10.0,  36.0,  46.0,  26.0, 14.0 ,  1.0,     ,  1.0,     ,  0.0, 0.0, 124.0,   11.0,   0.0,   4.0,     4.0,     6.0,        ,     0.0,        ,     0.0,        ,     0.0,      
potvije01, 1977,     1, NYI , NHL , D  , 34.0,  1.0,  10.0,  11.0,   8.0, 11.0 ,  0.0,     ,  0.0,     ,  0.0, 0.0,  36.0,       ,      ,      ,        ,        ,        ,        ,        ,        ,        ,        ,      
potvije01, 1977,     2, CLE , NHL , D  , 40.0,  3.0,  14.0,  17.0,  30.0, -4.0 ,  0.0,     ,  0.0,     ,  1.0, 0.0,  85.0,       ,      ,      ,        ,        ,        ,        ,        ,        ,        ,        ,      
potvije01, 1978,     1, MNS , NHL , D  , 64.0,  5.0,  16.0,  21.0,  65.0, -10.0,  2.0,     ,  2.0,     ,  1.0, 1.0,  89.0,       ,      ,      ,        ,        ,        ,        ,        ,        ,        ,        ,      
potvije01, 1979,     1, NYI , NHL , D  , 32.0,  2.0,  13.0,  15.0,  26.0, -12.0,  2.0,     ,  0.0,     ,  0.0, 0.0,  49.0,       ,      ,      ,        ,        ,        ,        ,        ,        ,        ,        ,      
potvije01, 1980,     1, NYI , NHL , D  , 18.0,  2.0,   3.0,   5.0,  25.0, -4.0 ,  2.0,     ,  0.0,     ,  1.0, 0.0,  16.0,       ,      ,      ,        ,        ,        ,        ,        ,        ,        ,        ,      
potvima01, 1990,     1, DET , NHL , R  ,  9.0,  0.0,   0.0,   0.0,  55.0, -4.0 ,  0.0,  0.0,  0.0,  0.0,  0.0, 0.0,  13.0,    6.0,   0.0,   0.0,     0.0,    32.0, -3.0   ,     0.0,     0.0,     0.0,     0.0,     0.0,     2.0
potvima01, 1991,     1, DET , NHL , R  ,  5.0,  1.0,   0.0,   1.0,  52.0, -2.0 ,  0.0,  0.0,  0.0,  0.0,  0.0, 0.0,   4.0,    1.0,   0.0,   0.0,     0.0,     0.0, 0.0    ,     0.0,     0.0,     0.0,     0.0,     0.0,     0.0
potvima01, 1992,     1, LAK , NHL , R  , 20.0,  0.0,   1.0,   1.0,  61.0, -10.0,  0.0,  0.0,  0.0,  0.0,  0.0, 0.0,   7.0,    1.0,   0.0,   0.0,     0.0,     0.0, 0.0    ,     0.0,     0.0,     0.0,     0.0,     0.0,     0.0
potvima01, 1993,     1, LAK , NHL , R  ,  3.0,  0.0,   0.0,   0.0,  26.0, -3.0 ,  0.0,  0.0,  0.0,  0.0,  0.0, 0.0,   1.0,       ,      ,      ,        ,        ,        ,        ,        ,        ,        ,        ,      
potvima01, 1993,     2, HAR , NHL , R  , 51.0,  2.0,   3.0,   5.0, 246.0, -5.0 ,  0.0,  0.0,  0.0,  0.0,  0.0, 0.0,  25.0,       ,      ,      ,        ,        ,        ,        ,        ,        ,        ,        ,      
potvima01, 1994,     1, BOS , NHL , R  ,  6.0,  0.0,   1.0,   1.0,   4.0, 1.0  ,  0.0,  0.0,  0.0,  0.0,  0.0, 0.0,   4.0,       ,      ,      ,        ,        ,        ,        ,        ,        ,        ,        ,      
potvima01, 1995,     1, BOS , NHL , R  , 27.0,  0.0,   0.0,   0.0,  12.0, -2.0 ,  0.0,  0.0,  0.0,  0.0,  0.0, 0.0,  14.0,    5.0,   0.0,   1.0,     1.0,    18.0, -2.0   ,     0.0,     0.0,     0.0,     0.0,     0.0,     5.0
poudrda01, 1985,     1, QUE , NHL , D  , 13.0,  1.0,   5.0,   6.0,  10.0, 2.0  ,  0.0,     ,  0.0,     ,  1.0, 0.0,   6.0,       ,      ,      ,        ,        ,        ,        ,        ,        ,        ,        ,      
poudrda01, 1986,     1, QUE , NHL , D  ,  6.0,  0.0,   0.0,   0.0,   0.0, -2.0 ,  0.0,     ,  0.0,     ,  0.0, 0.0,   2.0,       ,      ,      ,        ,        ,        ,        ,        ,        ,        ,        ,      
poudrda01, 1987,     1, QUE , NHL , D  ,  6.0,  0.0,   0.0,   0.0,   0.0, -1.0 ,  0.0,  0.0,  0.0,  0.0,  0.0, 0.0,   0.0,       ,      ,      ,        ,        ,        ,        ,        ,        ,        ,        ,      
pouli01  , 1910,     1, QU1 , NHA ,    ,  1.0,  0.0,   0.0,   0.0,   0.0,      ,     ,     ,     ,     ,     ,    ,      ,       ,      ,      ,        ,        ,        ,        ,        ,        ,        ,        ,      
poulibe01, 2006,     1, MIN , NHL , L  ,  3.0,  0.0,   0.0,   0.0,   0.0, -1.0 ,  0.0,  0.0,  0.0,  0.0,  0.0,    ,   1.0,       ,      ,      ,        ,        ,        ,        ,        ,        ,        ,        ,      
poulibe01, 2007,     1, MIN , NHL , L  , 11.0,  2.0,   1.0,   3.0,   0.0, -1.0 ,  0.0,  1.0,  0.0,  0.0,  0.0,    ,  10.0,    1.0,   0.0,   0.0,     0.0,     0.0, 1.0    ,     0.0,     0.0,     0.0,     0.0,     0.0,     2.0
poulibe01, 2008,     1, MIN , NHL , L  , 37.0,  5.0,   6.0,  11.0,  18.0, 1.0  ,  2.0,  2.0,  0.0,  0.0,  1.0,    ,  34.0,       ,      ,      ,        ,        ,        ,        ,        ,        ,        ,        ,      
poulibe01, 2009,     1, MIN , NHL , L  , 14.0,  2.0,   2.0,   4.0,  12.0, 0.0  ,  0.0,  0.0,  0.0,  0.0,  0.0,    ,  19.0,       ,      ,      ,        ,        ,        ,        ,        ,        ,        ,        ,      
poulibe01, 2009,     2, MTL , NHL , L  , 39.0, 15.0,   9.0,  24.0,  31.0, 8.0  ,  4.0,  2.0,  0.0,  0.0,  3.0,    ,  92.0,   18.0,   0.0,   2.0,     2.0,     6.0, -5.0   ,     0.0,     0.0,     0.0,     0.0,     0.0,    22.0
poulida01, 1981,     1, MNS , NHL , D  ,  3.0,  1.0,   1.0,   2.0,   2.0, 1.0  ,  0.0,     ,  0.0,     ,  0.0, 0.0,   8.0,       ,      ,      ,        ,        ,        ,        ,        ,        ,        ,        ,      
poulida02, 1982,     1, PHI , NHL , C  ,  2.0,  2.0,   0.0,   2.0,   2.0, 1.0  ,  0.0,     ,  1.0,     ,  1.0, 0.0,   4.0,    3.0,   1.0,   3.0,     4.0,     9.0,        ,     0.0,        ,     0.0,        ,     0.0,      
poulida02, 1983,     1, PHI , NHL , L  , 73.0, 31.0,  45.0,  76.0,  47.0, 31.0 ,  6.0,     ,  3.0,     ,  6.0, 1.0, 185.0,    3.0,   0.0,   0.0,     0.0,     2.0, -4.0   ,     0.0,        ,     0.0,        ,     0.0,     5.0
poulida02, 1984,     1, PHI , NHL , C  , 73.0, 30.0,  44.0,  74.0,  59.0, 43.0 ,  1.0,     ,  4.0,     ,  5.0, 0.0, 174.0,   11.0,   3.0,   5.0,     8.0,     6.0, -1.0   ,     0.0,        ,     2.0,        ,     0.0,    20.0
poulida02, 1985,     1, PHI , NHL , C  , 79.0, 27.0,  42.0,  69.0,  49.0, 20.0 ,  2.0,     ,  6.0,     ,  2.0, 1.0, 181.0,    5.0,   2.0,   0.0,     2.0,     2.0, -4.0   ,     1.0,        ,     0.0,        ,     0.0,    10.0
poulida02, 1986,     1, PHI , NHL , C  , 75.0, 25.0,  45.0,  70.0,  53.0, 47.0 ,  1.0,     ,  3.0,     ,  5.0, 1.0, 155.0,   15.0,   3.0,   3.0,     6.0,    14.0, 1.0    ,     1.0,        ,     1.0,        ,     0.0,    21.0
poulida02, 1987,     1, PHI , NHL , C  , 68.0, 19.0,  32.0,  51.0,  32.0, 17.0 ,  1.0,  3.0,  5.0,  2.0,  3.0, 0.0, 125.0,    7.0,   2.0,   6.0,     8.0,     4.0, 5.0    ,     1.0,     0.0,     0.0,     0.0,     1.0,    13.0
poulida02, 1988,     1, PHI , NHL , C  , 69.0, 18.0,  17.0,  35.0,  49.0, 4.0  ,  1.0,  0.0,  5.0,  4.0,  4.0, 0.0,  81.0,   19.0,   6.0,   5.0,    11.0,    16.0, 5.0    ,     0.0,     0.0,     2.0,     3.0,     2.0,    27.0
poulida02, 1989,     1, PHI , NHL , C  , 28.0,  9.0,   8.0,  17.0,  12.0, 5.0  ,  0.0,     ,  0.0,     ,  1.0, 1.0,  46.0,       ,      ,      ,        ,        ,        ,        ,        ,        ,        ,        ,      
poulida02, 1989,     2, BOS , NHL , C  , 32.0,  6.0,  19.0,  25.0,  12.0, 11.0 ,  0.0,     ,  1.0,     ,  0.0, 0.0,  42.0,   18.0,   8.0,   5.0,    13.0,     8.0, 1.0    ,     2.0,     0.0,     0.0,     2.0,     2.0,    36.0
poulida02, 1990,     1, BOS , NHL , C  , 31.0,  8.0,  12.0,  20.0,  25.0, 5.0  ,  0.0,  0.0,  2.0,  1.0,  0.0, 0.0,  60.0,   16.0,   0.0,   9.0,     9.0,    20.0, 3.0    ,     0.0,     0.0,     0.0,     0.0,     0.0,    17.0
poulida02, 1991,     1, BOS , NHL , C  , 18.0,  4.0,   4.0,   8.0,  18.0, -2.0 ,  0.0,  1.0,  1.0,  0.0,  1.0, 0.0,  31.0,   15.0,   3.0,   3.0,     6.0,    22.0, 2.0    ,     1.0,     0.0,     0.0,     0.0,     1.0,    24.0
poulida02, 1992,     1, BOS , NHL , C  , 84.0, 16.0,  33.0,  49.0,  62.0, 29.0 ,  0.0,  2.0,  5.0,  4.0,  0.0, 0.0, 112.0,    4.0,   1.0,   1.0,     2.0,    10.0, -3.0   ,     0.0,     0.0,     1.0,     0.0,     0.0,     6.0
poulida02, 1993,     1, WAS , NHL , C  , 63.0,  6.0,  19.0,  25.0,  52.0, -1.0 ,  0.0,  0.0,  1.0,  1.0,  0.0, 0.0,  64.0,   11.0,   2.0,   2.0,     4.0,    19.0, -3.0   ,     0.0,     0.0,     0.0,     1.0,     0.0,    13.0
poulida02, 1994,     1, WAS , NHL , L  , 29.0,  4.0,   5.0,   9.0,  10.0, 2.0  ,  0.0,  0.0,  2.0,  0.0,  0.0, 1.0,  30.0,    2.0,   0.0,   0.0,     0.0,     0.0, -1.0   ,     0.0,     0.0,     0.0,     0.0,     0.0,     3.0
poulima01, 2005,     1, EDM , NHL , C  ,  8.0,  1.0,   0.0,   1.0,   0.0, 1.0  ,  0.0,  0.0,  0.0,  0.0,  0.0,    ,   5.0,       ,      ,      ,        ,        ,        ,        ,        ,        ,        ,        ,      
poulima01, 2006,     1, EDM , NHL , C  , 46.0,  4.0,   7.0,  11.0,  18.0, -2.0 ,  0.0,  1.0,  0.0,  0.0,  0.0,    ,  73.0,       ,      ,      ,        ,        ,        ,        ,        ,        ,        ,        ,      
poulima01, 2007,     1, EDM , NHL , C  , 24.0,  1.0,   6.0,   7.0,  12.0, -1.0 ,  0.0,  1.0,  0.0,  0.0,  0.0,    ,  32.0,       ,      ,      ,        ,        ,        ,        ,        ,        ,        ,        ,      
poulima01, 2008,     1, EDM , NHL , C  , 63.0,  8.0,  12.0,  20.0,  23.0, 1.0  ,  0.0,  2.0,  0.0,  0.0,  2.0,    ,  94.0,       ,      ,      ,        ,        ,        ,        ,        ,        ,        ,        ,      
poulima01, 2009,     1, EDM , NHL , C  , 35.0,  7.0,   7.0,  14.0,  21.0, -4.0 ,  1.0,  0.0,  0.0,  0.0,  1.0,    ,  60.0,       ,      ,      ,        ,        ,        ,        ,        ,        ,        ,        ,      
poulipa01, 1991,     1, HAR , NHL , L  ,  1.0,  0.0,   0.0,   0.0,   2.0, -1.0 ,  0.0,  0.0,  0.0,  0.0,  0.0, 0.0,   0.0,    7.0,   2.0,   1.0,     3.0,     0.0, 2.0    ,     1.0,     0.0,     0.0,     0.0,     0.0,     3.0
poulipa01, 1992,     1, HAR , NHL , L  , 81.0, 20.0,  31.0,  51.0,  37.0, -19.0,  4.0,  6.0,  0.0,  0.0,  2.0, 0.0, 160.0,       ,      ,      ,        ,        ,        ,        ,        ,        ,        ,        ,      
poulipa01, 1993,     1, HAR , NHL , L  ,  9.0,  2.0,   1.0,   3.0,  11.0, -8.0 ,  1.0,  0.0,  0.0,  0.0,  0.0, 0.0,  13.0,       ,      ,      ,        ,        ,        ,        ,        ,        ,        ,        ,      
poulipa01, 1993,     2, CHI , NHL , L  , 58.0, 12.0,  13.0,  25.0,  40.0, 0.0  ,  1.0,  1.0,  0.0,  0.0,  3.0, 0.0,  83.0,    4.0,   0.0,   0.0,     0.0,     0.0, 0.0    ,     0.0,     0.0,     0.0,     0.0,     0.0,     3.0
poulipa01, 1994,     1, CHI , NHL , L  , 45.0, 15.0,  15.0,  30.0,  53.0, 13.0 ,  4.0,  2.0,  0.0,  0.0,  2.0, 0.0,  77.0,   16.0,   4.0,   1.0,     5.0,     8.0, 1.0    ,     1.0,     1.0,     0.0,     0.0,     0.0,    30.0
poulipa01, 1995,     1, CHI , NHL , L  , 38.0,  7.0,   8.0,  15.0,  16.0, 7.0  ,  1.0,  0.0,  0.0,  0.0,  0.0, 1.0,  40.0,       ,      ,      ,        ,        ,        ,        ,        ,        ,        ,        ,      
poulipa01, 1995,     2, TBL , NHL , L  ,  8.0,  0.0,   1.0,   1.0,   0.0, 0.0  ,  0.0,  0.0,  0.0,  0.0,  0.0, 0.0,  11.0,    2.0,   0.0,   0.0,     0.0,     0.0, 0.0    ,     0.0,     0.0,     0.0,     0.0,     0.0,     0.0
poulipa01, 1996,     1, TBL , NHL , L  , 73.0, 12.0,  14.0,  26.0,  56.0, -16.0,  2.0,  2.0,  3.0,  1.0,  1.0, 0.0, 124.0,       ,      ,      ,        ,        ,        ,        ,        ,        ,        ,        ,      
poulipa01, 1997,     1, TBL , NHL , L  , 44.0,  2.0,   7.0,   9.0,  19.0, -3.0 ,  0.0,  0.0,  0.0,  2.0,  0.0, 0.0,  49.0,       ,      ,      ,        ,        ,        ,        ,        ,        ,        ,        ,      
poulipa01, 1997,     2, MTL , NHL , L  , 34.0,  4.0,   6.0,  10.0,   8.0, -1.0 ,  0.0,  2.0,  1.0,  0.0,  1.0, 0.0,  39.0,    3.0,   0.0,   0.0,     0.0,     0.0, -1.0   ,     0.0,     0.0,     0.0,     0.0,     0.0,     1.0
poulipa01, 1998,     1, MTL , NHL , L  , 81.0,  8.0,  17.0,  25.0,  21.0, 6.0  ,  0.0,  0.0,  1.0,  0.0,  1.0, 0.0,  87.0,       ,      ,      ,        ,        ,        ,        ,        ,        ,        ,        ,      
poulipa01, 1999,     1, MTL , NHL , C  , 82.0, 10.0,   5.0,  15.0,  17.0, -15.0,  0.0,  0.0,  1.0,  1.0,  2.0, 0.0,  82.0,       ,      ,      ,        ,        ,        ,        ,        ,        ,        ,        ,      
poulipa01, 2000,     1, MTL , NHL , L  , 52.0,  9.0,  11.0,  20.0,  13.0, 1.0  ,  0.0,  2.0,  0.0,  1.0,  4.0, 0.0,  65.0,       ,      ,      ,        ,        ,        ,        ,        ,        ,        ,        ,      
poulipa01, 2001,     1, MTL , NHL , R  , 28.0,  0.0,   5.0,   5.0,   6.0, 6.0  ,  0.0,  0.0,  0.0,  0.0,  0.0, 0.0,  15.0,       ,      ,      ,        ,        ,        ,        ,        ,        ,        ,        ,      
poulisk01, 1909,     1, LES , NHA ,    , 12.0,  8.0,   0.0,   8.0,  53.0,      ,     ,     ,     ,     ,     ,    ,      ,       ,      ,      ,        ,        ,        ,        ,        ,        ,        ,        ,      
poulisk01, 1910,     1, MOC , NHA ,    , 15.0,  3.0,   0.0,   3.0,  61.0,      ,     ,     ,     ,     ,     ,    ,      ,       ,      ,      ,        ,        ,        ,        ,        ,        ,        ,        ,      
poulisk01, 1911,     1, VA1 , PCHA, L  , 16.0,  9.0,   0.0,   9.0,  50.0,      ,     ,     ,     ,     ,     ,    ,      ,       ,      ,      ,        ,        ,        ,        ,        ,        ,        ,        ,      
poulisk01, 1912,     1, VA1 , PCHA, L  , 15.0,  6.0,   4.0,  10.0,  63.0,      ,     ,     ,     ,     ,     ,    ,      ,       ,      ,      ,        ,        ,        ,        ,        ,        ,        ,        ,      
poulisk01, 1913,     1, VA1 , PCHA, L  , 15.0,  9.0,   7.0,  16.0,  40.0,      ,     ,     ,     ,     ,     ,    ,      ,       ,      ,      ,        ,        ,        ,        ,        ,        ,        ,        ,      
poulisk01, 1914,     1, VA1 , PCHA, L  , 16.0,  4.0,   4.0,   8.0,  52.0,      ,     ,     ,     ,     ,     ,    ,      ,       ,      ,      ,        ,        ,        ,        ,        ,        ,        ,        ,      
poulisk01, 1915,     1, MOC , NHA ,    , 16.0,  5.0,   1.0,   6.0,  43.0,      ,     ,     ,     ,     ,     ,    ,      ,       ,      ,      ,        ,        ,        ,        ,        ,        ,        ,        ,      
poulisk01, 1916,     1, MOC , NHA ,    ,  4.0,  0.0,   0.0,   0.0,   0.0,      ,     ,     ,     ,     ,     ,    ,      ,       ,      ,      ,        ,        ,        ,        ,        ,        ,        ,        ,      
poulisk01, 1916,     2, MOW , NHA ,    ,  6.0,  3.0,   0.0,   3.0,   0.0,      ,     ,     ,     ,     ,     ,    ,      ,       ,      ,      ,        ,        ,        ,        ,        ,        ,        ,        ,      
poulisk01, 1918,     1, VA2 , PCHA, L  ,  1.0,  0.0,   0.0,   0.0,   0.0,      ,     ,     ,     ,     ,     ,    ,      ,       ,      ,      ,        ,        ,        ,        ,        ,        ,        ,        ,      
poulisk01, 1921,     1, SMJ , WCHL, L  ,  2.0,  0.0,   1.0,   1.0,   0.0,      ,     ,     ,     ,     ,     ,    ,      ,       ,      ,      ,        ,        ,        ,        ,        ,        ,        ,        ,      
pouzaja01, 1982,     1, EDM , NHL , L  , 74.0, 15.0,  18.0,  33.0,  57.0, 17.0 ,  2.0,     ,  0.0,     ,  2.0, 0.0,  86.0,    1.0,   2.0,   0.0,     2.0,     0.0,        ,     1.0,        ,     0.0,        ,     1.0,      
pouzaja01, 1983,     1, EDM , NHL , L  , 67.0, 13.0,  19.0,  32.0,  44.0, 17.0 ,  2.0,     ,  0.0,     ,  0.0, 0.0,  87.0,   14.0,   1.0,   2.0,     3.0,    12.0, 0.0    ,     0.0,        ,     0.0,        ,     1.0,    14.0
pouzaja01, 1984,     1, EDM , NHL , L  , 33.0,  4.0,   8.0,  12.0,  28.0, 3.0  ,  0.0,     ,  0.0,     ,  1.0, 0.0,  36.0,    9.0,   2.0,   1.0,     3.0,     2.0, 2.0    ,     0.0,        ,     0.0,        ,     0.0,    12.0
pouzaja01, 1986,     1, EDM , NHL , L  , 12.0,  2.0,   3.0,   5.0,   6.0, 3.0  ,  0.0,     ,  0.0,     ,  1.0, 0.0,  11.0,    5.0,   1.0,   1.0,     2.0,     2.0, 4.0    ,     0.0,        ,     0.0,        ,     0.0,     9.0
poveyfr01, 1909,     1, HAI , NHA ,    ,  5.0,  6.0,   0.0,   6.0,  25.0,      ,     ,     ,     ,     ,     ,    ,      ,       ,      ,      ,        ,        ,        ,        ,        ,        ,        ,        ,      
poveyfr01, 1912,     1, MOC , NHA ,    ,  5.0,  0.0,   0.0,   0.0,  14.0,      ,     ,     ,     ,     ,     ,    ,      ,       ,      ,      ,        ,        ,        ,        ,        ,        ,        ,        ,      
poweda01 , 2008,     1, PHI , NHL , C  , 60.0,  6.0,   5.0,  11.0,  35.0, -8.0 ,  0.0,  0.0,  0.0,  0.0,  0.0,    ,  72.0,    6.0,   1.0,   2.0,     3.0,     7.0, 0.0    ,     0.0,     0.0,     0.0,     0.0,     0.0,    10.0
poweda01 , 2009,     1, PHI , NHL , C  , 63.0,  9.0,   6.0,  15.0,  54.0, 0.0  ,  0.0,  0.0,  0.0,  0.0,  0.0,    , 103.0,   23.0,   0.0,   1.0,     1.0,     6.0, -2.0   ,     0.0,     0.0,     0.0,     0.0,     0.0,    28.0
powelra01, 1950,     1, CHI , NHL , R  , 31.0,  7.0,  15.0,  22.0,   2.0,      ,     ,     ,     ,     ,     ,    ,      ,       ,      ,      ,        ,        ,        ,        ,        ,        ,        ,        ,      
powerjo01, 1910,     1, QU1 , NHA ,    ,  2.0,  0.0,   0.0,   0.0,   0.0,      ,     ,     ,     ,     ,     ,    ,      ,       ,      ,      ,        ,        ,        ,        ,        ,        ,        ,        ,      
powerro01, 1910,     1, MOC , NHA ,    ,  9.0,  1.0,   0.0,   1.0,   9.0,      ,     ,     ,     ,     ,     ,    ,      ,       ,      ,      ,        ,        ,        ,        ,        ,        ,        ,        ,      
powerro01, 1910,     2, QU1 , NHA ,    ,  5.0,  2.0,   0.0,   2.0,   9.0,      ,     ,     ,     ,     ,     ,    ,      ,       ,      ,      ,        ,        ,        ,        ,        ,        ,        ,        ,      
powerro01, 1912,     1, QU1 , NHA ,    ,  1.0,  0.0,   0.0,   0.0,   0.0,      ,     ,     ,     ,     ,     ,    ,      ,       ,      ,      ,        ,        ,        ,        ,        ,        ,        ,        ,      
powisge01, 1967,     1, CHI , NHL , C  ,  2.0,  0.0,   0.0,   0.0,   0.0, 0.0  ,  0.0,     ,  0.0,     ,  0.0, 0.0,   0.0,       ,      ,      ,        ,        ,        ,        ,        ,        ,        ,        ,      
powisly01, 1973,     1, CHI , NHL , C  , 57.0,  8.0,  13.0,  21.0,   6.0, 10.0 ,  1.0,     ,  0.0,     ,  2.0, 0.0,  71.0,    1.0,   0.0,   0.0,     0.0,     0.0,        ,     0.0,        ,     0.0,        ,     0.0,      
powisly01, 1974,     1, KCS , NHL , C  , 73.0, 11.0,  20.0,  31.0,  19.0, -54.0,  3.0,     ,  0.0,     ,  0.0, 1.0, 149.0,       ,      ,      ,        ,        ,        ,        ,        ,        ,        ,        ,      
powisly01, 1975,     1, CAC , WHA , C  , 21.0,  4.0,  10.0,  14.0,   2.0, 2.0  ,  0.0,     ,  1.0,     ,  0.0,    ,  63.0,   10.0,   5.0,   4.0,     9.0,     2.0, 1.0    ,        ,        ,        ,        ,        ,      
powisly01, 1976,     1, CAC , WHA , C  , 63.0, 30.0,  30.0,  60.0,  40.0, 4.0  ,  4.0,     ,  1.0,     ,     ,    , 168.0,       ,      ,      ,        ,        ,        ,        ,        ,        ,        ,        ,      
powisly01, 1977,     1, IND , WHA , C  , 14.0,  4.0,   6.0,  10.0,   2.0, -5.0 ,  0.0,     ,  0.0,     ,     ,    ,  34.0,       ,      ,      ,        ,        ,        ,        ,        ,        ,        ,        ,      
powisly01, 1977,     2, WIJ , WHA , C  , 55.0, 12.0,  19.0,  31.0,  16.0, 2.0  ,  2.0,     ,  0.0,     ,     ,    ,  68.0,    3.0,   2.0,   1.0,     3.0,     7.0, 2.0    ,        ,        ,        ,        ,     0.0,      
prajspe01, 1987,     1, LAK , NHL , D  ,  7.0,  0.0,   0.0,   0.0,   2.0, 2.0  ,  0.0,  0.0,  0.0,  0.0,  0.0, 0.0,   2.0,       ,      ,      ,        ,        ,        ,        ,        ,        ,        ,        ,      
prajspe01, 1988,     1, LAK , NHL , D  ,  2.0,  0.0,   3.0,   3.0,   0.0, 4.0  ,  0.0,  1.0,  0.0,  0.0,  0.0, 0.0,   1.0,    1.0,   0.0,   0.0,     0.0,     0.0, -1.0   ,     0.0,     0.0,     0.0,     0.0,     0.0,     2.0
prajspe01, 1989,     1, LAK , NHL , D  , 34.0,  3.0,   7.0,  10.0,  47.0, -9.0 ,  1.0,  4.0,  0.0,  0.0,  0.0, 0.0,  49.0,    3.0,   0.0,   0.0,     0.0,     0.0, -1.0   ,     0.0,     0.0,     0.0,     0.0,     0.0,     0.0
prajspe01, 1991,     1, BOS , NHL , D  ,  3.0,  0.0,   0.0,   0.0,   2.0, -1.0 ,  0.0,  0.0,  0.0,  0.0,  0.0, 0.0,   3.0,       ,      ,      ,        ,        ,        ,        ,        ,        ,        ,        ,      
prattba01, 1935,     1, NYR , NHL , D  , 17.0,  1.0,   1.0,   2.0,  16.0,      ,     ,     ,     ,     ,     ,    ,      ,       ,      ,      ,        ,        ,        ,        ,        ,        ,        ,        ,      
prattba01, 1936,     1, NYR , NHL , D  , 47.0,  8.0,   7.0,  15.0,  23.0,      ,     ,     ,     ,     ,     ,    ,      ,    9.0,   3.0,   1.0,     4.0,    11.0,        ,        ,        ,        ,        ,        ,      
prattba01, 1937,     1, NYR , NHL , D  , 47.0,  5.0,  14.0,  19.0,  56.0,      ,     ,     ,     ,     ,     ,    ,      ,    2.0,   0.0,   0.0,     0.0,     2.0,        ,        ,        ,        ,        ,        ,      
prattba01, 1938,     1, NYR , NHL , D  , 48.0,  2.0,  19.0,  21.0,  20.0,      ,     ,     ,     ,     ,     ,    ,      ,    7.0,   1.0,   2.0,     3.0,     9.0,        ,        ,        ,        ,        ,        ,      
prattba01, 1939,     1, NYR , NHL , D  , 48.0,  4.0,  13.0,  17.0,  61.0,      ,     ,     ,     ,     ,     ,    ,      ,   12.0,   3.0,   1.0,     4.0,    18.0,        ,        ,        ,        ,        ,        ,      
prattba01, 1940,     1, NYR , NHL , D  , 47.0,  3.0,  17.0,  20.0,  52.0,      ,     ,     ,     ,     ,     ,    ,      ,    3.0,   1.0,   1.0,     2.0,     6.0,        ,        ,        ,        ,        ,        ,      
prattba01, 1941,     1, NYR , NHL , D  , 47.0,  4.0,  24.0,  28.0,  55.0,      ,     ,     ,     ,     ,     ,    ,      ,    6.0,   1.0,   3.0,     4.0,    24.0,        ,        ,        ,        ,        ,        ,      
prattba01, 1942,     1, NYR , NHL , D  ,  4.0,  0.0,   2.0,   2.0,   6.0,      ,     ,     ,     ,     ,     ,    ,      ,       ,      ,      ,        ,        ,        ,        ,        ,        ,        ,        ,      
prattba01, 1942,     2, TOR , NHL , D  , 40.0, 12.0,  25.0,  37.0,  44.0,      ,     ,     ,     ,     ,     ,    ,      ,    6.0,   1.0,   2.0,     3.0,     8.0,        ,        ,        ,        ,        ,        ,      
prattba01, 1943,     1, TOR , NHL , D  , 50.0, 17.0,  40.0,  57.0,  30.0,      ,     ,     ,     ,     ,     ,    ,      ,    5.0,   0.0,   3.0,     3.0,     4.0,        ,        ,        ,        ,        ,        ,      
prattba01, 1944,     1, TOR , NHL , D  , 50.0, 18.0,  23.0,  41.0,  39.0,      ,     ,     ,     ,     ,     ,    ,      ,   13.0,   2.0,   4.0,     6.0,     8.0,        ,        ,        ,        ,        ,        ,      
prattba01, 1945,     1, TOR , NHL , D  , 41.0,  5.0,  20.0,  25.0,  36.0,      ,     ,     ,     ,     ,     ,    ,      ,       ,      ,      ,        ,        ,        ,        ,        ,        ,        ,        ,      
prattba01, 1946,     1, BOS , NHL , D  , 31.0,  4.0,   4.0,   8.0,  25.0,      ,     ,     ,     ,     ,     ,    ,      ,       ,      ,      ,        ,        ,        ,        ,        ,        ,        ,        ,      
prattja01, 1930,     1, BOS , NHL , C  , 32.0,  2.0,   0.0,   2.0,  36.0,      ,     ,     ,     ,     ,     ,    ,      ,    4.0,   0.0,   0.0,     0.0,     0.0,        ,        ,        ,        ,        ,        ,      
prattja01, 1931,     1, BOS , NHL , C  ,  5.0,  0.0,   0.0,   0.0,   6.0,      ,     ,     ,     ,     ,     ,    ,      ,       ,      ,      ,        ,        ,        ,        ,        ,        ,        ,        ,      
prattke01, 1973,     1, WIJ , WHA , R  , 46.0,  4.0,   6.0,  10.0,  50.0,      ,  0.0,     ,  0.0,     ,  0.0,    ,      ,       ,      ,      ,        ,        ,        ,        ,        ,        ,        ,        ,      
prattke01, 1974,     1, PIT , NHL , R  , 22.0,  0.0,   6.0,   6.0,  15.0, 1.0  ,  0.0,     ,  0.0,     ,  0.0, 0.0,  28.0,       ,      ,      ,        ,        ,        ,        ,        ,        ,        ,        ,      
prattno01, 1996,     1, HAR , NHL , D  ,  9.0,  0.0,   2.0,   2.0,   6.0, 0.0  ,  0.0,  0.0,  0.0,  0.0,  0.0, 0.0,   4.0,       ,      ,      ,        ,        ,        ,        ,        ,        ,        ,        ,      
prattno01, 1997,     1, CAR , NHL , D  , 23.0,  0.0,   2.0,   2.0,  44.0, -2.0 ,  0.0,  0.0,  0.0,  0.0,  0.0, 0.0,  11.0,       ,      ,      ,        ,        ,        ,        ,        ,        ,        ,        ,      
prattno01, 1998,     1, CAR , NHL , D  , 61.0,  1.0,  14.0,  15.0,  95.0, 15.0 ,  0.0,  1.0,  0.0,  0.0,  1.0, 0.0,  46.0,    3.0,   0.0,   0.0,     0.0,     2.0, 0.0    ,     0.0,     0.0,     0.0,     0.0,     0.0,     3.0
prattno01, 1999,     1, CAR , NHL , D  , 64.0,  3.0,   1.0,   4.0,  90.0, -22.0,  0.0,  0.0,  0.0,  0.0,  1.0, 0.0,  47.0,       ,      ,      ,        ,        ,        ,        ,        ,        ,        ,        ,      
prattno01, 2000,     1, COL , NHL , D  , 46.0,  1.0,   2.0,   3.0,  40.0, 2.0  ,  0.0,  0.0,  0.0,  0.0,  1.0, 0.0,  26.0,       ,      ,      ,        ,        ,        ,        ,        ,        ,        ,        ,      
prattno01, 2001,     1, TBL , NHL , D  , 46.0,  0.0,   3.0,   3.0,  51.0, -4.0 ,  0.0,  0.0,  0.0,  0.0,  0.0, 0.0,  38.0,       ,      ,      ,        ,        ,        ,        ,        ,        ,        ,        ,      
prattno01, 2002,     1, TBL , NHL , D  , 67.0,  1.0,   7.0,   8.0,  35.0, -6.0 ,  0.0,  0.0,  0.0,  0.0,  0.0, 0.0,  38.0,    4.0,   0.0,   1.0,     1.0,     0.0, -1.0   ,     0.0,     0.0,     0.0,     0.0,     0.0,     1.0
prattno01, 2003,     1, TBL , NHL , D  , 58.0,  1.0,   3.0,   4.0,  42.0, 11.0 ,  0.0,  0.0,  0.0,  1.0,  0.0, 0.0,  35.0,   20.0,   0.0,   0.0,     0.0,     8.0, 0.0    ,     0.0,     0.0,     0.0,     0.0,     0.0,    10.0
prattno01, 2005,     1, TBL , NHL , D  , 82.0,  0.0,   9.0,   9.0,  60.0, 7.0  ,  0.0,  0.0,  0.0,  0.0,  0.0,    ,  26.0,    5.0,   0.0,   0.0,     0.0,     7.0, 0.0    ,     0.0,     0.0,     0.0,     0.0,     0.0,     6.0
prattno01, 2006,     1, TBL , NHL , D  , 81.0,  1.0,   7.0,   8.0,  44.0, 0.0  ,  0.0,  0.0,  0.0,  1.0,  0.0,    ,  30.0,    6.0,   0.0,   0.0,     0.0,     5.0, -2.0   ,     0.0,     0.0,     0.0,     0.0,     0.0,     1.0
prattno01, 2007,     1, BUF , NHL , D  , 55.0,  1.0,   6.0,   7.0,  30.0, 1.0  ,  0.0,  0.0,  0.0,  0.0,  0.0,    ,  21.0,       ,      ,      ,        ,        ,        ,        ,        ,        ,        ,        ,      
pratttr01, 1967,     1, OAK , NHL , D  , 34.0,  0.0,   5.0,   5.0,  90.0, -18.0,  0.0,     ,  0.0,     ,  0.0, 0.0,  35.0,       ,      ,      ,        ,        ,        ,        ,        ,        ,        ,        ,      
pratttr01, 1968,     1, PIT , NHL , D  , 18.0,  0.0,   5.0,   5.0,  34.0, 6.0  ,  0.0,     ,  0.0,     ,  0.0, 0.0,  10.0,       ,      ,      ,        ,        ,        ,        ,        ,        ,        ,        ,      
pratttr01, 1969,     1, PIT , NHL , D  , 65.0,  5.0,   7.0,  12.0, 124.0, -29.0,  0.0,     ,  0.0,     ,  1.0, 1.0,  73.0,   10.0,   0.0,   1.0,     1.0,    51.0,        ,     0.0,        ,     0.0,        ,     0.0,      
pratttr01, 1970,     1, BUF , NHL , D  , 76.0,  1.0,   7.0,   8.0, 179.0, -17.0,  0.0,     ,  0.0,     ,  0.0, 0.0,  34.0,       ,      ,      ,        ,        ,        ,        ,        ,        ,        ,        ,      
pratttr01, 1971,     1, BUF , NHL , D  , 27.0,  0.0,  10.0,  10.0,  52.0, 0.0  ,  0.0,     ,  0.0,     ,  0.0, 0.0,  31.0,       ,      ,      ,        ,        ,        ,        ,        ,        ,        ,        ,      
pratttr01, 1972,     1, BUF , NHL , D  , 74.0,  1.0,  15.0,  16.0, 116.0, 9.0  ,  1.0,     ,  0.0,     ,  0.0, 1.0,  63.0,    6.0,   0.0,   0.0,     0.0,     6.0,        ,     0.0,        ,     0.0,        ,     0.0,      
pratttr01, 1973,     1, BUF , NHL , D  , 33.0,  0.0,   7.0,   7.0,  52.0, 9.0  ,  0.0,     ,  0.0,     ,  0.0, 0.0,  20.0,       ,      ,      ,        ,        ,        ,        ,        ,        ,        ,        ,      
pratttr01, 1973,     2, VAN , NHL , D  , 45.0,  3.0,   8.0,  11.0,  44.0, -11.0,  0.0,     ,  0.0,     ,  0.0, 0.0,  30.0,       ,      ,      ,        ,        ,        ,        ,        ,        ,        ,        ,      
pratttr01, 1974,     1, VAN , NHL , D  , 79.0,  5.0,  17.0,  22.0, 145.0, 6.0  ,  1.0,     ,  0.0,     ,  0.0, 0.0, 100.0,    3.0,   0.0,   0.0,     0.0,     5.0,        ,     0.0,        ,     0.0,        ,     0.0,      
pratttr01, 1975,     1, VAN , NHL , D  , 52.0,  1.0,   5.0,   6.0,  72.0, -7.0 ,  1.0,     ,  0.0,     ,  0.0, 0.0,  44.0,    2.0,   0.0,   0.0,     0.0,     0.0,        ,     0.0,        ,     0.0,        ,     0.0,      
pratttr01, 1976,     1, COR , NHL , D  , 66.0,  1.0,  10.0,  11.0, 110.0, -27.0,  0.0,     ,  0.0,     ,  0.0, 0.0,  53.0,       ,      ,      ,        ,        ,        ,        ,        ,        ,        ,        ,      
pratttr01, 1976,     2, TOR , NHL , D  , 11.0,  0.0,   1.0,   1.0,   8.0, -7.0 ,  0.0,     ,  0.0,     ,  0.0, 0.0,   4.0,    4.0,   0.0,   0.0,     0.0,     0.0,        ,     0.0,        ,     0.0,        ,     0.0,      
preisto01, 2003,     1, SJS , NHL , D  , 69.0,  2.0,  17.0,  19.0,  12.0, 8.0  ,  2.0,  8.0,  0.0,  0.0,  1.0, 1.0,  89.0,   11.0,   0.0,   1.0,     1.0,     0.0, 0.0    ,     0.0,     1.0,     0.0,     0.0,     0.0,     7.0
preisto01, 2005,     1, SJS , NHL , D  , 74.0, 11.0,  32.0,  43.0,  26.0, 17.0 ,  2.0, 20.0,  0.0,  1.0,  2.0,    , 131.0,   11.0,   1.0,   6.0,     7.0,     4.0, 0.0    ,     0.0,     5.0,     0.0,     0.0,     0.0,    18.0
preisto01, 2006,     1, OTT , NHL , D  , 80.0,  7.0,  31.0,  38.0,  18.0, 40.0 ,  3.0, 15.0,  0.0,  0.0,  0.0,    ,  94.0,   20.0,   2.0,   5.0,     7.0,    10.0, 3.0    ,     1.0,     2.0,     0.0,     0.0,     1.0,    21.0
preisto01, 2007,     1, LAK , NHL , D  , 77.0,  8.0,  16.0,  24.0,  16.0, -6.0 ,  6.0,  4.0,  0.0,  0.0,  1.0,    ,  93.0,       ,      ,      ,        ,        ,        ,        ,        ,        ,        ,        ,      
preisto01, 2008,     1, LAK , NHL , D  , 22.0,  3.0,   4.0,   7.0,   6.0, -7.0 ,  2.0,  3.0,  0.0,  0.0,  0.0,    ,  40.0,       ,      ,      ,        ,        ,        ,        ,        ,        ,        ,        ,      
preisto01, 2009,     1, COL , NHL , D  ,  4.0,  0.0,   1.0,   1.0,   0.0, -6.0 ,  0.0,  0.0,  0.0,  0.0,  0.0,    ,   6.0,       ,      ,      ,        ,        ,        ,        ,        ,        ,        ,        ,      
prentbi01, 1972,     1, HOU , WHA , D  ,  3.0,  0.0,   1.0,   1.0,   0.0,      ,  0.0,     ,  0.0,     ,     ,    ,      ,       ,      ,      ,        ,        ,        ,        ,        ,        ,        ,        ,      
prentbi01, 1973,     1, HOU , WHA , D  , 55.0,  1.0,   2.0,   3.0,  35.0,      ,  0.0,     ,  0.0,     ,  0.0,    ,      ,   10.0,   0.0,   0.0,     0.0,     5.0,        ,        ,        ,        ,        ,     0.0,      
prentbi01, 1974,     1, HOU , WHA , D  , 17.0,  0.0,   3.0,   3.0,  19.0, 3.0  ,  0.0,     ,  0.0,     ,  0.0,    ,  13.0,    4.0,   0.0,   0.0,     0.0,     0.0,        ,     0.0,        ,     0.0,        ,     0.0,      
prentbi01, 1975,     1, IND , WHA , D  , 38.0,  4.0,   2.0,   6.0,  92.0, -5.0 ,  0.0,     ,  0.0,     ,  2.0,    ,  47.0,       ,      ,      ,        ,        ,        ,        ,        ,        ,        ,        ,      
prentbi01, 1975,     2, QUN , WHA , D  , 21.0,  2.0,   5.0,   7.0,  89.0, 7.0  ,  1.0,     ,  0.0,     ,  0.0,    ,  22.0,    5.0,   0.0,   0.0,     0.0,    17.0, -1.0   ,        ,        ,        ,        ,        ,      
prentbi01, 1976,     1, EDO , WHA , D  ,  3.0,  0.0,   0.0,   0.0,   2.0, 2.0  ,  0.0,     ,  0.0,     ,  0.0,    ,   4.0,       ,      ,      ,        ,        ,        ,        ,        ,        ,        ,        ,      
prentbi01, 1977,     1, IND , WHA , D  , 21.0,  1.0,   1.0,   2.0,  28.0, -4.0 ,  0.0,     ,  0.0,     ,     ,    ,  28.0,       ,      ,      ,        ,        ,        ,        ,        ,        ,        ,        ,      
prentde01, 1952,     1, NYR , NHL , L  , 55.0,  6.0,   3.0,   9.0,  20.0,      ,     ,     ,     ,     ,     ,    ,      ,       ,      ,      ,        ,        ,        ,        ,        ,        ,        ,        ,      
prentde01, 1953,     1, NYR , NHL , L  , 52.0,  4.0,  13.0,  17.0,  18.0,      ,     ,     ,     ,     ,     ,    ,      ,       ,      ,      ,        ,        ,        ,        ,        ,        ,        ,        ,      
prentde01, 1954,     1, NYR , NHL , L  , 70.0, 16.0,  15.0,  31.0,  20.0,      ,     ,     ,     ,     ,     ,    ,      ,       ,      ,      ,        ,        ,        ,        ,        ,        ,        ,        ,      
prentde01, 1955,     1, NYR , NHL , L  , 70.0, 24.0,  18.0,  42.0,  44.0,      ,     ,     ,     ,     ,     ,    ,      ,    5.0,   1.0,   0.0,     1.0,     2.0,        ,        ,        ,        ,        ,        ,      
prentde01, 1956,     1, NYR , NHL , L  , 68.0, 19.0,  23.0,  42.0,  38.0,      ,     ,     ,     ,     ,     ,    ,      ,    5.0,   0.0,   2.0,     2.0,     4.0,        ,        ,        ,        ,        ,        ,      
prentde01, 1957,     1, NYR , NHL , L  , 38.0, 13.0,   9.0,  22.0,  14.0,      ,     ,     ,     ,     ,     ,    ,      ,    6.0,   1.0,   3.0,     4.0,     4.0,        ,        ,        ,        ,        ,        ,      
prentde01, 1958,     1, NYR , NHL , L  , 70.0, 17.0,  33.0,  50.0,  11.0,      ,     ,     ,     ,     ,     ,    ,      ,       ,      ,      ,        ,        ,        ,        ,        ,        ,        ,        ,      
prentde01, 1959,     1, NYR , NHL , L  , 70.0, 32.0,  34.0,  66.0,  43.0,      ,     ,     ,     ,     ,     ,    ,      ,       ,      ,      ,        ,        ,        ,        ,        ,        ,        ,        ,      
prentde01, 1960,     1, NYR , NHL , L  , 56.0, 20.0,  25.0,  45.0,  17.0,      ,     ,     ,     ,     ,     ,    ,      ,       ,      ,      ,        ,        ,        ,        ,        ,        ,        ,        ,      
prentde01, 1961,     1, NYR , NHL , L  , 68.0, 22.0,  38.0,  60.0,  20.0,      ,     ,     ,     ,     ,     ,    ,      ,    3.0,   0.0,   2.0,     2.0,     0.0,        ,        ,        ,        ,        ,     0.0,      
prentde01, 1962,     1, NYR , NHL , L  , 49.0, 13.0,  25.0,  38.0,  18.0,      ,     ,     ,     ,     ,     ,    ,      ,       ,      ,      ,        ,        ,        ,        ,        ,        ,        ,        ,      
prentde01, 1962,     2, BOS , NHL , L  , 19.0,  6.0,   9.0,  15.0,   4.0,      ,     ,     ,     ,     ,     ,    ,      ,       ,      ,      ,        ,        ,        ,        ,        ,        ,        ,        ,      
prentde01, 1963,     1, BOS , NHL , L  , 70.0, 23.0,  16.0,  39.0,  37.0,      ,  5.0,     ,  1.0,     ,  3.0, 3.0,      ,       ,      ,      ,        ,        ,        ,        ,        ,        ,        ,        ,      
prentde01, 1964,     1, BOS , NHL , L  , 31.0, 14.0,   9.0,  23.0,  12.0,      ,  3.0,     ,  1.0,     ,  2.0, 1.0,      ,       ,      ,      ,        ,        ,        ,        ,        ,        ,        ,        ,      
prentde01, 1965,     1, BOS , NHL , L  , 50.0,  7.0,  22.0,  29.0,  10.0,      ,  3.0,     ,  0.0,     ,  1.0, 1.0,      ,       ,      ,      ,        ,        ,        ,        ,        ,        ,        ,        ,      
prentde01, 1965,     2, DET , NHL , L  , 19.0,  6.0,   9.0,  15.0,   8.0,      ,  0.0,     ,  1.0,     ,  1.0, 1.0,      ,   12.0,   5.0,   5.0,    10.0,     4.0,        ,        ,        ,        ,        ,     1.0,      
prentde01, 1966,     1, DET , NHL , L  , 68.0, 23.0,  22.0,  45.0,  18.0,      ,  5.0,     ,  1.0,     ,  1.0, 0.0,      ,       ,      ,      ,        ,        ,        ,        ,        ,        ,        ,        ,      
prentde01, 1967,     1, DET , NHL , L  , 69.0, 17.0,  38.0,  55.0,  42.0, 7.0  ,  4.0,     ,  1.0,     ,  2.0, 2.0, 174.0,       ,      ,      ,        ,        ,        ,        ,        ,        ,        ,        ,      
prentde01, 1968,     1, DET , NHL , L  , 74.0, 14.0,  20.0,  34.0,  18.0, -8.0 ,  2.0,     ,  1.0,     ,  1.0, 2.0, 191.0,       ,      ,      ,        ,        ,        ,        ,        ,        ,        ,        ,      
prentde01, 1969,     1, PIT , NHL , L  , 75.0, 26.0,  25.0,  51.0,  14.0, -20.0, 12.0,     ,  0.0,     ,  2.0, 2.0, 205.0,   10.0,   2.0,   5.0,     7.0,     8.0,        ,     1.0,        ,     0.0,        ,     0.0,      
prentde01, 1970,     1, PIT , NHL , L  , 69.0, 21.0,  17.0,  38.0,  18.0, -8.0 ,  7.0,     ,  0.0,     ,  2.0, 0.0, 135.0,       ,      ,      ,        ,        ,        ,        ,        ,        ,        ,        ,      
prentde01, 1971,     1, MNS , NHL , L  , 71.0, 20.0,  27.0,  47.0,  14.0, 4.0  ,  7.0,     ,  0.0,     ,  1.0, 0.0, 207.0,    7.0,   3.0,   0.0,     3.0,     0.0,        ,     0.0,        ,     0.0,        ,     1.0,      
prentde01, 1972,     1, MNS , NHL , L  , 73.0, 26.0,  16.0,  42.0,  22.0, 3.0  ,  5.0,     ,  0.0,     ,  5.0, 3.0, 168.0,    6.0,   1.0,   0.0,     1.0,    16.0,        ,     1.0,        ,     0.0,        ,     0.0,      
prentde01, 1973,     1, MNS , NHL , L  , 24.0,  2.0,   3.0,   5.0,   4.0, -11.0,  0.0,     ,  0.0,     ,  0.0, 0.0,  36.0,       ,      ,      ,        ,        ,        ,        ,        ,        ,        ,        ,      
prenter01, 1943,     1, TOR , NHL , L  ,  5.0,  0.0,   0.0,   0.0,   4.0,      ,     ,     ,     ,     ,     ,    ,      ,       ,      ,      ,        ,        ,        ,        ,        ,        ,        ,        ,      
preslwa01, 1984,     1, CHI , NHL , R  ,  3.0,  0.0,   1.0,   1.0,   0.0, 1.0  ,  0.0,     ,  0.0,     ,  0.0, 0.0,   0.0,       ,      ,      ,        ,        ,        ,        ,        ,        ,        ,        ,      
preslwa01, 1985,     1, CHI , NHL , R  , 38.0,  7.0,   8.0,  15.0,  38.0, -6.0 ,  0.0,     ,  0.0,     ,  1.0, 0.0,  56.0,    3.0,   0.0,   0.0,     0.0,     0.0, 0.0    ,     0.0,        ,     0.0,        ,     0.0,     0.0
preslwa01, 1986,     1, CHI , NHL , R  , 80.0, 32.0,  29.0,  61.0, 114.0, -18.0,  7.0,     ,  0.0,     ,  4.0, 0.0, 167.0,    4.0,   1.0,   0.0,     1.0,     9.0, -2.0   ,     0.0,        ,     0.0,        ,     0.0,     8.0
preslwa01, 1987,     1, CHI , NHL , R  , 42.0, 12.0,  10.0,  22.0,  52.0, -13.0,  4.0,  4.0,  0.0,  0.0,  1.0, 1.0,  89.0,    5.0,   0.0,   0.0,     0.0,     4.0, 4.0    ,     0.0,     0.0,     0.0,     0.0,     0.0,     4.0
preslwa01, 1988,     1, CHI , NHL , R  , 72.0, 21.0,  19.0,  40.0, 100.0, -3.0 ,  4.0,  6.0,  3.0,  0.0,  4.0, 1.0, 132.0,   14.0,   7.0,   5.0,    12.0,    18.0, 4.0    ,     1.0,     2.0,     3.0,     0.0,     1.0,    36.0
preslwa01, 1989,     1, CHI , NHL , R  , 49.0,  6.0,   7.0,  13.0,  69.0, -19.0,  1.0,  1.0,  0.0,  0.0,  0.0, 0.0,  75.0,   19.0,   9.0,   6.0,    15.0,    29.0, 8.0    ,     1.0,     2.0,     1.0,     0.0,     1.0,    44.0
preslwa01, 1990,     1, CHI , NHL , R  , 71.0, 15.0,  19.0,  34.0, 122.0, 11.0 ,  1.0,  7.0,  0.0,  0.0,  3.0, 0.0, 141.0,    6.0,   0.0,   1.0,     1.0,    38.0, 0.0    ,     0.0,     1.0,     0.0,     0.0,     0.0,    11.0
preslwa01, 1991,     1, SJS , NHL , R  , 47.0,  8.0,  14.0,  22.0,  76.0, -29.0,  3.0,  7.0,  0.0,  0.0,  0.0, 0.0, 114.0,       ,      ,      ,        ,        ,        ,        ,        ,        ,        ,        ,      
preslwa01, 1991,     2, BUF , NHL , R  , 12.0,  2.0,   2.0,   4.0,  57.0, 2.0  ,  0.0,  0.0,  0.0,  1.0,  1.0, 0.0,  21.0,    7.0,   3.0,   3.0,     6.0,    14.0, 2.0    ,     0.0,     1.0,     0.0,     0.0,     0.0,    10.0
preslwa01, 1992,     1, BUF , NHL , R  , 79.0, 15.0,  17.0,  32.0,  96.0, 5.0  ,  0.0,  2.0,  1.0,  3.0,  2.0, 0.0,  97.0,    8.0,   1.0,   0.0,     1.0,     6.0, -2.0   ,     0.0,     0.0,     1.0,     0.0,     1.0,    12.0
preslwa01, 1993,     1, BUF , NHL , R  , 65.0, 17.0,   8.0,  25.0, 103.0, 18.0 ,  1.0,  0.0,  5.0,  2.0,  1.0, 0.0,  93.0,    7.0,   2.0,   1.0,     3.0,    14.0, -1.0   ,     1.0,     0.0,     0.0,     0.0,     1.0,    19.0
preslwa01, 1994,     1, BUF , NHL , R  , 46.0, 14.0,   5.0,  19.0,  41.0, 5.0  ,  0.0,  1.0,  5.0,  1.0,  2.0, 0.0,  90.0,    5.0,   3.0,   1.0,     4.0,     8.0, 3.0    ,     0.0,     1.0,     1.0,     0.0,     1.0,    14.0
preslwa01, 1995,     1, NYR , NHL , R  , 61.0,  4.0,   6.0,  10.0,  71.0, 7.0  ,  0.0,  0.0,  1.0,  0.0,  2.0, 0.0,  85.0,       ,      ,      ,        ,        ,        ,        ,        ,        ,        ,        ,      
preslwa01, 1995,     2, TOR , NHL , R  , 19.0,  2.0,   2.0,   4.0,  14.0, -4.0 ,  1.0,  1.0,  0.0,  0.0,  0.0, 0.0,  28.0,    5.0,   0.0,   0.0,     0.0,     2.0, 0.0    ,     0.0,     0.0,     0.0,     0.0,     0.0,     4.0
prestri01, 1974,     1, HOU , WHA , L  , 78.0, 20.0,  21.0,  41.0,  10.0, 25.0 ,  1.0,     ,  0.0,     ,     ,    , 137.0,   13.0,   1.0,   6.0,     7.0,     6.0,        ,        ,        ,        ,        ,     0.0,      
prestri01, 1975,     1, HOU , WHA , R  , 77.0, 22.0,  33.0,  55.0,  33.0, 30.0 ,  1.0,     ,  2.0,     ,  4.0,    , 159.0,   17.0,   4.0,   6.0,    10.0,     8.0, -1.0   ,        ,        ,        ,        ,        ,      
prestri01, 1976,     1, HOU , WHA , R  , 80.0, 38.0,  41.0,  79.0,  54.0, 37.0 ,  6.0,     ,  5.0,     ,  5.0,    , 216.0,   11.0,   3.0,   5.0,     8.0,    10.0, 6.0    ,        ,        ,        ,        ,     0.0,      
prestri01, 1977,     1, HOU , WHA , R  , 73.0, 25.0,  25.0,  50.0,  52.0, 3.0  ,  7.0,     ,  3.0,     ,     ,    , 213.0,       ,      ,      ,        ,        ,        ,        ,        ,        ,        ,        ,      
prestri01, 1978,     1, WIJ , WHA , R  , 80.0, 28.0,  32.0,  60.0,  88.0, -5.0 ,  6.0,     ,  1.0,     ,     ,    , 177.0,   10.0,   8.0,   5.0,    13.0,    15.0, 3.0    ,        ,        ,        ,        ,     0.0,      
prestri01, 1979,     1, CHI , NHL , R  , 80.0, 31.0,  30.0,  61.0,  70.0, 16.0 , 12.0,     ,  2.0,     ,  5.0, 1.0, 205.0,    7.0,   0.0,   3.0,     3.0,     2.0,        ,     0.0,        ,     0.0,        ,     0.0,      
prestri01, 1980,     1, CHI , NHL , R  , 47.0,  7.0,  14.0,  21.0,  24.0, -15.0,  3.0,     ,  0.0,     ,  1.0, 1.0, 100.0,    3.0,   0.0,   1.0,     1.0,     0.0,        ,     0.0,        ,     0.0,        ,     0.0,      
prestri01, 1981,     1, CHI , NHL , R  , 75.0, 15.0,  28.0,  43.0,  30.0, 0.0  ,  1.0,     ,  1.0,     ,  1.0, 1.0, 122.0,   15.0,   2.0,   4.0,     6.0,    21.0,        ,     0.0,        ,     0.0,        ,     0.0,      
prestri01, 1982,     1, CHI , NHL , R  , 79.0, 25.0,  28.0,  53.0,  64.0, 14.0 ,  4.0,     ,  0.0,     ,  2.0, 0.0, 161.0,   13.0,   2.0,   7.0,     9.0,    25.0,        ,     0.0,        ,     0.0,        ,     1.0,      
prestri01, 1983,     1, CHI , NHL , R  , 75.0, 10.0,  18.0,  28.0,  50.0, -21.0,  3.0,     ,  1.0,     ,  1.0, 0.0, 109.0,    5.0,   0.0,   1.0,     1.0,     4.0, 0.0    ,     0.0,        ,     0.0,        ,     0.0,     4.0
prestri01, 1984,     1, NJD , NHL , R  , 75.0, 12.0,  15.0,  27.0,  26.0, -24.0,  1.0,     ,  0.0,     ,  1.0, 0.0, 106.0,       ,      ,      ,        ,        ,        ,        ,        ,        ,        ,        ,      
prestri01, 1985,     1, NJD , NHL , R  , 76.0, 19.0,  22.0,  41.0,  65.0, 3.0  ,  3.0,     ,  0.0,     ,  2.0, 0.0, 117.0,       ,      ,      ,        ,        ,        ,        ,        ,        ,        ,        ,      
prestri01, 1986,     1, CHI , NHL , R  , 73.0,  8.0,   9.0,  17.0,  19.0, -8.0 ,  0.0,     ,  0.0,     ,  1.0, 0.0,  55.0,    4.0,   0.0,   2.0,     2.0,     4.0, 2.0    ,     0.0,        ,     0.0,        ,     0.0,     3.0
prestyv01, 1978,     1, PHI , NHL , L  ,  9.0,  3.0,   1.0,   4.0,   0.0, -2.0 ,  0.0,     ,  0.0,     ,  1.0, 0.0,   7.0,       ,      ,      ,        ,        ,        ,        ,        ,        ,        ,        ,      
prestyv01, 1980,     1, PHI , NHL , L  , 19.0,  4.0,   2.0,   6.0,   4.0, 1.0  ,  1.0,     ,  0.0,     ,  1.0, 0.0,  13.0,       ,      ,      ,        ,        ,        ,        ,        ,        ,        ,        ,      
priakse01, 1988,     1, CAL , NHL , R  ,  2.0,  0.0,   0.0,   0.0,   2.0, 1.0  ,  0.0,  0.0,  0.0,  0.0,  0.0, 0.0,   2.0,    1.0,   0.0,   0.0,     0.0,     0.0, 0.0    ,     0.0,     0.0,     0.0,     0.0,     0.0,     0.0
priakse01, 1989,     1, CAL , NHL , R  , 20.0,  2.0,   2.0,   4.0,   0.0, -7.0 ,  0.0,  0.0,  0.0,  0.0,  1.0, 0.0,  17.0,    2.0,   0.0,   0.0,     0.0,     0.0, 0.0    ,     0.0,     0.0,     0.0,     0.0,     0.0,     1.0
priakse01, 1990,     1, CAL , NHL , R  , 24.0,  1.0,   6.0,   7.0,   0.0, -3.0 ,  0.0,  0.0,  0.0,  0.0,  0.0, 0.0,  26.0,       ,      ,      ,        ,        ,        ,        ,        ,        ,        ,        ,      
priceca01, 2007,     1, MTL , NHL , G  , 41.0,  0.0,   2.0,   2.0,   0.0, 0.0  ,  0.0,  1.0,  0.0,  0.0,  0.0,    ,   0.0,   11.0,   0.0,   0.0,     0.0,     2.0, 0.0    ,     0.0,     0.0,     0.0,     0.0,     0.0,     0.0
priceca01, 2008,     1, MTL , NHL , G  , 52.0,  0.0,   1.0,   1.0,   4.0, 0.0  ,  0.0,  0.0,  0.0,  0.0,  0.0,    ,   0.0,    4.0,   0.0,   0.0,     0.0,     0.0, 0.0    ,     0.0,     0.0,     0.0,     0.0,     0.0,     0.0
priceca01, 2009,     1, MTL , NHL , G  , 41.0,  0.0,   1.0,   1.0,   8.0, 0.0  ,  0.0,  0.0,  0.0,  0.0,  0.0,    ,   1.0,    4.0,   0.0,   0.0,     0.0,     4.0, 0.0    ,     0.0,     0.0,     0.0,     0.0,     0.0,     0.0
pricech01, 1913,     1, MOW , NHA ,    ,  8.0,  1.0,   0.0,   1.0,  13.0,      ,     ,     ,     ,     ,     ,    ,      ,       ,      ,      ,        ,        ,        ,        ,        ,        ,        ,        ,      
priceja01, 1951,     1, CHI , NHL , D  ,  1.0,  0.0,   0.0,   0.0,   0.0,      ,     ,     ,     ,     ,     ,    ,      ,       ,      ,      ,        ,        ,        ,        ,        ,        ,        ,        ,      
priceja01, 1952,     1, CHI , NHL , D  , 10.0,  0.0,   0.0,   0.0,   2.0,      ,     ,     ,     ,     ,     ,    ,      ,    4.0,   0.0,   0.0,     0.0,     0.0,        ,        ,        ,        ,        ,        ,      
priceja01, 1953,     1, CHI , NHL , D  , 46.0,  4.0,   6.0,  10.0,  22.0,      ,     ,     ,     ,     ,     ,    ,      ,       ,      ,      ,        ,        ,        ,        ,        ,        ,        ,        ,      
priceno01, 1957,     1, TOR , NHL , D  ,  1.0,  0.0,   0.0,   0.0,   5.0,      ,     ,     ,     ,     ,     ,    ,      ,       ,      ,      ,        ,        ,        ,        ,        ,        ,        ,        ,      
priceno01, 1958,     1, TOR , NHL , D  , 28.0,  0.0,   0.0,   0.0,   4.0,      ,     ,     ,     ,     ,     ,    ,      ,    5.0,   0.0,   0.0,     0.0,     2.0,        ,        ,        ,        ,        ,        ,      
priceno01, 1959,     1, NYR , NHL , D  ,  6.0,  0.0,   0.0,   0.0,   2.0,      ,     ,     ,     ,     ,     ,    ,      ,       ,      ,      ,        ,        ,        ,        ,        ,        ,        ,        ,      
priceno01, 1960,     1, NYR , NHL , D  ,  1.0,  0.0,   0.0,   0.0,   2.0,      ,     ,     ,     ,     ,     ,    ,      ,       ,      ,      ,        ,        ,        ,        ,        ,        ,        ,        ,      
priceno01, 1961,     1, DET , NHL , D  , 20.0,  0.0,   1.0,   1.0,   6.0,      ,     ,     ,     ,     ,     ,    ,      ,       ,      ,      ,        ,        ,        ,        ,        ,        ,        ,        ,      
priceno01, 1965,     1, MTL , NHL , D  , 15.0,  0.0,   6.0,   6.0,   8.0,      ,  0.0,     ,  0.0,     ,  0.0, 0.0,      ,    3.0,   0.0,   1.0,     1.0,     0.0,        ,        ,        ,        ,        ,     0.0,      
priceno01, 1966,     1, MTL , NHL , D  , 24.0,  0.0,   3.0,   3.0,   8.0,      ,  0.0,     ,  0.0,     ,  0.0, 0.0,      ,       ,      ,      ,        ,        ,        ,        ,        ,        ,        ,        ,      
priceno01, 1967,     1, PIT , NHL , D  , 70.0,  6.0,  27.0,  33.0,  48.0, -7.0 ,  1.0,     ,  0.0,     ,  2.0, 0.0, 187.0,       ,      ,      ,        ,        ,        ,        ,        ,        ,        ,        ,      
priceno01, 1968,     1, PIT , NHL , D  , 73.0,  2.0,  18.0,  20.0,  61.0, -30.0,  1.0,     ,  0.0,     ,  0.0, 0.0, 152.0,       ,      ,      ,        ,        ,        ,        ,        ,        ,        ,        ,      
priceno01, 1970,     1, LAK , NHL , D  , 62.0,  1.0,  19.0,  20.0,  29.0, -15.0,  0.0,     ,  0.0,     ,  0.0, 0.0,  88.0,       ,      ,      ,        ,        ,        ,        ,        ,        ,        ,        ,      
priceno01, 1972,     1, ATF , NHL , D  , 54.0,  1.0,  13.0,  14.0,  38.0, -7.0 ,  0.0,     ,  0.0,     ,  0.0, 0.0,  70.0,       ,      ,      ,        ,        ,        ,        ,        ,        ,        ,        ,      
priceno01, 1973,     1, ATF , NHL , D  , 62.0,  0.0,  13.0,  13.0,  38.0, -11.0,  0.0,     ,  0.0,     ,  0.0, 0.0,  93.0,    4.0,   0.0,   0.0,     0.0,     6.0,        ,     0.0,        ,     0.0,        ,     0.0,      
priceno01, 1974,     1, ATF , NHL , D  , 80.0,  4.0,  14.0,  18.0,  82.0, 0.0  ,  1.0,     ,  1.0,     ,  0.0, 0.0, 101.0,       ,      ,      ,        ,        ,        ,        ,        ,        ,        ,        ,      
priceno01, 1975,     1, ATF , NHL , D  ,  3.0,  0.0,   0.0,   0.0,   2.0, 0.0  ,  0.0,     ,  0.0,     ,  0.0, 0.0,   1.0,       ,      ,      ,        ,        ,        ,        ,        ,        ,        ,        ,      
pricepa01, 1974,     1, VAB , WHA , D  , 68.0,  5.0,  29.0,  34.0,  15.0, 6.0  ,  1.0,     ,  0.0,     ,     ,    ,  96.0,       ,      ,      ,        ,        ,        ,        ,        ,        ,        ,        ,      
pricepa01, 1975,     1, NYI , NHL , D  ,  4.0,  0.0,   2.0,   2.0,   2.0, 4.0  ,  0.0,     ,  0.0,     ,  0.0, 0.0,   4.0,       ,      ,      ,        ,        ,        ,        ,        ,        ,        ,        ,      
pricepa01, 1976,     1, NYI , NHL , D  , 71.0,  3.0,  22.0,  25.0,  25.0, 26.0 ,  2.0,     ,  0.0,     ,  0.0, 0.0,  82.0,   10.0,   0.0,   1.0,     1.0,     2.0,        ,     0.0,        ,     0.0,        ,     0.0,      
pricepa01, 1977,     1, NYI , NHL , D  , 52.0,  2.0,  10.0,  12.0,  27.0, 25.0 ,  0.0,     ,  0.0,     ,  1.0, 0.0,  50.0,    5.0,   0.0,   1.0,     1.0,     2.0,        ,     0.0,        ,     0.0,        ,     0.0,      
pricepa01, 1978,     1, NYI , NHL , D  , 55.0,  3.0,  11.0,  14.0,  50.0, 18.0 ,  0.0,     ,  0.0,     ,  0.0, 0.0,  48.0,    7.0,   0.0,   1.0,     1.0,    25.0,        ,     0.0,        ,     0.0,        ,     0.0,      
pricepa01, 1979,     1, EDM , NHL , D  , 75.0, 11.0,  21.0,  32.0, 134.0, 4.0  ,  2.0,     ,  0.0,     ,  0.0, 1.0,  95.0,    3.0,   0.0,   0.0,     0.0,    11.0,        ,     0.0,        ,     0.0,        ,     0.0,      
pricepa01, 1980,     1, EDM , NHL , D  , 59.0,  8.0,  24.0,  32.0, 193.0, -7.0 ,  0.0,     ,  0.0,     ,  0.0, 1.0,  90.0,       ,      ,      ,        ,        ,        ,        ,        ,        ,        ,        ,      
pricepa01, 1980,     2, PIT , NHL , D  , 13.0,  0.0,  10.0,  10.0,  33.0, 2.0  ,  0.0,     ,  0.0,     ,  0.0, 0.0,  25.0,    5.0,   1.0,   1.0,     2.0,    21.0,        ,     0.0,        ,     0.0,        ,     0.0,      
pricepa01, 1981,     1, PIT , NHL , D  , 77.0,  7.0,  31.0,  38.0, 322.0, 2.0  ,  2.0,     ,  0.0,     ,  0.0, 0.0, 107.0,    5.0,   0.0,   0.0,     0.0,    28.0,        ,     0.0,        ,     0.0,        ,     0.0,      
pricepa01, 1982,     1, PIT , NHL , D  , 38.0,  1.0,  11.0,  12.0, 104.0, -19.0,  0.0,     ,  0.0,     ,  0.0, 0.0,  57.0,       ,      ,      ,        ,        ,        ,        ,        ,        ,        ,        ,      
pricepa01, 1982,     2, QUE , NHL , D  , 14.0,  1.0,   2.0,   3.0,  28.0, -3.0 ,  0.0,     ,  0.0,     ,  0.0, 0.0,   8.0,    4.0,   0.0,   0.0,     0.0,    14.0,        ,     0.0,        ,     0.0,        ,     0.0,      
pricepa01, 1983,     1, QUE , NHL , D  , 72.0,  3.0,  25.0,  28.0, 188.0, 20.0 ,  0.0,     ,  0.0,     ,  2.0, 0.0,  59.0,    9.0,   1.0,   0.0,     1.0,    10.0, -2.0   ,     0.0,        ,     0.0,        ,     0.0,    13.0
pricepa01, 1984,     1, QUE , NHL , D  , 68.0,  1.0,  26.0,  27.0, 118.0, 17.0 ,  0.0,     ,  0.0,     ,  0.0, 0.0,  55.0,   17.0,   0.0,   4.0,     4.0,    51.0, 4.0    ,     0.0,        ,     0.0,        ,     0.0,    30.0
pricepa01, 1985,     1, QUE , NHL , D  , 54.0,  3.0,  13.0,  16.0,  82.0, 0.0  ,  0.0,     ,  0.0,     ,  0.0, 0.0,  49.0,    3.0,   0.0,   1.0,     1.0,     4.0, 0.0    ,     0.0,        ,     0.0,        ,     0.0,     4.0
pricepa01, 1986,     1, QUE , NHL , D  , 47.0,  0.0,   6.0,   6.0,  81.0, -7.0 ,  0.0,     ,  0.0,     ,  0.0, 0.0,  22.0,       ,      ,      ,        ,        ,        ,        ,        ,        ,        ,        ,      
pricepa01, 1986,     2, NYR , NHL , D  , 13.0,  0.0,   2.0,   2.0,  49.0, -8.0 ,  0.0,     ,  0.0,     ,  0.0, 0.0,   4.0,    6.0,   0.0,   1.0,     1.0,    27.0, -2.0   ,     0.0,        ,     0.0,        ,     0.0,     4.0
pricepa01, 1987,     1, MNS , NHL , D  , 14.0,  0.0,   2.0,   2.0,  20.0, -3.0 ,  0.0,  0.0,  0.0,  0.0,  0.0, 0.0,  10.0,       ,      ,      ,        ,        ,        ,        ,        ,        ,        ,        ,      
priceto01, 1974,     1, CLF , NHL , D  ,  3.0,  0.0,   0.0,   0.0,   4.0, -1.0 ,  0.0,     ,  0.0,     ,  0.0, 0.0,   2.0,       ,      ,      ,        ,        ,        ,        ,        ,        ,        ,        ,      
priceto01, 1975,     1, CLF , NHL , D  ,  5.0,  0.0,   0.0,   0.0,   0.0, -9.0 ,  0.0,     ,  0.0,     ,  0.0, 0.0,   5.0,       ,      ,      ,        ,        ,        ,        ,        ,        ,        ,        ,      
priceto01, 1976,     1, CLE , NHL , D  ,  2.0,  0.0,   0.0,   0.0,   0.0, -4.0 ,  0.0,     ,  0.0,     ,  0.0, 0.0,   2.0,       ,      ,      ,        ,        ,        ,        ,        ,        ,        ,        ,      
priceto01, 1976,     2, PIT , NHL , D  ,  7.0,  0.0,   2.0,   2.0,   4.0, 0.0  ,  0.0,     ,  0.0,     ,  0.0, 0.0,   7.0,       ,      ,      ,        ,        ,        ,        ,        ,        ,        ,        ,      
priceto01, 1977,     1, PIT , NHL , D  , 10.0,  0.0,   0.0,   0.0,   0.0, -4.0 ,  0.0,     ,  0.0,     ,  0.0, 0.0,   3.0,       ,      ,      ,        ,        ,        ,        ,        ,        ,        ,        ,      
priceto01, 1978,     1, PIT , NHL , D  ,  2.0,  0.0,   0.0,   0.0,   4.0, -2.0 ,  0.0,     ,  0.0,     ,  0.0, 0.0,   0.0,       ,      ,      ,        ,        ,        ,        ,        ,        ,        ,        ,      
prieske01, 1986,     1, BUF , NHL , C  , 34.0, 11.0,   6.0,  17.0,   8.0, 3.0  ,  3.0,     ,  0.0,     ,  0.0, 0.0,  49.0,       ,      ,      ,        ,        ,        ,        ,        ,        ,        ,        ,      
prieske01, 1987,     1, BUF , NHL , C  , 33.0,  5.0,  12.0,  17.0,  35.0, -4.0 ,  1.0,  4.0,  1.0,  0.0,  0.0, 0.0,  63.0,    6.0,   0.0,   0.0,     0.0,    11.0, -2.0   ,     0.0,     0.0,     0.0,     0.0,     0.0,    14.0
prieske01, 1988,     1, BUF , NHL , C  , 15.0,  2.0,   0.0,   2.0,   2.0, -8.0 ,  0.0,  0.0,  0.0,  0.0,  0.0, 0.0,  20.0,    3.0,   0.0,   0.0,     0.0,     2.0, -3.0   ,     0.0,     0.0,     0.0,     0.0,     0.0,     5.0
prieske01, 1989,     1, BUF , NHL , C  , 35.0,  7.0,   7.0,  14.0,  14.0, -1.0 ,  1.0,  3.0,  0.0,  0.0,  1.0, 0.0,  66.0,    5.0,   0.0,   0.0,     0.0,     8.0, -4.0   ,     0.0,     0.0,     0.0,     0.0,     0.0,     7.0
prieske01, 1990,     1, PIT , NHL , C  ,  2.0,  0.0,   1.0,   1.0,   0.0, 0.0  ,  0.0,  0.0,  0.0,  0.0,  0.0, 0.0,   2.0,       ,      ,      ,        ,        ,        ,        ,        ,        ,        ,        ,      
prieske01, 1991,     1, PIT , NHL , C  , 49.0,  2.0,   8.0,  10.0,   4.0, 5.0  ,  0.0,  2.0,  0.0,  0.0,  0.0, 0.0,  20.0,       ,      ,      ,        ,        ,        ,        ,        ,        ,        ,        ,      
primejo01, 1927,     1, TOR , NHL , C  ,  2.0,  0.0,   0.0,   0.0,   0.0,      ,     ,     ,     ,     ,     ,    ,      ,       ,      ,      ,        ,        ,        ,        ,        ,        ,        ,        ,      
primejo01, 1928,     1, TOR , NHL , C  ,  6.0,  0.0,   1.0,   1.0,   2.0,      ,     ,     ,     ,     ,     ,    ,      ,       ,      ,      ,        ,        ,        ,        ,        ,        ,        ,        ,      
primejo01, 1929,     1, TOR , NHL , C  , 43.0,  5.0,  21.0,  26.0,  22.0,      ,     ,     ,     ,     ,     ,    ,      ,       ,      ,      ,        ,        ,        ,        ,        ,        ,        ,        ,      
primejo01, 1930,     1, TOR , NHL , C  , 38.0,  9.0,  32.0,  41.0,  18.0,      ,     ,     ,     ,     ,     ,    ,      ,    2.0,   0.0,   0.0,     0.0,     0.0,        ,        ,        ,        ,        ,        ,      
primejo01, 1931,     1, TOR , NHL , C  , 46.0, 13.0,  37.0,  50.0,  25.0,      ,     ,     ,     ,     ,     ,    ,      ,    7.0,   0.0,   6.0,     6.0,     2.0,        ,        ,        ,        ,        ,        ,      
primejo01, 1932,     1, TOR , NHL , C  , 48.0, 11.0,  21.0,  32.0,   4.0,      ,     ,     ,     ,     ,     ,    ,      ,    8.0,   0.0,   1.0,     1.0,     4.0,        ,        ,        ,        ,        ,        ,      
primejo01, 1933,     1, TOR , NHL , C  , 45.0, 14.0,  32.0,  46.0,   8.0,      ,     ,     ,     ,     ,     ,    ,      ,    5.0,   2.0,   4.0,     6.0,     6.0,        ,        ,        ,        ,        ,        ,      
primejo01, 1934,     1, TOR , NHL , C  , 37.0, 10.0,  20.0,  30.0,  16.0,      ,     ,     ,     ,     ,     ,    ,      ,    7.0,   0.0,   3.0,     3.0,     0.0,        ,        ,        ,        ,        ,        ,      
primejo01, 1935,     1, TOR , NHL , C  , 45.0,  4.0,  13.0,  17.0,  10.0,      ,     ,     ,     ,     ,     ,    ,      ,    9.0,   3.0,   4.0,     7.0,     0.0,        ,        ,        ,        ,        ,        ,      
primeke01, 1977,     1, EDO , WHA , R  ,  7.0,  0.0,   1.0,   1.0,   2.0, -1.0 ,  0.0,     ,  0.0,     ,     ,    ,   7.0,    2.0,   0.0,   0.0,     0.0,     2.0, -2.0   ,        ,        ,        ,        ,     0.0,      
primeke01, 1980,     1, VAN , NHL , R  ,  2.0,  0.0,   0.0,   0.0,   4.0, 0.0  ,  0.0,     ,  0.0,     ,  0.0, 0.0,   0.0,       ,      ,      ,        ,        ,        ,        ,        ,        ,        ,        ,      
primeke02, 1990,     1, DET , NHL , C  , 58.0,  3.0,  12.0,  15.0, 106.0, -12.0,  0.0,  1.0,  0.0,  0.0,  1.0, 0.0,  33.0,    5.0,   1.0,   1.0,     2.0,    25.0, 3.0    ,     0.0,     0.0,     0.0,     0.0,     0.0,     2.0
primeke02, 1991,     1, DET , NHL , C  , 35.0,  6.0,  10.0,  16.0,  83.0, 9.0  ,  0.0,  0.0,  0.0,  0.0,  0.0, 0.0,  27.0,   11.0,   0.0,   0.0,     0.0,    14.0, -1.0   ,     0.0,     0.0,     0.0,     0.0,     0.0,    11.0
primeke02, 1992,     1, DET , NHL , C  , 73.0, 15.0,  17.0,  32.0, 152.0, -6.0 ,  4.0,  4.0,  1.0,  0.0,  2.0, 1.0,  75.0,    7.0,   0.0,   2.0,     2.0,    26.0, 1.0    ,     0.0,     0.0,     0.0,     0.0,     0.0,     7.0
primeke02, 1993,     1, DET , NHL , C  , 78.0, 31.0,  42.0,  73.0, 173.0, 34.0 ,  7.0,  7.0,  3.0,  3.0,  4.0, 2.0, 155.0,    7.0,   0.0,   2.0,     2.0,     6.0, 0.0    ,     0.0,     0.0,     0.0,     0.0,     0.0,    12.0
primeke02, 1994,     1, DET , NHL , C  , 45.0, 15.0,  27.0,  42.0,  99.0, 17.0 ,  1.0,  8.0,  0.0,  1.0,  3.0, 0.0,  96.0,   17.0,   4.0,   5.0,     9.0,    45.0, -2.0   ,     2.0,     1.0,     0.0,     0.0,     0.0,    34.0
primeke02, 1995,     1, DET , NHL , C  , 74.0, 27.0,  25.0,  52.0, 168.0, 19.0 ,  6.0,  9.0,  2.0,  2.0,  7.0, 0.0, 150.0,   17.0,   1.0,   4.0,     5.0,    28.0, -1.0   ,     0.0,     2.0,     0.0,     1.0,     0.0,    40.0
primeke02, 1996,     1, HAR , NHL , C  , 75.0, 26.0,  25.0,  51.0, 161.0, -3.0 ,  6.0,  4.0,  3.0,  2.0,  2.0, 2.0, 169.0,       ,      ,      ,        ,        ,        ,        ,        ,        ,        ,        ,      
primeke02, 1997,     1, CAR , NHL , C  , 81.0, 26.0,  37.0,  63.0, 110.0, 19.0 ,  7.0, 11.0,  3.0,  1.0,  2.0, 0.0, 180.0,       ,      ,      ,        ,        ,        ,        ,        ,        ,        ,        ,      
primeke02, 1998,     1, CAR , NHL , C  , 78.0, 30.0,  32.0,  62.0,  75.0, 8.0  ,  9.0,  6.0,  1.0,  0.0,  5.0, 1.0, 178.0,    6.0,   0.0,   3.0,     3.0,     6.0, -3.0   ,     0.0,     2.0,     0.0,     0.0,     0.0,     9.0
primeke02, 1999,     1, PHI , NHL , C  , 23.0,  7.0,  10.0,  17.0,  31.0, 10.0 ,  1.0,  0.0,  0.0,  1.0,  1.0, 0.0,  51.0,   18.0,   2.0,  11.0,    13.0,    13.0, -4.0   ,     0.0,     5.0,     0.0,     0.0,     1.0,    37.0
primeke02, 2000,     1, PHI , NHL , C  , 71.0, 34.0,  39.0,  73.0,  76.0, 17.0 , 11.0, 11.0,  0.0,  1.0,  4.0, 1.0, 165.0,    4.0,   0.0,   3.0,     3.0,     8.0, -3.0   ,     0.0,     3.0,     0.0,     0.0,     0.0,    10.0
primeke02, 2001,     1, PHI , NHL , C  , 75.0, 19.0,  29.0,  48.0, 128.0, -3.0 ,  5.0,  4.0,  0.0,  1.0,  3.0, 0.0, 151.0,    5.0,   0.0,   0.0,     0.0,     6.0, -3.0   ,     0.0,     0.0,     0.0,     0.0,     0.0,     8.0
primeke02, 2002,     1, PHI , NHL , C  , 80.0, 19.0,  27.0,  46.0,  93.0, 4.0  ,  6.0,  7.0,  0.0,  2.0,  4.0, 1.0, 171.0,   13.0,   1.0,   1.0,     2.0,    14.0, -2.0   ,     0.0,     0.0,     0.0,     0.0,     0.0,    28.0
primeke02, 2003,     1, PHI , NHL , C  , 54.0,  7.0,  15.0,  22.0,  80.0, 11.0 ,  0.0,  0.0,  1.0,  0.0,  2.0, 1.0,  86.0,   18.0,   9.0,   7.0,    16.0,    22.0, 11.0   ,     0.0,     1.0,     2.0,     0.0,     3.0,    44.0
primeke02, 2005,     1, PHI , NHL , C  ,  9.0,  1.0,   6.0,   7.0,   6.0, 0.0  ,  1.0,  2.0,  0.0,  1.0,  0.0,    ,  12.0,       ,      ,      ,        ,        ,        ,        ,        ,        ,        ,        ,      
primewa01, 1994,     1, BUF , NHL , C  ,  1.0,  1.0,   0.0,   1.0,   0.0, -2.0 ,  0.0,  0.0,  0.0,  0.0,  1.0, 0.0,   2.0,       ,      ,      ,        ,        ,        ,        ,        ,        ,        ,        ,      
primewa01, 1995,     1, BUF , NHL , C  ,  2.0,  0.0,   0.0,   0.0,   0.0, 0.0  ,  0.0,  0.0,  0.0,  0.0,  0.0, 0.0,   0.0,       ,      ,      ,        ,        ,        ,        ,        ,        ,        ,        ,      
primewa01, 1996,     1, BUF , NHL , C  , 45.0,  2.0,   4.0,   6.0,  64.0, -2.0 ,  1.0,  0.0,  0.0,  0.0,  0.0, 0.0,  25.0,    9.0,   0.0,   0.0,     0.0,     6.0, -2.0   ,     0.0,     0.0,     0.0,     0.0,     0.0,     4.0
primewa01, 1997,     1, BUF , NHL , C  , 69.0,  6.0,   6.0,  12.0,  87.0, 9.0  ,  2.0,  1.0,  0.0,  0.0,  1.0, 0.0,  51.0,   14.0,   1.0,   3.0,     4.0,     6.0, -1.0   ,     0.0,     1.0,     0.0,     1.0,     0.0,    10.0
primewa01, 1998,     1, BUF , NHL , C  , 67.0,  5.0,   8.0,  13.0,  38.0, -6.0 ,  0.0,  1.0,  0.0,  0.0,  0.0, 1.0,  55.0,   19.0,   3.0,   4.0,     7.0,     6.0, 0.0    ,     1.0,     2.0,     0.0,     0.0,     0.0,    22.0
primewa01, 1999,     1, BUF , NHL , C  , 41.0,  5.0,   7.0,  12.0,  38.0, -8.0 ,  2.0,  1.0,  0.0,  0.0,  1.0, 0.0,  40.0,       ,      ,      ,        ,        ,        ,        ,        ,        ,        ,        ,      
primewa01, 1999,     2, TBL , NHL , C  , 17.0,  2.0,   3.0,   5.0,  25.0, -4.0 ,  0.0,  0.0,  0.0,  1.0,  0.0, 0.0,  35.0,       ,      ,      ,        ,        ,        ,        ,        ,        ,        ,        ,      
primewa01, 2000,     1, TBL , NHL , C  , 47.0,  2.0,  13.0,  15.0,  77.0, -17.0,  0.0,  2.0,  0.0,  0.0,  0.0, 0.0,  47.0,       ,      ,      ,        ,        ,        ,        ,        ,        ,        ,        ,      
primewa01, 2000,     2, PIT , NHL , C  , 28.0,  1.0,   6.0,   7.0,  54.0, 0.0  ,  0.0,  1.0,  0.0,  0.0,  0.0, 0.0,  30.0,   18.0,   1.0,   3.0,     4.0,     2.0, -2.0   ,     0.0,     0.0,     0.0,     0.0,     0.0,    19.0
primewa01, 2001,     1, PIT , NHL , C  , 33.0,  3.0,   7.0,  10.0,  18.0, -1.0 ,  0.0,  0.0,  1.0,  0.0,  0.0, 0.0,  28.0,       ,      ,      ,        ,        ,        ,        ,        ,        ,        ,        ,      
primewa01, 2002,     1, PIT , NHL , C  , 70.0,  5.0,  11.0,  16.0,  55.0, -30.0,  1.0,  1.0,  0.0,  2.0,  0.0, 0.0, 101.0,       ,      ,      ,        ,        ,        ,        ,        ,        ,        ,        ,      
primewa01, 2002,     2, SJS , NHL , C  ,  7.0,  1.0,   1.0,   2.0,   0.0, 2.0  ,  0.0,  0.0,  0.0,  0.0,  0.0, 0.0,  13.0,       ,      ,      ,        ,        ,        ,        ,        ,        ,        ,        ,      
primewa01, 2003,     1, SJS , NHL , L  , 72.0,  9.0,  20.0,  29.0,  90.0, 4.0  ,  0.0,  2.0,  1.0,  3.0,  1.0, 0.0, 142.0,   17.0,   1.0,   2.0,     3.0,     4.0, -7.0   ,     0.0,     0.0,     0.0,     0.0,     0.0,    28.0
primewa01, 2005,     1, SJS , NHL , C  , 21.0,  5.0,   3.0,   8.0,  17.0, -6.0 ,  1.0,  0.0,  1.0,  0.0,  1.0,    ,  35.0,       ,      ,      ,        ,        ,        ,        ,        ,        ,        ,        ,      
primewa01, 2005,     2, BOS , NHL , C  , 50.0,  6.0,   8.0,  14.0,  40.0, -10.0,  0.0,  1.0,  0.0,  0.0,  0.0,    ,  66.0,       ,      ,      ,        ,        ,        ,        ,        ,        ,        ,        ,      
primewa01, 2006,     1, BOS , NHL , C  , 51.0,  7.0,   8.0,  15.0,  75.0, -15.0,  2.0,  1.0,  1.0,  0.0,  1.0,    ,  72.0,       ,      ,      ,        ,        ,        ,        ,        ,        ,        ,        ,      
primewa01, 2006,     2, CAL , NHL , C  , 27.0,  3.0,   4.0,   7.0,  36.0, -2.0 ,  0.0,  0.0,  1.0,  0.0,  2.0,    ,  35.0,    6.0,   0.0,   2.0,     2.0,    14.0, -1.0   ,     0.0,     0.0,     0.0,     0.0,     0.0,     3.0
primewa01, 2007,     1, CAL , NHL , C  , 43.0,  3.0,   7.0,  10.0,  26.0, -3.0 ,  0.0,  0.0,  0.0,  0.0,  0.0,    ,  39.0,    7.0,   1.0,   0.0,     1.0,     4.0, 0.0    ,     0.0,     0.0,     0.0,     0.0,     0.0,     6.0
primewa01, 2008,     1, CAL , NHL , C  , 24.0,  0.0,   4.0,   4.0,  14.0, -3.0 ,  0.0,  0.0,  0.0,  0.0,  0.0,    ,  22.0,       ,      ,      ,        ,        ,        ,        ,        ,        ,        ,        ,      
primewa01, 2009,     1, TOR , NHL , C  , 59.0,  3.0,   5.0,   8.0,  35.0, -1.0 ,  0.0,  0.0,  0.0,  0.0,  0.0,    ,  47.0,       ,      ,      ,        ,        ,        ,        ,        ,        ,        ,        ,      
pringel01, 1930,     1, NYA , NHL , D  ,  6.0,  0.0,   0.0,   0.0,   0.0,      ,     ,     ,     ,     ,     ,    ,      ,       ,      ,      ,        ,        ,        ,        ,        ,        ,        ,        ,      
printda01, 2005,     1, PHI , NHL , D  ,  1.0,  0.0,   0.0,   0.0,   0.0, 0.0  ,  0.0,  0.0,  0.0,  0.0,  0.0,    ,   0.0,       ,      ,      ,        ,        ,        ,        ,        ,        ,        ,        ,      
printda01, 2006,     1, PHI , NHL , D  , 12.0,  0.0,   0.0,   0.0,   4.0, -3.0 ,  0.0,  0.0,  0.0,  0.0,  0.0,    ,   1.0,       ,      ,      ,        ,        ,        ,        ,        ,        ,        ,        ,      
pritcji01, 1974,     1, CHC , WHA , D  ,  2.0,  0.0,   0.0,   0.0,   0.0,      ,  0.0,     ,  0.0,     ,  0.0,    ,   2.0,       ,      ,      ,        ,        ,        ,        ,        ,        ,        ,        ,      
probebo01, 1985,     1, DET , NHL , L  , 44.0,  8.0,  13.0,  21.0, 186.0, -14.0,  3.0,     ,  0.0,     ,  0.0, 0.0,  46.0,       ,      ,      ,        ,        ,        ,        ,        ,        ,        ,        ,      
probebo01, 1986,     1, DET , NHL , L  , 63.0, 13.0,  11.0,  24.0, 221.0, -6.0 ,  2.0,     ,  0.0,     ,  0.0, 0.0,  56.0,   16.0,   3.0,   4.0,     7.0,    63.0, 2.0    ,     1.0,        ,     0.0,        ,     1.0,    18.0
probebo01, 1987,     1, DET , NHL , R  , 74.0, 29.0,  33.0,  62.0, 398.0, 16.0 , 15.0,  8.0,  0.0,  0.0,  5.0, 1.0, 126.0,   16.0,   8.0,  13.0,    21.0,    51.0, 8.0    ,     5.0,     4.0,     0.0,     0.0,     1.0,    26.0
probebo01, 1988,     1, DET , NHL , L  , 25.0,  4.0,   2.0,   6.0, 106.0, -11.0,  1.0,  1.0,  0.0,  0.0,  0.0, 0.0,  23.0,       ,      ,      ,        ,        ,        ,        ,        ,        ,        ,        ,      
probebo01, 1989,     1, DET , NHL , L  ,  4.0,  3.0,   0.0,   3.0,  21.0, 0.0  ,  0.0,  0.0,  0.0,  0.0,  1.0, 0.0,  12.0,       ,      ,      ,        ,        ,        ,        ,        ,        ,        ,        ,      
probebo01, 1990,     1, DET , NHL , L  , 55.0, 16.0,  23.0,  39.0, 315.0, -3.0 ,  4.0,  6.0,  0.0,  0.0,  3.0, 0.0,  88.0,    6.0,   1.0,   2.0,     3.0,    50.0, -2.0   ,     0.0,     0.0,     0.0,     0.0,     0.0,     4.0
probebo01, 1991,     1, DET , NHL , R  , 63.0, 20.0,  24.0,  44.0, 276.0, 16.0 ,  8.0,  5.0,  0.0,  0.0,  1.0, 0.0,  96.0,   11.0,   1.0,   6.0,     7.0,    28.0, 2.0    ,     0.0,     1.0,     0.0,     0.0,     0.0,    13.0
probebo01, 1992,     1, DET , NHL , R  , 80.0, 14.0,  29.0,  43.0, 292.0, -9.0 ,  6.0,  8.0,  0.0,  0.0,  3.0, 0.0, 128.0,    7.0,   0.0,   3.0,     3.0,    10.0, -1.0   ,     0.0,     2.0,     0.0,     0.0,     0.0,    14.0
probebo01, 1993,     1, DET , NHL , L  , 66.0,  7.0,  10.0,  17.0, 275.0, -1.0 ,  1.0,  1.0,  0.0,  0.0,  0.0, 0.0, 105.0,    7.0,   1.0,   1.0,     2.0,     8.0, 1.0    ,     0.0,     0.0,     0.0,     0.0,     0.0,    10.0
probebo01, 1995,     1, CHI , NHL , R  , 78.0, 19.0,  21.0,  40.0, 237.0, 15.0 ,  1.0,  4.0,  0.0,  0.0,  3.0, 0.0,  97.0,   10.0,   0.0,   2.0,     2.0,    23.0, -1.0   ,     0.0,     0.0,     0.0,     0.0,     0.0,    20.0
probebo01, 1996,     1, CHI , NHL , L  , 82.0,  9.0,  14.0,  23.0, 326.0, -3.0 ,  1.0,  0.0,  0.0,  0.0,  3.0, 0.0, 111.0,    6.0,   2.0,   1.0,     3.0,    41.0, -4.0   ,     1.0,     0.0,     0.0,     0.0,     1.0,    10.0
probebo01, 1997,     1, CHI , NHL , L  , 14.0,  2.0,   1.0,   3.0,  48.0, -7.0 ,  2.0,  0.0,  0.0,  0.0,  0.0, 0.0,  18.0,       ,      ,      ,        ,        ,        ,        ,        ,        ,        ,        ,      
probebo01, 1998,     1, CHI , NHL , L  , 78.0,  7.0,  14.0,  21.0, 206.0, -11.0,  0.0,  2.0,  0.0,  0.0,  3.0, 0.0,  87.0,       ,      ,      ,        ,        ,        ,        ,        ,        ,        ,        ,      
probebo01, 1999,     1, CHI , NHL , L  , 69.0,  4.0,  11.0,  15.0, 114.0, 10.0 ,  0.0,  0.0,  0.0,  0.0,  0.0, 0.0,  38.0,       ,      ,      ,        ,        ,        ,        ,        ,        ,        ,        ,      
probebo01, 2000,     1, CHI , NHL , L  , 79.0,  7.0,  12.0,  19.0, 103.0, -13.0,  1.0,  0.0,  0.0,  0.0,  0.0, 1.0,  45.0,       ,      ,      ,        ,        ,        ,        ,        ,        ,        ,        ,      
probebo01, 2001,     1, CHI , NHL , L  , 61.0,  1.0,   3.0,   4.0, 176.0, -9.0 ,  0.0,  0.0,  0.0,  0.0,  1.0, 0.0,  33.0,    2.0,   0.0,   0.0,     0.0,     0.0, 0.0    ,     0.0,     0.0,     0.0,     0.0,     0.0,     0.0
procedi01, 1972,     1, CHC , WHA , D  , 53.0,  4.0,  14.0,  18.0,  33.0,      ,  1.0,     ,  0.0,     ,     ,    ,      ,       ,      ,      ,        ,        ,        ,        ,        ,        ,        ,        ,      
procedi01, 1973,     1, CHC , WHA , D  , 77.0,  2.0,  20.0,  22.0,  55.0,      ,  0.0,     ,  0.0,     ,  1.0,    ,      ,   13.0,   0.0,   4.0,     4.0,    10.0,        ,        ,        ,        ,        ,     0.0,      
procedi01, 1974,     1, CHC , WHA , D  , 11.0,  0.0,   3.0,   3.0,  11.0, -6.0 ,  0.0,     ,  0.0,     ,  0.0,    ,  11.0,       ,      ,      ,        ,        ,        ,        ,        ,        ,        ,        ,      
procedi01, 1974,     2, IND , WHA , D  , 52.0,  1.0,  28.0,  29.0,  51.0, -13.0,  0.0,     ,  0.0,     ,     ,    ,  65.0,       ,      ,      ,        ,        ,        ,        ,        ,        ,        ,        ,      
procedi01, 1975,     1, IND , WHA , D  , 73.0,  7.0,  14.0,  21.0,  31.0, 7.0  ,  0.0,     ,  0.0,     ,  2.0,    ,  65.0,    7.0,   0.0,   0.0,     0.0,     2.0, -3.0   ,        ,        ,        ,        ,        ,      
procedi01, 1976,     1, IND , WHA , D  , 55.0,  2.0,  12.0,  14.0,  33.0, -7.0 ,  0.0,     ,  0.0,     ,     ,    ,  65.0,       ,      ,      ,        ,        ,        ,        ,        ,        ,        ,        ,      
prochma01, 1997,     1, TOR , NHL , L  , 29.0,  2.0,   4.0,   6.0,   8.0, -1.0 ,  0.0,  1.0,  0.0,  0.0,  0.0, 0.0,  40.0,       ,      ,      ,        ,        ,        ,        ,        ,        ,        ,        ,      
prochma01, 1999,     1, ATL , NHL , R  ,  3.0,  0.0,   1.0,   1.0,   0.0, -1.0 ,  0.0,  0.0,  0.0,  0.0,  0.0, 0.0,   5.0,       ,      ,      ,        ,        ,        ,        ,        ,        ,        ,        ,      
prodggo01, 1911,     1, QU1 , NHA ,    , 17.0,  3.0,   0.0,   3.0,  15.0,      ,     ,     ,     ,     ,     ,    ,      ,       ,      ,      ,        ,        ,        ,        ,        ,        ,        ,        ,      
prodggo01, 1912,     1, VA1 , PCHA, R  , 15.0,  6.0,   0.0,   6.0,  21.0,      ,     ,     ,     ,     ,     ,    ,      ,       ,      ,      ,        ,        ,        ,        ,        ,        ,        ,        ,      
prodggo01, 1913,     1, QU1 , NHA ,    , 20.0,  2.0,   3.0,   5.0,  11.0,      ,     ,     ,     ,     ,     ,    ,      ,       ,      ,      ,        ,        ,        ,        ,        ,        ,        ,        ,      
prodggo01, 1914,     1, MOW , NHA ,    , 18.0,  8.0,   5.0,  13.0,  54.0,      ,     ,     ,     ,     ,     ,    ,      ,    2.0,   0.0,      ,        ,        ,        ,        ,        ,        ,        ,        ,      
prodggo01, 1915,     1, MOC , NHA ,    , 24.0,  8.0,   3.0,  11.0,  86.0,      ,     ,     ,     ,     ,     ,    ,      ,       ,      ,      ,        ,        ,        ,        ,        ,        ,        ,        ,      
prodggo01, 1916,     1, TOB , NHA ,    , 12.0, 16.0,   2.0,  18.0,  24.0,      ,     ,     ,     ,     ,     ,    ,      ,       ,      ,      ,        ,        ,        ,        ,        ,        ,        ,        ,      
prodggo01, 1919,     1, TRS , NHL , F  , 16.0,  8.0,   6.0,  14.0,   4.0,      ,     ,     ,     ,     ,     ,    ,      ,       ,      ,      ,        ,        ,        ,        ,        ,        ,        ,        ,      
prodggo01, 1920,     1, HAM , NHL , F  , 24.0, 18.0,   9.0,  27.0,   8.0,      ,     ,     ,     ,     ,     ,    ,      ,       ,      ,      ,        ,        ,        ,        ,        ,        ,        ,        ,      
prodggo01, 1921,     1, HAM , NHL , D/F, 24.0, 15.0,   6.0,  21.0,   4.0,      ,     ,     ,     ,     ,     ,    ,      ,       ,      ,      ,        ,        ,        ,        ,        ,        ,        ,        ,      
prodggo01, 1922,     1, HAM , NHL , D/F, 23.0, 13.0,   4.0,  17.0,  17.0,      ,     ,     ,     ,     ,     ,    ,      ,       ,      ,      ,        ,        ,        ,        ,        ,        ,        ,        ,      
prodggo01, 1923,     1, HAM , NHL , D/F, 23.0,  9.0,   4.0,  13.0,   6.0,      ,     ,     ,     ,     ,     ,    ,      ,       ,      ,      ,        ,        ,        ,        ,        ,        ,        ,        ,      
prodggo01, 1924,     1, HAM , NHL , F/D,  1.0,  0.0,   0.0,   0.0,   0.0,      ,     ,     ,     ,     ,     ,    ,      ,       ,      ,      ,        ,        ,        ,        ,        ,        ,        ,        ,      
prokhvi01, 1992,     1, STL , NHL , R  , 26.0,  4.0,   1.0,   5.0,  15.0, -4.0 ,  0.0,  0.0,  0.0,  0.0,  1.0, 0.0,  21.0,       ,      ,      ,        ,        ,        ,        ,        ,        ,        ,        ,      
prokhvi01, 1993,     1, STL , NHL , L  , 55.0, 15.0,  10.0,  25.0,  20.0, -6.0 ,  3.0,  0.0,  0.0,  0.0,  1.0, 0.0,  85.0,    4.0,   0.0,   0.0,     0.0,     0.0, -5.0   ,     0.0,     0.0,     0.0,     0.0,     0.0,     1.0
prokhvi01, 1994,     1, STL , NHL , L  ,  2.0,  0.0,   0.0,   0.0,   0.0, 1.0  ,  0.0,  0.0,  0.0,  0.0,  0.0, 0.0,   0.0,       ,      ,      ,        ,        ,        ,        ,        ,        ,        ,        ,      
prokomi01, 1995,     1, CHI , NHL , R  ,  9.0,  0.0,   0.0,   0.0,   5.0, -4.0 ,  0.0,  0.0,  0.0,  0.0,  0.0, 0.0,   5.0,       ,      ,      ,        ,        ,        ,        ,        ,        ,        ,        ,      
prokomi01, 1996,     1, CHI , NHL , R  ,  6.0,  0.0,   0.0,   0.0,   6.0, -1.0 ,  0.0,  0.0,  0.0,  0.0,  0.0, 0.0,   2.0,       ,      ,      ,        ,        ,        ,        ,        ,        ,        ,        ,      
prongch01, 1993,     1, HAR , NHL , D  , 81.0,  5.0,  25.0,  30.0, 113.0, -3.0 ,  2.0, 11.0,  0.0,  1.0,  0.0, 0.0, 174.0,       ,      ,      ,        ,        ,        ,        ,        ,        ,        ,        ,      
prongch01, 1994,     1, HAR , NHL , D  , 43.0,  5.0,   9.0,  14.0,  54.0, -12.0,  3.0,  2.0,  0.0,  0.0,  1.0, 0.0,  94.0,       ,      ,      ,        ,        ,        ,        ,        ,        ,        ,        ,      
prongch01, 1995,     1, STL , NHL , D  , 78.0,  7.0,  18.0,  25.0, 110.0, -18.0,  3.0,  8.0,  1.0,  0.0,  1.0, 0.0, 138.0,   13.0,   1.0,   5.0,     6.0,    16.0, 0.0    ,     0.0,     2.0,     0.0,     1.0,     0.0,    20.0
prongch01, 1996,     1, STL , NHL , D  , 79.0, 11.0,  24.0,  35.0, 143.0, 15.0 ,  4.0, 11.0,  0.0,  0.0,  0.0, 0.0, 147.0,    6.0,   1.0,   1.0,     2.0,    22.0, 0.0    ,     0.0,     1.0,     0.0,     0.0,     0.0,    19.0
prongch01, 1997,     1, STL , NHL , D  , 81.0,  9.0,  27.0,  36.0, 180.0, 47.0 ,  1.0,  8.0,  0.0,  2.0,  2.0, 0.0, 145.0,   10.0,   1.0,   9.0,    10.0,    26.0, -2.0   ,     0.0,     6.0,     0.0,     0.0,     0.0,    24.0
prongch01, 1998,     1, STL , NHL , D  , 67.0, 13.0,  33.0,  46.0, 113.0, 3.0  ,  8.0, 17.0,  0.0,  1.0,  0.0, 0.0, 172.0,   13.0,   1.0,   4.0,     5.0,    28.0, -2.0   ,     1.0,     2.0,     0.0,     0.0,     0.0,    43.0
prongch01, 1999,     1, STL , NHL , D  , 79.0, 14.0,  48.0,  62.0,  92.0, 52.0 ,  8.0, 18.0,  0.0,  3.0,  3.0, 2.0, 192.0,    7.0,   3.0,   4.0,     7.0,    32.0, 0.0    ,     2.0,     3.0,     0.0,     0.0,     2.0,    22.0
prongch01, 2000,     1, STL , NHL , D  , 51.0,  8.0,  39.0,  47.0,  75.0, 21.0 ,  4.0, 23.0,  0.0,  2.0,  0.0, 1.0, 121.0,   15.0,   1.0,   7.0,     8.0,    32.0, 10.0   ,     0.0,     2.0,     0.0,     0.0,     0.0,    35.0
prongch01, 2001,     1, STL , NHL , D  , 78.0,  7.0,  40.0,  47.0, 120.0, 23.0 ,  4.0, 24.0,  1.0,  0.0,  3.0, 0.0, 204.0,    9.0,   1.0,   7.0,     8.0,    24.0, 5.0    ,     0.0,     4.0,     0.0,     1.0,     0.0,    16.0
prongch01, 2002,     1, STL , NHL , D  ,  5.0,  1.0,   3.0,   4.0,  10.0, -2.0 ,  0.0,  0.0,  0.0,  0.0,  0.0, 0.0,  11.0,    7.0,   1.0,   3.0,     4.0,    14.0, 3.0    ,     0.0,     2.0,     0.0,     0.0,     0.0,    15.0
prongch01, 2003,     1, STL , NHL , D  , 80.0, 14.0,  40.0,  54.0,  88.0, -1.0 ,  7.0, 24.0,  0.0,  3.0,  3.0, 0.0, 203.0,    5.0,   0.0,   1.0,     1.0,    16.0, 1.0    ,     0.0,     0.0,     0.0,     0.0,     0.0,     8.0
prongch01, 2005,     1, EDM , NHL , D  , 80.0, 12.0,  44.0,  56.0,  74.0, 2.0  , 10.0, 32.0,  0.0,  0.0,  3.0,    , 155.0,   24.0,   5.0,  16.0,    21.0,    26.0, 10.0   ,     3.0,     8.0,     0.0,     0.0,     0.0,    61.0
prongch01, 2006,     1, AND , NHL , D  , 66.0, 13.0,  46.0,  59.0,  69.0, 27.0 ,  8.0, 28.0,  0.0,  0.0,  2.0,    , 166.0,   19.0,   3.0,  12.0,    15.0,    26.0, 10.0   ,     1.0,     6.0,     0.0,     2.0,     0.0,    58.0
prongch01, 2007,     1, AND , NHL , D  , 72.0, 12.0,  31.0,  43.0, 128.0, -1.0 ,  8.0, 22.0,  0.0,  1.0,  4.0,    , 182.0,    6.0,   2.0,   3.0,     5.0,    12.0, -1.0   ,     2.0,     2.0,     0.0,     0.0,     1.0,    12.0
prongch01, 2008,     1, AND , NHL , D  , 82.0, 11.0,  37.0,  48.0,  88.0, 0.0  ,  4.0, 24.0,  0.0,  1.0,  2.0,    , 196.0,   13.0,   2.0,   8.0,    10.0,    12.0, 4.0    ,     1.0,     5.0,     0.0,     0.0,     0.0,    27.0
prongch01, 2009,     1, PHI , NHL , D  , 82.0, 10.0,  45.0,  55.0,  79.0, 22.0 ,  5.0, 21.0,  0.0,  1.0,  2.0,    , 175.0,   23.0,   4.0,  14.0,    18.0,    36.0, 5.0    ,     3.0,     5.0,     0.0,     0.0,     0.0,    41.0
prongse01, 1995,     1, ANA , NHL , C  ,  7.0,  0.0,   1.0,   1.0,   6.0, 0.0  ,  0.0,  0.0,  0.0,  0.0,  0.0, 0.0,   3.0,       ,      ,      ,        ,        ,        ,        ,        ,        ,        ,        ,      
prongse01, 1996,     1, ANA , NHL , C  , 39.0,  7.0,   7.0,  14.0,  20.0, 6.0  ,  1.0,  1.0,  0.0,  0.0,  1.0, 1.0,  43.0,    9.0,   0.0,   2.0,     2.0,     4.0, 0.0    ,     0.0,     0.0,     0.0,     0.0,     0.0,     7.0
prongse01, 1997,     1, ANA , NHL , L  , 62.0,  5.0,  15.0,  20.0,  30.0, -9.0 ,  1.0,  5.0,  0.0,  0.0,  2.0, 0.0,  68.0,       ,      ,      ,        ,        ,        ,        ,        ,        ,        ,        ,      
prongse01, 1997,     2, PIT , NHL , L  ,  5.0,  1.0,   0.0,   1.0,   2.0, -1.0 ,  0.0,  0.0,  0.0,  0.0,  1.0, 0.0,   5.0,    5.0,   0.0,   0.0,     0.0,     4.0, -1.0   ,     0.0,     0.0,     0.0,     0.0,     0.0,     4.0
prongse01, 1998,     1, PIT , NHL , C  ,  2.0,  0.0,   0.0,   0.0,   0.0, 0.0  ,  0.0,  0.0,  0.0,  0.0,  0.0, 0.0,   3.0,       ,      ,      ,        ,        ,        ,        ,        ,        ,        ,        ,      
prongse01, 1998,     2, NYR , NHL , C  , 14.0,  0.0,   3.0,   3.0,   4.0, -3.0 ,  0.0,  0.0,  0.0,  0.0,  0.0, 0.0,   3.0,       ,      ,      ,        ,        ,        ,        ,        ,        ,        ,        ,      
prongse01, 1998,     3, LAK , NHL , C  , 13.0,  0.0,   1.0,   1.0,   4.0, 2.0  ,  0.0,  0.0,  0.0,  0.0,  0.0, 0.0,   8.0,       ,      ,      ,        ,        ,        ,        ,        ,        ,        ,        ,      
prongse01, 1999,     1, BOS , NHL , C  , 11.0,  0.0,   1.0,   1.0,  13.0, -4.0 ,  0.0,  0.0,  0.0,  0.0,  0.0, 0.0,   7.0,       ,      ,      ,        ,        ,        ,        ,        ,        ,        ,        ,      
prongse01, 2001,     1, CBS , NHL , C  , 26.0,  3.0,   1.0,   4.0,   4.0, -4.0 ,  0.0,  0.0,  0.0,  0.0,  0.0, 0.0,  25.0,       ,      ,      ,        ,        ,        ,        ,        ,        ,        ,        ,      
prongse01, 2002,     1, CBS , NHL , R  , 78.0,  7.0,   6.0,  13.0,  72.0, -26.0,  1.0,  1.0,  0.0,  1.0,  0.0, 0.0,  67.0,       ,      ,      ,        ,        ,        ,        ,        ,        ,        ,        ,      
prongse01, 2003,     1, VAN , NHL , C  ,  3.0,  0.0,   1.0,   1.0,   4.0, -1.0 ,  0.0,  0.0,  0.0,  0.0,  0.0, 0.0,   6.0,       ,      ,      ,        ,        ,        ,        ,        ,        ,        ,        ,      
pronoan01, 1956,     1, MTL , NHL , L  , 64.0, 10.0,  11.0,  21.0,  58.0,      ,     ,     ,     ,     ,     ,    ,      ,    8.0,   1.0,   0.0,     1.0,     4.0,        ,        ,        ,        ,        ,        ,      
pronoan01, 1957,     1, MTL , NHL , L  , 66.0, 16.0,  12.0,  28.0,  55.0,      ,     ,     ,     ,     ,     ,    ,      ,   10.0,   2.0,   0.0,     2.0,    16.0,        ,        ,        ,        ,        ,        ,      
pronoan01, 1958,     1, MTL , NHL , L  , 70.0,  9.0,  14.0,  23.0,  48.0,      ,     ,     ,     ,     ,     ,    ,      ,   11.0,   2.0,   1.0,     3.0,     6.0,        ,        ,        ,        ,        ,        ,      
pronoan01, 1959,     1, MTL , NHL , L  , 69.0, 12.0,  19.0,  31.0,  61.0,      ,     ,     ,     ,     ,     ,    ,      ,    8.0,   1.0,   2.0,     3.0,     0.0,        ,        ,        ,        ,        ,        ,      
pronoan01, 1960,     1, MTL , NHL , L  , 21.0,  1.0,   5.0,   6.0,   4.0,      ,     ,     ,     ,     ,     ,    ,      ,       ,      ,      ,        ,        ,        ,        ,        ,        ,        ,        ,      
pronoan01, 1960,     2, BOS , NHL , L  , 47.0, 11.0,  11.0,  22.0,  30.0,      ,     ,     ,     ,     ,     ,    ,      ,       ,      ,      ,        ,        ,        ,        ,        ,        ,        ,        ,      
pronoan01, 1961,     1, BOS , NHL , L  , 70.0, 15.0,   8.0,  23.0,  74.0,      ,     ,     ,     ,     ,     ,    ,      ,       ,      ,      ,        ,        ,        ,        ,        ,        ,        ,        ,      
pronoan01, 1962,     1, BOS , NHL , L  , 21.0,  0.0,   2.0,   2.0,   6.0,      ,     ,     ,     ,     ,     ,    ,      ,       ,      ,      ,        ,        ,        ,        ,        ,        ,        ,        ,      
pronoan01, 1962,     2, DET , NHL , L  , 47.0, 13.0,   5.0,  18.0,  18.0,      ,     ,     ,     ,     ,     ,    ,      ,   11.0,   1.0,   4.0,     5.0,     6.0,        ,        ,        ,        ,        ,     0.0,      
pronoan01, 1963,     1, DET , NHL , L  , 70.0,  7.0,  16.0,  23.0,  54.0,      ,  4.0,     ,  0.0,     ,  1.0, 0.0,      ,   14.0,   4.0,   3.0,     7.0,    26.0,        ,        ,        ,        ,        ,     0.0,      
pronoan01, 1964,     1, DET , NHL , L  ,  3.0,  0.0,   1.0,   1.0,   0.0,      ,  0.0,     ,  0.0,     ,  0.0, 0.0,      ,       ,      ,      ,        ,        ,        ,        ,        ,        ,        ,        ,      
pronoan01, 1967,     1, MNS , NHL , L  ,  8.0,  0.0,   0.0,   0.0,   0.0, 0.0  ,  0.0,     ,  0.0,     ,  0.0, 0.0,   6.0,    8.0,   0.0,   1.0,     1.0,     0.0,        ,     0.0,        ,     0.0,        ,     0.0,      
pronocl01, 1955,     1, BOS , NHL , G  ,  1.0,  0.0,   0.0,   0.0,   2.0,      ,     ,     ,     ,     ,     ,    ,      ,       ,      ,      ,        ,        ,        ,        ,        ,        ,        ,        ,      
pronocl01, 1958,     1, MTL , NHL , G  ,  2.0,  0.0,   0.0,   0.0,   0.0,      ,     ,     ,     ,     ,     ,    ,      ,       ,      ,      ,        ,        ,        ,        ,        ,        ,        ,        ,      
pronoje01, 1968,     1, PIT , NHL , R  , 76.0, 16.0,  25.0,  41.0,  41.0, -4.0 ,  4.0,     ,  2.0,     ,  1.0, 1.0, 199.0,       ,      ,      ,        ,        ,        ,        ,        ,        ,        ,        ,      
pronoje01, 1969,     1, PIT , NHL , R  , 72.0, 20.0,  21.0,  41.0,  45.0, -2.0 ,  5.0,     ,  0.0,     ,  6.0, 0.0, 222.0,   10.0,   3.0,   4.0,     7.0,     2.0,        ,     1.0,        ,     0.0,        ,     1.0,      
pronoje01, 1970,     1, PIT , NHL , R  , 78.0, 21.0,  24.0,  45.0,  35.0, 8.0  ,  4.0,     ,  0.0,     ,  2.0, 2.0, 225.0,       ,      ,      ,        ,        ,        ,        ,        ,        ,        ,        ,      
pronoje01, 1971,     1, PIT , NHL , R  , 68.0, 30.0,  23.0,  53.0,  12.0, 15.0 ,  3.0,     ,  1.0,     ,  3.0, 3.0, 214.0,    4.0,   1.0,   1.0,     2.0,     0.0,        ,     0.0,        ,     1.0,        ,     0.0,      
pronoje01, 1972,     1, PIT , NHL , R  , 66.0, 21.0,  22.0,  43.0,  16.0, -15.0,  2.0,     ,  1.0,     ,  5.0, 1.0, 192.0,       ,      ,      ,        ,        ,        ,        ,        ,        ,        ,        ,      
pronoje01, 1973,     1, PIT , NHL , R  , 77.0, 40.0,  32.0,  72.0,  22.0, 9.0  ,  8.0,     ,  4.0,     ,  2.0, 2.0, 248.0,       ,      ,      ,        ,        ,        ,        ,        ,        ,        ,        ,      
pronoje01, 1974,     1, PIT , NHL , R  , 78.0, 43.0,  32.0,  75.0,  37.0, 13.0 , 11.0,     ,  1.0,     ,  9.0, 3.0, 275.0,    9.0,   3.0,   3.0,     6.0,     6.0,        ,     0.0,        ,     0.0,        ,     0.0,      
pronoje01, 1975,     1, PIT , NHL , R  , 80.0, 52.0,  52.0, 104.0,  24.0, 16.0 , 13.0,     ,  2.0,     ,  3.0, 3.0, 299.0,    3.0,   0.0,   0.0,     0.0,     2.0,        ,     0.0,        ,     0.0,        ,     0.0,      
pronoje01, 1976,     1, PIT , NHL , R  , 79.0, 33.0,  31.0,  64.0,  24.0, 8.0  ,  7.0,     ,  1.0,     ,  6.0, 2.0, 217.0,    3.0,   2.0,   1.0,     3.0,     2.0,        ,     1.0,        ,     0.0,        ,     0.0,      
pronoje01, 1977,     1, PIT , NHL , R  , 79.0, 40.0,  25.0,  65.0,  50.0, -16.0, 12.0,     ,  2.0,     ,  5.0, 2.0, 219.0,       ,      ,      ,        ,        ,        ,        ,        ,        ,        ,        ,      
pronoje01, 1978,     1, ATF , NHL , R  , 75.0, 28.0,  39.0,  67.0,  30.0, 21.0 ,  4.0,     ,  2.0,     ,  8.0, 0.0, 151.0,    2.0,   2.0,   0.0,     2.0,     0.0,        ,     1.0,        ,     0.0,        ,     0.0,      
pronoje01, 1979,     1, ATF , NHL , R  , 80.0, 24.0,  19.0,  43.0,  12.0, 12.0 ,  6.0,     ,  0.0,     ,  3.0, 0.0, 119.0,    4.0,   0.0,   0.0,     0.0,     2.0,        ,     0.0,        ,     0.0,        ,     0.0,      
pronoje01, 1980,     1, WAS , NHL , R  , 80.0, 22.0,  36.0,  58.0,  61.0, -9.0 ,  6.0,     ,  1.0,     ,  4.0, 3.0, 188.0,       ,      ,      ,        ,        ,        ,        ,        ,        ,        ,        ,      
pronoje01, 1981,     1, WAS , NHL , R  , 10.0,  1.0,   2.0,   3.0,   4.0, -7.0 ,  0.0,     ,  0.0,     ,  0.0, 0.0,  15.0,       ,      ,      ,        ,        ,        ,        ,        ,        ,        ,        ,      
pronoma01, 1949,     1, DET , NHL , D  ,     ,     ,      ,      ,      ,      ,     ,     ,     ,     ,     ,    ,      ,    9.0,   0.0,   1.0,     1.0,    10.0,        ,        ,        ,        ,        ,        ,      
pronoma01, 1950,     1, DET , NHL , D  , 37.0,  1.0,   6.0,   7.0,  20.0,      ,     ,     ,     ,     ,     ,    ,      ,    6.0,   0.0,   0.0,     0.0,     0.0,        ,        ,        ,        ,        ,        ,      
pronoma01, 1951,     1, DET , NHL , D  , 69.0,  7.0,  11.0,  18.0,  50.0,      ,     ,     ,     ,     ,     ,    ,      ,    8.0,   0.0,   1.0,     1.0,    10.0,        ,        ,        ,        ,        ,        ,      
pronoma01, 1952,     1, DET , NHL , D  , 68.0,  8.0,  19.0,  27.0,  72.0,      ,     ,     ,     ,     ,     ,    ,      ,    6.0,   0.0,   0.0,     0.0,     6.0,        ,        ,        ,        ,        ,        ,      
pronoma01, 1953,     1, DET , NHL , D  , 57.0,  6.0,  12.0,  18.0,  50.0,      ,     ,     ,     ,     ,     ,    ,      ,   12.0,   2.0,   3.0,     5.0,    12.0,        ,        ,        ,        ,        ,        ,      
pronoma01, 1954,     1, DET , NHL , D  , 70.0,  9.0,  25.0,  34.0,  90.0,      ,     ,     ,     ,     ,     ,    ,      ,   11.0,   1.0,   2.0,     3.0,     6.0,        ,        ,        ,        ,        ,        ,      
pronoma01, 1955,     1, DET , NHL , D  , 68.0,  4.0,  13.0,  17.0,  46.0,      ,     ,     ,     ,     ,     ,    ,      ,   10.0,   0.0,   2.0,     2.0,     8.0,        ,        ,        ,        ,        ,        ,      
pronoma01, 1956,     1, DET , NHL , D  , 70.0,  7.0,   9.0,  16.0,  38.0,      ,     ,     ,     ,     ,     ,    ,      ,    5.0,   0.0,   0.0,     0.0,     6.0,        ,        ,        ,        ,        ,        ,      
pronoma01, 1957,     1, DET , NHL , D  , 62.0,  2.0,  18.0,  20.0,  52.0,      ,     ,     ,     ,     ,     ,    ,      ,    4.0,   0.0,   1.0,     1.0,     4.0,        ,        ,        ,        ,        ,        ,      
pronoma01, 1958,     1, DET , NHL , D  , 69.0, 11.0,  21.0,  32.0,  44.0,      ,     ,     ,     ,     ,     ,    ,      ,       ,      ,      ,        ,        ,        ,        ,        ,        ,        ,        ,      
pronoma01, 1959,     1, DET , NHL , D  , 69.0,  7.0,  17.0,  24.0,  38.0,      ,     ,     ,     ,     ,     ,    ,      ,    6.0,   1.0,   1.0,     2.0,     2.0,        ,        ,        ,        ,        ,        ,      
pronoma01, 1960,     1, DET , NHL , D  , 70.0,  6.0,  11.0,  17.0,  44.0,      ,     ,     ,     ,     ,     ,    ,      ,    9.0,   2.0,   3.0,     5.0,     0.0,        ,        ,        ,        ,        ,     0.0,      
pronoma01, 1961,     1, DET , NHL , D  , 70.0,  4.0,  14.0,  18.0,  38.0,      ,     ,     ,     ,     ,     ,    ,      ,       ,      ,      ,        ,        ,        ,        ,        ,        ,        ,        ,      
pronoma01, 1962,     1, DET , NHL , D  , 69.0,  4.0,   9.0,  13.0,  48.0,      ,     ,     ,     ,     ,     ,    ,      ,   11.0,   1.0,   4.0,     5.0,     8.0,        ,        ,        ,        ,        ,     0.0,      
pronoma01, 1963,     1, DET , NHL , D  , 67.0,  3.0,  17.0,  20.0,  42.0,      ,  0.0,     ,  0.0,     ,  0.0, 0.0,      ,   14.0,   0.0,   2.0,     2.0,    14.0,        ,        ,        ,        ,        ,     0.0,      
pronoma01, 1964,     1, DET , NHL , D  , 68.0,  1.0,  15.0,  16.0,  45.0,      ,  0.0,     ,  0.0,     ,  1.0, 0.0,      ,    7.0,   0.0,   3.0,     3.0,     4.0,        ,        ,        ,        ,        ,     0.0,      
pronoma01, 1965,     1, TOR , NHL , D  , 54.0,  2.0,   8.0,  10.0,  34.0,      ,  0.0,     ,  0.0,     ,  0.0, 0.0,      ,    4.0,   0.0,   0.0,     0.0,     6.0,        ,        ,        ,        ,        ,     0.0,      
pronoma01, 1966,     1, TOR , NHL , D  , 58.0,  2.0,  12.0,  14.0,  28.0,      ,  0.0,     ,  0.0,     ,  0.0, 0.0,      ,   12.0,   1.0,   0.0,     1.0,     8.0,        ,        ,        ,        ,        ,     0.0,      
pronoma01, 1967,     1, TOR , NHL , D  , 70.0,  3.0,  17.0,  20.0,  48.0, 0.0  ,  0.0,     ,  0.0,     ,  1.0, 0.0,  70.0,       ,      ,      ,        ,        ,        ,        ,        ,        ,        ,        ,      
pronoma01, 1968,     1, TOR , NHL , D  , 34.0,  1.0,   2.0,   3.0,  20.0, -2.0 ,  0.0,     ,  0.0,     ,  0.0, 1.0,  18.0,       ,      ,      ,        ,        ,        ,        ,        ,        ,        ,        ,      
pronoma01, 1969,     1, TOR , NHL , D  ,  7.0,  0.0,   1.0,   1.0,   4.0, 5.0  ,  0.0,     ,  0.0,     ,  0.0, 0.0,   2.0,       ,      ,      ,        ,        ,        ,        ,        ,        ,        ,        ,      
proppbr01, 1979,     1, PHI , NHL , L  , 80.0, 34.0,  41.0,  75.0,  54.0, 45.0 ,  4.0,     ,  0.0,     ,  3.0, 1.0, 209.0,   19.0,   5.0,  10.0,    15.0,    29.0,        ,     3.0,        ,     0.0,        ,     0.0,      
proppbr01, 1980,     1, PHI , NHL , L  , 79.0, 26.0,  40.0,  66.0, 110.0, 27.0 ,  6.0,     ,  0.0,     ,  5.0, 3.0, 194.0,   12.0,   6.0,   6.0,    12.0,    32.0,        ,     0.0,        ,     0.0,        ,     0.0,      
proppbr01, 1981,     1, PHI , NHL , L  , 80.0, 44.0,  47.0,  91.0, 117.0, 19.0 , 13.0,     ,  0.0,     ,  6.0, 2.0, 290.0,    4.0,   2.0,   2.0,     4.0,     4.0,        ,     0.0,        ,     0.0,        ,     1.0,      
proppbr01, 1982,     1, PHI , NHL , L  , 80.0, 40.0,  42.0,  82.0,  72.0, 35.0 , 13.0,     ,  1.0,     , 12.0, 0.0, 250.0,    3.0,   1.0,   2.0,     3.0,     8.0,        ,     1.0,        ,     0.0,        ,     0.0,      
proppbr01, 1983,     1, PHI , NHL , L  , 79.0, 39.0,  53.0,  92.0,  37.0, 49.0 , 11.0,     ,  1.0,     ,  4.0, 2.0, 301.0,    3.0,   0.0,   1.0,     1.0,     6.0, -4.0   ,     0.0,        ,     0.0,        ,     0.0,     6.0
proppbr01, 1984,     1, PHI , NHL , L  , 76.0, 43.0,  54.0,  97.0,  43.0, 46.0 , 12.0,     ,  7.0,     ,  4.0, 0.0, 258.0,   19.0,   8.0,  10.0,    18.0,     6.0, 2.0    ,     4.0,        ,     1.0,        ,     2.0,    62.0
proppbr01, 1985,     1, PHI , NHL , L  , 72.0, 40.0,  57.0,  97.0,  47.0, 24.0 , 11.0,     ,  2.0,     ,  5.0, 0.0, 317.0,    5.0,   0.0,   2.0,     2.0,     4.0, -2.0   ,     0.0,        ,     0.0,        ,     0.0,    12.0
proppbr01, 1986,     1, PHI , NHL , L  , 53.0, 31.0,  36.0,  67.0,  45.0, 39.0 ,  8.0,     ,  5.0,     ,  5.0, 0.0, 208.0,   26.0,  12.0,  16.0,    28.0,    10.0, 11.0   ,     5.0,        ,     1.0,        ,     3.0,   104.0
proppbr01, 1987,     1, PHI , NHL , L  , 74.0, 27.0,  49.0,  76.0,  76.0, 8.0  ,  7.0, 17.0,  2.0,  2.0,  6.0, 0.0, 257.0,    7.0,   4.0,   2.0,     6.0,     8.0, 2.0    ,     0.0,     2.0,     0.0,     0.0,     0.0,    31.0
proppbr01, 1988,     1, PHI , NHL , L  , 77.0, 32.0,  46.0,  78.0,  37.0, 16.0 , 13.0, 20.0,  2.0,  3.0,  5.0, 1.0, 245.0,   18.0,  14.0,   9.0,    23.0,    14.0, 8.0    ,     5.0,     4.0,     1.0,     3.0,     1.0,    52.0
proppbr01, 1989,     1, PHI , NHL , L  , 40.0, 13.0,  15.0,  28.0,  31.0, 3.0  ,  5.0,     ,  0.0,  0.0,  0.0, 0.0, 108.0,       ,      ,      ,        ,        ,        ,        ,        ,        ,        ,        ,      
proppbr01, 1989,     2, BOS , NHL , L  , 14.0,  3.0,   9.0,  12.0,  10.0, 2.0  ,  0.0,     ,  1.0,  0.0,  0.0, 0.0,  45.0,   20.0,   4.0,   9.0,    13.0,     2.0, 5.0    ,     1.0,     3.0,     0.0,     0.0,     2.0,    39.0
proppbr01, 1990,     1, MNS , NHL , L  , 79.0, 26.0,  47.0,  73.0,  58.0, 7.0  ,  9.0, 24.0,  0.0,  3.0,  1.0, 0.0, 171.0,   23.0,   8.0,  15.0,    23.0,    28.0, -4.0   ,     8.0,     9.0,     0.0,     1.0,     3.0,    52.0
proppbr01, 1991,     1, MNS , NHL , L  , 51.0, 12.0,  23.0,  35.0,  49.0, -3.0 ,  4.0,  7.0,  0.0,  0.0,  0.0, 0.0, 115.0,    1.0,   0.0,   0.0,     0.0,     0.0, 0.0    ,     0.0,     0.0,     0.0,     0.0,     0.0,     1.0
proppbr01, 1992,     1, MNS , NHL , L  , 17.0,  3.0,   3.0,   6.0,   0.0, -10.0,  1.0,  2.0,  0.0,  0.0,  1.0, 0.0,  35.0,       ,      ,      ,        ,        ,        ,        ,        ,        ,        ,        ,      
proppbr01, 1993,     1, HAR , NHL , L  , 65.0, 12.0,  17.0,  29.0,  44.0, 3.0  ,  3.0,  5.0,  1.0,  1.0,  2.0, 0.0, 108.0,       ,      ,      ,        ,        ,        ,        ,        ,        ,        ,        ,      
prospva01, 1996,     1, PHI , NHL , C  , 18.0,  5.0,  10.0,  15.0,   4.0, 3.0  ,  0.0,  6.0,  0.0,  0.0,  0.0, 0.0,  35.0,    5.0,   1.0,   3.0,     4.0,     4.0, 0.0    ,     0.0,     2.0,     0.0,     0.0,     0.0,    10.0
prospva01, 1997,     1, PHI , NHL , C  , 41.0,  5.0,  13.0,  18.0,  17.0, -10.0,  4.0,  5.0,  0.0,  0.0,  0.0, 0.0,  60.0,       ,      ,      ,        ,        ,        ,        ,        ,        ,        ,        ,      
prospva01, 1997,     2, OTT , NHL , C  , 15.0,  1.0,   6.0,   7.0,   4.0, -1.0 ,  0.0,  3.0,  0.0,  0.0,  0.0, 0.0,  28.0,    6.0,   0.0,   0.0,     0.0,     0.0, -2.0   ,     0.0,     0.0,     0.0,     0.0,     0.0,     7.0
prospva01, 1998,     1, OTT , NHL , C  , 79.0, 10.0,  26.0,  36.0,  58.0, 8.0  ,  2.0,  8.0,  0.0,  0.0,  3.0, 0.0, 114.0,    4.0,   0.0,   0.0,     0.0,     0.0, -2.0   ,     0.0,     0.0,     0.0,     0.0,     0.0,     6.0
prospva01, 1999,     1, OTT , NHL , C  , 79.0, 22.0,  33.0,  55.0,  40.0, -2.0 ,  5.0, 12.0,  0.0,  1.0,  4.0, 0.0, 204.0,    6.0,   0.0,   4.0,     4.0,     4.0, -1.0   ,     0.0,     1.0,     0.0,     0.0,     0.0,     8.0
prospva01, 2000,     1, OTT , NHL , C  , 40.0,  1.0,  12.0,  13.0,  12.0, 1.0  ,  0.0,  4.0,  0.0,  0.0,  0.0, 0.0,  68.0,       ,      ,      ,        ,        ,        ,        ,        ,        ,        ,        ,      
prospva01, 2000,     2, FLO , NHL , C  , 34.0,  4.0,  12.0,  16.0,  10.0, -2.0 ,  1.0,  4.0,  0.0,  0.0,  0.0, 0.0,  68.0,       ,      ,      ,        ,        ,        ,        ,        ,        ,        ,        ,      
prospva01, 2001,     1, TBL , NHL , C  , 81.0, 18.0,  37.0,  55.0,  38.0, -11.0,  7.0, 17.0,  0.0,  1.0,  2.0, 0.0, 166.0,       ,      ,      ,        ,        ,        ,        ,        ,        ,        ,        ,      
prospva01, 2002,     1, TBL , NHL , L  , 80.0, 22.0,  57.0,  79.0,  53.0, 9.0  ,  9.0, 20.0,  0.0,  0.0,  4.0, 0.0, 134.0,   11.0,   4.0,   2.0,     6.0,     8.0, -3.0   ,     2.0,     1.0,     0.0,     0.0,     0.0,    23.0
prospva01, 2003,     1, ANA , NHL , L  , 82.0, 19.0,  35.0,  54.0,  54.0, -9.0 ,  7.0, 17.0,  0.0,  0.0,  4.0, 1.0, 185.0,       ,      ,      ,        ,        ,        ,        ,        ,        ,        ,        ,      
prospva01, 2005,     1, TBL , NHL , L  , 81.0, 25.0,  55.0,  80.0,  50.0, -3.0 , 10.0, 17.0,  0.0,  0.0,  3.0,    , 236.0,    5.0,   0.0,   2.0,     2.0,     0.0, 1.0    ,     0.0,     0.0,     0.0,     0.0,     0.0,    10.0
prospva01, 2006,     1, TBL , NHL , C  , 82.0, 14.0,  41.0,  55.0,  36.0, -24.0,  2.0, 10.0,  0.0,  0.0,  1.0,    , 219.0,    6.0,   1.0,   4.0,     5.0,     4.0, 2.0    ,     0.0,     1.0,     0.0,     0.0,     1.0,    15.0
prospva01, 2007,     1, TBL , NHL , L  , 62.0, 29.0,  28.0,  57.0,  39.0, -7.0 ,  9.0,  8.0,  0.0,  0.0,  4.0,    , 175.0,       ,      ,      ,        ,        ,        ,        ,        ,        ,        ,        ,      
prospva01, 2007,     2, PHI , NHL , L  , 18.0,  4.0,  10.0,  14.0,   6.0, 7.0  ,  1.0,  1.0,  0.0,  0.0,  1.0,    ,  40.0,   17.0,   3.0,  10.0,    13.0,     6.0, -3.0   ,     1.0,     4.0,     0.0,     0.0,     0.0,    34.0
prospva01, 2008,     1, TBL , NHL , L  , 82.0, 19.0,  26.0,  45.0,  52.0, -20.0,  7.0,  8.0,  0.0,  0.0,  2.0,    , 194.0,       ,      ,      ,        ,        ,        ,        ,        ,        ,        ,        ,      
prospva01, 2009,     1, NYR , NHL , C  , 75.0, 20.0,  38.0,  58.0,  32.0, 8.0  ,  6.0, 13.0,  1.0,  0.0,  4.0,    , 180.0,       ,      ,      ,        ,        ,        ,        ,        ,        ,        ,        ,      
prossna01, 2009,     1, MIN , NHL , D  ,  3.0,  0.0,   1.0,   1.0,   8.0, 2.0  ,  0.0,  0.0,  0.0,  0.0,  0.0,    ,   4.0,       ,      ,      ,        ,        ,        ,        ,        ,        ,        ,        ,      
proulch01, 1993,     1, MTL , NHL , D  ,  7.0,  1.0,   2.0,   3.0,  20.0, 0.0  ,  0.0,  1.0,  0.0,  0.0,  0.0, 0.0,  11.0,       ,      ,      ,        ,        ,        ,        ,        ,        ,        ,        ,      
provocl01, 1955,     1, MTL , NHL , R  , 60.0, 13.0,  16.0,  29.0,  30.0,      ,     ,     ,     ,     ,     ,    ,      ,   10.0,   3.0,   3.0,     6.0,    12.0,        ,        ,        ,        ,        ,        ,      
provocl01, 1956,     1, MTL , NHL , R  , 67.0, 16.0,  14.0,  30.0,  24.0,      ,     ,     ,     ,     ,     ,    ,      ,   10.0,   0.0,   1.0,     1.0,     8.0,        ,        ,        ,        ,        ,        ,      
provocl01, 1957,     1, MTL , NHL , R  , 70.0, 19.0,  32.0,  51.0,  71.0,      ,     ,     ,     ,     ,     ,    ,      ,   10.0,   1.0,   3.0,     4.0,     8.0,        ,        ,        ,        ,        ,        ,      
provocl01, 1958,     1, MTL , NHL , R  , 69.0, 16.0,  22.0,  38.0,  37.0,      ,     ,     ,     ,     ,     ,    ,      ,   11.0,   6.0,   2.0,     8.0,     2.0,        ,        ,        ,        ,        ,        ,      
provocl01, 1959,     1, MTL , NHL , R  , 70.0, 17.0,  29.0,  46.0,  42.0,      ,     ,     ,     ,     ,     ,    ,      ,    8.0,   1.0,   1.0,     2.0,     0.0,        ,        ,        ,        ,        ,        ,      
provocl01, 1960,     1, MTL , NHL , R  , 49.0, 11.0,   4.0,  15.0,  32.0,      ,     ,     ,     ,     ,     ,    ,      ,    6.0,   1.0,   3.0,     4.0,     4.0,        ,        ,        ,        ,        ,     1.0,      
provocl01, 1961,     1, MTL , NHL , R  , 70.0, 33.0,  29.0,  62.0,  22.0,      ,     ,     ,     ,     ,     ,    ,      ,    6.0,   2.0,   2.0,     4.0,     2.0,        ,        ,        ,        ,        ,     1.0,      
provocl01, 1962,     1, MTL , NHL , R  , 67.0, 20.0,  30.0,  50.0,  26.0,      ,     ,     ,     ,     ,     ,    ,      ,    5.0,   0.0,   1.0,     1.0,     2.0,        ,        ,        ,        ,        ,     0.0,      
provocl01, 1963,     1, MTL , NHL , R  , 68.0, 15.0,  17.0,  32.0,  37.0,      ,  2.0,     ,  1.0,     ,  3.0, 3.0,      ,    7.0,   2.0,   2.0,     4.0,    22.0,        ,        ,        ,        ,        ,     0.0,      
provocl01, 1964,     1, MTL , NHL , R  , 70.0, 27.0,  37.0,  64.0,  28.0,      , 11.0,     ,  1.0,     ,  5.0, 1.0,      ,   13.0,   2.0,   6.0,     8.0,    12.0,        ,        ,        ,        ,        ,     1.0,      
provocl01, 1965,     1, MTL , NHL , R  , 70.0, 19.0,  36.0,  55.0,  38.0,      ,  3.0,     ,  0.0,     ,  5.0, 1.0,      ,   10.0,   2.0,   3.0,     5.0,     2.0,        ,        ,        ,        ,        ,     1.0,      
provocl01, 1966,     1, MTL , NHL , R  , 64.0, 11.0,  13.0,  24.0,  16.0,      ,  3.0,     ,  0.0,     ,  3.0, 0.0,      ,    7.0,   1.0,   1.0,     2.0,     0.0,        ,        ,        ,        ,        ,     0.0,      
provocl01, 1967,     1, MTL , NHL , R  , 73.0, 14.0,  30.0,  44.0,  26.0, 17.0 ,  2.0,     ,  3.0,     ,  3.0, 0.0, 170.0,   13.0,   2.0,   8.0,    10.0,    10.0,        ,     1.0,        ,     0.0,        ,     1.0,      
provocl01, 1968,     1, MTL , NHL , R  , 73.0, 13.0,  15.0,  28.0,  18.0, 1.0  ,  0.0,     ,  1.0,     ,  5.0, 0.0, 184.0,   10.0,   2.0,   2.0,     4.0,     2.0,        ,     0.0,        ,     0.0,        ,     0.0,      
provocl01, 1969,     1, MTL , NHL , R  , 65.0, 10.0,  11.0,  21.0,  22.0, 23.0 ,  1.0,     ,  1.0,     ,  1.0, 0.0, 120.0,       ,      ,      ,        ,        ,        ,        ,        ,        ,        ,        ,      
prpicjo01, 1997,     1, BOS , NHL , C  ,  1.0,  0.0,   0.0,   0.0,   2.0, 0.0  ,  0.0,  0.0,  0.0,  0.0,  0.0, 0.0,   0.0,       ,      ,      ,        ,        ,        ,        ,        ,        ,        ,        ,      
prpicjo01, 1999,     1, BOS , NHL , C  , 14.0,  0.0,   3.0,   3.0,   0.0, -6.0 ,  0.0,  0.0,  0.0,  0.0,  0.0, 0.0,  13.0,       ,      ,      ,        ,        ,        ,        ,        ,        ,        ,        ,      
prpicjo01, 2000,     1, COL , NHL , C  ,  3.0,  0.0,   0.0,   0.0,   2.0, 0.0  ,  0.0,  0.0,  0.0,  0.0,  0.0, 0.0,   0.0,       ,      ,      ,        ,        ,        ,        ,        ,        ,        ,        ,      
pruchpe01, 2005,     1, NYR , NHL , L  , 68.0, 30.0,  17.0,  47.0,  32.0, 3.0  , 16.0,  6.0,  0.0,  0.0,  2.0,    , 130.0,    4.0,   1.0,   0.0,     1.0,     0.0, -3.0   ,     1.0,     0.0,     0.0,     0.0,     0.0,     6.0
pruchpe01, 2006,     1, NYR , NHL , C  , 79.0, 22.0,  18.0,  40.0,  30.0, -7.0 ,  8.0,  8.0,  0.0,  0.0,  2.0,    , 136.0,   10.0,   0.0,   1.0,     1.0,     4.0, 0.0    ,     0.0,     0.0,     0.0,     0.0,     0.0,    22.0
pruchpe01, 2007,     1, NYR , NHL , L  , 62.0,  7.0,  10.0,  17.0,  22.0, 3.0  ,  2.0,  2.0,  0.0,  0.0,  1.0,    ,  89.0,    3.0,   0.0,   0.0,     0.0,     0.0, 0.0    ,     0.0,     0.0,     0.0,     0.0,     0.0,     3.0
pruchpe01, 2008,     1, NYR , NHL , L  , 28.0,  4.0,   5.0,   9.0,  16.0, -2.0 ,  0.0,  0.0,  0.0,  0.0,  0.0,    ,  44.0,       ,      ,      ,        ,        ,        ,        ,        ,        ,        ,        ,      
pruchpe01, 2008,     2, PHO , NHL , L  , 19.0,  2.0,   8.0,  10.0,   6.0, 1.0  ,  1.0,  4.0,  0.0,  0.0,  1.0,    ,  23.0,       ,      ,      ,        ,        ,        ,        ,        ,        ,        ,        ,      
pruchpe01, 2009,     1, PHO , NHL , C  , 79.0, 13.0,   9.0,  22.0,  23.0, -2.0 ,  4.0,  2.0,  0.0,  0.0,  2.0,    , 128.0,    7.0,   1.0,   2.0,     3.0,     4.0, 1.0    ,     0.0,     0.0,     0.0,     0.0,     1.0,    13.0
prusema01, 2001,     1, OTT , NHL , G  ,  1.0,  0.0,   0.0,   0.0,   0.0, 0.0  ,  0.0,  0.0,  0.0,  0.0,  0.0, 0.0,   0.0,       ,      ,      ,        ,        ,        ,        ,        ,        ,        ,        ,      
prusema01, 2002,     1, OTT , NHL , G  , 18.0,  0.0,   0.0,   0.0,   0.0, 0.0  ,  0.0,  0.0,  0.0,  0.0,  0.0, 0.0,   0.0,       ,      ,      ,        ,        ,        ,        ,        ,        ,        ,        ,      
prusema01, 2003,     1, OTT , NHL , G  , 29.0,  0.0,   1.0,   1.0,   0.0, 0.0  ,  0.0,  1.0,  0.0,  0.0,  0.0, 0.0,   0.0,    1.0,   0.0,   0.0,     0.0,     0.0, 0.0    ,     0.0,     0.0,     0.0,     0.0,     0.0,     0.0
prusema01, 2005,     1, CBS , NHL , G  ,  9.0,  0.0,   0.0,   0.0,   0.0, 0.0  ,  0.0,  0.0,  0.0,  0.0,  0.0,    ,   0.0,       ,      ,      ,        ,        ,        ,        ,        ,        ,        ,        ,      
prustbr01, 2006,     1, CAL , NHL , C  , 10.0,  0.0,   0.0,   0.0,  25.0, 1.0  ,  0.0,  0.0,  0.0,  0.0,  0.0,    ,   1.0,       ,      ,      ,        ,        ,        ,        ,        ,        ,        ,        ,      
prustbr01, 2008,     1, CAL , NHL , R  , 25.0,  1.0,   1.0,   2.0,  79.0, -4.0 ,  0.0,  0.0,  0.0,  0.0,  1.0,    ,  15.0,       ,      ,      ,        ,        ,        ,        ,        ,        ,        ,        ,      
prustbr01, 2008,     2, PHO , NHL , R  , 11.0,  0.0,   1.0,   1.0,  29.0, -4.0 ,  0.0,  0.0,  0.0,  0.0,  0.0,    ,   8.0,       ,      ,      ,        ,        ,        ,        ,        ,        ,        ,        ,      
prustbr01, 2009,     1, CAL , NHL , L  , 43.0,  1.0,   4.0,   5.0,  98.0, 6.0  ,  0.0,  0.0,  0.0,  0.0,  1.0,    ,  23.0,       ,      ,      ,        ,        ,        ,        ,        ,        ,        ,        ,      
prustbr01, 2009,     2, NYR , NHL , L  , 26.0,  4.0,   5.0,   9.0,  65.0, 3.0  ,  0.0,  0.0,  0.0,  0.0,  2.0,    ,  21.0,       ,      ,      ,        ,        ,        ,        ,        ,        ,        ,        ,      
pryorch01, 1984,     1, MNS , NHL , D  ,  4.0,  0.0,   0.0,   0.0,  16.0, -2.0 ,  0.0,     ,  0.0,     ,  0.0, 0.0,   2.0,       ,      ,      ,        ,        ,        ,        ,        ,        ,        ,        ,      
pryorch01, 1985,     1, MNS , NHL , D  ,  7.0,  0.0,   1.0,   1.0,   0.0, 0.0  ,  0.0,     ,  0.0,     ,  0.0, 0.0,   8.0,       ,      ,      ,        ,        ,        ,        ,        ,        ,        ,        ,      
pryorch01, 1986,     1, MNS , NHL , D  , 50.0,  1.0,   3.0,   4.0,  49.0, -6.0 ,  0.0,     ,  0.0,     ,  0.0, 0.0,  20.0,       ,      ,      ,        ,        ,        ,        ,        ,        ,        ,        ,      
pryorch01, 1987,     1, MNS , NHL , D  ,  3.0,  0.0,   0.0,   0.0,   6.0, -1.0 ,  0.0,  0.0,  0.0,  0.0,  0.0, 0.0,   3.0,       ,      ,      ,        ,        ,        ,        ,        ,        ,        ,        ,      
pryorch01, 1987,     2, NYI , NHL , D  ,  1.0,  0.0,   0.0,   0.0,   2.0, 1.0  ,  0.0,  0.0,  0.0,  0.0,  0.0, 0.0,   1.0,       ,      ,      ,        ,        ,        ,        ,        ,        ,        ,        ,      
pryorch01, 1988,     1, NYI , NHL , D  ,  7.0,  0.0,   0.0,   0.0,  25.0, -6.0 ,  0.0,  0.0,  0.0,  0.0,  0.0, 0.0,   2.0,       ,      ,      ,        ,        ,        ,        ,        ,        ,        ,        ,      
pryorch01, 1989,     1, NYI , NHL , D  , 10.0,  0.0,   0.0,   0.0,  24.0, -7.0 ,  0.0,  0.0,  0.0,  0.0,  0.0, 0.0,   2.0,       ,      ,      ,        ,        ,        ,        ,        ,        ,        ,        ,      
prystme01, 1947,     1, CHI , NHL , C  , 54.0,  7.0,  11.0,  18.0,  25.0,      ,     ,     ,     ,     ,     ,    ,      ,       ,      ,      ,        ,        ,        ,        ,        ,        ,        ,        ,      
prystme01, 1948,     1, CHI , NHL , C  , 59.0, 12.0,   7.0,  19.0,  19.0,      ,     ,     ,     ,     ,     ,    ,      ,       ,      ,      ,        ,        ,        ,        ,        ,        ,        ,        ,      
prystme01, 1949,     1, CHI , NHL , C  , 65.0, 29.0,  22.0,  51.0,  31.0,      ,     ,     ,     ,     ,     ,    ,      ,       ,      ,      ,        ,        ,        ,        ,        ,        ,        ,        ,      
prystme01, 1950,     1, DET , NHL , C  , 62.0, 20.0,  17.0,  37.0,  27.0,      ,     ,     ,     ,     ,     ,    ,      ,    3.0,   1.0,   0.0,     1.0,     0.0,        ,        ,        ,        ,        ,        ,      
prystme01, 1951,     1, DET , NHL , C  , 69.0, 21.0,  22.0,  43.0,  16.0,      ,     ,     ,     ,     ,     ,    ,      ,    8.0,   2.0,   5.0,     7.0,     0.0,        ,        ,        ,        ,        ,        ,      
prystme01, 1952,     1, DET , NHL , C  , 70.0, 16.0,  34.0,  50.0,  12.0,      ,     ,     ,     ,     ,     ,    ,      ,    6.0,   4.0,   4.0,     8.0,     2.0,        ,        ,        ,        ,        ,        ,      
prystme01, 1953,     1, DET , NHL , C  , 70.0, 12.0,  15.0,  27.0,  26.0,      ,     ,     ,     ,     ,     ,    ,      ,   12.0,   2.0,   3.0,     5.0,     0.0,        ,        ,        ,        ,        ,        ,      
prystme01, 1954,     1, DET , NHL , C  , 12.0,  2.0,   3.0,   5.0,   9.0,      ,     ,     ,     ,     ,     ,    ,      ,       ,      ,      ,        ,        ,        ,        ,        ,        ,        ,        ,      
prystme01, 1954,     2, CHI , NHL , C  , 57.0, 11.0,  13.0,  24.0,  28.0,      ,     ,     ,     ,     ,     ,    ,      ,       ,      ,      ,        ,        ,        ,        ,        ,        ,        ,        ,      
prystme01, 1955,     1, CHI , NHL , C  ,  8.0,  1.0,   3.0,   4.0,   8.0,      ,     ,     ,     ,     ,     ,    ,      ,       ,      ,      ,        ,        ,        ,        ,        ,        ,        ,        ,      
prystme01, 1955,     2, DET , NHL , C  , 63.0, 12.0,  16.0,  28.0,  10.0,      ,     ,     ,     ,     ,     ,    ,      ,    9.0,   1.0,   2.0,     3.0,     6.0,        ,        ,        ,        ,        ,        ,      
prystme01, 1956,     1, DET , NHL , C  , 70.0,  7.0,  15.0,  22.0,  16.0,      ,     ,     ,     ,     ,     ,    ,      ,    5.0,   2.0,   0.0,     2.0,     0.0,        ,        ,        ,        ,        ,        ,      
prystme01, 1957,     1, DET , NHL , C  , 15.0,  1.0,   1.0,   2.0,   4.0,      ,     ,     ,     ,     ,     ,    ,      ,       ,      ,      ,        ,        ,        ,        ,        ,        ,        ,        ,      
pudasal01, 1926,     1, TRS , NHL , L  ,  4.0,  0.0,   0.0,   0.0,   0.0,      ,     ,     ,     ,     ,     ,    ,      ,       ,      ,      ,        ,        ,        ,        ,        ,        ,        ,        ,      
pulfobo01, 1956,     1, TOR , NHL , L  , 65.0, 11.0,  11.0,  22.0,  32.0,      ,     ,     ,     ,     ,     ,    ,      ,       ,      ,      ,        ,        ,        ,        ,        ,        ,        ,        ,      
pulfobo01, 1957,     1, TOR , NHL , L  , 70.0, 14.0,  17.0,  31.0,  48.0,      ,     ,     ,     ,     ,     ,    ,      ,       ,      ,      ,        ,        ,        ,        ,        ,        ,        ,        ,      
pulfobo01, 1958,     1, TOR , NHL , C  , 70.0, 23.0,  14.0,  37.0,  53.0,      ,     ,     ,     ,     ,     ,    ,      ,   12.0,   4.0,   4.0,     8.0,     8.0,        ,        ,        ,        ,        ,        ,      
pulfobo01, 1959,     1, TOR , NHL , C  , 70.0, 24.0,  28.0,  52.0,  81.0,      ,     ,     ,     ,     ,     ,    ,      ,   10.0,   4.0,   1.0,     5.0,    10.0,        ,        ,        ,        ,        ,        ,      
pulfobo01, 1960,     1, TOR , NHL , C  , 40.0, 11.0,  18.0,  29.0,  41.0,      ,     ,     ,     ,     ,     ,    ,      ,    5.0,   0.0,   0.0,     0.0,     8.0,        ,        ,        ,        ,        ,     0.0,      
pulfobo01, 1961,     1, TOR , NHL , C  , 70.0, 18.0,  21.0,  39.0,  98.0,      ,     ,     ,     ,     ,     ,    ,      ,   12.0,   7.0,   1.0,     8.0,    24.0,        ,        ,        ,        ,        ,     2.0,      
pulfobo01, 1962,     1, TOR , NHL , C  , 70.0, 19.0,  25.0,  44.0,  49.0,      ,     ,     ,     ,     ,     ,    ,      ,   10.0,   2.0,   5.0,     7.0,    14.0,        ,        ,        ,        ,        ,     0.0,      
pulfobo01, 1963,     1, TOR , NHL , L  , 70.0, 18.0,  30.0,  48.0,  73.0,      ,  1.0,     ,  4.0,     ,  1.0, 2.0,      ,   14.0,   5.0,   3.0,     8.0,    20.0,        ,        ,        ,        ,        ,     1.0,      
pulfobo01, 1964,     1, TOR , NHL , L  , 65.0, 19.0,  20.0,  39.0,  46.0,      ,  2.0,     ,  4.0,     ,  4.0, 1.0,      ,    6.0,   1.0,   1.0,     2.0,    16.0,        ,        ,        ,        ,        ,     0.0,      
pulfobo01, 1965,     1, TOR , NHL , L  , 70.0, 28.0,  28.0,  56.0,  51.0,      , 11.0,     ,  2.0,     ,  2.0, 0.0,      ,    4.0,   1.0,   1.0,     2.0,    12.0,        ,        ,        ,        ,        ,     0.0,      
pulfobo01, 1966,     1, TOR , NHL , L  , 67.0, 17.0,  28.0,  45.0,  28.0,      ,  1.0,     ,  1.0,     ,  1.0, 0.0,      ,   12.0,   1.0,  10.0,    11.0,    12.0,        ,        ,        ,        ,        ,     1.0,      
pulfobo01, 1967,     1, TOR , NHL , L  , 74.0, 20.0,  30.0,  50.0,  40.0, -7.0 ,  4.0,     ,  3.0,     ,  3.0, 0.0, 229.0,       ,      ,      ,        ,        ,        ,        ,        ,        ,        ,        ,      
pulfobo01, 1968,     1, TOR , NHL , L  , 72.0, 11.0,  23.0,  34.0,  20.0, -9.0 ,  3.0,     ,  1.0,     ,  1.0, 0.0, 179.0,    4.0,   0.0,   0.0,     0.0,     2.0,        ,     0.0,        ,     0.0,        ,     0.0,      
pulfobo01, 1969,     1, TOR , NHL , L  , 74.0, 18.0,  19.0,  37.0,  31.0, -24.0,  3.0,     ,  0.0,     ,  1.0, 1.0, 227.0,       ,      ,      ,        ,        ,        ,        ,        ,        ,        ,        ,      
pulfobo01, 1970,     1, LAK , NHL , L  , 59.0, 17.0,  26.0,  43.0,  53.0, -15.0,  6.0,     ,  1.0,     ,  2.0, 1.0, 170.0,       ,      ,      ,        ,        ,        ,        ,        ,        ,        ,        ,      
pulfobo01, 1971,     1, LAK , NHL , L  , 73.0, 13.0,  24.0,  37.0,  48.0, -25.0,  2.0,     ,  1.0,     ,  0.0, 1.0, 170.0,       ,      ,      ,        ,        ,        ,        ,        ,        ,        ,        ,      
pulkkda01, 1972,     1, NYI , NHL , D  ,  2.0,  0.0,   0.0,   0.0,   0.0, -1.0 ,  0.0,     ,  0.0,     ,  0.0, 0.0,   0.0,       ,      ,      ,        ,        ,        ,        ,        ,        ,        ,        ,      
pumplri01, 1972,     1, CLC , WHA , C  , 77.0, 21.0,  20.0,  41.0,  45.0,      ,  5.0,     ,  0.0,     ,     ,    ,      ,    9.0,   3.0,   5.0,     8.0,    11.0,        ,     1.0,        ,     0.0,        ,     0.0,      
pumplri01, 1973,     1, CLC , WHA , R  , 17.0,  2.0,   2.0,   4.0,  16.0,      ,  0.0,     ,  0.0,     ,  0.0,    ,      ,       ,      ,      ,        ,        ,        ,        ,        ,        ,        ,        ,      
pumplri01, 1974,     1, IND , WHA , L  , 34.0,  4.0,   8.0,  12.0,  29.0, -12.0,  0.0,     ,  0.0,     ,     ,    ,  72.0,       ,      ,      ,        ,        ,        ,        ,        ,        ,        ,        ,      
puppada01, 1985,     1, BUF , NHL , G  ,  7.0,  0.0,   0.0,   0.0,   0.0, 0.0  ,  0.0,     ,  0.0,     ,  0.0, 0.0,   0.0,       ,      ,      ,        ,        ,        ,        ,        ,        ,        ,        ,      
puppada01, 1986,     1, BUF , NHL , G  ,  3.0,  0.0,   0.0,   0.0,   2.0, 0.0  ,  0.0,     ,  0.0,     ,  0.0, 0.0,   0.0,       ,      ,      ,        ,        ,        ,        ,        ,        ,        ,        ,      
puppada01, 1987,     1, BUF , NHL , G  , 17.0,  0.0,   1.0,   1.0,   4.0, 0.0  ,  0.0,     ,  0.0,     ,  0.0, 0.0,   0.0,    3.0,   0.0,   0.0,     0.0,     0.0, 0.0    ,     0.0,     0.0,     0.0,     0.0,     0.0,     1.0
puppada01, 1988,     1, BUF , NHL , G  , 37.0,  0.0,   4.0,   4.0,  12.0, 0.0  ,  0.0,     ,  0.0,     ,  0.0, 0.0,   0.0,       ,      ,      ,        ,        ,        ,        ,        ,        ,        ,        ,      
puppada01, 1989,     1, BUF , NHL , G  , 56.0,  0.0,   4.0,   4.0,   4.0, 0.0  ,  0.0,     ,  0.0,     ,  0.0, 0.0,   0.0,    6.0,   0.0,   0.0,     0.0,     0.0, 0.0    ,     0.0,     0.0,     0.0,     0.0,     0.0,     0.0
puppada01, 1990,     1, BUF , NHL , G  , 38.0,  0.0,   4.0,   4.0,   6.0, 0.0  ,  0.0,     ,  0.0,     ,  0.0, 0.0,   0.0,    2.0,   0.0,   0.0,     0.0,     0.0, 0.0    ,     0.0,     0.0,     0.0,     0.0,     0.0,     0.0
puppada01, 1991,     1, BUF , NHL , G  , 33.0,  0.0,   0.0,   0.0,   2.0, 0.0  ,  0.0,  0.0,  0.0,  0.0,  0.0, 0.0,   0.0,       ,      ,      ,        ,        ,        ,        ,        ,        ,        ,        ,      
puppada01, 1992,     1, BUF , NHL , G  , 24.0,  0.0,   1.0,   1.0,   0.0, 0.0  ,  0.0,  1.0,  0.0,  0.0,  0.0, 0.0,   0.0,       ,      ,      ,        ,        ,        ,        ,        ,        ,        ,        ,      
puppada01, 1992,     2, TOR , NHL , G  ,  8.0,  0.0,   0.0,   0.0,   0.0, 0.0  ,  0.0,  0.0,  0.0,  0.0,  0.0, 0.0,   0.0,    1.0,   0.0,   0.0,     0.0,     2.0, 0.0    ,     0.0,     0.0,     0.0,     0.0,     0.0,     0.0
puppada01, 1993,     1, TBL , NHL , G  , 63.0,  0.0,   1.0,   1.0,   2.0, 0.0  ,  0.0,  1.0,  0.0,  0.0,  0.0, 0.0,   0.0,       ,      ,      ,        ,        ,        ,        ,        ,        ,        ,        ,      
puppada01, 1994,     1, TBL , NHL , G  , 36.0,  0.0,   1.0,   1.0,   2.0, 0.0  ,  0.0,  0.0,  0.0,  0.0,  0.0, 0.0,   0.0,       ,      ,      ,        ,        ,        ,        ,        ,        ,        ,        ,      
puppada01, 1995,     1, TBL , NHL , G  , 57.0,  0.0,   1.0,   1.0,   4.0, 0.0  ,  0.0,  1.0,  0.0,  0.0,  0.0, 0.0,   0.0,    4.0,   0.0,   0.0,     0.0,     0.0, 0.0    ,     0.0,     0.0,     0.0,     0.0,     0.0,     0.0
puppada01, 1996,     1, TBL , NHL , G  ,  6.0,  0.0,   0.0,   0.0,   2.0, 0.0  ,  0.0,  0.0,  0.0,  0.0,  0.0, 0.0,   0.0,       ,      ,      ,        ,        ,        ,        ,        ,        ,        ,        ,      
puppada01, 1997,     1, TBL , NHL , G  , 26.0,  0.0,   0.0,   0.0,   6.0, 0.0  ,  0.0,  0.0,  0.0,  0.0,  0.0, 0.0,   0.0,       ,      ,      ,        ,        ,        ,        ,        ,        ,        ,        ,      
puppada01, 1998,     1, TBL , NHL , G  , 13.0,  0.0,   1.0,   1.0,   0.0, 0.0  ,  0.0,  0.0,  0.0,  0.0,  0.0, 0.0,   0.0,       ,      ,      ,        ,        ,        ,        ,        ,        ,        ,        ,      
puppada01, 1999,     1, TBL , NHL , G  ,  5.0,  0.0,   0.0,   0.0,   2.0, 0.0  ,  0.0,  0.0,  0.0,  0.0,  0.0, 0.0,   0.0,       ,      ,      ,        ,        ,        ,        ,        ,        ,        ,        ,      
purcete01, 2007,     1, LAK , NHL , R  , 10.0,  1.0,   2.0,   3.0,   0.0, 2.0  ,  0.0,  0.0,  0.0,  0.0,  0.0,    ,  10.0,       ,      ,      ,        ,        ,        ,        ,        ,        ,        ,        ,      
purcete01, 2008,     1, LAK , NHL , R  , 40.0,  4.0,  12.0,  16.0,   4.0, -4.0 ,  2.0,  8.0,  0.0,  0.0,  1.0,    ,  68.0,       ,      ,      ,        ,        ,        ,        ,        ,        ,        ,        ,      
purcete01, 2009,     1, LAK , NHL , R  , 41.0,  3.0,   3.0,   6.0,   4.0, -1.0 ,  1.0,  0.0,  0.0,  0.0,  1.0,    ,  55.0,       ,      ,      ,        ,        ,        ,        ,        ,        ,        ,        ,      
purcete01, 2009,     2, TBL , NHL , R  , 19.0,  3.0,   6.0,   9.0,   6.0, -8.0 ,  1.0,  1.0,  0.0,  0.0,  0.0,    ,  46.0,       ,      ,      ,        ,        ,        ,        ,        ,        ,        ,        ,      
purinda01, 1999,     1, NYR , NHL , D  ,  1.0,  0.0,   0.0,   0.0,   7.0, -1.0 ,  0.0,  0.0,  0.0,  0.0,  0.0, 0.0,   1.0,       ,      ,      ,        ,        ,        ,        ,        ,        ,        ,        ,      
purinda01, 2000,     1, NYR , NHL , D  , 42.0,  0.0,   2.0,   2.0, 180.0, 5.0  ,  0.0,  0.0,  0.0,  0.0,  0.0, 0.0,  13.0,       ,      ,      ,        ,        ,        ,        ,        ,        ,        ,        ,      
purinda01, 2001,     1, NYR , NHL , D  , 40.0,  0.0,   4.0,   4.0, 113.0, 4.0  ,  0.0,  0.0,  0.0,  0.0,  0.0, 0.0,  11.0,       ,      ,      ,        ,        ,        ,        ,        ,        ,        ,        ,      
purinda01, 2002,     1, NYR , NHL , D  , 58.0,  3.0,   9.0,  12.0, 161.0, -2.0 ,  0.0,  0.0,  0.0,  0.0,  0.0, 0.0,  50.0,       ,      ,      ,        ,        ,        ,        ,        ,        ,        ,        ,      
purinda01, 2003,     1, NYR , NHL , D  , 40.0,  1.0,   1.0,   2.0, 117.0, -9.0 ,  0.0,  0.0,  0.0,  0.0,  0.0, 0.0,  31.0,       ,      ,      ,        ,        ,        ,        ,        ,        ,        ,        ,      
purpufi01, 1934,     1, STE , NHL , R  , 25.0,  1.0,   2.0,   3.0,   8.0,      ,     ,     ,     ,     ,     ,    ,      ,       ,      ,      ,        ,        ,        ,        ,        ,        ,        ,        ,      
purpufi01, 1941,     1, CHI , NHL , R  ,  8.0,  0.0,   0.0,   0.0,   0.0,      ,     ,     ,     ,     ,     ,    ,      ,       ,      ,      ,        ,        ,        ,        ,        ,        ,        ,        ,      
purpufi01, 1942,     1, CHI , NHL , R  , 50.0, 13.0,  16.0,  29.0,  14.0,      ,     ,     ,     ,     ,     ,    ,      ,       ,      ,      ,        ,        ,        ,        ,        ,        ,        ,        ,      
purpufi01, 1943,     1, CHI , NHL , R  , 40.0,  9.0,  10.0,  19.0,  13.0,      ,     ,     ,     ,     ,     ,    ,      ,    9.0,   1.0,   1.0,     2.0,     0.0,        ,        ,        ,        ,        ,        ,      
purpufi01, 1944,     1, CHI , NHL , R  , 21.0,  2.0,   7.0,   9.0,  11.0,      ,     ,     ,     ,     ,     ,    ,      ,       ,      ,      ,        ,        ,        ,        ,        ,        ,        ,        ,      
purpufi01, 1944,     2, DET , NHL , R  ,     ,     ,      ,      ,      ,      ,     ,     ,     ,     ,     ,    ,      ,    7.0,   0.0,   1.0,     1.0,     4.0,        ,        ,        ,        ,        ,        ,      
purvejo01, 1990,     1, WAS , NHL , R  ,  7.0,  1.0,   0.0,   1.0,   0.0, -3.0 ,  0.0,  0.0,  0.0,  0.0,  1.0, 0.0,   8.0,       ,      ,      ,        ,        ,        ,        ,        ,        ,        ,        ,      
puseych01, 1985,     1, DET , NHL , G  ,  1.0,  0.0,   0.0,   0.0,   0.0, 0.0  ,  0.0,     ,  0.0,     ,  0.0, 0.0,   0.0,       ,      ,      ,        ,        ,        ,        ,        ,        ,        ,        ,      
pushkko01, 2005,     1, LAK , NHL , R  ,  1.0,  0.0,   1.0,   1.0,   0.0, 0.0  ,  0.0,  0.0,  0.0,  0.0,  0.0,    ,   0.0,       ,      ,      ,        ,        ,        ,        ,        ,        ,        ,        ,      
pushkko01, 2006,     1, LAK , NHL , R  , 16.0,  2.0,   2.0,   4.0,   8.0, -2.0 ,  0.0,  0.0,  0.0,  0.0,  0.0,    ,  10.0,       ,      ,      ,        ,        ,        ,        ,        ,        ,        ,        ,      
pushoja01, 1995,     1, DET , NHL , D  ,  5.0,  0.0,   1.0,   1.0,  17.0, 2.0  ,  0.0,  0.0,  0.0,  0.0,  0.0, 0.0,   6.0,       ,      ,      ,        ,        ,        ,        ,        ,        ,        ,        ,      
pushoja01, 1996,     1, DET , NHL , D  , 75.0,  4.0,   7.0,  11.0, 129.0, 1.0  ,  0.0,  0.0,  0.0,  0.0,  0.0, 0.0,  63.0,    5.0,   0.0,   1.0,     1.0,     5.0, -1.0   ,     0.0,     0.0,     0.0,     1.0,     0.0,     0.0
pushoja01, 1997,     1, DET , NHL , D  , 54.0,  2.0,   5.0,   7.0,  71.0, 2.0  ,  0.0,  0.0,  0.0,  0.0,  0.0, 0.0,  43.0,       ,      ,      ,        ,        ,        ,        ,        ,        ,        ,        ,      
pushoja01, 1997,     2, ANA , NHL , D  , 10.0,  0.0,   2.0,   2.0,  10.0, 1.0  ,  0.0,  0.0,  0.0,  0.0,  0.0, 0.0,   8.0,       ,      ,      ,        ,        ,        ,        ,        ,        ,        ,        ,      
pushoja01, 1998,     1, ANA , NHL , D  , 70.0,  1.0,   2.0,   3.0, 112.0, -20.0,  0.0,  0.0,  0.0,  0.0,  0.0, 0.0,  75.0,    4.0,   0.0,   0.0,     0.0,     6.0, -3.0   ,     0.0,     0.0,     0.0,     0.0,     0.0,     6.0
pushoja01, 1999,     1, DAL , NHL , D  , 62.0,  0.0,   8.0,   8.0,  53.0, 0.0  ,  0.0,  0.0,  0.0,  0.0,  0.0, 0.0,  27.0,    5.0,   0.0,   0.0,     0.0,     5.0, -1.0   ,     0.0,     0.0,     0.0,     0.0,     0.0,     2.0
pushoja01, 2000,     1, CBS , NHL , D  , 75.0,  3.0,  10.0,  13.0,  94.0, 7.0  ,  0.0,  0.0,  1.0,  1.0,  0.0, 0.0,  64.0,       ,      ,      ,        ,        ,        ,        ,        ,        ,        ,        ,      
pushoja01, 2001,     1, CBS , NHL , D  , 61.0,  0.0,   6.0,   6.0,  54.0, -10.0,  0.0,  0.0,  0.0,  1.0,  0.0, 0.0,  46.0,       ,      ,      ,        ,        ,        ,        ,        ,        ,        ,        ,      
pushoja01, 2001,     2, PIT , NHL , D  , 15.0,  0.0,   2.0,   2.0,  30.0, -3.0 ,  0.0,  0.0,  0.0,  0.0,  0.0, 0.0,  14.0,       ,      ,      ,        ,        ,        ,        ,        ,        ,        ,        ,      
pushoja01, 2002,     1, PIT , NHL , D  , 76.0,  3.0,   1.0,   4.0,  76.0, -28.0,  0.0,  0.0,  0.0,  0.0,  0.0, 0.0,  54.0,       ,      ,      ,        ,        ,        ,        ,        ,        ,        ,        ,      
pushoja01, 2003,     1, CBS , NHL , D  ,  7.0,  0.0,   0.0,   0.0,   2.0, -2.0 ,  0.0,  0.0,  0.0,  0.0,  0.0, 0.0,   6.0,       ,      ,      ,        ,        ,        ,        ,        ,        ,        ,        ,      
pushoja01, 2003,     2, NYR , NHL , D  ,  7.0,  0.0,   0.0,   0.0,   0.0, -3.0 ,  0.0,  0.0,  0.0,  0.0,  0.0, 0.0,   4.0,       ,      ,      ,        ,        ,        ,        ,        ,        ,        ,        ,      
pushoja01, 2005,     1, CBS , NHL , D  ,  4.0,  1.0,   2.0,   3.0,   0.0, 1.0  ,  0.0,  0.0,  0.0,  0.0,  0.0,    ,   2.0,       ,      ,      ,        ,        ,        ,        ,        ,        ,        ,        ,      
pusieje01, 1930,     1, MTL , NHL , D  ,  6.0,  0.0,   0.0,   0.0,   0.0,      ,     ,     ,     ,     ,     ,    ,      ,    3.0,   0.0,   0.0,     0.0,     0.0,        ,        ,        ,        ,        ,        ,      
pusieje01, 1931,     1, MTL , NHL , D  ,  1.0,  0.0,   0.0,   0.0,   0.0,      ,     ,     ,     ,     ,     ,    ,      ,       ,      ,      ,        ,        ,        ,        ,        ,        ,        ,        ,      
pusieje01, 1933,     1, NYR , NHL , D  , 19.0,  0.0,   2.0,   2.0,  17.0,      ,     ,     ,     ,     ,     ,    ,      ,       ,      ,      ,        ,        ,        ,        ,        ,        ,        ,        ,      
pusieje01, 1934,     1, BOS , NHL , D  ,  4.0,  1.0,   0.0,   1.0,   0.0,      ,     ,     ,     ,     ,     ,    ,      ,    4.0,   0.0,   0.0,     0.0,     0.0,        ,        ,        ,        ,        ,        ,      
pusieje01, 1935,     1, MTL , NHL , D  , 31.0,  0.0,   2.0,   2.0,  11.0,      ,     ,     ,     ,     ,     ,    ,      ,       ,      ,      ,        ,        ,        ,        ,        ,        ,        ,        ,      
pyattne01, 1973,     1, DET , NHL , C  ,  5.0,  0.0,   0.0,   0.0,   0.0, -2.0 ,  0.0,     ,  0.0,     ,  0.0, 0.0,   1.0,       ,      ,      ,        ,        ,        ,        ,        ,        ,        ,        ,      
pyattne01, 1974,     1, DET , NHL , C  ,  9.0,  0.0,   0.0,   0.0,   2.0, -2.0 ,  0.0,     ,  0.0,     ,  0.0, 0.0,   6.0,       ,      ,      ,        ,        ,        ,        ,        ,        ,        ,        ,      
pyattne01, 1974,     2, WAS , NHL , C  , 16.0,  6.0,   4.0,  10.0,  21.0, -14.0,  0.0,     ,  0.0,     ,  1.0, 0.0,  33.0,       ,      ,      ,        ,        ,        ,        ,        ,        ,        ,        ,      
pyattne01, 1975,     1, WAS , NHL , C  , 77.0, 26.0,  23.0,  49.0,  14.0, -56.0,  5.0,     ,  0.0,     ,  0.0, 2.0, 151.0,       ,      ,      ,        ,        ,        ,        ,        ,        ,        ,        ,      
pyattne01, 1976,     1, COR , NHL , C  , 77.0, 23.0,  22.0,  45.0,  20.0, -17.0,  2.0,     ,  0.0,     ,  4.0, 1.0, 158.0,       ,      ,      ,        ,        ,        ,        ,        ,        ,        ,        ,      
pyattne01, 1977,     1, COR , NHL , C  , 71.0,  9.0,  12.0,  21.0,   8.0, -23.0,  1.0,     ,  0.0,     ,  0.0, 1.0,  87.0,       ,      ,      ,        ,        ,        ,        ,        ,        ,        ,        ,      
pyattne01, 1978,     1, COR , NHL , C  , 28.0,  2.0,   2.0,   4.0,   2.0, -17.0,  0.0,     ,  0.0,     ,  0.0, 0.0,  34.0,       ,      ,      ,        ,        ,        ,        ,        ,        ,        ,        ,      
pyattne01, 1979,     1, COR , NHL , C  , 13.0,  5.0,   0.0,   5.0,   2.0, -5.0 ,  0.0,     ,  0.0,     ,  0.0, 1.0,  20.0,       ,      ,      ,        ,        ,        ,        ,        ,        ,        ,        ,      
pyattta01, 2000,     1, NYI , NHL , L  , 78.0,  4.0,  14.0,  18.0,  39.0, -17.0,  1.0,  2.0,  0.0,  0.0,  2.0, 0.0,  86.0,       ,      ,      ,        ,        ,        ,        ,        ,        ,        ,        ,      
pyattta01, 2001,     1, BUF , NHL , L  , 48.0, 10.0,  10.0,  20.0,  35.0, 4.0  ,  0.0,  0.0,  0.0,  0.0,  0.0, 1.0,  61.0,       ,      ,      ,        ,        ,        ,        ,        ,        ,        ,        ,      
pyattta01, 2002,     1, BUF , NHL , L  , 78.0, 14.0,  14.0,  28.0,  38.0, -8.0 ,  2.0,  2.0,  0.0,  0.0,  0.0, 0.0, 110.0,       ,      ,      ,        ,        ,        ,        ,        ,        ,        ,        ,      
pyattta01, 2003,     1, BUF , NHL , L  , 63.0,  8.0,  12.0,  20.0,  25.0, -7.0 ,  1.0,  0.0,  2.0,  0.0,  4.0, 0.0,  98.0,       ,      ,      ,        ,        ,        ,        ,        ,        ,        ,        ,      
pyattta01, 2005,     1, BUF , NHL , L  , 41.0,  6.0,   6.0,  12.0,  33.0, -1.0 ,  0.0,  2.0,  0.0,  0.0,  1.0,    ,  62.0,   14.0,   0.0,   5.0,     5.0,    10.0, -2.0   ,     0.0,     1.0,     0.0,     0.0,     0.0,    17.0
pyattta01, 2006,     1, VAN , NHL , L  , 76.0, 23.0,  14.0,  37.0,  42.0, 5.0  ,  9.0,  2.0,  0.0,  0.0,  4.0,    , 150.0,   12.0,   2.0,   4.0,     6.0,     6.0, -2.0   ,     0.0,     0.0,     0.0,     0.0,     1.0,    30.0
pyattta01, 2007,     1, VAN , NHL , L  , 79.0, 16.0,  21.0,  37.0,  60.0, 9.0  ,  7.0,  2.0,  0.0,  0.0,  2.0,    , 167.0,       ,      ,      ,        ,        ,        ,        ,        ,        ,        ,        ,      
pyattta01, 2008,     1, VAN , NHL , L  , 69.0, 10.0,   9.0,  19.0,  43.0, 0.0  ,  0.0,  1.0,  0.0,  0.0,  1.0,    ,  99.0,    4.0,   0.0,   0.0,     0.0,     2.0, -3.0   ,     0.0,     0.0,     0.0,     0.0,     0.0,     8.0
pyattta01, 2009,     1, PHO , NHL , L  , 74.0, 12.0,  11.0,  23.0,  39.0, 13.0 ,  1.0,  1.0,  0.0,  0.0,  3.0,    , 121.0,    7.0,   1.0,   1.0,     2.0,     2.0, -4.0   ,     1.0,     1.0,     0.0,     0.0,     0.0,    11.0
pyattto01, 2009,     1, MTL , NHL , C  , 40.0,  2.0,   3.0,   5.0,  10.0, -5.0 ,  0.0,  0.0,  0.0,  0.0,  0.0,    ,  48.0,   18.0,   2.0,   2.0,     4.0,     2.0, -1.0   ,     0.0,     0.0,     0.0,     0.0,     1.0,    26.0
pyorami01, 2009,     1, PHI , NHL , C  , 36.0,  2.0,   2.0,   4.0,  10.0, -3.0 ,  0.0,  0.0,  0.0,  0.0,  0.0,    ,  41.0,       ,      ,      ,        ,        ,        ,        ,        ,        ,        ,        ,      
quackbi01, 1942,     1, DET , NHL , D  , 10.0,  1.0,   1.0,   2.0,   4.0,      ,     ,     ,     ,     ,     ,    ,      ,       ,      ,      ,        ,        ,        ,        ,        ,        ,        ,        ,      
quackbi01, 1943,     1, DET , NHL , D  , 43.0,  4.0,  14.0,  18.0,   6.0,      ,     ,     ,     ,     ,     ,    ,      ,    2.0,   1.0,   0.0,     1.0,     0.0,        ,        ,        ,        ,        ,        ,      
quackbi01, 1944,     1, DET , NHL , D  , 50.0,  7.0,  14.0,  21.0,  10.0,      ,     ,     ,     ,     ,     ,    ,      ,   14.0,   0.0,   2.0,     2.0,     2.0,        ,        ,        ,        ,        ,        ,      
quackbi01, 1945,     1, DET , NHL , D  , 48.0, 11.0,  10.0,  21.0,   6.0,      ,     ,     ,     ,     ,     ,    ,      ,    5.0,   0.0,   1.0,     1.0,     0.0,        ,        ,        ,        ,        ,        ,      
quackbi01, 1946,     1, DET , NHL , D  , 44.0,  5.0,  17.0,  22.0,   6.0,      ,     ,     ,     ,     ,     ,    ,      ,    5.0,   0.0,   0.0,     0.0,     2.0,        ,        ,        ,        ,        ,        ,      
quackbi01, 1947,     1, DET , NHL , D  , 58.0,  6.0,  16.0,  22.0,  17.0,      ,     ,     ,     ,     ,     ,    ,      ,   10.0,   0.0,   2.0,     2.0,     0.0,        ,        ,        ,        ,        ,        ,      
quackbi01, 1948,     1, DET , NHL , D  , 60.0,  6.0,  17.0,  23.0,   0.0,      ,     ,     ,     ,     ,     ,    ,      ,   11.0,   1.0,   1.0,     2.0,     0.0,        ,        ,        ,        ,        ,        ,      
quackbi01, 1949,     1, BOS , NHL , D  , 70.0,  8.0,  17.0,  25.0,   4.0,      ,     ,     ,     ,     ,     ,    ,      ,       ,      ,      ,        ,        ,        ,        ,        ,        ,        ,        ,      
quackbi01, 1950,     1, BOS , NHL , D  , 70.0,  5.0,  24.0,  29.0,  12.0,      ,     ,     ,     ,     ,     ,    ,      ,    6.0,   0.0,   1.0,     1.0,     0.0,        ,        ,        ,        ,        ,        ,      
quackbi01, 1951,     1, BOS , NHL , D  , 69.0,  2.0,  17.0,  19.0,   6.0,      ,     ,     ,     ,     ,     ,    ,      ,    7.0,   0.0,   3.0,     3.0,     0.0,        ,        ,        ,        ,        ,        ,      
quackbi01, 1952,     1, BOS , NHL , D  , 69.0,  2.0,  16.0,  18.0,   6.0,      ,     ,     ,     ,     ,     ,    ,      ,   11.0,   0.0,   4.0,     4.0,     4.0,        ,        ,        ,        ,        ,        ,      
quackbi01, 1953,     1, BOS , NHL , D  , 45.0,  0.0,  17.0,  17.0,   6.0,      ,     ,     ,     ,     ,     ,    ,      ,    4.0,   0.0,   0.0,     0.0,     0.0,        ,        ,        ,        ,        ,        ,      
quackbi01, 1954,     1, BOS , NHL , D  , 68.0,  2.0,  20.0,  22.0,   8.0,      ,     ,     ,     ,     ,     ,    ,      ,    5.0,   0.0,   5.0,     5.0,     0.0,        ,        ,        ,        ,        ,        ,      
quackbi01, 1955,     1, BOS , NHL , D  , 70.0,  3.0,  22.0,  25.0,   4.0,      ,     ,     ,     ,     ,     ,    ,      ,       ,      ,      ,        ,        ,        ,        ,        ,        ,        ,        ,      
quackma01, 1950,     1, BOS , NHL , D  , 47.0,  4.0,   6.0,  10.0,  26.0,      ,     ,     ,     ,     ,     ,    ,      ,    6.0,   0.0,   0.0,     0.0,     4.0,        ,        ,        ,        ,        ,        ,      
quackma01, 1951,     1, CHI , NHL , D  , 14.0,  0.0,   1.0,   1.0,   4.0,      ,     ,     ,     ,     ,     ,    ,      ,       ,      ,      ,        ,        ,        ,        ,        ,        ,        ,        ,      
quennjo01, 1978,     1, TOR , NHL , D  , 61.0,  2.0,   9.0,  11.0,  60.0, 7.0  ,  0.0,     ,  0.0,     ,  1.0, 0.0,  56.0,    6.0,   0.0,   1.0,     1.0,     4.0,        ,     0.0,        ,     0.0,        ,     0.0,      
quennjo01, 1979,     1, TOR , NHL , D  , 32.0,  1.0,   4.0,   5.0,  24.0, -2.0 ,  1.0,     ,  0.0,     ,  0.0, 0.0,  56.0,       ,      ,      ,        ,        ,        ,        ,        ,        ,        ,        ,      
quennjo01, 1979,     2, COR , NHL , D  , 35.0,  5.0,   7.0,  12.0,  26.0, -21.0,  1.0,     ,  0.0,     ,  0.0, 0.0,  62.0,       ,      ,      ,        ,        ,        ,        ,        ,        ,        ,        ,      
quennjo01, 1980,     1, COR , NHL , D  , 71.0, 10.0,  24.0,  34.0,  86.0, -24.0,  3.0,     ,  0.0,     ,  1.0, 0.0, 107.0,       ,      ,      ,        ,        ,        ,        ,        ,        ,        ,        ,      
quennjo01, 1981,     1, COR , NHL , D  , 64.0,  5.0,  10.0,  15.0,  55.0, -29.0,  0.0,     ,  0.0,     ,  0.0, 0.0,  67.0,       ,      ,      ,        ,        ,        ,        ,        ,        ,        ,        ,      
quennjo01, 1982,     1, NJD , NHL , D  , 74.0,  5.0,  12.0,  17.0,  46.0, -13.0,  0.0,     ,  1.0,     ,  0.0, 0.0,  85.0,       ,      ,      ,        ,        ,        ,        ,        ,        ,        ,        ,      
quennjo01, 1983,     1, HAR , NHL , D  , 80.0,  5.0,   8.0,  13.0,  95.0, -11.0,  0.0,     ,  2.0,     ,  0.0, 0.0,  67.0,       ,      ,      ,        ,        ,        ,        ,        ,        ,        ,        ,      
quennjo01, 1984,     1, HAR , NHL , D  , 79.0,  6.0,  16.0,  22.0,  96.0, -15.0,  0.0,     ,  0.0,     ,  2.0, 0.0,  75.0,       ,      ,      ,        ,        ,        ,        ,        ,        ,        ,        ,      
quennjo01, 1985,     1, HAR , NHL , D  , 71.0,  5.0,  20.0,  25.0,  83.0, 21.0 ,  1.0,     ,  0.0,     ,  1.0, 0.0,  49.0,   10.0,   0.0,   2.0,     2.0,    12.0, 6.0    ,     0.0,        ,     0.0,        ,     0.0,     3.0
quennjo01, 1986,     1, HAR , NHL , D  , 37.0,  3.0,   7.0,  10.0,  24.0, 7.0  ,  0.0,     ,  1.0,     ,  1.0, 0.0,  19.0,    6.0,   0.0,   0.0,     0.0,     0.0, 0.0    ,     0.0,        ,     0.0,        ,     0.0,     2.0
quennjo01, 1987,     1, HAR , NHL , D  , 77.0,  1.0,   8.0,   9.0,  44.0, -13.0,  0.0,  0.0,  0.0,  0.0,  0.0, 0.0,  42.0,    6.0,   0.0,   2.0,     2.0,     2.0, -3.0   ,     0.0,     0.0,     0.0,     0.0,     0.0,     2.0
quennjo01, 1988,     1, HAR , NHL , D  , 69.0,  4.0,   7.0,  11.0,  32.0, 3.0  ,  0.0,  1.0,  0.0,  0.0,  0.0, 0.0,  45.0,    4.0,   0.0,   3.0,     3.0,     4.0, 2.0    ,     0.0,     0.0,     0.0,     0.0,     0.0,     4.0
quennjo01, 1989,     1, HAR , NHL , D  , 44.0,  1.0,   4.0,   5.0,  34.0, 9.0  ,  0.0,  0.0,  0.0,  0.0,  0.0, 0.0,  17.0,       ,      ,      ,        ,        ,        ,        ,        ,        ,        ,        ,      
quennjo01, 1990,     1, WAS , NHL , D  ,  9.0,  1.0,   0.0,   1.0,   0.0, -8.0 ,  0.0,  0.0,  0.0,  0.0,  0.0, 0.0,   3.0,       ,      ,      ,        ,        ,        ,        ,        ,        ,        ,        ,      
quennle01, 1929,     1, NYR , NHL , F  , 25.0,  0.0,   3.0,   3.0,  10.0,      ,     ,     ,     ,     ,     ,    ,      ,    3.0,   0.0,   0.0,     0.0,     0.0,        ,        ,        ,        ,        ,        ,      
quickjo01, 2007,     1, LAK , NHL , G  ,  3.0,  0.0,   0.0,   0.0,   0.0, 0.0  ,  0.0,  0.0,  0.0,  0.0,  0.0,    ,   0.0,       ,      ,      ,        ,        ,        ,        ,        ,        ,        ,        ,      
quickjo01, 2008,     1, LAK , NHL , G  , 44.0,  0.0,   1.0,   1.0,   0.0, 0.0  ,  0.0,  0.0,  0.0,  1.0,  0.0,    ,   0.0,       ,      ,      ,        ,        ,        ,        ,        ,        ,        ,        ,      
quickjo01, 2009,     1, LAK , NHL , G  , 72.0,  0.0,   1.0,   1.0,   2.0, 0.0  ,  0.0,  0.0,  0.0,  0.0,  0.0,    ,   0.0,    6.0,   0.0,   0.0,     0.0,     0.0, 0.0    ,     0.0,     0.0,     0.0,     0.0,     0.0,     0.0
quickke01, 2008,     1, TBL , NHL , D  ,  6.0,  0.0,   1.0,   1.0,   0.0, 0.0  ,  0.0,  1.0,  0.0,  0.0,  0.0,    ,   7.0,       ,      ,      ,        ,        ,        ,        ,        ,        ,        ,        ,      
quiltjo01, 1940,     1, MTL , NHL , C  , 48.0, 18.0,  16.0,  34.0,  31.0,      ,     ,     ,     ,     ,     ,    ,      ,    3.0,   0.0,   2.0,     2.0,     0.0,        ,        ,        ,        ,        ,        ,      
quiltjo01, 1941,     1, MTL , NHL , C  , 48.0, 12.0,  12.0,  24.0,  44.0,      ,     ,     ,     ,     ,     ,    ,      ,    3.0,   0.0,   1.0,     1.0,     0.0,        ,        ,        ,        ,        ,        ,      
quiltjo01, 1946,     1, MTL , NHL , C  ,  3.0,  1.0,   1.0,   2.0,   0.0,      ,     ,     ,     ,     ,     ,    ,      ,    7.0,   3.0,   2.0,     5.0,     9.0,        ,        ,        ,        ,        ,        ,      
quiltjo01, 1947,     1, MTL , NHL , C  , 20.0,  2.0,   3.0,   5.0,   4.0,      ,     ,     ,     ,     ,     ,    ,      ,       ,      ,      ,        ,        ,        ,        ,        ,        ,        ,        ,      
quiltjo01, 1947,     2, BOS , NHL , C  ,  6.0,  3.0,   2.0,   5.0,   2.0,      ,     ,     ,     ,     ,     ,    ,      ,       ,      ,      ,        ,        ,        ,        ,        ,        ,        ,        ,      
quincky01, 2005,     1, DET , NHL , D  ,  1.0,  0.0,   0.0,   0.0,   0.0, 0.0  ,  0.0,  0.0,  0.0,  0.0,  0.0,    ,   1.0,       ,      ,      ,        ,        ,        ,        ,        ,        ,        ,        ,      
quincky01, 2006,     1, DET , NHL , D  ,  6.0,  1.0,   0.0,   1.0,   0.0, 0.0  ,  0.0,  0.0,  0.0,  0.0,  0.0,    ,   7.0,   13.0,   0.0,   0.0,     0.0,     2.0, 0.0    ,     0.0,     0.0,     0.0,     0.0,     0.0,     6.0
quincky01, 2007,     1, DET , NHL , D  ,  6.0,  0.0,   0.0,   0.0,   4.0, -3.0 ,  0.0,  0.0,  0.0,  0.0,  0.0,    ,   5.0,       ,      ,      ,        ,        ,        ,        ,        ,        ,        ,        ,      
quincky01, 2008,     1, LAK , NHL , D  , 72.0,  4.0,  34.0,  38.0,  63.0, -5.0 ,  2.0, 25.0,  0.0,  1.0,  2.0,    , 150.0,       ,      ,      ,        ,        ,        ,        ,        ,        ,        ,        ,      
quincky01, 2009,     1, COL , NHL , D  , 79.0,  6.0,  23.0,  29.0,  76.0, 9.0  ,  1.0, 10.0,  0.0,  1.0,  0.0,    , 139.0,    6.0,   0.0,   0.0,     0.0,     8.0, 2.0    ,     0.0,     0.0,     0.0,     0.0,     0.0,    14.0
quinnda01, 1983,     1, CAL , NHL , C  , 54.0, 19.0,  33.0,  52.0,  20.0, -3.0 , 11.0,     ,  0.0,     ,  1.0, 2.0, 103.0,    8.0,   3.0,   5.0,     8.0,     4.0, -1.0   ,     1.0,        ,     0.0,        ,     0.0,    13.0
quinnda01, 1984,     1, CAL , NHL , C  , 74.0, 20.0,  38.0,  58.0,  22.0, 9.0  ,  7.0,     ,  0.0,     ,  3.0, 1.0, 143.0,    3.0,   0.0,   0.0,     0.0,     0.0, -1.0   ,     0.0,        ,     0.0,        ,     0.0,     5.0
quinnda01, 1985,     1, CAL , NHL , C  , 78.0, 30.0,  42.0,  72.0,  44.0, -12.0, 17.0,     ,  3.0,     ,  3.0, 1.0, 191.0,   18.0,   8.0,   7.0,    15.0,    10.0, 0.0    ,     5.0,        ,     1.0,        ,     2.0,    34.0
quinnda01, 1986,     1, CAL , NHL , C  , 16.0,  3.0,   6.0,   9.0,  14.0, -6.0 ,  1.0,     ,  0.0,     ,  0.0, 0.0,  27.0,       ,      ,      ,        ,        ,        ,        ,        ,        ,        ,        ,      
quinnda01, 1986,     2, PIT , NHL , C  , 64.0, 28.0,  43.0,  71.0,  40.0, 14.0 , 10.0,     ,  3.0,     ,  4.0, 1.0, 157.0,       ,      ,      ,        ,        ,        ,        ,        ,        ,        ,        ,      
quinnda01, 1987,     1, PIT , NHL , C  , 70.0, 40.0,  39.0,  79.0,  50.0, -8.0 , 21.0, 18.0,  1.0,  1.0,  4.0, 0.0, 235.0,       ,      ,      ,        ,        ,        ,        ,        ,        ,        ,        ,      
quinnda01, 1988,     1, PIT , NHL , C  , 79.0, 34.0,  60.0,  94.0, 102.0, -37.0, 16.0, 31.0,  0.0,  1.0,  4.0, 0.0, 200.0,   11.0,   6.0,   3.0,     9.0,    10.0, -6.0   ,     4.0,     1.0,     0.0,     0.0,     1.0,    39.0
quinnda01, 1989,     1, PIT , NHL , C  , 41.0,  9.0,  20.0,  29.0,  22.0, -15.0,  5.0,     ,  0.0,     ,  2.0, 0.0,  86.0,       ,      ,      ,        ,        ,        ,        ,        ,        ,        ,        ,      
quinnda01, 1989,     2, VAN , NHL , C  , 37.0, 16.0,  18.0,  34.0,  27.0, -2.0 ,  6.0,     ,  0.0,     ,  3.0, 0.0,  95.0,       ,      ,      ,        ,        ,        ,        ,        ,        ,        ,        ,      
quinnda01, 1990,     1, VAN , NHL , C  , 64.0, 18.0,  31.0,  49.0,  46.0, -28.0,  8.0,     ,  0.0,  0.0,  3.0, 1.0, 157.0,       ,      ,      ,        ,        ,        ,        ,        ,        ,        ,        ,      
quinnda01, 1990,     2, STL , NHL , C  , 14.0,  4.0,   7.0,  11.0,  20.0, -5.0 ,  4.0,     ,  0.0,  0.0,  2.0, 0.0,  26.0,   13.0,   4.0,   7.0,    11.0,    32.0, -2.0   ,     2.0,     4.0,     0.0,     0.0,     1.0,    27.0
quinnda01, 1991,     1, PHI , NHL , C  , 67.0, 11.0,  26.0,  37.0,  26.0, -13.0,  6.0, 10.0,  0.0,  0.0,  1.0, 1.0, 101.0,       ,      ,      ,        ,        ,        ,        ,        ,        ,        ,        ,      
quinnda01, 1992,     1, MNS , NHL , C  , 11.0,  0.0,   4.0,   4.0,   6.0, -4.0 ,  0.0,  3.0,  0.0,  0.0,  0.0, 0.0,  20.0,       ,      ,      ,        ,        ,        ,        ,        ,        ,        ,        ,      
quinnda01, 1993,     1, OTT , NHL , R  , 13.0,  7.0,   0.0,   7.0,   6.0, 0.0  ,  2.0,  0.0,  0.0,  0.0,  3.0, 0.0,  31.0,       ,      ,      ,        ,        ,        ,        ,        ,        ,        ,        ,      
quinnda01, 1994,     1, LAK , NHL , C  , 44.0, 14.0,  17.0,  31.0,  32.0, -3.0 ,  2.0,  4.0,  0.0,  1.0,  4.0, 3.0,  78.0,       ,      ,      ,        ,        ,        ,        ,        ,        ,        ,        ,      
quinnda01, 1995,     1, OTT , NHL , C  , 28.0,  6.0,  18.0,  24.0,  24.0, -8.0 ,  4.0,  4.0,  0.0,  0.0,  0.0, 0.0,  62.0,       ,      ,      ,        ,        ,        ,        ,        ,        ,        ,        ,      
quinnda01, 1995,     2, PHI , NHL , C  , 35.0,  7.0,  14.0,  21.0,  22.0, 2.0  ,  3.0,  7.0,  0.0,  0.0,  0.0, 0.0,  47.0,   12.0,   1.0,   4.0,     5.0,     6.0, -3.0   ,     1.0,     3.0,     0.0,     0.0,     0.0,    19.0
quinnda01, 1996,     1, PIT , NHL , C  , 16.0,  0.0,   3.0,   3.0,  10.0, -6.0 ,  0.0,  0.0,  0.0,  0.0,  0.0, 0.0,  16.0,       ,      ,      ,        ,        ,        ,        ,        ,        ,        ,        ,      
quinnke01, 1986,     1, QUE , NHL , R  , 25.0,  2.0,   7.0,   9.0,  16.0, 2.0  ,  1.0,     ,  0.0,     ,  0.0, 0.0,  22.0,       ,      ,      ,        ,        ,        ,        ,        ,        ,        ,        ,      
quinnke01, 1987,     1, QUE , NHL , R  , 15.0,  2.0,   2.0,   4.0,   5.0, -3.0 ,  1.0,  1.0,  0.0,  0.0,  0.0, 0.0,  20.0,       ,      ,      ,        ,        ,        ,        ,        ,        ,        ,        ,      
quinnke01, 1990,     1, QUE , NHL , R  , 19.0,  3.0,   4.0,   7.0,   2.0, -2.0 ,  1.0,  1.0,  0.0,  0.0,  0.0, 0.0,  19.0,       ,      ,      ,        ,        ,        ,        ,        ,        ,        ,        ,      
quinnpa01, 1968,     1, TOR , NHL , D  , 40.0,  2.0,   7.0,   9.0,  95.0, 10.0 ,  0.0,     ,  0.0,     ,  1.0, 0.0,  42.0,    4.0,   0.0,   0.0,     0.0,    13.0,        ,     0.0,        ,     0.0,        ,     0.0,      
quinnpa01, 1969,     1, TOR , NHL , D  , 59.0,  0.0,   5.0,   5.0,  88.0, -14.0,  0.0,     ,  0.0,     ,  0.0, 0.0,  47.0,       ,      ,      ,        ,        ,        ,        ,        ,        ,        ,        ,      
quinnpa01, 1970,     1, VAN , NHL , D  , 76.0,  2.0,  11.0,  13.0, 149.0, 2.0  ,  0.0,     ,  0.0,     ,  0.0, 0.0,  76.0,       ,      ,      ,        ,        ,        ,        ,        ,        ,        ,        ,      
quinnpa01, 1971,     1, VAN , NHL , D  , 57.0,  2.0,   3.0,   5.0,  63.0, -28.0,  0.0,     ,  0.0,     ,  0.0, 0.0,  37.0,       ,      ,      ,        ,        ,        ,        ,        ,        ,        ,        ,      
quinnpa01, 1972,     1, ATF , NHL , D  , 78.0,  2.0,  18.0,  20.0, 113.0, 2.0  ,  0.0,     ,  1.0,     ,  1.0, 0.0,  88.0,       ,      ,      ,        ,        ,        ,        ,        ,        ,        ,        ,      
quinnpa01, 1973,     1, ATF , NHL , D  , 77.0,  5.0,  27.0,  32.0,  94.0, 15.0 ,  0.0,     ,  0.0,     ,  1.0, 1.0,  93.0,    4.0,   0.0,   0.0,     0.0,     6.0,        ,     0.0,        ,     0.0,        ,     0.0,      
quinnpa01, 1974,     1, ATF , NHL , D  , 80.0,  2.0,  19.0,  21.0, 156.0, 12.0 ,  0.0,     ,  0.0,     ,  0.0, 0.0,  68.0,       ,      ,      ,        ,        ,        ,        ,        ,        ,        ,        ,      
quinnpa01, 1975,     1, ATF , NHL , D  , 80.0,  2.0,  11.0,  13.0, 134.0, 5.0  ,  0.0,     ,  1.0,     ,  0.0, 0.0,  58.0,    2.0,   0.0,   1.0,     1.0,     2.0,        ,     0.0,        ,     0.0,        ,     0.0,      
quinnpa01, 1976,     1, ATF , NHL , D  , 59.0,  1.0,  12.0,  13.0,  58.0, -7.0 ,  0.0,     ,  0.0,     ,  0.0, 0.0,  29.0,    1.0,   0.0,   0.0,     0.0,     0.0,        ,     0.0,        ,     0.0,        ,     0.0,      
quintde01, 1995,     1, WIN , NHL , D  , 51.0,  5.0,  13.0,  18.0,  22.0, -2.0 ,  2.0,  5.0,  0.0,  0.0,  0.0, 0.0,  97.0,       ,      ,      ,        ,        ,        ,        ,        ,        ,        ,        ,      
quintde01, 1996,     1, PHO , NHL , D  , 27.0,  3.0,  11.0,  14.0,   4.0, -4.0 ,  1.0,  7.0,  0.0,  0.0,  0.0, 0.0,  63.0,    7.0,   0.0,   2.0,     2.0,     0.0, 2.0    ,     0.0,     1.0,     0.0,     0.0,     0.0,    13.0
quintde01, 1997,     1, PHO , NHL , D  , 32.0,  4.0,   7.0,  11.0,  16.0, -6.0 ,  1.0,  5.0,  0.0,  0.0,  1.0, 0.0,  61.0,       ,      ,      ,        ,        ,        ,        ,        ,        ,        ,        ,      
quintde01, 1998,     1, PHO , NHL , D  , 60.0,  5.0,   8.0,  13.0,  20.0, -10.0,  2.0,  4.0,  0.0,  0.0,  0.0, 0.0,  94.0,       ,      ,      ,        ,        ,        ,        ,        ,        ,        ,        ,      
quintde01, 1999,     1, PHO , NHL , D  , 50.0,  3.0,   7.0,  10.0,  22.0, 0.0  ,  0.0,  2.0,  0.0,  0.0,  1.0, 0.0,  88.0,       ,      ,      ,        ,        ,        ,        ,        ,        ,        ,        ,      
quintde01, 1999,     2, NJD , NHL , D  ,  4.0,  1.0,   0.0,   1.0,   2.0, -2.0 ,  0.0,  0.0,  0.0,  0.0,  0.0, 0.0,   6.0,       ,      ,      ,        ,        ,        ,        ,        ,        ,        ,        ,      
quintde01, 2000,     1, CBS , NHL , D  , 57.0,  7.0,  16.0,  23.0,  16.0, -19.0,  3.0,  8.0,  0.0,  0.0,  0.0, 0.0, 148.0,       ,      ,      ,        ,        ,        ,        ,        ,        ,        ,        ,      
quintde01, 2001,     1, CBS , NHL , D  , 75.0,  7.0,  18.0,  25.0,  26.0, -34.0,  3.0, 11.0,  0.0,  0.0,  1.0, 0.0, 169.0,       ,      ,      ,        ,        ,        ,        ,        ,        ,        ,        ,      
quintde01, 2002,     1, PHO , NHL , D  , 51.0,  7.0,  10.0,  17.0,  20.0, -5.0 ,  2.0,  7.0,  0.0,  0.0,  0.0, 0.0,  85.0,       ,      ,      ,        ,        ,        ,        ,        ,        ,        ,        ,      
quintde01, 2003,     1, CHI , NHL , D  , 51.0,  4.0,   7.0,  11.0,  18.0, -26.0,  2.0,  1.0,  0.0,  0.0,  0.0, 0.0,  72.0,       ,      ,      ,        ,        ,        ,        ,        ,        ,        ,        ,      
quintde01, 2006,     1, NYI , NHL , D  ,  5.0,  0.0,   0.0,   0.0,   0.0, 0.0  ,  0.0,  0.0,  0.0,  0.0,  0.0,    ,   2.0,       ,      ,      ,        ,        ,        ,        ,        ,        ,        ,        ,      
quintje01, 1991,     1, SJS , NHL , C  ,  8.0,  3.0,   0.0,   3.0,   0.0, 2.0  ,  0.0,  0.0,  0.0,  0.0,  0.0, 0.0,  12.0,       ,      ,      ,        ,        ,        ,        ,        ,        ,        ,        ,      
quintje01, 1992,     1, SJS , NHL , C  , 14.0,  2.0,   5.0,   7.0,   4.0, -4.0 ,  0.0,  2.0,  0.0,  0.0,  0.0, 0.0,  12.0,       ,      ,      ,        ,        ,        ,        ,        ,        ,        ,        ,      
quintst01, 1988,     1, BOS , NHL , D  , 26.0,  0.0,   1.0,   1.0,  29.0, -5.0 ,  0.0,  1.0,  0.0,  0.0,  0.0, 0.0,  23.0,       ,      ,      ,        ,        ,        ,        ,        ,        ,        ,        ,      
quintst01, 1989,     1, BOS , NHL , D  , 38.0,  2.0,   2.0,   4.0,  22.0, -11.0,  0.0,  0.0,  0.0,  0.0,  0.0, 0.0,  43.0,       ,      ,      ,        ,        ,        ,        ,        ,        ,        ,        ,      
quintst01, 1990,     1, BOS , NHL , D  , 45.0,  2.0,   6.0,   8.0,  89.0, 2.0  ,  1.0,  1.0,  0.0,  1.0,  0.0, 0.0,  54.0,    3.0,   0.0,   1.0,     1.0,     7.0, 0.0    ,     0.0,     0.0,     0.0,     0.0,     0.0,     1.0
quintst01, 1991,     1, BOS , NHL , D  , 49.0,  4.0,  10.0,  14.0,  77.0, -8.0 ,  0.0,  2.0,  0.0,  0.0,  0.0, 0.0,  52.0,       ,      ,      ,        ,        ,        ,        ,        ,        ,        ,        ,      
quintst01, 1991,     2, STL , NHL , D  , 26.0,  0.0,   6.0,   6.0,  32.0, -3.0 ,  0.0,  1.0,  0.0,  0.0,  0.0, 0.0,  19.0,    4.0,   1.0,   2.0,     3.0,     6.0, 0.0    ,     1.0,     1.0,     0.0,     0.0,     0.0,     5.0
quintst01, 1992,     1, STL , NHL , D  , 75.0,  1.0,  10.0,  11.0, 100.0, -6.0 ,  0.0,  0.0,  1.0,  2.0,  0.0, 0.0,  81.0,    9.0,   0.0,   0.0,     0.0,     8.0, 0.0    ,     0.0,     0.0,     0.0,     0.0,     0.0,    10.0
quintst01, 1993,     1, WIN , NHL , D  , 81.0,  8.0,  18.0,  26.0, 119.0, -25.0,  1.0,  5.0,  1.0,  1.0,  1.0, 0.0, 154.0,       ,      ,      ,        ,        ,        ,        ,        ,        ,        ,        ,      
quintst01, 1994,     1, WIN , NHL , D  , 43.0,  6.0,  17.0,  23.0,  78.0, 0.0  ,  3.0,  6.0,  0.0,  1.0,  2.0, 0.0, 107.0,       ,      ,      ,        ,        ,        ,        ,        ,        ,        ,        ,      
quintst01, 1995,     1, MTL , NHL , D  , 68.0,  2.0,  14.0,  16.0, 117.0, -4.0 ,  0.0,  6.0,  1.0,  1.0,  1.0, 1.0, 104.0,    6.0,   0.0,   1.0,     1.0,     6.0, 1.0    ,     0.0,     0.0,     0.0,     0.0,     0.0,     3.0
quintst01, 1996,     1, MTL , NHL , D  , 71.0,  7.0,  15.0,  22.0, 100.0, 1.0  ,  1.0,  5.0,  0.0,  1.0,  0.0, 0.0, 139.0,    5.0,   0.0,   1.0,     1.0,     6.0, -1.0   ,     0.0,     0.0,     0.0,     1.0,     0.0,     6.0
quintst01, 1997,     1, MTL , NHL , D  , 71.0,  6.0,  10.0,  16.0,  97.0, 13.0 ,  0.0,  0.0,  0.0,  0.0,  0.0, 0.0,  88.0,    9.0,   0.0,   2.0,     2.0,     4.0, 2.0    ,     0.0,     0.0,     0.0,     0.0,     0.0,    12.0
quintst01, 1998,     1, MTL , NHL , D  , 82.0,  8.0,  19.0,  27.0,  84.0, -23.0,  1.0,  2.0,  1.0,  2.0,  4.0, 0.0, 159.0,       ,      ,      ,        ,        ,        ,        ,        ,        ,        ,        ,      
quintst01, 1999,     1, NYR , NHL , D  , 75.0,  2.0,  14.0,  16.0,  77.0, -10.0,  0.0,  3.0,  0.0,  1.0,  1.0, 0.0, 102.0,       ,      ,      ,        ,        ,        ,        ,        ,        ,        ,        ,      
quintst01, 2000,     1, CHI , NHL , D  , 72.0,  1.0,  18.0,  19.0,  60.0, -9.0 ,  0.0,  2.0,  0.0,  0.0,  0.0, 0.0, 109.0,       ,      ,      ,        ,        ,        ,        ,        ,        ,        ,        ,      
quintst01, 2001,     1, MTL , NHL , D  , 75.0,  6.0,  10.0,  16.0,  87.0, -7.0 ,  1.0,  0.0,  0.0,  0.0,  1.0, 0.0,  85.0,   12.0,   1.0,   3.0,     4.0,    12.0, -2.0   ,     0.0,     1.0,     0.0,     0.0,     0.0,     9.0
quintst01, 2002,     1, MTL , NHL , D  , 67.0,  5.0,   5.0,  10.0,  70.0, -4.0 ,  0.0,  0.0,  0.0,  0.0,  0.0, 0.0,  73.0,       ,      ,      ,        ,        ,        ,        ,        ,        ,        ,        ,      
quintst01, 2003,     1, MTL , NHL , D  , 73.0,  3.0,   5.0,   8.0,  82.0, 10.0 ,  0.0,  0.0,  0.0,  0.0,  0.0, 0.0,  86.0,    4.0,   0.0,   0.0,     0.0,     2.0, -1.0   ,     0.0,     0.0,     0.0,     0.0,     0.0,     1.0
rachuka01, 1999,     1, OTT , NHL , D  ,  6.0,  0.0,   0.0,   0.0,   2.0, 0.0  ,  0.0,  0.0,  0.0,  0.0,  0.0, 0.0,   3.0,       ,      ,      ,        ,        ,        ,        ,        ,        ,        ,        ,      
rachuka01, 2000,     1, OTT , NHL , D  , 71.0,  3.0,  30.0,  33.0,  60.0, 17.0 ,  3.0, 14.0,  0.0,  1.0,  0.0, 0.0,  77.0,    3.0,   0.0,   0.0,     0.0,     0.0, -4.0   ,     0.0,     0.0,     0.0,     0.0,     0.0,     7.0
rachuka01, 2001,     1, OTT , NHL , D  , 51.0,  3.0,  15.0,  18.0,  24.0, 7.0  ,  1.0,  4.0,  0.0,  0.0,  2.0, 0.0,  55.0,       ,      ,      ,        ,        ,        ,        ,        ,        ,        ,        ,      
rachuka01, 2002,     1, OTT , NHL , D  , 58.0,  4.0,  25.0,  29.0,  30.0, 23.0 ,  3.0,  9.0,  0.0,  1.0,  1.0, 0.0, 110.0,   17.0,   1.0,   3.0,     4.0,    14.0, -5.0   ,     0.0,     1.0,     0.0,     0.0,     0.0,    21.0
rachuka01, 2003,     1, OTT , NHL , D  , 60.0,  1.0,  16.0,  17.0,  29.0, 17.0 ,  0.0,  7.0,  0.0,  0.0,  0.0, 0.0,  99.0,       ,      ,      ,        ,        ,        ,        ,        ,        ,        ,        ,      
rachuka01, 2003,     2, NYR , NHL , D  , 12.0,  1.0,   3.0,   4.0,   4.0, -9.0 ,  1.0,  2.0,  0.0,  0.0,  0.0, 0.0,  21.0,       ,      ,      ,        ,        ,        ,        ,        ,        ,        ,        ,      
rachuka01, 2006,     1, NYR , NHL , D  , 66.0,  6.0,  20.0,  26.0,  38.0, -9.0 ,  4.0, 11.0,  1.0,  0.0,  1.0,    ,  99.0,    6.0,   0.0,   4.0,     4.0,     2.0, -1.0   ,     0.0,     3.0,     0.0,     0.0,     0.0,     8.0
rachuka01, 2007,     1, NJD , NHL , D  , 47.0,  4.0,   9.0,  13.0,  40.0, 3.0  ,  0.0,  2.0,  0.0,  0.0,  0.0,    ,  68.0,       ,      ,      ,        ,        ,        ,        ,        ,        ,        ,        ,      
racican01, 1989,     1, MTL , NHL , G  ,  1.0,  0.0,   0.0,   0.0,   0.0, 0.0  ,  0.0,  0.0,  0.0,  0.0,  0.0, 0.0,   0.0,       ,      ,      ,        ,        ,        ,        ,        ,        ,        ,        ,      
racican01, 1990,     1, MTL , NHL , G  , 21.0,  0.0,   1.0,   1.0,   0.0, 0.0  ,  0.0,     ,  0.0,     ,  0.0, 0.0,   0.0,    2.0,   0.0,   0.0,     0.0,     0.0, 0.0    ,     0.0,     0.0,     0.0,     0.0,     0.0,     0.0
racican01, 1991,     1, MTL , NHL , G  ,  9.0,  0.0,   0.0,   0.0,   0.0, 0.0  ,  0.0,  0.0,  0.0,  0.0,  0.0, 0.0,   0.0,    1.0,   0.0,   0.0,     0.0,     0.0, 0.0    ,     0.0,     0.0,     0.0,     0.0,     0.0,     0.0
racican01, 1992,     1, MTL , NHL , G  , 26.0,  0.0,   1.0,   1.0,   6.0, 0.0  ,  0.0,  0.0,  0.0,  0.0,  0.0, 0.0,   0.0,    1.0,   0.0,   0.0,     0.0,     0.0, 0.0    ,     0.0,     0.0,     0.0,     0.0,     0.0,     0.0
racican01, 1993,     1, MTL , NHL , G  , 11.0,  0.0,   0.0,   0.0,   0.0, 0.0  ,  0.0,  0.0,  0.0,  0.0,  0.0, 0.0,   0.0,       ,      ,      ,        ,        ,        ,        ,        ,        ,        ,        ,      
racinbr01, 1995,     1, STL , NHL , G  , 11.0,  0.0,   0.0,   0.0,   2.0, 0.0  ,  0.0,  0.0,  0.0,  0.0,  0.0, 0.0,   0.0,    1.0,   0.0,   0.0,     0.0,     0.0, 0.0    ,     0.0,     0.0,     0.0,     0.0,     0.0,     0.0
racinyv01, 1989,     1, DET , NHL , D  , 28.0,  4.0,   9.0,  13.0,  23.0, -3.0 ,  1.0,  3.0,  0.0,  0.0,  0.0, 0.0,  49.0,       ,      ,      ,        ,        ,        ,        ,        ,        ,        ,        ,      
racinyv01, 1990,     1, DET , NHL , D  , 62.0,  7.0,  40.0,  47.0,  33.0, 1.0  ,  2.0, 19.0,  0.0,  1.0,  1.0, 1.0, 131.0,    7.0,   2.0,   0.0,     2.0,     0.0, -6.0   ,     2.0,     0.0,     0.0,     0.0,     0.0,    15.0
racinyv01, 1991,     1, DET , NHL , D  , 61.0,  2.0,  22.0,  24.0,  94.0, -6.0 ,  1.0,  8.0,  0.0,  2.0,  0.0, 0.0, 103.0,   11.0,   2.0,   1.0,     3.0,    10.0, 0.0    ,     1.0,     0.0,     0.0,     0.0,     1.0,    19.0
racinyv01, 1992,     1, DET , NHL , D  , 80.0,  9.0,  31.0,  40.0,  80.0, 10.0 ,  5.0, 10.0,  0.0,  0.0,  0.0, 0.0, 163.0,    7.0,   1.0,   3.0,     4.0,    27.0, 4.0    ,     0.0,     0.0,     0.0,     1.0,     0.0,     6.0
racinyv01, 1993,     1, PHI , NHL , D  , 67.0,  9.0,  43.0,  52.0,  48.0, -11.0,  5.0, 27.0,  1.0,  0.0,  1.0, 1.0, 142.0,       ,      ,      ,        ,        ,        ,        ,        ,        ,        ,        ,      
racinyv01, 1994,     1, MTL , NHL , D  , 47.0,  4.0,   7.0,  11.0,  42.0, -1.0 ,  2.0,  2.0,  0.0,  0.0,  1.0, 0.0,  63.0,       ,      ,      ,        ,        ,        ,        ,        ,        ,        ,        ,      
racinyv01, 1995,     1, MTL , NHL , D  , 25.0,  0.0,   3.0,   3.0,  26.0, -7.0 ,  0.0,  1.0,  0.0,  0.0,  0.0, 0.0,  16.0,       ,      ,      ,        ,        ,        ,        ,        ,        ,        ,        ,      
racinyv01, 1995,     2, SJS , NHL , D  , 32.0,  1.0,  16.0,  17.0,  28.0, -3.0 ,  0.0,  6.0,  0.0,  0.0,  0.0, 0.0,  35.0,       ,      ,      ,        ,        ,        ,        ,        ,        ,        ,        ,      
racinyv01, 1996,     1, CAL , NHL , D  , 46.0,  1.0,  15.0,  16.0,  24.0, 4.0  ,  1.0,  9.0,  0.0,  0.0,  0.0, 0.0,  82.0,       ,      ,      ,        ,        ,        ,        ,        ,        ,        ,        ,      
racinyv01, 1997,     1, TBL , NHL , D  , 60.0,  0.0,   8.0,   8.0,  41.0, -23.0,  0.0,  5.0,  0.0,  0.0,  0.0, 0.0,  76.0,       ,      ,      ,        ,        ,        ,        ,        ,        ,        ,        ,      
radivbr01, 2001,     1, PHO , NHL , R  , 18.0,  4.0,   2.0,   6.0,   4.0, 1.0  ,  0.0,  0.0,  0.0,  0.0,  1.0, 0.0,  19.0,    1.0,   0.0,   0.0,     0.0,     2.0, -1.0   ,     0.0,     0.0,     0.0,     0.0,     0.0,     0.0
radivbr01, 2002,     1, PHO , NHL , R  , 79.0, 12.0,  15.0,  27.0,  63.0, -2.0 ,  1.0,  1.0,  0.0,  0.0,  3.0, 1.0, 109.0,       ,      ,      ,        ,        ,        ,        ,        ,        ,        ,        ,      
radivbr01, 2003,     1, PHO , NHL , R  , 53.0,  9.0,  14.0,  23.0,  36.0, -5.0 ,  2.0,  2.0,  1.0,  0.0,  2.0, 1.0,  83.0,       ,      ,      ,        ,        ,        ,        ,        ,        ,        ,        ,      
radivbr01, 2003,     2, PHI , NHL , R  , 24.0,  1.0,   8.0,   9.0,  36.0, 0.0  ,  0.0,  2.0,  0.0,  0.0,  0.0, 0.0,  24.0,   18.0,   1.0,   1.0,     2.0,    32.0, -1.0   ,     0.0,     0.0,     0.0,     0.0,     0.0,    19.0
radivbr01, 2005,     1, PHI , NHL , R  , 64.0,  8.0,   6.0,  14.0,  44.0, -6.0 ,  1.0,  2.0,  0.0,  0.0,  1.0,    ,  84.0,    5.0,   1.0,   0.0,     1.0,     0.0, -1.0   ,     0.0,     0.0,     0.0,     0.0,     0.0,     6.0
radivbr01, 2006,     1, MIN , NHL , R  , 82.0, 11.0,  13.0,  24.0,  21.0, -9.0 ,  4.0,  4.0,  0.0,  0.0,  3.0,    , 116.0,    5.0,   0.0,   0.0,     0.0,     2.0, -1.0   ,     0.0,     0.0,     0.0,     0.0,     0.0,     9.0
radivbr01, 2007,     1, MIN , NHL , R  , 73.0,  7.0,  10.0,  17.0,  48.0, -14.0,  1.0,  1.0,  0.0,  0.0,  3.0,    ,  91.0,    2.0,   0.0,   0.0,     0.0,     0.0, 0.0    ,     0.0,     0.0,     0.0,     0.0,     0.0,     2.0
radleyi01, 1930,     1, NYA , NHL , D  ,  1.0,  0.0,   0.0,   0.0,   0.0,      ,     ,     ,     ,     ,     ,    ,      ,       ,      ,      ,        ,        ,        ,        ,        ,        ,        ,        ,      
radleyi01, 1936,     1, MTM , NHL , D  , 17.0,  0.0,   1.0,   1.0,  13.0,      ,     ,     ,     ,     ,     ,    ,      ,       ,      ,      ,        ,        ,        ,        ,        ,        ,        ,        ,      
radulal01, 2006,     1, NAS , NHL , R  , 64.0, 18.0,  19.0,  37.0,  26.0, 19.0 ,  5.0,  6.0,  0.0,  0.0,  4.0,    ,  96.0,    4.0,   3.0,   1.0,     4.0,    19.0, 1.0    ,     0.0,     0.0,     0.0,     0.0,     0.0,    13.0
radulal01, 2007,     1, NAS , NHL , R  , 81.0, 26.0,  32.0,  58.0,  44.0, 7.0  ,  4.0,  2.0,  0.0,  0.0,  2.0,    , 183.0,    6.0,   2.0,   2.0,     4.0,     6.0, 0.0    ,     1.0,     1.0,     0.0,     0.0,     0.0,    14.0
radulig01, 2002,     1, CHI , NHL , L  ,  7.0,  5.0,   0.0,   5.0,   4.0, -3.0 ,  3.0,  0.0,  0.0,  0.0,  0.0, 0.0,  14.0,       ,      ,      ,        ,        ,        ,        ,        ,        ,        ,        ,      
radulig01, 2003,     1, CHI , NHL , R  , 36.0,  4.0,   7.0,  11.0,  18.0, -2.0 ,  0.0,  1.0,  0.0,  0.0,  0.0, 0.0,  47.0,       ,      ,      ,        ,        ,        ,        ,        ,        ,        ,        ,      
radunna01, 2008,     1, PHI , NHL , C  ,  1.0,  0.0,   0.0,   0.0,   0.0, 0.0  ,  0.0,  0.0,  0.0,  0.0,  0.0,    ,   0.0,       ,      ,      ,        ,        ,        ,        ,        ,        ,        ,        ,      
raedeca01, 1975,     1, NEW , WHA , G  ,  3.0,  0.0,   0.0,   0.0,   0.0, 0.0  ,  0.0,     ,  0.0,     ,  0.0,    ,   0.0,   14.0,   0.0,   1.0,     1.0,     0.0, 0.0    ,        ,        ,        ,        ,        ,      
raedeca01, 1976,     1, NEW , WHA , G  , 26.0,  0.0,   0.0,   0.0,   2.0, 0.0  ,  0.0,     ,  0.0,     ,  0.0,    ,   0.0,    1.0,   0.0,   0.0,     0.0,     0.0, 0.0    ,     0.0,        ,     0.0,        ,     0.0,      
rafalbr01, 1999,     1, NJD , NHL , D  , 75.0,  5.0,  27.0,  32.0,  28.0, 21.0 ,  1.0,  6.0,  0.0,  0.0,  1.0, 0.0, 128.0,   23.0,   2.0,   6.0,     8.0,     8.0, 5.0    ,     0.0,     3.0,     0.0,     0.0,     1.0,    31.0
rafalbr01, 2000,     1, NJD , NHL , D  , 78.0,  9.0,  43.0,  52.0,  26.0, 36.0 ,  6.0, 16.0,  0.0,  0.0,  1.0, 1.0, 142.0,   25.0,   7.0,  11.0,    18.0,     7.0, 10.0   ,     1.0,     4.0,     0.0,     0.0,     3.0,    47.0
rafalbr01, 2001,     1, NJD , NHL , D  , 76.0,  7.0,  40.0,  47.0,  18.0, 15.0 ,  2.0, 17.0,  0.0,  0.0,  4.0, 1.0, 125.0,    6.0,   3.0,   2.0,     5.0,     4.0, -2.0   ,     3.0,     2.0,     0.0,     0.0,     0.0,    19.0
rafalbr01, 2002,     1, NJD , NHL , D  , 79.0,  3.0,  37.0,  40.0,  14.0, 18.0 ,  2.0, 14.0,  0.0,  0.0,  0.0, 0.0, 178.0,   23.0,   2.0,   9.0,    11.0,     8.0, 7.0    ,     2.0,     4.0,     0.0,     1.0,     0.0,    36.0
rafalbr01, 2003,     1, NJD , NHL , D  , 69.0,  6.0,  30.0,  36.0,  24.0, 6.0  ,  2.0, 16.0,  0.0,  1.0,  1.0, 0.0, 130.0,    5.0,   0.0,   1.0,     1.0,     0.0, 0.0    ,     0.0,     0.0,     0.0,     0.0,     0.0,     9.0
rafalbr01, 2005,     1, NJD , NHL , D  , 82.0,  6.0,  43.0,  49.0,  36.0, 0.0  ,  3.0, 24.0,  0.0,  1.0,  2.0,    , 126.0,    9.0,   1.0,   8.0,     9.0,     2.0, 3.0    ,     1.0,     4.0,     0.0,     1.0,     0.0,     9.0
rafalbr01, 2006,     1, NJD , NHL , D  , 82.0,  8.0,  47.0,  55.0,  34.0, 4.0  ,  3.0, 27.0,  1.0,  0.0,  4.0,    , 148.0,   11.0,   2.0,   6.0,     8.0,     8.0, -1.0   ,     2.0,     3.0,     0.0,     0.0,     0.0,    11.0
rafalbr01, 2007,     1, DET , NHL , D  , 73.0, 13.0,  42.0,  55.0,  34.0, 27.0 , 10.0, 21.0,  0.0,  0.0,  1.0,    , 175.0,   22.0,   4.0,  10.0,    14.0,    12.0, 6.0    ,     2.0,     3.0,     0.0,     0.0,     0.0,    58.0
rafalbr01, 2008,     1, DET , NHL , D  , 78.0, 10.0,  49.0,  59.0,  20.0, 17.0 ,  5.0, 23.0,  0.0,  0.0,  1.0,    , 141.0,   18.0,   3.0,   9.0,    12.0,    11.0, 11.0   ,     3.0,     4.0,     0.0,     0.0,     1.0,    24.0
rafalbr01, 2009,     1, DET , NHL , D  , 78.0,  8.0,  34.0,  42.0,  26.0, 23.0 ,  5.0, 14.0,  0.0,  0.0,  1.0,    , 134.0,   12.0,   3.0,   8.0,    11.0,     2.0, 4.0    ,     1.0,     4.0,     0.0,     0.0,     0.0,    23.0
raglahe01, 1985,     1, STL , NHL , R  ,  7.0,  0.0,   0.0,   0.0,   5.0, -3.0 ,  0.0,     ,  0.0,     ,  0.0, 0.0,   4.0,   10.0,   1.0,   1.0,     2.0,    24.0, 2.0    ,     0.0,        ,     0.0,        ,     0.0,     7.0
raglahe01, 1986,     1, STL , NHL , R  , 62.0,  6.0,  10.0,  16.0, 159.0, 6.0  ,  0.0,     ,  0.0,     ,  0.0, 0.0,  58.0,    4.0,   0.0,   0.0,     0.0,     2.0, -3.0   ,     0.0,        ,     0.0,        ,     0.0,     5.0
raglahe01, 1987,     1, STL , NHL , R  , 73.0, 10.0,  15.0,  25.0, 190.0, -10.0,  0.0,  0.0,  0.0,  0.0,  2.0, 2.0,  95.0,   10.0,   1.0,   3.0,     4.0,    11.0, -1.0   ,     0.0,     0.0,     0.0,     0.0,     0.0,    14.0
raglahe01, 1988,     1, STL , NHL , R  , 50.0,  7.0,  10.0,  17.0, 144.0, -8.0 ,  0.0,  0.0,  0.0,  0.0,  1.0, 0.0,  86.0,    8.0,   1.0,   2.0,     3.0,    13.0, 2.0    ,     0.0,     0.0,     0.0,     0.0,     0.0,    11.0
raglahe01, 1989,     1, STL , NHL , R  , 11.0,  0.0,   1.0,   1.0,  21.0, -5.0 ,  0.0,  0.0,  0.0,  0.0,  0.0, 0.0,  13.0,       ,      ,      ,        ,        ,        ,        ,        ,        ,        ,        ,      
raglahe01, 1990,     1, STL , NHL , L  , 32.0,  3.0,   3.0,   6.0,  52.0, 4.0  ,  0.0,  0.0,  0.0,  0.0,  1.0, 0.0,  29.0,       ,      ,      ,        ,        ,        ,        ,        ,        ,        ,        ,      
raglahe01, 1990,     2, QUE , NHL , L  , 15.0,  1.0,   3.0,   4.0,  30.0, 1.0  ,  0.0,  0.0,  0.0,  0.0,  0.0, 0.0,  19.0,       ,      ,      ,        ,        ,        ,        ,        ,        ,        ,        ,      
raglahe01, 1991,     1, QUE , NHL , R  , 62.0,  6.0,  14.0,  20.0, 120.0, -5.0 ,  0.0,  1.0,  0.0,  0.0,  0.0, 2.0,  79.0,       ,      ,      ,        ,        ,        ,        ,        ,        ,        ,        ,      
raglahe01, 1992,     1, TBL , NHL , R  ,  2.0,  0.0,   0.0,   0.0,   2.0, 0.0  ,  0.0,  0.0,  0.0,  0.0,  0.0, 0.0,   0.0,       ,      ,      ,        ,        ,        ,        ,        ,        ,        ,        ,      
raglahe01, 1993,     1, OTT , NHL , R  , 29.0,  0.0,   0.0,   0.0,  52.0, -13.0,  0.0,  0.0,  0.0,  0.0,  0.0, 0.0,  13.0,       ,      ,      ,        ,        ,        ,        ,        ,        ,        ,        ,      
raglara01, 1950,     1, DET , NHL , D  , 33.0,  3.0,   1.0,   4.0,  14.0,      ,     ,     ,     ,     ,     ,    ,      ,       ,      ,      ,        ,        ,        ,        ,        ,        ,        ,        ,      
raglara01, 1951,     1, CHI , NHL , D  , 35.0,  0.0,   5.0,   5.0,  28.0,      ,     ,     ,     ,     ,     ,    ,      ,       ,      ,      ,        ,        ,        ,        ,        ,        ,        ,        ,      
raglara01, 1952,     1, CHI , NHL , D  , 32.0,  1.0,   3.0,   4.0,  10.0,      ,     ,     ,     ,     ,     ,    ,      ,    3.0,   0.0,   0.0,     0.0,     0.0,        ,        ,        ,        ,        ,        ,      
ragnama01, 1995,     1, SJS , NHL , D  , 71.0,  8.0,  31.0,  39.0,  42.0, -24.0,  4.0, 13.0,  0.0,  0.0,  0.0, 0.0,  94.0,       ,      ,      ,        ,        ,        ,        ,        ,        ,        ,        ,      
ragnama01, 1996,     1, SJS , NHL , D  , 69.0,  3.0,  14.0,  17.0,  63.0, -18.0,  2.0,  4.0,  0.0,  0.0,  0.0, 0.0,  57.0,       ,      ,      ,        ,        ,        ,        ,        ,        ,        ,        ,      
ragnama01, 1997,     1, SJS , NHL , D  , 79.0,  5.0,  20.0,  25.0,  65.0, -11.0,  3.0,  7.0,  0.0,  1.0,  2.0, 0.0,  91.0,    6.0,   0.0,   0.0,     0.0,     4.0, 2.0    ,     0.0,     0.0,     0.0,     0.0,     0.0,     4.0
ragnama01, 1998,     1, SJS , NHL , D  , 74.0,  0.0,  13.0,  13.0,  66.0, 7.0  ,  0.0,  3.0,  0.0,  1.0,  0.0, 0.0,  87.0,    6.0,   0.0,   1.0,     1.0,     6.0, -4.0   ,     0.0,     1.0,     0.0,     0.0,     0.0,     9.0
ragnama01, 1999,     1, SJS , NHL , D  , 63.0,  3.0,  13.0,  16.0,  38.0, 13.0 ,  0.0,  3.0,  0.0,  2.0,  0.0, 0.0,  60.0,   12.0,   0.0,   3.0,     3.0,    10.0, 3.0    ,     0.0,     1.0,     0.0,     1.0,     0.0,     7.0
ragnama01, 2000,     1, SJS , NHL , D  , 68.0,  3.0,  12.0,  15.0,  44.0, 2.0  ,  1.0,  4.0,  0.0,  1.0,  0.0, 0.0,  74.0,    5.0,   0.0,   1.0,     1.0,     8.0, 0.0    ,     0.0,     0.0,     0.0,     1.0,     0.0,     5.0
ragnama01, 2001,     1, SJS , NHL , D  , 70.0,  5.0,  15.0,  20.0,  44.0, 4.0  ,  2.0,  2.0,  0.0,  1.0,  3.0, 0.0,  68.0,   12.0,   1.0,   3.0,     4.0,    12.0, -1.0   ,     0.0,     0.0,     0.0,     0.0,     0.0,    12.0
ragnama01, 2002,     1, SJS , NHL , D  , 25.0,  1.0,   7.0,   8.0,  30.0, 2.0  ,  0.0,  2.0,  0.0,  0.0,  0.0, 0.0,  27.0,       ,      ,      ,        ,        ,        ,        ,        ,        ,        ,        ,      
ragnama01, 2002,     2, PHI , NHL , D  , 43.0,  2.0,   6.0,   8.0,  32.0, 5.0  ,  1.0,  2.0,  0.0,  1.0,  0.0, 0.0,  52.0,   13.0,   0.0,   1.0,     1.0,     6.0, 4.0    ,     0.0,     0.0,     0.0,     0.0,     0.0,    10.0
ragnama01, 2003,     1, PHI , NHL , D  , 70.0,  7.0,   9.0,  16.0,  58.0, 12.0 ,  2.0,  4.0,  0.0,  0.0,  2.0, 0.0,  82.0,   14.0,   1.0,   4.0,     5.0,    14.0, 3.0    ,     0.0,     2.0,     0.0,     1.0,     1.0,    12.0
raleido01, 1943,     1, NYR , NHL , C  , 15.0,  2.0,   2.0,   4.0,   2.0,      ,     ,     ,     ,     ,     ,    ,      ,       ,      ,      ,        ,        ,        ,        ,        ,        ,        ,        ,      
raleido01, 1947,     1, NYR , NHL , C  , 52.0, 15.0,  18.0,  33.0,   2.0,      ,     ,     ,     ,     ,     ,    ,      ,    6.0,   2.0,   0.0,     2.0,     2.0,        ,        ,        ,        ,        ,        ,      
raleido01, 1948,     1, NYR , NHL , C  , 41.0, 10.0,  16.0,  26.0,   8.0,      ,     ,     ,     ,     ,     ,    ,      ,       ,      ,      ,        ,        ,        ,        ,        ,        ,        ,        ,      
raleido01, 1949,     1, NYR , NHL , C  , 70.0, 12.0,  25.0,  37.0,  11.0,      ,     ,     ,     ,     ,     ,    ,      ,   12.0,   4.0,   5.0,     9.0,     4.0,        ,        ,        ,        ,        ,        ,      
raleido01, 1950,     1, NYR , NHL , C  , 64.0, 15.0,  24.0,  39.0,  18.0,      ,     ,     ,     ,     ,     ,    ,      ,       ,      ,      ,        ,        ,        ,        ,        ,        ,        ,        ,      
raleido01, 1951,     1, NYR , NHL , C  , 70.0, 19.0,  42.0,  61.0,  14.0,      ,     ,     ,     ,     ,     ,    ,      ,       ,      ,      ,        ,        ,        ,        ,        ,        ,        ,        ,      
raleido01, 1952,     1, NYR , NHL , C  , 55.0,  4.0,  18.0,  22.0,   2.0,      ,     ,     ,     ,     ,     ,    ,      ,       ,      ,      ,        ,        ,        ,        ,        ,        ,        ,        ,      
raleido01, 1953,     1, NYR , NHL , C  , 70.0, 15.0,  30.0,  45.0,  16.0,      ,     ,     ,     ,     ,     ,    ,      ,       ,      ,      ,        ,        ,        ,        ,        ,        ,        ,        ,      
raleido01, 1954,     1, NYR , NHL , C  , 69.0,  8.0,  32.0,  40.0,  19.0,      ,     ,     ,     ,     ,     ,    ,      ,       ,      ,      ,        ,        ,        ,        ,        ,        ,        ,        ,      
raleido01, 1955,     1, NYR , NHL , C  , 29.0,  1.0,  12.0,  13.0,   4.0,      ,     ,     ,     ,     ,     ,    ,      ,       ,      ,      ,        ,        ,        ,        ,        ,        ,        ,        ,      
ralphbr01, 2000,     1, PHO , NHL , L  ,  1.0,  0.0,   0.0,   0.0,   0.0, 0.0  ,  0.0,  0.0,  0.0,  0.0,  0.0, 0.0,   0.0,       ,      ,      ,        ,        ,        ,        ,        ,        ,        ,        ,      
ramagro01, 1978,     1, BIR , WHA , D  , 80.0, 12.0,  36.0,  48.0, 165.0, 10.0 ,  2.0,     ,  1.0,     ,     ,    , 214.0,       ,      ,      ,        ,        ,        ,        ,        ,        ,        ,        ,      
ramagro01, 1979,     1, COR , NHL , D  , 75.0,  8.0,  20.0,  28.0, 135.0, -40.0,  4.0,     ,  0.0,     ,  3.0, 0.0, 218.0,       ,      ,      ,        ,        ,        ,        ,        ,        ,        ,        ,      
ramagro01, 1980,     1, COR , NHL , D  , 79.0, 20.0,  42.0,  62.0, 193.0, -46.0, 12.0,     ,  1.0,     ,  3.0, 1.0, 289.0,       ,      ,      ,        ,        ,        ,        ,        ,        ,        ,        ,      
ramagro01, 1981,     1, COR , NHL , D  , 80.0, 13.0,  29.0,  42.0, 201.0, -47.0,  6.0,     ,  0.0,     ,  0.0, 1.0, 270.0,       ,      ,      ,        ,        ,        ,        ,        ,        ,        ,        ,      
ramagro01, 1982,     1, STL , NHL , D  , 78.0, 16.0,  35.0,  51.0, 193.0, -9.0 ,  7.0,     ,  0.0,     ,  3.0, 1.0, 279.0,    4.0,   0.0,   3.0,     3.0,    22.0,        ,     0.0,        ,     0.0,        ,     0.0,      
ramagro01, 1983,     1, STL , NHL , D  , 80.0, 15.0,  45.0,  60.0, 121.0, -11.0,  9.0,     ,  0.0,     ,  3.0, 0.0, 266.0,   11.0,   1.0,   8.0,     9.0,    32.0, 0.0    ,     1.0,        ,     0.0,        ,     1.0,    36.0
ramagro01, 1984,     1, STL , NHL , D  , 80.0,  7.0,  31.0,  38.0, 178.0, -7.0 ,  1.0,     ,  0.0,     ,  0.0, 0.0, 285.0,    3.0,   1.0,   3.0,     4.0,     6.0, -3.0   ,     0.0,        ,     1.0,        ,     0.0,    14.0
ramagro01, 1985,     1, STL , NHL , D  , 77.0, 10.0,  56.0,  66.0, 171.0, 18.0 ,  7.0,     ,  0.0,     ,  2.0, 0.0, 227.0,   19.0,   1.0,  10.0,    11.0,    66.0, 2.0    ,     0.0,        ,     0.0,        ,     0.0,    36.0
ramagro01, 1986,     1, STL , NHL , D  , 59.0, 11.0,  28.0,  39.0, 108.0, -12.0,  6.0,     ,  0.0,     ,  3.0, 0.0, 160.0,    6.0,   2.0,   2.0,     4.0,    21.0, 0.0    ,     2.0,        ,     0.0,        ,     0.0,    20.0
ramagro01, 1987,     1, STL , NHL , D  , 67.0,  8.0,  34.0,  42.0, 127.0, -20.0,  5.0,     ,  0.0,     ,  0.0, 0.0, 203.0,       ,      ,      ,        ,        ,        ,        ,        ,        ,        ,        ,      
ramagro01, 1987,     2, CAL , NHL , D  , 12.0,  1.0,   6.0,   7.0,  37.0, 16.0 ,  1.0,     ,  0.0,     ,  0.0, 0.0,  12.0,    9.0,   1.0,   3.0,     4.0,    21.0, 2.0    ,     1.0,     3.0,     0.0,     0.0,     0.0,    21.0
ramagro01, 1988,     1, CAL , NHL , D  , 68.0,  3.0,  13.0,  16.0, 156.0, 26.0 ,  2.0,  3.0,  0.0,  1.0,  0.0, 0.0,  91.0,   20.0,   1.0,  11.0,    12.0,    26.0, 5.0    ,     1.0,     6.0,     0.0,     0.0,     0.0,    46.0
ramagro01, 1989,     1, TOR , NHL , D  , 80.0,  8.0,  41.0,  49.0, 202.0, -1.0 ,  3.0, 22.0,  0.0,  0.0,  1.0, 0.0, 196.0,    5.0,   1.0,   2.0,     3.0,    20.0, 1.0    ,     0.0,     2.0,     0.0,     0.0,     0.0,    21.0
ramagro01, 1990,     1, TOR , NHL , D  , 80.0, 10.0,  25.0,  35.0, 173.0, 2.0  ,  5.0, 11.0,  0.0,  2.0,  2.0, 0.0, 169.0,       ,      ,      ,        ,        ,        ,        ,        ,        ,        ,        ,      
ramagro01, 1991,     1, MNS , NHL , D  , 34.0,  4.0,   5.0,   9.0,  69.0, -4.0 ,  2.0,  3.0,  0.0,  0.0,  0.0, 0.0,  63.0,       ,      ,      ,        ,        ,        ,        ,        ,        ,        ,        ,      
ramagro01, 1992,     1, TBL , NHL , D  , 66.0,  5.0,  12.0,  17.0, 138.0, -21.0,  5.0,  8.0,  0.0,  0.0,  0.0, 0.0, 115.0,       ,      ,      ,        ,        ,        ,        ,        ,        ,        ,        ,      
ramagro01, 1992,     2, MTL , NHL , D  ,  8.0,  0.0,   1.0,   1.0,   8.0, -3.0 ,  0.0,  0.0,  0.0,  0.0,  0.0, 0.0,  16.0,    7.0,   0.0,   0.0,     0.0,     4.0, -3.0   ,     0.0,     0.0,     0.0,     0.0,     0.0,     8.0
ramagro01, 1993,     1, MTL , NHL , D  ,  6.0,  0.0,   1.0,   1.0,   2.0, -1.0 ,  0.0,  0.0,  0.0,  0.0,  0.0, 0.0,   5.0,       ,      ,      ,        ,        ,        ,        ,        ,        ,        ,        ,      
ramagro01, 1993,     2, PHI , NHL , D  , 15.0,  0.0,   1.0,   1.0,  14.0, -11.0,  0.0,  0.0,  0.0,  0.0,  0.0, 0.0,  18.0,       ,      ,      ,        ,        ,        ,        ,        ,        ,        ,        ,      
ramhoti01, 2007,     1, CAL , NHL , D  ,  1.0,  0.0,   0.0,   0.0,   0.0, -1.0 ,  0.0,  0.0,  0.0,  0.0,  0.0,    ,   0.0,       ,      ,      ,        ,        ,        ,        ,        ,        ,        ,        ,      
ramja01  , 1995,     1, NYR , NHL , G  ,  1.0,  0.0,   0.0,   0.0,   0.0, 0.0  ,  0.0,  0.0,  0.0,  0.0,  0.0, 0.0,   0.0,       ,      ,      ,        ,        ,        ,        ,        ,        ,        ,        ,      
ramoka01 , 2006,     1, TBL , NHL , G  ,  2.0,  0.0,   0.0,   0.0,   0.0, 0.0  ,  0.0,  0.0,  0.0,  0.0,  0.0,    ,   0.0,       ,      ,      ,        ,        ,        ,        ,        ,        ,        ,        ,      
ramoka01 , 2007,     1, TBL , NHL , G  , 22.0,  0.0,   1.0,   1.0,   4.0, 0.0  ,  0.0,  1.0,  0.0,  0.0,  0.0,    ,   0.0,       ,      ,      ,        ,        ,        ,        ,        ,        ,        ,        ,      
ramoka01 , 2008,     1, TBL , NHL , G  , 24.0,  0.0,   1.0,   1.0,   2.0, 0.0  ,  0.0,  1.0,  0.0,  0.0,  0.0,    ,   0.0,       ,      ,      ,        ,        ,        ,        ,        ,        ,        ,        ,      
ramsabe01, 1927,     1, TOR , NHL , D  , 43.0,  0.0,   2.0,   2.0,  10.0,      ,     ,     ,     ,     ,     ,    ,      ,       ,      ,      ,        ,        ,        ,        ,        ,        ,        ,        ,      
ramsacr01, 1971,     1, BUF , NHL , L  , 57.0,  6.0,  10.0,  16.0,   0.0, 5.0  ,  0.0,     ,  0.0,     ,  2.0, 0.0,  43.0,       ,      ,      ,        ,        ,        ,        ,        ,        ,        ,        ,      
ramsacr01, 1972,     1, BUF , NHL , L  , 76.0, 11.0,  17.0,  28.0,  15.0, 13.0 ,  0.0,     ,  1.0,     ,  1.0, 0.0,  89.0,    6.0,   1.0,   1.0,     2.0,     0.0,        ,     0.0,        ,     0.0,        ,     0.0,      
ramsacr01, 1973,     1, BUF , NHL , L  , 78.0, 20.0,  26.0,  46.0,   0.0, 17.0 ,  1.0,     ,  2.0,     ,  3.0, 2.0, 154.0,       ,      ,      ,        ,        ,        ,        ,        ,        ,        ,        ,      
ramsacr01, 1974,     1, BUF , NHL , L  , 80.0, 26.0,  38.0,  64.0,  26.0, 51.0 ,  1.0,     ,  7.0,     ,  7.0, 1.0, 200.0,   17.0,   5.0,   7.0,    12.0,     2.0,        ,     1.0,        ,     1.0,        ,     1.0,      
ramsacr01, 1975,     1, BUF , NHL , L  , 80.0, 22.0,  49.0,  71.0,  34.0, 44.0 ,  1.0,     ,  1.0,     ,  0.0, 0.0, 134.0,    9.0,   1.0,   2.0,     3.0,     2.0,        ,     0.0,        ,     1.0,        ,     0.0,      
ramsacr01, 1976,     1, BUF , NHL , L  , 80.0, 20.0,  41.0,  61.0,  20.0, 37.0 ,  2.0,     ,  3.0,     ,  2.0, 1.0, 145.0,    6.0,   0.0,   4.0,     4.0,     0.0,        ,     0.0,        ,     0.0,        ,     0.0,      
ramsacr01, 1977,     1, BUF , NHL , L  , 80.0, 28.0,  43.0,  71.0,  18.0, 38.0 ,  2.0,     ,  5.0,     ,  3.0, 2.0, 159.0,    8.0,   3.0,   1.0,     4.0,     9.0,        ,     1.0,        ,     0.0,        ,     1.0,      
ramsacr01, 1978,     1, BUF , NHL , L  , 80.0, 26.0,  31.0,  57.0,  10.0, 21.0 ,  4.0,     ,  3.0,     ,  3.0, 3.0, 113.0,    3.0,   1.0,   0.0,     1.0,     2.0,        ,     0.0,        ,     0.0,        ,     0.0,      
ramsacr01, 1979,     1, BUF , NHL , L  , 80.0, 21.0,  39.0,  60.0,  18.0, 15.0 ,  5.0,     ,  0.0,     ,  4.0, 1.0, 103.0,   10.0,   0.0,   6.0,     6.0,     4.0,        ,     0.0,        ,     0.0,        ,     0.0,      
ramsacr01, 1980,     1, BUF , NHL , L  , 80.0, 24.0,  35.0,  59.0,  12.0, 39.0 ,  1.0,     ,  1.0,     ,  3.0, 2.0, 110.0,    8.0,   2.0,   4.0,     6.0,     4.0,        ,     0.0,        ,     0.0,        ,     1.0,      
ramsacr01, 1981,     1, BUF , NHL , L  , 80.0, 16.0,  35.0,  51.0,   8.0, 14.0 ,  0.0,     ,  1.0,     ,  2.0, 1.0, 109.0,    4.0,   1.0,   1.0,     2.0,     0.0,        ,     0.0,        ,     0.0,        ,     1.0,      
ramsacr01, 1982,     1, BUF , NHL , L  , 64.0, 11.0,  18.0,  29.0,   7.0, 14.0 ,  0.0,     ,  3.0,     ,  1.0, 2.0,  87.0,   10.0,   2.0,   3.0,     5.0,     4.0,        ,     0.0,        ,     0.0,        ,     0.0,      
ramsacr01, 1983,     1, BUF , NHL , L  , 76.0,  9.0,  17.0,  26.0,  17.0, 3.0  ,  0.0,     ,  0.0,     ,  0.0, 0.0,  97.0,    3.0,   0.0,   1.0,     1.0,     0.0, -3.0   ,     0.0,        ,     0.0,        ,     0.0,     1.0
ramsacr01, 1984,     1, BUF , NHL , L  , 79.0, 12.0,  21.0,  33.0,  16.0, 17.0 ,  0.0,     ,  0.0,     ,  1.0, 0.0,  71.0,    5.0,   1.0,   1.0,     2.0,     0.0, -3.0   ,     0.0,        ,     0.0,        ,     0.0,     6.0
ramsale01, 1944,     1, CHI , NHL , C  , 11.0,  2.0,   2.0,   4.0,   2.0,      ,     ,     ,     ,     ,     ,    ,      ,       ,      ,      ,        ,        ,        ,        ,        ,        ,        ,        ,      
ramsemi01, 1979,     1, BUF , NHL , D  , 13.0,  1.0,   6.0,   7.0,   6.0, 9.0  ,  0.0,     ,  0.0,     ,  1.0, 0.0,  17.0,   13.0,   1.0,   2.0,     3.0,    12.0,        ,     1.0,        ,     0.0,        ,     1.0,      
ramsemi01, 1980,     1, BUF , NHL , D  , 72.0,  3.0,  14.0,  17.0,  56.0, 16.0 ,  0.0,     ,  0.0,     ,  1.0, 0.0,  50.0,    8.0,   0.0,   3.0,     3.0,    20.0,        ,     0.0,        ,     0.0,        ,     0.0,      
ramsemi01, 1981,     1, BUF , NHL , D  , 80.0,  7.0,  23.0,  30.0,  56.0, 18.0 ,  2.0,     ,  0.0,     ,  0.0, 0.0,  94.0,    4.0,   1.0,   1.0,     2.0,    14.0,        ,     0.0,        ,     0.0,        ,     0.0,      
ramsemi01, 1982,     1, BUF , NHL , D  , 77.0,  8.0,  30.0,  38.0,  55.0, 20.0 ,  1.0,     ,  1.0,     ,  1.0, 0.0, 116.0,   10.0,   4.0,   4.0,     8.0,    15.0,        ,     0.0,        ,     0.0,        ,     1.0,      
ramsemi01, 1983,     1, BUF , NHL , D  , 72.0,  9.0,  22.0,  31.0,  82.0, 27.0 ,  1.0,     ,  0.0,     ,  4.0, 0.0, 134.0,    3.0,   0.0,   1.0,     1.0,     6.0, -2.0   ,     0.0,        ,     0.0,        ,     0.0,     6.0
ramsemi01, 1984,     1, BUF , NHL , D  , 79.0,  8.0,  22.0,  30.0, 102.0, 31.0 ,  3.0,     ,  0.0,     ,  2.0, 0.0, 160.0,    5.0,   0.0,   1.0,     1.0,    23.0, 0.0    ,     0.0,        ,     0.0,        ,     0.0,    10.0
ramsemi01, 1985,     1, BUF , NHL , D  , 76.0,  7.0,  21.0,  28.0, 117.0, 1.0  ,  1.0,     ,  0.0,     ,  1.0, 1.0, 154.0,       ,      ,      ,        ,        ,        ,        ,        ,        ,        ,        ,      
ramsemi01, 1986,     1, BUF , NHL , D  , 80.0,  8.0,  31.0,  39.0, 109.0, 1.0  ,  2.0,     ,  1.0,     ,  0.0, 0.0, 154.0,       ,      ,      ,        ,        ,        ,        ,        ,        ,        ,        ,      
ramsemi01, 1987,     1, BUF , NHL , D  , 63.0,  5.0,  16.0,  21.0,  77.0, 6.0  ,  1.0,  8.0,  0.0,  0.0,  0.0, 0.0,  94.0,    6.0,   0.0,   3.0,     3.0,    29.0, -4.0   ,     0.0,     2.0,     0.0,     0.0,     0.0,     6.0
ramsemi01, 1988,     1, BUF , NHL , D  , 56.0,  2.0,  14.0,  16.0,  84.0, 5.0  ,  0.0,  3.0,  0.0,  1.0,  1.0, 0.0,  63.0,    5.0,   1.0,   0.0,     1.0,    11.0, 0.0    ,     1.0,     0.0,     0.0,     0.0,     0.0,     6.0
ramsemi01, 1989,     1, BUF , NHL , D  , 73.0,  4.0,  21.0,  25.0,  47.0, 21.0 ,  1.0,  4.0,  0.0,  1.0,  2.0, 0.0,  91.0,    6.0,   0.0,   1.0,     1.0,     8.0, -7.0   ,     0.0,     0.0,     0.0,     0.0,     0.0,     8.0
ramsemi01, 1990,     1, BUF , NHL , D  , 71.0,  6.0,  14.0,  20.0,  46.0, 14.0 ,  0.0,  0.0,  0.0,  1.0,  1.0, 0.0,  87.0,    5.0,   1.0,   0.0,     1.0,    12.0, 0.0    ,     0.0,     0.0,     0.0,     0.0,     1.0,     8.0
ramsemi01, 1991,     1, BUF , NHL , D  , 66.0,  3.0,  14.0,  17.0,  67.0, 8.0  ,  0.0,  1.0,  0.0,  0.0,  1.0, 0.0,  55.0,    7.0,   0.0,   2.0,     2.0,     8.0, 1.0    ,     0.0,     1.0,     0.0,     0.0,     0.0,     3.0
ramsemi01, 1992,     1, BUF , NHL , D  , 33.0,  2.0,   8.0,  10.0,  20.0, 4.0  ,  0.0,  0.0,  0.0,  0.0,  0.0, 0.0,  27.0,       ,      ,      ,        ,        ,        ,        ,        ,        ,        ,        ,      
ramsemi01, 1992,     2, PIT , NHL , D  , 12.0,  1.0,   2.0,   3.0,   8.0, 13.0 ,  0.0,  0.0,  0.0,  0.0,  0.0, 0.0,   8.0,   12.0,   0.0,   6.0,     6.0,     4.0, 10.0   ,     0.0,     0.0,     0.0,     0.0,     0.0,    10.0
ramsemi01, 1993,     1, PIT , NHL , D  , 65.0,  2.0,   2.0,   4.0,  22.0, -4.0 ,  0.0,  0.0,  0.0,  0.0,  0.0, 0.0,  31.0,    1.0,   0.0,   0.0,     0.0,     0.0, 0.0    ,     0.0,     0.0,     0.0,     0.0,     0.0,     2.0
ramsemi01, 1994,     1, DET , NHL , D  , 33.0,  1.0,   2.0,   3.0,  23.0, 11.0 ,  0.0,  0.0,  0.0,  0.0,  0.0, 0.0,  29.0,   15.0,   0.0,   1.0,     1.0,     4.0, 2.0    ,     0.0,     0.0,     0.0,     0.0,     0.0,     7.0
ramsemi01, 1995,     1, DET , NHL , D  , 47.0,  2.0,   4.0,   6.0,  35.0, 17.0 ,  0.0,  0.0,  0.0,  0.0,  0.0, 0.0,  35.0,   15.0,   0.0,   4.0,     4.0,    10.0, 1.0    ,     0.0,     0.0,     0.0,     0.0,     0.0,    11.0
ramsemi01, 1996,     1, DET , NHL , D  ,  2.0,  0.0,   0.0,   0.0,   0.0, 0.0  ,  0.0,  0.0,  0.0,  0.0,  0.0, 0.0,   3.0,       ,      ,      ,        ,        ,        ,        ,        ,        ,        ,        ,      
ramsewa01, 1977,     1, BUF , NHL , D  ,  2.0,  0.0,   0.0,   0.0,   0.0, 0.0  ,  0.0,     ,  0.0,     ,  0.0, 0.0,   0.0,       ,      ,      ,        ,        ,        ,        ,        ,        ,        ,        ,      
randake01, 1911,     1, MOW , NHA ,    ,  1.0,  0.0,   0.0,   0.0,   0.0,      ,     ,     ,     ,     ,     ,    ,      ,       ,      ,      ,        ,        ,        ,        ,        ,        ,        ,        ,      
randake01, 1912,     1, TBS , NHA ,    ,  2.0,  0.0,   0.0,   0.0,   0.0,      ,     ,     ,     ,     ,     ,    ,      ,       ,      ,      ,        ,        ,        ,        ,        ,        ,        ,        ,      
randake01, 1915,     1, TBS , NHA ,    , 24.0,  7.0,   5.0,  12.0, 111.0,      ,     ,     ,     ,     ,     ,    ,      ,       ,      ,      ,        ,        ,        ,        ,        ,        ,        ,        ,      
randake01, 1916,     1, TBS , NHA ,    , 13.0,  8.0,   0.0,   8.0,  42.0,      ,     ,     ,     ,     ,     ,    ,      ,       ,      ,      ,        ,        ,        ,        ,        ,        ,        ,        ,      
randake01, 1916,     2, MOW , NHA ,    ,  5.0,  3.0,   0.0,   3.0,  39.0,      ,     ,     ,     ,     ,     ,    ,      ,       ,      ,      ,        ,        ,        ,        ,        ,        ,        ,        ,      
randake01, 1917,     1, TOA , NHL , R/D, 21.0, 12.0,   2.0,  14.0,  96.0,      ,     ,     ,     ,     ,  4.0,    ,      ,    2.0,   1.0,   1.0,     2.0,    12.0,        ,        ,        ,        ,        ,        ,      
randake01, 1918,     1, TOA , NHL , D  , 14.0,  8.0,   6.0,  14.0,  27.0,      ,     ,     ,     ,     ,     ,    ,      ,       ,      ,      ,        ,        ,        ,        ,        ,        ,        ,        ,      
randake01, 1919,     1, TRS , NHL , D  , 22.0, 10.0,   8.0,  18.0,  42.0,      ,     ,     ,     ,     ,     ,    ,      ,       ,      ,      ,        ,        ,        ,        ,        ,        ,        ,        ,      
randake01, 1920,     1, TRS , NHL , D  , 22.0,  6.0,   5.0,  11.0,  74.0,      ,     ,     ,     ,     ,     ,    ,      ,    2.0,   0.0,   0.0,     0.0,    11.0,        ,        ,        ,        ,        ,        ,      
randake01, 1921,     1, TRS , NHL , D/R, 24.0, 10.0,   6.0,  16.0,  32.0,      ,     ,     ,     ,     ,     ,    ,      ,    2.0,   1.0,   0.0,     1.0,     4.0,        ,        ,        ,        ,        ,        ,      
randake01, 1922,     1, TRS , NHL , D/R, 24.0,  3.0,   5.0,   8.0,  58.0,      ,     ,     ,     ,     ,     ,    ,      ,       ,      ,      ,        ,        ,        ,        ,        ,        ,        ,        ,      
randake01, 1923,     1, HAM , NHL , D  , 24.0,  7.0,   6.0,  13.0,  58.0,      ,     ,     ,     ,     ,     ,    ,      ,       ,      ,      ,        ,        ,        ,        ,        ,        ,        ,        ,      
randake01, 1924,     1, HAM , NHL , D  , 30.0,  8.0,  10.0,  18.0,  52.0,      ,     ,     ,     ,     ,     ,    ,      ,       ,      ,      ,        ,        ,        ,        ,        ,        ,        ,        ,      
randake01, 1925,     1, NYA , NHL , D  , 34.0,  4.0,   2.0,   6.0,  94.0,      ,     ,     ,     ,     ,     ,    ,      ,       ,      ,      ,        ,        ,        ,        ,        ,        ,        ,        ,      
randake01, 1926,     1, NYA , NHL , D  ,  3.0,  0.0,   0.0,   0.0,   0.0,      ,     ,     ,     ,     ,     ,    ,      ,       ,      ,      ,        ,        ,        ,        ,        ,        ,        ,        ,      
ranfobi01, 1985,     1, BOS , NHL , G  ,  4.0,  0.0,   0.0,   0.0,   0.0, 0.0  ,  0.0,     ,  0.0,     ,  0.0, 0.0,   0.0,    2.0,   0.0,   0.0,     0.0,     0.0, 0.0    ,     0.0,        ,     0.0,        ,     0.0,     0.0
ranfobi01, 1986,     1, BOS , NHL , G  , 41.0,  0.0,   1.0,   1.0,   8.0, 0.0  ,  0.0,     ,  0.0,     ,  0.0, 0.0,   0.0,    2.0,   0.0,   0.0,     0.0,     0.0, 0.0    ,     0.0,        ,     0.0,        ,     0.0,     0.0
ranfobi01, 1987,     1, EDM , NHL , G  ,  6.0,  0.0,   2.0,   2.0,   0.0, 0.0  ,  0.0,     ,  0.0,     ,  0.0, 0.0,   0.0,       ,      ,      ,        ,        ,        ,        ,        ,        ,        ,        ,      
ranfobi01, 1988,     1, EDM , NHL , G  , 29.0,  0.0,   0.0,   0.0,   2.0, 0.0  ,  0.0,  0.0,  0.0,  0.0,  0.0, 0.0,   0.0,       ,      ,      ,        ,        ,        ,        ,        ,        ,        ,        ,      
ranfobi01, 1989,     1, EDM , NHL , G  , 56.0,  0.0,   2.0,   2.0,  18.0, 0.0  ,  0.0,     ,  0.0,     ,  0.0, 0.0,   0.0,   22.0,   0.0,   2.0,     2.0,     4.0, 0.0    ,     0.0,        ,     0.0,        ,     0.0,     0.0
ranfobi01, 1990,     1, EDM , NHL , G  , 60.0,  0.0,   4.0,   4.0,   6.0, 0.0  ,  0.0,     ,  0.0,     ,  0.0, 0.0,   0.0,    3.0,   0.0,   0.0,     0.0,     0.0, 0.0    ,     0.0,     0.0,     0.0,     0.0,     0.0,     0.0
ranfobi01, 1991,     1, EDM , NHL , G  , 67.0,  0.0,   3.0,   3.0,   4.0, 0.0  ,  0.0,  1.0,  0.0,  0.0,  0.0, 0.0,   0.0,   16.0,   0.0,   0.0,     0.0,     0.0, 0.0    ,     0.0,     0.0,     0.0,     0.0,     0.0,     0.0
ranfobi01, 1992,     1, EDM , NHL , G  , 67.0,  0.0,   3.0,   3.0,  10.0, 0.0  ,  0.0,  0.0,  0.0,  0.0,  0.0, 0.0,   0.0,       ,      ,      ,        ,        ,        ,        ,        ,        ,        ,        ,      
ranfobi01, 1993,     1, EDM , NHL , G  , 71.0,  0.0,   2.0,   2.0,   2.0, 0.0  ,  0.0,  1.0,  0.0,  0.0,  0.0, 0.0,   0.0,       ,      ,      ,        ,        ,        ,        ,        ,        ,        ,        ,      
ranfobi01, 1994,     1, EDM , NHL , G  , 40.0,  0.0,   2.0,   2.0,   2.0, 0.0  ,  0.0,  2.0,  0.0,  0.0,  0.0, 0.0,   0.0,       ,      ,      ,        ,        ,        ,        ,        ,        ,        ,        ,      
ranfobi01, 1995,     1, EDM , NHL , G  , 37.0,  0.0,   1.0,   1.0,   2.0, 0.0  ,  0.0,  1.0,  0.0,  0.0,  0.0, 0.0,   0.0,       ,      ,      ,        ,        ,        ,        ,        ,        ,        ,        ,      
ranfobi01, 1995,     2, BOS , NHL , G  , 40.0,  0.0,   2.0,   2.0,   0.0, 0.0  ,  0.0,  0.0,  0.0,  0.0,  0.0, 0.0,   0.0,    4.0,   0.0,   0.0,     0.0,     0.0, 0.0    ,     0.0,     0.0,     0.0,     0.0,     0.0,     0.0
ranfobi01, 1996,     1, BOS , NHL , G  , 37.0,  0.0,   0.0,   0.0,   0.0, 0.0  ,  0.0,  0.0,  0.0,  0.0,  0.0, 0.0,   0.0,       ,      ,      ,        ,        ,        ,        ,        ,        ,        ,        ,      
ranfobi01, 1996,     2, WAS , NHL , G  , 18.0,  0.0,   1.0,   1.0,   7.0, 0.0  ,  0.0,  0.0,  0.0,  0.0,  0.0, 0.0,   0.0,       ,      ,      ,        ,        ,        ,        ,        ,        ,        ,        ,      
ranfobi01, 1997,     1, WAS , NHL , G  , 22.0,  0.0,   1.0,   1.0,   0.0, 0.0  ,  0.0,  0.0,  0.0,  0.0,  0.0, 0.0,   0.0,       ,      ,      ,        ,        ,        ,        ,        ,        ,        ,        ,      
ranfobi01, 1998,     1, TBL , NHL , G  , 32.0,  0.0,   0.0,   0.0,   2.0, 0.0  ,  0.0,  0.0,  0.0,  0.0,  0.0, 0.0,   0.0,       ,      ,      ,        ,        ,        ,        ,        ,        ,        ,        ,      
ranfobi01, 1998,     2, DET , NHL , G  ,  4.0,  0.0,   0.0,   0.0,   0.0, 0.0  ,  0.0,  0.0,  0.0,  0.0,  0.0, 0.0,   0.0,    4.0,   0.0,   0.0,     0.0,     0.0, 0.0    ,     0.0,     0.0,     0.0,     0.0,     0.0,     0.0
ranfobi01, 1999,     1, EDM , NHL , G  , 16.0,  0.0,   0.0,   0.0,   2.0, 0.0  ,  0.0,  0.0,  0.0,  0.0,  0.0, 0.0,   0.0,       ,      ,      ,        ,        ,        ,        ,        ,        ,        ,        ,      
rangepa01, 2005,     1, TBL , NHL , D  , 76.0,  1.0,  17.0,  18.0,  58.0, 5.0  ,  0.0,  1.0,  0.0,  3.0,  1.0,    ,  73.0,    5.0,   2.0,   4.0,     6.0,     0.0, 0.0    ,     1.0,     0.0,     0.0,     0.0,     0.0,    13.0
rangepa01, 2006,     1, TBL , NHL , D  , 72.0,  4.0,  24.0,  28.0,  42.0, 5.0  ,  0.0,  5.0,  0.0,  1.0,  2.0,    ,  90.0,    6.0,   0.0,   1.0,     1.0,     4.0, 3.0    ,     0.0,     0.0,     0.0,     0.0,     0.0,     6.0
rangepa01, 2007,     1, TBL , NHL , D  , 72.0, 10.0,  21.0,  31.0,  56.0, -13.0,  0.0,  5.0,  1.0,  0.0,  0.0,    , 105.0,       ,      ,      ,        ,        ,        ,        ,        ,        ,        ,        ,      
rangepa01, 2008,     1, TBL , NHL , D  , 42.0,  2.0,  11.0,  13.0,  56.0, -5.0 ,  0.0,  5.0,  0.0,  0.0,  0.0,    ,  69.0,       ,      ,      ,        ,        ,        ,        ,        ,        ,        ,        ,      
rangepa01, 2009,     1, TBL , NHL , D  ,  8.0,  1.0,   1.0,   2.0,   6.0, -2.0 ,  0.0,  0.0,  0.0,  0.0,  0.0,    ,  11.0,       ,      ,      ,        ,        ,        ,        ,        ,        ,        ,        ,      
ranhepa01, 1988,     1, CAL , NHL , L  ,  5.0,  0.0,   0.0,   0.0,   0.0, -3.0 ,  0.0,  0.0,  0.0,  0.0,  0.0, 0.0,   4.0,       ,      ,      ,        ,        ,        ,        ,        ,        ,        ,        ,      
ranhepa01, 1989,     1, CAL , NHL , L  , 80.0, 26.0,  28.0,  54.0,  23.0, 27.0 ,  1.0,  2.0,  3.0,  2.0,  4.0, 2.0, 197.0,    6.0,   1.0,   3.0,     4.0,     2.0, 2.0    ,     0.0,     0.0,     0.0,     0.0,     0.0,    11.0
ranhepa01, 1990,     1, CAL , NHL , L  , 39.0, 14.0,  16.0,  30.0,   4.0, 20.0 ,  2.0,  3.0,  0.0,  1.0,  2.0, 0.0, 108.0,    7.0,   2.0,   2.0,     4.0,     0.0, 0.0    ,     0.0,     0.0,     0.0,     0.0,     0.0,    16.0
ranhepa01, 1991,     1, CAL , NHL , L  , 80.0, 23.0,  20.0,  43.0,  32.0, 16.0 ,  1.0,  0.0,  3.0,  0.0,  3.0, 0.0, 159.0,       ,      ,      ,        ,        ,        ,        ,        ,        ,        ,        ,      
ranhepa01, 1992,     1, CAL , NHL , L  , 83.0, 21.0,  22.0,  43.0,  26.0, -4.0 ,  3.0,  1.0,  4.0,  2.0,  1.0, 0.0, 179.0,    6.0,   0.0,   1.0,     1.0,     0.0, -1.0   ,     0.0,     0.0,     0.0,     0.0,     0.0,     7.0
ranhepa01, 1993,     1, CAL , NHL , L  , 67.0, 10.0,  14.0,  24.0,  20.0, -7.0 ,  0.0,  0.0,  2.0,  2.0,  2.0, 0.0, 110.0,       ,      ,      ,        ,        ,        ,        ,        ,        ,        ,        ,      
ranhepa01, 1993,     2, HAR , NHL , L  , 15.0,  0.0,   3.0,   3.0,   2.0, -11.0,  0.0,  0.0,  0.0,  0.0,  0.0, 0.0,  21.0,       ,      ,      ,        ,        ,        ,        ,        ,        ,        ,        ,      
ranhepa01, 1994,     1, HAR , NHL , L  , 47.0,  6.0,  14.0,  20.0,  10.0, -3.0 ,  0.0,  1.0,  0.0,  0.0,  1.0, 0.0,  73.0,       ,      ,      ,        ,        ,        ,        ,        ,        ,        ,        ,      
ranhepa01, 1995,     1, HAR , NHL , L  , 73.0, 10.0,  20.0,  30.0,  14.0, -2.0 ,  0.0,  2.0,  1.0,  2.0,  1.0, 0.0, 126.0,       ,      ,      ,        ,        ,        ,        ,        ,        ,        ,        ,      
ranhepa01, 1996,     1, HAR , NHL , L  , 67.0, 10.0,  11.0,  21.0,  18.0, -13.0,  0.0,  1.0,  3.0,  1.0,  1.0, 0.0,  96.0,       ,      ,      ,        ,        ,        ,        ,        ,        ,        ,        ,      
ranhepa01, 1997,     1, CAR , NHL , L  , 73.0,  5.0,   9.0,  14.0,  28.0, -11.0,  0.0,  0.0,  1.0,  0.0,  2.0, 0.0,  77.0,       ,      ,      ,        ,        ,        ,        ,        ,        ,        ,        ,      
ranhepa01, 1998,     1, CAR , NHL , L  , 78.0,  9.0,  10.0,  19.0,  39.0, 4.0  ,  0.0,  0.0,  2.0,  0.0,  1.0, 0.0,  67.0,    6.0,   0.0,   0.0,     0.0,     2.0, 0.0    ,     0.0,     0.0,     0.0,     0.0,     0.0,     5.0
ranhepa01, 1999,     1, CAR , NHL , L  , 79.0,  9.0,  13.0,  22.0,   6.0, -14.0,  0.0,  2.0,  0.0,  0.0,  2.0, 0.0,  98.0,       ,      ,      ,        ,        ,        ,        ,        ,        ,        ,        ,      
ranhepa01, 2000,     1, PHI , NHL , L  , 80.0, 10.0,   7.0,  17.0,  14.0, 2.0  ,  0.0,  0.0,  2.0,  2.0,  0.0, 1.0, 123.0,    6.0,   0.0,   2.0,     2.0,     2.0, 2.0    ,     0.0,     0.0,     0.0,     1.0,     0.0,     4.0
ranhepa01, 2001,     1, PHI , NHL , R  , 79.0,  5.0,   4.0,   9.0,  36.0, 5.0  ,  1.0,  0.0,  0.0,  0.0,  0.0, 0.0,  75.0,    5.0,   0.0,   0.0,     0.0,     0.0, -2.0   ,     0.0,     0.0,     0.0,     0.0,     0.0,     1.0
ranhepa01, 2002,     1, PHI , NHL , R  , 28.0,  0.0,   4.0,   4.0,   6.0, -4.0 ,  0.0,  0.0,  0.0,  1.0,  0.0, 0.0,  37.0,       ,      ,      ,        ,        ,        ,        ,        ,        ,        ,        ,      
ranhepa01, 2002,     2, PHO , NHL , R  , 40.0,  3.0,   4.0,   7.0,  10.0, -4.0 ,  0.0,  0.0,  0.0,  1.0,  0.0, 0.0,  34.0,       ,      ,      ,        ,        ,        ,        ,        ,        ,        ,        ,      
raniege01, 1956,     1, BOS , NHL , L  ,  2.0,  0.0,   0.0,   0.0,   0.0,      ,     ,     ,     ,     ,     ,    ,      ,       ,      ,      ,        ,        ,        ,        ,        ,        ,        ,        ,      
rankire01, 1913,     1, TOO , NHA , G  ,  1.0,  0.0,   0.0,   0.0,   0.0,      ,     ,     ,     ,     ,     ,    ,      ,       ,      ,      ,        ,        ,        ,        ,        ,        ,        ,        ,      
rasktu01 , 2007,     1, BOS , NHL , G  ,  4.0,  0.0,   0.0,   0.0,   0.0, 0.0  ,  0.0,  0.0,  0.0,  0.0,  0.0,    ,   0.0,       ,      ,      ,        ,        ,        ,        ,        ,        ,        ,        ,      
rasktu01 , 2008,     1, BOS , NHL , G  ,  1.0,  0.0,   0.0,   0.0,   0.0, 0.0  ,  0.0,  0.0,  0.0,  0.0,  0.0,    ,   0.0,       ,      ,      ,        ,        ,        ,        ,        ,        ,        ,        ,      
rasktu01 , 2009,     1, BOS , NHL , G  , 45.0,  0.0,   3.0,   3.0,   2.0, 0.0  ,  0.0,  1.0,  0.0,  0.0,  0.0,    ,   0.0,   13.0,   0.0,   1.0,     1.0,     0.0, 0.0    ,     0.0,     1.0,     0.0,     0.0,     0.0,     0.0
rasmuer01, 1997,     1, BUF , NHL , C  , 21.0,  2.0,   3.0,   5.0,  14.0, 2.0  ,  0.0,  0.0,  0.0,  0.0,  0.0, 0.0,  28.0,       ,      ,      ,        ,        ,        ,        ,        ,        ,        ,        ,      
rasmuer01, 1998,     1, BUF , NHL , C  , 42.0,  3.0,   7.0,  10.0,  37.0, 6.0  ,  0.0,  0.0,  0.0,  0.0,  0.0, 0.0,  40.0,   21.0,   2.0,   4.0,     6.0,    18.0, 2.0    ,     0.0,     0.0,     0.0,     0.0,     1.0,    23.0
rasmuer01, 1999,     1, BUF , NHL , C  , 67.0,  8.0,   6.0,  14.0,  43.0, 1.0  ,  0.0,  1.0,  0.0,  0.0,  2.0, 0.0,  76.0,    3.0,   0.0,   0.0,     0.0,     4.0, 0.0    ,     0.0,     0.0,     0.0,     0.0,     0.0,     5.0
rasmuer01, 2000,     1, BUF , NHL , L  , 82.0, 12.0,  19.0,  31.0,  51.0, 0.0  ,  1.0,  1.0,  0.0,  0.0,  3.0, 0.0,  95.0,    3.0,   0.0,   1.0,     1.0,     0.0, 2.0    ,     0.0,     0.0,     0.0,     0.0,     0.0,     8.0
rasmuer01, 2001,     1, BUF , NHL , L  , 69.0,  8.0,  11.0,  19.0,  34.0, -1.0 ,  0.0,  0.0,  0.0,  0.0,  2.0, 0.0,  89.0,       ,      ,      ,        ,        ,        ,        ,        ,        ,        ,        ,      
rasmuer01, 2002,     1, LAK , NHL , C  , 57.0,  4.0,  12.0,  16.0,  28.0, -1.0 ,  0.0,  1.0,  0.0,  0.0,  1.0, 0.0,  75.0,       ,      ,      ,        ,        ,        ,        ,        ,        ,        ,        ,      
rasmuer01, 2003,     1, NJD , NHL , L  , 69.0,  7.0,   6.0,  13.0,  41.0, 5.0  ,  0.0,  1.0,  0.0,  0.0,  0.0, 1.0,  68.0,    5.0,   0.0,   2.0,     2.0,     2.0, 1.0    ,     0.0,     0.0,     0.0,     0.0,     0.0,     4.0
rasmuer01, 2005,     1, NJD , NHL , C  , 67.0,  5.0,   5.0,  10.0,  32.0, -4.0 ,  1.0,  0.0,  0.0,  0.0,  0.0,    ,  45.0,    9.0,   0.0,   0.0,     0.0,     8.0, -1.0   ,     0.0,     0.0,     0.0,     0.0,     0.0,     4.0
rasmuer01, 2006,     1, NJD , NHL , C  , 71.0,  3.0,   7.0,  10.0,  25.0, -3.0 ,  0.0,  0.0,  0.0,  0.0,  0.0,    ,  80.0,   11.0,   0.0,   0.0,     0.0,    14.0, -1.0   ,     0.0,     0.0,     0.0,     0.0,     0.0,     4.0
ratchpe01, 1998,     1, FLO , NHL , D  , 24.0,  1.0,   1.0,   2.0,  10.0, -1.0 ,  0.0,  0.0,  0.0,  0.0,  0.0, 0.0,  34.0,       ,      ,      ,        ,        ,        ,        ,        ,        ,        ,        ,      
ratchpe01, 2000,     1, FLO , NHL , D  ,  8.0,  0.0,   0.0,   0.0,   0.0, -1.0 ,  0.0,  0.0,  0.0,  0.0,  0.0, 0.0,  11.0,       ,      ,      ,        ,        ,        ,        ,        ,        ,        ,        ,      
ratelje01, 1960,     1, NYR , NHL , C  ,  3.0,  2.0,   1.0,   3.0,   0.0,      ,     ,     ,     ,     ,     ,    ,      ,       ,      ,      ,        ,        ,        ,        ,        ,        ,        ,        ,      
ratelje01, 1961,     1, NYR , NHL , C  , 31.0,  4.0,   8.0,  12.0,   4.0,      ,     ,     ,     ,     ,     ,    ,      ,       ,      ,      ,        ,        ,        ,        ,        ,        ,        ,        ,      
ratelje01, 1962,     1, NYR , NHL , C  , 48.0, 11.0,   9.0,  20.0,   8.0,      ,     ,     ,     ,     ,     ,    ,      ,       ,      ,      ,        ,        ,        ,        ,        ,        ,        ,        ,      
ratelje01, 1963,     1, NYR , NHL , C  , 15.0,  0.0,   7.0,   7.0,   6.0,      ,  0.0,     ,  0.0,     ,  0.0, 0.0,      ,       ,      ,      ,        ,        ,        ,        ,        ,        ,        ,        ,      
ratelje01, 1964,     1, NYR , NHL , C  , 54.0, 14.0,  21.0,  35.0,  14.0,      ,  2.0,     ,  0.0,     ,  1.0, 2.0,      ,       ,      ,      ,        ,        ,        ,        ,        ,        ,        ,        ,      
ratelje01, 1965,     1, NYR , NHL , C  , 67.0, 21.0,  30.0,  51.0,  10.0,      ,  4.0,     ,  0.0,     ,  2.0, 1.0,      ,       ,      ,      ,        ,        ,        ,        ,        ,        ,        ,        ,      
ratelje01, 1966,     1, NYR , NHL , C  , 41.0,  6.0,   5.0,  11.0,   4.0,      ,  2.0,     ,  0.0,     ,  1.0, 0.0,      ,    4.0,   0.0,   0.0,     0.0,     2.0,        ,        ,        ,        ,        ,     0.0,      
ratelje01, 1967,     1, NYR , NHL , C  , 74.0, 32.0,  46.0,  78.0,  18.0, 23.0 , 10.0,     ,  0.0,     ,  5.0, 1.0, 180.0,    6.0,   0.0,   4.0,     4.0,     2.0,        ,     0.0,        ,     0.0,        ,     0.0,      
ratelje01, 1968,     1, NYR , NHL , C  , 75.0, 32.0,  46.0,  78.0,  26.0, 16.0 ,  8.0,     ,  0.0,     ,  4.0, 2.0, 204.0,    4.0,   1.0,   0.0,     1.0,     0.0,        ,     1.0,        ,     0.0,        ,     0.0,      
ratelje01, 1969,     1, NYR , NHL , C  , 75.0, 32.0,  42.0,  74.0,  28.0, 8.0  , 10.0,     ,  0.0,     ,  6.0, 2.0, 198.0,    6.0,   1.0,   3.0,     4.0,     0.0,        ,     0.0,        ,     0.0,        ,     0.0,      
ratelje01, 1970,     1, NYR , NHL , C  , 78.0, 26.0,  46.0,  72.0,  14.0, 28.0 ,  6.0,     ,  1.0,     ,  3.0, 3.0, 203.0,   13.0,   2.0,   9.0,    11.0,     8.0,        ,     0.0,        ,     0.0,        ,     0.0,      
ratelje01, 1971,     1, NYR , NHL , C  , 63.0, 46.0,  63.0, 109.0,   4.0, 61.0 ,  5.0,     ,  1.0,     ,  6.0, 2.0, 183.0,    6.0,   0.0,   1.0,     1.0,     0.0,        ,     0.0,        ,     0.0,        ,     0.0,      
ratelje01, 1972,     1, NYR , NHL , C  , 78.0, 41.0,  53.0,  94.0,  12.0, 24.0 , 11.0,     ,  0.0,     ,  4.0, 0.0, 241.0,   10.0,   2.0,   7.0,     9.0,     0.0,        ,     1.0,        ,     0.0,        ,     0.0,      
ratelje01, 1973,     1, NYR , NHL , C  , 68.0, 28.0,  39.0,  67.0,  16.0, 5.0  ,  6.0,     ,  0.0,     ,  3.0, 3.0, 165.0,   13.0,   2.0,   4.0,     6.0,     0.0,        ,     0.0,        ,     0.0,        ,     1.0,      
ratelje01, 1974,     1, NYR , NHL , C  , 79.0, 36.0,  55.0,  91.0,  26.0, 1.0  , 16.0,     ,  0.0,     ,  6.0, 1.0, 205.0,    3.0,   1.0,   5.0,     6.0,     2.0,        ,     1.0,        ,     0.0,        ,     0.0,      
ratelje01, 1975,     1, NYR , NHL , C  , 13.0,  5.0,  10.0,  15.0,   2.0, 2.0  ,  2.0,     ,  0.0,     ,  1.0, 0.0,  28.0,       ,      ,      ,        ,        ,        ,        ,        ,        ,        ,        ,      
ratelje01, 1975,     2, BOS , NHL , C  , 67.0, 31.0,  59.0,  90.0,  16.0, 17.0 , 15.0,     ,  1.0,     ,  3.0, 1.0, 186.0,   12.0,   8.0,   8.0,    16.0,     4.0,        ,     5.0,        ,     0.0,        ,     1.0,      
ratelje01, 1976,     1, BOS , NHL , C  , 78.0, 33.0,  61.0,  94.0,  22.0, 19.0 ,  8.0,     ,  1.0,     ,  6.0, 0.0, 186.0,   14.0,   5.0,  12.0,    17.0,     4.0,        ,     1.0,        ,     0.0,        ,     1.0,      
ratelje01, 1977,     1, BOS , NHL , C  , 80.0, 25.0,  59.0,  84.0,  10.0, 49.0 ,  3.0,     ,  0.0,     ,  5.0, 1.0, 158.0,   15.0,   3.0,   7.0,    10.0,     0.0,        ,     0.0,        ,     0.0,        ,     0.0,      
ratelje01, 1978,     1, BOS , NHL , C  , 80.0, 27.0,  45.0,  72.0,  12.0, 17.0 , 11.0,     ,  0.0,     ,  5.0, 1.0, 137.0,   11.0,   7.0,   6.0,    13.0,     2.0,        ,     2.0,        ,     0.0,        ,     2.0,      
ratelje01, 1979,     1, BOS , NHL , C  , 67.0, 28.0,  45.0,  73.0,   8.0, 11.0 , 14.0,     ,  0.0,     ,  1.0, 0.0, 145.0,    3.0,   0.0,   0.0,     0.0,     0.0,        ,     0.0,        ,     0.0,        ,     0.0,      
ratelje01, 1980,     1, BOS , NHL , C  , 47.0, 11.0,  26.0,  37.0,  16.0, 18.0 ,  4.0,     ,  0.0,     ,  2.0, 0.0,  62.0,    3.0,   0.0,   0.0,     0.0,     0.0,        ,     0.0,        ,     0.0,        ,     0.0,      
rathjmi01, 1993,     1, SJS , NHL , D  , 47.0,  1.0,   9.0,  10.0,  59.0, -9.0 ,  1.0,  1.0,  0.0,  0.0,  0.0, 0.0,  30.0,    1.0,   0.0,   0.0,     0.0,     0.0, 1.0    ,     0.0,     0.0,     0.0,     0.0,     0.0,     0.0
rathjmi01, 1994,     1, SJS , NHL , D  , 42.0,  2.0,   7.0,   9.0,  29.0, -1.0 ,  0.0,  2.0,  0.0,  0.0,  0.0, 0.0,  38.0,   11.0,   5.0,   2.0,     7.0,     4.0, -15.0  ,     5.0,     0.0,     0.0,     0.0,     0.0,    18.0
rathjmi01, 1995,     1, SJS , NHL , D  , 27.0,  0.0,   7.0,   7.0,  14.0, -16.0,  0.0,  4.0,  0.0,  0.0,  0.0, 0.0,  26.0,       ,      ,      ,        ,        ,        ,        ,        ,        ,        ,        ,      
rathjmi01, 1996,     1, SJS , NHL , D  , 31.0,  0.0,   8.0,   8.0,  21.0, -1.0 ,  0.0,  1.0,  0.0,  0.0,  0.0, 0.0,  22.0,       ,      ,      ,        ,        ,        ,        ,        ,        ,        ,        ,      
rathjmi01, 1997,     1, SJS , NHL , D  , 81.0,  3.0,  12.0,  15.0,  59.0, -4.0 ,  1.0,  1.0,  0.0,  0.0,  0.0, 0.0,  61.0,    6.0,   1.0,   0.0,     1.0,     6.0, -3.0   ,     1.0,     0.0,     0.0,     0.0,     0.0,     2.0
rathjmi01, 1998,     1, SJS , NHL , D  , 82.0,  5.0,   9.0,  14.0,  36.0, 15.0 ,  2.0,  2.0,  0.0,  2.0,  1.0, 0.0,  67.0,    6.0,   0.0,   0.0,     0.0,     4.0, -6.0   ,     0.0,     0.0,     0.0,     0.0,     0.0,     4.0
rathjmi01, 1999,     1, SJS , NHL , D  , 66.0,  2.0,  14.0,  16.0,  31.0, -2.0 ,  0.0,  5.0,  0.0,  0.0,  0.0, 0.0,  46.0,   12.0,   1.0,   3.0,     4.0,     8.0, 1.0    ,     0.0,     0.0,     0.0,     0.0,     0.0,     8.0
rathjmi01, 2000,     1, SJS , NHL , D  , 81.0,  0.0,  11.0,  11.0,  48.0, 7.0  ,  0.0,  3.0,  0.0,  0.0,  0.0, 0.0,  89.0,    6.0,   0.0,   1.0,     1.0,     4.0, 2.0    ,     0.0,     0.0,     0.0,     0.0,     0.0,     5.0
rathjmi01, 2001,     1, SJS , NHL , D  , 52.0,  5.0,  12.0,  17.0,  48.0, 23.0 ,  4.0,  2.0,  0.0,  1.0,  0.0, 0.0,  56.0,   12.0,   1.0,   3.0,     4.0,     6.0, 5.0    ,     1.0,     0.0,     0.0,     0.0,     0.0,    10.0
rathjmi01, 2002,     1, SJS , NHL , D  , 82.0,  7.0,  22.0,  29.0,  48.0, -19.0,  3.0, 12.0,  0.0,  0.0,  1.0, 0.0, 147.0,       ,      ,      ,        ,        ,        ,        ,        ,        ,        ,        ,      
rathjmi01, 2003,     1, SJS , NHL , D  , 80.0,  2.0,  17.0,  19.0,  46.0, 18.0 ,  0.0,  5.0,  1.0,  3.0,  0.0, 0.0, 105.0,   17.0,   1.0,   5.0,     6.0,    13.0, 1.0    ,     0.0,     1.0,     0.0,     0.0,     0.0,    14.0
rathjmi01, 2005,     1, PHI , NHL , D  , 79.0,  3.0,  21.0,  24.0,  46.0, 22.0 ,  1.0,  3.0,  1.0,  0.0,  1.0,    ,  55.0,    6.0,   0.0,   0.0,     0.0,     6.0, -1.0   ,     0.0,     0.0,     0.0,     0.0,     0.0,     3.0
rathjmi01, 2006,     1, PHI , NHL , D  , 18.0,  0.0,   1.0,   1.0,   6.0, -7.0 ,  0.0,  0.0,  0.0,  0.0,  0.0,    ,  13.0,       ,      ,      ,        ,        ,        ,        ,        ,        ,        ,        ,      
rathwja01, 1974,     1, BOS , NHL , R  ,  1.0,  0.0,   0.0,   0.0,   0.0, 0.0  ,  0.0,     ,  0.0,     ,  0.0, 0.0,   0.0,       ,      ,      ,        ,        ,        ,        ,        ,        ,        ,        ,      
ratusda01, 1992,     1, VAN , NHL , D  ,  1.0,  0.0,   1.0,   1.0,   2.0, 0.0  ,  0.0,  0.0,  0.0,  0.0,  0.0, 0.0,   2.0,       ,      ,      ,        ,        ,        ,        ,        ,        ,        ,        ,      
rausser01, 1979,     1, WAS , NHL , L  , 24.0,  6.0,   2.0,   8.0,   0.0, 4.0  ,  0.0,     ,  0.0,     ,  0.0, 1.0,  24.0,       ,      ,      ,        ,        ,        ,        ,        ,        ,        ,        ,      
rausser01, 1980,     1, WAS , NHL , L  ,  5.0,  1.0,   1.0,   2.0,   0.0, 1.0  ,  0.0,     ,  0.0,     ,  0.0, 0.0,   3.0,       ,      ,      ,        ,        ,        ,        ,        ,        ,        ,        ,      
rausser01, 1981,     1, WAS , NHL , L  ,  2.0,  0.0,   0.0,   0.0,   0.0, -2.0 ,  0.0,     ,  0.0,     ,  0.0, 0.0,   0.0,       ,      ,      ,        ,        ,        ,        ,        ,        ,        ,        ,      
rautape01, 1975,     1, PHR , WHA , D  , 73.0, 11.0,  39.0,  50.0,   8.0, 25.0 ,  3.0,     ,  0.0,     ,  2.0,    , 191.0,    5.0,   0.0,   2.0,     2.0,     0.0, 4.0    ,        ,        ,        ,        ,        ,      
rautape01, 1976,     1, PHR , WHA , D  , 78.0,  4.0,  31.0,  35.0,   8.0, -24.0,  2.0,     ,  0.0,     ,     ,    , 147.0,       ,      ,      ,        ,        ,        ,        ,        ,        ,        ,        ,      
rautape01, 1979,     1, ATF , NHL , D  , 79.0,  5.0,  25.0,  30.0,  18.0, 22.0 ,  1.0,     ,  0.0,     ,  1.0, 0.0, 104.0,    4.0,   0.0,   1.0,     1.0,     2.0,        ,     0.0,        ,     0.0,        ,     0.0,      
rautape01, 1980,     1, CAL , NHL , D  , 76.0, 11.0,  45.0,  56.0,  64.0, -1.0 ,  3.0,     ,  0.0,     ,  1.0, 0.0, 129.0,   16.0,   2.0,   4.0,     6.0,     6.0,        ,     1.0,        ,     0.0,        ,     0.0,      
rautape01, 1981,     1, CAL , NHL , D  , 80.0, 17.0,  51.0,  68.0,  40.0, -8.0 ,  5.0,     ,  0.0,     ,  3.0, 3.0, 176.0,    3.0,   0.0,   0.0,     0.0,     0.0,        ,     0.0,        ,     0.0,        ,     0.0,      
ravlima01, 1962,     1, BOS , NHL , D  ,  2.0,  1.0,   0.0,   1.0,   0.0,      ,     ,     ,     ,     ,     ,    ,      ,       ,      ,      ,        ,        ,        ,        ,        ,        ,        ,        ,      
ravlima01, 1964,     1, CHI , NHL , D  , 61.0,  3.0,  16.0,  19.0,  80.0,      ,  0.0,     ,  0.0,     ,  0.0, 0.0,      ,   14.0,   1.0,   4.0,     5.0,    14.0,        ,        ,        ,        ,        ,     0.0,      
ravlima01, 1965,     1, CHI , NHL , D  , 62.0,  0.0,  16.0,  16.0,  78.0,      ,  0.0,     ,  0.0,     ,  0.0, 0.0,      ,    6.0,   0.0,   1.0,     1.0,     2.0,        ,        ,        ,        ,        ,     0.0,      
ravlima01, 1966,     1, CHI , NHL , D  , 62.0,  0.0,   3.0,   3.0,  39.0,      ,  0.0,     ,  0.0,     ,  0.0, 0.0,      ,       ,      ,      ,        ,        ,        ,        ,        ,        ,        ,        ,      
ravlima01, 1967,     1, CHI , NHL , D  ,     ,     ,      ,      ,      ,      ,     ,     ,     ,     ,     ,    ,      ,    4.0,   0.0,   0.0,     0.0,     0.0,        ,     0.0,        ,     0.0,        ,     0.0,      
ravlima01, 1968,     1, CHI , NHL , D  , 60.0,  2.0,  12.0,  14.0,  57.0, 20.0 ,  0.0,     ,  0.0,     ,  0.0, 0.0,  74.0,       ,      ,      ,        ,        ,        ,        ,        ,        ,        ,        ,      
ravlima01, 1969,     1, DET , NHL , D  , 46.0,  0.0,   6.0,   6.0,  33.0, 7.0  ,  0.0,     ,  0.0,     ,  0.0, 0.0,  25.0,       ,      ,      ,        ,        ,        ,        ,        ,        ,        ,        ,      
ravlima01, 1969,     2, LAK , NHL , D  , 21.0,  3.0,   7.0,  10.0,  34.0, -8.0 ,  0.0,     ,  0.0,     ,  1.0, 0.0,  19.0,       ,      ,      ,        ,        ,        ,        ,        ,        ,        ,        ,      
ravlima01, 1970,     1, LAK , NHL , D  , 66.0,  3.0,  16.0,  19.0,  41.0, -14.0,  0.0,     ,  0.0,     ,  1.0, 0.0,  57.0,       ,      ,      ,        ,        ,        ,        ,        ,        ,        ,        ,      
ravlima01, 1971,     1, BOS , NHL , D  , 25.0,  0.0,   1.0,   1.0,   2.0, 4.0  ,  0.0,     ,  0.0,     ,  0.0, 0.0,  13.0,       ,      ,      ,        ,        ,        ,        ,        ,        ,        ,        ,      
ravlima01, 1972,     1, BOS , NHL , D  ,  5.0,  0.0,   1.0,   1.0,   0.0, -5.0 ,  0.0,     ,  0.0,     ,  0.0, 0.0,   1.0,       ,      ,      ,        ,        ,        ,        ,        ,        ,        ,        ,      
raycran01, 2000,     1, BOS , NHL , G  , 15.0,  0.0,   0.0,   0.0,   0.0, 0.0  ,  0.0,  0.0,  0.0,  0.0,  0.0, 0.0,   0.0,       ,      ,      ,        ,        ,        ,        ,        ,        ,        ,        ,      
raycran01, 2001,     1, BOS , NHL , G  ,  1.0,  0.0,   0.0,   0.0,   0.0, 0.0  ,  0.0,  0.0,  0.0,  0.0,  0.0, 0.0,   0.0,       ,      ,      ,        ,        ,        ,        ,        ,        ,        ,        ,      
raycran01, 2002,     1, BOS , NHL , G  ,  5.0,  0.0,   0.0,   0.0,   0.0, 0.0  ,  0.0,  0.0,  0.0,  0.0,  0.0, 0.0,   0.0,       ,      ,      ,        ,        ,        ,        ,        ,        ,        ,        ,      
raycran01, 2003,     1, BOS , NHL , G  , 57.0,  0.0,   2.0,   2.0,   0.0, 0.0  ,  0.0,  1.0,  0.0,  1.0,  0.0, 0.0,   0.0,    7.0,   0.0,   0.0,     0.0,     2.0, 0.0    ,     0.0,     0.0,     0.0,     0.0,     0.0,     0.0
raycran01, 2005,     1, BOS , NHL , G  , 30.0,  0.0,   0.0,   0.0,   0.0, 0.0  ,  0.0,  0.0,  0.0,  0.0,  0.0,    ,   0.0,       ,      ,      ,        ,        ,        ,        ,        ,        ,        ,        ,      
raycran01, 2006,     1, TOR , NHL , G  , 72.0,  0.0,   1.0,   1.0,   8.0, 0.0  ,  0.0,  0.0,  0.0,  0.0,  0.0,    ,   0.0,       ,      ,      ,        ,        ,        ,        ,        ,        ,        ,        ,      
raycran01, 2007,     1, TOR , NHL , G  , 19.0,  0.0,   0.0,   0.0,   0.0, 0.0  ,  0.0,  0.0,  0.0,  0.0,  0.0,    ,   0.0,       ,      ,      ,        ,        ,        ,        ,        ,        ,        ,        ,      
raycran01, 2008,     1, COL , NHL , G  , 31.0,  0.0,   0.0,   0.0,   2.0, 0.0  ,  0.0,  0.0,  0.0,  0.0,  0.0,    ,   0.0,       ,      ,      ,        ,        ,        ,        ,        ,        ,        ,        ,      
raycran01, 2009,     1, VAN , NHL , G  , 21.0,  0.0,   0.0,   0.0,   4.0, 0.0  ,  0.0,  0.0,  0.0,  0.0,  0.0,    ,   0.0,    1.0,   0.0,   0.0,     0.0,     0.0, 0.0    ,     0.0,     0.0,     0.0,     0.0,     0.0,     0.0
raymoal01, 1987,     1, WAS , NHL , G  ,  1.0,  0.0,   0.0,   0.0,   0.0, 0.0  ,  0.0,  0.0,  0.0,  0.0,  0.0, 0.0,   0.0,       ,      ,      ,        ,        ,        ,        ,        ,        ,        ,        ,      
raymoar01, 1937,     1, MTL , NHL , D  , 11.0,  0.0,   1.0,   1.0,  10.0,      ,     ,     ,     ,     ,     ,    ,      ,       ,      ,      ,        ,        ,        ,        ,        ,        ,        ,        ,      
raymoar01, 1939,     1, MTL , NHL , D  , 11.0,  0.0,   1.0,   1.0,   0.0,      ,     ,     ,     ,     ,     ,    ,      ,       ,      ,      ,        ,        ,        ,        ,        ,        ,        ,        ,      
raymoma01, 2007,     1, VAN , NHL , L  , 49.0,  9.0,  12.0,  21.0,   2.0, 1.0  ,  1.0,  5.0,  0.0,  0.0,  0.0,    ,  80.0,       ,      ,      ,        ,        ,        ,        ,        ,        ,        ,        ,      
raymoma01, 2008,     1, VAN , NHL , L  , 72.0, 11.0,  12.0,  23.0,  24.0, 2.0  ,  4.0,  6.0,  0.0,  0.0,  0.0,    , 145.0,   10.0,   2.0,   1.0,     3.0,     2.0, -2.0   ,     0.0,     0.0,     0.0,     0.0,     0.0,    17.0
raymoma01, 2009,     1, VAN , NHL , L  , 82.0, 25.0,  28.0,  53.0,  48.0, 0.0  ,  8.0, 10.0,  0.0,  0.0,  4.0,    , 217.0,   12.0,   3.0,   1.0,     4.0,     6.0, 0.0    ,     0.0,     0.0,     0.0,     0.0,     1.0,    23.0
raymopa01, 1932,     1, MTL , NHL , R  , 16.0,  0.0,   0.0,   0.0,   0.0,      ,     ,     ,     ,     ,     ,    ,      ,       ,      ,      ,        ,        ,        ,        ,        ,        ,        ,        ,      
raymopa01, 1933,     1, MTL , NHL , R  , 29.0,  1.0,   0.0,   1.0,   2.0,      ,     ,     ,     ,     ,     ,    ,      ,    2.0,   0.0,   0.0,     0.0,     0.0,        ,        ,        ,        ,        ,        ,      
raymopa01, 1934,     1, MTL , NHL , R  , 20.0,  1.0,   1.0,   2.0,   0.0,      ,     ,     ,     ,     ,     ,    ,      ,       ,      ,      ,        ,        ,        ,        ,        ,        ,        ,        ,      
raymopa01, 1938,     1, MTL , NHL , R  , 11.0,  0.0,   2.0,   2.0,   4.0,      ,     ,     ,     ,     ,     ,    ,      ,    3.0,   0.0,   0.0,     0.0,     2.0,        ,        ,        ,        ,        ,        ,      
raynech01, 1940,     1, NYA , NHL , G  , 12.0,  0.0,   0.0,   0.0,   0.0,      ,     ,     ,     ,     ,     ,    ,      ,       ,      ,      ,        ,        ,        ,        ,        ,        ,        ,        ,      
raynech01, 1941,     1, BKN , NHL , G  , 36.0,  0.0,   0.0,   0.0,   0.0,      ,     ,     ,     ,     ,     ,    ,      ,       ,      ,      ,        ,        ,        ,        ,        ,        ,        ,        ,      
raynech01, 1945,     1, NYR , NHL , G  , 40.0,  0.0,   0.0,   0.0,   6.0,      ,     ,     ,     ,     ,     ,    ,      ,       ,      ,      ,        ,        ,        ,        ,        ,        ,        ,        ,      
raynech01, 1946,     1, NYR , NHL , G  , 58.0,  0.0,   0.0,   0.0,   0.0,      ,     ,     ,     ,     ,     ,    ,      ,       ,      ,      ,        ,        ,        ,        ,        ,        ,        ,        ,      
raynech01, 1947,     1, NYR , NHL , G  , 12.0,  0.0,   0.0,   0.0,   0.0,      ,     ,     ,     ,     ,     ,    ,      ,    6.0,   0.0,   0.0,     0.0,     0.0,        ,        ,        ,        ,        ,        ,      
raynech01, 1948,     1, NYR , NHL , G  , 58.0,  0.0,   0.0,   0.0,   2.0,      ,     ,     ,     ,     ,     ,    ,      ,       ,      ,      ,        ,        ,        ,        ,        ,        ,        ,        ,      
raynech01, 1949,     1, NYR , NHL , G  , 69.0,  0.0,   0.0,   0.0,   6.0,      ,     ,     ,     ,     ,     ,    ,      ,   12.0,   0.0,   0.0,     0.0,     0.0,        ,        ,        ,        ,        ,        ,      
raynech01, 1950,     1, NYR , NHL , G  , 66.0,  0.0,   0.0,   0.0,   6.0,      ,     ,     ,     ,     ,     ,    ,      ,       ,      ,      ,        ,        ,        ,        ,        ,        ,        ,        ,      
raynech01, 1951,     1, NYR , NHL , G  , 53.0,  0.0,   0.0,   0.0,   4.0,      ,     ,     ,     ,     ,     ,    ,      ,       ,      ,      ,        ,        ,        ,        ,        ,        ,        ,        ,      
raynech01, 1952,     1, NYR , NHL , G  , 20.0,  0.0,   0.0,   0.0,   2.0,      ,     ,     ,     ,     ,     ,    ,      ,       ,      ,      ,        ,        ,        ,        ,        ,        ,        ,        ,      
rayro01  , 1989,     1, BUF , NHL , L  , 27.0,  2.0,   1.0,   3.0,  99.0, -2.0 ,  0.0,  0.0,  0.0,  0.0,  0.0, 0.0,  20.0,       ,      ,      ,        ,        ,        ,        ,        ,        ,        ,        ,      
rayro01  , 1990,     1, BUF , NHL , L  , 66.0,  8.0,   8.0,  16.0, 350.0, -11.0,  0.0,  1.0,  0.0,  0.0,  1.0, 0.0,  54.0,    6.0,   1.0,   1.0,     2.0,    56.0, 1.0    ,     0.0,     0.0,     0.0,     0.0,     1.0,     6.0
rayro01  , 1991,     1, BUF , NHL , L  , 63.0,  5.0,   3.0,   8.0, 354.0, -9.0 ,  0.0,  0.0,  0.0,  0.0,  0.0, 0.0,  29.0,    7.0,   0.0,   0.0,     0.0,     2.0, -2.0   ,     0.0,     0.0,     0.0,     0.0,     0.0,     0.0
rayro01  , 1992,     1, BUF , NHL , L  , 68.0,  3.0,   2.0,   5.0, 211.0, -3.0 ,  1.0,  0.0,  0.0,  0.0,  0.0, 0.0,  28.0,       ,      ,      ,        ,        ,        ,        ,        ,        ,        ,        ,      
rayro01  , 1993,     1, BUF , NHL , L  , 82.0,  3.0,   4.0,   7.0, 274.0, 2.0  ,  0.0,  0.0,  0.0,  0.0,  0.0, 0.0,  34.0,    7.0,   1.0,   0.0,     1.0,    43.0, 1.0    ,     0.0,     0.0,     0.0,     0.0,     0.0,     4.0
rayro01  , 1994,     1, BUF , NHL , L  , 47.0,  0.0,   3.0,   3.0, 173.0, -4.0 ,  0.0,  0.0,  0.0,  0.0,  0.0, 0.0,   7.0,    5.0,   0.0,   0.0,     0.0,    14.0, 0.0    ,     0.0,     0.0,     0.0,     0.0,     0.0,     0.0
rayro01  , 1995,     1, BUF , NHL , L  , 71.0,  3.0,   6.0,   9.0, 287.0, -8.0 ,  0.0,  0.0,  0.0,  0.0,  0.0, 1.0,  21.0,       ,      ,      ,        ,        ,        ,        ,        ,        ,        ,        ,      
rayro01  , 1996,     1, BUF , NHL , L  , 82.0,  7.0,   3.0,  10.0, 286.0, 3.0  ,  0.0,  0.0,  0.0,  0.0,  1.0, 0.0,  45.0,   12.0,   0.0,   1.0,     1.0,    28.0, -3.0   ,     0.0,     0.0,     0.0,     0.0,     0.0,     4.0
rayro01  , 1997,     1, BUF , NHL , R  , 63.0,  2.0,   4.0,   6.0, 234.0, 2.0  ,  1.0,  0.0,  0.0,  0.0,  1.0, 0.0,  19.0,   10.0,   0.0,   0.0,     0.0,    24.0, -2.0   ,     0.0,     0.0,     0.0,     0.0,     0.0,     2.0
rayro01  , 1998,     1, BUF , NHL , R  , 76.0,  0.0,   4.0,   4.0, 261.0, -2.0 ,  0.0,  0.0,  0.0,  0.0,  0.0, 0.0,  23.0,    5.0,   1.0,   0.0,     1.0,     0.0, 1.0    ,     0.0,     0.0,     0.0,     0.0,     1.0,     1.0
rayro01  , 1999,     1, BUF , NHL , L  , 69.0,  1.0,   3.0,   4.0, 158.0, 0.0  ,  0.0,  0.0,  0.0,  0.0,  0.0, 0.0,  17.0,       ,      ,      ,        ,        ,        ,        ,        ,        ,        ,        ,      
rayro01  , 2000,     1, BUF , NHL , R  , 63.0,  4.0,   6.0,  10.0, 210.0, 2.0  ,  0.0,  0.0,  0.0,  0.0,  1.0, 0.0,  33.0,    3.0,   0.0,   0.0,     0.0,     2.0, 0.0    ,     0.0,     0.0,     0.0,     0.0,     0.0,     0.0
rayro01  , 2001,     1, BUF , NHL , R  , 71.0,  2.0,   3.0,   5.0, 200.0, -3.0 ,  0.0,  0.0,  0.0,  0.0,  0.0, 0.0,  23.0,       ,      ,      ,        ,        ,        ,        ,        ,        ,        ,        ,      
rayro01  , 2002,     1, BUF , NHL , R  , 41.0,  0.0,   0.0,   0.0,  92.0, -5.0 ,  0.0,  0.0,  0.0,  0.0,  0.0, 0.0,  14.0,       ,      ,      ,        ,        ,        ,        ,        ,        ,        ,        ,      
rayro01  , 2002,     2, OTT , NHL , R  ,  5.0,  0.0,   0.0,   0.0,   4.0, 0.0  ,  0.0,  0.0,  0.0,  0.0,  0.0, 0.0,   0.0,       ,      ,      ,        ,        ,        ,        ,        ,        ,        ,        ,      
rayro01  , 2003,     1, OTT , NHL , R  ,  6.0,  1.0,   0.0,   1.0,  14.0, 0.0  ,  0.0,  0.0,  0.0,  0.0,  0.0, 0.0,   3.0,       ,      ,      ,        ,        ,        ,        ,        ,        ,        ,        ,      
readme01 , 1946,     1, NYR , NHL , C  ,  1.0,  0.0,   0.0,   0.0,   0.0,      ,     ,     ,     ,     ,     ,    ,      ,       ,      ,      ,        ,        ,        ,        ,        ,        ,        ,        ,      
readyry01, 2005,     1, PHI , NHL , L  ,  7.0,  0.0,   1.0,   1.0,   0.0, 0.0  ,  0.0,  0.0,  0.0,  0.0,  0.0,    ,   9.0,       ,      ,      ,        ,        ,        ,        ,        ,        ,        ,        ,      
reardke01, 1940,     1, MTL , NHL , D  , 34.0,  2.0,   8.0,  10.0,  41.0,      ,     ,     ,     ,     ,     ,    ,      ,    3.0,   0.0,   0.0,     0.0,     4.0,        ,        ,        ,        ,        ,        ,      
reardke01, 1941,     1, MTL , NHL , D  , 41.0,  3.0,  12.0,  15.0,  93.0,      ,     ,     ,     ,     ,     ,    ,      ,    3.0,   0.0,   0.0,     0.0,     4.0,        ,        ,        ,        ,        ,        ,      
reardke01, 1945,     1, MTL , NHL , D  , 43.0,  5.0,   4.0,   9.0,  45.0,      ,     ,     ,     ,     ,     ,    ,      ,    9.0,   1.0,   1.0,     2.0,     4.0,        ,        ,        ,        ,        ,        ,      
reardke01, 1946,     1, MTL , NHL , D  , 52.0,  5.0,  17.0,  22.0,  84.0,      ,     ,     ,     ,     ,     ,    ,      ,    7.0,   1.0,   2.0,     3.0,    20.0,        ,        ,        ,        ,        ,        ,      
reardke01, 1947,     1, MTL , NHL , D  , 58.0,  7.0,  15.0,  22.0, 129.0,      ,     ,     ,     ,     ,     ,    ,      ,       ,      ,      ,        ,        ,        ,        ,        ,        ,        ,        ,      
reardke01, 1948,     1, MTL , NHL , D  , 46.0,  3.0,  13.0,  16.0, 103.0,      ,     ,     ,     ,     ,     ,    ,      ,    7.0,   0.0,   0.0,     0.0,    18.0,        ,        ,        ,        ,        ,        ,      
reardke01, 1949,     1, MTL , NHL , D  , 67.0,  1.0,  27.0,  28.0, 109.0,      ,     ,     ,     ,     ,     ,    ,      ,    2.0,   0.0,   2.0,     2.0,    12.0,        ,        ,        ,        ,        ,        ,      
reardte01, 1938,     1, BOS , NHL , C  ,  4.0,  0.0,   0.0,   0.0,   0.0,      ,     ,     ,     ,     ,     ,    ,      ,       ,      ,      ,        ,        ,        ,        ,        ,        ,        ,        ,      
reardte01, 1939,     1, BOS , NHL , C  ,     ,     ,      ,      ,      ,      ,     ,     ,     ,     ,     ,    ,      ,    1.0,   0.0,   1.0,     1.0,     0.0,        ,        ,        ,        ,        ,        ,      
reardte01, 1940,     1, BOS , NHL , C/R, 34.0,  6.0,   5.0,  11.0,  19.0,      ,     ,     ,     ,     ,     ,    ,      ,   11.0,   2.0,   4.0,     6.0,     6.0,        ,        ,        ,        ,        ,        ,      
reardte01, 1941,     1, MTL , NHL , C  , 33.0, 17.0,  17.0,  34.0,  14.0,      ,     ,     ,     ,     ,     ,    ,      ,    3.0,   2.0,   2.0,     4.0,     2.0,        ,        ,        ,        ,        ,        ,      
reardte01, 1942,     1, MTL , NHL , C  , 13.0,  6.0,   6.0,  12.0,   2.0,      ,     ,     ,     ,     ,     ,    ,      ,       ,      ,      ,        ,        ,        ,        ,        ,        ,        ,        ,      
reardte01, 1945,     1, BOS , NHL , R  , 49.0, 12.0,  11.0,  23.0,  21.0,      ,     ,     ,     ,     ,     ,    ,      ,   10.0,   4.0,   0.0,     4.0,     2.0,        ,        ,        ,        ,        ,        ,      
reardte01, 1946,     1, BOS , NHL , C  , 60.0,  6.0,  14.0,  20.0,  17.0,      ,     ,     ,     ,     ,     ,    ,      ,    5.0,   0.0,   3.0,     3.0,     2.0,        ,        ,        ,        ,        ,        ,      
reasoma01, 1998,     1, STL , NHL , C  , 22.0,  3.0,   7.0,  10.0,   8.0, 2.0  ,  1.0,  4.0,  0.0,  0.0,  0.0, 0.0,  33.0,       ,      ,      ,        ,        ,        ,        ,        ,        ,        ,        ,      
reasoma01, 1999,     1, STL , NHL , C  , 32.0, 10.0,  14.0,  24.0,  20.0, 9.0  ,  3.0,  5.0,  0.0,  0.0,  0.0, 0.0,  51.0,    7.0,   2.0,   1.0,     3.0,     4.0, 3.0    ,     1.0,     0.0,     0.0,     0.0,     0.0,     9.0
reasoma01, 2000,     1, STL , NHL , C  , 41.0,  4.0,   9.0,  13.0,  14.0, -5.0 ,  0.0,  6.0,  0.0,  1.0,  0.0, 0.0,  65.0,   10.0,   3.0,   1.0,     4.0,     0.0, 1.0    ,     0.0,     0.0,     0.0,     0.0,     1.0,    13.0
reasoma01, 2001,     1, EDM , NHL , C  , 52.0,  6.0,   5.0,  11.0,  41.0, 0.0  ,  3.0,  1.0,  0.0,  0.0,  2.0, 0.0,  66.0,       ,      ,      ,        ,        ,        ,        ,        ,        ,        ,        ,      
reasoma01, 2002,     1, EDM , NHL , C  , 70.0, 11.0,  20.0,  31.0,  28.0, 19.0 ,  2.0,  3.0,  2.0,  2.0,  0.0, 0.0, 102.0,    6.0,   1.0,   0.0,     1.0,     2.0, -2.0   ,     1.0,     0.0,     0.0,     0.0,     0.0,     8.0
reasoma01, 2003,     1, EDM , NHL , C  , 17.0,  2.0,   6.0,   8.0,  10.0, 5.0  ,  0.0,  1.0,  1.0,  1.0,  0.0, 0.0,  28.0,       ,      ,      ,        ,        ,        ,        ,        ,        ,        ,        ,      
reasoma01, 2005,     1, EDM , NHL , C  , 58.0,  9.0,  17.0,  26.0,  20.0, -12.0,  5.0,  6.0,  0.0,  0.0,  1.0,    ,  63.0,       ,      ,      ,        ,        ,        ,        ,        ,        ,        ,        ,      
reasoma01, 2005,     2, BOS , NHL , C  , 19.0,  2.0,   6.0,   8.0,   8.0, -2.0 ,  1.0,  1.0,  0.0,  0.0,  0.0,    ,  39.0,       ,      ,      ,        ,        ,        ,        ,        ,        ,        ,        ,      
reasoma01, 2006,     1, EDM , NHL , C  , 72.0,  6.0,  14.0,  20.0,  60.0, -15.0,  0.0,  0.0,  0.0,  2.0,  1.0,    ,  84.0,       ,      ,      ,        ,        ,        ,        ,        ,        ,        ,        ,      
reasoma01, 2007,     1, EDM , NHL , C  , 82.0, 11.0,  14.0,  25.0,  50.0, -17.0,  0.0,  2.0,  0.0,  1.0,  0.0,    , 113.0,       ,      ,      ,        ,        ,        ,        ,        ,        ,        ,        ,      
reasoma01, 2008,     1, ATL , NHL , C  , 79.0, 14.0,  16.0,  30.0,  36.0, 11.0 ,  0.0,  0.0,  1.0,  5.0,  2.0,    , 131.0,       ,      ,      ,        ,        ,        ,        ,        ,        ,        ,        ,      
reasoma01, 2009,     1, ATL , NHL , C  , 80.0,  4.0,  13.0,  17.0,  24.0, -3.0 ,  0.0,  0.0,  0.0,  2.0,  0.0,    ,  86.0,       ,      ,      ,        ,        ,        ,        ,        ,        ,        ,        ,      
reaugda01, 1984,     1, EDM , NHL , G  ,  1.0,  0.0,   0.0,   0.0,   0.0, 0.0  ,  0.0,     ,  0.0,     ,  0.0, 0.0,   0.0,       ,      ,      ,        ,        ,        ,        ,        ,        ,        ,        ,      
reaugda01, 1987,     1, EDM , NHL , G  ,  6.0,  0.0,   0.0,   0.0,   0.0, 0.0  ,  0.0,  0.0,  0.0,  0.0,  0.0, 0.0,   0.0,       ,      ,      ,        ,        ,        ,        ,        ,        ,        ,        ,      
reaugda01, 1990,     1, HAR , NHL , G  , 20.0,  0.0,   0.0,   0.0,   4.0, 0.0  ,  0.0,  0.0,  0.0,  0.0,  0.0, 0.0,   0.0,       ,      ,      ,        ,        ,        ,        ,        ,        ,        ,        ,      
reaumma01, 1954,     1, TOR , NHL , D  ,  1.0,  0.0,   0.0,   0.0,   4.0,      ,     ,     ,     ,     ,     ,    ,      ,    4.0,   0.0,   0.0,     0.0,     2.0,        ,        ,        ,        ,        ,        ,      
reaumma01, 1955,     1, TOR , NHL , D  , 48.0,  0.0,  12.0,  12.0,  50.0,      ,     ,     ,     ,     ,     ,    ,      ,    5.0,   0.0,   2.0,     2.0,     6.0,        ,        ,        ,        ,        ,        ,      
reaumma01, 1956,     1, TOR , NHL , D  , 63.0,  6.0,  14.0,  20.0,  81.0,      ,     ,     ,     ,     ,     ,    ,      ,       ,      ,      ,        ,        ,        ,        ,        ,        ,        ,        ,      
reaumma01, 1957,     1, TOR , NHL , D  , 68.0,  1.0,   7.0,   8.0,  49.0,      ,     ,     ,     ,     ,     ,    ,      ,       ,      ,      ,        ,        ,        ,        ,        ,        ,        ,        ,      
reaumma01, 1958,     1, TOR , NHL , D  , 51.0,  1.0,   5.0,   6.0,  67.0,      ,     ,     ,     ,     ,     ,    ,      ,   10.0,   0.0,   0.0,     0.0,     0.0,        ,        ,        ,        ,        ,        ,      
reaumma01, 1959,     1, TOR , NHL , D  , 36.0,  0.0,   1.0,   1.0,   6.0,      ,     ,     ,     ,     ,     ,    ,      ,       ,      ,      ,        ,        ,        ,        ,        ,        ,        ,        ,      
reaumma01, 1959,     2, DET , NHL , D  ,  9.0,  0.0,   1.0,   1.0,   2.0,      ,     ,     ,     ,     ,     ,    ,      ,    2.0,   0.0,   0.0,     0.0,     0.0,        ,        ,        ,        ,        ,        ,      
reaumma01, 1960,     1, DET , NHL , D  , 38.0,  0.0,   1.0,   1.0,   8.0,      ,     ,     ,     ,     ,     ,    ,      ,       ,      ,      ,        ,        ,        ,        ,        ,        ,        ,        ,      
reaumma01, 1963,     1, MTL , NHL , D  ,  3.0,  0.0,   0.0,   0.0,   2.0,      ,  0.0,     ,  0.0,     ,  0.0, 0.0,      ,       ,      ,      ,        ,        ,        ,        ,        ,        ,        ,        ,      
reaumma01, 1970,     1, VAN , NHL , D  , 27.0,  0.0,   2.0,   2.0,   4.0, -6.0 ,  0.0,     ,  0.0,     ,  0.0, 0.0,  19.0,       ,      ,      ,        ,        ,        ,        ,        ,        ,        ,        ,      
reaybi01 , 1943,     1, DET , NHL , L  ,  2.0,  2.0,   0.0,   2.0,   0.0,      ,     ,     ,     ,     ,     ,    ,      ,       ,      ,      ,        ,        ,        ,        ,        ,        ,        ,        ,      
reaybi01 , 1944,     1, DET , NHL , C  ,  2.0,  0.0,   0.0,   0.0,   0.0,      ,     ,     ,     ,     ,     ,    ,      ,       ,      ,      ,        ,        ,        ,        ,        ,        ,        ,        ,      
reaybi01 , 1945,     1, MTL , NHL , C  , 44.0, 17.0,  12.0,  29.0,  10.0,      ,     ,     ,     ,     ,     ,    ,      ,    9.0,   1.0,   2.0,     3.0,     4.0,        ,        ,        ,        ,        ,        ,      
reaybi01 , 1946,     1, MTL , NHL , C  , 59.0, 22.0,  20.0,  42.0,  17.0,      ,     ,     ,     ,     ,     ,    ,      ,   11.0,   6.0,   1.0,     7.0,    14.0,        ,        ,        ,        ,        ,        ,      
reaybi01 , 1947,     1, MTL , NHL , C  , 60.0,  6.0,  14.0,  20.0,  24.0,      ,     ,     ,     ,     ,     ,    ,      ,       ,      ,      ,        ,        ,        ,        ,        ,        ,        ,        ,      
reaybi01 , 1948,     1, MTL , NHL , C  , 60.0, 22.0,  23.0,  45.0,  33.0,      ,     ,     ,     ,     ,     ,    ,      ,    7.0,   1.0,   5.0,     6.0,     4.0,        ,        ,        ,        ,        ,        ,      
reaybi01 , 1949,     1, MTL , NHL , C  , 68.0, 19.0,  26.0,  45.0,  48.0,      ,     ,     ,     ,     ,     ,    ,      ,    4.0,   0.0,   1.0,     1.0,     0.0,        ,        ,        ,        ,        ,        ,      
reaybi01 , 1950,     1, MTL , NHL , C  , 60.0,  6.0,  18.0,  24.0,  24.0,      ,     ,     ,     ,     ,     ,    ,      ,   11.0,   3.0,   3.0,     6.0,    10.0,        ,        ,        ,        ,        ,        ,      
reaybi01 , 1951,     1, MTL , NHL , C  , 68.0,  7.0,  34.0,  41.0,  20.0,      ,     ,     ,     ,     ,     ,    ,      ,   10.0,   2.0,   2.0,     4.0,     7.0,        ,        ,        ,        ,        ,        ,      
reaybi01 , 1952,     1, MTL , NHL , C  , 56.0,  4.0,  15.0,  19.0,  26.0,      ,     ,     ,     ,     ,     ,    ,      ,   11.0,   0.0,   2.0,     2.0,     4.0,        ,        ,        ,        ,        ,        ,      
recchma01, 1988,     1, PIT , NHL , R  , 15.0,  1.0,   1.0,   2.0,   0.0, -2.0 ,  0.0,  0.0,  0.0,  0.0,  0.0, 0.0,  11.0,       ,      ,      ,        ,        ,        ,        ,        ,        ,        ,        ,      
recchma01, 1989,     1, PIT , NHL , R  , 74.0, 30.0,  37.0,  67.0,  44.0, 6.0  ,  6.0,  4.0,  2.0,  0.0,  4.0, 1.0, 143.0,       ,      ,      ,        ,        ,        ,        ,        ,        ,        ,        ,      
recchma01, 1990,     1, PIT , NHL , R  , 78.0, 40.0,  73.0, 113.0,  48.0, 0.0  , 12.0, 28.0,  0.0,  1.0,  9.0, 0.0, 184.0,   24.0,  10.0,  24.0,    34.0,    33.0, 6.0    ,     5.0,     7.0,     0.0,     0.0,     2.0,    60.0
recchma01, 1991,     1, PIT , NHL , R  , 58.0, 33.0,  37.0,  70.0,  78.0, -16.0, 16.0, 18.0,  1.0,  0.0,  4.0, 1.0, 156.0,       ,      ,      ,        ,        ,        ,        ,        ,        ,        ,        ,      
recchma01, 1991,     2, PHI , NHL , R  , 22.0, 10.0,  17.0,  27.0,  18.0, -5.0 ,  4.0, 10.0,  0.0,  0.0,  1.0, 0.0,  54.0,       ,      ,      ,        ,        ,        ,        ,        ,        ,        ,        ,      
recchma01, 1992,     1, PHI , NHL , R  , 84.0, 53.0,  70.0, 123.0,  95.0, 1.0  , 15.0, 27.0,  4.0,  1.0,  6.0, 0.0, 274.0,       ,      ,      ,        ,        ,        ,        ,        ,        ,        ,        ,      
recchma01, 1993,     1, PHI , NHL , C  , 84.0, 40.0,  67.0, 107.0,  46.0, -2.0 , 11.0, 25.0,  0.0,  2.0,  5.0, 0.0, 217.0,       ,      ,      ,        ,        ,        ,        ,        ,        ,        ,        ,      
recchma01, 1994,     1, PHI , NHL , R  , 10.0,  2.0,   3.0,   5.0,  12.0, -6.0 ,  1.0,  2.0,  0.0,  0.0,  2.0, 0.0,  17.0,       ,      ,      ,        ,        ,        ,        ,        ,        ,        ,        ,      
recchma01, 1994,     2, MTL , NHL , R  , 39.0, 14.0,  29.0,  43.0,  16.0, -3.0 ,  8.0,  5.0,  0.0,  0.0,  1.0, 0.0, 104.0,       ,      ,      ,        ,        ,        ,        ,        ,        ,        ,        ,      
recchma01, 1995,     1, MTL , NHL , R  , 82.0, 28.0,  50.0,  78.0,  69.0, 20.0 , 11.0, 19.0,  2.0,  0.0,  6.0, 0.0, 191.0,    6.0,   3.0,   3.0,     6.0,     0.0, 1.0    ,     3.0,     0.0,     0.0,     0.0,     0.0,    13.0
recchma01, 1996,     1, MTL , NHL , R  , 82.0, 34.0,  46.0,  80.0,  58.0, -1.0 ,  7.0, 13.0,  2.0,  1.0,  3.0, 0.0, 202.0,    5.0,   4.0,   2.0,     6.0,     2.0, 2.0    ,     0.0,     0.0,     0.0,     1.0,     0.0,    18.0
recchma01, 1997,     1, MTL , NHL , R  , 82.0, 32.0,  42.0,  74.0,  51.0, 11.0 ,  9.0, 20.0,  1.0,  0.0,  6.0, 0.0, 216.0,   10.0,   4.0,   8.0,    12.0,     6.0, 2.0    ,     0.0,     4.0,     0.0,     0.0,     2.0,    22.0
recchma01, 1998,     1, MTL , NHL , R  , 61.0, 12.0,  35.0,  47.0,  28.0, -4.0 ,  3.0, 19.0,  0.0,  1.0,  2.0, 0.0, 152.0,       ,      ,      ,        ,        ,        ,        ,        ,        ,        ,        ,      
recchma01, 1998,     2, PHI , NHL , R  , 10.0,  4.0,   2.0,   6.0,   6.0, -3.0 ,  0.0,  1.0,  0.0,  0.0,  0.0, 0.0,  19.0,    6.0,   0.0,   1.0,     1.0,     2.0, -1.0   ,     0.0,     1.0,     0.0,     0.0,     0.0,    18.0
recchma01, 1999,     1, PHI , NHL , R  , 82.0, 28.0,  63.0,  91.0,  50.0, 20.0 ,  7.0, 32.0,  1.0,  1.0,  5.0, 1.0, 223.0,   18.0,   6.0,  12.0,    18.0,     6.0, 3.0    ,     2.0,     4.0,     0.0,     0.0,     1.0,    53.0
recchma01, 2000,     1, PHI , NHL , R  , 69.0, 27.0,  50.0,  77.0,  33.0, 15.0 ,  7.0, 17.0,  1.0,  1.0,  8.0, 0.0, 191.0,    6.0,   2.0,   2.0,     4.0,     2.0, -3.0   ,     1.0,     1.0,     0.0,     0.0,     1.0,    18.0
recchma01, 2001,     1, PHI , NHL , R  , 80.0, 22.0,  42.0,  64.0,  46.0, 5.0  ,  7.0, 10.0,  2.0,  0.0,  4.0, 0.0, 205.0,    4.0,   0.0,   0.0,     0.0,     2.0, -1.0   ,     0.0,     0.0,     0.0,     0.0,     0.0,     5.0
recchma01, 2002,     1, PHI , NHL , R  , 79.0, 20.0,  32.0,  52.0,  35.0, 0.0  ,  8.0, 16.0,  1.0,  0.0,  3.0, 1.0, 171.0,   13.0,   7.0,   3.0,    10.0,     2.0, 4.0    ,     1.0,     2.0,     0.0,     0.0,     1.0,    29.0
recchma01, 2003,     1, PHI , NHL , L  , 82.0, 26.0,  49.0,  75.0,  47.0, 18.0 , 14.0, 16.0,  1.0,  2.0,  5.0, 2.0, 167.0,   18.0,   4.0,   2.0,     6.0,     4.0, -3.0   ,     2.0,     1.0,     0.0,     0.0,     0.0,    33.0
recchma01, 2005,     1, PIT , NHL , R  , 63.0, 24.0,  33.0,  57.0,  56.0, -28.0, 11.0, 19.0,  0.0,  2.0,  2.0,    , 164.0,       ,      ,      ,        ,        ,        ,        ,        ,        ,        ,        ,      
recchma01, 2005,     2, CAR , NHL , R  , 20.0,  4.0,   3.0,   7.0,  12.0, -8.0 ,  2.0,  2.0,  0.0,  0.0,  1.0,    ,  35.0,   25.0,   7.0,   9.0,    16.0,    18.0, -5.0   ,     2.0,     5.0,     0.0,     0.0,     2.0,    45.0
recchma01, 2006,     1, PIT , NHL , R  , 82.0, 24.0,  44.0,  68.0,  62.0, 1.0  , 14.0, 13.0,  0.0,  1.0,  3.0,    , 190.0,    5.0,   0.0,   4.0,     4.0,     0.0, -3.0   ,     0.0,     2.0,     0.0,     0.0,     0.0,    11.0
recchma01, 2007,     1, PIT , NHL , R  , 19.0,  2.0,   6.0,   8.0,  12.0, -2.0 ,  2.0,  2.0,  0.0,  0.0,  0.0,    ,  36.0,       ,      ,      ,        ,        ,        ,        ,        ,        ,        ,        ,      
recchma01, 2007,     2, ATL , NHL , R  , 53.0, 12.0,  28.0,  40.0,  20.0, -16.0,  5.0, 14.0,  0.0,  0.0,  0.0,    ,  85.0,       ,      ,      ,        ,        ,        ,        ,        ,        ,        ,        ,      
recchma01, 2008,     1, TBL , NHL , R  , 62.0, 13.0,  32.0,  45.0,  20.0, -15.0,  2.0, 17.0,  0.0,  0.0,  1.0,    ,  97.0,       ,      ,      ,        ,        ,        ,        ,        ,        ,        ,        ,      
recchma01, 2008,     2, BOS , NHL , R  , 18.0, 10.0,   6.0,  16.0,   2.0, -3.0 ,  4.0,  4.0,  0.0,  0.0,  2.0,    ,  32.0,   11.0,   3.0,   3.0,     6.0,     2.0, 0.0    ,     1.0,     1.0,     0.0,     0.0,     1.0,    19.0
recchma01, 2009,     1, BOS , NHL , R  , 81.0, 18.0,  25.0,  43.0,  34.0, 4.0  ,  8.0,  5.0,  0.0,  0.0,  2.0,    , 152.0,   13.0,   6.0,   4.0,    10.0,     6.0, 0.0    ,     3.0,     2.0,     0.0,     0.0,     0.0,    26.0
rechljo01, 2008,     1, NYI , NHL , R  , 17.0,  0.0,   1.0,   1.0,  68.0, -1.0 ,  0.0,  0.0,  0.0,  0.0,  0.0,    ,   7.0,       ,      ,      ,        ,        ,        ,        ,        ,        ,        ,        ,      
rechljo01, 2009,     1, NYI , NHL , R  ,  6.0,  0.0,   0.0,   0.0,  27.0, -2.0 ,  0.0,  0.0,  0.0,  0.0,  0.0,    ,   1.0,       ,      ,      ,        ,        ,        ,        ,        ,        ,        ,        ,      
redahgo01, 1958,     1, BOS , NHL , R  , 18.0,  0.0,   1.0,   1.0,   2.0,      ,     ,     ,     ,     ,     ,    ,      ,       ,      ,      ,        ,        ,        ,        ,        ,        ,        ,        ,      
reddewa01, 1996,     1, OTT , NHL , D  , 82.0,  6.0,  24.0,  30.0,  41.0, 1.0  ,  2.0,  8.0,  0.0,  1.0,  1.0, 0.0, 102.0,    7.0,   1.0,   3.0,     4.0,     2.0, -4.0   ,     0.0,     1.0,     0.0,     0.0,     0.0,    11.0
reddewa01, 1997,     1, OTT , NHL , D  , 80.0,  8.0,  14.0,  22.0,  27.0, 17.0 ,  3.0,  3.0,  0.0,  0.0,  2.0, 0.0, 103.0,    9.0,   0.0,   2.0,     2.0,     2.0, -5.0   ,     0.0,     2.0,     0.0,     0.0,     0.0,    11.0
reddewa01, 1998,     1, OTT , NHL , D  , 72.0,  8.0,  21.0,  29.0,  54.0, 7.0  ,  3.0, 10.0,  0.0,  1.0,  1.0, 1.0, 127.0,    4.0,   1.0,   2.0,     3.0,     2.0, -1.0   ,     1.0,     1.0,     0.0,     0.0,     0.0,    11.0
reddewa01, 1999,     1, OTT , NHL , D  , 81.0, 10.0,  26.0,  36.0,  49.0, -1.0 ,  3.0, 13.0,  0.0,  0.0,  2.0, 1.0, 163.0,       ,      ,      ,        ,        ,        ,        ,        ,        ,        ,        ,      
reddewa01, 2000,     1, OTT , NHL , D  , 78.0, 10.0,  37.0,  47.0,  49.0, 22.0 ,  4.0, 18.0,  0.0,  0.0,  0.0, 0.0, 159.0,    4.0,   0.0,   0.0,     0.0,     0.0, -3.0   ,     0.0,     0.0,     0.0,     0.0,     0.0,    11.0
reddewa01, 2001,     1, OTT , NHL , D  , 79.0,  9.0,  25.0,  34.0,  48.0, 22.0 ,  4.0,  9.0,  1.0,  1.0,  1.0, 0.0, 156.0,   12.0,   3.0,   2.0,     5.0,     6.0, 4.0    ,     1.0,     2.0,     0.0,     0.0,     1.0,     8.0
reddewa01, 2002,     1, OTT , NHL , D  , 76.0, 10.0,  35.0,  45.0,  70.0, 23.0 ,  4.0, 19.0,  0.0,  0.0,  3.0, 0.0, 154.0,   18.0,   1.0,   8.0,     9.0,    10.0, 1.0    ,     0.0,     5.0,     0.0,     1.0,     1.0,    32.0
reddewa01, 2003,     1, OTT , NHL , D  , 81.0, 17.0,  26.0,  43.0,  65.0, 21.0 , 12.0, 10.0,  0.0,  0.0,  3.0, 1.0, 175.0,    7.0,   1.0,   0.0,     1.0,     2.0, -5.0   ,     1.0,     0.0,     0.0,     0.0,     0.0,    18.0
reddewa01, 2005,     1, OTT , NHL , D  , 65.0, 10.0,  40.0,  50.0,  63.0, 35.0 ,  8.0, 22.0,  0.0,  2.0,  4.0,    , 153.0,    9.0,   2.0,   8.0,    10.0,    10.0, -2.0   ,     2.0,     3.0,     0.0,     0.0,     1.0,    19.0
reddewa01, 2006,     1, OTT , NHL , D  , 64.0,  7.0,  29.0,  36.0,  50.0, 1.0  ,  4.0, 15.0,  0.0,  0.0,  3.0,    , 122.0,   20.0,   3.0,   7.0,    10.0,    10.0, 6.0    ,     3.0,     4.0,     0.0,     0.0,     1.0,    23.0
reddewa01, 2007,     1, OTT , NHL , D  , 80.0,  6.0,  32.0,  38.0,  60.0, 11.0 ,  4.0, 12.0,  0.0,  1.0,  1.0,    , 136.0,    4.0,   0.0,   1.0,     1.0,    11.0, -4.0   ,     0.0,     0.0,     0.0,     0.0,     0.0,     5.0
reddewa01, 2008,     1, NYR , NHL , D  , 81.0,  3.0,  23.0,  26.0,  51.0, -5.0 ,  2.0,  6.0,  0.0,  1.0,  0.0,    , 161.0,    7.0,   0.0,   2.0,     2.0,     0.0, -2.0   ,     0.0,     2.0,     0.0,     0.0,     0.0,    12.0
reddewa01, 2009,     1, NYR , NHL , D  , 75.0,  2.0,  12.0,  14.0,  27.0, 8.0  ,  0.0,  1.0,  0.0,  0.0,  0.0,    ,  66.0,       ,      ,      ,        ,        ,        ,        ,        ,        ,        ,        ,      
reddige01, 1924,     1, BOS , NHL , D  , 27.0,  3.0,   2.0,   5.0,  10.0,      ,     ,     ,     ,     ,     ,    ,      ,       ,      ,      ,        ,        ,        ,        ,        ,        ,        ,        ,      
reddige01, 1925,     1, BOS , NHL , D  , 28.0,  0.0,   0.0,   0.0,  13.0,      ,     ,     ,     ,     ,     ,    ,      ,       ,      ,      ,        ,        ,        ,        ,        ,        ,        ,        ,      
reddipo01, 1986,     1, WIN , NHL , G  , 48.0,  0.0,   0.0,   0.0,   8.0, 0.0  ,  0.0,     ,  0.0,     ,  0.0, 0.0,   0.0,    3.0,   0.0,   0.0,     0.0,     0.0, 0.0    ,     0.0,        ,     0.0,        ,     0.0,     0.0
reddipo01, 1987,     1, WIN , NHL , G  , 28.0,  0.0,   0.0,   0.0,   6.0, 0.0  ,  0.0,  0.0,  0.0,  0.0,  0.0, 0.0,   0.0,       ,      ,      ,        ,        ,        ,        ,        ,        ,        ,        ,      
reddipo01, 1988,     1, WIN , NHL , G  , 41.0,  0.0,   1.0,   1.0,   6.0, 0.0  ,  0.0,     ,  0.0,     ,  0.0, 0.0,   0.0,       ,      ,      ,        ,        ,        ,        ,        ,        ,        ,        ,      
reddipo01, 1989,     1, EDM , NHL , G  , 11.0,  0.0,   0.0,   0.0,   0.0, 0.0  ,  0.0,  0.0,  0.0,  0.0,  0.0, 0.0,   0.0,    1.0,   0.0,   0.0,     0.0,     0.0, 0.0    ,     0.0,     0.0,     0.0,     0.0,     0.0,     0.0
reddipo01, 1990,     1, EDM , NHL , G  ,  2.0,  0.0,   0.0,   0.0,   0.0, 0.0  ,  0.0,  0.0,  0.0,  0.0,  0.0, 0.0,   0.0,       ,      ,      ,        ,        ,        ,        ,        ,        ,        ,        ,      
reddipo01, 1993,     1, FLO , NHL , G  ,  2.0,  0.0,   0.0,   0.0,   0.0, 0.0  ,  0.0,  0.0,  0.0,  0.0,  0.0, 0.0,   0.0,       ,      ,      ,        ,        ,        ,        ,        ,        ,        ,        ,      
reddoli01, 2007,     1, EDM , NHL , L  ,  1.0,  0.0,   0.0,   0.0,   0.0, -1.0 ,  0.0,  0.0,  0.0,  0.0,  0.0,    ,   1.0,       ,      ,      ,        ,        ,        ,        ,        ,        ,        ,        ,      
reddoli01, 2008,     1, EDM , NHL , L  , 46.0,  5.0,   7.0,  12.0,  10.0, -6.0 ,  1.0,  0.0,  0.0,  0.0,  0.0,    ,  39.0,       ,      ,      ,        ,        ,        ,        ,        ,        ,        ,        ,      
reddoli01, 2009,     1, EDM , NHL , L  ,  9.0,  0.0,   2.0,   2.0,   4.0, -2.0 ,  0.0,  0.0,  0.0,  0.0,  0.0,    ,  11.0,       ,      ,      ,        ,        ,        ,        ,        ,        ,        ,        ,      
redmocr01, 1984,     1, LAK , NHL , D  , 79.0,  6.0,  33.0,  39.0,  57.0, -8.0 ,  1.0,     ,  0.0,     ,  0.0, 0.0, 113.0,    3.0,   1.0,   0.0,     1.0,     2.0, -4.0   ,     0.0,        ,     0.0,        ,     0.0,     4.0
redmocr01, 1985,     1, LAK , NHL , D  , 73.0,  6.0,  18.0,  24.0,  57.0, -34.0,  3.0,     ,  0.0,     ,  0.0, 0.0, 116.0,       ,      ,      ,        ,        ,        ,        ,        ,        ,        ,        ,      
redmocr01, 1986,     1, LAK , NHL , D  , 16.0,  1.0,   7.0,   8.0,   8.0, -1.0 ,  0.0,     ,  0.0,     ,  0.0, 0.0,  18.0,       ,      ,      ,        ,        ,        ,        ,        ,        ,        ,        ,      
redmocr01, 1987,     1, LAK , NHL , D  ,  2.0,  0.0,   0.0,   0.0,   0.0, -4.0 ,  0.0,  0.0,  0.0,  0.0,  0.0, 0.0,   5.0,       ,      ,      ,        ,        ,        ,        ,        ,        ,        ,        ,      
redmocr01, 1988,     1, EDM , NHL , D  , 21.0,  3.0,  10.0,  13.0,  12.0, -10.0,  3.0,  8.0,  0.0,  0.0,  0.0, 0.0,  29.0,       ,      ,      ,        ,        ,        ,        ,        ,        ,        ,        ,      
redmodi01, 1969,     1, MNS , NHL , D  ,  7.0,  0.0,   1.0,   1.0,   4.0, -1.0 ,  0.0,     ,  0.0,     ,  0.0, 0.0,  10.0,       ,      ,      ,        ,        ,        ,        ,        ,        ,        ,        ,      
redmodi01, 1970,     1, MNS , NHL , D  ,  9.0,  0.0,   2.0,   2.0,  16.0, -2.0 ,  0.0,     ,  0.0,     ,  0.0, 0.0,  11.0,       ,      ,      ,        ,        ,        ,        ,        ,        ,        ,        ,      
redmodi01, 1970,     2, CLF , NHL , D  , 11.0,  2.0,   4.0,   6.0,  12.0, -6.0 ,  1.0,     ,  0.0,     ,  0.0, 0.0,  35.0,       ,      ,      ,        ,        ,        ,        ,        ,        ,        ,        ,      
redmodi01, 1971,     1, CLF , NHL , D  , 74.0, 10.0,  35.0,  45.0,  76.0, -10.0,  1.0,     ,  0.0,     ,  0.0, 1.0, 254.0,       ,      ,      ,        ,        ,        ,        ,        ,        ,        ,        ,      
redmodi01, 1972,     1, CLF , NHL , L  , 24.0,  3.0,  13.0,  16.0,  22.0, -15.0,  1.0,     ,  0.0,     ,  0.0, 0.0,  63.0,       ,      ,      ,        ,        ,        ,        ,        ,        ,        ,        ,      
redmodi01, 1972,     2, CHI , NHL , L  , 52.0,  9.0,  19.0,  28.0,   4.0, 2.0  ,  3.0,     ,  0.0,     ,  1.0, 0.0, 140.0,   13.0,   4.0,   2.0,     6.0,     2.0,        ,     0.0,        ,     0.0,        ,     2.0,      
redmodi01, 1973,     1, CHI , NHL , D  , 76.0, 17.0,  42.0,  59.0,  69.0, 26.0 ,  5.0,     ,  0.0,     ,  4.0, 2.0, 246.0,   11.0,   1.0,   7.0,     8.0,     8.0,        ,     1.0,        ,     0.0,        ,     0.0,      
redmodi01, 1974,     1, CHI , NHL , D  , 80.0, 14.0,  43.0,  57.0,  90.0, 6.0  ,  6.0,     ,  0.0,     ,  1.0, 0.0, 310.0,    8.0,   2.0,   3.0,     5.0,     0.0,        ,     1.0,        ,     0.0,        ,     0.0,      
redmodi01, 1975,     1, CHI , NHL , D  , 53.0,  9.0,  27.0,  36.0,  25.0, 1.0  ,  5.0,     ,  0.0,     ,  1.0, 1.0, 165.0,    4.0,   0.0,   2.0,     2.0,     4.0,        ,     0.0,        ,     0.0,        ,     0.0,      
redmodi01, 1976,     1, CHI , NHL , L  , 80.0, 22.0,  25.0,  47.0,  30.0, -40.0,  9.0,     ,  0.0,     ,  2.0, 3.0, 211.0,    2.0,   0.0,   1.0,     1.0,     0.0,        ,     0.0,        ,     0.0,        ,     0.0,      
redmodi01, 1977,     1, STL , NHL , D  , 28.0,  4.0,  11.0,  15.0,  16.0, -14.0,  2.0,     ,  0.0,     ,  0.0, 0.0,  93.0,       ,      ,      ,        ,        ,        ,        ,        ,        ,        ,        ,      
redmodi01, 1977,     2, ATF , NHL , D  , 42.0,  7.0,  11.0,  18.0,  16.0, 12.0 ,  5.0,     ,  0.0,     ,  1.0, 0.0,  86.0,    2.0,   1.0,   0.0,     1.0,     0.0,        ,     0.0,        ,     0.0,        ,     0.0,      
redmodi01, 1978,     1, BOS , NHL , D  , 64.0,  7.0,  26.0,  33.0,  21.0, 0.0  ,  4.0,     ,  0.0,     ,  1.0, 0.0, 144.0,   11.0,   1.0,   3.0,     4.0,     2.0,        ,     0.0,        ,     1.0,        ,     0.0,      
redmodi01, 1979,     1, BOS , NHL , D  , 76.0, 14.0,  33.0,  47.0,  39.0, 37.0 ,  6.0,     ,  0.0,     ,  5.0, 0.0, 166.0,   10.0,   0.0,   3.0,     3.0,     9.0,        ,     0.0,        ,     0.0,        ,     0.0,      
redmodi01, 1980,     1, BOS , NHL , D  , 78.0, 15.0,  20.0,  35.0,  60.0, 4.0  ,  6.0,     ,  2.0,     ,  0.0, 0.0, 152.0,    3.0,   0.0,   1.0,     1.0,     2.0,        ,     0.0,        ,     0.0,        ,     0.0,      
redmodi01, 1981,     1, BOS , NHL , D  , 17.0,  0.0,   0.0,   0.0,   4.0, -7.0 ,  0.0,     ,  0.0,     ,  0.0, 0.0,  14.0,    2.0,   0.0,   0.0,     0.0,     0.0,        ,     0.0,        ,     0.0,        ,     0.0,      
redmoke01, 1993,     1, LAK , NHL , L  , 12.0,  1.0,   0.0,   1.0,  20.0, -3.0 ,  0.0,  0.0,  0.0,  0.0,  0.0, 0.0,   9.0,       ,      ,      ,        ,        ,        ,        ,        ,        ,        ,        ,      
redmomi01, 1967,     1, MTL , NHL , R  , 41.0,  6.0,   5.0,  11.0,   4.0, 2.0  ,  1.0,     ,  0.0,     ,  0.0, 0.0,  52.0,    2.0,   0.0,   0.0,     0.0,     0.0,        ,     0.0,        ,     0.0,        ,     0.0,      
redmomi01, 1968,     1, MTL , NHL , R  , 65.0,  9.0,  15.0,  24.0,  12.0, 16.0 ,  1.0,     ,  0.0,     ,  0.0, 0.0, 118.0,   14.0,   2.0,   3.0,     5.0,     2.0,        ,     1.0,        ,     0.0,        ,     1.0,      
redmomi01, 1969,     1, MTL , NHL , R  , 75.0, 27.0,  27.0,  54.0,  61.0, 23.0 ,  4.0,     ,  0.0,     ,  2.0, 1.0, 279.0,       ,      ,      ,        ,        ,        ,        ,        ,        ,        ,        ,      
redmomi01, 1970,     1, MTL , NHL , R  , 40.0, 14.0,  15.0,  29.0,  35.0, 12.0 ,  2.0,     ,  0.0,     ,  1.0, 1.0, 116.0,       ,      ,      ,        ,        ,        ,        ,        ,        ,        ,        ,      
redmomi01, 1970,     2, DET , NHL , R  , 21.0,  6.0,   8.0,  14.0,   7.0, -2.0 ,  2.0,     ,  0.0,     ,  1.0, 1.0,  68.0,       ,      ,      ,        ,        ,        ,        ,        ,        ,        ,        ,      
redmomi01, 1971,     1, DET , NHL , R  , 78.0, 42.0,  29.0,  71.0,  34.0, -13.0, 10.0,     ,  0.0,     ,  5.0, 3.0, 271.0,       ,      ,      ,        ,        ,        ,        ,        ,        ,        ,        ,      
redmomi01, 1972,     1, DET , NHL , R  , 76.0, 52.0,  41.0,  93.0,  24.0, 6.0  , 15.0,     ,  0.0,     ,  7.0, 2.0, 363.0,       ,      ,      ,        ,        ,        ,        ,        ,        ,        ,        ,      
redmomi01, 1973,     1, DET , NHL , R  , 76.0, 51.0,  26.0,  77.0,  14.0, -21.0, 21.0,     ,  0.0,     ,  9.0, 1.0, 296.0,       ,      ,      ,        ,        ,        ,        ,        ,        ,        ,        ,      
redmomi01, 1974,     1, DET , NHL , R  , 29.0, 15.0,  12.0,  27.0,  18.0, -12.0,  5.0,     ,  0.0,     ,  1.0, 0.0,  93.0,       ,      ,      ,        ,        ,        ,        ,        ,        ,        ,        ,      
redmomi01, 1975,     1, DET , NHL , R  , 37.0, 11.0,  17.0,  28.0,  10.0, -17.0,  2.0,     ,  0.0,     ,  3.0, 1.0, 123.0,       ,      ,      ,        ,        ,        ,        ,        ,        ,        ,        ,      
redqugr01, 1977,     1, PIT , NHL , G  ,  1.0,  0.0,   0.0,   0.0,   0.0, 0.0  ,  0.0,     ,  0.0,     ,  0.0, 0.0,   0.0,       ,      ,      ,        ,        ,        ,        ,        ,        ,        ,        ,      
reeceda01, 1975,     1, BOS , NHL , G  , 14.0,  0.0,   0.0,   0.0,   0.0, 0.0  ,  0.0,     ,  0.0,     ,  0.0, 0.0,   0.0,       ,      ,      ,        ,        ,        ,        ,        ,        ,        ,        ,      
reedbi01 , 1974,     1, MIB , WHA , D  , 11.0,  0.0,   0.0,   0.0,  12.0,      ,  0.0,     ,  0.0,     ,  0.0,    ,  14.0,       ,      ,      ,        ,        ,        ,        ,        ,        ,        ,        ,      
reedbi01 , 1975,     1, CAC , WHA , D  , 29.0,  0.0,   5.0,   5.0,  14.0, 3.0  ,  0.0,     ,  0.0,     ,  0.0,    ,  29.0,       ,      ,      ,        ,        ,        ,        ,        ,        ,        ,        ,      
reedsma01, 1981,     1, STL , NHL , R  ,  9.0,  1.0,   3.0,   4.0,   0.0, 3.0  ,  0.0,     ,  0.0,     ,  0.0, 0.0,   8.0,   10.0,   0.0,   1.0,     1.0,     2.0,        ,     0.0,        ,     0.0,        ,     0.0,      
reedsma01, 1982,     1, STL , NHL , R  , 20.0,  5.0,  14.0,  19.0,   6.0, 8.0  ,  0.0,     ,  0.0,     ,  1.0, 0.0,  34.0,    4.0,   1.0,   0.0,     1.0,     2.0,        ,     0.0,        ,     0.0,        ,     0.0,      
reedsma01, 1983,     1, STL , NHL , R  , 65.0, 11.0,  14.0,  25.0,  23.0, -3.0 ,  3.0,     ,  1.0,     ,  0.0, 1.0,  72.0,   11.0,   3.0,   3.0,     6.0,    15.0, 3.0    ,     0.0,        ,     1.0,        ,     1.0,    23.0
reedsma01, 1984,     1, STL , NHL , R  , 80.0,  9.0,  30.0,  39.0,  25.0, 8.0  ,  0.0,     ,  1.0,     ,  4.0, 0.0,  98.0,    3.0,   0.0,   0.0,     0.0,     0.0, 0.0    ,     0.0,        ,     0.0,        ,     0.0,     6.0
reedsma01, 1985,     1, STL , NHL , R  , 78.0, 10.0,  28.0,  38.0,  28.0, 11.0 ,  0.0,     ,  0.0,     ,  2.0, 0.0, 108.0,   19.0,   4.0,   4.0,     8.0,     2.0, 8.0    ,     0.0,        ,     0.0,        ,     1.0,    27.0
reedsma01, 1986,     1, STL , NHL , R  , 68.0,  9.0,  16.0,  25.0,  16.0, -20.0,  1.0,     ,  0.0,     ,  0.0, 0.0, 106.0,    6.0,   0.0,   1.0,     1.0,     2.0, 0.0    ,     0.0,        ,     0.0,        ,     0.0,     9.0
reedsma01, 1987,     1, HAR , NHL , R  , 38.0,  0.0,   7.0,   7.0,  31.0, -13.0,  0.0,  0.0,  0.0,  1.0,  0.0, 0.0,  36.0,       ,      ,      ,        ,        ,        ,        ,        ,        ,        ,        ,      
reedsma01, 1988,     1, HAR , NHL , R  ,  7.0,  0.0,   2.0,   2.0,   6.0, -1.0 ,  0.0,  0.0,  0.0,  0.0,  0.0, 0.0,   6.0,       ,      ,      ,        ,        ,        ,        ,        ,        ,        ,        ,      
reekijo01, 1985,     1, BUF , NHL , D  ,  3.0,  0.0,   0.0,   0.0,  14.0, -2.0 ,  0.0,     ,  0.0,     ,  0.0, 0.0,   1.0,       ,      ,      ,        ,        ,        ,        ,        ,        ,        ,        ,      
reekijo01, 1986,     1, BUF , NHL , D  , 56.0,  1.0,   8.0,   9.0,  82.0, 6.0  ,  0.0,     ,  0.0,     ,  0.0, 0.0,  56.0,       ,      ,      ,        ,        ,        ,        ,        ,        ,        ,        ,      
reekijo01, 1987,     1, BUF , NHL , D  , 30.0,  1.0,   4.0,   5.0,  68.0, -3.0 ,  0.0,  0.0,  0.0,  0.0,  0.0, 0.0,  23.0,    2.0,   0.0,   0.0,     0.0,     4.0, -3.0   ,     0.0,     0.0,     0.0,     0.0,     0.0,     1.0
reekijo01, 1988,     1, BUF , NHL , D  , 15.0,  1.0,   3.0,   4.0,  26.0, 6.0  ,  1.0,  0.0,  0.0,  0.0,  0.0, 0.0,  14.0,       ,      ,      ,        ,        ,        ,        ,        ,        ,        ,        ,      
reekijo01, 1989,     1, NYI , NHL , D  , 31.0,  1.0,   8.0,   9.0,  43.0, 13.0 ,  0.0,  0.0,  0.0,  0.0,  1.0, 0.0,  22.0,       ,      ,      ,        ,        ,        ,        ,        ,        ,        ,        ,      
reekijo01, 1990,     1, NYI , NHL , D  , 66.0,  3.0,  16.0,  19.0,  96.0, 17.0 ,  0.0,  0.0,  0.0,  4.0,  2.0, 0.0,  70.0,       ,      ,      ,        ,        ,        ,        ,        ,        ,        ,        ,      
reekijo01, 1991,     1, NYI , NHL , D  , 54.0,  4.0,  12.0,  16.0,  85.0, 15.0 ,  0.0,  1.0,  0.0,  0.0,  0.0, 1.0,  59.0,       ,      ,      ,        ,        ,        ,        ,        ,        ,        ,        ,      
reekijo01, 1992,     1, TBL , NHL , D  , 42.0,  2.0,  11.0,  13.0,  69.0, 2.0  ,  0.0,  2.0,  0.0,  0.0,  0.0, 0.0,  53.0,       ,      ,      ,        ,        ,        ,        ,        ,        ,        ,        ,      
reekijo01, 1993,     1, TBL , NHL , D  , 73.0,  1.0,  11.0,  12.0, 127.0, 8.0  ,  0.0,  0.0,  0.0,  1.0,  0.0, 0.0,  88.0,       ,      ,      ,        ,        ,        ,        ,        ,        ,        ,        ,      
reekijo01, 1993,     2, WAS , NHL , D  , 12.0,  0.0,   5.0,   5.0,  29.0, 7.0  ,  0.0,  0.0,  0.0,  0.0,  0.0, 0.0,  10.0,   11.0,   2.0,   1.0,     3.0,    29.0, 1.0    ,     0.0,     0.0,     1.0,     0.0,     1.0,    11.0
reekijo01, 1994,     1, WAS , NHL , D  , 48.0,  1.0,   6.0,   7.0,  97.0, 10.0 ,  0.0,  0.0,  0.0,  2.0,  0.0, 0.0,  52.0,    7.0,   0.0,   0.0,     0.0,     2.0, -4.0   ,     0.0,     0.0,     0.0,     0.0,     0.0,     3.0
reekijo01, 1995,     1, WAS , NHL , D  , 78.0,  3.0,   7.0,  10.0, 149.0, 7.0  ,  0.0,  0.0,  0.0,  0.0,  0.0, 0.0,  52.0,       ,      ,      ,        ,        ,        ,        ,        ,        ,        ,        ,      
reekijo01, 1996,     1, WAS , NHL , D  , 65.0,  1.0,   8.0,   9.0, 107.0, 8.0  ,  0.0,  0.0,  0.0,  1.0,  0.0, 0.0,  65.0,       ,      ,      ,        ,        ,        ,        ,        ,        ,        ,        ,      
reekijo01, 1997,     1, WAS , NHL , D  , 68.0,  2.0,   8.0,  10.0,  70.0, 15.0 ,  0.0,  0.0,  0.0,  1.0,  1.0, 0.0,  59.0,   21.0,   1.0,   2.0,     3.0,    20.0, 4.0    ,     0.0,     0.0,     0.0,     0.0,     0.0,    16.0
reekijo01, 1998,     1, WAS , NHL , D  , 73.0,  0.0,  10.0,  10.0,  68.0, 11.0 ,  0.0,  0.0,  0.0,  0.0,  0.0, 0.0,  81.0,       ,      ,      ,        ,        ,        ,        ,        ,        ,        ,        ,      
reekijo01, 1999,     1, WAS , NHL , D  , 59.0,  0.0,   7.0,   7.0,  50.0, 21.0 ,  0.0,  0.0,  0.0,  0.0,  0.0, 0.0,  32.0,    5.0,   0.0,   1.0,     1.0,     2.0, -1.0   ,     0.0,     0.0,     0.0,     0.0,     0.0,     0.0
reekijo01, 2000,     1, WAS , NHL , D  , 74.0,  2.0,   9.0,  11.0,  77.0, 14.0 ,  0.0,  1.0,  0.0,  0.0,  1.0, 0.0,  59.0,    4.0,   0.0,   0.0,     0.0,     4.0, -1.0   ,     0.0,     0.0,     0.0,     0.0,     0.0,     0.0
reekijo01, 2001,     1, WAS , NHL , D  , 38.0,  2.0,   4.0,   6.0,  41.0, -7.0 ,  0.0,  0.0,  0.0,  0.0,  0.0, 0.0,  26.0,       ,      ,      ,        ,        ,        ,        ,        ,        ,        ,        ,      
reekijo01, 2001,     2, CHI , NHL , D  , 17.0,  0.0,   2.0,   2.0,  28.0, 2.0  ,  0.0,  0.0,  0.0,  0.0,  0.0, 0.0,   7.0,    1.0,   0.0,   0.0,     0.0,     2.0, 0.0    ,     0.0,     0.0,     0.0,     0.0,     0.0,     1.0
reesedy01, 2009,     1, NYI , NHL , D  , 19.0,  2.0,   2.0,   4.0,  14.0, 3.0  ,  0.0,  0.0,  0.0,  0.0,  1.0,    ,  16.0,       ,      ,      ,        ,        ,        ,        ,        ,        ,        ,        ,      
reeseje01, 1987,     1, TOR , NHL , G  ,  5.0,  0.0,   0.0,   0.0,   0.0, 0.0  ,  0.0,  0.0,  0.0,  0.0,  0.0, 0.0,   0.0,       ,      ,      ,        ,        ,        ,        ,        ,        ,        ,        ,      
reeseje01, 1988,     1, TOR , NHL , G  , 10.0,  0.0,   0.0,   0.0,   4.0, 0.0  ,  0.0,  0.0,  0.0,  0.0,  0.0, 0.0,   0.0,       ,      ,      ,        ,        ,        ,        ,        ,        ,        ,        ,      
reeseje01, 1989,     1, TOR , NHL , G  , 21.0,  0.0,   1.0,   1.0,  10.0, 0.0  ,  0.0,     ,  0.0,     ,  0.0, 0.0,   0.0,    2.0,   0.0,   0.0,     0.0,     0.0, 0.0    ,     0.0,     0.0,     0.0,     0.0,     0.0,     0.0
reeseje01, 1990,     1, TOR , NHL , G  , 30.0,  0.0,   1.0,   1.0,   0.0, 0.0  ,  0.0,     ,  0.0,     ,  0.0, 0.0,   0.0,       ,      ,      ,        ,        ,        ,        ,        ,        ,        ,        ,      
reeseje01, 1991,     1, TOR , NHL , G  ,  8.0,  0.0,   0.0,   0.0,   0.0, 0.0  ,  0.0,  0.0,  0.0,  0.0,  0.0, 0.0,   0.0,       ,      ,      ,        ,        ,        ,        ,        ,        ,        ,        ,      
reeseje01, 1991,     2, CAL , NHL , G  , 12.0,  0.0,   1.0,   1.0,  12.0, 0.0  ,  0.0,  0.0,  0.0,  0.0,  0.0, 0.0,   0.0,       ,      ,      ,        ,        ,        ,        ,        ,        ,        ,        ,      
reeseje01, 1992,     1, CAL , NHL , G  , 26.0,  0.0,   4.0,   4.0,   4.0, 0.0  ,  0.0,  0.0,  0.0,  0.0,  0.0, 0.0,   0.0,    4.0,   0.0,   0.0,     0.0,     0.0, 0.0    ,     0.0,     0.0,     0.0,     0.0,     0.0,     0.0
reeseje01, 1993,     1, CAL , NHL , G  ,  1.0,  0.0,   0.0,   0.0,   0.0, 0.0  ,  0.0,  0.0,  0.0,  0.0,  0.0, 0.0,   0.0,       ,      ,      ,        ,        ,        ,        ,        ,        ,        ,        ,      
reeseje01, 1993,     2, HAR , NHL , G  , 19.0,  0.0,   1.0,   1.0,   0.0, 0.0  ,  0.0,  0.0,  0.0,  0.0,  0.0, 0.0,   0.0,       ,      ,      ,        ,        ,        ,        ,        ,        ,        ,        ,      
reeseje01, 1994,     1, HAR , NHL , G  , 11.0,  0.0,   0.0,   0.0,   0.0, 0.0  ,  0.0,  0.0,  0.0,  0.0,  0.0, 0.0,   0.0,       ,      ,      ,        ,        ,        ,        ,        ,        ,        ,        ,      
reeseje01, 1995,     1, HAR , NHL , G  ,  7.0,  0.0,   0.0,   0.0,   0.0, 0.0  ,  0.0,  0.0,  0.0,  0.0,  0.0, 0.0,   0.0,       ,      ,      ,        ,        ,        ,        ,        ,        ,        ,        ,      
reeseje01, 1995,     2, TBL , NHL , G  , 19.0,  0.0,   0.0,   0.0,   0.0, 0.0  ,  0.0,  0.0,  0.0,  0.0,  0.0, 0.0,   0.0,    5.0,   0.0,   0.0,     0.0,     0.0, 0.0    ,     0.0,     0.0,     0.0,     0.0,     0.0,     0.0
reeseje01, 1996,     1, NJD , NHL , G  ,  3.0,  0.0,   0.0,   0.0,   0.0, 0.0  ,  0.0,  0.0,  0.0,  0.0,  0.0, 0.0,   0.0,       ,      ,      ,        ,        ,        ,        ,        ,        ,        ,        ,      
reeseje01, 1998,     1, TOR , NHL , G  ,  2.0,  0.0,   0.0,   0.0,   0.0, 0.0  ,  0.0,  0.0,  0.0,  0.0,  0.0, 0.0,   0.0,       ,      ,      ,        ,        ,        ,        ,        ,        ,        ,        ,      
reganbi01, 1929,     1, NYR , NHL , D  , 10.0,  0.0,   0.0,   0.0,   4.0,      ,     ,     ,     ,     ,     ,    ,      ,    4.0,   0.0,   0.0,     0.0,     0.0,        ,        ,        ,        ,        ,        ,      
reganbi01, 1930,     1, NYR , NHL , D  , 42.0,  2.0,   1.0,   3.0,  49.0,      ,     ,     ,     ,     ,     ,    ,      ,    4.0,   0.0,   0.0,     0.0,     2.0,        ,        ,        ,        ,        ,        ,      
reganbi01, 1932,     1, NYA , NHL , D  , 15.0,  1.0,   1.0,   2.0,  14.0,      ,     ,     ,     ,     ,     ,    ,      ,       ,      ,      ,        ,        ,        ,        ,        ,        ,        ,        ,      
reganla01, 1956,     1, BOS , NHL , R  , 69.0, 14.0,  19.0,  33.0,  29.0,      ,     ,     ,     ,     ,     ,    ,      ,    8.0,   0.0,   2.0,     2.0,    10.0,        ,        ,        ,        ,        ,        ,      
reganla01, 1957,     1, BOS , NHL , R/L, 59.0, 11.0,  28.0,  39.0,  22.0,      ,     ,     ,     ,     ,     ,    ,      ,   12.0,   3.0,   8.0,    11.0,     6.0,        ,        ,        ,        ,        ,        ,      
reganla01, 1958,     1, BOS , NHL , R  , 36.0,  5.0,   6.0,  11.0,  10.0,      ,     ,     ,     ,     ,     ,    ,      ,       ,      ,      ,        ,        ,        ,        ,        ,        ,        ,        ,      
reganla01, 1958,     2, TOR , NHL , R  , 32.0,  4.0,  21.0,  25.0,   2.0,      ,     ,     ,     ,     ,     ,    ,      ,    8.0,   1.0,   1.0,     2.0,     2.0,        ,        ,        ,        ,        ,        ,      
reganla01, 1959,     1, TOR , NHL , R  , 47.0,  4.0,  16.0,  20.0,   6.0,      ,     ,     ,     ,     ,     ,    ,      ,   10.0,   3.0,   3.0,     6.0,     0.0,        ,        ,        ,        ,        ,        ,      
reganla01, 1960,     1, TOR , NHL , W  , 37.0,  3.0,   5.0,   8.0,   2.0,      ,     ,     ,     ,     ,     ,    ,      ,    4.0,   0.0,   0.0,     0.0,     0.0,        ,        ,        ,        ,        ,     0.0,      
regehri01, 2005,     1, CAL , NHL , D  , 14.0,  0.0,   2.0,   2.0,   6.0, 0.0  ,  0.0,  0.0,  0.0,  0.0,  0.0,    ,  12.0,       ,      ,      ,        ,        ,        ,        ,        ,        ,        ,        ,      
regehri01, 2006,     1, CAL , NHL , D  ,  6.0,  1.0,   1.0,   2.0,   0.0, -1.0 ,  1.0,  1.0,  0.0,  0.0,  0.0,    ,   4.0,       ,      ,      ,        ,        ,        ,        ,        ,        ,        ,        ,      
regehro01, 1999,     1, CAL , NHL , D  , 57.0,  5.0,   7.0,  12.0,  46.0, -2.0 ,  2.0,  1.0,  0.0,  0.0,  0.0, 0.0,  64.0,       ,      ,      ,        ,        ,        ,        ,        ,        ,        ,        ,      
regehro01, 2000,     1, CAL , NHL , D  , 71.0,  1.0,   3.0,   4.0,  70.0, -7.0 ,  0.0,  1.0,  0.0,  0.0,  0.0, 0.0,  62.0,       ,      ,      ,        ,        ,        ,        ,        ,        ,        ,        ,      
regehro01, 2001,     1, CAL , NHL , D  , 77.0,  2.0,   6.0,   8.0,  93.0, -24.0,  0.0,  2.0,  0.0,  0.0,  0.0, 0.0,  82.0,       ,      ,      ,        ,        ,        ,        ,        ,        ,        ,        ,      
regehro01, 2002,     1, CAL , NHL , D  , 76.0,  0.0,  12.0,  12.0,  87.0, -9.0 ,  0.0,  3.0,  0.0,  1.0,  0.0, 0.0, 109.0,       ,      ,      ,        ,        ,        ,        ,        ,        ,        ,        ,      
regehro01, 2003,     1, CAL , NHL , D  , 82.0,  4.0,  14.0,  18.0,  74.0, 14.0 ,  2.0,  5.0,  0.0,  2.0,  1.0, 0.0, 106.0,   26.0,   2.0,   7.0,     9.0,    20.0, 7.0    ,     0.0,     3.0,     0.0,     0.0,     0.0,    29.0
regehro01, 2005,     1, CAL , NHL , D  , 68.0,  6.0,  20.0,  26.0,  67.0, 6.0  ,  5.0, 10.0,  0.0,  0.0,  2.0,    ,  89.0,    7.0,   1.0,   3.0,     4.0,     6.0, 3.0    ,     1.0,     2.0,     0.0,     0.0,     0.0,     9.0
regehro01, 2006,     1, CAL , NHL , D  , 78.0,  2.0,  19.0,  21.0,  75.0, 27.0 ,  0.0,  5.0,  0.0,  2.0,  0.0,    ,  66.0,    1.0,   0.0,   0.0,     0.0,     0.0, -1.0   ,     0.0,     0.0,     0.0,     0.0,     0.0,     0.0
regehro01, 2007,     1, CAL , NHL , D  , 82.0,  5.0,  15.0,  20.0,  79.0, 11.0 ,  1.0,  2.0,  1.0,  1.0,  0.0,    ,  93.0,    7.0,   0.0,   2.0,     2.0,     2.0, 0.0    ,     0.0,     0.0,     0.0,     0.0,     0.0,     3.0
regehro01, 2008,     1, CAL , NHL , D  , 75.0,  0.0,   8.0,   8.0,  73.0, 10.0 ,  0.0,  0.0,  0.0,  0.0,  0.0,    ,  79.0,       ,      ,      ,        ,        ,        ,        ,        ,        ,        ,        ,      
regehro01, 2009,     1, CAL , NHL , D  , 81.0,  2.0,  15.0,  17.0,  80.0, 2.0  ,  0.0,  3.0,  0.0,  1.0,  0.0,    ,  78.0,       ,      ,      ,        ,        ,        ,        ,        ,        ,        ,        ,      
regieda01, 1977,     1, CLE , NHL , D  , 15.0,  0.0,   1.0,   1.0,  28.0, -5.0 ,  0.0,     ,  0.0,     ,  0.0, 0.0,   8.0,       ,      ,      ,        ,        ,        ,        ,        ,        ,        ,        ,      
regieda01, 1982,     1, NYI , NHL , D  ,  6.0,  0.0,   0.0,   0.0,   7.0, 0.0  ,  0.0,     ,  0.0,     ,  0.0, 0.0,   3.0,       ,      ,      ,        ,        ,        ,        ,        ,        ,        ,        ,      
regieda01, 1983,     1, NYI , NHL , D  ,  5.0,  0.0,   1.0,   1.0,   0.0, 2.0  ,  0.0,     ,  0.0,     ,  0.0, 0.0,   6.0,       ,      ,      ,        ,        ,        ,        ,        ,        ,        ,        ,      
regiest01, 2005,     1, NYI , NHL , L  ,  9.0,  0.0,   0.0,   0.0,   0.0, -1.0 ,  0.0,  0.0,  0.0,  0.0,  0.0,    ,   4.0,       ,      ,      ,        ,        ,        ,        ,        ,        ,        ,        ,      
regiest01, 2006,     1, NYI , NHL , L  ,  1.0,  0.0,   0.0,   0.0,   0.0, 0.0  ,  0.0,  0.0,  0.0,  0.0,  0.0,    ,   0.0,       ,      ,      ,        ,        ,        ,        ,        ,        ,        ,        ,      
regiest01, 2007,     1, NYI , NHL , L  ,  8.0,  0.0,   0.0,   0.0,   4.0, -1.0 ,  0.0,  0.0,  0.0,  0.0,  0.0,    ,   7.0,       ,      ,      ,        ,        ,        ,        ,        ,        ,        ,        ,      
regiest01, 2008,     1, STL , NHL , L  ,  8.0,  3.0,   1.0,   4.0,   4.0, -1.0 ,  2.0,  0.0,  0.0,  0.0,  0.0,    ,  11.0,       ,      ,      ,        ,        ,        ,        ,        ,        ,        ,        ,      
reginpe01, 2008,     1, OTT , NHL , C  , 11.0,  1.0,   1.0,   2.0,   2.0, 0.0  ,  0.0,  0.0,  0.0,  0.0,  1.0,    ,   7.0,       ,      ,      ,        ,        ,        ,        ,        ,        ,        ,        ,      
reginpe01, 2009,     1, OTT , NHL , C  , 75.0, 13.0,  16.0,  29.0,  20.0, 10.0 ,  1.0,  4.0,  0.0,  0.0,  1.0,    , 135.0,    6.0,   3.0,   1.0,     4.0,     6.0, -1.0   ,     0.0,     1.0,     0.0,     0.0,     0.0,    11.0
reibedu01, 1953,     1, DET , NHL , C  , 69.0, 15.0,  33.0,  48.0,  18.0,      ,     ,     ,     ,     ,     ,    ,      ,    9.0,   1.0,   3.0,     4.0,     0.0,        ,        ,        ,        ,        ,        ,      
reibedu01, 1954,     1, DET , NHL , C  , 70.0, 25.0,  41.0,  66.0,  15.0,      ,     ,     ,     ,     ,     ,    ,      ,   11.0,   5.0,   7.0,    12.0,     2.0,        ,        ,        ,        ,        ,        ,      
reibedu01, 1955,     1, DET , NHL , C  , 68.0, 17.0,  39.0,  56.0,  10.0,      ,     ,     ,     ,     ,     ,    ,      ,   10.0,   0.0,   2.0,     2.0,     2.0,        ,        ,        ,        ,        ,        ,      
reibedu01, 1956,     1, DET , NHL , C  , 70.0, 13.0,  23.0,  36.0,   6.0,      ,     ,     ,     ,     ,     ,    ,      ,    5.0,   0.0,   2.0,     2.0,     0.0,        ,        ,        ,        ,        ,        ,      
reibedu01, 1957,     1, DET , NHL , C  , 29.0,  4.0,   5.0,   9.0,   4.0,      ,     ,     ,     ,     ,     ,    ,      ,       ,      ,      ,        ,        ,        ,        ,        ,        ,        ,        ,      
reibedu01, 1957,     2, CHI , NHL , C  , 40.0,  4.0,  12.0,  16.0,   6.0,      ,     ,     ,     ,     ,     ,    ,      ,       ,      ,      ,        ,        ,        ,        ,        ,        ,        ,        ,      
reibedu01, 1958,     1, BOS , NHL , C  , 63.0,  6.0,   8.0,  14.0,  16.0,      ,     ,     ,     ,     ,     ,    ,      ,    4.0,   0.0,   0.0,     0.0,     0.0,        ,        ,        ,        ,        ,        ,      
reichcr01, 1996,     1, ANA , NHL , R  ,  3.0,  0.0,   0.0,   0.0,   0.0, -2.0 ,  0.0,  0.0,  0.0,  0.0,  0.0, 0.0,   3.0,       ,      ,      ,        ,        ,        ,        ,        ,        ,        ,        ,      
reichcr02, 1972,     1, NRA , WHA , L  , 73.0, 13.0,  14.0,  27.0, 127.0,      ,  0.0,     ,  0.0,     ,     ,    ,      ,       ,      ,      ,        ,        ,        ,        ,        ,        ,        ,        ,      
reichcr02, 1973,     1, NYJ , WHA , L  , 72.0, 10.0,   8.0,  18.0, 114.0,      ,  0.0,     ,  0.0,     ,  0.0,    ,      ,       ,      ,      ,        ,        ,        ,        ,        ,        ,        ,        ,      
reichcr02, 1974,     1, SDM , WHA , L  , 28.0,  2.0,   1.0,   3.0,  58.0,      ,     ,     ,     ,     ,     ,    ,  35.0,       ,      ,      ,        ,        ,        ,        ,        ,        ,        ,        ,      
reichcr02, 1974,     2, MIB , WHA , L  , 16.0,  0.0,   2.0,   2.0,  23.0,      ,  0.0,     ,  0.0,     ,  0.0,    ,  18.0,       ,      ,      ,        ,        ,        ,        ,        ,        ,        ,        ,      
reichje01, 2003,     1, CBS , NHL , L  ,  9.0,  0.0,   1.0,   1.0,  20.0, -3.0 ,  0.0,  0.0,  0.0,  0.0,  0.0, 0.0,   3.0,       ,      ,      ,        ,        ,        ,        ,        ,        ,        ,        ,      
reichje01, 2006,     1, BOS , NHL , C  , 32.0,  0.0,   1.0,   1.0,  63.0, -10.0,  0.0,  0.0,  0.0,  0.0,  0.0,    ,  27.0,       ,      ,      ,        ,        ,        ,        ,        ,        ,        ,        ,      
reichje01, 2007,     1, BOS , NHL , L  , 58.0,  2.0,   2.0,   4.0,  78.0, -5.0 ,  0.0,  0.0,  0.0,  1.0,  1.0,    ,  39.0,    4.0,   0.0,   0.0,     0.0,     8.0, -1.0   ,     0.0,     0.0,     0.0,     0.0,     0.0,     3.0
reichro01, 1990,     1, CAL , NHL , L  , 66.0, 19.0,  22.0,  41.0,  22.0, 17.0 ,  3.0,  7.0,  0.0,  0.0,  3.0, 0.0, 131.0,    6.0,   1.0,   1.0,     2.0,     0.0, 0.0    ,     1.0,     1.0,     0.0,     0.0,     0.0,    15.0
reichro01, 1991,     1, CAL , NHL , C  , 77.0, 20.0,  34.0,  54.0,  32.0, 1.0  ,  8.0, 16.0,  0.0,  0.0,  3.0, 0.0, 181.0,       ,      ,      ,        ,        ,        ,        ,        ,        ,        ,        ,      
reichro01, 1992,     1, CAL , NHL , C  , 80.0, 40.0,  48.0,  88.0,  54.0, 25.0 , 12.0, 16.0,  0.0,  0.0,  5.0, 0.0, 238.0,    6.0,   2.0,   4.0,     6.0,     2.0, -6.0   ,     2.0,     3.0,     0.0,     0.0,     0.0,    18.0
reichro01, 1993,     1, CAL , NHL , C  , 84.0, 40.0,  53.0,  93.0,  58.0, 20.0 , 14.0, 21.0,  0.0,  0.0,  6.0, 0.0, 249.0,    7.0,   0.0,   5.0,     5.0,     0.0, 3.0    ,     0.0,     1.0,     0.0,     0.0,     0.0,    24.0
reichro01, 1994,     1, CAL , NHL , C  , 48.0, 18.0,  17.0,  35.0,  28.0, -2.0 ,  5.0,  8.0,  0.0,  0.0,  2.0, 0.0, 160.0,    7.0,   2.0,   4.0,     6.0,     4.0, 1.0    ,     0.0,     1.0,     0.0,     0.0,     1.0,    20.0
reichro01, 1996,     1, CAL , NHL , C  , 70.0, 16.0,  27.0,  43.0,  22.0, -2.0 ,  6.0, 11.0,  0.0,  0.0,  3.0, 0.0, 181.0,       ,      ,      ,        ,        ,        ,        ,        ,        ,        ,        ,      
reichro01, 1996,     2, NYI , NHL , C  , 12.0,  5.0,  14.0,  19.0,   4.0, 7.0  ,  0.0,  3.0,  1.0,  0.0,  0.0, 0.0,  33.0,       ,      ,      ,        ,        ,        ,        ,        ,        ,        ,        ,      
reichro01, 1997,     1, NYI , NHL , C  , 82.0, 25.0,  40.0,  65.0,  32.0, -11.0,  8.0, 24.0,  0.0,  0.0,  2.0, 2.0, 201.0,       ,      ,      ,        ,        ,        ,        ,        ,        ,        ,        ,      
reichro01, 1998,     1, NYI , NHL , C  , 70.0, 19.0,  37.0,  56.0,  50.0, -15.0,  5.0, 23.0,  1.0,  0.0,  1.0, 1.0, 186.0,       ,      ,      ,        ,        ,        ,        ,        ,        ,        ,        ,      
reichro01, 1998,     2, PHO , NHL , C  , 13.0,  7.0,   6.0,  13.0,   4.0, 2.0  ,  3.0,  1.0,  0.0,  0.0,  3.0, 0.0,  50.0,    7.0,   1.0,   3.0,     4.0,     2.0, -2.0   ,     0.0,     2.0,     0.0,     0.0,     0.0,    16.0
reichro01, 2001,     1, TOR , NHL , C  , 78.0, 20.0,  31.0,  51.0,  26.0, 7.0  ,  1.0,  7.0,  0.0,  2.0,  3.0, 0.0, 152.0,   18.0,   0.0,   3.0,     3.0,     4.0, -6.0   ,     0.0,     1.0,     0.0,     0.0,     0.0,    22.0
reichro01, 2002,     1, TOR , NHL , C  , 81.0, 12.0,  30.0,  42.0,  26.0, 7.0  ,  1.0,  9.0,  1.0,  0.0,  1.0, 0.0, 111.0,    7.0,   2.0,   1.0,     3.0,     0.0, -4.0   ,     0.0,     1.0,     0.0,     0.0,     0.0,    16.0
reichro01, 2003,     1, TOR , NHL , C  , 69.0, 11.0,  19.0,  30.0,  30.0, 2.0  ,  2.0,  9.0,  0.0,  0.0,  2.0, 0.0, 100.0,   12.0,   0.0,   2.0,     2.0,     8.0, 4.0    ,     0.0,     0.0,     0.0,     0.0,     0.0,    18.0
reidbr01 , 2002,     1, VAN , NHL , C  ,  7.0,  2.0,   3.0,   5.0,   0.0, 4.0  ,  0.0,  0.0,  0.0,  0.0,  0.0, 0.0,  15.0,    9.0,   0.0,   1.0,     1.0,     0.0, 0.0    ,     0.0,     0.0,     0.0,     0.0,     0.0,     8.0
reidbr01 , 2003,     1, VAN , NHL , C  ,  3.0,  0.0,   1.0,   1.0,   0.0, 1.0  ,  0.0,  0.0,  0.0,  0.0,  0.0, 0.0,   2.0,       ,      ,      ,        ,        ,        ,        ,        ,        ,        ,        ,      
reidbr01 , 2006,     1, VAN , NHL , C  ,  3.0,  0.0,   0.0,   0.0,   0.0, -1.0 ,  0.0,  0.0,  0.0,  0.0,  0.0,    ,   8.0,    1.0,   0.0,   1.0,     1.0,     0.0, 1.0    ,     0.0,     0.0,     0.0,     0.0,     0.0,     2.0
reidch01 , 1921,     1, CAT , WCHL, G  , 24.0,  0.0,   0.0,   0.0,   0.0,      ,     ,     ,     ,     ,     ,    ,      ,    2.0,   0.0,   0.0,     0.0,     0.0,        ,        ,        ,        ,        ,        ,      
reidch01 , 1922,     1, CAT , WCHL, G  , 11.0,  0.0,   0.0,   0.0,   0.0,      ,     ,     ,     ,     ,     ,    ,      ,       ,      ,      ,        ,        ,        ,        ,        ,        ,        ,        ,      
reidch01 , 1922,     2, VAM , PCHA, G  ,  5.0,  0.0,   0.0,   0.0,   0.0,      ,     ,     ,     ,     ,     ,    ,      ,       ,      ,      ,        ,        ,        ,        ,        ,        ,        ,        ,      
reidch01 , 1923,     1, CAT , WCHL, G  , 30.0,  0.0,   0.0,   0.0,   0.0,      ,     ,     ,     ,     ,     ,    ,      ,    5.0,   0.0,   0.0,     0.0,     0.0,        ,        ,        ,        ,        ,        ,      
reidch01 , 1924,     1, VMR , WCHL, G  , 17.0,  0.0,   0.0,   0.0,   0.0,      ,     ,     ,     ,     ,     ,    ,      ,       ,      ,      ,        ,        ,        ,        ,        ,        ,        ,        ,      
reidda01 , 1952,     1, TOR , NHL , C  ,  2.0,  0.0,   0.0,   0.0,   0.0,      ,     ,     ,     ,     ,     ,    ,      ,       ,      ,      ,        ,        ,        ,        ,        ,        ,        ,        ,      
reidda01 , 1954,     1, TOR , NHL , C  ,  1.0,  0.0,   0.0,   0.0,   0.0,      ,     ,     ,     ,     ,     ,    ,      ,       ,      ,      ,        ,        ,        ,        ,        ,        ,        ,        ,      
reidda01 , 1955,     1, TOR , NHL , C  ,  4.0,  0.0,   0.0,   0.0,   0.0,      ,     ,     ,     ,     ,     ,    ,      ,       ,      ,      ,        ,        ,        ,        ,        ,        ,        ,        ,      
reidda02 , 1983,     1, BOS , NHL , L  ,  8.0,  1.0,   0.0,   1.0,   2.0, 1.0  ,  0.0,     ,  0.0,     ,  0.0, 0.0,   4.0,       ,      ,      ,        ,        ,        ,        ,        ,        ,        ,        ,      
reidda02 , 1984,     1, BOS , NHL , L  , 35.0, 14.0,  13.0,  27.0,  27.0, -1.0 ,  2.0,     ,  0.0,     ,  5.0, 0.0,  52.0,    5.0,   1.0,   0.0,     1.0,     0.0, 0.0    ,     0.0,        ,     0.0,        ,     0.0,    11.0
reidda02 , 1985,     1, BOS , NHL , L  , 37.0, 10.0,  10.0,  20.0,  10.0, 2.0  ,  4.0,     ,  0.0,     ,  1.0, 1.0,  53.0,       ,      ,      ,        ,        ,        ,        ,        ,        ,        ,        ,      
reidda02 , 1986,     1, BOS , NHL , L  , 12.0,  3.0,   3.0,   6.0,   0.0, -1.0 ,  0.0,     ,  0.0,     ,  0.0, 0.0,  19.0,    2.0,   0.0,   0.0,     0.0,     0.0, -1.0   ,     0.0,        ,     0.0,        ,     0.0,     1.0
reidda02 , 1987,     1, BOS , NHL , L  ,  3.0,  0.0,   0.0,   0.0,   0.0, 0.0  ,  0.0,  0.0,  0.0,  0.0,  0.0, 0.0,   2.0,       ,      ,      ,        ,        ,        ,        ,        ,        ,        ,        ,      
reidda02 , 1988,     1, TOR , NHL , L  , 77.0,  9.0,  21.0,  30.0,  22.0, 12.0 ,  1.0,  1.0,  1.0,  1.0,  0.0, 0.0,  87.0,       ,      ,      ,        ,        ,        ,        ,        ,        ,        ,        ,      
reidda02 , 1989,     1, TOR , NHL , L  , 70.0,  9.0,  19.0,  28.0,   9.0, -8.0 ,  0.0,  0.0,  4.0,  3.0,  1.0, 0.0,  97.0,    3.0,   0.0,   0.0,     0.0,     0.0, -2.0   ,     0.0,     0.0,     0.0,     0.0,     0.0,     1.0
reidda02 , 1990,     1, TOR , NHL , L  , 69.0, 15.0,  13.0,  28.0,  18.0, -10.0,  1.0,  2.0,  8.0,  2.0,  0.0, 0.0, 110.0,       ,      ,      ,        ,        ,        ,        ,        ,        ,        ,        ,      
reidda02 , 1991,     1, BOS , NHL , C  , 43.0,  7.0,   7.0,  14.0,  27.0, 5.0  ,  2.0,  1.0,  1.0,  0.0,  0.0, 0.0,  70.0,   15.0,   2.0,   5.0,     7.0,     4.0, 2.0    ,     0.0,     1.0,     0.0,     0.0,     1.0,    17.0
reidda02 , 1992,     1, BOS , NHL , L  , 65.0, 20.0,  16.0,  36.0,  10.0, 12.0 ,  1.0,  1.0,  5.0,  3.0,  2.0, 0.0, 116.0,       ,      ,      ,        ,        ,        ,        ,        ,        ,        ,        ,      
reidda02 , 1993,     1, BOS , NHL , L  , 83.0,  6.0,  17.0,  23.0,  25.0, 10.0 ,  0.0,  0.0,  2.0,  4.0,  1.0, 0.0, 145.0,   13.0,   2.0,   1.0,     3.0,     2.0, -1.0   ,     0.0,     0.0,     1.0,     0.0,     0.0,    23.0
reidda02 , 1994,     1, BOS , NHL , C  , 38.0,  5.0,   5.0,  10.0,  10.0, 8.0  ,  0.0,  0.0,  0.0,  0.0,  0.0, 1.0,  47.0,    5.0,   0.0,   0.0,     0.0,     0.0, 1.0    ,     0.0,     0.0,     0.0,     0.0,     0.0,     2.0
reidda02 , 1995,     1, BOS , NHL , C  , 63.0, 23.0,  21.0,  44.0,   4.0, 14.0 ,  1.0,  0.0,  6.0,  1.0,  3.0, 1.0, 160.0,    5.0,   0.0,   2.0,     2.0,     2.0, -3.0   ,     0.0,     1.0,     0.0,     0.0,     0.0,     4.0
reidda02 , 1996,     1, DAL , NHL , L  , 82.0, 19.0,  20.0,  39.0,  10.0, 12.0 ,  1.0,  1.0,  1.0,  2.0,  4.0, 0.0, 135.0,    7.0,   1.0,   0.0,     1.0,     4.0, -2.0   ,     0.0,     0.0,     0.0,     0.0,     0.0,    10.0
reidda02 , 1997,     1, DAL , NHL , L  , 65.0,  6.0,  12.0,  18.0,  14.0, -15.0,  3.0,  3.0,  0.0,  0.0,  1.0, 0.0,  90.0,    5.0,   0.0,   3.0,     3.0,     2.0, -2.0   ,     0.0,     3.0,     0.0,     0.0,     0.0,     8.0
reidda02 , 1998,     1, DAL , NHL , L  , 73.0,  6.0,  11.0,  17.0,  16.0, 0.0  ,  1.0,  0.0,  0.0,  0.0,  1.0, 0.0,  81.0,   23.0,   2.0,   8.0,    10.0,    14.0, 4.0    ,     0.0,     1.0,     0.0,     0.0,     0.0,    30.0
reidda02 , 1999,     1, COL , NHL , L  , 65.0, 11.0,   7.0,  18.0,  28.0, 12.0 ,  0.0,  0.0,  0.0,  0.0,  3.0, 0.0,  86.0,   17.0,   1.0,   3.0,     4.0,     0.0, 4.0    ,     0.0,     0.0,     0.0,     0.0,     0.0,    24.0
reidda02 , 2000,     1, COL , NHL , R  , 73.0,  1.0,   9.0,  10.0,  21.0, 1.0  ,  0.0,  0.0,  0.0,  1.0,  0.0, 0.0,  66.0,   18.0,   0.0,   4.0,     4.0,     6.0, 2.0    ,     0.0,     0.0,     0.0,     0.0,     0.0,     8.0
reidda03 , 2005,     1, TBL , NHL , R  ,  7.0,  0.0,   1.0,   1.0,   0.0, -2.0 ,  0.0,  0.0,  0.0,  0.0,  0.0,    ,   3.0,       ,      ,      ,        ,        ,        ,        ,        ,        ,        ,        ,      
reidda03 , 2006,     1, PHI , NHL , R  , 14.0,  0.0,   0.0,   0.0,  18.0, -7.0 ,  0.0,  0.0,  0.0,  0.0,  0.0,    ,   8.0,       ,      ,      ,        ,        ,        ,        ,        ,        ,        ,        ,      
reidge01 , 1948,     1, DET , NHL , C  ,     ,     ,      ,      ,      ,      ,     ,     ,     ,     ,     ,    ,      ,    2.0,   0.0,   0.0,     0.0,     2.0,        ,        ,        ,        ,        ,        ,      
reidgo01 , 1936,     1, NYA , NHL , D  ,  1.0,  0.0,   0.0,   0.0,   2.0,      ,     ,     ,     ,     ,     ,    ,      ,       ,      ,      ,        ,        ,        ,        ,        ,        ,        ,        ,      
reidre01 , 1924,     1, TRS , NHL , F  , 27.0,  1.0,   0.0,   1.0,   2.0,      ,     ,     ,     ,     ,     ,    ,      ,    2.0,   0.0,   0.0,     0.0,     0.0,        ,        ,        ,        ,        ,        ,      
reidre01 , 1925,     1, TRS , NHL , F  , 12.0,  0.0,   0.0,   0.0,   2.0,      ,     ,     ,     ,     ,     ,    ,      ,       ,      ,      ,        ,        ,        ,        ,        ,        ,        ,        ,      
reidto01 , 1967,     1, CHI , NHL , D  , 56.0,  0.0,   4.0,   4.0,  25.0, 1.0  ,  0.0,     ,  0.0,     ,  0.0, 0.0,  24.0,    9.0,   0.0,   0.0,     0.0,     2.0,        ,     0.0,        ,     0.0,        ,     0.0,      
reidto01 , 1968,     1, CHI , NHL , D  , 30.0,  0.0,   3.0,   3.0,  12.0, -4.0 ,  0.0,     ,  0.0,     ,  0.0, 0.0,   6.0,       ,      ,      ,        ,        ,        ,        ,        ,        ,        ,        ,      
reidto01 , 1968,     2, MNS , NHL , D  , 18.0,  0.0,   4.0,   4.0,  38.0, -13.0,  0.0,     ,  0.0,     ,  0.0, 0.0,  16.0,       ,      ,      ,        ,        ,        ,        ,        ,        ,        ,        ,      
reidto01 , 1969,     1, MNS , NHL , D  , 66.0,  1.0,   7.0,   8.0,  51.0, -10.0,  0.0,     ,  0.0,     ,  1.0, 0.0,  89.0,    6.0,   0.0,   1.0,     1.0,     4.0,        ,     0.0,        ,     0.0,        ,     0.0,      
reidto01 , 1970,     1, MNS , NHL , D  , 73.0,  3.0,  14.0,  17.0,  62.0, -6.0 ,  0.0,     ,  0.0,     ,  1.0, 0.0, 111.0,   12.0,   0.0,   6.0,     6.0,    20.0,        ,     0.0,        ,     0.0,        ,     0.0,      
reidto01 , 1971,     1, MNS , NHL , D  , 78.0,  6.0,  15.0,  21.0, 107.0, 13.0 ,  1.0,     ,  0.0,     ,  1.0, 1.0, 111.0,    7.0,   1.0,   4.0,     5.0,    17.0,        ,     0.0,        ,     0.0,        ,     0.0,      
reidto01 , 1972,     1, MNS , NHL , D  , 60.0,  1.0,  13.0,  14.0,  50.0, 15.0 ,  0.0,     ,  0.0,     ,  0.0, 0.0,  79.0,    6.0,   0.0,   2.0,     2.0,     4.0,        ,     0.0,        ,     0.0,        ,     0.0,      
reidto01 , 1973,     1, MNS , NHL , D  , 76.0,  4.0,  19.0,  23.0,  81.0, -22.0,  0.0,     ,  0.0,     ,  0.0, 1.0, 118.0,       ,      ,      ,        ,        ,        ,        ,        ,        ,        ,        ,      
reidto01 , 1974,     1, MNS , NHL , D  , 74.0,  1.0,   5.0,   6.0, 103.0, -39.0,  0.0,     ,  0.0,     ,  1.0, 0.0,  98.0,       ,      ,      ,        ,        ,        ,        ,        ,        ,        ,        ,      
reidto01 , 1975,     1, MNS , NHL , D  , 69.0,  0.0,  15.0,  15.0,  52.0, -24.0,  0.0,     ,  0.0,     ,  0.0, 0.0,  90.0,       ,      ,      ,        ,        ,        ,        ,        ,        ,        ,        ,      
reidto01 , 1976,     1, MNS , NHL , D  , 65.0,  0.0,   8.0,   8.0,  52.0, -16.0,  0.0,     ,  0.0,     ,  0.0, 0.0,  45.0,    2.0,   0.0,   0.0,     0.0,     2.0,        ,     0.0,        ,     0.0,        ,     0.0,      
reidto01 , 1977,     1, MNS , NHL , D  , 36.0,  1.0,   6.0,   7.0,  21.0, -26.0,  0.0,     ,  0.0,     ,  1.0, 0.0,  26.0,       ,      ,      ,        ,        ,        ,        ,        ,        ,        ,        ,      
reierda01, 1988,     1, CAL , NHL , D  ,  2.0,  0.0,   0.0,   0.0,   2.0, 1.0  ,  0.0,  0.0,  0.0,  0.0,  0.0, 0.0,   1.0,       ,      ,      ,        ,        ,        ,        ,        ,        ,        ,        ,      
reigled01, 1950,     1, BOS , NHL , D  , 17.0,  0.0,   2.0,   2.0,  25.0,      ,     ,     ,     ,     ,     ,    ,      ,       ,      ,      ,        ,        ,        ,        ,        ,        ,        ,        ,      
reinhpa01, 1979,     1, ATF , NHL , D  , 79.0,  9.0,  38.0,  47.0,  31.0, 11.0 ,  4.0,     ,  0.0,     ,  1.0, 0.0, 130.0,       ,      ,      ,        ,        ,        ,        ,        ,        ,        ,        ,      
reinhpa01, 1980,     1, CAL , NHL , D  , 74.0, 18.0,  49.0,  67.0,  52.0, 10.0 , 10.0,     ,  0.0,     ,  0.0, 0.0, 122.0,   16.0,   1.0,  14.0,    15.0,    16.0,        ,     1.0,        ,     0.0,        ,     0.0,      
reinhpa01, 1981,     1, CAL , NHL , D  , 62.0, 13.0,  48.0,  61.0,  17.0, 1.0  ,  8.0,     ,  0.0,     ,  0.0, 0.0, 116.0,    3.0,   0.0,   1.0,     1.0,     2.0,        ,     0.0,        ,     0.0,        ,     0.0,      
reinhpa01, 1982,     1, CAL , NHL , D  , 78.0, 17.0,  58.0,  75.0,  28.0, 1.0  ,  5.0,     ,  0.0,     ,  1.0, 2.0, 152.0,    9.0,   6.0,   3.0,     9.0,     2.0,        ,     4.0,        ,     1.0,        ,     0.0,      
reinhpa01, 1983,     1, CAL , NHL , D  , 27.0,  6.0,  15.0,  21.0,  10.0, -10.0,  3.0,     ,  0.0,     ,  1.0, 0.0,  92.0,   11.0,   6.0,  11.0,    17.0,     2.0, 6.0    ,     0.0,        ,     1.0,        ,     0.0,    31.0
reinhpa01, 1984,     1, CAL , NHL , D  , 75.0, 23.0,  46.0,  69.0,  18.0, 3.0  , 12.0,     ,  2.0,     ,  5.0, 0.0, 173.0,    4.0,   1.0,   1.0,     2.0,     0.0, -3.0   ,     0.0,        ,     0.0,        ,     0.0,     7.0
reinhpa01, 1985,     1, CAL , NHL , D  , 32.0,  8.0,  25.0,  33.0,  15.0, 4.0  ,  4.0,     ,  0.0,     ,  2.0, 0.0,  58.0,   21.0,   5.0,  13.0,    18.0,     4.0, -2.0   ,     4.0,        ,     0.0,        ,     0.0,    34.0
reinhpa01, 1986,     1, CAL , NHL , D  , 76.0, 15.0,  53.0,  68.0,  22.0, 7.0  ,  7.0,     ,  0.0,     ,  2.0, 1.0, 120.0,    4.0,   0.0,   1.0,     1.0,     6.0, -1.0   ,     0.0,        ,     0.0,        ,     0.0,     9.0
reinhpa01, 1987,     1, CAL , NHL , D  , 14.0,  0.0,   4.0,   4.0,  10.0, 0.0  ,  0.0,  4.0,  0.0,  0.0,  0.0, 0.0,  22.0,    8.0,   2.0,   7.0,     9.0,     6.0, -1.0   ,     1.0,     4.0,     0.0,     0.0,     0.0,    12.0
reinhpa01, 1988,     1, VAN , NHL , D  , 64.0,  7.0,  50.0,  57.0,  44.0, -4.0 ,  3.0, 36.0,  0.0,  0.0,  1.0, 0.0, 133.0,    7.0,   2.0,   3.0,     5.0,     4.0, -3.0   ,     1.0,     2.0,     0.0,     0.0,     2.0,    20.0
reinhpa01, 1989,     1, VAN , NHL , D  , 67.0, 17.0,  40.0,  57.0,  30.0, 2.0  ,  9.0, 22.0,  1.0,  0.0,  1.0, 2.0, 139.0,       ,      ,      ,        ,        ,        ,        ,        ,        ,        ,        ,      
reiniol01, 1924,     1, VMR , WCHL, R  , 19.0,  1.0,   0.0,   1.0,   4.0,      ,     ,     ,     ,     ,     ,    ,      ,       ,      ,      ,        ,        ,        ,        ,        ,        ,        ,        ,      
reiniol01, 1925,     1, VMR , WCHL, R  , 27.0, 10.0,   2.0,  12.0,   8.0,      ,     ,     ,     ,     ,     ,    ,      ,       ,      ,      ,        ,        ,        ,        ,        ,        ,        ,        ,      
reiniol01, 1926,     1, NYR , NHL , F  , 16.0,  0.0,   0.0,   0.0,   0.0,      ,     ,     ,     ,     ,     ,    ,      ,       ,      ,      ,        ,        ,        ,        ,        ,        ,        ,        ,      
reinpst01, 1999,     1, LAK , NHL , C  ,  1.0,  0.0,   0.0,   0.0,   2.0, 0.0  ,  0.0,  0.0,  0.0,  0.0,  0.0, 0.0,   0.0,       ,      ,      ,        ,        ,        ,        ,        ,        ,        ,        ,      
reinpst01, 2000,     1, LAK , NHL , C  , 59.0, 12.0,  17.0,  29.0,  12.0, 11.0 ,  3.0,  1.0,  2.0,  2.0,  3.0, 0.0,  72.0,       ,      ,      ,        ,        ,        ,        ,        ,        ,        ,        ,      
reinpst01, 2000,     2, COL , NHL , C  , 21.0,  3.0,   4.0,   7.0,   2.0, -1.0 ,  0.0,  0.0,  0.0,  1.0,  0.0, 0.0,  28.0,   22.0,   2.0,   3.0,     5.0,     2.0, 0.0    ,     0.0,     0.0,     0.0,     0.0,     0.0,    14.0
reinpst01, 2001,     1, COL , NHL , C  , 67.0, 19.0,  27.0,  46.0,  18.0, 14.0 ,  4.0, 10.0,  0.0,  3.0,  3.0, 1.0, 111.0,   21.0,   7.0,   5.0,    12.0,     8.0, 7.0    ,     0.0,     0.0,     0.0,     0.0,     2.0,    29.0
reinpst01, 2002,     1, COL , NHL , C  , 77.0, 18.0,  33.0,  51.0,  18.0, -6.0 ,  2.0, 13.0,  1.0,  1.0,  1.0, 0.0, 146.0,    7.0,   1.0,   2.0,     3.0,     0.0, 1.0    ,     0.0,     0.0,     0.0,     0.0,     0.0,     9.0
reinpst01, 2003,     1, CAL , NHL , C  , 44.0,  7.0,  22.0,  29.0,   4.0, 1.0  ,  3.0, 11.0,  0.0,  0.0,  1.0, 0.0,  68.0,       ,      ,      ,        ,        ,        ,        ,        ,        ,        ,        ,      
reinpst01, 2005,     1, CAL , NHL , C  , 52.0, 10.0,  19.0,  29.0,  24.0, 10.0 ,  5.0,  6.0,  0.0,  0.0,  1.0,    ,  72.0,       ,      ,      ,        ,        ,        ,        ,        ,        ,        ,        ,      
reinpst01, 2005,     2, PHO , NHL , C  , 28.0, 12.0,  11.0,  23.0,   8.0, 1.0  ,  4.0,  3.0,  1.0,  0.0,  2.0,    ,  58.0,       ,      ,      ,        ,        ,        ,        ,        ,        ,        ,        ,      
reinpst01, 2006,     1, PHO , NHL , C  , 49.0,  9.0,  24.0,  33.0,  28.0, -3.0 ,  2.0, 10.0,  0.0,  0.0,  1.0,    ,  71.0,       ,      ,      ,        ,        ,        ,        ,        ,        ,        ,        ,      
reinpst01, 2007,     1, PHO , NHL , C  , 81.0, 16.0,  30.0,  46.0,  26.0, -3.0 ,  5.0,  7.0,  1.0,  0.0,  0.0,    , 105.0,       ,      ,      ,        ,        ,        ,        ,        ,        ,        ,        ,      
reinpst01, 2008,     1, PHO , NHL , C  , 73.0, 14.0,  27.0,  41.0,  20.0, 0.0  ,  3.0,  4.0,  0.0,  0.0,  3.0,    ,  95.0,       ,      ,      ,        ,        ,        ,        ,        ,        ,        ,        ,      
reinpst01, 2009,     1, FLO , NHL , C  , 82.0, 16.0,  22.0,  38.0,  18.0, -1.0 ,  3.0,  7.0,  0.0,  0.0,  1.0,    , 124.0,       ,      ,      ,        ,        ,        ,        ,        ,        ,        ,        ,      
reirdto01, 1998,     1, EDM , NHL , D  , 17.0,  2.0,   3.0,   5.0,  20.0, -1.0 ,  0.0,  1.0,  0.0,  0.0,  0.0, 0.0,  26.0,       ,      ,      ,        ,        ,        ,        ,        ,        ,        ,        ,      
reirdto01, 1999,     1, STL , NHL , D  , 56.0,  4.0,  21.0,  25.0,  32.0, 18.0 ,  0.0,  5.0,  0.0,  0.0,  1.0, 0.0,  77.0,    4.0,   0.0,   1.0,     1.0,     0.0, -1.0   ,     0.0,     0.0,     0.0,     0.0,     0.0,     7.0
reirdto01, 2000,     1, STL , NHL , D  , 38.0,  2.0,   4.0,   6.0,  43.0, -2.0 ,  1.0,  2.0,  0.0,  0.0,  0.0, 0.0,  58.0,    1.0,   0.0,   0.0,     0.0,     0.0, 0.0    ,     0.0,     0.0,     0.0,     0.0,     0.0,     0.0
reirdto01, 2001,     1, ATL , NHL , D  , 65.0,  3.0,   5.0,   8.0,  82.0, -25.0,  1.0,  1.0,  0.0,  0.0,  0.0, 0.0,  85.0,       ,      ,      ,        ,        ,        ,        ,        ,        ,        ,        ,      
reirdto01, 2003,     1, PHO , NHL , D  ,  7.0,  0.0,   2.0,   2.0,   4.0, -4.0 ,  0.0,  0.0,  0.0,  1.0,  0.0, 0.0,   9.0,       ,      ,      ,        ,        ,        ,        ,        ,        ,        ,        ,      
reisele01, 1920,     1, HAM , NHL , D  ,  6.0,  2.0,   0.0,   2.0,   8.0,      ,     ,     ,     ,     ,     ,    ,      ,       ,      ,      ,        ,        ,        ,        ,        ,        ,        ,        ,      
reisele01, 1921,     1, HAM , NHL , D  , 24.0,  9.0,  14.0,  23.0,  11.0,      ,     ,     ,     ,     ,     ,    ,      ,       ,      ,      ,        ,        ,        ,        ,        ,        ,        ,        ,      
reisele01, 1922,     1, HAM , NHL , D  , 24.0,  6.0,   6.0,  12.0,  35.0,      ,     ,     ,     ,     ,     ,    ,      ,       ,      ,      ,        ,        ,        ,        ,        ,        ,        ,        ,      
reisele01, 1923,     1, HAM , NHL , D  ,  4.0,  0.0,   0.0,   0.0,   4.0,      ,     ,     ,     ,     ,     ,    ,      ,       ,      ,      ,        ,        ,        ,        ,        ,        ,        ,        ,      
reisele01, 1923,     2, SAC , WCHL, D  , 18.0,  4.0,   2.0,   6.0,   6.0,      ,     ,     ,     ,     ,     ,    ,      ,       ,      ,      ,        ,        ,        ,        ,        ,        ,        ,        ,      
reisele01, 1924,     1, SAS , WCHL, D  , 28.0,  8.0,   3.0,  11.0,  46.0,      ,     ,     ,     ,     ,     ,    ,      ,    2.0,   0.0,   0.0,     0.0,     0.0,        ,        ,        ,        ,        ,        ,      
reisele01, 1925,     1, SAS , WCHL, D  , 30.0,  2.0,  10.0,  12.0,  32.0,      ,     ,     ,     ,     ,     ,    ,      ,    2.0,   0.0,   0.0,     0.0,     4.0,        ,        ,        ,        ,        ,        ,      
reisele01, 1926,     1, NYA , NHL , D  , 40.0,  7.0,   6.0,  13.0,  24.0,      ,     ,     ,     ,     ,     ,    ,      ,       ,      ,      ,        ,        ,        ,        ,        ,        ,        ,        ,      
reisele01, 1927,     1, NYA , NHL , D  , 43.0,  8.0,   1.0,   9.0,  62.0,      ,     ,     ,     ,     ,     ,    ,      ,       ,      ,      ,        ,        ,        ,        ,        ,        ,        ,        ,      
reisele01, 1928,     1, NYA , NHL , D  , 44.0,  4.0,   1.0,   5.0,  32.0,      ,     ,     ,     ,     ,     ,    ,      ,    2.0,   0.0,   0.0,     0.0,     0.0,        ,        ,        ,        ,        ,        ,      
reisele01, 1929,     1, NYA , NHL , D  , 24.0,  3.0,   2.0,   5.0,  12.0,      ,     ,     ,     ,     ,     ,    ,      ,       ,      ,      ,        ,        ,        ,        ,        ,        ,        ,        ,      
reisele01, 1929,     2, NYR , NHL , D  , 14.0,  0.0,   1.0,   1.0,   8.0,      ,     ,     ,     ,     ,     ,    ,      ,    4.0,   0.0,   0.0,     0.0,    16.0,        ,        ,        ,        ,        ,        ,      
reisele02, 1945,     1, CHI , NHL , D  ,  6.0,  0.0,   0.0,   0.0,   6.0,      ,     ,     ,     ,     ,     ,    ,      ,       ,      ,      ,        ,        ,        ,        ,        ,        ,        ,        ,      
reisele02, 1946,     1, CHI , NHL , D  , 17.0,  0.0,   0.0,   0.0,  18.0,      ,     ,     ,     ,     ,     ,    ,      ,       ,      ,      ,        ,        ,        ,        ,        ,        ,        ,        ,      
reisele02, 1946,     2, DET , NHL , D  , 31.0,  4.0,   6.0,  10.0,  14.0,      ,     ,     ,     ,     ,     ,    ,      ,    5.0,   0.0,   1.0,     1.0,     4.0,        ,        ,        ,        ,        ,        ,      
reisele02, 1947,     1, DET , NHL , D  , 58.0,  5.0,   4.0,   9.0,  30.0,      ,     ,     ,     ,     ,     ,    ,      ,   10.0,   2.0,   1.0,     3.0,    12.0,        ,        ,        ,        ,        ,        ,      
reisele02, 1948,     1, DET , NHL , D  , 59.0,  3.0,   7.0,  10.0,  60.0,      ,     ,     ,     ,     ,     ,    ,      ,   11.0,   1.0,   0.0,     1.0,     4.0,        ,        ,        ,        ,        ,        ,      
reisele02, 1949,     1, DET , NHL , D  , 70.0,  4.0,  17.0,  21.0,  46.0,      ,     ,     ,     ,     ,     ,    ,      ,   14.0,   2.0,   0.0,     2.0,    19.0,        ,        ,        ,        ,        ,        ,      
reisele02, 1950,     1, DET , NHL , D  , 68.0,  5.0,  16.0,  21.0,  67.0,      ,     ,     ,     ,     ,     ,    ,      ,    6.0,   2.0,   3.0,     5.0,     2.0,        ,        ,        ,        ,        ,        ,      
reisele02, 1951,     1, DET , NHL , D  , 54.0,  0.0,  11.0,  11.0,  34.0,      ,     ,     ,     ,     ,     ,    ,      ,    6.0,   1.0,   0.0,     1.0,    27.0,        ,        ,        ,        ,        ,        ,      
reisele02, 1952,     1, NYR , NHL , D  , 61.0,  4.0,  15.0,  19.0,  53.0,      ,     ,     ,     ,     ,     ,    ,      ,       ,      ,      ,        ,        ,        ,        ,        ,        ,        ,        ,      
reisele02, 1953,     1, NYR , NHL , D  , 70.0,  3.0,   5.0,   8.0,  71.0,      ,     ,     ,     ,     ,     ,    ,      ,       ,      ,      ,        ,        ,        ,        ,        ,        ,        ,        ,      
reitzer01, 2005,     1, MIN , NHL , D  ,  5.0,  0.0,   0.0,   0.0,   4.0, -2.0 ,  0.0,  0.0,  0.0,  0.0,  0.0,    ,   0.0,       ,      ,      ,        ,        ,        ,        ,        ,        ,        ,        ,      
reitzer01, 2006,     1, MIN , NHL , D  ,  1.0,  0.0,   0.0,   0.0,   0.0, 1.0  ,  0.0,  0.0,  0.0,  0.0,  0.0,    ,   0.0,       ,      ,      ,        ,        ,        ,        ,        ,        ,        ,        ,      
reitzer01, 2007,     1, MIN , NHL , D  ,     ,     ,      ,      ,      ,      ,     ,     ,     ,     ,     ,    ,      ,    2.0,   0.0,   0.0,     0.0,     0.0, -1.0   ,     0.0,     0.0,     0.0,     0.0,     0.0,     0.0
reitzer01, 2008,     1, MIN , NHL , D  , 31.0,  1.0,   1.0,   2.0,  41.0, -2.0 ,  0.0,  0.0,  0.0,  0.0,  0.0,    ,  15.0,       ,      ,      ,        ,        ,        ,        ,        ,        ,        ,        ,      
reitzer01, 2008,     2, NYR , NHL , D  , 11.0,  0.0,   0.0,   0.0,  24.0, -4.0 ,  0.0,  0.0,  0.0,  0.0,  0.0,    ,   7.0,       ,      ,      ,        ,        ,        ,        ,        ,        ,        ,        ,      
renauma01, 1979,     1, HAR , NHL , D  , 13.0,  0.0,   2.0,   2.0,   4.0, -1.0 ,  0.0,     ,  0.0,     ,  0.0, 0.0,   9.0,       ,      ,      ,        ,        ,        ,        ,        ,        ,        ,        ,      
renauma01, 1980,     1, HAR , NHL , D  ,  4.0,  1.0,   0.0,   1.0,   0.0, 0.0  ,  0.0,     ,  0.0,     ,  0.0, 0.0,   1.0,       ,      ,      ,        ,        ,        ,        ,        ,        ,        ,        ,      
renauma01, 1981,     1, HAR , NHL , D  , 48.0,  1.0,  17.0,  18.0,  39.0, -17.0,  0.0,     ,  0.0,     ,  0.0, 0.0,  72.0,       ,      ,      ,        ,        ,        ,        ,        ,        ,        ,        ,      
renauma01, 1982,     1, HAR , NHL , D  , 77.0,  3.0,  28.0,  31.0,  37.0, -42.0,  1.0,     ,  0.0,     ,  0.0, 0.0,  87.0,       ,      ,      ,        ,        ,        ,        ,        ,        ,        ,        ,      
renauma01, 1983,     1, BUF , NHL , D  , 10.0,  1.0,   3.0,   4.0,   6.0, 1.0  ,  0.0,     ,  0.0,     ,  0.0, 0.0,  11.0,       ,      ,      ,        ,        ,        ,        ,        ,        ,        ,        ,      
renbemi01, 1993,     1, PHI , NHL , R  , 83.0, 38.0,  44.0,  82.0,  36.0, 8.0  ,  9.0, 14.0,  0.0,  0.0,  1.0, 0.0, 195.0,       ,      ,      ,        ,        ,        ,        ,        ,        ,        ,        ,      
renbemi01, 1994,     1, PHI , NHL , R  , 47.0, 26.0,  31.0,  57.0,  20.0, 20.0 ,  8.0,  4.0,  0.0,  0.0,  4.0, 0.0, 143.0,   15.0,   6.0,   7.0,    13.0,     6.0, 5.0    ,     2.0,     3.0,     0.0,     0.0,     0.0,    45.0
renbemi01, 1995,     1, PHI , NHL , R  , 51.0, 23.0,  20.0,  43.0,  45.0, 8.0  ,  9.0,  8.0,  0.0,  0.0,  4.0, 0.0, 198.0,   11.0,   3.0,   6.0,     9.0,    14.0, 1.0    ,     1.0,     2.0,     0.0,     0.0,     0.0,    22.0
renbemi01, 1996,     1, PHI , NHL , R  , 77.0, 22.0,  37.0,  59.0,  65.0, 36.0 ,  1.0,  8.0,  0.0,  0.0,  4.0, 1.0, 249.0,   18.0,   5.0,   6.0,    11.0,     4.0, 1.0    ,     2.0,     1.0,     0.0,     0.0,     0.0,    35.0
renbemi01, 1997,     1, TBL , NHL , R  , 68.0, 16.0,  22.0,  38.0,  34.0, -37.0,  6.0,  8.0,  3.0,  0.0,  0.0, 1.0, 175.0,       ,      ,      ,        ,        ,        ,        ,        ,        ,        ,        ,      
renbemi01, 1998,     1, TBL , NHL , R  , 20.0,  4.0,   8.0,  12.0,   4.0, -2.0 ,  2.0,  2.0,  0.0,  0.0,  0.0, 0.0,  42.0,       ,      ,      ,        ,        ,        ,        ,        ,        ,        ,        ,      
renbemi01, 1998,     2, PHI , NHL , R  , 46.0, 11.0,  15.0,  26.0,  14.0, 7.0  ,  4.0,  2.0,  0.0,  0.0,  2.0, 0.0, 112.0,    6.0,   0.0,   1.0,     1.0,     0.0, -1.0   ,     0.0,     0.0,     0.0,     0.0,     0.0,    18.0
renbemi01, 1999,     1, PHI , NHL , R  , 62.0,  8.0,  21.0,  29.0,  30.0, -1.0 ,  3.0,  6.0,  0.0,  0.0,  1.0, 0.0, 106.0,       ,      ,      ,        ,        ,        ,        ,        ,        ,        ,        ,      
renbemi01, 1999,     2, PHO , NHL , R  , 10.0,  2.0,   4.0,   6.0,   2.0, 0.0  ,  0.0,  1.0,  0.0,  0.0,  0.0, 0.0,  16.0,    5.0,   1.0,   2.0,     3.0,     4.0, -2.0   ,     0.0,     0.0,     0.0,     0.0,     1.0,     7.0
renbemi01, 2001,     1, TOR , NHL , R  , 71.0, 14.0,  38.0,  52.0,  36.0, 11.0 ,  4.0,  7.0,  0.0,  0.0,  3.0, 0.0, 130.0,    3.0,   0.0,   0.0,     0.0,     2.0, 1.0    ,     0.0,     0.0,     0.0,     0.0,     0.0,     6.0
renbemi01, 2002,     1, TOR , NHL , R  , 67.0, 14.0,  21.0,  35.0,  36.0, 5.0  ,  7.0,  5.0,  0.0,  0.0,  1.0, 0.0, 137.0,    7.0,   1.0,   0.0,     1.0,     8.0, -4.0   ,     1.0,     0.0,     0.0,     0.0,     1.0,     3.0
renbemi01, 2003,     1, TOR , NHL , L  , 59.0, 12.0,  13.0,  25.0,  50.0, -1.0 ,  2.0,  5.0,  0.0,  0.0,  1.0, 0.0,  88.0,    2.0,   0.0,   0.0,     0.0,     4.0, 0.0    ,     0.0,     0.0,     0.0,     0.0,     0.0,     2.0
repikmi01, 2008,     1, FLO , NHL , R  ,  5.0,  2.0,   0.0,   2.0,   2.0, 1.0  ,  0.0,  0.0,  0.0,  0.0,  0.0,    ,   7.0,       ,      ,      ,        ,        ,        ,        ,        ,        ,        ,        ,      
repikmi01, 2009,     1, FLO , NHL , R  , 19.0,  3.0,   2.0,   5.0,   6.0, 1.0  ,  0.0,  0.0,  0.0,  0.0,  0.0,    ,  23.0,       ,      ,      ,        ,        ,        ,        ,        ,        ,        ,        ,      
repose01 , 1976,     1, PHR , WHA , C  , 80.0, 29.0,  31.0,  60.0,  10.0, -35.0,  5.0,     ,  0.0,     ,     ,    , 143.0,       ,      ,      ,        ,        ,        ,        ,        ,        ,        ,        ,      
repose01 , 1978,     1, FIN , WHA ,    ,  1.0,  0.0,   0.0,   0.0,   0.0,      ,  0.0,     ,  0.0,     ,  0.0,    ,      ,       ,      ,      ,        ,        ,        ,        ,        ,        ,        ,        ,      
reschgl01, 1973,     1, NYI , NHL , G  ,  2.0,  0.0,   0.0,   0.0,   0.0, 0.0  ,  0.0,     ,  0.0,     ,  0.0, 0.0,   0.0,       ,      ,      ,        ,        ,        ,        ,        ,        ,        ,        ,      
reschgl01, 1974,     1, NYI , NHL , G  , 25.0,  0.0,   0.0,   0.0,   0.0, 0.0  ,  0.0,     ,  0.0,     ,  0.0, 0.0,   0.0,   12.0,   0.0,   0.0,     0.0,     4.0,        ,     0.0,        ,     0.0,        ,     0.0,      
reschgl01, 1975,     1, NYI , NHL , G  , 44.0,  0.0,   1.0,   1.0,   0.0, 0.0  ,  0.0,     ,  0.0,     ,  0.0, 0.0,   0.0,    7.0,   0.0,   0.0,     0.0,     0.0,        ,     0.0,        ,     0.0,        ,     0.0,      
reschgl01, 1976,     1, NYI , NHL , G  , 46.0,  0.0,   1.0,   1.0,   0.0, 0.0  ,  0.0,     ,  0.0,     ,  0.0, 0.0,   0.0,    3.0,   0.0,   0.0,     0.0,     0.0,        ,     0.0,        ,     0.0,        ,     0.0,      
reschgl01, 1977,     1, NYI , NHL , G  , 45.0,  0.0,   1.0,   1.0,  12.0, 0.0  ,  0.0,     ,  0.0,     ,  0.0, 0.0,   0.0,    7.0,   0.0,   0.0,     0.0,     0.0,        ,     0.0,        ,     0.0,        ,     0.0,      
reschgl01, 1978,     1, NYI , NHL , G  , 43.0,  0.0,   2.0,   2.0,   6.0, 0.0  ,  0.0,     ,  0.0,     ,  0.0, 0.0,   0.0,    5.0,   0.0,   0.0,     0.0,     0.0,        ,     0.0,        ,     0.0,        ,     0.0,      
reschgl01, 1979,     1, NYI , NHL , G  , 45.0,  0.0,   3.0,   3.0,   4.0, 0.0  ,  0.0,     ,  0.0,     ,  0.0, 0.0,   0.0,    4.0,   0.0,   0.0,     0.0,     0.0,        ,     0.0,        ,     0.0,        ,     0.0,      
reschgl01, 1980,     1, NYI , NHL , G  , 32.0,  0.0,   1.0,   1.0,   0.0, 0.0  ,  0.0,     ,  0.0,     ,  0.0, 0.0,   0.0,       ,      ,      ,        ,        ,        ,        ,        ,        ,        ,        ,      
reschgl01, 1980,     2, COR , NHL , G  ,  8.0,  0.0,   0.0,   0.0,   0.0, 0.0  ,  0.0,     ,  0.0,     ,  0.0, 0.0,   0.0,       ,      ,      ,        ,        ,        ,        ,        ,        ,        ,        ,      
reschgl01, 1981,     1, COR , NHL , G  , 61.0,  0.0,   2.0,   2.0,   8.0, 0.0  ,  0.0,     ,  0.0,     ,  0.0, 0.0,   0.0,       ,      ,      ,        ,        ,        ,        ,        ,        ,        ,        ,      
reschgl01, 1982,     1, NJD , NHL , G  , 65.0,  0.0,   3.0,   3.0,   6.0, 0.0  ,  0.0,     ,  0.0,     ,  0.0, 0.0,   0.0,       ,      ,      ,        ,        ,        ,        ,        ,        ,        ,        ,      
reschgl01, 1983,     1, NJD , NHL , G  , 51.0,  0.0,   2.0,   2.0,  12.0, 0.0  ,  0.0,     ,  0.0,     ,  0.0, 0.0,   0.0,       ,      ,      ,        ,        ,        ,        ,        ,        ,        ,        ,      
reschgl01, 1984,     1, NJD , NHL , G  , 51.0,  0.0,   0.0,   0.0,   6.0, 0.0  ,  0.0,     ,  0.0,     ,  0.0, 0.0,   0.0,       ,      ,      ,        ,        ,        ,        ,        ,        ,        ,        ,      
reschgl01, 1985,     1, NJD , NHL , G  , 31.0,  0.0,   0.0,   0.0,  14.0, 0.0  ,  0.0,     ,  0.0,     ,  0.0, 0.0,   0.0,       ,      ,      ,        ,        ,        ,        ,        ,        ,        ,        ,      
reschgl01, 1985,     2, PHI , NHL , G  ,  5.0,  0.0,   0.0,   0.0,   0.0, 0.0  ,  0.0,     ,  0.0,     ,  0.0, 0.0,   0.0,    1.0,   0.0,   0.0,     0.0,     0.0, 0.0    ,     0.0,        ,     0.0,        ,     0.0,     0.0
reschgl01, 1986,     1, PHI , NHL , G  , 17.0,  0.0,   0.0,   0.0,   0.0, 0.0  ,  0.0,     ,  0.0,     ,  0.0, 0.0,   0.0,    2.0,   0.0,   0.0,     0.0,     0.0, 0.0    ,     0.0,        ,     0.0,        ,     0.0,     0.0
reynobo01, 1989,     1, TOR , NHL , L  ,  7.0,  1.0,   1.0,   2.0,   0.0, -3.0 ,  0.0,  0.0,  0.0,  0.0,  0.0, 0.0,  13.0,       ,      ,      ,        ,        ,        ,        ,        ,        ,        ,        ,      
reynor01 , 1916,     1, TOB , NHA ,    ,  5.0,  6.0,   0.0,   6.0,   0.0,      ,     ,     ,     ,     ,     ,    ,      ,       ,      ,      ,        ,        ,        ,        ,        ,        ,        ,        ,      
rheauhe01, 1925,     1, MTL , NHL , G  , 31.0,  0.0,   0.0,   0.0,   0.0,      ,     ,     ,     ,     ,     ,    ,      ,       ,      ,      ,        ,        ,        ,        ,        ,        ,        ,        ,      
rheaupa01, 1996,     1, NJD , NHL , C  ,  2.0,  1.0,   0.0,   1.0,   0.0, 1.0  ,  0.0,  0.0,  0.0,  0.0,  0.0, 0.0,   5.0,       ,      ,      ,        ,        ,        ,        ,        ,        ,        ,        ,      
rheaupa01, 1997,     1, STL , NHL , L  , 48.0,  6.0,   9.0,  15.0,  35.0, 4.0  ,  1.0,  2.0,  0.0,  0.0,  0.0, 0.0,  45.0,   10.0,   1.0,   3.0,     4.0,     8.0, 0.0    ,     1.0,     0.0,     0.0,     0.0,     0.0,    10.0
rheaupa01, 1998,     1, STL , NHL , C  , 60.0,  9.0,  18.0,  27.0,  24.0, 10.0 ,  2.0,  0.0,  0.0,  0.0,  0.0, 0.0,  85.0,    5.0,   1.0,   0.0,     1.0,     4.0, 1.0    ,     0.0,     0.0,     0.0,     0.0,     0.0,    10.0
rheaupa01, 1999,     1, STL , NHL , C  ,  7.0,  1.0,   1.0,   2.0,   6.0, -2.0 ,  0.0,  0.0,  0.0,  0.0,  0.0, 0.0,   5.0,       ,      ,      ,        ,        ,        ,        ,        ,        ,        ,        ,      
rheaupa01, 2000,     1, STL , NHL , L  ,  8.0,  2.0,   0.0,   2.0,   5.0, -1.0 ,  2.0,  0.0,  0.0,  0.0,  0.0, 0.0,  16.0,    3.0,   0.0,   1.0,     1.0,     0.0, 1.0    ,     0.0,     0.0,     0.0,     0.0,     0.0,     4.0
rheaupa01, 2001,     1, CHI , NHL , C  , 19.0,  0.0,   2.0,   2.0,   4.0, -1.0 ,  0.0,  0.0,  0.0,  0.0,  0.0, 0.0,  19.0,       ,      ,      ,        ,        ,        ,        ,        ,        ,        ,        ,      
rheaupa01, 2001,     2, ATL , NHL , C  , 42.0, 11.0,   9.0,  20.0,  25.0, -3.0 ,  6.0,  2.0,  0.0,  0.0,  2.0, 0.0,  61.0,       ,      ,      ,        ,        ,        ,        ,        ,        ,        ,        ,      
rheaupa01, 2002,     1, ATL , NHL , C  , 56.0,  4.0,   9.0,  13.0,  24.0, -8.0 ,  0.0,  1.0,  2.0,  1.0,  1.0, 0.0,  70.0,       ,      ,      ,        ,        ,        ,        ,        ,        ,        ,        ,      
rheaupa01, 2002,     2, NJD , NHL , C  , 21.0,  4.0,   1.0,   5.0,   8.0, 3.0  ,  0.0,  0.0,  1.0,  0.0,  1.0, 0.0,  23.0,   24.0,   1.0,   2.0,     3.0,    13.0, -2.0   ,     0.0,     0.0,     0.0,     0.0,     0.0,    30.0
rheaupa01, 2003,     1, NYR , NHL , C  , 17.0,  0.0,   0.0,   0.0,   5.0, -3.0 ,  0.0,  0.0,  0.0,  0.0,  0.0, 0.0,  15.0,       ,      ,      ,        ,        ,        ,        ,        ,        ,        ,        ,      
rheaupa01, 2003,     2, STL , NHL , C  , 25.0,  1.0,   3.0,   4.0,   4.0, -3.0 ,  0.0,  0.0,  0.0,  0.0,  0.0, 0.0,  23.0,    3.0,   0.0,   0.0,     0.0,     2.0, -1.0   ,     0.0,     0.0,     0.0,     0.0,     0.0,     2.0
rheaupa01, 2005,     1, NJD , NHL , C  , 12.0,  0.0,   0.0,   0.0,   4.0, -6.0 ,  0.0,  0.0,  0.0,  0.0,  0.0,    ,  11.0,       ,      ,      ,        ,        ,        ,        ,        ,        ,        ,        ,      
rheaupa01, 2005,     2, PHO , NHL , C  ,  1.0,  0.0,   0.0,   0.0,   0.0, -1.0 ,  0.0,  0.0,  0.0,  0.0,  0.0,    ,   0.0,       ,      ,      ,        ,        ,        ,        ,        ,        ,        ,        ,      
rhinebr01, 1976,     1, SDM , WHA , C  , 58.0,  9.0,  14.0,  23.0,  14.0, -17.0,  0.0,     ,  0.0,     ,     ,    ,  66.0,    5.0,   0.0,   1.0,     1.0,     0.0, 1.0    ,     0.0,        ,     0.0,        ,     0.0,      
rhinebr01, 1977,     1, IND , WHA , C  , 12.0,  3.0,   3.0,   6.0,   2.0, -4.0 ,  0.0,     ,  0.0,     ,     ,    ,  14.0,       ,      ,      ,        ,        ,        ,        ,        ,        ,        ,        ,      
rhodeda01, 1990,     1, TOR , NHL , G  ,  1.0,  0.0,   0.0,   0.0,   0.0, 0.0  ,  0.0,  0.0,  0.0,  0.0,  0.0, 0.0,   0.0,       ,      ,      ,        ,        ,        ,        ,        ,        ,        ,        ,      
rhodeda01, 1993,     1, TOR , NHL , G  , 22.0,  0.0,   0.0,   0.0,   2.0, 0.0  ,  0.0,  0.0,  0.0,  0.0,  0.0, 0.0,   0.0,    1.0,   0.0,   0.0,     0.0,     0.0, 0.0    ,     0.0,     0.0,     0.0,     0.0,     0.0,     0.0
rhodeda01, 1994,     1, TOR , NHL , G  , 13.0,  0.0,   0.0,   0.0,   4.0, 0.0  ,  0.0,  0.0,  0.0,  0.0,  0.0, 0.0,   0.0,       ,      ,      ,        ,        ,        ,        ,        ,        ,        ,        ,      
rhodeda01, 1995,     1, TOR , NHL , G  , 11.0,  0.0,   0.0,   0.0,   0.0, 0.0  ,  0.0,  0.0,  0.0,  0.0,  0.0, 0.0,   0.0,       ,      ,      ,        ,        ,        ,        ,        ,        ,        ,        ,      
rhodeda01, 1995,     2, OTT , NHL , G  , 36.0,  0.0,   2.0,   2.0,   4.0, 0.0  ,  0.0,  0.0,  0.0,  0.0,  0.0, 0.0,   0.0,       ,      ,      ,        ,        ,        ,        ,        ,        ,        ,        ,      
rhodeda01, 1996,     1, OTT , NHL , G  , 50.0,  0.0,   2.0,   2.0,   2.0, 0.0  ,  0.0,  0.0,  0.0,  0.0,  0.0, 0.0,   0.0,       ,      ,      ,        ,        ,        ,        ,        ,        ,        ,        ,      
rhodeda01, 1997,     1, OTT , NHL , G  , 50.0,  0.0,   1.0,   1.0,   0.0, 0.0  ,  0.0,  1.0,  0.0,  0.0,  0.0, 0.0,   0.0,   10.0,   0.0,   0.0,     0.0,     0.0, 0.0    ,     0.0,     0.0,     0.0,     0.0,     0.0,     0.0
rhodeda01, 1998,     1, OTT , NHL , G  , 45.0,  1.0,   1.0,   2.0,   4.0, 0.0  ,  0.0,  1.0,  0.0,  0.0,  0.0, 0.0,   1.0,    2.0,   0.0,   0.0,     0.0,     0.0, 0.0    ,     0.0,     0.0,     0.0,     0.0,     0.0,     0.0
rhodeda01, 1999,     1, ATL , NHL , G  , 28.0,  0.0,   0.0,   0.0,   2.0, 0.0  ,  0.0,  0.0,  0.0,  0.0,  0.0, 0.0,   0.0,       ,      ,      ,        ,        ,        ,        ,        ,        ,        ,        ,      
rhodeda01, 2000,     1, ATL , NHL , G  , 38.0,  0.0,   0.0,   0.0,  16.0, 0.0  ,  0.0,  0.0,  0.0,  0.0,  0.0, 0.0,   0.0,       ,      ,      ,        ,        ,        ,        ,        ,        ,        ,        ,      
rhodeda01, 2001,     1, ATL , NHL , G  , 15.0,  0.0,   0.0,   0.0,   0.0, 0.0  ,  0.0,  0.0,  0.0,  0.0,  0.0, 0.0,   0.0,       ,      ,      ,        ,        ,        ,        ,        ,        ,        ,        ,      
ribblpa01, 1975,     1, ATF , NHL , D  ,  3.0,  0.0,   0.0,   0.0,   0.0, 0.0  ,  0.0,     ,  0.0,     ,  0.0, 0.0,   0.0,       ,      ,      ,        ,        ,        ,        ,        ,        ,        ,        ,      
ribblpa01, 1976,     1, ATF , NHL , D  , 23.0,  2.0,   2.0,   4.0,  31.0, -1.0 ,  0.0,     ,  0.0,     ,  0.0, 0.0,  31.0,    2.0,   0.0,   0.0,     0.0,     6.0,        ,     0.0,        ,     0.0,        ,     0.0,      
ribblpa01, 1977,     1, ATF , NHL , D  , 80.0,  5.0,  12.0,  17.0,  68.0, 4.0  ,  1.0,     ,  0.0,     ,  0.0, 2.0, 106.0,    2.0,   0.0,   1.0,     1.0,     2.0,        ,     0.0,        ,     0.0,        ,     0.0,      
ribblpa01, 1978,     1, ATF , NHL , D  , 66.0,  5.0,  16.0,  21.0,  69.0, 18.0 ,  0.0,     ,  0.0,     ,  0.0, 0.0,  70.0,       ,      ,      ,        ,        ,        ,        ,        ,        ,        ,        ,      
ribblpa01, 1978,     2, CHI , NHL , D  , 12.0,  1.0,   3.0,   4.0,   8.0, 7.0  ,  0.0,     ,  0.0,     ,  1.0, 0.0,  12.0,    4.0,   0.0,   0.0,     0.0,     4.0,        ,     0.0,        ,     0.0,        ,     0.0,      
ribblpa01, 1979,     1, CHI , NHL , D  , 23.0,  1.0,   2.0,   3.0,  14.0, -8.0 ,  0.0,     ,  0.0,     ,  0.0, 0.0,  15.0,       ,      ,      ,        ,        ,        ,        ,        ,        ,        ,        ,      
ribblpa01, 1979,     2, TOR , NHL , D  , 13.0,  0.0,   2.0,   2.0,   8.0, -9.0 ,  0.0,     ,  0.0,     ,  0.0, 0.0,  11.0,       ,      ,      ,        ,        ,        ,        ,        ,        ,        ,        ,      
ribblpa01, 1979,     3, WAS , NHL , D  , 19.0,  1.0,   5.0,   6.0,  30.0, 2.0  ,  0.0,     ,  0.0,     ,  0.0, 0.0,  15.0,       ,      ,      ,        ,        ,        ,        ,        ,        ,        ,        ,      
ribblpa01, 1980,     1, WAS , NHL , D  , 67.0,  3.0,  15.0,  18.0, 103.0, -13.0,  3.0,     ,  0.0,     ,  1.0, 0.0, 115.0,       ,      ,      ,        ,        ,        ,        ,        ,        ,        ,        ,      
ribblpa01, 1981,     1, WAS , NHL , D  , 12.0,  1.0,   2.0,   3.0,  14.0, -4.0 ,  0.0,     ,  0.0,     ,  0.0, 0.0,  15.0,       ,      ,      ,        ,        ,        ,        ,        ,        ,        ,        ,      
ribblpa01, 1981,     2, CAL , NHL , D  ,  3.0,  0.0,   0.0,   0.0,   2.0, 2.0  ,  0.0,     ,  0.0,     ,  0.0, 0.0,   6.0,       ,      ,      ,        ,        ,        ,        ,        ,        ,        ,        ,      
ribblpa01, 1982,     1, CAL , NHL , D  , 28.0,  0.0,   1.0,   1.0,  18.0, -12.0,  0.0,     ,  0.0,     ,  0.0, 0.0,  14.0,       ,      ,      ,        ,        ,        ,        ,        ,        ,        ,        ,      
ribeimi01, 1999,     1, MTL , NHL , C  , 19.0,  1.0,   1.0,   2.0,   2.0, -6.0 ,  1.0,  1.0,  0.0,  0.0,  0.0, 0.0,  18.0,       ,      ,      ,        ,        ,        ,        ,        ,        ,        ,        ,      
ribeimi01, 2000,     1, MTL , NHL , C  ,  2.0,  0.0,   0.0,   0.0,   2.0, 0.0  ,  0.0,  0.0,  0.0,  0.0,  0.0, 0.0,   3.0,       ,      ,      ,        ,        ,        ,        ,        ,        ,        ,        ,      
ribeimi01, 2001,     1, MTL , NHL , L  , 43.0,  8.0,  10.0,  18.0,  12.0, -11.0,  3.0,  3.0,  0.0,  0.0,  0.0, 0.0,  48.0,       ,      ,      ,        ,        ,        ,        ,        ,        ,        ,        ,      
ribeimi01, 2002,     1, MTL , NHL , L  , 52.0,  5.0,  12.0,  17.0,   6.0, -3.0 ,  2.0,  2.0,  0.0,  0.0,  0.0, 0.0,  57.0,       ,      ,      ,        ,        ,        ,        ,        ,        ,        ,        ,      
ribeimi01, 2003,     1, MTL , NHL , C  , 81.0, 20.0,  45.0,  65.0,  34.0, 15.0 ,  7.0, 17.0,  0.0,  0.0,  5.0, 1.0, 103.0,   11.0,   2.0,   1.0,     3.0,    18.0, 0.0    ,     0.0,     0.0,     0.0,     0.0,     0.0,    14.0
ribeimi01, 2005,     1, MTL , NHL , L  , 79.0, 16.0,  35.0,  51.0,  36.0, -6.0 ,  8.0, 17.0,  0.0,  0.0,  2.0,    , 130.0,    6.0,   0.0,   2.0,     2.0,     0.0, 1.0    ,     0.0,     2.0,     0.0,     0.0,     0.0,    12.0
ribeimi01, 2006,     1, DAL , NHL , C  , 81.0, 18.0,  41.0,  59.0,  22.0, 3.0  ,  6.0, 21.0,  0.0,  0.0,  3.0,    , 111.0,    7.0,   0.0,   3.0,     3.0,     4.0, -3.0   ,     0.0,     3.0,     0.0,     0.0,     0.0,     8.0
ribeimi01, 2007,     1, DAL , NHL , C  , 76.0, 27.0,  56.0,  83.0,  46.0, 21.0 ,  7.0, 24.0,  0.0,  0.0,  5.0,    , 107.0,   18.0,   3.0,  14.0,    17.0,    16.0, 0.0    ,     0.0,    11.0,     0.0,     0.0,     0.0,    34.0
ribeimi01, 2008,     1, DAL , NHL , C  , 82.0, 22.0,  56.0,  78.0,  52.0, -4.0 ,  7.0, 16.0,  0.0,  0.0,  1.0,    , 163.0,       ,      ,      ,        ,        ,        ,        ,        ,        ,        ,        ,      
ribeimi01, 2009,     1, DAL , NHL , C  , 66.0, 19.0,  34.0,  53.0,  38.0, -5.0 ,  8.0, 15.0,  2.0,  2.0,  0.0,    , 155.0,       ,      ,      ,        ,        ,        ,        ,        ,        ,        ,        ,      
riccimi01, 1990,     1, PHI , NHL , C  , 68.0, 21.0,  20.0,  41.0,  64.0, -8.0 ,  9.0,  6.0,  0.0,  0.0,  4.0, 0.0, 121.0,       ,      ,      ,        ,        ,        ,        ,        ,        ,        ,        ,      
riccimi01, 1991,     1, PHI , NHL , C  , 78.0, 20.0,  36.0,  56.0,  93.0, -10.0, 11.0, 10.0,  2.0,  1.0,  0.0, 0.0, 149.0,       ,      ,      ,        ,        ,        ,        ,        ,        ,        ,        ,      
riccimi01, 1992,     1, QUE , NHL , C  , 77.0, 27.0,  51.0,  78.0, 123.0, 8.0  , 12.0, 23.0,  1.0,  3.0, 10.0, 1.0, 142.0,    6.0,   0.0,   6.0,     6.0,     8.0, 5.0    ,     0.0,     2.0,     0.0,     0.0,     0.0,     7.0
riccimi01, 1993,     1, QUE , NHL , C  , 83.0, 30.0,  21.0,  51.0, 113.0, -9.0 , 13.0,  5.0,  3.0,  0.0,  6.0, 1.0, 138.0,       ,      ,      ,        ,        ,        ,        ,        ,        ,        ,        ,      
riccimi01, 1994,     1, QUE , NHL , C  , 48.0, 15.0,  21.0,  36.0,  40.0, 5.0  ,  9.0,  7.0,  0.0,  1.0,  1.0, 1.0,  73.0,    6.0,   1.0,   3.0,     4.0,     8.0, 4.0    ,     0.0,     0.0,     0.0,     0.0,     0.0,     9.0
riccimi01, 1995,     1, COL , NHL , C  , 62.0,  6.0,  21.0,  27.0,  52.0, 1.0  ,  3.0,  7.0,  0.0,  0.0,  1.0, 0.0,  73.0,   22.0,   6.0,  11.0,    17.0,    18.0, -1.0   ,     3.0,     4.0,     0.0,     0.0,     1.0,    31.0
riccimi01, 1996,     1, COL , NHL , C  , 63.0, 13.0,  19.0,  32.0,  59.0, -3.0 ,  5.0,  8.0,  0.0,  0.0,  3.0, 0.0,  74.0,   17.0,   2.0,   4.0,     6.0,    17.0, 1.0    ,     0.0,     1.0,     0.0,     0.0,     1.0,    21.0
riccimi01, 1997,     1, COL , NHL , C  ,  6.0,  0.0,   4.0,   4.0,   2.0, 0.0  ,  0.0,  0.0,  0.0,  0.0,  0.0, 0.0,   5.0,       ,      ,      ,        ,        ,        ,        ,        ,        ,        ,        ,      
riccimi01, 1997,     2, SJS , NHL , C  , 59.0,  9.0,  14.0,  23.0,  30.0, -4.0 ,  5.0,  5.0,  0.0,  0.0,  2.0, 0.0,  86.0,    6.0,   1.0,   3.0,     4.0,     6.0, 0.0    ,     0.0,     2.0,     0.0,     0.0,     0.0,     8.0
riccimi01, 1998,     1, SJS , NHL , C  , 82.0, 13.0,  26.0,  39.0,  68.0, 1.0  ,  2.0,  5.0,  1.0,  0.0,  2.0, 1.0,  98.0,    6.0,   2.0,   3.0,     5.0,    10.0, 1.0    ,     1.0,     0.0,     0.0,     0.0,     0.0,     9.0
riccimi01, 1999,     1, SJS , NHL , C  , 82.0, 20.0,  24.0,  44.0,  60.0, 14.0 , 10.0,  4.0,  0.0,  2.0,  5.0, 0.0, 134.0,   12.0,   5.0,   1.0,     6.0,     2.0, -3.0   ,     3.0,     1.0,     0.0,     0.0,     1.0,    20.0
riccimi01, 2000,     1, SJS , NHL , C  , 81.0, 22.0,  22.0,  44.0,  60.0, 3.0  ,  9.0,  9.0,  2.0,  2.0,  4.0, 0.0, 141.0,    6.0,   0.0,   3.0,     3.0,     0.0, -1.0   ,     0.0,     0.0,     0.0,     0.0,     0.0,    10.0
riccimi01, 2001,     1, SJS , NHL , C  , 79.0, 19.0,  34.0,  53.0,  44.0, 9.0  ,  5.0,  7.0,  2.0,  3.0,  0.0, 0.0, 115.0,   12.0,   4.0,   6.0,    10.0,     4.0, 6.0    ,     0.0,     1.0,     0.0,     0.0,     1.0,    17.0
riccimi01, 2002,     1, SJS , NHL , C  , 75.0, 11.0,  23.0,  34.0,  53.0, -12.0,  5.0,  8.0,  1.0,  0.0,  2.0, 0.0, 101.0,       ,      ,      ,        ,        ,        ,        ,        ,        ,        ,        ,      
riccimi01, 2003,     1, SJS , NHL , C  , 71.0,  7.0,  19.0,  26.0,  40.0, 8.0  ,  2.0,  4.0,  0.0,  0.0,  0.0, 0.0,  48.0,   17.0,   2.0,   3.0,     5.0,     4.0, 5.0    ,     0.0,     0.0,     0.0,     0.0,     0.0,    13.0
riccimi01, 2005,     1, PHO , NHL , C  , 78.0, 10.0,   6.0,  16.0,  69.0, -22.0,  5.0,  1.0,  1.0,  1.0,  1.0,    ,  50.0,       ,      ,      ,        ,        ,        ,        ,        ,        ,        ,        ,      
riccimi01, 2006,     1, PHO , NHL , C  ,  7.0,  0.0,   1.0,   1.0,   4.0, -1.0 ,  0.0,  0.0,  0.0,  0.0,  0.0,    ,   4.0,       ,      ,      ,        ,        ,        ,        ,        ,        ,        ,        ,      
riccini01, 1979,     1, PIT , NHL , G  ,  4.0,  0.0,   0.0,   0.0,   0.0, 0.0  ,  0.0,     ,  0.0,     ,  0.0, 0.0,   0.0,       ,      ,      ,        ,        ,        ,        ,        ,        ,        ,        ,      
riccini01, 1980,     1, PIT , NHL , G  ,  9.0,  0.0,   0.0,   0.0,   2.0, 0.0  ,  0.0,     ,  0.0,     ,  0.0, 0.0,   0.0,       ,      ,      ,        ,        ,        ,        ,        ,        ,        ,        ,      
riccini01, 1981,     1, PIT , NHL , G  ,  3.0,  0.0,   0.0,   0.0,   0.0, 0.0  ,  0.0,     ,  0.0,     ,  0.0, 0.0,   0.0,       ,      ,      ,        ,        ,        ,        ,        ,        ,        ,        ,      
riccini01, 1982,     1, PIT , NHL , G  ,  3.0,  0.0,   0.0,   0.0,   0.0, 0.0  ,  0.0,     ,  0.0,     ,  0.0, 0.0,   0.0,       ,      ,      ,        ,        ,        ,        ,        ,        ,        ,        ,      
ricest01 , 1990,     1, NYR , NHL , R  , 11.0,  1.0,   1.0,   2.0,   4.0, 2.0  ,  0.0,  0.0,  0.0,  0.0,  0.0, 0.0,  12.0,    2.0,   2.0,   1.0,     3.0,     6.0, 2.0    ,     1.0,     0.0,     0.0,     0.0,     0.0,     4.0
ricest01 , 1991,     1, EDM , NHL , R  ,  3.0,  0.0,   0.0,   0.0,   2.0, -2.0 ,  0.0,  0.0,  0.0,  0.0,  0.0, 0.0,   2.0,       ,      ,      ,        ,        ,        ,        ,        ,        ,        ,        ,      
ricest01 , 1992,     1, EDM , NHL , R  , 28.0,  2.0,   5.0,   7.0,  28.0, -4.0 ,  0.0,  0.0,  0.0,  0.0,  0.0, 0.0,  29.0,       ,      ,      ,        ,        ,        ,        ,        ,        ,        ,        ,      
ricest01 , 1993,     1, EDM , NHL , R  , 63.0, 17.0,  15.0,  32.0,  36.0, -10.0,  6.0,  4.0,  0.0,  0.0,  1.0, 1.0, 129.0,       ,      ,      ,        ,        ,        ,        ,        ,        ,        ,        ,      
ricest01 , 1994,     1, HAR , NHL , R  , 40.0, 11.0,  10.0,  21.0,  61.0, 2.0  ,  4.0,  4.0,  0.0,  0.0,  1.0, 1.0,  57.0,       ,      ,      ,        ,        ,        ,        ,        ,        ,        ,        ,      
ricest01 , 1995,     1, HAR , NHL , R  , 59.0, 10.0,  12.0,  22.0,  47.0, -4.0 ,  1.0,  3.0,  0.0,  0.0,  2.0, 0.0, 108.0,       ,      ,      ,        ,        ,        ,        ,        ,        ,        ,        ,      
ricest01 , 1996,     1, HAR , NHL , R  , 78.0, 21.0,  14.0,  35.0,  59.0, -11.0,  5.0,  3.0,  0.0,  0.0,  2.0, 0.0, 159.0,       ,      ,      ,        ,        ,        ,        ,        ,        ,        ,        ,      
ricest01 , 1997,     1, CAR , NHL , R  , 47.0,  2.0,   4.0,   6.0,  38.0, -16.0,  0.0,  1.0,  0.0,  0.0,  0.0, 0.0,  39.0,       ,      ,      ,        ,        ,        ,        ,        ,        ,        ,        ,      
richabr01, 2000,     1, TBL , NHL , C  , 82.0, 21.0,  41.0,  62.0,  14.0, -10.0,  7.0, 19.0,  0.0,  0.0,  3.0, 0.0, 179.0,       ,      ,      ,        ,        ,        ,        ,        ,        ,        ,        ,      
richabr01, 2001,     1, TBL , NHL , C  , 82.0, 20.0,  42.0,  62.0,  13.0, -18.0,  5.0, 14.0,  0.0,  0.0,  0.0, 1.0, 251.0,       ,      ,      ,        ,        ,        ,        ,        ,        ,        ,        ,      
richabr01, 2002,     1, TBL , NHL , C  , 80.0, 17.0,  57.0,  74.0,  24.0, 3.0  ,  4.0, 34.0,  0.0,  0.0,  2.0, 0.0, 277.0,   11.0,   0.0,   5.0,     5.0,    12.0, -3.0   ,     0.0,     1.0,     0.0,     0.0,     0.0,    32.0
richabr01, 2003,     1, TBL , NHL , C  , 82.0, 26.0,  53.0,  79.0,  12.0, 14.0 ,  5.0, 21.0,  1.0,  1.0,  6.0, 0.0, 244.0,   23.0,  12.0,  14.0,    26.0,     4.0, 5.0    ,     7.0,     5.0,     0.0,     0.0,     7.0,    88.0
richabr01, 2005,     1, TBL , NHL , C  , 82.0, 23.0,  68.0,  91.0,  32.0, 0.0  ,  7.0, 39.0,  4.0,  1.0,  0.0,    , 282.0,    5.0,   3.0,   5.0,     8.0,     6.0, -5.0   ,     0.0,     2.0,     0.0,     0.0,     0.0,    24.0
richabr01, 2006,     1, TBL , NHL , C  , 82.0, 25.0,  45.0,  70.0,  23.0, -19.0, 12.0, 21.0,  1.0,  1.0,  3.0,    , 272.0,    6.0,   3.0,   5.0,     8.0,     6.0, -4.0   ,     2.0,     2.0,     0.0,     1.0,     0.0,    26.0
richabr01, 2007,     1, TBL , NHL , C  , 62.0, 18.0,  33.0,  51.0,  15.0, -25.0,  9.0, 16.0,  1.0,  1.0,  4.0,    , 228.0,       ,      ,      ,        ,        ,        ,        ,        ,        ,        ,        ,      
richabr01, 2007,     2, DAL , NHL , C  , 12.0,  2.0,   9.0,  11.0,   0.0, -2.0 ,  0.0,  3.0,  1.0,  0.0,  0.0,    ,  21.0,   18.0,   3.0,  12.0,    15.0,     8.0, 1.0    ,     0.0,     5.0,     0.0,     0.0,     0.0,    54.0
richabr01, 2008,     1, DAL , NHL , C  , 56.0, 16.0,  32.0,  48.0,   6.0, -4.0 ,  5.0, 14.0,  0.0,  2.0,  2.0,    , 180.0,       ,      ,      ,        ,        ,        ,        ,        ,        ,        ,        ,      
richabr01, 2009,     1, DAL , NHL , C  , 80.0, 24.0,  67.0,  91.0,  14.0, -12.0, 13.0, 27.0,  0.0,  0.0,  2.0,    , 284.0,       ,      ,      ,        ,        ,        ,        ,        ,        ,        ,        ,      
richabr02, 2005,     1, COL , NHL , C  , 41.0,  3.0,  10.0,  13.0,  12.0, 0.0  ,  1.0,  0.0,  0.0,  0.0,  0.0,    ,  51.0,    9.0,   1.0,   0.0,     1.0,     6.0, -3.0   ,     0.0,     0.0,     0.0,     0.0,     0.0,     7.0
richabr02, 2006,     1, COL , NHL , R  , 73.0, 14.0,   8.0,  22.0,  28.0, 4.0  ,  0.0,  0.0,  3.0,  0.0,  3.0,    , 129.0,       ,      ,      ,        ,        ,        ,        ,        ,        ,        ,        ,      
richabr02, 2007,     1, COL , NHL , R  , 22.0,  2.0,   3.0,   5.0,   8.0, -3.0 ,  0.0,  0.0,  0.0,  0.0,  0.0,    ,  32.0,       ,      ,      ,        ,        ,        ,        ,        ,        ,        ,        ,      
richabr02, 2008,     1, LAK , NHL , R  , 31.0,  0.0,   5.0,   5.0,  11.0, -6.0 ,  0.0,  0.0,  0.0,  0.0,  0.0,    ,  37.0,       ,      ,      ,        ,        ,        ,        ,        ,        ,        ,        ,      
richabr02, 2009,     1, LAK , NHL , R  , 81.0, 11.0,  16.0,  27.0,  37.0, 1.0  ,  0.0,  0.0,  1.0,  1.0,  4.0,    , 148.0,    6.0,   1.0,   1.0,     2.0,     2.0, -7.0   ,     0.0,     0.0,     0.0,     0.0,     1.0,    12.0
richada01, 1963,     1, NYR , NHL , L  , 34.0,  3.0,   1.0,   4.0,  21.0,      ,  0.0,     ,  0.0,     ,  1.0, 0.0,      ,       ,      ,      ,        ,        ,        ,        ,        ,        ,        ,        ,      
richada01, 1964,     1, NYR , NHL , L  ,  7.0,  0.0,   1.0,   1.0,   4.0,      ,  0.0,     ,  0.0,     ,  0.0, 0.0,      ,       ,      ,      ,        ,        ,        ,        ,        ,        ,        ,        ,      
richada01, 1965,     1, CHI , NHL , L  ,  3.0,  0.0,   0.0,   0.0,   2.0,      ,  0.0,     ,  0.0,     ,  0.0, 0.0,      ,       ,      ,      ,        ,        ,        ,        ,        ,        ,        ,        ,      
richada01, 1967,     1, DET , NHL , L  ,  1.0,  0.0,   0.0,   0.0,   0.0, 0.0  ,  0.0,     ,  0.0,     ,  0.0, 0.0,   0.0,       ,      ,      ,        ,        ,        ,        ,        ,        ,        ,        ,      
richagl01, 1975,     1, VAN , NHL , L  , 24.0,  3.0,   6.0,   9.0,  19.0, -1.0 ,  0.0,     ,  0.0,     ,  0.0, 0.0,  27.0,       ,      ,      ,        ,        ,        ,        ,        ,        ,        ,        ,      
richaha01, 1913,     1, QU1 , NHA ,    ,  2.0,  0.0,   0.0,   0.0,   0.0,      ,     ,     ,     ,     ,     ,    ,      ,       ,      ,      ,        ,        ,        ,        ,        ,        ,        ,        ,      
richahe01, 1955,     1, MTL , NHL , C  , 64.0, 19.0,  21.0,  40.0,  46.0,      ,     ,     ,     ,     ,     ,    ,      ,   10.0,   4.0,   4.0,     8.0,    21.0,        ,        ,        ,        ,        ,        ,      
richahe01, 1956,     1, MTL , NHL , C  , 63.0, 18.0,  36.0,  54.0,  71.0,      ,     ,     ,     ,     ,     ,    ,      ,   10.0,   2.0,   6.0,     8.0,    10.0,        ,        ,        ,        ,        ,        ,      
richahe01, 1957,     1, MTL , NHL , C  , 67.0, 28.0,  52.0,  80.0,  56.0,      ,     ,     ,     ,     ,     ,    ,      ,   10.0,   1.0,   7.0,     8.0,    11.0,        ,        ,        ,        ,        ,        ,      
richahe01, 1958,     1, MTL , NHL , C  , 63.0, 21.0,  30.0,  51.0,  33.0,      ,     ,     ,     ,     ,     ,    ,      ,   11.0,   3.0,   8.0,    11.0,    13.0,        ,        ,        ,        ,        ,        ,      
richahe01, 1959,     1, MTL , NHL , C  , 70.0, 30.0,  43.0,  73.0,  66.0,      ,     ,     ,     ,     ,     ,    ,      ,    8.0,   3.0,   9.0,    12.0,     9.0,        ,        ,        ,        ,        ,        ,      
richahe01, 1960,     1, MTL , NHL , C  , 70.0, 24.0,  44.0,  68.0,  91.0,      ,     ,     ,     ,     ,     ,    ,      ,    6.0,   2.0,   4.0,     6.0,    22.0,        ,        ,        ,        ,        ,     0.0,      
richahe01, 1961,     1, MTL , NHL , C  , 54.0, 21.0,  29.0,  50.0,  48.0,      ,     ,     ,     ,     ,     ,    ,      ,       ,      ,      ,        ,        ,        ,        ,        ,        ,        ,        ,      
richahe01, 1962,     1, MTL , NHL , C  , 67.0, 23.0,  50.0,  73.0,  57.0,      ,     ,     ,     ,     ,     ,    ,      ,    5.0,   1.0,   1.0,     2.0,     2.0,        ,        ,        ,        ,        ,     0.0,      
richahe01, 1963,     1, MTL , NHL , C  , 66.0, 14.0,  39.0,  53.0,  73.0,      ,  1.0,     ,  0.0,     ,  1.0, 0.0,      ,    7.0,   1.0,   1.0,     2.0,     9.0,        ,        ,        ,        ,        ,     1.0,      
richahe01, 1964,     1, MTL , NHL , C  , 53.0, 23.0,  29.0,  52.0,  43.0,      ,  5.0,     ,  0.0,     ,  5.0, 1.0,      ,   13.0,   7.0,   4.0,    11.0,    24.0,        ,        ,        ,        ,        ,     0.0,      
richahe01, 1965,     1, MTL , NHL , C  , 62.0, 22.0,  39.0,  61.0,  47.0,      ,  3.0,     ,  0.0,     ,  7.0, 1.0,      ,    8.0,   1.0,   4.0,     5.0,     2.0,        ,        ,        ,        ,        ,     1.0,      
richahe01, 1966,     1, MTL , NHL , C  , 65.0, 21.0,  34.0,  55.0,  28.0,      ,  2.0,     ,  0.0,     ,  1.0, 3.0,      ,   10.0,   4.0,   6.0,    10.0,     2.0,        ,        ,        ,        ,        ,     1.0,      
richahe01, 1967,     1, MTL , NHL , C  , 54.0,  9.0,  19.0,  28.0,  16.0, 4.0  ,  2.0,     ,  0.0,     ,  3.0, 0.0, 123.0,   13.0,   4.0,   4.0,     8.0,     4.0,        ,     1.0,        ,     0.0,        ,     0.0,      
richahe01, 1968,     1, MTL , NHL , C  , 64.0, 15.0,  37.0,  52.0,  45.0, 25.0 ,  2.0,     ,  0.0,     ,  0.0, 0.0, 210.0,   14.0,   2.0,   4.0,     6.0,     8.0,        ,     0.0,        ,     0.0,        ,     0.0,      
richahe01, 1969,     1, MTL , NHL , C  , 62.0, 16.0,  36.0,  52.0,  61.0, 24.0 ,  2.0,     ,  0.0,     ,  4.0, 1.0, 204.0,       ,      ,      ,        ,        ,        ,        ,        ,        ,        ,        ,      
richahe01, 1970,     1, MTL , NHL , C  , 75.0, 12.0,  37.0,  49.0,  46.0, 13.0 ,  1.0,     ,  0.0,     ,  1.0, 1.0, 226.0,   20.0,   5.0,   7.0,    12.0,    20.0,        ,     0.0,        ,     0.0,        ,     1.0,      
richahe01, 1971,     1, MTL , NHL , C  , 75.0, 12.0,  32.0,  44.0,  48.0, 10.0 ,  0.0,     ,  0.0,     ,  1.0, 1.0, 175.0,    6.0,   0.0,   3.0,     3.0,     4.0,        ,     0.0,        ,     0.0,        ,     0.0,      
richahe01, 1972,     1, MTL , NHL , C  , 71.0,  8.0,  35.0,  43.0,  21.0, 34.0 ,  0.0,     ,  0.0,     ,  2.0, 0.0, 133.0,   17.0,   6.0,   4.0,    10.0,    14.0,        ,     0.0,        ,     0.0,        ,     2.0,      
richahe01, 1973,     1, MTL , NHL , C  , 75.0, 19.0,  36.0,  55.0,  28.0, 7.0  ,  1.0,     ,  0.0,     ,  3.0, 1.0, 175.0,    6.0,   2.0,   2.0,     4.0,     2.0,        ,     0.0,        ,     0.0,        ,     0.0,      
richahe01, 1974,     1, MTL , NHL , C  , 16.0,  3.0,  10.0,  13.0,   4.0, 9.0  ,  0.0,     ,  0.0,     ,  0.0, 0.0,  33.0,    6.0,   1.0,   2.0,     3.0,     4.0,        ,     0.0,        ,     0.0,        ,     0.0,      
richaja01, 1972,     1, ATF , NHL , L  , 74.0, 13.0,  18.0,  31.0,  32.0, -24.0,  4.0,     ,  0.0,     ,  2.0, 2.0, 165.0,       ,      ,      ,        ,        ,        ,        ,        ,        ,        ,        ,      
richaja01, 1973,     1, ATF , NHL , R  , 78.0, 27.0,  16.0,  43.0,  45.0, -18.0,  7.0,     ,  0.0,     ,  1.0, 3.0, 270.0,    4.0,   0.0,   0.0,     0.0,     2.0,        ,     0.0,        ,     0.0,        ,     0.0,      
richaja01, 1974,     1, ATF , NHL , L  , 63.0, 17.0,  12.0,  29.0,  31.0, -16.0,  3.0,     ,  0.0,     ,  1.0, 4.0, 172.0,       ,      ,      ,        ,        ,        ,        ,        ,        ,        ,        ,      
richaja01, 1975,     1, BUF , NHL , L  , 73.0, 12.0,  23.0,  35.0,  31.0, 4.0  ,  3.0,     ,  0.0,     ,  5.0, 0.0, 104.0,    9.0,   1.0,   1.0,     2.0,     7.0,        ,     0.0,        ,     0.0,        ,     0.0,      
richaja01, 1976,     1, BUF , NHL , L  , 21.0,  2.0,   0.0,   2.0,  16.0, -3.0 ,  0.0,     ,  0.0,     ,  0.0, 0.0,  20.0,       ,      ,      ,        ,        ,        ,        ,        ,        ,        ,        ,      
richaja01, 1978,     1, BUF , NHL , C  , 61.0, 10.0,  15.0,  25.0,  26.0, 8.0  ,  0.0,     ,  0.0,     ,  1.0, 1.0,  85.0,    3.0,   1.0,   0.0,     1.0,     0.0,        ,     0.0,        ,     0.0,        ,     1.0,      
richaja01, 1979,     1, QUE , NHL , L  , 14.0,  3.0,  12.0,  15.0,   4.0, -7.0 ,  0.0,     ,  0.0,     ,  0.0, 1.0,  45.0,       ,      ,      ,        ,        ,        ,        ,        ,        ,        ,        ,      
richaja01, 1980,     1, QUE , NHL , R  , 78.0, 52.0,  51.0, 103.0,  39.0, -9.0 , 16.0,     ,  0.0,     ,  5.0, 4.0, 261.0,    5.0,   2.0,   4.0,     6.0,    14.0,        ,     1.0,        ,     0.0,        ,     0.0,      
richaja01, 1981,     1, QUE , NHL , R  , 59.0, 15.0,  26.0,  41.0,  77.0, -9.0 ,  1.0,     ,  3.0,     ,  1.0, 0.0, 124.0,   10.0,   1.0,   0.0,     1.0,     9.0,        ,     0.0,        ,     0.0,        ,     0.0,      
richaja01, 1982,     1, QUE , NHL , C  , 35.0,  9.0,  14.0,  23.0,   6.0, 0.0  ,  1.0,     ,  0.0,     ,  1.0, 0.0,  60.0,    4.0,   0.0,   0.0,     0.0,     2.0,        ,     0.0,        ,     0.0,        ,     0.0,      
richaje01, 1987,     1, QUE , NHL , D  ,  4.0,  2.0,   1.0,   3.0,   2.0, -3.0 ,  1.0,  1.0,  0.0,  0.0,  0.0, 0.0,   5.0,       ,      ,      ,        ,        ,        ,        ,        ,        ,        ,        ,      
richaje01, 1989,     1, QUE , NHL , D  ,  1.0,  0.0,   0.0,   0.0,   0.0, -1.0 ,  0.0,  0.0,  0.0,  0.0,  0.0, 0.0,   0.0,       ,      ,      ,        ,        ,        ,        ,        ,        ,        ,        ,      
richake01, 1974,     1, STL , NHL , C  , 21.0,  5.0,   7.0,  12.0,  12.0, 4.0  ,  1.0,     ,  0.0,     ,  1.0, 1.0,  26.0,       ,      ,      ,        ,        ,        ,        ,        ,        ,        ,        ,      
richake01, 1977,     1, STL , NHL , C  , 12.0,  2.0,   5.0,   7.0,   2.0, 4.0  ,  0.0,     ,  0.0,     ,  0.0, 0.0,  14.0,       ,      ,      ,        ,        ,        ,        ,        ,        ,        ,        ,      
richake01, 1978,     1, STL , NHL , C  , 16.0,  1.0,   1.0,   2.0,   2.0, -5.0 ,  0.0,     ,  0.0,     ,  0.0, 0.0,   6.0,       ,      ,      ,        ,        ,        ,        ,        ,        ,        ,        ,      
richalu01, 1987,     1, TOR , NHL , D  , 78.0,  4.0,   6.0,  10.0,  90.0, -25.0,  0.0,  0.0,  0.0,  0.0,  0.0, 0.0,  49.0,    2.0,   0.0,   0.0,     0.0,     0.0, -4.0   ,     0.0,     0.0,     0.0,     0.0,     0.0,     1.0
richalu01, 1988,     1, TOR , NHL , D  , 55.0,  2.0,   7.0,   9.0, 106.0, -15.0,  0.0,  1.0,  0.0,  0.0,  0.0, 0.0,  59.0,       ,      ,      ,        ,        ,        ,        ,        ,        ,        ,        ,      
richalu01, 1989,     1, TOR , NHL , D  , 67.0,  4.0,  14.0,  18.0, 122.0, -1.0 ,  0.0,  3.0,  0.0,  0.0,  0.0, 0.0,  80.0,    5.0,   0.0,   0.0,     0.0,    22.0, -1.0   ,     0.0,     0.0,     0.0,     0.0,     0.0,     5.0
richalu01, 1990,     1, TOR , NHL , D  , 78.0,  1.0,   9.0,  10.0, 238.0, -28.0,  0.0,  0.0,  0.0,  2.0,  0.0, 0.0,  68.0,       ,      ,      ,        ,        ,        ,        ,        ,        ,        ,        ,      
richalu01, 1991,     1, EDM , NHL , D  , 75.0,  2.0,  19.0,  21.0, 118.0, -9.0 ,  0.0,  4.0,  0.0,  1.0,  0.0, 0.0,  85.0,   16.0,   0.0,   5.0,     5.0,    45.0, -2.0   ,     0.0,     0.0,     0.0,     0.0,     0.0,    11.0
richalu01, 1992,     1, EDM , NHL , D  , 82.0,  3.0,  10.0,  13.0, 142.0, -18.0,  0.0,  1.0,  2.0,  2.0,  0.0, 0.0,  78.0,       ,      ,      ,        ,        ,        ,        ,        ,        ,        ,        ,      
richalu01, 1993,     1, EDM , NHL , D  , 69.0,  2.0,   6.0,   8.0, 131.0, -13.0,  0.0,  0.0,  0.0,  0.0,  0.0, 0.0,  92.0,       ,      ,      ,        ,        ,        ,        ,        ,        ,        ,        ,      
richalu01, 1994,     1, EDM , NHL , D  , 46.0,  3.0,  10.0,  13.0,  40.0, -6.0 ,  1.0,  1.0,  1.0,  1.0,  1.0, 0.0,  51.0,       ,      ,      ,        ,        ,        ,        ,        ,        ,        ,        ,      
richalu01, 1995,     1, EDM , NHL , D  , 82.0,  2.0,   9.0,  11.0, 108.0, -27.0,  0.0,  0.0,  0.0,  2.0,  0.0, 0.0,  61.0,       ,      ,      ,        ,        ,        ,        ,        ,        ,        ,        ,      
richalu01, 1996,     1, EDM , NHL , D  , 82.0,  1.0,  11.0,  12.0,  91.0, 9.0  ,  0.0,  2.0,  0.0,  1.0,  0.0, 0.0,  67.0,   12.0,   0.0,   2.0,     2.0,    14.0, -4.0   ,     0.0,     0.0,     0.0,     0.0,     0.0,     6.0
richalu01, 1997,     1, PHI , NHL , D  , 81.0,  2.0,   3.0,   5.0, 139.0, 7.0  ,  2.0,  0.0,  0.0,  0.0,  0.0, 0.0,  57.0,    5.0,   0.0,   0.0,     0.0,     0.0, -3.0   ,     0.0,     0.0,     0.0,     0.0,     0.0,     2.0
richalu01, 1998,     1, PHI , NHL , D  , 78.0,  0.0,   6.0,   6.0, 106.0, -3.0 ,  0.0,  0.0,  0.0,  0.0,  0.0, 0.0,  49.0,       ,      ,      ,        ,        ,        ,        ,        ,        ,        ,        ,      
richalu01, 1999,     1, PHI , NHL , D  , 74.0,  2.0,   5.0,   7.0, 140.0, 14.0 ,  0.0,  0.0,  0.0,  1.0,  1.0, 0.0,  50.0,   18.0,   0.0,   1.0,     1.0,    41.0, -5.0   ,     0.0,     0.0,     0.0,     0.0,     0.0,    10.0
richalu01, 2000,     1, PHI , NHL , D  , 82.0,  2.0,   6.0,   8.0, 131.0, 23.0 ,  0.0,  0.0,  1.0,  0.0,  0.0, 0.0,  75.0,    6.0,   0.0,   0.0,     0.0,     4.0, -3.0   ,     0.0,     0.0,     0.0,     0.0,     0.0,     6.0
richalu01, 2001,     1, PHI , NHL , D  , 72.0,  1.0,   8.0,   9.0, 102.0, 18.0 ,  0.0,  0.0,  0.0,  0.0,  0.0, 0.0,  65.0,    5.0,   0.0,   0.0,     0.0,     4.0, -1.0   ,     0.0,     0.0,     0.0,     0.0,     0.0,    11.0
richalu01, 2002,     1, CBS , NHL , D  , 82.0,  0.0,  13.0,  13.0,  73.0, -16.0,  0.0,  0.0,  0.0,  2.0,  0.0, 0.0,  56.0,       ,      ,      ,        ,        ,        ,        ,        ,        ,        ,        ,      
richalu01, 2003,     1, CBS , NHL , D  , 64.0,  1.0,   5.0,   6.0,  48.0, -11.0,  0.0,  0.0,  0.0,  1.0,  1.0, 0.0,  34.0,       ,      ,      ,        ,        ,        ,        ,        ,        ,        ,        ,      
richalu01, 2005,     1, CBS , NHL , D  , 44.0,  1.0,   6.0,   7.0,  30.0, -18.0,  0.0,  0.0,  0.0,  0.0,  0.0,    ,  24.0,       ,      ,      ,        ,        ,        ,        ,        ,        ,        ,        ,      
richalu01, 2005,     2, TOR , NHL , D  , 21.0,  0.0,   3.0,   3.0,  41.0, -1.0 ,  0.0,  1.0,  0.0,  0.0,  0.0,    ,  16.0,       ,      ,      ,        ,        ,        ,        ,        ,        ,        ,        ,      
richalu01, 2006,     1, TBL , NHL , D  , 27.0,  0.0,   3.0,   3.0,  16.0, 3.0  ,  0.0,  0.0,  0.0,  0.0,  0.0,    ,   3.0,       ,      ,      ,        ,        ,        ,        ,        ,        ,        ,        ,      
richalu01, 2007,     1, OTT , NHL , D  , 76.0,  2.0,   7.0,   9.0,  41.0, 1.0  ,  0.0,  0.0,  0.0,  0.0,  0.0,    ,  41.0,       ,      ,      ,        ,        ,        ,        ,        ,        ,        ,        ,      
richalu01, 2008,     1, OTT , NHL , D  ,  2.0,  0.0,   0.0,   0.0,   2.0, -3.0 ,  0.0,  0.0,  0.0,  0.0,  0.0,    ,   0.0,       ,      ,      ,        ,        ,        ,        ,        ,        ,        ,        ,      
richama01, 1942,     1, MTL , NHL , R  , 16.0,  5.0,   6.0,  11.0,   4.0,      ,     ,     ,     ,     ,     ,    ,      ,       ,      ,      ,        ,        ,        ,        ,        ,        ,        ,        ,      
richama01, 1943,     1, MTL , NHL , R  , 46.0, 32.0,  22.0,  54.0,  45.0,      ,     ,     ,     ,     ,     ,    ,      ,    9.0,  12.0,   5.0,    17.0,    10.0,        ,        ,        ,        ,        ,        ,      
richama01, 1944,     1, MTL , NHL , R  , 50.0, 50.0,  23.0,  73.0,  46.0,      ,     ,     ,     ,     ,     ,    ,      ,    6.0,   6.0,   2.0,     8.0,    10.0,        ,        ,        ,        ,        ,        ,      
richama01, 1945,     1, MTL , NHL , R  , 50.0, 27.0,  21.0,  48.0,  50.0,      ,     ,     ,     ,     ,     ,    ,      ,    9.0,   7.0,   4.0,    11.0,    15.0,        ,        ,        ,        ,        ,        ,      
richama01, 1946,     1, MTL , NHL , R  , 60.0, 45.0,  26.0,  71.0,  69.0,      ,     ,     ,     ,     ,     ,    ,      ,   10.0,   6.0,   5.0,    11.0,    44.0,        ,        ,        ,        ,        ,        ,      
richama01, 1947,     1, MTL , NHL , R  , 53.0, 28.0,  25.0,  53.0,  89.0,      ,     ,     ,     ,     ,     ,    ,      ,       ,      ,      ,        ,        ,        ,        ,        ,        ,        ,        ,      
richama01, 1948,     1, MTL , NHL , R  , 59.0, 20.0,  18.0,  38.0, 110.0,      ,     ,     ,     ,     ,     ,    ,      ,    7.0,   2.0,   1.0,     3.0,    14.0,        ,        ,        ,        ,        ,        ,      
richama01, 1949,     1, MTL , NHL , R  , 70.0, 43.0,  22.0,  65.0, 114.0,      ,     ,     ,     ,     ,     ,    ,      ,    5.0,   1.0,   1.0,     2.0,     6.0,        ,        ,        ,        ,        ,        ,      
richama01, 1950,     1, MTL , NHL , R  , 65.0, 42.0,  24.0,  66.0,  97.0,      ,     ,     ,     ,     ,     ,    ,      ,   11.0,   9.0,   4.0,    13.0,    13.0,        ,        ,        ,        ,        ,        ,      
richama01, 1951,     1, MTL , NHL , R  , 48.0, 27.0,  17.0,  44.0,  44.0,      ,     ,     ,     ,     ,     ,    ,      ,   11.0,   4.0,   2.0,     6.0,     6.0,        ,        ,        ,        ,        ,        ,      
richama01, 1952,     1, MTL , NHL , R  , 70.0, 28.0,  33.0,  61.0, 112.0,      ,     ,     ,     ,     ,     ,    ,      ,   12.0,   7.0,   1.0,     8.0,     2.0,        ,        ,        ,        ,        ,        ,      
richama01, 1953,     1, MTL , NHL , R  , 70.0, 37.0,  30.0,  67.0, 112.0,      ,     ,     ,     ,     ,     ,    ,      ,   11.0,   3.0,   0.0,     3.0,    22.0,        ,        ,        ,        ,        ,        ,      
richama01, 1954,     1, MTL , NHL , R  , 67.0, 38.0,  36.0,  74.0, 125.0,      ,     ,     ,     ,     ,     ,    ,      ,       ,      ,      ,        ,        ,        ,        ,        ,        ,        ,        ,      
richama01, 1955,     1, MTL , NHL , R  , 70.0, 38.0,  33.0,  71.0,  89.0,      ,     ,     ,     ,     ,     ,    ,      ,   10.0,   5.0,   9.0,    14.0,    24.0,        ,        ,        ,        ,        ,        ,      
richama01, 1956,     1, MTL , NHL , R  , 63.0, 33.0,  29.0,  62.0,  74.0,      ,     ,     ,     ,     ,     ,    ,      ,   10.0,   8.0,   3.0,    11.0,     8.0,        ,        ,        ,        ,        ,        ,      
richama01, 1957,     1, MTL , NHL , R  , 28.0, 15.0,  19.0,  34.0,  28.0,      ,     ,     ,     ,     ,     ,    ,      ,   10.0,  11.0,   4.0,    15.0,    10.0,        ,        ,        ,        ,        ,        ,      
richama01, 1958,     1, MTL , NHL , R  , 42.0, 17.0,  21.0,  38.0,  27.0,      ,     ,     ,     ,     ,     ,    ,      ,    4.0,   0.0,   0.0,     0.0,     2.0,        ,        ,        ,        ,        ,        ,      
richama01, 1959,     1, MTL , NHL , R  , 51.0, 19.0,  16.0,  35.0,  50.0,      ,     ,     ,     ,     ,     ,    ,      ,    8.0,   1.0,   3.0,     4.0,     2.0,        ,        ,        ,        ,        ,        ,      
richami01, 1987,     1, WAS , NHL , C  ,  4.0,  0.0,   0.0,   0.0,   0.0, -1.0 ,  0.0,  0.0,  0.0,  0.0,  0.0, 0.0,   5.0,       ,      ,      ,        ,        ,        ,        ,        ,        ,        ,        ,      
richami01, 1989,     1, WAS , NHL , C  ,  3.0,  0.0,   2.0,   2.0,   0.0, 0.0  ,  0.0,  0.0,  0.0,  0.0,  0.0, 0.0,   5.0,       ,      ,      ,        ,        ,        ,        ,        ,        ,        ,        ,      
richami02, 2005,     1, PHI , NHL , C  , 79.0, 11.0,  23.0,  34.0,  65.0, 6.0  ,  1.0,  5.0,  3.0,  2.0,  1.0,    , 168.0,    6.0,   0.0,   1.0,     1.0,     0.0, -5.0   ,     0.0,     0.0,     0.0,     0.0,     0.0,     9.0
richami02, 2006,     1, PHI , NHL , C  , 59.0, 10.0,  22.0,  32.0,  52.0, -12.0,  1.0,  5.0,  4.0,  0.0,  3.0,    , 130.0,       ,      ,      ,        ,        ,        ,        ,        ,        ,        ,        ,      
richami02, 2007,     1, PHI , NHL , C  , 73.0, 28.0,  47.0,  75.0,  76.0, 14.0 ,  8.0, 23.0,  5.0,  1.0,  6.0,    , 212.0,   17.0,   7.0,   7.0,    14.0,    10.0, 0.0    ,     1.0,     6.0,     2.0,     0.0,     0.0,    53.0
richami02, 2008,     1, PHI , NHL , C  , 79.0, 30.0,  50.0,  80.0,  63.0, 22.0 ,  8.0, 25.0,  7.0,  2.0,  4.0,    , 238.0,    6.0,   1.0,   4.0,     5.0,     6.0, -4.0   ,     1.0,     1.0,     0.0,     0.0,     0.0,    21.0
richami02, 2009,     1, PHI , NHL , C  , 82.0, 31.0,  31.0,  62.0,  79.0, -2.0 , 13.0, 18.0,  1.0,  1.0,  3.0,    , 237.0,   23.0,   7.0,  16.0,    23.0,    18.0, -1.0   ,     2.0,    10.0,     1.0,     0.0,     1.0,    59.0
richast01, 1974,     1, IND , WHA , L  , 19.0,  1.0,   4.0,   5.0,  16.0, -2.0 ,  0.0,     ,  0.0,     ,     ,    ,  39.0,       ,      ,      ,        ,        ,        ,        ,        ,        ,        ,        ,      
richast01, 1974,     2, MIB , WHA , L  , 47.0,  8.0,  18.0,  26.0,  58.0, -16.0,     ,     ,     ,     ,     ,    , 107.0,       ,      ,      ,        ,        ,        ,        ,        ,        ,        ,        ,      
richast01, 1975,     1, NEW , WHA , L  ,  6.0,  0.0,   0.0,   0.0,   0.0, -1.0 ,  0.0,     ,  0.0,     ,  0.0,    ,   5.0,       ,      ,      ,        ,        ,        ,        ,        ,        ,        ,        ,      
richate01, 1973,     1, DET , NHL , G  ,  9.0,  0.0,   1.0,   1.0,   0.0, 0.0  ,  0.0,     ,  0.0,     ,  0.0, 0.0,   0.0,       ,      ,      ,        ,        ,        ,        ,        ,        ,        ,        ,      
richate01, 1974,     1, DET , NHL , G  ,  4.0,  0.0,   0.0,   0.0,   2.0, 0.0  ,  0.0,     ,  0.0,     ,  0.0, 0.0,   0.0,       ,      ,      ,        ,        ,        ,        ,        ,        ,        ,        ,      
richate01, 1975,     1, DET , NHL , G  ,  1.0,  0.0,   0.0,   0.0,   2.0, 0.0  ,  0.0,     ,  0.0,     ,  0.0, 0.0,   0.0,       ,      ,      ,        ,        ,        ,        ,        ,        ,        ,        ,      
richate01, 1976,     1, DET , NHL , G  ,  5.0,  0.0,   0.0,   0.0,   2.0, 0.0  ,  0.0,     ,  0.0,     ,  0.0, 0.0,   0.0,       ,      ,      ,        ,        ,        ,        ,        ,        ,        ,        ,      
richate01, 1978,     1, STL , NHL , G  ,  1.0,  0.0,   0.0,   0.0,   0.0, 0.0  ,  0.0,     ,  0.0,     ,  0.0, 0.0,   0.0,       ,      ,      ,        ,        ,        ,        ,        ,        ,        ,        ,      
richato01, 1990,     1, HAR , NHL , D  ,  2.0,  0.0,   4.0,   4.0,   2.0, -4.0 ,  0.0,  4.0,  0.0,  0.0,  0.0, 0.0,   4.0,    6.0,   0.0,   0.0,     0.0,     2.0, -1.0   ,     0.0,     0.0,     0.0,     0.0,     0.0,     6.0
richato01, 1991,     1, HAR , NHL , D  ,  6.0,  0.0,   0.0,   0.0,   2.0, -2.0 ,  0.0,  0.0,  0.0,  0.0,  0.0, 0.0,   3.0,    5.0,   0.0,   3.0,     3.0,     4.0, 2.0    ,     0.0,     1.0,     0.0,     0.0,     0.0,     8.0
richatr01, 1994,     1, DAL , NHL , D  ,  2.0,  0.0,   0.0,   0.0,   0.0, 0.0  ,  0.0,  0.0,  0.0,  0.0,  0.0, 0.0,   1.0,       ,      ,      ,        ,        ,        ,        ,        ,        ,        ,        ,      
richatr01, 1995,     1, DAL , NHL , D  ,  1.0,  0.0,   0.0,   0.0,   2.0, -1.0 ,  0.0,  0.0,  0.0,  0.0,  0.0, 0.0,   0.0,       ,      ,      ,        ,        ,        ,        ,        ,        ,        ,        ,      
richebo01, 1972,     1, BUF , NHL , C  ,  3.0,  0.0,   0.0,   0.0,   0.0, 0.0  ,  0.0,     ,  0.0,     ,  0.0, 0.0,   0.0,       ,      ,      ,        ,        ,        ,        ,        ,        ,        ,        ,      
richest01, 1984,     1, MTL , NHL , R  ,  1.0,  0.0,   0.0,   0.0,   0.0, 0.0  ,  0.0,     ,  0.0,     ,  0.0, 0.0,   0.0,       ,      ,      ,        ,        ,        ,        ,        ,        ,        ,        ,      
richest01, 1985,     1, MTL , NHL , C  , 65.0, 21.0,  16.0,  37.0,  50.0, 1.0  ,  5.0,     ,  0.0,     ,  2.0, 1.0, 112.0,   16.0,   4.0,   1.0,     5.0,    23.0, -3.0   ,     3.0,        ,     0.0,        ,     1.0,    22.0
richest01, 1986,     1, MTL , NHL , R  , 57.0, 20.0,  19.0,  39.0,  80.0, 11.0 ,  4.0,     ,  0.0,     ,  3.0, 0.0, 109.0,    5.0,   3.0,   2.0,     5.0,     0.0, 3.0    ,     0.0,        ,     0.0,        ,     1.0,    12.0
richest01, 1987,     1, MTL , NHL , R  , 72.0, 50.0,  28.0,  78.0,  72.0, 12.0 , 16.0, 13.0,  0.0,  0.0, 11.0, 1.0, 263.0,    8.0,   7.0,   5.0,    12.0,     6.0, 1.0    ,     1.0,     2.0,     0.0,     0.0,     2.0,    31.0
richest01, 1988,     1, MTL , NHL , R  , 68.0, 25.0,  35.0,  60.0,  61.0, 4.0  , 11.0, 14.0,  0.0,  0.0,  6.0, 0.0, 214.0,   21.0,   6.0,   5.0,    11.0,    14.0, -5.0   ,     2.0,     2.0,     0.0,     0.0,     3.0,    47.0
richest01, 1989,     1, MTL , NHL , R  , 75.0, 51.0,  40.0,  91.0,  46.0, 35.0 ,  9.0, 13.0,  0.0,  0.0,  8.0, 0.0, 269.0,    9.0,   7.0,   3.0,    10.0,     2.0, 8.0    ,     1.0,     0.0,     0.0,     0.0,     1.0,    22.0
richest01, 1990,     1, MTL , NHL , R  , 75.0, 31.0,  30.0,  61.0,  53.0, 0.0  ,  9.0, 10.0,  0.0,  1.0,  4.0, 1.0, 221.0,   13.0,   9.0,   5.0,    14.0,     6.0, 0.0    ,     1.0,     1.0,     0.0,     0.0,     1.0,    44.0
richest01, 1991,     1, NJD , NHL , R  , 74.0, 29.0,  35.0,  64.0,  25.0, -1.0 ,  5.0, 11.0,  1.0,  0.0,  6.0, 1.0, 240.0,    7.0,   1.0,   2.0,     3.0,     0.0, -5.0   ,     0.0,     1.0,     0.0,     0.0,     0.0,    18.0
richest01, 1992,     1, NJD , NHL , L  , 78.0, 38.0,  35.0,  73.0,  44.0, -1.0 ,  7.0, 12.0,  1.0,  0.0,  7.0, 1.0, 286.0,    5.0,   2.0,   2.0,     4.0,     2.0, -4.0   ,     1.0,     2.0,     0.0,     0.0,     0.0,    13.0
richest01, 1993,     1, NJD , NHL , R  , 80.0, 36.0,  36.0,  72.0,  16.0, 31.0 ,  7.0,  5.0,  3.0,  0.0,  9.0, 3.0, 217.0,   20.0,   7.0,   5.0,    12.0,     6.0, 2.0    ,     3.0,     2.0,     0.0,     0.0,     2.0,    72.0
richest01, 1994,     1, NJD , NHL , R  , 45.0, 23.0,  16.0,  39.0,  10.0, 8.0  ,  1.0,  2.0,  2.0,  0.0,  5.0, 1.0, 133.0,   19.0,   6.0,  15.0,    21.0,     2.0, 9.0    ,     3.0,     7.0,     1.0,     0.0,     2.0,    55.0
richest01, 1995,     1, NJD , NHL , R  , 73.0, 20.0,  12.0,  32.0,  30.0, -8.0 ,  3.0,  1.0,  4.0,  1.0,  3.0, 0.0, 192.0,       ,      ,      ,        ,        ,        ,        ,        ,        ,        ,        ,      
richest01, 1996,     1, MTL , NHL , R  , 63.0, 22.0,  24.0,  46.0,  32.0, 0.0  ,  2.0,  4.0,  0.0,  0.0,  2.0, 1.0, 126.0,    5.0,   0.0,   0.0,     0.0,     0.0, -3.0   ,     0.0,     0.0,     0.0,     0.0,     0.0,     9.0
richest01, 1997,     1, MTL , NHL , L  , 14.0,  5.0,   4.0,   9.0,   5.0, 1.0  ,  2.0,  1.0,  0.0,  0.0,  0.0, 0.0,  24.0,       ,      ,      ,        ,        ,        ,        ,        ,        ,        ,        ,      
richest01, 1997,     2, TBL , NHL , L  , 26.0,  9.0,  11.0,  20.0,  36.0, -7.0 ,  3.0,  2.0,  0.0,  3.0,  2.0, 0.0,  71.0,       ,      ,      ,        ,        ,        ,        ,        ,        ,        ,        ,      
richest01, 1998,     1, TBL , NHL , R  , 64.0, 12.0,  21.0,  33.0,  22.0, -10.0,  3.0,  2.0,  2.0,  1.0,  1.0, 0.0, 139.0,       ,      ,      ,        ,        ,        ,        ,        ,        ,        ,        ,      
richest01, 1999,     1, TBL , NHL , R  , 20.0,  7.0,   5.0,  12.0,   4.0, 2.0  ,  1.0,  2.0,  0.0,  0.0,  0.0, 0.0,  47.0,       ,      ,      ,        ,        ,        ,        ,        ,        ,        ,        ,      
richest01, 1999,     2, STL , NHL , R  , 36.0,  8.0,  17.0,  25.0,  14.0, 7.0  ,  4.0,  5.0,  0.0,  0.0,  1.0, 0.0,  63.0,    3.0,   1.0,   0.0,     1.0,     0.0, 0.0    ,     0.0,     0.0,     0.0,     0.0,     0.0,     3.0
richest01, 2001,     1, PIT , NHL , R  , 58.0, 13.0,  12.0,  25.0,  14.0, -8.0 ,  1.0,  1.0,  0.0,  0.0,  2.0, 0.0, 107.0,       ,      ,      ,        ,        ,        ,        ,        ,        ,        ,        ,      
richest01, 2001,     2, NJD , NHL , R  , 10.0,  1.0,   2.0,   3.0,   0.0, -1.0 ,  0.0,  1.0,  0.0,  0.0,  0.0, 0.0,  16.0,    3.0,   0.0,   0.0,     0.0,     0.0, -1.0   ,     0.0,     0.0,     0.0,     0.0,     0.0,     6.0
richest02, 1992,     1, TBL , NHL , D  ,  3.0,  0.0,   0.0,   0.0,   0.0, -3.0 ,  0.0,  0.0,  0.0,  0.0,  0.0, 0.0,   2.0,       ,      ,      ,        ,        ,        ,        ,        ,        ,        ,        ,      
richest02, 1992,     2, BOS , NHL , D  , 21.0,  1.0,   4.0,   5.0,  18.0, -6.0 ,  0.0,  0.0,  0.0,  0.0,  1.0, 0.0,  22.0,    3.0,   0.0,   0.0,     0.0,     0.0, -2.0   ,     0.0,     0.0,     0.0,     0.0,     0.0,     0.0
richest02, 1993,     1, FLO , NHL , D  ,  2.0,  0.0,   1.0,   1.0,   0.0, -1.0 ,  0.0,  1.0,  0.0,  0.0,  0.0, 0.0,   3.0,       ,      ,      ,        ,        ,        ,        ,        ,        ,        ,        ,      
richest02, 1994,     1, FLO , NHL , D  ,  1.0,  0.0,   0.0,   0.0,   2.0, 0.0  ,  0.0,  0.0,  0.0,  0.0,  0.0, 0.0,   0.0,       ,      ,      ,        ,        ,        ,        ,        ,        ,        ,        ,      
richmda01, 2005,     1, CAR , NHL , D  , 10.0,  0.0,   1.0,   1.0,   7.0, -3.0 ,  0.0,  0.0,  0.0,  0.0,  0.0,    ,   7.0,       ,      ,      ,        ,        ,        ,        ,        ,        ,        ,        ,      
richmda01, 2005,     2, CHI , NHL , D  , 10.0,  0.0,   0.0,   0.0,  18.0, -3.0 ,  0.0,  0.0,  0.0,  0.0,  0.0,    ,   6.0,       ,      ,      ,        ,        ,        ,        ,        ,        ,        ,        ,      
richmda01, 2006,     1, CHI , NHL , D  , 22.0,  0.0,   2.0,   2.0,  48.0, -1.0 ,  0.0,  0.0,  0.0,  0.0,  0.0,    ,  13.0,       ,      ,      ,        ,        ,        ,        ,        ,        ,        ,        ,      
richmda01, 2007,     1, CHI , NHL , D  ,  7.0,  0.0,   0.0,   0.0,   2.0, -5.0 ,  0.0,  0.0,  0.0,  0.0,  0.0,    ,   2.0,       ,      ,      ,        ,        ,        ,        ,        ,        ,        ,        ,      
richmst01, 1983,     1, NYR , NHL , D  , 26.0,  2.0,   5.0,   7.0, 110.0, 6.0  ,  0.0,     ,  0.0,     ,  0.0, 0.0,  16.0,    4.0,   0.0,   0.0,     0.0,    12.0, 0.0    ,     0.0,        ,     0.0,        ,     0.0,     0.0
richmst01, 1984,     1, NYR , NHL , D  , 34.0,  0.0,   5.0,   5.0,  90.0, -16.0,  0.0,     ,  0.0,     ,  0.0, 0.0,  14.0,       ,      ,      ,        ,        ,        ,        ,        ,        ,        ,        ,      
richmst01, 1985,     1, NYR , NHL , D  , 17.0,  0.0,   2.0,   2.0,  63.0, 2.0  ,  0.0,     ,  0.0,     ,  0.0, 0.0,   8.0,       ,      ,      ,        ,        ,        ,        ,        ,        ,        ,        ,      
richmst01, 1985,     2, DET , NHL , D  , 29.0,  1.0,   2.0,   3.0,  82.0, -18.0,  0.0,     ,  0.0,     ,  0.0, 0.0,  18.0,       ,      ,      ,        ,        ,        ,        ,        ,        ,        ,        ,      
richmst01, 1986,     1, NJD , NHL , D  , 44.0,  1.0,   7.0,   8.0, 143.0, -12.0,  0.0,     ,  0.0,     ,  0.0, 0.0,  31.0,       ,      ,      ,        ,        ,        ,        ,        ,        ,        ,        ,      
richmst01, 1988,     1, LAK , NHL , D  ,  9.0,  0.0,   2.0,   2.0,  26.0, 2.0  ,  0.0,  0.0,  0.0,  0.0,  0.0, 0.0,   1.0,       ,      ,      ,        ,        ,        ,        ,        ,        ,        ,        ,      
richtba01, 1995,     1, NYR , NHL , D  ,  4.0,  0.0,   1.0,   1.0,   0.0, 2.0  ,  0.0,  0.0,  0.0,  0.0,  0.0, 0.0,   3.0,       ,      ,      ,        ,        ,        ,        ,        ,        ,        ,        ,      
richtba01, 1996,     1, BOS , NHL , D  , 50.0,  5.0,  13.0,  18.0,  32.0, -7.0 ,  1.0,  6.0,  0.0,  0.0,  0.0, 0.0,  79.0,       ,      ,      ,        ,        ,        ,        ,        ,        ,        ,        ,      
richtba01, 1998,     1, NYI , NHL , D  , 72.0,  6.0,  18.0,  24.0,  34.0, -4.0 ,  0.0,  8.0,  0.0,  0.0,  2.0, 0.0, 111.0,       ,      ,      ,        ,        ,        ,        ,        ,        ,        ,        ,      
richtba01, 1999,     1, MTL , NHL , D  , 23.0,  0.0,   2.0,   2.0,   8.0, -5.0 ,  0.0,  1.0,  0.0,  0.0,  0.0, 0.0,  13.0,       ,      ,      ,        ,        ,        ,        ,        ,        ,        ,        ,      
richtba01, 2000,     1, MTL , NHL , D  ,  2.0,  0.0,   0.0,   0.0,   2.0, -1.0 ,  0.0,  0.0,  0.0,  0.0,  0.0, 0.0,   0.0,       ,      ,      ,        ,        ,        ,        ,        ,        ,        ,        ,      
richtda01, 1981,     1, MNS , NHL , D  ,  3.0,  0.0,   0.0,   0.0,  11.0, 0.0  ,  0.0,     ,  0.0,     ,  0.0, 0.0,   1.0,       ,      ,      ,        ,        ,        ,        ,        ,        ,        ,        ,      
richtda01, 1982,     1, MNS , NHL , D  ,  6.0,  0.0,   0.0,   0.0,   4.0, 0.0  ,  0.0,     ,  0.0,     ,  0.0, 0.0,   3.0,       ,      ,      ,        ,        ,        ,        ,        ,        ,        ,        ,      
richtda01, 1983,     1, MNS , NHL , D  , 42.0,  2.0,   3.0,   5.0, 132.0, -8.0 ,  0.0,     ,  0.0,     ,  0.0, 0.0,  22.0,    8.0,   0.0,   0.0,     0.0,    20.0, -1.0   ,     0.0,        ,     0.0,        ,     0.0,     5.0
richtda01, 1984,     1, MNS , NHL , D  , 55.0,  2.0,   8.0,  10.0, 221.0, 3.0  ,  0.0,     ,  0.0,     ,  0.0, 0.0,  29.0,    9.0,   1.0,   0.0,     1.0,    39.0, 0.0    ,     0.0,        ,     0.0,        ,     0.0,     7.0
richtda01, 1985,     1, MNS , NHL , D  , 14.0,  0.0,   3.0,   3.0,  29.0, -6.0 ,  0.0,     ,  0.0,     ,  0.0, 0.0,   5.0,       ,      ,      ,        ,        ,        ,        ,        ,        ,        ,        ,      
richtda01, 1985,     2, PHI , NHL , D  , 50.0,  0.0,   2.0,   2.0, 138.0, -2.0 ,  0.0,     ,  0.0,     ,  0.0, 0.0,  17.0,    5.0,   0.0,   0.0,     0.0,    21.0, 0.0    ,     0.0,        ,     0.0,        ,     0.0,     2.0
richtda01, 1986,     1, VAN , NHL , D  , 78.0,  2.0,  15.0,  17.0, 172.0, -2.0 ,  0.0,     ,  0.0,     ,  0.0, 0.0,  31.0,       ,      ,      ,        ,        ,        ,        ,        ,        ,        ,        ,      
richtda01, 1987,     1, VAN , NHL , D  , 49.0,  2.0,   4.0,   6.0, 224.0, -5.0 ,  0.0,  0.0,  0.0,  0.0,  0.0, 0.0,  18.0,       ,      ,      ,        ,        ,        ,        ,        ,        ,        ,        ,      
richtda01, 1988,     1, STL , NHL , D  , 66.0,  1.0,   5.0,   6.0,  99.0, -21.0,  0.0,  0.0,  0.0,  0.0,  0.0, 0.0,  23.0,       ,      ,      ,        ,        ,        ,        ,        ,        ,        ,        ,      
richtda01, 1989,     1, STL , NHL , D  ,  2.0,  0.0,   0.0,   0.0,   0.0, -2.0 ,  0.0,  0.0,  0.0,  0.0,  0.0, 0.0,   3.0,       ,      ,      ,        ,        ,        ,        ,        ,        ,        ,        ,      
richtmi01, 1988,     1, NYR , NHL , G  ,     ,     ,      ,      ,      ,      ,     ,     ,     ,     ,     ,    ,      ,    1.0,   0.0,   0.0,     0.0,     0.0, 0.0    ,     0.0,     0.0,     0.0,     0.0,     0.0,     0.0
richtmi01, 1989,     1, NYR , NHL , G  , 23.0,  0.0,   3.0,   3.0,   0.0, 0.0  ,  0.0,     ,  0.0,     ,  0.0, 0.0,   0.0,    6.0,   0.0,   0.0,     0.0,     0.0, 0.0    ,     0.0,     0.0,     0.0,     0.0,     0.0,     0.0
richtmi01, 1990,     1, NYR , NHL , G  , 45.0,  0.0,   1.0,   1.0,   4.0, 0.0  ,  0.0,     ,  0.0,     ,  0.0, 0.0,   0.0,    6.0,   0.0,   0.0,     0.0,     0.0, 0.0    ,     0.0,     0.0,     0.0,     0.0,     0.0,     0.0
richtmi01, 1991,     1, NYR , NHL , G  , 41.0,  0.0,   0.0,   0.0,   6.0, 0.0  ,  0.0,  0.0,  0.0,  0.0,  0.0, 0.0,   0.0,    7.0,   0.0,   0.0,     0.0,     0.0, 0.0    ,     0.0,     0.0,     0.0,     0.0,     0.0,     0.0
richtmi01, 1992,     1, NYR , NHL , G  , 38.0,  0.0,   5.0,   5.0,   2.0, 0.0  ,  0.0,  3.0,  0.0,  0.0,  0.0, 0.0,   0.0,       ,      ,      ,        ,        ,        ,        ,        ,        ,        ,        ,      
richtmi01, 1993,     1, NYR , NHL , G  , 68.0,  0.0,   0.0,   0.0,   2.0, 0.0  ,  0.0,  0.0,  0.0,  0.0,  0.0, 0.0,   0.0,   23.0,   0.0,   0.0,     0.0,     2.0, 0.0    ,     0.0,     0.0,     0.0,     0.0,     0.0,     0.0
richtmi01, 1994,     1, NYR , NHL , G  , 35.0,  0.0,   0.0,   0.0,   2.0, 0.0  ,  0.0,  0.0,  0.0,  0.0,  0.0, 0.0,   0.0,    7.0,   0.0,   0.0,     0.0,     0.0, 0.0    ,     0.0,     0.0,     0.0,     0.0,     0.0,     0.0
richtmi01, 1995,     1, NYR , NHL , G  , 41.0,  0.0,   1.0,   1.0,   4.0, 0.0  ,  0.0,  0.0,  0.0,  0.0,  0.0, 0.0,   0.0,   11.0,   0.0,   0.0,     0.0,     0.0, 0.0    ,     0.0,     0.0,     0.0,     0.0,     0.0,     0.0
richtmi01, 1996,     1, NYR , NHL , G  , 61.0,  0.0,   0.0,   0.0,   4.0, 0.0  ,  0.0,  0.0,  0.0,  0.0,  0.0, 0.0,   0.0,   15.0,   0.0,   1.0,     1.0,     0.0, 0.0    ,     0.0,        ,     0.0,        ,     0.0,     0.0
richtmi01, 1997,     1, NYR , NHL , G  , 72.0,  0.0,   1.0,   1.0,   2.0, 0.0  ,  0.0,  1.0,  0.0,  0.0,  0.0, 0.0,   0.0,       ,      ,      ,        ,        ,        ,        ,        ,        ,        ,        ,      
richtmi01, 1998,     1, NYR , NHL , G  , 68.0,  0.0,   0.0,   0.0,   0.0, 0.0  ,  0.0,  0.0,  0.0,  0.0,  0.0, 0.0,   0.0,       ,      ,      ,        ,        ,        ,        ,        ,        ,        ,        ,      
richtmi01, 1999,     1, NYR , NHL , G  , 61.0,  0.0,   0.0,   0.0,   4.0, 0.0  ,  0.0,  0.0,  0.0,  0.0,  0.0, 0.0,   0.0,       ,      ,      ,        ,        ,        ,        ,        ,        ,        ,        ,      
richtmi01, 2000,     1, NYR , NHL , G  , 45.0,  0.0,   0.0,   0.0,   0.0, 0.0  ,  0.0,  0.0,  0.0,  0.0,  0.0, 0.0,   0.0,       ,      ,      ,        ,        ,        ,        ,        ,        ,        ,        ,      
richtmi01, 2001,     1, NYR , NHL , G  , 55.0,  0.0,   0.0,   0.0,   4.0, 0.0  ,  0.0,  0.0,  0.0,  0.0,  0.0, 0.0,   0.0,       ,      ,      ,        ,        ,        ,        ,        ,        ,        ,        ,      
richtmi01, 2002,     1, NYR , NHL , G  , 13.0,  0.0,   0.0,   0.0,   0.0, 0.0  ,  0.0,  0.0,  0.0,  0.0,  0.0, 0.0,   0.0,       ,      ,      ,        ,        ,        ,        ,        ,        ,        ,        ,      
richtpa01, 1977,     1, CZE , WHA , R  ,  8.0,  3.0,   1.0,   4.0,   2.0,      ,  0.0,     ,  0.0,     ,  0.0,    ,      ,       ,      ,      ,        ,        ,        ,        ,        ,        ,        ,        ,      
rickero01, 1915,     1, SEA , PCHA, D  , 11.0,  2.0,   0.0,   2.0,   0.0,      ,     ,     ,     ,     ,     ,    ,      ,       ,      ,      ,        ,        ,        ,        ,        ,        ,        ,        ,      
rickero01, 1916,     1, SEA , PCHA, D  , 18.0,  3.0,   3.0,   6.0,  19.0,      ,     ,     ,     ,     ,     ,    ,      ,       ,      ,      ,        ,        ,        ,        ,        ,        ,        ,        ,      
rickero01, 1917,     1, SEA , PCHA, D  , 18.0,  1.0,   4.0,   5.0,   6.0,      ,     ,     ,     ,     ,     ,    ,      ,    2.0,   0.0,   0.0,     0.0,     0.0,        ,        ,        ,        ,        ,        ,      
rickero01, 1918,     1, SEA , PCHA, D  , 19.0,  1.0,   2.0,   3.0,   3.0,      ,     ,     ,     ,     ,     ,    ,      ,    2.0,   0.0,   0.0,     0.0,     0.0,        ,        ,        ,        ,        ,        ,      
rickero01, 1919,     1, SEA , PCHA, D  , 22.0,  2.0,   1.0,   3.0,   0.0,      ,     ,     ,     ,     ,     ,    ,      ,    2.0,   1.0,   1.0,     2.0,     0.0,        ,        ,        ,        ,        ,        ,      
rickero01, 1920,     1, SEA , PCHA, D  , 24.0,  6.0,   2.0,   8.0,   0.0,      ,     ,     ,     ,     ,     ,    ,      ,    2.0,   0.0,   0.0,     0.0,     3.0,        ,        ,        ,        ,        ,        ,      
rickero01, 1921,     1, SEA , PCHA, D  , 20.0,  3.0,   4.0,   7.0,  35.0,      ,     ,     ,     ,     ,     ,    ,      ,    2.0,   0.0,   0.0,     0.0,     0.0,        ,        ,        ,        ,        ,        ,      
rickero01, 1922,     1, SEA , PCHA, D  , 22.0,  3.0,   3.0,   6.0,   6.0,      ,     ,     ,     ,     ,     ,    ,      ,       ,      ,      ,        ,        ,        ,        ,        ,        ,        ,        ,      
rickero01, 1924,     1, EDE , WCHL, D  , 26.0,  1.0,   1.0,   2.0,   6.0,      ,     ,     ,     ,     ,     ,    ,      ,       ,      ,      ,        ,        ,        ,        ,        ,        ,        ,        ,      
ridlecu01, 1974,     1, NYR , NHL , G  ,  2.0,  0.0,   0.0,   0.0,   0.0, 0.0  ,  0.0,     ,  0.0,     ,  0.0, 0.0,   0.0,       ,      ,      ,        ,        ,        ,        ,        ,        ,        ,        ,      
ridlecu01, 1975,     1, VAN , NHL , G  ,  9.0,  0.0,   0.0,   0.0,   0.0, 0.0  ,  0.0,     ,  0.0,     ,  0.0, 0.0,   0.0,    2.0,   0.0,   0.0,     0.0,     0.0,        ,     0.0,        ,     0.0,        ,     0.0,      
ridlecu01, 1976,     1, VAN , NHL , G  , 37.0,  0.0,   0.0,   0.0,   4.0, 0.0  ,  0.0,     ,  0.0,     ,  0.0, 0.0,   0.0,       ,      ,      ,        ,        ,        ,        ,        ,        ,        ,        ,      
ridlecu01, 1977,     1, VAN , NHL , G  , 40.0,  0.0,   1.0,   1.0,   9.0, 0.0  ,  0.0,     ,  0.0,     ,  0.0, 0.0,   0.0,       ,      ,      ,        ,        ,        ,        ,        ,        ,        ,        ,      
ridlecu01, 1979,     1, VAN , NHL , G  , 10.0,  0.0,   0.0,   0.0,   0.0, 0.0  ,  0.0,     ,  0.0,     ,  0.0, 0.0,   0.0,       ,      ,      ,        ,        ,        ,        ,        ,        ,        ,        ,      
ridlecu01, 1979,     2, TOR , NHL , G  ,  3.0,  0.0,   0.0,   0.0,   2.0, 0.0  ,  0.0,     ,  0.0,     ,  0.0, 0.0,   0.0,       ,      ,      ,        ,        ,        ,        ,        ,        ,        ,        ,      
ridlecu01, 1980,     1, TOR , NHL , G  ,  3.0,  0.0,   0.0,   0.0,   2.0, 0.0  ,  0.0,     ,  0.0,     ,  0.0, 0.0,   0.0,       ,      ,      ,        ,        ,        ,        ,        ,        ,        ,        ,      
ridlemi01, 1985,     1, NYR , NHL , C  , 80.0, 22.0,  43.0,  65.0,  69.0, 0.0  ,  7.0,     ,  0.0,     ,  6.0, 1.0, 150.0,   16.0,   6.0,   8.0,    14.0,    26.0, -5.0   ,     2.0,        ,     0.0,        ,     1.0,    31.0
ridlemi01, 1986,     1, NYR , NHL , C  , 38.0, 16.0,  20.0,  36.0,  20.0, -10.0,  4.0,     ,  0.0,     ,  1.0, 0.0,  81.0,       ,      ,      ,        ,        ,        ,        ,        ,        ,        ,        ,      
ridlemi01, 1986,     2, WAS , NHL , C  , 40.0, 15.0,  19.0,  34.0,  20.0, -1.0 ,  6.0,     ,  0.0,     ,  3.0, 0.0,  68.0,    7.0,   2.0,   1.0,     3.0,     6.0, -5.0   ,     0.0,        ,     0.0,        ,     1.0,    14.0
ridlemi01, 1987,     1, WAS , NHL , C  , 70.0, 28.0,  31.0,  59.0,  22.0, 1.0  , 12.0, 11.0,  0.0,  0.0,  3.0, 0.0, 134.0,   14.0,   6.0,   5.0,    11.0,    10.0, -2.0   ,     1.0,     2.0,     0.0,     0.0,     0.0,    28.0
ridlemi01, 1988,     1, WAS , NHL , C  , 80.0, 41.0,  48.0,  89.0,  49.0, 17.0 , 16.0, 15.0,  0.0,  0.0,  9.0, 0.0, 187.0,    6.0,   0.0,   5.0,     5.0,     2.0, -3.0   ,     0.0,     3.0,     0.0,     0.0,     0.0,     9.0
ridlemi01, 1989,     1, WAS , NHL , C  , 74.0, 30.0,  43.0,  73.0,  27.0, 0.0  ,  8.0, 10.0,  3.0,  2.0,  3.0, 0.0, 124.0,   14.0,   3.0,   4.0,     7.0,     8.0, 0.0    ,     0.0,     0.0,     1.0,     0.0,     0.0,    16.0
ridlemi01, 1990,     1, WAS , NHL , C  , 79.0, 23.0,  48.0,  71.0,  26.0, 9.0  ,  6.0, 10.0,  5.0,  3.0,  4.0, 0.0, 155.0,   11.0,   3.0,   4.0,     7.0,     8.0, -2.0   ,     1.0,     1.0,     0.0,     1.0,     1.0,    34.0
ridlemi01, 1991,     1, WAS , NHL , C  , 80.0, 29.0,  40.0,  69.0,  38.0, 3.0  ,  5.0,  9.0,  5.0,  2.0,  3.0, 0.0, 123.0,    7.0,   0.0,  11.0,    11.0,     0.0, 1.0    ,     0.0,     2.0,     0.0,     1.0,     0.0,     8.0
ridlemi01, 1992,     1, WAS , NHL , C  , 84.0, 26.0,  56.0,  82.0,  44.0, 5.0  ,  6.0, 24.0,  2.0,  2.0,  3.0, 0.0, 148.0,    6.0,   1.0,   5.0,     6.0,     0.0, -4.0   ,     1.0,     2.0,     0.0,     0.0,     0.0,     7.0
ridlemi01, 1993,     1, WAS , NHL , C  , 81.0, 26.0,  44.0,  70.0,  24.0, 15.0 , 10.0, 12.0,  2.0,  1.0,  4.0, 3.0, 144.0,   11.0,   4.0,   6.0,    10.0,     6.0, 7.0    ,     0.0,     1.0,     0.0,     2.0,     0.0,    17.0
ridlemi01, 1994,     1, TOR , NHL , C  , 48.0, 10.0,  27.0,  37.0,  14.0, 1.0  ,  2.0,  7.0,  2.0,  2.0,  1.0, 1.0,  88.0,    7.0,   3.0,   1.0,     4.0,     2.0, -3.0   ,     1.0,     0.0,     0.0,     0.0,     1.0,    11.0
ridlemi01, 1995,     1, VAN , NHL , C  , 37.0,  6.0,  15.0,  21.0,  29.0, -3.0 ,  2.0,  3.0,  0.0,  0.0,  1.0, 0.0,  32.0,    5.0,   0.0,   0.0,     0.0,     2.0, -3.0   ,     0.0,     0.0,     0.0,     0.0,     0.0,     3.0
ridlemi01, 1996,     1, VAN , NHL , C  , 75.0, 20.0,  32.0,  52.0,  42.0, 0.0  ,  3.0,  8.0,  0.0,  0.0,  5.0, 0.0,  79.0,       ,      ,      ,        ,        ,        ,        ,        ,        ,        ,        ,      
ridpabr01, 1909,     1, OT1 , NHA ,    , 12.0, 16.0,   0.0,  16.0,  32.0,      ,     ,     ,     ,     ,     ,    ,      ,       ,      ,      ,        ,        ,        ,        ,        ,        ,        ,        ,      
ridpabr01, 1910,     1, OT1 , NHA ,    , 16.0, 23.0,   0.0,  23.0,  51.0,      ,     ,     ,     ,     ,     ,    ,      ,       ,      ,      ,        ,        ,        ,        ,        ,        ,        ,        ,      
riendvi01, 1987,     1, MTL , NHL , G  ,  1.0,  0.0,   0.0,   0.0,   0.0, 0.0  ,  0.0,  0.0,  0.0,  0.0,  0.0, 0.0,   0.0,       ,      ,      ,        ,        ,        ,        ,        ,        ,        ,        ,      
riendvi01, 1988,     1, STL , NHL , G  , 32.0,  0.0,   1.0,   1.0,   4.0, 0.0  ,  0.0,     ,  0.0,     ,  0.0, 0.0,   0.0,       ,      ,      ,        ,        ,        ,        ,        ,        ,        ,        ,      
riendvi01, 1989,     1, STL , NHL , G  , 43.0,  0.0,   0.0,   0.0,   6.0, 0.0  ,  0.0,  0.0,  0.0,  0.0,  0.0, 0.0,   0.0,    8.0,   0.0,   0.0,     0.0,     0.0, 0.0    ,     0.0,     0.0,     0.0,     0.0,     0.0,     0.0
riendvi01, 1990,     1, STL , NHL , G  , 44.0,  0.0,   2.0,   2.0,   0.0, 0.0  ,  0.0,     ,  0.0,     ,  0.0, 0.0,   0.0,   13.0,   0.0,   0.0,     0.0,     0.0, 0.0    ,     0.0,     0.0,     0.0,     0.0,     0.0,     0.0
riendvi01, 1991,     1, STL , NHL , G  ,  3.0,  0.0,   0.0,   0.0,   0.0, 0.0  ,  0.0,  0.0,  0.0,  0.0,  0.0, 0.0,   0.0,       ,      ,      ,        ,        ,        ,        ,        ,        ,        ,        ,      
riendvi01, 1991,     2, DET , NHL , G  ,  2.0,  0.0,   0.0,   0.0,   0.0, 0.0  ,  0.0,  0.0,  0.0,  0.0,  0.0, 0.0,   0.0,    2.0,   0.0,   0.0,     0.0,     0.0, 0.0    ,     0.0,     0.0,     0.0,     0.0,     0.0,     0.0
riendvi01, 1992,     1, DET , NHL , G  , 22.0,  0.0,   0.0,   0.0,   2.0, 0.0  ,  0.0,  0.0,  0.0,  0.0,  0.0, 0.0,   0.0,       ,      ,      ,        ,        ,        ,        ,        ,        ,        ,        ,      
riendvi01, 1993,     1, DET , NHL , G  ,  8.0,  0.0,   0.0,   0.0,   0.0, 0.0  ,  0.0,  0.0,  0.0,  0.0,  0.0, 0.0,   0.0,       ,      ,      ,        ,        ,        ,        ,        ,        ,        ,        ,      
riendvi01, 1993,     2, BOS , NHL , G  , 18.0,  0.0,   1.0,   1.0,   0.0, 0.0  ,  0.0,  0.0,  0.0,  0.0,  0.0, 0.0,   0.0,    2.0,   0.0,   0.0,     0.0,     0.0, 0.0    ,     0.0,     0.0,     0.0,     0.0,     0.0,     0.0
riendvi01, 1994,     1, BOS , NHL , G  , 11.0,  0.0,   0.0,   0.0,   2.0, 0.0  ,  0.0,  0.0,  0.0,  0.0,  0.0, 0.0,   0.0,       ,      ,      ,        ,        ,        ,        ,        ,        ,        ,        ,      
riesemi01, 2000,     1, EDM , NHL , R  , 12.0,  0.0,   1.0,   1.0,   4.0, 2.0  ,  0.0,  0.0,  0.0,  0.0,  0.0, 0.0,  16.0,       ,      ,      ,        ,        ,        ,        ,        ,        ,        ,        ,      
riggide01, 1959,     1, DET , NHL , G  ,  9.0,  0.0,   0.0,   0.0,   0.0,      ,     ,     ,     ,     ,     ,    ,      ,       ,      ,      ,        ,        ,        ,        ,        ,        ,        ,        ,      
riggide01, 1962,     1, DET , NHL , G  ,  9.0,  0.0,   0.0,   0.0,   0.0,      ,     ,     ,     ,     ,     ,    ,      ,       ,      ,      ,        ,        ,        ,        ,        ,        ,        ,        ,      
riggipa01, 1978,     1, BIR , WHA , G  , 46.0,  0.0,   3.0,   3.0,  22.0, 0.0  ,  0.0,     ,  0.0,     ,     ,    ,   0.0,       ,      ,      ,        ,        ,        ,        ,        ,        ,        ,        ,      
riggipa01, 1979,     1, ATF , NHL , G  , 25.0,  0.0,   0.0,   0.0,   0.0, 0.0  ,  0.0,     ,  0.0,     ,  0.0, 0.0,   0.0,       ,      ,      ,        ,        ,        ,        ,        ,        ,        ,        ,      
riggipa01, 1980,     1, CAL , NHL , G  , 42.0,  0.0,   1.0,   1.0,   7.0, 0.0  ,  0.0,     ,  0.0,     ,  0.0, 0.0,   0.0,   11.0,   0.0,   0.0,     0.0,     0.0,        ,     0.0,        ,     0.0,        ,     0.0,      
riggipa01, 1981,     1, CAL , NHL , G  , 52.0,  0.0,   5.0,   5.0,   4.0, 0.0  ,  0.0,     ,  0.0,     ,  0.0, 0.0,   0.0,    3.0,   0.0,   0.0,     0.0,     0.0,        ,     0.0,        ,     0.0,        ,     0.0,      
riggipa01, 1982,     1, WAS , NHL , G  , 38.0,  0.0,   0.0,   0.0,   4.0, 0.0  ,  0.0,     ,  0.0,     ,  0.0, 0.0,   0.0,    3.0,   0.0,   0.0,     0.0,     0.0,        ,     0.0,        ,     0.0,        ,     0.0,      
riggipa01, 1983,     1, WAS , NHL , G  , 41.0,  0.0,   0.0,   0.0,   4.0, 0.0  ,  0.0,     ,  0.0,     ,  0.0, 0.0,   0.0,    5.0,   0.0,   0.0,     0.0,     2.0, 0.0    ,     0.0,        ,     0.0,        ,     0.0,     0.0
riggipa01, 1984,     1, WAS , NHL , G  , 57.0,  0.0,   1.0,   1.0,   2.0, 0.0  ,  0.0,     ,  0.0,     ,  0.0, 0.0,   0.0,    2.0,   0.0,   0.0,     0.0,     0.0, 0.0    ,     0.0,        ,     0.0,        ,     0.0,     0.0
riggipa01, 1985,     1, WAS , NHL , G  ,  7.0,  0.0,   0.0,   0.0,   2.0, 0.0  ,  0.0,     ,  0.0,     ,  0.0, 0.0,   0.0,       ,      ,      ,        ,        ,        ,        ,        ,        ,        ,        ,      
riggipa01, 1985,     2, BOS , NHL , G  , 39.0,  0.0,   0.0,   0.0,   4.0, 0.0  ,  0.0,     ,  0.0,     ,  0.0, 0.0,   0.0,    1.0,   0.0,   0.0,     0.0,     2.0, 0.0    ,     0.0,        ,     0.0,        ,     0.0,     0.0
riggipa01, 1986,     1, BOS , NHL , G  , 10.0,  0.0,   0.0,   0.0,   0.0, 0.0  ,  0.0,     ,  0.0,     ,  0.0, 0.0,   0.0,       ,      ,      ,        ,        ,        ,        ,        ,        ,        ,        ,      
riggipa01, 1986,     2, PIT , NHL , G  , 17.0,  0.0,   1.0,   1.0,   2.0, 0.0  ,  0.0,     ,  0.0,     ,  0.0, 0.0,   0.0,       ,      ,      ,        ,        ,        ,        ,        ,        ,        ,        ,      
riggipa01, 1987,     1, PIT , NHL , G  , 22.0,  0.0,   0.0,   0.0,  12.0, 0.0  ,  0.0,  0.0,  0.0,  0.0,  0.0, 0.0,   0.0,       ,      ,      ,        ,        ,        ,        ,        ,        ,        ,        ,      
riihihe01, 1974,     1, WIJ , WHA , D  , 64.0,  8.0,  14.0,  22.0,  30.0, -40.0,  2.0,     ,  0.0,     ,     ,    , 102.0,       ,      ,      ,        ,        ,        ,        ,        ,        ,        ,        ,      
riihihe01, 1975,     1, WIJ , WHA , D  , 70.0,  1.0,   8.0,   9.0,  26.0, 0.0  ,  0.0,     ,  0.0,     ,  0.0,    ,  38.0,    4.0,   0.0,   4.0,     4.0,     6.0, 7.0    ,        ,        ,        ,        ,        ,      
riihihe01, 1976,     1, WIJ , WHA , D  , 53.0,  1.0,  16.0,  17.0,  28.0, -1.0 ,  0.0,     ,  0.0,     ,     ,    ,  49.0,       ,      ,      ,        ,        ,        ,        ,        ,        ,        ,        ,      
rileybi01, 1974,     1, WAS , NHL , R  ,  1.0,  0.0,   0.0,   0.0,   0.0, -1.0 ,  0.0,     ,  0.0,     ,  0.0, 0.0,   0.0,       ,      ,      ,        ,        ,        ,        ,        ,        ,        ,        ,      
rileybi01, 1976,     1, WAS , NHL , R  , 43.0, 13.0,  14.0,  27.0, 124.0, 4.0  ,  5.0,     ,  0.0,     ,  2.0, 0.0,  45.0,       ,      ,      ,        ,        ,        ,        ,        ,        ,        ,        ,      
rileybi01, 1977,     1, WAS , NHL , R  , 57.0, 13.0,  12.0,  25.0, 125.0, -15.0,  5.0,     ,  0.0,     ,  0.0, 1.0,  67.0,       ,      ,      ,        ,        ,        ,        ,        ,        ,        ,        ,      
rileybi01, 1978,     1, WAS , NHL , R  , 24.0,  2.0,   2.0,   4.0,  64.0, -6.0 ,  0.0,     ,  0.0,     ,  0.0, 0.0,  24.0,       ,      ,      ,        ,        ,        ,        ,        ,        ,        ,        ,      
rileybi01, 1979,     1, WIN , NHL , R  , 14.0,  3.0,   2.0,   5.0,   7.0, 0.0  ,  2.0,     ,  0.0,     ,  1.0, 1.0,  11.0,       ,      ,      ,        ,        ,        ,        ,        ,        ,        ,        ,      
rileyja01, 1932,     1, DET , NHL , C  ,  1.0,  0.0,   0.0,   0.0,   0.0,      ,     ,     ,     ,     ,     ,    ,      ,       ,      ,      ,        ,        ,        ,        ,        ,        ,        ,        ,      
rileyja01, 1933,     1, MTL , NHL , C  , 48.0,  6.0,  11.0,  17.0,   4.0,      ,     ,     ,     ,     ,     ,    ,      ,    2.0,   0.0,   1.0,     1.0,     0.0,        ,        ,        ,        ,        ,        ,      
rileyja01, 1934,     1, MTL , NHL , C  , 47.0,  4.0,  11.0,  15.0,   4.0,      ,     ,     ,     ,     ,     ,    ,      ,    2.0,   0.0,   2.0,     2.0,     0.0,        ,        ,        ,        ,        ,        ,      
rileyja01, 1935,     1, BOS , NHL , C  ,  8.0,  0.0,   0.0,   0.0,   0.0,      ,     ,     ,     ,     ,     ,    ,      ,       ,      ,      ,        ,        ,        ,        ,        ,        ,        ,        ,      
rileyji01, 1915,     1, VA1 , PCHA, L  , 12.0,  4.0,   1.0,   5.0,  14.0,      ,     ,     ,     ,     ,     ,    ,      ,       ,      ,      ,        ,        ,        ,        ,        ,        ,        ,        ,      
rileyji01, 1916,     1, SEA , PCHA, L  , 21.0, 11.0,   5.0,  16.0,  34.0,      ,     ,     ,     ,     ,     ,    ,      ,       ,      ,      ,        ,        ,        ,        ,        ,        ,        ,        ,      
rileyji01, 1917,     1, SEA , PCHA, L  , 18.0,  4.0,   3.0,   7.0,  12.0,      ,     ,     ,     ,     ,     ,    ,      ,    2.0,   1.0,   0.0,     1.0,     3.0,        ,        ,        ,        ,        ,        ,      
rileyji01, 1919,     1, SEA , PCHA, L  , 22.0, 11.0,   2.0,  13.0,  55.0,      ,     ,     ,     ,     ,     ,    ,      ,    2.0,   1.0,   2.0,     3.0,     0.0,        ,        ,        ,        ,        ,        ,      
rileyji01, 1920,     1, SEA , PCHA, L  , 24.0, 23.0,   5.0,  28.0,  19.0,      ,     ,     ,     ,     ,     ,    ,      ,    2.0,   0.0,   0.0,     0.0,     0.0,        ,        ,        ,        ,        ,        ,      
rileyji01, 1921,     1, SEA , PCHA, L  , 24.0, 16.0,   2.0,  18.0,  27.0,      ,     ,     ,     ,     ,     ,    ,      ,    2.0,   0.0,   0.0,     0.0,     3.0,        ,        ,        ,        ,        ,        ,      
rileyji01, 1922,     1, SEA , PCHA, L  , 29.0, 22.0,   5.0,  27.0,  50.0,      ,     ,     ,     ,     ,     ,    ,      ,       ,      ,      ,        ,        ,        ,        ,        ,        ,        ,        ,      
rileyji01, 1923,     1, SEA , PCHA, L  , 13.0,  2.0,   2.0,   4.0,  11.0,      ,     ,     ,     ,     ,     ,    ,      ,    2.0,   0.0,   0.0,     0.0,     2.0,        ,        ,        ,        ,        ,        ,      
rileyji01, 1926,     1, CHI , NHL , L  ,  3.0,  0.0,   0.0,   0.0,   0.0,      ,     ,     ,     ,     ,     ,    ,      ,       ,      ,      ,        ,        ,        ,        ,        ,        ,        ,        ,      
rileyji01, 1926,     2, DTC , NHL , L  ,  6.0,  0.0,   2.0,   2.0,  14.0,      ,     ,     ,     ,     ,     ,    ,      ,       ,      ,      ,        ,        ,        ,        ,        ,        ,        ,        ,      
rileyro01, 1972,     1, OTN , WHA , L  , 22.0,  0.0,   5.0,   5.0,   2.0,      ,  0.0,     ,  0.0,     ,     ,    ,      ,    2.0,   0.0,   0.0,     0.0,     0.0,        ,     0.0,        ,     0.0,        ,     0.0,      
ringbo01 , 1965,     1, BOS , NHL , G  ,  1.0,  0.0,   0.0,   0.0,   0.0,      ,  0.0,     ,  0.0,     ,  0.0, 0.0,      ,       ,      ,      ,        ,        ,        ,        ,        ,        ,        ,        ,      
rinnejo01, 1978,     1, FIN , WHA ,    ,  1.0,  1.0,   1.0,   2.0,   0.0,      ,  0.0,     ,  0.0,     ,  0.0,    ,      ,       ,      ,      ,        ,        ,        ,        ,        ,        ,        ,        ,      
rinnepe01, 2005,     1, NAS , NHL , G  ,  2.0,  0.0,   0.0,   0.0,   0.0, 0.0  ,  0.0,  0.0,  0.0,  0.0,  0.0,    ,   0.0,       ,      ,      ,        ,        ,        ,        ,        ,        ,        ,        ,      
rinnepe01, 2007,     1, NAS , NHL , G  ,  1.0,  0.0,   0.0,   0.0,   0.0, 0.0  ,  0.0,  0.0,  0.0,  0.0,  0.0,    ,   0.0,       ,      ,      ,        ,        ,        ,        ,        ,        ,        ,        ,      
rinnepe01, 2008,     1, NAS , NHL , G  , 52.0,  0.0,   1.0,   1.0,   6.0, 0.0  ,  0.0,  0.0,  0.0,  0.0,  0.0,    ,   0.0,       ,      ,      ,        ,        ,        ,        ,        ,        ,        ,        ,      
rinnepe01, 2009,     1, NAS , NHL , G  , 58.0,  0.0,   0.0,   0.0,   2.0, 0.0  ,  0.0,  0.0,  0.0,  0.0,  0.0,    ,   0.0,    6.0,   0.0,   0.0,     0.0,     0.0, 0.0    ,     0.0,     0.0,     0.0,     0.0,     0.0,     0.0
rioperi01, 1947,     1, MTL , NHL , L  , 55.0,  5.0,   2.0,   7.0,  12.0,      ,     ,     ,     ,     ,     ,    ,      ,       ,      ,      ,        ,        ,        ,        ,        ,        ,        ,        ,      
rioperi01, 1948,     1, MTL , NHL , L  , 48.0, 10.0,   6.0,  16.0,  34.0,      ,     ,     ,     ,     ,     ,    ,      ,    7.0,   1.0,   1.0,     2.0,     2.0,        ,        ,        ,        ,        ,        ,      
rioperi01, 1949,     1, MTL , NHL , L  , 66.0, 12.0,   8.0,  20.0,  27.0,      ,     ,     ,     ,     ,     ,    ,      ,    1.0,   0.0,   0.0,     0.0,     0.0,        ,        ,        ,        ,        ,        ,      
riouxge01, 1979,     1, WIN , NHL , R  ,  8.0,  0.0,   0.0,   0.0,   6.0, -2.0 ,  0.0,     ,  0.0,     ,  0.0, 0.0,   4.0,       ,      ,      ,        ,        ,        ,        ,        ,        ,        ,        ,      
riouxpi01, 1982,     1, CAL , NHL , R  , 14.0,  1.0,   2.0,   3.0,   4.0, -3.0 ,  0.0,     ,  0.0,     ,  0.0, 0.0,   9.0,       ,      ,      ,        ,        ,        ,        ,        ,        ,        ,        ,      
riplevi01, 1928,     1, CHI , NHL , C  , 34.0, 11.0,   2.0,  13.0,  31.0,      ,     ,     ,     ,     ,     ,    ,      ,       ,      ,      ,        ,        ,        ,        ,        ,        ,        ,        ,      
riplevi01, 1929,     1, CHI , NHL , C  , 40.0,  8.0,   8.0,  16.0,  33.0,      ,     ,     ,     ,     ,     ,    ,      ,    2.0,   0.0,   0.0,     0.0,     2.0,        ,        ,        ,        ,        ,        ,      
riplevi01, 1930,     1, CHI , NHL , C  , 37.0,  8.0,   4.0,  12.0,   9.0,      ,     ,     ,     ,     ,     ,    ,      ,    9.0,   2.0,   1.0,     3.0,     4.0,        ,        ,        ,        ,        ,        ,      
riplevi01, 1931,     1, CHI , NHL , C  , 46.0, 12.0,   6.0,  18.0,  47.0,      ,     ,     ,     ,     ,     ,    ,      ,    2.0,   0.0,   0.0,     0.0,     0.0,        ,        ,        ,        ,        ,        ,      
riplevi01, 1932,     1, CHI , NHL , C  , 15.0,  2.0,   4.0,   6.0,   6.0,      ,     ,     ,     ,     ,     ,    ,      ,       ,      ,      ,        ,        ,        ,        ,        ,        ,        ,        ,      
riplevi01, 1932,     2, BOS , NHL , C  , 23.0,  2.0,   5.0,   7.0,  21.0,      ,     ,     ,     ,     ,     ,    ,      ,    5.0,   1.0,   0.0,     1.0,     0.0,        ,        ,        ,        ,        ,        ,      
riplevi01, 1933,     1, BOS , NHL , C  , 14.0,  2.0,   1.0,   3.0,   6.0,      ,     ,     ,     ,     ,     ,    ,      ,       ,      ,      ,        ,        ,        ,        ,        ,        ,        ,        ,      
riplevi01, 1933,     2, NYR , NHL , C  , 34.0,  5.0,  12.0,  17.0,  10.0,      ,     ,     ,     ,     ,     ,    ,      ,    2.0,   1.0,   0.0,     1.0,     4.0,        ,        ,        ,        ,        ,        ,      
riplevi01, 1934,     1, NYR , NHL , C  ,  4.0,  0.0,   2.0,   2.0,   2.0,      ,     ,     ,     ,     ,     ,    ,      ,       ,      ,      ,        ,        ,        ,        ,        ,        ,        ,        ,      
riplevi01, 1934,     2, STE , NHL , C  , 31.0,  1.0,   5.0,   6.0,   8.0,      ,     ,     ,     ,     ,     ,    ,      ,       ,      ,      ,        ,        ,        ,        ,        ,        ,        ,        ,      
risebdo01, 1974,     1, MTL , NHL , C  , 64.0, 15.0,  32.0,  47.0, 198.0, 27.0 ,  2.0,     ,  0.0,     ,  2.0, 1.0, 111.0,   11.0,   3.0,   5.0,     8.0,    37.0,        ,     0.0,        ,     0.0,        ,     0.0,      
risebdo01, 1975,     1, MTL , NHL , C  , 80.0, 16.0,  28.0,  44.0, 180.0, 18.0 ,  1.0,     ,  0.0,     ,  3.0, 0.0, 143.0,   13.0,   0.0,   3.0,     3.0,    30.0,        ,     0.0,        ,     0.0,        ,     0.0,      
risebdo01, 1976,     1, MTL , NHL , C  , 78.0, 22.0,  38.0,  60.0, 132.0, 33.0 ,  1.0,     ,  0.0,     ,  6.0, 0.0, 142.0,   12.0,   2.0,   3.0,     5.0,    16.0,        ,     0.0,        ,     0.0,        ,     0.0,      
risebdo01, 1977,     1, MTL , NHL , C  , 72.0, 18.0,  23.0,  41.0,  97.0, 30.0 ,  1.0,     ,  0.0,     ,  3.0, 0.0, 115.0,   15.0,   2.0,   2.0,     4.0,    17.0,        ,     0.0,        ,     1.0,        ,     1.0,      
risebdo01, 1978,     1, MTL , NHL , C  , 48.0, 10.0,  15.0,  25.0,  62.0, 22.0 ,  0.0,     ,  0.0,     ,  2.0, 0.0,  83.0,   15.0,   1.0,   6.0,     7.0,    32.0,        ,     0.0,        ,     0.0,        ,     1.0,      
risebdo01, 1979,     1, MTL , NHL , C  , 44.0,  8.0,  10.0,  18.0,  81.0, -2.0 ,  0.0,     ,  0.0,     ,  0.0, 0.0,  82.0,       ,      ,      ,        ,        ,        ,        ,        ,        ,        ,        ,      
risebdo01, 1980,     1, MTL , NHL , C  , 48.0, 13.0,  21.0,  34.0,  93.0, 7.0  ,  1.0,     ,  0.0,     ,  1.0, 1.0,  94.0,    3.0,   1.0,   0.0,     1.0,     0.0,        ,     1.0,        ,     0.0,        ,     0.0,      
risebdo01, 1981,     1, MTL , NHL , C  , 59.0, 15.0,  18.0,  33.0, 116.0, 23.0 ,  2.0,     ,  2.0,     ,  2.0, 1.0,  80.0,    5.0,   2.0,   1.0,     3.0,    11.0,        ,     0.0,        ,     0.0,        ,     0.0,      
risebdo01, 1982,     1, CAL , NHL , C  , 71.0, 21.0,  37.0,  58.0, 138.0, 13.0 ,  3.0,     ,  0.0,     ,  1.0, 1.0, 145.0,    9.0,   1.0,   3.0,     4.0,    18.0,        ,     0.0,        ,     0.0,        ,     0.0,      
risebdo01, 1983,     1, CAL , NHL , C  , 77.0, 23.0,  28.0,  51.0, 161.0, 11.0 ,  0.0,     ,  1.0,     ,  3.0, 0.0, 161.0,   11.0,   2.0,   1.0,     3.0,    25.0, -9.0   ,     0.0,        ,     0.0,        ,     0.0,    24.0
risebdo01, 1984,     1, CAL , NHL , C  , 15.0,  7.0,   5.0,  12.0,  49.0, 10.0 ,  0.0,     ,  1.0,     ,  4.0, 0.0,  33.0,    4.0,   0.0,   3.0,     3.0,    12.0, 1.0    ,     0.0,        ,     0.0,        ,     0.0,     8.0
risebdo01, 1985,     1, CAL , NHL , C  , 62.0, 15.0,  28.0,  43.0, 169.0, 22.0 ,  0.0,     ,  3.0,     ,  1.0, 0.0,  92.0,   22.0,   7.0,   9.0,    16.0,    38.0, 9.0    ,     0.0,        ,     1.0,        ,     1.0,    38.0
risebdo01, 1986,     1, CAL , NHL , C  , 22.0,  2.0,   3.0,   5.0,  66.0, -2.0 ,  0.0,     ,  0.0,     ,  0.0, 0.0,  19.0,    4.0,   0.0,   1.0,     1.0,     2.0, -1.0   ,     0.0,        ,     0.0,        ,     0.0,     6.0
risslga01, 1978,     1, WAS , NHL , D  , 26.0,  3.0,   3.0,   6.0, 127.0, -5.0 ,  1.0,     ,  0.0,     ,  1.0, 0.0,  16.0,       ,      ,      ,        ,        ,        ,        ,        ,        ,        ,        ,      
risslga01, 1979,     1, WAS , NHL , D  , 11.0,  0.0,   1.0,   1.0,  49.0, -6.0 ,  0.0,     ,  0.0,     ,  0.0, 0.0,   5.0,       ,      ,      ,        ,        ,        ,        ,        ,        ,        ,        ,      
risslga01, 1980,     1, PIT , NHL , L  , 25.0,  1.0,   0.0,   1.0, 143.0, -4.0 ,  0.0,     ,  0.0,     ,  0.0, 0.0,  16.0,    5.0,   0.0,   1.0,     1.0,     4.0,        ,     0.0,        ,     0.0,        ,     0.0,      
risslga01, 1981,     1, PIT , NHL , L  , 16.0,  0.0,   0.0,   0.0,  55.0, -2.0 ,  0.0,     ,  0.0,     ,  0.0, 0.0,   1.0,       ,      ,      ,        ,        ,        ,        ,        ,        ,        ,        ,      
risslga01, 1982,     1, PIT , NHL , L  , 40.0,  5.0,   4.0,   9.0, 128.0, -17.0,  0.0,     ,  0.0,     ,  0.0, 0.0,  35.0,       ,      ,      ,        ,        ,        ,        ,        ,        ,        ,        ,      
risslga01, 1983,     1, PIT , NHL , L  , 47.0,  4.0,  13.0,  17.0, 297.0, -9.0 ,  1.0,     ,  0.0,     ,  1.0, 0.0,  40.0,       ,      ,      ,        ,        ,        ,        ,        ,        ,        ,        ,      
risslga01, 1984,     1, PIT , NHL , L  , 56.0, 10.0,   9.0,  19.0, 209.0, -6.0 ,  0.0,     ,  0.0,     ,  0.0, 0.0,  52.0,       ,      ,      ,        ,        ,        ,        ,        ,        ,        ,        ,      
rissmpa01, 2003,     1, SJS , NHL , C  ,  4.0,  0.0,   0.0,   0.0,   0.0, 0.0  ,  0.0,  0.0,  0.0,  0.0,  0.0, 0.0,   2.0,       ,      ,      ,        ,        ,        ,        ,        ,        ,        ,        ,      
rissmpa01, 2005,     1, SJS , NHL , C  , 18.0,  3.0,   3.0,   6.0,   8.0, 1.0  ,  1.0,  0.0,  0.0,  0.0,  1.0,    ,  26.0,   11.0,   2.0,   1.0,     3.0,     6.0, 1.0    ,     0.0,     0.0,     0.0,     0.0,     0.0,    11.0
rissmpa01, 2006,     1, SJS , NHL , C  , 79.0,  7.0,  15.0,  22.0,  22.0, 1.0  ,  1.0,  2.0,  0.0,  1.0,  0.0,    , 100.0,   11.0,   1.0,   3.0,     4.0,     0.0, 1.0    ,     0.0,     0.0,     0.0,     0.0,     1.0,    18.0
rissmpa01, 2007,     1, SJS , NHL , L  , 79.0,  8.0,   9.0,  17.0,  30.0, -8.0 ,  0.0,  0.0,  0.0,  0.0,  2.0,    , 119.0,    8.0,   0.0,   0.0,     0.0,     4.0, -3.0   ,     0.0,     0.0,     0.0,     0.0,     0.0,    13.0
rissmpa01, 2008,     1, NYR , NHL , L  ,  2.0,  0.0,   0.0,   0.0,   0.0, -2.0 ,  0.0,  0.0,  0.0,  0.0,  0.0,    ,   2.0,       ,      ,      ,        ,        ,        ,        ,        ,        ,        ,        ,      
ritaja01 , 2001,     1, EDM , NHL , L  ,  1.0,  0.0,   0.0,   0.0,   0.0, 0.0  ,  0.0,  0.0,  0.0,  0.0,  0.0, 0.0,   0.0,       ,      ,      ,        ,        ,        ,        ,        ,        ,        ,        ,      
ritaja01 , 2002,     1, EDM , NHL , L  , 12.0,  3.0,   1.0,   4.0,   0.0, 2.0  ,  0.0,  0.0,  0.0,  0.0,  0.0, 0.0,  18.0,       ,      ,      ,        ,        ,        ,        ,        ,        ,        ,        ,      
ritaja01 , 2003,     1, EDM , NHL , R  ,  2.0,  0.0,   0.0,   0.0,   0.0, 0.0  ,  0.0,  0.0,  0.0,  0.0,  0.0, 0.0,   1.0,       ,      ,      ,        ,        ,        ,        ,        ,        ,        ,        ,      
ritaja01 , 2005,     1, EDM , NHL , L  , 21.0,  3.0,   0.0,   3.0,   6.0, 0.0  ,  0.0,  0.0,  0.0,  0.0,  0.0,    ,  13.0,       ,      ,      ,        ,        ,        ,        ,        ,        ,        ,        ,      
ritaja01 , 2005,     2, PIT , NHL , L  , 30.0,  3.0,   4.0,   7.0,   4.0, -6.0 ,  0.0,  0.0,  0.0,  0.0,  0.0,    ,  36.0,       ,      ,      ,        ,        ,        ,        ,        ,        ,        ,        ,      
ritchbo01, 1976,     1, PHI , NHL , L  ,  1.0,  0.0,   0.0,   0.0,   0.0, 0.0  ,  0.0,     ,  0.0,     ,  0.0, 0.0,   1.0,       ,      ,      ,        ,        ,        ,        ,        ,        ,        ,        ,      
ritchbo01, 1976,     2, DET , NHL , L  , 17.0,  6.0,   2.0,   8.0,  10.0, -13.0,  1.0,     ,  0.0,     ,  0.0, 0.0,  33.0,       ,      ,      ,        ,        ,        ,        ,        ,        ,        ,        ,      
ritchbo01, 1977,     1, DET , NHL , L  , 11.0,  2.0,   2.0,   4.0,   0.0, -1.0 ,  1.0,     ,  0.0,     ,  0.0, 0.0,  18.0,       ,      ,      ,        ,        ,        ,        ,        ,        ,        ,        ,      
ritchby01, 1998,     1, CAR , NHL , C  ,  3.0,  0.0,   0.0,   0.0,   0.0, 0.0  ,  0.0,  0.0,  0.0,  0.0,  0.0, 0.0,   0.0,       ,      ,      ,        ,        ,        ,        ,        ,        ,        ,        ,      
ritchby01, 1999,     1, CAR , NHL , C  , 26.0,  0.0,   2.0,   2.0,  17.0, -10.0,  0.0,  1.0,  0.0,  0.0,  0.0, 0.0,  13.0,       ,      ,      ,        ,        ,        ,        ,        ,        ,        ,        ,      
ritchby01, 2001,     1, CAR , NHL , C  ,  4.0,  0.0,   0.0,   0.0,   2.0, 0.0  ,  0.0,  0.0,  0.0,  0.0,  0.0, 0.0,   5.0,       ,      ,      ,        ,        ,        ,        ,        ,        ,        ,        ,      
ritchby01, 2001,     2, FLO , NHL , C  , 31.0,  5.0,   6.0,  11.0,  34.0, -2.0 ,  2.0,  1.0,  0.0,  0.0,  0.0, 1.0,  55.0,       ,      ,      ,        ,        ,        ,        ,        ,        ,        ,        ,      
ritchby01, 2002,     1, FLO , NHL , R  , 30.0,  0.0,   3.0,   3.0,  19.0, -4.0 ,  0.0,  0.0,  0.0,  0.0,  0.0, 0.0,  29.0,       ,      ,      ,        ,        ,        ,        ,        ,        ,        ,        ,      
ritchby01, 2003,     1, FLO , NHL , C  , 50.0,  5.0,   6.0,  11.0,  84.0, -10.0,  0.0,  0.0,  0.0,  1.0,  2.0, 0.0,  65.0,       ,      ,      ,        ,        ,        ,        ,        ,        ,        ,        ,      
ritchby01, 2005,     1, CAL , NHL , C  , 45.0,  4.0,   2.0,   6.0,  69.0, -2.0 ,  0.0,  0.0,  0.0,  0.0,  0.0,    ,  34.0,    7.0,   0.0,   0.0,     0.0,     0.0, -2.0   ,     0.0,     0.0,     0.0,     0.0,     0.0,     7.0
ritchby01, 2006,     1, CAL , NHL , C  , 64.0,  8.0,   6.0,  14.0,  68.0, 3.0  ,  0.0,  0.0,  1.0,  1.0,  0.0,    ,  46.0,    1.0,   0.0,   0.0,     0.0,    10.0, 0.0    ,     0.0,     0.0,     0.0,     0.0,     0.0,     0.0
ritchby01, 2007,     1, VAN , NHL , C  , 71.0,  3.0,   8.0,  11.0,  80.0, -10.0,  0.0,  3.0,  0.0,  0.0,  0.0,    ,  73.0,       ,      ,      ,        ,        ,        ,        ,        ,        ,        ,        ,      
ritchda01, 1914,     1, QU1 , NHA ,    , 14.0,  2.0,   1.0,   3.0,   0.0,      ,     ,     ,     ,     ,     ,    ,      ,       ,      ,      ,        ,        ,        ,        ,        ,        ,        ,        ,      
ritchda01, 1915,     1, QU1 , NHA ,    , 23.0,  8.0,   4.0,  12.0,  38.0,      ,     ,     ,     ,     ,     ,    ,      ,       ,      ,      ,        ,        ,        ,        ,        ,        ,        ,        ,      
ritchda01, 1916,     1, QU1 , NHA ,    , 19.0, 17.0,   8.0,  25.0,  17.0,      ,     ,     ,     ,     ,     ,    ,      ,       ,      ,      ,        ,        ,        ,        ,        ,        ,        ,        ,      
ritchda01, 1917,     1, MTW , NHL , D  ,  4.0,  5.0,   2.0,   7.0,   3.0,      ,     ,     ,     ,     ,  1.0,    ,      ,       ,      ,      ,        ,        ,        ,        ,        ,        ,        ,        ,      
ritchda01, 1917,     2, OTS , NHL , D  , 14.0,  4.0,   1.0,   5.0,  18.0,      ,     ,     ,     ,     ,  1.0,    ,      ,       ,      ,      ,        ,        ,        ,        ,        ,        ,        ,        ,      
ritchda01, 1918,     1, TOA , NHL , D  ,  4.0,  0.0,   0.0,   0.0,   9.0,      ,     ,     ,     ,     ,     ,    ,      ,       ,      ,      ,        ,        ,        ,        ,        ,        ,        ,        ,      
ritchda01, 1919,     1, QUB , NHL , D  , 23.0,  6.0,   3.0,   9.0,  18.0,      ,     ,     ,     ,     ,     ,    ,      ,       ,      ,      ,        ,        ,        ,        ,        ,        ,        ,        ,      
ritchda01, 1920,     1, MTL , NHL , D  ,  6.0,  0.0,   0.0,   0.0,   2.0,      ,     ,     ,     ,     ,     ,    ,      ,       ,      ,      ,        ,        ,        ,        ,        ,        ,        ,        ,      
ritchda01, 1924,     1, MTL , NHL , D  ,  5.0,  0.0,   0.0,   0.0,   0.0,      ,     ,     ,     ,     ,     ,    ,      ,    1.0,   0.0,   0.0,     0.0,     0.0,        ,        ,        ,        ,        ,        ,      
ritchda01, 1925,     1, MTL , NHL , F  ,  2.0,  0.0,   0.0,   0.0,   0.0,      ,     ,     ,     ,     ,     ,    ,      ,       ,      ,      ,        ,        ,        ,        ,        ,        ,        ,        ,      
ritolma01, 2007,     1, DET , NHL , C  ,  2.0,  0.0,   1.0,   1.0,   0.0, 0.0  ,  0.0,  0.0,  0.0,  0.0,  0.0,    ,   2.0,       ,      ,      ,        ,        ,        ,        ,        ,        ,        ,        ,      
ritolma01, 2009,     1, DET , NHL , C  ,  5.0,  0.0,   0.0,   0.0,   0.0, 0.0  ,  0.0,  0.0,  0.0,  0.0,  0.0,    ,   9.0,    1.0,   0.0,   0.0,     0.0,     0.0, 0.0    ,     0.0,     0.0,     0.0,     0.0,     0.0,     0.0
ritsoal01, 1944,     1, NYR , NHL , C  ,  1.0,  0.0,   0.0,   0.0,   0.0,      ,     ,     ,     ,     ,     ,    ,      ,       ,      ,      ,        ,        ,        ,        ,        ,        ,        ,        ,      
rittial01, 1943,     1, BOS , NHL , R  , 19.0,  3.0,   7.0,  10.0,   0.0,      ,     ,     ,     ,     ,     ,    ,      ,       ,      ,      ,        ,        ,        ,        ,        ,        ,        ,        ,      
rivarbo01, 1967,     1, PIT , NHL , C  , 27.0,  5.0,  12.0,  17.0,   4.0, 0.0  ,  1.0,     ,  0.0,     ,  1.0, 0.0,  62.0,       ,      ,      ,        ,        ,        ,        ,        ,        ,        ,        ,      
rivarfe01, 1968,     1, MNS , NHL , G  , 13.0,  0.0,   0.0,   0.0,   0.0, 0.0  ,  0.0,     ,  0.0,     ,  0.0, 0.0,   0.0,       ,      ,      ,        ,        ,        ,        ,        ,        ,        ,        ,      
rivarfe01, 1969,     1, MNS , NHL , G  , 14.0,  0.0,   0.0,   0.0,   6.0, 0.0  ,  0.0,     ,  0.0,     ,  0.0, 0.0,   0.0,       ,      ,      ,        ,        ,        ,        ,        ,        ,        ,        ,      
rivarfe01, 1973,     1, MNS , NHL , G  , 13.0,  0.0,   0.0,   0.0,   0.0, 0.0  ,  0.0,     ,  0.0,     ,  0.0, 0.0,   0.0,       ,      ,      ,        ,        ,        ,        ,        ,        ,        ,        ,      
rivarfe01, 1974,     1, MNS , NHL , G  , 15.0,  0.0,   0.0,   0.0,   4.0, 0.0  ,  0.0,     ,  0.0,     ,  0.0, 0.0,   0.0,       ,      ,      ,        ,        ,        ,        ,        ,        ,        ,        ,      
rivarpa01, 1922,     1, REG , WCHL, C  , 10.0,  0.0,   0.0,   0.0,   0.0,      ,     ,     ,     ,     ,     ,    ,      ,    2.0,   0.0,   0.0,     0.0,     0.0,        ,        ,        ,        ,        ,        ,      
rivergu01, 1929,     1, MTL , NHL , R  , 19.0,  1.0,   0.0,   1.0,   2.0,      ,     ,     ,     ,     ,     ,    ,      ,    6.0,   1.0,   0.0,     1.0,     2.0,        ,        ,        ,        ,        ,        ,      
rivergu01, 1930,     1, MTL , NHL , R  , 44.0,  2.0,   5.0,   7.0,   6.0,      ,     ,     ,     ,     ,     ,    ,      ,   10.0,   1.0,   0.0,     1.0,     0.0,        ,        ,        ,        ,        ,        ,      
rivergu01, 1931,     1, MTL , NHL , R  , 25.0,  1.0,   0.0,   1.0,   4.0,      ,     ,     ,     ,     ,     ,    ,      ,       ,      ,      ,        ,        ,        ,        ,        ,        ,        ,        ,      
riverja01, 1995,     1, STL , NHL , D  ,  3.0,  0.0,   0.0,   0.0,   2.0, -1.0 ,  0.0,  0.0,  0.0,  0.0,  0.0, 0.0,   5.0,       ,      ,      ,        ,        ,        ,        ,        ,        ,        ,        ,      
riverja01, 1996,     1, STL , NHL , D  , 15.0,  2.0,   5.0,   7.0,   6.0, -4.0 ,  1.0,  2.0,  0.0,  0.0,  0.0, 0.0,   9.0,       ,      ,      ,        ,        ,        ,        ,        ,        ,        ,        ,      
riverja01, 1997,     1, STL , NHL , D  , 59.0,  2.0,   4.0,   6.0,  36.0, 5.0  ,  1.0,  1.0,  0.0,  0.0,  1.0, 0.0,  53.0,       ,      ,      ,        ,        ,        ,        ,        ,        ,        ,        ,      
riverja01, 1998,     1, STL , NHL , D  , 76.0,  2.0,   5.0,   7.0,  47.0, -3.0 ,  1.0,  2.0,  0.0,  0.0,  0.0, 0.0,  78.0,    9.0,   1.0,   1.0,     2.0,     2.0, -2.0   ,     1.0,     0.0,     0.0,     0.0,     1.0,     4.0
riverja01, 1999,     1, NYI , NHL , D  , 75.0,  1.0,  16.0,  17.0,  84.0, -4.0 ,  1.0,  4.0,  0.0,  0.0,  0.0, 0.0,  95.0,       ,      ,      ,        ,        ,        ,        ,        ,        ,        ,        ,      
riverja01, 2000,     1, OTT , NHL , D  , 45.0,  2.0,   4.0,   6.0,  44.0, 6.0  ,  0.0,  2.0,  0.0,  0.0,  0.0, 0.0,  41.0,    1.0,   0.0,   0.0,     0.0,     4.0, 0.0    ,     0.0,     0.0,     0.0,     0.0,     0.0,     2.0
riverja01, 2001,     1, OTT , NHL , D  ,  2.0,  0.0,   0.0,   0.0,   4.0, -3.0 ,  0.0,  0.0,  0.0,  0.0,  0.0, 0.0,   3.0,       ,      ,      ,        ,        ,        ,        ,        ,        ,        ,        ,      
riverja01, 2001,     2, BOS , NHL , D  , 64.0,  4.0,   2.0,   6.0,  45.0, 6.0  ,  1.0,  1.0,  0.0,  0.0,  1.0, 0.0,  48.0,    3.0,   0.0,   0.0,     0.0,     0.0, 0.0    ,     0.0,     0.0,     0.0,     0.0,     0.0,     1.0
riverja01, 2002,     1, FLO , NHL , D  ,  1.0,  0.0,   0.0,   0.0,   2.0, -2.0 ,  0.0,  0.0,  0.0,  0.0,  0.0, 0.0,   2.0,       ,      ,      ,        ,        ,        ,        ,        ,        ,        ,        ,      
riverja01, 2003,     1, DET , NHL , D  , 50.0,  3.0,   4.0,   7.0,  41.0, 9.0  ,  0.0,  0.0,  0.0,  0.0,  0.0, 0.0,  31.0,    2.0,   0.0,   0.0,     0.0,     2.0, 0.0    ,     0.0,     0.0,     0.0,     0.0,     0.0,     0.0
riverja01, 2005,     1, DET , NHL , D  , 15.0,  0.0,   1.0,   1.0,  12.0, 0.0  ,  0.0,  0.0,  0.0,  0.0,  0.0,    ,   4.0,       ,      ,      ,        ,        ,        ,        ,        ,        ,        ,        ,      
riverja01, 2005,     2, PHO , NHL , D  , 18.0,  0.0,   5.0,   5.0,  26.0, 2.0  ,  0.0,  4.0,  0.0,  0.0,  0.0,    ,  32.0,       ,      ,      ,        ,        ,        ,        ,        ,        ,        ,        ,      
riverja01, 2006,     1, STL , NHL , D  , 31.0,  1.0,   3.0,   4.0,  36.0, -7.0 ,  1.0,  0.0,  0.0,  1.0,  0.0,    ,  17.0,       ,      ,      ,        ,        ,        ,        ,        ,        ,        ,        ,      
riversh01, 1992,     1, TBL , NHL , D  ,  4.0,  0.0,   2.0,   2.0,   2.0, -2.0 ,  0.0,  0.0,  0.0,  0.0,  0.0, 0.0,   3.0,       ,      ,      ,        ,        ,        ,        ,        ,        ,        ,        ,      
riverwa01, 1961,     1, DET , NHL , R  ,  2.0,  0.0,   0.0,   0.0,   0.0,      ,     ,     ,     ,     ,     ,    ,      ,       ,      ,      ,        ,        ,        ,        ,        ,        ,        ,        ,      
riverwa01, 1963,     1, BOS , NHL , R  , 12.0,  2.0,   7.0,   9.0,   6.0,      ,  0.0,     ,  0.0,     ,  0.0, 0.0,      ,       ,      ,      ,        ,        ,        ,        ,        ,        ,        ,        ,      
riverwa01, 1964,     1, BOS , NHL , R  , 58.0,  6.0,  17.0,  23.0,  72.0,      ,  0.0,     ,  0.0,     ,  0.0, 0.0,      ,       ,      ,      ,        ,        ,        ,        ,        ,        ,        ,        ,      
riverwa01, 1965,     1, BOS , NHL , R  ,  2.0,  1.0,   1.0,   2.0,   2.0,      ,  0.0,     ,  0.0,     ,  1.0, 0.0,      ,       ,      ,      ,        ,        ,        ,        ,        ,        ,        ,        ,      
riverwa01, 1966,     1, BOS , NHL , R  ,  8.0,  2.0,   1.0,   3.0,   6.0,      ,  0.0,     ,  0.0,     ,  0.0, 0.0,      ,       ,      ,      ,        ,        ,        ,        ,        ,        ,        ,        ,      
riverwa01, 1967,     1, STL , NHL , R  , 22.0,  4.0,   4.0,   8.0,   8.0, -2.0 ,  1.0,     ,  0.0,     ,  0.0, 1.0,  53.0,       ,      ,      ,        ,        ,        ,        ,        ,        ,        ,        ,      
riverwa01, 1968,     1, NYR , NHL , R  ,  4.0,  0.0,   0.0,   0.0,   0.0, -1.0 ,  0.0,     ,  0.0,     ,  0.0, 0.0,   1.0,       ,      ,      ,        ,        ,        ,        ,        ,        ,        ,        ,      
riverwa01, 1972,     1, NRA , WHA , R  , 75.0, 37.0,  40.0,  77.0,  47.0,      ,  4.0,     ,  0.0,     ,  4.0,    ,      ,       ,      ,      ,        ,        ,        ,        ,        ,        ,        ,        ,      
riverwa01, 1973,     1, NYJ , WHA , R  , 73.0, 30.0,  27.0,  57.0,  20.0,      ,  5.0,     ,  0.0,     ,  1.0,    ,      ,       ,      ,      ,        ,        ,        ,        ,        ,        ,        ,        ,      
riverwa01, 1974,     1, SDM , WHA , R  , 78.0, 54.0,  53.0, 107.0,  52.0, 29.0 , 13.0,     ,  0.0,     ,     ,    , 323.0,    6.0,   3.0,   1.0,     4.0,     8.0,        ,        ,        ,        ,        ,     2.0,      
riverwa01, 1975,     1, SDM , WHA , R  , 71.0, 19.0,  25.0,  44.0,  24.0, -18.0, 10.0,     ,  0.0,     ,  5.0,    , 188.0,   11.0,   4.0,   4.0,     8.0,     4.0, -2.0   ,        ,        ,        ,        ,        ,      
riverwa01, 1976,     1, SDM , WHA , R  , 60.0, 18.0,  31.0,  49.0,  40.0, 5.0  ,  7.0,     ,  0.0,     ,     ,    , 168.0,    7.0,   1.0,   1.0,     2.0,     2.0, -4.0   ,        ,        ,        ,        ,     0.0,      
rivetcr01, 1994,     1, MTL , NHL , D  ,  5.0,  0.0,   1.0,   1.0,   5.0, 2.0  ,  0.0,  0.0,  0.0,  0.0,  0.0, 0.0,   2.0,       ,      ,      ,        ,        ,        ,        ,        ,        ,        ,        ,      
rivetcr01, 1995,     1, MTL , NHL , D  , 19.0,  1.0,   4.0,   5.0,  54.0, 4.0  ,  0.0,  0.0,  0.0,  0.0,  0.0, 0.0,   9.0,       ,      ,      ,        ,        ,        ,        ,        ,        ,        ,        ,      
rivetcr01, 1996,     1, MTL , NHL , D  , 35.0,  0.0,   4.0,   4.0,  54.0, 7.0  ,  0.0,  0.0,  0.0,  0.0,  0.0, 0.0,  24.0,    5.0,   0.0,   1.0,     1.0,    14.0, -2.0   ,     0.0,     0.0,     0.0,     0.0,     0.0,     6.0
rivetcr01, 1997,     1, MTL , NHL , D  , 61.0,  0.0,   2.0,   2.0,  93.0, -3.0 ,  0.0,  0.0,  0.0,  0.0,  0.0, 0.0,  26.0,    5.0,   0.0,   0.0,     0.0,     2.0, -2.0   ,     0.0,     0.0,     0.0,     0.0,     0.0,     5.0
rivetcr01, 1998,     1, MTL , NHL , D  , 66.0,  2.0,   8.0,  10.0,  66.0, -3.0 ,  0.0,  0.0,  0.0,  0.0,  0.0, 0.0,  39.0,       ,      ,      ,        ,        ,        ,        ,        ,        ,        ,        ,      
rivetcr01, 1999,     1, MTL , NHL , D  , 61.0,  3.0,  14.0,  17.0,  76.0, 11.0 ,  0.0,  1.0,  0.0,  0.0,  1.0, 1.0,  71.0,       ,      ,      ,        ,        ,        ,        ,        ,        ,        ,        ,      
rivetcr01, 2000,     1, MTL , NHL , D  , 26.0,  1.0,   2.0,   3.0,  36.0, -8.0 ,  0.0,  0.0,  0.0,  0.0,  0.0, 0.0,  22.0,       ,      ,      ,        ,        ,        ,        ,        ,        ,        ,        ,      
rivetcr01, 2001,     1, MTL , NHL , D  , 82.0,  8.0,  17.0,  25.0,  76.0, 1.0  ,  0.0,  3.0,  0.0,  1.0,  0.0, 0.0,  90.0,   12.0,   0.0,   3.0,     3.0,     4.0, 2.0    ,     0.0,     2.0,     0.0,     0.0,     0.0,    19.0
rivetcr01, 2002,     1, MTL , NHL , D  , 82.0,  7.0,  15.0,  22.0,  71.0, 1.0  ,  3.0,  4.0,  0.0,  0.0,  2.0, 0.0, 118.0,       ,      ,      ,        ,        ,        ,        ,        ,        ,        ,        ,      
rivetcr01, 2003,     1, MTL , NHL , D  , 80.0,  4.0,   8.0,  12.0,  98.0, -1.0 ,  2.0,  1.0,  0.0,  0.0,  1.0, 0.0,  96.0,   11.0,   1.0,   4.0,     5.0,     2.0, 2.0    ,     1.0,     1.0,     0.0,     0.0,     0.0,    16.0
rivetcr01, 2005,     1, MTL , NHL , D  , 82.0,  7.0,  27.0,  34.0, 109.0, -5.0 ,  5.0, 10.0,  0.0,  1.0,  1.0,    , 122.0,    6.0,   0.0,   2.0,     2.0,     2.0, 0.0    ,     0.0,     0.0,     0.0,     0.0,     0.0,     9.0
rivetcr01, 2006,     1, MTL , NHL , D  , 54.0,  6.0,  10.0,  16.0,  57.0, -7.0 ,  2.0,  4.0,  0.0,  1.0,  0.0,    ,  58.0,       ,      ,      ,        ,        ,        ,        ,        ,        ,        ,        ,      
rivetcr01, 2006,     2, SJS , NHL , D  , 17.0,  1.0,   7.0,   8.0,  12.0, 8.0  ,  0.0,  5.0,  0.0,  0.0,  0.0,    ,  31.0,   11.0,   2.0,   3.0,     5.0,    18.0, -5.0   ,     1.0,     1.0,     0.0,     0.0,     0.0,    21.0
rivetcr01, 2007,     1, SJS , NHL , D  , 74.0,  5.0,  30.0,  35.0, 104.0, 3.0  ,  2.0, 18.0,  0.0,  1.0,  0.0,    , 105.0,   13.0,   0.0,   6.0,     6.0,    16.0, 2.0    ,     0.0,     4.0,     0.0,     0.0,     0.0,    17.0
rivetcr01, 2008,     1, BUF , NHL , D  , 64.0,  2.0,  22.0,  24.0, 125.0, 4.0  ,  1.0, 10.0,  0.0,  1.0,  0.0,    ,  80.0,       ,      ,      ,        ,        ,        ,        ,        ,        ,        ,        ,      
rivetcr01, 2009,     1, BUF , NHL , D  , 78.0,  1.0,  14.0,  15.0, 100.0, -6.0 ,  0.0,  6.0,  0.0,  0.0,  0.0,    ,  63.0,    6.0,   1.0,   0.0,     1.0,    11.0, 2.0    ,     0.0,     0.0,     0.0,     0.0,     1.0,     3.0
rizzuga01, 1970,     1, VAN , NHL , C  , 37.0,  3.0,   4.0,   7.0,  16.0, -16.0,  1.0,     ,  0.0,     ,  0.0, 0.0,  33.0,       ,      ,      ,        ,        ,        ,        ,        ,        ,        ,        ,      
rizzuga01, 1972,     1, WIJ , WHA , C  , 61.0, 10.0,  10.0,  20.0,  32.0,      ,  4.0,     ,  0.0,     ,     ,    ,      ,   14.0,   0.0,   1.0,     1.0,    14.0,        ,     0.0,        ,     0.0,        ,     0.0,      
rizzuga01, 1973,     1, WIJ , WHA , C  , 41.0,  3.0,   4.0,   7.0,   8.0,      ,  1.0,     ,  1.0,     ,  0.0,    ,      ,       ,      ,      ,        ,        ,        ,        ,        ,        ,        ,        ,      
roachan01, 2005,     1, STL , NHL , D  ,  5.0,  1.0,   2.0,   3.0,  10.0, 0.0  ,  1.0,  2.0,  0.0,  0.0,  0.0,    ,   2.0,       ,      ,      ,        ,        ,        ,        ,        ,        ,        ,        ,      
roachjo01, 1921,     1, TRS , NHL , G  , 22.0,  0.0,   0.0,   0.0,   0.0,      ,     ,     ,     ,     ,     ,    ,      ,    2.0,   0.0,   0.0,     0.0,     0.0,        ,        ,        ,        ,        ,        ,      
roachjo01, 1922,     1, TRS , NHL , G  , 24.0,  0.0,   0.0,   0.0,   0.0,      ,     ,     ,     ,     ,     ,    ,      ,       ,      ,      ,        ,        ,        ,        ,        ,        ,        ,        ,      
roachjo01, 1923,     1, TRS , NHL , G  , 23.0,  0.0,   0.0,   0.0,   0.0,      ,     ,     ,     ,     ,     ,    ,      ,       ,      ,      ,        ,        ,        ,        ,        ,        ,        ,        ,      
roachjo01, 1924,     1, TRS , NHL , G  , 30.0,  0.0,   0.0,   0.0,   0.0,      ,     ,     ,     ,     ,     ,    ,      ,    2.0,   0.0,   0.0,     0.0,     0.0,        ,        ,        ,        ,        ,        ,      
roachjo01, 1925,     1, TRS , NHL , G  , 36.0,  0.0,   0.0,   0.0,   0.0,      ,     ,     ,     ,     ,     ,    ,      ,       ,      ,      ,        ,        ,        ,        ,        ,        ,        ,        ,      
roachjo01, 1926,     1, TRS , NHL , G  , 44.0,  0.0,   0.0,   0.0,   0.0,      ,     ,     ,     ,     ,     ,    ,      ,       ,      ,      ,        ,        ,        ,        ,        ,        ,        ,        ,      
roachjo01, 1927,     1, TOR , NHL , G  , 43.0,  0.0,   0.0,   0.0,   0.0,      ,     ,     ,     ,     ,     ,    ,      ,       ,      ,      ,        ,        ,        ,        ,        ,        ,        ,        ,      
roachjo01, 1928,     1, NYR , NHL , G  , 44.0,  0.0,   0.0,   0.0,   0.0,      ,     ,     ,     ,     ,     ,    ,      ,    6.0,   0.0,   0.0,     0.0,     0.0,        ,        ,        ,        ,        ,        ,      
roachjo01, 1929,     1, NYR , NHL , G  , 44.0,  0.0,   0.0,   0.0,   0.0,      ,     ,     ,     ,     ,     ,    ,      ,    4.0,   0.0,   0.0,     0.0,     0.0,        ,        ,        ,        ,        ,        ,      
roachjo01, 1930,     1, NYR , NHL , G  , 44.0,  0.0,   0.0,   0.0,   0.0,      ,     ,     ,     ,     ,     ,    ,      ,    4.0,   0.0,   0.0,     0.0,     0.0,        ,        ,        ,        ,        ,        ,      
roachjo01, 1931,     1, NYR , NHL , G  , 48.0,  0.0,   0.0,   0.0,   0.0,      ,     ,     ,     ,     ,     ,    ,      ,    7.0,   0.0,   0.0,     0.0,     0.0,        ,        ,        ,        ,        ,        ,      
roachjo01, 1932,     1, DET , NHL , G  , 48.0,  0.0,   0.0,   0.0,   0.0,      ,     ,     ,     ,     ,     ,    ,      ,    4.0,   0.0,   0.0,     0.0,     0.0,        ,        ,        ,        ,        ,        ,      
roachjo01, 1933,     1, DET , NHL , G  , 19.0,  0.0,   0.0,   0.0,   0.0,      ,     ,     ,     ,     ,     ,    ,      ,       ,      ,      ,        ,        ,        ,        ,        ,        ,        ,        ,      
roachjo01, 1934,     1, DET , NHL , G  , 23.0,  0.0,   0.0,   0.0,   0.0,      ,     ,     ,     ,     ,     ,    ,      ,       ,      ,      ,        ,        ,        ,        ,        ,        ,        ,        ,      
roachmi01, 1919,     1, TRS , NHL , C  , 21.0, 11.0,   2.0,  13.0,   4.0,      ,     ,     ,     ,     ,     ,    ,      ,       ,      ,      ,        ,        ,        ,        ,        ,        ,        ,        ,      
roachmi01, 1920,     1, TRS , NHL , C  ,  9.0,  1.0,   1.0,   2.0,   2.0,      ,     ,     ,     ,     ,     ,    ,      ,       ,      ,      ,        ,        ,        ,        ,        ,        ,        ,        ,      
roachmi01, 1920,     2, HAM , NHL , C  , 14.0,  9.0,   8.0,  17.0,   0.0,      ,     ,     ,     ,     ,     ,    ,      ,       ,      ,      ,        ,        ,        ,        ,        ,        ,        ,        ,      
roachmi01, 1921,     1, HAM , NHL , C  , 24.0, 14.0,   6.0,  20.0,   7.0,      ,     ,     ,     ,     ,     ,    ,      ,       ,      ,      ,        ,        ,        ,        ,        ,        ,        ,        ,      
roachmi01, 1922,     1, HAM , NHL , C  , 24.0, 17.0,  10.0,  27.0,   8.0,      ,     ,     ,     ,     ,     ,    ,      ,       ,      ,      ,        ,        ,        ,        ,        ,        ,        ,        ,      
roachmi01, 1923,     1, HAM , NHL , C  , 20.0,  5.0,   3.0,   8.0,   7.0,      ,     ,     ,     ,     ,     ,    ,      ,       ,      ,      ,        ,        ,        ,        ,        ,        ,        ,        ,      
roachmi01, 1924,     1, HAM , NHL , C  , 30.0,  6.0,   4.0,  10.0,   8.0,      ,     ,     ,     ,     ,     ,    ,      ,       ,      ,      ,        ,        ,        ,        ,        ,        ,        ,        ,      
roachmi01, 1925,     1, NYA , NHL , C  , 25.0,  3.0,   0.0,   3.0,   4.0,      ,     ,     ,     ,     ,     ,    ,      ,       ,      ,      ,        ,        ,        ,        ,        ,        ,        ,        ,      
roachmi01, 1926,     1, NYA , NHL , C  , 44.0, 11.0,   0.0,  11.0,  14.0,      ,     ,     ,     ,     ,     ,    ,      ,       ,      ,      ,        ,        ,        ,        ,        ,        ,        ,        ,      
roberbe01, 1997,     1, VAN , NHL , L  , 30.0,  2.0,   4.0,   6.0,  24.0, 2.0  ,  0.0,  0.0,  0.0,  0.0,  0.0, 0.0,  19.0,       ,      ,      ,        ,        ,        ,        ,        ,        ,        ,        ,      
roberbe01, 1998,     1, VAN , NHL , D  , 39.0,  2.0,   2.0,   4.0,  13.0, -7.0 ,  0.0,  0.0,  0.0,  0.0,  0.0, 0.0,  13.0,       ,      ,      ,        ,        ,        ,        ,        ,        ,        ,        ,      
roberbe01, 1999,     1, EDM , NHL , D  , 52.0,  0.0,   4.0,   4.0,  34.0, -3.0 ,  0.0,  0.0,  0.0,  1.0,  0.0, 0.0,  31.0,    5.0,   0.0,   0.0,     0.0,     0.0, -1.0   ,     0.0,     0.0,     0.0,     0.0,     0.0,     2.0
roberbe01, 2000,     1, NYR , NHL , D  ,  2.0,  0.0,   0.0,   0.0,   4.0, -1.0 ,  0.0,  0.0,  0.0,  0.0,  0.0, 0.0,   0.0,       ,      ,      ,        ,        ,        ,        ,        ,        ,        ,        ,      
robercl01, 1950,     1, MTL , NHL , L  , 23.0,  1.0,   0.0,   1.0,   9.0,      ,     ,     ,     ,     ,     ,    ,      ,       ,      ,      ,        ,        ,        ,        ,        ,        ,        ,        ,      
roberda01, 1993,     1, STL , NHL , L  ,  1.0,  0.0,   0.0,   0.0,   2.0, 0.0  ,  0.0,  0.0,  0.0,  0.0,  0.0, 0.0,   1.0,    3.0,   0.0,   0.0,     0.0,    12.0, -1.0   ,     0.0,     0.0,     0.0,     0.0,     0.0,     2.0
roberda01, 1994,     1, STL , NHL , L  , 19.0,  6.0,   5.0,  11.0,  10.0, 2.0  ,  3.0,  2.0,  0.0,  0.0,  2.0, 1.0,  41.0,    6.0,   0.0,   0.0,     0.0,     4.0, -5.0   ,     0.0,     0.0,     0.0,     0.0,     0.0,    11.0
roberda01, 1995,     1, STL , NHL , L  , 28.0,  1.0,   6.0,   7.0,  12.0, -7.0 ,  1.0,  2.0,  0.0,  0.0,  1.0, 0.0,  35.0,       ,      ,      ,        ,        ,        ,        ,        ,        ,        ,        ,      
roberda01, 1995,     2, EDM , NHL , L  ,  6.0,  2.0,   4.0,   6.0,   6.0, 0.0  ,  0.0,  0.0,  0.0,  0.0,  0.0, 0.0,  12.0,       ,      ,      ,        ,        ,        ,        ,        ,        ,        ,        ,      
roberda01, 1996,     1, VAN , NHL , L  , 58.0, 10.0,  17.0,  27.0,  51.0, 11.0 ,  1.0,  2.0,  1.0,  1.0,  1.0, 0.0,  74.0,       ,      ,      ,        ,        ,        ,        ,        ,        ,        ,        ,      
roberda01, 1997,     1, VAN , NHL , L  , 13.0,  1.0,   1.0,   2.0,   4.0, -1.0 ,  0.0,  0.0,  0.0,  0.0,  0.0, 0.0,  14.0,       ,      ,      ,        ,        ,        ,        ,        ,        ,        ,        ,      
roberdo01, 1965,     1, DET , NHL , R  ,  1.0,  0.0,   0.0,   0.0,   0.0,      ,  0.0,     ,  0.0,     ,  0.0, 0.0,      ,       ,      ,      ,        ,        ,        ,        ,        ,        ,        ,        ,      
roberdo01, 1966,     1, DET , NHL , R  , 13.0,  3.0,   1.0,   4.0,   0.0,      ,  0.0,     ,  0.0,     ,  1.0, 0.0,      ,       ,      ,      ,        ,        ,        ,        ,        ,        ,        ,        ,      
roberdo01, 1967,     1, DET , NHL , R  , 37.0,  8.0,   9.0,  17.0,  12.0, 0.0  ,  1.0,     ,  0.0,     ,  1.0, 0.0,  60.0,       ,      ,      ,        ,        ,        ,        ,        ,        ,        ,        ,      
roberdo01, 1968,     1, OAK , NHL , D  , 76.0,  1.0,  19.0,  20.0,  79.0, -13.0,  0.0,     ,  0.0,     ,  0.0, 1.0, 114.0,    7.0,   0.0,   1.0,     1.0,    34.0,        ,     0.0,        ,     0.0,        ,     0.0,      
roberdo01, 1969,     1, OAK , NHL , R  , 76.0,  6.0,  25.0,  31.0, 107.0, -37.0,  2.0,     ,  0.0,     ,  1.0, 1.0, 137.0,    4.0,   0.0,   2.0,     2.0,     6.0,        ,     0.0,        ,     0.0,        ,     0.0,      
roberdo01, 1970,     1, CLF , NHL , D  , 78.0,  4.0,  13.0,  17.0,  94.0, -56.0,  1.0,     ,  0.0,     ,  0.0, 0.0, 128.0,       ,      ,      ,        ,        ,        ,        ,        ,        ,        ,        ,      
roberdo01, 1971,     1, BOS , NHL , R  ,  3.0,  1.0,   0.0,   1.0,   0.0, 1.0  ,  0.0,     ,  0.0,     ,  0.0, 0.0,   3.0,       ,      ,      ,        ,        ,        ,        ,        ,        ,        ,        ,      
roberdo01, 1972,     1, BOS , NHL , R  , 45.0,  4.0,   7.0,  11.0,   7.0, 13.0 ,  0.0,     ,  0.0,     ,  2.0, 0.0,  67.0,    5.0,   2.0,   0.0,     2.0,     6.0,        ,     0.0,        ,     0.0,        ,     0.0,      
roberdo01, 1973,     1, BOS , NHL , R  ,  7.0,  0.0,   1.0,   1.0,   2.0, 2.0  ,  0.0,     ,  0.0,     ,  0.0, 0.0,  11.0,       ,      ,      ,        ,        ,        ,        ,        ,        ,        ,        ,      
roberdo01, 1973,     2, DET , NHL , R  , 57.0, 12.0,  25.0,  37.0,  33.0, -9.0 ,  2.0,     ,  0.0,     ,  1.0, 1.0,  84.0,       ,      ,      ,        ,        ,        ,        ,        ,        ,        ,        ,      
roberdo01, 1974,     1, DET , NHL , R  , 26.0,  4.0,   4.0,   8.0,   8.0, -7.0 ,  4.0,     ,  0.0,     ,  0.0, 0.0,  26.0,       ,      ,      ,        ,        ,        ,        ,        ,        ,        ,        ,      
roberdo01, 1975,     1, NEW , WHA , D  , 76.0,  4.0,  13.0,  17.0,  51.0, -3.0 ,  0.0,     ,  0.0,     ,  0.0,    , 109.0,   17.0,   1.0,   1.0,     2.0,     8.0, 8.0    ,        ,        ,        ,        ,        ,      
roberdo01, 1976,     1, NEW , WHA , D  , 64.0,  3.0,  18.0,  21.0,  33.0, -6.0 ,  0.0,     ,  0.0,     ,     ,    , 107.0,    2.0,   0.0,   0.0,     0.0,     0.0, -1.0   ,     0.0,        ,     0.0,        ,     0.0,      
roberea01, 1936,     1, DET , NHL , G  ,     ,     ,      ,      ,      ,      ,     ,     ,     ,     ,     ,    ,      ,    6.0,   0.0,   0.0,     0.0,     0.0,        ,        ,        ,        ,        ,        ,      
roberea01, 1937,     1, NYA , NHL , G  , 48.0,  0.0,   0.0,   0.0,   0.0,      ,     ,     ,     ,     ,     ,    ,      ,    6.0,   0.0,   0.0,     0.0,     0.0,        ,        ,        ,        ,        ,        ,      
roberea01, 1938,     1, NYA , NHL , G  , 46.0,  0.0,   0.0,   0.0,   0.0,      ,     ,     ,     ,     ,     ,    ,      ,       ,      ,      ,        ,        ,        ,        ,        ,        ,        ,        ,      
roberea01, 1939,     1, NYA , NHL , G  , 48.0,  0.0,   0.0,   0.0,   0.0,      ,     ,     ,     ,     ,     ,    ,      ,    3.0,   0.0,   0.0,     0.0,     0.0,        ,        ,        ,        ,        ,        ,      
roberea01, 1940,     1, NYA , NHL , G  , 36.0,  0.0,   0.0,   0.0,   0.0,      ,     ,     ,     ,     ,     ,    ,      ,       ,      ,      ,        ,        ,        ,        ,        ,        ,        ,        ,      
roberea01, 1941,     1, BKN , NHL , G  , 12.0,  0.0,   0.0,   0.0,   0.0,      ,     ,     ,     ,     ,     ,    ,      ,       ,      ,      ,        ,        ,        ,        ,        ,        ,        ,        ,      
roberfr01, 1931,     1, TOR , NHL , D  ,  8.0,  0.0,   0.0,   0.0,  23.0,      ,     ,     ,     ,     ,     ,    ,      ,    7.0,   0.0,   0.0,     0.0,     0.0,        ,        ,        ,        ,        ,        ,      
roberfr01, 1933,     1, TOR , NHL , D  ,  2.0,  0.0,   0.0,   0.0,   0.0,      ,     ,     ,     ,     ,     ,    ,      ,       ,      ,      ,        ,        ,        ,        ,        ,        ,        ,        ,      
roberfr01, 1933,     2, DET , NHL , D  , 24.0,  1.0,   0.0,   1.0,  12.0,      ,     ,     ,     ,     ,     ,    ,      ,       ,      ,      ,        ,        ,        ,        ,        ,        ,        ,        ,      
roberga01, 1986,     1, CAL , NHL , L  , 32.0,  5.0,  10.0,  15.0,  85.0, 6.0  ,  0.0,     ,  0.0,     ,  0.0, 0.0,  38.0,    2.0,   0.0,   0.0,     0.0,     4.0, -1.0   ,     0.0,        ,     0.0,        ,     0.0,     2.0
roberga01, 1987,     1, CAL , NHL , L  , 74.0, 13.0,  15.0,  28.0, 282.0, 24.0 ,  0.0,  0.0,  0.0,  0.0,  1.0, 0.0, 118.0,    9.0,   2.0,   3.0,     5.0,    29.0, 4.0    ,     0.0,     0.0,     0.0,     0.0,     0.0,    10.0
roberga01, 1988,     1, CAL , NHL , L  , 71.0, 22.0,  16.0,  38.0, 250.0, 32.0 ,  0.0,  0.0,  1.0,  0.0,  2.0, 0.0, 123.0,   22.0,   5.0,   7.0,    12.0,    57.0, 9.0    ,     0.0,     2.0,     0.0,     0.0,     0.0,    29.0
roberga01, 1989,     1, CAL , NHL , L  , 78.0, 39.0,  33.0,  72.0, 222.0, 31.0 ,  5.0,  2.0,  0.0,  0.0,  5.0, 0.0, 175.0,    6.0,   2.0,   5.0,     7.0,    41.0, 5.0    ,     0.0,     1.0,     0.0,     0.0,     0.0,    10.0
roberga01, 1990,     1, CAL , NHL , L  , 80.0, 22.0,  31.0,  53.0, 252.0, 15.0 ,  0.0,  1.0,  0.0,  0.0,  3.0, 0.0, 132.0,    7.0,   1.0,   3.0,     4.0,    18.0, -1.0   ,     0.0,     0.0,     0.0,     0.0,     0.0,     9.0
roberga01, 1991,     1, CAL , NHL , L  , 76.0, 53.0,  37.0,  90.0, 207.0, 32.0 , 15.0,  7.0,  0.0,  1.0,  2.0, 3.0, 196.0,       ,      ,      ,        ,        ,        ,        ,        ,        ,        ,        ,      
roberga01, 1992,     1, CAL , NHL , L  , 58.0, 38.0,  41.0,  79.0, 172.0, 32.0 ,  8.0,  9.0,  3.0,  0.0,  4.0, 2.0, 166.0,    5.0,   1.0,   6.0,     7.0,    43.0, -2.0   ,     1.0,     0.0,     0.0,     0.0,     0.0,     4.0
roberga01, 1993,     1, CAL , NHL , L  , 73.0, 41.0,  43.0,  84.0, 145.0, 37.0 , 12.0, 17.0,  3.0,  1.0,  5.0, 1.0, 202.0,    7.0,   2.0,   6.0,     8.0,    24.0, 3.0    ,     1.0,     1.0,     0.0,     0.0,     1.0,    18.0
roberga01, 1994,     1, CAL , NHL , L  ,  8.0,  2.0,   2.0,   4.0,  43.0, 1.0  ,  2.0,  1.0,  0.0,  0.0,  0.0, 0.0,  20.0,       ,      ,      ,        ,        ,        ,        ,        ,        ,        ,        ,      
roberga01, 1995,     1, CAL , NHL , L  , 35.0, 22.0,  20.0,  42.0,  78.0, 15.0 ,  9.0,  7.0,  0.0,  0.0,  5.0, 1.0,  84.0,       ,      ,      ,        ,        ,        ,        ,        ,        ,        ,        ,      
roberga01, 1997,     1, CAR , NHL , L  , 61.0, 20.0,  29.0,  49.0, 103.0, 3.0  ,  4.0,  9.0,  0.0,  1.0,  2.0, 1.0, 106.0,       ,      ,      ,        ,        ,        ,        ,        ,        ,        ,        ,      
roberga01, 1998,     1, CAR , NHL , L  , 77.0, 14.0,  28.0,  42.0, 178.0, 2.0  ,  1.0,  4.0,  1.0,  0.0,  4.0, 0.0, 138.0,    6.0,   1.0,   1.0,     2.0,     8.0, -3.0   ,     0.0,     0.0,     0.0,     0.0,     0.0,    13.0
roberga01, 1999,     1, CAR , NHL , L  , 69.0, 23.0,  30.0,  53.0,  62.0, -10.0, 12.0,  4.0,  0.0,  0.0,  1.0, 0.0, 150.0,       ,      ,      ,        ,        ,        ,        ,        ,        ,        ,        ,      
roberga01, 2000,     1, TOR , NHL , L  , 82.0, 29.0,  24.0,  53.0, 109.0, 16.0 ,  8.0,  4.0,  2.0,  0.0,  3.0, 0.0, 138.0,   11.0,   2.0,   9.0,    11.0,     0.0, 5.0    ,     0.0,     4.0,     0.0,     1.0,     0.0,    15.0
roberga01, 2001,     1, TOR , NHL , L  , 69.0, 21.0,  27.0,  48.0,  63.0, -4.0 ,  6.0,  8.0,  2.0,  0.0,  2.0, 1.0, 122.0,   19.0,   7.0,  12.0,    19.0,    56.0, 6.0    ,     3.0,     5.0,     0.0,     0.0,     1.0,    47.0
roberga01, 2002,     1, TOR , NHL , L  , 14.0,  5.0,   3.0,   8.0,  10.0, -2.0 ,  3.0,  1.0,  0.0,  0.0,  0.0, 0.0,  22.0,    7.0,   1.0,   1.0,     2.0,     8.0, -4.0   ,     0.0,     0.0,     0.0,     0.0,     0.0,    13.0
roberga01, 2003,     1, TOR , NHL , L  , 72.0, 28.0,  20.0,  48.0,  84.0, 9.0  , 11.0,  9.0,  1.0,  1.0,  7.0, 2.0, 124.0,   13.0,   4.0,   4.0,     8.0,    10.0, -3.0   ,     2.0,     1.0,     0.0,     0.0,     1.0,    19.0
roberga01, 2005,     1, FLO , NHL , L  , 58.0, 14.0,  26.0,  40.0,  51.0, 4.0  ,  4.0,  9.0,  0.0,  0.0,  1.0,    , 122.0,       ,      ,      ,        ,        ,        ,        ,        ,        ,        ,        ,      
roberga01, 2006,     1, FLO , NHL , L  , 50.0, 13.0,  16.0,  29.0,  71.0, 5.0  ,  2.0,  6.0,  0.0,  0.0,  3.0,    ,  94.0,       ,      ,      ,        ,        ,        ,        ,        ,        ,        ,        ,      
roberga01, 2006,     2, PIT , NHL , L  , 19.0,  7.0,   6.0,  13.0,  26.0, -5.0 ,  4.0,  3.0,  0.0,  0.0,  1.0,    ,  31.0,    5.0,   2.0,   2.0,     4.0,     2.0, 0.0    ,     1.0,     0.0,     0.0,     0.0,     0.0,     4.0
roberga01, 2007,     1, PIT , NHL , L  , 38.0,  3.0,  12.0,  15.0,  40.0, -3.0 ,  1.0,  2.0,  0.0,  0.0,  0.0,    ,  41.0,   11.0,   2.0,   2.0,     4.0,    32.0, -4.0   ,     1.0,     0.0,     0.0,     0.0,     1.0,     9.0
roberga01, 2008,     1, TBL , NHL , L  , 30.0,  4.0,   3.0,   7.0,  27.0, -11.0,  2.0,  2.0,  0.0,  0.0,  1.0,    ,  32.0,       ,      ,      ,        ,        ,        ,        ,        ,        ,        ,        ,      
roberge01, 1947,     1, MTL , NHL , C  ,  1.0,  0.0,   0.0,   0.0,   0.0,      ,     ,     ,     ,     ,     ,    ,      ,       ,      ,      ,        ,        ,        ,        ,        ,        ,        ,        ,      
roberge01, 1948,     1, MTL , NHL , C  , 30.0,  2.0,   5.0,   7.0,   6.0,      ,     ,     ,     ,     ,     ,    ,      ,       ,      ,      ,        ,        ,        ,        ,        ,        ,        ,        ,      
roberge02, 1982,     1, BUF , NHL , R  ,  5.0,  1.0,   2.0,   3.0,   7.0, -1.0 ,  0.0,     ,  0.0,     ,  0.0, 0.0,  10.0,       ,      ,      ,        ,        ,        ,        ,        ,        ,        ,        ,      
robergo01, 1975,     1, NEW , WHA , D  , 77.0,  3.0,  19.0,  22.0, 102.0, -17.0,  0.0,     ,  0.0,     ,  1.0,    , 115.0,   17.0,   2.0,   9.0,    11.0,    36.0, 10.0   ,        ,        ,        ,        ,        ,      
robergo01, 1976,     1, NEW , WHA , D  , 77.0, 13.0,  33.0,  46.0, 169.0, 16.0 ,  2.0,     ,  0.0,     ,     ,    , 199.0,    5.0,   2.0,   2.0,     4.0,     4.0, -2.0   ,        ,        ,        ,        ,     0.0,      
robergo01, 1977,     1, NEW , WHA , D  , 78.0, 15.0,  46.0,  61.0, 118.0, 17.0 ,  5.0,     ,  0.0,     ,     ,    , 135.0,   14.0,   0.0,   5.0,     5.0,    29.0, 1.0    ,        ,        ,        ,        ,     0.0,      
robergo01, 1978,     1, NEW , WHA , D  , 79.0, 11.0,  46.0,  57.0, 113.0, -2.0 ,  2.0,     ,  0.0,     ,     ,    , 153.0,   10.0,   0.0,   4.0,     4.0,    10.0, 4.0    ,        ,        ,        ,        ,     0.0,      
robergo01, 1979,     1, HAR , NHL , D  , 80.0,  8.0,  28.0,  36.0,  89.0, 6.0  ,  1.0,     ,  0.0,     ,  1.0, 0.0, 107.0,    3.0,   1.0,   1.0,     2.0,     2.0,        ,     0.0,        ,     0.0,        ,     0.0,      
robergo01, 1980,     1, HAR , NHL , D  , 27.0,  2.0,  11.0,  13.0,  81.0, -15.0,  1.0,     ,  0.0,     ,  0.0, 0.0,  36.0,       ,      ,      ,        ,        ,        ,        ,        ,        ,        ,        ,      
robergo01, 1980,     2, MNS , NHL , D  , 50.0,  6.0,  31.0,  37.0,  94.0, 2.0  ,  3.0,     ,  0.0,     ,  0.0, 1.0,  83.0,   19.0,   1.0,   5.0,     6.0,    17.0,        ,     0.0,        ,     1.0,        ,     0.0,      
robergo01, 1981,     1, MNS , NHL , D  , 79.0,  4.0,  30.0,  34.0, 119.0, -1.0 ,  0.0,     ,  0.0,     ,  0.0, 0.0, 104.0,    4.0,   0.0,   3.0,     3.0,    27.0,        ,     0.0,        ,     0.0,        ,     0.0,      
robergo01, 1982,     1, MNS , NHL , D  , 80.0,  3.0,  41.0,  44.0, 103.0, 18.0 ,  2.0,     ,  0.0,     ,  1.0, 0.0, 127.0,    9.0,   1.0,   5.0,     6.0,    14.0,        ,     0.0,        ,     0.0,        ,     0.0,      
robergo01, 1983,     1, MNS , NHL , D  , 77.0,  8.0,  45.0,  53.0, 132.0, 14.0 ,  1.0,     ,  1.0,     ,  0.0, 0.0, 131.0,   15.0,   3.0,   7.0,    10.0,    23.0, 3.0    ,     1.0,        ,     1.0,        ,     0.0,    31.0
robergo01, 1984,     1, MNS , NHL , D  , 78.0,  6.0,  36.0,  42.0, 112.0, -12.0,  1.0,     ,  0.0,     ,  0.0, 1.0, 142.0,    9.0,   1.0,   6.0,     7.0,     6.0, 1.0    ,     0.0,        ,     0.0,        ,     0.0,     6.0
robergo01, 1985,     1, MNS , NHL , D  , 76.0,  2.0,  21.0,  23.0, 101.0, 14.0 ,  0.0,     ,  0.0,     ,  0.0, 0.0,  66.0,    5.0,   0.0,   4.0,     4.0,     8.0, 3.0    ,     0.0,        ,     0.0,        ,     0.0,     2.0
robergo01, 1986,     1, MNS , NHL , D  , 67.0,  3.0,  10.0,  13.0,  68.0, -7.0 ,  0.0,     ,  0.0,     ,  1.0, 0.0,  43.0,       ,      ,      ,        ,        ,        ,        ,        ,        ,        ,        ,      
robergo01, 1987,     1, MNS , NHL , D  , 48.0,  1.0,  10.0,  11.0, 103.0, -17.0,  0.0,     ,  0.0,  0.0,  0.0, 0.0,  33.0,       ,      ,      ,        ,        ,        ,        ,        ,        ,        ,        ,      
robergo01, 1987,     2, PHI , NHL , D  , 11.0,  1.0,   2.0,   3.0,  15.0, 7.0  ,  0.0,     ,  0.0,  0.0,  0.0, 0.0,   9.0,       ,      ,      ,        ,        ,        ,        ,        ,        ,        ,        ,      
robergo01, 1987,     3, STL , NHL , D  , 11.0,  1.0,   3.0,   4.0,  25.0, 0.0  ,  0.0,     ,  0.0,  0.0,  0.0, 0.0,  10.0,   10.0,   1.0,   2.0,     3.0,    33.0, 0.0    ,     0.0,     1.0,     0.0,     0.0,     0.0,     8.0
robergo01, 1988,     1, STL , NHL , D  , 77.0,  2.0,  24.0,  26.0,  90.0, 7.0  ,  0.0,  2.0,  0.0,  1.0,  0.0, 0.0,  52.0,   10.0,   1.0,   7.0,     8.0,     8.0, 3.0    ,     0.0,     0.0,     0.0,     1.0,     0.0,    18.0
robergo01, 1989,     1, STL , NHL , D  , 75.0,  3.0,  14.0,  17.0, 140.0, -12.0,  0.0,  2.0,  0.0,  0.0,  0.0, 0.0,  56.0,   10.0,   0.0,   2.0,     2.0,    26.0, 6.0    ,     0.0,     0.0,     0.0,     0.0,     0.0,     6.0
robergo01, 1990,     1, STL , NHL , D  ,  3.0,  0.0,   1.0,   1.0,   8.0, -1.0 ,  0.0,  0.0,  0.0,  0.0,  0.0, 0.0,   2.0,       ,      ,      ,        ,        ,        ,        ,        ,        ,        ,        ,      
robergo01, 1990,     2, PIT , NHL , D  , 61.0,  3.0,  12.0,  15.0,  70.0, 18.0 ,  0.0,  0.0,  0.0,  0.0,  0.0, 0.0,  22.0,   24.0,   1.0,   2.0,     3.0,    63.0, 13.0   ,     0.0,     0.0,     0.0,     0.0,     0.0,    12.0
robergo01, 1991,     1, PIT , NHL , D  , 73.0,  2.0,  22.0,  24.0,  87.0, 19.0 ,  1.0,  0.0,  0.0,  2.0,  1.0, 0.0,  29.0,   19.0,   0.0,   2.0,     2.0,    32.0, -1.0   ,     0.0,     0.0,     0.0,     0.0,     0.0,     8.0
robergo01, 1992,     1, BOS , NHL , D  , 65.0,  5.0,  12.0,  17.0, 105.0, 23.0 ,  0.0,  3.0,  0.0,  0.0,  1.0, 0.0,  40.0,    4.0,   0.0,   0.0,     0.0,     6.0, -2.0   ,     0.0,     0.0,     0.0,     0.0,     0.0,     0.0
robergo01, 1993,     1, BOS , NHL , D  , 59.0,  1.0,   6.0,   7.0,  40.0, -13.0,  0.0,  0.0,  0.0,  0.0,  0.0, 0.0,  19.0,   12.0,   0.0,   1.0,     1.0,     8.0, 0.0    ,     0.0,     0.0,     0.0,     0.0,     0.0,     9.0
robergo02, 1909,     1, OT1 , NHA ,    , 10.0, 13.0,   0.0,  13.0,  34.0,      ,     ,     ,     ,     ,     ,    ,      ,       ,      ,      ,        ,        ,        ,        ,        ,        ,        ,        ,      
robergo02, 1910,     1, MOW , NHA ,    ,  4.0,  1.0,   0.0,   1.0,   3.0,      ,     ,     ,     ,     ,     ,    ,      ,       ,      ,      ,        ,        ,        ,        ,        ,        ,        ,        ,      
robergo02, 1911,     1, MOW , NHA ,    , 18.0, 16.0,   0.0,  16.0,   0.0,      ,     ,     ,     ,     ,     ,    ,      ,       ,      ,      ,        ,        ,        ,        ,        ,        ,        ,        ,      
robergo02, 1912,     1, MOW , NHA ,    , 16.0, 16.0,   0.0,  16.0,  22.0,      ,     ,     ,     ,     ,     ,    ,      ,       ,      ,      ,        ,        ,        ,        ,        ,        ,        ,        ,      
robergo02, 1913,     1, MOW , NHA ,    , 20.0, 31.0,  13.0,  44.0,  15.0,      ,     ,     ,     ,     ,     ,    ,      ,       ,      ,      ,        ,        ,        ,        ,        ,        ,        ,        ,      
robergo02, 1914,     1, MOW , NHA ,    , 19.0, 29.0,   5.0,  34.0,  74.0,      ,     ,     ,     ,     ,     ,    ,      ,    2.0,   0.0,      ,        ,        ,        ,        ,        ,        ,        ,        ,      
robergo02, 1915,     1, MOW , NHA ,    , 21.0, 18.0,   7.0,  25.0,  64.0,      ,     ,     ,     ,     ,     ,    ,      ,       ,      ,      ,        ,        ,        ,        ,        ,        ,        ,        ,      
robergo02, 1916,     1, VML , PCHA, L  , 23.0, 43.0,  10.0,  53.0,  42.0,      ,     ,     ,     ,     ,     ,    ,      ,       ,      ,      ,        ,        ,        ,        ,        ,        ,        ,        ,      
robergo02, 1917,     1, SEA , PCHA, L  , 18.0, 20.0,   3.0,  23.0,  27.0,      ,     ,     ,     ,     ,     ,    ,      ,    2.0,   0.0,   0.0,     0.0,     3.0,        ,        ,        ,        ,        ,        ,      
robergo02, 1919,     1, VML , PCHA, L  , 21.0, 16.0,   3.0,  19.0,  13.0,      ,     ,     ,     ,     ,     ,    ,      ,    2.0,   1.0,   0.0,     1.0,     0.0,        ,        ,        ,        ,        ,        ,      
roberji01, 1963,     1, MTL , NHL , D  , 15.0,  0.0,   1.0,   1.0,   2.0,      ,  0.0,     ,  0.0,     ,  0.0, 0.0,      ,    7.0,   0.0,   1.0,     1.0,    14.0,        ,        ,        ,        ,        ,     0.0,      
roberji01, 1964,     1, MTL , NHL , D  , 70.0,  3.0,  10.0,  13.0,  40.0,      ,  0.0,     ,  1.0,     ,  0.0, 0.0,      ,   13.0,   0.0,   0.0,     0.0,    30.0,        ,        ,        ,        ,        ,     0.0,      
roberji01, 1965,     1, MTL , NHL , D  , 70.0,  5.0,   5.0,  10.0,  20.0,      ,  0.0,     ,  1.0,     ,  1.0, 0.0,      ,   10.0,   1.0,   1.0,     2.0,    10.0,        ,        ,        ,        ,        ,     0.0,      
roberji01, 1966,     1, MTL , NHL , D  , 63.0,  3.0,   0.0,   3.0,  16.0,      ,  0.0,     ,  0.0,     ,  0.0, 1.0,      ,    4.0,   1.0,   0.0,     1.0,     0.0,        ,        ,        ,        ,        ,     0.0,      
roberji01, 1967,     1, STL , NHL , R  , 74.0, 14.0,  23.0,  37.0,  66.0, -8.0 ,  3.0,     ,  1.0,     ,  1.0, 2.0, 164.0,   18.0,   4.0,   1.0,     5.0,    20.0,        ,     0.0,        ,     0.0,        ,     1.0,      
roberji01, 1968,     1, STL , NHL , R  , 72.0, 14.0,  19.0,  33.0,  81.0, 13.0 ,  2.0,     ,  1.0,     ,  1.0, 2.0, 129.0,   12.0,   1.0,   4.0,     5.0,    10.0,        ,     0.0,        ,     0.0,        ,     0.0,      
roberji01, 1969,     1, STL , NHL , D/R, 76.0, 13.0,  17.0,  30.0,  51.0, 18.0 ,  2.0,     ,  2.0,     ,  4.0, 1.0, 165.0,   16.0,   2.0,   3.0,     5.0,    29.0,        ,     0.0,        ,     0.0,        ,     0.0,      
roberji01, 1970,     1, STL , NHL , D/R, 72.0, 13.0,  18.0,  31.0,  77.0, 7.0  ,  2.0,     ,  1.0,     ,  0.0, 2.0, 123.0,    6.0,   2.0,   1.0,     3.0,    11.0,        ,     0.0,        ,     0.0,        ,     0.0,      
roberji01, 1971,     1, STL , NHL , R  , 26.0,  5.0,   7.0,  12.0,   8.0, 4.0  ,  1.0,     ,  2.0,     ,  0.0, 0.0,  46.0,       ,      ,      ,        ,        ,        ,        ,        ,        ,        ,        ,      
roberji01, 1971,     2, MTL , NHL , D  , 51.0,  7.0,  15.0,  22.0,  49.0, 3.0  ,  0.0,     ,  3.0,     ,  1.0, 1.0,  69.0,    6.0,   1.0,   0.0,     1.0,     0.0,        ,     0.0,        ,     0.0,        ,     1.0,      
roberji01, 1972,     1, MTL , NHL , R  , 77.0, 14.0,  18.0,  32.0,  28.0, 33.0 ,  0.0,     ,  1.0,     ,  3.0, 1.0, 104.0,   17.0,   0.0,   2.0,     2.0,    22.0,        ,     0.0,        ,     0.0,        ,     0.0,      
roberji01, 1973,     1, MTL , NHL , D/R, 67.0,  8.0,  16.0,  24.0,  39.0, 27.0 ,  0.0,     ,  1.0,     ,  2.0, 1.0,  97.0,    6.0,   0.0,   0.0,     0.0,     4.0,        ,     0.0,        ,     0.0,        ,     0.0,      
roberji01, 1974,     1, MTL , NHL , D/R, 79.0,  5.0,  13.0,  18.0,  52.0, 18.0 ,  0.0,     ,  2.0,     ,  0.0, 0.0,  85.0,   11.0,   2.0,   2.0,     4.0,     2.0,        ,     0.0,        ,     0.0,        ,     0.0,      
roberji01, 1975,     1, MTL , NHL , R  , 74.0, 13.0,   8.0,  21.0,  35.0, 7.0  ,  0.0,     ,  0.0,     ,  1.0, 0.0,  80.0,   13.0,   3.0,   1.0,     4.0,     2.0,        ,     0.0,        ,     1.0,        ,     0.0,      
roberji01, 1976,     1, MTL , NHL , R  , 45.0,  5.0,  14.0,  19.0,  18.0, 22.0 ,  0.0,     ,  1.0,     ,  1.0, 0.0,  56.0,   14.0,   3.0,   0.0,     3.0,     6.0,        ,     0.0,        ,     1.0,        ,     1.0,      
roberji01, 1977,     1, STL , NHL , D  , 75.0,  4.0,  10.0,  14.0,  39.0, -20.0,  0.0,     ,  0.0,     ,  1.0, 0.0,  70.0,       ,      ,      ,        ,        ,        ,        ,        ,        ,        ,        ,      
roberji02, 1976,     1, MNS , NHL , L  , 53.0, 11.0,   8.0,  19.0,  14.0, -9.0 ,  1.0,     ,  0.0,     ,  0.0, 1.0,  73.0,    2.0,   0.0,   0.0,     0.0,     0.0,        ,     0.0,        ,     0.0,        ,     0.0,      
roberji02, 1977,     1, MNS , NHL , L  , 42.0,  4.0,  14.0,  18.0,  19.0, -14.0,  0.0,     ,  0.0,     ,  0.0, 0.0,  75.0,       ,      ,      ,        ,        ,        ,        ,        ,        ,        ,        ,      
roberji02, 1978,     1, MNS , NHL , L  , 11.0,  2.0,   1.0,   3.0,   0.0, -5.0 ,  0.0,     ,  0.0,     ,  0.0, 0.0,   8.0,       ,      ,      ,        ,        ,        ,        ,        ,        ,        ,        ,      
roberjo01, 1974,     1, IND , WHA , C  , 18.0,  4.0,   4.0,   8.0,  23.0, -6.0 ,  0.0,     ,  0.0,     ,     ,    ,  31.0,       ,      ,      ,        ,        ,        ,        ,        ,        ,        ,        ,      
roberjo01, 1974,     2, MFS , WHA , C  , 11.0,  1.0,   4.0,   5.0,   4.0, 5.0  ,  0.0,     ,  0.0,     ,     ,    ,   7.0,       ,      ,      ,        ,        ,        ,        ,        ,        ,        ,        ,      
roberma01, 1990,     1, MTL , NHL , L  ,  5.0,  0.0,   0.0,   0.0,  21.0, -2.0 ,  0.0,  0.0,  0.0,  0.0,  0.0, 0.0,   2.0,   12.0,   0.0,   0.0,     0.0,    24.0, -1.0   ,     0.0,     0.0,     0.0,     0.0,     0.0,     3.0
roberma01, 1991,     1, MTL , NHL , L  , 20.0,  2.0,   1.0,   3.0,  62.0, 3.0  ,  0.0,  0.0,  0.0,  0.0,  0.0, 0.0,   7.0,       ,      ,      ,        ,        ,        ,        ,        ,        ,        ,        ,      
roberma01, 1992,     1, MTL , NHL , L  , 50.0,  4.0,   4.0,   8.0, 142.0, 2.0  ,  0.0,  0.0,  0.0,  0.0,  3.0, 0.0,  23.0,    3.0,   0.0,   0.0,     0.0,     0.0, 0.0    ,     0.0,     0.0,     0.0,     0.0,     0.0,     1.0
roberma01, 1993,     1, MTL , NHL , L  , 28.0,  1.0,   2.0,   3.0,  55.0, -2.0 ,  0.0,  0.0,  0.0,  0.0,  0.0, 0.0,   5.0,       ,      ,      ,        ,        ,        ,        ,        ,        ,        ,        ,      
roberma01, 1994,     1, MTL , NHL , L  ,  9.0,  0.0,   0.0,   0.0,  34.0, -2.0 ,  0.0,  0.0,  0.0,  0.0,  0.0, 0.0,   0.0,       ,      ,      ,        ,        ,        ,        ,        ,        ,        ,        ,      
robermo01, 1925,     1, BOS , NHL , G  ,  2.0,  0.0,   0.0,   0.0,   0.0,      ,     ,     ,     ,     ,     ,    ,      ,       ,      ,      ,        ,        ,        ,        ,        ,        ,        ,        ,      
robermo01, 1931,     1, NYA , NHL , G  ,  1.0,  0.0,   0.0,   0.0,   0.0,      ,     ,     ,     ,     ,     ,    ,      ,       ,      ,      ,        ,        ,        ,        ,        ,        ,        ,        ,      
robermo01, 1933,     1, NYA , NHL , G  ,  6.0,  0.0,   0.0,   0.0,   0.0,      ,     ,     ,     ,     ,     ,    ,      ,       ,      ,      ,        ,        ,        ,        ,        ,        ,        ,        ,      
robermo01, 1951,     1, CHI , NHL , G  ,  1.0,  0.0,   0.0,   0.0,   0.0,      ,     ,     ,     ,     ,     ,    ,      ,       ,      ,      ,        ,        ,        ,        ,        ,        ,        ,        ,      
roberph01, 1969,     1, MTL , NHL , R  ,  8.0,  0.0,   1.0,   1.0,   8.0, 1.0  ,  0.0,     ,  0.0,     ,  0.0, 0.0,   5.0,       ,      ,      ,        ,        ,        ,        ,        ,        ,        ,        ,      
roberph01, 1970,     1, MTL , NHL , R  , 39.0, 14.0,   7.0,  21.0,  76.0, 10.0 ,  2.0,     ,  0.0,     ,  3.0, 0.0,  88.0,   15.0,   0.0,   1.0,     1.0,    36.0,        ,     0.0,        ,     0.0,        ,     0.0,      
roberph01, 1971,     1, MTL , NHL , R  , 27.0,  3.0,   2.0,   5.0,  22.0, 3.0  ,  0.0,     ,  0.0,     ,  0.0, 0.0,  35.0,       ,      ,      ,        ,        ,        ,        ,        ,        ,        ,        ,      
roberph01, 1971,     2, STL , NHL , R  , 49.0, 12.0,  13.0,  25.0,  76.0, -1.0 ,  0.0,     ,  0.0,     ,  0.0, 1.0, 170.0,   11.0,   7.0,   6.0,    13.0,    29.0,        ,     3.0,        ,     0.0,        ,     1.0,      
roberph01, 1972,     1, STL , NHL , R  , 77.0, 20.0,  22.0,  42.0,  99.0, -12.0,  2.0,     ,  0.0,     ,  5.0, 0.0, 275.0,    5.0,   2.0,   1.0,     3.0,     4.0,        ,     0.0,        ,     0.0,        ,     0.0,      
roberph01, 1973,     1, STL , NHL , R  , 15.0,  1.0,   1.0,   2.0,  10.0, -4.0 ,  0.0,     ,  0.0,     ,  0.0, 0.0,  14.0,       ,      ,      ,        ,        ,        ,        ,        ,        ,        ,        ,      
roberph01, 1974,     1, STL , NHL , R  ,  7.0,  0.0,   2.0,   2.0,   2.0, -3.0 ,  0.0,     ,  0.0,     ,  0.0, 0.0,   5.0,       ,      ,      ,        ,        ,        ,        ,        ,        ,        ,        ,      
roberph01, 1974,     2, DET , NHL , R  , 46.0, 13.0,  27.0,  40.0,  30.0, -10.0,  5.0,     ,  0.0,     ,  2.0, 0.0, 113.0,       ,      ,      ,        ,        ,        ,        ,        ,        ,        ,        ,      
roberph01, 1975,     1, DET , NHL , R  , 37.0,  1.0,   7.0,   8.0,  68.0, -2.0 ,  0.0,     ,  0.0,     ,  0.0, 0.0,  55.0,       ,      ,      ,        ,        ,        ,        ,        ,        ,        ,        ,      
roberph01, 1975,     2, KCS , NHL , R  , 37.0,  7.0,  15.0,  22.0,  42.0, -11.0,  3.0,     ,  0.0,     ,  0.0, 0.0,  89.0,       ,      ,      ,        ,        ,        ,        ,        ,        ,        ,        ,      
roberph01, 1976,     1, COR , NHL , R  , 22.0,  1.0,   5.0,   6.0,  23.0, -11.0,  0.0,     ,  0.0,     ,  0.0, 1.0,  38.0,       ,      ,      ,        ,        ,        ,        ,        ,        ,        ,        ,      
roberph01, 1976,     2, CLE , NHL , R  , 21.0,  3.0,   4.0,   7.0,   8.0, -7.0 ,  0.0,     ,  0.0,     ,  0.0, 0.0,  32.0,       ,      ,      ,        ,        ,        ,        ,        ,        ,        ,        ,      
roberph01, 1977,     1, BIR , WHA , R  , 53.0,  8.0,  20.0,  28.0,  91.0, 7.0  ,  0.0,     ,  0.0,     ,     ,    ,  91.0,    4.0,   1.0,   0.0,     1.0,    20.0, -2.0   ,        ,        ,        ,        ,     0.0,      
roberre01, 1970,     1, TOR , NHL , R  ,  5.0,  0.0,   0.0,   0.0,   0.0, -2.0 ,  0.0,     ,  0.0,     ,  0.0, 0.0,   8.0,       ,      ,      ,        ,        ,        ,        ,        ,        ,        ,        ,      
roberre01, 1971,     1, PIT , NHL , R  , 49.0,  7.0,  11.0,  18.0,  42.0, -11.0,  3.0,     ,  0.0,     ,  2.0, 0.0,  71.0,       ,      ,      ,        ,        ,        ,        ,        ,        ,        ,        ,      
roberre01, 1971,     2, BUF , NHL , R  , 12.0,  6.0,   3.0,   9.0,   2.0, -5.0 ,  3.0,     ,  0.0,     ,  0.0, 2.0,  42.0,       ,      ,      ,        ,        ,        ,        ,        ,        ,        ,        ,      
roberre01, 1972,     1, BUF , NHL , R  , 75.0, 40.0,  43.0,  83.0,  83.0, 16.0 ,  9.0,     ,  0.0,     ,  6.0, 0.0, 265.0,    6.0,   5.0,   3.0,     8.0,     2.0,        ,     1.0,        ,     0.0,        ,     1.0,      
roberre01, 1973,     1, BUF , NHL , R  , 76.0, 21.0,  44.0,  65.0,  71.0, -16.0,  3.0,     ,  0.0,     ,  5.0, 1.0, 245.0,       ,      ,      ,        ,        ,        ,        ,        ,        ,        ,        ,      
roberre01, 1974,     1, BUF , NHL , R  , 74.0, 40.0,  60.0, 100.0,  75.0, 6.0  , 14.0,     ,  0.0,     ,  3.0, 3.0, 264.0,   16.0,   5.0,   8.0,    13.0,    16.0,        ,     0.0,        ,     0.0,        ,     3.0,      
roberre01, 1975,     1, BUF , NHL , R  , 72.0, 35.0,  52.0,  87.0,  53.0, 17.0 , 11.0,     ,  0.0,     ,  4.0, 2.0, 273.0,    9.0,   3.0,   2.0,     5.0,     6.0,        ,     0.0,        ,     0.0,        ,     0.0,      
roberre01, 1976,     1, BUF , NHL , R  , 80.0, 33.0,  40.0,  73.0,  46.0, 27.0 ,  5.0,     ,  0.0,     ,  4.0, 1.0, 250.0,    6.0,   5.0,   2.0,     7.0,    20.0,        ,     1.0,        ,     0.0,        ,     0.0,      
roberre01, 1977,     1, BUF , NHL , R  , 67.0, 25.0,  48.0,  73.0,  25.0, 19.0 ,  7.0,     ,  0.0,     ,  4.0, 1.0, 209.0,    7.0,   2.0,   0.0,     2.0,    23.0,        ,     0.0,        ,     0.0,        ,     0.0,      
roberre01, 1978,     1, BUF , NHL , R  , 68.0, 22.0,  40.0,  62.0,  46.0, -12.0,  1.0,     ,  0.0,     ,  6.0, 0.0, 206.0,    3.0,   2.0,   2.0,     4.0,     4.0,        ,     0.0,        ,     0.0,        ,     0.0,      
roberre01, 1979,     1, COR , NHL , R  , 69.0, 28.0,  35.0,  63.0,  79.0, -20.0, 10.0,     ,  0.0,     ,  0.0, 1.0, 248.0,       ,      ,      ,        ,        ,        ,        ,        ,        ,        ,        ,      
roberre01, 1980,     1, COR , NHL , R  , 28.0,  8.0,  11.0,  19.0,  30.0, -13.0,  4.0,     ,  0.0,     ,  0.0, 0.0,  66.0,       ,      ,      ,        ,        ,        ,        ,        ,        ,        ,        ,      
roberre01, 1980,     2, TOR , NHL , R  , 14.0,  6.0,   7.0,  13.0,   8.0, 5.0  ,  1.0,     ,  0.0,     ,  1.0, 1.0,  43.0,    3.0,   0.0,   2.0,     2.0,     2.0,        ,     0.0,        ,     0.0,        ,     0.0,      
roberre01, 1981,     1, TOR , NHL , R  , 55.0, 13.0,  24.0,  37.0,  37.0, -11.0,  2.0,     ,  0.0,     ,  1.0, 1.0, 120.0,       ,      ,      ,        ,        ,        ,        ,        ,        ,        ,        ,      
roberse01, 1990,     1, QUE , NHL , R  ,  9.0,  0.0,   0.0,   0.0,  24.0, 0.0  ,  0.0,  0.0,  0.0,  0.0,  0.0, 0.0,   0.0,       ,      ,      ,        ,        ,        ,        ,        ,        ,        ,        ,      
roberto01, 1980,     1, WAS , NHL , L  ,  3.0,  0.0,   0.0,   0.0,   0.0, -2.0 ,  0.0,     ,  0.0,     ,  0.0, 0.0,   3.0,       ,      ,      ,        ,        ,        ,        ,        ,        ,        ,        ,      
roberto01, 1981,     1, WAS , NHL , L  , 54.0,  8.0,  13.0,  21.0, 204.0, -1.0 ,  3.0,     ,  0.0,     ,  0.0, 0.0,  46.0,       ,      ,      ,        ,        ,        ,        ,        ,        ,        ,        ,      
roberto01, 1982,     1, WAS , NHL , L  ,  5.0,  2.0,   0.0,   2.0,   4.0, -2.0 ,  0.0,     ,  0.0,     ,  0.0, 0.0,   5.0,       ,      ,      ,        ,        ,        ,        ,        ,        ,        ,        ,      
roberto01, 1983,     1, HAR , NHL , L  , 66.0,  7.0,  13.0,  20.0, 198.0, -9.0 ,  0.0,     ,  0.0,     ,  2.0, 0.0,  61.0,       ,      ,      ,        ,        ,        ,        ,        ,        ,        ,        ,      
roberto01, 1984,     1, HAR , NHL , L  , 74.0, 11.0,  30.0,  41.0, 337.0, -13.0,  1.0,     ,  0.0,     ,  3.0, 0.0,  72.0,       ,      ,      ,        ,        ,        ,        ,        ,        ,        ,        ,      
roberto01, 1985,     1, HAR , NHL , L  , 76.0, 13.0,  24.0,  37.0, 358.0, -11.0,  3.0,     ,  0.0,     ,  0.0, 0.0,  89.0,   10.0,   1.0,   0.0,     1.0,    67.0, -1.0   ,     0.0,        ,     0.0,        ,     0.0,     7.0
roberto01, 1986,     1, HAR , NHL , L  , 20.0,  1.0,   0.0,   1.0,  98.0, -6.0 ,  0.0,     ,  0.0,     ,  1.0, 0.0,  19.0,       ,      ,      ,        ,        ,        ,        ,        ,        ,        ,        ,      
roberto01, 1987,     1, HAR , NHL , L  , 63.0,  2.0,   8.0,  10.0, 293.0, 0.0  ,  0.0,  0.0,  0.0,  0.0,  1.0, 0.0,  46.0,    6.0,   0.0,   1.0,     1.0,     6.0, -2.0   ,     0.0,     0.0,     0.0,     0.0,     0.0,     1.0
roberto01, 1988,     1, HAR , NHL , L  , 27.0,  2.0,   4.0,   6.0,  84.0, -3.0 ,  0.0,  0.0,  0.0,  0.0,  1.0, 0.0,  21.0,       ,      ,      ,        ,        ,        ,        ,        ,        ,        ,        ,      
roberto01, 1988,     2, DET , NHL , L  , 12.0,  2.0,   2.0,   4.0,  63.0, 0.0  ,  0.0,  0.0,  0.0,  0.0,  0.0, 0.0,   5.0,    6.0,   1.0,   0.0,     1.0,    17.0, -1.0   ,     0.0,     0.0,     0.0,     0.0,     0.0,     2.0
roberto01, 1989,     1, DET , NHL , L  , 42.0,  1.0,   5.0,   6.0, 112.0, -3.0 ,  0.0,  0.0,  0.0,  0.0,  0.0, 0.0,  20.0,       ,      ,      ,        ,        ,        ,        ,        ,        ,        ,        ,      
robidfl01, 1980,     1, CHI , NHL , L  , 39.0,  6.0,   2.0,   8.0,  75.0, -6.0 ,  1.0,     ,  0.0,     ,  0.0, 0.0,  31.0,       ,      ,      ,        ,        ,        ,        ,        ,        ,        ,        ,      
robidfl01, 1981,     1, CHI , NHL , L  ,  4.0,  1.0,   2.0,   3.0,   0.0, 2.0  ,  0.0,     ,  0.0,     ,  0.0, 0.0,   4.0,       ,      ,      ,        ,        ,        ,        ,        ,        ,        ,        ,      
robidfl01, 1983,     1, CHI , NHL , L  ,  9.0,  0.0,   0.0,   0.0,   0.0, -3.0 ,  0.0,     ,  0.0,     ,  0.0, 0.0,   2.0,       ,      ,      ,        ,        ,        ,        ,        ,        ,        ,        ,      
robidst01, 1999,     1, MTL , NHL , D  ,  1.0,  0.0,   0.0,   0.0,   0.0, 0.0  ,  0.0,  0.0,  0.0,  0.0,  0.0, 0.0,   0.0,       ,      ,      ,        ,        ,        ,        ,        ,        ,        ,        ,      
robidst01, 2000,     1, MTL , NHL , D  , 65.0,  6.0,   6.0,  12.0,  14.0, 0.0  ,  1.0,  1.0,  0.0,  0.0,  0.0, 0.0,  77.0,       ,      ,      ,        ,        ,        ,        ,        ,        ,        ,        ,      
robidst01, 2001,     1, MTL , NHL , D  , 56.0,  1.0,  10.0,  11.0,  14.0, -25.0,  1.0,  4.0,  0.0,  0.0,  0.0, 0.0,  68.0,    2.0,   0.0,   0.0,     0.0,     4.0, -1.0   ,     0.0,     0.0,     0.0,     0.0,     0.0,     2.0
robidst01, 2002,     1, DAL , NHL , D  , 76.0,  3.0,   7.0,  10.0,  35.0, 15.0 ,  0.0,  0.0,  0.0,  0.0,  1.0, 0.0,  47.0,   12.0,   0.0,   1.0,     1.0,    20.0, 1.0    ,     0.0,     0.0,     0.0,     0.0,     0.0,    10.0
robidst01, 2003,     1, DAL , NHL , D  , 14.0,  1.0,   0.0,   1.0,   8.0, -2.0 ,  1.0,  0.0,  0.0,  0.0,  0.0, 0.0,   8.0,       ,      ,      ,        ,        ,        ,        ,        ,        ,        ,        ,      
robidst01, 2003,     2, CHI , NHL , D  , 45.0,  2.0,  10.0,  12.0,  33.0, 6.0  ,  0.0,  1.0,  1.0,  0.0,  1.0, 0.0,  55.0,       ,      ,      ,        ,        ,        ,        ,        ,        ,        ,        ,      
robidst01, 2005,     1, DAL , NHL , D  , 75.0,  5.0,  15.0,  20.0,  67.0, 15.0 ,  1.0,  2.0,  1.0,  0.0,  0.0,    ,  95.0,    5.0,   0.0,   2.0,     2.0,     4.0, -1.0   ,     0.0,     1.0,     0.0,     0.0,     0.0,     3.0
robidst01, 2006,     1, DAL , NHL , D  , 75.0,  0.0,  17.0,  17.0,  86.0, -1.0 ,  0.0, 11.0,  0.0,  0.0,  0.0,    , 106.0,    7.0,   0.0,   1.0,     1.0,     2.0, -1.0   ,     0.0,     1.0,     0.0,     0.0,     0.0,    17.0
robidst01, 2007,     1, DAL , NHL , D  , 82.0,  9.0,  17.0,  26.0,  85.0, 0.0  ,  7.0,  7.0,  0.0,  1.0,  2.0,    , 153.0,   18.0,   3.0,   8.0,    11.0,    12.0, 0.0    ,     3.0,     5.0,     0.0,     0.0,     0.0,    41.0
robidst01, 2008,     1, DAL , NHL , D  , 72.0,  3.0,  23.0,  26.0,  76.0, 10.0 ,  1.0,  8.0,  0.0,  1.0,  0.0,    , 158.0,       ,      ,      ,        ,        ,        ,        ,        ,        ,        ,        ,      
robidst01, 2009,     1, DAL , NHL , D  , 82.0, 10.0,  31.0,  41.0,  70.0, -10.0,  7.0, 12.0,  0.0,  0.0,  1.0,    , 199.0,       ,      ,      ,        ,        ,        ,        ,        ,        ,        ,        ,      
robindo01, 1963,     1, CHI , NHL , L  ,     ,     ,      ,      ,      ,      ,     ,     ,     ,     ,     ,    ,      ,    4.0,   0.0,   0.0,     0.0,     0.0,        ,        ,        ,        ,        ,     0.0,      
robindo01, 1964,     1, CHI , NHL , L  , 40.0,  2.0,   9.0,  11.0,   8.0,      ,  0.0,     ,  0.0,     ,  0.0, 0.0,      ,       ,      ,      ,        ,        ,        ,        ,        ,        ,        ,        ,      
robindo01, 1964,     2, NYR , NHL , L  , 21.0,  8.0,  14.0,  22.0,   2.0,      ,  2.0,     ,  0.0,     ,  0.0, 1.0,      ,       ,      ,      ,        ,        ,        ,        ,        ,        ,        ,        ,      
robindo01, 1965,     1, NYR , NHL , L  , 51.0,  8.0,  12.0,  20.0,   8.0,      ,  1.0,     ,  0.0,     ,  1.0, 0.0,      ,       ,      ,      ,        ,        ,        ,        ,        ,        ,        ,        ,      
robindo01, 1966,     1, NYR , NHL , L  ,  1.0,  0.0,   0.0,   0.0,   0.0,      ,  0.0,     ,  0.0,     ,  0.0, 0.0,      ,       ,      ,      ,        ,        ,        ,        ,        ,        ,        ,        ,      
robindo01, 1967,     1, LAK , NHL , L  , 34.0,  9.0,   9.0,  18.0,   6.0, 4.0  ,  1.0,     ,  0.0,     ,  0.0, 0.0,  63.0,    7.0,   4.0,   3.0,     7.0,     0.0,        ,     0.0,        ,     0.0,        ,     0.0,      
robindo01, 1968,     1, LAK , NHL , L  , 31.0,  2.0,  10.0,  12.0,   2.0, -4.0 ,  0.0,     ,  0.0,     ,  0.0, 0.0,  43.0,       ,      ,      ,        ,        ,        ,        ,        ,        ,        ,        ,      
robindo01, 1970,     1, LAK , NHL , L  , 61.0, 15.0,  13.0,  28.0,   8.0, -8.0 ,  3.0,     ,  0.0,     ,  3.0, 2.0,  85.0,       ,      ,      ,        ,        ,        ,        ,        ,        ,        ,        ,      
robinea01, 1928,     1, MTM , NHL , R  , 38.0,  2.0,   1.0,   3.0,   2.0,      ,     ,     ,     ,     ,     ,    ,      ,       ,      ,      ,        ,        ,        ,        ,        ,        ,        ,        ,      
robinea01, 1929,     1, MTM , NHL , R  , 31.0,  1.0,   2.0,   3.0,  10.0,      ,     ,     ,     ,     ,     ,    ,      ,    4.0,   0.0,   0.0,     0.0,     0.0,        ,        ,        ,        ,        ,        ,      
robinea01, 1931,     1, MTM , NHL , R  , 26.0,  0.0,   3.0,   3.0,   2.0,      ,     ,     ,     ,     ,     ,    ,      ,       ,      ,      ,        ,        ,        ,        ,        ,        ,        ,        ,      
robinea01, 1932,     1, MTM , NHL , R  , 44.0, 15.0,   9.0,  24.0,   6.0,      ,     ,     ,     ,     ,     ,    ,      ,    2.0,   0.0,   0.0,     0.0,     0.0,        ,        ,        ,        ,        ,        ,      
robinea01, 1933,     1, MTM , NHL , R  , 47.0, 12.0,  16.0,  28.0,  14.0,      ,     ,     ,     ,     ,     ,    ,      ,    4.0,   2.0,   0.0,     2.0,     0.0,        ,        ,        ,        ,        ,        ,      
robinea01, 1934,     1, MTM , NHL , R  , 48.0, 17.0,  18.0,  35.0,  23.0,      ,     ,     ,     ,     ,     ,    ,      ,    7.0,   2.0,   2.0,     4.0,     0.0,        ,        ,        ,        ,        ,        ,      
robinea01, 1935,     1, MTM , NHL , R  , 39.0,  6.0,  14.0,  20.0,  27.0,      ,     ,     ,     ,     ,     ,    ,      ,    3.0,   0.0,   0.0,     0.0,     0.0,        ,        ,        ,        ,        ,        ,      
robinea01, 1936,     1, MTM , NHL , R  , 47.0, 16.0,  18.0,  34.0,  19.0,      ,     ,     ,     ,     ,     ,    ,      ,    5.0,   1.0,   2.0,     3.0,     0.0,        ,        ,        ,        ,        ,        ,      
robinea01, 1937,     1, MTM , NHL , R  , 39.0,  4.0,   7.0,  11.0,  13.0,      ,     ,     ,     ,     ,     ,    ,      ,       ,      ,      ,        ,        ,        ,        ,        ,        ,        ,        ,      
robinea01, 1938,     1, CHI , NHL , R  , 47.0,  9.0,   6.0,  15.0,  13.0,      ,     ,     ,     ,     ,     ,    ,      ,       ,      ,      ,        ,        ,        ,        ,        ,        ,        ,        ,      
robinea01, 1939,     1, MTL , NHL , R  , 11.0,  1.0,   4.0,   5.0,   4.0,      ,     ,     ,     ,     ,     ,    ,      ,       ,      ,      ,        ,        ,        ,        ,        ,        ,        ,        ,      
robinla01, 1972,     1, MTL , NHL , D  , 36.0,  2.0,   4.0,   6.0,  20.0, 3.0  ,  0.0,     ,  0.0,     ,  1.0, 0.0,  36.0,   11.0,   1.0,   4.0,     5.0,     9.0,        ,     0.0,        ,     0.0,        ,     1.0,      
robinla01, 1973,     1, MTL , NHL , D  , 78.0,  6.0,  20.0,  26.0,  66.0, 32.0 ,  0.0,     ,  0.0,     ,  1.0, 0.0,  98.0,    6.0,   0.0,   1.0,     1.0,    26.0,        ,     0.0,        ,     0.0,        ,     0.0,      
robinla01, 1974,     1, MTL , NHL , D  , 80.0, 14.0,  47.0,  61.0,  76.0, 61.0 ,  1.0,     ,  0.0,     ,  2.0, 2.0, 102.0,   11.0,   0.0,   4.0,     4.0,    27.0,        ,     0.0,        ,     0.0,        ,     0.0,      
robinla01, 1975,     1, MTL , NHL , D  , 80.0, 10.0,  30.0,  40.0,  59.0, 50.0 ,  2.0,     ,  0.0,     ,  0.0, 1.0, 130.0,   13.0,   3.0,   3.0,     6.0,    10.0,        ,     0.0,        ,     0.0,        ,     1.0,      
robinla01, 1976,     1, MTL , NHL , D  , 77.0, 19.0,  66.0,  85.0,  45.0, 120.0,  3.0,     ,  0.0,     ,  3.0, 1.0, 199.0,   14.0,   2.0,  10.0,    12.0,    12.0,        ,     1.0,        ,     0.0,        ,     0.0,      
robinla01, 1977,     1, MTL , NHL , D  , 80.0, 13.0,  52.0,  65.0,  39.0, 71.0 ,  3.0,     ,  2.0,     ,  5.0, 1.0, 154.0,   15.0,   4.0,  17.0,    21.0,     6.0,        ,     2.0,        ,     0.0,        ,     0.0,      
robinla01, 1978,     1, MTL , NHL , D  , 67.0, 16.0,  45.0,  61.0,  33.0, 50.0 ,  4.0,     ,  0.0,     ,  1.0, 0.0, 147.0,   16.0,   6.0,   9.0,    15.0,     8.0,        ,     1.0,        ,     0.0,        ,     1.0,      
robinla01, 1979,     1, MTL , NHL , D  , 72.0, 14.0,  61.0,  75.0,  39.0, 38.0 ,  6.0,     ,  0.0,     ,  3.0, 0.0, 133.0,   10.0,   0.0,   4.0,     4.0,     2.0,        ,     0.0,        ,     0.0,        ,     0.0,      
robinla01, 1980,     1, MTL , NHL , D  , 65.0, 12.0,  38.0,  50.0,  37.0, 46.0 ,  7.0,     ,  0.0,     ,  2.0, 1.0, 130.0,    3.0,   0.0,   1.0,     1.0,     2.0,        ,     0.0,        ,     0.0,        ,     0.0,      
robinla01, 1981,     1, MTL , NHL , D  , 71.0, 12.0,  47.0,  59.0,  41.0, 57.0 ,  5.0,     ,  1.0,     ,  0.0, 0.0, 141.0,    5.0,   0.0,   1.0,     1.0,     8.0,        ,     0.0,        ,     0.0,        ,     0.0,      
robinla01, 1982,     1, MTL , NHL , D  , 71.0, 14.0,  49.0,  63.0,  33.0, 33.0 ,  6.0,     ,  0.0,     ,  1.0, 1.0, 147.0,    3.0,   0.0,   0.0,     0.0,     2.0,        ,     0.0,        ,     0.0,        ,     0.0,      
robinla01, 1983,     1, MTL , NHL , D  , 74.0,  9.0,  34.0,  43.0,  39.0, 4.0  ,  4.0,     ,  0.0,     ,  1.0, 1.0, 141.0,   15.0,   0.0,   5.0,     5.0,    22.0, 6.0    ,     0.0,        ,     0.0,        ,     0.0,    27.0
robinla01, 1984,     1, MTL , NHL , D  , 76.0, 14.0,  33.0,  47.0,  44.0, 33.0 ,  6.0,     ,  0.0,     ,  3.0, 0.0, 120.0,   12.0,   3.0,   8.0,    11.0,     8.0, 0.0    ,     1.0,        ,     0.0,        ,     0.0,    20.0
robinla01, 1985,     1, MTL , NHL , D  , 78.0, 19.0,  63.0,  82.0,  39.0, 29.0 , 10.0,     ,  0.0,     ,  1.0, 0.0, 167.0,   20.0,   0.0,  13.0,    13.0,    22.0, 4.0    ,     0.0,        ,     0.0,        ,     0.0,    42.0
robinla01, 1986,     1, MTL , NHL , D  , 70.0, 13.0,  37.0,  50.0,  44.0, 24.0 ,  6.0,     ,  0.0,     ,  3.0, 0.0, 122.0,   17.0,   3.0,  17.0,    20.0,     6.0, 4.0    ,     2.0,        ,     0.0,        ,     0.0,    40.0
robinla01, 1987,     1, MTL , NHL , D  , 53.0,  6.0,  34.0,  40.0,  30.0, 26.0 ,  2.0, 12.0,  0.0,  0.0,  1.0, 1.0,  96.0,   11.0,   1.0,   4.0,     5.0,     4.0, -3.0   ,     0.0,     1.0,     0.0,     0.0,     0.0,    10.0
robinla01, 1988,     1, MTL , NHL , D  , 74.0,  4.0,  26.0,  30.0,  22.0, 23.0 ,  0.0,  8.0,  0.0,  0.0,  0.0, 0.0,  79.0,   21.0,   2.0,   8.0,    10.0,    12.0, 9.0    ,     0.0,     0.0,     0.0,     0.0,     0.0,    15.0
robinla01, 1989,     1, LAK , NHL , D  , 64.0,  7.0,  32.0,  39.0,  34.0, 7.0  ,  1.0, 11.0,  0.0,  0.0,  1.0, 1.0,  80.0,   10.0,   2.0,   3.0,     5.0,    10.0, 2.0    ,     0.0,     2.0,     0.0,     1.0,     0.0,    12.0
robinla01, 1990,     1, LAK , NHL , D  , 62.0,  1.0,  22.0,  23.0,  16.0, 22.0 ,  0.0,  5.0,  0.0,  1.0,  0.0, 0.0,  70.0,   12.0,   1.0,   4.0,     5.0,    15.0, 7.0    ,     0.0,     1.0,     0.0,     0.0,     0.0,    15.0
robinla01, 1991,     1, LAK , NHL , D  , 56.0,  3.0,  10.0,  13.0,  37.0, 1.0  ,  0.0,  2.0,  0.0,  1.0,  0.0, 0.0,  46.0,    2.0,   0.0,   0.0,     0.0,     0.0, -2.0   ,     0.0,     0.0,     0.0,     0.0,     0.0,     1.0
robinmo01, 1979,     1, MTL , NHL , D  ,  1.0,  0.0,   0.0,   0.0,   0.0, 0.0  ,  0.0,     ,  0.0,     ,  0.0, 0.0,   0.0,       ,      ,      ,        ,        ,        ,        ,        ,        ,        ,        ,      
robinna01, 2003,     1, DET , NHL , C  ,  5.0,  0.0,   0.0,   0.0,   2.0, -1.0 ,  0.0,  0.0,  0.0,  0.0,  0.0, 0.0,   5.0,       ,      ,      ,        ,        ,        ,        ,        ,        ,        ,        ,      
robinna01, 2005,     1, BOS , NHL , C  ,  2.0,  0.0,   0.0,   0.0,   0.0, 0.0  ,  0.0,  0.0,  0.0,  0.0,  0.0,    ,   1.0,       ,      ,      ,        ,        ,        ,        ,        ,        ,        ,        ,      
robinro01, 1991,     1, STL , NHL , D  , 22.0,  0.0,   1.0,   1.0,   8.0, -4.0 ,  0.0,  0.0,  0.0,  0.0,  0.0, 0.0,   9.0,       ,      ,      ,        ,        ,        ,        ,        ,        ,        ,        ,      
robinsc01, 1989,     1, MNS , NHL , R  ,  1.0,  0.0,   0.0,   0.0,   2.0, 0.0  ,  0.0,  0.0,  0.0,  0.0,  0.0, 0.0,   0.0,       ,      ,      ,        ,        ,        ,        ,        ,        ,        ,        ,      
robitlo01, 2005,     1, WAS , NHL , D  ,  2.0,  0.0,   0.0,   0.0,   5.0, -1.0 ,  0.0,  0.0,  0.0,  0.0,  0.0,    ,   0.0,       ,      ,      ,        ,        ,        ,        ,        ,        ,        ,        ,      
robitlu01, 1986,     1, LAK , NHL , L  , 79.0, 45.0,  39.0,  84.0,  28.0, -18.0, 18.0,     ,  0.0,     ,  3.0, 1.0, 199.0,    5.0,   1.0,   4.0,     5.0,     2.0, -7.0   ,     0.0,        ,     0.0,        ,     0.0,     5.0
robitlu01, 1987,     1, LAK , NHL , L  , 80.0, 53.0,  58.0, 111.0,  82.0, -9.0 , 17.0, 25.0,  0.0,  0.0,  6.0, 1.0, 220.0,    5.0,   2.0,   5.0,     7.0,    18.0, -8.0   ,     2.0,     2.0,     0.0,     0.0,     1.0,     6.0
robitlu01, 1988,     1, LAK , NHL , L  , 78.0, 46.0,  52.0,  98.0,  65.0, 5.0  , 10.0, 14.0,  0.0,  0.0,  4.0, 0.0, 237.0,   11.0,   2.0,   6.0,     8.0,    10.0, 0.0    ,     0.0,     4.0,     0.0,     0.0,     1.0,    24.0
robitlu01, 1989,     1, LAK , NHL , L  , 80.0, 52.0,  49.0, 101.0,  38.0, 8.0  , 20.0, 13.0,  0.0,  1.0,  7.0, 0.0, 210.0,   10.0,   5.0,   5.0,    10.0,    12.0, -5.0   ,     1.0,     2.0,     0.0,     0.0,     1.0,    28.0
robitlu01, 1990,     1, LAK , NHL , L  , 76.0, 45.0,  46.0,  91.0,  68.0, 28.0 , 11.0, 12.0,  0.0,  0.0,  5.0, 1.0, 229.0,   12.0,  12.0,   4.0,    16.0,    22.0, -2.0   ,     5.0,     1.0,     0.0,     0.0,     2.0,    44.0
robitlu01, 1991,     1, LAK , NHL , L  , 80.0, 44.0,  63.0, 107.0,  95.0, -4.0 , 26.0, 21.0,  0.0,  0.0,  6.0, 1.0, 240.0,    6.0,   3.0,   4.0,     7.0,    12.0, -1.0   ,     1.0,     1.0,     0.0,     0.0,     1.0,    28.0
robitlu01, 1992,     1, LAK , NHL , L  , 84.0, 63.0,  62.0, 125.0, 100.0, 18.0 , 24.0, 21.0,  2.0,  2.0,  8.0, 1.0, 265.0,   24.0,   9.0,  13.0,    22.0,    28.0, -13.0  ,     4.0,     6.0,     0.0,     0.0,     2.0,    71.0
robitlu01, 1993,     1, LAK , NHL , L  , 83.0, 44.0,  42.0,  86.0,  86.0, -20.0, 24.0, 16.0,  0.0,  0.0,  3.0, 0.0, 267.0,       ,      ,      ,        ,        ,        ,        ,        ,        ,        ,        ,      
robitlu01, 1994,     1, PIT , NHL , L  , 46.0, 23.0,  19.0,  42.0,  37.0, 10.0 ,  5.0,  3.0,  0.0,  0.0,  3.0, 1.0, 109.0,   12.0,   7.0,   4.0,    11.0,    26.0, 5.0    ,     0.0,     2.0,     0.0,     0.0,     2.0,    33.0
robitlu01, 1995,     1, NYR , NHL , L  , 77.0, 23.0,  46.0,  69.0,  80.0, 13.0 , 11.0, 15.0,  0.0,  0.0,  4.0, 2.0, 223.0,   11.0,   1.0,   5.0,     6.0,     8.0, 1.0    ,     0.0,     1.0,     0.0,     0.0,     0.0,    36.0
robitlu01, 1996,     1, NYR , NHL , L  , 69.0, 24.0,  24.0,  48.0,  48.0, 16.0 ,  5.0,  9.0,  0.0,  0.0,  4.0, 0.0, 200.0,   15.0,   4.0,   7.0,    11.0,     4.0, 7.0    ,     0.0,     2.0,     0.0,     0.0,     0.0,    43.0
robitlu01, 1997,     1, LAK , NHL , L  , 57.0, 16.0,  24.0,  40.0,  66.0, 5.0  ,  5.0, 11.0,  0.0,  0.0,  7.0, 0.0, 130.0,    4.0,   1.0,   2.0,     3.0,     6.0, 1.0    ,     0.0,     1.0,     0.0,     0.0,     0.0,    13.0
robitlu01, 1998,     1, LAK , NHL , L  , 82.0, 39.0,  35.0,  74.0,  54.0, -1.0 , 11.0, 10.0,  0.0,  0.0,  7.0, 0.0, 292.0,       ,      ,      ,        ,        ,        ,        ,        ,        ,        ,        ,      
robitlu01, 1999,     1, LAK , NHL , L  , 71.0, 36.0,  38.0,  74.0,  68.0, 11.0 , 13.0, 13.0,  0.0,  0.0,  7.0, 0.0, 221.0,    4.0,   2.0,   2.0,     4.0,     6.0, -1.0   ,     0.0,     0.0,     0.0,     0.0,     0.0,     8.0
robitlu01, 2000,     1, LAK , NHL , L  , 82.0, 37.0,  51.0,  88.0,  66.0, 10.0 , 16.0, 29.0,  1.0,  0.0,  4.0, 1.0, 235.0,   13.0,   4.0,   3.0,     7.0,    10.0, 1.0    ,     1.0,     2.0,     0.0,     0.0,     1.0,    24.0
robitlu01, 2001,     1, DET , NHL , L  , 81.0, 30.0,  20.0,  50.0,  38.0, -2.0 , 13.0,  8.0,  0.0,  0.0,  5.0, 2.0, 190.0,   23.0,   4.0,   5.0,     9.0,    10.0, 4.0    ,     1.0,     1.0,     0.0,     0.0,     1.0,    43.0
robitlu01, 2002,     1, DET , NHL , L  , 81.0, 11.0,  20.0,  31.0,  50.0, 4.0  ,  3.0,  9.0,  0.0,  0.0,  0.0, 1.0, 148.0,    4.0,   1.0,   0.0,     1.0,     0.0, 1.0    ,     0.0,     0.0,     0.0,     0.0,     0.0,    12.0
robitlu01, 2003,     1, LAK , NHL , L  , 80.0, 22.0,  29.0,  51.0,  56.0, 4.0  , 12.0,  9.0,  0.0,  0.0,  4.0, 2.0, 221.0,       ,      ,      ,        ,        ,        ,        ,        ,        ,        ,        ,      
robitlu01, 2005,     1, LAK , NHL , L  , 65.0, 15.0,   9.0,  24.0,  52.0, -6.0 ,  3.0,  6.0,  0.0,  0.0,  2.0,    , 125.0,       ,      ,      ,        ,        ,        ,        ,        ,        ,        ,        ,      
robitmi01, 1969,     1, NYR , NHL , D  ,  4.0,  0.0,   0.0,   0.0,   8.0, 0.0  ,  0.0,     ,  0.0,     ,  0.0, 0.0,   2.0,       ,      ,      ,        ,        ,        ,        ,        ,        ,        ,        ,      
robitmi01, 1970,     1, NYR , NHL , D  , 11.0,  1.0,   1.0,   2.0,   7.0, -1.0 ,  1.0,     ,  0.0,     ,  0.0, 0.0,  12.0,       ,      ,      ,        ,        ,        ,        ,        ,        ,        ,        ,      
robitmi01, 1970,     2, DET , NHL , D  , 23.0,  4.0,   8.0,  12.0,  22.0, -14.0,  2.0,     ,  0.0,     ,  0.0, 0.0,  37.0,       ,      ,      ,        ,        ,        ,        ,        ,        ,        ,        ,      
robitmi01, 1971,     1, BUF , NHL , D  , 31.0,  2.0,  10.0,  12.0,  22.0, -14.0,  1.0,     ,  0.0,     ,  0.0, 0.0,  62.0,       ,      ,      ,        ,        ,        ,        ,        ,        ,        ,        ,      
robitmi01, 1972,     1, BUF , NHL , D  , 65.0,  4.0,  17.0,  21.0,  40.0, 9.0  ,  0.0,     ,  0.0,     ,  0.0, 1.0, 182.0,    6.0,   0.0,   0.0,     0.0,     0.0,        ,     0.0,        ,     0.0,        ,     0.0,      
robitmi01, 1973,     1, BUF , NHL , D  , 71.0,  2.0,  18.0,  20.0,  60.0, 2.0  ,  2.0,     ,  0.0,     ,  0.0, 0.0, 185.0,       ,      ,      ,        ,        ,        ,        ,        ,        ,        ,        ,      
robitmi01, 1974,     1, BUF , NHL , D  ,  3.0,  0.0,   1.0,   1.0,   0.0, 2.0  ,  0.0,     ,  0.0,     ,  0.0, 0.0,   4.0,       ,      ,      ,        ,        ,        ,        ,        ,        ,        ,        ,      
robitmi01, 1974,     2, VAN , NHL , D  , 63.0,  2.0,  22.0,  24.0,  31.0, 17.0 ,  0.0,     ,  0.0,     ,  0.0, 0.0, 157.0,    5.0,   0.0,   1.0,     1.0,     2.0,        ,     0.0,        ,     0.0,        ,     0.0,      
robitmi01, 1975,     1, VAN , NHL , D  , 71.0,  8.0,  19.0,  27.0,  69.0, 8.0  ,  2.0,     ,  0.0,     ,  0.0, 0.0, 164.0,    2.0,   0.0,   0.0,     0.0,     2.0,        ,     0.0,        ,     0.0,        ,     0.0,      
robitmi01, 1976,     1, VAN , NHL , D  , 40.0,  0.0,   9.0,   9.0,  21.0, -13.0,  0.0,     ,  0.0,     ,  0.0, 0.0,  54.0,       ,      ,      ,        ,        ,        ,        ,        ,        ,        ,        ,      
robitra01, 1996,     1, BOS , NHL , C  ,  1.0,  0.0,   0.0,   0.0,   0.0, 0.0  ,  0.0,  0.0,  0.0,  0.0,  0.0, 0.0,   0.0,       ,      ,      ,        ,        ,        ,        ,        ,        ,        ,        ,      
robitra01, 1997,     1, BOS , NHL , C  ,  4.0,  0.0,   0.0,   0.0,   0.0, -2.0 ,  0.0,  0.0,  0.0,  0.0,  0.0, 0.0,   5.0,       ,      ,      ,        ,        ,        ,        ,        ,        ,        ,        ,      
robitra01, 1998,     1, BOS , NHL , C  ,  4.0,  0.0,   2.0,   2.0,   0.0, -1.0 ,  0.0,  2.0,  0.0,  0.0,  0.0, 0.0,   5.0,    1.0,   0.0,   0.0,     0.0,     0.0, 0.0    ,     0.0,     0.0,     0.0,     0.0,     0.0,     0.0
robitra01, 1999,     1, NAS , NHL , C  , 69.0, 11.0,  14.0,  25.0,  10.0, -13.0,  2.0,  9.0,  0.0,  0.0,  1.0, 0.0, 113.0,       ,      ,      ,        ,        ,        ,        ,        ,        ,        ,        ,      
robitra01, 2000,     1, NAS , NHL , C  , 62.0,  9.0,  17.0,  26.0,  12.0, -11.0,  5.0,  6.0,  0.0,  0.0,  0.0, 0.0, 121.0,       ,      ,      ,        ,        ,        ,        ,        ,        ,        ,        ,      
robitra01, 2001,     1, LAK , NHL , R  , 18.0,  4.0,   3.0,   7.0,  17.0, -9.0 ,  2.0,  0.0,  0.0,  0.0,  0.0, 0.0,  30.0,       ,      ,      ,        ,        ,        ,        ,        ,        ,        ,        ,      
robitra01, 2001,     2, PIT , NHL , R  , 40.0, 10.0,  20.0,  30.0,  16.0, -14.0,  3.0,  9.0,  0.0,  0.0,  1.0, 0.0,  91.0,       ,      ,      ,        ,        ,        ,        ,        ,        ,        ,        ,      
robitra01, 2002,     1, PIT , NHL , C  , 41.0,  5.0,  12.0,  17.0,   8.0, 5.0  ,  1.0,  1.0,  0.0,  0.0,  2.0, 0.0,  61.0,       ,      ,      ,        ,        ,        ,        ,        ,        ,        ,        ,      
robitra01, 2002,     2, NYI , NHL , C  , 10.0,  1.0,   2.0,   3.0,   2.0, 0.0  ,  1.0,  1.0,  0.0,  0.0,  0.0, 0.0,   8.0,    5.0,   1.0,   1.0,     2.0,     0.0, -1.0   ,     1.0,     0.0,     0.0,     0.0,     0.0,     8.0
robitra01, 2003,     1, ATL , NHL , C  , 69.0, 11.0,  26.0,  37.0,  20.0, -12.0,  5.0,  9.0,  0.0,  0.0,  2.0, 0.0, 121.0,       ,      ,      ,        ,        ,        ,        ,        ,        ,        ,        ,      
robitra01, 2005,     1, MIN , NHL , C  , 67.0, 12.0,  28.0,  40.0,  54.0, -5.0 ,  7.0, 13.0,  0.0,  0.0,  2.0,    , 112.0,       ,      ,      ,        ,        ,        ,        ,        ,        ,        ,        ,      
robitra01, 2006,     1, PHI , NHL , C  , 28.0,  5.0,  12.0,  17.0,  22.0, -4.0 ,  2.0,  5.0,  0.0,  0.0,  0.0,    ,  46.0,       ,      ,      ,        ,        ,        ,        ,        ,        ,        ,        ,      
robitra01, 2006,     2, NYI , NHL , C  , 50.0,  6.0,  17.0,  23.0,  22.0, -2.0 ,  1.0,  1.0,  0.0,  0.0,  1.0,    ,  74.0,    5.0,   0.0,   2.0,     2.0,     8.0, -5.0   ,     0.0,     0.0,     0.0,     0.0,     0.0,     8.0
robitra01, 2007,     1, OTT , NHL , C  , 68.0, 10.0,  19.0,  29.0,  18.0, 4.0  ,  1.0,  3.0,  0.0,  0.0,  1.0,    ,  99.0,    2.0,   0.0,   1.0,     1.0,     0.0, 1.0    ,     0.0,     0.0,     0.0,     0.0,     0.0,     4.0
rocheda01, 1966,     1, DET , NHL , C  ,  1.0,  0.0,   0.0,   0.0,   0.0,      ,  0.0,     ,  0.0,     ,  0.0, 0.0,      ,       ,      ,      ,        ,        ,        ,        ,        ,        ,        ,        ,      
rocheda02, 1995,     1, PIT , NHL , L  , 71.0,  7.0,   7.0,  14.0, 130.0, -5.0 ,  0.0,  0.0,  0.0,  0.0,  1.0, 0.0,  65.0,   16.0,   2.0,   7.0,     9.0,    26.0, 1.0    ,     0.0,     1.0,     0.0,     0.0,     0.0,    18.0
rocheda02, 1996,     1, PIT , NHL , L  , 61.0,  5.0,   5.0,  10.0, 155.0, -13.0,  2.0,  1.0,  0.0,  0.0,  0.0, 0.0,  53.0,       ,      ,      ,        ,        ,        ,        ,        ,        ,        ,        ,      
rocheda02, 1998,     1, CAL , NHL , C  , 36.0,  3.0,   3.0,   6.0,  44.0, -1.0 ,  1.0,  0.0,  0.0,  0.0,  2.0, 0.0,  30.0,       ,      ,      ,        ,        ,        ,        ,        ,        ,        ,        ,      
rocheda02, 1999,     1, CAL , NHL , L  ,  2.0,  0.0,   0.0,   0.0,   5.0, -1.0 ,  0.0,  0.0,  0.0,  0.0,  0.0, 0.0,   3.0,       ,      ,      ,        ,        ,        ,        ,        ,        ,        ,        ,      
rocheda02, 2001,     1, NYI , NHL , L  ,  1.0,  0.0,   0.0,   0.0,   0.0, 0.0  ,  0.0,  0.0,  0.0,  0.0,  0.0, 0.0,   0.0,       ,      ,      ,        ,        ,        ,        ,        ,        ,        ,        ,      
rochede01, 1930,     1, MTM , NHL , D  , 19.0,  0.0,   1.0,   1.0,   6.0,      ,     ,     ,     ,     ,     ,    ,      ,       ,      ,      ,        ,        ,        ,        ,        ,        ,        ,        ,      
rochede01, 1932,     1, MTM , NHL , R  ,  5.0,  0.0,   0.0,   0.0,   0.0,      ,     ,     ,     ,     ,     ,    ,      ,       ,      ,      ,        ,        ,        ,        ,        ,        ,        ,        ,      
rochede01, 1932,     2, OTS , NHL , R  , 16.0,  3.0,   6.0,   9.0,   6.0,      ,     ,     ,     ,     ,     ,    ,      ,       ,      ,      ,        ,        ,        ,        ,        ,        ,        ,        ,      
rochede01, 1933,     1, OTS , NHL , R  , 46.0, 14.0,  10.0,  24.0,  22.0,      ,     ,     ,     ,     ,     ,    ,      ,       ,      ,      ,        ,        ,        ,        ,        ,        ,        ,        ,      
rochede01, 1934,     1, STE , NHL , R  ,  7.0,  0.0,   0.0,   0.0,   0.0,      ,     ,     ,     ,     ,     ,    ,      ,       ,      ,      ,        ,        ,        ,        ,        ,        ,        ,        ,      
rochede01, 1934,     2, MTL , NHL , R  ,  5.0,  0.0,   1.0,   1.0,   0.0,      ,     ,     ,     ,     ,     ,    ,      ,       ,      ,      ,        ,        ,        ,        ,        ,        ,        ,        ,      
rochede01, 1934,     3, DET , NHL , R  , 15.0,  3.0,   0.0,   3.0,  10.0,      ,     ,     ,     ,     ,     ,    ,      ,       ,      ,      ,        ,        ,        ,        ,        ,        ,        ,        ,      
rocheea01, 1930,     1, MTM , NHL , L  , 42.0,  2.0,   0.0,   2.0,  18.0,      ,     ,     ,     ,     ,     ,    ,      ,    2.0,   0.0,   0.0,     0.0,     0.0,        ,        ,        ,        ,        ,        ,      
rocheea01, 1932,     1, MTM , NHL , L  ,  5.0,  0.0,   0.0,   0.0,   0.0,      ,     ,     ,     ,     ,     ,    ,      ,       ,      ,      ,        ,        ,        ,        ,        ,        ,        ,        ,      
rocheea01, 1932,     2, BOS , NHL , L  ,  3.0,  0.0,   0.0,   0.0,   0.0,      ,     ,     ,     ,     ,     ,    ,      ,       ,      ,      ,        ,        ,        ,        ,        ,        ,        ,        ,      
rocheea01, 1932,     3, OTS , NHL , L  , 20.0,  4.0,   5.0,   9.0,   6.0,      ,     ,     ,     ,     ,     ,    ,      ,       ,      ,      ,        ,        ,        ,        ,        ,        ,        ,        ,      
rocheea01, 1933,     1, OTS , NHL , L  , 45.0, 13.0,  16.0,  29.0,  22.0,      ,     ,     ,     ,     ,     ,    ,      ,       ,      ,      ,        ,        ,        ,        ,        ,        ,        ,        ,      
rocheea01, 1934,     1, STE , NHL , L  , 19.0,  3.0,   3.0,   6.0,   2.0,      ,     ,     ,     ,     ,     ,    ,      ,       ,      ,      ,        ,        ,        ,        ,        ,        ,        ,        ,      
rocheea01, 1934,     2, DET , NHL , L  , 13.0,  3.0,   3.0,   6.0,   0.0,      ,     ,     ,     ,     ,     ,    ,      ,       ,      ,      ,        ,        ,        ,        ,        ,        ,        ,        ,      
rocheer01, 1950,     1, MTL , NHL , D  ,  4.0,  0.0,   0.0,   0.0,   2.0,      ,     ,     ,     ,     ,     ,    ,      ,       ,      ,      ,        ,        ,        ,        ,        ,        ,        ,        ,      
rochele01, 1960,     1, NYR , NHL , R  ,  1.0,  0.0,   0.0,   0.0,   0.0,      ,     ,     ,     ,     ,     ,    ,      ,       ,      ,      ,        ,        ,        ,        ,        ,        ,        ,        ,      
rochele01, 1962,     1, NYR , NHL , R  , 23.0,  5.0,   4.0,   9.0,   6.0,      ,     ,     ,     ,     ,     ,    ,      ,       ,      ,      ,        ,        ,        ,        ,        ,        ,        ,        ,      
rochele01, 1963,     1, MTL , NHL , R  ,  3.0,  0.0,   0.0,   0.0,   0.0,      ,  0.0,     ,  0.0,     ,  0.0, 0.0,      ,       ,      ,      ,        ,        ,        ,        ,        ,        ,        ,        ,      
rochele01, 1964,     1, MTL , NHL , R  ,  9.0,  2.0,   0.0,   2.0,   0.0,      ,  0.0,     ,  0.0,     ,  1.0, 0.0,      ,       ,      ,      ,        ,        ,        ,        ,        ,        ,        ,        ,      
rochele01, 1965,     1, MTL , NHL , R  ,  1.0,  0.0,   1.0,   1.0,   0.0,      ,  0.0,     ,  0.0,     ,  0.0, 0.0,      ,    4.0,   1.0,   1.0,     2.0,     4.0,        ,        ,        ,        ,        ,     0.0,      
rochele01, 1966,     1, MTL , NHL , R  , 27.0,  9.0,   7.0,  16.0,   6.0,      ,  0.0,     ,  0.0,     ,  3.0, 0.0,      ,   10.0,   1.0,   1.0,     2.0,     4.0,        ,        ,        ,        ,        ,     0.0,      
rochele01, 1967,     1, PHI , NHL , R  , 74.0, 21.0,  21.0,  42.0,  16.0, -1.0 ,  4.0,     ,  2.0,     ,  1.0, 0.0, 237.0,    7.0,   2.0,   0.0,     2.0,     2.0,        ,     0.0,        ,     0.0,        ,     1.0,      
rochele01, 1968,     1, PHI , NHL , R  , 65.0, 14.0,  21.0,  35.0,  10.0, -7.0 ,  3.0,     ,  0.0,     ,  0.0, 0.0, 148.0,    3.0,   0.0,   0.0,     0.0,     0.0,        ,     0.0,        ,     0.0,        ,     0.0,      
rochele01, 1969,     1, LAK , NHL , R  , 76.0,  9.0,  23.0,  32.0,  14.0, -30.0,  1.0,     ,  0.0,     ,  1.0, 0.0, 190.0,       ,      ,      ,        ,        ,        ,        ,        ,        ,        ,        ,      
rochele01, 1970,     1, MTL , NHL , R  , 57.0,  5.0,  10.0,  15.0,   4.0, 11.0 ,  0.0,     ,  3.0,     ,  1.0, 0.0,  33.0,   10.0,   0.0,   0.0,     0.0,     6.0,        ,     0.0,        ,     0.0,        ,     0.0,      
rochele01, 1971,     1, DET , NHL , R  , 64.0, 17.0,  12.0,  29.0,  10.0, 1.0  ,  0.0,     ,  0.0,     ,  3.0, 1.0,  97.0,       ,      ,      ,        ,        ,        ,        ,        ,        ,        ,        ,      
rochele01, 1972,     1, DET , NHL , R  , 20.0,  2.0,   4.0,   6.0,   2.0, 0.0  ,  0.0,     ,  0.0,     ,  0.0, 0.0,  23.0,       ,      ,      ,        ,        ,        ,        ,        ,        ,        ,        ,      
rochele01, 1972,     2, ATF , NHL , R  , 54.0,  9.0,  18.0,  27.0,  10.0, -4.0 ,  1.0,     ,  0.0,     ,  0.0, 0.0, 130.0,       ,      ,      ,        ,        ,        ,        ,        ,        ,        ,        ,      
rochele01, 1973,     1, ATF , NHL , R  , 56.0, 10.0,  12.0,  22.0,  13.0, -12.0,  1.0,     ,  0.0,     ,  1.0, 0.0, 107.0,       ,      ,      ,        ,        ,        ,        ,        ,        ,        ,        ,      
rochele01, 1974,     1, VAN , NHL , R  , 76.0, 18.0,  11.0,  29.0,   2.0, -5.0 ,  3.0,     ,  0.0,     ,  3.0, 0.0, 124.0,    5.0,   0.0,   2.0,     2.0,     0.0,        ,     0.0,        ,     0.0,        ,     0.0,      
rochele01, 1975,     1, VAN , NHL , R  , 11.0,  0.0,   3.0,   3.0,   0.0, -4.0 ,  0.0,     ,  0.0,     ,  0.0, 0.0,  13.0,       ,      ,      ,        ,        ,        ,        ,        ,        ,        ,        ,      
rocheno01, 1980,     1, QUE , NHL , D  , 56.0,  3.0,   7.0,  10.0,  51.0, -11.0,  0.0,     ,  0.0,     ,  0.0, 1.0,  77.0,    5.0,   0.0,   0.0,     0.0,     4.0,        ,     0.0,        ,     0.0,        ,     0.0,      
rocheno01, 1981,     1, QUE , NHL , D  , 72.0,  4.0,  14.0,  18.0, 115.0, 19.0 ,  0.0,     ,  0.0,     ,  1.0, 0.0, 105.0,   16.0,   0.0,   2.0,     2.0,    10.0,        ,     0.0,        ,     0.0,        ,     0.0,      
rocheno01, 1982,     1, QUE , NHL , D  , 62.0,  6.0,  17.0,  23.0,  40.0, 11.0 ,  1.0,     ,  0.0,     ,  1.0, 0.0, 104.0,    1.0,   0.0,   0.0,     0.0,     2.0,        ,     0.0,        ,     0.0,        ,     0.0,      
rocheno01, 1983,     1, QUE , NHL , D  , 75.0,  2.0,  22.0,  24.0,  47.0, 41.0 ,  0.0,     ,  0.0,     ,  1.0, 0.0,  84.0,    6.0,   1.0,   0.0,     1.0,     6.0, 6.0    ,     0.0,        ,     0.0,        ,     0.0,     7.0
rocheno01, 1984,     1, QUE , NHL , D  , 73.0,  3.0,  21.0,  24.0,  74.0, 12.0 ,  1.0,     ,  0.0,     ,  1.0, 0.0, 113.0,   18.0,   2.0,   1.0,     3.0,     8.0, 2.0    ,     0.0,        ,     0.0,        ,     1.0,    29.0
rocheno01, 1985,     1, QUE , NHL , D  , 26.0,  5.0,   4.0,   9.0,  30.0, 9.0  ,  2.0,     ,  0.0,     ,  0.0, 0.0,  51.0,       ,      ,      ,        ,        ,        ,        ,        ,        ,        ,        ,      
rocheno01, 1986,     1, QUE , NHL , D  , 70.0,  6.0,   9.0,  15.0,  46.0, 2.0  ,  0.0,     ,  0.0,     ,  0.0, 0.0,  92.0,   13.0,   2.0,   1.0,     3.0,    26.0, -3.0   ,     0.0,        ,     0.0,        ,     1.0,    16.0
rocheno01, 1987,     1, QUE , NHL , D  , 46.0,  3.0,  10.0,  13.0,  49.0, -2.0 ,  0.0,  5.0,  1.0,  1.0,  0.0, 0.0,  70.0,       ,      ,      ,        ,        ,        ,        ,        ,        ,        ,        ,      
rocheno01, 1988,     1, NYR , NHL , D  , 11.0,  1.0,   5.0,   6.0,  18.0, 0.0  ,  0.0,  1.0,  0.0,  0.0,  1.0, 0.0,  14.0,       ,      ,      ,        ,        ,        ,        ,        ,        ,        ,        ,      
rocheno01, 1989,     1, NYR , NHL , D  , 31.0,  3.0,   1.0,   4.0,  24.0, 2.0  ,  0.0,  0.0,  0.0,  1.0,  1.0, 0.0,  30.0,   10.0,   2.0,   1.0,     3.0,    26.0, -1.0   ,     0.0,     0.0,     1.0,     0.0,     0.0,    11.0
rocheno01, 1990,     1, NYR , NHL , D  , 44.0,  3.0,   7.0,  10.0,  35.0, 10.0 ,  0.0,  0.0,  0.0,  1.0,  0.0, 0.0,  34.0,       ,      ,      ,        ,        ,        ,        ,        ,        ,        ,        ,      
rocheno01, 1991,     1, NYR , NHL , D  , 26.0,  0.0,   2.0,   2.0,  31.0, -10.0,  0.0,  0.0,  0.0,  0.0,  0.0, 0.0,  18.0,       ,      ,      ,        ,        ,        ,        ,        ,        ,        ,        ,      
rocheno01, 1993,     1, TBL , NHL , D  ,  6.0,  0.0,   0.0,   0.0,  10.0, -1.0 ,  0.0,  0.0,  0.0,  0.0,  0.0, 0.0,   4.0,       ,      ,      ,        ,        ,        ,        ,        ,        ,        ,        ,      
rochetr01, 2000,     1, MIN , NHL , D  ,  1.0,  0.0,   0.0,   0.0,   0.0, 0.0  ,  0.0,  0.0,  0.0,  0.0,  0.0, 0.0,   0.0,       ,      ,      ,        ,        ,        ,        ,        ,        ,        ,        ,      
rochetr01, 2001,     1, MIN , NHL , D  ,  4.0,  0.0,   0.0,   0.0,   2.0, -1.0 ,  0.0,  0.0,  0.0,  0.0,  0.0, 0.0,   1.0,       ,      ,      ,        ,        ,        ,        ,        ,        ,        ,        ,      
rochetr01, 2003,     1, MIN , NHL , D  ,  5.0,  0.0,   1.0,   1.0,   0.0, -3.0 ,  0.0,  1.0,  0.0,  0.0,  0.0, 0.0,   5.0,       ,      ,      ,        ,        ,        ,        ,        ,        ,        ,        ,      
rochetr01, 2006,     1, PHO , NHL , D  , 50.0,  6.0,  13.0,  19.0,  22.0, 2.0  ,  2.0,  7.0,  0.0,  0.0,  1.0,    ,  32.0,       ,      ,      ,        ,        ,        ,        ,        ,        ,        ,        ,      
rochofr01, 1973,     1, CHC , WHA , L  , 69.0, 12.0,  11.0,  23.0,  27.0,      ,  1.0,     ,  0.0,     ,  1.0,    ,      ,    9.0,   2.0,   1.0,     3.0,     0.0,        ,        ,        ,        ,        ,     1.0,      
rochofr01, 1974,     1, CHC , WHA , L  , 69.0, 27.0,  29.0,  56.0,  19.0, 8.0  ,  5.0,     ,  0.0,     ,     ,    , 160.0,       ,      ,      ,        ,        ,        ,        ,        ,        ,        ,        ,      
rochofr01, 1975,     1, DOT , WHA , L  , 41.0, 11.0,  10.0,  21.0,  10.0, -18.0,  3.0,     ,  0.0,     ,  0.0,    ,  78.0,       ,      ,      ,        ,        ,        ,        ,        ,        ,        ,        ,      
rochofr01, 1975,     2, IND , WHA , L  , 19.0,  6.0,   2.0,   8.0,  31.0, 0.0  ,  2.0,     ,  0.0,     ,  0.0,    ,  21.0,       ,      ,      ,        ,        ,        ,        ,        ,        ,        ,        ,      
rochofr01, 1976,     1, IND , WHA , L  , 57.0, 15.0,   8.0,  23.0,   8.0, -13.0,  2.0,     ,  0.0,     ,     ,    , 122.0,    5.0,   0.0,   1.0,     1.0,     0.0, -1.0   ,     0.0,        ,     0.0,        ,     0.0,      
rochoge01, 1912,     1, NWR , PCHA, D  , 10.0,  1.0,   0.0,   1.0,   6.0,      ,     ,     ,     ,     ,     ,    ,      ,       ,      ,      ,        ,        ,        ,        ,        ,        ,        ,        ,      
rochoge01, 1913,     1, NWR , PCHA, D  , 13.0,  5.0,   6.0,  11.0,   0.0,      ,     ,     ,     ,     ,     ,    ,      ,       ,      ,      ,        ,        ,        ,        ,        ,        ,        ,        ,      
rochoh01 , 1915,     1, QU1 , NHA , G  ,  2.0,  0.0,   0.0,   0.0,   0.0,      ,     ,     ,     ,     ,     ,    ,      ,       ,      ,      ,        ,        ,        ,        ,        ,        ,        ,        ,      
rochoj01 , 1916,     1, MOC , NHA ,    ,  1.0,  0.0,   0.0,   0.0,   0.0,      ,     ,     ,     ,     ,     ,    ,      ,       ,      ,      ,        ,        ,        ,        ,        ,        ,        ,        ,      
rockbha01, 1929,     1, DTC , NHL , D  , 36.0,  4.0,   0.0,   4.0,  97.0,      ,     ,     ,     ,     ,     ,    ,      ,       ,      ,      ,        ,        ,        ,        ,        ,        ,        ,        ,      
rockbha01, 1930,     1, DTF , NHL , D  , 42.0,  0.0,   1.0,   1.0, 118.0,      ,     ,     ,     ,     ,     ,    ,      ,       ,      ,      ,        ,        ,        ,        ,        ,        ,        ,        ,      
rockbha01, 1932,     1, OTS , NHL , D  , 16.0,  0.0,   1.0,   1.0,  39.0,      ,     ,     ,     ,     ,     ,    ,      ,       ,      ,      ,        ,        ,        ,        ,        ,        ,        ,        ,      
roddeed01, 1926,     1, CHI , NHL , R  , 19.0,  3.0,   3.0,   6.0,   0.0,      ,     ,     ,     ,     ,     ,    ,      ,    2.0,   0.0,   1.0,     1.0,     0.0,        ,        ,        ,        ,        ,        ,      
roddeed01, 1927,     1, CHI , NHL , R  ,  9.0,  0.0,   2.0,   2.0,   6.0,      ,     ,     ,     ,     ,     ,    ,      ,       ,      ,      ,        ,        ,        ,        ,        ,        ,        ,        ,      
roddeed01, 1927,     2, TOR , NHL , R  , 25.0,  3.0,   6.0,   9.0,  36.0,      ,     ,     ,     ,     ,     ,    ,      ,       ,      ,      ,        ,        ,        ,        ,        ,        ,        ,        ,      
roddeed01, 1928,     1, BOS , NHL , R  , 20.0,  0.0,   0.0,   0.0,  10.0,      ,     ,     ,     ,     ,     ,    ,      ,       ,      ,      ,        ,        ,        ,        ,        ,        ,        ,        ,      
roddeed01, 1930,     1, NYR , NHL , R  , 24.0,  0.0,   3.0,   3.0,   8.0,      ,     ,     ,     ,     ,     ,    ,      ,       ,      ,      ,        ,        ,        ,        ,        ,        ,        ,        ,      
rodgema01, 1999,     1, DET , NHL , R  , 21.0,  1.0,   1.0,   2.0,  10.0, -3.0 ,  0.0,  0.0,  0.0,  0.0,  0.0, 0.0,  17.0,       ,      ,      ,        ,        ,        ,        ,        ,        ,        ,        ,      
rodnebr01, 2008,     1, CAR , NHL , D  ,  8.0,  0.0,   2.0,   2.0,   2.0, -3.0 ,  0.0,  2.0,  0.0,  0.0,  0.0,    ,   3.0,       ,      ,      ,        ,        ,        ,        ,        ,        ,        ,        ,      
rodnebr01, 2009,     1, CAR , NHL , D  , 22.0,  1.0,  10.0,  11.0,   8.0, -4.0 ,  0.0,  5.0,  0.0,  0.0,  0.0,    ,  24.0,       ,      ,      ,        ,        ,        ,        ,        ,        ,        ,        ,      
roenije01, 1988,     1, CHI , NHL , C  , 20.0,  9.0,   9.0,  18.0,   4.0, 4.0  ,  2.0,  3.0,  0.0,  0.0,  0.0, 0.0,  52.0,   10.0,   1.0,   3.0,     4.0,     7.0, 0.0    ,     1.0,     1.0,     0.0,     0.0,     1.0,    12.0
roenije01, 1989,     1, CHI , NHL , C  , 78.0, 26.0,  40.0,  66.0,  54.0, 2.0  ,  6.0, 15.0,  0.0,  0.0,  4.0, 0.0, 173.0,   20.0,  11.0,   7.0,    18.0,     8.0, -1.0   ,     4.0,     4.0,     0.0,     0.0,     1.0,    47.0
roenije01, 1990,     1, CHI , NHL , C  , 79.0, 41.0,  53.0,  94.0,  80.0, 38.0 , 15.0, 23.0,  4.0,  1.0, 10.0, 1.0, 194.0,    6.0,   3.0,   5.0,     8.0,     4.0, 2.0    ,     1.0,     2.0,     0.0,     0.0,     1.0,    13.0
roenije01, 1991,     1, CHI , NHL , C  , 80.0, 53.0,  50.0, 103.0,  98.0, 23.0 , 22.0, 22.0,  3.0,  0.0, 13.0, 0.0, 234.0,   18.0,  12.0,  10.0,    22.0,    12.0, 11.0   ,     4.0,     4.0,     0.0,     0.0,     3.0,    56.0
roenije01, 1992,     1, CHI , NHL , C  , 84.0, 50.0,  57.0, 107.0,  86.0, 15.0 , 22.0, 29.0,  3.0,  0.0,  3.0, 3.0, 255.0,    4.0,   1.0,   2.0,     3.0,     2.0, 0.0    ,     0.0,     1.0,     0.0,     0.0,     0.0,    16.0
roenije01, 1993,     1, CHI , NHL , C  , 84.0, 46.0,  61.0, 107.0, 125.0, 21.0 , 24.0, 17.0,  5.0,  2.0,  5.0, 1.0, 281.0,    6.0,   1.0,   6.0,     7.0,     2.0, 4.0    ,     0.0,     2.0,     0.0,     0.0,     1.0,    15.0
roenije01, 1994,     1, CHI , NHL , C  , 33.0, 10.0,  24.0,  34.0,  14.0, 5.0  ,  5.0, 13.0,  0.0,  1.0,  1.0, 0.0,  93.0,    8.0,   1.0,   2.0,     3.0,    16.0, -2.0   ,     0.0,     1.0,     0.0,     0.0,     0.0,    13.0
roenije01, 1995,     1, CHI , NHL , L  , 66.0, 32.0,  35.0,  67.0, 109.0, 9.0  , 12.0,  7.0,  4.0,  3.0,  2.0, 2.0, 171.0,   10.0,   5.0,   7.0,    12.0,     2.0, 6.0    ,     1.0,     2.0,     0.0,     0.0,     1.0,    21.0
roenije01, 1996,     1, PHO , NHL , R  , 72.0, 29.0,  40.0,  69.0, 115.0, -7.0 , 10.0, 11.0,  3.0,  3.0,  7.0, 0.0, 228.0,    6.0,   2.0,   4.0,     6.0,     4.0, 6.0    ,     0.0,     1.0,     0.0,     0.0,     0.0,    16.0
roenije01, 1997,     1, PHO , NHL , L  , 79.0, 24.0,  32.0,  56.0, 103.0, 5.0  ,  6.0, 14.0,  1.0,  2.0,  3.0, 1.0, 182.0,    6.0,   5.0,   3.0,     8.0,     4.0, -1.0   ,     2.0,     0.0,     2.0,     0.0,     2.0,    20.0
roenije01, 1998,     1, PHO , NHL , C  , 78.0, 24.0,  48.0,  72.0, 130.0, 7.0  ,  4.0, 19.0,  0.0,  2.0,  3.0, 0.0, 203.0,    1.0,   0.0,   0.0,     0.0,     0.0, -1.0   ,     0.0,     0.0,     0.0,     0.0,     0.0,     2.0
roenije01, 1999,     1, PHO , NHL , C  , 75.0, 34.0,  44.0,  78.0, 102.0, 11.0 ,  6.0, 13.0,  3.0,  1.0, 12.0, 1.0, 192.0,    5.0,   2.0,   2.0,     4.0,    10.0, -4.0   ,     1.0,     1.0,     0.0,     0.0,     0.0,    14.0
roenije01, 2000,     1, PHO , NHL , C  , 80.0, 30.0,  46.0,  76.0, 114.0, -1.0 , 13.0, 13.0,  0.0,  0.0,  7.0, 1.0, 192.0,       ,      ,      ,        ,        ,        ,        ,        ,        ,        ,        ,      
roenije01, 2001,     1, PHI , NHL , C  , 75.0, 21.0,  46.0,  67.0,  74.0, 32.0 ,  5.0, 10.0,  0.0,  2.0,  3.0, 0.0, 167.0,    5.0,   0.0,   0.0,     0.0,    14.0, -3.0   ,     0.0,     0.0,     0.0,     0.0,     0.0,    14.0
roenije01, 2002,     1, PHI , NHL , C  , 79.0, 27.0,  32.0,  59.0,  75.0, 20.0 ,  8.0, 10.0,  1.0,  1.0,  6.0, 2.0, 197.0,   13.0,   3.0,   5.0,     8.0,     8.0, 1.0    ,     0.0,     0.0,     0.0,     0.0,     1.0,    37.0
roenije01, 2003,     1, PHI , NHL , C  , 62.0, 19.0,  28.0,  47.0,  62.0, 1.0  , 10.0, 12.0,  1.0,  0.0,  1.0, 0.0, 128.0,   18.0,   4.0,   9.0,    13.0,     8.0, 4.0    ,     2.0,     1.0,     0.0,     0.0,     1.0,    49.0
roenije01, 2005,     1, LAK , NHL , C  , 58.0,  9.0,  13.0,  22.0,  36.0, -5.0 ,  2.0,  5.0,  0.0,  2.0,  1.0,    , 111.0,       ,      ,      ,        ,        ,        ,        ,        ,        ,        ,        ,      
roenije01, 2006,     1, PHO , NHL , C  , 70.0, 11.0,  17.0,  28.0,  32.0, -18.0,  4.0,  4.0,  0.0,  0.0,  1.0,    ,  89.0,       ,      ,      ,        ,        ,        ,        ,        ,        ,        ,        ,      
roenije01, 2007,     1, SJS , NHL , C  , 69.0, 14.0,  19.0,  33.0,  26.0, -8.0 ,  7.0,  5.0,  0.0,  0.0, 10.0,    ,  89.0,   12.0,   2.0,   3.0,     5.0,     2.0, 0.0    ,     1.0,     1.0,     0.0,     0.0,     0.0,    20.0
roenije01, 2008,     1, SJS , NHL , C  , 42.0,  4.0,   9.0,  13.0,  24.0, -1.0 ,  1.0,  2.0,  0.0,  0.0,  0.0,    ,  50.0,    6.0,   0.0,   1.0,     1.0,    12.0, -1.0   ,     0.0,     0.0,     0.0,     0.0,     0.0,    11.0
roestst01, 1998,     1, DET , NHL , C  , 59.0,  4.0,   8.0,  12.0,  14.0, -7.0 ,  0.0,  1.0,  0.0,  0.0,  1.0, 0.0,  50.0,       ,      ,      ,        ,        ,        ,        ,        ,        ,        ,        ,      
roestst01, 1999,     1, DET , NHL , C  , 49.0,  7.0,   9.0,  16.0,  12.0, -1.0 ,  1.0,  0.0,  0.0,  0.0,  1.0, 0.0,  56.0,    3.0,   0.0,   0.0,     0.0,     0.0, 0.0    ,     0.0,     0.0,     0.0,     0.0,     0.0,     2.0
roestst01, 2000,     1, MIN , NHL , C  , 76.0,  7.0,  20.0,  27.0,  20.0, 3.0  ,  1.0,  4.0,  0.0,  0.0,  1.0, 0.0, 125.0,       ,      ,      ,        ,        ,        ,        ,        ,        ,        ,        ,      
roestst01, 2001,     1, MIN , NHL , R  , 58.0, 10.0,  11.0,  21.0,   8.0, -3.0 ,  1.0,  0.0,  4.0,  0.0,  2.0, 1.0,  98.0,       ,      ,      ,        ,        ,        ,        ,        ,        ,        ,        ,      
roestst01, 2002,     1, DET , NHL , R  ,  2.0,  0.0,   0.0,   0.0,   0.0, 0.0  ,  0.0,  0.0,  0.0,  0.0,  0.0, 0.0,   2.0,       ,      ,      ,        ,        ,        ,        ,        ,        ,        ,        ,      
rogerjo01, 1973,     1, MNS , NHL , R  , 10.0,  2.0,   4.0,   6.0,   0.0, 1.0  ,  0.0,     ,  0.0,     ,  0.0, 0.0,  13.0,       ,      ,      ,        ,        ,        ,        ,        ,        ,        ,        ,      
rogerjo01, 1974,     1, MNS , NHL , R  ,  4.0,  0.0,   0.0,   0.0,   0.0, -1.0 ,  0.0,     ,  0.0,     ,  0.0, 0.0,   2.0,       ,      ,      ,        ,        ,        ,        ,        ,        ,        ,        ,      
rogerjo01, 1975,     1, EDO , WHA , R  , 44.0,  9.0,   8.0,  17.0,  34.0, -13.0,  0.0,     ,  0.0,     ,  0.0,    ,  59.0,       ,      ,      ,        ,        ,        ,        ,        ,        ,        ,        ,      
rogermi01, 1974,     1, EDO , WHA , C  , 78.0, 35.0,  48.0,  83.0,   2.0, 2.0  ,  4.0,     ,  0.0,     ,     ,    , 189.0,       ,      ,      ,        ,        ,        ,        ,        ,        ,        ,        ,      
rogermi01, 1975,     1, EDO , WHA , C  , 44.0, 12.0,  15.0,  27.0,  10.0, 5.0  ,  0.0,     ,  0.0,     ,  2.0,    ,  96.0,       ,      ,      ,        ,        ,        ,        ,        ,        ,        ,        ,      
rogermi01, 1975,     2, NEW , WHA , C  , 36.0, 18.0,  14.0,  32.0,  10.0, -5.0 ,  1.0,     ,  0.0,     ,  2.0,    ,  88.0,   17.0,   5.0,   8.0,    13.0,     2.0, 1.0    ,        ,        ,        ,        ,        ,      
rogermi01, 1976,     1, NEW , WHA , C  , 78.0, 25.0,  57.0,  82.0,  10.0, 11.0 ,  6.0,     ,  0.0,     ,  4.0,    , 212.0,    5.0,   1.0,   1.0,     2.0,     2.0, -4.0   ,        ,        ,        ,        ,     0.0,      
rogermi01, 1977,     1, NEW , WHA , C  , 80.0, 28.0,  43.0,  71.0,  46.0, 22.0 ,  4.0,     ,  1.0,     ,     ,    , 204.0,   14.0,   5.0,   6.0,    11.0,     8.0, -2.0   ,        ,        ,        ,        ,     0.0,      
rogermi01, 1978,     1, NEW , WHA , C  , 80.0, 27.0,  45.0,  72.0,  31.0, 5.0  ,  2.0,     ,  0.0,     ,     ,    , 186.0,   10.0,   2.0,   6.0,     8.0,     2.0, -3.0   ,        ,        ,        ,        ,     0.0,      
rogermi01, 1979,     1, HAR , NHL , C  , 80.0, 44.0,  61.0, 105.0,  10.0, 29.0 ,  3.0,     ,  2.0,     ,  0.0, 2.0, 229.0,    3.0,   0.0,   3.0,     3.0,     0.0,        ,     0.0,        ,     0.0,        ,     0.0,      
rogermi01, 1980,     1, HAR , NHL , C  , 80.0, 40.0,  65.0, 105.0,  32.0, -22.0, 10.0,     ,  4.0,     ,  1.0, 5.0, 242.0,       ,      ,      ,        ,        ,        ,        ,        ,        ,        ,        ,      
rogermi01, 1981,     1, NYR , NHL , C  , 80.0, 38.0,  65.0, 103.0,  43.0, 2.0  ,  6.0,     ,  1.0,     ,  2.0, 0.0, 213.0,    9.0,   1.0,   6.0,     7.0,     2.0,        ,     0.0,        ,     0.0,        ,     0.0,      
rogermi01, 1982,     1, NYR , NHL , C  , 71.0, 29.0,  47.0,  76.0,  28.0, -10.0,  7.0,     ,  5.0,     ,  5.0, 0.0, 199.0,    1.0,   0.0,   0.0,     0.0,     0.0,        ,     0.0,        ,     0.0,        ,     0.0,      
rogermi01, 1983,     1, NYR , NHL , C  , 78.0, 23.0,  38.0,  61.0,  45.0, -24.0,  6.0,     ,  3.0,     ,  2.0, 1.0, 186.0,    1.0,   0.0,   0.0,     0.0,     0.0, -1.0   ,     0.0,        ,     0.0,        ,     0.0,     1.0
rogermi01, 1984,     1, NYR , NHL , C  , 78.0, 26.0,  38.0,  64.0,  24.0, -25.0,  5.0,     ,  1.0,     ,  1.0, 0.0, 143.0,    3.0,   0.0,   4.0,     4.0,     4.0, -4.0   ,     0.0,        ,     0.0,        ,     0.0,     4.0
rogermi01, 1985,     1, NYR , NHL , C  ,  9.0,  1.0,   3.0,   4.0,   2.0, 2.0  ,  1.0,     ,  0.0,     ,  1.0, 0.0,  20.0,       ,      ,      ,        ,        ,        ,        ,        ,        ,        ,        ,      
rogermi01, 1985,     2, EDM , NHL , C  ,  8.0,  1.0,   0.0,   1.0,   0.0, -2.0 ,  0.0,     ,  0.0,     ,  0.0, 0.0,   6.0,       ,      ,      ,        ,        ,        ,        ,        ,        ,        ,        ,      
rohaclu01, 1978,     1, CZE , WHA ,    ,  5.0,  0.0,   1.0,   1.0,   6.0,      ,     ,     ,     ,     ,     ,    ,      ,       ,      ,      ,        ,        ,        ,        ,        ,        ,        ,        ,      
rohlije01, 1987,     1, VAN , NHL , L  ,  7.0,  0.0,   0.0,   0.0,   4.0, -4.0 ,  0.0,  0.0,  0.0,  0.0,  0.0, 0.0,   2.0,       ,      ,      ,        ,        ,        ,        ,        ,        ,        ,        ,      
rohlije01, 1988,     1, VAN , NHL , C  ,  2.0,  0.0,   0.0,   0.0,   4.0, 0.0  ,  0.0,  0.0,  0.0,  0.0,  0.0, 0.0,   2.0,       ,      ,      ,        ,        ,        ,        ,        ,        ,        ,        ,      
rohlile01, 1995,     1, VAN , NHL , D  , 56.0,  6.0,  16.0,  22.0,  32.0, 0.0  ,  1.0,  7.0,  0.0,  0.0,  0.0, 0.0,  72.0,    5.0,   0.0,   0.0,     0.0,     0.0, -1.0   ,     0.0,     0.0,     0.0,     0.0,     0.0,     7.0
rohlile01, 1996,     1, VAN , NHL , D  , 40.0,  2.0,   8.0,  10.0,   8.0, 4.0  ,  0.0,  1.0,  0.0,  1.0,  0.0, 0.0,  37.0,       ,      ,      ,        ,        ,        ,        ,        ,        ,        ,        ,      
rohlojo01, 1994,     1, BOS , NHL , D  , 34.0,  3.0,   8.0,  11.0,  39.0, 1.0  ,  0.0,  2.0,  0.0,  0.0,  1.0, 1.0,  51.0,    5.0,   0.0,   0.0,     0.0,     6.0, -1.0   ,     0.0,     0.0,     0.0,     0.0,     0.0,     3.0
rohlojo01, 1995,     1, BOS , NHL , D  , 79.0,  1.0,  12.0,  13.0,  59.0, -8.0 ,  1.0,  5.0,  0.0,  2.0,  0.0, 0.0, 106.0,    5.0,   1.0,   2.0,     3.0,     2.0, -3.0   ,     1.0,     0.0,     0.0,     0.0,     0.0,    14.0
rohlojo01, 1996,     1, BOS , NHL , D  , 37.0,  3.0,   5.0,   8.0,  31.0, -14.0,  1.0,  3.0,  0.0,  0.0,  0.0, 0.0,  69.0,       ,      ,      ,        ,        ,        ,        ,        ,        ,        ,        ,      
rohloto01, 2001,     1, WAS , NHL , D  , 16.0,  0.0,   1.0,   1.0,  14.0, -2.0 ,  0.0,  0.0,  0.0,  0.0,  0.0, 0.0,   6.0,       ,      ,      ,        ,        ,        ,        ,        ,        ,        ,        ,      
rohloto01, 2003,     1, CBS , NHL , D  , 24.0,  0.0,   2.0,   2.0,   8.0, -12.0,  0.0,  0.0,  0.0,  0.0,  0.0, 0.0,  16.0,       ,      ,      ,        ,        ,        ,        ,        ,        ,        ,        ,      
rohloto01, 2003,     2, WAS , NHL , D  , 35.0,  0.0,   3.0,   3.0,  18.0, -5.0 ,  0.0,  0.0,  0.0,  0.0,  0.0, 0.0,  19.0,       ,      ,      ,        ,        ,        ,        ,        ,        ,        ,        ,      
rolfeda01, 1959,     1, BOS , NHL , D  ,  3.0,  0.0,   0.0,   0.0,   0.0,      ,     ,     ,     ,     ,     ,    ,      ,       ,      ,      ,        ,        ,        ,        ,        ,        ,        ,        ,      
rolfeda01, 1967,     1, LAK , NHL , D  , 68.0,  3.0,  13.0,  16.0,  84.0, -10.0,  1.0,     ,  0.0,     ,  0.0, 1.0,  93.0,    7.0,   0.0,   1.0,     1.0,    14.0,        ,     0.0,        ,     0.0,        ,     0.0,      
rolfeda01, 1968,     1, LAK , NHL , D  , 75.0,  3.0,  19.0,  22.0,  85.0, -24.0,  0.0,     ,  0.0,     ,  0.0, 0.0, 151.0,   10.0,   0.0,   4.0,     4.0,     8.0,        ,     0.0,        ,     0.0,        ,     0.0,      
rolfeda01, 1969,     1, LAK , NHL , D  , 55.0,  1.0,   9.0,  10.0,  77.0, -25.0,  0.0,     ,  0.0,     ,  0.0, 0.0, 115.0,       ,      ,      ,        ,        ,        ,        ,        ,        ,        ,        ,      
rolfeda01, 1969,     2, DET , NHL , D  , 20.0,  2.0,   9.0,  11.0,  12.0, 9.0  ,  0.0,     ,  0.0,     ,  1.0, 0.0,  62.0,    4.0,   0.0,   2.0,     2.0,     8.0,        ,     0.0,        ,     0.0,        ,     0.0,      
rolfeda01, 1970,     1, DET , NHL , D  , 44.0,  3.0,   9.0,  12.0,  48.0, -13.0,  0.0,     ,  0.0,     ,  0.0, 0.0,  90.0,       ,      ,      ,        ,        ,        ,        ,        ,        ,        ,        ,      
rolfeda01, 1970,     2, NYR , NHL , D  , 14.0,  0.0,   7.0,   7.0,  23.0, 11.0 ,  0.0,     ,  0.0,     ,  0.0, 0.0,  28.0,   13.0,   0.0,   1.0,     1.0,    14.0,        ,     0.0,        ,     0.0,        ,     0.0,      
rolfeda01, 1971,     1, NYR , NHL , D  , 68.0,  2.0,  14.0,  16.0,  67.0, 41.0 ,  0.0,     ,  0.0,     ,  0.0, 0.0, 166.0,   16.0,   4.0,   3.0,     7.0,    16.0,        ,     0.0,        ,     0.0,        ,     1.0,      
rolfeda01, 1972,     1, NYR , NHL , D  , 72.0,  7.0,  25.0,  32.0,  74.0, 41.0 ,  1.0,     ,  0.0,     ,  0.0, 0.0, 159.0,    8.0,   0.0,   5.0,     5.0,     6.0,        ,     0.0,        ,     0.0,        ,     0.0,      
rolfeda01, 1973,     1, NYR , NHL , D  , 48.0,  3.0,  12.0,  15.0,  56.0, 16.0 ,  0.0,     ,  1.0,     ,  0.0, 0.0,  98.0,   13.0,   1.0,   8.0,     9.0,    23.0,        ,     0.0,        ,     0.0,        ,     0.0,      
rolfeda01, 1974,     1, NYR , NHL , D  , 42.0,  1.0,   8.0,   9.0,  30.0, 12.0 ,  1.0,     ,  0.0,     ,  0.0, 0.0,  56.0,       ,      ,      ,        ,        ,        ,        ,        ,        ,        ,        ,      
rollial01, 1949,     1, TOR , NHL , G  ,  2.0,  0.0,   0.0,   0.0,   0.0,      ,     ,     ,     ,     ,     ,    ,      ,       ,      ,      ,        ,        ,        ,        ,        ,        ,        ,        ,      
rollial01, 1950,     1, TOR , NHL , G  , 40.0,  0.0,   0.0,   0.0,   0.0,      ,     ,     ,     ,     ,     ,    ,      ,    4.0,   0.0,   0.0,     0.0,     0.0,        ,        ,        ,        ,        ,        ,      
rollial01, 1951,     1, TOR , NHL , G  , 70.0,  0.0,   0.0,   0.0,   4.0,      ,     ,     ,     ,     ,     ,    ,      ,    2.0,   0.0,   0.0,     0.0,     0.0,        ,        ,        ,        ,        ,        ,      
rollial01, 1952,     1, CHI , NHL , G  , 70.0,  0.0,   0.0,   0.0,   0.0,      ,     ,     ,     ,     ,     ,    ,      ,    7.0,   0.0,   0.0,     0.0,     0.0,        ,        ,        ,        ,        ,        ,      
rollial01, 1953,     1, CHI , NHL , G  , 66.0,  0.0,   0.0,   0.0,  20.0,      ,     ,     ,     ,     ,     ,    ,      ,       ,      ,      ,        ,        ,        ,        ,        ,        ,        ,        ,      
rollial01, 1954,     1, CHI , NHL , G  , 44.0,  0.0,   0.0,   0.0,   0.0,      ,     ,     ,     ,     ,     ,    ,      ,       ,      ,      ,        ,        ,        ,        ,        ,        ,        ,        ,      
rollial01, 1955,     1, CHI , NHL , G  , 58.0,  0.0,   0.0,   0.0,  10.0,      ,     ,     ,     ,     ,     ,    ,      ,       ,      ,      ,        ,        ,        ,        ,        ,        ,        ,        ,      
rollial01, 1956,     1, CHI , NHL , G  , 70.0,  0.0,   1.0,   1.0,   9.0,      ,     ,     ,     ,     ,     ,    ,      ,       ,      ,      ,        ,        ,        ,        ,        ,        ,        ,        ,      
rollial01, 1959,     1, NYR , NHL , G  , 10.0,  0.0,   0.0,   0.0,   0.0,      ,     ,     ,     ,     ,     ,    ,      ,       ,      ,      ,        ,        ,        ,        ,        ,        ,        ,        ,      
rollije01, 1975,     1, TOT , WHA , D  , 52.0,  5.0,   7.0,  12.0, 185.0, -20.0,  0.0,     ,  0.0,     ,  0.0,    ,  59.0,       ,      ,      ,        ,        ,        ,        ,        ,        ,        ,        ,      
rollije01, 1976,     1, BIR , WHA , D  ,  8.0,  0.0,   0.0,   0.0,  17.0, -2.0 ,  0.0,     ,  0.0,     ,  0.0,    ,   7.0,       ,      ,      ,        ,        ,        ,        ,        ,        ,        ,        ,      
rollije01, 1976,     2, PHR , WHA , D  , 63.0,  4.0,  10.0,  14.0, 169.0, -25.0,  1.0,     ,  0.0,     ,     ,    ,  70.0,       ,      ,      ,        ,        ,        ,        ,        ,        ,        ,        ,      
rollije01, 1978,     1, IND , WHA , D  ,  7.0,  0.0,   1.0,   1.0,   7.0, -4.0 ,  0.0,     ,  0.0,     ,     ,    ,   4.0,       ,      ,      ,        ,        ,        ,        ,        ,        ,        ,        ,      
rolosdw01, 1996,     1, CAL , NHL , G  , 31.0,  0.0,   0.0,   0.0,   2.0, 0.0  ,  0.0,  0.0,  0.0,  0.0,  0.0, 0.0,   0.0,       ,      ,      ,        ,        ,        ,        ,        ,        ,        ,        ,      
rolosdw01, 1997,     1, CAL , NHL , G  , 39.0,  0.0,   4.0,   4.0,  10.0, 0.0  ,  0.0,  2.0,  0.0,  0.0,  0.0, 0.0,   0.0,       ,      ,      ,        ,        ,        ,        ,        ,        ,        ,        ,      
rolosdw01, 1998,     1, BUF , NHL , G  , 18.0,  0.0,   0.0,   0.0,   4.0, 0.0  ,  0.0,  0.0,  0.0,  0.0,  0.0, 0.0,   0.0,    4.0,   0.0,   0.0,     0.0,     0.0, 0.0    ,     0.0,     0.0,     0.0,     0.0,     0.0,     0.0
rolosdw01, 1999,     1, BUF , NHL , G  , 14.0,  0.0,   0.0,   0.0,   0.0, 0.0  ,  0.0,  0.0,  0.0,  0.0,  0.0, 0.0,   0.0,       ,      ,      ,        ,        ,        ,        ,        ,        ,        ,        ,      
rolosdw01, 2001,     1, MIN , NHL , G  , 45.0,  0.0,   0.0,   0.0,   8.0, 0.0  ,  0.0,  0.0,  0.0,  0.0,  0.0, 0.0,   0.0,       ,      ,      ,        ,        ,        ,        ,        ,        ,        ,        ,      
rolosdw01, 2002,     1, MIN , NHL , G  , 50.0,  0.0,   1.0,   1.0,   4.0, 0.0  ,  0.0,  0.0,  0.0,  0.0,  0.0, 0.0,   0.0,   11.0,   0.0,   0.0,     0.0,     4.0, 0.0    ,     0.0,     0.0,     0.0,     0.0,     0.0,     0.0
rolosdw01, 2003,     1, MIN , NHL , G  , 48.0,  0.0,   1.0,   1.0,   8.0, 0.0  ,  0.0,  0.0,  0.0,  0.0,  0.0, 0.0,   0.0,       ,      ,      ,        ,        ,        ,        ,        ,        ,        ,        ,      
rolosdw01, 2005,     1, MIN , NHL , G  , 24.0,  0.0,   0.0,   0.0,   6.0, 0.0  ,  0.0,  0.0,  0.0,  0.0,  0.0,    ,   0.0,       ,      ,      ,        ,        ,        ,        ,        ,        ,        ,        ,      
rolosdw01, 2005,     2, EDM , NHL , G  , 19.0,  0.0,   1.0,   1.0,   2.0, 0.0  ,  0.0,  1.0,  0.0,  0.0,  0.0,    ,   0.0,   18.0,   0.0,   2.0,     2.0,    14.0, 0.0    ,     0.0,     0.0,     0.0,     1.0,     0.0,     0.0
rolosdw01, 2006,     1, EDM , NHL , G  , 68.0,  0.0,   3.0,   3.0,  12.0, 0.0  ,  0.0,  1.0,  0.0,  0.0,  0.0,    ,   0.0,       ,      ,      ,        ,        ,        ,        ,        ,        ,        ,        ,      
rolosdw01, 2007,     1, EDM , NHL , G  , 43.0,  0.0,   1.0,   1.0,   2.0, 0.0  ,  0.0,  1.0,  0.0,  0.0,  0.0,    ,   0.0,       ,      ,      ,        ,        ,        ,        ,        ,        ,        ,        ,      
rolosdw01, 2008,     1, EDM , NHL , G  , 63.0,  0.0,   1.0,   1.0,  10.0, 0.0  ,  0.0,  0.0,  0.0,  0.0,  0.0,    ,   0.0,       ,      ,      ,        ,        ,        ,        ,        ,        ,        ,        ,      
rolosdw01, 2009,     1, NYI , NHL , G  , 50.0,  0.0,   0.0,   0.0,  14.0, 0.0  ,  0.0,  0.0,  0.0,  0.0,  0.0,    ,   0.0,       ,      ,      ,        ,        ,        ,        ,        ,        ,        ,        ,      
rolstbr01, 1994,     1, NJD , NHL , C  , 40.0,  7.0,  11.0,  18.0,  17.0, 5.0  ,  2.0,  1.0,  0.0,  0.0,  3.0, 0.0,  92.0,    6.0,   2.0,   1.0,     3.0,     4.0, 6.0    ,     1.0,     0.0,     0.0,     0.0,     0.0,    12.0
rolstbr01, 1995,     1, NJD , NHL , C  , 58.0, 13.0,  11.0,  24.0,   8.0, 9.0  ,  3.0,  4.0,  1.0,  0.0,  4.0, 1.0, 139.0,       ,      ,      ,        ,        ,        ,        ,        ,        ,        ,        ,      
rolstbr01, 1996,     1, NJD , NHL , L  , 81.0, 18.0,  27.0,  45.0,  20.0, 6.0  ,  2.0,  7.0,  2.0,  0.0,  3.0, 0.0, 237.0,   10.0,   4.0,   1.0,     5.0,     6.0, 0.0    ,     1.0,     0.0,     2.0,     0.0,     0.0,    45.0
rolstbr01, 1997,     1, NJD , NHL , L  , 76.0, 16.0,  14.0,  30.0,  16.0, 7.0  ,  0.0,  3.0,  2.0,  0.0,  1.0, 0.0, 185.0,    6.0,   1.0,   0.0,     1.0,     2.0, 2.0    ,     0.0,     0.0,     1.0,     0.0,     0.0,    14.0
rolstbr01, 1998,     1, NJD , NHL , C  , 82.0, 24.0,  33.0,  57.0,  14.0, 11.0 ,  5.0,  9.0,  5.0,  0.0,  3.0, 0.0, 210.0,    7.0,   1.0,   0.0,     1.0,     2.0, -1.0   ,     0.0,     0.0,     1.0,     0.0,     0.0,    15.0
rolstbr01, 1999,     1, NJD , NHL , L  , 11.0,  3.0,   1.0,   4.0,   0.0, -2.0 ,  1.0,  1.0,  0.0,  0.0,  2.0, 0.0,  33.0,       ,      ,      ,        ,        ,        ,        ,        ,        ,        ,        ,      
rolstbr01, 1999,     2, COL , NHL , L  , 50.0,  8.0,  10.0,  18.0,  12.0, -6.0 ,  1.0,  3.0,  0.0,  0.0,  3.0, 0.0, 107.0,       ,      ,      ,        ,        ,        ,        ,        ,        ,        ,        ,      
rolstbr01, 1999,     3, BOS , NHL , L  , 16.0,  5.0,   4.0,   9.0,   6.0, -4.0 ,  3.0,  1.0,  0.0,  0.0,  1.0, 0.0,  66.0,       ,      ,      ,        ,        ,        ,        ,        ,        ,        ,        ,      
rolstbr01, 2000,     1, BOS , NHL , L  , 77.0, 19.0,  39.0,  58.0,  28.0, 6.0  ,  5.0, 18.0,  0.0,  4.0,  4.0, 0.0, 286.0,       ,      ,      ,        ,        ,        ,        ,        ,        ,        ,        ,      
rolstbr01, 2001,     1, BOS , NHL , C  , 82.0, 31.0,  31.0,  62.0,  30.0, 11.0 ,  6.0, 11.0,  9.0,  1.0,  7.0, 0.0, 331.0,    6.0,   4.0,   1.0,     5.0,     0.0, -1.0   ,     1.0,     0.0,     1.0,     1.0,     0.0,    33.0
rolstbr01, 2002,     1, BOS , NHL , C  , 81.0, 27.0,  32.0,  59.0,  32.0, 1.0  ,  6.0, 15.0,  5.0,  2.0,  5.0, 1.0, 281.0,    5.0,   0.0,   2.0,     2.0,     0.0, -1.0   ,     0.0,     0.0,     0.0,     0.0,     0.0,     6.0
rolstbr01, 2003,     1, BOS , NHL , C  , 82.0, 19.0,  29.0,  48.0,  40.0, 9.0  ,  3.0, 12.0,  2.0,  1.0,  3.0, 2.0, 257.0,    7.0,   1.0,   0.0,     1.0,     8.0, -5.0   ,     0.0,     0.0,     0.0,     0.0,     0.0,    14.0
rolstbr01, 2005,     1, MIN , NHL , C  , 82.0, 34.0,  45.0,  79.0,  50.0, 14.0 , 15.0, 17.0,  5.0,  0.0,  7.0,    , 293.0,       ,      ,      ,        ,        ,        ,        ,        ,        ,        ,        ,      
rolstbr01, 2006,     1, MIN , NHL , R  , 78.0, 31.0,  33.0,  64.0,  46.0, 6.0  , 13.0, 21.0,  1.0,  1.0,  6.0,    , 305.0,    5.0,   1.0,   1.0,     2.0,     4.0, -2.0   ,     0.0,     1.0,     0.0,     0.0,     0.0,    23.0
rolstbr01, 2007,     1, MIN , NHL , L  , 81.0, 31.0,  28.0,  59.0,  53.0, -1.0 , 11.0, 17.0,  1.0,  0.0,  8.0,    , 289.0,    6.0,   2.0,   4.0,     6.0,     8.0, 4.0    ,     0.0,     1.0,     1.0,     1.0,     0.0,    31.0
rolstbr01, 2008,     1, NJD , NHL , L  , 64.0, 15.0,  17.0,  32.0,  30.0, 2.0  ,  8.0,  8.0,  0.0,  0.0,  3.0,    , 174.0,    7.0,   1.0,   1.0,     2.0,     4.0, 2.0    ,     1.0,     0.0,     0.0,     0.0,     0.0,    18.0
rolstbr01, 2009,     1, NJD , NHL , C  , 80.0, 20.0,  17.0,  37.0,  22.0, 2.0  ,  7.0,  6.0,  0.0,  0.0,  3.0,    , 232.0,    5.0,   2.0,   1.0,     3.0,     0.0, -1.0   ,     2.0,     1.0,     0.0,     0.0,     0.0,    12.0
romanla01, 1970,     1, CHI , NHL , R  , 10.0,  0.0,   2.0,   2.0,   2.0, 0.0  ,  0.0,     ,  0.0,     ,  0.0, 0.0,  10.0,       ,      ,      ,        ,        ,        ,        ,        ,        ,        ,        ,      
romanla01, 1972,     1, ATF , NHL , R  , 70.0, 18.0,  30.0,  48.0,  39.0, -11.0,  4.0,     ,  0.0,     ,  2.0, 1.0, 157.0,       ,      ,      ,        ,        ,        ,        ,        ,        ,        ,        ,      
romanla01, 1973,     1, ATF , NHL , R  , 73.0, 22.0,  29.0,  51.0,  33.0, -7.0 ,  7.0,     ,  0.0,     ,  4.0, 0.0, 159.0,    4.0,   2.0,   2.0,     4.0,     4.0,        ,     0.0,        ,     0.0,        ,     0.0,      
romanla01, 1974,     1, ATF , NHL , R  , 53.0,  8.0,  12.0,  20.0,  16.0, -9.0 ,  2.0,     ,  0.0,     ,  0.0, 0.0,  64.0,       ,      ,      ,        ,        ,        ,        ,        ,        ,        ,        ,      
romanla01, 1975,     1, ATF , NHL , R  , 67.0, 16.0,  19.0,  35.0,   8.0, -7.0 ,  6.0,     ,  0.0,     ,  2.0, 0.0, 110.0,    2.0,   0.0,   0.0,     0.0,     0.0,        ,     0.0,        ,     0.0,        ,     0.0,      
romanla01, 1976,     1, ATF , NHL , R  , 25.0,  4.0,   5.0,   9.0,   4.0, -3.0 ,  0.0,     ,  0.0,     ,  0.0, 1.0,  42.0,    1.0,   0.0,   0.0,     0.0,     0.0,        ,     0.0,        ,     0.0,        ,     0.0,      
romanro01, 1982,     1, PIT , NHL , G  ,  3.0,  0.0,   0.0,   0.0,   0.0, 0.0  ,  0.0,     ,  0.0,     ,  0.0, 0.0,   0.0,       ,      ,      ,        ,        ,        ,        ,        ,        ,        ,        ,      
romanro01, 1983,     1, PIT , NHL , G  , 18.0,  0.0,   0.0,   0.0,   0.0, 0.0  ,  0.0,     ,  0.0,     ,  0.0, 0.0,   0.0,       ,      ,      ,        ,        ,        ,        ,        ,        ,        ,        ,      
romanro01, 1984,     1, PIT , NHL , G  , 31.0,  0.0,   0.0,   0.0,   2.0, 0.0  ,  0.0,     ,  0.0,     ,  0.0, 0.0,   0.0,       ,      ,      ,        ,        ,        ,        ,        ,        ,        ,        ,      
romanro01, 1985,     1, PIT , NHL , G  , 46.0,  0.0,   1.0,   1.0,   4.0, 0.0  ,  0.0,     ,  0.0,     ,  0.0, 0.0,   0.0,       ,      ,      ,        ,        ,        ,        ,        ,        ,        ,        ,      
romanro01, 1986,     1, PIT , NHL , G  , 25.0,  0.0,   0.0,   0.0,   0.0, 0.0  ,  0.0,     ,  0.0,     ,  0.0, 0.0,   0.0,       ,      ,      ,        ,        ,        ,        ,        ,        ,        ,        ,      
romanro01, 1986,     2, BOS , NHL , G  ,  1.0,  0.0,   0.0,   0.0,   0.0, 0.0  ,  0.0,     ,  0.0,     ,  0.0, 0.0,   0.0,       ,      ,      ,        ,        ,        ,        ,        ,        ,        ,        ,      
romanro01, 1993,     1, PIT , NHL , G  ,  2.0,  0.0,   0.0,   0.0,   0.0, 0.0  ,  0.0,  0.0,  0.0,  0.0,  0.0, 0.0,   0.0,       ,      ,      ,        ,        ,        ,        ,        ,        ,        ,        ,      
romanru01, 1991,     1, WIN , NHL , L  , 27.0,  3.0,   5.0,   8.0,  18.0, 2.0  ,  2.0,  2.0,  0.0,  0.0,  1.0, 0.0,  32.0,       ,      ,      ,        ,        ,        ,        ,        ,        ,        ,        ,      
romanru01, 1992,     1, WIN , NHL , L  , 28.0,  3.0,   1.0,   4.0,  22.0, 0.0  ,  0.0,  0.0,  0.0,  0.0,  1.0, 0.0,  20.0,    1.0,   0.0,   0.0,     0.0,     0.0, 1.0    ,     0.0,     0.0,     0.0,     0.0,     0.0,     0.0
romanru01, 1993,     1, WIN , NHL , L  , 24.0,  4.0,   8.0,  12.0,   6.0, -11.0,  3.0,  2.0,  0.0,  0.0,  0.0, 0.0,  36.0,       ,      ,      ,        ,        ,        ,        ,        ,        ,        ,        ,      
romanru01, 1994,     1, WIN , NHL , L  ,  6.0,  0.0,   0.0,   0.0,   0.0, -3.0 ,  0.0,  0.0,  0.0,  0.0,  0.0, 0.0,   3.0,       ,      ,      ,        ,        ,        ,        ,        ,        ,        ,        ,      
romanru01, 1995,     1, PHI , NHL , L  , 17.0,  3.0,   0.0,   3.0,  17.0, -2.0 ,  1.0,  0.0,  0.0,  0.0,  0.0, 0.0,  13.0,    1.0,   0.0,   0.0,     0.0,     0.0, -1.0   ,     0.0,     0.0,     0.0,     0.0,     0.0,     1.0
romasig01, 1977,     1, SOV , WHA , C  ,  8.0,  3.0,   3.0,   6.0,   0.0,      ,     ,     ,     ,     ,     ,    ,      ,       ,      ,      ,        ,        ,        ,        ,        ,        ,        ,        ,      
rombodo01, 1972,     1, BUF , NHL , C  ,  5.0,  2.0,   0.0,   2.0,   0.0, 2.0  ,  0.0,     ,  0.0,     ,  0.0, 0.0,   3.0,       ,      ,      ,        ,        ,        ,        ,        ,        ,        ,        ,      
rombodo01, 1973,     1, BUF , NHL , C  , 46.0,  6.0,   9.0,  15.0,  27.0, 2.0  ,  0.0,     ,  0.0,     ,  1.0, 0.0,  38.0,       ,      ,      ,        ,        ,        ,        ,        ,        ,        ,        ,      
rombodo01, 1973,     2, NYI , NHL , C  , 12.0,  3.0,   1.0,   4.0,   8.0, 1.0  ,  2.0,     ,  0.0,     ,  0.0, 0.0,  19.0,       ,      ,      ,        ,        ,        ,        ,        ,        ,        ,        ,      
rombodo01, 1974,     1, NYI , NHL , C  , 28.0,  5.0,   6.0,  11.0,   6.0, 6.0  ,  0.0,     ,  0.0,     ,  0.0, 0.0,  35.0,       ,      ,      ,        ,        ,        ,        ,        ,        ,        ,        ,      
rombodo01, 1974,     2, MNS , NHL , C  , 40.0,  6.0,   9.0,  15.0,  33.0, 1.0  ,  0.0,     ,  0.0,     ,  1.0, 0.0,  63.0,       ,      ,      ,        ,        ,        ,        ,        ,        ,        ,        ,      
rombodo01, 1975,     1, MNS , NHL , C  , 19.0,  2.0,   2.0,   4.0,   6.0, -4.0 ,  0.0,     ,  0.0,     ,  1.0, 0.0,   9.0,       ,      ,      ,        ,        ,        ,        ,        ,        ,        ,        ,      
rombolo01, 1973,     1, CHC , WHA , L  ,  3.0,  1.0,   2.0,   3.0,   0.0,      ,  1.0,     ,  0.0,     ,  1.0,    ,      ,       ,      ,      ,        ,        ,        ,        ,        ,        ,        ,        ,      
romeaa01 , 2006,     1, AND , NHL , D  ,  1.0,  0.0,   0.0,   0.0,   0.0, -1.0 ,  0.0,  0.0,  0.0,  0.0,  0.0,    ,   1.0,    1.0,   0.0,   0.0,     0.0,     0.0, -2.0   ,     0.0,     0.0,     0.0,     0.0,     0.0,     0.0
romeaa01 , 2007,     1, CBS , NHL , D  , 17.0,  1.0,   1.0,   2.0,  33.0, -4.0 ,  0.0,  0.0,  0.0,  0.0,  0.0,    ,  15.0,       ,      ,      ,        ,        ,        ,        ,        ,        ,        ,        ,      
romeaa01 , 2008,     1, CBS , NHL , D  ,  8.0,  0.0,   1.0,   1.0,   0.0, 1.0  ,  0.0,  0.0,  0.0,  0.0,  0.0,    ,   7.0,    1.0,   0.0,   1.0,     1.0,     0.0, 2.0    ,     0.0,     0.0,     0.0,     0.0,     0.0,     2.0
romeaa01 , 2009,     1, VAN , NHL , D  , 49.0,  0.0,   4.0,   4.0,  24.0, -2.0 ,  0.0,  0.0,  0.0,  0.0,  0.0,    ,  49.0,    1.0,   0.0,   0.0,     0.0,     0.0, 0.0    ,     0.0,     0.0,     0.0,     0.0,     0.0,     0.0
rominda01, 1999,     1, TBL , NHL , R  ,  3.0,  0.0,   1.0,   1.0,   2.0, 1.0  ,  0.0,  0.0,  0.0,  0.0,  0.0, 0.0,   0.0,       ,      ,      ,        ,        ,        ,        ,        ,        ,        ,        ,      
romnedo01, 1930,     1, CHI , NHL , L/C, 30.0,  5.0,   7.0,  12.0,   8.0,      ,     ,     ,     ,     ,     ,    ,      ,    9.0,   1.0,   1.0,     2.0,     2.0,        ,        ,        ,        ,        ,        ,      
romnedo01, 1931,     1, CHI , NHL , L/C, 18.0,  1.0,   0.0,   1.0,   6.0,      ,     ,     ,     ,     ,     ,    ,      ,    2.0,   0.0,   0.0,     0.0,     0.0,        ,        ,        ,        ,        ,        ,      
romnedo01, 1932,     1, CHI , NHL , L/C, 47.0, 10.0,  12.0,  22.0,   2.0,      ,     ,     ,     ,     ,     ,    ,      ,       ,      ,      ,        ,        ,        ,        ,        ,        ,        ,        ,      
romnedo01, 1933,     1, CHI , NHL , L/C, 47.0,  7.0,  21.0,  28.0,   6.0,      ,     ,     ,     ,     ,     ,    ,      ,    8.0,   2.0,   7.0,     9.0,     0.0,        ,        ,        ,        ,        ,        ,      
romnedo01, 1934,     1, CHI , NHL , L/C, 35.0, 10.0,  14.0,  24.0,   8.0,      ,     ,     ,     ,     ,     ,    ,      ,    2.0,   0.0,   0.0,     0.0,     0.0,        ,        ,        ,        ,        ,        ,      
romnedo01, 1935,     1, CHI , NHL , L/C, 48.0, 13.0,  25.0,  38.0,   6.0,      ,     ,     ,     ,     ,     ,    ,      ,    2.0,   1.0,   2.0,     3.0,     0.0,        ,        ,        ,        ,        ,        ,      
romnedo01, 1936,     1, CHI , NHL , L/C, 28.0,  4.0,  14.0,  18.0,   2.0,      ,     ,     ,     ,     ,     ,    ,      ,       ,      ,      ,        ,        ,        ,        ,        ,        ,        ,        ,      
romnedo01, 1937,     1, CHI , NHL , C  , 44.0, 10.0,  22.0,  32.0,   4.0,      ,     ,     ,     ,     ,     ,    ,      ,   10.0,   2.0,   4.0,     6.0,     2.0,        ,        ,        ,        ,        ,        ,      
romnedo01, 1938,     1, CHI , NHL , C  , 12.0,  0.0,   4.0,   4.0,   0.0,      ,     ,     ,     ,     ,     ,    ,      ,       ,      ,      ,        ,        ,        ,        ,        ,        ,        ,        ,      
romnedo01, 1938,     2, TOR , NHL , C  , 36.0,  7.0,  16.0,  23.0,   0.0,      ,     ,     ,     ,     ,     ,    ,      ,   10.0,   1.0,   4.0,     5.0,     0.0,        ,        ,        ,        ,        ,        ,      
romnedo01, 1939,     1, NYA , NHL , C  , 15.0,  0.0,   1.0,   1.0,   0.0,      ,     ,     ,     ,     ,     ,    ,      ,       ,      ,      ,        ,        ,        ,        ,        ,        ,        ,        ,      
ronaned01, 1991,     1, MTL , NHL , R  ,  3.0,  0.0,   0.0,   0.0,   0.0, 0.0  ,  0.0,  0.0,  0.0,  0.0,  0.0, 0.0,   1.0,       ,      ,      ,        ,        ,        ,        ,        ,        ,        ,        ,      
ronaned01, 1992,     1, MTL , NHL , R  , 53.0,  5.0,   7.0,  12.0,  20.0, 6.0  ,  0.0,  0.0,  0.0,  0.0,  1.0, 0.0,  54.0,   14.0,   2.0,   3.0,     5.0,    10.0, 5.0    ,     0.0,     0.0,     0.0,     0.0,     0.0,     9.0
ronaned01, 1993,     1, MTL , NHL , R  , 61.0,  6.0,   8.0,  14.0,  42.0, 3.0  ,  0.0,  0.0,  0.0,  0.0,  1.0, 0.0,  49.0,    7.0,   1.0,   0.0,     1.0,     0.0, -1.0   ,     0.0,     0.0,     0.0,     0.0,     0.0,     7.0
ronaned01, 1994,     1, MTL , NHL , R  , 30.0,  1.0,   4.0,   5.0,  12.0, -7.0 ,  0.0,  0.0,  0.0,  0.0,  0.0, 0.0,  14.0,       ,      ,      ,        ,        ,        ,        ,        ,        ,        ,        ,      
ronaned01, 1995,     1, WIN , NHL , R  , 17.0,  0.0,   0.0,   0.0,  16.0, -3.0 ,  0.0,  0.0,  0.0,  0.0,  0.0, 0.0,  13.0,       ,      ,      ,        ,        ,        ,        ,        ,        ,        ,        ,      
ronaned01, 1996,     1, BUF , NHL , R  , 18.0,  1.0,   4.0,   5.0,  11.0, 4.0  ,  0.0,  0.0,  0.0,  0.0,  0.0, 0.0,  10.0,    6.0,   1.0,   0.0,     1.0,     6.0, -1.0   ,     0.0,     0.0,     0.0,     0.0,     1.0,     6.0
ronansk01, 1909,     1, HAI , NHA ,    , 11.0,  3.0,   0.0,   3.0,  23.0,      ,     ,     ,     ,     ,     ,    ,      ,       ,      ,      ,        ,        ,        ,        ,        ,        ,        ,        ,      
ronansk01, 1910,     1, REN , NHA ,    ,  5.0,  3.0,   0.0,   3.0,   3.0,      ,     ,     ,     ,     ,     ,    ,      ,       ,      ,      ,        ,        ,        ,        ,        ,        ,        ,        ,      
ronansk01, 1911,     1, OT1 , NHA ,    , 17.0, 35.0,   0.0,  35.0,   5.0,      ,     ,     ,     ,     ,     ,    ,      ,       ,      ,      ,        ,        ,        ,        ,        ,        ,        ,        ,      
ronansk01, 1912,     1, OT1 , NHA ,    , 20.0, 18.0,   0.0,  18.0,  39.0,      ,     ,     ,     ,     ,     ,    ,      ,       ,      ,      ,        ,        ,        ,        ,        ,        ,        ,        ,      
ronansk01, 1913,     1, OT1 , NHA ,    , 19.0, 18.0,   5.0,  23.0,  65.0,      ,     ,     ,     ,     ,     ,    ,      ,       ,      ,      ,        ,        ,        ,        ,        ,        ,        ,        ,      
ronansk01, 1914,     1, TOO , NHA ,    , 18.0, 21.0,   4.0,  25.0,  55.0,      ,     ,     ,     ,     ,     ,    ,      ,       ,      ,      ,        ,        ,        ,        ,        ,        ,        ,        ,      
ronansk01, 1915,     1, TBS , NHA ,    ,  9.0,  0.0,   3.0,   3.0,   8.0,      ,     ,     ,     ,     ,     ,    ,      ,       ,      ,      ,        ,        ,        ,        ,        ,        ,        ,        ,      
ronansk01, 1915,     2, MOC , NHA ,    ,  8.0,  6.0,   4.0,  10.0,  14.0,      ,     ,     ,     ,     ,     ,    ,      ,       ,      ,      ,        ,        ,        ,        ,        ,        ,        ,        ,      
ronansk01, 1918,     1, OTS , NHL , C  , 11.0,  0.0,   0.0,   0.0,   6.0,      ,     ,     ,     ,     ,     ,    ,      ,       ,      ,      ,        ,        ,        ,        ,        ,        ,        ,        ,      
ronnicl01, 1985,     1, STL , NHL , C  ,     ,     ,      ,      ,      ,      ,     ,     ,     ,     ,     ,    ,      ,    5.0,   1.0,   1.0,     2.0,     2.0, 0.0    ,     1.0,        ,     0.0,        ,     0.0,    11.0
ronnicl01, 1986,     1, STL , NHL , C  , 42.0, 11.0,  14.0,  25.0,   6.0, -1.0 ,  2.0,     ,  0.0,     ,  2.0, 0.0,  68.0,    4.0,   0.0,   1.0,     1.0,     0.0, -1.0   ,     0.0,        ,     0.0,        ,     0.0,     8.0
ronnicl01, 1987,     1, STL , NHL , C  , 26.0,  5.0,   8.0,  13.0,  12.0, 6.0  ,  1.0,  3.0,  0.0,  0.0,  1.0, 0.0,  38.0,       ,      ,      ,        ,        ,        ,        ,        ,        ,        ,        ,      
ronnicl01, 1988,     1, STL , NHL , C  , 64.0, 24.0,  31.0,  55.0,  18.0, 3.0  , 16.0, 16.0,  0.0,  0.0,  1.0, 0.0, 150.0,    7.0,   1.0,   3.0,     4.0,     0.0, 0.0    ,     1.0,     2.0,     0.0,     0.0,     0.0,    15.0
ronnicl01, 1990,     1, STL , NHL , C  , 48.0, 14.0,  18.0,  32.0,  10.0, 2.0  ,  5.0,  8.0,  0.0,  0.0,  2.0, 0.0,  81.0,       ,      ,      ,        ,        ,        ,        ,        ,        ,        ,        ,      
ronnicl01, 1990,     2, VAN , NHL , C  , 11.0,  6.0,   6.0,  12.0,   0.0, -2.0 ,  2.0,  3.0,  0.0,  0.0,  0.0, 0.0,  32.0,    6.0,   6.0,   3.0,     9.0,    12.0, 1.0    ,     2.0,     1.0,     0.0,     0.0,     2.0,    22.0
ronnicl01, 1991,     1, VAN , NHL , C  , 80.0, 24.0,  47.0,  71.0,  42.0, 18.0 ,  6.0, 17.0,  0.0,  0.0,  2.0, 1.0, 216.0,   13.0,   8.0,   5.0,    13.0,     6.0, 5.0    ,     1.0,     1.0,     0.0,     0.0,     1.0,    49.0
ronnicl01, 1992,     1, VAN , NHL , C  , 79.0, 29.0,  56.0,  85.0,  30.0, 19.0 , 10.0, 18.0,  0.0,  0.0,  2.0, 0.0, 209.0,   12.0,   2.0,   9.0,    11.0,     6.0, 8.0    ,     0.0,     2.0,     0.0,     0.0,     0.0,    35.0
ronnicl01, 1993,     1, VAN , NHL , C  , 76.0, 25.0,  43.0,  68.0,  42.0, 7.0  , 10.0, 18.0,  0.0,  0.0,  4.0, 1.0, 197.0,   24.0,   5.0,  10.0,    15.0,    16.0, -2.0   ,     2.0,     3.0,     0.0,     0.0,     2.0,    69.0
ronnicl01, 1994,     1, VAN , NHL , C  , 41.0,  6.0,  19.0,  25.0,  27.0, -4.0 ,  3.0,  9.0,  0.0,  0.0,  2.0, 0.0,  93.0,   11.0,   3.0,   5.0,     8.0,     2.0, -5.0   ,     1.0,     5.0,     0.0,     0.0,     2.0,    20.0
ronnicl01, 1995,     1, VAN , NHL , C  , 79.0, 22.0,  45.0,  67.0,  42.0, 16.0 ,  5.0, 10.0,  0.0,  0.0,  1.0, 1.0, 187.0,    6.0,   0.0,   2.0,     2.0,     6.0, 0.0    ,     0.0,     1.0,     0.0,     0.0,     0.0,    12.0
ronnicl01, 1996,     1, PHO , NHL , C  , 69.0, 19.0,  32.0,  51.0,  26.0, -9.0 ,  8.0, 15.0,  0.0,  0.0,  2.0, 0.0, 171.0,    7.0,   0.0,   7.0,     7.0,    12.0, 2.0    ,     0.0,     2.0,     0.0,     0.0,     0.0,    11.0
ronnicl01, 1997,     1, PHO , NHL , C  , 80.0, 11.0,  44.0,  55.0,  36.0, 5.0  ,  3.0, 18.0,  0.0,  0.0,  0.0, 1.0, 197.0,    6.0,   1.0,   3.0,     4.0,     4.0, -1.0   ,     0.0,     1.0,     0.0,     0.0,     0.0,    17.0
ronnicl01, 1998,     1, PHO , NHL , C  ,  7.0,  2.0,   5.0,   7.0,   2.0, 3.0  ,  2.0,  1.0,  0.0,  0.0,  1.0, 0.0,  18.0,       ,      ,      ,        ,        ,        ,        ,        ,        ,        ,        ,      
ronnicl01, 1998,     2, NAS , NHL , C  , 72.0, 18.0,  35.0,  53.0,  40.0, -6.0 ,  8.0, 12.0,  0.0,  0.0,  3.0, 0.0, 239.0,       ,      ,      ,        ,        ,        ,        ,        ,        ,        ,        ,      
ronnicl01, 1999,     1, NAS , NHL , C  , 82.0, 26.0,  36.0,  62.0,  34.0, -13.0,  7.0, 17.0,  0.0,  0.0,  2.0, 0.0, 248.0,       ,      ,      ,        ,        ,        ,        ,        ,        ,        ,        ,      
ronnicl01, 2000,     1, NAS , NHL , C  , 80.0, 19.0,  43.0,  62.0,  28.0, 4.0  ,  6.0, 25.0,  0.0,  0.0,  4.0, 0.0, 237.0,       ,      ,      ,        ,        ,        ,        ,        ,        ,        ,        ,      
ronnicl01, 2001,     1, NAS , NHL , L  , 67.0, 18.0,  31.0,  49.0,  24.0, 0.0  ,  4.0, 17.0,  0.0,  0.0,  0.0, 2.0, 164.0,       ,      ,      ,        ,        ,        ,        ,        ,        ,        ,        ,      
ronnicl01, 2001,     2, LAK , NHL , L  , 14.0,  1.0,   4.0,   5.0,   8.0, 0.0  ,  1.0,  1.0,  0.0,  0.0,  0.0, 0.0,  35.0,    4.0,   0.0,   1.0,     1.0,     2.0, -1.0   ,     0.0,     1.0,     0.0,     0.0,     0.0,     3.0
ronnicl01, 2002,     1, MIN , NHL , L  , 80.0, 17.0,  31.0,  48.0,  24.0, -6.0 ,  8.0, 14.0,  0.0,  1.0,  5.0, 0.0, 171.0,   17.0,   2.0,   7.0,     9.0,     4.0, -3.0   ,     1.0,     5.0,     0.0,     0.0,     0.0,    37.0
ronnicl01, 2003,     1, NYI , NHL , C  , 40.0,  9.0,  15.0,  24.0,   2.0, 3.0  ,  2.0,  8.0,  0.0,  0.0,  0.0, 0.0,  55.0,    4.0,   0.0,   0.0,     0.0,     0.0, -2.0   ,     0.0,     0.0,     0.0,     0.0,     0.0,     3.0
ronnqjo01, 2000,     1, ANA , NHL , R  , 38.0,  0.0,   4.0,   4.0,  14.0, -7.0 ,  0.0,  1.0,  0.0,  0.0,  0.0, 0.0,  30.0,       ,      ,      ,        ,        ,        ,        ,        ,        ,        ,        ,      
ronsole01, 1960,     1, NYR , NHL , L  , 13.0,  2.0,   1.0,   3.0,  10.0,      ,     ,     ,     ,     ,     ,    ,      ,       ,      ,      ,        ,        ,        ,        ,        ,        ,        ,        ,      
ronsole01, 1968,     1, OAK , NHL , L  ,  5.0,  0.0,   0.0,   0.0,   0.0, -3.0 ,  0.0,     ,  0.0,     ,  0.0, 0.0,   6.0,       ,      ,      ,        ,        ,        ,        ,        ,        ,        ,        ,      
rontypa01, 1947,     1, BOS , NHL , C  , 24.0,  3.0,  11.0,  14.0,   0.0,      ,     ,     ,     ,     ,     ,    ,      ,    5.0,   0.0,   4.0,     4.0,     0.0,        ,        ,        ,        ,        ,        ,      
rontypa01, 1948,     1, BOS , NHL , C  , 60.0, 20.0,  29.0,  49.0,  11.0,      ,     ,     ,     ,     ,     ,    ,      ,    5.0,   1.0,   2.0,     3.0,     2.0,        ,        ,        ,        ,        ,        ,      
rontypa01, 1949,     1, BOS , NHL , C  , 70.0, 23.0,  36.0,  59.0,   8.0,      ,     ,     ,     ,     ,     ,    ,      ,       ,      ,      ,        ,        ,        ,        ,        ,        ,        ,        ,      
rontypa01, 1950,     1, BOS , NHL , C  , 70.0, 10.0,  22.0,  32.0,  20.0,      ,     ,     ,     ,     ,     ,    ,      ,    6.0,   0.0,   1.0,     1.0,     2.0,        ,        ,        ,        ,        ,        ,      
rontypa01, 1951,     1, NYR , NHL , C  , 65.0, 12.0,  31.0,  43.0,  16.0,      ,     ,     ,     ,     ,     ,    ,      ,       ,      ,      ,        ,        ,        ,        ,        ,        ,        ,        ,      
rontypa01, 1952,     1, NYR , NHL , C  , 70.0, 16.0,  38.0,  54.0,  20.0,      ,     ,     ,     ,     ,     ,    ,      ,       ,      ,      ,        ,        ,        ,        ,        ,        ,        ,        ,      
rontypa01, 1953,     1, NYR , NHL , C  , 70.0, 13.0,  33.0,  46.0,  18.0,      ,     ,     ,     ,     ,     ,    ,      ,       ,      ,      ,        ,        ,        ,        ,        ,        ,        ,        ,      
rontypa01, 1954,     1, NYR , NHL , C  , 55.0,  4.0,  11.0,  15.0,  10.0,      ,     ,     ,     ,     ,     ,    ,      ,       ,      ,      ,        ,        ,        ,        ,        ,        ,        ,        ,      
rontypa01, 1954,     2, MTL , NHL , C  ,  4.0,  0.0,   0.0,   0.0,   0.0,      ,     ,     ,     ,     ,     ,    ,      ,    5.0,   0.0,   0.0,     0.0,     2.0,        ,        ,        ,        ,        ,        ,      
roonest01, 1984,     1, MTL , NHL , L  ,  3.0,  1.0,   0.0,   1.0,   7.0, -1.0 ,  1.0,     ,  0.0,     ,  0.0, 0.0,   3.0,   11.0,   2.0,   2.0,     4.0,    19.0, 3.0    ,     0.0,        ,     0.0,        ,     0.0,     8.0
roonest01, 1985,     1, MTL , NHL , L  , 38.0,  2.0,   3.0,   5.0, 114.0, -4.0 ,  1.0,     ,  0.0,     ,  0.0, 0.0,  24.0,    1.0,   0.0,   0.0,     0.0,     0.0, -1.0   ,     0.0,        ,     0.0,        ,     0.0,     0.0
roonest01, 1986,     1, MTL , NHL , L  ,  2.0,  0.0,   0.0,   0.0,  22.0, 0.0  ,  0.0,     ,  0.0,     ,  0.0, 0.0,   2.0,       ,      ,      ,        ,        ,        ,        ,        ,        ,        ,        ,      
roonest01, 1986,     2, WIN , NHL , L  , 30.0,  2.0,   3.0,   5.0,  57.0, -4.0 ,  0.0,     ,  0.0,     ,  1.0, 0.0,  23.0,    8.0,   0.0,   0.0,     0.0,    34.0, 2.0    ,     0.0,        ,     0.0,        ,     0.0,     9.0
roonest01, 1987,     1, WIN , NHL , L  , 56.0,  7.0,   6.0,  13.0, 217.0, 2.0  ,  0.0,  0.0,  0.0,  0.0,  0.0, 0.0,  62.0,    5.0,   1.0,   0.0,     1.0,    33.0, -3.0   ,     0.0,     0.0,     0.0,     0.0,     0.0,     2.0
roonest01, 1988,     1, NJD , NHL , L  , 25.0,  3.0,   1.0,   4.0,  79.0, -9.0 ,  0.0,  0.0,  0.0,  0.0,  1.0, 0.0,  23.0,       ,      ,      ,        ,        ,        ,        ,        ,        ,        ,        ,      
roonewa01, 1911,     1, QU1 , NHA ,    ,  1.0,  0.0,   0.0,   0.0,   0.0,      ,     ,     ,     ,     ,     ,    ,      ,       ,      ,      ,        ,        ,        ,        ,        ,        ,        ,        ,      
rootbi01 , 1982,     1, MTL , NHL , D  , 46.0,  2.0,   3.0,   5.0,  24.0, 5.0  ,  0.0,     ,  0.0,     ,  0.0, 0.0,  44.0,       ,      ,      ,        ,        ,        ,        ,        ,        ,        ,        ,      
rootbi01 , 1983,     1, MTL , NHL , D  , 72.0,  4.0,  13.0,  17.0,  45.0, 26.0 ,  1.0,     ,  1.0,     ,  0.0, 0.0,  71.0,       ,      ,      ,        ,        ,        ,        ,        ,        ,        ,        ,      
rootbi01 , 1984,     1, TOR , NHL , D  , 35.0,  1.0,   1.0,   2.0,  23.0, -25.0,  0.0,     ,  0.0,     ,  0.0, 0.0,  34.0,       ,      ,      ,        ,        ,        ,        ,        ,        ,        ,        ,      
rootbi01 , 1985,     1, TOR , NHL , D  , 27.0,  0.0,   1.0,   1.0,  29.0, -8.0 ,  0.0,     ,  0.0,     ,  0.0, 0.0,  34.0,    7.0,   0.0,   2.0,     2.0,    13.0, -1.0   ,     0.0,        ,     0.0,        ,     0.0,     6.0
rootbi01 , 1986,     1, TOR , NHL , D  , 34.0,  3.0,   3.0,   6.0,  37.0, -9.0 ,  1.0,     ,  0.0,     ,  0.0, 0.0,  31.0,   13.0,   1.0,   0.0,     1.0,    12.0, 0.0    ,     0.0,        ,     0.0,        ,     0.0,     5.0
rootbi01 , 1987,     1, STL , NHL , D  ,  9.0,  0.0,   0.0,   0.0,   6.0, -7.0 ,  0.0,  0.0,  0.0,  0.0,  0.0, 0.0,   6.0,       ,      ,      ,        ,        ,        ,        ,        ,        ,        ,        ,      
rootbi01 , 1987,     2, PHI , NHL , D  , 24.0,  1.0,   2.0,   3.0,  16.0, 3.0  ,  1.0,  0.0,  0.0,  0.0,  0.0, 0.0,  13.0,    2.0,   0.0,   0.0,     0.0,     0.0, 0.0    ,     0.0,     0.0,     0.0,     0.0,     0.0,     0.0
rosapa01 , 1998,     1, LAK , NHL , R  , 29.0,  4.0,  12.0,  16.0,   6.0, 0.0  ,  0.0,  3.0,  0.0,  0.0,  0.0, 0.0,  61.0,       ,      ,      ,        ,        ,        ,        ,        ,        ,        ,        ,      
rosapa01 , 1999,     1, LAK , NHL , R  ,  3.0,  0.0,   0.0,   0.0,   0.0, -1.0 ,  0.0,  0.0,  0.0,  0.0,  0.0, 0.0,   1.0,       ,      ,      ,        ,        ,        ,        ,        ,        ,        ,        ,      
rosapa01 , 2002,     1, LAK , NHL , R  ,  2.0,  0.0,   0.0,   0.0,   0.0, -1.0 ,  0.0,  0.0,  0.0,  0.0,  0.0, 0.0,   4.0,       ,      ,      ,        ,        ,        ,        ,        ,        ,        ,        ,      
rosapa01 , 2003,     1, LAK , NHL , R  ,  2.0,  1.0,   1.0,   2.0,   0.0, 1.0  ,  0.0,  1.0,  0.0,  0.0,  0.0, 0.0,   4.0,       ,      ,      ,        ,        ,        ,        ,        ,        ,        ,        ,      
rosatmi01, 1998,     1, WAS , NHL , G  ,  1.0,  0.0,   0.0,   0.0,   0.0, 0.0  ,  0.0,  0.0,  0.0,  0.0,  0.0, 0.0,   0.0,       ,      ,      ,        ,        ,        ,        ,        ,        ,        ,        ,      
rosehja01, 2009,     1, TOR , NHL , D  , 15.0,  1.0,   1.0,   2.0,  67.0, -2.0 ,  0.0,  0.0,  0.0,  0.0,  0.0,    ,   6.0,       ,      ,      ,        ,        ,        ,        ,        ,        ,        ,        ,      
roselbo01, 1975,     1, IND , WHA , L  ,  1.0,  0.0,   0.0,   0.0,   0.0, -1.0 ,  0.0,     ,  0.0,     ,  0.0,    ,   1.0,       ,      ,      ,        ,        ,        ,        ,        ,        ,        ,        ,      
roselo01 , 1922,     1, SAC , WCHL, D  , 20.0,  3.0,   2.0,   5.0,   7.0,      ,     ,     ,     ,     ,     ,    ,      ,       ,      ,      ,        ,        ,        ,        ,        ,        ,        ,        ,      
roselo01 , 1923,     1, SAC , WCHL, D  ,  2.0,  0.0,   0.0,   0.0,   0.0,      ,     ,     ,     ,     ,     ,    ,      ,       ,      ,      ,        ,        ,        ,        ,        ,        ,        ,        ,      
rossar01 , 1909,     1, HAI , NHA ,    , 12.0,  6.0,   0.0,   6.0,  25.0,      ,     ,     ,     ,     ,     ,    ,      ,       ,      ,      ,        ,        ,        ,        ,        ,        ,        ,        ,      
rossar01 , 1910,     1, MOW , NHA ,    , 11.0,  4.0,   0.0,   4.0,  23.0,      ,     ,     ,     ,     ,     ,    ,      ,       ,      ,      ,        ,        ,        ,        ,        ,        ,        ,        ,      
rossar01 , 1911,     1, MOW , NHA ,    , 18.0, 16.0,   0.0,  16.0,  35.0,      ,     ,     ,     ,     ,     ,    ,      ,       ,      ,      ,        ,        ,        ,        ,        ,        ,        ,        ,      
rossar01 , 1912,     1, MOW , NHA ,    , 19.0, 11.0,   0.0,  11.0,  58.0,      ,     ,     ,     ,     ,     ,    ,      ,       ,      ,      ,        ,        ,        ,        ,        ,        ,        ,        ,      
rossar01 , 1913,     1, MOW , NHA ,    , 18.0,  4.0,   5.0,   9.0,  74.0,      ,     ,     ,     ,     ,     ,    ,      ,       ,      ,      ,        ,        ,        ,        ,        ,        ,        ,        ,      
rossar01 , 1914,     1, OT1 , NHA ,    , 16.0,  3.0,   1.0,   4.0,  55.0,      ,     ,     ,     ,     ,     ,    ,      ,    2.0,   1.0,      ,        ,        ,        ,        ,        ,        ,        ,        ,      
rossar01 , 1915,     1, OT1 , NHA ,    , 21.0,  8.0,   8.0,  16.0,  69.0,      ,     ,     ,     ,     ,     ,    ,      ,       ,      ,      ,        ,        ,        ,        ,        ,        ,        ,        ,      
rossar01 , 1916,     1, MOW , NHA ,    , 16.0,  6.0,   3.0,   9.0,  63.0,      ,     ,     ,     ,     ,     ,    ,      ,       ,      ,      ,        ,        ,        ,        ,        ,        ,        ,        ,      
rossar01 , 1917,     1, MTW , NHL , D  ,  3.0,  1.0,   0.0,   1.0,  12.0,      ,     ,     ,     ,     ,  0.0,    ,      ,       ,      ,      ,        ,        ,        ,        ,        ,        ,        ,        ,      
rossiky01, 2001,     1, FLO , NHL , D  ,  2.0,  0.0,   0.0,   0.0,   2.0, -1.0 ,  0.0,  0.0,  0.0,  0.0,  0.0, 0.0,   0.0,       ,      ,      ,        ,        ,        ,        ,        ,        ,        ,        ,      
rossiky01, 2002,     1, FLO , NHL , D  ,  3.0,  0.0,   0.0,   0.0,   0.0, -2.0 ,  0.0,  0.0,  0.0,  0.0,  0.0, 0.0,   0.0,       ,      ,      ,        ,        ,        ,        ,        ,        ,        ,        ,      
rossiky01, 2003,     1, FLO , NHL , D  ,  4.0,  0.0,   0.0,   0.0,   7.0, -1.0 ,  0.0,  0.0,  0.0,  0.0,  0.0, 0.0,   1.0,       ,      ,      ,        ,        ,        ,        ,        ,        ,        ,        ,      
rossiky01, 2003,     2, ATL , NHL , D  ,  2.0,  0.0,   1.0,   1.0,   0.0, 1.0  ,  0.0,  0.0,  0.0,  0.0,  0.0, 0.0,   0.0,       ,      ,      ,        ,        ,        ,        ,        ,        ,        ,        ,      
rossiro01, 1943,     1, DET , NHL , R  ,  1.0,  0.0,   1.0,   1.0,   0.0,      ,     ,     ,     ,     ,     ,    ,      ,       ,      ,      ,        ,        ,        ,        ,        ,        ,        ,        ,      
rossiro01, 1944,     1, MTL , NHL , R  ,  5.0,  2.0,   2.0,   4.0,   2.0,      ,     ,     ,     ,     ,     ,    ,      ,    1.0,   0.0,   0.0,     0.0,     2.0,        ,        ,        ,        ,        ,        ,      
rossiro01, 1945,     1, DET , NHL , R  ,  8.0,  1.0,   2.0,   3.0,   4.0,      ,     ,     ,     ,     ,     ,    ,      ,       ,      ,      ,        ,        ,        ,        ,        ,        ,        ,        ,      
rossja01 , 2008,     1, PHI , NHL , C  , 10.0,  0.0,   0.0,   0.0,   2.0, -4.0 ,  0.0,  0.0,  0.0,  0.0,  0.0,    ,  12.0,    6.0,   1.0,   0.0,     1.0,     0.0, 0.0    ,     0.0,     0.0,     0.0,     0.0,     0.0,     3.0
rossja01 , 2009,     1, PHI , NHL , C  ,  3.0,  0.0,   0.0,   0.0,   0.0, -1.0 ,  0.0,  0.0,  0.0,  0.0,  0.0,    ,   4.0,    3.0,   0.0,   0.0,     0.0,     0.0, 0.0    ,     0.0,     0.0,     0.0,     0.0,     0.0,     2.0
rossji01 , 1951,     1, NYR , NHL , D  , 51.0,  2.0,   9.0,  11.0,  25.0,      ,     ,     ,     ,     ,     ,    ,      ,       ,      ,      ,        ,        ,        ,        ,        ,        ,        ,        ,      
rossji01 , 1952,     1, NYR , NHL , D  , 11.0,  0.0,   2.0,   2.0,   4.0,      ,     ,     ,     ,     ,     ,    ,      ,       ,      ,      ,        ,        ,        ,        ,        ,        ,        ,        ,      
rotada01 , 1973,     1, CHI , NHL , L  , 74.0, 21.0,  12.0,  33.0,  58.0, 16.0 ,  6.0,     ,  0.0,     ,  3.0, 0.0, 120.0,   11.0,   3.0,   0.0,     3.0,    11.0,        ,     0.0,        ,     0.0,        ,     0.0,      
rotada01 , 1974,     1, CHI , NHL , L  , 78.0, 22.0,  22.0,  44.0,  93.0, 1.0  ,  5.0,     ,  0.0,     ,  2.0, 1.0, 158.0,    7.0,   0.0,   1.0,     1.0,    24.0,        ,     0.0,        ,     0.0,        ,     0.0,      
rotada01 , 1975,     1, CHI , NHL , L  , 79.0, 20.0,  17.0,  37.0,  73.0, -8.0 ,  4.0,     ,  0.0,     ,  2.0, 0.0, 201.0,    4.0,   1.0,   0.0,     1.0,     2.0,        ,     1.0,        ,     0.0,        ,     0.0,      
rotada01 , 1976,     1, CHI , NHL , L  , 76.0, 24.0,  22.0,  46.0,  82.0, -7.0 ,  4.0,     ,  0.0,     ,  3.0, 0.0, 148.0,    2.0,   0.0,   0.0,     0.0,     0.0,        ,     0.0,        ,     0.0,        ,     0.0,      
rotada01 , 1977,     1, CHI , NHL , L  , 78.0, 17.0,  20.0,  37.0,  67.0, 5.0  ,  3.0,     ,  0.0,     ,  1.0, 1.0, 107.0,    4.0,   0.0,   0.0,     0.0,     2.0,        ,     0.0,        ,     0.0,        ,     0.0,      
rotada01 , 1978,     1, CHI , NHL , L  , 63.0, 13.0,  17.0,  30.0,  77.0, -10.0,  1.0,     ,  0.0,     ,  1.0, 0.0, 116.0,       ,      ,      ,        ,        ,        ,        ,        ,        ,        ,        ,      
rotada01 , 1978,     2, ATF , NHL , R  , 13.0,  9.0,   5.0,  14.0,  21.0, 3.0  ,  0.0,     ,  0.0,     ,  0.0, 0.0,  27.0,    2.0,   0.0,   1.0,     1.0,    26.0,        ,     0.0,        ,     0.0,        ,     0.0,      
rotada01 , 1979,     1, ATF , NHL , R  , 44.0, 10.0,   8.0,  18.0,  49.0, 3.0  ,  0.0,     ,  0.0,     ,  1.0, 0.0,  70.0,       ,      ,      ,        ,        ,        ,        ,        ,        ,        ,        ,      
rotada01 , 1979,     2, VAN , NHL , R  , 26.0,  5.0,   6.0,  11.0,  29.0, -9.0 ,  0.0,     ,  0.0,     ,  2.0, 0.0,  53.0,    4.0,   2.0,   0.0,     2.0,     8.0,        ,     0.0,        ,     0.0,        ,     0.0,      
rotada01 , 1980,     1, VAN , NHL , L  , 80.0, 25.0,  31.0,  56.0, 124.0, 10.0 ,  7.0,     ,  0.0,     ,  5.0, 1.0, 178.0,    3.0,   2.0,   1.0,     3.0,    14.0,        ,     1.0,        ,     0.0,        ,     0.0,      
rotada01 , 1981,     1, VAN , NHL , L  , 51.0, 20.0,  20.0,  40.0, 139.0, 6.0  ,  2.0,     ,  0.0,     ,  0.0, 1.0,  80.0,   17.0,   6.0,   3.0,     9.0,    54.0,        ,     2.0,        ,     0.0,        ,     1.0,      
rotada01 , 1982,     1, VAN , NHL , L  , 73.0, 42.0,  39.0,  81.0,  88.0, 13.0 ,  9.0,     ,  0.0,     ,  5.0, 2.0, 173.0,    3.0,   0.0,   0.0,     0.0,     6.0,        ,     0.0,        ,     0.0,        ,     0.0,      
rotada01 , 1983,     1, VAN , NHL , L  , 59.0, 28.0,  20.0,  48.0,  73.0, -12.0,  6.0,     ,  0.0,     ,  0.0, 0.0, 127.0,    3.0,   0.0,   1.0,     1.0,     0.0, 1.0    ,     0.0,        ,     0.0,        ,     0.0,     4.0
rotara01 , 1972,     1, MTL , NHL , L  ,  2.0,  1.0,   1.0,   2.0,   0.0, 2.0  ,  0.0,     ,  0.0,     ,  1.0, 0.0,   4.0,       ,      ,      ,        ,        ,        ,        ,        ,        ,        ,        ,      
rotara01 , 1973,     1, LAK , NHL , L  , 58.0, 10.0,   6.0,  16.0,  16.0, -8.0 ,  0.0,     ,  0.0,     ,  0.0, 0.0,  93.0,    5.0,   0.0,   1.0,     1.0,     0.0,        ,     0.0,        ,     0.0,        ,     0.0,      
rotara01 , 1974,     1, KCS , NHL , L  , 80.0, 15.0,  18.0,  33.0,  30.0, -39.0,  3.0,     ,  0.0,     ,  0.0, 2.0, 182.0,       ,      ,      ,        ,        ,        ,        ,        ,        ,        ,        ,      
rotara01 , 1975,     1, KCS , NHL , L  , 71.0, 12.0,  14.0,  26.0,  14.0, -38.0,  2.0,     ,  0.0,     ,  1.0, 0.0, 146.0,       ,      ,      ,        ,        ,        ,        ,        ,        ,        ,        ,      
rotara01 , 1976,     1, COR , NHL , L  ,  1.0,  0.0,   0.0,   0.0,   0.0, 0.0  ,  0.0,     ,  0.0,     ,  0.0, 0.0,   0.0,       ,      ,      ,        ,        ,        ,        ,        ,        ,        ,        ,      
rotara01 , 1976,     2, EDO , WHA , L  , 40.0,  9.0,   6.0,  15.0,   8.0, -10.0,  1.0,     ,  0.0,     ,     ,    ,  80.0,    5.0,   3.0,   2.0,     5.0,     0.0, 2.0    ,        ,        ,        ,        ,     0.0,      
rotara01 , 1977,     1, EDO , WHA , L  , 53.0,  8.0,  22.0,  30.0,  12.0, 11.0 ,  0.0,     ,  0.0,     ,     ,    ,  93.0,    5.0,   1.0,   1.0,     2.0,     4.0, -1.0   ,        ,        ,        ,        ,     0.0,      
rothssa01, 1924,     1, MTM , NHL , F  , 28.0,  5.0,   4.0,   9.0,   5.0,      ,     ,     ,     ,     ,     ,    ,      ,       ,      ,      ,        ,        ,        ,        ,        ,        ,        ,        ,      
rothssa01, 1925,     1, MTM , NHL , F  , 33.0,  2.0,   1.0,   3.0,   8.0,      ,     ,     ,     ,     ,     ,    ,      ,    4.0,   0.0,   0.0,     0.0,     0.0,        ,        ,        ,        ,        ,        ,      
rothssa01, 1926,     1, MTM , NHL , F  , 22.0,  1.0,   1.0,   2.0,   8.0,      ,     ,     ,     ,     ,     ,    ,      ,    2.0,   0.0,   0.0,     0.0,     0.0,        ,        ,        ,        ,        ,        ,      
rothssa01, 1927,     1, PIP , NHL , D  , 12.0,  0.0,   0.0,   0.0,   0.0,      ,     ,     ,     ,     ,     ,    ,      ,       ,      ,      ,        ,        ,        ,        ,        ,        ,        ,        ,      
rothssa01, 1927,     2, NYA , NHL , D  ,  5.0,  0.0,   0.0,   0.0,   4.0,      ,     ,     ,     ,     ,     ,    ,      ,       ,      ,      ,        ,        ,        ,        ,        ,        ,        ,        ,      
roulemi01, 1972,     1, PHB , WHA , C  ,  6.0,  0.0,   1.0,   1.0,  15.0,      ,  0.0,     ,  0.0,     ,     ,    ,      ,       ,      ,      ,        ,        ,        ,        ,        ,        ,        ,        ,      
roulemi01, 1972,     2, QUN , WHA , C  , 52.0,  7.0,  14.0,  21.0, 142.0,      ,  0.0,     ,  1.0,     ,     ,    ,      ,       ,      ,      ,        ,        ,        ,        ,        ,        ,        ,        ,      
roulemi01, 1973,     1, QUN , WHA , C  ,  4.0,  0.0,   4.0,   4.0,   2.0,      ,  0.0,     ,  0.0,     ,  0.0,    ,      ,       ,      ,      ,        ,        ,        ,        ,        ,        ,        ,        ,      
roulemi01, 1974,     1, QUN , WHA , C  , 19.0,  1.0,   7.0,   8.0,  63.0,      ,     ,     ,     ,     ,     ,    ,  21.0,       ,      ,      ,        ,        ,        ,        ,        ,        ,        ,        ,      
roulemi01, 1974,     2, MIB , WHA , C  ,  7.0,  0.0,   3.0,   3.0,  25.0,      ,  0.0,     ,  0.0,     ,  0.0,    ,  14.0,       ,      ,      ,        ,        ,        ,        ,        ,        ,        ,        ,      
roulemi01, 1974,     3, SDM , WHA , C  , 27.0,  5.0,   6.0,  11.0,  42.0, 1.0  ,  0.0,     ,  0.0,     ,     ,    ,  42.0,    3.0,   0.0,   0.0,     0.0,     4.0,        ,     0.0,        ,     0.0,        ,     0.0,      
roulsro01, 1935,     1, DET , NHL , D  ,  1.0,  0.0,   0.0,   0.0,   0.0,      ,     ,     ,     ,     ,     ,    ,      ,       ,      ,      ,        ,        ,        ,        ,        ,        ,        ,        ,      
roulsro01, 1936,     1, DET , NHL , D  , 21.0,  0.0,   5.0,   5.0,  10.0,      ,     ,     ,     ,     ,     ,    ,      ,       ,      ,      ,        ,        ,        ,        ,        ,        ,        ,        ,      
roulsro01, 1937,     1, DET , NHL , D  ,  2.0,  0.0,   1.0,   1.0,   0.0,      ,     ,     ,     ,     ,     ,    ,      ,       ,      ,      ,        ,        ,        ,        ,        ,        ,        ,        ,      
roulsto01, 1980,     1, EDM , NHL , C  , 11.0,  1.0,   1.0,   2.0,   2.0, -3.0 ,  0.0,     ,  0.0,     ,  0.0, 0.0,   9.0,       ,      ,      ,        ,        ,        ,        ,        ,        ,        ,        ,      
roulsto01, 1981,     1, EDM , NHL , R  , 35.0, 11.0,   3.0,  14.0,  22.0, -6.0 ,  0.0,     ,  1.0,     ,  0.0, 0.0,  54.0,    5.0,   1.0,   0.0,     1.0,     2.0,        ,     0.0,        ,     0.0,        ,     0.0,      
roulsto01, 1982,     1, EDM , NHL , C  , 67.0, 19.0,  21.0,  40.0,  24.0, 29.0 ,  2.0,     ,  0.0,     ,  2.0, 0.0, 107.0,   16.0,   1.0,   2.0,     3.0,     0.0,        ,     0.0,        ,     0.0,        ,     0.0,      
roulsto01, 1983,     1, EDM , NHL , C  , 24.0,  5.0,   7.0,  12.0,  16.0, 0.0  ,  1.0,     ,  0.0,     ,  0.0, 0.0,  38.0,       ,      ,      ,        ,        ,        ,        ,        ,        ,        ,        ,      
roulsto01, 1983,     2, PIT , NHL , R  , 53.0, 11.0,  17.0,  28.0,   8.0, -31.0,  3.0,     ,  0.0,     ,  0.0, 0.0, 110.0,       ,      ,      ,        ,        ,        ,        ,        ,        ,        ,        ,      
roulsto01, 1985,     1, PIT , NHL , R  ,  5.0,  0.0,   0.0,   0.0,   2.0, -2.0 ,  0.0,     ,  0.0,     ,  0.0, 0.0,   6.0,       ,      ,      ,        ,        ,        ,        ,        ,        ,        ,        ,      
roupema01, 1987,     1, PHI , NHL , L  , 33.0,  2.0,   4.0,   6.0,  32.0, -6.0 ,  1.0,  1.0,  0.0,  0.0,  0.0, 0.0,  37.0,       ,      ,      ,        ,        ,        ,        ,        ,        ,        ,        ,      
roupema01, 1988,     1, PHI , NHL , L  ,  7.0,  1.0,   1.0,   2.0,  10.0, 1.0  ,  0.0,  0.0,  0.0,  0.0,  0.0, 0.0,  15.0,       ,      ,      ,        ,        ,        ,        ,        ,        ,        ,        ,      
rourkal01, 2003,     1, CAR , NHL , D  , 25.0,  1.0,   2.0,   3.0,  22.0, 4.0  ,  0.0,  1.0,  0.0,  0.0,  0.0, 0.0,  24.0,       ,      ,      ,        ,        ,        ,        ,        ,        ,        ,        ,      
rourkal01, 2005,     1, NYI , NHL , D  ,  6.0,  0.0,   1.0,   1.0,   0.0, 1.0  ,  0.0,  0.0,  0.0,  0.0,  0.0,    ,   2.0,       ,      ,      ,        ,        ,        ,        ,        ,        ,        ,        ,      
rourkal01, 2006,     1, NYI , NHL , D  , 11.0,  0.0,   1.0,   1.0,   4.0, 0.0  ,  0.0,  0.0,  0.0,  0.0,  0.0,    ,   1.0,       ,      ,      ,        ,        ,        ,        ,        ,        ,        ,        ,      
rourkal01, 2007,     1, EDM , NHL , D  , 13.0,  0.0,   0.0,   0.0,   5.0, -1.0 ,  0.0,  0.0,  0.0,  0.0,  0.0,    ,   4.0,       ,      ,      ,        ,        ,        ,        ,        ,        ,        ,        ,      
rousebo01, 1983,     1, MNS , NHL , D  ,  1.0,  0.0,   0.0,   0.0,   0.0, 0.0  ,  0.0,     ,  0.0,     ,  0.0, 0.0,   0.0,       ,      ,      ,        ,        ,        ,        ,        ,        ,        ,        ,      
rousebo01, 1984,     1, MNS , NHL , D  , 63.0,  2.0,   9.0,  11.0, 113.0, -14.0,  0.0,     ,  0.0,     ,  0.0, 0.0,  80.0,       ,      ,      ,        ,        ,        ,        ,        ,        ,        ,        ,      
rousebo01, 1985,     1, MNS , NHL , D  , 75.0,  1.0,  14.0,  15.0, 151.0, 15.0 ,  0.0,     ,  0.0,     ,  1.0, 0.0,  91.0,    3.0,   0.0,   0.0,     0.0,     2.0, 1.0    ,     0.0,        ,     0.0,        ,     0.0,     3.0
rousebo01, 1986,     1, MNS , NHL , D  , 72.0,  2.0,  10.0,  12.0, 179.0, 6.0  ,  0.0,     ,  0.0,     ,  0.0, 0.0,  71.0,       ,      ,      ,        ,        ,        ,        ,        ,        ,        ,        ,      
rousebo01, 1987,     1, MNS , NHL , D  , 74.0,  0.0,  12.0,  12.0, 168.0, -30.0,  0.0,  0.0,  0.0,  1.0,  0.0, 0.0,  62.0,       ,      ,      ,        ,        ,        ,        ,        ,        ,        ,        ,      
rousebo01, 1988,     1, MNS , NHL , D  , 66.0,  4.0,  13.0,  17.0, 124.0, -5.0 ,  0.0,  0.0,  1.0,     ,  0.0, 0.0,  66.0,       ,      ,      ,        ,        ,        ,        ,        ,        ,        ,        ,      
rousebo01, 1988,     2, WAS , NHL , D  , 13.0,  0.0,   2.0,   2.0,  36.0, 2.0  ,  0.0,  0.0,  0.0,     ,  0.0, 0.0,  19.0,    6.0,   2.0,   0.0,     2.0,     4.0, 3.0    ,     0.0,     0.0,     0.0,     0.0,     0.0,     9.0
rousebo01, 1989,     1, WAS , NHL , D  , 70.0,  4.0,  16.0,  20.0, 123.0, -2.0 ,  0.0,  6.0,  0.0,  0.0,  2.0, 0.0,  72.0,   15.0,   2.0,   3.0,     5.0,    47.0, -4.0   ,     1.0,     1.0,     0.0,     1.0,     0.0,    18.0
rousebo01, 1990,     1, WAS , NHL , D  , 47.0,  5.0,  15.0,  20.0,  65.0, -7.0 ,  1.0,  2.0,  0.0,  0.0,  0.0, 0.0,  50.0,       ,      ,      ,        ,        ,        ,        ,        ,        ,        ,        ,      
rousebo01, 1990,     2, TOR , NHL , D  , 13.0,  2.0,   4.0,   6.0,  10.0, -11.0,  1.0,  2.0,  0.0,  0.0,  0.0, 0.0,  15.0,       ,      ,      ,        ,        ,        ,        ,        ,        ,        ,        ,      
rousebo01, 1991,     1, TOR , NHL , D  , 79.0,  3.0,  19.0,  22.0,  97.0, -20.0,  1.0,  4.0,  0.0,  0.0,  0.0, 0.0, 115.0,       ,      ,      ,        ,        ,        ,        ,        ,        ,        ,        ,      
rousebo01, 1992,     1, TOR , NHL , D  , 82.0,  3.0,  11.0,  14.0, 130.0, 7.0  ,  0.0,  1.0,  1.0,  1.0,  1.0, 0.0,  78.0,   21.0,   3.0,   8.0,    11.0,    29.0, 3.0    ,     1.0,     1.0,     0.0,     0.0,     1.0,    33.0
rousebo01, 1993,     1, TOR , NHL , D  , 63.0,  5.0,  11.0,  16.0, 101.0, 8.0  ,  1.0,  1.0,  1.0,  2.0,  0.0, 0.0,  77.0,   18.0,   0.0,   3.0,     3.0,    29.0, -4.0   ,     0.0,     0.0,     0.0,     1.0,     0.0,    30.0
rousebo01, 1994,     1, DET , NHL , D  , 48.0,  1.0,   7.0,   8.0,  36.0, 14.0 ,  0.0,  1.0,  0.0,  0.0,  1.0, 0.0,  51.0,   18.0,   0.0,   3.0,     3.0,     8.0, 2.0    ,     0.0,     1.0,     0.0,     0.0,     0.0,    16.0
rousebo01, 1995,     1, DET , NHL , D  , 58.0,  0.0,   6.0,   6.0,  48.0, 5.0  ,  0.0,  0.0,  0.0,  0.0,  0.0, 0.0,  49.0,    7.0,   0.0,   1.0,     1.0,     4.0, 4.0    ,     0.0,     0.0,     0.0,     0.0,     0.0,    11.0
rousebo01, 1996,     1, DET , NHL , D  , 70.0,  4.0,   9.0,  13.0,  58.0, 8.0  ,  0.0,  0.0,  2.0,  1.0,  0.0, 0.0,  70.0,   20.0,   0.0,   0.0,     0.0,    55.0, 8.0    ,     0.0,     0.0,     0.0,     0.0,     0.0,    14.0
rousebo01, 1997,     1, DET , NHL , D  , 71.0,  1.0,  11.0,  12.0,  57.0, -9.0 ,  0.0,  0.0,  0.0,  0.0,  0.0, 0.0,  54.0,   22.0,   0.0,   3.0,     3.0,    16.0, 2.0    ,     0.0,     0.0,     0.0,     0.0,     0.0,    22.0
rousebo01, 1998,     1, SJS , NHL , D  , 70.0,  0.0,  11.0,  11.0,  44.0, 0.0  ,  0.0,  2.0,  0.0,  0.0,  0.0, 0.0,  75.0,    6.0,   0.0,   0.0,     0.0,     6.0, -1.0   ,     0.0,     0.0,     0.0,     0.0,     0.0,     4.0
rousebo01, 1999,     1, SJS , NHL , D  , 26.0,  0.0,   1.0,   1.0,  19.0, -3.0 ,  0.0,  0.0,  0.0,  1.0,  0.0, 0.0,  20.0,       ,      ,      ,        ,        ,        ,        ,        ,        ,        ,        ,      
roussbo01, 1960,     1, MTL , NHL , R  , 15.0,  1.0,   2.0,   3.0,   4.0,      ,     ,     ,     ,     ,     ,    ,      ,       ,      ,      ,        ,        ,        ,        ,        ,        ,        ,        ,      
roussbo01, 1961,     1, MTL , NHL , R  , 70.0, 21.0,  24.0,  45.0,  26.0,      ,     ,     ,     ,     ,     ,    ,      ,    6.0,   0.0,   2.0,     2.0,     0.0,        ,        ,        ,        ,        ,     0.0,      
roussbo01, 1962,     1, MTL , NHL , R  , 62.0, 19.0,  18.0,  37.0,  15.0,      ,     ,     ,     ,     ,     ,    ,      ,    5.0,   0.0,   1.0,     1.0,     2.0,        ,        ,        ,        ,        ,     0.0,      
roussbo01, 1963,     1, MTL , NHL , R  , 70.0, 25.0,  31.0,  56.0,  32.0,      ,  2.0,     ,  0.0,     ,  7.0, 1.0,      ,    7.0,   1.0,   1.0,     2.0,     2.0,        ,        ,        ,        ,        ,     1.0,      
roussbo01, 1964,     1, MTL , NHL , R/C, 66.0, 12.0,  35.0,  47.0,  26.0,      ,  5.0,     ,  1.0,     ,  2.0, 0.0,      ,   13.0,   5.0,   8.0,    13.0,    24.0,        ,        ,        ,        ,        ,     2.0,      
roussbo01, 1965,     1, MTL , NHL , R  , 70.0, 30.0,  48.0,  78.0,  20.0,      , 10.0,     ,  0.0,     ,  4.0, 2.0,      ,   10.0,   4.0,   4.0,     8.0,     6.0,        ,        ,        ,        ,        ,     0.0,      
roussbo01, 1966,     1, MTL , NHL , R  , 68.0, 19.0,  44.0,  63.0,  58.0,      ,  5.0,     ,  0.0,     ,  2.0, 2.0,      ,   10.0,   1.0,   7.0,     8.0,     4.0,        ,        ,        ,        ,        ,     1.0,      
roussbo01, 1967,     1, MTL , NHL , R  , 74.0, 19.0,  46.0,  65.0,  47.0, 12.0 ,  7.0,     ,  1.0,     ,  5.0, 0.0, 183.0,   13.0,   2.0,   4.0,     6.0,     8.0,        ,     0.0,        ,     0.0,        ,     1.0,      
roussbo01, 1968,     1, MTL , NHL , R  , 76.0, 30.0,  40.0,  70.0,  59.0, 27.0 ,  3.0,     ,  0.0,     ,  8.0, 2.0, 278.0,   14.0,   3.0,   2.0,     5.0,     8.0,        ,     0.0,        ,     1.0,        ,     2.0,      
roussbo01, 1969,     1, MTL , NHL , R  , 72.0, 24.0,  34.0,  58.0,  30.0, 3.0  ,  5.0,     ,  2.0,     ,  4.0, 1.0, 228.0,       ,      ,      ,        ,        ,        ,        ,        ,        ,        ,        ,      
roussbo01, 1970,     1, MNS , NHL , R  , 63.0,  4.0,  20.0,  24.0,  12.0, 3.0  ,  0.0,     ,  0.0,     ,  0.0, 1.0, 122.0,   12.0,   2.0,   6.0,     8.0,     0.0,        ,     1.0,        ,     0.0,        ,     1.0,      
roussbo01, 1971,     1, NYR , NHL , C  , 78.0, 21.0,  36.0,  57.0,  12.0, 8.0  ,  4.0,     ,  1.0,     ,  6.0, 1.0, 180.0,   16.0,   6.0,  11.0,    17.0,     7.0,        ,     0.0,        ,     0.0,        ,     1.0,      
roussbo01, 1972,     1, NYR , NHL , R  , 78.0,  8.0,  37.0,  45.0,  14.0, 1.0  ,  2.0,     ,  0.0,     ,  3.0, 0.0, 150.0,   10.0,   2.0,   3.0,     5.0,     4.0,        ,     0.0,        ,     0.0,        ,     0.0,      
roussbo01, 1973,     1, NYR , NHL , R/C, 72.0, 10.0,  41.0,  51.0,   4.0, 2.0  ,  6.0,     ,  0.0,     ,  0.0, 0.0,  87.0,   12.0,   1.0,   8.0,     9.0,     4.0,        ,     1.0,        ,     0.0,        ,     0.0,      
roussbo01, 1974,     1, NYR , NHL , R  ,  8.0,  2.0,   2.0,   4.0,   0.0, -2.0 ,  2.0,     ,  0.0,     ,  1.0, 0.0,   9.0,       ,      ,      ,        ,        ,        ,        ,        ,        ,        ,        ,      
roussdo01, 1991,     1, PHI , NHL , G  , 17.0,  0.0,   1.0,   1.0,   2.0, 0.0  ,  0.0,  1.0,  0.0,  0.0,  0.0, 0.0,   0.0,       ,      ,      ,        ,        ,        ,        ,        ,        ,        ,        ,      
roussdo01, 1992,     1, PHI , NHL , G  , 34.0,  0.0,   2.0,   2.0,  11.0, 0.0  ,  0.0,  0.0,  0.0,  0.0,  0.0, 0.0,   0.0,       ,      ,      ,        ,        ,        ,        ,        ,        ,        ,        ,      
roussdo01, 1993,     1, PHI , NHL , G  , 60.0,  0.0,   1.0,   1.0,   4.0, 0.0  ,  0.0,  0.0,  0.0,  0.0,  0.0, 0.0,   0.0,       ,      ,      ,        ,        ,        ,        ,        ,        ,        ,        ,      
roussdo01, 1994,     1, PHI , NHL , G  , 19.0,  0.0,   0.0,   0.0,   6.0, 0.0  ,  0.0,  0.0,  0.0,  0.0,  0.0, 0.0,   0.0,    1.0,   0.0,   0.0,     0.0,     0.0, 0.0    ,     0.0,     0.0,     0.0,     0.0,     0.0,     0.0
roussdo01, 1995,     1, PHI , NHL , G  ,  9.0,  0.0,   0.0,   0.0,   0.0, 0.0  ,  0.0,  0.0,  0.0,  0.0,  0.0, 0.0,   0.0,       ,      ,      ,        ,        ,        ,        ,        ,        ,        ,        ,      
roussdo01, 1995,     2, WIN , NHL , G  ,  7.0,  0.0,   0.0,   0.0,   2.0, 0.0  ,  0.0,  0.0,  0.0,  0.0,  0.0, 0.0,   0.0,       ,      ,      ,        ,        ,        ,        ,        ,        ,        ,        ,      
roussdo01, 1998,     1, ANA , NHL , G  , 18.0,  0.0,   0.0,   0.0,   0.0, 0.0  ,  0.0,  0.0,  0.0,  0.0,  0.0, 0.0,   0.0,       ,      ,      ,        ,        ,        ,        ,        ,        ,        ,        ,      
roussdo01, 1999,     1, ANA , NHL , G  , 20.0,  0.0,   0.0,   0.0,   6.0, 0.0  ,  0.0,  0.0,  0.0,  0.0,  0.0, 0.0,   0.0,       ,      ,      ,        ,        ,        ,        ,        ,        ,        ,        ,      
roussdo01, 2000,     1, ANA , NHL , G  , 13.0,  0.0,   0.0,   0.0,   0.0, 0.0  ,  0.0,  0.0,  0.0,  0.0,  0.0, 0.0,   0.0,       ,      ,      ,        ,        ,        ,        ,        ,        ,        ,        ,      
roussdo01, 2000,     2, EDM , NHL , G  ,  8.0,  0.0,   0.0,   0.0,   2.0, 0.0  ,  0.0,  0.0,  0.0,  0.0,  0.0, 0.0,   0.0,       ,      ,      ,        ,        ,        ,        ,        ,        ,        ,        ,      
roussdu01, 1972,     1, WIJ , WHA , L  , 75.0, 16.0,  17.0,  33.0,  75.0,      ,  2.0,     ,  0.0,     ,     ,    ,      ,   14.0,   3.0,   2.0,     5.0,     2.0,        ,     0.0,        ,     0.0,        ,     1.0,      
roussdu01, 1973,     1, WIJ , WHA , L  , 60.0, 10.0,   8.0,  18.0,  39.0,      ,  0.0,     ,  0.0,     ,  1.0,    ,      ,    4.0,   0.0,   0.0,     0.0,     0.0,        ,        ,        ,        ,        ,     0.0,      
roussgu01, 1954,     1, MTL , NHL , L  ,  2.0,  0.0,   1.0,   1.0,   0.0,      ,     ,     ,     ,     ,     ,    ,      ,       ,      ,      ,        ,        ,        ,        ,        ,        ,        ,        ,      
roussgu01, 1956,     1, MTL , NHL , L  ,  2.0,  0.0,   0.0,   0.0,   0.0,      ,     ,     ,     ,     ,     ,    ,      ,       ,      ,      ,        ,        ,        ,        ,        ,        ,        ,        ,      
roussro01, 1952,     1, MTL , NHL , D  ,  2.0,  0.0,   0.0,   0.0,   0.0,      ,     ,     ,     ,     ,     ,    ,      ,       ,      ,      ,        ,        ,        ,        ,        ,        ,        ,        ,      
routhje01, 1989,     1, QUE , NHL , R  ,  8.0,  0.0,   0.0,   0.0,   9.0, -3.0 ,  0.0,  0.0,  0.0,  0.0,  0.0, 0.0,   8.0,       ,      ,      ,        ,        ,        ,        ,        ,        ,        ,        ,      
rowebo01 , 1909,     1, REN , NHA ,    ,  9.0, 11.0,   0.0,  11.0,  38.0,      ,     ,     ,     ,     ,     ,    ,      ,       ,      ,      ,        ,        ,        ,        ,        ,        ,        ,        ,      
rowebo01 , 1910,     1, REN , NHA ,    , 16.0, 11.0,   0.0,  11.0,  82.0,      ,     ,     ,     ,     ,     ,    ,      ,       ,      ,      ,        ,        ,        ,        ,        ,        ,        ,        ,      
rowebo01 , 1911,     1, VA1 , PCHA, D  , 16.0, 10.0,   0.0,  10.0,  49.0,      ,     ,     ,     ,     ,     ,    ,      ,       ,      ,      ,        ,        ,        ,        ,        ,        ,        ,        ,      
rowebo01 , 1912,     1, VA1 , PCHA, D  , 15.0,  7.0,   7.0,  14.0,  38.0,      ,     ,     ,     ,     ,     ,    ,      ,       ,      ,      ,        ,        ,        ,        ,        ,        ,        ,        ,      
rowebo01 , 1913,     1, VA1 , PCHA, D  , 13.0,  8.0,   7.0,  15.0,  11.0,      ,     ,     ,     ,     ,     ,    ,      ,       ,      ,      ,        ,        ,        ,        ,        ,        ,        ,        ,      
rowebo01 , 1914,     1, VA1 , PCHA, D  , 13.0,  6.0,   1.0,   7.0,  16.0,      ,     ,     ,     ,     ,     ,    ,      ,       ,      ,      ,        ,        ,        ,        ,        ,        ,        ,        ,      
rowebo01 , 1915,     1, SEA , PCHA, D  , 17.0,  3.0,   5.0,   8.0,  25.0,      ,     ,     ,     ,     ,     ,    ,      ,       ,      ,      ,        ,        ,        ,        ,        ,        ,        ,        ,      
rowebo01 , 1916,     1, SEA , PCHA, D  , 24.0,  9.0,  11.0,  20.0,  39.0,      ,     ,     ,     ,     ,     ,    ,      ,       ,      ,      ,        ,        ,        ,        ,        ,        ,        ,        ,      
rowebo01 , 1917,     1, SEA , PCHA, D  , 17.0,  3.0,   2.0,   5.0,  34.0,      ,     ,     ,     ,     ,     ,    ,      ,       ,      ,      ,        ,        ,        ,        ,        ,        ,        ,        ,      
rowebo01 , 1918,     1, SEA , PCHA, D  , 20.0,  6.0,   6.0,  12.0,  19.0,      ,     ,     ,     ,     ,     ,    ,      ,    2.0,   0.0,   1.0,     1.0,     0.0,        ,        ,        ,        ,        ,        ,      
rowebo01 , 1919,     1, SEA , PCHA, D  , 22.0,  2.0,   4.0,   6.0,  19.0,      ,     ,     ,     ,     ,     ,    ,      ,    2.0,   0.0,   1.0,     1.0,     0.0,        ,        ,        ,        ,        ,        ,      
rowebo01 , 1920,     1, SEA , PCHA, D  , 23.0,  0.0,   2.0,   2.0,  26.0,      ,     ,     ,     ,     ,     ,    ,      ,    2.0,   0.0,   1.0,     1.0,     0.0,        ,        ,        ,        ,        ,        ,      
rowebo01 , 1921,     1, SEA , PCHA, D  , 24.0,  2.0,   1.0,   3.0,  34.0,      ,     ,     ,     ,     ,     ,    ,      ,    2.0,   0.0,   0.0,     0.0,     6.0,        ,        ,        ,        ,        ,        ,      
rowebo01 , 1922,     1, SEA , PCHA, D  , 30.0,  7.0,   3.0,  10.0,  51.0,      ,     ,     ,     ,     ,     ,    ,      ,       ,      ,      ,        ,        ,        ,        ,        ,        ,        ,        ,      
rowebo01 , 1923,     1, SEA , PCHA, D  , 23.0, 10.0,   2.0,  12.0,  24.0,      ,     ,     ,     ,     ,     ,    ,      ,    2.0,   0.0,   0.0,     0.0,     6.0,        ,        ,        ,        ,        ,        ,      
rowebo01 , 1924,     1, BOS , NHL , D  ,  4.0,  1.0,   0.0,   1.0,   0.0,      ,     ,     ,     ,     ,     ,    ,      ,       ,      ,      ,        ,        ,        ,        ,        ,        ,        ,        ,      
rowebo01 , 1925,     1, POR , WCHL, D  ,  2.0,  0.0,   0.0,   0.0,   0.0,      ,     ,     ,     ,     ,     ,    ,      ,       ,      ,      ,        ,        ,        ,        ,        ,        ,        ,        ,      
rowemi01 , 1984,     1, PIT , NHL , D  ,  6.0,  0.0,   0.0,   0.0,   7.0, -7.0 ,  0.0,     ,  0.0,     ,  0.0, 0.0,   6.0,       ,      ,      ,        ,        ,        ,        ,        ,        ,        ,        ,      
rowemi01 , 1985,     1, PIT , NHL , D  ,  3.0,  0.0,   0.0,   0.0,   4.0, -1.0 ,  0.0,     ,  0.0,     ,  0.0, 0.0,   5.0,       ,      ,      ,        ,        ,        ,        ,        ,        ,        ,        ,      
rowemi01 , 1986,     1, PIT , NHL , D  ,  2.0,  0.0,   0.0,   0.0,   0.0, -2.0 ,  0.0,     ,  0.0,     ,  0.0, 0.0,   1.0,       ,      ,      ,        ,        ,        ,        ,        ,        ,        ,        ,      
rowero01 , 1947,     1, NYR , NHL , L  ,  5.0,  1.0,   0.0,   1.0,   0.0,      ,     ,     ,     ,     ,     ,    ,      ,       ,      ,      ,        ,        ,        ,        ,        ,        ,        ,        ,      
roweto01 , 1976,     1, WAS , NHL , R  , 12.0,  1.0,   2.0,   3.0,   2.0, -6.0 ,  0.0,     ,  0.0,     ,  0.0, 0.0,  22.0,       ,      ,      ,        ,        ,        ,        ,        ,        ,        ,        ,      
roweto01 , 1977,     1, WAS , NHL , R  , 63.0, 13.0,   8.0,  21.0,  82.0, -18.0,  1.0,     ,  0.0,     ,  0.0, 2.0, 116.0,       ,      ,      ,        ,        ,        ,        ,        ,        ,        ,        ,      
roweto01 , 1978,     1, WAS , NHL , R  , 69.0, 31.0,  30.0,  61.0, 137.0, -6.0 ,  4.0,     ,  0.0,     ,  4.0, 0.0, 205.0,       ,      ,      ,        ,        ,        ,        ,        ,        ,        ,        ,      
roweto01 , 1979,     1, WAS , NHL , R  , 41.0, 10.0,  17.0,  27.0,  76.0, -9.0 ,  4.0,     ,  0.0,     ,  2.0, 0.0, 107.0,       ,      ,      ,        ,        ,        ,        ,        ,        ,        ,        ,      
roweto01 , 1979,     2, HAR , NHL , R  , 20.0,  6.0,   4.0,  10.0,  30.0, -3.0 ,  1.0,     ,  0.0,     ,  1.0, 0.0,  41.0,    3.0,   2.0,   0.0,     2.0,     0.0,        ,     0.0,        ,     0.0,        ,     0.0,      
roweto01 , 1980,     1, HAR , NHL , R  , 74.0, 13.0,  28.0,  41.0, 190.0, -10.0,  1.0,     ,  0.0,     ,  1.0, 0.0, 143.0,       ,      ,      ,        ,        ,        ,        ,        ,        ,        ,        ,      
roweto01 , 1981,     1, HAR , NHL , R  , 21.0,  4.0,   0.0,   4.0,  36.0, -11.0,  1.0,     ,  1.0,     ,  0.0, 0.0,  47.0,       ,      ,      ,        ,        ,        ,        ,        ,        ,        ,        ,      
roweto01 , 1981,     2, WAS , NHL , R  ,  6.0,  1.0,   1.0,   2.0,  18.0, 0.0  ,  0.0,     ,  0.0,     ,  0.0, 0.0,   9.0,       ,      ,      ,        ,        ,        ,        ,        ,        ,        ,        ,      
roweto01 , 1982,     1, DET , NHL , R  , 51.0,  6.0,  10.0,  16.0,  44.0, -17.0,  0.0,     ,  0.0,     ,  1.0, 0.0,  65.0,       ,      ,      ,        ,        ,        ,        ,        ,        ,        ,        ,      
roy01    , 1916,     1, MOW , NHA ,    ,  6.0,  2.0,   0.0,   2.0,   0.0,      ,     ,     ,     ,     ,     ,    ,      ,       ,      ,      ,        ,        ,        ,        ,        ,        ,        ,        ,      
roy01    , 1916,     2, MOC , NHA ,    ,     ,     ,      ,      ,      ,      ,     ,     ,     ,     ,     ,    ,      ,    1.0,   0.0,      ,        ,        ,        ,        ,        ,        ,        ,        ,      
royan01  , 1995,     1, BOS , NHL , L  ,  3.0,  0.0,   0.0,   0.0,   0.0, 0.0  ,  0.0,  0.0,  0.0,  0.0,  0.0, 0.0,   0.0,       ,      ,      ,        ,        ,        ,        ,        ,        ,        ,        ,      
royan01  , 1996,     1, BOS , NHL , L  , 10.0,  0.0,   2.0,   2.0,  12.0, -5.0 ,  0.0,  0.0,  0.0,  0.0,  0.0, 0.0,  12.0,       ,      ,      ,        ,        ,        ,        ,        ,        ,        ,        ,      
royan01  , 1999,     1, OTT , NHL , L  , 73.0,  4.0,   3.0,   7.0, 145.0, 3.0  ,  0.0,  0.0,  0.0,  0.0,  1.0, 0.0,  39.0,    5.0,   0.0,   0.0,     0.0,     2.0, 0.0    ,     0.0,     0.0,     0.0,     0.0,     0.0,     4.0
royan01  , 2000,     1, OTT , NHL , L  , 64.0,  3.0,   5.0,   8.0, 169.0, 1.0  ,  0.0,  0.0,  0.0,  0.0,  0.0, 0.0,  33.0,    2.0,   0.0,   0.0,     0.0,    16.0, 0.0    ,     0.0,     0.0,     0.0,     0.0,     0.0,     0.0
royan01  , 2001,     1, OTT , NHL , L  , 56.0,  6.0,   8.0,  14.0, 148.0, 3.0  ,  0.0,  0.0,  0.0,  0.0,  0.0, 0.0,  60.0,       ,      ,      ,        ,        ,        ,        ,        ,        ,        ,        ,      
royan01  , 2001,     2, TBL , NHL , L  ,  9.0,  1.0,   1.0,   2.0,  63.0, -5.0 ,  0.0,  0.0,  0.0,  0.0,  0.0, 0.0,   6.0,       ,      ,      ,        ,        ,        ,        ,        ,        ,        ,        ,      
royan01  , 2002,     1, TBL , NHL , L  , 62.0, 10.0,   7.0,  17.0, 119.0, 0.0  ,  0.0,  0.0,  0.0,  0.0,  2.0, 0.0,  85.0,    5.0,   0.0,   1.0,     1.0,     2.0, 0.0    ,     0.0,     0.0,     0.0,     0.0,     0.0,    11.0
royan01  , 2003,     1, TBL , NHL , R  , 33.0,  1.0,   1.0,   2.0,  78.0, -5.0 ,  0.0,  0.0,  0.0,  0.0,  0.0, 1.0,  24.0,   21.0,   1.0,   2.0,     3.0,    61.0, 3.0    ,     0.0,     0.0,     0.0,     0.0,     1.0,    11.0
royan01  , 2005,     1, PIT , NHL , L  , 42.0,  2.0,   1.0,   3.0, 116.0, -3.0 ,  0.0,  0.0,  0.0,  0.0,  1.0,    ,  11.0,       ,      ,      ,        ,        ,        ,        ,        ,        ,        ,        ,      
royan01  , 2006,     1, PIT , NHL , R  ,  5.0,  0.0,   0.0,   0.0,  12.0, -1.0 ,  0.0,  0.0,  0.0,  0.0,  0.0,    ,   1.0,       ,      ,      ,        ,        ,        ,        ,        ,        ,        ,        ,      
royan01  , 2006,     2, TBL , NHL , R  , 51.0,  1.0,   2.0,   3.0, 116.0, -3.0 ,  0.0,  0.0,  0.0,  0.0,  0.0,    ,  14.0,    6.0,   0.0,   0.0,     0.0,    17.0, 0.0    ,     0.0,     0.0,     0.0,     0.0,     0.0,     1.0
royan01  , 2007,     1, TBL , NHL , R  , 63.0,  4.0,   3.0,   7.0, 108.0, -1.0 ,  0.0,  0.0,  0.0,  0.0,  0.0,    ,  38.0,       ,      ,      ,        ,        ,        ,        ,        ,        ,        ,        ,      
royan01  , 2008,     1, CAL , NHL , L  , 44.0,  3.0,   0.0,   3.0,  83.0, -1.0 ,  0.0,  0.0,  0.0,  0.0,  1.0,    ,  26.0,    2.0,   0.0,   0.0,     0.0,     0.0, -1.0   ,     0.0,     0.0,     0.0,     0.0,     0.0,     0.0
royde01  , 2003,     1, BUF , NHL , C  , 49.0,  9.0,  10.0,  19.0,  12.0, -8.0 ,  1.0,  3.0,  0.0,  0.0,  4.0, 0.0,  71.0,       ,      ,      ,        ,        ,        ,        ,        ,        ,        ,        ,      
royde01  , 2005,     1, BUF , NHL , C  , 70.0, 18.0,  28.0,  46.0,  57.0, 1.0  ,  5.0, 10.0,  1.0,  0.0,  1.0,    , 151.0,   18.0,   5.0,  10.0,    15.0,    16.0, 7.0    ,     1.0,     3.0,     1.0,     1.0,     0.0,    33.0
royde01  , 2006,     1, BUF , NHL , C  , 75.0, 21.0,  42.0,  63.0,  60.0, 37.0 ,  6.0,  8.0,  1.0,  1.0,  3.0,    , 130.0,   16.0,   2.0,   5.0,     7.0,    14.0, 3.0    ,     0.0,     1.0,     0.0,     0.0,     0.0,    19.0
royde01  , 2007,     1, BUF , NHL , C  , 78.0, 32.0,  49.0,  81.0,  46.0, 13.0 ,  6.0, 17.0,  3.0,  2.0,  4.0,    , 218.0,       ,      ,      ,        ,        ,        ,        ,        ,        ,        ,        ,      
royde01  , 2008,     1, BUF , NHL , C  , 82.0, 28.0,  42.0,  70.0,  38.0, -5.0 ,  9.0, 21.0,  1.0,  0.0,  9.0,    , 221.0,       ,      ,      ,        ,        ,        ,        ,        ,        ,        ,        ,      
royde01  , 2009,     1, BUF , NHL , C  , 80.0, 26.0,  43.0,  69.0,  48.0, 9.0  , 10.0, 15.0,  1.0,  0.0,  6.0,    , 215.0,    6.0,   0.0,   2.0,     2.0,     4.0, 2.0    ,     0.0,     0.0,     0.0,     0.0,     0.0,    13.0
royerga01, 2001,     1, TBL , NHL , R  ,  3.0,  0.0,   0.0,   0.0,   2.0, -1.0 ,  0.0,  0.0,  0.0,  0.0,  0.0, 0.0,   0.0,       ,      ,      ,        ,        ,        ,        ,        ,        ,        ,        ,      
royerre01, 1998,     1, CHI , NHL , D  , 18.0,  0.0,   0.0,   0.0,  67.0, -10.0,  0.0,  0.0,  0.0,  0.0,  0.0, 0.0,  24.0,       ,      ,      ,        ,        ,        ,        ,        ,        ,        ,        ,      
royje01  , 1994,     1, NYR , NHL , R  ,  3.0,  1.0,   0.0,   1.0,   2.0, -1.0 ,  0.0,  0.0,  0.0,  0.0,  0.0, 0.0,   8.0,       ,      ,      ,        ,        ,        ,        ,        ,        ,        ,        ,      
royje01  , 1995,     1, OTT , NHL , R  ,  4.0,  1.0,   1.0,   2.0,   2.0, 3.0  ,  0.0,  0.0,  0.0,  0.0,  0.0, 0.0,   6.0,       ,      ,      ,        ,        ,        ,        ,        ,        ,        ,        ,      
royje01  , 1996,     1, BOS , NHL , L  , 52.0, 10.0,  15.0,  25.0,  22.0, -8.0 ,  2.0,  1.0,  0.0,  0.0,  1.0, 1.0, 100.0,       ,      ,      ,        ,        ,        ,        ,        ,        ,        ,        ,      
royje01  , 1997,     1, BOS , NHL , R  ,  2.0,  0.0,   0.0,   0.0,   0.0, 0.0  ,  0.0,  0.0,  0.0,  0.0,  0.0, 0.0,   1.0,       ,      ,      ,        ,        ,        ,        ,        ,        ,        ,        ,      
royma01  , 2005,     1, EDM , NHL , D  ,  1.0,  0.0,   0.0,   0.0,   0.0, -1.0 ,  0.0,  0.0,  0.0,  0.0,  0.0,    ,   0.0,       ,      ,      ,        ,        ,        ,        ,        ,        ,        ,        ,      
royma01  , 2006,     1, EDM , NHL , D  , 16.0,  2.0,   0.0,   2.0,  30.0, -7.0 ,  0.0,  0.0,  0.0,  0.0,  0.0,    ,  18.0,       ,      ,      ,        ,        ,        ,        ,        ,        ,        ,        ,      
royma01  , 2007,     1, EDM , NHL , D  , 13.0,  0.0,   1.0,   1.0,  27.0, 0.0  ,  0.0,  0.0,  0.0,  0.0,  0.0,    ,   8.0,       ,      ,      ,        ,        ,        ,        ,        ,        ,        ,        ,      
royma01  , 2009,     1, CBS , NHL , D  , 31.0,  0.0,  10.0,  10.0,  17.0, -2.0 ,  0.0,  0.0,  0.0,  2.0,  0.0,    ,  32.0,       ,      ,      ,        ,        ,        ,        ,        ,        ,        ,        ,      
roypa01  , 1984,     1, MTL , NHL , G  ,  1.0,  0.0,   0.0,   0.0,   0.0, 0.0  ,  0.0,     ,  0.0,     ,  0.0, 0.0,   0.0,       ,      ,      ,        ,        ,        ,        ,        ,        ,        ,        ,      
roypa01  , 1985,     1, MTL , NHL , G  , 47.0,  0.0,   3.0,   3.0,   4.0, 0.0  ,  0.0,     ,  0.0,     ,  0.0, 0.0,   0.0,   20.0,   0.0,   0.0,     0.0,    10.0, 0.0    ,     0.0,        ,     0.0,        ,     0.0,     0.0
roypa01  , 1986,     1, MTL , NHL , G  , 46.0,  0.0,   1.0,   1.0,   8.0, 0.0  ,  0.0,     ,  0.0,     ,  0.0, 0.0,   0.0,    6.0,   0.0,   0.0,     0.0,     0.0, 0.0    ,     0.0,        ,     0.0,        ,     0.0,     0.0
roypa01  , 1987,     1, MTL , NHL , G  , 45.0,  0.0,   2.0,   2.0,  14.0, 0.0  ,  0.0,     ,  0.0,     ,  0.0, 0.0,   0.0,    8.0,   0.0,   0.0,     0.0,     0.0, 0.0    ,     0.0,     0.0,     0.0,     0.0,     0.0,     0.0
roypa01  , 1988,     1, MTL , NHL , G  , 48.0,  0.0,   6.0,   6.0,   2.0, 0.0  ,  0.0,     ,  0.0,     ,  0.0, 0.0,   0.0,   19.0,   0.0,   2.0,     2.0,    16.0, 0.0    ,     0.0,        ,     0.0,        ,     0.0,     0.0
roypa01  , 1989,     1, MTL , NHL , G  , 54.0,  0.0,   5.0,   5.0,   0.0, 0.0  ,  0.0,     ,  0.0,     ,  0.0, 0.0,   0.0,   11.0,   0.0,   1.0,     1.0,     0.0, 0.0    ,     0.0,        ,     0.0,        ,     0.0,     0.0
roypa01  , 1990,     1, MTL , NHL , G  , 48.0,  0.0,   2.0,   2.0,   6.0, 0.0  ,  0.0,     ,  0.0,     ,  0.0, 0.0,   0.0,   13.0,   0.0,   0.0,     0.0,     2.0, 0.0    ,     0.0,     0.0,     0.0,     0.0,     0.0,     0.0
roypa01  , 1991,     1, MTL , NHL , G  , 67.0,  0.0,   5.0,   5.0,   4.0, 0.0  ,  0.0,  1.0,  0.0,  0.0,  0.0, 0.0,   0.0,   11.0,   0.0,   0.0,     0.0,     2.0, 0.0    ,     0.0,     0.0,     0.0,     0.0,     0.0,     0.0
roypa01  , 1992,     1, MTL , NHL , G  , 62.0,  0.0,   2.0,   2.0,  16.0, 0.0  ,  0.0,  0.0,  0.0,  0.0,  0.0, 0.0,   0.0,   20.0,   0.0,   1.0,     1.0,     4.0, 0.0    ,     0.0,        ,     0.0,        ,     0.0,     0.0
roypa01  , 1993,     1, MTL , NHL , G  , 68.0,  0.0,   1.0,   1.0,  30.0, 0.0  ,  0.0,  1.0,  0.0,  0.0,  0.0, 0.0,   0.0,    6.0,   0.0,   0.0,     0.0,     0.0, 0.0    ,     0.0,     0.0,     0.0,     0.0,     0.0,     0.0
roypa01  , 1994,     1, MTL , NHL , G  , 43.0,  0.0,   1.0,   1.0,  20.0, 0.0  ,  0.0,  0.0,  0.0,  0.0,  0.0, 0.0,   0.0,       ,      ,      ,        ,        ,        ,        ,        ,        ,        ,        ,      
roypa01  , 1995,     1, MTL , NHL , G  , 22.0,  0.0,   0.0,   0.0,   6.0, 0.0  ,  0.0,  0.0,  0.0,  0.0,  0.0, 0.0,   0.0,       ,      ,      ,        ,        ,        ,        ,        ,        ,        ,        ,      
roypa01  , 1995,     2, COL , NHL , G  , 39.0,  0.0,   0.0,   0.0,   4.0, 0.0  ,  0.0,  0.0,  0.0,  0.0,  0.0, 0.0,   0.0,   22.0,   0.0,   0.0,     0.0,     0.0, 0.0    ,     0.0,     0.0,     0.0,     0.0,     0.0,     0.0
roypa01  , 1996,     1, COL , NHL , G  , 62.0,  0.0,   1.0,   1.0,  15.0, 0.0  ,  0.0,  0.0,  0.0,  1.0,  0.0, 0.0,   1.0,   17.0,   0.0,   0.0,     0.0,    12.0, 0.0    ,     0.0,     0.0,     0.0,     0.0,     0.0,     0.0
roypa01  , 1997,     1, COL , NHL , G  , 65.0,  0.0,   3.0,   3.0,  39.0, 0.0  ,  0.0,  1.0,  0.0,  1.0,  0.0, 0.0,   1.0,    7.0,   0.0,   1.0,     1.0,     0.0, 0.0    ,     0.0,     0.0,     0.0,     1.0,     0.0,     0.0
roypa01  , 1998,     1, COL , NHL , G  , 61.0,  0.0,   2.0,   2.0,  28.0, 0.0  ,  0.0,  0.0,  0.0,  0.0,  0.0, 0.0,   0.0,   19.0,   0.0,   2.0,     2.0,     4.0, 0.0    ,     0.0,     0.0,     0.0,     0.0,     0.0,     0.0
roypa01  , 1999,     1, COL , NHL , G  , 63.0,  0.0,   3.0,   3.0,  10.0, 0.0  ,  0.0,  1.0,  0.0,  0.0,  0.0, 0.0,   1.0,   17.0,   0.0,   1.0,     1.0,     4.0, 0.0    ,     0.0,     1.0,     0.0,     0.0,     0.0,     0.0
roypa01  , 2000,     1, COL , NHL , G  , 62.0,  0.0,   5.0,   5.0,  10.0, 0.0  ,  0.0,  0.0,  0.0,  3.0,  0.0, 0.0,   0.0,   23.0,   0.0,   1.0,     1.0,     0.0, 0.0    ,     0.0,     1.0,     0.0,     0.0,     0.0,     0.0
roypa01  , 2001,     1, COL , NHL , G  , 63.0,  0.0,   3.0,   3.0,  26.0, 0.0  ,  0.0,  0.0,  0.0,  0.0,  0.0, 0.0,   0.0,   21.0,   0.0,   2.0,     2.0,     0.0, 0.0    ,     0.0,     0.0,     0.0,     0.0,     0.0,     0.0
roypa01  , 2002,     1, COL , NHL , G  , 63.0,  0.0,   0.0,   0.0,  20.0, 0.0  ,  0.0,  0.0,  0.0,  0.0,  0.0, 0.0,   0.0,    7.0,   0.0,   0.0,     0.0,     0.0, 0.0    ,     0.0,     0.0,     0.0,     0.0,     0.0,     0.0
roypi01  , 1972,     1, QUN , WHA , D  , 64.0,  7.0,  12.0,  19.0, 169.0,      ,  1.0,     ,  0.0,     ,     ,    ,      ,       ,      ,      ,        ,        ,        ,        ,        ,        ,        ,        ,      
roypi01  , 1973,     1, QUN , WHA , D  , 44.0,  2.0,   7.0,   9.0, 137.0,      ,  0.0,     ,  0.0,     ,  0.0,    ,      ,       ,      ,      ,        ,        ,        ,        ,        ,        ,        ,        ,      
roypi01  , 1974,     1, QUN , WHA , D  , 61.0,  1.0,  18.0,  19.0, 118.0, -3.0 ,  0.0,     ,  0.0,     ,     ,    ,  57.0,   15.0,   0.0,   9.0,     9.0,    40.0,        ,     0.0,        ,     0.0,        ,     0.0,      
roypi01  , 1975,     1, QUN , WHA , D  , 78.0,  6.0,  30.0,  36.0, 258.0, 12.0 ,  0.0,     ,  0.0,     ,  1.0,    , 100.0,    5.0,   1.0,   2.0,     3.0,    29.0, -1.0   ,        ,        ,        ,        ,        ,      
roypi01  , 1976,     1, QUN , WHA , D  , 29.0,  3.0,   5.0,   8.0,  50.0, 10.0 ,  0.0,     ,  0.0,     ,     ,    ,  35.0,       ,      ,      ,        ,        ,        ,        ,        ,        ,        ,        ,      
roypi01  , 1976,     2, CIN , WHA , D  , 39.0,  3.0,  12.0,  15.0, 126.0, 19.0 ,  0.0,     ,  0.0,     ,     ,    ,  65.0,    3.0,   0.0,   1.0,     1.0,     7.0, -3.0   ,     0.0,        ,     0.0,        ,     0.0,      
roypi01  , 1978,     1, NEW , WHA , D  ,  1.0,  0.0,   0.0,   0.0,   2.0, 0.0  ,  0.0,     ,  0.0,     ,     ,    ,   1.0,       ,      ,      ,        ,        ,        ,        ,        ,        ,        ,        ,      
royst01  , 1987,     1, MNS , NHL , C  , 12.0,  1.0,   0.0,   1.0,   0.0, -6.0 ,  0.0,  0.0,  0.0,  0.0,  0.0, 0.0,  14.0,       ,      ,      ,        ,        ,        ,        ,        ,        ,        ,        ,      
rozsimi01, 1999,     1, PIT , NHL , D  , 75.0,  4.0,  17.0,  21.0,  48.0, 11.0 ,  1.0,  0.0,  0.0,  0.0,  1.0, 0.0,  73.0,    2.0,   0.0,   0.0,     0.0,     4.0, 0.0    ,     0.0,     0.0,     0.0,     0.0,     0.0,     5.0
rozsimi01, 2000,     1, PIT , NHL , D  , 30.0,  1.0,   4.0,   5.0,  26.0, 3.0  ,  0.0,  1.0,  0.0,  0.0,  0.0, 0.0,  17.0,       ,      ,      ,        ,        ,        ,        ,        ,        ,        ,        ,      
rozsimi01, 2001,     1, PIT , NHL , D  , 79.0,  9.0,  20.0,  29.0,  47.0, -6.0 ,  4.0,  7.0,  0.0,  0.0,  4.0, 0.0,  89.0,       ,      ,      ,        ,        ,        ,        ,        ,        ,        ,        ,      
rozsimi01, 2002,     1, PIT , NHL , D  , 53.0,  4.0,   6.0,  10.0,  40.0, -5.0 ,  1.0,  3.0,  0.0,  0.0,  0.0, 0.0,  61.0,       ,      ,      ,        ,        ,        ,        ,        ,        ,        ,        ,      
rozsimi01, 2005,     1, NYR , NHL , D  , 82.0,  5.0,  25.0,  30.0,  90.0, 35.0 ,  3.0,  8.0,  0.0,  1.0,  3.0,    , 115.0,    4.0,   0.0,   1.0,     1.0,     8.0, -2.0   ,     0.0,     0.0,     0.0,     0.0,     0.0,     5.0
rozsimi01, 2006,     1, NYR , NHL , D  , 80.0, 10.0,  30.0,  40.0,  52.0, 10.0 ,  7.0, 13.0,  0.0,  2.0,  3.0,    , 104.0,   10.0,   3.0,   4.0,     7.0,    10.0, 6.0    ,     2.0,     4.0,     0.0,     0.0,     1.0,    18.0
rozsimi01, 2007,     1, NYR , NHL , D  , 80.0, 13.0,  25.0,  38.0,  80.0, 0.0  ,  6.0, 12.0,  2.0,  0.0,  0.0,    , 127.0,   10.0,   1.0,   5.0,     6.0,    10.0, 4.0    ,     0.0,     1.0,     0.0,     0.0,     0.0,    13.0
rozsimi01, 2008,     1, NYR , NHL , D  , 76.0,  8.0,  22.0,  30.0,  52.0, -7.0 ,  3.0, 11.0,  0.0,  2.0,  2.0,    , 120.0,    7.0,   0.0,   0.0,     0.0,     4.0, 0.0    ,     0.0,     0.0,     0.0,     0.0,     0.0,     5.0
rozsimi01, 2009,     1, NYR , NHL , D  , 82.0,  3.0,  20.0,  23.0,  78.0, 3.0  ,  1.0,  3.0,  0.0,  1.0,  1.0,    ,  80.0,       ,      ,      ,        ,        ,        ,        ,        ,        ,        ,        ,      
rozzigi01, 1944,     1, BOS , NHL , C  , 31.0,  5.0,  10.0,  15.0,  20.0,      ,     ,     ,     ,     ,     ,    ,      ,    6.0,   1.0,   2.0,     3.0,     6.0,        ,        ,        ,        ,        ,        ,      
rucchst01, 1994,     1, ANA , NHL , C  , 43.0,  6.0,  11.0,  17.0,  23.0, 7.0  ,  0.0,  0.0,  0.0,  0.0,  1.0, 0.0,  59.0,       ,      ,      ,        ,        ,        ,        ,        ,        ,        ,        ,      
rucchst01, 1995,     1, ANA , NHL , C  , 64.0, 19.0,  25.0,  44.0,  12.0, 3.0  ,  8.0, 11.0,  1.0,  0.0,  4.0, 0.0, 113.0,       ,      ,      ,        ,        ,        ,        ,        ,        ,        ,        ,      
rucchst01, 1996,     1, ANA , NHL , C  , 79.0, 19.0,  48.0,  67.0,  24.0, 26.0 ,  6.0, 10.0,  1.0,  2.0,  2.0, 1.0, 153.0,    8.0,   1.0,   2.0,     3.0,    10.0, -2.0   ,     0.0,     0.0,     0.0,     0.0,     0.0,     8.0
rucchst01, 1997,     1, ANA , NHL , C  , 72.0, 17.0,  36.0,  53.0,  13.0, 8.0  ,  8.0,  8.0,  1.0,  4.0,  3.0, 0.0, 131.0,       ,      ,      ,        ,        ,        ,        ,        ,        ,        ,        ,      
rucchst01, 1998,     1, ANA , NHL , C  , 69.0, 23.0,  39.0,  62.0,  22.0, 11.0 ,  5.0, 17.0,  1.0,  0.0,  5.0, 1.0, 145.0,    4.0,   0.0,   3.0,     3.0,     0.0, 0.0    ,     0.0,     1.0,     0.0,     0.0,     0.0,    10.0
rucchst01, 1999,     1, ANA , NHL , C  , 71.0, 19.0,  38.0,  57.0,  16.0, 9.0  , 10.0,  6.0,  0.0,  0.0,  2.0, 2.0, 131.0,       ,      ,      ,        ,        ,        ,        ,        ,        ,        ,        ,      
rucchst01, 2000,     1, ANA , NHL , C  , 16.0,  3.0,   5.0,   8.0,   0.0, -5.0 ,  2.0,  2.0,  0.0,  1.0,  0.0, 0.0,  19.0,       ,      ,      ,        ,        ,        ,        ,        ,        ,        ,        ,      
rucchst01, 2001,     1, ANA , NHL , C  , 38.0,  7.0,  16.0,  23.0,   6.0, -3.0 ,  4.0,  5.0,  0.0,  0.0,  1.0, 0.0,  57.0,       ,      ,      ,        ,        ,        ,        ,        ,        ,        ,        ,      
rucchst01, 2002,     1, ANA , NHL , C  , 82.0, 20.0,  38.0,  58.0,  12.0, -14.0,  6.0, 17.0,  1.0,  2.0,  4.0, 0.0, 194.0,   21.0,   7.0,   3.0,    10.0,     2.0, -2.0   ,     1.0,     1.0,     0.0,     1.0,     2.0,    46.0
rucchst01, 2003,     1, ANA , NHL , C  , 82.0, 20.0,  23.0,  43.0,  12.0, -14.0,  9.0,  8.0,  1.0,  0.0,  1.0, 0.0, 148.0,       ,      ,      ,        ,        ,        ,        ,        ,        ,        ,        ,      
rucchst01, 2005,     1, NYR , NHL , C  , 72.0, 13.0,  23.0,  36.0,  10.0, 6.0  ,  4.0, 12.0,  1.0,  0.0,  0.0,    , 111.0,    4.0,   1.0,   0.0,     1.0,     0.0, -2.0   ,     1.0,     0.0,     0.0,     0.0,     0.0,     9.0
rucchst01, 2006,     1, ATL , NHL , C  , 47.0,  5.0,  16.0,  21.0,  14.0, -4.0 ,  1.0,  3.0,  0.0,  1.0,  1.0,    ,  56.0,       ,      ,      ,        ,        ,        ,        ,        ,        ,        ,        ,      
rucinma01, 1991,     1, EDM , NHL , L  ,  2.0,  0.0,   0.0,   0.0,   0.0, -3.0 ,  0.0,  0.0,  0.0,  0.0,  0.0, 0.0,   1.0,       ,      ,      ,        ,        ,        ,        ,        ,        ,        ,        ,      
rucinma01, 1991,     2, QUE , NHL , L  ,  4.0,  1.0,   1.0,   2.0,   2.0, 1.0  ,  0.0,  0.0,  0.0,  0.0,  0.0, 0.0,   4.0,       ,      ,      ,        ,        ,        ,        ,        ,        ,        ,        ,      
rucinma01, 1992,     1, QUE , NHL , L  , 77.0, 18.0,  30.0,  48.0,  51.0, 16.0 ,  4.0,  9.0,  0.0,  0.0,  1.0, 3.0, 133.0,    6.0,   1.0,   1.0,     2.0,     4.0, -3.0   ,     1.0,     0.0,     0.0,     0.0,     0.0,    10.0
rucinma01, 1993,     1, QUE , NHL , L  , 60.0,  9.0,  23.0,  32.0,  58.0, 4.0  ,  4.0,  5.0,  0.0,  0.0,  1.0, 0.0,  96.0,       ,      ,      ,        ,        ,        ,        ,        ,        ,        ,        ,      
rucinma01, 1994,     1, QUE , NHL , L  , 20.0,  3.0,   6.0,   9.0,  14.0, 5.0  ,  0.0,  0.0,  0.0,  0.0,  0.0, 0.0,  32.0,       ,      ,      ,        ,        ,        ,        ,        ,        ,        ,        ,      
rucinma01, 1995,     1, COL , NHL , L  , 22.0,  4.0,  11.0,  15.0,  14.0, 10.0 ,  0.0,  2.0,  0.0,  0.0,  1.0, 0.0,  39.0,       ,      ,      ,        ,        ,        ,        ,        ,        ,        ,        ,      
rucinma01, 1995,     2, MTL , NHL , L  , 56.0, 25.0,  35.0,  60.0,  54.0, 8.0  ,  9.0, 12.0,  2.0,  2.0,  3.0, 0.0, 142.0,       ,      ,      ,        ,        ,        ,        ,        ,        ,        ,        ,      
rucinma01, 1996,     1, MTL , NHL , L  , 70.0, 28.0,  27.0,  55.0,  62.0, 1.0  ,  6.0,  9.0,  3.0,  0.0,  3.0, 1.0, 172.0,    5.0,   0.0,   0.0,     0.0,     4.0, -5.0   ,     0.0,     0.0,     0.0,     0.0,     0.0,    10.0
rucinma01, 1997,     1, MTL , NHL , L  , 78.0, 21.0,  32.0,  53.0,  84.0, 13.0 ,  5.0,  9.0,  3.0,  2.0,  3.0, 0.0, 192.0,   10.0,   3.0,   0.0,     3.0,     4.0, -2.0   ,     1.0,     0.0,     0.0,     0.0,     0.0,    35.0
rucinma01, 1998,     1, MTL , NHL , L  , 73.0, 17.0,  17.0,  34.0,  50.0, -25.0,  5.0,  6.0,  0.0,  1.0,  1.0, 0.0, 180.0,       ,      ,      ,        ,        ,        ,        ,        ,        ,        ,        ,      
rucinma01, 1999,     1, MTL , NHL , L  , 80.0, 25.0,  24.0,  49.0,  70.0, 1.0  ,  7.0, 13.0,  1.0,  0.0,  4.0, 1.0, 242.0,       ,      ,      ,        ,        ,        ,        ,        ,        ,        ,        ,      
rucinma01, 2000,     1, MTL , NHL , L  , 57.0, 16.0,  22.0,  38.0,  66.0, -5.0 ,  5.0,  9.0,  1.0,  0.0,  4.0, 0.0, 141.0,       ,      ,      ,        ,        ,        ,        ,        ,        ,        ,        ,      
rucinma01, 2001,     1, MTL , NHL , L  , 18.0,  2.0,   6.0,   8.0,  12.0, -1.0 ,  1.0,  1.0,  0.0,  0.0,  0.0, 0.0,  41.0,       ,      ,      ,        ,        ,        ,        ,        ,        ,        ,        ,      
rucinma01, 2001,     2, DAL , NHL , L  , 42.0,  6.0,  11.0,  17.0,  24.0, 3.0  ,  2.0,  3.0,  0.0,  0.0,  1.0, 0.0,  63.0,       ,      ,      ,        ,        ,        ,        ,        ,        ,        ,        ,      
rucinma01, 2001,     3, NYR , NHL , L  , 15.0,  3.0,  10.0,  13.0,   6.0, 6.0  ,  0.0,  2.0,  0.0,  0.0,  1.0, 0.0,  24.0,       ,      ,      ,        ,        ,        ,        ,        ,        ,        ,        ,      
rucinma01, 2002,     1, STL , NHL , L  , 61.0, 16.0,  14.0,  30.0,  38.0, -1.0 ,  4.0,  0.0,  4.0,  1.0,  3.0, 1.0, 135.0,    7.0,   4.0,   2.0,     6.0,     4.0, -3.0   ,     0.0,     1.0,     0.0,     0.0,     0.0,    16.0
rucinma01, 2003,     1, NYR , NHL , L  , 69.0, 13.0,  29.0,  42.0,  62.0, 13.0 ,  0.0,  4.0,  1.0,  1.0,  2.0, 0.0, 161.0,       ,      ,      ,        ,        ,        ,        ,        ,        ,        ,        ,      
rucinma01, 2003,     2, VAN , NHL , L  , 13.0,  1.0,   2.0,   3.0,  10.0, 2.0  ,  0.0,  0.0,  0.0,  0.0,  0.0, 0.0,  45.0,    7.0,   1.0,   1.0,     2.0,     6.0, -3.0   ,     1.0,     1.0,     0.0,     0.0,     0.0,    15.0
rucinma01, 2005,     1, NYR , NHL , L  , 52.0, 16.0,  39.0,  55.0,  56.0, 10.0 ,  4.0, 22.0,  0.0,  0.0,  4.0,    , 152.0,    2.0,   0.0,   1.0,     1.0,     2.0, -1.0   ,     0.0,     0.0,     0.0,     0.0,     0.0,     5.0
rucinma01, 2006,     1, STL , NHL , L  , 52.0, 12.0,  21.0,  33.0,  48.0, -3.0 ,  4.0,  7.0,  0.0,  0.0,  3.0,    ,  96.0,       ,      ,      ,        ,        ,        ,        ,        ,        ,        ,        ,      
rucinma01, 2007,     1, STL , NHL , L  , 40.0,  5.0,  11.0,  16.0,  40.0, -9.0 ,  1.0,  4.0,  0.0,  0.0,  0.0,    ,  67.0,       ,      ,      ,        ,        ,        ,        ,        ,        ,        ,        ,      
rucinmi01, 1987,     1, CHI , NHL , C  ,     ,     ,      ,      ,      ,      ,     ,     ,     ,     ,     ,    ,      ,    2.0,   0.0,   0.0,     0.0,     0.0, -1.0   ,     0.0,     0.0,     0.0,     0.0,     0.0,     1.0
rucinmi01, 1988,     1, CHI , NHL , C  ,  1.0,  0.0,   0.0,   0.0,   0.0, 0.0  ,  0.0,  0.0,  0.0,  0.0,  0.0, 0.0,   0.0,       ,      ,      ,        ,        ,        ,        ,        ,        ,        ,        ,      
rucinmi02, 1997,     1, CAR , NHL , D  ,  9.0,  0.0,   1.0,   1.0,   2.0, 0.0  ,  0.0,  0.0,  0.0,  0.0,  0.0, 0.0,   3.0,       ,      ,      ,        ,        ,        ,        ,        ,        ,        ,        ,      
rucinmi02, 1998,     1, CAR , NHL , D  , 15.0,  0.0,   1.0,   1.0,   8.0, 1.0  ,  0.0,  0.0,  0.0,  0.0,  0.0, 0.0,   8.0,       ,      ,      ,        ,        ,        ,        ,        ,        ,        ,        ,      
rucinmi02, 2000,     1, CAR , NHL , D  ,  2.0,  0.0,   0.0,   0.0,   0.0, 0.0  ,  0.0,  0.0,  0.0,  0.0,  0.0, 0.0,   2.0,       ,      ,      ,        ,        ,        ,        ,        ,        ,        ,        ,      
rudkoco01, 2002,     1, STL , NHL , G  ,  1.0,  0.0,   0.0,   0.0,   0.0, 0.0  ,  0.0,  0.0,  0.0,  0.0,  0.0, 0.0,   0.0,       ,      ,      ,        ,        ,        ,        ,        ,        ,        ,        ,      
ruellbe01, 1943,     1, DET , NHL , L  ,  2.0,  1.0,   0.0,   1.0,   0.0,      ,     ,     ,     ,     ,     ,    ,      ,       ,      ,      ,        ,        ,        ,        ,        ,        ,        ,        ,      
ruffja01 , 1992,     1, STL , NHL , L  ,  7.0,  2.0,   1.0,   3.0,   8.0, -1.0 ,  1.0,  0.0,  0.0,  0.0,  1.0, 0.0,   7.0,       ,      ,      ,        ,        ,        ,        ,        ,        ,        ,        ,      
ruffja01 , 1992,     2, TBL , NHL , L  ,  1.0,  0.0,   0.0,   0.0,   0.0, 0.0  ,  0.0,  0.0,  0.0,  0.0,  0.0, 0.0,   1.0,       ,      ,      ,        ,        ,        ,        ,        ,        ,        ,        ,      
ruffja01 , 1993,     1, TBL , NHL , L  ,  6.0,  1.0,   2.0,   3.0,   2.0, 2.0  ,  0.0,  0.0,  0.0,  0.0,  0.0, 0.0,  14.0,       ,      ,      ,        ,        ,        ,        ,        ,        ,        ,        ,      
ruffli01 , 1979,     1, BUF , NHL , D  , 63.0,  5.0,  14.0,  19.0,  38.0, -2.0 ,  1.0,     ,  0.0,     ,  0.0, 0.0,  77.0,    8.0,   1.0,   1.0,     2.0,    19.0,        ,     0.0,        ,     0.0,        ,     0.0,      
ruffli01 , 1980,     1, BUF , NHL , R  , 65.0,  8.0,  18.0,  26.0, 121.0, 3.0  ,  1.0,     ,  0.0,     ,  2.0, 0.0,  97.0,    6.0,   3.0,   1.0,     4.0,    23.0,        ,     1.0,        ,     0.0,        ,     1.0,      
ruffli01 , 1981,     1, BUF , NHL , D/R, 79.0, 16.0,  32.0,  48.0, 194.0, 1.0  ,  3.0,     ,  0.0,     ,  6.0, 1.0, 183.0,    4.0,   0.0,   0.0,     0.0,    28.0,        ,     0.0,        ,     0.0,        ,     0.0,      
ruffli01 , 1982,     1, BUF , NHL , L  , 60.0, 12.0,  17.0,  29.0, 130.0, 15.0 ,  2.0,     ,  0.0,     ,  1.0, 1.0, 110.0,   10.0,   4.0,   2.0,     6.0,    47.0,        ,     0.0,        ,     0.0,        ,     1.0,      
ruffli01 , 1983,     1, BUF , NHL , R  , 58.0, 14.0,  31.0,  45.0, 101.0, 15.0 ,  3.0,     ,  0.0,     ,  4.0, 0.0, 126.0,    3.0,   1.0,   0.0,     1.0,     9.0, -2.0   ,     0.0,        ,     0.0,        ,     0.0,     3.0
ruffli01 , 1984,     1, BUF , NHL , L  , 39.0, 13.0,  11.0,  24.0,  45.0, -1.0 ,  2.0,     ,  0.0,     ,  2.0, 0.0,  71.0,    5.0,   2.0,   4.0,     6.0,    15.0, 2.0    ,     1.0,        ,     0.0,        ,     0.0,    15.0
ruffli01 , 1985,     1, BUF , NHL , L  , 54.0, 20.0,  12.0,  32.0, 158.0, 8.0  ,  5.0,     ,  1.0,     ,  4.0, 0.0, 131.0,       ,      ,      ,        ,        ,        ,        ,        ,        ,        ,        ,      
ruffli01 , 1986,     1, BUF , NHL , L  , 50.0,  6.0,  14.0,  20.0,  74.0, -12.0,  0.0,     ,  1.0,     ,  1.0, 0.0,  95.0,       ,      ,      ,        ,        ,        ,        ,        ,        ,        ,        ,      
ruffli01 , 1987,     1, BUF , NHL , D  , 77.0,  2.0,  23.0,  25.0, 179.0, -9.0 ,  0.0,  5.0,  0.0,  2.0,  0.0, 0.0, 106.0,    6.0,   0.0,   2.0,     2.0,    23.0, -1.0   ,     0.0,     0.0,     0.0,     0.0,     0.0,    10.0
ruffli01 , 1988,     1, BUF , NHL , L  , 63.0,  6.0,  11.0,  17.0,  86.0, -17.0,  0.0,     ,  0.0,  0.0,  0.0, 0.0,  69.0,       ,      ,      ,        ,        ,        ,        ,        ,        ,        ,        ,      
ruffli01 , 1988,     2, NYR , NHL , L  , 13.0,  0.0,   5.0,   5.0,  31.0, -6.0 ,  0.0,     ,  0.0,  0.0,  0.0, 0.0,  19.0,    2.0,   0.0,   0.0,     0.0,    17.0, -2.0   ,     0.0,     0.0,     0.0,     0.0,     0.0,     1.0
ruffli01 , 1989,     1, NYR , NHL , L  , 56.0,  3.0,   6.0,   9.0,  80.0, -10.0,  0.0,  0.0,  0.0,  0.0,  2.0, 0.0,  59.0,    8.0,   0.0,   3.0,     3.0,    12.0, -3.0   ,     0.0,     0.0,     0.0,     1.0,     0.0,     4.0
ruffli01 , 1990,     1, NYR , NHL , D  , 14.0,  0.0,   1.0,   1.0,  27.0, -2.0 ,  0.0,  0.0,  0.0,  0.0,  0.0, 0.0,  10.0,       ,      ,      ,        ,        ,        ,        ,        ,        ,        ,        ,      
ruhnkke01, 1975,     1, BOS , NHL , R  ,  2.0,  0.0,   1.0,   1.0,   0.0, 1.0  ,  0.0,     ,  0.0,     ,  0.0, 0.0,   2.0,       ,      ,      ,        ,        ,        ,        ,        ,        ,        ,        ,      
ruhnkke01, 1976,     1, WIJ , WHA , R  , 51.0, 11.0,  11.0,  22.0,   2.0, -12.0,  0.0,     ,  0.0,     ,     ,    ,  87.0,       ,      ,      ,        ,        ,        ,        ,        ,        ,        ,        ,      
ruhnkke01, 1977,     1, WIJ , WHA , R  , 21.0,  8.0,   9.0,  17.0,   2.0, 9.0  ,  0.0,     ,  0.0,     ,     ,    ,  26.0,    5.0,   2.0,   0.0,     2.0,     0.0, -2.0   ,        ,        ,        ,        ,     1.0,      
rumblda01, 1990,     1, PHI , NHL , D  ,  3.0,  1.0,   0.0,   1.0,   0.0, 1.0  ,  0.0,  0.0,  0.0,  0.0,  0.0, 0.0,   2.0,       ,      ,      ,        ,        ,        ,        ,        ,        ,        ,        ,      
rumblda01, 1992,     1, OTT , NHL , D  , 69.0,  3.0,  13.0,  16.0,  61.0, -24.0,  0.0,  3.0,  0.0,  0.0,  0.0, 0.0,  92.0,       ,      ,      ,        ,        ,        ,        ,        ,        ,        ,        ,      
rumblda01, 1993,     1, OTT , NHL , D  , 70.0,  6.0,   9.0,  15.0, 116.0, -50.0,  0.0,  3.0,  0.0,  0.0,  0.0, 0.0,  95.0,       ,      ,      ,        ,        ,        ,        ,        ,        ,        ,        ,      
rumblda01, 1995,     1, PHI , NHL , D  ,  5.0,  0.0,   0.0,   0.0,   4.0, 0.0  ,  0.0,  0.0,  0.0,  0.0,  0.0, 0.0,   7.0,       ,      ,      ,        ,        ,        ,        ,        ,        ,        ,        ,      
rumblda01, 1996,     1, PHI , NHL , D  , 10.0,  0.0,   0.0,   0.0,   0.0, -2.0 ,  0.0,  0.0,  0.0,  0.0,  0.0, 0.0,   9.0,       ,      ,      ,        ,        ,        ,        ,        ,        ,        ,        ,      
rumblda01, 2000,     1, STL , NHL , D  , 12.0,  0.0,   4.0,   4.0,  27.0, 7.0  ,  0.0,  1.0,  0.0,  2.0,  0.0, 0.0,  11.0,       ,      ,      ,        ,        ,        ,        ,        ,        ,        ,        ,      
rumblda01, 2002,     1, TBL , NHL , D  , 19.0,  0.0,   0.0,   0.0,   6.0, -2.0 ,  0.0,  0.0,  0.0,  0.0,  0.0, 0.0,  10.0,       ,      ,      ,        ,        ,        ,        ,        ,        ,        ,        ,      
rumblda01, 2003,     1, TBL , NHL , D  ,  5.0,  0.0,   0.0,   0.0,   2.0, -2.0 ,  0.0,  0.0,  0.0,  0.0,  0.0, 0.0,   5.0,       ,      ,      ,        ,        ,        ,        ,        ,        ,        ,        ,      
rundqth01, 1984,     1, MTL , NHL , C  ,  2.0,  0.0,   1.0,   1.0,   0.0, 1.0  ,  0.0,     ,  0.0,     ,  0.0, 0.0,   1.0,       ,      ,      ,        ,        ,        ,        ,        ,        ,        ,        ,      
rungepa01, 1930,     1, BOS , NHL , L  ,  1.0,  0.0,   0.0,   0.0,   0.0,      ,     ,     ,     ,     ,     ,    ,      ,       ,      ,      ,        ,        ,        ,        ,        ,        ,        ,        ,      
rungepa01, 1931,     1, BOS , NHL , L  , 14.0,  0.0,   1.0,   1.0,   8.0,      ,     ,     ,     ,     ,     ,    ,      ,       ,      ,      ,        ,        ,        ,        ,        ,        ,        ,        ,      
rungepa01, 1933,     1, MTM , NHL , L  ,  4.0,  0.0,   0.0,   0.0,   0.0,      ,     ,     ,     ,     ,     ,    ,      ,       ,      ,      ,        ,        ,        ,        ,        ,        ,        ,        ,      
rungepa01, 1934,     1, MTL , NHL , L  ,  3.0,  0.0,   0.0,   0.0,   2.0,      ,     ,     ,     ,     ,     ,    ,      ,       ,      ,      ,        ,        ,        ,        ,        ,        ,        ,        ,      
rungepa01, 1935,     1, MTL , NHL , L  , 12.0,  0.0,   2.0,   2.0,   4.0,      ,     ,     ,     ,     ,     ,    ,      ,       ,      ,      ,        ,        ,        ,        ,        ,        ,        ,        ,      
rungepa01, 1935,     2, BOS , NHL , L  , 33.0,  8.0,   2.0,  10.0,  14.0,      ,     ,     ,     ,     ,     ,    ,      ,    2.0,   0.0,   0.0,     0.0,     2.0,        ,        ,        ,        ,        ,        ,      
rungepa01, 1936,     1, MTL , NHL , L  ,  4.0,  1.0,   0.0,   1.0,   2.0,      ,     ,     ,     ,     ,     ,    ,      ,       ,      ,      ,        ,        ,        ,        ,        ,        ,        ,        ,      
rungepa01, 1936,     2, MTM , NHL , L  , 30.0,  4.0,  10.0,  14.0,   6.0,      ,     ,     ,     ,     ,     ,    ,      ,    5.0,   0.0,   0.0,     0.0,     4.0,        ,        ,        ,        ,        ,        ,      
rungepa01, 1937,     1, MTM , NHL , L  , 39.0,  5.0,   7.0,  12.0,  21.0,      ,     ,     ,     ,     ,     ,    ,      ,       ,      ,      ,        ,        ,        ,        ,        ,        ,        ,        ,      
ruotsre01, 1981,     1, NYR , NHL , D  , 78.0, 18.0,  38.0,  56.0,  27.0, 18.0 ,  7.0,     ,  0.0,     ,  3.0, 0.0, 247.0,   10.0,   4.0,   5.0,     9.0,     2.0,        ,     2.0,        ,     0.0,        ,     1.0,      
ruotsre01, 1982,     1, NYR , NHL , D  , 77.0, 16.0,  53.0,  69.0,  22.0, 27.0 ,  5.0,     ,  0.0,     ,  4.0, 0.0, 230.0,    9.0,   4.0,   2.0,     6.0,     6.0,        ,     1.0,        ,     0.0,        ,     1.0,      
ruotsre01, 1983,     1, NYR , NHL , D  , 74.0, 20.0,  39.0,  59.0,  26.0, 17.0 ,  5.0,     ,  0.0,     ,  4.0, 2.0, 287.0,    5.0,   1.0,   1.0,     2.0,     2.0, 1.0    ,     1.0,        ,     0.0,        ,     1.0,    17.0
ruotsre01, 1984,     1, NYR , NHL , D  , 80.0, 28.0,  45.0,  73.0,  32.0, -27.0, 10.0,     ,  0.0,     ,  2.0, 3.0, 255.0,    3.0,   2.0,   0.0,     2.0,     6.0, -2.0   ,     1.0,        ,     0.0,        ,     0.0,    13.0
ruotsre01, 1985,     1, NYR , NHL , D  , 80.0, 17.0,  42.0,  59.0,  47.0, 22.0 ,  6.0,     ,  0.0,     ,  2.0, 0.0, 228.0,   16.0,   0.0,   8.0,     8.0,     6.0, -1.0   ,     0.0,        ,     0.0,        ,     0.0,    29.0
ruotsre01, 1986,     1, EDM , NHL , D  , 16.0,  5.0,   8.0,  13.0,   6.0, 8.0  ,  3.0,     ,  0.0,     ,  1.0, 0.0,  52.0,   21.0,   2.0,   5.0,     7.0,    10.0, 8.0    ,     1.0,        ,     0.0,        ,     1.0,    46.0
ruotsre01, 1989,     1, NJD , NHL , D  , 31.0,  2.0,   5.0,   7.0,  14.0, -4.0 ,  1.0,     ,  0.0,  0.0,  0.0, 0.0,  52.0,       ,      ,      ,        ,        ,        ,        ,        ,        ,        ,        ,      
ruotsre01, 1989,     2, EDM , NHL , D  , 10.0,  1.0,   7.0,   8.0,   6.0, -1.0 ,  0.0,     ,  0.0,  0.0,  0.0, 0.0,  28.0,   22.0,   2.0,  11.0,    13.0,    12.0, 13.0   ,     1.0,     5.0,     0.0,     0.0,     0.0,    55.0
ruppdu01 , 1962,     1, NYR , NHL , D  ,  2.0,  0.0,   0.0,   0.0,   0.0,      ,     ,     ,     ,     ,     ,    ,      ,       ,      ,      ,        ,        ,        ,        ,        ,        ,        ,        ,      
ruppdu01 , 1964,     1, TOR , NHL , D  ,  2.0,  0.0,   0.0,   0.0,   0.0,      ,  0.0,     ,  0.0,     ,  0.0, 0.0,      ,       ,      ,      ,        ,        ,        ,        ,        ,        ,        ,        ,      
ruppdu01 , 1965,     1, TOR , NHL , D  ,  2.0,  0.0,   1.0,   1.0,   0.0,      ,  0.0,     ,  0.0,     ,  0.0, 0.0,      ,       ,      ,      ,        ,        ,        ,        ,        ,        ,        ,        ,      
ruppdu01 , 1966,     1, TOR , NHL , D  ,  3.0,  0.0,   0.0,   0.0,   0.0,      ,  0.0,     ,  0.0,     ,  0.0, 0.0,      ,       ,      ,      ,        ,        ,        ,        ,        ,        ,        ,        ,      
ruppdu01 , 1967,     1, TOR , NHL , D  , 71.0,  1.0,   8.0,   9.0,  42.0, 16.0 ,  0.0,     ,  0.0,     ,  0.0, 0.0,  79.0,       ,      ,      ,        ,        ,        ,        ,        ,        ,        ,        ,      
ruppdu01 , 1968,     1, MNS , NHL , D  , 29.0,  2.0,   1.0,   3.0,   8.0, -9.0 ,  1.0,     ,  0.0,     ,  0.0, 0.0,  36.0,       ,      ,      ,        ,        ,        ,        ,        ,        ,        ,        ,      
ruppdu01 , 1968,     2, PIT , NHL , D  , 30.0,  3.0,  10.0,  13.0,  24.0, -13.0,  0.0,     ,  0.0,     ,  0.0, 0.0,  69.0,       ,      ,      ,        ,        ,        ,        ,        ,        ,        ,        ,      
ruppdu01 , 1969,     1, PIT , NHL , D  , 64.0,  2.0,  14.0,  16.0,  18.0, -11.0,  1.0,     ,  0.0,     ,  0.0, 0.0, 105.0,    6.0,   2.0,   2.0,     4.0,     2.0,        ,     0.0,        ,     0.0,        ,     0.0,      
ruppdu01 , 1970,     1, PIT , NHL , D  , 59.0,  5.0,  28.0,  33.0,  34.0, -10.0,  1.0,     ,  0.0,     ,  1.0, 0.0, 152.0,       ,      ,      ,        ,        ,        ,        ,        ,        ,        ,        ,      
ruppdu01 , 1971,     1, PIT , NHL , D  , 34.0,  4.0,  18.0,  22.0,  32.0, 0.0  ,  0.0,     ,  0.0,     ,  0.0, 0.0,  91.0,    4.0,   0.0,   0.0,     0.0,     6.0,        ,     0.0,        ,     0.0,        ,     0.0,      
ruppdu01 , 1972,     1, PIT , NHL , D  , 78.0,  7.0,  13.0,  20.0,  62.0, -3.0 ,  2.0,     ,  1.0,     ,  2.0, 0.0, 132.0,       ,      ,      ,        ,        ,        ,        ,        ,        ,        ,        ,      
ruppdu01 , 1974,     1, VAB , WHA , D  , 73.0,  3.0,  26.0,  29.0,  45.0, 20.0 ,  1.0,     ,  0.0,     ,     ,    , 101.0,       ,      ,      ,        ,        ,        ,        ,        ,        ,        ,        ,      
ruppdu01 , 1975,     1, CAC , WHA , D  , 42.0,  0.0,  16.0,  16.0,  33.0, -6.0 ,  0.0,     ,  0.0,     ,  0.0,    ,  61.0,    7.0,   0.0,   2.0,     2.0,     0.0, 2.0    ,        ,        ,        ,        ,        ,      
ruppmi01 , 2002,     1, NJD , NHL , C  , 26.0,  5.0,   3.0,   8.0,  21.0, 0.0  ,  2.0,  1.0,  0.0,  0.0,  3.0, 0.0,  34.0,    4.0,   1.0,   3.0,     4.0,     0.0, 4.0    ,     0.0,     0.0,     0.0,     0.0,     1.0,     2.0
ruppmi01 , 2003,     1, NJD , NHL , C  , 51.0,  6.0,   5.0,  11.0,  41.0, -1.0 ,  1.0,  1.0,  0.0,  0.0,  1.0, 0.0,  64.0,       ,      ,      ,        ,        ,        ,        ,        ,        ,        ,        ,      
ruppmi01 , 2003,     2, PHO , NHL , C  ,  6.0,  0.0,   1.0,   1.0,   6.0, -3.0 ,  0.0,  0.0,  0.0,  0.0,  0.0, 0.0,  12.0,       ,      ,      ,        ,        ,        ,        ,        ,        ,        ,        ,      
ruppmi01 , 2005,     1, PHO , NHL , L  ,  1.0,  0.0,   0.0,   0.0,   0.0, 0.0  ,  0.0,  0.0,  0.0,  0.0,  0.0,    ,   1.0,       ,      ,      ,        ,        ,        ,        ,        ,        ,        ,        ,      
ruppmi01 , 2005,     2, CBS , NHL , L  , 39.0,  4.0,   2.0,   6.0,  58.0, -3.0 ,  0.0,  0.0,  0.0,  1.0,  0.0,    ,  38.0,       ,      ,      ,        ,        ,        ,        ,        ,        ,        ,        ,      
ruppmi01 , 2006,     1, NJD , NHL , R  , 76.0,  6.0,   3.0,   9.0,  92.0, -10.0,  0.0,  1.0,  0.0,  0.0,  1.0,    ,  60.0,    9.0,   0.0,   1.0,     1.0,     7.0, 1.0    ,     0.0,     0.0,     0.0,     0.0,     0.0,     0.0
ruppmi01 , 2007,     1, NJD , NHL , C  , 64.0,  3.0,   6.0,   9.0,  58.0, -8.0 ,  1.0,  1.0,  0.0,  0.0,  0.0,    ,  69.0,    5.0,   0.0,   1.0,     1.0,     2.0, 1.0    ,     0.0,     0.0,     0.0,     0.0,     0.0,     3.0
ruppmi01 , 2008,     1, NJD , NHL , C  , 72.0,  3.0,   6.0,   9.0, 136.0, -2.0 ,  0.0,  0.0,  0.0,  0.0,  0.0,    ,  76.0,    7.0,   0.0,   0.0,     0.0,    14.0, -2.0   ,     0.0,     0.0,     0.0,     0.0,     0.0,     7.0
ruppmi01 , 2009,     1, PIT , NHL , C  , 81.0, 13.0,   6.0,  19.0, 120.0, 5.0  ,  0.0,  0.0,  0.0,  0.0,  1.0,    ,  87.0,   11.0,   0.0,   0.0,     0.0,     8.0, 0.0    ,     0.0,     0.0,     0.0,     0.0,     0.0,     5.0
rupppa01 , 1963,     1, DET , NHL , G  ,  1.0,  0.0,   0.0,   0.0,   0.0,      ,  0.0,     ,  0.0,     ,  0.0, 0.0,      ,       ,      ,      ,        ,        ,        ,        ,        ,        ,        ,        ,      
ruskote01, 1974,     1, HOU , WHA , C  , 71.0, 10.0,  36.0,  46.0, 134.0, 30.0 ,  3.0,     ,  0.0,     ,     ,    , 105.0,   13.0,   4.0,   2.0,     6.0,    15.0,        ,        ,        ,        ,        ,     1.0,      
ruskote01, 1975,     1, HOU , WHA , C  , 65.0, 14.0,  35.0,  49.0, 100.0, 18.0 ,  3.0,     ,  0.0,     ,  2.0,    , 105.0,   16.0,   6.0,  10.0,    16.0,    64.0, 8.0    ,        ,        ,        ,        ,        ,      
ruskote01, 1976,     1, HOU , WHA , C  , 80.0, 24.0,  60.0,  84.0, 146.0, 31.0 ,  7.0,     ,  0.0,     ,  5.0,    , 162.0,   11.0,   6.0,  11.0,    17.0,    67.0, 8.0    ,        ,        ,        ,        ,     0.0,      
ruskote01, 1977,     1, HOU , WHA , C  , 78.0, 15.0,  57.0,  72.0, 170.0, 13.0 ,  3.0,     ,  1.0,     ,     ,    , 144.0,    4.0,   1.0,   1.0,     2.0,     5.0, -1.0   ,        ,        ,        ,        ,     0.0,      
ruskote01, 1978,     1, WIJ , WHA , C  , 75.0, 20.0,  66.0,  86.0, 211.0, 13.0 ,  6.0,     ,  1.0,     ,     ,    , 138.0,    8.0,   1.0,  12.0,    13.0,    23.0, 10.0   ,        ,        ,        ,        ,     1.0,      
ruskote01, 1979,     1, CHI , NHL , C  , 74.0, 15.0,  55.0,  70.0, 252.0, 7.0  ,  6.0,     ,  1.0,     ,  3.0, 4.0,  90.0,    4.0,   0.0,   0.0,     0.0,    22.0,        ,     0.0,        ,     0.0,        ,     0.0,      
ruskote01, 1980,     1, CHI , NHL , C  , 72.0,  8.0,  51.0,  59.0, 225.0, -19.0,  2.0,     ,  0.0,     ,  2.0, 0.0,  88.0,    3.0,   0.0,   2.0,     2.0,    11.0,        ,     0.0,        ,     0.0,        ,     0.0,      
ruskote01, 1981,     1, CHI , NHL , C  , 60.0,  7.0,  30.0,  37.0, 120.0, -13.0,  2.0,     ,  0.0,     ,  0.0, 0.0,  69.0,   11.0,   1.0,   2.0,     3.0,    53.0,        ,     0.0,        ,     0.0,        ,     0.0,      
ruskote01, 1982,     1, CHI , NHL , C  ,  5.0,  0.0,   2.0,   2.0,  12.0, 0.0  ,  0.0,     ,  0.0,     ,  0.0, 0.0,   4.0,       ,      ,      ,        ,        ,        ,        ,        ,        ,        ,        ,      
ruskote01, 1982,     2, LAK , NHL , C  , 71.0, 14.0,  30.0,  44.0, 127.0, -16.0,  4.0,     ,  1.0,     ,  2.0, 1.0,  71.0,       ,      ,      ,        ,        ,        ,        ,        ,        ,        ,        ,      
ruskote01, 1983,     1, LAK , NHL , C  , 77.0,  7.0,  25.0,  32.0,  89.0, -24.0,  0.0,     ,  2.0,     ,  1.0, 1.0,  51.0,       ,      ,      ,        ,        ,        ,        ,        ,        ,        ,        ,      
ruskote01, 1984,     1, LAK , NHL , L  , 78.0, 16.0,  33.0,  49.0, 144.0, 2.0  ,  2.0,     ,  0.0,     ,  2.0, 0.0,  74.0,    3.0,   0.0,   2.0,     2.0,     0.0, -1.0   ,     0.0,        ,     0.0,        ,     0.0,     3.0
ruskote01, 1985,     1, PIT , NHL , L  , 73.0, 26.0,  37.0,  63.0, 162.0, 10.0 , 11.0,     ,  0.0,     ,  7.0, 0.0,  91.0,       ,      ,      ,        ,        ,        ,        ,        ,        ,        ,        ,      
ruskote01, 1986,     1, PIT , NHL , L  , 70.0, 14.0,  37.0,  51.0, 145.0, 8.0  ,  5.0,     ,  0.0,     ,  2.0, 0.0,  71.0,       ,      ,      ,        ,        ,        ,        ,        ,        ,        ,        ,      
ruskote01, 1987,     1, MNS , NHL , L  , 47.0,  5.0,  12.0,  17.0,  76.0, -15.0,  2.0,  1.0,  0.0,  2.0,  0.0, 0.0,  33.0,       ,      ,      ,        ,        ,        ,        ,        ,        ,        ,        ,      
ruskote01, 1988,     1, MNS , NHL , C  ,  3.0,  1.0,   1.0,   2.0,   2.0, 1.0  ,  0.0,  0.0,  0.0,  0.0,  0.0, 0.0,   2.0,       ,      ,      ,        ,        ,        ,        ,        ,        ,        ,        ,      
russebo01, 1975,     1, EDO , WHA , R  , 58.0, 13.0,  18.0,  31.0,  19.0, -12.0,  0.0,     ,  0.0,     ,  0.0,    , 118.0,    4.0,   1.0,   0.0,     1.0,     0.0, -3.0   ,        ,        ,        ,        ,        ,      
russebo01, 1976,     1, EDO , WHA , C  , 57.0,  7.0,   6.0,  13.0,  41.0, -10.0,  0.0,     ,  0.0,     ,     ,    ,  79.0,    1.0,   0.0,   0.0,     0.0,     0.0, 1.0    ,     0.0,        ,     0.0,        ,     0.0,      
russeca01, 1989,     1, CHI , NHL , D  , 19.0,  0.0,   1.0,   1.0,  27.0, -3.0 ,  0.0,  0.0,  0.0,  0.0,  0.0, 0.0,  10.0,    1.0,   0.0,   0.0,     0.0,     0.0, -1.0   ,     0.0,     0.0,     0.0,     0.0,     0.0,     0.0
russeca01, 1990,     1, CHI , NHL , D  ,  3.0,  0.0,   0.0,   0.0,   5.0, 1.0  ,  0.0,  0.0,  0.0,  0.0,  0.0, 0.0,   0.0,    1.0,   0.0,   0.0,     0.0,     0.0, -1.0   ,     0.0,     0.0,     0.0,     0.0,     0.0,     0.0
russeca01, 1991,     1, CHI , NHL , D  , 19.0,  0.0,   0.0,   0.0,  34.0, -8.0 ,  0.0,  0.0,  0.0,  0.0,  0.0, 0.0,   9.0,   12.0,   0.0,   2.0,     2.0,     2.0, 2.0    ,     0.0,     0.0,     0.0,     0.0,     0.0,     7.0
russeca01, 1992,     1, CHI , NHL , D  , 67.0,  2.0,   4.0,   6.0, 151.0, 5.0  ,  0.0,  0.0,  0.0,  0.0,  0.0, 0.0,  49.0,    4.0,   0.0,   0.0,     0.0,     0.0, 0.0    ,     0.0,     0.0,     0.0,     0.0,     0.0,     3.0
russeca01, 1993,     1, CHI , NHL , D  , 67.0,  1.0,   7.0,   8.0, 200.0, 10.0 ,  0.0,  0.0,  0.0,  0.0,  0.0, 0.0,  41.0,       ,      ,      ,        ,        ,        ,        ,        ,        ,        ,        ,      
russeca01, 1994,     1, CHI , NHL , D  , 33.0,  1.0,   3.0,   4.0,  88.0, 4.0  ,  0.0,  0.0,  0.0,  0.0,  0.0, 0.0,  18.0,   16.0,   0.0,   3.0,     3.0,     8.0, 4.0    ,     0.0,     0.0,     0.0,     0.0,     0.0,     5.0
russeca01, 1995,     1, CHI , NHL , D  , 61.0,  2.0,   2.0,   4.0, 129.0, 8.0  ,  0.0,  0.0,  0.0,  0.0,  0.0, 0.0,  22.0,    6.0,   0.0,   0.0,     0.0,     2.0, -1.0   ,     0.0,     0.0,     0.0,     0.0,     0.0,     4.0
russeca01, 1996,     1, CHI , NHL , D  , 44.0,  1.0,   1.0,   2.0,  65.0, -8.0 ,  0.0,  0.0,  0.0,  0.0,  0.0, 0.0,  19.0,    4.0,   0.0,   0.0,     0.0,     4.0, 0.0    ,     0.0,     0.0,     0.0,     0.0,     0.0,     1.0
russeca01, 1997,     1, CHI , NHL , D  , 41.0,  1.0,   1.0,   2.0,  79.0, 3.0  ,  0.0,  0.0,  0.0,  0.0,  1.0, 0.0,  18.0,       ,      ,      ,        ,        ,        ,        ,        ,        ,        ,        ,      
russeca01, 1998,     1, CHI , NHL , D  ,  7.0,  0.0,   0.0,   0.0,  10.0, 1.0  ,  0.0,  0.0,  0.0,  0.0,  0.0, 0.0,   1.0,       ,      ,      ,        ,        ,        ,        ,        ,        ,        ,        ,      
russeca01, 1998,     2, COL , NHL , D  , 35.0,  1.0,   2.0,   3.0,  84.0, -5.0 ,  0.0,  0.0,  0.0,  0.0,  0.0, 0.0,  14.0,       ,      ,      ,        ,        ,        ,        ,        ,        ,        ,        ,      
russech01, 1945,     1, NYR , NHL , L  , 17.0,  0.0,   5.0,   5.0,   2.0,      ,     ,     ,     ,     ,     ,    ,      ,       ,      ,      ,        ,        ,        ,        ,        ,        ,        ,        ,      
russech01, 1946,     1, NYR , NHL , L  , 54.0, 20.0,   8.0,  28.0,   8.0,      ,     ,     ,     ,     ,     ,    ,      ,       ,      ,      ,        ,        ,        ,        ,        ,        ,        ,        ,      
russech01, 1947,     1, NYR , NHL , L  , 19.0,  0.0,   3.0,   3.0,   2.0,      ,     ,     ,     ,     ,     ,    ,      ,       ,      ,      ,        ,        ,        ,        ,        ,        ,        ,        ,      
russeer01, 1909,     1, MOW , NHA ,    , 12.0, 32.0,   0.0,  32.0,  51.0,      ,     ,     ,     ,     ,     ,    ,      ,       ,      ,      ,        ,        ,        ,        ,        ,        ,        ,        ,      
russeer01, 1910,     1, MOW , NHA ,    , 11.0, 18.0,   0.0,  18.0,  56.0,      ,     ,     ,     ,     ,     ,    ,      ,       ,      ,      ,        ,        ,        ,        ,        ,        ,        ,        ,      
russeer01, 1911,     1, MOW , NHA ,    , 18.0, 27.0,   0.0,  27.0, 110.0,      ,     ,     ,     ,     ,     ,    ,      ,       ,      ,      ,        ,        ,        ,        ,        ,        ,        ,        ,      
russeer01, 1912,     1, MOW , NHA ,    , 15.0,  7.0,   0.0,   7.0,  48.0,      ,     ,     ,     ,     ,     ,    ,      ,       ,      ,      ,        ,        ,        ,        ,        ,        ,        ,        ,      
russeer01, 1913,     1, MOW , NHA ,    , 12.0,  2.0,   4.0,   6.0,  21.0,      ,     ,     ,     ,     ,     ,    ,      ,       ,      ,      ,        ,        ,        ,        ,        ,        ,        ,        ,      
russekr01, 2007,     1, CBS , NHL , D  , 67.0,  2.0,   8.0,  10.0,  14.0, -12.0,  1.0,  3.0,  0.0,  0.0,  1.0,    ,  90.0,       ,      ,      ,        ,        ,        ,        ,        ,        ,        ,        ,      
russekr01, 2008,     1, CBS , NHL , D  , 66.0,  2.0,  19.0,  21.0,  28.0, -10.0,  1.0, 10.0,  0.0,  0.0,  1.0,    ,  86.0,    4.0,   1.0,   1.0,     2.0,     2.0, 0.0    ,     0.0,     1.0,     0.0,     0.0,     0.0,     5.0
russekr01, 2009,     1, CBS , NHL , D  , 70.0,  7.0,  15.0,  22.0,  32.0, 3.0  ,  0.0,  7.0,  0.0,  0.0,  1.0,    , 108.0,       ,      ,      ,        ,        ,        ,        ,        ,        ,        ,        ,      
russeph01, 1972,     1, CHI , NHL , D  , 76.0,  6.0,  19.0,  25.0, 156.0, 31.0 ,  1.0,     ,  0.0,     ,  0.0, 0.0, 119.0,   16.0,   0.0,   3.0,     3.0,    49.0,        ,     0.0,        ,     0.0,        ,     0.0,      
russeph01, 1973,     1, CHI , NHL , D  , 75.0, 10.0,  25.0,  35.0, 184.0, 47.0 ,  0.0,     ,  1.0,     ,  0.0, 1.0, 123.0,    9.0,   0.0,   1.0,     1.0,    41.0,        ,     0.0,        ,     0.0,        ,     0.0,      
russeph01, 1974,     1, CHI , NHL , D  , 80.0,  5.0,  24.0,  29.0, 260.0, 7.0  ,  1.0,     ,  0.0,     ,  1.0, 0.0, 187.0,    8.0,   1.0,   3.0,     4.0,    23.0,        ,     0.0,        ,     0.0,        ,     0.0,      
russeph01, 1975,     1, CHI , NHL , D  , 74.0,  9.0,  29.0,  38.0, 194.0, -20.0,  7.0,     ,  0.0,     ,  0.0, 0.0, 180.0,    4.0,   0.0,   1.0,     1.0,    17.0,        ,     0.0,        ,     0.0,        ,     0.0,      
russeph01, 1976,     1, CHI , NHL , D  , 76.0,  9.0,  36.0,  45.0, 233.0, 1.0  ,  1.0,     ,  0.0,     ,  2.0, 0.0, 178.0,    2.0,   0.0,   1.0,     1.0,     2.0,        ,     0.0,        ,     0.0,        ,     0.0,      
russeph01, 1977,     1, CHI , NHL , D  , 57.0,  6.0,  20.0,  26.0, 139.0, 19.0 ,  0.0,     ,  1.0,     ,  1.0, 1.0, 132.0,       ,      ,      ,        ,        ,        ,        ,        ,        ,        ,        ,      
russeph01, 1978,     1, CHI , NHL , D  , 66.0,  8.0,  23.0,  31.0, 122.0, -7.0 ,  1.0,     ,  1.0,     ,  1.0, 1.0, 147.0,       ,      ,      ,        ,        ,        ,        ,        ,        ,        ,        ,      
russeph01, 1978,     2, ATF , NHL , D  , 13.0,  1.0,   6.0,   7.0,  28.0, 1.0  ,  1.0,     ,  0.0,     ,  0.0, 0.0,  19.0,    2.0,   0.0,   0.0,     0.0,     9.0,        ,     0.0,        ,     0.0,        ,     0.0,      
russeph01, 1979,     1, ATF , NHL , D  , 80.0,  5.0,  31.0,  36.0, 115.0, 14.0 ,  1.0,     ,  0.0,     ,  1.0, 0.0, 104.0,    4.0,   0.0,   1.0,     1.0,     6.0,        ,     0.0,        ,     0.0,        ,     0.0,      
russeph01, 1980,     1, CAL , NHL , D  , 80.0,  6.0,  23.0,  29.0, 104.0, 17.0 ,  1.0,     ,  1.0,     ,  1.0, 0.0, 109.0,   16.0,   2.0,   7.0,     9.0,    29.0,        ,     0.0,        ,     0.0,        ,     0.0,      
russeph01, 1981,     1, CAL , NHL , D  , 71.0,  4.0,  25.0,  29.0, 110.0, 6.0  ,  0.0,     ,  0.0,     ,  0.0, 0.0, 114.0,    3.0,   0.0,   1.0,     1.0,     2.0,        ,     0.0,        ,     0.0,        ,     0.0,      
russeph01, 1982,     1, CAL , NHL , D  , 78.0, 13.0,  18.0,  31.0, 112.0, 2.0  ,  0.0,     ,  1.0,     ,  2.0, 0.0, 116.0,    9.0,   1.0,   4.0,     5.0,    24.0,        ,     0.0,        ,     0.0,        ,     0.0,      
russeph01, 1983,     1, NJD , NHL , D  , 76.0,  9.0,  22.0,  31.0,  96.0, -27.0,  0.0,     ,  0.0,     ,  0.0, 1.0, 123.0,       ,      ,      ,        ,        ,        ,        ,        ,        ,        ,        ,      
russeph01, 1984,     1, NJD , NHL , D  , 66.0,  4.0,  16.0,  20.0, 110.0, -14.0,  0.0,     ,  1.0,     ,  0.0, 0.0,  73.0,       ,      ,      ,        ,        ,        ,        ,        ,        ,        ,        ,      
russeph01, 1985,     1, NJD , NHL , D  , 30.0,  2.0,   3.0,   5.0,  51.0, -17.0,  0.0,     ,  0.0,     ,  0.0, 0.0,  22.0,       ,      ,      ,        ,        ,        ,        ,        ,        ,        ,        ,      
russeph01, 1985,     2, BUF , NHL , D  , 12.0,  2.0,   3.0,   5.0,  12.0, -8.0 ,  0.0,     ,  0.0,     ,  0.0, 0.0,  15.0,       ,      ,      ,        ,        ,        ,        ,        ,        ,        ,        ,      
russeph01, 1986,     1, BUF , NHL , D  ,  6.0,  0.0,   2.0,   2.0,  12.0, 0.0  ,  0.0,     ,  0.0,     ,  0.0, 0.0,   2.0,       ,      ,      ,        ,        ,        ,        ,        ,        ,        ,        ,      
rutheji01, 1970,     1, DET , NHL , G  , 29.0,  0.0,   0.0,   0.0,   0.0, 0.0  ,  0.0,     ,  0.0,     ,  0.0, 0.0,   0.0,       ,      ,      ,        ,        ,        ,        ,        ,        ,        ,        ,      
rutheji01, 1971,     1, PIT , NHL , G  , 40.0,  0.0,   0.0,   0.0,  16.0, 0.0  ,  0.0,     ,  0.0,     ,  0.0, 0.0,   0.0,    4.0,   0.0,   0.0,     0.0,     0.0,        ,     0.0,        ,     0.0,        ,     0.0,      
rutheji01, 1972,     1, PIT , NHL , G  , 49.0,  0.0,   0.0,   0.0,   0.0, 0.0  ,  0.0,     ,  0.0,     ,  0.0, 0.0,   0.0,       ,      ,      ,        ,        ,        ,        ,        ,        ,        ,        ,      
rutheji01, 1973,     1, PIT , NHL , G  , 26.0,  0.0,   1.0,   1.0,   2.0, 0.0  ,  0.0,     ,  0.0,     ,  0.0, 0.0,   0.0,       ,      ,      ,        ,        ,        ,        ,        ,        ,        ,        ,      
rutheji01, 1973,     2, DET , NHL , G  , 25.0,  0.0,   3.0,   3.0,   2.0, 0.0  ,  0.0,     ,  0.0,     ,  0.0, 0.0,   0.0,       ,      ,      ,        ,        ,        ,        ,        ,        ,        ,        ,      
rutheji01, 1974,     1, DET , NHL , G  , 59.0,  0.0,   4.0,   4.0,   4.0, 0.0  ,  0.0,     ,  0.0,     ,  0.0, 0.0,   0.0,       ,      ,      ,        ,        ,        ,        ,        ,        ,        ,        ,      
rutheji01, 1975,     1, DET , NHL , G  , 44.0,  0.0,   0.0,   0.0,   4.0, 0.0  ,  0.0,     ,  0.0,     ,  0.0, 0.0,   0.0,       ,      ,      ,        ,        ,        ,        ,        ,        ,        ,        ,      
rutheji01, 1976,     1, DET , NHL , G  , 48.0,  0.0,   1.0,   1.0,   2.0, 0.0  ,  0.0,     ,  0.0,     ,  0.0, 0.0,   0.0,       ,      ,      ,        ,        ,        ,        ,        ,        ,        ,        ,      
rutheji01, 1977,     1, DET , NHL , G  , 43.0,  0.0,   2.0,   2.0,   2.0, 0.0  ,  0.0,     ,  0.0,     ,  0.0, 0.0,   0.0,    3.0,   0.0,   1.0,     1.0,     0.0,        ,     0.0,        ,     0.0,        ,     0.0,      
rutheji01, 1978,     1, DET , NHL , G  , 32.0,  0.0,   2.0,   2.0,   4.0, 0.0  ,  0.0,     ,  0.0,     ,  0.0, 0.0,   0.0,       ,      ,      ,        ,        ,        ,        ,        ,        ,        ,        ,      
rutheji01, 1979,     1, DET , NHL , G  , 23.0,  0.0,   0.0,   0.0,  24.0, 0.0  ,  0.0,     ,  0.0,     ,  0.0, 0.0,   0.0,       ,      ,      ,        ,        ,        ,        ,        ,        ,        ,        ,      
rutheji01, 1980,     1, DET , NHL , G  , 10.0,  0.0,   1.0,   1.0,   0.0, 0.0  ,  0.0,     ,  0.0,     ,  0.0, 0.0,   0.0,       ,      ,      ,        ,        ,        ,        ,        ,        ,        ,        ,      
rutheji01, 1980,     2, TOR , NHL , G  , 18.0,  0.0,   0.0,   0.0,   2.0, 0.0  ,  0.0,     ,  0.0,     ,  0.0, 0.0,   0.0,       ,      ,      ,        ,        ,        ,        ,        ,        ,        ,        ,      
rutheji01, 1980,     3, LAK , NHL , G  ,  3.0,  0.0,   1.0,   1.0,   0.0, 0.0  ,  0.0,     ,  0.0,     ,  0.0, 0.0,   0.0,    1.0,   0.0,   0.0,     0.0,     0.0,        ,     0.0,        ,     0.0,        ,     0.0,      
rutheji01, 1981,     1, LAK , NHL , G  ,  7.0,  0.0,   0.0,   0.0,   0.0, 0.0  ,  0.0,     ,  0.0,     ,  0.0, 0.0,   0.0,       ,      ,      ,        ,        ,        ,        ,        ,        ,        ,        ,      
rutheji01, 1982,     1, DET , NHL , G  ,  1.0,  0.0,   0.0,   0.0,   0.0, 0.0  ,  0.0,     ,  0.0,     ,  0.0, 0.0,   0.0,       ,      ,      ,        ,        ,        ,        ,        ,        ,        ,        ,      
rutlewa01, 1967,     1, LAK , NHL , G  , 45.0,  0.0,   0.0,   0.0,   4.0, 0.0  ,  0.0,     ,  0.0,     ,  0.0, 0.0,   0.0,    3.0,   0.0,   0.0,     0.0,     0.0,        ,     0.0,        ,     0.0,        ,     0.0,      
rutlewa01, 1968,     1, LAK , NHL , G  , 17.0,  0.0,   0.0,   0.0,   2.0, 0.0  ,  0.0,     ,  0.0,     ,  0.0, 0.0,   0.0,    5.0,   0.0,   0.0,     0.0,     4.0,        ,     0.0,        ,     0.0,        ,     0.0,      
rutlewa01, 1969,     1, LAK , NHL , G  , 20.0,  0.0,   0.0,   0.0,   5.0, 0.0  ,  0.0,     ,  0.0,     ,  0.0, 0.0,   0.0,       ,      ,      ,        ,        ,        ,        ,        ,        ,        ,        ,      
rutlewa01, 1972,     1, HOU , WHA , G  , 36.0,  0.0,   0.0,   0.0,  11.0,      ,  0.0,     ,  0.0,     ,     ,    ,      ,    7.0,   0.0,   0.0,     0.0,     0.0,        ,     0.0,        ,     0.0,        ,     0.0,      
rutlewa01, 1973,     1, HOU , WHA , G  , 25.0,  0.0,   1.0,   1.0,  14.0,      ,  0.0,     ,  0.0,     ,  0.0,    ,      ,       ,      ,      ,        ,        ,        ,        ,        ,        ,        ,     0.0,      
rutlewa01, 1974,     1, HOU , WHA , G  , 35.0,  0.0,   0.0,   0.0,   0.0,      ,  0.0,     ,  0.0,     ,  0.0,    ,   0.0,       ,      ,      ,        ,        ,        ,        ,        ,        ,        ,        ,      
rutlewa01, 1975,     1, HOU , WHA , G  , 25.0,  0.0,   0.0,   0.0,   6.0, 0.0  ,  0.0,     ,  0.0,     ,  0.0,    ,   0.0,    4.0,   0.0,   0.0,     0.0,     0.0, 0.0    ,        ,        ,        ,        ,        ,      
rutlewa01, 1976,     1, HOU , WHA , G  , 42.0,  0.0,   3.0,   3.0,   6.0, 0.0  ,  0.0,     ,  0.0,     ,  0.0,    ,   0.0,    2.0,   0.0,   0.0,     0.0,     0.0, 0.0    ,     0.0,        ,     0.0,        ,     0.0,      
rutlewa01, 1977,     1, HOU , WHA , G  , 12.0,  0.0,   0.0,   0.0,   2.0, 0.0  ,  0.0,     ,  0.0,     ,     ,    ,   0.0,    3.0,   0.0,   0.0,     0.0,     2.0, 0.0    ,        ,        ,        ,        ,     0.0,      
ruuttch01, 1986,     1, BUF , NHL , C  , 76.0, 22.0,  43.0,  65.0,  62.0, 9.0  ,  3.0,     ,  1.0,     ,  1.0, 1.0, 167.0,       ,      ,      ,        ,        ,        ,        ,        ,        ,        ,        ,      
ruuttch01, 1987,     1, BUF , NHL , C  , 73.0, 26.0,  45.0,  71.0,  85.0, -3.0 ,  8.0, 18.0,  1.0,  1.0,  4.0, 0.0, 185.0,    6.0,   2.0,   5.0,     7.0,     4.0, -2.0   ,     1.0,     2.0,     0.0,     0.0,     0.0,    10.0
ruuttch01, 1988,     1, BUF , NHL , C  , 67.0, 14.0,  46.0,  60.0,  98.0, 13.0 ,  5.0, 13.0,  0.0,  1.0,  1.0, 0.0, 149.0,    2.0,   0.0,   0.0,     0.0,     2.0, -1.0   ,     0.0,     0.0,     0.0,     0.0,     0.0,     1.0
ruuttch01, 1989,     1, BUF , NHL , C  , 75.0, 19.0,  41.0,  60.0,  66.0, 9.0  ,  4.0,  6.0,  1.0,  2.0,  2.0, 1.0, 160.0,    6.0,   0.0,   0.0,     0.0,     4.0, -5.0   ,     0.0,     0.0,     0.0,     0.0,     0.0,    12.0
ruuttch01, 1990,     1, BUF , NHL , C  , 77.0, 16.0,  34.0,  50.0,  96.0, -6.0 ,  2.0, 13.0,  3.0,  1.0,  1.0, 1.0, 155.0,    6.0,   1.0,   3.0,     4.0,    29.0, 3.0    ,     0.0,     0.0,     1.0,     1.0,     0.0,     7.0
ruuttch01, 1991,     1, BUF , NHL , C  , 70.0,  4.0,  21.0,  25.0,  76.0, -7.0 ,  0.0,  7.0,  2.0,  0.0,  1.0, 0.0, 108.0,    3.0,   0.0,   0.0,     0.0,     6.0, -1.0   ,     0.0,     0.0,     0.0,     0.0,     0.0,     1.0
ruuttch01, 1992,     1, CHI , NHL , C  , 84.0, 17.0,  37.0,  54.0, 134.0, 14.0 ,  3.0,  9.0,  1.0,  0.0,  6.0, 0.0, 187.0,    4.0,   0.0,   0.0,     0.0,     2.0, -1.0   ,     0.0,     0.0,     0.0,     0.0,     0.0,     7.0
ruuttch01, 1993,     1, CHI , NHL , C  , 54.0,  9.0,  20.0,  29.0,  68.0, -4.0 ,  1.0,  6.0,  1.0,  0.0,  1.0, 0.0,  96.0,    6.0,   0.0,   0.0,     0.0,     2.0, -2.0   ,     0.0,     0.0,     0.0,     0.0,     0.0,     5.0
ruuttch01, 1994,     1, CHI , NHL , L  , 20.0,  2.0,   5.0,   7.0,   6.0, 3.0  ,  0.0,  1.0,  0.0,  0.0,  1.0, 0.0,  25.0,       ,      ,      ,        ,        ,        ,        ,        ,        ,        ,        ,      
ruuttch01, 1994,     2, VAN , NHL , L  , 25.0,  5.0,   6.0,  11.0,  23.0, 11.0 ,  0.0,  0.0,  0.0,  0.0,  1.0, 0.0,  44.0,    9.0,   1.0,   1.0,     2.0,     0.0, -3.0   ,     0.0,     1.0,     1.0,     0.0,     0.0,    12.0
ruutuja01, 1999,     1, VAN , NHL , L  ,  8.0,  0.0,   1.0,   1.0,   6.0, -1.0 ,  0.0,  0.0,  0.0,  0.0,  0.0, 0.0,   4.0,       ,      ,      ,        ,        ,        ,        ,        ,        ,        ,        ,      
ruutuja01, 2000,     1, VAN , NHL , L  , 21.0,  3.0,   3.0,   6.0,  32.0, 1.0  ,  0.0,  0.0,  1.0,  0.0,  0.0, 0.0,  23.0,    4.0,   0.0,   1.0,     1.0,     8.0, 0.0    ,     0.0,     0.0,     0.0,     0.0,     0.0,     1.0
ruutuja01, 2001,     1, VAN , NHL , R  , 49.0,  2.0,   7.0,   9.0,  74.0, -1.0 ,  0.0,  0.0,  0.0,  0.0,  0.0, 0.0,  37.0,    1.0,   0.0,   0.0,     0.0,     0.0, -1.0   ,     0.0,     0.0,     0.0,     0.0,     0.0,     0.0
ruutuja01, 2002,     1, VAN , NHL , R  , 36.0,  2.0,   2.0,   4.0,  66.0, -7.0 ,  0.0,  0.0,  0.0,  0.0,  1.0, 0.0,  36.0,   13.0,   0.0,   2.0,     2.0,    14.0, 1.0    ,     0.0,     0.0,     0.0,     1.0,     0.0,    10.0
ruutuja01, 2003,     1, VAN , NHL , R  , 71.0,  6.0,   8.0,  14.0, 133.0, -13.0,  1.0,  1.0,  0.0,  1.0,  0.0, 1.0,  70.0,    6.0,   1.0,   0.0,     1.0,    10.0, -3.0   ,     0.0,     0.0,     0.0,     0.0,     0.0,     2.0
ruutuja01, 2005,     1, VAN , NHL , R  , 82.0, 10.0,   7.0,  17.0, 142.0, 1.0  ,  2.0,  0.0,  0.0,  0.0,  2.0,    ,  85.0,       ,      ,      ,        ,        ,        ,        ,        ,        ,        ,        ,      
ruutuja01, 2006,     1, PIT , NHL , L  , 81.0,  7.0,   9.0,  16.0, 125.0, 0.0  ,  0.0,  0.0,  0.0,  0.0,  2.0,    ,  63.0,    5.0,   0.0,   0.0,     0.0,    10.0, -1.0   ,     0.0,     0.0,     0.0,     0.0,     0.0,     1.0
ruutuja01, 2007,     1, PIT , NHL , L  , 71.0,  6.0,  10.0,  16.0, 138.0, 3.0  ,  0.0,  0.0,  1.0,  0.0,  1.0,    ,  55.0,   20.0,   2.0,   1.0,     3.0,    26.0, -1.0   ,     0.0,     0.0,     0.0,     0.0,     1.0,    23.0
ruutuja01, 2008,     1, OTT , NHL , L  , 78.0,  7.0,  14.0,  21.0, 144.0, 0.0  ,  0.0,  0.0,  1.0,  2.0,  0.0,    ,  89.0,       ,      ,      ,        ,        ,        ,        ,        ,        ,        ,        ,      
ruutuja01, 2009,     1, OTT , NHL , L  , 82.0, 12.0,  14.0,  26.0, 121.0, -2.0 ,  0.0,  1.0,  0.0,  1.0,  1.0,    , 106.0,    6.0,   2.0,   1.0,     3.0,    34.0, 2.0    ,     0.0,     0.0,     0.0,     0.0,     1.0,    14.0
ruututu01, 2003,     1, CHI , NHL , L  , 82.0, 23.0,  21.0,  44.0,  58.0, -31.0, 10.0,  7.0,  0.0,  0.0,  3.0, 0.0, 174.0,       ,      ,      ,        ,        ,        ,        ,        ,        ,        ,        ,      
ruututu01, 2005,     1, CHI , NHL , C  , 15.0,  2.0,   3.0,   5.0,  31.0, -7.0 ,  1.0,  0.0,  0.0,  0.0,  0.0,    ,  30.0,       ,      ,      ,        ,        ,        ,        ,        ,        ,        ,        ,      
ruututu01, 2006,     1, CHI , NHL , C  , 71.0, 17.0,  21.0,  38.0,  95.0, 4.0  ,  1.0,  7.0,  0.0,  0.0,  1.0,    , 115.0,       ,      ,      ,        ,        ,        ,        ,        ,        ,        ,        ,      
ruututu01, 2007,     1, CHI , NHL , L  , 60.0,  6.0,  15.0,  21.0,  75.0, 3.0  ,  1.0,  0.0,  0.0,  0.0,  1.0,    ,  71.0,       ,      ,      ,        ,        ,        ,        ,        ,        ,        ,        ,      
ruututu01, 2007,     2, CAR , NHL , L  , 17.0,  4.0,   7.0,  11.0,  16.0, 1.0  ,  3.0,  0.0,  0.0,  0.0,  0.0,    ,  29.0,       ,      ,      ,        ,        ,        ,        ,        ,        ,        ,        ,      
ruututu01, 2008,     1, CAR , NHL , L  , 79.0, 26.0,  28.0,  54.0,  79.0, 0.0  , 10.0,  7.0,  0.0,  0.0,  4.0,    , 190.0,   16.0,   1.0,   3.0,     4.0,     8.0, -3.0   ,     0.0,     0.0,     0.0,     0.0,     0.0,    17.0
ruututu01, 2009,     1, CAR , NHL , C  , 54.0, 14.0,  21.0,  35.0,  50.0, -4.0 ,  5.0,  7.0,  0.0,  0.0,  1.0,    , 122.0,       ,      ,      ,        ,        ,        ,        ,        ,        ,        ,        ,      
ruzicst01, 2005,     1, PHI , NHL , R  ,  1.0,  0.0,   0.0,   0.0,   2.0, 0.0  ,  0.0,  0.0,  0.0,  0.0,  0.0,    ,   1.0,       ,      ,      ,        ,        ,        ,        ,        ,        ,        ,        ,      
ruzicst01, 2006,     1, PHI , NHL , R  , 40.0,  3.0,  10.0,  13.0,  18.0, -6.0 ,  1.0,  3.0,  0.0,  0.0,  0.0,    ,  75.0,       ,      ,      ,        ,        ,        ,        ,        ,        ,        ,        ,      
ruzicst01, 2007,     1, PHI , NHL , R  , 14.0,  1.0,   3.0,   4.0,  27.0, 5.0  ,  0.0,  1.0,  0.0,  0.0,  0.0,    ,  10.0,       ,      ,      ,        ,        ,        ,        ,        ,        ,        ,        ,      
ruzicvl01, 1989,     1, EDM , NHL , C  , 25.0, 11.0,   6.0,  17.0,  10.0, -21.0,  4.0,  3.0,  0.0,  0.0,  1.0, 0.0,  52.0,       ,      ,      ,        ,        ,        ,        ,        ,        ,        ,        ,      
ruzicvl01, 1990,     1, BOS , NHL , C  , 29.0,  8.0,   8.0,  16.0,  19.0, 1.0  ,  4.0,  3.0,  0.0,  0.0,  0.0, 0.0,  51.0,   17.0,   2.0,  11.0,    13.0,     0.0, 2.0    ,     1.0,     4.0,     0.0,     0.0,     2.0,    32.0
ruzicvl01, 1991,     1, BOS , NHL , L  , 77.0, 39.0,  36.0,  75.0,  48.0, -10.0, 18.0, 19.0,  0.0,  0.0,  6.0, 3.0, 228.0,   13.0,   2.0,   3.0,     5.0,     2.0, -7.0   ,     2.0,     1.0,     0.0,     0.0,     0.0,    16.0
ruzicvl01, 1992,     1, BOS , NHL , C  , 60.0, 19.0,  22.0,  41.0,  38.0, -6.0 ,  7.0,  6.0,  0.0,  0.0,  2.0, 0.0, 146.0,       ,      ,      ,        ,        ,        ,        ,        ,        ,        ,        ,      
ruzicvl01, 1993,     1, OTT , NHL , C  , 42.0,  5.0,  13.0,  18.0,  14.0, -21.0,  4.0,  6.0,  0.0,  0.0,  0.0, 1.0,  64.0,       ,      ,      ,        ,        ,        ,        ,        ,        ,        ,        ,      
ryanbo01 , 2007,     1, AND , NHL , R  , 23.0,  5.0,   5.0,  10.0,   6.0, -1.0 ,  3.0,  1.0,  0.0,  0.0,  0.0,    ,  37.0,    2.0,   0.0,   0.0,     0.0,     2.0, 0.0    ,     0.0,     0.0,     0.0,     0.0,     0.0,     2.0
ryanbo01 , 2008,     1, AND , NHL , R  , 64.0, 31.0,  26.0,  57.0,  33.0, 13.0 , 12.0, 11.0,  0.0,  0.0,  3.0,    , 174.0,   13.0,   5.0,   2.0,     7.0,     0.0, 0.0    ,     2.0,     0.0,     0.0,     0.0,     1.0,    49.0
ryanbo01 , 2009,     1, AND , NHL , R  , 81.0, 35.0,  29.0,  64.0,  81.0, 9.0  , 11.0, 10.0,  0.0,  0.0,  3.0,    , 258.0,       ,      ,      ,        ,        ,        ,        ,        ,        ,        ,        ,      
ryanma01 , 2005,     1, LAK , NHL , C  , 12.0,  0.0,   1.0,   1.0,   2.0, -4.0 ,  0.0,  0.0,  0.0,  0.0,  0.0,    ,   8.0,       ,      ,      ,        ,        ,        ,        ,        ,        ,        ,        ,      
ryanmi01 , 2006,     1, BUF , NHL , C  , 19.0,  3.0,   2.0,   5.0,   2.0, -8.0 ,  0.0,  0.0,  1.0,  0.0,  0.0,    ,  34.0,       ,      ,      ,        ,        ,        ,        ,        ,        ,        ,        ,      
ryanmi01 , 2007,     1, BUF , NHL , C  , 46.0,  4.0,   4.0,   8.0,  30.0, -4.0 ,  0.0,  0.0,  0.0,  0.0,  0.0,    ,  60.0,       ,      ,      ,        ,        ,        ,        ,        ,        ,        ,        ,      
ryanmi01 , 2008,     1, CAR , NHL , L  , 18.0,  0.0,   2.0,   2.0,   2.0, -3.0 ,  0.0,  0.0,  0.0,  0.0,  0.0,    ,  24.0,       ,      ,      ,        ,        ,        ,        ,        ,        ,        ,        ,      
ryanpr01 , 2005,     1, VAN , NHL , D  ,  1.0,  0.0,   0.0,   0.0,   2.0, -1.0 ,  0.0,  0.0,  0.0,  0.0,  0.0,    ,   0.0,       ,      ,      ,        ,        ,        ,        ,        ,        ,        ,        ,      
ryante01 , 1996,     1, MTL , NHL , L  ,  3.0,  0.0,   0.0,   0.0,   0.0, 0.0  ,  0.0,  0.0,  0.0,  0.0,  0.0, 0.0,   0.0,       ,      ,      ,        ,        ,        ,        ,        ,        ,        ,        ,      
ryante01 , 1997,     1, MTL , NHL , L  ,  4.0,  0.0,   0.0,   0.0,  31.0, 0.0  ,  0.0,  0.0,  0.0,  0.0,  0.0, 0.0,   0.0,       ,      ,      ,        ,        ,        ,        ,        ,        ,        ,        ,      
ryante01 , 1998,     1, MTL , NHL , L  ,  1.0,  0.0,   0.0,   0.0,   5.0, 0.0  ,  0.0,  0.0,  0.0,  0.0,  0.0, 0.0,   0.0,       ,      ,      ,        ,        ,        ,        ,        ,        ,        ,        ,      
ryante02 , 1972,     1, MFS , WHA , C  , 76.0, 13.0,   6.0,  19.0,  13.0,      ,  1.0,     ,  6.0,     ,     ,    ,      ,    5.0,   0.0,   2.0,     2.0,     0.0,        ,     0.0,        ,     0.0,        ,     0.0,      
rychewa01, 1988,     1, CHI , NHL , L  ,  2.0,  0.0,   0.0,   0.0,  17.0, -1.0 ,  0.0,  0.0,  0.0,  0.0,  0.0, 0.0,   3.0,       ,      ,      ,        ,        ,        ,        ,        ,        ,        ,        ,      
rychewa01, 1990,     1, CHI , NHL , L  ,     ,     ,      ,      ,      ,      ,     ,     ,     ,     ,     ,    ,      ,    3.0,   1.0,   3.0,     4.0,     2.0, 1.0    ,     1.0,     2.0,     0.0,     0.0,     1.0,     7.0
rychewa01, 1992,     1, LAK , NHL , L  , 70.0,  6.0,   7.0,  13.0, 314.0, -15.0,  0.0,  0.0,  0.0,  0.0,  1.0, 0.0,  67.0,   23.0,   6.0,   7.0,    13.0,    39.0, 4.0    ,     0.0,     1.0,     0.0,     0.0,     2.0,    27.0
rychewa01, 1993,     1, LAK , NHL , L  , 80.0, 10.0,   9.0,  19.0, 322.0, -19.0,  0.0,  1.0,  0.0,  0.0,  3.0, 0.0, 105.0,       ,      ,      ,        ,        ,        ,        ,        ,        ,        ,        ,      
rychewa01, 1994,     1, LAK , NHL , L  ,  7.0,  0.0,   0.0,   0.0,  19.0, -5.0 ,  0.0,  0.0,  0.0,  0.0,  0.0, 0.0,   7.0,       ,      ,      ,        ,        ,        ,        ,        ,        ,        ,        ,      
rychewa01, 1994,     2, TOR , NHL , L  , 26.0,  1.0,   6.0,   7.0, 101.0, 1.0  ,  0.0,  0.0,  0.0,  0.0,  0.0, 0.0,  34.0,    3.0,   0.0,   0.0,     0.0,     0.0, -2.0   ,     0.0,     0.0,     0.0,     0.0,     0.0,     2.0
rychewa01, 1995,     1, COL , NHL , L  , 52.0,  6.0,   2.0,   8.0, 147.0, 6.0  ,  0.0,  0.0,  0.0,  0.0,  1.0, 0.0,  45.0,   12.0,   1.0,   0.0,     1.0,    23.0, 4.0    ,     0.0,     0.0,     0.0,     0.0,     0.0,     4.0
rychewa01, 1996,     1, ANA , NHL , R  , 70.0, 10.0,   7.0,  17.0, 218.0, 6.0  ,  1.0,  0.0,  1.0,  0.0,  1.0, 0.0,  59.0,   11.0,   0.0,   2.0,     2.0,    19.0, -2.0   ,     0.0,     0.0,     0.0,     0.0,     0.0,    16.0
rychewa01, 1997,     1, ANA , NHL , L  , 63.0,  5.0,   6.0,  11.0, 198.0, -10.0,  1.0,  1.0,  0.0,  0.0,  0.0, 0.0,  62.0,       ,      ,      ,        ,        ,        ,        ,        ,        ,        ,        ,      
rychewa01, 1997,     2, COL , NHL , L  ,  8.0,  0.0,   0.0,   0.0,  23.0, -1.0 ,  0.0,  0.0,  0.0,  0.0,  0.0, 0.0,   4.0,    6.0,   0.0,   0.0,     0.0,    24.0, -2.0   ,     0.0,     0.0,     0.0,     0.0,     0.0,     4.0
rychewa01, 1998,     1, COL , NHL , L  , 28.0,  0.0,   2.0,   2.0,  63.0, 3.0  ,  0.0,  0.0,  0.0,  0.0,  0.0, 0.0,  15.0,   12.0,   0.0,   1.0,     1.0,    14.0, -1.0   ,     0.0,     0.0,     0.0,     0.0,     0.0,     6.0
rycroal01, 1972,     1, CLC , WHA , R  ,  7.0,  0.0,   2.0,   2.0,   0.0,      ,  0.0,     ,  0.0,     ,     ,    ,      ,       ,      ,      ,        ,        ,        ,        ,        ,        ,        ,        ,      
rycroma01, 2001,     1, STL , NHL , L  ,  9.0,  0.0,   3.0,   3.0,   4.0, 0.0  ,  0.0,  0.0,  0.0,  0.0,  0.0, 0.0,  14.0,       ,      ,      ,        ,        ,        ,        ,        ,        ,        ,        ,      
rycroma01, 2003,     1, STL , NHL , R  , 71.0,  9.0,  12.0,  21.0,  32.0, 2.0  ,  0.0,  1.0,  0.0,  0.0,  0.0, 0.0, 110.0,    3.0,   0.0,   0.0,     0.0,     2.0, -1.0   ,     0.0,     0.0,     0.0,     0.0,     0.0,     1.0
rycroma01, 2005,     1, STL , NHL , L  , 80.0,  6.0,   4.0,  10.0,  46.0, -14.0,  0.0,  0.0,  1.0,  0.0,  2.0,    ,  77.0,       ,      ,      ,        ,        ,        ,        ,        ,        ,        ,        ,      
rycroma01, 2006,     1, COL , NHL , R  , 66.0,  6.0,   6.0,  12.0,  31.0, 3.0  ,  0.0,  0.0,  0.0,  0.0,  2.0,    ,  74.0,       ,      ,      ,        ,        ,        ,        ,        ,        ,        ,        ,      
rydermi01, 2003,     1, MTL , NHL , R  , 81.0, 25.0,  38.0,  63.0,  26.0, 10.0 , 10.0, 13.0,  0.0,  0.0,  4.0, 0.0, 215.0,   11.0,   1.0,   2.0,     3.0,     4.0, -5.0   ,     0.0,     0.0,     0.0,     0.0,     0.0,    36.0
rydermi01, 2005,     1, MTL , NHL , R  , 81.0, 30.0,  25.0,  55.0,  40.0, -5.0 , 18.0, 14.0,  0.0,  0.0,  6.0,    , 243.0,    6.0,   2.0,   3.0,     5.0,     0.0, -4.0   ,     1.0,     3.0,     0.0,     0.0,     1.0,    13.0
rydermi01, 2006,     1, MTL , NHL , R  , 82.0, 30.0,  28.0,  58.0,  60.0, -25.0, 17.0, 17.0,  2.0,  0.0,  3.0,    , 221.0,       ,      ,      ,        ,        ,        ,        ,        ,        ,        ,        ,      
rydermi01, 2007,     1, MTL , NHL , R  , 70.0, 14.0,  17.0,  31.0,  30.0, -4.0 ,  1.0, 12.0,  0.0,  0.0,  2.0,    , 134.0,    4.0,   0.0,   0.0,     0.0,     2.0, 1.0    ,     0.0,     0.0,     0.0,     0.0,     0.0,     6.0
rydermi01, 2008,     1, BOS , NHL , R  , 74.0, 27.0,  26.0,  53.0,  26.0, 28.0 , 10.0,  7.0,  0.0,  0.0,  7.0,    , 185.0,   11.0,   5.0,   8.0,    13.0,     8.0, 4.0    ,     1.0,     2.0,     0.0,     0.0,     1.0,    25.0
rydermi01, 2009,     1, BOS , NHL , R  , 82.0, 18.0,  15.0,  33.0,  35.0, 3.0  ,  7.0,  3.0,  0.0,  0.0,  1.0,    , 191.0,   13.0,   4.0,   1.0,     5.0,     2.0, -4.0   ,     1.0,     1.0,     0.0,     0.0,     0.0,    37.0
rydmabl01, 1972,     1, NRA , WHA , D  ,  2.0,  0.0,   0.0,   0.0,   4.0,      ,  0.0,     ,  0.0,     ,     ,    ,      ,       ,      ,      ,        ,        ,        ,        ,        ,        ,        ,        ,      
rydmabl01, 1972,     2, MFS , WHA , D  , 29.0,  0.0,   1.0,   1.0,  65.0,      ,  0.0,     ,  0.0,     ,     ,    ,      ,    1.0,   0.0,   0.0,     0.0,     0.0,        ,     0.0,        ,     0.0,        ,     0.0,      
rydmabl01, 1973,     1, MFS , WHA , D  ,  8.0,  0.0,   0.0,   0.0,  21.0,      ,  0.0,     ,  0.0,     ,  0.0,    ,      ,       ,      ,      ,        ,        ,        ,        ,        ,        ,        ,        ,      
rymshan01, 1991,     1, QUE , NHL , D  ,  6.0,  0.0,   0.0,   0.0,  23.0, -3.0 ,  0.0,  0.0,  0.0,  0.0,  0.0, 0.0,   4.0,       ,      ,      ,        ,        ,        ,        ,        ,        ,        ,        ,      
rypieri01, 2005,     1, VAN , NHL , C  ,  5.0,  1.0,   0.0,   1.0,   4.0, 1.0  ,  0.0,  0.0,  0.0,  0.0,  0.0,    ,   6.0,       ,      ,      ,        ,        ,        ,        ,        ,        ,        ,        ,      
rypieri01, 2006,     1, VAN , NHL , C  ,  2.0,  0.0,   0.0,   0.0,   5.0, 0.0  ,  0.0,  0.0,  0.0,  0.0,  0.0,    ,   0.0,       ,      ,      ,        ,        ,        ,        ,        ,        ,        ,        ,      
rypieri01, 2007,     1, VAN , NHL , C  , 22.0,  1.0,   2.0,   3.0,  41.0, -5.0 ,  0.0,  0.0,  0.0,  1.0,  0.0,    ,   8.0,       ,      ,      ,        ,        ,        ,        ,        ,        ,        ,        ,      
rypieri01, 2008,     1, VAN , NHL , C  , 12.0,  3.0,   0.0,   3.0,  19.0, -3.0 ,  0.0,  0.0,  1.0,  0.0,  0.0,    ,  16.0,   10.0,   0.0,   2.0,     2.0,    40.0, -1.0   ,     0.0,     0.0,     0.0,     0.0,     0.0,     6.0
rypieri01, 2009,     1, VAN , NHL , C  , 69.0,  4.0,   4.0,   8.0, 126.0, -3.0 ,  0.0,  0.0,  0.0,  0.0,  1.0,    ,  61.0,    7.0,   0.0,   1.0,     1.0,     7.0, 1.0    ,     0.0,     0.0,     0.0,     0.0,     0.0,     1.0
ryznaja01, 2005,     1, NJD , NHL , L  ,  8.0,  0.0,   0.0,   0.0,   2.0, -1.0 ,  0.0,  0.0,  0.0,  0.0,  0.0,    ,   1.0,       ,      ,      ,        ,        ,        ,        ,        ,        ,        ,        ,      
saariol01, 1978,     1, FIN , WHA ,    ,  1.0,  0.0,   0.0,   0.0,   2.0,      ,  0.0,     ,  0.0,     ,  0.0,    ,      ,       ,      ,      ,        ,        ,        ,        ,        ,        ,        ,        ,      
saarisi01, 1984,     1, NYR , NHL , D  ,  8.0,  0.0,   0.0,   0.0,   8.0, -4.0 ,  0.0,     ,  0.0,     ,  0.0, 0.0,   8.0,       ,      ,      ,        ,        ,        ,        ,        ,        ,        ,        ,      
sabolsh01, 1989,     1, PHI , NHL , D  ,  2.0,  0.0,   0.0,   0.0,   0.0, 0.0  ,  0.0,  0.0,  0.0,  0.0,  0.0, 0.0,   2.0,       ,      ,      ,        ,        ,        ,        ,        ,        ,        ,        ,      
saboubo01, 1951,     1, TOR , NHL , L  ,  1.0,  0.0,   0.0,   0.0,   2.0,      ,     ,     ,     ,     ,     ,    ,      ,       ,      ,      ,        ,        ,        ,        ,        ,        ,        ,        ,      
sabouda01, 2003,     1, CAL , NHL , G  ,  4.0,  0.0,   1.0,   1.0,   0.0, 0.0  ,  0.0,  0.0,  0.0,  0.0,  0.0, 0.0,   0.0,       ,      ,      ,        ,        ,        ,        ,        ,        ,        ,        ,      
sabouda01, 2005,     1, PIT , NHL , G  ,  1.0,  0.0,   0.0,   0.0,   0.0, 0.0  ,  0.0,  0.0,  0.0,  0.0,  0.0,    ,   0.0,       ,      ,      ,        ,        ,        ,        ,        ,        ,        ,        ,      
sabouda01, 2006,     1, VAN , NHL , G  ,  9.0,  0.0,   0.0,   0.0,   0.0, 0.0  ,  0.0,  0.0,  0.0,  0.0,  0.0,    ,   0.0,    2.0,   0.0,   0.0,     0.0,     0.0, 0.0    ,     0.0,     0.0,     0.0,     0.0,     0.0,     0.0
sabouda01, 2007,     1, PIT , NHL , G  , 24.0,  0.0,   0.0,   0.0,   2.0, 0.0  ,  0.0,  0.0,  0.0,  0.0,  0.0,    ,   1.0,       ,      ,      ,        ,        ,        ,        ,        ,        ,        ,        ,      
sabouda01, 2008,     1, PIT , NHL , G  , 19.0,  0.0,   0.0,   0.0,   2.0, 0.0  ,  0.0,  0.0,  0.0,  0.0,  0.0,    ,   0.0,       ,      ,      ,        ,        ,        ,        ,        ,        ,        ,        ,      
sabouga01, 1967,     1, STL , NHL , R  , 50.0, 13.0,  10.0,  23.0,  50.0, 11.0 ,  0.0,     ,  2.0,     ,  2.0, 1.0, 121.0,   18.0,   4.0,   2.0,     6.0,    30.0,        ,     1.0,        ,     0.0,        ,     1.0,      
sabouga01, 1968,     1, STL , NHL , R  , 75.0, 25.0,  23.0,  48.0,  58.0, 23.0 ,  3.0,     ,  0.0,     ,  3.0, 2.0, 228.0,   12.0,   6.0,   5.0,    11.0,    12.0,        ,     1.0,        ,     0.0,        ,     2.0,      
sabouga01, 1969,     1, STL , NHL , R  , 72.0, 28.0,  14.0,  42.0,  61.0, -9.0 , 11.0,     ,  0.0,     ,  5.0, 0.0, 246.0,   16.0,   5.0,   0.0,     5.0,    10.0,        ,     1.0,        ,     0.0,        ,     1.0,      
sabouga01, 1970,     1, STL , NHL , R  , 59.0, 14.0,  17.0,  31.0,  56.0, 4.0  ,  2.0,     ,  0.0,     ,  2.0, 0.0, 160.0,       ,      ,      ,        ,        ,        ,        ,        ,        ,        ,        ,      
sabouga01, 1971,     1, STL , NHL , R  , 77.0, 28.0,  17.0,  45.0,  52.0, 3.0  ,  4.0,     ,  0.0,     ,  7.0, 3.0, 236.0,   11.0,   3.0,   3.0,     6.0,     6.0,        ,     0.0,        ,     0.0,        ,     0.0,      
sabouga01, 1972,     1, STL , NHL , R  , 76.0, 21.0,  27.0,  48.0,  30.0, -5.0 ,  1.0,     ,  0.0,     ,  2.0, 1.0, 240.0,    5.0,   1.0,   1.0,     2.0,     0.0,        ,     0.0,        ,     0.0,        ,     1.0,      
sabouga01, 1973,     1, STL , NHL , R  , 54.0,  7.0,  23.0,  30.0,  27.0, -9.0 ,  1.0,     ,  0.0,     ,  0.0, 1.0, 126.0,       ,      ,      ,        ,        ,        ,        ,        ,        ,        ,        ,      
sabouga01, 1974,     1, TOR , NHL , R  , 55.0,  5.0,  18.0,  23.0,  26.0, -13.0,  1.0,     ,  0.0,     ,  0.0, 1.0, 114.0,       ,      ,      ,        ,        ,        ,        ,        ,        ,        ,        ,      
sabouga01, 1975,     1, CLF , NHL , R  , 76.0, 21.0,  28.0,  49.0,  33.0, -7.0 ,  4.0,     ,  0.0,     ,  3.0, 1.0, 172.0,       ,      ,      ,        ,        ,        ,        ,        ,        ,        ,        ,      
sabouga01, 1976,     1, CLE , NHL , R  , 33.0,  7.0,  11.0,  18.0,   4.0, -6.0 ,  2.0,     ,  0.0,     ,  1.0, 0.0,  76.0,       ,      ,      ,        ,        ,        ,        ,        ,        ,        ,        ,      
sabouke01, 1988,     1, CAL , NHL , D  ,  6.0,  0.0,   1.0,   1.0,  26.0, 3.0  ,  0.0,  0.0,  0.0,  0.0,  0.0, 0.0,   2.0,    1.0,   0.0,   0.0,     0.0,     0.0, 0.0    ,     0.0,     0.0,     0.0,     0.0,     0.0,     0.0
sabouke01, 1989,     1, CAL , NHL , D  ,  5.0,  0.0,   0.0,   0.0,  10.0, 1.0  ,  0.0,  0.0,  0.0,  0.0,  0.0, 0.0,   3.0,       ,      ,      ,        ,        ,        ,        ,        ,        ,        ,        ,      
sabouke01, 1990,     1, CAL , NHL , D  , 16.0,  1.0,   3.0,   4.0,  36.0, 9.0  ,  0.0,  0.0,  0.0,  0.0,  0.0, 0.0,   9.0,       ,      ,      ,        ,        ,        ,        ,        ,        ,        ,        ,      
sabouke01, 1990,     2, WAS , NHL , D  , 28.0,  1.0,   4.0,   5.0,  81.0, 6.0  ,  0.0,  0.0,  0.0,  0.0,  0.0, 0.0,  14.0,   11.0,   0.0,   0.0,     0.0,    34.0, -4.0   ,     0.0,     0.0,     0.0,     0.0,     0.0,     4.0
sabouke01, 1991,     1, WAS , NHL , D  , 19.0,  0.0,   0.0,   0.0,  48.0, -5.0 ,  0.0,  0.0,  0.0,  0.0,  0.0, 0.0,  12.0,       ,      ,      ,        ,        ,        ,        ,        ,        ,        ,        ,      
sabouos01, 1922,     1, SAC , WCHL, D  , 12.0,  1.0,   0.0,   1.0,   4.0,      ,     ,     ,     ,     ,     ,    ,      ,       ,      ,      ,        ,        ,        ,        ,        ,        ,        ,        ,      
saccoda01, 1993,     1, TOR , NHL , R  ,  4.0,  1.0,   1.0,   2.0,   4.0, -2.0 ,  1.0,  1.0,  0.0,  0.0,  0.0, 0.0,   4.0,       ,      ,      ,        ,        ,        ,        ,        ,        ,        ,        ,      
saccoda01, 1994,     1, ANA , NHL , L  ,  8.0,  0.0,   2.0,   2.0,   0.0, -3.0 ,  0.0,  1.0,  0.0,  0.0,  0.0, 0.0,   5.0,       ,      ,      ,        ,        ,        ,        ,        ,        ,        ,        ,      
saccoda01, 1995,     1, ANA , NHL , L  , 23.0,  4.0,  10.0,  14.0,  18.0, 1.0  ,  2.0,  2.0,  0.0,  0.0,  0.0, 0.0,  26.0,       ,      ,      ,        ,        ,        ,        ,        ,        ,        ,        ,      
saccojo01, 1990,     1, TOR , NHL , L  , 20.0,  0.0,   5.0,   5.0,   2.0, -5.0 ,  0.0,  3.0,  0.0,  0.0,  0.0, 0.0,  20.0,       ,      ,      ,        ,        ,        ,        ,        ,        ,        ,        ,      
saccojo01, 1991,     1, TOR , NHL , L  , 17.0,  7.0,   4.0,  11.0,   4.0, 8.0  ,  0.0,  0.0,  0.0,  0.0,  1.0, 0.0,  40.0,       ,      ,      ,        ,        ,        ,        ,        ,        ,        ,        ,      
saccojo01, 1992,     1, TOR , NHL , L  , 23.0,  4.0,   4.0,   8.0,   8.0, -4.0 ,  0.0,  1.0,  0.0,  0.0,  0.0, 0.0,  38.0,       ,      ,      ,        ,        ,        ,        ,        ,        ,        ,        ,      
saccojo01, 1993,     1, ANA , NHL , R  , 84.0, 19.0,  18.0,  37.0,  61.0, -11.0,  3.0,  5.0,  1.0,  1.0,  2.0, 1.0, 206.0,       ,      ,      ,        ,        ,        ,        ,        ,        ,        ,        ,      
saccojo01, 1994,     1, ANA , NHL , R  , 41.0, 10.0,   8.0,  18.0,  23.0, -8.0 ,  2.0,  2.0,  0.0,  0.0,  0.0, 0.0,  77.0,       ,      ,      ,        ,        ,        ,        ,        ,        ,        ,        ,      
saccojo01, 1995,     1, ANA , NHL , R  , 76.0, 13.0,  14.0,  27.0,  40.0, 1.0  ,  1.0,  1.0,  2.0,  1.0,  2.0, 1.0, 132.0,       ,      ,      ,        ,        ,        ,        ,        ,        ,        ,        ,      
saccojo01, 1996,     1, ANA , NHL , R  , 77.0, 12.0,  17.0,  29.0,  35.0, 1.0  ,  1.0,  1.0,  1.0,  1.0,  2.0, 0.0, 131.0,   11.0,   2.0,   0.0,     2.0,     2.0, -4.0   ,     0.0,     0.0,     0.0,     0.0,     0.0,    20.0
saccojo01, 1997,     1, ANA , NHL , L  , 55.0,  8.0,  11.0,  19.0,  24.0, -1.0 ,  0.0,  0.0,  2.0,  0.0,  2.0, 0.0,  90.0,       ,      ,      ,        ,        ,        ,        ,        ,        ,        ,        ,      
saccojo01, 1997,     2, NYI , NHL , L  , 25.0,  3.0,   3.0,   6.0,  10.0, 1.0  ,  0.0,  0.0,  0.0,  0.0,  0.0, 0.0,  32.0,       ,      ,      ,        ,        ,        ,        ,        ,        ,        ,        ,      
saccojo01, 1998,     1, NYI , NHL , R  , 73.0,  3.0,   0.0,   3.0,  45.0, -24.0,  0.0,  0.0,  1.0,  0.0,  2.0, 0.0,  84.0,       ,      ,      ,        ,        ,        ,        ,        ,        ,        ,        ,      
saccojo01, 1999,     1, WAS , NHL , L  , 79.0,  7.0,  16.0,  23.0,  50.0, 7.0  ,  0.0,  0.0,  0.0,  2.0,  1.0, 0.0, 117.0,    5.0,   0.0,   0.0,     0.0,     4.0, -2.0   ,     0.0,     0.0,     0.0,     0.0,     0.0,     6.0
saccojo01, 2000,     1, WAS , NHL , R  , 69.0,  7.0,   7.0,  14.0,  48.0, 4.0  ,  0.0,  0.0,  0.0,  0.0,  0.0, 0.0,  81.0,    6.0,   0.0,   0.0,     0.0,     2.0, -1.0   ,     0.0,     0.0,     0.0,     0.0,     0.0,     9.0
saccojo01, 2001,     1, WAS , NHL , L  , 65.0,  0.0,   7.0,   7.0,  51.0, -13.0,  0.0,  0.0,  0.0,  0.0,  0.0, 0.0,  57.0,       ,      ,      ,        ,        ,        ,        ,        ,        ,        ,        ,      
saccojo01, 2002,     1, PHI , NHL , R  , 34.0,  1.0,   5.0,   6.0,  20.0, 0.0  ,  0.0,  0.0,  0.0,  0.0,  1.0, 0.0,  48.0,    4.0,   0.0,   0.0,     0.0,     0.0, -2.0   ,     0.0,     0.0,     0.0,     0.0,     0.0,     4.0
sachala01, 1972,     1, NYR , NHL , D  ,  8.0,  1.0,   0.0,   1.0,   0.0, -1.0 ,  0.0,     ,  0.0,     ,  0.0, 0.0,   9.0,       ,      ,      ,        ,        ,        ,        ,        ,        ,        ,        ,      
sachala01, 1973,     1, NYR , NHL , D  , 23.0,  2.0,   4.0,   6.0,   4.0, 0.0  ,  1.0,     ,  0.0,     ,  2.0, 0.0,  50.0,       ,      ,      ,        ,        ,        ,        ,        ,        ,        ,        ,      
sachala01, 1974,     1, STL , NHL , D  , 76.0, 20.0,  22.0,  42.0,  24.0, -9.0 , 11.0,     ,  0.0,     ,  1.0, 1.0, 207.0,    2.0,   1.0,   1.0,     2.0,     2.0,        ,     0.0,        ,     0.0,        ,     0.0,      
sachala01, 1975,     1, NYR , NHL , D  , 42.0,  6.0,   7.0,  13.0,  14.0, -14.0,  4.0,     ,  0.0,     ,  2.0, 0.0,  70.0,       ,      ,      ,        ,        ,        ,        ,        ,        ,        ,        ,      
sachala01, 1976,     1, NYR , NHL , D  ,  2.0,  0.0,   0.0,   0.0,   0.0, -1.0 ,  0.0,     ,  0.0,     ,  0.0, 0.0,   2.0,       ,      ,      ,        ,        ,        ,        ,        ,        ,        ,        ,      
sachala01, 1978,     1, IND , WHA , D  , 15.0,  2.0,   9.0,  11.0,  25.0, -11.0,  2.0,     ,  0.0,     ,     ,    ,  49.0,       ,      ,      ,        ,        ,        ,        ,        ,        ,        ,        ,      
safroki01, 2001,     1, PHO , NHL , D  ,  1.0,  0.0,   0.0,   0.0,   0.0, -2.0 ,  0.0,  0.0,  0.0,  0.0,  0.0, 0.0,   0.0,       ,      ,      ,        ,        ,        ,        ,        ,        ,        ,        ,      
safroki01, 2001,     2, ATL , NHL , D  ,  2.0,  0.0,   0.0,   0.0,   2.0, -3.0 ,  0.0,  0.0,  0.0,  0.0,  0.0, 0.0,   2.0,       ,      ,      ,        ,        ,        ,        ,        ,        ,        ,        ,      
safroki01, 2002,     1, ATL , NHL , D  , 32.0,  2.0,   2.0,   4.0,  14.0, -10.0,  0.0,  1.0,  0.0,  0.0,  0.0, 0.0,  21.0,       ,      ,      ,        ,        ,        ,        ,        ,        ,        ,        ,      
saganro01, 1978,     1, TOR , NHL , R  , 16.0,  3.0,   5.0,   8.0,   9.0, 1.0  ,  1.0,     ,  0.0,     ,  1.0, 0.0,  30.0,    3.0,   1.0,   0.0,     1.0,     5.0,        ,     0.0,        ,     0.0,        ,     0.0,      
saganro01, 1979,     1, TOR , NHL , R  , 75.0, 24.0,  23.0,  47.0,  52.0, -5.0 ,  3.0,     ,  0.0,     ,  4.0, 1.0, 164.0,    3.0,   0.0,   0.0,     0.0,    10.0,        ,     0.0,        ,     0.0,        ,     0.0,      
saganro01, 1980,     1, TOR , NHL , R  , 71.0, 12.0,  18.0,  30.0,  52.0, -16.0,  2.0,     ,  0.0,     ,  3.0, 0.0, 113.0,       ,      ,      ,        ,        ,        ,        ,        ,        ,        ,        ,      
saganro01, 1981,     1, TOR , NHL , R  , 65.0, 17.0,  16.0,  33.0,  49.0, -16.0,  0.0,     ,  0.0,     ,  1.0, 0.0, 100.0,       ,      ,      ,        ,        ,        ,        ,        ,        ,        ,        ,      
saganro01, 1982,     1, TOR , NHL , R  ,  3.0,  0.0,   0.0,   0.0,   2.0, -3.0 ,  0.0,     ,  0.0,     ,  0.0, 0.0,   0.0,       ,      ,      ,        ,        ,        ,        ,        ,        ,        ,        ,      
saganro01, 1983,     1, PIT , NHL , R  , 29.0,  1.0,   3.0,   4.0,  37.0, -12.0,  0.0,     ,  0.0,     ,  0.0, 0.0,  30.0,       ,      ,      ,        ,        ,        ,        ,        ,        ,        ,        ,      
sakicjo01, 1988,     1, QUE , NHL , C  , 70.0, 23.0,  39.0,  62.0,  24.0, -36.0, 10.0, 21.0,  0.0,  1.0,  2.0, 1.0, 148.0,       ,      ,      ,        ,        ,        ,        ,        ,        ,        ,        ,      
sakicjo01, 1989,     1, QUE , NHL , C  , 80.0, 39.0,  63.0, 102.0,  27.0, -40.0,  8.0, 27.0,  1.0,  0.0,  2.0, 1.0, 234.0,       ,      ,      ,        ,        ,        ,        ,        ,        ,        ,        ,      
sakicjo01, 1990,     1, QUE , NHL , C  , 80.0, 48.0,  61.0, 109.0,  24.0, -26.0, 12.0, 22.0,  3.0,  1.0,  7.0, 1.0, 245.0,       ,      ,      ,        ,        ,        ,        ,        ,        ,        ,        ,      
sakicjo01, 1991,     1, QUE , NHL , C  , 69.0, 29.0,  65.0,  94.0,  20.0, 5.0  ,  6.0, 25.0,  3.0,  4.0,  1.0, 1.0, 217.0,       ,      ,      ,        ,        ,        ,        ,        ,        ,        ,        ,      
sakicjo01, 1992,     1, QUE , NHL , C  , 78.0, 48.0,  57.0, 105.0,  40.0, -3.0 , 20.0, 27.0,  2.0,  1.0,  4.0, 1.0, 264.0,    6.0,   3.0,   3.0,     6.0,     2.0, -3.0   ,     1.0,     1.0,     0.0,     0.0,     0.0,    24.0
sakicjo01, 1993,     1, QUE , NHL , C  , 84.0, 28.0,  64.0,  92.0,  18.0, -8.0 , 10.0, 23.0,  1.0,  1.0,  9.0, 1.0, 279.0,       ,      ,      ,        ,        ,        ,        ,        ,        ,        ,        ,      
sakicjo01, 1994,     1, QUE , NHL , C  , 47.0, 19.0,  43.0,  62.0,  30.0, 7.0  ,  3.0, 19.0,  2.0,  1.0,  5.0, 0.0, 157.0,    6.0,   4.0,   1.0,     5.0,     0.0, -4.0   ,     1.0,     1.0,     1.0,     0.0,     1.0,    15.0
sakicjo01, 1995,     1, COL , NHL , C  , 82.0, 51.0,  69.0, 120.0,  44.0, 14.0 , 17.0, 33.0,  6.0,  2.0,  7.0, 1.0, 339.0,   22.0,  18.0,  16.0,    34.0,    14.0, 10.0   ,     6.0,    10.0,     0.0,     0.0,     6.0,    98.0
sakicjo01, 1996,     1, COL , NHL , C  , 65.0, 22.0,  52.0,  74.0,  34.0, -10.0, 10.0, 26.0,  2.0,  1.0,  5.0, 0.0, 261.0,   17.0,   8.0,  17.0,    25.0,    14.0, 5.0    ,     3.0,     9.0,     0.0,     0.0,     0.0,    50.0
sakicjo01, 1997,     1, COL , NHL , C  , 64.0, 27.0,  36.0,  63.0,  50.0, 0.0  , 12.0, 16.0,  1.0,  0.0,  2.0, 1.0, 254.0,    6.0,   2.0,   3.0,     5.0,     6.0, 0.0    ,     0.0,     2.0,     1.0,     0.0,     2.0,    24.0
sakicjo01, 1998,     1, COL , NHL , C  , 73.0, 41.0,  55.0,  96.0,  29.0, 23.0 , 12.0, 22.0,  5.0,  1.0,  6.0, 1.0, 255.0,   19.0,   6.0,  13.0,    19.0,     8.0, -2.0   ,     1.0,     5.0,     1.0,     0.0,     1.0,    56.0
sakicjo01, 1999,     1, COL , NHL , C  , 60.0, 28.0,  53.0,  81.0,  28.0, 30.0 ,  5.0, 17.0,  1.0,  0.0,  5.0, 0.0, 242.0,   17.0,   2.0,   7.0,     9.0,     8.0, -5.0   ,     2.0,     3.0,     0.0,     0.0,     0.0,    48.0
sakicjo01, 2000,     1, COL , NHL , C  , 82.0, 54.0,  64.0, 118.0,  30.0, 45.0 , 19.0, 27.0,  3.0,  3.0, 12.0, 2.0, 332.0,   21.0,  13.0,  13.0,    26.0,     6.0, 6.0    ,     5.0,     8.0,     0.0,     0.0,     3.0,    79.0
sakicjo01, 2001,     1, COL , NHL , C  , 82.0, 26.0,  53.0,  79.0,  18.0, 12.0 ,  9.0, 16.0,  1.0,  0.0,  4.0, 1.0, 260.0,   21.0,   9.0,  10.0,    19.0,     4.0, -2.0   ,     4.0,     2.0,     0.0,     0.0,     1.0,    76.0
sakicjo01, 2002,     1, COL , NHL , C  , 58.0, 26.0,  32.0,  58.0,  24.0, 4.0  ,  8.0, 10.0,  0.0,  1.0,  1.0, 0.0, 190.0,    7.0,   6.0,   3.0,     9.0,     2.0, 1.0    ,     2.0,     1.0,     0.0,     0.0,     1.0,    26.0
sakicjo01, 2003,     1, COL , NHL , C  , 81.0, 33.0,  54.0,  87.0,  42.0, 11.0 , 13.0, 24.0,  1.0,  0.0,  3.0, 1.0, 253.0,   11.0,   7.0,   5.0,    12.0,     8.0, 0.0    ,     1.0,     5.0,     1.0,     0.0,     2.0,    35.0
sakicjo01, 2005,     1, COL , NHL , C  , 82.0, 32.0,  55.0,  87.0,  60.0, 10.0 , 10.0, 24.0,  0.0,  0.0,  6.0,    , 263.0,    9.0,   4.0,   5.0,     9.0,     6.0, -1.0   ,     1.0,     1.0,     0.0,     0.0,     1.0,    21.0
sakicjo01, 2006,     1, COL , NHL , C  , 82.0, 36.0,  64.0, 100.0,  46.0, 2.0  , 16.0, 27.0,  0.0,  0.0,  4.0,    , 258.0,       ,      ,      ,        ,        ,        ,        ,        ,        ,        ,        ,      
sakicjo01, 2007,     1, COL , NHL , C  , 44.0, 13.0,  27.0,  40.0,  20.0, -4.0 ,  5.0, 14.0,  0.0,  0.0,  1.0,    , 124.0,   10.0,   2.0,   8.0,    10.0,     0.0, -7.0   ,     0.0,     5.0,     0.0,     1.0,     1.0,    30.0
sakicjo01, 2008,     1, COL , NHL , C  , 15.0,  2.0,  10.0,  12.0,   6.0, -6.0 ,  0.0,  6.0,  0.0,  0.0,  0.0,    ,  46.0,       ,      ,      ,        ,        ,        ,        ,        ,        ,        ,        ,      
salajbo01, 1978,     1, CZE , WHA ,    ,  6.0,  2.0,   0.0,   2.0,   2.0,      ,     ,     ,     ,     ,     ,    ,      ,       ,      ,      ,        ,        ,        ,        ,        ,        ,        ,        ,      
salakal01, 2009,     1, FLO , NHL , G  ,  2.0,  0.0,   0.0,   0.0,   0.0, 0.0  ,  0.0,  0.0,  0.0,  0.0,  0.0,    ,   0.0,       ,      ,      ,        ,        ,        ,        ,        ,        ,        ,        ,      
salcibr01, 2008,     1, AND , NHL , D  ,  2.0,  0.0,   1.0,   1.0,   0.0, 2.0  ,  0.0,  0.0,  0.0,  0.0,  0.0,    ,   1.0,       ,      ,      ,        ,        ,        ,        ,        ,        ,        ,        ,      
saleiru01, 1996,     1, ANA , NHL , D  , 30.0,  0.0,   1.0,   1.0,  37.0, -8.0 ,  0.0,  0.0,  0.0,  0.0,  0.0, 0.0,  14.0,       ,      ,      ,        ,        ,        ,        ,        ,        ,        ,        ,      
saleiru01, 1997,     1, ANA , NHL , D  , 66.0,  5.0,  10.0,  15.0,  70.0, 7.0  ,  1.0,  4.0,  0.0,  0.0,  0.0, 1.0, 104.0,       ,      ,      ,        ,        ,        ,        ,        ,        ,        ,        ,      
saleiru01, 1998,     1, ANA , NHL , D  , 74.0,  2.0,  14.0,  16.0,  65.0, 1.0  ,  1.0,  8.0,  0.0,  0.0,  0.0, 0.0, 123.0,    3.0,   0.0,   0.0,     0.0,     4.0, -4.0   ,     0.0,     0.0,     0.0,     0.0,     0.0,     5.0
saleiru01, 1999,     1, ANA , NHL , D  , 71.0,  5.0,   5.0,  10.0,  94.0, 3.0  ,  1.0,  2.0,  0.0,  0.0,  0.0, 0.0, 116.0,       ,      ,      ,        ,        ,        ,        ,        ,        ,        ,        ,      
saleiru01, 2000,     1, ANA , NHL , D  , 50.0,  1.0,   5.0,   6.0,  70.0, -14.0,  0.0,  0.0,  0.0,  0.0,  0.0, 0.0,  73.0,       ,      ,      ,        ,        ,        ,        ,        ,        ,        ,        ,      
saleiru01, 2001,     1, ANA , NHL , D  , 82.0,  4.0,   7.0,  11.0,  97.0, -10.0,  0.0,  1.0,  0.0,  0.0,  1.0, 0.0,  96.0,       ,      ,      ,        ,        ,        ,        ,        ,        ,        ,        ,      
saleiru01, 2002,     1, ANA , NHL , D  , 61.0,  4.0,   8.0,  12.0,  78.0, 2.0  ,  0.0,  0.0,  0.0,  0.0,  0.0, 0.0,  93.0,   21.0,   2.0,   3.0,     5.0,    26.0, 3.0    ,     0.0,     1.0,     0.0,     1.0,     1.0,    33.0
saleiru01, 2003,     1, ANA , NHL , D  , 82.0,  4.0,  11.0,  15.0, 110.0, -1.0 ,  0.0,  0.0,  1.0,  0.0,  2.0, 0.0, 145.0,       ,      ,      ,        ,        ,        ,        ,        ,        ,        ,        ,      
saleiru01, 2005,     1, ANA , NHL , D  , 78.0,  1.0,  18.0,  19.0, 114.0, 17.0 ,  0.0,  6.0,  0.0,  1.0,  0.0,    , 108.0,   16.0,   3.0,   2.0,     5.0,    18.0, 10.0   ,     0.0,     0.0,     0.0,     0.0,     1.0,    27.0
saleiru01, 2006,     1, FLO , NHL , D  , 82.0,  6.0,  26.0,  32.0, 102.0, -13.0,  2.0, 18.0,  0.0,  0.0,  0.0,    , 148.0,       ,      ,      ,        ,        ,        ,        ,        ,        ,        ,        ,      
saleiru01, 2007,     1, FLO , NHL , D  , 65.0,  3.0,  20.0,  23.0,  75.0, -5.0 ,  1.0,  7.0,  0.0,  1.0,  0.0,    ,  81.0,       ,      ,      ,        ,        ,        ,        ,        ,        ,        ,        ,      
saleiru01, 2007,     2, COL , NHL , D  , 17.0,  3.0,   4.0,   7.0,  23.0, 1.0  ,  0.0,  2.0,  0.0,  0.0,  1.0,    ,  30.0,   10.0,   1.0,   4.0,     5.0,     4.0, 0.0    ,     1.0,     2.0,     0.0,     0.0,     0.0,    10.0
saleiru01, 2008,     1, COL , NHL , D  , 70.0,  4.0,  17.0,  21.0,  72.0, -4.0 ,  1.0,  6.0,  0.0,  0.0,  0.0,    ,  93.0,       ,      ,      ,        ,        ,        ,        ,        ,        ,        ,        ,      
saleiru01, 2009,     1, COL , NHL , D  , 14.0,  1.0,   5.0,   6.0,  10.0, -1.0 ,  0.0,  0.0,  0.0,  0.0,  0.0,    ,  22.0,    1.0,   0.0,   0.0,     0.0,     0.0, 0.0    ,     0.0,     0.0,     0.0,     0.0,     0.0,     0.0
salesdo01, 1971,     1, PHI , NHL , R  ,  1.0,  0.0,   0.0,   0.0,   0.0, -1.0 ,  0.0,     ,  0.0,     ,  0.0, 0.0,   2.0,       ,      ,      ,        ,        ,        ,        ,        ,        ,        ,        ,      
salesdo01, 1972,     1, PHI , NHL , R  , 78.0, 12.0,   9.0,  21.0, 205.0, -20.0,  1.0,     ,  1.0,     ,  2.0, 0.0, 158.0,   11.0,   1.0,   2.0,     3.0,     4.0,        ,     0.0,        ,     0.0,        ,     0.0,      
salesdo01, 1973,     1, PHI , NHL , R  , 77.0, 15.0,  25.0,  40.0, 131.0, 21.0 ,  2.0,     ,  2.0,     ,  3.0, 0.0, 157.0,   17.0,   2.0,   7.0,     9.0,    24.0,        ,     0.0,        ,     0.0,        ,     0.0,      
salesdo01, 1974,     1, PHI , NHL , R  , 63.0, 10.0,  18.0,  28.0, 107.0, 7.0  ,  0.0,     ,  0.0,     ,  2.0, 1.0, 113.0,   17.0,   2.0,   3.0,     5.0,    25.0,        ,     0.0,        ,     0.0,        ,     1.0,      
salesdo01, 1975,     1, PHI , NHL , R  , 78.0, 21.0,  26.0,  47.0,  68.0, 33.0 ,  1.0,     ,  1.0,     ,  4.0, 1.0, 224.0,   16.0,   6.0,   5.0,    11.0,    47.0,        ,     0.0,        ,     1.0,        ,     1.0,      
salesdo01, 1976,     1, PHI , NHL , R  , 74.0, 22.0,  16.0,  38.0,  33.0, 24.0 ,  2.0,     ,  2.0,     ,  6.0, 0.0, 156.0,   10.0,   0.0,   0.0,     0.0,    12.0,        ,     0.0,        ,     0.0,        ,     0.0,      
salesdo01, 1977,     1, PHI , NHL , R  , 70.0, 27.0,  18.0,  45.0,  44.0, 34.0 ,  5.0,     ,  4.0,     ,  1.0, 0.0, 163.0,   11.0,   2.0,   0.0,     2.0,    19.0,        ,     0.0,        ,     0.0,        ,     1.0,      
salesdo01, 1978,     1, PHI , NHL , R  , 35.0, 11.0,   5.0,  16.0,  14.0, 3.0  ,  1.0,     ,  1.0,     ,  2.0, 2.0,  75.0,       ,      ,      ,        ,        ,        ,        ,        ,        ,        ,        ,      
salesdo01, 1978,     2, COR , NHL , R  , 16.0,  2.0,   0.0,   2.0,   4.0, -10.0,  0.0,     ,  0.0,     ,  0.0, 0.0,  50.0,       ,      ,      ,        ,        ,        ,        ,        ,        ,        ,        ,      
salesdo01, 1979,     1, COR , NHL , R  , 51.0,  8.0,   8.0,  16.0,  23.0, -17.0,  0.0,     ,  0.0,     ,  0.0, 1.0,  68.0,       ,      ,      ,        ,        ,        ,        ,        ,        ,        ,        ,      
salmean01, 2008,     1, NJD , NHL , D  , 17.0,  0.0,   3.0,   3.0,   6.0, 1.0  ,  0.0,  0.0,  0.0,  0.0,  0.0,    ,  33.0,       ,      ,      ,        ,        ,        ,        ,        ,        ,        ,        ,      
salmean01, 2008,     2, ATL , NHL , D  ,  9.0,  1.0,   2.0,   3.0,   2.0, 0.0  ,  1.0,  0.0,  0.0,  0.0,  0.0,    ,   8.0,       ,      ,      ,        ,        ,        ,        ,        ,        ,        ,        ,      
salmean01, 2009,     1, ATL , NHL , D  , 29.0,  1.0,   4.0,   5.0,  22.0, 4.0  ,  0.0,  0.0,  0.0,  0.0,  0.0,    ,  27.0,       ,      ,      ,        ,        ,        ,        ,        ,        ,        ,        ,      
salmean01, 2009,     2, NJD , NHL , D  ,  9.0,  1.0,   2.0,   3.0,   0.0, -5.0 ,  0.0,  0.0,  1.0,  0.0,  0.0,    ,  14.0,       ,      ,      ,        ,        ,        ,        ,        ,        ,        ,        ,      
salmeto01, 2003,     1, EDM , NHL , L  , 13.0,  0.0,   1.0,   1.0,   4.0, -1.0 ,  0.0,  0.0,  0.0,  0.0,  0.0, 0.0,  17.0,       ,      ,      ,        ,        ,        ,        ,        ,        ,        ,        ,      
salmeto01, 2006,     1, CHI , NHL , L  , 57.0,  6.0,  11.0,  17.0,  26.0, -3.0 ,  0.0,  1.0,  0.0,  0.0,  1.0,    ,  54.0,       ,      ,      ,        ,        ,        ,        ,        ,        ,        ,        ,      
salmibo01, 1973,     1, TOR , NHL , D  , 76.0,  5.0,  34.0,  39.0,  48.0, 38.0 ,  3.0,     ,  0.0,     ,  0.0, 1.0, 130.0,    4.0,   0.0,   1.0,     1.0,     4.0,        ,     0.0,        ,     0.0,        ,     0.0,      
salmibo01, 1974,     1, TOR , NHL , D  , 60.0, 12.0,  25.0,  37.0,  34.0, 4.0  ,  4.0,     ,  1.0,     ,  1.0, 1.0, 136.0,    7.0,   0.0,   4.0,     4.0,     6.0,        ,     0.0,        ,     0.0,        ,     0.0,      
salmibo01, 1975,     1, TOR , NHL , D  , 78.0, 16.0,  41.0,  57.0,  70.0, 33.0 ,  8.0,     ,  0.0,     ,  1.0, 0.0, 194.0,   10.0,   3.0,   4.0,     7.0,     9.0,        ,     1.0,        ,     0.0,        ,     0.0,      
salmibo01, 1976,     1, TOR , NHL , D  , 76.0, 12.0,  66.0,  78.0,  46.0, 45.0 ,  1.0,     ,  0.0,     ,  0.0, 1.0, 186.0,    9.0,   3.0,   6.0,     9.0,     6.0,        ,     2.0,        ,     0.0,        ,     0.0,      
salmibo01, 1977,     1, TOR , NHL , D  , 80.0, 16.0,  60.0,  76.0,  70.0, 30.0 ,  6.0,     ,  0.0,     ,  5.0, 1.0, 258.0,    6.0,   2.0,   2.0,     4.0,     6.0,        ,     0.0,        ,     0.0,        ,     1.0,      
salmibo01, 1978,     1, TOR , NHL , D  , 78.0, 17.0,  56.0,  73.0,  76.0, 36.0 ,  4.0,     ,  0.0,     ,  2.0, 0.0, 230.0,    6.0,   0.0,   1.0,     1.0,     8.0,        ,     0.0,        ,     0.0,        ,     0.0,      
salmibo01, 1979,     1, TOR , NHL , D  , 74.0, 19.0,  52.0,  71.0,  94.0, 4.0  ,  4.0,     ,  0.0,     ,  1.0, 1.0, 222.0,    3.0,   1.0,   1.0,     2.0,     2.0,        ,     1.0,        ,     0.0,        ,     0.0,      
salmibo01, 1980,     1, TOR , NHL , D  , 72.0,  5.0,  61.0,  66.0, 154.0, 0.0  ,  1.0,     ,  1.0,     ,  1.0, 0.0, 210.0,    3.0,   0.0,   2.0,     2.0,     4.0,        ,     0.0,        ,     0.0,        ,     0.0,      
salmibo01, 1981,     1, TOR , NHL , D  , 69.0, 12.0,  44.0,  56.0, 170.0, 4.0  ,  1.0,     ,  0.0,     ,  0.0, 0.0, 175.0,       ,      ,      ,        ,        ,        ,        ,        ,        ,        ,        ,      
salmibo01, 1982,     1, TOR , NHL , D  , 69.0,  7.0,  38.0,  45.0, 104.0, -3.0 ,  2.0,     ,  1.0,     ,  0.0, 2.0, 110.0,    4.0,   1.0,   4.0,     5.0,    10.0,        ,     1.0,        ,     0.0,        ,     0.0,      
salmibo01, 1983,     1, TOR , NHL , D  , 68.0,  5.0,  38.0,  43.0,  92.0, -34.0,  2.0,     ,  1.0,     ,  0.0, 0.0, 160.0,       ,      ,      ,        ,        ,        ,        ,        ,        ,        ,        ,      
salmibo01, 1984,     1, TOR , NHL , D  , 73.0,  6.0,  33.0,  39.0,  76.0, -26.0,  3.0,     ,  0.0,     ,  0.0, 0.0, 181.0,       ,      ,      ,        ,        ,        ,        ,        ,        ,        ,        ,      
salmibo01, 1985,     1, TOR , NHL , D  , 41.0,  7.0,  15.0,  22.0,  48.0, -7.0 ,  3.0,     ,  1.0,     ,  1.0, 0.0,  71.0,   10.0,   1.0,   6.0,     7.0,    14.0, 13.0   ,     0.0,        ,     0.0,        ,     0.0,    23.0
salmibo01, 1986,     1, TOR , NHL , D  , 56.0,  4.0,  16.0,  20.0,  42.0, 17.0 ,  0.0,     ,  1.0,     ,  1.0, 0.0,  71.0,   13.0,   0.0,   3.0,     3.0,    14.0, -1.0   ,     0.0,        ,     0.0,        ,     0.0,    20.0
salmibo01, 1987,     1, TOR , NHL , D  , 66.0,  2.0,  24.0,  26.0,  82.0, 7.0  ,  1.0,  8.0,  0.0,  1.0,  0.0, 0.0,  92.0,    6.0,   1.0,   3.0,     4.0,     8.0, 1.0    ,     0.0,     1.0,     0.0,     0.0,     0.0,    16.0
salmibo01, 1988,     1, TOR , NHL , D  , 63.0,  3.0,  17.0,  20.0,  86.0, 7.0  ,  1.0,  5.0,  0.0,  0.0,  0.0, 0.0,  58.0,       ,      ,      ,        ,        ,        ,        ,        ,        ,        ,        ,      
salmibo01, 1989,     1, DET , NHL , D  , 49.0,  2.0,  17.0,  19.0,  52.0, 20.0 ,  2.0,  4.0,  0.0,  1.0,  0.0, 0.0,  52.0,       ,      ,      ,        ,        ,        ,        ,        ,        ,        ,        ,      
saloman01, 2001,     1, NJD , NHL , L  , 39.0,  4.0,   5.0,   9.0,  22.0, -12.0,  1.0,  0.0,  0.0,  0.0,  1.0, 0.0,  58.0,    4.0,   0.0,   1.0,     1.0,     0.0, 1.0    ,     0.0,     0.0,     0.0,     0.0,     0.0,     5.0
saloman01, 2002,     1, WAS , NHL , L  , 32.0,  1.0,   4.0,   5.0,  14.0, -1.0 ,  0.0,  0.0,  0.0,  0.0,  0.0, 1.0,  20.0,       ,      ,      ,        ,        ,        ,        ,        ,        ,        ,        ,      
salosa01 , 1998,     1, OTT , NHL , D  , 61.0,  7.0,  12.0,  19.0,  24.0, 20.0 ,  2.0,  6.0,  0.0,  0.0,  1.0, 0.0, 106.0,    4.0,   0.0,   0.0,     0.0,     0.0, -3.0   ,     0.0,     0.0,     0.0,     0.0,     0.0,    10.0
salosa01 , 1999,     1, OTT , NHL , D  , 37.0,  6.0,   8.0,  14.0,   2.0, 6.0  ,  3.0,  2.0,  0.0,  0.0,  1.0, 0.0,  85.0,    6.0,   1.0,   1.0,     2.0,     0.0, -8.0   ,     1.0,     0.0,     0.0,     0.0,     0.0,    19.0
salosa01 , 2000,     1, OTT , NHL , D  , 31.0,  2.0,  16.0,  18.0,  10.0, 9.0  ,  1.0, 11.0,  0.0,  0.0,  0.0, 0.0,  61.0,    4.0,   0.0,   0.0,     0.0,     0.0, 0.0    ,     0.0,     0.0,     0.0,     0.0,     0.0,    14.0
salosa01 , 2001,     1, OTT , NHL , D  , 66.0,  4.0,  14.0,  18.0,  14.0, 1.0  ,  1.0,  5.0,  1.0,  0.0,  2.0, 0.0, 122.0,   12.0,   2.0,   1.0,     3.0,     4.0, 4.0    ,     0.0,     0.0,     0.0,     0.0,     0.0,    19.0
salosa01 , 2002,     1, VAN , NHL , D  , 79.0,  9.0,  21.0,  30.0,  10.0, 9.0  ,  4.0,  5.0,  0.0,  4.0,  1.0, 1.0, 126.0,   12.0,   1.0,   3.0,     4.0,     0.0, -2.0   ,     0.0,     2.0,     0.0,     1.0,     0.0,    19.0
salosa01 , 2003,     1, VAN , NHL , D  , 74.0,  7.0,  19.0,  26.0,  22.0, 8.0  ,  5.0, 10.0,  0.0,  1.0,  2.0, 0.0, 143.0,    7.0,   1.0,   2.0,     3.0,     2.0, -3.0   ,     1.0,     2.0,     0.0,     0.0,     0.0,    19.0
salosa01 , 2005,     1, VAN , NHL , D  , 59.0, 10.0,  23.0,  33.0,  38.0, 9.0  ,  9.0, 11.0,  0.0,  1.0,  2.0,    , 140.0,       ,      ,      ,        ,        ,        ,        ,        ,        ,        ,        ,      
salosa01 , 2006,     1, VAN , NHL , D  , 67.0, 14.0,  23.0,  37.0,  26.0, 21.0 ,  5.0, 13.0,  0.0,  0.0,  6.0,    , 143.0,   10.0,   0.0,   1.0,     1.0,     4.0, 0.0    ,     0.0,     0.0,     0.0,     0.0,     0.0,    27.0
salosa01 , 2007,     1, VAN , NHL , D  , 63.0,  8.0,  17.0,  25.0,  38.0, 8.0  ,  6.0, 11.0,  0.0,  1.0,  1.0,    , 122.0,       ,      ,      ,        ,        ,        ,        ,        ,        ,        ,        ,      
salosa01 , 2008,     1, VAN , NHL , D  , 60.0,  5.0,  20.0,  25.0,  26.0, 5.0  ,  5.0,  9.0,  0.0,  0.0,  2.0,    , 110.0,    7.0,   3.0,   4.0,     7.0,     2.0, 0.0    ,     2.0,     3.0,     0.0,     0.0,     2.0,    12.0
salosa01 , 2009,     1, VAN , NHL , D  , 68.0,  9.0,  19.0,  28.0,  18.0, 14.0 ,  6.0,  7.0,  0.0,  2.0,  3.0,    , 119.0,   12.0,   1.0,   5.0,     6.0,     2.0, 2.0    ,     1.0,     2.0,     0.0,     0.0,     0.0,    18.0
saloto01 , 1994,     1, NYI , NHL , G  ,  6.0,  0.0,   1.0,   1.0,   0.0, 0.0  ,  0.0,  0.0,  0.0,  1.0,  0.0, 0.0,   0.0,       ,      ,      ,        ,        ,        ,        ,        ,        ,        ,        ,      
saloto01 , 1995,     1, NYI , NHL , G  , 10.0,  0.0,   0.0,   0.0,   0.0, 0.0  ,  0.0,  0.0,  0.0,  0.0,  0.0, 0.0,   0.0,       ,      ,      ,        ,        ,        ,        ,        ,        ,        ,        ,      
saloto01 , 1996,     1, NYI , NHL , G  , 58.0,  0.0,   1.0,   1.0,   4.0, 0.0  ,  0.0,  1.0,  0.0,  0.0,  0.0, 0.0,   0.0,       ,      ,      ,        ,        ,        ,        ,        ,        ,        ,        ,      
saloto01 , 1997,     1, NYI , NHL , G  , 62.0,  0.0,   1.0,   1.0,  31.0, 0.0  ,  0.0,  0.0,  0.0,  0.0,  0.0, 0.0,   0.0,       ,      ,      ,        ,        ,        ,        ,        ,        ,        ,        ,      
saloto01 , 1998,     1, NYI , NHL , G  , 51.0,  0.0,   0.0,   0.0,  12.0, 0.0  ,  0.0,  0.0,  0.0,  0.0,  0.0, 0.0,   0.0,       ,      ,      ,        ,        ,        ,        ,        ,        ,        ,        ,      
saloto01 , 1998,     2, EDM , NHL , G  , 13.0,  0.0,   0.0,   0.0,   0.0, 0.0  ,  0.0,  0.0,  0.0,  0.0,  0.0, 0.0,   0.0,    4.0,   0.0,   0.0,     0.0,     0.0, 0.0    ,     0.0,     0.0,     0.0,     0.0,     0.0,     0.0
saloto01 , 1999,     1, EDM , NHL , G  , 70.0,  0.0,   1.0,   1.0,   8.0, 0.0  ,  0.0,  0.0,  0.0,  0.0,  0.0, 0.0,   0.0,    5.0,   0.0,   0.0,     0.0,     2.0, 0.0    ,     0.0,     0.0,     0.0,     0.0,     0.0,     0.0
saloto01 , 2000,     1, EDM , NHL , G  , 73.0,  0.0,   1.0,   1.0,   4.0, 0.0  ,  0.0,  1.0,  0.0,  0.0,  0.0, 0.0,   0.0,    6.0,   0.0,   0.0,     0.0,     0.0, 0.0    ,     0.0,     0.0,     0.0,     0.0,     0.0,     0.0
saloto01 , 2001,     1, EDM , NHL , G  , 69.0,  0.0,   1.0,   1.0,   2.0, 0.0  ,  0.0,  0.0,  0.0,  0.0,  0.0, 0.0,   0.0,       ,      ,      ,        ,        ,        ,        ,        ,        ,        ,        ,      
saloto01 , 2002,     1, EDM , NHL , G  , 65.0,  0.0,   0.0,   0.0,   4.0, 0.0  ,  0.0,  0.0,  0.0,  0.0,  0.0, 0.0,   1.0,    6.0,   0.0,   1.0,     1.0,     0.0, 0.0    ,     0.0,     0.0,     0.0,     0.0,     0.0,     0.0
saloto01 , 2003,     1, EDM , NHL , G  , 44.0,  0.0,   1.0,   1.0,   2.0, 0.0  ,  0.0,  0.0,  0.0,  1.0,  0.0, 0.0,   0.0,       ,      ,      ,        ,        ,        ,        ,        ,        ,        ,        ,      
saloto01 , 2003,     2, COL , NHL , G  ,  5.0,  0.0,   0.0,   0.0,   0.0, 0.0  ,  0.0,  0.0,  0.0,  0.0,  0.0, 0.0,   0.0,    1.0,   0.0,   0.0,     0.0,     2.0, 0.0    ,     0.0,     0.0,     0.0,     0.0,     0.0,     0.0
salovba01, 1974,     1, DET , NHL , D  , 27.0,  0.0,   2.0,   2.0,  18.0, -11.0,  0.0,     ,  0.0,     ,  0.0, 0.0,  18.0,       ,      ,      ,        ,        ,        ,        ,        ,        ,        ,        ,      
salovba01, 1975,     1, DET , NHL , D  , 63.0,  2.0,  11.0,  13.0,  52.0, -7.0 ,  1.0,     ,  0.0,     ,  1.0, 0.0,  57.0,       ,      ,      ,        ,        ,        ,        ,        ,        ,        ,        ,      
salvabr01, 2000,     1, STL , NHL , D  , 75.0,  2.0,   8.0,  10.0,  69.0, -4.0 ,  0.0,  0.0,  0.0,  0.0,  1.0, 0.0,  60.0,   14.0,   2.0,   0.0,     2.0,    18.0, -7.0   ,     0.0,     0.0,     0.0,     0.0,     1.0,    12.0
salvabr01, 2001,     1, STL , NHL , D  , 66.0,  5.0,   7.0,  12.0,  78.0, 3.0  ,  1.0,  0.0,  0.0,  0.0,  2.0, 0.0,  37.0,   10.0,   0.0,   1.0,     1.0,     4.0, -1.0   ,     0.0,     0.0,     0.0,     0.0,     0.0,     6.0
salvabr01, 2002,     1, STL , NHL , D  , 71.0,  2.0,   8.0,  10.0,  95.0, 7.0  ,  1.0,  0.0,  0.0,  0.0,  0.0, 0.0,  73.0,    7.0,   0.0,   0.0,     0.0,     2.0, 1.0    ,     0.0,     0.0,     0.0,     0.0,     0.0,     7.0
salvabr01, 2003,     1, STL , NHL , D  , 69.0,  3.0,   5.0,   8.0,  47.0, -4.0 ,  0.0,  1.0,  0.0,  0.0,  1.0, 0.0,  60.0,    5.0,   0.0,   0.0,     0.0,     2.0, -2.0   ,     0.0,     0.0,     0.0,     0.0,     0.0,     6.0
salvabr01, 2005,     1, STL , NHL , D  , 46.0,  1.0,   4.0,   5.0,  26.0, -24.0,  0.0,  1.0,  0.0,  1.0,  0.0,    ,  23.0,       ,      ,      ,        ,        ,        ,        ,        ,        ,        ,        ,      
salvabr01, 2006,     1, STL , NHL , D  , 64.0,  2.0,   5.0,   7.0,  55.0, -5.0 ,  0.0,  0.0,  0.0,  0.0,  0.0,    ,  40.0,       ,      ,      ,        ,        ,        ,        ,        ,        ,        ,        ,      
salvabr01, 2007,     1, STL , NHL , D  , 56.0,  1.0,  10.0,  11.0,  43.0, 12.0 ,  0.0,  0.0,  0.0,  1.0,  1.0,    ,  29.0,       ,      ,      ,        ,        ,        ,        ,        ,        ,        ,        ,      
salvabr01, 2007,     2, NJD , NHL , D  ,  8.0,  0.0,   0.0,   0.0,  11.0, 0.0  ,  0.0,  0.0,  0.0,  0.0,  0.0,    ,   0.0,    5.0,   1.0,   0.0,     1.0,     2.0, 1.0    ,     0.0,     0.0,     0.0,     0.0,     0.0,     1.0
salvabr01, 2008,     1, NJD , NHL , D  , 76.0,  3.0,  13.0,  16.0,  78.0, -1.0 ,  0.0,  0.0,  0.0,  2.0,  2.0,    ,  68.0,    4.0,   0.0,   0.0,     0.0,     4.0, -3.0   ,     0.0,     0.0,     0.0,     0.0,     0.0,     4.0
salvabr01, 2009,     1, NJD , NHL , D  , 79.0,  4.0,  10.0,  14.0,  57.0, 8.0  ,  0.0,  0.0,  0.0,  1.0,  2.0,    ,  47.0,    5.0,   0.0,   0.0,     0.0,     6.0, 0.0    ,     0.0,     0.0,     0.0,     0.0,     0.0,     1.0
salvida01, 1976,     1, NYI , NHL , R  ,     ,     ,      ,      ,      ,      ,     ,     ,     ,     ,     ,    ,      ,    1.0,   0.0,   1.0,     1.0,     2.0,        ,     0.0,        ,     0.0,        ,     0.0,      
samisph01, 1947,     1, TOR , NHL , D  ,     ,     ,      ,      ,      ,      ,     ,     ,     ,     ,     ,    ,      ,    5.0,   0.0,   1.0,     1.0,     2.0,        ,        ,        ,        ,        ,        ,      
samisph01, 1949,     1, TOR , NHL , D  ,  2.0,  0.0,   0.0,   0.0,   0.0,      ,     ,     ,     ,     ,     ,    ,      ,       ,      ,      ,        ,        ,        ,        ,        ,        ,        ,        ,      
sampsga01, 1983,     1, WAS , NHL , L  , 15.0,  1.0,   1.0,   2.0,   6.0, 1.0  ,  0.0,     ,  0.0,     ,  0.0, 0.0,  17.0,    8.0,   1.0,   0.0,     1.0,     0.0, 1.0    ,     0.0,        ,     0.0,        ,     0.0,     6.0
sampsga01, 1984,     1, WAS , NHL , C  , 46.0, 10.0,  15.0,  25.0,  13.0, 20.0 ,  0.0,     ,  1.0,     ,  0.0, 0.0,  53.0,    4.0,   0.0,   0.0,     0.0,     0.0, -2.0   ,     0.0,        ,     0.0,        ,     0.0,     5.0
sampsga01, 1985,     1, WAS , NHL , L  , 19.0,  1.0,   4.0,   5.0,   2.0, -3.0 ,  0.0,     ,  0.0,     ,  1.0, 0.0,  17.0,       ,      ,      ,        ,        ,        ,        ,        ,        ,        ,        ,      
sampsga01, 1986,     1, WAS , NHL , L  , 25.0,  1.0,   2.0,   3.0,   4.0, -9.0 ,  0.0,     ,  0.0,     ,  0.0, 0.0,  14.0,       ,      ,      ,        ,        ,        ,        ,        ,        ,        ,        ,      
samsoje01, 2009,     1, CAR , NHL , R  ,  7.0,  0.0,   2.0,   2.0,  10.0, -1.0 ,  0.0,  0.0,  0.0,  0.0,  0.0,    ,  17.0,       ,      ,      ,        ,        ,        ,        ,        ,        ,        ,        ,      
samsose01, 1997,     1, BOS , NHL , L  , 81.0, 22.0,  25.0,  47.0,   8.0, 9.0  ,  7.0,  8.0,  0.0,  0.0,  3.0, 0.0, 159.0,    6.0,   2.0,   5.0,     7.0,     0.0, 1.0    ,     0.0,     4.0,     0.0,     0.0,     1.0,    18.0
samsose01, 1998,     1, BOS , NHL , L  , 79.0, 25.0,  26.0,  51.0,  18.0, -6.0 ,  6.0, 10.0,  0.0,  0.0,  8.0, 1.0, 160.0,   11.0,   3.0,   1.0,     4.0,     0.0, 3.0    ,     0.0,     0.0,     0.0,     0.0,     0.0,    21.0
samsose01, 1999,     1, BOS , NHL , L  , 77.0, 19.0,  26.0,  45.0,   4.0, -6.0 ,  6.0,  8.0,  0.0,  0.0,  3.0, 0.0, 145.0,       ,      ,      ,        ,        ,        ,        ,        ,        ,        ,        ,      
samsose01, 2000,     1, BOS , NHL , L  , 82.0, 29.0,  46.0,  75.0,  18.0, 6.0  ,  3.0, 15.0,  0.0,  1.0,  3.0, 2.0, 215.0,       ,      ,      ,        ,        ,        ,        ,        ,        ,        ,        ,      
samsose01, 2001,     1, BOS , NHL , L  , 74.0, 29.0,  41.0,  70.0,  27.0, 21.0 ,  3.0, 12.0,  0.0,  0.0,  4.0, 0.0, 192.0,    6.0,   2.0,   2.0,     4.0,     0.0, -2.0   ,     0.0,     0.0,     0.0,     0.0,     0.0,    26.0
samsose01, 2002,     1, BOS , NHL , L  ,  8.0,  5.0,   6.0,  11.0,   2.0, 8.0  ,  1.0,  1.0,  0.0,  0.0,  3.0, 0.0,  23.0,    5.0,   0.0,   2.0,     2.0,     0.0, -1.0   ,     0.0,     1.0,     0.0,     0.0,     0.0,    10.0
samsose01, 2003,     1, BOS , NHL , L  , 58.0, 17.0,  23.0,  40.0,   4.0, 12.0 ,  3.0, 13.0,  0.0,  0.0,  5.0, 1.0, 132.0,    7.0,   2.0,   5.0,     7.0,     0.0, 2.0    ,     0.0,     1.0,     0.0,     0.0,     0.0,    13.0
samsose01, 2005,     1, BOS , NHL , L  , 55.0, 18.0,  19.0,  37.0,  22.0, -3.0 ,  6.0, 10.0,  0.0,  0.0,  1.0,    , 107.0,       ,      ,      ,        ,        ,        ,        ,        ,        ,        ,        ,      
samsose01, 2005,     2, EDM , NHL , L  , 19.0,  5.0,  11.0,  16.0,   6.0, 0.0  ,  4.0,  6.0,  0.0,  0.0,  0.0,    ,  36.0,   24.0,   4.0,  11.0,    15.0,    14.0, 2.0    ,     1.0,     7.0,     0.0,     0.0,     0.0,    40.0
samsose01, 2006,     1, MTL , NHL , L  , 63.0,  9.0,  17.0,  26.0,  10.0, -4.0 ,  0.0,  4.0,  0.0,  0.0,  0.0,    , 114.0,       ,      ,      ,        ,        ,        ,        ,        ,        ,        ,        ,      
samsose01, 2007,     1, CHI , NHL , L  , 23.0,  0.0,   4.0,   4.0,   6.0, -7.0 ,  0.0,  1.0,  0.0,  0.0,  0.0,    ,  38.0,       ,      ,      ,        ,        ,        ,        ,        ,        ,        ,        ,      
samsose01, 2007,     2, CAR , NHL , L  , 38.0, 14.0,  18.0,  32.0,  10.0, 6.0  ,  3.0,  6.0,  0.0,  0.0,  2.0,    ,  71.0,       ,      ,      ,        ,        ,        ,        ,        ,        ,        ,        ,      
samsose01, 2008,     1, CAR , NHL , L  , 81.0, 16.0,  32.0,  48.0,  28.0, -8.0 ,  3.0, 16.0,  0.0,  0.0,  3.0,    , 155.0,   17.0,   5.0,   3.0,     8.0,     6.0, 2.0    ,     0.0,     1.0,     0.0,     0.0,     0.0,    28.0
samsose01, 2009,     1, CAR , NHL , L  , 72.0, 14.0,  15.0,  29.0,  32.0, -15.0,  2.0,  5.0,  0.0,  0.0,  2.0,    , 104.0,       ,      ,      ,        ,        ,        ,        ,        ,        ,        ,        ,      
samuekj01, 1985,     1, NYR , NHL , D  ,  9.0,  0.0,   0.0,   0.0,  10.0, -1.0 ,  0.0,     ,  0.0,     ,  0.0, 0.0,   7.0,    9.0,   0.0,   1.0,     1.0,     8.0, -2.0   ,     0.0,        ,     0.0,        ,     0.0,     9.0
samuekj01, 1986,     1, NYR , NHL , D  , 30.0,  2.0,   6.0,   8.0,  50.0, -2.0 ,  0.0,     ,  0.0,     ,  0.0, 0.0,  20.0,       ,      ,      ,        ,        ,        ,        ,        ,        ,        ,        ,      
samuekj01, 1986,     2, PHI , NHL , D  , 46.0,  1.0,   6.0,   7.0,  86.0, -9.0 ,  0.0,     ,  0.0,     ,  0.0, 0.0,  28.0,   26.0,   0.0,   4.0,     4.0,    25.0, 4.0    ,     0.0,        ,     0.0,        ,     0.0,    27.0
samuekj01, 1987,     1, PHI , NHL , D  , 74.0,  6.0,  24.0,  30.0, 184.0, 28.0 ,  3.0,  9.0,  0.0,  0.0,  0.0, 0.0, 118.0,    7.0,   2.0,   5.0,     7.0,    23.0, 8.0    ,     0.0,     0.0,     0.0,     0.0,     1.0,    11.0
samuekj01, 1988,     1, PHI , NHL , D  , 69.0,  3.0,  14.0,  17.0, 140.0, 13.0 ,  0.0,  1.0,  1.0,  0.0,  0.0, 0.0,  60.0,   19.0,   1.0,   3.0,     4.0,    24.0, 13.0   ,     0.0,     0.0,     0.0,     0.0,     0.0,    16.0
samuekj01, 1989,     1, PHI , NHL , D  , 66.0,  5.0,  17.0,  22.0,  91.0, 20.0 ,  0.0,  1.0,  0.0,  1.0,  1.0, 0.0,  88.0,       ,      ,      ,        ,        ,        ,        ,        ,        ,        ,        ,      
samuekj01, 1990,     1, PHI , NHL , D  , 78.0,  9.0,  19.0,  28.0,  82.0, 4.0  ,  1.0,  4.0,  0.0,  0.0,  3.0, 1.0, 101.0,       ,      ,      ,        ,        ,        ,        ,        ,        ,        ,        ,      
samuekj01, 1991,     1, PHI , NHL , D  , 54.0,  4.0,   9.0,  13.0,  76.0, 1.0  ,  0.0,  1.0,  0.0,  0.0,  0.0, 0.0,  63.0,       ,      ,      ,        ,        ,        ,        ,        ,        ,        ,        ,      
samuekj01, 1991,     2, PIT , NHL , D  , 20.0,  1.0,   2.0,   3.0,  34.0, 0.0  ,  0.0,  0.0,  0.0,  0.0,  1.0, 0.0,  28.0,   15.0,   0.0,   3.0,     3.0,    12.0, 6.0    ,     0.0,     1.0,     0.0,     0.0,     0.0,     7.0
samuekj01, 1992,     1, PIT , NHL , D  , 63.0,  3.0,   6.0,   9.0, 106.0, 25.0 ,  0.0,  1.0,  0.0,  1.0,  1.0, 0.0,  63.0,   12.0,   0.0,   3.0,     3.0,     2.0, 4.0    ,     0.0,     1.0,     0.0,     0.0,     0.0,    15.0
samuekj01, 1993,     1, PIT , NHL , D  , 59.0,  5.0,   8.0,  13.0, 118.0, 18.0 ,  1.0,  2.0,  0.0,  0.0,  0.0, 0.0,  57.0,    6.0,   0.0,   0.0,     0.0,    26.0, 0.0    ,     0.0,     0.0,     0.0,     0.0,     0.0,     3.0
samuekj01, 1994,     1, PIT , NHL , D  , 41.0,  1.0,   6.0,   7.0,  54.0, 8.0  ,  0.0,  0.0,  0.0,  0.0,  0.0, 0.0,  37.0,   11.0,   0.0,   1.0,     1.0,    32.0, -4.0   ,     0.0,     0.0,     0.0,     1.0,     0.0,     5.0
samuekj01, 1995,     1, PHI , NHL , D  , 75.0,  3.0,  11.0,  14.0,  81.0, 20.0 ,  0.0,  0.0,  0.0,  0.0,  1.0, 1.0,  62.0,   12.0,   1.0,   0.0,     1.0,    24.0, 0.0    ,     0.0,     0.0,     0.0,     0.0,     0.0,     7.0
samuekj01, 1996,     1, PHI , NHL , D  , 34.0,  4.0,   3.0,   7.0,  47.0, 17.0 ,  0.0,  0.0,  0.0,  0.0,  0.0, 0.0,  36.0,    5.0,   0.0,   0.0,     0.0,     2.0, -3.0   ,     0.0,     0.0,     0.0,     0.0,     0.0,     4.0
samuekj01, 1997,     1, PHI , NHL , D  , 49.0,  0.0,   3.0,   3.0,  28.0, 9.0  ,  0.0,  0.0,  0.0,  0.0,  0.0, 0.0,  23.0,    1.0,   0.0,   0.0,     0.0,     0.0, 1.0    ,     0.0,     0.0,     0.0,     0.0,     0.0,     0.0
samuekj01, 1998,     1, TBL , NHL , D  , 46.0,  1.0,   4.0,   5.0,  38.0, -6.0 ,  0.0,  0.0,  0.0,  1.0,  0.0, 0.0,  22.0,       ,      ,      ,        ,        ,        ,        ,        ,        ,        ,        ,      
samuema01, 2002,     1, BOS , NHL , R  ,  8.0,  0.0,   1.0,   1.0,   2.0, -1.0 ,  0.0,  0.0,  0.0,  0.0,  0.0, 0.0,   3.0,       ,      ,      ,        ,        ,        ,        ,        ,        ,        ,        ,      
samuema01, 2003,     1, BOS , NHL , R  ,  6.0,  0.0,   0.0,   0.0,   0.0, -1.0 ,  0.0,  0.0,  0.0,  0.0,  0.0, 0.0,   7.0,       ,      ,      ,        ,        ,        ,        ,        ,        ,        ,        ,      
samuemi01, 2000,     1, SJS , NHL , R  ,  4.0,  0.0,   0.0,   0.0,   0.0, 0.0  ,  0.0,  0.0,  0.0,  0.0,  0.0, 0.0,   3.0,       ,      ,      ,        ,        ,        ,        ,        ,        ,        ,        ,      
samuemi01, 2001,     1, NYR , NHL , R  , 67.0,  6.0,  10.0,  16.0,  23.0, 10.0 ,  1.0,  0.0,  2.0,  0.0,  1.0, 0.0,  94.0,       ,      ,      ,        ,        ,        ,        ,        ,        ,        ,        ,      
samuemi01, 2002,     1, NYR , NHL , R  , 58.0,  8.0,  14.0,  22.0,  32.0, 0.0  ,  1.0,  3.0,  1.0,  1.0,  2.0, 1.0, 118.0,       ,      ,      ,        ,        ,        ,        ,        ,        ,        ,        ,      
samuemi01, 2002,     2, PIT , NHL , R  , 22.0,  2.0,   0.0,   2.0,   8.0, -21.0,  1.0,  0.0,  0.0,  0.0,  0.0, 0.0,  36.0,       ,      ,      ,        ,        ,        ,        ,        ,        ,        ,        ,      
samuemi01, 2003,     1, FLO , NHL , C  , 37.0,  3.0,   6.0,   9.0,  35.0, 0.0  ,  0.0,  1.0,  0.0,  0.0,  1.0, 0.0,  50.0,       ,      ,      ,        ,        ,        ,        ,        ,        ,        ,        ,      
samuemi01, 2005,     1, DET , NHL , R  , 71.0, 23.0,  22.0,  45.0,  42.0, 27.0 ,  7.0,  6.0,  0.0,  0.0,  3.0,    , 187.0,    6.0,   0.0,   1.0,     1.0,     6.0, -1.0   ,     0.0,     0.0,     0.0,     0.0,     0.0,    16.0
samuemi01, 2006,     1, DET , NHL , R  , 53.0, 14.0,  20.0,  34.0,  28.0, 1.0  ,  6.0,  8.0,  0.0,  0.0,  2.0,    , 189.0,   18.0,   3.0,   8.0,    11.0,    14.0, 2.0    ,     1.0,     5.0,     0.0,     0.0,     1.0,    45.0
samuemi01, 2007,     1, DET , NHL , R  , 73.0, 11.0,  29.0,  40.0,  26.0, 21.0 ,  3.0,  8.0,  0.0,  0.0,  1.0,    , 249.0,   22.0,   5.0,   8.0,    13.0,     8.0, 8.0    ,     0.0,     2.0,     0.0,     0.0,     1.0,    79.0
samuemi01, 2008,     1, DET , NHL , R  , 81.0, 19.0,  21.0,  40.0,  50.0, 0.0  ,  7.0, 13.0,  0.0,  0.0,  1.0,    , 257.0,   23.0,   5.0,   5.0,    10.0,     6.0, 7.0    ,     0.0,     3.0,     0.0,     0.0,     2.0,    79.0
samuemi01, 2009,     1, VAN , NHL , R  , 74.0, 30.0,  23.0,  53.0,  64.0, 10.0 ,  7.0,  7.0,  0.0,  0.0,  4.0,    , 219.0,   12.0,   8.0,   7.0,    15.0,    16.0, 7.0    ,     3.0,     1.0,     0.0,     0.0,     1.0,    42.0
samueul01, 1984,     1, HAR , NHL , D  , 41.0,  2.0,   6.0,   8.0,  83.0, -6.0 ,  0.0,     ,  0.0,     ,  0.0, 0.0,  32.0,       ,      ,      ,        ,        ,        ,        ,        ,        ,        ,        ,      
samueul01, 1985,     1, HAR , NHL , D  , 80.0,  5.0,  19.0,  24.0, 174.0, 7.0  ,  0.0,     ,  1.0,     ,  1.0, 0.0,  72.0,   10.0,   1.0,   2.0,     3.0,    38.0, 5.0    ,     0.0,        ,     0.0,        ,     1.0,    13.0
samueul01, 1986,     1, HAR , NHL , D  , 78.0,  2.0,  31.0,  33.0, 162.0, 28.0 ,  0.0,     ,  0.0,     ,  0.0, 0.0, 104.0,    5.0,   0.0,   1.0,     1.0,    41.0, -2.0   ,     0.0,        ,     0.0,        ,     0.0,     4.0
samueul01, 1987,     1, HAR , NHL , D  , 76.0,  8.0,  33.0,  41.0, 159.0, -10.0,  3.0, 14.0,  0.0,  1.0,  0.0, 0.0, 156.0,    5.0,   0.0,   0.0,     0.0,     8.0, -2.0   ,     0.0,     0.0,     0.0,     0.0,     0.0,    11.0
samueul01, 1988,     1, HAR , NHL , D  , 71.0,  9.0,  26.0,  35.0, 181.0, 23.0 ,  3.0, 12.0,  0.0,  0.0,  2.0, 0.0, 122.0,    4.0,   0.0,   2.0,     2.0,     4.0, 0.0    ,     0.0,     0.0,     0.0,     1.0,     0.0,     8.0
samueul01, 1989,     1, HAR , NHL , D  , 55.0,  2.0,  11.0,  13.0, 177.0, 15.0 ,  0.0,  1.0,  0.0,  0.0,  0.0, 0.0,  57.0,    7.0,   1.0,   0.0,     1.0,    18.0, 2.0    ,     0.0,     0.0,     0.0,     0.0,     0.0,     5.0
samueul01, 1990,     1, HAR , NHL , D  , 62.0,  3.0,  18.0,  21.0, 174.0, 13.0 ,  0.0,  0.0,  0.0,     ,  0.0, 0.0, 110.0,       ,      ,      ,        ,        ,        ,        ,        ,        ,        ,        ,      
samueul01, 1990,     2, PIT , NHL , D  , 14.0,  1.0,   4.0,   5.0,  37.0, 4.0  ,  0.0,  0.0,  0.0,     ,  0.0, 0.0,  15.0,   20.0,   3.0,   2.0,     5.0,    34.0, 7.0    ,     1.0,     0.0,     0.0,     0.0,     1.0,    21.0
samueul01, 1991,     1, PIT , NHL , D  , 62.0,  1.0,  14.0,  15.0, 206.0, 2.0  ,  1.0,  4.0,  0.0,  1.0,  1.0, 0.0,  75.0,   21.0,   0.0,   2.0,     2.0,    39.0, 7.0    ,     0.0,     1.0,     0.0,     0.0,     0.0,    12.0
samueul01, 1992,     1, PIT , NHL , D  , 77.0,  3.0,  26.0,  29.0, 249.0, 36.0 ,  0.0,  7.0,  0.0,  2.0,  1.0, 0.0,  96.0,   12.0,   1.0,   5.0,     6.0,    24.0, 5.0    ,     0.0,     0.0,     0.0,     1.0,     0.0,    14.0
samueul01, 1993,     1, PIT , NHL , D  , 80.0,  5.0,  24.0,  29.0, 199.0, 23.0 ,  1.0,  4.0,  0.0,  1.0,  0.0, 1.0, 106.0,    6.0,   0.0,   1.0,     1.0,    18.0, -3.0   ,     0.0,     0.0,     0.0,     0.0,     0.0,     6.0
samueul01, 1994,     1, PIT , NHL , D  , 44.0,  1.0,  15.0,  16.0, 113.0, 11.0 ,  0.0,  4.0,  0.0,  1.0,  0.0, 0.0,  47.0,    7.0,   0.0,   2.0,     2.0,     8.0, 2.0    ,     0.0,     2.0,     0.0,     0.0,     0.0,     5.0
samueul01, 1995,     1, NYR , NHL , D  , 74.0,  1.0,  18.0,  19.0, 122.0, 9.0  ,  0.0,  3.0,  0.0,  0.0,  0.0, 0.0,  66.0,   11.0,   1.0,   5.0,     6.0,    16.0, -1.0   ,     0.0,     0.0,     0.0,     0.0,     0.0,     6.0
samueul01, 1996,     1, NYR , NHL , D  , 73.0,  6.0,  11.0,  17.0, 138.0, 3.0  ,  1.0,  0.0,  0.0,  1.0,  1.0, 0.0,  77.0,   15.0,   0.0,   2.0,     2.0,    30.0, 1.0    ,     0.0,     0.0,     0.0,     0.0,     0.0,    11.0
samueul01, 1997,     1, NYR , NHL , D  , 73.0,  3.0,   9.0,  12.0, 122.0, 1.0  ,  0.0,  1.0,  0.0,  0.0,  2.0, 0.0,  59.0,       ,      ,      ,        ,        ,        ,        ,        ,        ,        ,        ,      
samueul01, 1998,     1, NYR , NHL , D  , 67.0,  4.0,   8.0,  12.0,  93.0, 6.0  ,  0.0,  2.0,  0.0,  0.0,  0.0, 0.0,  37.0,       ,      ,      ,        ,        ,        ,        ,        ,        ,        ,        ,      
samueul01, 1998,     2, DET , NHL , D  ,  4.0,  0.0,   0.0,   0.0,   6.0, -1.0 ,  0.0,  0.0,  0.0,  0.0,  0.0, 0.0,   2.0,    9.0,   0.0,   3.0,     3.0,    10.0, 1.0    ,     0.0,     0.0,     0.0,     0.0,     0.0,     6.0
samueul01, 1999,     1, PHI , NHL , D  , 49.0,  1.0,   2.0,   3.0,  58.0, 8.0  ,  0.0,  0.0,  0.0,  0.0,  1.0, 0.0,  17.0,       ,      ,      ,        ,        ,        ,        ,        ,        ,        ,        ,      
sandbca01, 1977,     1, EDO , WHA , D  , 11.0,  1.0,   2.0,   3.0,  39.0, 1.0  ,  1.0,     ,  0.0,     ,     ,    ,  19.0,    5.0,   0.0,   0.0,     0.0,    10.0, -1.0   ,        ,        ,        ,        ,     0.0,      
sandbca01, 1978,     1, EDO , WHA , D  ,  6.0,  0.0,   0.0,   0.0,   2.0, -2.0 ,  0.0,     ,  0.0,     ,     ,    ,   3.0,       ,      ,      ,        ,        ,        ,        ,        ,        ,        ,        ,      
sandede01, 1965,     1, BOS , NHL , C  ,  2.0,  0.0,   0.0,   0.0,   0.0,      ,  0.0,     ,  0.0,     ,  0.0, 0.0,      ,       ,      ,      ,        ,        ,        ,        ,        ,        ,        ,        ,      
sandede01, 1966,     1, BOS , NHL , C  ,  2.0,  0.0,   0.0,   0.0,   0.0,      ,  0.0,     ,  0.0,     ,  0.0, 0.0,      ,       ,      ,      ,        ,        ,        ,        ,        ,        ,        ,        ,      
sandede01, 1967,     1, BOS , NHL , C  , 71.0, 24.0,  25.0,  49.0,  98.0, 11.0 ,  4.0,     ,  1.0,     ,  6.0, 1.0, 187.0,    4.0,   0.0,   2.0,     2.0,     9.0,        ,     0.0,        ,     0.0,        ,     0.0,      
sandede01, 1968,     1, BOS , NHL , C  , 61.0, 26.0,  22.0,  48.0, 146.0, 35.0 ,  1.0,     ,  3.0,     ,  3.0, 2.0, 194.0,    9.0,   8.0,   2.0,    10.0,    36.0,        ,     0.0,        ,     3.0,        ,     2.0,      
sandede01, 1969,     1, BOS , NHL , C  , 50.0, 18.0,  23.0,  41.0, 118.0, 8.0  ,  5.0,     ,  5.0,     ,  2.0, 2.0, 179.0,   14.0,   5.0,   4.0,     9.0,    72.0,        ,     1.0,        ,     2.0,        ,     0.0,      
sandede01, 1970,     1, BOS , NHL , C  , 71.0, 29.0,  34.0,  63.0, 130.0, 39.0 ,  1.0,     ,  6.0,     ,  0.0, 0.0, 217.0,    7.0,   2.0,   1.0,     3.0,    13.0,        ,     0.0,        ,     0.0,        ,     0.0,      
sandede01, 1971,     1, BOS , NHL , C  , 78.0, 25.0,  33.0,  58.0, 108.0, 25.0 ,  0.0,     ,  7.0,     ,  2.0, 0.0, 198.0,   11.0,   1.0,   1.0,     2.0,    44.0,        ,     0.0,        ,     1.0,        ,     0.0,      
sandede01, 1972,     1, PHB , WHA , C  ,  8.0,  3.0,   3.0,   6.0,  69.0,      ,  0.0,     ,  1.0,     ,     ,    ,      ,       ,      ,      ,        ,        ,        ,        ,        ,        ,        ,        ,      
sandede01, 1972,     2, BOS , NHL , C  , 25.0,  5.0,  10.0,  15.0,  38.0, 11.0 ,  0.0,     ,  2.0,     ,  0.0, 0.0,  41.0,    5.0,   1.0,   2.0,     3.0,    13.0,        ,     0.0,        ,     0.0,        ,     0.0,      
sandede01, 1973,     1, BOS , NHL , C  , 29.0,  8.0,  12.0,  20.0,  48.0, 17.0 ,  0.0,     ,  0.0,     ,  1.0, 1.0,  64.0,       ,      ,      ,        ,        ,        ,        ,        ,        ,        ,        ,      
sandede01, 1974,     1, NYR , NHL , C  , 75.0, 25.0,  25.0,  50.0, 106.0, 10.0 ,  3.0,     ,  2.0,     ,  3.0, 0.0, 188.0,    3.0,   0.0,   0.0,     0.0,     0.0,        ,     0.0,        ,     0.0,        ,     0.0,      
sandede01, 1975,     1, NYR , NHL , C  ,  8.0,  0.0,   0.0,   0.0,   4.0, -8.0 ,  0.0,     ,  0.0,     ,  0.0, 0.0,  29.0,       ,      ,      ,        ,        ,        ,        ,        ,        ,        ,        ,      
sandede01, 1975,     2, STL , NHL , C  , 65.0, 24.0,  43.0,  67.0,  59.0, 13.0 ,  6.0,     ,  6.0,     ,  1.0, 0.0, 171.0,    3.0,   1.0,   0.0,     1.0,     0.0,        ,     1.0,        ,     0.0,        ,     0.0,      
sandede01, 1976,     1, STL , NHL , C  , 32.0,  8.0,  13.0,  21.0,  26.0, -8.0 ,  3.0,     ,  0.0,     ,  2.0, 1.0,  53.0,       ,      ,      ,        ,        ,        ,        ,        ,        ,        ,        ,      
sandede01, 1976,     2, VAN , NHL , C  , 16.0,  7.0,   9.0,  16.0,  30.0, 5.0  ,  2.0,     ,  2.0,     ,  1.0, 0.0,  21.0,       ,      ,      ,        ,        ,        ,        ,        ,        ,        ,        ,      
sandede01, 1977,     1, PIT , NHL , C  , 13.0,  3.0,   1.0,   4.0,   0.0, -6.0 ,  1.0,     ,  0.0,     ,  0.0, 0.0,  11.0,       ,      ,      ,        ,        ,        ,        ,        ,        ,        ,        ,      
sandefr01, 1972,     1, MFS , WHA , D  , 76.0,  8.0,   8.0,  16.0,  94.0,      ,  1.0,     ,  0.0,     ,     ,    ,      ,    4.0,   0.0,   1.0,     1.0,     0.0,        ,     0.0,        ,     0.0,        ,     0.0,      
sandege01, 1990,     1, HAR , NHL , C  ,  2.0,  1.0,   0.0,   1.0,   0.0, -2.0 ,  0.0,  0.0,  0.0,  0.0,  0.0, 0.0,   2.0,    3.0,   0.0,   0.0,     0.0,     0.0, 0.0    ,     0.0,     0.0,     0.0,     0.0,     0.0,     4.0
sandege01, 1991,     1, HAR , NHL , C  , 64.0, 13.0,  18.0,  31.0,  18.0, 5.0  ,  2.0,  1.0,  0.0,  0.0,  1.0, 0.0,  98.0,    7.0,   1.0,   0.0,     1.0,     2.0, -1.0   ,     0.0,     0.0,     0.0,     0.0,     0.0,     9.0
sandege01, 1992,     1, HAR , NHL , L  , 82.0, 46.0,  43.0,  89.0,  28.0, -21.0, 21.0, 20.0,  2.0,  1.0,  4.0, 0.0, 271.0,       ,      ,      ,        ,        ,        ,        ,        ,        ,        ,        ,      
sandege01, 1993,     1, HAR , NHL , L  , 82.0, 41.0,  26.0,  67.0,  42.0, -13.0, 15.0,  9.0,  1.0,  0.0,  6.0, 2.0, 266.0,       ,      ,      ,        ,        ,        ,        ,        ,        ,        ,        ,      
sandege01, 1994,     1, HAR , NHL , L  , 46.0, 18.0,  14.0,  32.0,  24.0, -10.0,  4.0,  5.0,  0.0,  0.0,  4.0, 0.0, 170.0,       ,      ,      ,        ,        ,        ,        ,        ,        ,        ,        ,      
sandege01, 1995,     1, HAR , NHL , L  , 81.0, 34.0,  31.0,  65.0,  40.0, 0.0  ,  6.0, 15.0,  0.0,  0.0,  7.0, 0.0, 314.0,       ,      ,      ,        ,        ,        ,        ,        ,        ,        ,        ,      
sandege01, 1996,     1, HAR , NHL , L  , 82.0, 36.0,  31.0,  67.0,  29.0, -9.0 , 12.0, 11.0,  1.0,  0.0,  4.0, 1.0, 297.0,       ,      ,      ,        ,        ,        ,        ,        ,        ,        ,        ,      
sandege01, 1997,     1, CAR , NHL , L  , 40.0,  7.0,  10.0,  17.0,  14.0, -4.0 ,  2.0,  2.0,  0.0,  0.0,  0.0, 1.0,  96.0,       ,      ,      ,        ,        ,        ,        ,        ,        ,        ,        ,      
sandege01, 1997,     2, VAN , NHL , L  ,  9.0,  0.0,   3.0,   3.0,   4.0, -1.0 ,  0.0,  0.0,  0.0,  0.0,  0.0, 0.0,  29.0,       ,      ,      ,        ,        ,        ,        ,        ,        ,        ,        ,      
sandege01, 1997,     3, BUF , NHL , L  , 26.0,  4.0,   5.0,   9.0,  20.0, 6.0  ,  0.0,  2.0,  0.0,  0.0,  2.0, 0.0,  72.0,   14.0,   3.0,   1.0,     4.0,     4.0, 0.0    ,     1.0,     0.0,     0.0,     0.0,     1.0,    25.0
sandege01, 1998,     1, BUF , NHL , L  , 75.0, 12.0,  18.0,  30.0,  22.0, 8.0  ,  1.0,  5.0,  0.0,  0.0,  1.0, 0.0, 155.0,   19.0,   4.0,   6.0,    10.0,    14.0, 5.0    ,     0.0,     1.0,     0.0,     0.0,     1.0,    53.0
sandege01, 1999,     1, BUF , NHL , L  , 67.0, 13.0,  13.0,  26.0,  22.0, 4.0  ,  4.0,  1.0,  0.0,  0.0,  3.0, 0.0, 136.0,    5.0,   0.0,   2.0,     2.0,     8.0, 0.0    ,     0.0,     1.0,     0.0,     0.0,     0.0,     9.0
sandege01, 2000,     1, CBS , NHL , L  , 68.0, 30.0,  26.0,  56.0,  46.0, 4.0  ,  9.0, 10.0,  0.0,  0.0,  7.0, 0.0, 199.0,       ,      ,      ,        ,        ,        ,        ,        ,        ,        ,        ,      
sandege01, 2001,     1, CBS , NHL , L  , 42.0, 11.0,   5.0,  16.0,  12.0, -15.0,  5.0,  1.0,  0.0,  0.0,  2.0, 0.0, 112.0,       ,      ,      ,        ,        ,        ,        ,        ,        ,        ,        ,      
sandege01, 2002,     1, CBS , NHL , L  , 82.0, 34.0,  33.0,  67.0,  34.0, -4.0 , 15.0, 11.0,  2.0,  1.0,  2.0, 0.0, 286.0,       ,      ,      ,        ,        ,        ,        ,        ,        ,        ,        ,      
sandege01, 2003,     1, CBS , NHL , L  , 67.0, 13.0,  16.0,  29.0,  34.0, -9.0 ,  5.0,  5.0,  0.0,  0.0,  1.0, 0.0, 191.0,       ,      ,      ,        ,        ,        ,        ,        ,        ,        ,        ,      
sandege01, 2003,     2, VAN , NHL , L  , 13.0,  3.0,   4.0,   7.0,   4.0, -1.0 ,  1.0,  1.0,  0.0,  0.0,  1.0, 1.0,  36.0,    7.0,   1.0,   1.0,     2.0,     4.0, -1.0   ,     0.0,     0.0,     0.0,     0.0,     0.0,    10.0
sandege01, 2005,     1, CBS , NHL , L  ,  2.0,  0.0,   0.0,   0.0,   0.0, -1.0 ,  0.0,  0.0,  0.0,  0.0,  0.0,    ,   7.0,       ,      ,      ,        ,        ,        ,        ,        ,        ,        ,        ,      
sandege01, 2005,     2, PHO , NHL , L  , 75.0, 25.0,  21.0,  46.0,  58.0, -14.0, 11.0,  7.0,  1.0,  0.0,  1.0,    , 152.0,       ,      ,      ,        ,        ,        ,        ,        ,        ,        ,        ,      
sandege01, 2006,     1, PHI , NHL , L  , 58.0, 11.0,  18.0,  29.0,  44.0, -16.0,  3.0,  4.0,  0.0,  1.0,  2.0,    , 143.0,       ,      ,      ,        ,        ,        ,        ,        ,        ,        ,        ,      
sandege01, 2007,     1, EDM , NHL , L  , 41.0,  3.0,  10.0,  13.0,  16.0, -7.0 ,  0.0,  1.0,  0.0,  1.0,  0.0,    ,  40.0,       ,      ,      ,        ,        ,        ,        ,        ,        ,        ,        ,      
sandesc01, 1986,     1, MTL , NHL , D  ,  1.0,  0.0,   0.0,   0.0,   0.0, 1.0  ,  0.0,     ,  0.0,     ,  0.0, 0.0,   0.0,       ,      ,      ,        ,        ,        ,        ,        ,        ,        ,        ,      
sandesc01, 1987,     1, MTL , NHL , D  ,  8.0,  0.0,   1.0,   1.0,   2.0, 0.0  ,  0.0,  1.0,  0.0,  0.0,  0.0, 0.0,   5.0,       ,      ,      ,        ,        ,        ,        ,        ,        ,        ,        ,      
sandesc01, 1990,     1, PHI , NHL , D  , 15.0,  0.0,   3.0,   3.0,   0.0, -3.0 ,  0.0,  1.0,  0.0,  0.0,  0.0, 0.0,   4.0,       ,      ,      ,        ,        ,        ,        ,        ,        ,        ,        ,      
sandesc01, 1991,     1, MNS , NHL , D  ,  1.0,  0.0,   0.0,   0.0,   0.0, -1.0 ,  0.0,  0.0,  0.0,  0.0,  0.0, 0.0,   1.0,       ,      ,      ,        ,        ,        ,        ,        ,        ,        ,        ,      
sandfed01, 1947,     1, BOS , NHL , L  , 59.0, 10.0,  15.0,  25.0,  25.0,      ,     ,     ,     ,     ,     ,    ,      ,    5.0,   1.0,   0.0,     1.0,     0.0,        ,        ,        ,        ,        ,        ,      
sandfed01, 1948,     1, BOS , NHL , C  , 56.0, 16.0,  20.0,  36.0,  57.0,      ,     ,     ,     ,     ,     ,    ,      ,    5.0,   1.0,   3.0,     4.0,     2.0,        ,        ,        ,        ,        ,        ,      
sandfed01, 1949,     1, BOS , NHL , L  , 19.0,  1.0,   4.0,   5.0,   6.0,      ,     ,     ,     ,     ,     ,    ,      ,       ,      ,      ,        ,        ,        ,        ,        ,        ,        ,        ,      
sandfed01, 1950,     1, BOS , NHL , L  , 51.0, 10.0,  13.0,  23.0,  33.0,      ,     ,     ,     ,     ,     ,    ,      ,    6.0,   0.0,   1.0,     1.0,     4.0,        ,        ,        ,        ,        ,        ,      
sandfed01, 1951,     1, BOS , NHL , L  , 65.0, 13.0,  12.0,  25.0,  54.0,      ,     ,     ,     ,     ,     ,    ,      ,    7.0,   2.0,   2.0,     4.0,     0.0,        ,        ,        ,        ,        ,        ,      
sandfed01, 1952,     1, BOS , NHL , L  , 61.0, 14.0,  21.0,  35.0,  44.0,      ,     ,     ,     ,     ,     ,    ,      ,   11.0,   8.0,   3.0,    11.0,    11.0,        ,        ,        ,        ,        ,        ,      
sandfed01, 1953,     1, BOS , NHL , L  , 70.0, 16.0,  31.0,  47.0,  42.0,      ,     ,     ,     ,     ,     ,    ,      ,    3.0,   0.0,   1.0,     1.0,     4.0,        ,        ,        ,        ,        ,        ,      
sandfed01, 1954,     1, BOS , NHL , L  , 60.0, 14.0,  20.0,  34.0,  38.0,      ,     ,     ,     ,     ,     ,    ,      ,    5.0,   1.0,   1.0,     2.0,     6.0,        ,        ,        ,        ,        ,        ,      
sandfed01, 1955,     1, DET , NHL , L  ,  4.0,  0.0,   0.0,   0.0,   0.0,      ,     ,     ,     ,     ,     ,    ,      ,       ,      ,      ,        ,        ,        ,        ,        ,        ,        ,        ,      
sandfed01, 1955,     2, CHI , NHL , L  , 57.0, 12.0,   9.0,  21.0,  56.0,      ,     ,     ,     ,     ,     ,    ,      ,       ,      ,      ,        ,        ,        ,        ,        ,        ,        ,        ,      
sandlji01, 1985,     1, VAN , NHL , R  , 23.0,  1.0,   3.0,   4.0,  10.0, -4.0 ,  0.0,     ,  0.0,     ,  0.0, 0.0,  34.0,    3.0,   0.0,   1.0,     1.0,     0.0, -2.0   ,     0.0,        ,     0.0,        ,     0.0,     6.0
sandlji01, 1986,     1, VAN , NHL , R  , 78.0, 15.0,  21.0,  36.0,  66.0, -4.0 ,  2.0,     ,  0.0,     ,  3.0, 0.0, 114.0,       ,      ,      ,        ,        ,        ,        ,        ,        ,        ,        ,      
sandlji01, 1987,     1, VAN , NHL , R  , 49.0, 16.0,  15.0,  31.0,  81.0, -9.0 ,  6.0,  5.0,  0.0,  0.0,  2.0, 1.0,  96.0,       ,      ,      ,        ,        ,        ,        ,        ,        ,        ,        ,      
sandlji01, 1988,     1, VAN , NHL , R  , 72.0, 20.0,  20.0,  40.0,  99.0, 8.0  ,  9.0,  6.0,  0.0,  0.0,  4.0, 1.0, 164.0,    6.0,   1.0,   1.0,     2.0,     2.0, -1.0   ,     0.0,     0.0,     0.0,     0.0,     0.0,    10.0
sandlji01, 1989,     1, VAN , NHL , R  , 70.0, 15.0,   8.0,  23.0, 104.0, -15.0,  1.0,  1.0,  0.0,  0.0,  2.0, 1.0, 135.0,       ,      ,      ,        ,        ,        ,        ,        ,        ,        ,        ,      
sandlji01, 1990,     1, VAN , NHL , R  , 59.0,  7.0,   6.0,  13.0, 125.0, -20.0,  4.0,  1.0,  0.0,  0.0,  0.0, 0.0,  88.0,       ,      ,      ,        ,        ,        ,        ,        ,        ,        ,        ,      
sandlji01, 1991,     1, VAN , NHL , R  , 66.0, 16.0,  24.0,  40.0, 176.0, 22.0 ,  3.0,  3.0,  0.0,  0.0,  2.0, 1.0, 122.0,   13.0,   4.0,   6.0,    10.0,    22.0, 4.0    ,     2.0,     1.0,     0.0,     0.0,     0.0,    27.0
sandlji01, 1992,     1, VAN , NHL , R  , 59.0, 10.0,  18.0,  28.0, 122.0, 2.0  ,  1.0,  5.0,  0.0,  1.0,  1.0, 0.0, 104.0,    6.0,   2.0,   2.0,     4.0,     4.0, -2.0   ,     0.0,     0.0,     0.0,     0.0,     0.0,    11.0
sandlji01, 1993,     1, HAR , NHL , R  , 27.0,  6.0,   2.0,   8.0,  32.0, 6.0  ,  2.0,  0.0,  0.0,  0.0,  1.0, 0.0,  32.0,       ,      ,      ,        ,        ,        ,        ,        ,        ,        ,        ,      
sandlji01, 1994,     1, HAR , NHL , R  , 13.0,  0.0,   0.0,   0.0,   0.0, -10.0,  0.0,  0.0,  0.0,  0.0,  0.0, 0.0,  13.0,       ,      ,      ,        ,        ,        ,        ,        ,        ,        ,        ,      
sandlji01, 1995,     1, VAN , NHL , R  , 33.0,  4.0,   2.0,   6.0,   6.0, -3.0 ,  0.0,  0.0,  1.0,  0.0,  1.0, 0.0,  44.0,    5.0,   0.0,   0.0,     0.0,     2.0, 2.0    ,     0.0,     0.0,     0.0,     0.0,     0.0,     5.0
sandsch01, 1932,     1, TOR , NHL , C/R,  3.0,  0.0,   3.0,   3.0,   0.0,      ,     ,     ,     ,     ,     ,    ,      ,    9.0,   2.0,   2.0,     4.0,     2.0,        ,        ,        ,        ,        ,        ,      
sandsch01, 1933,     1, TOR , NHL , C/R, 45.0,  8.0,   8.0,  16.0,   2.0,      ,     ,     ,     ,     ,     ,    ,      ,    5.0,   1.0,   0.0,     1.0,     0.0,        ,        ,        ,        ,        ,        ,      
sandsch01, 1934,     1, BOS , NHL , C/R, 41.0, 15.0,  12.0,  27.0,   0.0,      ,     ,     ,     ,     ,     ,    ,      ,    4.0,   0.0,   0.0,     0.0,     0.0,        ,        ,        ,        ,        ,        ,      
sandsch01, 1935,     1, BOS , NHL , C/R, 40.0,  6.0,   4.0,  10.0,   8.0,      ,     ,     ,     ,     ,     ,    ,      ,    2.0,   0.0,   0.0,     0.0,     0.0,        ,        ,        ,        ,        ,        ,      
sandsch01, 1936,     1, BOS , NHL , C/R, 47.0, 18.0,   5.0,  23.0,   6.0,      ,     ,     ,     ,     ,     ,    ,      ,    3.0,   1.0,   2.0,     3.0,     0.0,        ,        ,        ,        ,        ,        ,      
sandsch01, 1937,     1, BOS , NHL , R  , 46.0, 17.0,  12.0,  29.0,  12.0,      ,     ,     ,     ,     ,     ,    ,      ,    3.0,   1.0,   1.0,     2.0,     0.0,        ,        ,        ,        ,        ,        ,      
sandsch01, 1938,     1, BOS , NHL , R  , 37.0,  7.0,   5.0,  12.0,  10.0,      ,     ,     ,     ,     ,     ,    ,      ,    1.0,   0.0,   0.0,     0.0,     0.0,        ,        ,        ,        ,        ,        ,      
sandsch01, 1939,     1, MTL , NHL , R  , 47.0,  9.0,  20.0,  29.0,  10.0,      ,     ,     ,     ,     ,     ,    ,      ,       ,      ,      ,        ,        ,        ,        ,        ,        ,        ,        ,      
sandsch01, 1940,     1, MTL , NHL , R  , 43.0,  5.0,  13.0,  18.0,   4.0,      ,     ,     ,     ,     ,     ,    ,      ,    2.0,   1.0,   0.0,     1.0,     0.0,        ,        ,        ,        ,        ,        ,      
sandsch01, 1941,     1, MTL , NHL , R  , 38.0, 11.0,  16.0,  27.0,   6.0,      ,     ,     ,     ,     ,     ,    ,      ,    3.0,   0.0,   1.0,     1.0,     2.0,        ,        ,        ,        ,        ,        ,      
sandsch01, 1942,     1, MTL , NHL , R  , 31.0,  3.0,   9.0,  12.0,   0.0,      ,     ,     ,     ,     ,     ,    ,      ,    2.0,   0.0,   0.0,     0.0,     0.0,        ,        ,        ,        ,        ,        ,      
sandsch01, 1943,     1, NYR , NHL , C  ,  9.0,  0.0,   2.0,   2.0,   0.0,      ,     ,     ,     ,     ,     ,    ,      ,       ,      ,      ,        ,        ,        ,        ,        ,        ,        ,        ,      
sandsmi01, 1984,     1, MNS , NHL , G  ,  3.0,  0.0,   0.0,   0.0,   2.0, 0.0  ,  0.0,     ,  0.0,     ,  0.0, 0.0,   0.0,       ,      ,      ,        ,        ,        ,        ,        ,        ,        ,        ,      
sandsmi01, 1986,     1, MNS , NHL , G  ,  3.0,  0.0,   0.0,   0.0,   0.0, 0.0  ,  0.0,     ,  0.0,     ,  0.0, 0.0,   0.0,       ,      ,      ,        ,        ,        ,        ,        ,        ,        ,        ,      
sandsto01, 1984,     1, NYR , NHL , L  , 74.0, 29.0,  29.0,  58.0,  51.0, 3.0  ,  5.0,     ,  0.0,     ,  3.0, 1.0, 190.0,    3.0,   0.0,   2.0,     2.0,     0.0, -3.0   ,     0.0,        ,     0.0,        ,     0.0,     6.0
sandsto01, 1985,     1, NYR , NHL , R  , 73.0, 25.0,  29.0,  54.0, 109.0, -4.0 ,  8.0,     ,  2.0,     ,  1.0, 0.0, 238.0,   16.0,   4.0,   6.0,    10.0,    20.0, -3.0   ,     0.0,        ,     0.0,        ,     1.0,    52.0
sandsto01, 1986,     1, NYR , NHL , R  , 64.0, 40.0,  34.0,  74.0,  60.0, 8.0  , 13.0,     ,  0.0,     ,  5.0, 0.0, 240.0,    6.0,   1.0,   2.0,     3.0,    20.0, -8.0   ,     0.0,        ,     0.0,        ,     0.0,    22.0
sandsto01, 1987,     1, NYR , NHL , R  , 69.0, 28.0,  40.0,  68.0,  95.0, -6.0 , 11.0, 20.0,  0.0,  0.0,  3.0, 0.0, 204.0,       ,      ,      ,        ,        ,        ,        ,        ,        ,        ,        ,      
sandsto01, 1988,     1, NYR , NHL , R  , 79.0, 32.0,  56.0,  88.0, 148.0, 5.0  , 11.0, 21.0,  2.0,  1.0,  4.0, 0.0, 240.0,    4.0,   3.0,   2.0,     5.0,    12.0, -3.0   ,     2.0,     1.0,     0.0,     0.0,     0.0,    12.0
sandsto01, 1989,     1, NYR , NHL , R  , 48.0, 19.0,  19.0,  38.0, 100.0, -10.0,  6.0,     ,  0.0,  0.0,  3.0, 0.0, 166.0,       ,      ,      ,        ,        ,        ,        ,        ,        ,        ,        ,      
sandsto01, 1989,     2, LAK , NHL , R  , 28.0, 13.0,  20.0,  33.0,  28.0, -1.0 ,  1.0,     ,  1.0,  0.0,  0.0, 1.0,  83.0,   10.0,   5.0,   4.0,     9.0,    19.0, -5.0   ,     0.0,     1.0,     0.0,     0.0,     0.0,    26.0
sandsto01, 1990,     1, LAK , NHL , R  , 68.0, 45.0,  44.0,  89.0, 106.0, 27.0 , 16.0, 12.0,  0.0,  0.0,  6.0, 1.0, 221.0,   10.0,   4.0,   4.0,     8.0,    14.0, 1.0    ,     3.0,     1.0,     0.0,     0.0,     0.0,    32.0
sandsto01, 1991,     1, LAK , NHL , R  , 49.0, 17.0,  22.0,  39.0,  70.0, -2.0 ,  5.0,  5.0,  0.0,  0.0,  4.0, 0.0, 147.0,    6.0,   0.0,   3.0,     3.0,     8.0, -2.0   ,     0.0,     1.0,     0.0,     0.0,     0.0,    13.0
sandsto01, 1992,     1, LAK , NHL , R  , 39.0, 25.0,  27.0,  52.0,  57.0, 12.0 ,  8.0,  8.0,  0.0,  0.0,  3.0, 1.0, 134.0,   24.0,   8.0,  17.0,    25.0,    12.0, -2.0   ,     2.0,     5.0,     0.0,     0.0,     2.0,    61.0
sandsto01, 1993,     1, LAK , NHL , L  , 51.0, 17.0,  24.0,  41.0,  59.0, -12.0,  4.0, 10.0,  0.0,  0.0,  2.0, 1.0, 121.0,       ,      ,      ,        ,        ,        ,        ,        ,        ,        ,        ,      
sandsto01, 1993,     2, PIT , NHL , L  , 27.0,  6.0,  11.0,  17.0,  24.0, 5.0  ,  0.0,  0.0,  0.0,  0.0,  1.0, 0.0,  72.0,    6.0,   0.0,   0.0,     0.0,     4.0, -4.0   ,     0.0,     0.0,     0.0,     0.0,     0.0,    10.0
sandsto01, 1994,     1, PIT , NHL , L  , 47.0, 21.0,  23.0,  44.0,  42.0, 1.0  ,  4.0,  5.0,  1.0,  2.0,  3.0, 1.0, 116.0,   12.0,   3.0,   3.0,     6.0,    16.0, -5.0   ,     2.0,     1.0,     0.0,     0.0,     0.0,    22.0
sandsto01, 1995,     1, PIT , NHL , R  , 58.0, 35.0,  35.0,  70.0,  69.0, 4.0  , 17.0, 13.0,  1.0,  3.0,  2.0, 0.0, 187.0,   18.0,   4.0,   2.0,     6.0,    30.0, -6.0   ,     0.0,     0.0,     0.0,     1.0,     1.0,    44.0
sandsto01, 1996,     1, PIT , NHL , R  , 40.0,  9.0,  15.0,  24.0,  33.0, 4.0  ,  1.0,  4.0,  1.0,  0.0,  0.0, 0.0,  73.0,       ,      ,      ,        ,        ,        ,        ,        ,        ,        ,        ,      
sandsto01, 1996,     2, DET , NHL , R  , 34.0,  9.0,   9.0,  18.0,  36.0, 2.0  ,  0.0,  3.0,  1.0,  0.0,  2.0, 1.0,  66.0,   20.0,   0.0,   4.0,     4.0,    24.0, -3.0   ,     0.0,     1.0,     0.0,     0.0,     0.0,    36.0
sandsto01, 1997,     1, ANA , NHL , L  , 77.0,  9.0,   8.0,  17.0,  64.0, -25.0,  2.0,  2.0,  1.0,  0.0,  0.0, 1.0, 136.0,       ,      ,      ,        ,        ,        ,        ,        ,        ,        ,        ,      
sandsto01, 1998,     1, ANA , NHL , R  , 58.0, 15.0,  17.0,  32.0,  42.0, -5.0 ,  7.0,  5.0,  0.0,  0.0,  2.0, 0.0, 107.0,    4.0,   0.0,   0.0,     0.0,     4.0, -2.0   ,     0.0,     0.0,     0.0,     0.0,     0.0,     9.0
sandwte01, 1997,     1, EDM , NHL , D  ,  8.0,  0.0,   0.0,   0.0,   6.0, -4.0 ,  0.0,  0.0,  0.0,  0.0,  0.0, 0.0,   4.0,       ,      ,      ,        ,        ,        ,        ,        ,        ,        ,        ,      
sanfocu01, 2002,     1, STL , NHL , G  ,  8.0,  0.0,   0.0,   0.0,   0.0, 0.0  ,  0.0,  0.0,  0.0,  0.0,  0.0, 0.0,   0.0,       ,      ,      ,        ,        ,        ,        ,        ,        ,        ,        ,      
sanfocu01, 2005,     1, STL , NHL , G  , 34.0,  0.0,   0.0,   0.0,   0.0, 0.0  ,  0.0,  0.0,  0.0,  0.0,  0.0,    ,   0.0,       ,      ,      ,        ,        ,        ,        ,        ,        ,        ,        ,      
sanfocu01, 2006,     1, STL , NHL , G  , 31.0,  0.0,   0.0,   0.0,   0.0, 0.0  ,  0.0,  0.0,  0.0,  0.0,  0.0,    ,   0.0,       ,      ,      ,        ,        ,        ,        ,        ,        ,        ,        ,      
sanfocu01, 2007,     1, VAN , NHL , G  , 16.0,  0.0,   1.0,   1.0,   2.0, 0.0  ,  0.0,  0.0,  0.0,  0.0,  0.0,    ,   0.0,       ,      ,      ,        ,        ,        ,        ,        ,        ,        ,        ,      
sanfocu01, 2008,     1, VAN , NHL , G  , 19.0,  0.0,   0.0,   0.0,   2.0, 0.0  ,  0.0,  0.0,  0.0,  0.0,  0.0,    ,   0.0,       ,      ,      ,        ,        ,        ,        ,        ,        ,        ,        ,      
sangubo01, 2009,     1, NYR , NHL , D  ,  5.0,  0.0,   0.0,   0.0,   4.0, 0.0  ,  0.0,  0.0,  0.0,  0.0,  0.0,    ,   5.0,       ,      ,      ,        ,        ,        ,        ,        ,        ,        ,        ,      
sanipev01, 1986,     1, CHI , NHL , L  ,  7.0,  1.0,   3.0,   4.0,   2.0, 3.0  ,  0.0,     ,  0.0,     ,  0.0, 0.0,   9.0,       ,      ,      ,        ,        ,        ,        ,        ,        ,        ,        ,      
sanipev01, 1987,     1, CHI , NHL , L  , 57.0,  8.0,  12.0,  20.0, 126.0, -9.0 ,  0.0,  4.0,  0.0,  0.0,  0.0, 0.0,  55.0,    2.0,   2.0,   0.0,     2.0,     2.0, 0.0    ,     0.0,     0.0,     0.0,     0.0,     0.0,     3.0
sanipev01, 1988,     1, CHI , NHL , L  , 50.0,  6.0,   9.0,  15.0, 164.0, -7.0 ,  0.0,  2.0,  0.0,  0.0,  2.0, 0.0,  51.0,    3.0,   0.0,   0.0,     0.0,     2.0, -1.0   ,     0.0,     0.0,     0.0,     0.0,     0.0,     2.0
sanipev01, 1989,     1, CHI , NHL , L  , 12.0,  2.0,   2.0,   4.0,  17.0, 0.0  ,  0.0,     ,  0.0,  0.0,  0.0, 0.0,  16.0,       ,      ,      ,        ,        ,        ,        ,        ,        ,        ,        ,      
sanipev01, 1989,     2, QUE , NHL , L  ,  9.0,  3.0,   3.0,   6.0,   8.0, -4.0 ,  2.0,     ,  0.0,  0.0,  0.0, 0.0,  16.0,       ,      ,      ,        ,        ,        ,        ,        ,        ,        ,        ,      
sanipev01, 1990,     1, QUE , NHL , L  , 29.0,  5.0,   5.0,  10.0,  41.0, -15.0,  1.0,  0.0,  0.0,  1.0,  0.0, 0.0,  38.0,       ,      ,      ,        ,        ,        ,        ,        ,        ,        ,        ,      
santato01, 2003,     1, ATL , NHL , C  , 33.0,  1.0,   2.0,   3.0,  22.0, -7.0 ,  0.0,  1.0,  0.0,  0.0,  1.0, 0.0,  23.0,       ,      ,      ,        ,        ,        ,        ,        ,        ,        ,        ,      
santato01, 2006,     1, VAN , NHL , C  , 30.0,  1.0,   5.0,   6.0,  24.0, 0.0  ,  0.0,  0.0,  0.0,  0.0,  0.0,    ,  20.0,    1.0,   0.0,   0.0,     0.0,     0.0, 0.0    ,     0.0,     0.0,     0.0,     0.0,     0.0,     0.0
santomi01, 2008,     1, NAS , NHL , C  ,  7.0,  0.0,   0.0,   0.0,   2.0, -5.0 ,  0.0,  0.0,  0.0,  0.0,  0.0,    ,  11.0,       ,      ,      ,        ,        ,        ,        ,        ,        ,        ,        ,      
santomi01, 2009,     1, NAS , NHL , C  , 25.0,  2.0,   1.0,   3.0,   8.0, -8.0 ,  0.0,  0.0,  0.0,  0.0,  0.0,    ,  36.0,       ,      ,      ,        ,        ,        ,        ,        ,        ,        ,        ,      
sanzani01, 1975,     1, DOT , WHA , G  ,  1.0,  0.0,   0.0,   0.0,   0.0, 0.0  ,  0.0,     ,  0.0,     ,  0.0,    ,   0.0,       ,      ,      ,        ,        ,        ,        ,        ,        ,        ,        ,      
sapryol01, 1999,     1, CAL , NHL , C/L,  4.0,  0.0,   1.0,   1.0,   2.0, -4.0 ,  0.0,  1.0,  0.0,  0.0,  0.0, 0.0,   2.0,       ,      ,      ,        ,        ,        ,        ,        ,        ,        ,        ,      
sapryol01, 2000,     1, CAL , NHL , R  , 59.0,  9.0,  14.0,  23.0,  43.0, 4.0  ,  2.0,  3.0,  0.0,  0.0,  0.0, 0.0,  95.0,       ,      ,      ,        ,        ,        ,        ,        ,        ,        ,        ,      
sapryol01, 2001,     1, CAL , NHL , C  ,  3.0,  0.0,   0.0,   0.0,   0.0, -2.0 ,  0.0,  0.0,  0.0,  0.0,  0.0, 0.0,   9.0,       ,      ,      ,        ,        ,        ,        ,        ,        ,        ,        ,      
sapryol01, 2002,     1, CAL , NHL , L  , 52.0,  8.0,  15.0,  23.0,  46.0, 5.0  ,  1.0,  4.0,  0.0,  0.0,  1.0, 0.0, 116.0,       ,      ,      ,        ,        ,        ,        ,        ,        ,        ,        ,      
sapryol01, 2003,     1, CAL , NHL , L  , 69.0, 12.0,  17.0,  29.0,  41.0, 1.0  ,  4.0,  4.0,  0.0,  0.0,  0.0, 0.0, 151.0,   26.0,   3.0,   3.0,     6.0,    14.0, 1.0    ,     1.0,     1.0,     0.0,     0.0,     1.0,    53.0
sapryol01, 2005,     1, PHO , NHL , L  , 67.0, 11.0,  14.0,  25.0,  50.0, -16.0,  3.0,  5.0,  0.0,  0.0,  1.0,    , 126.0,       ,      ,      ,        ,        ,        ,        ,        ,        ,        ,        ,      
sapryol01, 2006,     1, PHO , NHL , L  , 59.0, 14.0,  20.0,  34.0,  54.0, 8.0  ,  2.0,  2.0,  0.0,  0.0,  2.0,    , 135.0,       ,      ,      ,        ,        ,        ,        ,        ,        ,        ,        ,      
sapryol01, 2006,     2, OTT , NHL , L  , 12.0,  1.0,   1.0,   2.0,   4.0, -3.0 ,  0.0,  0.0,  0.0,  0.0,  0.0,    ,  15.0,   15.0,   1.0,   1.0,     2.0,     4.0, 0.0    ,     0.0,     0.0,     0.0,     0.0,     1.0,    19.0
sarauyv01, 1994,     1, MTL , NHL , L  ,  8.0,  0.0,   1.0,   1.0,   0.0, -1.0 ,  0.0,  0.0,  0.0,  0.0,  0.0, 0.0,   9.0,       ,      ,      ,        ,        ,        ,        ,        ,        ,        ,        ,      
sarauyv01, 1995,     1, MTL , NHL , L  , 14.0,  0.0,   0.0,   0.0,   4.0, -7.0 ,  0.0,  0.0,  0.0,  0.0,  0.0, 0.0,  14.0,       ,      ,      ,        ,        ,        ,        ,        ,        ,        ,        ,      
sarauyv01, 1995,     2, CAL , NHL , L  , 11.0,  2.0,   1.0,   3.0,   4.0, -2.0 ,  0.0,  0.0,  0.0,  0.0,  1.0, 0.0,  12.0,       ,      ,      ,        ,        ,        ,        ,        ,        ,        ,        ,      
sarauyv01, 1996,     1, COL , NHL , L  , 28.0,  2.0,   1.0,   3.0,   6.0, 0.0  ,  0.0,  0.0,  0.0,  0.0,  0.0, 0.0,  41.0,    5.0,   0.0,   0.0,     0.0,     2.0, 0.0    ,     0.0,     0.0,     0.0,     0.0,     0.0,     2.0
sarauyv01, 1997,     1, COL , NHL , L  ,  2.0,  1.0,   0.0,   1.0,   0.0, 1.0  ,  0.0,  0.0,  0.0,  0.0,  0.0, 0.0,   1.0,       ,      ,      ,        ,        ,        ,        ,        ,        ,        ,        ,      
sarauyv01, 1998,     1, OTT , NHL , L  , 11.0,  0.0,   1.0,   1.0,   4.0, 1.0  ,  0.0,  0.0,  0.0,  0.0,  0.0, 0.0,   7.0,       ,      ,      ,        ,        ,        ,        ,        ,        ,        ,        ,      
sarauyv01, 1999,     1, OTT , NHL , L  , 11.0,  0.0,   2.0,   2.0,   7.0, -3.0 ,  0.0,  0.0,  0.0,  0.0,  0.0, 0.0,  13.0,       ,      ,      ,        ,        ,        ,        ,        ,        ,        ,        ,      
sarauyv01, 2000,     1, ATL , NHL , L  , 20.0,  5.0,   4.0,   9.0,  26.0, -9.0 ,  2.0,  0.0,  0.0,  0.0,  0.0, 1.0,  44.0,       ,      ,      ,        ,        ,        ,        ,        ,        ,        ,        ,      
sarauyv01, 2001,     1, NAS , NHL , L  ,  1.0,  0.0,   0.0,   0.0,   0.0, 0.0  ,  0.0,  0.0,  0.0,  0.0,  0.0, 0.0,   0.0,       ,      ,      ,        ,        ,        ,        ,        ,        ,        ,        ,      
sargega01, 1975,     1, LAK , NHL , D  , 63.0,  8.0,  16.0,  24.0,  36.0, -3.0 ,  3.0,     ,  0.0,     ,  1.0, 0.0,  87.0,       ,      ,      ,        ,        ,        ,        ,        ,        ,        ,        ,      
sargega01, 1976,     1, LAK , NHL , D  , 80.0, 14.0,  40.0,  54.0,  65.0, 7.0  ,  8.0,     ,  0.0,     ,  2.0, 1.0, 200.0,    9.0,   3.0,   4.0,     7.0,     6.0,        ,     2.0,        ,     0.0,        ,     0.0,      
sargega01, 1977,     1, LAK , NHL , D  , 72.0,  7.0,  34.0,  41.0,  52.0, 18.0 ,  3.0,     ,  0.0,     ,  1.0, 0.0, 182.0,    2.0,   0.0,   0.0,     0.0,     0.0,        ,     0.0,        ,     0.0,        ,     0.0,      
sargega01, 1978,     1, MNS , NHL , D  , 79.0, 12.0,  32.0,  44.0,  39.0, -10.0,  8.0,     ,  0.0,     ,  1.0, 0.0, 182.0,       ,      ,      ,        ,        ,        ,        ,        ,        ,        ,        ,      
sargega01, 1979,     1, MNS , NHL , D  , 52.0, 13.0,  21.0,  34.0,  22.0, 12.0 ,  3.0,     ,  0.0,     ,  1.0, 3.0, 129.0,    4.0,   2.0,   1.0,     3.0,     2.0,        ,     1.0,        ,     0.0,        ,     1.0,      
sargega01, 1980,     1, MNS , NHL , D  , 23.0,  4.0,   7.0,  11.0,  36.0, -1.0 ,  2.0,     ,  0.0,     ,  0.0, 0.0,  42.0,       ,      ,      ,        ,        ,        ,        ,        ,        ,        ,        ,      
sargega01, 1981,     1, MNS , NHL , D  , 15.0,  0.0,   5.0,   5.0,  18.0, 5.0  ,  0.0,     ,  0.0,     ,  0.0, 0.0,  24.0,       ,      ,      ,        ,        ,        ,        ,        ,        ,        ,        ,      
sargega01, 1982,     1, MNS , NHL , D  , 18.0,  3.0,   6.0,   9.0,   5.0, 5.0  ,  1.0,     ,  0.0,     ,  0.0, 0.0,  30.0,    5.0,   0.0,   2.0,     2.0,     0.0,        ,     0.0,        ,     0.0,        ,     0.0,      
saricco01, 1998,     1, BUF , NHL , D  ,  4.0,  0.0,   0.0,   0.0,   0.0, 3.0  ,  0.0,  0.0,  0.0,  0.0,  0.0, 0.0,   2.0,       ,      ,      ,        ,        ,        ,        ,        ,        ,        ,        ,      
saricco01, 1999,     1, BUF , NHL , D  , 42.0,  0.0,   4.0,   4.0,  35.0, 2.0  ,  0.0,  1.0,  0.0,  0.0,  0.0, 0.0,  49.0,       ,      ,      ,        ,        ,        ,        ,        ,        ,        ,        ,      
saricco01, 1999,     2, TBL , NHL , D  , 17.0,  0.0,   2.0,   2.0,  42.0, -8.0 ,  0.0,  0.0,  0.0,  1.0,  0.0, 0.0,  20.0,       ,      ,      ,        ,        ,        ,        ,        ,        ,        ,        ,      
saricco01, 2000,     1, TBL , NHL , D  , 73.0,  1.0,   8.0,   9.0, 106.0, -25.0,  0.0,  0.0,  0.0,  1.0,  1.0, 0.0,  66.0,       ,      ,      ,        ,        ,        ,        ,        ,        ,        ,        ,      
saricco01, 2001,     1, TBL , NHL , D  , 72.0,  0.0,  11.0,  11.0, 105.0, -4.0 ,  0.0,  0.0,  0.0,  1.0,  0.0, 0.0,  55.0,       ,      ,      ,        ,        ,        ,        ,        ,        ,        ,        ,      
saricco01, 2002,     1, TBL , NHL , D  , 82.0,  5.0,   9.0,  14.0,  63.0, -3.0 ,  0.0,  0.0,  0.0,  2.0,  2.0, 0.0,  79.0,   11.0,   0.0,   2.0,     2.0,     6.0, 2.0    ,     0.0,     0.0,     0.0,     0.0,     0.0,    16.0
saricco01, 2003,     1, TBL , NHL , D  , 82.0,  3.0,  16.0,  19.0,  89.0, 5.0  ,  0.0,  0.0,  1.0,  1.0,  1.0, 0.0,  93.0,   23.0,   0.0,   2.0,     2.0,    25.0, 1.0    ,     0.0,     0.0,     0.0,     0.0,     0.0,    32.0
saricco01, 2005,     1, TBL , NHL , D  , 82.0,  1.0,  14.0,  15.0,  79.0, -2.0 ,  0.0,  1.0,  0.0,  1.0,  0.0,    ,  88.0,    5.0,   0.0,   1.0,     1.0,     4.0, -1.0   ,     0.0,     0.0,     0.0,     0.0,     0.0,     5.0
saricco01, 2006,     1, TBL , NHL , D  , 82.0,  0.0,  15.0,  15.0,  70.0, -6.0 ,  0.0,  0.0,  0.0,  1.0,  0.0,    ,  64.0,    6.0,   0.0,   0.0,     0.0,     2.0, 0.0    ,     0.0,     0.0,     0.0,     0.0,     0.0,     2.0
saricco01, 2007,     1, CAL , NHL , D  , 80.0,  2.0,   5.0,   7.0, 135.0, 2.0  ,  0.0,  0.0,  0.0,  2.0,  0.0,    ,  57.0,    7.0,   0.0,   1.0,     1.0,     4.0, 1.0    ,     0.0,     0.0,     0.0,     0.0,     0.0,     4.0
saricco01, 2008,     1, CAL , NHL , D  , 76.0,  2.0,  18.0,  20.0, 112.0, 12.0 ,  0.0,  1.0,  0.0,  2.0,  0.0,    ,  57.0,    5.0,   0.0,   1.0,     1.0,     4.0, 3.0    ,     0.0,     0.0,     0.0,     0.0,     0.0,     4.0
saricco01, 2009,     1, CAL , NHL , D  , 57.0,  1.0,   5.0,   6.0,  58.0, 4.0  ,  0.0,  1.0,  0.0,  0.0,  1.0,    ,  46.0,       ,      ,      ,        ,        ,        ,        ,        ,        ,        ,        ,      
sarjege01, 1994,     1, STL , NHL , G  ,  4.0,  0.0,   1.0,   1.0,   2.0, 0.0  ,  0.0,  0.0,  0.0,  0.0,  0.0, 0.0,   0.0,       ,      ,      ,        ,        ,        ,        ,        ,        ,        ,        ,      
sarjege01, 1995,     1, SJS , NHL , G  ,  4.0,  0.0,   0.0,   0.0,   2.0, 0.0  ,  0.0,  0.0,  0.0,  0.0,  0.0, 0.0,   0.0,       ,      ,      ,        ,        ,        ,        ,        ,        ,        ,        ,      
sarnecr01, 1974,     1, BOS , NHL , R  ,  7.0,  0.0,   0.0,   0.0,   0.0, -3.0 ,  0.0,     ,  0.0,     ,  0.0, 0.0,   5.0,       ,      ,      ,        ,        ,        ,        ,        ,        ,        ,        ,      
sarnecr01, 1975,     1, MFS , WHA , R  ,  1.0,  0.0,   0.0,   0.0,   0.0, 0.0  ,  0.0,     ,  0.0,     ,  0.0,    ,   1.0,       ,      ,      ,        ,        ,        ,        ,        ,        ,        ,        ,      
sarnope01, 2003,     1, EDM , NHL , C  ,  6.0,  1.0,   0.0,   1.0,   2.0, 2.0  ,  0.0,  0.0,  0.0,  0.0,  0.0, 0.0,   5.0,       ,      ,      ,        ,        ,        ,        ,        ,        ,        ,        ,      
sarnope01, 2005,     1, CBS , NHL , C  ,  1.0,  0.0,   0.0,   0.0,   0.0, 0.0  ,  0.0,  0.0,  0.0,  0.0,  0.0,    ,   0.0,       ,      ,      ,        ,        ,        ,        ,        ,        ,        ,        ,      
sarradi01, 1968,     1, PHI , NHL , R  , 54.0, 16.0,  30.0,  46.0,  14.0, -7.0 ,  6.0,     ,  1.0,     ,  2.0, 3.0, 128.0,    4.0,   0.0,   0.0,     0.0,     0.0,        ,     0.0,        ,     0.0,        ,     0.0,      
sarradi01, 1969,     1, PHI , NHL , R  , 18.0,  1.0,   1.0,   2.0,   4.0, -2.0 ,  1.0,     ,  0.0,     ,  0.0, 0.0,  32.0,       ,      ,      ,        ,        ,        ,        ,        ,        ,        ,        ,      
sarradi01, 1971,     1, PHI , NHL , R  , 28.0,  3.0,   4.0,   7.0,   4.0, 0.0  ,  1.0,     ,  0.0,     ,  1.0, 0.0,  38.0,       ,      ,      ,        ,        ,        ,        ,        ,        ,        ,        ,      
sarradi01, 1972,     1, NEW , WHA , R  , 35.0,  4.0,   7.0,  11.0,   0.0,      ,  1.0,     ,  0.0,     ,     ,    ,      ,       ,      ,      ,        ,        ,        ,        ,        ,        ,        ,        ,      
sarradi01, 1972,     2, CHC , WHA , R  , 33.0,  3.0,   8.0,  11.0,   2.0,      ,  2.0,     ,  0.0,     ,     ,    ,      ,       ,      ,      ,        ,        ,        ,        ,        ,        ,        ,        ,      
sasakfr01, 1953,     1, CHI , NHL , C  , 11.0,  0.0,   0.0,   0.0,   6.0,      ,     ,     ,     ,     ,     ,    ,      ,       ,      ,      ,        ,        ,        ,        ,        ,        ,        ,        ,      
sassegr01, 1983,     1, PIT , NHL , C  ,  3.0,  0.0,   0.0,   0.0,   0.0, -2.0 ,  0.0,     ,  0.0,     ,  0.0, 0.0,   2.0,       ,      ,      ,        ,        ,        ,        ,        ,        ,        ,        ,      
satanmi01, 1995,     1, EDM , NHL , R  , 62.0, 18.0,  17.0,  35.0,  22.0, 0.0  ,  6.0,  5.0,  0.0,  0.0,  4.0, 0.0, 113.0,       ,      ,      ,        ,        ,        ,        ,        ,        ,        ,        ,      
satanmi01, 1996,     1, EDM , NHL , L  , 64.0, 17.0,  11.0,  28.0,  22.0, -4.0 ,  5.0,  4.0,  0.0,  0.0,  2.0, 0.0,  90.0,       ,      ,      ,        ,        ,        ,        ,        ,        ,        ,        ,      
satanmi01, 1996,     2, BUF , NHL , L  , 12.0,  8.0,   2.0,  10.0,   4.0, 1.0  ,  2.0,  0.0,  0.0,  0.0,  1.0, 0.0,  29.0,    7.0,   0.0,   0.0,     0.0,     0.0, -1.0   ,     0.0,     0.0,     0.0,     0.0,     0.0,     5.0
satanmi01, 1997,     1, BUF , NHL , L  , 79.0, 22.0,  24.0,  46.0,  34.0, 2.0  ,  9.0,  4.0,  0.0,  0.0,  4.0, 0.0, 139.0,   14.0,   5.0,   4.0,     9.0,     4.0, -9.0   ,     4.0,     4.0,     0.0,     0.0,     1.0,    20.0
satanmi01, 1998,     1, BUF , NHL , L  , 81.0, 40.0,  26.0,  66.0,  44.0, 24.0 , 13.0,  8.0,  3.0,  0.0,  6.0, 1.0, 208.0,   12.0,   3.0,   5.0,     8.0,     2.0, 3.0    ,     1.0,     1.0,     0.0,     0.0,     1.0,    25.0
satanmi01, 1999,     1, BUF , NHL , R  , 81.0, 33.0,  34.0,  67.0,  32.0, 16.0 ,  5.0,  7.0,  3.0,  1.0,  5.0, 1.0, 265.0,    5.0,   3.0,   2.0,     5.0,     0.0, 2.0    ,     0.0,     2.0,     0.0,     0.0,     0.0,    11.0
satanmi01, 2000,     1, BUF , NHL , R  , 82.0, 29.0,  33.0,  62.0,  36.0, 5.0  ,  8.0, 12.0,  2.0,  3.0,  4.0, 1.0, 206.0,   13.0,   3.0,  10.0,    13.0,     8.0, 4.0    ,     1.0,     5.0,     0.0,     1.0,     0.0,    40.0
satanmi01, 2001,     1, BUF , NHL , R  , 82.0, 37.0,  36.0,  73.0,  33.0, 14.0 , 15.0,  9.0,  5.0,  0.0,  5.0, 0.0, 267.0,       ,      ,      ,        ,        ,        ,        ,        ,        ,        ,        ,      
satanmi01, 2002,     1, BUF , NHL , R  , 79.0, 26.0,  49.0,  75.0,  20.0, -3.0 , 11.0, 20.0,  1.0,  3.0,  3.0, 1.0, 240.0,       ,      ,      ,        ,        ,        ,        ,        ,        ,        ,        ,      
satanmi01, 2003,     1, BUF , NHL , R  , 82.0, 29.0,  28.0,  57.0,  30.0, -15.0, 11.0, 15.0,  1.0,  0.0,  5.0, 0.0, 206.0,       ,      ,      ,        ,        ,        ,        ,        ,        ,        ,        ,      
satanmi01, 2005,     1, NYI , NHL , R  , 82.0, 35.0,  31.0,  66.0,  54.0, -8.0 , 17.0, 10.0,  0.0,  1.0,  2.0,    , 253.0,       ,      ,      ,        ,        ,        ,        ,        ,        ,        ,        ,      
satanmi01, 2006,     1, NYI , NHL , R  , 81.0, 27.0,  32.0,  59.0,  46.0, -12.0,  7.0, 14.0,  1.0,  0.0,  2.0,    , 216.0,    5.0,   1.0,   2.0,     3.0,     0.0, 0.0    ,     0.0,     0.0,     0.0,     0.0,     0.0,    10.0
satanmi01, 2007,     1, NYI , NHL , R  , 80.0, 16.0,  25.0,  41.0,  39.0, -11.0,  5.0,  8.0,  0.0,  0.0,  4.0,    , 171.0,       ,      ,      ,        ,        ,        ,        ,        ,        ,        ,        ,      
satanmi01, 2008,     1, PIT , NHL , R  , 65.0, 17.0,  19.0,  36.0,  36.0, 3.0  ,  6.0,  5.0,  0.0,  0.0,  2.0,    , 120.0,   17.0,   1.0,   5.0,     6.0,    11.0, 1.0    ,     0.0,     0.0,     0.0,     0.0,     0.0,    21.0
satanmi01, 2009,     1, BOS , NHL , L  , 38.0,  9.0,   5.0,  14.0,  12.0, 8.0  ,  0.0,  0.0,  0.0,  0.0,  1.0,    ,  59.0,   13.0,   5.0,   5.0,    10.0,    16.0, 4.0    ,     2.0,     1.0,     0.0,     0.0,     3.0,    37.0
sathegl01, 1966,     1, BOS , NHL , L  ,  5.0,  0.0,   0.0,   0.0,   0.0,      ,  0.0,     ,  0.0,     ,  0.0, 0.0,      ,       ,      ,      ,        ,        ,        ,        ,        ,        ,        ,        ,      
sathegl01, 1967,     1, BOS , NHL , L  , 65.0,  8.0,  12.0,  20.0,  34.0, 9.0  ,  0.0,     ,  2.0,     ,  1.0, 0.0,  55.0,    3.0,   0.0,   0.0,     0.0,     0.0,        ,     0.0,        ,     0.0,        ,     0.0,      
sathegl01, 1968,     1, BOS , NHL , L  , 76.0,  4.0,  11.0,  15.0,  67.0, 4.0  ,  0.0,     ,  1.0,     ,  1.0, 0.0,  51.0,   10.0,   0.0,   0.0,     0.0,    18.0,        ,     0.0,        ,     0.0,        ,     0.0,      
sathegl01, 1969,     1, PIT , NHL , L  , 76.0, 12.0,  14.0,  26.0, 114.0, -13.0,  2.0,     ,  0.0,     ,  0.0, 0.0, 127.0,   10.0,   0.0,   2.0,     2.0,    17.0,        ,     0.0,        ,     0.0,        ,     0.0,      
sathegl01, 1970,     1, PIT , NHL , L  , 46.0,  8.0,   3.0,  11.0,  96.0, 0.0  ,  1.0,     ,  1.0,     ,  0.0, 2.0,  64.0,       ,      ,      ,        ,        ,        ,        ,        ,        ,        ,        ,      
sathegl01, 1970,     2, NYR , NHL , L  , 31.0,  2.0,   0.0,   2.0,  52.0, 0.0  ,  0.0,     ,  0.0,     ,  1.0, 0.0,  18.0,   13.0,   0.0,   1.0,     1.0,    18.0,        ,     0.0,        ,     0.0,        ,     0.0,      
sathegl01, 1971,     1, NYR , NHL , L  , 76.0,  5.0,   9.0,  14.0,  77.0, -2.0 ,  0.0,     ,  0.0,     ,  0.0, 0.0,  52.0,   16.0,   0.0,   1.0,     1.0,    22.0,        ,     0.0,        ,     0.0,        ,     0.0,      
sathegl01, 1972,     1, NYR , NHL , L  , 77.0, 11.0,  15.0,  26.0,  64.0, 16.0 ,  1.0,     ,  1.0,     ,  2.0, 0.0,  69.0,    9.0,   0.0,   0.0,     0.0,     7.0,        ,     0.0,        ,     0.0,        ,     0.0,      
sathegl01, 1973,     1, NYR , NHL , L  ,  2.0,  0.0,   0.0,   0.0,   0.0, 0.0  ,  0.0,     ,  0.0,     ,  0.0, 0.0,   0.0,       ,      ,      ,        ,        ,        ,        ,        ,        ,        ,        ,      
sathegl01, 1973,     2, STL , NHL , L  , 69.0, 15.0,  29.0,  44.0,  82.0, -9.0 ,  4.0,     ,  0.0,     ,  5.0, 1.0, 106.0,       ,      ,      ,        ,        ,        ,        ,        ,        ,        ,        ,      
sathegl01, 1974,     1, MTL , NHL , L  , 63.0,  6.0,  10.0,  16.0,  44.0, 14.0 ,  0.0,     ,  1.0,     ,  0.0, 0.0,  23.0,   11.0,   1.0,   1.0,     2.0,     4.0,        ,     0.0,        ,     0.0,        ,     0.0,      
sathegl01, 1975,     1, MNS , NHL , L  , 72.0,  9.0,  10.0,  19.0,  94.0, -8.0 ,  1.0,     ,  0.0,     ,  1.0, 0.0,  73.0,       ,      ,      ,        ,        ,        ,        ,        ,        ,        ,        ,      
sathegl01, 1976,     1, EDO , WHA , L  , 81.0, 19.0,  34.0,  53.0,  77.0, -17.0,  2.0,     ,  0.0,     ,     ,    , 124.0,    5.0,   1.0,   1.0,     2.0,     2.0, -3.0   ,        ,        ,        ,        ,     0.0,      
sauerku01, 2002,     1, ANA , NHL , D  , 80.0,  1.0,   2.0,   3.0,  74.0, -23.0,  0.0,  0.0,  0.0,  0.0,  0.0, 0.0,  50.0,   21.0,   1.0,   1.0,     2.0,     6.0, 3.0    ,     0.0,     0.0,     1.0,     0.0,     1.0,     8.0
sauerku01, 2003,     1, ANA , NHL , D  , 55.0,  1.0,   4.0,   5.0,  32.0, -8.0 ,  0.0,  0.0,  0.0,  1.0,  0.0, 0.0,  32.0,       ,      ,      ,        ,        ,        ,        ,        ,        ,        ,        ,      
sauerku01, 2003,     2, COL , NHL , D  , 14.0,  0.0,   1.0,   1.0,  19.0, -3.0 ,  0.0,  0.0,  0.0,  0.0,  0.0, 0.0,  12.0,    3.0,   0.0,   0.0,     0.0,     0.0, 0.0    ,     0.0,     0.0,     0.0,     0.0,     0.0,     1.0
sauerku01, 2005,     1, COL , NHL , D  , 37.0,  1.0,   4.0,   5.0,  24.0, 5.0  ,  0.0,  0.0,  0.0,  0.0,  0.0,    ,  19.0,    9.0,   0.0,   0.0,     0.0,     4.0, -3.0   ,     0.0,     0.0,     0.0,     0.0,     0.0,     1.0
sauerku01, 2006,     1, COL , NHL , D  , 48.0,  0.0,   6.0,   6.0,  24.0, -3.0 ,  0.0,  0.0,  0.0,  1.0,  0.0,    ,  29.0,       ,      ,      ,        ,        ,        ,        ,        ,        ,        ,        ,      
sauerku01, 2007,     1, COL , NHL , D  , 54.0,  1.0,   5.0,   6.0,  41.0, 17.0 ,  0.0,  0.0,  0.0,  0.0,  0.0,    ,  28.0,   10.0,   1.0,   0.0,     1.0,     8.0, -3.0   ,     0.0,     0.0,     0.0,     0.0,     0.0,     5.0
sauerku01, 2008,     1, PHO , NHL , D  , 68.0,  1.0,   6.0,   7.0,  36.0, -1.0 ,  0.0,  0.0,  0.0,  1.0,  0.0,    ,  33.0,       ,      ,      ,        ,        ,        ,        ,        ,        ,        ,        ,      
sauerku01, 2009,     1, PHO , NHL , D  ,  1.0,  0.0,   0.0,   0.0,   0.0, 1.0  ,  0.0,  0.0,  0.0,  0.0,  0.0,    ,   2.0,       ,      ,      ,        ,        ,        ,        ,        ,        ,        ,        ,      
sauermi01, 2008,     1, NYR , NHL , D  ,  3.0,  0.0,   0.0,   0.0,   0.0, -1.0 ,  0.0,  0.0,  0.0,  0.0,  0.0,    ,   2.0,       ,      ,      ,        ,        ,        ,        ,        ,        ,        ,        ,      
saundbe01, 1979,     1, QUE , NHL , L  ,  4.0,  0.0,   0.0,   0.0,   0.0, -1.0 ,  0.0,     ,  0.0,     ,  0.0, 0.0,   4.0,       ,      ,      ,        ,        ,        ,        ,        ,        ,        ,        ,      
saundbe01, 1980,     1, QUE , NHL , L  ,  6.0,  0.0,   1.0,   1.0,   8.0, -1.0 ,  0.0,     ,  0.0,     ,  0.0, 0.0,   5.0,       ,      ,      ,        ,        ,        ,        ,        ,        ,        ,        ,      
saundda01, 1987,     1, VAN , NHL , L  , 56.0,  7.0,  13.0,  20.0,  10.0, -15.0,  1.0,  6.0,  0.0,  1.0,  3.0, 0.0, 100.0,       ,      ,      ,        ,        ,        ,        ,        ,        ,        ,        ,      
saundte01, 1933,     1, OTS , NHL , R  , 18.0,  1.0,   3.0,   4.0,   4.0,      ,     ,     ,     ,     ,     ,    ,      ,       ,      ,      ,        ,        ,        ,        ,        ,        ,        ,        ,      
sauvebo01, 1976,     1, BUF , NHL , G  ,  4.0,  0.0,   0.0,   0.0,   0.0, 0.0  ,  0.0,     ,  0.0,     ,  0.0, 0.0,   0.0,       ,      ,      ,        ,        ,        ,        ,        ,        ,        ,        ,      
sauvebo01, 1977,     1, BUF , NHL , G  , 11.0,  0.0,   1.0,   1.0,   0.0, 0.0  ,  0.0,     ,  0.0,     ,  0.0, 0.0,   0.0,       ,      ,      ,        ,        ,        ,        ,        ,        ,        ,        ,      
sauvebo01, 1978,     1, BUF , NHL , G  , 29.0,  0.0,   0.0,   0.0,   2.0, 0.0  ,  0.0,     ,  0.0,     ,  0.0, 0.0,   0.0,    3.0,   0.0,   0.0,     0.0,     0.0,        ,     0.0,        ,     0.0,        ,     0.0,      
sauvebo01, 1979,     1, BUF , NHL , G  , 32.0,  0.0,   4.0,   4.0,   2.0, 0.0  ,  0.0,     ,  0.0,     ,  0.0, 0.0,   0.0,    8.0,   0.0,   0.0,     0.0,     2.0,        ,     0.0,        ,     0.0,        ,     0.0,      
sauvebo01, 1980,     1, BUF , NHL , G  , 35.0,  0.0,   1.0,   1.0,   0.0, 0.0  ,  0.0,     ,  0.0,     ,  0.0, 0.0,   0.0,       ,      ,      ,        ,        ,        ,        ,        ,        ,        ,        ,      
sauvebo01, 1981,     1, BUF , NHL , G  , 14.0,  0.0,   0.0,   0.0,   2.0, 0.0  ,  0.0,     ,  0.0,     ,  0.0, 0.0,   0.0,       ,      ,      ,        ,        ,        ,        ,        ,        ,        ,        ,      
sauvebo01, 1981,     2, DET , NHL , G  , 41.0,  0.0,   0.0,   0.0,   0.0, 0.0  ,  0.0,     ,  0.0,     ,  0.0, 0.0,   0.0,       ,      ,      ,        ,        ,        ,        ,        ,        ,        ,        ,      
sauvebo01, 1982,     1, BUF , NHL , G  , 54.0,  0.0,   1.0,   1.0,   8.0, 0.0  ,  0.0,     ,  0.0,     ,  0.0, 0.0,   0.0,   10.0,   0.0,   0.0,     0.0,     0.0,        ,     0.0,        ,     0.0,        ,     0.0,      
sauvebo01, 1983,     1, BUF , NHL , G  , 40.0,  0.0,   0.0,   0.0,   2.0, 0.0  ,  0.0,     ,  0.0,     ,  0.0, 0.0,   0.0,    2.0,   0.0,   0.0,     0.0,     0.0, 0.0    ,     0.0,        ,     0.0,        ,     0.0,     0.0
sauvebo01, 1984,     1, BUF , NHL , G  , 27.0,  0.0,   1.0,   1.0,   4.0, 0.0  ,  0.0,     ,  0.0,     ,  0.0, 0.0,   0.0,       ,      ,      ,        ,        ,        ,        ,        ,        ,        ,        ,      
sauvebo01, 1985,     1, CHI , NHL , G  , 38.0,  0.0,   1.0,   1.0,  27.0, 0.0  ,  0.0,     ,  0.0,     ,  0.0, 0.0,   0.0,    2.0,   0.0,   0.0,     0.0,     0.0, 0.0    ,     0.0,        ,     0.0,        ,     0.0,     0.0
sauvebo01, 1986,     1, CHI , NHL , G  , 46.0,  0.0,   4.0,   4.0,   6.0, 0.0  ,  0.0,     ,  0.0,     ,  0.0, 0.0,   0.0,    4.0,   0.0,   0.0,     0.0,     0.0, 0.0    ,     0.0,        ,     0.0,        ,     0.0,     0.0
sauvebo01, 1987,     1, NJD , NHL , G  , 34.0,  0.0,   1.0,   1.0,   4.0, 0.0  ,  0.0,     ,  0.0,     ,  0.0, 0.0,   0.0,    5.0,   0.0,   0.0,     0.0,     0.0, 0.0    ,     0.0,     0.0,     0.0,     0.0,     0.0,     0.0
sauvebo01, 1988,     1, NJD , NHL , G  , 15.0,  0.0,   0.0,   0.0,   0.0, 0.0  ,  0.0,  0.0,  0.0,  0.0,  0.0, 0.0,   0.0,       ,      ,      ,        ,        ,        ,        ,        ,        ,        ,        ,      
sauveje01, 1980,     1, BUF , NHL , C  , 20.0,  5.0,   9.0,  14.0,  12.0, -2.0 ,  3.0,     ,  0.0,     ,  0.0, 1.0,  26.0,    5.0,   2.0,   0.0,     2.0,     0.0,        ,     1.0,        ,     0.0,        ,     0.0,      
sauveje01, 1981,     1, BUF , NHL , C  , 69.0, 19.0,  36.0,  55.0,  49.0, 7.0  ,  5.0,     ,  0.0,     ,  1.0, 0.0, 119.0,    2.0,   0.0,   2.0,     2.0,     0.0,        ,     0.0,        ,     0.0,        ,     0.0,      
sauveje01, 1982,     1, BUF , NHL , C  ,  9.0,  0.0,   4.0,   4.0,   9.0, 0.0  ,  0.0,     ,  0.0,     ,  0.0, 0.0,  15.0,       ,      ,      ,        ,        ,        ,        ,        ,        ,        ,        ,      
sauveje01, 1983,     1, QUE , NHL , C  , 39.0, 10.0,  17.0,  27.0,   2.0, 4.0  ,  5.0,     ,  0.0,     ,  0.0, 1.0,  43.0,    9.0,   2.0,   5.0,     7.0,     2.0, -2.0   ,     2.0,        ,     0.0,        ,     1.0,    11.0
sauveje01, 1984,     1, QUE , NHL , R  , 64.0, 13.0,  29.0,  42.0,  21.0, 11.0 ,  8.0,     ,  0.0,     ,  1.0, 0.0,  85.0,   18.0,   5.0,   5.0,    10.0,     8.0, -6.0   ,     2.0,        ,     0.0,        ,     0.0,    30.0
sauveje01, 1985,     1, QUE , NHL , C  , 75.0, 16.0,  40.0,  56.0,  20.0, -13.0, 13.0,     ,  0.0,     ,  1.0, 0.0, 100.0,    2.0,   0.0,   0.0,     0.0,     0.0, 0.0    ,     0.0,        ,     0.0,        ,     0.0,     0.0
sauveje01, 1986,     1, QUE , NHL , C  , 14.0,  2.0,   3.0,   5.0,   4.0, -4.0 ,  2.0,     ,  0.0,     ,  0.0, 0.0,  14.0,       ,      ,      ,        ,        ,        ,        ,        ,        ,        ,        ,      
sauveph01, 2003,     1, COL , NHL , G  , 17.0,  0.0,   0.0,   0.0,   2.0, 0.0  ,  0.0,  0.0,  0.0,  0.0,  0.0, 0.0,   0.0,       ,      ,      ,        ,        ,        ,        ,        ,        ,        ,        ,      
sauveph01, 2005,     1, CAL , NHL , G  ,  8.0,  0.0,   0.0,   0.0,  21.0, 0.0  ,  0.0,  0.0,  0.0,  0.0,  0.0,    ,   0.0,       ,      ,      ,        ,        ,        ,        ,        ,        ,        ,        ,      
sauveph01, 2005,     2, PHO , NHL , G  ,  5.0,  0.0,   0.0,   0.0,   0.0, 0.0  ,  0.0,  0.0,  0.0,  0.0,  0.0,    ,   0.0,       ,      ,      ,        ,        ,        ,        ,        ,        ,        ,        ,      
sauveph01, 2006,     1, BOS , NHL , G  ,  2.0,  0.0,   0.0,   0.0,   0.0, 0.0  ,  0.0,  0.0,  0.0,  0.0,  0.0,    ,   0.0,       ,      ,      ,        ,        ,        ,        ,        ,        ,        ,        ,      
savagan01, 1998,     1, BOS , NHL , C  ,  6.0,  1.0,   0.0,   1.0,   0.0, 2.0  ,  0.0,  0.0,  0.0,  0.0,  0.0, 0.0,   8.0,       ,      ,      ,        ,        ,        ,        ,        ,        ,        ,        ,      
savagan01, 1999,     1, BOS , NHL , C  , 43.0,  7.0,  13.0,  20.0,  10.0, -8.0 ,  2.0,  3.0,  0.0,  0.0,  1.0, 1.0,  70.0,       ,      ,      ,        ,        ,        ,        ,        ,        ,        ,        ,      
savagan01, 2000,     1, BOS , NHL , C  ,  1.0,  0.0,   0.0,   0.0,   0.0, 0.0  ,  0.0,  0.0,  0.0,  0.0,  0.0, 0.0,   1.0,       ,      ,      ,        ,        ,        ,        ,        ,        ,        ,        ,      
savagan01, 2002,     1, PHI , NHL , C  , 16.0,  2.0,   1.0,   3.0,   4.0, 2.0  ,  0.0,  0.0,  0.0,  0.0,  1.0, 0.0,  13.0,       ,      ,      ,        ,        ,        ,        ,        ,        ,        ,        ,      
savagbr01, 1993,     1, MTL , NHL , C  ,  3.0,  1.0,   0.0,   1.0,   0.0, 0.0  ,  0.0,  0.0,  0.0,  0.0,  0.0, 0.0,   3.0,    3.0,   0.0,   2.0,     2.0,     0.0, 0.0    ,     0.0,     1.0,     0.0,     0.0,     0.0,     6.0
savagbr01, 1994,     1, MTL , NHL , C  , 37.0, 12.0,   7.0,  19.0,  27.0, 5.0  ,  0.0,  0.0,  0.0,  0.0,  0.0, 0.0,  64.0,       ,      ,      ,        ,        ,        ,        ,        ,        ,        ,        ,      
savagbr01, 1995,     1, MTL , NHL , L  , 75.0, 25.0,   8.0,  33.0,  28.0, -8.0 ,  4.0,  3.0,  0.0,  0.0,  4.0, 0.0, 150.0,    6.0,   0.0,   2.0,     2.0,     2.0, 2.0    ,     0.0,     0.0,     0.0,     0.0,     0.0,     9.0
savagbr01, 1996,     1, MTL , NHL , L  , 81.0, 23.0,  37.0,  60.0,  39.0, -14.0,  5.0,  7.0,  0.0,  0.0,  2.0, 0.0, 219.0,    5.0,   1.0,   1.0,     2.0,     0.0, 1.0    ,     0.0,     0.0,     0.0,     0.0,     0.0,     6.0
savagbr01, 1997,     1, MTL , NHL , R  , 64.0, 26.0,  17.0,  43.0,  36.0, 11.0 ,  8.0,  3.0,  0.0,  0.0,  7.0, 2.0, 152.0,    9.0,   0.0,   2.0,     2.0,     6.0, -2.0   ,     0.0,     0.0,     0.0,     0.0,     0.0,    24.0
savagbr01, 1998,     1, MTL , NHL , L  , 54.0, 16.0,  10.0,  26.0,  20.0, -14.0,  5.0,  3.0,  0.0,  0.0,  4.0, 1.0, 124.0,       ,      ,      ,        ,        ,        ,        ,        ,        ,        ,        ,      
savagbr01, 1999,     1, MTL , NHL , R  , 38.0, 17.0,  12.0,  29.0,  19.0, -4.0 ,  6.0,  0.0,  1.0,  0.0,  5.0, 0.0, 107.0,       ,      ,      ,        ,        ,        ,        ,        ,        ,        ,        ,      
savagbr01, 2000,     1, MTL , NHL , L  , 62.0, 21.0,  24.0,  45.0,  26.0, -13.0, 12.0,  8.0,  0.0,  0.0,  1.0, 0.0, 172.0,       ,      ,      ,        ,        ,        ,        ,        ,        ,        ,        ,      
savagbr01, 2001,     1, MTL , NHL , L  , 47.0, 14.0,  15.0,  29.0,  30.0, -14.0,  7.0,  7.0,  0.0,  0.0,  2.0, 0.0, 117.0,       ,      ,      ,        ,        ,        ,        ,        ,        ,        ,        ,      
savagbr01, 2001,     2, PHO , NHL , L  , 30.0,  6.0,   6.0,  12.0,   8.0, 1.0  ,  2.0,  0.0,  0.0,  0.0,  2.0, 1.0,  47.0,    5.0,   0.0,   0.0,     0.0,     0.0, -1.0   ,     0.0,     0.0,     0.0,     0.0,     0.0,     8.0
savagbr01, 2002,     1, PHO , NHL , L  , 43.0,  6.0,  10.0,  16.0,  22.0, -4.0 ,  1.0,  2.0,  0.0,  0.0,  1.0, 1.0,  68.0,       ,      ,      ,        ,        ,        ,        ,        ,        ,        ,        ,      
savagbr01, 2003,     1, PHO , NHL , L  , 61.0, 12.0,  13.0,  25.0,  36.0, -5.0 ,  3.0,  2.0,  0.0,  0.0,  1.0, 0.0, 101.0,       ,      ,      ,        ,        ,        ,        ,        ,        ,        ,        ,      
savagbr01, 2003,     2, STL , NHL , L  , 13.0,  4.0,   3.0,   7.0,   2.0, -3.0 ,  1.0,  2.0,  0.0,  0.0,  1.0, 0.0,  23.0,    5.0,   1.0,   1.0,     2.0,     0.0, -3.0   ,     0.0,     0.0,     0.0,     0.0,     0.0,    10.0
savagbr01, 2005,     1, PHI , NHL , L  , 66.0,  9.0,   5.0,  14.0,  28.0, -18.0,  4.0,  1.0,  1.0,  0.0,  1.0,    , 102.0,    6.0,   1.0,   0.0,     1.0,     4.0, -4.0   ,     0.0,     0.0,     1.0,     0.0,     0.0,     7.0
savagjo01, 1990,     1, BUF , NHL , R  ,  3.0,  0.0,   1.0,   1.0,   0.0, -2.0 ,  0.0,  0.0,  0.0,  0.0,  0.0, 0.0,   2.0,       ,      ,      ,        ,        ,        ,        ,        ,        ,        ,        ,      
savagre01, 1990,     1, WAS , NHL , C  ,  1.0,  0.0,   0.0,   0.0,   0.0, -1.0 ,  0.0,  0.0,  0.0,  0.0,  0.0, 0.0,   2.0,       ,      ,      ,        ,        ,        ,        ,        ,        ,        ,        ,      
savagre01, 1992,     1, WAS , NHL , C  , 16.0,  2.0,   3.0,   5.0,  12.0, -4.0 ,  2.0,  1.0,  0.0,  0.0,  0.0, 0.0,  20.0,       ,      ,      ,        ,        ,        ,        ,        ,        ,        ,        ,      
savagre01, 1993,     1, QUE , NHL , L  , 17.0,  3.0,   4.0,   7.0,  16.0, 3.0  ,  1.0,  1.0,  0.0,  0.0,  0.0, 0.0,  25.0,       ,      ,      ,        ,        ,        ,        ,        ,        ,        ,        ,      
savagto01, 1934,     1, BOS , NHL , D  ,  8.0,  0.0,   0.0,   0.0,   2.0,      ,     ,     ,     ,     ,     ,    ,      ,       ,      ,      ,        ,        ,        ,        ,        ,        ,        ,        ,      
savagto01, 1934,     2, MTL , NHL , D  , 41.0,  1.0,   5.0,   6.0,   4.0,      ,     ,     ,     ,     ,     ,    ,      ,    2.0,   0.0,   0.0,     0.0,     0.0,        ,        ,        ,        ,        ,        ,      
savaran01, 1973,     1, BOS , NHL , C  , 72.0, 16.0,  14.0,  30.0,  39.0, 16.0 ,  0.0,     ,  0.0,     ,  1.0, 0.0,  88.0,   16.0,   3.0,   2.0,     5.0,    24.0,        ,     0.0,        ,     0.0,        ,     0.0,      
savaran01, 1974,     1, BOS , NHL , C  , 77.0, 19.0,  25.0,  44.0,  45.0, 16.0 ,  0.0,     ,  0.0,     ,  2.0, 0.0, 150.0,    3.0,   1.0,   1.0,     2.0,     2.0,        ,     0.0,        ,     0.0,        ,     1.0,      
savaran01, 1975,     1, BOS , NHL , C  , 79.0, 17.0,  23.0,  40.0,  60.0, 4.0  ,  0.0,     ,  0.0,     ,  3.0, 3.0, 182.0,   12.0,   1.0,   4.0,     5.0,     9.0,        ,     0.0,        ,     0.0,        ,     0.0,      
savaran01, 1976,     1, BUF , NHL , C  , 80.0, 25.0,  35.0,  60.0,  30.0, 9.0  ,  4.0,     ,  0.0,     ,  4.0, 0.0, 160.0,    6.0,   0.0,   1.0,     1.0,     2.0,        ,     0.0,        ,     0.0,        ,     0.0,      
savaran01, 1977,     1, BUF , NHL , C  , 80.0, 19.0,  20.0,  39.0,  40.0, 1.0  ,  2.0,     ,  0.0,     ,  0.0, 0.0, 127.0,    6.0,   0.0,   0.0,     0.0,     4.0,        ,     0.0,        ,     0.0,        ,     0.0,      
savaran01, 1978,     1, BUF , NHL , C  , 65.0, 18.0,  22.0,  40.0,  20.0, 2.0  ,  2.0,     ,  2.0,     ,  1.0, 0.0,  97.0,    3.0,   0.0,   2.0,     2.0,     2.0,        ,     0.0,        ,     0.0,        ,     0.0,      
savaran01, 1979,     1, BUF , NHL , C  , 33.0,  3.0,  10.0,  13.0,  16.0, 4.0  ,  0.0,     ,  0.0,     ,  2.0, 0.0,  36.0,    8.0,   1.0,   1.0,     2.0,     2.0,        ,     0.0,        ,     0.0,        ,     0.0,      
savaran01, 1980,     1, BUF , NHL , C  , 79.0, 31.0,  43.0,  74.0,  63.0, 32.0 ,  2.0,     ,  2.0,     ,  4.0, 1.0, 149.0,    8.0,   4.0,   2.0,     6.0,    17.0,        ,     1.0,        ,     0.0,        ,     0.0,      
savaran01, 1981,     1, BUF , NHL , C  , 62.0, 18.0,  20.0,  38.0,  24.0, 5.0  ,  2.0,     ,  1.0,     ,  3.0, 0.0, 118.0,    4.0,   0.0,   1.0,     1.0,     5.0,        ,     0.0,        ,     0.0,        ,     0.0,      
savaran01, 1982,     1, BUF , NHL , C  , 68.0, 16.0,  25.0,  41.0,  28.0, 11.0 ,  3.0,     ,  2.0,     ,  2.0, 0.0, 122.0,   10.0,   0.0,   4.0,     4.0,     8.0,        ,     0.0,        ,     0.0,        ,     0.0,      
savaran01, 1983,     1, QUE , NHL , C  , 60.0, 20.0,  24.0,  44.0,  38.0, 17.0 ,  0.0,     ,  2.0,     ,  2.0, 0.0, 100.0,    9.0,   3.0,   0.0,     3.0,     2.0, -2.0   ,     0.0,        ,     2.0,        ,     1.0,    22.0
savaran01, 1984,     1, QUE , NHL , C  , 35.0,  9.0,  10.0,  19.0,   8.0, -3.0 ,  1.0,     ,  1.0,     ,  1.0, 0.0,  55.0,       ,      ,      ,        ,        ,        ,        ,        ,        ,        ,        ,      
savarde01, 1980,     1, CHI , NHL , C  , 76.0, 28.0,  47.0,  75.0,  47.0, 27.0 ,  4.0,     ,  0.0,     ,  3.0, 3.0, 159.0,    3.0,   0.0,   0.0,     0.0,     0.0,        ,     0.0,        ,     0.0,        ,     0.0,      
savarde01, 1981,     1, CHI , NHL , C  , 80.0, 32.0,  87.0, 119.0,  82.0, 0.0  ,  8.0,     ,  0.0,     ,  4.0, 1.0, 231.0,   15.0,  11.0,   7.0,    18.0,    52.0,        ,     5.0,        ,     0.0,        ,     2.0,      
savarde01, 1982,     1, CHI , NHL , C  , 78.0, 35.0,  86.0, 121.0,  99.0, 26.0 , 13.0,     ,  0.0,     ,  4.0, 1.0, 213.0,   13.0,   8.0,   9.0,    17.0,    22.0,        ,     3.0,        ,     0.0,        ,     1.0,      
savarde01, 1983,     1, CHI , NHL , C  , 75.0, 37.0,  57.0,  94.0,  71.0, -13.0, 12.0,     ,  0.0,     ,  5.0, 1.0, 210.0,    5.0,   1.0,   3.0,     4.0,     9.0, 3.0    ,     0.0,        ,     0.0,        ,     0.0,     8.0
savarde01, 1984,     1, CHI , NHL , C  , 79.0, 38.0,  67.0, 105.0,  56.0, 16.0 ,  7.0,     ,  0.0,     ,  1.0, 1.0, 266.0,   15.0,   9.0,  20.0,    29.0,    20.0, 4.0    ,     3.0,        ,     0.0,        ,     0.0,    49.0
savarde01, 1985,     1, CHI , NHL , C  , 80.0, 47.0,  69.0, 116.0, 111.0, 7.0  , 14.0,     ,  1.0,     ,  8.0, 2.0, 279.0,    3.0,   4.0,   1.0,     5.0,     6.0, -1.0   ,     2.0,        ,     0.0,        ,     0.0,    16.0
savarde01, 1986,     1, CHI , NHL , C  , 70.0, 40.0,  50.0,  90.0, 108.0, 15.0 ,  7.0,     ,  0.0,     ,  7.0, 1.0, 237.0,    4.0,   1.0,   0.0,     1.0,    12.0, -3.0   ,     0.0,        ,     0.0,        ,     0.0,     8.0
savarde01, 1987,     1, CHI , NHL , C  , 80.0, 44.0,  87.0, 131.0,  95.0, 4.0  , 14.0, 48.0,  7.0,  6.0,  6.0, 1.0, 270.0,    5.0,   4.0,   3.0,     7.0,    17.0, 3.0    ,     0.0,     2.0,     1.0,     0.0,     1.0,    13.0
savarde01, 1988,     1, CHI , NHL , C  , 58.0, 23.0,  59.0,  82.0, 110.0, -5.0 ,  7.0, 30.0,  5.0,  1.0,  1.0, 1.0, 182.0,   16.0,   8.0,  11.0,    19.0,    10.0, 8.0    ,     2.0,     5.0,     1.0,     1.0,     1.0,    68.0
savarde01, 1989,     1, CHI , NHL , C  , 60.0, 27.0,  53.0,  80.0,  56.0, 8.0  , 10.0, 21.0,  2.0,  2.0,  4.0, 1.0, 181.0,   20.0,   7.0,  15.0,    22.0,    41.0, 0.0    ,     4.0,     5.0,     0.0,     0.0,     1.0,    69.0
savarde01, 1990,     1, MTL , NHL , C  , 70.0, 28.0,  31.0,  59.0,  52.0, -1.0 ,  7.0, 12.0,  2.0,  0.0,  0.0, 0.0, 187.0,   13.0,   2.0,  11.0,    13.0,    35.0, -1.0   ,     1.0,     6.0,     0.0,     0.0,     0.0,    33.0
savarde01, 1991,     1, MTL , NHL , C  , 77.0, 28.0,  42.0,  70.0,  73.0, 6.0  , 12.0, 21.0,  1.0,  0.0,  5.0, 0.0, 174.0,   11.0,   3.0,   9.0,    12.0,     8.0, 1.0    ,     1.0,     4.0,     0.0,     1.0,     0.0,    33.0
savarde01, 1992,     1, MTL , NHL , C  , 63.0, 16.0,  34.0,  50.0,  90.0, 1.0  ,  4.0, 11.0,  1.0,  3.0,  2.0, 1.0,  99.0,   14.0,   0.0,   5.0,     5.0,     4.0, -3.0   ,     0.0,     0.0,     0.0,     0.0,     0.0,    15.0
savarde01, 1993,     1, TBL , NHL , C  , 74.0, 18.0,  28.0,  46.0, 106.0, -1.0 ,  2.0, 11.0,  1.0,  0.0,  2.0, 0.0, 181.0,       ,      ,      ,        ,        ,        ,        ,        ,        ,        ,        ,      
savarde01, 1994,     1, TBL , NHL , C  , 31.0,  6.0,  11.0,  17.0,  10.0, -6.0 ,  1.0,  5.0,  0.0,  0.0,  1.0, 0.0,  56.0,       ,      ,      ,        ,        ,        ,        ,        ,        ,        ,        ,      
savarde01, 1994,     2, CHI , NHL , C  , 12.0,  4.0,   4.0,   8.0,   8.0, 3.0  ,  1.0,  1.0,  0.0,  0.0,  0.0, 0.0,  26.0,   16.0,   7.0,  11.0,    18.0,    10.0, 12.0   ,     3.0,     3.0,     0.0,     0.0,     0.0,    39.0
savarde01, 1995,     1, CHI , NHL , C  , 69.0, 13.0,  35.0,  48.0, 102.0, 20.0 ,  2.0,  8.0,  0.0,  0.0,  1.0, 0.0, 110.0,   10.0,   1.0,   2.0,     3.0,     8.0, 0.0    ,     0.0,     0.0,     0.0,     0.0,     0.0,    12.0
savarde01, 1996,     1, CHI , NHL , C  , 64.0,  9.0,  18.0,  27.0,  60.0, -10.0,  2.0,  6.0,  0.0,  0.0,  2.0, 0.0,  82.0,    6.0,   0.0,   2.0,     2.0,     2.0, -3.0   ,     0.0,     0.0,     0.0,     0.0,     0.0,    14.0
savarje01, 1977,     1, CHI , NHL , C  , 31.0,  7.0,  11.0,  18.0,  20.0, 6.0  ,  2.0,     ,  0.0,     ,  2.0, 2.0,  37.0,       ,      ,      ,        ,        ,        ,        ,        ,        ,        ,        ,      
savarje01, 1978,     1, CHI , NHL , C  , 11.0,  0.0,   1.0,   1.0,   9.0, -2.0 ,  0.0,     ,  0.0,     ,  0.0, 0.0,   7.0,       ,      ,      ,        ,        ,        ,        ,        ,        ,        ,        ,      
savarje01, 1979,     1, HAR , NHL , C  ,  1.0,  0.0,   0.0,   0.0,   0.0, 0.0  ,  0.0,     ,  0.0,     ,  0.0, 0.0,   1.0,       ,      ,      ,        ,        ,        ,        ,        ,        ,        ,        ,      
savarjo01, 1911,     1, QU1 , NHA , G  ,  1.0,  0.0,   0.0,   0.0,   0.0,      ,     ,     ,     ,     ,     ,    ,      ,       ,      ,      ,        ,        ,        ,        ,        ,        ,        ,        ,      
savarma01, 1997,     1, NYR , NHL , C  , 28.0,  1.0,   5.0,   6.0,   4.0, -4.0 ,  0.0,  3.0,  0.0,  0.0,  0.0, 0.0,  32.0,       ,      ,      ,        ,        ,        ,        ,        ,        ,        ,        ,      
savarma01, 1998,     1, NYR , NHL , C  , 70.0,  9.0,  36.0,  45.0,  38.0, -7.0 ,  4.0, 15.0,  0.0,  0.0,  1.0, 0.0, 116.0,       ,      ,      ,        ,        ,        ,        ,        ,        ,        ,        ,      
savarma01, 1999,     1, CAL , NHL , C  , 78.0, 22.0,  31.0,  53.0,  56.0, -2.0 ,  4.0,  9.0,  0.0,  0.0,  3.0, 1.0, 184.0,       ,      ,      ,        ,        ,        ,        ,        ,        ,        ,        ,      
savarma01, 2000,     1, CAL , NHL , C  , 77.0, 23.0,  42.0,  65.0,  46.0, -12.0, 10.0, 15.0,  1.0,  1.0,  5.0, 2.0, 197.0,       ,      ,      ,        ,        ,        ,        ,        ,        ,        ,        ,      
savarma01, 2001,     1, CAL , NHL , C  , 56.0, 14.0,  19.0,  33.0,  48.0, -18.0,  7.0,  6.0,  0.0,  0.0,  3.0, 1.0, 140.0,       ,      ,      ,        ,        ,        ,        ,        ,        ,        ,        ,      
savarma01, 2002,     1, CAL , NHL , C  , 10.0,  1.0,   2.0,   3.0,   8.0, -3.0 ,  0.0,  1.0,  0.0,  0.0,  0.0, 0.0,  21.0,       ,      ,      ,        ,        ,        ,        ,        ,        ,        ,        ,      
savarma01, 2002,     2, ATL , NHL , C  , 57.0, 16.0,  31.0,  47.0,  77.0, -11.0,  6.0, 13.0,  0.0,  1.0,  4.0, 0.0, 127.0,       ,      ,      ,        ,        ,        ,        ,        ,        ,        ,        ,      
savarma01, 2003,     1, ATL , NHL , C  , 45.0, 19.0,  33.0,  52.0,  85.0, -8.0 ,  6.0, 12.0,  1.0,  0.0,  3.0, 1.0, 133.0,       ,      ,      ,        ,        ,        ,        ,        ,        ,        ,        ,      
savarma01, 2005,     1, ATL , NHL , C  , 82.0, 28.0,  69.0,  97.0, 100.0, 7.0  , 14.0, 36.0,  1.0,  2.0,  4.0,    , 212.0,       ,      ,      ,        ,        ,        ,        ,        ,        ,        ,        ,      
savarma01, 2006,     1, BOS , NHL , C  , 82.0, 22.0,  74.0,  96.0,  96.0, -19.0, 10.0, 39.0,  1.0,  0.0,  3.0,    , 221.0,       ,      ,      ,        ,        ,        ,        ,        ,        ,        ,        ,      
savarma01, 2007,     1, BOS , NHL , C  , 74.0, 15.0,  63.0,  78.0,  66.0, 3.0  ,  4.0, 27.0,  0.0,  2.0,  2.0,    , 196.0,    7.0,   1.0,   5.0,     6.0,     6.0, -1.0   ,     0.0,     2.0,     0.0,     0.0,     1.0,    14.0
savarma01, 2008,     1, BOS , NHL , C  , 82.0, 25.0,  63.0,  88.0,  70.0, 25.0 ,  9.0, 21.0,  0.0,  2.0,  5.0,    , 213.0,   11.0,   6.0,   7.0,    13.0,     4.0, 2.0    ,     3.0,     2.0,     0.0,     0.0,     2.0,    17.0
savarma01, 2009,     1, BOS , NHL , C  , 41.0, 10.0,  23.0,  33.0,  14.0, 2.0  ,  6.0, 11.0,  0.0,  0.0,  2.0,    ,  90.0,    7.0,   1.0,   2.0,     3.0,    12.0, 2.0    ,     0.0,     1.0,     0.0,     0.0,     1.0,    22.0
savarse01, 1966,     1, MTL , NHL , D  ,  2.0,  0.0,   0.0,   0.0,   0.0,      ,  0.0,     ,  0.0,     ,  0.0, 0.0,      ,       ,      ,      ,        ,        ,        ,        ,        ,        ,        ,        ,      
savarse01, 1967,     1, MTL , NHL , D  , 67.0,  2.0,  13.0,  15.0,  34.0, 13.0 ,  1.0,     ,  0.0,     ,  0.0, 0.0,  59.0,    6.0,   2.0,   0.0,     2.0,     0.0,        ,     0.0,        ,     2.0,        ,     1.0,      
savarse01, 1968,     1, MTL , NHL , D  , 74.0,  8.0,  23.0,  31.0,  73.0, 33.0 ,  0.0,     ,  0.0,     ,  2.0, 1.0,  98.0,   14.0,   4.0,   6.0,    10.0,    24.0,        ,     1.0,        ,     0.0,        ,     1.0,      
savarse01, 1969,     1, MTL , NHL , D  , 64.0, 12.0,  19.0,  31.0,  38.0, 4.0  ,  5.0,     ,  3.0,     ,  2.0, 1.0, 151.0,       ,      ,      ,        ,        ,        ,        ,        ,        ,        ,        ,      
savarse01, 1970,     1, MTL , NHL , D  , 37.0,  5.0,  10.0,  15.0,  30.0, 11.0 ,  0.0,     ,  1.0,     ,  0.0, 1.0,  55.0,       ,      ,      ,        ,        ,        ,        ,        ,        ,        ,        ,      
savarse01, 1971,     1, MTL , NHL , D  , 23.0,  1.0,   8.0,   9.0,  16.0, 21.0 ,  0.0,     ,  0.0,     ,  0.0, 1.0,  45.0,    6.0,   0.0,   0.0,     0.0,    10.0,        ,     0.0,        ,     0.0,        ,     0.0,      
savarse01, 1972,     1, MTL , NHL , D  , 74.0,  7.0,  32.0,  39.0,  58.0, 70.0 ,  2.0,     ,  1.0,     ,  0.0, 0.0, 106.0,   17.0,   3.0,   8.0,    11.0,    22.0,        ,     0.0,        ,     0.0,        ,     0.0,      
savarse01, 1973,     1, MTL , NHL , D  , 67.0,  4.0,  14.0,  18.0,  49.0, 20.0 ,  1.0,     ,  0.0,     ,  1.0, 0.0,  98.0,    6.0,   1.0,   1.0,     2.0,     4.0,        ,     0.0,        ,     0.0,        ,     0.0,      
savarse01, 1974,     1, MTL , NHL , D  , 80.0, 20.0,  40.0,  60.0,  64.0, 71.0 ,  8.0,     ,  1.0,     ,  2.0, 2.0, 165.0,   11.0,   1.0,   7.0,     8.0,     2.0,        ,     0.0,        ,     0.0,        ,     0.0,      
savarse01, 1975,     1, MTL , NHL , D  , 71.0,  8.0,  39.0,  47.0,  38.0, 52.0 ,  1.0,     ,  1.0,     ,  1.0, 0.0, 112.0,   13.0,   3.0,   6.0,     9.0,     6.0,        ,     1.0,        ,     1.0,        ,     2.0,      
savarse01, 1976,     1, MTL , NHL , D  , 78.0,  9.0,  33.0,  42.0,  35.0, 79.0 ,  0.0,     ,  0.0,     ,  1.0, 1.0, 110.0,   14.0,   2.0,   7.0,     9.0,     2.0,        ,     1.0,        ,     0.0,        ,     1.0,      
savarse01, 1977,     1, MTL , NHL , D  , 77.0,  8.0,  34.0,  42.0,  24.0, 62.0 ,  4.0,     ,  0.0,     ,  1.0, 0.0, 103.0,   15.0,   1.0,   7.0,     8.0,     8.0,        ,     0.0,        ,     0.0,        ,     0.0,      
savarse01, 1978,     1, MTL , NHL , D  , 80.0,  7.0,  26.0,  33.0,  30.0, 46.0 ,  1.0,     ,  2.0,     ,  0.0, 1.0,  82.0,   16.0,   2.0,   7.0,     9.0,     6.0,        ,     1.0,        ,     0.0,        ,     1.0,      
savarse01, 1979,     1, MTL , NHL , D  , 46.0,  5.0,   8.0,  13.0,  18.0, -2.0 ,  0.0,     ,  0.0,     ,  1.0, 1.0,  45.0,    2.0,   0.0,   0.0,     0.0,     0.0,        ,     0.0,        ,     0.0,        ,     0.0,      
savarse01, 1980,     1, MTL , NHL , D  , 77.0,  4.0,  13.0,  17.0,  30.0, 12.0 ,  0.0,     ,  0.0,     ,  1.0, 0.0,  63.0,    3.0,   0.0,   0.0,     0.0,     0.0,        ,     0.0,        ,     0.0,        ,     0.0,      
savarse01, 1981,     1, WIN , NHL , D  , 47.0,  2.0,   5.0,   7.0,  26.0, -8.0 ,  0.0,     ,  0.0,     ,  1.0, 0.0,  41.0,    4.0,   0.0,   0.0,     0.0,     2.0,        ,     0.0,        ,     0.0,        ,     0.0,      
savarse01, 1982,     1, WIN , NHL , D  , 76.0,  4.0,  16.0,  20.0,  29.0, -24.0,  0.0,     ,  0.0,     ,  0.0, 0.0,  51.0,    3.0,   0.0,   0.0,     0.0,     2.0,        ,     0.0,        ,     0.0,        ,     0.0,      
savoiry01, 1998,     1, PIT , NHL , C  ,  3.0,  0.0,   0.0,   0.0,   0.0, -1.0 ,  0.0,  0.0,  0.0,  0.0,  0.0, 0.0,   0.0,       ,      ,      ,        ,        ,        ,        ,        ,        ,        ,        ,      
sawadra01, 2008,     1, DAL , NHL , R  ,  5.0,  1.0,   0.0,   1.0,   0.0, -1.0 ,  0.0,  0.0,  0.0,  0.0,  0.0,    ,   2.0,       ,      ,      ,        ,        ,        ,        ,        ,        ,        ,        ,      
sawadra01, 2009,     1, DAL , NHL , R  ,  5.0,  0.0,   0.0,   0.0,   0.0, 1.0  ,  0.0,  0.0,  0.0,  0.0,  0.0,    ,   2.0,       ,      ,      ,        ,        ,        ,        ,        ,        ,        ,        ,      
sawchte01, 1949,     1, DET , NHL , G  ,  7.0,  0.0,   0.0,   0.0,   0.0,      ,     ,     ,     ,     ,     ,    ,      ,       ,      ,      ,        ,        ,        ,        ,        ,        ,        ,        ,      
sawchte01, 1950,     1, DET , NHL , G  , 70.0,  0.0,   0.0,   0.0,   2.0,      ,     ,     ,     ,     ,     ,    ,      ,    6.0,   0.0,   0.0,     0.0,     0.0,        ,        ,        ,        ,        ,        ,      
sawchte01, 1951,     1, DET , NHL , G  , 70.0,  0.0,   0.0,   0.0,   2.0,      ,     ,     ,     ,     ,     ,    ,      ,    8.0,   0.0,   0.0,     0.0,     0.0,        ,        ,        ,        ,        ,        ,      
sawchte01, 1952,     1, DET , NHL , G  , 63.0,  0.0,   0.0,   0.0,   5.0,      ,     ,     ,     ,     ,     ,    ,      ,    6.0,   0.0,   0.0,     0.0,    10.0,        ,        ,        ,        ,        ,        ,      
sawchte01, 1953,     1, DET , NHL , G  , 67.0,  0.0,   1.0,   1.0,  31.0,      ,     ,     ,     ,     ,     ,    ,      ,   12.0,   0.0,   0.0,     0.0,     2.0,        ,        ,        ,        ,        ,        ,      
sawchte01, 1954,     1, DET , NHL , G  , 68.0,  0.0,   1.0,   1.0,  10.0,      ,     ,     ,     ,     ,     ,    ,      ,   11.0,   0.0,   0.0,     0.0,    12.0,        ,        ,        ,        ,        ,        ,      
sawchte01, 1955,     1, BOS , NHL , G  , 68.0,  0.0,   0.0,   0.0,  20.0,      ,     ,     ,     ,     ,     ,    ,      ,       ,      ,      ,        ,        ,        ,        ,        ,        ,        ,        ,      
sawchte01, 1956,     1, BOS , NHL , G  , 34.0,  0.0,   0.0,   0.0,  14.0,      ,     ,     ,     ,     ,     ,    ,      ,       ,      ,      ,        ,        ,        ,        ,        ,        ,        ,        ,      
sawchte01, 1957,     1, DET , NHL , G  , 70.0,  0.0,   0.0,   0.0,  39.0,      ,     ,     ,     ,     ,     ,    ,      ,    4.0,   0.0,   0.0,     0.0,     0.0,        ,        ,        ,        ,        ,        ,      
sawchte01, 1958,     1, DET , NHL , G  , 67.0,  0.0,   0.0,   0.0,  12.0,      ,     ,     ,     ,     ,     ,    ,      ,       ,      ,      ,        ,        ,        ,        ,        ,        ,        ,        ,      
sawchte01, 1959,     1, DET , NHL , G  , 58.0,  0.0,   0.0,   0.0,  22.0,      ,     ,     ,     ,     ,     ,    ,      ,    6.0,   0.0,   0.0,     0.0,     0.0,        ,        ,        ,        ,        ,        ,      
sawchte01, 1960,     1, DET , NHL , G  , 37.0,  0.0,   1.0,   1.0,   8.0,      ,     ,     ,     ,     ,     ,    ,      ,    8.0,   0.0,   0.0,     0.0,     0.0,        ,        ,        ,        ,        ,     0.0,      
sawchte01, 1961,     1, DET , NHL , G  , 43.0,  0.0,   0.0,   0.0,  12.0,      ,     ,     ,     ,     ,     ,    ,      ,       ,      ,      ,        ,        ,        ,        ,        ,        ,        ,        ,      
sawchte01, 1962,     1, DET , NHL , G  , 48.0,  0.0,   0.0,   0.0,  14.0,      ,     ,     ,     ,     ,     ,    ,      ,   11.0,   0.0,   0.0,     0.0,     0.0,        ,        ,        ,        ,        ,     0.0,      
sawchte01, 1963,     1, DET , NHL , G  , 53.0,  0.0,   0.0,   0.0,   0.0,      ,  0.0,     ,  0.0,     ,  0.0, 0.0,      ,   13.0,   0.0,   0.0,     0.0,     2.0,        ,        ,        ,        ,        ,     0.0,      
sawchte01, 1964,     1, TOR , NHL , G  , 36.0,  0.0,   2.0,   2.0,  24.0,      ,  0.0,     ,  0.0,     ,  0.0, 0.0,      ,    1.0,   0.0,   0.0,     0.0,     0.0,        ,        ,        ,        ,        ,     0.0,      
sawchte01, 1965,     1, TOR , NHL , G  , 27.0,  0.0,   1.0,   1.0,  12.0,      ,  0.0,     ,  0.0,     ,  0.0, 0.0,      ,    2.0,   0.0,   0.0,     0.0,     0.0,        ,        ,        ,        ,        ,     0.0,      
sawchte01, 1966,     1, TOR , NHL , G  , 28.0,  0.0,   0.0,   0.0,   2.0,      ,  0.0,     ,  0.0,     ,  0.0, 0.0,      ,   10.0,   0.0,   0.0,     0.0,     0.0,        ,        ,        ,        ,        ,     0.0,      
sawchte01, 1967,     1, LAK , NHL , G  , 36.0,  0.0,   0.0,   0.0,   0.0, 0.0  ,  0.0,     ,  0.0,     ,  0.0, 0.0,   0.0,    5.0,   0.0,   0.0,     0.0,     0.0,        ,     0.0,        ,     0.0,        ,     0.0,      
sawchte01, 1968,     1, DET , NHL , G  , 13.0,  0.0,   0.0,   0.0,   0.0, 0.0  ,  0.0,     ,  0.0,     ,  0.0, 0.0,   0.0,       ,      ,      ,        ,        ,        ,        ,        ,        ,        ,        ,      
sawchte01, 1969,     1, NYR , NHL , G  ,  8.0,  0.0,   1.0,   1.0,   0.0, 0.0  ,  0.0,     ,  0.0,     ,  0.0, 0.0,   0.0,    3.0,   0.0,   0.0,     0.0,     0.0,        ,     0.0,        ,     0.0,        ,     0.0,      
sawyeke01, 1995,     1, STL , NHL , L  ,  6.0,  0.0,   0.0,   0.0,  23.0, -2.0 ,  0.0,  0.0,  0.0,  0.0,  0.0, 0.0,   1.0,       ,      ,      ,        ,        ,        ,        ,        ,        ,        ,        ,      
sawyeke01, 1995,     2, BOS , NHL , L  ,  2.0,  0.0,   0.0,   0.0,   5.0, 1.0  ,  0.0,  0.0,  0.0,  0.0,  0.0, 0.0,   0.0,       ,      ,      ,        ,        ,        ,        ,        ,        ,        ,        ,      
sawyeke01, 1996,     1, BOS , NHL , L  ,  2.0,  0.0,   0.0,   0.0,   0.0, 0.0  ,  0.0,  0.0,  0.0,  0.0,  0.0, 0.0,   0.0,       ,      ,      ,        ,        ,        ,        ,        ,        ,        ,        ,      
sawyeke01, 1999,     1, PHO , NHL , R  ,  3.0,  0.0,   0.0,   0.0,  12.0, 1.0  ,  0.0,  0.0,  0.0,  0.0,  0.0, 0.0,   0.0,       ,      ,      ,        ,        ,        ,        ,        ,        ,        ,        ,      
sawyeke01, 2000,     1, ANA , NHL , L  ,  9.0,  0.0,   1.0,   1.0,  27.0, -1.0 ,  0.0,  0.0,  0.0,  0.0,  0.0, 0.0,   6.0,       ,      ,      ,        ,        ,        ,        ,        ,        ,        ,        ,      
sawyeke01, 2001,     1, ANA , NHL , L  , 57.0,  1.0,   1.0,   2.0, 221.0, -4.0 ,  0.0,  0.0,  0.0,  0.0,  0.0, 0.0,  29.0,       ,      ,      ,        ,        ,        ,        ,        ,        ,        ,        ,      
sawyeke01, 2002,     1, ANA , NHL , L  , 31.0,  2.0,   1.0,   3.0, 115.0, -2.0 ,  0.0,  0.0,  0.0,  0.0,  0.0, 0.0,  11.0,       ,      ,      ,        ,        ,        ,        ,        ,        ,        ,        ,      
sbisalu01, 2008,     1, PHI , NHL , D  , 39.0,  0.0,   7.0,   7.0,  36.0, -6.0 ,  0.0,  4.0,  0.0,  0.0,  0.0,    ,  38.0,    1.0,   0.0,   0.0,     0.0,     2.0, 0.0    ,     0.0,     0.0,     0.0,     0.0,     0.0,     0.0
sbisalu01, 2009,     1, AND , NHL , D  ,  8.0,  0.0,   0.0,   0.0,   6.0, -1.0 ,  0.0,  0.0,  0.0,  0.0,  0.0,    ,   3.0,       ,      ,      ,        ,        ,        ,        ,        ,        ,        ,        ,      
scamupe01, 1975,     1, WAS , NHL , D  , 58.0,  2.0,  13.0,  15.0,  33.0, -38.0,  1.0,     ,  0.0,     ,  0.0, 0.0,  49.0,       ,      ,      ,        ,        ,        ,        ,        ,        ,        ,        ,      
scamupe01, 1976,     1, WAS , NHL , D  , 21.0,  0.0,   2.0,   2.0,   8.0, -6.0 ,  0.0,     ,  0.0,     ,  0.0, 0.0,  19.0,       ,      ,      ,        ,        ,        ,        ,        ,        ,        ,        ,      
scamupe01, 1978,     1, WAS , NHL , D  , 30.0,  3.0,   5.0,   8.0,  12.0, -13.0,  0.0,     ,  1.0,     ,  0.0, 0.0,  26.0,       ,      ,      ,        ,        ,        ,        ,        ,        ,        ,        ,      
scamupe01, 1979,     1, WAS , NHL , D  , 23.0,  3.0,   5.0,   8.0,   6.0, -1.0 ,  1.0,     ,  0.0,     ,  0.0, 0.0,  16.0,       ,      ,      ,        ,        ,        ,        ,        ,        ,        ,        ,      
scatcda01, 1997,     1, VAN , NHL , C  , 76.0, 13.0,  11.0,  24.0, 165.0, -4.0 ,  0.0,  1.0,  0.0,  0.0,  1.0, 1.0,  85.0,       ,      ,      ,        ,        ,        ,        ,        ,        ,        ,        ,      
scatcda01, 1998,     1, VAN , NHL , C  , 82.0, 13.0,  13.0,  26.0, 140.0, -12.0,  0.0,  1.0,  2.0,  3.0,  2.0, 0.0, 130.0,       ,      ,      ,        ,        ,        ,        ,        ,        ,        ,        ,      
scatcda01, 1999,     1, VAN , NHL , C  , 21.0,  0.0,   4.0,   4.0,  24.0, -3.0 ,  0.0,  0.0,  0.0,  0.0,  0.0, 0.0,  25.0,       ,      ,      ,        ,        ,        ,        ,        ,        ,        ,        ,      
scatcda01, 1999,     2, NYI , NHL , C  , 44.0, 12.0,  14.0,  26.0,  93.0, 0.0  ,  0.0,  0.0,  1.0,  0.0,  1.0, 0.0, 103.0,       ,      ,      ,        ,        ,        ,        ,        ,        ,        ,        ,      
scatcda01, 2000,     1, NYI , NHL , C  , 81.0, 21.0,  24.0,  45.0, 114.0, -9.0 ,  4.0,  7.0,  0.0,  1.0,  5.0, 1.0, 176.0,       ,      ,      ,        ,        ,        ,        ,        ,        ,        ,        ,      
scatcda01, 2001,     1, NYI , NHL , R  , 80.0, 12.0,  15.0,  27.0, 111.0, -4.0 ,  3.0,  0.0,  1.0,  0.0,  4.0, 0.0, 117.0,    7.0,   1.0,   1.0,     2.0,    22.0, -2.0   ,     0.0,     0.0,     0.0,     0.0,     0.0,     7.0
scatcda01, 2002,     1, NYI , NHL , R  , 81.0, 27.0,  18.0,  45.0, 108.0, 9.0  ,  5.0,  1.0,  0.0,  0.0,  2.0, 1.0, 165.0,    5.0,   1.0,   0.0,     1.0,     6.0, -3.0   ,     0.0,     0.0,     0.0,     0.0,     1.0,     3.0
scatcda01, 2003,     1, NYI , NHL , C  , 61.0,  9.0,  16.0,  25.0,  78.0, 12.0 ,  1.0,  0.0,  1.0,  1.0,  1.0, 0.0, 111.0,    5.0,   0.0,   1.0,     1.0,     6.0, -3.0   ,     0.0,     0.0,     0.0,     0.0,     0.0,    12.0
scatcda01, 2005,     1, BOS , NHL , C  , 16.0,  4.0,   6.0,  10.0,  28.0, -2.0 ,  1.0,  6.0,  0.0,  0.0,  0.0,    ,  40.0,       ,      ,      ,        ,        ,        ,        ,        ,        ,        ,        ,      
scatcda01, 2005,     2, PHO , NHL , C  , 47.0, 11.0,  12.0,  23.0,  84.0, -11.0,  4.0,  5.0,  0.0,  1.0,  3.0,    ,  81.0,       ,      ,      ,        ,        ,        ,        ,        ,        ,        ,        ,      
scatcda01, 2006,     1, PHO , NHL , C  , 46.0,  3.0,   5.0,   8.0,  72.0, -18.0,  0.0,  0.0,  0.0,  1.0,  1.0,    ,  77.0,       ,      ,      ,        ,        ,        ,        ,        ,        ,        ,        ,      
scatcda01, 2009,     1, NAS , NHL , C  , 16.0,  3.0,   2.0,   5.0,  17.0, 3.0  ,  0.0,  0.0,  0.0,  1.0,  0.0,    ,  25.0,       ,      ,      ,        ,        ,        ,        ,        ,        ,        ,        ,      
scevida01, 1986,     1, CHI , NHL , R  ,  1.0,  0.0,   0.0,   0.0,   0.0, 0.0  ,  0.0,     ,  0.0,     ,  0.0, 0.0,   1.0,       ,      ,      ,        ,        ,        ,        ,        ,        ,        ,        ,      
schaebu01, 1936,     1, CHI , NHL , D  ,  5.0,  0.0,   0.0,   0.0,   6.0,      ,     ,     ,     ,     ,     ,    ,      ,       ,      ,      ,        ,        ,        ,        ,        ,        ,        ,        ,      
schaejo01, 1959,     1, NYR , NHL , G  ,  1.0,  0.0,   0.0,   0.0,   0.0,      ,     ,     ,     ,     ,     ,    ,      ,       ,      ,      ,        ,        ,        ,        ,        ,        ,        ,        ,      
schaejo01, 1960,     1, NYR , NHL , G  ,  1.0,  0.0,   0.0,   0.0,   0.0,      ,     ,     ,     ,     ,     ,    ,      ,       ,      ,      ,        ,        ,        ,        ,        ,        ,        ,        ,      
schaeno01, 2005,     1, SJS , NHL , G  ,  7.0,  0.0,   0.0,   0.0,   2.0, 0.0  ,  0.0,  0.0,  0.0,  0.0,  0.0,    ,   0.0,       ,      ,      ,        ,        ,        ,        ,        ,        ,        ,        ,      
schaepe01, 1998,     1, VAN , NHL , L  , 25.0,  4.0,   4.0,   8.0,   8.0, -1.0 ,  1.0,  1.0,  0.0,  0.0,  1.0, 0.0,  24.0,       ,      ,      ,        ,        ,        ,        ,        ,        ,        ,        ,      
schaepe01, 1999,     1, VAN , NHL , L  , 71.0, 16.0,  15.0,  31.0,  20.0, 0.0  ,  2.0,  7.0,  2.0,  3.0,  4.0, 0.0, 101.0,       ,      ,      ,        ,        ,        ,        ,        ,        ,        ,        ,      
schaepe01, 2000,     1, VAN , NHL , L  , 82.0, 16.0,  20.0,  36.0,  22.0, 4.0  ,  3.0,  6.0,  4.0,  1.0,  2.0, 0.0, 163.0,    3.0,   0.0,   0.0,     0.0,     0.0, -3.0   ,     0.0,     0.0,     0.0,     0.0,     0.0,     6.0
schaepe01, 2002,     1, OTT , NHL , L  , 75.0,  6.0,  17.0,  23.0,  32.0, 11.0 ,  0.0,  0.0,  0.0,  1.0,  1.0, 0.0,  93.0,   16.0,   2.0,   3.0,     5.0,     6.0, 3.0    ,     0.0,     0.0,     1.0,     0.0,     0.0,    15.0
schaepe01, 2003,     1, OTT , NHL , L  , 81.0, 15.0,  24.0,  39.0,  26.0, 22.0 ,  2.0,  4.0,  2.0,  0.0,  3.0, 0.0, 112.0,    7.0,   0.0,   2.0,     2.0,     4.0, 1.0    ,     0.0,     0.0,     0.0,     0.0,     0.0,    11.0
schaepe01, 2005,     1, OTT , NHL , L  , 82.0, 20.0,  30.0,  50.0,  40.0, 16.0 ,  4.0,  6.0,  4.0,  1.0,  2.0,    , 137.0,   10.0,   2.0,   5.0,     7.0,    14.0, 2.0    ,     0.0,     2.0,     0.0,     1.0,     0.0,    18.0
schaepe01, 2006,     1, OTT , NHL , L  , 77.0, 12.0,  34.0,  46.0,  32.0, 7.0  ,  5.0,  8.0,  0.0,  1.0,  2.0,    , 132.0,   20.0,   1.0,   5.0,     6.0,    10.0, 1.0    ,     0.0,     1.0,     0.0,     0.0,     0.0,    33.0
schaepe01, 2007,     1, BOS , NHL , L  , 63.0,  9.0,  17.0,  26.0,  18.0, 4.0  ,  0.0,  6.0,  0.0,  0.0,  0.0,    ,  91.0,    7.0,   1.0,   3.0,     4.0,     0.0, 2.0    ,     0.0,     0.0,     0.0,     0.0,     0.0,     6.0
schafpa01, 1996,     1, BOS , NHL , G  ,  3.0,  0.0,   0.0,   0.0,   0.0, 0.0  ,  0.0,  0.0,  0.0,  0.0,  0.0, 0.0,   0.0,       ,      ,      ,        ,        ,        ,        ,        ,        ,        ,        ,      
schamke01, 1976,     1, DET , NHL , R  ,  3.0,  0.0,   0.0,   0.0,   9.0, -1.0 ,  0.0,     ,  0.0,     ,  0.0, 0.0,   1.0,       ,      ,      ,        ,        ,        ,        ,        ,        ,        ,        ,      
schamke01, 1979,     1, DET , NHL , R  ,  2.0,  0.0,   0.0,   0.0,   4.0, -2.0 ,  0.0,     ,  0.0,     ,  0.0, 0.0,   0.0,       ,      ,      ,        ,        ,        ,        ,        ,        ,        ,        ,      
schamke01, 1980,     1, LAK , NHL , R  ,  5.0,  0.0,   0.0,   0.0,   4.0, -1.0 ,  0.0,     ,  0.0,     ,  0.0, 0.0,   2.0,       ,      ,      ,        ,        ,        ,        ,        ,        ,        ,        ,      
scharte01, 1972,     1, NRA , WHA , L  , 29.0,  2.0,   2.0,   4.0,  72.0,      ,  0.0,     ,  0.0,     ,     ,    ,      ,       ,      ,      ,        ,        ,        ,        ,        ,        ,        ,        ,      
scharte01, 1973,     1, NYJ , WHA , R  , 63.0,  4.0,   2.0,   6.0, 107.0,      ,  0.0,     ,  0.0,     ,  1.0,    ,      ,       ,      ,      ,        ,        ,        ,        ,        ,        ,        ,        ,      
scharte01, 1974,     1, SDM , WHA , R  , 67.0,  3.0,   1.0,   4.0,  94.0, -6.0 ,  0.0,     ,  0.0,     ,     ,    ,  37.0,    7.0,   0.0,   0.0,     0.0,     0.0,        ,     0.0,        ,     0.0,        ,     0.0,      
scharte01, 1975,     1, IND , WHA , R  , 74.0,  7.0,  14.0,  21.0,  56.0, -8.0 ,  2.0,     ,  0.0,     ,  0.0,    ,  90.0,    7.0,   0.0,   0.0,     0.0,     5.0, 0.0    ,        ,        ,        ,        ,        ,      
scharte01, 1976,     1, EDO , WHA , R  ,  5.0,  0.0,   2.0,   2.0,  14.0, -1.0 ,  0.0,     ,  0.0,     ,  0.0,    ,  11.0,       ,      ,      ,        ,        ,        ,        ,        ,        ,        ,        ,      
schaspe01, 1999,     1, OTT , NHL , L  , 13.0,  2.0,   5.0,   7.0,   2.0, 4.0  ,  1.0,  1.0,  0.0,  0.0,  1.0, 0.0,  22.0,    1.0,   0.0,   0.0,     0.0,     0.0, 0.0    ,     0.0,     0.0,     0.0,     0.0,     0.0,     0.0
schaspe01, 2000,     1, OTT , NHL , L  , 17.0,  3.0,   2.0,   5.0,   6.0, -1.0 ,  0.0,  0.0,  0.0,  0.0,  0.0, 0.0,  32.0,       ,      ,      ,        ,        ,        ,        ,        ,        ,        ,        ,      
schaspe01, 2001,     1, OTT , NHL , L  ,  1.0,  0.0,   1.0,   1.0,   0.0, 1.0  ,  0.0,  0.0,  0.0,  0.0,  0.0, 0.0,   0.0,       ,      ,      ,        ,        ,        ,        ,        ,        ,        ,        ,      
schaspe01, 2002,     1, OTT , NHL , L  , 33.0,  9.0,  10.0,  19.0,   4.0, 3.0  ,  5.0,  3.0,  0.0,  0.0,  2.0, 0.0,  68.0,       ,      ,      ,        ,        ,        ,        ,        ,        ,        ,        ,      
schaspe01, 2003,     1, OTT , NHL , L  , 43.0,  2.0,   4.0,   6.0,  14.0, -1.0 ,  1.0,  0.0,  0.0,  0.0,  1.0, 0.0,  37.0,       ,      ,      ,        ,        ,        ,        ,        ,        ,        ,        ,      
schaspe01, 2003,     2, ANA , NHL , L  , 22.0,  2.0,   0.0,   2.0,   4.0, -3.0 ,  0.0,  0.0,  0.0,  0.0,  1.0, 0.0,  48.0,       ,      ,      ,        ,        ,        ,        ,        ,        ,        ,        ,      
scheljo01, 1970,     1, VAN , NHL , D  , 38.0,  0.0,   5.0,   5.0,  58.0, -5.0 ,  0.0,     ,  0.0,     ,  0.0, 0.0,  29.0,       ,      ,      ,        ,        ,        ,        ,        ,        ,        ,        ,      
scheljo01, 1971,     1, VAN , NHL , D  , 77.0,  2.0,  13.0,  15.0, 166.0, -29.0,  0.0,     ,  0.0,     ,  0.0, 0.0, 107.0,       ,      ,      ,        ,        ,        ,        ,        ,        ,        ,        ,      
scheljo01, 1972,     1, HOU , WHA , D  , 77.0,  2.0,  24.0,  26.0, 239.0,      ,  0.0,     ,  1.0,     ,     ,    ,      ,   10.0,   0.0,   2.0,     2.0,    12.0,        ,     0.0,        ,     0.0,        ,     0.0,      
scheljo01, 1973,     1, HOU , WHA , D  , 73.0, 12.0,  19.0,  31.0, 170.0,      ,  0.0,     ,  2.0,     ,  3.0,    ,      ,   14.0,   2.0,   6.0,     8.0,    42.0,        ,        ,        ,        ,        ,     0.0,      
scheljo01, 1974,     1, HOU , WHA , D  , 78.0, 10.0,  42.0,  52.0, 176.0, 43.0 ,  0.0,     ,  0.0,     ,     ,    , 222.0,   13.0,   0.0,   8.0,     8.0,    12.0,        ,        ,        ,        ,        ,     0.0,      
scheljo01, 1975,     1, HOU , WHA , D  , 74.0,  6.0,  32.0,  38.0, 106.0, 8.0  ,  0.0,     ,  0.0,     ,  0.0,    , 193.0,   17.0,   1.0,   6.0,     7.0,    38.0, -2.0   ,        ,        ,        ,        ,        ,      
scheljo01, 1976,     1, HOU , WHA , D  , 20.0,  0.0,   6.0,   6.0,  28.0, 8.0  ,  0.0,     ,  0.0,     ,  0.0,    ,  30.0,    6.0,   1.0,   2.0,     3.0,     6.0, 1.0    ,        ,        ,        ,        ,     0.0,      
scheljo01, 1977,     1, HOU , WHA , D  , 63.0,  9.0,  20.0,  29.0, 125.0, -2.0 ,  4.0,     ,  0.0,     ,     ,    , 139.0,    6.0,   0.0,   1.0,     1.0,    33.0, -8.0   ,        ,        ,        ,        ,     0.0,      
schenbr01, 2009,     1, LAK , NHL , C  ,  1.0,  0.0,   0.0,   0.0,   0.0, -1.0 ,  0.0,  0.0,  0.0,  0.0,  0.0,    ,   0.0,       ,      ,      ,        ,        ,        ,        ,        ,        ,        ,        ,      
schenlu01, 2008,     1, TOR , NHL , D  , 70.0,  2.0,  12.0,  14.0,  71.0, -12.0,  1.0,  0.0,  0.0,  0.0,  0.0,    , 102.0,       ,      ,      ,        ,        ,        ,        ,        ,        ,        ,        ,      
schenlu01, 2009,     1, TOR , NHL , D  , 79.0,  5.0,  12.0,  17.0,  50.0, 2.0  ,  0.0,  0.0,  0.0,  0.0,  1.0,    , 101.0,       ,      ,      ,        ,        ,        ,        ,        ,        ,        ,        ,      
scherch01, 1943,     1, BOS , NHL , L  ,  9.0,  1.0,   1.0,   2.0,   6.0,      ,     ,     ,     ,     ,     ,    ,      ,       ,      ,      ,        ,        ,        ,        ,        ,        ,        ,        ,      
scherch01, 1943,     2, NYR , NHL , C  ,  5.0,  3.0,   2.0,   5.0,  11.0,      ,     ,     ,     ,     ,     ,    ,      ,       ,      ,      ,        ,        ,        ,        ,        ,        ,        ,        ,      
scherch01, 1944,     1, NYR , NHL , L  , 22.0,  2.0,   3.0,   5.0,  18.0,      ,     ,     ,     ,     ,     ,    ,      ,       ,      ,      ,        ,        ,        ,        ,        ,        ,        ,        ,      
schinke01, 1959,     1, NYR , NHL , R  , 69.0, 13.0,  16.0,  29.0,  27.0,      ,     ,     ,     ,     ,     ,    ,      ,       ,      ,      ,        ,        ,        ,        ,        ,        ,        ,        ,      
schinke01, 1960,     1, NYR , NHL , R  , 38.0,  2.0,   6.0,   8.0,  18.0,      ,     ,     ,     ,     ,     ,    ,      ,       ,      ,      ,        ,        ,        ,        ,        ,        ,        ,        ,      
schinke01, 1961,     1, NYR , NHL , R  , 65.0,  7.0,  21.0,  28.0,  17.0,      ,     ,     ,     ,     ,     ,    ,      ,    2.0,   1.0,   0.0,     1.0,     0.0,        ,        ,        ,        ,        ,     0.0,      
schinke01, 1962,     1, NYR , NHL , R  , 69.0,  6.0,   9.0,  15.0,  15.0,      ,     ,     ,     ,     ,     ,    ,      ,       ,      ,      ,        ,        ,        ,        ,        ,        ,        ,        ,      
schinke01, 1963,     1, NYR , NHL , R  ,  4.0,  0.0,   0.0,   0.0,   0.0,      ,  0.0,     ,  0.0,     ,  0.0, 0.0,      ,       ,      ,      ,        ,        ,        ,        ,        ,        ,        ,        ,      
schinke01, 1966,     1, NYR , NHL , R  , 20.0,  6.0,   3.0,   9.0,   0.0,      ,  0.0,     ,  2.0,     ,  2.0, 1.0,      ,    4.0,   0.0,   1.0,     1.0,     0.0,        ,        ,        ,        ,        ,     0.0,      
schinke01, 1967,     1, PIT , NHL , R  , 57.0, 14.0,  25.0,  39.0,  19.0, -10.0,  2.0,     ,  0.0,     ,  3.0, 0.0, 185.0,       ,      ,      ,        ,        ,        ,        ,        ,        ,        ,        ,      
schinke01, 1968,     1, PIT , NHL , R  , 76.0, 18.0,  34.0,  52.0,  18.0, -39.0,  8.0,     ,  1.0,     ,  2.0, 1.0, 226.0,       ,      ,      ,        ,        ,        ,        ,        ,        ,        ,        ,      
schinke01, 1969,     1, PIT , NHL , R  , 72.0, 20.0,  25.0,  45.0,  19.0, -26.0,  4.0,     ,  0.0,     ,  5.0, 1.0, 225.0,   10.0,   4.0,   1.0,     5.0,     4.0,        ,     1.0,        ,     0.0,        ,     0.0,      
schinke01, 1970,     1, PIT , NHL , R  , 50.0, 15.0,  19.0,  34.0,   6.0, -19.0,  3.0,     ,  0.0,     ,  1.0, 1.0, 120.0,       ,      ,      ,        ,        ,        ,        ,        ,        ,        ,        ,      
schinke01, 1971,     1, PIT , NHL , R  , 74.0, 15.0,  30.0,  45.0,  10.0, -10.0,  1.0,     ,  0.0,     ,  1.0, 1.0, 154.0,    3.0,   2.0,   0.0,     2.0,     0.0,        ,     0.0,        ,     0.0,        ,     0.0,      
schinke01, 1972,     1, PIT , NHL , R  , 42.0, 11.0,  10.0,  21.0,  16.0, -10.0,  1.0,     ,  0.0,     ,  2.0, 0.0,  79.0,       ,      ,      ,        ,        ,        ,        ,        ,        ,        ,        ,      
schlebr01, 1991,     1, WAS , NHL , D  , 15.0,  0.0,   1.0,   1.0,   0.0, -4.0 ,  0.0,  0.0,  0.0,  0.0,  0.0, 0.0,   7.0,    7.0,   0.0,   1.0,     1.0,     2.0, 1.0    ,     0.0,     0.0,     0.0,     0.0,     0.0,     1.0
schlebr01, 1992,     1, WAS , NHL , D  ,  7.0,  0.0,   1.0,   1.0,   6.0, 1.0  ,  0.0,  0.0,  0.0,  0.0,  0.0, 0.0,   8.0,       ,      ,      ,        ,        ,        ,        ,        ,        ,        ,        ,      
schlebr01, 1993,     1, CAL , NHL , D  , 26.0,  1.0,   6.0,   7.0,   4.0, -4.0 ,  0.0,  1.0,  0.0,  0.0,  0.0, 0.0,  24.0,       ,      ,      ,        ,        ,        ,        ,        ,        ,        ,        ,      
schleda01, 2008,     1, PHO , NHL , D  ,  3.0,  0.0,   1.0,   1.0,   0.0, -2.0 ,  0.0,  1.0,  0.0,  0.0,  0.0,    ,   3.0,       ,      ,      ,        ,        ,        ,        ,        ,        ,        ,        ,      
schleda01, 2009,     1, PHO , NHL , D  , 17.0,  1.0,   4.0,   5.0,   8.0, 1.0  ,  0.0,  2.0,  0.0,  0.0,  0.0,    ,  19.0,       ,      ,      ,        ,        ,        ,        ,        ,        ,        ,        ,      
schlian01, 1981,     1, VAN , NHL , D  , 22.0,  0.0,   1.0,   1.0,  10.0, -11.0,  0.0,     ,  0.0,     ,  0.0, 0.0,  19.0,    3.0,   0.0,   0.0,     0.0,     0.0,        ,     0.0,        ,     0.0,        ,     0.0,      
schlian01, 1983,     1, VAN , NHL , D  , 51.0,  2.0,  10.0,  12.0,  48.0, -9.0 ,  0.0,     ,  0.0,     ,  0.0, 0.0,  62.0,    3.0,   0.0,   0.0,     0.0,     0.0, -2.0   ,     0.0,        ,     0.0,        ,     0.0,     5.0
schlian01, 1984,     1, VAN , NHL , D  , 11.0,  0.0,   0.0,   0.0,  16.0, -11.0,  0.0,     ,  0.0,     ,  0.0, 0.0,   6.0,       ,      ,      ,        ,        ,        ,        ,        ,        ,        ,        ,      
schmabo01, 1967,     1, CHI , NHL , R  , 13.0,  3.0,   2.0,   5.0,   6.0, 1.0  ,  0.0,     ,  0.0,     ,  1.0, 0.0,  27.0,   11.0,   2.0,   3.0,     5.0,     2.0,        ,     0.0,        ,     0.0,        ,     1.0,      
schmabo01, 1968,     1, CHI , NHL , R  , 63.0,  9.0,   7.0,  16.0,  37.0, -5.0 ,  3.0,     ,  0.0,     ,  1.0, 0.0,  81.0,       ,      ,      ,        ,        ,        ,        ,        ,        ,        ,        ,      
schmabo01, 1970,     1, VAN , NHL , R  , 26.0,  5.0,   5.0,  10.0,  14.0, 2.0  ,  0.0,     ,  0.0,     ,  0.0, 0.0,  64.0,       ,      ,      ,        ,        ,        ,        ,        ,        ,        ,        ,      
schmabo01, 1971,     1, VAN , NHL , R  , 60.0, 12.0,  13.0,  25.0,  82.0, -10.0,  1.0,     ,  0.0,     ,  0.0, 0.0, 137.0,       ,      ,      ,        ,        ,        ,        ,        ,        ,        ,        ,      
schmabo01, 1972,     1, VAN , NHL , R  , 77.0, 38.0,  33.0,  71.0, 137.0, -17.0,  5.0,     ,  0.0,     ,  5.0, 4.0, 263.0,       ,      ,      ,        ,        ,        ,        ,        ,        ,        ,        ,      
schmabo01, 1973,     1, VAN , NHL , R  , 49.0, 26.0,  19.0,  45.0,  58.0, 0.0  ,  8.0,     ,  2.0,     ,  3.0, 2.0, 164.0,       ,      ,      ,        ,        ,        ,        ,        ,        ,        ,        ,      
schmabo01, 1973,     2, BOS , NHL , R  , 27.0,  7.0,  13.0,  20.0,  31.0, 6.0  ,  1.0,     ,  0.0,     ,  1.0, 0.0,  62.0,   16.0,   3.0,   6.0,     9.0,    44.0,        ,     0.0,        ,     0.0,        ,     0.0,      
schmabo01, 1974,     1, BOS , NHL , R  , 56.0, 21.0,  30.0,  51.0,  63.0, 23.0 ,  1.0,     ,  0.0,     ,  2.0, 0.0, 156.0,    3.0,   1.0,   5.0,     6.0,     6.0,        ,     0.0,        ,     0.0,        ,     0.0,      
schmabo01, 1975,     1, BOS , NHL , R  , 75.0, 28.0,  34.0,  62.0, 116.0, 13.0 ,  7.0,     ,  0.0,     ,  7.0, 3.0, 243.0,   11.0,   2.0,   8.0,    10.0,    13.0,        ,     0.0,        ,     0.0,        ,     1.0,      
schmabo01, 1976,     1, BOS , NHL , R  , 57.0, 23.0,  29.0,  52.0,  62.0, 25.0 ,  4.0,     ,  0.0,     ,  2.0, 1.0, 177.0,   14.0,  11.0,   1.0,    12.0,    10.0,        ,     4.0,        ,     0.0,        ,     1.0,      
schmabo01, 1977,     1, BOS , NHL , R  , 54.0, 27.0,  27.0,  54.0,  87.0, 24.0 ,  4.0,     ,  3.0,     ,  6.0, 1.0, 174.0,   15.0,   7.0,   8.0,    15.0,    11.0,        ,     2.0,        ,     0.0,        ,     1.0,      
schmabo01, 1978,     1, BOS , NHL , R  , 65.0, 20.0,  22.0,  42.0,  77.0, -1.0 ,  6.0,     ,  1.0,     ,  4.0, 0.0, 199.0,   11.0,   2.0,   2.0,     4.0,     6.0,        ,     1.0,        ,     0.0,        ,     0.0,      
schmabo01, 1979,     1, BOS , NHL , R  , 20.0,  8.0,   6.0,  14.0,   8.0, -1.0 ,  4.0,     ,  0.0,     ,  0.0, 0.0,  40.0,       ,      ,      ,        ,        ,        ,        ,        ,        ,        ,        ,      
schmabo01, 1979,     2, EDM , NHL , R  , 29.0,  8.0,   8.0,  16.0,  20.0, -4.0 ,  2.0,     ,  0.0,     ,  0.0, 0.0,  46.0,       ,      ,      ,        ,        ,        ,        ,        ,        ,        ,        ,      
schmabo01, 1979,     3, COR , NHL , R  , 20.0,  9.0,   4.0,  13.0,  53.0, -10.0,  2.0,     ,  1.0,     ,  1.0, 1.0,  66.0,       ,      ,      ,        ,        ,        ,        ,        ,        ,        ,        ,      
schmabo01, 1980,     1, VAN , NHL , R  , 73.0, 27.0,  34.0,  61.0, 137.0, -5.0 ,  9.0,     ,  0.0,     ,  3.0, 2.0, 205.0,    3.0,   0.0,   0.0,     0.0,     0.0,        ,     0.0,        ,     0.0,        ,     0.0,      
schmacl01, 1970,     1, BUF , NHL , R  , 26.0,  5.0,   7.0,  12.0,  10.0, -11.0,  2.0,     ,  0.0,     ,  0.0, 0.0,  44.0,       ,      ,      ,        ,        ,        ,        ,        ,        ,        ,        ,      
schmacl01, 1970,     2, PHI , NHL , R  , 30.0,  8.0,  12.0,  20.0,  23.0, 3.0  ,  0.0,     ,  0.0,     ,  2.0, 0.0,  65.0,       ,      ,      ,        ,        ,        ,        ,        ,        ,        ,        ,      
schmich01, 2002,     1, LAK , NHL , C  , 10.0,  0.0,   2.0,   2.0,   5.0, -1.0 ,  0.0,  0.0,  0.0,  0.0,  0.0, 0.0,  10.0,       ,      ,      ,        ,        ,        ,        ,        ,        ,        ,        ,      
schmicl01, 1943,     1, BOS , NHL , L  ,  7.0,  1.0,   0.0,   1.0,   2.0,      ,     ,     ,     ,     ,     ,    ,      ,       ,      ,      ,        ,        ,        ,        ,        ,        ,        ,        ,      
schmija01, 1942,     1, BOS , NHL , R  , 45.0,  6.0,   7.0,  13.0,   6.0,      ,     ,     ,     ,     ,     ,    ,      ,    5.0,   0.0,   0.0,     0.0,     0.0,        ,        ,        ,        ,        ,        ,      
schmimi01, 1936,     1, BOS , NHL , C  , 26.0,  2.0,   8.0,  10.0,  15.0,      ,     ,     ,     ,     ,     ,    ,      ,    3.0,   0.0,   0.0,     0.0,     0.0,        ,        ,        ,        ,        ,        ,      
schmimi01, 1937,     1, BOS , NHL , C  , 44.0, 13.0,  14.0,  27.0,  15.0,      ,     ,     ,     ,     ,     ,    ,      ,    3.0,   0.0,   0.0,     0.0,     0.0,        ,        ,        ,        ,        ,        ,      
schmimi01, 1938,     1, BOS , NHL , C  , 41.0, 15.0,  17.0,  32.0,  13.0,      ,     ,     ,     ,     ,     ,    ,      ,   12.0,   3.0,   3.0,     6.0,     2.0,        ,        ,        ,        ,        ,        ,      
schmimi01, 1939,     1, BOS , NHL , C  , 48.0, 22.0,  30.0,  52.0,  37.0,      ,     ,     ,     ,     ,     ,    ,      ,    6.0,   0.0,   0.0,     0.0,     0.0,        ,        ,        ,        ,        ,        ,      
schmimi01, 1940,     1, BOS , NHL , C  , 45.0, 13.0,  25.0,  38.0,  23.0,      ,     ,     ,     ,     ,     ,    ,      ,   11.0,   5.0,   6.0,    11.0,     9.0,        ,        ,        ,        ,        ,        ,      
schmimi01, 1941,     1, BOS , NHL , C  , 36.0, 14.0,  21.0,  35.0,  34.0,      ,     ,     ,     ,     ,     ,    ,      ,       ,      ,      ,        ,        ,        ,        ,        ,        ,        ,        ,      
schmimi01, 1945,     1, BOS , NHL , C  , 48.0, 13.0,  18.0,  31.0,  21.0,      ,     ,     ,     ,     ,     ,    ,      ,   10.0,   3.0,   5.0,     8.0,     2.0,        ,        ,        ,        ,        ,        ,      
schmimi01, 1946,     1, BOS , NHL , C  , 59.0, 27.0,  35.0,  62.0,  40.0,      ,     ,     ,     ,     ,     ,    ,      ,    5.0,   3.0,   1.0,     4.0,     4.0,        ,        ,        ,        ,        ,        ,      
schmimi01, 1947,     1, BOS , NHL , C  , 33.0,  9.0,  17.0,  26.0,  28.0,      ,     ,     ,     ,     ,     ,    ,      ,    5.0,   2.0,   5.0,     7.0,     2.0,        ,        ,        ,        ,        ,        ,      
schmimi01, 1948,     1, BOS , NHL , C  , 44.0, 10.0,  22.0,  32.0,  25.0,      ,     ,     ,     ,     ,     ,    ,      ,    4.0,   0.0,   2.0,     2.0,     8.0,        ,        ,        ,        ,        ,        ,      
schmimi01, 1949,     1, BOS , NHL , C  , 68.0, 19.0,  22.0,  41.0,  41.0,      ,     ,     ,     ,     ,     ,    ,      ,       ,      ,      ,        ,        ,        ,        ,        ,        ,        ,        ,      
schmimi01, 1950,     1, BOS , NHL , C  , 62.0, 22.0,  39.0,  61.0,  33.0,      ,     ,     ,     ,     ,     ,    ,      ,    6.0,   0.0,   1.0,     1.0,     7.0,        ,        ,        ,        ,        ,        ,      
schmimi01, 1951,     1, BOS , NHL , C  , 69.0, 21.0,  29.0,  50.0,  57.0,      ,     ,     ,     ,     ,     ,    ,      ,    7.0,   2.0,   1.0,     3.0,     0.0,        ,        ,        ,        ,        ,        ,      
schmimi01, 1952,     1, BOS , NHL , C  , 68.0, 11.0,  23.0,  34.0,  30.0,      ,     ,     ,     ,     ,     ,    ,      ,   10.0,   5.0,   1.0,     6.0,     6.0,        ,        ,        ,        ,        ,        ,      
schmimi01, 1953,     1, BOS , NHL , C  , 62.0, 14.0,  18.0,  32.0,  28.0,      ,     ,     ,     ,     ,     ,    ,      ,    4.0,   1.0,   0.0,     1.0,    20.0,        ,        ,        ,        ,        ,        ,      
schmimi01, 1954,     1, BOS , NHL , C  , 23.0,  4.0,   8.0,  12.0,  26.0,      ,     ,     ,     ,     ,     ,    ,      ,       ,      ,      ,        ,        ,        ,        ,        ,        ,        ,        ,      
schmino01, 1983,     1, PIT , NHL , D  , 34.0,  6.0,  12.0,  18.0,  12.0, -1.0 ,  0.0,     ,  0.0,     ,  0.0, 0.0,  56.0,       ,      ,      ,        ,        ,        ,        ,        ,        ,        ,        ,      
schmino01, 1985,     1, PIT , NHL , D  , 66.0, 15.0,  14.0,  29.0,  57.0, 7.0  ,  3.0,     ,  0.0,     ,  0.0, 0.0, 141.0,       ,      ,      ,        ,        ,        ,        ,        ,        ,        ,        ,      
schmino01, 1986,     1, PIT , NHL , D  , 20.0,  1.0,   5.0,   6.0,   4.0, -8.0 ,  1.0,     ,  0.0,     ,  0.0, 0.0,  32.0,       ,      ,      ,        ,        ,        ,        ,        ,        ,        ,        ,      
schmino01, 1987,     1, PIT , NHL , D  ,  5.0,  1.0,   2.0,   3.0,   0.0, 1.0  ,  0.0,  2.0,  0.0,  0.0,  0.0, 0.0,  13.0,       ,      ,      ,        ,        ,        ,        ,        ,        ,        ,        ,      
schmiot01, 1943,     1, BOS , NHL , D  ,  2.0,  0.0,   0.0,   0.0,   0.0,      ,     ,     ,     ,     ,     ,    ,      ,       ,      ,      ,        ,        ,        ,        ,        ,        ,        ,        ,      
schnaro01, 2001,     1, NAS , NHL , D  ,  1.0,  0.0,   0.0,   0.0,   0.0, 0.0  ,  0.0,  0.0,  0.0,  0.0,  0.0, 0.0,   0.0,       ,      ,      ,        ,        ,        ,        ,        ,        ,        ,        ,      
schnaro01, 2002,     1, NAS , NHL , D  ,  1.0,  0.0,   0.0,   0.0,   0.0, 0.0  ,  0.0,  0.0,  0.0,  0.0,  0.0, 0.0,   0.0,       ,      ,      ,        ,        ,        ,        ,        ,        ,        ,        ,      
schnaro01, 2003,     1, NAS , NHL , D  , 20.0,  0.0,   3.0,   3.0,  34.0, 6.0  ,  0.0,  0.0,  0.0,  0.0,  0.0, 0.0,  10.0,       ,      ,      ,        ,        ,        ,        ,        ,        ,        ,        ,      
schnawe01, 1924,     1, BOS , NHL , F  , 25.0,  0.0,   0.0,   0.0,   0.0,      ,     ,     ,     ,     ,     ,    ,      ,       ,      ,      ,        ,        ,        ,        ,        ,        ,        ,        ,      
schnawe01, 1925,     1, BOS , NHL , F  ,  1.0,  0.0,   0.0,   0.0,   0.0,      ,     ,     ,     ,     ,     ,    ,      ,       ,      ,      ,        ,        ,        ,        ,        ,        ,        ,        ,      
schnean01, 1993,     1, OTT , NHL , L  , 10.0,  0.0,   0.0,   0.0,  15.0, -6.0 ,  0.0,  0.0,  0.0,  0.0,  0.0, 0.0,   4.0,       ,      ,      ,        ,        ,        ,        ,        ,        ,        ,        ,      
schnebu01, 1976,     1, BIR , WHA , L  ,  4.0,  0.0,   0.0,   0.0,   2.0, -2.0 ,  0.0,     ,  0.0,     ,  0.0,    ,   0.0,       ,      ,      ,        ,        ,        ,        ,        ,        ,        ,        ,      
schneco01, 2008,     1, VAN , NHL , G  ,  8.0,  0.0,   0.0,   0.0,   0.0, 0.0  ,  0.0,  0.0,  0.0,  0.0,  0.0,    ,   0.0,       ,      ,      ,        ,        ,        ,        ,        ,        ,        ,        ,      
schneco01, 2009,     1, VAN , NHL , G  ,  2.0,  0.0,   0.0,   0.0,   0.0, 0.0  ,  0.0,  0.0,  0.0,  0.0,  0.0,    ,   0.0,       ,      ,      ,        ,        ,        ,        ,        ,        ,        ,        ,      
schnema01, 1987,     1, MTL , NHL , D  ,  4.0,  0.0,   0.0,   0.0,   2.0, -1.0 ,  0.0,  0.0,  0.0,  0.0,  0.0, 0.0,   2.0,       ,      ,      ,        ,        ,        ,        ,        ,        ,        ,        ,      
schnema01, 1989,     1, MTL , NHL , D  , 44.0,  7.0,  14.0,  21.0,  25.0, 2.0  ,  5.0,  5.0,  0.0,  0.0,  1.0, 0.0,  84.0,    9.0,   1.0,   3.0,     4.0,    31.0, -3.0   ,     1.0,     0.0,     0.0,     0.0,     0.0,    14.0
schnema01, 1990,     1, MTL , NHL , D  , 69.0, 10.0,  20.0,  30.0,  63.0, 7.0  ,  5.0, 12.0,  0.0,  0.0,  3.0, 0.0, 164.0,   13.0,   2.0,   7.0,     9.0,    18.0, 2.0    ,     1.0,     5.0,     0.0,     0.0,     0.0,    33.0
schnema01, 1991,     1, MTL , NHL , D  , 78.0,  8.0,  24.0,  32.0,  72.0, 10.0 ,  2.0, 14.0,  0.0,  0.0,  1.0, 0.0, 194.0,   10.0,   1.0,   4.0,     5.0,     6.0, -2.0   ,     1.0,     2.0,     0.0,     0.0,     0.0,    27.0
schnema01, 1992,     1, MTL , NHL , D  , 60.0, 13.0,  31.0,  44.0,  91.0, 8.0  ,  3.0, 13.0,  0.0,  0.0,  2.0, 0.0, 169.0,   11.0,   1.0,   2.0,     3.0,    16.0, 10.0   ,     0.0,     1.0,     0.0,     0.0,     0.0,    24.0
schnema01, 1993,     1, MTL , NHL , D  , 75.0, 20.0,  32.0,  52.0,  62.0, 15.0 , 11.0, 16.0,  0.0,  1.0,  4.0, 0.0, 193.0,    1.0,   0.0,   0.0,     0.0,     0.0, 0.0    ,     0.0,     0.0,     0.0,     0.0,     0.0,     1.0
schnema01, 1994,     1, MTL , NHL , D  , 30.0,  5.0,  15.0,  20.0,  49.0, -3.0 ,  2.0,  8.0,  0.0,  0.0,  0.0, 0.0,  82.0,       ,      ,      ,        ,        ,        ,        ,        ,        ,        ,        ,      
schnema01, 1994,     2, NYI , NHL , D  , 13.0,  3.0,   6.0,   9.0,  30.0, -5.0 ,  1.0,  2.0,  0.0,  0.0,  2.0, 0.0,  36.0,       ,      ,      ,        ,        ,        ,        ,        ,        ,        ,        ,      
schnema01, 1995,     1, NYI , NHL , D  , 65.0, 11.0,  36.0,  47.0,  93.0, -18.0,  7.0, 28.0,  0.0,  0.0,  1.0, 0.0, 155.0,       ,      ,      ,        ,        ,        ,        ,        ,        ,        ,        ,      
schnema01, 1995,     2, TOR , NHL , D  , 13.0,  2.0,   5.0,   7.0,  10.0, -2.0 ,  0.0,  5.0,  0.0,  0.0,  0.0, 0.0,  36.0,    6.0,   0.0,   4.0,     4.0,     8.0, -7.0   ,     0.0,     4.0,     0.0,     0.0,     0.0,    13.0
schnema01, 1996,     1, TOR , NHL , D  , 26.0,  5.0,   7.0,  12.0,  20.0, 3.0  ,  1.0,  4.0,  0.0,  0.0,  1.0, 0.0,  63.0,       ,      ,      ,        ,        ,        ,        ,        ,        ,        ,        ,      
schnema01, 1997,     1, TOR , NHL , D  , 76.0, 11.0,  26.0,  37.0,  44.0, -12.0,  4.0, 14.0,  1.0,  0.0,  1.0, 0.0, 181.0,       ,      ,      ,        ,        ,        ,        ,        ,        ,        ,        ,      
schnema01, 1998,     1, NYR , NHL , D  , 75.0, 10.0,  24.0,  34.0,  71.0, -19.0,  5.0, 15.0,  0.0,  0.0,  2.0, 0.0, 159.0,       ,      ,      ,        ,        ,        ,        ,        ,        ,        ,        ,      
schnema01, 1999,     1, NYR , NHL , D  , 80.0, 10.0,  20.0,  30.0,  78.0, -6.0 ,  3.0, 11.0,  0.0,  0.0,  1.0, 1.0, 228.0,       ,      ,      ,        ,        ,        ,        ,        ,        ,        ,        ,      
schnema01, 2000,     1, LAK , NHL , D  , 73.0, 16.0,  35.0,  51.0,  56.0, 0.0  ,  7.0, 20.0,  1.0,  1.0,  2.0, 2.0, 183.0,   13.0,   0.0,   9.0,     9.0,    10.0, 4.0    ,     0.0,     4.0,     0.0,     0.0,     0.0,    34.0
schnema01, 2001,     1, LAK , NHL , D  , 55.0,  7.0,  23.0,  30.0,  68.0, 3.0  ,  4.0, 16.0,  0.0,  0.0,  0.0, 0.0, 123.0,    7.0,   0.0,   1.0,     1.0,    18.0, -8.0   ,     0.0,     0.0,     0.0,     0.0,     0.0,    12.0
schnema01, 2002,     1, LAK , NHL , D  , 65.0, 14.0,  29.0,  43.0,  57.0, 0.0  , 10.0, 19.0,  0.0,  0.0,  1.0, 0.0, 162.0,       ,      ,      ,        ,        ,        ,        ,        ,        ,        ,        ,      
schnema01, 2002,     2, DET , NHL , D  , 13.0,  2.0,   5.0,   7.0,  16.0, 2.0  ,  1.0,  1.0,  0.0,  1.0,  0.0, 0.0,  37.0,    4.0,   0.0,   0.0,     0.0,     6.0, -4.0   ,     0.0,     0.0,     0.0,     0.0,     0.0,    12.0
schnema01, 2003,     1, DET , NHL , D  , 78.0, 14.0,  32.0,  46.0,  56.0, 22.0 ,  4.0, 16.0,  1.0,  0.0,  4.0, 0.0, 165.0,   12.0,   1.0,   2.0,     3.0,     8.0, 2.0    ,     1.0,     1.0,     0.0,     0.0,     1.0,    32.0
schnema01, 2005,     1, DET , NHL , D  , 72.0, 21.0,  38.0,  59.0,  86.0, 33.0 , 11.0, 18.0,  0.0,  0.0,  4.0,    , 188.0,    6.0,   1.0,   7.0,     8.0,     6.0, -1.0   ,     0.0,     5.0,     0.0,     0.0,     0.0,    17.0
schnema01, 2006,     1, DET , NHL , D  , 68.0, 11.0,  41.0,  52.0,  66.0, 12.0 ,  2.0, 29.0,  1.0,  0.0,  2.0,    , 184.0,   11.0,   2.0,   4.0,     6.0,    16.0, 4.0    ,     1.0,     3.0,     0.0,     0.0,     1.0,    38.0
schnema01, 2007,     1, AND , NHL , D  , 65.0, 12.0,  27.0,  39.0,  50.0, 22.0 ,  5.0, 12.0,  0.0,  0.0,  2.0,    , 139.0,    6.0,   1.0,   0.0,     1.0,     8.0, -3.0   ,     0.0,     0.0,     0.0,     0.0,     0.0,     7.0
schnema01, 2008,     1, ATL , NHL , D  , 44.0,  4.0,  11.0,  15.0,  50.0, -10.0,  1.0,  3.0,  0.0,  1.0,  0.0,    ,  82.0,       ,      ,      ,        ,        ,        ,        ,        ,        ,        ,        ,      
schnema01, 2008,     2, MTL , NHL , D  , 23.0,  5.0,  12.0,  17.0,  14.0, -2.0 ,  5.0,  9.0,  0.0,  0.0,  2.0,    ,  46.0,    2.0,   0.0,   0.0,     0.0,     4.0, -2.0   ,     0.0,     0.0,     0.0,     0.0,     0.0,     5.0
schnema01, 2009,     1, VAN , NHL , D  , 17.0,  2.0,   3.0,   5.0,  12.0, 0.0  ,  1.0,  1.0,  0.0,  0.0,  0.0,    ,  14.0,       ,      ,      ,        ,        ,        ,        ,        ,        ,        ,        ,      
schnema01, 2009,     2, PHO , NHL , D  ,  8.0,  0.0,   4.0,   4.0,   4.0, 5.0  ,  0.0,  2.0,  0.0,  0.0,  0.0,    ,  23.0,    3.0,   1.0,   0.0,     1.0,     0.0, -1.0   ,     1.0,     0.0,     0.0,     0.0,     0.0,     3.0
schocda01, 1969,     1, BOS , NHL , L  ,     ,     ,      ,      ,      ,      ,     ,     ,     ,     ,     ,    ,      ,    1.0,   0.0,   0.0,     0.0,     0.0,        ,     0.0,        ,     0.0,        ,     0.0,      
schocda01, 1970,     1, BOS , NHL , L  ,  6.0,  0.0,   0.0,   0.0,   0.0, -1.0 ,  0.0,     ,  0.0,     ,  0.0, 0.0,   1.0,       ,      ,      ,        ,        ,        ,        ,        ,        ,        ,        ,      
schocda01, 1970,     2, PHI , NHL , L  , 14.0,  1.0,   2.0,   3.0,   0.0, 1.0  ,  0.0,     ,  0.0,     ,  0.0, 1.0,   7.0,       ,      ,      ,        ,        ,        ,        ,        ,        ,        ,        ,      
schocro01, 1963,     1, BOS , NHL , C  ,  5.0,  1.0,   2.0,   3.0,   0.0,      ,  0.0,     ,  0.0,     ,  0.0, 0.0,      ,       ,      ,      ,        ,        ,        ,        ,        ,        ,        ,        ,      
schocro01, 1964,     1, BOS , NHL , C  , 33.0,  4.0,   7.0,  11.0,  14.0,      ,  1.0,     ,  0.0,     ,  0.0, 0.0,      ,       ,      ,      ,        ,        ,        ,        ,        ,        ,        ,        ,      
schocro01, 1965,     1, BOS , NHL , C  , 24.0,  2.0,   2.0,   4.0,   6.0,      ,  1.0,     ,  0.0,     ,  0.0, 0.0,      ,       ,      ,      ,        ,        ,        ,        ,        ,        ,        ,        ,      
schocro01, 1966,     1, BOS , NHL , C  , 66.0, 10.0,  20.0,  30.0,   8.0,      ,  1.0,     ,  0.0,     ,  1.0, 0.0,      ,       ,      ,      ,        ,        ,        ,        ,        ,        ,        ,        ,      
schocro01, 1967,     1, STL , NHL , C  , 55.0,  9.0,   9.0,  18.0,  17.0, -17.0,  4.0,     ,  0.0,     ,  1.0, 0.0, 116.0,   12.0,   1.0,   2.0,     3.0,     0.0,        ,     0.0,        ,     0.0,        ,     1.0,      
schocro01, 1968,     1, STL , NHL , C  , 67.0, 12.0,  27.0,  39.0,  14.0, 3.0  ,  4.0,     ,  0.0,     ,  3.0, 1.0, 157.0,   12.0,   1.0,   2.0,     3.0,     6.0,        ,     0.0,        ,     0.0,        ,     0.0,      
schocro01, 1969,     1, PIT , NHL , C  , 76.0,  8.0,  21.0,  29.0,  40.0, -7.0 ,  4.0,     ,  1.0,     ,  1.0, 2.0, 160.0,   10.0,   1.0,   6.0,     7.0,     7.0,        ,     0.0,        ,     0.0,        ,     0.0,      
schocro01, 1970,     1, PIT , NHL , C  , 71.0, 14.0,  26.0,  40.0,  20.0, 2.0  ,  2.0,     ,  2.0,     ,  1.0, 4.0, 148.0,       ,      ,      ,        ,        ,        ,        ,        ,        ,        ,        ,      
schocro01, 1971,     1, PIT , NHL , C  , 77.0, 17.0,  29.0,  46.0,  22.0, -10.0,  3.0,     ,  2.0,     ,  1.0, 0.0, 151.0,    4.0,   1.0,   0.0,     1.0,     6.0,        ,     0.0,        ,     0.0,        ,     0.0,      
schocro01, 1972,     1, PIT , NHL , C  , 78.0, 13.0,  36.0,  49.0,  23.0, -12.0,  2.0,     ,  3.0,     ,  1.0, 1.0, 143.0,       ,      ,      ,        ,        ,        ,        ,        ,        ,        ,        ,      
schocro01, 1973,     1, PIT , NHL , C  , 77.0, 14.0,  29.0,  43.0,  22.0, -27.0,  0.0,     ,  2.0,     ,  3.0, 0.0, 138.0,       ,      ,      ,        ,        ,        ,        ,        ,        ,        ,        ,      
schocro01, 1974,     1, PIT , NHL , C  , 80.0, 23.0,  63.0,  86.0,  36.0, 22.0 ,  3.0,     ,  2.0,     ,  3.0, 0.0, 172.0,    9.0,   0.0,   4.0,     4.0,    10.0,        ,     0.0,        ,     0.0,        ,     0.0,      
schocro01, 1975,     1, PIT , NHL , C  , 80.0, 18.0,  44.0,  62.0,  28.0, 2.0  ,  2.0,     ,  1.0,     ,  3.0, 1.0, 161.0,    3.0,   0.0,   1.0,     1.0,     0.0,        ,     0.0,        ,     0.0,        ,     0.0,      
schocro01, 1976,     1, PIT , NHL , C  , 80.0, 17.0,  32.0,  49.0,  10.0, -6.0 ,  3.0,     ,  1.0,     ,  4.0, 2.0, 154.0,    3.0,   0.0,   1.0,     1.0,     0.0,        ,     0.0,        ,     0.0,        ,     0.0,      
schocro01, 1977,     1, BUF , NHL , C  , 40.0,  4.0,   4.0,   8.0,   0.0, -5.0 ,  0.0,     ,  0.0,     ,  2.0, 0.0,  19.0,    2.0,   0.0,   0.0,     0.0,     0.0,        ,     0.0,        ,     0.0,        ,     0.0,      
schoeji01, 1972,     1, BUF , NHL , D  , 66.0,  4.0,  15.0,  19.0, 178.0, 12.0 ,  1.0,     ,  0.0,     ,  0.0, 0.0,  91.0,    6.0,   2.0,   1.0,     3.0,     4.0,        ,     0.0,        ,     0.0,        ,     0.0,      
schoeji01, 1973,     1, BUF , NHL , D  , 28.0,  1.0,   8.0,   9.0,  56.0, -9.0 ,  0.0,     ,  0.0,     ,  0.0, 0.0,  49.0,       ,      ,      ,        ,        ,        ,        ,        ,        ,        ,        ,      
schoeji01, 1974,     1, BUF , NHL , D  , 68.0,  1.0,  19.0,  20.0, 184.0, 35.0 ,  0.0,     ,  0.0,     ,  0.0, 0.0, 148.0,   17.0,   1.0,   4.0,     5.0,    38.0,        ,     1.0,        ,     0.0,        ,     0.0,      
schoeji01, 1975,     1, BUF , NHL , D  , 56.0,  2.0,  22.0,  24.0, 114.0, 40.0 ,  0.0,     ,  0.0,     ,  0.0, 0.0, 112.0,    8.0,   0.0,   3.0,     3.0,    33.0,        ,     0.0,        ,     0.0,        ,     0.0,      
schoeji01, 1976,     1, BUF , NHL , D  , 65.0,  7.0,  25.0,  32.0,  97.0, 28.0 ,  2.0,     ,  0.0,     ,  2.0, 2.0, 181.0,    6.0,   0.0,   0.0,     0.0,    12.0,        ,     0.0,        ,     0.0,        ,     0.0,      
schoeji01, 1977,     1, BUF , NHL , D  , 60.0,  2.0,  20.0,  22.0,  89.0, 24.0 ,  0.0,     ,  0.0,     ,  0.0, 0.0, 114.0,    8.0,   0.0,   1.0,     1.0,    28.0,        ,     0.0,        ,     0.0,        ,     0.0,      
schoeji01, 1978,     1, BUF , NHL , D  , 46.0,  8.0,  17.0,  25.0,  67.0, 8.0  ,  6.0,     ,  0.0,     ,  0.0, 0.0,  99.0,    3.0,   0.0,   1.0,     1.0,     0.0,        ,     0.0,        ,     0.0,        ,     0.0,      
schoeji01, 1979,     1, BUF , NHL , D  , 77.0,  9.0,  27.0,  36.0,  72.0, 60.0 ,  4.0,     ,  0.0,     ,  1.0, 2.0, 114.0,   14.0,   0.0,   3.0,     3.0,    18.0,        ,     0.0,        ,     0.0,        ,     0.0,      
schoeji01, 1980,     1, BUF , NHL , D  , 71.0,  8.0,  25.0,  33.0, 110.0, 28.0 ,  3.0,     ,  0.0,     ,  0.0, 0.0, 101.0,    8.0,   0.0,   0.0,     0.0,    14.0,        ,     0.0,        ,     0.0,        ,     0.0,      
schoeji01, 1981,     1, BUF , NHL , D  , 13.0,  3.0,   2.0,   5.0,  30.0, 5.0  ,  0.0,     ,  0.0,     ,  1.0, 0.0,  21.0,       ,      ,      ,        ,        ,        ,        ,        ,        ,        ,        ,      
schoeji01, 1981,     2, DET , NHL , D  , 39.0,  5.0,   9.0,  14.0,  69.0, 2.0  ,  0.0,     ,  0.0,     ,  0.0, 1.0,  87.0,       ,      ,      ,        ,        ,        ,        ,        ,        ,        ,        ,      
schoeji01, 1982,     1, DET , NHL , D  , 57.0,  1.0,  10.0,  11.0,  18.0, -14.0,  0.0,     ,  0.0,     ,  1.0, 0.0,  68.0,       ,      ,      ,        ,        ,        ,        ,        ,        ,        ,        ,      
schoeji01, 1983,     1, BOS , NHL , D  , 39.0,  0.0,   2.0,   2.0,  20.0, 18.0 ,  0.0,     ,  0.0,     ,  0.0, 0.0,  35.0,       ,      ,      ,        ,        ,        ,        ,        ,        ,        ,        ,      
schoeji01, 1984,     1, BUF , NHL , D  , 34.0,  0.0,   3.0,   3.0,  28.0, 0.0  ,  0.0,     ,  0.0,     ,  0.0, 0.0,  37.0,    5.0,   0.0,   0.0,     0.0,     4.0, -2.0   ,     0.0,        ,     0.0,        ,     0.0,     2.0
schofdw01, 1976,     1, DET , NHL , D  ,  3.0,  1.0,   0.0,   1.0,   2.0, 0.0  ,  0.0,     ,  0.0,     ,  0.0, 1.0,   3.0,       ,      ,      ,        ,        ,        ,        ,        ,        ,        ,        ,      
schofdw01, 1982,     1, MTL , NHL , D  ,  2.0,  0.0,   0.0,   0.0,   7.0, 1.0  ,  0.0,     ,  0.0,     ,  0.0, 0.0,   0.0,       ,      ,      ,        ,        ,        ,        ,        ,        ,        ,        ,      
schofdw01, 1983,     1, STL , NHL , D  , 70.0,  4.0,  10.0,  14.0, 219.0, -3.0 ,  0.0,     ,  0.0,     ,  1.0, 0.0,  48.0,    4.0,   0.0,   0.0,     0.0,    26.0, -1.0   ,     0.0,        ,     0.0,        ,     0.0,    11.0
schofdw01, 1984,     1, STL , NHL , D  , 43.0,  1.0,   4.0,   5.0, 184.0, -4.0 ,  0.0,     ,  0.0,     ,  0.0, 0.0,  14.0,    2.0,   0.0,   0.0,     0.0,    15.0, 0.0    ,     0.0,        ,     0.0,        ,     0.0,     0.0
schofdw01, 1985,     1, WAS , NHL , D  , 50.0,  1.0,   2.0,   3.0, 127.0, 5.0  ,  0.0,     ,  0.0,     ,  0.0, 0.0,  13.0,    3.0,   0.0,   0.0,     0.0,    14.0, 2.0    ,     0.0,        ,     0.0,        ,     0.0,     1.0
schofdw01, 1986,     1, PIT , NHL , D  , 25.0,  1.0,   6.0,   7.0,  59.0, 4.0  ,  0.0,     ,  0.0,     ,  0.0, 0.0,   9.0,       ,      ,      ,        ,        ,        ,        ,        ,        ,        ,        ,      
schofdw01, 1987,     1, WIN , NHL , L  , 18.0,  0.0,   0.0,   0.0,  33.0, -3.0 ,  0.0,  0.0,  0.0,  0.0,  0.0, 0.0,   3.0,       ,      ,      ,        ,        ,        ,        ,        ,        ,        ,        ,      
schraji01, 1973,     1, EDO , WHA , C  , 34.0,  1.0,   1.0,   2.0,   0.0,      ,  0.0,     ,  0.0,     ,  0.0,    ,      ,    5.0,   0.0,   3.0,     3.0,     0.0,        ,        ,        ,        ,        ,     0.0,      
schrero01, 2006,     1, EDM , NHL , C  ,  1.0,  0.0,   0.0,   0.0,   0.0, 0.0  ,  0.0,  0.0,  0.0,  0.0,  0.0,    ,   2.0,       ,      ,      ,        ,        ,        ,        ,        ,        ,        ,        ,      
schrero01, 2007,     1, EDM , NHL , C  ,  2.0,  0.0,   0.0,   0.0,   0.0, -1.0 ,  0.0,  0.0,  0.0,  0.0,  0.0,    ,   3.0,       ,      ,      ,        ,        ,        ,        ,        ,        ,        ,        ,      
schrero01, 2008,     1, EDM , NHL , C  ,  4.0,  0.0,   3.0,   3.0,   2.0, 2.0  ,  0.0,  0.0,  0.0,  0.0,  0.0,    ,   3.0,       ,      ,      ,        ,        ,        ,        ,        ,        ,        ,        ,      
schrero01, 2009,     1, NYI , NHL , C  , 44.0,  7.0,  18.0,  25.0,   8.0, -4.0 ,  5.0,  5.0,  0.0,  0.0,  0.0,    ,  74.0,       ,      ,      ,        ,        ,        ,        ,        ,        ,        ,        ,      
schrewa01, 1987,     1, MNS , NHL , R  , 16.0,  6.0,   5.0,  11.0,   2.0, -4.0 ,  1.0,  1.0,  2.0,  0.0,  1.0, 0.0,  29.0,       ,      ,      ,        ,        ,        ,        ,        ,        ,        ,        ,      
schrewa01, 1988,     1, MNS , NHL , R  , 25.0,  2.0,   5.0,   7.0,  10.0, -5.0 ,  1.0,  4.0,  0.0,  0.0,  1.0, 0.0,  41.0,       ,      ,      ,        ,        ,        ,        ,        ,        ,        ,        ,      
schrisw01, 1934,     1, NYA , NHL , L  , 48.0, 18.0,  22.0,  40.0,   6.0,      ,     ,     ,     ,     ,     ,    ,      ,       ,      ,      ,        ,        ,        ,        ,        ,        ,        ,        ,      
schrisw01, 1935,     1, NYA , NHL , L  , 48.0, 19.0,  26.0,  45.0,   8.0,      ,     ,     ,     ,     ,     ,    ,      ,    5.0,   3.0,   1.0,     4.0,     2.0,        ,        ,        ,        ,        ,        ,      
schrisw01, 1936,     1, NYA , NHL , L  , 48.0, 21.0,  25.0,  46.0,  17.0,      ,     ,     ,     ,     ,     ,    ,      ,       ,      ,      ,        ,        ,        ,        ,        ,        ,        ,        ,      
schrisw01, 1937,     1, NYA , NHL , L  , 48.0, 21.0,  17.0,  38.0,  22.0,      ,     ,     ,     ,     ,     ,    ,      ,    6.0,   1.0,   0.0,     1.0,     0.0,        ,        ,        ,        ,        ,        ,      
schrisw01, 1938,     1, NYA , NHL , L  , 48.0, 13.0,  31.0,  44.0,  20.0,      ,     ,     ,     ,     ,     ,    ,      ,    2.0,   0.0,   0.0,     0.0,    30.0,        ,        ,        ,        ,        ,        ,      
schrisw01, 1939,     1, TOR , NHL , L  , 39.0, 11.0,  15.0,  26.0,  10.0,      ,     ,     ,     ,     ,     ,    ,      ,    9.0,   1.0,   3.0,     4.0,     4.0,        ,        ,        ,        ,        ,        ,      
schrisw01, 1940,     1, TOR , NHL , L  , 48.0, 24.0,  14.0,  38.0,   6.0,      ,     ,     ,     ,     ,     ,    ,      ,    7.0,   2.0,   1.0,     3.0,     4.0,        ,        ,        ,        ,        ,        ,      
schrisw01, 1941,     1, TOR , NHL , L  , 47.0, 20.0,  16.0,  36.0,  21.0,      ,     ,     ,     ,     ,     ,    ,      ,   13.0,   6.0,   3.0,     9.0,    10.0,        ,        ,        ,        ,        ,        ,      
schrisw01, 1942,     1, TOR , NHL , L  , 37.0, 19.0,  17.0,  36.0,  13.0,      ,     ,     ,     ,     ,     ,    ,      ,    4.0,   2.0,   2.0,     4.0,     0.0,        ,        ,        ,        ,        ,        ,      
schrisw01, 1944,     1, TOR , NHL , L  , 26.0, 22.0,  15.0,  37.0,  10.0,      ,     ,     ,     ,     ,     ,    ,      ,   13.0,   3.0,   1.0,     4.0,     4.0,        ,        ,        ,        ,        ,        ,      
schrisw01, 1945,     1, TOR , NHL , L  , 47.0, 13.0,   6.0,  19.0,  15.0,      ,     ,     ,     ,     ,     ,    ,      ,       ,      ,      ,        ,        ,        ,        ,        ,        ,        ,        ,      
schubch01, 2005,     1, OTT , NHL , D  , 56.0,  4.0,   6.0,  10.0,  48.0, 4.0  ,  0.0,  1.0,  1.0,  0.0,  0.0,    ,  72.0,    7.0,   0.0,   1.0,     1.0,     4.0, 3.0    ,     0.0,     0.0,     0.0,     0.0,     0.0,     9.0
schubch01, 2006,     1, OTT , NHL , D  , 80.0,  8.0,  17.0,  25.0,  56.0, 30.0 ,  1.0,  1.0,  0.0,  0.0,  1.0,    ,  97.0,   20.0,   0.0,   1.0,     1.0,    22.0, -5.0   ,     0.0,     0.0,     0.0,     0.0,     0.0,    16.0
schubch01, 2007,     1, OTT , NHL , D  , 82.0,  8.0,  16.0,  24.0,  64.0, 7.0  ,  1.0,  6.0,  0.0,  0.0,  0.0,    , 137.0,    4.0,   0.0,   0.0,     0.0,     8.0, 0.0    ,     0.0,     0.0,     0.0,     0.0,     0.0,     7.0
schubch01, 2008,     1, OTT , NHL , L  , 50.0,  3.0,   3.0,   6.0,  26.0, -8.0 ,  1.0,  1.0,  0.0,  0.0,  0.0,    ,  57.0,       ,      ,      ,        ,        ,        ,        ,        ,        ,        ,        ,      
schubch01, 2009,     1, ATL , NHL , D  , 47.0,  2.0,   5.0,   7.0,  69.0, -6.0 ,  0.0,  0.0,  0.0,  0.0,  0.0,    ,  73.0,       ,      ,      ,        ,        ,        ,        ,        ,        ,        ,        ,      
schulda01, 1971,     1, PHI , NHL , L  ,  1.0,  0.0,   0.0,   0.0,   0.0, 0.0  ,  0.0,     ,  0.0,     ,  0.0, 0.0,   0.0,       ,      ,      ,        ,        ,        ,        ,        ,        ,        ,        ,      
schulda01, 1972,     1, PHI , NHL , L  , 76.0,  9.0,  12.0,  21.0, 259.0, 4.0  ,  0.0,     ,  0.0,     ,  2.0, 0.0,  63.0,   11.0,   1.0,   0.0,     1.0,    51.0,        ,     0.0,        ,     0.0,        ,     0.0,      
schulda01, 1973,     1, PHI , NHL , L  , 73.0, 20.0,  16.0,  36.0, 348.0, 26.0 ,  2.0,     ,  0.0,     ,  3.0, 0.0,  95.0,   17.0,   2.0,   4.0,     6.0,   139.0,        ,     0.0,        ,     0.0,        ,     1.0,      
schulda01, 1974,     1, PHI , NHL , L  , 76.0,  9.0,  17.0,  26.0, 472.0, 16.0 ,  0.0,     ,  0.0,     ,  0.0, 0.0,  93.0,   17.0,   2.0,   3.0,     5.0,    83.0,        ,     0.0,        ,     0.0,        ,     0.0,      
schulda01, 1975,     1, PHI , NHL , L  , 71.0, 13.0,  19.0,  32.0, 307.0, 24.0 ,  0.0,     ,  0.0,     ,  3.0, 1.0,  91.0,   16.0,   2.0,   2.0,     4.0,    90.0,        ,     0.0,        ,     0.0,        ,     0.0,      
schulda01, 1976,     1, LAK , NHL , L  , 76.0, 10.0,  20.0,  30.0, 232.0, -8.0 ,  2.0,     ,  0.0,     ,  2.0, 0.0, 122.0,    9.0,   1.0,   1.0,     2.0,    45.0,        ,     1.0,        ,     0.0,        ,     0.0,      
schulda01, 1977,     1, LAK , NHL , L  ,  8.0,  2.0,   0.0,   2.0,  27.0, 1.0  ,  0.0,     ,  0.0,     ,  0.0, 0.0,  10.0,       ,      ,      ,        ,        ,        ,        ,        ,        ,        ,        ,      
schulda01, 1977,     2, PIT , NHL , L  , 66.0,  9.0,  25.0,  34.0, 378.0, -9.0 ,  0.0,     ,  0.0,     ,  1.0, 0.0, 102.0,       ,      ,      ,        ,        ,        ,        ,        ,        ,        ,        ,      
schulda01, 1978,     1, PIT , NHL , R  , 47.0,  4.0,   9.0,  13.0, 157.0, -2.0 ,  0.0,     ,  0.0,     ,  0.0, 1.0,  50.0,       ,      ,      ,        ,        ,        ,        ,        ,        ,        ,        ,      
schulda01, 1978,     2, BUF , NHL , L  , 28.0,  2.0,   3.0,   5.0,  86.0, -12.0,  0.0,     ,  0.0,     ,  0.0, 1.0,  16.0,    3.0,   0.0,   2.0,     2.0,     4.0,        ,     0.0,        ,     0.0,        ,     0.0,      
schulda01, 1979,     1, BUF , NHL , C  , 13.0,  1.0,   0.0,   1.0,  28.0, 0.0  ,  0.0,     ,  0.0,     ,  0.0, 0.0,   1.0,       ,      ,      ,        ,        ,        ,        ,        ,        ,        ,        ,      
schulje01, 2006,     1, VAN , NHL , R  ,  2.0,  0.0,   0.0,   0.0,   0.0, 0.0  ,  0.0,  0.0,  0.0,  0.0,  0.0,    ,   6.0,       ,      ,      ,        ,        ,        ,        ,        ,        ,        ,        ,      
schulje02, 2006,     1, WAS , NHL , D  , 38.0,  0.0,   3.0,   3.0,  16.0, 5.0  ,  0.0,  0.0,  0.0,  0.0,  0.0,    ,  22.0,       ,      ,      ,        ,        ,        ,        ,        ,        ,        ,        ,      
schulje02, 2007,     1, WAS , NHL , D  , 72.0,  5.0,  13.0,  18.0,  28.0, 12.0 ,  0.0,  0.0,  0.0,  0.0,  0.0,    ,  36.0,    2.0,   0.0,   0.0,     0.0,     2.0, -2.0   ,     0.0,     0.0,     0.0,     0.0,     0.0,     0.0
schulje02, 2008,     1, WAS , NHL , D  , 64.0,  1.0,  11.0,  12.0,  21.0, 13.0 ,  0.0,  0.0,  1.0,  0.0,  0.0,    ,  40.0,    1.0,   0.0,   0.0,     0.0,     0.0, -1.0   ,     0.0,     0.0,     0.0,     0.0,     0.0,     1.0
schulje02, 2009,     1, WAS , NHL , D  , 73.0,  3.0,  20.0,  23.0,  32.0, 50.0 ,  0.0,  0.0,  0.0,  0.0,  0.0,    ,  43.0,    7.0,   0.0,   1.0,     1.0,     4.0, -1.0   ,     0.0,     0.0,     0.0,     0.0,     0.0,     4.0
schulni01, 2001,     1, MIN , NHL , D  , 52.0,  4.0,   6.0,  10.0,  14.0, 0.0  ,  1.0,  3.0,  0.0,  0.0,  1.0, 0.0,  47.0,       ,      ,      ,        ,        ,        ,        ,        ,        ,        ,        ,      
schulni01, 2002,     1, MIN , NHL , D  , 75.0,  3.0,   7.0,  10.0,  23.0, 11.0 ,  0.0,  0.0,  0.0,  0.0,  1.0, 0.0,  70.0,   18.0,   0.0,   1.0,     1.0,    10.0, 5.0    ,     0.0,     0.0,     0.0,     0.0,     0.0,     5.0
schulni01, 2003,     1, MIN , NHL , D  , 79.0,  6.0,  10.0,  16.0,  16.0, 12.0 ,  1.0,  2.0,  0.0,  1.0,  0.0, 1.0,  72.0,       ,      ,      ,        ,        ,        ,        ,        ,        ,        ,        ,      
schulni01, 2005,     1, MIN , NHL , D  , 79.0,  2.0,  12.0,  14.0,  43.0, 2.0  ,  0.0,  0.0,  0.0,  1.0,  0.0,    ,  45.0,       ,      ,      ,        ,        ,        ,        ,        ,        ,        ,        ,      
schulni01, 2006,     1, MIN , NHL , D  , 82.0,  2.0,  10.0,  12.0,  42.0, 0.0  ,  0.0,  0.0,  0.0,  0.0,  1.0,    ,  69.0,    5.0,   0.0,   1.0,     1.0,     0.0, -3.0   ,     0.0,     0.0,     0.0,     0.0,     0.0,     4.0
schulni01, 2007,     1, MIN , NHL , D  , 81.0,  2.0,  13.0,  15.0,  42.0, 9.0  ,  0.0,  0.0,  0.0,  1.0,  0.0,    ,  52.0,    1.0,   0.0,   0.0,     0.0,     0.0, 0.0    ,     0.0,     0.0,     0.0,     0.0,     0.0,     0.0
schulni01, 2008,     1, MIN , NHL , D  , 79.0,  2.0,   9.0,  11.0,  31.0, -4.0 ,  0.0,  0.0,  0.0,  2.0,  0.0,    ,  48.0,       ,      ,      ,        ,        ,        ,        ,        ,        ,        ,        ,      
schulni01, 2009,     1, MIN , NHL , D  , 80.0,  1.0,  19.0,  20.0,  43.0, -8.0 ,  1.0,  2.0,  0.0,  2.0,  0.0,    ,  83.0,       ,      ,      ,        ,        ,        ,        ,        ,        ,        ,        ,      
schulpa01, 1993,     1, QUE , NHL , L  ,  1.0,  0.0,   0.0,   0.0,   2.0, 0.0  ,  0.0,  0.0,  0.0,  0.0,  0.0, 0.0,   0.0,       ,      ,      ,        ,        ,        ,        ,        ,        ,        ,        ,      
schulpa01, 1996,     1, CAL , NHL , L  ,  1.0,  0.0,   0.0,   0.0,   2.0, 1.0  ,  0.0,  0.0,  0.0,  0.0,  0.0, 0.0,   1.0,       ,      ,      ,        ,        ,        ,        ,        ,        ,        ,        ,      
schulra01, 1997,     1, NYI , NHL , D  , 13.0,  0.0,   1.0,   1.0,  45.0, 3.0  ,  0.0,  0.0,  0.0,  0.0,  0.0, 0.0,   4.0,       ,      ,      ,        ,        ,        ,        ,        ,        ,        ,        ,      
schulra01, 1998,     1, NYI , NHL , D  ,  4.0,  0.0,   0.0,   0.0,   7.0, -2.0 ,  0.0,  0.0,  0.0,  0.0,  0.0, 0.0,   2.0,       ,      ,      ,        ,        ,        ,        ,        ,        ,        ,        ,      
schulra01, 1999,     1, NYI , NHL , D  ,  9.0,  0.0,   1.0,   1.0,  30.0, 1.0  ,  0.0,  0.0,  0.0,  0.0,  0.0, 0.0,   2.0,       ,      ,      ,        ,        ,        ,        ,        ,        ,        ,        ,      
schulra01, 2000,     1, NYI , NHL , D  , 13.0,  0.0,   2.0,   2.0,  40.0, -1.0 ,  0.0,  0.0,  0.0,  0.0,  0.0, 0.0,   3.0,       ,      ,      ,        ,        ,        ,        ,        ,        ,        ,        ,      
schulra01, 2001,     1, NYI , NHL , D  ,  2.0,  0.0,   0.0,   0.0,   5.0, -1.0 ,  0.0,  0.0,  0.0,  0.0,  0.0, 0.0,   0.0,    2.0,   0.0,   0.0,     0.0,     2.0, 2.0    ,     0.0,     0.0,     0.0,     0.0,     0.0,     0.0
schulra01, 2002,     1, NYI , NHL , D  ,  4.0,  0.0,   0.0,   0.0,  28.0, -1.0 ,  0.0,  0.0,  0.0,  0.0,  0.0, 0.0,   1.0,       ,      ,      ,        ,        ,        ,        ,        ,        ,        ,        ,      
schurma01, 1979,     1, HAR , NHL , L  ,  7.0,  0.0,   0.0,   0.0,   0.0, -1.0 ,  0.0,     ,  0.0,     ,  0.0, 0.0,   5.0,       ,      ,      ,        ,        ,        ,        ,        ,        ,        ,        ,      
schutro01, 1977,     1, MTL , NHL , L  ,  2.0,  0.0,   0.0,   0.0,   0.0, 0.0  ,  0.0,     ,  0.0,     ,  0.0, 0.0,   0.0,       ,      ,      ,        ,        ,        ,        ,        ,        ,        ,        ,      
schutro01, 1978,     1, PIT , NHL , L  , 74.0, 24.0,  21.0,  45.0,  33.0, -9.0 ,  3.0,     ,  0.0,     ,  2.0, 1.0, 181.0,    7.0,   2.0,   0.0,     2.0,     4.0,        ,     0.0,        ,     0.0,        ,     0.0,      
schutro01, 1979,     1, PIT , NHL , L  , 73.0, 18.0,  21.0,  39.0,  43.0, -8.0 ,  3.0,     ,  0.0,     ,  2.0, 1.0, 170.0,    5.0,   2.0,   1.0,     3.0,     6.0,        ,     0.0,        ,     0.0,        ,     0.0,      
schutro01, 1980,     1, PIT , NHL , L  , 80.0, 25.0,  35.0,  60.0,  55.0, -13.0, 11.0,     ,  0.0,     ,  5.0, 0.0, 206.0,    5.0,   3.0,   3.0,     6.0,    16.0,        ,     1.0,        ,     0.0,        ,     1.0,      
schutro01, 1981,     1, PIT , NHL , L  , 35.0,  9.0,  12.0,  21.0,  42.0, 3.0  ,  0.0,     ,  0.0,     ,  3.0, 0.0,  73.0,    5.0,   1.0,   2.0,     3.0,     0.0,        ,     0.0,        ,     0.0,        ,     0.0,      
schutro01, 1982,     1, PIT , NHL , L  ,  5.0,  0.0,   0.0,   0.0,   0.0, -2.0 ,  0.0,     ,  0.0,     ,  0.0, 0.0,   6.0,       ,      ,      ,        ,        ,        ,        ,        ,        ,        ,        ,      
schutro01, 1983,     1, PIT , NHL , L  , 11.0,  1.0,   3.0,   4.0,   4.0, 0.0  ,  0.0,     ,  0.0,     ,  0.0, 0.0,  13.0,       ,      ,      ,        ,        ,        ,        ,        ,        ,        ,        ,      
schutro01, 1985,     1, TOR , NHL , L  ,  6.0,  0.0,   0.0,   0.0,   0.0, -2.0 ,  0.0,     ,  0.0,     ,  0.0, 0.0,   2.0,       ,      ,      ,        ,        ,        ,        ,        ,        ,        ,        ,      
schwaco01, 1995,     1, NJD , NHL , G  , 10.0,  0.0,   0.0,   0.0,  31.0, 0.0  ,  0.0,  0.0,  0.0,  0.0,  0.0, 0.0,   0.0,       ,      ,      ,        ,        ,        ,        ,        ,        ,        ,        ,      
schwaco01, 1996,     1, TBL , NHL , G  , 31.0,  0.0,   1.0,   1.0,  10.0, 0.0  ,  0.0,  0.0,  0.0,  0.0,  0.0, 0.0,   0.0,       ,      ,      ,        ,        ,        ,        ,        ,        ,        ,        ,      
schwaco01, 1997,     1, TBL , NHL , G  , 16.0,  0.0,   0.0,   0.0,   2.0, 0.0  ,  0.0,  0.0,  0.0,  0.0,  0.0, 0.0,   0.0,       ,      ,      ,        ,        ,        ,        ,        ,        ,        ,        ,      
schwaco01, 1998,     1, TBL , NHL , G  , 40.0,  0.0,   4.0,   4.0,   4.0, 0.0  ,  0.0,  0.0,  0.0,  1.0,  0.0, 0.0,   0.0,       ,      ,      ,        ,        ,        ,        ,        ,        ,        ,        ,      
schwaco01, 1999,     1, VAN , NHL , G  ,  6.0,  0.0,   0.0,   0.0,   2.0, 0.0  ,  0.0,  0.0,  0.0,  0.0,  0.0, 0.0,   0.0,       ,      ,      ,        ,        ,        ,        ,        ,        ,        ,        ,      
schwaco01, 2001,     1, TOR , NHL , G  , 30.0,  0.0,   0.0,   0.0,   2.0, 0.0  ,  0.0,  0.0,  0.0,  0.0,  0.0, 0.0,   0.0,    1.0,   0.0,   0.0,     0.0,     0.0, 0.0    ,     0.0,     0.0,     0.0,     0.0,     0.0,     0.0
schwaco01, 2002,     1, NJD , NHL , G  , 11.0,  0.0,   0.0,   0.0,   0.0, 0.0  ,  0.0,  0.0,  0.0,  0.0,  0.0, 0.0,   0.0,    2.0,   0.0,   0.0,     0.0,     0.0, 0.0    ,     0.0,     0.0,     0.0,     0.0,     0.0,     0.0
schwaco01, 2003,     1, NJD , NHL , G  ,  3.0,  0.0,   1.0,   1.0,   2.0, 0.0  ,  0.0,  0.0,  0.0,  0.0,  0.0, 0.0,   0.0,       ,      ,      ,        ,        ,        ,        ,        ,        ,        ,        ,      
schwama01, 2006,     1, STL , NHL , G  ,  2.0,  0.0,   0.0,   0.0,   0.0, 0.0  ,  0.0,  0.0,  0.0,  0.0,  0.0,    ,   0.0,       ,      ,      ,        ,        ,        ,        ,        ,        ,        ,        ,      
schwama01, 2007,     1, STL , NHL , G  ,  2.0,  0.0,   0.0,   0.0,   0.0, 0.0  ,  0.0,  0.0,  0.0,  0.0,  0.0,    ,   0.0,       ,      ,      ,        ,        ,        ,        ,        ,        ,        ,        ,      
schwama01, 2008,     1, STL , NHL , G  ,  2.0,  0.0,   0.0,   0.0,   0.0, 0.0  ,  0.0,  0.0,  0.0,  0.0,  0.0,    ,   0.0,       ,      ,      ,        ,        ,        ,        ,        ,        ,        ,        ,      
scisssc01, 1990,     1, NYI , NHL , C  ,  1.0,  0.0,   0.0,   0.0,   0.0, 0.0  ,  0.0,  0.0,  0.0,  0.0,  0.0, 0.0,   1.0,       ,      ,      ,        ,        ,        ,        ,        ,        ,        ,        ,      
scisssc01, 1992,     1, NYI , NHL , C  ,     ,     ,      ,      ,      ,      ,     ,     ,     ,     ,     ,    ,      ,    1.0,   0.0,   0.0,     0.0,     0.0, -1.0   ,     0.0,     0.0,     0.0,     0.0,     0.0,     0.0
scisssc01, 1993,     1, NYI , NHL , C  ,  1.0,  0.0,   0.0,   0.0,   0.0, 0.0  ,  0.0,  0.0,  0.0,  0.0,  0.0, 0.0,   0.0,       ,      ,      ,        ,        ,        ,        ,        ,        ,        ,        ,      
sclisen01, 1946,     1, DET , NHL , L  ,     ,     ,      ,      ,      ,      ,     ,     ,     ,     ,     ,    ,      ,    1.0,   0.0,   0.0,     0.0,     0.0,        ,        ,        ,        ,        ,        ,      
sclisen01, 1947,     1, DET , NHL , L  ,  4.0,  1.0,   0.0,   1.0,   0.0,      ,     ,     ,     ,     ,     ,    ,      ,    6.0,   0.0,   0.0,     0.0,     4.0,        ,        ,        ,        ,        ,        ,      
sclisen01, 1948,     1, DET , NHL , L  , 50.0,  9.0,   8.0,  17.0,  24.0,      ,     ,     ,     ,     ,     ,    ,      ,    6.0,   0.0,   0.0,     0.0,     2.0,        ,        ,        ,        ,        ,        ,      
sclisen01, 1949,     1, DET , NHL , L  ,  4.0,  0.0,   0.0,   0.0,   2.0,      ,     ,     ,     ,     ,     ,    ,      ,       ,      ,      ,        ,        ,        ,        ,        ,        ,        ,        ,      
sclisen01, 1951,     1, DET , NHL , L  ,  9.0,  2.0,   1.0,   3.0,   0.0,      ,     ,     ,     ,     ,     ,    ,      ,       ,      ,      ,        ,        ,        ,        ,        ,        ,        ,        ,      
sclisen01, 1952,     1, CHI , NHL , L  , 14.0,  0.0,   2.0,   2.0,   0.0,      ,     ,     ,     ,     ,     ,    ,      ,       ,      ,      ,        ,        ,        ,        ,        ,        ,        ,        ,      
scottga01, 1922,     1, TRS , NHL , R  , 17.0,  0.0,   0.0,   0.0,   0.0,      ,     ,     ,     ,     ,     ,    ,      ,       ,      ,      ,        ,        ,        ,        ,        ,        ,        ,        ,      
scottga01, 1923,     1, TRS , NHL , R  ,  4.0,  0.0,   0.0,   0.0,   0.0,      ,     ,     ,     ,     ,     ,    ,      ,       ,      ,      ,        ,        ,        ,        ,        ,        ,        ,        ,      
scottga01, 1923,     2, HAM , NHL , R  ,  4.0,  0.0,   0.0,   0.0,   0.0,      ,     ,     ,     ,     ,     ,    ,      ,       ,      ,      ,        ,        ,        ,        ,        ,        ,        ,        ,      
scottga01, 1924,     1, MTM , NHL , R  , 28.0,  1.0,   1.0,   2.0,   0.0,      ,     ,     ,     ,     ,     ,    ,      ,       ,      ,      ,        ,        ,        ,        ,        ,        ,        ,        ,      
scottga01, 1925,     1, EDE , WCHL, R  ,  7.0,  0.0,   0.0,   0.0,   0.0,      ,     ,     ,     ,     ,     ,    ,      ,       ,      ,      ,        ,        ,        ,        ,        ,        ,        ,        ,      
scottga01, 1925,     2, SAS , WCHL, R  ,  6.0,  0.0,   1.0,   1.0,   2.0,      ,     ,     ,     ,     ,     ,    ,      ,       ,      ,      ,        ,        ,        ,        ,        ,        ,        ,        ,      
scottha01, 1913,     1, TOO , NHA ,    ,  7.0,  4.0,   1.0,   5.0,   2.0,      ,     ,     ,     ,     ,     ,    ,      ,       ,      ,      ,        ,        ,        ,        ,        ,        ,        ,        ,      
scottha01, 1913,     2, MOC , NHA ,    , 11.0,  9.0,   2.0,  11.0,  44.0,      ,     ,     ,     ,     ,     ,    ,      ,    2.0,   1.0,      ,        ,        ,        ,        ,        ,        ,        ,        ,      
scottha01, 1914,     1, MOC , NHA ,    , 16.0,  8.0,   0.0,   8.0,  35.0,      ,     ,     ,     ,     ,     ,    ,      ,       ,      ,      ,        ,        ,        ,        ,        ,        ,        ,        ,      
scottjo01, 2008,     1, MIN , NHL , D  , 20.0,  0.0,   1.0,   1.0,  21.0, -1.0 ,  0.0,  0.0,  0.0,  0.0,  0.0,    ,   6.0,       ,      ,      ,        ,        ,        ,        ,        ,        ,        ,        ,      
scottjo01, 2009,     1, MIN , NHL , D  , 51.0,  1.0,   1.0,   2.0,  90.0, -3.0 ,  0.0,  0.0,  0.0,  0.0,  0.0,    ,  22.0,       ,      ,      ,        ,        ,        ,        ,        ,        ,        ,        ,      
scottla01, 1922,     1, SAC , WCHL, L  , 21.0,  7.0,   6.0,  13.0,   6.0,      ,     ,     ,     ,     ,     ,    ,      ,       ,      ,      ,        ,        ,        ,        ,        ,        ,        ,        ,      
scottla01, 1923,     1, SAC , WCHL, C  , 30.0, 20.0,   5.0,  25.0,   8.0,      ,     ,     ,     ,     ,     ,    ,      ,       ,      ,      ,        ,        ,        ,        ,        ,        ,        ,        ,      
scottla01, 1924,     1, SAS , WCHL, L  , 26.0, 12.0,   6.0,  18.0,  41.0,      ,     ,     ,     ,     ,     ,    ,      ,    2.0,   0.0,   0.0,     0.0,     2.0,        ,        ,        ,        ,        ,        ,      
scottla01, 1925,     1, SAS , WCHL, L  , 29.0, 11.0,   4.0,  15.0,  32.0,      ,     ,     ,     ,     ,     ,    ,      ,    2.0,   1.0,   0.0,     1.0,     2.0,        ,        ,        ,        ,        ,        ,      
scottla01, 1926,     1, NYA , NHL , L  , 39.0,  6.0,   2.0,   8.0,  22.0,      ,     ,     ,     ,     ,     ,    ,      ,       ,      ,      ,        ,        ,        ,        ,        ,        ,        ,        ,      
scottla01, 1927,     1, NYR , NHL , L  , 23.0,  0.0,   1.0,   1.0,   6.0,      ,     ,     ,     ,     ,     ,    ,      ,       ,      ,      ,        ,        ,        ,        ,        ,        ,        ,        ,      
scottri01, 2001,     1, NYR , NHL , L  ,  5.0,  0.0,   0.0,   0.0,   5.0, 0.0  ,  0.0,  0.0,  0.0,  0.0,  0.0, 0.0,   1.0,       ,      ,      ,        ,        ,        ,        ,        ,        ,        ,        ,      
scottri01, 2003,     1, NYR , NHL , L  ,  5.0,  0.0,   0.0,   0.0,  23.0, 0.0  ,  0.0,  0.0,  0.0,  0.0,  0.0, 0.0,   1.0,       ,      ,      ,        ,        ,        ,        ,        ,        ,        ,        ,      
scottro01, 1983,     1, NYR , NHL , G  ,  9.0,  0.0,   0.0,   0.0,   0.0, 0.0  ,  0.0,     ,  0.0,     ,  0.0, 0.0,   0.0,       ,      ,      ,        ,        ,        ,        ,        ,        ,        ,        ,      
scottro01, 1985,     1, NYR , NHL , G  ,  4.0,  0.0,   0.0,   0.0,   0.0, 0.0  ,  0.0,     ,  0.0,     ,  0.0, 0.0,   0.0,       ,      ,      ,        ,        ,        ,        ,        ,        ,        ,        ,      
scottro01, 1986,     1, NYR , NHL , G  ,  1.0,  0.0,   0.0,   0.0,   0.0, 0.0  ,  0.0,     ,  0.0,     ,  0.0, 0.0,   0.0,       ,      ,      ,        ,        ,        ,        ,        ,        ,        ,        ,      
scottro01, 1987,     1, NYR , NHL , G  ,  2.0,  0.0,   0.0,   0.0,   0.0, 0.0  ,  0.0,  0.0,  0.0,  0.0,  0.0, 0.0,   0.0,       ,      ,      ,        ,        ,        ,        ,        ,        ,        ,        ,      
scottro01, 1989,     1, LAK , NHL , G  , 12.0,  0.0,   0.0,   0.0,   2.0, 0.0  ,  0.0,  0.0,  0.0,  0.0,  0.0, 0.0,   0.0,    1.0,   0.0,   0.0,     0.0,     0.0, 0.0    ,     0.0,     0.0,     0.0,     0.0,     0.0,     0.0
scotttr01, 2000,     1, LAK , NHL , G  ,  1.0,  0.0,   0.0,   0.0,   0.0, 0.0  ,  0.0,  0.0,  0.0,  0.0,  0.0, 0.0,   0.0,       ,      ,      ,        ,        ,        ,        ,        ,        ,        ,        ,      
scovida01, 1999,     1, CAL , NHL , D  ,  6.0,  0.0,   0.0,   0.0,   2.0, 1.0  ,  0.0,  0.0,  0.0,  0.0,  0.0, 0.0,   1.0,       ,      ,      ,        ,        ,        ,        ,        ,        ,        ,        ,      
scovida01, 2002,     1, CBS , NHL , D  ,  2.0,  0.0,   0.0,   0.0,   4.0, 0.0  ,  0.0,  0.0,  0.0,  0.0,  0.0, 0.0,   1.0,       ,      ,      ,        ,        ,        ,        ,        ,        ,        ,        ,      
scovida01, 2003,     1, CBS , NHL , D  ,  8.0,  0.0,   1.0,   1.0,   6.0, -4.0 ,  0.0,  0.0,  0.0,  0.0,  0.0, 0.0,   5.0,       ,      ,      ,        ,        ,        ,        ,        ,        ,        ,        ,      
scremcl01, 1991,     1, SJS , NHL , D  , 13.0,  0.0,   0.0,   0.0,  25.0, -4.0 ,  0.0,  0.0,  0.0,  0.0,  0.0, 0.0,  18.0,       ,      ,      ,        ,        ,        ,        ,        ,        ,        ,        ,      
scremcl01, 1992,     1, SJS , NHL , D  ,  4.0,  0.0,   1.0,   1.0,   4.0, -1.0 ,  0.0,  0.0,  0.0,  0.0,  0.0, 0.0,   4.0,       ,      ,      ,        ,        ,        ,        ,        ,        ,        ,        ,      
scrutho01, 1982,     1, LAK , NHL , D  ,  4.0,  0.0,   4.0,   4.0,   9.0, -4.0 ,  0.0,     ,  0.0,     ,  0.0, 0.0,   4.0,       ,      ,      ,        ,        ,        ,        ,        ,        ,        ,        ,      
scudero01, 2003,     1, PIT , NHL , D  , 13.0,  1.0,   2.0,   3.0,   4.0, 2.0  ,  0.0,  0.0,  0.0,  0.0,  0.0, 0.0,   4.0,       ,      ,      ,        ,        ,        ,        ,        ,        ,        ,        ,      
scudero01, 2005,     1, PIT , NHL , D  , 57.0,  0.0,   4.0,   4.0,  36.0, -18.0,  0.0,  0.0,  0.0,  0.0,  0.0,    ,  28.0,       ,      ,      ,        ,        ,        ,        ,        ,        ,        ,        ,      
scudero01, 2006,     1, PIT , NHL , D  , 78.0,  1.0,  10.0,  11.0,  28.0, 3.0  ,  0.0,  0.0,  0.0,  1.0,  0.0,    ,  31.0,    5.0,   0.0,   0.0,     0.0,     2.0, -1.0   ,     0.0,     0.0,     0.0,     0.0,     0.0,     0.0
scudero01, 2007,     1, PIT , NHL , D  , 71.0,  0.0,   5.0,   5.0,  26.0, 3.0  ,  0.0,  0.0,  0.0,  0.0,  0.0,    ,  28.0,   20.0,   0.0,   3.0,     3.0,     2.0, 5.0    ,     0.0,     0.0,     0.0,     0.0,     0.0,     4.0
scudero01, 2008,     1, PIT , NHL , D  , 81.0,  1.0,  15.0,  16.0,  18.0, 23.0 ,  0.0,  0.0,  0.0,  0.0,  0.0,    ,  51.0,   24.0,   1.0,   4.0,     5.0,     6.0, 5.0    ,     0.0,     0.0,     0.0,     0.0,     0.0,     8.0
scudero01, 2009,     1, LAK , NHL , D  , 73.0,  0.0,  11.0,  11.0,  21.0, 16.0 ,  0.0,  0.0,  0.0,  0.0,  0.0,    ,  38.0,    6.0,   0.0,   0.0,     0.0,     6.0, -4.0   ,     0.0,     0.0,     0.0,     0.0,     0.0,     4.0
seaboji01, 1914,     1, VML , PCHA, D  ,  9.0,  3.0,   0.0,   3.0,   9.0,      ,     ,     ,     ,     ,     ,    ,      ,       ,      ,      ,        ,        ,        ,        ,        ,        ,        ,        ,      
seaboji01, 1915,     1, VML , PCHA, D  ,  6.0,  0.0,   1.0,   1.0,   6.0,      ,     ,     ,     ,     ,     ,    ,      ,       ,      ,      ,        ,        ,        ,        ,        ,        ,        ,        ,      
seaboji01, 1916,     1, VML , PCHA, D  ,  2.0,  0.0,   0.0,   0.0,   0.0,      ,     ,     ,     ,     ,     ,    ,      ,       ,      ,      ,        ,        ,        ,        ,        ,        ,        ,        ,      
seabrbr01, 2005,     1, CHI , NHL , D  , 69.0,  5.0,  27.0,  32.0,  60.0, 5.0  ,  1.0, 15.0,  0.0,  0.0,  2.0,    , 114.0,       ,      ,      ,        ,        ,        ,        ,        ,        ,        ,        ,      
seabrbr01, 2006,     1, CHI , NHL , D  , 81.0,  4.0,  20.0,  24.0, 104.0, -6.0 ,  0.0,  4.0,  0.0,  2.0,  0.0,    , 144.0,       ,      ,      ,        ,        ,        ,        ,        ,        ,        ,        ,      
seabrbr01, 2007,     1, CHI , NHL , D  , 82.0,  9.0,  23.0,  32.0,  90.0, 13.0 ,  4.0,  8.0,  0.0,  1.0,  2.0,    , 152.0,       ,      ,      ,        ,        ,        ,        ,        ,        ,        ,        ,      
seabrbr01, 2008,     1, CHI , NHL , D  , 82.0,  8.0,  18.0,  26.0,  62.0, 23.0 ,  3.0,  5.0,  1.0,  0.0,  1.0,    , 132.0,   17.0,   1.0,  11.0,    12.0,    14.0, 0.0    ,     1.0,     5.0,     0.0,     0.0,     0.0,    36.0
seabrbr01, 2009,     1, CHI , NHL , D  , 78.0,  4.0,  26.0,  30.0,  59.0, 20.0 ,  0.0,  6.0,  0.0,  2.0,  2.0,    , 129.0,   22.0,   4.0,   7.0,    11.0,    14.0, 8.0    ,     1.0,     0.0,     0.0,     2.0,     0.0,    39.0
seabrgl01, 1986,     1, PHI , NHL , C  , 10.0,  1.0,   4.0,   5.0,   2.0, 2.0  ,  0.0,     ,  0.0,     ,  0.0, 0.0,  10.0,       ,      ,      ,        ,        ,        ,        ,        ,        ,        ,        ,      
seabrgl01, 1987,     1, PHI , NHL , L  ,  6.0,  0.0,   1.0,   1.0,   2.0, -1.0 ,  0.0,  1.0,  0.0,  0.0,  0.0, 0.0,   3.0,       ,      ,      ,        ,        ,        ,        ,        ,        ,        ,        ,      
seabrgl01, 1988,     1, PHI , NHL , C  ,  3.0,  0.0,   1.0,   1.0,   0.0, -1.0 ,  0.0,  0.0,  0.0,  0.0,  0.0, 0.0,   0.0,       ,      ,      ,        ,        ,        ,        ,        ,        ,        ,        ,      
secoral01, 1978,     1, BOS , NHL , L  , 71.0, 16.0,   7.0,  23.0, 125.0, 7.0  ,  0.0,     ,  0.0,     ,  0.0, 1.0,  80.0,    4.0,   0.0,   0.0,     0.0,     4.0,        ,     0.0,        ,     0.0,        ,     0.0,      
secoral01, 1979,     1, BOS , NHL , L  , 77.0, 23.0,  16.0,  39.0, 170.0, 20.0 ,  1.0,     ,  0.0,     ,  2.0, 2.0, 155.0,   10.0,   0.0,   3.0,     3.0,    65.0,        ,     0.0,        ,     0.0,        ,     0.0,      
secoral01, 1980,     1, BOS , NHL , L  , 18.0,  0.0,   3.0,   3.0,  42.0, 2.0  ,  0.0,     ,  0.0,     ,  0.0, 0.0,  11.0,       ,      ,      ,        ,        ,        ,        ,        ,        ,        ,        ,      
secoral01, 1980,     2, CHI , NHL , L  , 41.0, 13.0,   9.0,  22.0, 145.0, -4.0 ,  3.0,     ,  0.0,     ,  2.0, 0.0, 111.0,    3.0,   4.0,   0.0,     4.0,    14.0,        ,     0.0,        ,     0.0,        ,     0.0,      
secoral01, 1981,     1, CHI , NHL , L  , 80.0, 44.0,  31.0,  75.0, 303.0, -17.0, 14.0,     ,  0.0,     ,  6.0, 0.0, 215.0,   15.0,   2.0,   5.0,     7.0,    61.0,        ,     2.0,        ,     0.0,        ,     1.0,      
secoral01, 1982,     1, CHI , NHL , L  , 80.0, 54.0,  32.0,  86.0, 180.0, 34.0 , 20.0,     ,  0.0,     ,  6.0, 2.0, 239.0,   12.0,   4.0,   7.0,    11.0,    66.0,        ,     1.0,        ,     0.0,        ,     0.0,      
secoral01, 1983,     1, CHI , NHL , L  , 14.0,  4.0,   4.0,   8.0,  77.0, 7.0  ,  1.0,     ,  0.0,     ,  3.0, 0.0,  35.0,    5.0,   3.0,   4.0,     7.0,    28.0, 1.0    ,     0.0,        ,     0.0,        ,     1.0,    12.0
secoral01, 1984,     1, CHI , NHL , L  , 51.0, 15.0,  11.0,  26.0, 193.0, 0.0  ,  6.0,     ,  0.0,     ,  2.0, 0.0, 110.0,   15.0,   7.0,   9.0,    16.0,    42.0, -2.0   ,     1.0,        ,     0.0,        ,     1.0,    33.0
secoral01, 1985,     1, CHI , NHL , L  , 80.0, 40.0,  36.0,  76.0, 201.0, 8.0  , 12.0,     ,  0.0,     ,  3.0, 1.0, 210.0,    2.0,   0.0,   2.0,     2.0,    26.0, -1.0   ,     0.0,        ,     0.0,        ,     0.0,     2.0
secoral01, 1986,     1, CHI , NHL , L  , 77.0, 29.0,  29.0,  58.0, 196.0, -20.0,  5.0,     ,  0.0,     ,  3.0, 0.0, 179.0,    4.0,   0.0,   0.0,     0.0,    21.0, -2.0   ,     0.0,        ,     0.0,        ,     0.0,     5.0
secoral01, 1987,     1, TOR , NHL , L  , 74.0, 15.0,  27.0,  42.0, 221.0, -21.0,  2.0,  7.0,  0.0,  0.0,  0.0, 0.0, 149.0,    3.0,   1.0,   0.0,     1.0,    16.0, -1.0   ,     0.0,     0.0,     0.0,     0.0,     0.0,     5.0
secoral01, 1988,     1, TOR , NHL , R  , 40.0,  5.0,  10.0,  15.0,  71.0, -13.0,  1.0,  2.0,  0.0,  0.0,  1.0, 0.0,  52.0,       ,      ,      ,        ,        ,        ,        ,        ,        ,        ,        ,      
secoral01, 1988,     2, PHI , NHL , R  , 20.0,  1.0,   0.0,   1.0,  38.0, -7.0 ,  0.0,  0.0,  0.0,  0.0,  0.0, 0.0,  15.0,   14.0,   0.0,   4.0,     4.0,    31.0, 2.0    ,     0.0,     0.0,     0.0,     0.0,     0.0,     8.0
secoral01, 1989,     1, CHI , NHL , L  , 43.0, 14.0,   7.0,  21.0, 131.0, 5.0  ,  1.0,  0.0,  0.0,  0.0,  0.0, 0.0,  68.0,   12.0,   0.0,   0.0,     0.0,     8.0, -2.0   ,     0.0,     0.0,     0.0,     0.0,     0.0,     6.0
sedinda01, 2000,     1, VAN , NHL , C  , 75.0, 20.0,  14.0,  34.0,  24.0, -3.0 , 10.0,  4.0,  0.0,  0.0,  3.0, 0.0, 127.0,    4.0,   1.0,   2.0,     3.0,     0.0, -1.0   ,     0.0,     0.0,     0.0,     0.0,     0.0,     4.0
sedinda01, 2001,     1, VAN , NHL , L  , 79.0,  9.0,  23.0,  32.0,  32.0, 1.0  ,  4.0,  5.0,  0.0,  0.0,  2.0, 0.0, 117.0,    6.0,   0.0,   1.0,     1.0,     0.0, 0.0    ,     0.0,     0.0,     0.0,     0.0,     0.0,     6.0
sedinda01, 2002,     1, VAN , NHL , L  , 79.0, 14.0,  17.0,  31.0,  34.0, 8.0  ,  4.0,  3.0,  0.0,  1.0,  2.0, 0.0, 134.0,   14.0,   1.0,   5.0,     6.0,     8.0, -2.0   ,     1.0,     4.0,     0.0,     0.0,     1.0,    22.0
sedinda01, 2003,     1, VAN , NHL , L  , 82.0, 18.0,  36.0,  54.0,  18.0, 18.0 ,  1.0, 15.0,  0.0,  0.0,  3.0, 0.0, 153.0,    7.0,   1.0,   2.0,     3.0,     0.0, 0.0    ,     1.0,     1.0,     0.0,     0.0,     0.0,    13.0
sedinda01, 2005,     1, VAN , NHL , L  , 82.0, 22.0,  49.0,  71.0,  34.0, 7.0  , 11.0, 21.0,  0.0,  2.0,  4.0,    , 204.0,       ,      ,      ,        ,        ,        ,        ,        ,        ,        ,        ,      
sedinda01, 2006,     1, VAN , NHL , L  , 81.0, 36.0,  48.0,  84.0,  36.0, 19.0 , 16.0, 18.0,  0.0,  0.0,  8.0,    , 236.0,   12.0,   2.0,   3.0,     5.0,     4.0, -5.0   ,     0.0,     1.0,     0.0,     0.0,     0.0,    49.0
sedinda01, 2007,     1, VAN , NHL , L  , 82.0, 29.0,  45.0,  74.0,  50.0, 6.0  , 12.0, 20.0,  0.0,  0.0,  7.0,    , 247.0,       ,      ,      ,        ,        ,        ,        ,        ,        ,        ,        ,      
sedinda01, 2008,     1, VAN , NHL , L  , 82.0, 31.0,  51.0,  82.0,  36.0, 24.0 ,  9.0, 15.0,  0.0,  0.0,  7.0,    , 285.0,   10.0,   4.0,   6.0,    10.0,     8.0, 4.0    ,     2.0,     3.0,     0.0,     0.0,     0.0,    36.0
sedinda01, 2009,     1, VAN , NHL , L  , 63.0, 29.0,  56.0,  85.0,  28.0, 36.0 ,  8.0, 13.0,  0.0,  0.0,  8.0,    , 225.0,   12.0,   5.0,   9.0,    14.0,    12.0, 4.0    ,     1.0,     3.0,     0.0,     0.0,     2.0,    38.0
sedinhe01, 2000,     1, VAN , NHL , L  , 82.0,  9.0,  20.0,  29.0,  38.0, -2.0 ,  2.0,  7.0,  0.0,  0.0,  1.0, 0.0,  98.0,    4.0,   0.0,   4.0,     4.0,     0.0, 1.0    ,     0.0,     1.0,     0.0,     0.0,     0.0,     3.0
sedinhe01, 2001,     1, VAN , NHL , C  , 82.0, 16.0,  20.0,  36.0,  36.0, 9.0  ,  3.0,  6.0,  0.0,  0.0,  1.0, 1.0,  78.0,    6.0,   3.0,   0.0,     3.0,     0.0, 0.0    ,     0.0,     0.0,     0.0,     0.0,     1.0,     7.0
sedinhe01, 2002,     1, VAN , NHL , C  , 78.0,  8.0,  31.0,  39.0,  38.0, 9.0  ,  4.0, 15.0,  1.0,  0.0,  1.0, 1.0,  81.0,   14.0,   3.0,   2.0,     5.0,     8.0, -2.0   ,     1.0,     1.0,     0.0,     0.0,     0.0,    15.0
sedinhe01, 2003,     1, VAN , NHL , C  , 76.0, 11.0,  31.0,  42.0,  32.0, 23.0 ,  2.0, 11.0,  0.0,  0.0,  2.0, 2.0,  99.0,    7.0,   2.0,   2.0,     4.0,     2.0, 0.0    ,     2.0,     1.0,     0.0,     0.0,     0.0,    11.0
sedinhe01, 2005,     1, VAN , NHL , C  , 82.0, 18.0,  57.0,  75.0,  56.0, 11.0 ,  5.0, 27.0,  1.0,  2.0,  0.0,    , 113.0,       ,      ,      ,        ,        ,        ,        ,        ,        ,        ,        ,      
sedinhe01, 2006,     1, VAN , NHL , C  , 82.0, 10.0,  71.0,  81.0,  66.0, 19.0 ,  1.0, 34.0,  0.0,  0.0,  2.0,    , 134.0,   12.0,   2.0,   2.0,     4.0,    14.0, -8.0   ,     1.0,     1.0,     0.0,     0.0,     1.0,    24.0
sedinhe01, 2007,     1, VAN , NHL , C  , 82.0, 15.0,  61.0,  76.0,  56.0, 6.0  ,  4.0, 25.0,  1.0,  0.0,  2.0,    , 141.0,       ,      ,      ,        ,        ,        ,        ,        ,        ,        ,        ,      
sedinhe01, 2008,     1, VAN , NHL , C  , 82.0, 22.0,  60.0,  82.0,  48.0, 22.0 ,  4.0, 22.0,  0.0,  0.0,  8.0,    , 143.0,   10.0,   4.0,   6.0,    10.0,     2.0, 2.0    ,     1.0,     4.0,     0.0,     0.0,     0.0,    19.0
sedinhe01, 2009,     1, VAN , NHL , C  , 82.0, 29.0,  83.0, 112.0,  48.0, 35.0 ,  4.0, 23.0,  2.0,  0.0,  5.0,    , 166.0,   12.0,   3.0,  11.0,    14.0,     6.0, 3.0    ,     0.0,     4.0,     0.0,     0.0,     1.0,    23.0
sedlbro01, 1974,     1, VAN , NHL , L  , 26.0,  3.0,   4.0,   7.0,  17.0, -4.0 ,  0.0,     ,  0.0,     ,  1.0, 0.0,  43.0,    5.0,   0.0,   0.0,     0.0,    10.0,        ,     0.0,        ,     0.0,        ,     0.0,      
sedlbro01, 1975,     1, VAN , NHL , L  , 56.0, 19.0,  13.0,  32.0,  66.0, -4.0 ,  5.0,     ,  0.0,     ,  3.0, 1.0, 135.0,    2.0,   0.0,   0.0,     0.0,     0.0,        ,     0.0,        ,     0.0,        ,     0.0,      
sedlbro01, 1976,     1, VAN , NHL , L  , 70.0, 18.0,  20.0,  38.0,  29.0, 12.0 ,  0.0,     ,  1.0,     ,  3.0, 2.0, 129.0,       ,      ,      ,        ,        ,        ,        ,        ,        ,        ,        ,      
sedlbro01, 1977,     1, VAN , NHL , L  , 62.0, 18.0,  12.0,  30.0,  25.0, -6.0 ,  1.0,     ,  0.0,     ,  1.0, 1.0, 119.0,       ,      ,      ,        ,        ,        ,        ,        ,        ,        ,        ,      
sedlbro01, 1978,     1, VAN , NHL , L  , 79.0, 40.0,  16.0,  56.0,  26.0, -34.0, 15.0,     ,  0.0,     ,  5.0, 2.0, 225.0,    3.0,   0.0,   1.0,     1.0,     9.0,        ,     0.0,        ,     0.0,        ,     0.0,      
sedlbro01, 1979,     1, VAN , NHL , L  , 32.0, 10.0,   4.0,  14.0,   7.0, -5.0 ,  0.0,     ,  0.0,     ,  0.0, 1.0,  74.0,       ,      ,      ,        ,        ,        ,        ,        ,        ,        ,        ,      
sedlbro01, 1979,     2, CHI , NHL , L  , 45.0, 13.0,  10.0,  23.0,  14.0, 1.0  ,  1.0,     ,  0.0,     ,  0.0, 1.0, 132.0,    7.0,   1.0,   1.0,     2.0,     6.0,        ,     1.0,        ,     0.0,        ,     1.0,      
sedlbro01, 1980,     1, CHI , NHL , L  , 39.0, 12.0,   3.0,  15.0,  12.0, -7.0 ,  3.0,     ,  0.0,     ,  0.0, 0.0,  69.0,       ,      ,      ,        ,        ,        ,        ,        ,        ,        ,        ,      
sedlbro01, 1980,     2, TOR , NHL , L  , 21.0, 10.0,   4.0,  14.0,  14.0, -3.0 ,  5.0,     ,  0.0,     ,  2.0, 0.0,  45.0,    2.0,   0.0,   1.0,     1.0,     2.0,        ,     0.0,        ,     0.0,        ,     0.0,      
seftest01, 1990,     1, WAS , NHL , L  ,  4.0,  0.0,   0.0,   0.0,   2.0, -2.0 ,  0.0,  0.0,  0.0,  0.0,  0.0, 0.0,   2.0,       ,      ,      ,        ,        ,        ,        ,        ,        ,        ,        ,      
segalbr01, 2008,     1, TBL , NHL , R  ,  2.0,  0.0,   0.0,   0.0,   0.0, 0.0  ,  0.0,  0.0,  0.0,  0.0,  0.0,    ,   2.0,       ,      ,      ,        ,        ,        ,        ,        ,        ,        ,        ,      
segalbr01, 2009,     1, LAK , NHL , R  , 25.0,  1.0,   1.0,   2.0,  20.0, 0.0  ,  0.0,  0.0,  0.0,  0.0,  0.0,    ,  24.0,       ,      ,      ,        ,        ,        ,        ,        ,        ,        ,        ,      
segalbr01, 2009,     2, DAL , NHL , R  , 19.0,  5.0,   5.0,  10.0,  18.0, 3.0  ,  0.0,  0.0,  0.0,  0.0,  2.0,    ,  31.0,       ,      ,      ,        ,        ,        ,        ,        ,        ,        ,        ,      
seguida01, 1970,     1, MNS , NHL , L  , 11.0,  1.0,   1.0,   2.0,   4.0, 1.0  ,  0.0,     ,  0.0,     ,  0.0, 0.0,   4.0,       ,      ,      ,        ,        ,        ,        ,        ,        ,        ,        ,      
seguida01, 1970,     2, VAN , NHL , L  , 25.0,  0.0,   5.0,   5.0,  46.0, -10.0,  0.0,     ,  0.0,     ,  0.0, 0.0,  17.0,       ,      ,      ,        ,        ,        ,        ,        ,        ,        ,        ,      
seguida01, 1973,     1, VAN , NHL , L  ,  1.0,  1.0,   0.0,   1.0,   0.0, 1.0  ,  0.0,     ,  0.0,     ,  0.0, 0.0,   3.0,       ,      ,      ,        ,        ,        ,        ,        ,        ,        ,        ,      
seguipa01, 1909,     1, LES , NHA ,    ,  2.0,  1.0,   0.0,   1.0,  12.0,      ,     ,     ,     ,     ,     ,    ,      ,       ,      ,      ,        ,        ,        ,        ,        ,        ,        ,        ,      
seguist01, 1984,     1, LAK , NHL , R  ,  5.0,  0.0,   0.0,   0.0,   9.0, -5.0 ,  0.0,     ,  0.0,     ,  0.0, 0.0,   5.0,       ,      ,      ,        ,        ,        ,        ,        ,        ,        ,        ,      
seibeea01, 1931,     1, NYR , NHL , D  , 46.0,  4.0,   6.0,  10.0,  88.0,      ,     ,     ,     ,     ,     ,    ,      ,    7.0,   1.0,   2.0,     3.0,    14.0,        ,        ,        ,        ,        ,        ,      
seibeea01, 1932,     1, NYR , NHL , D  , 45.0,  2.0,   3.0,   5.0,  92.0,      ,     ,     ,     ,     ,     ,    ,      ,    8.0,   1.0,   0.0,     1.0,    14.0,        ,        ,        ,        ,        ,        ,      
seibeea01, 1933,     1, NYR , NHL , D  , 48.0, 13.0,  10.0,  23.0,  66.0,      ,     ,     ,     ,     ,     ,    ,      ,    2.0,   0.0,   0.0,     0.0,     4.0,        ,        ,        ,        ,        ,        ,      
seibeea01, 1934,     1, NYR , NHL , D  , 48.0,  6.0,  19.0,  25.0,  86.0,      ,     ,     ,     ,     ,     ,    ,      ,    4.0,   0.0,   0.0,     0.0,     6.0,        ,        ,        ,        ,        ,        ,      
seibeea01, 1935,     1, NYR , NHL , D  , 17.0,  3.0,   3.0,   6.0,   6.0,      ,     ,     ,     ,     ,     ,    ,      ,       ,      ,      ,        ,        ,        ,        ,        ,        ,        ,        ,      
seibeea01, 1935,     2, CHI , NHL , D  , 15.0,  2.0,   6.0,   8.0,  19.0,      ,     ,     ,     ,     ,     ,    ,      ,    2.0,   2.0,   0.0,     2.0,     0.0,        ,        ,        ,        ,        ,        ,      
seibeea01, 1936,     1, CHI , NHL , D  , 43.0,  9.0,   6.0,  15.0,  46.0,      ,     ,     ,     ,     ,     ,    ,      ,       ,      ,      ,        ,        ,        ,        ,        ,        ,        ,        ,      
seibeea01, 1937,     1, CHI , NHL , D/R, 48.0,  8.0,  13.0,  21.0,  38.0,      ,     ,     ,     ,     ,     ,    ,      ,   10.0,   5.0,   2.0,     7.0,    12.0,        ,        ,        ,        ,        ,        ,      
seibeea01, 1938,     1, CHI , NHL , D  , 48.0,  4.0,  11.0,  15.0,  57.0,      ,     ,     ,     ,     ,     ,    ,      ,       ,      ,      ,        ,        ,        ,        ,        ,        ,        ,        ,      
seibeea01, 1939,     1, CHI , NHL , D  , 36.0,  3.0,   7.0,  10.0,  35.0,      ,     ,     ,     ,     ,     ,    ,      ,    2.0,   0.0,   1.0,     1.0,     8.0,        ,        ,        ,        ,        ,        ,      
seibeea01, 1940,     1, CHI , NHL , D  , 46.0,  3.0,  17.0,  20.0,  52.0,      ,     ,     ,     ,     ,     ,    ,      ,    5.0,   0.0,   0.0,     0.0,    12.0,        ,        ,        ,        ,        ,        ,      
seibeea01, 1941,     1, CHI , NHL , D  , 46.0,  7.0,  14.0,  21.0,  52.0,      ,     ,     ,     ,     ,     ,    ,      ,    3.0,   0.0,   0.0,     0.0,     0.0,        ,        ,        ,        ,        ,        ,      
seibeea01, 1942,     1, CHI , NHL , D  , 44.0,  5.0,  27.0,  32.0,  48.0,      ,     ,     ,     ,     ,     ,    ,      ,       ,      ,      ,        ,        ,        ,        ,        ,        ,        ,        ,      
seibeea01, 1943,     1, CHI , NHL , D  , 50.0,  8.0,  25.0,  33.0,  20.0,      ,     ,     ,     ,     ,     ,    ,      ,    9.0,   0.0,   2.0,     2.0,     2.0,        ,        ,        ,        ,        ,        ,      
seibeea01, 1944,     1, CHI , NHL , D  , 22.0,  7.0,   8.0,  15.0,  13.0,      ,     ,     ,     ,     ,     ,    ,      ,       ,      ,      ,        ,        ,        ,        ,        ,        ,        ,        ,      
seibeea01, 1944,     2, DET , NHL , D  , 25.0,  5.0,   9.0,  14.0,  10.0,      ,     ,     ,     ,     ,     ,    ,      ,   14.0,   2.0,   1.0,     3.0,     4.0,        ,        ,        ,        ,        ,        ,      
seibeea01, 1945,     1, DET , NHL , D  , 18.0,  0.0,   3.0,   3.0,  18.0,      ,     ,     ,     ,     ,     ,    ,      ,       ,      ,      ,        ,        ,        ,        ,        ,        ,        ,        ,      
seidede01, 2002,     1, PHI , NHL , D  , 58.0,  4.0,   9.0,  13.0,  20.0, 8.0  ,  1.0,  2.0,  0.0,  0.0,  0.0, 0.0, 123.0,       ,      ,      ,        ,        ,        ,        ,        ,        ,        ,        ,      
seidede01, 2003,     1, PHI , NHL , D  ,  5.0,  0.0,   0.0,   0.0,   2.0, -4.0 ,  0.0,  0.0,  0.0,  0.0,  0.0, 0.0,  14.0,    3.0,   0.0,   0.0,     0.0,     0.0, 1.0    ,     0.0,     0.0,     0.0,     0.0,     0.0,     2.0
seidede01, 2005,     1, PHI , NHL , D  , 29.0,  2.0,   5.0,   7.0,   4.0, -4.0 ,  1.0,  1.0,  0.0,  1.0,  0.0,    ,  34.0,       ,      ,      ,        ,        ,        ,        ,        ,        ,        ,        ,      
seidede01, 2005,     2, PHO , NHL , D  , 34.0,  1.0,  10.0,  11.0,  14.0, -9.0 ,  1.0,  6.0,  0.0,  0.0,  0.0,    ,  49.0,       ,      ,      ,        ,        ,        ,        ,        ,        ,        ,        ,      
seidede01, 2006,     1, PHO , NHL , D  , 32.0,  1.0,   1.0,   2.0,  16.0, -4.0 ,  0.0,  0.0,  0.0,  0.0,  0.0,    ,  36.0,       ,      ,      ,        ,        ,        ,        ,        ,        ,        ,        ,      
seidede01, 2006,     2, CAR , NHL , D  , 20.0,  1.0,   5.0,   6.0,   2.0, -12.0,  0.0,  0.0,  0.0,  0.0,  0.0,    ,  47.0,       ,      ,      ,        ,        ,        ,        ,        ,        ,        ,        ,      
seidede01, 2007,     1, CAR , NHL , D  , 47.0,  0.0,  15.0,  15.0,  18.0, 6.0  ,  0.0,  7.0,  0.0,  0.0,  0.0,    ,  80.0,       ,      ,      ,        ,        ,        ,        ,        ,        ,        ,        ,      
seidede01, 2008,     1, CAR , NHL , D  , 70.0,  5.0,  25.0,  30.0,  37.0, -9.0 ,  2.0,  9.0,  0.0,  0.0,  1.0,    , 129.0,   16.0,   1.0,   5.0,     6.0,    16.0, -5.0   ,     0.0,     0.0,     0.0,     0.0,     0.0,    18.0
seidede01, 2009,     1, FLO , NHL , D  , 62.0,  2.0,  21.0,  23.0,  33.0, -3.0 ,  1.0,  7.0,  0.0,  1.0,  0.0,    , 116.0,       ,      ,      ,        ,        ,        ,        ,        ,        ,        ,        ,      
seidede01, 2009,     2, BOS , NHL , D  , 17.0,  2.0,   7.0,   9.0,   6.0, 9.0  ,  1.0,  0.0,  0.0,  0.0,  1.0,    ,  37.0,       ,      ,      ,        ,        ,        ,        ,        ,        ,        ,        ,      
seiliri01, 1977,     1, BUF , NHL , R  , 80.0, 19.0,  19.0,  38.0,  33.0, 13.0 ,  2.0,     ,  0.0,     ,  4.0, 1.0, 114.0,    8.0,   0.0,   2.0,     2.0,     7.0,        ,     0.0,        ,     0.0,        ,     0.0,      
seiliri01, 1978,     1, BUF , NHL , R  , 78.0, 20.0,  22.0,  42.0,  56.0, 15.0 ,  2.0,     ,  0.0,     ,  4.0, 0.0, 136.0,    3.0,   0.0,   1.0,     1.0,     2.0,        ,     0.0,        ,     0.0,        ,     0.0,      
seiliri01, 1979,     1, BUF , NHL , R  , 80.0, 25.0,  35.0,  60.0,  54.0, 30.0 ,  5.0,     ,  1.0,     ,  2.0, 2.0, 155.0,   14.0,   5.0,   4.0,     9.0,     6.0,        ,     0.0,        ,     0.0,        ,     0.0,      
seiliri01, 1980,     1, BUF , NHL , R  , 74.0, 30.0,  27.0,  57.0,  80.0, 20.0 ,  2.0,     ,  1.0,     ,  4.0, 2.0, 140.0,    8.0,   2.0,   2.0,     4.0,     2.0,        ,     0.0,        ,     0.0,        ,     0.0,      
seiliri01, 1981,     1, BUF , NHL , R  , 57.0, 22.0,  25.0,  47.0,  58.0, 7.0  ,  7.0,     ,  1.0,     ,  3.0, 1.0, 112.0,    4.0,   1.0,   1.0,     2.0,     2.0,        ,     1.0,        ,     0.0,        ,     0.0,      
seiliri01, 1982,     1, BUF , NHL , R  , 75.0, 19.0,  22.0,  41.0,  41.0, 2.0  ,  6.0,     ,  0.0,     ,  2.0, 0.0, 127.0,   10.0,   2.0,   3.0,     5.0,     6.0,        ,     0.0,        ,     0.0,        ,     0.0,      
seiliri01, 1983,     1, BUF , NHL , C  , 78.0, 13.0,  22.0,  35.0,  42.0, 10.0 ,  0.0,     ,  3.0,     ,  0.0, 0.0, 135.0,    3.0,   0.0,   0.0,     0.0,     2.0, -3.0   ,     0.0,        ,     0.0,        ,     0.0,     2.0
seiliri01, 1984,     1, BUF , NHL , R  , 73.0, 16.0,  15.0,  31.0,  86.0, 30.0 ,  2.0,     ,  3.0,     ,  3.0, 0.0, 118.0,    5.0,   4.0,   1.0,     5.0,     4.0, 2.0    ,     0.0,        ,     0.0,        ,     0.0,    11.0
seiliri01, 1985,     1, BUF , NHL , R/C, 69.0, 12.0,  13.0,  25.0,  74.0, -5.0 ,  0.0,     ,  0.0,     ,  1.0, 0.0,  85.0,       ,      ,      ,        ,        ,        ,        ,        ,        ,        ,        ,      
seiliri01, 1986,     1, DET , NHL , R  , 74.0,  3.0,   8.0,  11.0,  49.0, -4.0 ,  0.0,     ,  0.0,     ,  0.0, 0.0,  35.0,    7.0,   0.0,   0.0,     0.0,     5.0, 1.0    ,     0.0,        ,     0.0,        ,     0.0,     3.0
seiliro01, 1962,     1, TOR , NHL , L/D,  1.0,  0.0,   1.0,   1.0,   0.0,      ,     ,     ,     ,     ,     ,    ,      ,       ,      ,      ,        ,        ,        ,        ,        ,        ,        ,        ,      
seiliro01, 1963,     1, NYR , NHL , D  ,  2.0,  0.0,   1.0,   1.0,   0.0,      ,  0.0,     ,  0.0,     ,  0.0, 0.0,      ,       ,      ,      ,        ,        ,        ,        ,        ,        ,        ,        ,      
seiliro01, 1964,     1, NYR , NHL , D  , 68.0,  4.0,  22.0,  26.0,  44.0,      ,  1.0,     ,  0.0,     ,  0.0, 0.0,      ,       ,      ,      ,        ,        ,        ,        ,        ,        ,        ,        ,      
seiliro01, 1965,     1, NYR , NHL , D  , 52.0,  5.0,  10.0,  15.0,  24.0,      ,  0.0,     ,  0.0,     ,  0.0, 0.0,      ,       ,      ,      ,        ,        ,        ,        ,        ,        ,        ,        ,      
seiliro01, 1966,     1, NYR , NHL , D  , 12.0,  1.0,   1.0,   2.0,   6.0,      ,  0.0,     ,  0.0,     ,  0.0, 0.0,      ,       ,      ,      ,        ,        ,        ,        ,        ,        ,        ,        ,      
seiliro01, 1967,     1, NYR , NHL , D  , 71.0,  5.0,  11.0,  16.0,  44.0, 23.0 ,  0.0,     ,  0.0,     ,  1.0, 0.0, 119.0,    6.0,   1.0,   1.0,     2.0,     4.0,        ,     0.0,        ,     0.0,        ,     0.0,      
seiliro01, 1968,     1, NYR , NHL , D  , 73.0,  4.0,  17.0,  21.0,  75.0, 6.0  ,  0.0,     ,  0.0,     ,  1.0, 0.0, 154.0,    4.0,   1.0,   0.0,     1.0,     2.0,        ,     0.0,        ,     0.0,        ,     0.0,      
seiliro01, 1969,     1, NYR , NHL , D  , 76.0,  5.0,  21.0,  26.0,  68.0, 41.0 ,  1.0,     ,  0.0,     ,  0.0, 0.0, 176.0,    2.0,   0.0,   0.0,     0.0,     0.0,        ,     0.0,        ,     0.0,        ,     0.0,      
seiliro01, 1970,     1, NYR , NHL , D  , 68.0,  5.0,  22.0,  27.0,  34.0, 30.0 ,  0.0,     ,  0.0,     ,  3.0, 0.0, 137.0,   13.0,   1.0,   0.0,     1.0,    12.0,        ,     0.0,        ,     0.0,        ,     0.0,      
seiliro01, 1971,     1, NYR , NHL , D  , 78.0,  5.0,  36.0,  41.0,  62.0, 53.0 ,  0.0,     ,  1.0,     ,  2.0, 0.0, 168.0,   16.0,   1.0,   4.0,     5.0,    10.0,        ,     1.0,        ,     0.0,        ,     0.0,      
seiliro01, 1972,     1, NYR , NHL , D  , 72.0,  9.0,  33.0,  42.0,  36.0, 43.0 ,  1.0,     ,  1.0,     ,  2.0, 0.0, 155.0,       ,      ,      ,        ,        ,        ,        ,        ,        ,        ,        ,      
seiliro01, 1973,     1, NYR , NHL , D  , 68.0,  7.0,  23.0,  30.0,  32.0, 16.0 ,  0.0,     ,  0.0,     ,  0.0, 1.0, 104.0,   13.0,   0.0,   2.0,     2.0,    19.0,        ,     0.0,        ,     0.0,        ,     0.0,      
seiliro01, 1974,     1, NYR , NHL , D  ,  4.0,  0.0,   1.0,   1.0,   0.0, -4.0 ,  0.0,     ,  0.0,     ,  0.0, 0.0,   4.0,       ,      ,      ,        ,        ,        ,        ,        ,        ,        ,        ,      
seiliro01, 1974,     2, WAS , NHL , D  ,  1.0,  0.0,   0.0,   0.0,   0.0, 0.0  ,  0.0,     ,  0.0,     ,  0.0, 0.0,   2.0,       ,      ,      ,        ,        ,        ,        ,        ,        ,        ,        ,      
seiliro01, 1974,     3, TOR , NHL , D  , 60.0,  5.0,  12.0,  17.0,  40.0, 8.0  ,  1.0,     ,  1.0,     ,  1.0, 0.0,  94.0,    7.0,   0.0,   0.0,     0.0,     0.0,        ,     0.0,        ,     0.0,        ,     0.0,      
seiliro01, 1975,     1, TOR , NHL , D  , 77.0,  3.0,  16.0,  19.0,  46.0, 11.0 ,  0.0,     ,  0.0,     ,  0.0, 0.0, 108.0,   10.0,   0.0,   1.0,     1.0,     6.0,        ,     0.0,        ,     0.0,        ,     0.0,      
seiliro01, 1976,     1, STL , NHL , D  , 79.0,  3.0,  26.0,  29.0,  36.0, 1.0  ,  2.0,     ,  0.0,     ,  1.0, 1.0, 142.0,    4.0,   0.0,   0.0,     0.0,     2.0,        ,     0.0,        ,     0.0,        ,     0.0,      
seiliro01, 1977,     1, STL , NHL , D  , 78.0,  1.0,  11.0,  12.0,  40.0, -48.0,  0.0,     ,  0.0,     ,  0.0, 0.0,  98.0,       ,      ,      ,        ,        ,        ,        ,        ,        ,        ,        ,      
seiliro01, 1978,     1, STL , NHL , D  ,  3.0,  0.0,   1.0,   1.0,   4.0, -1.0 ,  0.0,     ,  0.0,     ,  0.0, 0.0,   3.0,       ,      ,      ,        ,        ,        ,        ,        ,        ,        ,        ,      
seiliro01, 1978,     2, ATF , NHL , D  , 36.0,  0.0,   4.0,   4.0,  12.0, 8.0  ,  0.0,     ,  0.0,     ,  0.0, 0.0,  28.0,    2.0,   0.0,   0.0,     0.0,     0.0,        ,     0.0,        ,     0.0,        ,     0.0,      
sejbaji01, 1990,     1, BUF , NHL , L  , 11.0,  0.0,   2.0,   2.0,   8.0, -5.0 ,  0.0,  0.0,  0.0,  0.0,  0.0, 0.0,  10.0,       ,      ,      ,        ,        ,        ,        ,        ,        ,        ,        ,      
sejnape01, 2002,     1, STL , NHL , L  ,  1.0,  1.0,   0.0,   1.0,   0.0, 0.0  ,  1.0,  0.0,  0.0,  0.0,  0.0, 0.0,   3.0,       ,      ,      ,        ,        ,        ,        ,        ,        ,        ,        ,      
sejnape01, 2003,     1, STL , NHL , L  , 20.0,  2.0,   2.0,   4.0,   4.0, -9.0 ,  2.0,  2.0,  0.0,  0.0,  0.0, 0.0,  36.0,       ,      ,      ,        ,        ,        ,        ,        ,        ,        ,        ,      
sejnape01, 2005,     1, STL , NHL , L  ,  6.0,  1.0,   1.0,   2.0,   4.0, 1.0  ,  0.0,  0.0,  0.0,  0.0,  0.0,    ,   9.0,       ,      ,      ,        ,        ,        ,        ,        ,        ,        ,        ,      
sejnape01, 2006,     1, STL , NHL , L  , 22.0,  3.0,   1.0,   4.0,   4.0, 2.0  ,  0.0,  0.0,  0.0,  0.0,  0.0,    ,  34.0,       ,      ,      ,        ,        ,        ,        ,        ,        ,        ,        ,      
sekeran01, 2006,     1, BUF , NHL , D  ,  2.0,  0.0,   0.0,   0.0,   2.0, 1.0  ,  0.0,  0.0,  0.0,  0.0,  0.0,    ,   0.0,       ,      ,      ,        ,        ,        ,        ,        ,        ,        ,        ,      
sekeran01, 2007,     1, BUF , NHL , D  , 37.0,  2.0,   6.0,   8.0,  16.0, 5.0  ,  0.0,  3.0,  0.0,  0.0,  1.0,    ,  28.0,       ,      ,      ,        ,        ,        ,        ,        ,        ,        ,        ,      
sekeran01, 2008,     1, BUF , NHL , D  , 69.0,  3.0,  16.0,  19.0,  22.0, -11.0,  1.0,  4.0,  0.0,  0.0,  1.0,    ,  84.0,       ,      ,      ,        ,        ,        ,        ,        ,        ,        ,        ,      
sekeran01, 2009,     1, BUF , NHL , D  , 49.0,  4.0,   7.0,  11.0,   6.0, -1.0 ,  0.0,  1.0,  0.0,  0.0,  0.0,    ,  59.0,    6.0,   0.0,   0.0,     0.0,     7.0, 2.0    ,     0.0,     0.0,     0.0,     0.0,     0.0,     4.0
sekerlu01, 2000,     1, MIN , NHL , D  , 80.0, 11.0,  23.0,  34.0,  52.0, -8.0 ,  4.0,  8.0,  0.0,  1.0,  2.0, 0.0, 102.0,       ,      ,      ,        ,        ,        ,        ,        ,        ,        ,        ,      
sekerlu01, 2001,     1, MIN , NHL , D  , 69.0,  4.0,  20.0,  24.0,  38.0, -7.0 ,  4.0,  9.0,  0.0,  1.0,  1.0, 0.0,  82.0,       ,      ,      ,        ,        ,        ,        ,        ,        ,        ,        ,      
sekerlu01, 2002,     1, MIN , NHL , D  , 60.0,  2.0,   9.0,  11.0,  30.0, -12.0,  1.0,  4.0,  0.0,  0.0,  1.0, 0.0,  50.0,   15.0,   1.0,   1.0,     2.0,     6.0, -2.0   ,     1.0,     0.0,     0.0,     0.0,     1.0,    13.0
sekerlu01, 2003,     1, DAL , NHL , D  ,  4.0,  1.0,   1.0,   2.0,   2.0, 0.0  ,  0.0,  0.0,  0.0,  0.0,  0.0, 0.0,   2.0,       ,      ,      ,        ,        ,        ,        ,        ,        ,        ,        ,      
selante01, 1992,     1, WIN , NHL , R  , 84.0, 76.0,  56.0, 132.0,  45.0, 8.0  , 24.0, 25.0,  0.0,  0.0,  7.0, 0.0, 387.0,    6.0,   4.0,   2.0,     6.0,     2.0, -3.0   ,     2.0,     2.0,     0.0,     0.0,     2.0,    27.0
selante01, 1993,     1, WIN , NHL , R  , 51.0, 25.0,  29.0,  54.0,  22.0, -23.0, 11.0, 12.0,  0.0,  0.0,  2.0, 0.0, 191.0,       ,      ,      ,        ,        ,        ,        ,        ,        ,        ,        ,      
selante01, 1994,     1, WIN , NHL , R  , 45.0, 22.0,  26.0,  48.0,   2.0, 1.0  ,  8.0, 10.0,  2.0,  0.0,  1.0, 1.0, 167.0,       ,      ,      ,        ,        ,        ,        ,        ,        ,        ,        ,      
selante01, 1995,     1, WIN , NHL , R  , 51.0, 24.0,  48.0,  72.0,  18.0, 3.0  ,  6.0, 25.0,  1.0,  0.0,  4.0, 0.0, 163.0,       ,      ,      ,        ,        ,        ,        ,        ,        ,        ,        ,      
selante01, 1995,     2, ANA , NHL , R  , 28.0, 16.0,  20.0,  36.0,   4.0, 2.0  ,  3.0, 14.0,  0.0,  0.0,  1.0, 0.0, 104.0,       ,      ,      ,        ,        ,        ,        ,        ,        ,        ,        ,      
selante01, 1996,     1, ANA , NHL , R  , 78.0, 51.0,  58.0, 109.0,  34.0, 28.0 , 11.0, 21.0,  1.0,  0.0,  8.0, 2.0, 273.0,   11.0,   7.0,   3.0,    10.0,     4.0, -3.0   ,     3.0,     1.0,     0.0,     0.0,     1.0,    38.0
selante01, 1997,     1, ANA , NHL , R  , 73.0, 52.0,  34.0,  86.0,  30.0, 12.0 , 10.0,  7.0,  1.0,  1.0, 10.0, 3.0, 268.0,       ,      ,      ,        ,        ,        ,        ,        ,        ,        ,        ,      
selante01, 1998,     1, ANA , NHL , R  , 75.0, 47.0,  60.0, 107.0,  30.0, 18.0 , 25.0, 29.0,  0.0,  0.0,  7.0, 1.0, 281.0,    4.0,   2.0,   2.0,     4.0,     2.0, -1.0   ,     1.0,     1.0,     0.0,     0.0,     0.0,     7.0
selante01, 1999,     1, ANA , NHL , R  , 79.0, 33.0,  52.0,  85.0,  12.0, 6.0  ,  8.0, 23.0,  0.0,  0.0,  6.0, 2.0, 236.0,       ,      ,      ,        ,        ,        ,        ,        ,        ,        ,        ,      
selante01, 2000,     1, ANA , NHL , R  , 61.0, 26.0,  33.0,  59.0,  36.0, -8.0 , 10.0, 17.0,  0.0,  0.0,  5.0, 1.0, 202.0,       ,      ,      ,        ,        ,        ,        ,        ,        ,        ,        ,      
selante01, 2000,     2, SJS , NHL , R  , 12.0,  7.0,   6.0,  13.0,   0.0, 1.0  ,  2.0,  2.0,  0.0,  0.0,  2.0, 0.0,  31.0,    6.0,   0.0,   2.0,     2.0,     2.0, 2.0    ,     0.0,     0.0,     0.0,     0.0,     0.0,     5.0
selante01, 2001,     1, SJS , NHL , R  , 82.0, 29.0,  25.0,  54.0,  40.0, -11.0,  9.0, 12.0,  1.0,  0.0,  8.0, 0.0, 202.0,   12.0,   5.0,   3.0,     8.0,     2.0, -3.0   ,     2.0,     0.0,     0.0,     0.0,     1.0,    35.0
selante01, 2002,     1, SJS , NHL , R  , 82.0, 28.0,  36.0,  64.0,  30.0, -6.0 ,  7.0, 16.0,  0.0,  1.0,  5.0, 1.0, 253.0,       ,      ,      ,        ,        ,        ,        ,        ,        ,        ,        ,      
selante01, 2003,     1, COL , NHL , R  , 78.0, 16.0,  16.0,  32.0,  32.0, 2.0  ,  6.0,  3.0,  1.0,  0.0,  4.0, 0.0, 182.0,   10.0,   0.0,   3.0,     3.0,     2.0, -2.0   ,     0.0,     0.0,     0.0,     0.0,     0.0,     9.0
selante01, 2005,     1, ANA , NHL , R  , 80.0, 40.0,  50.0,  90.0,  44.0, 28.0 , 18.0, 22.0,  0.0,  0.0,  5.0,    , 267.0,   16.0,   6.0,   8.0,    14.0,     6.0, 0.0    ,     1.0,     4.0,     0.0,     0.0,     2.0,    53.0
selante01, 2006,     1, AND , NHL , R  , 82.0, 48.0,  46.0,  94.0,  82.0, 26.0 , 25.0, 23.0,  0.0,  0.0, 10.0,    , 257.0,   21.0,   5.0,  10.0,    15.0,    10.0, 1.0    ,     0.0,     6.0,     0.0,     0.0,     2.0,    60.0
selante01, 2007,     1, AND , NHL , R  , 26.0, 12.0,  11.0,  23.0,   8.0, 5.0  ,  7.0,  5.0,  0.0,  0.0,  2.0,    ,  87.0,    6.0,   2.0,   2.0,     4.0,     6.0, -1.0   ,     2.0,     1.0,     0.0,     0.0,     1.0,    20.0
selante01, 2008,     1, AND , NHL , R  , 65.0, 27.0,  27.0,  54.0,  36.0, -3.0 , 16.0, 12.0,  0.0,  0.0,  5.0,    , 186.0,   13.0,   4.0,   2.0,     6.0,     4.0, -2.0   ,     2.0,     1.0,     0.0,     0.0,     1.0,    31.0
selante01, 2009,     1, AND , NHL , R  , 54.0, 27.0,  21.0,  48.0,  16.0, 3.0  , 14.0, 13.0,  0.0,  0.0,  5.0,    , 173.0,       ,      ,      ,        ,        ,        ,        ,        ,        ,        ,        ,      
selbybr01, 1964,     1, TOR , NHL , L  ,  3.0,  2.0,   0.0,   2.0,   2.0,      ,  0.0,     ,  0.0,     ,  1.0, 1.0,      ,       ,      ,      ,        ,        ,        ,        ,        ,        ,        ,        ,      
selbybr01, 1965,     1, TOR , NHL , L  , 61.0, 14.0,  13.0,  27.0,  26.0,      ,  1.0,     ,  0.0,     ,  2.0, 0.0,      ,    4.0,   0.0,   0.0,     0.0,     0.0,        ,        ,        ,        ,        ,     0.0,      
selbybr01, 1966,     1, TOR , NHL , L  ,  6.0,  1.0,   1.0,   2.0,   0.0,      ,  0.0,     ,  0.0,     ,  0.0, 0.0,      ,       ,      ,      ,        ,        ,        ,        ,        ,        ,        ,        ,      
selbybr01, 1967,     1, PHI , NHL , L  , 56.0, 15.0,  15.0,  30.0,  24.0, -3.0 ,  4.0,     ,  0.0,     ,  1.0, 2.0,  88.0,    7.0,   1.0,   1.0,     2.0,     4.0,        ,     0.0,        ,     0.0,        ,     0.0,      
selbybr01, 1968,     1, PHI , NHL , L  , 63.0, 10.0,  13.0,  23.0,  23.0, -11.0,  1.0,     ,  0.0,     ,  3.0, 0.0, 116.0,       ,      ,      ,        ,        ,        ,        ,        ,        ,        ,        ,      
selbybr01, 1968,     2, TOR , NHL , L  , 14.0,  2.0,   2.0,   4.0,  19.0, 0.0  ,  0.0,     ,  0.0,     ,  0.0, 0.0,  18.0,    4.0,   0.0,   0.0,     0.0,     4.0,        ,     0.0,        ,     0.0,        ,     0.0,      
selbybr01, 1969,     1, TOR , NHL , L  , 74.0, 10.0,  13.0,  23.0,  40.0, -5.0 ,  1.0,     ,  1.0,     ,  3.0, 1.0,  88.0,       ,      ,      ,        ,        ,        ,        ,        ,        ,        ,        ,      
selbybr01, 1970,     1, TOR , NHL , L  , 11.0,  0.0,   1.0,   1.0,   6.0, -3.0 ,  0.0,     ,  0.0,     ,  0.0, 0.0,   7.0,       ,      ,      ,        ,        ,        ,        ,        ,        ,        ,        ,      
selbybr01, 1970,     2, STL , NHL , L  , 56.0,  1.0,   4.0,   5.0,  23.0, -10.0,  0.0,     ,  0.0,     ,  0.0, 0.0,  33.0,    1.0,   0.0,   0.0,     0.0,     0.0,        ,     0.0,        ,     0.0,        ,     0.0,      
selbybr01, 1971,     1, STL , NHL , L  ,  6.0,  0.0,   0.0,   0.0,   8.0, -2.0 ,  0.0,     ,  0.0,     ,  0.0, 0.0,   7.0,       ,      ,      ,        ,        ,        ,        ,        ,        ,        ,        ,      
selbybr01, 1972,     1, QUN , WHA , L  ,  7.0,  0.0,   1.0,   1.0,   4.0,      ,  0.0,     ,  0.0,     ,     ,    ,      ,       ,      ,      ,        ,        ,        ,        ,        ,        ,        ,        ,      
selbybr01, 1972,     2, NEW , WHA , L  , 65.0, 13.0,  29.0,  42.0,  48.0,      ,  2.0,     ,  0.0,     ,     ,    ,      ,   13.0,   3.0,   4.0,     7.0,    13.0,        ,     1.0,        ,     0.0,        ,     1.0,      
selbybr01, 1973,     1, TOT , WHA , L  , 64.0,  9.0,  17.0,  26.0,  21.0,      ,  3.0,     ,  0.0,     ,  1.0,    ,      ,   10.0,   1.0,   3.0,     4.0,     2.0,        ,        ,        ,        ,        ,     0.0,      
selbybr01, 1974,     1, TOT , WHA , L  , 17.0,  1.0,   4.0,   5.0,   0.0,      ,  0.0,     ,  0.0,     ,     ,    ,  14.0,       ,      ,      ,        ,        ,        ,        ,        ,        ,        ,        ,      
selfst01 , 1976,     1, WAS , NHL , C  ,  3.0,  0.0,   0.0,   0.0,   0.0, -3.0 ,  0.0,     ,  0.0,     ,  0.0, 0.0,   3.0,       ,      ,      ,        ,        ,        ,        ,        ,        ,        ,        ,      
selival01, 1994,     1, TBL , NHL , R  , 43.0, 10.0,   6.0,  16.0,  14.0, -2.0 ,  4.0,  1.0,  0.0,  0.0,  3.0, 0.0,  94.0,       ,      ,      ,        ,        ,        ,        ,        ,        ,        ,        ,      
selival01, 1995,     1, TBL , NHL , R  , 79.0, 31.0,  21.0,  52.0,  93.0, 3.0  , 13.0,  5.0,  0.0,  0.0,  5.0, 2.0, 215.0,    6.0,   2.0,   2.0,     4.0,     6.0, 2.0    ,     0.0,     0.0,     0.0,     0.0,     1.0,    22.0
selival01, 1996,     1, TBL , NHL , R  , 69.0, 15.0,  18.0,  33.0,  61.0, -3.0 ,  3.0,  5.0,  0.0,  0.0,  4.0, 0.0, 187.0,       ,      ,      ,        ,        ,        ,        ,        ,        ,        ,        ,      
selival01, 1997,     1, TBL , NHL , L  , 70.0, 16.0,  19.0,  35.0,  85.0, -38.0,  4.0,  8.0,  0.0,  0.0,  3.0, 1.0, 206.0,       ,      ,      ,        ,        ,        ,        ,        ,        ,        ,        ,      
selival01, 1998,     1, TBL , NHL , R  , 43.0,  6.0,  13.0,  19.0,  18.0, -8.0 ,  1.0,  6.0,  0.0,  0.0,  0.0, 0.0, 120.0,       ,      ,      ,        ,        ,        ,        ,        ,        ,        ,        ,      
selival01, 1998,     2, EDM , NHL , R  , 29.0,  8.0,   6.0,  14.0,  24.0, 0.0  ,  1.0,  3.0,  0.0,  0.0,  1.0, 0.0,  57.0,    2.0,   0.0,   1.0,     1.0,     2.0, 0.0    ,     0.0,     0.0,     0.0,     0.0,     0.0,     3.0
selival01, 1999,     1, EDM , NHL , R  , 67.0, 27.0,  20.0,  47.0,  46.0, 2.0  , 10.0,  5.0,  0.0,  0.0,  5.0, 0.0, 122.0,    5.0,   0.0,   0.0,     0.0,     8.0, 0.0    ,     0.0,     0.0,     0.0,     0.0,     0.0,     6.0
selival01, 2000,     1, CBS , NHL , R  , 59.0,  8.0,  11.0,  19.0,  38.0, -11.0,  5.0,  2.0,  0.0,  0.0,  2.0, 0.0, 104.0,       ,      ,      ,        ,        ,        ,        ,        ,        ,        ,        ,      
sellalu01, 2001,     1, ATL , NHL , D  ,  1.0,  0.0,   0.0,   0.0,   2.0, 0.0  ,  0.0,  0.0,  0.0,  0.0,  0.0, 0.0,   0.0,       ,      ,      ,        ,        ,        ,        ,        ,        ,        ,        ,      
selmsse01, 2000,     1, CBS , NHL , L  ,  1.0,  0.0,   0.0,   0.0,   5.0, 0.0  ,  0.0,  0.0,  0.0,  0.0,  0.0, 0.0,   2.0,       ,      ,      ,        ,        ,        ,        ,        ,        ,        ,        ,      
selwobr01, 1970,     1, TOR , NHL , D  , 28.0,  2.0,  10.0,  12.0,  13.0, -7.0 ,  2.0,     ,  0.0,     ,  0.0, 0.0,  31.0,       ,      ,      ,        ,        ,        ,        ,        ,        ,        ,        ,      
selwobr01, 1971,     1, TOR , NHL , D  , 72.0,  4.0,  17.0,  21.0,  58.0, 7.0  ,  2.0,     ,  0.0,     ,  1.0, 0.0, 108.0,    5.0,   0.0,   0.0,     0.0,     4.0,        ,     0.0,        ,     0.0,        ,     0.0,      
selwobr01, 1972,     1, NEW , WHA , D  , 75.0, 13.0,  21.0,  34.0, 114.0,      ,  1.0,     ,  0.0,     ,     ,    ,      ,   15.0,   3.0,   5.0,     8.0,    22.0,        ,     0.0,        ,     0.0,        ,     0.0,      
selwobr01, 1973,     1, NEW , WHA , D  , 76.0,  9.0,  28.0,  37.0,  91.0,      ,  1.0,     ,  0.0,     ,  1.0,    ,      ,    7.0,   0.0,   2.0,     2.0,    11.0,        ,        ,        ,        ,        ,     0.0,      
selwobr01, 1974,     1, NEW , WHA , D  , 77.0,  4.0,  35.0,  39.0, 117.0, 1.0  ,  3.0,     ,  0.0,     ,     ,    , 148.0,    5.0,   1.0,   0.0,     1.0,    11.0,        ,        ,        ,        ,        ,     0.0,      
selwobr01, 1975,     1, NEW , WHA , D  , 40.0,  2.0,  10.0,  12.0,  28.0, 5.0  ,  0.0,     ,  0.0,     ,  0.0,    ,  55.0,   17.0,   2.0,   2.0,     4.0,    27.0, 5.0    ,        ,        ,        ,        ,        ,      
selwobr01, 1976,     1, NEW , WHA , D  , 41.0,  4.0,  12.0,  16.0,  71.0, -8.0 ,  2.0,     ,  0.0,     ,     ,    ,  60.0,    5.0,   0.0,   0.0,     0.0,     2.0, -1.0   ,     0.0,        ,     0.0,        ,     0.0,      
selwobr01, 1977,     1, NEW , WHA , D  , 80.0,  6.0,  25.0,  31.0,  88.0, 11.0 ,  2.0,     ,  0.0,     ,     ,    , 109.0,   14.0,   0.0,   3.0,     3.0,     8.0, 4.0    ,        ,        ,        ,        ,     0.0,      
selwobr01, 1978,     1, NEW , WHA , D  , 42.0,  4.0,  12.0,  16.0,  47.0, 2.0  ,  2.0,     ,  0.0,     ,     ,    ,  52.0,       ,      ,      ,        ,        ,        ,        ,        ,        ,        ,        ,      
selwobr01, 1979,     1, LAK , NHL , D  , 63.0,  1.0,  13.0,  14.0,  82.0, -14.0,  1.0,     ,  0.0,     ,  0.0, 0.0,  78.0,    1.0,   0.0,   0.0,     0.0,     0.0,        ,     0.0,        ,     0.0,        ,     0.0,      
semakal01, 1991,     1, NJD , NHL , C  , 25.0,  5.0,   6.0,  11.0,   0.0, 5.0  ,  0.0,  0.0,  0.0,  0.0,  1.0, 0.0,  45.0,    1.0,   0.0,   0.0,     0.0,     0.0, -2.0   ,     0.0,     0.0,     0.0,     0.0,     0.0,     3.0
semakal01, 1992,     1, NJD , NHL , C  , 82.0, 37.0,  42.0,  79.0,  70.0, 24.0 ,  4.0, 11.0,  1.0,  3.0,  6.0, 1.0, 217.0,    5.0,   1.0,   1.0,     2.0,     0.0, -3.0   ,     0.0,     0.0,     0.0,     0.0,     0.0,    10.0
semakal01, 1993,     1, NJD , NHL , C  , 54.0, 12.0,  17.0,  29.0,  22.0, 6.0  ,  2.0,  4.0,  2.0,  0.0,  2.0, 0.0,  88.0,    2.0,   0.0,   0.0,     0.0,     0.0, 0.0    ,     0.0,     0.0,     0.0,     0.0,     0.0,     0.0
semakal01, 1994,     1, NJD , NHL , C  , 19.0,  2.0,   6.0,   8.0,  13.0, -4.0 ,  0.0,  1.0,  0.0,  0.0,  0.0, 0.0,  32.0,       ,      ,      ,        ,        ,        ,        ,        ,        ,        ,        ,      
semakal01, 1994,     2, TBL , NHL , C  , 22.0,  5.0,   5.0,  10.0,  12.0, -3.0 ,  0.0,  1.0,  0.0,  0.0,  1.0, 0.0,  39.0,       ,      ,      ,        ,        ,        ,        ,        ,        ,        ,        ,      
semakal01, 1995,     1, NYI , NHL , C  , 69.0, 20.0,  14.0,  34.0,  68.0, -4.0 ,  6.0,  4.0,  0.0,  0.0,  2.0, 1.0, 128.0,       ,      ,      ,        ,        ,        ,        ,        ,        ,        ,        ,      
semakal01, 1996,     1, VAN , NHL , C  , 18.0,  2.0,   1.0,   3.0,   2.0, -2.0 ,  1.0,  0.0,  0.0,  0.0,  0.0, 0.0,  12.0,       ,      ,      ,        ,        ,        ,        ,        ,        ,        ,        ,      
semchbr01, 1992,     1, LAK , NHL , R  ,  1.0,  0.0,   0.0,   0.0,   2.0, 0.0  ,  0.0,  0.0,  0.0,  0.0,  0.0, 0.0,   0.0,       ,      ,      ,        ,        ,        ,        ,        ,        ,        ,        ,      
semenal01, 2002,     1, EDM , NHL , D  , 46.0,  1.0,   6.0,   7.0,  58.0, -7.0 ,  0.0,  0.0,  0.0,  0.0,  0.0, 0.0,  33.0,    6.0,   0.0,   0.0,     0.0,     0.0, -1.0   ,     0.0,     0.0,     0.0,     0.0,     0.0,     2.0
semenal01, 2003,     1, EDM , NHL , D  , 46.0,  2.0,   3.0,   5.0,  32.0, 8.0  ,  1.0,  0.0,  0.0,  0.0,  0.0, 0.0,  36.0,       ,      ,      ,        ,        ,        ,        ,        ,        ,        ,        ,      
semenal01, 2005,     1, EDM , NHL , D  , 11.0,  1.0,   1.0,   2.0,  17.0, -3.0 ,  0.0,  0.0,  0.0,  0.0,  0.0,    ,   3.0,       ,      ,      ,        ,        ,        ,        ,        ,        ,        ,        ,      
semenal01, 2005,     2, FLO , NHL , D  , 16.0,  1.0,   1.0,   2.0,  21.0, -1.0 ,  1.0,  0.0,  0.0,  0.0,  0.0,    ,  13.0,       ,      ,      ,        ,        ,        ,        ,        ,        ,        ,        ,      
semenal01, 2006,     1, FLO , NHL , D  , 23.0,  0.0,   5.0,   5.0,  28.0, 9.0  ,  0.0,  1.0,  0.0,  0.0,  0.0,    ,  23.0,       ,      ,      ,        ,        ,        ,        ,        ,        ,        ,        ,      
semenal01, 2007,     1, SJS , NHL , D  , 22.0,  1.0,   3.0,   4.0,  36.0, -8.0 ,  1.0,  0.0,  0.0,  0.0,  0.0,    ,  23.0,    2.0,   0.0,   0.0,     0.0,     2.0, 0.0    ,     0.0,     0.0,     0.0,     0.0,     0.0,     3.0
semenal01, 2008,     1, SJS , NHL , D  , 47.0,  1.0,   7.0,   8.0,  57.0, 3.0  ,  0.0,  1.0,  0.0,  0.0,  0.0,    ,  28.0,       ,      ,      ,        ,        ,        ,        ,        ,        ,        ,        ,      
semenan01, 1989,     1, EDM , NHL , C  ,     ,     ,      ,      ,      ,      ,     ,     ,     ,     ,     ,    ,      ,    2.0,   0.0,   0.0,     0.0,     0.0, -1.0   ,     0.0,     0.0,     0.0,     0.0,     0.0,     0.0
semenan01, 1990,     1, EDM , NHL , C  , 57.0, 15.0,  16.0,  31.0,  26.0, 17.0 ,  3.0,  2.0,  1.0,  3.0,  1.0, 0.0, 101.0,   12.0,   5.0,   5.0,    10.0,     6.0, 7.0    ,     0.0,     3.0,     0.0,     0.0,     0.0,    28.0
semenan01, 1991,     1, EDM , NHL , C  , 59.0, 20.0,  22.0,  42.0,  16.0, 12.0 ,  3.0,  3.0,  0.0,  0.0,  3.0, 0.0, 105.0,    8.0,   1.0,   1.0,     2.0,     6.0, 3.0    ,     0.0,     0.0,     0.0,     0.0,     0.0,    12.0
semenan01, 1992,     1, TBL , NHL , C  , 13.0,  2.0,   3.0,   5.0,   4.0, -5.0 ,  0.0,  1.0,  0.0,  0.0,  0.0, 0.0,  14.0,       ,      ,      ,        ,        ,        ,        ,        ,        ,        ,        ,      
semenan01, 1992,     2, VAN , NHL , C  , 62.0, 10.0,  34.0,  44.0,  28.0, 21.0 ,  3.0,  5.0,  2.0,  3.0,  1.0, 0.0,  88.0,   12.0,   1.0,   3.0,     4.0,     0.0, -1.0   ,     0.0,     0.0,     0.0,     0.0,     0.0,    12.0
semenan01, 1993,     1, ANA , NHL , C  , 49.0, 11.0,  19.0,  30.0,  12.0, -4.0 ,  4.0,  7.0,  0.0,  0.0,  2.0, 0.0, 103.0,       ,      ,      ,        ,        ,        ,        ,        ,        ,        ,        ,      
semenan01, 1994,     1, ANA , NHL , C  , 15.0,  3.0,   4.0,   7.0,   4.0, -10.0,  2.0,  0.0,  0.0,  1.0,  0.0, 0.0,  33.0,       ,      ,      ,        ,        ,        ,        ,        ,        ,        ,        ,      
semenan01, 1994,     2, PHI , NHL , C  , 26.0,  1.0,   2.0,   3.0,   6.0, -2.0 ,  0.0,  0.0,  0.0,  0.0,  0.0, 0.0,  36.0,   15.0,   2.0,   4.0,     6.0,     0.0, 3.0    ,     0.0,     2.0,     0.0,     0.0,     0.0,    13.0
semenan01, 1995,     1, PHI , NHL , C  , 44.0,  3.0,  13.0,  16.0,  14.0, 3.0  ,  0.0,  1.0,  0.0,  0.0,  2.0, 0.0,  55.0,       ,      ,      ,        ,        ,        ,        ,        ,        ,        ,        ,      
semenan01, 1995,     2, ANA , NHL , C  , 12.0,  1.0,   9.0,  10.0,  10.0, -4.0 ,  0.0,  5.0,  0.0,  0.0,  0.0, 0.0,  24.0,       ,      ,      ,        ,        ,        ,        ,        ,        ,        ,        ,      
semenan01, 1996,     1, BUF , NHL , C  , 25.0,  2.0,   4.0,   6.0,   2.0, -3.0 ,  1.0,  0.0,  0.0,  0.0,  1.0, 0.0,  21.0,       ,      ,      ,        ,        ,        ,        ,        ,        ,        ,        ,      
semenda01, 1977,     1, EDO , WHA , L  , 65.0,  6.0,   6.0,  12.0, 140.0, -4.0 ,  0.0,     ,  0.0,     ,     ,    ,  47.0,    5.0,   0.0,   0.0,     0.0,     8.0, -1.0   ,        ,        ,        ,        ,     0.0,      
semenda01, 1978,     1, EDO , WHA , R  , 77.0, 10.0,  14.0,  24.0, 158.0, -12.0,  2.0,     ,  0.0,     ,     ,    ,  56.0,   11.0,   4.0,   2.0,     6.0,    29.0, 3.0    ,        ,        ,        ,        ,     0.0,      
semenda01, 1979,     1, EDM , NHL , L  , 67.0,  6.0,   7.0,  13.0, 135.0, -13.0,  1.0,     ,  0.0,     ,  1.0, 0.0,  43.0,    3.0,   0.0,   0.0,     0.0,     2.0,        ,     0.0,        ,     0.0,        ,     0.0,      
semenda01, 1980,     1, EDM , NHL , L  , 58.0, 11.0,   8.0,  19.0,  80.0, -4.0 ,  4.0,     ,  0.0,     ,  2.0, 0.0,  42.0,    8.0,   0.0,   0.0,     0.0,     5.0,        ,     0.0,        ,     0.0,        ,     0.0,      
semenda01, 1981,     1, EDM , NHL , L  , 59.0, 12.0,  12.0,  24.0, 194.0, 7.0  ,  4.0,     ,  0.0,     ,  1.0, 0.0,  54.0,    4.0,   0.0,   0.0,     0.0,     2.0,        ,     0.0,        ,     0.0,        ,     0.0,      
semenda01, 1982,     1, EDM , NHL , L  , 75.0, 12.0,  15.0,  27.0, 141.0, 19.0 ,  0.0,     ,  0.0,     ,  1.0, 0.0,  69.0,   15.0,   1.0,   1.0,     2.0,    69.0,        ,     0.0,        ,     0.0,        ,     0.0,      
semenda01, 1983,     1, EDM , NHL , L  , 52.0,  6.0,  11.0,  17.0, 118.0, 9.0  ,  0.0,     ,  0.0,     ,  2.0, 0.0,  39.0,   19.0,   5.0,   5.0,    10.0,    44.0, 11.0   ,     0.0,        ,     0.0,        ,     1.0,    25.0
semenda01, 1984,     1, EDM , NHL , L  , 69.0,  6.0,  12.0,  18.0, 172.0, 5.0  ,  0.0,     ,  0.0,     ,  1.0, 0.0,  50.0,   14.0,   0.0,   0.0,     0.0,    39.0, 2.0    ,     0.0,        ,     0.0,        ,     0.0,     5.0
semenda01, 1985,     1, EDM , NHL , L  , 69.0,  6.0,  12.0,  18.0, 141.0, -1.0 ,  0.0,     ,  0.0,     ,  0.0, 0.0,  51.0,    6.0,   0.0,   0.0,     0.0,    32.0, 0.0    ,     0.0,        ,     0.0,        ,     0.0,     1.0
semenda01, 1986,     1, EDM , NHL , L  ,  5.0,  0.0,   0.0,   0.0,   0.0, 0.0  ,  0.0,     ,  0.0,     ,  0.0, 0.0,   1.0,       ,      ,      ,        ,        ,        ,        ,        ,        ,        ,        ,      
semenda01, 1986,     2, HAR , NHL , L  , 51.0,  4.0,   8.0,  12.0,  87.0, -7.0 ,  0.0,     ,  0.0,     ,  0.0, 0.0,  31.0,    4.0,   0.0,   0.0,     0.0,    15.0, 1.0    ,     0.0,        ,     0.0,        ,     0.0,     0.0
semenda01, 1987,     1, TOR , NHL , L  , 70.0,  2.0,   3.0,   5.0, 107.0, -8.0 ,  0.0,  1.0,  0.0,  0.0,  0.0, 0.0,  12.0,       ,      ,      ,        ,        ,        ,        ,        ,        ,        ,        ,      
seminal01, 2003,     1, WAS , NHL , L  , 52.0, 10.0,  12.0,  22.0,  36.0, -2.0 ,  4.0,  8.0,  0.0,  0.0,  2.0, 0.0,  92.0,       ,      ,      ,        ,        ,        ,        ,        ,        ,        ,        ,      
seminal01, 2006,     1, WAS , NHL , L  , 77.0, 38.0,  35.0,  73.0,  90.0, -7.0 , 17.0, 21.0,  0.0,  0.0,  6.0,    , 243.0,       ,      ,      ,        ,        ,        ,        ,        ,        ,        ,        ,      
seminal01, 2007,     1, WAS , NHL , L  , 63.0, 26.0,  16.0,  42.0,  54.0, -18.0, 10.0, 10.0,  0.0,  0.0,  2.0,    , 185.0,    7.0,   3.0,   5.0,     8.0,     8.0, 2.0    ,     2.0,     2.0,     0.0,     0.0,     1.0,    28.0
seminal01, 2008,     1, WAS , NHL , R  , 62.0, 34.0,  45.0,  79.0,  77.0, 25.0 ,  8.0, 22.0,  0.0,  2.0,  8.0,    , 223.0,   14.0,   5.0,   9.0,    14.0,    16.0, -1.0   ,     1.0,     5.0,     0.0,     0.0,     1.0,    42.0
seminal01, 2009,     1, WAS , NHL , L  , 73.0, 40.0,  44.0,  84.0,  66.0, 36.0 ,  8.0, 19.0,  2.0,  0.0,  5.0,    , 278.0,    7.0,   0.0,   2.0,     2.0,     4.0, 0.0    ,     0.0,     0.0,     0.0,     0.0,     0.0,    44.0
semjovl01, 1977,     1, SOV , WHA , L  ,  7.0,  1.0,   2.0,   3.0,   4.0,      ,     ,     ,     ,     ,     ,    ,      ,       ,      ,      ,        ,        ,        ,        ,        ,        ,        ,        ,      
senicge01, 1952,     1, NYR , NHL , L  , 13.0,  2.0,   3.0,   5.0,   8.0,      ,     ,     ,     ,     ,     ,    ,      ,       ,      ,      ,        ,        ,        ,        ,        ,        ,        ,        ,      
sentedi01, 1972,     1, OTN , WHA , L  , 74.0, 22.0,  19.0,  41.0,  78.0,      ,  2.0,     ,  0.0,     ,     ,    ,      ,    5.0,   3.0,   1.0,     4.0,     2.0,        ,     1.0,        ,     0.0,        ,     0.0,      
sentedi01, 1973,     1, TOT , WHA , R  , 64.0, 26.0,  34.0,  60.0,  46.0,      ,  5.0,     ,  0.0,     ,  3.0,    ,      ,   12.0,   7.0,   4.0,    11.0,    19.0,        ,        ,        ,        ,        ,     2.0,      
sentedi01, 1974,     1, SDM , WHA , R  , 74.0, 44.0,  41.0,  85.0,  52.0, 44.0 ,  6.0,     ,  1.0,     ,     ,    , 217.0,   10.0,   0.0,   2.0,     2.0,     0.0,        ,     0.0,        ,     0.0,        ,     0.0,      
sentedi01, 1975,     1, CAC , WHA , L  , 72.0, 25.0,  24.0,  49.0,  33.0, 9.0  ,  7.0,     ,  0.0,     ,  5.0,    , 139.0,    8.0,   0.0,   1.0,     1.0,     8.0, 1.0    ,        ,        ,        ,        ,        ,      
sentedi01, 1976,     1, CAC , WHA , L  , 29.0, 10.0,  14.0,  24.0,   8.0, 17.0 ,  1.0,     ,  0.0,     ,     ,    ,  53.0,       ,      ,      ,        ,        ,        ,        ,        ,        ,        ,        ,      
sentedi01, 1976,     2, SDM , WHA , L  , 24.0, 10.0,  11.0,  21.0,  16.0, 7.0  ,  2.0,     ,  0.0,     ,     ,    ,  56.0,    5.0,   4.0,   0.0,     4.0,    12.0, -3.0   ,        ,        ,        ,        ,     2.0,      
seppajy01, 1983,     1, WIN , NHL , D  , 13.0,  0.0,   2.0,   2.0,   6.0, -9.0 ,  0.0,     ,  0.0,     ,  0.0, 0.0,   7.0,       ,      ,      ,        ,        ,        ,        ,        ,        ,        ,        ,      
serafro01, 1973,     1, CLF , NHL , D  ,  2.0,  0.0,   0.0,   0.0,   2.0, -2.0 ,  0.0,     ,  0.0,     ,  0.0, 0.0,   0.0,       ,      ,      ,        ,        ,        ,        ,        ,        ,        ,        ,      
serafro01, 1975,     1, CIN , WHA , D  , 16.0,  0.0,   2.0,   2.0,  15.0, -11.0,  0.0,     ,  0.0,     ,  0.0,    ,  15.0,       ,      ,      ,        ,        ,        ,        ,        ,        ,        ,        ,      
serowje01, 1990,     1, TOR , NHL , D  ,  1.0,  0.0,   0.0,   0.0,   0.0, 0.0  ,  0.0,  0.0,  0.0,  0.0,  0.0, 0.0,   1.0,       ,      ,      ,        ,        ,        ,        ,        ,        ,        ,        ,      
serowje01, 1994,     1, BOS , NHL , D  ,  1.0,  0.0,   0.0,   0.0,   0.0, 1.0  ,  0.0,  0.0,  0.0,  0.0,  0.0, 0.0,   0.0,       ,      ,      ,        ,        ,        ,        ,        ,        ,        ,        ,      
serowje01, 1998,     1, PIT , NHL , D  , 26.0,  0.0,   6.0,   6.0,  16.0, -4.0 ,  0.0,  3.0,  0.0,  0.0,  0.0, 0.0,  26.0,       ,      ,      ,        ,        ,        ,        ,        ,        ,        ,        ,      
servige01, 1987,     1, MNS , NHL , L  ,  5.0,  0.0,   0.0,   0.0,   0.0, -2.0 ,  0.0,  0.0,  0.0,  0.0,  0.0, 0.0,   8.0,       ,      ,      ,        ,        ,        ,        ,        ,        ,        ,        ,      
servito01, 1972,     1, LAS , WHA , C  , 73.0, 11.0,  26.0,  37.0,  32.0,      ,  0.0,     ,  3.0,     ,     ,    ,      ,    6.0,   0.0,   0.0,     0.0,     0.0,        ,     0.0,        ,     0.0,        ,     0.0,      
servito01, 1973,     1, LAS , WHA , C  , 74.0,  6.0,  15.0,  21.0,  37.0,      ,  0.0,     ,  2.0,     ,  1.0,    ,      ,       ,      ,      ,        ,        ,        ,        ,        ,        ,        ,        ,      
servito01, 1974,     1, MIB , WHA , R  , 60.0, 12.0,  17.0,  29.0,  18.0, -35.0,  2.0,     ,  0.0,     ,     ,    , 134.0,       ,      ,      ,        ,        ,        ,        ,        ,        ,        ,        ,      
servito01, 1975,     1, QUN , WHA , C  , 71.0,  7.0,  19.0,  26.0,  12.0, 3.0  ,  1.0,     ,  0.0,     ,  2.0,    ,  76.0,    5.0,   0.0,   0.0,     0.0,     0.0, -1.0   ,        ,        ,        ,        ,        ,      
servito01, 1976,     1, CAC , WHA , C  ,  8.0,  2.0,   1.0,   3.0,   2.0, -1.0 ,  0.0,     ,  0.0,     ,     ,    ,  10.0,       ,      ,      ,        ,        ,        ,        ,        ,        ,        ,        ,      
sestiti01, 2008,     1, EDM , NHL , L  ,  1.0,  0.0,   0.0,   0.0,   0.0, 0.0  ,  0.0,  0.0,  0.0,  0.0,  0.0,    ,   1.0,       ,      ,      ,        ,        ,        ,        ,        ,        ,        ,        ,      
sestiti01, 2009,     1, NJD , NHL , L  ,  9.0,  0.0,   1.0,   1.0,   2.0, -2.0 ,  0.0,  0.0,  0.0,  0.0,  0.0,    ,   7.0,       ,      ,      ,        ,        ,        ,        ,        ,        ,        ,        ,      
sestito01, 2007,     1, CBS , NHL , L  ,  1.0,  0.0,   0.0,   0.0,  17.0, 0.0  ,  0.0,  0.0,  0.0,  0.0,  0.0,    ,   0.0,       ,      ,      ,        ,        ,        ,        ,        ,        ,        ,        ,      
sestito01, 2009,     1, CBS , NHL , L  ,  3.0,  0.0,   0.0,   0.0,   7.0, 0.0  ,  0.0,  0.0,  0.0,  0.0,  0.0,    ,   0.0,       ,      ,      ,        ,        ,        ,        ,        ,        ,        ,        ,      
setogde01, 2007,     1, SJS , NHL , R  , 44.0, 11.0,   6.0,  17.0,   8.0, 6.0  ,  3.0,  0.0,  0.0,  0.0,  2.0,    , 105.0,    9.0,   1.0,   1.0,     2.0,     2.0, -2.0   ,     0.0,     0.0,     0.0,     0.0,     0.0,    12.0
setogde01, 2008,     1, SJS , NHL , R  , 81.0, 31.0,  34.0,  65.0,  25.0, 16.0 , 11.0, 12.0,  0.0,  0.0,  3.0,    , 246.0,    6.0,   1.0,   2.0,     3.0,     2.0, -1.0   ,     0.0,     1.0,     0.0,     0.0,     0.0,    17.0
setogde01, 2009,     1, SJS , NHL , R  , 70.0, 20.0,  16.0,  36.0,  19.0, 0.0  ,  8.0,  2.0,  0.0,  0.0,  4.0,    , 165.0,   15.0,   5.0,   4.0,     9.0,     6.0, 3.0    ,     1.0,     1.0,     0.0,     0.0,     1.0,    58.0
sevcija01, 1989,     1, QUE , NHL , L  , 13.0,  0.0,   2.0,   2.0,   2.0, -5.0 ,  0.0,  1.0,  0.0,  0.0,  0.0, 0.0,   9.0,       ,      ,      ,        ,        ,        ,        ,        ,        ,        ,        ,      
severbr01, 1989,     1, QUE , NHL , L  , 35.0,  0.0,   2.0,   2.0,  42.0, -19.0,  0.0,  0.0,  0.0,  0.0,  0.0, 0.0,  28.0,       ,      ,      ,        ,        ,        ,        ,        ,        ,        ,        ,      
severbr01, 1993,     1, FLO , NHL , D  , 67.0,  4.0,   7.0,  11.0, 156.0, -1.0 ,  1.0,  1.0,  0.0,  1.0,  1.0, 0.0,  93.0,       ,      ,      ,        ,        ,        ,        ,        ,        ,        ,        ,      
severbr01, 1994,     1, FLO , NHL , D  ,  9.0,  1.0,   1.0,   2.0,  37.0, -3.0 ,  1.0,  1.0,  0.0,  0.0,  0.0, 0.0,  10.0,       ,      ,      ,        ,        ,        ,        ,        ,        ,        ,        ,      
severbr01, 1994,     2, NYI , NHL , D  , 19.0,  1.0,   3.0,   4.0,  34.0, 1.0  ,  0.0,  0.0,  0.0,  0.0,  0.0, 0.0,  22.0,       ,      ,      ,        ,        ,        ,        ,        ,        ,        ,        ,      
severbr01, 1995,     1, NYI , NHL , D  , 65.0,  1.0,   8.0,   9.0, 180.0, 3.0  ,  0.0,  0.0,  0.0,  0.0,  0.0, 0.0,  40.0,       ,      ,      ,        ,        ,        ,        ,        ,        ,        ,        ,      
severbr01, 1996,     1, COL , NHL , L  , 66.0,  1.0,   4.0,   5.0, 193.0, -6.0 ,  0.0,  0.0,  0.0,  0.0,  0.0, 0.0,  55.0,    8.0,   0.0,   0.0,     0.0,    12.0, 1.0    ,     0.0,     0.0,     0.0,     0.0,     0.0,     3.0
severbr01, 1997,     1, ANA , NHL , L  , 37.0,  1.0,   3.0,   4.0, 133.0, -3.0 ,  0.0,  0.0,  0.0,  0.0,  0.0, 0.0,  27.0,       ,      ,      ,        ,        ,        ,        ,        ,        ,        ,        ,      
severbr01, 1998,     1, DAL , NHL , L  , 30.0,  1.0,   2.0,   3.0,  50.0, -2.0 ,  0.0,  0.0,  0.0,  0.0,  0.0, 0.0,  22.0,       ,      ,      ,        ,        ,        ,        ,        ,        ,        ,        ,      
severca01, 2002,     1, ANA , NHL , L  ,  2.0,  0.0,   0.0,   0.0,   8.0, 0.0  ,  0.0,  0.0,  0.0,  0.0,  0.0, 0.0,   1.0,    1.0,   0.0,   0.0,     0.0,     0.0, 0.0    ,     0.0,     0.0,     0.0,     0.0,     0.0,     0.0
severca01, 2003,     1, ANA , NHL , L  , 31.0,  3.0,   0.0,   3.0,  50.0, -3.0 ,  1.0,  0.0,  0.0,  0.0,  0.0, 0.0,  24.0,       ,      ,      ,        ,        ,        ,        ,        ,        ,        ,        ,      
severca01, 2005,     1, CBS , NHL , L  ,  4.0,  0.0,   0.0,   0.0,   5.0, 0.0  ,  0.0,  0.0,  0.0,  0.0,  0.0,    ,   2.0,       ,      ,      ,        ,        ,        ,        ,        ,        ,        ,        ,      
sevigpi01, 1993,     1, MTL , NHL , L  , 43.0,  4.0,   5.0,   9.0,  42.0, 6.0  ,  1.0,  0.0,  0.0,  0.0,  1.0, 0.0,  19.0,    3.0,   0.0,   1.0,     1.0,     0.0, -1.0   ,     0.0,     0.0,     0.0,     0.0,     0.0,     1.0
sevigpi01, 1994,     1, MTL , NHL , L  , 19.0,  0.0,   0.0,   0.0,  15.0, -5.0 ,  0.0,  0.0,  0.0,  0.0,  0.0, 0.0,   6.0,       ,      ,      ,        ,        ,        ,        ,        ,        ,        ,        ,      
sevigpi01, 1996,     1, MTL , NHL , L  , 13.0,  0.0,   0.0,   0.0,   5.0, 0.0  ,  0.0,  0.0,  0.0,  0.0,  0.0, 0.0,   1.0,       ,      ,      ,        ,        ,        ,        ,        ,        ,        ,        ,      
sevigpi01, 1997,     1, NYR , NHL , L  ,  3.0,  0.0,   0.0,   0.0,   2.0, 0.0  ,  0.0,  0.0,  0.0,  0.0,  0.0, 0.0,   1.0,       ,      ,      ,        ,        ,        ,        ,        ,        ,        ,        ,      
sevigri01, 1979,     1, MTL , NHL , G  , 11.0,  0.0,   0.0,   0.0,   4.0, 0.0  ,  0.0,     ,  0.0,     ,  0.0, 0.0,   0.0,       ,      ,      ,        ,        ,        ,        ,        ,        ,        ,        ,      
sevigri01, 1980,     1, MTL , NHL , G  , 33.0,  0.0,   0.0,   0.0,  30.0, 0.0  ,  0.0,     ,  0.0,     ,  0.0, 0.0,   0.0,    3.0,   0.0,   0.0,     0.0,     0.0,        ,     0.0,        ,     0.0,        ,     0.0,      
sevigri01, 1981,     1, MTL , NHL , G  , 19.0,  0.0,   0.0,   0.0,  10.0, 0.0  ,  0.0,     ,  0.0,     ,  0.0, 0.0,   0.0,       ,      ,      ,        ,        ,        ,        ,        ,        ,        ,        ,      
sevigri01, 1982,     1, MTL , NHL , G  , 38.0,  0.0,   1.0,   1.0,   8.0, 0.0  ,  0.0,     ,  0.0,     ,  0.0, 0.0,   0.0,    1.0,   0.0,   0.0,     0.0,     0.0,        ,     0.0,        ,     0.0,        ,     0.0,      
sevigri01, 1983,     1, MTL , NHL , G  , 40.0,  0.0,   0.0,   0.0,  12.0, 0.0  ,  0.0,     ,  0.0,     ,  0.0, 0.0,   0.0,    2.0,   0.0,   0.0,     0.0,    32.0, 0.0    ,     0.0,        ,     0.0,        ,     0.0,     0.0
sevigri01, 1984,     1, QUE , NHL , G  , 20.0,  0.0,   0.0,   0.0,   8.0, 0.0  ,  0.0,     ,  0.0,     ,  0.0, 0.0,   0.0,       ,      ,      ,        ,        ,        ,        ,        ,        ,        ,        ,      
sevigri01, 1985,     1, QUE , NHL , G  , 11.0,  0.0,   0.0,   0.0,   8.0, 0.0  ,  0.0,     ,  0.0,     ,  0.0, 0.0,   0.0,       ,      ,      ,        ,        ,        ,        ,        ,        ,        ,        ,      
sevigri01, 1986,     1, QUE , NHL , G  ,  4.0,  0.0,   0.0,   0.0,  14.0, 0.0  ,  0.0,     ,  0.0,     ,  0.0, 0.0,   0.0,       ,      ,      ,        ,        ,        ,        ,        ,        ,        ,        ,      
sextoda01, 2009,     1, AND , NHL , R  , 41.0,  9.0,  10.0,  19.0,  16.0, -3.0 ,  2.0,  1.0,  0.0,  0.0,  0.0,    ,  93.0,       ,      ,      ,        ,        ,        ,        ,        ,        ,        ,        ,      
shacked01, 1958,     1, NYR , NHL , L  , 67.0,  7.0,  14.0,  21.0, 109.0,      ,     ,     ,     ,     ,     ,    ,      ,       ,      ,      ,        ,        ,        ,        ,        ,        ,        ,        ,      
shacked01, 1959,     1, NYR , NHL , L  , 62.0,  8.0,  10.0,  18.0, 110.0,      ,     ,     ,     ,     ,     ,    ,      ,       ,      ,      ,        ,        ,        ,        ,        ,        ,        ,        ,      
shacked01, 1960,     1, NYR , NHL , L  , 12.0,  1.0,   2.0,   3.0,  17.0,      ,     ,     ,     ,     ,     ,    ,      ,       ,      ,      ,        ,        ,        ,        ,        ,        ,        ,        ,      
shacked01, 1960,     2, TOR , NHL , L  , 55.0, 14.0,  14.0,  28.0,  90.0,      ,     ,     ,     ,     ,     ,    ,      ,    4.0,   0.0,   0.0,     0.0,     2.0,        ,        ,        ,        ,        ,     0.0,      
shacked01, 1961,     1, TOR , NHL , L  , 44.0,  7.0,  14.0,  21.0,  62.0,      ,     ,     ,     ,     ,     ,    ,      ,    9.0,   0.0,   0.0,     0.0,    18.0,        ,        ,        ,        ,        ,     0.0,      
shacked01, 1962,     1, TOR , NHL , L  , 63.0, 16.0,   9.0,  25.0,  97.0,      ,     ,     ,     ,     ,     ,    ,      ,   10.0,   2.0,   1.0,     3.0,    11.0,        ,        ,        ,        ,        ,     2.0,      
shacked01, 1963,     1, TOR , NHL , L  , 64.0, 11.0,  10.0,  21.0, 128.0,      ,  0.0,     ,  0.0,     ,  5.0, 0.0,      ,   13.0,   0.0,   1.0,     1.0,    25.0,        ,        ,        ,        ,        ,     0.0,      
shacked01, 1964,     1, TOR , NHL , L  , 67.0,  5.0,   9.0,  14.0,  68.0,      ,  2.0,     ,  0.0,     ,  0.0, 0.0,      ,    5.0,   1.0,   0.0,     1.0,     8.0,        ,        ,        ,        ,        ,     0.0,      
shacked01, 1965,     1, TOR , NHL , L  , 63.0, 26.0,  17.0,  43.0,  88.0,      ,  2.0,     ,  0.0,     ,  6.0, 2.0,      ,    4.0,   2.0,   1.0,     3.0,    33.0,        ,        ,        ,        ,        ,     0.0,      
shacked01, 1966,     1, TOR , NHL , L  , 63.0, 11.0,  14.0,  25.0,  58.0,      ,  0.0,     ,  0.0,     ,  2.0, 1.0,      ,    8.0,   0.0,   0.0,     0.0,     8.0,        ,        ,        ,        ,        ,     0.0,      
shacked01, 1967,     1, BOS , NHL , L  , 70.0, 23.0,  19.0,  42.0, 107.0, 1.0  ,  4.0,     ,  0.0,     ,  6.0, 0.0, 195.0,    4.0,   0.0,   1.0,     1.0,     6.0,        ,     0.0,        ,     0.0,        ,     0.0,      
shacked01, 1968,     1, BOS , NHL , R  , 50.0, 11.0,  11.0,  22.0,  74.0, 2.0  ,  1.0,     ,  0.0,     ,  3.0, 0.0, 125.0,    9.0,   0.0,   2.0,     2.0,    23.0,        ,     0.0,        ,     0.0,        ,     0.0,      
shacked01, 1969,     1, LAK , NHL , L  , 73.0, 22.0,  12.0,  34.0, 113.0, -38.0,  4.0,     ,  0.0,     ,  2.0, 2.0, 203.0,       ,      ,      ,        ,        ,        ,        ,        ,        ,        ,        ,      
shacked01, 1970,     1, LAK , NHL , L  , 11.0,  2.0,   2.0,   4.0,   8.0, -3.0 ,  0.0,     ,  0.0,     ,  1.0, 0.0,  13.0,       ,      ,      ,        ,        ,        ,        ,        ,        ,        ,        ,      
shacked01, 1970,     2, BUF , NHL , L  , 56.0, 25.0,  17.0,  42.0,  93.0, -29.0, 10.0,     ,  0.0,     ,  4.0, 1.0, 192.0,       ,      ,      ,        ,        ,        ,        ,        ,        ,        ,        ,      
shacked01, 1971,     1, BUF , NHL , L  , 50.0, 11.0,  14.0,  25.0,  34.0, -11.0,  4.0,     ,  0.0,     ,  0.0, 0.0,  92.0,       ,      ,      ,        ,        ,        ,        ,        ,        ,        ,        ,      
shacked01, 1971,     2, PIT , NHL , L  , 18.0,  5.0,   9.0,  14.0,  12.0, 5.0  ,  4.0,     ,  0.0,     ,  2.0, 1.0,  47.0,    4.0,   0.0,   1.0,     1.0,    15.0,        ,     0.0,        ,     0.0,        ,     0.0,      
shacked01, 1972,     1, PIT , NHL , L  , 74.0, 25.0,  20.0,  45.0,  84.0, -10.0,  8.0,     ,  0.0,     ,  3.0, 0.0, 192.0,       ,      ,      ,        ,        ,        ,        ,        ,        ,        ,        ,      
shacked01, 1973,     1, TOR , NHL , R  , 59.0,  7.0,   8.0,  15.0,  74.0, 1.0  ,  4.0,     ,  0.0,     ,  1.0, 0.0,  78.0,    4.0,   1.0,   0.0,     1.0,     2.0,        ,     0.0,        ,     0.0,        ,     0.0,      
shacked01, 1974,     1, TOR , NHL , L  , 26.0,  2.0,   1.0,   3.0,  11.0, -8.0 ,  1.0,     ,  0.0,     ,  0.0, 0.0,  18.0,       ,      ,      ,        ,        ,        ,        ,        ,        ,        ,        ,      
shackjo01, 1942,     1, NYR , NHL , L  , 20.0,  5.0,   9.0,  14.0,   6.0,      ,     ,     ,     ,     ,     ,    ,      ,       ,      ,      ,        ,        ,        ,        ,        ,        ,        ,        ,      
shackjo01, 1944,     1, NYR , NHL , L  , 50.0,  4.0,  18.0,  22.0,  14.0,      ,     ,     ,     ,     ,     ,    ,      ,       ,      ,      ,        ,        ,        ,        ,        ,        ,        ,        ,      
shafrko01, 1996,     1, STL , NHL , R  ,  5.0,  2.0,   1.0,   3.0,   0.0, 1.0  ,  0.0,  0.0,  0.0,  0.0,  0.0, 0.0,   8.0,       ,      ,      ,        ,        ,        ,        ,        ,        ,        ,        ,      
shakepa01, 1973,     1, CLF , NHL , D  , 21.0,  0.0,   4.0,   4.0,  12.0, -13.0,  0.0,     ,  0.0,     ,  0.0, 0.0,  29.0,       ,      ,      ,        ,        ,        ,        ,        ,        ,        ,        ,      
shaldye01, 1996,     1, BOS , NHL , D  ,  3.0,  1.0,   0.0,   1.0,   0.0, -2.0 ,  0.0,  0.0,  0.0,  0.0,  0.0, 0.0,   5.0,       ,      ,      ,        ,        ,        ,        ,        ,        ,        ,        ,      
shanabr01, 1987,     1, NJD , NHL , R  , 65.0,  7.0,  19.0,  26.0, 131.0, -20.0,  2.0,  5.0,  0.0,  0.0,  2.0, 0.0,  72.0,   12.0,   2.0,   1.0,     3.0,    44.0, 0.0    ,     1.0,     0.0,     0.0,     0.0,     0.0,    11.0
shanabr01, 1988,     1, NJD , NHL , L  , 68.0, 22.0,  28.0,  50.0, 115.0, 2.0  ,  9.0,  8.0,  0.0,  0.0,  0.0, 1.0, 152.0,       ,      ,      ,        ,        ,        ,        ,        ,        ,        ,        ,      
shanabr01, 1989,     1, NJD , NHL , L  , 73.0, 30.0,  42.0,  72.0, 137.0, 15.0 ,  8.0, 13.0,  0.0,  0.0,  5.0, 0.0, 196.0,    6.0,   3.0,   3.0,     6.0,    20.0, 0.0    ,     1.0,     0.0,     0.0,     0.0,     1.0,    16.0
shanabr01, 1990,     1, NJD , NHL , L  , 75.0, 29.0,  37.0,  66.0, 141.0, 4.0  ,  7.0, 12.0,  0.0,  0.0,  2.0, 3.0, 195.0,    7.0,   3.0,   5.0,     8.0,    12.0, 3.0    ,     2.0,     3.0,     0.0,     0.0,     0.0,    20.0
shanabr01, 1991,     1, STL , NHL , L  , 80.0, 33.0,  36.0,  69.0, 171.0, -3.0 , 13.0, 15.0,  0.0,  0.0,  2.0, 2.0, 215.0,    6.0,   2.0,   3.0,     5.0,    14.0, 0.0    ,     1.0,     2.0,     0.0,     0.0,     0.0,    17.0
shanabr01, 1992,     1, STL , NHL , L  , 71.0, 51.0,  43.0,  94.0, 174.0, 10.0 , 18.0, 19.0,  0.0,  0.0,  8.0, 0.0, 232.0,   11.0,   4.0,   3.0,     7.0,    18.0, 0.0    ,     2.0,     1.0,     0.0,     0.0,     0.0,    36.0
shanabr01, 1993,     1, STL , NHL , L  , 81.0, 52.0,  50.0, 102.0, 211.0, -9.0 , 15.0, 27.0,  7.0,  1.0,  8.0, 1.0, 397.0,    4.0,   2.0,   5.0,     7.0,     4.0, 6.0    ,     0.0,     2.0,     0.0,     1.0,     0.0,    20.0
shanabr01, 1994,     1, STL , NHL , L  , 45.0, 20.0,  21.0,  41.0, 136.0, 7.0  ,  6.0,  5.0,  2.0,  1.0,  6.0, 0.0, 153.0,    5.0,   4.0,   5.0,     9.0,    14.0, 2.0    ,     1.0,     3.0,     0.0,     0.0,     1.0,    23.0
shanabr01, 1995,     1, HAR , NHL , L  , 74.0, 44.0,  34.0,  78.0, 125.0, 2.0  , 17.0, 14.0,  2.0,  1.0,  6.0, 0.0, 280.0,       ,      ,      ,        ,        ,        ,        ,        ,        ,        ,        ,      
shanabr01, 1996,     1, HAR , NHL , L  ,  2.0,  1.0,   0.0,   1.0,   0.0, 1.0  ,  0.0,  0.0,  1.0,  0.0,  0.0, 0.0,  13.0,       ,      ,      ,        ,        ,        ,        ,        ,        ,        ,        ,      
shanabr01, 1996,     2, DET , NHL , L  , 79.0, 46.0,  41.0,  87.0, 131.0, 31.0 , 20.0, 15.0,  2.0,  2.0,  7.0, 2.0, 323.0,   20.0,   9.0,   8.0,    17.0,    43.0, 8.0    ,     2.0,     2.0,     0.0,     1.0,     2.0,    82.0
shanabr01, 1997,     1, DET , NHL , L  , 75.0, 28.0,  29.0,  57.0, 154.0, 6.0  , 15.0,  9.0,  1.0,  0.0,  9.0, 1.0, 266.0,   20.0,   5.0,   4.0,     9.0,    22.0, 5.0    ,     3.0,     1.0,     0.0,     0.0,     2.0,    60.0
shanabr01, 1998,     1, DET , NHL , L  , 81.0, 31.0,  27.0,  58.0, 123.0, 2.0  ,  5.0, 11.0,  0.0,  2.0,  5.0, 0.0, 288.0,   10.0,   3.0,   7.0,    10.0,     6.0, 2.0    ,     1.0,     2.0,     0.0,     0.0,     1.0,    31.0
shanabr01, 1999,     1, DET , NHL , L  , 78.0, 41.0,  37.0,  78.0, 105.0, 24.0 , 13.0, 16.0,  1.0,  2.0,  9.0, 1.0, 283.0,    9.0,   3.0,   2.0,     5.0,    10.0, 0.0    ,     0.0,     2.0,     0.0,     0.0,     0.0,    41.0
shanabr01, 2000,     1, DET , NHL , L  , 81.0, 31.0,  45.0,  76.0,  81.0, 9.0  , 15.0, 21.0,  1.0,  0.0,  7.0, 1.0, 278.0,    2.0,   2.0,   2.0,     4.0,     0.0, 3.0    ,     0.0,     0.0,     0.0,     0.0,     1.0,    12.0
shanabr01, 2001,     1, DET , NHL , L  , 80.0, 37.0,  38.0,  75.0, 118.0, 23.0 , 12.0, 15.0,  3.0,  1.0,  7.0, 3.0, 277.0,   23.0,   8.0,  11.0,    19.0,    20.0, 5.0    ,     1.0,     8.0,     0.0,     1.0,     2.0,    78.0
shanabr01, 2002,     1, DET , NHL , L  , 78.0, 30.0,  38.0,  68.0, 103.0, 5.0  , 13.0, 14.0,  0.0,  1.0,  6.0, 0.0, 260.0,    4.0,   1.0,   1.0,     2.0,     4.0, -1.0   ,     1.0,     0.0,     0.0,     0.0,     0.0,    17.0
shanabr01, 2003,     1, DET , NHL , L  , 82.0, 25.0,  28.0,  53.0, 117.0, 15.0 ,  8.0, 11.0,  0.0,  1.0,  7.0, 0.0, 280.0,   12.0,   1.0,   5.0,     6.0,    20.0, 4.0    ,     0.0,     1.0,     1.0,     0.0,     0.0,    41.0
shanabr01, 2005,     1, DET , NHL , L  , 82.0, 40.0,  41.0,  81.0, 105.0, 29.0 , 14.0, 14.0,  0.0,  0.0,  6.0,    , 289.0,    6.0,   1.0,   1.0,     2.0,     6.0, 0.0    ,     0.0,     1.0,     0.0,     0.0,     0.0,    21.0
shanabr01, 2006,     1, NYR , NHL , L  , 67.0, 29.0,  33.0,  62.0,  47.0, 2.0  , 14.0, 17.0,  3.0,  1.0,  3.0,    , 295.0,   10.0,   5.0,   2.0,     7.0,    12.0, -5.0   ,     3.0,     1.0,     0.0,     0.0,     2.0,    41.0
shanabr01, 2007,     1, NYR , NHL , L  , 73.0, 23.0,  23.0,  46.0,  35.0, -2.0 , 11.0,  8.0,  0.0,  1.0,  3.0,    , 265.0,   10.0,   1.0,   4.0,     5.0,     8.0, 0.0    ,     0.0,     1.0,     0.0,     0.0,     0.0,    30.0
shanabr01, 2008,     1, NJD , NHL , L  , 34.0,  6.0,   8.0,  14.0,  29.0, -2.0 ,  2.0,  1.0,  0.0,  0.0,  1.0,    ,  77.0,    7.0,   1.0,   2.0,     3.0,     2.0, -1.0   ,     0.0,     1.0,     0.0,     0.0,     0.0,    25.0
shanase01, 1975,     1, MTL , NHL , L  ,  4.0,  0.0,   0.0,   0.0,   0.0, -1.0 ,  0.0,     ,  0.0,     ,  0.0, 0.0,   0.0,       ,      ,      ,        ,        ,        ,        ,        ,        ,        ,        ,      
shanase01, 1976,     1, COR , NHL , L  , 30.0,  1.0,   3.0,   4.0,  40.0, -11.0,  0.0,     ,  0.0,     ,  0.0, 0.0,  33.0,       ,      ,      ,        ,        ,        ,        ,        ,        ,        ,        ,      
shanase01, 1977,     1, BOS , NHL , R  ,  6.0,  0.0,   0.0,   0.0,   7.0, -1.0 ,  0.0,     ,  0.0,     ,  0.0, 0.0,   2.0,       ,      ,      ,        ,        ,        ,        ,        ,        ,        ,        ,      
shanase01, 1978,     1, CIN , WHA , L  ,  4.0,  0.0,   0.0,   0.0,   7.0, 0.0  ,  0.0,     ,  0.0,     ,     ,    ,   1.0,       ,      ,      ,        ,        ,        ,        ,        ,        ,        ,        ,      
shandda01, 1976,     1, ATF , NHL , D  , 55.0,  5.0,  11.0,  16.0,  62.0, 21.0 ,  0.0,     ,  0.0,     ,  1.0, 0.0,  79.0,    3.0,   0.0,   0.0,     0.0,    33.0,        ,     0.0,        ,     0.0,        ,     0.0,      
shandda01, 1977,     1, ATF , NHL , D  , 80.0,  2.0,  23.0,  25.0,  94.0, 23.0 ,  0.0,     ,  0.0,     ,  0.0, 1.0,  83.0,    2.0,   0.0,   0.0,     0.0,     4.0,        ,     0.0,        ,     0.0,        ,     0.0,      
shandda01, 1978,     1, ATF , NHL , D  , 79.0,  4.0,  22.0,  26.0,  64.0, 23.0 ,  0.0,     ,  1.0,     ,  0.0, 0.0,  81.0,    2.0,   0.0,   0.0,     0.0,    20.0,        ,     0.0,        ,     0.0,        ,     0.0,      
shandda01, 1979,     1, ATF , NHL , D  , 74.0,  3.0,   7.0,  10.0, 104.0, 1.0  ,  0.0,     ,  0.0,     ,  1.0, 0.0,  47.0,    4.0,   0.0,   1.0,     1.0,     0.0,        ,     0.0,        ,     0.0,        ,     0.0,      
shandda01, 1980,     1, TOR , NHL , D  , 47.0,  0.0,   4.0,   4.0,  60.0, -14.0,  0.0,     ,  0.0,     ,  0.0, 0.0,  31.0,    3.0,   0.0,   0.0,     0.0,     0.0,        ,     0.0,        ,     0.0,        ,     0.0,      
shandda01, 1982,     1, TOR , NHL , D  ,  1.0,  0.0,   1.0,   1.0,   2.0, 2.0  ,  0.0,     ,  0.0,     ,  0.0, 0.0,   0.0,    4.0,   1.0,   0.0,     1.0,    13.0,        ,     0.0,        ,     0.0,        ,     0.0,      
shandda01, 1983,     1, WAS , NHL , D  , 72.0,  4.0,  15.0,  19.0, 124.0, 23.0 ,  0.0,     ,  0.0,     ,  0.0, 0.0,  53.0,    8.0,   0.0,   1.0,     1.0,    13.0, 0.0    ,     0.0,        ,     0.0,        ,     0.0,     4.0
shandda01, 1984,     1, WAS , NHL , D  , 13.0,  1.0,   1.0,   2.0,  34.0, 1.0  ,  0.0,     ,  0.0,     ,  0.0, 0.0,  13.0,       ,      ,      ,        ,        ,        ,        ,        ,        ,        ,        ,      
shankda01, 1989,     1, DET , NHL , R  , 57.0, 11.0,  13.0,  24.0, 143.0, 1.0  ,  0.0,  0.0,  0.0,  0.0,  1.0, 0.0,  61.0,       ,      ,      ,        ,        ,        ,        ,        ,        ,        ,        ,      
shankda01, 1990,     1, DET , NHL , R  ,  7.0,  0.0,   1.0,   1.0,  14.0, 0.0  ,  0.0,  0.0,  0.0,  0.0,  0.0, 0.0,   4.0,       ,      ,      ,        ,        ,        ,        ,        ,        ,        ,        ,      
shankda01, 1991,     1, HAR , NHL , R  , 13.0,  2.0,   0.0,   2.0,  18.0, -4.0 ,  0.0,  0.0,  0.0,  0.0,  0.0, 0.0,  10.0,    5.0,   0.0,   0.0,     0.0,    22.0, 0.0    ,     0.0,     0.0,     0.0,     0.0,     0.0,     0.0
shannch01, 1939,     1, NYA , NHL , D  ,  4.0,  0.0,   0.0,   0.0,   2.0,      ,     ,     ,     ,     ,     ,    ,      ,       ,      ,      ,        ,        ,        ,        ,        ,        ,        ,        ,      
shannda01, 1988,     1, BUF , NHL , L  ,  3.0,  0.0,   0.0,   0.0,   0.0, -2.0 ,  0.0,  0.0,  0.0,  0.0,  0.0, 0.0,   0.0,    2.0,   0.0,   0.0,     0.0,     0.0, -1.0   ,     0.0,     0.0,     0.0,     0.0,     0.0,     1.0
shannda01, 1989,     1, BUF , NHL , L  , 17.0,  2.0,   7.0,   9.0,   4.0, 6.0  ,  0.0,  0.0,  0.0,  0.0,  0.0, 0.0,  20.0,    6.0,   0.0,   1.0,     1.0,     4.0, -7.0   ,     0.0,     0.0,     0.0,     0.0,     0.0,     4.0
shannda01, 1990,     1, BUF , NHL , L  , 34.0,  8.0,   6.0,  14.0,  12.0, -11.0,  1.0,  0.0,  0.0,  1.0,  0.0, 1.0,  56.0,    6.0,   1.0,   2.0,     3.0,     4.0, -2.0   ,     0.0,     0.0,     0.0,     0.0,     0.0,     5.0
shannda01, 1991,     1, BUF , NHL , L  ,  1.0,  0.0,   1.0,   1.0,   0.0, 1.0  ,  0.0,  0.0,  0.0,  0.0,  0.0, 0.0,   2.0,       ,      ,      ,        ,        ,        ,        ,        ,        ,        ,        ,      
shannda01, 1991,     2, WIN , NHL , L  , 68.0, 13.0,  26.0,  39.0,  41.0, 5.0  ,  3.0,  6.0,  0.0,  1.0,  3.0, 1.0,  91.0,    7.0,   0.0,   1.0,     1.0,    10.0, -7.0   ,     0.0,     0.0,     0.0,     0.0,     0.0,    11.0
shannda01, 1992,     1, WIN , NHL , L  , 84.0, 20.0,  40.0,  60.0,  91.0, -4.0 , 12.0,  9.0,  0.0,  1.0,  2.0, 0.0, 116.0,    6.0,   2.0,   4.0,     6.0,     6.0, -3.0   ,     1.0,     3.0,     0.0,     0.0,     0.0,    13.0
shannda01, 1993,     1, WIN , NHL , L  , 77.0, 21.0,  37.0,  58.0,  87.0, -18.0,  9.0,  9.0,  0.0,  1.0,  2.0, 0.0, 124.0,       ,      ,      ,        ,        ,        ,        ,        ,        ,        ,        ,      
shannda01, 1994,     1, WIN , NHL , L  , 19.0,  5.0,   3.0,   8.0,  14.0, -6.0 ,  3.0,  1.0,  0.0,  0.0,  1.0, 0.0,  26.0,       ,      ,      ,        ,        ,        ,        ,        ,        ,        ,        ,      
shannda01, 1995,     1, WIN , NHL , L  , 63.0,  5.0,  18.0,  23.0,  28.0, -5.0 ,  0.0,  1.0,  0.0,  0.0,  1.0, 0.0,  74.0,    6.0,   1.0,   0.0,     1.0,     6.0, 0.0    ,     0.0,     0.0,     0.0,     0.0,     0.0,     2.0
shannda01, 1996,     1, PHO , NHL , L  , 82.0, 11.0,  13.0,  24.0,  41.0, 4.0  ,  1.0,  1.0,  0.0,  0.0,  2.0, 0.0, 104.0,    7.0,   3.0,   1.0,     4.0,     4.0, 2.0    ,     0.0,     0.0,     0.0,     0.0,     1.0,     5.0
shannda01, 1997,     1, PHO , NHL , L  , 58.0,  2.0,  12.0,  14.0,  26.0, 4.0  ,  0.0,  0.0,  0.0,  0.0,  0.0, 0.0,  57.0,    5.0,   0.0,   1.0,     1.0,     4.0, -1.0   ,     0.0,     0.0,     0.0,     0.0,     0.0,     2.0
shannda02, 1988,     1, TOR , NHL , D  , 14.0,  1.0,   3.0,   4.0,   6.0, 5.0  ,  0.0,  0.0,  0.0,  0.0,  0.0, 0.0,  16.0,       ,      ,      ,        ,        ,        ,        ,        ,        ,        ,        ,      
shannda02, 1989,     1, TOR , NHL , D  , 10.0,  0.0,   1.0,   1.0,  12.0, -10.0,  0.0,  0.0,  0.0,  0.0,  0.0, 0.0,  16.0,       ,      ,      ,        ,        ,        ,        ,        ,        ,        ,        ,      
shannda02, 1990,     1, TOR , NHL , D  , 10.0,  0.0,   1.0,   1.0,   0.0, 1.0  ,  0.0,  0.0,  0.0,  0.0,  0.0, 0.0,   3.0,       ,      ,      ,        ,        ,        ,        ,        ,        ,        ,        ,      
shannda02, 1991,     1, TOR , NHL , D  , 48.0,  2.0,   8.0,  10.0,  23.0, -17.0,  1.0,  2.0,  0.0,  0.0,  0.0, 0.0,  50.0,       ,      ,      ,        ,        ,        ,        ,        ,        ,        ,        ,      
shannda02, 1992,     1, TOR , NHL , D  , 16.0,  0.0,   0.0,   0.0,  11.0, -5.0 ,  0.0,  0.0,  0.0,  0.0,  0.0, 0.0,  10.0,       ,      ,      ,        ,        ,        ,        ,        ,        ,        ,        ,      
shannda02, 1993,     1, WIN , NHL , D  , 20.0,  0.0,   4.0,   4.0,  18.0, -6.0 ,  0.0,  0.0,  0.0,  0.0,  0.0, 0.0,  14.0,       ,      ,      ,        ,        ,        ,        ,        ,        ,        ,        ,      
shannda02, 1994,     1, WIN , NHL , D  , 40.0,  5.0,   9.0,  14.0,  48.0, 1.0  ,  0.0,  0.0,  1.0,  1.0,  0.0, 0.0,  42.0,       ,      ,      ,        ,        ,        ,        ,        ,        ,        ,        ,      
shannda02, 1995,     1, WIN , NHL , D  , 48.0,  2.0,   7.0,   9.0,  72.0, 5.0  ,  0.0,  0.0,  0.0,  2.0,  0.0, 0.0,  34.0,       ,      ,      ,        ,        ,        ,        ,        ,        ,        ,        ,      
shannda02, 1995,     2, BUF , NHL , D  , 26.0,  2.0,   6.0,   8.0,  20.0, 10.0 ,  0.0,  1.0,  0.0,  0.0,  0.0, 0.0,  25.0,       ,      ,      ,        ,        ,        ,        ,        ,        ,        ,        ,      
shannda02, 1996,     1, BUF , NHL , D  , 82.0,  4.0,  19.0,  23.0, 112.0, 23.0 ,  1.0,  2.0,  0.0,  1.0,  1.0, 0.0,  94.0,   12.0,   2.0,   3.0,     5.0,     8.0, -1.0   ,     1.0,     0.0,     0.0,     0.0,     0.0,     8.0
shannda02, 1997,     1, BUF , NHL , D  , 76.0,  3.0,  19.0,  22.0,  56.0, 26.0 ,  1.0,  3.0,  0.0,  0.0,  1.0, 0.0,  85.0,   15.0,   2.0,   4.0,     6.0,     8.0, 0.0    ,     0.0,     3.0,     1.0,     0.0,     0.0,    15.0
shannda02, 1998,     1, BUF , NHL , D  , 71.0,  3.0,  12.0,  15.0,  52.0, 28.0 ,  1.0,  2.0,  0.0,  0.0,  0.0, 1.0,  80.0,    2.0,   0.0,   0.0,     0.0,     0.0, -1.0   ,     0.0,     0.0,     0.0,     0.0,     0.0,     7.0
shannda02, 1999,     1, ATL , NHL , D  , 49.0,  5.0,  13.0,  18.0,  65.0, -14.0,  1.0,  5.0,  0.0,  0.0,  1.0, 0.0,  66.0,       ,      ,      ,        ,        ,        ,        ,        ,        ,        ,        ,      
shannda02, 1999,     2, CAL , NHL , D  , 27.0,  1.0,   8.0,   9.0,  22.0, -13.0,  0.0,  4.0,  0.0,  0.0,  0.0, 0.0,  46.0,       ,      ,      ,        ,        ,        ,        ,        ,        ,        ,        ,      
shannda02, 2000,     1, MTL , NHL , D  ,  7.0,  0.0,   1.0,   1.0,   6.0, -4.0 ,  0.0,  0.0,  0.0,  0.0,  0.0, 0.0,   6.0,       ,      ,      ,        ,        ,        ,        ,        ,        ,        ,        ,      
shannge01, 1933,     1, OTS , NHL , L  , 48.0, 11.0,  15.0,  26.0,  26.0,      ,     ,     ,     ,     ,     ,    ,      ,       ,      ,      ,        ,        ,        ,        ,        ,        ,        ,        ,      
shannge01, 1934,     1, STE , NHL , L  , 25.0,  2.0,   2.0,   4.0,  11.0,      ,     ,     ,     ,     ,     ,    ,      ,       ,      ,      ,        ,        ,        ,        ,        ,        ,        ,        ,      
shannge01, 1934,     2, BOS , NHL , L  , 17.0,  1.0,   1.0,   2.0,   4.0,      ,     ,     ,     ,     ,     ,    ,      ,    4.0,   0.0,   0.0,     0.0,     2.0,        ,        ,        ,        ,        ,        ,      
shannge01, 1935,     1, BOS , NHL , L  , 23.0,  0.0,   1.0,   1.0,   6.0,      ,     ,     ,     ,     ,     ,    ,      ,       ,      ,      ,        ,        ,        ,        ,        ,        ,        ,        ,      
shannge01, 1936,     1, MTM , NHL , L  , 31.0,  9.0,   7.0,  16.0,  13.0,      ,     ,     ,     ,     ,     ,    ,      ,    5.0,   0.0,   1.0,     1.0,     0.0,        ,        ,        ,        ,        ,        ,      
shannge01, 1937,     1, MTM , NHL , L  , 36.0,  0.0,   3.0,   3.0,  20.0,      ,     ,     ,     ,     ,     ,    ,      ,       ,      ,      ,        ,        ,        ,        ,        ,        ,        ,        ,      
shannry01, 2006,     1, AND , NHL , R  , 53.0,  2.0,   9.0,  11.0,  10.0, -2.0 ,  0.0,  0.0,  0.0,  0.0,  0.0,    ,  77.0,   11.0,   0.0,   0.0,     0.0,     6.0, 0.0    ,     0.0,     0.0,     0.0,     0.0,     0.0,     5.0
shannry01, 2007,     1, VAN , NHL , R  , 27.0,  5.0,   8.0,  13.0,  24.0, -1.0 ,  4.0,  2.0,  0.0,  0.0,  0.0,    ,  34.0,       ,      ,      ,        ,        ,        ,        ,        ,        ,        ,        ,      
shannry01, 2008,     1, OTT , NHL , R  , 35.0,  8.0,  12.0,  20.0,   2.0, -1.0 ,  3.0,  4.0,  0.0,  0.0,  1.0,    ,  61.0,       ,      ,      ,        ,        ,        ,        ,        ,        ,        ,        ,      
shannry01, 2009,     1, OTT , NHL , R  , 66.0,  5.0,  11.0,  16.0,  20.0, -12.0,  1.0,  1.0,  0.0,  0.0,  1.0,    , 109.0,    2.0,   0.0,   0.0,     0.0,     0.0, 0.0    ,     0.0,     0.0,     0.0,     0.0,     0.0,     1.0
shantje01, 1993,     1, CHI , NHL , C  , 52.0,  3.0,  13.0,  16.0,  30.0, -14.0,  0.0,  1.0,  0.0,  0.0,  0.0, 0.0,  56.0,    6.0,   0.0,   0.0,     0.0,     6.0, -2.0   ,     0.0,     0.0,     0.0,     0.0,     0.0,     3.0
shantje01, 1994,     1, CHI , NHL , L  , 45.0,  6.0,  12.0,  18.0,  33.0, 11.0 ,  0.0,  2.0,  2.0,  1.0,  0.0, 0.0,  58.0,   16.0,   3.0,   1.0,     4.0,     2.0, 0.0    ,     0.0,     0.0,     0.0,     0.0,     0.0,    16.0
shantje01, 1995,     1, CHI , NHL , C  , 78.0,  6.0,  14.0,  20.0,  24.0, 12.0 ,  1.0,  0.0,  2.0,  1.0,  0.0, 0.0,  72.0,   10.0,   2.0,   3.0,     5.0,     6.0, -2.0   ,     0.0,     1.0,     0.0,     0.0,     0.0,     9.0
shantje01, 1996,     1, CHI , NHL , C  , 69.0,  9.0,  21.0,  30.0,  28.0, 11.0 ,  0.0,  2.0,  1.0,  1.0,  1.0, 0.0,  86.0,    6.0,   0.0,   4.0,     4.0,     6.0, 4.0    ,     0.0,     1.0,     0.0,     0.0,     0.0,     7.0
shantje01, 1997,     1, CHI , NHL , C  , 61.0, 11.0,  20.0,  31.0,  36.0, 0.0  ,  1.0,  4.0,  2.0,  2.0,  2.0, 0.0,  69.0,       ,      ,      ,        ,        ,        ,        ,        ,        ,        ,        ,      
shantje01, 1998,     1, CHI , NHL , C  ,  7.0,  1.0,   0.0,   1.0,   4.0, -1.0 ,  0.0,  0.0,  0.0,  0.0,  0.0, 0.0,   5.0,       ,      ,      ,        ,        ,        ,        ,        ,        ,        ,        ,      
shantje01, 1998,     2, CAL , NHL , C  , 69.0, 12.0,  17.0,  29.0,  40.0, 15.0 ,  1.0,  0.0,  1.0,  1.0,  3.0, 0.0,  77.0,       ,      ,      ,        ,        ,        ,        ,        ,        ,        ,        ,      
shantje01, 1999,     1, CAL , NHL , C  , 74.0, 13.0,  18.0,  31.0,  30.0, -13.0,  6.0,  5.0,  0.0,  0.0,  1.0, 0.0, 112.0,       ,      ,      ,        ,        ,        ,        ,        ,        ,        ,        ,      
shantje01, 2000,     1, CAL , NHL , C  , 73.0,  5.0,  15.0,  20.0,  58.0, -7.0 ,  0.0,  3.0,  0.0,  0.0,  0.0, 0.0,  88.0,       ,      ,      ,        ,        ,        ,        ,        ,        ,        ,        ,      
shantje01, 2001,     1, CAL , NHL , C  , 40.0,  3.0,   3.0,   6.0,  23.0, -3.0 ,  2.0,  1.0,  0.0,  0.0,  0.0, 0.0,  37.0,       ,      ,      ,        ,        ,        ,        ,        ,        ,        ,        ,      
shantje01, 2002,     1, COL , NHL , C  , 74.0,  3.0,   6.0,   9.0,  35.0, -12.0,  0.0,  0.0,  0.0,  1.0,  2.0, 0.0,  68.0,    6.0,   0.0,   0.0,     0.0,     4.0, 1.0    ,     0.0,     0.0,     0.0,     0.0,     0.0,     7.0
shariva01, 1996,     1, NJD , NHL , R  ,  2.0,  0.0,   0.0,   0.0,   0.0, 0.0  ,  0.0,  0.0,  0.0,  0.0,  0.0, 0.0,   4.0,       ,      ,      ,        ,        ,        ,        ,        ,        ,        ,        ,      
shariva01, 1998,     1, NJD , NHL , R  , 53.0, 11.0,  16.0,  27.0,  28.0, 11.0 ,  1.0,  4.0,  0.0,  2.0,  2.0, 0.0,  71.0,    4.0,   0.0,   0.0,     0.0,     0.0, 0.0    ,     0.0,     0.0,     0.0,     0.0,     0.0,     3.0
shariva01, 1999,     1, NJD , NHL , R  , 20.0,  3.0,   4.0,   7.0,   8.0, -6.0 ,  0.0,  0.0,  0.0,  0.0,  0.0, 0.0,  20.0,       ,      ,      ,        ,        ,        ,        ,        ,        ,        ,        ,      
shariva01, 1999,     2, VAN , NHL , R  , 17.0,  2.0,   1.0,   3.0,  14.0, -7.0 ,  1.0,  1.0,  0.0,  0.0,  0.0, 0.0,  26.0,       ,      ,      ,        ,        ,        ,        ,        ,        ,        ,        ,      
sharpgl01, 1976,     1, MNS , NHL , C  , 80.0, 25.0,  32.0,  57.0,  48.0, -21.0,  2.0,     ,  1.0,     ,  6.0, 2.0, 206.0,    2.0,   0.0,   0.0,     0.0,     4.0,        ,     0.0,        ,     0.0,        ,     0.0,      
sharpgl01, 1977,     1, MNS , NHL , C  , 79.0, 22.0,  33.0,  55.0,  42.0, -33.0,  6.0,     ,  0.0,     ,  3.0, 1.0, 215.0,       ,      ,      ,        ,        ,        ,        ,        ,        ,        ,        ,      
sharpgl01, 1978,     1, MNS , NHL , C  , 80.0, 19.0,  34.0,  53.0,  30.0, -18.0,  5.0,     ,  0.0,     ,  1.0, 1.0, 162.0,       ,      ,      ,        ,        ,        ,        ,        ,        ,        ,        ,      
sharpgl01, 1979,     1, MNS , NHL , C  , 51.0, 20.0,  27.0,  47.0,  38.0, -1.0 ,  6.0,     ,  0.0,     ,  0.0, 2.0, 109.0,    9.0,   1.0,   6.0,     7.0,     4.0,        ,     0.0,        ,     0.0,        ,     0.0,      
sharpgl01, 1980,     1, MNS , NHL , C  , 28.0, 12.0,  12.0,  24.0,  18.0, -4.0 ,  6.0,     ,  0.0,     ,  0.0, 1.0,  52.0,       ,      ,      ,        ,        ,        ,        ,        ,        ,        ,        ,      
sharpgl01, 1980,     2, CHI , NHL , C  , 35.0, 10.0,  16.0,  26.0,  12.0, 6.0  ,  4.0,     ,  0.0,     ,  0.0, 0.0,  64.0,    1.0,   0.0,   2.0,     2.0,     0.0,        ,     0.0,        ,     0.0,        ,     0.0,      
sharpgl01, 1981,     1, CHI , NHL , C  , 36.0,  9.0,   7.0,  16.0,  11.0, 2.0  ,  0.0,     ,  0.0,     ,  2.0, 0.0,  38.0,   15.0,   6.0,   3.0,     9.0,    16.0,        ,     0.0,        ,     0.0,        ,     0.0,      
sharpje01, 1986,     1, DET , NHL , D  ,  3.0,  0.0,   1.0,   1.0,   2.0, 0.0  ,  0.0,     ,  0.0,     ,  0.0, 0.0,   1.0,    2.0,   0.0,   0.0,     0.0,     2.0, 0.0    ,     0.0,        ,     0.0,        ,     0.0,     3.0
sharpje01, 1987,     1, DET , NHL , D  , 56.0, 10.0,  25.0,  35.0,  42.0, 13.0 ,  2.0, 14.0,  0.0,  0.0,  0.0, 0.0,  94.0,    4.0,   0.0,   3.0,     3.0,     4.0, -1.0   ,     0.0,     3.0,     0.0,     0.0,     0.0,    11.0
sharpje01, 1988,     1, DET , NHL , D  , 46.0,  4.0,   9.0,  13.0,  26.0, 5.0  ,  3.0,  4.0,  0.0,  0.0,  0.0, 0.0,  48.0,    1.0,   0.0,   0.0,     0.0,     0.0, 0.0    ,     0.0,     0.0,     0.0,     0.0,     0.0,     0.0
sharpma01, 2009,     1, AND , NHL , C  ,  8.0,  0.0,   0.0,   0.0,   0.0, 0.0  ,  0.0,  0.0,  0.0,  0.0,  0.0,    ,   6.0,       ,      ,      ,        ,        ,        ,        ,        ,        ,        ,        ,      
sharppa01, 2002,     1, PHI , NHL , C  ,  3.0,  0.0,   0.0,   0.0,   2.0, 0.0  ,  0.0,  0.0,  0.0,  0.0,  0.0, 0.0,   3.0,       ,      ,      ,        ,        ,        ,        ,        ,        ,        ,        ,      
sharppa01, 2003,     1, PHI , NHL , C  , 41.0,  5.0,   2.0,   7.0,  55.0, -3.0 ,  0.0,  0.0,  0.0,  0.0,  1.0, 0.0,  44.0,   12.0,   1.0,   0.0,     1.0,     2.0, -2.0   ,     0.0,     0.0,     0.0,     0.0,     0.0,    11.0
sharppa01, 2005,     1, PHI , NHL , C  , 22.0,  5.0,   3.0,   8.0,  10.0, 4.0  ,  1.0,  0.0,  0.0,  0.0,  3.0,    ,  33.0,       ,      ,      ,        ,        ,        ,        ,        ,        ,        ,        ,      
sharppa01, 2005,     2, CHI , NHL , C  , 50.0,  9.0,  14.0,  23.0,  36.0, 1.0  ,  0.0,  4.0,  1.0,  0.0,  2.0,    , 111.0,       ,      ,      ,        ,        ,        ,        ,        ,        ,        ,        ,      
sharppa01, 2006,     1, CHI , NHL , R  , 80.0, 20.0,  15.0,  35.0,  74.0, -15.0,  5.0,  0.0,  3.0,  1.0,  1.0,    , 160.0,       ,      ,      ,        ,        ,        ,        ,        ,        ,        ,        ,      
sharppa01, 2007,     1, CHI , NHL , L  , 80.0, 36.0,  26.0,  62.0,  55.0, 23.0 ,  9.0,  5.0,  7.0,  2.0,  7.0,    , 209.0,       ,      ,      ,        ,        ,        ,        ,        ,        ,        ,        ,      
sharppa01, 2008,     1, CHI , NHL , C  , 61.0, 26.0,  18.0,  44.0,  41.0, 6.0  ,  9.0,  9.0,  0.0,  1.0,  4.0,    , 184.0,   17.0,   7.0,   4.0,    11.0,     6.0, -1.0   ,     3.0,     1.0,     0.0,     0.0,     2.0,    42.0
sharppa01, 2009,     1, CHI , NHL , C  , 82.0, 25.0,  41.0,  66.0,  28.0, 24.0 ,  4.0, 12.0,  2.0,  1.0,  4.0,    , 266.0,   22.0,  11.0,  11.0,    22.0,    16.0, 10.0   ,     3.0,     3.0,     1.0,     0.0,     1.0,    76.0
sharpsc01, 1991,     1, CAL , NHL , G  ,  1.0,  0.0,   0.0,   0.0,   0.0, 0.0  ,  0.0,  0.0,  0.0,  0.0,  0.0, 0.0,   0.0,       ,      ,      ,        ,        ,        ,        ,        ,        ,        ,        ,      
shaunsc01, 1986,     1, QUE , NHL , D  ,  3.0,  0.0,   0.0,   0.0,   7.0, -1.0 ,  0.0,     ,  0.0,     ,  0.0, 0.0,   0.0,       ,      ,      ,        ,        ,        ,        ,        ,        ,        ,        ,      
shaunsc01, 1988,     1, QUE , NHL , D  ,  4.0,  0.0,   0.0,   0.0,  16.0, 0.0  ,  0.0,  0.0,  0.0,  0.0,  0.0, 0.0,   0.0,       ,      ,      ,        ,        ,        ,        ,        ,        ,        ,        ,      
shawbr01 , 1985,     1, HAR , NHL , D  ,  8.0,  0.0,   2.0,   2.0,   4.0, -1.0 ,  0.0,     ,  0.0,     ,  0.0, 0.0,  17.0,       ,      ,      ,        ,        ,        ,        ,        ,        ,        ,        ,      
shawbr01 , 1986,     1, HAR , NHL , D  ,  2.0,  0.0,   0.0,   0.0,   0.0, 0.0  ,  0.0,     ,  0.0,     ,  0.0, 0.0,   2.0,       ,      ,      ,        ,        ,        ,        ,        ,        ,        ,        ,      
shawbr01 , 1987,     1, HAR , NHL , D  ,  1.0,  0.0,   0.0,   0.0,   0.0, -1.0 ,  0.0,  0.0,  0.0,  0.0,  0.0, 0.0,   1.0,       ,      ,      ,        ,        ,        ,        ,        ,        ,        ,        ,      
shawbr01 , 1988,     1, HAR , NHL , D  ,  3.0,  1.0,   0.0,   1.0,   0.0, 1.0  ,  1.0,  0.0,  0.0,  0.0,  0.0, 0.0,   2.0,    3.0,   1.0,   0.0,     1.0,     0.0, 0.0    ,     0.0,     0.0,     0.0,     0.0,     0.0,     7.0
shawbr01 , 1989,     1, HAR , NHL , D  , 64.0,  3.0,  32.0,  35.0,  30.0, 2.0  ,  3.0, 13.0,  0.0,  3.0,  0.0, 0.0,  65.0,    7.0,   2.0,   5.0,     7.0,     0.0, 1.0    ,     1.0,     2.0,     0.0,     0.0,     0.0,     7.0
shawbr01 , 1990,     1, HAR , NHL , D  , 72.0,  4.0,  28.0,  32.0,  29.0, -10.0,  2.0, 22.0,  0.0,  1.0,  1.0, 0.0, 129.0,    6.0,   1.0,   2.0,     3.0,     2.0, -4.0   ,     0.0,     0.0,     0.0,     0.0,     0.0,     5.0
shawbr01 , 1991,     1, HAR , NHL , D  , 62.0,  3.0,  22.0,  25.0,  44.0, 1.0  ,  0.0, 15.0,  0.0,  0.0,  0.0, 0.0, 100.0,    3.0,   0.0,   1.0,     1.0,     4.0, -2.0   ,     0.0,     1.0,     0.0,     0.0,     0.0,     9.0
shawbr01 , 1992,     1, OTT , NHL , D  , 81.0,  7.0,  34.0,  41.0,  34.0, -47.0,  4.0, 22.0,  0.0,  1.0,  0.0, 0.0, 166.0,       ,      ,      ,        ,        ,        ,        ,        ,        ,        ,        ,      
shawbr01 , 1993,     1, OTT , NHL , D  , 66.0,  4.0,  19.0,  23.0,  59.0, -41.0,  1.0,  9.0,  0.0,  0.0,  0.0, 0.0, 113.0,       ,      ,      ,        ,        ,        ,        ,        ,        ,        ,        ,      
shawbr01 , 1994,     1, OTT , NHL , D  ,  2.0,  0.0,   0.0,   0.0,   0.0, 3.0  ,  0.0,  0.0,  0.0,  0.0,  0.0, 0.0,   3.0,       ,      ,      ,        ,        ,        ,        ,        ,        ,        ,        ,      
shawbr01 , 1998,     1, WAS , NHL , D  ,  4.0,  0.0,   0.0,   0.0,   4.0, 0.0  ,  0.0,  0.0,  0.0,  0.0,  0.0, 0.0,   5.0,       ,      ,      ,        ,        ,        ,        ,        ,        ,        ,        ,      
shawbr01 , 1998,     2, STL , NHL , D  , 12.0,  0.0,   0.0,   0.0,   4.0, 0.0  ,  0.0,  0.0,  0.0,  0.0,  0.0, 0.0,  10.0,    4.0,   0.0,   0.0,     0.0,     0.0, 2.0    ,     0.0,     0.0,     0.0,     0.0,     0.0,     3.0
shawda01 , 1982,     1, QUE , NHL , D  ,  2.0,  0.0,   0.0,   0.0,   0.0, -1.0 ,  0.0,     ,  0.0,     ,  0.0, 0.0,   0.0,       ,      ,      ,        ,        ,        ,        ,        ,        ,        ,        ,      
shawda01 , 1983,     1, QUE , NHL , D  ,  3.0,  0.0,   0.0,   0.0,   0.0, 2.0  ,  0.0,     ,  0.0,     ,  0.0, 0.0,   3.0,       ,      ,      ,        ,        ,        ,        ,        ,        ,        ,        ,      
shawda01 , 1984,     1, QUE , NHL , D  , 14.0,  0.0,   0.0,   0.0,  11.0, -5.0 ,  0.0,     ,  0.0,     ,  0.0, 0.0,  10.0,       ,      ,      ,        ,        ,        ,        ,        ,        ,        ,        ,      
shawda01 , 1985,     1, QUE , NHL , D  , 73.0,  7.0,  19.0,  26.0,  78.0, 14.0 ,  2.0,     ,  0.0,     ,  2.0, 0.0, 126.0,       ,      ,      ,        ,        ,        ,        ,        ,        ,        ,        ,      
shawda01 , 1986,     1, QUE , NHL , D  , 75.0,  0.0,  19.0,  19.0,  69.0, -35.0,  0.0,     ,  0.0,     ,  0.0, 0.0, 136.0,       ,      ,      ,        ,        ,        ,        ,        ,        ,        ,        ,      
shawda01 , 1987,     1, NYR , NHL , D  , 68.0,  7.0,  25.0,  32.0, 100.0, -8.0 ,  5.0, 17.0,  0.0,  0.0,  1.0, 0.0, 141.0,       ,      ,      ,        ,        ,        ,        ,        ,        ,        ,        ,      
shawda01 , 1988,     1, NYR , NHL , D  , 63.0,  6.0,  11.0,  17.0,  88.0, 14.0 ,  3.0,  2.0,  1.0,  1.0,  1.0, 0.0,  85.0,    4.0,   0.0,   2.0,     2.0,    30.0, -3.0   ,     0.0,     0.0,     0.0,     0.0,     0.0,     7.0
shawda01 , 1989,     1, NYR , NHL , D  , 22.0,  2.0,  10.0,  12.0,  22.0, -3.0 ,  1.0,  3.0,  1.0,  0.0,  0.0, 0.0,  24.0,       ,      ,      ,        ,        ,        ,        ,        ,        ,        ,        ,      
shawda01 , 1990,     1, NYR , NHL , D  , 77.0,  2.0,  10.0,  12.0,  89.0, 8.0  ,  0.0,  0.0,  0.0,  0.0,  1.0, 0.0,  61.0,    6.0,   0.0,   0.0,     0.0,    11.0, -2.0   ,     0.0,     0.0,     0.0,     0.0,     0.0,     4.0
shawda01 , 1991,     1, NYR , NHL , D  , 10.0,  0.0,   1.0,   1.0,  15.0, 1.0  ,  0.0,  0.0,  0.0,  0.0,  0.0, 0.0,   6.0,       ,      ,      ,        ,        ,        ,        ,        ,        ,        ,        ,      
shawda01 , 1991,     2, EDM , NHL , D  , 12.0,  1.0,   1.0,   2.0,   8.0, -8.0 ,  0.0,  0.0,  0.0,  0.0,  0.0, 0.0,  15.0,       ,      ,      ,        ,        ,        ,        ,        ,        ,        ,        ,      
shawda01 , 1991,     3, MNS , NHL , D  , 37.0,  0.0,   7.0,   7.0,  49.0, -5.0 ,  0.0,  3.0,  0.0,  0.0,  0.0, 0.0,  49.0,    7.0,   2.0,   2.0,     4.0,    10.0, -2.0   ,     1.0,     1.0,     0.0,     0.0,     0.0,    13.0
shawda01 , 1992,     1, BOS , NHL , D  , 77.0, 10.0,  14.0,  24.0, 108.0, 10.0 ,  1.0,  4.0,  1.0,  1.0,  1.0, 0.0, 122.0,    4.0,   0.0,   1.0,     1.0,     6.0, -3.0   ,     0.0,     0.0,     0.0,     0.0,     0.0,     6.0
shawda01 , 1993,     1, BOS , NHL , D  , 55.0,  1.0,   9.0,  10.0,  85.0, -11.0,  0.0,  0.0,  0.0,  1.0,  0.0, 0.0, 107.0,   13.0,   1.0,   2.0,     3.0,    16.0, 4.0    ,     0.0,     0.0,     0.0,     0.0,     1.0,    19.0
shawda01 , 1994,     1, BOS , NHL , D  , 44.0,  3.0,   4.0,   7.0,  36.0, -9.0 ,  1.0,  1.0,  0.0,  0.0,  0.0, 0.0,  58.0,    5.0,   0.0,   1.0,     1.0,     4.0, -2.0   ,     0.0,     1.0,     0.0,     0.0,     0.0,     9.0
shawda01 , 1995,     1, TBL , NHL , D  , 66.0,  1.0,  11.0,  12.0,  64.0, 5.0  ,  0.0,  1.0,  0.0,  0.0,  0.0, 0.0,  90.0,    6.0,   0.0,   1.0,     1.0,     4.0, -4.0   ,     0.0,     1.0,     0.0,     0.0,     0.0,     9.0
shawda01 , 1996,     1, TBL , NHL , D  , 57.0,  1.0,  10.0,  11.0,  72.0, 1.0  ,  0.0,  3.0,  0.0,  0.0,  0.0, 0.0,  59.0,       ,      ,      ,        ,        ,        ,        ,        ,        ,        ,        ,      
shawda01 , 1997,     1, TBL , NHL , D  , 14.0,  0.0,   2.0,   2.0,  12.0, -2.0 ,  0.0,  0.0,  0.0,  0.0,  0.0, 0.0,  12.0,       ,      ,      ,        ,        ,        ,        ,        ,        ,        ,        ,      
shawji01 , 1974,     1, TOT , WHA , G  , 21.0,  0.0,   0.0,   0.0,   0.0,      ,  0.0,     ,  0.0,     ,  0.0,    ,   0.0,    5.0,   0.0,   0.0,     0.0,     0.0,        ,     0.0,        ,     0.0,        ,     0.0,      
shawji01 , 1975,     1, TOT , WHA , G  , 16.0,  0.0,   0.0,   0.0,   0.0, 0.0  ,  0.0,     ,  0.0,     ,  0.0,    ,   0.0,       ,      ,      ,        ,        ,        ,        ,        ,        ,        ,        ,      
shayno01 , 1924,     1, BOS , NHL , L  , 18.0,  1.0,   2.0,   3.0,  14.0,      ,     ,     ,     ,     ,     ,    ,      ,       ,      ,      ,        ,        ,        ,        ,        ,        ,        ,        ,      
shayno01 , 1925,     1, BOS , NHL , L  , 13.0,  1.0,   0.0,   1.0,   2.0,      ,     ,     ,     ,     ,     ,    ,      ,       ,      ,      ,        ,        ,        ,        ,        ,        ,        ,        ,      
shayno01 , 1925,     2, TRS , NHL , L  , 22.0,  3.0,   1.0,   4.0,  18.0,      ,     ,     ,     ,     ,     ,    ,      ,       ,      ,      ,        ,        ,        ,        ,        ,        ,        ,        ,      
sheapa01 , 1931,     1, CHI , NHL , D  , 10.0,  0.0,   1.0,   1.0,   0.0,      ,     ,     ,     ,     ,     ,    ,      ,       ,      ,      ,        ,        ,        ,        ,        ,        ,        ,        ,      
shearro01, 2000,     1, COL , NHL , C  ,  2.0,  0.0,   0.0,   0.0,   0.0, -2.0 ,  0.0,  0.0,  0.0,  0.0,  0.0, 0.0,   0.0,       ,      ,      ,        ,        ,        ,        ,        ,        ,        ,        ,      
shedddo01, 1981,     1, PIT , NHL , C  , 38.0, 10.0,  15.0,  25.0,  12.0, -2.0 ,  4.0,     ,  0.0,     ,  2.0, 0.0,  76.0,       ,      ,      ,        ,        ,        ,        ,        ,        ,        ,        ,      
shedddo01, 1982,     1, PIT , NHL , C  , 80.0, 24.0,  43.0,  67.0,  54.0, -20.0,  4.0,     ,  1.0,     ,  2.0, 1.0, 175.0,       ,      ,      ,        ,        ,        ,        ,        ,        ,        ,        ,      
shedddo01, 1983,     1, PIT , NHL , C  , 67.0, 22.0,  35.0,  57.0,  20.0, -38.0,  6.0,     ,  1.0,     ,  1.0, 1.0, 159.0,       ,      ,      ,        ,        ,        ,        ,        ,        ,        ,        ,      
shedddo01, 1984,     1, PIT , NHL , R  , 80.0, 35.0,  32.0,  67.0,  30.0, -51.0, 12.0,     ,  0.0,     ,  3.0, 0.0, 203.0,       ,      ,      ,        ,        ,        ,        ,        ,        ,        ,        ,      
shedddo01, 1985,     1, PIT , NHL , R  , 67.0, 32.0,  34.0,  66.0,  32.0, -7.0 , 19.0,     ,  0.0,     ,  5.0, 0.0, 179.0,       ,      ,      ,        ,        ,        ,        ,        ,        ,        ,        ,      
shedddo01, 1985,     2, DET , NHL , R  , 11.0,  2.0,   3.0,   5.0,   2.0, -1.0 ,  2.0,     ,  0.0,     ,  0.0, 0.0,  33.0,       ,      ,      ,        ,        ,        ,        ,        ,        ,        ,        ,      
shedddo01, 1986,     1, DET , NHL , R  , 33.0,  6.0,  12.0,  18.0,   6.0, 3.0  ,  1.0,     ,  0.0,     ,  1.0, 1.0,  51.0,       ,      ,      ,        ,        ,        ,        ,        ,        ,        ,        ,      
shedddo01, 1986,     2, QUE , NHL , R  , 16.0,  0.0,   2.0,   2.0,   8.0, -5.0 ,  0.0,     ,  0.0,     ,  0.0, 0.0,  29.0,       ,      ,      ,        ,        ,        ,        ,        ,        ,        ,        ,      
shedddo01, 1988,     1, TOR , NHL , C  ,  1.0,  0.0,   0.0,   0.0,   2.0, -1.0 ,  0.0,  0.0,  0.0,  0.0,  0.0, 0.0,   2.0,       ,      ,      ,        ,        ,        ,        ,        ,        ,        ,        ,      
shedddo01, 1990,     1, TOR , NHL , R  , 23.0,  8.0,  10.0,  18.0,  10.0, 2.0  ,  4.0,  3.0,  0.0,  0.0,  0.0, 1.0,  35.0,       ,      ,      ,        ,        ,        ,        ,        ,        ,        ,        ,      
sheehbo01, 1969,     1, MTL , NHL , C  , 16.0,  2.0,   1.0,   3.0,   2.0, 0.0  ,  0.0,     ,  0.0,     ,  0.0, 0.0,  20.0,       ,      ,      ,        ,        ,        ,        ,        ,        ,        ,        ,      
sheehbo01, 1970,     1, MTL , NHL , C  , 29.0,  6.0,   5.0,  11.0,   2.0, 4.0  ,  1.0,     ,  0.0,     ,  1.0, 1.0,  33.0,    6.0,   0.0,   0.0,     0.0,     0.0,        ,     0.0,        ,     0.0,        ,     0.0,      
sheehbo01, 1971,     1, CLF , NHL , C  , 78.0, 20.0,  26.0,  46.0,  12.0, -17.0,  2.0,     ,  1.0,     ,  3.0, 1.0, 170.0,       ,      ,      ,        ,        ,        ,        ,        ,        ,        ,        ,      
sheehbo01, 1972,     1, NRA , WHA , C  , 75.0, 35.0,  53.0,  88.0,  17.0,      , 18.0,     ,  0.0,     ,  5.0,    ,      ,       ,      ,      ,        ,        ,        ,        ,        ,        ,        ,        ,      
sheehbo01, 1973,     1, NYJ , WHA , C  , 50.0, 12.0,   8.0,  20.0,   8.0,      ,  5.0,     ,  0.0,     ,  1.0,    ,      ,       ,      ,      ,        ,        ,        ,        ,        ,        ,        ,        ,      
sheehbo01, 1973,     2, EDO , WHA , C  , 10.0,  1.0,   3.0,   4.0,   6.0,      ,  1.0,     ,  0.0,     ,  0.0,    ,      ,    5.0,   1.0,   3.0,     4.0,     0.0,        ,        ,        ,        ,        ,     0.0,      
sheehbo01, 1974,     1, EDO , WHA , C  , 77.0, 19.0,  39.0,  58.0,   8.0, 7.0  ,  2.0,     ,  0.0,     ,     ,    , 178.0,       ,      ,      ,        ,        ,        ,        ,        ,        ,        ,        ,      
sheehbo01, 1975,     1, CHI , NHL , C  , 78.0, 11.0,  20.0,  31.0,  18.0, -4.0 ,  2.0,     ,  0.0,     ,  0.0, 2.0, 129.0,    4.0,   0.0,   0.0,     0.0,     0.0,        ,     0.0,        ,     0.0,        ,     0.0,      
sheehbo01, 1976,     1, DET , NHL , C  , 34.0,  5.0,   4.0,   9.0,   2.0, -10.0,  0.0,     ,  0.0,     ,  0.0, 0.0,  45.0,       ,      ,      ,        ,        ,        ,        ,        ,        ,        ,        ,      
sheehbo01, 1977,     1, IND , WHA , C  , 29.0,  8.0,   7.0,  15.0,   6.0, -19.0,  1.0,     ,  3.0,     ,     ,    ,  70.0,       ,      ,      ,        ,        ,        ,        ,        ,        ,        ,        ,      
sheehbo01, 1978,     1, NYR , NHL , C  ,     ,     ,      ,      ,      ,      ,     ,     ,     ,     ,     ,    ,      ,   15.0,   4.0,   3.0,     7.0,     8.0,        ,     1.0,        ,     0.0,        ,     0.0,      
sheehbo01, 1979,     1, COR , NHL , C  , 30.0,  3.0,   4.0,   7.0,   2.0, -7.0 ,  1.0,     ,  0.0,     ,  0.0, 0.0,  39.0,       ,      ,      ,        ,        ,        ,        ,        ,        ,        ,        ,      
sheehbo01, 1980,     1, COR , NHL , L  , 41.0,  1.0,   3.0,   4.0,  10.0, -5.0 ,  0.0,     ,  0.0,     ,  0.0, 0.0,  28.0,       ,      ,      ,        ,        ,        ,        ,        ,        ,        ,        ,      
sheehbo01, 1981,     1, LAK , NHL , C  ,  4.0,  0.0,   0.0,   0.0,   2.0, -2.0 ,  0.0,     ,  0.0,     ,  0.0, 0.0,   7.0,       ,      ,      ,        ,        ,        ,        ,        ,        ,        ,        ,      
sheehne01, 1983,     1, CAL , NHL , D  ,  1.0,  1.0,   0.0,   1.0,   2.0, 0.0  ,  0.0,     ,  0.0,     ,  0.0, 0.0,   1.0,    4.0,   0.0,   0.0,     0.0,     4.0, -2.0   ,     0.0,        ,     0.0,        ,     0.0,     5.0
sheehne01, 1984,     1, CAL , NHL , D  , 31.0,  3.0,   4.0,   7.0, 109.0, 5.0  ,  0.0,     ,  0.0,     ,  0.0, 0.0,  42.0,       ,      ,      ,        ,        ,        ,        ,        ,        ,        ,        ,      
sheehne01, 1985,     1, CAL , NHL , D  , 65.0,  2.0,  16.0,  18.0, 271.0, -1.0 ,  1.0,     ,  0.0,     ,  0.0, 0.0,  59.0,   22.0,   0.0,   2.0,     2.0,    79.0, -2.0   ,     0.0,        ,     0.0,        ,     0.0,    11.0
sheehne01, 1986,     1, CAL , NHL , D  , 54.0,  4.0,   6.0,  10.0, 151.0, 11.0 ,  0.0,     ,  0.0,     ,  0.0, 0.0,  45.0,    6.0,   0.0,   0.0,     0.0,    21.0, 1.0    ,     0.0,        ,     0.0,        ,     0.0,     5.0
sheehne01, 1987,     1, CAL , NHL , D  , 36.0,  2.0,   6.0,   8.0,  73.0, 16.0 ,  0.0,     ,  0.0,  0.0,  0.0, 0.0,  27.0,       ,      ,      ,        ,        ,        ,        ,        ,        ,        ,        ,      
sheehne01, 1987,     2, HAR , NHL , D  , 26.0,  1.0,   4.0,   5.0, 116.0, -3.0 ,  0.0,     ,  0.0,  0.0,  0.0, 0.0,  13.0,    1.0,   0.0,   0.0,     0.0,     7.0, 0.0    ,     0.0,     0.0,     0.0,     0.0,     0.0,     0.0
sheehne01, 1988,     1, WAS , NHL , D  , 72.0,  3.0,   4.0,   7.0, 179.0, -1.0 ,  0.0,  0.0,  0.0,  0.0,  0.0, 0.0,  22.0,    6.0,   0.0,   0.0,     0.0,    19.0, -4.0   ,     0.0,     0.0,     0.0,     0.0,     0.0,     3.0
sheehne01, 1989,     1, WAS , NHL , D  , 59.0,  1.0,   5.0,   6.0, 291.0, 8.0  ,  0.0,  0.0,  0.0,  0.0,  0.0, 0.0,  32.0,   13.0,   0.0,   1.0,     1.0,    92.0, 4.0    ,     0.0,     0.0,     0.0,     0.0,     0.0,     3.0
sheehne01, 1990,     1, WAS , NHL , D  ,     ,     ,      ,      ,      ,      ,     ,     ,     ,     ,     ,    ,      ,    2.0,   0.0,   0.0,     0.0,    19.0, -2.0   ,     0.0,     0.0,     0.0,     0.0,     0.0,     0.0
sheehne01, 1991,     1, CAL , NHL , D  , 35.0,  1.0,   2.0,   3.0, 119.0, -7.0 ,  0.0,  0.0,  0.0,  0.0,  0.0, 0.0,  19.0,       ,      ,      ,        ,        ,        ,        ,        ,        ,        ,        ,      
sheehti01, 1972,     1, NEW , WHA , C  , 78.0, 33.0,  38.0,  71.0,  30.0,      ,  5.0,     ,  0.0,     ,  4.0,    ,      ,   15.0,   9.0,  14.0,    23.0,    13.0,        ,     2.0,        ,     0.0,        ,     3.0,      
sheehti01, 1973,     1, NEW , WHA , R  , 77.0, 29.0,  29.0,  58.0,  22.0,      ,  4.0,     ,  0.0,     ,  3.0,    ,      ,    7.0,   4.0,   2.0,     6.0,     4.0,        ,        ,        ,        ,        ,     0.0,      
sheehti01, 1974,     1, NEW , WHA , R  , 52.0, 21.0,  13.0,  34.0,  18.0, -10.0,  3.0,     ,  0.0,     ,     ,    , 131.0,       ,      ,      ,        ,        ,        ,        ,        ,        ,        ,        ,      
sheehti01, 1974,     2, EDO , WHA , R  , 29.0,  8.0,  20.0,  28.0,   4.0, -5.0 ,  2.0,     ,  0.0,     ,     ,    ,  81.0,       ,      ,      ,        ,        ,        ,        ,        ,        ,        ,        ,      
sheehti01, 1975,     1, EDO , WHA , R  , 81.0, 34.0,  31.0,  65.0,  17.0, -4.0 ,  6.0,     ,  0.0,     ,  6.0,    , 223.0,    4.0,   2.0,   2.0,     4.0,     0.0, -5.0   ,        ,        ,        ,        ,        ,      
sheehti01, 1976,     1, EDO , WHA , R  , 28.0, 15.0,   8.0,  23.0,   4.0, -7.0 ,  4.0,     ,  0.0,     ,     ,    ,  85.0,       ,      ,      ,        ,        ,        ,        ,        ,        ,        ,        ,      
sheehti01, 1976,     2, BIR , WHA , R  , 50.0, 26.0,  21.0,  47.0,  44.0, -2.0 ,  7.0,     ,  0.0,     ,     ,    , 177.0,       ,      ,      ,        ,        ,        ,        ,        ,        ,        ,        ,      
sheehti01, 1977,     1, BIR , WHA , R  , 13.0,  4.0,   2.0,   6.0,   5.0, -14.0,  2.0,     ,  0.0,     ,     ,    ,  43.0,       ,      ,      ,        ,        ,        ,        ,        ,        ,        ,        ,      
sheehti01, 1977,     2, DET , NHL , R  , 15.0,  0.0,   0.0,   0.0,   0.0, -13.0,  0.0,     ,  0.0,     ,  0.0, 0.0,  17.0,       ,      ,      ,        ,        ,        ,        ,        ,        ,        ,        ,      
sheehti01, 1977,     3, NEW , WHA , R  , 25.0,  8.0,  11.0,  19.0,  14.0, -2.0 ,  3.0,     ,  0.0,     ,     ,    ,  43.0,   13.0,   1.0,   3.0,     4.0,     9.0, 1.0    ,        ,        ,        ,        ,     0.0,      
sheehti01, 1979,     1, HAR , NHL , R  , 12.0,  2.0,   1.0,   3.0,   0.0, 6.0  ,  0.0,     ,  0.0,     ,  0.0, 0.0,  15.0,       ,      ,      ,        ,        ,        ,        ,        ,        ,        ,        ,      
shelljo01, 2000,     1, CBS , NHL , L  ,  1.0,  0.0,   0.0,   0.0,  10.0, 0.0  ,  0.0,  0.0,  0.0,  0.0,  0.0, 0.0,   0.0,       ,      ,      ,        ,        ,        ,        ,        ,        ,        ,        ,      
shelljo01, 2001,     1, CBS , NHL , L  , 52.0,  3.0,   3.0,   6.0, 206.0, 1.0  ,  0.0,  1.0,  0.0,  0.0,  0.0, 0.0,  35.0,       ,      ,      ,        ,        ,        ,        ,        ,        ,        ,        ,      
shelljo01, 2002,     1, CBS , NHL , L  , 68.0,  1.0,   4.0,   5.0, 249.0, -5.0 ,  0.0,  0.0,  0.0,  0.0,  0.0, 0.0,  39.0,       ,      ,      ,        ,        ,        ,        ,        ,        ,        ,        ,      
shelljo01, 2003,     1, CBS , NHL , L  , 76.0,  3.0,   3.0,   6.0, 228.0, -10.0,  1.0,  0.0,  0.0,  0.0,  0.0, 0.0,  62.0,       ,      ,      ,        ,        ,        ,        ,        ,        ,        ,        ,      
shelljo01, 2005,     1, CBS , NHL , L  , 80.0,  3.0,   7.0,  10.0, 163.0, -4.0 ,  0.0,  1.0,  0.0,  0.0,  1.0,    ,  39.0,       ,      ,      ,        ,        ,        ,        ,        ,        ,        ,        ,      
shelljo01, 2006,     1, CBS , NHL , L  , 72.0,  1.0,   1.0,   2.0, 125.0, -6.0 ,  0.0,  0.0,  0.0,  0.0,  0.0,    ,  32.0,       ,      ,      ,        ,        ,        ,        ,        ,        ,        ,        ,      
shelljo01, 2007,     1, CBS , NHL , L  , 31.0,  0.0,   0.0,   0.0,  44.0, -2.0 ,  0.0,  0.0,  0.0,  0.0,  0.0,    ,  10.0,       ,      ,      ,        ,        ,        ,        ,        ,        ,        ,        ,      
shelljo01, 2007,     2, SJS , NHL , L  , 31.0,  1.0,   6.0,   7.0,  91.0, -2.0 ,  0.0,  0.0,  0.0,  0.0,  0.0,    ,  31.0,    6.0,   0.0,   0.0,     0.0,     2.0, -1.0   ,     0.0,     0.0,     0.0,     0.0,     0.0,     1.0
shelljo01, 2008,     1, SJS , NHL , L  , 70.0,  2.0,   2.0,   4.0, 116.0, -6.0 ,  0.0,  0.0,  0.0,  0.0,  1.0,    ,  44.0,    1.0,   0.0,   0.0,     0.0,     0.0, 0.0    ,     0.0,     0.0,     0.0,     0.0,     0.0,     0.0
shelljo01, 2009,     1, SJS , NHL , L  , 36.0,  0.0,   3.0,   3.0,  78.0, 1.0  ,  0.0,  0.0,  0.0,  0.0,  0.0,    ,  20.0,       ,      ,      ,        ,        ,        ,        ,        ,        ,        ,        ,      
shelljo01, 2009,     2, NYR , NHL , L  , 21.0,  2.0,   4.0,   6.0,  37.0, 4.0  ,  0.0,  0.0,  0.0,  0.0,  0.0,    ,  29.0,       ,      ,      ,        ,        ,        ,        ,        ,        ,        ,        ,      
sheltdo01, 1967,     1, CHI , NHL , R  ,  5.0,  0.0,   1.0,   1.0,   2.0, -3.0 ,  0.0,     ,  0.0,     ,  0.0, 0.0,   1.0,       ,      ,      ,        ,        ,        ,        ,        ,        ,        ,        ,      
sheppfr01, 1927,     1, DTC , NHL , C  ,  8.0,  1.0,   1.0,   2.0,   0.0,      ,     ,     ,     ,     ,     ,    ,      ,       ,      ,      ,        ,        ,        ,        ,        ,        ,        ,        ,      
sheppgr01, 1972,     1, BOS , NHL , C  , 64.0, 24.0,  26.0,  50.0,  18.0, 37.0 ,  0.0,     ,  2.0,     ,  3.0, 0.0, 151.0,    5.0,   2.0,   1.0,     3.0,     0.0,        ,     0.0,        ,     1.0,        ,     1.0,      
sheppgr01, 1973,     1, BOS , NHL , C  , 75.0, 16.0,  31.0,  47.0,  21.0, 23.0 ,  0.0,     ,  3.0,     ,  3.0, 0.0, 168.0,   16.0,  11.0,   8.0,    19.0,     4.0,        ,     0.0,        ,     2.0,        ,     2.0,      
sheppgr01, 1974,     1, BOS , NHL , C  , 76.0, 30.0,  48.0,  78.0,  19.0, 43.0 ,  5.0,     ,  7.0,     ,  4.0, 0.0, 249.0,    3.0,   3.0,   1.0,     4.0,     5.0,        ,     0.0,        ,     0.0,        ,     0.0,      
sheppgr01, 1975,     1, BOS , NHL , C  , 70.0, 31.0,  43.0,  74.0,  28.0, 24.0 ,  5.0,     ,  2.0,     ,  4.0, 0.0, 222.0,   12.0,   5.0,   6.0,    11.0,     6.0,        ,     1.0,        ,     0.0,        ,     1.0,      
sheppgr01, 1976,     1, BOS , NHL , C  , 77.0, 31.0,  36.0,  67.0,  20.0, 3.0  ,  8.0,     ,  1.0,     ,  5.0, 0.0, 247.0,   14.0,   5.0,   7.0,    12.0,     8.0,        ,     1.0,        ,     1.0,        ,     2.0,      
sheppgr01, 1977,     1, BOS , NHL , C  , 54.0, 23.0,  36.0,  59.0,  24.0, 19.0 ,  5.0,     ,  1.0,     ,  7.0, 2.0, 160.0,   15.0,   2.0,  10.0,    12.0,     6.0,        ,     0.0,        ,     0.0,        ,     0.0,      
sheppgr01, 1978,     1, PIT , NHL , C  , 60.0, 15.0,  22.0,  37.0,   9.0, 8.0  ,  3.0,     ,  1.0,     ,  2.0, 0.0, 134.0,    7.0,   1.0,   2.0,     3.0,     0.0,        ,     1.0,        ,     0.0,        ,     0.0,      
sheppgr01, 1979,     1, PIT , NHL , L  , 76.0, 13.0,  24.0,  37.0,  20.0, -22.0,  3.0,     ,  0.0,     ,  2.0, 0.0, 136.0,    5.0,   1.0,   1.0,     2.0,     0.0,        ,     0.0,        ,     0.0,        ,     0.0,      
sheppgr01, 1980,     1, PIT , NHL , C  , 47.0, 11.0,  17.0,  28.0,  49.0, -13.0,  3.0,     ,  0.0,     ,  1.0, 0.0,  85.0,    5.0,   2.0,   4.0,     6.0,     2.0,        ,     1.0,        ,     0.0,        ,     0.0,      
sheppgr01, 1981,     1, PIT , NHL , C  , 58.0, 11.0,  10.0,  21.0,  35.0, 9.0  ,  0.0,     ,  0.0,     ,  1.0, 0.0,  81.0,       ,      ,      ,        ,        ,        ,        ,        ,        ,        ,        ,      
sheppja01, 2007,     1, MIN , NHL , C  , 78.0,  4.0,  15.0,  19.0,  29.0, 0.0  ,  0.0,  3.0,  0.0,  0.0,  1.0,    ,  57.0,    6.0,   0.0,   1.0,     1.0,     4.0, -1.0   ,     0.0,     0.0,     0.0,     0.0,     0.0,     4.0
sheppja01, 2008,     1, MIN , NHL , C  , 82.0,  5.0,  19.0,  24.0,  41.0, -14.0,  0.0,  3.0,  0.0,  0.0,  1.0,    ,  88.0,       ,      ,      ,        ,        ,        ,        ,        ,        ,        ,        ,      
sheppja01, 2009,     1, MIN , NHL , C  , 64.0,  2.0,   4.0,   6.0,  38.0, -14.0,  0.0,  1.0,  0.0,  0.0,  0.0,    ,  64.0,       ,      ,      ,        ,        ,        ,        ,        ,        ,        ,        ,      
sheppjo01, 1922,     1, EDE , WCHL, C  , 21.0,  1.0,   1.0,   2.0,   6.0,      ,     ,     ,     ,     ,     ,    ,      ,    2.0,   0.0,   0.0,     0.0,     0.0,        ,        ,        ,        ,        ,        ,      
sheppjo01, 1923,     1, EDE , WCHL, L  , 25.0,  6.0,   2.0,   8.0,  14.0,      ,     ,     ,     ,     ,     ,    ,      ,       ,      ,      ,        ,        ,        ,        ,        ,        ,        ,        ,      
sheppjo01, 1924,     1, EDE , WCHL, C  , 28.0, 14.0,   4.0,  18.0,  26.0,      ,     ,     ,     ,     ,     ,    ,      ,       ,      ,      ,        ,        ,        ,        ,        ,        ,        ,        ,      
sheppjo01, 1925,     1, EDE , WCHL, L  , 23.0,  7.0,   7.0,  14.0,  16.0,      ,     ,     ,     ,     ,     ,    ,      ,    2.0,   1.0,   0.0,     1.0,     4.0,        ,        ,        ,        ,        ,        ,      
sheppjo01, 1926,     1, DTC , NHL , C  , 43.0, 13.0,   8.0,  21.0,  60.0,      ,     ,     ,     ,     ,     ,    ,      ,       ,      ,      ,        ,        ,        ,        ,        ,        ,        ,        ,      
sheppjo01, 1927,     1, DTC , NHL , C  , 44.0, 10.0,  10.0,  20.0,  40.0,      ,     ,     ,     ,     ,     ,    ,      ,       ,      ,      ,        ,        ,        ,        ,        ,        ,        ,        ,      
sheppjo01, 1928,     1, NYA , NHL , C  , 43.0,  5.0,   4.0,   9.0,  38.0,      ,     ,     ,     ,     ,     ,    ,      ,    2.0,   0.0,   0.0,     0.0,     0.0,        ,        ,        ,        ,        ,        ,      
sheppjo01, 1929,     1, NYA , NHL , C  , 43.0, 14.0,  15.0,  29.0,  32.0,      ,     ,     ,     ,     ,     ,    ,      ,       ,      ,      ,        ,        ,        ,        ,        ,        ,        ,        ,      
sheppjo01, 1930,     1, NYA , NHL , C  , 42.0,  5.0,   8.0,  13.0,  16.0,      ,     ,     ,     ,     ,     ,    ,      ,       ,      ,      ,        ,        ,        ,        ,        ,        ,        ,        ,      
sheppjo01, 1931,     1, NYA , NHL , C  ,  5.0,  1.0,   0.0,   1.0,   2.0,      ,     ,     ,     ,     ,     ,    ,      ,       ,      ,      ,        ,        ,        ,        ,        ,        ,        ,        ,      
sheppjo01, 1932,     1, NYA , NHL , C  , 46.0, 17.0,   9.0,  26.0,  32.0,      ,     ,     ,     ,     ,     ,    ,      ,       ,      ,      ,        ,        ,        ,        ,        ,        ,        ,        ,      
sheppjo01, 1933,     1, BOS , NHL , C  ,  4.0,  0.0,   0.0,   0.0,   0.0,      ,     ,     ,     ,     ,     ,    ,      ,       ,      ,      ,        ,        ,        ,        ,        ,        ,        ,        ,      
sheppjo01, 1933,     2, CHI , NHL , C  , 38.0,  3.0,   4.0,   7.0,   4.0,      ,     ,     ,     ,     ,     ,    ,      ,    8.0,   0.0,   0.0,     0.0,     0.0,        ,        ,        ,        ,        ,        ,      
sheppra01, 1987,     1, BUF , NHL , R  , 74.0, 38.0,  27.0,  65.0,  14.0, -6.0 , 15.0,  8.0,  0.0,  0.0,  5.0, 2.0, 173.0,    6.0,   1.0,   1.0,     2.0,     2.0, -7.0   ,     1.0,     1.0,     0.0,     0.0,     0.0,     9.0
sheppra01, 1988,     1, BUF , NHL , R  , 67.0, 22.0,  21.0,  43.0,  15.0, -7.0 ,  7.0,  8.0,  0.0,  0.0,  4.0, 1.0, 147.0,    1.0,   0.0,   1.0,     1.0,     0.0, 0.0    ,     0.0,     0.0,     0.0,     0.0,     0.0,     2.0
sheppra01, 1989,     1, BUF , NHL , R  , 18.0,  4.0,   2.0,   6.0,   0.0, 3.0  ,  1.0,  0.0,  0.0,  0.0,  1.0, 0.0,  31.0,       ,      ,      ,        ,        ,        ,        ,        ,        ,        ,        ,      
sheppra01, 1990,     1, NYR , NHL , R  , 59.0, 24.0,  23.0,  47.0,  21.0, 8.0  ,  7.0,  8.0,  0.0,  0.0,  5.0, 0.0, 129.0,       ,      ,      ,        ,        ,        ,        ,        ,        ,        ,        ,      
sheppra01, 1991,     1, DET , NHL , R  , 74.0, 36.0,  26.0,  62.0,  27.0, 7.0  , 11.0,  6.0,  1.0,  0.0,  4.0, 1.0, 178.0,   11.0,   6.0,   2.0,     8.0,     4.0, 1.0    ,     3.0,     1.0,     0.0,     0.0,     0.0,    27.0
sheppra01, 1992,     1, DET , NHL , R  , 70.0, 32.0,  34.0,  66.0,  29.0, 7.0  , 10.0, 18.0,  0.0,  0.0,  1.0, 0.0, 183.0,    7.0,   2.0,   3.0,     5.0,     0.0, 2.0    ,     2.0,     2.0,     0.0,     0.0,     0.0,     8.0
sheppra01, 1993,     1, DET , NHL , R  , 82.0, 52.0,  41.0,  93.0,  26.0, 13.0 , 19.0, 15.0,  0.0,  2.0,  5.0, 0.0, 260.0,    7.0,   2.0,   1.0,     3.0,     4.0, 0.0    ,     0.0,     0.0,     0.0,     0.0,     0.0,    15.0
sheppra01, 1994,     1, DET , NHL , R  , 43.0, 30.0,  10.0,  40.0,  17.0, 11.0 , 11.0,  2.0,  0.0,  0.0,  5.0, 1.0, 125.0,   17.0,   4.0,   3.0,     7.0,     5.0, -6.0   ,     2.0,     1.0,     0.0,     0.0,     0.0,    41.0
sheppra01, 1995,     1, DET , NHL , R  ,  5.0,  2.0,   2.0,   4.0,   2.0, 0.0  ,  0.0,  2.0,  0.0,  0.0,  1.0, 0.0,   9.0,       ,      ,      ,        ,        ,        ,        ,        ,        ,        ,        ,      
sheppra01, 1995,     2, SJS , NHL , R  , 51.0, 27.0,  19.0,  46.0,  10.0, -19.0, 12.0,  6.0,  0.0,  0.0,  4.0, 0.0, 170.0,       ,      ,      ,        ,        ,        ,        ,        ,        ,        ,        ,      
sheppra01, 1995,     3, FLO , NHL , R  , 14.0,  8.0,   2.0,  10.0,   4.0, 0.0  ,  2.0,  1.0,  0.0,  0.0,  2.0, 0.0,  52.0,   21.0,   8.0,   8.0,    16.0,     0.0, 4.0    ,     3.0,     2.0,     0.0,     0.0,     0.0,    47.0
sheppra01, 1996,     1, FLO , NHL , R  , 68.0, 29.0,  31.0,  60.0,   4.0, 4.0  , 13.0,  9.0,  0.0,  0.0,  7.0, 0.0, 226.0,    5.0,   2.0,   0.0,     2.0,     0.0, -4.0   ,     1.0,     0.0,     0.0,     0.0,     0.0,    12.0
sheppra01, 1997,     1, FLO , NHL , R  , 61.0, 14.0,  17.0,  31.0,  21.0, -13.0,  5.0,  8.0,  0.0,  0.0,  1.0, 0.0, 136.0,       ,      ,      ,        ,        ,        ,        ,        ,        ,        ,        ,      
sheppra01, 1997,     2, CAR , NHL , R  , 10.0,  4.0,   2.0,   6.0,   2.0, 2.0  ,  2.0,  1.0,  0.0,  0.0,  1.0, 0.0,  33.0,       ,      ,      ,        ,        ,        ,        ,        ,        ,        ,        ,      
sheppra01, 1998,     1, CAR , NHL , R  , 74.0, 25.0,  33.0,  58.0,  16.0, 4.0  ,  5.0,  8.0,  0.0,  0.0,  4.0, 1.0, 188.0,    6.0,   5.0,   1.0,     6.0,     2.0, -2.0   ,     1.0,     1.0,     0.0,     0.0,     1.0,    23.0
sheppra01, 1999,     1, FLO , NHL , R  , 47.0, 10.0,  10.0,  20.0,   4.0, -4.0 ,  5.0,  2.0,  0.0,  0.0,  2.0, 0.0,  74.0,       ,      ,      ,        ,        ,        ,        ,        ,        ,        ,        ,      
sherfjo01, 1935,     1, DET , NHL , L  ,  1.0,  0.0,   0.0,   0.0,   0.0,      ,     ,     ,     ,     ,     ,    ,      ,       ,      ,      ,        ,        ,        ,        ,        ,        ,        ,        ,      
sherfjo01, 1936,     1, DET , NHL , L  ,  1.0,  0.0,   0.0,   0.0,   0.0,      ,     ,     ,     ,     ,     ,    ,      ,    5.0,   0.0,   1.0,     1.0,     2.0,        ,        ,        ,        ,        ,        ,      
sherfjo01, 1937,     1, DET , NHL , L  ,  6.0,  0.0,   0.0,   0.0,   2.0,      ,     ,     ,     ,     ,     ,    ,      ,       ,      ,      ,        ,        ,        ,        ,        ,        ,        ,        ,      
sherfjo01, 1938,     1, DET , NHL , L  ,  3.0,  0.0,   0.0,   0.0,   0.0,      ,     ,     ,     ,     ,     ,    ,      ,    3.0,   0.0,   0.0,     0.0,     0.0,        ,        ,        ,        ,        ,        ,      
sherfjo01, 1943,     1, DET , NHL , L  ,  8.0,  0.0,   0.0,   0.0,   6.0,      ,     ,     ,     ,     ,     ,    ,      ,       ,      ,      ,        ,        ,        ,        ,        ,        ,        ,        ,      
sherijo01, 1974,     1, IND , WHA , C  , 58.0, 17.0,  11.0,  28.0,  20.0, -15.0,  3.0,     ,  0.0,     ,     ,    , 137.0,       ,      ,      ,        ,        ,        ,        ,        ,        ,        ,        ,      
sherijo01, 1975,     1, IND , WHA , C  , 11.0,  1.0,   2.0,   3.0,   0.0, -5.0 ,  0.0,     ,  0.0,     ,  1.0,    ,   9.0,       ,      ,      ,        ,        ,        ,        ,        ,        ,        ,        ,      
sherofr01, 1947,     1, NYR , NHL , D  , 19.0,  1.0,   0.0,   1.0,   2.0,      ,     ,     ,     ,     ,     ,    ,      ,    6.0,   0.0,   1.0,     1.0,     6.0,        ,        ,        ,        ,        ,        ,      
sherofr01, 1948,     1, NYR , NHL , D  , 59.0,  3.0,   6.0,   9.0,  64.0,      ,     ,     ,     ,     ,     ,    ,      ,       ,      ,      ,        ,        ,        ,        ,        ,        ,        ,        ,      
sherofr01, 1949,     1, NYR , NHL , D  , 67.0,  2.0,   8.0,  10.0,  71.0,      ,     ,     ,     ,     ,     ,    ,      ,    7.0,   0.0,   1.0,     1.0,     2.0,        ,        ,        ,        ,        ,        ,      
sherrgo01, 1943,     1, DET , NHL , D  ,  8.0,  0.0,   0.0,   0.0,  12.0,      ,     ,     ,     ,     ,     ,    ,      ,       ,      ,      ,        ,        ,        ,        ,        ,        ,        ,        ,      
sherrji01, 1973,     1, HOU , WHA , C  , 76.0, 30.0,  28.0,  58.0,  18.0,      ,  4.0,     ,  0.0,     ,  2.0,    ,      ,   14.0,   5.0,   7.0,    12.0,     2.0,        ,        ,        ,        ,        ,     1.0,      
sherrji01, 1974,     1, HOU , WHA , C  , 77.0, 22.0,  25.0,  47.0,  25.0, 36.0 ,  1.0,     ,  0.0,     ,     ,    , 135.0,   13.0,   3.0,   3.0,     6.0,     6.0,        ,        ,        ,        ,        ,     2.0,      
sherrji01, 1975,     1, DOT , WHA , C  , 40.0, 11.0,  19.0,  30.0,  16.0, -4.0 ,     ,     ,     ,     ,     ,    ,  91.0,       ,      ,      ,        ,        ,        ,        ,        ,        ,        ,        ,      
shervgo01, 1983,     1, EDM , NHL , C  ,  2.0,  1.0,   0.0,   1.0,   0.0, 1.0  ,  0.0,     ,  0.0,     ,  0.0, 0.0,   5.0,       ,      ,      ,        ,        ,        ,        ,        ,        ,        ,        ,      
shervgo01, 1984,     1, EDM , NHL , R  , 37.0,  9.0,   7.0,  16.0,  10.0, -2.0 ,  1.0,     ,  0.0,     ,  1.0, 0.0,  49.0,       ,      ,      ,        ,        ,        ,        ,        ,        ,        ,        ,      
shervgo01, 1984,     2, MNS , NHL , R  , 32.0,  2.0,  12.0,  14.0,   8.0, 3.0  ,  0.0,     ,  0.0,     ,  1.0, 0.0,  49.0,    3.0,   0.0,   0.0,     0.0,     0.0, 0.0    ,     0.0,        ,     0.0,        ,     0.0,     0.0
shervgo01, 1985,     1, MNS , NHL , C  , 13.0,  0.0,   2.0,   2.0,  11.0, 1.0  ,  0.0,     ,  0.0,     ,  0.0, 0.0,   8.0,       ,      ,      ,        ,        ,        ,        ,        ,        ,        ,        ,      
shervgo01, 1985,     2, EDM , NHL , C  ,  5.0,  1.0,   1.0,   2.0,   4.0, 0.0  ,  0.0,     ,  0.0,     ,  0.0, 0.0,   6.0,       ,      ,      ,        ,        ,        ,        ,        ,        ,        ,        ,      
shervgo01, 1986,     1, HAR , NHL , C  ,  7.0,  0.0,   0.0,   0.0,   0.0, -6.0 ,  0.0,     ,  0.0,     ,  0.0, 0.0,   7.0,       ,      ,      ,        ,        ,        ,        ,        ,        ,        ,        ,      
shervgo01, 1987,     1, HAR , NHL , C  ,  1.0,  0.0,   0.0,   0.0,   0.0, 0.0  ,  0.0,  0.0,  0.0,  0.0,  0.0, 0.0,   2.0,       ,      ,      ,        ,        ,        ,        ,        ,        ,        ,        ,      
shevaje01, 1994,     1, LAK , NHL , L  ,  1.0,  1.0,   0.0,   1.0,   0.0, 1.0  ,  0.0,  0.0,  0.0,  0.0,  0.0, 0.0,   1.0,       ,      ,      ,        ,        ,        ,        ,        ,        ,        ,        ,      
shevaje01, 1996,     1, LAK , NHL , L  , 26.0,  4.0,   9.0,  13.0,   6.0, -6.0 ,  1.0,  3.0,  0.0,  1.0,  0.0, 0.0,  42.0,       ,      ,      ,        ,        ,        ,        ,        ,        ,        ,        ,      
shevaje01, 1999,     1, TBL , NHL , L  ,  5.0,  0.0,   0.0,   0.0,   2.0, -1.0 ,  0.0,  0.0,  0.0,  0.0,  0.0, 0.0,   2.0,       ,      ,      ,        ,        ,        ,        ,        ,        ,        ,        ,      
shewcja01, 1938,     1, BOS , NHL , D  ,  3.0,  0.0,   0.0,   0.0,   2.0,      ,     ,     ,     ,     ,     ,    ,      ,       ,      ,      ,        ,        ,        ,        ,        ,        ,        ,        ,      
shewcja01, 1939,     1, BOS , NHL , D  , 47.0,  2.0,   4.0,   6.0,  55.0,      ,     ,     ,     ,     ,     ,    ,      ,    6.0,   0.0,   0.0,     0.0,     0.0,        ,        ,        ,        ,        ,        ,      
shewcja01, 1940,     1, BOS , NHL , D  , 20.0,  2.0,   2.0,   4.0,   8.0,      ,     ,     ,     ,     ,     ,    ,      ,       ,      ,      ,        ,        ,        ,        ,        ,        ,        ,        ,      
shewcja01, 1941,     1, BOS , NHL , D  , 22.0,  2.0,   0.0,   2.0,  14.0,      ,     ,     ,     ,     ,     ,    ,      ,    5.0,   0.0,   1.0,     1.0,     7.0,        ,        ,        ,        ,        ,        ,      
shewcja01, 1942,     1, BOS , NHL , D  , 48.0,  2.0,   6.0,   8.0,  50.0,      ,     ,     ,     ,     ,     ,    ,      ,    9.0,   0.0,   0.0,     0.0,    12.0,        ,        ,        ,        ,        ,        ,      
shewcja01, 1944,     1, BOS , NHL , D  , 47.0,  1.0,   7.0,   8.0,  31.0,      ,     ,     ,     ,     ,     ,    ,      ,       ,      ,      ,        ,        ,        ,        ,        ,        ,        ,        ,      
shibial01, 1935,     1, NYR , NHL , L  , 18.0,  4.0,   2.0,   6.0,   6.0,      ,     ,     ,     ,     ,     ,    ,      ,       ,      ,      ,        ,        ,        ,        ,        ,        ,        ,        ,      
shibial01, 1936,     1, NYR , NHL , L  , 47.0, 14.0,   8.0,  22.0,  30.0,      ,     ,     ,     ,     ,     ,    ,      ,    9.0,   1.0,   4.0,     5.0,     0.0,        ,        ,        ,        ,        ,        ,      
shibial01, 1937,     1, NYR , NHL , L  , 48.0, 17.0,  18.0,  35.0,  26.0,      ,     ,     ,     ,     ,     ,    ,      ,    3.0,   2.0,   0.0,     2.0,     2.0,        ,        ,        ,        ,        ,        ,      
shibial01, 1938,     1, NYR , NHL , L  , 48.0, 24.0,   9.0,  33.0,  24.0,      ,     ,     ,     ,     ,     ,    ,      ,    7.0,   3.0,   1.0,     4.0,     2.0,        ,        ,        ,        ,        ,        ,      
shibial01, 1939,     1, NYR , NHL , R  , 44.0, 11.0,  21.0,  32.0,  33.0,      ,     ,     ,     ,     ,     ,    ,      ,   11.0,   2.0,   5.0,     7.0,     4.0,        ,        ,        ,        ,        ,        ,      
shibial01, 1940,     1, NYR , NHL , R  , 41.0, 10.0,  14.0,  24.0,  14.0,      ,     ,     ,     ,     ,     ,    ,      ,    3.0,   1.0,   0.0,     1.0,     2.0,        ,        ,        ,        ,        ,        ,      
shibial01, 1941,     1, NYR , NHL , L  , 45.0, 20.0,  14.0,  34.0,  16.0,      ,     ,     ,     ,     ,     ,    ,      ,    6.0,   3.0,   2.0,     5.0,     2.0,        ,        ,        ,        ,        ,        ,      
shibial01, 1945,     1, NYR , NHL , R  , 33.0, 10.0,   5.0,  15.0,  12.0,      ,     ,     ,     ,     ,     ,    ,      ,       ,      ,      ,        ,        ,        ,        ,        ,        ,        ,        ,      
shielal01, 1927,     1, OTS , NHL , D  ,  7.0,  0.0,   1.0,   1.0,   2.0,      ,     ,     ,     ,     ,     ,    ,      ,    2.0,   0.0,   0.0,     0.0,     0.0,        ,        ,        ,        ,        ,        ,      
shielal01, 1928,     1, OTS , NHL , D  , 42.0,  0.0,   1.0,   1.0,  10.0,      ,     ,     ,     ,     ,     ,    ,      ,       ,      ,      ,        ,        ,        ,        ,        ,        ,        ,        ,      
shielal01, 1929,     1, OTS , NHL , D  , 44.0,  6.0,   3.0,   9.0,  32.0,      ,     ,     ,     ,     ,     ,    ,      ,    2.0,   0.0,   0.0,     0.0,     0.0,        ,        ,        ,        ,        ,        ,      
shielal01, 1930,     1, PHQ , NHL , D  , 43.0,  7.0,   3.0,  10.0,  98.0,      ,     ,     ,     ,     ,     ,    ,      ,       ,      ,      ,        ,        ,        ,        ,        ,        ,        ,        ,      
shielal01, 1931,     1, NYA , NHL , D  , 48.0,  4.0,   1.0,   5.0,  45.0,      ,     ,     ,     ,     ,     ,    ,      ,       ,      ,      ,        ,        ,        ,        ,        ,        ,        ,        ,      
shielal01, 1932,     1, OTS , NHL , D  , 48.0,  7.0,   4.0,  11.0, 119.0,      ,     ,     ,     ,     ,     ,    ,      ,       ,      ,      ,        ,        ,        ,        ,        ,        ,        ,        ,      
shielal01, 1933,     1, OTS , NHL , D  , 47.0,  4.0,   7.0,  11.0,  44.0,      ,     ,     ,     ,     ,     ,    ,      ,       ,      ,      ,        ,        ,        ,        ,        ,        ,        ,        ,      
shielal01, 1934,     1, MTM , NHL , D  , 42.0,  4.0,   8.0,  12.0,  45.0,      ,     ,     ,     ,     ,     ,    ,      ,    7.0,   0.0,   1.0,     1.0,     6.0,        ,        ,        ,        ,        ,        ,      
shielal01, 1935,     1, MTM , NHL , D  , 45.0,  2.0,   7.0,   9.0,  81.0,      ,     ,     ,     ,     ,     ,    ,      ,    3.0,   0.0,   0.0,     0.0,     6.0,        ,        ,        ,        ,        ,        ,      
shielal01, 1936,     1, NYA , NHL , D  , 27.0,  3.0,   0.0,   3.0,  77.0,      ,     ,     ,     ,     ,     ,    ,      ,       ,      ,      ,        ,        ,        ,        ,        ,        ,        ,        ,      
shielal01, 1936,     2, BOS , NHL , D  , 18.0,  0.0,   4.0,   4.0,  17.0,      ,     ,     ,     ,     ,     ,    ,      ,    3.0,   0.0,   0.0,     0.0,     2.0,        ,        ,        ,        ,        ,        ,      
shielal01, 1937,     1, MTM , NHL , D  , 48.0,  5.0,   7.0,  12.0,  67.0,      ,     ,     ,     ,     ,     ,    ,      ,       ,      ,      ,        ,        ,        ,        ,        ,        ,        ,        ,      
shielst01, 1995,     1, BUF , NHL , G  ,  2.0,  0.0,   0.0,   0.0,   2.0, 0.0  ,  0.0,  0.0,  0.0,  0.0,  0.0, 0.0,   0.0,       ,      ,      ,        ,        ,        ,        ,        ,        ,        ,        ,      
shielst01, 1996,     1, BUF , NHL , G  , 13.0,  0.0,   0.0,   0.0,   4.0, 0.0  ,  0.0,  0.0,  0.0,  0.0,  0.0, 0.0,   0.0,   10.0,   0.0,   0.0,     0.0,     9.0, 0.0    ,     0.0,     0.0,     0.0,     0.0,     0.0,     0.0
shielst01, 1997,     1, BUF , NHL , G  , 16.0,  0.0,   0.0,   0.0,  17.0, 0.0  ,  0.0,  0.0,  0.0,  0.0,  0.0, 0.0,   0.0,       ,      ,      ,        ,        ,        ,        ,        ,        ,        ,        ,      
shielst01, 1998,     1, SJS , NHL , G  , 37.0,  0.0,   1.0,   1.0,   6.0, 0.0  ,  0.0,  0.0,  0.0,  1.0,  0.0, 0.0,   0.0,    1.0,   0.0,   0.0,     0.0,     0.0, 0.0    ,     0.0,     0.0,     0.0,     0.0,     0.0,     0.0
shielst01, 1999,     1, SJS , NHL , G  , 67.0,  0.0,   1.0,   1.0,  29.0, 0.0  ,  0.0,  0.0,  0.0,  0.0,  0.0, 0.0,   0.0,   12.0,   0.0,   0.0,     0.0,     0.0, 0.0    ,     0.0,     0.0,     0.0,     0.0,     0.0,     0.0
shielst01, 2000,     1, SJS , NHL , G  , 21.0,  0.0,   0.0,   0.0,   2.0, 0.0  ,  0.0,  0.0,  0.0,  0.0,  0.0, 0.0,   0.0,       ,      ,      ,        ,        ,        ,        ,        ,        ,        ,        ,      
shielst01, 2001,     1, ANA , NHL , G  , 33.0,  0.0,   0.0,   0.0,   4.0, 0.0  ,  0.0,  0.0,  0.0,  0.0,  0.0, 0.0,   0.0,       ,      ,      ,        ,        ,        ,        ,        ,        ,        ,        ,      
shielst01, 2002,     1, BOS , NHL , G  , 36.0,  0.0,   0.0,   0.0,   8.0, 0.0  ,  0.0,  0.0,  0.0,  0.0,  0.0, 0.0,   0.0,    2.0,   0.0,   0.0,     0.0,     0.0, 0.0    ,     0.0,     0.0,     0.0,     0.0,     0.0,     0.0
shielst01, 2003,     1, FLO , NHL , G  , 16.0,  0.0,   0.0,   0.0,   6.0, 0.0  ,  0.0,  0.0,  0.0,  0.0,  0.0, 0.0,   0.0,       ,      ,      ,        ,        ,        ,        ,        ,        ,        ,        ,      
shielst01, 2005,     1, ATL , NHL , G  ,  5.0,  0.0,   0.0,   0.0,   0.0, 0.0  ,  0.0,  0.0,  0.0,  0.0,  0.0,    ,   0.0,       ,      ,      ,        ,        ,        ,        ,        ,        ,        ,        ,      
shillbi01, 1942,     1, BOS , NHL , R  ,  7.0,  4.0,   1.0,   5.0,   4.0,      ,     ,     ,     ,     ,     ,    ,      ,       ,      ,      ,        ,        ,        ,        ,        ,        ,        ,        ,      
shillbi01, 1945,     1, BOS , NHL , R  , 45.0, 15.0,  12.0,  27.0,  12.0,      ,     ,     ,     ,     ,     ,    ,      ,    7.0,   1.0,   2.0,     3.0,     2.0,        ,        ,        ,        ,        ,        ,      
shillbi01, 1946,     1, BOS , NHL , R  , 27.0,  2.0,   0.0,   2.0,   2.0,      ,     ,     ,     ,     ,     ,    ,      ,       ,      ,      ,        ,        ,        ,        ,        ,        ,        ,        ,      
shillja01, 1933,     1, TOR , NHL , L/C,  7.0,  0.0,   1.0,   1.0,   0.0,      ,     ,     ,     ,     ,     ,    ,      ,    2.0,   0.0,   0.0,     0.0,     0.0,        ,        ,        ,        ,        ,        ,      
shillja01, 1934,     1, BOS , NHL , L/C, 45.0,  4.0,   4.0,   8.0,  22.0,      ,     ,     ,     ,     ,     ,    ,      ,    2.0,   0.0,   0.0,     0.0,     0.0,        ,        ,        ,        ,        ,        ,      
shillja01, 1935,     1, TOR , NHL , L/C,  3.0,  0.0,   1.0,   1.0,   0.0,      ,     ,     ,     ,     ,     ,    ,      ,    9.0,   0.0,   3.0,     3.0,     8.0,        ,        ,        ,        ,        ,        ,      
shillja01, 1936,     1, TOR , NHL , L/C, 32.0,  4.0,   4.0,   8.0,  26.0,      ,     ,     ,     ,     ,     ,    ,      ,    2.0,   0.0,   0.0,     0.0,     0.0,        ,        ,        ,        ,        ,        ,      
shillja01, 1937,     1, NYA , NHL , C  , 22.0,  1.0,   3.0,   4.0,  10.0,      ,     ,     ,     ,     ,     ,    ,      ,       ,      ,      ,        ,        ,        ,        ,        ,        ,        ,        ,      
shillja01, 1937,     2, CHI , NHL , C  , 23.0,  4.0,   3.0,   7.0,   8.0,      ,     ,     ,     ,     ,     ,    ,      ,   10.0,   1.0,   3.0,     4.0,    15.0,        ,        ,        ,        ,        ,        ,      
shillja01, 1938,     1, CHI , NHL , C  , 28.0,  2.0,   4.0,   6.0,   4.0,      ,     ,     ,     ,     ,     ,    ,      ,       ,      ,      ,        ,        ,        ,        ,        ,        ,        ,        ,      
shinsri01, 1976,     1, CLE , NHL , C  ,  5.0,  0.0,   0.0,   0.0,   2.0, -4.0 ,  0.0,     ,  0.0,     ,  0.0, 0.0,   3.0,       ,      ,      ,        ,        ,        ,        ,        ,        ,        ,        ,      
shinsri01, 1977,     1, CLE , NHL , R  , 47.0,  5.0,  12.0,  17.0,   6.0, -12.0,  1.0,     ,  0.0,     ,  1.0, 0.0,  40.0,       ,      ,      ,        ,        ,        ,        ,        ,        ,        ,        ,      
shinsri01, 1978,     1, STL , NHL , R  , 11.0,  0.0,   4.0,   4.0,   2.0, -3.0 ,  0.0,     ,  0.0,     ,  0.0, 0.0,   7.0,       ,      ,      ,        ,        ,        ,        ,        ,        ,        ,        ,      
shireji01, 1970,     1, DET , NHL , L  , 20.0,  2.0,   1.0,   3.0,  22.0, -3.0 ,  1.0,     ,  0.0,     ,  0.0, 0.0,  22.0,       ,      ,      ,        ,        ,        ,        ,        ,        ,        ,        ,      
shireji01, 1971,     1, STL , NHL , L  , 18.0,  0.0,   3.0,   3.0,   8.0, -13.0,  0.0,     ,  0.0,     ,  0.0, 0.0,  14.0,       ,      ,      ,        ,        ,        ,        ,        ,        ,        ,        ,      
shireji01, 1972,     1, PIT , NHL , L  , 18.0,  1.0,   2.0,   3.0,   2.0, -8.0 ,  0.0,     ,  0.0,     ,  0.0, 0.0,  22.0,       ,      ,      ,        ,        ,        ,        ,        ,        ,        ,        ,      
shirose01, 2009,     1, VAN , NHL , L  ,  6.0,  0.0,   0.0,   0.0,   2.0, -4.0 ,  0.0,  0.0,  0.0,  0.0,  0.0,    ,   4.0,       ,      ,      ,        ,        ,        ,        ,        ,        ,        ,        ,      
shirtgl01, 1973,     1, CLC , WHA , D  ,  4.0,  0.0,   0.0,   0.0,   0.0,      ,  0.0,     ,  0.0,     ,  0.0,    ,      ,       ,      ,      ,        ,        ,        ,        ,        ,        ,        ,        ,      
shishti01, 2003,     1, NAS , NHL , L  ,  2.0,  0.0,   0.0,   0.0,   0.0, -1.0 ,  0.0,  0.0,  0.0,  0.0,  0.0, 0.0,   0.0,       ,      ,      ,        ,        ,        ,        ,        ,        ,        ,        ,      
shishti01, 2005,     1, STL , NHL , R  , 22.0,  3.0,   2.0,   5.0,   6.0, -1.0 ,  0.0,  0.0,  0.0,  0.0,  0.0,    ,  26.0,       ,      ,      ,        ,        ,        ,        ,        ,        ,        ,        ,      
shmyrjo01, 1972,     1, WIJ , WHA , D  ,  7.0,  0.0,   0.0,   0.0,   2.0,      ,  0.0,     ,  0.0,     ,     ,    ,      ,    3.0,   0.0,   1.0,     1.0,     2.0,        ,     0.0,        ,     0.0,        ,     0.0,      
shmyrjo01, 1973,     1, CHC , WHA , D  , 43.0,  1.0,   3.0,   4.0,  13.0,      ,  0.0,     ,  0.0,     ,  1.0,    ,      ,       ,      ,      ,        ,        ,        ,        ,        ,        ,        ,        ,      
shmyrjo01, 1974,     1, VAB , WHA , D  , 39.0,  1.0,   5.0,   6.0,  43.0, -9.0 ,  0.0,     ,  0.0,     ,     ,    ,  13.0,       ,      ,      ,        ,        ,        ,        ,        ,        ,        ,        ,      
shmyrpa01, 1968,     1, CHI , NHL , D  ,  3.0,  1.0,   0.0,   1.0,   8.0, 0.0  ,  0.0,     ,  0.0,     ,  0.0, 0.0,   5.0,       ,      ,      ,        ,        ,        ,        ,        ,        ,        ,        ,      
shmyrpa01, 1969,     1, CHI , NHL , D  , 24.0,  0.0,   4.0,   4.0,  26.0, 11.0 ,  0.0,     ,  0.0,     ,  0.0, 0.0,  13.0,    7.0,   0.0,   0.0,     0.0,     8.0,        ,     0.0,        ,     0.0,        ,     0.0,      
shmyrpa01, 1970,     1, CHI , NHL , D  , 57.0,  1.0,  12.0,  13.0,  41.0, 3.0  ,  0.0,     ,  0.0,     ,  1.0, 0.0,  35.0,    9.0,   0.0,   0.0,     0.0,    17.0,        ,     0.0,        ,     0.0,        ,     0.0,      
shmyrpa01, 1971,     1, CLF , NHL , D  , 69.0,  6.0,  21.0,  27.0, 156.0, -27.0,  0.0,     ,  0.0,     ,  0.0, 0.0,  82.0,       ,      ,      ,        ,        ,        ,        ,        ,        ,        ,        ,      
shmyrpa01, 1972,     1, CLC , WHA , D  , 73.0,  5.0,  43.0,  48.0, 169.0,      ,  0.0,     ,  1.0,     ,     ,    ,      ,    8.0,   1.0,   3.0,     4.0,    19.0,        ,     0.0,        ,     0.0,        ,     0.0,      
shmyrpa01, 1973,     1, CLC , WHA , D  , 78.0, 13.0,  31.0,  44.0, 165.0,      ,  3.0,     ,  0.0,     ,  0.0,    ,      ,    5.0,   0.0,   4.0,     4.0,    31.0,        ,        ,        ,        ,        ,     0.0,      
shmyrpa01, 1974,     1, CLC , WHA , D  , 49.0,  7.0,  14.0,  21.0, 103.0, 11.0 ,  3.0,     ,  0.0,     ,     ,    ,  87.0,    5.0,   2.0,   1.0,     3.0,    15.0,        ,        ,        ,        ,        ,     0.0,      
shmyrpa01, 1975,     1, CLC , WHA , D  , 70.0,  6.0,  44.0,  50.0, 101.0, 16.0 ,  4.0,     ,  1.0,     ,  2.0,    , 165.0,       ,      ,      ,        ,        ,        ,        ,        ,        ,        ,        ,      
shmyrpa01, 1976,     1, SDM , WHA , D  , 81.0, 13.0,  37.0,  50.0, 103.0, -4.0 ,  3.0,     ,  0.0,     ,     ,    , 206.0,    7.0,   0.0,   2.0,     2.0,     8.0, -12.0  ,     0.0,        ,     0.0,        ,     0.0,      
shmyrpa01, 1977,     1, EDO , WHA , D  , 80.0,  9.0,  40.0,  49.0, 100.0, -9.0 ,  3.0,     ,  0.0,     ,     ,    , 169.0,    5.0,   1.0,   3.0,     4.0,    11.0, -3.0   ,        ,        ,        ,        ,     0.0,      
shmyrpa01, 1978,     1, EDO , WHA , D  , 80.0,  8.0,  39.0,  47.0, 119.0, 37.0 ,  0.0,     ,  0.0,     ,     ,    , 133.0,   13.0,   1.0,   5.0,     6.0,    23.0, -3.0   ,        ,        ,        ,        ,     0.0,      
shmyrpa01, 1979,     1, MNS , NHL , D  , 63.0,  3.0,  15.0,  18.0,  84.0, 25.0 ,  0.0,     ,  0.0,     ,  1.0, 0.0,  82.0,   14.0,   2.0,   1.0,     3.0,    23.0,        ,     1.0,        ,     0.0,        ,     1.0,      
shmyrpa01, 1980,     1, MNS , NHL , D  , 61.0,  1.0,   9.0,  10.0,  79.0, 4.0  ,  0.0,     ,  0.0,     ,  0.0, 0.0,  62.0,    3.0,   0.0,   0.0,     0.0,     4.0,        ,     0.0,        ,     0.0,        ,     0.0,      
shmyrpa01, 1981,     1, HAR , NHL , D  , 66.0,  1.0,  11.0,  12.0, 134.0, -11.0,  0.0,     ,  0.0,     ,  0.0, 0.0,  44.0,       ,      ,      ,        ,        ,        ,        ,        ,        ,        ,        ,      
shoebbr01, 1987,     1, BOS , NHL , D  ,  3.0,  0.0,   1.0,   1.0,   0.0, -3.0 ,  0.0,  0.0,  0.0,  0.0,  0.0, 0.0,   2.0,    4.0,   1.0,   0.0,     1.0,    42.0, 4.0    ,     0.0,     0.0,     0.0,     0.0,     1.0,     7.0
shoebbr01, 1988,     1, BOS , NHL , D  , 29.0,  1.0,   3.0,   4.0,  44.0, 5.0  ,  0.0,  0.0,  0.0,  0.0,  0.0, 0.0,  19.0,   10.0,   0.0,   2.0,     2.0,    35.0, 0.0    ,     0.0,     0.0,     0.0,     0.0,     0.0,     1.0
shoebbr01, 1989,     1, BOS , NHL , D  ,  2.0,  0.0,   0.0,   0.0,   4.0, 0.0  ,  0.0,  0.0,  0.0,  0.0,  0.0, 0.0,   3.0,       ,      ,      ,        ,        ,        ,        ,        ,        ,        ,        ,      
shoebbr01, 1990,     1, BOS , NHL , D  ,  1.0,  0.0,   0.0,   0.0,   5.0, -1.0 ,  0.0,  0.0,  0.0,  0.0,  0.0, 0.0,   0.0,       ,      ,      ,        ,        ,        ,        ,        ,        ,        ,        ,      
shoreed01, 1924,     1, REG , WCHL, D  , 24.0,  6.0,   0.0,   6.0,  75.0,      ,     ,     ,     ,     ,     ,    ,      ,       ,      ,      ,        ,        ,        ,        ,        ,        ,        ,        ,      
shoreed01, 1925,     1, EDE , WCHL, D  , 30.0, 12.0,   2.0,  14.0,  86.0,      ,     ,     ,     ,     ,     ,    ,      ,    2.0,   0.0,   0.0,     0.0,     8.0,        ,        ,        ,        ,        ,        ,      
shoreed01, 1926,     1, BOS , NHL , D  , 40.0, 12.0,   6.0,  18.0, 130.0,      ,     ,     ,     ,     ,     ,    ,      ,    8.0,   1.0,   1.0,     2.0,    40.0,        ,        ,        ,        ,        ,        ,      
shoreed01, 1927,     1, BOS , NHL , D  , 43.0, 11.0,   6.0,  17.0, 165.0,      ,     ,     ,     ,     ,     ,    ,      ,    2.0,   0.0,   0.0,     0.0,     8.0,        ,        ,        ,        ,        ,        ,      
shoreed01, 1928,     1, BOS , NHL , D  , 39.0, 12.0,   7.0,  19.0,  96.0,      ,     ,     ,     ,     ,     ,    ,      ,    5.0,   1.0,   1.0,     2.0,    28.0,        ,        ,        ,        ,        ,        ,      
shoreed01, 1929,     1, BOS , NHL , D  , 42.0, 12.0,  19.0,  31.0, 105.0,      ,     ,     ,     ,     ,     ,    ,      ,    6.0,   1.0,   0.0,     1.0,    26.0,        ,        ,        ,        ,        ,        ,      
shoreed01, 1930,     1, BOS , NHL , D  , 44.0, 15.0,  16.0,  31.0, 105.0,      ,     ,     ,     ,     ,     ,    ,      ,    5.0,   2.0,   1.0,     3.0,    24.0,        ,        ,        ,        ,        ,        ,      
shoreed01, 1931,     1, BOS , NHL , D  , 45.0,  9.0,  13.0,  22.0,  80.0,      ,     ,     ,     ,     ,     ,    ,      ,       ,      ,      ,        ,        ,        ,        ,        ,        ,        ,        ,      
shoreed01, 1932,     1, BOS , NHL , D  , 48.0,  8.0,  27.0,  35.0, 102.0,      ,     ,     ,     ,     ,     ,    ,      ,    5.0,   1.0,   0.0,     1.0,    14.0,        ,        ,        ,        ,        ,        ,      
shoreed01, 1933,     1, BOS , NHL , D  , 30.0,  2.0,  10.0,  12.0,  57.0,      ,     ,     ,     ,     ,     ,    ,      ,       ,      ,      ,        ,        ,        ,        ,        ,        ,        ,        ,      
shoreed01, 1934,     1, BOS , NHL , D  , 48.0,  7.0,  26.0,  33.0,  32.0,      ,     ,     ,     ,     ,     ,    ,      ,    4.0,   0.0,   1.0,     1.0,     2.0,        ,        ,        ,        ,        ,        ,      
shoreed01, 1935,     1, BOS , NHL , D  , 45.0,  3.0,  16.0,  19.0,  61.0,      ,     ,     ,     ,     ,     ,    ,      ,    2.0,   1.0,   1.0,     2.0,    12.0,        ,        ,        ,        ,        ,        ,      
shoreed01, 1936,     1, BOS , NHL , D  , 20.0,  3.0,   1.0,   4.0,  12.0,      ,     ,     ,     ,     ,     ,    ,      ,       ,      ,      ,        ,        ,        ,        ,        ,        ,        ,        ,      
shoreed01, 1937,     1, BOS , NHL , D  , 48.0,  3.0,  14.0,  17.0,  42.0,      ,     ,     ,     ,     ,     ,    ,      ,    3.0,   0.0,   1.0,     1.0,     6.0,        ,        ,        ,        ,        ,        ,      
shoreed01, 1938,     1, BOS , NHL , D  , 44.0,  4.0,  14.0,  18.0,  47.0,      ,     ,     ,     ,     ,     ,    ,      ,   12.0,   0.0,   4.0,     4.0,    19.0,        ,        ,        ,        ,        ,        ,      
shoreed01, 1939,     1, BOS , NHL , D  ,  4.0,  2.0,   1.0,   3.0,   4.0,      ,     ,     ,     ,     ,     ,    ,      ,       ,      ,      ,        ,        ,        ,        ,        ,        ,        ,        ,      
shoreed01, 1939,     2, NYA , NHL , D  , 10.0,  2.0,   3.0,   5.0,   9.0,      ,     ,     ,     ,     ,     ,    ,      ,    3.0,   0.0,   2.0,     2.0,     2.0,        ,        ,        ,        ,        ,        ,      
shoreha01, 1909,     1, OT1 , NHA ,    , 12.0,  6.0,   0.0,   6.0,  44.0,      ,     ,     ,     ,     ,     ,    ,      ,       ,      ,      ,        ,        ,        ,        ,        ,        ,        ,        ,      
shoreha01, 1910,     1, OT1 , NHA ,    , 16.0,  7.0,   0.0,   7.0,  57.0,      ,     ,     ,     ,     ,     ,    ,      ,       ,      ,      ,        ,        ,        ,        ,        ,        ,        ,        ,      
shoreha01, 1911,     1, OT1 , NHA ,    , 18.0,  8.0,   0.0,   8.0,  35.0,      ,     ,     ,     ,     ,     ,    ,      ,       ,      ,      ,        ,        ,        ,        ,        ,        ,        ,        ,      
shoreha01, 1912,     1, OT1 , NHA ,    , 19.0, 15.0,   0.0,  15.0,  66.0,      ,     ,     ,     ,     ,     ,    ,      ,       ,      ,      ,        ,        ,        ,        ,        ,        ,        ,        ,      
shoreha01, 1913,     1, OT1 , NHA ,    , 18.0,  6.0,   3.0,   9.0,  46.0,      ,     ,     ,     ,     ,     ,    ,      ,       ,      ,      ,        ,        ,        ,        ,        ,        ,        ,        ,      
shoreha01, 1914,     1, OT1 , NHA ,    , 20.0,  5.0,   1.0,   6.0,  53.0,      ,     ,     ,     ,     ,     ,    ,      ,    2.0,   0.0,      ,        ,        ,        ,        ,        ,        ,        ,        ,      
shoreha01, 1915,     1, OT1 , NHA ,    , 19.0,  2.0,   1.0,   3.0,  83.0,      ,     ,     ,     ,     ,     ,    ,      ,       ,      ,      ,        ,        ,        ,        ,        ,        ,        ,        ,      
shoreha01, 1916,     1, OT1 , NHA ,    , 19.0, 11.0,   3.0,  14.0,  89.0,      ,     ,     ,     ,     ,     ,    ,      ,    2.0,   0.0,      ,        ,        ,        ,        ,        ,        ,        ,        ,      
shoreha01, 1917,     1, OTS , NHL , L/D, 18.0,  3.0,   8.0,  11.0,  51.0,      ,     ,     ,     ,     ,  0.0,    ,      ,       ,      ,      ,        ,        ,        ,        ,        ,        ,        ,        ,      
shortst01, 1977,     1, LAK , NHL , D  ,  5.0,  0.0,   0.0,   0.0,   2.0, -5.0 ,  0.0,     ,  0.0,     ,  0.0, 0.0,   1.0,       ,      ,      ,        ,        ,        ,        ,        ,        ,        ,        ,      
shortst01, 1978,     1, DET , NHL , D  ,  1.0,  0.0,   0.0,   0.0,   0.0, 0.0  ,  0.0,     ,  0.0,     ,  0.0, 0.0,   1.0,       ,      ,      ,        ,        ,        ,        ,        ,        ,        ,        ,      
shostmi01, 1977,     1, SOV , WHA , C  ,  6.0,  1.0,   1.0,   2.0,  16.0,      ,     ,     ,     ,     ,     ,    ,      ,       ,      ,      ,        ,        ,        ,        ,        ,        ,        ,        ,      
shtalmi01, 1993,     1, ANA , NHL , G  , 10.0,  0.0,   0.0,   0.0,   0.0, 0.0  ,  0.0,  0.0,  0.0,  0.0,  0.0, 0.0,   0.0,       ,      ,      ,        ,        ,        ,        ,        ,        ,        ,        ,      
shtalmi01, 1994,     1, ANA , NHL , G  , 18.0,  0.0,   0.0,   0.0,   2.0, 0.0  ,  0.0,  0.0,  0.0,  0.0,  0.0, 0.0,   0.0,       ,      ,      ,        ,        ,        ,        ,        ,        ,        ,        ,      
shtalmi01, 1995,     1, ANA , NHL , G  , 30.0,  0.0,   2.0,   2.0,   2.0, 0.0  ,  0.0,  0.0,  0.0,  0.0,  0.0, 0.0,   0.0,       ,      ,      ,        ,        ,        ,        ,        ,        ,        ,        ,      
shtalmi01, 1996,     1, ANA , NHL , G  , 24.0,  0.0,   0.0,   0.0,   4.0, 0.0  ,  0.0,  0.0,  0.0,  0.0,  0.0, 0.0,   0.0,    4.0,   0.0,   0.0,     0.0,     2.0, 0.0    ,     0.0,     0.0,     0.0,     0.0,     0.0,     0.0
shtalmi01, 1997,     1, ANA , NHL , G  , 40.0,  0.0,   1.0,   1.0,   0.0, 0.0  ,  0.0,  0.0,  0.0,  0.0,  0.0, 0.0,   0.0,       ,      ,      ,        ,        ,        ,        ,        ,        ,        ,        ,      
shtalmi01, 1998,     1, EDM , NHL , G  , 34.0,  0.0,   0.0,   0.0,   2.0, 0.0  ,  0.0,  0.0,  0.0,  0.0,  0.0, 0.0,   0.0,       ,      ,      ,        ,        ,        ,        ,        ,        ,        ,        ,      
shtalmi01, 1998,     2, PHO , NHL , G  ,  4.0,  0.0,   0.0,   0.0,   0.0, 0.0  ,  0.0,  0.0,  0.0,  0.0,  0.0, 0.0,   0.0,       ,      ,      ,        ,        ,        ,        ,        ,        ,        ,        ,      
shtalmi01, 1999,     1, PHO , NHL , G  , 15.0,  0.0,   3.0,   3.0,   2.0, 0.0  ,  0.0,  1.0,  0.0,  0.0,  0.0, 0.0,   0.0,       ,      ,      ,        ,        ,        ,        ,        ,        ,        ,        ,      
shtalmi01, 1999,     2, FLO , NHL , G  , 15.0,  0.0,   0.0,   0.0,   2.0, 0.0  ,  0.0,  0.0,  0.0,  0.0,  0.0, 0.0,   0.0,       ,      ,      ,        ,        ,        ,        ,        ,        ,        ,        ,      
shuchga01, 1990,     1, DET , NHL , R  ,  6.0,  1.0,   2.0,   3.0,   6.0, 1.0  ,  0.0,  0.0,  0.0,  0.0,  0.0, 0.0,   8.0,    3.0,   0.0,   0.0,     0.0,     0.0, -2.0   ,     0.0,     0.0,     0.0,     0.0,     0.0,     1.0
shuchga01, 1992,     1, LAK , NHL , R  , 25.0,  2.0,   4.0,   6.0,  16.0, 0.0  ,  0.0,  0.0,  0.0,  0.0,  0.0, 0.0,  24.0,   17.0,   2.0,   2.0,     4.0,    12.0, -6.0   ,     0.0,     1.0,     0.0,     0.0,     1.0,    13.0
shuchga01, 1993,     1, LAK , NHL , R  , 56.0,  3.0,   4.0,   7.0,  30.0, -8.0 ,  0.0,  0.0,  0.0,  0.0,  1.0, 0.0,  55.0,       ,      ,      ,        ,        ,        ,        ,        ,        ,        ,        ,      
shuchga01, 1994,     1, LAK , NHL , C  , 22.0,  3.0,   6.0,   9.0,   6.0, -2.0 ,  0.0,  0.0,  0.0,  0.0,  0.0, 0.0,  16.0,       ,      ,      ,        ,        ,        ,        ,        ,        ,        ,        ,      
shuchga01, 1995,     1, LAK , NHL , R  , 33.0,  4.0,  10.0,  14.0,  12.0, 3.0  ,  0.0,  0.0,  0.0,  0.0,  0.0, 0.0,  22.0,       ,      ,      ,        ,        ,        ,        ,        ,        ,        ,        ,      
shudrro01, 1987,     1, EDM , NHL , D  , 10.0,  0.0,   5.0,   5.0,   6.0, 5.0  ,  0.0,  0.0,  0.0,  0.0,  0.0, 0.0,   8.0,       ,      ,      ,        ,        ,        ,        ,        ,        ,        ,        ,      
shulmri01, 1997,     1, NJD , NHL , G  ,  1.0,  0.0,   0.0,   0.0,   0.0, 0.0  ,  0.0,  0.0,  0.0,  0.0,  0.0, 0.0,   0.0,       ,      ,      ,        ,        ,        ,        ,        ,        ,        ,        ,      
shulmri01, 1999,     1, FLO , NHL , G  ,  1.0,  0.0,   0.0,   0.0,   0.0, 0.0  ,  0.0,  0.0,  0.0,  0.0,  0.0, 0.0,   0.0,       ,      ,      ,        ,        ,        ,        ,        ,        ,        ,        ,      
shuttby01, 1978,     1, CIN , WHA , L  , 65.0, 10.0,   7.0,  17.0, 115.0, 1.0  ,  0.0,     ,  0.0,     ,     ,    ,  77.0,    3.0,   1.0,   1.0,     2.0,    14.0, 2.0    ,        ,        ,        ,        ,     0.0,      
shuttst01, 1972,     1, MTL , NHL , L  , 50.0,  8.0,   8.0,  16.0,  24.0, 5.0  ,  1.0,     ,  0.0,     ,  2.0, 1.0,  55.0,    1.0,   0.0,   0.0,     0.0,     0.0,        ,     0.0,        ,     0.0,        ,     0.0,      
shuttst01, 1973,     1, MTL , NHL , L  , 70.0, 15.0,  20.0,  35.0,  17.0, 19.0 ,  3.0,     ,  0.0,     ,  1.0, 1.0, 131.0,    6.0,   5.0,   3.0,     8.0,     9.0,        ,     1.0,        ,     0.0,        ,     0.0,      
shuttst01, 1974,     1, MTL , NHL , L  , 77.0, 30.0,  35.0,  65.0,  40.0, 40.0 ,  3.0,     ,  0.0,     ,  5.0, 1.0, 165.0,    9.0,   1.0,   6.0,     7.0,     4.0,        ,     0.0,        ,     0.0,        ,     0.0,      
shuttst01, 1975,     1, MTL , NHL , L  , 80.0, 45.0,  34.0,  79.0,  47.0, 73.0 ,  7.0,     ,  0.0,     ,  7.0, 0.0, 223.0,   13.0,   7.0,   8.0,    15.0,     2.0,        ,     3.0,        ,     0.0,        ,     0.0,      
shuttst01, 1976,     1, MTL , NHL , L  , 80.0, 60.0,  45.0, 105.0,  28.0, 88.0 ,  8.0,     ,  0.0,     ,  9.0, 2.0, 294.0,   14.0,   8.0,  10.0,    18.0,     2.0,        ,     2.0,        ,     0.0,        ,     3.0,      
shuttst01, 1977,     1, MTL , NHL , L  , 80.0, 49.0,  37.0,  86.0,  24.0, 56.0 , 16.0,     ,  0.0,     ,  6.0, 2.0, 243.0,   15.0,   9.0,   8.0,    17.0,    20.0,        ,     3.0,        ,     0.0,        ,     0.0,      
shuttst01, 1978,     1, MTL , NHL , L  , 72.0, 37.0,  40.0,  77.0,  31.0, 37.0 , 10.0,     ,  0.0,     ,  6.0, 0.0, 192.0,   11.0,   4.0,   7.0,    11.0,     6.0,        ,     1.0,        ,     0.0,        ,     0.0,      
shuttst01, 1979,     1, MTL , NHL , L  , 77.0, 47.0,  42.0,  89.0,  34.0, 45.0 , 17.0,     ,  0.0,     ,  4.0, 1.0, 224.0,   10.0,   6.0,   3.0,     9.0,     6.0,        ,     2.0,        ,     0.0,        ,     2.0,      
shuttst01, 1980,     1, MTL , NHL , L  , 77.0, 35.0,  38.0,  73.0,  51.0, 30.0 ,  7.0,     ,  0.0,     ,  3.0, 2.0, 232.0,    3.0,   2.0,   1.0,     3.0,     4.0,        ,     0.0,        ,     0.0,        ,     0.0,      
shuttst01, 1981,     1, MTL , NHL , L  , 57.0, 31.0,  24.0,  55.0,  40.0, 24.0 ,  5.0,     ,  0.0,     ,  3.0, 1.0, 154.0,       ,      ,      ,        ,        ,        ,        ,        ,        ,        ,        ,      
shuttst01, 1982,     1, MTL , NHL , L  , 78.0, 35.0,  22.0,  57.0,  26.0, 8.0  ,  8.0,     ,  0.0,     ,  0.0, 1.0, 202.0,    3.0,   1.0,   0.0,     1.0,     0.0,        ,     0.0,        ,     0.0,        ,     0.0,      
shuttst01, 1983,     1, MTL , NHL , L  , 63.0, 14.0,  23.0,  37.0,  29.0, -18.0,  4.0,     ,  0.0,     ,  2.0, 0.0, 146.0,   11.0,   7.0,   2.0,     9.0,     8.0, 5.0    ,     2.0,        ,     0.0,        ,     0.0,    26.0
shuttst01, 1984,     1, MTL , NHL , L  , 10.0,  2.0,   0.0,   2.0,   9.0, 2.0  ,  1.0,     ,  0.0,     ,  0.0, 0.0,  17.0,       ,      ,      ,        ,        ,        ,        ,        ,        ,        ,        ,      
shuttst01, 1984,     2, LAK , NHL , L  , 59.0, 16.0,  25.0,  41.0,  10.0, -16.0,  5.0,     ,  0.0,     ,  1.0, 0.0, 127.0,    3.0,   0.0,   0.0,     0.0,     4.0, -4.0   ,     0.0,        ,     0.0,        ,     0.0,     6.0
shvidde01, 2000,     1, FLO , NHL , R  , 43.0,  6.0,  10.0,  16.0,  16.0, 6.0  ,  0.0,  3.0,  0.0,  0.0,  1.0, 0.0,  28.0,       ,      ,      ,        ,        ,        ,        ,        ,        ,        ,        ,      
shvidde01, 2001,     1, FLO , NHL , L  ,  8.0,  1.0,   2.0,   3.0,   2.0, -4.0 ,  0.0,  1.0,  0.0,  0.0,  0.0, 0.0,  11.0,       ,      ,      ,        ,        ,        ,        ,        ,        ,        ,        ,      
shvidde01, 2002,     1, FLO , NHL , L  , 23.0,  4.0,   2.0,   6.0,  12.0, -7.0 ,  2.0,  1.0,  0.0,  0.0,  1.0, 0.0,  29.0,       ,      ,      ,        ,        ,        ,        ,        ,        ,        ,        ,      
shvidde01, 2003,     1, FLO , NHL , R  ,  2.0,  0.0,   0.0,   0.0,   0.0, 0.0  ,  0.0,  0.0,  0.0,  0.0,  0.0, 0.0,   4.0,       ,      ,      ,        ,        ,        ,        ,        ,        ,        ,        ,      
sibbeal01, 1923,     1, EDE , WCHL, D  ,  5.0,  0.0,   0.0,   0.0,   0.0,      ,     ,     ,     ,     ,     ,    ,      ,       ,      ,      ,        ,        ,        ,        ,        ,        ,        ,        ,      
sicinbo01, 1972,     1, CHC , WHA , C  , 77.0, 25.0,  63.0,  88.0,  18.0,      ,  7.0,     ,  1.0,     ,  2.0,    ,      ,       ,      ,      ,        ,        ,        ,        ,        ,        ,        ,        ,      
sicinbo01, 1973,     1, CHC , WHA , C  , 69.0, 11.0,  29.0,  40.0,   8.0,      ,  1.0,     ,  0.0,     ,  1.0,    ,      ,   18.0,   6.0,   8.0,    14.0,     0.0,        ,        ,        ,        ,        ,     2.0,      
sicinbo01, 1974,     1, IND , WHA , C  , 77.0, 19.0,  34.0,  53.0,  12.0, -32.0,  4.0,     ,  2.0,     ,     ,    , 206.0,       ,      ,      ,        ,        ,        ,        ,        ,        ,        ,        ,      
sicinbo01, 1975,     1, IND , WHA , C  , 70.0,  9.0,  34.0,  43.0,   4.0, -2.0 ,  3.0,     ,  0.0,     ,  2.0,    , 140.0,    7.0,   0.0,   0.0,     0.0,     2.0, -1.0   ,        ,        ,        ,        ,        ,      
sicinbo01, 1976,     1, IND , WHA , C  , 60.0, 12.0,  24.0,  36.0,  14.0, -8.0 ,  1.0,     ,  0.0,     ,     ,    , 141.0,    9.0,   0.0,   3.0,     3.0,     4.0, -5.0   ,     0.0,        ,     0.0,        ,     0.0,      
sidorpe01, 1987,     1, HAR , NHL , G  ,  1.0,  0.0,   0.0,   0.0,   0.0, 0.0  ,  0.0,  0.0,  0.0,  0.0,  0.0, 0.0,   0.0,       ,      ,      ,        ,        ,        ,        ,        ,        ,        ,        ,      
sidorpe01, 1988,     1, HAR , NHL , G  , 44.0,  0.0,   3.0,   3.0,   0.0, 0.0  ,  0.0,     ,  0.0,     ,  0.0, 0.0,   0.0,    2.0,   0.0,   0.0,     0.0,     0.0, 0.0    ,     0.0,     0.0,     0.0,     0.0,     0.0,     0.0
sidorpe01, 1989,     1, HAR , NHL , G  , 46.0,  0.0,   1.0,   1.0,   4.0, 0.0  ,  0.0,     ,  0.0,     ,  0.0, 0.0,   0.0,    7.0,   0.0,   0.0,     0.0,     0.0, 0.0    ,     0.0,     0.0,     0.0,     0.0,     0.0,     0.0
sidorpe01, 1990,     1, HAR , NHL , G  , 52.0,  0.0,   4.0,   4.0,   6.0, 0.0  ,  0.0,     ,  0.0,     ,  0.0, 0.0,   0.0,    6.0,   0.0,   1.0,     1.0,     2.0, 0.0    ,     0.0,        ,     0.0,     0.0,     0.0,     0.0
sidorpe01, 1991,     1, HAR , NHL , G  , 35.0,  0.0,   1.0,   1.0,   2.0, 0.0  ,  0.0,  0.0,  0.0,  0.0,  0.0, 0.0,   0.0,       ,      ,      ,        ,        ,        ,        ,        ,        ,        ,        ,      
sidorpe01, 1992,     1, OTT , NHL , G  , 64.0,  0.0,   0.0,   0.0,   8.0, 0.0  ,  0.0,  0.0,  0.0,  0.0,  0.0, 0.0,   0.0,       ,      ,      ,        ,        ,        ,        ,        ,        ,        ,        ,      
sidorpe01, 1993,     1, NJD , NHL , G  ,  3.0,  0.0,   0.0,   0.0,   0.0, 0.0  ,  0.0,  0.0,  0.0,  0.0,  0.0, 0.0,   0.0,       ,      ,      ,        ,        ,        ,        ,        ,        ,        ,        ,      
sidorpe01, 1997,     1, NJD , NHL , G  ,  1.0,  0.0,   0.0,   0.0,   0.0, 0.0  ,  0.0,  0.0,  0.0,  0.0,  0.0, 0.0,   0.0,       ,      ,      ,        ,        ,        ,        ,        ,        ,        ,        ,      
siebeba01, 1925,     1, MTM , NHL , L  , 35.0, 16.0,   8.0,  24.0, 108.0,      ,     ,     ,     ,     ,     ,    ,      ,    4.0,   1.0,   0.0,     1.0,     4.0,        ,        ,        ,        ,        ,        ,      
siebeba01, 1926,     1, MTM , NHL , L/D, 42.0,  5.0,   3.0,   8.0, 116.0,      ,     ,     ,     ,     ,     ,    ,      ,    2.0,   1.0,   0.0,     1.0,     2.0,        ,        ,        ,        ,        ,        ,      
siebeba01, 1927,     1, MTM , NHL , L/D, 39.0,  8.0,   9.0,  17.0, 109.0,      ,     ,     ,     ,     ,     ,    ,      ,    9.0,   2.0,   0.0,     2.0,    26.0,        ,        ,        ,        ,        ,        ,      
siebeba01, 1928,     1, MTM , NHL , L/D, 40.0,  3.0,   5.0,   8.0,  52.0,      ,     ,     ,     ,     ,     ,    ,      ,       ,      ,      ,        ,        ,        ,        ,        ,        ,        ,        ,      
siebeba01, 1929,     1, MTM , NHL , L/D, 39.0, 14.0,  19.0,  33.0,  94.0,      ,     ,     ,     ,     ,     ,    ,      ,    3.0,   0.0,   0.0,     0.0,     0.0,        ,        ,        ,        ,        ,        ,      
siebeba01, 1930,     1, MTM , NHL , L/D, 43.0, 16.0,  12.0,  28.0,  76.0,      ,     ,     ,     ,     ,     ,    ,      ,    2.0,   0.0,   0.0,     0.0,     6.0,        ,        ,        ,        ,        ,        ,      
siebeba01, 1931,     1, MTM , NHL , L/D, 48.0, 21.0,  18.0,  39.0,  64.0,      ,     ,     ,     ,     ,     ,    ,      ,    4.0,   0.0,   1.0,     1.0,     4.0,        ,        ,        ,        ,        ,        ,      
siebeba01, 1932,     1, NYR , NHL , L/D, 43.0,  9.0,  10.0,  19.0,  38.0,      ,     ,     ,     ,     ,     ,    ,      ,    8.0,   1.0,   0.0,     1.0,    12.0,        ,        ,        ,        ,        ,        ,      
siebeba01, 1933,     1, NYR , NHL , L/D, 13.0,  0.0,   1.0,   1.0,  18.0,      ,     ,     ,     ,     ,     ,    ,      ,       ,      ,      ,        ,        ,        ,        ,        ,        ,        ,        ,      
siebeba01, 1933,     2, BOS , NHL , L/D, 32.0,  5.0,   6.0,  11.0,  31.0,      ,     ,     ,     ,     ,     ,    ,      ,       ,      ,      ,        ,        ,        ,        ,        ,        ,        ,        ,      
siebeba01, 1934,     1, BOS , NHL , L/D, 48.0,  6.0,  18.0,  24.0,  80.0,      ,     ,     ,     ,     ,     ,    ,      ,    4.0,   0.0,   0.0,     0.0,     6.0,        ,        ,        ,        ,        ,        ,      
siebeba01, 1935,     1, BOS , NHL , L/D, 45.0, 12.0,   9.0,  21.0,  66.0,      ,     ,     ,     ,     ,     ,    ,      ,    2.0,   0.0,   1.0,     1.0,     0.0,        ,        ,        ,        ,        ,        ,      
siebeba01, 1936,     1, MTL , NHL , L/D, 44.0,  8.0,  20.0,  28.0,  38.0,      ,     ,     ,     ,     ,     ,    ,      ,    5.0,   1.0,   2.0,     3.0,     2.0,        ,        ,        ,        ,        ,        ,      
siebeba01, 1937,     1, MTL , NHL , D  , 37.0,  8.0,  11.0,  19.0,  56.0,      ,     ,     ,     ,     ,     ,    ,      ,    3.0,   1.0,   1.0,     2.0,     0.0,        ,        ,        ,        ,        ,        ,      
siebeba01, 1938,     1, MTL , NHL , D  , 44.0,  9.0,   7.0,  16.0,  36.0,      ,     ,     ,     ,     ,     ,    ,      ,    3.0,   0.0,   0.0,     0.0,     0.0,        ,        ,        ,        ,        ,        ,      
siferja01, 2008,     1, TOR , NHL , D  , 23.0,  0.0,   2.0,   2.0,  18.0, -4.0 ,  0.0,  1.0,  0.0,  0.0,  0.0,    ,  25.0,       ,      ,      ,        ,        ,        ,        ,        ,        ,        ,        ,      
siferja01, 2009,     1, MIN , NHL , D  , 14.0,  0.0,   0.0,   0.0,   6.0, 1.0  ,  0.0,  0.0,  0.0,  0.0,  0.0,    ,   9.0,       ,      ,      ,        ,        ,        ,        ,        ,        ,        ,        ,      
sigaljo01, 2005,     1, BOS , NHL , G  ,  1.0,  0.0,   0.0,   0.0,   0.0, 0.0  ,  0.0,  0.0,  0.0,  0.0,  0.0,    ,   0.0,       ,      ,      ,        ,        ,        ,        ,        ,        ,        ,        ,      
sigaljo02, 2006,     1, BOS , NHL , D  ,  1.0,  0.0,   0.0,   0.0,   4.0, -2.0 ,  0.0,  0.0,  0.0,  0.0,  0.0,    ,   1.0,       ,      ,      ,        ,        ,        ,        ,        ,        ,        ,        ,      
siklemi01, 2002,     1, PHI , NHL , R  ,  1.0,  0.0,   0.0,   0.0,   0.0, 0.0  ,  0.0,  0.0,  0.0,  0.0,  0.0, 0.0,   1.0,       ,      ,      ,        ,        ,        ,        ,        ,        ,        ,        ,      
siklemi01, 2003,     1, NYR , NHL , R  ,  1.0,  0.0,   0.0,   0.0,   0.0, 0.0  ,  0.0,  0.0,  0.0,  0.0,  0.0, 0.0,   0.0,       ,      ,      ,        ,        ,        ,        ,        ,        ,        ,        ,      
silkda01 , 1979,     1, NYR , NHL , R  ,  2.0,  0.0,   0.0,   0.0,   0.0, 1.0  ,  0.0,     ,  0.0,     ,  0.0, 0.0,   4.0,       ,      ,      ,        ,        ,        ,        ,        ,        ,        ,        ,      
silkda01 , 1980,     1, NYR , NHL , R  , 59.0, 14.0,  12.0,  26.0,  58.0, -24.0,  2.0,     ,  0.0,     ,  1.0, 2.0, 124.0,       ,      ,      ,        ,        ,        ,        ,        ,        ,        ,        ,      
silkda01 , 1981,     1, NYR , NHL , R  , 64.0, 15.0,  20.0,  35.0,  39.0, 17.0 ,  1.0,     ,  0.0,     ,  0.0, 1.0, 111.0,    9.0,   2.0,   4.0,     6.0,     4.0,        ,     0.0,        ,     0.0,        ,     1.0,      
silkda01 , 1982,     1, NYR , NHL , C  , 16.0,  1.0,   1.0,   2.0,  15.0, -3.0 ,  0.0,     ,  0.0,     ,  0.0, 0.0,  10.0,       ,      ,      ,        ,        ,        ,        ,        ,        ,        ,        ,      
silkda01 , 1983,     1, BOS , NHL , R  , 35.0, 13.0,  17.0,  30.0,  64.0, 11.0 ,  5.0,     ,  0.0,     ,  1.0, 0.0,  62.0,    3.0,   0.0,   0.0,     0.0,     7.0, -3.0   ,     0.0,        ,     0.0,        ,     0.0,     3.0
silkda01 , 1984,     1, BOS , NHL , R  , 29.0,  7.0,   5.0,  12.0,  22.0, 3.0  ,  0.0,     ,  0.0,     ,  0.0, 0.0,  40.0,       ,      ,      ,        ,        ,        ,        ,        ,        ,        ,        ,      
silkda01 , 1984,     2, DET , NHL , R  , 12.0,  2.0,   0.0,   2.0,  10.0, -6.0 ,  0.0,     ,  0.0,     ,  0.0, 0.0,   7.0,       ,      ,      ,        ,        ,        ,        ,        ,        ,        ,        ,      
silkda01 , 1985,     1, WIN , NHL , R  , 32.0,  2.0,   4.0,   6.0,  63.0, -6.0 ,  0.0,     ,  0.0,     ,  1.0, 0.0,  30.0,    1.0,   0.0,   0.0,     0.0,     2.0, 1.0    ,     0.0,        ,     0.0,        ,     0.0,     0.0
sillimi01, 1990,     1, DET , NHL , C  ,  3.0,  0.0,   1.0,   1.0,   0.0, -2.0 ,  0.0,  0.0,  0.0,  0.0,  0.0, 0.0,   6.0,    3.0,   0.0,   1.0,     1.0,     0.0, 0.0    ,     0.0,     0.0,     0.0,     0.0,     0.0,     3.0
sillimi01, 1991,     1, DET , NHL , C  ,     ,     ,      ,      ,      ,      ,     ,     ,     ,     ,     ,    ,      ,    8.0,   2.0,   2.0,     4.0,     2.0, 4.0    ,     0.0,     0.0,     0.0,     0.0,     0.0,     7.0
sillimi01, 1992,     1, DET , NHL , C  , 51.0,  4.0,  17.0,  21.0,  16.0, 0.0  ,  0.0,  0.0,  0.0,  0.0,  0.0, 0.0,  47.0,       ,      ,      ,        ,        ,        ,        ,        ,        ,        ,        ,      
sillimi01, 1993,     1, DET , NHL , C  , 62.0,  8.0,  21.0,  29.0,  10.0, 2.0  ,  0.0,  4.0,  1.0,  0.0,  1.0, 0.0,  91.0,       ,      ,      ,        ,        ,        ,        ,        ,        ,        ,        ,      
sillimi01, 1994,     1, DET , NHL , C  , 13.0,  2.0,   6.0,   8.0,   2.0, 3.0  ,  0.0,  1.0,  0.0,  0.0,  0.0, 0.0,  11.0,       ,      ,      ,        ,        ,        ,        ,        ,        ,        ,        ,      
sillimi01, 1994,     2, ANA , NHL , C  , 15.0,  2.0,   5.0,   7.0,   6.0, 1.0  ,  2.0,  1.0,  0.0,  0.0,  0.0, 0.0,  28.0,       ,      ,      ,        ,        ,        ,        ,        ,        ,        ,        ,      
sillimi01, 1995,     1, ANA , NHL , R  , 62.0, 13.0,  21.0,  34.0,  32.0, -20.0,  7.0,  9.0,  0.0,  0.0,  2.0, 0.0, 143.0,       ,      ,      ,        ,        ,        ,        ,        ,        ,        ,        ,      
sillimi01, 1995,     2, VAN , NHL , R  , 12.0,  1.0,   3.0,   4.0,   6.0, 2.0  ,  0.0,  0.0,  1.0,  0.0,  0.0, 0.0,  16.0,    6.0,   0.0,   0.0,     0.0,     2.0, -5.0   ,     0.0,     0.0,     0.0,     0.0,     0.0,     5.0
sillimi01, 1996,     1, VAN , NHL , C  , 78.0, 17.0,  20.0,  37.0,  25.0, -3.0 ,  3.0,  1.0,  3.0,  1.0,  2.0, 0.0, 112.0,       ,      ,      ,        ,        ,        ,        ,        ,        ,        ,        ,      
sillimi01, 1997,     1, VAN , NHL , C  , 48.0, 10.0,   9.0,  19.0,  34.0, -14.0,  1.0,  1.0,  2.0,  1.0,  1.0, 0.0,  56.0,       ,      ,      ,        ,        ,        ,        ,        ,        ,        ,        ,      
sillimi01, 1997,     2, PHI , NHL , C  , 27.0, 11.0,  11.0,  22.0,  16.0, 3.0  ,  1.0,  4.0,  2.0,  0.0,  0.0, 0.0,  40.0,    3.0,   1.0,   0.0,     1.0,     0.0, 1.0    ,     0.0,     0.0,     0.0,     0.0,     0.0,     7.0
sillimi01, 1998,     1, PHI , NHL , C  , 25.0,  0.0,   3.0,   3.0,   8.0, -9.0 ,  0.0,  0.0,  0.0,  0.0,  0.0, 0.0,  23.0,       ,      ,      ,        ,        ,        ,        ,        ,        ,        ,        ,      
sillimi01, 1998,     2, TBL , NHL , C  , 54.0,  8.0,   2.0,  10.0,  28.0, -20.0,  0.0,  0.0,  2.0,  0.0,  0.0, 0.0,  69.0,       ,      ,      ,        ,        ,        ,        ,        ,        ,        ,        ,      
sillimi01, 1999,     1, TBL , NHL , R  , 67.0, 19.0,  25.0,  44.0,  86.0, -29.0,  6.0,  8.0,  3.0,  2.0,  1.0, 0.0, 126.0,       ,      ,      ,        ,        ,        ,        ,        ,        ,        ,        ,      
sillimi01, 1999,     2, FLO , NHL , R  , 13.0,  4.0,   4.0,   8.0,  16.0, -1.0 ,  2.0,  1.0,  0.0,  0.0,  1.0, 0.0,  20.0,    4.0,   2.0,   1.0,     3.0,     2.0, -1.0   ,     0.0,     0.0,     0.0,     0.0,     0.0,     7.0
sillimi01, 2000,     1, FLO , NHL , C  , 55.0, 13.0,  21.0,  34.0,  44.0, -12.0,  1.0, 11.0,  0.0,  1.0,  2.0, 0.0, 100.0,       ,      ,      ,        ,        ,        ,        ,        ,        ,        ,        ,      
sillimi01, 2000,     2, OTT , NHL , C  , 13.0,  3.0,   4.0,   7.0,   4.0, 1.0  ,  0.0,  1.0,  0.0,  0.0,  0.0, 0.0,  19.0,    4.0,   0.0,   0.0,     0.0,     2.0, -3.0   ,     0.0,     0.0,     0.0,     0.0,     0.0,     3.0
sillimi01, 2001,     1, CBS , NHL , C  , 80.0, 20.0,  23.0,  43.0,  54.0, -35.0,  8.0,  8.0,  0.0,  0.0,  5.0, 0.0, 150.0,       ,      ,      ,        ,        ,        ,        ,        ,        ,        ,        ,      
sillimi01, 2002,     1, CBS , NHL , C  , 75.0, 18.0,  25.0,  43.0,  52.0, -21.0,  9.0,  7.0,  3.0,  3.0,  3.0, 0.0, 128.0,       ,      ,      ,        ,        ,        ,        ,        ,        ,        ,        ,      
sillimi01, 2003,     1, PHO , NHL , C  , 60.0,  8.0,   6.0,  14.0,  54.0, -14.0,  0.0,  0.0,  1.0,  1.0,  0.0, 0.0,  66.0,       ,      ,      ,        ,        ,        ,        ,        ,        ,        ,        ,      
sillimi01, 2003,     2, STL , NHL , C  , 16.0,  5.0,   5.0,  10.0,  14.0, 4.0  ,  0.0,  1.0,  1.0,  0.0,  0.0, 0.0,  40.0,    5.0,   3.0,   1.0,     4.0,     6.0, 5.0    ,     0.0,     0.0,     1.0,     0.0,     0.0,    12.0
sillimi01, 2005,     1, STL , NHL , C  , 48.0, 22.0,  19.0,  41.0,  49.0, -17.0, 11.0, 13.0,  1.0,  0.0,  1.0,    , 131.0,       ,      ,      ,        ,        ,        ,        ,        ,        ,        ,        ,      
sillimi01, 2005,     2, NAS , NHL , C  , 31.0, 10.0,  12.0,  22.0,  14.0, 0.0  ,  3.0,  3.0,  0.0,  1.0,  1.0,    ,  80.0,    5.0,   2.0,   1.0,     3.0,    12.0, -1.0   ,     1.0,     1.0,     0.0,     0.0,     0.0,     7.0
sillimi01, 2006,     1, NYI , NHL , C  , 82.0, 26.0,  33.0,  59.0,  46.0, 5.0  , 11.0, 12.0,  2.0,  1.0,  3.0,    , 152.0,    5.0,   1.0,   1.0,     2.0,     2.0, -1.0   ,     1.0,     0.0,     0.0,     0.0,     0.0,    10.0
sillimi01, 2007,     1, NYI , NHL , C  , 52.0, 14.0,  12.0,  26.0,  28.0, -10.0,  3.0,  3.0,  2.0,  0.0,  2.0,    ,  94.0,       ,      ,      ,        ,        ,        ,        ,        ,        ,        ,        ,      
sillimi01, 2008,     1, NYI , NHL , C  ,  7.0,  2.0,   0.0,   2.0,   0.0, -5.0 ,  1.0,  0.0,  0.0,  0.0,  0.0,    ,  14.0,       ,      ,      ,        ,        ,        ,        ,        ,        ,        ,        ,      
siltami01, 1981,     1, WAS , NHL , R  ,  3.0,  1.0,   0.0,   1.0,   2.0, -1.0 ,  0.0,     ,  0.0,     ,  0.0, 0.0,   2.0,       ,      ,      ,        ,        ,        ,        ,        ,        ,        ,        ,      
siltami01, 1986,     1, NYR , NHL , R  ,  1.0,  0.0,   0.0,   0.0,   0.0, 1.0  ,  0.0,     ,  0.0,     ,  0.0, 0.0,   0.0,       ,      ,      ,        ,        ,        ,        ,        ,        ,        ,        ,      
siltami01, 1987,     1, NYR , NHL , R  ,  3.0,  0.0,   0.0,   0.0,   0.0, 0.0  ,  0.0,  0.0,  0.0,  0.0,  0.0, 0.0,   3.0,       ,      ,      ,        ,        ,        ,        ,        ,        ,        ,        ,      
siltari01, 1978,     1, EDO , WHA , D  , 20.0,  3.0,   4.0,   7.0,   4.0, 4.0  ,  0.0,     ,  0.0,     ,     ,    ,  36.0,   11.0,   0.0,   9.0,     9.0,     4.0, 6.0    ,        ,        ,        ,        ,     0.0,      
siltari01, 1979,     1, EDM , NHL , D  , 64.0,  6.0,  29.0,  35.0,  26.0, -9.0 ,  1.0,     ,  0.0,     ,  0.0, 0.0, 116.0,    2.0,   0.0,   0.0,     0.0,     2.0,        ,     0.0,        ,     0.0,        ,     0.0,      
siltari01, 1980,     1, EDM , NHL , D  , 79.0, 17.0,  36.0,  53.0,  54.0, 5.0  ,  7.0,     ,  1.0,     ,  3.0, 2.0, 209.0,    9.0,   2.0,   0.0,     2.0,     8.0,        ,     2.0,        ,     0.0,        ,     1.0,      
siltari01, 1981,     1, EDM , NHL , D  , 63.0, 15.0,  48.0,  63.0,  26.0, 13.0 ,  6.0,     ,  0.0,     ,  1.0, 0.0, 143.0,    5.0,   3.0,   2.0,     5.0,    10.0,        ,     1.0,        ,     0.0,        ,     0.0,      
siltari01, 1982,     1, HAR , NHL , D  , 74.0,  5.0,  25.0,  30.0,  28.0, -39.0,  3.0,     ,  0.0,     ,  0.0, 0.0, 155.0,       ,      ,      ,        ,        ,        ,        ,        ,        ,        ,        ,      
siltari01, 1983,     1, HAR , NHL , D  , 75.0, 15.0,  38.0,  53.0,  34.0, -21.0, 12.0,     ,  0.0,     ,  0.0, 1.0, 163.0,       ,      ,      ,        ,        ,        ,        ,        ,        ,        ,        ,      
siltari01, 1984,     1, HAR , NHL , D  , 76.0, 12.0,  33.0,  45.0,  30.0, -24.0,  8.0,     ,  0.0,     ,  2.0, 0.0, 174.0,       ,      ,      ,        ,        ,        ,        ,        ,        ,        ,        ,      
siltari01, 1985,     1, HAR , NHL , D  , 52.0,  8.0,  22.0,  30.0,  30.0, 2.0  ,  6.0,     ,  0.0,     ,  1.0, 0.0, 126.0,       ,      ,      ,        ,        ,        ,        ,        ,        ,        ,        ,      
siltari01, 1985,     2, QUE , NHL , D  , 13.0,  2.0,   5.0,   7.0,   6.0, -1.0 ,  2.0,     ,  0.0,     ,  0.0, 0.0,  53.0,    3.0,   0.0,   1.0,     1.0,     2.0, -3.0   ,     0.0,        ,     0.0,        ,     0.0,     9.0
siltari01, 1986,     1, QUE , NHL , D  , 66.0, 10.0,  29.0,  39.0,  32.0, -2.0 ,  8.0,     ,  0.0,     ,  1.0, 0.0, 130.0,   13.0,   1.0,   9.0,    10.0,     8.0, -4.0   ,     1.0,        ,     0.0,        ,     0.0,    26.0
simarma01, 1990,     1, CAL , NHL , R  , 16.0,  0.0,   2.0,   2.0,  53.0, 0.0  ,  0.0,  0.0,  0.0,  0.0,  0.0, 0.0,   7.0,       ,      ,      ,        ,        ,        ,        ,        ,        ,        ,        ,      
simarma01, 1991,     1, CAL , NHL , R  , 21.0,  1.0,   3.0,   4.0, 119.0, -4.0 ,  1.0,  0.0,  0.0,  0.0,  0.0, 0.0,  11.0,       ,      ,      ,        ,        ,        ,        ,        ,        ,        ,        ,      
simarma01, 1992,     1, TBL , NHL , R  ,  7.0,  0.0,   0.0,   0.0,  11.0, -1.0 ,  0.0,  0.0,  0.0,  0.0,  0.0, 0.0,   1.0,       ,      ,      ,        ,        ,        ,        ,        ,        ,        ,        ,      
simicro01, 2000,     1, PIT , NHL , C  , 29.0,  3.0,   6.0,   9.0,  30.0, -5.0 ,  1.0,  3.0,  0.0,  0.0,  1.0, 0.0,  19.0,       ,      ,      ,        ,        ,        ,        ,        ,        ,        ,        ,      
simicro01, 2000,     2, MIN , NHL , C  , 28.0,  2.0,   4.0,   6.0,  21.0, -4.0 ,  2.0,  3.0,  0.0,  0.0,  0.0, 0.0,  14.0,       ,      ,      ,        ,        ,        ,        ,        ,        ,        ,        ,      
simicro01, 2001,     1, MIN , NHL , L  ,  6.0,  2.0,   0.0,   2.0,   8.0, 1.0  ,  0.0,  0.0,  0.0,  0.0,  0.0, 0.0,   4.0,       ,      ,      ,        ,        ,        ,        ,        ,        ,        ,        ,      
simjo01  , 1998,     1, DAL , NHL , C  ,  7.0,  1.0,   0.0,   1.0,  12.0, 1.0  ,  0.0,  0.0,  0.0,  0.0,  0.0, 0.0,   8.0,    4.0,   0.0,   0.0,     0.0,     0.0, -1.0   ,     0.0,     0.0,     0.0,     0.0,     0.0,     1.0
simjo01  , 1999,     1, DAL , NHL , C  , 25.0,  5.0,   3.0,   8.0,  10.0, 4.0  ,  2.0,  0.0,  0.0,  0.0,  1.0, 0.0,  44.0,    7.0,   1.0,   0.0,     1.0,     6.0, 0.0    ,     0.0,     0.0,     0.0,     0.0,     0.0,     9.0
simjo01  , 2000,     1, DAL , NHL , L  , 15.0,  0.0,   3.0,   3.0,   6.0, -2.0 ,  0.0,  1.0,  0.0,  0.0,  0.0, 0.0,  18.0,       ,      ,      ,        ,        ,        ,        ,        ,        ,        ,        ,      
simjo01  , 2001,     1, DAL , NHL , R  , 26.0,  3.0,   0.0,   3.0,  10.0, -3.0 ,  1.0,  0.0,  0.0,  0.0,  0.0, 0.0,  43.0,       ,      ,      ,        ,        ,        ,        ,        ,        ,        ,        ,      
simjo01  , 2002,     1, DAL , NHL , R  ,  4.0,  0.0,   0.0,   0.0,   0.0, -1.0 ,  0.0,  0.0,  0.0,  0.0,  0.0, 0.0,   7.0,       ,      ,      ,        ,        ,        ,        ,        ,        ,        ,        ,      
simjo01  , 2002,     2, NAS , NHL , R  ,  4.0,  1.0,   0.0,   1.0,   0.0, 0.0  ,  0.0,  0.0,  0.0,  0.0,  0.0, 0.0,   3.0,       ,      ,      ,        ,        ,        ,        ,        ,        ,        ,        ,      
simjo01  , 2002,     3, LAK , NHL , R  , 14.0,  0.0,   2.0,   2.0,  19.0, -3.0 ,  0.0,  0.0,  0.0,  0.0,  0.0, 0.0,  29.0,       ,      ,      ,        ,        ,        ,        ,        ,        ,        ,        ,      
simjo01  , 2003,     1, LAK , NHL , L  , 48.0,  6.0,   7.0,  13.0,  27.0, 0.0  ,  0.0,  0.0,  0.0,  0.0,  1.0, 0.0,  73.0,       ,      ,      ,        ,        ,        ,        ,        ,        ,        ,        ,      
simjo01  , 2003,     2, PIT , NHL , L  , 15.0,  2.0,   3.0,   5.0,   6.0, -4.0 ,  0.0,  1.0,  0.0,  0.0,  1.0, 0.0,  27.0,       ,      ,      ,        ,        ,        ,        ,        ,        ,        ,        ,      
simjo01  , 2005,     1, PHI , NHL , R  , 39.0,  7.0,   7.0,  14.0,  28.0, -6.0 ,  4.0,  0.0,  0.0,  0.0,  2.0,    ,  80.0,       ,      ,      ,        ,        ,        ,        ,        ,        ,        ,        ,      
simjo01  , 2005,     2, FLO , NHL , R  , 33.0, 10.0,   8.0,  18.0,  26.0, -1.0 ,  4.0,  2.0,  0.0,  0.0,  3.0,    ,  92.0,       ,      ,      ,        ,        ,        ,        ,        ,        ,        ,        ,      
simjo01  , 2006,     1, ATL , NHL , L  , 77.0, 17.0,  12.0,  29.0,  60.0, -1.0 ,  2.0,  1.0,  0.0,  0.0,  1.0,    , 141.0,    4.0,   0.0,   0.0,     0.0,     0.0, -1.0   ,     0.0,     0.0,     0.0,     0.0,     0.0,     2.0
simjo01  , 2007,     1, NYI , NHL , L  ,  2.0,  0.0,   1.0,   1.0,   2.0, -1.0 ,  0.0,  0.0,  0.0,  0.0,  0.0,    ,   8.0,       ,      ,      ,        ,        ,        ,        ,        ,        ,        ,        ,      
simjo01  , 2008,     1, NYI , NHL , L  , 49.0,  9.0,   6.0,  15.0,  42.0, -12.0,  3.0,  0.0,  0.0,  0.0,  0.0,    ,  90.0,       ,      ,      ,        ,        ,        ,        ,        ,        ,        ,        ,      
simjo01  , 2009,     1, NYI , NHL , L  , 77.0, 13.0,   9.0,  22.0,  44.0, -3.0 ,  1.0,  0.0,  0.0,  0.0,  0.0,    , 128.0,       ,      ,      ,        ,        ,        ,        ,        ,        ,        ,        ,      
simmech01, 1974,     1, CLF , NHL , L  , 35.0,  8.0,  13.0,  21.0,  26.0, -2.0 ,  2.0,     ,  0.0,     ,  0.0, 3.0,  46.0,       ,      ,      ,        ,        ,        ,        ,        ,        ,        ,        ,      
simmech01, 1975,     1, CLF , NHL , L  , 21.0,  1.0,   1.0,   2.0,  22.0, -9.0 ,  1.0,     ,  0.0,     ,  0.0, 1.0,  12.0,       ,      ,      ,        ,        ,        ,        ,        ,        ,        ,        ,      
simmech01, 1976,     1, CLE , NHL , L  , 24.0,  2.0,   0.0,   2.0,  16.0, -11.0,  1.0,     ,  0.0,     ,  0.0, 0.0,  42.0,       ,      ,      ,        ,        ,        ,        ,        ,        ,        ,        ,      
simmech01, 1977,     1, LAK , NHL , L  ,  3.0,  0.0,   0.0,   0.0,   2.0, 0.0  ,  0.0,     ,  0.0,     ,  0.0, 0.0,   4.0,       ,      ,      ,        ,        ,        ,        ,        ,        ,        ,        ,      
simmech01, 1978,     1, LAK , NHL , L  , 38.0, 21.0,  27.0,  48.0,  16.0, 9.0  ,  8.0,     ,  0.0,     ,  0.0, 3.0, 112.0,    2.0,   1.0,   0.0,     1.0,     2.0,        ,     1.0,        ,     0.0,        ,     0.0,      
simmech01, 1979,     1, LAK , NHL , L  , 64.0, 56.0,  45.0, 101.0,  65.0, 47.0 , 21.0,     ,  0.0,     ,  8.0, 3.0, 213.0,    3.0,   2.0,   0.0,     2.0,     0.0,        ,     1.0,        ,     0.0,        ,     0.0,      
simmech01, 1980,     1, LAK , NHL , L  , 65.0, 56.0,  49.0, 105.0,  62.0, 31.0 , 23.0,     ,  0.0,     ,  9.0, 2.0, 171.0,       ,      ,      ,        ,        ,        ,        ,        ,        ,        ,        ,      
simmech01, 1981,     1, LAK , NHL , L  , 50.0, 15.0,  24.0,  39.0,  42.0, -7.0 ,  3.0,     ,  0.0,     ,  2.0, 1.0,  88.0,   10.0,   4.0,   7.0,    11.0,    22.0,        ,     1.0,        ,     0.0,        ,     1.0,      
simmech01, 1982,     1, LAK , NHL , L  , 80.0, 29.0,  51.0,  80.0,  51.0, 0.0  , 11.0,     ,  1.0,     ,  1.0, 1.0, 183.0,       ,      ,      ,        ,        ,        ,        ,        ,        ,        ,        ,      
simmech01, 1983,     1, LAK , NHL , L  , 79.0, 44.0,  48.0,  92.0,  78.0, 7.0  , 13.0,     ,  1.0,     ,  4.0, 3.0, 188.0,       ,      ,      ,        ,        ,        ,        ,        ,        ,        ,        ,      
simmech01, 1984,     1, LAK , NHL , L  ,  5.0,  1.0,   0.0,   1.0,   4.0, -4.0 ,  0.0,     ,  0.0,     ,  0.0, 0.0,   8.0,       ,      ,      ,        ,        ,        ,        ,        ,        ,        ,        ,      
simmech01, 1984,     2, BOS , NHL , L  , 63.0, 33.0,  30.0,  63.0,  35.0, 14.0 , 12.0,     ,  0.0,     ,  5.0, 2.0, 128.0,    5.0,   2.0,   2.0,     4.0,     2.0, 5.0    ,     0.0,        ,     0.0,        ,     0.0,     6.0
simmech01, 1985,     1, BOS , NHL , L  , 55.0, 36.0,  24.0,  60.0,  42.0, 12.0 , 14.0,     ,  0.0,     ,  5.0, 1.0, 141.0,    3.0,   0.0,   0.0,     0.0,     4.0, -1.0   ,     0.0,        ,     0.0,        ,     0.0,     4.0
simmech01, 1986,     1, BOS , NHL , L  , 80.0, 29.0,  40.0,  69.0,  59.0, 20.0 , 11.0,     ,  0.0,     ,  4.0, 0.0, 137.0,    1.0,   0.0,   0.0,     0.0,     2.0, 1.0    ,     0.0,        ,     0.0,        ,     0.0,     0.0
simmech01, 1987,     1, PIT , NHL , L  , 50.0, 11.0,  17.0,  28.0,  24.0, 6.0  ,  5.0,  7.0,  0.0,  0.0,  3.0, 0.0,  58.0,       ,      ,      ,        ,        ,        ,        ,        ,        ,        ,        ,      
simmoal01, 1971,     1, CLF , NHL , D  ,  1.0,  0.0,   0.0,   0.0,   0.0, -1.0 ,  0.0,     ,  0.0,     ,  0.0, 0.0,   4.0,       ,      ,      ,        ,        ,        ,        ,        ,        ,        ,        ,      
simmoal01, 1973,     1, BOS , NHL , D  ,  3.0,  0.0,   0.0,   0.0,   0.0, -1.0 ,  0.0,     ,  0.0,     ,  0.0, 0.0,   1.0,    1.0,   0.0,   0.0,     0.0,     0.0,        ,     0.0,        ,     0.0,        ,     0.0,      
simmoal01, 1975,     1, BOS , NHL , D  ,  7.0,  0.0,   1.0,   1.0,  21.0, 0.0  ,  0.0,     ,  0.0,     ,  0.0, 0.0,   6.0,       ,      ,      ,        ,        ,        ,        ,        ,        ,        ,        ,      
simmodo01, 1956,     1, BOS , NHL , G  , 26.0,  0.0,   0.0,   0.0,   0.0,      ,     ,     ,     ,     ,     ,    ,      ,   10.0,   0.0,   0.0,     0.0,     0.0,        ,        ,        ,        ,        ,        ,      
simmodo01, 1957,     1, BOS , NHL , G  , 39.0,  0.0,   0.0,   0.0,   0.0,      ,     ,     ,     ,     ,     ,    ,      ,   11.0,   0.0,   0.0,     0.0,     0.0,        ,        ,        ,        ,        ,        ,      
simmodo01, 1958,     1, BOS , NHL , G  , 58.0,  0.0,   0.0,   0.0,   4.0,      ,     ,     ,     ,     ,     ,    ,      ,       ,      ,      ,        ,        ,        ,        ,        ,        ,        ,        ,      
simmodo01, 1959,     1, BOS , NHL , G  , 28.0,  0.0,   0.0,   0.0,   4.0,      ,     ,     ,     ,     ,     ,    ,      ,       ,      ,      ,        ,        ,        ,        ,        ,        ,        ,        ,      
simmodo01, 1960,     1, BOS , NHL , G  , 18.0,  0.0,   0.0,   0.0,   6.0,      ,     ,     ,     ,     ,     ,    ,      ,       ,      ,      ,        ,        ,        ,        ,        ,        ,        ,        ,      
simmodo01, 1961,     1, TOR , NHL , G  ,  9.0,  0.0,   0.0,   0.0,   0.0,      ,     ,     ,     ,     ,     ,    ,      ,    3.0,   0.0,   0.0,     0.0,     0.0,        ,        ,        ,        ,        ,        ,      
simmodo01, 1962,     1, TOR , NHL , G  , 28.0,  0.0,   0.0,   0.0,   0.0,      ,     ,     ,     ,     ,     ,    ,      ,       ,      ,      ,        ,        ,        ,        ,        ,        ,        ,        ,      
simmodo01, 1963,     1, TOR , NHL , G  , 21.0,  0.0,   0.0,   0.0,   0.0,      ,  0.0,     ,  0.0,     ,  0.0, 0.0,      ,       ,      ,      ,        ,        ,        ,        ,        ,        ,        ,        ,      
simmodo01, 1965,     1, NYR , NHL , G  , 12.0,  0.0,   0.0,   0.0,   0.0,      ,  0.0,     ,  0.0,     ,  0.0, 0.0,      ,       ,      ,      ,        ,        ,        ,        ,        ,        ,        ,        ,      
simmodo01, 1967,     1, NYR , NHL , G  ,  5.0,  0.0,   0.0,   0.0,   0.0, 0.0  ,  0.0,     ,  0.0,     ,  0.0, 0.0,   0.0,       ,      ,      ,        ,        ,        ,        ,        ,        ,        ,        ,      
simmodo01, 1968,     1, NYR , NHL , G  ,  5.0,  0.0,   0.0,   0.0,   0.0, 0.0  ,  0.0,     ,  0.0,     ,  0.0, 0.0,   0.0,       ,      ,      ,        ,        ,        ,        ,        ,        ,        ,        ,      
simmoga01, 1974,     1, CLF , NHL , G  , 34.0,  0.0,   1.0,   1.0,  26.0, 0.0  ,  0.0,     ,  0.0,     ,  0.0, 0.0,   0.0,       ,      ,      ,        ,        ,        ,        ,        ,        ,        ,        ,      
simmoga01, 1975,     1, CLF , NHL , G  , 40.0,  0.0,   0.0,   0.0,  18.0, 0.0  ,  0.0,     ,  0.0,     ,  0.0, 0.0,   0.0,       ,      ,      ,        ,        ,        ,        ,        ,        ,        ,        ,      
simmoga01, 1976,     1, CLE , NHL , G  , 15.0,  0.0,   0.0,   0.0,   0.0, 0.0  ,  0.0,     ,  0.0,     ,  0.0, 0.0,   0.0,       ,      ,      ,        ,        ,        ,        ,        ,        ,        ,        ,      
simmoga01, 1976,     2, LAK , NHL , G  ,  4.0,  0.0,   0.0,   0.0,   0.0, 0.0  ,  0.0,     ,  0.0,     ,  0.0, 0.0,   0.0,    1.0,   0.0,   0.0,     0.0,     0.0,        ,     0.0,        ,     0.0,        ,     0.0,      
simmoga01, 1977,     1, LAK , NHL , G  , 14.0,  0.0,   0.0,   0.0,   6.0, 0.0  ,  0.0,     ,  0.0,     ,  0.0, 0.0,   0.0,       ,      ,      ,        ,        ,        ,        ,        ,        ,        ,        ,      
simmowa01, 2008,     1, LAK , NHL , R  , 82.0,  9.0,  14.0,  23.0,  73.0, -8.0 ,  2.0,  3.0,  0.0,  1.0,  2.0,    , 127.0,       ,      ,      ,        ,        ,        ,        ,        ,        ,        ,        ,      
simmowa01, 2009,     1, LAK , NHL , R  , 78.0, 16.0,  24.0,  40.0, 116.0, 22.0 ,  0.0,  0.0,  0.0,  0.0,  2.0,    , 127.0,    6.0,   2.0,   1.0,     3.0,     9.0, 1.0    ,     0.0,     0.0,     0.0,     0.0,     0.0,    14.0
simonbe01, 2001,     1, ATL , NHL , C  ,  6.0,  0.0,   0.0,   0.0,   6.0, 1.0  ,  0.0,  0.0,  0.0,  0.0,  0.0, 0.0,   7.0,       ,      ,      ,        ,        ,        ,        ,        ,        ,        ,        ,      
simonbe01, 2002,     1, ATL , NHL , L  , 10.0,  0.0,   1.0,   1.0,   9.0, 0.0  ,  0.0,  0.0,  0.0,  0.0,  0.0, 0.0,   7.0,       ,      ,      ,        ,        ,        ,        ,        ,        ,        ,        ,      
simonbe01, 2003,     1, ATL , NHL , C  , 52.0,  3.0,   0.0,   3.0,  28.0, -10.0,  0.0,  0.0,  0.0,  0.0,  0.0, 0.0,  30.0,       ,      ,      ,        ,        ,        ,        ,        ,        ,        ,        ,      
simonbe01, 2005,     1, CBS , NHL , C  , 13.0,  0.0,   0.0,   0.0,   4.0, -4.0 ,  0.0,  0.0,  0.0,  0.0,  0.0,    ,   7.0,       ,      ,      ,        ,        ,        ,        ,        ,        ,        ,        ,      
simonch01, 1992,     1, QUE , NHL , L  , 16.0,  1.0,   1.0,   2.0,  67.0, -2.0 ,  0.0,  0.0,  0.0,  0.0,  1.0, 0.0,  15.0,    5.0,   0.0,   0.0,     0.0,    26.0, -2.0   ,     0.0,     0.0,     0.0,     0.0,     0.0,     8.0
simonch01, 1993,     1, QUE , NHL , L  , 37.0,  4.0,   4.0,   8.0, 132.0, -2.0 ,  0.0,  0.0,  0.0,  0.0,  1.0, 0.0,  39.0,       ,      ,      ,        ,        ,        ,        ,        ,        ,        ,        ,      
simonch01, 1994,     1, QUE , NHL , L  , 29.0,  3.0,   9.0,  12.0, 106.0, 14.0 ,  0.0,  0.0,  0.0,  0.0,  0.0, 0.0,  33.0,    6.0,   1.0,   1.0,     2.0,    19.0, -1.0   ,     0.0,     0.0,     0.0,     0.0,     1.0,     9.0
simonch01, 1995,     1, COL , NHL , L  , 64.0, 16.0,  18.0,  34.0, 250.0, 10.0 ,  4.0,  3.0,  0.0,  0.0,  1.0, 0.0, 105.0,   12.0,   1.0,   2.0,     3.0,    11.0, -2.0   ,     0.0,     1.0,     0.0,     0.0,     0.0,     9.0
simonch01, 1996,     1, WAS , NHL , L  , 42.0,  9.0,  13.0,  22.0, 165.0, -1.0 ,  3.0,  0.0,  0.0,  0.0,  1.0, 0.0,  89.0,       ,      ,      ,        ,        ,        ,        ,        ,        ,        ,        ,      
simonch01, 1997,     1, WAS , NHL , L  , 28.0,  7.0,  10.0,  17.0,  38.0, -1.0 ,  4.0,  4.0,  0.0,  0.0,  1.0, 0.0,  71.0,   18.0,   1.0,   0.0,     1.0,    26.0, -3.0   ,     0.0,     0.0,     0.0,     0.0,     0.0,    17.0
simonch01, 1998,     1, WAS , NHL , L  , 23.0,  3.0,   7.0,  10.0,  48.0, -4.0 ,  0.0,  0.0,  0.0,  0.0,  0.0, 0.0,  29.0,       ,      ,      ,        ,        ,        ,        ,        ,        ,        ,        ,      
simonch01, 1999,     1, WAS , NHL , L  , 75.0, 29.0,  20.0,  49.0, 146.0, 11.0 ,  7.0,  4.0,  0.0,  0.0,  5.0, 1.0, 201.0,    4.0,   2.0,   0.0,     2.0,    24.0, 1.0    ,     0.0,     0.0,     0.0,     0.0,     0.0,    13.0
simonch01, 2000,     1, WAS , NHL , L  , 60.0, 10.0,  10.0,  20.0, 109.0, -12.0,  4.0,  3.0,  0.0,  0.0,  2.0, 0.0, 123.0,    6.0,   0.0,   1.0,     1.0,     4.0, -2.0   ,     0.0,     1.0,     0.0,     0.0,     0.0,     6.0
simonch01, 2001,     1, WAS , NHL , L  , 82.0, 14.0,  17.0,  31.0, 137.0, -8.0 ,  1.0,  2.0,  0.0,  0.0,  1.0, 1.0, 121.0,       ,      ,      ,        ,        ,        ,        ,        ,        ,        ,        ,      
simonch01, 2002,     1, WAS , NHL , L  , 10.0,  0.0,   2.0,   2.0,  23.0, -3.0 ,  0.0,  1.0,  0.0,  0.0,  0.0, 0.0,  16.0,       ,      ,      ,        ,        ,        ,        ,        ,        ,        ,        ,      
simonch01, 2002,     2, CHI , NHL , L  , 61.0, 12.0,   6.0,  18.0, 125.0, -4.0 ,  2.0,  1.0,  0.0,  0.0,  2.0, 1.0,  72.0,       ,      ,      ,        ,        ,        ,        ,        ,        ,        ,        ,      
simonch01, 2003,     1, NYR , NHL , L  , 65.0, 14.0,   9.0,  23.0, 225.0, 14.0 ,  3.0,  0.0,  0.0,  0.0,  0.0, 1.0, 116.0,       ,      ,      ,        ,        ,        ,        ,        ,        ,        ,        ,      
simonch01, 2003,     2, CAL , NHL , L  , 13.0,  3.0,   2.0,   5.0,  25.0, 1.0  ,  1.0,  1.0,  0.0,  0.0,  0.0, 0.0,  31.0,   16.0,   5.0,   2.0,     7.0,    74.0, 0.0    ,     4.0,     1.0,     0.0,     0.0,     1.0,    34.0
simonch01, 2005,     1, CAL , NHL , L  , 72.0,  8.0,  14.0,  22.0,  94.0, 0.0  ,  2.0,  2.0,  0.0,  0.0,  3.0,    ,  76.0,    6.0,   0.0,   1.0,     1.0,     7.0, -3.0   ,     0.0,     0.0,     0.0,     0.0,     0.0,     6.0
simonch01, 2006,     1, NYI , NHL , L  , 67.0, 10.0,  17.0,  27.0,  75.0, 17.0 ,  2.0,  2.0,  0.0,  0.0,  0.0,    ,  82.0,       ,      ,      ,        ,        ,        ,        ,        ,        ,        ,        ,      
simonch01, 2007,     1, NYI , NHL , L  , 28.0,  1.0,   2.0,   3.0,  43.0, -1.0 ,  0.0,  0.0,  0.0,  0.0,  0.0,    ,  18.0,       ,      ,      ,        ,        ,        ,        ,        ,        ,        ,        ,      
simonch01, 2007,     2, MIN , NHL , L  , 10.0,  0.0,   0.0,   0.0,  16.0, -1.0 ,  0.0,  0.0,  0.0,  0.0,  0.0,    ,   9.0,    2.0,   0.0,   0.0,     0.0,     0.0, -1.0   ,     0.0,     0.0,     0.0,     0.0,     0.0,     0.0
simoncu01, 1942,     1, DET , NHL , D  , 34.0,  1.0,   1.0,   2.0,  34.0,      ,     ,     ,     ,     ,     ,    ,      ,    9.0,   1.0,   0.0,     1.0,     4.0,        ,        ,        ,        ,        ,        ,      
simoncu01, 1943,     1, DET , NHL , D  , 46.0,  3.0,   7.0,  10.0,  52.0,      ,     ,     ,     ,     ,     ,    ,      ,    5.0,   0.0,   0.0,     0.0,     2.0,        ,        ,        ,        ,        ,        ,      
simoncu01, 1944,     1, DET , NHL , D  , 21.0,  0.0,   2.0,   2.0,  26.0,      ,     ,     ,     ,     ,     ,    ,      ,       ,      ,      ,        ,        ,        ,        ,        ,        ,        ,        ,      
simoncu01, 1944,     2, CHI , NHL , D  , 29.0,  0.0,   1.0,   1.0,   9.0,      ,     ,     ,     ,     ,     ,    ,      ,       ,      ,      ,        ,        ,        ,        ,        ,        ,        ,        ,      
simonfr01, 1984,     1, BOS , NHL , D  , 43.0,  1.0,   5.0,   6.0,  26.0, -1.0 ,  0.0,     ,  0.0,     ,  0.0, 0.0,  36.0,    5.0,   0.0,   1.0,     1.0,     2.0, -1.0   ,     0.0,        ,     0.0,        ,     0.0,     2.0
simonfr01, 1985,     1, BOS , NHL , D  , 17.0,  1.0,   0.0,   1.0,  14.0, -1.0 ,  0.0,     ,  0.0,     ,  0.0, 0.0,   8.0,    3.0,   0.0,   0.0,     0.0,     0.0, 0.0    ,     0.0,        ,     0.0,        ,     0.0,     1.0
simonfr01, 1986,     1, BOS , NHL , D  , 25.0,  1.0,   0.0,   1.0,  17.0, -6.0 ,  0.0,     ,  0.0,     ,  0.0, 0.0,  11.0,    4.0,   0.0,   0.0,     0.0,     6.0, -1.0   ,     0.0,        ,     0.0,        ,     0.0,     4.0
simonfr01, 1987,     1, BOS , NHL , D  , 30.0,  2.0,   3.0,   5.0,  19.0, 1.0  ,  0.0,  0.0,  0.0,  0.0,  1.0, 0.0,  20.0,       ,      ,      ,        ,        ,        ,        ,        ,        ,        ,        ,      
simonja01, 1993,     1, NYI , NHL , L  ,  4.0,  0.0,   0.0,   0.0,  34.0, 0.0  ,  0.0,  0.0,  0.0,  0.0,  0.0, 0.0,   0.0,       ,      ,      ,        ,        ,        ,        ,        ,        ,        ,        ,      
simonja01, 1996,     1, PHO , NHL , L  ,  1.0,  0.0,   0.0,   0.0,   0.0, -1.0 ,  0.0,  0.0,  0.0,  0.0,  0.0, 0.0,   0.0,       ,      ,      ,        ,        ,        ,        ,        ,        ,        ,        ,      
simonth01, 1946,     1, DET , NHL , D  ,  3.0,  0.0,   0.0,   0.0,   0.0,      ,     ,     ,     ,     ,     ,    ,      ,       ,      ,      ,        ,        ,        ,        ,        ,        ,        ,        ,      
simonto01, 1993,     1, BUF , NHL , C  , 15.0,  0.0,   1.0,   1.0,   0.0, -3.0 ,  0.0,  1.0,  0.0,  0.0,  0.0, 0.0,  14.0,    5.0,   1.0,   0.0,     1.0,     0.0, 1.0    ,     1.0,     0.0,     0.0,     0.0,     1.0,     5.0
simpsbo01, 1976,     1, ATF , NHL , L  , 72.0, 13.0,  10.0,  23.0,  45.0, 2.0  ,  0.0,     ,  0.0,     ,  2.0, 0.0, 118.0,    2.0,   0.0,   1.0,     1.0,     0.0,        ,     0.0,        ,     0.0,        ,     0.0,      
simpsbo01, 1977,     1, ATF , NHL , L  , 55.0, 10.0,   8.0,  18.0,  49.0, 0.0  ,  0.0,     ,  0.0,     ,  1.0, 1.0,  91.0,    2.0,   0.0,   0.0,     0.0,     2.0,        ,     0.0,        ,     0.0,        ,     0.0,      
simpsbo01, 1979,     1, STL , NHL , L  , 18.0,  2.0,   2.0,   4.0,   0.0, -2.0 ,  0.0,     ,  0.0,     ,  0.0, 0.0,  20.0,       ,      ,      ,        ,        ,        ,        ,        ,        ,        ,        ,      
simpsbo01, 1981,     1, PIT , NHL , L  , 26.0,  9.0,   9.0,  18.0,   4.0, -3.0 ,  0.0,     ,  0.0,     ,  1.0, 0.0,  37.0,    2.0,   0.0,   0.0,     0.0,     0.0,        ,     0.0,        ,     0.0,        ,     0.0,      
simpsbo01, 1982,     1, PIT , NHL , L  ,  4.0,  1.0,   0.0,   1.0,   0.0, -1.0 ,  0.0,     ,  0.0,     ,  0.0, 0.0,   3.0,       ,      ,      ,        ,        ,        ,        ,        ,        ,        ,        ,      
simpscl01, 1946,     1, DET , NHL , C  ,  6.0,  0.0,   1.0,   1.0,   0.0,      ,     ,     ,     ,     ,     ,    ,      ,    1.0,   0.0,   0.0,     0.0,     0.0,        ,        ,        ,        ,        ,        ,      
simpscl01, 1947,     1, DET , NHL , C  ,     ,     ,      ,      ,      ,      ,     ,     ,     ,     ,     ,    ,      ,    1.0,   0.0,   0.0,     0.0,     2.0,        ,        ,        ,        ,        ,        ,      
simpscr01, 1985,     1, PIT , NHL , C  , 76.0, 11.0,  17.0,  28.0,  49.0, 1.0  ,  2.0,     ,  1.0,     ,  0.0, 0.0,  74.0,       ,      ,      ,        ,        ,        ,        ,        ,        ,        ,        ,      
simpscr01, 1986,     1, PIT , NHL , R  , 72.0, 26.0,  25.0,  51.0,  57.0, 11.0 ,  7.0,     ,  0.0,     ,  3.0, 2.0, 133.0,       ,      ,      ,        ,        ,        ,        ,        ,        ,        ,        ,      
simpscr01, 1987,     1, PIT , NHL , R  , 21.0, 13.0,  13.0,  26.0,  34.0, 5.0  ,  4.0,     ,  0.0,     ,  3.0, 0.0,  59.0,       ,      ,      ,        ,        ,        ,        ,        ,        ,        ,        ,      
simpscr01, 1987,     2, EDM , NHL , R  , 59.0, 43.0,  21.0,  64.0,  43.0, 15.0 , 18.0,     ,  0.0,     ,  5.0, 0.0, 118.0,   19.0,  13.0,   6.0,    19.0,    26.0, 4.0    ,     3.0,     2.0,     0.0,     0.0,     3.0,    33.0
simpscr01, 1988,     1, EDM , NHL , L  , 66.0, 35.0,  41.0,  76.0,  80.0, -3.0 , 17.0, 14.0,  0.0,  0.0,  4.0, 0.0, 121.0,    7.0,   2.0,   0.0,     2.0,    10.0, -3.0   ,     1.0,     0.0,     0.0,     0.0,     1.0,    10.0
simpscr01, 1989,     1, EDM , NHL , L  , 80.0, 29.0,  32.0,  61.0, 180.0, -2.0 ,  7.0, 11.0,  0.0,  0.0,  2.0, 1.0, 129.0,   22.0,  16.0,  15.0,    31.0,     8.0, 11.0   ,     6.0,     5.0,     0.0,     0.0,     3.0,    42.0
simpscr01, 1990,     1, EDM , NHL , L  , 75.0, 30.0,  27.0,  57.0,  66.0, -8.0 , 15.0,  9.0,  0.0,  0.0,  5.0, 0.0, 143.0,   18.0,   5.0,  11.0,    16.0,    12.0, 1.0    ,     1.0,     3.0,     0.0,     0.0,     0.0,    21.0
simpscr01, 1991,     1, EDM , NHL , L  , 79.0, 24.0,  37.0,  61.0,  80.0, 8.0  ,  6.0, 10.0,  0.0,  0.0,  2.0, 0.0, 128.0,    1.0,   0.0,   0.0,     0.0,     0.0, 0.0    ,     0.0,     0.0,     0.0,     0.0,     0.0,     1.0
simpscr01, 1992,     1, EDM , NHL , L  , 60.0, 24.0,  22.0,  46.0,  36.0, -14.0, 12.0, 13.0,  0.0,  0.0,  3.0, 0.0,  91.0,       ,      ,      ,        ,        ,        ,        ,        ,        ,        ,        ,      
simpscr01, 1993,     1, BUF , NHL , L  , 22.0,  8.0,   8.0,  16.0,   8.0, -3.0 ,  2.0,  4.0,  0.0,  0.0,  2.0, 0.0,  28.0,       ,      ,      ,        ,        ,        ,        ,        ,        ,        ,        ,      
simpscr01, 1994,     1, BUF , NHL , L  , 24.0,  4.0,   7.0,  11.0,  26.0, -5.0 ,  1.0,  3.0,  0.0,  0.0,  0.0, 1.0,  20.0,       ,      ,      ,        ,        ,        ,        ,        ,        ,        ,        ,      
simpsjo01, 1921,     1, EDE , WCHL, D  , 25.0, 19.0,  14.0,  33.0,  15.0,      ,     ,     ,     ,     ,     ,    ,      ,    2.0,   1.0,   0.0,     1.0,     2.0,        ,        ,        ,        ,        ,        ,      
simpsjo01, 1922,     1, EDE , WCHL, D  , 30.0, 15.0,  14.0,  29.0,   6.0,      ,     ,     ,     ,     ,     ,    ,      ,    2.0,   0.0,   0.0,     0.0,     0.0,        ,        ,        ,        ,        ,        ,      
simpsjo01, 1923,     1, EDE , WCHL, D  , 30.0, 10.0,   4.0,  14.0,   6.0,      ,     ,     ,     ,     ,     ,    ,      ,       ,      ,      ,        ,        ,        ,        ,        ,        ,        ,        ,      
simpsjo01, 1924,     1, EDE , WCHL, D  , 28.0, 11.0,  12.0,  23.0,  16.0,      ,     ,     ,     ,     ,     ,    ,      ,       ,      ,      ,        ,        ,        ,        ,        ,        ,        ,        ,      
simpsjo01, 1925,     1, NYA , NHL , D  , 32.0,  2.0,   2.0,   4.0,   2.0,      ,     ,     ,     ,     ,     ,    ,      ,       ,      ,      ,        ,        ,        ,        ,        ,        ,        ,        ,      
simpsjo01, 1926,     1, NYA , NHL , D  , 43.0,  4.0,   2.0,   6.0,  39.0,      ,     ,     ,     ,     ,     ,    ,      ,       ,      ,      ,        ,        ,        ,        ,        ,        ,        ,        ,      
simpsjo01, 1927,     1, NYA , NHL , D  , 24.0,  2.0,   0.0,   2.0,  32.0,      ,     ,     ,     ,     ,     ,    ,      ,       ,      ,      ,        ,        ,        ,        ,        ,        ,        ,        ,      
simpsjo01, 1928,     1, NYA , NHL , D  , 43.0,  3.0,   2.0,   5.0,  29.0,      ,     ,     ,     ,     ,     ,    ,      ,    2.0,   0.0,   0.0,     0.0,     0.0,        ,        ,        ,        ,        ,        ,      
simpsjo01, 1929,     1, NYA , NHL , D  , 44.0,  8.0,  13.0,  21.0,  41.0,      ,     ,     ,     ,     ,     ,    ,      ,       ,      ,      ,        ,        ,        ,        ,        ,        ,        ,        ,      
simpsjo01, 1930,     1, NYA , NHL , D  , 42.0,  2.0,   0.0,   2.0,  13.0,      ,     ,     ,     ,     ,     ,    ,      ,       ,      ,      ,        ,        ,        ,        ,        ,        ,        ,        ,      
simpsre01, 1991,     1, PHI , NHL , L  ,  1.0,  0.0,   0.0,   0.0,   0.0, 0.0  ,  0.0,  0.0,  0.0,  0.0,  0.0, 0.0,   0.0,       ,      ,      ,        ,        ,        ,        ,        ,        ,        ,        ,      
simpsre01, 1992,     1, MNS , NHL , L  ,  1.0,  0.0,   0.0,   0.0,   5.0, 0.0  ,  0.0,  0.0,  0.0,  0.0,  0.0, 0.0,   0.0,       ,      ,      ,        ,        ,        ,        ,        ,        ,        ,        ,      
simpsre01, 1994,     1, NJD , NHL , L  ,  9.0,  0.0,   0.0,   0.0,  27.0, -1.0 ,  0.0,  0.0,  0.0,  0.0,  0.0, 0.0,   5.0,       ,      ,      ,        ,        ,        ,        ,        ,        ,        ,        ,      
simpsre01, 1995,     1, NJD , NHL , L  , 23.0,  1.0,   5.0,   6.0,  79.0, 2.0  ,  0.0,  0.0,  0.0,  0.0,  0.0, 0.0,   8.0,       ,      ,      ,        ,        ,        ,        ,        ,        ,        ,        ,      
simpsre01, 1996,     1, NJD , NHL , L  , 27.0,  0.0,   4.0,   4.0,  60.0, 0.0  ,  0.0,  0.0,  0.0,  0.0,  0.0, 0.0,  17.0,    5.0,   0.0,   0.0,     0.0,    29.0, -1.0   ,     0.0,     0.0,     0.0,     0.0,     0.0,     0.0
simpsre01, 1997,     1, NJD , NHL , L  ,  6.0,  0.0,   0.0,   0.0,  16.0, -2.0 ,  0.0,  0.0,  0.0,  0.0,  0.0, 0.0,   5.0,       ,      ,      ,        ,        ,        ,        ,        ,        ,        ,        ,      
simpsre01, 1997,     2, CHI , NHL , L  , 38.0,  3.0,   2.0,   5.0, 102.0, -1.0 ,  1.0,  0.0,  0.0,  0.0,  0.0, 0.0,  19.0,       ,      ,      ,        ,        ,        ,        ,        ,        ,        ,        ,      
simpsre01, 1998,     1, CHI , NHL , L  , 53.0,  5.0,   4.0,   9.0, 145.0, 2.0  ,  1.0,  0.0,  0.0,  0.0,  0.0, 0.0,  23.0,       ,      ,      ,        ,        ,        ,        ,        ,        ,        ,        ,      
simpsre01, 1999,     1, TBL , NHL , L  , 26.0,  1.0,   0.0,   1.0, 103.0, -3.0 ,  0.0,  0.0,  0.0,  0.0,  0.0, 0.0,  13.0,       ,      ,      ,        ,        ,        ,        ,        ,        ,        ,        ,      
simpsre01, 2000,     1, STL , NHL , L  , 38.0,  2.0,   1.0,   3.0,  96.0, -3.0 ,  0.0,  0.0,  0.0,  0.0,  1.0, 0.0,  23.0,    5.0,   0.0,   0.0,     0.0,     2.0, 0.0    ,     0.0,     0.0,     0.0,     0.0,     0.0,     1.0
simpsre01, 2001,     1, MTL , NHL , L  , 25.0,  1.0,   1.0,   2.0,  63.0, 0.0  ,  0.0,  0.0,  0.0,  0.0,  1.0, 0.0,   9.0,       ,      ,      ,        ,        ,        ,        ,        ,        ,        ,        ,      
simpsre01, 2001,     2, NAS , NHL , L  , 26.0,  5.0,   0.0,   5.0,  69.0, -1.0 ,  0.0,  0.0,  0.0,  0.0,  0.0, 0.0,  13.0,       ,      ,      ,        ,        ,        ,        ,        ,        ,        ,        ,      
simpsre01, 2002,     1, NAS , NHL , L  , 26.0,  0.0,   1.0,   1.0,  56.0, -4.0 ,  0.0,  0.0,  0.0,  0.0,  0.0, 0.0,  11.0,       ,      ,      ,        ,        ,        ,        ,        ,        ,        ,        ,      
simpsre01, 2003,     1, PIT , NHL , L  ,  2.0,  0.0,   0.0,   0.0,  17.0, 0.0  ,  0.0,  0.0,  0.0,  0.0,  0.0, 0.0,   2.0,       ,      ,      ,        ,        ,        ,        ,        ,        ,        ,        ,      
simpsto01, 1995,     1, CAL , NHL , D  ,  6.0,  0.0,   0.0,   0.0,  32.0, 0.0  ,  0.0,  0.0,  0.0,  0.0,  0.0, 0.0,   3.0,       ,      ,      ,        ,        ,        ,        ,        ,        ,        ,        ,      
simpsto01, 1996,     1, CAL , NHL , D  , 82.0,  1.0,  13.0,  14.0, 208.0, -14.0,  0.0,  0.0,  0.0,  0.0,  0.0, 1.0,  85.0,       ,      ,      ,        ,        ,        ,        ,        ,        ,        ,        ,      
simpsto01, 1997,     1, CAL , NHL , D  , 53.0,  1.0,   5.0,   6.0, 109.0, -10.0,  0.0,  0.0,  0.0,  1.0,  1.0, 0.0,  51.0,       ,      ,      ,        ,        ,        ,        ,        ,        ,        ,        ,      
simpsto01, 1998,     1, CAL , NHL , D  , 73.0,  2.0,   8.0,  10.0, 151.0, 18.0 ,  0.0,  0.0,  0.0,  1.0,  0.0, 0.0,  52.0,       ,      ,      ,        ,        ,        ,        ,        ,        ,        ,        ,      
simpsto01, 1999,     1, FLO , NHL , D  , 82.0,  1.0,   6.0,   7.0, 202.0, 5.0  ,  0.0,  0.0,  0.0,  0.0,  0.0, 0.0,  50.0,    4.0,   0.0,   0.0,     0.0,     4.0, -4.0   ,     0.0,     0.0,     0.0,     0.0,     0.0,     2.0
simpsto01, 2000,     1, FLO , NHL , D  , 25.0,  1.0,   3.0,   4.0,  74.0, 0.0  ,  0.0,  0.0,  0.0,  0.0,  1.0, 0.0,  26.0,       ,      ,      ,        ,        ,        ,        ,        ,        ,        ,        ,      
simpsto01, 2000,     2, PHO , NHL , D  , 13.0,  0.0,   1.0,   1.0,  12.0, -4.0 ,  0.0,  0.0,  0.0,  0.0,  0.0, 0.0,   9.0,       ,      ,      ,        ,        ,        ,        ,        ,        ,        ,        ,      
simpsto01, 2001,     1, PHO , NHL , D  , 67.0,  2.0,  13.0,  15.0, 152.0, 20.0 ,  0.0,  0.0,  0.0,  0.0,  0.0, 0.0,  51.0,    5.0,   0.0,   2.0,     2.0,     6.0, -1.0   ,     0.0,     0.0,     0.0,     0.0,     0.0,     7.0
simpsto01, 2002,     1, PHO , NHL , D  , 66.0,  2.0,   7.0,   9.0, 135.0, 7.0  ,  0.0,  0.0,  0.0,  0.0,  0.0, 0.0,  67.0,       ,      ,      ,        ,        ,        ,        ,        ,        ,        ,        ,      
simpsto01, 2003,     1, ANA , NHL , D  , 46.0,  4.0,   3.0,   7.0, 105.0, -6.0 ,  0.0,  0.0,  0.0,  0.0,  0.0, 1.0,  42.0,       ,      ,      ,        ,        ,        ,        ,        ,        ,        ,        ,      
simpsto01, 2003,     2, OTT , NHL , D  , 16.0,  0.0,   1.0,   1.0,  47.0, -1.0 ,  0.0,  0.0,  0.0,  0.0,  0.0, 0.0,  10.0,       ,      ,      ,        ,        ,        ,        ,        ,        ,        ,        ,      
simpsto01, 2005,     1, CHI , NHL , D  , 45.0,  0.0,   3.0,   3.0, 116.0, -2.0 ,  0.0,  0.0,  0.0,  0.0,  0.0,    ,  25.0,       ,      ,      ,        ,        ,        ,        ,        ,        ,        ,        ,      
simpsto01, 2005,     2, MTL , NHL , D  ,  6.0,  0.0,   0.0,   0.0,  14.0, 0.0  ,  0.0,  0.0,  0.0,  0.0,  0.0,    ,   6.0,       ,      ,      ,        ,        ,        ,        ,        ,        ,        ,        ,      
simpsto02, 1972,     1, OTN , WHA , R  , 57.0, 10.0,   7.0,  17.0,  44.0,      ,  0.0,     ,  0.0,     ,     ,    ,      ,    5.0,   1.0,   0.0,     1.0,     0.0,        ,     0.0,        ,     0.0,        ,     0.0,      
simpsto02, 1973,     1, TOT , WHA , R  , 74.0, 33.0,  20.0,  53.0,  27.0,      ,  4.0,     ,  1.0,     ,  2.0,    ,      ,   12.0,   4.0,   1.0,     5.0,     5.0,        ,        ,        ,        ,        ,     1.0,      
simpsto02, 1974,     1, TOT , WHA , R  , 70.0, 52.0,  28.0,  80.0,  48.0, 25.0 , 11.0,     ,  0.0,     ,     ,    , 228.0,    5.0,   1.0,   1.0,     2.0,     0.0,        ,        ,        ,        ,        ,     0.0,      
simpsto02, 1975,     1, TOT , WHA , R  , 73.0, 20.0,  21.0,  41.0,  15.0, -15.0,  5.0,     ,  0.0,     ,  0.0,    , 159.0,       ,      ,      ,        ,        ,        ,        ,        ,        ,        ,        ,      
simpsto02, 1976,     1, BIR , WHA , R  , 25.0,  7.0,   6.0,  13.0,  10.0, -12.0,  4.0,     ,  0.0,     ,     ,    ,  62.0,       ,      ,      ,        ,        ,        ,        ,        ,        ,        ,        ,      
simpsto02, 1976,     2, EDO , WHA , R  , 15.0,  3.0,   2.0,   5.0,  16.0, 2.0  ,  0.0,     ,  0.0,     ,     ,    ,  23.0,       ,      ,      ,        ,        ,        ,        ,        ,        ,        ,        ,      
simsal01 , 1973,     1, BOS , NHL , D  , 76.0,  3.0,   9.0,  12.0,  22.0, 64.0 ,  0.0,     ,  0.0,     ,  1.0, 0.0, 111.0,   16.0,   0.0,   0.0,     0.0,    12.0,        ,     0.0,        ,     0.0,        ,     0.0,      
simsal01 , 1974,     1, BOS , NHL , D  , 75.0,  4.0,   8.0,  12.0,  73.0, 29.0 ,  0.0,     ,  0.0,     ,  0.0, 0.0, 102.0,       ,      ,      ,        ,        ,        ,        ,        ,        ,        ,        ,      
simsal01 , 1975,     1, BOS , NHL , D  , 48.0,  4.0,   3.0,   7.0,  43.0, 6.0  ,  0.0,     ,  0.0,     ,  0.0, 0.0,  61.0,       ,      ,      ,        ,        ,        ,        ,        ,        ,        ,        ,      
simsal01 , 1976,     1, BOS , NHL , D  ,  1.0,  0.0,   0.0,   0.0,   0.0, 1.0  ,  0.0,     ,  0.0,     ,  0.0, 0.0,   1.0,    2.0,   0.0,   0.0,     0.0,     0.0,        ,     0.0,        ,     0.0,        ,     0.0,      
simsal01 , 1977,     1, BOS , NHL , D  , 43.0,  2.0,   8.0,  10.0,   6.0, 11.0 ,  0.0,     ,  0.0,     ,  1.0, 0.0,  55.0,    8.0,   0.0,   0.0,     0.0,     0.0,        ,     0.0,        ,     0.0,        ,     0.0,      
simsal01 , 1978,     1, BOS , NHL , D  , 67.0,  9.0,  20.0,  29.0,  28.0, 22.0 ,  0.0,     ,  0.0,     ,  2.0, 0.0, 128.0,   11.0,   0.0,   2.0,     2.0,     0.0,        ,     0.0,        ,     0.0,        ,     0.0,      
simsal01 , 1979,     1, HAR , NHL , D  , 76.0, 10.0,  31.0,  41.0,  30.0, 9.0  ,  2.0,     ,  0.0,     ,  1.0, 2.0, 141.0,    3.0,   0.0,   0.0,     0.0,     2.0,        ,     0.0,        ,     0.0,        ,     0.0,      
simsal01 , 1980,     1, HAR , NHL , D  , 80.0, 16.0,  36.0,  52.0,  68.0, -20.0,  5.0,     ,  0.0,     ,  1.0, 0.0, 182.0,       ,      ,      ,        ,        ,        ,        ,        ,        ,        ,        ,      
simsal01 , 1981,     1, LAK , NHL , D  ,  8.0,  1.0,   1.0,   2.0,  16.0, -3.0 ,  0.0,     ,  0.0,     ,  0.0, 0.0,  14.0,       ,      ,      ,        ,        ,        ,        ,        ,        ,        ,        ,      
simsal01 , 1982,     1, LAK , NHL , D  ,  1.0,  0.0,   0.0,   0.0,   0.0, 0.0  ,  0.0,     ,  0.0,     ,  0.0, 0.0,   1.0,       ,      ,      ,        ,        ,        ,        ,        ,        ,        ,        ,      
simtr01  , 1989,     1, EDM , NHL , R  ,  3.0,  0.0,   1.0,   1.0,   2.0, 0.0  ,  0.0,  0.0,  0.0,  0.0,  0.0, 0.0,   0.0,       ,      ,      ,        ,        ,        ,        ,        ,        ,        ,        ,      
sinclre01, 1950,     1, NYR , NHL , R/C, 70.0, 18.0,  21.0,  39.0,  70.0,      ,     ,     ,     ,     ,     ,    ,      ,       ,      ,      ,        ,        ,        ,        ,        ,        ,        ,        ,      
sinclre01, 1951,     1, NYR , NHL , R  , 69.0, 20.0,  10.0,  30.0,  33.0,      ,     ,     ,     ,     ,     ,    ,      ,       ,      ,      ,        ,        ,        ,        ,        ,        ,        ,        ,      
sinclre01, 1952,     1, DET , NHL , R  , 69.0, 11.0,  12.0,  23.0,  36.0,      ,     ,     ,     ,     ,     ,    ,      ,    3.0,   1.0,   0.0,     1.0,     0.0,        ,        ,        ,        ,        ,        ,      
singbal01, 1940,     1, MTL , NHL , D  , 32.0,  0.0,   5.0,   5.0,  15.0,      ,     ,     ,     ,     ,     ,    ,      ,    3.0,   0.0,   0.0,     0.0,     4.0,        ,        ,        ,        ,        ,        ,      
sinisil01, 1981,     1, PHI , NHL , L  , 66.0, 15.0,  22.0,  37.0,  22.0, 18.0 ,  1.0,     ,  0.0,     ,  0.0, 1.0,  87.0,    4.0,   0.0,   2.0,     2.0,     0.0,        ,     0.0,        ,     0.0,        ,     0.0,      
sinisil01, 1982,     1, PHI , NHL , L  , 61.0, 21.0,  29.0,  50.0,  16.0, 18.0 ,  3.0,     ,  0.0,     ,  0.0, 0.0, 126.0,    3.0,   1.0,   1.0,     2.0,     0.0,        ,     0.0,        ,     0.0,        ,     0.0,      
sinisil01, 1983,     1, PHI , NHL , L  , 73.0, 29.0,  17.0,  46.0,  29.0, 22.0 ,  2.0,     ,  3.0,     ,  4.0, 1.0, 165.0,    2.0,   2.0,   0.0,     2.0,     0.0, 0.0    ,     1.0,        ,     0.0,        ,     0.0,    10.0
sinisil01, 1984,     1, PHI , NHL , R  , 70.0, 36.0,  37.0,  73.0,  16.0, 32.0 ,  7.0,     ,  1.0,     ,  8.0, 0.0, 166.0,   19.0,   6.0,   1.0,     7.0,     0.0, -1.0   ,     2.0,        ,     0.0,        ,     3.0,    39.0
sinisil01, 1985,     1, PHI , NHL , L  , 74.0, 39.0,  37.0,  76.0,  31.0, 17.0 , 19.0,     ,  1.0,     ,  7.0, 1.0, 187.0,    5.0,   2.0,   2.0,     4.0,     2.0, 1.0    ,     0.0,        ,     0.0,        ,     0.0,    11.0
sinisil01, 1986,     1, PHI , NHL , L  , 42.0, 10.0,  21.0,  31.0,   8.0, 14.0 ,  3.0,     ,  1.0,     ,  1.0, 0.0,  80.0,   18.0,   5.0,   1.0,     6.0,     4.0, -6.0   ,     0.0,        ,     0.0,        ,     1.0,    34.0
sinisil01, 1987,     1, PHI , NHL , R  , 68.0, 25.0,  17.0,  42.0,  30.0, 2.0  ,  6.0,  7.0,  2.0,  0.0,  4.0, 3.0, 148.0,    7.0,   4.0,   2.0,     6.0,     0.0, 4.0    ,     1.0,     1.0,     0.0,     0.0,     0.0,    15.0
sinisil01, 1988,     1, PHI , NHL , R  , 13.0,  1.0,   6.0,   7.0,   2.0, 6.0  ,  0.0,  1.0,  0.0,  0.0,  0.0, 0.0,  15.0,    8.0,   1.0,   1.0,     2.0,     0.0, -1.0   ,     0.0,     0.0,     1.0,     0.0,     1.0,     7.0
sinisil01, 1989,     1, PHI , NHL , R  , 59.0, 23.0,  23.0,  46.0,  26.0, 6.0  ,  4.0,  3.0,  3.0,  3.0,  4.0, 0.0, 102.0,       ,      ,      ,        ,        ,        ,        ,        ,        ,        ,        ,      
sinisil01, 1990,     1, MNS , NHL , R  , 46.0,  5.0,  12.0,  17.0,  24.0, -10.0,  1.0,  1.0,  1.0,  0.0,  1.0, 0.0,  68.0,       ,      ,      ,        ,        ,        ,        ,        ,        ,        ,        ,      
sinisil01, 1990,     2, LAK , NHL , R  ,  7.0,  0.0,   0.0,   0.0,   2.0, 4.0  ,  0.0,  0.0,  0.0,  0.0,  0.0, 0.0,   4.0,    2.0,   0.0,   1.0,     1.0,     0.0, 1.0    ,     0.0,     0.0,     0.0,     0.0,     0.0,     2.0
sinisil01, 1991,     1, LAK , NHL , R  ,  3.0,  0.0,   1.0,   1.0,   2.0, 0.0  ,  0.0,  0.0,  0.0,  0.0,  0.0, 0.0,   3.0,       ,      ,      ,        ,        ,        ,        ,        ,        ,        ,        ,      
sirenvi01, 1985,     1, PIT , NHL , D  , 60.0,  4.0,   8.0,  12.0,  32.0, -8.0 ,  1.0,     ,  0.0,     ,  0.0, 0.0,  58.0,       ,      ,      ,        ,        ,        ,        ,        ,        ,        ,        ,      
sirenvi01, 1986,     1, PIT , NHL , D  , 69.0,  5.0,  17.0,  22.0,  50.0, 8.0  ,  1.0,     ,  0.0,     ,  0.0, 0.0,  84.0,       ,      ,      ,        ,        ,        ,        ,        ,        ,        ,        ,      
sirenvi01, 1987,     1, PIT , NHL , D  , 58.0,  1.0,  20.0,  21.0,  62.0, 14.0 ,  0.0,  9.0,  0.0,  0.0,  0.0, 0.0,  53.0,       ,      ,      ,        ,        ,        ,        ,        ,        ,        ,        ,      
sirenvi01, 1988,     1, PIT , NHL , D  , 12.0,  1.0,   0.0,   1.0,  14.0, 0.0  ,  0.0,  0.0,  0.0,  0.0,  0.0, 0.0,  11.0,       ,      ,      ,        ,        ,        ,        ,        ,        ,        ,        ,      
sirenvi01, 1988,     2, MNS , NHL , D  , 38.0,  2.0,  10.0,  12.0,  58.0, 0.0  ,  0.0,  5.0,  0.0,  0.0,  0.0, 0.0,  39.0,    4.0,   0.0,   0.0,     0.0,     4.0, -1.0   ,     0.0,     0.0,     0.0,     0.0,     0.0,     4.0
sirenvi01, 1989,     1, MNS , NHL , D  , 53.0,  1.0,  13.0,  14.0,  60.0, 1.0  ,  0.0,  4.0,  0.0,  0.0,  0.0, 0.0,  53.0,    3.0,   0.0,   0.0,     0.0,     2.0, -1.0   ,     0.0,     0.0,     0.0,     0.0,     0.0,     3.0
siroibo01, 1974,     1, PHI , NHL , R  ,  3.0,  1.0,   0.0,   1.0,   4.0, 1.0  ,  0.0,     ,  0.0,     ,  0.0, 0.0,   3.0,       ,      ,      ,        ,        ,        ,        ,        ,        ,        ,        ,      
siroibo01, 1975,     1, PHI , NHL , R  ,  1.0,  0.0,   0.0,   0.0,   0.0, 0.0  ,  0.0,     ,  0.0,     ,  0.0, 0.0,   0.0,       ,      ,      ,        ,        ,        ,        ,        ,        ,        ,        ,      
siroibo01, 1975,     2, WAS , NHL , R  , 43.0, 10.0,  19.0,  29.0,   6.0, -33.0,  4.0,     ,  0.0,     ,  0.0, 3.0, 109.0,       ,      ,      ,        ,        ,        ,        ,        ,        ,        ,        ,      
siroibo01, 1976,     1, WAS , NHL , R  , 45.0, 13.0,  22.0,  35.0,   2.0, 1.0  ,  1.0,     ,  0.0,     ,  1.0, 1.0, 100.0,       ,      ,      ,        ,        ,        ,        ,        ,        ,        ,        ,      
siroibo01, 1977,     1, WAS , NHL , R  , 72.0, 24.0,  37.0,  61.0,   6.0, -11.0,  5.0,     ,  0.0,     ,  1.0, 0.0, 189.0,       ,      ,      ,        ,        ,        ,        ,        ,        ,        ,        ,      
siroibo01, 1978,     1, WAS , NHL , R  , 73.0, 29.0,  25.0,  54.0,   6.0, -6.0 ,  9.0,     ,  0.0,     ,  3.0, 1.0, 207.0,       ,      ,      ,        ,        ,        ,        ,        ,        ,        ,        ,      
siroibo01, 1979,     1, WAS , NHL , R  , 49.0, 15.0,  17.0,  32.0,  18.0, -5.0 ,  4.0,     ,  1.0,     ,  2.0, 1.0, 110.0,       ,      ,      ,        ,        ,        ,        ,        ,        ,        ,        ,      
sittlda01, 1970,     1, TOR , NHL , C  , 49.0, 10.0,   8.0,  18.0,  37.0, 3.0  ,  3.0,     ,  0.0,     ,  3.0, 0.0, 131.0,    6.0,   2.0,   1.0,     3.0,    31.0,        ,     1.0,        ,     0.0,        ,     0.0,      
sittlda01, 1971,     1, TOR , NHL , C  , 74.0, 15.0,  17.0,  32.0,  44.0, -4.0 ,  1.0,     ,  0.0,     ,  4.0, 0.0, 174.0,    3.0,   0.0,   0.0,     0.0,     2.0,        ,     0.0,        ,     0.0,        ,     0.0,      
sittlda01, 1972,     1, TOR , NHL , C  , 78.0, 29.0,  48.0,  77.0,  69.0, -11.0,  8.0,     ,  0.0,     ,  1.0, 1.0, 331.0,       ,      ,      ,        ,        ,        ,        ,        ,        ,        ,        ,      
sittlda01, 1973,     1, TOR , NHL , C  , 78.0, 38.0,  46.0,  84.0,  55.0, 12.0 , 11.0,     ,  0.0,     ,  6.0, 4.0, 270.0,    4.0,   2.0,   1.0,     3.0,     6.0,        ,     1.0,        ,     0.0,        ,     0.0,      
sittlda01, 1974,     1, TOR , NHL , C  , 72.0, 36.0,  44.0,  80.0,  47.0, -10.0, 12.0,     ,  1.0,     ,  2.0, 3.0, 273.0,    7.0,   2.0,   1.0,     3.0,    15.0,        ,     1.0,        ,     0.0,        ,     0.0,      
sittlda01, 1975,     1, TOR , NHL , C  , 79.0, 41.0,  59.0, 100.0,  90.0, 12.0 , 11.0,     ,  1.0,     ,  2.0, 2.0, 346.0,   10.0,   5.0,   7.0,    12.0,    19.0,        ,     2.0,        ,     0.0,        ,     1.0,      
sittlda01, 1976,     1, TOR , NHL , C  , 73.0, 38.0,  52.0,  90.0,  89.0, 8.0  , 12.0,     ,  1.0,     ,  5.0, 3.0, 307.0,    9.0,   5.0,  16.0,    21.0,     4.0,        ,     3.0,        ,     0.0,        ,     0.0,      
sittlda01, 1977,     1, TOR , NHL , C  , 80.0, 45.0,  72.0, 117.0, 100.0, 34.0 , 14.0,     ,  0.0,     ,  8.0, 1.0, 311.0,   13.0,   3.0,   8.0,    11.0,    12.0,        ,     2.0,        ,     0.0,        ,     0.0,      
sittlda01, 1978,     1, TOR , NHL , C  , 70.0, 36.0,  51.0,  87.0,  69.0, 9.0  , 12.0,     ,  0.0,     ,  4.0, 0.0, 290.0,    6.0,   5.0,   4.0,     9.0,    17.0,        ,     2.0,        ,     0.0,        ,     0.0,      
sittlda01, 1979,     1, TOR , NHL , C  , 73.0, 40.0,  57.0,  97.0,  62.0, 3.0  , 17.0,     ,  1.0,     ,  5.0, 0.0, 315.0,    3.0,   1.0,   2.0,     3.0,    10.0,        ,     1.0,        ,     0.0,        ,     0.0,      
sittlda01, 1980,     1, TOR , NHL , C  , 80.0, 43.0,  53.0,  96.0,  77.0, -8.0 , 14.0,     ,  2.0,     ,  2.0, 1.0, 267.0,    3.0,   0.0,   0.0,     0.0,     4.0,        ,     0.0,        ,     0.0,        ,     0.0,      
sittlda01, 1981,     1, TOR , NHL , C  , 38.0, 18.0,  20.0,  38.0,  24.0, -14.0,  5.0,     ,  2.0,     ,  0.0, 2.0, 127.0,       ,      ,      ,        ,        ,        ,        ,        ,        ,        ,        ,      
sittlda01, 1981,     2, PHI , NHL , C  , 35.0, 14.0,  18.0,  32.0,  50.0, -1.0 ,  5.0,     ,  1.0,     ,  2.0, 2.0, 114.0,    4.0,   3.0,   1.0,     4.0,     6.0,        ,     1.0,        ,     0.0,        ,     0.0,      
sittlda01, 1982,     1, PHI , NHL , C  , 80.0, 43.0,  40.0,  83.0,  60.0, 17.0 , 10.0,     ,  0.0,     ,  8.0, 2.0, 231.0,    3.0,   1.0,   0.0,     1.0,     4.0,        ,     0.0,        ,     0.0,        ,     0.0,      
sittlda01, 1983,     1, PHI , NHL , C  , 76.0, 27.0,  36.0,  63.0,  38.0, 13.0 , 11.0,     ,  1.0,     ,  3.0, 1.0, 212.0,    3.0,   0.0,   2.0,     2.0,     7.0, -1.0   ,     0.0,        ,     0.0,        ,     0.0,     6.0
sittlda01, 1984,     1, DET , NHL , C  , 61.0, 11.0,  16.0,  27.0,  37.0, -10.0,  4.0,     ,  0.0,     ,  2.0, 0.0, 113.0,    2.0,   0.0,   2.0,     2.0,     0.0, 0.0    ,     0.0,        ,     0.0,        ,     0.0,     2.0
sittlga01, 1974,     1, MIB , WHA , D  ,  5.0,  1.0,   1.0,   2.0,  14.0,      ,     ,     ,     ,     ,     ,    ,  10.0,       ,      ,      ,        ,        ,        ,        ,        ,        ,        ,        ,      
sivekmi01, 2002,     1, PIT , NHL , C  , 38.0,  3.0,   3.0,   6.0,  14.0, -5.0 ,  1.0,  1.0,  0.0,  0.0,  0.0, 0.0,  45.0,       ,      ,      ,        ,        ,        ,        ,        ,        ,        ,        ,      
sjobela01, 1974,     1, WIJ , WHA , D  , 75.0,  7.0,  53.0,  60.0,  30.0, 43.0 ,  0.0,     ,  1.0,     ,     ,    , 123.0,       ,      ,      ,        ,        ,        ,        ,        ,        ,        ,        ,      
sjobela01, 1975,     1, WIJ , WHA , D  , 81.0,  5.0,  36.0,  41.0,  12.0, 46.0 ,  1.0,     ,  0.0,     ,  0.0,    , 120.0,   13.0,   0.0,   5.0,     5.0,    12.0, 7.0    ,        ,        ,        ,        ,        ,      
sjobela01, 1976,     1, WIJ , WHA , D  , 52.0,  2.0,  38.0,  40.0,  31.0, 9.0  ,  1.0,     ,  1.0,     ,     ,    ,  77.0,   20.0,   0.0,   6.0,     6.0,    22.0, 11.0   ,     0.0,        ,     0.0,        ,     0.0,      
sjobela01, 1977,     1, WIJ , WHA , D  , 78.0, 11.0,  39.0,  50.0,  72.0, 60.0 ,  0.0,     ,  1.0,     ,     ,    , 133.0,    9.0,   0.0,   9.0,     9.0,     4.0, 8.0    ,        ,        ,        ,        ,     0.0,      
sjobela01, 1978,     1, WIJ , WHA , D  ,  9.0,  0.0,   3.0,   3.0,   2.0, -1.0 ,  0.0,     ,  0.0,     ,     ,    ,  15.0,   10.0,   1.0,   2.0,     3.0,     4.0, 7.0    ,        ,        ,        ,        ,     1.0,      
sjobela01, 1979,     1, WIN , NHL , D  , 79.0,  7.0,  27.0,  34.0,  48.0, -35.0,  3.0,     ,  1.0,     ,  0.0, 0.0, 145.0,       ,      ,      ,        ,        ,        ,        ,        ,        ,        ,        ,      
sjodito01, 1992,     1, MNS , NHL , D  , 77.0,  7.0,  29.0,  36.0,  30.0, -25.0,  5.0, 23.0,  0.0,  0.0,  1.0, 0.0, 175.0,       ,      ,      ,        ,        ,        ,        ,        ,        ,        ,        ,      
sjodito01, 1993,     1, DAL , NHL , D  ,  7.0,  0.0,   2.0,   2.0,   4.0, -1.0 ,  0.0,  2.0,  0.0,  0.0,  0.0, 0.0,   8.0,       ,      ,      ,        ,        ,        ,        ,        ,        ,        ,        ,      
sjodito01, 1993,     2, QUE , NHL , D  , 22.0,  1.0,   9.0,  10.0,  18.0, 5.0  ,  1.0,  6.0,  0.0,  0.0,  0.0, 0.0,  46.0,       ,      ,      ,        ,        ,        ,        ,        ,        ,        ,        ,      
sjostfr01, 2003,     1, PHO , NHL , R  , 57.0,  7.0,   6.0,  13.0,  22.0, -7.0 ,  0.0,  0.0,  0.0,  0.0,  1.0, 0.0,  73.0,       ,      ,      ,        ,        ,        ,        ,        ,        ,        ,        ,      
sjostfr01, 2005,     1, PHO , NHL , R  , 75.0,  6.0,  17.0,  23.0,  42.0, 1.0  ,  1.0,  1.0,  0.0,  1.0,  1.0,    , 109.0,       ,      ,      ,        ,        ,        ,        ,        ,        ,        ,        ,      
sjostfr01, 2006,     1, PHO , NHL , R  , 78.0,  9.0,   9.0,  18.0,  48.0, -11.0,  2.0,  0.0,  0.0,  0.0,  1.0,    , 125.0,       ,      ,      ,        ,        ,        ,        ,        ,        ,        ,        ,      
sjostfr01, 2007,     1, PHO , NHL , R  , 51.0, 10.0,   9.0,  19.0,  14.0, -2.0 ,  2.0,  2.0,  2.0,  0.0,  1.0,    ,  84.0,       ,      ,      ,        ,        ,        ,        ,        ,        ,        ,        ,      
sjostfr01, 2007,     2, NYR , NHL , R  , 18.0,  2.0,   0.0,   2.0,   8.0, 0.0  ,  0.0,  0.0,  0.0,  0.0,  1.0,    ,  26.0,   10.0,   0.0,   1.0,     1.0,     2.0, 0.0    ,     0.0,     0.0,     0.0,     0.0,     0.0,     2.0
sjostfr01, 2008,     1, NYR , NHL , R  , 79.0,  7.0,   6.0,  13.0,  30.0, -11.0,  0.0,  0.0,  2.0,  1.0,  0.0,    ,  95.0,    7.0,   0.0,   1.0,     1.0,     0.0, 0.0    ,     0.0,     0.0,     0.0,     0.0,     0.0,     9.0
sjostfr01, 2009,     1, CAL , NHL , R  , 46.0,  1.0,   5.0,   6.0,   8.0, 2.0  ,  0.0,  0.0,  0.0,  0.0,  0.0,    ,  33.0,       ,      ,      ,        ,        ,        ,        ,        ,        ,        ,        ,      
sjostfr01, 2009,     2, TOR , NHL , R  , 19.0,  2.0,   3.0,   5.0,   4.0, -4.0 ,  0.0,  0.0,  0.0,  0.0,  0.0,    ,  31.0,       ,      ,      ,        ,        ,        ,        ,        ,        ,        ,        ,      
skaarbj01, 1978,     1, DET , NHL , C  ,  1.0,  0.0,   0.0,   0.0,   0.0, 0.0  ,  0.0,     ,  0.0,     ,  0.0, 0.0,   1.0,       ,      ,      ,        ,        ,        ,        ,        ,        ,        ,        ,      
skaldja01, 1990,     1, NJD , NHL , C  ,  1.0,  0.0,   1.0,   1.0,   0.0, 0.0  ,  0.0,  0.0,  0.0,  0.0,  0.0, 0.0,   2.0,       ,      ,      ,        ,        ,        ,        ,        ,        ,        ,        ,      
skaldja01, 1991,     1, NJD , NHL , C  , 15.0,  2.0,   4.0,   6.0,   4.0, -1.0 ,  0.0,  0.0,  0.0,  0.0,  2.0, 0.0,  25.0,       ,      ,      ,        ,        ,        ,        ,        ,        ,        ,        ,      
skaldja01, 1992,     1, NJD , NHL , C  , 11.0,  0.0,   2.0,   2.0,   4.0, -3.0 ,  0.0,  0.0,  0.0,  0.0,  0.0, 0.0,  11.0,       ,      ,      ,        ,        ,        ,        ,        ,        ,        ,        ,      
skaldja01, 1993,     1, ANA , NHL , C  , 20.0,  5.0,   4.0,   9.0,  10.0, -3.0 ,  2.0,  1.0,  0.0,  0.0,  2.0, 0.0,  25.0,       ,      ,      ,        ,        ,        ,        ,        ,        ,        ,        ,      
skaldja01, 1995,     1, CAL , NHL , C  ,  1.0,  0.0,   0.0,   0.0,   0.0, 0.0  ,  0.0,  0.0,  0.0,  0.0,  0.0, 0.0,   0.0,       ,      ,      ,        ,        ,        ,        ,        ,        ,        ,        ,      
skaldja01, 1997,     1, SJS , NHL , C  , 22.0,  4.0,   6.0,  10.0,  14.0, -2.0 ,  0.0,  1.0,  0.0,  0.0,  0.0, 0.0,  30.0,       ,      ,      ,        ,        ,        ,        ,        ,        ,        ,        ,      
skaldja01, 1997,     2, CHI , NHL , C  ,  4.0,  0.0,   1.0,   1.0,   2.0, 0.0  ,  0.0,  0.0,  0.0,  0.0,  0.0, 0.0,   4.0,       ,      ,      ,        ,        ,        ,        ,        ,        ,        ,        ,      
skaldja01, 1997,     3, DAL , NHL , C  ,  1.0,  0.0,   0.0,   0.0,   0.0, 0.0  ,  0.0,  0.0,  0.0,  0.0,  0.0, 0.0,   0.0,       ,      ,      ,        ,        ,        ,        ,        ,        ,        ,        ,      
skaldja01, 1997,     4, CHI , NHL , C  ,  3.0,  0.0,   0.0,   0.0,   2.0, 0.0  ,  0.0,  0.0,  0.0,  0.0,  0.0, 0.0,   0.0,       ,      ,      ,        ,        ,        ,        ,        ,        ,        ,        ,      
skaldja01, 1998,     1, SJS , NHL , C  , 17.0,  1.0,   1.0,   2.0,   4.0, -6.0 ,  0.0,  0.0,  0.0,  0.0,  0.0, 1.0,  17.0,       ,      ,      ,        ,        ,        ,        ,        ,        ,        ,        ,      
skaldja01, 2000,     1, ATL , NHL , C  , 19.0,  1.0,   2.0,   3.0,  20.0, -8.0 ,  0.0,  0.0,  0.0,  0.0,  0.0, 0.0,  24.0,       ,      ,      ,        ,        ,        ,        ,        ,        ,        ,        ,      
skaldja01, 2001,     1, PHI , NHL , C  ,  1.0,  0.0,   0.0,   0.0,   2.0, 0.0  ,  0.0,  0.0,  0.0,  0.0,  0.0, 0.0,   5.0,       ,      ,      ,        ,        ,        ,        ,        ,        ,        ,        ,      
skardra01, 1989,     1, STL , NHL , D  , 25.0,  0.0,   5.0,   5.0,  11.0, 2.0  ,  0.0,  0.0,  0.0,  0.0,  0.0, 0.0,   8.0,       ,      ,      ,        ,        ,        ,        ,        ,        ,        ,        ,      
skardra01, 1991,     1, STL , NHL , D  ,  1.0,  0.0,   0.0,   0.0,   0.0, 0.0  ,  0.0,  0.0,  0.0,  0.0,  0.0, 0.0,   0.0,       ,      ,      ,        ,        ,        ,        ,        ,        ,        ,        ,      
skidmpa01, 1981,     1, STL , NHL , G  ,  2.0,  0.0,   0.0,   0.0,   0.0, 0.0  ,  0.0,     ,  0.0,     ,  0.0, 0.0,   0.0,       ,      ,      ,        ,        ,        ,        ,        ,        ,        ,        ,      
skillja01, 2007,     1, CHI , NHL , R  , 16.0,  3.0,   2.0,   5.0,   0.0, 1.0  ,  0.0,  0.0,  0.0,  0.0,  0.0,    ,  23.0,       ,      ,      ,        ,        ,        ,        ,        ,        ,        ,        ,      
skillja01, 2008,     1, CHI , NHL , R  ,  8.0,  1.0,   0.0,   1.0,   5.0, -3.0 ,  0.0,  0.0,  0.0,  0.0,  0.0,    ,  14.0,       ,      ,      ,        ,        ,        ,        ,        ,        ,        ,        ,      
skillja01, 2009,     1, CHI , NHL , R  ,  6.0,  1.0,   1.0,   2.0,   0.0, -3.0 ,  0.0,  0.0,  0.0,  0.0,  0.0,    ,   9.0,       ,      ,      ,        ,        ,        ,        ,        ,        ,        ,        ,      
skiltra01, 1917,     1, MTW , NHL , C  ,  1.0,  0.0,   0.0,   0.0,   0.0,      ,     ,     ,     ,     ,  0.0,    ,      ,       ,      ,      ,        ,        ,        ,        ,        ,        ,        ,        ,      
skinnal01, 1914,     1, TOO , NHA ,    , 16.0,  5.0,   2.0,   7.0,  68.0,      ,     ,     ,     ,     ,     ,    ,      ,       ,      ,      ,        ,        ,        ,        ,        ,        ,        ,        ,      
skinnal01, 1915,     1, TBS , NHA ,    , 23.0,  7.0,   4.0,  11.0,  66.0,      ,     ,     ,     ,     ,     ,    ,      ,       ,      ,      ,        ,        ,        ,        ,        ,        ,        ,        ,      
skinnal01, 1916,     1, TBS , NHA ,    , 14.0,  5.0,   2.0,   7.0,  49.0,      ,     ,     ,     ,     ,     ,    ,      ,       ,      ,      ,        ,        ,        ,        ,        ,        ,        ,        ,      
skinnal01, 1916,     2, MOW , NHA ,    ,  6.0,  5.0,   1.0,   6.0,  26.0,      ,     ,     ,     ,     ,     ,    ,      ,       ,      ,      ,        ,        ,        ,        ,        ,        ,        ,        ,      
skinnal01, 1917,     1, TOA , NHL , R  , 20.0, 13.0,   5.0,  18.0,  28.0,      ,     ,     ,     ,     ,  0.0,    ,      ,    2.0,   0.0,   1.0,     1.0,     9.0,        ,        ,        ,        ,        ,        ,      
skinnal01, 1918,     1, TOA , NHL , R  , 17.0, 12.0,   4.0,  16.0,  26.0,      ,     ,     ,     ,     ,     ,    ,      ,       ,      ,      ,        ,        ,        ,        ,        ,        ,        ,        ,      
skinnal01, 1919,     1, VML , PCHA, R  , 22.0, 15.0,   2.0,  17.0,  27.0,      ,     ,     ,     ,     ,     ,    ,      ,    2.0,   1.0,   0.0,     1.0,     0.0,        ,        ,        ,        ,        ,        ,      
skinnal01, 1920,     1, VML , PCHA, R  , 24.0, 20.0,   4.0,  24.0,  22.0,      ,     ,     ,     ,     ,     ,    ,      ,    2.0,   3.0,   1.0,     4.0,     6.0,        ,        ,        ,        ,        ,        ,      
skinnal01, 1921,     1, VML , PCHA, R  , 24.0, 11.0,   2.0,  13.0,  21.0,      ,     ,     ,     ,     ,     ,    ,      ,    4.0,   1.0,   0.0,     1.0,     6.0,        ,        ,        ,        ,        ,        ,      
skinnal01, 1922,     1, VAM , PCHA, R  , 23.0, 13.0,   2.0,  15.0,  14.0,      ,     ,     ,     ,     ,     ,    ,      ,    2.0,   0.0,   0.0,     0.0,     2.0,        ,        ,        ,        ,        ,        ,      
skinnal01, 1923,     1, VAM , PCHA, R  , 29.0,  5.0,   2.0,   7.0,  38.0,      ,     ,     ,     ,     ,     ,    ,      ,    5.0,   0.0,   0.0,     0.0,     2.0,        ,        ,        ,        ,        ,        ,      
skinnal01, 1924,     1, BOS , NHL , R  , 10.0,  0.0,   0.0,   0.0,  15.0,      ,     ,     ,     ,     ,     ,    ,      ,       ,      ,      ,        ,        ,        ,        ,        ,        ,        ,        ,      
skinnal01, 1924,     2, MTM , NHL , R  , 17.0,  1.0,   1.0,   2.0,  16.0,      ,     ,     ,     ,     ,     ,    ,      ,       ,      ,      ,        ,        ,        ,        ,        ,        ,        ,        ,      
skinnal01, 1925,     1, PIP , NHL , R  ,  7.0,  0.0,   0.0,   0.0,   2.0,      ,     ,     ,     ,     ,     ,    ,      ,       ,      ,      ,        ,        ,        ,        ,        ,        ,        ,        ,      
skinnbr01, 2008,     1, NYI , NHL , D  , 11.0,  0.0,   0.0,   0.0,   4.0, 2.0  ,  0.0,  0.0,  0.0,  0.0,  0.0,    ,   5.0,       ,      ,      ,        ,        ,        ,        ,        ,        ,        ,        ,      
skinnla01, 1976,     1, COR , NHL , C  , 19.0,  4.0,   5.0,   9.0,   6.0, -13.0,  3.0,     ,  0.0,     ,  0.0, 0.0,  40.0,       ,      ,      ,        ,        ,        ,        ,        ,        ,        ,        ,      
skinnla01, 1977,     1, COR , NHL , C  , 14.0,  3.0,   5.0,   8.0,   0.0, 2.0  ,  1.0,     ,  0.0,     ,  0.0, 0.0,  28.0,    2.0,   0.0,   0.0,     0.0,     0.0,        ,     0.0,        ,     0.0,        ,     0.0,      
skinnla01, 1978,     1, COR , NHL , C  , 12.0,  3.0,   2.0,   5.0,   2.0, -5.0 ,  1.0,     ,  0.0,     ,  0.0, 0.0,  13.0,       ,      ,      ,        ,        ,        ,        ,        ,        ,        ,        ,      
skinnla01, 1979,     1, COR , NHL , C  ,  2.0,  0.0,   0.0,   0.0,   0.0, -2.0 ,  0.0,     ,  0.0,     ,  0.0, 0.0,   2.0,       ,      ,      ,        ,        ,        ,        ,        ,        ,        ,        ,      
skolnwa01, 2005,     1, PHI , NHL , D  ,  1.0,  0.0,   0.0,   0.0,   2.0, 0.0  ,  0.0,  0.0,  0.0,  0.0,  0.0,    ,   0.0,       ,      ,      ,        ,        ,        ,        ,        ,        ,        ,        ,      
skopian01, 1998,     1, TBL , NHL , D  , 19.0,  1.0,   1.0,   2.0,  10.0, 1.0  ,  0.0,  0.0,  0.0,  0.0,  0.0, 0.0,  17.0,       ,      ,      ,        ,        ,        ,        ,        ,        ,        ,        ,      
skopian01, 1999,     1, TBL , NHL , D  ,  4.0,  0.0,   0.0,   0.0,   6.0, -4.0 ,  0.0,  0.0,  0.0,  0.0,  0.0, 0.0,   0.0,       ,      ,      ,        ,        ,        ,        ,        ,        ,        ,        ,      
skopian01, 2000,     1, ATL , NHL , D  , 17.0,  1.0,   3.0,   4.0,  16.0, -7.0 ,  0.0,  2.0,  0.0,  1.0,  1.0, 0.0,  10.0,       ,      ,      ,        ,        ,        ,        ,        ,        ,        ,        ,      
skorowa01, 1981,     1, CHI , NHL , G  ,  1.0,  0.0,   0.0,   0.0,   0.0, 0.0  ,  0.0,     ,  0.0,     ,  0.0, 0.0,   0.0,       ,      ,      ,        ,        ,        ,        ,        ,        ,        ,        ,      
skorowa01, 1984,     1, CHI , NHL , G  , 27.0,  0.0,   0.0,   0.0,   2.0, 0.0  ,  0.0,     ,  0.0,     ,  0.0, 0.0,   0.0,    2.0,   0.0,   0.0,     0.0,     0.0, 0.0    ,     0.0,        ,     0.0,        ,     0.0,     0.0
skorowa01, 1985,     1, CHI , NHL , G  ,  1.0,  0.0,   0.0,   0.0,   0.0, 0.0  ,  0.0,     ,  0.0,     ,  0.0, 0.0,   0.0,       ,      ,      ,        ,        ,        ,        ,        ,        ,        ,        ,      
skorowa01, 1986,     1, CHI , NHL , G  ,  3.0,  0.0,   0.0,   0.0,   0.0, 0.0  ,  0.0,     ,  0.0,     ,  0.0, 0.0,   0.0,       ,      ,      ,        ,        ,        ,        ,        ,        ,        ,        ,      
skorowa01, 1987,     1, EDM , NHL , G  ,  3.0,  0.0,   0.0,   0.0,   0.0, 0.0  ,  0.0,  0.0,  0.0,  0.0,  0.0, 0.0,   0.0,       ,      ,      ,        ,        ,        ,        ,        ,        ,        ,        ,      
skoulma01, 1999,     1, COL , NHL , D  , 80.0,  3.0,  13.0,  16.0,  20.0, 5.0  ,  2.0,  1.0,  0.0,  0.0,  0.0, 0.0,  66.0,   17.0,   0.0,   2.0,     2.0,     4.0, -3.0   ,     0.0,     1.0,     0.0,     0.0,     0.0,    14.0
skoulma01, 2000,     1, COL , NHL , D  , 82.0,  8.0,  17.0,  25.0,  38.0, 8.0  ,  3.0,  6.0,  0.0,  0.0,  2.0, 0.0, 108.0,   23.0,   1.0,   4.0,     5.0,     8.0, 1.0    ,     0.0,     3.0,     0.0,     0.0,     0.0,    14.0
skoulma01, 2001,     1, COL , NHL , D  , 82.0, 10.0,  21.0,  31.0,  42.0, -3.0 ,  5.0, 11.0,  0.0,  1.0,  1.0, 0.0, 100.0,   21.0,   0.0,   6.0,     6.0,     2.0, -5.0   ,     0.0,     2.0,     0.0,     0.0,     0.0,    13.0
skoulma01, 2002,     1, COL , NHL , D  , 81.0,  4.0,  21.0,  25.0,  68.0, 11.0 ,  2.0,  6.0,  0.0,  0.0,  0.0, 0.0,  93.0,    7.0,   0.0,   1.0,     1.0,     4.0, -1.0   ,     0.0,     0.0,     0.0,     0.0,     0.0,     4.0
skoulma01, 2003,     1, COL , NHL , D  , 58.0,  2.0,  14.0,  16.0,  30.0, 2.0  ,  0.0,  4.0,  0.0,  0.0,  0.0, 0.0,  54.0,       ,      ,      ,        ,        ,        ,        ,        ,        ,        ,        ,      
skoulma01, 2003,     2, ANA , NHL , D  , 21.0,  2.0,   7.0,   9.0,   2.0, 3.0  ,  1.0,  4.0,  0.0,  0.0,  0.0, 1.0,  30.0,       ,      ,      ,        ,        ,        ,        ,        ,        ,        ,        ,      
skoulma01, 2005,     1, DAL , NHL , D  , 61.0,  4.0,  11.0,  15.0,  36.0, 6.0  ,  3.0,  6.0,  0.0,  0.0,  1.0,    ,  78.0,       ,      ,      ,        ,        ,        ,        ,        ,        ,        ,        ,      
skoulma01, 2005,     2, MIN , NHL , D  , 17.0,  1.0,   5.0,   6.0,  10.0, 0.0  ,  0.0,  4.0,  0.0,  0.0,  0.0,    ,  14.0,       ,      ,      ,        ,        ,        ,        ,        ,        ,        ,        ,      
skoulma01, 2006,     1, MIN , NHL , D  , 81.0,  0.0,  15.0,  15.0,  36.0, 9.0  ,  0.0,  1.0,  0.0,  0.0,  0.0,    ,  91.0,    5.0,   0.0,   0.0,     0.0,     4.0, 2.0    ,     0.0,     0.0,     0.0,     0.0,     0.0,     5.0
skoulma01, 2007,     1, MIN , NHL , D  , 80.0,  3.0,   8.0,  11.0,  26.0, -16.0,  0.0,  0.0,  0.0,  0.0,  1.0,    ,  63.0,    6.0,   0.0,   0.0,     0.0,     0.0, -1.0   ,     0.0,     0.0,     0.0,     0.0,     0.0,     3.0
skoulma01, 2008,     1, MIN , NHL , D  , 81.0,  4.0,  12.0,  16.0,  10.0, -12.0,  0.0,  0.0,  0.0,  1.0,  0.0,    ,  55.0,       ,      ,      ,        ,        ,        ,        ,        ,        ,        ,        ,      
skoulma01, 2009,     1, PIT , NHL , D  , 33.0,  3.0,   5.0,   8.0,   6.0, -4.0 ,  1.0,  0.0,  0.0,  0.0,  0.0,    ,  23.0,       ,      ,      ,        ,        ,        ,        ,        ,        ,        ,        ,      
skoulma01, 2009,     2, NJD , NHL , D  , 19.0,  0.0,   3.0,   3.0,   4.0, 7.0  ,  0.0,  0.0,  0.0,  0.0,  0.0,    ,  11.0,    4.0,   0.0,   0.0,     0.0,     0.0, 0.0    ,     0.0,     0.0,     0.0,     0.0,     0.0,     2.0
skovgl01 , 1949,     1, DET , NHL , C  ,  2.0,  0.0,   0.0,   0.0,   0.0,      ,     ,     ,     ,     ,     ,    ,      ,       ,      ,      ,        ,        ,        ,        ,        ,        ,        ,        ,      
skovgl01 , 1950,     1, DET , NHL , L  , 19.0,  7.0,   6.0,  13.0,  13.0,      ,     ,     ,     ,     ,     ,    ,      ,    6.0,   0.0,   0.0,     0.0,     0.0,        ,        ,        ,        ,        ,        ,      
skovgl01 , 1951,     1, DET , NHL , C  , 70.0, 12.0,  14.0,  26.0,  48.0,      ,     ,     ,     ,     ,     ,    ,      ,    8.0,   1.0,   4.0,     5.0,    16.0,        ,        ,        ,        ,        ,        ,      
skovgl01 , 1952,     1, DET , NHL , C  , 70.0, 12.0,  15.0,  27.0,  54.0,      ,     ,     ,     ,     ,     ,    ,      ,    6.0,   1.0,   0.0,     1.0,     2.0,        ,        ,        ,        ,        ,        ,      
skovgl01 , 1953,     1, DET , NHL , C  , 70.0, 17.0,  10.0,  27.0,  95.0,      ,     ,     ,     ,     ,     ,    ,      ,   12.0,   1.0,   2.0,     3.0,    16.0,        ,        ,        ,        ,        ,        ,      
skovgl01 , 1954,     1, DET , NHL , C  , 70.0, 14.0,  16.0,  30.0,  53.0,      ,     ,     ,     ,     ,     ,    ,      ,   11.0,   2.0,   0.0,     2.0,     8.0,        ,        ,        ,        ,        ,        ,      
skovgl01 , 1955,     1, CHI , NHL , C  , 70.0,  7.0,  20.0,  27.0,  26.0,      ,     ,     ,     ,     ,     ,    ,      ,       ,      ,      ,        ,        ,        ,        ,        ,        ,        ,        ,      
skovgl01 , 1956,     1, CHI , NHL , C  , 67.0, 14.0,  28.0,  42.0,  69.0,      ,     ,     ,     ,     ,     ,    ,      ,       ,      ,      ,        ,        ,        ,        ,        ,        ,        ,        ,      
skovgl01 , 1957,     1, CHI , NHL , C  , 70.0, 17.0,  18.0,  35.0,  35.0,      ,     ,     ,     ,     ,     ,    ,      ,       ,      ,      ,        ,        ,        ,        ,        ,        ,        ,        ,      
skovgl01 , 1958,     1, CHI , NHL , C  , 70.0,  3.0,   5.0,   8.0,   4.0,      ,     ,     ,     ,     ,     ,    ,      ,    6.0,   2.0,   1.0,     3.0,     4.0,        ,        ,        ,        ,        ,        ,      
skovgl01 , 1959,     1, CHI , NHL , C  , 69.0,  3.0,   4.0,   7.0,  16.0,      ,     ,     ,     ,     ,     ,    ,      ,    4.0,   0.0,   0.0,     0.0,     2.0,        ,        ,        ,        ,        ,        ,      
skovgl01 , 1960,     1, MTL , NHL , C  ,  3.0,  0.0,   0.0,   0.0,   0.0,      ,     ,     ,     ,     ,     ,    ,      ,       ,      ,      ,        ,        ,        ,        ,        ,        ,        ,        ,      
skraska01, 1998,     1, NAS , NHL , D  ,  2.0,  0.0,   1.0,   1.0,   0.0, 0.0  ,  0.0,  0.0,  0.0,  0.0,  0.0, 0.0,   0.0,       ,      ,      ,        ,        ,        ,        ,        ,        ,        ,        ,      
skraska01, 1999,     1, NAS , NHL , D  , 59.0,  5.0,   6.0,  11.0,  20.0, -7.0 ,  1.0,  0.0,  0.0,  1.0,  2.0, 0.0,  51.0,       ,      ,      ,        ,        ,        ,        ,        ,        ,        ,        ,      
skraska01, 2000,     1, NAS , NHL , D  , 82.0,  1.0,  11.0,  12.0,  30.0, -12.0,  0.0,  1.0,  0.0,  1.0,  1.0, 0.0,  66.0,       ,      ,      ,        ,        ,        ,        ,        ,        ,        ,        ,      
skraska01, 2001,     1, NAS , NHL , D  , 82.0,  4.0,  13.0,  17.0,  36.0, -12.0,  0.0,  2.0,  0.0,  1.0,  1.0, 1.0,  84.0,       ,      ,      ,        ,        ,        ,        ,        ,        ,        ,        ,      
skraska01, 2002,     1, NAS , NHL , D  , 82.0,  3.0,  10.0,  13.0,  44.0, -18.0,  0.0,  1.0,  1.0,  0.0,  0.0, 0.0,  86.0,       ,      ,      ,        ,        ,        ,        ,        ,        ,        ,        ,      
skraska01, 2003,     1, COL , NHL , D  , 82.0,  5.0,   8.0,  13.0,  26.0, 18.0 ,  0.0,  1.0,  1.0,  0.0,  1.0, 0.0, 102.0,   11.0,   0.0,   2.0,     2.0,     2.0, -2.0   ,     0.0,     0.0,     0.0,     0.0,     0.0,    14.0
skraska01, 2005,     1, COL , NHL , D  , 82.0,  3.0,  11.0,  14.0,  65.0, -7.0 ,  0.0,  0.0,  2.0,  0.0,  0.0,    ,  58.0,    9.0,   0.0,   1.0,     1.0,    10.0, -3.0   ,     0.0,     0.0,     0.0,     0.0,     0.0,     9.0
skraska01, 2006,     1, COL , NHL , D  , 68.0,  0.0,  11.0,  11.0,  30.0, 0.0  ,  0.0,  0.0,  0.0,  0.0,  0.0,    ,  65.0,       ,      ,      ,        ,        ,        ,        ,        ,        ,        ,        ,      
skraska01, 2007,     1, COL , NHL , D  , 43.0,  1.0,   3.0,   4.0,  20.0, -2.0 ,  0.0,  0.0,  0.0,  0.0,  0.0,    ,  34.0,       ,      ,      ,        ,        ,        ,        ,        ,        ,        ,        ,      
skraska01, 2007,     2, FLO , NHL , D  , 17.0,  1.0,   0.0,   1.0,  12.0, -9.0 ,  0.0,  0.0,  0.0,  0.0,  1.0,    ,  11.0,       ,      ,      ,        ,        ,        ,        ,        ,        ,        ,        ,      
skraska01, 2008,     1, FLO , NHL , D  , 80.0,  4.0,  14.0,  18.0,  30.0, 9.0  ,  0.0,  0.0,  0.0,  1.0,  0.0,    ,  55.0,       ,      ,      ,        ,        ,        ,        ,        ,        ,        ,        ,      
skraska01, 2009,     1, DAL , NHL , D  , 79.0,  2.0,  11.0,  13.0,  24.0, -4.0 ,  0.0,  0.0,  0.0,  0.0,  1.0,    ,  53.0,       ,      ,      ,        ,        ,        ,        ,        ,        ,        ,        ,      
skrbepa01, 1998,     1, PIT , NHL , D  ,  4.0,  0.0,   0.0,   0.0,   2.0, 2.0  ,  0.0,  0.0,  0.0,  0.0,  0.0, 0.0,   1.0,       ,      ,      ,        ,        ,        ,        ,        ,        ,        ,        ,      
skrbepa01, 2000,     1, NAS , NHL , D  ,  5.0,  0.0,   0.0,   0.0,   4.0, 1.0  ,  0.0,  0.0,  0.0,  0.0,  0.0, 0.0,   2.0,       ,      ,      ,        ,        ,        ,        ,        ,        ,        ,        ,      
skrbepa01, 2001,     1, NAS , NHL , D  ,  3.0,  0.0,   0.0,   0.0,   2.0, -2.0 ,  0.0,  0.0,  0.0,  0.0,  0.0, 0.0,   0.0,       ,      ,      ,        ,        ,        ,        ,        ,        ,        ,        ,      
skrikpe01, 1984,     1, VAN , NHL , L  , 72.0, 21.0,  14.0,  35.0,  10.0, -26.0,  3.0,     ,  0.0,     ,  2.0, 0.0, 154.0,       ,      ,      ,        ,        ,        ,        ,        ,        ,        ,        ,      
skrikpe01, 1985,     1, VAN , NHL , L  , 80.0, 38.0,  40.0,  78.0,  34.0, -17.0, 12.0,     ,  1.0,     ,  2.0, 1.0, 192.0,    3.0,   0.0,   0.0,     0.0,     0.0, -6.0   ,     0.0,        ,     0.0,        ,     0.0,    10.0
skrikpe01, 1986,     1, VAN , NHL , L  , 76.0, 33.0,  41.0,  74.0,  44.0, -4.0 , 10.0,     ,  6.0,     ,  4.0, 0.0, 224.0,       ,      ,      ,        ,        ,        ,        ,        ,        ,        ,        ,      
skrikpe01, 1987,     1, VAN , NHL , L  , 73.0, 30.0,  34.0,  64.0,  32.0, -12.0, 10.0, 10.0,  2.0,  1.0,  2.0, 1.0, 172.0,       ,      ,      ,        ,        ,        ,        ,        ,        ,        ,        ,      
skrikpe01, 1988,     1, VAN , NHL , L  , 74.0, 30.0,  36.0,  66.0,  57.0, -3.0 ,  9.0, 18.0,  0.0,  2.0,  5.0, 0.0, 204.0,    7.0,   1.0,   5.0,     6.0,     0.0, 0.0    ,     0.0,     1.0,     0.0,     1.0,     0.0,    13.0
skrikpe01, 1989,     1, VAN , NHL , L  , 77.0, 15.0,  33.0,  48.0,  36.0, -21.0,  3.0, 12.0,  1.0,  1.0,  2.0, 0.0, 172.0,       ,      ,      ,        ,        ,        ,        ,        ,        ,        ,        ,      
skrikpe01, 1990,     1, VAN , NHL , L  , 20.0,  4.0,   4.0,   8.0,   8.0, -9.0 ,  0.0,     ,  1.0,  0.0,  2.0, 0.0,  47.0,       ,      ,      ,        ,        ,        ,        ,        ,        ,        ,        ,      
skrikpe01, 1990,     2, BOS , NHL , L  , 28.0,  5.0,  14.0,  19.0,   9.0, 4.0  ,  1.0,     ,  0.0,  0.0,  3.0, 0.0,  73.0,   18.0,   4.0,   4.0,     8.0,     4.0, -2.0   ,     3.0,     2.0,     0.0,     0.0,     0.0,    33.0
skrikpe01, 1991,     1, BOS , NHL , L  ,  9.0,  1.0,   0.0,   1.0,   6.0, -3.0 ,  1.0,  0.0,  0.0,  0.0,  0.0, 0.0,  20.0,       ,      ,      ,        ,        ,        ,        ,        ,        ,        ,        ,      
skrikpe01, 1991,     2, WIN , NHL , L  , 15.0,  2.0,   3.0,   5.0,   4.0, -1.0 ,  0.0,  1.0,  0.0,  0.0,  0.0, 0.0,  27.0,       ,      ,      ,        ,        ,        ,        ,        ,        ,        ,        ,      
skrikpe01, 1992,     1, SJS , NHL , L  , 17.0,  4.0,   3.0,   7.0,   6.0, -8.0 ,  2.0,  1.0,  1.0,  0.0,  0.0, 0.0,  35.0,       ,      ,      ,        ,        ,        ,        ,        ,        ,        ,        ,      
skrlaro01, 2003,     1, NJD , NHL , R  ,  8.0,  1.0,   0.0,   1.0,  22.0, 1.0  ,  0.0,  0.0,  0.0,  0.0,  1.0, 0.0,   3.0,       ,      ,      ,        ,        ,        ,        ,        ,        ,        ,        ,      
skrudbr01, 1985,     1, MTL , NHL , C  , 65.0,  9.0,  13.0,  22.0,  57.0, 3.0  ,  0.0,     ,  2.0,     ,  0.0, 0.0,  62.0,   20.0,   2.0,   4.0,     6.0,    76.0, 8.0    ,     0.0,        ,     0.0,        ,     1.0,    21.0
skrudbr01, 1986,     1, MTL , NHL , C  , 79.0, 11.0,  17.0,  28.0, 107.0, 18.0 ,  0.0,     ,  1.0,     ,  0.0, 0.0,  72.0,   14.0,   1.0,   5.0,     6.0,    29.0, 2.0    ,     0.0,        ,     0.0,        ,     0.0,    11.0
skrudbr01, 1987,     1, MTL , NHL , C  , 79.0, 12.0,  24.0,  36.0, 112.0, 14.0 ,  0.0,  0.0,  1.0,  1.0,  3.0, 0.0,  96.0,   11.0,   1.0,   5.0,     6.0,    24.0, 5.0    ,     0.0,     0.0,     0.0,     1.0,     0.0,    14.0
skrudbr01, 1988,     1, MTL , NHL , C  , 71.0, 12.0,  29.0,  41.0,  84.0, 22.0 ,  1.0,  2.0,  1.0,  1.0,  5.0, 0.0,  98.0,   21.0,   3.0,   7.0,    10.0,    40.0, 3.0    ,     0.0,     0.0,     0.0,     0.0,     0.0,    24.0
skrudbr01, 1989,     1, MTL , NHL , C  , 59.0, 11.0,  31.0,  42.0,  56.0, 21.0 ,  4.0,  5.0,  0.0,  1.0,  1.0, 0.0,  70.0,   11.0,   3.0,   5.0,     8.0,    30.0, 5.0    ,     0.0,     0.0,     0.0,     0.0,     1.0,    18.0
skrudbr01, 1990,     1, MTL , NHL , C  , 57.0, 15.0,  19.0,  34.0,  85.0, 12.0 ,  1.0,  1.0,  1.0,  0.0,  2.0, 0.0,  71.0,   13.0,   3.0,  10.0,    13.0,    42.0, 7.0    ,     1.0,     1.0,     0.0,     0.0,     0.0,    15.0
skrudbr01, 1991,     1, MTL , NHL , C  , 42.0,  3.0,   3.0,   6.0,  36.0, -4.0 ,  0.0,  0.0,  0.0,  0.0,  1.0, 0.0,  51.0,   11.0,   1.0,   1.0,     2.0,    20.0, -1.0   ,     0.0,     0.0,     0.0,     0.0,     0.0,    15.0
skrudbr01, 1992,     1, MTL , NHL , C  , 23.0,  5.0,   3.0,   8.0,  55.0, 1.0  ,  0.0,  0.0,  2.0,  0.0,  1.0, 0.0,  29.0,       ,      ,      ,        ,        ,        ,        ,        ,        ,        ,        ,      
skrudbr01, 1992,     2, CAL , NHL , C  , 16.0,  2.0,   4.0,   6.0,  10.0, 3.0  ,  0.0,  0.0,  0.0,  1.0,  0.0, 0.0,  22.0,    6.0,   0.0,   3.0,     3.0,    12.0, 0.0    ,     0.0,     0.0,     0.0,     0.0,     0.0,     5.0
skrudbr01, 1993,     1, FLO , NHL , C  , 79.0, 15.0,  25.0,  40.0, 136.0, 13.0 ,  0.0,  0.0,  2.0,  1.0,  1.0, 0.0, 110.0,       ,      ,      ,        ,        ,        ,        ,        ,        ,        ,        ,      
skrudbr01, 1994,     1, FLO , NHL , C  , 47.0,  5.0,   9.0,  14.0,  88.0, 0.0  ,  1.0,  0.0,  0.0,  0.0,  0.0, 0.0,  44.0,       ,      ,      ,        ,        ,        ,        ,        ,        ,        ,        ,      
skrudbr01, 1995,     1, FLO , NHL , C  , 79.0,  7.0,  20.0,  27.0, 129.0, 6.0  ,  0.0,  1.0,  1.0,  1.0,  1.0, 0.0,  90.0,   21.0,   1.0,   3.0,     4.0,    18.0, 6.0    ,     0.0,     0.0,     0.0,     0.0,     0.0,    27.0
skrudbr01, 1996,     1, FLO , NHL , C  , 51.0,  5.0,  13.0,  18.0,  48.0, 4.0  ,  0.0,  0.0,  0.0,  0.0,  2.0, 0.0,  57.0,       ,      ,      ,        ,        ,        ,        ,        ,        ,        ,        ,      
skrudbr01, 1997,     1, NYR , NHL , C  , 59.0,  5.0,   6.0,  11.0,  39.0, -4.0 ,  0.0,  0.0,  0.0,  0.0,  1.0, 0.0,  42.0,       ,      ,      ,        ,        ,        ,        ,        ,        ,        ,        ,      
skrudbr01, 1997,     2, DAL , NHL , C  , 13.0,  2.0,   0.0,   2.0,  10.0, -2.0 ,  0.0,  0.0,  0.0,  0.0,  0.0, 0.0,  13.0,   17.0,   0.0,   1.0,     1.0,    16.0, 0.0    ,     0.0,     0.0,     0.0,     0.0,     0.0,    14.0
skrudbr01, 1998,     1, DAL , NHL , C  , 40.0,  4.0,   1.0,   5.0,  33.0, 2.0  ,  0.0,  0.0,  0.0,  1.0,  1.0, 0.0,  33.0,   19.0,   0.0,   2.0,     2.0,    16.0, 0.0    ,     0.0,     0.0,     0.0,     0.0,     0.0,    10.0
skrudbr01, 1999,     1, DAL , NHL , C  , 22.0,  1.0,   2.0,   3.0,  22.0, 0.0  ,  0.0,  0.0,  0.0,  0.0,  0.0, 0.0,  16.0,       ,      ,      ,        ,        ,        ,        ,        ,        ,        ,        ,      
skudrpe01, 1997,     1, PIT , NHL , G  , 17.0,  0.0,   1.0,   1.0,   2.0, 0.0  ,  0.0,  0.0,  0.0,  0.0,  0.0, 0.0,   0.0,       ,      ,      ,        ,        ,        ,        ,        ,        ,        ,        ,      
skudrpe01, 1998,     1, PIT , NHL , G  , 37.0,  0.0,   0.0,   0.0,   2.0, 0.0  ,  0.0,  0.0,  0.0,  0.0,  0.0, 0.0,   0.0,       ,      ,      ,        ,        ,        ,        ,        ,        ,        ,        ,      
skudrpe01, 1999,     1, PIT , NHL , G  , 20.0,  0.0,   0.0,   0.0,   0.0, 0.0  ,  0.0,  0.0,  0.0,  0.0,  0.0, 0.0,   0.0,    1.0,   0.0,   0.0,     0.0,     0.0, 0.0    ,     0.0,     0.0,     0.0,     0.0,     0.0,     0.0
skudrpe01, 2000,     1, BUF , NHL , G  ,  1.0,  0.0,   0.0,   0.0,   0.0, 0.0  ,  0.0,  0.0,  0.0,  0.0,  0.0, 0.0,   0.0,       ,      ,      ,        ,        ,        ,        ,        ,        ,        ,        ,      
skudrpe01, 2000,     2, BOS , NHL , G  , 25.0,  0.0,   0.0,   0.0,   0.0, 0.0  ,  0.0,  0.0,  0.0,  0.0,  0.0, 0.0,   0.0,       ,      ,      ,        ,        ,        ,        ,        ,        ,        ,        ,      
skudrpe01, 2001,     1, VAN , NHL , G  , 23.0,  0.0,   0.0,   0.0,   2.0, 0.0  ,  0.0,  0.0,  0.0,  0.0,  0.0, 0.0,   0.0,    2.0,   0.0,   0.0,     0.0,     0.0, 0.0    ,     0.0,     0.0,     0.0,     0.0,     0.0,     0.0
skudrpe01, 2002,     1, VAN , NHL , G  , 23.0,  0.0,   1.0,   1.0,   0.0, 0.0  ,  0.0,  0.0,  0.0,  0.0,  0.0, 0.0,   0.0,       ,      ,      ,        ,        ,        ,        ,        ,        ,        ,        ,      
skvoral01, 1978,     1, SOV , WHA ,    ,  6.0,  4.0,   3.0,   7.0,   5.0,      ,     ,     ,     ,     ,     ,    ,      ,       ,      ,      ,        ,        ,        ,        ,        ,        ,        ,        ,      
slanejo01, 1993,     1, WAS , NHL , D  , 47.0,  7.0,   9.0,  16.0,  27.0, 3.0  ,  3.0,  4.0,  0.0,  0.0,  1.0, 0.0,  70.0,   11.0,   1.0,   1.0,     2.0,     2.0, -1.0   ,     1.0,     0.0,     0.0,     0.0,     0.0,    16.0
slanejo01, 1994,     1, WAS , NHL , D  , 16.0,  0.0,   3.0,   3.0,   6.0, -3.0 ,  0.0,  3.0,  0.0,  0.0,  0.0, 0.0,  21.0,       ,      ,      ,        ,        ,        ,        ,        ,        ,        ,        ,      
slanejo01, 1995,     1, COL , NHL , D  ,  7.0,  0.0,   3.0,   3.0,   4.0, 2.0  ,  0.0,  1.0,  0.0,  0.0,  0.0, 0.0,  12.0,       ,      ,      ,        ,        ,        ,        ,        ,        ,        ,        ,      
slanejo01, 1995,     2, LAK , NHL , D  , 31.0,  6.0,  11.0,  17.0,  10.0, 5.0  ,  3.0,  4.0,  1.0,  2.0,  0.0, 0.0,  63.0,       ,      ,      ,        ,        ,        ,        ,        ,        ,        ,        ,      
slanejo01, 1996,     1, LAK , NHL , D  , 32.0,  3.0,  11.0,  14.0,   4.0, -10.0,  1.0,  3.0,  0.0,  0.0,  1.0, 0.0,  60.0,       ,      ,      ,        ,        ,        ,        ,        ,        ,        ,        ,      
slanejo01, 1997,     1, PHO , NHL , D  , 55.0,  3.0,  14.0,  17.0,  24.0, -3.0 ,  1.0,  6.0,  0.0,  0.0,  1.0, 0.0,  74.0,       ,      ,      ,        ,        ,        ,        ,        ,        ,        ,        ,      
slanejo01, 1998,     1, NAS , NHL , D  , 46.0,  2.0,  12.0,  14.0,  14.0, -12.0,  0.0,  6.0,  0.0,  1.0,  1.0, 0.0,  84.0,       ,      ,      ,        ,        ,        ,        ,        ,        ,        ,        ,      
slanejo01, 1999,     1, PIT , NHL , D  , 29.0,  1.0,   4.0,   5.0,  10.0, -10.0,  1.0,  1.0,  0.0,  0.0,  0.0, 0.0,  27.0,    2.0,   1.0,   0.0,     1.0,     2.0, 0.0    ,     1.0,     0.0,     0.0,     0.0,     0.0,     1.0
slanejo01, 2001,     1, PHI , NHL , D  ,  1.0,  0.0,   0.0,   0.0,   0.0, 2.0  ,  0.0,  0.0,  0.0,  0.0,  0.0, 0.0,   1.0,    1.0,   0.0,   0.0,     0.0,     0.0, -1.0   ,     0.0,     0.0,     0.0,     0.0,     0.0,     1.0
slanejo01, 2003,     1, PHI , NHL , D  ,  4.0,  0.0,   2.0,   2.0,   0.0, 0.0  ,  0.0,  1.0,  0.0,  0.0,  0.0, 0.0,   0.0,       ,      ,      ,        ,        ,        ,        ,        ,        ,        ,        ,      
slateji01, 2005,     1, ATL , NHL , C  , 71.0, 10.0,  10.0,  20.0,  46.0, 1.0  ,  1.0,  1.0,  0.0,  0.0,  0.0,    , 108.0,       ,      ,      ,        ,        ,        ,        ,        ,        ,        ,        ,      
slateji01, 2006,     1, ATL , NHL , C  , 74.0,  5.0,  14.0,  19.0,  62.0, 8.0  ,  0.0,  1.0,  0.0,  0.0,  2.0,    ,  90.0,    4.0,   0.0,   0.0,     0.0,     2.0, -2.0   ,     0.0,     0.0,     0.0,     0.0,     0.0,     1.0
slateji01, 2007,     1, ATL , NHL , C  , 69.0,  8.0,   5.0,  13.0,  41.0, -10.0,  0.0,  0.0,  2.0,  0.0,  0.0,    ,  95.0,       ,      ,      ,        ,        ,        ,        ,        ,        ,        ,        ,      
slateji01, 2008,     1, ATL , NHL , C  , 60.0,  8.0,  10.0,  18.0,  52.0, 0.0  ,  0.0,  0.0,  2.0,  0.0,  0.0,    ,  94.0,       ,      ,      ,        ,        ,        ,        ,        ,        ,        ,        ,      
slateji01, 2009,     1, ATL , NHL , C  , 61.0, 11.0,   7.0,  18.0,  60.0, 1.0  ,  1.0,  0.0,  0.0,  0.0,  2.0,    , 107.0,       ,      ,      ,        ,        ,        ,        ,        ,        ,        ,        ,      
slatepe01, 1972,     1, LAS , WHA , C  , 73.0, 12.0,  12.0,  24.0,  87.0,      ,  3.0,     ,  0.0,     ,     ,    ,      ,    6.0,   0.0,   0.0,     0.0,     2.0,        ,     0.0,        ,     0.0,        ,     0.0,      
slatepe01, 1973,     1, LAS , WHA , C  , 19.0,  1.0,   1.0,   2.0,   2.0,      ,  0.0,     ,  0.0,     ,  0.0,    ,      ,       ,      ,      ,        ,        ,        ,        ,        ,        ,        ,        ,      
slaviru01, 1977,     1, CZE , WHA , R  ,  5.0,  0.0,   0.0,   0.0,   2.0,      ,  0.0,     ,  0.0,     ,  0.0,    ,      ,       ,      ,      ,        ,        ,        ,        ,        ,        ,        ,        ,      
sleavjo01, 1953,     1, CHI , NHL , C  ,  1.0,  0.0,   0.0,   0.0,   2.0,      ,     ,     ,     ,     ,     ,    ,      ,       ,      ,      ,        ,        ,        ,        ,        ,        ,        ,        ,      
sleavjo01, 1956,     1, CHI , NHL , R  , 12.0,  1.0,   0.0,   1.0,   4.0,      ,     ,     ,     ,     ,     ,    ,      ,       ,      ,      ,        ,        ,        ,        ,        ,        ,        ,        ,      
sleepmi01, 1975,     1, PHR , WHA , R  ,  9.0,  2.0,   0.0,   2.0,   0.0, -4.0 ,  0.0,     ,  0.0,     ,  1.0,    ,   5.0,    3.0,   0.0,   0.0,     0.0,     0.0,        ,        ,        ,        ,        ,        ,      
sleepmi01, 1976,     1, PHR , WHA , R  , 13.0,  2.0,   2.0,   4.0,   6.0, -3.0 ,  0.0,     ,  0.0,     ,     ,    ,  16.0,       ,      ,      ,        ,        ,        ,        ,        ,        ,        ,        ,      
slegrji01, 1992,     1, VAN , NHL , D  , 41.0,  4.0,  22.0,  26.0, 109.0, 16.0 ,  2.0,  8.0,  0.0,  0.0,  0.0, 0.0,  89.0,    5.0,   0.0,   3.0,     3.0,     4.0, 0.0    ,     0.0,     2.0,     0.0,     0.0,     0.0,     5.0
slegrji01, 1993,     1, VAN , NHL , D  , 78.0,  5.0,  33.0,  38.0,  86.0, 0.0  ,  1.0, 19.0,  0.0,  0.0,  0.0, 0.0, 160.0,       ,      ,      ,        ,        ,        ,        ,        ,        ,        ,        ,      
slegrji01, 1994,     1, VAN , NHL , D  , 19.0,  1.0,   5.0,   6.0,  32.0, 0.0  ,  0.0,  1.0,  0.0,  0.0,  1.0, 0.0,  42.0,       ,      ,      ,        ,        ,        ,        ,        ,        ,        ,        ,      
slegrji01, 1994,     2, EDM , NHL , D  , 12.0,  1.0,   5.0,   6.0,  14.0, -5.0 ,  1.0,  1.0,  0.0,  1.0,  0.0, 0.0,  27.0,       ,      ,      ,        ,        ,        ,        ,        ,        ,        ,        ,      
slegrji01, 1995,     1, EDM , NHL , D  , 57.0,  4.0,  13.0,  17.0,  74.0, -1.0 ,  0.0,  5.0,  1.0,  0.0,  1.0, 0.0,  91.0,       ,      ,      ,        ,        ,        ,        ,        ,        ,        ,        ,      
slegrji01, 1997,     1, PIT , NHL , D  , 73.0,  5.0,  12.0,  17.0, 109.0, 10.0 ,  1.0,  4.0,  1.0,  1.0,  0.0, 0.0, 131.0,    6.0,   0.0,   4.0,     4.0,     2.0, 3.0    ,     0.0,     1.0,     0.0,     1.0,     0.0,    10.0
slegrji01, 1998,     1, PIT , NHL , D  , 63.0,  3.0,  20.0,  23.0,  86.0, 13.0 ,  1.0,  0.0,  0.0,  2.0,  0.0, 0.0,  91.0,   13.0,   1.0,   3.0,     4.0,    12.0, 1.0    ,     0.0,     0.0,     0.0,     0.0,     1.0,    17.0
slegrji01, 1999,     1, PIT , NHL , D  , 74.0, 11.0,  20.0,  31.0,  82.0, 20.0 ,  0.0,  3.0,  0.0,  0.0,  2.0, 1.0, 144.0,   10.0,   2.0,   3.0,     5.0,    19.0, 5.0    ,     0.0,     1.0,     0.0,     0.0,     1.0,    17.0
slegrji01, 2000,     1, PIT , NHL , D  , 42.0,  5.0,  10.0,  15.0,  60.0, -9.0 ,  0.0,  3.0,  1.0,  0.0,  1.0, 0.0,  67.0,       ,      ,      ,        ,        ,        ,        ,        ,        ,        ,        ,      
slegrji01, 2000,     2, ATL , NHL , D  , 33.0,  3.0,  16.0,  19.0,  36.0, -1.0 ,  2.0,  9.0,  0.0,  0.0,  0.0, 0.0,  78.0,       ,      ,      ,        ,        ,        ,        ,        ,        ,        ,        ,      
slegrji01, 2001,     1, ATL , NHL , D  , 38.0,  3.0,   5.0,   8.0,  51.0, -21.0,  1.0,  2.0,  0.0,  1.0,  0.0, 0.0,  56.0,       ,      ,      ,        ,        ,        ,        ,        ,        ,        ,        ,      
slegrji01, 2001,     2, DET , NHL , D  ,  8.0,  0.0,   1.0,   1.0,   8.0, 1.0  ,  0.0,  0.0,  0.0,  0.0,  0.0, 0.0,  11.0,    1.0,   0.0,   0.0,     0.0,     2.0, 2.0    ,     0.0,     0.0,     0.0,     0.0,     0.0,     2.0
slegrji01, 2003,     1, VAN , NHL , D  , 16.0,  2.0,   5.0,   7.0,   8.0, 6.0  ,  1.0,  0.0,  1.0,  0.0,  1.0, 0.0,  15.0,       ,      ,      ,        ,        ,        ,        ,        ,        ,        ,        ,      
slegrji01, 2003,     2, BOS , NHL , D  , 36.0,  4.0,  15.0,  19.0,  27.0, 5.0  ,  0.0,  6.0,  0.0,  0.0,  1.0, 0.0,  83.0,    7.0,   1.0,   1.0,     2.0,     0.0, -1.0   ,     0.0,     1.0,     0.0,     0.0,     0.0,    22.0
slegrji01, 2005,     1, BOS , NHL , D  , 32.0,  5.0,  11.0,  16.0,  56.0, -2.0 ,  4.0,  7.0,  0.0,  0.0,  0.0,    ,  59.0,       ,      ,      ,        ,        ,        ,        ,        ,        ,        ,        ,      
sleiglo01, 1978,     1, BIR , WHA , R  , 62.0, 26.0,  12.0,  38.0,  46.0, -9.0 ,  7.0,     ,  0.0,     ,     ,    , 108.0,       ,      ,      ,        ,        ,        ,        ,        ,        ,        ,        ,      
sleiglo01, 1979,     1, QUE , NHL , R  ,  2.0,  0.0,   1.0,   1.0,   0.0, 1.0  ,  0.0,     ,  0.0,     ,  0.0, 0.0,   0.0,       ,      ,      ,        ,        ,        ,        ,        ,        ,        ,        ,      
sleiglo01, 1981,     1, QUE , NHL , R  ,  8.0,  0.0,   0.0,   0.0,   0.0, -2.0 ,  0.0,     ,  0.0,     ,  0.0, 0.0,   3.0,       ,      ,      ,        ,        ,        ,        ,        ,        ,        ,        ,      
sleiglo01, 1982,     1, QUE , NHL , R  , 51.0, 14.0,  10.0,  24.0,  49.0, 8.0  ,  0.0,     ,  0.0,     ,  1.0, 0.0,  55.0,    4.0,   0.0,   0.0,     0.0,     4.0,        ,     0.0,        ,     0.0,        ,     0.0,      
sleiglo01, 1983,     1, QUE , NHL , R  , 44.0, 15.0,  19.0,  34.0,  32.0, 23.0 ,  3.0,     ,  1.0,     ,  1.0, 1.0,  74.0,    7.0,   1.0,   1.0,     2.0,    42.0, 2.0    ,     0.0,        ,     0.0,        ,     0.0,     3.0
sleiglo01, 1984,     1, QUE , NHL , R  ,  6.0,  1.0,   2.0,   3.0,   0.0, -1.0 ,  0.0,     ,  0.0,     ,  1.0, 0.0,  12.0,       ,      ,      ,        ,        ,        ,        ,        ,        ,        ,        ,      
sleiglo01, 1984,     2, BOS , NHL , R  , 70.0, 12.0,  19.0,  31.0,  45.0, -2.0 ,  0.0,     ,  0.0,     ,  2.0, 0.0, 102.0,    5.0,   0.0,   0.0,     0.0,     4.0, -1.0   ,     0.0,        ,     0.0,        ,     0.0,     1.0
sleiglo01, 1985,     1, BOS , NHL , R  , 13.0,  4.0,   2.0,   6.0,  20.0, -4.0 ,  0.0,     ,  0.0,     ,  1.0, 0.0,  18.0,    1.0,   0.0,   0.0,     0.0,    14.0, -1.0   ,     0.0,        ,     0.0,        ,     0.0,     0.0
slitcmi01, 1978,     1, SOV , WHA ,    ,  6.0,  0.0,   0.0,   0.0,   4.0,      ,     ,     ,     ,     ,     ,    ,      ,       ,      ,      ,        ,        ,        ,        ,        ,        ,        ,        ,      
sloanbl01, 1998,     1, DAL , NHL , R  , 14.0,  0.0,   0.0,   0.0,  10.0, -1.0 ,  0.0,  0.0,  0.0,  0.0,  0.0, 0.0,   7.0,   19.0,   0.0,   2.0,     2.0,     8.0, -1.0   ,     0.0,     0.0,     0.0,     0.0,     0.0,     7.0
sloanbl01, 1999,     1, DAL , NHL , R  , 67.0,  4.0,  13.0,  17.0,  50.0, 11.0 ,  0.0,  1.0,  0.0,  1.0,  1.0, 0.0,  78.0,   16.0,   0.0,   0.0,     0.0,    12.0, 2.0    ,     0.0,     0.0,     0.0,     0.0,     0.0,    10.0
sloanbl01, 2000,     1, DAL , NHL , R  , 33.0,  2.0,   2.0,   4.0,   4.0, -2.0 ,  0.0,  0.0,  0.0,  0.0,  1.0, 0.0,  29.0,       ,      ,      ,        ,        ,        ,        ,        ,        ,        ,        ,      
sloanbl01, 2000,     2, CBS , NHL , R  , 14.0,  1.0,   0.0,   1.0,  13.0, -2.0 ,  0.0,  0.0,  0.0,  0.0,  0.0, 0.0,  16.0,       ,      ,      ,        ,        ,        ,        ,        ,        ,        ,        ,      
sloanbl01, 2001,     1, CBS , NHL , L  , 60.0,  2.0,   7.0,   9.0,  46.0, -18.0,  0.0,  0.0,  0.0,  0.0,  0.0, 0.0,  49.0,       ,      ,      ,        ,        ,        ,        ,        ,        ,        ,        ,      
sloanbl01, 2001,     2, CAL , NHL , L  ,  7.0,  0.0,   2.0,   2.0,   4.0, 1.0  ,  0.0,  0.0,  0.0,  0.0,  0.0, 0.0,   7.0,       ,      ,      ,        ,        ,        ,        ,        ,        ,        ,        ,      
sloanbl01, 2002,     1, CAL , NHL , R  , 67.0,  2.0,   8.0,  10.0,  28.0, -5.0 ,  0.0,  0.0,  0.0,  0.0,  0.0, 0.0,  56.0,       ,      ,      ,        ,        ,        ,        ,        ,        ,        ,        ,      
sloanbl01, 2003,     1, DAL , NHL , R  , 28.0,  0.0,   0.0,   0.0,   7.0, -1.0 ,  0.0,  0.0,  0.0,  0.0,  0.0, 0.0,  23.0,       ,      ,      ,        ,        ,        ,        ,        ,        ,        ,        ,      
sloanda01, 2008,     1, PHI , NHL , R  ,  1.0,  0.0,   0.0,   0.0,   0.0, 0.0  ,  0.0,  0.0,  0.0,  0.0,  0.0,    ,   0.0,       ,      ,      ,        ,        ,        ,        ,        ,        ,        ,        ,      
sloanto01, 1947,     1, TOR , NHL , R  ,  1.0,  0.0,   0.0,   0.0,   0.0,      ,     ,     ,     ,     ,     ,    ,      ,       ,      ,      ,        ,        ,        ,        ,        ,        ,        ,        ,      
sloanto01, 1948,     1, TOR , NHL , C  , 29.0,  3.0,   4.0,   7.0,   0.0,      ,     ,     ,     ,     ,     ,    ,      ,       ,      ,      ,        ,        ,        ,        ,        ,        ,        ,        ,      
sloanto01, 1950,     1, TOR , NHL , R  , 70.0, 31.0,  25.0,  56.0, 105.0,      ,     ,     ,     ,     ,     ,    ,      ,   11.0,   4.0,   5.0,     9.0,    18.0,        ,        ,        ,        ,        ,        ,      
sloanto01, 1951,     1, TOR , NHL , R  , 68.0, 25.0,  23.0,  48.0,  89.0,      ,     ,     ,     ,     ,     ,    ,      ,    4.0,   0.0,   0.0,     0.0,    10.0,        ,        ,        ,        ,        ,        ,      
sloanto01, 1952,     1, TOR , NHL , R  , 70.0, 15.0,  10.0,  25.0,  76.0,      ,     ,     ,     ,     ,     ,    ,      ,       ,      ,      ,        ,        ,        ,        ,        ,        ,        ,        ,      
sloanto01, 1953,     1, TOR , NHL , C  , 67.0, 11.0,  32.0,  43.0, 100.0,      ,     ,     ,     ,     ,     ,    ,      ,    5.0,   1.0,   1.0,     2.0,     4.0,        ,        ,        ,        ,        ,        ,      
sloanto01, 1954,     1, TOR , NHL , C  , 63.0, 13.0,  15.0,  28.0,  89.0,      ,     ,     ,     ,     ,     ,    ,      ,    4.0,   0.0,   0.0,     0.0,     2.0,        ,        ,        ,        ,        ,        ,      
sloanto01, 1955,     1, TOR , NHL , C  , 70.0, 37.0,  29.0,  66.0, 100.0,      ,     ,     ,     ,     ,     ,    ,      ,    2.0,   0.0,   0.0,     0.0,     5.0,        ,        ,        ,        ,        ,        ,      
sloanto01, 1956,     1, TOR , NHL , C  , 52.0, 14.0,  21.0,  35.0,  33.0,      ,     ,     ,     ,     ,     ,    ,      ,       ,      ,      ,        ,        ,        ,        ,        ,        ,        ,        ,      
sloanto01, 1957,     1, TOR , NHL , C  , 59.0, 13.0,  25.0,  38.0,  58.0,      ,     ,     ,     ,     ,     ,    ,      ,       ,      ,      ,        ,        ,        ,        ,        ,        ,        ,        ,      
sloanto01, 1958,     1, CHI , NHL , C  , 59.0, 27.0,  35.0,  62.0,  79.0,      ,     ,     ,     ,     ,     ,    ,      ,    6.0,   3.0,   5.0,     8.0,     0.0,        ,        ,        ,        ,        ,        ,      
sloanto01, 1959,     1, CHI , NHL , C  , 70.0, 20.0,  20.0,  40.0,  54.0,      ,     ,     ,     ,     ,     ,    ,      ,    3.0,   0.0,   0.0,     0.0,     0.0,        ,        ,        ,        ,        ,        ,      
sloanto01, 1960,     1, CHI , NHL , C  , 67.0, 11.0,  23.0,  34.0,  48.0,      ,     ,     ,     ,     ,     ,    ,      ,   12.0,   1.0,   1.0,     2.0,     8.0,        ,        ,        ,        ,        ,     0.0,      
sloanty01, 2008,     1, WAS , NHL , D  , 26.0,  1.0,   4.0,   5.0,  14.0, 4.0  ,  0.0,  0.0,  0.0,  0.0,  0.0,    ,   8.0,    2.0,   0.0,   1.0,     1.0,     0.0, 1.0    ,     0.0,     0.0,     0.0,     0.0,     0.0,     1.0
sloanty01, 2009,     1, WAS , NHL , D  , 40.0,  2.0,   4.0,   6.0,  22.0, -1.0 ,  0.0,  0.0,  0.0,  0.0,  0.0,    ,  34.0,    2.0,   0.0,   0.0,     0.0,     0.0, -1.0   ,     0.0,     0.0,     0.0,     0.0,     0.0,     0.0
slobope01, 1940,     1, NYA , NHL , D  , 41.0,  3.0,   2.0,   5.0,  54.0,      ,     ,     ,     ,     ,     ,    ,      ,       ,      ,      ,        ,        ,        ,        ,        ,        ,        ,        ,      
slowied01, 1947,     1, NYR , NHL , L  , 38.0,  6.0,   5.0,  11.0,   2.0,      ,     ,     ,     ,     ,     ,    ,      ,    4.0,   0.0,   0.0,     0.0,     0.0,        ,        ,        ,        ,        ,        ,      
slowied01, 1948,     1, NYR , NHL , R  , 20.0,  1.0,   1.0,   2.0,   2.0,      ,     ,     ,     ,     ,     ,    ,      ,       ,      ,      ,        ,        ,        ,        ,        ,        ,        ,        ,      
slowied01, 1949,     1, NYR , NHL , R  , 63.0, 14.0,  23.0,  37.0,  12.0,      ,     ,     ,     ,     ,     ,    ,      ,   12.0,   2.0,   6.0,     8.0,     6.0,        ,        ,        ,        ,        ,        ,      
slowied01, 1950,     1, NYR , NHL , L  , 69.0, 14.0,  18.0,  32.0,  15.0,      ,     ,     ,     ,     ,     ,    ,      ,       ,      ,      ,        ,        ,        ,        ,        ,        ,        ,        ,      
slowied01, 1951,     1, NYR , NHL , L  , 64.0, 21.0,  22.0,  43.0,  18.0,      ,     ,     ,     ,     ,     ,    ,      ,       ,      ,      ,        ,        ,        ,        ,        ,        ,        ,        ,      
slowied01, 1952,     1, NYR , NHL , R  , 37.0,  2.0,   5.0,   7.0,  14.0,      ,     ,     ,     ,     ,     ,    ,      ,       ,      ,      ,        ,        ,        ,        ,        ,        ,        ,        ,      
slyda01  , 1965,     1, TOR , NHL , D  ,  2.0,  0.0,   0.0,   0.0,   0.0,      ,  0.0,     ,  0.0,     ,  0.0, 0.0,      ,       ,      ,      ,        ,        ,        ,        ,        ,        ,        ,        ,      
slyda01  , 1967,     1, TOR , NHL , D  , 17.0,  0.0,   0.0,   0.0,   4.0, -1.0 ,  0.0,     ,  0.0,     ,  0.0, 0.0,   2.0,       ,      ,      ,        ,        ,        ,        ,        ,        ,        ,        ,      
slyda01  , 1969,     1, MNS , NHL , D  , 29.0,  1.0,   0.0,   1.0,   6.0, -5.0 ,  0.0,     ,  0.0,     ,  0.0, 0.0,  20.0,       ,      ,      ,        ,        ,        ,        ,        ,        ,        ,        ,      
slyda01  , 1970,     1, VAN , NHL , D  , 31.0,  0.0,   2.0,   2.0,  10.0, -1.0 ,  0.0,     ,  0.0,     ,  0.0, 0.0,  13.0,       ,      ,      ,        ,        ,        ,        ,        ,        ,        ,        ,      
smabyma01, 2007,     1, TBL , NHL , D  , 14.0,  0.0,   0.0,   0.0,  12.0, -6.0 ,  0.0,  0.0,  0.0,  0.0,  0.0,    ,   7.0,       ,      ,      ,        ,        ,        ,        ,        ,        ,        ,        ,      
smabyma01, 2008,     1, TBL , NHL , D  , 43.0,  0.0,   4.0,   4.0,  50.0, -11.0,  0.0,  0.0,  0.0,  0.0,  0.0,    ,  28.0,       ,      ,      ,        ,        ,        ,        ,        ,        ,        ,        ,      
smabyma01, 2009,     1, TBL , NHL , D  , 33.0,  0.0,   2.0,   2.0,  27.0, -4.0 ,  0.0,  0.0,  0.0,  0.0,  0.0,    ,  17.0,       ,      ,      ,        ,        ,        ,        ,        ,        ,        ,        ,      
smaildo01, 1980,     1, WIN , NHL , L  , 30.0, 10.0,   8.0,  18.0,  45.0, -7.0 ,  1.0,     ,  3.0,     ,  1.0, 0.0,  58.0,       ,      ,      ,        ,        ,        ,        ,        ,        ,        ,        ,      
smaildo01, 1981,     1, WIN , NHL , L  , 72.0, 17.0,  18.0,  35.0,  55.0, -22.0,  2.0,     ,  1.0,     ,  1.0, 0.0,  97.0,    4.0,   0.0,   0.0,     0.0,     0.0,        ,     0.0,        ,     0.0,        ,     0.0,      
smaildo01, 1982,     1, WIN , NHL , L  , 80.0, 15.0,  29.0,  44.0,  32.0, 0.0  ,  0.0,     ,  3.0,     ,  3.0, 1.0, 113.0,    3.0,   0.0,   0.0,     0.0,     6.0,        ,     0.0,        ,     0.0,        ,     0.0,      
smaildo01, 1983,     1, WIN , NHL , L  , 66.0, 20.0,  17.0,  37.0,  62.0, -5.0 ,  1.0,     ,  4.0,     ,  2.0, 1.0, 122.0,    3.0,   0.0,   1.0,     1.0,     7.0, -3.0   ,     0.0,        ,     0.0,        ,     0.0,     3.0
smaildo01, 1984,     1, WIN , NHL , L  , 80.0, 31.0,  35.0,  66.0,  45.0, 12.0 ,  0.0,     ,  3.0,     ,  5.0, 0.0, 154.0,    8.0,   2.0,   1.0,     3.0,     4.0, -5.0   ,     0.0,        ,     1.0,        ,     0.0,    23.0
smaildo01, 1985,     1, WIN , NHL , L  , 73.0, 16.0,  26.0,  42.0,  32.0, -10.0,  1.0,     ,  3.0,     ,  4.0, 0.0, 150.0,    3.0,   1.0,   0.0,     1.0,     0.0, 0.0    ,     0.0,        ,     0.0,        ,     0.0,     7.0
smaildo01, 1986,     1, WIN , NHL , L  , 78.0, 25.0,  18.0,  43.0,  36.0, 18.0 ,  0.0,     ,  2.0,     ,  4.0, 0.0, 132.0,   10.0,   4.0,   0.0,     4.0,    10.0, 2.0    ,     0.0,        ,     1.0,        ,     0.0,    22.0
smaildo01, 1987,     1, WIN , NHL , L  , 71.0, 15.0,  16.0,  31.0,  34.0, 5.0  ,  0.0,  0.0,  3.0,  0.0,  5.0, 0.0, 110.0,    5.0,   1.0,   0.0,     1.0,    22.0, -1.0   ,     0.0,     0.0,     0.0,     0.0,     0.0,     8.0
smaildo01, 1988,     1, WIN , NHL , L  , 47.0, 14.0,  15.0,  29.0,  52.0, 12.0 ,  0.0,  0.0,  2.0,  2.0,  0.0, 0.0,  68.0,       ,      ,      ,        ,        ,        ,        ,        ,        ,        ,        ,      
smaildo01, 1989,     1, WIN , NHL , L  , 79.0, 25.0,  24.0,  49.0,  63.0, 15.0 ,  1.0,  3.0,  1.0,  2.0,  6.0, 0.0, 165.0,    5.0,   1.0,   0.0,     1.0,     0.0, 0.0    ,     0.0,     0.0,     0.0,     0.0,     0.0,    10.0
smaildo01, 1990,     1, WIN , NHL , R  , 15.0,  1.0,   2.0,   3.0,  10.0, -6.0 ,  0.0,     ,  0.0,     ,  0.0, 0.0,  18.0,       ,      ,      ,        ,        ,        ,        ,        ,        ,        ,        ,      
smaildo01, 1990,     2, MNS , NHL , R  , 57.0,  7.0,  13.0,  20.0,  38.0, -2.0 ,  0.0,     ,  2.0,     ,  0.0, 0.0,  89.0,    1.0,   0.0,   0.0,     0.0,     0.0, -1.0   ,     0.0,     0.0,     0.0,     0.0,     0.0,     0.0
smaildo01, 1991,     1, QUE , NHL , L  , 46.0, 10.0,  18.0,  28.0,  47.0, -11.0,  0.0,  2.0,  1.0,  2.0,  1.0, 0.0,  72.0,       ,      ,      ,        ,        ,        ,        ,        ,        ,        ,        ,      
smaildo01, 1992,     1, OTT , NHL , R  , 51.0,  4.0,  10.0,  14.0,  51.0, -34.0,  0.0,  0.0,  0.0,  2.0,  0.0, 0.0,  73.0,       ,      ,      ,        ,        ,        ,        ,        ,        ,        ,        ,      
smailwa01, 1909,     1, COB , NHA ,    ,  4.0,  1.0,   0.0,   1.0,  12.0,      ,     ,     ,     ,     ,     ,    ,      ,       ,      ,      ,        ,        ,        ,        ,        ,        ,        ,        ,      
smailwa01, 1909,     2, OT1 , NHA ,    ,  5.0,  5.0,   0.0,   5.0,  22.0,      ,     ,     ,     ,     ,     ,    ,      ,       ,      ,      ,        ,        ,        ,        ,        ,        ,        ,        ,      
smailwa01, 1910,     1, MOW , NHA ,    , 15.0,  7.0,   0.0,   7.0,  37.0,      ,     ,     ,     ,     ,     ,    ,      ,       ,      ,      ,        ,        ,        ,        ,        ,        ,        ,        ,      
smailwa01, 1911,     1, VA1 , PCHA, L  , 16.0,  9.0,   0.0,   9.0,  32.0,      ,     ,     ,     ,     ,     ,    ,      ,       ,      ,      ,        ,        ,        ,        ,        ,        ,        ,        ,      
smailwa01, 1912,     1, VA1 , PCHA, L  , 10.0,  7.0,   5.0,  12.0,   9.0,      ,     ,     ,     ,     ,     ,    ,      ,       ,      ,      ,        ,        ,        ,        ,        ,        ,        ,        ,      
smailwa01, 1913,     1, VA1 , PCHA, L  , 16.0,  9.0,   5.0,  14.0,   6.0,      ,     ,     ,     ,     ,     ,    ,      ,       ,      ,      ,        ,        ,        ,        ,        ,        ,        ,        ,      
smailwa01, 1914,     1, VA1 , PCHA, L  , 12.0,  3.0,   1.0,   4.0,   6.0,      ,     ,     ,     ,     ,     ,    ,      ,       ,      ,      ,        ,        ,        ,        ,        ,        ,        ,        ,      
smailwa01, 1915,     1, MOW , NHA ,    , 21.0,  6.0,   1.0,   7.0,  37.0,      ,     ,     ,     ,     ,     ,    ,      ,       ,      ,      ,        ,        ,        ,        ,        ,        ,        ,        ,      
smartal01, 1942,     1, MTL , NHL , L  ,  8.0,  5.0,   2.0,   7.0,   0.0,      ,     ,     ,     ,     ,     ,    ,      ,       ,      ,      ,        ,        ,        ,        ,        ,        ,        ,        ,      
smedsda01, 1972,     1, TOR , NHL , L  ,  4.0,  0.0,   0.0,   0.0,   0.0, 0.0  ,  0.0,     ,  0.0,     ,  0.0, 0.0,   2.0,       ,      ,      ,        ,        ,        ,        ,        ,        ,        ,        ,      
smedsda01, 1975,     1, CIN , WHA , L  , 66.0,  8.0,  14.0,  22.0, 187.0, -8.0 ,  0.0,     ,  0.0,     ,  2.0,    ,  67.0,       ,      ,      ,        ,        ,        ,        ,        ,        ,        ,        ,      
smedsda01, 1976,     1, NEW , WHA , L  , 15.0,  2.0,   0.0,   2.0,  54.0, -6.0 ,  1.0,     ,  0.0,     ,     ,    ,  12.0,       ,      ,      ,        ,        ,        ,        ,        ,        ,        ,        ,      
smedsda01, 1976,     2, CIN , WHA , L  , 23.0,  0.0,   5.0,   5.0,  43.0, -7.0 ,  0.0,     ,  0.0,     ,  0.0,    ,  21.0,    2.0,   0.0,   1.0,     1.0,     0.0, 0.0    ,     0.0,        ,     0.0,        ,     0.0,      
smedsda01, 1977,     1, IND , WHA , L  ,  6.0,  0.0,   3.0,   3.0,   7.0, 3.0  ,  0.0,     ,  0.0,     ,     ,    ,   9.0,       ,      ,      ,        ,        ,        ,        ,        ,        ,        ,        ,      
smehlri01, 1992,     1, BUF , NHL , D  , 80.0,  4.0,  27.0,  31.0,  59.0, 9.0  ,  0.0,  1.0,  0.0,  2.0,  0.0, 0.0,  82.0,    8.0,   0.0,   4.0,     4.0,     2.0, 3.0    ,     0.0,     1.0,     0.0,     0.0,     0.0,    11.0
smehlri01, 1993,     1, BUF , NHL , D  , 84.0, 14.0,  27.0,  41.0,  69.0, 22.0 ,  3.0,  7.0,  3.0,  3.0,  1.0, 1.0, 106.0,    7.0,   0.0,   2.0,     2.0,    10.0, -1.0   ,     0.0,     0.0,     0.0,     0.0,     0.0,     2.0
smehlri01, 1994,     1, BUF , NHL , D  , 39.0,  4.0,   7.0,  11.0,  46.0, 5.0  ,  0.0,  2.0,  1.0,  0.0,  1.0, 0.0,  49.0,    5.0,   0.0,   0.0,     0.0,     2.0, -1.0   ,     0.0,     0.0,     0.0,     0.0,     0.0,     3.0
smehlri01, 1996,     1, BUF , NHL , D  , 62.0, 11.0,  19.0,  30.0,  43.0, 19.0 ,  2.0,  4.0,  0.0,  0.0,  1.0, 0.0, 100.0,   12.0,   0.0,   2.0,     2.0,     4.0, 0.0    ,     0.0,     1.0,     0.0,     0.0,     0.0,    17.0
smehlri01, 1997,     1, BUF , NHL , D  , 72.0,  3.0,  17.0,  20.0,  62.0, 11.0 ,  0.0,  4.0,  1.0,  2.0,  0.0, 0.0,  90.0,   15.0,   0.0,   2.0,     2.0,     6.0, 3.0    ,     0.0,     1.0,     0.0,     0.0,     0.0,    12.0
smehlri01, 1998,     1, BUF , NHL , D  , 72.0,  3.0,  11.0,  14.0,  44.0, -9.0 ,  0.0,  1.0,  0.0,  0.0,  0.0, 0.0,  61.0,   21.0,   0.0,   3.0,     3.0,    10.0, -4.0   ,     0.0,     1.0,     0.0,     0.0,     0.0,    20.0
smehlri01, 1999,     1, BUF , NHL , D  , 64.0,  2.0,   9.0,  11.0,  50.0, 13.0 ,  0.0,  0.0,  0.0,  0.0,  0.0, 0.0,  67.0,    5.0,   1.0,   0.0,     1.0,     0.0, 0.0    ,     0.0,     0.0,     0.0,     0.0,     0.0,     6.0
smehlri01, 2000,     1, BUF , NHL , D  , 56.0,  3.0,  12.0,  15.0,   4.0, 6.0  ,  0.0,  2.0,  0.0,  2.0,  1.0, 0.0,  40.0,   10.0,   0.0,   1.0,     1.0,     4.0, 3.0    ,     0.0,     0.0,     0.0,     1.0,     0.0,     7.0
smehlri01, 2001,     1, BUF , NHL , D  , 60.0,  3.0,   6.0,   9.0,  22.0, -9.0 ,  0.0,  0.0,  0.0,  0.0,  1.0, 1.0,  52.0,       ,      ,      ,        ,        ,        ,        ,        ,        ,        ,        ,      
smehlri01, 2002,     1, ATL , NHL , D  , 43.0,  2.0,   9.0,  11.0,  16.0, -4.0 ,  0.0,  1.0,  0.0,  0.0,  0.0, 0.0,  38.0,       ,      ,      ,        ,        ,        ,        ,        ,        ,        ,        ,      
smehlri01, 2002,     2, NJD , NHL , D  , 12.0,  0.0,   2.0,   2.0,   0.0, -1.0 ,  0.0,  0.0,  0.0,  0.0,  0.0, 0.0,  11.0,    5.0,   0.0,   0.0,     0.0,     2.0, -2.0   ,     0.0,     0.0,     0.0,     0.0,     0.0,     2.0
smidla01 , 2006,     1, EDM , NHL , D  , 77.0,  3.0,   7.0,  10.0,  37.0, -16.0,  0.0,  1.0,  0.0,  0.0,  0.0,    ,  53.0,       ,      ,      ,        ,        ,        ,        ,        ,        ,        ,        ,      
smidla01 , 2007,     1, EDM , NHL , D  , 65.0,  0.0,   4.0,   4.0,  58.0, -15.0,  0.0,  0.0,  0.0,  0.0,  0.0,    ,  45.0,       ,      ,      ,        ,        ,        ,        ,        ,        ,        ,        ,      
smidla01 , 2008,     1, EDM , NHL , D  , 60.0,  0.0,  11.0,  11.0,  57.0, -6.0 ,  0.0,  0.0,  0.0,  0.0,  0.0,    ,  33.0,       ,      ,      ,        ,        ,        ,        ,        ,        ,        ,        ,      
smidla01 , 2009,     1, EDM , NHL , D  , 51.0,  1.0,   8.0,   9.0,  39.0, 5.0  ,  0.0,  2.0,  0.0,  0.0,  0.0,    ,  36.0,       ,      ,      ,        ,        ,        ,        ,        ,        ,        ,        ,      
smilldo01, 1933,     1, BOS , NHL , F  , 12.0,  2.0,   2.0,   4.0,   4.0,      ,     ,     ,     ,     ,     ,    ,      ,       ,      ,      ,        ,        ,        ,        ,        ,        ,        ,        ,      
smirnal01, 2002,     1, ANA , NHL , L  , 44.0,  3.0,   2.0,   5.0,  18.0, -1.0 ,  0.0,  0.0,  0.0,  0.0,  1.0, 0.0,  46.0,    4.0,   0.0,   0.0,     0.0,     2.0, 0.0    ,     0.0,     0.0,     0.0,     0.0,     0.0,     3.0
smirnal01, 2003,     1, ANA , NHL , R  ,  8.0,  0.0,   1.0,   1.0,   2.0, 0.0  ,  0.0,  0.0,  0.0,  0.0,  0.0, 0.0,   8.0,       ,      ,      ,        ,        ,        ,        ,        ,        ,        ,        ,      
smithal01, 1924,     1, OTS , NHL , D  ,  7.0,  0.0,   0.0,   0.0,   4.0,      ,     ,     ,     ,     ,     ,    ,      ,       ,      ,      ,        ,        ,        ,        ,        ,        ,        ,        ,      
smithal01, 1925,     1, OTS , NHL , D  , 36.0,  0.0,   0.0,   0.0,  36.0,      ,     ,     ,     ,     ,     ,    ,      ,    2.0,   0.0,   0.0,     0.0,     2.0,        ,        ,        ,        ,        ,        ,      
smithal01, 1926,     1, OTS , NHL , D  , 42.0,  4.0,   1.0,   5.0,  58.0,      ,     ,     ,     ,     ,     ,    ,      ,    6.0,   0.0,   0.0,     0.0,     8.0,        ,        ,        ,        ,        ,        ,      
smithal01, 1927,     1, OTS , NHL , D  , 44.0,  9.0,   4.0,  13.0,  90.0,      ,     ,     ,     ,     ,     ,    ,      ,    2.0,   0.0,   0.0,     0.0,     4.0,        ,        ,        ,        ,        ,        ,      
smithal01, 1928,     1, OTS , NHL , D  , 44.0,  1.0,   7.0,   8.0,  96.0,      ,     ,     ,     ,     ,     ,    ,      ,       ,      ,      ,        ,        ,        ,        ,        ,        ,        ,        ,      
smithal01, 1929,     1, OTS , NHL , D  , 43.0,  2.0,   6.0,   8.0,  91.0,      ,     ,     ,     ,     ,     ,    ,      ,    2.0,   0.0,   0.0,     0.0,     4.0,        ,        ,        ,        ,        ,        ,      
smithal01, 1930,     1, OTS , NHL , D  , 37.0,  5.0,   6.0,  11.0,  73.0,      ,     ,     ,     ,     ,     ,    ,      ,       ,      ,      ,        ,        ,        ,        ,        ,        ,        ,        ,      
smithal01, 1931,     1, DTF , NHL , D  , 48.0,  6.0,   8.0,  14.0,  47.0,      ,     ,     ,     ,     ,     ,    ,      ,    2.0,   0.0,   0.0,     0.0,     4.0,        ,        ,        ,        ,        ,        ,      
smithal01, 1932,     1, OTS , NHL , D  , 31.0,  2.0,   0.0,   2.0,  42.0,      ,     ,     ,     ,     ,     ,    ,      ,       ,      ,      ,        ,        ,        ,        ,        ,        ,        ,        ,      
smithal01, 1932,     2, BOS , NHL , D  , 18.0,  5.0,   4.0,   9.0,  30.0,      ,     ,     ,     ,     ,     ,    ,      ,    5.0,   0.0,   2.0,     2.0,     6.0,        ,        ,        ,        ,        ,        ,      
smithal01, 1933,     1, BOS , NHL , D  , 45.0,  4.0,   6.0,  10.0,  32.0,      ,     ,     ,     ,     ,     ,    ,      ,       ,      ,      ,        ,        ,        ,        ,        ,        ,        ,        ,      
smithal01, 1934,     1, NYA , NHL , D  , 48.0,  3.0,   8.0,  11.0,  46.0,      ,     ,     ,     ,     ,     ,    ,      ,       ,      ,      ,        ,        ,        ,        ,        ,        ,        ,        ,      
smithal02, 1965,     1, TOR , NHL , G  ,  2.0,  0.0,   0.0,   0.0,   0.0,      ,  0.0,     ,  0.0,     ,  0.0, 0.0,      ,       ,      ,      ,        ,        ,        ,        ,        ,        ,        ,        ,      
smithal02, 1966,     1, TOR , NHL , G  ,  1.0,  0.0,   0.0,   0.0,   0.0,      ,  0.0,     ,  0.0,     ,  0.0, 0.0,      ,       ,      ,      ,        ,        ,        ,        ,        ,        ,        ,        ,      
smithal02, 1968,     1, TOR , NHL , G  ,  7.0,  0.0,   0.0,   0.0,   0.0, 0.0  ,  0.0,     ,  0.0,     ,  0.0, 0.0,   0.0,       ,      ,      ,        ,        ,        ,        ,        ,        ,        ,        ,      
smithal02, 1969,     1, PIT , NHL , G  , 46.0,  0.0,   0.0,   0.0,  20.0, 0.0  ,  0.0,     ,  0.0,     ,  0.0, 0.0,   0.0,    3.0,   0.0,   0.0,     0.0,     0.0,        ,     0.0,        ,     0.0,        ,     0.0,      
smithal02, 1970,     1, PIT , NHL , G  , 46.0,  0.0,   0.0,   0.0,  41.0, 0.0  ,  0.0,     ,  0.0,     ,  0.0, 0.0,   0.0,       ,      ,      ,        ,        ,        ,        ,        ,        ,        ,        ,      
smithal02, 1971,     1, DET , NHL , G  , 43.0,  0.0,   4.0,   4.0,  23.0, 0.0  ,  0.0,     ,  0.0,     ,  0.0, 0.0,   0.0,       ,      ,      ,        ,        ,        ,        ,        ,        ,        ,        ,      
smithal02, 1972,     1, NEW , WHA , G  , 51.0,  0.0,   1.0,   1.0,  39.0,      ,  0.0,     ,  0.0,     ,     ,    ,      ,   15.0,   0.0,   1.0,     1.0,    12.0,        ,     0.0,        ,     0.0,        ,     0.0,      
smithal02, 1973,     1, NEW , WHA , G  , 55.0,  0.0,   3.0,   3.0,  33.0,      ,  0.0,     ,  0.0,     ,  0.0,    ,      ,    7.0,   0.0,   0.0,     0.0,     0.0,        ,        ,        ,        ,        ,     0.0,      
smithal02, 1974,     1, NEW , WHA , G  , 59.0,  0.0,   0.0,   0.0,  18.0,      ,  0.0,     ,  0.0,     ,  0.0,    ,   0.0,    6.0,   0.0,   0.0,     0.0,     2.0,        ,     0.0,        ,     0.0,        ,     0.0,      
smithal02, 1975,     1, BUF , NHL , G  , 14.0,  0.0,   0.0,   0.0,   0.0, 0.0  ,  0.0,     ,  0.0,     ,  0.0, 0.0,   0.0,    1.0,   0.0,   0.0,     0.0,     0.0,        ,     0.0,        ,     0.0,        ,     0.0,      
smithal02, 1976,     1, BUF , NHL , G  ,  7.0,  0.0,   0.0,   0.0,   0.0, 0.0  ,  0.0,     ,  0.0,     ,  0.0, 0.0,   0.0,       ,      ,      ,        ,        ,        ,        ,        ,        ,        ,        ,      
smithal02, 1977,     1, NEW , WHA , G  , 55.0,  0.0,   3.0,   3.0,   4.0, 0.0  ,  0.0,     ,  0.0,     ,     ,    ,   0.0,    3.0,   0.0,   0.0,     0.0,     0.0, 0.0    ,        ,        ,        ,        ,     0.0,      
smithal02, 1978,     1, NEW , WHA , G  , 40.0,  0.0,   3.0,   3.0,  35.0, 0.0  ,  0.0,     ,  0.0,     ,     ,    ,   0.0,    4.0,   0.0,   0.0,     0.0,     0.0, 0.0    ,        ,        ,        ,        ,     0.0,      
smithal02, 1979,     1, HAR , NHL , G  , 30.0,  0.0,   1.0,   1.0,  10.0, 0.0  ,  0.0,     ,  0.0,     ,  0.0, 0.0,   0.0,    2.0,   0.0,   0.0,     0.0,     0.0,        ,     0.0,        ,     0.0,        ,     0.0,      
smithal02, 1980,     1, COR , NHL , G  , 37.0,  0.0,   2.0,   2.0,  51.0, 0.0  ,  0.0,     ,  0.0,     ,  0.0, 0.0,   0.0,       ,      ,      ,        ,        ,        ,        ,        ,        ,        ,        ,      
smithar01, 1927,     1, TOR , NHL , D  , 15.0,  5.0,   3.0,   8.0,  22.0,      ,     ,     ,     ,     ,     ,    ,      ,       ,      ,      ,        ,        ,        ,        ,        ,        ,        ,        ,      
smithar01, 1928,     1, TOR , NHL , D  , 43.0,  5.0,   0.0,   5.0,  91.0,      ,     ,     ,     ,     ,     ,    ,      ,    4.0,   1.0,   1.0,     2.0,     8.0,        ,        ,        ,        ,        ,        ,      
smithar01, 1929,     1, TOR , NHL , D  , 43.0,  3.0,   3.0,   6.0,  75.0,      ,     ,     ,     ,     ,     ,    ,      ,       ,      ,      ,        ,        ,        ,        ,        ,        ,        ,        ,      
smithar01, 1930,     1, OTS , NHL , D  , 43.0,  2.0,   4.0,   6.0,  61.0,      ,     ,     ,     ,     ,     ,    ,      ,       ,      ,      ,        ,        ,        ,        ,        ,        ,        ,        ,      
smithba01, 1975,     1, BOS , NHL , C  , 19.0,  1.0,   0.0,   1.0,   2.0, -5.0 ,  0.0,     ,  0.0,     ,  0.0, 0.0,   8.0,       ,      ,      ,        ,        ,        ,        ,        ,        ,        ,        ,      
smithba01, 1979,     1, COR , NHL , C  , 33.0,  2.0,   3.0,   5.0,   4.0, -11.0,  0.0,     ,  1.0,     ,  0.0, 0.0,  21.0,       ,      ,      ,        ,        ,        ,        ,        ,        ,        ,        ,      
smithba01, 1980,     1, COR , NHL , C  , 62.0,  4.0,   4.0,   8.0,   4.0, -2.0 ,  0.0,     ,  0.0,     ,  0.0, 1.0,  38.0,       ,      ,      ,        ,        ,        ,        ,        ,        ,        ,        ,      
smithbi01, 1971,     1, LAK , NHL , G  ,  5.0,  0.0,   0.0,   0.0,   5.0, 0.0  ,  0.0,     ,  0.0,     ,  0.0, 0.0,   0.0,       ,      ,      ,        ,        ,        ,        ,        ,        ,        ,        ,      
smithbi01, 1972,     1, NYI , NHL , G  , 37.0,  0.0,   0.0,   0.0,  42.0, 0.0  ,  0.0,     ,  0.0,     ,  0.0, 0.0,   0.0,       ,      ,      ,        ,        ,        ,        ,        ,        ,        ,        ,      
smithbi01, 1973,     1, NYI , NHL , G  , 46.0,  0.0,   0.0,   0.0,  11.0, 0.0  ,  0.0,     ,  0.0,     ,  0.0, 0.0,   0.0,       ,      ,      ,        ,        ,        ,        ,        ,        ,        ,        ,      
smithbi01, 1974,     1, NYI , NHL , G  , 58.0,  0.0,   0.0,   0.0,  21.0, 0.0  ,  0.0,     ,  0.0,     ,  0.0, 0.0,   0.0,    6.0,   0.0,   0.0,     0.0,     6.0,        ,     0.0,        ,     0.0,        ,     0.0,      
smithbi01, 1975,     1, NYI , NHL , G  , 39.0,  0.0,   1.0,   1.0,  10.0, 0.0  ,  0.0,     ,  0.0,     ,  0.0, 0.0,   0.0,    8.0,   0.0,   0.0,     0.0,    11.0,        ,     0.0,        ,     0.0,        ,     0.0,      
smithbi01, 1976,     1, NYI , NHL , G  , 36.0,  0.0,   1.0,   1.0,  12.0, 0.0  ,  0.0,     ,  0.0,     ,  0.0, 0.0,   0.0,   10.0,   0.0,   0.0,     0.0,     8.0,        ,     0.0,        ,     0.0,        ,     0.0,      
smithbi01, 1977,     1, NYI , NHL , G  , 38.0,  0.0,   0.0,   0.0,  35.0, 0.0  ,  0.0,     ,  0.0,     ,  0.0, 0.0,   0.0,    1.0,   0.0,   0.0,     0.0,     9.0,        ,     0.0,        ,     0.0,        ,     0.0,      
smithbi01, 1978,     1, NYI , NHL , G  , 40.0,  0.0,   2.0,   2.0,  54.0, 0.0  ,  0.0,     ,  0.0,     ,  0.0, 0.0,   0.0,    5.0,   0.0,   0.0,     0.0,     4.0,        ,     0.0,        ,     0.0,        ,     0.0,      
smithbi01, 1979,     1, NYI , NHL , G  , 38.0,  1.0,   0.0,   1.0,  39.0, 0.0  ,  0.0,     ,  0.0,     ,  0.0, 0.0,   0.0,   20.0,   0.0,   0.0,     0.0,    11.0,        ,     0.0,        ,     0.0,        ,     0.0,      
smithbi01, 1980,     1, NYI , NHL , G  , 41.0,  0.0,   0.0,   0.0,  33.0, 0.0  ,  0.0,     ,  0.0,     ,  0.0, 0.0,   0.0,   17.0,   0.0,   1.0,     1.0,     2.0,        ,     0.0,        ,     0.0,        ,     0.0,      
smithbi01, 1981,     1, NYI , NHL , G  , 46.0,  0.0,   1.0,   1.0,  24.0, 0.0  ,  0.0,     ,  0.0,     ,  0.0, 0.0,   0.0,   18.0,   0.0,   0.0,     0.0,     6.0,        ,     0.0,        ,     0.0,        ,     0.0,      
smithbi01, 1982,     1, NYI , NHL , G  , 41.0,  0.0,   0.0,   0.0,  41.0, 0.0  ,  0.0,     ,  0.0,     ,  0.0, 0.0,   0.0,   17.0,   0.0,   1.0,     1.0,     9.0,        ,     0.0,        ,     0.0,        ,     0.0,      
smithbi01, 1983,     1, NYI , NHL , G  , 42.0,  0.0,   2.0,   2.0,  23.0, 0.0  ,  0.0,     ,  0.0,     ,  0.0, 0.0,   0.0,   21.0,   0.0,   0.0,     0.0,    17.0, 0.0    ,     0.0,        ,     0.0,        ,     0.0,     0.0
smithbi01, 1984,     1, NYI , NHL , G  , 37.0,  0.0,   0.0,   0.0,  25.0, 0.0  ,  0.0,     ,  0.0,     ,  0.0, 0.0,   0.0,    6.0,   0.0,   0.0,     0.0,     6.0, 0.0    ,     0.0,        ,     0.0,        ,     0.0,     0.0
smithbi01, 1985,     1, NYI , NHL , G  , 41.0,  0.0,   3.0,   3.0,  49.0, 0.0  ,  0.0,     ,  0.0,     ,  0.0, 0.0,   0.0,    1.0,   0.0,   0.0,     0.0,     0.0, 0.0    ,     0.0,        ,     0.0,        ,     0.0,     0.0
smithbi01, 1986,     1, NYI , NHL , G  , 40.0,  0.0,   2.0,   2.0,  37.0, 0.0  ,  0.0,     ,  0.0,     ,  0.0, 0.0,   0.0,    2.0,   0.0,   0.0,     0.0,     0.0, 0.0    ,     0.0,        ,     0.0,        ,     0.0,     0.0
smithbi01, 1987,     1, NYI , NHL , G  , 38.0,  0.0,   0.0,   0.0,  20.0, 0.0  ,  0.0,  0.0,  0.0,  0.0,  0.0, 0.0,   0.0,       ,      ,      ,        ,        ,        ,        ,        ,        ,        ,        ,      
smithbi01, 1988,     1, NYI , NHL , G  , 17.0,  0.0,   0.0,   0.0,   8.0, 0.0  ,  0.0,  0.0,  0.0,  0.0,  0.0, 0.0,   0.0,       ,      ,      ,        ,        ,        ,        ,        ,        ,        ,        ,      
smithbo01, 1978,     1, MNS , NHL , C  , 80.0, 30.0,  44.0,  74.0,  39.0, -8.0 ,  9.0,     ,  0.0,     ,  4.0, 2.0, 244.0,       ,      ,      ,        ,        ,        ,        ,        ,        ,        ,        ,      
smithbo01, 1979,     1, MNS , NHL , C  , 61.0, 27.0,  56.0,  83.0,  24.0, 16.0 ,  9.0,     ,  0.0,     ,  3.0, 2.0, 223.0,   15.0,   1.0,  13.0,    14.0,     9.0,        ,     1.0,        ,     0.0,        ,     0.0,      
smithbo01, 1980,     1, MNS , NHL , C  , 78.0, 29.0,  64.0,  93.0,  73.0, 1.0  , 13.0,     ,  0.0,     ,  7.0, 1.0, 242.0,   19.0,   8.0,  17.0,    25.0,    13.0,        ,     2.0,        ,     0.0,        ,     0.0,      
smithbo01, 1981,     1, MNS , NHL , C  , 80.0, 43.0,  71.0, 114.0,  82.0, 10.0 , 20.0,     ,  0.0,     ,  4.0, 3.0, 261.0,    4.0,   2.0,   4.0,     6.0,     5.0,        ,     0.0,        ,     0.0,        ,     0.0,      
smithbo01, 1982,     1, MNS , NHL , C  , 77.0, 24.0,  53.0,  77.0,  81.0, -20.0, 12.0,     ,  0.0,     ,  3.0, 1.0, 190.0,    9.0,   6.0,   4.0,    10.0,    17.0,        ,     3.0,        ,     0.0,        ,     2.0,      
smithbo01, 1983,     1, MNS , NHL , C  , 10.0,  3.0,   6.0,   9.0,   9.0, -1.0 ,  1.0,     ,  0.0,     ,  0.0, 0.0,  21.0,       ,      ,      ,        ,        ,        ,        ,        ,        ,        ,        ,      
smithbo01, 1983,     2, MTL , NHL , C  , 70.0, 26.0,  37.0,  63.0,  62.0, -7.0 ,  6.0,     ,  1.0,     ,  3.0, 0.0, 179.0,   15.0,   2.0,   7.0,     9.0,     8.0, -1.0   ,     1.0,        ,     0.0,        ,     1.0,    19.0
smithbo01, 1984,     1, MTL , NHL , C  , 65.0, 16.0,  40.0,  56.0,  59.0, -9.0 ,  8.0,     ,  0.0,     ,  1.0, 0.0, 146.0,   12.0,   5.0,   6.0,    11.0,    30.0, 2.0    ,     3.0,        ,     0.0,        ,     1.0,    28.0
smithbo01, 1985,     1, MTL , NHL , C  , 79.0, 31.0,  55.0,  86.0,  55.0, 10.0 ,  5.0,     ,  0.0,     ,  7.0, 1.0, 202.0,   20.0,   7.0,   8.0,    15.0,    22.0, -2.0   ,     3.0,        ,     0.0,        ,     3.0,    44.0
smithbo01, 1986,     1, MTL , NHL , C  , 80.0, 28.0,  47.0,  75.0,  72.0, 6.0  , 11.0,     ,  0.0,     ,  7.0, 0.0, 197.0,   17.0,   9.0,   9.0,    18.0,    19.0, 0.0    ,     2.0,        ,     0.0,        ,     0.0,    49.0
smithbo01, 1987,     1, MTL , NHL , C  , 78.0, 27.0,  66.0,  93.0,  78.0, 13.0 ,  8.0, 25.0,  0.0,  0.0,  4.0, 0.0, 198.0,   11.0,   3.0,   4.0,     7.0,     8.0, -5.0   ,     1.0,     0.0,     0.0,     0.0,     0.0,    18.0
smithbo01, 1988,     1, MTL , NHL , C  , 80.0, 32.0,  51.0,  83.0,  69.0, 25.0 ,  6.0, 24.0,  0.0,  0.0,  3.0, 0.0, 195.0,   21.0,  11.0,   8.0,    19.0,    46.0, 1.0    ,     5.0,     2.0,     0.0,     0.0,     1.0,    40.0
smithbo01, 1989,     1, MTL , NHL , C  , 53.0, 12.0,  14.0,  26.0,  35.0, -4.0 ,  4.0,  4.0,  0.0,  0.0,  2.0, 1.0, 102.0,   11.0,   1.0,   4.0,     5.0,     6.0, 3.0    ,     0.0,     0.0,     0.0,     0.0,     0.0,    17.0
smithbo01, 1990,     1, MNS , NHL , C  , 73.0, 15.0,  31.0,  46.0,  60.0, -9.0 ,  7.0, 13.0,  0.0,  0.0,  2.0, 1.0, 121.0,   23.0,   8.0,   8.0,    16.0,    56.0, -5.0   ,     2.0,     3.0,     0.0,     0.0,     5.0,    60.0
smithbo01, 1991,     1, MNS , NHL , C  , 68.0,  9.0,  37.0,  46.0, 109.0, -24.0,  3.0, 17.0,  0.0,  1.0,  1.0, 0.0, 129.0,    7.0,   1.0,   4.0,     5.0,     6.0, -3.0   ,     1.0,     2.0,     0.0,     0.0,     0.0,    13.0
smithbo01, 1992,     1, MNS , NHL , C  , 45.0,  5.0,   7.0,  12.0,  10.0, -9.0 ,  3.0,  1.0,  0.0,  0.0,  0.0, 0.0,  53.0,       ,      ,      ,        ,        ,        ,        ,        ,        ,        ,        ,      
smithbr01, 1957,     1, DET , NHL , L  ,  4.0,  0.0,   1.0,   1.0,   0.0,      ,     ,     ,     ,     ,     ,    ,      ,       ,      ,      ,        ,        ,        ,        ,        ,        ,        ,        ,      
smithbr01, 1959,     1, DET , NHL , L  , 31.0,  2.0,   5.0,   7.0,   2.0,      ,     ,     ,     ,     ,     ,    ,      ,    5.0,   0.0,   0.0,     0.0,     0.0,        ,        ,        ,        ,        ,        ,      
smithbr01, 1960,     1, DET , NHL , W  , 26.0,  0.0,   2.0,   2.0,  10.0,      ,     ,     ,     ,     ,     ,    ,      ,       ,      ,      ,        ,        ,        ,        ,        ,        ,        ,        ,      
smithbr02, 1967,     1, LAK , NHL , L  , 58.0, 10.0,   9.0,  19.0,  33.0, -2.0 ,  1.0,     ,  0.0,     ,  3.0, 0.0,  92.0,    7.0,   0.0,   0.0,     0.0,     0.0,        ,     0.0,        ,     0.0,        ,     0.0,      
smithbr02, 1968,     1, MNS , NHL , L  ,  9.0,  0.0,   1.0,   1.0,   0.0, -7.0 ,  0.0,     ,  0.0,     ,  0.0, 0.0,  14.0,       ,      ,      ,        ,        ,        ,        ,        ,        ,        ,        ,      
smithbr02, 1972,     1, HOU , WHA , L  , 48.0,  7.0,   6.0,  13.0,  19.0,      ,  2.0,     ,  0.0,     ,     ,    ,      ,   10.0,   0.0,   2.0,     2.0,     0.0,        ,     0.0,        ,     0.0,        ,     0.0,      
smithbr03, 1978,     1, VAN , NHL , R  ,  2.0,  0.0,   0.0,   0.0,   2.0, -3.0 ,  0.0,     ,  0.0,     ,  0.0, 0.0,   0.0,       ,      ,      ,        ,        ,        ,        ,        ,        ,        ,        ,      
smithbr03, 1979,     1, VAN , NHL , R  , 19.0,  1.0,   3.0,   4.0,  50.0, -4.0 ,  0.0,     ,  0.0,     ,  0.0, 0.0,  14.0,       ,      ,      ,        ,        ,        ,        ,        ,        ,        ,        ,      
smithbr03, 1979,     2, ATF , NHL , R  ,  4.0,  0.0,   0.0,   0.0,   4.0, 1.0  ,  0.0,     ,  0.0,     ,  0.0, 0.0,   0.0,       ,      ,      ,        ,        ,        ,        ,        ,        ,        ,        ,      
smithbr03, 1980,     1, CAL , NHL , R  , 45.0,  7.0,   4.0,  11.0,  65.0, -8.0 ,  1.0,     ,  0.0,     ,  1.0, 0.0,  51.0,       ,      ,      ,        ,        ,        ,        ,        ,        ,        ,        ,      
smithbr03, 1980,     2, DET , NHL , R  , 20.0,  5.0,   2.0,   7.0,  93.0, -12.0,  0.0,     ,  0.0,     ,  0.0, 0.0,  31.0,       ,      ,      ,        ,        ,        ,        ,        ,        ,        ,        ,      
smithbr03, 1981,     1, DET , NHL , R  , 33.0,  2.0,   0.0,   2.0,  80.0, -7.0 ,  0.0,     ,  0.0,     ,  1.0, 0.0,  25.0,       ,      ,      ,        ,        ,        ,        ,        ,        ,        ,        ,      
smithbr03, 1982,     1, DET , NHL , R  ,  1.0,  0.0,   0.0,   0.0,   0.0, -1.0 ,  0.0,     ,  0.0,     ,  0.0, 0.0,   0.0,       ,      ,      ,        ,        ,        ,        ,        ,        ,        ,        ,      
smithbr03, 1983,     1, DET , NHL , R  ,  8.0,  2.0,   1.0,   3.0,  36.0, -2.0 ,  0.0,     ,  0.0,     ,  0.0, 0.0,  10.0,       ,      ,      ,        ,        ,        ,        ,        ,        ,        ,        ,      
smithbr03, 1984,     1, DET , NHL , R  ,  1.0,  1.0,   0.0,   1.0,   5.0, 0.0  ,  0.0,     ,  0.0,     ,  0.0, 0.0,   4.0,    3.0,   0.0,   1.0,     1.0,     5.0, -2.0   ,     0.0,        ,     0.0,        ,     0.0,     1.0
smithbr03, 1985,     1, TOR , NHL , R  , 42.0,  5.0,  17.0,  22.0,  84.0, -8.0 ,  0.0,     ,  0.0,     ,  0.0, 0.0,  46.0,    6.0,   2.0,   1.0,     3.0,    20.0, 2.0    ,     1.0,        ,     0.0,        ,     0.0,    11.0
smithbr03, 1986,     1, TOR , NHL , R  , 47.0,  5.0,   7.0,  12.0, 172.0, 15.0 ,  0.0,     ,  0.0,     ,  2.0, 0.0,  45.0,   11.0,   1.0,   1.0,     2.0,    24.0, -2.0   ,     0.0,        ,     0.0,        ,     1.0,     7.0
smithbr04, 1998,     1, BOS , NHL , D  ,  5.0,  0.0,   0.0,   0.0,   0.0, 2.0  ,  0.0,  0.0,  0.0,  0.0,  0.0, 0.0,   2.0,       ,      ,      ,        ,        ,        ,        ,        ,        ,        ,        ,      
smithbr04, 1999,     1, BOS , NHL , D  , 22.0,  2.0,   4.0,   6.0,  10.0, -4.0 ,  0.0,  1.0,  0.0,  0.0,  0.0, 0.0,  24.0,       ,      ,      ,        ,        ,        ,        ,        ,        ,        ,        ,      
smithbr04, 2000,     1, BOS , NHL , D  ,  3.0,  1.0,   0.0,   1.0,   0.0, -1.0 ,  1.0,  0.0,  0.0,  0.0,  0.0, 0.0,   2.0,       ,      ,      ,        ,        ,        ,        ,        ,        ,        ,        ,      
smithbr04, 2002,     1, NYI , NHL , D  ,  3.0,  0.0,   0.0,   0.0,   0.0, -2.0 ,  0.0,  0.0,  0.0,  0.0,  0.0, 0.0,   1.0,       ,      ,      ,        ,        ,        ,        ,        ,        ,        ,        ,      
smithca01, 1943,     1, DET , NHL , R  ,  7.0,  1.0,   1.0,   2.0,   2.0,      ,     ,     ,     ,     ,     ,    ,      ,       ,      ,      ,        ,        ,        ,        ,        ,        ,        ,        ,      
smithcl01, 1936,     1, NYR , NHL , C/L,  2.0,  1.0,   0.0,   1.0,   0.0,      ,     ,     ,     ,     ,     ,    ,      ,       ,      ,      ,        ,        ,        ,        ,        ,        ,        ,        ,      
smithcl01, 1937,     1, NYR , NHL , C  , 48.0, 14.0,  23.0,  37.0,   0.0,      ,     ,     ,     ,     ,     ,    ,      ,    3.0,   2.0,   0.0,     2.0,     0.0,        ,        ,        ,        ,        ,        ,      
smithcl01, 1938,     1, NYR , NHL , C  , 48.0, 21.0,  20.0,  41.0,   2.0,      ,     ,     ,     ,     ,     ,    ,      ,    7.0,   1.0,   2.0,     3.0,     0.0,        ,        ,        ,        ,        ,        ,      
smithcl01, 1939,     1, NYR , NHL , C  , 41.0,  8.0,  16.0,  24.0,   2.0,      ,     ,     ,     ,     ,     ,    ,      ,   11.0,   1.0,   3.0,     4.0,     2.0,        ,        ,        ,        ,        ,        ,      
smithcl01, 1940,     1, NYR , NHL , C  , 48.0, 14.0,  11.0,  25.0,   0.0,      ,     ,     ,     ,     ,     ,    ,      ,    3.0,   0.0,   0.0,     0.0,     0.0,        ,        ,        ,        ,        ,        ,      
smithcl01, 1941,     1, NYR , NHL , C  , 47.0, 10.0,  24.0,  34.0,   4.0,      ,     ,     ,     ,     ,     ,    ,      ,    5.0,   0.0,   0.0,     0.0,     0.0,        ,        ,        ,        ,        ,        ,      
smithcl01, 1942,     1, NYR , NHL , C  , 47.0, 12.0,  21.0,  33.0,   4.0,      ,     ,     ,     ,     ,     ,    ,      ,       ,      ,      ,        ,        ,        ,        ,        ,        ,        ,        ,      
smithcl01, 1943,     1, CHI , NHL , C  , 50.0, 23.0,  49.0,  72.0,   4.0,      ,     ,     ,     ,     ,     ,    ,      ,    9.0,   4.0,   8.0,    12.0,     0.0,        ,        ,        ,        ,        ,        ,      
smithcl01, 1944,     1, CHI , NHL , C  , 50.0, 23.0,  31.0,  54.0,   0.0,      ,     ,     ,     ,     ,     ,    ,      ,       ,      ,      ,        ,        ,        ,        ,        ,        ,        ,        ,      
smithcl01, 1945,     1, CHI , NHL , C  , 50.0, 26.0,  24.0,  50.0,   2.0,      ,     ,     ,     ,     ,     ,    ,      ,    4.0,   2.0,   1.0,     3.0,     0.0,        ,        ,        ,        ,        ,        ,      
smithcl01, 1946,     1, CHI , NHL , C  , 52.0,  9.0,  17.0,  26.0,   6.0,      ,     ,     ,     ,     ,     ,    ,      ,       ,      ,      ,        ,        ,        ,        ,        ,        ,        ,        ,      
smithda01, 1959,     1, BOS , NHL , D  ,  5.0,  1.0,   1.0,   2.0,   0.0,      ,     ,     ,     ,     ,     ,    ,      ,       ,      ,      ,        ,        ,        ,        ,        ,        ,        ,        ,      
smithda01, 1960,     1, BOS , NHL , D  , 70.0,  1.0,   9.0,  10.0,  79.0,      ,     ,     ,     ,     ,     ,    ,      ,       ,      ,      ,        ,        ,        ,        ,        ,        ,        ,        ,      
smithda01, 1961,     1, BOS , NHL , D  ,  7.0,  0.0,   0.0,   0.0,  10.0,      ,     ,     ,     ,     ,     ,    ,      ,       ,      ,      ,        ,        ,        ,        ,        ,        ,        ,        ,      
smithda01, 1965,     1, BOS , NHL , D  ,  2.0,  0.0,   0.0,   0.0,   2.0,      ,  0.0,     ,  0.0,     ,  0.0, 0.0,      ,       ,      ,      ,        ,        ,        ,        ,        ,        ,        ,        ,      
smithda01, 1966,     1, BOS , NHL , D  , 33.0,  0.0,   1.0,   1.0,  24.0,      ,  0.0,     ,  0.0,     ,  0.0, 0.0,      ,       ,      ,      ,        ,        ,        ,        ,        ,        ,        ,        ,      
smithda01, 1967,     1, BOS , NHL , D  , 74.0,  4.0,  23.0,  27.0,  65.0, 33.0 ,  0.0,     ,  0.0,     ,  1.0, 1.0, 159.0,    4.0,   0.0,   2.0,     2.0,     0.0,        ,     0.0,        ,     0.0,        ,     0.0,      
smithda01, 1968,     1, BOS , NHL , D  , 75.0,  4.0,  24.0,  28.0,  74.0, 44.0 ,  0.0,     ,  1.0,     ,  0.0, 0.0, 131.0,   10.0,   0.0,   3.0,     3.0,    16.0,        ,     0.0,        ,     0.0,        ,     0.0,      
smithda01, 1969,     1, BOS , NHL , D  , 75.0,  7.0,  17.0,  24.0, 119.0, 9.0  ,  1.0,     ,  1.0,     ,  1.0, 1.0, 160.0,   14.0,   0.0,   3.0,     3.0,    19.0,        ,     0.0,        ,     0.0,        ,     0.0,      
smithda01, 1970,     1, BOS , NHL , D  , 73.0,  7.0,  38.0,  45.0,  68.0, 94.0 ,  0.0,     ,  2.0,     ,  1.0, 0.0, 159.0,    7.0,   0.0,   3.0,     3.0,    26.0,        ,     0.0,        ,     0.0,        ,     0.0,      
smithda01, 1971,     1, BOS , NHL , D  , 78.0,  8.0,  22.0,  30.0, 132.0, 34.0 ,  0.0,     ,  1.0,     ,  1.0, 1.0, 111.0,   15.0,   0.0,   4.0,     4.0,    22.0,        ,     0.0,        ,     0.0,        ,     0.0,      
smithda01, 1972,     1, BOS , NHL , D  , 78.0,  4.0,  27.0,  31.0,  72.0, 38.0 ,  0.0,     ,  0.0,     ,  0.0, 0.0, 130.0,    5.0,   0.0,   2.0,     2.0,     2.0,        ,     0.0,        ,     0.0,        ,     0.0,      
smithda01, 1973,     1, BOS , NHL , D  , 77.0,  6.0,  21.0,  27.0,  64.0, 26.0 ,  0.0,     ,  0.0,     ,  0.0, 1.0, 112.0,   16.0,   1.0,   7.0,     8.0,    20.0,        ,     0.0,        ,     0.0,        ,     0.0,      
smithda01, 1974,     1, BOS , NHL , D  , 79.0,  3.0,  20.0,  23.0,  84.0, 30.0 ,  0.0,     ,  0.0,     ,  1.0, 0.0, 146.0,    3.0,   0.0,   2.0,     2.0,     4.0,        ,     0.0,        ,     0.0,        ,     0.0,      
smithda01, 1975,     1, BOS , NHL , D  , 77.0,  7.0,  25.0,  32.0, 103.0, 42.0 ,  0.0,     ,  0.0,     ,  0.0, 0.0, 125.0,   11.0,   2.0,   2.0,     4.0,    19.0,        ,     0.0,        ,     0.0,        ,     1.0,      
smithda01, 1976,     1, BOS , NHL , D  , 58.0,  2.0,  20.0,  22.0,  40.0, 16.0 ,  0.0,     ,  0.0,     ,  0.0, 0.0,  66.0,       ,      ,      ,        ,        ,        ,        ,        ,        ,        ,        ,      
smithda01, 1977,     1, NYR , NHL , D  , 29.0,  1.0,   4.0,   5.0,  23.0, -11.0,  0.0,     ,  0.0,     ,  0.0, 0.0,  35.0,    1.0,   0.0,   1.0,     1.0,     0.0,        ,     0.0,        ,     0.0,        ,     0.0,      
smithda02, 1998,     1, COL , NHL , D  , 12.0,  0.0,   0.0,   0.0,   9.0, 5.0  ,  0.0,  0.0,  0.0,  0.0,  0.0, 0.0,   6.0,       ,      ,      ,        ,        ,        ,        ,        ,        ,        ,        ,      
smithda02, 1999,     1, COL , NHL , D  ,  3.0,  0.0,   0.0,   0.0,   0.0, 2.0  ,  0.0,  0.0,  0.0,  0.0,  0.0, 0.0,   0.0,       ,      ,      ,        ,        ,        ,        ,        ,        ,        ,        ,      
smithda02, 2005,     1, EDM , NHL , D  ,  7.0,  0.0,   0.0,   0.0,   7.0, 1.0  ,  0.0,  0.0,  0.0,  0.0,  0.0,    ,   1.0,       ,      ,      ,        ,        ,        ,        ,        ,        ,        ,        ,      
smithde01, 1937,     1, MTM , NHL , D  , 40.0,  3.0,   1.0,   4.0,  47.0,      ,     ,     ,     ,     ,     ,    ,      ,       ,      ,      ,        ,        ,        ,        ,        ,        ,        ,        ,      
smithde01, 1938,     1, MTL , NHL , D  , 16.0,  3.0,   3.0,   6.0,   8.0,      ,     ,     ,     ,     ,     ,    ,      ,    3.0,   0.0,   0.0,     0.0,     4.0,        ,        ,        ,        ,        ,        ,      
smithde01, 1939,     1, CHI , NHL , D  , 24.0,  1.0,   4.0,   5.0,  27.0,      ,     ,     ,     ,     ,     ,    ,      ,       ,      ,      ,        ,        ,        ,        ,        ,        ,        ,        ,      
smithde01, 1939,     2, BOS , NHL , D  , 20.0,  2.0,   2.0,   4.0,  23.0,      ,     ,     ,     ,     ,     ,    ,      ,    6.0,   0.0,   0.0,     0.0,     0.0,        ,        ,        ,        ,        ,        ,      
smithde01, 1940,     1, BOS , NHL , D  , 48.0,  6.0,   8.0,  14.0,  61.0,      ,     ,     ,     ,     ,     ,    ,      ,   11.0,   0.0,   2.0,     2.0,    12.0,        ,        ,        ,        ,        ,        ,      
smithde01, 1941,     1, BOS , NHL , D  , 48.0,  7.0,   7.0,  14.0,  70.0,      ,     ,     ,     ,     ,     ,    ,      ,    5.0,   1.0,   2.0,     3.0,     2.0,        ,        ,        ,        ,        ,        ,      
smithde02, 1975,     1, BUF , NHL , C  ,     ,     ,      ,      ,      ,      ,     ,     ,     ,     ,     ,    ,      ,    1.0,   0.0,   0.0,     0.0,     0.0,        ,     0.0,        ,     0.0,        ,     0.0,      
smithde02, 1976,     1, BUF , NHL , C  ,  5.0,  0.0,   0.0,   0.0,   0.0, -1.0 ,  0.0,     ,  0.0,     ,  0.0, 0.0,   0.0,       ,      ,      ,        ,        ,        ,        ,        ,        ,        ,        ,      
smithde02, 1977,     1, BUF , NHL , C  , 36.0,  3.0,   3.0,   6.0,   0.0, -4.0 ,  0.0,     ,  0.0,     ,  0.0, 0.0,  25.0,    8.0,   3.0,   3.0,     6.0,     7.0,        ,     0.0,        ,     0.0,        ,     0.0,      
smithde02, 1978,     1, BUF , NHL , C  , 43.0, 14.0,  12.0,  26.0,   8.0, -5.0 ,  3.0,     ,  0.0,     ,  0.0, 2.0,  85.0,       ,      ,      ,        ,        ,        ,        ,        ,        ,        ,        ,      
smithde02, 1979,     1, BUF , NHL , C  , 79.0, 24.0,  39.0,  63.0,  16.0, 33.0 ,  8.0,     ,  0.0,     ,  3.0, 0.0, 137.0,   13.0,   5.0,   7.0,    12.0,     4.0,        ,     3.0,        ,     0.0,        ,     1.0,      
smithde02, 1980,     1, BUF , NHL , L  , 69.0, 21.0,  43.0,  64.0,  12.0, 14.0 , 11.0,     ,  0.0,     ,  2.0, 0.0, 166.0,    8.0,   1.0,   4.0,     5.0,     2.0,        ,     1.0,        ,     0.0,        ,     0.0,      
smithde02, 1981,     1, BUF , NHL , C  , 12.0,  3.0,   1.0,   4.0,   2.0, 0.0  ,  0.0,     ,  0.0,     ,  0.0, 1.0,  15.0,       ,      ,      ,        ,        ,        ,        ,        ,        ,        ,        ,      
smithde02, 1981,     2, DET , NHL , L  , 49.0,  6.0,  14.0,  20.0,  10.0, -4.0 ,  0.0,     ,  0.0,     ,  0.0, 0.0,  82.0,       ,      ,      ,        ,        ,        ,        ,        ,        ,        ,        ,      
smithde02, 1982,     1, DET , NHL , C  , 42.0,  7.0,   4.0,  11.0,  12.0, -7.0 ,  1.0,     ,  0.0,     ,  0.0, 1.0,  50.0,       ,      ,      ,        ,        ,        ,        ,        ,        ,        ,        ,      
smithde03, 1984,     1, PHI , NHL , L  , 77.0, 17.0,  22.0,  39.0,  31.0, 28.0 ,  0.0,     ,  1.0,     ,  4.0, 1.0, 140.0,   19.0,   2.0,   5.0,     7.0,    16.0, 3.0    ,     0.0,        ,     0.0,        ,     0.0,    21.0
smithde03, 1985,     1, PHI , NHL , L  , 69.0,  6.0,   6.0,  12.0,  57.0, 14.0 ,  0.0,     ,  0.0,     ,  2.0, 0.0, 108.0,    4.0,   0.0,   0.0,     0.0,    10.0, -3.0   ,     0.0,        ,     0.0,        ,     0.0,     5.0
smithde03, 1986,     1, PHI , NHL , L  , 71.0, 11.0,  21.0,  32.0,  34.0, -4.0 ,  0.0,     ,  0.0,     ,  0.0, 0.0, 150.0,   26.0,   6.0,   4.0,    10.0,    26.0, 3.0    ,     0.0,        ,     0.0,        ,     1.0,    57.0
smithde03, 1987,     1, PHI , NHL , L  , 76.0, 16.0,   8.0,  24.0, 104.0, -20.0,  0.0,  0.0,  0.0,  0.0,  1.0, 0.0, 155.0,    7.0,   0.0,   0.0,     0.0,     6.0, -7.0   ,     0.0,     0.0,     0.0,     0.0,     0.0,    19.0
smithde03, 1988,     1, PHI , NHL , L  , 74.0, 16.0,  14.0,  30.0,  43.0, -4.0 ,  0.0,  0.0,  1.0,  1.0,  3.0, 0.0, 115.0,   19.0,   5.0,   2.0,     7.0,    12.0, 3.0    ,     0.0,     0.0,     2.0,     0.0,     1.0,    39.0
smithde03, 1989,     1, PHI , NHL , L  , 55.0,  3.0,   6.0,   9.0,  32.0, -15.0,  0.0,  0.0,  0.0,  1.0,  0.0, 0.0,  72.0,       ,      ,      ,        ,        ,        ,        ,        ,        ,        ,        ,      
smithde03, 1990,     1, PHI , NHL , L  , 72.0, 11.0,  10.0,  21.0,  37.0, 0.0  ,  0.0,  0.0,  1.0,  0.0,  2.0, 0.0, 100.0,       ,      ,      ,        ,        ,        ,        ,        ,        ,        ,        ,      
smithde03, 1991,     1, MNS , NHL , L  , 33.0,  2.0,   4.0,   6.0,  33.0, -8.0 ,  0.0,  0.0,  0.0,  1.0,  0.0, 0.0,  29.0,    7.0,   1.0,   0.0,     1.0,     9.0, -2.0   ,     0.0,     0.0,     0.0,     0.0,     1.0,    12.0
smithde03, 1992,     1, MNS , NHL , L  ,  9.0,  0.0,   1.0,   1.0,   2.0, -2.0 ,  0.0,  0.0,  0.0,  0.0,  0.0, 0.0,   3.0,       ,      ,      ,        ,        ,        ,        ,        ,        ,        ,        ,      
smithde03, 1993,     1, DAL , NHL , L  ,  1.0,  0.0,   0.0,   0.0,   0.0, -1.0 ,  0.0,  0.0,  0.0,  0.0,  0.0, 0.0,   1.0,       ,      ,      ,        ,        ,        ,        ,        ,        ,        ,        ,      
smithde04, 1989,     1, WAS , NHL , D  ,  4.0,  0.0,   0.0,   0.0,   0.0, 0.0  ,  0.0,  0.0,  0.0,  0.0,  0.0, 0.0,   0.0,       ,      ,      ,        ,        ,        ,        ,        ,        ,        ,        ,      
smithde04, 1990,     1, LAK , NHL , D  ,  4.0,  0.0,   0.0,   0.0,   4.0, 3.0  ,  0.0,  0.0,  0.0,  0.0,  0.0, 0.0,   1.0,       ,      ,      ,        ,        ,        ,        ,        ,        ,        ,        ,      
smithde05, 2009,     1, OTT , NHL , D  ,  2.0,  0.0,   0.0,   0.0,   0.0, -4.0 ,  0.0,  0.0,  0.0,  0.0,  0.0,    ,   4.0,       ,      ,      ,        ,        ,        ,        ,        ,        ,        ,        ,      
smithdj01, 1996,     1, TOR , NHL , D  ,  8.0,  0.0,   1.0,   1.0,   7.0, -5.0 ,  0.0,  0.0,  0.0,  0.0,  0.0, 0.0,   4.0,       ,      ,      ,        ,        ,        ,        ,        ,        ,        ,        ,      
smithdj01, 1999,     1, TOR , NHL , D  ,  3.0,  0.0,   0.0,   0.0,   5.0, -1.0 ,  0.0,  0.0,  0.0,  0.0,  0.0, 0.0,   2.0,       ,      ,      ,        ,        ,        ,        ,        ,        ,        ,        ,      
smithdj01, 2002,     1, COL , NHL , D  , 34.0,  1.0,   0.0,   1.0,  55.0, 2.0  ,  0.0,  0.0,  0.0,  0.0,  0.0, 0.0,   7.0,       ,      ,      ,        ,        ,        ,        ,        ,        ,        ,        ,      
smithdo01, 1909,     1, MOS , NHA ,    , 11.0, 14.0,   0.0,  14.0,  58.0,      ,     ,     ,     ,     ,     ,    ,      ,       ,      ,      ,        ,        ,        ,        ,        ,        ,        ,        ,      
smithdo01, 1910,     1, REN , NHA ,    , 16.0, 26.0,   0.0,  26.0,  49.0,      ,     ,     ,     ,     ,     ,    ,      ,       ,      ,      ,        ,        ,        ,        ,        ,        ,        ,        ,      
smithdo01, 1911,     1, VA1 , PCHA, R  , 16.0, 19.0,   0.0,  19.0,  21.0,      ,     ,     ,     ,     ,     ,    ,      ,       ,      ,      ,        ,        ,        ,        ,        ,        ,        ,        ,      
smithdo01, 1912,     1, MOC , NHA ,    , 20.0, 19.0,   0.0,  19.0,  52.0,      ,     ,     ,     ,     ,     ,    ,      ,       ,      ,      ,        ,        ,        ,        ,        ,        ,        ,        ,      
smithdo01, 1913,     1, MOC , NHA ,    , 20.0, 18.0,  10.0,  28.0,  18.0,      ,     ,     ,     ,     ,     ,    ,      ,    2.0,   1.0,      ,        ,        ,        ,        ,        ,        ,        ,        ,      
smithdo01, 1914,     1, MOC , NHA ,    , 11.0,  2.0,   5.0,   7.0,  18.0,      ,     ,     ,     ,     ,     ,    ,      ,       ,      ,      ,        ,        ,        ,        ,        ,        ,        ,        ,      
smithdo01, 1914,     2, MOW , NHA ,    ,  8.0,  4.0,   3.0,   7.0,  21.0,      ,     ,     ,     ,     ,     ,    ,      ,    2.0,   1.0,      ,        ,        ,        ,        ,        ,        ,        ,        ,      
smithdo01, 1915,     1, MOW , NHA ,    , 23.0, 13.0,   2.0,  15.0,  56.0,      ,     ,     ,     ,     ,     ,    ,      ,       ,      ,      ,        ,        ,        ,        ,        ,        ,        ,        ,      
smithdo01, 1919,     1, MTL , NHL , C  , 12.0,  1.0,   0.0,   1.0,   6.0,      ,     ,     ,     ,     ,     ,    ,      ,       ,      ,      ,        ,        ,        ,        ,        ,        ,        ,        ,      
smithdo02, 1949,     1, NYR , NHL , C  , 11.0,  1.0,   1.0,   2.0,   0.0,      ,     ,     ,     ,     ,     ,    ,      ,    1.0,   0.0,   0.0,     0.0,     0.0,        ,        ,        ,        ,        ,        ,      
smithdo03, 1981,     1, LAK , NHL , C  , 80.0, 16.0,  14.0,  30.0,  64.0, -13.0,  1.0,     ,  0.0,     ,  1.0, 0.0, 141.0,   10.0,   3.0,   2.0,     5.0,    11.0,        ,     1.0,        ,     0.0,        ,     0.0,      
smithdo03, 1982,     1, LAK , NHL , C  , 42.0, 11.0,  11.0,  22.0,  12.0, -14.0,  1.0,     ,  0.0,     ,  1.0, 0.0,  87.0,       ,      ,      ,        ,        ,        ,        ,        ,        ,        ,        ,      
smithdo03, 1983,     1, LAK , NHL , C  , 72.0, 16.0,  20.0,  36.0,  28.0, -33.0,  6.0,     ,  0.0,     ,  0.0, 1.0, 146.0,       ,      ,      ,        ,        ,        ,        ,        ,        ,        ,        ,      
smithdo03, 1984,     1, LAK , NHL , C  , 62.0, 21.0,  20.0,  41.0,  58.0, -15.0,  3.0,     ,  1.0,     ,  1.0, 0.0, 146.0,    3.0,   1.0,   0.0,     1.0,     4.0, -2.0   ,     0.0,        ,     0.0,        ,     0.0,     6.0
smithdo03, 1985,     1, LAK , NHL , C  , 48.0,  8.0,   9.0,  17.0,  56.0, -29.0,  1.0,     ,  1.0,     ,  0.0, 0.0, 115.0,       ,      ,      ,        ,        ,        ,        ,        ,        ,        ,        ,      
smithdo03, 1985,     2, BUF , NHL , C  , 30.0, 10.0,  11.0,  21.0,  73.0, 2.0  ,  3.0,     ,  1.0,     ,  3.0, 0.0,  72.0,       ,      ,      ,        ,        ,        ,        ,        ,        ,        ,        ,      
smithdo03, 1986,     1, BUF , NHL , C  , 62.0, 16.0,  24.0,  40.0, 106.0, -20.0,  7.0,     ,  0.0,     ,  2.0, 0.0, 158.0,       ,      ,      ,        ,        ,        ,        ,        ,        ,        ,        ,      
smithdo03, 1987,     1, BUF , NHL , C  , 70.0,  9.0,  19.0,  28.0, 117.0, -10.0,  1.0,  6.0,  0.0,  1.0,  0.0, 0.0, 136.0,    1.0,   0.0,   0.0,     0.0,     0.0, -2.0   ,     0.0,     0.0,     0.0,     0.0,     0.0,     8.0
smithdo03, 1988,     1, EDM , NHL , C  , 19.0,  1.0,   1.0,   2.0,   9.0, -1.0 ,  0.0,  0.0,  0.0,  0.0,  0.0, 0.0,  15.0,       ,      ,      ,        ,        ,        ,        ,        ,        ,        ,        ,      
smithdo03, 1988,     2, VAN , NHL , C  , 10.0,  3.0,   4.0,   7.0,   4.0, 3.0  ,  1.0,  0.0,  0.0,  0.0,  1.0, 0.0,  12.0,    4.0,   0.0,   0.0,     0.0,     6.0, -2.0   ,     0.0,     0.0,     0.0,     0.0,     0.0,     5.0
smithdo03, 1989,     1, VAN , NHL , C  , 30.0,  3.0,   4.0,   7.0,  72.0, 1.0  ,  0.0,  0.0,  1.0,  0.0,  0.0, 0.0,  40.0,       ,      ,      ,        ,        ,        ,        ,        ,        ,        ,        ,      
smithdo03, 1989,     2, PIT , NHL , C  , 10.0,  1.0,   1.0,   2.0,  25.0, -2.0 ,  0.0,  0.0,  0.0,  0.0,  0.0, 0.0,  11.0,       ,      ,      ,        ,        ,        ,        ,        ,        ,        ,        ,      
smithfl01, 1954,     1, BOS , NHL , R  ,  3.0,  0.0,   1.0,   1.0,   0.0,      ,     ,     ,     ,     ,     ,    ,      ,       ,      ,      ,        ,        ,        ,        ,        ,        ,        ,        ,      
smithfl01, 1956,     1, BOS , NHL , R  , 23.0,  0.0,   0.0,   0.0,   6.0,      ,     ,     ,     ,     ,     ,    ,      ,       ,      ,      ,        ,        ,        ,        ,        ,        ,        ,        ,      
smithfl01, 1960,     1, NYR , NHL , R  , 29.0,  5.0,   9.0,  14.0,   0.0,      ,     ,     ,     ,     ,     ,    ,      ,       ,      ,      ,        ,        ,        ,        ,        ,        ,        ,        ,      
smithfl01, 1962,     1, DET , NHL , R  , 51.0,  9.0,  17.0,  26.0,  10.0,      ,     ,     ,     ,     ,     ,    ,      ,   11.0,   2.0,   3.0,     5.0,     4.0,        ,        ,        ,        ,        ,     0.0,      
smithfl01, 1963,     1, DET , NHL , R  , 52.0, 18.0,  13.0,  31.0,  22.0,      ,  4.0,     ,  0.0,     ,  3.0, 0.0,      ,   14.0,   4.0,   3.0,     7.0,     4.0,        ,        ,        ,        ,        ,     0.0,      
smithfl01, 1964,     1, DET , NHL , R  , 67.0, 16.0,  29.0,  45.0,  44.0,      ,  6.0,     ,  1.0,     ,  5.0, 2.0,      ,    7.0,   1.0,   3.0,     4.0,     4.0,        ,        ,        ,        ,        ,     0.0,      
smithfl01, 1965,     1, DET , NHL , R  , 66.0, 21.0,  28.0,  49.0,  20.0,      ,  2.0,     ,  0.0,     ,  3.0, 1.0,      ,   12.0,   5.0,   2.0,     7.0,     4.0,        ,        ,        ,        ,        ,     1.0,      
smithfl01, 1966,     1, DET , NHL , R  , 54.0, 11.0,  14.0,  25.0,   8.0,      ,  6.0,     ,  0.0,     ,  0.0, 0.0,      ,       ,      ,      ,        ,        ,        ,        ,        ,        ,        ,        ,      
smithfl01, 1967,     1, DET , NHL , R  , 57.0, 18.0,  21.0,  39.0,  14.0, 4.0  ,  5.0,     ,  1.0,     ,  2.0, 1.0, 132.0,       ,      ,      ,        ,        ,        ,        ,        ,        ,        ,        ,      
smithfl01, 1967,     2, TOR , NHL , R  ,  6.0,  6.0,   1.0,   7.0,   0.0, 7.0  ,  1.0,     ,  0.0,     ,  1.0, 0.0,  19.0,       ,      ,      ,        ,        ,        ,        ,        ,        ,        ,        ,      
smithfl01, 1968,     1, TOR , NHL , R  , 64.0, 15.0,  19.0,  34.0,  22.0, 14.0 ,  2.0,     ,  0.0,     ,  2.0, 1.0, 120.0,    4.0,   0.0,   0.0,     0.0,     0.0,        ,     0.0,        ,     0.0,        ,     0.0,      
smithfl01, 1969,     1, TOR , NHL , R  , 61.0,  4.0,  14.0,  18.0,  13.0, -3.0 ,  0.0,     ,  0.0,     ,  0.0, 0.0,  73.0,       ,      ,      ,        ,        ,        ,        ,        ,        ,        ,        ,      
smithfl01, 1970,     1, BUF , NHL , R  , 77.0,  6.0,  11.0,  17.0,  46.0, -12.0,  0.0,     ,  2.0,     ,  0.0, 0.0,  80.0,       ,      ,      ,        ,        ,        ,        ,        ,        ,        ,        ,      
smithfl01, 1971,     1, BUF , NHL , R  ,  6.0,  0.0,   1.0,   1.0,   2.0, -4.0 ,  0.0,     ,  0.0,     ,  0.0, 0.0,   1.0,       ,      ,      ,        ,        ,        ,        ,        ,        ,        ,        ,      
smithfo01, 1912,     1, NWR , PCHA, G  ,  1.0,  0.0,   0.0,   0.0,   0.0,      ,     ,     ,     ,     ,     ,    ,      ,       ,      ,      ,        ,        ,        ,        ,        ,        ,        ,        ,      
smithga01, 1965,     1, TOR , NHL , G  ,  3.0,  0.0,   0.0,   0.0,   0.0,      ,  0.0,     ,  0.0,     ,  0.0, 0.0,      ,       ,      ,      ,        ,        ,        ,        ,        ,        ,        ,        ,      
smithga01, 1966,     1, TOR , NHL , G  ,  2.0,  0.0,   0.0,   0.0,   0.0,      ,  0.0,     ,  0.0,     ,  0.0, 0.0,      ,       ,      ,      ,        ,        ,        ,        ,        ,        ,        ,        ,      
smithga01, 1967,     1, OAK , NHL , G  , 21.0,  0.0,   1.0,   1.0,   4.0, 0.0  ,  0.0,     ,  0.0,     ,  0.0, 0.0,   0.0,       ,      ,      ,        ,        ,        ,        ,        ,        ,        ,        ,      
smithga01, 1968,     1, OAK , NHL , G  , 54.0,  0.0,   2.0,   2.0,   7.0, 0.0  ,  0.0,     ,  0.0,     ,  0.0, 0.0,   0.0,    7.0,   0.0,   0.0,     0.0,     0.0,        ,     0.0,        ,     0.0,        ,     0.0,      
smithga01, 1969,     1, OAK , NHL , G  , 65.0,  0.0,   1.0,   1.0,  18.0, 0.0  ,  0.0,     ,  0.0,     ,  0.0, 0.0,   0.0,    4.0,   0.0,   0.0,     0.0,     4.0,        ,     0.0,        ,     0.0,        ,     0.0,      
smithga01, 1970,     1, CLF , NHL , G  , 71.0,  0.0,   1.0,   1.0,   6.0, 0.0  ,  0.0,     ,  0.0,     ,  0.0, 0.0,   0.0,       ,      ,      ,        ,        ,        ,        ,        ,        ,        ,        ,      
smithga01, 1971,     1, CHI , NHL , G  , 28.0,  0.0,   0.0,   0.0,   0.0, 0.0  ,  0.0,     ,  0.0,     ,  0.0, 0.0,   0.0,    2.0,   0.0,   0.0,     0.0,     0.0,        ,     0.0,        ,     0.0,        ,     0.0,      
smithga01, 1972,     1, CHI , NHL , G  , 23.0,  0.0,   0.0,   0.0,   5.0, 0.0  ,  0.0,     ,  0.0,     ,  0.0, 0.0,   0.0,    2.0,   0.0,   0.0,     0.0,     0.0,        ,     0.0,        ,     0.0,        ,     0.0,      
smithga01, 1973,     1, VAN , NHL , G  , 66.0,  0.0,   0.0,   0.0,  47.0, 0.0  ,  0.0,     ,  0.0,     ,  0.0, 0.0,   0.0,       ,      ,      ,        ,        ,        ,        ,        ,        ,        ,        ,      
smithga01, 1974,     1, VAN , NHL , G  , 72.0,  0.0,   1.0,   1.0,  33.0, 0.0  ,  0.0,     ,  0.0,     ,  0.0, 0.0,   0.0,    4.0,   0.0,   0.0,     0.0,     0.0,        ,     0.0,        ,     0.0,        ,     0.0,      
smithga01, 1975,     1, VAN , NHL , G  , 51.0,  0.0,   1.0,   1.0,  24.0, 0.0  ,  0.0,     ,  0.0,     ,  0.0, 0.0,   0.0,       ,      ,      ,        ,        ,        ,        ,        ,        ,        ,        ,      
smithga01, 1976,     1, MNS , NHL , G  , 36.0,  0.0,   0.0,   0.0,  12.0, 0.0  ,  0.0,     ,  0.0,     ,  0.0, 0.0,   0.0,    1.0,   0.0,   0.0,     0.0,     0.0,        ,     0.0,        ,     0.0,        ,     0.0,      
smithga01, 1977,     1, WAS , NHL , G  , 17.0,  0.0,   0.0,   0.0,   6.0, 0.0  ,  0.0,     ,  0.0,     ,  0.0, 0.0,   0.0,       ,      ,      ,        ,        ,        ,        ,        ,        ,        ,        ,      
smithga01, 1977,     2, MNS , NHL , G  ,  3.0,  0.0,   0.0,   0.0,   6.0, 0.0  ,  0.0,     ,  0.0,     ,  0.0, 0.0,   0.0,       ,      ,      ,        ,        ,        ,        ,        ,        ,        ,        ,      
smithga01, 1978,     1, IND , WHA , G  , 11.0,  0.0,   0.0,   0.0,   8.0, 0.0  ,  0.0,     ,  0.0,     ,     ,    ,   0.0,       ,      ,      ,        ,        ,        ,        ,        ,        ,        ,        ,      
smithga01, 1978,     2, WIJ , WHA , G  , 11.0,  0.0,   3.0,   3.0,   2.0, 0.0  ,  0.0,     ,  0.0,     ,     ,    ,   0.0,   10.0,   0.0,   1.0,     1.0,     4.0, 0.0    ,        ,        ,        ,        ,     0.0,      
smithga01, 1979,     1, WIN , NHL , G  , 20.0,  0.0,   0.0,   0.0,  25.0, 0.0  ,  0.0,     ,  0.0,     ,  0.0, 0.0,   0.0,       ,      ,      ,        ,        ,        ,        ,        ,        ,        ,        ,      
smithge01, 1989,     1, EDM , NHL , D  , 74.0,  4.0,  11.0,  15.0,  52.0, 13.0 ,  1.0,  1.0,  0.0,  0.0,  0.0, 0.0,  66.0,    3.0,   0.0,   0.0,     0.0,     0.0, 0.0    ,     0.0,     0.0,     0.0,     0.0,     0.0,     1.0
smithge01, 1990,     1, EDM , NHL , D  , 59.0,  1.0,  12.0,  13.0,  55.0, 13.0 ,  0.0,  3.0,  0.0,  0.0,  0.0, 0.0,  66.0,    4.0,   0.0,   0.0,     0.0,     0.0, 5.0    ,     0.0,     0.0,     0.0,     0.0,     0.0,     5.0
smithge01, 1991,     1, EDM , NHL , D  , 74.0,  2.0,  16.0,  18.0,  43.0, -5.0 ,  0.0,  5.0,  0.0,  0.0,  0.0, 0.0,  61.0,    5.0,   0.0,   1.0,     1.0,     6.0, 2.0    ,     0.0,     0.0,     0.0,     0.0,     0.0,     5.0
smithge01, 1992,     1, EDM , NHL , D  , 78.0,  4.0,  14.0,  18.0,  30.0, -11.0,  0.0,  2.0,  1.0,  1.0,  0.0, 0.0,  67.0,       ,      ,      ,        ,        ,        ,        ,        ,        ,        ,        ,      
smithge01, 1993,     1, EDM , NHL , D  , 21.0,  0.0,   3.0,   3.0,  12.0, -10.0,  0.0,  0.0,  0.0,  0.0,  0.0, 0.0,  23.0,       ,      ,      ,        ,        ,        ,        ,        ,        ,        ,        ,      
smithge01, 1993,     2, FLO , NHL , D  , 56.0,  1.0,   5.0,   6.0,  38.0, -3.0 ,  0.0,  0.0,  0.0,  0.0,  0.0, 0.0,  44.0,       ,      ,      ,        ,        ,        ,        ,        ,        ,        ,        ,      
smithge01, 1994,     1, FLO , NHL , D  , 47.0,  2.0,   4.0,   6.0,  22.0, -5.0 ,  0.0,  1.0,  0.0,  0.0,  0.0, 0.0,  40.0,       ,      ,      ,        ,        ,        ,        ,        ,        ,        ,        ,      
smithge01, 1995,     1, FLO , NHL , D  , 31.0,  3.0,   7.0,  10.0,  20.0, -4.0 ,  2.0,  0.0,  0.0,  0.0,  0.0, 0.0,  34.0,    1.0,   0.0,   0.0,     0.0,     2.0, -1.0   ,     0.0,     0.0,     0.0,     0.0,     0.0,     0.0
smithge01, 1996,     1, FLO , NHL , D  ,  3.0,  0.0,   0.0,   0.0,   2.0, 1.0  ,  0.0,  0.0,  0.0,  0.0,  0.0, 0.0,   2.0,       ,      ,      ,        ,        ,        ,        ,        ,        ,        ,        ,      
smithge01, 1997,     1, NYR , NHL , D  , 15.0,  1.0,   1.0,   2.0,   6.0, -4.0 ,  1.0,  0.0,  0.0,  0.0,  0.0, 0.0,  11.0,       ,      ,      ,        ,        ,        ,        ,        ,        ,        ,        ,      
smithge01, 1998,     1, NYR , NHL , D  ,  4.0,  0.0,   0.0,   0.0,   2.0, -5.0 ,  0.0,  0.0,  0.0,  0.0,  0.0, 0.0,   0.0,       ,      ,      ,        ,        ,        ,        ,        ,        ,        ,        ,      
smithgl01, 1921,     1, TRS , NHL , D  ,  9.0,  0.0,   0.0,   0.0,   0.0,      ,     ,     ,     ,     ,     ,    ,      ,       ,      ,      ,        ,        ,        ,        ,        ,        ,        ,        ,      
smithgl02, 1950,     1, CHI , NHL , R  ,  2.0,  0.0,   0.0,   0.0,   0.0,      ,     ,     ,     ,     ,     ,    ,      ,       ,      ,      ,        ,        ,        ,        ,        ,        ,        ,        ,      
smithgo01, 1974,     1, WAS , NHL , D  , 63.0,  3.0,   8.0,  11.0,  56.0, -56.0,  2.0,     ,  0.0,     ,  0.0, 0.0,  54.0,       ,      ,      ,        ,        ,        ,        ,        ,        ,        ,        ,      
smithgo01, 1975,     1, WAS , NHL , D  , 25.0,  1.0,   2.0,   3.0,  28.0, -22.0,  1.0,     ,  0.0,     ,  0.0, 0.0,  10.0,       ,      ,      ,        ,        ,        ,        ,        ,        ,        ,        ,      
smithgo01, 1976,     1, WAS , NHL , D  , 79.0,  1.0,  12.0,  13.0,  92.0, -27.0,  1.0,     ,  0.0,     ,  0.0, 0.0,  72.0,       ,      ,      ,        ,        ,        ,        ,        ,        ,        ,        ,      
smithgo01, 1977,     1, WAS , NHL , D  , 80.0,  4.0,   7.0,  11.0,  78.0, -20.0,  0.0,     ,  0.0,     ,  1.0, 0.0,  57.0,       ,      ,      ,        ,        ,        ,        ,        ,        ,        ,        ,      
smithgo01, 1978,     1, WAS , NHL , D  , 39.0,  0.0,   1.0,   1.0,  22.0, -7.0 ,  0.0,     ,  0.0,     ,  0.0, 0.0,  11.0,       ,      ,      ,        ,        ,        ,        ,        ,        ,        ,        ,      
smithgo01, 1979,     1, WIN , NHL , D  , 13.0,  0.0,   0.0,   0.0,   8.0, -5.0 ,  0.0,     ,  0.0,     ,  0.0, 0.0,   3.0,       ,      ,      ,        ,        ,        ,        ,        ,        ,        ,        ,      
smithgr01, 1975,     1, CLF , NHL , D  ,  1.0,  0.0,   1.0,   1.0,   2.0, -1.0 ,  0.0,     ,  0.0,     ,  0.0, 0.0,   1.0,       ,      ,      ,        ,        ,        ,        ,        ,        ,        ,        ,      
smithgr01, 1976,     1, CLE , NHL , D  , 74.0,  9.0,  17.0,  26.0,  65.0, -31.0,  4.0,     ,  0.0,     ,  2.0, 0.0, 128.0,       ,      ,      ,        ,        ,        ,        ,        ,        ,        ,        ,      
smithgr01, 1977,     1, CLE , NHL , D  , 80.0,  7.0,  30.0,  37.0,  92.0, -26.0,  2.0,     ,  0.0,     ,  0.0, 1.0, 148.0,       ,      ,      ,        ,        ,        ,        ,        ,        ,        ,        ,      
smithgr01, 1978,     1, MNS , NHL , D  , 80.0,  5.0,  27.0,  32.0, 147.0, -21.0,  1.0,     ,  0.0,     ,  1.0, 0.0, 193.0,       ,      ,      ,        ,        ,        ,        ,        ,        ,        ,        ,      
smithgr01, 1979,     1, MNS , NHL , D  , 55.0,  5.0,  13.0,  18.0, 103.0, -1.0 ,  1.0,     ,  1.0,     ,  1.0, 0.0,  91.0,   12.0,   0.0,   1.0,     1.0,     9.0,        ,     0.0,        ,     0.0,        ,     0.0,      
smithgr01, 1980,     1, MNS , NHL , D  , 74.0,  5.0,  21.0,  26.0, 126.0, 7.0  ,  1.0,     ,  0.0,     ,  1.0, 2.0,  99.0,   19.0,   1.0,   5.0,     6.0,    39.0,        ,     0.0,        ,     1.0,        ,     0.0,      
smithgr01, 1981,     1, DET , NHL , D  , 69.0, 10.0,  22.0,  32.0,  79.0, -22.0,  2.0,     ,  0.0,     ,  1.0, 0.0, 154.0,       ,      ,      ,        ,        ,        ,        ,        ,        ,        ,        ,      
smithgr01, 1982,     1, DET , NHL , D  , 73.0,  4.0,  26.0,  30.0,  79.0, 7.0  ,  0.0,     ,  0.0,     ,  0.0, 0.0,  92.0,       ,      ,      ,        ,        ,        ,        ,        ,        ,        ,        ,      
smithgr01, 1983,     1, DET , NHL , D  , 75.0,  3.0,  20.0,  23.0, 108.0, 6.0  ,  0.0,     ,  0.0,     ,  1.0, 0.0,  63.0,    4.0,   1.0,   0.0,     1.0,     8.0, -2.0   ,     0.0,        ,     0.0,        ,     0.0,     9.0
smithgr01, 1984,     1, DET , NHL , D  , 73.0,  2.0,  18.0,  20.0, 117.0, -26.0,  0.0,     ,  0.0,     ,  0.0, 0.0,  54.0,    3.0,   0.0,   0.0,     0.0,     7.0, 0.0    ,     0.0,        ,     0.0,        ,     0.0,     2.0
smithgr01, 1985,     1, DET , NHL , D  , 62.0,  5.0,  19.0,  24.0,  84.0, -14.0,  0.0,     ,  0.0,     ,  0.0, 0.0,  53.0,       ,      ,      ,        ,        ,        ,        ,        ,        ,        ,        ,      
smithgr01, 1985,     2, WAS , NHL , D  , 14.0,  0.0,   3.0,   3.0,  10.0, 3.0  ,  0.0,     ,  0.0,     ,  0.0, 0.0,   6.0,    9.0,   2.0,   1.0,     3.0,     9.0, 4.0    ,     0.0,        ,     1.0,        ,     0.0,     8.0
smithgr01, 1986,     1, WAS , NHL , D  , 45.0,  0.0,   9.0,   9.0,  31.0, -6.0 ,  0.0,     ,  0.0,     ,  0.0, 0.0,  30.0,    7.0,   0.0,   0.0,     0.0,    11.0, 1.0    ,     0.0,        ,     0.0,        ,     0.0,     2.0
smithgr01, 1987,     1, WAS , NHL , D  , 54.0,  1.0,   6.0,   7.0,  67.0, 5.0  ,  0.0,  0.0,  0.0,  1.0,  0.0, 0.0,  31.0,    9.0,   0.0,   0.0,     0.0,    23.0, -1.0   ,     0.0,     0.0,     0.0,     0.0,     0.0,     5.0
smithgu01, 1972,     1, NEW , WHA , R  , 22.0,  3.0,   3.0,   6.0,   6.0,      ,  0.0,     ,  0.0,     ,     ,    ,      ,   11.0,   2.0,   0.0,     2.0,     4.0,        ,     0.0,        ,     0.0,        ,     0.0,      
smithgu01, 1973,     1, NEW , WHA , R  , 16.0,  1.0,   5.0,   6.0,  25.0,      ,  0.0,     ,  0.0,     ,  0.0,    ,      ,       ,      ,      ,        ,        ,        ,        ,        ,        ,        ,        ,      
smithgu02, 1913,     1, TOO , NHA ,    ,  3.0,  0.0,   0.0,   0.0,   2.0,      ,     ,     ,     ,     ,     ,    ,      ,       ,      ,      ,        ,        ,        ,        ,        ,        ,        ,        ,      
smithha01, 1909,     1, HAI , NHA ,    ,  3.0,  4.0,   0.0,   4.0,   0.0,      ,     ,     ,     ,     ,     ,    ,      ,       ,      ,      ,        ,        ,        ,        ,        ,        ,        ,        ,      
smithha01, 1909,     2, COB , NHA ,    , 10.0, 28.0,   0.0,  28.0,  26.0,      ,     ,     ,     ,     ,     ,    ,      ,       ,      ,      ,        ,        ,        ,        ,        ,        ,        ,        ,      
smithha01, 1912,     1, TO1 , NHA ,    , 15.0, 14.0,   0.0,  14.0,  40.0,      ,     ,     ,     ,     ,     ,    ,      ,       ,      ,      ,        ,        ,        ,        ,        ,        ,        ,        ,      
smithha01, 1913,     1, OT1 , NHA ,    ,  3.0,  1.0,   0.0,   1.0,   7.0,      ,     ,     ,     ,     ,     ,    ,      ,       ,      ,      ,        ,        ,        ,        ,        ,        ,        ,        ,      
smithho01, 1924,     1, OTS , NHL , R  , 30.0, 10.0,  13.0,  23.0,  81.0,      ,     ,     ,     ,     ,     ,    ,      ,       ,      ,      ,        ,        ,        ,        ,        ,        ,        ,        ,      
smithho01, 1925,     1, OTS , NHL , R  , 28.0, 16.0,   9.0,  25.0,  53.0,      ,     ,     ,     ,     ,     ,    ,      ,    2.0,   0.0,   0.0,     0.0,    14.0,        ,        ,        ,        ,        ,        ,      
smithho01, 1926,     1, OTS , NHL , C  , 43.0,  9.0,   6.0,  15.0, 125.0,      ,     ,     ,     ,     ,     ,    ,      ,    6.0,   1.0,   0.0,     1.0,    16.0,        ,        ,        ,        ,        ,        ,      
smithho01, 1927,     1, MTM , NHL , C  , 34.0, 14.0,   5.0,  19.0,  72.0,      ,     ,     ,     ,     ,     ,    ,      ,    9.0,   2.0,   1.0,     3.0,    23.0,        ,        ,        ,        ,        ,        ,      
smithho01, 1928,     1, MTM , NHL , C  , 41.0, 10.0,   9.0,  19.0, 120.0,      ,     ,     ,     ,     ,     ,    ,      ,       ,      ,      ,        ,        ,        ,        ,        ,        ,        ,        ,      
smithho01, 1929,     1, MTM , NHL , C  , 42.0, 21.0,   9.0,  30.0,  83.0,      ,     ,     ,     ,     ,     ,    ,      ,    4.0,   1.0,   1.0,     2.0,    14.0,        ,        ,        ,        ,        ,        ,      
smithho01, 1930,     1, MTM , NHL , C  , 39.0, 12.0,  14.0,  26.0,  68.0,      ,     ,     ,     ,     ,     ,    ,      ,       ,      ,      ,        ,        ,        ,        ,        ,        ,        ,        ,      
smithho01, 1931,     1, MTM , NHL , C  , 43.0, 11.0,  33.0,  44.0,  49.0,      ,     ,     ,     ,     ,     ,    ,      ,    4.0,   2.0,   1.0,     3.0,     2.0,        ,        ,        ,        ,        ,        ,      
smithho01, 1932,     1, MTM , NHL , C  , 48.0, 20.0,  21.0,  41.0,  66.0,      ,     ,     ,     ,     ,     ,    ,      ,    2.0,   2.0,   0.0,     2.0,     2.0,        ,        ,        ,        ,        ,        ,      
smithho01, 1933,     1, MTM , NHL , C  , 47.0, 18.0,  19.0,  37.0,  58.0,      ,     ,     ,     ,     ,     ,    ,      ,    4.0,   0.0,   1.0,     1.0,     6.0,        ,        ,        ,        ,        ,        ,      
smithho01, 1934,     1, MTM , NHL , C  , 46.0,  5.0,  22.0,  27.0,  41.0,      ,     ,     ,     ,     ,     ,    ,      ,    6.0,   0.0,   0.0,     0.0,    14.0,        ,        ,        ,        ,        ,        ,      
smithho01, 1935,     1, MTM , NHL , C  , 47.0, 19.0,  19.0,  38.0,  75.0,      ,     ,     ,     ,     ,     ,    ,      ,    3.0,   0.0,   0.0,     0.0,     2.0,        ,        ,        ,        ,        ,        ,      
smithho01, 1936,     1, BOS , NHL , C  , 44.0,  8.0,  10.0,  18.0,  36.0,      ,     ,     ,     ,     ,     ,    ,      ,    3.0,   0.0,   0.0,     0.0,     0.0,        ,        ,        ,        ,        ,        ,      
smithho01, 1937,     1, NYA , NHL , C  , 47.0, 10.0,  10.0,  20.0,  23.0,      ,     ,     ,     ,     ,     ,    ,      ,    6.0,   0.0,   3.0,     3.0,     0.0,        ,        ,        ,        ,        ,        ,      
smithho01, 1938,     1, NYA , NHL , R  , 48.0,  8.0,  11.0,  19.0,  18.0,      ,     ,     ,     ,     ,     ,    ,      ,    2.0,   0.0,   0.0,     0.0,    14.0,        ,        ,        ,        ,        ,        ,      
smithho01, 1939,     1, NYA , NHL , R/C, 47.0,  7.0,   8.0,  15.0,  41.0,      ,     ,     ,     ,     ,     ,    ,      ,    3.0,   3.0,   1.0,     4.0,     2.0,        ,        ,        ,        ,        ,        ,      
smithho01, 1940,     1, NYA , NHL , C  , 41.0,  2.0,   7.0,   9.0,   4.0,      ,     ,     ,     ,     ,     ,    ,      ,       ,      ,      ,        ,        ,        ,        ,        ,        ,        ,        ,      
smithja01, 1993,     1, NJD , NHL , D  , 41.0,  0.0,   5.0,   5.0,  43.0, 7.0  ,  0.0,  0.0,  0.0,  0.0,  0.0, 0.0,  47.0,    6.0,   0.0,   0.0,     0.0,     7.0, -1.0   ,     0.0,     0.0,     0.0,     0.0,     0.0,     2.0
smithja01, 1994,     1, NJD , NHL , D  ,  2.0,  0.0,   0.0,   0.0,   0.0, -3.0 ,  0.0,  0.0,  0.0,  0.0,  0.0, 0.0,   5.0,       ,      ,      ,        ,        ,        ,        ,        ,        ,        ,        ,      
smithja01, 1995,     1, NJD , NHL , D  , 64.0,  2.0,   1.0,   3.0,  86.0, 5.0  ,  0.0,  0.0,  0.0,  0.0,  0.0, 0.0,  52.0,       ,      ,      ,        ,        ,        ,        ,        ,        ,        ,        ,      
smithja01, 1996,     1, NJD , NHL , D  , 57.0,  1.0,   2.0,   3.0,  38.0, -8.0 ,  0.0,  0.0,  0.0,  0.0,  0.0, 0.0,  48.0,       ,      ,      ,        ,        ,        ,        ,        ,        ,        ,        ,      
smithja01, 1996,     2, TOR , NHL , D  , 21.0,  0.0,   5.0,   5.0,  16.0, -4.0 ,  0.0,  0.0,  0.0,  0.0,  0.0, 0.0,  26.0,       ,      ,      ,        ,        ,        ,        ,        ,        ,        ,        ,      
smithja01, 1997,     1, TOR , NHL , D  , 81.0,  3.0,  13.0,  16.0, 100.0, -5.0 ,  0.0,  0.0,  0.0,  0.0,  0.0, 0.0,  97.0,       ,      ,      ,        ,        ,        ,        ,        ,        ,        ,        ,      
smithja01, 1998,     1, TOR , NHL , D  , 60.0,  2.0,  11.0,  13.0,  40.0, -9.0 ,  0.0,  0.0,  0.0,  0.0,  0.0, 0.0,  53.0,       ,      ,      ,        ,        ,        ,        ,        ,        ,        ,        ,      
smithja01, 1998,     2, EDM , NHL , D  , 12.0,  1.0,   1.0,   2.0,  11.0, 0.0  ,  0.0,  0.0,  0.0,  0.0,  0.0, 0.0,  15.0,    4.0,   0.0,   1.0,     1.0,     4.0, 0.0    ,     0.0,     0.0,     0.0,     0.0,     0.0,     1.0
smithja01, 1999,     1, EDM , NHL , D  , 80.0,  3.0,  11.0,  14.0,  60.0, 16.0 ,  0.0,  0.0,  0.0,  1.0,  1.0, 0.0,  96.0,    5.0,   0.0,   1.0,     1.0,     4.0, 0.0    ,     0.0,     0.0,     0.0,     0.0,     0.0,     5.0
smithja01, 2000,     1, EDM , NHL , D  , 82.0,  5.0,  15.0,  20.0, 120.0, 14.0 ,  1.0,  0.0,  1.0,  0.0,  0.0, 0.0, 140.0,    6.0,   0.0,   2.0,     2.0,     6.0, -3.0   ,     0.0,     0.0,     0.0,     0.0,     0.0,     6.0
smithja01, 2001,     1, EDM , NHL , D  , 74.0,  5.0,  13.0,  18.0, 103.0, 14.0 ,  0.0,  1.0,  1.0,  0.0,  1.0, 0.0,  85.0,       ,      ,      ,        ,        ,        ,        ,        ,        ,        ,        ,      
smithja01, 2002,     1, EDM , NHL , D  , 68.0,  4.0,   8.0,  12.0,  64.0, 5.0  ,  0.0,  1.0,  0.0,  1.0,  1.0, 0.0,  93.0,    6.0,   0.0,   0.0,     0.0,    19.0, -2.0   ,     0.0,     0.0,     0.0,     0.0,     0.0,     6.0
smithja01, 2003,     1, EDM , NHL , D  , 68.0,  7.0,  12.0,  19.0,  98.0, 13.0 ,  0.0,  0.0,  1.0,  0.0,  1.0, 0.0,  84.0,       ,      ,      ,        ,        ,        ,        ,        ,        ,        ,        ,      
smithja01, 2005,     1, EDM , NHL , D  , 76.0,  4.0,  13.0,  17.0,  84.0, 1.0  ,  0.0,  0.0,  0.0,  2.0,  0.0,    ,  79.0,   24.0,   1.0,   4.0,     5.0,    16.0, 5.0    ,     0.0,     0.0,     0.0,     0.0,     1.0,    14.0
smithja01, 2006,     1, EDM , NHL , D  , 82.0,  2.0,   9.0,  11.0, 103.0, -13.0,  0.0,  0.0,  0.0,  0.0,  1.0,    ,  61.0,       ,      ,      ,        ,        ,        ,        ,        ,        ,        ,        ,      
smithja01, 2007,     1, PHI , NHL , D  , 77.0,  1.0,   9.0,  10.0,  86.0, -4.0 ,  0.0,  0.0,  0.0,  0.0,  0.0,    ,  58.0,   17.0,   0.0,   2.0,     2.0,     4.0, -4.0   ,     0.0,     0.0,     0.0,     0.0,     0.0,     2.0
smithja01, 2008,     1, OTT , NHL , D  , 63.0,  1.0,   0.0,   1.0,  47.0, -3.0 ,  0.0,  0.0,  0.0,  0.0,  1.0,    ,  53.0,       ,      ,      ,        ,        ,        ,        ,        ,        ,        ,        ,      
smithje01, 2002,     1, LAK , NHL , C  , 22.0,  0.0,   2.0,   2.0,  21.0, -5.0 ,  0.0,  0.0,  0.0,  0.0,  0.0, 0.0,   9.0,       ,      ,      ,        ,        ,        ,        ,        ,        ,        ,        ,      
smithje01, 2003,     1, LAK , NHL , C  ,  8.0,  0.0,   1.0,   1.0,   4.0, 0.0  ,  0.0,  0.0,  0.0,  0.0,  0.0, 0.0,   2.0,       ,      ,      ,        ,        ,        ,        ,        ,        ,        ,        ,      
smithje01, 2005,     1, NAS , NHL , C  , 66.0,  5.0,   9.0,  14.0,  54.0, 9.0  ,  0.0,  0.0,  0.0,  1.0,  1.0,    ,  50.0,    3.0,   0.0,   0.0,     0.0,     4.0, 0.0    ,     0.0,     0.0,     0.0,     0.0,     0.0,     0.0
smithje01, 2006,     1, NAS , NHL , C  , 64.0,  5.0,   7.0,  12.0,  42.0, -8.0 ,  1.0,  0.0,  1.0,  0.0,  2.0,    ,  47.0,    5.0,   0.0,   0.0,     0.0,    17.0, -2.0   ,     0.0,     0.0,     0.0,     0.0,     0.0,     0.0
smithje01, 2007,     1, NAS , NHL , C  , 81.0,  7.0,   9.0,  16.0,  50.0, -9.0 ,  0.0,  1.0,  2.0,  3.0,  2.0,    ,  61.0,    6.0,   0.0,   0.0,     0.0,     2.0, 0.0    ,     0.0,     0.0,     0.0,     0.0,     0.0,     5.0
smithje01, 2008,     1, NAS , NHL , R  , 82.0,  4.0,   9.0,  13.0,  49.0, -6.0 ,  0.0,  0.0,  0.0,  0.0,  0.0,    ,  74.0,       ,      ,      ,        ,        ,        ,        ,        ,        ,        ,        ,      
smithje01, 2009,     1, NAS , NHL , C  , 69.0,  9.0,   4.0,  13.0,  54.0, -4.0 ,  0.0,  0.0,  2.0,  0.0,  1.0,    ,  54.0,    6.0,   1.0,   0.0,     1.0,     6.0, -1.0   ,     0.0,     0.0,     0.0,     0.0,     0.0,     5.0
smithke01, 1944,     1, BOS , NHL , L  , 49.0, 20.0,  14.0,  34.0,   2.0,      ,     ,     ,     ,     ,     ,    ,      ,    7.0,   3.0,   4.0,     7.0,     0.0,        ,        ,        ,        ,        ,        ,      
smithke01, 1945,     1, BOS , NHL , L  , 23.0,  2.0,   6.0,   8.0,   0.0,      ,     ,     ,     ,     ,     ,    ,      ,    8.0,   0.0,   4.0,     4.0,     0.0,        ,        ,        ,        ,        ,        ,      
smithke01, 1946,     1, BOS , NHL , L  , 60.0, 14.0,   7.0,  21.0,   4.0,      ,     ,     ,     ,     ,     ,    ,      ,    5.0,   3.0,   0.0,     3.0,     2.0,        ,        ,        ,        ,        ,        ,      
smithke01, 1947,     1, BOS , NHL , L  , 60.0, 11.0,  12.0,  23.0,  14.0,      ,     ,     ,     ,     ,     ,    ,      ,    5.0,   2.0,   3.0,     5.0,     0.0,        ,        ,        ,        ,        ,        ,      
smithke01, 1948,     1, BOS , NHL , L  , 59.0, 20.0,  20.0,  40.0,   6.0,      ,     ,     ,     ,     ,     ,    ,      ,    5.0,   0.0,   2.0,     2.0,     4.0,        ,        ,        ,        ,        ,        ,      
smithke01, 1949,     1, BOS , NHL , L  , 66.0, 10.0,  31.0,  41.0,  12.0,      ,     ,     ,     ,     ,     ,    ,      ,       ,      ,      ,        ,        ,        ,        ,        ,        ,        ,        ,      
smithke01, 1950,     1, BOS , NHL , L  , 14.0,  1.0,   3.0,   4.0,  11.0,      ,     ,     ,     ,     ,     ,    ,      ,       ,      ,      ,        ,        ,        ,        ,        ,        ,        ,        ,      
smithma01, 2000,     1, SJS , NHL , C  , 42.0,  2.0,   2.0,   4.0,  51.0, 2.0  ,  0.0,  0.0,  0.0,  0.0,  0.0, 0.0,  39.0,       ,      ,      ,        ,        ,        ,        ,        ,        ,        ,        ,      
smithma01, 2001,     1, SJS , NHL , C  , 49.0,  3.0,   3.0,   6.0,  72.0, -1.0 ,  0.0,  0.0,  0.0,  0.0,  1.0, 0.0,  40.0,       ,      ,      ,        ,        ,        ,        ,        ,        ,        ,        ,      
smithma01, 2002,     1, SJS , NHL , C  , 75.0,  4.0,  11.0,  15.0,  64.0, 1.0  ,  0.0,  0.0,  0.0,  0.0,  0.0, 0.0,  68.0,       ,      ,      ,        ,        ,        ,        ,        ,        ,        ,        ,      
smithma01, 2003,     1, SJS , NHL , C  , 36.0,  1.0,   3.0,   4.0,  72.0, -5.0 ,  0.0,  0.0,  0.0,  0.0,  0.0, 0.0,  31.0,   10.0,   1.0,   0.0,     1.0,    11.0, 2.0    ,     0.0,     0.0,     0.0,     0.0,     1.0,     3.0
smithma01, 2005,     1, SJS , NHL , C  , 80.0,  9.0,  15.0,  24.0,  97.0, 3.0  ,  2.0,  3.0,  1.0,  1.0,  1.0,    , 100.0,   11.0,   3.0,   0.0,     3.0,     6.0, 2.0    ,     1.0,     0.0,     0.0,     0.0,     0.0,    23.0
smithma01, 2006,     1, SJS , NHL , C  , 41.0,  3.0,  10.0,  13.0,  42.0, -4.0 ,  2.0,  2.0,  0.0,  0.0,  0.0,    ,  38.0,    3.0,   0.0,   0.0,     0.0,     4.0, 0.0    ,     0.0,     0.0,     0.0,     0.0,     0.0,     7.0
smithma01, 2007,     1, CAL , NHL , C  , 54.0,  1.0,   3.0,   4.0,  59.0, -6.0 ,  0.0,  0.0,  0.0,  0.0,  0.0,    ,  27.0,       ,      ,      ,        ,        ,        ,        ,        ,        ,        ,        ,      
smithmi02, 2006,     1, DAL , NHL , G  , 23.0,  0.0,   0.0,   0.0,   2.0, 0.0  ,  0.0,  0.0,  0.0,  0.0,  0.0,    ,   0.0,       ,      ,      ,        ,        ,        ,        ,        ,        ,        ,        ,      
smithmi02, 2007,     1, DAL , NHL , G  , 21.0,  0.0,   0.0,   0.0,   6.0, 0.0  ,  0.0,  0.0,  0.0,  0.0,  0.0,    ,   0.0,       ,      ,      ,        ,        ,        ,        ,        ,        ,        ,        ,      
smithmi02, 2007,     2, TBL , NHL , G  , 13.0,  0.0,   1.0,   1.0,   6.0, 0.0  ,  0.0,  0.0,  0.0,  0.0,  0.0,    ,   0.0,       ,      ,      ,        ,        ,        ,        ,        ,        ,        ,        ,      
smithmi02, 2008,     1, TBL , NHL , G  , 41.0,  0.0,   1.0,   1.0,  23.0, 0.0  ,  0.0,  0.0,  0.0,  0.0,  0.0,    ,   1.0,       ,      ,      ,        ,        ,        ,        ,        ,        ,        ,        ,      
smithmi02, 2009,     1, TBL , NHL , G  , 42.0,  0.0,   0.0,   0.0,  14.0, 0.0  ,  0.0,  0.0,  0.0,  0.0,  0.0,    ,   0.0,       ,      ,      ,        ,        ,        ,        ,        ,        ,        ,        ,      
smithna01, 1943,     1, DET , NHL , C  , 10.0,  1.0,   2.0,   3.0,   0.0,      ,     ,     ,     ,     ,     ,    ,      ,       ,      ,      ,        ,        ,        ,        ,        ,        ,        ,        ,      
smithna02, 2003,     1, VAN , NHL , C  ,  2.0,  0.0,   0.0,   0.0,   0.0, -1.0 ,  0.0,  0.0,  0.0,  0.0,  0.0, 0.0,   1.0,       ,      ,      ,        ,        ,        ,        ,        ,        ,        ,        ,      
smithna02, 2005,     1, VAN , NHL , C  ,  1.0,  0.0,   0.0,   0.0,   0.0, 0.0  ,  0.0,  0.0,  0.0,  0.0,  0.0,    ,   2.0,       ,      ,      ,        ,        ,        ,        ,        ,        ,        ,        ,      
smithna02, 2006,     1, VAN , NHL , C  ,  1.0,  0.0,   0.0,   0.0,   0.0, 0.0  ,  0.0,  0.0,  0.0,  0.0,  0.0,    ,   0.0,    4.0,   0.0,   0.0,     0.0,     0.0, 0.0    ,     0.0,     0.0,     0.0,     0.0,     0.0,     0.0
smithna02, 2007,     1, PIT , NHL , C  , 13.0,  0.0,   0.0,   0.0,   2.0, 0.0  ,  0.0,  0.0,  0.0,  0.0,  0.0,    ,   3.0,       ,      ,      ,        ,        ,        ,        ,        ,        ,        ,        ,      
smithna02, 2009,     1, MIN , NHL , C  ,  9.0,  0.0,   0.0,   0.0,  12.0, -4.0 ,  0.0,  0.0,  0.0,  0.0,  0.0,    ,   4.0,       ,      ,      ,        ,        ,        ,        ,        ,        ,        ,        ,      
smithni01, 2001,     1, FLO , NHL , C  , 15.0,  0.0,   0.0,   0.0,   0.0, -1.0 ,  0.0,  0.0,  0.0,  0.0,  0.0, 0.0,   2.0,       ,      ,      ,        ,        ,        ,        ,        ,        ,        ,        ,      
smithno01, 1931,     1, MTM , NHL , G  , 21.0,  0.0,   0.0,   0.0,   0.0,      ,     ,     ,     ,     ,     ,    ,      ,       ,      ,      ,        ,        ,        ,        ,        ,        ,        ,        ,      
smithno01, 1934,     1, DET , NHL , G  , 25.0,  0.0,   0.0,   0.0,   0.0,      ,     ,     ,     ,     ,     ,    ,      ,       ,      ,      ,        ,        ,        ,        ,        ,        ,        ,        ,      
smithno01, 1935,     1, DET , NHL , G  , 48.0,  0.0,   0.0,   0.0,   0.0,      ,     ,     ,     ,     ,     ,    ,      ,    7.0,   0.0,   0.0,     0.0,     0.0,        ,        ,        ,        ,        ,        ,      
smithno01, 1936,     1, DET , NHL , G  , 48.0,  0.0,   0.0,   0.0,   0.0,      ,     ,     ,     ,     ,     ,    ,      ,    5.0,   0.0,   0.0,     0.0,     0.0,        ,        ,        ,        ,        ,        ,      
smithno01, 1937,     1, DET , NHL , G  , 47.0,  0.0,   0.0,   0.0,   0.0,      ,     ,     ,     ,     ,     ,    ,      ,       ,      ,      ,        ,        ,        ,        ,        ,        ,        ,        ,      
smithno01, 1938,     1, DET , NHL , G  ,  4.0,  0.0,   0.0,   0.0,   0.0,      ,     ,     ,     ,     ,     ,    ,      ,       ,      ,      ,        ,        ,        ,        ,        ,        ,        ,        ,      
smithno01, 1943,     1, DET , NHL , G  ,  5.0,  0.0,   0.0,   0.0,   0.0,      ,     ,     ,     ,     ,     ,    ,      ,       ,      ,      ,        ,        ,        ,        ,        ,        ,        ,        ,      
smithno01, 1944,     1, DET , NHL , G  ,  1.0,  0.0,   0.0,   0.0,   0.0,      ,     ,     ,     ,     ,     ,    ,      ,       ,      ,      ,        ,        ,        ,        ,        ,        ,        ,        ,      
smithra01, 1985,     1, MNS , NHL , C  ,  1.0,  0.0,   0.0,   0.0,   0.0, 0.0  ,  0.0,     ,  0.0,     ,  0.0, 0.0,   0.0,       ,      ,      ,        ,        ,        ,        ,        ,        ,        ,        ,      
smithra01, 1986,     1, MNS , NHL , C  ,  2.0,  0.0,   0.0,   0.0,   0.0, -2.0 ,  0.0,     ,  0.0,     ,  0.0, 0.0,   0.0,       ,      ,      ,        ,        ,        ,        ,        ,        ,        ,        ,      
smithri01, 1968,     1, BOS , NHL , D  , 48.0,  0.0,   5.0,   5.0,  29.0, 14.0 ,  0.0,     ,  0.0,     ,  0.0, 0.0,  28.0,    9.0,   0.0,   0.0,     0.0,     6.0,        ,     0.0,        ,     0.0,        ,     0.0,      
smithri01, 1969,     1, BOS , NHL , D  , 69.0,  2.0,   8.0,  10.0,  65.0, 12.0 ,  0.0,     ,  0.0,     ,  1.0, 0.0,  94.0,   14.0,   1.0,   3.0,     4.0,    17.0,        ,     0.0,        ,     0.0,        ,     0.0,      
smithri01, 1970,     1, BOS , NHL , D  , 67.0,  4.0,  19.0,  23.0,  44.0, 30.0 ,  0.0,     ,  0.0,     ,  1.0, 0.0,  79.0,    6.0,   0.0,   0.0,     0.0,     0.0,        ,     0.0,        ,     0.0,        ,     0.0,      
smithri01, 1971,     1, BOS , NHL , D  , 61.0,  2.0,  12.0,  14.0,  46.0, 53.0 ,  0.0,     ,  0.0,     ,  0.0, 0.0,  81.0,       ,      ,      ,        ,        ,        ,        ,        ,        ,        ,        ,      
smithri01, 1971,     2, CLF , NHL , D  , 17.0,  1.0,   4.0,   5.0,  26.0, -17.0,  0.0,     ,  0.0,     ,  0.0, 0.0,  23.0,       ,      ,      ,        ,        ,        ,        ,        ,        ,        ,        ,      
smithri01, 1972,     1, CLF , NHL , D  , 64.0,  9.0,  24.0,  33.0,  77.0, -43.0,  3.0,     ,  0.0,     ,  0.0, 1.0, 126.0,       ,      ,      ,        ,        ,        ,        ,        ,        ,        ,        ,      
smithri01, 1973,     1, MFS , WHA , D  , 71.0, 10.0,  28.0,  38.0,  98.0,      ,  0.0,     ,  1.0,     ,  3.0,    ,      ,   11.0,   0.0,   1.0,     1.0,    22.0,        ,        ,        ,        ,        ,     0.0,      
smithri01, 1974,     1, MFS , WHA , D  , 78.0,  9.0,  29.0,  38.0, 112.0, 12.0 ,  1.0,     ,  0.0,     ,  2.0,    , 158.0,   12.0,   2.0,   7.0,     9.0,     6.0,        ,        ,        ,        ,        ,     0.0,      
smithri01, 1975,     1, MFS , WHA , D  , 51.0,  1.0,  32.0,  33.0,  50.0, 1.0  ,     ,     ,     ,     ,     ,    , 101.0,       ,      ,      ,        ,        ,        ,        ,        ,        ,        ,        ,      
smithri01, 1975,     2, STL , NHL , D  , 24.0,  1.0,   7.0,   8.0,  18.0, 2.0  ,  0.0,     ,  0.0,     ,  0.0, 0.0,  32.0,    3.0,   0.0,   1.0,     1.0,     4.0,        ,     0.0,        ,     0.0,        ,     0.0,      
smithri01, 1976,     1, STL , NHL , D  , 18.0,  0.0,   1.0,   1.0,   6.0, -3.0 ,  0.0,     ,  0.0,     ,  0.0, 0.0,  11.0,       ,      ,      ,        ,        ,        ,        ,        ,        ,        ,        ,      
smithri01, 1976,     2, BOS , NHL , D  , 46.0,  6.0,  16.0,  22.0,  30.0, 23.0 ,  0.0,     ,  0.0,     ,  0.0, 0.0,  72.0,   14.0,   0.0,   9.0,     9.0,    14.0,        ,     0.0,        ,     0.0,        ,     0.0,      
smithri01, 1977,     1, BOS , NHL , D  , 79.0,  7.0,  29.0,  36.0,  69.0, 70.0 ,  0.0,     ,  0.0,     ,  0.0, 0.0, 116.0,   15.0,   1.0,   5.0,     6.0,    18.0,        ,     0.0,        ,     0.0,        ,     0.0,      
smithri01, 1978,     1, BOS , NHL , D  , 65.0,  7.0,  18.0,  25.0,  46.0, 20.0 ,  0.0,     ,  0.0,     ,  1.0, 0.0,  78.0,   11.0,   0.0,   4.0,     4.0,    12.0,        ,     0.0,        ,     0.0,        ,     0.0,      
smithri01, 1979,     1, BOS , NHL , D  , 78.0,  8.0,  18.0,  26.0,  62.0, 22.0 ,  0.0,     ,  0.0,     ,  2.0, 1.0,  85.0,    6.0,   1.0,   1.0,     2.0,     2.0,        ,     0.0,        ,     0.0,        ,     0.0,      
smithri01, 1980,     1, DET , NHL , D  , 11.0,  0.0,   2.0,   2.0,   6.0, -5.0 ,  0.0,     ,  0.0,     ,  0.0, 0.0,   7.0,       ,      ,      ,        ,        ,        ,        ,        ,        ,        ,        ,      
smithri01, 1980,     2, WAS , NHL , D  , 40.0,  5.0,   4.0,   9.0,  36.0, 7.0  ,  2.0,     ,  0.0,     ,  2.0, 0.0,  35.0,       ,      ,      ,        ,        ,        ,        ,        ,        ,        ,        ,      
smithro01, 1925,     1, PIP , NHL , D  , 36.0,  9.0,   1.0,  10.0,  22.0,      ,     ,     ,     ,     ,     ,    ,      ,    2.0,   1.0,   0.0,     1.0,     0.0,        ,        ,        ,        ,        ,        ,      
smithro01, 1926,     1, PIP , NHL , D  , 36.0,  4.0,   0.0,   4.0,   6.0,      ,     ,     ,     ,     ,     ,    ,      ,       ,      ,      ,        ,        ,        ,        ,        ,        ,        ,        ,      
smithro01, 1927,     1, PIP , NHL , D  , 43.0,  1.0,   0.0,   1.0,  30.0,      ,     ,     ,     ,     ,     ,    ,      ,    2.0,   2.0,   0.0,     2.0,     0.0,        ,        ,        ,        ,        ,        ,      
smithro01, 1928,     1, PIP , NHL , D  , 44.0,  4.0,   2.0,   6.0,  49.0,      ,     ,     ,     ,     ,     ,    ,      ,       ,      ,      ,        ,        ,        ,        ,        ,        ,        ,        ,      
smithro01, 1929,     1, PIP , NHL , D  , 42.0,  2.0,   1.0,   3.0,  65.0,      ,     ,     ,     ,     ,     ,    ,      ,       ,      ,      ,        ,        ,        ,        ,        ,        ,        ,        ,      
smithro01, 1930,     1, PHQ , NHL , D  ,  9.0,  0.0,   0.0,   0.0,   0.0,      ,     ,     ,     ,     ,     ,    ,      ,       ,      ,      ,        ,        ,        ,        ,        ,        ,        ,        ,      
smithro02, 1972,     1, NYI , NHL , D  , 11.0,  1.0,   1.0,   2.0,  14.0, -8.0 ,  0.0,     ,  0.0,     ,  0.0, 0.0,  10.0,       ,      ,      ,        ,        ,        ,        ,        ,        ,        ,        ,      
smithro03, 1974,     1, IND , WHA , L  , 15.0,  1.0,   6.0,   7.0,  19.0,      ,     ,     ,     ,     ,     ,    ,  23.0,       ,      ,      ,        ,        ,        ,        ,        ,        ,        ,        ,      
smithro04, 1922,     1, SAC , WCHL, C  , 25.0,  7.0,   1.0,   8.0,  14.0,      ,     ,     ,     ,     ,     ,    ,      ,       ,      ,      ,        ,        ,        ,        ,        ,        ,        ,        ,      
smithro04, 1923,     1, SAC , WCHL, C  ,  2.0,  0.0,   0.0,   0.0,   0.0,      ,     ,     ,     ,     ,     ,    ,      ,       ,      ,      ,        ,        ,        ,        ,        ,        ,        ,        ,      
smithsi01, 1946,     1, TOR , NHL , L  , 14.0,  2.0,   1.0,   3.0,   0.0,      ,     ,     ,     ,     ,     ,    ,      ,       ,      ,      ,        ,        ,        ,        ,        ,        ,        ,        ,      
smithsi01, 1947,     1, TOR , NHL , L  , 31.0,  7.0,  10.0,  17.0,  10.0,      ,     ,     ,     ,     ,     ,    ,      ,    2.0,   0.0,   0.0,     0.0,     0.0,        ,        ,        ,        ,        ,        ,      
smithsi01, 1948,     1, TOR , NHL , L  ,  1.0,  0.0,   0.0,   0.0,   0.0,      ,     ,     ,     ,     ,     ,    ,      ,    6.0,   5.0,   2.0,     7.0,     0.0,        ,        ,        ,        ,        ,        ,      
smithsi01, 1949,     1, TOR , NHL , L  , 68.0, 22.0,  23.0,  45.0,   6.0,      ,     ,     ,     ,     ,     ,    ,      ,    7.0,   0.0,   3.0,     3.0,     2.0,        ,        ,        ,        ,        ,        ,      
smithsi01, 1950,     1, TOR , NHL , L  , 70.0, 30.0,  21.0,  51.0,  10.0,      ,     ,     ,     ,     ,     ,    ,      ,   11.0,   7.0,   3.0,    10.0,     0.0,        ,        ,        ,        ,        ,        ,      
smithsi01, 1951,     1, TOR , NHL , L  , 70.0, 27.0,  30.0,  57.0,   6.0,      ,     ,     ,     ,     ,     ,    ,      ,    4.0,   0.0,   0.0,     0.0,     0.0,        ,        ,        ,        ,        ,        ,      
smithsi01, 1952,     1, TOR , NHL , L  , 70.0, 20.0,  19.0,  39.0,   6.0,      ,     ,     ,     ,     ,     ,    ,      ,       ,      ,      ,        ,        ,        ,        ,        ,        ,        ,        ,      
smithsi01, 1953,     1, TOR , NHL , L  , 70.0, 22.0,  16.0,  38.0,  28.0,      ,     ,     ,     ,     ,     ,    ,      ,    5.0,   1.0,   1.0,     2.0,     0.0,        ,        ,        ,        ,        ,        ,      
smithsi01, 1954,     1, TOR , NHL , L  , 70.0, 33.0,  21.0,  54.0,  14.0,      ,     ,     ,     ,     ,     ,    ,      ,    4.0,   3.0,   1.0,     4.0,     0.0,        ,        ,        ,        ,        ,        ,      
smithsi01, 1955,     1, TOR , NHL , L  , 55.0,  4.0,  17.0,  21.0,   8.0,      ,     ,     ,     ,     ,     ,    ,      ,    5.0,   1.0,   0.0,     1.0,     0.0,        ,        ,        ,        ,        ,        ,      
smithsi01, 1956,     1, TOR , NHL , L  , 70.0, 17.0,  24.0,  41.0,   4.0,      ,     ,     ,     ,     ,     ,    ,      ,       ,      ,      ,        ,        ,        ,        ,        ,        ,        ,        ,      
smithsi01, 1957,     1, TOR , NHL , L  , 12.0,  2.0,   1.0,   3.0,   2.0,      ,     ,     ,     ,     ,     ,    ,      ,       ,      ,      ,        ,        ,        ,        ,        ,        ,        ,        ,      
smithst01, 1939,     1, NYR , NHL , C  ,  1.0,  0.0,   0.0,   0.0,   0.0,      ,     ,     ,     ,     ,     ,    ,      ,       ,      ,      ,        ,        ,        ,        ,        ,        ,        ,        ,      
smithst01, 1940,     1, NYR , NHL , C  ,  8.0,  2.0,   1.0,   3.0,   0.0,      ,     ,     ,     ,     ,     ,    ,      ,       ,      ,      ,        ,        ,        ,        ,        ,        ,        ,        ,      
smithst02, 1940,     1, MTL , NHL , L  ,  3.0,  2.0,   1.0,   3.0,   0.0,      ,     ,     ,     ,     ,     ,    ,      ,    1.0,   0.0,   0.0,     0.0,     0.0,        ,        ,        ,        ,        ,        ,      
smithst02, 1941,     1, MTL , NHL , L  ,  1.0,  0.0,   1.0,   1.0,   0.0,      ,     ,     ,     ,     ,     ,    ,      ,       ,      ,      ,        ,        ,        ,        ,        ,        ,        ,        ,      
smithst03, 1979,     1, HAR , NHL , D  ,  4.0,  0.0,   0.0,   0.0,   0.0, -1.0 ,  0.0,     ,  0.0,     ,  0.0, 0.0,   3.0,       ,      ,      ,        ,        ,        ,        ,        ,        ,        ,        ,      
smithst03, 1980,     1, HAR , NHL , D  , 38.0,  1.0,   7.0,   8.0,  55.0, -14.0,  0.0,     ,  0.0,     ,  0.0, 0.0,  34.0,       ,      ,      ,        ,        ,        ,        ,        ,        ,        ,        ,      
smithst03, 1981,     1, HAR , NHL , D  , 17.0,  0.0,   3.0,   3.0,  15.0, -7.0 ,  0.0,     ,  0.0,     ,  0.0, 0.0,  14.0,       ,      ,      ,        ,        ,        ,        ,        ,        ,        ,        ,      
smithst03, 1982,     1, HAR , NHL , D  , 18.0,  1.0,   0.0,   1.0,  25.0, -16.0,  0.0,     ,  0.0,     ,  0.0, 0.0,  21.0,       ,      ,      ,        ,        ,        ,        ,        ,        ,        ,        ,      
smithst04, 1981,     1, PHI , NHL , D  ,  8.0,  0.0,   1.0,   1.0,   0.0, -2.0 ,  0.0,     ,  0.0,     ,  0.0, 0.0,   9.0,       ,      ,      ,        ,        ,        ,        ,        ,        ,        ,        ,      
smithst04, 1984,     1, PHI , NHL , D  ,  2.0,  0.0,   0.0,   0.0,   7.0, 2.0  ,  0.0,     ,  0.0,     ,  0.0, 0.0,   0.0,       ,      ,      ,        ,        ,        ,        ,        ,        ,        ,        ,      
smithst04, 1985,     1, PHI , NHL , D  ,  2.0,  0.0,   0.0,   0.0,   2.0, -1.0 ,  0.0,     ,  0.0,     ,  0.0, 0.0,   1.0,       ,      ,      ,        ,        ,        ,        ,        ,        ,        ,        ,      
smithst04, 1986,     1, PHI , NHL , D  ,  2.0,  0.0,   0.0,   0.0,   6.0, -2.0 ,  0.0,     ,  0.0,     ,  0.0, 0.0,   1.0,       ,      ,      ,        ,        ,        ,        ,        ,        ,        ,        ,      
smithst04, 1987,     1, PHI , NHL , D  ,  1.0,  0.0,   0.0,   0.0,   0.0, 0.0  ,  0.0,  0.0,  0.0,  0.0,  0.0, 0.0,   0.0,       ,      ,      ,        ,        ,        ,        ,        ,        ,        ,        ,      
smithst04, 1988,     1, BUF , NHL , D  ,  3.0,  0.0,   0.0,   0.0,   0.0, 0.0  ,  0.0,  0.0,  0.0,  0.0,  0.0, 0.0,   2.0,       ,      ,      ,        ,        ,        ,        ,        ,        ,        ,        ,      
smithst05, 1984,     1, EDM , NHL , D  ,  2.0,  0.0,   0.0,   0.0,   2.0, -2.0 ,  0.0,     ,  0.0,     ,  0.0, 0.0,   3.0,       ,      ,      ,        ,        ,        ,        ,        ,        ,        ,        ,      
smithst05, 1985,     1, EDM , NHL , D  , 55.0,  4.0,  20.0,  24.0, 166.0, 30.0 ,  1.0,     ,  0.0,     ,  1.0, 0.0,  74.0,    6.0,   0.0,   1.0,     1.0,    14.0, 4.0    ,     0.0,        ,     0.0,        ,     0.0,     5.0
smithst05, 1986,     1, EDM , NHL , D  , 62.0,  7.0,  15.0,  22.0, 165.0, 11.0 ,  2.0,     ,  0.0,     ,  1.0, 0.0,  71.0,   15.0,   1.0,   3.0,     4.0,    45.0, 9.0    ,     0.0,        ,     0.0,        ,     0.0,    19.0
smithst05, 1987,     1, EDM , NHL , D  , 79.0, 12.0,  43.0,  55.0, 286.0, 40.0 ,  5.0,  8.0,  0.0,  0.0,  1.0, 0.0, 116.0,   19.0,   1.0,  11.0,    12.0,    55.0, 16.0   ,     1.0,     6.0,     0.0,     1.0,     0.0,    26.0
smithst05, 1988,     1, EDM , NHL , D  , 35.0,  3.0,  19.0,  22.0,  97.0, 5.0  ,  0.0,  5.0,  0.0,  2.0,  0.0, 0.0,  47.0,    7.0,   2.0,   2.0,     4.0,    20.0, 3.0    ,     0.0,     0.0,     0.0,     0.0,     1.0,     6.0
smithst05, 1989,     1, EDM , NHL , D  , 75.0,  7.0,  34.0,  41.0, 171.0, 6.0  ,  3.0, 19.0,  0.0,  1.0,  1.0, 0.0, 125.0,   22.0,   5.0,  10.0,    15.0,    37.0, 15.0   ,     0.0,     6.0,     1.0,     0.0,     1.0,    35.0
smithst05, 1990,     1, EDM , NHL , D  , 77.0, 13.0,  41.0,  54.0, 193.0, 14.0 ,  4.0,  0.0,  0.0,  0.0,  2.0, 0.0, 114.0,   18.0,   1.0,   2.0,     3.0,    45.0, -8.0   ,     1.0,     2.0,     0.0,     0.0,     0.0,    30.0
smithst05, 1991,     1, CHI , NHL , D  , 76.0,  9.0,  21.0,  30.0, 304.0, 23.0 ,  3.0, 12.0,  0.0,  1.0,  1.0, 0.0, 153.0,   18.0,   1.0,  11.0,    12.0,    16.0, 12.0   ,     1.0,     2.0,     0.0,     0.0,     0.0,    37.0
smithst05, 1992,     1, CHI , NHL , D  , 78.0, 10.0,  47.0,  57.0, 214.0, 12.0 ,  7.0, 31.0,  1.0,  1.0,  2.0, 0.0, 212.0,    4.0,   0.0,   0.0,     0.0,    10.0, -2.0   ,     0.0,     0.0,     0.0,     0.0,     0.0,     9.0
smithst05, 1993,     1, CHI , NHL , D  , 57.0,  5.0,  22.0,  27.0, 174.0, -5.0 ,  1.0, 11.0,  0.0,  0.0,  1.0, 0.0,  89.0,       ,      ,      ,        ,        ,        ,        ,        ,        ,        ,        ,      
smithst05, 1994,     1, CHI , NHL , D  , 48.0,  1.0,  12.0,  13.0, 128.0, 6.0  ,  0.0,  3.0,  0.0,  0.0,  0.0, 0.0,  43.0,   16.0,   0.0,   1.0,     1.0,    26.0, 2.0    ,     0.0,     0.0,     0.0,     0.0,     0.0,    11.0
smithst05, 1995,     1, CHI , NHL , D  , 37.0,  0.0,   9.0,   9.0,  71.0, 12.0 ,  0.0,  2.0,  0.0,  0.0,  0.0, 0.0,  17.0,    6.0,   0.0,   0.0,     0.0,    16.0, -2.0   ,     0.0,     0.0,     0.0,     0.0,     0.0,     3.0
smithst05, 1996,     1, CHI , NHL , D  , 21.0,  0.0,   0.0,   0.0,  29.0, 4.0  ,  0.0,  0.0,  0.0,  0.0,  0.0, 0.0,   7.0,    3.0,   0.0,   0.0,     0.0,     4.0, 0.0    ,     0.0,     0.0,     0.0,     0.0,     0.0,     3.0
smithst05, 1998,     1, CAL , NHL , D  , 69.0,  1.0,  14.0,  15.0,  80.0, 3.0  ,  0.0,  2.0,  0.0,  0.0,  0.0, 0.0,  42.0,       ,      ,      ,        ,        ,        ,        ,        ,        ,        ,        ,      
smithst05, 1999,     1, CAL , NHL , D  , 20.0,  0.0,   4.0,   4.0,  42.0, -13.0,  0.0,  0.0,  0.0,  0.0,  0.0, 0.0,  10.0,       ,      ,      ,        ,        ,        ,        ,        ,        ,        ,        ,      
smithst05, 2000,     1, CAL , NHL , D  , 13.0,  0.0,   2.0,   2.0,  17.0, -2.0 ,  0.0,  0.0,  0.0,  0.0,  0.0, 0.0,   3.0,       ,      ,      ,        ,        ,        ,        ,        ,        ,        ,        ,      
smithto01, 1912,     1, QU1 , NHA ,    , 19.0, 39.0,   0.0,  39.0,  30.0,      ,     ,     ,     ,     ,     ,    ,      ,       ,      ,      ,        ,        ,        ,        ,        ,        ,        ,        ,      
smithto01, 1913,     1, QU1 , NHA ,    , 20.0, 39.0,   6.0,  45.0,  35.0,      ,     ,     ,     ,     ,     ,    ,      ,       ,      ,      ,        ,        ,        ,        ,        ,        ,        ,        ,      
smithto01, 1914,     1, TOO , NHA ,    , 10.0, 17.0,   2.0,  19.0,  14.0,      ,     ,     ,     ,     ,     ,    ,      ,       ,      ,      ,        ,        ,        ,        ,        ,        ,        ,        ,      
smithto01, 1914,     2, QU1 , NHA ,    ,  9.0, 23.0,   2.0,  25.0,  29.0,      ,     ,     ,     ,     ,     ,    ,      ,       ,      ,      ,        ,        ,        ,        ,        ,        ,        ,        ,      
smithto01, 1915,     1, QU1 , NHA ,    , 22.0, 16.0,   3.0,  19.0,  30.0,      ,     ,     ,     ,     ,     ,    ,      ,       ,      ,      ,        ,        ,        ,        ,        ,        ,        ,        ,      
smithto01, 1916,     1, MOC , NHA ,    , 15.0,  9.0,   3.0,  12.0,  32.0,      ,     ,     ,     ,     ,     ,    ,      ,    2.0,   2.0,      ,        ,        ,        ,        ,        ,        ,        ,        ,      
smithto01, 1919,     1, QUB , NHL , C  , 10.0,  0.0,   1.0,   1.0,  11.0,      ,     ,     ,     ,     ,     ,    ,      ,       ,      ,      ,        ,        ,        ,        ,        ,        ,        ,        ,      
smithtr01, 2008,     1, NYI , NHL , C  ,  7.0,  1.0,   0.0,   1.0,   0.0, -3.0 ,  0.0,  0.0,  0.0,  0.0,  0.0,    ,   7.0,       ,      ,      ,        ,        ,        ,        ,        ,        ,        ,        ,      
smithve01, 1984,     1, NYI , NHL , D  ,  1.0,  0.0,   0.0,   0.0,   0.0, 0.0  ,  0.0,     ,  0.0,     ,  0.0, 0.0,   0.0,       ,      ,      ,        ,        ,        ,        ,        ,        ,        ,        ,      
smithwa01, 1966,     1, CHI , NHL , D  ,  2.0,  1.0,   1.0,   2.0,   2.0,      ,  0.0,     ,  0.0,     ,  0.0, 0.0,      ,    1.0,   0.0,   0.0,     0.0,     0.0,        ,        ,        ,        ,        ,     0.0,      
smithwy01, 1999,     1, PHO , NHL , C  ,  2.0,  0.0,   0.0,   0.0,   0.0, -2.0 ,  0.0,  0.0,  0.0,  0.0,  0.0, 0.0,   0.0,       ,      ,      ,        ,        ,        ,        ,        ,        ,        ,        ,      
smithwy01, 2000,     1, PHO , NHL , C  , 42.0,  3.0,   7.0,  10.0,  13.0, 7.0  ,  0.0,  0.0,  1.0,  1.0,  0.0, 0.0,  40.0,       ,      ,      ,        ,        ,        ,        ,        ,        ,        ,        ,      
smithwy01, 2001,     1, PHO , NHL , L  , 10.0,  0.0,   0.0,   0.0,   0.0, -5.0 ,  0.0,  0.0,  0.0,  0.0,  0.0, 0.0,   4.0,       ,      ,      ,        ,        ,        ,        ,        ,        ,        ,        ,      
smithwy01, 2002,     1, NAS , NHL , C  , 11.0,  1.0,   0.0,   1.0,   0.0, -1.0 ,  0.0,  0.0,  0.0,  0.0,  0.0, 0.0,   8.0,       ,      ,      ,        ,        ,        ,        ,        ,        ,        ,        ,      
smithwy01, 2003,     1, NAS , NHL , C  , 18.0,  3.0,   1.0,   4.0,   2.0, 2.0  ,  0.0,  0.0,  1.0,  0.0,  0.0, 0.0,  21.0,       ,      ,      ,        ,        ,        ,        ,        ,        ,        ,        ,      
smithwy01, 2005,     1, NYI , NHL , C  , 42.0,  0.0,   8.0,   8.0,  26.0, -7.0 ,  0.0,  1.0,  0.0,  0.0,  0.0,    ,  37.0,       ,      ,      ,        ,        ,        ,        ,        ,        ,        ,        ,      
smithwy01, 2006,     1, MIN , NHL , C  , 61.0,  3.0,   3.0,   6.0,  16.0, -8.0 ,  1.0,  0.0,  0.0,  0.0,  0.0,    ,  44.0,    4.0,   0.0,   0.0,     0.0,     0.0, 0.0    ,     0.0,     0.0,     0.0,     0.0,     0.0,     2.0
smithwy01, 2007,     1, COL , NHL , C  , 25.0,  0.0,   3.0,   3.0,   8.0, -4.0 ,  0.0,  0.0,  0.0,  1.0,  0.0,    ,  25.0,    1.0,   0.0,   0.0,     0.0,     0.0, 0.0    ,     0.0,     0.0,     0.0,     0.0,     0.0,     1.0
smithza01, 2008,     1, OTT , NHL , C  ,  1.0,  0.0,   0.0,   0.0,   0.0, 0.0  ,  0.0,  0.0,  0.0,  0.0,  0.0,    ,   0.0,       ,      ,      ,        ,        ,        ,        ,        ,        ,        ,        ,      
smithza01, 2009,     1, OTT , NHL , C  , 15.0,  2.0,   1.0,   3.0,  14.0, 2.0  ,  0.0,  0.0,  1.0,  0.0,  0.0,    ,  11.0,    6.0,   0.0,   0.0,     0.0,     5.0, -4.0   ,     0.0,     0.0,     0.0,     0.0,     0.0,     7.0
smolera01, 2008,     1, TBL , NHL , L  ,  6.0,  0.0,   1.0,   1.0,  10.0, 1.0  ,  0.0,  0.0,  0.0,  0.0,  0.0,    ,  14.0,       ,      ,      ,        ,        ,        ,        ,        ,        ,        ,        ,      
smolera01, 2009,     1, CHI , NHL , L  ,  1.0,  0.0,   0.0,   0.0,   5.0, 0.0  ,  0.0,  0.0,  0.0,  0.0,  0.0,    ,   1.0,       ,      ,      ,        ,        ,        ,        ,        ,        ,        ,        ,      
smolibr01, 1992,     1, BOS , NHL , C  ,  9.0,  1.0,   3.0,   4.0,   0.0, 3.0  ,  0.0,  0.0,  0.0,  0.0,  0.0, 0.0,  10.0,    4.0,   1.0,   0.0,     1.0,     2.0, -1.0   ,     0.0,     0.0,     0.0,     0.0,     0.0,     3.0
smolibr01, 1993,     1, BOS , NHL , C  , 83.0, 31.0,  20.0,  51.0,  82.0, 4.0  ,  4.0,  4.0,  3.0,  1.0,  5.0, 0.0, 179.0,   13.0,   5.0,   4.0,     9.0,     4.0, -1.0   ,     2.0,     1.0,     0.0,     0.0,     0.0,    30.0
smolibr01, 1994,     1, BOS , NHL , L  , 44.0, 18.0,  13.0,  31.0,  31.0, -3.0 ,  6.0,  3.0,  0.0,  0.0,  5.0, 0.0, 121.0,    5.0,   0.0,   1.0,     1.0,     4.0, -2.0   ,     0.0,     1.0,     0.0,     0.0,     0.0,    12.0
smolibr01, 1995,     1, PIT , NHL , C  , 81.0, 24.0,  40.0,  64.0,  69.0, 6.0  ,  8.0, 10.0,  2.0,  0.0,  1.0, 0.0, 229.0,   18.0,   5.0,   4.0,     9.0,    10.0, -4.0   ,     0.0,     0.0,     0.0,     0.0,     1.0,    46.0
smolibr01, 1996,     1, NYI , NHL , L  , 64.0, 28.0,  28.0,  56.0,  25.0, 9.0  ,  9.0,  9.0,  0.0,  0.0,  1.0, 1.0, 183.0,       ,      ,      ,        ,        ,        ,        ,        ,        ,        ,        ,      
smolibr01, 1997,     1, NYI , NHL , C  , 81.0, 13.0,  30.0,  43.0,  34.0, -16.0,  3.0,  7.0,  0.0,  1.0,  4.0, 0.0, 203.0,       ,      ,      ,        ,        ,        ,        ,        ,        ,        ,        ,      
smolibr01, 1998,     1, NYI , NHL , C  , 82.0, 16.0,  24.0,  40.0,  49.0, -7.0 ,  7.0,  8.0,  0.0,  0.0,  3.0, 0.0, 223.0,       ,      ,      ,        ,        ,        ,        ,        ,        ,        ,        ,      
smolibr01, 1999,     1, LAK , NHL , C  , 79.0, 20.0,  36.0,  56.0,  48.0, 2.0  ,  2.0, 12.0,  0.0,  1.0,  0.0, 2.0, 160.0,    4.0,   0.0,   0.0,     0.0,     2.0, -1.0   ,     0.0,     0.0,     0.0,     0.0,     0.0,     7.0
smolibr01, 2000,     1, LAK , NHL , L  , 78.0, 27.0,  32.0,  59.0,  40.0, 10.0 ,  5.0, 16.0,  3.0,  1.0,  5.0, 0.0, 183.0,   13.0,   1.0,   5.0,     6.0,    14.0, -1.0   ,     0.0,     1.0,     0.0,     0.0,     0.0,    30.0
smolibr01, 2001,     1, LAK , NHL , C  , 80.0, 13.0,  25.0,  38.0,  56.0, 7.0  ,  4.0,  8.0,  1.0,  3.0,  0.0, 2.0, 187.0,    7.0,   2.0,   0.0,     2.0,     2.0, -1.0   ,     1.0,     0.0,     0.0,     0.0,     0.0,    13.0
smolibr01, 2002,     1, LAK , NHL , R  , 58.0, 18.0,  20.0,  38.0,  18.0, -1.0 ,  6.0,  6.0,  1.0,  0.0,  8.0, 0.0, 150.0,       ,      ,      ,        ,        ,        ,        ,        ,        ,        ,        ,      
smolibr01, 2002,     2, OTT , NHL , R  , 10.0,  3.0,   5.0,   8.0,   2.0, 1.0  ,  0.0,  2.0,  0.0,  0.0,  0.0, 0.0,  26.0,   18.0,   2.0,   7.0,     9.0,     6.0, 4.0    ,     0.0,     0.0,     0.0,     0.0,     0.0,    32.0
smolibr01, 2003,     1, OTT , NHL , C  , 80.0, 19.0,  27.0,  46.0,  49.0, 22.0 ,  4.0,  7.0,  0.0,  1.0,  3.0, 0.0, 182.0,    7.0,   1.0,   1.0,     2.0,     4.0, -2.0   ,     0.0,     0.0,     0.0,     0.0,     0.0,    10.0
smolibr01, 2005,     1, OTT , NHL , C  , 81.0, 17.0,  31.0,  48.0,  46.0, 8.0  ,  4.0, 12.0,  0.0,  0.0,  5.0,    , 178.0,   10.0,   3.0,   3.0,     6.0,     2.0, 3.0    ,     1.0,     0.0,     0.0,     0.0,     0.0,    23.0
smolibr01, 2006,     1, CHI , NHL , C  , 62.0, 14.0,  23.0,  37.0,  29.0, 10.0 ,  4.0,  6.0,  3.0,  1.0,  3.0,    , 122.0,       ,      ,      ,        ,        ,        ,        ,        ,        ,        ,        ,      
smolibr01, 2006,     2, VAN , NHL , C  , 20.0,  4.0,   3.0,   7.0,   8.0, -3.0 ,  2.0,  0.0,  1.0,  0.0,  0.0,    ,  41.0,   12.0,   2.0,   2.0,     4.0,     8.0, 2.0    ,     0.0,     0.0,     0.0,     0.0,     0.0,    16.0
smolibr01, 2007,     1, MTL , NHL , C  , 64.0,  8.0,  17.0,  25.0,  20.0, -6.0 ,  1.0,  6.0,  0.0,  0.0,  2.0,    ,  89.0,   12.0,   1.0,   2.0,     3.0,     2.0, 1.0    ,     0.0,     0.0,     0.0,     0.0,     0.0,    17.0
smrekpe01, 2000,     1, STL , NHL , D  ,  6.0,  2.0,   0.0,   2.0,   2.0, 1.0  ,  0.0,  0.0,  0.0,  0.0,  1.0, 0.0,   5.0,       ,      ,      ,        ,        ,        ,        ,        ,        ,        ,        ,      
smrekpe01, 2000,     2, NYR , NHL , D  , 14.0,  0.0,   3.0,   3.0,  12.0, 1.0  ,  0.0,  1.0,  0.0,  1.0,  0.0, 0.0,   9.0,       ,      ,      ,        ,        ,        ,        ,        ,        ,        ,        ,      
smrekpe01, 2001,     1, NYR , NHL , D  ,  8.0,  0.0,   1.0,   1.0,   4.0, -7.0 ,  0.0,  0.0,  0.0,  0.0,  0.0, 0.0,   2.0,       ,      ,      ,        ,        ,        ,        ,        ,        ,        ,        ,      
smrkejo01, 1977,     1, STL , NHL , L  , 18.0,  2.0,   4.0,   6.0,  11.0, -7.0 ,  0.0,     ,  0.0,     ,  0.0, 0.0,  20.0,       ,      ,      ,        ,        ,        ,        ,        ,        ,        ,        ,      
smrkejo01, 1978,     1, STL , NHL , L  , 55.0,  6.0,   8.0,  14.0,  20.0, -24.0,  0.0,     ,  1.0,     ,  0.0, 0.0,  72.0,       ,      ,      ,        ,        ,        ,        ,        ,        ,        ,        ,      
smrkejo01, 1979,     1, QUE , NHL , L  , 30.0,  3.0,   5.0,   8.0,   2.0, 3.0  ,  0.0,     ,  0.0,     ,  0.0, 0.0,  32.0,       ,      ,      ,        ,        ,        ,        ,        ,        ,        ,        ,      
smrkest01, 1956,     1, MTL , NHL , L  ,  4.0,  0.0,   0.0,   0.0,   0.0,      ,     ,     ,     ,     ,     ,    ,      ,       ,      ,      ,        ,        ,        ,        ,        ,        ,        ,        ,      
smrkest01, 1957,     1, MTL , NHL , L  ,  5.0,  0.0,   3.0,   3.0,   0.0,      ,     ,     ,     ,     ,     ,    ,      ,       ,      ,      ,        ,        ,        ,        ,        ,        ,        ,        ,      
smyliro01, 1920,     1, TRS , NHL , L  , 23.0,  2.0,   1.0,   3.0,   2.0,      ,     ,     ,     ,     ,     ,    ,      ,    2.0,   0.0,   0.0,     0.0,     0.0,        ,        ,        ,        ,        ,        ,      
smyliro01, 1921,     1, TRS , NHL , L  , 20.0,  0.0,   0.0,   0.0,   2.0,      ,     ,     ,     ,     ,     ,    ,      ,    1.0,   0.0,   0.0,     0.0,     2.0,        ,        ,        ,        ,        ,        ,      
smyliro01, 1922,     1, TRS , NHL , L  ,  2.0,  0.0,   0.0,   0.0,   0.0,      ,     ,     ,     ,     ,     ,    ,      ,       ,      ,      ,        ,        ,        ,        ,        ,        ,        ,        ,      
smyliro01, 1923,     1, OTS , NHL , L  , 13.0,  1.0,   1.0,   2.0,   8.0,      ,     ,     ,     ,     ,     ,    ,      ,       ,      ,      ,        ,        ,        ,        ,        ,        ,        ,        ,      
smyliro01, 1924,     1, TRS , NHL , L  , 11.0,  1.0,   0.0,   1.0,   0.0,      ,     ,     ,     ,     ,     ,    ,      ,    1.0,   0.0,   0.0,     0.0,     0.0,        ,        ,        ,        ,        ,        ,      
smyliro01, 1925,     1, TRS , NHL , L  ,  5.0,  0.0,   0.0,   0.0,   0.0,      ,     ,     ,     ,     ,     ,    ,      ,       ,      ,      ,        ,        ,        ,        ,        ,        ,        ,        ,      
smylst01 , 1978,     1, VAN , NHL , R  , 62.0, 14.0,  24.0,  38.0,  89.0, -6.0 ,  4.0,     ,  0.0,     ,  0.0, 1.0, 122.0,    2.0,   1.0,   1.0,     2.0,     0.0,        ,     0.0,        ,     0.0,        ,     0.0,      
smylst01 , 1979,     1, VAN , NHL , R  , 77.0, 31.0,  47.0,  78.0, 204.0, 28.0 , 11.0,     ,  0.0,     ,  3.0, 1.0, 182.0,    4.0,   0.0,   2.0,     2.0,    14.0,        ,     0.0,        ,     0.0,        ,     0.0,      
smylst01 , 1980,     1, VAN , NHL , R  , 80.0, 25.0,  38.0,  63.0, 171.0, -8.0 ,  6.0,     ,  1.0,     ,  2.0, 2.0, 209.0,    3.0,   1.0,   2.0,     3.0,     0.0,        ,     0.0,        ,     0.0,        ,     0.0,      
smylst01 , 1981,     1, VAN , NHL , R  , 80.0, 34.0,  44.0,  78.0, 144.0, 18.0 , 10.0,     ,  2.0,     ,  5.0, 1.0, 222.0,   17.0,   9.0,   9.0,    18.0,    25.0,        ,     1.0,        ,     0.0,        ,     1.0,      
smylst01 , 1982,     1, VAN , NHL , R  , 74.0, 38.0,  50.0,  88.0, 114.0, -6.0 , 15.0,     ,  1.0,     ,  2.0, 1.0, 215.0,    4.0,   3.0,   2.0,     5.0,    12.0,        ,     1.0,        ,     0.0,        ,     1.0,      
smylst01 , 1983,     1, VAN , NHL , R  , 80.0, 24.0,  43.0,  67.0, 136.0, -21.0,  8.0,     ,  0.0,     ,  4.0, 0.0, 205.0,    4.0,   2.0,   1.0,     3.0,     4.0, 1.0    ,     0.0,        ,     0.0,        ,     0.0,    13.0
smylst01 , 1984,     1, VAN , NHL , R  , 80.0, 27.0,  37.0,  64.0, 100.0, -18.0,  6.0,     ,  2.0,     ,  1.0, 0.0, 182.0,       ,      ,      ,        ,        ,        ,        ,        ,        ,        ,        ,      
smylst01 , 1985,     1, VAN , NHL , R  , 73.0, 27.0,  35.0,  62.0, 144.0, -20.0,  3.0,     ,  4.0,     ,  1.0, 0.0, 165.0,       ,      ,      ,        ,        ,        ,        ,        ,        ,        ,        ,      
smylst01 , 1986,     1, VAN , NHL , R  , 66.0, 20.0,  23.0,  43.0,  84.0, -20.0,  5.0,     ,  2.0,     ,  2.0, 0.0, 113.0,       ,      ,      ,        ,        ,        ,        ,        ,        ,        ,        ,      
smylst01 , 1987,     1, VAN , NHL , R  , 57.0, 12.0,  25.0,  37.0, 110.0, -5.0 ,  5.0,  5.0,  1.0,  0.0,  0.0, 0.0,  96.0,       ,      ,      ,        ,        ,        ,        ,        ,        ,        ,        ,      
smylst01 , 1988,     1, VAN , NHL , R  , 75.0,  7.0,  18.0,  25.0, 102.0, 0.0  ,  1.0,  1.0,  0.0,  0.0,  0.0, 0.0,  89.0,    7.0,   0.0,   0.0,     0.0,     9.0, -1.0   ,     0.0,     0.0,     0.0,     0.0,     0.0,     4.0
smylst01 , 1989,     1, VAN , NHL , R  , 47.0,  1.0,  15.0,  16.0,  71.0, -14.0,  0.0,  2.0,  0.0,  0.0,  0.0, 0.0,  58.0,       ,      ,      ,        ,        ,        ,        ,        ,        ,        ,        ,      
smylst01 , 1990,     1, VAN , NHL , R  , 45.0,  2.0,  12.0,  14.0,  87.0, -5.0 ,  0.0,  1.0,  0.0,  0.0,  0.0, 0.0,  45.0,       ,      ,      ,        ,        ,        ,        ,        ,        ,        ,        ,      
smythbr01, 1995,     1, FLO , NHL , R  ,  7.0,  1.0,   1.0,   2.0,   4.0, -3.0 ,  1.0,  1.0,  0.0,  0.0,  0.0, 0.0,  12.0,       ,      ,      ,        ,        ,        ,        ,        ,        ,        ,        ,      
smythbr01, 1996,     1, FLO , NHL , R  ,  8.0,  1.0,   0.0,   1.0,   2.0, -3.0 ,  0.0,  0.0,  0.0,  0.0,  0.0, 0.0,  10.0,       ,      ,      ,        ,        ,        ,        ,        ,        ,        ,        ,      
smythbr01, 1996,     2, LAK , NHL , R  , 44.0,  8.0,   8.0,  16.0,  74.0, -7.0 ,  0.0,  2.0,  0.0,  0.0,  1.0, 1.0,  74.0,       ,      ,      ,        ,        ,        ,        ,        ,        ,        ,        ,      
smythbr01, 1997,     1, LAK , NHL , R  ,  9.0,  1.0,   3.0,   4.0,   4.0, -1.0 ,  0.0,  2.0,  0.0,  0.0,  0.0, 0.0,  12.0,       ,      ,      ,        ,        ,        ,        ,        ,        ,        ,        ,      
smythbr01, 1997,     2, NYR , NHL , R  ,  1.0,  0.0,   0.0,   0.0,   0.0, 0.0  ,  0.0,  0.0,  0.0,  0.0,  0.0, 0.0,   1.0,       ,      ,      ,        ,        ,        ,        ,        ,        ,        ,        ,      
smythbr01, 1998,     1, NAS , NHL , R  ,  3.0,  0.0,   0.0,   0.0,   6.0, -1.0 ,  0.0,  0.0,  0.0,  0.0,  0.0, 0.0,   5.0,       ,      ,      ,        ,        ,        ,        ,        ,        ,        ,        ,      
smythbr01, 2000,     1, NYR , NHL , R  ,  4.0,  1.0,   0.0,   1.0,   4.0, 0.0  ,  0.0,  0.0,  0.0,  0.0,  0.0, 0.0,  10.0,       ,      ,      ,        ,        ,        ,        ,        ,        ,        ,        ,      
smythbr01, 2002,     1, OTT , NHL , R  , 12.0,  3.0,   1.0,   4.0,  15.0, -2.0 ,  2.0,  1.0,  0.0,  0.0,  0.0, 0.0,  16.0,       ,      ,      ,        ,        ,        ,        ,        ,        ,        ,        ,      
smythgr01, 1986,     1, PHI , NHL , D  ,  1.0,  0.0,   0.0,   0.0,   0.0, -2.0 ,  0.0,     ,  0.0,     ,  0.0, 0.0,   1.0,    1.0,   0.0,   0.0,     0.0,     2.0, 0.0    ,     0.0,        ,     0.0,        ,     0.0,     0.0
smythgr01, 1987,     1, PHI , NHL , D  , 48.0,  1.0,   6.0,   7.0, 192.0, -2.0 ,  0.0,  0.0,  0.0,  0.0,  0.0, 0.0,  29.0,    5.0,   0.0,   0.0,     0.0,    38.0, 1.0    ,     0.0,     0.0,     0.0,     0.0,     0.0,     1.0
smythgr01, 1988,     1, QUE , NHL , D  , 10.0,  0.0,   1.0,   1.0,  70.0, -9.0 ,  0.0,  0.0,  0.0,  0.0,  0.0, 0.0,   3.0,       ,      ,      ,        ,        ,        ,        ,        ,        ,        ,        ,      
smythgr01, 1989,     1, QUE , NHL , D  , 13.0,  0.0,   0.0,   0.0,  57.0, -8.0 ,  0.0,  0.0,  0.0,  0.0,  0.0, 0.0,   4.0,       ,      ,      ,        ,        ,        ,        ,        ,        ,        ,        ,      
smythgr01, 1990,     1, QUE , NHL , D  ,  1.0,  0.0,   0.0,   0.0,   0.0, 0.0  ,  0.0,  0.0,  0.0,  0.0,  0.0, 0.0,   0.0,       ,      ,      ,        ,        ,        ,        ,        ,        ,        ,        ,      
smythgr01, 1991,     1, QUE , NHL , D  , 29.0,  0.0,   2.0,   2.0, 138.0, -10.0,  0.0,  1.0,  0.0,  0.0,  0.0, 0.0,  24.0,       ,      ,      ,        ,        ,        ,        ,        ,        ,        ,        ,      
smythgr01, 1991,     2, CAL , NHL , D  ,  7.0,  1.0,   1.0,   2.0,  15.0, 7.0  ,  0.0,  0.0,  0.0,  0.0,  0.0, 0.0,  10.0,       ,      ,      ,        ,        ,        ,        ,        ,        ,        ,        ,      
smythgr01, 1992,     1, CAL , NHL , D  , 35.0,  1.0,   2.0,   3.0,  95.0, 2.0  ,  1.0,  0.0,  0.0,  0.0,  0.0, 0.0,  14.0,       ,      ,      ,        ,        ,        ,        ,        ,        ,        ,        ,      
smythgr01, 1993,     1, FLO , NHL , D  , 12.0,  1.0,   0.0,   1.0,  37.0, 0.0  ,  0.0,  0.0,  0.0,  0.0,  0.0, 0.0,   4.0,       ,      ,      ,        ,        ,        ,        ,        ,        ,        ,        ,      
smythgr01, 1993,     2, TOR , NHL , D  , 11.0,  0.0,   1.0,   1.0,  38.0, -2.0 ,  0.0,  0.0,  0.0,  0.0,  0.0, 0.0,   3.0,       ,      ,      ,        ,        ,        ,        ,        ,        ,        ,        ,      
smythgr01, 1993,     3, CHI , NHL , D  , 38.0,  0.0,   0.0,   0.0, 108.0, -2.0 ,  0.0,  0.0,  0.0,  0.0,  0.0, 0.0,  29.0,    6.0,   0.0,   0.0,     0.0,     0.0, -2.0   ,     0.0,     0.0,     0.0,     0.0,     0.0,     2.0
smythgr01, 1994,     1, CHI , NHL , D  , 22.0,  0.0,   3.0,   3.0,  33.0, 2.0  ,  0.0,  0.0,  0.0,  0.0,  0.0, 0.0,  10.0,       ,      ,      ,        ,        ,        ,        ,        ,        ,        ,        ,      
smythgr01, 1996,     1, TOR , NHL , D  ,  2.0,  0.0,   0.0,   0.0,   0.0, 0.0  ,  0.0,  0.0,  0.0,  0.0,  0.0, 0.0,   1.0,       ,      ,      ,        ,        ,        ,        ,        ,        ,        ,        ,      
smythke01, 1993,     1, HAR , NHL , L  , 21.0,  3.0,   2.0,   5.0,  10.0, -1.0 ,  0.0,  0.0,  0.0,  0.0,  0.0, 0.0,   8.0,       ,      ,      ,        ,        ,        ,        ,        ,        ,        ,        ,      
smythke01, 1994,     1, HAR , NHL , L  , 16.0,  1.0,   5.0,   6.0,  13.0, -3.0 ,  0.0,  1.0,  0.0,  0.0,  0.0, 0.0,  20.0,       ,      ,      ,        ,        ,        ,        ,        ,        ,        ,        ,      
smythke01, 1995,     1, HAR , NHL , L  , 21.0,  2.0,   1.0,   3.0,   8.0, -5.0 ,  1.0,  0.0,  0.0,  0.0,  0.0, 0.0,  27.0,       ,      ,      ,        ,        ,        ,        ,        ,        ,        ,        ,      
smythry01, 1994,     1, EDM , NHL , L  ,  3.0,  0.0,   0.0,   0.0,   0.0, -1.0 ,  0.0,  0.0,  0.0,  0.0,  0.0, 0.0,   2.0,       ,      ,      ,        ,        ,        ,        ,        ,        ,        ,        ,      
smythry01, 1995,     1, EDM , NHL , L  , 48.0,  2.0,   9.0,  11.0,  28.0, -10.0,  1.0,  0.0,  0.0,  0.0,  0.0, 0.0,  65.0,       ,      ,      ,        ,        ,        ,        ,        ,        ,        ,        ,      
smythry01, 1996,     1, EDM , NHL , L  , 82.0, 39.0,  22.0,  61.0,  76.0, -7.0 , 20.0,  4.0,  0.0,  0.0,  4.0, 0.0, 265.0,   12.0,   5.0,   5.0,    10.0,    12.0, -4.0   ,     1.0,     3.0,     0.0,     0.0,     2.0,    48.0
smythry01, 1997,     1, EDM , NHL , L  , 65.0, 20.0,  13.0,  33.0,  44.0, -24.0, 10.0,  7.0,  0.0,  0.0,  2.0, 2.0, 205.0,   12.0,   1.0,   3.0,     4.0,    16.0, -2.0   ,     1.0,     1.0,     0.0,     0.0,     0.0,    24.0
smythry01, 1998,     1, EDM , NHL , L  , 71.0, 13.0,  18.0,  31.0,  62.0, 0.0  ,  6.0,  6.0,  0.0,  0.0,  2.0, 2.0, 161.0,    3.0,   3.0,   0.0,     3.0,     0.0, -1.0   ,     2.0,     0.0,     0.0,     0.0,     0.0,     7.0
smythry01, 1999,     1, EDM , NHL , L  , 82.0, 28.0,  26.0,  54.0,  58.0, -2.0 , 11.0,  4.0,  0.0,  1.0,  4.0, 1.0, 238.0,    5.0,   1.0,   0.0,     1.0,     6.0, -2.0   ,     0.0,     0.0,     1.0,     0.0,     0.0,    13.0
smythry01, 2000,     1, EDM , NHL , R  , 82.0, 31.0,  39.0,  70.0,  58.0, 10.0 , 11.0, 14.0,  0.0,  2.0,  6.0, 1.0, 245.0,    6.0,   3.0,   4.0,     7.0,     4.0, 0.0    ,     0.0,     1.0,     0.0,     0.0,     0.0,    22.0
smythry01, 2001,     1, EDM , NHL , L  , 61.0, 15.0,  35.0,  50.0,  48.0, 7.0  ,  7.0,  9.0,  1.0,  0.0,  5.0, 1.0, 150.0,       ,      ,      ,        ,        ,        ,        ,        ,        ,        ,        ,      
smythry01, 2002,     1, EDM , NHL , L  , 66.0, 27.0,  34.0,  61.0,  67.0, 5.0  , 10.0,  8.0,  0.0,  0.0,  3.0, 1.0, 199.0,    6.0,   2.0,   0.0,     2.0,    16.0, -1.0   ,     0.0,     0.0,     1.0,     0.0,     0.0,    12.0
smythry01, 2003,     1, EDM , NHL , L  , 82.0, 23.0,  36.0,  59.0,  70.0, 11.0 ,  8.0, 10.0,  2.0,  1.0,  6.0, 0.0, 245.0,       ,      ,      ,        ,        ,        ,        ,        ,        ,        ,        ,      
smythry01, 2005,     1, EDM , NHL , L  , 75.0, 36.0,  30.0,  66.0,  58.0, -5.0 , 19.0, 12.0,  2.0,  2.0,  3.0,    , 230.0,   24.0,   7.0,   9.0,    16.0,    22.0, -2.0   ,     4.0,     3.0,     0.0,     1.0,     1.0,    60.0
smythry01, 2006,     1, EDM , NHL , L  , 53.0, 31.0,  22.0,  53.0,  38.0, 2.0  , 14.0,  4.0,  1.0,  0.0,  5.0,    , 161.0,       ,      ,      ,        ,        ,        ,        ,        ,        ,        ,        ,      
smythry01, 2006,     2, NYI , NHL , L  , 18.0,  5.0,  10.0,  15.0,  14.0, 0.0  ,  1.0,  3.0,  0.0,  1.0,  0.0,    ,  49.0,    5.0,   1.0,   3.0,     4.0,     4.0, 1.0    ,     0.0,     1.0,     0.0,     0.0,     0.0,     9.0
smythry01, 2007,     1, COL , NHL , L  , 55.0, 14.0,  23.0,  37.0,  50.0, -4.0 ,  2.0,  6.0,  0.0,  0.0,  3.0,    , 168.0,    8.0,   2.0,   3.0,     5.0,     2.0, -1.0   ,     1.0,     1.0,     0.0,     0.0,     1.0,    22.0
smythry01, 2008,     1, COL , NHL , L  , 77.0, 26.0,  33.0,  59.0,  62.0, -15.0, 10.0, 10.0,  1.0,  0.0,  3.0,    , 257.0,       ,      ,      ,        ,        ,        ,        ,        ,        ,        ,        ,      
smythry01, 2009,     1, LAK , NHL , L  , 67.0, 22.0,  31.0,  53.0,  42.0, 8.0  , 11.0, 13.0,  0.0,  0.0,  3.0,    , 206.0,    6.0,   1.0,   1.0,     2.0,     6.0, 0.0    ,     0.0,     0.0,     0.0,     0.0,     0.0,    11.0
sneddbo01, 1970,     1, CLF , NHL , G  ,  5.0,  0.0,   0.0,   0.0,   0.0, 0.0  ,  0.0,     ,  0.0,     ,  0.0, 0.0,   0.0,       ,      ,      ,        ,        ,        ,        ,        ,        ,        ,        ,      
snellch01, 1993,     1, TOR , NHL , D  ,  2.0,  0.0,   0.0,   0.0,   2.0, -1.0 ,  0.0,  0.0,  0.0,  0.0,  0.0, 0.0,   4.0,       ,      ,      ,        ,        ,        ,        ,        ,        ,        ,        ,      
snellch01, 1994,     1, LAK , NHL , D  , 32.0,  2.0,   7.0,   9.0,  22.0, -7.0 ,  0.0,  3.0,  2.0,  0.0,  0.0, 0.0,  45.0,       ,      ,      ,        ,        ,        ,        ,        ,        ,        ,        ,      
snellro01, 1968,     1, PIT , NHL , R  ,  4.0,  3.0,   1.0,   4.0,   6.0, 4.0  ,  2.0,     ,  0.0,     ,  1.0, 0.0,   9.0,       ,      ,      ,        ,        ,        ,        ,        ,        ,        ,        ,      
snellro01, 1969,     1, PIT , NHL , R  ,  3.0,  0.0,   1.0,   1.0,   0.0, -2.0 ,  0.0,     ,  0.0,     ,  0.0, 0.0,   3.0,       ,      ,      ,        ,        ,        ,        ,        ,        ,        ,        ,      
snellro01, 1973,     1, WIJ , WHA , R  , 70.0, 24.0,  25.0,  49.0,  32.0,      ,  5.0,     ,  0.0,     ,  4.0,    ,      ,    4.0,   0.0,   0.0,     0.0,     0.0,        ,        ,        ,        ,        ,     0.0,      
snellro01, 1974,     1, WIJ , WHA , R  , 20.0,  0.0,   0.0,   0.0,   8.0, -10.0,  0.0,     ,  0.0,     ,  0.0,    ,  15.0,       ,      ,      ,        ,        ,        ,        ,        ,        ,        ,        ,      
snellte01, 1973,     1, PIT , NHL , R  , 55.0,  4.0,  12.0,  16.0,   8.0, -22.0,  0.0,     ,  0.0,     ,  0.0, 0.0,  64.0,       ,      ,      ,        ,        ,        ,        ,        ,        ,        ,        ,      
snellte01, 1974,     1, KCS , NHL , R  , 29.0,  3.0,   2.0,   5.0,   8.0, -8.0 ,  0.0,     ,  1.0,     ,  0.0, 0.0,  25.0,       ,      ,      ,        ,        ,        ,        ,        ,        ,        ,        ,      
snellte01, 1974,     2, DET , NHL , R  , 20.0,  0.0,   4.0,   4.0,   6.0, -10.0,  0.0,     ,  0.0,     ,  0.0, 0.0,  12.0,       ,      ,      ,        ,        ,        ,        ,        ,        ,        ,        ,      
snepsha01, 1974,     1, VAN , NHL , D  , 27.0,  1.0,   2.0,   3.0,  30.0, 0.0  ,  0.0,     ,  1.0,     ,  0.0, 0.0,  18.0,       ,      ,      ,        ,        ,        ,        ,        ,        ,        ,        ,      
snepsha01, 1975,     1, VAN , NHL , D  , 78.0,  3.0,  15.0,  18.0, 125.0, 10.0 ,  0.0,     ,  0.0,     ,  1.0, 1.0,  74.0,    2.0,   0.0,   0.0,     0.0,     4.0,        ,     0.0,        ,     0.0,        ,     0.0,      
snepsha01, 1976,     1, VAN , NHL , D  , 79.0,  4.0,  18.0,  22.0, 149.0, -5.0 ,  0.0,     ,  0.0,     ,  1.0, 0.0, 101.0,       ,      ,      ,        ,        ,        ,        ,        ,        ,        ,        ,      
snepsha01, 1977,     1, VAN , NHL , D  , 75.0,  4.0,  16.0,  20.0, 118.0, -16.0,  0.0,     ,  0.0,     ,  0.0, 0.0,  95.0,       ,      ,      ,        ,        ,        ,        ,        ,        ,        ,        ,      
snepsha01, 1978,     1, VAN , NHL , D  , 76.0,  7.0,  24.0,  31.0, 130.0, -27.0,  4.0,     ,  0.0,     ,  0.0, 0.0, 115.0,    3.0,   0.0,   0.0,     0.0,     0.0,        ,     0.0,        ,     0.0,        ,     0.0,      
snepsha01, 1979,     1, VAN , NHL , D  , 79.0,  3.0,  20.0,  23.0, 202.0, 7.0  ,  0.0,     ,  0.0,     ,  0.0, 1.0, 103.0,    4.0,   0.0,   2.0,     2.0,     8.0,        ,     0.0,        ,     0.0,        ,     0.0,      
snepsha01, 1980,     1, VAN , NHL , D  , 76.0,  3.0,  16.0,  19.0, 212.0, 3.0  ,  0.0,     ,  0.0,     ,  1.0, 0.0,  77.0,    3.0,   0.0,   0.0,     0.0,     8.0,        ,     0.0,        ,     0.0,        ,     0.0,      
snepsha01, 1981,     1, VAN , NHL , D  , 68.0,  3.0,  14.0,  17.0, 153.0, 22.0 ,  0.0,     ,  0.0,     ,  0.0, 0.0,  69.0,   17.0,   0.0,   4.0,     4.0,    50.0,        ,     0.0,        ,     0.0,        ,     0.0,      
snepsha01, 1982,     1, VAN , NHL , D  , 46.0,  2.0,   8.0,  10.0,  80.0, -17.0,  0.0,     ,  1.0,     ,  1.0, 0.0,  40.0,    4.0,   1.0,   1.0,     2.0,     8.0,        ,     0.0,        ,     0.0,        ,     0.0,      
snepsha01, 1983,     1, VAN , NHL , D  , 79.0,  4.0,  16.0,  20.0, 152.0, -19.0,  0.0,     ,  0.0,     ,  0.0, 0.0,  77.0,    4.0,   0.0,   1.0,     1.0,    15.0, 1.0    ,     0.0,        ,     0.0,        ,     0.0,     8.0
snepsha01, 1984,     1, MNS , NHL , D  , 71.0,  0.0,   7.0,   7.0, 232.0, -19.0,  0.0,     ,  0.0,     ,  0.0, 0.0,  50.0,    9.0,   0.0,   0.0,     0.0,    24.0, -4.0   ,     0.0,        ,     0.0,        ,     0.0,     4.0
snepsha01, 1985,     1, DET , NHL , D  , 35.0,  0.0,   6.0,   6.0,  75.0, -7.0 ,  0.0,     ,  0.0,     ,  0.0, 0.0,  12.0,       ,      ,      ,        ,        ,        ,        ,        ,        ,        ,        ,      
snepsha01, 1986,     1, DET , NHL , D  , 54.0,  1.0,  13.0,  14.0, 129.0, 7.0  ,  0.0,     ,  0.0,     ,  0.0, 0.0,  38.0,   11.0,   0.0,   2.0,     2.0,    18.0, 3.0    ,     0.0,        ,     0.0,        ,     0.0,     9.0
snepsha01, 1987,     1, DET , NHL , D  , 31.0,  1.0,   4.0,   5.0,  67.0, 3.0  ,  0.0,  0.0,  0.0,  0.0,  0.0, 0.0,  20.0,   10.0,   0.0,   0.0,     0.0,    40.0, -1.0   ,     0.0,     0.0,     0.0,     0.0,     0.0,     6.0
snepsha01, 1988,     1, VAN , NHL , D  , 59.0,  0.0,   8.0,   8.0,  69.0, -3.0 ,  0.0,  0.0,  0.0,  2.0,  0.0, 0.0,  27.0,    7.0,   0.0,   1.0,     1.0,     6.0, -2.0   ,     0.0,     0.0,     0.0,     1.0,     0.0,     7.0
snepsha01, 1989,     1, VAN , NHL , D  , 39.0,  1.0,   3.0,   4.0,  26.0, 3.0  ,  1.0,  0.0,  0.0,  0.0,  1.0, 0.0,  13.0,       ,      ,      ,        ,        ,        ,        ,        ,        ,        ,        ,      
snepsha01, 1989,     2, STL , NHL , D  ,  7.0,  0.0,   1.0,   1.0,  10.0, -4.0 ,  0.0,  0.0,  0.0,  0.0,  0.0, 0.0,   2.0,   11.0,   0.0,   3.0,     3.0,    38.0, -4.0   ,     0.0,     0.0,     0.0,     0.0,     0.0,     8.0
snepsha01, 1990,     1, STL , NHL , D  , 54.0,  1.0,   4.0,   5.0,  50.0, 3.0  ,  0.0,  0.0,  0.0,  1.0,  1.0, 0.0,  33.0,    8.0,   0.0,   0.0,     0.0,    12.0, -1.0   ,     0.0,     0.0,     0.0,     0.0,     0.0,     3.0
snowga01 , 1993,     1, QUE , NHL , G  ,  5.0,  0.0,   0.0,   0.0,   2.0, 0.0  ,  0.0,  0.0,  0.0,  0.0,  0.0, 0.0,   0.0,       ,      ,      ,        ,        ,        ,        ,        ,        ,        ,        ,      
snowga01 , 1994,     1, QUE , NHL , G  ,  2.0,  0.0,   0.0,   0.0,   0.0, 0.0  ,  0.0,  0.0,  0.0,  0.0,  0.0, 0.0,   0.0,    1.0,   0.0,   0.0,     0.0,     0.0, 0.0    ,     0.0,     0.0,     0.0,     0.0,     0.0,     0.0
snowga01 , 1995,     1, PHI , NHL , G  , 26.0,  0.0,   0.0,   0.0,  18.0, 0.0  ,  0.0,  0.0,  0.0,  0.0,  0.0, 0.0,   0.0,    1.0,   0.0,   0.0,     0.0,     0.0, 0.0    ,     0.0,     0.0,     0.0,     0.0,     0.0,     0.0
snowga01 , 1996,     1, PHI , NHL , G  , 35.0,  0.0,   1.0,   1.0,  30.0, 0.0  ,  0.0,  0.0,  0.0,  0.0,  0.0, 0.0,   0.0,   12.0,   0.0,   2.0,     2.0,    11.0, 0.0    ,     0.0,        ,     0.0,        ,     0.0,     0.0
snowga01 , 1997,     1, PHI , NHL , G  , 29.0,  0.0,   0.0,   0.0,  18.0, 0.0  ,  0.0,  0.0,  0.0,  0.0,  0.0, 0.0,   0.0,       ,      ,      ,        ,        ,        ,        ,        ,        ,        ,        ,      
snowga01 , 1997,     2, VAN , NHL , G  , 12.0,  0.0,   0.0,   0.0,   4.0, 0.0  ,  0.0,  0.0,  0.0,  0.0,  0.0, 0.0,   0.0,       ,      ,      ,        ,        ,        ,        ,        ,        ,        ,        ,      
snowga01 , 1998,     1, VAN , NHL , G  , 65.0,  0.0,   1.0,   1.0,  34.0, 0.0  ,  0.0,  0.0,  0.0,  0.0,  0.0, 0.0,   0.0,       ,      ,      ,        ,        ,        ,        ,        ,        ,        ,        ,      
snowga01 , 1999,     1, VAN , NHL , G  , 32.0,  0.0,   2.0,   2.0,   8.0, 0.0  ,  0.0,  0.0,  0.0,  1.0,  0.0, 0.0,   0.0,       ,      ,      ,        ,        ,        ,        ,        ,        ,        ,        ,      
snowga01 , 2000,     1, PIT , NHL , G  , 35.0,  0.0,   0.0,   0.0,   8.0, 0.0  ,  0.0,  0.0,  0.0,  0.0,  0.0, 0.0,   0.0,       ,      ,      ,        ,        ,        ,        ,        ,        ,        ,        ,      
snowga01 , 2001,     1, NYI , NHL , G  , 25.0,  0.0,   0.0,   0.0,  14.0, 0.0  ,  0.0,  0.0,  0.0,  0.0,  0.0, 0.0,   0.0,    1.0,   0.0,   0.0,     0.0,     0.0, 0.0    ,     0.0,     0.0,     0.0,     0.0,     0.0,     0.0
snowga01 , 2002,     1, NYI , NHL , G  , 43.0,  0.0,   0.0,   0.0,  24.0, 0.0  ,  0.0,  0.0,  0.0,  0.0,  0.0, 0.0,   0.0,    5.0,   0.0,   0.0,     0.0,     0.0, 0.0    ,     0.0,     0.0,     0.0,     0.0,     0.0,     0.0
snowga01 , 2003,     1, NYI , NHL , G  , 39.0,  0.0,   1.0,   1.0,  28.0, 0.0  ,  0.0,  0.0,  0.0,  1.0,  0.0, 0.0,   0.0,       ,      ,      ,        ,        ,        ,        ,        ,        ,        ,        ,      
snowga01 , 2005,     1, NYI , NHL , G  , 20.0,  0.0,   0.0,   0.0,   2.0, 0.0  ,  0.0,  0.0,  0.0,  0.0,  0.0,    ,   0.0,       ,      ,      ,        ,        ,        ,        ,        ,        ,        ,        ,      
snowsa01 , 1968,     1, DET , NHL , R  ,  3.0,  0.0,   0.0,   0.0,   2.0, 0.0  ,  0.0,     ,  0.0,     ,  0.0, 0.0,   1.0,       ,      ,      ,        ,        ,        ,        ,        ,        ,        ,        ,      
snuggda01, 1989,     1, BUF , NHL , R  , 80.0, 14.0,  16.0,  30.0,  41.0, 8.0  ,  1.0,  1.0,  2.0,  1.0,  2.0, 0.0, 120.0,    6.0,   0.0,   0.0,     0.0,     2.0, -6.0   ,     0.0,     0.0,     0.0,     0.0,     0.0,     7.0
snuggda01, 1990,     1, BUF , NHL , C  , 80.0,  9.0,  15.0,  24.0,  32.0, -13.0,  0.0,  2.0,  4.0,  2.0,  2.0, 0.0, 128.0,    6.0,   1.0,   3.0,     4.0,     4.0, 2.0    ,     0.0,     0.0,     1.0,     1.0,     0.0,    10.0
snuggda01, 1991,     1, BUF , NHL , L  , 55.0,  3.0,  15.0,  18.0,  36.0, -3.0 ,  0.0,  1.0,  0.0,  3.0,  0.0, 0.0,  75.0,       ,      ,      ,        ,        ,        ,        ,        ,        ,        ,        ,      
snuggda01, 1991,     2, SJS , NHL , L  , 11.0,  0.0,   1.0,   1.0,   4.0, -12.0,  0.0,  0.0,  0.0,  0.0,  0.0, 0.0,  19.0,       ,      ,      ,        ,        ,        ,        ,        ,        ,        ,        ,      
snuggda01, 1992,     1, SJS , NHL , R  , 25.0,  4.0,   5.0,   9.0,  14.0, -3.0 ,  0.0,  0.0,  1.0,  0.0,  1.0, 0.0,  51.0,       ,      ,      ,        ,        ,        ,        ,        ,        ,        ,        ,      
snuggda01, 1992,     2, PHI , NHL , R  , 14.0,  0.0,   2.0,   2.0,   0.0, 0.0  ,  0.0,  0.0,  0.0,  0.0,  0.0, 0.0,  10.0,       ,      ,      ,        ,        ,        ,        ,        ,        ,        ,        ,      
snydeda01, 2000,     1, ATL , NHL , C  ,  2.0,  0.0,   0.0,   0.0,   0.0, 0.0  ,  0.0,  0.0,  0.0,  0.0,  0.0, 0.0,   2.0,       ,      ,      ,        ,        ,        ,        ,        ,        ,        ,        ,      
snydeda01, 2001,     1, ATL , NHL , C  , 11.0,  1.0,   1.0,   2.0,  30.0, -3.0 ,  0.0,  0.0,  0.0,  0.0,  0.0, 0.0,   7.0,       ,      ,      ,        ,        ,        ,        ,        ,        ,        ,        ,      
snydeda01, 2002,     1, ATL , NHL , C  , 36.0, 10.0,   4.0,  14.0,  34.0, -4.0 ,  0.0,  1.0,  1.0,  0.0,  1.0, 1.0,  41.0,       ,      ,      ,        ,        ,        ,        ,        ,        ,        ,        ,      
sobchde01, 1974,     1, PHR , WHA , C  , 78.0, 32.0,  45.0,  77.0,  36.0, 35.0 ,  4.0,     ,  0.0,     ,     ,    , 242.0,    5.0,   4.0,   1.0,     5.0,     2.0,        ,        ,        ,        ,        ,     0.0,      
sobchde01, 1975,     1, CIN , WHA , C  , 79.0, 32.0,  40.0,  72.0,  74.0, 5.0  ,  5.0,     ,  2.0,     ,  1.0,    , 254.0,       ,      ,      ,        ,        ,        ,        ,        ,        ,        ,        ,      
sobchde01, 1976,     1, CIN , WHA , C  , 81.0, 44.0,  52.0,  96.0,  38.0, 14.0 ,  6.0,     ,  5.0,     ,  2.0,    , 312.0,    3.0,   0.0,   1.0,     1.0,     2.0, -1.0   ,     0.0,        ,     0.0,        ,     0.0,      
sobchde01, 1977,     1, CIN , WHA , C  , 23.0,  5.0,   9.0,  14.0,  22.0, -11.0,  1.0,     ,  1.0,     ,     ,    ,  62.0,       ,      ,      ,        ,        ,        ,        ,        ,        ,        ,        ,      
sobchde01, 1977,     2, EDO , WHA , C  , 13.0,  6.0,   3.0,   9.0,   4.0, -4.0 ,  1.0,     ,  0.0,     ,     ,    ,  30.0,    5.0,   1.0,   0.0,     1.0,     4.0, -2.0   ,        ,        ,        ,        ,     0.0,      
sobchde01, 1978,     1, EDO , WHA , C  , 74.0, 26.0,  37.0,  63.0,  31.0, 24.0 ,  6.0,     ,  1.0,     ,     ,    , 183.0,   12.0,   6.0,   6.0,    12.0,     4.0, -4.0   ,        ,        ,        ,        ,     1.0,      
sobchde01, 1979,     1, DET , NHL , C  , 33.0,  4.0,   6.0,  10.0,   0.0, -11.0,  0.0,     ,  0.0,     ,  0.0, 0.0,  47.0,       ,      ,      ,        ,        ,        ,        ,        ,        ,        ,        ,      
sobchde01, 1982,     1, QUE , NHL , C  ,  2.0,  1.0,   0.0,   1.0,   2.0, 1.0  ,  0.0,     ,  0.0,     ,  0.0, 0.0,   2.0,       ,      ,      ,        ,        ,        ,        ,        ,        ,        ,        ,      
sobchge01, 1973,     1, VAN , NHL , L  ,  1.0,  0.0,   0.0,   0.0,   0.0, 0.0  ,  0.0,     ,  0.0,     ,  0.0, 0.0,   0.0,       ,      ,      ,        ,        ,        ,        ,        ,        ,        ,        ,      
sobchge01, 1974,     1, PHR , WHA , L  ,  3.0,  1.0,   0.0,   1.0,   0.0,      ,  1.0,     ,  0.0,     ,     ,    ,   9.0,    5.0,   0.0,   0.0,     0.0,     0.0,        ,     0.0,        ,     0.0,        ,     0.0,      
sobchge01, 1975,     1, CIN , WHA , L  , 78.0, 23.0,  18.0,  41.0,  37.0, -6.0 ,  4.0,     ,  0.0,     ,  3.0,    , 184.0,       ,      ,      ,        ,        ,        ,        ,        ,        ,        ,        ,      
sobotvl01, 2007,     1, BOS , NHL , C  , 48.0,  1.0,   6.0,   7.0,  24.0, 1.0  ,  0.0,  0.0,  0.0,  0.0,  1.0,    ,  40.0,    6.0,   2.0,   0.0,     2.0,     0.0, 0.0    ,     0.0,     0.0,     0.0,     0.0,     0.0,     5.0
sobotvl01, 2008,     1, BOS , NHL , C  , 25.0,  1.0,   4.0,   5.0,  10.0, -10.0,  0.0,  0.0,  0.0,  0.0,  0.0,    ,  19.0,       ,      ,      ,        ,        ,        ,        ,        ,        ,        ,        ,      
sobotvl01, 2009,     1, BOS , NHL , C  , 61.0,  4.0,   6.0,  10.0,  30.0, -7.0 ,  0.0,  0.0,  0.0,  0.0,  0.0,    ,  67.0,   13.0,   0.0,   2.0,     2.0,    15.0, -10.0  ,     0.0,     0.0,     0.0,     0.0,     0.0,    13.0
soderto01, 1992,     1, PHI , NHL , G  , 44.0,  0.0,   2.0,   2.0,   4.0, 0.0  ,  0.0,  0.0,  0.0,  1.0,  0.0, 0.0,   0.0,       ,      ,      ,        ,        ,        ,        ,        ,        ,        ,        ,      
soderto01, 1993,     1, PHI , NHL , G  , 34.0,  0.0,   0.0,   0.0,   0.0, 0.0  ,  0.0,  0.0,  0.0,  0.0,  0.0, 0.0,   0.0,       ,      ,      ,        ,        ,        ,        ,        ,        ,        ,        ,      
soderto01, 1994,     1, NYI , NHL , G  , 26.0,  0.0,   0.0,   0.0,   2.0, 0.0  ,  0.0,  0.0,  0.0,  0.0,  0.0, 0.0,   0.0,       ,      ,      ,        ,        ,        ,        ,        ,        ,        ,        ,      
soderto01, 1995,     1, NYI , NHL , G  , 51.0,  0.0,   0.0,   0.0,   7.0, 0.0  ,  0.0,  0.0,  0.0,  0.0,  0.0, 0.0,   0.0,       ,      ,      ,        ,        ,        ,        ,        ,        ,        ,        ,      
soderto01, 1996,     1, NYI , NHL , G  ,  1.0,  0.0,   0.0,   0.0,   0.0, 0.0  ,  0.0,  0.0,  0.0,  0.0,  0.0, 0.0,   0.0,       ,      ,      ,        ,        ,        ,        ,        ,        ,        ,        ,      
soetado01, 1975,     1, NYR , NHL , G  ,  8.0,  0.0,   1.0,   1.0,   0.0, 0.0  ,  0.0,     ,  0.0,     ,  0.0, 0.0,   0.0,       ,      ,      ,        ,        ,        ,        ,        ,        ,        ,        ,      
soetado01, 1976,     1, NYR , NHL , G  , 12.0,  0.0,   0.0,   0.0,   0.0, 0.0  ,  0.0,     ,  0.0,     ,  0.0, 0.0,   0.0,       ,      ,      ,        ,        ,        ,        ,        ,        ,        ,        ,      
soetado01, 1977,     1, NYR , NHL , G  ,  6.0,  0.0,   0.0,   0.0,   0.0, 0.0  ,  0.0,     ,  0.0,     ,  0.0, 0.0,   0.0,       ,      ,      ,        ,        ,        ,        ,        ,        ,        ,        ,      
soetado01, 1978,     1, NYR , NHL , G  , 17.0,  0.0,   0.0,   0.0,   4.0, 0.0  ,  0.0,     ,  0.0,     ,  0.0, 0.0,   0.0,       ,      ,      ,        ,        ,        ,        ,        ,        ,        ,        ,      
soetado01, 1979,     1, NYR , NHL , G  ,  8.0,  0.0,   0.0,   0.0,   0.0, 0.0  ,  0.0,     ,  0.0,     ,  0.0, 0.0,   0.0,       ,      ,      ,        ,        ,        ,        ,        ,        ,        ,        ,      
soetado01, 1980,     1, NYR , NHL , G  , 39.0,  0.0,   0.0,   0.0,   2.0, 0.0  ,  0.0,     ,  0.0,     ,  0.0, 0.0,   0.0,       ,      ,      ,        ,        ,        ,        ,        ,        ,        ,        ,      
soetado01, 1981,     1, WIN , NHL , G  , 39.0,  0.0,   2.0,   2.0,  14.0, 0.0  ,  0.0,     ,  0.0,     ,  0.0, 0.0,   0.0,    2.0,   0.0,   0.0,     0.0,     0.0,        ,     0.0,        ,     0.0,        ,     0.0,      
soetado01, 1982,     1, WIN , NHL , G  , 44.0,  0.0,   1.0,   1.0,  10.0, 0.0  ,  0.0,     ,  0.0,     ,  0.0, 0.0,   0.0,    1.0,   0.0,   0.0,     0.0,     0.0,        ,     0.0,        ,     0.0,        ,     0.0,      
soetado01, 1983,     1, WIN , NHL , G  , 47.0,  0.0,   3.0,   3.0,  14.0, 0.0  ,  0.0,     ,  0.0,     ,  0.0, 0.0,   0.0,    1.0,   0.0,   0.0,     0.0,     0.0, 0.0    ,     0.0,        ,     0.0,        ,     0.0,     0.0
soetado01, 1984,     1, MTL , NHL , G  , 28.0,  0.0,   0.0,   0.0,   4.0, 0.0  ,  0.0,     ,  0.0,     ,  0.0, 0.0,   0.0,    1.0,   0.0,   0.0,     0.0,     0.0, 0.0    ,     0.0,        ,     0.0,        ,     0.0,     0.0
soetado01, 1985,     1, MTL , NHL , G  , 23.0,  0.0,   0.0,   0.0,   6.0, 0.0  ,  0.0,     ,  0.0,     ,  0.0, 0.0,   0.0,       ,      ,      ,        ,        ,        ,        ,        ,        ,        ,        ,      
soetado01, 1986,     1, NYR , NHL , G  , 13.0,  0.0,   0.0,   0.0,  14.0, 0.0  ,  0.0,     ,  0.0,     ,  0.0, 0.0,   0.0,       ,      ,      ,        ,        ,        ,        ,        ,        ,        ,        ,      
solheke01, 1980,     1, CHI , NHL , L  ,  5.0,  2.0,   0.0,   2.0,   0.0, -3.0 ,  0.0,     ,  0.0,     ,  0.0, 0.0,   8.0,       ,      ,      ,        ,        ,        ,        ,        ,        ,        ,        ,      
solheke01, 1980,     2, MNS , NHL , L  ,  5.0,  2.0,   1.0,   3.0,   0.0, 3.0  ,  0.0,     ,  0.0,     ,  0.0, 0.0,   9.0,    2.0,   1.0,   0.0,     1.0,     0.0,        ,     0.0,        ,     0.0,        ,     0.0,      
solheke01, 1981,     1, MNS , NHL , L  , 29.0,  4.0,   5.0,   9.0,   4.0, -8.0 ,  2.0,     ,  0.0,     ,  2.0, 0.0,  46.0,    1.0,   0.0,   1.0,     1.0,     2.0,        ,     0.0,        ,     0.0,        ,     0.0,      
solheke01, 1982,     1, MNS , NHL , L  , 25.0,  2.0,   4.0,   6.0,   4.0, 1.0  ,  0.0,     ,  0.0,     ,  1.0, 0.0,  34.0,       ,      ,      ,        ,        ,        ,        ,        ,        ,        ,        ,      
solheke01, 1982,     2, DET , NHL , L  , 10.0,  0.0,   0.0,   0.0,   2.0, -2.0 ,  0.0,     ,  0.0,     ,  0.0, 0.0,   5.0,       ,      ,      ,        ,        ,        ,        ,        ,        ,        ,        ,      
solheke01, 1984,     1, MNS , NHL , L  , 55.0,  8.0,  10.0,  18.0,  19.0, -15.0,  4.0,     ,  0.0,     ,  1.0, 0.0,  87.0,       ,      ,      ,        ,        ,        ,        ,        ,        ,        ,        ,      
solheke01, 1985,     1, EDM , NHL , L  ,  6.0,  1.0,   0.0,   1.0,   5.0, -2.0 ,  0.0,     ,  0.0,     ,  0.0, 0.0,   8.0,       ,      ,      ,        ,        ,        ,        ,        ,        ,        ,        ,      
solinbo01, 1951,     1, TOR , NHL , R  , 24.0,  5.0,   3.0,   8.0,   4.0,      ,     ,     ,     ,     ,     ,    ,      ,       ,      ,      ,        ,        ,        ,        ,        ,        ,        ,        ,      
solinbo01, 1952,     1, TOR , NHL , L  , 18.0,  1.0,   1.0,   2.0,   2.0,      ,     ,     ,     ,     ,     ,    ,      ,       ,      ,      ,        ,        ,        ,        ,        ,        ,        ,        ,      
solinbo01, 1953,     1, TOR , NHL , L  , 39.0,  3.0,   2.0,   5.0,   2.0,      ,     ,     ,     ,     ,     ,    ,      ,       ,      ,      ,        ,        ,        ,        ,        ,        ,        ,        ,      
solinbo01, 1954,     1, TOR , NHL , L  , 17.0,  1.0,   5.0,   6.0,  11.0,      ,     ,     ,     ,     ,     ,    ,      ,       ,      ,      ,        ,        ,        ,        ,        ,        ,        ,        ,      
solinbo01, 1959,     1, DET , NHL , R  ,  1.0,  0.0,   0.0,   0.0,   0.0,      ,     ,     ,     ,     ,     ,    ,      ,       ,      ,      ,        ,        ,        ,        ,        ,        ,        ,        ,      
somerar01, 1929,     1, CHI , NHL , C  , 44.0, 11.0,  13.0,  24.0,  74.0,      ,     ,     ,     ,     ,     ,    ,      ,    2.0,   0.0,   0.0,     0.0,     2.0,        ,        ,        ,        ,        ,        ,      
somerar01, 1930,     1, CHI , NHL , C  , 33.0,  3.0,   6.0,   9.0,  33.0,      ,     ,     ,     ,     ,     ,    ,      ,    9.0,   0.0,   0.0,     0.0,     0.0,        ,        ,        ,        ,        ,        ,      
somerar01, 1931,     1, NYR , NHL , C  , 48.0, 11.0,  15.0,  26.0,  45.0,      ,     ,     ,     ,     ,     ,    ,      ,    7.0,   0.0,   1.0,     1.0,     8.0,        ,        ,        ,        ,        ,        ,      
somerar01, 1932,     1, NYR , NHL , C  , 48.0,  7.0,  15.0,  22.0,  28.0,      ,     ,     ,     ,     ,     ,    ,      ,    8.0,   1.0,   4.0,     5.0,     8.0,        ,        ,        ,        ,        ,        ,      
somerar01, 1933,     1, NYR , NHL , C  ,  8.0,  1.0,   2.0,   3.0,   5.0,      ,     ,     ,     ,     ,     ,    ,      ,    2.0,   0.0,   0.0,     0.0,     0.0,        ,        ,        ,        ,        ,        ,      
somerar01, 1934,     1, NYR , NHL , L  , 41.0,  0.0,   5.0,   5.0,   4.0,      ,     ,     ,     ,     ,     ,    ,      ,    2.0,   0.0,   0.0,     0.0,     2.0,        ,        ,        ,        ,        ,        ,      
somikra01, 2002,     1, PHI , NHL , L  , 60.0,  8.0,  10.0,  18.0,  10.0, 9.0  ,  0.0,  0.0,  1.0,  0.0,  2.0, 0.0,  95.0,    5.0,   1.0,   1.0,     2.0,     6.0, 0.0    ,     0.0,     0.0,     0.0,     0.0,     0.0,     6.0
somikra01, 2003,     1, PHI , NHL , L  , 53.0,  4.0,  10.0,  14.0,  17.0, -2.0 ,  0.0,  0.0,  0.0,  0.0,  0.0, 0.0,  41.0,   10.0,   1.0,   1.0,     2.0,     4.0, 1.0    ,     0.0,     0.0,     0.0,     0.0,     0.0,     5.0
sommero01, 1980,     1, EDM , NHL , C  ,  3.0,  1.0,   0.0,   1.0,   7.0, 0.0  ,  0.0,     ,  0.0,     ,  0.0, 0.0,   1.0,       ,      ,      ,        ,        ,        ,        ,        ,        ,        ,        ,      
songito01, 1978,     1, BOS , NHL , R  , 17.0,  3.0,   1.0,   4.0,   0.0, -3.0 ,  1.0,     ,  0.0,     ,  0.0, 0.0,  16.0,       ,      ,      ,        ,        ,        ,        ,        ,        ,        ,        ,      
songito01, 1979,     1, BOS , NHL , R  , 17.0,  1.0,   3.0,   4.0,  16.0, 0.0  ,  0.0,     ,  0.0,     ,  0.0, 0.0,  14.0,       ,      ,      ,        ,        ,        ,        ,        ,        ,        ,        ,      
songito01, 1980,     1, BOS , NHL , R  ,  9.0,  1.0,   1.0,   2.0,   6.0, 0.0  ,  0.0,     ,  0.0,     ,  1.0, 0.0,  10.0,       ,      ,      ,        ,        ,        ,        ,        ,        ,        ,        ,      
sonmogl01, 1953,     1, NYR , NHL , L  , 15.0,  2.0,   0.0,   2.0,  17.0,      ,     ,     ,     ,     ,     ,    ,      ,       ,      ,      ,        ,        ,        ,        ,        ,        ,        ,        ,      
sonmogl01, 1954,     1, NYR , NHL , L  , 13.0,  0.0,   0.0,   0.0,   4.0,      ,     ,     ,     ,     ,     ,    ,      ,       ,      ,      ,        ,        ,        ,        ,        ,        ,        ,        ,      
sonnema01, 1998,     1, PIT , NHL , L  , 44.0,  1.0,   1.0,   2.0,  19.0, -2.0 ,  0.0,  0.0,  0.0,  0.0,  0.0, 0.0,  12.0,    7.0,   0.0,   0.0,     0.0,     0.0, -2.0   ,     0.0,     0.0,     0.0,     0.0,     0.0,     0.0
sonnema01, 1999,     1, PIT , NHL , L  , 14.0,  1.0,   2.0,   3.0,   0.0, 0.0  ,  1.0,  0.0,  0.0,  0.0,  0.0, 0.0,  19.0,       ,      ,      ,        ,        ,        ,        ,        ,        ,        ,        ,      
sonnema01, 2003,     1, CAL , NHL , L  ,  5.0,  0.0,   0.0,   0.0,   2.0, -2.0 ,  0.0,  0.0,  0.0,  0.0,  0.0, 0.0,   7.0,       ,      ,      ,        ,        ,        ,        ,        ,        ,        ,        ,      
sopelbr01, 1998,     1, VAN , NHL , D  ,  5.0,  1.0,   0.0,   1.0,   4.0, -1.0 ,  1.0,  0.0,  0.0,  0.0,  0.0, 0.0,   5.0,       ,      ,      ,        ,        ,        ,        ,        ,        ,        ,        ,      
sopelbr01, 1999,     1, VAN , NHL , D  , 18.0,  2.0,   4.0,   6.0,  12.0, 9.0  ,  0.0,  0.0,  0.0,  0.0,  1.0, 0.0,  11.0,       ,      ,      ,        ,        ,        ,        ,        ,        ,        ,        ,      
sopelbr01, 2000,     1, VAN , NHL , D  , 52.0,  4.0,  10.0,  14.0,  10.0, 4.0  ,  0.0,  3.0,  0.0,  0.0,  1.0, 0.0,  57.0,    4.0,   0.0,   0.0,     0.0,     2.0, -1.0   ,     0.0,     0.0,     0.0,     0.0,     0.0,     2.0
sopelbr01, 2001,     1, VAN , NHL , D  , 66.0,  8.0,  17.0,  25.0,  44.0, 21.0 ,  1.0,  7.0,  0.0,  0.0,  3.0, 0.0, 116.0,    6.0,   0.0,   2.0,     2.0,     2.0, -1.0   ,     0.0,     1.0,     0.0,     0.0,     0.0,     9.0
sopelbr01, 2002,     1, VAN , NHL , D  , 81.0,  7.0,  30.0,  37.0,  23.0, -15.0,  6.0, 16.0,  0.0,  0.0,  1.0, 0.0, 167.0,   14.0,   2.0,   6.0,     8.0,     4.0, -2.0   ,     1.0,     3.0,     0.0,     0.0,     1.0,    29.0
sopelbr01, 2003,     1, VAN , NHL , D  , 80.0, 10.0,  32.0,  42.0,  36.0, 11.0 ,  6.0, 12.0,  0.0,  1.0,  2.0, 0.0, 173.0,    7.0,   0.0,   1.0,     1.0,     0.0, -4.0   ,     0.0,     1.0,     0.0,     0.0,     0.0,    16.0
sopelbr01, 2005,     1, NYI , NHL , D  , 57.0,  2.0,  25.0,  27.0,  64.0, -9.0 ,  2.0, 13.0,  0.0,  0.0,  0.0,    , 121.0,       ,      ,      ,        ,        ,        ,        ,        ,        ,        ,        ,      
sopelbr01, 2005,     2, LAK , NHL , D  , 11.0,  0.0,   1.0,   1.0,   6.0, -4.0 ,  0.0,  0.0,  0.0,  0.0,  0.0,    ,  12.0,       ,      ,      ,        ,        ,        ,        ,        ,        ,        ,        ,      
sopelbr01, 2006,     1, LAK , NHL , D  , 44.0,  4.0,  19.0,  23.0,  14.0, 2.0  ,  2.0,  5.0,  0.0,  1.0,  2.0,    , 104.0,       ,      ,      ,        ,        ,        ,        ,        ,        ,        ,        ,      
sopelbr01, 2006,     2, VAN , NHL , D  , 20.0,  1.0,   4.0,   5.0,  10.0, 0.0  ,  0.0,  1.0,  0.0,  0.0,  0.0,    ,  27.0,   11.0,   0.0,   0.0,     0.0,     2.0, 1.0    ,     0.0,     0.0,     0.0,     0.0,     0.0,    21.0
sopelbr01, 2007,     1, CHI , NHL , D  , 58.0,  1.0,  19.0,  20.0,  28.0, 9.0  ,  0.0,  1.0,  0.0,  4.0,  0.0,    ,  56.0,       ,      ,      ,        ,        ,        ,        ,        ,        ,        ,        ,      
sopelbr01, 2008,     1, CHI , NHL , D  , 23.0,  1.0,   1.0,   2.0,   8.0, -4.0 ,  0.0,  0.0,  0.0,  0.0,  1.0,    ,  15.0,       ,      ,      ,        ,        ,        ,        ,        ,        ,        ,        ,      
sopelbr01, 2009,     1, CHI , NHL , D  , 73.0,  1.0,   7.0,   8.0,  34.0, 3.0  ,  0.0,  0.0,  0.0,  0.0,  0.0,    ,  48.0,   22.0,   1.0,   5.0,     6.0,     8.0, 7.0    ,     0.0,     0.0,     0.0,     0.0,     0.0,    16.0
sorocle01, 1998,     1, CAL , NHL , D  ,  2.0,  0.0,   0.0,   0.0,   0.0, -3.0 ,  0.0,  0.0,  0.0,  0.0,  0.0, 0.0,   5.0,       ,      ,      ,        ,        ,        ,        ,        ,        ,        ,        ,      
sorocle01, 1999,     1, CAL , NHL , D  ,  1.0,  0.0,   0.0,   0.0,   0.0, 0.0  ,  0.0,  0.0,  0.0,  0.0,  0.0, 0.0,   0.0,       ,      ,      ,        ,        ,        ,        ,        ,        ,        ,        ,      
sorrejo01, 1930,     1, DTF , NHL , L  , 39.0,  9.0,   7.0,  16.0,  10.0,      ,     ,     ,     ,     ,     ,    ,      ,       ,      ,      ,        ,        ,        ,        ,        ,        ,        ,        ,      
sorrejo01, 1931,     1, DTF , NHL , L  , 48.0,  8.0,   5.0,  13.0,  22.0,      ,     ,     ,     ,     ,     ,    ,      ,    2.0,   1.0,   0.0,     1.0,     0.0,        ,        ,        ,        ,        ,        ,      
sorrejo01, 1932,     1, DET , NHL , L  , 47.0, 14.0,  10.0,  24.0,  11.0,      ,     ,     ,     ,     ,     ,    ,      ,    4.0,   2.0,   2.0,     4.0,     4.0,        ,        ,        ,        ,        ,        ,      
sorrejo01, 1933,     1, DET , NHL , L  , 47.0, 21.0,  10.0,  31.0,   8.0,      ,     ,     ,     ,     ,     ,    ,      ,    8.0,   0.0,   2.0,     2.0,     0.0,        ,        ,        ,        ,        ,        ,      
sorrejo01, 1934,     1, DET , NHL , L  , 47.0, 20.0,  16.0,  36.0,  12.0,      ,     ,     ,     ,     ,     ,    ,      ,       ,      ,      ,        ,        ,        ,        ,        ,        ,        ,        ,      
sorrejo01, 1935,     1, DET , NHL , L  , 48.0, 13.0,  15.0,  28.0,   8.0,      ,     ,     ,     ,     ,     ,    ,      ,    7.0,   3.0,   4.0,     7.0,     0.0,        ,        ,        ,        ,        ,        ,      
sorrejo01, 1936,     1, DET , NHL , L  , 48.0,  8.0,  16.0,  24.0,   4.0,      ,     ,     ,     ,     ,     ,    ,      ,   10.0,   2.0,   4.0,     6.0,     2.0,        ,        ,        ,        ,        ,        ,      
sorrejo01, 1937,     1, DET , NHL , L  , 23.0,  3.0,   7.0,  10.0,   0.0,      ,     ,     ,     ,     ,     ,    ,      ,       ,      ,      ,        ,        ,        ,        ,        ,        ,        ,        ,      
sorrejo01, 1937,     2, NYA , NHL , L  , 17.0,  8.0,   2.0,  10.0,   9.0,      ,     ,     ,     ,     ,     ,    ,      ,    6.0,   4.0,   0.0,     4.0,     2.0,        ,        ,        ,        ,        ,        ,      
sorrejo01, 1938,     1, NYA , NHL , L  , 48.0, 13.0,   9.0,  22.0,  10.0,      ,     ,     ,     ,     ,     ,    ,      ,    2.0,   0.0,   0.0,     0.0,     0.0,        ,        ,        ,        ,        ,        ,      
sorrejo01, 1939,     1, NYA , NHL , L  , 48.0,  8.0,  16.0,  24.0,   4.0,      ,     ,     ,     ,     ,     ,    ,      ,    3.0,   0.0,   3.0,     3.0,     2.0,        ,        ,        ,        ,        ,        ,      
sorrejo01, 1940,     1, NYA , NHL , L  , 30.0,  2.0,   6.0,   8.0,   2.0,      ,     ,     ,     ,     ,     ,    ,      ,       ,      ,      ,        ,        ,        ,        ,        ,        ,        ,        ,      
soucych01, 1993,     1, CHI , NHL , G  ,  1.0,  0.0,   0.0,   0.0,   0.0, 0.0  ,  0.0,  0.0,  0.0,  0.0,  0.0, 0.0,   0.0,       ,      ,      ,        ,        ,        ,        ,        ,        ,        ,        ,      
sourash01, 1997,     1, NJD , NHL , D  , 60.0,  3.0,   7.0,  10.0,  85.0, 18.0 ,  0.0,  0.0,  0.0,  0.0,  1.0, 0.0,  74.0,    3.0,   0.0,   1.0,     1.0,     2.0, 0.0    ,     0.0,     1.0,     0.0,     0.0,     0.0,     1.0
sourash01, 1998,     1, NJD , NHL , D  , 70.0,  1.0,   7.0,   8.0, 110.0, 5.0  ,  0.0,  0.0,  0.0,  0.0,  0.0, 0.0, 101.0,    2.0,   0.0,   1.0,     1.0,     0.0, 1.0    ,     0.0,     0.0,     0.0,     0.0,     0.0,     0.0
sourash01, 1999,     1, NJD , NHL , D  , 52.0,  0.0,   8.0,   8.0,  70.0, -6.0 ,  0.0,  2.0,  0.0,  0.0,  0.0, 0.0,  74.0,       ,      ,      ,        ,        ,        ,        ,        ,        ,        ,        ,      
sourash01, 1999,     2, MTL , NHL , D  , 19.0,  3.0,   0.0,   3.0,  44.0, 7.0  ,  0.0,  0.0,  0.0,  0.0,  0.0, 0.0,  39.0,       ,      ,      ,        ,        ,        ,        ,        ,        ,        ,        ,      
sourash01, 2000,     1, MTL , NHL , D  , 52.0,  3.0,   8.0,  11.0,  95.0, -11.0,  0.0,  1.0,  0.0,  1.0,  2.0, 0.0, 103.0,       ,      ,      ,        ,        ,        ,        ,        ,        ,        ,        ,      
sourash01, 2001,     1, MTL , NHL , D  , 34.0,  3.0,   5.0,   8.0,  62.0, -5.0 ,  1.0,  1.0,  0.0,  0.0,  0.0, 1.0,  56.0,   12.0,   0.0,   1.0,     1.0,    16.0, -4.0   ,     0.0,     0.0,     0.0,     0.0,     0.0,    10.0
sourash01, 2003,     1, MTL , NHL , D  , 63.0, 15.0,  20.0,  35.0, 104.0, 4.0  ,  6.0, 11.0,  1.0,  1.0,  3.0, 0.0, 186.0,   11.0,   0.0,   2.0,     2.0,    39.0, -2.0   ,     0.0,     1.0,     0.0,     0.0,     0.0,    31.0
sourash01, 2005,     1, MTL , NHL , D  , 75.0, 12.0,  27.0,  39.0, 116.0, -11.0,  7.0, 14.0,  1.0,  1.0,  0.0,    , 202.0,    6.0,   3.0,   2.0,     5.0,     8.0, -1.0   ,     2.0,     1.0,     0.0,     0.0,     0.0,    16.0
sourash01, 2006,     1, MTL , NHL , D  , 81.0, 26.0,  38.0,  64.0, 135.0, -28.0, 19.0, 29.0,  1.0,  2.0,  6.0,    , 224.0,       ,      ,      ,        ,        ,        ,        ,        ,        ,        ,        ,      
sourash01, 2007,     1, EDM , NHL , D  , 26.0,  3.0,   7.0,  10.0,  36.0, -7.0 ,  2.0,  3.0,  0.0,  0.0,  1.0,    ,  71.0,       ,      ,      ,        ,        ,        ,        ,        ,        ,        ,        ,      
sourash01, 2008,     1, EDM , NHL , D  , 81.0, 23.0,  30.0,  53.0,  98.0, 1.0  , 12.0, 11.0,  1.0,  0.0,  5.0,    , 268.0,       ,      ,      ,        ,        ,        ,        ,        ,        ,        ,        ,      
sourash01, 2009,     1, EDM , NHL , D  , 37.0,  4.0,   9.0,  13.0,  65.0, -19.0,  0.0,  4.0,  0.0,  0.0,  0.0,    , 113.0,       ,      ,      ,        ,        ,        ,        ,        ,        ,        ,        ,      
spaceja01, 1998,     1, FLO , NHL , D  , 63.0,  3.0,  12.0,  15.0,  28.0, 15.0 ,  2.0,  2.0,  1.0,  1.0,  0.0, 0.0,  92.0,       ,      ,      ,        ,        ,        ,        ,        ,        ,        ,        ,      
spaceja01, 1999,     1, FLO , NHL , D  , 82.0, 10.0,  26.0,  36.0,  53.0, 7.0  ,  4.0, 12.0,  0.0,  0.0,  1.0, 0.0, 111.0,    4.0,   0.0,   0.0,     0.0,     0.0, -1.0   ,     0.0,     0.0,     0.0,     0.0,     0.0,     7.0
spaceja01, 2000,     1, FLO , NHL , D  , 12.0,  2.0,   1.0,   3.0,   8.0, -4.0 ,  1.0,  0.0,  0.0,  1.0,  0.0, 0.0,  21.0,       ,      ,      ,        ,        ,        ,        ,        ,        ,        ,        ,      
spaceja01, 2000,     2, CHI , NHL , D  , 50.0,  5.0,  18.0,  23.0,  20.0, 7.0  ,  2.0,  7.0,  0.0,  2.0,  1.0, 0.0,  85.0,       ,      ,      ,        ,        ,        ,        ,        ,        ,        ,        ,      
spaceja01, 2001,     1, CHI , NHL , D  , 60.0,  3.0,  10.0,  13.0,  29.0, 5.0  ,  0.0,  2.0,  0.0,  0.0,  1.0, 0.0,  64.0,       ,      ,      ,        ,        ,        ,        ,        ,        ,        ,        ,      
spaceja01, 2001,     2, CBS , NHL , D  , 14.0,  2.0,   3.0,   5.0,  24.0, -9.0 ,  1.0,  3.0,  1.0,  0.0,  1.0, 0.0,  29.0,       ,      ,      ,        ,        ,        ,        ,        ,        ,        ,        ,      
spaceja01, 2002,     1, CBS , NHL , D  , 81.0,  9.0,  36.0,  45.0,  70.0, -23.0,  5.0, 20.0,  0.0,  2.0,  1.0, 0.0, 166.0,       ,      ,      ,        ,        ,        ,        ,        ,        ,        ,        ,      
spaceja01, 2003,     1, CBS , NHL , D  , 58.0,  5.0,  17.0,  22.0,  45.0, -13.0,  2.0,  8.0,  1.0,  0.0,  2.0, 0.0, 108.0,       ,      ,      ,        ,        ,        ,        ,        ,        ,        ,        ,      
spaceja01, 2005,     1, CHI , NHL , D  , 45.0,  7.0,  17.0,  24.0,  72.0, 8.0  ,  1.0, 11.0,  0.0,  0.0,  0.0,    ,  80.0,       ,      ,      ,        ,        ,        ,        ,        ,        ,        ,        ,      
spaceja01, 2005,     2, EDM , NHL , D  , 31.0,  5.0,  14.0,  19.0,  24.0, 3.0  ,  3.0,  6.0,  0.0,  1.0,  0.0,    ,  70.0,   24.0,   3.0,  11.0,    14.0,    24.0, -3.0   ,     2.0,     7.0,     0.0,     0.0,     0.0,    43.0
spaceja01, 2006,     1, BUF , NHL , D  , 65.0,  5.0,  16.0,  21.0,  62.0, 20.0 ,  1.0,  8.0,  0.0,  0.0,  2.0,    ,  78.0,   16.0,   0.0,   0.0,     0.0,    10.0, 3.0    ,     0.0,     0.0,     0.0,     0.0,     0.0,    15.0
spaceja01, 2007,     1, BUF , NHL , D  , 60.0,  9.0,  23.0,  32.0,  42.0, 7.0  ,  7.0, 15.0,  0.0,  0.0,  1.0,    ,  95.0,       ,      ,      ,        ,        ,        ,        ,        ,        ,        ,        ,      
spaceja01, 2008,     1, BUF , NHL , D  , 80.0,  8.0,  37.0,  45.0,  38.0, 2.0  ,  4.0, 18.0,  0.0,  0.0,  0.0,    , 130.0,       ,      ,      ,        ,        ,        ,        ,        ,        ,        ,        ,      
spaceja01, 2009,     1, MTL , NHL , D  , 74.0,  3.0,  18.0,  21.0,  50.0, 9.0  ,  1.0,  6.0,  0.0,  1.0,  0.0,    ,  99.0,   10.0,   1.0,   3.0,     4.0,     6.0, -2.0   ,     0.0,     1.0,     0.0,     0.0,     0.0,     7.0
spalini01, 2009,     1, NAS , NHL , C  , 28.0,  0.0,   3.0,   3.0,   0.0, 3.0  ,  0.0,  0.0,  0.0,  0.0,  0.0,    ,  26.0,    6.0,   0.0,   0.0,     0.0,     0.0, 0.0    ,     0.0,     0.0,     0.0,     0.0,     0.0,     3.0
spanhma01, 2000,     1, CBS , NHL , L  ,  6.0,  1.0,   0.0,   1.0,   2.0, -1.0 ,  0.0,  0.0,  0.0,  0.0,  0.0, 0.0,   8.0,       ,      ,      ,        ,        ,        ,        ,        ,        ,        ,        ,      
spanhma01, 2001,     1, CBS , NHL , L  ,  4.0,  1.0,   0.0,   1.0,   2.0, -2.0 ,  0.0,  0.0,  0.0,  0.0,  0.0, 0.0,   6.0,       ,      ,      ,        ,        ,        ,        ,        ,        ,        ,        ,      
sparrem01, 1921,     1, REG , WCHL, C  , 14.0, 10.0,   3.0,  13.0,   6.0,      ,     ,     ,     ,     ,     ,    ,      ,    6.0,   0.0,   0.0,     0.0,    10.0,        ,        ,        ,        ,        ,        ,      
sparrem01, 1922,     1, REG , WCHL, C  , 23.0,  6.0,   4.0,  10.0,  33.0,      ,     ,     ,     ,     ,     ,    ,      ,       ,      ,      ,        ,        ,        ,        ,        ,        ,        ,        ,      
sparrem01, 1923,     1, EDE , WCHL, C  , 23.0, 11.0,   6.0,  17.0,  34.0,      ,     ,     ,     ,     ,     ,    ,      ,       ,      ,      ,        ,        ,        ,        ,        ,        ,        ,        ,      
sparrem01, 1924,     1, CAT , WCHL, C  , 16.0,  7.0,   8.0,  15.0,  48.0,      ,     ,     ,     ,     ,     ,    ,      ,    2.0,   0.0,   0.0,     0.0,     2.0,        ,        ,        ,        ,        ,        ,      
sparrem01, 1924,     2, BOS , NHL , R  ,  8.0,  0.0,   0.0,   0.0,   4.0,      ,     ,     ,     ,     ,     ,    ,      ,       ,      ,      ,        ,        ,        ,        ,        ,        ,        ,        ,      
sparrem01, 1925,     1, CAT , WCHL, C  , 11.0,  3.0,   2.0,   5.0,  34.0,      ,     ,     ,     ,     ,     ,    ,      ,       ,      ,      ,        ,        ,        ,        ,        ,        ,        ,        ,      
sparrem01, 1925,     2, EDE , WCHL, C  , 17.0, 11.0,   2.0,  13.0,  32.0,      ,     ,     ,     ,     ,     ,    ,      ,    2.0,   0.0,   0.0,     0.0,     6.0,        ,        ,        ,        ,        ,        ,      
speckbi01, 1916,     1, TBS , NHA ,    ,  2.0,  0.0,   0.0,   0.0,   0.0,      ,     ,     ,     ,     ,     ,    ,      ,       ,      ,      ,        ,        ,        ,        ,        ,        ,        ,        ,      
speckbi01, 1916,     2, TOB , NHA ,    ,  1.0,  0.0,   0.0,   0.0,   0.0,      ,     ,     ,     ,     ,     ,    ,      ,       ,      ,      ,        ,        ,        ,        ,        ,        ,        ,        ,      
speckbi01, 1922,     1, CAT , WCHL, C/G,  9.0,  0.0,   2.0,   2.0,   2.0,      ,     ,     ,     ,     ,     ,    ,      ,       ,      ,      ,        ,        ,        ,        ,        ,        ,        ,        ,      
speckfr01, 1968,     1, DET , NHL , C  ,  5.0,  0.0,   0.0,   0.0,   2.0, 0.0  ,  0.0,     ,  0.0,     ,  0.0, 0.0,   6.0,       ,      ,      ,        ,        ,        ,        ,        ,        ,        ,        ,      
speckfr01, 1969,     1, DET , NHL , C  ,  5.0,  0.0,   0.0,   0.0,   0.0, -2.0 ,  0.0,     ,  0.0,     ,  0.0, 0.0,   8.0,       ,      ,      ,        ,        ,        ,        ,        ,        ,        ,        ,      
speckfr01, 1971,     1, VAN , NHL , C  , 18.0,  1.0,   2.0,   3.0,   0.0, -15.0,  0.0,     ,  0.0,     ,  0.0, 0.0,  23.0,       ,      ,      ,        ,        ,        ,        ,        ,        ,        ,        ,      
speckfr01, 1972,     1, MFS , WHA , C  , 47.0, 13.0,  16.0,  29.0,  52.0,      ,  5.0,     ,  0.0,     ,     ,    ,      ,       ,      ,      ,        ,        ,        ,        ,        ,        ,        ,        ,      
speckfr01, 1972,     2, LAS , WHA , C  , 28.0,  3.0,  13.0,  16.0,  22.0,      ,  0.0,     ,  0.0,     ,     ,    ,      ,    6.0,   3.0,   2.0,     5.0,     2.0,        ,     1.0,        ,     0.0,        ,     0.0,      
speckfr01, 1973,     1, LAS , WHA , C  , 18.0,  2.0,   5.0,   7.0,   4.0,      ,  0.0,     ,  0.0,     ,  0.0,    ,      ,       ,      ,      ,        ,        ,        ,        ,        ,        ,        ,        ,      
speckfr01, 1974,     1, MIB , WHA , C  , 30.0,  4.0,   8.0,  12.0,  18.0,      ,     ,     ,     ,     ,     ,    ,  65.0,       ,      ,      ,        ,        ,        ,        ,        ,        ,        ,        ,      
speerbi01, 1967,     1, PIT , NHL , D  , 68.0,  3.0,  13.0,  16.0,  44.0, -14.0,  1.0,     ,  0.0,     ,  0.0, 0.0, 101.0,       ,      ,      ,        ,        ,        ,        ,        ,        ,        ,        ,      
speerbi01, 1968,     1, PIT , NHL , D  , 34.0,  1.0,   4.0,   5.0,  27.0, -16.0,  1.0,     ,  0.0,     ,  1.0, 0.0,  43.0,       ,      ,      ,        ,        ,        ,        ,        ,        ,        ,        ,      
speerbi01, 1969,     1, BOS , NHL , D  , 27.0,  1.0,   3.0,   4.0,   4.0, 6.0  ,  0.0,     ,  0.0,     ,  0.0, 0.0,   5.0,    8.0,   1.0,   0.0,     1.0,     4.0,        ,     0.0,        ,     0.0,        ,     0.0,      
speerbi01, 1970,     1, BOS , NHL , D  ,  1.0,  0.0,   0.0,   0.0,   4.0, 0.0  ,  0.0,     ,  0.0,     ,  0.0, 0.0,   0.0,       ,      ,      ,        ,        ,        ,        ,        ,        ,        ,        ,      
speerbi01, 1972,     1, NRA , WHA , D  , 69.0,  3.0,  23.0,  26.0,  40.0,      ,  0.0,     ,  0.0,     ,     ,    ,      ,       ,      ,      ,        ,        ,        ,        ,        ,        ,        ,        ,      
speerbi01, 1973,     1, NYJ , WHA , D  , 66.0,  1.0,   3.0,   4.0,  30.0,      ,  0.0,     ,  0.0,     ,  0.0,    ,      ,       ,      ,      ,        ,        ,        ,        ,        ,        ,        ,        ,      
speerte01, 1985,     1, DET , NHL , C  ,  4.0,  1.0,   1.0,   2.0,   0.0, 2.0  ,  0.0,     ,  0.0,     ,  0.0, 0.0,   6.0,       ,      ,      ,        ,        ,        ,        ,        ,        ,        ,        ,      
spencbr01, 1969,     1, TOR , NHL , L  ,  9.0,  0.0,   0.0,   0.0,  12.0, -4.0 ,  0.0,     ,  0.0,     ,  0.0, 0.0,   8.0,       ,      ,      ,        ,        ,        ,        ,        ,        ,        ,        ,      
spencbr01, 1970,     1, TOR , NHL , L  , 50.0,  9.0,  15.0,  24.0, 115.0, 2.0  ,  3.0,     ,  0.0,     ,  1.0, 0.0,  61.0,    6.0,   0.0,   1.0,     1.0,    17.0,        ,     0.0,        ,     0.0,        ,     0.0,      
spencbr01, 1971,     1, TOR , NHL , L  , 36.0,  1.0,   5.0,   6.0,  65.0, 2.0  ,  0.0,     ,  0.0,     ,  0.0, 0.0,  31.0,       ,      ,      ,        ,        ,        ,        ,        ,        ,        ,        ,      
spencbr01, 1972,     1, NYI , NHL , L  , 78.0, 14.0,  24.0,  38.0,  90.0, -47.0,  0.0,     ,  0.0,     ,  2.0, 1.0, 163.0,       ,      ,      ,        ,        ,        ,        ,        ,        ,        ,        ,      
spencbr01, 1973,     1, NYI , NHL , L  , 54.0,  5.0,  16.0,  21.0,  65.0, -16.0,  0.0,     ,  0.0,     ,  0.0, 0.0, 114.0,       ,      ,      ,        ,        ,        ,        ,        ,        ,        ,        ,      
spencbr01, 1973,     2, BUF , NHL , L  , 13.0,  3.0,   2.0,   5.0,   4.0, -3.0 ,  1.0,     ,  0.0,     ,  0.0, 0.0,  21.0,       ,      ,      ,        ,        ,        ,        ,        ,        ,        ,        ,      
spencbr01, 1974,     1, BUF , NHL , L  , 73.0, 12.0,  29.0,  41.0,  77.0, 17.0 ,  1.0,     ,  0.0,     ,  1.0, 1.0, 126.0,   16.0,   0.0,   4.0,     4.0,     8.0,        ,     0.0,        ,     0.0,        ,     0.0,      
spencbr01, 1975,     1, BUF , NHL , L  , 77.0, 13.0,  26.0,  39.0,  70.0, 14.0 ,  0.0,     ,  0.0,     ,  1.0, 1.0,  84.0,    9.0,   1.0,   0.0,     1.0,     4.0,        ,     0.0,        ,     0.0,        ,     0.0,      
spencbr01, 1976,     1, BUF , NHL , L  , 77.0, 14.0,  15.0,  29.0,  55.0, 0.0  ,  1.0,     ,  0.0,     ,  2.0, 0.0,  78.0,    6.0,   0.0,   0.0,     0.0,     0.0,        ,     0.0,        ,     0.0,        ,     0.0,      
spencbr01, 1977,     1, PIT , NHL , L  , 79.0,  9.0,  11.0,  20.0,  81.0, -18.0,  0.0,     ,  0.0,     ,  1.0, 2.0, 101.0,       ,      ,      ,        ,        ,        ,        ,        ,        ,        ,        ,      
spencbr01, 1978,     1, PIT , NHL , L  ,  7.0,  0.0,   0.0,   0.0,   0.0, 0.0  ,  0.0,     ,  0.0,     ,  0.0, 0.0,   2.0,       ,      ,      ,        ,        ,        ,        ,        ,        ,        ,        ,      
spencgo01, 1925,     1, TRS , NHL , L  ,  3.0,  0.0,   0.0,   0.0,   0.0,      ,     ,     ,     ,     ,     ,    ,      ,       ,      ,      ,        ,        ,        ,        ,        ,        ,        ,        ,      
spencir01, 1959,     1, NYR , NHL , D  , 32.0,  1.0,   2.0,   3.0,  20.0,      ,     ,     ,     ,     ,     ,    ,      ,       ,      ,      ,        ,        ,        ,        ,        ,        ,        ,        ,      
spencir01, 1960,     1, NYR , NHL , D  , 56.0,  1.0,   8.0,   9.0,  30.0,      ,     ,     ,     ,     ,     ,    ,      ,       ,      ,      ,        ,        ,        ,        ,        ,        ,        ,        ,      
spencir01, 1961,     1, NYR , NHL , D  , 43.0,  2.0,  10.0,  12.0,  31.0,      ,     ,     ,     ,     ,     ,    ,      ,    1.0,   0.0,   0.0,     0.0,     2.0,        ,        ,        ,        ,        ,     0.0,      
spencir01, 1962,     1, BOS , NHL , D/L, 69.0,  5.0,  17.0,  22.0,  34.0,      ,     ,     ,     ,     ,     ,    ,      ,       ,      ,      ,        ,        ,        ,        ,        ,        ,        ,        ,      
spencir01, 1963,     1, DET , NHL , D  , 25.0,  3.0,   0.0,   3.0,   8.0,      ,  0.0,     ,  0.0,     ,  0.0, 0.0,      ,   11.0,   0.0,   0.0,     0.0,     0.0,        ,        ,        ,        ,        ,     0.0,      
spencir01, 1964,     1, DET , NHL , D  ,     ,     ,      ,      ,      ,      ,     ,     ,     ,     ,     ,    ,      ,    1.0,   0.0,   0.0,     0.0,     4.0,        ,        ,        ,        ,        ,     0.0,      
spencir01, 1965,     1, DET , NHL , D  ,     ,     ,      ,      ,      ,      ,     ,     ,     ,     ,     ,    ,      ,    3.0,   0.0,   0.0,     0.0,     2.0,        ,        ,        ,        ,        ,     0.0,      
spencir01, 1967,     1, DET , NHL , D  ,  5.0,  0.0,   1.0,   1.0,   4.0, -1.0 ,  0.0,     ,  0.0,     ,  0.0, 0.0,   7.0,       ,      ,      ,        ,        ,        ,        ,        ,        ,        ,        ,      
spencir01, 1972,     1, PHB , WHA , D  , 54.0,  2.0,  27.0,  29.0,  43.0,      ,  0.0,     ,  0.0,     ,     ,    ,      ,    4.0,   0.0,   0.0,     0.0,     4.0,        ,     0.0,        ,     0.0,        ,     0.0,      
spencir01, 1973,     1, VAB , WHA , D  , 19.0,  0.0,   1.0,   1.0,   6.0,      ,  0.0,     ,  0.0,     ,  0.0,    ,      ,       ,      ,      ,        ,        ,        ,        ,        ,        ,        ,        ,      
speyech01, 1923,     1, TRS , NHL , D  ,  3.0,  0.0,   0.0,   0.0,   0.0,      ,     ,     ,     ,     ,     ,    ,      ,       ,      ,      ,        ,        ,        ,        ,        ,        ,        ,        ,      
speyech01, 1924,     1, TRS , NHL , D  ,  2.0,  0.0,   0.0,   0.0,   0.0,      ,     ,     ,     ,     ,     ,    ,      ,       ,      ,      ,        ,        ,        ,        ,        ,        ,        ,        ,      
speyech01, 1933,     1, NYA , NHL , D  ,  9.0,  0.0,   0.0,   0.0,   0.0,      ,     ,     ,     ,     ,     ,    ,      ,       ,      ,      ,        ,        ,        ,        ,        ,        ,        ,        ,      
spezzja01, 2002,     1, OTT , NHL , C  , 33.0,  7.0,  14.0,  21.0,   8.0, -3.0 ,  3.0,  9.0,  0.0,  0.0,  0.0, 0.0,  65.0,    3.0,   1.0,   1.0,     2.0,     0.0, 1.0    ,     1.0,     0.0,     0.0,     0.0,     0.0,     3.0
spezzja01, 2003,     1, OTT , NHL , C  , 78.0, 22.0,  33.0,  55.0,  71.0, 22.0 ,  5.0,  8.0,  0.0,  0.0,  3.0, 0.0, 142.0,    3.0,   0.0,   0.0,     0.0,     2.0, -1.0   ,     0.0,     0.0,     0.0,     0.0,     0.0,     1.0
spezzja01, 2005,     1, OTT , NHL , C  , 68.0, 19.0,  71.0,  90.0,  33.0, 23.0 ,  7.0, 34.0,  0.0,  0.0,  5.0,    , 156.0,   10.0,   5.0,   9.0,    14.0,     2.0, -1.0   ,     3.0,     8.0,     0.0,     0.0,     1.0,    23.0
spezzja01, 2006,     1, OTT , NHL , C  , 67.0, 34.0,  53.0,  87.0,  45.0, 19.0 , 13.0, 20.0,  1.0,  1.0,  5.0,    , 162.0,   20.0,   7.0,  15.0,    22.0,    10.0, 5.0    ,     3.0,     7.0,     0.0,     0.0,     0.0,    49.0
spezzja01, 2007,     1, OTT , NHL , C  , 76.0, 34.0,  58.0,  92.0,  66.0, 26.0 , 11.0, 22.0,  0.0,  0.0,  6.0,    , 210.0,    4.0,   0.0,   1.0,     1.0,     0.0, -4.0   ,     0.0,     0.0,     0.0,     0.0,     0.0,    10.0
spezzja01, 2008,     1, OTT , NHL , C  , 82.0, 32.0,  41.0,  73.0,  79.0, -14.0, 13.0, 18.0,  1.0,  0.0,  3.0,    , 246.0,       ,      ,      ,        ,        ,        ,        ,        ,        ,        ,        ,      
spezzja01, 2009,     1, OTT , NHL , C  , 60.0, 23.0,  34.0,  57.0,  20.0, -1.0 , 11.0, 13.0,  0.0,  0.0,  5.0,    , 165.0,    6.0,   1.0,   6.0,     7.0,     4.0, -3.0   ,     1.0,     3.0,     0.0,     0.0,     0.0,    24.0
spillma01, 2003,     1, PHO , NHL , D  , 51.0,  0.0,   0.0,   0.0,  54.0, -11.0,  0.0,  0.0,  0.0,  0.0,  0.0, 0.0,  22.0,       ,      ,      ,        ,        ,        ,        ,        ,        ,        ,        ,      
spillma01, 2005,     1, PHO , NHL , D  ,  8.0,  0.0,   1.0,   1.0,  13.0, -1.0 ,  0.0,  0.0,  0.0,  0.0,  0.0,    ,   3.0,       ,      ,      ,        ,        ,        ,        ,        ,        ,        ,        ,      
spillma01, 2007,     1, NYI , NHL , D  ,  9.0,  0.0,   1.0,   1.0,   7.0, -2.0 ,  0.0,  0.0,  0.0,  1.0,  0.0,    ,   6.0,       ,      ,      ,        ,        ,        ,        ,        ,        ,        ,        ,      
spiriva01, 1977,     1, SOV , WHA , D  ,  6.0,  0.0,   2.0,   2.0,   4.0,      ,     ,     ,     ,     ,     ,    ,      ,       ,      ,      ,        ,        ,        ,        ,        ,        ,        ,        ,      
spoonre01, 1929,     1, PIP , NHL , G  ,  1.0,  0.0,   0.0,   0.0,   0.0,      ,     ,     ,     ,     ,     ,    ,      ,       ,      ,      ,        ,        ,        ,        ,        ,        ,        ,        ,      
sprinco01, 1997,     1, TBL , NHL , C  ,  8.0,  1.0,   0.0,   1.0,  10.0, -1.0 ,  0.0,  0.0,  0.0,  0.0,  0.0, 0.0,  12.0,       ,      ,      ,        ,        ,        ,        ,        ,        ,        ,        ,      
sprinco01, 1998,     1, TBL , NHL , R  ,  8.0,  0.0,   1.0,   1.0,   2.0, 0.0  ,  0.0,  0.0,  0.0,  0.0,  0.0, 0.0,   6.0,       ,      ,      ,        ,        ,        ,        ,        ,        ,        ,        ,      
sprinda01, 1973,     1, WIJ , WHA , C  , 66.0,  8.0,  16.0,  24.0,   8.0,      ,  1.0,     ,  0.0,     ,  2.0,    ,      ,    4.0,   0.0,   1.0,     1.0,     0.0,        ,        ,        ,        ,        ,     0.0,      
sprinda01, 1974,     1, WIJ , WHA , C  , 60.0, 19.0,  24.0,  43.0,  22.0, -14.0,  1.0,     ,  0.0,     ,     ,    , 123.0,       ,      ,      ,        ,        ,        ,        ,        ,        ,        ,        ,      
sprinda01, 1975,     1, EDO , WHA , C  , 75.0, 12.0,  11.0,  23.0,   8.0, -25.0,  1.0,     ,  0.0,     ,  1.0,    ,  72.0,    2.0,   1.0,   1.0,     2.0,     0.0, 0.0    ,        ,        ,        ,        ,        ,      
sprindo01, 1980,     1, WIN , NHL , D  , 80.0,  1.0,  18.0,  19.0,  18.0, -40.0,  0.0,     ,  0.0,     ,  0.0, 0.0,  51.0,       ,      ,      ,        ,        ,        ,        ,        ,        ,        ,        ,      
sprindo01, 1981,     1, WIN , NHL , D  , 78.0,  0.0,  16.0,  16.0,  21.0, -13.0,  0.0,     ,  0.0,     ,  0.0, 0.0,  67.0,    4.0,   0.0,   0.0,     0.0,     4.0,        ,     0.0,        ,     0.0,        ,     0.0,      
sprindo01, 1982,     1, WIN , NHL , D  , 80.0,  0.0,  16.0,  16.0,  37.0, 0.0  ,  0.0,     ,  0.0,     ,  0.0, 0.0,  50.0,    2.0,   0.0,   0.0,     0.0,     6.0,        ,     0.0,        ,     0.0,        ,     0.0,      
sprindo01, 1983,     1, WIN , NHL , D  , 21.0,  0.0,   4.0,   4.0,   4.0, -5.0 ,  0.0,     ,  0.0,     ,  0.0, 0.0,  10.0,       ,      ,      ,        ,        ,        ,        ,        ,        ,        ,        ,      
sprinfr01, 1969,     1, BOS , NHL , R  ,  1.0,  0.0,   0.0,   0.0,   0.0, 0.0  ,  0.0,     ,  0.0,     ,  0.0, 0.0,   0.0,       ,      ,      ,        ,        ,        ,        ,        ,        ,        ,        ,      
sprinfr01, 1973,     1, STL , NHL , R  ,  2.0,  0.0,   0.0,   0.0,   0.0, 0.0  ,  0.0,     ,  0.0,     ,  0.0, 0.0,   2.0,       ,      ,      ,        ,        ,        ,        ,        ,        ,        ,        ,      
sprinfr01, 1974,     1, STL , NHL , R  ,  3.0,  0.0,   0.0,   0.0,   0.0, -1.0 ,  0.0,     ,  0.0,     ,  0.0, 0.0,   3.0,       ,      ,      ,        ,        ,        ,        ,        ,        ,        ,        ,      
sprinfr01, 1974,     2, CLF , NHL , R  , 28.0,  3.0,   8.0,  11.0,   6.0, 1.0  ,  1.0,     ,  0.0,     ,  0.0, 0.0,  43.0,       ,      ,      ,        ,        ,        ,        ,        ,        ,        ,        ,      
sprinfr01, 1975,     1, CLF , NHL , R  ,  1.0,  0.0,   2.0,   2.0,   0.0, 1.0  ,  0.0,     ,  0.0,     ,  0.0, 0.0,   1.0,       ,      ,      ,        ,        ,        ,        ,        ,        ,        ,        ,      
sprinfr01, 1976,     1, CLE , NHL , R  , 26.0, 11.0,  10.0,  21.0,   6.0, -8.0 ,  5.0,     ,  0.0,     ,  0.0, 1.0,  49.0,       ,      ,      ,        ,        ,        ,        ,        ,        ,        ,        ,      
sprinfr01, 1977,     1, IND , WHA , R  , 13.0,  2.0,   4.0,   6.0,   2.0, 1.0  ,  1.0,     ,  0.0,     ,     ,    ,  20.0,       ,      ,      ,        ,        ,        ,        ,        ,        ,        ,        ,      
sprinje01, 1923,     1, HAM , NHL , D  , 20.0,  3.0,   3.0,   6.0,  20.0,      ,     ,     ,     ,     ,     ,    ,      ,       ,      ,      ,        ,        ,        ,        ,        ,        ,        ,        ,      
sprinje01, 1924,     1, HAM , NHL , D  , 29.0,  2.0,   1.0,   3.0,  11.0,      ,     ,     ,     ,     ,     ,    ,      ,       ,      ,      ,        ,        ,        ,        ,        ,        ,        ,        ,      
sprinje01, 1925,     1, PIP , NHL , D  , 32.0,  5.0,   0.0,   5.0,  23.0,      ,     ,     ,     ,     ,     ,    ,      ,    2.0,   0.0,   2.0,     2.0,     2.0,        ,        ,        ,        ,        ,        ,      
sprinje01, 1926,     1, TRS , NHL , R  ,  2.0,  0.0,   0.0,   0.0,   0.0,      ,     ,     ,     ,     ,     ,    ,      ,       ,      ,      ,        ,        ,        ,        ,        ,        ,        ,        ,      
sprinje01, 1928,     1, NYA , NHL , R  , 23.0,  0.0,   0.0,   0.0,   0.0,      ,     ,     ,     ,     ,     ,    ,      ,       ,      ,      ,        ,        ,        ,        ,        ,        ,        ,        ,      
sprinje01, 1928,     2, PIP , NHL , R  ,  5.0,  0.0,   0.0,   0.0,   2.0,      ,     ,     ,     ,     ,     ,    ,      ,       ,      ,      ,        ,        ,        ,        ,        ,        ,        ,        ,      
sprinje01, 1929,     1, PIP , NHL , R/D, 22.0,  1.0,   0.0,   1.0,  18.0,      ,     ,     ,     ,     ,     ,    ,      ,       ,      ,      ,        ,        ,        ,        ,        ,        ,        ,        ,      
sprucan01, 1976,     1, VAN , NHL , L  , 51.0,  9.0,   6.0,  15.0,  37.0, -20.0,  2.0,     ,  0.0,     ,  0.0, 0.0,  54.0,       ,      ,      ,        ,        ,        ,        ,        ,        ,        ,        ,      
sprucan01, 1977,     1, COR , NHL , L  , 74.0, 19.0,  21.0,  40.0,  43.0, -7.0 ,  3.0,     ,  0.0,     ,  1.0, 1.0, 119.0,    2.0,   0.0,   2.0,     2.0,     0.0,        ,     0.0,        ,     0.0,        ,     0.0,      
sprucan01, 1978,     1, COR , NHL , L  , 47.0,  3.0,  15.0,  18.0,  31.0, -18.0,  0.0,     ,  0.0,     ,  0.0, 0.0,  57.0,       ,      ,      ,        ,        ,        ,        ,        ,        ,        ,        ,      
sprukja01, 2006,     1, FLO , NHL , C  , 13.0,  1.0,   2.0,   3.0,   2.0, 1.0  ,  0.0,  1.0,  0.0,  0.0,  0.0,    ,  10.0,       ,      ,      ,        ,        ,        ,        ,        ,        ,        ,        ,      
sprukja01, 2008,     1, FLO , NHL , C  ,  1.0,  0.0,   0.0,   0.0,   0.0, 0.0  ,  0.0,  0.0,  0.0,  0.0,  0.0,    ,   1.0,       ,      ,      ,        ,        ,        ,        ,        ,        ,        ,        ,      
srsento01, 1990,     1, EDM , NHL , L  ,  2.0,  0.0,   0.0,   0.0,   0.0, 0.0  ,  0.0,  0.0,  0.0,  0.0,  0.0, 0.0,   2.0,       ,      ,      ,        ,        ,        ,        ,        ,        ,        ,        ,      
staaler01, 2003,     1, CAR , NHL , C  , 81.0, 11.0,  20.0,  31.0,  40.0, -6.0 ,  2.0,  5.0,  1.0,  0.0,  3.0, 0.0, 164.0,       ,      ,      ,        ,        ,        ,        ,        ,        ,        ,        ,      
staaler01, 2005,     1, CAR , NHL , C  , 82.0, 45.0,  55.0, 100.0,  81.0, -8.0 , 19.0, 21.0,  4.0,  0.0,  4.0,    , 279.0,   25.0,   9.0,  19.0,    28.0,     8.0, 0.0    ,     7.0,    10.0,     0.0,     1.0,     1.0,    87.0
staaler01, 2006,     1, CAR , NHL , C  , 82.0, 30.0,  40.0,  70.0,  68.0, -6.0 , 12.0, 14.0,  1.0,  0.0,  1.0,    , 288.0,       ,      ,      ,        ,        ,        ,        ,        ,        ,        ,        ,      
staaler01, 2007,     1, CAR , NHL , C  , 82.0, 38.0,  44.0,  82.0,  50.0, -2.0 , 14.0, 21.0,  0.0,  0.0,  7.0,    , 310.0,       ,      ,      ,        ,        ,        ,        ,        ,        ,        ,        ,      
staaler01, 2008,     1, CAR , NHL , C  , 82.0, 40.0,  35.0,  75.0,  50.0, 15.0 , 14.0, 10.0,  1.0,  1.0,  8.0,    , 372.0,   18.0,  10.0,   5.0,    15.0,     4.0, -3.0   ,     3.0,     0.0,     0.0,     0.0,     1.0,    73.0
staaler01, 2009,     1, CAR , NHL , C  , 70.0, 29.0,  41.0,  70.0,  68.0, 4.0  , 13.0, 10.0,  0.0,  0.0,  5.0,    , 277.0,       ,      ,      ,        ,        ,        ,        ,        ,        ,        ,        ,      
staaljo01, 2006,     1, PIT , NHL , C  , 81.0, 29.0,  13.0,  42.0,  24.0, 16.0 ,  4.0,  2.0,  7.0,  2.0,  4.0,    , 131.0,    5.0,   3.0,   0.0,     3.0,     2.0, -1.0   ,     0.0,     0.0,     0.0,     0.0,     0.0,     8.0
staaljo01, 2007,     1, PIT , NHL , C  , 82.0, 12.0,  16.0,  28.0,  55.0, -5.0 ,  3.0,  4.0,  0.0,  1.0,  4.0,    , 183.0,   20.0,   6.0,   1.0,     7.0,    14.0, -4.0   ,     1.0,     0.0,     0.0,     0.0,     1.0,    34.0
staaljo01, 2008,     1, PIT , NHL , C  , 82.0, 22.0,  27.0,  49.0,  37.0, 5.0  ,  2.0,  4.0,  1.0,  3.0,  3.0,    , 166.0,   24.0,   4.0,   5.0,     9.0,     8.0, -5.0   ,     0.0,     1.0,     1.0,     0.0,     0.0,    58.0
staaljo01, 2009,     1, PIT , NHL , C  , 82.0, 21.0,  28.0,  49.0,  57.0, 19.0 ,  1.0,  4.0,  2.0,  1.0,  1.0,    , 195.0,   11.0,   3.0,   2.0,     5.0,     6.0, -4.0   ,     2.0,     0.0,     0.0,     0.0,     0.0,    29.0
staalma01, 2007,     1, NYR , NHL , D  , 80.0,  2.0,   8.0,  10.0,  42.0, 2.0  ,  0.0,  0.0,  0.0,  1.0,  0.0,    ,  78.0,   10.0,   1.0,   2.0,     3.0,     8.0, 4.0    ,     0.0,     0.0,     0.0,     0.0,     1.0,    11.0
staalma01, 2008,     1, NYR , NHL , D  , 82.0,  3.0,  12.0,  15.0,  64.0, -7.0 ,  0.0,  1.0,  0.0,  1.0,  1.0,    ,  96.0,    7.0,   1.0,   0.0,     1.0,     0.0, -3.0   ,     0.0,     0.0,     0.0,     0.0,     0.0,     4.0
staalma01, 2009,     1, NYR , NHL , D  , 82.0,  8.0,  19.0,  27.0,  44.0, 11.0 ,  0.0,  0.0,  0.0,  0.0,  2.0,    ,  78.0,       ,      ,      ,        ,        ,        ,        ,        ,        ,        ,        ,      
stackro01, 1970,     1, CLF , NHL , D  , 78.0,  8.0,  24.0,  32.0,  73.0, -28.0,  3.0,     ,  0.0,     ,  2.0, 0.0, 135.0,       ,      ,      ,        ,        ,        ,        ,        ,        ,        ,        ,      
stackro01, 1971,     1, CLF , NHL , D  ,  6.0,  1.0,   3.0,   4.0,   6.0, 0.0  ,  0.0,     ,  0.0,     ,  0.0, 0.0,  13.0,       ,      ,      ,        ,        ,        ,        ,        ,        ,        ,        ,      
stackro01, 1971,     2, DET , NHL , D  , 73.0,  5.0,  25.0,  30.0,  83.0, -8.0 ,  1.0,     ,  0.0,     ,  0.0, 0.0, 117.0,       ,      ,      ,        ,        ,        ,        ,        ,        ,        ,        ,      
stackro01, 1972,     1, DET , NHL , D  , 78.0,  5.0,  29.0,  34.0,  82.0, 22.0 ,  0.0,     ,  0.0,     ,  0.0, 1.0, 129.0,       ,      ,      ,        ,        ,        ,        ,        ,        ,        ,        ,      
stackro01, 1973,     1, DET , NHL , D  , 33.0,  2.0,  14.0,  16.0,  33.0, 1.0  ,  0.0,     ,  0.0,     ,  0.0, 0.0,  46.0,       ,      ,      ,        ,        ,        ,        ,        ,        ,        ,        ,      
stackro01, 1973,     2, PIT , NHL , D  , 36.0,  4.0,  15.0,  19.0,  33.0, 12.0 ,  0.0,     ,  0.0,     ,  1.0, 0.0,  67.0,       ,      ,      ,        ,        ,        ,        ,        ,        ,        ,        ,      
stackro01, 1974,     1, PIT , NHL , D  , 72.0, 15.0,  45.0,  60.0,  52.0, 13.0 ,  6.0,     ,  1.0,     ,  0.0, 1.0, 152.0,    9.0,   2.0,   6.0,     8.0,    10.0,        ,     1.0,        ,     0.0,        ,     0.0,      
stackro01, 1975,     1, PIT , NHL , D  , 80.0, 11.0,  60.0,  71.0,  76.0, 19.0 ,  1.0,     ,  0.0,     ,  2.0, 0.0, 228.0,    3.0,   0.0,   0.0,     0.0,     0.0,        ,     0.0,        ,     0.0,        ,     0.0,      
stackro01, 1976,     1, PIT , NHL , D  , 80.0,  7.0,  34.0,  41.0,  72.0, 11.0 ,  3.0,     ,  1.0,     ,  0.0, 1.0, 219.0,    3.0,   2.0,   1.0,     3.0,     0.0,        ,     0.0,        ,     0.0,        ,     0.0,      
stackro01, 1977,     1, PIT , NHL , D  , 50.0,  5.0,  15.0,  20.0,  36.0, -16.0,  3.0,     ,  0.0,     ,  1.0, 0.0, 115.0,       ,      ,      ,        ,        ,        ,        ,        ,        ,        ,        ,      
stackro01, 1978,     1, PIT , NHL , D  , 75.0, 10.0,  33.0,  43.0,  54.0, 21.0 ,  3.0,     ,  1.0,     ,  1.0, 1.0, 173.0,    7.0,   0.0,   0.0,     0.0,     4.0,        ,     0.0,        ,     0.0,        ,     0.0,      
stackro01, 1979,     1, PIT , NHL , D  , 78.0,  6.0,  27.0,  33.0,  36.0, 16.0 ,  2.0,     ,  0.0,     ,  1.0, 1.0, 166.0,    5.0,   1.0,   0.0,     1.0,    18.0,        ,     1.0,        ,     0.0,        ,     0.0,      
stackro01, 1980,     1, PIT , NHL , D  , 74.0,  6.0,  29.0,  35.0,  86.0, -11.0,  2.0,     ,  0.0,     ,  1.0, 0.0, 127.0,    4.0,   0.0,   1.0,     1.0,     6.0,        ,     0.0,        ,     0.0,        ,     0.0,      
stackro01, 1981,     1, PIT , NHL , D  , 76.0,  2.0,  19.0,  21.0, 102.0, -11.0,  0.0,     ,  0.0,     ,  0.0, 0.0,  95.0,    1.0,   0.0,   0.0,     0.0,     0.0,        ,     0.0,        ,     0.0,        ,     0.0,      
stackte01, 1921,     1, TRS , NHL , D  , 13.0,  0.0,   0.0,   0.0,   2.0,      ,     ,     ,     ,     ,     ,    ,      ,    1.0,   0.0,   0.0,     0.0,     0.0,        ,        ,        ,        ,        ,        ,      
staffdr01, 2006,     1, BUF , NHL , R  , 41.0, 13.0,  14.0,  27.0,  33.0, 5.0  ,  3.0,  1.0,  0.0,  0.0,  3.0,    ,  67.0,   10.0,   2.0,   2.0,     4.0,     4.0, 3.0    ,     0.0,     0.0,     0.0,     0.0,     0.0,    16.0
staffdr01, 2007,     1, BUF , NHL , R  , 64.0, 16.0,  22.0,  38.0,  51.0, 3.0  ,  1.0,  2.0,  0.0,  0.0,  5.0,    , 103.0,       ,      ,      ,        ,        ,        ,        ,        ,        ,        ,        ,      
staffdr01, 2008,     1, BUF , NHL , R  , 79.0, 20.0,  25.0,  45.0,  29.0, 3.0  ,  9.0,  8.0,  0.0,  0.0,  0.0,    , 183.0,       ,      ,      ,        ,        ,        ,        ,        ,        ,        ,        ,      
staffdr01, 2009,     1, BUF , NHL , R  , 71.0, 14.0,  20.0,  34.0,  35.0, 4.0  ,  5.0,  6.0,  0.0,  0.0,  1.0,    , 181.0,    3.0,   0.0,   0.0,     0.0,     0.0, 0.0    ,     0.0,     0.0,     0.0,     0.0,     0.0,     8.0
staffga01, 2007,     1, DET , NHL , D  ,  2.0,  0.0,   0.0,   0.0,   0.0, 0.0  ,  0.0,  0.0,  0.0,  0.0,  0.0,    ,   1.0,       ,      ,      ,        ,        ,        ,        ,        ,        ,        ,        ,      
staffga01, 2008,     1, DAL , NHL , D  ,  3.0,  0.0,   2.0,   2.0,   0.0, 0.0  ,  0.0,  0.0,  0.0,  0.0,  0.0,    ,   5.0,       ,      ,      ,        ,        ,        ,        ,        ,        ,        ,        ,      
stahabu01, 1944,     1, MTL , NHL , D  ,     ,     ,      ,      ,      ,      ,     ,     ,     ,     ,     ,    ,      ,    3.0,   0.0,   1.0,     1.0,     2.0,        ,        ,        ,        ,        ,        ,      
staiost01, 1995,     1, BOS , NHL , D  , 12.0,  0.0,   0.0,   0.0,   4.0, -5.0 ,  0.0,  0.0,  0.0,  0.0,  0.0, 0.0,   4.0,    3.0,   0.0,   0.0,     0.0,     0.0, -1.0   ,     0.0,     0.0,     0.0,     0.0,     0.0,     5.0
staiost01, 1996,     1, BOS , NHL , D  , 54.0,  3.0,   8.0,  11.0,  71.0, -26.0,  0.0,  1.0,  0.0,  1.0,  0.0, 1.0,  56.0,       ,      ,      ,        ,        ,        ,        ,        ,        ,        ,        ,      
staiost01, 1996,     2, VAN , NHL , D  ,  9.0,  0.0,   6.0,   6.0,  20.0, 2.0  ,  0.0,  0.0,  0.0,  0.0,  0.0, 0.0,  10.0,       ,      ,      ,        ,        ,        ,        ,        ,        ,        ,        ,      
staiost01, 1997,     1, VAN , NHL , R  , 77.0,  3.0,   4.0,   7.0, 134.0, -3.0 ,  0.0,  0.0,  0.0,  0.0,  1.0, 0.0,  45.0,       ,      ,      ,        ,        ,        ,        ,        ,        ,        ,        ,      
staiost01, 1998,     1, VAN , NHL , R  , 57.0,  0.0,   2.0,   2.0,  54.0, -12.0,  0.0,  0.0,  0.0,  0.0,  0.0, 0.0,  33.0,       ,      ,      ,        ,        ,        ,        ,        ,        ,        ,        ,      
staiost01, 1999,     1, ATL , NHL , R  , 27.0,  2.0,   3.0,   5.0,  66.0, -5.0 ,  0.0,  0.0,  0.0,  0.0,  0.0, 0.0,  38.0,       ,      ,      ,        ,        ,        ,        ,        ,        ,        ,        ,      
staiost01, 2000,     1, ATL , NHL , D  , 70.0,  9.0,  13.0,  22.0, 137.0, -23.0,  4.0,  7.0,  0.0,  0.0,  0.0, 2.0, 156.0,       ,      ,      ,        ,        ,        ,        ,        ,        ,        ,        ,      
staiost01, 2001,     1, EDM , NHL , D  , 73.0,  5.0,   5.0,  10.0, 108.0, 10.0 ,  0.0,  1.0,  0.0,  1.0,  1.0, 0.0, 101.0,       ,      ,      ,        ,        ,        ,        ,        ,        ,        ,        ,      
staiost01, 2002,     1, EDM , NHL , D  , 76.0,  5.0,  21.0,  26.0,  96.0, 13.0 ,  1.0,  2.0,  3.0,  3.0,  0.0, 0.0, 126.0,    6.0,   0.0,   0.0,     0.0,     4.0, 0.0    ,     0.0,     0.0,     0.0,     0.0,     0.0,     7.0
staiost01, 2003,     1, EDM , NHL , D  , 82.0,  6.0,  22.0,  28.0,  86.0, 17.0 ,  1.0,  8.0,  0.0,  0.0,  1.0, 0.0, 153.0,       ,      ,      ,        ,        ,        ,        ,        ,        ,        ,        ,      
staiost01, 2005,     1, EDM , NHL , D  , 82.0,  8.0,  20.0,  28.0,  84.0, 10.0 ,  1.0,  6.0,  0.0,  0.0,  1.0,    , 140.0,   24.0,   1.0,   5.0,     6.0,    28.0, 0.0    ,     1.0,     1.0,     0.0,     0.0,     0.0,    28.0
staiost01, 2006,     1, EDM , NHL , D  , 58.0,  2.0,  15.0,  17.0,  97.0, -5.0 ,  0.0,  2.0,  0.0,  0.0,  0.0,    ,  71.0,       ,      ,      ,        ,        ,        ,        ,        ,        ,        ,        ,      
staiost01, 2007,     1, EDM , NHL , D  , 82.0,  7.0,   9.0,  16.0, 121.0, -14.0,  1.0,  0.0,  0.0,  0.0,  0.0,    ,  73.0,       ,      ,      ,        ,        ,        ,        ,        ,        ,        ,        ,      
staiost01, 2008,     1, EDM , NHL , D  , 80.0,  2.0,  12.0,  14.0,  92.0, -5.0 ,  0.0,  0.0,  0.0,  0.0,  0.0,    ,  78.0,       ,      ,      ,        ,        ,        ,        ,        ,        ,        ,        ,      
staiost01, 2009,     1, EDM , NHL , D  , 40.0,  0.0,   7.0,   7.0,  59.0, -19.0,  0.0,  1.0,  0.0,  0.0,  0.0,    ,  45.0,       ,      ,      ,        ,        ,        ,        ,        ,        ,        ,        ,      
staiost01, 2009,     2, CAL , NHL , D  , 18.0,  1.0,   2.0,   3.0,  16.0, -8.0 ,  1.0,  1.0,  0.0,  0.0,  0.0,    ,  16.0,       ,      ,      ,        ,        ,        ,        ,        ,        ,        ,        ,      
stajama01, 2002,     1, TOR , NHL , C  ,  1.0,  1.0,   0.0,   1.0,   0.0, 1.0  ,  0.0,  0.0,  0.0,  0.0,  0.0, 0.0,   1.0,       ,      ,      ,        ,        ,        ,        ,        ,        ,        ,        ,      
stajama01, 2003,     1, TOR , NHL , C  , 69.0, 14.0,  13.0,  27.0,  22.0, 7.0  ,  0.0,  0.0,  0.0,  1.0,  0.0, 1.0,  63.0,    3.0,   0.0,   0.0,     0.0,     2.0, 0.0    ,     0.0,     0.0,     0.0,     0.0,     0.0,     3.0
stajama01, 2005,     1, TOR , NHL , C  , 80.0, 15.0,  12.0,  27.0,  50.0, 5.0  ,  3.0,  1.0,  4.0,  4.0,  5.0,    ,  83.0,       ,      ,      ,        ,        ,        ,        ,        ,        ,        ,        ,      
stajama01, 2006,     1, TOR , NHL , C  , 82.0, 10.0,  29.0,  39.0,  44.0, 3.0  ,  1.0,  6.0,  1.0,  0.0,  1.0,    , 132.0,       ,      ,      ,        ,        ,        ,        ,        ,        ,        ,        ,      
stajama01, 2007,     1, TOR , NHL , C  , 82.0, 16.0,  17.0,  33.0,  47.0, -11.0,  2.0,  6.0,  1.0,  0.0,  3.0,    , 127.0,       ,      ,      ,        ,        ,        ,        ,        ,        ,        ,        ,      
stajama01, 2008,     1, TOR , NHL , C  , 76.0, 15.0,  40.0,  55.0,  54.0, -4.0 ,  5.0,  6.0,  1.0,  2.0,  1.0,    , 114.0,       ,      ,      ,        ,        ,        ,        ,        ,        ,        ,        ,      
stajama01, 2009,     1, TOR , NHL , C  , 55.0, 16.0,  25.0,  41.0,  30.0, -3.0 ,  7.0,  6.0,  0.0,  1.0,  2.0,    ,  99.0,       ,      ,      ,        ,        ,        ,        ,        ,        ,        ,        ,      
stajama01, 2009,     2, CAL , NHL , C  , 27.0,  3.0,  13.0,  16.0,   2.0, -3.0 ,  0.0,  2.0,  0.0,  1.0,  2.0,    ,  33.0,       ,      ,      ,        ,        ,        ,        ,        ,        ,        ,        ,      
stajdni01, 1995,     1, EDM , NHL , D  ,  2.0,  0.0,   0.0,   0.0,   4.0, 2.0  ,  0.0,  0.0,  0.0,  0.0,  0.0, 0.0,   1.0,       ,      ,      ,        ,        ,        ,        ,        ,        ,        ,        ,      
stalbvi01, 2009,     1, TOR , NHL , L  , 40.0,  9.0,   5.0,  14.0,  30.0, -13.0,  0.0,  2.0,  0.0,  0.0,  0.0,    , 117.0,       ,      ,      ,        ,        ,        ,        ,        ,        ,        ,        ,      
staleal01, 1948,     1, NYR , NHL , C  ,  1.0,  0.0,   1.0,   1.0,   0.0,      ,     ,     ,     ,     ,     ,    ,      ,       ,      ,      ,        ,        ,        ,        ,        ,        ,        ,        ,      
stamkst01, 2008,     1, TBL , NHL , C  , 79.0, 23.0,  23.0,  46.0,  39.0, -13.0,  9.0,  8.0,  0.0,  0.0,  1.0,    , 181.0,       ,      ,      ,        ,        ,        ,        ,        ,        ,        ,        ,      
stamkst01, 2009,     1, TBL , NHL , C  , 82.0, 51.0,  44.0,  95.0,  38.0, -2.0 , 24.0, 17.0,  1.0,  0.0,  5.0,    , 297.0,       ,      ,      ,        ,        ,        ,        ,        ,        ,        ,        ,      
stamllo01, 1976,     1, LAK , NHL , L  ,  7.0,  2.0,   1.0,   3.0,   2.0, 0.0  ,  0.0,     ,  0.0,     ,  0.0, 1.0,   8.0,       ,      ,      ,        ,        ,        ,        ,        ,        ,        ,        ,      
stamllo01, 1977,     1, LAK , NHL , L  ,  2.0,  0.0,   0.0,   0.0,   0.0, 0.0  ,  0.0,     ,  0.0,     ,  0.0, 0.0,   1.0,       ,      ,      ,        ,        ,        ,        ,        ,        ,        ,        ,      
stamllo01, 1978,     1, TOR , NHL , L  , 45.0,  4.0,   3.0,   7.0,   2.0, -6.0 ,  0.0,     ,  0.0,     ,  1.0, 1.0,  31.0,       ,      ,      ,        ,        ,        ,        ,        ,        ,        ,        ,      
stamllo01, 1979,     1, WIN , NHL , L  , 62.0,  8.0,   7.0,  15.0,  12.0, -29.0,  0.0,     ,  0.0,     ,  0.0, 0.0,  89.0,       ,      ,      ,        ,        ,        ,        ,        ,        ,        ,        ,      
stamoma01, 1992,     1, OTT , NHL , L  ,  1.0,  0.0,   0.0,   0.0,   2.0, 0.0  ,  0.0,  0.0,  0.0,  0.0,  0.0, 0.0,   2.0,       ,      ,      ,        ,        ,        ,        ,        ,        ,        ,        ,      
stanara01, 2003,     1, WAS , NHL , G  ,  6.0,  0.0,   0.0,   0.0,   0.0, 0.0  ,  0.0,  0.0,  0.0,  0.0,  0.0, 0.0,   0.0,       ,      ,      ,        ,        ,        ,        ,        ,        ,        ,        ,      
standge01, 1967,     1, MNS , NHL , R  ,  2.0,  0.0,   0.0,   0.0,   0.0, -1.0 ,  0.0,     ,  0.0,     ,  0.0, 0.0,   1.0,       ,      ,      ,        ,        ,        ,        ,        ,        ,        ,        ,      
stanffr01, 1964,     1, CHI , NHL , C  , 58.0,  7.0,  10.0,  17.0,  14.0,      ,  1.0,     ,  1.0,     ,  2.0, 0.0,      ,   14.0,   2.0,   1.0,     3.0,     2.0,        ,        ,        ,        ,        ,     0.0,      
stanffr01, 1965,     1, CHI , NHL , L  , 39.0,  2.0,   2.0,   4.0,   2.0,      ,  1.0,     ,  0.0,     ,  0.0, 0.0,      ,    5.0,   0.0,   0.0,     0.0,     2.0,        ,        ,        ,        ,        ,     0.0,      
stanffr01, 1966,     1, CHI , NHL , C  , 10.0,  1.0,   0.0,   1.0,   0.0,      ,  0.0,     ,  0.0,     ,  0.0, 0.0,      ,    1.0,   0.0,   0.0,     0.0,     0.0,        ,        ,        ,        ,        ,     0.0,      
stanffr01, 1967,     1, BOS , NHL , C  , 73.0, 20.0,  44.0,  64.0,  10.0, 9.0  ,  3.0,     ,  0.0,     ,  1.0, 2.0, 215.0,    4.0,   0.0,   1.0,     1.0,     0.0,        ,     0.0,        ,     0.0,        ,     0.0,      
stanffr01, 1968,     1, BOS , NHL , C  , 71.0, 25.0,  29.0,  54.0,  22.0, -4.0 ,  6.0,     ,  0.0,     ,  1.0, 0.0, 199.0,   10.0,   2.0,   2.0,     4.0,     0.0,        ,     1.0,        ,     0.0,        ,     0.0,      
stanffr01, 1969,     1, BOS , NHL , C  , 73.0, 23.0,  35.0,  58.0,  14.0, 7.0  , 13.0,     ,  0.0,     ,  3.0, 0.0, 254.0,   14.0,   4.0,  12.0,    16.0,     6.0,        ,     2.0,        ,     0.0,        ,     0.0,      
stanffr01, 1970,     1, BOS , NHL , C  , 75.0, 24.0,  52.0,  76.0,  12.0, 32.0 ,  8.0,     ,  0.0,     ,  3.0, 0.0, 267.0,    7.0,   3.0,   4.0,     7.0,     0.0,        ,     1.0,        ,     0.0,        ,     0.0,      
stanffr01, 1971,     1, BOS , NHL , C  , 78.0, 23.0,  56.0,  79.0,  12.0, 20.0 ,  5.0,     ,  1.0,     ,  4.0, 0.0, 168.0,   15.0,   7.0,   9.0,    16.0,     0.0,        ,     1.0,        ,     0.0,        ,     0.0,      
stanffr01, 1972,     1, BOS , NHL , C  , 78.0, 20.0,  58.0,  78.0,  10.0, 12.0 ,  7.0,     ,  0.0,     ,  2.0, 0.0, 214.0,    5.0,   1.0,   1.0,     2.0,     0.0,        ,     0.0,        ,     0.0,        ,     0.0,      
stanffr01, 1973,     1, MNS , NHL , C  , 71.0, 16.0,  28.0,  44.0,  10.0, -14.0,  3.0,     ,  0.0,     ,  2.0, 2.0, 218.0,       ,      ,      ,        ,        ,        ,        ,        ,        ,        ,        ,      
stanffr01, 1974,     1, MNS , NHL , C  , 40.0,  8.0,  18.0,  26.0,  12.0, -14.0,  2.0,     ,  0.0,     ,  1.0, 2.0, 107.0,       ,      ,      ,        ,        ,        ,        ,        ,        ,        ,        ,      
stanffr01, 1974,     2, BUF , NHL , C  , 32.0, 12.0,  21.0,  33.0,   4.0, 9.0  ,  6.0,     ,  0.0,     ,  2.0, 1.0,  77.0,   17.0,   2.0,   4.0,     6.0,     0.0,        ,     0.0,        ,     0.0,        ,     0.0,      
stanffr01, 1975,     1, BUF , NHL , C  , 80.0, 18.0,  30.0,  48.0,   4.0, 5.0  ,  2.0,     ,  1.0,     ,  3.0, 0.0, 112.0,    9.0,   0.0,   1.0,     1.0,     0.0,        ,     0.0,        ,     0.0,        ,     0.0,      
stanffr01, 1976,     1, BUF , NHL , C  , 79.0,  9.0,  14.0,  23.0,   6.0, -2.0 ,  2.0,     ,  0.0,     ,  2.0, 0.0,  69.0,    5.0,   0.0,   0.0,     0.0,     0.0,        ,     0.0,        ,     0.0,        ,     0.0,      
stanffr01, 1977,     1, BUF , NHL , C  , 57.0,  3.0,   8.0,  11.0,   2.0, -8.0 ,  0.0,     ,  0.0,     ,  0.0, 0.0,  38.0,       ,      ,      ,        ,        ,        ,        ,        ,        ,        ,        ,      
stanfja01, 1965,     1, CHI , NHL , L  ,     ,     ,      ,      ,      ,      ,     ,     ,     ,     ,     ,    ,      ,    1.0,   0.0,   0.0,     0.0,     0.0,        ,        ,        ,        ,        ,     0.0,      
stanfja01, 1972,     1, HOU , WHA , L  , 71.0,  8.0,  12.0,  20.0,   8.0,      ,  0.0,     ,  0.0,     ,     ,    ,      ,    9.0,   1.0,   0.0,     1.0,     0.0,        ,     0.0,        ,     0.0,        ,     0.0,      
stanfja01, 1973,     1, HOU , WHA , L  , 41.0,  1.0,   3.0,   4.0,   2.0,      ,  1.0,     ,  0.0,     ,  0.0,    ,      ,    7.0,   0.0,   0.0,     0.0,     2.0,        ,        ,        ,        ,        ,     0.0,      
stanfji01, 1969,     1, LAK , NHL , C  ,  1.0,  0.0,   0.0,   0.0,   0.0, 0.0  ,  0.0,     ,  0.0,     ,  0.0, 0.0,   0.0,       ,      ,      ,        ,        ,        ,        ,        ,        ,        ,        ,      
stanfji01, 1970,     1, LAK , NHL , C  ,  2.0,  0.0,   0.0,   0.0,   0.0, 1.0  ,  0.0,     ,  0.0,     ,  0.0, 0.0,   8.0,       ,      ,      ,        ,        ,        ,        ,        ,        ,        ,        ,      
stanfji01, 1971,     1, LAK , NHL , C  ,  4.0,  0.0,   1.0,   1.0,   0.0, -1.0 ,  0.0,     ,  0.0,     ,  0.0, 0.0,   7.0,       ,      ,      ,        ,        ,        ,        ,        ,        ,        ,        ,      
stanied01, 1975,     1, STL , NHL , G  , 11.0,  0.0,   0.0,   0.0,   0.0, 0.0  ,  0.0,     ,  0.0,     ,  0.0, 0.0,   0.0,    3.0,   0.0,   0.0,     0.0,     0.0,        ,     0.0,        ,     0.0,        ,     0.0,      
stanied01, 1976,     1, STL , NHL , G  , 29.0,  0.0,   0.0,   0.0,   0.0, 0.0  ,  0.0,     ,  0.0,     ,  0.0, 0.0,   0.0,    3.0,   0.0,   0.0,     0.0,     0.0,        ,     0.0,        ,     0.0,        ,     0.0,      
stanied01, 1977,     1, STL , NHL , G  , 17.0,  0.0,   0.0,   0.0,   0.0, 0.0  ,  0.0,     ,  0.0,     ,  0.0, 0.0,   0.0,       ,      ,      ,        ,        ,        ,        ,        ,        ,        ,        ,      
stanied01, 1978,     1, STL , NHL , G  , 39.0,  0.0,   1.0,   1.0,   2.0, 0.0  ,  0.0,     ,  0.0,     ,  0.0, 0.0,   0.0,       ,      ,      ,        ,        ,        ,        ,        ,        ,        ,        ,      
stanied01, 1979,     1, STL , NHL , G  , 22.0,  0.0,   0.0,   0.0,   2.0, 0.0  ,  0.0,     ,  0.0,     ,  0.0, 0.0,   0.0,       ,      ,      ,        ,        ,        ,        ,        ,        ,        ,        ,      
stanied01, 1980,     1, STL , NHL , G  , 19.0,  0.0,   2.0,   2.0,   0.0, 0.0  ,  0.0,     ,  0.0,     ,  0.0, 0.0,   0.0,       ,      ,      ,        ,        ,        ,        ,        ,        ,        ,        ,      
stanied01, 1981,     1, WIN , NHL , G  , 45.0,  0.0,   5.0,   5.0,   4.0, 0.0  ,  0.0,     ,  0.0,     ,  0.0, 0.0,   0.0,    2.0,   0.0,   0.0,     0.0,     0.0,        ,     0.0,        ,     0.0,        ,     0.0,      
stanied01, 1982,     1, WIN , NHL , G  , 17.0,  0.0,   1.0,   1.0,   0.0, 0.0  ,  0.0,     ,  0.0,     ,  0.0, 0.0,   0.0,       ,      ,      ,        ,        ,        ,        ,        ,        ,        ,        ,      
stanied01, 1983,     1, WIN , NHL , G  ,  1.0,  0.0,   1.0,   1.0,   0.0, 0.0  ,  0.0,     ,  0.0,     ,  0.0, 0.0,   0.0,       ,      ,      ,        ,        ,        ,        ,        ,        ,        ,        ,      
stanied01, 1983,     2, HAR , NHL , G  , 18.0,  0.0,   0.0,   0.0,   2.0, 0.0  ,  0.0,     ,  0.0,     ,  0.0, 0.0,   0.0,       ,      ,      ,        ,        ,        ,        ,        ,        ,        ,        ,      
stanied01, 1984,     1, HAR , NHL , G  ,  1.0,  0.0,   0.0,   0.0,   0.0, 0.0  ,  0.0,     ,  0.0,     ,  0.0, 0.0,   0.0,       ,      ,      ,        ,        ,        ,        ,        ,        ,        ,        ,      
stanked01, 1953,     1, DET , NHL , C  ,  1.0,  0.0,   0.0,   0.0,   2.0,      ,     ,     ,     ,     ,     ,    ,      ,       ,      ,      ,        ,        ,        ,        ,        ,        ,        ,        ,      
stanked01, 1955,     1, DET , NHL , C  ,  5.0,  0.0,   0.0,   0.0,   0.0,      ,     ,     ,     ,     ,     ,    ,      ,       ,      ,      ,        ,        ,        ,        ,        ,        ,        ,        ,      
stankmy01, 1968,     1, STL , NHL , L  , 16.0,  0.0,   2.0,   2.0,  11.0, -2.0 ,  0.0,     ,  0.0,     ,  0.0, 0.0,  17.0,       ,      ,      ,        ,        ,        ,        ,        ,        ,        ,        ,      
stankmy01, 1968,     2, PHI , NHL , L  , 19.0,  0.0,   5.0,   5.0,  25.0, -11.0,  0.0,     ,  0.0,     ,  0.0, 0.0,  43.0,    1.0,   0.0,   0.0,     0.0,     0.0,        ,     0.0,        ,     0.0,        ,     0.0,      
stanlal01, 1948,     1, NYR , NHL , D  , 40.0,  2.0,   8.0,  10.0,  22.0,      ,     ,     ,     ,     ,     ,    ,      ,       ,      ,      ,        ,        ,        ,        ,        ,        ,        ,        ,      
stanlal01, 1949,     1, NYR , NHL , D  , 55.0,  4.0,   4.0,   8.0,  58.0,      ,     ,     ,     ,     ,     ,    ,      ,   12.0,   2.0,   5.0,     7.0,    10.0,        ,        ,        ,        ,        ,        ,      
stanlal01, 1950,     1, NYR , NHL , D  , 70.0,  7.0,  14.0,  21.0,  75.0,      ,     ,     ,     ,     ,     ,    ,      ,       ,      ,      ,        ,        ,        ,        ,        ,        ,        ,        ,      
stanlal01, 1951,     1, NYR , NHL , D  , 50.0,  5.0,  14.0,  19.0,  52.0,      ,     ,     ,     ,     ,     ,    ,      ,       ,      ,      ,        ,        ,        ,        ,        ,        ,        ,        ,      
stanlal01, 1952,     1, NYR , NHL , D  , 70.0,  5.0,  12.0,  17.0,  52.0,      ,     ,     ,     ,     ,     ,    ,      ,       ,      ,      ,        ,        ,        ,        ,        ,        ,        ,        ,      
stanlal01, 1953,     1, NYR , NHL , D  , 10.0,  0.0,   2.0,   2.0,  11.0,      ,     ,     ,     ,     ,     ,    ,      ,       ,      ,      ,        ,        ,        ,        ,        ,        ,        ,        ,      
stanlal01, 1954,     1, NYR , NHL , D  , 12.0,  0.0,   2.0,   2.0,   2.0,      ,     ,     ,     ,     ,     ,    ,      ,       ,      ,      ,        ,        ,        ,        ,        ,        ,        ,        ,      
stanlal01, 1954,     2, CHI , NHL , D  , 52.0, 10.0,  14.0,  24.0,  22.0,      ,     ,     ,     ,     ,     ,    ,      ,       ,      ,      ,        ,        ,        ,        ,        ,        ,        ,        ,      
stanlal01, 1955,     1, CHI , NHL , D  , 59.0,  4.0,  14.0,  18.0,  70.0,      ,     ,     ,     ,     ,     ,    ,      ,       ,      ,      ,        ,        ,        ,        ,        ,        ,        ,        ,      
stanlal01, 1956,     1, BOS , NHL , D  , 60.0,  6.0,  25.0,  31.0,  45.0,      ,     ,     ,     ,     ,     ,    ,      ,       ,      ,      ,        ,        ,        ,        ,        ,        ,        ,        ,      
stanlal01, 1957,     1, BOS , NHL , D  , 69.0,  6.0,  25.0,  31.0,  37.0,      ,     ,     ,     ,     ,     ,    ,      ,   12.0,   1.0,   3.0,     4.0,     6.0,        ,        ,        ,        ,        ,        ,      
stanlal01, 1958,     1, TOR , NHL , D  , 70.0,  1.0,  22.0,  23.0,  47.0,      ,     ,     ,     ,     ,     ,    ,      ,   12.0,   0.0,   3.0,     3.0,     2.0,        ,        ,        ,        ,        ,        ,      
stanlal01, 1959,     1, TOR , NHL , D  , 64.0, 10.0,  23.0,  33.0,  22.0,      ,     ,     ,     ,     ,     ,    ,      ,   10.0,   2.0,   3.0,     5.0,     2.0,        ,        ,        ,        ,        ,        ,      
stanlal01, 1960,     1, TOR , NHL , D  , 68.0,  9.0,  25.0,  34.0,  42.0,      ,     ,     ,     ,     ,     ,    ,      ,    5.0,   0.0,   3.0,     3.0,     0.0,        ,        ,        ,        ,        ,     0.0,      
stanlal01, 1961,     1, TOR , NHL , D  , 60.0,  9.0,  26.0,  35.0,  24.0,      ,     ,     ,     ,     ,     ,    ,      ,   12.0,   0.0,   3.0,     3.0,     6.0,        ,        ,        ,        ,        ,     0.0,      
stanlal01, 1962,     1, TOR , NHL , D  , 61.0,  4.0,  15.0,  19.0,  22.0,      ,     ,     ,     ,     ,     ,    ,      ,   10.0,   1.0,   6.0,     7.0,     8.0,        ,        ,        ,        ,        ,     0.0,      
stanlal01, 1963,     1, TOR , NHL , D  , 70.0,  6.0,  21.0,  27.0,  60.0,      ,  1.0,     ,  0.0,     ,  1.0, 0.0,      ,   14.0,   1.0,   6.0,     7.0,    20.0,        ,        ,        ,        ,        ,     0.0,      
stanlal01, 1964,     1, TOR , NHL , D  , 64.0,  2.0,  15.0,  17.0,  30.0,      ,  0.0,     ,  0.0,     ,  0.0, 0.0,      ,    6.0,   0.0,   1.0,     1.0,    12.0,        ,        ,        ,        ,        ,     0.0,      
stanlal01, 1965,     1, TOR , NHL , D  , 59.0,  4.0,  14.0,  18.0,  35.0,      ,  1.0,     ,  0.0,     ,  0.0, 0.0,      ,    1.0,   0.0,   0.0,     0.0,     0.0,        ,        ,        ,        ,        ,     0.0,      
stanlal01, 1966,     1, TOR , NHL , D  , 53.0,  1.0,  12.0,  13.0,  20.0,      ,  0.0,     ,  0.0,     ,  0.0, 0.0,      ,   12.0,   0.0,   2.0,     2.0,    10.0,        ,        ,        ,        ,        ,     0.0,      
stanlal01, 1967,     1, TOR , NHL , D  , 64.0,  1.0,  13.0,  14.0,  16.0, 6.0  ,  0.0,     ,  0.0,     ,  0.0, 0.0,  61.0,       ,      ,      ,        ,        ,        ,        ,        ,        ,        ,        ,      
stanlal01, 1968,     1, PHI , NHL , D  , 64.0,  4.0,  13.0,  17.0,  28.0, -4.0 ,  2.0,     ,  0.0,     ,  0.0, 1.0,  75.0,    3.0,   0.0,   1.0,     1.0,     4.0,        ,     0.0,        ,     0.0,        ,     0.0,      
stanlba01, 1914,     1, VML , PCHA, R  ,  5.0,  7.0,   0.0,   7.0,   0.0,      ,     ,     ,     ,     ,     ,    ,      ,       ,      ,      ,        ,        ,        ,        ,        ,        ,        ,        ,      
stanlba01, 1915,     1, VML , PCHA, R  , 14.0,  6.0,   6.0,  12.0,   9.0,      ,     ,     ,     ,     ,     ,    ,      ,       ,      ,      ,        ,        ,        ,        ,        ,        ,        ,        ,      
stanlba01, 1916,     1, VML , PCHA, R  , 23.0, 28.0,  18.0,  46.0,   9.0,      ,     ,     ,     ,     ,     ,    ,      ,       ,      ,      ,        ,        ,        ,        ,        ,        ,        ,        ,      
stanlba01, 1917,     1, VML , PCHA, R  , 18.0, 11.0,   6.0,  17.0,  12.0,      ,     ,     ,     ,     ,     ,    ,      ,    2.0,   1.0,   0.0,     1.0,     3.0,        ,        ,        ,        ,        ,        ,      
stanlba01, 1918,     1, VML , PCHA, R  , 20.0, 11.0,   7.0,  18.0,  22.0,      ,     ,     ,     ,     ,     ,    ,      ,    2.0,   0.0,   0.0,     0.0,     0.0,        ,        ,        ,        ,        ,        ,      
stanlba01, 1921,     1, CAT , WCHL, R  , 24.0, 25.0,   5.0,  30.0,  17.0,      ,     ,     ,     ,     ,     ,    ,      ,    2.0,   0.0,   0.0,     0.0,     0.0,        ,        ,        ,        ,        ,        ,      
stanlba01, 1922,     1, REG , WCHL, R  , 29.0, 14.0,   7.0,  21.0,  10.0,      ,     ,     ,     ,     ,     ,    ,      ,    2.0,   1.0,   0.0,     1.0,     2.0,        ,        ,        ,        ,        ,        ,      
stanlba01, 1923,     1, REG , WCHL, R  , 30.0, 15.0,  11.0,  26.0,  27.0,      ,     ,     ,     ,     ,     ,    ,      ,    2.0,   1.0,   0.0,     1.0,     2.0,        ,        ,        ,        ,        ,        ,      
stanlba01, 1924,     1, EDE , WCHL, R  , 25.0, 12.0,   5.0,  17.0,  36.0,      ,     ,     ,     ,     ,     ,    ,      ,       ,      ,      ,        ,        ,        ,        ,        ,        ,        ,        ,      
stanlba01, 1925,     1, EDE , WCHL, D  , 29.0, 14.0,   8.0,  22.0,  47.0,      ,     ,     ,     ,     ,     ,    ,      ,    2.0,   1.0,   0.0,     1.0,     0.0,        ,        ,        ,        ,        ,        ,      
stanlba01, 1927,     1, CHI , NHL , F  ,  1.0,  0.0,   0.0,   0.0,   0.0,      ,     ,     ,     ,     ,     ,    ,      ,       ,      ,      ,        ,        ,        ,        ,        ,        ,        ,        ,      
stanlda01, 1983,     1, PHI , NHL , D  , 23.0,  1.0,   4.0,   5.0,  71.0, 4.0  ,  0.0,     ,  0.0,     ,  1.0, 0.0,  14.0,    3.0,   0.0,   0.0,     0.0,    19.0, -3.0   ,     0.0,        ,     0.0,        ,     0.0,     2.0
stanlda01, 1985,     1, PHI , NHL , D  , 33.0,  0.0,   2.0,   2.0,  69.0, -5.0 ,  0.0,     ,  0.0,     ,  0.0, 0.0,   7.0,    1.0,   0.0,   0.0,     0.0,     2.0, 0.0    ,     0.0,        ,     0.0,        ,     0.0,     1.0
stanlda01, 1986,     1, PHI , NHL , D  , 33.0,  1.0,   2.0,   3.0,  76.0, 6.0  ,  0.0,     ,  0.0,     ,  1.0, 0.0,  22.0,   13.0,   0.0,   0.0,     0.0,     9.0, -3.0   ,     0.0,        ,     0.0,        ,     0.0,     5.0
stanlda01, 1987,     1, VAN , NHL , D  , 57.0,  2.0,   7.0,   9.0, 151.0, -12.0,  0.0,  0.0,  0.0,  0.0,  0.0, 0.0,  27.0,       ,      ,      ,        ,        ,        ,        ,        ,        ,        ,        ,      
stanlda01, 1988,     1, VAN , NHL , D  , 20.0,  3.0,   1.0,   4.0,  14.0, 3.0  ,  0.0,  0.0,  0.0,  0.0,  1.0, 0.0,  12.0,       ,      ,      ,        ,        ,        ,        ,        ,        ,        ,        ,      
stanlda01, 1989,     1, VAN , NHL , D  , 23.0,  1.0,   1.0,   2.0,  27.0, -2.0 ,  0.0,  0.0,  0.0,  0.0,  1.0, 0.0,   7.0,       ,      ,      ,        ,        ,        ,        ,        ,        ,        ,        ,      
stanowa01, 1939,     1, TOR , NHL , D  , 27.0,  2.0,   7.0,   9.0,  11.0,      ,     ,     ,     ,     ,     ,    ,      ,   10.0,   1.0,   0.0,     1.0,     2.0,        ,        ,        ,        ,        ,        ,      
stanowa01, 1940,     1, TOR , NHL , D  , 47.0,  7.0,  14.0,  21.0,  35.0,      ,     ,     ,     ,     ,     ,    ,      ,    7.0,   0.0,   3.0,     3.0,     2.0,        ,        ,        ,        ,        ,        ,      
stanowa01, 1941,     1, TOR , NHL , D  , 24.0,  1.0,   7.0,   8.0,  10.0,      ,     ,     ,     ,     ,     ,    ,      ,   13.0,   2.0,   8.0,    10.0,     2.0,        ,        ,        ,        ,        ,        ,      
stanowa01, 1944,     1, TOR , NHL , D  , 34.0,  2.0,   9.0,  11.0,  16.0,      ,     ,     ,     ,     ,     ,    ,      ,   13.0,   0.0,   1.0,     1.0,     5.0,        ,        ,        ,        ,        ,        ,      
stanowa01, 1945,     1, TOR , NHL , D  , 45.0,  3.0,  10.0,  13.0,  10.0,      ,     ,     ,     ,     ,     ,    ,      ,       ,      ,      ,        ,        ,        ,        ,        ,        ,        ,        ,      
stanowa01, 1946,     1, TOR , NHL , D  , 51.0,  3.0,  16.0,  19.0,  12.0,      ,     ,     ,     ,     ,     ,    ,      ,    8.0,   0.0,   0.0,     0.0,     0.0,        ,        ,        ,        ,        ,        ,      
stanowa01, 1947,     1, TOR , NHL , D  , 54.0,  2.0,  11.0,  13.0,  12.0,      ,     ,     ,     ,     ,     ,    ,      ,    9.0,   0.0,   2.0,     2.0,     2.0,        ,        ,        ,        ,        ,        ,      
stanowa01, 1948,     1, NYR , NHL , D  , 60.0,  1.0,   8.0,   9.0,  16.0,      ,     ,     ,     ,     ,     ,    ,      ,       ,      ,      ,        ,        ,        ,        ,        ,        ,        ,        ,      
stanowa01, 1949,     1, NYR , NHL , D  , 37.0,  1.0,   1.0,   2.0,  10.0,      ,     ,     ,     ,     ,     ,    ,      ,       ,      ,      ,        ,        ,        ,        ,        ,        ,        ,        ,      
stanowa01, 1950,     1, NYR , NHL , D  , 49.0,  1.0,   5.0,   6.0,  28.0,      ,     ,     ,     ,     ,     ,    ,      ,       ,      ,      ,        ,        ,        ,        ,        ,        ,        ,        ,      
stantpa01, 1990,     1, PIT , NHL , D  , 75.0,  5.0,  18.0,  23.0,  40.0, 11.0 ,  1.0,  3.0,  0.0,  1.0,  1.0, 0.0,  72.0,   22.0,   1.0,   2.0,     3.0,    24.0, 6.0    ,     0.0,     0.0,     0.0,     0.0,     0.0,    18.0
stantpa01, 1991,     1, PIT , NHL , D  , 54.0,  2.0,   8.0,  10.0,  62.0, -8.0 ,  0.0,  2.0,  0.0,  0.0,  0.0, 0.0,  70.0,   21.0,   1.0,   7.0,     8.0,    42.0, 6.0    ,     0.0,     1.0,     0.0,     0.0,     0.0,    24.0
stantpa01, 1992,     1, PIT , NHL , D  , 77.0,  4.0,  12.0,  16.0,  97.0, 7.0  ,  2.0,  3.0,  0.0,  0.0,  1.0, 0.0, 106.0,    1.0,   0.0,   1.0,     1.0,     0.0, 0.0    ,     0.0,     0.0,     0.0,     0.0,     0.0,     1.0
stantpa01, 1993,     1, BOS , NHL , D  , 71.0,  3.0,   7.0,  10.0,  54.0, -7.0 ,  1.0,  3.0,  0.0,  0.0,  1.0, 0.0, 136.0,       ,      ,      ,        ,        ,        ,        ,        ,        ,        ,        ,      
stantpa01, 1994,     1, NYI , NHL , D  , 18.0,  0.0,   4.0,   4.0,   9.0, -6.0 ,  0.0,  3.0,  0.0,  0.0,  0.0, 0.0,  28.0,       ,      ,      ,        ,        ,        ,        ,        ,        ,        ,        ,      
staplbr01, 1975,     1, WAS , NHL , R  ,  1.0,  0.0,   0.0,   0.0,   0.0, -2.0 ,  0.0,     ,  0.0,     ,  0.0, 0.0,   0.0,       ,      ,      ,        ,        ,        ,        ,        ,        ,        ,        ,      
staplmi01, 1986,     1, CHI , NHL , C  , 39.0,  3.0,   6.0,   9.0,   6.0, -9.0 ,  0.0,     ,  0.0,     ,  0.0, 0.0,  54.0,    4.0,   0.0,   0.0,     0.0,     2.0, 0.0    ,     0.0,        ,     0.0,        ,     0.0,     7.0
staplmi01, 1987,     1, CHI , NHL , C  , 53.0,  2.0,   9.0,  11.0,  59.0, -10.0,  0.0,  2.0,  0.0,  0.0,  1.0, 0.0,  50.0,       ,      ,      ,        ,        ,        ,        ,        ,        ,        ,        ,      
staplmi01, 1988,     1, CHI , NHL , C  ,  7.0,  0.0,   1.0,   1.0,   7.0, -1.0 ,  0.0,  0.0,  0.0,  0.0,  0.0, 0.0,   6.0,       ,      ,      ,        ,        ,        ,        ,        ,        ,        ,        ,      
staplmi01, 1990,     1, CHI , NHL , C  ,  7.0,  0.0,   1.0,   1.0,   2.0, 0.0  ,  0.0,  0.0,  0.0,  0.0,  0.0, 0.0,   6.0,       ,      ,      ,        ,        ,        ,        ,        ,        ,        ,        ,      
staplmi01, 1991,     1, CHI , NHL , C  , 19.0,  4.0,   4.0,   8.0,   8.0, 0.0  ,  1.0,  1.0,  0.0,  0.0,  0.0, 0.0,  32.0,       ,      ,      ,        ,        ,        ,        ,        ,        ,        ,        ,      
staplmi01, 1992,     1, PIT , NHL , C  , 78.0,  4.0,   9.0,  13.0,  10.0, -8.0 ,  0.0,  3.0,  1.0,  0.0,  1.0, 0.0,  78.0,    4.0,   0.0,   0.0,     0.0,     0.0, 1.0    ,     0.0,     0.0,     0.0,     0.0,     0.0,     1.0
staplmi01, 1993,     1, PIT , NHL , C  , 58.0,  7.0,   4.0,  11.0,  18.0, -4.0 ,  3.0,  3.0,  0.0,  0.0,  0.0, 0.0,  59.0,       ,      ,      ,        ,        ,        ,        ,        ,        ,        ,        ,      
staplmi01, 1993,     2, EDM , NHL , C  , 23.0,  5.0,   9.0,  14.0,  28.0, -1.0 ,  1.0,  2.0,  0.0,  0.0,  0.0, 1.0,  43.0,       ,      ,      ,        ,        ,        ,        ,        ,        ,        ,        ,      
staplmi01, 1994,     1, EDM , NHL , R  , 46.0,  6.0,  11.0,  17.0,  21.0, -12.0,  3.0,  4.0,  0.0,  0.0,  2.0, 0.0,  59.0,       ,      ,      ,        ,        ,        ,        ,        ,        ,        ,        ,      
staplmi01, 1995,     1, WIN , NHL , C  , 58.0, 10.0,  14.0,  24.0,  37.0, -4.0 ,  3.0,  0.0,  1.0,  0.0,  0.0, 0.0,  91.0,    6.0,   0.0,   0.0,     0.0,    21.0, -1.0   ,     0.0,     0.0,     0.0,     0.0,     0.0,     1.0
staplmi01, 1996,     1, PHO , NHL , C  , 55.0,  4.0,  11.0,  15.0,  36.0, -4.0 ,  2.0,  3.0,  0.0,  0.0,  1.0, 0.0,  74.0,    7.0,   0.0,   0.0,     0.0,    14.0, -1.0   ,     0.0,     0.0,     0.0,     0.0,     0.0,     5.0
staplmi01, 1997,     1, PHO , NHL , R  , 64.0,  5.0,   5.0,  10.0,  36.0, -4.0 ,  1.0,  2.0,  1.0,  0.0,  1.0, 0.0,  69.0,    6.0,   0.0,   0.0,     0.0,     2.0, 0.0    ,     0.0,     0.0,     0.0,     0.0,     0.0,     5.0
staplmi01, 1998,     1, PHO , NHL , C  , 76.0,  9.0,   9.0,  18.0,  34.0, -6.0 ,  0.0,  2.0,  2.0,  0.0,  2.0, 0.0, 106.0,    7.0,   1.0,   0.0,     1.0,     0.0, -1.0   ,     0.0,     0.0,     0.0,     0.0,     0.0,     3.0
staplmi01, 1999,     1, ATL , NHL , C  , 62.0, 10.0,  12.0,  22.0,  30.0, -29.0,  4.0,  5.0,  0.0,  0.0,  1.0, 0.0, 146.0,       ,      ,      ,        ,        ,        ,        ,        ,        ,        ,        ,      
staplmi01, 2000,     1, NYI , NHL , C  , 34.0,  1.0,   4.0,   5.0,   2.0, -5.0 ,  0.0,  1.0,  0.0,  1.0,  0.0, 0.0,  22.0,       ,      ,      ,        ,        ,        ,        ,        ,        ,        ,        ,      
staplmi01, 2000,     2, VAN , NHL , C  , 18.0,  1.0,   2.0,   3.0,   8.0, -6.0 ,  1.0,  0.0,  0.0,  0.0,  0.0, 0.0,   9.0,       ,      ,      ,        ,        ,        ,        ,        ,        ,        ,        ,      
staplpa01, 1961,     1, BOS , NHL , D  , 69.0,  2.0,   5.0,   7.0,  42.0,      ,     ,     ,     ,     ,     ,    ,      ,       ,      ,      ,        ,        ,        ,        ,        ,        ,        ,        ,      
staplpa01, 1962,     1, BOS , NHL , D  , 21.0,  0.0,   3.0,   3.0,   8.0,      ,     ,     ,     ,     ,     ,    ,      ,       ,      ,      ,        ,        ,        ,        ,        ,        ,        ,        ,      
staplpa01, 1965,     1, CHI , NHL , D  , 55.0,  4.0,  30.0,  34.0,  52.0,      ,  0.0,     ,  0.0,     ,  1.0, 0.0,      ,    6.0,   2.0,   3.0,     5.0,     4.0,        ,        ,        ,        ,        ,     0.0,      
staplpa01, 1966,     1, CHI , NHL , D  , 70.0,  3.0,  31.0,  34.0,  54.0,      ,  0.0,     ,  0.0,     ,  1.0, 0.0,      ,    6.0,   1.0,   1.0,     2.0,    12.0,        ,        ,        ,        ,        ,     0.0,      
staplpa01, 1967,     1, CHI , NHL , D  , 67.0,  4.0,  34.0,  38.0,  34.0, 4.0  ,  0.0,     ,  0.0,     ,  0.0, 0.0, 120.0,   11.0,   0.0,   4.0,     4.0,     4.0,        ,     0.0,        ,     0.0,        ,     0.0,      
staplpa01, 1968,     1, CHI , NHL , D  , 75.0,  6.0,  50.0,  56.0,  44.0, 23.0 ,  0.0,     ,  0.0,     ,  0.0, 0.0, 112.0,       ,      ,      ,        ,        ,        ,        ,        ,        ,        ,        ,      
staplpa01, 1969,     1, CHI , NHL , D  , 49.0,  4.0,  38.0,  42.0,  28.0, 18.0 ,  1.0,     ,  0.0,     ,  1.0, 0.0, 106.0,       ,      ,      ,        ,        ,        ,        ,        ,        ,        ,        ,      
staplpa01, 1970,     1, CHI , NHL , D  , 76.0,  7.0,  44.0,  51.0,  30.0, 49.0 ,  4.0,     ,  0.0,     ,  0.0, 1.0, 130.0,   18.0,   3.0,  14.0,    17.0,     4.0,        ,     1.0,        ,     1.0,        ,     0.0,      
staplpa01, 1971,     1, CHI , NHL , D  , 78.0,  3.0,  38.0,  41.0,  47.0, 41.0 ,  2.0,     ,  0.0,     ,  2.0, 0.0, 133.0,    8.0,   2.0,   2.0,     4.0,     4.0,        ,     2.0,        ,     0.0,        ,     0.0,      
staplpa01, 1972,     1, CHI , NHL , D  , 75.0, 10.0,  21.0,  31.0,  14.0, 19.0 ,  2.0,     ,  0.0,     ,  2.0, 1.0, 128.0,   16.0,   2.0,  15.0,    17.0,    10.0,        ,     1.0,        ,     0.0,        ,     0.0,      
staplpa01, 1973,     1, CHC , WHA , D  , 78.0,  6.0,  52.0,  58.0,  44.0,      ,  2.0,     ,  1.0,     ,  0.0,    ,      ,   12.0,   0.0,  13.0,    13.0,    36.0,        ,        ,        ,        ,        ,     0.0,      
staplpa01, 1974,     1, CHC , WHA , D  , 68.0,  4.0,  30.0,  34.0,  38.0, -9.0 ,  2.0,     ,  0.0,     ,     ,    , 105.0,       ,      ,      ,        ,        ,        ,        ,        ,        ,        ,        ,      
staplpa01, 1975,     1, IND , WHA , D  , 80.0,  5.0,  40.0,  45.0,  48.0, -7.0 ,  3.0,     ,  0.0,     ,  1.0,    , 205.0,    7.0,   0.0,   2.0,     2.0,     2.0, -3.0   ,        ,        ,        ,        ,        ,      
staplpa01, 1976,     1, IND , WHA , D  , 81.0,  8.0,  45.0,  53.0,  29.0, -28.0,  4.0,     ,  0.0,     ,     ,    , 156.0,    9.0,   2.0,   6.0,     8.0,     0.0, -1.0   ,        ,        ,        ,        ,     0.0,      
staplpa01, 1977,     1, CIN , WHA , D  , 65.0,  4.0,  45.0,  49.0,  28.0, 6.0  ,  1.0,     ,  1.0,     ,     ,    , 103.0,       ,      ,      ,        ,        ,        ,        ,        ,        ,        ,        ,      
staplti01, 2008,     1, TOR , NHL , R  ,  4.0,  1.0,   0.0,   1.0,   0.0, -3.0 ,  0.0,  0.0,  0.0,  0.0,  0.0,    ,   9.0,       ,      ,      ,        ,        ,        ,        ,        ,        ,        ,        ,      
staplti01, 2009,     1, ATL , NHL , C  ,  6.0,  2.0,   0.0,   2.0,   2.0, 1.0  ,  1.0,  0.0,  0.0,  0.0,  0.0,    ,   6.0,       ,      ,      ,        ,        ,        ,        ,        ,        ,        ,        ,      
starise01, 1989,     1, NJD , NHL , D  , 16.0,  0.0,   1.0,   1.0,   8.0, -8.0 ,  0.0,  0.0,  0.0,  0.0,  0.0, 0.0,   6.0,       ,      ,      ,        ,        ,        ,        ,        ,        ,        ,        ,      
starrha01, 1929,     1, OTS , NHL , D  , 28.0,  2.0,   1.0,   3.0,  12.0,      ,     ,     ,     ,     ,     ,    ,      ,    2.0,   1.0,   0.0,     1.0,     0.0,        ,        ,        ,        ,        ,        ,      
starrha01, 1930,     1, OTS , NHL , D  , 35.0,  2.0,   1.0,   3.0,  48.0,      ,     ,     ,     ,     ,     ,    ,      ,       ,      ,      ,        ,        ,        ,        ,        ,        ,        ,        ,      
starrha01, 1931,     1, MTM , NHL , D  , 47.0,  1.0,   2.0,   3.0,  47.0,      ,     ,     ,     ,     ,     ,    ,      ,    4.0,   0.0,   0.0,     0.0,     0.0,        ,        ,        ,        ,        ,        ,      
starrha01, 1932,     1, OTS , NHL , D  , 31.0,  0.0,   0.0,   0.0,  30.0,      ,     ,     ,     ,     ,     ,    ,      ,       ,      ,      ,        ,        ,        ,        ,        ,        ,        ,        ,      
starrha01, 1932,     2, MTL , NHL , D  , 15.0,  0.0,   0.0,   0.0,   6.0,      ,     ,     ,     ,     ,     ,    ,      ,    2.0,   0.0,   0.0,     0.0,     2.0,        ,        ,        ,        ,        ,        ,      
starrha01, 1933,     1, MTM , NHL , L  ,     ,     ,      ,      ,      ,      ,     ,     ,     ,     ,     ,    ,      ,    3.0,   0.0,   0.0,     0.0,     0.0,        ,        ,        ,        ,        ,        ,      
starrha01, 1934,     1, NYR , NHL , D  , 33.0,  1.0,   1.0,   2.0,  31.0,      ,     ,     ,     ,     ,     ,    ,      ,    4.0,   0.0,   0.0,     0.0,     2.0,        ,        ,        ,        ,        ,        ,      
starrha01, 1935,     1, NYR , NHL , D  , 16.0,  0.0,   0.0,   0.0,  12.0,      ,     ,     ,     ,     ,     ,    ,      ,       ,      ,      ,        ,        ,        ,        ,        ,        ,        ,        ,      
starrwi01, 1932,     1, NYA , NHL , L  , 26.0,  4.0,   3.0,   7.0,   8.0,      ,     ,     ,     ,     ,     ,    ,      ,       ,      ,      ,        ,        ,        ,        ,        ,        ,        ,        ,      
starrwi01, 1933,     1, DET , NHL , L  , 28.0,  2.0,   2.0,   4.0,  17.0,      ,     ,     ,     ,     ,     ,    ,      ,    7.0,   0.0,   2.0,     2.0,     2.0,        ,        ,        ,        ,        ,        ,      
starrwi01, 1934,     1, DET , NHL , L  , 24.0,  1.0,   1.0,   2.0,   0.0,      ,     ,     ,     ,     ,     ,    ,      ,       ,      ,      ,        ,        ,        ,        ,        ,        ,        ,        ,      
starrwi01, 1935,     1, DET , NHL , L  ,  9.0,  1.0,   0.0,   1.0,   0.0,      ,     ,     ,     ,     ,     ,    ,      ,       ,      ,      ,        ,        ,        ,        ,        ,        ,        ,        ,      
stasivi01, 1949,     1, CHI , NHL , R  , 17.0,  1.0,   1.0,   2.0,   2.0,      ,     ,     ,     ,     ,     ,    ,      ,       ,      ,      ,        ,        ,        ,        ,        ,        ,        ,        ,      
stasivi01, 1950,     1, CHI , NHL , R  , 20.0,  5.0,   3.0,   8.0,   6.0,      ,     ,     ,     ,     ,     ,    ,      ,       ,      ,      ,        ,        ,        ,        ,        ,        ,        ,        ,      
stasivi01, 1950,     2, DET , NHL , L  , 50.0,  3.0,  10.0,  13.0,  12.0,      ,     ,     ,     ,     ,     ,    ,      ,       ,      ,      ,        ,        ,        ,        ,        ,        ,        ,        ,      
stasivi01, 1951,     1, DET , NHL , R  , 58.0,  5.0,   9.0,  14.0,  19.0,      ,     ,     ,     ,     ,     ,    ,      ,    7.0,   0.0,   2.0,     2.0,     0.0,        ,        ,        ,        ,        ,        ,      
stasivi01, 1952,     1, DET , NHL , L  ,  3.0,  0.0,   0.0,   0.0,   0.0,      ,     ,     ,     ,     ,     ,    ,      ,       ,      ,      ,        ,        ,        ,        ,        ,        ,        ,        ,      
stasivi01, 1953,     1, DET , NHL , R  , 42.0,  5.0,   2.0,   7.0,   4.0,      ,     ,     ,     ,     ,     ,    ,      ,       ,      ,      ,        ,        ,        ,        ,        ,        ,        ,        ,      
stasivi01, 1954,     1, DET , NHL , R  , 59.0,  8.0,  11.0,  19.0,  67.0,      ,     ,     ,     ,     ,     ,    ,      ,   11.0,   5.0,   3.0,     8.0,     6.0,        ,        ,        ,        ,        ,        ,      
stasivi01, 1955,     1, BOS , NHL , R  , 59.0, 19.0,  18.0,  37.0, 118.0,      ,     ,     ,     ,     ,     ,    ,      ,       ,      ,      ,        ,        ,        ,        ,        ,        ,        ,        ,      
stasivi01, 1956,     1, BOS , NHL , L  , 64.0, 24.0,  16.0,  40.0,  69.0,      ,     ,     ,     ,     ,     ,    ,      ,   10.0,   2.0,   1.0,     3.0,     2.0,        ,        ,        ,        ,        ,        ,      
stasivi01, 1957,     1, BOS , NHL , R  , 70.0, 21.0,  35.0,  56.0,  55.0,      ,     ,     ,     ,     ,     ,    ,      ,   12.0,   0.0,   5.0,     5.0,    13.0,        ,        ,        ,        ,        ,        ,      
stasivi01, 1958,     1, BOS , NHL , R  , 70.0, 27.0,  33.0,  60.0,  63.0,      ,     ,     ,     ,     ,     ,    ,      ,    7.0,   4.0,   2.0,     6.0,    11.0,        ,        ,        ,        ,        ,        ,      
stasivi01, 1959,     1, BOS , NHL , R  , 69.0, 29.0,  39.0,  68.0, 121.0,      ,     ,     ,     ,     ,     ,    ,      ,       ,      ,      ,        ,        ,        ,        ,        ,        ,        ,        ,      
stasivi01, 1960,     1, BOS , NHL , L  , 46.0,  5.0,  25.0,  30.0,  35.0,      ,     ,     ,     ,     ,     ,    ,      ,       ,      ,      ,        ,        ,        ,        ,        ,        ,        ,        ,      
stasivi01, 1960,     2, DET , NHL , L  , 23.0, 10.0,  13.0,  23.0,  16.0,      ,     ,     ,     ,     ,     ,    ,      ,   11.0,   2.0,   5.0,     7.0,     4.0,        ,        ,        ,        ,        ,     0.0,      
stasivi01, 1961,     1, DET , NHL , L  , 59.0, 15.0,  28.0,  43.0,  45.0,      ,     ,     ,     ,     ,     ,    ,      ,       ,      ,      ,        ,        ,        ,        ,        ,        ,        ,        ,      
stasivi01, 1962,     1, DET , NHL , L  , 36.0,  6.0,  11.0,  17.0,  37.0,      ,     ,     ,     ,     ,     ,    ,      ,   11.0,   3.0,   0.0,     3.0,     4.0,        ,        ,        ,        ,        ,     0.0,      
stastan01, 1980,     1, QUE , NHL , L  , 80.0, 39.0,  46.0,  85.0,  12.0, 4.0  , 12.0,     ,  0.0,     ,  4.0, 1.0, 177.0,    5.0,   4.0,   3.0,     7.0,     2.0,        ,     2.0,        ,     0.0,        ,     0.0,      
stastan01, 1981,     1, QUE , NHL , L  , 68.0, 26.0,  46.0,  72.0,  16.0, -29.0, 10.0,     ,  0.0,     ,  4.0, 1.0, 135.0,   16.0,   5.0,  10.0,    15.0,     8.0,        ,     3.0,        ,     0.0,        ,     0.0,      
stastan01, 1982,     1, QUE , NHL , L  , 79.0, 32.0,  60.0,  92.0,  25.0, 25.0 , 10.0,     ,  0.0,     ,  7.0, 2.0, 169.0,    4.0,   2.0,   2.0,     4.0,     0.0,        ,     0.0,        ,     0.0,        ,     0.0,      
stastan01, 1983,     1, QUE , NHL , L  , 69.0, 25.0,  37.0,  62.0,  14.0, 12.0 ,  7.0,     ,  0.0,     ,  0.0, 1.0, 145.0,    9.0,   2.0,   5.0,     7.0,     7.0, 2.0    ,     0.0,        ,     0.0,        ,     0.0,    16.0
stastan01, 1984,     1, QUE , NHL , R  , 79.0, 38.0,  42.0,  80.0,  30.0, 18.0 ,  9.0,     ,  0.0,     ,  3.0, 0.0, 176.0,   16.0,   3.0,   3.0,     6.0,     6.0, -3.0   ,     1.0,        ,     0.0,        ,     1.0,    28.0
stastan01, 1985,     1, QUE , NHL , R  , 74.0, 31.0,  43.0,  74.0,  19.0, 8.0  ,  8.0,     ,  0.0,     ,  4.0, 0.0, 163.0,    3.0,   1.0,   1.0,     2.0,     0.0, -5.0   ,     1.0,        ,     0.0,        ,     0.0,     5.0
stastan01, 1986,     1, QUE , NHL , R  , 77.0, 27.0,  35.0,  62.0,   8.0, 3.0  ,  6.0,     ,  0.0,     ,  5.0, 0.0, 172.0,   13.0,   3.0,   8.0,    11.0,     6.0, 0.0    ,     0.0,        ,     0.0,        ,     0.0,    21.0
stastan01, 1987,     1, QUE , NHL , R  , 69.0, 27.0,  45.0,  72.0,  14.0, -9.0 , 15.0, 25.0,  0.0,  0.0,  4.0, 0.0, 177.0,       ,      ,      ,        ,        ,        ,        ,        ,        ,        ,        ,      
stastan01, 1988,     1, QUE , NHL , L  , 55.0,  7.0,  30.0,  37.0,  12.0, -19.0,  3.0, 13.0,  0.0,  0.0,  0.0, 0.0,  84.0,       ,      ,      ,        ,        ,        ,        ,        ,        ,        ,        ,      
stastma01, 1981,     1, QUE , NHL , R  , 74.0, 35.0,  54.0,  89.0,  27.0, 0.0  , 13.0,     ,  0.0,     ,  3.0, 1.0, 176.0,   16.0,   3.0,  14.0,    17.0,     5.0,        ,     1.0,        ,     0.0,        ,     0.0,      
stastma01, 1982,     1, QUE , NHL , R  , 60.0, 36.0,  43.0,  79.0,  32.0, 20.0 , 13.0,     ,  0.0,     ,  3.0, 0.0, 169.0,    2.0,   0.0,   0.0,     0.0,     0.0,        ,     0.0,        ,     0.0,        ,     0.0,      
stastma01, 1983,     1, QUE , NHL , R  , 68.0, 20.0,  32.0,  52.0,  26.0, 1.0  ,  4.0,     ,  0.0,     ,  5.0, 0.0, 113.0,    9.0,   2.0,   3.0,     5.0,     2.0, 1.0    ,     0.0,        ,     0.0,        ,     1.0,    15.0
stastma01, 1984,     1, QUE , NHL , L  , 50.0,  7.0,  14.0,  21.0,   4.0, 1.0  ,  0.0,     ,  0.0,     ,  1.0, 0.0,  45.0,    2.0,   0.0,   0.0,     0.0,     0.0, -1.0   ,     0.0,        ,     0.0,        ,     0.0,     1.0
stastma01, 1985,     1, TOR , NHL , R  , 70.0, 23.0,  30.0,  53.0,  21.0, -6.0 ,  7.0,     ,  0.0,     ,  0.0, 0.0, 132.0,    3.0,   0.0,   0.0,     0.0,     0.0, -1.0   ,     0.0,        ,     0.0,        ,     0.0,     1.0
stastpa01, 2006,     1, COL , NHL , C  , 82.0, 28.0,  50.0,  78.0,  42.0, 4.0  , 11.0, 20.0,  0.0,  1.0,  6.0,    , 185.0,       ,      ,      ,        ,        ,        ,        ,        ,        ,        ,        ,      
stastpa01, 2007,     1, COL , NHL , C  , 66.0, 24.0,  47.0,  71.0,  24.0, 22.0 ,  3.0, 18.0,  0.0,  1.0,  4.0,    , 138.0,    9.0,   2.0,   1.0,     3.0,     6.0, -1.0   ,     0.0,     0.0,     0.0,     0.0,     1.0,    16.0
stastpa01, 2008,     1, COL , NHL , C  , 45.0, 11.0,  25.0,  36.0,  22.0, -9.0 ,  7.0, 12.0,  0.0,  0.0,  2.0,    , 118.0,       ,      ,      ,        ,        ,        ,        ,        ,        ,        ,        ,      
stastpa01, 2009,     1, COL , NHL , C  , 81.0, 20.0,  59.0,  79.0,  50.0, 2.0  ,  9.0, 16.0,  0.0,  0.0,  2.0,    , 199.0,    6.0,   1.0,   4.0,     5.0,     4.0, -2.0   ,     1.0,     1.0,     0.0,     0.0,     0.0,    13.0
stastpe01, 1980,     1, QUE , NHL , C  , 77.0, 39.0,  70.0, 109.0,  37.0, 11.0 , 11.0,     ,  2.0,     ,  4.0, 2.0, 232.0,    5.0,   2.0,   8.0,    10.0,     7.0,        ,     1.0,        ,     0.0,        ,     0.0,      
stastpe01, 1981,     1, QUE , NHL , C  , 80.0, 46.0,  93.0, 139.0,  91.0, -10.0, 16.0,     ,  3.0,     ,  3.0, 0.0, 227.0,   12.0,   7.0,  11.0,    18.0,    12.0,        ,     4.0,        ,     0.0,        ,     1.0,      
stastpe01, 1982,     1, QUE , NHL , C  , 75.0, 47.0,  77.0, 124.0,  78.0, 28.0 ,  5.0,     ,  0.0,     ,  4.0, 2.0, 201.0,    4.0,   3.0,   2.0,     5.0,    10.0,        ,     1.0,        ,     0.0,        ,     0.0,      
stastpe01, 1983,     1, QUE , NHL , C  , 80.0, 46.0,  73.0, 119.0,  73.0, 22.0 , 11.0,     ,  0.0,     ,  4.0, 4.0, 189.0,    9.0,   2.0,   7.0,     9.0,    31.0, 3.0    ,     2.0,        ,     0.0,        ,     0.0,    18.0
stastpe01, 1984,     1, QUE , NHL , C  , 75.0, 32.0,  68.0, 100.0,  95.0, 23.0 ,  7.0,     ,  1.0,     ,  9.0, 1.0, 207.0,   18.0,   4.0,  19.0,    23.0,    24.0, 1.0    ,     1.0,        ,     0.0,        ,     2.0,    27.0
stastpe01, 1985,     1, QUE , NHL , C  , 76.0, 41.0,  81.0, 122.0,  60.0, 2.0  , 15.0,     ,  0.0,     ,  8.0, 0.0, 207.0,    3.0,   0.0,   1.0,     1.0,     2.0, -5.0   ,     0.0,        ,     0.0,        ,     0.0,    10.0
stastpe01, 1986,     1, QUE , NHL , C  , 64.0, 24.0,  53.0,  77.0,  43.0, -21.0, 12.0,     ,  0.0,     ,  4.0, 0.0, 157.0,   13.0,   6.0,   9.0,    15.0,    12.0, 3.0    ,     2.0,        ,     1.0,        ,     1.0,    24.0
stastpe01, 1987,     1, QUE , NHL , C  , 76.0, 46.0,  65.0, 111.0,  69.0, 2.0  , 20.0, 37.0,  0.0,  2.0,  2.0, 1.0, 199.0,       ,      ,      ,        ,        ,        ,        ,        ,        ,        ,        ,      
stastpe01, 1988,     1, QUE , NHL , C  , 72.0, 35.0,  50.0,  85.0, 117.0, -23.0, 13.0, 24.0,  0.0,  1.0,  5.0, 0.0, 195.0,       ,      ,      ,        ,        ,        ,        ,        ,        ,        ,        ,      
stastpe01, 1989,     1, QUE , NHL , C  , 62.0, 24.0,  38.0,  62.0,  24.0, -45.0, 10.0,     ,  0.0,  0.0,  0.0, 1.0, 131.0,       ,      ,      ,        ,        ,        ,        ,        ,        ,        ,        ,      
stastpe01, 1989,     2, NJD , NHL , C  , 12.0,  5.0,   6.0,  11.0,  16.0, -1.0 ,  2.0,     ,  0.0,  0.0,  1.0, 0.0,  25.0,    6.0,   3.0,   2.0,     5.0,     4.0, -1.0   ,     1.0,     1.0,     0.0,     0.0,     1.0,     9.0
stastpe01, 1990,     1, NJD , NHL , C  , 77.0, 18.0,  42.0,  60.0,  53.0, 0.0  ,  4.0, 23.0,  0.0,  1.0,  3.0, 0.0, 117.0,    7.0,   3.0,   4.0,     7.0,     2.0, -2.0   ,     1.0,     3.0,     0.0,     0.0,     2.0,     7.0
stastpe01, 1991,     1, NJD , NHL , C  , 66.0, 24.0,  38.0,  62.0,  42.0, 6.0  , 10.0, 12.0,  1.0,  0.0,  3.0, 0.0, 142.0,    7.0,   3.0,   7.0,    10.0,    19.0, 1.0    ,     0.0,     2.0,     0.0,     0.0,     0.0,    12.0
stastpe01, 1992,     1, NJD , NHL , C  , 62.0, 17.0,  23.0,  40.0,  22.0, -5.0 ,  7.0, 11.0,  0.0,  0.0,  3.0, 0.0, 106.0,    5.0,   0.0,   2.0,     2.0,     2.0, 0.0    ,     0.0,     1.0,     0.0,     0.0,     0.0,     3.0
stastpe01, 1993,     1, STL , NHL , C  , 17.0,  5.0,  11.0,  16.0,   4.0, -2.0 ,  2.0,  6.0,  0.0,  0.0,  1.0, 0.0,  30.0,    4.0,   0.0,   0.0,     0.0,     2.0, -4.0   ,     0.0,     0.0,     0.0,     0.0,     0.0,     3.0
stastpe01, 1994,     1, STL , NHL , C  ,  6.0,  1.0,   1.0,   2.0,   0.0, 1.0  ,  0.0,  0.0,  0.0,  0.0,  0.0, 0.0,   9.0,       ,      ,      ,        ,        ,        ,        ,        ,        ,        ,        ,      
stastya01, 2005,     1, EDM , NHL , C  ,  3.0,  0.0,   0.0,   0.0,   0.0, -2.0 ,  0.0,  0.0,  0.0,  0.0,  0.0,    ,   1.0,       ,      ,      ,        ,        ,        ,        ,        ,        ,        ,        ,      
stastya01, 2005,     2, BOS , NHL , C  , 17.0,  1.0,   3.0,   4.0,  10.0, -2.0 ,  0.0,  0.0,  0.0,  0.0,  0.0,    ,  13.0,       ,      ,      ,        ,        ,        ,        ,        ,        ,        ,        ,      
stastya01, 2006,     1, BOS , NHL , C  , 21.0,  0.0,   2.0,   2.0,  19.0, -3.0 ,  0.0,  0.0,  0.0,  0.0,  0.0,    ,   7.0,       ,      ,      ,        ,        ,        ,        ,        ,        ,        ,        ,      
stastya01, 2007,     1, STL , NHL , C  , 12.0,  1.0,   1.0,   2.0,   9.0, 0.0  ,  0.0,  0.0,  0.0,  0.0,  0.0,    ,  10.0,       ,      ,      ,        ,        ,        ,        ,        ,        ,        ,        ,      
stastya01, 2008,     1, STL , NHL , C  , 34.0,  3.0,   4.0,   7.0,  20.0, -14.0,  0.0,  0.0,  0.0,  1.0,  0.0,    ,  30.0,       ,      ,      ,        ,        ,        ,        ,        ,        ,        ,        ,      
stastya01, 2009,     1, STL , NHL , C  ,  4.0,  1.0,   0.0,   1.0,   0.0, 1.0  ,  0.0,  0.0,  0.0,  0.0,  0.0,    ,   7.0,       ,      ,      ,        ,        ,        ,        ,        ,        ,        ,        ,      
staszra01, 1985,     1, DET , NHL , R  ,  4.0,  0.0,   1.0,   1.0,   7.0, -3.0 ,  0.0,     ,  0.0,     ,  0.0, 0.0,   5.0,       ,      ,      ,        ,        ,        ,        ,        ,        ,        ,        ,      
staubbr01, 2008,     1, SJS , NHL , R  , 35.0,  1.0,   2.0,   3.0,  76.0, 0.0  ,  0.0,  0.0,  0.0,  0.0,  1.0,    ,  22.0,       ,      ,      ,        ,        ,        ,        ,        ,        ,        ,        ,      
staubbr01, 2009,     1, SJS , NHL , R  , 47.0,  3.0,   3.0,   6.0, 110.0, 0.0  ,  0.0,  1.0,  0.0,  0.0,  1.0,    ,  24.0,       ,      ,      ,        ,        ,        ,        ,        ,        ,        ,        ,      
staubro01, 1989,     1, LAK , NHL , G  ,  2.0,  0.0,   0.0,   0.0,   0.0, 0.0  ,  0.0,  0.0,  0.0,  0.0,  0.0, 0.0,   0.0,       ,      ,      ,        ,        ,        ,        ,        ,        ,        ,        ,      
staubro01, 1992,     1, LAK , NHL , G  , 31.0,  0.0,   2.0,   2.0,   4.0, 0.0  ,  0.0,  1.0,  0.0,  0.0,  0.0, 0.0,   0.0,    4.0,   0.0,   0.0,     0.0,     0.0, 0.0    ,     0.0,     0.0,     0.0,     0.0,     0.0,     0.0
staubro01, 1993,     1, LAK , NHL , G  , 22.0,  0.0,   0.0,   0.0,  18.0, 0.0  ,  0.0,  0.0,  0.0,  0.0,  0.0, 0.0,   0.0,       ,      ,      ,        ,        ,        ,        ,        ,        ,        ,        ,      
staubro01, 1994,     1, LAK , NHL , G  ,  1.0,  0.0,   0.0,   0.0,   0.0, 0.0  ,  0.0,  0.0,  0.0,  0.0,  0.0, 0.0,   0.0,       ,      ,      ,        ,        ,        ,        ,        ,        ,        ,        ,      
staubro01, 1994,     2, BUF , NHL , G  ,  6.0,  0.0,   0.0,   0.0,   0.0, 0.0  ,  0.0,  0.0,  0.0,  0.0,  0.0, 0.0,   0.0,       ,      ,      ,        ,        ,        ,        ,        ,        ,        ,        ,      
staveer01, 1915,     1, OT1 , NHA ,    , 19.0,  1.0,   0.0,   1.0,  22.0,      ,     ,     ,     ,     ,     ,    ,      ,       ,      ,      ,        ,        ,        ,        ,        ,        ,        ,        ,      
staveer01, 1916,     1, OT1 , NHA ,    ,  3.0,  0.0,   0.0,   0.0,   0.0,      ,     ,     ,     ,     ,     ,    ,      ,       ,      ,      ,        ,        ,        ,        ,        ,        ,        ,        ,      
stcrori01, 1977,     1, PHI , NHL , G  ,  7.0,  0.0,   0.0,   0.0,   0.0, 0.0  ,  0.0,     ,  0.0,     ,  0.0, 0.0,   0.0,       ,      ,      ,        ,        ,        ,        ,        ,        ,        ,        ,      
stcrori01, 1978,     1, PHI , NHL , G  ,  2.0,  0.0,   0.0,   0.0,   0.0, 0.0  ,  0.0,     ,  0.0,     ,  0.0, 0.0,   0.0,       ,      ,      ,        ,        ,        ,        ,        ,        ,        ,        ,      
stcrori01, 1979,     1, PHI , NHL , G  ,  1.0,  0.0,   0.0,   0.0,   0.0, 0.0  ,  0.0,     ,  0.0,     ,  0.0, 0.0,   0.0,       ,      ,      ,        ,        ,        ,        ,        ,        ,        ,        ,      
stcrori01, 1980,     1, PHI , NHL , G  , 27.0,  0.0,   1.0,   1.0,   0.0, 0.0  ,  0.0,     ,  0.0,     ,  0.0, 0.0,   0.0,    9.0,   0.0,   0.0,     0.0,     2.0,        ,     0.0,        ,     0.0,        ,     0.0,      
stcrori01, 1981,     1, PHI , NHL , G  , 29.0,  0.0,   1.0,   1.0,   2.0, 0.0  ,  0.0,     ,  0.0,     ,  0.0, 0.0,   0.0,    1.0,   0.0,   0.0,     0.0,     0.0,        ,     0.0,        ,     0.0,        ,     0.0,      
stcrori01, 1982,     1, PHI , NHL , G  , 16.0,  0.0,   0.0,   0.0,   0.0, 0.0  ,  0.0,     ,  0.0,     ,  0.0, 0.0,   0.0,       ,      ,      ,        ,        ,        ,        ,        ,        ,        ,        ,      
stcrori01, 1982,     2, TOR , NHL , G  , 17.0,  0.0,   0.0,   0.0,   0.0, 0.0  ,  0.0,     ,  0.0,     ,  0.0, 0.0,   0.0,    1.0,   0.0,   0.0,     0.0,     0.0,        ,     0.0,        ,     0.0,        ,     0.0,      
stcrori01, 1983,     1, TOR , NHL , G  , 20.0,  0.0,   0.0,   0.0,   0.0, 0.0  ,  0.0,     ,  0.0,     ,  0.0, 0.0,   0.0,       ,      ,      ,        ,        ,        ,        ,        ,        ,        ,        ,      
stcrori01, 1984,     1, TOR , NHL , G  , 12.0,  0.0,   0.0,   0.0,   0.0, 0.0  ,  0.0,     ,  0.0,     ,  0.0, 0.0,   0.0,       ,      ,      ,        ,        ,        ,        ,        ,        ,        ,        ,      
steckda01, 2005,     1, WAS , NHL , L  ,  7.0,  0.0,   0.0,   0.0,   0.0, 1.0  ,  0.0,  0.0,  0.0,  0.0,  0.0,    ,   6.0,       ,      ,      ,        ,        ,        ,        ,        ,        ,        ,        ,      
steckda01, 2006,     1, WAS , NHL , L  ,  5.0,  0.0,   0.0,   0.0,   2.0, -2.0 ,  0.0,  0.0,  0.0,  0.0,  0.0,    ,   4.0,       ,      ,      ,        ,        ,        ,        ,        ,        ,        ,        ,      
steckda01, 2007,     1, WAS , NHL , C  , 67.0,  5.0,   7.0,  12.0,  34.0, 1.0  ,  0.0,  0.0,  0.0,  1.0,  1.0,    ,  66.0,    7.0,   1.0,   1.0,     2.0,     4.0, -2.0   ,     0.0,     0.0,     0.0,     0.0,     0.0,     9.0
steckda01, 2008,     1, WAS , NHL , C  , 76.0,  8.0,  11.0,  19.0,  34.0, 2.0  ,  0.0,  0.0,  2.0,  1.0,  1.0,    , 103.0,   14.0,   3.0,   2.0,     5.0,     4.0, 0.0    ,     0.0,     0.0,     0.0,     0.0,     1.0,    19.0
steckda01, 2009,     1, WAS , NHL , C  , 79.0,  5.0,  11.0,  16.0,  19.0, 4.0  ,  1.0,  0.0,  0.0,  0.0,  1.0,    ,  90.0,    3.0,   0.0,   0.0,     0.0,     0.0, 1.0    ,     0.0,     0.0,     0.0,     0.0,     0.0,     0.0
steelbi01, 1975,     1, CIN , WHA , R  ,  3.0,  2.0,   0.0,   2.0,   0.0, 0.0  ,  1.0,     ,  0.0,     ,  0.0,    ,   4.0,       ,      ,      ,        ,        ,        ,        ,        ,        ,        ,        ,      
steelbi01, 1976,     1, CIN , WHA , R  , 81.0,  9.0,  22.0,  31.0,  21.0, 11.0 ,  3.0,     ,  1.0,     ,     ,    ,  76.0,    2.0,   0.0,   0.0,     0.0,     0.0, -1.0   ,     0.0,        ,     0.0,        ,     0.0,      
steelfr01, 1930,     1, DTF , NHL , D  ,  1.0,  0.0,   0.0,   0.0,   0.0,      ,     ,     ,     ,     ,     ,    ,      ,       ,      ,      ,        ,        ,        ,        ,        ,        ,        ,        ,      
steenal01, 2005,     1, TOR , NHL , C  , 75.0, 18.0,  27.0,  45.0,  42.0, -9.0 ,  9.0, 10.0,  1.0,  0.0,  3.0,    , 176.0,       ,      ,      ,        ,        ,        ,        ,        ,        ,        ,        ,      
steenal01, 2006,     1, TOR , NHL , C  , 82.0, 15.0,  20.0,  35.0,  26.0, 5.0  ,  4.0,  3.0,  0.0,  1.0,  5.0,    , 192.0,       ,      ,      ,        ,        ,        ,        ,        ,        ,        ,        ,      
steenal01, 2007,     1, TOR , NHL , L  , 76.0, 15.0,  27.0,  42.0,  32.0, 0.0  ,  2.0,  7.0,  1.0,  0.0,  2.0,    , 169.0,       ,      ,      ,        ,        ,        ,        ,        ,        ,        ,        ,      
steenal01, 2008,     1, TOR , NHL , C  , 20.0,  2.0,   2.0,   4.0,   6.0, -4.0 ,  1.0,  0.0,  0.0,  0.0,  0.0,    ,  31.0,       ,      ,      ,        ,        ,        ,        ,        ,        ,        ,        ,      
steenal01, 2008,     2, STL , NHL , C  , 61.0,  6.0,  18.0,  24.0,  24.0, -6.0 ,  2.0,  7.0,  1.0,  0.0,  0.0,    , 117.0,    4.0,   0.0,   1.0,     1.0,     0.0, -3.0   ,     0.0,     1.0,     0.0,     0.0,     0.0,    19.0
steenal01, 2009,     1, STL , NHL , C  , 68.0, 24.0,  23.0,  47.0,  30.0, 6.0  ,  7.0,  9.0,  2.0,  0.0,  4.0,    , 189.0,       ,      ,      ,        ,        ,        ,        ,        ,        ,        ,        ,      
steenan01, 1980,     1, WIN , NHL , C  , 42.0,  5.0,  11.0,  16.0,  22.0, -22.0,  3.0,     ,  0.0,     ,  1.0, 0.0,  57.0,       ,      ,      ,        ,        ,        ,        ,        ,        ,        ,        ,      
steenth01, 1981,     1, WIN , NHL , C  , 73.0, 15.0,  29.0,  44.0,  42.0, 16.0 ,  4.0,     ,  0.0,     ,  1.0, 0.0, 133.0,    4.0,   0.0,   4.0,     4.0,     2.0,        ,     0.0,        ,     0.0,        ,     0.0,      
steenth01, 1982,     1, WIN , NHL , C  , 75.0, 26.0,  33.0,  59.0,  60.0, -6.0 ,  5.0,     ,  0.0,     ,  3.0, 1.0, 156.0,    3.0,   0.0,   2.0,     2.0,     0.0,        ,     0.0,        ,     0.0,        ,     0.0,      
steenth01, 1983,     1, WIN , NHL , C  , 78.0, 20.0,  45.0,  65.0,  69.0, -5.0 ,  5.0,     ,  3.0,     ,  2.0, 1.0, 181.0,    3.0,   0.0,   1.0,     1.0,     9.0, -4.0   ,     0.0,        ,     0.0,        ,     0.0,     5.0
steenth01, 1984,     1, WIN , NHL , C  , 79.0, 30.0,  54.0,  84.0,  80.0, -1.0 ,  7.0,     ,  2.0,     ,  4.0, 0.0, 238.0,    8.0,   2.0,   3.0,     5.0,    17.0, -13.0  ,     2.0,        ,     0.0,        ,     0.0,    20.0
steenth01, 1985,     1, WIN , NHL , C  , 78.0, 17.0,  47.0,  64.0,  76.0, -29.0,  2.0,     ,  3.0,     ,  1.0, 0.0, 195.0,    3.0,   1.0,   1.0,     2.0,     4.0, 0.0    ,     0.0,        ,     1.0,        ,     0.0,     5.0
steenth01, 1986,     1, WIN , NHL , C  , 75.0, 17.0,  33.0,  50.0,  59.0, 7.0  ,  3.0,     ,  3.0,     ,  1.0, 0.0, 143.0,   10.0,   3.0,   4.0,     7.0,     8.0, -1.0   ,     0.0,        ,     1.0,        ,     1.0,    14.0
steenth01, 1987,     1, WIN , NHL , C  , 76.0, 16.0,  38.0,  54.0,  53.0, -11.0,  3.0,  8.0,  1.0,  0.0,  1.0, 0.0, 167.0,    5.0,   1.0,   5.0,     6.0,     2.0, -1.0   ,     1.0,     1.0,     0.0,     1.0,     0.0,     5.0
steenth01, 1988,     1, WIN , NHL , C  , 80.0, 27.0,  61.0,  88.0,  80.0, 14.0 ,  9.0, 18.0,  1.0,  4.0,  2.0, 1.0, 173.0,       ,      ,      ,        ,        ,        ,        ,        ,        ,        ,        ,      
steenth01, 1989,     1, WIN , NHL , C  , 53.0, 18.0,  48.0,  66.0,  35.0, 2.0  ,  5.0, 20.0,  0.0,  1.0,  3.0, 1.0, 129.0,    7.0,   2.0,   5.0,     7.0,    16.0, -5.0   ,     1.0,     1.0,     0.0,     0.0,     0.0,    20.0
steenth01, 1990,     1, WIN , NHL , C  , 58.0, 19.0,  48.0,  67.0,  49.0, -3.0 ,  7.0, 19.0,  0.0,  1.0,  3.0, 0.0, 125.0,       ,      ,      ,        ,        ,        ,        ,        ,        ,        ,        ,      
steenth01, 1991,     1, WIN , NHL , C  , 38.0, 13.0,  25.0,  38.0,  29.0, 5.0  , 10.0,  7.0,  0.0,  0.0,  0.0, 0.0,  75.0,    7.0,   2.0,   4.0,     6.0,     2.0, -1.0   ,     2.0,     1.0,     0.0,     0.0,     0.0,    15.0
steenth01, 1992,     1, WIN , NHL , C  , 80.0, 22.0,  50.0,  72.0,  75.0, -8.0 ,  6.0, 25.0,  0.0,  0.0,  6.0, 0.0, 150.0,    6.0,   1.0,   3.0,     4.0,     2.0, -4.0   ,     1.0,     0.0,     0.0,     1.0,     0.0,     7.0
steenth01, 1993,     1, WIN , NHL , C  , 76.0, 19.0,  32.0,  51.0,  32.0, -38.0,  6.0, 12.0,  0.0,  2.0,  1.0, 1.0, 137.0,       ,      ,      ,        ,        ,        ,        ,        ,        ,        ,        ,      
steenth01, 1994,     1, WIN , NHL , C  , 31.0,  5.0,  10.0,  15.0,  14.0, -13.0,  2.0,  2.0,  0.0,  0.0,  0.0, 0.0,  32.0,       ,      ,      ,        ,        ,        ,        ,        ,        ,        ,        ,      
stefabu01, 1977,     1, NYR , NHL , C  ,  1.0,  0.0,   0.0,   0.0,   0.0, -1.0 ,  0.0,     ,  0.0,     ,  0.0, 0.0,   1.0,       ,      ,      ,        ,        ,        ,        ,        ,        ,        ,        ,      
stefagr01, 1981,     1, DET , NHL , G  ,  2.0,  0.0,   0.0,   0.0,   0.0, 0.0  ,  0.0,     ,  0.0,     ,  0.0, 0.0,   0.0,       ,      ,      ,        ,        ,        ,        ,        ,        ,        ,        ,      
stefagr01, 1982,     1, DET , NHL , G  , 35.0,  0.0,   0.0,   0.0,  35.0, 0.0  ,  0.0,     ,  0.0,     ,  0.0, 0.0,   0.0,       ,      ,      ,        ,        ,        ,        ,        ,        ,        ,        ,      
stefagr01, 1983,     1, DET , NHL , G  , 50.0,  0.0,   3.0,   3.0,  14.0, 0.0  ,  0.0,     ,  0.0,     ,  0.0, 0.0,   0.0,    3.0,   0.0,   0.0,     0.0,     0.0, 0.0    ,     0.0,        ,     0.0,        ,     0.0,     0.0
stefagr01, 1984,     1, DET , NHL , G  , 46.0,  0.0,   2.0,   2.0,  23.0, 0.0  ,  0.0,     ,  0.0,     ,  0.0, 0.0,   0.0,    3.0,   0.0,   0.0,     0.0,     0.0, 0.0    ,     0.0,        ,     0.0,        ,     0.0,     0.0
stefagr01, 1985,     1, DET , NHL , G  , 37.0,  0.0,   2.0,   2.0,  23.0, 0.0  ,  0.0,     ,  0.0,     ,  0.0, 0.0,   0.0,       ,      ,      ,        ,        ,        ,        ,        ,        ,        ,        ,      
stefagr01, 1986,     1, DET , NHL , G  , 43.0,  0.0,   4.0,   4.0,  24.0, 0.0  ,  0.0,     ,  0.0,     ,  0.0, 0.0,   0.0,    9.0,   0.0,   2.0,     2.0,     0.0, 0.0    ,     0.0,        ,     0.0,        ,     0.0,     0.0
stefagr01, 1987,     1, DET , NHL , G  , 33.0,  0.0,   1.0,   1.0,  36.0, 0.0  ,  0.0,     ,  0.0,     ,  0.0, 0.0,   0.0,   10.0,   0.0,   1.0,     1.0,     0.0, 0.0    ,     0.0,        ,     0.0,        ,     0.0,     0.0
stefagr01, 1988,     1, DET , NHL , G  , 46.0,  0.0,   2.0,   2.0,  41.0, 0.0  ,  0.0,     ,  0.0,     ,  0.0, 0.0,   0.0,    5.0,   0.0,   0.0,     0.0,     4.0, 0.0    ,     0.0,     0.0,     0.0,     0.0,     0.0,     0.0
stefagr01, 1989,     1, DET , NHL , G  ,  7.0,  0.0,   1.0,   1.0,   4.0, 0.0  ,  0.0,     ,  0.0,     ,  0.0, 0.0,   0.0,       ,      ,      ,        ,        ,        ,        ,        ,        ,        ,        ,      
stefamo01, 1972,     1, ATF , NHL , C  , 13.0,  1.0,   1.0,   2.0,   2.0, -3.0 ,  0.0,     ,  1.0,     ,  0.0, 0.0,  16.0,       ,      ,      ,        ,        ,        ,        ,        ,        ,        ,        ,      
stefapa01, 1999,     1, ATL , NHL , C  , 72.0,  5.0,  20.0,  25.0,  30.0, -20.0,  1.0,  2.0,  0.0,  0.0,  0.0, 0.0, 117.0,       ,      ,      ,        ,        ,        ,        ,        ,        ,        ,        ,      
stefapa01, 2000,     1, ATL , NHL , C  , 66.0, 10.0,  21.0,  31.0,  22.0, -3.0 ,  0.0,  6.0,  0.0,  2.0,  1.0, 0.0,  93.0,       ,      ,      ,        ,        ,        ,        ,        ,        ,        ,        ,      
stefapa01, 2001,     1, ATL , NHL , C  , 59.0,  7.0,  16.0,  23.0,  22.0, -4.0 ,  0.0,  2.0,  1.0,  0.0,  0.0, 0.0,  67.0,       ,      ,      ,        ,        ,        ,        ,        ,        ,        ,        ,      
stefapa01, 2002,     1, ATL , NHL , C  , 71.0, 13.0,  21.0,  34.0,  12.0, -10.0,  3.0,  4.0,  0.0,  2.0,  2.0, 1.0,  96.0,       ,      ,      ,        ,        ,        ,        ,        ,        ,        ,        ,      
stefapa01, 2003,     1, ATL , NHL , C  , 82.0, 14.0,  26.0,  40.0,  26.0, -7.0 ,  3.0,  5.0,  2.0,  2.0,  2.0, 0.0, 110.0,       ,      ,      ,        ,        ,        ,        ,        ,        ,        ,        ,      
stefapa01, 2005,     1, ATL , NHL , C  , 64.0, 10.0,  14.0,  24.0,  36.0, 3.0  ,  2.0,  1.0,  0.0,  1.0,  3.0,    ,  81.0,       ,      ,      ,        ,        ,        ,        ,        ,        ,        ,        ,      
stefapa01, 2006,     1, DAL , NHL , C  , 41.0,  5.0,   6.0,  11.0,  10.0, 5.0  ,  0.0,  0.0,  1.0,  0.0,  1.0,    ,  41.0,       ,      ,      ,        ,        ,        ,        ,        ,        ,        ,        ,      
steinph01, 1939,     1, TOR , NHL , G  ,  1.0,  0.0,   0.0,   0.0,   0.0,      ,     ,     ,     ,     ,     ,    ,      ,       ,      ,      ,        ,        ,        ,        ,        ,        ,        ,        ,      
stemkpe01, 1963,     1, TOR , NHL , C  ,  1.0,  0.0,   0.0,   0.0,   2.0,      ,  0.0,     ,  0.0,     ,  0.0, 0.0,      ,       ,      ,      ,        ,        ,        ,        ,        ,        ,        ,        ,      
stemkpe01, 1964,     1, TOR , NHL , C  , 36.0,  5.0,  15.0,  20.0,  33.0,      ,  3.0,     ,  0.0,     ,  1.0, 0.0,      ,    6.0,   0.0,   3.0,     3.0,     7.0,        ,        ,        ,        ,        ,     0.0,      
stemkpe01, 1965,     1, TOR , NHL , C  , 56.0,  4.0,  12.0,  16.0,  55.0,      ,  0.0,     ,  0.0,     ,  1.0, 0.0,      ,    4.0,   0.0,   0.0,     0.0,    26.0,        ,        ,        ,        ,        ,     0.0,      
stemkpe01, 1966,     1, TOR , NHL , C  , 68.0, 13.0,  22.0,  35.0,  75.0,      ,  1.0,     ,  0.0,     ,  4.0, 0.0,      ,   12.0,   5.0,   7.0,    12.0,    20.0,        ,        ,        ,        ,        ,     2.0,      
stemkpe01, 1967,     1, TOR , NHL , C  , 60.0,  7.0,  15.0,  22.0,  82.0, -5.0 ,  0.0,     ,  0.0,     ,  1.0, 2.0, 141.0,       ,      ,      ,        ,        ,        ,        ,        ,        ,        ,        ,      
stemkpe01, 1967,     2, DET , NHL , C  , 13.0,  3.0,   6.0,   9.0,   4.0, -4.0 ,  0.0,     ,  0.0,     ,  0.0, 1.0,  38.0,       ,      ,      ,        ,        ,        ,        ,        ,        ,        ,        ,      
stemkpe01, 1968,     1, DET , NHL , C  , 71.0, 21.0,  31.0,  52.0,  81.0, 1.0  ,  3.0,     ,  2.0,     ,  4.0, 1.0, 209.0,       ,      ,      ,        ,        ,        ,        ,        ,        ,        ,        ,      
stemkpe01, 1969,     1, DET , NHL , C  , 76.0, 25.0,  24.0,  49.0, 114.0, 13.0 ,  4.0,     ,  1.0,     ,  6.0, 1.0, 268.0,    4.0,   1.0,   1.0,     2.0,     6.0,        ,     0.0,        ,     1.0,        ,     0.0,      
stemkpe01, 1970,     1, DET , NHL , C  , 10.0,  2.0,   2.0,   4.0,   8.0, -1.0 ,  1.0,     ,  0.0,     ,  0.0, 0.0,  31.0,       ,      ,      ,        ,        ,        ,        ,        ,        ,        ,        ,      
stemkpe01, 1970,     2, NYR , NHL , C  , 68.0, 16.0,  29.0,  45.0,  61.0, 16.0 ,  4.0,     ,  0.0,     ,  2.0, 2.0, 244.0,   13.0,   3.0,   2.0,     5.0,     6.0,        ,     0.0,        ,     0.0,        ,     2.0,      
stemkpe01, 1971,     1, NYR , NHL , C  , 59.0, 11.0,  17.0,  28.0,  53.0, 2.0  ,  1.0,     ,  0.0,     ,  1.0, 1.0, 159.0,   16.0,   4.0,   8.0,    12.0,    18.0,        ,     0.0,        ,     0.0,        ,     1.0,      
stemkpe01, 1972,     1, NYR , NHL , C  , 78.0, 22.0,  37.0,  59.0,  71.0, 28.0 ,  2.0,     ,  0.0,     ,  1.0, 1.0, 200.0,   10.0,   4.0,   2.0,     6.0,     6.0,        ,     1.0,        ,     0.0,        ,     1.0,      
stemkpe01, 1973,     1, NYR , NHL , C  , 78.0, 25.0,  45.0,  70.0,  74.0, 3.0  ,  2.0,     ,  0.0,     ,  2.0, 3.0, 232.0,   13.0,   6.0,   6.0,    12.0,    35.0,        ,     1.0,        ,     0.0,        ,     0.0,      
stemkpe01, 1974,     1, NYR , NHL , C  , 77.0, 24.0,  35.0,  59.0,  63.0, -3.0 ,  3.0,     ,  0.0,     ,  0.0, 1.0, 159.0,    3.0,   1.0,   0.0,     1.0,    10.0,        ,     0.0,        ,     0.0,        ,     0.0,      
stemkpe01, 1975,     1, NYR , NHL , C  , 75.0, 13.0,  28.0,  41.0,  49.0, -7.0 ,  1.0,     ,  0.0,     ,  2.0, 0.0, 126.0,       ,      ,      ,        ,        ,        ,        ,        ,        ,        ,        ,      
stemkpe01, 1976,     1, NYR , NHL , C  , 61.0,  2.0,  13.0,  15.0,   8.0, -14.0,  0.0,     ,  1.0,     ,  0.0, 0.0,  56.0,       ,      ,      ,        ,        ,        ,        ,        ,        ,        ,        ,      
stemkpe01, 1977,     1, LAK , NHL , C  , 80.0, 13.0,  18.0,  31.0,  33.0, 1.0  ,  0.0,     ,  0.0,     ,  2.0, 1.0, 134.0,    2.0,   1.0,   0.0,     1.0,     2.0,        ,     0.0,        ,     0.0,        ,     0.0,      
stemple01, 2005,     1, STL , NHL , R  , 57.0, 14.0,  13.0,  27.0,  22.0, -10.0,  5.0,  2.0,  0.0,  0.0,  2.0,    , 100.0,       ,      ,      ,        ,        ,        ,        ,        ,        ,        ,        ,      
stemple01, 2006,     1, STL , NHL , R  , 82.0, 27.0,  25.0,  52.0,  33.0, -2.0 ,  8.0, 11.0,  0.0,  0.0,  4.0,    , 166.0,       ,      ,      ,        ,        ,        ,        ,        ,        ,        ,        ,      
stemple01, 2007,     1, STL , NHL , R  , 80.0, 13.0,  25.0,  38.0,  40.0, 0.0  ,  3.0,  7.0,  0.0,  0.0,  2.0,    , 162.0,       ,      ,      ,        ,        ,        ,        ,        ,        ,        ,        ,      
stemple01, 2008,     1, STL , NHL , R  , 14.0,  3.0,  10.0,  13.0,   2.0, -3.0 ,  0.0,  6.0,  0.0,  1.0,  1.0,    ,  43.0,       ,      ,      ,        ,        ,        ,        ,        ,        ,        ,        ,      
stemple01, 2008,     2, TOR , NHL , R  , 61.0, 11.0,  20.0,  31.0,  31.0, -9.0 ,  3.0,  4.0,  0.0,  0.0,  0.0,    , 128.0,       ,      ,      ,        ,        ,        ,        ,        ,        ,        ,        ,      
stemple01, 2009,     1, TOR , NHL , R  , 62.0, 14.0,  16.0,  30.0,  18.0, -10.0,  5.0,  7.0,  1.0,  0.0,  1.0,    , 164.0,       ,      ,      ,        ,        ,        ,        ,        ,        ,        ,        ,      
stemple01, 2009,     2, PHO , NHL , R  , 18.0, 14.0,   4.0,  18.0,   8.0, 10.0 ,  4.0,  0.0,  0.0,  0.0,  1.0,    ,  48.0,    7.0,   0.0,   2.0,     2.0,     0.0, -4.0   ,     0.0,     1.0,     0.0,     0.0,     0.0,    14.0
stenlve01, 1976,     1, CLE , NHL , C  ,  4.0,  0.0,   0.0,   0.0,   0.0, -3.0 ,  0.0,     ,  0.0,     ,  0.0, 0.0,   1.0,       ,      ,      ,        ,        ,        ,        ,        ,        ,        ,        ,      
stephbo01, 1977,     1, BIR , WHA , R  , 39.0,  7.0,   6.0,  13.0,  33.0, -2.0 ,  0.0,     ,  0.0,     ,     ,    ,  51.0,       ,      ,      ,        ,        ,        ,        ,        ,        ,        ,        ,      
stephbo01, 1978,     1, BIR , WHA , R  , 78.0, 23.0,  24.0,  47.0,  72.0, -15.0,  2.0,     ,  0.0,     ,     ,    , 118.0,       ,      ,      ,        ,        ,        ,        ,        ,        ,        ,        ,      
stephbo01, 1979,     1, HAR , NHL , R  ,  4.0,  0.0,   1.0,   1.0,   0.0, 2.0  ,  0.0,     ,  0.0,     ,  0.0, 0.0,   3.0,       ,      ,      ,        ,        ,        ,        ,        ,        ,        ,        ,      
stephbo01, 1979,     2, TOR , NHL , R  , 14.0,  2.0,   2.0,   4.0,   4.0, -7.0 ,  0.0,     ,  0.0,     ,  0.0, 0.0,  10.0,       ,      ,      ,        ,        ,        ,        ,        ,        ,        ,        ,      
stephch01, 2002,     1, COL , NHL , C  ,  2.0,  0.0,   0.0,   0.0,   0.0, 0.0  ,  0.0,  0.0,  0.0,  0.0,  0.0, 0.0,   1.0,       ,      ,      ,        ,        ,        ,        ,        ,        ,        ,        ,      
stephch01, 2003,     1, COL , NHL , C  ,  6.0,  0.0,   2.0,   2.0,   4.0, -1.0 ,  0.0,  0.0,  0.0,  0.0,  0.0, 0.0,   1.0,       ,      ,      ,        ,        ,        ,        ,        ,        ,        ,        ,      
stephke01, 1972,     1, OTN , WHA , D  , 77.0,  3.0,  16.0,  19.0,  93.0,      ,  1.0,     ,  0.0,     ,     ,    ,      ,    5.0,   1.0,   1.0,     2.0,     8.0,        ,     1.0,        ,     0.0,        ,     0.0,      
stephke01, 1973,     1, WIJ , WHA , D  , 29.0,  0.0,   7.0,   7.0,  24.0,      ,  0.0,     ,  0.0,     ,  0.0,    ,      ,    3.0,   0.0,   2.0,     2.0,    10.0,        ,        ,        ,        ,        ,     0.0,      
stephsh01, 2006,     1, LAK , NHL , L  ,  2.0,  0.0,   0.0,   0.0,   0.0, 0.0  ,  0.0,  0.0,  0.0,  0.0,  0.0,    ,   0.0,       ,      ,      ,        ,        ,        ,        ,        ,        ,        ,        ,      
stephto01, 2007,     1, DAL , NHL , G  ,  1.0,  0.0,   0.0,   0.0,   0.0, 0.0  ,  0.0,  0.0,  0.0,  0.0,  0.0,    ,   0.0,       ,      ,      ,        ,        ,        ,        ,        ,        ,        ,        ,      
stephto01, 2008,     1, DAL , NHL , G  , 10.0,  0.0,   1.0,   1.0,   0.0, 0.0  ,  0.0,  0.0,  0.0,  0.0,  0.0,    ,   0.0,       ,      ,      ,        ,        ,        ,        ,        ,        ,        ,        ,      
stephwa01, 1971,     1, STL , NHL , G  ,  2.0,  0.0,   0.0,   0.0,   0.0, 0.0  ,  0.0,     ,  0.0,     ,  0.0, 0.0,   0.0,       ,      ,      ,        ,        ,        ,        ,        ,        ,        ,        ,      
stephwa01, 1972,     1, STL , NHL , G  , 45.0,  0.0,   0.0,   0.0,   0.0, 0.0  ,  0.0,     ,  0.0,     ,  0.0, 0.0,   0.0,    3.0,   0.0,   0.0,     0.0,     0.0,        ,     0.0,        ,     0.0,        ,     0.0,      
stephwa01, 1973,     1, STL , NHL , G  , 40.0,  0.0,   1.0,   1.0,   2.0, 0.0  ,  0.0,     ,  0.0,     ,  0.0, 0.0,   0.0,       ,      ,      ,        ,        ,        ,        ,        ,        ,        ,        ,      
stephwa01, 1974,     1, PHI , NHL , G  , 12.0,  0.0,   0.0,   0.0,   0.0, 0.0  ,  0.0,     ,  0.0,     ,  0.0, 0.0,   0.0,    2.0,   0.0,   1.0,     1.0,     0.0,        ,     0.0,        ,     0.0,        ,     0.0,      
stephwa01, 1975,     1, PHI , NHL , G  , 66.0,  0.0,   0.0,   0.0,  11.0, 0.0  ,  0.0,     ,  0.0,     ,  0.0, 0.0,   0.0,    8.0,   0.0,   0.0,     0.0,     0.0,        ,     0.0,        ,     0.0,        ,     0.0,      
stephwa01, 1976,     1, PHI , NHL , G  , 21.0,  0.0,   0.0,   0.0,   4.0, 0.0  ,  0.0,     ,  0.0,     ,  0.0, 0.0,   0.0,    9.0,   0.0,   0.0,     0.0,     2.0,        ,     0.0,        ,     0.0,        ,     0.0,      
stephwa01, 1977,     1, PHI , NHL , G  , 26.0,  0.0,   0.0,   0.0,   0.0, 0.0  ,  0.0,     ,  0.0,     ,  0.0, 0.0,   0.0,       ,      ,      ,        ,        ,        ,        ,        ,        ,        ,        ,      
stephwa01, 1978,     1, PHI , NHL , G  , 40.0,  0.0,   1.0,   1.0,   2.0, 0.0  ,  0.0,     ,  0.0,     ,  0.0, 0.0,   0.0,    4.0,   0.0,   0.0,     0.0,     5.0,        ,     0.0,        ,     0.0,        ,     0.0,      
stephwa01, 1979,     1, WAS , NHL , G  , 56.0,  0.0,   2.0,   2.0,  20.0, 0.0  ,  0.0,     ,  0.0,     ,  0.0, 0.0,   0.0,       ,      ,      ,        ,        ,        ,        ,        ,        ,        ,        ,      
stephwa01, 1980,     1, WAS , NHL , G  , 20.0,  0.0,   0.0,   0.0,   4.0, 0.0  ,  0.0,     ,  0.0,     ,  0.0, 0.0,   0.0,       ,      ,      ,        ,        ,        ,        ,        ,        ,        ,        ,      
sterbja01, 1978,     1, CZE , WHA ,    ,  6.0,  0.0,   0.0,   0.0,   4.0,      ,     ,     ,     ,     ,     ,    ,      ,       ,      ,      ,        ,        ,        ,        ,        ,        ,        ,        ,      
sterlbr01, 2007,     1, ATL , NHL , L  , 13.0,  1.0,   2.0,   3.0,  14.0, -2.0 ,  0.0,  0.0,  0.0,  0.0,  0.0,    ,  14.0,       ,      ,      ,        ,        ,        ,        ,        ,        ,        ,        ,      
sterlbr01, 2008,     1, ATL , NHL , L  ,  6.0,  1.0,   0.0,   1.0,   2.0, -3.0 ,  0.0,  0.0,  0.0,  0.0,  0.0,    ,  11.0,       ,      ,      ,        ,        ,        ,        ,        ,        ,        ,        ,      
sternro01, 1987,     1, VAN , NHL , R  , 15.0,  0.0,   0.0,   0.0,  52.0, -7.0 ,  0.0,  0.0,  0.0,  0.0,  0.0, 0.0,   7.0,       ,      ,      ,        ,        ,        ,        ,        ,        ,        ,        ,      
sternro01, 1988,     1, VAN , NHL , R  , 17.0,  1.0,   0.0,   1.0,  49.0, -6.0 ,  0.0,  0.0,  0.0,  0.0,  0.0, 0.0,  13.0,    3.0,   0.0,   1.0,     1.0,    17.0, 0.0    ,     0.0,     0.0,     0.0,     0.0,     0.0,     6.0
sternro01, 1989,     1, VAN , NHL , R  , 34.0,  2.0,   3.0,   5.0, 208.0, -17.0,  0.0,  0.0,  0.0,  0.0,  0.0, 0.0,  27.0,       ,      ,      ,        ,        ,        ,        ,        ,        ,        ,        ,      
sternro01, 1990,     1, VAN , NHL , R  , 31.0,  2.0,   3.0,   5.0, 171.0, -14.0,  0.0,  0.0,  0.0,  0.0,  0.0, 0.0,  30.0,       ,      ,      ,        ,        ,        ,        ,        ,        ,        ,        ,      
sternro01, 1990,     2, CAL , NHL , R  , 13.0,  1.0,   3.0,   4.0,  69.0, 0.0  ,  0.0,  0.0,  0.0,  0.0,  0.0, 0.0,  15.0,    7.0,   1.0,   3.0,     4.0,    14.0, 0.0    ,     0.0,     0.0,     0.0,     0.0,     0.0,    12.0
sternro01, 1991,     1, CAL , NHL , R  , 72.0, 13.0,   9.0,  22.0, 338.0, 0.0  ,  0.0,  0.0,  1.0,  1.0,  1.0, 0.0,  96.0,       ,      ,      ,        ,        ,        ,        ,        ,        ,        ,        ,      
sternro01, 1992,     1, CAL , NHL , R  , 70.0, 10.0,  15.0,  25.0, 207.0, 4.0  ,  0.0,  0.0,  0.0,  0.0,  1.0, 0.0,  82.0,    6.0,   0.0,   0.0,     0.0,    43.0, -5.0   ,     0.0,     0.0,     0.0,     0.0,     0.0,     6.0
sternro01, 1993,     1, CAL , NHL , R  , 71.0,  9.0,  20.0,  29.0, 243.0, 6.0  ,  0.0,  0.0,  1.0,  0.0,  3.0, 0.0, 105.0,    7.0,   2.0,   0.0,     2.0,    12.0, -1.0   ,     0.0,     0.0,     0.0,     0.0,     0.0,    11.0
sternro01, 1994,     1, CAL , NHL , R  , 39.0,  9.0,   4.0,  13.0, 163.0, 4.0  ,  1.0,  0.0,  0.0,  0.0,  0.0, 0.0,  69.0,    7.0,   3.0,   1.0,     4.0,     8.0, 4.0    ,     1.0,     0.0,     1.0,     1.0,     0.0,    19.0
sternro01, 1995,     1, CAL , NHL , R  , 52.0, 10.0,   5.0,  15.0, 111.0, 2.0  ,  0.0,  1.0,  0.0,  0.0,  1.0, 1.0,  64.0,    4.0,   0.0,   2.0,     2.0,     8.0, 2.0    ,     0.0,     0.0,     0.0,     0.0,     0.0,     7.0
sternro01, 1996,     1, CAL , NHL , R  , 79.0,  7.0,  10.0,  17.0, 157.0, -4.0 ,  0.0,  0.0,  1.0,  1.0,  1.0, 0.0,  98.0,       ,      ,      ,        ,        ,        ,        ,        ,        ,        ,        ,      
sternro01, 1998,     1, SJS , NHL , R  , 78.0,  7.0,   9.0,  16.0, 158.0, -3.0 ,  1.0,  0.0,  0.0,  0.0,  2.0, 0.0,  94.0,    6.0,   0.0,   0.0,     0.0,     6.0, -1.0   ,     0.0,     0.0,     0.0,     0.0,     0.0,    10.0
sternro01, 1999,     1, SJS , NHL , R  , 67.0,  4.0,   5.0,   9.0, 151.0, -9.0 ,  0.0,  0.0,  0.0,  0.0,  0.0, 0.0,  63.0,    3.0,   1.0,   0.0,     1.0,    11.0, -2.0   ,     0.0,     0.0,     0.0,     0.0,     0.0,     4.0
sternul01, 1964,     1, NYR , NHL , L  ,  4.0,  0.0,   0.0,   0.0,   0.0,      ,  0.0,     ,  0.0,     ,  0.0, 0.0,      ,       ,      ,      ,        ,        ,        ,        ,        ,        ,        ,        ,      
stevedo01, 1944,     1, NYR , NHL , G  ,  4.0,  0.0,   0.0,   0.0,   0.0,      ,     ,     ,     ,     ,     ,    ,      ,       ,      ,      ,        ,        ,        ,        ,        ,        ,        ,        ,      
stevedo01, 1944,     2, CHI , NHL , G  ,  2.0,  0.0,   0.0,   0.0,   0.0,      ,     ,     ,     ,     ,     ,    ,      ,       ,      ,      ,        ,        ,        ,        ,        ,        ,        ,        ,      
stevedo01, 1945,     1, CHI , NHL , G  ,  2.0,  0.0,   0.0,   0.0,   0.0,      ,     ,     ,     ,     ,     ,    ,      ,       ,      ,      ,        ,        ,        ,        ,        ,        ,        ,        ,      
stevegr01, 2005,     1, SJS , NHL , C  , 47.0, 10.0,  12.0,  22.0,  14.0, -7.0 ,  5.0,  4.0,  0.0,  0.0,  2.0,    ,  67.0,    5.0,   0.0,   0.0,     0.0,     4.0, -1.0   ,     0.0,     0.0,     0.0,     0.0,     0.0,     6.0
steveje01, 1995,     1, ANA , NHL , L  ,  3.0,  0.0,   1.0,   1.0,  12.0, 1.0  ,  0.0,  0.0,  0.0,  0.0,  0.0, 0.0,   1.0,       ,      ,      ,        ,        ,        ,        ,        ,        ,        ,        ,      
steveje01, 1996,     1, ANA , NHL , L  ,  5.0,  0.0,   0.0,   0.0,  14.0, -1.0 ,  0.0,  0.0,  0.0,  0.0,  0.0, 0.0,   1.0,       ,      ,      ,        ,        ,        ,        ,        ,        ,        ,        ,      
steveje01, 1997,     1, ANA , NHL , L  , 45.0,  3.0,   5.0,   8.0, 101.0, -4.0 ,  0.0,  0.0,  0.0,  0.0,  1.0, 0.0,  43.0,       ,      ,      ,        ,        ,        ,        ,        ,        ,        ,        ,      
steveje01, 1999,     1, ANA , NHL , L  ,  3.0,  0.0,   0.0,   0.0,   7.0, -1.0 ,  0.0,  0.0,  0.0,  0.0,  0.0, 0.0,   2.0,       ,      ,      ,        ,        ,        ,        ,        ,        ,        ,        ,      
steveje01, 2000,     1, NAS , NHL , L  ,  8.0,  1.0,   0.0,   1.0,  39.0, -1.0 ,  0.0,  0.0,  0.0,  0.0,  0.0, 0.0,   6.0,       ,      ,      ,        ,        ,        ,        ,        ,        ,        ,        ,      
steveje01, 2001,     1, NAS , NHL , L  ,  4.0,  0.0,   0.0,   0.0,   9.0, 0.0  ,  0.0,  0.0,  0.0,  0.0,  0.0, 0.0,   0.0,       ,      ,      ,        ,        ,        ,        ,        ,        ,        ,        ,      
steveje01, 2002,     1, MIN , NHL , L  , 32.0,  5.0,   6.0,  11.0,  69.0, 6.0  ,  1.0,  0.0,  0.0,  0.0,  1.0, 0.0,  29.0,   14.0,   0.0,   5.0,     5.0,    12.0, 0.0    ,     0.0,     1.0,     0.0,     0.0,     0.0,    17.0
steveje01, 2003,     1, MIN , NHL , R  ,  3.0,  0.0,   0.0,   0.0,   2.0, -1.0 ,  0.0,  0.0,  0.0,  0.0,  0.0, 0.0,   5.0,       ,      ,      ,        ,        ,        ,        ,        ,        ,        ,        ,      
steveje01, 2003,     2, NAS , NHL , R  , 53.0,  5.0,   4.0,   9.0, 103.0, -2.0 ,  3.0,  0.0,  0.0,  0.0,  0.0, 0.0,  62.0,    6.0,   0.0,   0.0,     0.0,     8.0, -1.0   ,     0.0,     0.0,     0.0,     0.0,     0.0,     3.0
steveje01, 2005,     1, NAS , NHL , L  , 35.0,  4.0,   3.0,   7.0,  74.0, 0.0  ,  0.0,  0.0,  0.0,  0.0,  0.0,    ,  36.0,       ,      ,      ,        ,        ,        ,        ,        ,        ,        ,        ,      
steveje01, 2005,     2, DAL , NHL , L  , 16.0,  1.0,   0.0,   1.0,  21.0, -3.0 ,  0.0,  0.0,  0.0,  0.0,  0.0,    ,  12.0,    1.0,   0.0,   0.0,     0.0,     0.0, 0.0    ,     0.0,     0.0,     0.0,     0.0,     0.0,     1.0
stevejo01, 1986,     1, PHI , NHL , D  ,  6.0,  0.0,   2.0,   2.0,  14.0, 0.0  ,  0.0,     ,  0.0,     ,  0.0, 0.0,   2.0,       ,      ,      ,        ,        ,        ,        ,        ,        ,        ,        ,      
stevejo01, 1987,     1, PHI , NHL , D  ,  3.0,  0.0,   0.0,   0.0,   0.0, -1.0 ,  0.0,  0.0,  0.0,  0.0,  0.0, 0.0,   0.0,       ,      ,      ,        ,        ,        ,        ,        ,        ,        ,        ,      
stevejo01, 1990,     1, HAR , NHL , D  , 14.0,  0.0,   1.0,   1.0,  11.0, 0.0  ,  0.0,  0.0,  0.0,  0.0,  0.0, 0.0,   7.0,       ,      ,      ,        ,        ,        ,        ,        ,        ,        ,        ,      
stevejo01, 1991,     1, HAR , NHL , D  , 21.0,  0.0,   4.0,   4.0,  19.0, -4.0 ,  0.0,  1.0,  0.0,  0.0,  0.0, 0.0,  13.0,       ,      ,      ,        ,        ,        ,        ,        ,        ,        ,        ,      
stevejo01, 1993,     1, HAR , NHL , D  ,  9.0,  0.0,   3.0,   3.0,   4.0, 4.0  ,  0.0,  0.0,  0.0,  0.0,  0.0, 0.0,   3.0,       ,      ,      ,        ,        ,        ,        ,        ,        ,        ,        ,      
steveke01, 1987,     1, PIT , NHL , L  , 16.0,  5.0,   2.0,   7.0,   8.0, -6.0 ,  2.0,  1.0,  0.0,  0.0,  0.0, 0.0,  22.0,       ,      ,      ,        ,        ,        ,        ,        ,        ,        ,        ,      
steveke01, 1988,     1, PIT , NHL , L  , 24.0, 12.0,   3.0,  15.0,  19.0, -8.0 ,  4.0,  0.0,  0.0,  0.0,  3.0, 0.0,  52.0,   11.0,   3.0,   7.0,    10.0,    16.0, -1.0   ,     0.0,     4.0,     0.0,     0.0,     0.0,    21.0
steveke01, 1989,     1, PIT , NHL , L  , 76.0, 29.0,  41.0,  70.0, 171.0, -13.0, 12.0, 10.0,  0.0,  0.0,  1.0, 0.0, 179.0,       ,      ,      ,        ,        ,        ,        ,        ,        ,        ,        ,      
steveke01, 1990,     1, PIT , NHL , L  , 80.0, 40.0,  46.0,  86.0, 133.0, -1.0 , 18.0, 20.0,  0.0,  0.0,  6.0, 2.0, 253.0,   24.0,  17.0,  16.0,    33.0,    53.0, 14.0   ,     7.0,     7.0,     0.0,     0.0,     4.0,    83.0
steveke01, 1991,     1, PIT , NHL , L  , 80.0, 54.0,  69.0, 123.0, 254.0, 8.0  , 19.0, 23.0,  0.0,  0.0,  4.0, 0.0, 325.0,   21.0,  13.0,  15.0,    28.0,    28.0, 2.0    ,     4.0,     9.0,     0.0,     0.0,     3.0,    86.0
steveke01, 1992,     1, PIT , NHL , L  , 72.0, 55.0,  56.0, 111.0, 177.0, 17.0 , 26.0, 18.0,  0.0,  0.0,  5.0, 1.0, 326.0,   12.0,   5.0,  11.0,    16.0,    22.0, 2.0    ,     4.0,     3.0,     0.0,     0.0,     0.0,    35.0
steveke01, 1993,     1, PIT , NHL , L  , 83.0, 41.0,  47.0,  88.0, 155.0, -24.0, 21.0, 20.0,  0.0,  0.0,  4.0, 0.0, 284.0,    6.0,   1.0,   1.0,     2.0,    10.0, -5.0   ,     0.0,     0.0,     0.0,     0.0,     0.0,    20.0
steveke01, 1994,     1, PIT , NHL , L  , 27.0, 15.0,  12.0,  27.0,  51.0, 0.0  ,  6.0,  4.0,  0.0,  0.0,  4.0, 0.0,  80.0,   12.0,   4.0,   7.0,    11.0,    21.0, -5.0   ,     3.0,     2.0,     0.0,     0.0,     1.0,    32.0
steveke01, 1995,     1, BOS , NHL , L  , 41.0, 10.0,  13.0,  23.0,  49.0, 1.0  ,  3.0,  2.0,  0.0,  0.0,  1.0, 0.0, 101.0,       ,      ,      ,        ,        ,        ,        ,        ,        ,        ,        ,      
steveke01, 1995,     2, LAK , NHL , L  , 20.0,  3.0,  10.0,  13.0,  22.0, -11.0,  3.0,  3.0,  0.0,  0.0,  0.0, 0.0,  69.0,       ,      ,      ,        ,        ,        ,        ,        ,        ,        ,        ,      
steveke01, 1996,     1, LAK , NHL , L  , 69.0, 14.0,  20.0,  34.0,  96.0, -27.0,  4.0,  2.0,  0.0,  0.0,  1.0, 1.0, 175.0,       ,      ,      ,        ,        ,        ,        ,        ,        ,        ,        ,      
steveke01, 1997,     1, NYR , NHL , L  , 80.0, 14.0,  27.0,  41.0, 130.0, -7.0 ,  5.0,  7.0,  0.0,  0.0,  3.0, 1.0, 144.0,       ,      ,      ,        ,        ,        ,        ,        ,        ,        ,        ,      
steveke01, 1998,     1, NYR , NHL , L  , 81.0, 23.0,  20.0,  43.0,  64.0, -10.0,  8.0,  6.0,  0.0,  0.0,  3.0, 0.0, 136.0,       ,      ,      ,        ,        ,        ,        ,        ,        ,        ,        ,      
steveke01, 1999,     1, NYR , NHL , L  , 38.0,  3.0,   5.0,   8.0,  43.0, -7.0 ,  1.0,  0.0,  0.0,  0.0,  0.0, 0.0,  44.0,       ,      ,      ,        ,        ,        ,        ,        ,        ,        ,        ,      
steveke01, 2000,     1, PHI , NHL , L  , 23.0,  2.0,   7.0,   9.0,  18.0, -2.0 ,  0.0,  0.0,  0.0,  0.0,  0.0, 0.0,  31.0,       ,      ,      ,        ,        ,        ,        ,        ,        ,        ,        ,      
steveke01, 2000,     2, PIT , NHL , L  , 32.0,  8.0,  15.0,  23.0,  55.0, -4.0 ,  2.0,  4.0,  0.0,  0.0,  0.0, 0.0,  76.0,   17.0,   3.0,   3.0,     6.0,    20.0, -4.0   ,     2.0,     3.0,     0.0,     0.0,     1.0,    19.0
steveke01, 2001,     1, PIT , NHL , L  , 32.0,  1.0,   4.0,   5.0,  25.0, -9.0 ,  0.0,  1.0,  0.0,  0.0,  0.0, 0.0,  34.0,       ,      ,      ,        ,        ,        ,        ,        ,        ,        ,        ,      
stevemi01, 1984,     1, VAN , NHL , L  ,  6.0,  0.0,   3.0,   3.0,   6.0, -2.0 ,  0.0,     ,  0.0,     ,  0.0, 0.0,  10.0,       ,      ,      ,        ,        ,        ,        ,        ,        ,        ,        ,      
stevemi01, 1987,     1, BOS , NHL , R  ,  7.0,  0.0,   1.0,   1.0,   9.0, 0.0  ,  0.0,  0.0,  0.0,  0.0,  0.0, 0.0,   5.0,       ,      ,      ,        ,        ,        ,        ,        ,        ,        ,        ,      
stevemi01, 1988,     1, NYI , NHL , L  ,  9.0,  1.0,   0.0,   1.0,  14.0, -1.0 ,  0.0,  0.0,  0.0,  0.0,  0.0, 0.0,   9.0,       ,      ,      ,        ,        ,        ,        ,        ,        ,        ,        ,      
stevemi01, 1989,     1, TOR , NHL , L  ,  1.0,  0.0,   0.0,   0.0,   0.0, 0.0  ,  0.0,  0.0,  0.0,  0.0,  0.0, 0.0,   2.0,       ,      ,      ,        ,        ,        ,        ,        ,        ,        ,        ,      
stevemi02, 1974,     1, PHR , WHA , D  , 70.0,  2.0,  16.0,  18.0,  69.0, 15.0 ,  0.0,     ,  0.0,     ,     ,    ,  86.0,    5.0,   0.0,   1.0,     1.0,     0.0,        ,     0.0,        ,     0.0,        ,     0.0,      
stevemi02, 1975,     1, HOU , WHA , D  ,  6.0,  0.0,   0.0,   0.0,   2.0, -2.0 ,  0.0,     ,  0.0,     ,  0.0,    ,   7.0,       ,      ,      ,        ,        ,        ,        ,        ,        ,        ,        ,      
steveph01, 1914,     1, MOW , NHA ,    , 15.0,  0.0,   1.0,   1.0,   6.0,      ,     ,     ,     ,     ,     ,    ,      ,    2.0,   0.0,      ,        ,        ,        ,        ,        ,        ,        ,        ,      
steveph01, 1915,     1, MOW , NHA ,    , 22.0,  2.0,   2.0,   4.0,  33.0,      ,     ,     ,     ,     ,     ,    ,      ,       ,      ,      ,        ,        ,        ,        ,        ,        ,        ,        ,      
steveph01, 1916,     1, MOW , NHA ,    , 15.0,  4.0,   1.0,   5.0,  35.0,      ,     ,     ,     ,     ,     ,    ,      ,       ,      ,      ,        ,        ,        ,        ,        ,        ,        ,        ,      
steveph01, 1917,     1, MTW , NHL , D  ,  4.0,  1.0,   0.0,   1.0,   3.0,      ,     ,     ,     ,     ,  0.0,    ,      ,       ,      ,      ,        ,        ,        ,        ,        ,        ,        ,        ,      
steveph01, 1921,     1, MTL , NHL , D  ,  4.0,  0.0,   0.0,   0.0,   0.0,      ,     ,     ,     ,     ,     ,    ,      ,       ,      ,      ,        ,        ,        ,        ,        ,        ,        ,        ,      
steveph01, 1922,     1, SAC , WCHL, L  , 15.0,  0.0,   0.0,   0.0,   2.0,      ,     ,     ,     ,     ,     ,    ,      ,       ,      ,      ,        ,        ,        ,        ,        ,        ,        ,        ,      
steveph01, 1923,     1, SEA , PCHA, L  ,  1.0,  0.0,   0.0,   0.0,   0.0,      ,     ,     ,     ,     ,     ,    ,      ,       ,      ,      ,        ,        ,        ,        ,        ,        ,        ,        ,      
steveph01, 1923,     2, SAC , WCHL, L  , 27.0,  6.0,   2.0,   8.0,  14.0,      ,     ,     ,     ,     ,     ,    ,      ,       ,      ,      ,        ,        ,        ,        ,        ,        ,        ,        ,      
steveph01, 1924,     1, SAS , WCHL, L  , 25.0,  2.0,   0.0,   2.0,  30.0,      ,     ,     ,     ,     ,     ,    ,      ,    2.0,   0.0,   0.0,     0.0,     0.0,        ,        ,        ,        ,        ,        ,      
steveph01, 1925,     1, BOS , NHL , D  , 17.0,  0.0,   0.0,   0.0,   0.0,      ,     ,     ,     ,     ,     ,    ,      ,       ,      ,      ,        ,        ,        ,        ,        ,        ,        ,        ,      
stevesc01, 1982,     1, WAS , NHL , D  , 77.0,  9.0,  16.0,  25.0, 195.0, 14.0 ,  0.0,     ,  0.0,     ,  0.0, 0.0, 121.0,    4.0,   1.0,   0.0,     1.0,    26.0,        ,     0.0,        ,     0.0,        ,     0.0,      
stevesc01, 1983,     1, WAS , NHL , D  , 78.0, 13.0,  32.0,  45.0, 201.0, 26.0 ,  7.0,     ,  0.0,     ,  2.0, 0.0, 155.0,    8.0,   1.0,   8.0,     9.0,    21.0, 2.0    ,     1.0,        ,     0.0,        ,     0.0,    21.0
stevesc01, 1984,     1, WAS , NHL , D  , 80.0, 21.0,  44.0,  65.0, 221.0, 19.0 , 16.0,     ,  0.0,     ,  5.0, 0.0, 170.0,    5.0,   0.0,   1.0,     1.0,    20.0, -4.0   ,     0.0,        ,     0.0,        ,     0.0,    11.0
stevesc01, 1985,     1, WAS , NHL , D  , 73.0, 15.0,  38.0,  53.0, 165.0, 0.0  ,  3.0,     ,  0.0,     ,  2.0, 0.0, 121.0,    9.0,   3.0,   8.0,    11.0,    12.0, 9.0    ,     2.0,        ,     0.0,        ,     2.0,    17.0
stevesc01, 1986,     1, WAS , NHL , D  , 77.0, 10.0,  51.0,  61.0, 283.0, 13.0 ,  2.0,     ,  0.0,     ,  0.0, 0.0, 165.0,    7.0,   0.0,   5.0,     5.0,    19.0, 4.0    ,     0.0,        ,     0.0,        ,     0.0,    19.0
stevesc01, 1987,     1, WAS , NHL , D  , 80.0, 12.0,  60.0,  72.0, 184.0, 14.0 ,  5.0, 31.0,  1.0,  0.0,  2.0, 0.0, 231.0,   13.0,   1.0,  11.0,    12.0,    46.0, -1.0   ,     0.0,     6.0,     0.0,     1.0,     0.0,    42.0
stevesc01, 1988,     1, WAS , NHL , D  , 80.0,  7.0,  61.0,  68.0, 225.0, 1.0  ,  6.0, 33.0,  0.0,  0.0,  3.0, 0.0, 195.0,    6.0,   1.0,   4.0,     5.0,    11.0, -2.0   ,     0.0,     4.0,     0.0,     0.0,     0.0,    16.0
stevesc01, 1989,     1, WAS , NHL , D  , 56.0, 11.0,  29.0,  40.0, 154.0, 1.0  ,  7.0, 13.0,  0.0,  0.0,  0.0, 0.0, 143.0,   15.0,   2.0,   7.0,     9.0,    25.0, -1.0   ,     1.0,     4.0,     0.0,     0.0,     0.0,    35.0
stevesc01, 1990,     1, STL , NHL , D  , 78.0,  5.0,  44.0,  49.0, 150.0, 23.0 ,  1.0, 18.0,  0.0,  1.0,  1.0, 0.0, 160.0,   13.0,   0.0,   3.0,     3.0,    36.0, 8.0    ,     0.0,     0.0,     0.0,     0.0,     0.0,    17.0
stevesc01, 1991,     1, NJD , NHL , D  , 68.0, 17.0,  42.0,  59.0, 124.0, 24.0 ,  7.0, 12.0,  1.0,  3.0,  2.0, 0.0, 156.0,    7.0,   2.0,   1.0,     3.0,    29.0, -5.0   ,     2.0,     0.0,     0.0,     0.0,     1.0,     9.0
stevesc01, 1992,     1, NJD , NHL , D  , 81.0, 12.0,  45.0,  57.0, 120.0, 14.0 ,  8.0, 13.0,  0.0,  0.0,  1.0, 0.0, 146.0,    5.0,   2.0,   2.0,     4.0,    10.0, -2.0   ,     1.0,     0.0,     0.0,     1.0,     0.0,    21.0
stevesc01, 1993,     1, NJD , NHL , D  , 83.0, 18.0,  60.0,  78.0, 112.0, 53.0 ,  5.0, 21.0,  1.0,  1.0,  4.0, 0.0, 215.0,   20.0,   2.0,   9.0,    11.0,    42.0, -1.0   ,     2.0,     4.0,     0.0,     0.0,     1.0,    56.0
stevesc01, 1994,     1, NJD , NHL , D  , 48.0,  2.0,  20.0,  22.0,  56.0, 4.0  ,  1.0,  5.0,  0.0,  0.0,  1.0, 0.0, 111.0,   20.0,   1.0,   7.0,     8.0,    24.0, 10.0   ,     0.0,     3.0,     0.0,     0.0,     1.0,    54.0
stevesc01, 1995,     1, NJD , NHL , D  , 82.0,  5.0,  23.0,  28.0, 100.0, 7.0  ,  2.0,  8.0,  1.0,  0.0,  1.0, 0.0, 174.0,       ,      ,      ,        ,        ,        ,        ,        ,        ,        ,        ,      
stevesc01, 1996,     1, NJD , NHL , D  , 79.0,  5.0,  19.0,  24.0,  70.0, 26.0 ,  0.0,  6.0,  0.0,  0.0,  1.0, 0.0, 166.0,   10.0,   0.0,   4.0,     4.0,     2.0, -2.0   ,     0.0,     0.0,     0.0,     0.0,     0.0,    27.0
stevesc01, 1997,     1, NJD , NHL , D  , 80.0,  4.0,  22.0,  26.0,  80.0, 19.0 ,  1.0,  1.0,  0.0,  1.0,  1.0, 0.0,  94.0,    6.0,   1.0,   0.0,     1.0,     8.0, 4.0    ,     0.0,     0.0,     0.0,     0.0,     0.0,    11.0
stevesc01, 1998,     1, NJD , NHL , D  , 75.0,  5.0,  22.0,  27.0,  64.0, 29.0 ,  0.0,  0.0,  0.0,  3.0,  1.0, 0.0, 111.0,    7.0,   2.0,   1.0,     3.0,    10.0, -2.0   ,     2.0,     0.0,     0.0,     0.0,     0.0,    14.0
stevesc01, 1999,     1, NJD , NHL , D  , 78.0,  8.0,  21.0,  29.0, 103.0, 30.0 ,  0.0,  1.0,  1.0,  2.0,  1.0, 0.0, 133.0,   23.0,   3.0,   8.0,    11.0,     6.0, 9.0    ,     0.0,     1.0,     0.0,     1.0,     2.0,    29.0
stevesc01, 2000,     1, NJD , NHL , D  , 81.0,  9.0,  22.0,  31.0,  71.0, 40.0 ,  3.0,  7.0,  0.0,  1.0,  2.0, 0.0, 171.0,   25.0,   1.0,   7.0,     8.0,    37.0, 3.0    ,     0.0,     1.0,     0.0,     1.0,     0.0,    34.0
stevesc01, 2001,     1, NJD , NHL , D  , 82.0,  1.0,  16.0,  17.0,  44.0, 15.0 ,  0.0,  1.0,  0.0,  1.0,  1.0, 0.0, 121.0,    6.0,   0.0,   0.0,     0.0,     4.0, 5.0    ,     0.0,     0.0,     0.0,     0.0,     0.0,     7.0
stevesc01, 2002,     1, NJD , NHL , D  , 81.0,  4.0,  16.0,  20.0,  41.0, 18.0 ,  0.0,  1.0,  0.0,  2.0,  2.0, 0.0, 113.0,   24.0,   3.0,   6.0,     9.0,    14.0, 14.0   ,     1.0,     0.0,     0.0,     0.0,     1.0,    33.0
stevesc01, 2003,     1, NJD , NHL , D  , 38.0,  3.0,   9.0,  12.0,  22.0, 3.0  ,  1.0,  0.0,  0.0,  1.0,  1.0, 0.0,  68.0,       ,      ,      ,        ,        ,        ,        ,        ,        ,        ,        ,      
stevesh01, 1990,     1, BOS , NHL , R  , 14.0,  0.0,   0.0,   0.0,  26.0, -4.0 ,  0.0,  0.0,  0.0,  0.0,  0.0, 0.0,   8.0,       ,      ,      ,        ,        ,        ,        ,        ,        ,        ,        ,      
stevesh01, 1991,     1, BOS , NHL , R  ,  5.0,  0.0,   1.0,   1.0,   2.0, 1.0  ,  0.0,  0.0,  0.0,  0.0,  0.0, 0.0,   3.0,       ,      ,      ,        ,        ,        ,        ,        ,        ,        ,        ,      
stevesh01, 1992,     1, TBL , NHL , R  ,  8.0,  0.0,   1.0,   1.0,   7.0, -5.0 ,  0.0,  0.0,  0.0,  0.0,  0.0, 0.0,   4.0,       ,      ,      ,        ,        ,        ,        ,        ,        ,        ,        ,      
stevetu01, 1992,     1, MTL , NHL , R  ,  1.0,  0.0,   0.0,   0.0,   0.0, -1.0 ,  0.0,  0.0,  0.0,  0.0,  0.0, 0.0,   1.0,       ,      ,      ,        ,        ,        ,        ,        ,        ,        ,        ,      
stevetu01, 1993,     1, MTL , NHL , R  ,  2.0,  0.0,   0.0,   0.0,   2.0, -2.0 ,  0.0,  0.0,  0.0,  0.0,  0.0, 0.0,   0.0,    3.0,   0.0,   2.0,     2.0,     0.0, 1.0    ,     0.0,     0.0,     0.0,     0.0,     0.0,     2.0
stevetu01, 1994,     1, MTL , NHL , R  , 41.0,  6.0,   1.0,   7.0,  86.0, 0.0  ,  0.0,  0.0,  0.0,  0.0,  1.0, 0.0,  35.0,       ,      ,      ,        ,        ,        ,        ,        ,        ,        ,        ,      
stevetu01, 1995,     1, MTL , NHL , R  , 80.0,  9.0,  16.0,  25.0, 167.0, -2.0 ,  0.0,  2.0,  0.0,  0.0,  2.0, 0.0, 101.0,    6.0,   0.0,   1.0,     1.0,     2.0, -1.0   ,     0.0,     0.0,     0.0,     0.0,     0.0,     7.0
stevetu01, 1996,     1, MTL , NHL , R  , 65.0,  8.0,  13.0,  21.0,  97.0, -14.0,  1.0,  1.0,  0.0,  0.0,  0.0, 0.0,  76.0,    5.0,   1.0,   1.0,     2.0,     2.0, 1.0    ,     0.0,     0.0,     0.0,     0.0,     0.0,     5.0
stevetu01, 1997,     1, MTL , NHL , R  , 63.0,  4.0,   6.0,  10.0, 110.0, -8.0 ,  1.0,  0.0,  0.0,  0.0,  0.0, 0.0,  43.0,   10.0,   3.0,   4.0,     7.0,    12.0, 1.0    ,     0.0,     0.0,     0.0,     0.0,     0.0,    21.0
stevetu01, 1998,     1, MTL , NHL , R  , 69.0, 10.0,  17.0,  27.0,  88.0, 6.0  ,  0.0,  1.0,  0.0,  0.0,  2.0, 1.0, 102.0,       ,      ,      ,        ,        ,        ,        ,        ,        ,        ,        ,      
stevetu01, 1999,     1, MTL , NHL , R  , 64.0,  8.0,  13.0,  21.0,  61.0, -1.0 ,  0.0,  1.0,  0.0,  0.0,  2.0, 0.0,  94.0,       ,      ,      ,        ,        ,        ,        ,        ,        ,        ,        ,      
stevetu01, 2000,     1, NJD , NHL , R  , 69.0,  8.0,  18.0,  26.0,  97.0, 11.0 ,  2.0,  4.0,  0.0,  0.0,  1.0, 1.0,  92.0,   23.0,   1.0,   3.0,     4.0,    20.0, 2.0    ,     0.0,     0.0,     0.0,     0.0,     1.0,    14.0
stevetu01, 2001,     1, NJD , NHL , R  , 21.0,  0.0,   2.0,   2.0,  25.0, -3.0 ,  0.0,  0.0,  0.0,  0.0,  0.0, 0.0,  33.0,    1.0,   0.0,   0.0,     0.0,     4.0, 0.0    ,     0.0,     0.0,     0.0,     0.0,     0.0,     3.0
stevetu01, 2002,     1, NJD , NHL , R  , 77.0,  7.0,  13.0,  20.0, 115.0, 7.0  ,  0.0,  2.0,  0.0,  0.0,  0.0, 0.0,  85.0,   14.0,   1.0,   1.0,     2.0,    26.0, 2.0    ,     0.0,     0.0,     0.0,     0.0,     0.0,    20.0
stevetu01, 2003,     1, NJD , NHL , R  , 61.0, 14.0,  13.0,  27.0,  76.0, 0.0  ,  4.0,  0.0,  0.0,  0.0,  2.0, 0.0,  76.0,    5.0,   0.0,   0.0,     0.0,     0.0, -2.0   ,     0.0,     0.0,     0.0,     0.0,     0.0,     9.0
stevetu01, 2005,     1, PHI , NHL , R  , 31.0,  1.0,   3.0,   4.0,  45.0, -2.0 ,  0.0,  0.0,  1.0,  1.0,  0.0,    ,  26.0,       ,      ,      ,        ,        ,        ,        ,        ,        ,        ,        ,      
stewaal01, 1985,     1, NJD , NHL , L  ,  4.0,  0.0,   0.0,   0.0,  21.0, -1.0 ,  0.0,     ,  0.0,     ,  0.0, 0.0,   0.0,       ,      ,      ,        ,        ,        ,        ,        ,        ,        ,        ,      
stewaal01, 1986,     1, NJD , NHL , L  ,  7.0,  1.0,   0.0,   1.0,  26.0, -4.0 ,  0.0,     ,  0.0,     ,  0.0, 0.0,   8.0,       ,      ,      ,        ,        ,        ,        ,        ,        ,        ,        ,      
stewaal01, 1987,     1, NJD , NHL , L  ,  1.0,  0.0,   0.0,   0.0,   0.0, 2.0  ,  0.0,  0.0,  0.0,  0.0,  0.0, 0.0,   0.0,       ,      ,      ,        ,        ,        ,        ,        ,        ,        ,        ,      
stewaal01, 1988,     1, NJD , NHL , L  ,  6.0,  0.0,   2.0,   2.0,  15.0, -2.0 ,  0.0,  0.0,  0.0,  0.0,  0.0, 0.0,   4.0,       ,      ,      ,        ,        ,        ,        ,        ,        ,        ,        ,      
stewaal01, 1990,     1, NJD , NHL , L  , 41.0,  5.0,   2.0,   7.0, 159.0, -6.0 ,  0.0,  0.0,  0.0,  0.0,  0.0, 0.0,  33.0,       ,      ,      ,        ,        ,        ,        ,        ,        ,        ,        ,      
stewaal01, 1991,     1, NJD , NHL , L  ,  1.0,  0.0,   0.0,   0.0,   5.0, 0.0  ,  0.0,  0.0,  0.0,  0.0,  0.0, 0.0,   0.0,       ,      ,      ,        ,        ,        ,        ,        ,        ,        ,        ,      
stewaal01, 1991,     2, BOS , NHL , L  ,  4.0,  0.0,   0.0,   0.0,  17.0, -1.0 ,  0.0,  0.0,  0.0,  0.0,  0.0, 0.0,   1.0,       ,      ,      ,        ,        ,        ,        ,        ,        ,        ,        ,      
stewaan01, 2005,     1, FLO , NHL , C  , 10.0,  2.0,   1.0,   3.0,   2.0, 2.0  ,  1.0,  0.0,  0.0,  0.0,  0.0,    ,  16.0,       ,      ,      ,        ,        ,        ,        ,        ,        ,        ,        ,      
stewaan01, 2006,     1, FLO , NHL , C  , 10.0,  0.0,   1.0,   1.0,   2.0, 1.0  ,  0.0,  0.0,  0.0,  0.0,  0.0,    ,   8.0,       ,      ,      ,        ,        ,        ,        ,        ,        ,        ,        ,      
stewaan01, 2007,     1, FLO , NHL , C  , 26.0,  0.0,   1.0,   1.0,   0.0, -1.0 ,  0.0,  0.0,  0.0,  0.0,  0.0,    ,  21.0,       ,      ,      ,        ,        ,        ,        ,        ,        ,        ,        ,      
stewaan01, 2008,     1, FLO , NHL , R  , 59.0,  2.0,   5.0,   7.0,  34.0, -6.0 ,  0.0,  0.0,  0.0,  1.0,  0.0,    ,  56.0,       ,      ,      ,        ,        ,        ,        ,        ,        ,        ,        ,      
stewabi01, 1977,     1, BUF , NHL , D  , 13.0,  2.0,   0.0,   2.0,  15.0, 1.0  ,  0.0,     ,  0.0,     ,  1.0, 0.0,  12.0,    8.0,   0.0,   2.0,     2.0,     0.0,        ,     0.0,        ,     0.0,        ,     0.0,      
stewabi01, 1978,     1, BUF , NHL , D  , 68.0,  1.0,  17.0,  18.0, 101.0, 5.0  ,  0.0,     ,  0.0,     ,  0.0, 0.0,  87.0,    1.0,   0.0,   1.0,     1.0,     0.0,        ,     0.0,        ,     0.0,        ,     0.0,      
stewabi01, 1980,     1, STL , NHL , D  , 60.0,  2.0,  21.0,  23.0, 114.0, 19.0 ,  0.0,     ,  0.0,     ,  0.0, 0.0,  62.0,    4.0,   1.0,   0.0,     1.0,    11.0,        ,     0.0,        ,     0.0,        ,     0.0,      
stewabi01, 1981,     1, STL , NHL , D  , 22.0,  0.0,   5.0,   5.0,  25.0, -5.0 ,  0.0,     ,  0.0,     ,  0.0, 0.0,  21.0,       ,      ,      ,        ,        ,        ,        ,        ,        ,        ,        ,      
stewabi01, 1982,     1, STL , NHL , D  ,  7.0,  0.0,   0.0,   0.0,   8.0, -1.0 ,  0.0,     ,  0.0,     ,  0.0, 0.0,   5.0,       ,      ,      ,        ,        ,        ,        ,        ,        ,        ,        ,      
stewabi01, 1983,     1, TOR , NHL , D  , 56.0,  2.0,  17.0,  19.0, 116.0, -1.0 ,  0.0,     ,  0.0,     ,  0.0, 0.0,  42.0,       ,      ,      ,        ,        ,        ,        ,        ,        ,        ,        ,      
stewabi01, 1984,     1, TOR , NHL , D  , 27.0,  0.0,   2.0,   2.0,  32.0, -3.0 ,  0.0,     ,  0.0,     ,  0.0, 0.0,   9.0,       ,      ,      ,        ,        ,        ,        ,        ,        ,        ,        ,      
stewabi01, 1985,     1, MNS , NHL , D  ,  8.0,  0.0,   2.0,   2.0,  13.0, 2.0  ,  0.0,     ,  0.0,     ,  0.0, 0.0,   3.0,       ,      ,      ,        ,        ,        ,        ,        ,        ,        ,        ,      
stewabl01, 1973,     1, DET , NHL , L  , 17.0,  0.0,   4.0,   4.0,  16.0, -6.0 ,  0.0,     ,  0.0,     ,  0.0, 0.0,  22.0,       ,      ,      ,        ,        ,        ,        ,        ,        ,        ,        ,      
stewabl01, 1974,     1, DET , NHL , C  , 19.0,  0.0,   5.0,   5.0,  38.0, -5.0 ,  0.0,     ,  0.0,     ,  0.0, 0.0,  31.0,       ,      ,      ,        ,        ,        ,        ,        ,        ,        ,        ,      
stewabl01, 1974,     2, WAS , NHL , C  ,  2.0,  1.0,   0.0,   1.0,   2.0, -2.0 ,  0.0,     ,  0.0,     ,  0.0, 0.0,   4.0,       ,      ,      ,        ,        ,        ,        ,        ,        ,        ,        ,      
stewabl01, 1975,     1, WAS , NHL , L  , 74.0, 13.0,  14.0,  27.0, 113.0, -53.0,  0.0,     ,  0.0,     ,  0.0, 0.0,  88.0,       ,      ,      ,        ,        ,        ,        ,        ,        ,        ,        ,      
stewabl01, 1976,     1, WAS , NHL , L  , 34.0,  5.0,   2.0,   7.0,  85.0, -6.0 ,  0.0,     ,  0.0,     ,  0.0, 0.0,  41.0,       ,      ,      ,        ,        ,        ,        ,        ,        ,        ,        ,      
stewabl01, 1977,     1, WAS , NHL , L  ,  8.0,  0.0,   1.0,   1.0,   9.0, -3.0 ,  0.0,     ,  0.0,     ,  0.0, 0.0,   4.0,       ,      ,      ,        ,        ,        ,        ,        ,        ,        ,        ,      
stewabl01, 1978,     1, WAS , NHL , L  , 45.0,  7.0,  12.0,  19.0,  48.0, 1.0  ,  0.0,     ,  0.0,     ,  0.0, 0.0,  56.0,       ,      ,      ,        ,        ,        ,        ,        ,        ,        ,        ,      
stewabl01, 1979,     1, QUE , NHL , L  , 30.0,  8.0,   6.0,  14.0,  15.0, 2.0  ,  0.0,     ,  1.0,     ,  2.0, 0.0,  53.0,       ,      ,      ,        ,        ,        ,        ,        ,        ,        ,        ,      
stewabo01, 1971,     1, BOS , NHL , D  ,  8.0,  0.0,   0.0,   0.0,  15.0, 3.0  ,  0.0,     ,  0.0,     ,  0.0, 0.0,   0.0,       ,      ,      ,        ,        ,        ,        ,        ,        ,        ,        ,      
stewabo01, 1971,     2, CLF , NHL , D  , 16.0,  1.0,   2.0,   3.0,  44.0, -11.0,  0.0,     ,  0.0,     ,  0.0, 0.0,  18.0,       ,      ,      ,        ,        ,        ,        ,        ,        ,        ,        ,      
stewabo01, 1972,     1, CLF , NHL , D  , 63.0,  4.0,  17.0,  21.0, 181.0, -46.0,  0.0,     ,  0.0,     ,  0.0, 0.0,  95.0,       ,      ,      ,        ,        ,        ,        ,        ,        ,        ,        ,      
stewabo01, 1973,     1, CLF , NHL , D  , 47.0,  2.0,   5.0,   7.0,  69.0, -42.0,  1.0,     ,  0.0,     ,  0.0, 0.0,  42.0,       ,      ,      ,        ,        ,        ,        ,        ,        ,        ,        ,      
stewabo01, 1974,     1, CLF , NHL , D  , 67.0,  5.0,  12.0,  17.0,  93.0, -18.0,  0.0,     ,  0.0,     ,  1.0, 0.0,  87.0,       ,      ,      ,        ,        ,        ,        ,        ,        ,        ,        ,      
stewabo01, 1975,     1, CLF , NHL , D  , 76.0,  4.0,  17.0,  21.0, 112.0, -34.0,  2.0,     ,  0.0,     ,  0.0, 0.0,  67.0,       ,      ,      ,        ,        ,        ,        ,        ,        ,        ,        ,      
stewabo01, 1976,     1, CLE , NHL , D  , 73.0,  1.0,  12.0,  13.0, 108.0, -31.0,  0.0,     ,  0.0,     ,  0.0, 0.0,  69.0,       ,      ,      ,        ,        ,        ,        ,        ,        ,        ,        ,      
stewabo01, 1977,     1, CLE , NHL , D  , 72.0,  2.0,  15.0,  17.0,  84.0, -25.0,  0.0,     ,  0.0,     ,  0.0, 0.0,  57.0,       ,      ,      ,        ,        ,        ,        ,        ,        ,        ,        ,      
stewabo01, 1978,     1, STL , NHL , D  , 78.0,  5.0,  13.0,  18.0,  47.0, -28.0,  1.0,     ,  0.0,     ,  0.0, 0.0,  57.0,       ,      ,      ,        ,        ,        ,        ,        ,        ,        ,        ,      
stewabo01, 1979,     1, STL , NHL , D  , 10.0,  0.0,   1.0,   1.0,   4.0, -1.0 ,  0.0,     ,  0.0,     ,  0.0, 0.0,   7.0,       ,      ,      ,        ,        ,        ,        ,        ,        ,        ,        ,      
stewabo01, 1979,     2, PIT , NHL , D  , 65.0,  3.0,   7.0,  10.0,  52.0, -27.0,  0.0,     ,  0.0,     ,  0.0, 0.0,  53.0,    5.0,   1.0,   1.0,     2.0,     2.0,        ,     0.0,        ,     0.0,        ,     0.0,      
stewaca01, 1993,     1, BOS , NHL , L  , 57.0,  3.0,   6.0,   9.0,  66.0, -6.0 ,  0.0,  0.0,  0.0,  1.0,  1.0, 0.0,  55.0,    8.0,   0.0,   3.0,     3.0,     7.0, 0.0    ,     0.0,     0.0,     0.0,     0.0,     0.0,     4.0
stewaca01, 1994,     1, BOS , NHL , C  ,  5.0,  0.0,   0.0,   0.0,   2.0, 0.0  ,  0.0,  0.0,  0.0,  0.0,  0.0, 0.0,   2.0,       ,      ,      ,        ,        ,        ,        ,        ,        ,        ,        ,      
stewaca01, 1995,     1, BOS , NHL , C  ,  6.0,  0.0,   0.0,   0.0,   0.0, -2.0 ,  0.0,  0.0,  0.0,  0.0,  0.0, 0.0,   2.0,    5.0,   1.0,   0.0,     1.0,     2.0, 0.0    ,     0.0,     0.0,     0.0,     0.0,     0.0,     2.0
stewaca01, 1996,     1, BOS , NHL , L  , 15.0,  0.0,   1.0,   1.0,   4.0, -2.0 ,  0.0,  0.0,  0.0,  0.0,  0.0, 0.0,  21.0,       ,      ,      ,        ,        ,        ,        ,        ,        ,        ,        ,      
stewaca01, 1999,     1, FLO , NHL , L  , 65.0,  9.0,   7.0,  16.0,  30.0, -2.0 ,  0.0,  1.0,  0.0,  0.0,  3.0, 0.0,  52.0,       ,      ,      ,        ,        ,        ,        ,        ,        ,        ,        ,      
stewaca01, 2000,     1, MIN , NHL , L  , 54.0,  4.0,   9.0,  13.0,  18.0, -3.0 ,  0.0,  1.0,  1.0,  0.0,  0.0, 1.0,  61.0,       ,      ,      ,        ,        ,        ,        ,        ,        ,        ,        ,      
stewach01, 1924,     1, BOS , NHL , G  , 21.0,  0.0,   0.0,   0.0,   0.0,      ,     ,     ,     ,     ,     ,    ,      ,       ,      ,      ,        ,        ,        ,        ,        ,        ,        ,        ,      
stewach01, 1925,     1, BOS , NHL , G  , 35.0,  0.0,   0.0,   0.0,   0.0,      ,     ,     ,     ,     ,     ,    ,      ,       ,      ,      ,        ,        ,        ,        ,        ,        ,        ,        ,      
stewach01, 1926,     1, BOS , NHL , G  , 21.0,  0.0,   0.0,   0.0,   0.0,      ,     ,     ,     ,     ,     ,    ,      ,       ,      ,      ,        ,        ,        ,        ,        ,        ,        ,        ,      
stewach02, 2008,     1, COL , NHL , R  , 53.0, 11.0,   8.0,  19.0,  54.0, -18.0,  1.0,  3.0,  1.0,  0.0,  1.0,    ,  98.0,       ,      ,      ,        ,        ,        ,        ,        ,        ,        ,        ,      
stewach02, 2009,     1, COL , NHL , R  , 77.0, 28.0,  36.0,  64.0,  73.0, 4.0  ,  3.0, 10.0,  0.0,  0.0,  5.0,    , 221.0,    6.0,   3.0,   0.0,     3.0,     4.0, -1.0   ,     0.0,     0.0,     0.0,     0.0,     1.0,    20.0
stewaga01, 1941,     1, TOR , NHL , L  ,     ,     ,      ,      ,      ,      ,     ,     ,     ,     ,     ,    ,      ,    1.0,   0.0,   0.0,     0.0,     0.0,        ,        ,        ,        ,        ,        ,      
stewaga01, 1942,     1, TOR , NHL , L  , 48.0, 24.0,  23.0,  47.0,  20.0,      ,     ,     ,     ,     ,     ,    ,      ,    4.0,   0.0,   2.0,     2.0,     4.0,        ,        ,        ,        ,        ,        ,      
stewaga01, 1945,     1, TOR , NHL , L  , 50.0, 37.0,  15.0,  52.0,   8.0,      ,     ,     ,     ,     ,     ,    ,      ,       ,      ,      ,        ,        ,        ,        ,        ,        ,        ,        ,      
stewaga01, 1946,     1, TOR , NHL , L  , 60.0, 19.0,  14.0,  33.0,  15.0,      ,     ,     ,     ,     ,     ,    ,      ,   11.0,   2.0,   5.0,     7.0,     8.0,        ,        ,        ,        ,        ,        ,      
stewaga01, 1947,     1, TOR , NHL , L  ,  7.0,  1.0,   0.0,   1.0,   9.0,      ,     ,     ,     ,     ,     ,    ,      ,       ,      ,      ,        ,        ,        ,        ,        ,        ,        ,        ,      
stewaga01, 1947,     2, CHI , NHL , L  , 54.0, 26.0,  29.0,  55.0,  74.0,      ,     ,     ,     ,     ,     ,    ,      ,       ,      ,      ,        ,        ,        ,        ,        ,        ,        ,        ,      
stewaga01, 1948,     1, CHI , NHL , L  , 54.0, 20.0,  18.0,  38.0,  57.0,      ,     ,     ,     ,     ,     ,    ,      ,       ,      ,      ,        ,        ,        ,        ,        ,        ,        ,        ,      
stewaga01, 1949,     1, CHI , NHL , L  , 70.0, 24.0,  19.0,  43.0,  43.0,      ,     ,     ,     ,     ,     ,    ,      ,       ,      ,      ,        ,        ,        ,        ,        ,        ,        ,        ,      
stewaga01, 1950,     1, DET , NHL , L  , 67.0, 18.0,  13.0,  31.0,  18.0,      ,     ,     ,     ,     ,     ,    ,      ,    6.0,   0.0,   2.0,     2.0,     4.0,        ,        ,        ,        ,        ,        ,      
stewaga01, 1951,     1, NYR , NHL , L  , 69.0, 15.0,  25.0,  40.0,  22.0,      ,     ,     ,     ,     ,     ,    ,      ,       ,      ,      ,        ,        ,        ,        ,        ,        ,        ,        ,      
stewaga01, 1952,     1, NYR , NHL , L  , 18.0,  1.0,   2.0,   3.0,   8.0,      ,     ,     ,     ,     ,     ,    ,      ,       ,      ,      ,        ,        ,        ,        ,        ,        ,        ,        ,      
stewaga01, 1952,     2, MTL , NHL , L  ,  5.0,  0.0,   1.0,   1.0,   0.0,      ,     ,     ,     ,     ,     ,    ,      ,       ,      ,      ,        ,        ,        ,        ,        ,        ,        ,        ,      
stewaga01, 1953,     1, MTL , NHL , L  ,     ,     ,      ,      ,      ,      ,     ,     ,     ,     ,     ,    ,      ,    3.0,   0.0,   0.0,     0.0,     0.0,        ,        ,        ,        ,        ,        ,      
stewagr01, 2007,     1, MTL , NHL , L  ,  1.0,  0.0,   0.0,   0.0,   5.0, 0.0  ,  0.0,  0.0,  0.0,  0.0,  0.0,    ,   2.0,       ,      ,      ,        ,        ,        ,        ,        ,        ,        ,        ,      
stewagr01, 2008,     1, MTL , NHL , L  , 20.0,  0.0,   1.0,   1.0,  32.0, -4.0 ,  0.0,  0.0,  0.0,  0.0,  0.0,    ,  16.0,    2.0,   0.0,   0.0,     0.0,     2.0, -3.0   ,     0.0,     0.0,     0.0,     0.0,     0.0,     2.0
stewagr01, 2009,     1, MTL , NHL , L  ,  5.0,  0.0,   0.0,   0.0,  11.0, -3.0 ,  0.0,  0.0,  0.0,  0.0,  0.0,    ,   4.0,       ,      ,      ,        ,        ,        ,        ,        ,        ,        ,        ,      
stewaja01, 1938,     1, DET , NHL , D  , 32.0,  0.0,   1.0,   1.0,  18.0,      ,     ,     ,     ,     ,     ,    ,      ,       ,      ,      ,        ,        ,        ,        ,        ,        ,        ,        ,      
stewaja01, 1939,     1, DET , NHL , D  , 48.0,  1.0,   0.0,   1.0,  40.0,      ,     ,     ,     ,     ,     ,    ,      ,    5.0,   0.0,   0.0,     0.0,     4.0,        ,        ,        ,        ,        ,        ,      
stewaja01, 1940,     1, DET , NHL , D  , 47.0,  2.0,   6.0,   8.0,  56.0,      ,     ,     ,     ,     ,     ,    ,      ,    9.0,   1.0,   2.0,     3.0,     8.0,        ,        ,        ,        ,        ,        ,      
stewaja01, 1941,     1, DET , NHL , D  , 44.0,  4.0,   7.0,  11.0,  93.0,      ,     ,     ,     ,     ,     ,    ,      ,   12.0,   0.0,   1.0,     1.0,    12.0,        ,        ,        ,        ,        ,        ,      
stewaja01, 1942,     1, DET , NHL , D  , 44.0,  2.0,   9.0,  11.0,  68.0,      ,     ,     ,     ,     ,     ,    ,      ,   10.0,   1.0,   2.0,     3.0,    35.0,        ,        ,        ,        ,        ,        ,      
stewaja01, 1945,     1, DET , NHL , D  , 47.0,  4.0,  11.0,  15.0,  73.0,      ,     ,     ,     ,     ,     ,    ,      ,    5.0,   0.0,   0.0,     0.0,    14.0,        ,        ,        ,        ,        ,        ,      
stewaja01, 1946,     1, DET , NHL , D  , 55.0,  5.0,   9.0,  14.0,  83.0,      ,     ,     ,     ,     ,     ,    ,      ,    5.0,   0.0,   1.0,     1.0,    12.0,        ,        ,        ,        ,        ,        ,      
stewaja01, 1947,     1, DET , NHL , D  , 60.0,  5.0,  14.0,  19.0,  91.0,      ,     ,     ,     ,     ,     ,    ,      ,    9.0,   1.0,   3.0,     4.0,     6.0,        ,        ,        ,        ,        ,        ,      
stewaja01, 1948,     1, DET , NHL , D  , 60.0,  4.0,  11.0,  15.0,  96.0,      ,     ,     ,     ,     ,     ,    ,      ,   11.0,   1.0,   1.0,     2.0,    32.0,        ,        ,        ,        ,        ,        ,      
stewaja01, 1949,     1, DET , NHL , D  , 65.0,  3.0,  11.0,  14.0,  86.0,      ,     ,     ,     ,     ,     ,    ,      ,   14.0,   1.0,   4.0,     5.0,    20.0,        ,        ,        ,        ,        ,        ,      
stewaja01, 1950,     1, CHI , NHL , D  , 26.0,  0.0,   2.0,   2.0,  49.0,      ,     ,     ,     ,     ,     ,    ,      ,       ,      ,      ,        ,        ,        ,        ,        ,        ,        ,        ,      
stewaja01, 1951,     1, CHI , NHL , D  , 37.0,  1.0,   3.0,   4.0,  12.0,      ,     ,     ,     ,     ,     ,    ,      ,       ,      ,      ,        ,        ,        ,        ,        ,        ,        ,        ,      
stewaji01, 1979,     1, BOS , NHL , G  ,  1.0,  0.0,   0.0,   0.0,   0.0, 0.0  ,  0.0,     ,  0.0,     ,  0.0, 0.0,   0.0,       ,      ,      ,        ,        ,        ,        ,        ,        ,        ,        ,      
stewajo01, 1970,     1, PIT , NHL , L  , 15.0,  2.0,   1.0,   3.0,   9.0, -9.0 ,  1.0,     ,  0.0,     ,  0.0, 0.0,  25.0,       ,      ,      ,        ,        ,        ,        ,        ,        ,        ,        ,      
stewajo01, 1971,     1, PIT , NHL , L  , 25.0,  2.0,   8.0,  10.0,  23.0, -6.0 ,  0.0,     ,  0.0,     ,  0.0, 0.0,  33.0,       ,      ,      ,        ,        ,        ,        ,        ,        ,        ,        ,      
stewajo01, 1972,     1, ATF , NHL , C  , 68.0, 17.0,  17.0,  34.0,  30.0, -9.0 ,  2.0,     ,  0.0,     ,  3.0, 2.0, 168.0,       ,      ,      ,        ,        ,        ,        ,        ,        ,        ,        ,      
stewajo01, 1973,     1, ATF , NHL , L  , 74.0, 18.0,  15.0,  33.0,  41.0, 3.0  ,  3.0,     ,  0.0,     ,  3.0, 1.0, 143.0,    4.0,   0.0,   0.0,     0.0,    10.0,        ,     0.0,        ,     0.0,        ,     0.0,      
stewajo01, 1974,     1, CLF , NHL , L  , 76.0, 19.0,  19.0,  38.0,  55.0, -42.0,  2.0,     ,  0.0,     ,  2.0, 0.0, 191.0,       ,      ,      ,        ,        ,        ,        ,        ,        ,        ,        ,      
stewajo01, 1975,     1, CLC , WHA , L  , 79.0, 12.0,  21.0,  33.0,  43.0, -3.0 ,  0.0,     ,  0.0,     ,  3.0,    , 166.0,    3.0,   0.0,   0.0,     0.0,     0.0, 0.0    ,        ,        ,        ,        ,     0.0,      
stewajo01, 1976,     1, MF2 , WHA , L  , 15.0,  3.0,   3.0,   6.0,   2.0, -6.0 ,  0.0,     ,  0.0,     ,     ,    ,  37.0,       ,      ,      ,        ,        ,        ,        ,        ,        ,        ,        ,      
stewajo01, 1976,     2, BIR , WHA , L  ,  1.0,  0.0,   0.0,   0.0,   0.0, 0.0  ,  0.0,     ,  0.0,     ,  0.0,    ,   2.0,       ,      ,      ,        ,        ,        ,        ,        ,        ,        ,        ,      
stewajo02, 1974,     1, CLC , WHA , C  , 59.0,  4.0,   7.0,  11.0,   8.0, 5.0  ,  0.0,     ,  0.0,     ,     ,    ,  52.0,    1.0,   0.0,   0.0,     0.0,     0.0,        ,     0.0,        ,     0.0,        ,     0.0,      
stewajo02, 1975,     1, CLC , WHA , C  , 42.0,  2.0,   9.0,  11.0,  15.0, -2.0 ,  0.0,     ,  0.0,     ,  0.0,    ,  68.0,       ,      ,      ,        ,        ,        ,        ,        ,        ,        ,        ,      
stewajo02, 1976,     1, BIR , WHA , C  , 52.0, 17.0,  24.0,  41.0,  32.0, 11.0 ,  2.0,     ,  0.0,     ,     ,    ,  91.0,       ,      ,      ,        ,        ,        ,        ,        ,        ,        ,        ,      
stewajo02, 1977,     1, BIR , WHA , C  , 48.0, 13.0,  26.0,  39.0,  52.0, 13.0 ,  2.0,     ,  1.0,     ,     ,    ,  86.0,    5.0,   1.0,   1.0,     2.0,     6.0, -3.0   ,        ,        ,        ,        ,     1.0,      
stewajo02, 1978,     1, BIR , WHA , C  , 70.0, 24.0,  26.0,  50.0, 108.0, -3.0 ,  4.0,     ,  0.0,     ,     ,    , 126.0,       ,      ,      ,        ,        ,        ,        ,        ,        ,        ,        ,      
stewajo02, 1979,     1, QUE , NHL , L  ,  2.0,  0.0,   0.0,   0.0,   0.0, -2.0 ,  0.0,     ,  0.0,     ,  0.0, 0.0,   4.0,       ,      ,      ,        ,        ,        ,        ,        ,        ,        ,        ,      
stewaka01, 2003,     1, ATL , NHL , L  ,  5.0,  0.0,   1.0,   1.0,   4.0, 0.0  ,  0.0,  0.0,  0.0,  0.0,  0.0, 0.0,   2.0,       ,      ,      ,        ,        ,        ,        ,        ,        ,        ,        ,      
stewaka01, 2005,     1, ATL , NHL , L  ,  8.0,  0.0,   0.0,   0.0,  15.0, -3.0 ,  0.0,  0.0,  0.0,  0.0,  0.0,    ,   6.0,       ,      ,      ,        ,        ,        ,        ,        ,        ,        ,        ,      
stewaka01, 2006,     1, PIT , NHL , L  ,  3.0,  0.0,   0.0,   0.0,   2.0, -1.0 ,  0.0,  0.0,  0.0,  0.0,  0.0,    ,   0.0,       ,      ,      ,        ,        ,        ,        ,        ,        ,        ,        ,      
stewaka01, 2006,     2, CHI , NHL , L  , 37.0,  2.0,   3.0,   5.0,  43.0, -2.0 ,  0.0,  0.0,  1.0,  0.0,  0.0,    ,  19.0,       ,      ,      ,        ,        ,        ,        ,        ,        ,        ,        ,      
stewaka01, 2006,     3, TBL , NHL , L  ,  7.0,  0.0,   0.0,   0.0,   2.0, -2.0 ,  0.0,  0.0,  0.0,  0.0,  0.0,    ,   2.0,       ,      ,      ,        ,        ,        ,        ,        ,        ,        ,        ,      
stewaka01, 2007,     1, TBL , NHL , L  ,  9.0,  0.0,   0.0,   0.0,   2.0, -2.0 ,  0.0,  0.0,  0.0,  0.0,  0.0,    ,   2.0,       ,      ,      ,        ,        ,        ,        ,        ,        ,        ,        ,      
stewake01, 1941,     1, CHI , NHL , L  ,  6.0,  1.0,   1.0,   2.0,   2.0,      ,     ,     ,     ,     ,     ,    ,      ,       ,      ,      ,        ,        ,        ,        ,        ,        ,        ,        ,      
stewane01, 1925,     1, MTM , NHL , C  , 36.0, 34.0,   8.0,  42.0, 119.0,      ,     ,     ,     ,     ,     ,    ,      ,    4.0,   0.0,   2.0,     2.0,    10.0,        ,        ,        ,        ,        ,        ,      
stewane01, 1926,     1, MTM , NHL , C  , 43.0, 17.0,   4.0,  21.0, 133.0,      ,     ,     ,     ,     ,     ,    ,      ,    2.0,   0.0,   0.0,     0.0,     4.0,        ,        ,        ,        ,        ,        ,      
stewane01, 1927,     1, MTM , NHL , C  , 41.0, 27.0,   7.0,  34.0, 104.0,      ,     ,     ,     ,     ,     ,    ,      ,    9.0,   2.0,   2.0,     4.0,    13.0,        ,        ,        ,        ,        ,        ,      
stewane01, 1928,     1, MTM , NHL , C  , 44.0, 21.0,   8.0,  29.0,  74.0,      ,     ,     ,     ,     ,     ,    ,      ,       ,      ,      ,        ,        ,        ,        ,        ,        ,        ,        ,      
stewane01, 1929,     1, MTM , NHL , C  , 44.0, 39.0,  16.0,  55.0,  81.0,      ,     ,     ,     ,     ,     ,    ,      ,    4.0,   1.0,   1.0,     2.0,     2.0,        ,        ,        ,        ,        ,        ,      
stewane01, 1930,     1, MTM , NHL , C  , 42.0, 25.0,  14.0,  39.0,  75.0,      ,     ,     ,     ,     ,     ,    ,      ,    2.0,   1.0,   0.0,     1.0,     6.0,        ,        ,        ,        ,        ,        ,      
stewane01, 1931,     1, MTM , NHL , C  , 38.0, 22.0,  11.0,  33.0,  61.0,      ,     ,     ,     ,     ,     ,    ,      ,    4.0,   0.0,   1.0,     1.0,     2.0,        ,        ,        ,        ,        ,        ,      
stewane01, 1932,     1, BOS , NHL , C  , 47.0, 18.0,  18.0,  36.0,  62.0,      ,     ,     ,     ,     ,     ,    ,      ,    5.0,   2.0,   0.0,     2.0,     4.0,        ,        ,        ,        ,        ,        ,      
stewane01, 1933,     1, BOS , NHL , C  , 48.0, 22.0,  17.0,  39.0,  68.0,      ,     ,     ,     ,     ,     ,    ,      ,       ,      ,      ,        ,        ,        ,        ,        ,        ,        ,        ,      
stewane01, 1934,     1, BOS , NHL , C  , 47.0, 21.0,  18.0,  39.0,  45.0,      ,     ,     ,     ,     ,     ,    ,      ,    4.0,   0.0,   1.0,     1.0,     0.0,        ,        ,        ,        ,        ,        ,      
stewane01, 1935,     1, NYA , NHL , C  , 48.0, 14.0,  15.0,  29.0,  16.0,      ,     ,     ,     ,     ,     ,    ,      ,    5.0,   1.0,   2.0,     3.0,     4.0,        ,        ,        ,        ,        ,        ,      
stewane01, 1936,     1, BOS , NHL , C  , 11.0,  3.0,   2.0,   5.0,   6.0,      ,     ,     ,     ,     ,     ,    ,      ,       ,      ,      ,        ,        ,        ,        ,        ,        ,        ,        ,      
stewane01, 1936,     2, NYA , NHL , C  , 32.0, 20.0,  10.0,  30.0,  31.0,      ,     ,     ,     ,     ,     ,    ,      ,       ,      ,      ,        ,        ,        ,        ,        ,        ,        ,        ,      
stewane01, 1937,     1, NYA , NHL , C  , 48.0, 19.0,  17.0,  36.0,  29.0,      ,     ,     ,     ,     ,     ,    ,      ,    6.0,   2.0,   3.0,     5.0,     2.0,        ,        ,        ,        ,        ,        ,      
stewane01, 1938,     1, NYA , NHL , C  , 46.0, 16.0,  19.0,  35.0,  43.0,      ,     ,     ,     ,     ,     ,    ,      ,    2.0,   0.0,   0.0,     0.0,     0.0,        ,        ,        ,        ,        ,        ,      
stewane01, 1939,     1, NYA , NHL , C  , 35.0,  6.0,   7.0,  13.0,   6.0,      ,     ,     ,     ,     ,     ,    ,      ,    3.0,   0.0,   0.0,     0.0,     0.0,        ,        ,        ,        ,        ,        ,      
stewapa01, 1976,     1, EDO , WHA , D  ,  2.0,  0.0,   0.0,   0.0,   2.0, 0.0  ,  0.0,     ,  0.0,     ,  0.0,    ,   1.0,       ,      ,      ,        ,        ,        ,        ,        ,        ,        ,        ,      
stewapa01, 1977,     1, CIN , WHA , D  , 40.0,  1.0,   5.0,   6.0, 241.0, -7.0 ,  0.0,     ,  0.0,     ,     ,    ,  15.0,       ,      ,      ,        ,        ,        ,        ,        ,        ,        ,        ,      
stewapa01, 1978,     1, CIN , WHA , L  , 23.0,  2.0,   1.0,   3.0,  45.0, 1.0  ,  0.0,     ,  0.0,     ,     ,    ,   6.0,    3.0,   0.0,   0.0,     0.0,     0.0, 0.0    ,        ,        ,        ,        ,     0.0,      
stewapa01, 1979,     1, QUE , NHL , L  , 21.0,  2.0,   0.0,   2.0,  74.0, -1.0 ,  0.0,     ,  0.0,     ,  0.0, 0.0,   9.0,       ,      ,      ,        ,        ,        ,        ,        ,        ,        ,        ,      
stewara01, 1970,     1, VAN , NHL , C  ,  3.0,  0.0,   1.0,   1.0,   0.0, -1.0 ,  0.0,     ,  0.0,     ,  0.0, 0.0,   2.0,       ,      ,      ,        ,        ,        ,        ,        ,        ,        ,        ,      
stewara01, 1972,     1, NYI , NHL , C  , 31.0,  4.0,  10.0,  14.0,   4.0, -11.0,  0.0,     ,  0.0,     ,  0.0, 0.0,  68.0,       ,      ,      ,        ,        ,        ,        ,        ,        ,        ,        ,      
stewara01, 1973,     1, NYI , NHL , C  , 67.0, 23.0,  20.0,  43.0,   6.0, -7.0 ,  2.0,     ,  5.0,     ,  2.0, 2.0, 178.0,       ,      ,      ,        ,        ,        ,        ,        ,        ,        ,        ,      
stewara01, 1974,     1, NYI , NHL , C  , 70.0, 16.0,  24.0,  40.0,  12.0, -9.0 ,  6.0,     ,  1.0,     ,  2.0, 2.0, 145.0,   13.0,   3.0,   3.0,     6.0,     2.0,        ,     1.0,        ,     0.0,        ,     0.0,      
stewara01, 1975,     1, NYI , NHL , C  , 31.0,  6.0,   7.0,  13.0,   2.0, 3.0  ,  0.0,     ,  1.0,     ,  1.0, 0.0,  28.0,    6.0,   1.0,   1.0,     2.0,     0.0,        ,     1.0,        ,     0.0,        ,     0.0,      
stewara01, 1976,     1, VAN , NHL , C  , 34.0,  6.0,   8.0,  14.0,   4.0, 3.0  ,  0.0,     ,  0.0,     ,  1.0, 0.0,  54.0,       ,      ,      ,        ,        ,        ,        ,        ,        ,        ,        ,      
stewara01, 1977,     1, VAN , NHL , C  , 16.0,  2.0,   3.0,   5.0,   0.0, -10.0,  1.0,     ,  0.0,     ,  0.0, 0.0,  28.0,       ,      ,      ,        ,        ,        ,        ,        ,        ,        ,        ,      
stewaro01, 1952,     1, TOR , NHL , R  , 70.0, 13.0,  22.0,  35.0,  29.0,      ,     ,     ,     ,     ,     ,    ,      ,       ,      ,      ,        ,        ,        ,        ,        ,        ,        ,        ,      
stewaro01, 1953,     1, TOR , NHL , R  , 70.0, 14.0,  11.0,  25.0,  72.0,      ,     ,     ,     ,     ,     ,    ,      ,    5.0,   0.0,   1.0,     1.0,    10.0,        ,        ,        ,        ,        ,        ,      
stewaro01, 1954,     1, TOR , NHL , R  , 53.0, 14.0,   5.0,  19.0,  20.0,      ,     ,     ,     ,     ,     ,    ,      ,    4.0,   0.0,   0.0,     0.0,     2.0,        ,        ,        ,        ,        ,        ,      
stewaro01, 1955,     1, TOR , NHL , R  , 69.0, 13.0,  14.0,  27.0,  35.0,      ,     ,     ,     ,     ,     ,    ,      ,    5.0,   1.0,   1.0,     2.0,     2.0,        ,        ,        ,        ,        ,        ,      
stewaro01, 1956,     1, TOR , NHL , R  , 65.0, 15.0,  20.0,  35.0,  28.0,      ,     ,     ,     ,     ,     ,    ,      ,       ,      ,      ,        ,        ,        ,        ,        ,        ,        ,        ,      
stewaro01, 1957,     1, TOR , NHL , R  , 70.0, 15.0,  24.0,  39.0,  51.0,      ,     ,     ,     ,     ,     ,    ,      ,       ,      ,      ,        ,        ,        ,        ,        ,        ,        ,        ,      
stewaro01, 1958,     1, TOR , NHL , R  , 70.0, 21.0,  13.0,  34.0,  23.0,      ,     ,     ,     ,     ,     ,    ,      ,   12.0,   3.0,   3.0,     6.0,     6.0,        ,        ,        ,        ,        ,        ,      
stewaro01, 1959,     1, TOR , NHL , C  , 67.0, 14.0,  20.0,  34.0,  28.0,      ,     ,     ,     ,     ,     ,    ,      ,   10.0,   0.0,   2.0,     2.0,     2.0,        ,        ,        ,        ,        ,        ,      
stewaro01, 1960,     1, TOR , NHL , C  , 51.0, 13.0,  12.0,  25.0,   8.0,      ,     ,     ,     ,     ,     ,    ,      ,    5.0,   1.0,   0.0,     1.0,     2.0,        ,        ,        ,        ,        ,     0.0,      
stewaro01, 1961,     1, TOR , NHL , C  , 60.0,  8.0,   9.0,  17.0,  14.0,      ,     ,     ,     ,     ,     ,    ,      ,   11.0,   1.0,   6.0,     7.0,     4.0,        ,        ,        ,        ,        ,     0.0,      
stewaro01, 1962,     1, TOR , NHL , C  , 63.0, 16.0,  16.0,  32.0,  26.0,      ,     ,     ,     ,     ,     ,    ,      ,   10.0,   4.0,   0.0,     4.0,     2.0,        ,        ,        ,        ,        ,     0.0,      
stewaro01, 1963,     1, TOR , NHL , C  , 65.0, 14.0,   5.0,  19.0,  46.0,      ,  0.0,     ,  2.0,     ,  1.0, 1.0,      ,   14.0,   0.0,   4.0,     4.0,    24.0,        ,        ,        ,        ,        ,     0.0,      
stewaro01, 1964,     1, TOR , NHL , R  , 65.0, 16.0,  11.0,  27.0,  33.0,      ,  2.0,     ,  0.0,     ,  5.0, 1.0,      ,    6.0,   0.0,   1.0,     1.0,     2.0,        ,        ,        ,        ,        ,     0.0,      
stewaro01, 1965,     1, BOS , NHL , R  , 70.0, 20.0,  16.0,  36.0,  17.0,      ,  4.0,     ,  0.0,     ,  2.0, 1.0,      ,       ,      ,      ,        ,        ,        ,        ,        ,        ,        ,        ,      
stewaro01, 1966,     1, BOS , NHL , C  , 56.0, 14.0,  10.0,  24.0,  31.0,      ,  5.0,     ,  0.0,     ,  1.0, 1.0,      ,       ,      ,      ,        ,        ,        ,        ,        ,        ,        ,        ,      
stewaro01, 1967,     1, STL , NHL , R  , 19.0,  7.0,   5.0,  12.0,  11.0, -7.0 ,  1.0,     ,  1.0,     ,  2.0, 1.0,  69.0,       ,      ,      ,        ,        ,        ,        ,        ,        ,        ,        ,      
stewaro01, 1967,     2, NYR , NHL , R  , 55.0,  7.0,   7.0,  14.0,  19.0, -4.0 ,  0.0,     ,  0.0,     ,  1.0, 1.0, 101.0,    6.0,   1.0,   1.0,     2.0,     2.0,        ,     0.0,        ,     0.0,        ,     0.0,      
stewaro01, 1968,     1, NYR , NHL , R  , 75.0, 18.0,  11.0,  29.0,  20.0, -11.0,  1.0,     ,  2.0,     ,  5.0, 0.0, 184.0,    4.0,   0.0,   1.0,     1.0,     0.0,        ,     0.0,        ,     0.0,        ,     0.0,      
stewaro01, 1969,     1, NYR , NHL , R  , 76.0, 14.0,  10.0,  24.0,  14.0, 7.0  ,  1.0,     ,  4.0,     ,  5.0, 0.0, 109.0,    6.0,   0.0,   0.0,     0.0,     2.0,        ,     0.0,        ,     0.0,        ,     0.0,      
stewaro01, 1970,     1, NYR , NHL , C  , 76.0,  5.0,   6.0,  11.0,  19.0, 9.0  ,  0.0,     ,  2.0,     ,  1.0, 1.0,  52.0,   13.0,   1.0,   0.0,     1.0,     0.0,        ,     0.0,        ,     1.0,        ,     0.0,      
stewaro01, 1971,     1, VAN , NHL , R  , 42.0,  3.0,   1.0,   4.0,  10.0, -3.0 ,  0.0,     ,  0.0,     ,  0.0, 0.0,  19.0,       ,      ,      ,        ,        ,        ,        ,        ,        ,        ,        ,      
stewaro01, 1971,     2, NYR , NHL , R  , 13.0,  0.0,   2.0,   2.0,   2.0, -6.0 ,  0.0,     ,  0.0,     ,  0.0, 0.0,  10.0,    8.0,   2.0,   1.0,     3.0,     0.0,        ,     0.0,        ,     0.0,        ,     0.0,      
stewaro01, 1972,     1, NYR , NHL , R  , 11.0,  0.0,   1.0,   1.0,   0.0, 0.0  ,  0.0,     ,  0.0,     ,  0.0, 0.0,   8.0,       ,      ,      ,        ,        ,        ,        ,        ,        ,        ,        ,      
stewaro01, 1972,     2, NYI , NHL , R  , 22.0,  2.0,   2.0,   4.0,   4.0, -17.0,  2.0,     ,  0.0,     ,  0.0, 1.0,  11.0,       ,      ,      ,        ,        ,        ,        ,        ,        ,        ,        ,      
stewary01, 1985,     1, WIN , NHL , R  ,  3.0,  1.0,   0.0,   1.0,   0.0, 0.0  ,  0.0,     ,  0.0,     ,  0.0, 0.0,   5.0,       ,      ,      ,        ,        ,        ,        ,        ,        ,        ,        ,      
stientr01, 1985,     1, QUE , NHL , R  ,  2.0,  1.0,   0.0,   1.0,   0.0, 0.0  ,  0.0,     ,  0.0,     ,  0.0, 0.0,   6.0,    1.0,   0.0,   0.0,     0.0,     0.0, -1.0   ,     0.0,        ,     0.0,        ,     0.0,     0.0
stientr01, 1986,     1, QUE , NHL , R  ,  6.0,  1.0,   0.0,   1.0,  12.0, 0.0  ,  0.0,     ,  0.0,     ,  1.0, 0.0,   6.0,       ,      ,      ,        ,        ,        ,        ,        ,        ,        ,        ,      
stientr01, 1987,     1, QUE , NHL , R  ,  8.0,  0.0,   1.0,   1.0,  24.0, -1.0 ,  0.0,  0.0,  0.0,  0.0,  0.0, 0.0,   3.0,       ,      ,      ,        ,        ,        ,        ,        ,        ,        ,        ,      
stientr01, 1988,     1, QUE , NHL , R  , 55.0,  6.0,   3.0,   9.0, 125.0, -17.0,  1.0,  0.0,  0.0,  0.0,  0.0, 0.0,  65.0,       ,      ,      ,        ,        ,        ,        ,        ,        ,        ,        ,      
stileto01, 1983,     1, CAL , NHL , D  , 30.0,  2.0,   7.0,   9.0,  20.0, 14.0 ,  0.0,     ,  0.0,     ,  0.0, 0.0,  19.0,       ,      ,      ,        ,        ,        ,        ,        ,        ,        ,        ,      
stillco01, 1994,     1, CAL , NHL , C  , 10.0,  0.0,   2.0,   2.0,   2.0, 1.0  ,  0.0,  1.0,  0.0,  0.0,  0.0, 0.0,   7.0,       ,      ,      ,        ,        ,        ,        ,        ,        ,        ,        ,      
stillco01, 1995,     1, CAL , NHL , L  , 74.0, 16.0,  19.0,  35.0,  41.0, -5.0 ,  4.0, 13.0,  1.0,  0.0,  3.0, 0.0, 132.0,    2.0,   1.0,   1.0,     2.0,     0.0, -2.0   ,     0.0,     0.0,     0.0,     0.0,     0.0,     5.0
stillco01, 1996,     1, CAL , NHL , L  , 58.0,  6.0,  20.0,  26.0,  14.0, -6.0 ,  2.0,  8.0,  0.0,  0.0,  0.0, 0.0, 112.0,       ,      ,      ,        ,        ,        ,        ,        ,        ,        ,        ,      
stillco01, 1997,     1, CAL , NHL , L  , 72.0, 27.0,  22.0,  49.0,  40.0, -9.0 ,  9.0,  6.0,  4.0,  1.0,  1.0, 1.0, 178.0,       ,      ,      ,        ,        ,        ,        ,        ,        ,        ,        ,      
stillco01, 1998,     1, CAL , NHL , C  , 76.0, 27.0,  30.0,  57.0,  38.0, 7.0  ,  9.0, 10.0,  3.0,  0.0,  5.0, 1.0, 175.0,       ,      ,      ,        ,        ,        ,        ,        ,        ,        ,        ,      
stillco01, 1999,     1, CAL , NHL , C  , 37.0, 12.0,   9.0,  21.0,  12.0, -9.0 ,  6.0,  3.0,  0.0,  0.0,  3.0, 1.0,  59.0,       ,      ,      ,        ,        ,        ,        ,        ,        ,        ,        ,      
stillco01, 2000,     1, CAL , NHL , L  , 66.0, 21.0,  24.0,  45.0,  45.0, -6.0 ,  7.0,  7.0,  0.0,  0.0,  4.0, 0.0, 148.0,       ,      ,      ,        ,        ,        ,        ,        ,        ,        ,        ,      
stillco01, 2000,     2, STL , NHL , L  , 12.0,  3.0,   4.0,   7.0,   6.0, -2.0 ,  3.0,  1.0,  0.0,  0.0,  0.0, 0.0,  26.0,   15.0,   3.0,   5.0,     8.0,     8.0, 0.0    ,     1.0,     3.0,     0.0,     0.0,     1.0,    35.0
stillco01, 2001,     1, STL , NHL , L  , 80.0, 23.0,  22.0,  45.0,  36.0, 8.0  ,  6.0,  8.0,  0.0,  0.0,  4.0, 0.0, 140.0,    9.0,   0.0,   2.0,     2.0,     2.0, -1.0   ,     0.0,     1.0,     0.0,     0.0,     0.0,    15.0
stillco01, 2002,     1, STL , NHL , L  , 79.0, 24.0,  43.0,  67.0,  56.0, 12.0 ,  6.0, 11.0,  0.0,  2.0,  4.0, 0.0, 157.0,    6.0,   2.0,   2.0,     4.0,     2.0, 0.0    ,     2.0,     1.0,     0.0,     0.0,     1.0,    26.0
stillco01, 2003,     1, TBL , NHL , L  , 81.0, 25.0,  55.0,  80.0,  36.0, 18.0 , 11.0, 15.0,  1.0,  0.0,  6.0, 0.0, 178.0,   21.0,   2.0,   5.0,     7.0,    15.0, 2.0    ,     0.0,     1.0,     1.0,     0.0,     0.0,    35.0
stillco01, 2005,     1, CAR , NHL , L  , 72.0, 21.0,  55.0,  76.0,  32.0, -9.0 , 10.0, 24.0,  0.0,  0.0,  3.0,    , 177.0,   25.0,   9.0,  17.0,    26.0,    14.0, 12.0   ,     4.0,     7.0,     0.0,     0.0,     3.0,    75.0
stillco01, 2006,     1, CAR , NHL , L  , 43.0,  5.0,  22.0,  27.0,  24.0, -8.0 ,  1.0, 12.0,  0.0,  0.0,  0.0,    ,  85.0,       ,      ,      ,        ,        ,        ,        ,        ,        ,        ,        ,      
stillco01, 2007,     1, CAR , NHL , L  , 55.0, 21.0,  25.0,  46.0,  14.0, -7.0 , 10.0,  8.0,  0.0,  0.0,  6.0,    , 124.0,       ,      ,      ,        ,        ,        ,        ,        ,        ,        ,        ,      
stillco01, 2007,     2, OTT , NHL , L  , 24.0,  3.0,  16.0,  19.0,  10.0, -8.0 ,  1.0, 10.0,  0.0,  0.0,  0.0,    ,  42.0,    4.0,   2.0,   0.0,     2.0,     2.0, -4.0   ,     1.0,     0.0,     0.0,     0.0,     0.0,    15.0
stillco01, 2008,     1, FLO , NHL , L  , 63.0, 17.0,  32.0,  49.0,  37.0, 1.0  ,  8.0, 13.0,  0.0,  0.0,  2.0,    , 115.0,       ,      ,      ,        ,        ,        ,        ,        ,        ,        ,        ,      
stillco01, 2009,     1, FLO , NHL , L  , 58.0, 15.0,  22.0,  37.0,  22.0, -3.0 ,  3.0,  6.0,  0.0,  0.0,  4.0,    , 126.0,       ,      ,      ,        ,        ,        ,        ,        ,        ,        ,        ,      
stjacbr01, 2001,     1, PHI , NHL , D  ,  7.0,  0.0,   0.0,   0.0,   2.0, 4.0  ,  0.0,  0.0,  0.0,  0.0,  0.0, 0.0,   4.0,       ,      ,      ,        ,        ,        ,        ,        ,        ,        ,        ,      
stjacbr01, 2002,     1, PHI , NHL , D  ,  6.0,  0.0,   0.0,   0.0,   2.0, -1.0 ,  0.0,  0.0,  0.0,  0.0,  0.0, 0.0,   5.0,       ,      ,      ,        ,        ,        ,        ,        ,        ,        ,        ,      
stjacbr01, 2002,     2, CAR , NHL , D  , 18.0,  2.0,   5.0,   7.0,  12.0, -3.0 ,  0.0,  0.0,  0.0,  0.0,  0.0, 0.0,  14.0,       ,      ,      ,        ,        ,        ,        ,        ,        ,        ,        ,      
stjacbr01, 2003,     1, CAR , NHL , D  , 35.0,  0.0,   2.0,   2.0,  31.0, -7.0 ,  0.0,  0.0,  0.0,  0.0,  0.0, 0.0,  16.0,       ,      ,      ,        ,        ,        ,        ,        ,        ,        ,        ,      
stjacbr01, 2005,     1, ANA , NHL , D  ,  1.0,  1.0,   0.0,   1.0,   0.0, 1.0  ,  0.0,  0.0,  0.0,  0.0,  0.0,    ,   2.0,       ,      ,      ,        ,        ,        ,        ,        ,        ,        ,        ,      
stlauan01, 1973,     1, NYI , NHL , C  , 42.0,  5.0,   9.0,  14.0,  18.0, 1.0  ,  0.0,     ,  0.0,     ,  0.0, 0.0,  75.0,       ,      ,      ,        ,        ,        ,        ,        ,        ,        ,        ,      
stlauan01, 1974,     1, NYI , NHL , C  , 78.0, 14.0,  27.0,  41.0,  60.0, 22.0 ,  1.0,     ,  0.0,     ,  0.0, 1.0, 186.0,   15.0,   2.0,   2.0,     4.0,     6.0,        ,     1.0,        ,     0.0,        ,     0.0,      
stlauan01, 1975,     1, NYI , NHL , C  , 67.0,  9.0,  17.0,  26.0,  56.0, 14.0 ,  0.0,     ,  0.0,     ,  2.0, 1.0, 101.0,   13.0,   1.0,   5.0,     6.0,    15.0,        ,     0.0,        ,     0.0,        ,     0.0,      
stlauan01, 1976,     1, NYI , NHL , C  , 72.0, 10.0,  13.0,  23.0,  55.0, 8.0  ,  2.0,     ,  0.0,     ,  3.0, 1.0,  96.0,   12.0,   1.0,   2.0,     3.0,     6.0,        ,     0.0,        ,     0.0,        ,     1.0,      
stlauan01, 1977,     1, NYI , NHL , C  ,  2.0,  0.0,   0.0,   0.0,   2.0, 0.0  ,  0.0,     ,  0.0,     ,  0.0, 0.0,   5.0,       ,      ,      ,        ,        ,        ,        ,        ,        ,        ,        ,      
stlauan01, 1977,     2, DET , NHL , C  , 77.0, 31.0,  39.0,  70.0, 108.0, 7.0  , 10.0,     ,  0.0,     ,  4.0, 1.0, 193.0,    7.0,   1.0,   1.0,     2.0,     4.0,        ,     0.0,        ,     0.0,        ,     0.0,      
stlauan01, 1978,     1, DET , NHL , C  , 76.0, 18.0,  31.0,  49.0, 124.0, -3.0 ,  4.0,     ,  1.0,     ,  1.0, 1.0, 158.0,       ,      ,      ,        ,        ,        ,        ,        ,        ,        ,        ,      
stlauan01, 1979,     1, LAK , NHL , C  , 77.0,  6.0,  24.0,  30.0,  88.0, -13.0,  1.0,     ,  0.0,     ,  0.0, 0.0, 121.0,    4.0,   1.0,   0.0,     1.0,     0.0,        ,     0.0,        ,     1.0,        ,     1.0,      
stlauan01, 1980,     1, LAK , NHL , C  , 22.0, 10.0,   6.0,  16.0,  63.0, 8.0  ,  0.0,     ,  0.0,     ,  2.0, 0.0,  33.0,    3.0,   0.0,   1.0,     1.0,     9.0,        ,     0.0,        ,     0.0,        ,     0.0,      
stlauan01, 1981,     1, LAK , NHL , C  , 16.0,  2.0,   4.0,   6.0,  28.0, 2.0  ,  0.0,     ,  1.0,     ,  0.0, 0.0,  27.0,       ,      ,      ,        ,        ,        ,        ,        ,        ,        ,        ,      
stlauan01, 1981,     2, PIT , NHL , C  , 18.0,  8.0,   5.0,  13.0,   4.0, 5.0  ,  1.0,     ,  0.0,     ,  1.0, 0.0,  33.0,    5.0,   2.0,   1.0,     3.0,     8.0,        ,     0.0,        ,     0.0,        ,     0.0,      
stlauan01, 1982,     1, PIT , NHL , C  , 70.0, 13.0,   9.0,  22.0, 105.0, -15.0,  1.0,     ,  0.0,     ,  0.0, 0.0, 119.0,       ,      ,      ,        ,        ,        ,        ,        ,        ,        ,        ,      
stlauan01, 1983,     1, PIT , NHL , C  ,  8.0,  2.0,   0.0,   2.0,  21.0, -3.0 ,  0.0,     ,  1.0,     ,  0.0, 0.0,  13.0,       ,      ,      ,        ,        ,        ,        ,        ,        ,        ,        ,      
stlauan01, 1983,     2, DET , NHL , C  , 19.0,  1.0,   3.0,   4.0,  17.0, -3.0 ,  0.0,     ,  1.0,     ,  0.0, 0.0,  24.0,       ,      ,      ,        ,        ,        ,        ,        ,        ,        ,        ,      
stlaudo01, 1950,     1, MTL , NHL , D  ,  3.0,  0.0,   0.0,   0.0,   0.0,      ,     ,     ,     ,     ,     ,    ,      ,       ,      ,      ,        ,        ,        ,        ,        ,        ,        ,        ,      
stlaudo01, 1951,     1, MTL , NHL , D  , 40.0,  3.0,  10.0,  13.0,  30.0,      ,     ,     ,     ,     ,     ,    ,      ,    9.0,   0.0,   3.0,     3.0,     6.0,        ,        ,        ,        ,        ,        ,      
stlaudo01, 1952,     1, MTL , NHL , D  , 54.0,  2.0,   6.0,   8.0,  34.0,      ,     ,     ,     ,     ,     ,    ,      ,   12.0,   0.0,   3.0,     3.0,     4.0,        ,        ,        ,        ,        ,        ,      
stlaudo01, 1953,     1, MTL , NHL , D  , 53.0,  3.0,  12.0,  15.0,  43.0,      ,     ,     ,     ,     ,     ,    ,      ,   10.0,   1.0,   2.0,     3.0,     8.0,        ,        ,        ,        ,        ,        ,      
stlaudo01, 1954,     1, MTL , NHL , D  , 58.0,  3.0,  14.0,  17.0,  24.0,      ,     ,     ,     ,     ,     ,    ,      ,   12.0,   0.0,   5.0,     5.0,    12.0,        ,        ,        ,        ,        ,        ,      
stlaudo01, 1955,     1, MTL , NHL , D  , 46.0,  4.0,   9.0,  13.0,  58.0,      ,     ,     ,     ,     ,     ,    ,      ,    4.0,   0.0,   0.0,     0.0,     2.0,        ,        ,        ,        ,        ,        ,      
stlaudo01, 1956,     1, MTL , NHL , D  , 64.0,  1.0,  11.0,  12.0,  49.0,      ,     ,     ,     ,     ,     ,    ,      ,    7.0,   0.0,   1.0,     1.0,    13.0,        ,        ,        ,        ,        ,        ,      
stlaudo01, 1957,     1, MTL , NHL , D  , 65.0,  3.0,  20.0,  23.0,  68.0,      ,     ,     ,     ,     ,     ,    ,      ,    5.0,   0.0,   0.0,     0.0,    10.0,        ,        ,        ,        ,        ,        ,      
stlaudo01, 1958,     1, CHI , NHL , D  , 70.0,  4.0,   8.0,  12.0,  28.0,      ,     ,     ,     ,     ,     ,    ,      ,    6.0,   0.0,   1.0,     1.0,     2.0,        ,        ,        ,        ,        ,        ,      
stlaudo01, 1959,     1, CHI , NHL , D  , 68.0,  4.0,  13.0,  17.0,  60.0,      ,     ,     ,     ,     ,     ,    ,      ,    4.0,   0.0,   1.0,     1.0,     0.0,        ,        ,        ,        ,        ,        ,      
stlaudo01, 1960,     1, CHI , NHL , D  , 67.0,  2.0,  17.0,  19.0,  58.0,      ,     ,     ,     ,     ,     ,    ,      ,   11.0,   1.0,   2.0,     3.0,    12.0,        ,        ,        ,        ,        ,     0.0,      
stlaudo01, 1961,     1, CHI , NHL , D  , 64.0,  0.0,  13.0,  13.0,  44.0,      ,     ,     ,     ,     ,     ,    ,      ,   12.0,   0.0,   4.0,     4.0,    18.0,        ,        ,        ,        ,        ,     0.0,      
stlausa01, 1985,     1, NJD , NHL , G  ,  4.0,  0.0,   0.0,   0.0,   0.0, 0.0  ,  0.0,     ,  0.0,     ,  0.0, 0.0,   0.0,       ,      ,      ,        ,        ,        ,        ,        ,        ,        ,        ,      
stlausa01, 1986,     1, DET , NHL , G  ,  6.0,  0.0,   0.0,   0.0,   0.0, 0.0  ,  0.0,     ,  0.0,     ,  0.0, 0.0,   0.0,       ,      ,      ,        ,        ,        ,        ,        ,        ,        ,        ,      
stlausa01, 1987,     1, DET , NHL , G  ,  6.0,  0.0,   0.0,   0.0,   2.0, 0.0  ,  0.0,  0.0,  0.0,  0.0,  0.0, 0.0,   0.0,    1.0,   0.0,   0.0,     0.0,     0.0, 0.0    ,     0.0,     0.0,     0.0,     0.0,     0.0,     0.0
stlausa01, 1988,     1, DET , NHL , G  ,  4.0,  0.0,   0.0,   0.0,   0.0, 0.0  ,  0.0,  0.0,  0.0,  0.0,  0.0, 0.0,   0.0,       ,      ,      ,        ,        ,        ,        ,        ,        ,        ,        ,      
stlausa01, 1989,     1, DET , NHL , G  , 14.0,  0.0,   0.0,   0.0,   2.0, 0.0  ,  0.0,  0.0,  0.0,  0.0,  0.0, 0.0,   0.0,       ,      ,      ,        ,        ,        ,        ,        ,        ,        ,        ,      
stlouma01, 1998,     1, CAL , NHL , C  , 13.0,  1.0,   1.0,   2.0,  10.0, -2.0 ,  0.0,  1.0,  0.0,  0.0,  0.0, 0.0,  14.0,       ,      ,      ,        ,        ,        ,        ,        ,        ,        ,        ,      
stlouma01, 1999,     1, CAL , NHL , C  , 56.0,  3.0,  15.0,  18.0,  22.0, -5.0 ,  0.0,  0.0,  0.0,  1.0,  1.0, 0.0,  73.0,       ,      ,      ,        ,        ,        ,        ,        ,        ,        ,        ,      
stlouma01, 2000,     1, TBL , NHL , L  , 78.0, 18.0,  22.0,  40.0,  12.0, -4.0 ,  3.0,  4.0,  3.0,  1.0,  4.0, 0.0, 141.0,       ,      ,      ,        ,        ,        ,        ,        ,        ,        ,        ,      
stlouma01, 2001,     1, TBL , NHL , R  , 53.0, 16.0,  19.0,  35.0,  20.0, 4.0  ,  6.0,  2.0,  1.0,  1.0,  2.0, 2.0, 105.0,       ,      ,      ,        ,        ,        ,        ,        ,        ,        ,        ,      
stlouma01, 2002,     1, TBL , NHL , R  , 82.0, 33.0,  37.0,  70.0,  32.0, 10.0 , 12.0,  7.0,  3.0,  1.0,  5.0, 3.0, 201.0,   11.0,   7.0,   5.0,    12.0,     0.0, 5.0    ,     1.0,     2.0,     2.0,     0.0,     3.0,    25.0
stlouma01, 2003,     1, TBL , NHL , R  , 82.0, 38.0,  56.0,  94.0,  24.0, 35.0 ,  8.0, 22.0,  8.0,  3.0,  7.0, 0.0, 212.0,   23.0,   9.0,  15.0,    24.0,    14.0, 6.0    ,     3.0,     4.0,     1.0,     0.0,     3.0,    58.0
stlouma01, 2005,     1, TBL , NHL , R  , 80.0, 31.0,  30.0,  61.0,  38.0, -3.0 ,  9.0, 11.0,  3.0,  1.0,  7.0,    , 221.0,    5.0,   4.0,   0.0,     4.0,     2.0, -2.0   ,     1.0,     0.0,     0.0,     0.0,     1.0,    15.0
stlouma01, 2006,     1, TBL , NHL , R  , 82.0, 43.0,  59.0, 102.0,  28.0, 7.0  , 14.0, 16.0,  5.0,  6.0,  7.0,    , 273.0,    6.0,   3.0,   5.0,     8.0,     8.0, 6.0    ,     1.0,     1.0,     0.0,     0.0,     0.0,    17.0
stlouma01, 2007,     1, TBL , NHL , R  , 82.0, 25.0,  58.0,  83.0,  26.0, -23.0, 10.0, 19.0,  2.0,  1.0,  5.0,    , 241.0,       ,      ,      ,        ,        ,        ,        ,        ,        ,        ,        ,      
stlouma01, 2008,     1, TBL , NHL , R  , 82.0, 30.0,  50.0,  80.0,  14.0, 4.0  ,  7.0, 18.0,  2.0,  1.0,  3.0,    , 262.0,       ,      ,      ,        ,        ,        ,        ,        ,        ,        ,        ,      
stlouma01, 2009,     1, TBL , NHL , R  , 82.0, 29.0,  65.0,  94.0,  12.0, -8.0 ,  7.0, 30.0,  1.0,  0.0,  7.0,    , 242.0,       ,      ,      ,        ,        ,        ,        ,        ,        ,        ,        ,      
stmarfr01, 1967,     1, STL , NHL , R  , 57.0, 16.0,  16.0,  32.0,  12.0, 11.0 ,  1.0,     ,  0.0,     ,  1.0, 2.0, 147.0,   18.0,   5.0,   8.0,    13.0,     0.0,        ,     4.0,        ,     0.0,        ,     0.0,      
stmarfr01, 1968,     1, STL , NHL , R  , 72.0, 12.0,  26.0,  38.0,  22.0, 20.0 ,  3.0,     ,  0.0,     ,  3.0, 0.0, 169.0,   12.0,   3.0,   3.0,     6.0,     2.0,        ,     0.0,        ,     0.0,        ,     0.0,      
stmarfr01, 1969,     1, STL , NHL , R  , 74.0, 16.0,  43.0,  59.0,  18.0, -3.0 ,  3.0,     ,  0.0,     ,  1.0, 1.0, 166.0,   15.0,   6.0,   7.0,    13.0,     4.0,        ,     3.0,        ,     0.0,        ,     1.0,      
stmarfr01, 1970,     1, STL , NHL , C  , 77.0, 19.0,  32.0,  51.0,  26.0, 4.0  ,  3.0,     ,  0.0,     ,  5.0, 2.0, 217.0,    6.0,   2.0,   1.0,     3.0,     4.0,        ,     2.0,        ,     0.0,        ,     1.0,      
stmarfr01, 1971,     1, STL , NHL , C  , 78.0, 16.0,  36.0,  52.0,  32.0, 5.0  ,  1.0,     ,  0.0,     ,  1.0, 1.0, 228.0,   11.0,   3.0,   5.0,     8.0,     6.0,        ,     1.0,        ,     0.0,        ,     0.0,      
stmarfr01, 1972,     1, STL , NHL , C  , 45.0,  7.0,  18.0,  25.0,   8.0, -6.0 ,  3.0,     ,  0.0,     ,  0.0, 2.0, 119.0,       ,      ,      ,        ,        ,        ,        ,        ,        ,        ,        ,      
stmarfr01, 1972,     2, LAK , NHL , R  , 29.0,  7.0,   4.0,  11.0,   2.0, -1.0 ,  2.0,     ,  0.0,     ,  2.0, 1.0,  65.0,       ,      ,      ,        ,        ,        ,        ,        ,        ,        ,        ,      
stmarfr01, 1973,     1, LAK , NHL , C  , 78.0, 14.0,  36.0,  50.0,  40.0, 1.0  ,  2.0,     ,  0.0,     ,  1.0, 2.0, 190.0,    5.0,   0.0,   0.0,     0.0,     0.0,        ,     0.0,        ,     0.0,        ,     0.0,      
stmarfr01, 1974,     1, LAK , NHL , C  , 80.0, 17.0,  36.0,  53.0,  46.0, 12.0 ,  0.0,     ,  0.0,     ,  1.0, 2.0, 168.0,    3.0,   0.0,   1.0,     1.0,     0.0,        ,     0.0,        ,     0.0,        ,     0.0,      
stmarfr01, 1975,     1, LAK , NHL , R  , 68.0, 10.0,  16.0,  26.0,  20.0, -14.0,  2.0,     ,  0.0,     ,  1.0, 0.0,  66.0,    9.0,   0.0,   0.0,     0.0,     0.0,        ,     0.0,        ,     0.0,        ,     0.0,      
stmarfr01, 1976,     1, LAK , NHL , R  , 49.0,  6.0,  22.0,  28.0,  16.0, 1.0  ,  1.0,     ,  0.0,     ,  0.0, 1.0,  74.0,    9.0,   1.0,   0.0,     1.0,     2.0,        ,     0.0,        ,     0.0,        ,     0.0,      
stoary01 , 2009,     1, COL , NHL , C  , 12.0,  2.0,   1.0,   3.0,   0.0, -3.0 ,  0.0,  1.0,  0.0,  0.0,  0.0,    ,  26.0,    1.0,   0.0,   0.0,     0.0,     2.0, 0.0    ,     0.0,     0.0,     0.0,     0.0,     0.0,     1.0
stockpj01, 1997,     1, NYR , NHL , C  , 38.0,  2.0,   3.0,   5.0, 114.0, 4.0  ,  0.0,  0.0,  0.0,  0.0,  1.0, 0.0,   9.0,       ,      ,      ,        ,        ,        ,        ,        ,        ,        ,        ,      
stockpj01, 1998,     1, NYR , NHL , L  ,  5.0,  0.0,   0.0,   0.0,   6.0, -1.0 ,  0.0,  0.0,  0.0,  0.0,  0.0, 0.0,   0.0,       ,      ,      ,        ,        ,        ,        ,        ,        ,        ,        ,      
stockpj01, 1999,     1, NYR , NHL , C  , 11.0,  0.0,   1.0,   1.0,  11.0, 1.0  ,  0.0,  0.0,  0.0,  0.0,  0.0, 0.0,   2.0,       ,      ,      ,        ,        ,        ,        ,        ,        ,        ,        ,      
stockpj01, 2000,     1, MTL , NHL , C  , 20.0,  1.0,   2.0,   3.0,  32.0, -1.0 ,  0.0,  0.0,  0.0,  0.0,  0.0, 0.0,   9.0,       ,      ,      ,        ,        ,        ,        ,        ,        ,        ,        ,      
stockpj01, 2000,     2, PHI , NHL , C  , 31.0,  1.0,   3.0,   4.0,  78.0, -2.0 ,  0.0,  0.0,  0.0,  0.0,  0.0, 0.0,  18.0,    2.0,   0.0,   0.0,     0.0,     0.0, -2.0   ,     0.0,     0.0,     0.0,     0.0,     0.0,     0.0
stockpj01, 2001,     1, BOS , NHL , C  , 58.0,  0.0,   3.0,   3.0, 122.0, -2.0 ,  0.0,  0.0,  0.0,  0.0,  0.0, 0.0,  12.0,    6.0,   1.0,   0.0,     1.0,    19.0, 0.0    ,     0.0,     0.0,     0.0,     0.0,     0.0,     2.0
stockpj01, 2002,     1, BOS , NHL , C  , 71.0,  1.0,   9.0,  10.0, 160.0, -5.0 ,  1.0,  1.0,  0.0,  0.0,  0.0, 0.0,  38.0,       ,      ,      ,        ,        ,        ,        ,        ,        ,        ,        ,      
stockpj01, 2003,     1, BOS , NHL , C  ,  1.0,  0.0,   0.0,   0.0,   0.0, 0.0  ,  0.0,  0.0,  0.0,  0.0,  0.0, 0.0,   1.0,       ,      ,      ,        ,        ,        ,        ,        ,        ,        ,        ,      
stoddja01, 1951,     1, NYR , NHL , R  , 20.0,  4.0,   2.0,   6.0,   2.0,      ,     ,     ,     ,     ,     ,    ,      ,       ,      ,      ,        ,        ,        ,        ,        ,        ,        ,        ,      
stoddja01, 1952,     1, NYR , NHL , R  , 60.0, 12.0,  13.0,  25.0,  29.0,      ,     ,     ,     ,     ,     ,    ,      ,       ,      ,      ,        ,        ,        ,        ,        ,        ,        ,        ,      
stojaal01, 1994,     1, VAN , NHL , R  ,  4.0,  0.0,   0.0,   0.0,  13.0, -2.0 ,  0.0,  0.0,  0.0,  0.0,  0.0, 0.0,   1.0,    5.0,   0.0,   0.0,     0.0,     2.0, 0.0    ,     0.0,     0.0,     0.0,     0.0,     0.0,     1.0
stojaal01, 1995,     1, VAN , NHL , R  , 58.0,  0.0,   1.0,   1.0, 123.0, -12.0,  0.0,  0.0,  0.0,  0.0,  0.0, 0.0,  16.0,       ,      ,      ,        ,        ,        ,        ,        ,        ,        ,        ,      
stojaal01, 1995,     2, PIT , NHL , R  , 10.0,  1.0,   0.0,   1.0,   7.0, -1.0 ,  0.0,  0.0,  0.0,  0.0,  0.0, 0.0,   4.0,    9.0,   0.0,   0.0,     0.0,    19.0, 0.0    ,     0.0,     0.0,     0.0,     0.0,     0.0,     1.0
stojaal01, 1996,     1, PIT , NHL , R  , 35.0,  1.0,   4.0,   5.0,  79.0, 3.0  ,  0.0,  0.0,  0.0,  0.0,  0.0, 0.0,  11.0,       ,      ,      ,        ,        ,        ,        ,        ,        ,        ,        ,      
stollja01, 2002,     1, EDM , NHL , C  ,  4.0,  0.0,   1.0,   1.0,   0.0, -3.0 ,  0.0,  0.0,  0.0,  0.0,  0.0, 0.0,   5.0,       ,      ,      ,        ,        ,        ,        ,        ,        ,        ,        ,      
stollja01, 2003,     1, EDM , NHL , C  , 68.0, 10.0,  11.0,  21.0,  42.0, 8.0  ,  1.0,  1.0,  1.0,  0.0,  2.0, 0.0, 107.0,       ,      ,      ,        ,        ,        ,        ,        ,        ,        ,        ,      
stollja01, 2005,     1, EDM , NHL , C  , 82.0, 22.0,  46.0,  68.0,  74.0, 4.0  , 11.0, 20.0,  1.0,  1.0,  4.0,    , 243.0,   24.0,   4.0,   6.0,    10.0,    24.0, -4.0   ,     2.0,     3.0,     0.0,     0.0,     1.0,    49.0
stollja01, 2006,     1, EDM , NHL , C  , 51.0, 13.0,  26.0,  39.0,  48.0, 2.0  ,  6.0, 11.0,  1.0,  1.0,  2.0,    , 115.0,       ,      ,      ,        ,        ,        ,        ,        ,        ,        ,        ,      
stollja01, 2007,     1, EDM , NHL , C  , 81.0, 14.0,  22.0,  36.0,  74.0, -23.0,  8.0, 13.0,  3.0,  1.0,  1.0,    , 187.0,       ,      ,      ,        ,        ,        ,        ,        ,        ,        ,        ,      
stollja01, 2008,     1, LAK , NHL , C  , 74.0, 18.0,  23.0,  41.0,  68.0, -7.0 , 10.0, 12.0,  0.0,  0.0,  1.0,    , 155.0,       ,      ,      ,        ,        ,        ,        ,        ,        ,        ,        ,      
stollja01, 2009,     1, LAK , NHL , C  , 73.0, 16.0,  31.0,  47.0,  40.0, 13.0 ,  4.0, 17.0,  0.0,  1.0,  4.0,    , 164.0,    6.0,   1.0,   0.0,     1.0,     4.0, -4.0   ,     1.0,     0.0,     0.0,     0.0,     0.0,     7.0
stoltro01, 1981,     1, WAS , NHL , R  , 14.0,  2.0,   2.0,   4.0,  14.0, -3.0 ,  0.0,     ,  0.0,     ,  0.0, 0.0,   6.0,       ,      ,      ,        ,        ,        ,        ,        ,        ,        ,        ,      
stonecl01, 2009,     1, MIN , NHL , D  ,  8.0,  0.0,   2.0,   2.0,  12.0, 1.0  ,  0.0,  0.0,  0.0,  0.0,  0.0,    ,   5.0,       ,      ,      ,        ,        ,        ,        ,        ,        ,        ,        ,      
stonery01, 2007,     1, PIT , NHL , C  ,  6.0,  0.0,   1.0,   1.0,   5.0, -1.0 ,  0.0,  0.0,  0.0,  0.0,  0.0,    ,   3.0,       ,      ,      ,        ,        ,        ,        ,        ,        ,        ,        ,      
stonery01, 2008,     1, PIT , NHL , C  ,  2.0,  0.0,   0.0,   0.0,   2.0, 1.0  ,  0.0,  0.0,  0.0,  0.0,  0.0,    ,   5.0,       ,      ,      ,        ,        ,        ,        ,        ,        ,        ,        ,      
stonery01, 2009,     1, EDM , NHL , C  , 27.0,  0.0,   6.0,   6.0,  48.0, 2.0  ,  0.0,  0.0,  0.0,  0.0,  0.0,    ,  25.0,       ,      ,      ,        ,        ,        ,        ,        ,        ,        ,        ,      
stonest01, 1973,     1, VAN , NHL , R  ,  2.0,  0.0,   0.0,   0.0,   0.0, -2.0 ,  0.0,     ,  0.0,     ,  0.0, 0.0,   1.0,       ,      ,      ,        ,        ,        ,        ,        ,        ,        ,        ,      
stormji01, 1993,     1, HAR , NHL , L  , 68.0,  6.0,  10.0,  16.0,  27.0, 4.0  ,  1.0,  0.0,  0.0,  0.0,  0.0, 0.0,  84.0,       ,      ,      ,        ,        ,        ,        ,        ,        ,        ,        ,      
stormji01, 1994,     1, HAR , NHL , L  ,  6.0,  0.0,   3.0,   3.0,   0.0, 2.0  ,  0.0,  0.0,  0.0,  0.0,  0.0, 0.0,   3.0,       ,      ,      ,        ,        ,        ,        ,        ,        ,        ,        ,      
stormji01, 1995,     1, DAL , NHL , L  , 10.0,  1.0,   2.0,   3.0,  17.0, -1.0 ,  0.0,  1.0,  0.0,  0.0,  1.0, 0.0,  11.0,       ,      ,      ,        ,        ,        ,        ,        ,        ,        ,        ,      
storrja01, 1994,     1, LAK , NHL , G  ,  5.0,  0.0,   0.0,   0.0,   0.0, 0.0  ,  0.0,  0.0,  0.0,  0.0,  0.0, 0.0,   0.0,       ,      ,      ,        ,        ,        ,        ,        ,        ,        ,        ,      
storrja01, 1995,     1, LAK , NHL , G  ,  5.0,  0.0,   0.0,   0.0,   0.0, 0.0  ,  0.0,  0.0,  0.0,  0.0,  0.0, 0.0,   0.0,       ,      ,      ,        ,        ,        ,        ,        ,        ,        ,        ,      
storrja01, 1996,     1, LAK , NHL , G  ,  5.0,  0.0,   0.0,   0.0,   0.0, 0.0  ,  0.0,  0.0,  0.0,  0.0,  0.0, 0.0,   0.0,       ,      ,      ,        ,        ,        ,        ,        ,        ,        ,        ,      
storrja01, 1997,     1, LAK , NHL , G  , 17.0,  0.0,   0.0,   0.0,   0.0, 0.0  ,  0.0,  0.0,  0.0,  0.0,  0.0, 0.0,   0.0,    3.0,   0.0,   0.0,     0.0,     0.0, 0.0    ,     0.0,     0.0,     0.0,     0.0,     0.0,     0.0
storrja01, 1998,     1, LAK , NHL , G  , 28.0,  0.0,   1.0,   1.0,   6.0, 0.0  ,  0.0,  1.0,  0.0,  0.0,  0.0, 0.0,   0.0,       ,      ,      ,        ,        ,        ,        ,        ,        ,        ,        ,      
storrja01, 1999,     1, LAK , NHL , G  , 42.0,  0.0,   1.0,   1.0,   4.0, 0.0  ,  0.0,  0.0,  0.0,  0.0,  0.0, 0.0,   0.0,    1.0,   0.0,   0.0,     0.0,     0.0, 0.0    ,     0.0,     0.0,     0.0,     0.0,     0.0,     0.0
storrja01, 2000,     1, LAK , NHL , G  , 45.0,  0.0,   0.0,   0.0,   4.0, 0.0  ,  0.0,  0.0,  0.0,  0.0,  0.0, 0.0,   0.0,       ,      ,      ,        ,        ,        ,        ,        ,        ,        ,        ,      
storrja01, 2001,     1, LAK , NHL , G  , 19.0,  0.0,   0.0,   0.0,   4.0, 0.0  ,  0.0,  0.0,  0.0,  0.0,  0.0, 0.0,   0.0,    1.0,   0.0,   0.0,     0.0,     0.0, 0.0    ,     0.0,     0.0,     0.0,     0.0,     0.0,     0.0
storrja01, 2002,     1, LAK , NHL , G  , 39.0,  0.0,   1.0,   1.0,   8.0, 0.0  ,  0.0,  0.0,  0.0,  0.0,  0.0, 0.0,   0.0,       ,      ,      ,        ,        ,        ,        ,        ,        ,        ,        ,      
storrja01, 2003,     1, CAR , NHL , G  , 14.0,  0.0,   0.0,   0.0,   0.0, 0.0  ,  0.0,  0.0,  0.0,  0.0,  0.0, 0.0,   0.0,       ,      ,      ,        ,        ,        ,        ,        ,        ,        ,        ,      
stortza01, 2006,     1, EDM , NHL , R  , 29.0,  1.0,   0.0,   1.0, 105.0, -7.0 ,  0.0,  0.0,  0.0,  0.0,  0.0,    ,  17.0,       ,      ,      ,        ,        ,        ,        ,        ,        ,        ,        ,      
stortza01, 2007,     1, EDM , NHL , R  , 66.0,  3.0,   9.0,  12.0, 201.0, 3.0  ,  0.0,  0.0,  0.0,  0.0,  0.0,    ,  38.0,       ,      ,      ,        ,        ,        ,        ,        ,        ,        ,        ,      
stortza01, 2008,     1, EDM , NHL , R  , 52.0,  6.0,   5.0,  11.0, 181.0, -3.0 ,  0.0,  0.0,  0.0,  0.0,  0.0,    ,  23.0,       ,      ,      ,        ,        ,        ,        ,        ,        ,        ,        ,      
stortza01, 2009,     1, EDM , NHL , R  , 77.0,  4.0,   9.0,  13.0, 155.0, 3.0  ,  1.0,  0.0,  0.0,  0.0,  1.0,    ,  46.0,       ,      ,      ,        ,        ,        ,        ,        ,        ,        ,        ,      
stothmi01, 1984,     1, PHI , NHL , D  ,  1.0,  0.0,   0.0,   0.0,   0.0, -1.0 ,  0.0,     ,  0.0,     ,  0.0, 0.0,   0.0,       ,      ,      ,        ,        ,        ,        ,        ,        ,        ,        ,      
stothmi01, 1985,     1, PHI , NHL , D  ,  6.0,  0.0,   1.0,   1.0,   6.0, 1.0  ,  0.0,     ,  0.0,     ,  0.0, 0.0,   1.0,    3.0,   0.0,   0.0,     0.0,     4.0, 0.0    ,     0.0,        ,     0.0,        ,     0.0,     4.0
stothmi01, 1986,     1, PHI , NHL , D  ,  2.0,  0.0,   0.0,   0.0,   4.0, 0.0  ,  0.0,     ,  0.0,     ,  0.0, 0.0,   2.0,    2.0,   0.0,   0.0,     0.0,     7.0, 1.0    ,     0.0,        ,     0.0,        ,     0.0,     0.0
stothmi01, 1987,     1, PHI , NHL , D  ,  3.0,  0.0,   0.0,   0.0,  13.0, -1.0 ,  0.0,  0.0,  0.0,  0.0,  0.0, 0.0,   0.0,       ,      ,      ,        ,        ,        ,        ,        ,        ,        ,        ,      
stothmi01, 1987,     2, TOR , NHL , D  , 18.0,  0.0,   1.0,   1.0,  42.0, -6.0 ,  0.0,  0.0,  0.0,  0.0,  0.0, 0.0,   0.0,       ,      ,      ,        ,        ,        ,        ,        ,        ,        ,        ,      
stougbl01, 1973,     1, PIT , NHL , L  , 34.0,  5.0,   6.0,  11.0,   8.0, -12.0,  0.0,     ,  0.0,     ,  0.0, 0.0,  52.0,       ,      ,      ,        ,        ,        ,        ,        ,        ,        ,        ,      
stougbl01, 1974,     1, TOR , NHL , L  , 78.0, 23.0,  14.0,  37.0,  24.0, -7.0 ,  4.0,     ,  0.0,     ,  1.0, 2.0, 161.0,    7.0,   4.0,   2.0,     6.0,     2.0,        ,     1.0,        ,     0.0,        ,     1.0,      
stougbl01, 1975,     1, TOR , NHL , R  , 43.0,  6.0,  11.0,  17.0,   8.0, -2.0 ,  1.0,     ,  0.0,     ,  0.0, 0.0,  60.0,       ,      ,      ,        ,        ,        ,        ,        ,        ,        ,        ,      
stougbl01, 1976,     1, CIN , WHA , R  , 81.0, 52.0,  52.0, 104.0,  39.0, 24.0 , 11.0,     ,  0.0,     ,  4.0,    , 284.0,    4.0,   0.0,   3.0,     3.0,     2.0, -5.0   ,     0.0,        ,     0.0,        ,     0.0,      
stougbl01, 1977,     1, CIN , WHA , R  , 30.0,  6.0,  13.0,  19.0,  36.0, -13.0,  1.0,     ,  0.0,     ,     ,    ,  75.0,       ,      ,      ,        ,        ,        ,        ,        ,        ,        ,        ,      
stougbl01, 1977,     2, IND , WHA , R  , 47.0, 13.0,  13.0,  26.0,  28.0, -24.0,  5.0,     ,  0.0,     ,     ,    , 102.0,       ,      ,      ,        ,        ,        ,        ,        ,        ,        ,        ,      
stougbl01, 1978,     1, IND , WHA , R  , 25.0,  9.0,   9.0,  18.0,  16.0, -18.0,  3.0,     ,  0.0,     ,     ,    ,  78.0,       ,      ,      ,        ,        ,        ,        ,        ,        ,        ,        ,      
stougbl01, 1978,     2, NEW , WHA , R  , 36.0,  9.0,   3.0,  12.0,   2.0, 4.0  ,  0.0,     ,  0.0,     ,     ,    ,  53.0,    7.0,   4.0,   3.0,     7.0,     4.0, -2.0   ,        ,        ,        ,        ,     1.0,      
stougbl01, 1979,     1, HAR , NHL , R  , 80.0, 56.0,  44.0, 100.0,  16.0, 9.0  , 16.0,     ,  2.0,     ,  9.0, 3.0, 234.0,    1.0,   0.0,   0.0,     0.0,     0.0,        ,     0.0,        ,     0.0,        ,     0.0,      
stougbl01, 1980,     1, HAR , NHL , R  , 71.0, 43.0,  30.0,  73.0,  56.0, -17.0, 10.0,     ,  2.0,     ,  6.0, 4.0, 212.0,       ,      ,      ,        ,        ,        ,        ,        ,        ,        ,        ,      
stougbl01, 1981,     1, HAR , NHL , L  , 80.0, 52.0,  39.0,  91.0,  57.0, -17.0, 13.0,     ,  1.0,     ,  4.0, 7.0, 266.0,       ,      ,      ,        ,        ,        ,        ,        ,        ,        ,        ,      
stougbl01, 1982,     1, HAR , NHL , R  , 72.0, 45.0,  31.0,  76.0,  27.0, -23.0, 10.0,     ,  0.0,     ,  8.0, 1.0, 207.0,       ,      ,      ,        ,        ,        ,        ,        ,        ,        ,        ,      
stougbl01, 1983,     1, HAR , NHL , R  , 54.0, 23.0,  14.0,  37.0,   4.0, -13.0,  7.0,     ,  0.0,     ,  2.0, 1.0, 103.0,       ,      ,      ,        ,        ,        ,        ,        ,        ,        ,        ,      
stougbl01, 1983,     2, NYR , NHL , R  , 14.0,  5.0,   2.0,   7.0,   4.0, -12.0,  1.0,     ,  0.0,     ,  1.0, 0.0,  27.0,       ,      ,      ,        ,        ,        ,        ,        ,        ,        ,        ,      
stoyast01, 1983,     1, HAR , NHL , C  , 23.0,  3.0,   5.0,   8.0,  11.0, -1.0 ,  0.0,     ,  0.0,     ,  1.0, 0.0,  60.0,       ,      ,      ,        ,        ,        ,        ,        ,        ,        ,        ,      
stpiema01, 2005,     1, CHI , NHL , C  ,  2.0,  0.0,   0.0,   0.0,   0.0, -1.0 ,  0.0,  0.0,  0.0,  0.0,  0.0,    ,   1.0,       ,      ,      ,        ,        ,        ,        ,        ,        ,        ,        ,      
stpiema01, 2006,     1, CHI , NHL , C  , 14.0,  1.0,   3.0,   4.0,   8.0, -3.0 ,  1.0,  0.0,  0.0,  0.0,  0.0,    ,  13.0,       ,      ,      ,        ,        ,        ,        ,        ,        ,        ,        ,      
stpiema01, 2007,     1, CHI , NHL , C  ,  5.0,  0.0,   0.0,   0.0,   0.0, -3.0 ,  0.0,  0.0,  0.0,  0.0,  0.0,    ,   2.0,       ,      ,      ,        ,        ,        ,        ,        ,        ,        ,        ,      
stpiema01, 2008,     1, BOS , NHL , C  , 14.0,  2.0,   2.0,   4.0,   4.0, -1.0 ,  0.0,  0.0,  1.0,  0.0,  1.0,    ,  15.0,       ,      ,      ,        ,        ,        ,        ,        ,        ,        ,        ,      
stpiema01, 2009,     1, OTT , NHL , C  ,  3.0,  0.0,   0.0,   0.0,   0.0, -2.0 ,  0.0,  0.0,  0.0,  0.0,  0.0,    ,   0.0,       ,      ,      ,        ,        ,        ,        ,        ,        ,        ,        ,      
stracty01, 2008,     1, STL , NHL , D  , 30.0,  0.0,   3.0,   3.0,  39.0, 8.0  ,  0.0,  0.0,  0.0,  0.0,  0.0,    ,  21.0,       ,      ,      ,        ,        ,        ,        ,        ,        ,        ,        ,      
stracty01, 2009,     1, STL , NHL , R  ,  8.0,  0.0,   2.0,   2.0,   4.0, 3.0  ,  0.0,  0.0,  0.0,  0.0,  0.0,    ,   7.0,       ,      ,      ,        ,        ,        ,        ,        ,        ,        ,        ,      
straine01, 1952,     1, NYR , NHL , L  , 52.0, 11.0,  13.0,  24.0,  12.0,      ,     ,     ,     ,     ,     ,    ,      ,       ,      ,      ,        ,        ,        ,        ,        ,        ,        ,        ,      
strakma01, 1992,     1, PIT , NHL , C  , 42.0,  3.0,  13.0,  16.0,  29.0, 2.0  ,  0.0,  2.0,  0.0,  0.0,  1.0, 0.0,  28.0,   11.0,   2.0,   1.0,     3.0,     2.0, 2.0    ,     0.0,     0.0,     0.0,     0.0,     0.0,     7.0
strakma01, 1993,     1, PIT , NHL , C  , 84.0, 30.0,  34.0,  64.0,  24.0, 24.0 ,  2.0,  2.0,  0.0,  0.0,  6.0, 1.0, 130.0,    6.0,   1.0,   0.0,     1.0,     2.0, -3.0   ,     0.0,     0.0,     0.0,     0.0,     0.0,     3.0
strakma01, 1994,     1, PIT , NHL , R  , 31.0,  4.0,  12.0,  16.0,  16.0, 0.0  ,  0.0,  3.0,  0.0,  0.0,  0.0, 0.0,  36.0,       ,      ,      ,        ,        ,        ,        ,        ,        ,        ,        ,      
strakma01, 1994,     2, OTT , NHL , R  ,  6.0,  1.0,   1.0,   2.0,   0.0, -1.0 ,  0.0,  1.0,  0.0,  0.0,  0.0, 0.0,  13.0,       ,      ,      ,        ,        ,        ,        ,        ,        ,        ,        ,      
strakma01, 1995,     1, OTT , NHL , L  , 43.0,  9.0,  16.0,  25.0,  29.0, -14.0,  5.0,  4.0,  0.0,  0.0,  1.0, 0.0,  63.0,       ,      ,      ,        ,        ,        ,        ,        ,        ,        ,        ,      
strakma01, 1995,     2, NYI , NHL , L  , 22.0,  2.0,  10.0,  12.0,   6.0, -6.0 ,  0.0,  4.0,  0.0,  0.0,  0.0, 0.0,  18.0,       ,      ,      ,        ,        ,        ,        ,        ,        ,        ,        ,      
strakma01, 1995,     3, FLO , NHL , L  , 12.0,  2.0,   4.0,   6.0,   6.0, 1.0  ,  1.0,  1.0,  0.0,  0.0,  0.0, 0.0,  17.0,   13.0,   2.0,   2.0,     4.0,     2.0, -2.0   ,     0.0,     2.0,     0.0,     0.0,     0.0,    20.0
strakma01, 1996,     1, FLO , NHL , C  , 55.0,  7.0,  22.0,  29.0,  12.0, 9.0  ,  2.0,  5.0,  0.0,  0.0,  1.0, 0.0,  94.0,    4.0,   0.0,   0.0,     0.0,     0.0, -2.0   ,     0.0,     0.0,     0.0,     0.0,     0.0,     2.0
strakma01, 1997,     1, PIT , NHL , C  , 75.0, 19.0,  23.0,  42.0,  28.0, -1.0 ,  4.0,  6.0,  3.0,  3.0,  4.0, 1.0, 117.0,    6.0,   2.0,   0.0,     2.0,     2.0, -3.0   ,     0.0,     0.0,     1.0,     0.0,     0.0,    10.0
strakma01, 1998,     1, PIT , NHL , C  , 80.0, 35.0,  48.0,  83.0,  26.0, 12.0 ,  5.0, 17.0,  4.0,  2.0,  4.0, 1.0, 177.0,   13.0,   6.0,   9.0,    15.0,     6.0, 0.0    ,     1.0,     3.0,     0.0,     0.0,     0.0,    27.0
strakma01, 1999,     1, PIT , NHL , C  , 71.0, 20.0,  39.0,  59.0,  26.0, 24.0 ,  3.0, 12.0,  1.0,  0.0,  2.0, 0.0, 146.0,   11.0,   3.0,   9.0,    12.0,    10.0, 5.0    ,     1.0,     3.0,     0.0,     0.0,     0.0,    23.0
strakma01, 2000,     1, PIT , NHL , L  , 82.0, 27.0,  68.0,  95.0,  38.0, 19.0 ,  7.0, 33.0,  1.0,  1.0,  4.0, 1.0, 185.0,   18.0,   5.0,   8.0,    13.0,     8.0, -1.0   ,     3.0,     1.0,     0.0,     0.0,     2.0,    47.0
strakma01, 2001,     1, PIT , NHL , L  , 13.0,  5.0,   4.0,   9.0,   0.0, 3.0  ,  1.0,  1.0,  0.0,  0.0,  1.0, 0.0,  33.0,       ,      ,      ,        ,        ,        ,        ,        ,        ,        ,        ,      
strakma01, 2002,     1, PIT , NHL , L  , 60.0, 18.0,  28.0,  46.0,  12.0, -18.0,  7.0,  6.0,  0.0,  0.0,  4.0, 0.0, 136.0,       ,      ,      ,        ,        ,        ,        ,        ,        ,        ,        ,      
strakma01, 2003,     1, PIT , NHL , L  , 22.0,  4.0,   8.0,  12.0,  16.0, -16.0,  1.0,  4.0,  0.0,  0.0,  0.0, 0.0,  34.0,       ,      ,      ,        ,        ,        ,        ,        ,        ,        ,        ,      
strakma01, 2003,     2, LAK , NHL , L  , 32.0,  6.0,   8.0,  14.0,   4.0, -9.0 ,  1.0,  4.0,  1.0,  0.0,  0.0, 1.0,  34.0,       ,      ,      ,        ,        ,        ,        ,        ,        ,        ,        ,      
strakma01, 2005,     1, NYR , NHL , L  , 82.0, 22.0,  54.0,  76.0,  42.0, 17.0 ,  4.0, 29.0,  0.0,  0.0,  4.0,    , 171.0,    4.0,   0.0,   0.0,     0.0,     2.0, -4.0   ,     0.0,     0.0,     0.0,     0.0,     0.0,     6.0
strakma01, 2006,     1, NYR , NHL , C  , 77.0, 29.0,  41.0,  70.0,  24.0, 16.0 ,  8.0, 20.0,  0.0,  1.0,  6.0,    , 165.0,   10.0,   2.0,   8.0,    10.0,     2.0, 0.0    ,     1.0,     5.0,     0.0,     0.0,     0.0,    15.0
strakma01, 2007,     1, NYR , NHL , L  , 65.0, 14.0,  27.0,  41.0,  22.0, 5.0  ,  3.0,  6.0,  1.0,  0.0,  2.0,    , 116.0,   10.0,   3.0,   7.0,    10.0,    16.0, 2.0    ,     1.0,     3.0,     0.0,     0.0,     0.0,    13.0
stralan01, 2007,     1, TOR , NHL , D  , 50.0,  3.0,   6.0,   9.0,  18.0, -10.0,  0.0,  2.0,  0.0,  0.0,  0.0,    ,  40.0,       ,      ,      ,        ,        ,        ,        ,        ,        ,        ,        ,      
stralan01, 2008,     1, TOR , NHL , D  , 38.0,  1.0,  12.0,  13.0,  20.0, -2.0 ,  0.0,  5.0,  0.0,  0.0,  1.0,    ,  43.0,       ,      ,      ,        ,        ,        ,        ,        ,        ,        ,        ,      
stralan01, 2009,     1, CBS , NHL , D  , 73.0,  6.0,  28.0,  34.0,  37.0, -17.0,  4.0, 18.0,  0.0,  0.0,  0.0,    , 121.0,       ,      ,      ,        ,        ,        ,        ,        ,        ,        ,        ,      
stranvl01, 1978,     1, CZE , WHA ,    ,  5.0,  1.0,   4.0,   5.0,   5.0,      ,     ,     ,     ,     ,     ,    ,      ,       ,      ,      ,        ,        ,        ,        ,        ,        ,        ,        ,      
stratar01, 1959,     1, NYR , NHL , C  , 18.0,  2.0,   5.0,   7.0,   2.0,      ,     ,     ,     ,     ,     ,    ,      ,       ,      ,      ,        ,        ,        ,        ,        ,        ,        ,        ,      
stratar01, 1963,     1, DET , NHL , C  ,  5.0,  0.0,   3.0,   3.0,   2.0,      ,  0.0,     ,  0.0,     ,  0.0, 0.0,      ,       ,      ,      ,        ,        ,        ,        ,        ,        ,        ,        ,      
stratar01, 1965,     1, CHI , NHL , C  ,  2.0,  0.0,   0.0,   0.0,   0.0,      ,  0.0,     ,  0.0,     ,  0.0, 0.0,      ,       ,      ,      ,        ,        ,        ,        ,        ,        ,        ,        ,      
stratar01, 1967,     1, PIT , NHL , C  , 58.0, 16.0,  21.0,  37.0,  16.0, -6.0 ,  5.0,     ,  0.0,     ,  2.0, 1.0, 105.0,       ,      ,      ,        ,        ,        ,        ,        ,        ,        ,        ,      
stratar01, 1967,     2, PHI , NHL , C  , 12.0,  0.0,   4.0,   4.0,   4.0, -4.0 ,  0.0,     ,  0.0,     ,  0.0, 0.0,  18.0,    5.0,   0.0,   0.0,     0.0,     0.0,        ,     0.0,        ,     0.0,        ,     0.0,      
stratgo01, 1956,     1, DET , NHL , D  ,  5.0,  0.0,   0.0,   0.0,   4.0,      ,     ,     ,     ,     ,     ,    ,      ,       ,      ,      ,        ,        ,        ,        ,        ,        ,        ,        ,      
stratgo01, 1957,     1, DET , NHL , D  , 45.0,  0.0,   0.0,   0.0,  24.0,      ,     ,     ,     ,     ,     ,    ,      ,       ,      ,      ,        ,        ,        ,        ,        ,        ,        ,        ,      
stratgo01, 1958,     1, DET , NHL , D  , 11.0,  0.0,   0.0,   0.0,   6.0,      ,     ,     ,     ,     ,     ,    ,      ,       ,      ,      ,        ,        ,        ,        ,        ,        ,        ,        ,      
strbama01, 2003,     1, LAK , NHL , D  ,  5.0,  2.0,   0.0,   2.0,   8.0, 1.0  ,  0.0,  0.0,  0.0,  0.0,  1.0, 0.0,   7.0,       ,      ,      ,        ,        ,        ,        ,        ,        ,        ,        ,      
strbama01, 2003,     2, PIT , NHL , D  , 44.0,  3.0,  11.0,  14.0,  38.0, -11.0,  0.0,  4.0,  0.0,  0.0,  0.0, 0.0,  47.0,       ,      ,      ,        ,        ,        ,        ,        ,        ,        ,        ,      
streima01, 2005,     1, MTL , NHL , D  , 48.0,  2.0,   9.0,  11.0,  28.0, -6.0 ,  2.0,  6.0,  0.0,  0.0,  0.0,    ,  52.0,    1.0,   0.0,   0.0,     0.0,     0.0, 0.0    ,     0.0,     0.0,     0.0,     0.0,     0.0,     0.0
streima01, 2006,     1, MTL , NHL , D  , 76.0, 10.0,  26.0,  36.0,  14.0, -5.0 ,  2.0, 12.0,  1.0,  0.0,  1.0,    , 102.0,       ,      ,      ,        ,        ,        ,        ,        ,        ,        ,        ,      
streima01, 2007,     1, MTL , NHL , D  , 81.0, 13.0,  49.0,  62.0,  28.0, -6.0 ,  7.0, 27.0,  0.0,  0.0,  3.0,    , 165.0,   11.0,   1.0,   3.0,     4.0,     8.0, -1.0   ,     0.0,     1.0,     0.0,     0.0,     0.0,    19.0
streima01, 2008,     1, NYI , NHL , D  , 74.0, 16.0,  40.0,  56.0,  62.0, 6.0  , 10.0, 19.0,  1.0,  1.0,  1.0,    , 150.0,       ,      ,      ,        ,        ,        ,        ,        ,        ,        ,        ,      
streima01, 2009,     1, NYI , NHL , D  , 82.0, 11.0,  38.0,  49.0,  48.0, 1.0  ,  9.0, 13.0,  0.0,  0.0,  2.0,    , 187.0,       ,      ,      ,        ,        ,        ,        ,        ,        ,        ,        ,      
strikfr01, 1912,     1, TO1 , NHA ,    ,  6.0,  1.0,   0.0,   1.0,   0.0,      ,     ,     ,     ,     ,     ,    ,      ,       ,      ,      ,        ,        ,        ,        ,        ,        ,        ,        ,      
strobar01, 1943,     1, NYR , NHL , L  ,  7.0,  0.0,   0.0,   0.0,   0.0,      ,     ,     ,     ,     ,     ,    ,      ,       ,      ,      ,        ,        ,        ,        ,        ,        ,        ,        ,      
stronke01, 1982,     1, TOR , NHL , L  ,  2.0,  0.0,   0.0,   0.0,   0.0, 0.0  ,  0.0,     ,  0.0,     ,  0.0, 0.0,   2.0,       ,      ,      ,        ,        ,        ,        ,        ,        ,        ,        ,      
stronke01, 1983,     1, TOR , NHL , L  ,  2.0,  0.0,   2.0,   2.0,   2.0, 0.0  ,  0.0,     ,  0.0,     ,  0.0, 0.0,   3.0,       ,      ,      ,        ,        ,        ,        ,        ,        ,        ,        ,      
stronke01, 1984,     1, TOR , NHL , L  , 11.0,  2.0,   0.0,   2.0,   4.0, -3.0 ,  0.0,     ,  0.0,     ,  0.0, 0.0,  19.0,       ,      ,      ,        ,        ,        ,        ,        ,        ,        ,        ,      
strosga01, 2003,     1, WAS , NHL , R  ,  3.0,  0.0,   0.0,   0.0,  14.0, -1.0 ,  0.0,  0.0,  0.0,  0.0,  0.0, 0.0,   2.0,       ,      ,      ,        ,        ,        ,        ,        ,        ,        ,        ,      
strucda01, 1993,     1, CAL , NHL , C  ,  4.0,  0.0,   0.0,   0.0,   4.0, -2.0 ,  0.0,  0.0,  0.0,  0.0,  0.0, 0.0,   3.0,       ,      ,      ,        ,        ,        ,        ,        ,        ,        ,        ,      
strudja01, 1995,     1, NYI , NHL , D  ,  1.0,  0.0,   0.0,   0.0,   7.0, 0.0  ,  0.0,  0.0,  0.0,  0.0,  0.0, 0.0,   0.0,       ,      ,      ,        ,        ,        ,        ,        ,        ,        ,        ,      
strudja01, 1997,     1, NYI , NHL , D  , 17.0,  0.0,   1.0,   1.0,  36.0, 1.0  ,  0.0,  0.0,  0.0,  0.0,  0.0, 0.0,   3.0,       ,      ,      ,        ,        ,        ,        ,        ,        ,        ,        ,      
strudja01, 1997,     2, VAN , NHL , D  , 11.0,  0.0,   1.0,   1.0,  29.0, -3.0 ,  0.0,  0.0,  0.0,  0.0,  0.0, 0.0,   5.0,       ,      ,      ,        ,        ,        ,        ,        ,        ,        ,        ,      
strudja01, 1998,     1, VAN , NHL , D  , 65.0,  0.0,   3.0,   3.0, 114.0, -19.0,  0.0,  0.0,  0.0,  1.0,  0.0, 0.0,  25.0,       ,      ,      ,        ,        ,        ,        ,        ,        ,        ,        ,      
strudja01, 1999,     1, VAN , NHL , D  , 63.0,  1.0,   3.0,   4.0,  64.0, -13.0,  0.0,  0.0,  0.0,  0.0,  0.0, 1.0,  18.0,       ,      ,      ,        ,        ,        ,        ,        ,        ,        ,        ,      
strudja01, 2000,     1, VAN , NHL , D  , 60.0,  1.0,   4.0,   5.0,  64.0, 16.0 ,  0.0,  0.0,  0.0,  0.0,  1.0, 0.0,  21.0,    2.0,   0.0,   0.0,     0.0,     0.0, 0.0    ,     0.0,     0.0,     0.0,     0.0,     0.0,     0.0
strudja01, 2001,     1, VAN , NHL , D  , 44.0,  2.0,   4.0,   6.0,  96.0, 4.0  ,  0.0,  0.0,  0.0,  0.0,  0.0, 0.0,  13.0,       ,      ,      ,        ,        ,        ,        ,        ,        ,        ,        ,      
strudja01, 2002,     1, CHI , NHL , D  , 48.0,  2.0,   3.0,   5.0,  87.0, -4.0 ,  0.0,  0.0,  0.0,  0.0,  0.0, 0.0,  19.0,       ,      ,      ,        ,        ,        ,        ,        ,        ,        ,        ,      
strudja01, 2003,     1, CHI , NHL , D  , 54.0,  1.0,   3.0,   4.0,  73.0, -16.0,  0.0,  0.0,  0.0,  0.0,  0.0, 0.0,  32.0,       ,      ,      ,        ,        ,        ,        ,        ,        ,        ,        ,      
strudja01, 2005,     1, NYR , NHL , D  , 65.0,  3.0,   4.0,   7.0,  66.0, -10.0,  0.0,  0.0,  0.0,  0.0,  0.0,    ,  31.0,    3.0,   0.0,   0.0,     0.0,     0.0, -1.0   ,     0.0,     0.0,     0.0,     0.0,     0.0,     2.0
strudja01, 2006,     1, NYR , NHL , D  ,  8.0,  0.0,   0.0,   0.0,   2.0, 0.0  ,  0.0,  0.0,  0.0,  0.0,  0.0,    ,   3.0,       ,      ,      ,        ,        ,        ,        ,        ,        ,        ,        ,      
strudja01, 2007,     1, NYR , NHL , D  , 52.0,  1.0,   1.0,   2.0,  40.0, 0.0  ,  0.0,  0.0,  0.0,  0.0,  1.0,    ,  21.0,    2.0,   0.0,   0.0,     0.0,     0.0, 0.0    ,     0.0,     0.0,     0.0,     0.0,     0.0,     0.0
strudja01, 2008,     1, EDM , NHL , D  , 71.0,  2.0,   7.0,   9.0,  60.0, -4.0 ,  0.0,  0.0,  0.0,  1.0,  0.0,    ,  32.0,       ,      ,      ,        ,        ,        ,        ,        ,        ,        ,        ,      
strudja01, 2009,     1, EDM , NHL , D  , 72.0,  0.0,   6.0,   6.0,  50.0, -18.0,  0.0,  0.0,  0.0,  0.0,  0.0,    ,  19.0,       ,      ,      ,        ,        ,        ,        ,        ,        ,        ,        ,      
strueto01, 1981,     1, EDM , NHL , L  ,  3.0,  0.0,   0.0,   0.0,   0.0, 0.0  ,  0.0,     ,  0.0,     ,  0.0, 0.0,   1.0,       ,      ,      ,        ,        ,        ,        ,        ,        ,        ,        ,      
strueto01, 1982,     1, EDM , NHL , L  ,  1.0,  0.0,   0.0,   0.0,   0.0, -2.0 ,  0.0,     ,  0.0,     ,  0.0, 0.0,   1.0,       ,      ,      ,        ,        ,        ,        ,        ,        ,        ,        ,      
strueto01, 1983,     1, EDM , NHL , L  ,  1.0,  0.0,   1.0,   1.0,   2.0, 2.0  ,  0.0,     ,  0.0,     ,  0.0, 0.0,   1.0,       ,      ,      ,        ,        ,        ,        ,        ,        ,        ,        ,      
stsaucl01, 1972,     1, PHB , WHA , L  ,  2.0,  1.0,   0.0,   1.0,   0.0,      ,  0.0,     ,  0.0,     ,     ,    ,      ,       ,      ,      ,        ,        ,        ,        ,        ,        ,        ,        ,      
stsaucl01, 1973,     1, VAB , WHA , L  , 70.0, 38.0,  30.0,  68.0,  55.0,      ,  6.0,     ,  2.0,     ,  5.0,    ,      ,       ,      ,      ,        ,        ,        ,        ,        ,        ,        ,        ,      
stsaucl01, 1974,     1, VAB , WHA , C  , 76.0, 24.0,  23.0,  47.0,  32.0, -8.0 , 11.0,     ,  0.0,     ,     ,    , 200.0,       ,      ,      ,        ,        ,        ,        ,        ,        ,        ,        ,      
stsaucl01, 1975,     1, ATF , NHL , L  , 79.0, 24.0,  24.0,  48.0,  23.0, -6.0 , 11.0,     ,  0.0,     ,  2.0, 0.0, 171.0,    2.0,   0.0,   0.0,     0.0,     0.0,        ,     0.0,        ,     0.0,        ,     0.0,      
stsaucl01, 1976,     1, CAC , WHA , L  , 17.0,  0.0,   3.0,   3.0,   2.0, -3.0 ,  0.0,     ,  0.0,     ,  0.0,    ,  21.0,       ,      ,      ,        ,        ,        ,        ,        ,        ,        ,        ,      
stsaucl01, 1976,     2, EDO , WHA , L  , 15.0,  5.0,   7.0,  12.0,   2.0, -1.0 ,  0.0,     ,  0.0,     ,     ,    ,  24.0,    5.0,   1.0,   0.0,     1.0,     0.0, -3.0   ,        ,        ,        ,        ,     0.0,      
stsaucl01, 1977,     1, IND , WHA , L  , 72.0, 36.0,  42.0,  78.0,  24.0, -5.0 ,  7.0,     ,  0.0,     ,     ,    , 218.0,       ,      ,      ,        ,        ,        ,        ,        ,        ,        ,        ,      
stsaucl01, 1978,     1, IND , WHA , L  , 17.0,  4.0,   2.0,   6.0,  12.0, -6.0 ,  2.0,     ,  0.0,     ,     ,    ,  38.0,       ,      ,      ,        ,        ,        ,        ,        ,        ,        ,        ,      
stsaucl01, 1978,     2, CIN , WHA , L  , 16.0,  4.0,   5.0,   9.0,   4.0, -7.0 ,  3.0,     ,  0.0,     ,     ,    ,  26.0,       ,      ,      ,        ,        ,        ,        ,        ,        ,        ,        ,      
stuarbi01, 1920,     1, TRS , NHL , D  , 19.0,  2.0,   1.0,   3.0,   4.0,      ,     ,     ,     ,     ,     ,    ,      ,    2.0,   0.0,   0.0,     0.0,     0.0,        ,        ,        ,        ,        ,        ,      
stuarbi01, 1921,     1, TRS , NHL , D  , 24.0,  3.0,   7.0,  10.0,  16.0,      ,     ,     ,     ,     ,     ,    ,      ,    2.0,   1.0,   1.0,     2.0,     0.0,        ,        ,        ,        ,        ,        ,      
stuarbi01, 1922,     1, TRS , NHL , D  , 23.0,  7.0,   3.0,  10.0,  16.0,      ,     ,     ,     ,     ,     ,    ,      ,       ,      ,      ,        ,        ,        ,        ,        ,        ,        ,        ,      
stuarbi01, 1923,     1, TRS , NHL , D  , 24.0,  4.0,   3.0,   7.0,  22.0,      ,     ,     ,     ,     ,     ,    ,      ,       ,      ,      ,        ,        ,        ,        ,        ,        ,        ,        ,      
stuarbi01, 1924,     1, TRS , NHL , D  ,  4.0,  0.0,   1.0,   1.0,   2.0,      ,     ,     ,     ,     ,     ,    ,      ,       ,      ,      ,        ,        ,        ,        ,        ,        ,        ,        ,      
stuarbi01, 1924,     2, BOS , NHL , D  , 25.0,  5.0,   3.0,   8.0,  30.0,      ,     ,     ,     ,     ,     ,    ,      ,       ,      ,      ,        ,        ,        ,        ,        ,        ,        ,        ,      
stuarbi01, 1925,     1, BOS , NHL , D  , 33.0,  6.0,   1.0,   7.0,  41.0,      ,     ,     ,     ,     ,     ,    ,      ,       ,      ,      ,        ,        ,        ,        ,        ,        ,        ,        ,      
stuarbi01, 1926,     1, BOS , NHL , D  , 43.0,  3.0,   1.0,   4.0,  20.0,      ,     ,     ,     ,     ,     ,    ,      ,    8.0,   0.0,   0.0,     0.0,     6.0,        ,        ,        ,        ,        ,        ,      
stuarbr01, 1999,     1, SJS , NHL , D  , 82.0, 10.0,  26.0,  36.0,  32.0, 3.0  ,  5.0,  9.0,  1.0,  2.0,  3.0, 0.0, 133.0,   12.0,   1.0,   0.0,     1.0,     6.0, -11.0  ,     1.0,     0.0,     0.0,     0.0,     0.0,    12.0
stuarbr01, 2000,     1, SJS , NHL , D  , 77.0,  5.0,  18.0,  23.0,  56.0, 10.0 ,  1.0,  6.0,  0.0,  0.0,  2.0, 1.0, 119.0,    5.0,   1.0,   0.0,     1.0,     0.0, 0.0    ,     0.0,     0.0,     0.0,     0.0,     0.0,     4.0
stuarbr01, 2001,     1, SJS , NHL , D  , 82.0,  6.0,  23.0,  29.0,  39.0, 13.0 ,  2.0,  9.0,  0.0,  2.0,  2.0, 0.0,  96.0,   12.0,   0.0,   3.0,     3.0,     8.0, 1.0    ,     0.0,     1.0,     0.0,     0.0,     0.0,    12.0
stuarbr01, 2002,     1, SJS , NHL , D  , 36.0,  4.0,  10.0,  14.0,  46.0, -6.0 ,  2.0,  6.0,  0.0,  0.0,  1.0, 0.0,  63.0,       ,      ,      ,        ,        ,        ,        ,        ,        ,        ,        ,      
stuarbr01, 2003,     1, SJS , NHL , D  , 77.0,  9.0,  30.0,  39.0,  34.0, 9.0  ,  5.0, 14.0,  0.0,  0.0,  0.0, 0.0, 129.0,   17.0,   1.0,   5.0,     6.0,    13.0, -4.0   ,     0.0,     4.0,     0.0,     0.0,     0.0,    28.0
stuarbr01, 2005,     1, SJS , NHL , D  , 23.0,  2.0,  10.0,  12.0,  14.0, -2.0 ,  1.0,  4.0,  0.0,  1.0,  0.0,    ,  41.0,       ,      ,      ,        ,        ,        ,        ,        ,        ,        ,        ,      
stuarbr01, 2005,     2, BOS , NHL , D  , 55.0, 10.0,  21.0,  31.0,  38.0, -6.0 ,  6.0, 10.0,  0.0,  2.0,  2.0,    , 122.0,       ,      ,      ,        ,        ,        ,        ,        ,        ,        ,        ,      
stuarbr01, 2006,     1, BOS , NHL , D  , 48.0,  7.0,  10.0,  17.0,  26.0, -22.0,  1.0,  1.0,  0.0,  1.0,  2.0,    ,  74.0,       ,      ,      ,        ,        ,        ,        ,        ,        ,        ,        ,      
stuarbr01, 2006,     2, CAL , NHL , D  , 27.0,  0.0,   5.0,   5.0,  18.0, 12.0 ,  0.0,  0.0,  0.0,  0.0,  0.0,    ,  35.0,    6.0,   0.0,   1.0,     1.0,     6.0, -3.0   ,     0.0,     0.0,     0.0,     0.0,     0.0,     7.0
stuarbr01, 2007,     1, LAK , NHL , D  , 63.0,  5.0,  16.0,  21.0,  67.0, -16.0,  2.0,  8.0,  0.0,  0.0,  1.0,    , 111.0,       ,      ,      ,        ,        ,        ,        ,        ,        ,        ,        ,      
stuarbr01, 2007,     2, DET , NHL , D  ,  9.0,  1.0,   1.0,   2.0,   2.0, 6.0  ,  0.0,  0.0,  0.0,  0.0,  0.0,    ,  21.0,   21.0,   1.0,   6.0,     7.0,    14.0, 15.0   ,     0.0,     0.0,     0.0,     1.0,     1.0,    25.0
stuarbr01, 2008,     1, DET , NHL , D  , 67.0,  2.0,  13.0,  15.0,  26.0, -3.0 ,  1.0,  0.0,  0.0,  0.0,  0.0,    , 105.0,   23.0,   3.0,   6.0,     9.0,    12.0, 5.0    ,     1.0,     2.0,     0.0,     0.0,     0.0,    34.0
stuarbr01, 2009,     1, DET , NHL , D  , 82.0,  4.0,  16.0,  20.0,  22.0, -12.0,  1.0,  2.0,  0.0,  0.0,  2.0,    , 153.0,   12.0,   2.0,   4.0,     6.0,     8.0, 6.0    ,     0.0,     2.0,     0.0,     0.0,     0.0,    23.0
stuarbr02, 1909,     1, OT1 , NHA ,    ,  7.0, 14.0,   0.0,  14.0,  17.0,      ,     ,     ,     ,     ,     ,    ,      ,       ,      ,      ,        ,        ,        ,        ,        ,        ,        ,        ,      
stuarbr02, 1910,     1, OT1 , NHA ,    ,  1.0,  0.0,   0.0,   0.0,   0.0,      ,     ,     ,     ,     ,     ,    ,      ,       ,      ,      ,        ,        ,        ,        ,        ,        ,        ,        ,      
stuarco01, 2007,     1, ATL , NHL , L  , 18.0,  3.0,   2.0,   5.0,   6.0, 2.0  ,  0.0,  0.0,  1.0,  0.0,  1.0,    ,  19.0,       ,      ,      ,        ,        ,        ,        ,        ,        ,        ,        ,      
stuarco01, 2008,     1, ATL , NHL , L  , 33.0,  5.0,   3.0,   8.0,  18.0, 3.0  ,  0.0,  0.0,  3.0,  1.0,  0.0,    ,  54.0,       ,      ,      ,        ,        ,        ,        ,        ,        ,        ,        ,      
stuarhe01, 1924,     1, EDE , WCHL, G  , 17.0,  0.0,   0.0,   0.0,   4.0,      ,     ,     ,     ,     ,     ,    ,      ,       ,      ,      ,        ,        ,        ,        ,        ,        ,        ,        ,      
stuarhe01, 1925,     1, EDE , WCHL, G  , 30.0,  0.0,   0.0,   0.0,   0.0,      ,     ,     ,     ,     ,     ,    ,      ,    2.0,   0.0,   0.0,     0.0,     0.0,        ,        ,        ,        ,        ,        ,      
stuarhe01, 1926,     1, DTC , NHL , G  ,  3.0,  0.0,   0.0,   0.0,   0.0,      ,     ,     ,     ,     ,     ,    ,      ,       ,      ,      ,        ,        ,        ,        ,        ,        ,        ,        ,      
stuarma01, 2005,     1, BOS , NHL , D  , 17.0,  1.0,   1.0,   2.0,  10.0, -1.0 ,  0.0,  0.0,  0.0,  0.0,  0.0,    ,   9.0,       ,      ,      ,        ,        ,        ,        ,        ,        ,        ,        ,      
stuarma01, 2006,     1, BOS , NHL , D  , 15.0,  0.0,   1.0,   1.0,  14.0, 7.0  ,  0.0,  0.0,  0.0,  0.0,  0.0,    ,   4.0,       ,      ,      ,        ,        ,        ,        ,        ,        ,        ,        ,      
stuarma01, 2007,     1, BOS , NHL , D  , 82.0,  4.0,   4.0,   8.0,  81.0, 2.0  ,  0.0,  1.0,  0.0,  0.0,  1.0,    ,  60.0,    7.0,   0.0,   1.0,     1.0,     8.0, -5.0   ,     0.0,     0.0,     0.0,     0.0,     0.0,     4.0
stuarma01, 2008,     1, BOS , NHL , D  , 82.0,  5.0,  12.0,  17.0,  76.0, 20.0 ,  0.0,  1.0,  0.0,  0.0,  1.0,    ,  61.0,   11.0,   0.0,   1.0,     1.0,     7.0, 5.0    ,     0.0,     0.0,     0.0,     0.0,     0.0,     7.0
stuarma01, 2009,     1, BOS , NHL , D  , 56.0,  2.0,   5.0,   7.0,  80.0, 1.0  ,  0.0,  0.0,  0.0,  0.0,  0.0,    ,  53.0,    4.0,   0.0,   0.0,     0.0,     6.0, -4.0   ,     0.0,     0.0,     0.0,     0.0,     0.0,     3.0
stuarmi01, 2003,     1, STL , NHL , D  ,  2.0,  0.0,   0.0,   0.0,   0.0, 0.0  ,  0.0,  0.0,  0.0,  0.0,  0.0, 0.0,   0.0,       ,      ,      ,        ,        ,        ,        ,        ,        ,        ,        ,      
stuarmi01, 2005,     1, STL , NHL , D  ,  1.0,  0.0,   0.0,   0.0,   0.0, 0.0  ,  0.0,  0.0,  0.0,  0.0,  0.0,    ,   1.0,       ,      ,      ,        ,        ,        ,        ,        ,        ,        ,        ,      
stumpbo01, 1974,     1, STL , NHL , R  ,  7.0,  1.0,   1.0,   2.0,  16.0, 2.0  ,  0.0,     ,  0.0,     ,  0.0, 0.0,   8.0,       ,      ,      ,        ,        ,        ,        ,        ,        ,        ,        ,      
stumpbo01, 1974,     2, PIT , NHL , R  ,  3.0,  0.0,   0.0,   0.0,   4.0, -4.0 ,  0.0,     ,  0.0,     ,  0.0, 0.0,   1.0,       ,      ,      ,        ,        ,        ,        ,        ,        ,        ,        ,      
stumpjo01, 1991,     1, BOS , NHL , R  ,  4.0,  1.0,   0.0,   1.0,   0.0, 1.0  ,  0.0,  0.0,  0.0,  0.0,  0.0, 0.0,   3.0,       ,      ,      ,        ,        ,        ,        ,        ,        ,        ,        ,      
stumpjo01, 1992,     1, BOS , NHL , R  , 13.0,  1.0,   3.0,   4.0,   4.0, -3.0 ,  0.0,  0.0,  0.0,  0.0,  0.0, 0.0,   8.0,       ,      ,      ,        ,        ,        ,        ,        ,        ,        ,        ,      
stumpjo01, 1993,     1, BOS , NHL , C  , 59.0,  8.0,  15.0,  23.0,  14.0, 4.0  ,  0.0,  3.0,  0.0,  0.0,  1.0, 0.0,  62.0,   13.0,   1.0,   7.0,     8.0,     4.0, 0.0    ,     0.0,     1.0,     0.0,     0.0,     0.0,    22.0
stumpjo01, 1994,     1, BOS , NHL , C  , 44.0,  5.0,  13.0,  18.0,   8.0, 4.0  ,  1.0,  2.0,  0.0,  0.0,  2.0, 0.0,  46.0,    5.0,   0.0,   0.0,     0.0,     0.0, -1.0   ,     0.0,     0.0,     0.0,     0.0,     0.0,     8.0
stumpjo01, 1995,     1, BOS , NHL , C  , 76.0, 18.0,  36.0,  54.0,  14.0, -8.0 ,  5.0, 15.0,  0.0,  0.0,  2.0, 0.0, 158.0,    5.0,   1.0,   2.0,     3.0,     0.0, -2.0   ,     0.0,     2.0,     0.0,     0.0,     0.0,     7.0
stumpjo01, 1996,     1, BOS , NHL , C  , 78.0, 21.0,  55.0,  76.0,  14.0, -22.0,  6.0, 18.0,  0.0,  0.0,  1.0, 0.0, 168.0,       ,      ,      ,        ,        ,        ,        ,        ,        ,        ,        ,      
stumpjo01, 1997,     1, LAK , NHL , C  , 77.0, 21.0,  58.0,  79.0,  53.0, 17.0 ,  4.0, 17.0,  0.0,  2.0,  2.0, 1.0, 162.0,    4.0,   1.0,   2.0,     3.0,     2.0, 2.0    ,     0.0,     0.0,     0.0,     0.0,     0.0,     7.0
stumpjo01, 1998,     1, LAK , NHL , C  , 64.0, 13.0,  21.0,  34.0,  10.0, -18.0,  1.0,  5.0,  0.0,  2.0,  1.0, 0.0, 131.0,       ,      ,      ,        ,        ,        ,        ,        ,        ,        ,        ,      
stumpjo01, 1999,     1, LAK , NHL , C  , 57.0, 17.0,  41.0,  58.0,  10.0, 23.0 ,  3.0, 14.0,  0.0,  0.0,  7.0, 1.0, 126.0,    4.0,   0.0,   4.0,     4.0,     8.0, 0.0    ,     0.0,     0.0,     0.0,     0.0,     0.0,     5.0
stumpjo01, 2000,     1, LAK , NHL , C  , 63.0, 16.0,  39.0,  55.0,  14.0, 20.0 ,  9.0,  9.0,  0.0,  1.0,  6.0, 0.0,  95.0,   13.0,   3.0,   5.0,     8.0,    10.0, 1.0    ,     2.0,     1.0,     0.0,     0.0,     1.0,    24.0
stumpjo01, 2001,     1, LAK , NHL , C  ,  9.0,  1.0,   3.0,   4.0,   4.0, 1.0  ,  0.0,  1.0,  0.0,  0.0,  0.0, 0.0,   7.0,       ,      ,      ,        ,        ,        ,        ,        ,        ,        ,        ,      
stumpjo01, 2001,     2, BOS , NHL , C  , 72.0,  7.0,  47.0,  54.0,  14.0, 21.0 ,  1.0,  6.0,  0.0,  0.0,  3.0, 0.0,  93.0,    6.0,   0.0,   2.0,     2.0,     0.0, -2.0   ,     0.0,     0.0,     0.0,     0.0,     0.0,    10.0
stumpjo01, 2002,     1, BOS , NHL , C  , 78.0, 14.0,  37.0,  51.0,  12.0, 0.0  ,  4.0, 13.0,  0.0,  0.0,  2.0, 1.0, 110.0,    5.0,   0.0,   2.0,     2.0,     0.0, 0.0    ,     0.0,     2.0,     0.0,     0.0,     0.0,     9.0
stumpjo01, 2003,     1, LAK , NHL , C  , 64.0,  8.0,  29.0,  37.0,  16.0, 5.0  ,  4.0,  6.0,  0.0,  2.0,  0.0, 0.0,  78.0,       ,      ,      ,        ,        ,        ,        ,        ,        ,        ,        ,      
stumpjo01, 2005,     1, FLO , NHL , C  , 74.0, 15.0,  37.0,  52.0,  26.0, 11.0 ,  3.0, 13.0,  1.0,  0.0,  1.0,    , 115.0,       ,      ,      ,        ,        ,        ,        ,        ,        ,        ,        ,      
stumpjo01, 2006,     1, FLO , NHL , C  , 73.0, 23.0,  34.0,  57.0,  22.0, 2.0  ,  9.0, 16.0,  2.0,  0.0,  4.0,    , 131.0,       ,      ,      ,        ,        ,        ,        ,        ,        ,        ,        ,      
stumpjo01, 2007,     1, FLO , NHL , R  , 52.0,  7.0,  13.0,  20.0,  10.0, -11.0,  3.0,  3.0,  0.0,  0.0,  1.0,    ,  64.0,       ,      ,      ,        ,        ,        ,        ,        ,        ,        ,        ,      
sturgpe01, 1979,     1, COR , NHL , L  ,  2.0,  0.0,   0.0,   0.0,   0.0, 0.0  ,  0.0,     ,  0.0,     ,  0.0, 0.0,   1.0,       ,      ,      ,        ,        ,        ,        ,        ,        ,        ,        ,      
sturgpe01, 1980,     1, COR , NHL , L  ,  4.0,  0.0,   1.0,   1.0,   2.0, 0.0  ,  0.0,     ,  0.0,     ,  0.0, 0.0,   4.0,       ,      ,      ,        ,        ,        ,        ,        ,        ,        ,        ,      
sturmma01, 1997,     1, SJS , NHL , C  , 74.0, 10.0,  20.0,  30.0,  40.0, -2.0 ,  2.0,  4.0,  0.0,  0.0,  3.0, 0.0, 118.0,    2.0,   0.0,   0.0,     0.0,     0.0, -2.0   ,     0.0,     0.0,     0.0,     0.0,     0.0,     3.0
sturmma01, 1998,     1, SJS , NHL , C  , 78.0, 16.0,  22.0,  38.0,  52.0, 7.0  ,  3.0,  8.0,  2.0,  2.0,  3.0, 2.0, 140.0,    6.0,   2.0,   2.0,     4.0,     4.0, 1.0    ,     0.0,     1.0,     0.0,     0.0,     1.0,    15.0
sturmma01, 1999,     1, SJS , NHL , L  , 74.0, 12.0,  15.0,  27.0,  22.0, 4.0  ,  2.0,  0.0,  4.0,  1.0,  3.0, 0.0, 120.0,   12.0,   1.0,   3.0,     4.0,     6.0, 0.0    ,     0.0,     0.0,     0.0,     0.0,     0.0,    16.0
sturmma01, 2000,     1, SJS , NHL , L  , 81.0, 14.0,  18.0,  32.0,  28.0, 9.0  ,  2.0,  2.0,  3.0,  0.0,  5.0, 0.0, 153.0,    6.0,   0.0,   2.0,     2.0,     0.0, -2.0   ,     0.0,     0.0,     0.0,     0.0,     0.0,     7.0
sturmma01, 2001,     1, SJS , NHL , L  , 77.0, 21.0,  20.0,  41.0,  32.0, 23.0 ,  4.0,  2.0,  3.0,  0.0,  5.0, 0.0, 174.0,   12.0,   3.0,   2.0,     5.0,     2.0, -1.0   ,     0.0,     0.0,     0.0,     0.0,     0.0,    31.0
sturmma01, 2002,     1, SJS , NHL , L  , 82.0, 28.0,  20.0,  48.0,  16.0, 9.0  ,  6.0,  8.0,  0.0,  0.0,  2.0, 0.0, 208.0,       ,      ,      ,        ,        ,        ,        ,        ,        ,        ,        ,      
sturmma01, 2003,     1, SJS , NHL , R  , 64.0, 21.0,  20.0,  41.0,  36.0, 0.0  , 10.0,  8.0,  2.0,  0.0,  6.0, 2.0, 158.0,       ,      ,      ,        ,        ,        ,        ,        ,        ,        ,        ,      
sturmma01, 2005,     1, SJS , NHL , L  , 23.0,  6.0,  10.0,  16.0,  16.0, -8.0 ,  3.0,  5.0,  0.0,  1.0,  0.0,    ,  48.0,       ,      ,      ,        ,        ,        ,        ,        ,        ,        ,        ,      
sturmma01, 2005,     2, BOS , NHL , L  , 51.0, 23.0,  20.0,  43.0,  32.0, 14.0 ,  5.0,  4.0,  0.0,  1.0,  6.0,    , 132.0,       ,      ,      ,        ,        ,        ,        ,        ,        ,        ,        ,      
sturmma01, 2006,     1, BOS , NHL , L  , 76.0, 27.0,  17.0,  44.0,  46.0, -24.0, 10.0,  8.0,  2.0,  0.0,  1.0,    , 224.0,       ,      ,      ,        ,        ,        ,        ,        ,        ,        ,        ,      
sturmma01, 2007,     1, BOS , NHL , L  , 80.0, 27.0,  29.0,  56.0,  40.0, 11.0 , 10.0, 13.0,  1.0,  0.0,  5.0,    , 229.0,    7.0,   2.0,   2.0,     4.0,     6.0, -1.0   ,     0.0,     1.0,     1.0,     0.0,     1.0,    23.0
sturmma01, 2008,     1, BOS , NHL , L  , 19.0,  7.0,   6.0,  13.0,   8.0, 9.0  ,  4.0,  1.0,  0.0,  0.0,  0.0,    ,  45.0,       ,      ,      ,        ,        ,        ,        ,        ,        ,        ,        ,      
sturmma01, 2009,     1, BOS , NHL , L  , 76.0, 22.0,  15.0,  37.0,  30.0, 14.0 ,  4.0,  6.0,  1.0,  0.0,  2.0,    , 203.0,    7.0,   0.0,   0.0,     0.0,     4.0, 0.0    ,     0.0,     0.0,     0.0,     0.0,     0.0,    11.0
stutzmi01, 2003,     1, PHO , NHL , L  ,  9.0,  0.0,   0.0,   0.0,   0.0, -4.0 ,  0.0,  0.0,  0.0,  0.0,  0.0, 0.0,   3.0,       ,      ,      ,        ,        ,        ,        ,        ,        ,        ,        ,      
subbapk01, 2009,     1, MTL , NHL , D  ,  2.0,  0.0,   2.0,   2.0,   2.0, 1.0  ,  0.0,  1.0,  0.0,  0.0,  0.0,    ,   4.0,   14.0,   1.0,   7.0,     8.0,     6.0, 2.0    ,     0.0,     3.0,     0.0,     0.0,     0.0,    23.0
suchyra01, 1999,     1, PHO , NHL , D  , 60.0,  0.0,   6.0,   6.0,  16.0, 2.0  ,  0.0,  1.0,  0.0,  0.0,  0.0, 0.0,  36.0,    5.0,   0.0,   1.0,     1.0,     0.0, 3.0    ,     0.0,     0.0,     0.0,     0.0,     0.0,     2.0
suchyra01, 2000,     1, PHO , NHL , D  , 72.0,  0.0,  10.0,  10.0,  22.0, 1.0  ,  0.0,  0.0,  0.0,  2.0,  0.0, 0.0,  33.0,       ,      ,      ,        ,        ,        ,        ,        ,        ,        ,        ,      
suchyra01, 2001,     1, PHO , NHL , D  , 81.0,  4.0,  13.0,  17.0,  10.0, 25.0 ,  1.0,  1.0,  0.0,  0.0,  0.0, 0.0,  49.0,    5.0,   1.0,   0.0,     1.0,     0.0, -5.0   ,     0.0,     0.0,     0.0,     0.0,     0.0,     5.0
suchyra01, 2002,     1, PHO , NHL , D  , 77.0,  1.0,   8.0,   9.0,  18.0, 2.0  ,  1.0,  1.0,  0.0,  0.0,  0.0, 0.0,  48.0,       ,      ,      ,        ,        ,        ,        ,        ,        ,        ,        ,      
suchyra01, 2003,     1, PHO , NHL , D  , 82.0,  7.0,  14.0,  21.0,   8.0, 1.0  ,  2.0,  5.0,  0.0,  0.0,  2.0, 0.0,  82.0,       ,      ,      ,        ,        ,        ,        ,        ,        ,        ,        ,      
suchyra01, 2005,     1, CBS , NHL , D  , 79.0,  1.0,   7.0,   8.0,  30.0, -8.0 ,  0.0,  0.0,  0.0,  1.0,  0.0,    ,  33.0,       ,      ,      ,        ,        ,        ,        ,        ,        ,        ,        ,      
sugloal01, 2003,     1, NJD , NHL , R  ,  1.0,  0.0,   0.0,   0.0,   0.0, 0.0  ,  0.0,  0.0,  0.0,  0.0,  0.0, 0.0,   2.0,       ,      ,      ,        ,        ,        ,        ,        ,        ,        ,        ,      
sugloal01, 2005,     1, NJD , NHL , R  ,  1.0,  1.0,   0.0,   1.0,   0.0, -2.0 ,  1.0,  0.0,  0.0,  0.0,  0.0,    ,   2.0,       ,      ,      ,        ,        ,        ,        ,        ,        ,        ,        ,      
sugloal01, 2005,     2, TOR , NHL , R  ,  2.0,  0.0,   0.0,   0.0,   0.0, -1.0 ,  0.0,  0.0,  0.0,  0.0,  0.0,    ,   3.0,       ,      ,      ,        ,        ,        ,        ,        ,        ,        ,        ,      
sugloal01, 2006,     1, TOR , NHL , R  , 14.0,  0.0,   0.0,   0.0,   4.0, -6.0 ,  0.0,  0.0,  0.0,  0.0,  0.0,    ,  17.0,       ,      ,      ,        ,        ,        ,        ,        ,        ,        ,        ,      
suikkka01, 1981,     1, BUF , NHL , L  ,  1.0,  0.0,   0.0,   0.0,   0.0, -1.0 ,  0.0,     ,  0.0,     ,  0.0, 0.0,   0.0,       ,      ,      ,        ,        ,        ,        ,        ,        ,        ,        ,      
suikkka01, 1982,     1, BUF , NHL , L  ,  1.0,  0.0,   0.0,   0.0,   0.0, 1.0  ,  0.0,     ,  0.0,     ,  0.0, 0.0,   1.0,       ,      ,      ,        ,        ,        ,        ,        ,        ,        ,        ,      
sulliar01, 1914,     1, OT1 , NHA ,    ,  2.0,  0.0,   0.0,   0.0,   0.0,      ,     ,     ,     ,     ,     ,    ,      ,       ,      ,      ,        ,        ,        ,        ,        ,        ,        ,        ,      
sulliba01, 1947,     1, DET , NHL , R  ,  1.0,  0.0,   0.0,   0.0,   0.0,      ,     ,     ,     ,     ,     ,    ,      ,       ,      ,      ,        ,        ,        ,        ,        ,        ,        ,        ,      
sullibo01, 1982,     1, HAR , NHL , L  , 62.0, 18.0,  19.0,  37.0,  18.0, -17.0,  5.0,     ,  0.0,     ,  0.0, 0.0,  93.0,       ,      ,      ,        ,        ,        ,        ,        ,        ,        ,        ,      
sullibr01, 1992,     1, NJD , NHL , R  ,  2.0,  0.0,   1.0,   1.0,   0.0, -1.0 ,  0.0,  0.0,  0.0,  0.0,  0.0, 0.0,   2.0,       ,      ,      ,        ,        ,        ,        ,        ,        ,        ,        ,      
sullida01, 1972,     1, PHB , WHA , G  ,  1.0,  0.0,   0.0,   0.0,   0.0,      ,  0.0,     ,  0.0,     ,     ,    ,      ,       ,      ,      ,        ,        ,        ,        ,        ,        ,        ,        ,      
sullida01, 1973,     1, VAB , WHA , G  ,  1.0,  0.0,   0.0,   0.0,   0.0,      ,  0.0,     ,  0.0,     ,  0.0,    ,      ,       ,      ,      ,        ,        ,        ,        ,        ,        ,        ,        ,      
sullido01, 1979,     1, NYR , NHL , R  , 31.0,  4.0,   7.0,  11.0,   2.0, 0.0  ,  1.0,     ,  0.0,     ,  0.0, 0.0,  26.0,       ,      ,      ,        ,        ,        ,        ,        ,        ,        ,        ,      
sullido01, 1980,     1, NYR , NHL , R  , 32.0,  4.0,   1.0,   5.0,  32.0, -9.0 ,  0.0,     ,  0.0,     ,  0.0, 0.0,  56.0,    3.0,   1.0,   0.0,     1.0,     0.0,        ,     0.0,        ,     0.0,        ,     0.0,      
sullido01, 1981,     1, HAR , NHL , R  , 77.0, 29.0,  40.0,  69.0,  39.0, -13.0,  5.0,     ,  0.0,     ,  4.0, 1.0, 195.0,       ,      ,      ,        ,        ,        ,        ,        ,        ,        ,        ,      
sullido01, 1982,     1, HAR , NHL , R  , 77.0, 22.0,  19.0,  41.0,  14.0, -57.0,  8.0,     ,  0.0,     ,  0.0, 0.0, 162.0,       ,      ,      ,        ,        ,        ,        ,        ,        ,        ,        ,      
sullido01, 1983,     1, HAR , NHL , R  , 67.0,  6.0,  13.0,  19.0,  20.0, -11.0,  0.0,     ,  0.0,     ,  0.0, 0.0, 130.0,       ,      ,      ,        ,        ,        ,        ,        ,        ,        ,        ,      
sullido01, 1984,     1, NJD , NHL , L  , 57.0, 22.0,  16.0,  38.0,   4.0, -11.0,  6.0,     ,  0.0,     ,  1.0, 2.0, 112.0,       ,      ,      ,        ,        ,        ,        ,        ,        ,        ,        ,      
sullido01, 1985,     1, NJD , NHL , R  , 73.0, 21.0,  22.0,  43.0,  20.0, -10.0,  6.0,     ,  1.0,     ,  5.0, 1.0, 139.0,       ,      ,      ,        ,        ,        ,        ,        ,        ,        ,        ,      
sullido01, 1986,     1, NJD , NHL , R  , 78.0, 27.0,  26.0,  53.0,  14.0, -17.0,  4.0,     ,  1.0,     ,  4.0, 1.0, 148.0,       ,      ,      ,        ,        ,        ,        ,        ,        ,        ,        ,      
sullido01, 1987,     1, NJD , NHL , R  , 59.0, 16.0,  14.0,  30.0,  22.0, -8.0 ,  8.0,  2.0,  1.0,  3.0,  0.0, 0.0,  89.0,    9.0,   0.0,   3.0,     3.0,     2.0, -2.0   ,     0.0,     0.0,     0.0,     0.0,     0.0,     8.0
sullido01, 1988,     1, PHI , NHL , R  , 52.0,  6.0,   6.0,  12.0,   8.0, -8.0 ,  0.0,  0.0,  1.0,  1.0,  1.0, 0.0,  52.0,    4.0,   0.0,   0.0,     0.0,     0.0, 0.0    ,     0.0,     0.0,     0.0,     0.0,     0.0,     2.0
sullido01, 1989,     1, PHI , NHL , R  , 28.0,  3.0,   4.0,   7.0,   0.0, 4.0  ,  0.0,  0.0,  0.0,  0.0,  0.0, 0.0,  28.0,       ,      ,      ,        ,        ,        ,        ,        ,        ,        ,        ,      
sullifr01, 1949,     1, TOR , NHL , D  ,  1.0,  0.0,   0.0,   0.0,   0.0,      ,     ,     ,     ,     ,     ,    ,      ,       ,      ,      ,        ,        ,        ,        ,        ,        ,        ,        ,      
sullifr01, 1952,     1, TOR , NHL , D  ,  5.0,  0.0,   0.0,   0.0,   2.0,      ,     ,     ,     ,     ,     ,    ,      ,       ,      ,      ,        ,        ,        ,        ,        ,        ,        ,        ,      
sullifr01, 1954,     1, CHI , NHL , D  ,  1.0,  0.0,   0.0,   0.0,   0.0,      ,     ,     ,     ,     ,     ,    ,      ,       ,      ,      ,        ,        ,        ,        ,        ,        ,        ,        ,      
sullifr01, 1955,     1, CHI , NHL , D  ,  1.0,  0.0,   0.0,   0.0,   0.0,      ,     ,     ,     ,     ,     ,    ,      ,       ,      ,      ,        ,        ,        ,        ,        ,        ,        ,        ,      
sullimi01, 1991,     1, SJS , NHL , C  , 64.0,  8.0,  11.0,  19.0,  15.0, -18.0,  1.0,  2.0,  0.0,  1.0,  1.0, 0.0,  72.0,       ,      ,      ,        ,        ,        ,        ,        ,        ,        ,        ,      
sullimi01, 1992,     1, SJS , NHL , C  , 81.0,  6.0,   8.0,  14.0,  30.0, -42.0,  0.0,  0.0,  2.0,  3.0,  0.0, 0.0,  95.0,       ,      ,      ,        ,        ,        ,        ,        ,        ,        ,        ,      
sullimi01, 1993,     1, SJS , NHL , L  , 26.0,  2.0,   2.0,   4.0,   4.0, -3.0 ,  0.0,  0.0,  2.0,  0.0,  1.0, 0.0,  21.0,       ,      ,      ,        ,        ,        ,        ,        ,        ,        ,        ,      
sullimi01, 1993,     2, CAL , NHL , L  , 19.0,  2.0,   3.0,   5.0,   6.0, 2.0  ,  0.0,  0.0,  0.0,  1.0,  0.0, 0.0,  27.0,    7.0,   1.0,   1.0,     2.0,     8.0, 0.0    ,     0.0,     0.0,     1.0,     0.0,     0.0,     7.0
sullimi01, 1994,     1, CAL , NHL , L  , 38.0,  4.0,   7.0,  11.0,  14.0, -2.0 ,  0.0,  0.0,  0.0,  0.0,  2.0, 0.0,  31.0,    7.0,   3.0,   5.0,     8.0,     2.0, 5.0    ,     0.0,     0.0,     1.0,     2.0,     1.0,    12.0
sullimi01, 1995,     1, CAL , NHL , L  , 81.0,  9.0,  12.0,  21.0,  24.0, -6.0 ,  0.0,  0.0,  1.0,  2.0,  1.0, 1.0, 106.0,    4.0,   0.0,   0.0,     0.0,     0.0, -1.0   ,     0.0,     0.0,     0.0,     0.0,     0.0,     5.0
sullimi01, 1996,     1, CAL , NHL , R  , 67.0,  5.0,   6.0,  11.0,  10.0, -11.0,  0.0,  0.0,  3.0,  0.0,  2.0, 0.0,  64.0,       ,      ,      ,        ,        ,        ,        ,        ,        ,        ,        ,      
sullimi01, 1997,     1, BOS , NHL , C  , 77.0,  5.0,  13.0,  18.0,  34.0, -1.0 ,  0.0,  1.0,  0.0,  0.0,  2.0, 0.0,  83.0,    6.0,   0.0,   1.0,     1.0,     2.0, 0.0    ,     0.0,     1.0,     0.0,     0.0,     0.0,    10.0
sullimi01, 1998,     1, PHO , NHL , C  , 63.0,  2.0,   4.0,   6.0,  24.0, -11.0,  0.0,  0.0,  1.0,  1.0,  1.0, 0.0,  66.0,    5.0,   0.0,   0.0,     0.0,     2.0, 0.0    ,     0.0,     0.0,     0.0,     0.0,     0.0,     2.0
sullimi01, 1999,     1, PHO , NHL , C  , 79.0,  5.0,  10.0,  15.0,  10.0, -4.0 ,  0.0,  0.0,  2.0,  0.0,  1.0, 0.0,  59.0,    5.0,   0.0,   1.0,     1.0,     0.0, -1.0   ,     0.0,     0.0,     0.0,     0.0,     0.0,     4.0
sullimi01, 2000,     1, PHO , NHL , L  , 72.0,  5.0,   4.0,   9.0,  16.0, -6.0 ,  0.0,  0.0,  3.0,  0.0,  0.0, 0.0,  59.0,       ,      ,      ,        ,        ,        ,        ,        ,        ,        ,        ,      
sullimi01, 2001,     1, PHO , NHL , L  , 42.0,  1.0,   2.0,   3.0,  16.0, -3.0 ,  0.0,  1.0,  0.0,  1.0,  0.0, 0.0,  28.0,       ,      ,      ,        ,        ,        ,        ,        ,        ,        ,        ,      
sullipe01, 1975,     1, WIJ , WHA , C  , 78.0, 32.0,  39.0,  71.0,  22.0, -4.0 ,  5.0,     ,  0.0,     ,  3.0,    , 161.0,   13.0,   6.0,   7.0,    13.0,     0.0, 7.0    ,        ,        ,        ,        ,        ,      
sullipe01, 1976,     1, WIJ , WHA , C  , 78.0, 31.0,  52.0,  83.0,  18.0, 11.0 ,  6.0,     ,  0.0,     ,  3.0,    , 176.0,   20.0,   7.0,  12.0,    19.0,     2.0, 5.0    ,        ,        ,        ,        ,     2.0,      
sullipe01, 1977,     1, WIJ , WHA , C  , 77.0, 16.0,  39.0,  55.0,  43.0, -12.0,  3.0,     ,  1.0,     ,     ,    , 130.0,    9.0,   3.0,   4.0,     7.0,     4.0, 3.0    ,        ,        ,        ,        ,     1.0,      
sullipe01, 1978,     1, WIJ , WHA , C  , 80.0, 46.0,  40.0,  86.0,  24.0, -6.0 ,  9.0,     ,  2.0,     ,     ,    , 220.0,   10.0,   5.0,   9.0,    14.0,     2.0, 2.0    ,        ,        ,        ,        ,     1.0,      
sullipe01, 1979,     1, WIN , NHL , C  , 79.0, 24.0,  35.0,  59.0,  20.0, -45.0,  5.0,     ,  0.0,     ,  3.0, 2.0, 166.0,       ,      ,      ,        ,        ,        ,        ,        ,        ,        ,        ,      
sullipe01, 1980,     1, WIN , NHL , C  , 47.0,  4.0,  19.0,  23.0,  20.0, -17.0,  2.0,     ,  0.0,     ,  0.0, 1.0,  42.0,       ,      ,      ,        ,        ,        ,        ,        ,        ,        ,        ,      
sullire01, 1949,     1, BOS , NHL , C  ,  3.0,  0.0,   1.0,   1.0,   0.0,      ,     ,     ,     ,     ,     ,    ,      ,       ,      ,      ,        ,        ,        ,        ,        ,        ,        ,        ,      
sullire01, 1950,     1, BOS , NHL , C  ,     ,     ,      ,      ,      ,      ,     ,     ,     ,     ,     ,    ,      ,    2.0,   0.0,   0.0,     0.0,     2.0,        ,        ,        ,        ,        ,        ,      
sullire01, 1951,     1, BOS , NHL , C  , 67.0, 12.0,  12.0,  24.0,  24.0,      ,     ,     ,     ,     ,     ,    ,      ,    7.0,   0.0,   0.0,     0.0,     0.0,        ,        ,        ,        ,        ,        ,      
sullire01, 1952,     1, BOS , NHL , C  , 32.0,  3.0,   8.0,  11.0,   8.0,      ,     ,     ,     ,     ,     ,    ,      ,    3.0,   0.0,   0.0,     0.0,     0.0,        ,        ,        ,        ,        ,        ,      
sullire01, 1954,     1, CHI , NHL , C  , 70.0, 19.0,  42.0,  61.0,  51.0,      ,     ,     ,     ,     ,     ,    ,      ,       ,      ,      ,        ,        ,        ,        ,        ,        ,        ,        ,      
sullire01, 1955,     1, CHI , NHL , C  , 63.0, 14.0,  26.0,  40.0,  58.0,      ,     ,     ,     ,     ,     ,    ,      ,       ,      ,      ,        ,        ,        ,        ,        ,        ,        ,        ,      
sullire01, 1956,     1, NYR , NHL , C  , 42.0,  6.0,  17.0,  23.0,  36.0,      ,     ,     ,     ,     ,     ,    ,      ,    5.0,   1.0,   2.0,     3.0,     4.0,        ,        ,        ,        ,        ,        ,      
sullire01, 1957,     1, NYR , NHL , C  , 70.0, 11.0,  35.0,  46.0,  61.0,      ,     ,     ,     ,     ,     ,    ,      ,    1.0,   0.0,   0.0,     0.0,     0.0,        ,        ,        ,        ,        ,        ,      
sullire01, 1958,     1, NYR , NHL , C  , 70.0, 21.0,  42.0,  63.0,  56.0,      ,     ,     ,     ,     ,     ,    ,      ,       ,      ,      ,        ,        ,        ,        ,        ,        ,        ,        ,      
sullire01, 1959,     1, NYR , NHL , C  , 70.0, 12.0,  25.0,  37.0,  81.0,      ,     ,     ,     ,     ,     ,    ,      ,       ,      ,      ,        ,        ,        ,        ,        ,        ,        ,        ,      
sullire01, 1960,     1, NYR , NHL , C  , 70.0,  9.0,  31.0,  40.0,  66.0,      ,     ,     ,     ,     ,     ,    ,      ,       ,      ,      ,        ,        ,        ,        ,        ,        ,        ,        ,      
sullist01, 1995,     1, NJD , NHL , C  , 16.0,  5.0,   4.0,   9.0,   8.0, 3.0  ,  2.0,  2.0,  0.0,  0.0,  1.0, 0.0,  23.0,       ,      ,      ,        ,        ,        ,        ,        ,        ,        ,        ,      
sullist01, 1996,     1, NJD , NHL , C  , 33.0,  8.0,  14.0,  22.0,  14.0, 9.0  ,  2.0,  3.0,  0.0,  0.0,  2.0, 1.0,  63.0,       ,      ,      ,        ,        ,        ,        ,        ,        ,        ,        ,      
sullist01, 1996,     2, TOR , NHL , C  , 21.0,  5.0,  11.0,  16.0,  23.0, 5.0  ,  1.0,  2.0,  0.0,  1.0,  1.0, 0.0,  45.0,       ,      ,      ,        ,        ,        ,        ,        ,        ,        ,        ,      
sullist01, 1997,     1, TOR , NHL , C  , 63.0, 10.0,  18.0,  28.0,  40.0, -8.0 ,  1.0,  1.0,  0.0,  0.0,  1.0, 0.0, 112.0,       ,      ,      ,        ,        ,        ,        ,        ,        ,        ,        ,      
sullist01, 1998,     1, TOR , NHL , C  , 63.0, 20.0,  20.0,  40.0,  28.0, 12.0 ,  4.0,  7.0,  0.0,  0.0,  5.0, 0.0, 110.0,   13.0,   3.0,   3.0,     6.0,    14.0, -3.0   ,     2.0,     1.0,     0.0,     0.0,     0.0,    21.0
sullist01, 1999,     1, TOR , NHL , C  ,  7.0,  0.0,   1.0,   1.0,   4.0, -1.0 ,  0.0,  0.0,  0.0,  0.0,  0.0, 0.0,  11.0,       ,      ,      ,        ,        ,        ,        ,        ,        ,        ,        ,      
sullist01, 1999,     2, CHI , NHL , C  , 73.0, 22.0,  42.0,  64.0,  52.0, 20.0 ,  2.0, 13.0,  1.0,  0.0,  6.0, 0.0, 169.0,       ,      ,      ,        ,        ,        ,        ,        ,        ,        ,        ,      
sullist01, 2000,     1, CHI , NHL , R  , 81.0, 34.0,  41.0,  75.0,  54.0, 3.0  ,  6.0, 10.0,  8.0,  2.0,  3.0, 1.0, 204.0,       ,      ,      ,        ,        ,        ,        ,        ,        ,        ,        ,      
sullist01, 2001,     1, CHI , NHL , R  , 78.0, 21.0,  39.0,  60.0,  67.0, 23.0 ,  3.0,  9.0,  0.0,  1.0,  8.0, 2.0, 155.0,    5.0,   1.0,   0.0,     1.0,     2.0, -1.0   ,     0.0,     0.0,     0.0,     0.0,     0.0,     7.0
sullist01, 2002,     1, CHI , NHL , R  , 82.0, 26.0,  35.0,  61.0,  42.0, 15.0 ,  4.0,  5.0,  2.0,  2.0,  3.0, 0.0, 190.0,       ,      ,      ,        ,        ,        ,        ,        ,        ,        ,        ,      
sullist01, 2003,     1, CHI , NHL , R  , 56.0, 15.0,  28.0,  43.0,  36.0, -7.0 ,  4.0,  8.0,  2.0,  1.0,  4.0, 0.0, 140.0,       ,      ,      ,        ,        ,        ,        ,        ,        ,        ,        ,      
sullist01, 2003,     2, NAS , NHL , R  , 24.0,  9.0,  21.0,  30.0,  12.0, 8.0  ,  7.0,  9.0,  0.0,  0.0,  0.0, 0.0,  78.0,    6.0,   1.0,   1.0,     2.0,     6.0, -4.0   ,     0.0,     1.0,     0.0,     0.0,     1.0,    13.0
sullist01, 2005,     1, NAS , NHL , R  , 69.0, 31.0,  37.0,  68.0,  50.0, 2.0  , 13.0, 21.0,  4.0,  0.0,  5.0,    , 192.0,    5.0,   0.0,   2.0,     2.0,     0.0, -2.0   ,     0.0,     1.0,     0.0,     0.0,     0.0,    12.0
sullist01, 2006,     1, NAS , NHL , R  , 57.0, 22.0,  38.0,  60.0,  20.0, 16.0 ,  6.0, 17.0,  3.0,  1.0,  4.0,    , 122.0,       ,      ,      ,        ,        ,        ,        ,        ,        ,        ,        ,      
sullist01, 2008,     1, NAS , NHL , L  , 41.0, 11.0,  21.0,  32.0,  30.0, 2.0  ,  3.0,  7.0,  0.0,  0.0,  2.0,    ,  83.0,       ,      ,      ,        ,        ,        ,        ,        ,        ,        ,        ,      
sullist01, 2009,     1, NAS , NHL , C  , 82.0, 17.0,  34.0,  51.0,  35.0, 2.0  ,  5.0,  8.0,  0.0,  0.0,  4.0,    , 152.0,    6.0,   0.0,   3.0,     3.0,     2.0, 2.0    ,     0.0,     0.0,     0.0,     0.0,     0.0,     7.0
sulzeal01, 2008,     1, NAS , NHL , D  ,  2.0,  0.0,   0.0,   0.0,   0.0, 0.0  ,  0.0,  0.0,  0.0,  0.0,  0.0,    ,   0.0,       ,      ,      ,        ,        ,        ,        ,        ,        ,        ,        ,      
sulzeal01, 2009,     1, NAS , NHL , D  , 20.0,  0.0,   2.0,   2.0,   4.0, 4.0  ,  0.0,  0.0,  0.0,  1.0,  0.0,    ,  15.0,       ,      ,      ,        ,        ,        ,        ,        ,        ,        ,        ,      
summara01, 1983,     1, EDM , NHL , L  ,  2.0,  1.0,   4.0,   5.0,   2.0, 4.0  ,  0.0,     ,  0.0,     ,  0.0, 0.0,   3.0,    5.0,   1.0,   4.0,     5.0,     0.0, 2.0    ,     0.0,        ,     0.0,        ,     0.0,    11.0
summara01, 1984,     1, EDM , NHL , L  ,  9.0,  0.0,   4.0,   4.0,   0.0, -1.0 ,  0.0,     ,  0.0,     ,  0.0, 0.0,   5.0,       ,      ,      ,        ,        ,        ,        ,        ,        ,        ,        ,      
summara01, 1985,     1, EDM , NHL , L  , 73.0, 19.0,  18.0,  37.0,  16.0, 7.0  ,  1.0,     ,  0.0,     ,  4.0, 0.0,  83.0,    5.0,   1.0,   1.0,     2.0,     0.0, 2.0    ,     0.0,        ,     0.0,        ,     0.0,     6.0
summara01, 1986,     1, EDM , NHL , L  , 48.0, 10.0,   7.0,  17.0,  15.0, -1.0 ,  0.0,     ,  0.0,     ,  0.0, 0.0,  55.0,       ,      ,      ,        ,        ,        ,        ,        ,        ,        ,        ,      
summara01, 1986,     2, VAN , NHL , L  , 10.0,  4.0,   4.0,   8.0,   0.0, -1.0 ,  1.0,     ,  0.0,     ,  0.0, 0.0,  18.0,       ,      ,      ,        ,        ,        ,        ,        ,        ,        ,        ,      
summara01, 1987,     1, VAN , NHL , L  ,  9.0,  2.0,   3.0,   5.0,   2.0, -4.0 ,  0.0,  0.0,  0.0,  0.0,  0.0, 0.0,  11.0,       ,      ,      ,        ,        ,        ,        ,        ,        ,        ,        ,      
summebi01, 1937,     1, MTL , NHL , R  ,     ,     ,      ,      ,      ,      ,     ,     ,     ,     ,     ,    ,      ,    1.0,   0.0,   0.0,     0.0,     0.0,        ,        ,        ,        ,        ,        ,      
summebi01, 1938,     1, MTL , NHL , R  , 43.0,  6.0,  10.0,  16.0,  28.0,      ,     ,     ,     ,     ,     ,    ,      ,    2.0,   0.0,   0.0,     0.0,     2.0,        ,        ,        ,        ,        ,        ,      
summebi01, 1939,     1, MTL , NHL , R  , 13.0,  3.0,   2.0,   5.0,  24.0,      ,     ,     ,     ,     ,     ,    ,      ,       ,      ,      ,        ,        ,        ,        ,        ,        ,        ,        ,      
summebi01, 1941,     1, BKN , NHL , R  , 16.0,  5.0,   5.0,  10.0,  18.0,      ,     ,     ,     ,     ,     ,    ,      ,       ,      ,      ,        ,        ,        ,        ,        ,        ,        ,        ,      
sundbni01, 1995,     1, CAL , NHL , R  ,  2.0,  0.0,   0.0,   0.0,   0.0, 0.0  ,  0.0,  0.0,  0.0,  0.0,  0.0, 0.0,   3.0,       ,      ,      ,        ,        ,        ,        ,        ,        ,        ,        ,      
sundima01, 1990,     1, QUE , NHL , R  , 80.0, 23.0,  36.0,  59.0,  58.0, -24.0,  4.0,  8.0,  0.0,  0.0,  0.0, 1.0, 155.0,       ,      ,      ,        ,        ,        ,        ,        ,        ,        ,        ,      
sundima01, 1991,     1, QUE , NHL , R  , 80.0, 33.0,  43.0,  76.0, 103.0, -19.0,  8.0, 12.0,  2.0,  0.0,  2.0, 1.0, 231.0,       ,      ,      ,        ,        ,        ,        ,        ,        ,        ,        ,      
sundima01, 1992,     1, QUE , NHL , C  , 80.0, 47.0,  67.0, 114.0,  96.0, 21.0 , 13.0, 34.0,  4.0,  5.0,  9.0, 1.0, 215.0,    6.0,   3.0,   1.0,     4.0,     6.0, -4.0   ,     1.0,     1.0,     0.0,     0.0,     0.0,    19.0
sundima01, 1993,     1, QUE , NHL , C  , 84.0, 32.0,  53.0,  85.0,  60.0, 1.0  ,  6.0, 21.0,  2.0,  3.0,  4.0, 0.0, 226.0,       ,      ,      ,        ,        ,        ,        ,        ,        ,        ,        ,      
sundima01, 1994,     1, TOR , NHL , C  , 47.0, 23.0,  24.0,  47.0,  14.0, -5.0 ,  9.0, 10.0,  0.0,  0.0,  4.0, 1.0, 173.0,    7.0,   5.0,   4.0,     9.0,     4.0, -2.0   ,     2.0,     2.0,     0.0,     0.0,     1.0,    27.0
sundima01, 1995,     1, TOR , NHL , R  , 76.0, 33.0,  50.0,  83.0,  46.0, 8.0  ,  7.0, 23.0,  6.0,  0.0,  7.0, 1.0, 301.0,    6.0,   3.0,   1.0,     4.0,     4.0, -8.0   ,     2.0,     1.0,     0.0,     0.0,     1.0,    23.0
sundima01, 1996,     1, TOR , NHL , C  , 82.0, 41.0,  53.0,  94.0,  59.0, 6.0  ,  7.0, 13.0,  4.0,  3.0,  8.0, 1.0, 281.0,       ,      ,      ,        ,        ,        ,        ,        ,        ,        ,        ,      
sundima01, 1997,     1, TOR , NHL , C  , 82.0, 33.0,  41.0,  74.0,  49.0, -3.0 ,  9.0, 12.0,  1.0,  3.0,  5.0, 1.0, 219.0,       ,      ,      ,        ,        ,        ,        ,        ,        ,        ,        ,      
sundima01, 1998,     1, TOR , NHL , C  , 82.0, 31.0,  52.0,  83.0,  58.0, 22.0 ,  4.0, 11.0,  0.0,  1.0,  6.0, 0.0, 209.0,   17.0,   8.0,   8.0,    16.0,    16.0, 2.0    ,     3.0,     2.0,     0.0,     0.0,     2.0,    44.0
sundima01, 1999,     1, TOR , NHL , C  , 73.0, 32.0,  41.0,  73.0,  46.0, 16.0 , 10.0,  9.0,  2.0,  1.0,  7.0, 0.0, 184.0,   12.0,   3.0,   5.0,     8.0,    10.0, 8.0    ,     0.0,     0.0,     0.0,     0.0,     1.0,    20.0
sundima01, 2000,     1, TOR , NHL , C  , 82.0, 28.0,  46.0,  74.0,  76.0, 15.0 ,  9.0, 13.0,  0.0,  1.0,  6.0, 1.0, 226.0,   11.0,   6.0,   7.0,    13.0,    14.0, 5.0    ,     2.0,     3.0,     1.0,     0.0,     1.0,    42.0
sundima01, 2001,     1, TOR , NHL , C  , 82.0, 41.0,  39.0,  80.0,  94.0, 6.0  , 10.0, 14.0,  2.0,  1.0,  9.0, 2.0, 262.0,    8.0,   2.0,   5.0,     7.0,     4.0, 5.0    ,     0.0,     2.0,     0.0,     0.0,     0.0,    21.0
sundima01, 2002,     1, TOR , NHL , C  , 75.0, 37.0,  35.0,  72.0,  58.0, 1.0  , 16.0, 13.0,  3.0,  2.0,  8.0, 1.0, 223.0,    7.0,   1.0,   3.0,     4.0,     6.0, -1.0   ,     1.0,     0.0,     0.0,     1.0,     0.0,    16.0
sundima01, 2003,     1, TOR , NHL , C  , 81.0, 31.0,  44.0,  75.0,  52.0, 11.0 , 11.0, 18.0,  1.0,  3.0, 10.0, 0.0, 226.0,    9.0,   4.0,   5.0,     9.0,     8.0, -2.0   ,     0.0,     2.0,     0.0,     0.0,     1.0,    19.0
sundima01, 2005,     1, TOR , NHL , C  , 70.0, 31.0,  47.0,  78.0,  58.0, 7.0  , 16.0, 26.0,  2.0,  2.0,  2.0,    , 220.0,       ,      ,      ,        ,        ,        ,        ,        ,        ,        ,        ,      
sundima01, 2006,     1, TOR , NHL , C  , 75.0, 27.0,  49.0,  76.0,  62.0, -2.0 ,  6.0, 28.0,  1.0,  0.0,  3.0,    , 321.0,       ,      ,      ,        ,        ,        ,        ,        ,        ,        ,        ,      
sundima01, 2007,     1, TOR , NHL , C  , 74.0, 32.0,  46.0,  78.0,  76.0, 17.0 , 10.0, 19.0,  1.0,  0.0,  4.0,    , 259.0,       ,      ,      ,        ,        ,        ,        ,        ,        ,        ,        ,      
sundima01, 2008,     1, VAN , NHL , C  , 41.0,  9.0,  19.0,  28.0,  28.0, -5.0 ,  5.0,  9.0,  0.0,  0.0,  2.0,    ,  84.0,    8.0,   3.0,   5.0,     8.0,     2.0, -1.0   ,     0.0,     4.0,     0.0,     0.0,     1.0,    15.0
sundiro01, 1997,     1, NYR , NHL , D  ,  1.0,  0.0,   0.0,   0.0,   0.0, 0.0  ,  0.0,  0.0,  0.0,  0.0,  0.0, 0.0,   0.0,       ,      ,      ,        ,        ,        ,        ,        ,        ,        ,        ,      
sundsni01, 1995,     1, NYR , NHL , C  , 82.0,  9.0,  12.0,  21.0,  14.0, 2.0  ,  1.0,  0.0,  1.0,  0.0,  2.0, 0.0,  90.0,   11.0,   4.0,   3.0,     7.0,     4.0, 1.0    ,     1.0,     0.0,     0.0,     0.0,     0.0,    27.0
sundsni01, 1996,     1, NYR , NHL , R  , 82.0, 24.0,  28.0,  52.0,  20.0, 23.0 ,  5.0,  2.0,  1.0,  2.0,  4.0, 0.0, 132.0,    9.0,   0.0,   5.0,     5.0,     2.0, 3.0    ,     0.0,     0.0,     0.0,     0.0,     0.0,    18.0
sundsni01, 1997,     1, NYR , NHL , R  , 70.0, 19.0,  28.0,  47.0,  24.0, 0.0  ,  4.0,  3.0,  0.0,  0.0,  1.0, 0.0, 115.0,       ,      ,      ,        ,        ,        ,        ,        ,        ,        ,        ,      
sundsni01, 1998,     1, NYR , NHL , L  , 81.0, 13.0,  30.0,  43.0,  20.0, -2.0 ,  1.0,  3.0,  2.0,  0.0,  3.0, 0.0,  89.0,       ,      ,      ,        ,        ,        ,        ,        ,        ,        ,        ,      
sundsni01, 1999,     1, SJS , NHL , L  , 79.0, 12.0,  25.0,  37.0,  22.0, 9.0  ,  2.0,  6.0,  1.0,  0.0,  2.0, 3.0,  90.0,   12.0,   0.0,   2.0,     2.0,     2.0, -3.0   ,     0.0,     0.0,     0.0,     0.0,     0.0,     9.0
sundsni01, 2000,     1, SJS , NHL , R  , 82.0, 10.0,  39.0,  49.0,  28.0, 10.0 ,  4.0,  9.0,  1.0,  2.0,  0.0, 0.0, 100.0,    6.0,   0.0,   3.0,     3.0,     2.0, 1.0    ,     0.0,     0.0,     0.0,     0.0,     0.0,     5.0
sundsni01, 2001,     1, SJS , NHL , R  , 73.0,  9.0,  30.0,  39.0,  50.0, 7.0  ,  0.0,  7.0,  1.0,  2.0,  0.0, 1.0,  74.0,   12.0,   1.0,   6.0,     7.0,     6.0, 3.0    ,     0.0,     0.0,     0.0,     0.0,     0.0,    17.0
sundsni01, 2002,     1, SJS , NHL , L  , 47.0,  2.0,  10.0,  12.0,  22.0, -4.0 ,  0.0,  1.0,  0.0,  1.0,  0.0, 0.0,  36.0,       ,      ,      ,        ,        ,        ,        ,        ,        ,        ,        ,      
sundsni01, 2002,     2, MTL , NHL , L  , 33.0,  5.0,   9.0,  14.0,   8.0, 3.0  ,  0.0,  0.0,  0.0,  0.0,  1.0, 0.0,  35.0,       ,      ,      ,        ,        ,        ,        ,        ,        ,        ,        ,      
sundsni01, 2003,     1, MTL , NHL , R  , 66.0,  8.0,  12.0,  20.0,  18.0, 3.0  ,  0.0,  1.0,  0.0,  1.0,  2.0, 1.0,  67.0,    4.0,   1.0,   0.0,     1.0,     2.0, -1.0   ,     0.0,     0.0,     0.0,     0.0,     0.0,     5.0
sundsni01, 2005,     1, MTL , NHL , R  , 55.0,  6.0,   9.0,  15.0,  30.0, -6.0 ,  0.0,  0.0,  0.0,  1.0,  2.0,    ,  54.0,    5.0,   0.0,   3.0,     3.0,     4.0, 3.0    ,     0.0,     0.0,     0.0,     0.0,     0.0,     4.0
sundspa01, 1982,     1, VAN , NHL , R/C, 74.0, 23.0,  23.0,  46.0,  30.0, -20.0,  6.0,     ,  0.0,     ,  5.0, 1.0, 156.0,    4.0,   0.0,   0.0,     0.0,     2.0,        ,     0.0,        ,     0.0,        ,     0.0,      
sundspa01, 1983,     1, VAN , NHL , C  , 78.0, 38.0,  53.0,  91.0,  37.0, -11.0,  7.0,     ,  0.0,     ,  7.0, 1.0, 216.0,    4.0,   0.0,   1.0,     1.0,     7.0, -4.0   ,     0.0,        ,     0.0,        ,     0.0,     7.0
sundspa01, 1984,     1, VAN , NHL , C  , 71.0, 25.0,  43.0,  68.0,  46.0, -17.0,  5.0,     ,  0.0,     ,  2.0, 0.0, 186.0,       ,      ,      ,        ,        ,        ,        ,        ,        ,        ,        ,      
sundspa01, 1985,     1, VAN , NHL , C  , 79.0, 18.0,  48.0,  66.0,  28.0, -8.0 ,  6.0,     ,  1.0,     ,  0.0, 0.0, 155.0,    3.0,   1.0,   0.0,     1.0,     0.0, -3.0   ,     1.0,        ,     0.0,        ,     0.0,     5.0
sundspa01, 1986,     1, VAN , NHL , C  , 72.0, 29.0,  42.0,  71.0,  40.0, 9.0  , 12.0,     ,  1.0,     ,  0.0, 0.0, 141.0,       ,      ,      ,        ,        ,        ,        ,        ,        ,        ,        ,      
sundspa01, 1987,     1, NJD , NHL , C  , 78.0, 15.0,  36.0,  51.0,  42.0, -16.0,  9.0, 13.0,  1.0,  1.0,  0.0, 0.0, 126.0,   18.0,   7.0,  13.0,    20.0,    14.0, 7.0    ,     3.0,     6.0,     0.0,     0.0,     1.0,    33.0
sundspa01, 1988,     1, NJD , NHL , C  , 65.0, 28.0,  41.0,  69.0,  36.0, 22.0 , 12.0, 14.0,  1.0,  0.0,  4.0, 1.0, 156.0,       ,      ,      ,        ,        ,        ,        ,        ,        ,        ,        ,      
sundspa01, 1989,     1, NJD , NHL , C  , 74.0, 27.0,  49.0,  76.0,  34.0, 15.0 ,  8.0, 10.0,  1.0,  2.0,  0.0, 2.0, 142.0,    6.0,   1.0,   3.0,     4.0,     2.0, 1.0    ,     0.0,     0.0,     0.0,     1.0,     0.0,    14.0
sundspa01, 1990,     1, NJD , NHL , C  , 71.0, 15.0,  31.0,  46.0,  48.0, 7.0  ,  4.0,  9.0,  1.0,  1.0,  1.0, 0.0,  96.0,    2.0,   0.0,   0.0,     0.0,     0.0, 0.0    ,     0.0,     0.0,     0.0,     0.0,     0.0,     2.0
sundspa01, 1991,     1, NJD , NHL , C  , 17.0,  1.0,   3.0,   4.0,   8.0, -5.0 ,  1.0,  0.0,  0.0,  0.0,  0.0, 0.0,  16.0,       ,      ,      ,        ,        ,        ,        ,        ,        ,        ,        ,      
sundspe01, 1983,     1, NYR , NHL , L  , 77.0, 22.0,  22.0,  44.0,  24.0, 3.0  ,  0.0,     ,  2.0,     ,  4.0, 0.0, 153.0,    5.0,   1.0,   3.0,     4.0,     0.0, -1.0   ,     1.0,        ,     0.0,        ,     0.0,     3.0
sundspe01, 1984,     1, NYR , NHL , R  , 76.0, 18.0,  25.0,  43.0,  34.0, -26.0,  0.0,     ,  2.0,     ,  2.0, 0.0, 157.0,    3.0,   0.0,   0.0,     0.0,     0.0, 2.0    ,     0.0,        ,     0.0,        ,     0.0,     8.0
sundspe01, 1985,     1, NYR , NHL , L  , 53.0,  8.0,  15.0,  23.0,  12.0, 7.0  ,  0.0,     ,  0.0,     ,  1.0, 0.0,  63.0,    1.0,   0.0,   0.0,     0.0,     2.0, -1.0   ,     0.0,        ,     0.0,        ,     0.0,     2.0
sundspe01, 1987,     1, WAS , NHL , L  , 76.0,  8.0,  17.0,  25.0,  34.0, -2.0 ,  0.0,  0.0,  1.0,  0.0,  1.0, 0.0,  89.0,   14.0,   2.0,   0.0,     2.0,     6.0, -7.0   ,     0.0,     0.0,     1.0,     0.0,     1.0,    10.0
sundspe01, 1988,     1, WAS , NHL , L  , 35.0,  4.0,   2.0,   6.0,  12.0, -5.0 ,  0.0,  0.0,  0.0,  0.0,  0.0, 1.0,  39.0,       ,      ,      ,        ,        ,        ,        ,        ,        ,        ,        ,      
sundspe01, 1989,     1, NJD , NHL , L  , 21.0,  1.0,   2.0,   3.0,   4.0, 1.0  ,  0.0,  0.0,  0.0,  0.0,  0.0, 0.0,  16.0,       ,      ,      ,        ,        ,        ,        ,        ,        ,        ,        ,      
suomial01, 1936,     1, CHI , NHL , F  ,  5.0,  0.0,   0.0,   0.0,   0.0,      ,     ,     ,     ,     ,     ,    ,      ,       ,      ,      ,        ,        ,        ,        ,        ,        ,        ,        ,      
suorase01, 1978,     1, FIN , WHA ,    ,  1.0,  0.0,   0.0,   0.0,   0.0,      ,  0.0,     ,  0.0,     ,  0.0,    ,      ,       ,      ,      ,        ,        ,        ,        ,        ,        ,        ,        ,      
surmada01, 2002,     1, CAR , NHL , C  ,  1.0,  1.0,   0.0,   1.0,   0.0, 0.0  ,  0.0,  0.0,  0.0,  0.0,  0.0, 0.0,   1.0,       ,      ,      ,        ,        ,        ,        ,        ,        ,        ,        ,      
surmada01, 2003,     1, CAR , NHL , L  ,  1.0,  0.0,   1.0,   1.0,   0.0, 1.0  ,  0.0,  0.0,  0.0,  0.0,  0.0, 0.0,   0.0,       ,      ,      ,        ,        ,        ,        ,        ,        ,        ,        ,      
surovto01, 2002,     1, PIT , NHL , C  , 26.0,  4.0,   7.0,  11.0,  10.0, 0.0  ,  1.0,  0.0,  0.0,  0.0,  2.0, 0.0,  47.0,       ,      ,      ,        ,        ,        ,        ,        ,        ,        ,        ,      
surovto01, 2003,     1, PIT , NHL , R  , 47.0, 11.0,  12.0,  23.0,  16.0, -8.0 ,  3.0,  3.0,  0.0,  0.0,  1.0, 0.0, 112.0,       ,      ,      ,        ,        ,        ,        ,        ,        ,        ,        ,      
surovto01, 2005,     1, PIT , NHL , L  , 53.0, 12.0,  13.0,  25.0,  45.0, -13.0,  3.0,  5.0,  0.0,  0.0,  1.0,    , 107.0,       ,      ,      ,        ,        ,        ,        ,        ,        ,        ,        ,      
sushima01, 2000,     1, MIN , NHL , R  , 30.0,  7.0,   4.0,  11.0,  29.0, -7.0 ,  3.0,  1.0,  0.0,  0.0,  0.0, 0.0,  62.0,       ,      ,      ,        ,        ,        ,        ,        ,        ,        ,        ,      
suterga01, 1985,     1, CAL , NHL , D  , 80.0, 18.0,  50.0,  68.0, 141.0, 11.0 ,  9.0,     ,  0.0,     ,  4.0, 0.0, 195.0,   10.0,   2.0,   8.0,    10.0,     8.0, 1.0    ,     0.0,        ,     0.0,        ,     1.0,    17.0
suterga01, 1986,     1, CAL , NHL , D  , 68.0,  9.0,  39.0,  48.0,  70.0, -10.0,  4.0,     ,  0.0,     ,  0.0, 0.0, 152.0,    6.0,   0.0,   3.0,     3.0,    10.0, 1.0    ,     0.0,        ,     0.0,        ,     0.0,     8.0
suterga01, 1987,     1, CAL , NHL , D  , 75.0, 21.0,  70.0,  91.0, 124.0, 39.0 ,  6.0, 37.0,  1.0,  2.0,  3.0, 0.0, 204.0,    9.0,   1.0,   9.0,    10.0,     6.0, 4.0    ,     0.0,     6.0,     1.0,     1.0,     0.0,    30.0
suterga01, 1988,     1, CAL , NHL , D  , 63.0, 13.0,  49.0,  62.0,  78.0, 26.0 ,  8.0, 33.0,  0.0,  1.0,  1.0, 0.0, 216.0,    5.0,   0.0,   3.0,     3.0,    10.0, 3.0    ,     0.0,     3.0,     0.0,     0.0,     0.0,    16.0
suterga01, 1989,     1, CAL , NHL , D  , 76.0, 16.0,  60.0,  76.0,  97.0, 4.0  ,  5.0, 38.0,  0.0,  1.0,  1.0, 0.0, 211.0,    6.0,   0.0,   1.0,     1.0,    14.0, 0.0    ,     0.0,     0.0,     0.0,     0.0,     0.0,    20.0
suterga01, 1990,     1, CAL , NHL , D  , 79.0, 12.0,  58.0,  70.0, 102.0, 26.0 ,  6.0, 32.0,  0.0,  0.0,  1.0, 0.0, 258.0,    7.0,   1.0,   6.0,     7.0,    12.0, 0.0    ,     1.0,     4.0,     0.0,     0.0,     0.0,    11.0
suterga01, 1991,     1, CAL , NHL , D  , 70.0, 12.0,  43.0,  55.0, 128.0, 1.0  ,  4.0, 25.0,  0.0,  0.0,  0.0, 0.0, 189.0,       ,      ,      ,        ,        ,        ,        ,        ,        ,        ,        ,      
suterga01, 1992,     1, CAL , NHL , D  , 81.0, 23.0,  58.0,  81.0, 112.0, -1.0 , 10.0, 34.0,  1.0,  1.0,  2.0, 1.0, 263.0,    6.0,   2.0,   3.0,     5.0,     8.0, -9.0   ,     0.0,     1.0,     1.0,     1.0,     0.0,    13.0
suterga01, 1993,     1, CAL , NHL , D  , 25.0,  4.0,   9.0,  13.0,  20.0, -3.0 ,  2.0,  6.0,  1.0,  0.0,  0.0, 0.0,  51.0,       ,      ,      ,        ,        ,        ,        ,        ,        ,        ,        ,      
suterga01, 1993,     2, CHI , NHL , D  , 16.0,  2.0,   3.0,   5.0,  18.0, -9.0 ,  2.0,  3.0,  0.0,  0.0,  0.0, 0.0,  35.0,    6.0,   3.0,   2.0,     5.0,     6.0, 0.0    ,     2.0,     2.0,     0.0,     0.0,     0.0,    16.0
suterga01, 1994,     1, CHI , NHL , D  , 48.0, 10.0,  27.0,  37.0,  42.0, 14.0 ,  5.0, 19.0,  0.0,  1.0,  0.0, 0.0, 144.0,   12.0,   2.0,   5.0,     7.0,    10.0, -1.0   ,     1.0,     3.0,     0.0,     0.0,     0.0,    43.0
suterga01, 1995,     1, CHI , NHL , D  , 82.0, 20.0,  47.0,  67.0,  80.0, 3.0  , 12.0, 29.0,  2.0,  3.0,  4.0, 0.0, 242.0,   10.0,   3.0,   3.0,     6.0,     8.0, 1.0    ,     2.0,     1.0,     0.0,     0.0,     1.0,    27.0
suterga01, 1996,     1, CHI , NHL , D  , 82.0,  7.0,  21.0,  28.0,  70.0, -4.0 ,  3.0, 11.0,  0.0,  0.0,  0.0, 1.0, 225.0,    6.0,   1.0,   4.0,     5.0,     8.0, 1.0    ,     0.0,     1.0,     0.0,     0.0,     0.0,    12.0
suterga01, 1997,     1, CHI , NHL , D  , 73.0, 14.0,  28.0,  42.0,  74.0, 1.0  ,  5.0, 18.0,  2.0,  2.0,  0.0, 0.0, 199.0,       ,      ,      ,        ,        ,        ,        ,        ,        ,        ,        ,      
suterga01, 1998,     1, SJS , NHL , D  ,  1.0,  0.0,   0.0,   0.0,   0.0, 0.0  ,  0.0,  0.0,  0.0,  0.0,  0.0, 0.0,   1.0,       ,      ,      ,        ,        ,        ,        ,        ,        ,        ,        ,      
suterga01, 1999,     1, SJS , NHL , D  , 76.0,  6.0,  28.0,  34.0,  52.0, 7.0  ,  2.0, 20.0,  1.0,  3.0,  0.0, 0.0, 175.0,   12.0,   2.0,   5.0,     7.0,    12.0, -6.0   ,     1.0,     4.0,     0.0,     0.0,     1.0,    33.0
suterga01, 2000,     1, SJS , NHL , D  , 68.0, 10.0,  24.0,  34.0,  84.0, 8.0  ,  4.0, 16.0,  0.0,  0.0,  1.0, 0.0, 157.0,    1.0,   0.0,   0.0,     0.0,     0.0, 0.0    ,     0.0,     0.0,     0.0,     0.0,     0.0,     0.0
suterga01, 2001,     1, SJS , NHL , D  , 82.0,  6.0,  27.0,  33.0,  57.0, 13.0 ,  3.0, 16.0,  0.0,  2.0,  1.0, 1.0, 174.0,   12.0,   0.0,   4.0,     4.0,     8.0, 2.0    ,     0.0,     2.0,     0.0,     0.0,     0.0,    22.0
suterry01, 2005,     1, NAS , NHL , D  , 71.0,  1.0,  15.0,  16.0,  66.0, 7.0  ,  0.0,  2.0,  0.0,  0.0,  0.0,    ,  84.0,       ,      ,      ,        ,        ,        ,        ,        ,        ,        ,        ,      
suterry01, 2006,     1, NAS , NHL , D  , 82.0,  8.0,  16.0,  24.0,  54.0, 10.0 ,  1.0,  8.0,  0.0,  2.0,  0.0,    ,  87.0,    5.0,   1.0,   0.0,     1.0,     8.0, 0.0    ,     0.0,     0.0,     0.0,     0.0,     0.0,     9.0
suterry01, 2007,     1, NAS , NHL , D  , 76.0,  7.0,  24.0,  31.0,  71.0, 3.0  ,  1.0, 10.0,  0.0,  0.0,  1.0,    , 138.0,    6.0,   1.0,   1.0,     2.0,     4.0, -2.0   ,     0.0,     0.0,     0.0,     0.0,     0.0,     6.0
suterry01, 2008,     1, NAS , NHL , D  , 82.0,  7.0,  38.0,  45.0,  73.0, -16.0,  3.0, 15.0,  0.0,  0.0,  3.0,    , 143.0,       ,      ,      ,        ,        ,        ,        ,        ,        ,        ,        ,      
suterry01, 2009,     1, NAS , NHL , D  , 82.0,  4.0,  33.0,  37.0,  48.0, 4.0  ,  2.0, 15.0,  0.0,  0.0,  1.0,    , 125.0,    6.0,   0.0,   0.0,     0.0,     0.0, -1.0   ,     0.0,     0.0,     0.0,     0.0,     0.0,    16.0
suthebi01, 1962,     1, MTL , NHL , C  ,     ,     ,      ,      ,      ,      ,     ,     ,     ,     ,     ,    ,      ,    2.0,   0.0,   0.0,     0.0,     0.0,        ,        ,        ,        ,        ,     0.0,      
suthebi01, 1967,     1, PHI , NHL , L  , 60.0, 20.0,   9.0,  29.0,   6.0, 1.0  ,  5.0,     ,  2.0,     ,  5.0, 2.0,  98.0,    7.0,   1.0,   3.0,     4.0,     0.0,        ,     1.0,        ,     0.0,        ,     0.0,      
suthebi01, 1968,     1, TOR , NHL , L  , 44.0,  7.0,   5.0,  12.0,  14.0, -3.0 ,  0.0,     ,  0.0,     ,  0.0, 0.0,  53.0,       ,      ,      ,        ,        ,        ,        ,        ,        ,        ,        ,      
suthebi01, 1968,     2, PHI , NHL , L  , 12.0,  7.0,   3.0,  10.0,   4.0, 5.0  ,  1.0,     ,  1.0,     ,  0.0, 0.0,  23.0,    4.0,   1.0,   1.0,     2.0,     0.0,        ,     1.0,        ,     0.0,        ,     0.0,      
suthebi01, 1969,     1, PHI , NHL , L  , 51.0, 15.0,  17.0,  32.0,  30.0, -2.0 ,  4.0,     ,  0.0,     ,  1.0, 2.0, 103.0,       ,      ,      ,        ,        ,        ,        ,        ,        ,        ,        ,      
suthebi01, 1970,     1, PHI , NHL , L  ,  1.0,  0.0,   0.0,   0.0,   0.0, 0.0  ,  0.0,     ,  0.0,     ,  0.0, 0.0,   0.0,       ,      ,      ,        ,        ,        ,        ,        ,        ,        ,        ,      
suthebi01, 1970,     2, STL , NHL , L  , 68.0, 19.0,  20.0,  39.0,  41.0, 13.0 , 11.0,     ,  0.0,     ,  3.0, 0.0, 106.0,    1.0,   0.0,   0.0,     0.0,     0.0,        ,     0.0,        ,     0.0,        ,     0.0,      
suthebi01, 1971,     1, STL , NHL , L  ,  9.0,  2.0,   3.0,   5.0,   2.0, 4.0  ,  0.0,     ,  1.0,     ,  0.0, 0.0,   7.0,       ,      ,      ,        ,        ,        ,        ,        ,        ,        ,        ,      
suthebi01, 1971,     2, DET , NHL , L  ,  5.0,  0.0,   1.0,   1.0,   2.0, -1.0 ,  0.0,     ,  0.0,     ,  0.0, 0.0,   3.0,       ,      ,      ,        ,        ,        ,        ,        ,        ,        ,        ,      
suthebi01, 1972,     1, WIJ , WHA , L  , 48.0,  6.0,  16.0,  22.0,  34.0,      ,  1.0,     ,  0.0,     ,     ,    ,      ,   14.0,   5.0,   9.0,    14.0,     9.0,        ,     0.0,        ,     0.0,        ,     0.0,      
suthebi01, 1973,     1, WIJ , WHA , C  , 12.0,  4.0,   5.0,   9.0,   6.0,      ,  0.0,     ,  0.0,     ,  0.0,    ,      ,    4.0,   0.0,   0.0,     0.0,     4.0,        ,        ,        ,        ,        ,     0.0,      
suthebr01, 2001,     1, WAS , NHL , C  ,  7.0,  0.0,   0.0,   0.0,   2.0, -3.0 ,  0.0,  0.0,  0.0,  0.0,  0.0, 0.0,   3.0,       ,      ,      ,        ,        ,        ,        ,        ,        ,        ,        ,      
suthebr01, 2002,     1, WAS , NHL , C  , 72.0,  2.0,   9.0,  11.0,  93.0, 7.0  ,  0.0,  0.0,  0.0,  0.0,  0.0, 0.0,  38.0,    5.0,   0.0,   0.0,     0.0,    10.0, 0.0    ,     0.0,     0.0,     0.0,     0.0,     0.0,     3.0
suthebr01, 2003,     1, WAS , NHL , L  , 30.0,  2.0,   0.0,   2.0,  28.0, -5.0 ,  0.0,  0.0,  0.0,  0.0,  0.0, 0.0,  24.0,       ,      ,      ,        ,        ,        ,        ,        ,        ,        ,        ,      
suthebr01, 2005,     1, WAS , NHL , C  , 76.0, 14.0,  16.0,  30.0,  73.0, -17.0,  0.0,  0.0,  2.0,  0.0,  0.0,    ,  85.0,       ,      ,      ,        ,        ,        ,        ,        ,        ,        ,        ,      
suthebr01, 2006,     1, WAS , NHL , C  , 69.0,  7.0,  10.0,  17.0,  78.0, -9.0 ,  1.0,  0.0,  0.0,  0.0,  0.0,    ,  87.0,       ,      ,      ,        ,        ,        ,        ,        ,        ,        ,        ,      
suthebr01, 2007,     1, WAS , NHL , C  ,  5.0,  1.0,   0.0,   1.0,   7.0, -2.0 ,  0.0,  0.0,  0.0,  0.0,  0.0,    ,   3.0,       ,      ,      ,        ,        ,        ,        ,        ,        ,        ,        ,      
suthebr01, 2007,     2, AND , NHL , C  , 45.0,  0.0,   1.0,   1.0,  57.0, -2.0 ,  0.0,  0.0,  0.0,  0.0,  0.0,    ,  46.0,    5.0,   0.0,   0.0,     0.0,     2.0, 0.0    ,     0.0,     0.0,     0.0,     0.0,     0.0,     3.0
suthebr01, 2008,     1, AND , NHL , C  , 17.0,  3.0,   3.0,   6.0,  19.0, 6.0  ,  0.0,  0.0,  0.0,  0.0,  0.0,    ,  17.0,       ,      ,      ,        ,        ,        ,        ,        ,        ,        ,        ,      
suthebr01, 2008,     2, DAL , NHL , C  , 42.0,  5.0,   4.0,   9.0,  52.0, -5.0 ,  0.0,  0.0,  1.0,  0.0,  0.0,    ,  50.0,       ,      ,      ,        ,        ,        ,        ,        ,        ,        ,        ,      
suthebr01, 2009,     1, DAL , NHL , C  , 46.0,  5.0,   4.0,   9.0,  66.0, 8.0  ,  0.0,  0.0,  0.0,  0.0,  0.0,    ,  49.0,       ,      ,      ,        ,        ,        ,        ,        ,        ,        ,        ,      
suthema01, 1931,     1, BOS , NHL , D  ,  2.0,  0.0,   0.0,   0.0,   0.0,      ,     ,     ,     ,     ,     ,    ,      ,       ,      ,      ,        ,        ,        ,        ,        ,        ,        ,        ,      
suthest01, 1972,     1, LAS , WHA , L  , 44.0, 11.0,   6.0,  17.0,  98.0,      ,  0.0,     ,  0.0,     ,     ,    ,      ,    6.0,   0.0,   2.0,     2.0,     8.0,        ,     0.0,        ,     0.0,        ,     0.0,      
suthest01, 1973,     1, LAS , WHA , L  , 72.0, 20.0,  12.0,  32.0, 182.0,      ,  4.0,     ,  0.0,     ,  4.0,    ,      ,       ,      ,      ,        ,        ,        ,        ,        ,        ,        ,        ,      
suthest01, 1974,     1, MIB , WHA , L  , 22.0,  1.0,   5.0,   6.0,  37.0, -10.0,  0.0,     ,  0.0,     ,     ,    ,  25.0,       ,      ,      ,        ,        ,        ,        ,        ,        ,        ,        ,      
suthest01, 1974,     2, QUN , WHA , L  , 56.0, 14.0,  15.0,  29.0, 114.0, -3.0 ,  0.0,     ,  0.0,     ,     ,    , 110.0,   13.0,   0.0,   3.0,     3.0,    34.0,        ,     0.0,        ,     0.0,        ,     0.0,      
suthest01, 1975,     1, QUN , WHA , L  , 74.0, 22.0,  19.0,  41.0, 197.0, -10.0,  0.0,     ,  0.0,     ,  1.0,    , 159.0,    5.0,   2.0,   1.0,     3.0,    17.0, 0.0    ,        ,        ,        ,        ,        ,      
suthest01, 1976,     1, QUN , WHA , L  , 36.0,  6.0,   9.0,  15.0,  34.0, 6.0  ,  0.0,     ,  0.0,     ,     ,    ,  60.0,   17.0,   5.0,   0.0,     5.0,    16.0, -4.0   ,        ,        ,        ,        ,     0.0,      
suthest01, 1977,     1, QUN , WHA , L  , 75.0, 23.0,  10.0,  33.0, 143.0, -15.0,  1.0,     ,  2.0,     ,     ,    , 138.0,   11.0,   2.0,   0.0,     2.0,    37.0, -4.0   ,        ,        ,        ,        ,     1.0,      
suttebr01, 1976,     1, STL , NHL , L  , 35.0,  4.0,  10.0,  14.0,  82.0, -8.0 ,  0.0,     ,  0.0,     ,  0.0, 0.0,  49.0,    4.0,   1.0,   0.0,     1.0,    14.0,        ,     0.0,        ,     0.0,        ,     0.0,      
suttebr01, 1977,     1, STL , NHL , L  , 78.0,  9.0,  13.0,  22.0, 123.0, -38.0,  4.0,     ,  0.0,     ,  1.0, 1.0,  98.0,       ,      ,      ,        ,        ,        ,        ,        ,        ,        ,        ,      
suttebr01, 1978,     1, STL , NHL , L  , 77.0, 41.0,  39.0,  80.0, 165.0, -2.0 , 12.0,     ,  0.0,     ,  3.0, 1.0, 177.0,       ,      ,      ,        ,        ,        ,        ,        ,        ,        ,        ,      
suttebr01, 1979,     1, STL , NHL , L  , 71.0, 23.0,  35.0,  58.0, 156.0, 3.0  ,  6.0,     ,  0.0,     ,  1.0, 1.0, 173.0,    3.0,   0.0,   0.0,     0.0,     4.0,        ,     0.0,        ,     0.0,        ,     0.0,      
suttebr01, 1980,     1, STL , NHL , L  , 78.0, 35.0,  34.0,  69.0, 232.0, 12.0 , 17.0,     ,  0.0,     ,  4.0, 0.0, 203.0,   11.0,   6.0,   3.0,     9.0,    77.0,        ,     3.0,        ,     0.0,        ,     0.0,      
suttebr01, 1981,     1, STL , NHL , L  , 74.0, 39.0,  36.0,  75.0, 239.0, -2.0 , 14.0,     ,  0.0,     ,  3.0, 1.0, 195.0,   10.0,   8.0,   6.0,    14.0,    49.0,        ,     0.0,        ,     0.0,        ,     1.0,      
suttebr01, 1982,     1, STL , NHL , L  , 79.0, 46.0,  30.0,  76.0, 254.0, 0.0  , 11.0,     ,  0.0,     ,  4.0, 4.0, 204.0,    4.0,   2.0,   1.0,     3.0,    10.0,        ,     2.0,        ,     0.0,        ,     0.0,      
suttebr01, 1983,     1, STL , NHL , L  , 76.0, 32.0,  51.0,  83.0, 162.0, -6.0 , 14.0,     ,  2.0,     ,  3.0, 1.0, 193.0,   11.0,   1.0,   5.0,     6.0,    22.0, -3.0   ,     1.0,        ,     0.0,        ,     0.0,    19.0
suttebr01, 1984,     1, STL , NHL , L  , 77.0, 37.0,  37.0,  74.0, 121.0, 11.0 , 14.0,     ,  0.0,     ,  7.0, 0.0, 181.0,    3.0,   2.0,   1.0,     3.0,     2.0, -1.0   ,     2.0,        ,     0.0,        ,     0.0,    13.0
suttebr01, 1985,     1, STL , NHL , L  , 44.0, 19.0,  23.0,  42.0,  87.0, -12.0,  8.0,     ,  0.0,     ,  1.0, 1.0,  92.0,    9.0,   1.0,   2.0,     3.0,    22.0, -4.0   ,     0.0,        ,     0.0,        ,     0.0,     9.0
suttebr01, 1986,     1, STL , NHL , L  , 14.0,  3.0,   3.0,   6.0,  18.0, -5.0 ,  3.0,     ,  0.0,     ,  0.0, 1.0,  22.0,       ,      ,      ,        ,        ,        ,        ,        ,        ,        ,        ,      
suttebr01, 1987,     1, STL , NHL , L  , 76.0, 15.0,  22.0,  37.0, 147.0, -16.0,  4.0,  5.0,  1.0,  4.0,  2.0, 0.0,  99.0,   10.0,   0.0,   3.0,     3.0,    49.0, -4.0   ,     0.0,     1.0,     0.0,     1.0,     0.0,    10.0
suttebr02, 1980,     1, NYI , NHL , C  ,  3.0,  2.0,   2.0,   4.0,   0.0, 2.0  ,  0.0,     ,  0.0,     ,  1.0, 0.0,   2.0,       ,      ,      ,        ,        ,        ,        ,        ,        ,        ,        ,      
suttebr02, 1981,     1, NYI , NHL , C  , 43.0, 21.0,  22.0,  43.0, 114.0, 28.0 ,  3.0,     ,  0.0,     ,  1.0, 0.0,  93.0,   19.0,   2.0,   6.0,     8.0,    36.0,        ,     0.0,        ,     0.0,        ,     0.0,      
suttebr02, 1982,     1, NYI , NHL , C  , 80.0, 21.0,  19.0,  40.0, 128.0, 14.0 ,  1.0,     ,  0.0,     ,  3.0, 2.0, 149.0,   20.0,  10.0,  11.0,    21.0,    26.0,        ,     3.0,        ,     0.0,        ,     0.0,      
suttebr02, 1983,     1, NYI , NHL , C  , 69.0, 34.0,  15.0,  49.0,  69.0, 4.0  ,  7.0,     ,  0.0,     ,  6.0, 0.0, 154.0,   20.0,   4.0,  10.0,    14.0,    18.0, -1.0   ,     0.0,        ,     1.0,        ,     3.0,    36.0
suttebr02, 1984,     1, NYI , NHL , C  , 72.0, 42.0,  60.0, 102.0,  51.0, 42.0 , 12.0,     ,  0.0,     ,  4.0, 1.0, 194.0,   10.0,   3.0,   3.0,     6.0,    14.0, -4.0   ,     1.0,        ,     0.0,        ,     2.0,    15.0
suttebr02, 1985,     1, NYI , NHL , C  , 61.0, 24.0,  31.0,  55.0,  74.0, 11.0 , 10.0,     ,  0.0,     ,  2.0, 2.0, 135.0,    3.0,   0.0,   1.0,     1.0,     2.0, -3.0   ,     0.0,        ,     0.0,        ,     0.0,     6.0
suttebr02, 1986,     1, NYI , NHL , C  , 69.0, 27.0,  36.0,  63.0,  73.0, 23.0 ,  6.0,     ,  3.0,     ,  8.0, 0.0, 177.0,    5.0,   1.0,   0.0,     1.0,     4.0, -4.0   ,     1.0,        ,     0.0,        ,     0.0,     7.0
suttebr02, 1987,     1, NYI , NHL , C  , 70.0, 29.0,  31.0,  60.0,  55.0, 13.0 , 11.0,  9.0,  2.0,  1.0,  2.0, 0.0, 162.0,    6.0,   2.0,   1.0,     3.0,    18.0, 2.0    ,     0.0,     0.0,     1.0,     1.0,     1.0,    13.0
suttebr02, 1988,     1, NYI , NHL , C  , 77.0, 29.0,  34.0,  63.0,  77.0, -12.0, 17.0, 15.0,  2.0,  0.0,  2.0, 0.0, 187.0,       ,      ,      ,        ,        ,        ,        ,        ,        ,        ,        ,      
suttebr02, 1989,     1, NYI , NHL , C  , 67.0, 33.0,  35.0,  68.0,  65.0, 9.0  , 17.0, 10.0,  3.0,  1.0,  3.0, 0.0, 198.0,    5.0,   2.0,   3.0,     5.0,     2.0, 0.0    ,     2.0,     1.0,     0.0,     0.0,     1.0,    17.0
suttebr02, 1990,     1, NYI , NHL , C  , 75.0, 21.0,  32.0,  53.0,  49.0, -8.0 ,  6.0,  8.0,  2.0,  1.0,  4.0, 1.0, 186.0,       ,      ,      ,        ,        ,        ,        ,        ,        ,        ,        ,      
suttebr02, 1991,     1, NYI , NHL , C  ,  8.0,  4.0,   6.0,  10.0,   6.0, -5.0 ,  1.0,  4.0,  0.0,  0.0,  1.0, 0.0,  21.0,       ,      ,      ,        ,        ,        ,        ,        ,        ,        ,        ,      
suttebr02, 1991,     2, CHI , NHL , C  , 61.0, 18.0,  32.0,  50.0,  30.0, -5.0 ,  7.0, 13.0,  1.0,  0.0,  2.0, 1.0, 185.0,   18.0,   3.0,   5.0,     8.0,    22.0, -2.0   ,     1.0,     4.0,     0.0,     0.0,     1.0,    41.0
suttebr02, 1992,     1, CHI , NHL , C  , 65.0, 20.0,  34.0,  54.0,  67.0, 10.0 ,  8.0, 16.0,  2.0,  2.0,  3.0, 0.0, 151.0,    4.0,   1.0,   1.0,     2.0,     4.0, 0.0    ,     0.0,     0.0,     0.0,     0.0,     0.0,     9.0
suttebr02, 1993,     1, CHI , NHL , C  , 73.0,  9.0,  29.0,  38.0,  43.0, 17.0 ,  3.0,  3.0,  2.0,  2.0,  0.0, 0.0, 127.0,    6.0,   0.0,   0.0,     0.0,     2.0, 0.0    ,     0.0,     0.0,     0.0,     0.0,     0.0,     7.0
suttebr02, 1994,     1, CHI , NHL , C  , 47.0,  7.0,   8.0,  15.0,  51.0, 6.0  ,  1.0,  0.0,  0.0,  0.0,  1.0, 0.0,  65.0,   16.0,   1.0,   2.0,     3.0,     4.0, 1.0    ,     0.0,     0.0,     0.0,     0.0,     0.0,    23.0
suttebr02, 1995,     1, CHI , NHL , C  , 80.0, 13.0,  27.0,  40.0,  56.0, 14.0 ,  0.0,  1.0,  0.0,  0.0,  3.0, 0.0, 102.0,   10.0,   1.0,   1.0,     2.0,     6.0, -3.0   ,     0.0,     0.0,     0.0,     0.0,     0.0,    18.0
suttebr02, 1996,     1, CHI , NHL , C  , 39.0,  7.0,   7.0,  14.0,  18.0, 10.0 ,  0.0,  0.0,  0.0,  0.0,  1.0, 0.0,  62.0,    2.0,   0.0,   0.0,     0.0,     6.0, -2.0   ,     0.0,     0.0,     0.0,     0.0,     0.0,     3.0
suttebr02, 1997,     1, CHI , NHL , R  , 52.0,  2.0,   6.0,   8.0,  28.0, -6.0 ,  0.0,  1.0,  1.0,  1.0,  0.0, 0.0,  43.0,       ,      ,      ,        ,        ,        ,        ,        ,        ,        ,        ,      
suttebr03, 2008,     1, CAR , NHL , C  , 50.0,  1.0,   5.0,   6.0,  16.0, -1.0 ,  0.0,  0.0,  0.0,  0.0,  0.0,    ,  57.0,       ,      ,      ,        ,        ,        ,        ,        ,        ,        ,        ,      
suttebr03, 2009,     1, CAR , NHL , C  , 72.0, 21.0,  19.0,  40.0,   2.0, -1.0 ,  5.0,  5.0,  0.0,  0.0,  3.0,    , 168.0,       ,      ,      ,        ,        ,        ,        ,        ,        ,        ,        ,      
suttebr04, 2008,     1, CAL , NHL , L  ,  4.0,  1.0,   0.0,   1.0,   2.0, -2.0 ,  0.0,  0.0,  0.0,  0.0,  0.0,    ,   6.0,       ,      ,      ,        ,        ,        ,        ,        ,        ,        ,        ,      
suttebr04, 2009,     1, CAL , NHL , C  , 10.0,  0.0,   0.0,   0.0,   5.0, -1.0 ,  0.0,  0.0,  0.0,  0.0,  0.0,    ,   9.0,       ,      ,      ,        ,        ,        ,        ,        ,        ,        ,        ,      
sutteda01, 1979,     1, CHI , NHL , L  ,  8.0,  2.0,   0.0,   2.0,   2.0, 1.0  ,  0.0,     ,  0.0,     ,  0.0, 0.0,   3.0,    7.0,   3.0,   1.0,     4.0,     2.0,        ,     2.0,        ,     0.0,        ,     1.0,      
sutteda01, 1980,     1, CHI , NHL , L  , 76.0, 40.0,  22.0,  62.0,  86.0, -1.0 , 14.0,     ,  0.0,     ,  4.0, 3.0, 179.0,    3.0,   3.0,   1.0,     4.0,     2.0,        ,     1.0,        ,     0.0,        ,     0.0,      
sutteda01, 1981,     1, CHI , NHL , L  , 40.0, 23.0,  12.0,  35.0,  31.0, 0.0  ,  4.0,     ,  3.0,     ,  0.0, 2.0, 102.0,    3.0,   0.0,   1.0,     1.0,     2.0,        ,     0.0,        ,     0.0,        ,     0.0,      
sutteda01, 1982,     1, CHI , NHL , L  , 80.0, 31.0,  30.0,  61.0,  53.0, 18.0 , 10.0,     ,  0.0,     ,  5.0, 2.0, 169.0,   13.0,   4.0,   6.0,    10.0,     8.0,        ,     0.0,        ,     0.0,        ,     0.0,      
sutteda01, 1983,     1, CHI , NHL , L  , 59.0, 20.0,  20.0,  40.0,  44.0, -18.0,  8.0,     ,  0.0,     ,  4.0, 0.0, 135.0,    5.0,   1.0,   1.0,     2.0,     0.0, 1.0    ,     0.0,        ,     0.0,        ,     0.0,    12.0
sutteda01, 1984,     1, CHI , NHL , L  , 49.0, 20.0,  18.0,  38.0,  12.0, 8.0  ,  2.0,     ,  0.0,     ,  2.0, 0.0,  90.0,   15.0,  12.0,   7.0,    19.0,    12.0, 7.0    ,     2.0,        ,     0.0,        ,     4.0,    37.0
sutteda01, 1985,     1, CHI , NHL , L  , 50.0, 17.0,  10.0,  27.0,  44.0, -15.0,  3.0,     ,  0.0,     ,  2.0, 0.0,  89.0,    3.0,   1.0,   2.0,     3.0,     0.0, -4.0   ,     1.0,        ,     0.0,        ,     0.0,     7.0
sutteda01, 1986,     1, CHI , NHL , L  , 44.0,  8.0,   6.0,  14.0,  16.0, -3.0 ,  1.0,     ,  0.0,     ,  0.0, 1.0,  62.0,    2.0,   0.0,   0.0,     0.0,     0.0, 0.0    ,     0.0,        ,     0.0,        ,     0.0,     1.0
suttedu01, 1979,     1, NYI , NHL , R  , 56.0, 15.0,   9.0,  24.0,  55.0, 5.0  ,  0.0,     ,  0.0,     ,  1.0, 0.0,  75.0,   21.0,   3.0,   7.0,    10.0,    74.0,        ,     0.0,        ,     0.0,        ,     0.0,      
suttedu01, 1980,     1, NYI , NHL , R  , 23.0,  7.0,  11.0,  18.0,  26.0, -8.0 ,  1.0,     ,  0.0,     ,  1.0, 0.0,  48.0,   12.0,   3.0,   1.0,     4.0,    10.0,        ,     0.0,        ,     0.0,        ,     0.0,      
suttedu01, 1981,     1, NYI , NHL , R  , 77.0, 18.0,  35.0,  53.0, 100.0, 23.0 ,  4.0,     ,  0.0,     ,  0.0, 0.0, 140.0,   19.0,   5.0,   5.0,    10.0,    57.0,        ,     0.0,        ,     0.0,        ,     2.0,      
suttedu01, 1982,     1, NYI , NHL , R  , 75.0, 13.0,  19.0,  32.0, 118.0, 8.0  ,  1.0,     ,  0.0,     ,  2.0, 0.0, 122.0,   20.0,   9.0,  12.0,    21.0,    43.0,        ,     2.0,        ,     0.0,        ,     1.0,      
suttedu01, 1983,     1, NYI , NHL , R  , 78.0, 17.0,  23.0,  40.0,  94.0, 2.0  ,  2.0,     ,  0.0,     ,  1.0, 0.0, 137.0,   21.0,   1.0,   3.0,     4.0,    48.0, -1.0   ,     0.0,        ,     0.0,        ,     0.0,    12.0
suttedu01, 1984,     1, NYI , NHL , R  , 78.0, 17.0,  24.0,  41.0, 174.0, -12.0,  1.0,     ,  0.0,     ,  1.0, 0.0, 125.0,   10.0,   0.0,   2.0,     2.0,    47.0, -5.0   ,     0.0,        ,     0.0,        ,     0.0,    13.0
suttedu01, 1985,     1, NYI , NHL , R  , 80.0, 20.0,  33.0,  53.0, 157.0, 15.0 ,  4.0,     ,  0.0,     ,  1.0, 0.0, 151.0,    3.0,   0.0,   0.0,     0.0,    16.0, 1.0    ,     0.0,        ,     0.0,        ,     0.0,     4.0
suttedu01, 1986,     1, NYI , NHL , R  , 80.0, 14.0,  17.0,  31.0, 169.0, 1.0  ,  1.0,     ,  0.0,     ,  1.0, 0.0, 152.0,   14.0,   1.0,   0.0,     1.0,    26.0, -3.0   ,     0.0,        ,     0.0,        ,     0.0,    29.0
suttedu01, 1987,     1, CHI , NHL , R  , 37.0,  7.0,   9.0,  16.0,  70.0, 2.0  ,  3.0,  1.0,  0.0,  0.0,  0.0, 0.0,  74.0,    5.0,   0.0,   0.0,     0.0,    21.0, -1.0   ,     0.0,     0.0,     0.0,     0.0,     0.0,     5.0
suttedu01, 1988,     1, CHI , NHL , R  , 75.0,  7.0,   9.0,  16.0, 214.0, -11.0,  0.0,  0.0,  0.0,  0.0,  1.0, 0.0,  83.0,   16.0,   3.0,   1.0,     4.0,    15.0, 0.0    ,     0.0,     0.0,     0.0,     0.0,     2.0,    14.0
suttedu01, 1989,     1, CHI , NHL , C  , 72.0,  4.0,  14.0,  18.0, 156.0, -2.0 ,  0.0,  1.0,  0.0,  0.0,  1.0, 0.0,  70.0,   20.0,   1.0,   1.0,     2.0,    48.0, -1.0   ,     0.0,     0.0,     0.0,     0.0,     0.0,    12.0
sutteri01, 1982,     1, PIT , NHL , R  ,  4.0,  0.0,   0.0,   0.0,   0.0, -2.0 ,  0.0,     ,  0.0,     ,  0.0, 0.0,   3.0,       ,      ,      ,        ,        ,        ,        ,        ,        ,        ,        ,      
sutteri01, 1983,     1, PIT , NHL , R  ,  5.0,  0.0,   0.0,   0.0,   0.0, -2.0 ,  0.0,     ,  0.0,     ,  0.0, 0.0,   2.0,       ,      ,      ,        ,        ,        ,        ,        ,        ,        ,        ,      
sutteri01, 1983,     2, PHI , NHL , R  , 70.0, 16.0,  12.0,  28.0,  93.0, 10.0 ,  2.0,     ,  0.0,     ,  1.0, 0.0, 133.0,    3.0,   0.0,   0.0,     0.0,    15.0, 0.0    ,     0.0,        ,     0.0,        ,     0.0,     2.0
sutteri01, 1984,     1, PHI , NHL , L  , 56.0,  6.0,  10.0,  16.0,  89.0, 0.0  ,  0.0,     ,  0.0,     ,  0.0, 0.0,  62.0,   11.0,   3.0,   0.0,     3.0,    10.0, -2.0   ,     0.0,        ,     0.0,        ,     0.0,    12.0
sutteri01, 1985,     1, PHI , NHL , R  , 78.0, 14.0,  25.0,  39.0, 199.0, 28.0 ,  0.0,     ,  0.0,     ,  2.0, 0.0, 124.0,    5.0,   2.0,   0.0,     2.0,    19.0, 2.0    ,     0.0,        ,     0.0,        ,     0.0,     9.0
sutteri01, 1986,     1, VAN , NHL , R  , 74.0, 20.0,  22.0,  42.0, 113.0, -17.0,  3.0,     ,  0.0,     ,  2.0, 1.0, 166.0,       ,      ,      ,        ,        ,        ,        ,        ,        ,        ,        ,      
sutteri01, 1987,     1, VAN , NHL , R  , 80.0, 15.0,  15.0,  30.0, 165.0, -4.0 ,  2.0,  1.0,  1.0,  1.0,  2.0, 1.0, 132.0,       ,      ,      ,        ,        ,        ,        ,        ,        ,        ,        ,      
sutteri01, 1988,     1, VAN , NHL , R  , 75.0, 17.0,  15.0,  32.0, 122.0, 3.0  ,  1.0,  1.0,  3.0,  0.0,  4.0, 0.0, 125.0,    7.0,   2.0,   1.0,     3.0,    12.0, 1.0    ,     0.0,     0.0,     0.0,     0.0,     0.0,    13.0
sutteri01, 1989,     1, VAN , NHL , R  , 62.0,  9.0,   9.0,  18.0, 133.0, -1.0 ,  0.0,  0.0,  1.0,  1.0,  1.0, 1.0, 100.0,       ,      ,      ,        ,        ,        ,        ,        ,        ,        ,        ,      
sutteri01, 1989,     2, STL , NHL , R  , 12.0,  2.0,   0.0,   2.0,  22.0, -2.0 ,  0.0,  0.0,  0.0,  0.0,  0.0, 0.0,  22.0,   12.0,   2.0,   1.0,     3.0,    39.0, -3.0   ,     0.0,     0.0,     1.0,     0.0,     1.0,    18.0
sutteri01, 1990,     1, STL , NHL , R  , 77.0, 16.0,  11.0,  27.0, 122.0, 6.0  ,  0.0,  0.0,  2.0,  0.0,  2.0, 0.0, 130.0,   13.0,   4.0,   2.0,     6.0,    16.0, 2.0    ,     0.0,     0.0,     0.0,     0.0,     1.0,    21.0
sutteri01, 1991,     1, STL , NHL , R  , 77.0,  9.0,  16.0,  25.0, 107.0, 7.0  ,  0.0,  0.0,  1.0,  2.0,  3.0, 0.0, 113.0,    6.0,   0.0,   0.0,     0.0,     8.0, -3.0   ,     0.0,     0.0,     0.0,     0.0,     0.0,     8.0
sutteri01, 1992,     1, STL , NHL , R  , 84.0, 13.0,  14.0,  27.0, 100.0, -4.0 ,  0.0,  0.0,  2.0,  3.0,  1.0, 0.0, 148.0,   11.0,   0.0,   1.0,     1.0,    10.0, -6.0   ,     0.0,     0.0,     0.0,     0.0,     0.0,    14.0
sutteri01, 1993,     1, CHI , NHL , R  , 83.0, 12.0,  14.0,  26.0, 108.0, -8.0 ,  0.0,  1.0,  0.0,  1.0,  2.0, 0.0, 122.0,    6.0,   0.0,   0.0,     0.0,     2.0, -1.0   ,     0.0,     0.0,     0.0,     0.0,     0.0,    15.0
sutteri01, 1994,     1, CHI , NHL , R  , 15.0,  0.0,   0.0,   0.0,  28.0, 1.0  ,  0.0,  0.0,  0.0,  0.0,  0.0, 0.0,  17.0,       ,      ,      ,        ,        ,        ,        ,        ,        ,        ,        ,      
sutteri01, 1994,     2, TBL , NHL , R  ,  4.0,  0.0,   0.0,   0.0,   0.0, 0.0  ,  0.0,  0.0,  0.0,  0.0,  0.0, 0.0,   3.0,       ,      ,      ,        ,        ,        ,        ,        ,        ,        ,        ,      
sutteri01, 1994,     3, TOR , NHL , R  , 18.0,  0.0,   3.0,   3.0,  10.0, -7.0 ,  0.0,  0.0,  0.0,  0.0,  0.0, 0.0,  19.0,    4.0,   0.0,   0.0,     0.0,     2.0, -3.0   ,     0.0,     0.0,     0.0,     0.0,     0.0,     0.0
suttero01, 1982,     1, PHI , NHL , C  , 10.0,  1.0,   1.0,   2.0,   9.0, 0.0  ,  0.0,     ,  0.0,     ,  1.0, 0.0,   4.0,       ,      ,      ,        ,        ,        ,        ,        ,        ,        ,        ,      
suttero01, 1983,     1, PHI , NHL , C  , 79.0, 19.0,  32.0,  51.0, 101.0, 4.0  ,  5.0,     ,  3.0,     ,  3.0, 1.0, 145.0,    3.0,   0.0,   0.0,     0.0,    22.0, 0.0    ,     0.0,        ,     0.0,        ,     0.0,     3.0
suttero01, 1984,     1, PHI , NHL , C  , 73.0, 16.0,  29.0,  45.0,  94.0, 13.0 ,  2.0,     ,  0.0,     ,  5.0, 0.0, 140.0,   19.0,   4.0,   8.0,    12.0,    28.0, -1.0   ,     0.0,        ,     0.0,        ,     1.0,    43.0
suttero01, 1985,     1, PHI , NHL , C  , 75.0, 18.0,  42.0,  60.0, 159.0, 26.0 ,  0.0,     ,  0.0,     ,  4.0, 0.0, 145.0,    5.0,   0.0,   2.0,     2.0,    10.0, 2.0    ,     0.0,        ,     0.0,        ,     0.0,    11.0
suttero01, 1986,     1, PHI , NHL , C  , 39.0, 10.0,  17.0,  27.0,  69.0, 10.0 ,  0.0,     ,  0.0,     ,  0.0, 0.0,  68.0,   16.0,   1.0,   7.0,     8.0,    12.0, -3.0   ,     0.0,        ,     0.0,        ,     0.0,    22.0
suttero01, 1987,     1, PHI , NHL , C  , 69.0,  8.0,  25.0,  33.0, 146.0, -9.0 ,  1.0,  0.0,  0.0,  2.0,  0.0, 0.0, 107.0,    7.0,   0.0,   1.0,     1.0,    26.0, -7.0   ,     0.0,     0.0,     0.0,     0.0,     0.0,     3.0
suttero01, 1988,     1, PHI , NHL , C  , 55.0, 26.0,  22.0,  48.0,  80.0, 25.0 ,  4.0,  1.0,  1.0,  0.0,  2.0, 0.0, 106.0,   19.0,   1.0,   9.0,    10.0,    51.0, 5.0    ,     0.0,     0.0,     0.0,     0.0,     0.0,    39.0
suttero01, 1989,     1, PHI , NHL , C  , 75.0, 22.0,  26.0,  48.0, 104.0, 2.0  ,  0.0,  1.0,  2.0,  0.0,  6.0, 0.0, 157.0,       ,      ,      ,        ,        ,        ,        ,        ,        ,        ,        ,      
suttero01, 1990,     1, PHI , NHL , C  , 80.0, 17.0,  28.0,  45.0,  92.0, 2.0  ,  2.0,  3.0,  0.0,  0.0,  1.0, 0.0, 149.0,       ,      ,      ,        ,        ,        ,        ,        ,        ,        ,        ,      
suttero01, 1991,     1, STL , NHL , C  , 68.0, 19.0,  27.0,  46.0,  91.0, 9.0  ,  5.0,  7.0,  4.0,  2.0,  1.0, 1.0, 106.0,    6.0,   1.0,   3.0,     4.0,     8.0, -1.0   ,     1.0,     1.0,     0.0,     0.0,     0.0,     9.0
suttero01, 1992,     1, STL , NHL , C  , 59.0, 12.0,  15.0,  27.0,  99.0, -11.0,  4.0,  5.0,  0.0,  0.0,  3.0, 0.0,  90.0,       ,      ,      ,        ,        ,        ,        ,        ,        ,        ,        ,      
suttero01, 1993,     1, STL , NHL , C  , 36.0,  6.0,  12.0,  18.0,  46.0, -1.0 ,  1.0,  1.0,  0.0,  0.0,  2.0, 0.0,  42.0,       ,      ,      ,        ,        ,        ,        ,        ,        ,        ,        ,      
suttero01, 1993,     2, QUE , NHL , C  , 37.0,  9.0,  13.0,  22.0,  44.0, 3.0  ,  4.0,  1.0,  0.0,  0.0,  0.0, 0.0,  66.0,       ,      ,      ,        ,        ,        ,        ,        ,        ,        ,        ,      
suttero01, 1994,     1, NYI , NHL , C  , 27.0,  1.0,   4.0,   5.0,  21.0, -8.0 ,  0.0,  0.0,  0.0,  0.0,  1.0, 0.0,  29.0,       ,      ,      ,        ,        ,        ,        ,        ,        ,        ,        ,      
suttero01, 1995,     1, BOS , NHL , C  , 18.0,  5.0,   7.0,  12.0,  24.0, 10.0 ,  0.0,  0.0,  1.0,  1.0,  0.0, 0.0,  34.0,    5.0,   0.0,   0.0,     0.0,     8.0, -2.0   ,     0.0,     0.0,     0.0,     0.0,     0.0,     4.0
suttero01, 1996,     1, SJS , NHL , C  , 78.0,  5.0,   7.0,  12.0,  65.0, -8.0 ,  1.0,  0.0,  2.0,  2.0,  1.0, 0.0,  78.0,       ,      ,      ,        ,        ,        ,        ,        ,        ,        ,        ,      
suttero01, 1997,     1, SJS , NHL , R  , 57.0,  2.0,   7.0,   9.0,  22.0, -2.0 ,  0.0,  0.0,  0.0,  0.0,  1.0, 0.0,  57.0,    6.0,   1.0,   0.0,     1.0,    14.0, -1.0   ,     0.0,     0.0,     0.0,     0.0,     0.0,     7.0
suttero01, 1998,     1, SJS , NHL , C  , 59.0,  3.0,   6.0,   9.0,  40.0, -8.0 ,  0.0,  0.0,  0.0,  0.0,  1.0, 0.0,  67.0,    6.0,   0.0,   0.0,     0.0,     4.0, -1.0   ,     0.0,     0.0,     0.0,     0.0,     0.0,    10.0
suttero01, 1999,     1, SJS , NHL , C  , 78.0,  5.0,   6.0,  11.0,  34.0, -3.0 ,  0.0,  0.0,  1.0,  0.0,  1.0, 0.0,  68.0,   12.0,   0.0,   2.0,     2.0,    10.0, 0.0    ,     0.0,     0.0,     0.0,     0.0,     0.0,    11.0
suttero01, 2000,     1, CAL , NHL , C  , 21.0,  1.0,   3.0,   4.0,  12.0, 4.0  ,  0.0,  0.0,  0.0,  0.0,  0.0, 0.0,  16.0,       ,      ,      ,        ,        ,        ,        ,        ,        ,        ,        ,      
suttoan01, 1998,     1, SJS , NHL , D  , 31.0,  0.0,   3.0,   3.0,  65.0, -4.0 ,  0.0,  1.0,  0.0,  0.0,  0.0, 0.0,  24.0,       ,      ,      ,        ,        ,        ,        ,        ,        ,        ,        ,      
suttoan01, 1999,     1, SJS , NHL , D  , 40.0,  1.0,   1.0,   2.0,  80.0, -5.0 ,  0.0,  0.0,  0.0,  0.0,  0.0, 0.0,  29.0,       ,      ,      ,        ,        ,        ,        ,        ,        ,        ,        ,      
suttoan01, 2000,     1, MIN , NHL , D  , 69.0,  3.0,   4.0,   7.0, 131.0, -11.0,  2.0,  0.0,  0.0,  0.0,  0.0, 0.0,  64.0,       ,      ,      ,        ,        ,        ,        ,        ,        ,        ,        ,      
suttoan01, 2001,     1, MIN , NHL , D  , 19.0,  2.0,   4.0,   6.0,  35.0, -4.0 ,  1.0,  1.0,  0.0,  0.0,  0.0, 0.0,  21.0,       ,      ,      ,        ,        ,        ,        ,        ,        ,        ,        ,      
suttoan01, 2001,     2, ATL , NHL , D  , 24.0,  0.0,   4.0,   4.0,  46.0, 0.0  ,  0.0,  0.0,  0.0,  0.0,  0.0, 0.0,  20.0,       ,      ,      ,        ,        ,        ,        ,        ,        ,        ,        ,      
suttoan01, 2002,     1, ATL , NHL , D  , 53.0,  3.0,  18.0,  21.0, 114.0, -8.0 ,  1.0,  7.0,  1.0,  0.0,  0.0, 0.0,  65.0,       ,      ,      ,        ,        ,        ,        ,        ,        ,        ,        ,      
suttoan01, 2003,     1, ATL , NHL , D  , 65.0,  8.0,  13.0,  21.0,  94.0, 0.0  ,  7.0,  5.0,  1.0,  0.0,  1.0, 1.0, 102.0,       ,      ,      ,        ,        ,        ,        ,        ,        ,        ,        ,      
suttoan01, 2005,     1, ATL , NHL , D  , 76.0,  8.0,  17.0,  25.0, 144.0, 13.0 ,  2.0,  0.0,  1.0,  1.0,  3.0,    ,  86.0,       ,      ,      ,        ,        ,        ,        ,        ,        ,        ,        ,      
suttoan01, 2006,     1, ATL , NHL , D  , 55.0,  2.0,  14.0,  16.0,  76.0, 6.0  ,  0.0,  1.0,  1.0,  0.0,  0.0,    ,  51.0,    4.0,   0.0,   0.0,     0.0,    10.0, -2.0   ,     0.0,     0.0,     0.0,     0.0,     0.0,     4.0
suttoan01, 2007,     1, NYI , NHL , D  , 58.0,  1.0,   7.0,   8.0,  86.0, -6.0 ,  0.0,  1.0,  0.0,  0.0,  1.0,    ,  57.0,       ,      ,      ,        ,        ,        ,        ,        ,        ,        ,        ,      
suttoan01, 2008,     1, NYI , NHL , D  , 23.0,  2.0,   8.0,  10.0,  40.0, 3.0  ,  0.0,  0.0,  0.0,  0.0,  0.0,    ,  19.0,       ,      ,      ,        ,        ,        ,        ,        ,        ,        ,        ,      
suttoan01, 2009,     1, NYI , NHL , D  , 54.0,  4.0,   8.0,  12.0,  73.0, -3.0 ,  0.0,  0.0,  0.0,  0.0,  0.0,    ,  58.0,       ,      ,      ,        ,        ,        ,        ,        ,        ,        ,        ,      
suttoan01, 2009,     2, OTT , NHL , D  , 18.0,  1.0,   0.0,   1.0,  34.0, -7.0 ,  0.0,  0.0,  0.0,  0.0,  0.0,    ,  19.0,    6.0,   0.0,   0.0,     0.0,     8.0, -2.0   ,     0.0,     0.0,     0.0,     0.0,     0.0,     3.0
suttoke01, 1990,     1, BUF , NHL , D  , 15.0,  3.0,   6.0,   9.0,  13.0, 2.0  ,  2.0,  2.0,  0.0,  0.0,  0.0, 0.0,  26.0,    6.0,   0.0,   1.0,     1.0,     2.0, -4.0   ,     0.0,     0.0,     0.0,     0.0,     0.0,    13.0
suttoke01, 1991,     1, BUF , NHL , D  , 64.0,  2.0,  18.0,  20.0,  71.0, 5.0  ,  0.0,  3.0,  0.0,  0.0,  0.0, 0.0,  81.0,    7.0,   0.0,   2.0,     2.0,     4.0, 0.0    ,     0.0,     1.0,     0.0,     0.0,     0.0,     5.0
suttoke01, 1992,     1, BUF , NHL , D  , 63.0,  8.0,  14.0,  22.0,  30.0, -3.0 ,  1.0,  0.0,  0.0,  0.0,  2.0, 1.0,  77.0,    8.0,   3.0,   1.0,     4.0,     8.0, 3.0    ,     0.0,     0.0,     0.0,     0.0,     0.0,    16.0
suttoke01, 1993,     1, BUF , NHL , D  , 78.0,  4.0,  20.0,  24.0,  71.0, -6.0 ,  1.0,  9.0,  0.0,  0.0,  0.0, 0.0,  95.0,    4.0,   0.0,   0.0,     0.0,     2.0, 2.0    ,     0.0,     0.0,     0.0,     0.0,     0.0,     8.0
suttoke01, 1994,     1, BUF , NHL , D  , 12.0,  1.0,   2.0,   3.0,  30.0, -2.0 ,  0.0,  1.0,  0.0,  1.0,  1.0, 0.0,  12.0,       ,      ,      ,        ,        ,        ,        ,        ,        ,        ,        ,      
suttoke01, 1994,     2, EDM , NHL , D  , 12.0,  3.0,   1.0,   4.0,  12.0, -1.0 ,  0.0,  1.0,  0.0,  0.0,  0.0, 0.0,  28.0,       ,      ,      ,        ,        ,        ,        ,        ,        ,        ,        ,      
suttoke01, 1995,     1, EDM , NHL , D  , 32.0,  0.0,   8.0,   8.0,  39.0, -12.0,  0.0,  4.0,  0.0,  0.0,  0.0, 0.0,  38.0,       ,      ,      ,        ,        ,        ,        ,        ,        ,        ,        ,      
suttoke01, 1995,     2, STL , NHL , D  ,  6.0,  0.0,   0.0,   0.0,   4.0, -1.0 ,  0.0,  0.0,  0.0,  0.0,  0.0, 0.0,   3.0,    1.0,   0.0,   0.0,     0.0,     0.0, 0.0    ,     0.0,     0.0,     0.0,     0.0,     0.0,     1.0
suttoke01, 1997,     1, NJD , NHL , D  , 13.0,  0.0,   0.0,   0.0,   6.0, 1.0  ,  0.0,  0.0,  0.0,  0.0,  0.0, 0.0,   5.0,       ,      ,      ,        ,        ,        ,        ,        ,        ,        ,        ,      
suttoke01, 1997,     2, SJS , NHL , D  ,  8.0,  0.0,   0.0,   0.0,  15.0, -4.0 ,  0.0,  0.0,  0.0,  0.0,  0.0, 0.0,   7.0,       ,      ,      ,        ,        ,        ,        ,        ,        ,        ,        ,      
suttoke01, 1998,     1, NJD , NHL , D  ,  5.0,  1.0,   0.0,   1.0,   0.0, 1.0  ,  0.0,  0.0,  0.0,  0.0,  0.0, 0.0,   5.0,       ,      ,      ,        ,        ,        ,        ,        ,        ,        ,        ,      
suttoke01, 1999,     1, NJD , NHL , D  ,  6.0,  0.0,   2.0,   2.0,   2.0, 2.0  ,  0.0,  1.0,  0.0,  0.0,  0.0, 0.0,  10.0,       ,      ,      ,        ,        ,        ,        ,        ,        ,        ,        ,      
suttoke01, 2000,     1, NJD , NHL , D  , 53.0,  1.0,   7.0,   8.0,  37.0, 9.0  ,  0.0,  0.0,  0.0,  0.0,  0.0, 0.0,  35.0,    6.0,   0.0,   0.0,     0.0,    13.0, 1.0    ,     0.0,     0.0,     0.0,     0.0,     0.0,     7.0
suttoke01, 2001,     1, NYI , NHL , D  , 21.0,  0.0,   2.0,   2.0,   8.0, -5.0 ,  0.0,  1.0,  0.0,  0.0,  0.0, 0.0,  22.0,       ,      ,      ,        ,        ,        ,        ,        ,        ,        ,        ,      
suzorma01, 1976,     1, PHI , NHL , D  ,  4.0,  0.0,   1.0,   1.0,   4.0, 2.0  ,  0.0,     ,  0.0,     ,  0.0, 0.0,   4.0,       ,      ,      ,        ,        ,        ,        ,        ,        ,        ,        ,      
suzorma01, 1977,     1, COR , NHL , D  , 60.0,  4.0,  15.0,  19.0,  56.0, -35.0,  2.0,     ,  0.0,     ,  0.0, 0.0,  89.0,       ,      ,      ,        ,        ,        ,        ,        ,        ,        ,        ,      
svartpe01, 1999,     1, ATL , NHL , L  , 38.0,  3.0,   4.0,   7.0,   6.0, -8.0 ,  0.0,  0.0,  0.0,  0.0,  0.0, 0.0,  36.0,       ,      ,      ,        ,        ,        ,        ,        ,        ,        ,        ,      
svartpe01, 2000,     1, ATL , NHL , C  , 69.0, 10.0,  11.0,  21.0,  20.0, -6.0 ,  0.0,  1.0,  2.0,  0.0,  1.0, 0.0,  98.0,       ,      ,      ,        ,        ,        ,        ,        ,        ,        ,        ,      
svartpe01, 2001,     1, ATL , NHL , C  , 78.0,  3.0,  12.0,  15.0,  24.0, -12.0,  0.0,  0.0,  0.0,  1.0,  0.0, 0.0,  80.0,       ,      ,      ,        ,        ,        ,        ,        ,        ,        ,        ,      
svartpe01, 2002,     1, ATL , NHL , C  , 62.0,  1.0,   7.0,   8.0,   8.0, -11.0,  0.0,  0.0,  0.0,  2.0,  0.0, 0.0,  47.0,       ,      ,      ,        ,        ,        ,        ,        ,        ,        ,        ,      
svatoma01, 2003,     1, COL , NHL , R  ,  4.0,  2.0,   0.0,   2.0,   0.0, 1.0  ,  1.0,  0.0,  0.0,  0.0,  1.0, 0.0,   6.0,   11.0,   1.0,   5.0,     6.0,     2.0, 3.0    ,     0.0,     2.0,     0.0,     0.0,     1.0,    25.0
svatoma01, 2005,     1, COL , NHL , R  , 61.0, 32.0,  18.0,  50.0,  60.0, 0.0  , 12.0, 10.0,  0.0,  0.0,  9.0,    , 165.0,       ,      ,      ,        ,        ,        ,        ,        ,        ,        ,        ,      
svatoma01, 2006,     1, COL , NHL , R  , 66.0, 15.0,  15.0,  30.0,  46.0, 1.0  ,  8.0,  3.0,  0.0,  0.0,  2.0,    , 179.0,       ,      ,      ,        ,        ,        ,        ,        ,        ,        ,        ,      
svatoma01, 2007,     1, COL , NHL , R  , 62.0, 26.0,  11.0,  37.0,  32.0, 13.0 ,  3.0,  3.0,  0.0,  0.0,  6.0,    , 140.0,       ,      ,      ,        ,        ,        ,        ,        ,        ,        ,        ,      
svatoma01, 2008,     1, COL , NHL , R  , 69.0, 14.0,  20.0,  34.0,  34.0, -6.0 ,  6.0,  7.0,  0.0,  0.0,  1.0,    , 140.0,       ,      ,      ,        ,        ,        ,        ,        ,        ,        ,        ,      
svatoma01, 2009,     1, COL , NHL , R  , 54.0,  7.0,   4.0,  11.0,  35.0, -13.0,  3.0,  2.0,  0.0,  0.0,  1.0,    ,  84.0,    3.0,   1.0,   0.0,     1.0,     2.0, -1.0   ,     0.0,     0.0,     0.0,     0.0,     0.0,    10.0
svehlro01, 1994,     1, FLO , NHL , D  ,  5.0,  1.0,   1.0,   2.0,   0.0, 3.0  ,  1.0,  0.0,  0.0,  0.0,  0.0, 0.0,   6.0,       ,      ,      ,        ,        ,        ,        ,        ,        ,        ,        ,      
svehlro01, 1995,     1, FLO , NHL , D  , 81.0,  8.0,  49.0,  57.0,  94.0, -3.0 ,  7.0, 27.0,  0.0,  2.0,  0.0, 0.0, 146.0,   22.0,   0.0,   6.0,     6.0,    32.0, 3.0    ,     0.0,     2.0,     0.0,     0.0,     0.0,    38.0
svehlro01, 1996,     1, FLO , NHL , D  , 82.0, 13.0,  32.0,  45.0,  86.0, 2.0  ,  5.0, 14.0,  0.0,  0.0,  3.0, 0.0, 159.0,    5.0,   1.0,   4.0,     5.0,     4.0, -4.0   ,     1.0,     3.0,     0.0,     0.0,     0.0,    13.0
svehlro01, 1997,     1, FLO , NHL , D  , 79.0,  9.0,  34.0,  43.0, 113.0, -3.0 ,  3.0, 23.0,  0.0,  1.0,  0.0, 0.0, 144.0,       ,      ,      ,        ,        ,        ,        ,        ,        ,        ,        ,      
svehlro01, 1998,     1, FLO , NHL , D  , 80.0,  8.0,  29.0,  37.0,  83.0, -13.0,  4.0, 12.0,  0.0,  3.0,  0.0, 1.0, 157.0,       ,      ,      ,        ,        ,        ,        ,        ,        ,        ,        ,      
svehlro01, 1999,     1, FLO , NHL , D  , 82.0,  9.0,  40.0,  49.0,  64.0, 23.0 ,  3.0, 18.0,  0.0,  0.0,  1.0, 0.0, 143.0,    4.0,   0.0,   1.0,     1.0,     4.0, 0.0    ,     0.0,     0.0,     0.0,     0.0,     0.0,     4.0
svehlro01, 2000,     1, FLO , NHL , D  , 82.0,  6.0,  22.0,  28.0,  76.0, -8.0 ,  0.0,  3.0,  0.0,  0.0,  0.0, 0.0, 121.0,       ,      ,      ,        ,        ,        ,        ,        ,        ,        ,        ,      
svehlro01, 2001,     1, FLO , NHL , D  , 82.0,  7.0,  22.0,  29.0,  87.0, -19.0,  3.0,  9.0,  0.0,  1.0,  0.0, 0.0, 119.0,       ,      ,      ,        ,        ,        ,        ,        ,        ,        ,        ,      
svehlro01, 2002,     1, TOR , NHL , D  , 82.0,  7.0,  38.0,  45.0,  46.0, 13.0 ,  2.0, 17.0,  0.0,  1.0,  1.0, 0.0, 110.0,    7.0,   0.0,   3.0,     3.0,     2.0, -5.0   ,     0.0,     1.0,     0.0,     0.0,     0.0,    14.0
svejkja01, 1996,     1, WAS , NHL , L  , 19.0,  7.0,   3.0,  10.0,   4.0, -1.0 ,  2.0,  1.0,  0.0,  0.0,  1.0, 0.0,  30.0,       ,      ,      ,        ,        ,        ,        ,        ,        ,        ,        ,      
svejkja01, 1997,     1, WAS , NHL , R  , 17.0,  4.0,   1.0,   5.0,  10.0, -5.0 ,  2.0,  1.0,  0.0,  0.0,  1.0, 0.0,  29.0,    1.0,   0.0,   0.0,     0.0,     2.0, 0.0    ,     0.0,     0.0,     0.0,     0.0,     0.0,     0.0
svejkja01, 1998,     1, WAS , NHL , R  , 25.0,  6.0,   8.0,  14.0,  12.0, -2.0 ,  4.0,  3.0,  0.0,  0.0,  2.0, 0.0,  50.0,       ,      ,      ,        ,        ,        ,        ,        ,        ,        ,        ,      
svejkja01, 1999,     1, WAS , NHL , L  , 23.0,  1.0,   2.0,   3.0,   2.0, -7.0 ,  1.0,  2.0,  0.0,  0.0,  0.0, 0.0,  18.0,       ,      ,      ,        ,        ,        ,        ,        ,        ,        ,        ,      
svejkja01, 1999,     2, TBL , NHL , L  , 29.0,  5.0,   5.0,  10.0,  28.0, -7.0 ,  0.0,  0.0,  0.0,  0.0,  0.0, 0.0,  42.0,       ,      ,      ,        ,        ,        ,        ,        ,        ,        ,        ,      
svensle01, 1978,     1, WAS , NHL , D  , 74.0,  2.0,  29.0,  31.0,  28.0, -3.0 ,  0.0,     ,  0.0,     ,  0.0, 1.0,  72.0,       ,      ,      ,        ,        ,        ,        ,        ,        ,        ,        ,      
svensle01, 1979,     1, WAS , NHL , D  , 47.0,  4.0,  11.0,  15.0,  21.0, -10.0,  0.0,     ,  0.0,     ,  0.0, 1.0,  41.0,       ,      ,      ,        ,        ,        ,        ,        ,        ,        ,        ,      
svensma01, 1994,     1, FLO , NHL , D  , 19.0,  2.0,   5.0,   7.0,  10.0, 5.0  ,  1.0,  2.0,  0.0,  0.0,  0.0, 0.0,  41.0,       ,      ,      ,        ,        ,        ,        ,        ,        ,        ,        ,      
svensma01, 1995,     1, FLO , NHL , D  , 27.0,  2.0,   9.0,  11.0,  21.0, -1.0 ,  2.0,  7.0,  0.0,  0.0,  1.0, 0.0,  58.0,       ,      ,      ,        ,        ,        ,        ,        ,        ,        ,        ,      
svitapa01, 1978,     1, CZE , WHA , G  ,  3.0,  0.0,   0.0,   0.0,   2.0,      ,     ,     ,     ,     ,     ,    ,      ,       ,      ,      ,        ,        ,        ,        ,        ,        ,        ,        ,      
svitoal01, 2002,     1, TBL , NHL , C  , 63.0,  4.0,   4.0,   8.0,  58.0, -4.0 ,  1.0,  0.0,  0.0,  0.0,  0.0, 0.0,  69.0,    7.0,   0.0,   0.0,     0.0,     6.0, -2.0   ,     0.0,     0.0,     0.0,     0.0,     0.0,     3.0
svitoal01, 2003,     1, TBL , NHL , C  , 11.0,  0.0,   3.0,   3.0,   4.0, 0.0  ,  0.0,  0.0,  0.0,  0.0,  0.0, 0.0,  16.0,       ,      ,      ,        ,        ,        ,        ,        ,        ,        ,        ,      
svitoal01, 2003,     2, CBS , NHL , C  , 29.0,  2.0,   6.0,   8.0,  16.0, -8.0 ,  0.0,  1.0,  0.0,  0.0,  0.0, 0.0,  36.0,       ,      ,      ,        ,        ,        ,        ,        ,        ,        ,        ,      
svitoal01, 2006,     1, CBS , NHL , C  , 76.0,  7.0,  11.0,  18.0, 145.0, -10.0,  1.0,  3.0,  0.0,  0.0,  2.0,    ,  83.0,       ,      ,      ,        ,        ,        ,        ,        ,        ,        ,        ,      
svoboja01, 2001,     1, CAR , NHL , L  , 10.0,  2.0,   2.0,   4.0,   2.0, 0.0  ,  0.0,  0.0,  0.0,  0.0,  0.0, 0.0,  12.0,   23.0,   1.0,   4.0,     5.0,    28.0, 2.0    ,     1.0,     1.0,     0.0,     0.0,     1.0,    26.0
svoboja01, 2002,     1, CAR , NHL , L  , 48.0,  3.0,  11.0,  14.0,  32.0, -5.0 ,  1.0,  5.0,  0.0,  0.0,  0.0, 0.0,  63.0,       ,      ,      ,        ,        ,        ,        ,        ,        ,        ,        ,      
svoboja01, 2003,     1, CAR , NHL , L  , 33.0,  3.0,   1.0,   4.0,   6.0, 3.0  ,  0.0,  0.0,  0.0,  0.0,  1.0, 0.0,  27.0,       ,      ,      ,        ,        ,        ,        ,        ,        ,        ,        ,      
svoboja01, 2005,     1, DAL , NHL , L  , 43.0,  4.0,   3.0,   7.0,  22.0, -3.0 ,  0.0,  0.0,  0.0,  0.0,  2.0,    ,  33.0,    2.0,   0.0,   0.0,     0.0,     2.0, -1.0   ,     0.0,     0.0,     0.0,     0.0,     0.0,     1.0
svobope01, 1984,     1, MTL , NHL , D  , 73.0,  4.0,  27.0,  31.0,  65.0, 16.0 ,  0.0,     ,  0.0,     ,  1.0, 0.0,  80.0,    7.0,   1.0,   1.0,     2.0,    12.0, 0.0    ,     0.0,        ,     0.0,        ,     0.0,     8.0
svobope01, 1985,     1, MTL , NHL , D  , 73.0,  1.0,  18.0,  19.0,  93.0, 24.0 ,  0.0,     ,  0.0,     ,  0.0, 0.0,  63.0,    8.0,   0.0,   0.0,     0.0,    21.0, 2.0    ,     0.0,        ,     0.0,        ,     0.0,     3.0
svobope01, 1986,     1, MTL , NHL , D  , 70.0,  5.0,  17.0,  22.0,  63.0, 14.0 ,  1.0,     ,  0.0,     ,  1.0, 0.0,  80.0,   14.0,   0.0,   5.0,     5.0,    10.0, -1.0   ,     0.0,        ,     0.0,        ,     0.0,    15.0
svobope01, 1987,     1, MTL , NHL , D  , 69.0,  7.0,  22.0,  29.0, 149.0, 46.0 ,  2.0,  5.0,  0.0,  0.0,  1.0, 0.0, 138.0,   10.0,   0.0,   5.0,     5.0,    12.0, 1.0    ,     0.0,     1.0,     0.0,     0.0,     0.0,    19.0
svobope01, 1988,     1, MTL , NHL , D  , 71.0,  8.0,  37.0,  45.0, 147.0, 28.0 ,  4.0, 14.0,  0.0,  0.0,  1.0, 0.0, 131.0,   21.0,   1.0,  11.0,    12.0,    16.0, -3.0   ,     0.0,     5.0,     0.0,     0.0,     0.0,    23.0
svobope01, 1989,     1, MTL , NHL , D  , 60.0,  5.0,  31.0,  36.0,  98.0, 20.0 ,  2.0, 17.0,  0.0,  0.0,  2.0, 0.0,  90.0,   10.0,   0.0,   5.0,     5.0,     2.0, 7.0    ,     0.0,     1.0,     0.0,     0.0,     0.0,    12.0
svobope01, 1990,     1, MTL , NHL , D  , 60.0,  4.0,  22.0,  26.0,  52.0, 5.0  ,  3.0,  8.0,  0.0,  0.0,  1.0, 0.0,  67.0,    2.0,   0.0,   1.0,     1.0,     2.0, -1.0   ,     0.0,     1.0,     0.0,     0.0,     0.0,     5.0
svobope01, 1991,     1, MTL , NHL , D  , 58.0,  5.0,  16.0,  21.0,  94.0, 9.0  ,  1.0, 10.0,  0.0,  0.0,  3.0, 0.0,  88.0,       ,      ,      ,        ,        ,        ,        ,        ,        ,        ,        ,      
svobope01, 1991,     2, BUF , NHL , D  , 13.0,  1.0,   6.0,   7.0,  52.0, -8.0 ,  0.0,  5.0,  0.0,  0.0,  0.0, 0.0,  23.0,    7.0,   1.0,   4.0,     5.0,     6.0, 0.0    ,     0.0,     3.0,     1.0,     0.0,     0.0,    12.0
svobope01, 1992,     1, BUF , NHL , D  , 40.0,  2.0,  24.0,  26.0,  59.0, 3.0  ,  1.0, 14.0,  0.0,  1.0,  1.0, 0.0,  61.0,       ,      ,      ,        ,        ,        ,        ,        ,        ,        ,        ,      
svobope01, 1993,     1, BUF , NHL , D  , 60.0,  2.0,  14.0,  16.0,  89.0, 11.0 ,  1.0,  9.0,  0.0,  1.0,  0.0, 0.0,  80.0,    3.0,   0.0,   0.0,     0.0,     4.0, -1.0   ,     0.0,     0.0,     0.0,     0.0,     0.0,     2.0
svobope01, 1994,     1, BUF , NHL , D  , 26.0,  0.0,   5.0,   5.0,  60.0, -5.0 ,  0.0,  3.0,  0.0,  0.0,  0.0, 0.0,  22.0,       ,      ,      ,        ,        ,        ,        ,        ,        ,        ,        ,      
svobope01, 1994,     2, PHI , NHL , D  , 11.0,  0.0,   3.0,   3.0,  10.0, 0.0  ,  0.0,  2.0,  0.0,  0.0,  0.0, 0.0,  17.0,   14.0,   0.0,   4.0,     4.0,     8.0, 5.0    ,     0.0,     0.0,     0.0,     0.0,     0.0,    15.0
svobope01, 1995,     1, PHI , NHL , D  , 73.0,  1.0,  28.0,  29.0, 105.0, 28.0 ,  0.0, 13.0,  0.0,  0.0,  0.0, 0.0,  91.0,   12.0,   0.0,   6.0,     6.0,    22.0, 6.0    ,     0.0,     4.0,     0.0,     0.0,     0.0,    17.0
svobope01, 1996,     1, PHI , NHL , D  , 67.0,  2.0,  12.0,  14.0,  94.0, 10.0 ,  1.0,  1.0,  0.0,  0.0,  0.0, 0.0,  36.0,   16.0,   1.0,   2.0,     3.0,    16.0, 4.0    ,     0.0,     0.0,     0.0,     0.0,     0.0,     9.0
svobope01, 1997,     1, PHI , NHL , D  , 56.0,  3.0,  15.0,  18.0,  83.0, 19.0 ,  2.0,  6.0,  0.0,  0.0,  0.0, 0.0,  44.0,    3.0,   0.0,   1.0,     1.0,     4.0, -1.0   ,     0.0,     1.0,     0.0,     0.0,     0.0,     1.0
svobope01, 1998,     1, PHI , NHL , D  , 25.0,  4.0,   2.0,   6.0,  28.0, 5.0  ,  1.0,  0.0,  1.0,  0.0,  1.0, 0.0,  37.0,       ,      ,      ,        ,        ,        ,        ,        ,        ,        ,        ,      
svobope01, 1998,     2, TBL , NHL , D  , 34.0,  1.0,  16.0,  17.0,  53.0, -4.0 ,  0.0,  9.0,  0.0,  1.0,  0.0, 0.0,  46.0,       ,      ,      ,        ,        ,        ,        ,        ,        ,        ,        ,      
svobope01, 1999,     1, TBL , NHL , D  , 70.0,  2.0,  23.0,  25.0, 170.0, -11.0,  2.0,  9.0,  0.0,  4.0,  0.0, 0.0,  93.0,       ,      ,      ,        ,        ,        ,        ,        ,        ,        ,        ,      
svobope01, 2000,     1, TBL , NHL , D  , 19.0,  1.0,   3.0,   4.0,  41.0, -4.0 ,  0.0,  0.0,  0.0,  0.0,  0.0, 0.0,  16.0,       ,      ,      ,        ,        ,        ,        ,        ,        ,        ,        ,      
svobope02, 2000,     1, TOR , NHL , D  , 18.0,  1.0,   2.0,   3.0,  10.0, -5.0 ,  1.0,  1.0,  0.0,  0.0,  0.0, 0.0,  17.0,       ,      ,      ,        ,        ,        ,        ,        ,        ,        ,        ,      
swainga01, 1968,     1, PIT , NHL , C  ,  9.0,  1.0,   1.0,   2.0,   0.0, -1.0 ,  0.0,     ,  0.0,     ,  0.0, 1.0,  17.0,       ,      ,      ,        ,        ,        ,        ,        ,        ,        ,        ,      
swainga01, 1974,     1, NEW , WHA , C  , 66.0,  7.0,  15.0,  22.0,  18.0, -7.0 ,  0.0,     ,  2.0,     ,     ,    ,  71.0,    6.0,   0.0,   3.0,     3.0,    41.0,        ,     0.0,        ,     0.0,        ,     0.0,      
swainga01, 1975,     1, NEW , WHA , C  , 79.0, 10.0,  16.0,  26.0,  46.0, -30.0,  1.0,     ,  3.0,     ,  1.0,    , 118.0,   17.0,   3.0,   2.0,     5.0,    15.0, 3.0    ,        ,        ,        ,        ,        ,      
swainga01, 1976,     1, NEW , WHA , C  , 26.0,  5.0,   2.0,   7.0,   6.0, -6.0 ,  1.0,     ,  2.0,     ,     ,    ,  30.0,    2.0,   0.0,   0.0,     0.0,     0.0, 0.0    ,     0.0,        ,     0.0,        ,     0.0,      
swansbr01, 2000,     1, EDM , NHL , C  , 16.0,  1.0,   1.0,   2.0,   6.0, -1.0 ,  0.0,  0.0,  0.0,  0.0,  0.0, 0.0,   8.0,       ,      ,      ,        ,        ,        ,        ,        ,        ,        ,        ,      
swansbr01, 2001,     1, EDM , NHL , C  ,  8.0,  1.0,   1.0,   2.0,   0.0, -1.0 ,  0.0,  1.0,  0.0,  0.0,  0.0, 0.0,   7.0,       ,      ,      ,        ,        ,        ,        ,        ,        ,        ,        ,      
swansbr01, 2002,     1, EDM , NHL , C  , 44.0,  2.0,  10.0,  12.0,  10.0, -7.0 ,  1.0,  2.0,  0.0,  1.0,  1.0, 0.0,  67.0,       ,      ,      ,        ,        ,        ,        ,        ,        ,        ,        ,      
swansbr01, 2003,     1, ATL , NHL , C  ,  2.0,  0.0,   1.0,   1.0,   0.0, 0.0  ,  0.0,  0.0,  0.0,  0.0,  0.0, 0.0,   0.0,       ,      ,      ,        ,        ,        ,        ,        ,        ,        ,        ,      
swarbge01, 1967,     1, OAK , NHL , R  , 49.0, 13.0,   5.0,  18.0,  62.0, -17.0,  3.0,     ,  1.0,     ,  2.0, 1.0,  86.0,       ,      ,      ,        ,        ,        ,        ,        ,        ,        ,        ,      
swarbge01, 1968,     1, OAK , NHL , R  , 50.0,  3.0,  13.0,  16.0,  75.0, -13.0,  1.0,     ,  0.0,     ,  1.0, 0.0, 121.0,       ,      ,      ,        ,        ,        ,        ,        ,        ,        ,        ,      
swarbge01, 1968,     2, PIT , NHL , R  , 19.0,  1.0,   6.0,   7.0,  28.0, -4.0 ,  0.0,     ,  0.0,     ,  0.0, 0.0,  27.0,       ,      ,      ,        ,        ,        ,        ,        ,        ,        ,        ,      
swarbge01, 1969,     1, PIT , NHL , R  , 12.0,  0.0,   1.0,   1.0,   8.0, 0.0  ,  0.0,     ,  0.0,     ,  0.0, 0.0,  38.0,       ,      ,      ,        ,        ,        ,        ,        ,        ,        ,        ,      
swarbge01, 1970,     1, PHI , NHL , R  ,  2.0,  0.0,   0.0,   0.0,   0.0, -2.0 ,  0.0,     ,  0.0,     ,  0.0, 0.0,   4.0,       ,      ,      ,        ,        ,        ,        ,        ,        ,        ,        ,      
sweenbi01, 1959,     1, NYR , NHL , C  ,  4.0,  1.0,   0.0,   1.0,   0.0,      ,     ,     ,     ,     ,     ,    ,      ,       ,      ,      ,        ,        ,        ,        ,        ,        ,        ,        ,      
sweenbo01, 1986,     1, BOS , NHL , C  , 14.0,  2.0,   4.0,   6.0,  21.0, -5.0 ,  0.0,     ,  0.0,     ,  0.0, 0.0,  13.0,    3.0,   0.0,   0.0,     0.0,     0.0, -2.0   ,     0.0,        ,     0.0,        ,     0.0,     2.0
sweenbo01, 1987,     1, BOS , NHL , C  , 80.0, 22.0,  23.0,  45.0,  73.0, 11.0 ,  6.0,  3.0,  0.0,  0.0,  7.0, 0.0, 118.0,   23.0,   6.0,   8.0,    14.0,    66.0, 9.0    ,     1.0,     0.0,     1.0,     0.0,     1.0,    24.0
sweenbo01, 1988,     1, BOS , NHL , C  , 75.0, 14.0,  14.0,  28.0,  99.0, -19.0,  2.0,  3.0,  1.0,  0.0,  3.0, 0.0, 117.0,   10.0,   2.0,   4.0,     6.0,    19.0, 4.0    ,     0.0,     1.0,     0.0,     0.0,     0.0,    14.0
sweenbo01, 1989,     1, BOS , NHL , C  , 70.0, 22.0,  24.0,  46.0,  93.0, 2.0  ,  5.0,  7.0,  2.0,  1.0,  6.0, 0.0, 147.0,   20.0,   0.0,   2.0,     2.0,    30.0, -7.0   ,     0.0,     0.0,     0.0,     0.0,     0.0,    19.0
sweenbo01, 1990,     1, BOS , NHL , C  , 80.0, 15.0,  33.0,  48.0, 115.0, 12.0 ,  0.0,  1.0,  1.0,  1.0,  2.0, 0.0, 116.0,   17.0,   4.0,   2.0,     6.0,    45.0, -5.0   ,     0.0,     1.0,     0.0,     0.0,     1.0,    25.0
sweenbo01, 1991,     1, BOS , NHL , R  , 63.0,  6.0,  14.0,  20.0, 103.0, -9.0 ,  0.0,  1.0,  1.0,  2.0,  1.0, 0.0,  70.0,   14.0,   1.0,   0.0,     1.0,    25.0, -7.0   ,     0.0,     0.0,     1.0,     0.0,     0.0,    24.0
sweenbo01, 1992,     1, BUF , NHL , C  , 80.0, 21.0,  26.0,  47.0, 118.0, 2.0  ,  4.0,  5.0,  3.0,  1.0,  3.0, 0.0, 120.0,    8.0,   2.0,   2.0,     4.0,     8.0, 2.0    ,     0.0,     1.0,     0.0,     0.0,     1.0,    18.0
sweenbo01, 1993,     1, BUF , NHL , C  , 60.0, 11.0,  14.0,  25.0,  94.0, 3.0  ,  3.0,  2.0,  3.0,  2.0,  1.0, 0.0,  76.0,    1.0,   0.0,   0.0,     0.0,     0.0, 0.0    ,     0.0,     0.0,     0.0,     0.0,     0.0,     1.0
sweenbo01, 1994,     1, BUF , NHL , C  , 45.0,  5.0,   4.0,   9.0,  18.0, -6.0 ,  1.0,  1.0,  2.0,  1.0,  0.0, 0.0,  47.0,    5.0,   0.0,   0.0,     0.0,     4.0, -1.0   ,     0.0,     0.0,     0.0,     0.0,     0.0,     5.0
sweenbo01, 1995,     1, NYI , NHL , C  , 66.0,  6.0,   6.0,  12.0,  59.0, -23.0,  0.0,  0.0,  1.0,  0.0,  1.0, 0.0,  54.0,       ,      ,      ,        ,        ,        ,        ,        ,        ,        ,        ,      
sweenbo01, 1995,     2, CAL , NHL , C  ,  6.0,  1.0,   1.0,   2.0,   6.0, 3.0  ,  0.0,  0.0,  0.0,  0.0,  0.0, 0.0,   8.0,    2.0,   0.0,   0.0,     0.0,     0.0, -1.0   ,     0.0,     0.0,     0.0,     0.0,     0.0,     3.0
sweendo01, 1988,     1, BOS , NHL , D  , 36.0,  3.0,   5.0,   8.0,  20.0, -6.0 ,  0.0,  1.0,  0.0,  0.0,  0.0, 0.0,  35.0,       ,      ,      ,        ,        ,        ,        ,        ,        ,        ,        ,      
sweendo01, 1989,     1, BOS , NHL , D  , 58.0,  3.0,   5.0,   8.0,  58.0, 11.0 ,  0.0,  0.0,  0.0,  0.0,  0.0, 0.0,  49.0,   21.0,   1.0,   5.0,     6.0,    18.0, -10.0  ,     1.0,     0.0,     0.0,     1.0,     0.0,    27.0
sweendo01, 1990,     1, BOS , NHL , D  , 77.0,  8.0,  13.0,  21.0,  67.0, 2.0  ,  0.0,  1.0,  1.0,  0.0,  3.0, 0.0, 102.0,   19.0,   3.0,   0.0,     3.0,    25.0, -3.0   ,     0.0,     0.0,     0.0,     0.0,     0.0,    31.0
sweendo01, 1991,     1, BOS , NHL , D  , 75.0,  3.0,  11.0,  14.0,  74.0, -9.0 ,  0.0,  0.0,  0.0,  1.0,  1.0, 0.0,  92.0,   15.0,   0.0,   0.0,     0.0,    10.0, -3.0   ,     0.0,     0.0,     0.0,     0.0,     0.0,    13.0
sweendo01, 1992,     1, BOS , NHL , D  , 84.0,  7.0,  27.0,  34.0,  68.0, 34.0 ,  0.0,  0.0,  1.0,  0.0,  0.0, 0.0, 107.0,    4.0,   0.0,   0.0,     0.0,     4.0, -1.0   ,     0.0,     0.0,     0.0,     0.0,     0.0,     5.0
sweendo01, 1993,     1, BOS , NHL , D  , 75.0,  6.0,  15.0,  21.0,  50.0, 29.0 ,  1.0,  0.0,  2.0,  0.0,  2.0, 0.0, 136.0,   12.0,   2.0,   1.0,     3.0,     4.0, -2.0   ,     0.0,     0.0,     0.0,     0.0,     1.0,    11.0
sweendo01, 1994,     1, BOS , NHL , D  , 47.0,  3.0,  19.0,  22.0,  24.0, 6.0  ,  1.0,  6.0,  0.0,  0.0,  2.0, 0.0, 102.0,    5.0,   0.0,   0.0,     0.0,     4.0, -4.0   ,     0.0,     0.0,     0.0,     0.0,     0.0,     8.0
sweendo01, 1995,     1, BOS , NHL , D  , 77.0,  4.0,  24.0,  28.0,  42.0, -4.0 ,  2.0,  6.0,  0.0,  2.0,  3.0, 0.0, 142.0,    5.0,   0.0,   2.0,     2.0,     6.0, -3.0   ,     0.0,     0.0,     0.0,     1.0,     0.0,    12.0
sweendo01, 1996,     1, BOS , NHL , D  , 82.0,  3.0,  23.0,  26.0,  39.0, -5.0 ,  0.0,  3.0,  0.0,  1.0,  0.0, 0.0, 113.0,       ,      ,      ,        ,        ,        ,        ,        ,        ,        ,        ,      
sweendo01, 1997,     1, BOS , NHL , D  , 59.0,  1.0,  15.0,  16.0,  24.0, 12.0 ,  0.0,  1.0,  0.0,  0.0,  0.0, 0.0,  55.0,       ,      ,      ,        ,        ,        ,        ,        ,        ,        ,        ,      
sweendo01, 1998,     1, BOS , NHL , D  , 81.0,  2.0,  10.0,  12.0,  64.0, 14.0 ,  0.0,  2.0,  0.0,  1.0,  0.0, 0.0,  79.0,   11.0,   3.0,   0.0,     3.0,     6.0, 2.0    ,     1.0,     0.0,     0.0,     0.0,     0.0,    16.0
sweendo01, 1999,     1, BOS , NHL , D  , 81.0,  1.0,  13.0,  14.0,  48.0, -14.0,  0.0,  1.0,  0.0,  0.0,  0.0, 0.0,  82.0,       ,      ,      ,        ,        ,        ,        ,        ,        ,        ,        ,      
sweendo01, 2000,     1, BOS , NHL , D  , 72.0,  2.0,  10.0,  12.0,  26.0, -1.0 ,  1.0,  3.0,  0.0,  0.0,  1.0, 0.0,  60.0,       ,      ,      ,        ,        ,        ,        ,        ,        ,        ,        ,      
sweendo01, 2001,     1, BOS , NHL , D  , 81.0,  3.0,  15.0,  18.0,  35.0, 22.0 ,  1.0,  0.0,  0.0,  0.0,  0.0, 0.0,  70.0,    6.0,   0.0,   1.0,     1.0,     2.0, -3.0   ,     0.0,     0.0,     0.0,     0.0,     0.0,     2.0
sweendo01, 2002,     1, BOS , NHL , D  , 67.0,  3.0,   5.0,   8.0,  24.0, -1.0 ,  0.0,  0.0,  0.0,  0.0,  0.0, 1.0,  55.0,    5.0,   0.0,   1.0,     1.0,     0.0, 0.0    ,     0.0,     0.0,     0.0,     0.0,     0.0,     4.0
sweendo01, 2003,     1, DAL , NHL , D  , 63.0,  0.0,  11.0,  11.0,  18.0, 22.0 ,  0.0,  0.0,  0.0,  1.0,  0.0, 0.0,  39.0,    5.0,   0.0,   0.0,     0.0,     2.0, -2.0   ,     0.0,     0.0,     0.0,     0.0,     0.0,     2.0
sweenti01, 1990,     1, CAL , NHL , L  , 42.0,  7.0,   9.0,  16.0,   8.0, 1.0  ,  0.0,  1.0,  0.0,  2.0,  4.0, 0.0,  40.0,       ,      ,      ,        ,        ,        ,        ,        ,        ,        ,        ,      
sweenti01, 1991,     1, CAL , NHL , L  , 11.0,  1.0,   2.0,   3.0,   4.0, 0.0  ,  0.0,  0.0,  0.0,  1.0,  1.0, 0.0,  16.0,       ,      ,      ,        ,        ,        ,        ,        ,        ,        ,        ,      
sweenti01, 1992,     1, BOS , NHL , L  , 14.0,  1.0,   7.0,   8.0,   6.0, 1.0  ,  0.0,  0.0,  0.0,  0.0,  0.0, 0.0,  15.0,    3.0,   0.0,   0.0,     0.0,     0.0, 0.0    ,     0.0,     0.0,     0.0,     0.0,     0.0,     0.0
sweenti01, 1993,     1, ANA , NHL , L  , 78.0, 16.0,  27.0,  43.0,  49.0, 3.0  ,  6.0,  6.0,  1.0,  0.0,  2.0, 0.0, 114.0,       ,      ,      ,        ,        ,        ,        ,        ,        ,        ,        ,      
sweenti01, 1994,     1, ANA , NHL , L  , 13.0,  1.0,   1.0,   2.0,   2.0, -3.0 ,  0.0,  0.0,  0.0,  0.0,  0.0, 0.0,  11.0,       ,      ,      ,        ,        ,        ,        ,        ,        ,        ,        ,      
sweenti01, 1995,     1, BOS , NHL , L  , 41.0,  8.0,   8.0,  16.0,  14.0, 4.0  ,  1.0,  2.0,  0.0,  0.0,  2.0, 1.0,  47.0,    1.0,   0.0,   0.0,     0.0,     2.0, 0.0    ,     0.0,     0.0,     0.0,     0.0,     0.0,     0.0
sweenti01, 1996,     1, BOS , NHL , L  , 36.0, 10.0,  11.0,  21.0,  14.0, 0.0  ,  2.0,  3.0,  0.0,  1.0,  2.0, 0.0,  65.0,       ,      ,      ,        ,        ,        ,        ,        ,        ,        ,        ,      
sweenti01, 1997,     1, NYR , NHL , R  , 56.0, 11.0,  18.0,  29.0,  26.0, 7.0  ,  2.0,  5.0,  0.0,  0.0,  1.0, 1.0,  75.0,       ,      ,      ,        ,        ,        ,        ,        ,        ,        ,        ,      
swensca01, 1972,     1, WIJ , WHA , C  , 77.0,  7.0,  21.0,  28.0,  19.0,      ,  2.0,     ,  0.0,     ,     ,    ,      ,   14.0,   1.0,   5.0,     6.0,     7.0,        ,     1.0,        ,     0.0,        ,     0.0,      
swensca01, 1973,     1, WIJ , WHA , C  , 25.0,  5.0,   4.0,   9.0,   2.0,      ,  1.0,     ,  0.0,     ,  0.0,    ,      ,    1.0,   0.0,   0.0,     0.0,     0.0,        ,        ,        ,        ,        ,     0.0,      
sydorda01, 1991,     1, LAK , NHL , D  , 18.0,  1.0,   5.0,   6.0,  22.0, -3.0 ,  0.0,  3.0,  0.0,  0.0,  0.0, 0.0,  18.0,       ,      ,      ,        ,        ,        ,        ,        ,        ,        ,        ,      
sydorda01, 1992,     1, LAK , NHL , D  , 80.0,  6.0,  23.0,  29.0,  63.0, -2.0 ,  0.0,  7.0,  0.0,  1.0,  1.0, 0.0, 112.0,   24.0,   3.0,   8.0,    11.0,    16.0, 4.0    ,     2.0,     3.0,     0.0,     0.0,     0.0,    29.0
sydorda01, 1993,     1, LAK , NHL , D  , 84.0,  8.0,  27.0,  35.0,  94.0, -9.0 ,  1.0,  9.0,  0.0,  1.0,  0.0, 0.0, 146.0,       ,      ,      ,        ,        ,        ,        ,        ,        ,        ,        ,      
sydorda01, 1994,     1, LAK , NHL , D  , 48.0,  4.0,  19.0,  23.0,  36.0, -2.0 ,  3.0,  1.0,  0.0,  1.0,  0.0, 1.0,  96.0,       ,      ,      ,        ,        ,        ,        ,        ,        ,        ,        ,      
sydorda01, 1995,     1, LAK , NHL , D  , 58.0,  1.0,  11.0,  12.0,  34.0, -11.0,  1.0,  4.0,  0.0,  0.0,  0.0, 0.0,  84.0,       ,      ,      ,        ,        ,        ,        ,        ,        ,        ,        ,      
sydorda01, 1995,     2, DAL , NHL , D  , 26.0,  2.0,   6.0,   8.0,  41.0, -1.0 ,  1.0,  4.0,  0.0,  0.0,  0.0, 0.0,  33.0,       ,      ,      ,        ,        ,        ,        ,        ,        ,        ,        ,      
sydorda01, 1996,     1, DAL , NHL , D  , 82.0,  8.0,  40.0,  48.0,  51.0, 37.0 ,  2.0, 21.0,  0.0,  0.0,  2.0, 0.0, 142.0,    7.0,   0.0,   2.0,     2.0,     0.0, -2.0   ,     0.0,     2.0,     0.0,     0.0,     0.0,    24.0
sydorda01, 1997,     1, DAL , NHL , D  , 79.0, 11.0,  35.0,  46.0,  51.0, 17.0 ,  4.0, 24.0,  1.0,  0.0,  1.0, 0.0, 166.0,   17.0,   0.0,   5.0,     5.0,    14.0, 5.0    ,     0.0,     2.0,     0.0,     0.0,     0.0,    38.0
sydorda01, 1998,     1, DAL , NHL , D  , 74.0, 14.0,  34.0,  48.0,  50.0, -1.0 ,  9.0, 26.0,  0.0,  0.0,  2.0, 1.0, 163.0,   23.0,   3.0,   9.0,    12.0,    16.0, 8.0    ,     1.0,     6.0,     0.0,     0.0,     1.0,    49.0
sydorda01, 1999,     1, DAL , NHL , D  , 74.0,  8.0,  26.0,  34.0,  32.0, 6.0  ,  5.0, 11.0,  0.0,  1.0,  1.0, 0.0, 132.0,   23.0,   1.0,   6.0,     7.0,     6.0, 1.0    ,     0.0,     6.0,     0.0,     0.0,     0.0,    39.0
sydorda01, 2000,     1, DAL , NHL , D  , 81.0, 10.0,  37.0,  47.0,  34.0, 5.0  ,  8.0, 19.0,  0.0,  0.0,  1.0, 0.0, 140.0,   10.0,   1.0,   3.0,     4.0,     0.0, -2.0   ,     1.0,     2.0,     0.0,     0.0,     0.0,    20.0
sydorda01, 2001,     1, DAL , NHL , D  , 78.0,  4.0,  29.0,  33.0,  50.0, 3.0  ,  2.0, 19.0,  0.0,  0.0,  0.0, 0.0, 183.0,       ,      ,      ,        ,        ,        ,        ,        ,        ,        ,        ,      
sydorda01, 2002,     1, DAL , NHL , D  , 81.0,  5.0,  31.0,  36.0,  40.0, 22.0 ,  2.0, 18.0,  0.0,  0.0,  1.0, 0.0, 132.0,   12.0,   0.0,   6.0,     6.0,     6.0, -3.0   ,     0.0,     5.0,     0.0,     0.0,     0.0,    18.0
sydorda01, 2003,     1, CBS , NHL , D  , 49.0,  2.0,  13.0,  15.0,  26.0, -19.0,  1.0,  6.0,  0.0,  0.0,  0.0, 0.0,  80.0,       ,      ,      ,        ,        ,        ,        ,        ,        ,        ,        ,      
sydorda01, 2003,     2, TBL , NHL , D  , 31.0,  1.0,   6.0,   7.0,   6.0, 3.0  ,  0.0,  2.0,  0.0,  0.0,  0.0, 0.0,  42.0,   23.0,   0.0,   6.0,     6.0,     9.0, -4.0   ,     0.0,     5.0,     0.0,     0.0,     0.0,    25.0
sydorda01, 2005,     1, TBL , NHL , D  , 80.0,  4.0,  19.0,  23.0,  30.0, -18.0,  1.0,  6.0,  0.0,  0.0,  0.0,    ,  64.0,    5.0,   0.0,   1.0,     1.0,     0.0, -3.0   ,     0.0,     1.0,     0.0,     0.0,     0.0,     5.0
sydorda01, 2006,     1, DAL , NHL , D  , 74.0,  5.0,  16.0,  21.0,  36.0, -4.0 ,  2.0,  4.0,  0.0,  0.0,  1.0,    ,  75.0,    7.0,   1.0,   1.0,     2.0,     4.0, 2.0    ,     0.0,     1.0,     0.0,     0.0,     0.0,    16.0
sydorda01, 2007,     1, PIT , NHL , D  , 74.0,  1.0,  12.0,  13.0,  26.0, 1.0  ,  1.0,  3.0,  0.0,  0.0,  0.0,    ,  59.0,    4.0,   0.0,   0.0,     0.0,     2.0, 1.0    ,     0.0,     0.0,     0.0,     0.0,     0.0,     2.0
sydorda01, 2008,     1, PIT , NHL , D  ,  8.0,  1.0,   1.0,   2.0,   2.0, 5.0  ,  0.0,  0.0,  0.0,  0.0,  0.0,    ,   7.0,       ,      ,      ,        ,        ,        ,        ,        ,        ,        ,        ,      
sydorda01, 2008,     2, DAL , NHL , D  , 65.0,  2.0,  11.0,  13.0,  16.0, -2.0 ,  0.0,  3.0,  0.0,  0.0,  0.0,    ,  66.0,       ,      ,      ,        ,        ,        ,        ,        ,        ,        ,        ,      
sydorda01, 2009,     1, STL , NHL , D  , 47.0,  0.0,   8.0,   8.0,  15.0, -6.0 ,  0.0,  1.0,  0.0,  0.0,  0.0,    ,  26.0,       ,      ,      ,        ,        ,        ,        ,        ,        ,        ,        ,      
sykesbo01, 1974,     1, TOR , NHL , L  ,  2.0,  0.0,   0.0,   0.0,   0.0, -2.0 ,  0.0,     ,  0.0,     ,  0.0, 0.0,   1.0,       ,      ,      ,        ,        ,        ,        ,        ,        ,        ,        ,      
sykesph01, 1982,     1, LAK , NHL , L  ,  7.0,  2.0,   0.0,   2.0,   2.0, 1.0  ,  0.0,     ,  0.0,     ,  0.0, 0.0,   5.0,       ,      ,      ,        ,        ,        ,        ,        ,        ,        ,        ,      
sykesph01, 1983,     1, LAK , NHL , L  ,  3.0,  0.0,   0.0,   0.0,   2.0, -1.0 ,  0.0,     ,  0.0,     ,  0.0, 0.0,   2.0,       ,      ,      ,        ,        ,        ,        ,        ,        ,        ,        ,      
sykesph01, 1984,     1, LAK , NHL , R  , 79.0, 17.0,  15.0,  32.0,  38.0, -18.0,  1.0,     ,  2.0,     ,  2.0, 0.0,  96.0,    3.0,   0.0,   1.0,     1.0,     4.0, -2.0   ,     0.0,        ,     0.0,        ,     0.0,     7.0
sykesph01, 1985,     1, LAK , NHL , L  , 76.0, 20.0,  24.0,  44.0,  97.0, -26.0,  1.0,     ,  2.0,     ,  4.0, 1.0, 132.0,       ,      ,      ,        ,        ,        ,        ,        ,        ,        ,        ,      
sykesph01, 1986,     1, LAK , NHL , L  , 58.0,  6.0,  15.0,  21.0, 133.0, 10.0 ,  0.0,     ,  1.0,     ,  0.0, 0.0,  62.0,    5.0,   0.0,   1.0,     1.0,     8.0, -2.0   ,     0.0,        ,     0.0,        ,     0.0,     6.0
sykesph01, 1987,     1, LAK , NHL , L  , 40.0,  9.0,  12.0,  21.0,  82.0, 5.0  ,  3.0,  0.0,  1.0,  1.0,  0.0, 0.0,  61.0,    4.0,   0.0,   0.0,     0.0,     0.0, -3.0   ,     0.0,     0.0,     0.0,     0.0,     0.0,     5.0
sykesph01, 1988,     1, LAK , NHL , L  , 23.0,  0.0,   1.0,   1.0,   8.0, -3.0 ,  0.0,  0.0,  0.0,  0.0,  0.0, 0.0,   5.0,    3.0,   0.0,   0.0,     0.0,     8.0, 0.0    ,     0.0,     0.0,     0.0,     0.0,     0.0,     0.0
sykesph01, 1989,     1, WIN , NHL , L  , 48.0,  9.0,   6.0,  15.0,  26.0, -8.0 ,  0.0,  0.0,  1.0,  1.0,  0.0, 0.0,  50.0,    4.0,   0.0,   0.0,     0.0,     0.0, 1.0    ,     0.0,     0.0,     0.0,     0.0,     0.0,     1.0
sykesph01, 1990,     1, WIN , NHL , L  , 70.0, 12.0,  10.0,  22.0,  59.0, -9.0 ,  0.0,  0.0,  2.0,  0.0,  0.0, 1.0,  65.0,       ,      ,      ,        ,        ,        ,        ,        ,        ,        ,        ,      
sykesph01, 1991,     1, WIN , NHL , L  , 52.0,  4.0,   2.0,   6.0,  72.0, -12.0,  0.0,  0.0,  0.0,  0.0,  2.0, 0.0,  34.0,    7.0,   0.0,   1.0,     1.0,     9.0, -1.0   ,     0.0,     0.0,     0.0,     0.0,     0.0,     3.0
sykormi01, 1993,     1, SJS , NHL , D  , 22.0,  1.0,   4.0,   5.0,  14.0, -4.0 ,  0.0,  1.0,  0.0,  0.0,  0.0, 0.0,  22.0,       ,      ,      ,        ,        ,        ,        ,        ,        ,        ,        ,      
sykormi01, 1994,     1, SJS , NHL , D  , 16.0,  0.0,   4.0,   4.0,  10.0, 6.0  ,  0.0,  0.0,  0.0,  1.0,  0.0, 0.0,   6.0,       ,      ,      ,        ,        ,        ,        ,        ,        ,        ,        ,      
sykormi01, 1995,     1, SJS , NHL , D  , 79.0,  4.0,  16.0,  20.0,  54.0, -14.0,  1.0,  0.0,  0.0,  0.0,  0.0, 0.0,  80.0,       ,      ,      ,        ,        ,        ,        ,        ,        ,        ,        ,      
sykormi01, 1996,     1, SJS , NHL , D  , 35.0,  2.0,   5.0,   7.0,  59.0, 0.0  ,  1.0,  1.0,  0.0,  0.0,  0.0, 0.0,  39.0,       ,      ,      ,        ,        ,        ,        ,        ,        ,        ,        ,      
sykormi01, 1996,     2, CHI , NHL , D  , 28.0,  1.0,   9.0,  10.0,  10.0, 4.0  ,  0.0,  1.0,  0.0,  0.0,  0.0, 0.0,  38.0,    1.0,   0.0,   0.0,     0.0,     0.0, -2.0   ,     0.0,     0.0,     0.0,     0.0,     0.0,     1.0
sykormi01, 1997,     1, CHI , NHL , D  , 28.0,  1.0,   3.0,   4.0,  12.0, -10.0,  0.0,  2.0,  0.0,  0.0,  0.0, 0.0,  35.0,       ,      ,      ,        ,        ,        ,        ,        ,        ,        ,        ,      
sykormi01, 1998,     1, TBL , NHL , D  , 10.0,  1.0,   2.0,   3.0,   0.0, -7.0 ,  0.0,  2.0,  0.0,  0.0,  1.0, 0.0,  24.0,       ,      ,      ,        ,        ,        ,        ,        ,        ,        ,        ,      
sykormi01, 2000,     1, PHI , NHL , D  , 49.0,  5.0,  11.0,  16.0,  26.0, 9.0  ,  1.0,  4.0,  1.0,  0.0,  1.0, 0.0,  71.0,    6.0,   0.0,   1.0,     1.0,     0.0, 0.0    ,     0.0,     0.0,     0.0,     0.0,     0.0,     6.0
sykorpe01, 1995,     1, NJD , NHL , C  , 63.0, 18.0,  24.0,  42.0,  32.0, 7.0  ,  8.0, 11.0,  0.0,  0.0,  3.0, 0.0, 128.0,       ,      ,      ,        ,        ,        ,        ,        ,        ,        ,        ,      
sykorpe01, 1996,     1, NJD , NHL , C  , 19.0,  1.0,   2.0,   3.0,   4.0, -8.0 ,  0.0,  1.0,  0.0,  0.0,  0.0, 0.0,  26.0,    2.0,   0.0,   0.0,     0.0,     2.0, 1.0    ,     0.0,     0.0,     0.0,     0.0,     0.0,    10.0
sykorpe01, 1997,     1, NJD , NHL , C  , 58.0, 16.0,  20.0,  36.0,  22.0, 0.0  ,  3.0, 10.0,  1.0,  0.0,  4.0, 0.0, 130.0,    2.0,   0.0,   0.0,     0.0,     0.0, 0.0    ,     0.0,     0.0,     0.0,     0.0,     0.0,     5.0
sykorpe01, 1998,     1, NJD , NHL , C  , 80.0, 29.0,  43.0,  72.0,  22.0, 16.0 , 15.0, 11.0,  0.0,  0.0,  7.0, 0.0, 222.0,    7.0,   3.0,   3.0,     6.0,     4.0, -3.0   ,     0.0,     2.0,     0.0,     0.0,     1.0,    12.0
sykorpe01, 1999,     1, NJD , NHL , C  , 79.0, 25.0,  43.0,  68.0,  26.0, 24.0 ,  5.0, 13.0,  1.0,  0.0,  4.0, 0.0, 222.0,   23.0,   9.0,   8.0,    17.0,    10.0, 8.0    ,     1.0,     3.0,     0.0,     0.0,     3.0,    45.0
sykorpe01, 2000,     1, NJD , NHL , R  , 73.0, 35.0,  46.0,  81.0,  32.0, 36.0 ,  9.0, 15.0,  2.0,  1.0,  3.0, 0.0, 249.0,   25.0,  10.0,  12.0,    22.0,    12.0, 15.0   ,     2.0,     6.0,     2.0,     1.0,     2.0,    71.0
sykorpe01, 2001,     1, NJD , NHL , R  , 73.0, 21.0,  27.0,  48.0,  44.0, 12.0 ,  4.0,  6.0,  0.0,  0.0,  4.0, 0.0, 194.0,    4.0,   0.0,   1.0,     1.0,     0.0, 1.0    ,     0.0,     1.0,     0.0,     0.0,     0.0,     6.0
sykorpe01, 2002,     1, ANA , NHL , R  , 82.0, 34.0,  25.0,  59.0,  24.0, -7.0 , 15.0,  8.0,  1.0,  0.0,  5.0, 1.0, 299.0,   21.0,   4.0,   9.0,    13.0,    12.0, 3.0    ,     1.0,     1.0,     0.0,     0.0,     2.0,    58.0
sykorpe01, 2003,     1, ANA , NHL , R  , 81.0, 23.0,  29.0,  52.0,  34.0, -9.0 ,  6.0, 13.0,  0.0,  0.0,  2.0, 0.0, 277.0,       ,      ,      ,        ,        ,        ,        ,        ,        ,        ,        ,      
sykorpe01, 2005,     1, ANA , NHL , R  , 34.0,  7.0,  13.0,  20.0,  28.0, 1.0  ,  1.0, 10.0,  0.0,  0.0,  0.0,    , 118.0,       ,      ,      ,        ,        ,        ,        ,        ,        ,        ,        ,      
sykorpe01, 2005,     2, NYR , NHL , R  , 40.0, 16.0,  15.0,  31.0,  22.0, 5.0  ,  7.0,  4.0,  0.0,  0.0,  0.0,    , 112.0,    4.0,   0.0,   0.0,     0.0,     0.0, -5.0   ,     0.0,     0.0,     0.0,     0.0,     0.0,     9.0
sykorpe01, 2006,     1, EDM , NHL , C  , 82.0, 22.0,  31.0,  53.0,  40.0, -20.0,  6.0, 19.0,  0.0,  0.0,  6.0,    , 206.0,       ,      ,      ,        ,        ,        ,        ,        ,        ,        ,        ,      
sykorpe01, 2007,     1, PIT , NHL , R  , 81.0, 28.0,  35.0,  63.0,  41.0, 1.0  , 15.0, 12.0,  0.0,  0.0,  4.0,    , 201.0,   20.0,   6.0,   3.0,     9.0,    16.0, 2.0    ,     2.0,     0.0,     0.0,     0.0,     1.0,    42.0
sykorpe01, 2008,     1, PIT , NHL , R  , 76.0, 25.0,  21.0,  46.0,  36.0, 3.0  , 13.0,  6.0,  0.0,  0.0, 10.0,    , 180.0,    7.0,   0.0,   1.0,     1.0,     0.0, -3.0   ,     0.0,     1.0,     0.0,     0.0,     0.0,     7.0
sykorpe01, 2009,     1, MIN , NHL , R  , 14.0,  2.0,   1.0,   3.0,   8.0, -7.0 ,  0.0,  0.0,  0.0,  0.0,  0.0,    ,  13.0,       ,      ,      ,        ,        ,        ,        ,        ,        ,        ,        ,      
sykorpe02, 1998,     1, NAS , NHL , C  ,  2.0,  0.0,   0.0,   0.0,   0.0, -1.0 ,  0.0,  0.0,  0.0,  0.0,  0.0, 0.0,   2.0,       ,      ,      ,        ,        ,        ,        ,        ,        ,        ,        ,      
sykorpe02, 2005,     1, WAS , NHL , C  , 10.0,  2.0,   2.0,   4.0,   6.0, 0.0  ,  0.0,  0.0,  0.0,  0.0,  0.0,    ,   9.0,       ,      ,      ,        ,        ,        ,        ,        ,        ,        ,        ,      
sylvede01, 1998,     1, BUF , NHL , R  ,  1.0,  0.0,   0.0,   0.0,   0.0, -1.0 ,  0.0,  0.0,  0.0,  0.0,  0.0, 0.0,   1.0,    4.0,   0.0,   0.0,     0.0,     2.0, -1.0   ,     0.0,     0.0,     0.0,     0.0,     0.0,     2.0
sylvede01, 1999,     1, ATL , NHL , R  , 52.0, 16.0,  10.0,  26.0,  24.0, -14.0,  1.0,  2.0,  0.0,  0.0,  2.0, 0.0,  98.0,       ,      ,      ,        ,        ,        ,        ,        ,        ,        ,        ,      
sylvede01, 2000,     1, ATL , NHL , R  , 43.0,  5.0,   6.0,  11.0,   8.0, -16.0,  1.0,  4.0,  0.0,  0.0,  0.0, 1.0,  82.0,       ,      ,      ,        ,        ,        ,        ,        ,        ,        ,        ,      
sylvedo01, 1984,     1, BOS , NHL , G  ,  3.0,  0.0,   0.0,   0.0,   2.0, 0.0  ,  0.0,     ,  0.0,     ,  0.0, 0.0,   0.0,       ,      ,      ,        ,        ,        ,        ,        ,        ,        ,        ,      
syvreda01, 2005,     1, EDM , NHL , D  , 10.0,  0.0,   0.0,   0.0,   6.0, -1.0 ,  0.0,  0.0,  0.0,  0.0,  0.0,    ,   8.0,       ,      ,      ,        ,        ,        ,        ,        ,        ,        ,        ,      
syvreda01, 2006,     1, EDM , NHL , D  , 16.0,  0.0,   1.0,   1.0,   6.0, -10.0,  0.0,  0.0,  0.0,  0.0,  0.0,    ,  15.0,       ,      ,      ,        ,        ,        ,        ,        ,        ,        ,        ,      
syvreda01, 2008,     1, PHI , NHL , D  ,  2.0,  0.0,   0.0,   0.0,   0.0, -1.0 ,  0.0,  0.0,  0.0,  0.0,  0.0,    ,   0.0,       ,      ,      ,        ,        ,        ,        ,        ,        ,        ,        ,      
syvreda01, 2009,     1, PHI , NHL , D  , 21.0,  2.0,   2.0,   4.0,  12.0, 1.0  ,  0.0,  0.0,  0.0,  0.0,  0.0,    ,  14.0,       ,      ,      ,        ,        ,        ,        ,        ,        ,        ,        ,      
syvreda02, 1975,     1, TOT , WHA , D  , 50.0,  1.0,  11.0,  12.0,  14.0, -15.0,  0.0,     ,  0.0,     ,  0.0,    ,  36.0,       ,      ,      ,        ,        ,        ,        ,        ,        ,        ,        ,      
syvreda02, 1976,     1, BIR , WHA , D  ,  8.0,  0.0,   0.0,   0.0,   0.0, -4.0 ,  0.0,     ,  0.0,     ,  0.0,    ,  10.0,       ,      ,      ,        ,        ,        ,        ,        ,        ,        ,        ,      
szczepa01, 2008,     1, TBL , NHL , C  , 31.0,  4.0,   5.0,   9.0,  12.0, -1.0 ,  1.0,  0.0,  0.0,  1.0,  0.0,    ,  51.0,       ,      ,      ,        ,        ,        ,        ,        ,        ,        ,        ,      
szczepa01, 2009,     1, TBL , NHL , C  , 52.0,  5.0,   2.0,   7.0,  18.0, -15.0,  1.0,  0.0,  0.0,  0.0,  1.0,    ,  83.0,       ,      ,      ,        ,        ,        ,        ,        ,        ,        ,        ,      
szurajo01, 1967,     1, OAK , NHL , C  , 20.0,  1.0,   3.0,   4.0,  10.0, -4.0 ,  0.0,     ,  0.0,     ,  0.0, 0.0,  18.0,       ,      ,      ,        ,        ,        ,        ,        ,        ,        ,        ,      
szurajo01, 1968,     1, OAK , NHL , C  , 70.0,  9.0,  12.0,  21.0,  20.0, -5.0 ,  1.0,     ,  0.0,     ,  1.0, 1.0, 102.0,    7.0,   2.0,   3.0,     5.0,     2.0,        ,     1.0,        ,     0.0,        ,     0.0,      
szurajo01, 1972,     1, LAS , WHA , C  , 73.0, 13.0,  32.0,  45.0,  25.0,      ,  3.0,     ,  0.0,     ,     ,    ,      ,    2.0,   0.0,   0.0,     0.0,     0.0,        ,     0.0,        ,     0.0,        ,     0.0,      
szurajo01, 1973,     1, HOU , WHA , C  , 42.0,  8.0,   7.0,  15.0,   4.0,      ,  0.0,     ,  0.0,     ,  3.0,    ,      ,   10.0,   0.0,   0.0,     0.0,     0.0,        ,        ,        ,        ,        ,     0.0,      
tabarri01, 1988,     1, PIT , NHL , G  ,  1.0,  0.0,   0.0,   0.0,   2.0, 0.0  ,  0.0,  0.0,  0.0,  0.0,  0.0, 0.0,   0.0,       ,      ,      ,        ,        ,        ,        ,        ,        ,        ,        ,      
tabarri01, 1990,     1, WIN , NHL , G  , 24.0,  0.0,   1.0,   1.0,   8.0, 0.0  ,  0.0,     ,  0.0,     ,  0.0, 0.0,   0.0,       ,      ,      ,        ,        ,        ,        ,        ,        ,        ,        ,      
tabarri01, 1991,     1, WIN , NHL , G  , 18.0,  0.0,   1.0,   1.0,   4.0, 0.0  ,  0.0,  0.0,  0.0,  0.0,  0.0, 0.0,   0.0,    7.0,   0.0,   0.0,     0.0,     0.0, 0.0    ,     0.0,     0.0,     0.0,     0.0,     0.0,     0.0
tabarri01, 1992,     1, WIN , NHL , G  , 19.0,  0.0,   0.0,   0.0,  10.0, 0.0  ,  0.0,  0.0,  0.0,  0.0,  0.0, 0.0,   0.0,       ,      ,      ,        ,        ,        ,        ,        ,        ,        ,        ,      
tabarri01, 1992,     2, WAS , NHL , G  ,  6.0,  0.0,   0.0,   0.0,   4.0, 0.0  ,  0.0,  0.0,  0.0,  0.0,  0.0, 0.0,   0.0,    4.0,   0.0,   0.0,     0.0,     4.0, 0.0    ,     0.0,     0.0,     0.0,     0.0,     0.0,     0.0
tabarri01, 1993,     1, WAS , NHL , G  , 32.0,  0.0,   0.0,   0.0,   6.0, 0.0  ,  0.0,  0.0,  0.0,  0.0,  0.0, 0.0,   0.0,    2.0,   0.0,   0.0,     0.0,     0.0, 0.0    ,     0.0,     0.0,     0.0,     0.0,     0.0,     0.0
tabarri01, 1994,     1, WAS , NHL , G  ,  8.0,  0.0,   1.0,   1.0,   2.0, 0.0  ,  0.0,  0.0,  0.0,  1.0,  0.0, 0.0,   0.0,       ,      ,      ,        ,        ,        ,        ,        ,        ,        ,        ,      
tabarri01, 1994,     2, CAL , NHL , G  ,  5.0,  0.0,   1.0,   1.0,   0.0, 0.0  ,  0.0,  0.0,  0.0,  0.0,  0.0, 0.0,   0.0,    1.0,   0.0,   0.0,     0.0,     0.0, 0.0    ,     0.0,     0.0,     0.0,     0.0,     0.0,     0.0
tabarri01, 1995,     1, CAL , NHL , G  , 43.0,  0.0,   2.0,   2.0,   8.0, 0.0  ,  0.0,  1.0,  0.0,  0.0,  0.0, 0.0,   0.0,    3.0,   0.0,   0.0,     0.0,     0.0, 0.0    ,     0.0,     0.0,     0.0,     0.0,     0.0,     0.0
tabarri01, 1996,     1, CAL , NHL , G  ,  7.0,  0.0,   0.0,   0.0,   0.0, 0.0  ,  0.0,  0.0,  0.0,  0.0,  0.0, 0.0,   0.0,       ,      ,      ,        ,        ,        ,        ,        ,        ,        ,        ,      
tabarri01, 1996,     2, TBL , NHL , G  , 55.0,  0.0,   1.0,   1.0,  12.0, 0.0  ,  0.0,  0.0,  0.0,  0.0,  0.0, 0.0,   0.0,       ,      ,      ,        ,        ,        ,        ,        ,        ,        ,        ,      
tabarri01, 1997,     1, CAL , NHL , G  , 42.0,  0.0,   1.0,   1.0,  14.0, 0.0  ,  0.0,  0.0,  0.0,  0.0,  0.0, 0.0,   0.0,       ,      ,      ,        ,        ,        ,        ,        ,        ,        ,        ,      
tabarri01, 1998,     1, WAS , NHL , G  , 23.0,  0.0,   0.0,   0.0,   2.0, 0.0  ,  0.0,  0.0,  0.0,  0.0,  0.0, 0.0,   0.0,       ,      ,      ,        ,        ,        ,        ,        ,        ,        ,        ,      
tabarri01, 1999,     1, ATL , NHL , G  ,  1.0,  0.0,   0.0,   0.0,   0.0, 0.0  ,  0.0,  0.0,  0.0,  0.0,  0.0, 0.0,   0.0,       ,      ,      ,        ,        ,        ,        ,        ,        ,        ,        ,      
tabarri01, 1999,     2, COL , NHL , G  ,  2.0,  0.0,   0.0,   0.0,   0.0, 0.0  ,  0.0,  0.0,  0.0,  0.0,  0.0, 0.0,   0.0,       ,      ,      ,        ,        ,        ,        ,        ,        ,        ,        ,      
taffeje01, 2002,     1, PHO , NHL , C  , 20.0,  3.0,   1.0,   4.0,   4.0, -4.0 ,  1.0,  0.0,  0.0,  0.0,  1.0, 0.0,  18.0,       ,      ,      ,        ,        ,        ,        ,        ,        ,        ,        ,      
taffeje01, 2003,     1, PHO , NHL , R  , 59.0,  8.0,  10.0,  18.0,  20.0, -8.0 ,  5.0,  5.0,  0.0,  0.0,  0.0, 0.0,  67.0,       ,      ,      ,        ,        ,        ,        ,        ,        ,        ,        ,      
taffeje01, 2005,     1, PHO , NHL , C  ,  2.0,  0.0,   0.0,   0.0,   0.0, 0.0  ,  0.0,  0.0,  0.0,  0.0,  0.0,    ,   2.0,       ,      ,      ,        ,        ,        ,        ,        ,        ,        ,        ,      
taffeje01, 2005,     2, NYR , NHL , C  ,  2.0,  0.0,   0.0,   0.0,   0.0, 0.0  ,  0.0,  0.0,  0.0,  0.0,  0.0,    ,   1.0,       ,      ,      ,        ,        ,        ,        ,        ,        ,        ,        ,      
taffeje01, 2006,     1, PHO , NHL , L  , 17.0,  4.0,   2.0,   6.0,   2.0, -7.0 ,  1.0,  2.0,  0.0,  0.0,  0.0,    ,  34.0,       ,      ,      ,        ,        ,        ,        ,        ,        ,        ,        ,      
taffeje01, 2007,     1, PIT , NHL , L  , 45.0,  5.0,   7.0,  12.0,   8.0, 2.0  ,  1.0,  2.0,  0.0,  0.0,  1.0,    ,  56.0,       ,      ,      ,        ,        ,        ,        ,        ,        ,        ,        ,      
taffeje01, 2008,     1, PIT , NHL , L  ,  8.0,  0.0,   2.0,   2.0,   2.0, -4.0 ,  0.0,  2.0,  0.0,  0.0,  0.0,    ,   5.0,       ,      ,      ,        ,        ,        ,        ,        ,        ,        ,        ,      
taffeje01, 2009,     1, FLO , NHL , C  , 21.0,  1.0,   1.0,   2.0,   4.0, -1.0 ,  0.0,  0.0,  0.0,  0.0,  0.0,    ,  18.0,       ,      ,      ,        ,        ,        ,        ,        ,        ,        ,        ,      
taftjo01 , 1978,     1, DET , NHL , D  , 15.0,  0.0,   2.0,   2.0,   4.0, 2.0  ,  0.0,     ,  0.0,     ,  0.0, 0.0,  13.0,       ,      ,      ,        ,        ,        ,        ,        ,        ,        ,        ,      
taglipe01, 1984,     1, WIN , NHL , D  ,  1.0,  0.0,   0.0,   0.0,   0.0, 1.0  ,  0.0,     ,  0.0,     ,  0.0, 0.0,   2.0,    1.0,   0.0,   0.0,     0.0,     0.0, -1.0   ,     0.0,        ,     0.0,        ,     0.0,     0.0
taglipe01, 1985,     1, WIN , NHL , D  , 18.0,  0.0,   0.0,   0.0,  48.0, -1.0 ,  0.0,     ,  0.0,     ,  0.0, 0.0,   8.0,    3.0,   0.0,   0.0,     0.0,     2.0, -1.0   ,     0.0,        ,     0.0,        ,     0.0,     0.0
taglipe01, 1986,     1, WIN , NHL , D  ,  3.0,  0.0,   0.0,   0.0,  12.0, -4.0 ,  0.0,     ,  0.0,     ,  0.0, 0.0,   2.0,       ,      ,      ,        ,        ,        ,        ,        ,        ,        ,        ,      
taglipe01, 1987,     1, WIN , NHL , D  , 70.0,  6.0,  17.0,  23.0, 182.0, -13.0,  2.0, 10.0,  0.0,  1.0,  1.0, 0.0,  92.0,    5.0,   1.0,   1.0,     2.0,    12.0, -1.0   ,     0.0,     0.0,     0.0,     1.0,     0.0,     7.0
taglipe01, 1988,     1, WIN , NHL , D  , 66.0,  1.0,  14.0,  15.0, 226.0, -23.0,  1.0,  1.0,  0.0,  0.0,  0.0, 0.0,  72.0,       ,      ,      ,        ,        ,        ,        ,        ,        ,        ,        ,      
taglipe01, 1989,     1, WIN , NHL , D  , 49.0,  3.0,   6.0,   9.0, 136.0, 20.0 ,  0.0,  0.0,  0.0,  0.0,  1.0, 0.0,  57.0,    5.0,   0.0,   0.0,     0.0,     6.0, 4.0    ,     0.0,     0.0,     0.0,     0.0,     0.0,     6.0
taglipe01, 1990,     1, MNS , NHL , D  , 16.0,  0.0,   1.0,   1.0,  14.0, 0.0  ,  0.0,  0.0,  0.0,  0.0,  0.0, 0.0,  15.0,       ,      ,      ,        ,        ,        ,        ,        ,        ,        ,        ,      
taglipe01, 1990,     2, PIT , NHL , D  , 39.0,  3.0,   8.0,  11.0,  93.0, 16.0 ,  0.0,  0.0,  0.0,  0.0,  0.0, 0.0,  25.0,   19.0,   0.0,   3.0,     3.0,    49.0, 7.0    ,     0.0,     2.0,     0.0,     1.0,     0.0,    10.0
taglipe01, 1991,     1, PIT , NHL , D  , 44.0,  1.0,   3.0,   4.0,  57.0, 7.0  ,  0.0,  0.0,  0.0,  0.0,  0.0, 0.0,  23.0,       ,      ,      ,        ,        ,        ,        ,        ,        ,        ,        ,      
taglipe01, 1992,     1, TBL , NHL , D  , 61.0,  1.0,   8.0,   9.0, 150.0, 8.0  ,  0.0,  0.0,  0.0,  3.0,  0.0, 0.0,  60.0,       ,      ,      ,        ,        ,        ,        ,        ,        ,        ,        ,      
taglipe01, 1992,     2, PIT , NHL , D  , 11.0,  1.0,   4.0,   5.0,  34.0, 4.0  ,  0.0,  0.0,  0.0,  0.0,  0.0, 0.0,  18.0,   11.0,   1.0,   2.0,     3.0,    16.0, 2.0    ,     0.0,     0.0,     0.0,     0.0,     0.0,    10.0
taglipe01, 1993,     1, PIT , NHL , D  , 60.0,  2.0,  12.0,  14.0, 142.0, 5.0  ,  0.0,  0.0,  0.0,  0.0,  0.0, 0.0,  57.0,    5.0,   0.0,   2.0,     2.0,    16.0, 2.0    ,     0.0,     0.0,     0.0,     0.0,     0.0,     0.0
taglipe01, 1994,     1, PIT , NHL , D  , 13.0,  0.0,   1.0,   1.0,  12.0, 1.0  ,  0.0,  0.0,  0.0,  0.0,  0.0, 0.0,   5.0,    4.0,   0.0,   0.0,     0.0,     2.0, -3.0   ,     0.0,     0.0,     0.0,     0.0,     0.0,     3.0
taimito01, 1978,     1, FIN , WHA ,    ,  1.0,  0.0,   0.0,   0.0,   0.0,      ,  0.0,     ,  0.0,     ,  0.0,    ,      ,       ,      ,      ,        ,        ,        ,        ,        ,        ,        ,        ,      
tajcnru01, 1978,     1, EDO , WHA , D  ,  2.0,  0.0,   0.0,   0.0,   0.0, -4.0 ,  0.0,     ,  0.0,     ,     ,    ,   0.0,       ,      ,      ,        ,        ,        ,        ,        ,        ,        ,        ,      
takkoka01, 1985,     1, MNS , NHL , G  ,  1.0,  0.0,   0.0,   0.0,   0.0, 0.0  ,  0.0,     ,  0.0,     ,  0.0, 0.0,   0.0,       ,      ,      ,        ,        ,        ,        ,        ,        ,        ,        ,      
takkoka01, 1986,     1, MNS , NHL , G  , 38.0,  0.0,   0.0,   0.0,  14.0, 0.0  ,  0.0,     ,  0.0,     ,  0.0, 0.0,   0.0,       ,      ,      ,        ,        ,        ,        ,        ,        ,        ,        ,      
takkoka01, 1987,     1, MNS , NHL , G  , 37.0,  0.0,   0.0,   0.0,   8.0, 0.0  ,  0.0,  0.0,  0.0,  0.0,  0.0, 0.0,   0.0,       ,      ,      ,        ,        ,        ,        ,        ,        ,        ,        ,      
takkoka01, 1988,     1, MNS , NHL , G  , 32.0,  0.0,   0.0,   0.0,   6.0, 0.0  ,  0.0,  0.0,  0.0,  0.0,  0.0, 0.0,   0.0,    3.0,   0.0,   0.0,     0.0,     0.0, 0.0    ,     0.0,     0.0,     0.0,     0.0,     0.0,     0.0
takkoka01, 1989,     1, MNS , NHL , G  , 21.0,  0.0,   1.0,   1.0,   2.0, 0.0  ,  0.0,     ,  0.0,     ,  0.0, 0.0,   0.0,    1.0,   0.0,   0.0,     0.0,     0.0, 0.0    ,     0.0,     0.0,     0.0,     0.0,     0.0,     0.0
takkoka01, 1990,     1, MNS , NHL , G  ,  2.0,  0.0,   0.0,   0.0,   0.0, 0.0  ,  0.0,  0.0,  0.0,  0.0,  0.0, 0.0,   0.0,       ,      ,      ,        ,        ,        ,        ,        ,        ,        ,        ,      
takkoka01, 1990,     2, EDM , NHL , G  , 11.0,  0.0,   1.0,   1.0,   0.0, 0.0  ,  0.0,     ,  0.0,     ,  0.0, 0.0,   0.0,       ,      ,      ,        ,        ,        ,        ,        ,        ,        ,        ,      
talafde01, 1974,     1, ATF , NHL , R  , 18.0,  1.0,   4.0,   5.0,  13.0, -7.0 ,  0.0,     ,  0.0,     ,  0.0, 0.0,  22.0,       ,      ,      ,        ,        ,        ,        ,        ,        ,        ,        ,      
talafde01, 1974,     2, MNS , NHL , R  , 43.0,  8.0,  17.0,  25.0,   6.0, -17.0,  0.0,     ,  0.0,     ,  2.0, 0.0,  68.0,       ,      ,      ,        ,        ,        ,        ,        ,        ,        ,        ,      
talafde01, 1975,     1, MNS , NHL , R  , 79.0, 18.0,  30.0,  48.0,  18.0, -12.0,  4.0,     ,  1.0,     ,  2.0, 1.0, 137.0,       ,      ,      ,        ,        ,        ,        ,        ,        ,        ,        ,      
talafde01, 1976,     1, MNS , NHL , R  , 80.0, 22.0,  27.0,  49.0,  10.0, -29.0,  9.0,     ,  0.0,     ,  2.0, 1.0, 185.0,    2.0,   0.0,   0.0,     0.0,     0.0,        ,     0.0,        ,     0.0,        ,     0.0,      
talafde01, 1977,     1, MNS , NHL , R  , 75.0, 13.0,  16.0,  29.0,  25.0, -16.0,  2.0,     ,  0.0,     ,  2.0, 0.0,  80.0,       ,      ,      ,        ,        ,        ,        ,        ,        ,        ,        ,      
talafde01, 1978,     1, NYR , NHL , R  , 68.0, 13.0,  16.0,  29.0,  29.0, 5.0  ,  2.0,     ,  2.0,     ,  3.0, 2.0,  88.0,       ,      ,      ,        ,        ,        ,        ,        ,        ,        ,        ,      
talafde01, 1979,     1, NYR , NHL , R  , 55.0, 10.0,  20.0,  30.0,  26.0, 1.0  ,  4.0,     ,  0.0,     ,  0.0, 0.0,  69.0,    5.0,   1.0,   2.0,     3.0,     9.0,        ,     1.0,        ,     0.0,        ,     0.0,      
talafde01, 1980,     1, NYR , NHL , R  , 50.0, 13.0,  17.0,  30.0,  28.0, 2.0  ,  1.0,     ,  2.0,     ,  0.0, 0.0,  73.0,   14.0,   3.0,   5.0,     8.0,     2.0,        ,     0.0,        ,     0.0,        ,     0.0,      
talafde01, 1981,     1, NYR , NHL , R  , 29.0,  6.0,   7.0,  13.0,   8.0, -3.0 ,  1.0,     ,  0.0,     ,  2.0, 0.0,  33.0,       ,      ,      ,        ,        ,        ,        ,        ,        ,        ,        ,      
talakro01, 1986,     1, NYR , NHL , R  ,  3.0,  0.0,   0.0,   0.0,  21.0, 1.0  ,  0.0,     ,  0.0,     ,  0.0, 0.0,   1.0,       ,      ,      ,        ,        ,        ,        ,        ,        ,        ,        ,      
talakro01, 1987,     1, NYR , NHL , R  ,  6.0,  0.0,   1.0,   1.0,  12.0, 0.0  ,  0.0,  0.0,  0.0,  0.0,  0.0, 0.0,   6.0,       ,      ,      ,        ,        ,        ,        ,        ,        ,        ,        ,      
talboje01, 1954,     1, MTL , NHL , D  ,  3.0,  0.0,   1.0,   1.0,   0.0,      ,     ,     ,     ,     ,     ,    ,      ,       ,      ,      ,        ,        ,        ,        ,        ,        ,        ,        ,      
talboje01, 1955,     1, MTL , NHL , D  , 66.0,  1.0,  13.0,  14.0,  80.0,      ,     ,     ,     ,     ,     ,    ,      ,    9.0,   0.0,   2.0,     2.0,     4.0,        ,        ,        ,        ,        ,        ,      
talboje01, 1956,     1, MTL , NHL , D  , 59.0,  0.0,  13.0,  13.0,  70.0,      ,     ,     ,     ,     ,     ,    ,      ,   10.0,   0.0,   2.0,     2.0,    10.0,        ,        ,        ,        ,        ,        ,      
talboje01, 1957,     1, MTL , NHL , D  , 55.0,  4.0,  15.0,  19.0,  65.0,      ,     ,     ,     ,     ,     ,    ,      ,   10.0,   0.0,   3.0,     3.0,    12.0,        ,        ,        ,        ,        ,        ,      
talboje01, 1958,     1, MTL , NHL , D  , 69.0,  4.0,  17.0,  21.0,  77.0,      ,     ,     ,     ,     ,     ,    ,      ,   11.0,   0.0,   1.0,     1.0,    10.0,        ,        ,        ,        ,        ,        ,      
talboje01, 1959,     1, MTL , NHL , D  , 69.0,  1.0,  14.0,  15.0,  60.0,      ,     ,     ,     ,     ,     ,    ,      ,    8.0,   1.0,   1.0,     2.0,     8.0,        ,        ,        ,        ,        ,        ,      
talboje01, 1960,     1, MTL , NHL , D  , 70.0,  5.0,  26.0,  31.0, 143.0,      ,     ,     ,     ,     ,     ,    ,      ,    6.0,   1.0,   1.0,     2.0,    10.0,        ,        ,        ,        ,        ,     0.0,      
talboje01, 1961,     1, MTL , NHL , D  , 70.0,  5.0,  42.0,  47.0,  90.0,      ,     ,     ,     ,     ,     ,    ,      ,    6.0,   1.0,   1.0,     2.0,    10.0,        ,        ,        ,        ,        ,     0.0,      
talboje01, 1962,     1, MTL , NHL , D  , 70.0,  3.0,  22.0,  25.0,  51.0,      ,     ,     ,     ,     ,     ,    ,      ,    5.0,   0.0,   0.0,     0.0,     8.0,        ,        ,        ,        ,        ,     0.0,      
talboje01, 1963,     1, MTL , NHL , D  , 66.0,  1.0,  13.0,  14.0,  83.0,      ,  0.0,     ,  1.0,     ,  0.0, 0.0,      ,    7.0,   0.0,   2.0,     2.0,    10.0,        ,        ,        ,        ,        ,     0.0,      
talboje01, 1964,     1, MTL , NHL , D  , 67.0,  8.0,  14.0,  22.0,  64.0,      ,  0.0,     ,  1.0,     ,  3.0, 1.0,      ,   13.0,   0.0,   1.0,     1.0,    22.0,        ,        ,        ,        ,        ,     0.0,      
talboje01, 1965,     1, MTL , NHL , D  , 59.0,  1.0,  14.0,  15.0,  50.0,      ,  0.0,     ,  0.0,     ,  0.0, 0.0,      ,   10.0,   0.0,   2.0,     2.0,     8.0,        ,        ,        ,        ,        ,     0.0,      
talboje01, 1966,     1, MTL , NHL , D  , 68.0,  3.0,   5.0,   8.0,  51.0,      ,  0.0,     ,  2.0,     ,  1.0, 0.0,      ,   10.0,   0.0,   0.0,     0.0,     0.0,        ,        ,        ,        ,        ,     0.0,      
talboje01, 1967,     1, MNS , NHL , D  ,  4.0,  0.0,   0.0,   0.0,   4.0, -6.0 ,  0.0,     ,  0.0,     ,  0.0, 0.0,   7.0,       ,      ,      ,        ,        ,        ,        ,        ,        ,        ,        ,      
talboje01, 1967,     2, DET , NHL , D  , 32.0,  0.0,   3.0,   3.0,  10.0, 0.0  ,  0.0,     ,  0.0,     ,  0.0, 0.0,  11.0,       ,      ,      ,        ,        ,        ,        ,        ,        ,        ,        ,      
talboje01, 1967,     3, STL , NHL , D  , 23.0,  0.0,   4.0,   4.0,   2.0, 3.0  ,  0.0,     ,  0.0,     ,  0.0, 0.0,  29.0,   17.0,   0.0,   2.0,     2.0,     8.0,        ,     0.0,        ,     0.0,        ,     0.0,      
talboje01, 1968,     1, STL , NHL , D  , 69.0,  5.0,   4.0,   9.0,  24.0, 9.0  ,  0.0,     ,  0.0,     ,  1.0, 0.0,  67.0,   12.0,   0.0,   2.0,     2.0,     6.0,        ,     0.0,        ,     0.0,        ,     0.0,      
talboje01, 1969,     1, STL , NHL , D  , 75.0,  2.0,  15.0,  17.0,  40.0, 18.0 ,  0.0,     ,  1.0,     ,  0.0, 0.0,  60.0,   16.0,   1.0,   6.0,     7.0,    16.0,        ,     0.0,        ,     0.0,        ,     0.0,      
talboje01, 1970,     1, STL , NHL , D  ,  5.0,  0.0,   0.0,   0.0,   6.0, -3.0 ,  0.0,     ,  0.0,     ,  0.0, 0.0,   3.0,       ,      ,      ,        ,        ,        ,        ,        ,        ,        ,        ,      
talboje01, 1970,     2, BUF , NHL , D  , 57.0,  0.0,   7.0,   7.0,  36.0, -20.0,  0.0,     ,  0.0,     ,  0.0, 0.0,  41.0,       ,      ,      ,        ,        ,        ,        ,        ,        ,        ,        ,      
talboma01, 2005,     1, PIT , NHL , C  , 48.0,  5.0,   3.0,   8.0,  59.0, -12.0,  0.0,  0.0,  2.0,  0.0,  1.0,    ,  45.0,       ,      ,      ,        ,        ,        ,        ,        ,        ,        ,        ,      
talboma01, 2006,     1, PIT , NHL , C  , 75.0, 13.0,  11.0,  24.0,  53.0, -2.0 ,  0.0,  1.0,  4.0,  0.0,  4.0,    ,  88.0,    5.0,   0.0,   1.0,     1.0,     7.0, -2.0   ,     0.0,     0.0,     0.0,     0.0,     0.0,     5.0
talboma01, 2007,     1, PIT , NHL , C  , 63.0, 12.0,  14.0,  26.0,  53.0, 8.0  ,  0.0,  1.0,  2.0,  0.0,  1.0,    ,  80.0,   17.0,   3.0,   6.0,     9.0,    36.0, 4.0    ,     0.0,     0.0,     0.0,     0.0,     1.0,    16.0
talboma01, 2008,     1, PIT , NHL , C  , 75.0, 12.0,  10.0,  22.0,  63.0, -9.0 ,  0.0,  1.0,  2.0,  0.0,  1.0,    , 102.0,   24.0,   8.0,   5.0,    13.0,    19.0, 8.0    ,     0.0,     0.0,     0.0,     1.0,     2.0,    37.0
talboma01, 2009,     1, PIT , NHL , C  , 45.0,  2.0,   5.0,   7.0,  30.0, -9.0 ,  0.0,  0.0,  0.0,  0.0,  0.0,    ,  49.0,   13.0,   2.0,   4.0,     6.0,    11.0, 1.0    ,     0.0,     0.0,     1.0,     0.0,     1.0,    23.0
talbowi01, 1921,     1, EDE , WCHL, G  ,  7.0,  0.0,   0.0,   0.0,   0.0,      ,     ,     ,     ,     ,     ,    ,      ,       ,      ,      ,        ,        ,        ,        ,        ,        ,        ,        ,      
tallaba01, 2005,     1, NJD , NHL , R  , 10.0,  1.0,   1.0,   2.0,   2.0, -2.0 ,  0.0,  1.0,  0.0,  0.0,  0.0,    ,  11.0,       ,      ,      ,        ,        ,        ,        ,        ,        ,        ,        ,      
tallaba01, 2006,     1, NJD , NHL , R  ,  3.0,  0.0,   0.0,   0.0,   0.0, -1.0 ,  0.0,  0.0,  0.0,  0.0,  0.0,    ,   3.0,       ,      ,      ,        ,        ,        ,        ,        ,        ,        ,        ,      
tallaba01, 2007,     1, NJD , NHL , R  ,  3.0,  0.0,   0.0,   0.0,   0.0, 0.0  ,  0.0,  0.0,  0.0,  0.0,  0.0,    ,   0.0,       ,      ,      ,        ,        ,        ,        ,        ,        ,        ,        ,      
tallaba01, 2008,     1, NJD , NHL , R  ,  4.0,  0.0,   0.0,   0.0,   0.0, -1.0 ,  0.0,  0.0,  0.0,  0.0,  0.0,    ,   2.0,       ,      ,      ,        ,        ,        ,        ,        ,        ,        ,        ,      
tallaro01, 1995,     1, BOS , NHL , G  ,  1.0,  0.0,   0.0,   0.0,   0.0, 0.0  ,  0.0,  0.0,  0.0,  0.0,  0.0, 0.0,   0.0,       ,      ,      ,        ,        ,        ,        ,        ,        ,        ,        ,      
tallaro01, 1996,     1, BOS , NHL , G  , 28.0,  0.0,   0.0,   0.0,   0.0, 0.0  ,  0.0,  0.0,  0.0,  0.0,  0.0, 0.0,   0.0,       ,      ,      ,        ,        ,        ,        ,        ,        ,        ,        ,      
tallaro01, 1997,     1, BOS , NHL , G  , 14.0,  0.0,   0.0,   0.0,   0.0, 0.0  ,  0.0,  0.0,  0.0,  0.0,  0.0, 0.0,   0.0,       ,      ,      ,        ,        ,        ,        ,        ,        ,        ,        ,      
tallaro01, 1998,     1, BOS , NHL , G  , 17.0,  0.0,   0.0,   0.0,   0.0, 0.0  ,  0.0,  0.0,  0.0,  0.0,  0.0, 0.0,   0.0,       ,      ,      ,        ,        ,        ,        ,        ,        ,        ,        ,      
tallaro01, 1999,     1, BOS , NHL , G  , 27.0,  0.0,   0.0,   0.0,   6.0, 0.0  ,  0.0,  0.0,  0.0,  0.0,  0.0, 0.0,   0.0,       ,      ,      ,        ,        ,        ,        ,        ,        ,        ,        ,      
tallaro01, 2000,     1, CHI , NHL , G  , 12.0,  0.0,   0.0,   0.0,   0.0, 0.0  ,  0.0,  0.0,  0.0,  0.0,  0.0, 0.0,   0.0,       ,      ,      ,        ,        ,        ,        ,        ,        ,        ,        ,      
tallihe01, 2001,     1, BUF , NHL , D  ,  2.0,  0.0,   0.0,   0.0,   0.0, -1.0 ,  0.0,  0.0,  0.0,  0.0,  0.0, 0.0,   4.0,       ,      ,      ,        ,        ,        ,        ,        ,        ,        ,        ,      
tallihe01, 2002,     1, BUF , NHL , D  , 46.0,  3.0,  10.0,  13.0,  28.0, -3.0 ,  1.0,  4.0,  0.0,  1.0,  0.0, 0.0,  37.0,       ,      ,      ,        ,        ,        ,        ,        ,        ,        ,        ,      
tallihe01, 2003,     1, BUF , NHL , D  , 72.0,  1.0,   9.0,  10.0,  26.0, 5.0  ,  0.0,  0.0,  0.0,  0.0,  0.0, 0.0,  63.0,       ,      ,      ,        ,        ,        ,        ,        ,        ,        ,        ,      
tallihe01, 2005,     1, BUF , NHL , D  , 82.0,  6.0,  15.0,  21.0,  74.0, 10.0 ,  0.0,  1.0,  1.0,  3.0,  1.0,    ,  79.0,   14.0,   2.0,   6.0,     8.0,    16.0, 14.0   ,     0.0,     0.0,     0.0,     1.0,     0.0,    12.0
tallihe01, 2006,     1, BUF , NHL , D  , 47.0,  4.0,  10.0,  14.0,  34.0, 19.0 ,  0.0,  0.0,  0.0,  0.0,  0.0,    ,  34.0,   16.0,   0.0,   2.0,     2.0,    10.0, -4.0   ,     0.0,     0.0,     0.0,     0.0,     0.0,    12.0
tallihe01, 2007,     1, BUF , NHL , D  , 71.0,  1.0,  17.0,  18.0,  48.0, 5.0  ,  0.0,  1.0,  0.0,  2.0,  0.0,    ,  70.0,       ,      ,      ,        ,        ,        ,        ,        ,        ,        ,        ,      
tallihe01, 2008,     1, BUF , NHL , D  , 66.0,  1.0,  11.0,  12.0,  36.0, -2.0 ,  0.0,  1.0,  0.0,  0.0,  1.0,    ,  35.0,       ,      ,      ,        ,        ,        ,        ,        ,        ,        ,        ,      
tallihe01, 2009,     1, BUF , NHL , D  , 82.0,  4.0,  16.0,  20.0,  32.0, 13.0 ,  0.0,  0.0,  0.0,  1.0,  0.0,    ,  53.0,    6.0,   0.0,   2.0,     2.0,     2.0, 2.0    ,     0.0,     0.0,     0.0,     0.0,     0.0,     2.0
talloda01, 1970,     1, VAN , NHL , D  , 78.0, 14.0,  42.0,  56.0,  58.0, -25.0,  5.0,     ,  0.0,     ,  1.0, 0.0, 232.0,       ,      ,      ,        ,        ,        ,        ,        ,        ,        ,        ,      
talloda01, 1971,     1, VAN , NHL , D  , 69.0, 17.0,  27.0,  44.0,  78.0, -24.0, 11.0,     ,  0.0,     ,  1.0, 1.0, 240.0,       ,      ,      ,        ,        ,        ,        ,        ,        ,        ,        ,      
talloda01, 1972,     1, VAN , NHL , D  , 75.0, 13.0,  24.0,  37.0,  83.0, -30.0,  5.0,     ,  0.0,     ,  1.0, 0.0, 170.0,       ,      ,      ,        ,        ,        ,        ,        ,        ,        ,        ,      
talloda01, 1973,     1, CHI , NHL , C  , 65.0, 15.0,  19.0,  34.0,  36.0, 12.0 ,  3.0,     ,  0.0,     ,  3.0, 2.0,  98.0,   11.0,   1.0,   3.0,     4.0,    29.0,        ,     1.0,        ,     0.0,        ,     0.0,      
talloda01, 1974,     1, CHI , NHL , D  , 35.0,  5.0,  10.0,  15.0,  28.0, 4.0  ,  0.0,     ,  0.0,     ,  0.0, 1.0,  34.0,    8.0,   1.0,   3.0,     4.0,     4.0,        ,     0.0,        ,     0.0,        ,     0.0,      
talloda01, 1975,     1, CHI , NHL , D  , 80.0, 15.0,  47.0,  62.0, 101.0, -11.0,  7.0,     ,  1.0,     ,  5.0, 0.0, 161.0,    4.0,   0.0,   1.0,     1.0,     8.0,        ,     0.0,        ,     0.0,        ,     0.0,      
talloda01, 1976,     1, CHI , NHL , D  , 70.0,  5.0,  16.0,  21.0,  65.0, -21.0,  1.0,     ,  0.0,     ,  0.0, 0.0, 107.0,    2.0,   0.0,   1.0,     1.0,     0.0,        ,     0.0,        ,     0.0,        ,     0.0,      
talloda01, 1977,     1, CHI , NHL , D  , 75.0,  4.0,  20.0,  24.0,  66.0, 3.0  ,  2.0,     ,  1.0,     ,  2.0, 1.0,  93.0,    4.0,   0.0,   2.0,     2.0,     0.0,        ,     0.0,        ,     0.0,        ,     0.0,      
talloda01, 1978,     1, PIT , NHL , D  , 63.0,  5.0,  24.0,  29.0,  35.0, -15.0,  2.0,     ,  0.0,     ,  3.0, 0.0,  91.0,       ,      ,      ,        ,        ,        ,        ,        ,        ,        ,        ,      
talloda01, 1979,     1, PIT , NHL , D  , 32.0,  5.0,   9.0,  14.0,  18.0, -4.0 ,  4.0,     ,  0.0,     ,  1.0, 0.0,  46.0,    4.0,   0.0,   0.0,     0.0,     4.0,        ,     0.0,        ,     0.0,        ,     0.0,      
tambeje01, 2005,     1, LAK , NHL , L  ,  4.0,  0.0,   0.0,   0.0,   2.0, -1.0 ,  0.0,  0.0,  0.0,  0.0,  0.0,    ,   6.0,       ,      ,      ,        ,        ,        ,        ,        ,        ,        ,        ,      
tambeje01, 2005,     2, NYI , NHL , L  , 21.0,  1.0,   3.0,   4.0,   8.0, 2.0  ,  0.0,  0.0,  0.0,  0.0,  0.0,    ,  11.0,       ,      ,      ,        ,        ,        ,        ,        ,        ,        ,        ,      
tambeje01, 2006,     1, NYI , NHL , L  , 23.0,  2.0,   7.0,   9.0,   6.0, 6.0  ,  0.0,  0.0,  0.0,  0.0,  0.0,    ,  20.0,       ,      ,      ,        ,        ,        ,        ,        ,        ,        ,        ,      
tambeje01, 2007,     1, NYI , NHL , L  , 31.0,  1.0,   3.0,   4.0,   8.0, -9.0 ,  0.0,  0.0,  0.0,  0.0,  0.0,    ,  43.0,       ,      ,      ,        ,        ,        ,        ,        ,        ,        ,        ,      
tambeje01, 2008,     1, NYI , NHL , L  , 65.0,  7.0,   8.0,  15.0,  32.0, -20.0,  0.0,  0.0,  0.0,  0.0,  0.0,    ,  98.0,       ,      ,      ,        ,        ,        ,        ,        ,        ,        ,        ,      
tambeje01, 2009,     1, NYI , NHL , L  , 36.0,  7.0,   7.0,  14.0,  14.0, -8.0 ,  3.0,  3.0,  0.0,  0.0,  0.0,    ,  55.0,       ,      ,      ,        ,        ,        ,        ,        ,        ,        ,        ,      
tambest01, 1978,     1, NYI , NHL , C  ,  1.0,  0.0,   0.0,   0.0,   0.0, -1.0 ,  0.0,     ,  0.0,     ,  0.0, 0.0,   3.0,       ,      ,      ,        ,        ,        ,        ,        ,        ,        ,        ,      
tambest01, 1979,     1, NYI , NHL , C  , 45.0,  5.0,   8.0,  13.0,   4.0, -1.0 ,  0.0,     ,  0.0,     ,  0.0, 2.0,  63.0,       ,      ,      ,        ,        ,        ,        ,        ,        ,        ,        ,      
tambest01, 1980,     1, NYI , NHL , C  , 61.0, 19.0,  17.0,  36.0,  17.0, -12.0,  2.0,     ,  0.0,     ,  4.0, 1.0, 112.0,       ,      ,      ,        ,        ,        ,        ,        ,        ,        ,        ,      
tambest01, 1980,     2, COR , NHL , C  , 13.0,  6.0,  12.0,  18.0,   2.0, -1.0 ,  2.0,     ,  0.0,     ,  1.0, 0.0,  33.0,       ,      ,      ,        ,        ,        ,        ,        ,        ,        ,        ,      
tambest01, 1981,     1, COR , NHL , C  , 79.0, 29.0,  30.0,  59.0,  14.0, -33.0,  9.0,     ,  0.0,     ,  0.0, 1.0, 185.0,       ,      ,      ,        ,        ,        ,        ,        ,        ,        ,        ,      
tambest01, 1982,     1, NJD , NHL , C  , 73.0, 25.0,  18.0,  43.0,  14.0, -27.0,  6.0,     ,  1.0,     ,  4.0, 0.0, 153.0,       ,      ,      ,        ,        ,        ,        ,        ,        ,        ,        ,      
tambest01, 1983,     1, CAL , NHL , L  , 73.0, 15.0,  10.0,  25.0,  16.0, -8.0 ,  1.0,     ,  0.0,     ,  2.0, 1.0,  99.0,    2.0,   0.0,   1.0,     1.0,     0.0, 1.0    ,     0.0,        ,     0.0,        ,     0.0,     3.0
tambest01, 1984,     1, CAL , NHL , C  , 47.0, 19.0,  10.0,  29.0,   4.0, 8.0  ,  1.0,     ,  2.0,     ,  2.0, 0.0, 103.0,       ,      ,      ,        ,        ,        ,        ,        ,        ,        ,        ,      
tambest01, 1985,     1, VAN , NHL , C  , 48.0, 15.0,  15.0,  30.0,  12.0, -18.0,  6.0,     ,  0.0,     ,  2.0, 2.0,  89.0,       ,      ,      ,        ,        ,        ,        ,        ,        ,        ,        ,      
tambest01, 1986,     1, VAN , NHL , C  , 72.0, 16.0,  20.0,  36.0,  14.0, -22.0,  9.0,     ,  0.0,     ,  0.0, 0.0, 162.0,       ,      ,      ,        ,        ,        ,        ,        ,        ,        ,        ,      
tambest01, 1987,     1, VAN , NHL , L  , 41.0, 11.0,  10.0,  21.0,   8.0, -17.0,  3.0,  5.0,  1.0,  0.0,  1.0, 0.0,  91.0,       ,      ,      ,        ,        ,        ,        ,        ,        ,        ,        ,      
tamerch01, 1993,     1, PIT , NHL , D  , 12.0,  0.0,   0.0,   0.0,   9.0, 3.0  ,  0.0,  0.0,  0.0,  0.0,  0.0, 0.0,  10.0,    5.0,   0.0,   0.0,     0.0,     2.0, 1.0    ,     0.0,     0.0,     0.0,     0.0,     0.0,     2.0
tamerch01, 1994,     1, PIT , NHL , D  , 36.0,  2.0,   0.0,   2.0,  82.0, 0.0  ,  0.0,  0.0,  0.0,  0.0,  0.0, 0.0,  26.0,    4.0,   0.0,   0.0,     0.0,    18.0, -4.0   ,     0.0,     0.0,     0.0,     0.0,     0.0,     0.0
tamerch01, 1995,     1, PIT , NHL , D  , 70.0,  4.0,  10.0,  14.0, 153.0, 20.0 ,  0.0,  1.0,  0.0,  1.0,  1.0, 0.0,  75.0,   18.0,   0.0,   7.0,     7.0,    24.0, 0.0    ,     0.0,     0.0,     0.0,     1.0,     0.0,    23.0
tamerch01, 1996,     1, PIT , NHL , D  , 45.0,  2.0,   4.0,   6.0, 131.0, -25.0,  0.0,  0.0,  1.0,  0.0,  0.0, 0.0,  56.0,    4.0,   0.0,   0.0,     0.0,     4.0, -1.0   ,     0.0,     0.0,     0.0,     0.0,     0.0,     3.0
tamerch01, 1997,     1, PIT , NHL , D  , 79.0,  0.0,   7.0,   7.0, 181.0, 4.0  ,  0.0,  1.0,  0.0,  0.0,  0.0, 0.0,  55.0,    6.0,   0.0,   1.0,     1.0,     4.0, -1.0   ,     0.0,     0.0,     0.0,     1.0,     0.0,     2.0
tamerch01, 1998,     1, PIT , NHL , D  , 11.0,  0.0,   0.0,   0.0,  32.0, -2.0 ,  0.0,  0.0,  0.0,  0.0,  0.0, 0.0,   2.0,       ,      ,      ,        ,        ,        ,        ,        ,        ,        ,        ,      
tamerch01, 1998,     2, NYR , NHL , D  , 52.0,  1.0,   5.0,   6.0,  92.0, -12.0,  0.0,  0.0,  0.0,  0.0,  1.0, 0.0,  46.0,       ,      ,      ,        ,        ,        ,        ,        ,        ,        ,        ,      
tamerch01, 1999,     1, ATL , NHL , D  , 69.0,  2.0,   8.0,  10.0,  91.0, -32.0,  0.0,  1.0,  0.0,  1.0,  0.0, 0.0,  61.0,       ,      ,      ,        ,        ,        ,        ,        ,        ,        ,        ,      
tamerch01, 2000,     1, ATL , NHL , D  , 82.0,  4.0,  13.0,  17.0, 128.0, -1.0 ,  0.0,  0.0,  1.0,  0.0,  1.0, 0.0,  90.0,       ,      ,      ,        ,        ,        ,        ,        ,        ,        ,        ,      
tamerch01, 2001,     1, ATL , NHL , D  , 78.0,  3.0,   3.0,   6.0, 111.0, -11.0,  0.0,  0.0,  1.0,  0.0,  0.0, 0.0,  66.0,       ,      ,      ,        ,        ,        ,        ,        ,        ,        ,        ,      
tamerch01, 2002,     1, ATL , NHL , D  , 72.0,  1.0,   9.0,  10.0, 118.0, -10.0,  0.0,  0.0,  0.0,  0.0,  0.0, 0.0,  53.0,       ,      ,      ,        ,        ,        ,        ,        ,        ,        ,        ,      
tamerch01, 2003,     1, ATL , NHL , D  , 38.0,  2.0,   5.0,   7.0,  55.0, -9.0 ,  0.0,  0.0,  0.0,  0.0,  1.0, 0.0,  40.0,       ,      ,      ,        ,        ,        ,        ,        ,        ,        ,        ,      
tammiju01, 1975,     1, CLC , WHA , R  , 65.0,  7.0,  14.0,  21.0,   0.0, -8.0 ,  2.0,     ,  0.0,     ,  0.0,    , 101.0,    1.0,   0.0,   0.0,     0.0,     0.0, 0.0    ,        ,        ,        ,        ,     0.0,      
tammiju01, 1976,     1, PHR , WHA , R  , 65.0, 10.0,  29.0,  39.0,  22.0, -23.0,  2.0,     ,  0.0,     ,     ,    , 131.0,       ,      ,      ,        ,        ,        ,        ,        ,        ,        ,        ,      
tanabda01, 1999,     1, CAR , NHL , D  , 31.0,  4.0,   0.0,   4.0,  14.0, -4.0 ,  3.0,  0.0,  0.0,  0.0,  0.0, 0.0,  28.0,       ,      ,      ,        ,        ,        ,        ,        ,        ,        ,        ,      
tanabda01, 2000,     1, CAR , NHL , D  , 74.0,  7.0,  22.0,  29.0,  42.0, -9.0 ,  5.0, 11.0,  0.0,  0.0,  1.0, 0.0, 130.0,    6.0,   2.0,   0.0,     2.0,    12.0, -4.0   ,     2.0,     0.0,     0.0,     0.0,     0.0,    10.0
tanabda01, 2001,     1, CAR , NHL , D  , 78.0,  1.0,  15.0,  16.0,  35.0, -13.0,  0.0,  5.0,  0.0,  0.0,  0.0, 0.0, 113.0,    1.0,   0.0,   1.0,     1.0,     0.0, 0.0    ,     0.0,     1.0,     0.0,     0.0,     0.0,     3.0
tanabda01, 2002,     1, CAR , NHL , D  , 68.0,  3.0,  10.0,  13.0,  24.0, -27.0,  2.0,  6.0,  0.0,  0.0,  0.0, 0.0, 104.0,       ,      ,      ,        ,        ,        ,        ,        ,        ,        ,        ,      
tanabda01, 2003,     1, PHO , NHL , D  , 45.0,  5.0,   7.0,  12.0,  22.0, 4.0  ,  2.0,  4.0,  0.0,  0.0,  2.0, 0.0,  88.0,       ,      ,      ,        ,        ,        ,        ,        ,        ,        ,        ,      
tanabda01, 2005,     1, PHO , NHL , D  , 21.0,  0.0,   4.0,   4.0,   8.0, -5.0 ,  0.0,  2.0,  0.0,  0.0,  0.0,    ,  21.0,       ,      ,      ,        ,        ,        ,        ,        ,        ,        ,        ,      
tanabda01, 2005,     2, BOS , NHL , D  , 54.0,  4.0,  12.0,  16.0,  48.0, 0.0  ,  0.0,  5.0,  0.0,  0.0,  1.0,    ,  82.0,       ,      ,      ,        ,        ,        ,        ,        ,        ,        ,        ,      
tanabda01, 2006,     1, CAR , NHL , D  , 60.0,  5.0,  12.0,  17.0,  44.0, 5.0  ,  2.0,  4.0,  0.0,  0.0,  0.0,    ,  83.0,       ,      ,      ,        ,        ,        ,        ,        ,        ,        ,        ,      
tanabda01, 2007,     1, CAR , NHL , D  , 18.0,  1.0,   2.0,   3.0,   8.0, 2.0  ,  0.0,  0.0,  0.0,  0.0,  0.0,    ,  12.0,       ,      ,      ,        ,        ,        ,        ,        ,        ,        ,        ,      
tancich01, 1990,     1, HAR , NHL , C  ,  9.0,  1.0,   1.0,   2.0,   4.0, 2.0  ,  0.0,  0.0,  1.0,  0.0,  0.0, 0.0,   6.0,       ,      ,      ,        ,        ,        ,        ,        ,        ,        ,        ,      
tancich01, 1991,     1, HAR , NHL , C  , 10.0,  0.0,   0.0,   0.0,   2.0, -6.0 ,  0.0,  0.0,  0.0,  0.0,  0.0, 0.0,  13.0,       ,      ,      ,        ,        ,        ,        ,        ,        ,        ,        ,      
tancich01, 1991,     2, DET , NHL , C  ,  1.0,  0.0,   0.0,   0.0,   0.0, 0.0  ,  0.0,  0.0,  0.0,  0.0,  0.0, 0.0,   0.0,       ,      ,      ,        ,        ,        ,        ,        ,        ,        ,        ,      
tancich01, 1992,     1, DET , NHL , C  ,  4.0,  1.0,   0.0,   1.0,   2.0, -2.0 ,  0.0,  0.0,  0.0,  0.0,  0.0, 0.0,   3.0,       ,      ,      ,        ,        ,        ,        ,        ,        ,        ,        ,      
tancich01, 1993,     1, DAL , NHL , C  , 12.0,  1.0,   3.0,   4.0,   8.0, -7.0 ,  0.0,  1.0,  0.0,  0.0,  0.0, 0.0,  18.0,       ,      ,      ,        ,        ,        ,        ,        ,        ,        ,        ,      
tancich01, 1994,     1, SJS , NHL , L  , 26.0,  3.0,  11.0,  14.0,  10.0, 1.0  ,  0.0,  0.0,  1.0,  0.0,  0.0, 0.0,  39.0,   11.0,   1.0,   1.0,     2.0,     8.0, -7.0   ,     0.0,     0.0,     0.0,     0.0,     0.0,    16.0
tancich01, 1995,     1, SJS , NHL , L  , 45.0,  7.0,  16.0,  23.0,  20.0, -12.0,  0.0,  2.0,  1.0,  1.0,  0.0, 0.0,  93.0,       ,      ,      ,        ,        ,        ,        ,        ,        ,        ,        ,      
tancich01, 1996,     1, SJS , NHL , L  , 25.0,  4.0,   0.0,   4.0,   8.0, -5.0 ,  1.0,  0.0,  0.0,  0.0,  0.0, 0.0,  20.0,       ,      ,      ,        ,        ,        ,        ,        ,        ,        ,        ,      
tancich01, 1997,     1, DAL , NHL , R  ,  2.0,  0.0,   1.0,   1.0,   0.0, -1.0 ,  0.0,  0.0,  0.0,  0.0,  0.0, 0.0,   1.0,       ,      ,      ,        ,        ,        ,        ,        ,        ,        ,        ,      
tangrer01, 2009,     1, PIT , NHL , L  ,  1.0,  0.0,   0.0,   0.0,   0.0, 0.0  ,  0.0,  0.0,  0.0,  0.0,  0.0,    ,   3.0,       ,      ,      ,        ,        ,        ,        ,        ,        ,        ,        ,      
tangual01, 1999,     1, COL , NHL , C  , 76.0, 17.0,  34.0,  51.0,  22.0, 6.0  ,  5.0,  5.0,  0.0,  0.0,  3.0, 1.0,  74.0,   17.0,   2.0,   1.0,     3.0,     2.0, -2.0   ,     1.0,     1.0,     0.0,     0.0,     1.0,    13.0
tangual01, 2000,     1, COL , NHL , L  , 82.0, 27.0,  50.0,  77.0,  37.0, 35.0 ,  7.0, 11.0,  1.0,  0.0,  3.0, 0.0, 135.0,   23.0,   6.0,  15.0,    21.0,     8.0, 13.0   ,     1.0,     5.0,     0.0,     0.0,     2.0,    37.0
tangual01, 2001,     1, COL , NHL , L  , 70.0, 13.0,  35.0,  48.0,  36.0, 8.0  ,  7.0, 12.0,  0.0,  0.0,  2.0, 0.0,  90.0,   19.0,   5.0,   8.0,    13.0,     0.0, -8.0   ,     3.0,     1.0,     0.0,     0.0,     0.0,    20.0
tangual01, 2002,     1, COL , NHL , L  , 82.0, 26.0,  41.0,  67.0,  36.0, 34.0 ,  3.0, 12.0,  0.0,  0.0,  5.0, 2.0, 142.0,    7.0,   1.0,   2.0,     3.0,     4.0, -2.0   ,     0.0,     1.0,     0.0,     0.0,     1.0,    10.0
tangual01, 2003,     1, COL , NHL , L  , 69.0, 25.0,  54.0,  79.0,  42.0, 30.0 ,  7.0, 18.0,  0.0,  1.0,  5.0, 0.0, 117.0,    8.0,   2.0,   2.0,     4.0,     2.0, 1.0    ,     1.0,     1.0,     0.0,     0.0,     1.0,     6.0
tangual01, 2005,     1, COL , NHL , L  , 71.0, 29.0,  49.0,  78.0,  46.0, 8.0  ,  8.0, 21.0,  0.0,  0.0,  4.0,    , 125.0,    9.0,   2.0,   4.0,     6.0,    12.0, 1.0    ,     0.0,     1.0,     0.0,     0.0,     1.0,    20.0
tangual01, 2006,     1, CAL , NHL , L  , 81.0, 22.0,  59.0,  81.0,  44.0, 12.0 ,  5.0, 16.0,  0.0,  0.0,  0.0,    , 107.0,    6.0,   1.0,   3.0,     4.0,     8.0, -2.0   ,     1.0,     3.0,     0.0,     0.0,     0.0,     9.0
tangual01, 2007,     1, CAL , NHL , L  , 78.0, 18.0,  40.0,  58.0,  48.0, 11.0 ,  3.0, 12.0,  2.0,  1.0,  3.0,    , 121.0,    7.0,   0.0,   4.0,     4.0,     4.0, -1.0   ,     0.0,     1.0,     0.0,     0.0,     0.0,     6.0
tangual01, 2008,     1, MTL , NHL , L  , 50.0, 16.0,  25.0,  41.0,  34.0, 13.0 ,  5.0, 11.0,  0.0,  0.0,  3.0,    ,  76.0,    2.0,   0.0,   1.0,     1.0,     2.0, 2.0    ,     0.0,     0.0,     0.0,     0.0,     0.0,     4.0
tangual01, 2009,     1, TBL , NHL , L  , 80.0, 10.0,  27.0,  37.0,  32.0, -2.0 ,  3.0,  4.0,  0.0,  0.0,  2.0,    ,  91.0,       ,      ,      ,        ,        ,        ,        ,        ,        ,        ,        ,      
tanguch01, 1981,     1, QUE , NHL , R  ,  2.0,  0.0,   0.0,   0.0,   0.0, 0.0  ,  0.0,     ,  0.0,     ,  0.0, 0.0,   0.0,       ,      ,      ,        ,        ,        ,        ,        ,        ,        ,        ,      
tannado01, 1972,     1, VAN , NHL , L  , 78.0, 22.0,  21.0,  43.0,  21.0, -29.0,  2.0,     ,  1.0,     ,  3.0, 1.0, 186.0,       ,      ,      ,        ,        ,        ,        ,        ,        ,        ,        ,      
tannado01, 1973,     1, VAN , NHL , L  , 33.0,  8.0,  12.0,  20.0,   4.0, 1.0  ,  0.0,     ,  0.0,     ,  1.0, 1.0,  43.0,       ,      ,      ,        ,        ,        ,        ,        ,        ,        ,        ,      
tannado01, 1974,     1, MFS , WHA , D  , 72.0, 23.0,  30.0,  53.0,  20.0, 13.0 ,  2.0,     ,  4.0,     ,  4.0,    , 141.0,   10.0,   2.0,   4.0,     6.0,     0.0,        ,        ,        ,        ,        ,     0.0,      
tannado01, 1975,     1, CAC , WHA , D  , 78.0, 25.0,  24.0,  49.0,  10.0, 6.0  ,  1.0,     ,  5.0,     ,  5.0,    , 174.0,   10.0,   2.0,   5.0,     7.0,     8.0, -2.0   ,        ,        ,        ,        ,        ,      
tannado01, 1976,     1, CAC , WHA , D  , 72.0, 10.0,  22.0,  32.0,   4.0, -9.0 ,  0.0,     ,  4.0,     ,     ,    , 129.0,       ,      ,      ,        ,        ,        ,        ,        ,        ,        ,        ,      
tannejo01, 1989,     1, QUE , NHL , G  ,  1.0,  0.0,   0.0,   0.0,   0.0, 0.0  ,  0.0,  0.0,  0.0,  0.0,  0.0, 0.0,   0.0,       ,      ,      ,        ,        ,        ,        ,        ,        ,        ,        ,      
tannejo01, 1990,     1, QUE , NHL , G  ,  6.0,  0.0,   0.0,   0.0,   2.0, 0.0  ,  0.0,  0.0,  0.0,  0.0,  0.0, 0.0,   0.0,       ,      ,      ,        ,        ,        ,        ,        ,        ,        ,        ,      
tannejo01, 1991,     1, QUE , NHL , G  , 14.0,  0.0,   0.0,   0.0,   4.0, 0.0  ,  0.0,  0.0,  0.0,  0.0,  0.0, 0.0,   0.0,       ,      ,      ,        ,        ,        ,        ,        ,        ,        ,        ,      
tantito01, 1981,     1, CHI , NHL , R  ,  2.0,  0.0,   0.0,   0.0,   0.0, 0.0  ,  0.0,     ,  0.0,     ,  0.0, 0.0,   0.0,       ,      ,      ,        ,        ,        ,        ,        ,        ,        ,        ,      
tantito01, 1982,     1, CHI , NHL , R  ,  1.0,  1.0,   0.0,   1.0,   0.0, 0.0  ,  0.0,     ,  0.0,     ,  0.0, 0.0,   5.0,       ,      ,      ,        ,        ,        ,        ,        ,        ,        ,        ,      
tantito01, 1982,     2, VAN , NHL , R  , 39.0,  8.0,   8.0,  16.0,  16.0, -9.0 ,  4.0,     ,  0.0,     ,  0.0, 0.0,  81.0,    4.0,   0.0,   1.0,     1.0,     0.0,        ,     0.0,        ,     0.0,        ,     0.0,      
tantito01, 1983,     1, VAN , NHL , R  , 79.0, 45.0,  41.0,  86.0,  50.0, -12.0, 19.0,     ,  1.0,     ,  6.0, 0.0, 247.0,    4.0,   1.0,   2.0,     3.0,     0.0, -2.0   ,     0.0,        ,     0.0,        ,     0.0,    12.0
tantito01, 1984,     1, VAN , NHL , R  , 68.0, 39.0,  20.0,  59.0,  45.0, -21.0, 14.0,     ,  0.0,     ,  4.0, 1.0, 212.0,       ,      ,      ,        ,        ,        ,        ,        ,        ,        ,        ,      
tantito01, 1985,     1, VAN , NHL , R  , 77.0, 39.0,  33.0,  72.0,  85.0, -8.0 , 17.0,     ,  0.0,     ,  5.0, 0.0, 213.0,    3.0,   0.0,   1.0,     1.0,    11.0, -4.0   ,     0.0,        ,     0.0,        ,     0.0,    13.0
tantito01, 1986,     1, VAN , NHL , R  , 77.0, 41.0,  38.0,  79.0,  84.0, 5.0  , 15.0,     ,  0.0,     ,  7.0, 0.0, 242.0,       ,      ,      ,        ,        ,        ,        ,        ,        ,        ,        ,      
tantito01, 1987,     1, VAN , NHL , R  , 73.0, 40.0,  37.0,  77.0,  90.0, -1.0 , 20.0, 12.0,  0.0,  0.0,  4.0, 0.0, 202.0,       ,      ,      ,        ,        ,        ,        ,        ,        ,        ,        ,      
tantito01, 1988,     1, VAN , NHL , L  , 77.0, 24.0,  25.0,  49.0,  69.0, -10.0,  8.0, 11.0,  0.0,  0.0,  3.0, 1.0, 211.0,    7.0,   0.0,   5.0,     5.0,     4.0, -2.0   ,     0.0,     3.0,     0.0,     0.0,     0.0,    16.0
tantito01, 1989,     1, VAN , NHL , R  , 41.0, 14.0,  18.0,  32.0,  50.0, 1.0  ,  5.0,     ,  0.0,  0.0,  0.0, 1.0, 103.0,       ,      ,      ,        ,        ,        ,        ,        ,        ,        ,        ,      
tantito01, 1989,     2, PIT , NHL , R  , 37.0, 14.0,  18.0,  32.0,  22.0, -11.0,  7.0,     ,  0.0,  0.0,  0.0, 0.0,  89.0,       ,      ,      ,        ,        ,        ,        ,        ,        ,        ,        ,      
tantito01, 1990,     1, PIT , NHL , R  , 46.0,  6.0,  12.0,  18.0,  44.0, 1.0  ,  3.0,     ,  0.0,  0.0,  0.0, 0.0,  74.0,       ,      ,      ,        ,        ,        ,        ,        ,        ,        ,        ,      
tantito01, 1990,     2, BUF , NHL , R  , 10.0,  1.0,   7.0,   8.0,   6.0, 2.0  ,  0.0,     ,  0.0,  0.0,  0.0, 0.0,  19.0,    5.0,   2.0,   0.0,     2.0,     8.0, -3.0   ,     1.0,     0.0,     0.0,     0.0,     0.0,     8.0
tantito01, 1991,     1, BUF , NHL , R  , 70.0, 15.0,  16.0,  31.0, 100.0, -4.0 ,  6.0,  6.0,  1.0,  0.0,  0.0, 1.0, 133.0,    7.0,   0.0,   3.0,     3.0,     4.0, 2.0    ,     0.0,     1.0,     0.0,     1.0,     0.0,     8.0
tappebr01, 2000,     1, ATL , NHL , R  , 16.0,  2.0,   3.0,   5.0,   6.0, 1.0  ,  0.0,  0.0,  0.0,  0.0,  0.0, 0.0,  21.0,       ,      ,      ,        ,        ,        ,        ,        ,        ,        ,        ,      
tappebr01, 2001,     1, ATL , NHL , R  , 20.0,  2.0,   4.0,   6.0,  43.0, -3.0 ,  0.0,  1.0,  0.0,  0.0,  0.0, 0.0,  34.0,       ,      ,      ,        ,        ,        ,        ,        ,        ,        ,        ,      
tappebr01, 2002,     1, ATL , NHL , R  , 35.0, 10.0,   4.0,  14.0,  23.0, 2.0  ,  1.0,  0.0,  0.0,  0.0,  3.0, 1.0,  68.0,       ,      ,      ,        ,        ,        ,        ,        ,        ,        ,        ,      
taranmi01, 1977,     1, CZE , WHA , L  ,  6.0,  1.0,   1.0,   2.0,   2.0,      ,  0.0,     ,  0.0,     ,  0.0,    ,      ,       ,      ,      ,        ,        ,        ,        ,        ,        ,        ,        ,      
tardima01, 1969,     1, MTL , NHL , L  , 18.0,  3.0,   2.0,   5.0,  27.0, 0.0  ,  1.0,     ,  0.0,     ,  0.0, 1.0,  25.0,       ,      ,      ,        ,        ,        ,        ,        ,        ,        ,        ,      
tardima01, 1970,     1, MTL , NHL , L  , 76.0, 19.0,  30.0,  49.0, 133.0, 25.0 ,  4.0,     ,  0.0,     ,  2.0, 3.0, 144.0,   20.0,   3.0,   1.0,     4.0,    40.0,        ,     0.0,        ,     0.0,        ,     0.0,      
tardima01, 1971,     1, MTL , NHL , L  , 75.0, 31.0,  22.0,  53.0,  81.0, 15.0 ,  9.0,     ,  0.0,     ,  4.0, 2.0, 203.0,    6.0,   2.0,   3.0,     5.0,     9.0,        ,     0.0,        ,     0.0,        ,     1.0,      
tardima01, 1972,     1, MTL , NHL , L  , 76.0, 25.0,  25.0,  50.0,  48.0, 18.0 ,  3.0,     ,  0.0,     ,  4.0, 1.0, 152.0,   14.0,   6.0,   6.0,    12.0,     6.0,        ,     2.0,        ,     0.0,        ,     2.0,      
tardima01, 1973,     1, LAS , WHA , L  , 75.0, 40.0,  30.0,  70.0,  47.0,      , 10.0,     ,  0.0,     ,  3.0,    ,      ,       ,      ,      ,        ,        ,        ,        ,        ,        ,        ,        ,      
tardima01, 1974,     1, MIB , WHA , L  , 23.0, 12.0,   5.0,  17.0,   9.0, -1.0 ,  2.0,     ,  0.0,     ,     ,    ,  79.0,       ,      ,      ,        ,        ,        ,        ,        ,        ,        ,        ,      
tardima01, 1974,     2, QUN , WHA , L  , 53.0, 38.0,  34.0,  72.0,  70.0, 13.0 ,  9.0,     ,  0.0,     ,     ,    , 207.0,   15.0,  10.0,  11.0,    21.0,    10.0,        ,        ,        ,        ,        ,     2.0,      
tardima01, 1975,     1, QUN , WHA , L  , 81.0, 71.0,  77.0, 148.0,  79.0, 35.0 , 21.0,     ,  1.0,     , 10.0,    , 359.0,    2.0,   1.0,   0.0,     1.0,     2.0, 0.0    ,        ,        ,        ,        ,        ,      
tardima01, 1976,     1, QUN , WHA , L  , 62.0, 49.0,  60.0, 109.0,  65.0, 29.0 , 10.0,     ,  0.0,     ,  6.0,    , 220.0,   12.0,   4.0,  10.0,    14.0,     8.0, 5.0    ,        ,        ,        ,        ,     1.0,      
tardima01, 1977,     1, QUN , WHA , L  , 78.0, 65.0,  89.0, 154.0,  50.0, 15.0 , 16.0,     ,  1.0,     ,     ,    , 375.0,   11.0,   6.0,   9.0,    15.0,    11.0, -2.0   ,        ,        ,        ,        ,     2.0,      
tardima01, 1978,     1, QUN , WHA , L  , 74.0, 41.0,  55.0,  96.0,  98.0, 25.0 , 12.0,     ,  0.0,     ,     ,    , 255.0,    4.0,   6.0,   2.0,     8.0,     4.0, 1.0    ,        ,        ,        ,        ,     0.0,      
tardima01, 1979,     1, QUE , NHL , L  , 58.0, 33.0,  35.0,  68.0,  30.0, -13.0,  9.0,     ,  0.0,     ,  4.0, 2.0, 229.0,       ,      ,      ,        ,        ,        ,        ,        ,        ,        ,        ,      
tardima01, 1980,     1, QUE , NHL , L  , 63.0, 23.0,  31.0,  54.0,  35.0, -4.0 , 11.0,     ,  0.0,     ,  3.0, 1.0, 144.0,    5.0,   1.0,   3.0,     4.0,     2.0,        ,     0.0,        ,     0.0,        ,     0.0,      
tardima01, 1981,     1, QUE , NHL , C  , 75.0, 39.0,  31.0,  70.0,  55.0, -15.0, 14.0,     ,  0.0,     ,  3.0, 2.0, 166.0,   13.0,   1.0,   2.0,     3.0,    16.0,        ,     0.0,        ,     0.0,        ,     0.0,      
tardima01, 1982,     1, QUE , NHL , L  , 76.0, 21.0,  31.0,  52.0,  34.0, 0.0  ,  4.0,     ,  0.0,     ,  3.0, 1.0, 116.0,    4.0,   0.0,   0.0,     0.0,     2.0,        ,     0.0,        ,     0.0,        ,     0.0,      
tardipa01, 1994,     1, STL , NHL , R  , 27.0,  3.0,  10.0,  13.0,  29.0, 4.0  ,  1.0,  2.0,  0.0,  0.0,  0.0, 0.0,  46.0,       ,      ,      ,        ,        ,        ,        ,        ,        ,        ,        ,      
tardipa01, 1995,     1, STL , NHL , C  , 23.0,  3.0,   0.0,   3.0,  12.0, -2.0 ,  0.0,  0.0,  0.0,  0.0,  1.0, 0.0,  21.0,       ,      ,      ,        ,        ,        ,        ,        ,        ,        ,        ,      
tardipa01, 1995,     2, LAK , NHL , C  , 15.0,  1.0,   1.0,   2.0,  37.0, -9.0 ,  1.0,  0.0,  0.0,  0.0,  0.0, 0.0,  29.0,       ,      ,      ,        ,        ,        ,        ,        ,        ,        ,        ,      
tarnani01, 2005,     1, TBL , NHL , C  , 12.0,  0.0,   1.0,   1.0,   4.0, -3.0 ,  0.0,  0.0,  0.0,  0.0,  0.0,    ,   9.0,       ,      ,      ,        ,        ,        ,        ,        ,        ,        ,        ,      
tarnani01, 2006,     1, TBL , NHL , C  , 77.0,  5.0,   4.0,   9.0,  80.0, -6.0 ,  0.0,  0.0,  0.0,  0.0,  1.0,    ,  41.0,    6.0,   0.0,   0.0,     0.0,    10.0, -1.0   ,     0.0,     0.0,     0.0,     0.0,     0.0,     3.0
tarnani01, 2007,     1, TBL , NHL , C  , 80.0,  6.0,   4.0,  10.0,  78.0, -15.0,  1.0,  0.0,  0.0,  0.0,  1.0,    ,  91.0,       ,      ,      ,        ,        ,        ,        ,        ,        ,        ,        ,      
tarnani01, 2008,     1, NAS , NHL , L  , 11.0,  0.0,   1.0,   1.0,  17.0, 1.0  ,  0.0,  0.0,  0.0,  0.0,  0.0,    ,   6.0,       ,      ,      ,        ,        ,        ,        ,        ,        ,        ,        ,      
tarnani01, 2008,     2, FLO , NHL , L  , 34.0,  1.0,   5.0,   6.0,  33.0, -2.0 ,  0.0,  0.0,  0.0,  0.0,  0.0,    ,  32.0,       ,      ,      ,        ,        ,        ,        ,        ,        ,        ,        ,      
tarnani01, 2009,     1, FLO , NHL , C  , 31.0,  1.0,   2.0,   3.0,  85.0, -5.0 ,  0.0,  0.0,  0.0,  0.0,  0.0,    ,  19.0,       ,      ,      ,        ,        ,        ,        ,        ,        ,        ,        ,      
tarnsdi01, 2001,     1, NYI , NHL , D  , 62.0,  3.0,  16.0,  19.0,  38.0, -12.0,  0.0,  5.0,  0.0,  1.0,  0.0, 1.0,  59.0,    5.0,   0.0,   0.0,     0.0,     2.0, -2.0   ,     0.0,     0.0,     0.0,     0.0,     0.0,     2.0
tarnsdi01, 2002,     1, PIT , NHL , D  , 61.0,  7.0,  34.0,  41.0,  50.0, -11.0,  3.0, 22.0,  0.0,  0.0,  0.0, 0.0, 115.0,       ,      ,      ,        ,        ,        ,        ,        ,        ,        ,        ,      
tarnsdi01, 2003,     1, PIT , NHL , D  , 80.0, 16.0,  36.0,  52.0,  38.0, -37.0, 12.0, 26.0,  0.0,  0.0,  0.0, 0.0, 158.0,       ,      ,      ,        ,        ,        ,        ,        ,        ,        ,        ,      
tarnsdi01, 2005,     1, PIT , NHL , D  , 33.0,  5.0,   5.0,  10.0,  52.0, -10.0,  4.0,  3.0,  0.0,  0.0,  0.0,    ,  40.0,       ,      ,      ,        ,        ,        ,        ,        ,        ,        ,        ,      
tarnsdi01, 2005,     2, EDM , NHL , D  , 22.0,  1.0,   3.0,   4.0,  24.0, -5.0 ,  0.0,  0.0,  0.0,  0.0,  0.0,    ,  20.0,   12.0,   0.0,   2.0,     2.0,    10.0, 1.0    ,     0.0,     2.0,     0.0,     0.0,     0.0,     7.0
tarnsdi01, 2007,     1, EDM , NHL , D  , 29.0,  1.0,   4.0,   5.0,  40.0, -6.0 ,  0.0,  1.0,  0.0,  0.0,  0.0,    ,  22.0,       ,      ,      ,        ,        ,        ,        ,        ,        ,        ,        ,      
tarnsdi01, 2007,     2, CBS , NHL , D  , 19.0,  2.0,   7.0,   9.0,  12.0, -5.0 ,  1.0,  5.0,  0.0,  0.0,  0.0,    ,  22.0,       ,      ,      ,        ,        ,        ,        ,        ,        ,        ,        ,      
tatarda01, 1975,     1, TOT , WHA , G  , 23.0,  0.0,   0.0,   0.0,   2.0, 0.0  ,  0.0,     ,  0.0,     ,  0.0,    ,   0.0,       ,      ,      ,        ,        ,        ,        ,        ,        ,        ,        ,      
tatarda01, 1976,     1, NYR , NHL , G  ,  2.0,  0.0,   0.0,   0.0,   0.0, 0.0  ,  0.0,     ,  0.0,     ,  0.0, 0.0,   0.0,       ,      ,      ,        ,        ,        ,        ,        ,        ,        ,        ,      
tatarmi01, 1990,     1, WAS , NHL , D  , 65.0,  8.0,  15.0,  23.0,  82.0, -4.0 ,  3.0,  8.0,  1.0,  0.0,  1.0, 0.0, 145.0,       ,      ,      ,        ,        ,        ,        ,        ,        ,        ,        ,      
tatarmi01, 1991,     1, QUE , NHL , D  , 66.0, 11.0,  27.0,  38.0,  72.0, 8.0  ,  5.0,  9.0,  0.0,  4.0,  1.0, 0.0, 191.0,       ,      ,      ,        ,        ,        ,        ,        ,        ,        ,        ,      
tatarmi01, 1992,     1, QUE , NHL , D  , 28.0,  2.0,   6.0,   8.0,  28.0, 6.0  ,  1.0,  3.0,  0.0,  0.0,  0.0, 0.0,  46.0,       ,      ,      ,        ,        ,        ,        ,        ,        ,        ,        ,      
tatarmi01, 1993,     1, BOS , NHL , D  ,  2.0,  0.0,   0.0,   0.0,   2.0, 0.0  ,  0.0,  0.0,  0.0,  0.0,  0.0, 0.0,   4.0,       ,      ,      ,        ,        ,        ,        ,        ,        ,        ,        ,      
tatchsp01, 1942,     1, NYR , NHL , D  ,  1.0,  0.0,   0.0,   0.0,   0.0,      ,     ,     ,     ,     ,     ,    ,      ,       ,      ,      ,        ,        ,        ,        ,        ,        ,        ,        ,      
taticpe01, 2005,     1, FLO , NHL , C  ,  3.0,  0.0,   0.0,   0.0,   0.0, 0.0  ,  0.0,  0.0,  0.0,  0.0,  0.0,    ,   3.0,       ,      ,      ,        ,        ,        ,        ,        ,        ,        ,        ,      
tavarjo01, 2009,     1, NYI , NHL , C  , 82.0, 24.0,  30.0,  54.0,  22.0, -14.0, 11.0, 14.0,  0.0,  0.0,  2.0,    , 186.0,       ,      ,      ,        ,        ,        ,        ,        ,        ,        ,        ,      
taylobi01, 1939,     1, TOR , NHL , C  , 29.0,  4.0,   6.0,  10.0,   9.0,      ,     ,     ,     ,     ,     ,    ,      ,    2.0,   1.0,   0.0,     1.0,     0.0,        ,        ,        ,        ,        ,        ,      
taylobi01, 1940,     1, TOR , NHL , C  , 47.0,  9.0,  26.0,  35.0,  15.0,      ,     ,     ,     ,     ,     ,    ,      ,    7.0,   0.0,   3.0,     3.0,     5.0,        ,        ,        ,        ,        ,        ,      
taylobi01, 1941,     1, TOR , NHL , C  , 48.0, 12.0,  26.0,  38.0,  20.0,      ,     ,     ,     ,     ,     ,    ,      ,   13.0,   2.0,   8.0,    10.0,     4.0,        ,        ,        ,        ,        ,        ,      
taylobi01, 1942,     1, TOR , NHL , C  , 50.0, 18.0,  42.0,  60.0,   2.0,      ,     ,     ,     ,     ,     ,    ,      ,    6.0,   2.0,   2.0,     4.0,     0.0,        ,        ,        ,        ,        ,        ,      
taylobi01, 1945,     1, TOR , NHL , C  , 48.0, 23.0,  18.0,  41.0,  14.0,      ,     ,     ,     ,     ,     ,    ,      ,       ,      ,      ,        ,        ,        ,        ,        ,        ,        ,        ,      
taylobi01, 1946,     1, DET , NHL , C  , 60.0, 17.0,  46.0,  63.0,  35.0,      ,     ,     ,     ,     ,     ,    ,      ,    5.0,   1.0,   5.0,     6.0,     4.0,        ,        ,        ,        ,        ,        ,      
taylobi01, 1947,     1, BOS , NHL , C  , 39.0,  4.0,  16.0,  20.0,  25.0,      ,     ,     ,     ,     ,     ,    ,      ,       ,      ,      ,        ,        ,        ,        ,        ,        ,        ,        ,      
taylobi01, 1947,     2, NYR , NHL , C  ,  2.0,  0.0,   0.0,   0.0,   0.0,      ,     ,     ,     ,     ,     ,    ,      ,       ,      ,      ,        ,        ,        ,        ,        ,        ,        ,        ,      
taylobi02, 1964,     1, NYR , NHL , C  ,  2.0,  0.0,   0.0,   0.0,   0.0,      ,  0.0,     ,  0.0,     ,  0.0, 0.0,      ,       ,      ,      ,        ,        ,        ,        ,        ,        ,        ,        ,      
taylobo01, 1929,     1, BOS , NHL , F  ,  8.0,  0.0,   0.0,   0.0,   6.0,      ,     ,     ,     ,     ,     ,    ,      ,       ,      ,      ,        ,        ,        ,        ,        ,        ,        ,        ,      
taylobo02, 1971,     1, PHI , NHL , G  ,  6.0,  0.0,   0.0,   0.0,   0.0, 0.0  ,  0.0,     ,  0.0,     ,  0.0, 0.0,   0.0,       ,      ,      ,        ,        ,        ,        ,        ,        ,        ,        ,      
taylobo02, 1972,     1, PHI , NHL , G  , 23.0,  0.0,   1.0,   1.0,   0.0, 0.0  ,  0.0,     ,  0.0,     ,  0.0, 0.0,   0.0,       ,      ,      ,        ,        ,        ,        ,        ,        ,        ,        ,      
taylobo02, 1973,     1, PHI , NHL , G  ,  8.0,  0.0,   0.0,   0.0,  12.0, 0.0  ,  0.0,     ,  0.0,     ,  0.0, 0.0,   0.0,       ,      ,      ,        ,        ,        ,        ,        ,        ,        ,        ,      
taylobo02, 1974,     1, PHI , NHL , G  ,  3.0,  0.0,   0.0,   0.0,   2.0, 0.0  ,  0.0,     ,  0.0,     ,  0.0, 0.0,   0.0,       ,      ,      ,        ,        ,        ,        ,        ,        ,        ,        ,      
taylobo02, 1975,     1, PHI , NHL , G  ,  4.0,  0.0,   0.0,   0.0,   2.0, 0.0  ,  0.0,     ,  0.0,     ,  0.0, 0.0,   0.0,       ,      ,      ,        ,        ,        ,        ,        ,        ,        ,        ,      
taylobo02, 1975,     2, PIT , NHL , G  ,  2.0,  0.0,   0.0,   0.0,   0.0, 0.0  ,  0.0,     ,  0.0,     ,  0.0, 0.0,   0.0,       ,      ,      ,        ,        ,        ,        ,        ,        ,        ,        ,      
tayloch01, 1994,     1, NYI , NHL , C  , 10.0,  0.0,   3.0,   3.0,   2.0, 1.0  ,  0.0,  2.0,  0.0,  0.0,  0.0, 0.0,  13.0,       ,      ,      ,        ,        ,        ,        ,        ,        ,        ,        ,      
tayloch01, 1995,     1, NYI , NHL , C  , 11.0,  0.0,   1.0,   1.0,   2.0, 1.0  ,  0.0,  0.0,  0.0,  0.0,  0.0, 0.0,   4.0,       ,      ,      ,        ,        ,        ,        ,        ,        ,        ,        ,      
tayloch01, 1996,     1, NYI , NHL , C  ,  1.0,  0.0,   0.0,   0.0,   0.0, 0.0  ,  0.0,  0.0,  0.0,  0.0,  0.0, 0.0,   1.0,       ,      ,      ,        ,        ,        ,        ,        ,        ,        ,        ,      
tayloch01, 1998,     1, BOS , NHL , C  , 37.0,  3.0,   5.0,   8.0,  12.0, -3.0 ,  0.0,  0.0,  1.0,  0.0,  0.0, 0.0,  60.0,       ,      ,      ,        ,        ,        ,        ,        ,        ,        ,        ,      
tayloch01, 1999,     1, BUF , NHL , C  , 11.0,  1.0,   1.0,   2.0,   2.0, -2.0 ,  0.0,  0.0,  0.0,  0.0,  0.0, 0.0,  15.0,    2.0,   0.0,   0.0,     0.0,     2.0, -1.0   ,     0.0,     0.0,     0.0,     0.0,     0.0,     2.0
tayloch01, 2000,     1, BUF , NHL , C  , 14.0,  0.0,   2.0,   2.0,   6.0, 1.0  ,  0.0,  0.0,  0.0,  0.0,  0.0, 0.0,  21.0,       ,      ,      ,        ,        ,        ,        ,        ,        ,        ,        ,      
tayloch01, 2002,     1, BUF , NHL , C  , 11.0,  1.0,   3.0,   4.0,   2.0, -1.0 ,  0.0,  0.0,  0.0,  1.0,  0.0, 0.0,  10.0,       ,      ,      ,        ,        ,        ,        ,        ,        ,        ,        ,      
tayloch01, 2003,     1, BUF , NHL , C  , 54.0,  6.0,   6.0,  12.0,  22.0, -2.0 ,  0.0,  0.0,  0.0,  0.0,  0.0, 0.0,  50.0,       ,      ,      ,        ,        ,        ,        ,        ,        ,        ,        ,      
taylocy01, 1909,     1, REN , NHA ,    , 12.0,  9.0,   0.0,   9.0,  14.0,      ,     ,     ,     ,     ,     ,    ,      ,       ,      ,      ,        ,        ,        ,        ,        ,        ,        ,        ,      
taylocy01, 1910,     1, REN , NHA ,    , 16.0, 12.0,   0.0,  12.0,  21.0,      ,     ,     ,     ,     ,     ,    ,      ,       ,      ,      ,        ,        ,        ,        ,        ,        ,        ,        ,      
taylocy01, 1911,     1, OT1 , NHA ,    ,  1.0,  0.0,   0.0,   0.0,   0.0,      ,     ,     ,     ,     ,     ,    ,      ,       ,      ,      ,        ,        ,        ,        ,        ,        ,        ,        ,      
taylocy01, 1912,     1, VML , PCHA, L  , 14.0, 10.0,   8.0,  18.0,   5.0,      ,     ,     ,     ,     ,     ,    ,      ,       ,      ,      ,        ,        ,        ,        ,        ,        ,        ,        ,      
taylocy01, 1913,     1, VML , PCHA, L  , 16.0, 24.0,  15.0,  39.0,  18.0,      ,     ,     ,     ,     ,     ,    ,      ,       ,      ,      ,        ,        ,        ,        ,        ,        ,        ,        ,      
taylocy01, 1914,     1, VML , PCHA, R/L, 16.0, 24.0,  21.0,  45.0,  11.0,      ,     ,     ,     ,     ,     ,    ,      ,       ,      ,      ,        ,        ,        ,        ,        ,        ,        ,        ,      
taylocy01, 1915,     1, VML , PCHA, L  , 18.0, 22.0,  13.0,  35.0,   9.0,      ,     ,     ,     ,     ,     ,    ,      ,       ,      ,      ,        ,        ,        ,        ,        ,        ,        ,        ,      
taylocy01, 1916,     1, VML , PCHA, L  , 12.0, 14.0,  15.0,  29.0,  12.0,      ,     ,     ,     ,     ,     ,    ,      ,       ,      ,      ,        ,        ,        ,        ,        ,        ,        ,        ,      
taylocy01, 1917,     1, VML , PCHA, L  , 18.0, 32.0,  11.0,  43.0,   0.0,      ,     ,     ,     ,     ,     ,    ,      ,    2.0,   0.0,   1.0,     1.0,     0.0,        ,        ,        ,        ,        ,        ,      
taylocy01, 1918,     1, VML , PCHA, L  , 20.0, 23.0,  13.0,  36.0,  12.0,      ,     ,     ,     ,     ,     ,    ,      ,    2.0,   1.0,   0.0,     1.0,     0.0,        ,        ,        ,        ,        ,        ,      
taylocy01, 1919,     1, VML , PCHA, L  , 14.0,  6.0,   6.0,  12.0,   0.0,      ,     ,     ,     ,     ,     ,    ,      ,    2.0,   0.0,   0.0,     0.0,     0.0,        ,        ,        ,        ,        ,        ,      
taylocy01, 1920,     1, VML , PCHA, L  ,  6.0,  5.0,   1.0,   6.0,   0.0,      ,     ,     ,     ,     ,     ,    ,      ,    2.0,   0.0,   0.0,     0.0,     0.0,        ,        ,        ,        ,        ,        ,      
taylocy01, 1922,     1, VAM , PCHA, L  ,  1.0,  0.0,   0.0,   0.0,   0.0,      ,     ,     ,     ,     ,     ,    ,      ,       ,      ,      ,        ,        ,        ,        ,        ,        ,        ,        ,      
tayloda01, 1977,     1, LAK , NHL , R  , 64.0, 22.0,  21.0,  43.0,  47.0, 14.0 ,  4.0,     ,  0.0,     ,  3.0, 3.0, 122.0,    2.0,   0.0,   0.0,     0.0,     5.0,        ,     0.0,        ,     0.0,        ,     0.0,      
tayloda01, 1978,     1, LAK , NHL , R  , 78.0, 43.0,  48.0,  91.0, 124.0, 27.0 , 13.0,     ,  0.0,     ,  4.0, 0.0, 238.0,    2.0,   0.0,   0.0,     0.0,     2.0,        ,     0.0,        ,     0.0,        ,     0.0,      
tayloda01, 1979,     1, LAK , NHL , R  , 61.0, 37.0,  53.0,  90.0,  72.0, 39.0 , 12.0,     ,  0.0,     ,  7.0, 2.0, 170.0,    4.0,   2.0,   1.0,     3.0,     4.0,        ,     0.0,        ,     0.0,        ,     0.0,      
tayloda01, 1980,     1, LAK , NHL , R  , 72.0, 47.0,  65.0, 112.0, 130.0, 47.0 , 13.0,     ,  0.0,     ,  3.0, 2.0, 206.0,    4.0,   2.0,   2.0,     4.0,    10.0,        ,     1.0,        ,     0.0,        ,     0.0,      
tayloda01, 1981,     1, LAK , NHL , R  , 78.0, 39.0,  67.0, 106.0, 130.0, -4.0 , 13.0,     ,  0.0,     ,  3.0, 0.0, 232.0,   10.0,   4.0,   6.0,    10.0,    20.0,        ,     3.0,        ,     0.0,        ,     0.0,      
tayloda01, 1982,     1, LAK , NHL , R  , 46.0, 21.0,  37.0,  58.0,  76.0, 4.0  ,  6.0,     ,  0.0,     ,  1.0, 0.0, 117.0,       ,      ,      ,        ,        ,        ,        ,        ,        ,        ,        ,      
tayloda01, 1983,     1, LAK , NHL , R  , 63.0, 20.0,  49.0,  69.0,  91.0, -3.0 ,  6.0,     ,  0.0,     ,  2.0, 1.0, 150.0,       ,      ,      ,        ,        ,        ,        ,        ,        ,        ,        ,      
tayloda01, 1984,     1, LAK , NHL , R  , 79.0, 41.0,  51.0,  92.0, 132.0, 13.0 , 11.0,     ,  2.0,     ,  6.0, 0.0, 175.0,    3.0,   2.0,   2.0,     4.0,     8.0, 0.0    ,     0.0,        ,     0.0,        ,     0.0,    11.0
tayloda01, 1985,     1, LAK , NHL , R  , 76.0, 33.0,  38.0,  71.0, 110.0, -16.0, 11.0,     ,  0.0,     ,  1.0, 0.0, 203.0,       ,      ,      ,        ,        ,        ,        ,        ,        ,        ,        ,      
tayloda01, 1986,     1, LAK , NHL , R  , 67.0, 18.0,  44.0,  62.0,  84.0, 0.0  ,  9.0,     ,  1.0,     ,  3.0, 0.0, 115.0,    5.0,   2.0,   3.0,     5.0,     6.0, -2.0   ,     1.0,        ,     0.0,        ,     0.0,     8.0
tayloda01, 1987,     1, LAK , NHL , R  , 68.0, 26.0,  41.0,  67.0, 129.0, -4.0 ,  9.0, 17.0,  0.0,  0.0,  2.0, 1.0, 149.0,    5.0,   3.0,   3.0,     6.0,     6.0, -3.0   ,     2.0,     1.0,     0.0,     0.0,     0.0,    16.0
tayloda01, 1988,     1, LAK , NHL , R  , 70.0, 26.0,  37.0,  63.0,  80.0, 10.0 ,  7.0,  8.0,  0.0,  0.0,  4.0, 0.0, 141.0,   11.0,   1.0,   5.0,     6.0,    19.0, 0.0    ,     1.0,     0.0,     0.0,     0.0,     0.0,    17.0
tayloda01, 1989,     1, LAK , NHL , R  , 58.0, 15.0,  26.0,  41.0,  96.0, 17.0 ,  2.0,  4.0,  0.0,  0.0,  1.0, 0.0, 100.0,    6.0,   4.0,   4.0,     8.0,     6.0, 2.0    ,     2.0,     1.0,     0.0,     0.0,     0.0,    11.0
tayloda01, 1990,     1, LAK , NHL , R  , 73.0, 23.0,  30.0,  53.0, 148.0, 27.0 ,  6.0,  4.0,  0.0,  0.0,  2.0, 1.0, 122.0,   12.0,   2.0,   1.0,     3.0,    12.0, -3.0   ,     0.0,     0.0,     0.0,     0.0,     1.0,    25.0
tayloda01, 1991,     1, LAK , NHL , R  , 77.0, 10.0,  19.0,  29.0,  63.0, 10.0 ,  0.0,  1.0,  0.0,  0.0,  2.0, 0.0,  81.0,    6.0,   1.0,   1.0,     2.0,    20.0, 0.0    ,     0.0,     0.0,     0.0,     0.0,     0.0,     5.0
tayloda01, 1992,     1, LAK , NHL , R  , 48.0,  6.0,   9.0,  15.0,  49.0, 1.0  ,  1.0,  0.0,  0.0,  1.0,  1.0, 0.0,  53.0,   22.0,   3.0,   5.0,     8.0,    31.0, 7.0    ,     0.0,     0.0,     2.0,     0.0,     0.0,    32.0
tayloda01, 1993,     1, LAK , NHL , R  , 33.0,  4.0,   3.0,   7.0,  28.0, -1.0 ,  0.0,  0.0,  1.0,  0.0,  2.0, 0.0,  39.0,       ,      ,      ,        ,        ,        ,        ,        ,        ,        ,        ,      
tayloda02, 2007,     1, LAK , NHL , G  ,  1.0,  0.0,   0.0,   0.0,   0.0, 0.0  ,  0.0,  0.0,  0.0,  0.0,  0.0,    ,   0.0,       ,      ,      ,        ,        ,        ,        ,        ,        ,        ,        ,      
tayloha01, 1946,     1, TOR , NHL , C  ,  9.0,  0.0,   2.0,   2.0,   0.0,      ,     ,     ,     ,     ,     ,    ,      ,       ,      ,      ,        ,        ,        ,        ,        ,        ,        ,        ,      
tayloha01, 1948,     1, TOR , NHL , C  , 42.0,  4.0,   7.0,  11.0,  30.0,      ,     ,     ,     ,     ,     ,    ,      ,    1.0,   0.0,   0.0,     0.0,     0.0,        ,        ,        ,        ,        ,        ,      
tayloha01, 1951,     1, CHI , NHL , C  , 15.0,  1.0,   1.0,   2.0,   0.0,      ,     ,     ,     ,     ,     ,    ,      ,       ,      ,      ,        ,        ,        ,        ,        ,        ,        ,        ,      
tayloma01, 1981,     1, PHI , NHL , C  ,  2.0,  0.0,   0.0,   0.0,   0.0, -1.0 ,  0.0,     ,  0.0,     ,  0.0, 0.0,   1.0,       ,      ,      ,        ,        ,        ,        ,        ,        ,        ,        ,      
tayloma01, 1982,     1, PHI , NHL , L  , 61.0,  8.0,  25.0,  33.0,  24.0, 25.0 ,  0.0,     ,  1.0,     ,  3.0, 1.0,  73.0,    3.0,   0.0,   0.0,     0.0,     0.0,        ,     0.0,        ,     0.0,        ,     0.0,      
tayloma01, 1983,     1, PHI , NHL , C  ,  1.0,  0.0,   0.0,   0.0,   0.0, 0.0  ,  0.0,     ,  0.0,     ,  0.0, 0.0,   0.0,       ,      ,      ,        ,        ,        ,        ,        ,        ,        ,        ,      
tayloma01, 1983,     2, PIT , NHL , L  , 59.0, 24.0,  31.0,  55.0,  24.0, -20.0,  9.0,     ,  1.0,     ,  1.0, 0.0, 107.0,       ,      ,      ,        ,        ,        ,        ,        ,        ,        ,        ,      
tayloma01, 1984,     1, PIT , NHL , C  , 47.0,  7.0,  10.0,  17.0,  19.0, -7.0 ,  0.0,     ,  1.0,     ,  1.0, 0.0,  46.0,       ,      ,      ,        ,        ,        ,        ,        ,        ,        ,        ,      
tayloma01, 1984,     2, WAS , NHL , C  ,  9.0,  1.0,   1.0,   2.0,   2.0, -1.0 ,  0.0,     ,  0.0,     ,  0.0, 0.0,  10.0,       ,      ,      ,        ,        ,        ,        ,        ,        ,        ,        ,      
tayloma01, 1985,     1, WAS , NHL , C  , 30.0,  2.0,   1.0,   3.0,   4.0, -4.0 ,  0.0,     ,  0.0,     ,  0.0, 0.0,  23.0,    3.0,   0.0,   0.0,     0.0,     0.0, 0.0    ,     0.0,        ,     0.0,        ,     0.0,     0.0
taylora01, 1927,     1, CHI , NHL , R  , 22.0,  1.0,   1.0,   2.0,  39.0,      ,     ,     ,     ,     ,     ,    ,      ,       ,      ,      ,        ,        ,        ,        ,        ,        ,        ,        ,      
taylora01, 1928,     1, CHI , NHL , R  , 38.0,  0.0,   0.0,   0.0,  56.0,      ,     ,     ,     ,     ,     ,    ,      ,       ,      ,      ,        ,        ,        ,        ,        ,        ,        ,        ,      
taylora01, 1929,     1, CHI , NHL , R  , 17.0,  1.0,   0.0,   1.0,  46.0,      ,     ,     ,     ,     ,     ,    ,      ,       ,      ,      ,        ,        ,        ,        ,        ,        ,        ,        ,      
taylora01, 1929,     2, NYR , NHL , R  , 22.0,  2.0,   0.0,   2.0,  28.0,      ,     ,     ,     ,     ,     ,    ,      ,    4.0,   0.0,   0.0,     0.0,    10.0,        ,        ,        ,        ,        ,        ,      
taylote01, 1964,     1, NYR , NHL , L  ,  4.0,  0.0,   0.0,   0.0,   4.0,      ,  0.0,     ,  0.0,     ,  0.0, 0.0,      ,       ,      ,      ,        ,        ,        ,        ,        ,        ,        ,        ,      
taylote01, 1965,     1, NYR , NHL , L  ,  4.0,  0.0,   1.0,   1.0,   2.0,      ,  0.0,     ,  0.0,     ,  0.0, 0.0,      ,       ,      ,      ,        ,        ,        ,        ,        ,        ,        ,        ,      
taylote01, 1966,     1, DET , NHL , L  ,  2.0,  0.0,   0.0,   0.0,   0.0,      ,  0.0,     ,  0.0,     ,  0.0, 0.0,      ,       ,      ,      ,        ,        ,        ,        ,        ,        ,        ,        ,      
taylote01, 1967,     1, MNS , NHL , L  , 31.0,  3.0,   5.0,   8.0,  34.0, -7.0 ,  1.0,     ,  0.0,     ,  0.0, 1.0,  67.0,       ,      ,      ,        ,        ,        ,        ,        ,        ,        ,        ,      
taylote01, 1970,     1, VAN , NHL , L  , 56.0, 11.0,  16.0,  27.0,  53.0, -9.0 ,  1.0,     ,  1.0,     ,  1.0, 0.0,  82.0,       ,      ,      ,        ,        ,        ,        ,        ,        ,        ,        ,      
taylote01, 1971,     1, VAN , NHL , L  , 69.0,  9.0,  13.0,  22.0,  88.0, -20.0,  0.0,     ,  0.0,     ,  0.0, 0.0,  82.0,       ,      ,      ,        ,        ,        ,        ,        ,        ,        ,        ,      
taylote01, 1972,     1, HOU , WHA , R  , 73.0, 34.0,  42.0,  76.0, 103.0,      ,  5.0,     ,  1.0,     ,  4.0,    ,      ,   10.0,   3.0,   1.0,     4.0,    10.0,        ,     1.0,        ,     0.0,        ,     1.0,      
taylote01, 1973,     1, HOU , WHA , R  , 75.0, 21.0,  23.0,  44.0, 143.0,      ,  1.0,     ,  3.0,     ,  3.0,    ,      ,   14.0,   4.0,   8.0,    12.0,    60.0,        ,        ,        ,        ,        ,     0.0,      
taylote01, 1974,     1, HOU , WHA , L  , 73.0, 26.0,  27.0,  53.0, 130.0, 7.0  ,  2.0,     ,  3.0,     ,     ,    , 201.0,   11.0,   2.0,   5.0,     7.0,    22.0,        ,        ,        ,        ,        ,     0.0,      
taylote01, 1975,     1, HOU , WHA , L  , 68.0, 15.0,  26.0,  41.0,  88.0, -10.0,  3.0,     ,  0.0,     ,  0.0,    , 130.0,   11.0,   2.0,   2.0,     4.0,    17.0, -5.0   ,        ,        ,        ,        ,        ,      
taylote01, 1976,     1, HOU , WHA , L  , 78.0, 16.0,  35.0,  51.0,  90.0, 28.0 ,  4.0,     ,  0.0,     ,     ,    , 145.0,   11.0,   4.0,   4.0,     8.0,    28.0, -2.0   ,        ,        ,        ,        ,     2.0,      
taylote01, 1977,     1, HOU , WHA , L  , 54.0, 11.0,  11.0,  22.0,  46.0, 8.0  ,  1.0,     ,  1.0,     ,     ,    ,  74.0,    6.0,   3.0,   1.0,     4.0,    10.0, 2.0    ,        ,        ,        ,        ,     1.0,      
tayloti01, 1993,     1, DET , NHL , C  ,  1.0,  1.0,   0.0,   1.0,   0.0, -1.0 ,  0.0,  0.0,  0.0,  0.0,  0.0, 0.0,   4.0,       ,      ,      ,        ,        ,        ,        ,        ,        ,        ,        ,      
tayloti01, 1994,     1, DET , NHL , C  , 22.0,  0.0,   4.0,   4.0,  16.0, 3.0  ,  0.0,  2.0,  0.0,  0.0,  0.0, 0.0,  21.0,    6.0,   0.0,   1.0,     1.0,    12.0, -4.0   ,     0.0,     0.0,     0.0,     0.0,     0.0,    11.0
tayloti01, 1995,     1, DET , NHL , C  , 72.0, 11.0,  14.0,  25.0,  39.0, 11.0 ,  1.0,  0.0,  1.0,  0.0,  4.0, 0.0,  81.0,   18.0,   0.0,   4.0,     4.0,     4.0, 0.0    ,     0.0,     1.0,     0.0,     0.0,     0.0,    10.0
tayloti01, 1996,     1, DET , NHL , C  , 44.0,  3.0,   4.0,   7.0,  52.0, -6.0 ,  0.0,  1.0,  1.0,  0.0,  0.0, 2.0,  44.0,    2.0,   0.0,   0.0,     0.0,     0.0, -1.0   ,     0.0,     0.0,     0.0,     0.0,     0.0,     0.0
tayloti01, 1997,     1, BOS , NHL , C  , 79.0, 20.0,  11.0,  31.0,  57.0, -16.0,  1.0,  2.0,  3.0,  0.0,  0.0, 1.0, 127.0,    6.0,   0.0,   0.0,     0.0,    10.0, -2.0   ,     0.0,     0.0,     0.0,     0.0,     0.0,    10.0
tayloti01, 1998,     1, BOS , NHL , C  , 49.0,  4.0,   7.0,  11.0,  55.0, -10.0,  0.0,  2.0,  0.0,  0.0,  1.0, 0.0,  76.0,   12.0,   0.0,   3.0,     3.0,     8.0, 1.0    ,     0.0,     1.0,     0.0,     0.0,     0.0,    11.0
tayloti01, 1999,     1, NYR , NHL , C  , 76.0,  9.0,  11.0,  20.0,  72.0, -4.0 ,  0.0,  1.0,  0.0,  2.0,  2.0, 1.0,  79.0,       ,      ,      ,        ,        ,        ,        ,        ,        ,        ,        ,      
tayloti01, 2000,     1, NYR , NHL , C  , 38.0,  2.0,   5.0,   7.0,  16.0, -6.0 ,  0.0,  0.0,  0.0,  0.0,  1.0, 0.0,  34.0,       ,      ,      ,        ,        ,        ,        ,        ,        ,        ,        ,      
tayloti01, 2001,     1, TBL , NHL , C  , 48.0,  4.0,   4.0,   8.0,  25.0, -2.0 ,  0.0,  0.0,  1.0,  0.0,  0.0, 0.0,  50.0,       ,      ,      ,        ,        ,        ,        ,        ,        ,        ,        ,      
tayloti01, 2002,     1, TBL , NHL , C  , 82.0,  4.0,   8.0,  12.0,  38.0, -13.0,  0.0,  0.0,  0.0,  1.0,  1.0, 0.0,  95.0,   11.0,   0.0,   1.0,     1.0,     6.0, 1.0    ,     0.0,     0.0,     0.0,     0.0,     0.0,    14.0
tayloti01, 2003,     1, TBL , NHL , C  , 82.0,  7.0,  15.0,  22.0,  25.0, -5.0 ,  0.0,  0.0,  0.0,  2.0,  1.0, 0.0,  95.0,   23.0,   2.0,   3.0,     5.0,    31.0, -2.0   ,     0.0,     0.0,     0.0,     1.0,     0.0,    21.0
tayloti01, 2005,     1, TBL , NHL , C  , 82.0,  7.0,   6.0,  13.0,  22.0, -12.0,  0.0,  0.0,  0.0,  0.0,  0.0,    , 109.0,    5.0,   0.0,   0.0,     0.0,     2.0, -2.0   ,     0.0,     0.0,     0.0,     0.0,     0.0,     7.0
tayloti01, 2006,     1, TBL , NHL , C  , 71.0,  1.0,   5.0,   6.0,  16.0, -5.0 ,  0.0,  0.0,  0.0,  0.0,  1.0,    ,  59.0,    6.0,   0.0,   0.0,     0.0,     0.0, 0.0    ,     0.0,     0.0,     0.0,     0.0,     0.0,     9.0
tealje01 , 1984,     1, MTL , NHL , R  ,  6.0,  0.0,   1.0,   1.0,   0.0, 0.0  ,  0.0,     ,  0.0,     ,  0.0, 0.0,   4.0,       ,      ,      ,        ,        ,        ,        ,        ,        ,        ,        ,      
tealsk01 , 1954,     1, BOS , NHL , C  ,  1.0,  0.0,   0.0,   0.0,   0.0,      ,     ,     ,     ,     ,     ,    ,      ,       ,      ,      ,        ,        ,        ,        ,        ,        ,        ,        ,      
tealvi01 , 1973,     1, NYI , NHL , R  ,  1.0,  0.0,   0.0,   0.0,   0.0, 1.0  ,  0.0,     ,  0.0,     ,  0.0, 0.0,   4.0,       ,      ,      ,        ,        ,        ,        ,        ,        ,        ,        ,      
tebbugr01, 1978,     1, BIR , WHA , D  , 38.0,  2.0,   5.0,   7.0,  83.0, 0.0  ,  1.0,     ,  0.0,     ,     ,    ,  33.0,       ,      ,      ,        ,        ,        ,        ,        ,        ,        ,        ,      
tebbugr01, 1979,     1, QUE , NHL , D  ,  2.0,  0.0,   1.0,   1.0,   4.0, -1.0 ,  0.0,     ,  0.0,     ,  0.0, 0.0,   0.0,       ,      ,      ,        ,        ,        ,        ,        ,        ,        ,        ,      
tebbugr01, 1983,     1, PIT , NHL , D  , 24.0,  0.0,   2.0,   2.0,  31.0, -26.0,  0.0,     ,  0.0,     ,  0.0, 0.0,  38.0,       ,      ,      ,        ,        ,        ,        ,        ,        ,        ,        ,      
tellqmi01, 2002,     1, TOR , NHL , G  ,  3.0,  0.0,   0.0,   0.0,   0.0, 0.0  ,  0.0,  0.0,  0.0,  0.0,  0.0, 0.0,   0.0,       ,      ,      ,        ,        ,        ,        ,        ,        ,        ,        ,      
tellqmi01, 2003,     1, TOR , NHL , G  , 11.0,  0.0,   0.0,   0.0,   0.0, 0.0  ,  0.0,  0.0,  0.0,  0.0,  0.0, 0.0,   0.0,       ,      ,      ,        ,        ,        ,        ,        ,        ,        ,        ,      
tellqmi01, 2005,     1, TOR , NHL , G  , 25.0,  0.0,   0.0,   0.0,   0.0, 0.0  ,  0.0,  0.0,  0.0,  0.0,  0.0,    ,   0.0,       ,      ,      ,        ,        ,        ,        ,        ,        ,        ,        ,      
tellqmi01, 2006,     1, TOR , NHL , G  ,  1.0,  0.0,   0.0,   0.0,   0.0, 0.0  ,  0.0,  0.0,  0.0,  0.0,  0.0,    ,   0.0,       ,      ,      ,        ,        ,        ,        ,        ,        ,        ,        ,      
tellqmi01, 2006,     2, PHO , NHL , G  , 30.0,  0.0,   1.0,   1.0,   0.0, 0.0  ,  0.0,  0.0,  0.0,  0.0,  0.0,    ,   0.0,       ,      ,      ,        ,        ,        ,        ,        ,        ,        ,        ,      
tellqmi01, 2007,     1, PHO , NHL , G  , 22.0,  0.0,   1.0,   1.0,   2.0, 0.0  ,  0.0,  0.0,  0.0,  0.0,  0.0,    ,   0.0,       ,      ,      ,        ,        ,        ,        ,        ,        ,        ,        ,      
tellqmi01, 2008,     1, PHO , NHL , G  , 15.0,  0.0,   0.0,   0.0,   0.0, 0.0  ,  0.0,  0.0,  0.0,  0.0,  0.0,    ,   0.0,       ,      ,      ,        ,        ,        ,        ,        ,        ,        ,        ,      
tellqmi01, 2008,     2, BUF , NHL , G  ,  6.0,  0.0,   0.0,   0.0,   0.0, 0.0  ,  0.0,  0.0,  0.0,  0.0,  0.0,    ,   0.0,       ,      ,      ,        ,        ,        ,        ,        ,        ,        ,        ,      
tenkrpe01, 2000,     1, ANA , NHL , R  , 46.0,  5.0,   9.0,  14.0,  16.0, -11.0,  0.0,  5.0,  0.0,  0.0,  2.0, 1.0,  79.0,       ,      ,      ,        ,        ,        ,        ,        ,        ,        ,        ,      
tenkrpe01, 2001,     1, ANA , NHL , R  ,  9.0,  0.0,   0.0,   0.0,   6.0, -6.0 ,  0.0,  0.0,  0.0,  0.0,  0.0, 0.0,  13.0,       ,      ,      ,        ,        ,        ,        ,        ,        ,        ,        ,      
tenkrpe01, 2001,     2, NAS , NHL , R  , 58.0,  8.0,  16.0,  24.0,  28.0, -4.0 ,  0.0,  4.0,  1.0,  0.0,  2.0, 1.0,  82.0,       ,      ,      ,        ,        ,        ,        ,        ,        ,        ,        ,      
tenkrpe01, 2006,     1, BOS , NHL , R  , 64.0,  9.0,   5.0,  14.0,  34.0, -16.0,  2.0,  1.0,  0.0,  0.0,  1.0,    ,  82.0,       ,      ,      ,        ,        ,        ,        ,        ,        ,        ,        ,      
tenoha01 , 1938,     1, DET , NHL , G  ,  5.0,  0.0,   0.0,   0.0,   0.0,      ,     ,     ,     ,     ,     ,    ,      ,       ,      ,      ,        ,        ,        ,        ,        ,        ,        ,        ,      
tenutjo01, 2005,     1, WAS , NHL , C  ,  1.0,  0.0,   0.0,   0.0,   0.0, 0.0  ,  0.0,  0.0,  0.0,  0.0,  0.0,    ,   1.0,       ,      ,      ,        ,        ,        ,        ,        ,        ,        ,        ,      
teppest01, 1992,     1, CHI , NHL , R  ,  1.0,  0.0,   0.0,   0.0,   0.0, 0.0  ,  0.0,  0.0,  0.0,  0.0,  0.0, 0.0,   0.0,       ,      ,      ,        ,        ,        ,        ,        ,        ,        ,        ,      
terbepa01, 1967,     1, CHI , NHL , D  , 68.0,  3.0,   7.0,  10.0,   8.0, -11.0,  0.0,     ,  0.0,     ,  1.0, 0.0,  65.0,    6.0,   0.0,   0.0,     0.0,     0.0,        ,     0.0,        ,     0.0,        ,     0.0,      
terbepa01, 1970,     1, BUF , NHL , D  ,  3.0,  0.0,   0.0,   0.0,   2.0, -3.0 ,  0.0,     ,  0.0,     ,  0.0, 0.0,   1.0,       ,      ,      ,        ,        ,        ,        ,        ,        ,        ,        ,      
terbepa01, 1971,     1, BUF , NHL , D  ,  9.0,  0.0,   0.0,   0.0,   2.0, -13.0,  0.0,     ,  0.0,     ,  0.0, 0.0,   7.0,       ,      ,      ,        ,        ,        ,        ,        ,        ,        ,        ,      
terbepa01, 1972,     1, BUF , NHL , D  , 42.0,  0.0,   7.0,   7.0,   8.0, 7.0  ,  0.0,     ,  0.0,     ,  0.0, 0.0,  20.0,    6.0,   0.0,   0.0,     0.0,     0.0,        ,     0.0,        ,     0.0,        ,     0.0,      
terbepa01, 1973,     1, BUF , NHL , D  , 67.0,  2.0,  12.0,  14.0,   8.0, 3.0  ,  0.0,     ,  0.0,     ,  0.0, 0.0,  42.0,       ,      ,      ,        ,        ,        ,        ,        ,        ,        ,        ,      
terbepa01, 1974,     1, VAB , WHA , D  , 60.0,  3.0,  14.0,  17.0,  10.0, -7.0 ,  0.0,     ,  0.0,     ,     ,    ,  81.0,       ,      ,      ,        ,        ,        ,        ,        ,        ,        ,        ,      
terbepa01, 1975,     1, CAC , WHA , D  , 58.0,  2.0,   4.0,   6.0,  22.0, -3.0 ,  0.0,     ,  1.0,     ,  0.0,    ,  58.0,   10.0,   0.0,   6.0,     6.0,     6.0, -2.0   ,        ,        ,        ,        ,        ,      
terbepa01, 1976,     1, CAC , WHA , D  , 80.0,  9.0,  24.0,  33.0,  30.0, -14.0,  0.0,     ,  0.0,     ,     ,    , 130.0,       ,      ,      ,        ,        ,        ,        ,        ,        ,        ,        ,      
terbepa01, 1977,     1, BIR , WHA , D  , 11.0,  1.0,   0.0,   1.0,   0.0, 1.0  ,  0.0,     ,  0.0,     ,     ,    ,   4.0,       ,      ,      ,        ,        ,        ,        ,        ,        ,        ,        ,      
terbepa01, 1977,     2, HOU , WHA , D  ,     ,     ,      ,      ,      ,      ,     ,     ,     ,     ,     ,    ,      ,    6.0,   1.0,   1.0,     2.0,     0.0, 0.0    ,        ,        ,        ,        ,     0.0,      
terbepa01, 1978,     1, WIJ , WHA , D  , 68.0,  3.0,  22.0,  25.0,  12.0, -1.0 ,  0.0,     ,  0.0,     ,     ,    ,  58.0,   10.0,   1.0,   1.0,     2.0,     4.0, 2.0    ,        ,        ,        ,        ,     0.0,      
terrech01, 1986,     1, NJD , NHL , G  ,  7.0,  0.0,   0.0,   0.0,   0.0, 0.0  ,  0.0,     ,  0.0,     ,  0.0, 0.0,   0.0,       ,      ,      ,        ,        ,        ,        ,        ,        ,        ,        ,      
terrech01, 1988,     1, NJD , NHL , G  ,  8.0,  0.0,   0.0,   0.0,   2.0, 0.0  ,  0.0,  0.0,  0.0,  0.0,  0.0, 0.0,   0.0,       ,      ,      ,        ,        ,        ,        ,        ,        ,        ,        ,      
terrech01, 1989,     1, NJD , NHL , G  , 35.0,  0.0,   0.0,   0.0,   0.0, 0.0  ,  0.0,  0.0,  0.0,  0.0,  0.0, 0.0,   0.0,    4.0,   0.0,   0.0,     0.0,     0.0, 0.0    ,     0.0,     0.0,     0.0,     0.0,     0.0,     0.0
terrech01, 1990,     1, NJD , NHL , G  , 53.0,  0.0,   3.0,   3.0,   2.0, 0.0  ,  0.0,     ,  0.0,     ,  0.0, 0.0,   0.0,    7.0,   0.0,   0.0,     0.0,     2.0, 0.0    ,     0.0,     0.0,     0.0,     0.0,     0.0,     0.0
terrech01, 1991,     1, NJD , NHL , G  , 54.0,  0.0,   1.0,   1.0,  13.0, 0.0  ,  0.0,  0.0,  0.0,  0.0,  0.0, 0.0,   0.0,    7.0,   0.0,   0.0,     0.0,     0.0, 0.0    ,     0.0,     0.0,     0.0,     0.0,     0.0,     0.0
terrech01, 1992,     1, NJD , NHL , G  , 48.0,  0.0,   0.0,   0.0,   6.0, 0.0  ,  0.0,  0.0,  0.0,  0.0,  0.0, 0.0,   0.0,    4.0,   0.0,   0.0,     0.0,     0.0, 0.0    ,     0.0,     0.0,     0.0,     0.0,     0.0,     0.0
terrech01, 1993,     1, NJD , NHL , G  , 44.0,  0.0,   2.0,   2.0,   4.0, 0.0  ,  0.0,  1.0,  0.0,  0.0,  0.0, 0.0,   0.0,    4.0,   0.0,   0.0,     0.0,     4.0, 0.0    ,     0.0,     0.0,     0.0,     0.0,     0.0,     0.0
terrech01, 1994,     1, NJD , NHL , G  , 15.0,  0.0,   0.0,   0.0,   0.0, 0.0  ,  0.0,  0.0,  0.0,  0.0,  0.0, 0.0,   0.0,    1.0,   0.0,   0.0,     0.0,     0.0, 0.0    ,     0.0,     0.0,     0.0,     0.0,     0.0,     0.0
terrech01, 1995,     1, NJD , NHL , G  ,  4.0,  0.0,   0.0,   0.0,   0.0, 0.0  ,  0.0,  0.0,  0.0,  0.0,  0.0, 0.0,   0.0,       ,      ,      ,        ,        ,        ,        ,        ,        ,        ,        ,      
terrech01, 1995,     2, SJS , NHL , G  , 46.0,  0.0,   5.0,   5.0,   4.0, 0.0  ,  0.0,  1.0,  0.0,  0.0,  0.0, 0.0,   0.0,       ,      ,      ,        ,        ,        ,        ,        ,        ,        ,        ,      
terrech01, 1996,     1, SJS , NHL , G  , 22.0,  0.0,   0.0,   0.0,   0.0, 0.0  ,  0.0,  0.0,  0.0,  0.0,  0.0, 0.0,   0.0,       ,      ,      ,        ,        ,        ,        ,        ,        ,        ,        ,      
terrech01, 1996,     2, CHI , NHL , G  ,  7.0,  0.0,   0.0,   0.0,   0.0, 0.0  ,  0.0,  0.0,  0.0,  0.0,  0.0, 0.0,   0.0,    2.0,   0.0,   0.0,     0.0,     2.0, 0.0    ,     0.0,     0.0,     0.0,     0.0,     0.0,     0.0
terrech01, 1997,     1, CHI , NHL , G  , 21.0,  0.0,   1.0,   1.0,   2.0, 0.0  ,  0.0,  1.0,  0.0,  0.0,  0.0, 0.0,   0.0,       ,      ,      ,        ,        ,        ,        ,        ,        ,        ,        ,      
terrech01, 1998,     1, NJD , NHL , G  , 12.0,  0.0,   1.0,   1.0,   0.0, 0.0  ,  0.0,  0.0,  0.0,  0.0,  0.0, 0.0,   0.0,       ,      ,      ,        ,        ,        ,        ,        ,        ,        ,        ,      
terrech01, 1999,     1, NJD , NHL , G  , 12.0,  0.0,   0.0,   0.0,   2.0, 0.0  ,  0.0,  0.0,  0.0,  0.0,  0.0, 0.0,   0.0,       ,      ,      ,        ,        ,        ,        ,        ,        ,        ,        ,      
terrech01, 2000,     1, NJD , NHL , G  , 10.0,  0.0,   0.0,   0.0,   0.0, 0.0  ,  0.0,  0.0,  0.0,  0.0,  0.0, 0.0,   0.0,       ,      ,      ,        ,        ,        ,        ,        ,        ,        ,        ,      
terrech01, 2000,     2, NYI , NHL , G  ,  8.0,  0.0,   0.0,   0.0,   2.0, 0.0  ,  0.0,  0.0,  0.0,  0.0,  0.0, 0.0,   0.0,       ,      ,      ,        ,        ,        ,        ,        ,        ,        ,        ,      
terrigr01, 1980,     1, LAK , NHL , L  , 73.0, 12.0,  25.0,  37.0,  99.0, -1.0 ,  2.0,     ,  0.0,     ,  2.0, 0.0,  92.0,    3.0,   1.0,   0.0,     1.0,     4.0,        ,     1.0,        ,     0.0,        ,     0.0,      
terrigr01, 1981,     1, LAK , NHL , L  , 61.0, 15.0,  22.0,  37.0,  23.0, -12.0,  1.0,     ,  0.0,     ,  3.0, 0.0, 106.0,       ,      ,      ,        ,        ,        ,        ,        ,        ,        ,        ,      
terrigr01, 1982,     1, TOR , NHL , L  , 74.0, 16.0,  16.0,  32.0,  59.0, -3.0 ,  0.0,     ,  3.0,     ,  1.0, 0.0,  73.0,    4.0,   1.0,   2.0,     3.0,     2.0,        ,     0.0,        ,     0.0,        ,     0.0,      
terrigr01, 1983,     1, TOR , NHL , L  , 79.0, 15.0,  24.0,  39.0,  36.0, -6.0 ,  0.0,     ,  2.0,     ,  2.0, 1.0,  92.0,       ,      ,      ,        ,        ,        ,        ,        ,        ,        ,        ,      
terrigr01, 1984,     1, TOR , NHL , L  , 72.0, 14.0,  17.0,  31.0,  20.0, -15.0,  1.0,     ,  4.0,     ,  0.0, 1.0,  91.0,       ,      ,      ,        ,        ,        ,        ,        ,        ,        ,        ,      
terrigr01, 1985,     1, TOR , NHL , L  , 76.0, 10.0,  22.0,  32.0,  31.0, -5.0 ,  0.0,     ,  2.0,     ,  1.0, 0.0, 105.0,   10.0,   0.0,   3.0,     3.0,    17.0, 1.0    ,     0.0,        ,     0.0,        ,     0.0,     9.0
terrigr01, 1986,     1, TOR , NHL , L  , 67.0,  7.0,   8.0,  15.0,   6.0, -5.0 ,  0.0,     ,  2.0,     ,  0.0, 0.0,  55.0,   13.0,   0.0,   2.0,     2.0,    14.0, -1.0   ,     0.0,        ,     0.0,        ,     0.0,    14.0
terrigr01, 1987,     1, TOR , NHL , L  , 59.0,  4.0,  16.0,  20.0,  65.0, -6.0 ,  1.0,  0.0,  0.0,  3.0,  1.0, 0.0,  57.0,    5.0,   0.0,   2.0,     2.0,     4.0, 0.0    ,     0.0,     0.0,     0.0,     0.0,     0.0,     3.0
terrybi01, 1987,     1, MNS , NHL , C  ,  5.0,  0.0,   0.0,   0.0,   0.0, -4.0 ,  0.0,  0.0,  0.0,  0.0,  0.0, 0.0,   3.0,       ,      ,      ,        ,        ,        ,        ,        ,        ,        ,        ,      
tertydm01, 1998,     1, PHI , NHL , D  , 62.0,  2.0,   8.0,  10.0,  30.0, -1.0 ,  1.0,  3.0,  0.0,  0.0,  0.0, 0.0,  68.0,    1.0,   0.0,   0.0,     0.0,     2.0, 0.0    ,     0.0,     0.0,     0.0,     0.0,     0.0,     1.0
tessior01, 1954,     1, MTL , NHL , C  ,  4.0,  0.0,   0.0,   0.0,   0.0,      ,     ,     ,     ,     ,     ,    ,      ,       ,      ,      ,        ,        ,        ,        ,        ,        ,        ,        ,      
tessior01, 1955,     1, BOS , NHL , C  , 23.0,  2.0,   3.0,   5.0,   6.0,      ,     ,     ,     ,     ,     ,    ,      ,       ,      ,      ,        ,        ,        ,        ,        ,        ,        ,        ,      
tessior01, 1960,     1, BOS , NHL , C  , 32.0,  3.0,   4.0,   7.0,   0.0,      ,     ,     ,     ,     ,     ,    ,      ,       ,      ,      ,        ,        ,        ,        ,        ,        ,        ,        ,      
tetarjo01, 2000,     1, FLO , NHL , D  , 29.0,  3.0,   1.0,   4.0,  44.0, -1.0 ,  0.0,  0.0,  0.0,  0.0,  0.0, 0.0,  21.0,       ,      ,      ,        ,        ,        ,        ,        ,        ,        ,        ,      
tetarjo01, 2001,     1, FLO , NHL , R  , 38.0,  1.0,   0.0,   1.0, 123.0, -5.0 ,  0.0,  0.0,  0.0,  0.0,  0.0, 0.0,  10.0,       ,      ,      ,        ,        ,        ,        ,        ,        ,        ,        ,      
tetarjo01, 2002,     1, FLO , NHL , R  ,  2.0,  0.0,   0.0,   0.0,   4.0, -1.0 ,  0.0,  0.0,  0.0,  0.0,  0.0, 0.0,   2.0,       ,      ,      ,        ,        ,        ,        ,        ,        ,        ,        ,      
tetarjo01, 2002,     2, OTT , NHL , R  ,  2.0,  0.0,   0.0,   0.0,   5.0, 0.0  ,  0.0,  0.0,  0.0,  0.0,  0.0, 0.0,   1.0,       ,      ,      ,        ,        ,        ,        ,        ,        ,        ,        ,      
tetarjo01, 2003,     1, CAR , NHL , R  ,  2.0,  0.0,   0.0,   0.0,   0.0, 0.0  ,  0.0,  0.0,  0.0,  0.0,  0.0, 0.0,   0.0,       ,      ,      ,        ,        ,        ,        ,        ,        ,        ,        ,      
tetreje01, 1973,     1, VAB , WHA , L  ,  6.0,  1.0,   1.0,   2.0,   0.0,      ,  0.0,     ,  0.0,     ,  0.0,    ,      ,       ,      ,      ,        ,        ,        ,        ,        ,        ,        ,        ,      
tetreje01, 1975,     1, MFS , WHA , L  ,  3.0,  0.0,   0.0,   0.0,   0.0, 0.0  ,  0.0,     ,  0.0,     ,  0.0,    ,   1.0,       ,      ,      ,        ,        ,        ,        ,        ,        ,        ,        ,      
tetrejo01, 1911,     1, MOW , NHA ,    ,  3.0,  0.0,   0.0,   0.0,   0.0,      ,     ,     ,     ,     ,     ,    ,      ,       ,      ,      ,        ,        ,        ,        ,        ,        ,        ,        ,      
tetrejo01, 1914,     1, TOO , NHA ,    ,  2.0,  0.0,   0.0,   0.0,   0.0,      ,     ,     ,     ,     ,     ,    ,      ,       ,      ,      ,        ,        ,        ,        ,        ,        ,        ,        ,      
tetrejo01, 1916,     1, MOW , NHA ,    ,  3.0,  0.0,   0.0,   0.0,   0.0,      ,     ,     ,     ,     ,     ,    ,      ,       ,      ,      ,        ,        ,        ,        ,        ,        ,        ,        ,      
tezikal01, 1998,     1, WAS , NHL , D  ,  5.0,  0.0,   0.0,   0.0,   0.0, -1.0 ,  0.0,  0.0,  0.0,  0.0,  0.0, 0.0,   4.0,       ,      ,      ,        ,        ,        ,        ,        ,        ,        ,        ,      
tezikal01, 1999,     1, WAS , NHL , D  , 23.0,  1.0,   1.0,   2.0,   2.0, -2.0 ,  1.0,  1.0,  0.0,  0.0,  1.0, 0.0,  18.0,       ,      ,      ,        ,        ,        ,        ,        ,        ,        ,        ,      
tezikal01, 2001,     1, VAN , NHL , D  ,  2.0,  0.0,   0.0,   0.0,   0.0, 2.0  ,  0.0,  0.0,  0.0,  0.0,  0.0, 0.0,   0.0,       ,      ,      ,        ,        ,        ,        ,        ,        ,        ,        ,      
thebegr01, 1979,     1, WAS , NHL , D  , 12.0,  0.0,   1.0,   1.0,   0.0, -3.0 ,  0.0,     ,  0.0,     ,  0.0, 0.0,  21.0,       ,      ,      ,        ,        ,        ,        ,        ,        ,        ,        ,      
thebegr01, 1980,     1, WAS , NHL , D  ,  1.0,  1.0,   0.0,   1.0,   0.0, -2.0 ,  0.0,     ,  0.0,     ,  0.0, 0.0,   1.0,       ,      ,      ,        ,        ,        ,        ,        ,        ,        ,        ,      
thebegr01, 1981,     1, WAS , NHL , D  , 57.0,  5.0,  32.0,  37.0,  49.0, -8.0 ,  2.0,     ,  0.0,     ,  0.0, 0.0, 150.0,       ,      ,      ,        ,        ,        ,        ,        ,        ,        ,        ,      
thebegr01, 1982,     1, WAS , NHL , D  , 70.0,  8.0,  28.0,  36.0,  20.0, -3.0 ,  7.0,     ,  0.0,     ,  1.0, 0.0, 136.0,    4.0,   0.0,   1.0,     1.0,     0.0,        ,     0.0,        ,     0.0,        ,     0.0,      
thebegr01, 1983,     1, WAS , NHL , D  , 13.0,  1.0,   2.0,   3.0,   4.0, -4.0 ,  1.0,     ,  0.0,     ,  0.0, 0.0,  19.0,       ,      ,      ,        ,        ,        ,        ,        ,        ,        ,        ,      
thelima01, 1984,     1, BOS , NHL , D  , 73.0,  5.0,  13.0,  18.0,  78.0, 9.0  ,  0.0,     ,  0.0,     ,  2.0, 0.0,  91.0,    5.0,   0.0,   0.0,     0.0,     6.0, -3.0   ,     0.0,        ,     0.0,        ,     0.0,     2.0
thelima01, 1985,     1, BOS , NHL , D  , 31.0,  2.0,   3.0,   5.0,  29.0, 3.0  ,  1.0,     ,  0.0,     ,  0.0, 0.0,  29.0,       ,      ,      ,        ,        ,        ,        ,        ,        ,        ,        ,      
thelima01, 1986,     1, BOS , NHL , D  , 59.0,  1.0,   3.0,   4.0,  69.0, -8.0 ,  0.0,     ,  0.0,     ,  0.0, 0.0,  39.0,       ,      ,      ,        ,        ,        ,        ,        ,        ,        ,        ,      
thelvmi01, 1985,     1, BOS , NHL , D  , 60.0,  6.0,  20.0,  26.0,  48.0, 7.0  ,  1.0,     ,  0.0,     ,  0.0, 0.0, 108.0,    3.0,   0.0,   0.0,     0.0,     0.0, -2.0   ,     0.0,        ,     0.0,        ,     0.0,     5.0
thelvmi01, 1986,     1, BOS , NHL , D  , 34.0,  5.0,  15.0,  20.0,  18.0, -2.0 ,  3.0,     ,  0.0,     ,  0.0, 0.0,  60.0,       ,      ,      ,        ,        ,        ,        ,        ,        ,        ,        ,      
thelvmi01, 1987,     1, BOS , NHL , D  , 67.0,  6.0,  25.0,  31.0,  57.0, 12.0 ,  1.0,  9.0,  0.0,  0.0,  1.0, 0.0, 106.0,   21.0,   3.0,   3.0,     6.0,    26.0, 4.0    ,     1.0,     0.0,     0.0,     0.0,     0.0,    30.0
thelvmi01, 1988,     1, BOS , NHL , D  , 40.0,  3.0,  18.0,  21.0,  71.0, 10.0 ,  1.0,  9.0,  1.0,  0.0,  0.0, 0.0,  68.0,   10.0,   1.0,   7.0,     8.0,     8.0, 4.0    ,     0.0,     1.0,     0.0,     2.0,     1.0,    17.0
thelvmi01, 1989,     1, BOS , NHL , D  ,  6.0,  0.0,   2.0,   2.0,  23.0, 3.0  ,  0.0,  0.0,  0.0,  0.0,  0.0, 0.0,   8.0,       ,      ,      ,        ,        ,        ,        ,        ,        ,        ,        ,      
theodjo01, 1995,     1, MTL , NHL , G  ,  1.0,  0.0,   0.0,   0.0,   0.0, 0.0  ,  0.0,  0.0,  0.0,  0.0,  0.0, 0.0,   0.0,       ,      ,      ,        ,        ,        ,        ,        ,        ,        ,        ,      
theodjo01, 1996,     1, MTL , NHL , G  , 16.0,  0.0,   0.0,   0.0,   0.0, 0.0  ,  0.0,  0.0,  0.0,  0.0,  0.0, 0.0,   0.0,    2.0,   0.0,   0.0,     0.0,     0.0, 0.0    ,     0.0,     0.0,     0.0,     0.0,     0.0,     0.0
theodjo01, 1997,     1, MTL , NHL , G  ,     ,     ,      ,      ,      ,      ,     ,     ,     ,     ,     ,    ,      ,    3.0,   0.0,   0.0,     0.0,     0.0, 0.0    ,     0.0,     0.0,     0.0,     0.0,     0.0,     0.0
theodjo01, 1998,     1, MTL , NHL , G  , 18.0,  0.0,   0.0,   0.0,   0.0, 0.0  ,  0.0,  0.0,  0.0,  0.0,  0.0, 0.0,   0.0,       ,      ,      ,        ,        ,        ,        ,        ,        ,        ,        ,      
theodjo01, 1999,     1, MTL , NHL , G  , 30.0,  0.0,   0.0,   0.0,   0.0, 0.0  ,  0.0,  0.0,  0.0,  0.0,  0.0, 0.0,   0.0,       ,      ,      ,        ,        ,        ,        ,        ,        ,        ,        ,      
theodjo01, 2000,     1, MTL , NHL , G  , 59.0,  1.0,   0.0,   1.0,   6.0, 0.0  ,  0.0,  0.0,  0.0,  0.0,  0.0, 0.0,   1.0,       ,      ,      ,        ,        ,        ,        ,        ,        ,        ,        ,      
theodjo01, 2001,     1, MTL , NHL , G  , 67.0,  0.0,   2.0,   2.0,   2.0, 0.0  ,  0.0,  0.0,  0.0,  0.0,  0.0, 0.0,   0.0,   12.0,   0.0,   0.0,     0.0,     0.0, 0.0    ,     0.0,     0.0,     0.0,     0.0,     0.0,     0.0
theodjo01, 2002,     1, MTL , NHL , G  , 57.0,  0.0,   2.0,   2.0,   6.0, 0.0  ,  0.0,  1.0,  0.0,  0.0,  0.0, 0.0,   0.0,       ,      ,      ,        ,        ,        ,        ,        ,        ,        ,        ,      
theodjo01, 2003,     1, MTL , NHL , G  , 67.0,  0.0,   3.0,   3.0,   4.0, 0.0  ,  0.0,  1.0,  0.0,  0.0,  0.0, 0.0,   0.0,   11.0,   0.0,   2.0,     2.0,     0.0, 0.0    ,     0.0,     0.0,     0.0,     0.0,     0.0,     0.0
theodjo01, 2005,     1, MTL , NHL , G  , 38.0,  0.0,   1.0,   1.0,   2.0, 0.0  ,  0.0,  1.0,  0.0,  0.0,  0.0,    ,   0.0,       ,      ,      ,        ,        ,        ,        ,        ,        ,        ,        ,      
theodjo01, 2005,     2, COL , NHL , G  ,  5.0,  0.0,   0.0,   0.0,   0.0, 0.0  ,  0.0,  0.0,  0.0,  0.0,  0.0,    ,   0.0,    9.0,   0.0,   0.0,     0.0,     0.0, 0.0    ,     0.0,     0.0,     0.0,     0.0,     0.0,     0.0
theodjo01, 2006,     1, COL , NHL , G  , 33.0,  0.0,   1.0,   1.0,   6.0, 0.0  ,  0.0,  0.0,  0.0,  0.0,  0.0,    ,   0.0,       ,      ,      ,        ,        ,        ,        ,        ,        ,        ,        ,      
theodjo01, 2007,     1, COL , NHL , G  , 53.0,  0.0,   2.0,   2.0,   2.0, 0.0  ,  0.0,  0.0,  0.0,  0.0,  0.0,    ,   0.0,   10.0,   0.0,   0.0,     0.0,     0.0, 0.0    ,     0.0,     0.0,     0.0,     0.0,     0.0,     0.0
theodjo01, 2008,     1, WAS , NHL , G  , 57.0,  0.0,   3.0,   3.0,   6.0, 0.0  ,  0.0,  2.0,  0.0,  0.0,  0.0,    ,   0.0,    2.0,   0.0,   0.0,     0.0,     0.0, 0.0    ,     0.0,     0.0,     0.0,     0.0,     0.0,     0.0
theodjo01, 2009,     1, WAS , NHL , G  , 47.0,  0.0,   2.0,   2.0,   0.0, 0.0  ,  0.0,  2.0,  0.0,  0.0,  0.0,    ,   0.0,    2.0,   0.0,   0.0,     0.0,     0.0, 0.0    ,     0.0,     0.0,     0.0,     0.0,     0.0,     0.0
therich01, 1994,     1, PHI , NHL , D  , 48.0,  3.0,  10.0,  13.0,  38.0, 8.0  ,  1.0,  2.0,  0.0,  0.0,  0.0, 0.0,  53.0,   15.0,   0.0,   0.0,     0.0,    10.0, -2.0   ,     0.0,     0.0,     0.0,     0.0,     0.0,    24.0
therich01, 1995,     1, PHI , NHL , D  , 82.0,  6.0,  17.0,  23.0,  89.0, 16.0 ,  3.0,  1.0,  0.0,  0.0,  1.0, 0.0, 123.0,   12.0,   0.0,   0.0,     0.0,    18.0, -5.0   ,     0.0,     0.0,     0.0,     0.0,     0.0,    17.0
therich01, 1996,     1, PHI , NHL , D  , 71.0,  2.0,  22.0,  24.0,  64.0, 27.0 ,  0.0,  3.0,  0.0,  2.0,  0.0, 0.0, 107.0,   19.0,   1.0,   6.0,     7.0,     6.0, 14.0   ,     0.0,     0.0,     0.0,     0.0,     1.0,    36.0
therich01, 1997,     1, PHI , NHL , D  , 78.0,  3.0,  16.0,  19.0,  80.0, 5.0  ,  1.0,  2.0,  0.0,  1.0,  1.0, 0.0, 102.0,    5.0,   0.0,   1.0,     1.0,     4.0, -1.0   ,     0.0,     0.0,     0.0,     0.0,     0.0,    15.0
therich01, 1998,     1, PHI , NHL , D  , 74.0,  3.0,  15.0,  18.0,  48.0, 16.0 ,  1.0,  0.0,  0.0,  1.0,  0.0, 0.0, 115.0,    6.0,   0.0,   0.0,     0.0,     6.0, 1.0    ,     0.0,     0.0,     0.0,     0.0,     0.0,     6.0
therich01, 1999,     1, PHI , NHL , D  , 80.0,  4.0,   9.0,  13.0,  66.0, 11.0 ,  1.0,  0.0,  0.0,  0.0,  1.0, 0.0, 126.0,   18.0,   0.0,   1.0,     1.0,    12.0, -1.0   ,     0.0,     0.0,     0.0,     0.0,     0.0,    25.0
therich01, 2000,     1, PHI , NHL , D  , 73.0,  2.0,  12.0,  14.0,  48.0, 22.0 ,  1.0,  2.0,  0.0,  0.0,  0.0, 0.0, 103.0,    6.0,   1.0,   0.0,     1.0,     8.0, -4.0   ,     0.0,     0.0,     0.0,     0.0,     0.0,    11.0
therich01, 2001,     1, PHI , NHL , D  , 77.0,  4.0,  10.0,  14.0,  30.0, 16.0 ,  0.0,  0.0,  2.0,  0.0,  3.0, 0.0, 105.0,    5.0,   0.0,   0.0,     0.0,     2.0, -3.0   ,     0.0,     0.0,     0.0,     0.0,     0.0,     9.0
therich01, 2002,     1, PHI , NHL , D  , 67.0,  1.0,   6.0,   7.0,  36.0, 10.0 ,  0.0,  0.0,  0.0,  1.0,  0.0, 0.0,  93.0,   13.0,   0.0,   2.0,     2.0,     2.0, 0.0    ,     0.0,     0.0,     0.0,     0.0,     0.0,    13.0
therich01, 2003,     1, PHI , NHL , D  , 56.0,  1.0,   9.0,  10.0,  50.0, 2.0  ,  0.0,  0.0,  0.0,  1.0,  0.0, 0.0,  59.0,       ,      ,      ,        ,        ,        ,        ,        ,        ,        ,        ,      
therich01, 2003,     2, DAL , NHL , D  , 11.0,  0.0,   0.0,   0.0,   2.0, 4.0  ,  0.0,  0.0,  0.0,  0.0,  0.0, 0.0,   9.0,    5.0,   2.0,   0.0,     2.0,     0.0, 1.0    ,     0.0,     0.0,     0.0,     0.0,     0.0,     6.0
therich01, 2005,     1, PHI , NHL , D  , 47.0,  0.0,   4.0,   4.0,  34.0, -7.0 ,  0.0,  0.0,  0.0,  0.0,  0.0,    ,  16.0,       ,      ,      ,        ,        ,        ,        ,        ,        ,        ,        ,      
therrga01, 1980,     1, QUE , NHL , D  ,  3.0,  0.0,   1.0,   1.0,   2.0, -1.0 ,  0.0,     ,  0.0,     ,  0.0, 0.0,  10.0,       ,      ,      ,        ,        ,        ,        ,        ,        ,        ,        ,      
therrga01, 1981,     1, QUE , NHL , D  , 14.0,  0.0,   7.0,   7.0,   6.0, 2.0  ,  0.0,     ,  0.0,     ,  0.0, 0.0,  15.0,    9.0,   0.0,   1.0,     1.0,     4.0,        ,     0.0,        ,     0.0,        ,     0.0,      
therrga01, 1982,     1, QUE , NHL , D  ,  5.0,  0.0,   0.0,   0.0,   4.0, -4.0 ,  0.0,     ,  0.0,     ,  0.0, 0.0,   5.0,       ,      ,      ,        ,        ,        ,        ,        ,        ,        ,        ,      
thibagi01, 1986,     1, MTL , NHL , C  ,  9.0,  1.0,   3.0,   4.0,   0.0, 5.0  ,  0.0,     ,  0.0,     ,  0.0, 0.0,  10.0,       ,      ,      ,        ,        ,        ,        ,        ,        ,        ,        ,      
thibagi01, 1987,     1, MTL , NHL , C  , 17.0,  5.0,   6.0,  11.0,   0.0, 6.0  ,  2.0,  1.0,  0.0,  0.0,  1.0, 0.0,  25.0,    8.0,   3.0,   3.0,     6.0,     2.0, 0.0    ,     1.0,     0.0,     0.0,     0.0,     0.0,     6.0
thibagi01, 1988,     1, MTL , NHL , C  , 32.0,  6.0,   6.0,  12.0,   6.0, 5.0  ,  1.0,  1.0,  0.0,  0.0,  0.0, 0.0,  42.0,       ,      ,      ,        ,        ,        ,        ,        ,        ,        ,        ,      
thibagi01, 1989,     1, NYI , NHL , C  , 20.0,  4.0,   4.0,   8.0,  17.0, 2.0  ,  0.0,     ,  0.0,  0.0,  0.0, 0.0,  23.0,       ,      ,      ,        ,        ,        ,        ,        ,        ,        ,        ,      
thibagi01, 1989,     2, TOR , NHL , C  , 21.0,  7.0,  11.0,  18.0,  13.0, 6.0  ,  3.0,     ,  0.0,  0.0,  2.0, 0.0,  44.0,       ,      ,      ,        ,        ,        ,        ,        ,        ,        ,        ,      
thibagi01, 1990,     1, TOR , NHL , C  , 20.0,  2.0,   7.0,   9.0,   4.0, -7.0 ,  0.0,  2.0,  0.0,  0.0,  0.0, 0.0,  36.0,       ,      ,      ,        ,        ,        ,        ,        ,        ,        ,        ,      
thibajo01, 1993,     1, QUE , NHL , G  , 29.0,  0.0,   0.0,   0.0,   2.0, 0.0  ,  0.0,  0.0,  0.0,  0.0,  0.0, 0.0,   0.0,       ,      ,      ,        ,        ,        ,        ,        ,        ,        ,        ,      
thibajo01, 1994,     1, QUE , NHL , G  , 18.0,  0.0,   0.0,   0.0,   0.0, 0.0  ,  0.0,  0.0,  0.0,  0.0,  0.0, 0.0,   0.0,    3.0,   0.0,   0.0,     0.0,     0.0, 0.0    ,     0.0,     0.0,     0.0,     0.0,     0.0,     0.0
thibajo01, 1995,     1, COL , NHL , G  , 10.0,  0.0,   0.0,   0.0,   0.0, 0.0  ,  0.0,  0.0,  0.0,  0.0,  0.0, 0.0,   0.0,       ,      ,      ,        ,        ,        ,        ,        ,        ,        ,        ,      
thibajo01, 1995,     2, MTL , NHL , G  , 40.0,  0.0,   0.0,   0.0,   2.0, 0.0  ,  0.0,  0.0,  0.0,  0.0,  0.0, 0.0,   0.0,    6.0,   0.0,   0.0,     0.0,     0.0, 0.0    ,     0.0,     0.0,     0.0,     0.0,     0.0,     0.0
thibajo01, 1996,     1, MTL , NHL , G  , 61.0,  0.0,   0.0,   0.0,   0.0, 0.0  ,  0.0,  0.0,  0.0,  0.0,  0.0, 0.0,   0.0,    3.0,   0.0,   0.0,     0.0,     0.0, 0.0    ,     0.0,     0.0,     0.0,     0.0,     0.0,     0.0
thibajo01, 1997,     1, MTL , NHL , G  , 47.0,  0.0,   2.0,   2.0,   0.0, 0.0  ,  0.0,  1.0,  0.0,  0.0,  0.0, 0.0,   0.0,    2.0,   0.0,   1.0,     1.0,     0.0, 0.0    ,     0.0,     0.0,     0.0,     0.0,     0.0,     0.0
thibajo01, 1998,     1, MTL , NHL , G  , 10.0,  0.0,   0.0,   0.0,   0.0, 0.0  ,  0.0,  0.0,  0.0,  0.0,  0.0, 0.0,   0.0,       ,      ,      ,        ,        ,        ,        ,        ,        ,        ,        ,      
thibajo01, 1998,     2, CHI , NHL , G  , 52.0,  0.0,   1.0,   1.0,   2.0, 0.0  ,  0.0,  0.0,  0.0,  0.0,  0.0, 0.0,   0.0,       ,      ,      ,        ,        ,        ,        ,        ,        ,        ,        ,      
thibajo01, 1999,     1, CHI , NHL , G  , 60.0,  0.0,   0.0,   0.0,   2.0, 0.0  ,  0.0,  0.0,  0.0,  0.0,  0.0, 0.0,   0.0,       ,      ,      ,        ,        ,        ,        ,        ,        ,        ,        ,      
thibajo01, 2000,     1, CHI , NHL , G  , 66.0,  0.0,   3.0,   3.0,   2.0, 0.0  ,  0.0,  0.0,  0.0,  1.0,  0.0, 0.0,   0.0,       ,      ,      ,        ,        ,        ,        ,        ,        ,        ,        ,      
thibajo01, 2001,     1, CHI , NHL , G  , 67.0,  0.0,   0.0,   0.0,   2.0, 0.0  ,  0.0,  0.0,  0.0,  0.0,  0.0, 0.0,   0.0,    3.0,   0.0,   0.0,     0.0,     0.0, 0.0    ,     0.0,     0.0,     0.0,     0.0,     0.0,     0.0
thibajo01, 2002,     1, CHI , NHL , G  , 62.0,  0.0,   0.0,   0.0,   4.0, 0.0  ,  0.0,  0.0,  0.0,  0.0,  0.0, 0.0,   0.0,       ,      ,      ,        ,        ,        ,        ,        ,        ,        ,        ,      
thibajo01, 2003,     1, CHI , NHL , G  , 14.0,  0.0,   0.0,   0.0,   0.0, 0.0  ,  0.0,  0.0,  0.0,  0.0,  0.0, 0.0,   0.0,       ,      ,      ,        ,        ,        ,        ,        ,        ,        ,        ,      
thibajo01, 2005,     1, PIT , NHL , G  , 16.0,  0.0,   0.0,   0.0,   2.0, 0.0  ,  0.0,  0.0,  0.0,  0.0,  0.0,    ,   0.0,       ,      ,      ,        ,        ,        ,        ,        ,        ,        ,        ,      
thibajo01, 2006,     1, PIT , NHL , G  , 22.0,  0.0,   0.0,   0.0,   0.0, 0.0  ,  0.0,  0.0,  0.0,  0.0,  0.0,    ,   0.0,    1.0,   0.0,   0.0,     0.0,     0.0, 0.0    ,     0.0,     0.0,     0.0,     0.0,     0.0,     0.0
thibajo01, 2007,     1, BUF , NHL , G  , 12.0,  0.0,   0.0,   0.0,   0.0, 0.0  ,  0.0,  0.0,  0.0,  0.0,  0.0,    ,   0.0,       ,      ,      ,        ,        ,        ,        ,        ,        ,        ,        ,      
thibelo01, 1944,     1, DET , NHL , L  ,  4.0,  0.0,   2.0,   2.0,   2.0,      ,     ,     ,     ,     ,     ,    ,      ,       ,      ,      ,        ,        ,        ,        ,        ,        ,        ,        ,      
thibelo01, 1945,     1, MTL , NHL , L  ,  1.0,  0.0,   0.0,   0.0,   0.0,      ,     ,     ,     ,     ,     ,    ,      ,       ,      ,      ,        ,        ,        ,        ,        ,        ,        ,        ,      
thiffle01, 1967,     1, MNS , NHL , L  ,     ,     ,      ,      ,      ,      ,     ,     ,     ,     ,     ,    ,      ,    5.0,   0.0,   0.0,     0.0,     0.0,        ,     0.0,        ,     0.0,        ,     0.0,      
thomabi01, 2005,     1, PHO , NHL , R  ,  9.0,  1.0,   2.0,   3.0,   8.0, -2.0 ,  1.0,  0.0,  0.0,  0.0,  0.0,    ,  15.0,       ,      ,      ,        ,        ,        ,        ,        ,        ,        ,        ,      
thomabi01, 2006,     1, PHO , NHL , R  , 24.0,  8.0,   6.0,  14.0,   2.0, -6.0 ,  4.0,  3.0,  0.0,  0.0,  1.0,    ,  60.0,       ,      ,      ,        ,        ,        ,        ,        ,        ,        ,        ,      
thomabi01, 2007,     1, PHO , NHL , R  ,  7.0,  0.0,   0.0,   0.0,   0.0, -2.0 ,  0.0,  0.0,  0.0,  0.0,  0.0,    ,   9.0,       ,      ,      ,        ,        ,        ,        ,        ,        ,        ,        ,      
thomabi01, 2008,     1, PIT , NHL , R  , 16.0,  2.0,   1.0,   3.0,   2.0, -4.0 ,  0.0,  0.0,  1.0,  0.0,  0.0,    ,  17.0,       ,      ,      ,        ,        ,        ,        ,        ,        ,        ,        ,      
thomacy01, 1947,     1, CHI , NHL , L  ,  6.0,  1.0,   0.0,   1.0,   8.0,      ,     ,     ,     ,     ,     ,    ,      ,       ,      ,      ,        ,        ,        ,        ,        ,        ,        ,        ,      
thomacy01, 1947,     2, TOR , NHL , L  ,  8.0,  1.0,   2.0,   3.0,   4.0,      ,     ,     ,     ,     ,     ,    ,      ,       ,      ,      ,        ,        ,        ,        ,        ,        ,        ,        ,      
thomare01, 1973,     1, LAS , WHA , C  , 72.0, 14.0,  21.0,  35.0,  22.0,      ,  1.0,     ,  0.0,     ,  3.0,    ,      ,       ,      ,      ,        ,        ,        ,        ,        ,        ,        ,        ,      
thomare01, 1974,     1, MIB , WHA , C  , 50.0,  8.0,  13.0,  21.0,  42.0, -23.0,  2.0,     ,  0.0,     ,     ,    , 147.0,       ,      ,      ,        ,        ,        ,        ,        ,        ,        ,        ,      
thomare01, 1975,     1, IND , WHA , C  , 80.0, 23.0,  17.0,  40.0,  23.0, 1.0  ,  4.0,     ,  0.0,     ,  2.0,    , 192.0,    7.0,   1.0,   0.0,     1.0,     4.0, -1.0   ,        ,        ,        ,        ,        ,      
thomare01, 1976,     1, IND , WHA , C  , 79.0, 25.0,  30.0,  55.0,  34.0, -9.0 ,  5.0,     ,  0.0,     ,     ,    , 241.0,    9.0,   7.0,   9.0,    16.0,     4.0, 8.0    ,        ,        ,        ,        ,     0.0,      
thomare01, 1977,     1, IND , WHA , C  , 49.0, 15.0,  16.0,  31.0,  44.0, -11.0,  7.0,     ,  0.0,     ,     ,    , 120.0,       ,      ,      ,        ,        ,        ,        ,        ,        ,        ,        ,      
thomare01, 1977,     2, CIN , WHA , C  , 18.0,  4.0,   2.0,   6.0,  12.0, -5.0 ,  0.0,     ,  0.0,     ,     ,    ,  44.0,       ,      ,      ,        ,        ,        ,        ,        ,        ,        ,        ,      
thomare01, 1978,     1, CIN , WHA , C  , 80.0, 32.0,  39.0,  71.0,  22.0, 3.0  ,  7.0,     ,  0.0,     ,     ,    , 224.0,    3.0,   1.0,   1.0,     2.0,     0.0, 0.0    ,        ,        ,        ,        ,     0.0,      
thomare01, 1979,     1, QUE , NHL , L  , 39.0,  9.0,   7.0,  16.0,   6.0, -5.0 ,  2.0,     ,  0.0,     ,  0.0, 1.0,  89.0,       ,      ,      ,        ,        ,        ,        ,        ,        ,        ,        ,      
thomasc01, 1992,     1, BUF , NHL , R  ,  7.0,  1.0,   1.0,   2.0,  15.0, 2.0  ,  0.0,  0.0,  0.0,  0.0,  0.0, 0.0,   4.0,       ,      ,      ,        ,        ,        ,        ,        ,        ,        ,        ,      
thomasc01, 1993,     1, BUF , NHL , R  , 32.0,  2.0,   2.0,   4.0,   8.0, -6.0 ,  1.0,  0.0,  0.0,  0.0,  0.0, 0.0,  26.0,       ,      ,      ,        ,        ,        ,        ,        ,        ,        ,        ,      
thomasc01, 2000,     1, LAK , NHL , L  , 24.0,  3.0,   1.0,   4.0,   9.0, 0.0  ,  0.0,  0.0,  0.0,  0.0,  0.0, 0.0,  16.0,   12.0,   1.0,   0.0,     1.0,     4.0, -1.0   ,     1.0,     0.0,     0.0,     0.0,     0.0,     6.0
thomast01, 1984,     1, TOR , NHL , L  , 18.0,  1.0,   1.0,   2.0,   2.0, -13.0,  0.0,     ,  0.0,     ,  0.0, 0.0,  26.0,       ,      ,      ,        ,        ,        ,        ,        ,        ,        ,        ,      
thomast01, 1985,     1, TOR , NHL , L  , 65.0, 20.0,  37.0,  57.0,  36.0, -15.0,  5.0,     ,  0.0,     ,  5.0, 0.0, 197.0,   10.0,   6.0,   8.0,    14.0,     9.0, 2.0    ,     3.0,        ,     0.0,        ,     0.0,    36.0
thomast01, 1986,     1, TOR , NHL , L  , 78.0, 35.0,  27.0,  62.0, 114.0, -3.0 ,  3.0,     ,  0.0,     ,  7.0, 1.0, 245.0,   13.0,   2.0,   3.0,     5.0,    13.0, -4.0   ,     1.0,        ,     0.0,        ,     0.0,    31.0
thomast01, 1987,     1, CHI , NHL , L  , 30.0, 13.0,  13.0,  26.0,  40.0, 1.0  ,  5.0,  4.0,  0.0,  0.0,  3.0, 1.0,  69.0,    3.0,   1.0,   2.0,     3.0,     6.0, 1.0    ,     0.0,     2.0,     0.0,     0.0,     0.0,     7.0
thomast01, 1988,     1, CHI , NHL , L  , 45.0, 21.0,  19.0,  40.0,  69.0, -2.0 ,  8.0,  5.0,  0.0,  1.0,  0.0, 0.0, 124.0,   12.0,   3.0,   5.0,     8.0,    10.0, -2.0   ,     1.0,     3.0,     0.0,     0.0,     2.0,    23.0
thomast01, 1989,     1, CHI , NHL , R  , 76.0, 40.0,  30.0,  70.0,  91.0, -3.0 , 13.0,  5.0,  0.0,  0.0,  7.0, 0.0, 235.0,   20.0,   7.0,   6.0,    13.0,    33.0, 2.0    ,     1.0,     0.0,     0.0,     0.0,     3.0,    60.0
thomast01, 1990,     1, CHI , NHL , L  , 69.0, 19.0,  35.0,  54.0, 129.0, 8.0  ,  2.0,  7.0,  0.0,  0.0,  3.0, 0.0, 192.0,    6.0,   1.0,   2.0,     3.0,    15.0, 3.0    ,     0.0,     0.0,     0.0,     0.0,     0.0,    17.0
thomast01, 1991,     1, CHI , NHL , R  , 11.0,  2.0,   6.0,   8.0,  26.0, -3.0 ,  0.0,  0.0,  0.0,  0.0,  1.0, 0.0,  35.0,       ,      ,      ,        ,        ,        ,        ,        ,        ,        ,        ,      
thomast01, 1991,     2, NYI , NHL , R  , 71.0, 28.0,  42.0,  70.0,  71.0, 11.0 ,  3.0, 18.0,  0.0,  0.0,  2.0, 1.0, 210.0,       ,      ,      ,        ,        ,        ,        ,        ,        ,        ,        ,      
thomast01, 1992,     1, NYI , NHL , R  , 79.0, 37.0,  50.0,  87.0, 111.0, 3.0  , 12.0, 26.0,  0.0,  0.0,  7.0, 0.0, 264.0,   18.0,   9.0,   8.0,    17.0,    37.0, -1.0   ,     1.0,     2.0,     0.0,     0.0,     1.0,    66.0
thomast01, 1993,     1, NYI , NHL , R  , 78.0, 42.0,  33.0,  75.0, 139.0, -9.0 , 17.0, 13.0,  0.0,  0.0,  5.0, 2.0, 249.0,    4.0,   1.0,   0.0,     1.0,     8.0, -5.0   ,     1.0,     0.0,     0.0,     0.0,     0.0,     9.0
thomast01, 1994,     1, NYI , NHL , R  , 47.0, 11.0,  15.0,  26.0,  60.0, -14.0,  3.0,  6.0,  0.0,  0.0,  2.0, 0.0, 133.0,       ,      ,      ,        ,        ,        ,        ,        ,        ,        ,        ,      
thomast01, 1995,     1, NJD , NHL , L  , 81.0, 26.0,  35.0,  61.0,  98.0, -2.0 ,  6.0, 11.0,  0.0,  0.0,  6.0, 1.0, 192.0,       ,      ,      ,        ,        ,        ,        ,        ,        ,        ,        ,      
thomast01, 1996,     1, NJD , NHL , R  , 57.0, 15.0,  19.0,  34.0,  46.0, 9.0  ,  1.0,  2.0,  0.0,  0.0,  2.0, 0.0, 124.0,   10.0,   1.0,   1.0,     2.0,    18.0, -6.0   ,     0.0,     1.0,     0.0,     0.0,     0.0,    25.0
thomast01, 1997,     1, NJD , NHL , R  , 55.0, 14.0,  10.0,  24.0,  32.0, 4.0  ,  3.0,  1.0,  0.0,  0.0,  4.0, 1.0, 111.0,    6.0,   0.0,   3.0,     3.0,     2.0, 1.0    ,     0.0,     0.0,     0.0,     0.0,     0.0,    12.0
thomast01, 1998,     1, TOR , NHL , L  , 78.0, 28.0,  45.0,  73.0,  33.0, 26.0 , 11.0,  7.0,  0.0,  0.0,  7.0, 0.0, 209.0,   17.0,   6.0,   3.0,     9.0,    12.0, -1.0   ,     2.0,     0.0,     0.0,     0.0,     1.0,    41.0
thomast01, 1999,     1, TOR , NHL , R  , 81.0, 26.0,  37.0,  63.0,  68.0, 1.0  ,  9.0, 15.0,  0.0,  0.0,  9.0, 0.0, 151.0,   12.0,   6.0,   3.0,     9.0,    10.0, 8.0    ,     0.0,     0.0,     0.0,     0.0,     1.0,    32.0
thomast01, 2000,     1, TOR , NHL , R  , 57.0,  8.0,  26.0,  34.0,  46.0, 0.0  ,  1.0,  7.0,  0.0,  0.0,  1.0, 0.0, 140.0,   11.0,   6.0,   3.0,     9.0,     4.0, 4.0    ,     4.0,     0.0,     0.0,     0.0,     0.0,    27.0
thomast01, 2001,     1, CHI , NHL , R  , 34.0, 11.0,   4.0,  15.0,  17.0, 0.0  ,  3.0,  0.0,  0.0,  0.0,  0.0, 0.0,  66.0,    5.0,   1.0,   1.0,     2.0,     0.0, -3.0   ,     0.0,     0.0,     0.0,     0.0,     0.0,     8.0
thomast01, 2002,     1, CHI , NHL , R  , 69.0,  4.0,  13.0,  17.0,  51.0, 0.0  ,  0.0,  3.0,  0.0,  0.0,  1.0, 0.0,  91.0,       ,      ,      ,        ,        ,        ,        ,        ,        ,        ,        ,      
thomast01, 2002,     2, ANA , NHL , R  , 12.0, 10.0,   3.0,  13.0,   2.0, 10.0 ,  1.0,  0.0,  0.0,  0.0,  3.0, 0.0,  27.0,   21.0,   4.0,   4.0,     8.0,     8.0, 2.0    ,     2.0,     0.0,     0.0,     0.0,     3.0,    40.0
thomast01, 2003,     1, DET , NHL , L  , 44.0, 10.0,  12.0,  22.0,  25.0, 8.0  ,  0.0,  1.0,  0.0,  0.0,  3.0, 0.0,  80.0,    6.0,   0.0,   1.0,     1.0,     2.0, 1.0    ,     0.0,     0.0,     0.0,     0.0,     0.0,    10.0
thomati01, 2002,     1, BOS , NHL , G  ,  4.0,  0.0,   0.0,   0.0,   0.0, 0.0  ,  0.0,  0.0,  0.0,  0.0,  0.0, 0.0,   0.0,       ,      ,      ,        ,        ,        ,        ,        ,        ,        ,        ,      
thomati01, 2005,     1, BOS , NHL , G  , 38.0,  0.0,   1.0,   1.0,   4.0, 0.0  ,  0.0,  0.0,  0.0,  0.0,  0.0,    ,   0.0,       ,      ,      ,        ,        ,        ,        ,        ,        ,        ,        ,      
thomati01, 2006,     1, BOS , NHL , G  , 66.0,  0.0,   0.0,   0.0,   6.0, 0.0  ,  0.0,  0.0,  0.0,  0.0,  0.0,    ,   0.0,       ,      ,      ,        ,        ,        ,        ,        ,        ,        ,        ,      
thomati01, 2007,     1, BOS , NHL , G  , 57.0,  0.0,   0.0,   0.0,   2.0, 0.0  ,  0.0,  0.0,  0.0,  0.0,  0.0,    ,   0.0,    7.0,   0.0,   0.0,     0.0,     0.0, 0.0    ,     0.0,     0.0,     0.0,     0.0,     0.0,     0.0
thomati01, 2008,     1, BOS , NHL , G  , 54.0,  0.0,   1.0,   1.0,   6.0, 0.0  ,  0.0,  1.0,  0.0,  0.0,  0.0,    ,   0.0,   11.0,   0.0,   1.0,     1.0,     0.0, 0.0    ,     0.0,     1.0,     0.0,     0.0,     0.0,     0.0
thomati01, 2009,     1, BOS , NHL , G  , 43.0,  0.0,   0.0,   0.0,   8.0, 0.0  ,  0.0,  0.0,  0.0,  0.0,  0.0,    ,   0.0,       ,      ,      ,        ,        ,        ,        ,        ,        ,        ,        ,      
thomawa01, 1972,     1, MTL , NHL , G  , 10.0,  0.0,   1.0,   1.0,   2.0, 0.0  ,  0.0,     ,  0.0,     ,  0.0, 0.0,   0.0,       ,      ,      ,        ,        ,        ,        ,        ,        ,        ,        ,      
thomawa01, 1973,     1, MTL , NHL , G  , 42.0,  0.0,   2.0,   2.0,   6.0, 0.0  ,  0.0,     ,  0.0,     ,  0.0, 0.0,   0.0,       ,      ,      ,        ,        ,        ,        ,        ,        ,        ,        ,      
thomawa01, 1975,     1, TOR , NHL , G  , 64.0,  0.0,   0.0,   0.0,  18.0, 0.0  ,  0.0,     ,  0.0,     ,  0.0, 0.0,   0.0,   10.0,   0.0,   0.0,     0.0,     0.0,        ,     0.0,        ,     0.0,        ,     0.0,      
thomawa01, 1976,     1, TOR , NHL , G  , 33.0,  0.0,   1.0,   1.0,   4.0, 0.0  ,  0.0,     ,  0.0,     ,  0.0, 0.0,   0.0,    4.0,   0.0,   0.0,     0.0,     0.0,        ,     0.0,        ,     0.0,        ,     0.0,      
thomawa01, 1977,     1, NYR , NHL , G  , 41.0,  0.0,   1.0,   1.0,   9.0, 0.0  ,  0.0,     ,  0.0,     ,  0.0, 0.0,   0.0,    1.0,   0.0,   0.0,     0.0,     0.0,        ,     0.0,        ,     0.0,        ,     0.0,      
thomawa01, 1978,     1, NYR , NHL , G  , 31.0,  0.0,   0.0,   0.0,   0.0, 0.0  ,  0.0,     ,  0.0,     ,  0.0, 0.0,   0.0,       ,      ,      ,        ,        ,        ,        ,        ,        ,        ,        ,      
thomawa01, 1979,     1, NYR , NHL , G  , 12.0,  0.0,   0.0,   0.0,   0.0, 0.0  ,  0.0,     ,  0.0,     ,  0.0, 0.0,   0.0,       ,      ,      ,        ,        ,        ,        ,        ,        ,        ,        ,      
thomawa01, 1980,     1, NYR , NHL , G  , 10.0,  0.0,   2.0,   2.0,   2.0, 0.0  ,  0.0,     ,  0.0,     ,  0.0, 0.0,   0.0,       ,      ,      ,        ,        ,        ,        ,        ,        ,        ,        ,      
thomlda01, 1989,     1, STL , NHL , L  , 19.0,  1.0,   2.0,   3.0,  12.0, -4.0 ,  0.0,  0.0,  0.0,  0.0,  0.0, 0.0,  17.0,       ,      ,      ,        ,        ,        ,        ,        ,        ,        ,        ,      
thomlda01, 1990,     1, STL , NHL , L  ,  3.0,  0.0,   0.0,   0.0,   0.0, -3.0 ,  0.0,  0.0,  0.0,  0.0,  0.0, 0.0,   0.0,    9.0,   3.0,   1.0,     4.0,     4.0, 2.0    ,     1.0,     0.0,     0.0,     0.0,     1.0,    12.0
thomlda01, 1991,     1, BOS , NHL , L  , 12.0,  0.0,   1.0,   1.0,  17.0, -2.0 ,  0.0,  0.0,  0.0,  0.0,  0.0, 0.0,  12.0,       ,      ,      ,        ,        ,        ,        ,        ,        ,        ,        ,      
thomlda01, 1993,     1, LAK , NHL , R  ,  7.0,  0.0,   0.0,   0.0,  21.0, -6.0 ,  0.0,  0.0,  0.0,  0.0,  0.0, 0.0,   6.0,       ,      ,      ,        ,        ,        ,        ,        ,        ,        ,        ,      
thomlda01, 1994,     1, LAK , NHL , L  ,  1.0,  0.0,   0.0,   0.0,   0.0, -1.0 ,  0.0,  0.0,  0.0,  0.0,  0.0, 0.0,   0.0,       ,      ,      ,        ,        ,        ,        ,        ,        ,        ,        ,      
thompbr01, 1991,     1, LAK , NHL , D  , 27.0,  0.0,   5.0,   5.0,  89.0, -7.0 ,  0.0,  0.0,  0.0,  0.0,  0.0, 0.0,  18.0,    4.0,   0.0,   0.0,     0.0,     4.0, 1.0    ,     0.0,     0.0,     0.0,     0.0,     0.0,     2.0
thompbr01, 1992,     1, LAK , NHL , D  , 30.0,  0.0,   4.0,   4.0,  76.0, -4.0 ,  0.0,  0.0,  0.0,  0.0,  0.0, 0.0,  18.0,       ,      ,      ,        ,        ,        ,        ,        ,        ,        ,        ,      
thompbr01, 1993,     1, LAK , NHL , D  , 24.0,  1.0,   0.0,   1.0,  81.0, -1.0 ,  0.0,  0.0,  0.0,  0.0,  0.0, 0.0,   9.0,       ,      ,      ,        ,        ,        ,        ,        ,        ,        ,        ,      
thompbr01, 1994,     1, WIN , NHL , D  , 29.0,  0.0,   0.0,   0.0,  78.0, -17.0,  0.0,  0.0,  0.0,  0.0,  0.0, 0.0,  16.0,       ,      ,      ,        ,        ,        ,        ,        ,        ,        ,        ,      
thompbr01, 1995,     1, WIN , NHL , D  , 10.0,  0.0,   1.0,   1.0,  21.0, -2.0 ,  0.0,  0.0,  0.0,  0.0,  0.0, 0.0,   7.0,       ,      ,      ,        ,        ,        ,        ,        ,        ,        ,        ,      
thompbr01, 1996,     1, PHO , NHL , D  ,  1.0,  0.0,   0.0,   0.0,   7.0, -1.0 ,  0.0,  0.0,  0.0,  0.0,  0.0, 0.0,   0.0,       ,      ,      ,        ,        ,        ,        ,        ,        ,        ,        ,      
thompcl01, 1941,     1, BOS , NHL , D  ,  3.0,  0.0,   0.0,   0.0,   2.0,      ,     ,     ,     ,     ,     ,    ,      ,       ,      ,      ,        ,        ,        ,        ,        ,        ,        ,        ,      
thompcl01, 1948,     1, BOS , NHL , D  , 10.0,  0.0,   1.0,   1.0,   0.0,      ,     ,     ,     ,     ,     ,    ,      ,       ,      ,      ,        ,        ,        ,        ,        ,        ,        ,        ,      
thomper01, 1970,     1, TOR , NHL , L  ,  1.0,  0.0,   0.0,   0.0,   0.0, -1.0 ,  0.0,     ,  0.0,     ,  0.0, 0.0,   0.0,       ,      ,      ,        ,        ,        ,        ,        ,        ,        ,        ,      
thomper01, 1972,     1, TOR , NHL , L  , 68.0, 13.0,  19.0,  32.0,   8.0, 4.0  ,  2.0,     ,  0.0,     ,  1.0, 0.0, 137.0,       ,      ,      ,        ,        ,        ,        ,        ,        ,        ,        ,      
thomper01, 1973,     1, TOR , NHL , L  , 56.0,  7.0,   8.0,  15.0,   6.0, 2.0  ,  0.0,     ,  0.0,     ,  2.0, 0.0,  74.0,    2.0,   0.0,   1.0,     1.0,     0.0,        ,     0.0,        ,     0.0,        ,     0.0,      
thomper01, 1974,     1, TOR , NHL , L  , 65.0, 25.0,  17.0,  42.0,  12.0, -1.0 ,  3.0,     ,  1.0,     ,  4.0, 3.0, 202.0,    6.0,   0.0,   0.0,     0.0,     9.0,        ,     0.0,        ,     0.0,        ,     0.0,      
thomper01, 1975,     1, TOR , NHL , L  , 75.0, 43.0,  37.0,  80.0,  26.0, 28.0 , 13.0,     ,  1.0,     ,  7.0, 1.0, 210.0,   10.0,   3.0,   3.0,     6.0,     0.0,        ,     2.0,        ,     1.0,        ,     0.0,      
thomper01, 1976,     1, TOR , NHL , L  , 41.0, 21.0,  16.0,  37.0,   8.0, -10.0,  8.0,     ,  1.0,     ,  2.0, 2.0, 109.0,    9.0,   2.0,   0.0,     2.0,     0.0,        ,     0.0,        ,     0.0,        ,     1.0,      
thomper01, 1977,     1, TOR , NHL , L  , 59.0, 17.0,  22.0,  39.0,  10.0, 17.0 ,  4.0,     ,  1.0,     ,  2.0, 0.0, 132.0,       ,      ,      ,        ,        ,        ,        ,        ,        ,        ,        ,      
thomper01, 1977,     2, DET , NHL , L  , 14.0,  5.0,   1.0,   6.0,   2.0, -4.0 ,  1.0,     ,  0.0,     ,  0.0, 1.0,  27.0,    7.0,   2.0,   1.0,     3.0,     2.0,        ,     1.0,        ,     0.0,        ,     1.0,      
thomper01, 1978,     1, DET , NHL , L  , 70.0, 23.0,  31.0,  54.0,  26.0, -28.0,  8.0,     ,  0.0,     ,  3.0, 0.0, 163.0,       ,      ,      ,        ,        ,        ,        ,        ,        ,        ,        ,      
thomper01, 1979,     1, DET , NHL , L  , 77.0, 34.0,  14.0,  48.0,  22.0, -10.0,  8.0,     ,  2.0,     ,  3.0, 0.0, 164.0,       ,      ,      ,        ,        ,        ,        ,        ,        ,        ,        ,      
thomper01, 1980,     1, DET , NHL , L  , 39.0, 14.0,  12.0,  26.0,  52.0, -4.0 ,  5.0,     ,  0.0,     ,  2.0, 1.0,  83.0,       ,      ,      ,        ,        ,        ,        ,        ,        ,        ,        ,      
thomper01, 1980,     2, PIT , NHL , L  , 34.0,  6.0,   8.0,  14.0,  12.0, -9.0 ,  0.0,     ,  0.0,     ,  1.0, 0.0,  54.0,       ,      ,      ,        ,        ,        ,        ,        ,        ,        ,        ,      
thompke01, 1917,     1, MTW , NHL , F  ,  1.0,  0.0,   0.0,   0.0,   0.0,      ,     ,     ,     ,     ,  0.0,    ,      ,       ,      ,      ,        ,        ,        ,        ,        ,        ,        ,        ,      
thompna01, 2006,     1, BOS , NHL , C  ,  4.0,  0.0,   0.0,   0.0,   0.0, 0.0  ,  0.0,  0.0,  0.0,  0.0,  0.0,    ,   5.0,       ,      ,      ,        ,        ,        ,        ,        ,        ,        ,        ,      
thompna01, 2008,     1, NYI , NHL , C  , 43.0,  2.0,   2.0,   4.0,  49.0, -11.0,  0.0,  0.0,  1.0,  0.0,  0.0,    ,  56.0,       ,      ,      ,        ,        ,        ,        ,        ,        ,        ,        ,      
thompna01, 2009,     1, NYI , NHL , C  , 39.0,  1.0,   5.0,   6.0,  39.0, -14.0,  0.0,  0.0,  0.0,  0.0,  0.0,    ,  48.0,       ,      ,      ,        ,        ,        ,        ,        ,        ,        ,        ,      
thompna01, 2009,     2, TBL , NHL , C  , 32.0,  1.0,   3.0,   4.0,  17.0, -3.0 ,  0.0,  0.0,  0.0,  0.0,  0.0,    ,  44.0,       ,      ,      ,        ,        ,        ,        ,        ,        ,        ,        ,      
thomppa01, 1926,     1, NYR , NHL , L  , 43.0,  7.0,   3.0,  10.0,  12.0,      ,     ,     ,     ,     ,     ,    ,      ,    2.0,   0.0,   0.0,     0.0,     0.0,        ,        ,        ,        ,        ,        ,      
thomppa01, 1927,     1, NYR , NHL , L  , 42.0,  4.0,   4.0,   8.0,  22.0,      ,     ,     ,     ,     ,     ,    ,      ,    8.0,   0.0,   0.0,     0.0,    30.0,        ,        ,        ,        ,        ,        ,      
thomppa01, 1928,     1, NYR , NHL , L  , 44.0, 10.0,   7.0,  17.0,  38.0,      ,     ,     ,     ,     ,     ,    ,      ,    6.0,   0.0,   2.0,     2.0,     6.0,        ,        ,        ,        ,        ,        ,      
thomppa01, 1929,     1, NYR , NHL , L  , 44.0,  7.0,  12.0,  19.0,  36.0,      ,     ,     ,     ,     ,     ,    ,      ,    4.0,   0.0,   0.0,     0.0,     2.0,        ,        ,        ,        ,        ,        ,      
thomppa01, 1930,     1, NYR , NHL , L  , 44.0,  7.0,   7.0,  14.0,  36.0,      ,     ,     ,     ,     ,     ,    ,      ,    4.0,   3.0,   0.0,     3.0,     2.0,        ,        ,        ,        ,        ,        ,      
thomppa01, 1931,     1, CHI , NHL , L  , 48.0,  8.0,  14.0,  22.0,  34.0,      ,     ,     ,     ,     ,     ,    ,      ,    2.0,   0.0,   0.0,     0.0,     2.0,        ,        ,        ,        ,        ,        ,      
thomppa01, 1932,     1, CHI , NHL , L  , 48.0, 13.0,  20.0,  33.0,  27.0,      ,     ,     ,     ,     ,     ,    ,      ,       ,      ,      ,        ,        ,        ,        ,        ,        ,        ,        ,      
thomppa01, 1933,     1, CHI , NHL , L  , 48.0, 20.0,  16.0,  36.0,  17.0,      ,     ,     ,     ,     ,     ,    ,      ,    8.0,   4.0,   3.0,     7.0,     6.0,        ,        ,        ,        ,        ,        ,      
thomppa01, 1934,     1, CHI , NHL , L  , 48.0, 16.0,  23.0,  39.0,  20.0,      ,     ,     ,     ,     ,     ,    ,      ,    2.0,   0.0,   0.0,     0.0,     0.0,        ,        ,        ,        ,        ,        ,      
thomppa01, 1935,     1, CHI , NHL , L  , 45.0, 17.0,  23.0,  40.0,  19.0,      ,     ,     ,     ,     ,     ,    ,      ,    2.0,   0.0,   3.0,     3.0,     0.0,        ,        ,        ,        ,        ,        ,      
thomppa01, 1936,     1, CHI , NHL , L  , 47.0, 17.0,  18.0,  35.0,  28.0,      ,     ,     ,     ,     ,     ,    ,      ,       ,      ,      ,        ,        ,        ,        ,        ,        ,        ,        ,      
thomppa01, 1937,     1, CHI , NHL , L  , 48.0, 22.0,  22.0,  44.0,  14.0,      ,     ,     ,     ,     ,     ,    ,      ,   10.0,   4.0,   3.0,     7.0,     6.0,        ,        ,        ,        ,        ,        ,      
thomppa01, 1938,     1, CHI , NHL , L  , 33.0,  5.0,  10.0,  15.0,  33.0,      ,     ,     ,     ,     ,     ,    ,      ,       ,      ,      ,        ,        ,        ,        ,        ,        ,        ,        ,      
thompro01, 1997,     1, CAL , NHL , D  , 12.0,  0.0,   0.0,   0.0,  61.0, 0.0  ,  0.0,  0.0,  0.0,  0.0,  0.0, 0.0,   3.0,       ,      ,      ,        ,        ,        ,        ,        ,        ,        ,        ,      
thompro01, 1998,     1, CAL , NHL , R  ,  3.0,  0.0,   0.0,   0.0,  25.0, 0.0  ,  0.0,  0.0,  0.0,  0.0,  0.0, 0.0,   0.0,       ,      ,      ,        ,        ,        ,        ,        ,        ,        ,        ,      
thompro01, 2000,     1, FLO , NHL , R  ,  4.0,  0.0,   0.0,   0.0,  19.0, 0.0  ,  0.0,  0.0,  0.0,  0.0,  0.0, 0.0,   0.0,       ,      ,      ,        ,        ,        ,        ,        ,        ,        ,        ,      
thompro01, 2001,     1, FLO , NHL , R  ,  6.0,  0.0,   0.0,   0.0,  12.0, 0.0  ,  0.0,  0.0,  0.0,  0.0,  0.0, 0.0,   1.0,       ,      ,      ,        ,        ,        ,        ,        ,        ,        ,        ,      
thompti01, 1928,     1, BOS , NHL , G  , 44.0,  0.0,   0.0,   0.0,   0.0,      ,     ,     ,     ,     ,     ,    ,      ,    5.0,   0.0,   0.0,     0.0,     0.0,        ,        ,        ,        ,        ,        ,      
thompti01, 1929,     1, BOS , NHL , G  , 44.0,  0.0,   0.0,   0.0,   0.0,      ,     ,     ,     ,     ,     ,    ,      ,    6.0,   0.0,   0.0,     0.0,     0.0,        ,        ,        ,        ,        ,        ,      
thompti01, 1930,     1, BOS , NHL , G  , 44.0,  0.0,   0.0,   0.0,   0.0,      ,     ,     ,     ,     ,     ,    ,      ,    5.0,   0.0,   0.0,     0.0,     0.0,        ,        ,        ,        ,        ,        ,      
thompti01, 1931,     1, BOS , NHL , G  , 43.0,  0.0,   0.0,   0.0,   0.0,      ,     ,     ,     ,     ,     ,    ,      ,       ,      ,      ,        ,        ,        ,        ,        ,        ,        ,        ,      
thompti01, 1932,     1, BOS , NHL , G  , 48.0,  0.0,   0.0,   0.0,   0.0,      ,     ,     ,     ,     ,     ,    ,      ,    5.0,   0.0,   0.0,     0.0,     0.0,        ,        ,        ,        ,        ,        ,      
thompti01, 1933,     1, BOS , NHL , G  , 48.0,  0.0,   0.0,   0.0,   0.0,      ,     ,     ,     ,     ,     ,    ,      ,       ,      ,      ,        ,        ,        ,        ,        ,        ,        ,        ,      
thompti01, 1934,     1, BOS , NHL , G  , 48.0,  0.0,   0.0,   0.0,   0.0,      ,     ,     ,     ,     ,     ,    ,      ,    4.0,   0.0,   0.0,     0.0,     0.0,        ,        ,        ,        ,        ,        ,      
thompti01, 1935,     1, BOS , NHL , G  , 48.0,  0.0,   1.0,   1.0,   0.0,      ,     ,     ,     ,     ,     ,    ,      ,    2.0,   0.0,   0.0,     0.0,     0.0,        ,        ,        ,        ,        ,        ,      
thompti01, 1936,     1, BOS , NHL , G  , 48.0,  0.0,   0.0,   0.0,   0.0,      ,     ,     ,     ,     ,     ,    ,      ,    3.0,   0.0,   0.0,     0.0,     0.0,        ,        ,        ,        ,        ,        ,      
thompti01, 1937,     1, BOS , NHL , G  , 48.0,  0.0,   0.0,   0.0,   0.0,      ,     ,     ,     ,     ,     ,    ,      ,    3.0,   0.0,   0.0,     0.0,     0.0,        ,        ,        ,        ,        ,        ,      
thompti01, 1938,     1, BOS , NHL , G  ,  5.0,  0.0,   0.0,   0.0,   0.0,      ,     ,     ,     ,     ,     ,    ,      ,       ,      ,      ,        ,        ,        ,        ,        ,        ,        ,        ,      
thompti01, 1938,     2, DET , NHL , G  , 39.0,  0.0,   0.0,   0.0,   0.0,      ,     ,     ,     ,     ,     ,    ,      ,    6.0,   0.0,   0.0,     0.0,     0.0,        ,        ,        ,        ,        ,        ,      
thompti01, 1939,     1, DET , NHL , G  , 46.0,  0.0,   0.0,   0.0,   0.0,      ,     ,     ,     ,     ,     ,    ,      ,    5.0,   0.0,   0.0,     0.0,     0.0,        ,        ,        ,        ,        ,        ,      
thomsbi01, 1938,     1, DET , NHL , R  ,  4.0,  0.0,   0.0,   0.0,   0.0,      ,     ,     ,     ,     ,     ,    ,      ,       ,      ,      ,        ,        ,        ,        ,        ,        ,        ,        ,      
thomsbi01, 1943,     1, DET , NHL , R  ,  5.0,  2.0,   2.0,   4.0,   0.0,      ,     ,     ,     ,     ,     ,    ,      ,    2.0,   0.0,   0.0,     0.0,     0.0,        ,        ,        ,        ,        ,        ,      
thomsbi02, 1932,     1, TOR , NHL , C  , 29.0,  3.0,   9.0,  12.0,  15.0,      ,     ,     ,     ,     ,     ,    ,      ,    9.0,   1.0,   1.0,     2.0,     4.0,        ,        ,        ,        ,        ,        ,      
thomsbi02, 1933,     1, TOR , NHL , C  , 47.0,  8.0,  18.0,  26.0,  24.0,      ,     ,     ,     ,     ,     ,    ,      ,    5.0,   0.0,   2.0,     2.0,     0.0,        ,        ,        ,        ,        ,        ,      
thomsbi02, 1934,     1, TOR , NHL , D  , 47.0,  9.0,  13.0,  22.0,  15.0,      ,     ,     ,     ,     ,     ,    ,      ,    7.0,   2.0,   0.0,     2.0,     0.0,        ,        ,        ,        ,        ,        ,      
thomsbi02, 1935,     1, TOR , NHL , C  , 48.0, 23.0,  15.0,  38.0,  29.0,      ,     ,     ,     ,     ,     ,    ,      ,    9.0,   3.0,   5.0,     8.0,     0.0,        ,        ,        ,        ,        ,        ,      
thomsbi02, 1936,     1, TOR , NHL , C  , 48.0, 10.0,   9.0,  19.0,  14.0,      ,     ,     ,     ,     ,     ,    ,      ,    2.0,   0.0,   0.0,     0.0,     0.0,        ,        ,        ,        ,        ,        ,      
thomsbi02, 1937,     1, TOR , NHL , C  , 48.0, 14.0,  24.0,  38.0,  14.0,      ,     ,     ,     ,     ,     ,    ,      ,    7.0,   0.0,   1.0,     1.0,     0.0,        ,        ,        ,        ,        ,        ,      
thomsbi02, 1938,     1, TOR , NHL , C  , 12.0,  1.0,   4.0,   5.0,   4.0,      ,     ,     ,     ,     ,     ,    ,      ,       ,      ,      ,        ,        ,        ,        ,        ,        ,        ,        ,      
thomsbi02, 1938,     2, CHI , NHL , C  , 36.0,  6.0,  11.0,  17.0,  16.0,      ,     ,     ,     ,     ,     ,    ,      ,       ,      ,      ,        ,        ,        ,        ,        ,        ,        ,        ,      
thomsbi02, 1939,     1, CHI , NHL , C  , 47.0,  9.0,  13.0,  22.0,   2.0,      ,     ,     ,     ,     ,     ,    ,      ,    1.0,   0.0,   0.0,     0.0,     0.0,        ,        ,        ,        ,        ,        ,      
thomsbi02, 1940,     1, CHI , NHL , C  , 47.0, 13.0,  19.0,  32.0,   4.0,      ,     ,     ,     ,     ,     ,    ,      ,       ,      ,      ,        ,        ,        ,        ,        ,        ,        ,        ,      
thomsbi02, 1941,     1, CHI , NHL , C  , 47.0, 15.0,  30.0,  45.0,   4.0,      ,     ,     ,     ,     ,     ,    ,      ,    3.0,   0.0,   1.0,     1.0,     0.0,        ,        ,        ,        ,        ,        ,      
thomsbi02, 1942,     1, CHI , NHL , C  , 47.0, 15.0,  28.0,  43.0,   3.0,      ,     ,     ,     ,     ,     ,    ,      ,       ,      ,      ,        ,        ,        ,        ,        ,        ,        ,        ,      
thomsbi02, 1943,     1, CHI , NHL , R  ,  7.0,  3.0,   5.0,   8.0,   2.0,      ,     ,     ,     ,     ,     ,    ,      ,       ,      ,      ,        ,        ,        ,        ,        ,        ,        ,        ,      
thomsbi02, 1944,     1, CHI , NHL , C  , 21.0,  2.0,   6.0,   8.0,   8.0,      ,     ,     ,     ,     ,     ,    ,      ,       ,      ,      ,        ,        ,        ,        ,        ,        ,        ,        ,      
thomsbi02, 1944,     2, BOS , NHL , C  , 17.0,  4.0,   2.0,   6.0,   0.0,      ,     ,     ,     ,     ,     ,    ,      ,    1.0,   0.0,   0.0,     0.0,     2.0,        ,        ,        ,        ,        ,        ,      
thomsfl01, 1971,     1, STL , NHL , L  , 49.0,  4.0,   6.0,  10.0,  48.0, -9.0 ,  0.0,     ,  0.0,     ,  2.0, 0.0,  69.0,       ,      ,      ,        ,        ,        ,        ,        ,        ,        ,        ,      
thomsfl01, 1972,     1, STL , NHL , L  , 75.0, 14.0,  20.0,  34.0,  71.0, -2.0 ,  1.0,     ,  0.0,     ,  1.0, 0.0,  98.0,    5.0,   0.0,   1.0,     1.0,     2.0,        ,     0.0,        ,     0.0,        ,     0.0,      
thomsfl01, 1973,     1, STL , NHL , L  , 77.0, 11.0,  22.0,  33.0,  58.0, -19.0,  0.0,     ,  0.0,     ,  1.0, 1.0, 125.0,       ,      ,      ,        ,        ,        ,        ,        ,        ,        ,        ,      
thomsfl01, 1974,     1, STL , NHL , L  , 77.0,  9.0,  27.0,  36.0, 106.0, 13.0 ,  0.0,     ,  0.0,     ,  0.0, 0.0, 111.0,    2.0,   0.0,   1.0,     1.0,     0.0,        ,     0.0,        ,     0.0,        ,     0.0,      
thomsfl01, 1975,     1, STL , NHL , L  , 58.0,  8.0,  10.0,  18.0,  25.0, -4.0 ,  0.0,     ,  0.0,     ,  1.0, 0.0,  71.0,       ,      ,      ,        ,        ,        ,        ,        ,        ,        ,        ,      
thomsfl01, 1976,     1, STL , NHL , L  , 58.0,  7.0,   8.0,  15.0,  11.0, 1.0  ,  0.0,     ,  1.0,     ,  2.0, 0.0,  46.0,    3.0,   0.0,   0.0,     0.0,     4.0,        ,     0.0,        ,     0.0,        ,     0.0,      
thomsfl01, 1977,     1, STL , NHL , L  ,  6.0,  1.0,   1.0,   2.0,   4.0, -3.0 ,  0.0,     ,  0.0,     ,  0.0, 0.0,   4.0,       ,      ,      ,        ,        ,        ,        ,        ,        ,        ,        ,      
thomsfl01, 1979,     1, STL , NHL , L  , 11.0,  2.0,   3.0,   5.0,  18.0, -1.0 ,  0.0,     ,  0.0,     ,  0.0, 0.0,  13.0,       ,      ,      ,        ,        ,        ,        ,        ,        ,        ,        ,      
thomsji01, 1945,     1, TOR , NHL , D  ,  5.0,  0.0,   1.0,   1.0,   4.0,      ,     ,     ,     ,     ,     ,    ,      ,       ,      ,      ,        ,        ,        ,        ,        ,        ,        ,        ,      
thomsji01, 1946,     1, TOR , NHL , D  , 60.0,  2.0,  14.0,  16.0,  97.0,      ,     ,     ,     ,     ,     ,    ,      ,   11.0,   0.0,   1.0,     1.0,    22.0,        ,        ,        ,        ,        ,        ,      
thomsji01, 1947,     1, TOR , NHL , D  , 59.0,  0.0,  29.0,  29.0,  82.0,      ,     ,     ,     ,     ,     ,    ,      ,    9.0,   1.0,   1.0,     2.0,     9.0,        ,        ,        ,        ,        ,        ,      
thomsji01, 1948,     1, TOR , NHL , D  , 60.0,  4.0,  16.0,  20.0,  56.0,      ,     ,     ,     ,     ,     ,    ,      ,    9.0,   1.0,   5.0,     6.0,    10.0,        ,        ,        ,        ,        ,        ,      
thomsji01, 1949,     1, TOR , NHL , D  , 70.0,  0.0,  13.0,  13.0,  76.0,      ,     ,     ,     ,     ,     ,    ,      ,    7.0,   0.0,   2.0,     2.0,     7.0,        ,        ,        ,        ,        ,        ,      
thomsji01, 1950,     1, TOR , NHL , D  , 69.0,  3.0,  33.0,  36.0,  76.0,      ,     ,     ,     ,     ,     ,    ,      ,   11.0,   0.0,   1.0,     1.0,    34.0,        ,        ,        ,        ,        ,        ,      
thomsji01, 1951,     1, TOR , NHL , D  , 70.0,  0.0,  25.0,  25.0,  86.0,      ,     ,     ,     ,     ,     ,    ,      ,    4.0,   0.0,   0.0,     0.0,    25.0,        ,        ,        ,        ,        ,        ,      
thomsji01, 1952,     1, TOR , NHL , D  , 69.0,  0.0,  22.0,  22.0,  73.0,      ,     ,     ,     ,     ,     ,    ,      ,       ,      ,      ,        ,        ,        ,        ,        ,        ,        ,        ,      
thomsji01, 1953,     1, TOR , NHL , D  , 61.0,  2.0,  24.0,  26.0,  86.0,      ,     ,     ,     ,     ,     ,    ,      ,    3.0,   0.0,   0.0,     0.0,     2.0,        ,        ,        ,        ,        ,        ,      
thomsji01, 1954,     1, TOR , NHL , D  , 70.0,  4.0,  12.0,  16.0,  63.0,      ,     ,     ,     ,     ,     ,    ,      ,    4.0,   0.0,   0.0,     0.0,    16.0,        ,        ,        ,        ,        ,        ,      
thomsji01, 1955,     1, TOR , NHL , D  , 62.0,  0.0,   7.0,   7.0,  96.0,      ,     ,     ,     ,     ,     ,    ,      ,    5.0,   0.0,   3.0,     3.0,    10.0,        ,        ,        ,        ,        ,        ,      
thomsji01, 1956,     1, TOR , NHL , D  , 62.0,  0.0,  12.0,  12.0,  50.0,      ,     ,     ,     ,     ,     ,    ,      ,       ,      ,      ,        ,        ,        ,        ,        ,        ,        ,        ,      
thomsji01, 1957,     1, CHI , NHL , D  , 70.0,  4.0,   7.0,  11.0,  75.0,      ,     ,     ,     ,     ,     ,    ,      ,       ,      ,      ,        ,        ,        ,        ,        ,        ,        ,        ,      
thomsji02, 1986,     1, WAS , NHL , R  , 10.0,  0.0,   0.0,   0.0,  35.0, -2.0 ,  0.0,     ,  0.0,     ,  0.0, 0.0,   5.0,       ,      ,      ,        ,        ,        ,        ,        ,        ,        ,        ,      
thomsji02, 1988,     1, WAS , NHL , R  , 14.0,  2.0,   0.0,   2.0,  53.0, -3.0 ,  0.0,  0.0,  0.0,  0.0,  0.0, 0.0,   9.0,       ,      ,      ,        ,        ,        ,        ,        ,        ,        ,        ,      
thomsji02, 1988,     2, HAR , NHL , R  ,  5.0,  0.0,   0.0,   0.0,  14.0, -3.0 ,  0.0,  0.0,  0.0,  0.0,  0.0, 0.0,   3.0,       ,      ,      ,        ,        ,        ,        ,        ,        ,        ,        ,      
thomsji02, 1989,     1, NJD , NHL , R  ,  3.0,  0.0,   0.0,   0.0,  31.0, -3.0 ,  0.0,  0.0,  0.0,  0.0,  0.0, 0.0,   3.0,       ,      ,      ,        ,        ,        ,        ,        ,        ,        ,        ,      
thomsji02, 1990,     1, LAK , NHL , R  ,  8.0,  1.0,   0.0,   1.0,  19.0, 0.0  ,  0.0,  0.0,  0.0,  0.0,  1.0, 0.0,   6.0,       ,      ,      ,        ,        ,        ,        ,        ,        ,        ,        ,      
thomsji02, 1991,     1, LAK , NHL , R  , 45.0,  1.0,   2.0,   3.0, 162.0, -1.0 ,  0.0,  0.0,  0.0,  0.0,  0.0, 0.0,  24.0,       ,      ,      ,        ,        ,        ,        ,        ,        ,        ,        ,      
thomsji02, 1992,     1, OTT , NHL , R  , 15.0,  0.0,   1.0,   1.0,  41.0, -11.0,  0.0,  0.0,  0.0,  0.0,  0.0, 0.0,  21.0,       ,      ,      ,        ,        ,        ,        ,        ,        ,        ,        ,      
thomsji02, 1992,     2, LAK , NHL , R  ,  9.0,  0.0,   0.0,   0.0,  56.0, -1.0 ,  0.0,  0.0,  0.0,  0.0,  0.0, 0.0,   2.0,    1.0,   0.0,   0.0,     0.0,     0.0, 0.0    ,     0.0,     0.0,     0.0,     0.0,     0.0,     0.0
thomsji02, 1993,     1, ANA , NHL , R  ,  6.0,  0.0,   0.0,   0.0,   5.0, 0.0  ,  0.0,  0.0,  0.0,  0.0,  0.0, 0.0,   1.0,       ,      ,      ,        ,        ,        ,        ,        ,        ,        ,        ,      
thomsrh01, 1939,     1, MTL , NHL , D  ,  7.0,  0.0,   0.0,   0.0,  16.0,      ,     ,     ,     ,     ,     ,    ,      ,       ,      ,      ,        ,        ,        ,        ,        ,        ,        ,        ,      
thomsrh01, 1942,     1, TOR , NHL , D  , 18.0,  0.0,   2.0,   2.0,  22.0,      ,     ,     ,     ,     ,     ,    ,      ,       ,      ,      ,        ,        ,        ,        ,        ,        ,        ,        ,      
thorbch01, 2005,     1, BUF , NHL , C  ,  2.0,  0.0,   1.0,   1.0,   7.0, -1.0 ,  0.0,  0.0,  0.0,  0.0,  0.0,    ,   1.0,       ,      ,      ,        ,        ,        ,        ,        ,        ,        ,        ,      
thorbch01, 2006,     1, PIT , NHL , C  , 39.0,  3.0,   2.0,   5.0,  69.0, 1.0  ,  0.0,  0.0,  0.0,  0.0,  1.0,    ,  40.0,       ,      ,      ,        ,        ,        ,        ,        ,        ,        ,        ,      
thorbch01, 2007,     1, ATL , NHL , R  , 73.0,  5.0,  13.0,  18.0,  92.0, -4.0 ,  0.0,  0.0,  0.0,  0.0,  1.0,    ,  72.0,       ,      ,      ,        ,        ,        ,        ,        ,        ,        ,        ,      
thorbch01, 2008,     1, ATL , NHL , R  , 82.0,  7.0,   8.0,  15.0, 104.0, -10.0,  0.0,  0.0,  0.0,  0.0,  1.0,    ,  85.0,       ,      ,      ,        ,        ,        ,        ,        ,        ,        ,        ,      
thorbch01, 2009,     1, ATL , NHL , C  , 76.0,  4.0,   9.0,  13.0,  89.0, 6.0  ,  0.0,  0.0,  3.0,  0.0,  0.0,    ,  63.0,       ,      ,      ,        ,        ,        ,        ,        ,        ,        ,        ,      
thorepa01, 2006,     1, EDM , NHL , L  , 68.0,  4.0,  12.0,  16.0,  52.0, -1.0 ,  0.0,  2.0,  1.0,  0.0,  2.0,    ,  73.0,       ,      ,      ,        ,        ,        ,        ,        ,        ,        ,        ,      
thorepa01, 2007,     1, EDM , NHL , L  , 17.0,  2.0,   1.0,   3.0,   6.0, -4.0 ,  0.0,  0.0,  0.0,  0.0,  0.0,    ,  18.0,       ,      ,      ,        ,        ,        ,        ,        ,        ,        ,        ,      
thorepa01, 2007,     2, PHI , NHL , L  , 21.0,  0.0,   5.0,   5.0,   8.0, -6.0 ,  0.0,  0.0,  0.0,  0.0,  0.0,    ,  21.0,   14.0,   0.0,   2.0,     2.0,     4.0, 1.0    ,     0.0,     0.0,     0.0,     0.0,     0.0,    10.0
thornjo01, 1997,     1, BOS , NHL , C  , 55.0,  3.0,   4.0,   7.0,  19.0, -6.0 ,  0.0,  1.0,  0.0,  0.0,  1.0, 0.0,  33.0,    6.0,   0.0,   0.0,     0.0,     9.0, 0.0    ,     0.0,     0.0,     0.0,     0.0,     0.0,     3.0
thornjo01, 1998,     1, BOS , NHL , C  , 81.0, 16.0,  25.0,  41.0,  69.0, 3.0  ,  7.0,  8.0,  0.0,  0.0,  1.0, 0.0, 128.0,   11.0,   3.0,   6.0,     9.0,     4.0, 1.0    ,     2.0,     2.0,     0.0,     0.0,     2.0,    15.0
thornjo01, 1999,     1, BOS , NHL , C  , 81.0, 23.0,  37.0,  60.0,  82.0, -5.0 ,  5.0,  8.0,  0.0,  0.0,  3.0, 0.0, 171.0,       ,      ,      ,        ,        ,        ,        ,        ,        ,        ,        ,      
thornjo01, 2000,     1, BOS , NHL , C  , 72.0, 37.0,  34.0,  71.0, 107.0, -4.0 , 19.0,  7.0,  1.0,  0.0,  5.0, 0.0, 181.0,       ,      ,      ,        ,        ,        ,        ,        ,        ,        ,        ,      
thornjo01, 2001,     1, BOS , NHL , C  , 66.0, 22.0,  46.0,  68.0, 127.0, 7.0  ,  6.0, 16.0,  0.0,  0.0,  5.0, 1.0, 152.0,    6.0,   2.0,   4.0,     6.0,    10.0, 0.0    ,     0.0,     3.0,     0.0,     0.0,     0.0,    14.0
thornjo01, 2002,     1, BOS , NHL , C  , 77.0, 36.0,  65.0, 101.0, 109.0, 12.0 , 12.0, 22.0,  2.0,  0.0,  4.0, 1.0, 196.0,    5.0,   1.0,   2.0,     3.0,     4.0, -5.0   ,     1.0,     0.0,     0.0,     0.0,     0.0,    12.0
thornjo01, 2003,     1, BOS , NHL , C  , 77.0, 23.0,  50.0,  73.0,  98.0, 18.0 ,  4.0, 12.0,  0.0,  0.0,  6.0, 0.0, 187.0,    7.0,   0.0,   0.0,     0.0,    14.0, -6.0   ,     0.0,     0.0,     0.0,     0.0,     0.0,    14.0
thornjo01, 2005,     1, BOS , NHL , C  , 23.0,  9.0,  24.0,  33.0,   6.0, 0.0  ,  3.0,  8.0,  0.0,  1.0,  2.0,    ,  60.0,       ,      ,      ,        ,        ,        ,        ,        ,        ,        ,        ,      
thornjo01, 2005,     2, SJS , NHL , C  , 58.0, 20.0,  72.0,  92.0,  55.0, 31.0 ,  8.0, 32.0,  0.0,  1.0,  4.0,    , 135.0,   11.0,   2.0,   7.0,     9.0,    12.0, -4.0   ,     1.0,     4.0,     0.0,     0.0,     1.0,    23.0
thornjo01, 2006,     1, SJS , NHL , C  , 82.0, 22.0,  92.0, 114.0,  44.0, 24.0 , 10.0, 44.0,  0.0,  0.0,  5.0,    , 213.0,   11.0,   1.0,  10.0,    11.0,    10.0, 2.0    ,     0.0,     1.0,     0.0,     0.0,     0.0,    23.0
thornjo01, 2007,     1, SJS , NHL , C  , 82.0, 29.0,  67.0,  96.0,  59.0, 18.0 , 11.0, 26.0,  0.0,  0.0,  5.0,    , 178.0,   13.0,   2.0,   8.0,    10.0,     2.0, 3.0    ,     1.0,     3.0,     0.0,     0.0,     1.0,    29.0
thornjo01, 2008,     1, SJS , NHL , C  , 82.0, 25.0,  61.0,  86.0,  56.0, 16.0 , 11.0, 24.0,  0.0,  0.0,  3.0,    , 139.0,    6.0,   1.0,   4.0,     5.0,     5.0, -3.0   ,     1.0,     1.0,     0.0,     0.0,     0.0,    17.0
thornjo01, 2009,     1, SJS , NHL , C  , 79.0, 20.0,  69.0,  89.0,  54.0, 17.0 ,  4.0, 25.0,  1.0,  2.0,  2.0,    , 141.0,   15.0,   3.0,   9.0,    12.0,    18.0, -11.0  ,     1.0,     3.0,     0.0,     0.0,     1.0,    35.0
thornsc01, 1990,     1, TOR , NHL , C  , 33.0,  1.0,   3.0,   4.0,  30.0, -15.0,  0.0,  0.0,  0.0,  0.0,  0.0, 0.0,  31.0,       ,      ,      ,        ,        ,        ,        ,        ,        ,        ,        ,      
thornsc01, 1991,     1, EDM , NHL , C  , 15.0,  0.0,   1.0,   1.0,  43.0, -6.0 ,  0.0,  0.0,  0.0,  0.0,  0.0, 0.0,  11.0,    1.0,   0.0,   0.0,     0.0,     0.0, -1.0   ,     0.0,     0.0,     0.0,     0.0,     0.0,     1.0
thornsc01, 1992,     1, EDM , NHL , C  ,  9.0,  0.0,   1.0,   1.0,   0.0, -4.0 ,  0.0,  0.0,  0.0,  0.0,  0.0, 0.0,   7.0,       ,      ,      ,        ,        ,        ,        ,        ,        ,        ,        ,      
thornsc01, 1993,     1, EDM , NHL , C  , 61.0,  4.0,   7.0,  11.0, 104.0, -15.0,  0.0,  1.0,  0.0,  0.0,  0.0, 0.0,  65.0,       ,      ,      ,        ,        ,        ,        ,        ,        ,        ,        ,      
thornsc01, 1994,     1, EDM , NHL , L  , 47.0, 10.0,  12.0,  22.0,  89.0, -4.0 ,  0.0,  3.0,  1.0,  0.0,  1.0, 0.0,  69.0,       ,      ,      ,        ,        ,        ,        ,        ,        ,        ,        ,      
thornsc01, 1995,     1, EDM , NHL , C  , 77.0,  9.0,   9.0,  18.0, 149.0, -25.0,  0.0,  2.0,  2.0,  0.0,  3.0, 0.0,  95.0,       ,      ,      ,        ,        ,        ,        ,        ,        ,        ,        ,      
thornsc01, 1996,     1, MTL , NHL , C  , 73.0, 10.0,  10.0,  20.0, 128.0, -19.0,  1.0,  1.0,  1.0,  0.0,  1.0, 0.0, 110.0,    5.0,   1.0,   0.0,     1.0,     2.0, 1.0    ,     0.0,     0.0,     0.0,     0.0,     0.0,    11.0
thornsc01, 1997,     1, MTL , NHL , C  , 67.0,  6.0,   9.0,  15.0, 158.0, 0.0  ,  1.0,  1.0,  0.0,  0.0,  1.0, 2.0,  51.0,    9.0,   0.0,   2.0,     2.0,    10.0, 0.0    ,     0.0,     0.0,     0.0,     0.0,     0.0,    13.0
thornsc01, 1998,     1, MTL , NHL , C  , 47.0,  7.0,   4.0,  11.0,  87.0, -2.0 ,  1.0,  0.0,  0.0,  0.0,  1.0, 1.0,  56.0,       ,      ,      ,        ,        ,        ,        ,        ,        ,        ,        ,      
thornsc01, 1999,     1, MTL , NHL , C  , 35.0,  2.0,   3.0,   5.0,  70.0, -7.0 ,  0.0,  0.0,  0.0,  0.0,  1.0, 0.0,  36.0,       ,      ,      ,        ,        ,        ,        ,        ,        ,        ,        ,      
thornsc01, 1999,     2, DAL , NHL , C  , 30.0,  6.0,   3.0,   9.0,  38.0, -5.0 ,  1.0,  0.0,  0.0,  0.0,  0.0, 0.0,  47.0,   23.0,   2.0,   7.0,     9.0,    28.0, 1.0    ,     0.0,     2.0,     0.0,     0.0,     1.0,    33.0
thornsc01, 2000,     1, SJS , NHL , L  , 73.0, 19.0,  17.0,  36.0, 114.0, 4.0  ,  4.0,  5.0,  0.0,  0.0,  1.0, 1.0, 159.0,    6.0,   3.0,   0.0,     3.0,     8.0, 1.0    ,     0.0,     0.0,     0.0,     0.0,     1.0,    15.0
thornsc01, 2001,     1, SJS , NHL , L  , 77.0, 26.0,  16.0,  42.0, 116.0, 11.0 ,  6.0,  2.0,  0.0,  0.0,  5.0, 0.0, 144.0,   12.0,   3.0,   3.0,     6.0,     6.0, 3.0    ,     0.0,     1.0,     0.0,     0.0,     0.0,    23.0
thornsc01, 2002,     1, SJS , NHL , L  , 41.0,  9.0,  12.0,  21.0,  41.0, -7.0 ,  4.0,  2.0,  0.0,  0.0,  1.0, 0.0,  64.0,       ,      ,      ,        ,        ,        ,        ,        ,        ,        ,        ,      
thornsc01, 2003,     1, SJS , NHL , L  , 80.0, 13.0,  14.0,  27.0,  84.0, -6.0 ,  1.0,  2.0,  0.0,  0.0,  1.0, 1.0, 127.0,   12.0,   2.0,   2.0,     4.0,    22.0, 1.0    ,     0.0,     0.0,     0.0,     0.0,     0.0,    15.0
thornsc01, 2005,     1, SJS , NHL , L  , 71.0, 10.0,  11.0,  21.0,  84.0, -8.0 ,  1.0,  4.0,  0.0,  0.0,  2.0,    , 122.0,   11.0,   2.0,   0.0,     2.0,     6.0, -1.0   ,     0.0,     0.0,     0.0,     0.0,     0.0,    23.0
thornsc01, 2006,     1, LAK , NHL , L  , 58.0,  7.0,   6.0,  13.0,  85.0, -15.0,  0.0,  1.0,  1.0,  1.0,  0.0,    ,  65.0,       ,      ,      ,        ,        ,        ,        ,        ,        ,        ,        ,      
thornsc01, 2007,     1, LAK , NHL , L  , 47.0,  5.0,   3.0,   8.0,  39.0, 1.0  ,  0.0,  0.0,  0.0,  0.0,  1.0,    ,  35.0,       ,      ,      ,        ,        ,        ,        ,        ,        ,        ,        ,      
thornsh01, 2002,     1, CHI , NHL , R  , 13.0,  1.0,   1.0,   2.0,  31.0, -4.0 ,  0.0,  0.0,  0.0,  0.0,  0.0, 0.0,  15.0,       ,      ,      ,        ,        ,        ,        ,        ,        ,        ,        ,      
thornsh01, 2003,     1, CHI , NHL , R  ,  8.0,  1.0,   0.0,   1.0,  23.0, 2.0  ,  0.0,  0.0,  0.0,  0.0,  0.0, 0.0,  14.0,       ,      ,      ,        ,        ,        ,        ,        ,        ,        ,        ,      
thornsh01, 2005,     1, CHI , NHL , D  , 10.0,  0.0,   0.0,   0.0,  16.0, -5.0 ,  0.0,  0.0,  0.0,  0.0,  0.0,    ,  16.0,       ,      ,      ,        ,        ,        ,        ,        ,        ,        ,        ,      
thornsh01, 2006,     1, AND , NHL , L  , 48.0,  2.0,   7.0,   9.0,  88.0, 3.0  ,  0.0,  1.0,  0.0,  0.0,  0.0,    ,  60.0,   15.0,   0.0,   0.0,     0.0,    19.0, -3.0   ,     0.0,     0.0,     0.0,     0.0,     0.0,     5.0
thornsh01, 2007,     1, BOS , NHL , L  , 58.0,  4.0,   3.0,   7.0,  74.0, -1.0 ,  0.0,  0.0,  0.0,  0.0,  1.0,    ,  65.0,    7.0,   0.0,   0.0,     0.0,     6.0, 0.0    ,     0.0,     0.0,     0.0,     0.0,     0.0,    15.0
thornsh01, 2008,     1, BOS , NHL , L  , 79.0,  6.0,   5.0,  11.0, 123.0, -2.0 ,  0.0,  0.0,  0.0,  0.0,  2.0,    , 136.0,   10.0,   1.0,   0.0,     1.0,     6.0, 0.0    ,     0.0,     0.0,     0.0,     0.0,     0.0,    14.0
thornsh01, 2009,     1, BOS , NHL , R  , 74.0,  1.0,   9.0,  10.0, 141.0, -9.0 ,  0.0,  0.0,  0.0,  0.0,  0.0,    , 119.0,   12.0,   0.0,   0.0,     0.0,     4.0, -4.0   ,     0.0,     0.0,     0.0,     0.0,     0.0,     9.0
thornto01, 1983,     1, PIT , NHL , D  , 14.0,  1.0,   8.0,   9.0,  16.0, -19.0,  0.0,     ,  0.0,     ,  0.0, 0.0,  44.0,       ,      ,      ,        ,        ,        ,        ,        ,        ,        ,        ,      
thorsjo01, 1932,     1, NYA , NHL , F  ,  4.0,  0.0,   0.0,   0.0,   0.0,      ,     ,     ,     ,     ,     ,    ,      ,       ,      ,      ,        ,        ,        ,        ,        ,        ,        ,        ,      
throoar01, 1909,     1, HAI , NHA ,    , 12.0,  9.0,   0.0,   9.0,  43.0,      ,     ,     ,     ,     ,     ,    ,      ,       ,      ,      ,        ,        ,        ,        ,        ,        ,        ,        ,      
throoar01, 1912,     1, TO1 , NHA ,    , 20.0, 11.0,   0.0,  11.0,  48.0,      ,     ,     ,     ,     ,     ,    ,      ,       ,      ,      ,        ,        ,        ,        ,        ,        ,        ,        ,      
throoar01, 1913,     1, NWR , PCHA, L  , 10.0,  5.0,   3.0,   8.0,  18.0,      ,     ,     ,     ,     ,     ,    ,      ,       ,      ,      ,        ,        ,        ,        ,        ,        ,        ,        ,      
throoar01, 1914,     1, PO1 , PCHA, L  , 18.0, 16.0,   8.0,  24.0,  43.0,      ,     ,     ,     ,     ,     ,    ,      ,       ,      ,      ,        ,        ,        ,        ,        ,        ,        ,        ,      
thurean01, 2009,     1, NAS , NHL , R  , 22.0,  1.0,   2.0,   3.0,   4.0, -5.0 ,  0.0,  0.0,  0.0,  0.0,  0.0,    ,  30.0,       ,      ,      ,        ,        ,        ,        ,        ,        ,        ,        ,      
thurifr01, 1940,     1, NYA , NHL , C  ,  3.0,  2.0,   1.0,   3.0,   0.0,      ,     ,     ,     ,     ,     ,    ,      ,       ,      ,      ,        ,        ,        ,        ,        ,        ,        ,        ,      
thurifr01, 1941,     1, BKN , NHL , C  , 27.0,  7.0,   7.0,  14.0,   4.0,      ,     ,     ,     ,     ,     ,    ,      ,       ,      ,      ,        ,        ,        ,        ,        ,        ,        ,        ,      
thurifr01, 1944,     1, NYR , NHL , C  , 50.0, 16.0,  19.0,  35.0,  14.0,      ,     ,     ,     ,     ,     ,    ,      ,       ,      ,      ,        ,        ,        ,        ,        ,        ,        ,        ,      
thurlto01, 1967,     1, OAK , NHL , D  , 20.0,  1.0,   1.0,   2.0,   4.0, -6.0 ,  0.0,     ,  0.0,     ,  0.0, 0.0,  27.0,       ,      ,      ,        ,        ,        ,        ,        ,        ,        ,        ,      
thyerma01, 1989,     1, MNS , NHL , C  ,  5.0,  0.0,   0.0,   0.0,   0.0, -3.0 ,  0.0,  0.0,  0.0,  0.0,  0.0, 0.0,   4.0,    1.0,   0.0,   0.0,     0.0,     2.0, 0.0    ,     0.0,     0.0,     0.0,     0.0,     0.0,     0.0
tibbebi01, 2000,     1, PIT , NHL , R  , 29.0,  1.0,   2.0,   3.0,  79.0, -2.0 ,  0.0,  0.0,  0.0,  0.0,  0.0, 0.0,  16.0,       ,      ,      ,        ,        ,        ,        ,        ,        ,        ,        ,      
tibbebi01, 2001,     1, PIT , NHL , R  , 33.0,  1.0,   5.0,   6.0, 109.0, -13.0,  0.0,  0.0,  0.0,  0.0,  1.0, 0.0,  42.0,       ,      ,      ,        ,        ,        ,        ,        ,        ,        ,        ,      
tibbebi01, 2001,     2, PHI , NHL , R  ,  9.0,  0.0,   1.0,   1.0,  69.0, -3.0 ,  0.0,  0.0,  0.0,  0.0,  0.0, 0.0,   6.0,       ,      ,      ,        ,        ,        ,        ,        ,        ,        ,        ,      
tibbebi01, 2002,     1, NYR , NHL , C  , 11.0,  0.0,   0.0,   0.0,  12.0, -2.0 ,  0.0,  0.0,  0.0,  0.0,  0.0, 0.0,   6.0,       ,      ,      ,        ,        ,        ,        ,        ,        ,        ,        ,      
tichymi01, 1992,     1, CHI , NHL , D  , 13.0,  0.0,   1.0,   1.0,  30.0, 7.0  ,  0.0,  0.0,  0.0,  0.0,  0.0, 0.0,  12.0,       ,      ,      ,        ,        ,        ,        ,        ,        ,        ,        ,      
tichymi01, 1994,     1, NYI , NHL , D  ,  2.0,  0.0,   0.0,   0.0,   2.0, -1.0 ,  0.0,  0.0,  0.0,  0.0,  0.0, 0.0,   1.0,       ,      ,      ,        ,        ,        ,        ,        ,        ,        ,        ,      
tichymi01, 1995,     1, NYI , NHL , D  ,  8.0,  0.0,   4.0,   4.0,   8.0, 3.0  ,  0.0,  0.0,  0.0,  0.0,  0.0, 0.0,   6.0,       ,      ,      ,        ,        ,        ,        ,        ,        ,        ,        ,      
tideyal01, 1975,     1, SDM , WHA , R  , 74.0, 16.0,  11.0,  27.0,  46.0, 7.0  ,  2.0,     ,  0.0,     ,  2.0,    , 160.0,   11.0,   3.0,   6.0,     9.0,    10.0, 2.0    ,        ,        ,        ,        ,        ,      
tideyal01, 1976,     1, BUF , NHL , R  ,  3.0,  0.0,   0.0,   0.0,   0.0, -1.0 ,  0.0,     ,  0.0,     ,  0.0, 0.0,   3.0,    2.0,   0.0,   0.0,     0.0,     0.0,        ,     0.0,        ,     0.0,        ,     0.0,      
tideyal01, 1977,     1, BUF , NHL , R  ,  1.0,  0.0,   0.0,   0.0,   0.0, -1.0 ,  0.0,     ,  0.0,     ,  0.0, 0.0,   2.0,       ,      ,      ,        ,        ,        ,        ,        ,        ,        ,        ,      
tideyal01, 1979,     1, EDM , NHL , R  ,  5.0,  0.0,   0.0,   0.0,   8.0, -3.0 ,  0.0,     ,  0.0,     ,  0.0, 0.0,   4.0,       ,      ,      ,        ,        ,        ,        ,        ,        ,        ,        ,      
tikhovi01, 2008,     1, PHO , NHL , R  , 61.0,  8.0,   8.0,  16.0,  20.0, -3.0 ,  1.0,  0.0,  0.0,  1.0,  1.0,    ,  71.0,       ,      ,      ,        ,        ,        ,        ,        ,        ,        ,        ,      
tikkaes01, 1984,     1, EDM , NHL , C  ,     ,     ,      ,      ,      ,      ,     ,     ,     ,     ,     ,    ,      ,    3.0,   0.0,   0.0,     0.0,     2.0, -1.0   ,     0.0,        ,     0.0,        ,     0.0,     3.0
tikkaes01, 1985,     1, EDM , NHL , L  , 35.0,  7.0,   6.0,  13.0,  28.0, 5.0  ,  0.0,     ,  0.0,     ,  2.0, 0.0,  44.0,    8.0,   3.0,   2.0,     5.0,     7.0, 1.0    ,     0.0,        ,     0.0,        ,     0.0,    19.0
tikkaes01, 1986,     1, EDM , NHL , L  , 76.0, 34.0,  44.0,  78.0, 120.0, 44.0 ,  7.0,     ,  0.0,     ,  6.0, 1.0, 126.0,   21.0,   7.0,   2.0,     9.0,    22.0, 1.0    ,     1.0,        ,     0.0,        ,     1.0,    39.0
tikkaes01, 1987,     1, EDM , NHL , L  , 80.0, 23.0,  51.0,  74.0, 153.0, 21.0 ,  6.0, 17.0,  1.0,  1.0,  2.0, 0.0, 142.0,   19.0,  10.0,  17.0,    27.0,    72.0, 2.0    ,     5.0,    10.0,     0.0,     0.0,     1.0,    42.0
tikkaes01, 1988,     1, EDM , NHL , L  , 67.0, 31.0,  47.0,  78.0,  92.0, 10.0 ,  6.0, 16.0,  8.0,  3.0,  4.0, 0.0, 151.0,    7.0,   1.0,   3.0,     4.0,    12.0, -1.0   ,     0.0,     1.0,     0.0,     0.0,     0.0,    17.0
tikkaes01, 1989,     1, EDM , NHL , C  , 79.0, 30.0,  33.0,  63.0, 161.0, 17.0 ,  6.0, 16.0,  4.0,  0.0,  6.0, 0.0, 199.0,   22.0,  13.0,  11.0,    24.0,    26.0, 12.0   ,     2.0,     5.0,     2.0,     0.0,     0.0,    54.0
tikkaes01, 1990,     1, EDM , NHL , L  , 79.0, 27.0,  42.0,  69.0,  85.0, 22.0 ,  3.0, 13.0,  2.0,  2.0,  6.0, 0.0, 235.0,   18.0,  12.0,   8.0,    20.0,    24.0, 3.0    ,     3.0,     2.0,     0.0,     0.0,     3.0,    76.0
tikkaes01, 1991,     1, EDM , NHL , L  , 40.0, 12.0,  16.0,  28.0,  44.0, -8.0 ,  6.0,  7.0,  2.0,  1.0,  1.0, 0.0, 117.0,   16.0,   5.0,   3.0,     8.0,     8.0, -1.0   ,     1.0,     2.0,     0.0,     0.0,     1.0,    37.0
tikkaes01, 1992,     1, EDM , NHL , L  , 66.0, 14.0,  19.0,  33.0,  76.0, -11.0,  2.0,  5.0,  4.0,  1.0,  3.0, 0.0, 162.0,       ,      ,      ,        ,        ,        ,        ,        ,        ,        ,        ,      
tikkaes01, 1992,     2, NYR , NHL , L  , 15.0,  2.0,   5.0,   7.0,  18.0, -13.0,  0.0,  0.0,  0.0,  0.0,  0.0, 0.0,  40.0,       ,      ,      ,        ,        ,        ,        ,        ,        ,        ,        ,      
tikkaes01, 1993,     1, NYR , NHL , L  , 83.0, 22.0,  32.0,  54.0, 114.0, 5.0  ,  5.0, 16.0,  3.0,  1.0,  4.0, 0.0, 257.0,   23.0,   4.0,   4.0,     8.0,    34.0, 1.0    ,     0.0,     0.0,     0.0,     0.0,     1.0,    56.0
tikkaes01, 1994,     1, STL , NHL , L  , 43.0, 12.0,  23.0,  35.0,  22.0, 13.0 ,  5.0,  8.0,  2.0,  1.0,  1.0, 1.0, 107.0,    7.0,   2.0,   2.0,     4.0,    20.0, -1.0   ,     1.0,     0.0,     0.0,     0.0,     1.0,    19.0
tikkaes01, 1995,     1, STL , NHL , L  , 11.0,  1.0,   4.0,   5.0,  18.0, 1.0  ,  0.0,  2.0,  1.0,  0.0,  0.0, 0.0,  19.0,       ,      ,      ,        ,        ,        ,        ,        ,        ,        ,        ,      
tikkaes01, 1995,     2, NJD , NHL , L  ,  9.0,  0.0,   2.0,   2.0,   4.0, -6.0 ,  0.0,  1.0,  0.0,  0.0,  0.0, 0.0,  15.0,       ,      ,      ,        ,        ,        ,        ,        ,        ,        ,        ,      
tikkaes01, 1995,     3, VAN , NHL , L  , 38.0, 13.0,  24.0,  37.0,  14.0, 6.0  ,  8.0, 11.0,  0.0,  0.0,  2.0, 0.0,  61.0,    6.0,   3.0,   2.0,     5.0,     2.0, -3.0   ,     2.0,     2.0,     0.0,     0.0,     0.0,    13.0
tikkaes01, 1996,     1, VAN , NHL , C  , 62.0, 12.0,  15.0,  27.0,  66.0, -9.0 ,  4.0,  7.0,  1.0,  1.0,  2.0, 1.0, 103.0,       ,      ,      ,        ,        ,        ,        ,        ,        ,        ,        ,      
tikkaes01, 1996,     2, NYR , NHL , C  , 14.0,  1.0,   2.0,   3.0,   6.0, 0.0  ,  0.0,  1.0,  1.0,  0.0,  0.0, 1.0,  30.0,   15.0,   9.0,   3.0,    12.0,    26.0, 2.0    ,     3.0,     2.0,     1.0,     0.0,     3.0,    45.0
tikkaes01, 1997,     1, FLO , NHL , L  , 28.0,  1.0,   8.0,   9.0,  16.0, -7.0 ,  0.0,  4.0,  0.0,  0.0,  0.0, 0.0,  34.0,       ,      ,      ,        ,        ,        ,        ,        ,        ,        ,        ,      
tikkaes01, 1997,     2, WAS , NHL , L  , 20.0,  2.0,  10.0,  12.0,   2.0, -4.0 ,  1.0,  4.0,  0.0,  0.0,  2.0, 0.0,  33.0,   21.0,   3.0,   3.0,     6.0,    20.0, -2.0   ,     1.0,     0.0,     0.0,     1.0,     0.0,    23.0
tikkaes01, 1998,     1, NYR , NHL , L  , 32.0,  0.0,   3.0,   3.0,  38.0, -5.0 ,  0.0,  0.0,  0.0,  0.0,  0.0, 0.0,  25.0,       ,      ,      ,        ,        ,        ,        ,        ,        ,        ,        ,      
tileybr01, 1997,     1, PHO , NHL , D  ,  1.0,  0.0,   0.0,   0.0,   0.0, 1.0  ,  0.0,  0.0,  0.0,  0.0,  0.0, 0.0,   0.0,       ,      ,      ,        ,        ,        ,        ,        ,        ,        ,        ,      
tileybr01, 1998,     1, PHO , NHL , D  ,  8.0,  0.0,   0.0,   0.0,   0.0, -1.0 ,  0.0,  0.0,  0.0,  0.0,  0.0, 0.0,   1.0,    1.0,   0.0,   0.0,     0.0,     0.0, 0.0    ,     0.0,     0.0,     0.0,     0.0,     0.0,     0.0
tileybr01, 2000,     1, PHI , NHL , D  ,  2.0,  0.0,   0.0,   0.0,   0.0, -1.0 ,  0.0,  0.0,  0.0,  0.0,  0.0, 0.0,   1.0,       ,      ,      ,        ,        ,        ,        ,        ,        ,        ,        ,      
tilleto01, 1988,     1, STL , NHL , D  , 70.0,  1.0,  22.0,  23.0,  47.0, 1.0  ,  0.0,  4.0,  0.0,  1.0,  0.0, 0.0,  77.0,   10.0,   1.0,   2.0,     3.0,    17.0, 7.0    ,     0.0,     0.0,     0.0,     0.0,     0.0,    16.0
tilleto01, 1989,     1, STL , NHL , D  , 34.0,  0.0,   5.0,   5.0,   6.0, 10.0 ,  0.0,  0.0,  0.0,  0.0,  0.0, 0.0,  19.0,       ,      ,      ,        ,        ,        ,        ,        ,        ,        ,        ,      
tilleto01, 1990,     1, STL , NHL , D  , 22.0,  2.0,   4.0,   6.0,   4.0, 5.0  ,  0.0,  0.0,  0.0,  0.0,  0.0, 0.0,  28.0,       ,      ,      ,        ,        ,        ,        ,        ,        ,        ,        ,      
tilleto01, 1993,     1, STL , NHL , D  , 48.0,  1.0,   7.0,   8.0,  32.0, 3.0  ,  0.0,  3.0,  0.0,  0.0,  0.0, 0.0,  41.0,    4.0,   0.0,   1.0,     1.0,     2.0, 0.0    ,     0.0,     0.0,     0.0,     0.0,     0.0,     1.0
timanma01, 1996,     1, BOS , NHL , D  , 41.0,  1.0,   8.0,   9.0,  14.0, -9.0 ,  0.0,  3.0,  0.0,  0.0,  0.0, 1.0,  62.0,       ,      ,      ,        ,        ,        ,        ,        ,        ,        ,        ,      
timanma01, 1997,     1, BOS , NHL , D  , 23.0,  1.0,   1.0,   2.0,   6.0, -9.0 ,  0.0,  0.0,  0.0,  0.0,  0.0, 0.0,  17.0,       ,      ,      ,        ,        ,        ,        ,        ,        ,        ,        ,      
timanma01, 1998,     1, BOS , NHL , D  , 22.0,  0.0,   6.0,   6.0,  10.0, 4.0  ,  0.0,  2.0,  0.0,  0.0,  0.0, 0.0,  22.0,    4.0,   1.0,   1.0,     2.0,     2.0, 3.0    ,     0.0,     0.0,     0.0,     0.0,     0.0,     3.0
timanma01, 1999,     1, BOS , NHL , D  , 60.0,  0.0,   8.0,   8.0,  22.0, -11.0,  0.0,  1.0,  0.0,  0.0,  0.0, 0.0,  39.0,       ,      ,      ,        ,        ,        ,        ,        ,        ,        ,        ,      
timanma01, 2000,     1, CBS , NHL , D  , 76.0,  2.0,   9.0,  11.0,  24.0, -8.0 ,  0.0,  2.0,  0.0,  0.0,  1.0, 0.0,  68.0,       ,      ,      ,        ,        ,        ,        ,        ,        ,        ,        ,      
timanma01, 2001,     1, CBS , NHL , D  , 78.0,  4.0,   7.0,  11.0,  44.0, -34.0,  1.0,  0.0,  0.0,  0.0,  0.0, 0.0,  68.0,       ,      ,      ,        ,        ,        ,        ,        ,        ,        ,        ,      
timanma01, 2002,     1, NYI , NHL , D  , 80.0,  3.0,  13.0,  16.0,  24.0, -2.0 ,  0.0,  4.0,  0.0,  1.0,  1.0, 0.0,  83.0,    1.0,   0.0,   0.0,     0.0,     0.0, 1.0    ,     0.0,     0.0,     0.0,     0.0,     0.0,     0.0
timanma01, 2003,     1, NYI , NHL , D  ,  5.0,  1.0,   1.0,   2.0,   2.0, 2.0  ,  0.0,  0.0,  0.0,  0.0,  1.0, 0.0,   3.0,       ,      ,      ,        ,        ,        ,        ,        ,        ,        ,        ,      
timanma01, 2003,     2, PHI , NHL , D  , 34.0,  1.0,   4.0,   5.0,  19.0, 13.0 ,  0.0,  0.0,  1.0,  0.0,  0.0, 0.0,  43.0,   18.0,   2.0,   4.0,     6.0,     6.0, 2.0    ,     0.0,     0.0,     0.0,     1.0,     1.0,    17.0
timgrra01, 1948,     1, TOR , NHL , L  , 36.0,  3.0,  12.0,  15.0,   9.0,      ,     ,     ,     ,     ,     ,    ,      ,    9.0,   3.0,   3.0,     6.0,     2.0,        ,        ,        ,        ,        ,        ,      
timgrra01, 1949,     1, TOR , NHL , L  , 68.0,  7.0,  18.0,  25.0,  22.0,      ,     ,     ,     ,     ,     ,    ,      ,    6.0,   0.0,   4.0,     4.0,     2.0,        ,        ,        ,        ,        ,        ,      
timgrra01, 1950,     1, TOR , NHL , L  , 70.0,  1.0,   9.0,  10.0,  20.0,      ,     ,     ,     ,     ,     ,    ,      ,   11.0,   0.0,   1.0,     1.0,     2.0,        ,        ,        ,        ,        ,        ,      
timgrra01, 1951,     1, TOR , NHL , L  , 50.0,  2.0,   4.0,   6.0,  11.0,      ,     ,     ,     ,     ,     ,    ,      ,    4.0,   0.0,   1.0,     1.0,     0.0,        ,        ,        ,        ,        ,        ,      
timgrra01, 1952,     1, TOR , NHL , L  , 12.0,  0.0,   0.0,   0.0,   4.0,      ,     ,     ,     ,     ,     ,    ,      ,       ,      ,      ,        ,        ,        ,        ,        ,        ,        ,        ,      
timgrra01, 1954,     1, CHI , NHL , L  , 14.0,  1.0,   1.0,   2.0,   2.0,      ,     ,     ,     ,     ,     ,    ,      ,       ,      ,      ,        ,        ,        ,        ,        ,        ,        ,        ,      
timgrra01, 1954,     2, TOR , NHL , L  ,  1.0,  0.0,   0.0,   0.0,   2.0,      ,     ,     ,     ,     ,     ,    ,      ,       ,      ,      ,        ,        ,        ,        ,        ,        ,        ,        ,      
timonju01, 2006,     1, PHI , NHL , D  , 14.0,  0.0,   4.0,   4.0,   6.0, -10.0,  0.0,  0.0,  0.0,  0.0,  0.0,    ,   8.0,       ,      ,      ,        ,        ,        ,        ,        ,        ,        ,        ,      
timonki01, 1998,     1, NAS , NHL , D  , 50.0,  4.0,   8.0,  12.0,  30.0, -4.0 ,  1.0,  5.0,  0.0,  0.0,  0.0, 0.0,  75.0,       ,      ,      ,        ,        ,        ,        ,        ,        ,        ,        ,      
timonki01, 1999,     1, NAS , NHL , D  , 51.0,  8.0,  25.0,  33.0,  26.0, -5.0 ,  2.0, 14.0,  1.0,  0.0,  2.0, 0.0,  97.0,       ,      ,      ,        ,        ,        ,        ,        ,        ,        ,        ,      
timonki01, 2000,     1, NAS , NHL , D  , 82.0, 12.0,  13.0,  25.0,  50.0, -6.0 ,  6.0,  8.0,  0.0,  0.0,  3.0, 0.0, 151.0,       ,      ,      ,        ,        ,        ,        ,        ,        ,        ,        ,      
timonki01, 2001,     1, NAS , NHL , D  , 82.0, 13.0,  29.0,  42.0,  28.0, 2.0  ,  9.0, 15.0,  0.0,  1.0,  1.0, 0.0, 154.0,       ,      ,      ,        ,        ,        ,        ,        ,        ,        ,        ,      
timonki01, 2002,     1, NAS , NHL , D  , 72.0,  6.0,  34.0,  40.0,  46.0, -3.0 ,  4.0, 24.0,  0.0,  0.0,  0.0, 0.0, 144.0,       ,      ,      ,        ,        ,        ,        ,        ,        ,        ,        ,      
timonki01, 2003,     1, NAS , NHL , D  , 77.0, 12.0,  32.0,  44.0,  52.0, -7.0 ,  8.0, 22.0,  0.0,  1.0,  1.0, 0.0, 180.0,    6.0,   0.0,   0.0,     0.0,    10.0, -3.0   ,     0.0,     0.0,     0.0,     0.0,     0.0,     9.0
timonki01, 2005,     1, NAS , NHL , D  , 79.0, 11.0,  39.0,  50.0,  74.0, -3.0 ,  8.0, 30.0,  0.0,  1.0,  1.0,    , 156.0,    5.0,   1.0,   3.0,     4.0,     4.0, 0.0    ,     0.0,     3.0,     1.0,     0.0,     0.0,    17.0
timonki01, 2006,     1, NAS , NHL , D  , 80.0, 13.0,  42.0,  55.0,  42.0, 20.0 ,  8.0, 18.0,  0.0,  1.0,  2.0,    , 121.0,    5.0,   0.0,   2.0,     2.0,     4.0, -1.0   ,     0.0,     1.0,     0.0,     1.0,     0.0,     7.0
timonki01, 2007,     1, PHI , NHL , D  , 80.0,  8.0,  36.0,  44.0,  50.0, 0.0  ,  3.0, 26.0,  1.0,  1.0,  1.0,    , 125.0,   13.0,   0.0,   6.0,     6.0,     8.0, 3.0    ,     0.0,     4.0,     0.0,     0.0,     0.0,    24.0
timonki01, 2008,     1, PHI , NHL , D  , 77.0,  3.0,  40.0,  43.0,  54.0, 19.0 ,  2.0, 26.0,  0.0,  1.0,  0.0,    , 104.0,    6.0,   0.0,   1.0,     1.0,    12.0, -3.0   ,     0.0,     1.0,     0.0,     0.0,     0.0,    10.0
timonki01, 2009,     1, PHI , NHL , D  , 82.0,  6.0,  33.0,  39.0,  50.0, -2.0 ,  1.0, 18.0,  2.0,  1.0,  1.0,    , 121.0,   23.0,   1.0,  10.0,    11.0,    20.0, 6.0    ,     0.0,     5.0,     0.0,     0.0,     0.0,    45.0
tinorma01, 1987,     1, NYR , NHL , D  , 24.0,  1.0,   2.0,   3.0,  50.0, -5.0 ,  0.0,  0.0,  0.0,  0.0,  0.0, 0.0,  13.0,       ,      ,      ,        ,        ,        ,        ,        ,        ,        ,        ,      
tinorma01, 1988,     1, MNS , NHL , D  , 47.0,  2.0,   3.0,   5.0, 107.0, -9.0 ,  0.0,  0.0,  0.0,  0.0,  0.0, 0.0,  39.0,    5.0,   0.0,   0.0,     0.0,     0.0, -4.0   ,     0.0,     0.0,     0.0,     0.0,     0.0,     8.0
tinorma01, 1989,     1, MNS , NHL , D  , 66.0,  3.0,   7.0,  10.0, 240.0, 0.0  ,  1.0,  0.0,  0.0,  0.0,  0.0, 0.0,  50.0,    7.0,   0.0,   1.0,     1.0,    16.0, 1.0    ,     0.0,     0.0,     0.0,     0.0,     0.0,     5.0
tinorma01, 1990,     1, MNS , NHL , D  , 69.0,  5.0,  27.0,  32.0, 189.0, 1.0  ,  1.0, 11.0,  0.0,  1.0,  2.0, 0.0,  92.0,   23.0,   5.0,   6.0,    11.0,    78.0, -1.0   ,     4.0,     3.0,     0.0,     1.0,     0.0,    54.0
tinorma01, 1991,     1, MNS , NHL , D  , 63.0,  4.0,  24.0,  28.0, 179.0, -13.0,  4.0, 12.0,  0.0,  2.0,  0.0, 0.0,  93.0,    7.0,   1.0,   2.0,     3.0,    11.0, -6.0   ,     0.0,     2.0,     0.0,     0.0,     0.0,    15.0
tinorma01, 1992,     1, MNS , NHL , D  , 69.0, 15.0,  27.0,  42.0, 157.0, -1.0 ,  7.0, 10.0,  0.0,  0.0,  2.0, 0.0, 122.0,       ,      ,      ,        ,        ,        ,        ,        ,        ,        ,        ,      
tinorma01, 1993,     1, DAL , NHL , D  , 61.0,  6.0,  18.0,  24.0, 143.0, 6.0  ,  1.0,  9.0,  0.0,  1.0,  0.0, 0.0, 112.0,       ,      ,      ,        ,        ,        ,        ,        ,        ,        ,        ,      
tinorma01, 1994,     1, WAS , NHL , D  , 42.0,  3.0,   9.0,  12.0,  71.0, -5.0 ,  2.0,  1.0,  0.0,  1.0,  1.0, 0.0,  71.0,    1.0,   0.0,   0.0,     0.0,     2.0, -2.0   ,     0.0,     0.0,     0.0,     0.0,     0.0,     2.0
tinorma01, 1995,     1, WAS , NHL , D  , 71.0,  3.0,  10.0,  13.0, 113.0, 26.0 ,  2.0,  3.0,  0.0,  0.0,  0.0, 0.0,  82.0,    6.0,   0.0,   0.0,     0.0,    16.0, -2.0   ,     0.0,     0.0,     0.0,     0.0,     0.0,     9.0
tinorma01, 1996,     1, WAS , NHL , D  , 56.0,  2.0,   6.0,   8.0, 118.0, 3.0  ,  0.0,  0.0,  0.0,  1.0,  0.0, 1.0,  53.0,       ,      ,      ,        ,        ,        ,        ,        ,        ,        ,        ,      
tinorma01, 1997,     1, WAS , NHL , D  , 47.0,  8.0,   9.0,  17.0,  39.0, 9.0  ,  0.0,  0.0,  1.0,  1.0,  0.0, 0.0,  57.0,   21.0,   1.0,   2.0,     3.0,    42.0, 6.0    ,     0.0,     0.0,     0.0,     0.0,     0.0,    14.0
tinorma01, 1998,     1, WAS , NHL , D  , 48.0,  0.0,   6.0,   6.0, 108.0, -6.0 ,  0.0,  0.0,  0.0,  2.0,  0.0, 0.0,  32.0,       ,      ,      ,        ,        ,        ,        ,        ,        ,        ,        ,      
tippeda01, 1983,     1, HAR , NHL , C  , 17.0,  4.0,   2.0,   6.0,   2.0, -1.0 ,  0.0,     ,  1.0,     ,  0.0, 0.0,  25.0,       ,      ,      ,        ,        ,        ,        ,        ,        ,        ,        ,      
tippeda01, 1984,     1, HAR , NHL , L  , 80.0,  7.0,  12.0,  19.0,  12.0, -24.0,  0.0,     ,  0.0,     ,  0.0, 0.0,  98.0,       ,      ,      ,        ,        ,        ,        ,        ,        ,        ,        ,      
tippeda01, 1985,     1, HAR , NHL , L  , 80.0, 14.0,  20.0,  34.0,  18.0, 9.0  ,  0.0,     ,  2.0,     ,  1.0, 0.0, 118.0,   10.0,   2.0,   2.0,     4.0,     4.0, 3.0    ,     0.0,        ,     1.0,        ,     0.0,    18.0
tippeda01, 1986,     1, HAR , NHL , L  , 80.0,  9.0,  22.0,  31.0,  42.0, 0.0  ,  0.0,     ,  3.0,     ,  2.0, 0.0, 120.0,    6.0,   0.0,   2.0,     2.0,     4.0, -1.0   ,     0.0,        ,     0.0,        ,     0.0,    17.0
tippeda01, 1987,     1, HAR , NHL , L  , 80.0, 16.0,  21.0,  37.0,  32.0, -4.0 ,  1.0,  2.0,  2.0,  0.0,  2.0, 0.0, 126.0,    6.0,   0.0,   0.0,     0.0,     2.0, -5.0   ,     0.0,     0.0,     0.0,     0.0,     0.0,    10.0
tippeda01, 1988,     1, HAR , NHL , L  , 80.0, 17.0,  24.0,  41.0,  45.0, -6.0 ,  1.0,  2.0,  2.0,  0.0,  1.0, 0.0, 165.0,    4.0,   0.0,   1.0,     1.0,     0.0, -3.0   ,     0.0,     0.0,     0.0,     1.0,     0.0,     6.0
tippeda01, 1989,     1, HAR , NHL , L  , 66.0,  8.0,  19.0,  27.0,  32.0, 0.0  ,  0.0,  0.0,  1.0,  2.0,  3.0, 0.0,  91.0,    7.0,   1.0,   3.0,     4.0,     2.0, 1.0    ,     0.0,     0.0,     0.0,     0.0,     0.0,     5.0
tippeda01, 1990,     1, WAS , NHL , L  , 61.0,  6.0,   9.0,  15.0,  24.0, -13.0,  0.0,  0.0,  0.0,  0.0,  2.0, 0.0,  68.0,   10.0,   2.0,   3.0,     5.0,     8.0, 0.0    ,     0.0,     0.0,     0.0,     0.0,     0.0,    17.0
tippeda01, 1991,     1, WAS , NHL , L  , 30.0,  2.0,  10.0,  12.0,  16.0, 2.0  ,  0.0,  1.0,  0.0,  3.0,  0.0, 0.0,  26.0,    7.0,   0.0,   1.0,     1.0,     0.0, 2.0    ,     0.0,     0.0,     0.0,     0.0,     0.0,     8.0
tippeda01, 1992,     1, PIT , NHL , C  , 74.0,  6.0,  19.0,  25.0,  56.0, 5.0  ,  0.0,  0.0,  1.0,  2.0,  1.0, 0.0,  64.0,   12.0,   1.0,   4.0,     5.0,    14.0, -3.0   ,     0.0,     0.0,     0.0,     0.0,     0.0,    11.0
tippeda01, 1993,     1, PHI , NHL , C  , 73.0,  4.0,  11.0,  15.0,  38.0, -20.0,  0.0,  0.0,  2.0,  0.0,  1.0, 0.0,  45.0,       ,      ,      ,        ,        ,        ,        ,        ,        ,        ,        ,      
titanmo01, 1974,     1, BUF , NHL , L  , 17.0,  0.0,   0.0,   0.0,   0.0, -4.0 ,  0.0,     ,  0.0,     ,  0.0, 0.0,   6.0,       ,      ,      ,        ,        ,        ,        ,        ,        ,        ,        ,      
titanmo01, 1975,     1, BUF , NHL , L  ,  2.0,  0.0,   0.0,   0.0,   0.0, 1.0  ,  0.0,     ,  0.0,     ,  0.0, 0.0,   2.0,       ,      ,      ,        ,        ,        ,        ,        ,        ,        ,        ,      
titcogo01, 1974,     1, TOT , WHA , L  ,  2.0,  0.0,   1.0,   1.0,   0.0,      ,  0.0,     ,  0.0,     ,  0.0,    ,   5.0,       ,      ,      ,        ,        ,        ,        ,        ,        ,        ,        ,      
titovge01, 1993,     1, CAL , NHL , L  , 76.0, 27.0,  18.0,  45.0,  28.0, 20.0 ,  8.0,  2.0,  3.0,  1.0,  2.0, 0.0, 153.0,    7.0,   2.0,   1.0,     3.0,     4.0, -4.0   ,     1.0,     0.0,     0.0,     0.0,     0.0,    16.0
titovge01, 1994,     1, CAL , NHL , L  , 40.0, 12.0,  12.0,  24.0,  16.0, 6.0  ,  3.0,  2.0,  2.0,  1.0,  3.0, 0.0,  88.0,    7.0,   5.0,   3.0,     8.0,    10.0, 1.0    ,     0.0,     0.0,     1.0,     0.0,     0.0,    14.0
titovge01, 1995,     1, CAL , NHL , L  , 82.0, 28.0,  39.0,  67.0,  24.0, 9.0  , 13.0, 13.0,  2.0,  4.0,  2.0, 2.0, 214.0,    4.0,   0.0,   2.0,     2.0,     0.0, 0.0    ,     0.0,     0.0,     0.0,     0.0,     0.0,    13.0
titovge01, 1996,     1, CAL , NHL , L  , 79.0, 22.0,  30.0,  52.0,  36.0, -12.0, 12.0, 13.0,  0.0,  0.0,  4.0, 0.0, 192.0,       ,      ,      ,        ,        ,        ,        ,        ,        ,        ,        ,      
titovge01, 1997,     1, CAL , NHL , C  , 68.0, 18.0,  22.0,  40.0,  38.0, -1.0 ,  6.0,  3.0,  1.0,  1.0,  2.0, 0.0, 133.0,       ,      ,      ,        ,        ,        ,        ,        ,        ,        ,        ,      
titovge01, 1998,     1, PIT , NHL , C  , 72.0, 11.0,  45.0,  56.0,  34.0, 18.0 ,  3.0, 16.0,  1.0,  0.0,  3.0, 1.0, 113.0,   11.0,   3.0,   5.0,     8.0,     4.0, 4.0    ,     0.0,     1.0,     0.0,     0.0,     0.0,    15.0
titovge01, 1999,     1, PIT , NHL , L  , 63.0, 17.0,  25.0,  42.0,  34.0, -3.0 ,  4.0,  7.0,  2.0,  1.0,  3.0, 0.0, 111.0,       ,      ,      ,        ,        ,        ,        ,        ,        ,        ,        ,      
titovge01, 1999,     2, EDM , NHL , L  ,  7.0,  0.0,   4.0,   4.0,   4.0, 2.0  ,  0.0,  0.0,  0.0,  0.0,  0.0, 0.0,  11.0,    5.0,   1.0,   1.0,     2.0,     0.0, -2.0   ,     0.0,     1.0,     0.0,     0.0,     0.0,     3.0
titovge01, 2000,     1, ANA , NHL , L  , 71.0,  9.0,  11.0,  20.0,  61.0, -21.0,  1.0,  4.0,  0.0,  0.0,  0.0, 0.0,  78.0,       ,      ,      ,        ,        ,        ,        ,        ,        ,        ,        ,      
titovge01, 2001,     1, ANA , NHL , L  , 66.0, 13.0,  14.0,  27.0,  36.0, 4.0  ,  1.0,  2.0,  0.0,  0.0,  2.0, 0.0,  63.0,       ,      ,      ,        ,        ,        ,        ,        ,        ,        ,        ,      
tjarnda01, 2001,     1, ATL , NHL , D  , 75.0,  2.0,  16.0,  18.0,  14.0, -22.0,  1.0,  2.0,  0.0,  0.0,  0.0, 0.0,  68.0,       ,      ,      ,        ,        ,        ,        ,        ,        ,        ,        ,      
tjarnda01, 2002,     1, ATL , NHL , D  , 75.0,  3.0,  12.0,  15.0,  26.0, -20.0,  1.0,  2.0,  0.0,  0.0,  0.0, 0.0,  65.0,       ,      ,      ,        ,        ,        ,        ,        ,        ,        ,        ,      
tjarnda01, 2003,     1, ATL , NHL , D  , 68.0,  5.0,  15.0,  20.0,  20.0, -4.0 ,  0.0,  2.0,  2.0,  1.0,  1.0, 0.0,  65.0,       ,      ,      ,        ,        ,        ,        ,        ,        ,        ,        ,      
tjarnda01, 2005,     1, MIN , NHL , D  , 60.0,  3.0,  15.0,  18.0,  32.0, -11.0,  3.0,  5.0,  0.0,  2.0,  1.0,    ,  54.0,       ,      ,      ,        ,        ,        ,        ,        ,        ,        ,        ,      
tjarnda01, 2006,     1, EDM , NHL , D  , 37.0,  3.0,  12.0,  15.0,  30.0, 3.0  ,  2.0,  4.0,  0.0,  1.0,  0.0,    ,  33.0,       ,      ,      ,        ,        ,        ,        ,        ,        ,        ,        ,      
tjarnda01, 2008,     1, COL , NHL , D  , 37.0,  2.0,   2.0,   4.0,   8.0, 1.0  ,  0.0,  0.0,  0.0,  0.0,  0.0,    ,  19.0,       ,      ,      ,        ,        ,        ,        ,        ,        ,        ,        ,      
tjarnma01, 2003,     1, DAL , NHL , L  , 18.0,  1.0,   1.0,   2.0,   2.0, -6.0 ,  0.0,  0.0,  0.0,  0.0,  1.0, 0.0,  11.0,       ,      ,      ,        ,        ,        ,        ,        ,        ,        ,        ,      
tjarnma01, 2005,     1, DAL , NHL , C  , 33.0,  2.0,   4.0,   6.0,  18.0, 4.0  ,  0.0,  0.0,  0.0,  0.0,  0.0,    ,  36.0,       ,      ,      ,        ,        ,        ,        ,        ,        ,        ,        ,      
tjarnma01, 2006,     1, DAL , NHL , L  , 18.0,  1.0,   3.0,   4.0,   4.0, -3.0 ,  0.0,  0.0,  0.0,  0.0,  0.0,    ,  13.0,       ,      ,      ,        ,        ,        ,        ,        ,        ,        ,        ,      
tjarnma01, 2006,     2, PHO , NHL , L  , 26.0,  5.0,   4.0,   9.0,   2.0, -2.0 ,  0.0,  0.0,  1.0,  0.0,  0.0,    ,  31.0,       ,      ,      ,        ,        ,        ,        ,        ,        ,        ,        ,      
tjarnma01, 2007,     1, PHO , NHL , L  , 78.0,  4.0,   7.0,  11.0,  34.0, -1.0 ,  0.0,  0.0,  0.0,  0.0,  0.0,    ,  90.0,       ,      ,      ,        ,        ,        ,        ,        ,        ,        ,        ,      
tjmenvi01, 1977,     1, SOV , WHA , L  ,  8.0,  2.0,   2.0,   4.0,  10.0,      ,     ,     ,     ,     ,     ,    ,      ,       ,      ,      ,        ,        ,        ,        ,        ,        ,        ,        ,      
tkachke01, 1991,     1, WIN , NHL , L  , 17.0,  3.0,   5.0,   8.0,  28.0, 0.0  ,  2.0,  2.0,  0.0,  0.0,  0.0, 0.0,  22.0,    7.0,   3.0,   0.0,     3.0,    30.0, -3.0   ,     0.0,     0.0,     0.0,     0.0,     0.0,    14.0
tkachke01, 1992,     1, WIN , NHL , L  , 83.0, 28.0,  23.0,  51.0, 201.0, -13.0, 12.0,  6.0,  0.0,  0.0,  2.0, 1.0, 199.0,    6.0,   4.0,   0.0,     4.0,    14.0, -5.0   ,     1.0,     0.0,     0.0,     0.0,     0.0,    17.0
tkachke01, 1993,     1, WIN , NHL , L  , 84.0, 41.0,  40.0,  81.0, 255.0, -12.0, 22.0, 16.0,  3.0,  1.0,  3.0, 1.0, 218.0,       ,      ,      ,        ,        ,        ,        ,        ,        ,        ,        ,      
tkachke01, 1994,     1, WIN , NHL , L  , 48.0, 22.0,  29.0,  51.0, 152.0, -4.0 ,  7.0, 10.0,  2.0,  3.0,  2.0, 1.0, 129.0,       ,      ,      ,        ,        ,        ,        ,        ,        ,        ,        ,      
tkachke01, 1995,     1, WIN , NHL , L  , 76.0, 50.0,  48.0,  98.0, 156.0, 11.0 , 20.0, 21.0,  2.0,  1.0,  6.0, 0.0, 249.0,    6.0,   1.0,   2.0,     3.0,    22.0, 0.0    ,     0.0,     0.0,     0.0,     0.0,     0.0,    16.0
tkachke01, 1996,     1, PHO , NHL , L  , 81.0, 52.0,  34.0,  86.0, 228.0, -1.0 ,  9.0, 10.0,  2.0,  0.0,  7.0, 1.0, 296.0,    7.0,   6.0,   0.0,     6.0,     7.0, 2.0    ,     2.0,     0.0,     0.0,     0.0,     0.0,    37.0
tkachke01, 1997,     1, PHO , NHL , L  , 69.0, 40.0,  26.0,  66.0, 147.0, 9.0  , 11.0, 10.0,  0.0,  1.0,  8.0, 1.0, 232.0,    6.0,   3.0,   3.0,     6.0,    10.0, -1.0   ,     0.0,     2.0,     0.0,     0.0,     0.0,    24.0
tkachke01, 1998,     1, PHO , NHL , L  , 68.0, 36.0,  32.0,  68.0, 151.0, 22.0 , 11.0,  6.0,  2.0,  2.0,  7.0, 1.0, 258.0,    7.0,   1.0,   3.0,     4.0,    13.0, -4.0   ,     1.0,     2.0,     0.0,     0.0,     0.0,    22.0
tkachke01, 1999,     1, PHO , NHL , L  , 50.0, 22.0,  21.0,  43.0,  82.0, 7.0  ,  5.0,  3.0,  1.0,  3.0,  1.0, 0.0, 183.0,    5.0,   1.0,   1.0,     2.0,     4.0, -4.0   ,     1.0,     0.0,     0.0,     0.0,     0.0,    11.0
tkachke01, 2000,     1, PHO , NHL , L  , 64.0, 29.0,  42.0,  71.0, 108.0, 6.0  , 15.0, 12.0,  0.0,  1.0,  4.0, 1.0, 230.0,       ,      ,      ,        ,        ,        ,        ,        ,        ,        ,        ,      
tkachke01, 2000,     2, STL , NHL , L  , 12.0,  6.0,   2.0,   8.0,  14.0, -3.0 ,  2.0,  1.0,  0.0,  0.0,  1.0, 1.0,  41.0,   15.0,   2.0,   7.0,     9.0,    20.0, 0.0    ,     2.0,     0.0,     0.0,     0.0,     1.0,    42.0
tkachke01, 2001,     1, STL , NHL , L  , 73.0, 38.0,  37.0,  75.0, 117.0, 21.0 , 13.0,  8.0,  0.0,  0.0,  7.0, 1.0, 244.0,   10.0,   5.0,   5.0,    10.0,    18.0, 1.0    ,     1.0,     3.0,     0.0,     0.0,     0.0,    35.0
tkachke01, 2002,     1, STL , NHL , L  , 56.0, 31.0,  24.0,  55.0, 139.0, 1.0  , 14.0,  8.0,  0.0,  0.0,  5.0, 0.0, 185.0,    7.0,   1.0,   3.0,     4.0,    14.0, -1.0   ,     0.0,     2.0,     0.0,     0.0,     0.0,    19.0
tkachke01, 2003,     1, STL , NHL , L  , 75.0, 33.0,  38.0,  71.0,  83.0, 8.0  , 18.0, 14.0,  0.0,  0.0,  8.0, 2.0, 233.0,    5.0,   0.0,   2.0,     2.0,    10.0, -1.0   ,     0.0,     0.0,     0.0,     0.0,     0.0,    12.0
tkachke01, 2005,     1, STL , NHL , L  , 41.0, 15.0,  21.0,  36.0,  46.0, -15.0, 10.0,  6.0,  0.0,  0.0,  1.0,    , 133.0,       ,      ,      ,        ,        ,        ,        ,        ,        ,        ,        ,      
tkachke01, 2006,     1, STL , NHL , L  , 61.0, 20.0,  23.0,  43.0,  92.0, 3.0  ,  8.0,  5.0,  0.0,  0.0,  1.0,    , 160.0,       ,      ,      ,        ,        ,        ,        ,        ,        ,        ,        ,      
tkachke01, 2006,     2, ATL , NHL , L  , 18.0,  7.0,   8.0,  15.0,  34.0, 8.0  ,  2.0,  4.0,  0.0,  1.0,  3.0,    ,  36.0,    4.0,   1.0,   2.0,     3.0,    12.0, 2.0    ,     0.0,     1.0,     0.0,     0.0,     0.0,    11.0
tkachke01, 2007,     1, STL , NHL , C  , 79.0, 27.0,  31.0,  58.0,  69.0, -2.0 , 12.0,  7.0,  1.0,  0.0,  1.0,    , 177.0,       ,      ,      ,        ,        ,        ,        ,        ,        ,        ,        ,      
tkachke01, 2008,     1, STL , NHL , L  , 79.0, 25.0,  24.0,  49.0,  61.0, -11.0, 14.0,  7.0,  0.0,  0.0,  4.0,    , 185.0,    4.0,   0.0,   0.0,     0.0,     2.0, -1.0   ,     0.0,     0.0,     0.0,     0.0,     0.0,     7.0
tkachke01, 2009,     1, STL , NHL , L  , 67.0, 13.0,  19.0,  32.0,  56.0, -2.0 ,  5.0,  5.0,  0.0,  1.0,  1.0,    , 120.0,       ,      ,      ,        ,        ,        ,        ,        ,        ,        ,        ,      
tkaczda01, 2000,     1, CAL , NHL , C  , 19.0,  4.0,   7.0,  11.0,  14.0, 1.0  ,  1.0,  1.0,  0.0,  0.0,  0.0, 0.0,  34.0,       ,      ,      ,        ,        ,        ,        ,        ,        ,        ,        ,      
tkaczwa01, 1967,     1, NYR , NHL , C  ,  2.0,  0.0,   0.0,   0.0,   0.0, -1.0 ,  0.0,     ,  0.0,     ,  0.0, 0.0,   0.0,       ,      ,      ,        ,        ,        ,        ,        ,        ,        ,        ,      
tkaczwa01, 1968,     1, NYR , NHL , C  , 71.0, 12.0,  24.0,  36.0,  28.0, -11.0,  0.0,     ,  0.0,     ,  1.0, 0.0, 130.0,    4.0,   0.0,   1.0,     1.0,     6.0,        ,     0.0,        ,     0.0,        ,     0.0,      
tkaczwa01, 1969,     1, NYR , NHL , C  , 76.0, 27.0,  50.0,  77.0,  38.0, 26.0 ,  5.0,     ,  0.0,     ,  2.0, 1.0, 203.0,    6.0,   2.0,   1.0,     3.0,    17.0,        ,     1.0,        ,     0.0,        ,     0.0,      
tkaczwa01, 1970,     1, NYR , NHL , C  , 77.0, 26.0,  49.0,  75.0,  48.0, 18.0 ,  5.0,     ,  1.0,     ,  4.0, 0.0, 212.0,   13.0,   1.0,   5.0,     6.0,    14.0,        ,     0.0,        ,     0.0,        ,     1.0,      
tkaczwa01, 1971,     1, NYR , NHL , C  , 76.0, 24.0,  42.0,  66.0,  65.0, 34.0 ,  3.0,     ,  2.0,     ,  2.0, 0.0, 231.0,   16.0,   4.0,   6.0,    10.0,    35.0,        ,     0.0,        ,     0.0,        ,     2.0,      
tkaczwa01, 1972,     1, NYR , NHL , C  , 76.0, 27.0,  39.0,  66.0,  59.0, 35.0 ,  6.0,     ,  1.0,     ,  7.0, 0.0, 264.0,   10.0,   7.0,   2.0,     9.0,     8.0,        ,     1.0,        ,     0.0,        ,     1.0,      
tkaczwa01, 1973,     1, NYR , NHL , C  , 71.0, 21.0,  42.0,  63.0,  58.0, 15.0 ,  3.0,     ,  3.0,     ,  0.0, 0.0, 218.0,   13.0,   0.0,   5.0,     5.0,    22.0,        ,     0.0,        ,     0.0,        ,     0.0,      
tkaczwa01, 1974,     1, NYR , NHL , C  , 62.0, 11.0,  25.0,  36.0,  34.0, 1.0  ,  2.0,     ,  0.0,     ,  1.0, 1.0, 134.0,    3.0,   1.0,   2.0,     3.0,     5.0,        ,     0.0,        ,     0.0,        ,     0.0,      
tkaczwa01, 1975,     1, NYR , NHL , C  , 78.0,  8.0,  28.0,  36.0,  56.0, -10.0,  1.0,     ,  0.0,     ,  1.0, 0.0, 142.0,       ,      ,      ,        ,        ,        ,        ,        ,        ,        ,        ,      
tkaczwa01, 1976,     1, NYR , NHL , C  , 80.0, 12.0,  38.0,  50.0,  38.0, 11.0 ,  1.0,     ,  1.0,     ,  0.0, 0.0, 139.0,       ,      ,      ,        ,        ,        ,        ,        ,        ,        ,        ,      
tkaczwa01, 1977,     1, NYR , NHL , C  , 80.0, 26.0,  40.0,  66.0,  30.0, 15.0 ,  6.0,     ,  1.0,     ,  3.0, 0.0, 144.0,    3.0,   0.0,   2.0,     2.0,     0.0,        ,     0.0,        ,     0.0,        ,     0.0,      
tkaczwa01, 1978,     1, NYR , NHL , C  , 77.0, 15.0,  27.0,  42.0,  38.0, 20.0 ,  4.0,     ,  0.0,     ,  0.0, 0.0, 134.0,   18.0,   4.0,   7.0,    11.0,    10.0,        ,     0.0,        ,     1.0,        ,     0.0,      
tkaczwa01, 1979,     1, NYR , NHL , C  , 76.0, 12.0,  25.0,  37.0,  36.0, 19.0 ,  4.0,     ,  2.0,     ,  2.0, 0.0, 128.0,    7.0,   0.0,   1.0,     1.0,     2.0,        ,     0.0,        ,     0.0,        ,     0.0,      
tkaczwa01, 1980,     1, NYR , NHL , C  , 43.0,  6.0,  22.0,  28.0,  28.0, 13.0 ,  1.0,     ,  0.0,     ,  0.0, 0.0,  67.0,       ,      ,      ,        ,        ,        ,        ,        ,        ,        ,        ,      
tlustji01, 2007,     1, TOR , NHL , C  , 58.0, 10.0,   6.0,  16.0,  14.0, -12.0,  2.0,  0.0,  0.0,  0.0,  2.0,    ,  69.0,       ,      ,      ,        ,        ,        ,        ,        ,        ,        ,        ,      
tlustji01, 2008,     1, TOR , NHL , C  , 14.0,  0.0,   4.0,   4.0,   0.0, 0.0  ,  0.0,  0.0,  0.0,  0.0,  0.0,    ,  22.0,       ,      ,      ,        ,        ,        ,        ,        ,        ,        ,        ,      
tlustji01, 2009,     1, TOR , NHL , C  ,  2.0,  0.0,   0.0,   0.0,   0.0, -2.0 ,  0.0,  0.0,  0.0,  0.0,  0.0,    ,   2.0,       ,      ,      ,        ,        ,        ,        ,        ,        ,        ,        ,      
tlustji01, 2009,     2, CAR , NHL , C  , 18.0,  1.0,   5.0,   6.0,   6.0, 2.0  ,  0.0,  0.0,  0.0,  0.0,  0.0,    ,  15.0,       ,      ,      ,        ,        ,        ,        ,        ,        ,        ,        ,      
toalmi01 , 1979,     1, EDM , NHL , C  ,  3.0,  0.0,   0.0,   0.0,   0.0, 0.0  ,  0.0,     ,  0.0,     ,  0.0, 0.0,   1.0,       ,      ,      ,        ,        ,        ,        ,        ,        ,        ,        ,      
tobinbi01, 1921,     1, EDE , WCHL, G  ,  4.0,  0.0,   0.0,   0.0,   0.0,      ,     ,     ,     ,     ,     ,    ,      ,       ,      ,      ,        ,        ,        ,        ,        ,        ,        ,        ,      
tobinbi01, 1922,     1, EDE , WCHL, G  ,  1.0,  0.0,   0.0,   0.0,   0.0,      ,     ,     ,     ,     ,     ,    ,      ,       ,      ,      ,        ,        ,        ,        ,        ,        ,        ,        ,      
tobinbi01, 1923,     1, EDE , WCHL, G  ,  1.0,  0.0,   0.0,   0.0,   0.0,      ,     ,     ,     ,     ,     ,    ,      ,       ,      ,      ,        ,        ,        ,        ,        ,        ,        ,        ,      
tobinbi01, 1924,     1, EDE , WCHL, G  ,  3.0,  0.0,   0.0,   0.0,   0.0,      ,     ,     ,     ,     ,     ,    ,      ,       ,      ,      ,        ,        ,        ,        ,        ,        ,        ,        ,      
tobinch01, 1912,     1, NWR , PCHA, R  , 12.0, 11.0,   3.0,  14.0,  26.0,      ,     ,     ,     ,     ,     ,    ,      ,       ,      ,      ,        ,        ,        ,        ,        ,        ,        ,        ,      
tobinch01, 1913,     1, NWR , PCHA, R  , 14.0,  5.0,   2.0,   7.0,  12.0,      ,     ,     ,     ,     ,     ,    ,      ,       ,      ,      ,        ,        ,        ,        ,        ,        ,        ,        ,      
tobinch01, 1914,     1, PO1 , PCHA, R  , 18.0, 11.0,   2.0,  13.0,   9.0,      ,     ,     ,     ,     ,     ,    ,      ,       ,      ,      ,        ,        ,        ,        ,        ,        ,        ,        ,      
tobinch01, 1915,     1, PO1 , PCHA, R  , 18.0, 21.0,   8.0,  29.0,  22.0,      ,     ,     ,     ,     ,     ,    ,      ,       ,      ,      ,        ,        ,        ,        ,        ,        ,        ,        ,      
tobinch01, 1916,     1, PO1 , PCHA, R  , 24.0, 15.0,   7.0,  22.0,  48.0,      ,     ,     ,     ,     ,     ,    ,      ,       ,      ,      ,        ,        ,        ,        ,        ,        ,        ,        ,      
tobinch01, 1917,     1, PO1 , PCHA, R  , 18.0, 13.0,   3.0,  16.0,   0.0,      ,     ,     ,     ,     ,     ,    ,      ,       ,      ,      ,        ,        ,        ,        ,        ,        ,        ,        ,      
tobinch01, 1918,     1, VA2 , PCHA, R  , 20.0, 10.0,   1.0,  11.0,   3.0,      ,     ,     ,     ,     ,     ,    ,      ,       ,      ,      ,        ,        ,        ,        ,        ,        ,        ,        ,      
tobinch01, 1919,     1, SEA , PCHA, R  , 19.0, 10.0,   4.0,  14.0,   3.0,      ,     ,     ,     ,     ,     ,    ,      ,    2.0,   0.0,   0.0,     0.0,     0.0,        ,        ,        ,        ,        ,        ,      
tobinch01, 1920,     1, SEA , PCHA, R  , 21.0,  4.0,   0.0,   4.0,   6.0,      ,     ,     ,     ,     ,     ,    ,      ,    2.0,   0.0,   0.0,     0.0,     0.0,        ,        ,        ,        ,        ,        ,      
tobinch01, 1921,     1, VML , PCHA, R  , 24.0,  1.0,   0.0,   1.0,   0.0,      ,     ,     ,     ,     ,     ,    ,      ,    4.0,   0.0,   0.0,     0.0,     0.0,        ,        ,        ,        ,        ,        ,      
toblery01, 2001,     1, TBL , NHL , L  ,  4.0,  0.0,   0.0,   0.0,   5.0, -2.0 ,  0.0,  0.0,  0.0,  0.0,  0.0, 0.0,   1.0,       ,      ,      ,        ,        ,        ,        ,        ,        ,        ,        ,      
tocchri01, 1984,     1, PHI , NHL , R  , 75.0, 14.0,  25.0,  39.0, 181.0, 6.0  ,  0.0,     ,  0.0,     ,  0.0, 0.0, 112.0,   19.0,   3.0,   4.0,     7.0,    72.0, -1.0   ,     0.0,        ,     0.0,        ,     2.0,    41.0
tocchri01, 1985,     1, PHI , NHL , R  , 69.0, 14.0,  21.0,  35.0, 284.0, 12.0 ,  3.0,     ,  0.0,     ,  1.0, 0.0, 107.0,    5.0,   1.0,   2.0,     3.0,    26.0, 1.0    ,     0.0,        ,     0.0,        ,     0.0,    10.0
tocchri01, 1986,     1, PHI , NHL , R  , 69.0, 21.0,  28.0,  49.0, 288.0, 16.0 ,  1.0,     ,  1.0,     ,  5.0, 0.0, 147.0,   26.0,  11.0,  10.0,    21.0,    72.0, 7.0    ,     0.0,        ,     1.0,        ,     2.0,    61.0
tocchri01, 1987,     1, PHI , NHL , R  , 65.0, 31.0,  33.0,  64.0, 299.0, 3.0  , 10.0, 11.0,  2.0,  0.0,  3.0, 0.0, 182.0,    5.0,   1.0,   4.0,     5.0,    55.0, -1.0   ,     1.0,     0.0,     0.0,     0.0,     0.0,     7.0
tocchri01, 1988,     1, PHI , NHL , R  , 66.0, 45.0,  36.0,  81.0, 183.0, -1.0 , 16.0, 12.0,  1.0,  0.0,  5.0, 3.0, 220.0,   16.0,   6.0,   6.0,    12.0,    69.0, 0.0    ,     2.0,     2.0,     0.0,     0.0,     1.0,    58.0
tocchri01, 1989,     1, PHI , NHL , R  , 75.0, 37.0,  59.0,  96.0, 196.0, 4.0  , 15.0, 18.0,  1.0,  2.0,  0.0, 0.0, 269.0,       ,      ,      ,        ,        ,        ,        ,        ,        ,        ,        ,      
tocchri01, 1990,     1, PHI , NHL , R  , 70.0, 40.0,  31.0,  71.0, 150.0, 2.0  ,  8.0,  8.0,  0.0,  0.0,  5.0, 1.0, 217.0,       ,      ,      ,        ,        ,        ,        ,        ,        ,        ,        ,      
tocchri01, 1991,     1, PHI , NHL , R  , 42.0, 13.0,  16.0,  29.0, 102.0, 3.0  ,  4.0,  5.0,  0.0,  0.0,  1.0, 1.0, 107.0,       ,      ,      ,        ,        ,        ,        ,        ,        ,        ,        ,      
tocchri01, 1991,     2, PIT , NHL , R  , 19.0, 14.0,  16.0,  30.0,  49.0, 12.0 ,  4.0,  3.0,  1.0,  0.0,  1.0, 0.0,  59.0,   14.0,   6.0,  13.0,    19.0,    24.0, 0.0    ,     3.0,     5.0,     0.0,     0.0,     1.0,    30.0
tocchri01, 1992,     1, PIT , NHL , R  , 80.0, 48.0,  61.0, 109.0, 252.0, 28.0 , 20.0, 20.0,  4.0,  0.0,  5.0, 0.0, 240.0,   12.0,   7.0,   6.0,    13.0,    24.0, 2.0    ,     1.0,     3.0,     0.0,     0.0,     0.0,    45.0
tocchri01, 1993,     1, PIT , NHL , R  , 51.0, 14.0,  26.0,  40.0, 134.0, -15.0,  5.0, 11.0,  1.0,  1.0,  2.0, 1.0, 150.0,    6.0,   2.0,   3.0,     5.0,    20.0, -2.0   ,     1.0,     0.0,     0.0,     0.0,     1.0,    14.0
tocchri01, 1994,     1, LAK , NHL , R  , 36.0, 18.0,  17.0,  35.0,  70.0, -8.0 ,  7.0,  5.0,  1.0,  0.0,  3.0, 0.0,  95.0,       ,      ,      ,        ,        ,        ,        ,        ,        ,        ,        ,      
tocchri01, 1995,     1, LAK , NHL , R  , 44.0, 13.0,  23.0,  36.0, 117.0, 3.0  ,  4.0,  6.0,  0.0,  0.0,  0.0, 1.0, 100.0,       ,      ,      ,        ,        ,        ,        ,        ,        ,        ,        ,      
tocchri01, 1995,     2, BOS , NHL , R  , 27.0, 16.0,   8.0,  24.0,  64.0, 7.0  ,  6.0,  4.0,  0.0,  0.0,  3.0, 0.0,  85.0,    5.0,   4.0,   0.0,     4.0,    21.0, -7.0   ,     3.0,     0.0,     0.0,     0.0,     1.0,    20.0
tocchri01, 1996,     1, BOS , NHL , R  , 40.0, 16.0,  14.0,  30.0,  67.0, -3.0 ,  3.0,  2.0,  0.0,  0.0,  1.0, 1.0, 120.0,       ,      ,      ,        ,        ,        ,        ,        ,        ,        ,        ,      
tocchri01, 1996,     2, WAS , NHL , R  , 13.0,  5.0,   5.0,  10.0,  31.0, 0.0  ,  1.0,  0.0,  0.0,  0.0,  1.0, 0.0,  37.0,       ,      ,      ,        ,        ,        ,        ,        ,        ,        ,        ,      
tocchri01, 1997,     1, PHO , NHL , R  , 68.0, 26.0,  19.0,  45.0, 157.0, 1.0  ,  8.0,  6.0,  0.0,  0.0,  6.0, 0.0, 161.0,    6.0,   6.0,   2.0,     8.0,    25.0, 0.0    ,     3.0,     1.0,     0.0,     0.0,     0.0,    12.0
tocchri01, 1998,     1, PHO , NHL , R  , 81.0, 26.0,  30.0,  56.0, 147.0, 5.0  ,  6.0,  9.0,  1.0,  0.0,  5.0, 0.0, 178.0,    7.0,   0.0,   3.0,     3.0,     8.0, -3.0   ,     0.0,     2.0,     0.0,     0.0,     0.0,    14.0
tocchri01, 1999,     1, PHO , NHL , R  , 64.0, 12.0,  17.0,  29.0,  67.0, -5.0 ,  2.0,  2.0,  0.0,  0.0,  1.0, 1.0, 107.0,       ,      ,      ,        ,        ,        ,        ,        ,        ,        ,        ,      
tocchri01, 1999,     2, PHI , NHL , R  , 16.0,  3.0,   3.0,   6.0,  23.0, 4.0  ,  2.0,  0.0,  0.0,  0.0,  0.0, 0.0,  23.0,   18.0,   5.0,   6.0,    11.0,    49.0, -2.0   ,     2.0,     1.0,     0.0,     0.0,     1.0,    46.0
tocchri01, 2000,     1, PHI , NHL , R  , 60.0, 14.0,  22.0,  36.0,  83.0, 10.0 ,  5.0,  4.0,  0.0,  0.0,  2.0, 0.0,  76.0,    6.0,   0.0,   1.0,     1.0,     6.0, -2.0   ,     0.0,     0.0,     0.0,     0.0,     0.0,     8.0
tocchri01, 2001,     1, PHI , NHL , R  , 14.0,  0.0,   2.0,   2.0,  28.0, -2.0 ,  0.0,  0.0,  0.0,  0.0,  0.0, 0.0,  10.0,       ,      ,      ,        ,        ,        ,        ,        ,        ,        ,        ,      
toddke01 , 1988,     1, NJD , NHL , C  ,  1.0,  0.0,   0.0,   0.0,   0.0, -1.0 ,  0.0,  0.0,  0.0,  0.0,  0.0, 0.0,   0.0,       ,      ,      ,        ,        ,        ,        ,        ,        ,        ,        ,      
toddke01 , 1990,     1, NJD , NHL , C  ,  1.0,  0.0,   0.0,   0.0,   0.0, -1.0 ,  0.0,  0.0,  0.0,  0.0,  0.0, 0.0,   0.0,    1.0,   0.0,   0.0,     0.0,     6.0, -1.0   ,     0.0,     0.0,     0.0,     0.0,     0.0,     0.0
toddke01 , 1991,     1, NJD , NHL , C  , 80.0, 21.0,  42.0,  63.0,  69.0, 8.0  ,  2.0, 10.0,  0.0,  1.0,  2.0, 1.0, 131.0,    7.0,   3.0,   2.0,     5.0,     8.0, 2.0    ,     1.0,     1.0,     0.0,     0.0,     0.0,    16.0
toddke01 , 1992,     1, NJD , NHL , C  , 30.0,  5.0,   5.0,  10.0,  16.0, -4.0 ,  0.0,  2.0,  0.0,  0.0,  2.0, 0.0,  48.0,       ,      ,      ,        ,        ,        ,        ,        ,        ,        ,        ,      
toddke01 , 1992,     2, EDM , NHL , C  , 25.0,  4.0,   9.0,  13.0,  10.0, -5.0 ,  0.0,  2.0,  0.0,  0.0,  1.0, 0.0,  39.0,       ,      ,      ,        ,        ,        ,        ,        ,        ,        ,        ,      
toddke01 , 1993,     1, CHI , NHL , C  , 35.0,  5.0,   6.0,  11.0,  16.0, -2.0 ,  1.0,  0.0,  0.0,  0.0,  1.0, 0.0,  49.0,       ,      ,      ,        ,        ,        ,        ,        ,        ,        ,        ,      
toddke01 , 1993,     2, LAK , NHL , C  , 12.0,  3.0,   8.0,  11.0,   8.0, -1.0 ,  3.0,  2.0,  0.0,  0.0,  0.0, 0.0,  16.0,       ,      ,      ,        ,        ,        ,        ,        ,        ,        ,        ,      
toddke01 , 1994,     1, LAK , NHL , C  , 33.0,  3.0,   8.0,  11.0,  12.0, -5.0 ,  0.0,  0.0,  0.0,  0.0,  1.0, 0.0,  34.0,       ,      ,      ,        ,        ,        ,        ,        ,        ,        ,        ,      
toddke01 , 1995,     1, LAK , NHL , C  , 74.0, 16.0,  27.0,  43.0,  38.0, 6.0  ,  0.0,  3.0,  2.0,  0.0,  4.0, 0.0, 132.0,       ,      ,      ,        ,        ,        ,        ,        ,        ,        ,        ,      
toddke01 , 1996,     1, ANA , NHL , C  , 65.0,  9.0,  21.0,  30.0,  44.0, -7.0 ,  0.0,  4.0,  0.0,  0.0,  1.0, 0.0,  95.0,    4.0,   0.0,   0.0,     0.0,     2.0, -3.0   ,     0.0,     0.0,     0.0,     0.0,     0.0,     3.0
toddke01 , 1997,     1, ANA , NHL , C  , 27.0,  4.0,   7.0,  11.0,  12.0, -5.0 ,  3.0,  4.0,  0.0,  0.0,  1.0, 0.0,  30.0,       ,      ,      ,        ,        ,        ,        ,        ,        ,        ,        ,      
toewsjo01, 2007,     1, CHI , NHL , C  , 64.0, 24.0,  30.0,  54.0,  44.0, 11.0 ,  7.0, 15.0,  0.0,  2.0,  4.0,    , 144.0,       ,      ,      ,        ,        ,        ,        ,        ,        ,        ,        ,      
toewsjo01, 2008,     1, CHI , NHL , C  , 82.0, 34.0,  35.0,  69.0,  51.0, 12.0 , 12.0, 10.0,  0.0,  0.0,  7.0,    , 195.0,   17.0,   7.0,   6.0,    13.0,    26.0, -1.0   ,     5.0,     1.0,     0.0,     0.0,     2.0,    43.0
toewsjo01, 2009,     1, CHI , NHL , C  , 76.0, 25.0,  43.0,  68.0,  47.0, 22.0 ,  9.0, 13.0,  1.0,  3.0,  3.0,    , 202.0,   22.0,   7.0,  22.0,    29.0,     4.0, -1.0   ,     5.0,    10.0,     0.0,     1.0,     3.0,    58.0
toivoha01, 2005,     1, BOS , NHL , G  , 20.0,  0.0,   0.0,   0.0,   6.0, 0.0  ,  0.0,  0.0,  0.0,  0.0,  0.0,    ,   0.0,       ,      ,      ,        ,        ,        ,        ,        ,        ,        ,        ,      
toivoha01, 2006,     1, BOS , NHL , G  , 18.0,  0.0,   0.0,   0.0,   2.0, 0.0  ,  0.0,  0.0,  0.0,  0.0,  0.0,    ,   0.0,       ,      ,      ,        ,        ,        ,        ,        ,        ,        ,        ,      
toivoha01, 2007,     1, STL , NHL , G  , 23.0,  0.0,   0.0,   0.0,   2.0, 0.0  ,  0.0,  0.0,  0.0,  0.0,  0.0,    ,   0.0,       ,      ,      ,        ,        ,        ,        ,        ,        ,        ,        ,      
tokardu01, 2009,     1, TBL , NHL , G  ,  2.0,  0.0,   0.0,   0.0,   0.0, 0.0  ,  0.0,  0.0,  0.0,  0.0,  0.0,    ,   0.0,       ,      ,      ,        ,        ,        ,        ,        ,        ,        ,        ,      
tolleol01, 2005,     1, CBS , NHL , D  ,  5.0,  0.0,   0.0,   0.0,   2.0, -2.0 ,  0.0,  0.0,  0.0,  0.0,  0.0,    ,   3.0,       ,      ,      ,        ,        ,        ,        ,        ,        ,        ,        ,      
tolleol01, 2006,     1, CBS , NHL , D  , 70.0,  2.0,   3.0,   5.0, 123.0, 2.0  ,  1.0,  0.0,  0.0,  0.0,  0.0,    ,  39.0,       ,      ,      ,        ,        ,        ,        ,        ,        ,        ,        ,      
tolleol01, 2007,     1, CBS , NHL , D  , 51.0,  2.0,   2.0,   4.0, 111.0, -3.0 ,  0.0,  0.0,  1.0,  0.0,  0.0,    ,  21.0,       ,      ,      ,        ,        ,        ,        ,        ,        ,        ,        ,      
tolleol01, 2008,     1, CBS , NHL , D  , 19.0,  0.0,   1.0,   1.0,  37.0, -4.0 ,  0.0,  0.0,  0.0,  0.0,  0.0,    ,  12.0,       ,      ,      ,        ,        ,        ,        ,        ,        ,        ,        ,      
tolleol01, 2009,     1, PHI , NHL , D  , 18.0,  0.0,   2.0,   2.0,  23.0, 1.0  ,  0.0,  0.0,  0.0,  0.0,  0.0,    ,  12.0,       ,      ,      ,        ,        ,        ,        ,        ,        ,        ,        ,      
tolpede01, 2007,     1, PHI , NHL , C  , 26.0,  1.0,   5.0,   6.0,  24.0, -4.0 ,  0.0,  1.0,  0.0,  0.0,  0.0,    ,  24.0,       ,      ,      ,        ,        ,        ,        ,        ,        ,        ,        ,      
tomalgl01, 1979,     1, WIN , NHL , D  ,  1.0,  0.0,   0.0,   0.0,   0.0, 0.0  ,  0.0,     ,  0.0,     ,  0.0, 0.0,   1.0,       ,      ,      ,        ,        ,        ,        ,        ,        ,        ,        ,      
tomlami01, 1989,     1, HAR , NHL , C  , 70.0,  7.0,  14.0,  21.0,  48.0, 5.0  ,  1.0,  1.0,  1.0,  1.0,  2.0, 0.0,  64.0,    7.0,   0.0,   1.0,     1.0,     2.0, -2.0   ,     0.0,     0.0,     0.0,     0.0,     0.0,     7.0
tomlami01, 1990,     1, HAR , NHL , C  , 64.0,  8.0,   8.0,  16.0,  55.0, -9.0 ,  0.0,  0.0,  1.0,  0.0,  0.0, 0.0,  69.0,    3.0,   0.0,   0.0,     0.0,     2.0, -3.0   ,     0.0,     0.0,     0.0,     0.0,     0.0,     0.0
tomlami01, 1991,     1, HAR , NHL , C  ,  6.0,  0.0,   0.0,   0.0,   0.0, -2.0 ,  0.0,  0.0,  0.0,  0.0,  0.0, 0.0,  10.0,       ,      ,      ,        ,        ,        ,        ,        ,        ,        ,        ,      
tomlami01, 1993,     1, HAR , NHL , C  ,  1.0,  0.0,   0.0,   0.0,   0.0, 0.0  ,  0.0,  0.0,  0.0,  0.0,  0.0, 0.0,   2.0,       ,      ,      ,        ,        ,        ,        ,        ,        ,        ,        ,      
tomlida01, 1991,     1, TOR , NHL , C  ,  3.0,  0.0,   0.0,   0.0,   2.0, -1.0 ,  0.0,  0.0,  0.0,  0.0,  0.0, 0.0,   6.0,       ,      ,      ,        ,        ,        ,        ,        ,        ,        ,        ,      
tomlida01, 1992,     1, TOR , NHL , C  ,  3.0,  0.0,   0.0,   0.0,   2.0, 0.0  ,  0.0,  0.0,  0.0,  0.0,  0.0, 0.0,   1.0,       ,      ,      ,        ,        ,        ,        ,        ,        ,        ,        ,      
tomlida01, 1993,     1, WIN , NHL , C  , 31.0,  1.0,   3.0,   4.0,  24.0, -12.0,  0.0,  0.0,  0.0,  1.0,  0.0, 0.0,  29.0,       ,      ,      ,        ,        ,        ,        ,        ,        ,        ,        ,      
tomlida01, 1994,     1, FLO , NHL , C  ,  5.0,  0.0,   0.0,   0.0,   0.0, -2.0 ,  0.0,  0.0,  0.0,  0.0,  0.0, 0.0,   0.0,       ,      ,      ,        ,        ,        ,        ,        ,        ,        ,        ,      
tomliki01, 1987,     1, MNS , NHL , C  ,  1.0,  0.0,   0.0,   0.0,   0.0, 0.0  ,  0.0,  0.0,  0.0,  0.0,  0.0, 0.0,   0.0,       ,      ,      ,        ,        ,        ,        ,        ,        ,        ,        ,      
tomsje01 , 1995,     1, TBL , NHL , L  ,  1.0,  0.0,   0.0,   0.0,   0.0, 0.0  ,  0.0,  0.0,  0.0,  0.0,  0.0, 0.0,   1.0,       ,      ,      ,        ,        ,        ,        ,        ,        ,        ,        ,      
tomsje01 , 1996,     1, TBL , NHL , L  , 34.0,  2.0,   8.0,  10.0,  10.0, 2.0  ,  0.0,  0.0,  0.0,  0.0,  1.0, 0.0,  53.0,       ,      ,      ,        ,        ,        ,        ,        ,        ,        ,        ,      
tomsje01 , 1997,     1, TBL , NHL , C  , 13.0,  1.0,   2.0,   3.0,   7.0, -6.0 ,  0.0,  0.0,  0.0,  0.0,  0.0, 0.0,  14.0,       ,      ,      ,        ,        ,        ,        ,        ,        ,        ,        ,      
tomsje01 , 1997,     2, WAS , NHL , C  , 33.0,  3.0,   4.0,   7.0,   8.0, -11.0,  0.0,  0.0,  0.0,  1.0,  1.0, 0.0,  55.0,    1.0,   0.0,   0.0,     0.0,     0.0, -1.0   ,     0.0,     0.0,     0.0,     0.0,     0.0,     0.0
tomsje01 , 1998,     1, WAS , NHL , L  , 21.0,  1.0,   5.0,   6.0,   2.0, 0.0  ,  0.0,  0.0,  0.0,  1.0,  0.0, 0.0,  30.0,       ,      ,      ,        ,        ,        ,        ,        ,        ,        ,        ,      
tomsje01 , 1999,     1, WAS , NHL , L  , 20.0,  1.0,   2.0,   3.0,   4.0, -1.0 ,  0.0,  0.0,  0.0,  0.0,  1.0, 0.0,  18.0,       ,      ,      ,        ,        ,        ,        ,        ,        ,        ,        ,      
tomsje01 , 2000,     1, NYI , NHL , L  , 39.0,  2.0,   4.0,   6.0,  10.0, -7.0 ,  0.0,  2.0,  0.0,  0.0,  0.0, 0.0,  37.0,       ,      ,      ,        ,        ,        ,        ,        ,        ,        ,        ,      
tomsje01 , 2000,     2, NYR , NHL , L  , 15.0,  1.0,   1.0,   2.0,   0.0, -3.0 ,  0.0,  0.0,  0.0,  0.0,  0.0, 0.0,  12.0,       ,      ,      ,        ,        ,        ,        ,        ,        ,        ,        ,      
tomsje01 , 2001,     1, NYR , NHL , C  , 38.0,  7.0,   4.0,  11.0,  10.0, -4.0 ,  2.0,  0.0,  0.0,  0.0,  0.0, 0.0,  62.0,       ,      ,      ,        ,        ,        ,        ,        ,        ,        ,        ,      
tomsje01 , 2001,     2, PIT , NHL , C  , 14.0,  2.0,   1.0,   3.0,   4.0, -5.0 ,  0.0,  1.0,  0.0,  0.0,  0.0, 1.0,  22.0,       ,      ,      ,        ,        ,        ,        ,        ,        ,        ,        ,      
tomsje01 , 2002,     1, FLO , NHL , C  ,  8.0,  2.0,   2.0,   4.0,   4.0, 2.0  ,  0.0,  0.0,  0.0,  0.0,  1.0, 0.0,  12.0,       ,      ,      ,        ,        ,        ,        ,        ,        ,        ,        ,      
tomsoja01, 1939,     1, NYA , NHL , D  , 12.0,  1.0,   1.0,   2.0,   0.0,      ,     ,     ,     ,     ,     ,    ,      ,       ,      ,      ,        ,        ,        ,        ,        ,        ,        ,        ,      
tomsoja01, 1940,     1, NYA , NHL , D  ,  3.0,  0.0,   0.0,   0.0,   0.0,      ,     ,     ,     ,     ,     ,    ,      ,       ,      ,      ,        ,        ,        ,        ,        ,        ,        ,        ,      
toneljo01, 1975,     1, HOU , WHA , C  , 79.0, 17.0,  14.0,  31.0,  66.0, 11.0 ,  3.0,     ,  1.0,     ,  2.0,    , 123.0,   17.0,   7.0,   7.0,    14.0,     8.0, 8.0    ,        ,        ,        ,        ,        ,      
toneljo01, 1976,     1, HOU , WHA , C  , 80.0, 24.0,  31.0,  55.0, 109.0, 14.0 ,  6.0,     ,  1.0,     ,     ,    , 179.0,   11.0,   3.0,   4.0,     7.0,    12.0, -1.0   ,        ,        ,        ,        ,     0.0,      
toneljo01, 1977,     1, HOU , WHA , C  , 65.0, 23.0,  41.0,  64.0, 103.0, 13.0 ,  5.0,     ,  0.0,     ,     ,    , 146.0,    6.0,   1.0,   3.0,     4.0,     8.0, -4.0   ,        ,        ,        ,        ,     0.0,      
toneljo01, 1978,     1, NYI , NHL , L  , 73.0, 17.0,  39.0,  56.0,  44.0, 29.0 ,  1.0,     ,  0.0,     ,  4.0, 0.0, 113.0,   10.0,   1.0,   6.0,     7.0,     0.0,        ,     0.0,        ,     0.0,        ,     0.0,      
toneljo01, 1979,     1, NYI , NHL , L  , 77.0, 14.0,  30.0,  44.0,  49.0, 8.0  ,  3.0,     ,  0.0,     ,  2.0, 1.0, 103.0,   21.0,   7.0,   9.0,    16.0,    18.0,        ,     0.0,        ,     0.0,        ,     0.0,      
toneljo01, 1980,     1, NYI , NHL , L  , 70.0, 20.0,  32.0,  52.0,  57.0, 8.0  ,  2.0,     ,  0.0,     ,  3.0, 1.0, 114.0,   16.0,   5.0,   8.0,    13.0,    16.0,        ,     0.0,        ,     0.0,        ,     2.0,      
toneljo01, 1981,     1, NYI , NHL , L  , 80.0, 35.0,  58.0,  93.0,  57.0, 48.0 ,  5.0,     ,  0.0,     ,  5.0, 2.0, 165.0,   19.0,   6.0,  10.0,    16.0,    18.0,        ,     1.0,        ,     0.0,        ,     1.0,      
toneljo01, 1982,     1, NYI , NHL , L  , 76.0, 31.0,  40.0,  71.0,  55.0, 30.0 ,  8.0,     ,  1.0,     ,  4.0, 1.0, 166.0,   20.0,   7.0,  11.0,    18.0,    20.0,        ,     0.0,        ,     0.0,        ,     2.0,      
toneljo01, 1983,     1, NYI , NHL , L  , 73.0, 27.0,  40.0,  67.0,  66.0, 21.0 ,  5.0,     ,  1.0,     ,  7.0, 0.0, 105.0,   17.0,   1.0,   3.0,     4.0,    31.0, 1.0    ,     0.0,        ,     0.0,        ,     0.0,    24.0
toneljo01, 1984,     1, NYI , NHL , L  , 80.0, 42.0,  58.0, 100.0,  95.0, 50.0 ,  8.0,     ,  1.0,     ,  3.0, 2.0, 197.0,   10.0,   1.0,   8.0,     9.0,    10.0, 1.0    ,     0.0,        ,     0.0,        ,     0.0,    24.0
toneljo01, 1985,     1, NYI , NHL , L  , 65.0, 20.0,  41.0,  61.0,  50.0, 22.0 ,  3.0,     ,  0.0,     ,  1.0, 0.0, 139.0,       ,      ,      ,        ,        ,        ,        ,        ,        ,        ,        ,      
toneljo01, 1985,     2, CAL , NHL , L  ,  9.0,  3.0,   4.0,   7.0,  10.0, -1.0 ,  1.0,     ,  0.0,     ,  1.0, 0.0,  18.0,   22.0,   7.0,   9.0,    16.0,    49.0, 3.0    ,     1.0,        ,     0.0,        ,     1.0,    44.0
toneljo01, 1986,     1, CAL , NHL , L  , 78.0, 20.0,  31.0,  51.0,  72.0, -2.0 , 10.0,     ,  0.0,     ,  3.0, 0.0, 150.0,    3.0,   0.0,   0.0,     0.0,     4.0, 0.0    ,     0.0,        ,     0.0,        ,     0.0,     2.0
toneljo01, 1987,     1, CAL , NHL , L  , 74.0, 17.0,  41.0,  58.0,  84.0, 10.0 ,  6.0, 13.0,  0.0,  0.0,  1.0, 0.0, 128.0,    6.0,   2.0,   5.0,     7.0,     8.0, -1.0   ,     2.0,     0.0,     0.0,     0.0,     1.0,     9.0
toneljo01, 1988,     1, LAK , NHL , L  , 77.0, 31.0,  33.0,  64.0, 110.0, 9.0  ,  1.0,  7.0,  1.0,  1.0,  3.0, 0.0, 156.0,    6.0,   0.0,   0.0,     0.0,     8.0, -3.0   ,     0.0,     0.0,     0.0,     0.0,     0.0,    11.0
toneljo01, 1989,     1, LAK , NHL , L  , 73.0, 31.0,  37.0,  68.0,  62.0, -8.0 , 15.0,  9.0,  0.0,  0.0,  4.0, 0.0, 163.0,   10.0,   1.0,   2.0,     3.0,     6.0, -6.0   ,     0.0,     0.0,     0.0,     0.0,     0.0,    14.0
toneljo01, 1990,     1, LAK , NHL , L  , 71.0, 14.0,  16.0,  30.0,  49.0, 3.0  ,  2.0,  4.0,  0.0,  0.0,  5.0, 0.0,  84.0,   12.0,   2.0,   4.0,     6.0,    12.0, 1.0    ,     1.0,     2.0,     0.0,     0.0,     0.0,    16.0
toneljo01, 1991,     1, CHI , NHL , L  , 33.0,  1.0,   7.0,   8.0,  37.0, 2.0  ,  0.0,  4.0,  0.0,  0.0,  1.0, 0.0,  29.0,       ,      ,      ,        ,        ,        ,        ,        ,        ,        ,        ,      
toneljo01, 1991,     2, QUE , NHL , L  , 19.0,  2.0,   4.0,   6.0,  14.0, -7.0 ,  2.0,  3.0,  0.0,  0.0,  0.0, 0.0,  16.0,       ,      ,      ,        ,        ,        ,        ,        ,        ,        ,        ,      
tooketi01, 1980,     1, WAS , NHL , C  , 29.0, 10.0,  13.0,  23.0,  18.0, -6.0 ,  6.0,     ,  0.0,     ,  1.0, 1.0,  33.0,       ,      ,      ,        ,        ,        ,        ,        ,        ,        ,        ,      
tooketi01, 1981,     1, WAS , NHL , C  , 28.0,  8.0,   8.0,  16.0,  35.0, -9.0 ,  5.0,     ,  0.0,     ,  0.0, 0.0,  52.0,       ,      ,      ,        ,        ,        ,        ,        ,        ,        ,        ,      
tooketi01, 1982,     1, QUE , NHL , C  , 12.0,  1.0,   6.0,   7.0,   4.0, 2.0  ,  0.0,     ,  0.0,     ,  0.0, 0.0,   8.0,       ,      ,      ,        ,        ,        ,        ,        ,        ,        ,        ,      
tooketi01, 1983,     1, PIT , NHL , C  ,  8.0,  0.0,   2.0,   2.0,   2.0, -2.0 ,  0.0,     ,  0.0,     ,  0.0, 0.0,   7.0,       ,      ,      ,        ,        ,        ,        ,        ,        ,        ,        ,      
tooketi01, 1986,     1, PHI , NHL , C  ,  2.0,  0.0,   0.0,   0.0,   0.0, 0.0  ,  0.0,     ,  0.0,     ,  0.0, 0.0,   1.0,   10.0,   1.0,   3.0,     4.0,     2.0, 1.0    ,     0.0,        ,     0.0,        ,     0.0,     9.0
tooketi01, 1987,     1, LAK , NHL , C  , 20.0,  1.0,   6.0,   7.0,   8.0, -2.0 ,  0.0,  0.0,  0.0,  0.0,  0.0, 0.0,  28.0,       ,      ,      ,        ,        ,        ,        ,        ,        ,        ,        ,      
tooketi01, 1988,     1, LAK , NHL , C  ,  7.0,  2.0,   1.0,   3.0,   4.0, -3.0 ,  0.0,  0.0,  0.0,  0.0,  0.0, 0.0,   8.0,       ,      ,      ,        ,        ,        ,        ,        ,        ,        ,        ,      
toomese01, 1986,     1, MNS , NHL , L  ,  1.0,  0.0,   0.0,   0.0,   0.0, -1.0 ,  0.0,     ,  0.0,     ,  0.0, 0.0,   2.0,       ,      ,      ,        ,        ,        ,        ,        ,        ,        ,        ,      
tootojo01, 2003,     1, NAS , NHL , R  , 70.0,  4.0,   4.0,   8.0, 137.0, -6.0 ,  2.0,  1.0,  0.0,  0.0,  0.0, 0.0,  92.0,    5.0,   0.0,   0.0,     0.0,     4.0, 0.0    ,     0.0,     0.0,     0.0,     0.0,     0.0,     2.0
tootojo01, 2005,     1, NAS , NHL , R  , 34.0,  4.0,   6.0,  10.0,  55.0, 9.0  ,  0.0,  0.0,  0.0,  0.0,  0.0,    ,  61.0,    3.0,   0.0,   0.0,     0.0,     0.0, -1.0   ,     0.0,     0.0,     0.0,     0.0,     0.0,     3.0
tootojo01, 2006,     1, NAS , NHL , R  , 65.0,  3.0,   6.0,   9.0, 116.0, -11.0,  0.0,  0.0,  0.0,  0.0,  0.0,    ,  77.0,    4.0,   0.0,   1.0,     1.0,    21.0, -2.0   ,     0.0,     0.0,     0.0,     0.0,     0.0,     6.0
tootojo01, 2007,     1, NAS , NHL , R  , 63.0, 11.0,   7.0,  18.0, 100.0, -8.0 ,  0.0,  0.0,  0.0,  0.0,  1.0,    ,  98.0,    6.0,   2.0,   0.0,     2.0,     4.0, 1.0    ,     0.0,     0.0,     0.0,     0.0,     0.0,    12.0
tootojo01, 2008,     1, NAS , NHL , R  , 72.0,  4.0,  12.0,  16.0, 124.0, -15.0,  0.0,  1.0,  0.0,  0.0,  1.0,    , 138.0,       ,      ,      ,        ,        ,        ,        ,        ,        ,        ,        ,      
tootojo01, 2009,     1, NAS , NHL , R  , 51.0,  6.0,  10.0,  16.0,  40.0, 2.0  ,  0.0,  0.0,  0.0,  0.0,  1.0,    , 101.0,    6.0,   0.0,   1.0,     1.0,     2.0, 0.0    ,     0.0,     0.0,     0.0,     0.0,     0.0,     5.0
topolcr01, 1977,     1, EDO , WHA , D  , 10.0,  0.0,   2.0,   2.0,   4.0, -1.0 ,  0.0,     ,  0.0,     ,     ,    ,  16.0,       ,      ,      ,        ,        ,        ,        ,        ,        ,        ,        ,      
toporsh01, 1996,     1, TOR , NHL , R  ,  3.0,  0.0,   0.0,   0.0,   7.0, 0.0  ,  0.0,  0.0,  0.0,  0.0,  0.0, 0.0,   3.0,       ,      ,      ,        ,        ,        ,        ,        ,        ,        ,        ,      
toppaje01, 1952,     1, BOS , NHL , R  , 69.0, 10.0,  13.0,  23.0,  36.0,      ,     ,     ,     ,     ,     ,    ,      ,   11.0,   0.0,   3.0,     3.0,     9.0,        ,        ,        ,        ,        ,        ,      
toppaje01, 1953,     1, BOS , NHL , R  , 37.0,  3.0,   7.0,  10.0,  26.0,      ,     ,     ,     ,     ,     ,    ,      ,       ,      ,      ,        ,        ,        ,        ,        ,        ,        ,        ,      
toppaje01, 1953,     2, CHI , NHL , R  , 14.0,  2.0,   1.0,   3.0,  16.0,      ,     ,     ,     ,     ,     ,    ,      ,       ,      ,      ,        ,        ,        ,        ,        ,        ,        ,        ,      
toppaje01, 1954,     1, CHI , NHL , R  , 70.0,  9.0,  18.0,  27.0,  59.0,      ,     ,     ,     ,     ,     ,    ,      ,       ,      ,      ,        ,        ,        ,        ,        ,        ,        ,        ,      
toppaje01, 1955,     1, DET , NHL , R  , 40.0,  1.0,   7.0,   8.0,  31.0,      ,     ,     ,     ,     ,     ,    ,      ,       ,      ,      ,        ,        ,        ,        ,        ,        ,        ,        ,      
toppaje01, 1955,     2, BOS , NHL , R  , 28.0,  7.0,   7.0,  14.0,  22.0,      ,     ,     ,     ,     ,     ,    ,      ,       ,      ,      ,        ,        ,        ,        ,        ,        ,        ,        ,      
toppaje01, 1956,     1, BOS , NHL , R  , 55.0, 15.0,  23.0,  38.0,  26.0,      ,     ,     ,     ,     ,     ,    ,      ,   10.0,   0.0,   1.0,     1.0,     2.0,        ,        ,        ,        ,        ,        ,      
toppaje01, 1957,     1, BOS , NHL , R  , 64.0, 25.0,  24.0,  49.0,  51.0,      ,     ,     ,     ,     ,     ,    ,      ,   12.0,   9.0,   3.0,    12.0,     2.0,        ,        ,        ,        ,        ,        ,      
toppaje01, 1958,     1, BOS , NHL , R  , 70.0, 21.0,  23.0,  44.0,  61.0,      ,     ,     ,     ,     ,     ,    ,      ,    7.0,   4.0,   2.0,     6.0,     0.0,        ,        ,        ,        ,        ,        ,      
toppaje01, 1959,     1, BOS , NHL , R  , 69.0, 12.0,  33.0,  45.0,  26.0,      ,     ,     ,     ,     ,     ,    ,      ,       ,      ,      ,        ,        ,        ,        ,        ,        ,        ,        ,      
toppaje01, 1960,     1, BOS , NHL , R  , 67.0, 15.0,  35.0,  50.0,  35.0,      ,     ,     ,     ,     ,     ,    ,      ,       ,      ,      ,        ,        ,        ,        ,        ,        ,        ,        ,      
toppaje01, 1961,     1, BOS , NHL , R  , 70.0, 19.0,  31.0,  50.0,  26.0,      ,     ,     ,     ,     ,     ,    ,      ,       ,      ,      ,        ,        ,        ,        ,        ,        ,        ,        ,      
toppaje01, 1962,     1, BOS , NHL , R  , 65.0, 17.0,  18.0,  35.0,   6.0,      ,     ,     ,     ,     ,     ,    ,      ,       ,      ,      ,        ,        ,        ,        ,        ,        ,        ,        ,      
toppaje01, 1963,     1, BOS , NHL , R  , 65.0,  7.0,   4.0,  11.0,  15.0,      ,  1.0,     ,  1.0,     ,  1.0, 0.0,      ,       ,      ,      ,        ,        ,        ,        ,        ,        ,        ,        ,      
toppaze01, 1948,     1, BOS , NHL , R  ,  5.0,  1.0,   1.0,   2.0,   0.0,      ,     ,     ,     ,     ,     ,    ,      ,    2.0,   0.0,   0.0,     0.0,     0.0,        ,        ,        ,        ,        ,        ,      
toppaze01, 1949,     1, BOS , NHL , R  , 36.0,  5.0,   5.0,  10.0,  18.0,      ,     ,     ,     ,     ,     ,    ,      ,       ,      ,      ,        ,        ,        ,        ,        ,        ,        ,        ,      
toppaze01, 1950,     1, BOS , NHL , R  ,  4.0,  0.0,   1.0,   1.0,   0.0,      ,     ,     ,     ,     ,     ,    ,      ,       ,      ,      ,        ,        ,        ,        ,        ,        ,        ,        ,      
toppaze01, 1950,     2, NYR , NHL , R  , 55.0, 14.0,  14.0,  28.0,  27.0,      ,     ,     ,     ,     ,     ,    ,      ,       ,      ,      ,        ,        ,        ,        ,        ,        ,        ,        ,      
toppaze01, 1951,     1, NYR , NHL , R  , 16.0,  1.0,   1.0,   2.0,   4.0,      ,     ,     ,     ,     ,     ,    ,      ,       ,      ,      ,        ,        ,        ,        ,        ,        ,        ,        ,      
toppaze01, 1956,     1, CHI , NHL , R  ,  7.0,  0.0,   0.0,   0.0,   0.0,      ,     ,     ,     ,     ,     ,    ,      ,       ,      ,      ,        ,        ,        ,        ,        ,        ,        ,        ,      
torchmi01, 1994,     1, DAL , NHL , G  ,  6.0,  0.0,   0.0,   0.0,   0.0, 0.0  ,  0.0,  0.0,  0.0,  0.0,  0.0, 0.0,   0.0,       ,      ,      ,        ,        ,        ,        ,        ,        ,        ,        ,      
tordjjo01, 2008,     1, PHO , NHL , G  ,  2.0,  0.0,   0.0,   0.0,   0.0, 0.0  ,  0.0,  0.0,  0.0,  0.0,  0.0,    ,   0.0,       ,      ,      ,        ,        ,        ,        ,        ,        ,        ,        ,      
torgapa01, 1995,     1, CAL , NHL , L  , 41.0,  6.0,  10.0,  16.0,  14.0, 2.0  ,  0.0,  0.0,  0.0,  0.0,  0.0, 0.0,  50.0,    1.0,   0.0,   0.0,     0.0,     0.0, 0.0    ,     0.0,     0.0,     0.0,     0.0,     0.0,     1.0
torgapa01, 1999,     1, CAL , NHL , L  ,  9.0,  0.0,   2.0,   2.0,   4.0, 0.0  ,  0.0,  1.0,  0.0,  0.0,  0.0, 0.0,  12.0,       ,      ,      ,        ,        ,        ,        ,        ,        ,        ,        ,      
torgapa01, 1999,     2, TBL , NHL , L  ,  5.0,  0.0,   2.0,   2.0,   2.0, 1.0  ,  0.0,  0.0,  0.0,  0.0,  0.0, 0.0,   6.0,       ,      ,      ,        ,        ,        ,        ,        ,        ,        ,        ,      
torkkja01, 1988,     1, CHI , NHL , L  ,  4.0,  1.0,   0.0,   1.0,   0.0, -2.0 ,  1.0,  0.0,  0.0,  0.0,  0.0, 0.0,   2.0,       ,      ,      ,        ,        ,        ,        ,        ,        ,        ,        ,      
tormaan01, 1995,     1, OTT , NHL , R  , 50.0,  7.0,   8.0,  15.0,  28.0, -15.0,  0.0,  0.0,  0.0,  1.0,  0.0, 0.0,  68.0,       ,      ,      ,        ,        ,        ,        ,        ,        ,        ,        ,      
torrera01, 2001,     1, NYI , NHL , L  , 14.0,  0.0,   1.0,   1.0,   6.0, 2.0  ,  0.0,  0.0,  0.0,  0.0,  0.0, 0.0,   9.0,       ,      ,      ,        ,        ,        ,        ,        ,        ,        ,        ,      
torrera01, 2002,     1, NYI , NHL , L  , 17.0,  0.0,   5.0,   5.0,  10.0, 0.0  ,  0.0,  0.0,  0.0,  0.0,  0.0, 0.0,  12.0,       ,      ,      ,        ,        ,        ,        ,        ,        ,        ,        ,      
torrera01, 2003,     1, EDM , NHL , L  , 80.0, 20.0,  14.0,  34.0,  65.0, 12.0 ,  5.0,  1.0,  0.0,  0.0,  3.0, 1.0, 136.0,       ,      ,      ,        ,        ,        ,        ,        ,        ,        ,        ,      
torrera01, 2005,     1, EDM , NHL , L  , 82.0, 27.0,  14.0,  41.0,  50.0, 4.0  ,  6.0,  5.0,  0.0,  0.0,  3.0,    , 164.0,   22.0,   4.0,   7.0,    11.0,    16.0, 2.0    ,     1.0,     2.0,     0.0,     0.0,     1.0,    42.0
torrera01, 2006,     1, EDM , NHL , L  , 82.0, 15.0,  19.0,  34.0,  88.0, -7.0 ,  1.0,  0.0,  0.0,  0.0,  0.0,    , 154.0,       ,      ,      ,        ,        ,        ,        ,        ,        ,        ,        ,      
torrera01, 2007,     1, EDM , NHL , L  , 32.0,  5.0,   6.0,  11.0,  36.0, -4.0 ,  1.0,  1.0,  0.0,  0.0,  2.0,    ,  87.0,       ,      ,      ,        ,        ,        ,        ,        ,        ,        ,        ,      
torrera01, 2008,     1, CBS , NHL , L  , 51.0, 12.0,   8.0,  20.0,  23.0, -4.0 ,  2.0,  0.0,  0.0,  0.0,  6.0,    ,  74.0,    4.0,   0.0,   2.0,     2.0,     2.0, -3.0   ,     0.0,     1.0,     0.0,     0.0,     0.0,     4.0
torrera01, 2009,     1, CBS , NHL , L  , 60.0, 19.0,  12.0,  31.0,  32.0, -8.0 ,  7.0,  2.0,  0.0,  0.0,  3.0,    ,  99.0,       ,      ,      ,        ,        ,        ,        ,        ,        ,        ,        ,      
torrera01, 2009,     2, BUF , NHL , L  , 14.0,  0.0,   5.0,   5.0,   2.0, -3.0 ,  0.0,  1.0,  0.0,  0.0,  0.0,    ,  21.0,    4.0,   0.0,   2.0,     2.0,    12.0, 1.0    ,     0.0,     0.0,     0.0,     0.0,     0.0,     7.0
toskave01, 2001,     1, SJS , NHL , G  ,  1.0,  0.0,   0.0,   0.0,   0.0, 0.0  ,  0.0,  0.0,  0.0,  0.0,  0.0, 0.0,   0.0,       ,      ,      ,        ,        ,        ,        ,        ,        ,        ,        ,      
toskave01, 2002,     1, SJS , NHL , G  , 11.0,  0.0,   0.0,   0.0,   0.0, 0.0  ,  0.0,  0.0,  0.0,  0.0,  0.0, 0.0,   0.0,       ,      ,      ,        ,        ,        ,        ,        ,        ,        ,        ,      
toskave01, 2003,     1, SJS , NHL , G  , 28.0,  0.0,   1.0,   1.0,   2.0, 0.0  ,  0.0,  0.0,  0.0,  0.0,  0.0, 0.0,   0.0,       ,      ,      ,        ,        ,        ,        ,        ,        ,        ,        ,      
toskave01, 2005,     1, SJS , NHL , G  , 37.0,  0.0,   1.0,   1.0,   4.0, 0.0  ,  0.0,  0.0,  0.0,  0.0,  0.0,    ,   0.0,   11.0,   0.0,   0.0,     0.0,     0.0, 0.0    ,     0.0,     0.0,     0.0,     0.0,     0.0,     0.0
toskave01, 2006,     1, SJS , NHL , G  , 38.0,  0.0,   3.0,   3.0,   0.0, 0.0  ,  0.0,  0.0,  0.0,  2.0,  0.0,    ,   0.0,       ,      ,      ,        ,        ,        ,        ,        ,        ,        ,        ,      
toskave01, 2007,     1, TOR , NHL , G  , 66.0,  0.0,   5.0,   5.0,   4.0, 0.0  ,  0.0,  4.0,  0.0,  0.0,  0.0,    ,   0.0,       ,      ,      ,        ,        ,        ,        ,        ,        ,        ,        ,      
toskave01, 2008,     1, TOR , NHL , G  , 53.0,  0.0,   0.0,   0.0,   2.0, 0.0  ,  0.0,  0.0,  0.0,  0.0,  0.0,    ,   0.0,       ,      ,      ,        ,        ,        ,        ,        ,        ,        ,        ,      
toskave01, 2009,     1, TOR , NHL , G  , 26.0,  0.0,   0.0,   0.0,   4.0, 0.0  ,  0.0,  0.0,  0.0,  0.0,  0.0,    ,   0.0,       ,      ,      ,        ,        ,        ,        ,        ,        ,        ,        ,      
toskave01, 2009,     2, CAL , NHL , G  ,  6.0,  0.0,   0.0,   0.0,   0.0, 0.0  ,  0.0,  0.0,  0.0,  0.0,  0.0,    ,   0.0,       ,      ,      ,        ,        ,        ,        ,        ,        ,        ,        ,      
touhebi01, 1927,     1, MTM , NHL , L/C, 29.0,  2.0,   0.0,   2.0,   2.0,      ,     ,     ,     ,     ,     ,    ,      ,       ,      ,      ,        ,        ,        ,        ,        ,        ,        ,        ,      
touhebi01, 1928,     1, OTS , NHL , L/C, 44.0,  9.0,   3.0,  12.0,  28.0,      ,     ,     ,     ,     ,     ,    ,      ,       ,      ,      ,        ,        ,        ,        ,        ,        ,        ,        ,      
touhebi01, 1929,     1, OTS , NHL , L/C, 44.0, 10.0,   3.0,  13.0,  24.0,      ,     ,     ,     ,     ,     ,    ,      ,    2.0,   1.0,   0.0,     1.0,     0.0,        ,        ,        ,        ,        ,        ,      
touhebi01, 1930,     1, OTS , NHL , L/C, 44.0, 15.0,  15.0,  30.0,   8.0,      ,     ,     ,     ,     ,     ,    ,      ,       ,      ,      ,        ,        ,        ,        ,        ,        ,        ,        ,      
touhebi01, 1931,     1, BOS , NHL , L/C, 26.0,  5.0,   4.0,   9.0,  12.0,      ,     ,     ,     ,     ,     ,    ,      ,       ,      ,      ,        ,        ,        ,        ,        ,        ,        ,        ,      
touhebi01, 1932,     1, OTS , NHL , L/C, 47.0, 12.0,   7.0,  19.0,  12.0,      ,     ,     ,     ,     ,     ,    ,      ,       ,      ,      ,        ,        ,        ,        ,        ,        ,        ,        ,      
touhebi01, 1933,     1, OTS , NHL , L/C, 46.0, 12.0,   8.0,  20.0,  21.0,      ,     ,     ,     ,     ,     ,    ,      ,       ,      ,      ,        ,        ,        ,        ,        ,        ,        ,        ,      
toupija01, 1943,     1, CHI , NHL , R  ,  8.0,  1.0,   2.0,   3.0,   0.0,      ,     ,     ,     ,     ,     ,    ,      ,    4.0,   0.0,   0.0,     0.0,     0.0,        ,        ,        ,        ,        ,        ,      
townsar01, 1925,     1, POR , WCHL, D  , 29.0,  4.0,   2.0,   6.0,  48.0,      ,     ,     ,     ,     ,     ,    ,      ,       ,      ,      ,        ,        ,        ,        ,        ,        ,        ,        ,      
townsar01, 1926,     1, CHI , NHL , D  ,  5.0,  0.0,   0.0,   0.0,   0.0,      ,     ,     ,     ,     ,     ,    ,      ,       ,      ,      ,        ,        ,        ,        ,        ,        ,        ,        ,      
townsgr01, 1989,     1, BOS , NHL , R  ,  4.0,  0.0,   0.0,   0.0,   7.0, -1.0 ,  0.0,  0.0,  0.0,  0.0,  0.0, 0.0,   3.0,       ,      ,      ,        ,        ,        ,        ,        ,        ,        ,        ,      
townsgr01, 1990,     1, BOS , NHL , R  , 18.0,  2.0,   5.0,   7.0,  12.0, 1.0  ,  0.0,  0.0,  0.0,  0.0,  0.0, 0.0,  10.0,       ,      ,      ,        ,        ,        ,        ,        ,        ,        ,        ,      
townsgr01, 1991,     1, NYI , NHL , R  ,  7.0,  1.0,   2.0,   3.0,   0.0, 6.0  ,  0.0,  0.0,  0.0,  0.0,  0.0, 0.0,   6.0,       ,      ,      ,        ,        ,        ,        ,        ,        ,        ,        ,      
townsgr01, 1992,     1, NYI , NHL , R  ,  2.0,  0.0,   0.0,   0.0,   0.0, 0.0  ,  0.0,  0.0,  0.0,  0.0,  0.0, 0.0,   0.0,       ,      ,      ,        ,        ,        ,        ,        ,        ,        ,        ,      
townsgr01, 1993,     1, OTT , NHL , R  , 14.0,  0.0,   0.0,   0.0,   9.0, -7.0 ,  0.0,  0.0,  0.0,  0.0,  0.0, 0.0,   5.0,       ,      ,      ,        ,        ,        ,        ,        ,        ,        ,        ,      
tradela01, 1982,     1, DET , NHL , D  , 15.0,  0.0,   2.0,   2.0,   6.0, -9.0 ,  0.0,     ,  0.0,     ,  0.0, 0.0,   8.0,       ,      ,      ,        ,        ,        ,        ,        ,        ,        ,        ,      
tradela01, 1984,     1, DET , NHL , D  , 40.0,  3.0,   7.0,  10.0,  39.0, 11.0 ,  1.0,     ,  0.0,     ,  0.0, 0.0,  47.0,    3.0,   0.0,   0.0,     0.0,     0.0, -6.0   ,     0.0,        ,     0.0,        ,     0.0,     3.0
tradela01, 1986,     1, STL , NHL , D  ,  5.0,  0.0,   0.0,   0.0,   8.0, -5.0 ,  0.0,     ,  0.0,     ,  0.0, 0.0,   3.0,       ,      ,      ,        ,        ,        ,        ,        ,        ,        ,        ,      
tradela01, 1987,     1, STL , NHL , D  ,  1.0,  0.0,   0.0,   0.0,   2.0, -1.0 ,  0.0,  0.0,  0.0,  0.0,  0.0, 0.0,   1.0,       ,      ,      ,        ,        ,        ,        ,        ,        ,        ,        ,      
tradela01, 1987,     2, MTL , NHL , D  , 30.0,  2.0,   4.0,   6.0,  19.0, 2.0  ,  1.0,  1.0,  0.0,  0.0,  0.0, 0.0,  18.0,       ,      ,      ,        ,        ,        ,        ,        ,        ,        ,        ,      
trainwe01, 1948,     1, NYR , NHL , L  , 17.0,  1.0,   2.0,   3.0,   6.0,      ,     ,     ,     ,     ,     ,    ,      ,       ,      ,      ,        ,        ,        ,        ,        ,        ,        ,        ,      
trappbo01, 1921,     1, EDE , WCHL, D  , 24.0,  7.0,   4.0,  11.0,   5.0,      ,     ,     ,     ,     ,     ,    ,      ,    2.0,   1.0,   0.0,     1.0,     0.0,        ,        ,        ,        ,        ,        ,      
trappbo01, 1922,     1, EDE , WCHL, D  , 26.0,  5.0,   5.0,  10.0,  14.0,      ,     ,     ,     ,     ,     ,    ,      ,    2.0,   0.0,   1.0,     1.0,     2.0,        ,        ,        ,        ,        ,        ,      
trappbo01, 1923,     1, EDE , WCHL, D  , 30.0,  5.0,   4.0,   9.0,  20.0,      ,     ,     ,     ,     ,     ,    ,      ,       ,      ,      ,        ,        ,        ,        ,        ,        ,        ,        ,      
trappbo01, 1924,     1, EDE , WCHL, D  , 27.0,  8.0,  11.0,  19.0,  33.0,      ,     ,     ,     ,     ,     ,    ,      ,       ,      ,      ,        ,        ,        ,        ,        ,        ,        ,        ,      
trappbo01, 1925,     1, POR , WCHL, D  , 30.0,  4.0,  12.0,  16.0,  55.0,      ,     ,     ,     ,     ,     ,    ,      ,       ,      ,      ,        ,        ,        ,        ,        ,        ,        ,        ,      
trappbo01, 1926,     1, CHI , NHL , D  , 44.0,  4.0,   2.0,   6.0,  92.0,      ,     ,     ,     ,     ,     ,    ,      ,    2.0,   0.0,   0.0,     0.0,     4.0,        ,        ,        ,        ,        ,        ,      
trappbo01, 1927,     1, CHI , NHL , D  , 38.0,  0.0,   2.0,   2.0,  37.0,      ,     ,     ,     ,     ,     ,    ,      ,       ,      ,      ,        ,        ,        ,        ,        ,        ,        ,        ,      
trappdo01, 1986,     1, BUF , NHL , L  ,  2.0,  0.0,   0.0,   0.0,   0.0, 0.0  ,  0.0,     ,  0.0,     ,  0.0, 0.0,   1.0,       ,      ,      ,        ,        ,        ,        ,        ,        ,        ,        ,      
traubpe01, 1921,     1, REG , WCHL, D  , 25.0,  8.0,   2.0,  10.0,  32.0,      ,     ,     ,     ,     ,     ,    ,      ,    6.0,   0.0,   1.0,     1.0,     0.0,        ,        ,        ,        ,        ,        ,      
traubpe01, 1922,     1, REG , WCHL, D  , 26.0,  3.0,   5.0,   8.0,  27.0,      ,     ,     ,     ,     ,     ,    ,      ,    2.0,   0.0,   0.0,     0.0,     4.0,        ,        ,        ,        ,        ,        ,      
traubpe01, 1923,     1, REG , WCHL, D  , 27.0,  2.0,   4.0,   6.0,  48.0,      ,     ,     ,     ,     ,     ,    ,      ,    2.0,   0.0,   0.0,     0.0,     4.0,        ,        ,        ,        ,        ,        ,      
traubpe01, 1924,     1, REG , WCHL, D  , 26.0,  4.0,   5.0,   9.0,  61.0,      ,     ,     ,     ,     ,     ,    ,      ,       ,      ,      ,        ,        ,        ,        ,        ,        ,        ,        ,      
traubpe01, 1925,     1, POR , WCHL, D  , 28.0,  1.0,   3.0,   4.0,  66.0,      ,     ,     ,     ,     ,     ,    ,      ,       ,      ,      ,        ,        ,        ,        ,        ,        ,        ,        ,      
traubpe01, 1926,     1, CHI , NHL , D  , 42.0,  0.0,   2.0,   2.0,  93.0,      ,     ,     ,     ,     ,     ,    ,      ,    2.0,   0.0,   0.0,     0.0,     6.0,        ,        ,        ,        ,        ,        ,      
traubpe01, 1927,     1, DTC , NHL , D  , 44.0,  3.0,   1.0,   4.0,  78.0,      ,     ,     ,     ,     ,     ,    ,      ,       ,      ,      ,        ,        ,        ,        ,        ,        ,        ,        ,      
traubpe01, 1928,     1, DTC , NHL , D  , 44.0,  0.0,   0.0,   0.0,  46.0,      ,     ,     ,     ,     ,     ,    ,      ,    2.0,   0.0,   0.0,     0.0,     0.0,        ,        ,        ,        ,        ,        ,      
travepa01, 1995,     1, OTT , NHL , D  ,  5.0,  0.0,   0.0,   0.0,   2.0, -1.0 ,  0.0,  0.0,  0.0,  0.0,  0.0, 0.0,   2.0,       ,      ,      ,        ,        ,        ,        ,        ,        ,        ,        ,      
travepa01, 1998,     1, OTT , NHL , D  , 46.0,  1.0,   9.0,  10.0,  22.0, 12.0 ,  0.0,  2.0,  0.0,  1.0,  0.0, 0.0,  35.0,       ,      ,      ,        ,        ,        ,        ,        ,        ,        ,        ,      
travepa01, 1999,     1, OTT , NHL , D  , 66.0,  6.0,  17.0,  23.0,  21.0, 17.0 ,  1.0,  5.0,  0.0,  0.0,  0.0, 0.0,  73.0,    6.0,   0.0,   0.0,     0.0,     2.0, -2.0   ,     0.0,     0.0,     0.0,     0.0,     0.0,     4.0
travepa01, 2000,     1, ANA , NHL , D  , 15.0,  1.0,   0.0,   1.0,   6.0, -6.0 ,  0.0,  0.0,  0.0,  0.0,  0.0, 0.0,   7.0,       ,      ,      ,        ,        ,        ,        ,        ,        ,        ,        ,      
travepa01, 2000,     2, BOS , NHL , D  , 37.0,  2.0,   6.0,   8.0,  14.0, 4.0  ,  1.0,  2.0,  0.0,  0.0,  1.0, 0.0,  39.0,       ,      ,      ,        ,        ,        ,        ,        ,        ,        ,        ,      
travepa01, 2000,     3, MTL , NHL , D  , 19.0,  2.0,   3.0,   5.0,  10.0, -8.0 ,  0.0,  3.0,  0.0,  0.0,  0.0, 0.0,  16.0,       ,      ,      ,        ,        ,        ,        ,        ,        ,        ,        ,      
travepa01, 2001,     1, MTL , NHL , D  , 25.0,  2.0,   3.0,   5.0,  14.0, -7.0 ,  2.0,  2.0,  0.0,  0.0,  0.0, 0.0,  24.0,       ,      ,      ,        ,        ,        ,        ,        ,        ,        ,        ,      
travepa01, 2002,     1, MTL , NHL , D  , 65.0,  0.0,  13.0,  13.0,  24.0, -9.0 ,  0.0,  3.0,  0.0,  0.0,  0.0, 0.0,  63.0,       ,      ,      ,        ,        ,        ,        ,        ,        ,        ,        ,      
travepa01, 2005,     1, DAL , NHL , D  ,  1.0,  0.0,   0.0,   0.0,   0.0, 0.0  ,  0.0,  0.0,  0.0,  0.0,  0.0,    ,   1.0,       ,      ,      ,        ,        ,        ,        ,        ,        ,        ,        ,      
trebida01, 1996,     1, ANA , NHL , D  , 29.0,  3.0,   3.0,   6.0,  23.0, 5.0  ,  0.0,  0.0,  0.0,  1.0,  0.0, 0.0,  30.0,    9.0,   0.0,   1.0,     1.0,     6.0, -6.0   ,     0.0,     0.0,     0.0,     0.0,     0.0,    10.0
trebida01, 1997,     1, ANA , NHL , D  , 21.0,  0.0,   1.0,   1.0,   2.0, -8.0 ,  0.0,  0.0,  0.0,  0.0,  0.0, 0.0,  11.0,       ,      ,      ,        ,        ,        ,        ,        ,        ,        ,        ,      
trebida01, 1998,     1, ANA , NHL , D  ,  6.0,  0.0,   0.0,   0.0,   0.0, -2.0 ,  0.0,  0.0,  0.0,  0.0,  0.0, 0.0,   1.0,    1.0,   0.0,   0.0,     0.0,     2.0, 0.0    ,     0.0,     0.0,     0.0,     0.0,     0.0,     0.0
trebida01, 1999,     1, PIT , NHL , D  ,  3.0,  1.0,   0.0,   1.0,   0.0, 2.0  ,  0.0,  0.0,  0.0,  0.0,  0.0, 0.0,   2.0,       ,      ,      ,        ,        ,        ,        ,        ,        ,        ,        ,      
trebida01, 2000,     1, PIT , NHL , D  , 16.0,  0.0,   0.0,   0.0,   7.0, -1.0 ,  0.0,  0.0,  0.0,  0.0,  0.0, 0.0,  17.0,       ,      ,      ,        ,        ,        ,        ,        ,        ,        ,        ,      
trebida01, 2000,     2, STL , NHL , D  , 10.0,  0.0,   0.0,   0.0,   0.0, 1.0  ,  0.0,  0.0,  0.0,  0.0,  0.0, 0.0,   9.0,       ,      ,      ,        ,        ,        ,        ,        ,        ,        ,        ,      
tredwbr01, 1981,     1, LAK , NHL , R  ,     ,     ,      ,      ,      ,      ,     ,     ,     ,     ,     ,    ,      ,    1.0,   0.0,   0.0,     0.0,     0.0,        ,     0.0,        ,     0.0,        ,     0.0,      
trefian01, 1992,     1, CAL , NHL , G  ,  1.0,  0.0,   0.0,   0.0,   2.0, 0.0  ,  0.0,  0.0,  0.0,  0.0,  0.0, 0.0,   0.0,       ,      ,      ,        ,        ,        ,        ,        ,        ,        ,        ,      
trefian01, 1993,     1, CAL , NHL , G  , 11.0,  0.0,   0.0,   0.0,   4.0, 0.0  ,  0.0,  0.0,  0.0,  0.0,  0.0, 0.0,   0.0,       ,      ,      ,        ,        ,        ,        ,        ,        ,        ,        ,      
trefian01, 1994,     1, CAL , NHL , G  ,  6.0,  0.0,   0.0,   0.0,   0.0, 0.0  ,  0.0,  0.0,  0.0,  0.0,  0.0, 0.0,   0.0,       ,      ,      ,        ,        ,        ,        ,        ,        ,        ,        ,      
trefian01, 1995,     1, BUF , NHL , G  , 22.0,  0.0,   0.0,   0.0,   4.0, 0.0  ,  0.0,  0.0,  0.0,  0.0,  0.0, 0.0,   0.0,       ,      ,      ,        ,        ,        ,        ,        ,        ,        ,        ,      
trefian01, 1996,     1, BUF , NHL , G  ,  3.0,  0.0,   0.0,   0.0,   0.0, 0.0  ,  0.0,  0.0,  0.0,  0.0,  0.0, 0.0,   0.0,    1.0,   0.0,   0.0,     0.0,     0.0, 0.0    ,     0.0,     0.0,     0.0,     0.0,     0.0,     0.0
trefian01, 1997,     1, CHI , NHL , G  ,  6.0,  0.0,   0.0,   0.0,   0.0, 0.0  ,  0.0,  0.0,  0.0,  0.0,  0.0, 0.0,   0.0,       ,      ,      ,        ,        ,        ,        ,        ,        ,        ,        ,      
trefian01, 1998,     1, CHI , NHL , G  ,  1.0,  0.0,   0.0,   0.0,   0.0, 0.0  ,  0.0,  0.0,  0.0,  0.0,  0.0, 0.0,   0.0,       ,      ,      ,        ,        ,        ,        ,        ,        ,        ,        ,      
trefian01, 1998,     2, CAL , NHL , G  ,  4.0,  0.0,   0.0,   0.0,   0.0, 0.0  ,  0.0,  0.0,  0.0,  0.0,  0.0, 0.0,   0.0,       ,      ,      ,        ,        ,        ,        ,        ,        ,        ,        ,      
trehege01, 1911,     1, NWR , PCHA, C  ,  4.0,  3.0,   0.0,   3.0,   5.0,      ,     ,     ,     ,     ,     ,    ,      ,       ,      ,      ,        ,        ,        ,        ,        ,        ,        ,        ,      
trehege01, 1912,     1, NWR , PCHA, C  ,  1.0,  0.0,   1.0,   1.0,   0.0,      ,     ,     ,     ,     ,     ,    ,      ,       ,      ,      ,        ,        ,        ,        ,        ,        ,        ,        ,      
trembbr01, 1978,     1, WAS , NHL , D  ,  1.0,  0.0,   0.0,   0.0,   0.0, 0.0  ,  0.0,     ,  0.0,     ,  0.0, 0.0,   1.0,       ,      ,      ,        ,        ,        ,        ,        ,        ,        ,        ,      
trembbr01, 1979,     1, WAS , NHL , D  ,  9.0,  1.0,   0.0,   1.0,   6.0, 1.0  ,  0.0,     ,  0.0,     ,  0.0, 0.0,   6.0,       ,      ,      ,        ,        ,        ,        ,        ,        ,        ,        ,      
trembgi01, 1960,     1, MTL , NHL , L  , 45.0,  7.0,  11.0,  18.0,   4.0,      ,     ,     ,     ,     ,     ,    ,      ,    6.0,   1.0,   3.0,     4.0,     0.0,        ,        ,        ,        ,        ,     0.0,      
trembgi01, 1961,     1, MTL , NHL , L  , 70.0, 32.0,  22.0,  54.0,  28.0,      ,     ,     ,     ,     ,     ,    ,      ,    6.0,   1.0,   0.0,     1.0,     2.0,        ,        ,        ,        ,        ,     0.0,      
trembgi01, 1962,     1, MTL , NHL , L  , 60.0, 25.0,  24.0,  49.0,  42.0,      ,     ,     ,     ,     ,     ,    ,      ,    5.0,   2.0,   0.0,     2.0,     0.0,        ,        ,        ,        ,        ,     1.0,      
trembgi01, 1963,     1, MTL , NHL , L  , 61.0, 22.0,  15.0,  37.0,  21.0,      ,  7.0,     ,  0.0,     ,  1.0, 1.0,      ,    2.0,   0.0,   0.0,     0.0,     0.0,        ,        ,        ,        ,        ,     0.0,      
trembgi01, 1964,     1, MTL , NHL , L  , 26.0,  9.0,   7.0,  16.0,  16.0,      ,  4.0,     ,  1.0,     ,  1.0, 1.0,      ,       ,      ,      ,        ,        ,        ,        ,        ,        ,        ,        ,      
trembgi01, 1965,     1, MTL , NHL , L  , 70.0, 27.0,  21.0,  48.0,  24.0,      ,  5.0,     ,  0.0,     ,  4.0, 1.0,      ,   10.0,   4.0,   5.0,     9.0,     0.0,        ,        ,        ,        ,        ,     2.0,      
trembgi01, 1966,     1, MTL , NHL , L  , 62.0, 13.0,  19.0,  32.0,  16.0,      ,  3.0,     ,  1.0,     ,  2.0, 1.0,      ,   10.0,   0.0,   1.0,     1.0,     0.0,        ,        ,        ,        ,        ,     0.0,      
trembgi01, 1967,     1, MTL , NHL , L  , 71.0, 23.0,  28.0,  51.0,   8.0, 28.0 ,  7.0,     ,  1.0,     ,  2.0, 2.0, 215.0,    9.0,   1.0,   5.0,     6.0,     2.0,        ,     0.0,        ,     0.0,        ,     0.0,      
trembgi01, 1968,     1, MTL , NHL , L  , 44.0, 10.0,  15.0,  25.0,   2.0, 15.0 ,  0.0,     ,  0.0,     ,  0.0, 1.0,  95.0,       ,      ,      ,        ,        ,        ,        ,        ,        ,        ,        ,      
trembjc01, 1959,     1, MTL , NHL , D  , 11.0,  0.0,   1.0,   1.0,   0.0,      ,     ,     ,     ,     ,     ,    ,      ,       ,      ,      ,        ,        ,        ,        ,        ,        ,        ,        ,      
trembjc01, 1960,     1, MTL , NHL , D  , 29.0,  1.0,   3.0,   4.0,  18.0,      ,     ,     ,     ,     ,     ,    ,      ,    5.0,   0.0,   0.0,     0.0,     2.0,        ,        ,        ,        ,        ,     0.0,      
trembjc01, 1961,     1, MTL , NHL , D  , 70.0,  3.0,  17.0,  20.0,  18.0,      ,     ,     ,     ,     ,     ,    ,      ,    6.0,   0.0,   2.0,     2.0,     2.0,        ,        ,        ,        ,        ,     0.0,      
trembjc01, 1962,     1, MTL , NHL , D  , 69.0,  1.0,  17.0,  18.0,  10.0,      ,     ,     ,     ,     ,     ,    ,      ,    5.0,   0.0,   0.0,     0.0,     0.0,        ,        ,        ,        ,        ,     0.0,      
trembjc01, 1963,     1, MTL , NHL , D  , 70.0,  5.0,  16.0,  21.0,  24.0,      ,  0.0,     ,  1.0,     ,  0.0, 1.0,      ,    7.0,   2.0,   1.0,     3.0,     9.0,        ,        ,        ,        ,        ,     0.0,      
trembjc01, 1964,     1, MTL , NHL , D  , 68.0,  3.0,  17.0,  20.0,  22.0,      ,  1.0,     ,  0.0,     ,  1.0, 0.0,      ,   13.0,   1.0,   9.0,    10.0,    18.0,        ,        ,        ,        ,        ,     0.0,      
trembjc01, 1965,     1, MTL , NHL , D  , 59.0,  6.0,  29.0,  35.0,   8.0,      ,  2.0,     ,  0.0,     ,  1.0, 0.0,      ,   10.0,   2.0,   9.0,    11.0,     2.0,        ,        ,        ,        ,        ,     0.0,      
trembjc01, 1966,     1, MTL , NHL , D  , 60.0,  8.0,  26.0,  34.0,  14.0,      ,  3.0,     ,  0.0,     ,  1.0, 1.0,      ,   10.0,   2.0,   4.0,     6.0,     2.0,        ,        ,        ,        ,        ,     0.0,      
trembjc01, 1967,     1, MTL , NHL , D  , 73.0,  4.0,  26.0,  30.0,  18.0, 28.0 ,  1.0,     ,  0.0,     ,  1.0, 0.0, 105.0,   13.0,   3.0,   6.0,     9.0,     2.0,        ,     0.0,        ,     1.0,        ,     1.0,      
trembjc01, 1968,     1, MTL , NHL , D  , 75.0,  7.0,  32.0,  39.0,  18.0, 29.0 ,  2.0,     ,  0.0,     ,  1.0, 0.0, 139.0,   13.0,   1.0,   4.0,     5.0,     6.0,        ,     0.0,        ,     0.0,        ,     1.0,      
trembjc01, 1969,     1, MTL , NHL , D  , 58.0,  2.0,  19.0,  21.0,   7.0, 5.0  ,  1.0,     ,  0.0,     ,  0.0, 0.0,  77.0,       ,      ,      ,        ,        ,        ,        ,        ,        ,        ,        ,      
trembjc01, 1970,     1, MTL , NHL , D  , 76.0, 11.0,  52.0,  63.0,  23.0, 16.0 ,  5.0,     ,  0.0,     ,  4.0, 0.0, 122.0,   20.0,   3.0,  14.0,    17.0,    15.0,        ,     1.0,        ,     0.0,        ,     3.0,      
trembjc01, 1971,     1, MTL , NHL , D  , 76.0,  6.0,  51.0,  57.0,  24.0, 52.0 ,  3.0,     ,  0.0,     ,  2.0, 0.0, 130.0,    6.0,   0.0,   2.0,     2.0,     0.0,        ,     0.0,        ,     0.0,        ,     0.0,      
trembjc01, 1972,     1, QUN , WHA , D  , 75.0, 14.0,  75.0,  89.0,  32.0,      ,  4.0,     ,  0.0,     ,  3.0,    ,      ,       ,      ,      ,        ,        ,        ,        ,        ,        ,        ,        ,      
trembjc01, 1973,     1, QUN , WHA , D  , 68.0,  9.0,  44.0,  53.0,  10.0,      ,  4.0,     ,  0.0,     ,  2.0,    ,      ,       ,      ,      ,        ,        ,        ,        ,        ,        ,        ,        ,      
trembjc01, 1974,     1, QUN , WHA , D  , 68.0, 16.0,  56.0,  72.0,  18.0, 27.0 ,  2.0,     ,  0.0,     ,     ,    , 176.0,   11.0,   0.0,  10.0,    10.0,     2.0,        ,        ,        ,        ,        ,     0.0,      
trembjc01, 1975,     1, QUN , WHA , D  , 80.0, 12.0,  77.0,  89.0,  16.0, 40.0 ,  3.0,     ,  0.0,     ,  2.0,    , 161.0,    5.0,   0.0,   3.0,     3.0,     0.0, -2.0   ,        ,        ,        ,        ,        ,      
trembjc01, 1976,     1, QUN , WHA , D  , 53.0,  4.0,  31.0,  35.0,  16.0, 2.0  ,  2.0,     ,  0.0,     ,     ,    ,  75.0,   17.0,   2.0,   9.0,    11.0,     2.0, 8.0    ,        ,        ,        ,        ,     0.0,      
trembjc01, 1977,     1, QUN , WHA , D  , 54.0,  5.0,  37.0,  42.0,  26.0, -14.0,  0.0,     ,  0.0,     ,     ,    , 106.0,    1.0,   0.0,   1.0,     1.0,     0.0, -2.0   ,        ,        ,        ,        ,     0.0,      
trembjc01, 1978,     1, QUN , WHA , D  , 56.0,  6.0,  38.0,  44.0,   8.0, 10.0 ,  0.0,     ,  0.0,     ,     ,    ,  86.0,       ,      ,      ,        ,        ,        ,        ,        ,        ,        ,        ,      
trembma01, 1938,     1, MTL , NHL , R  , 10.0,  0.0,   2.0,   2.0,   0.0,      ,     ,     ,     ,     ,     ,    ,      ,       ,      ,      ,        ,        ,        ,        ,        ,        ,        ,        ,      
trembma02, 1974,     1, MTL , NHL , R  , 63.0, 21.0,  18.0,  39.0, 108.0, 23.0 ,  0.0,     ,  0.0,     ,  1.0, 0.0, 127.0,   11.0,   0.0,   1.0,     1.0,     7.0,        ,     0.0,        ,     0.0,        ,     0.0,      
trembma02, 1975,     1, MTL , NHL , R  , 71.0, 11.0,  16.0,  27.0,  88.0, 5.0  ,  1.0,     ,  0.0,     ,  2.0, 0.0,  94.0,   10.0,   0.0,   1.0,     1.0,    27.0,        ,     0.0,        ,     0.0,        ,     0.0,      
trembma02, 1976,     1, MTL , NHL , R  , 74.0, 18.0,  28.0,  46.0,  61.0, 25.0 ,  4.0,     ,  0.0,     ,  3.0, 1.0, 139.0,   14.0,   3.0,   0.0,     3.0,     9.0,        ,     0.0,        ,     0.0,        ,     0.0,      
trembma02, 1977,     1, MTL , NHL , R  , 56.0, 10.0,  14.0,  24.0,  44.0, 6.0  ,  0.0,     ,  1.0,     ,  0.0, 0.0,  89.0,    5.0,   2.0,   1.0,     3.0,    16.0,        ,     0.0,        ,     0.0,        ,     1.0,      
trembma02, 1978,     1, MTL , NHL , R  , 76.0, 30.0,  29.0,  59.0,  74.0, 23.0 ,  3.0,     ,  0.0,     ,  4.0, 2.0, 163.0,   13.0,   3.0,   4.0,     7.0,    13.0,        ,     0.0,        ,     0.0,        ,     1.0,      
trembma02, 1979,     1, MTL , NHL , R  , 77.0, 16.0,  26.0,  42.0, 105.0, 6.0  ,  0.0,     ,  0.0,     ,  2.0, 0.0, 192.0,   10.0,   0.0,  11.0,    11.0,    14.0,        ,     0.0,        ,     0.0,        ,     0.0,      
trembma02, 1980,     1, MTL , NHL , R  , 77.0, 25.0,  38.0,  63.0, 123.0, 16.0 ,  4.0,     ,  1.0,     ,  4.0, 1.0, 254.0,    3.0,   0.0,   0.0,     0.0,     9.0,        ,     0.0,        ,     0.0,        ,     0.0,      
trembma02, 1981,     1, MTL , NHL , R  , 80.0, 33.0,  40.0,  73.0,  66.0, 24.0 ,  7.0,     ,  0.0,     ,  4.0, 2.0, 205.0,    5.0,   4.0,   1.0,     5.0,    24.0,        ,     0.0,        ,     0.0,        ,     1.0,      
trembma02, 1982,     1, MTL , NHL , R  , 80.0, 30.0,  37.0,  67.0,  87.0, 29.0 ,  7.0,     ,  0.0,     ,  4.0, 0.0, 175.0,    3.0,   0.0,   1.0,     1.0,     7.0,        ,     0.0,        ,     0.0,        ,     0.0,      
trembma02, 1983,     1, MTL , NHL , R  , 67.0, 14.0,  25.0,  39.0, 112.0, 2.0  ,  3.0,     ,  0.0,     ,  3.0, 0.0, 133.0,   15.0,   6.0,   3.0,     9.0,    31.0, 3.0    ,     0.0,        ,     0.0,        ,     1.0,    32.0
trembma02, 1984,     1, MTL , NHL , R  , 75.0, 31.0,  35.0,  66.0, 120.0, 21.0 , 14.0,     ,  0.0,     ,  6.0, 1.0, 193.0,   12.0,   2.0,   6.0,     8.0,    30.0, 2.0    ,     1.0,        ,     0.0,        ,     0.0,    24.0
trembma02, 1985,     1, MTL , NHL , R  , 56.0, 19.0,  20.0,  39.0,  55.0, 4.0  ,  3.0,     ,  0.0,     ,  3.0, 0.0, 119.0,       ,      ,      ,        ,        ,        ,        ,        ,        ,        ,        ,      
trembni01, 1944,     1, MTL , NHL , C  ,  1.0,  0.0,   1.0,   1.0,   0.0,      ,     ,     ,     ,     ,     ,    ,      ,    2.0,   0.0,   0.0,     0.0,     0.0,        ,        ,        ,        ,        ,        ,      
trembni01, 1945,     1, MTL , NHL , C  ,  2.0,  0.0,   0.0,   0.0,   0.0,      ,     ,     ,     ,     ,     ,    ,      ,       ,      ,      ,        ,        ,        ,        ,        ,        ,        ,        ,      
trembvi01, 1979,     1, TOR , NHL , G  , 10.0,  0.0,   0.0,   0.0,   0.0, 0.0  ,  0.0,     ,  0.0,     ,  0.0, 0.0,   0.0,       ,      ,      ,        ,        ,        ,        ,        ,        ,        ,        ,      
trembvi01, 1980,     1, TOR , NHL , G  ,  3.0,  0.0,   0.0,   0.0,   0.0, 0.0  ,  0.0,     ,  0.0,     ,  0.0, 0.0,   0.0,       ,      ,      ,        ,        ,        ,        ,        ,        ,        ,        ,      
trembvi01, 1981,     1, TOR , NHL , G  , 40.0,  0.0,   2.0,   2.0,   2.0, 0.0  ,  0.0,     ,  0.0,     ,  0.0, 0.0,   0.0,       ,      ,      ,        ,        ,        ,        ,        ,        ,        ,        ,      
trembvi01, 1982,     1, TOR , NHL , G  ,  1.0,  0.0,   0.0,   0.0,   0.0, 0.0  ,  0.0,     ,  0.0,     ,  0.0, 0.0,   0.0,       ,      ,      ,        ,        ,        ,        ,        ,        ,        ,        ,      
trembvi01, 1983,     1, PIT , NHL , G  ,  4.0,  0.0,   0.0,   0.0,   2.0, 0.0  ,  0.0,     ,  0.0,     ,  0.0, 0.0,   0.0,       ,      ,      ,        ,        ,        ,        ,        ,        ,        ,        ,      
trembya01, 1996,     1, TOR , NHL , D  ,  5.0,  0.0,   0.0,   0.0,   0.0, -4.0 ,  0.0,  0.0,  0.0,  0.0,  0.0, 0.0,   2.0,       ,      ,      ,        ,        ,        ,        ,        ,        ,        ,        ,      
trembya01, 1997,     1, TOR , NHL , D  , 38.0,  2.0,   4.0,   6.0,   6.0, -6.0 ,  1.0,  2.0,  0.0,  0.0,  0.0, 0.0,  45.0,       ,      ,      ,        ,        ,        ,        ,        ,        ,        ,        ,      
trembya01, 1998,     1, TOR , NHL , D  , 35.0,  2.0,   7.0,   9.0,  16.0, 0.0  ,  0.0,  3.0,  0.0,  0.0,  0.0, 0.0,  37.0,       ,      ,      ,        ,        ,        ,        ,        ,        ,        ,        ,      
trembya01, 1999,     1, ATL , NHL , D  , 75.0, 10.0,  21.0,  31.0,  22.0, -42.0,  4.0, 12.0,  1.0,  0.0,  2.0, 1.0, 139.0,       ,      ,      ,        ,        ,        ,        ,        ,        ,        ,        ,      
trembya01, 2000,     1, ATL , NHL , D  , 46.0,  4.0,   8.0,  12.0,  30.0, -6.0 ,  1.0,  3.0,  0.0,  0.0,  1.0, 0.0, 102.0,       ,      ,      ,        ,        ,        ,        ,        ,        ,        ,        ,      
trembya01, 2001,     1, ATL , NHL , D  , 66.0,  9.0,  15.0,  24.0,  47.0, -15.0,  1.0,  9.0,  0.0,  0.0,  1.0, 1.0, 115.0,       ,      ,      ,        ,        ,        ,        ,        ,        ,        ,        ,      
trembya01, 2002,     1, ATL , NHL , D  , 75.0,  8.0,  22.0,  30.0,  32.0, -27.0,  5.0, 16.0,  0.0,  0.0,  1.0, 0.0, 151.0,       ,      ,      ,        ,        ,        ,        ,        ,        ,        ,        ,      
trembya01, 2003,     1, ATL , NHL , D  , 38.0,  2.0,   8.0,  10.0,  13.0, -13.0,  1.0,  2.0,  0.0,  0.0,  1.0, 0.0,  47.0,       ,      ,      ,        ,        ,        ,        ,        ,        ,        ,        ,      
trembya01, 2006,     1, VAN , NHL , D  , 12.0,  1.0,   2.0,   3.0,  12.0, -6.0 ,  1.0,  2.0,  0.0,  0.0,  0.0,    ,  30.0,       ,      ,      ,        ,        ,        ,        ,        ,        ,        ,        ,      
trenoni01, 1914,     1, TOO , NHA ,    ,  4.0,  0.0,   0.0,   0.0,   0.0,      ,     ,     ,     ,     ,     ,    ,      ,       ,      ,      ,        ,        ,        ,        ,        ,        ,        ,        ,      
trenoni01, 1915,     1, TBS , NHA ,    ,  1.0,  0.0,   0.0,   0.0,   0.0,      ,     ,     ,     ,     ,     ,    ,      ,       ,      ,      ,        ,        ,        ,        ,        ,        ,        ,        ,      
trepapa01, 1997,     1, COL , NHL , D  , 15.0,  0.0,   1.0,   1.0,  18.0, -2.0 ,  0.0,  0.0,  0.0,  0.0,  0.0, 0.0,   9.0,       ,      ,      ,        ,        ,        ,        ,        ,        ,        ,        ,      
trepapa01, 1998,     1, ANA , NHL , D  , 45.0,  2.0,   4.0,   6.0,  48.0, 0.0  ,  0.0,  2.0,  0.0,  0.0,  1.0, 0.0,  49.0,       ,      ,      ,        ,        ,        ,        ,        ,        ,        ,        ,      
trepapa01, 1999,     1, ANA , NHL , D  , 37.0,  0.0,   4.0,   4.0,  54.0, 2.0  ,  0.0,  2.0,  0.0,  0.0,  0.0, 0.0,  33.0,       ,      ,      ,        ,        ,        ,        ,        ,        ,        ,        ,      
trepapa01, 2000,     1, ANA , NHL , D  , 57.0,  6.0,   4.0,  10.0,  73.0, -12.0,  3.0,  1.0,  0.0,  0.0,  0.0, 1.0,  86.0,       ,      ,      ,        ,        ,        ,        ,        ,        ,        ,        ,      
trepapa01, 2001,     1, COL , NHL , D  , 74.0,  4.0,   9.0,  13.0,  59.0, 4.0  ,  2.0,  3.0,  0.0,  0.0,  0.0, 0.0,  87.0,    2.0,   0.0,   0.0,     0.0,     0.0, -1.0   ,     0.0,     0.0,     0.0,     0.0,     0.0,     0.0
trepapa01, 2002,     1, NAS , NHL , D  ,  1.0,  0.0,   0.0,   0.0,   0.0, 0.0  ,  0.0,  0.0,  0.0,  0.0,  0.0, 0.0,   1.0,       ,      ,      ,        ,        ,        ,        ,        ,        ,        ,        ,      
treveto01, 1974,     1, SDM , WHA , C  , 20.0,  0.0,   2.0,   2.0,   4.0,      ,  0.0,     ,  0.0,     ,  0.0,    ,  17.0,       ,      ,      ,        ,        ,        ,        ,        ,        ,        ,        ,      
trihecl01, 1923,     1, VC1 , PCHA, R  , 24.0,  1.0,   0.0,   1.0,   0.0,      ,     ,     ,     ,     ,     ,    ,      ,       ,      ,      ,        ,        ,        ,        ,        ,        ,        ,        ,      
trimpti01, 1979,     1, CHI , NHL , L  , 30.0,  6.0,  10.0,  16.0,  10.0, -7.0 ,  2.0,     ,  0.0,     ,  1.0, 2.0,  65.0,    1.0,   0.0,   0.0,     0.0,     2.0,        ,     0.0,        ,     0.0,        ,     0.0,      
trimpti01, 1980,     1, WIN , NHL , L  , 56.0, 15.0,  14.0,  29.0,  28.0, -31.0,  1.0,     ,  0.0,     ,  1.0, 0.0,  95.0,       ,      ,      ,        ,        ,        ,        ,        ,        ,        ,        ,      
trimpti01, 1981,     1, WIN , NHL , L  , 74.0,  8.0,   8.0,  16.0, 100.0, -7.0 ,  0.0,     ,  1.0,     ,  0.0, 1.0,  68.0,    1.0,   0.0,   0.0,     0.0,     0.0,        ,     0.0,        ,     0.0,        ,     0.0,      
trimpti01, 1982,     1, WIN , NHL , L  ,  5.0,  0.0,   0.0,   0.0,   0.0, -2.0 ,  0.0,     ,  0.0,     ,  0.0, 0.0,   2.0,       ,      ,      ,        ,        ,        ,        ,        ,        ,        ,        ,      
trimpti01, 1983,     1, WIN , NHL , L  ,  5.0,  0.0,   0.0,   0.0,   0.0, 1.0  ,  0.0,     ,  0.0,     ,  0.0, 0.0,   1.0,       ,      ,      ,        ,        ,        ,        ,        ,        ,        ,        ,      
trimpti01, 1984,     1, MNS , NHL , L  , 20.0,  1.0,   4.0,   5.0,  15.0, -9.0 ,  0.0,     ,  0.0,     ,  0.0, 0.0,  28.0,       ,      ,      ,        ,        ,        ,        ,        ,        ,        ,        ,      
trippjo01, 2002,     1, NYR , NHL , R  ,  9.0,  1.0,   2.0,   3.0,   2.0, 1.0  ,  0.0,  1.0,  0.0,  0.0,  0.0, 0.0,  16.0,       ,      ,      ,        ,        ,        ,        ,        ,        ,        ,        ,      
trippjo01, 2003,     1, LAK , NHL , R  , 34.0,  1.0,   5.0,   6.0,  33.0, -4.0 ,  0.0,  0.0,  0.0,  0.0,  0.0, 0.0,  45.0,       ,      ,      ,        ,        ,        ,        ,        ,        ,        ,        ,      
trnkapa01, 1997,     1, ANA , NHL , D  , 48.0,  3.0,   4.0,   7.0,  40.0, -4.0 ,  1.0,  3.0,  0.0,  0.0,  0.0, 1.0,  46.0,       ,      ,      ,        ,        ,        ,        ,        ,        ,        ,        ,      
trnkapa01, 1998,     1, ANA , NHL , D  , 63.0,  0.0,   4.0,   4.0,  60.0, -6.0 ,  0.0,  1.0,  0.0,  0.0,  0.0, 0.0,  50.0,    4.0,   0.0,   1.0,     1.0,     2.0, -3.0   ,     0.0,     1.0,     0.0,     0.0,     0.0,     2.0
trnkapa01, 1999,     1, ANA , NHL , D  , 57.0,  2.0,  15.0,  17.0,  34.0, 12.0 ,  0.0,  0.0,  0.0,  1.0,  0.0, 1.0,  54.0,       ,      ,      ,        ,        ,        ,        ,        ,        ,        ,        ,      
trnkapa01, 2000,     1, ANA , NHL , D  , 59.0,  1.0,   7.0,   8.0,  42.0, -12.0,  0.0,  3.0,  0.0,  0.0,  0.0, 0.0,  59.0,       ,      ,      ,        ,        ,        ,        ,        ,        ,        ,        ,      
trnkapa01, 2001,     1, ANA , NHL , D  , 71.0,  2.0,  11.0,  13.0,  66.0, -5.0 ,  1.0,  2.0,  0.0,  0.0,  0.0, 0.0,  78.0,       ,      ,      ,        ,        ,        ,        ,        ,        ,        ,        ,      
trnkapa01, 2002,     1, ANA , NHL , D  , 24.0,  3.0,   6.0,   9.0,   6.0, 2.0  ,  1.0,  1.0,  0.0,  0.0,  0.0, 0.0,  33.0,       ,      ,      ,        ,        ,        ,        ,        ,        ,        ,        ,      
trnkapa01, 2002,     2, FLO , NHL , D  , 22.0,  0.0,   3.0,   3.0,  24.0, -1.0 ,  0.0,  1.0,  0.0,  0.0,  0.0, 0.0,  25.0,       ,      ,      ,        ,        ,        ,        ,        ,        ,        ,        ,      
trnkapa01, 2003,     1, FLO , NHL , D  , 67.0,  3.0,  13.0,  16.0,  51.0, 2.0  ,  1.0,  3.0,  0.0,  1.0,  0.0, 0.0,  66.0,       ,      ,      ,        ,        ,        ,        ,        ,        ,        ,        ,      
trognwi01, 1977,     1, CIN , WHA , L  , 29.0,  2.0,   1.0,   3.0,  94.0, -3.0 ,  1.0,     ,  0.0,     ,     ,    ,  20.0,       ,      ,      ,        ,        ,        ,        ,        ,        ,        ,        ,      
trooije01, 1972,     1, CHC , WHA , L  ,  2.0,  0.0,   0.0,   0.0,   0.0,      ,  0.0,     ,  0.0,     ,     ,    ,      ,       ,      ,      ,        ,        ,        ,        ,        ,        ,        ,        ,      
trottbr01, 1975,     1, NYI , NHL , C  , 80.0, 32.0,  63.0,  95.0,  21.0, 28.0 , 11.0,     ,  1.0,     ,  5.0, 3.0, 178.0,   13.0,   1.0,   7.0,     8.0,     8.0,        ,     0.0,        ,     0.0,        ,     0.0,      
trottbr01, 1976,     1, NYI , NHL , C  , 76.0, 30.0,  42.0,  72.0,  34.0, 28.0 , 11.0,     ,  1.0,     ,  6.0, 2.0, 175.0,   12.0,   2.0,   8.0,    10.0,     2.0,        ,     0.0,        ,     0.0,        ,     0.0,      
trottbr01, 1977,     1, NYI , NHL , C  , 77.0, 46.0,  77.0, 123.0,  46.0, 52.0 , 13.0,     ,  2.0,     ,  6.0, 1.0, 193.0,    7.0,   0.0,   3.0,     3.0,     4.0,        ,     0.0,        ,     0.0,        ,     0.0,      
trottbr01, 1978,     1, NYI , NHL , C  , 76.0, 47.0,  87.0, 134.0,  50.0, 76.0 , 15.0,     ,  0.0,     ,  8.0, 2.0, 187.0,   10.0,   2.0,   4.0,     6.0,    13.0,        ,     0.0,        ,     0.0,        ,     1.0,      
trottbr01, 1979,     1, NYI , NHL , C  , 78.0, 42.0,  62.0, 104.0,  68.0, 31.0 , 15.0,     ,  0.0,     ,  6.0, 1.0, 186.0,   21.0,  12.0,  17.0,    29.0,    16.0,        ,     4.0,        ,     2.0,        ,     2.0,      
trottbr01, 1980,     1, NYI , NHL , C  , 73.0, 31.0,  72.0, 103.0,  74.0, 49.0 ,  9.0,     ,  2.0,     ,  5.0, 0.0, 156.0,   18.0,  11.0,  18.0,    29.0,    34.0,        ,     4.0,        ,     2.0,        ,     1.0,      
trottbr01, 1981,     1, NYI , NHL , C  , 80.0, 50.0,  79.0, 129.0,  88.0, 70.0 , 18.0,     ,  2.0,     , 10.0, 2.0, 217.0,   19.0,   6.0,  23.0,    29.0,    40.0,        ,     2.0,        ,     0.0,        ,     2.0,      
trottbr01, 1982,     1, NYI , NHL , C  , 80.0, 34.0,  55.0,  89.0,  68.0, 37.0 , 13.0,     ,  0.0,     ,  5.0, 2.0, 179.0,   17.0,   8.0,  12.0,    20.0,    18.0,        ,     3.0,        ,     0.0,        ,     1.0,      
trottbr01, 1983,     1, NYI , NHL , C  , 68.0, 40.0,  71.0, 111.0,  59.0, 70.0 ,  7.0,     ,  3.0,     ,  4.0, 0.0, 194.0,   21.0,   8.0,   6.0,    14.0,    49.0, 2.0    ,     1.0,        ,     0.0,        ,     0.0,    39.0
trottbr01, 1984,     1, NYI , NHL , C  , 68.0, 28.0,  31.0,  59.0,  47.0, 5.0  ,  4.0,     ,  5.0,     ,  3.0, 0.0, 159.0,   10.0,   4.0,   2.0,     6.0,     8.0, 0.0    ,     1.0,        ,     0.0,        ,     1.0,    25.0
trottbr01, 1985,     1, NYI , NHL , C  , 78.0, 37.0,  59.0,  96.0,  72.0, 29.0 ,  5.0,     ,  1.0,     ,  3.0, 0.0, 185.0,    3.0,   1.0,   1.0,     2.0,     2.0, -1.0   ,     0.0,        ,     0.0,        ,     0.0,    10.0
trottbr01, 1986,     1, NYI , NHL , C  , 80.0, 23.0,  64.0,  87.0,  50.0, 3.0  , 13.0,     ,  0.0,     ,  1.0, 0.0, 194.0,   14.0,   8.0,   5.0,    13.0,    12.0, -6.0   ,     3.0,        ,     0.0,        ,     2.0,    46.0
trottbr01, 1987,     1, NYI , NHL , C  , 77.0, 30.0,  52.0,  82.0,  48.0, 10.0 , 15.0, 17.0,  0.0,  3.0,  3.0, 0.0, 176.0,    6.0,   0.0,   0.0,     0.0,    10.0, -9.0   ,     0.0,     0.0,     0.0,     0.0,     0.0,    11.0
trottbr01, 1988,     1, NYI , NHL , C  , 73.0, 17.0,  28.0,  45.0,  44.0, -7.0 ,  5.0,  9.0,  0.0,  0.0,  3.0, 0.0, 163.0,       ,      ,      ,        ,        ,        ,        ,        ,        ,        ,        ,      
trottbr01, 1989,     1, NYI , NHL , C  , 59.0, 13.0,  11.0,  24.0,  29.0, -11.0,  4.0,  2.0,  0.0,  0.0,  0.0, 0.0,  84.0,    4.0,   1.0,   0.0,     1.0,     4.0, -4.0   ,     0.0,     0.0,     0.0,     0.0,     0.0,     7.0
trottbr01, 1990,     1, PIT , NHL , C  , 52.0,  9.0,  19.0,  28.0,  24.0, 5.0  ,  0.0,  1.0,  1.0,  1.0,  0.0, 0.0,  68.0,   23.0,   3.0,   4.0,     7.0,    49.0, -1.0   ,     0.0,     1.0,     0.0,     0.0,     2.0,    16.0
trottbr01, 1991,     1, PIT , NHL , C  , 63.0, 11.0,  18.0,  29.0,  54.0, -11.0,  3.0,  4.0,  1.0,  0.0,  0.0, 2.0, 102.0,   21.0,   4.0,   3.0,     7.0,     8.0, 0.0    ,     0.0,     0.0,     0.0,     0.0,     0.0,    30.0
trottbr01, 1993,     1, PIT , NHL , C  , 41.0,  4.0,  11.0,  15.0,  36.0, -12.0,  0.0,  0.0,  0.0,  1.0,  0.0, 0.0,  45.0,    2.0,   0.0,   0.0,     0.0,     0.0, 0.0    ,     0.0,     0.0,     0.0,     0.0,     0.0,     1.0
trottbr02, 2009,     1, MTL , NHL , C  ,  2.0,  0.0,   0.0,   0.0,   0.0, -1.0 ,  0.0,  0.0,  0.0,  0.0,  0.0,    ,   6.0,       ,      ,      ,        ,        ,        ,        ,        ,        ,        ,        ,      
trottda01, 1928,     1, MTM , NHL , L  , 37.0,  2.0,   4.0,   6.0,  69.0,      ,     ,     ,     ,     ,     ,    ,      ,       ,      ,      ,        ,        ,        ,        ,        ,        ,        ,        ,      
trottda01, 1929,     1, MTM , NHL , L  , 41.0, 17.0,  10.0,  27.0,  73.0,      ,     ,     ,     ,     ,     ,    ,      ,    4.0,   0.0,   2.0,     2.0,     8.0,        ,        ,        ,        ,        ,        ,      
trottda01, 1930,     1, MTM , NHL , L  , 43.0,  9.0,   8.0,  17.0,  58.0,      ,     ,     ,     ,     ,     ,    ,      ,    2.0,   0.0,   0.0,     0.0,     6.0,        ,        ,        ,        ,        ,        ,      
trottda01, 1931,     1, MTM , NHL , L  , 48.0, 26.0,  18.0,  44.0,  94.0,      ,     ,     ,     ,     ,     ,    ,      ,    4.0,   1.0,   0.0,     1.0,     0.0,        ,        ,        ,        ,        ,        ,      
trottda01, 1932,     1, MTM , NHL , L  , 48.0, 16.0,  15.0,  31.0,  38.0,      ,     ,     ,     ,     ,     ,    ,      ,    2.0,   0.0,   0.0,     0.0,     6.0,        ,        ,        ,        ,        ,        ,      
trottda01, 1933,     1, MTM , NHL , L  , 48.0,  9.0,  17.0,  26.0,  47.0,      ,     ,     ,     ,     ,     ,    ,      ,    4.0,   0.0,   0.0,     0.0,     6.0,        ,        ,        ,        ,        ,        ,      
trottda01, 1934,     1, MTM , NHL , L  , 34.0, 10.0,   9.0,  19.0,  22.0,      ,     ,     ,     ,     ,     ,    ,      ,    7.0,   2.0,   1.0,     3.0,     4.0,        ,        ,        ,        ,        ,        ,      
trottda01, 1935,     1, MTM , NHL , L  , 46.0, 10.0,  10.0,  20.0,  25.0,      ,     ,     ,     ,     ,     ,    ,      ,    3.0,   0.0,   0.0,     0.0,     4.0,        ,        ,        ,        ,        ,        ,      
trottda01, 1936,     1, MTM , NHL , L  , 43.0, 12.0,  11.0,  23.0,  33.0,      ,     ,     ,     ,     ,     ,    ,      ,    5.0,   1.0,   0.0,     1.0,     5.0,        ,        ,        ,        ,        ,        ,      
trottda01, 1937,     1, MTM , NHL , C  , 47.0,  9.0,  10.0,  19.0,  42.0,      ,     ,     ,     ,     ,     ,    ,      ,       ,      ,      ,        ,        ,        ,        ,        ,        ,        ,        ,      
trottda01, 1938,     1, DET , NHL , C  , 11.0,  1.0,   1.0,   2.0,  16.0,      ,     ,     ,     ,     ,     ,    ,      ,       ,      ,      ,        ,        ,        ,        ,        ,        ,        ,        ,      
trottgu01, 1968,     1, NYR , NHL , R  ,  2.0,  0.0,   0.0,   0.0,   0.0, 0.0  ,  0.0,     ,  0.0,     ,  0.0, 0.0,   6.0,       ,      ,      ,        ,        ,        ,        ,        ,        ,        ,        ,      
trottgu01, 1970,     1, TOR , NHL , R  , 61.0, 19.0,   5.0,  24.0,  21.0, -12.0,  7.0,     ,  0.0,     ,  3.0, 0.0, 106.0,    5.0,   0.0,   0.0,     0.0,     0.0,        ,     0.0,        ,     0.0,        ,     0.0,      
trottgu01, 1971,     1, TOR , NHL , R  , 52.0,  9.0,  12.0,  21.0,  16.0, -12.0,  2.0,     ,  0.0,     ,  1.0, 0.0,  81.0,    4.0,   1.0,   0.0,     1.0,    16.0,        ,     0.0,        ,     0.0,        ,     0.0,      
trottgu01, 1972,     1, OTN , WHA , R  , 72.0, 26.0,  32.0,  58.0,  25.0,      , 11.0,     ,  0.0,     ,  1.0,    ,      ,    5.0,   1.0,   2.0,     3.0,     0.0,        ,     0.0,        ,     0.0,        ,     1.0,      
trottgu01, 1973,     1, TOT , WHA , R  , 71.0, 27.0,  35.0,  62.0,  58.0,      ,  5.0,     ,  0.0,     ,  4.0,    ,      ,   12.0,   5.0,   5.0,    10.0,     4.0,        ,        ,        ,        ,        ,     0.0,      
trottgu01, 1974,     1, TOT , WHA , R  ,  6.0,  2.0,   2.0,   4.0,   2.0,      ,  1.0,     ,  0.0,     ,     ,    ,   5.0,       ,      ,      ,        ,        ,        ,        ,        ,        ,        ,        ,      
trottgu01, 1974,     2, MIB , WHA , R  , 17.0,  5.0,   4.0,   9.0,   2.0,      ,     ,     ,     ,     ,     ,    ,  34.0,       ,      ,      ,        ,        ,        ,        ,        ,        ,        ,        ,      
trottro01, 1983,     1, NJD , NHL , R  ,  5.0,  1.0,   1.0,   2.0,   0.0, -1.0 ,  0.0,     ,  0.0,     ,  0.0, 0.0,   2.0,       ,      ,      ,        ,        ,        ,        ,        ,        ,        ,        ,      
trottro01, 1984,     1, NJD , NHL , R  , 33.0,  5.0,   3.0,   8.0,   2.0, -3.0 ,  0.0,     ,  0.0,     ,  0.0, 0.0,  30.0,       ,      ,      ,        ,        ,        ,        ,        ,        ,        ,        ,      
troyji01 , 1975,     1, NEW , WHA , R  , 14.0,  0.0,   0.0,   0.0,  43.0, -5.0 ,  0.0,     ,  0.0,     ,  0.0,    ,   7.0,    2.0,   0.0,   0.0,     0.0,    29.0, 0.0    ,        ,        ,        ,        ,        ,      
troyji01 , 1976,     1, NEW , WHA , R  ,  7.0,  0.0,   0.0,   0.0,   7.0, -3.0 ,  0.0,     ,  0.0,     ,  0.0,    ,   4.0,       ,      ,      ,        ,        ,        ,        ,        ,        ,        ,        ,      
troyji01 , 1977,     1, EDO , WHA , R  , 47.0,  2.0,   0.0,   2.0, 124.0, -11.0,  0.0,     ,  0.0,     ,     ,    ,  19.0,    2.0,   0.0,   0.0,     0.0,     0.0, 0.0    ,        ,        ,        ,        ,     0.0,      
trudeje01, 1999,     1, PHO , NHL , R  ,  1.0,  0.0,   0.0,   0.0,   0.0, -1.0 ,  0.0,  0.0,  0.0,  0.0,  0.0, 0.0,   0.0,       ,      ,      ,        ,        ,        ,        ,        ,        ,        ,        ,      
trudeje01, 2001,     1, PHO , NHL , R  ,  3.0,  0.0,   0.0,   0.0,   2.0, 0.0  ,  0.0,  0.0,  0.0,  0.0,  0.0, 0.0,   1.0,       ,      ,      ,        ,        ,        ,        ,        ,        ,        ,        ,      
trudeje01, 2002,     1, MIN , NHL , L  ,  1.0,  0.0,   0.0,   0.0,   2.0, 0.0  ,  0.0,  0.0,  0.0,  0.0,  0.0, 0.0,   0.0,       ,      ,      ,        ,        ,        ,        ,        ,        ,        ,        ,      
trudelo01, 1933,     1, CHI , NHL , L  , 31.0,  1.0,   3.0,   4.0,  13.0,      ,     ,     ,     ,     ,     ,    ,      ,    7.0,   0.0,   0.0,     0.0,     0.0,        ,        ,        ,        ,        ,        ,      
trudelo01, 1934,     1, CHI , NHL , L  , 47.0, 11.0,  11.0,  22.0,  28.0,      ,     ,     ,     ,     ,     ,    ,      ,    2.0,   0.0,   0.0,     0.0,     0.0,        ,        ,        ,        ,        ,        ,      
trudelo01, 1935,     1, CHI , NHL , L  , 47.0,  3.0,   4.0,   7.0,  27.0,      ,     ,     ,     ,     ,     ,    ,      ,    2.0,   0.0,   0.0,     0.0,     2.0,        ,        ,        ,        ,        ,        ,      
trudelo01, 1936,     1, CHI , NHL , L  , 45.0,  6.0,  12.0,  18.0,  11.0,      ,     ,     ,     ,     ,     ,    ,      ,       ,      ,      ,        ,        ,        ,        ,        ,        ,        ,        ,      
trudelo01, 1937,     1, CHI , NHL , R  , 42.0,  6.0,  16.0,  22.0,  15.0,      ,     ,     ,     ,     ,     ,    ,      ,   10.0,   0.0,   3.0,     3.0,     2.0,        ,        ,        ,        ,        ,        ,      
trudelo01, 1938,     1, MTL , NHL , L  , 31.0,  8.0,  13.0,  21.0,   2.0,      ,     ,     ,     ,     ,     ,    ,      ,    3.0,   1.0,   0.0,     1.0,     0.0,        ,        ,        ,        ,        ,        ,      
trudelo01, 1939,     1, MTL , NHL , L  , 47.0, 12.0,   7.0,  19.0,  24.0,      ,     ,     ,     ,     ,     ,    ,      ,       ,      ,      ,        ,        ,        ,        ,        ,        ,        ,        ,      
trudelo01, 1940,     1, MTL , NHL , L  , 16.0,  2.0,   3.0,   5.0,   2.0,      ,     ,     ,     ,     ,     ,    ,      ,       ,      ,      ,        ,        ,        ,        ,        ,        ,        ,        ,      
trudere01, 1945,     1, NYR , NHL , R  , 16.0,  3.0,   5.0,   8.0,   4.0,      ,     ,     ,     ,     ,     ,    ,      ,       ,      ,      ,        ,        ,        ,        ,        ,        ,        ,        ,      
trudere01, 1946,     1, NYR , NHL , R  , 59.0,  8.0,  16.0,  24.0,  38.0,      ,     ,     ,     ,     ,     ,    ,      ,       ,      ,      ,        ,        ,        ,        ,        ,        ,        ,        ,      
trudere01, 1947,     1, NYR , NHL , R  , 54.0, 13.0,   7.0,  20.0,  30.0,      ,     ,     ,     ,     ,     ,    ,      ,    5.0,   0.0,   0.0,     0.0,     2.0,        ,        ,        ,        ,        ,        ,      
tselini01, 2001,     1, CAR , NHL , D  ,  2.0,  0.0,   0.0,   0.0,   6.0, -2.0 ,  0.0,  0.0,  0.0,  0.0,  0.0, 0.0,   3.0,       ,      ,      ,        ,        ,        ,        ,        ,        ,        ,        ,      
tsulyni01, 1996,     1, ANA , NHL , D  , 22.0,  0.0,   1.0,   1.0,   8.0, -5.0 ,  0.0,  0.0,  0.0,  0.0,  0.0, 0.0,  10.0,       ,      ,      ,        ,        ,        ,        ,        ,        ,        ,        ,      
tsygude01, 1993,     1, BUF , NHL , D  ,  8.0,  0.0,   0.0,   0.0,   8.0, -1.0 ,  0.0,  0.0,  0.0,  0.0,  0.0, 0.0,   3.0,       ,      ,      ,        ,        ,        ,        ,        ,        ,        ,        ,      
tsygude01, 1994,     1, BUF , NHL , D  ,  4.0,  0.0,   0.0,   0.0,   4.0, -1.0 ,  0.0,  0.0,  0.0,  0.0,  0.0, 0.0,   4.0,       ,      ,      ,        ,        ,        ,        ,        ,        ,        ,        ,      
tsygude01, 1994,     2, LAK , NHL , D  , 21.0,  0.0,   0.0,   0.0,  11.0, -2.0 ,  0.0,  0.0,  0.0,  0.0,  0.0, 0.0,  16.0,       ,      ,      ,        ,        ,        ,        ,        ,        ,        ,        ,      
tsygude01, 1995,     1, LAK , NHL , D  , 18.0,  1.0,   5.0,   6.0,  22.0, 0.0  ,  1.0,  1.0,  0.0,  0.0,  0.0, 0.0,  21.0,       ,      ,      ,        ,        ,        ,        ,        ,        ,        ,        ,      
tsyplvl01, 1995,     1, LAK , NHL , L  , 23.0,  5.0,   5.0,  10.0,   4.0, 1.0  ,  0.0,  2.0,  0.0,  0.0,  0.0, 0.0,  40.0,       ,      ,      ,        ,        ,        ,        ,        ,        ,        ,        ,      
tsyplvl01, 1996,     1, LAK , NHL , L  , 67.0, 16.0,  23.0,  39.0,  12.0, 8.0  ,  1.0,  5.0,  0.0,  0.0,  2.0, 0.0, 118.0,       ,      ,      ,        ,        ,        ,        ,        ,        ,        ,        ,      
tsyplvl01, 1997,     1, LAK , NHL , L  , 73.0, 18.0,  34.0,  52.0,  18.0, 15.0 ,  2.0,  4.0,  0.0,  0.0,  1.0, 0.0, 113.0,    4.0,   0.0,   1.0,     1.0,     8.0, -1.0   ,     0.0,     0.0,     0.0,     0.0,     0.0,     4.0
tsyplvl01, 1998,     1, LAK , NHL , L  , 69.0, 11.0,  12.0,  23.0,  32.0, -7.0 ,  0.0,  2.0,  2.0,  1.0,  2.0, 0.0, 111.0,       ,      ,      ,        ,        ,        ,        ,        ,        ,        ,        ,      
tsyplvl01, 1999,     1, LAK , NHL , L  , 29.0,  6.0,   7.0,  13.0,   4.0, 6.0  ,  1.0,  0.0,  0.0,  0.0,  1.0, 0.0,  30.0,       ,      ,      ,        ,        ,        ,        ,        ,        ,        ,        ,      
tsyplvl01, 1999,     2, BUF , NHL , L  , 34.0,  6.0,  13.0,  19.0,  10.0, 17.0 ,  0.0,  2.0,  0.0,  0.0,  1.0, 0.0,  46.0,    5.0,   0.0,   1.0,     1.0,     4.0, 1.0    ,     0.0,     0.0,     0.0,     0.0,     0.0,     4.0
tsyplvl01, 2000,     1, BUF , NHL , L  , 36.0,  7.0,   7.0,  14.0,  10.0, 2.0  ,  0.0,  0.0,  0.0,  0.0,  0.0, 0.0,  39.0,    9.0,   1.0,   0.0,     1.0,     4.0, 1.0    ,     0.0,     0.0,     0.0,     0.0,     0.0,    10.0
tuckeda01, 1995,     1, MTL , NHL , C  ,  3.0,  0.0,   0.0,   0.0,   0.0, -1.0 ,  0.0,  0.0,  0.0,  0.0,  0.0, 0.0,   1.0,       ,      ,      ,        ,        ,        ,        ,        ,        ,        ,        ,      
tuckeda01, 1996,     1, MTL , NHL , C  , 73.0,  7.0,  13.0,  20.0, 110.0, -5.0 ,  1.0,  1.0,  0.0,  0.0,  3.0, 1.0,  62.0,    4.0,   0.0,   0.0,     0.0,     0.0, 0.0    ,     0.0,     0.0,     0.0,     0.0,     0.0,     4.0
tuckeda01, 1997,     1, MTL , NHL , C  , 39.0,  1.0,   5.0,   6.0,  57.0, -6.0 ,  0.0,  0.0,  0.0,  0.0,  0.0, 0.0,  19.0,       ,      ,      ,        ,        ,        ,        ,        ,        ,        ,        ,      
tuckeda01, 1997,     2, TBL , NHL , C  , 35.0,  6.0,   8.0,  14.0,  89.0, -8.0 ,  1.0,  0.0,  1.0,  1.0,  0.0, 0.0,  44.0,       ,      ,      ,        ,        ,        ,        ,        ,        ,        ,        ,      
tuckeda01, 1998,     1, TBL , NHL , C  , 82.0, 21.0,  22.0,  43.0, 176.0, -34.0,  8.0,  7.0,  2.0,  0.0,  3.0, 0.0, 178.0,       ,      ,      ,        ,        ,        ,        ,        ,        ,        ,        ,      
tuckeda01, 1999,     1, TBL , NHL , L  , 50.0, 14.0,  20.0,  34.0, 108.0, -15.0,  1.0,  6.0,  0.0,  0.0,  2.0, 0.0,  98.0,       ,      ,      ,        ,        ,        ,        ,        ,        ,        ,        ,      
tuckeda01, 1999,     2, TOR , NHL , L  , 27.0,  7.0,  10.0,  17.0,  55.0, 3.0  ,  0.0,  2.0,  2.0,  1.0,  3.0, 0.0,  40.0,   12.0,   4.0,   2.0,     6.0,    15.0, 0.0    ,     1.0,     1.0,     0.0,     0.0,     2.0,    27.0
tuckeda01, 2000,     1, TOR , NHL , R  , 82.0, 16.0,  21.0,  37.0, 141.0, 6.0  ,  2.0,  2.0,  0.0,  0.0,  4.0, 0.0, 122.0,   11.0,   0.0,   2.0,     2.0,     6.0, -2.0   ,     0.0,     0.0,     0.0,     0.0,     0.0,    17.0
tuckeda01, 2001,     1, TOR , NHL , L  , 77.0, 24.0,  35.0,  59.0,  92.0, 24.0 ,  7.0,  2.0,  0.0,  3.0,  5.0, 0.0, 124.0,   17.0,   4.0,   4.0,     8.0,    38.0, -1.0   ,     1.0,     0.0,     0.0,     0.0,     1.0,    31.0
tuckeda01, 2002,     1, TOR , NHL , L  , 77.0, 10.0,  26.0,  36.0, 119.0, -7.0 ,  4.0,  4.0,  1.0,  0.0,  2.0, 0.0, 108.0,    6.0,   0.0,   3.0,     3.0,     6.0, 1.0    ,     0.0,     0.0,     0.0,     0.0,     0.0,    13.0
tuckeda01, 2003,     1, TOR , NHL , L  , 64.0, 21.0,  11.0,  32.0,  68.0, 4.0  ,  8.0,  4.0,  1.0,  0.0,  2.0, 0.0, 146.0,   12.0,   2.0,   0.0,     2.0,    14.0, -3.0   ,     1.0,     0.0,     0.0,     0.0,     0.0,    16.0
tuckeda01, 2005,     1, TOR , NHL , C  , 74.0, 28.0,  33.0,  61.0, 100.0, -12.0, 18.0, 18.0,  0.0,  0.0,  4.0,    , 189.0,       ,      ,      ,        ,        ,        ,        ,        ,        ,        ,        ,      
tuckeda01, 2006,     1, TOR , NHL , R  , 56.0, 24.0,  19.0,  43.0,  81.0, -11.0, 15.0,  6.0,  0.0,  0.0,  6.0,    , 143.0,       ,      ,      ,        ,        ,        ,        ,        ,        ,        ,        ,      
tuckeda01, 2007,     1, TOR , NHL , R  , 74.0, 18.0,  16.0,  34.0, 100.0, -8.0 ,  7.0,  3.0,  0.0,  0.0,  3.0,    , 152.0,       ,      ,      ,        ,        ,        ,        ,        ,        ,        ,        ,      
tuckeda01, 2008,     1, COL , NHL , R  , 63.0,  8.0,   8.0,  16.0,  67.0, -13.0,  2.0,  3.0,  0.0,  0.0,  1.0,    ,  94.0,       ,      ,      ,        ,        ,        ,        ,        ,        ,        ,        ,      
tuckeda01, 2009,     1, COL , NHL , C  , 71.0, 10.0,  14.0,  24.0,  47.0, -3.0 ,  3.0,  7.0,  0.0,  0.0,  1.0,    ,  73.0,    6.0,   0.0,   0.0,     0.0,     2.0, -1.0   ,     0.0,     0.0,     0.0,     0.0,     0.0,     4.0
tuckejo01, 1983,     1, BUF , NHL , C  , 21.0, 12.0,   4.0,  16.0,   4.0, 2.0  ,  5.0,     ,  0.0,     ,  2.0, 0.0,  40.0,    3.0,   1.0,   0.0,     1.0,     0.0, -1.0   ,     0.0,        ,     0.0,        ,     0.0,     7.0
tuckejo01, 1984,     1, BUF , NHL , C  , 64.0, 22.0,  27.0,  49.0,  21.0, 6.0  , 11.0,     ,  0.0,     ,  3.0, 0.0, 112.0,    5.0,   1.0,   5.0,     6.0,     0.0, 3.0    ,     0.0,        ,     0.0,        ,     0.0,     8.0
tuckejo01, 1985,     1, BUF , NHL , C  , 75.0, 31.0,  34.0,  65.0,  39.0, 0.0  ,  8.0,     ,  0.0,     ,  3.0, 0.0, 146.0,       ,      ,      ,        ,        ,        ,        ,        ,        ,        ,        ,      
tuckejo01, 1986,     1, BUF , NHL , C  , 54.0, 17.0,  34.0,  51.0,  21.0, -3.0 ,  4.0,     ,  0.0,     ,  0.0, 1.0, 104.0,       ,      ,      ,        ,        ,        ,        ,        ,        ,        ,        ,      
tuckejo01, 1987,     1, BUF , NHL , C  , 45.0, 19.0,  19.0,  38.0,  20.0, 4.0  ,  6.0,  8.0,  0.0,  0.0,  0.0, 1.0,  93.0,    6.0,   7.0,   3.0,    10.0,    18.0, -1.0   ,     4.0,     1.0,     0.0,     0.0,     2.0,    14.0
tuckejo01, 1988,     1, BUF , NHL , C  , 60.0, 13.0,  31.0,  44.0,  31.0, -5.0 ,  3.0,  8.0,  0.0,  0.0,  1.0, 0.0,  94.0,    3.0,   0.0,   3.0,     3.0,     0.0, 0.0    ,     0.0,     2.0,     0.0,     0.0,     0.0,     1.0
tuckejo01, 1989,     1, BUF , NHL , R  ,  8.0,  1.0,   2.0,   3.0,   2.0, -3.0 ,  1.0,     ,  0.0,  0.0,  0.0, 0.0,   8.0,       ,      ,      ,        ,        ,        ,        ,        ,        ,        ,        ,      
tuckejo01, 1989,     2, WAS , NHL , R  , 38.0,  9.0,  19.0,  28.0,  10.0, 11.0 ,  1.0,     ,  0.0,  0.0,  1.0, 0.0,  61.0,   12.0,   1.0,   7.0,     8.0,     0.0, 4.0    ,     0.0,     0.0,     0.0,     0.0,     0.0,    12.0
tuckejo01, 1990,     1, BUF , NHL , C  , 18.0,  1.0,   3.0,   4.0,   4.0, 0.0  ,  0.0,     ,  0.0,  0.0,  0.0, 0.0,  16.0,       ,      ,      ,        ,        ,        ,        ,        ,        ,        ,        ,      
tuckejo01, 1990,     2, NYI , NHL , C  , 20.0,  3.0,   4.0,   7.0,   4.0, -1.0 ,  1.0,     ,  0.0,  0.0,  0.0, 0.0,  19.0,       ,      ,      ,        ,        ,        ,        ,        ,        ,        ,        ,      
tuckejo01, 1992,     1, TBL , NHL , L  , 78.0, 17.0,  39.0,  56.0,  69.0, -12.0,  5.0, 13.0,  1.0,  0.0,  1.0, 0.0, 179.0,       ,      ,      ,        ,        ,        ,        ,        ,        ,        ,        ,      
tuckejo01, 1993,     1, TBL , NHL , L  , 66.0, 17.0,  23.0,  40.0,  28.0, 9.0  ,  2.0,  5.0,  0.0,  0.0,  6.0, 1.0, 126.0,       ,      ,      ,        ,        ,        ,        ,        ,        ,        ,        ,      
tuckejo01, 1994,     1, TBL , NHL , R  , 46.0, 12.0,  13.0,  25.0,  14.0, -10.0,  2.0,  6.0,  0.0,  0.0,  1.0, 0.0,  81.0,       ,      ,      ,        ,        ,        ,        ,        ,        ,        ,        ,      
tuckejo01, 1995,     1, TBL , NHL , R  , 63.0,  3.0,   7.0,  10.0,  18.0, -8.0 ,  0.0,  0.0,  1.0,  1.0,  0.0, 0.0,  53.0,    2.0,   0.0,   0.0,     0.0,     2.0, -1.0   ,     0.0,     0.0,     0.0,     0.0,     0.0,     0.0
tuckete01, 1973,     1, CLF , NHL , G  ,  5.0,  0.0,   0.0,   0.0,   0.0, 0.0  ,  0.0,     ,  0.0,     ,  0.0, 0.0,   0.0,       ,      ,      ,        ,        ,        ,        ,        ,        ,        ,        ,      
tudinco01, 1941,     1, MTL , NHL , C  ,  4.0,  0.0,   1.0,   1.0,   4.0,      ,     ,     ,     ,     ,     ,    ,      ,       ,      ,      ,        ,        ,        ,        ,        ,        ,        ,        ,      
tudorro01, 1978,     1, VAN , NHL , R  , 24.0,  4.0,   4.0,   8.0,  19.0, 0.0  ,  0.0,     ,  0.0,     ,  0.0, 0.0,  51.0,    2.0,   0.0,   0.0,     0.0,     0.0,        ,     0.0,        ,     0.0,        ,     0.0,      
tudorro01, 1979,     1, VAN , NHL , R  ,  2.0,  0.0,   0.0,   0.0,   0.0, 0.0  ,  0.0,     ,  0.0,     ,  0.0, 0.0,   0.0,    1.0,   0.0,   0.0,     0.0,     0.0,        ,     0.0,        ,     0.0,        ,     0.0,      
tudorro01, 1982,     1, STL , NHL , R  ,  2.0,  0.0,   0.0,   0.0,   0.0, 0.0  ,  0.0,     ,  0.0,     ,  0.0, 0.0,   0.0,       ,      ,      ,        ,        ,        ,        ,        ,        ,        ,        ,      
tueral01 , 1985,     1, LAK , NHL , D  , 45.0,  0.0,   1.0,   1.0, 150.0, -16.0,  0.0,     ,  0.0,     ,  0.0, 0.0,  14.0,       ,      ,      ,        ,        ,        ,        ,        ,        ,        ,        ,      
tueral01 , 1987,     1, MNS , NHL , D  ,  6.0,  1.0,   0.0,   1.0,  29.0, -3.0 ,  0.0,  0.0,  0.0,  0.0,  0.0, 0.0,   1.0,       ,      ,      ,        ,        ,        ,        ,        ,        ,        ,        ,      
tueral01 , 1988,     1, HAR , NHL , D  ,  4.0,  0.0,   0.0,   0.0,  23.0, -2.0 ,  0.0,  0.0,  0.0,  0.0,  0.0, 0.0,   0.0,       ,      ,      ,        ,        ,        ,        ,        ,        ,        ,        ,      
tueral01 , 1989,     1, HAR , NHL , D  ,  2.0,  0.0,   0.0,   0.0,   6.0, -1.0 ,  0.0,  0.0,  0.0,  0.0,  0.0, 0.0,   0.0,       ,      ,      ,        ,        ,        ,        ,        ,        ,        ,        ,      
tugnuro01, 1987,     1, QUE , NHL , G  ,  6.0,  0.0,   1.0,   1.0,   0.0, 0.0  ,  0.0,     ,  0.0,     ,  0.0, 0.0,   0.0,       ,      ,      ,        ,        ,        ,        ,        ,        ,        ,        ,      
tugnuro01, 1988,     1, QUE , NHL , G  , 26.0,  0.0,   3.0,   3.0,   2.0, 0.0  ,  0.0,     ,  0.0,     ,  0.0, 0.0,   0.0,       ,      ,      ,        ,        ,        ,        ,        ,        ,        ,        ,      
tugnuro01, 1989,     1, QUE , NHL , G  , 35.0,  0.0,   0.0,   0.0,   2.0, 0.0  ,  0.0,  0.0,  0.0,  0.0,  0.0, 0.0,   0.0,       ,      ,      ,        ,        ,        ,        ,        ,        ,        ,        ,      
tugnuro01, 1990,     1, QUE , NHL , G  , 56.0,  0.0,   0.0,   0.0,   0.0, 0.0  ,  0.0,  0.0,  0.0,  0.0,  0.0, 0.0,   0.0,       ,      ,      ,        ,        ,        ,        ,        ,        ,        ,        ,      
tugnuro01, 1991,     1, QUE , NHL , G  , 30.0,  0.0,   0.0,   0.0,   0.0, 0.0  ,  0.0,  0.0,  0.0,  0.0,  0.0, 0.0,   0.0,       ,      ,      ,        ,        ,        ,        ,        ,        ,        ,        ,      
tugnuro01, 1991,     2, EDM , NHL , G  ,  3.0,  0.0,   0.0,   0.0,   2.0, 0.0  ,  0.0,  0.0,  0.0,  0.0,  0.0, 0.0,   0.0,    2.0,   0.0,   0.0,     0.0,     0.0, 0.0    ,     0.0,     0.0,     0.0,     0.0,     0.0,     0.0
tugnuro01, 1992,     1, EDM , NHL , G  , 26.0,  0.0,   0.0,   0.0,   2.0, 0.0  ,  0.0,  0.0,  0.0,  0.0,  0.0, 0.0,   0.0,       ,      ,      ,        ,        ,        ,        ,        ,        ,        ,        ,      
tugnuro01, 1993,     1, ANA , NHL , G  , 28.0,  0.0,   0.0,   0.0,   2.0, 0.0  ,  0.0,  0.0,  0.0,  0.0,  0.0, 0.0,   0.0,       ,      ,      ,        ,        ,        ,        ,        ,        ,        ,        ,      
tugnuro01, 1993,     2, MTL , NHL , G  ,  8.0,  0.0,   0.0,   0.0,   0.0, 0.0  ,  0.0,  0.0,  0.0,  0.0,  0.0, 0.0,   0.0,    1.0,   0.0,   0.0,     0.0,     0.0, 0.0    ,     0.0,     0.0,     0.0,     0.0,     0.0,     0.0
tugnuro01, 1994,     1, MTL , NHL , G  ,  7.0,  0.0,   0.0,   0.0,   0.0, 0.0  ,  0.0,  0.0,  0.0,  0.0,  0.0, 0.0,   0.0,       ,      ,      ,        ,        ,        ,        ,        ,        ,        ,        ,      
tugnuro01, 1996,     1, OTT , NHL , G  , 37.0,  0.0,   1.0,   1.0,   0.0, 0.0  ,  0.0,  0.0,  0.0,  0.0,  0.0, 0.0,   0.0,    7.0,   0.0,   0.0,     0.0,     0.0, 0.0    ,     0.0,     0.0,     0.0,     0.0,     0.0,     0.0
tugnuro01, 1997,     1, OTT , NHL , G  , 42.0,  0.0,   0.0,   0.0,   0.0, 0.0  ,  0.0,  0.0,  0.0,  0.0,  0.0, 0.0,   0.0,    2.0,   0.0,   0.0,     0.0,     0.0, 0.0    ,     0.0,     0.0,     0.0,     0.0,     0.0,     0.0
tugnuro01, 1998,     1, OTT , NHL , G  , 43.0,  0.0,   0.0,   0.0,   0.0, 0.0  ,  0.0,  0.0,  0.0,  0.0,  0.0, 0.0,   0.0,    2.0,   0.0,   0.0,     0.0,     0.0, 0.0    ,     0.0,     0.0,     0.0,     0.0,     0.0,     0.0
tugnuro01, 1999,     1, OTT , NHL , G  , 44.0,  0.0,   0.0,   0.0,   0.0, 0.0  ,  0.0,  0.0,  0.0,  0.0,  0.0, 0.0,   0.0,       ,      ,      ,        ,        ,        ,        ,        ,        ,        ,        ,      
tugnuro01, 1999,     2, PIT , NHL , G  ,  7.0,  0.0,   0.0,   0.0,   0.0, 0.0  ,  0.0,  0.0,  0.0,  0.0,  0.0, 0.0,   0.0,   11.0,   0.0,   0.0,     0.0,     2.0, 0.0    ,     0.0,     0.0,     0.0,     0.0,     0.0,     0.0
tugnuro01, 2000,     1, CBS , NHL , G  , 53.0,  0.0,   1.0,   1.0,   2.0, 0.0  ,  0.0,  1.0,  0.0,  0.0,  0.0, 0.0,   0.0,       ,      ,      ,        ,        ,        ,        ,        ,        ,        ,        ,      
tugnuro01, 2001,     1, CBS , NHL , G  , 44.0,  0.0,   1.0,   1.0,   0.0, 0.0  ,  0.0,  1.0,  0.0,  0.0,  0.0, 0.0,   0.0,       ,      ,      ,        ,        ,        ,        ,        ,        ,        ,        ,      
tugnuro01, 2002,     1, DAL , NHL , G  , 31.0,  0.0,   0.0,   0.0,   0.0, 0.0  ,  0.0,  0.0,  0.0,  0.0,  0.0, 0.0,   0.0,       ,      ,      ,        ,        ,        ,        ,        ,        ,        ,        ,      
tugnuro01, 2003,     1, DAL , NHL , G  , 11.0,  0.0,   0.0,   0.0,   0.0, 0.0  ,  0.0,  0.0,  0.0,  0.0,  0.0, 0.0,   0.0,       ,      ,      ,        ,        ,        ,        ,        ,        ,        ,        ,      
tuhoiha01, 1978,     1, FIN , WHA ,    ,  1.0,  0.0,   2.0,   2.0,   0.0,      ,  0.0,     ,  0.0,     ,  0.0,    ,      ,       ,      ,      ,        ,        ,        ,        ,        ,        ,        ,        ,      
tukonla01, 2006,     1, LAK , NHL , R  ,  4.0,  0.0,   0.0,   0.0,   0.0, -2.0 ,  0.0,  0.0,  0.0,  0.0,  0.0,    ,   1.0,       ,      ,      ,        ,        ,        ,        ,        ,        ,        ,        ,      
tukonla01, 2007,     1, LAK , NHL , R  ,  1.0,  0.0,   0.0,   0.0,   0.0, 0.0  ,  0.0,  0.0,  0.0,  0.0,  0.0,    ,   1.0,       ,      ,      ,        ,        ,        ,        ,        ,        ,        ,        ,      
tumenvi01, 1978,     1, SOV , WHA ,    ,  6.0,  2.0,   6.0,   8.0,   6.0,      ,     ,     ,     ,     ,     ,    ,      ,       ,      ,      ,        ,        ,        ,        ,        ,        ,        ,        ,      
tumilgo01, 1972,     1, WIJ , WHA , G  ,  3.0,  0.0,   0.0,   0.0,   0.0,      ,  0.0,     ,  0.0,     ,     ,    ,      ,       ,      ,      ,        ,        ,        ,        ,        ,        ,        ,        ,      
tuomama01, 1994,     1, EDM , NHL , R  ,  4.0,  0.0,   0.0,   0.0,   0.0, 0.0  ,  0.0,  0.0,  0.0,  0.0,  0.0, 0.0,   5.0,       ,      ,      ,        ,        ,        ,        ,        ,        ,        ,        ,      
tuomama01, 1999,     1, LAK , NHL , R  , 63.0,  9.0,   8.0,  17.0,  80.0, -12.0,  2.0,  1.0,  1.0,  0.0,  1.0, 0.0,  74.0,    1.0,   0.0,   0.0,     0.0,     0.0, 0.0    ,     0.0,     0.0,     0.0,     0.0,     0.0,     0.0
tuomama01, 2000,     1, LAK , NHL , R  , 11.0,  0.0,   1.0,   1.0,   4.0, 1.0  ,  0.0,  0.0,  0.0,  0.0,  0.0, 0.0,  12.0,       ,      ,      ,        ,        ,        ,        ,        ,        ,        ,        ,      
tuomama01, 2001,     1, NYI , NHL , R  ,  1.0,  0.0,   0.0,   0.0,   0.0, -1.0 ,  0.0,  0.0,  0.0,  0.0,  0.0, 0.0,   0.0,       ,      ,      ,        ,        ,        ,        ,        ,        ,        ,        ,      
turcoal01, 1983,     1, MTL , NHL , C  , 30.0,  7.0,   7.0,  14.0,  10.0, -9.0 ,  5.0,     ,  0.0,     ,  0.0, 0.0,  33.0,       ,      ,      ,        ,        ,        ,        ,        ,        ,        ,        ,      
turcoal01, 1984,     1, MTL , NHL , C  , 53.0,  8.0,  16.0,  24.0,  35.0, -1.0 ,  3.0,     ,  0.0,     ,  1.0, 1.0,  59.0,    5.0,   0.0,   0.0,     0.0,     0.0, 0.0    ,     0.0,        ,     0.0,        ,     0.0,     5.0
turcoal01, 1985,     1, MTL , NHL , C  ,  2.0,  0.0,   0.0,   0.0,   2.0, 0.0  ,  0.0,     ,  0.0,     ,  0.0, 0.0,   0.0,       ,      ,      ,        ,        ,        ,        ,        ,        ,        ,        ,      
turcoal01, 1987,     1, WIN , NHL , C  ,  3.0,  0.0,   0.0,   0.0,   0.0, -4.0 ,  0.0,  0.0,  0.0,  0.0,  0.0, 0.0,   3.0,       ,      ,      ,        ,        ,        ,        ,        ,        ,        ,        ,      
turcoal01, 1988,     1, WIN , NHL , C  , 14.0,  1.0,   3.0,   4.0,   2.0, -6.0 ,  0.0,  0.0,  0.0,  0.0,  0.0, 0.0,  10.0,       ,      ,      ,        ,        ,        ,        ,        ,        ,        ,        ,      
turcoal01, 1989,     1, WAS , NHL , C  ,  4.0,  0.0,   2.0,   2.0,   0.0, 0.0  ,  0.0,  1.0,  0.0,  0.0,  0.0, 0.0,   4.0,       ,      ,      ,        ,        ,        ,        ,        ,        ,        ,        ,      
turcoal01, 1990,     1, WAS , NHL , C  ,  6.0,  1.0,   1.0,   2.0,   0.0, -1.0 ,  0.0,  0.0,  0.0,  0.0,  1.0, 0.0,   8.0,       ,      ,      ,        ,        ,        ,        ,        ,        ,        ,        ,      
turcoda01, 1988,     1, NYR , NHL , C  , 20.0,  7.0,   3.0,  10.0,   4.0, 0.0  ,  2.0,  1.0,  0.0,  0.0,  2.0, 0.0,  49.0,    1.0,   0.0,   0.0,     0.0,     0.0, -1.0   ,     0.0,     0.0,     0.0,     0.0,     0.0,     0.0
turcoda01, 1989,     1, NYR , NHL , L  , 76.0, 32.0,  34.0,  66.0,  32.0, 3.0  , 10.0, 18.0,  1.0,  1.0,  4.0, 0.0, 205.0,   10.0,   1.0,   6.0,     7.0,     4.0, -3.0   ,     0.0,     4.0,     0.0,     1.0,     1.0,    25.0
turcoda01, 1990,     1, NYR , NHL , C  , 74.0, 26.0,  41.0,  67.0,  37.0, -5.0 , 15.0, 19.0,  2.0,  2.0,  3.0, 1.0, 212.0,    6.0,   1.0,   2.0,     3.0,     0.0, -2.0   ,     1.0,     0.0,     0.0,     0.0,     0.0,    19.0
turcoda01, 1991,     1, NYR , NHL , C  , 71.0, 30.0,  23.0,  53.0,  57.0, 11.0 , 13.0, 12.0,  1.0,  2.0,  4.0, 1.0, 216.0,    8.0,   4.0,   0.0,     4.0,     6.0, 1.0    ,     2.0,     0.0,     1.0,     0.0,     0.0,    22.0
turcoda01, 1992,     1, NYR , NHL , C  , 71.0, 25.0,  28.0,  53.0,  40.0, -3.0 ,  7.0, 14.0,  3.0,  0.0,  3.0, 1.0, 213.0,       ,      ,      ,        ,        ,        ,        ,        ,        ,        ,        ,      
turcoda01, 1993,     1, NYR , NHL , C  , 13.0,  2.0,   4.0,   6.0,  13.0, -2.0 ,  0.0,  3.0,  0.0,  0.0,  0.0, 0.0,  17.0,       ,      ,      ,        ,        ,        ,        ,        ,        ,        ,        ,      
turcoda01, 1993,     2, HAR , NHL , C  , 19.0,  2.0,  11.0,  13.0,   4.0, -11.0,  0.0,  2.0,  0.0,  0.0,  0.0, 0.0,  43.0,       ,      ,      ,        ,        ,        ,        ,        ,        ,        ,        ,      
turcoda01, 1994,     1, HAR , NHL , L  , 47.0, 17.0,  18.0,  35.0,  22.0, 1.0  ,  3.0,  7.0,  1.0,  0.0,  3.0, 0.0, 121.0,       ,      ,      ,        ,        ,        ,        ,        ,        ,        ,        ,      
turcoda01, 1995,     1, WIN , NHL , C  , 59.0, 16.0,  16.0,  32.0,  26.0, -3.0 ,  2.0,  5.0,  0.0,  1.0,  2.0, 0.0, 134.0,       ,      ,      ,        ,        ,        ,        ,        ,        ,        ,        ,      
turcoda01, 1995,     2, SJS , NHL , C  ,  9.0,  6.0,   5.0,  11.0,   4.0, 8.0  ,  0.0,  1.0,  1.0,  0.0,  2.0, 0.0,  33.0,       ,      ,      ,        ,        ,        ,        ,        ,        ,        ,        ,      
turcoda01, 1996,     1, SJS , NHL , C  , 65.0, 16.0,  21.0,  37.0,  16.0, -8.0 ,  3.0,  8.0,  1.0,  0.0,  4.0, 0.0, 126.0,       ,      ,      ,        ,        ,        ,        ,        ,        ,        ,        ,      
turcoda01, 1997,     1, STL , NHL , C  , 62.0, 12.0,   6.0,  18.0,  26.0, 6.0  ,  3.0,  1.0,  0.0,  1.0,  1.0, 0.0,  75.0,   10.0,   0.0,   0.0,     0.0,     2.0, -4.0   ,     0.0,     0.0,     0.0,     0.0,     0.0,     5.0
turcoda01, 1998,     1, NAS , NHL , C  , 40.0,  4.0,   5.0,   9.0,  16.0, -11.0,  0.0,  0.0,  0.0,  0.0,  1.0, 0.0,  73.0,       ,      ,      ,        ,        ,        ,        ,        ,        ,        ,        ,      
turcoda01, 1999,     1, NAS , NHL , C  ,  9.0,  0.0,   1.0,   1.0,   4.0, 0.0  ,  0.0,  0.0,  0.0,  0.0,  0.0, 0.0,  13.0,       ,      ,      ,        ,        ,        ,        ,        ,        ,        ,        ,      
turcoma01, 2000,     1, DAL , NHL , G  , 26.0,  0.0,   0.0,   0.0,  12.0, 0.0  ,  0.0,  0.0,  0.0,  0.0,  0.0, 0.0,   0.0,       ,      ,      ,        ,        ,        ,        ,        ,        ,        ,        ,      
turcoma01, 2001,     1, DAL , NHL , G  , 31.0,  0.0,   0.0,   0.0,  10.0, 0.0  ,  0.0,  0.0,  0.0,  0.0,  0.0, 0.0,   0.0,       ,      ,      ,        ,        ,        ,        ,        ,        ,        ,        ,      
turcoma01, 2002,     1, DAL , NHL , G  , 55.0,  0.0,   3.0,   3.0,  16.0, 0.0  ,  0.0,  1.0,  0.0,  0.0,  0.0, 0.0,   0.0,   12.0,   0.0,   0.0,     0.0,     8.0, 0.0    ,     0.0,     0.0,     0.0,     0.0,     0.0,     0.0
turcoma01, 2003,     1, DAL , NHL , G  , 73.0,  0.0,   1.0,   1.0,  32.0, 0.0  ,  0.0,  1.0,  0.0,  0.0,  0.0, 0.0,   0.0,    5.0,   0.0,   0.0,     0.0,     0.0, 0.0    ,     0.0,     0.0,     0.0,     0.0,     0.0,     0.0
turcoma01, 2005,     1, DAL , NHL , G  , 68.0,  0.0,   2.0,   2.0,  28.0, 0.0  ,  0.0,  1.0,  0.0,  0.0,  0.0,    ,   3.0,    5.0,   0.0,   0.0,     0.0,     2.0, 0.0    ,     0.0,     0.0,     0.0,     0.0,     0.0,     0.0
turcoma01, 2006,     1, DAL , NHL , G  , 67.0,  0.0,   4.0,   4.0,  18.0, 0.0  ,  0.0,  2.0,  0.0,  0.0,  0.0,    ,   1.0,    7.0,   0.0,   0.0,     0.0,     4.0, 0.0    ,     0.0,     0.0,     0.0,     0.0,     0.0,     0.0
turcoma01, 2007,     1, DAL , NHL , G  , 62.0,  0.0,   3.0,   3.0,  16.0, 0.0  ,  0.0,  1.0,  0.0,  1.0,  0.0,    ,   0.0,   18.0,   0.0,   2.0,     2.0,     4.0, 0.0    ,     0.0,     1.0,     0.0,     0.0,     0.0,     0.0
turcoma01, 2008,     1, DAL , NHL , G  , 74.0,  0.0,   5.0,   5.0,  18.0, 0.0  ,  0.0,  3.0,  0.0,  0.0,  0.0,    ,   1.0,       ,      ,      ,        ,        ,        ,        ,        ,        ,        ,        ,      
turcoma01, 2009,     1, DAL , NHL , G  , 53.0,  0.0,   4.0,   4.0,  10.0, 0.0  ,  0.0,  2.0,  0.0,  1.0,  0.0,    ,   1.0,       ,      ,      ,        ,        ,        ,        ,        ,        ,        ,        ,      
turekro01, 1996,     1, DAL , NHL , G  ,  6.0,  0.0,   0.0,   0.0,   0.0, 0.0  ,  0.0,  0.0,  0.0,  0.0,  0.0, 0.0,   0.0,       ,      ,      ,        ,        ,        ,        ,        ,        ,        ,        ,      
turekro01, 1997,     1, DAL , NHL , G  , 23.0,  0.0,   0.0,   0.0,   2.0, 0.0  ,  0.0,  0.0,  0.0,  0.0,  0.0, 0.0,   0.0,       ,      ,      ,        ,        ,        ,        ,        ,        ,        ,        ,      
turekro01, 1998,     1, DAL , NHL , G  , 26.0,  0.0,   0.0,   0.0,   0.0, 0.0  ,  0.0,  0.0,  0.0,  0.0,  0.0, 0.0,   0.0,       ,      ,      ,        ,        ,        ,        ,        ,        ,        ,        ,      
turekro01, 1999,     1, STL , NHL , G  , 67.0,  0.0,   1.0,   1.0,   4.0, 0.0  ,  0.0,  0.0,  0.0,  1.0,  0.0, 0.0,   0.0,    7.0,   0.0,   0.0,     0.0,     0.0, 0.0    ,     0.0,     0.0,     0.0,     0.0,     0.0,     0.0
turekro01, 2000,     1, STL , NHL , G  , 54.0,  0.0,   1.0,   1.0,   6.0, 0.0  ,  0.0,  1.0,  0.0,  0.0,  0.0, 0.0,   0.0,   14.0,   0.0,   0.0,     0.0,     2.0, 0.0    ,     0.0,     0.0,     0.0,     0.0,     0.0,     0.0
turekro01, 2001,     1, CAL , NHL , G  , 69.0,  0.0,   5.0,   5.0,   4.0, 0.0  ,  0.0,  3.0,  0.0,  0.0,  0.0, 0.0,   0.0,       ,      ,      ,        ,        ,        ,        ,        ,        ,        ,        ,      
turekro01, 2002,     1, CAL , NHL , G  , 65.0,  0.0,   4.0,   4.0,  14.0, 0.0  ,  0.0,  1.0,  0.0,  0.0,  0.0, 0.0,   0.0,       ,      ,      ,        ,        ,        ,        ,        ,        ,        ,        ,      
turekro01, 2003,     1, CAL , NHL , G  , 18.0,  0.0,   1.0,   1.0,   0.0, 0.0  ,  0.0,  1.0,  0.0,  0.0,  0.0, 0.0,   0.0,    1.0,   0.0,   0.0,     0.0,     0.0, 0.0    ,     0.0,     0.0,     0.0,     0.0,     0.0,     0.0
turgepi01, 1987,     1, BUF , NHL , C  , 76.0, 14.0,  28.0,  42.0,  34.0, -8.0 ,  8.0,  9.0,  0.0,  0.0,  3.0, 0.0, 101.0,    6.0,   4.0,   3.0,     7.0,     4.0, -6.0   ,     3.0,     3.0,     0.0,     0.0,     0.0,     8.0
turgepi01, 1988,     1, BUF , NHL , C  , 80.0, 34.0,  54.0,  88.0,  26.0, -2.0 , 19.0, 20.0,  0.0,  1.0,  5.0, 0.0, 182.0,    5.0,   3.0,   5.0,     8.0,     2.0, 0.0    ,     1.0,     1.0,     0.0,     2.0,     0.0,     7.0
turgepi01, 1989,     1, BUF , NHL , C  , 80.0, 40.0,  66.0, 106.0,  29.0, 10.0 , 17.0, 29.0,  1.0,  1.0, 10.0, 1.0, 193.0,    6.0,   2.0,   4.0,     6.0,     2.0, 2.0    ,     0.0,     2.0,     0.0,     0.0,     1.0,    13.0
turgepi01, 1990,     1, BUF , NHL , C  , 78.0, 32.0,  47.0,  79.0,  26.0, 14.0 , 13.0,  8.0,  2.0,  1.0,  3.0, 0.0, 174.0,    6.0,   3.0,   1.0,     4.0,     6.0, -1.0   ,     1.0,     0.0,     0.0,     0.0,     0.0,    13.0
turgepi01, 1991,     1, BUF , NHL , C  ,  8.0,  2.0,   6.0,   8.0,   4.0, -1.0 ,  0.0,  4.0,  0.0,  0.0,  0.0, 0.0,  14.0,       ,      ,      ,        ,        ,        ,        ,        ,        ,        ,        ,      
turgepi01, 1991,     2, NYI , NHL , C  , 69.0, 38.0,  49.0,  87.0,  16.0, 8.0  , 13.0, 16.0,  0.0,  0.0,  6.0, 0.0, 193.0,       ,      ,      ,        ,        ,        ,        ,        ,        ,        ,        ,      
turgepi01, 1992,     1, NYI , NHL , C  , 83.0, 58.0,  74.0, 132.0,  26.0, -1.0 , 24.0, 30.0,  0.0,  1.0, 10.0, 2.0, 301.0,   11.0,   6.0,   7.0,    13.0,     0.0, 2.0    ,     1.0,     1.0,     0.0,     0.0,     0.0,    45.0
turgepi01, 1993,     1, NYI , NHL , C  , 69.0, 38.0,  56.0,  94.0,  18.0, 14.0 , 10.0, 22.0,  4.0,  3.0,  6.0, 0.0, 254.0,    4.0,   0.0,   1.0,     1.0,     0.0, -4.0   ,     0.0,     0.0,     0.0,     0.0,     0.0,     7.0
turgepi01, 1994,     1, NYI , NHL , C  , 34.0, 13.0,  14.0,  27.0,  10.0, -12.0,  3.0,  8.0,  2.0,  0.0,  2.0, 0.0,  93.0,       ,      ,      ,        ,        ,        ,        ,        ,        ,        ,        ,      
turgepi01, 1994,     2, MTL , NHL , C  , 15.0, 11.0,   9.0,  20.0,   4.0, 12.0 ,  2.0,  4.0,  0.0,  0.0,  2.0, 0.0,  67.0,       ,      ,      ,        ,        ,        ,        ,        ,        ,        ,        ,      
turgepi01, 1995,     1, MTL , NHL , C  , 80.0, 38.0,  58.0,  96.0,  44.0, 19.0 , 17.0, 18.0,  1.0,  1.0,  6.0, 0.0, 297.0,    6.0,   2.0,   4.0,     6.0,     2.0, 1.0    ,     0.0,     2.0,     0.0,     0.0,     0.0,    18.0
turgepi01, 1996,     1, MTL , NHL , C  ,  9.0,  1.0,  10.0,  11.0,   2.0, 4.0  ,  0.0,  4.0,  0.0,  0.0,  0.0, 0.0,  22.0,       ,      ,      ,        ,        ,        ,        ,        ,        ,        ,        ,      
turgepi01, 1996,     2, STL , NHL , C  , 69.0, 25.0,  49.0,  74.0,  12.0, 4.0  ,  5.0, 18.0,  0.0,  0.0,  7.0, 1.0, 194.0,    5.0,   1.0,   1.0,     2.0,     2.0, 0.0    ,     1.0,     0.0,     0.0,     0.0,     0.0,     8.0
turgepi01, 1997,     1, STL , NHL , C  , 60.0, 22.0,  46.0,  68.0,  24.0, 13.0 ,  6.0, 17.0,  0.0,  1.0,  4.0, 0.0, 140.0,   10.0,   4.0,   4.0,     8.0,     2.0, -5.0   ,     2.0,     2.0,     0.0,     0.0,     0.0,    27.0
turgepi01, 1998,     1, STL , NHL , C  , 67.0, 31.0,  34.0,  65.0,  36.0, 4.0  , 10.0,  9.0,  0.0,  0.0,  5.0, 2.0, 193.0,   13.0,   4.0,   9.0,    13.0,     6.0, 3.0    ,     0.0,     4.0,     0.0,     0.0,     2.0,    42.0
turgepi01, 1999,     1, STL , NHL , C  , 52.0, 26.0,  40.0,  66.0,   8.0, 30.0 ,  8.0, 16.0,  0.0,  1.0,  3.0, 0.0, 139.0,    7.0,   0.0,   7.0,     7.0,     0.0, -2.0   ,     0.0,     5.0,     0.0,     0.0,     0.0,    11.0
turgepi01, 2000,     1, STL , NHL , C  , 79.0, 30.0,  52.0,  82.0,  37.0, 14.0 , 11.0, 20.0,  0.0,  0.0,  6.0, 1.0, 171.0,   15.0,   5.0,  10.0,    15.0,     2.0, 8.0    ,     1.0,     2.0,     0.0,     0.0,     0.0,    30.0
turgepi01, 2001,     1, DAL , NHL , C  , 66.0, 15.0,  32.0,  47.0,  16.0, -4.0 ,  7.0, 13.0,  0.0,  0.0,  1.0, 1.0, 121.0,       ,      ,      ,        ,        ,        ,        ,        ,        ,        ,        ,      
turgepi01, 2002,     1, DAL , NHL , C  , 65.0, 12.0,  30.0,  42.0,  18.0, 4.0  ,  3.0, 11.0,  0.0,  0.0,  5.0, 1.0,  76.0,    5.0,   0.0,   1.0,     1.0,     0.0, 1.0    ,     0.0,     0.0,     0.0,     0.0,     0.0,     8.0
turgepi01, 2003,     1, DAL , NHL , C  , 76.0, 15.0,  25.0,  40.0,  20.0, 17.0 ,  6.0,  6.0,  0.0,  0.0,  1.0, 1.0, 104.0,    5.0,   1.0,   3.0,     4.0,     2.0, -2.0   ,     0.0,     3.0,     0.0,     0.0,     0.0,     9.0
turgepi01, 2005,     1, COL , NHL , C  , 62.0, 16.0,  30.0,  46.0,  32.0, 1.0  ,  7.0, 13.0,  0.0,  0.0,  1.0,    ,  94.0,    5.0,   0.0,   2.0,     2.0,     6.0, -3.0   ,     0.0,     2.0,     0.0,     0.0,     0.0,     9.0
turgepi01, 2006,     1, COL , NHL , C  , 17.0,  4.0,   3.0,   7.0,  10.0, -1.0 ,  1.0,  2.0,  0.0,  0.0,  0.0,    ,  31.0,       ,      ,      ,        ,        ,        ,        ,        ,        ,        ,        ,      
turgesy01, 1983,     1, HAR , NHL , L  , 76.0, 40.0,  32.0,  72.0,  55.0, -11.0, 18.0,     ,  0.0,     ,  3.0, 3.0, 237.0,       ,      ,      ,        ,        ,        ,        ,        ,        ,        ,        ,      
turgesy01, 1984,     1, HAR , NHL , L  , 64.0, 31.0,  31.0,  62.0,  67.0, -10.0, 11.0,     ,  0.0,     ,  3.0, 1.0, 185.0,       ,      ,      ,        ,        ,        ,        ,        ,        ,        ,        ,      
turgesy01, 1985,     1, HAR , NHL , L  , 76.0, 45.0,  34.0,  79.0,  88.0, 1.0  , 13.0,     ,  0.0,     ,  5.0, 0.0, 249.0,    9.0,   2.0,   3.0,     5.0,     4.0, 2.0    ,     0.0,        ,     0.0,        ,     2.0,    22.0
turgesy01, 1986,     1, HAR , NHL , L  , 41.0, 23.0,  13.0,  36.0,  45.0, -3.0 ,  6.0,     ,  0.0,     ,  4.0, 0.0, 137.0,    6.0,   1.0,   2.0,     3.0,     4.0, -2.0   ,     0.0,        ,     0.0,        ,     0.0,    13.0
turgesy01, 1987,     1, HAR , NHL , L  , 71.0, 23.0,  26.0,  49.0,  71.0, -5.0 , 13.0, 10.0,  0.0,  0.0,  3.0, 0.0, 247.0,    6.0,   0.0,   0.0,     0.0,     4.0, -7.0   ,     0.0,     0.0,     0.0,     0.0,     0.0,     8.0
turgesy01, 1988,     1, HAR , NHL , L  , 42.0, 16.0,  14.0,  30.0,  40.0, -11.0,  7.0,  5.0,  0.0,  0.0,  1.0, 0.0, 122.0,    4.0,   0.0,   2.0,     2.0,     4.0, -2.0   ,     0.0,     0.0,     0.0,     0.0,     0.0,     5.0
turgesy01, 1989,     1, NJD , NHL , R  , 72.0, 30.0,  17.0,  47.0,  81.0, -8.0 ,  7.0,  4.0,  0.0,  0.0,  3.0, 0.0, 218.0,    1.0,   0.0,   0.0,     0.0,     0.0, -1.0   ,     0.0,     0.0,     0.0,     0.0,     0.0,     3.0
turgesy01, 1990,     1, MTL , NHL , L  , 19.0,  5.0,   7.0,  12.0,  20.0, -2.0 ,  1.0,  3.0,  0.0,  0.0,  1.0, 0.0,  41.0,    5.0,   0.0,   0.0,     0.0,     2.0, 0.0    ,     0.0,     0.0,     0.0,     0.0,     0.0,     7.0
turgesy01, 1991,     1, MTL , NHL , L  , 56.0,  9.0,  11.0,  20.0,  39.0, -4.0 ,  6.0,  6.0,  0.0,  0.0,  1.0, 0.0,  99.0,    5.0,   1.0,   0.0,     1.0,     4.0, 0.0    ,     0.0,     0.0,     0.0,     0.0,     0.0,     7.0
turgesy01, 1992,     1, OTT , NHL , L  , 72.0, 25.0,  18.0,  43.0, 104.0, -29.0,  8.0,  9.0,  0.0,  0.0,  2.0, 1.0, 249.0,       ,      ,      ,        ,        ,        ,        ,        ,        ,        ,        ,      
turgesy01, 1993,     1, OTT , NHL , R  , 47.0, 11.0,  15.0,  26.0,  52.0, -25.0,  7.0,  6.0,  0.0,  0.0,  2.0, 2.0, 116.0,       ,      ,      ,        ,        ,        ,        ,        ,        ,        ,        ,      
turgesy01, 1994,     1, OTT , NHL , L  , 33.0, 11.0,   8.0,  19.0,  29.0, -1.0 ,  2.0,  2.0,  0.0,  0.0,  1.0, 0.0,  83.0,       ,      ,      ,        ,        ,        ,        ,        ,        ,        ,        ,      
turkiji01, 1974,     1, TOT , WHA , D  , 78.0,  3.0,  27.0,  30.0,  28.0, 18.0 ,  0.0,     ,  0.0,     ,     ,    , 113.0,    6.0,   0.0,   2.0,     2.0,     0.0,        ,     0.0,        ,     0.0,        ,     0.0,      
turkiji01, 1975,     1, TOT , WHA , D  , 77.0, 10.0,  29.0,  39.0,  55.0, -13.0,  2.0,     ,  0.0,     ,  1.0,    , 111.0,       ,      ,      ,        ,        ,        ,        ,        ,        ,        ,        ,      
turkiji01, 1976,     1, BIR , WHA , D  , 80.0,  6.0,  25.0,  31.0,  54.0, 5.0  ,  0.0,     ,  2.0,     ,     ,    ,  90.0,       ,      ,      ,        ,        ,        ,        ,        ,        ,        ,        ,      
turkiji01, 1977,     1, BIR , WHA , D  , 78.0,  3.0,  21.0,  24.0,  45.0, 10.0 ,  0.0,     ,  0.0,     ,     ,    ,  83.0,    5.0,   1.0,   1.0,     2.0,     0.0, -2.0   ,        ,        ,        ,        ,     0.0,      
turkiji01, 1978,     1, BIR , WHA , D  , 79.0,  3.0,  17.0,  20.0,  52.0, -15.0,  0.0,     ,  0.0,     ,     ,    ,  93.0,       ,      ,      ,        ,        ,        ,        ,        ,        ,        ,        ,      
turligo01, 1959,     1, BOS , NHL , L  ,  2.0,  0.0,   0.0,   0.0,   2.0,      ,     ,     ,     ,     ,     ,    ,      ,       ,      ,      ,        ,        ,        ,        ,        ,        ,        ,        ,      
turnbfr01, 1975,     1, EDO , WHA , G  ,  3.0,  0.0,   0.0,   0.0,   0.0, 0.0  ,  0.0,     ,  0.0,     ,  0.0,    ,   0.0,       ,      ,      ,        ,        ,        ,        ,        ,        ,        ,        ,      
turnbfr01, 1977,     1, EDO , WHA , G  ,  1.0,  0.0,   0.0,   0.0,   0.0, 0.0  ,  0.0,     ,  0.0,     ,     ,    ,   0.0,       ,      ,      ,        ,        ,        ,        ,        ,        ,        ,        ,      
turnbia01, 1973,     1, TOR , NHL , D  , 78.0,  8.0,  27.0,  35.0,  74.0, 12.0 ,  2.0,     ,  0.0,     ,  2.0, 1.0, 231.0,    4.0,   0.0,   0.0,     0.0,     8.0,        ,     0.0,        ,     0.0,        ,     0.0,      
turnbia01, 1974,     1, TOR , NHL , D  , 22.0,  6.0,   7.0,  13.0,  44.0, -6.0 ,  1.0,     ,  0.0,     ,  0.0, 0.0,  69.0,    7.0,   0.0,   2.0,     2.0,     4.0,        ,     0.0,        ,     0.0,        ,     0.0,      
turnbia01, 1975,     1, TOR , NHL , D  , 76.0, 20.0,  36.0,  56.0,  90.0, 24.0 ,  7.0,     ,  1.0,     ,  3.0, 2.0, 262.0,   10.0,   2.0,   9.0,    11.0,    29.0,        ,     1.0,        ,     0.0,        ,     0.0,      
turnbia01, 1976,     1, TOR , NHL , D  , 80.0, 22.0,  57.0,  79.0,  84.0, 47.0 ,  4.0,     ,  2.0,     ,  0.0, 0.0, 316.0,    9.0,   4.0,   4.0,     8.0,    10.0,        ,     4.0,        ,     0.0,        ,     0.0,      
turnbia01, 1977,     1, TOR , NHL , D  , 77.0, 14.0,  47.0,  61.0,  77.0, 6.0  ,  3.0,     ,  1.0,     ,  3.0, 1.0, 241.0,   13.0,   6.0,  10.0,    16.0,    10.0,        ,     1.0,        ,     0.0,        ,     0.0,      
turnbia01, 1978,     1, TOR , NHL , D  , 80.0, 12.0,  51.0,  63.0,  80.0, -7.0 ,  4.0,     ,  0.0,     ,  0.0, 0.0, 239.0,    6.0,   0.0,   4.0,     4.0,    27.0,        ,     0.0,        ,     0.0,        ,     0.0,      
turnbia01, 1979,     1, TOR , NHL , D  , 75.0, 11.0,  28.0,  39.0,  90.0, -23.0,  3.0,     ,  0.0,     ,  0.0, 1.0, 202.0,    3.0,   0.0,   3.0,     3.0,     2.0,        ,     0.0,        ,     0.0,        ,     0.0,      
turnbia01, 1980,     1, TOR , NHL , D  , 80.0, 19.0,  47.0,  66.0, 104.0, -17.0,  8.0,     ,  0.0,     ,  1.0, 2.0, 262.0,    3.0,   1.0,   0.0,     1.0,     4.0,        ,     0.0,        ,     0.0,        ,     0.0,      
turnbia01, 1981,     1, TOR , NHL , D  , 12.0,  0.0,   2.0,   2.0,   8.0, -4.0 ,  0.0,     ,  0.0,     ,  0.0, 0.0,  26.0,       ,      ,      ,        ,        ,        ,        ,        ,        ,        ,        ,      
turnbia01, 1981,     2, LAK , NHL , D  , 42.0, 11.0,  15.0,  26.0,  81.0, 0.0  ,  1.0,     ,  0.0,     ,  1.0, 0.0, 120.0,       ,      ,      ,        ,        ,        ,        ,        ,        ,        ,        ,      
turnbia01, 1982,     1, PIT , NHL , D  ,  6.0,  0.0,   0.0,   0.0,   4.0, -3.0 ,  0.0,     ,  0.0,     ,  0.0, 0.0,   6.0,       ,      ,      ,        ,        ,        ,        ,        ,        ,        ,        ,      
turnbpe01, 1979,     1, STL , NHL , C  , 80.0, 16.0,  19.0,  35.0, 124.0, -11.0,  3.0,     ,  0.0,     ,  1.0, 0.0, 139.0,    3.0,   1.0,   1.0,     2.0,     2.0,        ,     1.0,        ,     0.0,        ,     0.0,      
turnbpe01, 1980,     1, STL , NHL , L  , 75.0, 34.0,  22.0,  56.0, 209.0, 15.0 ,  5.0,     ,  0.0,     ,  5.0, 2.0, 209.0,       ,      ,      ,        ,        ,        ,        ,        ,        ,        ,        ,      
turnbpe01, 1981,     1, STL , NHL , L  , 79.0, 33.0,  26.0,  59.0, 161.0, -15.0,  2.0,     ,  0.0,     ,  2.0, 0.0, 215.0,    5.0,   3.0,   2.0,     5.0,    11.0,        ,     1.0,        ,     0.0,        ,     0.0,      
turnbpe01, 1982,     1, STL , NHL , L  , 79.0, 32.0,  15.0,  47.0, 172.0, -20.0,  6.0,     ,  0.0,     ,  1.0, 2.0, 205.0,    4.0,   1.0,   0.0,     1.0,    14.0,        ,     0.0,        ,     0.0,        ,     0.0,      
turnbpe01, 1983,     1, STL , NHL , L  , 32.0, 14.0,   8.0,  22.0,  81.0, -2.0 ,  1.0,     ,  0.0,     ,  0.0, 1.0,  84.0,       ,      ,      ,        ,        ,        ,        ,        ,        ,        ,        ,      
turnbpe01, 1983,     2, MTL , NHL , C/L, 40.0,  6.0,   7.0,  13.0,  59.0, -12.0,  2.0,     ,  0.0,     ,  1.0, 0.0,  67.0,    9.0,   1.0,   2.0,     3.0,    10.0, 1.0    ,     0.0,        ,     0.0,        ,     0.0,    13.0
turnbpe01, 1984,     1, WIN , NHL , L  , 66.0, 22.0,  21.0,  43.0, 130.0, 9.0  ,  2.0,     ,  0.0,     ,  1.0, 0.0, 138.0,    8.0,   0.0,   1.0,     1.0,    26.0, -7.0   ,     0.0,        ,     0.0,        ,     0.0,    10.0
turnbpe01, 1985,     1, WIN , NHL , L  , 80.0, 20.0,  31.0,  51.0, 183.0, -18.0,  6.0,     ,  0.0,     ,  2.0, 0.0, 168.0,    3.0,   0.0,   1.0,     1.0,    11.0, -5.0   ,     0.0,        ,     0.0,        ,     0.0,     4.0
turnbpe01, 1986,     1, WIN , NHL , L  , 26.0,  1.0,   5.0,   6.0,  44.0, -2.0 ,  0.0,     ,  0.0,     ,  0.0, 0.0,  29.0,    1.0,   0.0,   0.0,     0.0,    10.0, -2.0   ,     0.0,        ,     0.0,        ,     0.0,     1.0
turnbpe01, 1987,     1, STL , NHL , L  , 51.0, 10.0,   9.0,  19.0,  82.0, 8.0  ,  0.0,  0.0,  0.0,  0.0,  2.0, 0.0,  62.0,    1.0,   0.0,   0.0,     0.0,     2.0, 0.0    ,     0.0,     0.0,     0.0,     0.0,     0.0,     0.0
turnbra01, 1981,     1, CAL , NHL , D  ,  1.0,  0.0,   0.0,   0.0,   2.0, -1.0 ,  0.0,     ,  0.0,     ,  0.0, 0.0,   0.0,       ,      ,      ,        ,        ,        ,        ,        ,        ,        ,        ,      
turnebo01, 1955,     1, MTL , NHL , D  , 33.0,  1.0,   4.0,   5.0,  35.0,      ,     ,     ,     ,     ,     ,    ,      ,   10.0,   0.0,   1.0,     1.0,    10.0,        ,        ,        ,        ,        ,        ,      
turnebo01, 1956,     1, MTL , NHL , D  , 58.0,  1.0,   4.0,   5.0,  48.0,      ,     ,     ,     ,     ,     ,    ,      ,    6.0,   0.0,   1.0,     1.0,     0.0,        ,        ,        ,        ,        ,        ,      
turnebo01, 1957,     1, MTL , NHL , D  , 66.0,  0.0,   3.0,   3.0,  30.0,      ,     ,     ,     ,     ,     ,    ,      ,   10.0,   0.0,   0.0,     0.0,     2.0,        ,        ,        ,        ,        ,        ,      
turnebo01, 1958,     1, MTL , NHL , D  , 68.0,  4.0,  24.0,  28.0,  66.0,      ,     ,     ,     ,     ,     ,    ,      ,   11.0,   0.0,   2.0,     2.0,    20.0,        ,        ,        ,        ,        ,        ,      
turnebo01, 1959,     1, MTL , NHL , D  , 54.0,  0.0,   9.0,   9.0,  40.0,      ,     ,     ,     ,     ,     ,    ,      ,    8.0,   0.0,   0.0,     0.0,     0.0,        ,        ,        ,        ,        ,        ,      
turnebo01, 1960,     1, MTL , NHL , D  , 60.0,  2.0,   2.0,   4.0,  16.0,      ,     ,     ,     ,     ,     ,    ,      ,    5.0,   0.0,   0.0,     0.0,     0.0,        ,        ,        ,        ,        ,     0.0,      
turnebo01, 1961,     1, CHI , NHL , D  , 69.0,  8.0,   2.0,  10.0,  52.0,      ,     ,     ,     ,     ,     ,    ,      ,   12.0,   1.0,   0.0,     1.0,     6.0,        ,        ,        ,        ,        ,     0.0,      
turnebo01, 1962,     1, CHI , NHL , D  , 70.0,  3.0,   3.0,   6.0,  20.0,      ,     ,     ,     ,     ,     ,    ,      ,    6.0,   0.0,   0.0,     0.0,     6.0,        ,        ,        ,        ,        ,     0.0,      
turnebr01, 1991,     1, NYI , NHL , D  ,  3.0,  0.0,   0.0,   0.0,   0.0, 1.0  ,  0.0,  0.0,  0.0,  0.0,  0.0, 0.0,   1.0,       ,      ,      ,        ,        ,        ,        ,        ,        ,        ,        ,      
turnede01, 1978,     1, NYR , NHL , D  ,  1.0,  0.0,   0.0,   0.0,   0.0, -1.0 ,  0.0,     ,  0.0,     ,  0.0, 0.0,   0.0,       ,      ,      ,        ,        ,        ,        ,        ,        ,        ,        ,      
turnede01, 1979,     1, COR , NHL , D  , 27.0,  1.0,   0.0,   1.0,  51.0, 0.0  ,  0.0,     ,  0.0,     ,  0.0, 0.0,  24.0,       ,      ,      ,        ,        ,        ,        ,        ,        ,        ,        ,      
turnede01, 1980,     1, COR , NHL , D  ,  4.0,  0.0,   0.0,   0.0,   4.0, -4.0 ,  0.0,     ,  0.0,     ,  0.0, 0.0,   0.0,       ,      ,      ,        ,        ,        ,        ,        ,        ,        ,        ,      
turnede01, 1982,     1, LAK , NHL , D  ,  3.0,  0.0,   0.0,   0.0,   4.0, 0.0  ,  0.0,     ,  0.0,     ,  0.0, 0.0,   1.0,       ,      ,      ,        ,        ,        ,        ,        ,        ,        ,        ,      
turnejo01, 1941,     1, DET , NHL , G  ,  1.0,  0.0,   0.0,   0.0,   0.0,      ,     ,     ,     ,     ,     ,    ,      ,       ,      ,      ,        ,        ,        ,        ,        ,        ,        ,        ,      
turriky01, 2007,     1, PHO , NHL , C  ,  3.0,  0.0,   1.0,   1.0,   2.0, -5.0 ,  0.0,  1.0,  0.0,  0.0,  0.0,    ,  11.0,       ,      ,      ,        ,        ,        ,        ,        ,        ,        ,        ,      
turriky01, 2008,     1, PHO , NHL , C  , 63.0,  8.0,  12.0,  20.0,  21.0, -15.0,  3.0,  8.0,  0.0,  0.0,  3.0,    ,  91.0,       ,      ,      ,        ,        ,        ,        ,        ,        ,        ,        ,      
tustino01, 1941,     1, NYR , NHL , L  , 18.0,  2.0,   4.0,   6.0,   0.0,      ,     ,     ,     ,     ,     ,    ,      ,       ,      ,      ,        ,        ,        ,        ,        ,        ,        ,        ,      
tutenau01, 1941,     1, CHI , NHL , D  ,  5.0,  1.0,   1.0,   2.0,  10.0,      ,     ,     ,     ,     ,     ,    ,      ,       ,      ,      ,        ,        ,        ,        ,        ,        ,        ,        ,      
tutenau01, 1942,     1, CHI , NHL , D  , 34.0,  3.0,   7.0,  10.0,  38.0,      ,     ,     ,     ,     ,     ,    ,      ,       ,      ,      ,        ,        ,        ,        ,        ,        ,        ,        ,      
tuttbr01 , 1989,     1, WAS , NHL , D  ,  7.0,  1.0,   0.0,   1.0,   2.0, -4.0 ,  0.0,  0.0,  0.0,  0.0,  0.0, 0.0,   5.0,       ,      ,      ,        ,        ,        ,        ,        ,        ,        ,        ,      
tuttlst01, 1988,     1, STL , NHL , R  , 53.0, 13.0,  12.0,  25.0,   6.0, 3.0  ,  0.0,  0.0,  1.0,  1.0,  3.0, 0.0,  82.0,    6.0,   1.0,   2.0,     3.0,     0.0, 4.0    ,     0.0,     0.0,     0.0,     0.0,     0.0,     4.0
tuttlst01, 1989,     1, STL , NHL , C  , 71.0, 12.0,  10.0,  22.0,   4.0, -6.0 ,  1.0,  1.0,  1.0,  1.0,  1.0, 0.0,  92.0,    5.0,   0.0,   1.0,     1.0,     2.0, -1.0   ,     0.0,     0.0,     0.0,     0.0,     0.0,     5.0
tuttlst01, 1990,     1, STL , NHL , R  , 20.0,  3.0,   6.0,   9.0,   2.0, 2.0  ,  0.0,  1.0,  0.0,  0.0,  0.0, 0.0,  16.0,    6.0,   0.0,   3.0,     3.0,     0.0, -3.0   ,     0.0,     2.0,     0.0,     0.0,     0.0,     5.0
tuzzoto01, 1997,     1, ANA , NHL , R  ,  1.0,  0.0,   0.0,   0.0,   2.0, -2.0 ,  0.0,  0.0,  0.0,  0.0,  0.0, 0.0,   0.0,       ,      ,      ,        ,        ,        ,        ,        ,        ,        ,        ,      
tuzzoto01, 2000,     1, NYR , NHL , R  ,  6.0,  0.0,   0.0,   0.0,   5.0, -1.0 ,  0.0,  0.0,  0.0,  0.0,  0.0, 0.0,   3.0,       ,      ,      ,        ,        ,        ,        ,        ,        ,        ,        ,      
tuzzoto01, 2001,     1, BOS , NHL , C  ,  2.0,  0.0,   0.0,   0.0,   0.0, -1.0 ,  0.0,  0.0,  0.0,  0.0,  0.0, 0.0,   1.0,       ,      ,      ,        ,        ,        ,        ,        ,        ,        ,        ,      
tverdol01, 1994,     1, ANA , NHL , D  , 36.0,  3.0,   9.0,  12.0,  14.0, -6.0 ,  1.0,  2.0,  1.0,  0.0,  0.0, 0.0,  26.0,       ,      ,      ,        ,        ,        ,        ,        ,        ,        ,        ,      
tverdol01, 1995,     1, ANA , NHL , D  , 51.0,  7.0,  15.0,  22.0,  35.0, 0.0  ,  2.0,  2.0,  0.0,  0.0,  0.0, 0.0,  84.0,       ,      ,      ,        ,        ,        ,        ,        ,        ,        ,        ,      
tverdol01, 1995,     2, WIN , NHL , D  , 31.0,  0.0,   8.0,   8.0,   6.0, -7.0 ,  0.0,  4.0,  0.0,  0.0,  0.0, 0.0,  35.0,    6.0,   0.0,   1.0,     1.0,     0.0, -2.0   ,     0.0,     0.0,     0.0,     0.0,     0.0,     8.0
tverdol01, 1996,     1, PHO , NHL , D  , 82.0, 10.0,  45.0,  55.0,  30.0, -5.0 ,  3.0, 27.0,  1.0,  0.0,  2.0, 0.0, 144.0,    7.0,   0.0,   1.0,     1.0,     0.0, 0.0    ,     0.0,     0.0,     0.0,     0.0,     0.0,    10.0
tverdol01, 1997,     1, PHO , NHL , D  , 46.0,  7.0,  12.0,  19.0,  12.0, 1.0  ,  4.0,  7.0,  0.0,  0.0,  1.0, 1.0,  83.0,    6.0,   0.0,   7.0,     7.0,     0.0, -2.0   ,     0.0,     4.0,     0.0,     0.0,     0.0,     7.0
tverdol01, 1998,     1, PHO , NHL , D  , 82.0,  7.0,  18.0,  25.0,  32.0, 11.0 ,  2.0,  4.0,  0.0,  0.0,  2.0, 0.0, 117.0,    6.0,   0.0,   2.0,     2.0,     6.0, 3.0    ,     0.0,     1.0,     0.0,     0.0,     0.0,     6.0
tverdol01, 1999,     1, ANA , NHL , D  , 82.0, 15.0,  36.0,  51.0,  30.0, 5.0  ,  5.0, 14.0,  0.0,  1.0,  5.0, 0.0, 153.0,       ,      ,      ,        ,        ,        ,        ,        ,        ,        ,        ,      
tverdol01, 2000,     1, ANA , NHL , D  , 82.0, 14.0,  39.0,  53.0,  32.0, -11.0,  8.0, 28.0,  0.0,  0.0,  3.0, 2.0, 188.0,       ,      ,      ,        ,        ,        ,        ,        ,        ,        ,        ,      
tverdol01, 2001,     1, ANA , NHL , D  , 73.0,  6.0,  26.0,  32.0,  31.0, 0.0  ,  2.0, 14.0,  0.0,  0.0,  1.0, 0.0, 147.0,       ,      ,      ,        ,        ,        ,        ,        ,        ,        ,        ,      
tverdol01, 2002,     1, NJD , NHL , D  , 50.0,  5.0,   8.0,  13.0,  22.0, 2.0  ,  2.0,  2.0,  0.0,  0.0,  1.0, 0.0,  76.0,   15.0,   0.0,   3.0,     3.0,     0.0, -4.0   ,     0.0,     2.0,     0.0,     0.0,     0.0,     5.0
tverdol01, 2005,     1, CAR , NHL , D  , 72.0,  3.0,  20.0,  23.0,  37.0, -1.0 ,  0.0, 12.0,  0.0,  0.0,  0.0,    ,  91.0,    5.0,   0.0,   0.0,     0.0,     0.0, -1.0   ,     0.0,     0.0,     0.0,     0.0,     0.0,     2.0
tverdol01, 2006,     1, LAK , NHL , D  , 26.0,  0.0,   4.0,   4.0,  10.0, -10.0,  0.0,  2.0,  0.0,  0.0,  0.0,    ,  26.0,       ,      ,      ,        ,        ,        ,        ,        ,        ,        ,        ,      
tvrdoro01, 2003,     1, WAS , NHL , R  ,  9.0,  0.0,   1.0,   1.0,   2.0, -3.0 ,  0.0,  0.0,  0.0,  0.0,  0.0, 0.0,   7.0,       ,      ,      ,        ,        ,        ,        ,        ,        ,        ,        ,      
twistto01, 1989,     1, STL , NHL , D  , 28.0,  0.0,   0.0,   0.0, 124.0, -2.0 ,  0.0,  0.0,  0.0,  0.0,  0.0, 0.0,   2.0,       ,      ,      ,        ,        ,        ,        ,        ,        ,        ,        ,      
twistto01, 1990,     1, QUE , NHL , D  , 24.0,  0.0,   0.0,   0.0, 104.0, -4.0 ,  0.0,  0.0,  0.0,  0.0,  0.0, 0.0,   2.0,       ,      ,      ,        ,        ,        ,        ,        ,        ,        ,        ,      
twistto01, 1991,     1, QUE , NHL , D  , 44.0,  0.0,   1.0,   1.0, 164.0, -3.0 ,  0.0,  0.0,  0.0,  0.0,  0.0, 0.0,   9.0,       ,      ,      ,        ,        ,        ,        ,        ,        ,        ,        ,      
twistto01, 1992,     1, QUE , NHL , L  , 34.0,  0.0,   2.0,   2.0,  64.0, 0.0  ,  0.0,  0.0,  0.0,  0.0,  0.0, 0.0,  14.0,       ,      ,      ,        ,        ,        ,        ,        ,        ,        ,        ,      
twistto01, 1993,     1, QUE , NHL , L  , 49.0,  0.0,   4.0,   4.0, 101.0, -1.0 ,  0.0,  0.0,  0.0,  0.0,  0.0, 0.0,  15.0,       ,      ,      ,        ,        ,        ,        ,        ,        ,        ,        ,      
twistto01, 1994,     1, STL , NHL , L  , 28.0,  3.0,   0.0,   3.0,  89.0, 0.0  ,  0.0,  0.0,  0.0,  0.0,  1.0, 0.0,   8.0,    1.0,   0.0,   0.0,     0.0,     6.0, 0.0    ,     0.0,     0.0,     0.0,     0.0,     0.0,     1.0
twistto01, 1995,     1, STL , NHL , L  , 51.0,  3.0,   2.0,   5.0, 100.0, -1.0 ,  0.0,  0.0,  0.0,  0.0,  1.0, 0.0,  12.0,   10.0,   1.0,   1.0,     2.0,    16.0, 0.0    ,     0.0,     0.0,     0.0,     0.0,     0.0,     1.0
twistto01, 1996,     1, STL , NHL , L  , 64.0,  1.0,   2.0,   3.0, 121.0, -8.0 ,  0.0,  0.0,  0.0,  0.0,  0.0, 0.0,  21.0,    6.0,   0.0,   0.0,     0.0,     0.0, 0.0    ,     0.0,     0.0,     0.0,     0.0,     0.0,     0.0
twistto01, 1997,     1, STL , NHL , L  , 60.0,  1.0,   1.0,   2.0, 105.0, -4.0 ,  0.0,  0.0,  0.0,  0.0,  0.0, 0.0,  17.0,       ,      ,      ,        ,        ,        ,        ,        ,        ,        ,        ,      
twistto01, 1998,     1, STL , NHL , L  , 63.0,  2.0,   6.0,   8.0, 149.0, 0.0  ,  0.0,  0.0,  0.0,  0.0,  0.0, 0.0,  23.0,    1.0,   0.0,   0.0,     0.0,     0.0, -1.0   ,     0.0,     0.0,     0.0,     0.0,     0.0,     0.0
tyutife01, 2003,     1, NYR , NHL , D  , 25.0,  2.0,   5.0,   7.0,  14.0, -4.0 ,  0.0,  1.0,  1.0,  0.0,  0.0, 0.0,  33.0,       ,      ,      ,        ,        ,        ,        ,        ,        ,        ,        ,      
tyutife01, 2005,     1, NYR , NHL , D  , 77.0,  6.0,  19.0,  25.0,  58.0, 1.0  ,  4.0,  8.0,  0.0,  1.0,  2.0,    , 102.0,    4.0,   0.0,   1.0,     1.0,     0.0, -1.0   ,     0.0,     1.0,     0.0,     0.0,     0.0,     7.0
tyutife01, 2006,     1, NYR , NHL , D  , 66.0,  2.0,  12.0,  14.0,  44.0, -8.0 ,  1.0,  1.0,  1.0,  1.0,  0.0,    ,  75.0,   10.0,   0.0,   5.0,     5.0,     8.0, -3.0   ,     0.0,     0.0,     0.0,     0.0,     0.0,     9.0
tyutife01, 2007,     1, NYR , NHL , D  , 82.0,  5.0,  15.0,  20.0,  43.0, 5.0  ,  1.0,  5.0,  0.0,  1.0,  0.0,    , 131.0,   10.0,   0.0,   3.0,     3.0,     4.0, -1.0   ,     0.0,     0.0,     0.0,     0.0,     0.0,     9.0
tyutife01, 2008,     1, CBS , NHL , D  , 82.0,  9.0,  25.0,  34.0,  81.0, 1.0  ,  5.0, 12.0,  1.0,  0.0,  0.0,    , 167.0,    4.0,   0.0,   0.0,     0.0,     0.0, 0.0    ,     0.0,     0.0,     0.0,     0.0,     0.0,     3.0
tyutife01, 2009,     1, CBS , NHL , D  , 80.0,  6.0,  26.0,  32.0,  49.0, -7.0 ,  3.0, 15.0,  0.0,  0.0,  2.0,    , 149.0,       ,      ,      ,        ,        ,        ,        ,        ,        ,        ,        ,      
tyznyse01, 1978,     1, SOV , WHA ,    ,  6.0,  0.0,   2.0,   2.0,   8.0,      ,     ,     ,     ,     ,     ,    ,      ,       ,      ,      ,        ,        ,        ,        ,        ,        ,        ,        ,      
ubriage01, 1967,     1, PIT , NHL , C  , 65.0, 18.0,  15.0,  33.0,  16.0, -13.0,  3.0,     ,  0.0,     ,  3.0, 0.0, 119.0,       ,      ,      ,        ,        ,        ,        ,        ,        ,        ,        ,      
ubriage01, 1968,     1, PIT , NHL , L  , 49.0, 15.0,  11.0,  26.0,  14.0, 0.0  ,  4.0,     ,  0.0,     ,  2.0, 1.0, 100.0,       ,      ,      ,        ,        ,        ,        ,        ,        ,        ,        ,      
ubriage01, 1968,     2, OAK , NHL , L  , 26.0,  4.0,   7.0,  11.0,  14.0, -5.0 ,  1.0,     ,  0.0,     ,  0.0, 0.0,  39.0,    7.0,   2.0,   0.0,     2.0,     2.0,        ,     0.0,        ,     0.0,        ,     0.0,      
ubriage01, 1969,     1, OAK , NHL , L  , 16.0,  1.0,   1.0,   2.0,   4.0, -1.0 ,  0.0,     ,  0.0,     ,  0.0, 0.0,  13.0,       ,      ,      ,        ,        ,        ,        ,        ,        ,        ,        ,      
ubriage01, 1969,     2, CHI , NHL , L  , 21.0,  1.0,   1.0,   2.0,   2.0, -1.0 ,  0.0,     ,  0.0,     ,  0.0, 0.0,   7.0,    4.0,   0.0,   0.0,     0.0,     2.0,        ,     0.0,        ,     0.0,        ,     0.0,      
uksilch01, 1915,     1, PO1 , PCHA, R  ,  8.0,  3.0,   0.0,   3.0,   3.0,      ,     ,     ,     ,     ,     ,    ,      ,       ,      ,      ,        ,        ,        ,        ,        ,        ,        ,        ,      
uksilch01, 1917,     1, PO1 , PCHA, L  , 10.0,  0.0,   0.0,   0.0,   0.0,      ,     ,     ,     ,     ,     ,    ,      ,       ,      ,      ,        ,        ,        ,        ,        ,        ,        ,        ,      
uksilch01, 1918,     1, VML , PCHA, R  , 10.0,  0.0,   0.0,   0.0,   0.0,      ,     ,     ,     ,     ,     ,    ,      ,       ,      ,      ,        ,        ,        ,        ,        ,        ,        ,        ,      
ulanoig01, 1991,     1, WIN , NHL , D  , 27.0,  2.0,   9.0,  11.0,  67.0, 5.0  ,  0.0,  0.0,  0.0,  0.0,  0.0, 0.0,  23.0,    7.0,   0.0,   0.0,     0.0,    39.0, -4.0   ,     0.0,     0.0,     0.0,     0.0,     0.0,    11.0
ulanoig01, 1992,     1, WIN , NHL , D  , 56.0,  2.0,  14.0,  16.0, 124.0, 6.0  ,  0.0,  0.0,  0.0,  1.0,  0.0, 0.0,  26.0,    4.0,   0.0,   0.0,     0.0,     4.0, -1.0   ,     0.0,     0.0,     0.0,     0.0,     0.0,     1.0
ulanoig01, 1993,     1, WIN , NHL , D  , 74.0,  0.0,  17.0,  17.0, 165.0, -11.0,  0.0,  1.0,  0.0,  2.0,  0.0, 0.0,  46.0,       ,      ,      ,        ,        ,        ,        ,        ,        ,        ,        ,      
ulanoig01, 1994,     1, WIN , NHL , D  , 19.0,  1.0,   3.0,   4.0,  27.0, -2.0 ,  0.0,  0.0,  0.0,  0.0,  0.0, 0.0,  13.0,       ,      ,      ,        ,        ,        ,        ,        ,        ,        ,        ,      
ulanoig01, 1994,     2, WAS , NHL , D  ,  3.0,  0.0,   1.0,   1.0,   2.0, 3.0  ,  0.0,  0.0,  0.0,  0.0,  0.0, 0.0,   0.0,    2.0,   0.0,   0.0,     0.0,     4.0, 0.0    ,     0.0,     0.0,     0.0,     0.0,     0.0,     1.0
ulanoig01, 1995,     1, CHI , NHL , D  , 53.0,  1.0,   8.0,   9.0,  92.0, 12.0 ,  0.0,  0.0,  0.0,  0.0,  0.0, 0.0,  24.0,       ,      ,      ,        ,        ,        ,        ,        ,        ,        ,        ,      
ulanoig01, 1995,     2, TBL , NHL , D  , 11.0,  2.0,   1.0,   3.0,  24.0, -1.0 ,  0.0,  0.0,  0.0,  0.0,  1.0, 0.0,  13.0,    5.0,   0.0,   0.0,     0.0,    15.0, -1.0   ,     0.0,     0.0,     0.0,     0.0,     0.0,     2.0
ulanoig01, 1996,     1, TBL , NHL , D  , 59.0,  1.0,   7.0,   8.0, 108.0, 2.0  ,  0.0,  1.0,  0.0,  0.0,  0.0, 1.0,  56.0,       ,      ,      ,        ,        ,        ,        ,        ,        ,        ,        ,      
ulanoig01, 1997,     1, TBL , NHL , D  , 45.0,  2.0,   7.0,   9.0,  85.0, -5.0 ,  1.0,  0.0,  0.0,  0.0,  0.0, 0.0,  32.0,       ,      ,      ,        ,        ,        ,        ,        ,        ,        ,        ,      
ulanoig01, 1997,     2, MTL , NHL , D  ,  4.0,  0.0,   1.0,   1.0,  12.0, -2.0 ,  0.0,  0.0,  0.0,  0.0,  0.0, 0.0,   4.0,   10.0,   1.0,   4.0,     5.0,    12.0, 3.0    ,     0.0,     1.0,     0.0,     0.0,     0.0,     6.0
ulanoig01, 1998,     1, MTL , NHL , D  , 76.0,  3.0,   9.0,  12.0, 109.0, -3.0 ,  0.0,  1.0,  0.0,  0.0,  0.0, 0.0,  55.0,       ,      ,      ,        ,        ,        ,        ,        ,        ,        ,        ,      
ulanoig01, 1999,     1, MTL , NHL , D  , 43.0,  1.0,   5.0,   6.0,  76.0, -11.0,  0.0,  0.0,  0.0,  0.0,  0.0, 0.0,  33.0,       ,      ,      ,        ,        ,        ,        ,        ,        ,        ,        ,      
ulanoig01, 1999,     2, EDM , NHL , D  , 14.0,  0.0,   3.0,   3.0,  10.0, -3.0 ,  0.0,  2.0,  0.0,  0.0,  0.0, 0.0,   6.0,    5.0,   0.0,   0.0,     0.0,     6.0, -1.0   ,     0.0,     0.0,     0.0,     0.0,     0.0,     4.0
ulanoig01, 2000,     1, EDM , NHL , D  , 67.0,  3.0,  20.0,  23.0,  90.0, 15.0 ,  1.0,  6.0,  0.0,  3.0,  0.0, 1.0,  74.0,    6.0,   0.0,   0.0,     0.0,     4.0, -6.0   ,     0.0,     0.0,     0.0,     0.0,     0.0,     4.0
ulanoig01, 2001,     1, NYR , NHL , D  , 39.0,  0.0,   6.0,   6.0,  53.0, -4.0 ,  0.0,  0.0,  0.0,  1.0,  0.0, 0.0,  17.0,       ,      ,      ,        ,        ,        ,        ,        ,        ,        ,        ,      
ulanoig01, 2001,     2, FLO , NHL , D  , 14.0,  0.0,   4.0,   4.0,  11.0, -3.0 ,  0.0,  0.0,  0.0,  0.0,  0.0, 0.0,   9.0,       ,      ,      ,        ,        ,        ,        ,        ,        ,        ,        ,      
ulanoig01, 2002,     1, FLO , NHL , D  , 56.0,  1.0,   1.0,   2.0,  39.0, 7.0  ,  0.0,  0.0,  0.0,  0.0,  0.0, 0.0,  20.0,       ,      ,      ,        ,        ,        ,        ,        ,        ,        ,        ,      
ulanoig01, 2003,     1, EDM , NHL , D  , 42.0,  5.0,  13.0,  18.0,  28.0, 19.0 ,  1.0,  3.0,  0.0,  0.0,  3.0, 0.0,  49.0,       ,      ,      ,        ,        ,        ,        ,        ,        ,        ,        ,      
ulanoig01, 2005,     1, EDM , NHL , D  , 37.0,  3.0,   6.0,   9.0,  29.0, -11.0,  1.0,  2.0,  0.0,  2.0,  0.0,    ,  29.0,       ,      ,      ,        ,        ,        ,        ,        ,        ,        ,        ,      
ullmano01, 1955,     1, DET , NHL , C  , 66.0,  9.0,   9.0,  18.0,  26.0,      ,     ,     ,     ,     ,     ,    ,      ,   10.0,   1.0,   3.0,     4.0,    13.0,        ,        ,        ,        ,        ,        ,      
ullmano01, 1956,     1, DET , NHL , C  , 64.0, 16.0,  36.0,  52.0,  47.0,      ,     ,     ,     ,     ,     ,    ,      ,    5.0,   1.0,   1.0,     2.0,     6.0,        ,        ,        ,        ,        ,        ,      
ullmano01, 1957,     1, DET , NHL , C  , 69.0, 23.0,  28.0,  51.0,  38.0,      ,     ,     ,     ,     ,     ,    ,      ,    4.0,   0.0,   2.0,     2.0,     4.0,        ,        ,        ,        ,        ,        ,      
ullmano01, 1958,     1, DET , NHL , C  , 69.0, 22.0,  36.0,  58.0,  42.0,      ,     ,     ,     ,     ,     ,    ,      ,       ,      ,      ,        ,        ,        ,        ,        ,        ,        ,        ,      
ullmano01, 1959,     1, DET , NHL , C  , 70.0, 24.0,  34.0,  58.0,  46.0,      ,     ,     ,     ,     ,     ,    ,      ,    6.0,   2.0,   2.0,     4.0,     0.0,        ,        ,        ,        ,        ,        ,      
ullmano01, 1960,     1, DET , NHL , C  , 70.0, 28.0,  42.0,  70.0,  34.0,      ,     ,     ,     ,     ,     ,    ,      ,   11.0,   0.0,   4.0,     4.0,     4.0,        ,        ,        ,        ,        ,     0.0,      
ullmano01, 1961,     1, DET , NHL , C  , 70.0, 26.0,  38.0,  64.0,  54.0,      ,     ,     ,     ,     ,     ,    ,      ,       ,      ,      ,        ,        ,        ,        ,        ,        ,        ,        ,      
ullmano01, 1962,     1, DET , NHL , C  , 70.0, 26.0,  30.0,  56.0,  53.0,      ,     ,     ,     ,     ,     ,    ,      ,   11.0,   4.0,  12.0,    16.0,    14.0,        ,        ,        ,        ,        ,     0.0,      
ullmano01, 1963,     1, DET , NHL , C  , 61.0, 21.0,  30.0,  51.0,  55.0,      ,  3.0,     ,  1.0,     ,  5.0, 1.0,      ,   14.0,   7.0,  10.0,    17.0,     6.0,        ,        ,        ,        ,        ,     1.0,      
ullmano01, 1964,     1, DET , NHL , C  , 70.0, 42.0,  41.0,  83.0,  70.0,      ,  9.0,     ,  1.0,     , 10.0, 2.0,      ,    7.0,   6.0,   4.0,    10.0,     2.0,        ,        ,        ,        ,        ,     2.0,      
ullmano01, 1965,     1, DET , NHL , C  , 70.0, 31.0,  41.0,  72.0,  35.0,      ,  7.0,     ,  0.0,     ,  2.0, 1.0,      ,   12.0,   6.0,   9.0,    15.0,    12.0,        ,        ,        ,        ,        ,     0.0,      
ullmano01, 1966,     1, DET , NHL , C  , 68.0, 26.0,  44.0,  70.0,  26.0,      ,  5.0,     ,  1.0,     ,  3.0, 1.0,      ,       ,      ,      ,        ,        ,        ,        ,        ,        ,        ,        ,      
ullmano01, 1967,     1, DET , NHL , C  , 58.0, 30.0,  25.0,  55.0,  26.0, -13.0,  7.0,     ,  0.0,     ,  4.0, 2.0, 189.0,       ,      ,      ,        ,        ,        ,        ,        ,        ,        ,        ,      
ullmano01, 1967,     2, TOR , NHL , C  , 13.0,  5.0,  12.0,  17.0,   2.0, 12.0 ,  1.0,     ,  0.0,     ,  0.0, 0.0,  39.0,       ,      ,      ,        ,        ,        ,        ,        ,        ,        ,        ,      
ullmano01, 1968,     1, TOR , NHL , C  , 75.0, 35.0,  42.0,  77.0,  41.0, 19.0 , 13.0,     ,  0.0,     ,  2.0, 1.0, 247.0,    4.0,   1.0,   0.0,     1.0,     0.0,        ,     0.0,        ,     0.0,        ,     0.0,      
ullmano01, 1969,     1, TOR , NHL , C  , 74.0, 18.0,  42.0,  60.0,  37.0, 20.0 ,  5.0,     ,  1.0,     ,  0.0, 1.0, 207.0,       ,      ,      ,        ,        ,        ,        ,        ,        ,        ,        ,      
ullmano01, 1970,     1, TOR , NHL , C  , 73.0, 34.0,  51.0,  85.0,  24.0, 14.0 , 11.0,     ,  1.0,     ,  4.0, 0.0, 226.0,    6.0,   0.0,   2.0,     2.0,     2.0,        ,     0.0,        ,     0.0,        ,     0.0,      
ullmano01, 1971,     1, TOR , NHL , C  , 77.0, 23.0,  50.0,  73.0,  26.0, 8.0  ,  9.0,     ,  0.0,     ,  1.0, 3.0, 204.0,    5.0,   1.0,   3.0,     4.0,     2.0,        ,     0.0,        ,     0.0,        ,     0.0,      
ullmano01, 1972,     1, TOR , NHL , C  , 65.0, 20.0,  35.0,  55.0,  10.0, -18.0,  3.0,     ,  0.0,     ,  1.0, 3.0, 174.0,       ,      ,      ,        ,        ,        ,        ,        ,        ,        ,        ,      
ullmano01, 1973,     1, TOR , NHL , C  , 78.0, 22.0,  47.0,  69.0,  12.0, 10.0 ,  4.0,     ,  0.0,     ,  2.0, 0.0, 178.0,    4.0,   1.0,   1.0,     2.0,     0.0,        ,     0.0,        ,     0.0,        ,     0.0,      
ullmano01, 1974,     1, TOR , NHL , C  , 80.0,  9.0,  26.0,  35.0,   8.0, -12.0,  1.0,     ,  0.0,     ,  0.0, 0.0, 117.0,    7.0,   0.0,   0.0,     0.0,     2.0,        ,     0.0,        ,     0.0,        ,     0.0,      
ullmano01, 1975,     1, EDO , WHA , L  , 77.0, 31.0,  56.0,  87.0,  12.0, -21.0, 13.0,     ,  1.0,     ,  1.0,    , 158.0,    4.0,   1.0,   3.0,     4.0,     2.0, 3.0    ,        ,        ,        ,        ,        ,      
ullmano01, 1976,     1, EDO , WHA , C  , 67.0, 16.0,  27.0,  43.0,  28.0, -23.0,  4.0,     ,  0.0,     ,     ,    , 107.0,    5.0,   0.0,   3.0,     3.0,     0.0, -2.0   ,     0.0,        ,     0.0,        ,     0.0,      
ulmerje01, 2000,     1, NYR , NHL , R  , 21.0,  3.0,   0.0,   3.0,   8.0, -6.0 ,  0.0,  0.0,  0.0,  0.0,  0.0, 0.0,  22.0,       ,      ,      ,        ,        ,        ,        ,        ,        ,        ,        ,      
ulmerla01, 2003,     1, NYR , NHL , C  ,  1.0,  0.0,   0.0,   0.0,   0.0, -1.0 ,  0.0,  0.0,  0.0,  0.0,  0.0, 0.0,   1.0,       ,      ,      ,        ,        ,        ,        ,        ,        ,        ,        ,      
ulricja01, 1911,     1, VML , PCHA, R  ,  3.0,  4.0,   0.0,   4.0,   6.0,      ,     ,     ,     ,     ,     ,    ,      ,       ,      ,      ,        ,        ,        ,        ,        ,        ,        ,        ,      
ulricja01, 1912,     1, VA1 , PCHA, R  ,  5.0,  2.0,   1.0,   3.0,   0.0,      ,     ,     ,     ,     ,     ,    ,      ,       ,      ,      ,        ,        ,        ,        ,        ,        ,        ,        ,      
ulricja01, 1913,     1, VA1 , PCHA, R  ,  9.0,  2.0,   0.0,   2.0,   0.0,      ,     ,     ,     ,     ,     ,    ,      ,       ,      ,      ,        ,        ,        ,        ,        ,        ,        ,        ,      
ulricja01, 1914,     1, MOW , NHA ,    ,  9.0,  3.0,   0.0,   3.0,  12.0,      ,     ,     ,     ,     ,     ,    ,      ,    2.0,   0.0,      ,        ,        ,        ,        ,        ,        ,        ,        ,      
ulricja01, 1915,     1, MOW , NHA ,    , 14.0,  1.0,   0.0,   1.0,   6.0,      ,     ,     ,     ,     ,     ,    ,      ,       ,      ,      ,        ,        ,        ,        ,        ,        ,        ,        ,      
ulricja01, 1915,     2, TBS , NHA ,    ,  3.0,  1.0,   1.0,   2.0,   9.0,      ,     ,     ,     ,     ,     ,    ,      ,       ,      ,      ,        ,        ,        ,        ,        ,        ,        ,        ,      
umberrj01, 2005,     1, PHI , NHL , C  , 73.0, 20.0,  18.0,  38.0,  18.0, 9.0  ,  5.0,  4.0,  0.0,  0.0,  2.0,    , 138.0,    5.0,   1.0,   0.0,     1.0,     2.0, -3.0   ,     0.0,     0.0,     0.0,     0.0,     0.0,     6.0
umberrj01, 2006,     1, PHI , NHL , C  , 81.0, 16.0,  12.0,  28.0,  41.0, -32.0,  2.0,  1.0,  2.0,  3.0,  1.0,    , 134.0,       ,      ,      ,        ,        ,        ,        ,        ,        ,        ,        ,      
umberrj01, 2007,     1, PHI , NHL , C  , 74.0, 13.0,  37.0,  50.0,  19.0, 0.0  ,  4.0,  8.0,  0.0,  5.0,  3.0,    , 173.0,   17.0,  10.0,   5.0,    15.0,    10.0, 7.0    ,     1.0,     2.0,     0.0,     0.0,     2.0,    40.0
umberrj01, 2008,     1, CBS , NHL , C  , 82.0, 26.0,  20.0,  46.0,  53.0, -10.0,  9.0,  2.0,  0.0,  1.0,  2.0,    , 234.0,    4.0,   3.0,   0.0,     3.0,     0.0, 0.0    ,     2.0,     0.0,     0.0,     0.0,     0.0,     9.0
umberrj01, 2009,     1, CBS , NHL , C  , 82.0, 23.0,  32.0,  55.0,  40.0, -16.0,  8.0, 12.0,  1.0,  0.0,  4.0,    , 221.0,       ,      ,      ,        ,        ,        ,        ,        ,        ,        ,        ,      
underma01, 2003,     1, CHI , NHL , G  ,  1.0,  0.0,   0.0,   0.0,   0.0, 0.0  ,  0.0,  0.0,  0.0,  0.0,  0.0, 0.0,   0.0,       ,      ,      ,        ,        ,        ,        ,        ,        ,        ,        ,      
ungerga01, 1967,     1, TOR , NHL , C  , 15.0,  1.0,   1.0,   2.0,   4.0, -5.0 ,  0.0,     ,  0.0,     ,  0.0, 0.0,  15.0,       ,      ,      ,        ,        ,        ,        ,        ,        ,        ,        ,      
ungerga01, 1967,     2, DET , NHL , C  , 13.0,  5.0,  10.0,  15.0,   2.0, 4.0  ,  0.0,     ,  0.0,     ,  0.0, 0.0,  42.0,       ,      ,      ,        ,        ,        ,        ,        ,        ,        ,        ,      
ungerga01, 1968,     1, DET , NHL , C  , 76.0, 24.0,  20.0,  44.0,  33.0, 6.0  ,  5.0,     ,  1.0,     ,  4.0, 2.0, 186.0,       ,      ,      ,        ,        ,        ,        ,        ,        ,        ,        ,      
ungerga01, 1969,     1, DET , NHL , C  , 76.0, 42.0,  24.0,  66.0,  67.0, 24.0 , 12.0,     ,  0.0,     ,  4.0, 2.0, 234.0,    4.0,   0.0,   1.0,     1.0,     6.0,        ,     0.0,        ,     0.0,        ,     0.0,      
ungerga01, 1970,     1, DET , NHL , C  , 51.0, 13.0,  14.0,  27.0,  63.0, -32.0,  0.0,     ,  0.0,     ,  1.0, 1.0, 157.0,       ,      ,      ,        ,        ,        ,        ,        ,        ,        ,        ,      
ungerga01, 1970,     2, STL , NHL , C  , 28.0, 15.0,  14.0,  29.0,  41.0, -4.0 ,  7.0,     ,  0.0,     ,  3.0, 1.0, 122.0,    6.0,   3.0,   2.0,     5.0,    20.0,        ,     0.0,        ,     1.0,        ,     0.0,      
ungerga01, 1971,     1, STL , NHL , C  , 78.0, 36.0,  34.0,  70.0, 104.0, -8.0 , 14.0,     ,  1.0,     ,  4.0, 2.0, 321.0,   11.0,   4.0,   5.0,     9.0,    35.0,        ,     2.0,        ,     0.0,        ,     1.0,      
ungerga01, 1972,     1, STL , NHL , C  , 78.0, 41.0,  39.0,  80.0, 119.0, 7.0  , 13.0,     ,  1.0,     ,  5.0, 2.0, 342.0,    5.0,   1.0,   2.0,     3.0,     2.0,        ,     0.0,        ,     0.0,        ,     0.0,      
ungerga01, 1973,     1, STL , NHL , C  , 78.0, 33.0,  35.0,  68.0,  96.0, -17.0,  9.0,     ,  1.0,     ,  4.0, 0.0, 327.0,       ,      ,      ,        ,        ,        ,        ,        ,        ,        ,        ,      
ungerga01, 1974,     1, STL , NHL , C  , 80.0, 36.0,  44.0,  80.0, 123.0, -1.0 , 10.0,     ,  0.0,     ,  8.0, 3.0, 349.0,    2.0,   1.0,   3.0,     4.0,     6.0,        ,     0.0,        ,     0.0,        ,     0.0,      
ungerga01, 1975,     1, STL , NHL , C  , 80.0, 39.0,  44.0,  83.0,  95.0, 1.0  , 13.0,     ,  0.0,     ,  3.0, 5.0, 357.0,    3.0,   2.0,   1.0,     3.0,     7.0,        ,     0.0,        ,     0.0,        ,     0.0,      
ungerga01, 1976,     1, STL , NHL , C  , 80.0, 30.0,  27.0,  57.0,  56.0, -12.0,  7.0,     ,  0.0,     ,  5.0, 1.0, 235.0,    4.0,   0.0,   1.0,     1.0,     2.0,        ,     0.0,        ,     0.0,        ,     0.0,      
ungerga01, 1977,     1, STL , NHL , C  , 80.0, 32.0,  20.0,  52.0,  66.0, -35.0, 10.0,     ,  0.0,     ,  5.0, 3.0, 238.0,       ,      ,      ,        ,        ,        ,        ,        ,        ,        ,        ,      
ungerga01, 1978,     1, STL , NHL , C  , 80.0, 30.0,  26.0,  56.0,  44.0, -44.0,  3.0,     ,  0.0,     ,  3.0, 2.0, 182.0,       ,      ,      ,        ,        ,        ,        ,        ,        ,        ,        ,      
ungerga01, 1979,     1, ATF , NHL , C  , 79.0, 17.0,  16.0,  33.0,  39.0, 2.0  ,  1.0,     ,  0.0,     ,  3.0, 0.0, 170.0,    4.0,   0.0,   3.0,     3.0,     2.0,        ,     0.0,        ,     0.0,        ,     0.0,      
ungerga01, 1980,     1, LAK , NHL , C  , 58.0, 10.0,  10.0,  20.0,  40.0, -17.0,  1.0,     ,  0.0,     ,  0.0, 0.0,  67.0,       ,      ,      ,        ,        ,        ,        ,        ,        ,        ,        ,      
ungerga01, 1980,     2, EDM , NHL , C  , 13.0,  0.0,   0.0,   0.0,   6.0, -9.0 ,  0.0,     ,  0.0,     ,  0.0, 0.0,  13.0,    8.0,   0.0,   0.0,     0.0,     2.0,        ,     0.0,        ,     0.0,        ,     0.0,      
ungerga01, 1981,     1, EDM , NHL , C  , 46.0,  7.0,  13.0,  20.0,  69.0, 8.0  ,  0.0,     ,  0.0,     ,  2.0, 0.0,  62.0,    4.0,   1.0,   0.0,     1.0,    23.0,        ,     0.0,        ,     0.0,        ,     0.0,      
ungerga01, 1982,     1, EDM , NHL , C  , 16.0,  2.0,   0.0,   2.0,   8.0, 1.0  ,  0.0,     ,  0.0,     ,  0.0, 0.0,  14.0,    1.0,   0.0,   0.0,     0.0,     0.0,        ,     0.0,        ,     0.0,        ,     0.0,      
upshasc01, 2002,     1, NAS , NHL , R  ,  8.0,  1.0,   0.0,   1.0,   0.0, 2.0  ,  0.0,  0.0,  0.0,  0.0,  0.0, 1.0,   6.0,       ,      ,      ,        ,        ,        ,        ,        ,        ,        ,        ,      
upshasc01, 2003,     1, NAS , NHL , L  ,  7.0,  0.0,   1.0,   1.0,   0.0, -2.0 ,  0.0,  1.0,  0.0,  0.0,  0.0, 0.0,   6.0,       ,      ,      ,        ,        ,        ,        ,        ,        ,        ,        ,      
upshasc01, 2005,     1, NAS , NHL , R  , 48.0,  8.0,  16.0,  24.0,  34.0, 14.0 ,  1.0,  2.0,  0.0,  0.0,  2.0,    ,  72.0,    2.0,   0.0,   0.0,     0.0,     0.0, 0.0    ,     0.0,     0.0,     0.0,     0.0,     0.0,     4.0
upshasc01, 2006,     1, NAS , NHL , R  , 14.0,  2.0,   1.0,   3.0,  18.0, -1.0 ,  0.0,  1.0,  0.0,  0.0,  2.0,    ,  27.0,       ,      ,      ,        ,        ,        ,        ,        ,        ,        ,        ,      
upshasc01, 2006,     2, PHI , NHL , R  , 18.0,  6.0,   7.0,  13.0,   8.0, 4.0  ,  1.0,  1.0,  1.0,  0.0,  2.0,    ,  60.0,       ,      ,      ,        ,        ,        ,        ,        ,        ,        ,        ,      
upshasc01, 2007,     1, PHI , NHL , R  , 61.0, 14.0,  16.0,  30.0,  74.0, 2.0  ,  3.0,  3.0,  0.0,  0.0,  1.0,    , 128.0,   17.0,   3.0,   4.0,     7.0,    44.0, 1.0    ,     1.0,     0.0,     0.0,     0.0,     1.0,    37.0
upshasc01, 2008,     1, PHI , NHL , R  , 55.0,  7.0,  14.0,  21.0,  63.0, 5.0  ,  2.0,  1.0,  0.0,  0.0,  0.0,    , 126.0,       ,      ,      ,        ,        ,        ,        ,        ,        ,        ,        ,      
upshasc01, 2008,     2, PHO , NHL , R  , 19.0,  8.0,   5.0,  13.0,  26.0, 2.0  ,  3.0,  1.0,  0.0,  0.0,  1.0,    ,  66.0,       ,      ,      ,        ,        ,        ,        ,        ,        ,        ,        ,      
upshasc01, 2009,     1, PHO , NHL , R  , 49.0, 18.0,  14.0,  32.0,  50.0, 5.0  ,  2.0,  1.0,  0.0,  0.0,  4.0,    , 119.0,       ,      ,      ,        ,        ,        ,        ,        ,        ,        ,        ,      
urbanvl01, 1978,     1, CZE , WHA ,    ,  2.0,  0.0,   0.0,   0.0,   4.0,      ,     ,     ,     ,     ,     ,    ,      ,       ,      ,      ,        ,        ,        ,        ,        ,        ,        ,        ,      
ustorst01, 1995,     1, WAS , NHL , R  , 48.0,  7.0,  10.0,  17.0,  14.0, 8.0  ,  0.0,  0.0,  0.0,  2.0,  1.0, 0.0,  39.0,    5.0,   0.0,   0.0,     0.0,     0.0, -1.0   ,     0.0,     0.0,     0.0,     0.0,     0.0,     9.0
ustorst01, 1996,     1, WAS , NHL , L  ,  6.0,  0.0,   0.0,   0.0,   2.0, -3.0 ,  0.0,  0.0,  0.0,  0.0,  0.0, 0.0,   7.0,       ,      ,      ,        ,        ,        ,        ,        ,        ,        ,        ,      
vaanaos01, 2000,     1, PHO , NHL , D  , 81.0,  4.0,  12.0,  16.0,  90.0, 9.0  ,  0.0,  2.0,  0.0,  0.0,  2.0, 0.0,  69.0,       ,      ,      ,        ,        ,        ,        ,        ,        ,        ,        ,      
vaanaos01, 2001,     1, PHO , NHL , D  , 76.0,  2.0,  12.0,  14.0,  74.0, 6.0  ,  0.0,  2.0,  1.0,  1.0,  0.0, 0.0,  41.0,    5.0,   0.0,   0.0,     0.0,     6.0, 0.0    ,     0.0,     0.0,     0.0,     0.0,     0.0,     4.0
vaanaos01, 2002,     1, PHO , NHL , D  , 67.0,  2.0,   7.0,   9.0,  82.0, 1.0  ,  0.0,  0.0,  0.0,  0.0,  0.0, 0.0,  49.0,       ,      ,      ,        ,        ,        ,        ,        ,        ,        ,        ,      
vaanaos01, 2003,     1, PHO , NHL , D  , 67.0,  2.0,   4.0,   6.0,  87.0, -10.0,  0.0,  0.0,  0.0,  0.0,  1.0, 0.0,  39.0,       ,      ,      ,        ,        ,        ,        ,        ,        ,        ,        ,      
vaanaos01, 2003,     2, COL , NHL , D  , 12.0,  0.0,   0.0,   0.0,   2.0, -4.0 ,  0.0,  0.0,  0.0,  0.0,  0.0, 0.0,   6.0,   11.0,   0.0,   1.0,     1.0,    18.0, 3.0    ,     0.0,     0.0,     0.0,     0.0,     0.0,     4.0
vaanaos01, 2005,     1, COL , NHL , D  , 53.0,  0.0,   4.0,   4.0,  56.0, 10.0 ,  0.0,  0.0,  0.0,  0.0,  0.0,    ,  34.0,    1.0,   0.0,   0.0,     0.0,     0.0, 0.0    ,     0.0,     0.0,     0.0,     0.0,     0.0,     1.0
vaanaos01, 2006,     1, COL , NHL , D  , 74.0,  2.0,   6.0,   8.0,  69.0, 6.0  ,  0.0,  0.0,  0.0,  0.0,  1.0,    ,  32.0,       ,      ,      ,        ,        ,        ,        ,        ,        ,        ,        ,      
vaanaos01, 2008,     1, PHI , NHL , D  , 46.0,  1.0,   9.0,  10.0,  22.0, 7.0  ,  0.0,  0.0,  0.0,  2.0,  0.0,    ,  18.0,       ,      ,      ,        ,        ,        ,        ,        ,        ,        ,        ,      
vaanaos01, 2008,     2, VAN , NHL , D  ,  3.0,  0.0,   1.0,   1.0,   0.0, 1.0  ,  0.0,  0.0,  0.0,  0.0,  0.0,    ,   2.0,    3.0,   0.0,   0.0,     0.0,     2.0, 0.0    ,     0.0,     0.0,     0.0,     0.0,     0.0,     0.0
vachoni01, 1996,     1, NYI , NHL , C  ,  1.0,  0.0,   0.0,   0.0,   0.0, -1.0 ,  0.0,  0.0,  0.0,  0.0,  0.0, 0.0,   0.0,       ,      ,      ,        ,        ,        ,        ,        ,        ,        ,        ,      
vachoro01, 1966,     1, MTL , NHL , G  , 19.0,  0.0,   1.0,   1.0,   0.0,      ,  0.0,     ,  0.0,     ,  0.0, 0.0,      ,    9.0,   0.0,   0.0,     0.0,     0.0,        ,        ,        ,        ,        ,     0.0,      
vachoro01, 1967,     1, MTL , NHL , G  , 39.0,  0.0,   0.0,   0.0,   2.0, 0.0  ,  0.0,     ,  0.0,     ,  0.0, 0.0,   0.0,    2.0,   0.0,   0.0,     0.0,     0.0,        ,     0.0,        ,     0.0,        ,     0.0,      
vachoro01, 1968,     1, MTL , NHL , G  , 36.0,  0.0,   0.0,   0.0,   2.0, 0.0  ,  0.0,     ,  0.0,     ,  0.0, 0.0,   0.0,    8.0,   0.0,   0.0,     0.0,     2.0,        ,     0.0,        ,     0.0,        ,     0.0,      
vachoro01, 1969,     1, MTL , NHL , G  , 64.0,  0.0,   0.0,   0.0,   0.0, 0.0  ,  0.0,     ,  0.0,     ,  0.0, 0.0,   0.0,       ,      ,      ,        ,        ,        ,        ,        ,        ,        ,        ,      
vachoro01, 1970,     1, MTL , NHL , G  , 47.0,  0.0,   0.0,   0.0,   0.0, 0.0  ,  0.0,     ,  0.0,     ,  0.0, 0.0,   0.0,       ,      ,      ,        ,        ,        ,        ,        ,        ,        ,        ,      
vachoro01, 1971,     1, MTL , NHL , G  ,  1.0,  0.0,   0.0,   0.0,   0.0, 0.0  ,  0.0,     ,  0.0,     ,  0.0, 0.0,   0.0,       ,      ,      ,        ,        ,        ,        ,        ,        ,        ,        ,      
vachoro01, 1971,     2, LAK , NHL , G  , 28.0,  0.0,   0.0,   0.0,   0.0, 0.0  ,  0.0,     ,  0.0,     ,  0.0, 0.0,   0.0,       ,      ,      ,        ,        ,        ,        ,        ,        ,        ,        ,      
vachoro01, 1972,     1, LAK , NHL , G  , 53.0,  0.0,   1.0,   1.0,   2.0, 0.0  ,  0.0,     ,  0.0,     ,  0.0, 0.0,   0.0,       ,      ,      ,        ,        ,        ,        ,        ,        ,        ,        ,      
vachoro01, 1973,     1, LAK , NHL , G  , 65.0,  0.0,   0.0,   0.0,   6.0, 0.0  ,  0.0,     ,  0.0,     ,  0.0, 0.0,   0.0,    4.0,   0.0,   0.0,     0.0,     0.0,        ,     0.0,        ,     0.0,        ,     0.0,      
vachoro01, 1974,     1, LAK , NHL , G  , 54.0,  0.0,   1.0,   1.0,   2.0, 0.0  ,  0.0,     ,  0.0,     ,  0.0, 0.0,   0.0,    3.0,   0.0,   0.0,     0.0,     0.0,        ,     0.0,        ,     0.0,        ,     0.0,      
vachoro01, 1975,     1, LAK , NHL , G  , 51.0,  0.0,   0.0,   0.0,   0.0, 0.0  ,  0.0,     ,  0.0,     ,  0.0, 0.0,   0.0,    7.0,   0.0,   0.0,     0.0,     0.0,        ,     0.0,        ,     0.0,        ,     0.0,      
vachoro01, 1976,     1, LAK , NHL , G  , 68.0,  0.0,   1.0,   1.0,   2.0, 0.0  ,  0.0,     ,  0.0,     ,  0.0, 0.0,   0.0,    9.0,   0.0,   0.0,     0.0,     0.0,        ,     0.0,        ,     0.0,        ,     0.0,      
vachoro01, 1977,     1, LAK , NHL , G  , 70.0,  0.0,   0.0,   0.0,   2.0, 0.0  ,  0.0,     ,  0.0,     ,  0.0, 0.0,   0.0,    2.0,   0.0,   0.0,     0.0,     2.0,        ,     0.0,        ,     0.0,        ,     0.0,      
vachoro01, 1978,     1, DET , NHL , G  , 50.0,  0.0,   1.0,   1.0,  21.0, 0.0  ,  0.0,     ,  0.0,     ,  0.0, 0.0,   0.0,       ,      ,      ,        ,        ,        ,        ,        ,        ,        ,        ,      
vachoro01, 1979,     1, DET , NHL , G  , 59.0,  0.0,   3.0,   3.0,   2.0, 0.0  ,  0.0,     ,  0.0,     ,  0.0, 0.0,   0.0,       ,      ,      ,        ,        ,        ,        ,        ,        ,        ,        ,      
vachoro01, 1980,     1, BOS , NHL , G  , 53.0,  0.0,   1.0,   1.0,   6.0, 0.0  ,  0.0,     ,  0.0,     ,  0.0, 0.0,   0.0,    3.0,   0.0,   0.0,     0.0,     0.0,        ,     0.0,        ,     0.0,        ,     0.0,      
vachoro01, 1981,     1, BOS , NHL , G  , 38.0,  0.0,   1.0,   1.0,   0.0, 0.0  ,  0.0,     ,  0.0,     ,  0.0, 0.0,   0.0,    1.0,   0.0,   0.0,     0.0,     0.0,        ,     0.0,        ,     0.0,        ,     0.0,      
vadnaca01, 1966,     1, MTL , NHL , D  , 11.0,  0.0,   3.0,   3.0,  35.0,      ,  0.0,     ,  0.0,     ,  0.0, 0.0,      ,    1.0,   0.0,   0.0,     0.0,     2.0,        ,        ,        ,        ,        ,     0.0,      
vadnaca01, 1967,     1, MTL , NHL , D  , 31.0,  1.0,   1.0,   2.0,  31.0, -2.0 ,  0.0,     ,  0.0,     ,  0.0, 0.0,  25.0,    1.0,   0.0,   0.0,     0.0,     2.0,        ,     0.0,        ,     0.0,        ,     0.0,      
vadnaca01, 1968,     1, OAK , NHL , D  , 76.0, 15.0,  27.0,  42.0, 151.0, -18.0,  4.0,     ,  0.0,     ,  4.0, 1.0, 274.0,    7.0,   1.0,   4.0,     5.0,    10.0,        ,     1.0,        ,     0.0,        ,     0.0,      
vadnaca01, 1969,     1, OAK , NHL , D  , 76.0, 24.0,  20.0,  44.0, 212.0, -24.0,  6.0,     ,  0.0,     ,  0.0, 2.0, 245.0,    4.0,   2.0,   1.0,     3.0,    15.0,        ,     2.0,        ,     0.0,        ,     0.0,      
vadnaca01, 1970,     1, CLF , NHL , D  , 42.0, 10.0,  16.0,  26.0,  91.0, -3.0 ,  3.0,     ,  1.0,     ,  3.0, 0.0, 146.0,       ,      ,      ,        ,        ,        ,        ,        ,        ,        ,        ,      
vadnaca01, 1971,     1, CLF , NHL , D  , 52.0, 14.0,  20.0,  34.0, 106.0, -20.0,  7.0,     ,  0.0,     ,  2.0, 3.0, 139.0,       ,      ,      ,        ,        ,        ,        ,        ,        ,        ,        ,      
vadnaca01, 1971,     2, BOS , NHL , D  , 16.0,  4.0,   6.0,  10.0,  37.0, 2.0  ,  0.0,     ,  0.0,     ,  0.0, 0.0,  37.0,   15.0,   0.0,   2.0,     2.0,    43.0,        ,     0.0,        ,     0.0,        ,     0.0,      
vadnaca01, 1972,     1, BOS , NHL , D  , 78.0,  7.0,  24.0,  31.0, 127.0, 21.0 ,  1.0,     ,  0.0,     ,  3.0, 0.0, 150.0,    5.0,   0.0,   0.0,     0.0,     8.0,        ,     0.0,        ,     0.0,        ,     0.0,      
vadnaca01, 1973,     1, BOS , NHL , D  , 78.0, 16.0,  43.0,  59.0, 123.0, 35.0 ,  6.0,     ,  0.0,     ,  1.0, 1.0, 187.0,   16.0,   1.0,  12.0,    13.0,    42.0,        ,     1.0,        ,     0.0,        ,     0.0,      
vadnaca01, 1974,     1, BOS , NHL , D  , 79.0, 18.0,  56.0,  74.0, 129.0, 10.0 ,  6.0,     ,  0.0,     ,  2.0, 3.0, 256.0,    3.0,   1.0,   5.0,     6.0,     0.0,        ,     0.0,        ,     0.0,        ,     0.0,      
vadnaca01, 1975,     1, BOS , NHL , D  , 12.0,  2.0,   5.0,   7.0,  17.0, 1.0  ,  1.0,     ,  0.0,     ,  0.0, 0.0,  33.0,       ,      ,      ,        ,        ,        ,        ,        ,        ,        ,        ,      
vadnaca01, 1975,     2, NYR , NHL , D  , 64.0, 20.0,  30.0,  50.0, 104.0, -17.0,  7.0,     ,  0.0,     ,  1.0, 0.0, 197.0,       ,      ,      ,        ,        ,        ,        ,        ,        ,        ,        ,      
vadnaca01, 1976,     1, NYR , NHL , D  , 74.0, 11.0,  37.0,  48.0, 131.0, -20.0,  3.0,     ,  1.0,     ,  0.0, 0.0, 169.0,       ,      ,      ,        ,        ,        ,        ,        ,        ,        ,        ,      
vadnaca01, 1977,     1, NYR , NHL , D  , 80.0,  6.0,  40.0,  46.0, 115.0, -25.0,  3.0,     ,  1.0,     ,  1.0, 0.0, 164.0,    3.0,   0.0,   2.0,     2.0,    16.0,        ,     0.0,        ,     0.0,        ,     0.0,      
vadnaca01, 1978,     1, NYR , NHL , D  , 77.0,  8.0,  37.0,  45.0,  86.0, 14.0 ,  4.0,     ,  1.0,     ,  1.0, 0.0, 149.0,   18.0,   2.0,   9.0,    11.0,    13.0,        ,     0.0,        ,     0.0,        ,     0.0,      
vadnaca01, 1979,     1, NYR , NHL , D  , 66.0,  3.0,  20.0,  23.0, 118.0, -1.0 ,  1.0,     ,  0.0,     ,  1.0, 0.0,  82.0,    9.0,   1.0,   2.0,     3.0,     6.0,        ,     0.0,        ,     0.0,        ,     0.0,      
vadnaca01, 1980,     1, NYR , NHL , D  , 74.0,  3.0,  20.0,  23.0,  91.0, 19.0 ,  1.0,     ,  0.0,     ,  0.0, 0.0, 118.0,   14.0,   1.0,   3.0,     4.0,    26.0,        ,     0.0,        ,     0.0,        ,     0.0,      
vadnaca01, 1981,     1, NYR , NHL , D  , 50.0,  5.0,   6.0,  11.0,  45.0, -2.0 ,  1.0,     ,  0.0,     ,  0.0, 0.0,  43.0,   10.0,   1.0,   0.0,     1.0,     4.0,        ,     0.0,        ,     0.0,        ,     0.0,      
vadnaca01, 1982,     1, NJD , NHL , D  , 51.0,  2.0,   7.0,   9.0,  64.0, -32.0,  1.0,     ,  0.0,     ,  0.0, 0.0,  33.0,       ,      ,      ,        ,        ,        ,        ,        ,        ,        ,        ,      
vaiclu01 , 1997,     1, VAN , NHL , C  ,  5.0,  1.0,   1.0,   2.0,   2.0, -2.0 ,  0.0,  0.0,  0.0,  0.0,  0.0, 0.0,   8.0,       ,      ,      ,        ,        ,        ,        ,        ,        ,        ,        ,      
vaiclu01 , 1999,     1, VAN , NHL , C  ,  4.0,  0.0,   0.0,   0.0,   0.0, 0.0  ,  0.0,  0.0,  0.0,  0.0,  0.0, 0.0,   2.0,       ,      ,      ,        ,        ,        ,        ,        ,        ,        ,        ,      
vailer01 , 1973,     1, ATF , NHL , L  , 23.0,  2.0,   9.0,  11.0,  30.0, 2.0  ,  2.0,     ,  0.0,     ,  1.0, 0.0,  44.0,    1.0,   0.0,   0.0,     0.0,     2.0,        ,     0.0,        ,     0.0,        ,     0.0,      
vailer01 , 1974,     1, ATF , NHL , L  , 72.0, 39.0,  21.0,  60.0,  46.0, 1.0  ,  6.0,     ,  0.0,     ,  4.0, 4.0, 177.0,       ,      ,      ,        ,        ,        ,        ,        ,        ,        ,        ,      
vailer01 , 1975,     1, ATF , NHL , L  , 60.0, 16.0,  31.0,  47.0,  34.0, 7.0  ,  2.0,     ,  0.0,     ,  1.0, 3.0, 127.0,    2.0,   0.0,   0.0,     0.0,     0.0,        ,     0.0,        ,     0.0,        ,     0.0,      
vailer01 , 1976,     1, ATF , NHL , L  , 78.0, 32.0,  39.0,  71.0,  22.0, 9.0  , 12.0,     ,  1.0,     ,  3.0, 3.0, 208.0,    3.0,   1.0,   3.0,     4.0,     0.0,        ,     0.0,        ,     0.0,        ,     1.0,      
vailer01 , 1977,     1, ATF , NHL , L  , 79.0, 22.0,  36.0,  58.0,  16.0, 3.0  ,  8.0,     ,  0.0,     ,  6.0, 2.0, 178.0,    2.0,   1.0,   1.0,     2.0,     0.0,        ,     0.0,        ,     0.0,        ,     0.0,      
vailer01 , 1978,     1, ATF , NHL , L  , 80.0, 35.0,  48.0,  83.0,  53.0, 25.0 ,  5.0,     ,  1.0,     ,  5.0, 1.0, 203.0,    2.0,   0.0,   1.0,     1.0,     2.0,        ,     0.0,        ,     0.0,        ,     0.0,      
vailer01 , 1979,     1, ATF , NHL , L  , 77.0, 28.0,  25.0,  53.0,  22.0, 5.0  ,  6.0,     ,  0.0,     ,  3.0, 2.0, 193.0,    4.0,   3.0,   1.0,     4.0,     2.0,        ,     1.0,        ,     0.0,        ,     1.0,      
vailer01 , 1980,     1, CAL , NHL , L  , 64.0, 28.0,  36.0,  64.0,  23.0, 8.0  , 12.0,     ,  0.0,     ,  6.0, 1.0, 164.0,    6.0,   0.0,   0.0,     0.0,     0.0,        ,     0.0,        ,     0.0,        ,     0.0,      
vailer01 , 1981,     1, CAL , NHL , L  ,  6.0,  4.0,   1.0,   5.0,   0.0, -1.0 ,  1.0,     ,  0.0,     ,  0.0, 0.0,   8.0,       ,      ,      ,        ,        ,        ,        ,        ,        ,        ,        ,      
vailer01 , 1981,     2, DET , NHL , L  , 52.0, 10.0,  14.0,  24.0,  35.0, -21.0,  3.0,     ,  0.0,     ,  0.0, 1.0,  86.0,       ,      ,      ,        ,        ,        ,        ,        ,        ,        ,        ,      
vailsp01 , 1928,     1, NYR , NHL , D  , 18.0,  3.0,   0.0,   3.0,  16.0,      ,     ,     ,     ,     ,     ,    ,      ,    6.0,   0.0,   0.0,     0.0,     2.0,        ,        ,        ,        ,        ,        ,      
vailsp01 , 1929,     1, NYR , NHL , D  , 32.0,  1.0,   1.0,   2.0,   2.0,      ,     ,     ,     ,     ,     ,    ,      ,    4.0,   0.0,   0.0,     0.0,     0.0,        ,        ,        ,        ,        ,        ,      
vairst01 , 1909,     1, COB , NHA ,    , 12.0, 17.0,   0.0,  17.0,   8.0,      ,     ,     ,     ,     ,     ,    ,      ,       ,      ,      ,        ,        ,        ,        ,        ,        ,        ,        ,      
vairst01 , 1910,     1, REN , NHA ,    , 11.0, 14.0,   0.0,  14.0,   9.0,      ,     ,     ,     ,     ,     ,    ,      ,       ,      ,      ,        ,        ,        ,        ,        ,        ,        ,        ,      
vairst01 , 1912,     1, TO1 , NHA ,    , 17.0, 12.0,   0.0,  12.0,  35.0,      ,     ,     ,     ,     ,     ,    ,      ,       ,      ,      ,        ,        ,        ,        ,        ,        ,        ,        ,      
vairst01 , 1913,     1, TOO , NHA ,    ,  9.0,  7.0,   6.0,  13.0,   4.0,      ,     ,     ,     ,     ,     ,    ,      ,       ,      ,      ,        ,        ,        ,        ,        ,        ,        ,        ,      
vaiveri01, 1978,     1, BIR , WHA , R  , 75.0, 26.0,  33.0,  59.0, 248.0, 14.0 ,  3.0,     ,  0.0,     ,     ,    , 173.0,       ,      ,      ,        ,        ,        ,        ,        ,        ,        ,        ,      
vaiveri01, 1979,     1, VAN , NHL , R  , 47.0, 13.0,   8.0,  21.0, 111.0, -12.0,  1.0,     ,  0.0,     ,  4.0, 0.0,  89.0,       ,      ,      ,        ,        ,        ,        ,        ,        ,        ,        ,      
vaiveri01, 1979,     2, TOR , NHL , R  , 22.0,  9.0,   7.0,  16.0,  77.0, -4.0 ,  2.0,     ,  0.0,     ,  1.0, 1.0,  55.0,    3.0,   1.0,   0.0,     1.0,    11.0,        ,     0.0,        ,     0.0,        ,     0.0,      
vaiveri01, 1980,     1, TOR , NHL , R  , 75.0, 33.0,  29.0,  62.0, 229.0, -16.0,  8.0,     ,  2.0,     ,  1.0, 1.0, 195.0,    3.0,   1.0,   0.0,     1.0,     4.0,        ,     0.0,        ,     0.0,        ,     0.0,      
vaiveri01, 1981,     1, TOR , NHL , R  , 77.0, 54.0,  35.0,  89.0, 157.0, 12.0 , 12.0,     ,  5.0,     ,  6.0, 3.0, 267.0,       ,      ,      ,        ,        ,        ,        ,        ,        ,        ,        ,      
vaiveri01, 1982,     1, TOR , NHL , R  , 78.0, 51.0,  28.0,  79.0, 105.0, -13.0, 18.0,     ,  3.0,     ,  8.0, 2.0, 296.0,    4.0,   2.0,   5.0,     7.0,     6.0,        ,     0.0,        ,     0.0,        ,     0.0,      
vaiveri01, 1983,     1, TOR , NHL , R  , 76.0, 52.0,  41.0,  93.0, 114.0, -12.0, 17.0,     ,  0.0,     ,  6.0, 2.0, 261.0,       ,      ,      ,        ,        ,        ,        ,        ,        ,        ,        ,      
vaiveri01, 1984,     1, TOR , NHL , R  , 72.0, 35.0,  33.0,  68.0, 112.0, -26.0, 13.0,     ,  0.0,     ,  2.0, 1.0, 258.0,       ,      ,      ,        ,        ,        ,        ,        ,        ,        ,        ,      
vaiveri01, 1985,     1, TOR , NHL , R  , 61.0, 33.0,  31.0,  64.0,  85.0, -19.0, 12.0,     ,  0.0,     ,  1.0, 1.0, 225.0,    9.0,   6.0,   2.0,     8.0,     9.0, -2.0   ,     3.0,        ,     0.0,        ,     0.0,    31.0
vaiveri01, 1986,     1, TOR , NHL , R  , 73.0, 32.0,  34.0,  66.0,  61.0, 12.0 ,  8.0,     ,  1.0,     ,  6.0, 0.0, 214.0,   13.0,   4.0,   2.0,     6.0,    23.0, -1.0   ,     1.0,        ,     0.0,        ,     0.0,    42.0
vaiveri01, 1987,     1, CHI , NHL , R  , 76.0, 43.0,  26.0,  69.0, 108.0, -20.0, 19.0, 11.0,  0.0,  0.0,  6.0, 0.0, 229.0,    5.0,   6.0,   2.0,     8.0,    38.0, 1.0    ,     5.0,     1.0,     0.0,     0.0,     0.0,    17.0
vaiveri01, 1988,     1, CHI , NHL , R  , 30.0, 12.0,  13.0,  25.0,  60.0, -5.0 ,  9.0,     ,  0.0,  0.0,  1.0, 0.0,  57.0,       ,      ,      ,        ,        ,        ,        ,        ,        ,        ,        ,      
vaiveri01, 1988,     2, BUF , NHL , R  , 28.0, 19.0,  13.0,  32.0,  64.0, 7.0  ,  7.0,     ,  0.0,  0.0,  3.0, 0.0,  81.0,    5.0,   2.0,   1.0,     3.0,     8.0, -5.0   ,     2.0,     0.0,     0.0,     0.0,     0.0,    15.0
vaiveri01, 1989,     1, BUF , NHL , R  , 70.0, 29.0,  19.0,  48.0,  74.0, 9.0  ,  8.0,  8.0,  0.0,  0.0,  4.0, 0.0, 195.0,    6.0,   4.0,   2.0,     6.0,     6.0, 0.0    ,     4.0,     1.0,     0.0,     0.0,     1.0,    21.0
vaiveri01, 1990,     1, BUF , NHL , R  , 71.0, 25.0,  27.0,  52.0,  74.0, 11.0 ,  9.0,  8.0,  0.0,  0.0,  3.0, 1.0, 155.0,    6.0,   1.0,   2.0,     3.0,     6.0, 0.0    ,     1.0,     1.0,     0.0,     0.0,     0.0,     3.0
vaiveri01, 1991,     1, BUF , NHL , R  , 20.0,  1.0,   3.0,   4.0,  14.0, -2.0 ,  0.0,  2.0,  0.0,  0.0,  0.0, 0.0,  25.0,       ,      ,      ,        ,        ,        ,        ,        ,        ,        ,        ,      
valabbo01, 2007,     1, ATL , NHL , D  ,  7.0,  0.0,   0.0,   0.0,  42.0, -2.0 ,  0.0,  0.0,  0.0,  0.0,  0.0,    ,   5.0,       ,      ,      ,        ,        ,        ,        ,        ,        ,        ,        ,      
valabbo01, 2008,     1, ATL , NHL , D  , 50.0,  0.0,   5.0,   5.0, 132.0, -14.0,  0.0,  0.0,  0.0,  0.0,  0.0,    ,  16.0,       ,      ,      ,        ,        ,        ,        ,        ,        ,        ,        ,      
valabbo01, 2009,     1, ATL , NHL , D  , 23.0,  0.0,   2.0,   2.0,  36.0, 2.0  ,  0.0,  0.0,  0.0,  0.0,  0.0,    ,  22.0,       ,      ,      ,        ,        ,        ,        ,        ,        ,        ,        ,      
valench01, 1981,     1, WAS , NHL , C  , 60.0, 30.0,  37.0,  67.0,  92.0, -15.0, 18.0,     ,  0.0,     ,  5.0, 2.0, 154.0,       ,      ,      ,        ,        ,        ,        ,        ,        ,        ,        ,      
valench01, 1982,     1, WAS , NHL , C  , 23.0,  7.0,  10.0,  17.0,  14.0, -2.0 ,  1.0,     ,  0.0,     ,  1.0, 2.0,  24.0,    2.0,   0.0,   0.0,     0.0,     4.0,        ,     0.0,        ,     0.0,        ,     0.0,      
valench01, 1983,     1, WAS , NHL , C  , 22.0,  6.0,   5.0,  11.0,  21.0, -8.0 ,  2.0,     ,  0.0,     ,  1.0, 0.0,  33.0,       ,      ,      ,        ,        ,        ,        ,        ,        ,        ,        ,      
valicro01, 1998,     1, NAS , NHL , C  , 19.0,  4.0,   2.0,   6.0,   2.0, 4.0  ,  0.0,  0.0,  0.0,  0.0,  2.0, 0.0,  23.0,       ,      ,      ,        ,        ,        ,        ,        ,        ,        ,        ,      
valicro01, 1999,     1, NAS , NHL , C  , 80.0, 14.0,  11.0,  25.0,  21.0, -11.0,  2.0,  1.0,  1.0,  2.0,  3.0, 0.0, 113.0,       ,      ,      ,        ,        ,        ,        ,        ,        ,        ,        ,      
valicro01, 2000,     1, NAS , NHL , L  , 60.0,  8.0,   6.0,  14.0,  26.0, -2.0 ,  1.0,  0.0,  0.0,  0.0,  4.0, 0.0,  62.0,       ,      ,      ,        ,        ,        ,        ,        ,        ,        ,        ,      
valicro01, 2001,     1, LAK , NHL , R  , 17.0,  1.0,   1.0,   2.0,   8.0, -4.0 ,  0.0,  0.0,  0.0,  0.0,  0.0, 0.0,   9.0,       ,      ,      ,        ,        ,        ,        ,        ,        ,        ,        ,      
valicro01, 2002,     1, ANA , NHL , R  , 10.0,  1.0,   0.0,   1.0,   2.0, 1.0  ,  0.0,  0.0,  0.0,  0.0,  1.0, 0.0,   7.0,       ,      ,      ,        ,        ,        ,        ,        ,        ,        ,        ,      
valicro01, 2003,     1, DAL , NHL , C  ,  7.0,  0.0,   0.0,   0.0,   2.0, -1.0 ,  0.0,  0.0,  0.0,  0.0,  0.0, 0.0,   4.0,       ,      ,      ,        ,        ,        ,        ,        ,        ,        ,        ,      
valiqja01, 1974,     1, TOR , NHL , C  ,  1.0,  0.0,   0.0,   0.0,   0.0, -4.0 ,  0.0,     ,  0.0,     ,  0.0, 0.0,   1.0,       ,      ,      ,        ,        ,        ,        ,        ,        ,        ,        ,      
valiqja01, 1975,     1, TOR , NHL , C  , 45.0, 10.0,  23.0,  33.0,  30.0, -8.0 ,  1.0,     ,  1.0,     ,  1.0, 1.0, 111.0,   10.0,   2.0,   3.0,     5.0,     2.0,        ,     0.0,        ,     0.0,        ,     0.0,      
valiqja01, 1976,     1, TOR , NHL , C  , 66.0, 15.0,  30.0,  45.0,   7.0, 5.0  ,  0.0,     ,  3.0,     ,  1.0, 1.0, 121.0,       ,      ,      ,        ,        ,        ,        ,        ,        ,        ,        ,      
valiqja01, 1977,     1, TOR , NHL , C  , 60.0,  8.0,  13.0,  21.0,  15.0, 2.0  ,  3.0,     ,  0.0,     ,  2.0, 0.0,  49.0,   13.0,   1.0,   3.0,     4.0,     2.0,        ,     1.0,        ,     0.0,        ,     0.0,      
valiqja01, 1978,     1, COR , NHL , C  , 76.0, 23.0,  34.0,  57.0,  12.0, -42.0,  8.0,     ,  2.0,     ,  3.0, 1.0, 159.0,       ,      ,      ,        ,        ,        ,        ,        ,        ,        ,        ,      
valiqja01, 1979,     1, COR , NHL , C  , 77.0, 25.0,  25.0,  50.0,   8.0, -7.0 ,  6.0,     ,  0.0,     ,  2.0, 1.0, 157.0,       ,      ,      ,        ,        ,        ,        ,        ,        ,        ,        ,      
valiqja01, 1980,     1, COR , NHL , C  , 25.0,  3.0,   9.0,  12.0,   7.0, -12.0,  0.0,     ,  0.0,     ,  0.0, 0.0,  28.0,       ,      ,      ,        ,        ,        ,        ,        ,        ,        ,        ,      
valiqst01, 1999,     1, NYI , NHL , G  ,  6.0,  0.0,   0.0,   0.0,   0.0, 0.0  ,  0.0,  0.0,  0.0,  0.0,  0.0, 0.0,   0.0,       ,      ,      ,        ,        ,        ,        ,        ,        ,        ,        ,      
valiqst01, 2003,     1, EDM , NHL , G  ,  1.0,  0.0,   0.0,   0.0,   0.0, 0.0  ,  0.0,  0.0,  0.0,  0.0,  0.0, 0.0,   0.0,       ,      ,      ,        ,        ,        ,        ,        ,        ,        ,        ,      
valiqst01, 2003,     2, NYR , NHL , G  ,  2.0,  0.0,   0.0,   0.0,   0.0, 0.0  ,  0.0,  0.0,  0.0,  0.0,  0.0, 0.0,   0.0,       ,      ,      ,        ,        ,        ,        ,        ,        ,        ,        ,      
valiqst01, 2006,     1, NYR , NHL , G  ,  3.0,  0.0,   0.0,   0.0,   0.0, 0.0  ,  0.0,  0.0,  0.0,  0.0,  0.0,    ,   0.0,       ,      ,      ,        ,        ,        ,        ,        ,        ,        ,        ,      
valiqst01, 2007,     1, NYR , NHL , G  , 13.0,  0.0,   0.0,   0.0,   2.0, 0.0  ,  0.0,  0.0,  0.0,  0.0,  0.0,    ,   0.0,       ,      ,      ,        ,        ,        ,        ,        ,        ,        ,        ,      
valiqst01, 2008,     1, NYR , NHL , G  , 15.0,  0.0,   1.0,   1.0,   2.0, 0.0  ,  0.0,  1.0,  0.0,  0.0,  0.0,    ,   0.0,    2.0,   0.0,   0.0,     0.0,     0.0, 0.0    ,     0.0,     0.0,     0.0,     0.0,     0.0,     0.0
valiqst01, 2009,     1, NYR , NHL , G  ,  6.0,  0.0,   0.0,   0.0,   0.0, 0.0  ,  0.0,  0.0,  0.0,  0.0,  0.0,    ,   0.0,       ,      ,      ,        ,        ,        ,        ,        ,        ,        ,        ,      
valkga01 , 1990,     1, VAN , NHL , L  , 59.0, 10.0,  11.0,  21.0,  67.0, -23.0,  1.0,  3.0,  0.0,  0.0,  1.0, 0.0,  90.0,    5.0,   0.0,   0.0,     0.0,    20.0, -4.0   ,     0.0,     0.0,     0.0,     0.0,     0.0,     4.0
valkga01 , 1991,     1, VAN , NHL , L  , 65.0,  8.0,  17.0,  25.0,  56.0, 3.0  ,  2.0,  2.0,  1.0,  0.0,  2.0, 0.0,  93.0,    4.0,   0.0,   0.0,     0.0,     5.0, -2.0   ,     0.0,     0.0,     0.0,     0.0,     0.0,     3.0
valkga01 , 1992,     1, VAN , NHL , L  , 48.0,  6.0,   7.0,  13.0,  77.0, 6.0  ,  0.0,  0.0,  0.0,  1.0,  2.0, 1.0,  46.0,    7.0,   0.0,   1.0,     1.0,    12.0, -3.0   ,     0.0,     0.0,     0.0,     0.0,     0.0,     6.0
valkga01 , 1993,     1, ANA , NHL , L  , 78.0, 18.0,  27.0,  45.0, 100.0, 8.0  ,  4.0,  5.0,  1.0,  2.0,  5.0, 0.0, 165.0,       ,      ,      ,        ,        ,        ,        ,        ,        ,        ,        ,      
valkga01 , 1994,     1, ANA , NHL , L  , 36.0,  3.0,   6.0,   9.0,  34.0, -4.0 ,  0.0,  0.0,  0.0,  0.0,  0.0, 0.0,  53.0,       ,      ,      ,        ,        ,        ,        ,        ,        ,        ,        ,      
valkga01 , 1995,     1, ANA , NHL , L  , 79.0, 12.0,  12.0,  24.0, 125.0, 8.0  ,  1.0,  2.0,  1.0,  0.0,  2.0, 0.0, 108.0,       ,      ,      ,        ,        ,        ,        ,        ,        ,        ,        ,      
valkga01 , 1996,     1, ANA , NHL , L  , 53.0,  7.0,   7.0,  14.0,  53.0, -2.0 ,  0.0,  0.0,  0.0,  0.0,  1.0, 0.0,  68.0,       ,      ,      ,        ,        ,        ,        ,        ,        ,        ,        ,      
valkga01 , 1996,     2, PIT , NHL , L  , 17.0,  3.0,   4.0,   7.0,  25.0, -6.0 ,  0.0,  0.0,  0.0,  1.0,  0.0, 0.0,  32.0,       ,      ,      ,        ,        ,        ,        ,        ,        ,        ,        ,      
valkga01 , 1997,     1, PIT , NHL , L  , 39.0,  2.0,   1.0,   3.0,  33.0, -3.0 ,  0.0,  0.0,  0.0,  1.0,  0.0, 1.0,  32.0,       ,      ,      ,        ,        ,        ,        ,        ,        ,        ,        ,      
valkga01 , 1998,     1, TOR , NHL , L  , 77.0,  8.0,  21.0,  29.0,  53.0, 8.0  ,  1.0,  3.0,  0.0,  0.0,  0.0, 1.0,  93.0,   17.0,   3.0,   4.0,     7.0,    22.0, -1.0   ,     0.0,     0.0,     0.0,     0.0,     1.0,    14.0
valkga01 , 1999,     1, TOR , NHL , R  , 73.0, 10.0,  14.0,  24.0,  44.0, -2.0 ,  0.0,  1.0,  1.0,  2.0,  1.0, 1.0,  91.0,   12.0,   1.0,   2.0,     3.0,    14.0, 2.0    ,     0.0,     0.0,     0.0,     1.0,     0.0,    18.0
valkga01 , 2000,     1, TOR , NHL , R  , 74.0,  8.0,  18.0,  26.0,  46.0, 4.0  ,  1.0,  3.0,  0.0,  0.0,  2.0, 0.0,  87.0,    5.0,   1.0,   0.0,     1.0,     2.0, -1.0   ,     0.0,     0.0,     0.0,     0.0,     0.0,     6.0
valkga01 , 2001,     1, TOR , NHL , L  , 63.0,  5.0,  10.0,  15.0,  28.0, 2.0  ,  0.0,  0.0,  0.0,  0.0,  0.0, 0.0,  80.0,   11.0,   1.0,   0.0,     1.0,     4.0, -1.0   ,     0.0,     0.0,     0.0,     0.0,     0.0,     9.0
valkga01 , 2002,     1, CHI , NHL , L  , 16.0,  0.0,   1.0,   1.0,   6.0, 0.0  ,  0.0,  0.0,  0.0,  1.0,  0.0, 0.0,   9.0,       ,      ,      ,        ,        ,        ,        ,        ,        ,        ,        ,      
vallili01, 1993,     1, MTL , NHL , R  ,  1.0,  0.0,   0.0,   0.0,   0.0, 0.0  ,  0.0,  0.0,  0.0,  0.0,  0.0, 0.0,   0.0,       ,      ,      ,        ,        ,        ,        ,        ,        ,        ,        ,      
vanalsh01, 1990,     1, EDM , NHL , C  ,  2.0,  0.0,   0.0,   0.0,   0.0, 0.0  ,  0.0,  0.0,  0.0,  0.0,  0.0, 0.0,   0.0,       ,      ,      ,        ,        ,        ,        ,        ,        ,        ,        ,      
vanalsh01, 1992,     1, EDM , NHL , C  , 21.0,  1.0,   4.0,   5.0,   6.0, -2.0 ,  0.0,  1.0,  0.0,  0.0,  0.0, 0.0,  19.0,       ,      ,      ,        ,        ,        ,        ,        ,        ,        ,        ,      
vanalsh01, 1993,     1, ANA , NHL , C  , 80.0,  8.0,  25.0,  33.0,  64.0, 0.0  ,  2.0,  6.0,  2.0,  1.0,  1.0, 0.0, 104.0,       ,      ,      ,        ,        ,        ,        ,        ,        ,        ,        ,      
vanalsh01, 1994,     1, ANA , NHL , C  , 45.0,  8.0,  21.0,  29.0,  32.0, -4.0 ,  1.0,  7.0,  1.0,  1.0,  1.0, 0.0,  68.0,       ,      ,      ,        ,        ,        ,        ,        ,        ,        ,        ,      
vanalsh01, 1995,     1, ANA , NHL , C  , 49.0,  8.0,  17.0,  25.0,  41.0, 13.0 ,  0.0,  2.0,  0.0,  1.0,  2.0, 0.0,  78.0,       ,      ,      ,        ,        ,        ,        ,        ,        ,        ,        ,      
vanalsh01, 1996,     1, OTT , NHL , C  , 80.0, 11.0,  14.0,  25.0,  35.0, -8.0 ,  1.0,  1.0,  1.0,  1.0,  2.0, 0.0, 123.0,    7.0,   0.0,   1.0,     1.0,     4.0, -3.0   ,     0.0,     0.0,     0.0,     0.0,     0.0,     8.0
vanalsh01, 1997,     1, OTT , NHL , C  , 80.0,  4.0,  15.0,  19.0,  48.0, 4.0  ,  0.0,  1.0,  0.0,  1.0,  0.0, 0.0, 104.0,   11.0,   0.0,   1.0,     1.0,    10.0, -3.0   ,     0.0,     0.0,     0.0,     0.0,     0.0,    16.0
vanalsh01, 1998,     1, OTT , NHL , C  , 79.0,  6.0,  11.0,  17.0,  30.0, 3.0  ,  0.0,  0.0,  1.0,  0.0,  0.0, 0.0,  47.0,    4.0,   0.0,   0.0,     0.0,     0.0, -1.0   ,     0.0,     0.0,     0.0,     0.0,     0.0,     2.0
vanalsh01, 1999,     1, OTT , NHL , C  , 75.0,  9.0,  19.0,  28.0,  37.0, 20.0 ,  0.0,  0.0,  2.0,  1.0,  4.0, 0.0,  75.0,    6.0,   0.0,   1.0,     1.0,     9.0, 0.0    ,     0.0,     0.0,     0.0,     0.0,     0.0,     5.0
vanalsh01, 2000,     1, DAL , NHL , C  , 59.0,  7.0,  16.0,  23.0,  16.0, 5.0  ,  0.0,  0.0,  2.0,  1.0,  3.0, 0.0,  51.0,    8.0,   0.0,   2.0,     2.0,     8.0, 1.0    ,     0.0,     0.0,     0.0,     0.0,     0.0,    10.0
vanalsh01, 2001,     1, DAL , NHL , C  , 19.0,  2.0,   4.0,   6.0,   6.0, -5.0 ,  0.0,  1.0,  0.0,  0.0,  0.0, 0.0,  20.0,       ,      ,      ,        ,        ,        ,        ,        ,        ,        ,        ,      
vanalsh01, 2001,     2, MTL , NHL , C  , 54.0,  6.0,   9.0,  15.0,  20.0, 5.0  ,  0.0,  1.0,  1.0,  0.0,  1.0, 0.0,  28.0,    7.0,   0.0,   1.0,     1.0,     2.0, -3.0   ,     0.0,     0.0,     0.0,     0.0,     0.0,     1.0
vanalsh01, 2002,     1, OTT , NHL , C  , 78.0, 12.0,  20.0,  32.0,  66.0, 17.0 ,  2.0,  1.0,  2.0,  0.0,  3.0, 0.0,  53.0,   18.0,   1.0,   1.0,     2.0,    12.0, -1.0   ,     0.0,     0.0,     0.0,     0.0,     1.0,    12.0
vanalsh01, 2003,     1, OTT , NHL , L  , 73.0,  2.0,  10.0,  12.0,  80.0, 6.0  ,  0.0,  0.0,  1.0,  1.0,  0.0, 0.0,  41.0,       ,      ,      ,        ,        ,        ,        ,        ,        ,        ,        ,      
vanbijo01, 1981,     1, NYR , NHL , G  ,  1.0,  0.0,   0.0,   0.0,   0.0, 0.0  ,  0.0,     ,  0.0,     ,  0.0, 0.0,   0.0,       ,      ,      ,        ,        ,        ,        ,        ,        ,        ,        ,      
vanbijo01, 1983,     1, NYR , NHL , G  ,  3.0,  0.0,   0.0,   0.0,   2.0, 0.0  ,  0.0,     ,  0.0,     ,  0.0, 0.0,   0.0,    1.0,   0.0,   0.0,     0.0,     0.0, 0.0    ,     0.0,        ,     0.0,        ,     0.0,     0.0
vanbijo01, 1984,     1, NYR , NHL , G  , 42.0,  0.0,   5.0,   5.0,  17.0, 0.0  ,  0.0,     ,  0.0,     ,  0.0, 0.0,   0.0,    1.0,   0.0,   0.0,     0.0,     0.0, 0.0    ,     0.0,        ,     0.0,        ,     0.0,     0.0
vanbijo01, 1985,     1, NYR , NHL , G  , 61.0,  0.0,   3.0,   3.0,  16.0, 0.0  ,  0.0,     ,  0.0,     ,  0.0, 0.0,   0.0,   16.0,   0.0,   2.0,     2.0,     2.0, 0.0    ,     0.0,        ,     0.0,        ,     0.0,     0.0
vanbijo01, 1986,     1, NYR , NHL , G  , 50.0,  0.0,   1.0,   1.0,  18.0, 0.0  ,  0.0,     ,  0.0,     ,  0.0, 0.0,   0.0,    4.0,   0.0,   0.0,     0.0,     2.0, 0.0    ,     0.0,        ,     0.0,        ,     0.0,     0.0
vanbijo01, 1987,     1, NYR , NHL , G  , 56.0,  0.0,   5.0,   5.0,  46.0, 0.0  ,  0.0,     ,  0.0,     ,  0.0, 0.0,   1.0,       ,      ,      ,        ,        ,        ,        ,        ,        ,        ,        ,      
vanbijo01, 1988,     1, NYR , NHL , G  , 56.0,  0.0,   5.0,   5.0,  30.0, 0.0  ,  0.0,     ,  0.0,     ,  0.0, 0.0,   0.0,    2.0,   0.0,   0.0,     0.0,     0.0, 0.0    ,     0.0,     0.0,     0.0,     0.0,     0.0,     0.0
vanbijo01, 1989,     1, NYR , NHL , G  , 47.0,  0.0,   2.0,   2.0,  24.0, 0.0  ,  0.0,     ,  0.0,     ,  0.0, 0.0,   0.0,    6.0,   0.0,   0.0,     0.0,     4.0, 0.0    ,     0.0,     0.0,     0.0,     0.0,     0.0,     0.0
vanbijo01, 1990,     1, NYR , NHL , G  , 40.0,  0.0,   3.0,   3.0,  18.0, 0.0  ,  0.0,     ,  0.0,     ,  0.0, 0.0,   0.0,    1.0,   0.0,   0.0,     0.0,     0.0, 0.0    ,     0.0,     0.0,     0.0,     0.0,     0.0,     0.0
vanbijo01, 1991,     1, NYR , NHL , G  , 45.0,  0.0,   3.0,   3.0,  23.0, 0.0  ,  0.0,  0.0,  0.0,  1.0,  0.0, 0.0,   1.0,    7.0,   0.0,   0.0,     0.0,     2.0, 0.0    ,     0.0,     0.0,     0.0,     0.0,     0.0,     0.0
vanbijo01, 1992,     1, NYR , NHL , G  , 48.0,  0.0,   1.0,   1.0,  18.0, 0.0  ,  0.0,  1.0,  0.0,  0.0,  0.0, 0.0,   0.0,       ,      ,      ,        ,        ,        ,        ,        ,        ,        ,        ,      
vanbijo01, 1993,     1, FLO , NHL , G  , 57.0,  0.0,   0.0,   0.0,  38.0, 0.0  ,  0.0,  0.0,  0.0,  0.0,  0.0, 0.0,   0.0,       ,      ,      ,        ,        ,        ,        ,        ,        ,        ,        ,      
vanbijo01, 1994,     1, FLO , NHL , G  , 37.0,  0.0,   1.0,   1.0,   6.0, 0.0  ,  0.0,  1.0,  0.0,  0.0,  0.0, 0.0,   0.0,       ,      ,      ,        ,        ,        ,        ,        ,        ,        ,        ,      
vanbijo01, 1995,     1, FLO , NHL , G  , 57.0,  0.0,   2.0,   2.0,  10.0, 0.0  ,  0.0,  1.0,  0.0,  0.0,  0.0, 0.0,   0.0,   22.0,   0.0,   1.0,     1.0,    20.0, 0.0    ,     0.0,     0.0,     0.0,     0.0,     0.0,     0.0
vanbijo01, 1996,     1, FLO , NHL , G  , 57.0,  0.0,   2.0,   2.0,   8.0, 0.0  ,  0.0,  1.0,  0.0,  1.0,  0.0, 0.0,   0.0,    5.0,   0.0,   0.0,     0.0,     0.0, 0.0    ,     0.0,     0.0,     0.0,     0.0,     0.0,     0.0
vanbijo01, 1997,     1, FLO , NHL , G  , 60.0,  0.0,   3.0,   3.0,   6.0, 0.0  ,  0.0,  2.0,  0.0,  0.0,  0.0, 0.0,   0.0,       ,      ,      ,        ,        ,        ,        ,        ,        ,        ,        ,      
vanbijo01, 1998,     1, PHI , NHL , G  , 62.0,  0.0,   1.0,   1.0,  12.0, 0.0  ,  0.0,  0.0,  0.0,  0.0,  0.0, 0.0,   0.0,    6.0,   0.0,   0.0,     0.0,     2.0, 0.0    ,     0.0,     0.0,     0.0,     0.0,     0.0,     0.0
vanbijo01, 1999,     1, PHI , NHL , G  , 50.0,  0.0,   1.0,   1.0,   6.0, 0.0  ,  0.0,  0.0,  0.0,  0.0,  0.0, 0.0,   0.0,       ,      ,      ,        ,        ,        ,        ,        ,        ,        ,        ,      
vanbijo01, 2000,     1, NYI , NHL , G  , 44.0,  0.0,   0.0,   0.0,   8.0, 0.0  ,  0.0,  0.0,  0.0,  0.0,  0.0, 0.0,   0.0,       ,      ,      ,        ,        ,        ,        ,        ,        ,        ,        ,      
vanbijo01, 2000,     2, NJD , NHL , G  ,  4.0,  0.0,   0.0,   0.0,   0.0, 0.0  ,  0.0,  0.0,  0.0,  0.0,  0.0, 0.0,   0.0,       ,      ,      ,        ,        ,        ,        ,        ,        ,        ,        ,      
vanbijo01, 2001,     1, NJD , NHL , G  ,  5.0,  0.0,   0.0,   0.0,   4.0, 0.0  ,  0.0,  0.0,  0.0,  0.0,  0.0, 0.0,   0.0,       ,      ,      ,        ,        ,        ,        ,        ,        ,        ,        ,      
vanbojo01, 1973,     1, MTL , NHL , D  , 20.0,  1.0,   4.0,   5.0,  18.0, -3.0 ,  1.0,     ,  0.0,     ,  0.0, 0.0,  12.0,    1.0,   0.0,   0.0,     0.0,     0.0,        ,     0.0,        ,     0.0,        ,     0.0,      
vanbojo01, 1974,     1, MTL , NHL , D  ,  9.0,  0.0,   2.0,   2.0,   0.0, -1.0 ,  0.0,     ,  0.0,     ,  0.0, 0.0,  10.0,       ,      ,      ,        ,        ,        ,        ,        ,        ,        ,        ,      
vanbojo01, 1975,     1, MTL , NHL , D  , 46.0,  6.0,  11.0,  17.0,  31.0, 17.0 ,  0.0,     ,  0.0,     ,  1.0, 0.0,  88.0,       ,      ,      ,        ,        ,        ,        ,        ,        ,        ,        ,      
vanbojo01, 1976,     1, MTL , NHL , D  ,  4.0,  0.0,   1.0,   1.0,   0.0, 1.0  ,  0.0,     ,  0.0,     ,  0.0, 0.0,   5.0,       ,      ,      ,        ,        ,        ,        ,        ,        ,        ,        ,      
vanbojo01, 1976,     2, COR , NHL , D  , 41.0,  2.0,  11.0,  13.0,  32.0, -20.0,  0.0,     ,  0.0,     ,  0.0, 0.0,  88.0,       ,      ,      ,        ,        ,        ,        ,        ,        ,        ,        ,      
vanbojo01, 1977,     1, COR , NHL , D  , 80.0, 12.0,  42.0,  54.0,  87.0, -12.0,  5.0,     ,  0.0,     ,  0.0, 0.0, 262.0,    2.0,   0.0,   1.0,     1.0,     2.0,        ,     0.0,        ,     0.0,        ,     0.0,      
vanbojo01, 1978,     1, COR , NHL , D  , 76.0,  9.0,  34.0,  43.0,  46.0, -26.0,  4.0,     ,  0.0,     ,  0.0, 1.0, 189.0,       ,      ,      ,        ,        ,        ,        ,        ,        ,        ,        ,      
vanbojo01, 1979,     1, BUF , NHL , D  , 80.0, 11.0,  40.0,  51.0,  55.0, 40.0 ,  4.0,     ,  0.0,     ,  1.0, 2.0, 198.0,   14.0,   3.0,   5.0,     8.0,    12.0,        ,     2.0,        ,     0.0,        ,     2.0,      
vanbojo01, 1980,     1, BUF , NHL , D  , 80.0, 18.0,  51.0,  69.0,  69.0, -2.0 ,  6.0,     ,  1.0,     ,  2.0, 2.0, 258.0,    8.0,   1.0,   8.0,     9.0,     7.0,        ,     0.0,        ,     0.0,        ,     0.0,      
vanbojo01, 1981,     1, BUF , NHL , D  , 69.0, 14.0,  54.0,  68.0,  62.0, 23.0 ,  7.0,     ,  0.0,     ,  1.0, 1.0, 196.0,    4.0,   0.0,   1.0,     1.0,     6.0,        ,     0.0,        ,     0.0,        ,     0.0,      
vanbojo01, 1982,     1, BUF , NHL , D  , 65.0,  6.0,  21.0,  27.0,  53.0, 7.0  ,  1.0,     ,  0.0,     ,  1.0, 0.0, 144.0,    9.0,   1.0,   0.0,     1.0,    10.0,        ,     1.0,        ,     0.0,        ,     0.0,      
vanbojo01, 1983,     1, QUE , NHL , D  , 18.0,  5.0,   3.0,   8.0,  12.0, -1.0 ,  4.0,     ,  0.0,     ,  0.0, 0.0,  33.0,       ,      ,      ,        ,        ,        ,        ,        ,        ,        ,        ,      
vandeda01, 2008,     1, CAL , NHL , L  ,  6.0,  0.0,   2.0,   2.0,   0.0, -1.0 ,  0.0,  0.0,  0.0,  0.0,  0.0,    ,  11.0,       ,      ,      ,        ,        ,        ,        ,        ,        ,        ,        ,      
vandeji01, 2002,     1, PHI , NHL , D  , 24.0,  2.0,   1.0,   3.0,  27.0, 9.0  ,  0.0,  1.0,  0.0,  0.0,  0.0, 0.0,  22.0,    8.0,   0.0,   1.0,     1.0,     9.0, 1.0    ,     0.0,     0.0,     0.0,     0.0,     0.0,     7.0
vandeji01, 2003,     1, PHI , NHL , D  , 23.0,  3.0,   2.0,   5.0,  25.0, -5.0 ,  0.0,  0.0,  0.0,  0.0,  1.0, 0.0,  24.0,       ,      ,      ,        ,        ,        ,        ,        ,        ,        ,        ,      
vandeji01, 2003,     2, CHI , NHL , D  , 23.0,  2.0,  10.0,  12.0,  58.0, -6.0 ,  1.0,  5.0,  1.0,  0.0,  0.0, 0.0,  37.0,       ,      ,      ,        ,        ,        ,        ,        ,        ,        ,        ,      
vandeji01, 2005,     1, CHI , NHL , D  , 76.0,  6.0,  18.0,  24.0, 116.0, -2.0 ,  2.0,  0.0,  0.0,  0.0,  1.0,    ,  93.0,       ,      ,      ,        ,        ,        ,        ,        ,        ,        ,        ,      
vandeji01, 2006,     1, CHI , NHL , D  , 46.0,  1.0,   6.0,   7.0,  53.0, -3.0 ,  0.0,  1.0,  0.0,  0.0,  0.0,    ,  50.0,       ,      ,      ,        ,        ,        ,        ,        ,        ,        ,        ,      
vandeji01, 2007,     1, CHI , NHL , D  , 26.0,  2.0,   7.0,   9.0,  44.0, 3.0  ,  1.0,  1.0,  0.0,  2.0,  0.0,    ,  23.0,       ,      ,      ,        ,        ,        ,        ,        ,        ,        ,        ,      
vandeji01, 2007,     2, PHI , NHL , D  , 28.0,  1.0,   5.0,   6.0,  27.0, -1.0 ,  1.0,  0.0,  0.0,  0.0,  0.0,    ,  26.0,       ,      ,      ,        ,        ,        ,        ,        ,        ,        ,        ,      
vandeji01, 2007,     3, CAL , NHL , D  , 21.0,  0.0,   2.0,   2.0,  39.0, 4.0  ,  0.0,  0.0,  0.0,  1.0,  0.0,    ,  23.0,    7.0,   0.0,   0.0,     0.0,     4.0, -6.0   ,     0.0,     0.0,     0.0,     0.0,     0.0,     6.0
vandeji01, 2008,     1, CAL , NHL , D  , 45.0,  1.0,   6.0,   7.0, 108.0, 1.0  ,  0.0,  0.0,  0.0,  0.0,  0.0,    ,  31.0,    6.0,   0.0,   1.0,     1.0,     4.0, -1.0   ,     0.0,     0.0,     0.0,     0.0,     0.0,     3.0
vandeji01, 2009,     1, PHO , NHL , D  , 62.0,  4.0,   8.0,  12.0,  60.0, 3.0  ,  0.0,  0.0,  0.0,  0.0,  1.0,    ,  64.0,       ,      ,      ,        ,        ,        ,        ,        ,        ,        ,        ,      
vandepe01, 2007,     1, PHO , NHL , L  ,  2.0,  0.0,   0.0,   0.0,   0.0, 0.0  ,  0.0,  0.0,  0.0,  0.0,  0.0,    ,   0.0,       ,      ,      ,        ,        ,        ,        ,        ,        ,        ,        ,      
vandery01, 1996,     1, NYR , NHL , R  , 11.0,  1.0,   0.0,   1.0,  30.0, -2.0 ,  0.0,  0.0,  0.0,  0.0,  0.0, 0.0,   4.0,       ,      ,      ,        ,        ,        ,        ,        ,        ,        ,        ,      
vandery01, 1997,     1, NYR , NHL , R  , 16.0,  1.0,   0.0,   1.0,  38.0, -2.0 ,  0.0,  0.0,  0.0,  0.0,  0.0, 0.0,   2.0,       ,      ,      ,        ,        ,        ,        ,        ,        ,        ,        ,      
vandery01, 1997,     2, CHI , NHL , R  ,  4.0,  0.0,   1.0,   1.0,   5.0, 0.0  ,  0.0,  0.0,  0.0,  0.0,  0.0, 0.0,   0.0,       ,      ,      ,        ,        ,        ,        ,        ,        ,        ,        ,      
vandery01, 1998,     1, CHI , NHL , R  ,  6.0,  0.0,   0.0,   0.0,  17.0, 0.0  ,  0.0,  0.0,  0.0,  0.0,  0.0, 0.0,   3.0,       ,      ,      ,        ,        ,        ,        ,        ,        ,        ,        ,      
vandery01, 1999,     1, CHI , NHL , R  , 52.0,  0.0,   1.0,   1.0, 143.0, -3.0 ,  0.0,  1.0,  0.0,  0.0,  0.0, 0.0,  19.0,       ,      ,      ,        ,        ,        ,        ,        ,        ,        ,        ,      
vandery01, 2000,     1, CHI , NHL , R  , 64.0,  2.0,   5.0,   7.0, 146.0, -8.0 ,  0.0,  0.0,  0.0,  0.0,  0.0, 0.0,  24.0,       ,      ,      ,        ,        ,        ,        ,        ,        ,        ,        ,      
vandery01, 2001,     1, CHI , NHL , R  , 50.0,  1.0,   2.0,   3.0, 103.0, -10.0,  0.0,  0.0,  0.0,  0.0,  0.0, 0.0,  22.0,    1.0,   0.0,   0.0,     0.0,     0.0, 0.0    ,     0.0,     0.0,     0.0,     0.0,     0.0,     1.0
vandery01, 2002,     1, CHI , NHL , R  , 22.0,  0.0,   0.0,   0.0,  58.0, 0.0  ,  0.0,  0.0,  0.0,  0.0,  0.0, 0.0,   7.0,       ,      ,      ,        ,        ,        ,        ,        ,        ,        ,        ,      
vandery01, 2003,     1, CHI , NHL , R  , 65.0,  4.0,   1.0,   5.0, 120.0, -10.0,  2.0,  0.0,  0.0,  0.0,  0.0, 0.0,  25.0,       ,      ,      ,        ,        ,        ,        ,        ,        ,        ,        ,      
vandery01, 2005,     1, PIT , NHL , R  , 20.0,  1.0,   0.0,   1.0,  42.0, 0.0  ,  0.0,  0.0,  0.0,  0.0,  0.0,    ,   5.0,       ,      ,      ,        ,        ,        ,        ,        ,        ,        ,        ,      
vandowa01, 1986,     1, EDM , NHL , L  ,  3.0,  0.0,   0.0,   0.0,  25.0, -1.0 ,  0.0,     ,  0.0,     ,  0.0, 0.0,   3.0,    3.0,   0.0,   0.0,     0.0,     2.0, 0.0    ,     0.0,        ,     0.0,        ,     0.0,     1.0
vandowa01, 1987,     1, PIT , NHL , L  , 25.0,  1.0,   3.0,   4.0,  75.0, 2.0  ,  0.0,  0.0,  0.0,  0.0,  0.0, 0.0,  15.0,       ,      ,      ,        ,        ,        ,        ,        ,        ,        ,        ,      
vandowa01, 1988,     1, CHI , NHL , L  ,  8.0,  0.0,   0.0,   0.0,  23.0, 1.0  ,  0.0,  0.0,  0.0,  0.0,  0.0, 0.0,   4.0,   16.0,   0.0,   1.0,     1.0,    17.0, -1.0   ,     0.0,     0.0,     0.0,     0.0,     0.0,     5.0
vandowa01, 1989,     1, CHI , NHL , L  , 61.0,  7.0,   4.0,  11.0, 303.0, -3.0 ,  0.0,  0.0,  0.0,  0.0,  1.0, 0.0,  38.0,    8.0,   0.0,   0.0,     0.0,    23.0, -1.0   ,     0.0,     0.0,     0.0,     0.0,     0.0,     2.0
vandowa01, 1990,     1, QUE , NHL , L  ,  4.0,  1.0,   0.0,   1.0,  30.0, 1.0  ,  0.0,  0.0,  0.0,  0.0,  0.0, 0.0,   2.0,       ,      ,      ,        ,        ,        ,        ,        ,        ,        ,        ,      
vandowa01, 1991,     1, QUE , NHL , L  , 24.0,  3.0,   5.0,   8.0, 109.0, 5.0  ,  0.0,  1.0,  0.0,  0.0,  0.0, 0.0,  19.0,       ,      ,      ,        ,        ,        ,        ,        ,        ,        ,        ,      
vandrda01, 1999,     1, OTT , NHL , D  ,  1.0,  0.0,   0.0,   0.0,   0.0, 0.0  ,  0.0,  0.0,  0.0,  0.0,  0.0, 0.0,   0.0,       ,      ,      ,        ,        ,        ,        ,        ,        ,        ,        ,      
vanekth01, 2005,     1, BUF , NHL , L  , 81.0, 25.0,  23.0,  48.0,  72.0, -11.0, 11.0, 13.0,  0.0,  0.0,  4.0,    , 204.0,   10.0,   2.0,   0.0,     2.0,     6.0, -1.0   ,     2.0,     0.0,     0.0,     0.0,     0.0,    16.0
vanekth01, 2006,     1, BUF , NHL , L  , 82.0, 43.0,  41.0,  84.0,  40.0, 47.0 , 15.0,  7.0,  0.0,  0.0,  5.0,    , 237.0,   16.0,   6.0,   4.0,    10.0,    10.0, 2.0    ,     1.0,     1.0,     0.0,     0.0,     2.0,    36.0
vanekth01, 2007,     1, BUF , NHL , L  , 82.0, 36.0,  28.0,  64.0,  64.0, -5.0 , 19.0,  5.0,  0.0,  0.0,  9.0,    , 240.0,       ,      ,      ,        ,        ,        ,        ,        ,        ,        ,        ,      
vanekth01, 2008,     1, BUF , NHL , L  , 73.0, 40.0,  24.0,  64.0,  44.0, -1.0 , 20.0,  6.0,  2.0,  0.0,  5.0,    , 211.0,       ,      ,      ,        ,        ,        ,        ,        ,        ,        ,        ,      
vanekth01, 2009,     1, BUF , NHL , L  , 71.0, 28.0,  25.0,  53.0,  42.0, 9.0  , 10.0,  8.0,  0.0,  0.0,  6.0,    , 182.0,    3.0,   2.0,   1.0,     3.0,     2.0, 1.0    ,     0.0,     0.0,     0.0,     0.0,     0.0,    10.0
vanhojo01, 1975,     1, TOT , WHA , D  ,  2.0,  0.0,   0.0,   0.0,  12.0, -1.0 ,  0.0,     ,  0.0,     ,  0.0,    ,   0.0,       ,      ,      ,        ,        ,        ,        ,        ,        ,        ,        ,      
vanimda01, 1994,     1, ANA , NHL , D  ,  1.0,  0.0,   1.0,   1.0,   4.0, 0.0  ,  0.0,  0.0,  0.0,  0.0,  0.0, 0.0,   0.0,       ,      ,      ,        ,        ,        ,        ,        ,        ,        ,        ,      
vanimda01, 1995,     1, ANA , NHL , D  , 16.0,  1.0,   2.0,   3.0,  14.0, 8.0  ,  0.0,  0.0,  0.0,  0.0,  1.0, 0.0,  13.0,       ,      ,      ,        ,        ,        ,        ,        ,        ,        ,        ,      
vanimda01, 1996,     1, ANA , NHL , D  , 74.0,  4.0,  19.0,  23.0,  90.0, 3.0  ,  2.0,  8.0,  0.0,  1.0,  0.0, 0.0, 107.0,    9.0,   0.0,   2.0,     2.0,    16.0, -3.0   ,     0.0,     1.0,     0.0,     0.0,     0.0,    11.0
vanimda01, 1997,     1, ANA , NHL , D  , 19.0,  1.0,   3.0,   4.0,   4.0, -10.0,  0.0,  1.0,  0.0,  0.0,  0.0, 0.0,  21.0,       ,      ,      ,        ,        ,        ,        ,        ,        ,        ,        ,      
vanimda01, 1997,     2, BOS , NHL , D  , 50.0,  2.0,   8.0,  10.0,  36.0, 4.0  ,  2.0,  4.0,  0.0,  1.0,  0.0, 0.0,  50.0,    6.0,   2.0,   1.0,     3.0,     0.0, 0.0    ,     1.0,     1.0,     0.0,     0.0,     1.0,    19.0
vanimda01, 1998,     1, BOS , NHL , D  , 60.0,  5.0,  15.0,  20.0,  66.0, -5.0 ,  4.0,  8.0,  0.0,  0.0,  0.0, 0.0,  92.0,   11.0,   1.0,   2.0,     3.0,     4.0, -3.0   ,     1.0,     2.0,     0.0,     0.0,     0.0,    18.0
vanimda01, 1999,     1, BOS , NHL , D  , 79.0,  5.0,  23.0,  28.0,  73.0, -19.0,  4.0, 15.0,  0.0,  0.0,  0.0, 0.0,  97.0,       ,      ,      ,        ,        ,        ,        ,        ,        ,        ,        ,      
vanimda01, 2000,     1, BOS , NHL , D  , 31.0,  3.0,  10.0,  13.0,  41.0, -9.0 ,  2.0,  8.0,  0.0,  0.0,  0.0, 0.0,  40.0,       ,      ,      ,        ,        ,        ,        ,        ,        ,        ,        ,      
vanimda01, 2001,     1, NYR , NHL , D  , 17.0,  1.0,   0.0,   1.0,  12.0, 3.0  ,  1.0,  0.0,  0.0,  0.0,  0.0, 0.0,  19.0,       ,      ,      ,        ,        ,        ,        ,        ,        ,        ,        ,      
vanimda01, 2001,     2, FLO , NHL , D  , 36.0,  1.0,   6.0,   7.0,  31.0, 3.0  ,  1.0,  1.0,  0.0,  1.0,  1.0, 0.0,  27.0,       ,      ,      ,        ,        ,        ,        ,        ,        ,        ,        ,      
vanimda01, 2001,     3, NYI , NHL , D  , 14.0,  1.0,   2.0,   3.0,  16.0, 6.0  ,  0.0,  0.0,  0.0,  0.0,  0.0, 0.0,  14.0,    7.0,   0.0,   4.0,     4.0,     8.0, -5.0   ,     0.0,     2.0,     0.0,     0.0,     0.0,     8.0
vanimda01, 2002,     1, CBS , NHL , D  , 14.0,  1.0,   1.0,   2.0,  10.0, -6.0 ,  0.0,  1.0,  1.0,  0.0,  0.0, 1.0,  11.0,       ,      ,      ,        ,        ,        ,        ,        ,        ,        ,        ,      
vanimed01, 1966,     1, CHI , NHL , D  , 61.0,  8.0,  11.0,  19.0, 111.0,      ,  0.0,     ,  0.0,     ,  3.0, 0.0,      ,    6.0,   0.0,   0.0,     0.0,     8.0,        ,        ,        ,        ,        ,     0.0,      
vanimed01, 1967,     1, PHI , NHL , D  , 67.0,  4.0,  13.0,  17.0, 141.0, -5.0 ,  4.0,     ,  0.0,     ,  1.0, 0.0, 129.0,    7.0,   0.0,   4.0,     4.0,    11.0,        ,     0.0,        ,     0.0,        ,     0.0,      
vanimed01, 1968,     1, PHI , NHL , D  , 68.0,  7.0,  12.0,  19.0, 112.0, -13.0,  1.0,     ,  0.0,     ,  0.0, 0.0, 118.0,    1.0,   0.0,   0.0,     0.0,    17.0,        ,     0.0,        ,     0.0,        ,     0.0,      
vanimed01, 1969,     1, PHI , NHL , D  , 65.0,  0.0,  10.0,  10.0, 117.0, -1.0 ,  0.0,     ,  0.0,     ,  0.0, 0.0,  81.0,       ,      ,      ,        ,        ,        ,        ,        ,        ,        ,        ,      
vanimed01, 1970,     1, PHI , NHL , D  , 77.0,  0.0,  11.0,  11.0,  80.0, -13.0,  0.0,     ,  0.0,     ,  0.0, 0.0,  70.0,    4.0,   0.0,   1.0,     1.0,     8.0,        ,     0.0,        ,     0.0,        ,     0.0,      
vanimed01, 1971,     1, PHI , NHL , D  , 73.0,  4.0,   9.0,  13.0,  78.0, -8.0 ,  0.0,     ,  0.0,     ,  0.0, 2.0, 110.0,       ,      ,      ,        ,        ,        ,        ,        ,        ,        ,        ,      
vanimed01, 1972,     1, PHI , NHL , D  , 72.0,  1.0,  11.0,  12.0,  76.0, 22.0 ,  0.0,     ,  0.0,     ,  0.0, 0.0,  66.0,   11.0,   0.0,   0.0,     0.0,    16.0,        ,     0.0,        ,     0.0,        ,     0.0,      
vanimed01, 1973,     1, PHI , NHL , D  , 77.0,  2.0,  16.0,  18.0, 119.0, 31.0 ,  0.0,     ,  0.0,     ,  1.0, 1.0,  76.0,   17.0,   1.0,   2.0,     3.0,    41.0,        ,     0.0,        ,     0.0,        ,     0.0,      
vanimed01, 1974,     1, PHI , NHL , D  , 78.0,  1.0,  17.0,  18.0, 109.0, 39.0 ,  0.0,     ,  0.0,     ,  0.0, 0.0,  57.0,   17.0,   0.0,   4.0,     4.0,    28.0,        ,     0.0,        ,     0.0,        ,     0.0,      
vanimed01, 1975,     1, PHI , NHL , D  , 40.0,  0.0,   8.0,   8.0,  60.0, 16.0 ,  0.0,     ,  0.0,     ,  0.0, 0.0,  15.0,       ,      ,      ,        ,        ,        ,        ,        ,        ,        ,        ,      
vanimed01, 1975,     2, PIT , NHL , D  , 12.0,  0.0,   5.0,   5.0,  16.0, 4.0  ,  0.0,     ,  0.0,     ,  0.0, 0.0,   7.0,    3.0,   0.0,   1.0,     1.0,     2.0,        ,     0.0,        ,     0.0,        ,     0.0,      
vanimed01, 1976,     1, PIT , NHL , D  , 10.0,  0.0,   3.0,   3.0,   6.0, -2.0 ,  0.0,     ,  0.0,     ,  0.0, 0.0,   3.0,       ,      ,      ,        ,        ,        ,        ,        ,        ,        ,        ,      
vanrija01, 2009,     1, PHI , NHL , L  , 78.0, 15.0,  20.0,  35.0,  30.0, -1.0 ,  4.0,  3.0,  0.0,  0.0,  6.0,    , 173.0,   21.0,   3.0,   3.0,     6.0,     4.0, -4.0   ,     0.0,     0.0,     0.0,     0.0,     0.0,    41.0
vanrymi01, 2000,     1, STL , NHL , D  ,  1.0,  0.0,   0.0,   0.0,   0.0, -2.0 ,  0.0,  0.0,  0.0,  0.0,  0.0, 0.0,   1.0,       ,      ,      ,        ,        ,        ,        ,        ,        ,        ,        ,      
vanrymi01, 2001,     1, STL , NHL , D  , 48.0,  2.0,   8.0,  10.0,  18.0, 10.0 ,  0.0,  0.0,  0.0,  0.0,  1.0, 0.0,  52.0,    9.0,   0.0,   0.0,     0.0,     0.0, -2.0   ,     0.0,     0.0,     0.0,     0.0,     0.0,    12.0
vanrymi01, 2002,     1, STL , NHL , D  , 20.0,  0.0,   3.0,   3.0,   8.0, 3.0  ,  0.0,  1.0,  0.0,  0.0,  0.0, 0.0,  21.0,       ,      ,      ,        ,        ,        ,        ,        ,        ,        ,        ,      
vanrymi01, 2003,     1, FLO , NHL , D  , 79.0, 13.0,  24.0,  37.0,  52.0, -16.0,  6.0, 12.0,  1.0,  0.0,  0.0, 1.0, 136.0,       ,      ,      ,        ,        ,        ,        ,        ,        ,        ,        ,      
vanrymi01, 2005,     1, FLO , NHL , D  , 80.0,  8.0,  29.0,  37.0,  90.0, 15.0 ,  3.0, 13.0,  0.0,  0.0,  2.0,    , 154.0,       ,      ,      ,        ,        ,        ,        ,        ,        ,        ,        ,      
vanrymi01, 2006,     1, FLO , NHL , D  , 78.0,  4.0,  25.0,  29.0,  64.0, -5.0 ,  1.0,  9.0,  0.0,  1.0,  0.0,    , 121.0,       ,      ,      ,        ,        ,        ,        ,        ,        ,        ,        ,      
vanrymi01, 2007,     1, FLO , NHL , D  , 20.0,  0.0,   2.0,   2.0,  14.0, -2.0 ,  0.0,  0.0,  0.0,  0.0,  0.0,    ,  16.0,       ,      ,      ,        ,        ,        ,        ,        ,        ,        ,        ,      
vanrymi01, 2008,     1, TOR , NHL , D  , 27.0,  3.0,   8.0,  11.0,  14.0, 2.0  ,  2.0,  2.0,  0.0,  0.0,  0.0,    ,  53.0,       ,      ,      ,        ,        ,        ,        ,        ,        ,        ,        ,      
varadva01, 1995,     1, BUF , NHL , L  ,  1.0,  0.0,   0.0,   0.0,   0.0, 0.0  ,  0.0,  0.0,  0.0,  0.0,  0.0, 0.0,   2.0,       ,      ,      ,        ,        ,        ,        ,        ,        ,        ,        ,      
varadva01, 1996,     1, BUF , NHL , L  ,  5.0,  0.0,   0.0,   0.0,   2.0, 0.0  ,  0.0,  0.0,  0.0,  0.0,  0.0, 0.0,   2.0,       ,      ,      ,        ,        ,        ,        ,        ,        ,        ,        ,      
varadva01, 1997,     1, BUF , NHL , R  , 27.0,  5.0,   6.0,  11.0,  15.0, 0.0  ,  0.0,  0.0,  0.0,  0.0,  1.0, 1.0,  27.0,   15.0,   3.0,   4.0,     7.0,    18.0, 3.0    ,     0.0,     0.0,     0.0,     0.0,     0.0,    24.0
varadva01, 1998,     1, BUF , NHL , R  , 72.0,  7.0,  24.0,  31.0,  61.0, 11.0 ,  1.0,  3.0,  0.0,  0.0,  1.0, 0.0, 123.0,   21.0,   5.0,   4.0,     9.0,    14.0, 2.0    ,     1.0,     0.0,     0.0,     0.0,     0.0,    38.0
varadva01, 1999,     1, BUF , NHL , R  , 76.0, 10.0,  27.0,  37.0,  62.0, 12.0 ,  0.0,  3.0,  0.0,  0.0,  0.0, 0.0, 140.0,    5.0,   0.0,   0.0,     0.0,     8.0, 1.0    ,     0.0,     0.0,     0.0,     0.0,     0.0,     8.0
varadva01, 2000,     1, BUF , NHL , R  , 75.0, 10.0,  21.0,  31.0,  81.0, -2.0 ,  2.0,  2.0,  0.0,  0.0,  2.0, 0.0, 112.0,   13.0,   0.0,   4.0,     4.0,     8.0, 2.0    ,     0.0,     0.0,     0.0,     0.0,     0.0,    22.0
varadva01, 2001,     1, BUF , NHL , R  , 76.0,  7.0,  16.0,  23.0,  82.0, -7.0 ,  1.0,  3.0,  0.0,  1.0,  1.0, 0.0, 138.0,       ,      ,      ,        ,        ,        ,        ,        ,        ,        ,        ,      
varadva01, 2002,     1, BUF , NHL , R  , 44.0,  7.0,   4.0,  11.0,  23.0, -2.0 ,  1.0,  0.0,  0.0,  0.0,  0.0, 0.0,  64.0,       ,      ,      ,        ,        ,        ,        ,        ,        ,        ,        ,      
varadva01, 2002,     2, OTT , NHL , R  , 11.0,  2.0,   6.0,   8.0,   8.0, 3.0  ,  1.0,  0.0,  0.0,  0.0,  0.0, 0.0,  17.0,   18.0,   2.0,   4.0,     6.0,    18.0, 4.0    ,     0.0,     0.0,     0.0,     0.0,     0.0,    23.0
varadva01, 2003,     1, OTT , NHL , L  , 30.0,  5.0,   5.0,  10.0,  26.0, 2.0  ,  0.0,  0.0,  0.0,  0.0,  1.0, 0.0,  47.0,    7.0,   1.0,   1.0,     2.0,     4.0, 0.0    ,     0.0,     0.0,     0.0,     0.0,     0.0,    10.0
varadva01, 2005,     1, OTT , NHL , R  , 76.0,  5.0,  16.0,  21.0,  50.0, 2.0  ,  1.0,  1.0,  0.0,  0.0,  0.0,    , 114.0,    8.0,   0.0,   2.0,     2.0,    12.0, -2.0   ,     0.0,     0.0,     0.0,     0.0,     0.0,     7.0
varispe01, 1997,     1, CHI , NHL , L  ,  1.0,  0.0,   0.0,   0.0,   0.0, 0.0  ,  0.0,  0.0,  0.0,  0.0,  0.0, 0.0,   0.0,       ,      ,      ,        ,        ,        ,        ,        ,        ,        ,        ,      
varlase01, 1997,     1, CAL , NHL , L  ,  1.0,  0.0,   0.0,   0.0,   0.0, 0.0  ,  0.0,  0.0,  0.0,  0.0,  0.0, 0.0,   0.0,       ,      ,      ,        ,        ,        ,        ,        ,        ,        ,        ,      
varlase01, 1999,     1, CAL , NHL , R  ,  7.0,  3.0,   0.0,   3.0,   0.0, 0.0  ,  0.0,  0.0,  0.0,  0.0,  1.0, 0.0,  11.0,       ,      ,      ,        ,        ,        ,        ,        ,        ,        ,        ,      
varlase01, 2001,     1, STL , NHL , L  , 52.0,  5.0,   7.0,  12.0,  26.0, 4.0  ,  0.0,  0.0,  0.0,  0.0,  0.0, 0.0,  83.0,    1.0,   0.0,   0.0,     0.0,     2.0, 0.0    ,     0.0,     0.0,     0.0,     0.0,     0.0,     0.0
varlase01, 2002,     1, STL , NHL , L  ,  3.0,  0.0,   0.0,   0.0,   0.0, 1.0  ,  0.0,  0.0,  0.0,  0.0,  0.0, 0.0,   5.0,       ,      ,      ,        ,        ,        ,        ,        ,        ,        ,        ,      
varlasi01, 2008,     1, WAS , NHL , G  ,  6.0,  0.0,   0.0,   0.0,   2.0, 0.0  ,  0.0,  0.0,  0.0,  0.0,  0.0,    ,   0.0,   13.0,   0.0,   0.0,     0.0,     2.0, 0.0    ,     0.0,     0.0,     0.0,     0.0,     0.0,     0.0
varlasi01, 2009,     1, WAS , NHL , G  , 26.0,  0.0,   1.0,   1.0,   0.0, 0.0  ,  0.0,  0.0,  0.0,  0.0,  0.0,    ,   0.0,    6.0,   0.0,   0.0,     0.0,     0.0, 0.0    ,     0.0,     0.0,     0.0,     0.0,     0.0,     0.0
varvija01, 1993,     1, DAL , NHL , L  ,  8.0,  2.0,   3.0,   5.0,   4.0, 1.0  ,  0.0,  2.0,  0.0,  0.0,  1.0, 0.0,  17.0,       ,      ,      ,        ,        ,        ,        ,        ,        ,        ,        ,      
varvija01, 1994,     1, DAL , NHL , R  ,  5.0,  1.0,   1.0,   2.0,   0.0, 1.0  ,  1.0,  0.0,  0.0,  0.0,  0.0, 0.0,   9.0,       ,      ,      ,        ,        ,        ,        ,        ,        ,        ,        ,      
vasicjo01, 2000,     1, CAR , NHL , C  , 76.0,  8.0,  13.0,  21.0,  53.0, -8.0 ,  1.0,  1.0,  0.0,  0.0,  0.0, 0.0, 103.0,    6.0,   2.0,   0.0,     2.0,     0.0, -1.0   ,     0.0,     0.0,     0.0,     0.0,     0.0,     9.0
vasicjo01, 2001,     1, CAR , NHL , C  , 78.0, 14.0,  17.0,  31.0,  53.0, -7.0 ,  3.0,  3.0,  0.0,  0.0,  3.0, 0.0, 117.0,   23.0,   3.0,   2.0,     5.0,    12.0, 6.0    ,     0.0,     0.0,     0.0,     0.0,     1.0,    32.0
vasicjo01, 2002,     1, CAR , NHL , C  , 57.0, 10.0,  10.0,  20.0,  33.0, -19.0,  4.0,  1.0,  0.0,  0.0,  1.0, 0.0,  87.0,       ,      ,      ,        ,        ,        ,        ,        ,        ,        ,        ,      
vasicjo01, 2003,     1, CAR , NHL , L  , 82.0, 19.0,  26.0,  45.0,  60.0, -3.0 ,  6.0,  9.0,  0.0,  0.0,  5.0, 0.0, 161.0,       ,      ,      ,        ,        ,        ,        ,        ,        ,        ,        ,      
vasicjo01, 2005,     1, CAR , NHL , C  , 23.0,  4.0,   5.0,   9.0,   8.0, 3.0  ,  0.0,  1.0,  0.0,  0.0,  0.0,    ,  41.0,    8.0,   0.0,   0.0,     0.0,     2.0, -2.0   ,     0.0,     0.0,     0.0,     0.0,     0.0,    13.0
vasicjo01, 2006,     1, NAS , NHL , C  , 38.0,  4.0,   9.0,  13.0,  29.0, 1.0  ,  0.0,  1.0,  0.0,  0.0,  0.0,    ,  47.0,       ,      ,      ,        ,        ,        ,        ,        ,        ,        ,        ,      
vasicjo01, 2006,     2, CAR , NHL , C  , 25.0,  2.0,   7.0,   9.0,  22.0, -6.0 ,  0.0,  2.0,  0.0,  1.0,  0.0,    ,  30.0,       ,      ,      ,        ,        ,        ,        ,        ,        ,        ,        ,      
vasicjo01, 2007,     1, NYI , NHL , C  , 81.0, 16.0,  19.0,  35.0,  53.0, 1.0  ,  0.0,  5.0,  2.0,  0.0,  2.0,    , 126.0,       ,      ,      ,        ,        ,        ,        ,        ,        ,        ,        ,      
vasilal01, 1995,     1, STL , NHL , R  ,  1.0,  0.0,   0.0,   0.0,   0.0, -1.0 ,  0.0,  0.0,  0.0,  0.0,  0.0, 0.0,   0.0,       ,      ,      ,        ,        ,        ,        ,        ,        ,        ,        ,      
vasilal01, 1996,     1, STL , NHL , R  ,  3.0,  0.0,   0.0,   0.0,   2.0, -1.0 ,  0.0,  0.0,  0.0,  0.0,  0.0, 0.0,   3.0,       ,      ,      ,        ,        ,        ,        ,        ,        ,        ,        ,      
vasilal02, 1999,     1, NYR , NHL , D  ,  1.0,  0.0,   0.0,   0.0,   2.0, -1.0 ,  0.0,  0.0,  0.0,  0.0,  0.0, 0.0,   0.0,       ,      ,      ,        ,        ,        ,        ,        ,        ,        ,        ,      
vasilan01, 1994,     1, NYI , NHL , L  ,  2.0,  0.0,   0.0,   0.0,   2.0, 0.0  ,  0.0,  0.0,  0.0,  0.0,  0.0, 0.0,   2.0,       ,      ,      ,        ,        ,        ,        ,        ,        ,        ,        ,      
vasilan01, 1995,     1, NYI , NHL , L  , 10.0,  2.0,   5.0,   7.0,   2.0, 4.0  ,  0.0,  0.0,  0.0,  0.0,  1.0, 0.0,  12.0,       ,      ,      ,        ,        ,        ,        ,        ,        ,        ,        ,      
vasilan01, 1996,     1, NYI , NHL , L  ,  3.0,  0.0,   0.0,   0.0,   2.0, -3.0 ,  0.0,  0.0,  0.0,  0.0,  0.0, 0.0,   1.0,       ,      ,      ,        ,        ,        ,        ,        ,        ,        ,        ,      
vasilan01, 1998,     1, PHO , NHL , L  ,  1.0,  0.0,   0.0,   0.0,   0.0, -2.0 ,  0.0,  0.0,  0.0,  0.0,  0.0, 0.0,   0.0,       ,      ,      ,        ,        ,        ,        ,        ,        ,        ,        ,      
vasilhe01, 1998,     1, FLO , NHL , C  ,  5.0,  0.0,   0.0,   0.0,   2.0, -1.0 ,  0.0,  0.0,  0.0,  0.0,  0.0, 0.0,   6.0,       ,      ,      ,        ,        ,        ,        ,        ,        ,        ,        ,      
vasilhe01, 1999,     1, ATL , NHL , C  ,  7.0,  1.0,   0.0,   1.0,   4.0, -3.0 ,  0.0,  0.0,  0.0,  0.0,  0.0, 0.0,   2.0,       ,      ,      ,        ,        ,        ,        ,        ,        ,        ,        ,      
vasilhe01, 2000,     1, ATL , NHL , R  , 21.0,  4.0,   5.0,   9.0,  14.0, -11.0,  2.0,  2.0,  0.0,  1.0,  1.0, 0.0,  41.0,       ,      ,      ,        ,        ,        ,        ,        ,        ,        ,        ,      
vasilhe01, 2001,     1, VAN , NHL , C  , 18.0,  3.0,   2.0,   5.0,   2.0, 0.0  ,  2.0,  0.0,  0.0,  0.0,  0.0, 0.0,  17.0,       ,      ,      ,        ,        ,        ,        ,        ,        ,        ,        ,      
vasilmi01, 1977,     1, SOV , WHA , G  ,  3.0,  0.0,   0.0,   0.0,   0.0,      ,     ,     ,     ,     ,     ,    ,      ,       ,      ,      ,        ,        ,        ,        ,        ,        ,        ,        ,      
vaskede01, 1990,     1, NYI , NHL , D  ,  5.0,  0.0,   0.0,   0.0,   2.0, 4.0  ,  0.0,  0.0,  0.0,  0.0,  0.0, 0.0,   3.0,       ,      ,      ,        ,        ,        ,        ,        ,        ,        ,        ,      
vaskede01, 1991,     1, NYI , NHL , D  , 39.0,  0.0,   1.0,   1.0,  39.0, 5.0  ,  0.0,  0.0,  0.0,  0.0,  0.0, 0.0,  26.0,       ,      ,      ,        ,        ,        ,        ,        ,        ,        ,        ,      
vaskede01, 1992,     1, NYI , NHL , D  , 27.0,  1.0,   5.0,   6.0,  32.0, 9.0  ,  0.0,  0.0,  0.0,  0.0,  0.0, 0.0,  15.0,   18.0,   0.0,   6.0,     6.0,    14.0, -3.0   ,     0.0,     0.0,     0.0,     0.0,     0.0,    23.0
vaskede01, 1993,     1, NYI , NHL , D  , 65.0,  2.0,  11.0,  13.0,  76.0, 21.0 ,  0.0,  1.0,  0.0,  1.0,  0.0, 0.0,  71.0,    4.0,   0.0,   1.0,     1.0,     2.0, -1.0   ,     0.0,     0.0,     0.0,     0.0,     0.0,     0.0
vaskede01, 1994,     1, NYI , NHL , D  , 41.0,  1.0,  11.0,  12.0,  53.0, 3.0  ,  0.0,  2.0,  0.0,  0.0,  0.0, 0.0,  48.0,       ,      ,      ,        ,        ,        ,        ,        ,        ,        ,        ,      
vaskede01, 1995,     1, NYI , NHL , D  , 19.0,  1.0,   6.0,   7.0,  21.0, -13.0,  1.0,  5.0,  0.0,  0.0,  1.0, 0.0,  19.0,       ,      ,      ,        ,        ,        ,        ,        ,        ,        ,        ,      
vaskede01, 1996,     1, NYI , NHL , D  , 17.0,  0.0,   4.0,   4.0,  12.0, 3.0  ,  0.0,  0.0,  0.0,  0.0,  0.0, 0.0,  19.0,       ,      ,      ,        ,        ,        ,        ,        ,        ,        ,        ,      
vaskede01, 1997,     1, NYI , NHL , D  , 19.0,  0.0,   3.0,   3.0,  12.0, 2.0  ,  0.0,  0.0,  0.0,  0.0,  0.0, 0.0,  16.0,       ,      ,      ,        ,        ,        ,        ,        ,        ,        ,        ,      
vaskede01, 1998,     1, BOS , NHL , D  ,  3.0,  0.0,   0.0,   0.0,   6.0, -3.0 ,  0.0,  0.0,  0.0,  0.0,  0.0, 0.0,   0.0,       ,      ,      ,        ,        ,        ,        ,        ,        ,        ,        ,      
vaskomo01, 1956,     1, CHI , NHL , D  , 64.0,  3.0,  12.0,  15.0,  31.0,      ,     ,     ,     ,     ,     ,    ,      ,       ,      ,      ,        ,        ,        ,        ,        ,        ,        ,        ,      
vaskomo01, 1957,     1, CHI , NHL , D  , 59.0,  6.0,  20.0,  26.0,  51.0,      ,     ,     ,     ,     ,     ,    ,      ,       ,      ,      ,        ,        ,        ,        ,        ,        ,        ,        ,      
vaskomo01, 1958,     1, CHI , NHL , D  , 63.0,  6.0,  10.0,  16.0,  52.0,      ,     ,     ,     ,     ,     ,    ,      ,    6.0,   0.0,   1.0,     1.0,     4.0,        ,        ,        ,        ,        ,        ,      
vaskomo01, 1959,     1, CHI , NHL , D  , 69.0,  3.0,  27.0,  30.0, 110.0,      ,     ,     ,     ,     ,     ,    ,      ,    4.0,   0.0,   0.0,     0.0,     0.0,        ,        ,        ,        ,        ,        ,      
vaskomo01, 1960,     1, CHI , NHL , D  , 63.0,  4.0,  18.0,  22.0,  40.0,      ,     ,     ,     ,     ,     ,    ,      ,   12.0,   1.0,   1.0,     2.0,    23.0,        ,        ,        ,        ,        ,     1.0,      
vaskomo01, 1961,     1, CHI , NHL , D  , 64.0,  2.0,  22.0,  24.0,  87.0,      ,     ,     ,     ,     ,     ,    ,      ,   12.0,   0.0,   0.0,     0.0,     4.0,        ,        ,        ,        ,        ,     0.0,      
vaskomo01, 1962,     1, CHI , NHL , D  , 64.0,  4.0,   9.0,  13.0,  70.0,      ,     ,     ,     ,     ,     ,    ,      ,    6.0,   0.0,   1.0,     1.0,     8.0,        ,        ,        ,        ,        ,     0.0,      
vaskomo01, 1963,     1, CHI , NHL , D  , 70.0,  2.0,  18.0,  20.0,  65.0,      ,  0.0,     ,  0.0,     ,  0.0, 0.0,      ,    7.0,   0.0,   0.0,     0.0,     4.0,        ,        ,        ,        ,        ,     0.0,      
vaskomo01, 1964,     1, CHI , NHL , D  , 69.0,  1.0,  10.0,  11.0,  56.0,      ,  0.0,     ,  0.0,     ,  0.0, 0.0,      ,   14.0,   1.0,   2.0,     3.0,    20.0,        ,        ,        ,        ,        ,     0.0,      
vaskomo01, 1965,     1, CHI , NHL , D  , 56.0,  1.0,   7.0,   8.0,  44.0,      ,  0.0,     ,  0.0,     ,  0.0, 0.0,      ,    3.0,   0.0,   0.0,     0.0,     4.0,        ,        ,        ,        ,        ,     0.0,      
vaskomo01, 1967,     1, MNS , NHL , D  , 70.0,  1.0,   6.0,   7.0,  45.0, -36.0,  0.0,     ,  0.0,     ,  0.0, 0.0,  23.0,   14.0,   0.0,   2.0,     2.0,     6.0,        ,     0.0,        ,     0.0,        ,     0.0,      
vaskomo01, 1968,     1, MNS , NHL , D  , 72.0,  1.0,   7.0,   8.0,  68.0, -18.0,  0.0,     ,  0.0,     ,  0.0, 0.0,  52.0,       ,      ,      ,        ,        ,        ,        ,        ,        ,        ,        ,      
vaskomo01, 1969,     1, MNS , NHL , D  ,  3.0,  0.0,   0.0,   0.0,   0.0, -1.0 ,  0.0,     ,  0.0,     ,  0.0, 0.0,   3.0,       ,      ,      ,        ,        ,        ,        ,        ,        ,        ,        ,      
vaskori01, 1977,     1, DET , NHL , D  ,  3.0,  0.0,   0.0,   0.0,   7.0, -1.0 ,  0.0,     ,  0.0,     ,  0.0, 0.0,   6.0,       ,      ,      ,        ,        ,        ,        ,        ,        ,        ,        ,      
vaskori01, 1979,     1, DET , NHL , D  ,  8.0,  0.0,   0.0,   0.0,   2.0, -11.0,  0.0,     ,  0.0,     ,  0.0, 0.0,   6.0,       ,      ,      ,        ,        ,        ,        ,        ,        ,        ,        ,      
vaskori01, 1980,     1, DET , NHL , D  , 20.0,  3.0,   7.0,  10.0,  20.0, -3.0 ,  1.0,     ,  0.0,     ,  0.0, 1.0,  28.0,       ,      ,      ,        ,        ,        ,        ,        ,        ,        ,        ,      
vauclju01, 2003,     1, OTT , NHL , D  ,  1.0,  0.0,   0.0,   0.0,   2.0, 1.0  ,  0.0,  0.0,  0.0,  0.0,  0.0, 0.0,   0.0,       ,      ,      ,        ,        ,        ,        ,        ,        ,        ,        ,      
vautoyv01, 1979,     1, NYI , NHL , R  , 17.0,  3.0,   1.0,   4.0,  24.0, -6.0 ,  0.0,     ,  0.0,     ,  1.0, 0.0,  16.0,       ,      ,      ,        ,        ,        ,        ,        ,        ,        ,        ,      
vautoyv01, 1980,     1, COR , NHL , R  , 74.0, 15.0,  19.0,  34.0, 143.0, -20.0,  3.0,     ,  0.0,     ,  0.0, 1.0,  97.0,       ,      ,      ,        ,        ,        ,        ,        ,        ,        ,        ,      
vautoyv01, 1981,     1, COR , NHL , R  , 14.0,  1.0,   2.0,   3.0,  18.0, -6.0 ,  1.0,     ,  0.0,     ,  0.0, 0.0,  21.0,       ,      ,      ,        ,        ,        ,        ,        ,        ,        ,        ,      
vautoyv01, 1982,     1, NJD , NHL , R  , 52.0,  4.0,   7.0,  11.0, 136.0, -19.0,  0.0,     ,  0.0,     ,  0.0, 0.0,  54.0,       ,      ,      ,        ,        ,        ,        ,        ,        ,        ,        ,      
vautoyv01, 1983,     1, NJD , NHL , R  , 42.0,  3.0,   4.0,   7.0,  78.0, -18.0,  0.0,     ,  0.0,     ,  1.0, 0.0,  44.0,       ,      ,      ,        ,        ,        ,        ,        ,        ,        ,        ,      
vautoyv01, 1984,     1, QUE , NHL , R  ,  5.0,  0.0,   0.0,   0.0,   2.0, 0.0  ,  0.0,     ,  0.0,     ,  0.0, 0.0,   1.0,       ,      ,      ,        ,        ,        ,        ,        ,        ,        ,        ,      
vaydigr01, 1976,     1, CHI , NHL , C  ,  5.0,  0.0,   0.0,   0.0,   0.0, -2.0 ,  0.0,     ,  0.0,     ,  0.0, 0.0,   2.0,       ,      ,      ,        ,        ,        ,        ,        ,        ,        ,        ,      
veillst01, 2002,     1, MIN , NHL , R  , 38.0,  3.0,   2.0,   5.0,  23.0, -6.0 ,  1.0,  1.0,  0.0,  0.0,  0.0, 0.0,  52.0,       ,      ,      ,        ,        ,        ,        ,        ,        ,        ,        ,      
veillst01, 2003,     1, MIN , NHL , L  , 19.0,  2.0,   8.0,  10.0,  20.0, 0.0  ,  1.0,  0.0,  1.0,  1.0,  1.0, 0.0,  37.0,       ,      ,      ,        ,        ,        ,        ,        ,        ,        ,        ,      
veillst01, 2005,     1, MIN , NHL , C  , 71.0,  7.0,   9.0,  16.0,  63.0, -13.0,  0.0,  2.0,  0.0,  0.0,  1.0,    ,  87.0,       ,      ,      ,        ,        ,        ,        ,        ,        ,        ,        ,      
veillst01, 2006,     1, MIN , NHL , L  , 75.0,  7.0,  11.0,  18.0,  47.0, 3.0  ,  0.0,  0.0,  0.0,  1.0,  1.0,    ,  84.0,    5.0,   0.0,   0.0,     0.0,     4.0, 0.0    ,     0.0,     0.0,     0.0,     0.0,     0.0,     6.0
veillst01, 2007,     1, MIN , NHL , L  , 77.0, 11.0,   7.0,  18.0,  61.0, -13.0,  0.0,  0.0,  0.0,  1.0,  0.0,    , 136.0,    6.0,   0.0,   0.0,     0.0,    27.0, -2.0   ,     0.0,     0.0,     0.0,     0.0,     0.0,    13.0
veillst01, 2008,     1, MIN , NHL , L  , 81.0, 13.0,  10.0,  23.0,  40.0, -17.0,  0.0,  1.0,  1.0,  0.0,  1.0,    , 146.0,       ,      ,      ,        ,        ,        ,        ,        ,        ,        ,        ,      
veillst01, 2009,     1, TBL , NHL , L  , 77.0,  3.0,   6.0,   9.0,  48.0, -14.0,  0.0,  0.0,  0.0,  0.0,  0.0,    ,  94.0,       ,      ,      ,        ,        ,        ,        ,        ,        ,        ,        ,      
veisomi01, 1973,     1, CHI , NHL , G  , 10.0,  0.0,   1.0,   1.0,   0.0, 0.0  ,  0.0,     ,  0.0,     ,  0.0, 0.0,   0.0,    2.0,   0.0,   0.0,     0.0,     0.0,        ,     0.0,        ,     0.0,        ,     0.0,      
veisomi01, 1974,     1, CHI , NHL , G  ,  9.0,  0.0,   0.0,   0.0,   0.0, 0.0  ,  0.0,     ,  0.0,     ,  0.0, 0.0,   0.0,       ,      ,      ,        ,        ,        ,        ,        ,        ,        ,        ,      
veisomi01, 1976,     1, CHI , NHL , G  ,  3.0,  0.0,   0.0,   0.0,   0.0, 0.0  ,  0.0,     ,  0.0,     ,  0.0, 0.0,   0.0,       ,      ,      ,        ,        ,        ,        ,        ,        ,        ,        ,      
veisomi01, 1977,     1, CHI , NHL , G  , 12.0,  0.0,   0.0,   0.0,   0.0, 0.0  ,  0.0,     ,  0.0,     ,  0.0, 0.0,   0.0,       ,      ,      ,        ,        ,        ,        ,        ,        ,        ,        ,      
veisomi01, 1978,     1, CHI , NHL , G  , 17.0,  0.0,   1.0,   1.0,   0.0, 0.0  ,  0.0,     ,  0.0,     ,  0.0, 0.0,   0.0,       ,      ,      ,        ,        ,        ,        ,        ,        ,        ,        ,      
veisomi01, 1979,     1, CHI , NHL , G  , 11.0,  0.0,   0.0,   0.0,   0.0, 0.0  ,  0.0,     ,  0.0,     ,  0.0, 0.0,   0.0,    1.0,   0.0,   0.0,     0.0,     0.0,        ,     0.0,        ,     0.0,        ,     0.0,      
veisomi01, 1980,     1, HAR , NHL , G  , 29.0,  0.0,   0.0,   0.0,   0.0, 0.0  ,  0.0,     ,  0.0,     ,  0.0, 0.0,   0.0,       ,      ,      ,        ,        ,        ,        ,        ,        ,        ,        ,      
veisomi01, 1981,     1, HAR , NHL , G  , 13.0,  0.0,   1.0,   1.0,   0.0, 0.0  ,  0.0,     ,  0.0,     ,  0.0, 0.0,   0.0,       ,      ,      ,        ,        ,        ,        ,        ,        ,        ,        ,      
veisomi01, 1982,     1, HAR , NHL , G  , 23.0,  0.0,   0.0,   0.0,   2.0, 0.0  ,  0.0,     ,  0.0,     ,  0.0, 0.0,   0.0,       ,      ,      ,        ,        ,        ,        ,        ,        ,        ,        ,      
veisomi01, 1983,     1, HAR , NHL , G  ,  4.0,  0.0,   0.0,   0.0,   0.0, 0.0  ,  0.0,     ,  0.0,     ,  0.0, 0.0,   0.0,       ,      ,      ,        ,        ,        ,        ,        ,        ,        ,        ,      
veisomi01, 1983,     2, WIN , NHL , G  ,  8.0,  0.0,   0.0,   0.0,   0.0, 0.0  ,  0.0,     ,  0.0,     ,  0.0, 0.0,   0.0,    1.0,   0.0,   0.0,     0.0,     0.0, 0.0    ,     0.0,        ,     0.0,        ,     0.0,     0.0
veitcda01, 1980,     1, WAS , NHL , D  , 59.0,  4.0,  21.0,  25.0,  46.0, -12.0,  1.0,     ,  0.0,     ,  1.0, 0.0,  89.0,       ,      ,      ,        ,        ,        ,        ,        ,        ,        ,        ,      
veitcda01, 1981,     1, WAS , NHL , D  , 67.0,  9.0,  44.0,  53.0,  54.0, -17.0,  5.0,     ,  0.0,     ,  1.0, 2.0, 203.0,       ,      ,      ,        ,        ,        ,        ,        ,        ,        ,        ,      
veitcda01, 1982,     1, WAS , NHL , D  , 10.0,  0.0,   8.0,   8.0,   0.0, -1.0 ,  0.0,     ,  0.0,     ,  0.0, 0.0,  23.0,       ,      ,      ,        ,        ,        ,        ,        ,        ,        ,        ,      
veitcda01, 1983,     1, WAS , NHL , D  , 46.0,  6.0,  18.0,  24.0,  17.0, 0.0  ,  4.0,     ,  0.0,     ,  0.0, 0.0, 120.0,    5.0,   0.0,   1.0,     1.0,    15.0, 4.0    ,     0.0,        ,     0.0,        ,     0.0,     5.0
veitcda01, 1984,     1, WAS , NHL , D  , 75.0,  3.0,  18.0,  21.0,  37.0, 31.0 ,  2.0,     ,  0.0,     ,  0.0, 0.0, 126.0,    5.0,   0.0,   1.0,     1.0,     4.0, 1.0    ,     0.0,        ,     0.0,        ,     0.0,     7.0
veitcda01, 1985,     1, WAS , NHL , D  , 62.0,  3.0,   9.0,  12.0,  27.0, 21.0 ,  0.0,     ,  0.0,     ,  0.0, 0.0,  82.0,       ,      ,      ,        ,        ,        ,        ,        ,        ,        ,        ,      
veitcda01, 1985,     2, DET , NHL , D  , 13.0,  0.0,   5.0,   5.0,   2.0, -9.0 ,  0.0,     ,  0.0,     ,  0.0, 0.0,  22.0,       ,      ,      ,        ,        ,        ,        ,        ,        ,        ,        ,      
veitcda01, 1986,     1, DET , NHL , D  , 77.0, 13.0,  45.0,  58.0,  52.0, 14.0 ,  7.0,     ,  1.0,     ,  2.0, 0.0, 164.0,   12.0,   3.0,   4.0,     7.0,     8.0, 3.0    ,     2.0,        ,     0.0,        ,     1.0,    33.0
veitcda01, 1987,     1, DET , NHL , D  , 63.0,  7.0,  33.0,  40.0,  45.0, 11.0 ,  4.0, 12.0,  0.0,  3.0,  1.0, 0.0, 156.0,   11.0,   1.0,   5.0,     6.0,     6.0, -1.0   ,     1.0,     4.0,     0.0,     0.0,     0.0,    19.0
veitcda01, 1988,     1, TOR , NHL , D  , 37.0,  3.0,   7.0,  10.0,  16.0, -17.0,  1.0,  3.0,  0.0,  0.0,  0.0, 0.0,  69.0,       ,      ,      ,        ,        ,        ,        ,        ,        ,        ,        ,      
veitcda01, 1990,     1, TOR , NHL , D  ,  2.0,  0.0,   1.0,   1.0,   0.0, -4.0 ,  0.0,  1.0,  0.0,  0.0,  0.0, 0.0,   2.0,       ,      ,      ,        ,        ,        ,        ,        ,        ,        ,        ,      
velisra01, 1982,     1, MNS , NHL , D  ,  3.0,  0.0,   0.0,   0.0,   2.0, -4.0 ,  0.0,     ,  0.0,     ,  0.0, 0.0,   4.0,    9.0,   0.0,   0.0,     0.0,     0.0,        ,     0.0,        ,     0.0,        ,     0.0,      
velisra01, 1983,     1, MNS , NHL , D  , 33.0,  2.0,   2.0,   4.0,  10.0, -6.0 ,  0.0,     ,  0.0,     ,  0.0, 0.0,  15.0,    1.0,   0.0,   0.0,     0.0,     0.0, -1.0   ,     0.0,        ,     0.0,        ,     0.0,     1.0
velisra01, 1984,     1, MNS , NHL , D  , 52.0,  4.0,   9.0,  13.0,  26.0, 7.0  ,  0.0,     ,  0.0,     ,  0.0, 0.0,  33.0,    9.0,   2.0,   3.0,     5.0,     8.0, -3.0   ,     0.0,        ,     0.0,        ,     0.0,     8.0
velisra01, 1985,     1, NJD , NHL , D  , 47.0,  2.0,   7.0,   9.0,  39.0, -20.0,  0.0,     ,  0.0,     ,  0.0, 0.0,  24.0,       ,      ,      ,        ,        ,        ,        ,        ,        ,        ,        ,      
velisra01, 1986,     1, NJD , NHL , D  , 64.0,  2.0,  16.0,  18.0,  52.0, -12.0,  0.0,     ,  0.0,     ,  0.0, 0.0,  39.0,       ,      ,      ,        ,        ,        ,        ,        ,        ,        ,        ,      
velisra01, 1987,     1, NJD , NHL , D  , 51.0,  3.0,   9.0,  12.0,  66.0, -13.0,  0.0,  1.0,  1.0,  0.0,  0.0, 0.0,  39.0,   19.0,   0.0,   2.0,     2.0,    20.0, -7.0   ,     0.0,     0.0,     0.0,     1.0,     0.0,    10.0
velisra01, 1988,     1, NJD , NHL , D  , 80.0,  4.0,  14.0,  18.0,  70.0, -2.0 ,  0.0,  0.0,  1.0,  0.0,  0.0, 0.0,  77.0,       ,      ,      ,        ,        ,        ,        ,        ,        ,        ,        ,      
velisra01, 1989,     1, NJD , NHL , D  , 62.0,  0.0,   6.0,   6.0,  72.0, 4.0  ,  0.0,  0.0,  0.0,  0.0,  0.0, 0.0,  34.0,    6.0,   0.0,   0.0,     0.0,     4.0, -5.0   ,     0.0,     0.0,     0.0,     0.0,     0.0,     2.0
velisra01, 1990,     1, QUE , NHL , D  , 79.0,  2.0,  10.0,  12.0,  42.0, -19.0,  0.0,  0.0,  0.0,  1.0,  0.0, 0.0,  47.0,       ,      ,      ,        ,        ,        ,        ,        ,        ,        ,        ,      
velisra01, 1991,     1, QUE , NHL , D  , 38.0,  2.0,   3.0,   5.0,  22.0, -3.0 ,  0.0,  0.0,  0.0,  1.0,  0.0, 0.0,  23.0,       ,      ,      ,        ,        ,        ,        ,        ,        ,        ,        ,      
vellumi01, 1987,     1, HAR , NHL , D  ,  2.0,  0.0,   0.0,   0.0,  11.0, -1.0 ,  0.0,  0.0,  0.0,  0.0,  0.0, 0.0,   2.0,       ,      ,      ,        ,        ,        ,        ,        ,        ,        ,        ,      
venasvi01, 1972,     1, LAK , NHL , L  , 77.0, 15.0,  19.0,  34.0,  10.0, -16.0,  1.0,     ,  0.0,     ,  1.0, 0.0, 176.0,       ,      ,      ,        ,        ,        ,        ,        ,        ,        ,        ,      
venasvi01, 1973,     1, LAK , NHL , C  , 32.0,  6.0,   5.0,  11.0,  12.0, -1.0 ,  1.0,     ,  0.0,     ,  1.0, 0.0,  45.0,       ,      ,      ,        ,        ,        ,        ,        ,        ,        ,        ,      
venasvi01, 1974,     1, LAK , NHL , C  , 17.0,  1.0,   2.0,   3.0,   0.0, 3.0  ,  1.0,     ,  0.0,     ,  0.0, 0.0,  17.0,       ,      ,      ,        ,        ,        ,        ,        ,        ,        ,        ,      
venasvi01, 1975,     1, LAK , NHL , C  , 80.0, 18.0,  26.0,  44.0,  12.0, -6.0 ,  4.0,     ,  0.0,     ,  5.0, 1.0, 103.0,    9.0,   0.0,   1.0,     1.0,     6.0,        ,     0.0,        ,     0.0,        ,     0.0,      
venasvi01, 1976,     1, LAK , NHL , C  , 80.0, 14.0,  26.0,  40.0,  18.0, 2.0  ,  1.0,     ,  1.0,     ,  2.0, 0.0, 120.0,    9.0,   1.0,   4.0,     5.0,     6.0,        ,     1.0,        ,     0.0,        ,     0.0,      
venasvi01, 1977,     1, LAK , NHL , C  , 71.0,  3.0,  10.0,  13.0,   6.0, 1.0  ,  0.0,     ,  0.0,     ,  3.0, 0.0,  53.0,    1.0,   0.0,   0.0,     0.0,     0.0,        ,     0.0,        ,     0.0,        ,     0.0,      
venasvi01, 1978,     1, LAK , NHL , C  , 73.0,  4.0,  13.0,  17.0,   8.0, 0.0  ,  0.0,     ,  0.0,     ,  1.0, 0.0,  47.0,    2.0,   0.0,   0.0,     0.0,     0.0,        ,     0.0,        ,     0.0,        ,     0.0,      
venerga01, 1967,     1, STL , NHL , L  ,  5.0,  1.0,   1.0,   2.0,   0.0, 1.0  ,  0.0,     ,  0.0,     ,  0.0, 0.0,   8.0,    9.0,   0.0,   2.0,     2.0,     2.0,        ,     0.0,        ,     0.0,        ,     0.0,      
venerga01, 1971,     1, STL , NHL , L  ,  2.0,  0.0,   0.0,   0.0,   0.0, -1.0 ,  0.0,     ,  0.0,     ,  0.0, 0.0,   1.0,       ,      ,      ,        ,        ,        ,        ,        ,        ,        ,        ,      
venerga01, 1972,     1, LAS , WHA , R  , 78.0, 43.0,  30.0,  73.0,  34.0,      , 13.0,     ,  0.0,     ,  5.0,    ,      ,    6.0,   3.0,   0.0,     3.0,     4.0,        ,     1.0,        ,     0.0,        ,     1.0,      
venerga01, 1973,     1, LAS , WHA , L  , 78.0, 39.0,  29.0,  68.0,  68.0,      ,  5.0,     ,  0.0,     ,  4.0,    ,      ,       ,      ,      ,        ,        ,        ,        ,        ,        ,        ,        ,      
venerga01, 1974,     1, MIB , WHA , L  , 77.0, 33.0,  27.0,  60.0,  57.0, -45.0,  9.0,     ,  0.0,     ,     ,    , 244.0,       ,      ,      ,        ,        ,        ,        ,        ,        ,        ,        ,      
venerga01, 1975,     1, CIN , WHA , R  , 14.0,  3.0,   2.0,   5.0,   8.0, 5.0  ,  0.0,     ,  0.0,     ,  0.0,    ,  30.0,       ,      ,      ,        ,        ,        ,        ,        ,        ,        ,        ,      
venerga01, 1975,     2, PHR , WHA , R  , 61.0, 19.0,  24.0,  43.0,  27.0, 22.0 ,  3.0,     ,  1.0,     ,  3.0,    , 130.0,    5.0,   2.0,   0.0,     2.0,     7.0, 3.0    ,        ,        ,        ,        ,        ,      
venerga01, 1976,     1, SDM , WHA , R  , 40.0, 14.0,  11.0,  25.0,  18.0, 4.0  ,  3.0,     ,  0.0,     ,     ,    ,  94.0,    7.0,   0.0,   0.0,     0.0,     0.0, -1.0   ,     0.0,        ,     0.0,        ,     0.0,      
verbepa01, 1982,     1, NJD , NHL , C  ,  6.0,  3.0,   2.0,   5.0,   8.0, -2.0 ,  0.0,     ,  0.0,     ,  0.0, 1.0,  12.0,       ,      ,      ,        ,        ,        ,        ,        ,        ,        ,        ,      
verbepa01, 1983,     1, NJD , NHL , C  , 79.0, 20.0,  27.0,  47.0, 158.0, -19.0,  5.0,     ,  1.0,     ,  2.0, 0.0, 167.0,       ,      ,      ,        ,        ,        ,        ,        ,        ,        ,        ,      
verbepa01, 1984,     1, NJD , NHL , R  , 78.0, 15.0,  18.0,  33.0, 162.0, -24.0,  5.0,     ,  1.0,     ,  1.0, 1.0, 147.0,       ,      ,      ,        ,        ,        ,        ,        ,        ,        ,        ,      
verbepa01, 1985,     1, NJD , NHL , C  , 76.0, 25.0,  28.0,  53.0,  79.0, -24.0,  4.0,     ,  1.0,     ,  0.0, 0.0, 159.0,       ,      ,      ,        ,        ,        ,        ,        ,        ,        ,        ,      
verbepa01, 1986,     1, NJD , NHL , R  , 74.0, 35.0,  24.0,  59.0, 120.0, -23.0, 17.0,     ,  0.0,     ,  5.0, 0.0, 143.0,       ,      ,      ,        ,        ,        ,        ,        ,        ,        ,        ,      
verbepa01, 1987,     1, NJD , NHL , R  , 73.0, 46.0,  31.0,  77.0, 227.0, 29.0 , 13.0, 14.0,  0.0,  2.0,  8.0, 0.0, 179.0,   20.0,   4.0,   8.0,    12.0,    51.0, -11.0  ,     2.0,     3.0,     0.0,     0.0,     1.0,    44.0
verbepa01, 1988,     1, NJD , NHL , R  , 77.0, 26.0,  21.0,  47.0, 189.0, -18.0,  9.0,  6.0,  0.0,  0.0,  1.0, 0.0, 175.0,       ,      ,      ,        ,        ,        ,        ,        ,        ,        ,        ,      
verbepa01, 1989,     1, HAR , NHL , L  , 80.0, 44.0,  45.0,  89.0, 228.0, 1.0  , 14.0, 20.0,  0.0,  0.0,  5.0, 1.0, 219.0,    7.0,   2.0,   2.0,     4.0,    26.0, 1.0    ,     1.0,     0.0,     0.0,     0.0,     1.0,    19.0
verbepa01, 1990,     1, HAR , NHL , L  , 80.0, 43.0,  39.0,  82.0, 246.0, 0.0  , 15.0, 21.0,  0.0,  1.0,  5.0, 1.0, 247.0,    6.0,   3.0,   2.0,     5.0,    40.0, 0.0    ,     2.0,     2.0,     0.0,     0.0,     0.0,    15.0
verbepa01, 1991,     1, HAR , NHL , R  , 76.0, 22.0,  35.0,  57.0, 243.0, -16.0, 10.0, 14.0,  0.0,  0.0,  3.0, 0.0, 163.0,    7.0,   0.0,   2.0,     2.0,    12.0, 1.0    ,     0.0,     1.0,     0.0,     0.0,     0.0,    15.0
verbepa01, 1992,     1, HAR , NHL , R  , 84.0, 39.0,  43.0,  82.0, 197.0, -7.0 , 16.0, 15.0,  0.0,  0.0,  6.0, 2.0, 235.0,       ,      ,      ,        ,        ,        ,        ,        ,        ,        ,        ,      
verbepa01, 1993,     1, HAR , NHL , R  , 84.0, 37.0,  38.0,  75.0, 177.0, -15.0, 15.0, 10.0,  1.0,  1.0,  3.0, 1.0, 226.0,       ,      ,      ,        ,        ,        ,        ,        ,        ,        ,        ,      
verbepa01, 1994,     1, HAR , NHL , R  , 29.0,  7.0,  11.0,  18.0,  53.0, 0.0  ,  3.0,  3.0,  0.0,  0.0,  0.0, 1.0,  75.0,       ,      ,      ,        ,        ,        ,        ,        ,        ,        ,        ,      
verbepa01, 1994,     2, NYR , NHL , R  , 19.0, 10.0,   5.0,  15.0,  18.0, -2.0 ,  4.0,  1.0,  0.0,  0.0,  2.0, 0.0,  56.0,   10.0,   4.0,   6.0,    10.0,    20.0, -8.0   ,     3.0,     2.0,     0.0,     0.0,     0.0,    29.0
verbepa01, 1995,     1, NYR , NHL , R  , 69.0, 41.0,  41.0,  82.0, 129.0, 29.0 , 17.0, 16.0,  0.0,  0.0,  6.0, 2.0, 252.0,   11.0,   3.0,   6.0,     9.0,    12.0, -8.0   ,     1.0,     4.0,     0.0,     0.0,     0.0,    38.0
verbepa01, 1996,     1, DAL , NHL , R  , 81.0, 17.0,  36.0,  53.0, 128.0, 3.0  ,  5.0,  9.0,  0.0,  0.0,  4.0, 0.0, 172.0,    7.0,   1.0,   3.0,     4.0,    16.0, -2.0   ,     1.0,     0.0,     0.0,     0.0,     0.0,    19.0
verbepa01, 1997,     1, DAL , NHL , R  , 82.0, 31.0,  26.0,  57.0, 170.0, 15.0 ,  9.0,  9.0,  0.0,  0.0,  8.0, 1.0, 190.0,   17.0,   3.0,   2.0,     5.0,    26.0, -3.0   ,     2.0,     2.0,     0.0,     0.0,     1.0,    25.0
verbepa01, 1998,     1, DAL , NHL , R  , 78.0, 17.0,  17.0,  34.0, 133.0, 11.0 ,  8.0,  6.0,  0.0,  0.0,  2.0, 1.0, 134.0,   18.0,   3.0,   4.0,     7.0,    14.0, 4.0    ,     0.0,     1.0,     0.0,     0.0,     1.0,    33.0
verbepa01, 1999,     1, DET , NHL , R  , 68.0, 22.0,  26.0,  48.0,  95.0, 22.0 ,  7.0,  6.0,  0.0,  0.0,  5.0, 1.0, 138.0,    9.0,   1.0,   1.0,     2.0,     2.0, -4.0   ,     1.0,     0.0,     0.0,     0.0,     1.0,    12.0
verbepa01, 2000,     1, DET , NHL , R  , 67.0, 15.0,  15.0,  30.0,  73.0, 0.0  ,  7.0,  5.0,  0.0,  0.0,  0.0, 0.0, 113.0,    5.0,   2.0,   0.0,     2.0,     6.0, -2.0   ,     2.0,     0.0,     0.0,     0.0,     0.0,     5.0
verbepa01, 2001,     1, DAL , NHL , R  , 64.0,  7.0,  13.0,  20.0,  72.0, -4.0 ,  3.0,  2.0,  0.0,  0.0,  1.0, 0.0,  81.0,       ,      ,      ,        ,        ,        ,        ,        ,        ,        ,        ,      
vermean01, 2003,     1, OTT , NHL , L  , 57.0,  7.0,   7.0,  14.0,  16.0, 5.0  ,  0.0,  0.0,  1.0,  1.0,  0.0, 1.0,  63.0,    4.0,   0.0,   1.0,     1.0,     4.0, -1.0   ,     0.0,     0.0,     0.0,     0.0,     0.0,     5.0
vermean01, 2005,     1, OTT , NHL , C  , 82.0, 21.0,  12.0,  33.0,  44.0, 17.0 ,  1.0,  1.0,  6.0,  1.0,  4.0,    , 123.0,   10.0,   2.0,   0.0,     2.0,     4.0, -1.0   ,     0.0,     0.0,     0.0,     0.0,     1.0,    17.0
vermean01, 2006,     1, OTT , NHL , C  , 77.0, 19.0,  20.0,  39.0,  52.0, -2.0 ,  2.0,  3.0,  3.0,  1.0,  2.0,    , 151.0,   20.0,   2.0,   3.0,     5.0,     6.0, 2.0    ,     0.0,     0.0,     0.0,     0.0,     0.0,    28.0
vermean01, 2007,     1, OTT , NHL , L  , 81.0, 24.0,  29.0,  53.0,  51.0, 3.0  ,  4.0,  6.0,  3.0,  3.0,  3.0,    , 175.0,    4.0,   0.0,   0.0,     0.0,     4.0, -4.0   ,     0.0,     0.0,     0.0,     0.0,     0.0,    10.0
vermean01, 2008,     1, OTT , NHL , C  , 62.0,  9.0,  19.0,  28.0,  42.0, -12.0,  2.0,  8.0,  0.0,  0.0,  0.0,    , 141.0,       ,      ,      ,        ,        ,        ,        ,        ,        ,        ,        ,      
vermean01, 2008,     2, CBS , NHL , C  , 17.0,  7.0,   6.0,  13.0,   8.0, 5.0  ,  1.0,  1.0,  1.0,  0.0,  1.0,    ,  33.0,    4.0,   0.0,   0.0,     0.0,    10.0, -4.0   ,     0.0,     0.0,     0.0,     0.0,     0.0,     6.0
vermean01, 2009,     1, CBS , NHL , C  , 82.0, 27.0,  38.0,  65.0,  32.0, 2.0  ,  6.0,  6.0,  2.0,  0.0,  1.0,    , 156.0,       ,      ,      ,        ,        ,        ,        ,        ,        ,        ,        ,      
vermema01, 1988,     1, QUE , NHL , R  , 12.0,  0.0,   4.0,   4.0,   7.0, -7.0 ,  0.0,  0.0,  0.0,  0.0,  0.0, 0.0,  10.0,       ,      ,      ,        ,        ,        ,        ,        ,        ,        ,        ,      
vermema01, 1989,     1, QUE , NHL , R  , 11.0,  1.0,   5.0,   6.0,   8.0, -3.0 ,  0.0,  0.0,  0.0,  0.0,  0.0, 0.0,  16.0,       ,      ,      ,        ,        ,        ,        ,        ,        ,        ,        ,      
vermema01, 1990,     1, QUE , NHL , R  , 34.0,  3.0,   4.0,   7.0,  10.0, -15.0,  0.0,  0.0,  0.0,  0.0,  0.0, 0.0,  42.0,       ,      ,      ,        ,        ,        ,        ,        ,        ,        ,        ,      
vermema01, 1991,     1, QUE , NHL , R  , 10.0,  1.0,   0.0,   1.0,   8.0, -6.0 ,  0.0,  0.0,  0.0,  0.0,  0.0, 0.0,  12.0,       ,      ,      ,        ,        ,        ,        ,        ,        ,        ,        ,      
vernakr01, 2002,     1, BOS , NHL , C  , 14.0,  1.0,   0.0,   1.0,   2.0, -2.0 ,  0.0,  0.0,  0.0,  0.0,  0.0, 0.0,  18.0,       ,      ,      ,        ,        ,        ,        ,        ,        ,        ,        ,      
vernakr01, 2003,     1, BOS , NHL , C  ,  3.0,  0.0,   0.0,   0.0,   0.0, -1.0 ,  0.0,  0.0,  0.0,  0.0,  0.0, 0.0,   0.0,       ,      ,      ,        ,        ,        ,        ,        ,        ,        ,        ,      
vernami01, 2008,     1, COL , NHL , D  , 12.0,  0.0,   0.0,   0.0,   8.0, -5.0 ,  0.0,  0.0,  0.0,  0.0,  0.0,    ,   9.0,       ,      ,      ,        ,        ,        ,        ,        ,        ,        ,        ,      
vernomi01, 1982,     1, CAL , NHL , G  ,  2.0,  0.0,   0.0,   0.0,   0.0, 0.0  ,  0.0,     ,  0.0,     ,  0.0, 0.0,   0.0,       ,      ,      ,        ,        ,        ,        ,        ,        ,        ,        ,      
vernomi01, 1983,     1, CAL , NHL , G  ,  1.0,  0.0,   0.0,   0.0,   0.0, 0.0  ,  0.0,     ,  0.0,     ,  0.0, 0.0,   0.0,       ,      ,      ,        ,        ,        ,        ,        ,        ,        ,        ,      
vernomi01, 1985,     1, CAL , NHL , G  , 18.0,  0.0,   1.0,   1.0,   4.0, 0.0  ,  0.0,     ,  0.0,     ,  0.0, 0.0,   0.0,   21.0,   0.0,   1.0,     1.0,     0.0, 0.0    ,     0.0,        ,     0.0,        ,     0.0,     0.0
vernomi01, 1986,     1, CAL , NHL , G  , 54.0,  0.0,   2.0,   2.0,  14.0, 0.0  ,  0.0,     ,  0.0,     ,  0.0, 0.0,   0.0,    5.0,   0.0,   0.0,     0.0,     0.0, 0.0    ,     0.0,        ,     0.0,        ,     0.0,     0.0
vernomi01, 1987,     1, CAL , NHL , G  , 64.0,  0.0,   7.0,   7.0,  47.0, 0.0  ,  0.0,     ,  0.0,     ,  0.0, 0.0,   0.0,    9.0,   0.0,   2.0,     2.0,     2.0, 0.0    ,     0.0,        ,     0.0,        ,     0.0,     0.0
vernomi01, 1988,     1, CAL , NHL , G  , 52.0,  0.0,   4.0,   4.0,  18.0, 0.0  ,  0.0,     ,  0.0,     ,  0.0, 0.0,   0.0,   22.0,   0.0,   0.0,     0.0,    14.0, 0.0    ,     0.0,     0.0,     0.0,     0.0,     0.0,     0.0
vernomi01, 1989,     1, CAL , NHL , G  , 47.0,  0.0,   3.0,   3.0,  21.0, 0.0  ,  0.0,     ,  0.0,     ,  0.0, 0.0,   0.0,    6.0,   0.0,   0.0,     0.0,     0.0, 0.0    ,     0.0,     0.0,     0.0,     0.0,     0.0,     0.0
vernomi01, 1990,     1, CAL , NHL , G  , 54.0,  0.0,   4.0,   4.0,   8.0, 0.0  ,  0.0,     ,  0.0,     ,  0.0, 0.0,   0.0,    7.0,   0.0,   0.0,     0.0,     2.0, 0.0    ,     0.0,     0.0,     0.0,     0.0,     0.0,     0.0
vernomi01, 1991,     1, CAL , NHL , G  , 63.0,  0.0,   7.0,   7.0,   8.0, 0.0  ,  0.0,  1.0,  0.0,  2.0,  0.0, 0.0,   0.0,       ,      ,      ,        ,        ,        ,        ,        ,        ,        ,        ,      
vernomi01, 1992,     1, CAL , NHL , G  , 64.0,  0.0,   2.0,   2.0,  42.0, 0.0  ,  0.0,  1.0,  0.0,  0.0,  0.0, 0.0,   0.0,    4.0,   0.0,   0.0,     0.0,     2.0, 0.0    ,     0.0,     0.0,     0.0,     0.0,     0.0,     0.0
vernomi01, 1993,     1, CAL , NHL , G  , 48.0,  0.0,   0.0,   0.0,  14.0, 0.0  ,  0.0,  0.0,  0.0,  0.0,  0.0, 0.0,   0.0,    7.0,   0.0,   0.0,     0.0,     2.0, 0.0    ,     0.0,     0.0,     0.0,     0.0,     0.0,     0.0
vernomi01, 1994,     1, DET , NHL , G  , 30.0,  0.0,   0.0,   0.0,   8.0, 0.0  ,  0.0,  0.0,  0.0,  0.0,  0.0, 0.0,   0.0,   18.0,   0.0,   0.0,     0.0,     0.0, 0.0    ,     0.0,     0.0,     0.0,     0.0,     0.0,     0.0
vernomi01, 1995,     1, DET , NHL , G  , 32.0,  0.0,   0.0,   0.0,   2.0, 0.0  ,  0.0,  0.0,  0.0,  0.0,  0.0, 0.0,   0.0,    4.0,   0.0,   0.0,     0.0,     2.0, 0.0    ,     0.0,     0.0,     0.0,     0.0,     0.0,     0.0
vernomi01, 1996,     1, DET , NHL , G  , 33.0,  0.0,   0.0,   0.0,  35.0, 0.0  ,  0.0,  0.0,  0.0,  0.0,  0.0, 0.0,   0.0,   20.0,   0.0,   1.0,     1.0,    12.0, 0.0    ,     0.0,        ,     0.0,        ,     0.0,     0.0
vernomi01, 1997,     1, SJS , NHL , G  , 62.0,  0.0,   2.0,   2.0,  24.0, 0.0  ,  0.0,  0.0,  0.0,  1.0,  0.0, 0.0,   0.0,    6.0,   0.0,   0.0,     0.0,     0.0, 0.0    ,     0.0,     0.0,     0.0,     0.0,     0.0,     0.0
vernomi01, 1998,     1, SJS , NHL , G  , 49.0,  0.0,   0.0,   0.0,   8.0, 0.0  ,  0.0,  0.0,  0.0,  0.0,  0.0, 0.0,   0.0,    5.0,   0.0,   1.0,     1.0,     0.0, 0.0    ,     0.0,     1.0,     0.0,     0.0,     0.0,     0.0
vernomi01, 1999,     1, SJS , NHL , G  , 15.0,  0.0,   0.0,   0.0,   0.0, 0.0  ,  0.0,  0.0,  0.0,  0.0,  0.0, 0.0,   0.0,       ,      ,      ,        ,        ,        ,        ,        ,        ,        ,        ,      
vernomi01, 1999,     2, FLO , NHL , G  , 34.0,  0.0,   3.0,   3.0,   2.0, 0.0  ,  0.0,  0.0,  0.0,  0.0,  0.0, 0.0,   0.0,    4.0,   0.0,   0.0,     0.0,    10.0, 0.0    ,     0.0,     0.0,     0.0,     0.0,     0.0,     0.0
vernomi01, 2000,     1, CAL , NHL , G  , 41.0,  0.0,   1.0,   1.0,  16.0, 0.0  ,  0.0,  0.0,  0.0,  0.0,  0.0, 0.0,   0.0,       ,      ,      ,        ,        ,        ,        ,        ,        ,        ,        ,      
vernomi01, 2001,     1, CAL , NHL , G  , 18.0,  0.0,   3.0,   3.0,   0.0, 0.0  ,  0.0,  1.0,  0.0,  1.0,  0.0, 0.0,   0.0,       ,      ,      ,        ,        ,        ,        ,        ,        ,        ,        ,      
verotda01, 2003,     1, WAS , NHL , C  , 37.0,  0.0,   2.0,   2.0, 135.0, -6.0 ,  0.0,  0.0,  0.0,  1.0,  0.0, 0.0,  11.0,       ,      ,      ,        ,        ,        ,        ,        ,        ,        ,        ,      
verrecl01, 1983,     1, BUF , NHL , C  , 11.0,  2.0,   5.0,   7.0,   2.0, -3.0 ,  1.0,     ,  0.0,     ,  0.0, 0.0,  14.0,       ,      ,      ,        ,        ,        ,        ,        ,        ,        ,        ,      
verrecl01, 1984,     1, BUF , NHL , C  ,  3.0,  0.0,   0.0,   0.0,   0.0, -2.0 ,  0.0,     ,  0.0,     ,  0.0, 0.0,   5.0,       ,      ,      ,        ,        ,        ,        ,        ,        ,        ,        ,      
verstkr01, 2007,     1, CHI , NHL , R  , 13.0,  2.0,   2.0,   4.0,   6.0, -1.0 ,  0.0,  0.0,  0.0,  0.0,  0.0,    ,  21.0,       ,      ,      ,        ,        ,        ,        ,        ,        ,        ,        ,      
verstkr01, 2008,     1, CHI , NHL , L  , 78.0, 22.0,  31.0,  53.0,  55.0, 15.0 ,  6.0, 10.0,  4.0,  3.0,  3.0,    , 139.0,   17.0,   4.0,   8.0,    12.0,    22.0, -5.0   ,     3.0,     4.0,     0.0,     0.0,     0.0,    27.0
verstkr01, 2009,     1, CHI , NHL , R  , 79.0, 20.0,  24.0,  44.0,  35.0, 8.0  ,  4.0,  7.0,  3.0,  1.0,  4.0,    , 184.0,   22.0,   6.0,   8.0,    14.0,    14.0, 4.0    ,     0.0,     2.0,     0.0,     0.0,     2.0,    55.0
verstle01, 1982,     1, TOR , NHL , R  ,  3.0,  0.0,   0.0,   0.0,   5.0, 0.0  ,  0.0,     ,  0.0,     ,  0.0, 0.0,   0.0,       ,      ,      ,        ,        ,        ,        ,        ,        ,        ,        ,      
verstle01, 1984,     1, TOR , NHL , R  ,  2.0,  0.0,   0.0,   0.0,   0.0, 0.0  ,  0.0,     ,  0.0,     ,  0.0, 0.0,   2.0,       ,      ,      ,        ,        ,        ,        ,        ,        ,        ,        ,      
verstle01, 1987,     1, TOR , NHL , R  ,  3.0,  0.0,   1.0,   1.0,   9.0, -2.0 ,  0.0,  0.0,  0.0,  0.0,  0.0, 0.0,   0.0,       ,      ,      ,        ,        ,        ,        ,        ,        ,        ,        ,      
vervede01, 1973,     1, VAN , NHL , R  , 78.0, 26.0,  31.0,  57.0,  25.0, -20.0,  7.0,     ,  0.0,     ,  3.0, 0.0, 153.0,       ,      ,      ,        ,        ,        ,        ,        ,        ,        ,        ,      
vervede01, 1974,     1, VAN , NHL , R  , 57.0, 19.0,  32.0,  51.0,  25.0, 6.0  ,  5.0,     ,  0.0,     ,  5.0, 1.0, 114.0,    1.0,   0.0,   0.0,     0.0,     0.0,        ,     0.0,        ,     0.0,        ,     0.0,      
vervede01, 1975,     1, VAN , NHL , R  , 80.0, 37.0,  34.0,  71.0,  53.0, -1.0 , 11.0,     ,  0.0,     ,  4.0, 2.0, 207.0,    2.0,   1.0,   0.0,     1.0,     4.0,        ,     1.0,        ,     0.0,        ,     0.0,      
vervede01, 1976,     1, VAN , NHL , R  , 79.0, 27.0,  18.0,  45.0,  38.0, -35.0,  7.0,     ,  0.0,     ,  1.0, 2.0, 178.0,       ,      ,      ,        ,        ,        ,        ,        ,        ,        ,        ,      
vervede01, 1977,     1, VAN , NHL , R  , 80.0, 21.0,  33.0,  54.0,  23.0, -24.0,  6.0,     ,  0.0,     ,  1.0, 1.0, 136.0,       ,      ,      ,        ,        ,        ,        ,        ,        ,        ,        ,      
vervede01, 1978,     1, VAN , NHL , R  , 35.0,  9.0,  17.0,  26.0,  13.0, 3.0  ,  2.0,     ,  1.0,     ,  3.0, 0.0,  57.0,       ,      ,      ,        ,        ,        ,        ,        ,        ,        ,        ,      
vervede01, 1978,     2, PHI , NHL , R  , 37.0,  9.0,   7.0,  16.0,   6.0, -4.0 ,  2.0,     ,  0.0,     ,  1.0, 0.0,  54.0,    3.0,   0.0,   2.0,     2.0,     2.0,        ,     0.0,        ,     0.0,        ,     0.0,      
vervede01, 1979,     1, PHI , NHL , R  , 58.0, 14.0,  17.0,  31.0,  24.0, 9.0  ,  0.0,     ,  0.0,     ,  2.0, 0.0,  96.0,    2.0,   0.0,   0.0,     0.0,     0.0,        ,     0.0,        ,     0.0,        ,     0.0,      
vervede01, 1980,     1, WAS , NHL , R  , 79.0, 14.0,  27.0,  41.0,  40.0, -5.0 ,  2.0,     ,  0.0,     ,  2.0, 0.0, 111.0,       ,      ,      ,        ,        ,        ,        ,        ,        ,        ,        ,      
vescery01, 2008,     1, SJS , NHL , R  , 10.0,  0.0,   0.0,   0.0,   4.0, -2.0 ,  0.0,  0.0,  0.0,  0.0,  0.0,    ,  11.0,       ,      ,      ,        ,        ,        ,        ,        ,        ,        ,        ,      
vescery01, 2009,     1, SJS , NHL , R  ,  9.0,  3.0,   2.0,   5.0,   0.0, -1.0 ,  0.0,  0.0,  0.0,  0.0,  1.0,    ,  20.0,       ,      ,      ,        ,        ,        ,        ,        ,        ,        ,        ,      
veseyji01, 1988,     1, STL , NHL , C  ,  5.0,  1.0,   1.0,   2.0,   7.0, -1.0 ,  0.0,  0.0,  0.0,  0.0,  0.0, 0.0,   5.0,       ,      ,      ,        ,        ,        ,        ,        ,        ,        ,        ,      
veseyji01, 1989,     1, STL , NHL , C  ,  6.0,  0.0,   1.0,   1.0,   0.0, -3.0 ,  0.0,  0.0,  0.0,  0.0,  0.0, 0.0,   3.0,       ,      ,      ,        ,        ,        ,        ,        ,        ,        ,        ,      
veseyji01, 1991,     1, BOS , NHL , C  ,  4.0,  0.0,   0.0,   0.0,   0.0, 0.0  ,  0.0,  0.0,  0.0,  0.0,  0.0, 0.0,   1.0,       ,      ,      ,        ,        ,        ,        ,        ,        ,        ,        ,      
veysesi01, 1977,     1, VAN , NHL , C  ,  1.0,  0.0,   0.0,   0.0,   0.0, -1.0 ,  0.0,     ,  0.0,     ,  0.0, 0.0,   0.0,       ,      ,      ,        ,        ,        ,        ,        ,        ,        ,        ,      
vezinge01, 1910,     1, MOC , NHA , G  , 16.0,  0.0,   0.0,   0.0,   2.0,      ,     ,     ,     ,     ,     ,    ,      ,       ,      ,      ,        ,        ,        ,        ,        ,        ,        ,        ,      
vezinge01, 1911,     1, MOC , NHA , G  , 18.0,  0.0,   0.0,   0.0,   0.0,      ,     ,     ,     ,     ,     ,    ,      ,       ,      ,      ,        ,        ,        ,        ,        ,        ,        ,        ,      
vezinge01, 1912,     1, MOC , NHA , G  , 20.0,  0.0,   0.0,   0.0,   0.0,      ,     ,     ,     ,     ,     ,    ,      ,       ,      ,      ,        ,        ,        ,        ,        ,        ,        ,        ,      
vezinge01, 1913,     1, MOC , NHA , G  , 20.0,  0.0,   0.0,   0.0,   2.0,      ,     ,     ,     ,     ,     ,    ,      ,    2.0,   0.0,      ,        ,        ,        ,        ,        ,        ,        ,        ,      
vezinge01, 1914,     1, MOC , NHA , G  , 20.0,  0.0,   0.0,   0.0,   0.0,      ,     ,     ,     ,     ,     ,    ,      ,       ,      ,      ,        ,        ,        ,        ,        ,        ,        ,        ,      
vezinge01, 1915,     1, MOC , NHA , G  , 24.0,  0.0,   0.0,   0.0,   0.0,      ,     ,     ,     ,     ,     ,    ,      ,       ,      ,      ,        ,        ,        ,        ,        ,        ,        ,        ,      
vezinge01, 1916,     1, MOC , NHA , G  , 20.0,  0.0,   0.0,   0.0,   0.0,      ,     ,     ,     ,     ,     ,    ,      ,    2.0,   0.0,      ,        ,        ,        ,        ,        ,        ,        ,        ,      
vezinge01, 1917,     1, MTL , NHL , G  , 21.0,  0.0,   0.0,   0.0,   0.0,      ,     ,     ,     ,     ,  0.0,    ,      ,    2.0,   0.0,   0.0,     0.0,     0.0,        ,        ,        ,        ,        ,        ,      
vezinge01, 1918,     1, MTL , NHL , G  , 18.0,  0.0,   0.0,   0.0,   0.0,      ,     ,     ,     ,     ,     ,    ,      ,    5.0,   0.0,   0.0,     0.0,     0.0,        ,        ,        ,        ,        ,        ,      
vezinge01, 1919,     1, MTL , NHL , G  , 24.0,  0.0,   0.0,   0.0,   0.0,      ,     ,     ,     ,     ,     ,    ,      ,       ,      ,      ,        ,        ,        ,        ,        ,        ,        ,        ,      
vezinge01, 1920,     1, MTL , NHL , G  , 24.0,  0.0,   0.0,   0.0,   0.0,      ,     ,     ,     ,     ,     ,    ,      ,       ,      ,      ,        ,        ,        ,        ,        ,        ,        ,        ,      
vezinge01, 1921,     1, MTL , NHL , G  , 24.0,  0.0,   0.0,   0.0,   2.0,      ,     ,     ,     ,     ,     ,    ,      ,       ,      ,      ,        ,        ,        ,        ,        ,        ,        ,        ,      
vezinge01, 1922,     1, MTL , NHL , G  , 24.0,  0.0,   0.0,   0.0,   0.0,      ,     ,     ,     ,     ,     ,    ,      ,    2.0,   0.0,   0.0,     0.0,     0.0,        ,        ,        ,        ,        ,        ,      
vezinge01, 1923,     1, MTL , NHL , G  , 24.0,  0.0,   0.0,   0.0,   0.0,      ,     ,     ,     ,     ,     ,    ,      ,    2.0,   0.0,   0.0,     0.0,     0.0,        ,        ,        ,        ,        ,        ,      
vezinge01, 1924,     1, MTL , NHL , G  , 30.0,  0.0,   0.0,   0.0,   0.0,      ,     ,     ,     ,     ,     ,    ,      ,    2.0,   0.0,   0.0,     0.0,     0.0,        ,        ,        ,        ,        ,        ,      
vezinge01, 1925,     1, MTL , NHL , G  ,  1.0,  0.0,   0.0,   0.0,   0.0,      ,     ,     ,     ,     ,     ,    ,      ,       ,      ,      ,        ,        ,        ,        ,        ,        ,        ,        ,      
vialde01 , 1990,     1, NYR , NHL , D  , 21.0,  0.0,   0.0,   0.0,  61.0, -4.0 ,  0.0,  0.0,  0.0,  0.0,  0.0, 0.0,   5.0,       ,      ,      ,        ,        ,        ,        ,        ,        ,        ,        ,      
vialde01 , 1990,     2, DET , NHL , D  ,  9.0,  0.0,   0.0,   0.0,  16.0, -3.0 ,  0.0,  0.0,  0.0,  0.0,  0.0, 0.0,   3.0,       ,      ,      ,        ,        ,        ,        ,        ,        ,        ,        ,      
vialde01 , 1991,     1, DET , NHL , D  , 27.0,  1.0,   0.0,   1.0,  72.0, 1.0  ,  0.0,  0.0,  0.0,  0.0,  0.0, 0.0,   6.0,       ,      ,      ,        ,        ,        ,        ,        ,        ,        ,        ,      
vialde01 , 1992,     1, DET , NHL , D  ,  9.0,  0.0,   1.0,   1.0,  20.0, 1.0  ,  0.0,  0.0,  0.0,  0.0,  0.0, 0.0,   5.0,       ,      ,      ,        ,        ,        ,        ,        ,        ,        ,        ,      
vialde01 , 1993,     1, OTT , NHL , D  , 55.0,  2.0,   5.0,   7.0, 214.0, -9.0 ,  0.0,  1.0,  0.0,  0.0,  0.0, 0.0,  37.0,       ,      ,      ,        ,        ,        ,        ,        ,        ,        ,        ,      
vialde01 , 1994,     1, OTT , NHL , D  , 27.0,  0.0,   4.0,   4.0,  65.0, 0.0  ,  0.0,  0.0,  0.0,  0.0,  0.0, 0.0,   9.0,       ,      ,      ,        ,        ,        ,        ,        ,        ,        ,        ,      
vialde01 , 1995,     1, OTT , NHL , D  , 64.0,  1.0,   4.0,   5.0, 276.0, -13.0,  0.0,  0.0,  0.0,  0.0,  0.0, 0.0,  33.0,       ,      ,      ,        ,        ,        ,        ,        ,        ,        ,        ,      
vialde01 , 1996,     1, OTT , NHL , L  , 11.0,  0.0,   1.0,   1.0,  25.0, 0.0  ,  0.0,  0.0,  0.0,  0.0,  0.0, 0.0,   4.0,       ,      ,      ,        ,        ,        ,        ,        ,        ,        ,        ,      
vialde01 , 1997,     1, OTT , NHL , L  , 19.0,  0.0,   0.0,   0.0,  45.0, 0.0  ,  0.0,  0.0,  0.0,  0.0,  0.0, 0.0,   9.0,       ,      ,      ,        ,        ,        ,        ,        ,        ,        ,        ,      
viaupi01 , 1972,     1, CHC , WHA , D  ,  4.0,  0.0,   0.0,   0.0,   0.0,      ,  0.0,     ,  0.0,     ,     ,    ,      ,       ,      ,      ,        ,        ,        ,        ,        ,        ,        ,        ,      
vickest01, 1972,     1, NYR , NHL , L  , 61.0, 30.0,  23.0,  53.0,  37.0, 35.0 ,  2.0,     ,  0.0,     ,  5.0, 0.0, 131.0,   10.0,   5.0,   4.0,     9.0,     4.0,        ,     0.0,        ,     0.0,        ,     0.0,      
vickest01, 1973,     1, NYR , NHL , L  , 75.0, 34.0,  24.0,  58.0,  18.0, 6.0  ,  5.0,     ,  0.0,     ,  5.0, 0.0, 168.0,   13.0,   4.0,   4.0,     8.0,    17.0,        ,     2.0,        ,     0.0,        ,     0.0,      
vickest01, 1974,     1, NYR , NHL , L  , 80.0, 41.0,  48.0,  89.0,  64.0, 10.0 , 16.0,     ,  0.0,     ,  6.0, 2.0, 188.0,    3.0,   2.0,   4.0,     6.0,     6.0,        ,     0.0,        ,     0.0,        ,     0.0,      
vickest01, 1975,     1, NYR , NHL , L  , 80.0, 30.0,  53.0,  83.0,  40.0, -17.0, 10.0,     ,  0.0,     ,  4.0, 1.0, 202.0,       ,      ,      ,        ,        ,        ,        ,        ,        ,        ,        ,      
vickest01, 1976,     1, NYR , NHL , L  , 75.0, 22.0,  31.0,  53.0,  26.0, -14.0,  4.0,     ,  0.0,     ,  3.0, 2.0, 157.0,       ,      ,      ,        ,        ,        ,        ,        ,        ,        ,        ,      
vickest01, 1977,     1, NYR , NHL , L  , 79.0, 19.0,  44.0,  63.0,  30.0, 10.0 ,  9.0,     ,  0.0,     ,  2.0, 2.0, 113.0,    3.0,   2.0,   1.0,     3.0,     0.0,        ,     0.0,        ,     0.0,        ,     0.0,      
vickest01, 1978,     1, NYR , NHL , L  , 66.0, 13.0,  34.0,  47.0,  24.0, -7.0 ,  4.0,     ,  0.0,     ,  3.0, 0.0,  86.0,   18.0,   5.0,   3.0,     8.0,    13.0,        ,     1.0,        ,     0.0,        ,     1.0,      
vickest01, 1979,     1, NYR , NHL , L  , 75.0, 29.0,  33.0,  62.0,  38.0, 20.0 , 12.0,     ,  0.0,     ,  2.0, 1.0,  98.0,    9.0,   2.0,   2.0,     4.0,     4.0,        ,     0.0,        ,     0.0,        ,     1.0,      
vickest01, 1980,     1, NYR , NHL , L  , 73.0, 19.0,  39.0,  58.0,  40.0, 7.0  ,  5.0,     ,  1.0,     ,  3.0, 0.0,  85.0,   12.0,   4.0,   7.0,    11.0,    14.0,        ,     1.0,        ,     0.0,        ,     0.0,      
vickest01, 1981,     1, NYR , NHL , L  , 34.0,  9.0,  11.0,  20.0,  13.0, 4.0  ,  2.0,     ,  0.0,     ,  2.0, 0.0,  48.0,       ,      ,      ,        ,        ,        ,        ,        ,        ,        ,        ,      
vienma01 , 1975,     1, TOT , WHA , G  , 26.0,  0.0,   0.0,   0.0,   2.0, 0.0  ,  0.0,     ,  0.0,     ,  0.0,    ,   0.0,       ,      ,      ,        ,        ,        ,        ,        ,        ,        ,        ,      
vigiejp01, 2000,     1, ATL , NHL , R  ,  2.0,  0.0,   0.0,   0.0,   0.0, -2.0 ,  0.0,  0.0,  0.0,  0.0,  0.0, 0.0,   1.0,       ,      ,      ,        ,        ,        ,        ,        ,        ,        ,        ,      
vigiejp01, 2001,     1, ATL , NHL , R  , 15.0,  4.0,   1.0,   5.0,   4.0, -5.0 ,  0.0,  0.0,  0.0,  0.0,  0.0, 0.0,  18.0,       ,      ,      ,        ,        ,        ,        ,        ,        ,        ,        ,      
vigiejp01, 2002,     1, ATL , NHL , R  , 13.0,  0.0,   0.0,   0.0,   4.0, -13.0,  0.0,  0.0,  0.0,  0.0,  0.0, 0.0,  21.0,       ,      ,      ,        ,        ,        ,        ,        ,        ,        ,        ,      
vigiejp01, 2003,     1, ATL , NHL , R  , 70.0, 10.0,   8.0,  18.0,  22.0, -18.0,  2.0,  3.0,  2.0,  1.0,  3.0, 0.0, 110.0,       ,      ,      ,        ,        ,        ,        ,        ,        ,        ,        ,      
vigiejp01, 2005,     1, ATL , NHL , R  , 41.0,  4.0,   6.0,  10.0,  40.0, -4.0 ,  1.0,  1.0,  1.0,  1.0,  0.0,    ,  53.0,       ,      ,      ,        ,        ,        ,        ,        ,        ,        ,        ,      
vigiejp01, 2006,     1, ATL , NHL , R  , 72.0,  5.0,   8.0,  13.0,  27.0, 0.0  ,  0.0,  0.0,  0.0,  1.0,  0.0,    ,  83.0,       ,      ,      ,        ,        ,        ,        ,        ,        ,        ,        ,      
vigneal01, 1981,     1, STL , NHL , D  , 14.0,  1.0,   2.0,   3.0,  43.0, -1.0 ,  0.0,     ,  0.0,     ,  0.0, 0.0,   9.0,       ,      ,      ,        ,        ,        ,        ,        ,        ,        ,        ,      
vigneal01, 1982,     1, STL , NHL , D  , 28.0,  1.0,   3.0,   4.0,  39.0, -4.0 ,  0.0,     ,  0.0,     ,  0.0, 0.0,  13.0,    4.0,   0.0,   1.0,     1.0,    26.0,        ,     0.0,        ,     0.0,        ,     0.0,      
viitave01, 1993,     1, CAL , NHL , L  ,  8.0,  1.0,   2.0,   3.0,   0.0, 0.0  ,  1.0,  1.0,  0.0,  0.0,  0.0, 0.0,  15.0,       ,      ,      ,        ,        ,        ,        ,        ,        ,        ,        ,      
viitave01, 1994,     1, CAL , NHL , L  , 10.0,  1.0,   2.0,   3.0,   6.0, -1.0 ,  1.0,  1.0,  0.0,  0.0,  0.0, 0.0,   6.0,       ,      ,      ,        ,        ,        ,        ,        ,        ,        ,        ,      
viitave01, 1995,     1, CAL , NHL , L  ,  5.0,  0.0,   0.0,   0.0,   2.0, -1.0 ,  0.0,  0.0,  0.0,  0.0,  0.0, 0.0,   7.0,       ,      ,      ,        ,        ,        ,        ,        ,        ,        ,        ,      
vilgrcl01, 1987,     1, VAN , NHL , L  ,  6.0,  1.0,   1.0,   2.0,   0.0, -3.0 ,  0.0,  0.0,  0.0,  0.0,  0.0, 0.0,   7.0,       ,      ,      ,        ,        ,        ,        ,        ,        ,        ,        ,      
vilgrcl01, 1989,     1, NJD , NHL , R  ,  6.0,  1.0,   2.0,   3.0,   4.0, -1.0 ,  0.0,  0.0,  0.0,  0.0,  0.0, 0.0,  13.0,    4.0,   0.0,   0.0,     0.0,     0.0, -2.0   ,     0.0,     0.0,     0.0,     0.0,     0.0,     3.0
vilgrcl01, 1991,     1, NJD , NHL , L  , 71.0, 19.0,  27.0,  46.0,  74.0, 27.0 ,  1.0,  1.0,  1.0,  0.0,  1.0, 1.0,  88.0,    7.0,   1.0,   1.0,     2.0,    17.0, 1.0    ,     0.0,     0.0,     0.0,     0.0,     0.0,     6.0
vilgrcl01, 1992,     1, NJD , NHL , R  ,  4.0,  0.0,   2.0,   2.0,   0.0, -3.0 ,  0.0,  0.0,  0.0,  0.0,  0.0, 0.0,   2.0,       ,      ,      ,        ,        ,        ,        ,        ,        ,        ,        ,      
vilgrcl01, 1993,     1, PHI , NHL , R  ,  2.0,  0.0,   0.0,   0.0,   0.0, -1.0 ,  0.0,  0.0,  0.0,  0.0,  0.0, 0.0,   0.0,       ,      ,      ,        ,        ,        ,        ,        ,        ,        ,        ,      
villais01, 1978,     1, FIN , WHA ,    ,  1.0,  1.0,   0.0,   1.0,   0.0,      ,  0.0,     ,  0.0,     ,  0.0,    ,      ,       ,      ,      ,        ,        ,        ,        ,        ,        ,        ,        ,      
villegi01, 1963,     1, NYR , NHL , G  ,  5.0,  0.0,   0.0,   0.0,   0.0,      ,  0.0,     ,  0.0,     ,  0.0, 0.0,      ,       ,      ,      ,        ,        ,        ,        ,        ,        ,        ,        ,      
villegi01, 1967,     1, NYR , NHL , G  ,  4.0,  0.0,   0.0,   0.0,   0.0, 0.0  ,  0.0,     ,  0.0,     ,  0.0, 0.0,   0.0,       ,      ,      ,        ,        ,        ,        ,        ,        ,        ,        ,      
villegi01, 1968,     1, NYR , NHL , G  ,  4.0,  0.0,   0.0,   0.0,   0.0, 0.0  ,  0.0,     ,  0.0,     ,  0.0, 0.0,   0.0,    1.0,   0.0,   0.0,     0.0,     0.0,        ,     0.0,        ,     0.0,        ,     0.0,      
villegi01, 1970,     1, NYR , NHL , G  , 34.0,  0.0,   0.0,   0.0,   0.0, 0.0  ,  0.0,     ,  0.0,     ,  0.0, 0.0,   0.0,    2.0,   0.0,   0.0,     0.0,     0.0,        ,     0.0,        ,     0.0,        ,     0.0,      
villegi01, 1971,     1, NYR , NHL , G  , 37.0,  0.0,   2.0,   2.0,   6.0, 0.0  ,  0.0,     ,  0.0,     ,  0.0, 0.0,   0.0,    6.0,   0.0,   0.0,     0.0,     0.0,        ,     0.0,        ,     0.0,        ,     0.0,      
villegi01, 1972,     1, NYR , NHL , G  , 34.0,  0.0,   0.0,   0.0,   2.0, 0.0  ,  0.0,     ,  0.0,     ,  0.0, 0.0,   0.0,    2.0,   0.0,   0.0,     0.0,     0.0,        ,     0.0,        ,     0.0,        ,     0.0,      
villegi01, 1973,     1, NYR , NHL , G  , 21.0,  0.0,   0.0,   0.0,   0.0, 0.0  ,  0.0,     ,  0.0,     ,  0.0, 0.0,   0.0,    1.0,   0.0,   0.0,     0.0,     0.0,        ,     0.0,        ,     0.0,        ,     0.0,      
villegi01, 1974,     1, NYR , NHL , G  , 45.0,  0.0,   0.0,   0.0,   2.0, 0.0  ,  0.0,     ,  0.0,     ,  0.0, 0.0,   0.0,    2.0,   0.0,   0.0,     0.0,     0.0,        ,     0.0,        ,     0.0,        ,     0.0,      
villegi01, 1975,     1, CHI , NHL , G  , 15.0,  0.0,   0.0,   0.0,   0.0, 0.0  ,  0.0,     ,  0.0,     ,  0.0, 0.0,   0.0,       ,      ,      ,        ,        ,        ,        ,        ,        ,        ,        ,      
villegi01, 1976,     1, CHI , NHL , G  ,  6.0,  0.0,   0.0,   0.0,   0.0, 0.0  ,  0.0,     ,  0.0,     ,  0.0, 0.0,   0.0,       ,      ,      ,        ,        ,        ,        ,        ,        ,        ,        ,      
vinceda01, 1986,     1, CHI , NHL , L  ,     ,     ,      ,      ,      ,      ,     ,     ,     ,     ,     ,    ,      ,    3.0,   0.0,   0.0,     0.0,     0.0, -4.0   ,     0.0,        ,     0.0,        ,     0.0,     2.0
vinceda01, 1987,     1, CHI , NHL , L  , 69.0,  6.0,  11.0,  17.0, 109.0, -15.0,  2.0,  3.0,  0.0,  0.0,  0.0, 0.0,  67.0,    4.0,   0.0,   0.0,     0.0,     0.0, -2.0   ,     0.0,     0.0,     0.0,     0.0,     0.0,     0.0
vinceda01, 1988,     1, CHI , NHL , L  , 66.0, 11.0,   4.0,  15.0, 119.0, -9.0 ,  1.0,  0.0,  0.0,  0.0,  0.0, 0.0,  76.0,    5.0,   0.0,   0.0,     0.0,     4.0, 0.0    ,     0.0,     0.0,     0.0,     0.0,     0.0,     3.0
vinceda01, 1989,     1, CHI , NHL , L  ,  2.0,  0.0,   0.0,   0.0,   4.0, -1.0 ,  0.0,  0.0,  0.0,  0.0,  0.0, 0.0,   2.0,       ,      ,      ,        ,        ,        ,        ,        ,        ,        ,        ,      
vinceda01, 1989,     2, QUE , NHL , L  , 11.0,  0.0,   1.0,   1.0,  25.0, -6.0 ,  0.0,  0.0,  0.0,  0.0,  0.0, 0.0,  15.0,       ,      ,      ,        ,        ,        ,        ,        ,        ,        ,        ,      
vinceda01, 1990,     1, QUE , NHL , L  , 16.0,  0.0,   1.0,   1.0,  38.0, -10.0,  0.0,  0.0,  0.0,  0.0,  0.0, 0.0,  16.0,       ,      ,      ,        ,        ,        ,        ,        ,        ,        ,        ,      
vinceda01, 1991,     1, CHI , NHL , L  , 29.0,  3.0,   5.0,   8.0,  56.0, -6.0 ,  0.0,  1.0,  0.0,  0.0,  0.0, 0.0,  28.0,       ,      ,      ,        ,        ,        ,        ,        ,        ,        ,        ,      
viponpe01, 1972,     1, CLF , NHL , L  ,  3.0,  0.0,   0.0,   0.0,   0.0, 0.0  ,  0.0,     ,  0.0,     ,  0.0, 0.0,   2.0,       ,      ,      ,        ,        ,        ,        ,        ,        ,        ,        ,      
virtaha01, 1981,     1, BUF , NHL , D  ,  3.0,  0.0,   1.0,   1.0,   4.0, 3.0  ,  0.0,     ,  0.0,     ,  0.0, 0.0,   3.0,    4.0,   0.0,   1.0,     1.0,     0.0,        ,     0.0,        ,     0.0,        ,     0.0,      
virtaha01, 1982,     1, BUF , NHL , D  , 74.0, 13.0,  24.0,  37.0,  18.0, 7.0  ,  2.0,     ,  2.0,     ,  1.0, 0.0, 169.0,   10.0,   1.0,   2.0,     3.0,     4.0,        ,     0.0,        ,     0.0,        ,     0.0,      
virtaha01, 1983,     1, BUF , NHL , D  , 70.0,  6.0,  30.0,  36.0,  12.0, 15.0 ,  4.0,     ,  0.0,     ,  0.0, 0.0,  98.0,    3.0,   0.0,   0.0,     0.0,     2.0, -5.0   ,     0.0,        ,     0.0,        ,     0.0,     5.0
virtaha01, 1984,     1, BUF , NHL , D  , 51.0,  1.0,  23.0,  24.0,  16.0, -2.0 ,  0.0,     ,  0.0,     ,  0.0, 0.0,  57.0,       ,      ,      ,        ,        ,        ,        ,        ,        ,        ,        ,      
virtaha01, 1985,     1, BUF , NHL , D  , 47.0,  5.0,  23.0,  28.0,  16.0, 2.0  ,  1.0,     ,  0.0,     ,  0.0, 0.0,  81.0,       ,      ,      ,        ,        ,        ,        ,        ,        ,        ,        ,      
virtajo01, 1978,     1, FIN , WHA , G  ,  1.0,  0.0,   0.0,   0.0,   0.0,      ,  0.0,     ,  0.0,     ,  0.0,    ,      ,       ,      ,      ,        ,        ,        ,        ,        ,        ,        ,        ,      
virtato01, 2001,     1, MIN , NHL , R  ,  8.0,  2.0,   3.0,   5.0,   0.0, 0.0  ,  0.0,  1.0,  0.0,  0.0,  0.0, 0.0,  15.0,       ,      ,      ,        ,        ,        ,        ,        ,        ,        ,        ,      
virtute01, 1998,     1, BOS , NHL , D  ,  4.0,  0.0,   0.0,   0.0,   0.0, 2.0  ,  0.0,  0.0,  0.0,  0.0,  0.0, 0.0,   2.0,       ,      ,      ,        ,        ,        ,        ,        ,        ,        ,        ,      
virtute01, 1999,     1, NYR , NHL , D  ,  1.0,  0.0,   0.0,   0.0,   0.0, -2.0 ,  0.0,  0.0,  0.0,  0.0,  0.0, 0.0,   2.0,       ,      ,      ,        ,        ,        ,        ,        ,        ,        ,        ,      
vishema01, 1993,     1, WIN , NHL , D  ,  1.0,  0.0,   0.0,   0.0,   0.0, 0.0  ,  0.0,  0.0,  0.0,  0.0,  0.0, 0.0,   1.0,       ,      ,      ,        ,        ,        ,        ,        ,        ,        ,        ,      
vishema01, 1998,     1, LAK , NHL , D  , 28.0,  1.0,   3.0,   4.0, 107.0, -7.0 ,  0.0,  0.0,  0.0,  1.0,  0.0, 0.0,  10.0,       ,      ,      ,        ,        ,        ,        ,        ,        ,        ,        ,      
vishniv01, 2008,     1, DAL , NHL , D  ,  3.0,  0.0,   2.0,   2.0,   2.0, 1.0  ,  0.0,  2.0,  0.0,  0.0,  0.0,    ,   9.0,       ,      ,      ,        ,        ,        ,        ,        ,        ,        ,        ,      
vishniv01, 2009,     1, DAL , NHL , D  ,  2.0,  0.0,   0.0,   0.0,   0.0, -2.0 ,  0.0,  0.0,  0.0,  0.0,  0.0,    ,   4.0,       ,      ,      ,        ,        ,        ,        ,        ,        ,        ,        ,      
vishnvi01, 1999,     1, ANA , NHL , D  , 31.0,  1.0,   1.0,   2.0,  26.0, 0.0  ,  1.0,  0.0,  0.0,  0.0,  0.0, 0.0,  17.0,       ,      ,      ,        ,        ,        ,        ,        ,        ,        ,        ,      
vishnvi01, 2000,     1, ANA , NHL , D  , 76.0,  1.0,  10.0,  11.0,  99.0, -1.0 ,  0.0,  0.0,  0.0,  1.0,  0.0, 0.0,  49.0,       ,      ,      ,        ,        ,        ,        ,        ,        ,        ,        ,      
vishnvi01, 2001,     1, ANA , NHL , D  , 74.0,  0.0,   3.0,   3.0,  60.0, -10.0,  0.0,  0.0,  0.0,  1.0,  0.0, 0.0,  54.0,       ,      ,      ,        ,        ,        ,        ,        ,        ,        ,        ,      
vishnvi01, 2002,     1, ANA , NHL , D  , 80.0,  2.0,   6.0,   8.0,  76.0, -8.0 ,  0.0,  0.0,  1.0,  1.0,  0.0, 0.0,  65.0,   21.0,   0.0,   1.0,     1.0,     6.0, -3.0   ,     0.0,     0.0,     0.0,     0.0,     0.0,     8.0
vishnvi01, 2003,     1, ANA , NHL , D  , 73.0,  6.0,  10.0,  16.0,  51.0, 0.0  ,  0.0,  0.0,  0.0,  0.0,  0.0, 0.0,  86.0,       ,      ,      ,        ,        ,        ,        ,        ,        ,        ,        ,      
vishnvi01, 2005,     1, ANA , NHL , D  , 82.0,  1.0,   7.0,   8.0,  91.0, 8.0  ,  0.0,  1.0,  0.0,  0.0,  0.0,    ,  90.0,   16.0,   0.0,   4.0,     4.0,    10.0, 2.0    ,     0.0,     0.0,     0.0,     0.0,     0.0,     8.0
vishnvi01, 2006,     1, ATL , NHL , D  , 52.0,  3.0,   9.0,  12.0,  31.0, -5.0 ,  0.0,  0.0,  0.0,  1.0,  0.0,    ,  41.0,       ,      ,      ,        ,        ,        ,        ,        ,        ,        ,        ,      
vishnvi01, 2006,     2, NAS , NHL , D  , 15.0,  0.0,   1.0,   1.0,  10.0, 1.0  ,  0.0,  0.0,  0.0,  0.0,  0.0,    ,   6.0,       ,      ,      ,        ,        ,        ,        ,        ,        ,        ,        ,      
vishnvi01, 2007,     1, NJD , NHL , D  , 69.0,  2.0,   5.0,   7.0,  50.0, -12.0,  0.0,  0.0,  0.0,  1.0,  0.0,    ,  48.0,    3.0,   0.0,   0.0,     0.0,     2.0, 3.0    ,     0.0,     0.0,     0.0,     0.0,     0.0,     1.0
visnolu01, 2000,     1, LAK , NHL , D  , 81.0,  7.0,  32.0,  39.0,  36.0, 16.0 ,  3.0, 11.0,  0.0,  0.0,  3.0, 0.0, 105.0,    8.0,   0.0,   0.0,     0.0,     0.0, -1.0   ,     0.0,     0.0,     0.0,     0.0,     0.0,     6.0
visnolu01, 2001,     1, LAK , NHL , D  , 72.0,  4.0,  17.0,  21.0,  14.0, -5.0 ,  1.0,  5.0,  0.0,  0.0,  2.0, 0.0,  95.0,    4.0,   0.0,   1.0,     1.0,     0.0, 1.0    ,     0.0,     0.0,     0.0,     0.0,     0.0,     2.0
visnolu01, 2002,     1, LAK , NHL , D  , 57.0,  8.0,  16.0,  24.0,  28.0, 2.0  ,  1.0,  6.0,  0.0,  0.0,  1.0, 0.0,  85.0,       ,      ,      ,        ,        ,        ,        ,        ,        ,        ,        ,      
visnolu01, 2003,     1, LAK , NHL , D  , 58.0,  8.0,  21.0,  29.0,  26.0, 8.0  ,  5.0, 12.0,  0.0,  0.0,  0.0, 0.0, 114.0,       ,      ,      ,        ,        ,        ,        ,        ,        ,        ,        ,      
visnolu01, 2005,     1, LAK , NHL , D  , 80.0, 17.0,  50.0,  67.0,  50.0, 7.0  , 10.0, 31.0,  0.0,  0.0,  3.0,    , 152.0,       ,      ,      ,        ,        ,        ,        ,        ,        ,        ,        ,      
visnolu01, 2006,     1, LAK , NHL , D  , 69.0, 18.0,  40.0,  58.0,  26.0, 1.0  ,  8.0, 25.0,  0.0,  0.0,  0.0,    , 159.0,       ,      ,      ,        ,        ,        ,        ,        ,        ,        ,        ,      
visnolu01, 2007,     1, LAK , NHL , D  , 82.0,  8.0,  33.0,  41.0,  34.0, -18.0,  3.0, 19.0,  0.0,  1.0,  1.0,    , 153.0,       ,      ,      ,        ,        ,        ,        ,        ,        ,        ,        ,      
visnolu01, 2008,     1, EDM , NHL , D  , 50.0,  8.0,  23.0,  31.0,  30.0, 6.0  ,  5.0, 12.0,  0.0,  0.0,  1.0,    ,  86.0,       ,      ,      ,        ,        ,        ,        ,        ,        ,        ,        ,      
visnolu01, 2009,     1, EDM , NHL , D  , 57.0, 10.0,  22.0,  32.0,  16.0, -4.0 ,  4.0, 13.0,  0.0,  0.0,  1.0,    ,  78.0,       ,      ,      ,        ,        ,        ,        ,        ,        ,        ,        ,      
visnolu01, 2009,     2, AND , NHL , D  , 16.0,  5.0,   8.0,  13.0,   4.0, -6.0 ,  1.0,  5.0,  0.0,  0.0,  1.0,    ,  53.0,       ,      ,      ,        ,        ,        ,        ,        ,        ,        ,        ,      
vitolha01, 1993,     1, WIN , NHL , C  ,  8.0,  0.0,   0.0,   0.0,   4.0, 0.0  ,  0.0,  0.0,  0.0,  0.0,  0.0, 0.0,   7.0,       ,      ,      ,        ,        ,        ,        ,        ,        ,        ,        ,      
viveiem01, 1985,     1, MNS , NHL , D  ,  4.0,  0.0,   1.0,   1.0,   0.0, 2.0  ,  0.0,     ,  0.0,     ,  0.0, 0.0,   4.0,       ,      ,      ,        ,        ,        ,        ,        ,        ,        ,        ,      
viveiem01, 1986,     1, MNS , NHL , D  ,  1.0,  0.0,   1.0,   1.0,   0.0, 0.0  ,  0.0,     ,  0.0,     ,  0.0, 0.0,   1.0,       ,      ,      ,        ,        ,        ,        ,        ,        ,        ,        ,      
viveiem01, 1987,     1, MNS , NHL , D  , 24.0,  1.0,   9.0,  10.0,   6.0, -5.0 ,  0.0,  5.0,  0.0,  0.0,  0.0, 0.0,  35.0,       ,      ,      ,        ,        ,        ,        ,        ,        ,        ,        ,      
vlasato01, 2000,     1, LAK , NHL , L  , 10.0,  1.0,   3.0,   4.0,   2.0, 4.0  ,  0.0,  0.0,  0.0,  0.0,  0.0, 0.0,  15.0,       ,      ,      ,        ,        ,        ,        ,        ,        ,        ,        ,      
vlasima01, 2006,     1, SJS , NHL , D  , 81.0,  3.0,  23.0,  26.0,  18.0, 13.0 ,  2.0, 10.0,  0.0,  1.0,  0.0,    ,  66.0,   11.0,   0.0,   1.0,     1.0,     2.0, 5.0    ,     0.0,     0.0,     0.0,     0.0,     0.0,     3.0
vlasima01, 2007,     1, SJS , NHL , D  , 82.0,  2.0,  12.0,  14.0,  24.0, -12.0,  1.0,  4.0,  0.0,  0.0,  0.0,    ,  72.0,   13.0,   0.0,   1.0,     1.0,     0.0, -2.0   ,     0.0,     0.0,     0.0,     0.0,     0.0,    15.0
vlasima01, 2008,     1, SJS , NHL , D  , 82.0,  6.0,  30.0,  36.0,  42.0, 15.0 ,  3.0, 18.0,  0.0,  1.0,  1.0,    , 104.0,    6.0,   0.0,   1.0,     1.0,     0.0, -6.0   ,     0.0,     0.0,     0.0,     0.0,     0.0,     5.0
vlasima01, 2009,     1, SJS , NHL , D  , 64.0,  3.0,  13.0,  16.0,  33.0, 21.0 ,  1.0,  1.0,  0.0,  0.0,  0.0,    ,  74.0,   15.0,   0.0,   3.0,     3.0,     4.0, 0.0    ,     0.0,     0.0,     0.0,     1.0,     0.0,    15.0
vlcekvl01, 1977,     1, CZE , WHA , D  ,  8.0,  2.0,   7.0,   9.0,   4.0,      ,  0.0,     ,  0.0,     ,  1.0,    ,      ,       ,      ,      ,        ,        ,        ,        ,        ,        ,        ,        ,      
vlcekvl01, 1978,     1, CZE , WHA ,    ,  4.0,  0.0,   0.0,   0.0,   4.0,      ,     ,     ,     ,     ,     ,    ,      ,       ,      ,      ,        ,        ,        ,        ,        ,        ,        ,        ,      
vlkja01  , 1978,     1, CZE , WHA ,    ,  4.0,  0.0,   0.0,   0.0,   0.0,      ,     ,     ,     ,     ,     ,    ,      ,       ,      ,      ,        ,        ,        ,        ,        ,        ,        ,        ,      
vokesed01, 1930,     1, CHI , NHL , F  ,  5.0,  0.0,   0.0,   0.0,   0.0,      ,     ,     ,     ,     ,     ,    ,      ,       ,      ,      ,        ,        ,        ,        ,        ,        ,        ,        ,      
vokouto01, 1996,     1, MTL , NHL , G  ,  1.0,  0.0,   0.0,   0.0,   0.0, 0.0  ,  0.0,  0.0,  0.0,  0.0,  0.0, 0.0,   0.0,       ,      ,      ,        ,        ,        ,        ,        ,        ,        ,        ,      
vokouto01, 1998,     1, NAS , NHL , G  , 37.0,  0.0,   1.0,   1.0,   6.0, 0.0  ,  0.0,  0.0,  0.0,  0.0,  0.0, 0.0,   1.0,       ,      ,      ,        ,        ,        ,        ,        ,        ,        ,        ,      
vokouto01, 1999,     1, NAS , NHL , G  , 33.0,  0.0,   1.0,   1.0,   8.0, 0.0  ,  0.0,  0.0,  0.0,  0.0,  0.0, 0.0,   0.0,       ,      ,      ,        ,        ,        ,        ,        ,        ,        ,        ,      
vokouto01, 2000,     1, NAS , NHL , G  , 37.0,  0.0,   0.0,   0.0,   2.0, 0.0  ,  0.0,  0.0,  0.0,  0.0,  0.0, 0.0,   0.0,       ,      ,      ,        ,        ,        ,        ,        ,        ,        ,        ,      
vokouto01, 2001,     1, NAS , NHL , G  , 29.0,  0.0,   0.0,   0.0,   2.0, 0.0  ,  0.0,  0.0,  0.0,  0.0,  0.0, 0.0,   0.0,       ,      ,      ,        ,        ,        ,        ,        ,        ,        ,        ,      
vokouto01, 2002,     1, NAS , NHL , G  , 69.0,  0.0,   1.0,   1.0,  28.0, 0.0  ,  0.0,  1.0,  0.0,  0.0,  0.0, 0.0,   0.0,       ,      ,      ,        ,        ,        ,        ,        ,        ,        ,        ,      
vokouto01, 2003,     1, NAS , NHL , G  , 73.0,  0.0,   2.0,   2.0,  35.0, 0.0  ,  0.0,  0.0,  0.0,  0.0,  0.0, 0.0,   0.0,    6.0,   0.0,   0.0,     0.0,     0.0, 0.0    ,     0.0,     0.0,     0.0,     0.0,     0.0,     0.0
vokouto01, 2005,     1, NAS , NHL , G  , 61.0,  0.0,   2.0,   2.0,  26.0, 0.0  ,  0.0,  1.0,  0.0,  0.0,  0.0,    ,   0.0,       ,      ,      ,        ,        ,        ,        ,        ,        ,        ,        ,      
vokouto01, 2006,     1, NAS , NHL , G  , 44.0,  0.0,   2.0,   2.0,   4.0, 0.0  ,  0.0,  1.0,  0.0,  0.0,  0.0,    ,   0.0,    5.0,   0.0,   0.0,     0.0,     2.0, 0.0    ,     0.0,     0.0,     0.0,     0.0,     0.0,     0.0
vokouto01, 2007,     1, FLO , NHL , G  , 69.0,  0.0,   6.0,   6.0,   4.0, 0.0  ,  0.0,  4.0,  0.0,  0.0,  0.0,    ,   0.0,       ,      ,      ,        ,        ,        ,        ,        ,        ,        ,        ,      
vokouto01, 2008,     1, FLO , NHL , G  , 59.0,  0.0,   1.0,   1.0,   2.0, 0.0  ,  0.0,  0.0,  0.0,  1.0,  0.0,    ,   1.0,       ,      ,      ,        ,        ,        ,        ,        ,        ,        ,        ,      
vokouto01, 2009,     1, FLO , NHL , G  , 63.0,  0.0,   2.0,   2.0,   0.0, 0.0  ,  0.0,  2.0,  0.0,  0.0,  0.0,    ,   0.0,       ,      ,      ,        ,        ,        ,        ,        ,        ,        ,        ,      
volcami01, 1980,     1, HAR , NHL , D  , 49.0,  2.0,  11.0,  13.0,  26.0, -12.0,  0.0,     ,  0.0,     ,  0.0, 0.0,  49.0,       ,      ,      ,        ,        ,        ,        ,        ,        ,        ,        ,      
volcami01, 1981,     1, HAR , NHL , D  , 26.0,  1.0,   5.0,   6.0,  29.0, -17.0,  1.0,     ,  0.0,     ,  0.0, 0.0,  45.0,       ,      ,      ,        ,        ,        ,        ,        ,        ,        ,        ,      
volcami01, 1982,     1, HAR , NHL , D  , 68.0,  4.0,  13.0,  17.0,  73.0, -30.0,  0.0,     ,  0.0,     ,  0.0, 0.0,  72.0,       ,      ,      ,        ,        ,        ,        ,        ,        ,        ,        ,      
volcami01, 1983,     1, CAL , NHL , D  , 19.0,  1.0,   4.0,   5.0,  18.0, -2.0 ,  0.0,     ,  0.0,     ,  1.0, 0.0,  13.0,       ,      ,      ,        ,        ,        ,        ,        ,        ,        ,        ,      
volchal01, 1999,     1, WAS , NHL , R  ,  3.0,  0.0,   0.0,   0.0,   0.0, -2.0 ,  0.0,  0.0,  0.0,  0.0,  0.0, 0.0,   1.0,       ,      ,      ,        ,        ,        ,        ,        ,        ,        ,        ,      
volchal02, 1977,     1, SOV , WHA , D  ,  8.0,  3.0,   1.0,   4.0,  12.0,      ,     ,     ,     ,     ,     ,    ,      ,       ,      ,      ,        ,        ,        ,        ,        ,        ,        ,        ,      
volchal02, 1978,     1, SOV , WHA ,    ,  6.0,  0.0,   1.0,   1.0,   8.0,      ,     ,     ,     ,     ,     ,    ,      ,       ,      ,      ,        ,        ,        ,        ,        ,        ,        ,        ,      
volchal03, 1977,     1, SOV , WHA , L  ,  8.0,  3.0,   2.0,   5.0,   0.0,      ,     ,     ,     ,     ,     ,    ,      ,       ,      ,      ,        ,        ,        ,        ,        ,        ,        ,        ,      
volchal03, 1978,     1, SOV , WHA ,    ,  6.0,  3.0,   1.0,   4.0,   2.0,      ,     ,     ,     ,     ,     ,    ,      ,       ,      ,      ,        ,        ,        ,        ,        ,        ,        ,        ,      
volchan01, 2002,     1, OTT , NHL , D  , 57.0,  3.0,  13.0,  16.0,  40.0, -4.0 ,  0.0,  3.0,  0.0,  0.0,  0.0, 0.0,  75.0,   17.0,   1.0,   1.0,     2.0,     4.0, 3.0    ,     0.0,     0.0,     0.0,     0.0,     1.0,    17.0
volchan01, 2003,     1, OTT , NHL , D  , 19.0,  1.0,   2.0,   3.0,   8.0, 1.0  ,  0.0,  0.0,  0.0,  0.0,  0.0, 0.0,  15.0,    5.0,   0.0,   0.0,     0.0,     6.0, 0.0    ,     0.0,     0.0,     0.0,     0.0,     0.0,     4.0
volchan01, 2005,     1, OTT , NHL , D  , 75.0,  4.0,  13.0,  17.0,  53.0, 21.0 ,  0.0,  0.0,  0.0,  1.0,  0.0,    ,  82.0,    9.0,   0.0,   4.0,     4.0,     8.0, 1.0    ,     0.0,     0.0,     0.0,     0.0,     0.0,    10.0
volchan01, 2006,     1, OTT , NHL , D  , 78.0,  1.0,  18.0,  19.0,  67.0, 37.0 ,  0.0,  1.0,  0.0,  4.0,  0.0,    ,  85.0,   20.0,   2.0,   4.0,     6.0,    24.0, -2.0   ,     0.0,     1.0,     0.0,     0.0,     1.0,    18.0
volchan01, 2007,     1, OTT , NHL , D  , 67.0,  1.0,  14.0,  15.0,  55.0, 14.0 ,  0.0,  0.0,  0.0,  3.0,  1.0,    ,  71.0,    4.0,   0.0,   1.0,     1.0,     2.0, 0.0    ,     0.0,     0.0,     0.0,     0.0,     0.0,     1.0
volchan01, 2008,     1, OTT , NHL , D  , 68.0,  2.0,   8.0,  10.0,  36.0, -10.0,  0.0,  0.0,  0.0,  2.0,  1.0,    ,  79.0,       ,      ,      ,        ,        ,        ,        ,        ,        ,        ,        ,      
volchan01, 2009,     1, OTT , NHL , D  , 64.0,  4.0,  10.0,  14.0,  38.0, 2.0  ,  0.0,  0.0,  0.0,  1.0,  0.0,    ,  69.0,    6.0,   0.0,   2.0,     2.0,     4.0, -2.0   ,     0.0,     0.0,     0.0,     0.0,     0.0,     2.0
volekda01, 1988,     1, NYI , NHL , L  , 77.0, 25.0,  34.0,  59.0,  24.0, -11.0,  9.0, 17.0,  0.0,  0.0,  7.0, 0.0, 229.0,       ,      ,      ,        ,        ,        ,        ,        ,        ,        ,        ,      
volekda01, 1989,     1, NYI , NHL , R  , 80.0, 17.0,  22.0,  39.0,  41.0, -2.0 ,  6.0,  8.0,  0.0,  0.0,  0.0, 0.0, 181.0,    5.0,   1.0,   4.0,     5.0,     0.0, -3.0   ,     0.0,     3.0,     0.0,     0.0,     0.0,    19.0
volekda01, 1990,     1, NYI , NHL , L  , 77.0, 22.0,  34.0,  56.0,  57.0, -10.0,  6.0,  9.0,  0.0,  2.0,  1.0, 1.0, 224.0,       ,      ,      ,        ,        ,        ,        ,        ,        ,        ,        ,      
volekda01, 1991,     1, NYI , NHL , R  , 74.0, 18.0,  42.0,  60.0,  35.0, 0.0  ,  4.0,  9.0,  1.0,  1.0,  2.0, 0.0, 167.0,       ,      ,      ,        ,        ,        ,        ,        ,        ,        ,        ,      
volekda01, 1992,     1, NYI , NHL , L  , 56.0,  8.0,  13.0,  21.0,  34.0, -1.0 ,  2.0,  1.0,  0.0,  0.0,  1.0, 0.0, 118.0,   10.0,   4.0,   1.0,     5.0,     2.0, 1.0    ,     0.0,     0.0,     0.0,     0.0,     1.0,    21.0
volekda01, 1993,     1, NYI , NHL , L  , 32.0,  5.0,   9.0,  14.0,  10.0, 0.0  ,  2.0,  1.0,  0.0,  0.0,  0.0, 0.0,  56.0,       ,      ,      ,        ,        ,        ,        ,        ,        ,        ,        ,      
volmado01, 1969,     1, DET , NHL , R  ,     ,     ,      ,      ,      ,      ,     ,     ,     ,     ,     ,    ,      ,    2.0,   1.0,   0.0,     1.0,     0.0,        ,     0.0,        ,     0.0,        ,     0.0,      
volmado01, 1970,     1, DET , NHL , R  ,  2.0,  0.0,   1.0,   1.0,   2.0, 0.0  ,  0.0,     ,  0.0,     ,  0.0, 0.0,   0.0,       ,      ,      ,        ,        ,        ,        ,        ,        ,        ,        ,      
volmado01, 1971,     1, DET , NHL , R  , 39.0,  9.0,   5.0,  14.0,   8.0, 0.0  ,  3.0,     ,  0.0,     ,  1.0, 0.0,  43.0,       ,      ,      ,        ,        ,        ,        ,        ,        ,        ,        ,      
volmado01, 1972,     1, LAK , NHL , R  , 21.0,  4.0,   2.0,   6.0,  16.0, -2.0 ,  0.0,     ,  0.0,     ,  1.0, 0.0,  33.0,       ,      ,      ,        ,        ,        ,        ,        ,        ,        ,        ,      
volmado01, 1974,     1, SDM , WHA , R  , 10.0,  0.0,   1.0,   1.0,   4.0,      ,  0.0,     ,  0.0,     ,  0.0,    ,  17.0,       ,      ,      ,        ,        ,        ,        ,        ,        ,        ,        ,      
vonarre01, 2000,     1, CHI , NHL , L  , 19.0,  3.0,   1.0,   4.0,   4.0, -4.0 ,  0.0,  0.0,  0.0,  0.0,  1.0, 0.0,  12.0,       ,      ,      ,        ,        ,        ,        ,        ,        ,        ,        ,      
vonstph01, 1995,     1, BOS , NHL , D  , 27.0,  0.0,   4.0,   4.0,  16.0, 2.0  ,  0.0,  0.0,  0.0,  0.0,  0.0, 0.0,  20.0,       ,      ,      ,        ,        ,        ,        ,        ,        ,        ,        ,      
vonstph01, 1996,     1, OTT , NHL , D  ,  6.0,  0.0,   1.0,   1.0,   7.0, -3.0 ,  0.0,  1.0,  0.0,  0.0,  0.0, 0.0,   2.0,       ,      ,      ,        ,        ,        ,        ,        ,        ,        ,        ,      
vopatja01, 1995,     1, LAK , NHL , D  , 11.0,  1.0,   4.0,   5.0,   4.0, 3.0  ,  0.0,  3.0,  0.0,  0.0,  0.0, 0.0,  13.0,       ,      ,      ,        ,        ,        ,        ,        ,        ,        ,        ,      
vopatja01, 1996,     1, LAK , NHL , D  , 33.0,  4.0,   5.0,   9.0,  22.0, 3.0  ,  0.0,  1.0,  0.0,  0.0,  1.0, 1.0,  44.0,       ,      ,      ,        ,        ,        ,        ,        ,        ,        ,        ,      
vopatja01, 1997,     1, LAK , NHL , D  , 21.0,  1.0,   5.0,   6.0,  10.0, 8.0  ,  0.0,  1.0,  0.0,  0.0,  1.0, 0.0,  13.0,    2.0,   0.0,   1.0,     1.0,     2.0, 1.0    ,     0.0,     0.0,     0.0,     0.0,     0.0,     1.0
vopatja01, 1998,     1, NAS , NHL , D  , 55.0,  5.0,   6.0,  11.0,  28.0, 0.0  ,  0.0,  1.0,  0.0,  1.0,  0.0, 0.0,  46.0,       ,      ,      ,        ,        ,        ,        ,        ,        ,        ,        ,      
vopatja01, 1999,     1, NAS , NHL , D  ,  6.0,  0.0,   0.0,   0.0,   6.0, 1.0  ,  0.0,  0.0,  0.0,  0.0,  0.0, 0.0,   3.0,       ,      ,      ,        ,        ,        ,        ,        ,        ,        ,        ,      
vopatro01, 1995,     1, STL , NHL , C  , 25.0,  2.0,   3.0,   5.0,  48.0, -8.0 ,  1.0,  0.0,  0.0,  0.0,  1.0, 0.0,  33.0,       ,      ,      ,        ,        ,        ,        ,        ,        ,        ,        ,      
vopatro01, 1996,     1, LAK , NHL , C  , 29.0,  4.0,   5.0,   9.0,  60.0, -7.0 ,  1.0,  0.0,  0.0,  0.0,  2.0, 0.0,  54.0,       ,      ,      ,        ,        ,        ,        ,        ,        ,        ,        ,      
vopatro01, 1997,     1, LAK , NHL , C  , 25.0,  0.0,   3.0,   3.0,  55.0, -7.0 ,  0.0,  0.0,  0.0,  0.0,  0.0, 0.0,  36.0,       ,      ,      ,        ,        ,        ,        ,        ,        ,        ,        ,      
vopatro01, 1998,     1, LAK , NHL , C  ,  3.0,  0.0,   0.0,   0.0,   6.0, 0.0  ,  0.0,  0.0,  0.0,  0.0,  0.0, 0.0,   2.0,       ,      ,      ,        ,        ,        ,        ,        ,        ,        ,        ,      
vopatro01, 1998,     2, CHI , NHL , C  ,  3.0,  0.0,   0.0,   0.0,   4.0, -4.0 ,  0.0,  0.0,  0.0,  0.0,  0.0, 0.0,   0.0,       ,      ,      ,        ,        ,        ,        ,        ,        ,        ,        ,      
vopatro01, 1998,     3, PHI , NHL , C  , 48.0,  0.0,   3.0,   3.0,  80.0, -3.0 ,  0.0,  0.0,  0.0,  0.0,  0.0, 0.0,  25.0,       ,      ,      ,        ,        ,        ,        ,        ,        ,        ,        ,      
voracja01, 2008,     1, CBS , NHL , R  , 80.0,  9.0,  29.0,  38.0,  44.0, 11.0 ,  0.0,  4.0,  0.0,  0.0,  1.0,    , 101.0,    4.0,   0.0,   1.0,     1.0,     8.0, 0.0    ,     0.0,     0.0,     0.0,     0.0,     0.0,    12.0
voracja01, 2009,     1, CBS , NHL , R  , 81.0, 16.0,  34.0,  50.0,  26.0, -7.0 ,  4.0,  9.0,  0.0,  0.0,  1.0,    , 154.0,       ,      ,      ,        ,        ,        ,        ,        ,        ,        ,        ,      
vorobpa01, 2003,     1, CHI , NHL , R  , 18.0,  1.0,   3.0,   4.0,   4.0, 1.0  ,  1.0,  1.0,  0.0,  0.0,  1.0, 0.0,  20.0,       ,      ,      ,        ,        ,        ,        ,        ,        ,        ,        ,      
vorobpa01, 2005,     1, CHI , NHL , R  , 39.0,  9.0,  12.0,  21.0,  34.0, -2.0 ,  2.0,  6.0,  0.0,  1.0,  0.0,    ,  87.0,       ,      ,      ,        ,        ,        ,        ,        ,        ,        ,        ,      
vorobvl01, 1996,     1, NYR , NHL , R  , 16.0,  5.0,   5.0,  10.0,   6.0, 4.0  ,  2.0,  1.0,  0.0,  0.0,  0.0, 0.0,  42.0,       ,      ,      ,        ,        ,        ,        ,        ,        ,        ,        ,      
vorobvl01, 1997,     1, NYR , NHL , R  , 15.0,  2.0,   2.0,   4.0,   6.0, -10.0,  0.0,  2.0,  0.0,  0.0,  1.0, 0.0,  27.0,       ,      ,      ,        ,        ,        ,        ,        ,        ,        ,        ,      
vorobvl01, 1998,     1, EDM , NHL , R  ,  2.0,  2.0,   0.0,   2.0,   2.0, 1.0  ,  0.0,  0.0,  0.0,  0.0,  0.0, 0.0,   5.0,    1.0,   0.0,   0.0,     0.0,     0.0, -1.0   ,     0.0,     0.0,     0.0,     0.0,     0.0,     1.0
vorosaa01, 2007,     1, MIN , NHL , L  , 55.0,  7.0,   7.0,  14.0, 141.0, -7.0 ,  0.0,  1.0,  0.0,  0.0,  1.0,    ,  52.0,    5.0,   1.0,   0.0,     1.0,    16.0, -1.0   ,     0.0,     0.0,     0.0,     0.0,     0.0,    10.0
vorosaa01, 2008,     1, NYR , NHL , L  , 54.0,  8.0,   8.0,  16.0, 122.0, -9.0 ,  3.0,  0.0,  0.0,  0.0,  1.0,    ,  66.0,    4.0,   0.0,   0.0,     0.0,    14.0, -2.0   ,     0.0,     0.0,     0.0,     0.0,     0.0,     3.0
vorosaa01, 2009,     1, NYR , NHL , L  , 41.0,  3.0,   4.0,   7.0,  89.0, -2.0 ,  1.0,  0.0,  0.0,  0.0,  0.0,    ,  22.0,       ,      ,      ,        ,        ,        ,        ,        ,        ,        ,        ,      
vossca01 , 1926,     1, TRS , NHL , C  , 12.0,  0.0,   0.0,   0.0,   0.0,      ,     ,     ,     ,     ,     ,    ,      ,       ,      ,      ,        ,        ,        ,        ,        ,        ,        ,        ,      
vossca01 , 1928,     1, TOR , NHL , C  ,  2.0,  0.0,   0.0,   0.0,   0.0,      ,     ,     ,     ,     ,     ,    ,      ,       ,      ,      ,        ,        ,        ,        ,        ,        ,        ,        ,      
vossca01 , 1932,     1, NYR , NHL , C  , 10.0,  2.0,   1.0,   3.0,   4.0,      ,     ,     ,     ,     ,     ,    ,      ,       ,      ,      ,        ,        ,        ,        ,        ,        ,        ,        ,      
vossca01 , 1932,     2, DET , NHL , C  , 38.0,  6.0,  14.0,  20.0,   6.0,      ,     ,     ,     ,     ,     ,    ,      ,    4.0,   1.0,   1.0,     2.0,     0.0,        ,        ,        ,        ,        ,        ,      
vossca01 , 1933,     1, DET , NHL , C  ,  8.0,  0.0,   2.0,   2.0,   2.0,      ,     ,     ,     ,     ,     ,    ,      ,       ,      ,      ,        ,        ,        ,        ,        ,        ,        ,        ,      
vossca01 , 1933,     2, OTS , NHL , C  , 40.0,  7.0,  16.0,  23.0,  10.0,      ,     ,     ,     ,     ,     ,    ,      ,       ,      ,      ,        ,        ,        ,        ,        ,        ,        ,        ,      
vossca01 , 1934,     1, STE , NHL , C  , 48.0, 13.0,  18.0,  31.0,  14.0,      ,     ,     ,     ,     ,     ,    ,      ,       ,      ,      ,        ,        ,        ,        ,        ,        ,        ,        ,      
vossca01 , 1935,     1, NYA , NHL , C  , 46.0,  3.0,   9.0,  12.0,  10.0,      ,     ,     ,     ,     ,     ,    ,      ,    5.0,   0.0,   0.0,     0.0,     0.0,        ,        ,        ,        ,        ,        ,      
vossca01 , 1936,     1, MTM , NHL , C  , 20.0,  0.0,   2.0,   2.0,   4.0,      ,     ,     ,     ,     ,     ,    ,      ,    5.0,   1.0,   0.0,     1.0,     0.0,        ,        ,        ,        ,        ,        ,      
vossca01 , 1937,     1, MTM , NHL , C  ,  3.0,  0.0,   0.0,   0.0,   0.0,      ,     ,     ,     ,     ,     ,    ,      ,       ,      ,      ,        ,        ,        ,        ,        ,        ,        ,        ,      
vossca01 , 1937,     2, CHI , NHL , C  , 34.0,  3.0,   8.0,  11.0,   0.0,      ,     ,     ,     ,     ,     ,    ,      ,   10.0,   3.0,   2.0,     5.0,     0.0,        ,        ,        ,        ,        ,        ,      
vranape01, 2008,     1, NJD , NHL , C  , 16.0,  1.0,   0.0,   1.0,   2.0, -4.0 ,  0.0,  0.0,  0.0,  0.0,  0.0,    ,   6.0,       ,      ,      ,        ,        ,        ,        ,        ,        ,        ,        ,      
vrbatra01, 2001,     1, COL , NHL , L  , 52.0, 18.0,  12.0,  30.0,  14.0, 7.0  ,  6.0,  5.0,  0.0,  0.0,  3.0, 0.0, 112.0,    9.0,   0.0,   0.0,     0.0,     0.0, -5.0   ,     0.0,     0.0,     0.0,     0.0,     0.0,    19.0
vrbatra01, 2002,     1, COL , NHL , L  , 66.0, 11.0,  19.0,  30.0,  16.0, 0.0  ,  3.0,  8.0,  0.0,  0.0,  4.0, 1.0, 171.0,       ,      ,      ,        ,        ,        ,        ,        ,        ,        ,        ,      
vrbatra01, 2002,     2, CAR , NHL , L  , 10.0,  5.0,   0.0,   5.0,   2.0, -7.0 ,  3.0,  0.0,  0.0,  0.0,  0.0, 0.0,  44.0,       ,      ,      ,        ,        ,        ,        ,        ,        ,        ,        ,      
vrbatra01, 2003,     1, CAR , NHL , R  , 80.0, 12.0,  13.0,  25.0,  24.0, -10.0,  4.0,  2.0,  0.0,  0.0,  2.0, 0.0, 195.0,       ,      ,      ,        ,        ,        ,        ,        ,        ,        ,        ,      
vrbatra01, 2005,     1, CAR , NHL , R  , 16.0,  2.0,   3.0,   5.0,   6.0, 0.0  ,  1.0,  0.0,  0.0,  0.0,  0.0,    ,  38.0,       ,      ,      ,        ,        ,        ,        ,        ,        ,        ,        ,      
vrbatra01, 2005,     2, CHI , NHL , R  , 45.0, 13.0,  21.0,  34.0,  16.0, 4.0  ,  5.0, 10.0,  0.0,  1.0,  0.0,    , 147.0,       ,      ,      ,        ,        ,        ,        ,        ,        ,        ,        ,      
vrbatra01, 2006,     1, CHI , NHL , R  , 77.0, 14.0,  27.0,  41.0,  26.0, -4.0 ,  5.0,  6.0,  0.0,  1.0,  2.0,    , 215.0,       ,      ,      ,        ,        ,        ,        ,        ,        ,        ,        ,      
vrbatra01, 2007,     1, PHO , NHL , R  , 76.0, 27.0,  29.0,  56.0,  14.0, 6.0  ,  7.0,  9.0,  3.0,  2.0,  5.0,    , 246.0,       ,      ,      ,        ,        ,        ,        ,        ,        ,        ,        ,      
vrbatra01, 2008,     1, TBL , NHL , R  , 18.0,  3.0,   3.0,   6.0,   8.0, -1.0 ,  1.0,  0.0,  0.0,  0.0,  0.0,    ,  41.0,       ,      ,      ,        ,        ,        ,        ,        ,        ,        ,        ,      
vrbatra01, 2009,     1, PHO , NHL , R  , 82.0, 24.0,  19.0,  43.0,  24.0, 6.0  ,  7.0,  7.0,  0.0,  0.0,  4.0,    , 266.0,    7.0,   2.0,   2.0,     4.0,     4.0, -2.0   ,     1.0,     0.0,     0.0,     0.0,     1.0,    22.0
vujtevl01, 1991,     1, MTL , NHL , L  ,  2.0,  0.0,   0.0,   0.0,   0.0, -1.0 ,  0.0,  0.0,  0.0,  0.0,  0.0, 0.0,   1.0,       ,      ,      ,        ,        ,        ,        ,        ,        ,        ,        ,      
vujtevl01, 1992,     1, EDM , NHL , L  , 30.0,  1.0,  10.0,  11.0,   8.0, -1.0 ,  0.0,  4.0,  0.0,  0.0,  0.0, 0.0,  49.0,       ,      ,      ,        ,        ,        ,        ,        ,        ,        ,        ,      
vujtevl01, 1993,     1, EDM , NHL , C  , 40.0,  4.0,  15.0,  19.0,  14.0, -7.0 ,  1.0,  2.0,  0.0,  0.0,  0.0, 0.0,  66.0,       ,      ,      ,        ,        ,        ,        ,        ,        ,        ,        ,      
vujtevl01, 1997,     1, TBL , NHL , C  , 30.0,  2.0,   4.0,   6.0,  16.0, -2.0 ,  0.0,  0.0,  0.0,  0.0,  1.0, 0.0,  44.0,       ,      ,      ,        ,        ,        ,        ,        ,        ,        ,        ,      
vujtevl01, 1999,     1, ATL , NHL , L  ,  3.0,  0.0,   0.0,   0.0,   0.0, 0.0  ,  0.0,  0.0,  0.0,  0.0,  0.0, 0.0,   2.0,       ,      ,      ,        ,        ,        ,        ,        ,        ,        ,        ,      
vujtevl01, 2002,     1, PIT , NHL , L  ,  5.0,  0.0,   1.0,   1.0,   0.0, -4.0 ,  0.0,  1.0,  0.0,  0.0,  0.0, 0.0,   3.0,       ,      ,      ,        ,        ,        ,        ,        ,        ,        ,        ,      
vukotmi01, 1987,     1, NYI , NHL , R  , 17.0,  1.0,   0.0,   1.0,  82.0, 1.0  ,  0.0,  0.0,  0.0,  0.0,  0.0, 0.0,   7.0,    2.0,   0.0,   0.0,     0.0,    23.0, 0.0    ,     0.0,     0.0,     0.0,     0.0,     0.0,     0.0
vukotmi01, 1988,     1, NYI , NHL , R  , 48.0,  2.0,   2.0,   4.0, 237.0, -17.0,  0.0,  0.0,  0.0,  0.0,  0.0, 0.0,  19.0,       ,      ,      ,        ,        ,        ,        ,        ,        ,        ,        ,      
vukotmi01, 1989,     1, NYI , NHL , R  , 76.0,  4.0,   8.0,  12.0, 290.0, 10.0 ,  0.0,  0.0,  0.0,  0.0,  0.0, 0.0,  55.0,    1.0,   0.0,   0.0,     0.0,    17.0, 0.0    ,     0.0,     0.0,     0.0,     0.0,     0.0,     3.0
vukotmi01, 1990,     1, NYI , NHL , R  , 60.0,  2.0,   4.0,   6.0, 238.0, -13.0,  0.0,  1.0,  0.0,  0.0,  0.0, 0.0,  39.0,       ,      ,      ,        ,        ,        ,        ,        ,        ,        ,        ,      
vukotmi01, 1991,     1, NYI , NHL , R  , 74.0,  0.0,   6.0,   6.0, 293.0, -6.0 ,  0.0,  0.0,  0.0,  0.0,  0.0, 0.0,  34.0,       ,      ,      ,        ,        ,        ,        ,        ,        ,        ,        ,      
vukotmi01, 1992,     1, NYI , NHL , R  , 74.0,  2.0,   5.0,   7.0, 216.0, 3.0  ,  0.0,  0.0,  0.0,  0.0,  0.0, 0.0,  37.0,   15.0,   0.0,   0.0,     0.0,    16.0, -4.0   ,     0.0,     0.0,     0.0,     0.0,     0.0,     4.0
vukotmi01, 1993,     1, NYI , NHL , R  , 72.0,  3.0,   1.0,   4.0, 237.0, -5.0 ,  0.0,  0.0,  0.0,  0.0,  0.0, 0.0,  26.0,    4.0,   0.0,   0.0,     0.0,    17.0, 0.0    ,     0.0,     0.0,     0.0,     0.0,     0.0,     1.0
vukotmi01, 1994,     1, NYI , NHL , R  , 40.0,  0.0,   2.0,   2.0, 109.0, 1.0  ,  0.0,  0.0,  0.0,  0.0,  0.0, 0.0,  11.0,       ,      ,      ,        ,        ,        ,        ,        ,        ,        ,        ,      
vukotmi01, 1995,     1, NYI , NHL , R  , 32.0,  1.0,   1.0,   2.0, 106.0, -3.0 ,  0.0,  0.0,  0.0,  0.0,  0.0, 0.0,  11.0,       ,      ,      ,        ,        ,        ,        ,        ,        ,        ,        ,      
vukotmi01, 1996,     1, NYI , NHL , R  , 17.0,  1.0,   0.0,   1.0,  71.0, -2.0 ,  0.0,  0.0,  0.0,  0.0,  0.0, 0.0,   7.0,       ,      ,      ,        ,        ,        ,        ,        ,        ,        ,        ,      
vukotmi01, 1997,     1, TBL , NHL , R  , 42.0,  1.0,   0.0,   1.0, 116.0, 0.0  ,  0.0,  0.0,  0.0,  0.0,  0.0, 0.0,  15.0,       ,      ,      ,        ,        ,        ,        ,        ,        ,        ,        ,      
vukotmi01, 1997,     2, MTL , NHL , R  , 22.0,  0.0,   0.0,   0.0,  76.0, -4.0 ,  0.0,  0.0,  0.0,  0.0,  0.0, 0.0,   8.0,    1.0,   0.0,   0.0,     0.0,     0.0, 0.0    ,     0.0,     0.0,     0.0,     0.0,     0.0,     0.0
vyazmig01, 1990,     1, EDM , NHL , R  ,  4.0,  1.0,   0.0,   1.0,   0.0, 0.0  ,  0.0,  0.0,  0.0,  0.0,  1.0, 0.0,   5.0,       ,      ,      ,        ,        ,        ,        ,        ,        ,        ,        ,      
vyborda01, 2000,     1, CBS , NHL , R  , 79.0, 13.0,  19.0,  32.0,  22.0, -9.0 ,  5.0,  7.0,  0.0,  0.0,  1.0, 0.0, 125.0,       ,      ,      ,        ,        ,        ,        ,        ,        ,        ,        ,      
vyborda01, 2001,     1, CBS , NHL , L  , 75.0, 13.0,  18.0,  31.0,   6.0, -14.0,  6.0,  3.0,  0.0,  0.0,  2.0, 0.0, 103.0,       ,      ,      ,        ,        ,        ,        ,        ,        ,        ,        ,      
vyborda01, 2002,     1, CBS , NHL , L  , 79.0, 20.0,  26.0,  46.0,  16.0, 12.0 ,  4.0,  6.0,  1.0,  1.0,  4.0, 0.0, 125.0,       ,      ,      ,        ,        ,        ,        ,        ,        ,        ,        ,      
vyborda01, 2003,     1, CBS , NHL , R  , 82.0, 22.0,  31.0,  53.0,  40.0, -26.0,  8.0, 16.0,  4.0,  0.0,  2.0, 0.0, 158.0,       ,      ,      ,        ,        ,        ,        ,        ,        ,        ,        ,      
vyborda01, 2005,     1, CBS , NHL , L  , 80.0, 22.0,  43.0,  65.0,  50.0, -9.0 ,  5.0, 27.0,  2.0,  0.0,  6.0,    , 145.0,       ,      ,      ,        ,        ,        ,        ,        ,        ,        ,        ,      
vyborda01, 2006,     1, CBS , NHL , R  , 82.0, 16.0,  48.0,  64.0,  60.0, 6.0  ,  6.0, 21.0,  0.0,  0.0,  2.0,    , 158.0,       ,      ,      ,        ,        ,        ,        ,        ,        ,        ,        ,      
vyborda01, 2007,     1, CBS , NHL , R  , 66.0,  7.0,  19.0,  26.0,  34.0, -8.0 ,  2.0, 10.0,  0.0,  0.0,  0.0,    , 106.0,       ,      ,      ,        ,        ,        ,        ,        ,        ,        ,        ,      
vyborfr01, 1977,     1, CZE , WHA , L  ,  8.0,  0.0,   1.0,   1.0,   0.0,      ,  0.0,     ,  0.0,     ,  0.0,    ,      ,       ,      ,      ,        ,        ,        ,        ,        ,        ,        ,        ,      
vyshese01, 1999,     1, ATL , NHL , D  ,  7.0,  1.0,   3.0,   4.0,   2.0, -3.0 ,  1.0,  1.0,  0.0,  0.0,  0.0, 0.0,   5.0,       ,      ,      ,        ,        ,        ,        ,        ,        ,        ,        ,      
vyshese01, 2000,     1, ATL , NHL , D  , 23.0,  1.0,   2.0,   3.0,  14.0, -7.0 ,  0.0,  1.0,  0.0,  0.0,  0.0, 0.0,  28.0,       ,      ,      ,        ,        ,        ,        ,        ,        ,        ,        ,      
waddedo01, 1980,     1, LAK , NHL , D  ,  1.0,  0.0,   0.0,   0.0,   0.0, -1.0 ,  0.0,     ,  0.0,     ,  0.0, 0.0,   0.0,       ,      ,      ,        ,        ,        ,        ,        ,        ,        ,        ,      
wagnest01, 2007,     1, STL , NHL , D  , 24.0,  2.0,   6.0,   8.0,   8.0, -4.0 ,  1.0,  2.0,  0.0,  0.0,  0.0,    ,  25.0,       ,      ,      ,        ,        ,        ,        ,        ,        ,        ,        ,      
wagnest01, 2008,     1, STL , NHL , D  , 22.0,  2.0,   2.0,   4.0,  18.0, -5.0 ,  0.0,  1.0,  0.0,  0.0,  0.0,    ,  16.0,       ,      ,      ,        ,        ,        ,        ,        ,        ,        ,        ,      
waitefr01, 1925,     1, VMR , WCHL, L  , 28.0,  0.0,   1.0,   1.0,   4.0,      ,     ,     ,     ,     ,     ,    ,      ,       ,      ,      ,        ,        ,        ,        ,        ,        ,        ,        ,      
waitefr01, 1930,     1, NYR , NHL , F  , 17.0,  1.0,   3.0,   4.0,   4.0,      ,     ,     ,     ,     ,     ,    ,      ,       ,      ,      ,        ,        ,        ,        ,        ,        ,        ,        ,      
waiteji01, 1988,     1, CHI , NHL , G  , 11.0,  0.0,   0.0,   0.0,   0.0, 0.0  ,  0.0,  0.0,  0.0,  0.0,  0.0, 0.0,   0.0,       ,      ,      ,        ,        ,        ,        ,        ,        ,        ,        ,      
waiteji01, 1989,     1, CHI , NHL , G  ,  4.0,  0.0,   0.0,   0.0,   0.0, 0.0  ,  0.0,  0.0,  0.0,  0.0,  0.0, 0.0,   0.0,       ,      ,      ,        ,        ,        ,        ,        ,        ,        ,        ,      
waiteji01, 1990,     1, CHI , NHL , G  ,  1.0,  0.0,   0.0,   0.0,   0.0, 0.0  ,  0.0,  0.0,  0.0,  0.0,  0.0, 0.0,   0.0,       ,      ,      ,        ,        ,        ,        ,        ,        ,        ,        ,      
waiteji01, 1991,     1, CHI , NHL , G  , 17.0,  0.0,   1.0,   1.0,   0.0, 0.0  ,  0.0,  0.0,  0.0,  0.0,  0.0, 0.0,   0.0,       ,      ,      ,        ,        ,        ,        ,        ,        ,        ,        ,      
waiteji01, 1992,     1, CHI , NHL , G  , 20.0,  0.0,   0.0,   0.0,   0.0, 0.0  ,  0.0,  0.0,  0.0,  0.0,  0.0, 0.0,   0.0,       ,      ,      ,        ,        ,        ,        ,        ,        ,        ,        ,      
waiteji01, 1993,     1, SJS , NHL , G  , 15.0,  0.0,   0.0,   0.0,   6.0, 0.0  ,  0.0,  0.0,  0.0,  0.0,  0.0, 0.0,   0.0,    2.0,   0.0,   0.0,     0.0,     0.0, 0.0    ,     0.0,     0.0,     0.0,     0.0,     0.0,     0.0
waiteji01, 1994,     1, CHI , NHL , G  ,  2.0,  0.0,   0.0,   0.0,   0.0, 0.0  ,  0.0,  0.0,  0.0,  0.0,  0.0, 0.0,   0.0,       ,      ,      ,        ,        ,        ,        ,        ,        ,        ,        ,      
waiteji01, 1995,     1, CHI , NHL , G  ,  1.0,  0.0,   0.0,   0.0,   0.0, 0.0  ,  0.0,  0.0,  0.0,  0.0,  0.0, 0.0,   0.0,       ,      ,      ,        ,        ,        ,        ,        ,        ,        ,        ,      
waiteji01, 1996,     1, CHI , NHL , G  ,  2.0,  0.0,   0.0,   0.0,   0.0, 0.0  ,  0.0,  0.0,  0.0,  0.0,  0.0, 0.0,   0.0,       ,      ,      ,        ,        ,        ,        ,        ,        ,        ,        ,      
waiteji01, 1997,     1, PHO , NHL , G  , 17.0,  0.0,   0.0,   0.0,   2.0, 0.0  ,  0.0,  0.0,  0.0,  0.0,  0.0, 0.0,   0.0,    4.0,   0.0,   0.0,     0.0,     0.0, 0.0    ,     0.0,     0.0,     0.0,     0.0,     0.0,     0.0
waiteji01, 1998,     1, PHO , NHL , G  , 16.0,  0.0,   0.0,   0.0,   2.0, 0.0  ,  0.0,  0.0,  0.0,  0.0,  0.0, 0.0,   0.0,       ,      ,      ,        ,        ,        ,        ,        ,        ,        ,        ,      
wakalda01, 1988,     1, BUF , NHL , G  ,  6.0,  0.0,   0.0,   0.0,   0.0, 0.0  ,  0.0,  0.0,  0.0,  0.0,  0.0, 0.0,   0.0,       ,      ,      ,        ,        ,        ,        ,        ,        ,        ,        ,      
wakalda01, 1990,     1, BUF , NHL , G  , 16.0,  0.0,   0.0,   0.0,   2.0, 0.0  ,  0.0,  0.0,  0.0,  0.0,  0.0, 0.0,   0.0,    2.0,   0.0,   0.0,     0.0,     2.0, 0.0    ,     0.0,     0.0,     0.0,     0.0,     0.0,     0.0
wakalda01, 1991,     1, MNS , NHL , G  , 36.0,  0.0,   0.0,   0.0,  20.0, 0.0  ,  0.0,  0.0,  0.0,  0.0,  0.0, 0.0,   0.0,       ,      ,      ,        ,        ,        ,        ,        ,        ,        ,        ,      
wakalda01, 1992,     1, MNS , NHL , G  , 29.0,  0.0,   3.0,   3.0,  20.0, 0.0  ,  0.0,  0.0,  0.0,  0.0,  0.0, 0.0,   0.0,       ,      ,      ,        ,        ,        ,        ,        ,        ,        ,        ,      
wakalda01, 1993,     1, DAL , NHL , G  , 36.0,  0.0,   2.0,   2.0,  34.0, 0.0  ,  0.0,  0.0,  0.0,  0.0,  0.0, 0.0,   0.0,    5.0,   0.0,   0.0,     0.0,     0.0, 0.0    ,     0.0,     0.0,     0.0,     0.0,     0.0,     0.0
wakalda01, 1994,     1, DAL , NHL , G  , 15.0,  0.0,   0.0,   0.0,   4.0, 0.0  ,  0.0,  0.0,  0.0,  0.0,  0.0, 0.0,   0.0,    1.0,   0.0,   0.0,     0.0,     0.0, 0.0    ,     0.0,     0.0,     0.0,     0.0,     0.0,     0.0
wakalda01, 1995,     1, DAL , NHL , G  , 37.0,  0.0,   0.0,   0.0,   6.0, 0.0  ,  0.0,  0.0,  0.0,  0.0,  0.0, 0.0,   1.0,       ,      ,      ,        ,        ,        ,        ,        ,        ,        ,        ,      
wakalda01, 1996,     1, PHO , NHL , G  , 16.0,  0.0,   1.0,   1.0,   4.0, 0.0  ,  0.0,  1.0,  0.0,  0.0,  0.0, 0.0,   0.0,       ,      ,      ,        ,        ,        ,        ,        ,        ,        ,        ,      
wakeler01, 1962,     1, MTL , NHL , G  ,  1.0,  0.0,   0.0,   0.0,   0.0,      ,     ,     ,     ,     ,     ,    ,      ,       ,      ,      ,        ,        ,        ,        ,        ,        ,        ,        ,      
wakeler01, 1968,     1, MTL , NHL , G  ,  1.0,  0.0,   0.0,   0.0,   0.0, 0.0  ,  0.0,     ,  0.0,     ,  0.0, 0.0,   0.0,       ,      ,      ,        ,        ,        ,        ,        ,        ,        ,        ,      
wakeler01, 1969,     1, STL , NHL , G  , 30.0,  0.0,   0.0,   0.0,   0.0, 0.0  ,  0.0,     ,  0.0,     ,  0.0, 0.0,   0.0,    4.0,   0.0,   0.0,     0.0,     0.0,        ,     0.0,        ,     0.0,        ,     0.0,      
wakeler01, 1970,     1, STL , NHL , G  , 51.0,  0.0,   2.0,   2.0,   0.0, 0.0  ,  0.0,     ,  0.0,     ,  0.0, 0.0,   0.0,    3.0,   0.0,   0.0,     0.0,     0.0,        ,     0.0,        ,     0.0,        ,     0.0,      
wakeler01, 1971,     1, STL , NHL , G  , 30.0,  0.0,   1.0,   1.0,   2.0, 0.0  ,  0.0,     ,  0.0,     ,  0.0, 0.0,   0.0,    3.0,   0.0,   0.0,     0.0,     0.0,        ,     0.0,        ,     0.0,        ,     0.0,      
wakeler01, 1972,     1, WIJ , WHA , G  , 49.0,  0.0,   0.0,   0.0,   0.0,      ,  0.0,     ,  0.0,     ,     ,    ,      ,    7.0,   0.0,   0.0,     0.0,     2.0,        ,     0.0,        ,     0.0,        ,     0.0,      
wakeler01, 1973,     1, WIJ , WHA , G  , 37.0,  0.0,   0.0,   0.0,   9.0,      ,  0.0,     ,  0.0,     ,  0.0,    ,      ,       ,      ,      ,        ,        ,        ,        ,        ,        ,        ,        ,      
wakeler01, 1974,     1, WIJ , WHA , G  ,  6.0,  0.0,   0.0,   0.0,   0.0,      ,  0.0,     ,  0.0,     ,  0.0,    ,   0.0,       ,      ,      ,        ,        ,        ,        ,        ,        ,        ,        ,      
wakeler01, 1974,     2, SDM , WHA , G  , 35.0,  0.0,   0.0,   0.0,   0.0,      ,  0.0,     ,  0.0,     ,  0.0,    ,   0.0,   10.0,   0.0,   0.0,     0.0,     0.0,        ,     0.0,        ,     0.0,        ,     0.0,      
wakeler01, 1975,     1, SDM , WHA , G  , 67.0,  0.0,   2.0,   2.0,   6.0, 0.0  ,  0.0,     ,  0.0,     ,  0.0,    ,   0.0,   11.0,   0.0,   0.0,     0.0,     4.0, 0.0    ,        ,        ,        ,        ,        ,      
wakeler01, 1976,     1, SDM , WHA , G  , 46.0,  0.0,   1.0,   1.0,   0.0, 0.0  ,  0.0,     ,  0.0,     ,  0.0,    ,   0.0,    3.0,   0.0,   0.0,     0.0,     0.0, 0.0    ,     0.0,        ,     0.0,        ,     0.0,      
wakeler01, 1977,     1, CIN , WHA , G  ,  6.0,  0.0,   0.0,   0.0,   0.0, 0.0  ,  0.0,     ,  0.0,     ,     ,    ,   0.0,       ,      ,      ,        ,        ,        ,        ,        ,        ,        ,        ,      
wakeler01, 1977,     2, HOU , WHA , G  , 51.0,  0.0,   4.0,   4.0,   2.0, 0.0  ,  0.0,     ,  0.0,     ,     ,    ,   0.0,       ,      ,      ,        ,        ,        ,        ,        ,        ,        ,        ,      
wakeler01, 1978,     1, BIR , WHA , G  , 37.0,  0.0,   3.0,   3.0,   0.0, 0.0  ,  0.0,     ,  0.0,     ,     ,    ,   0.0,       ,      ,      ,        ,        ,        ,        ,        ,        ,        ,        ,      
walkego01, 1986,     1, NYR , NHL , L  ,  1.0,  1.0,   0.0,   1.0,   4.0, 2.0  ,  0.0,     ,  0.0,     ,  0.0, 0.0,   1.0,       ,      ,      ,        ,        ,        ,        ,        ,        ,        ,        ,      
walkego01, 1987,     1, NYR , NHL , L  , 18.0,  1.0,   4.0,   5.0,  17.0, -8.0 ,  0.0,  0.0,  0.0,  0.0,  0.0, 0.0,  23.0,       ,      ,      ,        ,        ,        ,        ,        ,        ,        ,        ,      
walkego01, 1988,     1, LAK , NHL , R  , 11.0,  1.0,   0.0,   1.0,   2.0, -2.0 ,  0.0,  0.0,  0.0,  0.0,  0.0, 0.0,  13.0,       ,      ,      ,        ,        ,        ,        ,        ,        ,        ,        ,      
walkego01, 1989,     1, LAK , NHL , R  ,  1.0,  0.0,   0.0,   0.0,   0.0, 0.0  ,  0.0,  0.0,  0.0,  0.0,  0.0, 0.0,   0.0,       ,      ,      ,        ,        ,        ,        ,        ,        ,        ,        ,      
walkeho01, 1980,     1, WAS , NHL , D  , 64.0,  2.0,  11.0,  13.0, 100.0, 9.0  ,  2.0,     ,  0.0,     ,  0.0, 0.0,  68.0,       ,      ,      ,        ,        ,        ,        ,        ,        ,        ,        ,      
walkeho01, 1981,     1, WAS , NHL , D  , 16.0,  0.0,   2.0,   2.0,  26.0, -9.0 ,  0.0,     ,  0.0,     ,  0.0, 0.0,  18.0,       ,      ,      ,        ,        ,        ,        ,        ,        ,        ,        ,      
walkeho01, 1982,     1, CAL , NHL , D  ,  3.0,  0.0,   0.0,   0.0,   7.0, 0.0  ,  0.0,     ,  0.0,     ,  0.0, 0.0,   2.0,       ,      ,      ,        ,        ,        ,        ,        ,        ,        ,        ,      
walkeja01, 1912,     1, TBS , NHA ,    ,  1.0,  0.0,   0.0,   0.0,   0.0,      ,     ,     ,     ,     ,     ,    ,      ,       ,      ,      ,        ,        ,        ,        ,        ,        ,        ,        ,      
walkeja01, 1913,     1, TBS , NHA ,    , 20.0, 20.0,  16.0,  36.0,  17.0,      ,     ,     ,     ,     ,     ,    ,      ,    2.0,   3.0,      ,        ,        ,        ,        ,        ,        ,        ,        ,      
walkeja01, 1914,     1, TBS , NHA ,    , 19.0, 12.0,   7.0,  19.0,  11.0,      ,     ,     ,     ,     ,     ,    ,      ,       ,      ,      ,        ,        ,        ,        ,        ,        ,        ,        ,      
walkeja01, 1915,     1, SEA , PCHA, C  , 18.0, 13.0,   6.0,  19.0,   3.0,      ,     ,     ,     ,     ,     ,    ,      ,       ,      ,      ,        ,        ,        ,        ,        ,        ,        ,        ,      
walkeja01, 1916,     1, SEA , PCHA, C  , 24.0, 11.0,  15.0,  26.0,   3.0,      ,     ,     ,     ,     ,     ,    ,      ,       ,      ,      ,        ,        ,        ,        ,        ,        ,        ,        ,      
walkeja01, 1917,     1, SEA , PCHA, C  ,  1.0,  0.0,   0.0,   0.0,   0.0,      ,     ,     ,     ,     ,     ,    ,      ,       ,      ,      ,        ,        ,        ,        ,        ,        ,        ,        ,      
walkeja01, 1918,     1, SEA , PCHA, C  , 20.0,  7.0,   8.0,  15.0,   9.0,      ,     ,     ,     ,     ,     ,    ,      ,    2.0,   0.0,   2.0,     2.0,     0.0,        ,        ,        ,        ,        ,        ,      
walkeja01, 1919,     1, SEA , PCHA, C  , 21.0,  4.0,   8.0,  12.0,   3.0,      ,     ,     ,     ,     ,     ,    ,      ,    2.0,   1.0,   1.0,     2.0,     0.0,        ,        ,        ,        ,        ,        ,      
walkeja01, 1920,     1, SEA , PCHA, L  , 22.0,  6.0,   4.0,  10.0,   6.0,      ,     ,     ,     ,     ,     ,    ,      ,    2.0,   0.0,   0.0,     0.0,     0.0,        ,        ,        ,        ,        ,        ,      
walkeja01, 1921,     1, SEA , PCHA, C  , 24.0,  8.0,   4.0,  12.0,   0.0,      ,     ,     ,     ,     ,     ,    ,      ,    2.0,   0.0,   0.0,     0.0,     0.0,        ,        ,        ,        ,        ,        ,      
walkeja01, 1922,     1, SEA , PCHA, C  , 30.0, 14.0,   8.0,  22.0,   2.0,      ,     ,     ,     ,     ,     ,    ,      ,       ,      ,      ,        ,        ,        ,        ,        ,        ,        ,        ,      
walkeja01, 1923,     1, SEA , PCHA, C  , 30.0, 18.0,   5.0,  23.0,   2.0,      ,     ,     ,     ,     ,     ,    ,      ,    2.0,   1.0,   0.0,     1.0,     0.0,        ,        ,        ,        ,        ,        ,      
walkeja01, 1924,     1, VIC , WCHL, L  , 28.0,  7.0,   7.0,  14.0,   6.0,      ,     ,     ,     ,     ,     ,    ,      ,    4.0,   4.0,   0.0,     4.0,     0.0,        ,        ,        ,        ,        ,        ,      
walkeja01, 1925,     1, VIC , WCHL, C  , 30.0,  9.0,   8.0,  17.0,  16.0,      ,     ,     ,     ,     ,     ,    ,      ,    4.0,   0.0,   0.0,     0.0,     0.0,        ,        ,        ,        ,        ,        ,      
walkeja01, 1926,     1, DTC , NHL , C  , 37.0,  3.0,   4.0,   7.0,   6.0,      ,     ,     ,     ,     ,     ,    ,      ,       ,      ,      ,        ,        ,        ,        ,        ,        ,        ,        ,      
walkeja01, 1927,     1, DTC , NHL , C  , 43.0,  2.0,   4.0,   6.0,  12.0,      ,     ,     ,     ,     ,     ,    ,      ,       ,      ,      ,        ,        ,        ,        ,        ,        ,        ,        ,      
walkeku01, 1975,     1, TOR , NHL , D  ,  5.0,  0.0,   0.0,   0.0,  49.0, -2.0 ,  0.0,     ,  0.0,     ,  0.0, 0.0,   2.0,    6.0,   0.0,   0.0,     0.0,    24.0,        ,     0.0,        ,     0.0,        ,     0.0,      
walkeku01, 1976,     1, TOR , NHL , D  , 26.0,  2.0,   3.0,   5.0,  34.0, 5.0  ,  0.0,     ,  0.0,     ,  0.0, 0.0,   6.0,       ,      ,      ,        ,        ,        ,        ,        ,        ,        ,        ,      
walkeku01, 1977,     1, TOR , NHL , R  , 40.0,  2.0,   2.0,   4.0,  69.0, -5.0 ,  0.0,     ,  0.0,     ,  0.0, 0.0,  12.0,   10.0,   0.0,   0.0,     0.0,    10.0,        ,     0.0,        ,     0.0,        ,     0.0,      
walkema01, 2002,     1, STL , NHL , D  , 16.0,  0.0,   1.0,   1.0,  38.0, 0.0  ,  0.0,  0.0,  0.0,  0.0,  0.0, 0.0,  13.0,       ,      ,      ,        ,        ,        ,        ,        ,        ,        ,        ,      
walkema01, 2003,     1, STL , NHL , D  , 14.0,  0.0,   1.0,   1.0,  25.0, 0.0  ,  0.0,  0.0,  0.0,  0.0,  0.0, 0.0,   8.0,    4.0,   0.0,   0.0,     0.0,     0.0, -2.0   ,     0.0,     0.0,     0.0,     0.0,     0.0,     3.0
walkema01, 2005,     1, STL , NHL , D  , 54.0,  0.0,   2.0,   2.0,  79.0, -7.0 ,  0.0,  0.0,  0.0,  0.0,  0.0,    ,  59.0,       ,      ,      ,        ,        ,        ,        ,        ,        ,        ,        ,      
walkema01, 2006,     1, STL , NHL , D  , 48.0,  0.0,   5.0,   5.0,  72.0, 7.0  ,  0.0,  0.0,  0.0,  0.0,  0.0,    ,  34.0,       ,      ,      ,        ,        ,        ,        ,        ,        ,        ,        ,      
walkema01, 2007,     1, STL , NHL , D  , 43.0,  1.0,   1.0,   2.0,  61.0, -3.0 ,  0.0,  0.0,  0.0,  0.0,  0.0,    ,  47.0,       ,      ,      ,        ,        ,        ,        ,        ,        ,        ,        ,      
walkema01, 2008,     1, CHI , NHL , D  , 65.0,  1.0,  13.0,  14.0,  79.0, 7.0  ,  0.0,  0.0,  0.0,  2.0,  0.0,    ,  83.0,   17.0,   0.0,   2.0,     2.0,    14.0, -4.0   ,     0.0,     0.0,     0.0,     0.0,     0.0,    15.0
walkema01, 2009,     1, TBL , NHL , D  , 66.0,  2.0,   3.0,   5.0,  90.0, -11.0,  0.0,  0.0,  0.0,  0.0,  0.0,    ,  54.0,       ,      ,      ,        ,        ,        ,        ,        ,        ,        ,        ,      
walkeru01, 1973,     1, CLC , WHA , R  , 76.0, 15.0,  14.0,  29.0, 117.0,      ,  1.0,     ,  0.0,     ,  2.0,    ,      ,    5.0,   1.0,   0.0,     1.0,    11.0,        ,        ,        ,        ,        ,     0.0,      
walkeru01, 1974,     1, CLC , WHA , R  , 66.0, 14.0,  11.0,  25.0,  80.0, 16.0 ,  0.0,     ,  0.0,     ,     ,    , 131.0,    5.0,   1.0,   0.0,     1.0,    17.0,        ,        ,        ,        ,        ,     0.0,      
walkeru01, 1975,     1, CLC , WHA , R  , 72.0, 23.0,  15.0,  38.0, 122.0, -7.0 ,  5.0,     ,  0.0,     ,  2.0,    , 161.0,    3.0,   0.0,   0.0,     0.0,    18.0, 1.0    ,        ,        ,        ,        ,     0.0,      
walkeru01, 1976,     1, LAK , NHL , R  , 16.0,  1.0,   0.0,   1.0,  35.0, -2.0 ,  0.0,     ,  0.0,     ,  0.0, 0.0,  12.0,       ,      ,      ,        ,        ,        ,        ,        ,        ,        ,        ,      
walkeru01, 1977,     1, LAK , NHL , R  ,  1.0,  0.0,   0.0,   0.0,   6.0, 0.0  ,  0.0,     ,  0.0,     ,  0.0, 0.0,   0.0,       ,      ,      ,        ,        ,        ,        ,        ,        ,        ,        ,      
walkesc01, 1994,     1, VAN , NHL , D  , 11.0,  0.0,   1.0,   1.0,  33.0, 0.0  ,  0.0,  0.0,  0.0,  0.0,  0.0, 0.0,   8.0,       ,      ,      ,        ,        ,        ,        ,        ,        ,        ,        ,      
walkesc01, 1995,     1, VAN , NHL , D  , 63.0,  4.0,   8.0,  12.0, 137.0, -7.0 ,  0.0,  0.0,  1.0,  1.0,  1.0, 0.0,  45.0,       ,      ,      ,        ,        ,        ,        ,        ,        ,        ,        ,      
walkesc01, 1996,     1, VAN , NHL , R  , 64.0,  3.0,  15.0,  18.0, 132.0, 2.0  ,  0.0,  0.0,  0.0,  0.0,  0.0, 0.0,  55.0,       ,      ,      ,        ,        ,        ,        ,        ,        ,        ,        ,      
walkesc01, 1997,     1, VAN , NHL , C  , 59.0,  3.0,  10.0,  13.0, 164.0, -8.0 ,  0.0,  0.0,  1.0,  0.0,  1.0, 0.0,  40.0,       ,      ,      ,        ,        ,        ,        ,        ,        ,        ,        ,      
walkesc01, 1998,     1, NAS , NHL , C  , 71.0, 15.0,  25.0,  40.0, 103.0, 0.0  ,  0.0,  2.0,  1.0,  1.0,  2.0, 0.0,  96.0,       ,      ,      ,        ,        ,        ,        ,        ,        ,        ,        ,      
walkesc01, 1999,     1, NAS , NHL , R  , 69.0,  7.0,  21.0,  28.0,  90.0, -16.0,  0.0,  1.0,  1.0,  0.0,  0.0, 1.0,  98.0,       ,      ,      ,        ,        ,        ,        ,        ,        ,        ,        ,      
walkesc01, 2000,     1, NAS , NHL , R  , 74.0, 25.0,  29.0,  54.0,  66.0, -2.0 ,  9.0, 14.0,  3.0,  2.0,  1.0, 1.0, 159.0,       ,      ,      ,        ,        ,        ,        ,        ,        ,        ,        ,      
walkesc01, 2001,     1, NAS , NHL , R  , 28.0,  4.0,   5.0,   9.0,  18.0, -13.0,  1.0,  1.0,  0.0,  0.0,  0.0, 0.0,  46.0,       ,      ,      ,        ,        ,        ,        ,        ,        ,        ,        ,      
walkesc01, 2002,     1, NAS , NHL , R  , 60.0, 15.0,  18.0,  33.0,  58.0, 2.0  ,  7.0,  8.0,  0.0,  0.0,  5.0, 0.0, 124.0,       ,      ,      ,        ,        ,        ,        ,        ,        ,        ,        ,      
walkesc01, 2003,     1, NAS , NHL , R  , 75.0, 25.0,  42.0,  67.0,  94.0, 4.0  ,  9.0, 15.0,  3.0,  2.0,  3.0, 0.0, 157.0,    6.0,   0.0,   1.0,     1.0,     6.0, -3.0   ,     0.0,     0.0,     0.0,     0.0,     0.0,    14.0
walkesc01, 2005,     1, NAS , NHL , R  , 33.0,  5.0,  11.0,  16.0,  36.0, 2.0  ,  1.0,  3.0,  0.0,  0.0,  0.0,    ,  57.0,    5.0,   0.0,   0.0,     0.0,     6.0, 0.0    ,     0.0,     0.0,     0.0,     0.0,     0.0,     5.0
walkesc01, 2006,     1, CAR , NHL , R  , 81.0, 21.0,  30.0,  51.0,  45.0, -10.0,  6.0,  6.0,  0.0,  0.0,  6.0,    , 183.0,       ,      ,      ,        ,        ,        ,        ,        ,        ,        ,        ,      
walkesc01, 2007,     1, CAR , NHL , R  , 58.0, 14.0,  18.0,  32.0, 115.0, -3.0 ,  4.0,  6.0,  2.0,  0.0,  4.0,    , 122.0,       ,      ,      ,        ,        ,        ,        ,        ,        ,        ,        ,      
walkesc01, 2008,     1, CAR , NHL , R  , 41.0,  5.0,  10.0,  15.0,  39.0, -4.0 ,  1.0,  1.0,  0.0,  0.0,  0.0,    ,  71.0,   18.0,   1.0,   6.0,     7.0,    19.0, -3.0   ,     0.0,     0.0,     0.0,     0.0,     1.0,    25.0
walkesc01, 2009,     1, CAR , NHL , R  , 33.0,  3.0,   2.0,   5.0,  23.0, -4.0 ,  1.0,  0.0,  0.0,  0.0,  0.0,    ,  50.0,       ,      ,      ,        ,        ,        ,        ,        ,        ,        ,        ,      
walkesc01, 2009,     2, WAS , NHL , R  ,  9.0,  2.0,   1.0,   3.0,   9.0, 1.0  ,  0.0,  0.0,  0.0,  0.0,  1.0,    ,  13.0,    1.0,   0.0,   0.0,     0.0,     0.0, 0.0    ,     0.0,     0.0,     0.0,     0.0,     0.0,     0.0
wallati01, 2008,     1, PIT , NHL , R  , 16.0,  0.0,   2.0,   2.0,   7.0, 2.0  ,  0.0,  0.0,  0.0,  0.0,  0.0,    ,  17.0,       ,      ,      ,        ,        ,        ,        ,        ,        ,        ,        ,      
wallati01, 2009,     1, PIT , NHL , R  ,  1.0,  0.0,   0.0,   0.0,   0.0, 0.0  ,  0.0,  0.0,  0.0,  0.0,  0.0,    ,   0.0,       ,      ,      ,        ,        ,        ,        ,        ,        ,        ,        ,      
wallbo01 , 1964,     1, DET , NHL , D  ,  1.0,  0.0,   0.0,   0.0,   0.0,      ,  0.0,     ,  0.0,     ,  0.0, 0.0,      ,    1.0,   0.0,   0.0,     0.0,     0.0,        ,        ,        ,        ,        ,     0.0,      
wallbo01 , 1965,     1, DET , NHL , D  ,  8.0,  1.0,   1.0,   2.0,   8.0,      ,  0.0,     ,  0.0,     ,  0.0, 0.0,      ,    6.0,   0.0,   0.0,     0.0,     2.0,        ,        ,        ,        ,        ,     0.0,      
wallbo01 , 1966,     1, DET , NHL , D  , 31.0,  2.0,   2.0,   4.0,  26.0,      ,  0.0,     ,  0.0,     ,  0.0, 0.0,      ,       ,      ,      ,        ,        ,        ,        ,        ,        ,        ,        ,      
wallbo01 , 1967,     1, LAK , NHL , D  , 71.0,  5.0,  18.0,  23.0,  66.0, -9.0 ,  1.0,     ,  0.0,     ,  2.0, 0.0, 148.0,    7.0,   0.0,   1.0,     1.0,     0.0,        ,     0.0,        ,     0.0,        ,     0.0,      
wallbo01 , 1968,     1, LAK , NHL , L  , 71.0, 13.0,  13.0,  26.0,  16.0, -6.0 ,  1.0,     ,  1.0,     ,  1.0, 1.0, 147.0,    8.0,   0.0,   2.0,     2.0,     0.0,        ,     0.0,        ,     0.0,        ,     0.0,      
wallbo01 , 1969,     1, LAK , NHL , D  , 70.0,  5.0,  13.0,  18.0,  26.0, -26.0,  5.0,     ,  0.0,     ,  1.0, 0.0, 116.0,       ,      ,      ,        ,        ,        ,        ,        ,        ,        ,        ,      
wallbo01 , 1970,     1, STL , NHL , D  , 25.0,  2.0,   4.0,   6.0,   4.0, -1.0 ,  1.0,     ,  0.0,     ,  0.0, 0.0,  29.0,       ,      ,      ,        ,        ,        ,        ,        ,        ,        ,        ,      
wallbo01 , 1971,     1, DET , NHL , L  , 45.0,  2.0,   4.0,   6.0,   9.0, -7.0 ,  2.0,     ,  0.0,     ,  0.0, 0.0,  31.0,       ,      ,      ,        ,        ,        ,        ,        ,        ,        ,        ,      
wallbo01 , 1972,     1, ALB , WHA , D  , 78.0, 16.0,  29.0,  45.0,  20.0,      ,  5.0,     ,  2.0,     ,     ,    ,      ,       ,      ,      ,        ,        ,        ,        ,        ,        ,        ,        ,      
wallbo01 , 1973,     1, EDO , WHA , D  , 74.0,  6.0,  31.0,  37.0,  46.0,      ,  2.0,     ,  1.0,     ,  0.0,    ,      ,    5.0,   0.0,   2.0,     2.0,     2.0,        ,        ,        ,        ,        ,     0.0,      
wallbo01 , 1974,     1, SDM , WHA , D  , 33.0,  0.0,   9.0,   9.0,  15.0, 13.0 ,  0.0,     ,  0.0,     ,  0.0,    ,  39.0,   10.0,   0.0,   3.0,     3.0,     2.0,        ,     0.0,        ,     0.0,        ,     0.0,      
wallbo01 , 1975,     1, SDM , WHA , D  , 68.0,  1.0,  20.0,  21.0,  32.0, 3.0  ,  0.0,     ,  0.0,     ,  0.0,    ,  73.0,   11.0,   1.0,   3.0,     4.0,     4.0, 0.0    ,        ,        ,        ,        ,        ,      
wallije01, 1999,     1, DET , NHL , D  ,  1.0,  0.0,   0.0,   0.0,   0.0, -2.0 ,  0.0,  0.0,  0.0,  0.0,  0.0, 0.0,   0.0,       ,      ,      ,        ,        ,        ,        ,        ,        ,        ,        ,      
wallije01, 2000,     1, DET , NHL , D  ,  1.0,  0.0,   0.0,   0.0,   2.0, 0.0  ,  0.0,  0.0,  0.0,  0.0,  0.0, 0.0,   1.0,       ,      ,      ,        ,        ,        ,        ,        ,        ,        ,        ,      
wallije01, 2001,     1, DET , NHL , D  , 15.0,  0.0,   1.0,   1.0,  13.0, -1.0 ,  0.0,  0.0,  0.0,  0.0,  0.0, 0.0,   8.0,       ,      ,      ,        ,        ,        ,        ,        ,        ,        ,        ,      
wallije01, 2002,     1, DET , NHL , D  , 32.0,  0.0,   1.0,   1.0,  19.0, -2.0 ,  0.0,  0.0,  0.0,  0.0,  0.0, 0.0,  23.0,       ,      ,      ,        ,        ,        ,        ,        ,        ,        ,        ,      
wallini01, 2000,     1, CAR , NHL , D  , 37.0,  2.0,   3.0,   5.0,  21.0, -11.0,  0.0,  0.0,  0.0,  0.0,  0.0, 0.0,  19.0,    3.0,   0.0,   0.0,     0.0,     2.0, -2.0   ,     0.0,     0.0,     0.0,     0.0,     0.0,     0.0
wallini01, 2001,     1, CAR , NHL , D  , 52.0,  1.0,   2.0,   3.0,  36.0, 1.0  ,  0.0,  0.0,  0.0,  0.0,  0.0, 0.0,  33.0,   23.0,   2.0,   1.0,     3.0,    12.0, 4.0    ,     0.0,     0.0,     0.0,     0.0,     2.0,    17.0
wallini01, 2002,     1, CAR , NHL , D  , 77.0,  2.0,   8.0,  10.0,  71.0, -19.0,  0.0,  0.0,  0.0,  0.0,  2.0, 0.0,  69.0,       ,      ,      ,        ,        ,        ,        ,        ,        ,        ,        ,      
wallini01, 2003,     1, CAR , NHL , D  , 57.0,  3.0,   7.0,  10.0,  51.0, -8.0 ,  0.0,  1.0,  0.0,  1.0,  0.0, 1.0,  74.0,       ,      ,      ,        ,        ,        ,        ,        ,        ,        ,        ,      
wallini01, 2005,     1, CAR , NHL , D  , 50.0,  4.0,   4.0,   8.0,  42.0, 2.0  ,  0.0,  1.0,  0.0,  0.0,  0.0,    ,  44.0,   25.0,   1.0,   4.0,     5.0,    14.0, 3.0    ,     0.0,     0.0,     0.0,     0.0,     1.0,    19.0
wallini01, 2006,     1, CAR , NHL , D  , 67.0,  2.0,   8.0,  10.0,  48.0, -2.0 ,  0.0,  0.0,  0.0,  0.0,  0.0,    ,  76.0,       ,      ,      ,        ,        ,        ,        ,        ,        ,        ,        ,      
wallini01, 2007,     1, CAR , NHL , D  , 66.0,  2.0,   6.0,   8.0,  54.0, -18.0,  0.0,  0.0,  0.0,  0.0,  0.0,    ,  60.0,       ,      ,      ,        ,        ,        ,        ,        ,        ,        ,        ,      
wallini01, 2008,     1, CAR , NHL , D  , 64.0,  2.0,   8.0,  10.0,  42.0, -1.0 ,  0.0,  0.0,  0.0,  0.0,  1.0,    ,  53.0,   18.0,   0.0,   0.0,     0.0,     4.0, 1.0    ,     0.0,     0.0,     0.0,     0.0,     0.0,    10.0
wallini01, 2009,     1, CAR , NHL , D  , 47.0,  0.0,   5.0,   5.0,  26.0, -5.0 ,  0.0,  1.0,  0.0,  0.0,  0.0,    ,  50.0,       ,      ,      ,        ,        ,        ,        ,        ,        ,        ,        ,      
wallini01, 2009,     2, SJS , NHL , D  , 23.0,  0.0,   2.0,   2.0,  23.0, 0.0  ,  0.0,  0.0,  0.0,  0.0,  0.0,    ,  22.0,    6.0,   0.0,   0.0,     0.0,     2.0, -3.0   ,     0.0,     0.0,     0.0,     0.0,     0.0,     2.0
wallipe01, 1980,     1, NYR , NHL , R  , 12.0,  1.0,   5.0,   6.0,   2.0, -1.0 ,  0.0,     ,  0.0,     ,  0.0, 0.0,  14.0,   14.0,   2.0,   6.0,     8.0,     6.0,        ,     0.0,        ,     0.0,        ,     0.0,      
wallipe01, 1981,     1, NYR , NHL , L  , 40.0,  2.0,   9.0,  11.0,  12.0, 1.0  ,  0.0,     ,  0.0,     ,  1.0, 0.0,  50.0,       ,      ,      ,        ,        ,        ,        ,        ,        ,        ,        ,      
walliri01, 2002,     1, MIN , NHL , C  ,  4.0,  1.0,   0.0,   1.0,   0.0, 1.0  ,  0.0,  0.0,  0.0,  0.0,  1.0, 0.0,   1.0,       ,      ,      ,        ,        ,        ,        ,        ,        ,        ,        ,      
walliri01, 2003,     1, MIN , NHL , C  , 15.0,  5.0,   4.0,   9.0,  14.0, 1.0  ,  3.0,  0.0,  0.0,  0.0,  1.0, 0.0,  16.0,       ,      ,      ,        ,        ,        ,        ,        ,        ,        ,        ,      
walliri01, 2009,     1, TOR , NHL , C  , 60.0,  2.0,   7.0,   9.0,  20.0, -7.0 ,  0.0,  0.0,  0.0,  0.0,  0.0,    ,  72.0,       ,      ,      ,        ,        ,        ,        ,        ,        ,        ,        ,      
wallmi01 , 2006,     1, AND , NHL , G  ,  4.0,  0.0,   1.0,   1.0,   0.0, 0.0  ,  0.0,  0.0,  0.0,  0.0,  0.0,    ,   0.0,       ,      ,      ,        ,        ,        ,        ,        ,        ,        ,        ,      
walsede01, 2001,     1, CBS , NHL , D  ,  2.0,  1.0,   0.0,   1.0,   0.0, -2.0 ,  0.0,  0.0,  0.0,  0.0,  0.0, 0.0,   2.0,       ,      ,      ,        ,        ,        ,        ,        ,        ,        ,        ,      
walsede01, 2002,     1, CBS , NHL , D  , 53.0,  4.0,  13.0,  17.0,  34.0, -9.0 ,  3.0,  5.0,  0.0,  0.0,  2.0, 0.0,  86.0,       ,      ,      ,        ,        ,        ,        ,        ,        ,        ,        ,      
walsede01, 2003,     1, CBS , NHL , D  , 27.0,  1.0,   8.0,   9.0,  22.0, -6.0 ,  1.0,  5.0,  0.0,  0.0,  0.0, 0.0,  35.0,       ,      ,      ,        ,        ,        ,        ,        ,        ,        ,        ,      
walsede01, 2006,     1, CBS , NHL , D  ,  9.0,  2.0,   0.0,   2.0,   0.0, -1.0 ,  2.0,  0.0,  0.0,  0.0,  0.0,    ,  10.0,       ,      ,      ,        ,        ,        ,        ,        ,        ,        ,        ,      
walshbr01, 1976,     1, CAC , WHA , C  ,  5.0,  0.0,   2.0,   2.0,  12.0, -3.0 ,  0.0,     ,  0.0,     ,  0.0,    ,   7.0,       ,      ,      ,        ,        ,        ,        ,        ,        ,        ,        ,      
walshed01, 1978,     1, EDO , WHA , G  ,  3.0,  0.0,   0.0,   0.0,   0.0, 0.0  ,  0.0,     ,  0.0,     ,     ,    ,   0.0,       ,      ,      ,        ,        ,        ,        ,        ,        ,        ,        ,      
walshfl01, 1926,     1, MTM , NHL , G  ,  1.0,  0.0,   0.0,   0.0,   0.0,      ,     ,     ,     ,     ,     ,    ,      ,       ,      ,      ,        ,        ,        ,        ,        ,        ,        ,        ,      
walshfl01, 1927,     1, MTM , NHL , G  ,  1.0,  0.0,   0.0,   0.0,   0.0,      ,     ,     ,     ,     ,     ,    ,      ,       ,      ,      ,        ,        ,        ,        ,        ,        ,        ,        ,      
walshfl01, 1928,     1, NYA , NHL , G  ,  4.0,  0.0,   0.0,   0.0,   0.0,      ,     ,     ,     ,     ,     ,    ,      ,       ,      ,      ,        ,        ,        ,        ,        ,        ,        ,        ,      
walshfl01, 1928,     2, MTM , NHL , G  ,  7.0,  0.0,   0.0,   0.0,   0.0,      ,     ,     ,     ,     ,     ,    ,      ,       ,      ,      ,        ,        ,        ,        ,        ,        ,        ,        ,      
walshfl01, 1929,     1, MTM , NHL , G  , 30.0,  0.0,   0.0,   0.0,   0.0,      ,     ,     ,     ,     ,     ,    ,      ,    4.0,   0.0,   0.0,     0.0,     0.0,        ,        ,        ,        ,        ,        ,      
walshfl01, 1930,     1, MTM , NHL , G  , 16.0,  0.0,   0.0,   0.0,   0.0,      ,     ,     ,     ,     ,     ,    ,      ,       ,      ,      ,        ,        ,        ,        ,        ,        ,        ,        ,      
walshfl01, 1931,     1, MTM , NHL , G  , 27.0,  0.0,   0.0,   0.0,   0.0,      ,     ,     ,     ,     ,     ,    ,      ,    4.0,   0.0,   0.0,     0.0,     0.0,        ,        ,        ,        ,        ,        ,      
walshfl01, 1932,     1, MTM , NHL , G  , 22.0,  0.0,   0.0,   0.0,   0.0,      ,     ,     ,     ,     ,     ,    ,      ,       ,      ,      ,        ,        ,        ,        ,        ,        ,        ,        ,      
walshji01, 1981,     1, BUF , NHL , D  ,  4.0,  0.0,   1.0,   1.0,   4.0, 1.0  ,  0.0,     ,  0.0,     ,  0.0, 0.0,   8.0,       ,      ,      ,        ,        ,        ,        ,        ,        ,        ,        ,      
walshma01, 1909,     1, OT1 , NHA ,    , 11.0, 19.0,   0.0,  19.0,  44.0,      ,     ,     ,     ,     ,     ,    ,      ,       ,      ,      ,        ,        ,        ,        ,        ,        ,        ,        ,      
walshma01, 1910,     1, OT1 , NHA ,    , 16.0, 35.0,   0.0,  35.0,  48.0,      ,     ,     ,     ,     ,     ,    ,      ,       ,      ,      ,        ,        ,        ,        ,        ,        ,        ,        ,      
walshma01, 1911,     1, OT1 , NHA ,    , 12.0,  9.0,   0.0,   9.0,   0.0,      ,     ,     ,     ,     ,     ,    ,      ,       ,      ,      ,        ,        ,        ,        ,        ,        ,        ,        ,      
walshma01, 1914,     1, QU1 , NHA ,    ,  1.0,  0.0,   0.0,   0.0,   0.0,      ,     ,     ,     ,     ,     ,    ,      ,       ,      ,      ,        ,        ,        ,        ,        ,        ,        ,        ,      
walshmi01, 1987,     1, NYI , NHL , L  ,  1.0,  0.0,   0.0,   0.0,   0.0, 0.0  ,  0.0,  0.0,  0.0,  0.0,  0.0, 0.0,   2.0,       ,      ,      ,        ,        ,        ,        ,        ,        ,        ,        ,      
walshmi01, 1988,     1, NYI , NHL , L  , 13.0,  2.0,   0.0,   2.0,   4.0, -7.0 ,  0.0,  0.0,  0.0,  0.0,  1.0, 0.0,  11.0,       ,      ,      ,        ,        ,        ,        ,        ,        ,        ,        ,      
waltebe01, 2005,     1, BOS , NHL , C  ,  6.0,  0.0,   0.0,   0.0,   4.0, 2.0  ,  0.0,  0.0,  0.0,  0.0,  0.0,    ,   6.0,       ,      ,      ,        ,        ,        ,        ,        ,        ,        ,        ,      
waltebe01, 2006,     1, BOS , NHL , C  ,  4.0,  0.0,   0.0,   0.0,   0.0, 0.0  ,  0.0,  0.0,  0.0,  0.0,  0.0,    ,   0.0,       ,      ,      ,        ,        ,        ,        ,        ,        ,        ,        ,      
waltebe01, 2007,     1, NYI , NHL , C  ,  8.0,  1.0,   0.0,   1.0,   0.0, -1.0 ,  1.0,  0.0,  0.0,  0.0,  0.0,    ,   6.0,       ,      ,      ,        ,        ,        ,        ,        ,        ,        ,        ,      
waltebe01, 2008,     1, NYI , NHL , C  ,  4.0,  0.0,   0.0,   0.0,   0.0, -2.0 ,  0.0,  0.0,  0.0,  0.0,  0.0,    ,   2.0,       ,      ,      ,        ,        ,        ,        ,        ,        ,        ,        ,      
waltebe01, 2009,     1, NJD , NHL , C  ,  2.0,  0.0,   0.0,   0.0,   2.0, 0.0  ,  0.0,  0.0,  0.0,  0.0,  0.0,    ,   0.0,       ,      ,      ,        ,        ,        ,        ,        ,        ,        ,        ,      
walteda01, 1973,     1, CHC , WHA , C  ,  4.0,  0.0,   1.0,   1.0,   0.0,      ,  0.0,     ,  0.0,     ,  0.0,    ,      ,       ,      ,      ,        ,        ,        ,        ,        ,        ,        ,        ,      
walteda01, 1974,     1, CHC , WHA , C  ,  6.0,  1.0,   0.0,   1.0,   2.0,      ,     ,     ,     ,     ,     ,    ,  14.0,       ,      ,      ,        ,        ,        ,        ,        ,        ,        ,        ,      
walteda01, 1975,     1, SDM , WHA , C  , 16.0,  1.0,   2.0,   3.0,   6.0, 2.0  ,  0.0,     ,  0.0,     ,  0.0,    ,  13.0,       ,      ,      ,        ,        ,        ,        ,        ,        ,        ,        ,      
waltero01, 1972,     1, ALB , WHA , C  , 78.0, 28.0,  26.0,  54.0,  37.0,      ,  1.0,     ,  3.0,     ,     ,    ,      ,       ,      ,      ,        ,        ,        ,        ,        ,        ,        ,        ,      
waltero01, 1973,     1, LAS , WHA , C  , 71.0, 14.0,  14.0,  28.0,  28.0,      ,  1.0,     ,  0.0,     ,  3.0,    ,      ,       ,      ,      ,        ,        ,        ,        ,        ,        ,        ,        ,      
waltero01, 1974,     1, IND , WHA , R  , 17.0,  2.0,   1.0,   3.0,   9.0,      ,     ,     ,     ,     ,     ,    ,  18.0,       ,      ,      ,        ,        ,        ,        ,        ,        ,        ,        ,      
waltery01, 1978,     1, WAS , NHL , C  , 69.0, 28.0,  28.0,  56.0,  70.0, -1.0 ,  6.0,     ,  0.0,     ,  1.0, 1.0, 156.0,       ,      ,      ,        ,        ,        ,        ,        ,        ,        ,        ,      
waltery01, 1979,     1, WAS , NHL , C  , 80.0, 24.0,  42.0,  66.0, 106.0, -1.0 , 12.0,     ,  1.0,     ,  1.0, 0.0, 157.0,       ,      ,      ,        ,        ,        ,        ,        ,        ,        ,        ,      
waltery01, 1980,     1, WAS , NHL , C  , 80.0, 24.0,  44.0,  68.0, 150.0, -9.0 ,  4.0,     ,  0.0,     ,  1.0, 1.0, 178.0,       ,      ,      ,        ,        ,        ,        ,        ,        ,        ,        ,      
waltery01, 1981,     1, WAS , NHL , L  , 78.0, 38.0,  49.0,  87.0, 142.0, -3.0 , 19.0,     ,  1.0,     ,  3.0, 1.0, 183.0,       ,      ,      ,        ,        ,        ,        ,        ,        ,        ,        ,      
waltery01, 1982,     1, MTL , NHL , L  , 80.0, 29.0,  46.0,  75.0,  40.0, 15.0 ,  8.0,     ,  1.0,     ,  4.0, 2.0, 169.0,    3.0,   0.0,   0.0,     0.0,    11.0,        ,     0.0,        ,     0.0,        ,     0.0,      
waltery01, 1983,     1, MTL , NHL , L  , 73.0, 20.0,  29.0,  49.0,  83.0, -11.0,  7.0,     ,  1.0,     ,  4.0, 0.0, 117.0,   15.0,   2.0,   1.0,     3.0,     4.0, -3.0   ,     1.0,        ,     0.0,        ,     1.0,    23.0
waltery01, 1984,     1, MTL , NHL , L  , 72.0, 19.0,  19.0,  38.0,  59.0, -18.0, 11.0,     ,  0.0,     ,  0.0, 0.0, 120.0,   12.0,   2.0,   7.0,     9.0,    13.0, -7.0   ,     0.0,        ,     0.0,        ,     0.0,    17.0
waltery01, 1985,     1, MTL , NHL , L  , 69.0, 15.0,  34.0,  49.0,  45.0, -9.0 ,  9.0,     ,  0.0,     ,  1.0, 0.0, 115.0,    5.0,   0.0,   1.0,     1.0,     2.0, -2.0   ,     0.0,        ,     0.0,        ,     0.0,     8.0
waltery01, 1986,     1, MTL , NHL , L  , 76.0, 23.0,  23.0,  46.0,  34.0, -6.0 , 11.0,     ,  0.0,     ,  4.0, 0.0, 117.0,   17.0,   7.0,  12.0,    19.0,    10.0, 4.0    ,     2.0,        ,     1.0,        ,     1.0,    28.0
waltery01, 1987,     1, MTL , NHL , L  , 61.0, 13.0,  23.0,  36.0,  39.0, 12.0 ,  6.0,  4.0,  0.0,  0.0,  3.0, 0.0,  93.0,   11.0,   2.0,   4.0,     6.0,     6.0, -3.0   ,     2.0,     1.0,     0.0,     0.0,     1.0,    18.0
waltery01, 1988,     1, MTL , NHL , L  , 78.0, 14.0,  17.0,  31.0,  48.0, 23.0 ,  1.0,  2.0,  1.0,  0.0,  0.0, 0.0, 104.0,   21.0,   3.0,   5.0,     8.0,     6.0, 2.0    ,     0.0,     1.0,     1.0,     0.0,     2.0,    35.0
waltery01, 1989,     1, MTL , NHL , L  , 70.0,  8.0,  16.0,  24.0,  59.0, 4.0  ,  1.0,  0.0,  0.0,  2.0,  1.0, 0.0, 109.0,   11.0,   0.0,   2.0,     2.0,     0.0, 2.0    ,     0.0,     0.0,     0.0,     0.0,     0.0,    10.0
waltery01, 1990,     1, MTL , NHL , C  , 25.0,  0.0,   1.0,   1.0,  12.0, -3.0 ,  0.0,  0.0,  0.0,  0.0,  0.0, 0.0,  14.0,    5.0,   0.0,   0.0,     0.0,     2.0, 0.0    ,     0.0,     0.0,     0.0,     0.0,     0.0,     2.0
waltery01, 1991,     1, VAN , NHL , C  , 67.0,  6.0,  11.0,  17.0,  49.0, 6.0  ,  1.0,  1.0,  1.0,  2.0,  0.0, 0.0,  73.0,   13.0,   0.0,   3.0,     3.0,     8.0, -1.0   ,     0.0,     0.0,     0.0,     1.0,     0.0,     6.0
waltery01, 1992,     1, VAN , NHL , C  , 25.0,  3.0,   0.0,   3.0,  10.0, -2.0 ,  0.0,  0.0,  0.0,  0.0,  0.0, 0.0,  15.0,       ,      ,      ,        ,        ,        ,        ,        ,        ,        ,        ,      
waltobo01, 1943,     1, MTL , NHL , R  ,  4.0,  0.0,   0.0,   0.0,   0.0,      ,     ,     ,     ,     ,     ,    ,      ,       ,      ,      ,        ,        ,        ,        ,        ,        ,        ,        ,      
waltomi01, 1965,     1, TOR , NHL , C  ,  6.0,  1.0,   3.0,   4.0,   0.0,      ,  0.0,     ,  0.0,     ,  0.0, 0.0,      ,       ,      ,      ,        ,        ,        ,        ,        ,        ,        ,        ,      
waltomi01, 1966,     1, TOR , NHL , C  , 31.0,  7.0,  10.0,  17.0,  13.0,      ,  4.0,     ,  0.0,     ,  0.0, 0.0,      ,   12.0,   4.0,   3.0,     7.0,     2.0,        ,        ,        ,        ,        ,     0.0,      
waltomi01, 1967,     1, TOR , NHL , C  , 73.0, 30.0,  29.0,  59.0,  48.0, 1.0  , 11.0,     ,  0.0,     ,  5.0, 3.0, 238.0,       ,      ,      ,        ,        ,        ,        ,        ,        ,        ,        ,      
waltomi01, 1968,     1, TOR , NHL , C  , 66.0, 22.0,  21.0,  43.0,  34.0, -9.0 ,  8.0,     ,  0.0,     ,  5.0, 5.0, 205.0,    4.0,   0.0,   0.0,     0.0,     4.0,        ,     0.0,        ,     0.0,        ,     0.0,      
waltomi01, 1969,     1, TOR , NHL , R  , 58.0, 21.0,  34.0,  55.0,  68.0, -11.0,  7.0,     ,  0.0,     ,  6.0, 1.0, 242.0,       ,      ,      ,        ,        ,        ,        ,        ,        ,        ,        ,      
waltomi01, 1970,     1, TOR , NHL , C  , 23.0,  3.0,  10.0,  13.0,  21.0, -14.0,  2.0,     ,  0.0,     ,  0.0, 0.0,  68.0,       ,      ,      ,        ,        ,        ,        ,        ,        ,        ,        ,      
waltomi01, 1970,     2, BOS , NHL , C  , 22.0,  3.0,   5.0,   8.0,  10.0, 11.0 ,  0.0,     ,  0.0,     ,  0.0, 0.0,  44.0,    5.0,   2.0,   0.0,     2.0,    19.0,        ,     1.0,        ,     0.0,        ,     0.0,      
waltomi01, 1971,     1, BOS , NHL , C/R, 76.0, 28.0,  28.0,  56.0,  45.0, 23.0 ,  6.0,     ,  0.0,     ,  4.0, 2.0, 236.0,   15.0,   6.0,   6.0,    12.0,    13.0,        ,     1.0,        ,     0.0,        ,     2.0,      
waltomi01, 1972,     1, BOS , NHL , C  , 56.0, 25.0,  22.0,  47.0,  37.0, 10.0 ,  0.0,     ,  0.0,     ,  2.0, 0.0, 128.0,    5.0,   1.0,   1.0,     2.0,     2.0,        ,     0.0,        ,     0.0,        ,     0.0,      
waltomi01, 1973,     1, MFS , WHA , L  , 78.0, 57.0,  60.0, 117.0,  88.0,      ,  9.0,     ,  9.0,     ,  7.0,    ,      ,   11.0,  10.0,   8.0,    18.0,    16.0,        ,        ,        ,        ,        ,     3.0,      
waltomi01, 1974,     1, MFS , WHA , R  , 75.0, 48.0,  45.0,  93.0,  33.0, -11.0,  7.0,     ,  4.0,     ,  3.0,    , 300.0,   12.0,  10.0,   7.0,    17.0,    10.0,        ,        ,        ,        ,        ,     2.0,      
waltomi01, 1975,     1, MFS , WHA , R  , 58.0, 31.0,  40.0,  71.0,  27.0, 7.0  ,     ,     ,     ,     ,     ,    , 210.0,       ,      ,      ,        ,        ,        ,        ,        ,        ,        ,        ,      
waltomi01, 1975,     2, VAN , NHL , C  , 10.0,  8.0,   8.0,  16.0,   9.0, 5.0  ,  2.0,     ,  0.0,     ,  2.0, 0.0,  27.0,    2.0,   0.0,   0.0,     0.0,     5.0,        ,     0.0,        ,     0.0,        ,     0.0,      
waltomi01, 1976,     1, VAN , NHL , R  , 40.0,  7.0,  24.0,  31.0,  32.0, -15.0,  2.0,     ,  0.0,     ,  1.0, 1.0,  75.0,       ,      ,      ,        ,        ,        ,        ,        ,        ,        ,        ,      
waltomi01, 1977,     1, VAN , NHL , C  , 65.0, 29.0,  37.0,  66.0,  30.0, -26.0, 14.0,     ,  0.0,     ,  4.0, 2.0, 115.0,       ,      ,      ,        ,        ,        ,        ,        ,        ,        ,        ,      
waltomi01, 1978,     1, STL , NHL , C  , 22.0,  7.0,  11.0,  18.0,   6.0, -13.0,  3.0,     ,  0.0,     ,  0.0, 0.0,  41.0,       ,      ,      ,        ,        ,        ,        ,        ,        ,        ,        ,      
waltomi01, 1978,     2, BOS , NHL , C  , 14.0,  4.0,   2.0,   6.0,   0.0, -1.0 ,  0.0,     ,  0.0,     ,  1.0, 0.0,  15.0,       ,      ,      ,        ,        ,        ,        ,        ,        ,        ,        ,      
waltomi01, 1978,     3, CHI , NHL , C  , 26.0,  6.0,   3.0,   9.0,   4.0, -4.0 ,  3.0,     ,  0.0,     ,  1.0, 0.0,  37.0,    4.0,   1.0,   0.0,     1.0,     0.0,        ,     0.0,        ,     0.0,        ,     0.0,      
waltoro01, 1973,     1, MFS , WHA , C  , 45.0,  8.0,  23.0,  31.0,  24.0,      ,  1.0,     ,  0.0,     ,  1.0,    ,      ,       ,      ,      ,        ,        ,        ,        ,        ,        ,        ,        ,      
waltoro01, 1973,     2, VAB , WHA , C  , 28.0,  8.0,  15.0,  23.0,   2.0,      ,  1.0,     ,  0.0,     ,  0.0,    ,      ,       ,      ,      ,        ,        ,        ,        ,        ,        ,        ,        ,      
waltoro01, 1974,     1, VAB , WHA , C  , 75.0, 24.0,  33.0,  57.0,  28.0, 1.0  ,  7.0,     ,  0.0,     ,     ,    , 159.0,       ,      ,      ,        ,        ,        ,        ,        ,        ,        ,        ,      
waltoro01, 1975,     1, CAC , WHA , C  ,  2.0,  0.0,   0.0,   0.0,   0.0, 0.0  ,  0.0,     ,  0.0,     ,  0.0,    ,   1.0,       ,      ,      ,        ,        ,        ,        ,        ,        ,        ,        ,      
walzwe01 , 1989,     1, BOS , NHL , C  ,  2.0,  1.0,   1.0,   2.0,   0.0, -1.0 ,  1.0,  0.0,  0.0,  0.0,  0.0, 0.0,   1.0,       ,      ,      ,        ,        ,        ,        ,        ,        ,        ,        ,      
walzwe01 , 1990,     1, BOS , NHL , C  , 56.0,  8.0,   8.0,  16.0,  32.0, -14.0,  1.0,  1.0,  0.0,  0.0,  1.0, 0.0,  57.0,    2.0,   0.0,   0.0,     0.0,     0.0, -3.0   ,     0.0,     0.0,     0.0,     0.0,     0.0,     2.0
walzwe01 , 1991,     1, BOS , NHL , C  , 15.0,  0.0,   3.0,   3.0,  12.0, -3.0 ,  0.0,  0.0,  0.0,  0.0,  0.0, 0.0,  17.0,       ,      ,      ,        ,        ,        ,        ,        ,        ,        ,        ,      
walzwe01 , 1991,     2, PHI , NHL , C  ,  2.0,  1.0,   0.0,   1.0,   0.0, 1.0  ,  0.0,  0.0,  0.0,  0.0,  1.0, 0.0,   2.0,       ,      ,      ,        ,        ,        ,        ,        ,        ,        ,        ,      
walzwe01 , 1993,     1, CAL , NHL , R  , 53.0, 11.0,  27.0,  38.0,  16.0, 20.0 ,  1.0,  8.0,  0.0,  0.0,  0.0, 0.0,  79.0,    6.0,   3.0,   0.0,     3.0,     2.0, -1.0   ,     0.0,     0.0,     0.0,     0.0,     0.0,     7.0
walzwe01 , 1994,     1, CAL , NHL , R  , 39.0,  6.0,  12.0,  18.0,  11.0, 7.0  ,  4.0,  1.0,  0.0,  0.0,  1.0, 0.0,  73.0,    1.0,   0.0,   0.0,     0.0,     0.0, 0.0    ,     0.0,     0.0,     0.0,     0.0,     0.0,     1.0
walzwe01 , 1995,     1, DET , NHL , C  ,  2.0,  0.0,   0.0,   0.0,   0.0, 0.0  ,  0.0,  0.0,  0.0,  0.0,  0.0, 0.0,   2.0,       ,      ,      ,        ,        ,        ,        ,        ,        ,        ,        ,      
walzwe01 , 2000,     1, MIN , NHL , C  , 82.0, 18.0,  12.0,  30.0,  37.0, -8.0 ,  0.0,  1.0,  7.0,  2.0,  3.0, 0.0, 152.0,       ,      ,      ,        ,        ,        ,        ,        ,        ,        ,        ,      
walzwe01 , 2001,     1, MIN , NHL , C  , 64.0, 10.0,  20.0,  30.0,  43.0, 0.0  ,  0.0,  1.0,  2.0,  1.0,  5.0, 0.0,  97.0,       ,      ,      ,        ,        ,        ,        ,        ,        ,        ,        ,      
walzwe01 , 2002,     1, MIN , NHL , C  , 80.0, 13.0,  19.0,  32.0,  63.0, 11.0 ,  0.0,  0.0,  0.0,  1.0,  4.0, 0.0, 115.0,   18.0,   7.0,   6.0,    13.0,    14.0, 5.0    ,     0.0,     1.0,     2.0,     0.0,     2.0,    29.0
walzwe01 , 2003,     1, MIN , NHL , C  , 57.0, 12.0,  13.0,  25.0,  32.0, 5.0  ,  0.0,  0.0,  3.0,  0.0,  2.0, 0.0,  70.0,       ,      ,      ,        ,        ,        ,        ,        ,        ,        ,        ,      
walzwe01 , 2005,     1, MIN , NHL , C  , 82.0, 19.0,  18.0,  37.0,  61.0, 7.0  ,  1.0,  1.0,  1.0,  3.0,  0.0,    , 127.0,       ,      ,      ,        ,        ,        ,        ,        ,        ,        ,        ,      
walzwe01 , 2006,     1, MIN , NHL , C  , 62.0,  9.0,  15.0,  24.0,  30.0, 3.0  ,  0.0,  0.0,  1.0,  0.0,  1.0,    ,  77.0,    5.0,   0.0,   1.0,     1.0,     4.0, 1.0    ,     0.0,     0.0,     0.0,     1.0,     0.0,     9.0
walzwe01 , 2007,     1, MIN , NHL , C  , 11.0,  1.0,   3.0,   4.0,   6.0, -5.0 ,  0.0,  0.0,  0.0,  0.0,  0.0,    ,   9.0,       ,      ,      ,        ,        ,        ,        ,        ,        ,        ,        ,      
wamslri01, 1980,     1, MTL , NHL , G  ,  5.0,  0.0,   0.0,   0.0,   0.0, 0.0  ,  0.0,     ,  0.0,     ,  0.0, 0.0,   0.0,       ,      ,      ,        ,        ,        ,        ,        ,        ,        ,        ,      
wamslri01, 1981,     1, MTL , NHL , G  , 38.0,  0.0,   2.0,   2.0,   4.0, 0.0  ,  0.0,     ,  0.0,     ,  0.0, 0.0,   0.0,    5.0,   0.0,   0.0,     0.0,     2.0,        ,     0.0,        ,     0.0,        ,     0.0,      
wamslri01, 1982,     1, MTL , NHL , G  , 46.0,  0.0,   1.0,   1.0,   4.0, 0.0  ,  0.0,     ,  0.0,     ,  0.0, 0.0,   0.0,    3.0,   0.0,   0.0,     0.0,     0.0,        ,     0.0,        ,     0.0,        ,     0.0,      
wamslri01, 1983,     1, MTL , NHL , G  , 42.0,  0.0,   3.0,   3.0,   6.0, 0.0  ,  0.0,     ,  0.0,     ,  0.0, 0.0,   0.0,    1.0,   0.0,   0.0,     0.0,     0.0, 0.0    ,     0.0,        ,     0.0,        ,     0.0,     0.0
wamslri01, 1984,     1, STL , NHL , G  , 40.0,  0.0,   1.0,   1.0,   0.0, 0.0  ,  0.0,     ,  0.0,     ,  0.0, 0.0,   0.0,    2.0,   0.0,   0.0,     0.0,     0.0, 0.0    ,     0.0,        ,     0.0,        ,     0.0,     0.0
wamslri01, 1985,     1, STL , NHL , G  , 42.0,  0.0,   0.0,   0.0,   2.0, 0.0  ,  0.0,     ,  0.0,     ,  0.0, 0.0,   0.0,   10.0,   0.0,   0.0,     0.0,     0.0, 0.0    ,     0.0,        ,     0.0,        ,     0.0,     0.0
wamslri01, 1986,     1, STL , NHL , G  , 41.0,  0.0,   0.0,   0.0,  10.0, 0.0  ,  0.0,     ,  0.0,     ,  0.0, 0.0,   0.0,    2.0,   0.0,   0.0,     0.0,     0.0, 0.0    ,     0.0,        ,     0.0,        ,     0.0,     0.0
wamslri01, 1987,     1, STL , NHL , G  , 31.0,  0.0,   0.0,   0.0,  14.0, 0.0  ,  0.0,  0.0,  0.0,  0.0,  0.0, 0.0,   0.0,       ,      ,      ,        ,        ,        ,        ,        ,        ,        ,        ,      
wamslri01, 1987,     2, CAL , NHL , G  ,  2.0,  0.0,   0.0,   0.0,   0.0, 0.0  ,  0.0,  0.0,  0.0,  0.0,  0.0, 0.0,   0.0,    1.0,   0.0,   0.0,     0.0,     0.0, 0.0    ,     0.0,     0.0,     0.0,     0.0,     0.0,     0.0
wamslri01, 1988,     1, CAL , NHL , G  , 35.0,  0.0,   1.0,   1.0,   8.0, 0.0  ,  0.0,     ,  0.0,     ,  0.0, 0.0,   0.0,    1.0,   0.0,   0.0,     0.0,     0.0, 0.0    ,     0.0,     0.0,     0.0,     0.0,     0.0,     0.0
wamslri01, 1989,     1, CAL , NHL , G  , 36.0,  0.0,   0.0,   0.0,   4.0, 0.0  ,  0.0,  0.0,  0.0,  0.0,  0.0, 0.0,   0.0,    1.0,   0.0,   0.0,     0.0,     0.0, 0.0    ,     0.0,     0.0,     0.0,     0.0,     0.0,     0.0
wamslri01, 1990,     1, CAL , NHL , G  , 29.0,  0.0,   1.0,   1.0,   0.0, 0.0  ,  0.0,     ,  0.0,     ,  0.0, 0.0,   0.0,    1.0,   0.0,   0.0,     0.0,     0.0, 0.0    ,     0.0,     0.0,     0.0,     0.0,     0.0,     0.0
wamslri01, 1991,     1, CAL , NHL , G  ,  9.0,  0.0,   0.0,   0.0,   0.0, 0.0  ,  0.0,  0.0,  0.0,  0.0,  0.0, 0.0,   0.0,       ,      ,      ,        ,        ,        ,        ,        ,        ,        ,        ,      
wamslri01, 1991,     2, TOR , NHL , G  ,  8.0,  0.0,   0.0,   0.0,   0.0, 0.0  ,  0.0,  0.0,  0.0,  0.0,  0.0, 0.0,   0.0,       ,      ,      ,        ,        ,        ,        ,        ,        ,        ,        ,      
wamslri01, 1992,     1, TOR , NHL , G  ,  3.0,  0.0,   0.0,   0.0,   0.0, 0.0  ,  0.0,  0.0,  0.0,  0.0,  0.0, 0.0,   0.0,       ,      ,      ,        ,        ,        ,        ,        ,        ,        ,        ,      
wandeto01, 2008,     1, DAL , NHL , C  , 14.0,  1.0,   2.0,   3.0,   4.0, -1.0 ,  0.0,  0.0,  0.0,  0.0,  0.0,    ,  23.0,       ,      ,      ,        ,        ,        ,        ,        ,        ,        ,        ,      
wandeto01, 2009,     1, DAL , NHL , C  , 50.0,  5.0,  10.0,  15.0,  14.0, 2.0  ,  0.0,  1.0,  0.0,  1.0,  3.0,    ,  85.0,       ,      ,      ,        ,        ,        ,        ,        ,        ,        ,        ,      
wanviky01, 2002,     1, MIN , NHL , R  ,  7.0,  1.0,   0.0,   1.0,  13.0, 0.0  ,  0.0,  0.0,  0.0,  0.0,  0.0, 0.0,   5.0,       ,      ,      ,        ,        ,        ,        ,        ,        ,        ,        ,      
wanviky01, 2003,     1, MIN , NHL , R  ,  6.0,  0.0,   1.0,   1.0,  10.0, -2.0 ,  0.0,  0.0,  0.0,  0.0,  0.0, 0.0,  16.0,       ,      ,      ,        ,        ,        ,        ,        ,        ,        ,        ,      
wanviky01, 2005,     1, MIN , NHL , R  , 51.0,  4.0,   8.0,  12.0,  64.0, -8.0 ,  1.0,  0.0,  0.0,  0.0,  0.0,    ,  55.0,       ,      ,      ,        ,        ,        ,        ,        ,        ,        ,        ,      
wanviky01, 2006,     1, TBL , NHL , R  ,  4.0,  0.0,   0.0,   0.0,   0.0, 0.0  ,  0.0,  0.0,  0.0,  0.0,  0.0,    ,   0.0,       ,      ,      ,        ,        ,        ,        ,        ,        ,        ,        ,      
wanviky01, 2007,     1, TBL , NHL , R  ,  7.0,  1.0,   0.0,   1.0,   7.0, -1.0 ,  0.0,  0.0,  0.0,  0.0,  1.0,    ,  10.0,       ,      ,      ,        ,        ,        ,        ,        ,        ,        ,        ,      
wappego01, 1979,     1, ATF , NHL , D  ,  2.0,  0.0,   0.0,   0.0,   0.0, 1.0  ,  0.0,     ,  0.0,     ,  0.0, 0.0,   2.0,    2.0,   0.0,   0.0,     0.0,     4.0,        ,     0.0,        ,     0.0,        ,     0.0,      
wappego01, 1980,     1, CAL , NHL , D  ,  7.0,  0.0,   1.0,   1.0,   4.0, 1.0  ,  0.0,     ,  0.0,     ,  0.0, 0.0,   3.0,       ,      ,      ,        ,        ,        ,        ,        ,        ,        ,        ,      
wappego01, 1981,     1, CAL , NHL , D  , 11.0,  1.0,   0.0,   1.0,   6.0, -4.0 ,  0.0,     ,  0.0,     ,  0.0, 0.0,   7.0,       ,      ,      ,        ,        ,        ,        ,        ,        ,        ,        ,      
wardaa01 , 1993,     1, DET , NHL , D  ,  5.0,  1.0,   0.0,   1.0,   4.0, 2.0  ,  0.0,  0.0,  0.0,  0.0,  0.0, 0.0,   3.0,       ,      ,      ,        ,        ,        ,        ,        ,        ,        ,        ,      
wardaa01 , 1994,     1, DET , NHL , D  ,  1.0,  0.0,   1.0,   1.0,   2.0, 1.0  ,  0.0,  0.0,  0.0,  0.0,  0.0, 0.0,   0.0,       ,      ,      ,        ,        ,        ,        ,        ,        ,        ,        ,      
wardaa01 , 1996,     1, DET , NHL , D  , 49.0,  2.0,   5.0,   7.0,  52.0, -9.0 ,  0.0,  1.0,  0.0,  1.0,  0.0, 0.0,  40.0,   19.0,   0.0,   0.0,     0.0,    17.0, 1.0    ,     0.0,     0.0,     0.0,     0.0,     0.0,     9.0
wardaa01 , 1997,     1, DET , NHL , D  , 52.0,  5.0,   5.0,  10.0,  47.0, -1.0 ,  0.0,  0.0,  0.0,  0.0,  1.0, 0.0,  47.0,       ,      ,      ,        ,        ,        ,        ,        ,        ,        ,        ,      
wardaa01 , 1998,     1, DET , NHL , D  , 60.0,  3.0,   8.0,  11.0,  52.0, -5.0 ,  0.0,  0.0,  0.0,  1.0,  0.0, 0.0,  46.0,    8.0,   0.0,   1.0,     1.0,     8.0, 2.0    ,     0.0,     0.0,     0.0,     0.0,     0.0,     6.0
wardaa01 , 1999,     1, DET , NHL , D  , 36.0,  1.0,   3.0,   4.0,  24.0, -4.0 ,  0.0,  0.0,  0.0,  0.0,  0.0, 0.0,  25.0,    3.0,   0.0,   0.0,     0.0,     0.0, 0.0    ,     0.0,     0.0,     0.0,     0.0,     0.0,     1.0
wardaa01 , 2000,     1, DET , NHL , D  , 73.0,  4.0,   5.0,   9.0,  57.0, -4.0 ,  0.0,  0.0,  0.0,  1.0,  1.0, 0.0,  48.0,       ,      ,      ,        ,        ,        ,        ,        ,        ,        ,        ,      
wardaa01 , 2001,     1, CAR , NHL , D  , 79.0,  3.0,  11.0,  14.0,  74.0, 0.0  ,  0.0,  1.0,  0.0,  0.0,  2.0, 1.0,  69.0,   23.0,   1.0,   1.0,     2.0,    22.0, 0.0    ,     0.0,     0.0,     0.0,     0.0,     0.0,    23.0
wardaa01 , 2002,     1, CAR , NHL , D  , 77.0,  3.0,   6.0,   9.0,  90.0, -23.0,  0.0,  1.0,  0.0,  0.0,  1.0, 0.0,  66.0,       ,      ,      ,        ,        ,        ,        ,        ,        ,        ,        ,      
wardaa01 , 2003,     1, CAR , NHL , D  , 49.0,  3.0,   5.0,   8.0,  37.0, 1.0  ,  2.0,  0.0,  0.0,  0.0,  0.0, 0.0,  51.0,       ,      ,      ,        ,        ,        ,        ,        ,        ,        ,        ,      
wardaa01 , 2005,     1, CAR , NHL , D  , 71.0,  6.0,  19.0,  25.0,  62.0, 2.0  ,  0.0,  0.0,  0.0,  2.0,  1.0,    ,  60.0,   25.0,   2.0,   3.0,     5.0,    18.0, 0.0    ,     0.0,     0.0,     0.0,     1.0,     0.0,    18.0
wardaa01 , 2006,     1, NYR , NHL , D  , 60.0,  3.0,  10.0,  13.0,  57.0, -3.0 ,  0.0,  0.0,  0.0,  0.0,  0.0,    ,  45.0,       ,      ,      ,        ,        ,        ,        ,        ,        ,        ,        ,      
wardaa01 , 2006,     2, BOS , NHL , D  , 20.0,  1.0,   2.0,   3.0,  18.0, -8.0 ,  0.0,  0.0,  0.0,  0.0,  0.0,    ,  17.0,       ,      ,      ,        ,        ,        ,        ,        ,        ,        ,        ,      
wardaa01 , 2007,     1, BOS , NHL , D  , 65.0,  5.0,   8.0,  13.0,  54.0, 9.0  ,  0.0,  3.0,  0.0,  0.0,  3.0,    ,  68.0,    6.0,   0.0,   1.0,     1.0,     6.0, -2.0   ,     0.0,     0.0,     0.0,     0.0,     0.0,     8.0
wardaa01 , 2008,     1, BOS , NHL , D  , 65.0,  3.0,   7.0,  10.0,  44.0, 16.0 ,  0.0,  1.0,  1.0,  0.0,  0.0,    ,  53.0,   11.0,   1.0,   0.0,     1.0,     2.0, 4.0    ,     0.0,     0.0,     0.0,     0.0,     0.0,     6.0
wardaa01 , 2009,     1, CAR , NHL , D  , 60.0,  1.0,  10.0,  11.0,  54.0, -17.0,  0.0,  0.0,  0.0,  1.0,  0.0,    ,  32.0,       ,      ,      ,        ,        ,        ,        ,        ,        ,        ,        ,      
wardaa01 , 2009,     2, AND , NHL , D  , 17.0,  0.0,   2.0,   2.0,   8.0, 2.0  ,  0.0,  0.0,  0.0,  1.0,  0.0,    ,   9.0,       ,      ,      ,        ,        ,        ,        ,        ,        ,        ,        ,      
wardca01 , 2005,     1, CAR , NHL , G  , 28.0,  0.0,   2.0,   2.0,   0.0, 0.0  ,  0.0,  2.0,  0.0,  0.0,  0.0,    ,   0.0,   23.0,   0.0,   1.0,     1.0,     0.0, 0.0    ,     0.0,     1.0,     0.0,     0.0,     0.0,     0.0
wardca01 , 2006,     1, CAR , NHL , G  , 60.0,  0.0,   1.0,   1.0,   6.0, 0.0  ,  0.0,  0.0,  0.0,  0.0,  0.0,    ,   0.0,       ,      ,      ,        ,        ,        ,        ,        ,        ,        ,        ,      
wardca01 , 2007,     1, CAR , NHL , G  , 69.0,  0.0,   1.0,   1.0,   4.0, 0.0  ,  0.0,  0.0,  0.0,  0.0,  0.0,    ,   0.0,       ,      ,      ,        ,        ,        ,        ,        ,        ,        ,        ,      
wardca01 , 2008,     1, CAR , NHL , G  , 68.0,  0.0,   1.0,   1.0,   4.0, 0.0  ,  0.0,  0.0,  0.0,  1.0,  0.0,    ,   0.0,   18.0,   0.0,   0.0,     0.0,     0.0, 0.0    ,     0.0,     0.0,     0.0,     0.0,     0.0,     0.0
wardca01 , 2009,     1, CAR , NHL , G  , 47.0,  0.0,   3.0,   3.0,   0.0, 0.0  ,  0.0,  3.0,  0.0,  0.0,  0.0,    ,   0.0,       ,      ,      ,        ,        ,        ,        ,        ,        ,        ,        ,      
warddi01 , 1992,     1, VAN , NHL , L  , 70.0, 22.0,  30.0,  52.0,  82.0, 34.0 ,  4.0,  5.0,  1.0,  2.0,  0.0, 1.0, 111.0,    9.0,   2.0,   3.0,     5.0,     0.0, 1.0    ,     2.0,     0.0,     0.0,     0.0,     0.0,    12.0
warddi01 , 1993,     1, VAN , NHL , L  , 33.0,  6.0,   1.0,   7.0,  37.0, -14.0,  2.0,  0.0,  0.0,  0.0,  1.0, 0.0,  46.0,       ,      ,      ,        ,        ,        ,        ,        ,        ,        ,        ,      
warddi01 , 1993,     2, LAK , NHL , L  , 34.0,  6.0,   2.0,   8.0,  45.0, -8.0 ,  2.0,  0.0,  0.0,  0.0,  0.0, 0.0,  44.0,       ,      ,      ,        ,        ,        ,        ,        ,        ,        ,        ,      
warddi01 , 1994,     1, TOR , NHL , R  , 22.0,  0.0,   3.0,   3.0,  31.0, -4.0 ,  0.0,  0.0,  0.0,  0.0,  0.0, 0.0,  15.0,       ,      ,      ,        ,        ,        ,        ,        ,        ,        ,        ,      
warddi01 , 1995,     1, BUF , NHL , R  ,  8.0,  2.0,   2.0,   4.0,   6.0, 1.0  ,  0.0,  0.0,  0.0,  0.0,  1.0, 0.0,  12.0,       ,      ,      ,        ,        ,        ,        ,        ,        ,        ,        ,      
warddi01 , 1996,     1, BUF , NHL , R  , 79.0, 13.0,  32.0,  45.0,  36.0, 17.0 ,  1.0,  3.0,  2.0,  2.0,  4.0, 0.0,  93.0,   12.0,   2.0,   3.0,     5.0,     6.0, 2.0    ,     0.0,     0.0,     1.0,     1.0,     1.0,    23.0
warddi01 , 1997,     1, BUF , NHL , R  , 71.0, 10.0,  13.0,  23.0,  42.0, 9.0  ,  0.0,  1.0,  2.0,  1.0,  3.0, 1.0,  99.0,   15.0,   3.0,   8.0,    11.0,     6.0, 8.0    ,     0.0,     0.0,     0.0,     1.0,     0.0,    29.0
warddi01 , 1998,     1, BUF , NHL , R  , 78.0, 20.0,  24.0,  44.0,  44.0, 10.0 ,  2.0,  6.0,  1.0,  0.0,  4.0, 1.0, 101.0,   21.0,   7.0,   5.0,    12.0,    32.0, 6.0    ,     0.0,     0.0,     2.0,     0.0,     3.0,    38.0
warddi01 , 1999,     1, BUF , NHL , L  , 71.0, 11.0,   9.0,  20.0,  41.0, 1.0  ,  1.0,  1.0,  2.0,  0.0,  2.0, 0.0, 101.0,    5.0,   0.0,   1.0,     1.0,     2.0, 1.0    ,     0.0,     0.0,     0.0,     0.0,     0.0,     4.0
warddi01 , 2000,     1, BOS , NHL , C  , 63.0,  5.0,  13.0,  18.0,  65.0, -1.0 ,  0.0,  0.0,  0.0,  0.0,  0.0, 0.0,  88.0,       ,      ,      ,        ,        ,        ,        ,        ,        ,        ,        ,      
warddi01 , 2002,     1, NYR , NHL , L  ,  8.0,  0.0,   0.0,   0.0,   2.0, -2.0 ,  0.0,  0.0,  0.0,  0.0,  0.0, 0.0,   7.0,       ,      ,      ,        ,        ,        ,        ,        ,        ,        ,        ,      
warddo01 , 1957,     1, CHI , NHL , D  ,  3.0,  0.0,   0.0,   0.0,   0.0,      ,     ,     ,     ,     ,     ,    ,      ,       ,      ,      ,        ,        ,        ,        ,        ,        ,        ,        ,      
warddo01 , 1959,     1, BOS , NHL , D  , 31.0,  0.0,   1.0,   1.0,  16.0,      ,     ,     ,     ,     ,     ,    ,      ,       ,      ,      ,        ,        ,        ,        ,        ,        ,        ,        ,      
warded01 , 1993,     1, QUE , NHL , R  ,  7.0,  1.0,   0.0,   1.0,   5.0, 0.0  ,  0.0,  0.0,  0.0,  0.0,  0.0, 0.0,   3.0,       ,      ,      ,        ,        ,        ,        ,        ,        ,        ,        ,      
warded01 , 1994,     1, CAL , NHL , R  ,  2.0,  1.0,   1.0,   2.0,   2.0, -2.0 ,  0.0,  0.0,  0.0,  0.0,  0.0, 0.0,   1.0,       ,      ,      ,        ,        ,        ,        ,        ,        ,        ,        ,      
warded01 , 1995,     1, CAL , NHL , R  , 41.0,  3.0,   5.0,   8.0,  44.0, -2.0 ,  0.0,  0.0,  0.0,  0.0,  0.0, 0.0,  33.0,       ,      ,      ,        ,        ,        ,        ,        ,        ,        ,        ,      
warded01 , 1996,     1, CAL , NHL , L  , 40.0,  5.0,   8.0,  13.0,  49.0, -3.0 ,  0.0,  0.0,  0.0,  0.0,  1.0, 0.0,  33.0,       ,      ,      ,        ,        ,        ,        ,        ,        ,        ,        ,      
warded01 , 1997,     1, CAL , NHL , L  , 64.0,  4.0,   5.0,   9.0, 122.0, -1.0 ,  0.0,  0.0,  0.0,  0.0,  0.0, 1.0,  52.0,       ,      ,      ,        ,        ,        ,        ,        ,        ,        ,        ,      
warded01 , 1998,     1, CAL , NHL , R  , 68.0,  3.0,   5.0,   8.0,  67.0, -4.0 ,  0.0,  0.0,  0.0,  0.0,  0.0, 0.0,  56.0,       ,      ,      ,        ,        ,        ,        ,        ,        ,        ,        ,      
warded01 , 1999,     1, ATL , NHL , R  , 44.0,  5.0,   1.0,   6.0,  44.0, -5.0 ,  0.0,  0.0,  2.0,  0.0,  0.0, 0.0,  51.0,       ,      ,      ,        ,        ,        ,        ,        ,        ,        ,        ,      
warded01 , 1999,     2, ANA , NHL , R  ,  8.0,  1.0,   0.0,   1.0,  15.0, -2.0 ,  0.0,  0.0,  0.0,  0.0,  0.0, 0.0,   5.0,       ,      ,      ,        ,        ,        ,        ,        ,        ,        ,        ,      
warded01 , 2000,     1, NJD , NHL , R  ,  4.0,  0.0,   1.0,   1.0,   6.0, 2.0  ,  0.0,  0.0,  0.0,  0.0,  0.0, 0.0,   4.0,       ,      ,      ,        ,        ,        ,        ,        ,        ,        ,        ,      
wardja01 , 1999,     1, MTL , NHL , R  , 32.0,  2.0,   1.0,   3.0,  10.0, -1.0 ,  1.0,  0.0,  0.0,  0.0,  0.0, 0.0,  24.0,       ,      ,      ,        ,        ,        ,        ,        ,        ,        ,        ,      
wardja01 , 2000,     1, MTL , NHL , R  , 12.0,  0.0,   0.0,   0.0,  12.0, 3.0  ,  0.0,  0.0,  0.0,  0.0,  0.0, 0.0,   4.0,       ,      ,      ,        ,        ,        ,        ,        ,        ,        ,        ,      
wardja01 , 2002,     1, MTL , NHL , R  ,  8.0,  3.0,   2.0,   5.0,   0.0, 3.0  ,  0.0,  0.0,  0.0,  0.0,  0.0, 0.0,  10.0,       ,      ,      ,        ,        ,        ,        ,        ,        ,        ,        ,      
wardja01 , 2003,     1, MTL , NHL , R  , 53.0,  5.0,   7.0,  12.0,  21.0, 3.0  ,  2.0,  1.0,  0.0,  1.0,  1.0, 0.0,  56.0,    5.0,   0.0,   2.0,     2.0,     2.0, -2.0   ,     0.0,     0.0,     0.0,     0.0,     0.0,     4.0
wardja01 , 2005,     1, NYR , NHL , R  , 81.0, 10.0,  18.0,  28.0,  44.0, -4.0 ,  0.0,  1.0,  2.0,  1.0,  1.0,    , 125.0,    1.0,   0.0,   0.0,     0.0,     2.0, 0.0    ,     0.0,     0.0,     0.0,     0.0,     0.0,     1.0
wardja01 , 2006,     1, NYR , NHL , R  , 46.0,  4.0,   6.0,  10.0,  26.0, -3.0 ,  0.0,  0.0,  1.0,  1.0,  1.0,    ,  68.0,       ,      ,      ,        ,        ,        ,        ,        ,        ,        ,        ,      
wardja01 , 2006,     2, LAK , NHL , R  ,  7.0,  0.0,   1.0,   1.0,   4.0, -1.0 ,  0.0,  0.0,  0.0,  0.0,  0.0,    ,   2.0,       ,      ,      ,        ,        ,        ,        ,        ,        ,        ,        ,      
wardja01 , 2006,     3, TBL , NHL , R  , 17.0,  4.0,   4.0,   8.0,  10.0, -11.0,  0.0,  1.0,  0.0,  0.0,  0.0,    ,  38.0,    6.0,   0.0,   1.0,     1.0,     6.0, -6.0   ,     0.0,     0.0,     0.0,     0.0,     0.0,     9.0
wardja01 , 2007,     1, TBL , NHL , R  , 79.0,  8.0,   6.0,  14.0,  42.0, -18.0,  1.0,  0.0,  1.0,  1.0,  0.0,    ,  85.0,       ,      ,      ,        ,        ,        ,        ,        ,        ,        ,        ,      
wardja01 , 2008,     1, TBL , NHL , R  ,  1.0,  0.0,   0.0,   0.0,   2.0, 0.0  ,  0.0,  0.0,  0.0,  0.0,  0.0,    ,   1.0,       ,      ,      ,        ,        ,        ,        ,        ,        ,        ,        ,      
wardji01 , 1927,     1, MTM , NHL , R  , 42.0, 10.0,   2.0,  12.0,  44.0,      ,     ,     ,     ,     ,     ,    ,      ,    9.0,   1.0,   1.0,     2.0,     6.0,        ,        ,        ,        ,        ,        ,      
wardji01 , 1928,     1, MTM , NHL , R  , 43.0, 14.0,   8.0,  22.0,  46.0,      ,     ,     ,     ,     ,     ,    ,      ,       ,      ,      ,        ,        ,        ,        ,        ,        ,        ,        ,      
wardji01 , 1929,     1, MTM , NHL , R  , 44.0, 10.0,   7.0,  17.0,  54.0,      ,     ,     ,     ,     ,     ,    ,      ,    4.0,   0.0,   1.0,     1.0,    12.0,        ,        ,        ,        ,        ,        ,      
wardji01 , 1930,     1, MTM , NHL , R  , 41.0, 14.0,   8.0,  22.0,  52.0,      ,     ,     ,     ,     ,     ,    ,      ,    2.0,   0.0,   0.0,     0.0,     2.0,        ,        ,        ,        ,        ,        ,      
wardji01 , 1931,     1, MTM , NHL , R  , 48.0, 19.0,  19.0,  38.0,  39.0,      ,     ,     ,     ,     ,     ,    ,      ,    4.0,   2.0,   1.0,     3.0,     0.0,        ,        ,        ,        ,        ,        ,      
wardji01 , 1932,     1, MTM , NHL , R  , 48.0, 16.0,  17.0,  33.0,  52.0,      ,     ,     ,     ,     ,     ,    ,      ,    2.0,   0.0,   0.0,     0.0,     0.0,        ,        ,        ,        ,        ,        ,      
wardji01 , 1933,     1, MTM , NHL , R  , 48.0, 14.0,   9.0,  23.0,  46.0,      ,     ,     ,     ,     ,     ,    ,      ,    4.0,   0.0,   0.0,     0.0,     0.0,        ,        ,        ,        ,        ,        ,      
wardji01 , 1934,     1, MTM , NHL , R  , 41.0,  9.0,   6.0,  15.0,  24.0,      ,     ,     ,     ,     ,     ,    ,      ,    7.0,   1.0,   1.0,     2.0,     0.0,        ,        ,        ,        ,        ,        ,      
wardji01 , 1935,     1, MTM , NHL , R  , 48.0, 12.0,  19.0,  31.0,  30.0,      ,     ,     ,     ,     ,     ,    ,      ,    3.0,   0.0,   0.0,     0.0,     6.0,        ,        ,        ,        ,        ,        ,      
wardji01 , 1936,     1, MTM , NHL , R  , 40.0, 14.0,  14.0,  28.0,  34.0,      ,     ,     ,     ,     ,     ,    ,      ,       ,      ,      ,        ,        ,        ,        ,        ,        ,        ,        ,      
wardji01 , 1937,     1, MTM , NHL , R  , 48.0, 11.0,  15.0,  26.0,  34.0,      ,     ,     ,     ,     ,     ,    ,      ,       ,      ,      ,        ,        ,        ,        ,        ,        ,        ,        ,      
wardji01 , 1938,     1, MTL , NHL , R  , 36.0,  4.0,   3.0,   7.0,   0.0,      ,     ,     ,     ,     ,     ,    ,      ,    1.0,   0.0,   0.0,     0.0,     0.0,        ,        ,        ,        ,        ,        ,      
wardjo01 , 1980,     1, COR , NHL , C  ,  4.0,  0.0,   0.0,   0.0,   2.0, -2.0 ,  0.0,     ,  0.0,     ,  0.0, 0.0,   2.0,       ,      ,      ,        ,        ,        ,        ,        ,        ,        ,        ,      
wardjo02 , 2006,     1, MIN , NHL , R  , 11.0,  0.0,   1.0,   1.0,   0.0, 0.0  ,  0.0,  0.0,  0.0,  0.0,  0.0,    ,  12.0,       ,      ,      ,        ,        ,        ,        ,        ,        ,        ,        ,      
wardjo02 , 2008,     1, NAS , NHL , R  , 79.0, 17.0,  18.0,  35.0,  29.0, 1.0  ,  3.0,  1.0,  2.0,  1.0,  2.0,    , 133.0,       ,      ,      ,        ,        ,        ,        ,        ,        ,        ,        ,      
wardjo02 , 2009,     1, NAS , NHL , R  , 71.0, 13.0,  21.0,  34.0,  18.0, -5.0 ,  3.0,  1.0,  1.0,  0.0,  1.0,    , 134.0,    6.0,   2.0,   2.0,     4.0,     2.0, 1.0    ,     0.0,     0.0,     1.0,     0.0,     0.0,    12.0
wardla01 , 2000,     1, FLO , NHL , D  , 30.0,  0.0,   2.0,   2.0,  45.0, -3.0 ,  0.0,  0.0,  0.0,  0.0,  0.0, 0.0,  17.0,       ,      ,      ,        ,        ,        ,        ,        ,        ,        ,        ,      
wardla01 , 2001,     1, FLO , NHL , D  , 68.0,  1.0,   4.0,   5.0, 131.0, -20.0,  0.0,  0.0,  0.0,  2.0,  0.0, 0.0,  39.0,       ,      ,      ,        ,        ,        ,        ,        ,        ,        ,        ,      
wardla01 , 2002,     1, FLO , NHL , D  , 36.0,  3.0,   1.0,   4.0,  78.0, -4.0 ,  0.0,  0.0,  0.0,  0.0,  1.0, 0.0,  34.0,       ,      ,      ,        ,        ,        ,        ,        ,        ,        ,        ,      
wardla01 , 2002,     2, ANA , NHL , D  , 29.0,  0.0,   1.0,   1.0,  43.0, -2.0 ,  0.0,  0.0,  0.0,  0.0,  0.0, 0.0,  18.0,       ,      ,      ,        ,        ,        ,        ,        ,        ,        ,        ,      
wardla01 , 2003,     1, ANA , NHL , D  , 46.0,  0.0,   4.0,   4.0,  94.0, -1.0 ,  0.0,  0.0,  0.0,  0.0,  0.0, 0.0,  26.0,       ,      ,      ,        ,        ,        ,        ,        ,        ,        ,        ,      
wardro01 , 1969,     1, TOR , NHL , C  , 18.0,  0.0,   1.0,   1.0,   2.0, 0.0  ,  0.0,     ,  0.0,     ,  0.0, 0.0,  11.0,       ,      ,      ,        ,        ,        ,        ,        ,        ,        ,        ,      
wardro01 , 1971,     1, VAN , NHL , C  , 71.0,  2.0,   4.0,   6.0,   4.0, -2.0 ,  0.0,     ,  1.0,     ,  0.0, 0.0,  45.0,       ,      ,      ,        ,        ,        ,        ,        ,        ,        ,        ,      
wardro01 , 1972,     1, NRA , WHA , C  , 77.0, 51.0,  67.0, 118.0,  28.0,      , 12.0,     ,  1.0,     ,  5.0,    ,      ,       ,      ,      ,        ,        ,        ,        ,        ,        ,        ,        ,      
wardro01 , 1973,     1, VAB , WHA , C  ,  7.0,  0.0,   2.0,   2.0,   2.0,      ,  0.0,     ,  0.0,     ,  0.0,    ,      ,       ,      ,      ,        ,        ,        ,        ,        ,        ,        ,        ,      
wardro01 , 1973,     2, LAS , WHA , C  , 40.0, 14.0,  19.0,  33.0,  16.0,      ,  3.0,     ,  0.0,     ,  2.0,    ,      ,       ,      ,      ,        ,        ,        ,        ,        ,        ,        ,        ,      
wardro01 , 1973,     3, CLC , WHA , C  , 23.0, 19.0,   7.0,  26.0,   7.0,      ,  4.0,     ,  0.0,     ,  4.0,    ,      ,    5.0,   3.0,   0.0,     3.0,     2.0,        ,        ,        ,        ,        ,     0.0,      
wardro01 , 1974,     1, CLC , WHA , C  , 73.0, 30.0,  32.0,  62.0,  18.0, 7.0  ,  5.0,     ,  0.0,     ,     ,    , 208.0,    5.0,   0.0,   2.0,     2.0,     2.0,        ,     0.0,        ,     0.0,        ,     0.0,      
wardro01 , 1975,     1, CLC , WHA , C  , 75.0, 32.0,  50.0,  82.0,  24.0, 14.0 , 11.0,     ,  2.0,     ,  2.0,    , 172.0,    3.0,   0.0,   2.0,     2.0,     0.0, -3.0   ,        ,        ,        ,        ,     0.0,      
wardro01 , 1976,     1, MF2 , WHA , C  , 41.0, 15.0,  21.0,  36.0,   6.0, 9.0  ,  4.0,     ,  1.0,     ,     ,    ,  96.0,       ,      ,      ,        ,        ,        ,        ,        ,        ,        ,        ,      
wardro01 , 1976,     2, WIJ , WHA , C  , 14.0,  4.0,   7.0,  11.0,   2.0, -2.0 ,  2.0,     ,  0.0,     ,     ,    ,  24.0,       ,      ,      ,        ,        ,        ,        ,        ,        ,        ,        ,      
wardro01 , 1976,     3, CAC , WHA , C  ,  9.0,  5.0,   5.0,  10.0,   0.0, 2.0  ,  1.0,     ,  0.0,     ,     ,    ,  18.0,       ,      ,      ,        ,        ,        ,        ,        ,        ,        ,        ,      
wareje01 , 1996,     1, TOR , NHL , D  , 13.0,  0.0,   0.0,   0.0,   6.0, 2.0  ,  0.0,  0.0,  0.0,  0.0,  0.0, 0.0,   4.0,       ,      ,      ,        ,        ,        ,        ,        ,        ,        ,        ,      
wareje01 , 1997,     1, TOR , NHL , D  ,  2.0,  0.0,   0.0,   0.0,   0.0, 1.0  ,  0.0,  0.0,  0.0,  0.0,  0.0, 0.0,   0.0,       ,      ,      ,        ,        ,        ,        ,        ,        ,        ,        ,      
wareje01 , 1998,     1, FLO , NHL , D  ,  6.0,  0.0,   1.0,   1.0,   6.0, -6.0 ,  0.0,  0.0,  0.0,  0.0,  0.0, 0.0,   1.0,       ,      ,      ,        ,        ,        ,        ,        ,        ,        ,        ,      
waremi01 , 1988,     1, EDM , NHL , R  ,  2.0,  0.0,   1.0,   1.0,  11.0, 1.0  ,  0.0,  0.0,  0.0,  0.0,  0.0, 0.0,   0.0,       ,      ,      ,        ,        ,        ,        ,        ,        ,        ,        ,      
waremi01 , 1989,     1, EDM , NHL , R  ,  3.0,  0.0,   0.0,   0.0,   4.0, -1.0 ,  0.0,  0.0,  0.0,  0.0,  0.0, 0.0,   1.0,       ,      ,      ,        ,        ,        ,        ,        ,        ,        ,        ,      
waresed01, 1936,     1, NYR , NHL , R  ,  2.0,  2.0,   0.0,   2.0,   0.0,      ,     ,     ,     ,     ,     ,    ,      ,       ,      ,      ,        ,        ,        ,        ,        ,        ,        ,        ,      
waresed01, 1937,     1, DET , NHL , R  , 21.0,  9.0,   7.0,  16.0,   2.0,      ,     ,     ,     ,     ,     ,    ,      ,       ,      ,      ,        ,        ,        ,        ,        ,        ,        ,        ,      
waresed01, 1938,     1, DET , NHL , R  , 28.0,  8.0,   8.0,  16.0,  10.0,      ,     ,     ,     ,     ,     ,    ,      ,    6.0,   1.0,   0.0,     1.0,     8.0,        ,        ,        ,        ,        ,        ,      
waresed01, 1939,     1, DET , NHL , R  , 33.0,  2.0,   6.0,   8.0,  19.0,      ,     ,     ,     ,     ,     ,    ,      ,    5.0,   0.0,   0.0,     0.0,     0.0,        ,        ,        ,        ,        ,        ,      
waresed01, 1940,     1, DET , NHL , R  , 42.0, 10.0,  16.0,  26.0,  34.0,      ,     ,     ,     ,     ,     ,    ,      ,    9.0,   0.0,   0.0,     0.0,     0.0,        ,        ,        ,        ,        ,        ,      
waresed01, 1941,     1, DET , NHL , R  , 43.0,  9.0,  29.0,  38.0,  31.0,      ,     ,     ,     ,     ,     ,    ,      ,   12.0,   1.0,   3.0,     4.0,    22.0,        ,        ,        ,        ,        ,        ,      
waresed01, 1942,     1, DET , NHL , R  , 47.0, 12.0,  18.0,  30.0,  10.0,      ,     ,     ,     ,     ,     ,    ,      ,   10.0,   3.0,   3.0,     6.0,     4.0,        ,        ,        ,        ,        ,        ,      
waresed01, 1945,     1, CHI , NHL , D  , 45.0,  4.0,  11.0,  15.0,  34.0,      ,     ,     ,     ,     ,     ,    ,      ,    3.0,   0.0,   1.0,     1.0,     0.0,        ,        ,        ,        ,        ,        ,      
waresed01, 1946,     1, CHI , NHL , R  , 60.0,  4.0,   7.0,  11.0,  21.0,      ,     ,     ,     ,     ,     ,    ,      ,       ,      ,      ,        ,        ,        ,        ,        ,        ,        ,        ,      
warnebo01, 1975,     1, TOR , NHL , D  ,     ,     ,      ,      ,      ,      ,     ,     ,     ,     ,     ,    ,      ,    2.0,   0.0,   0.0,     0.0,     0.0,        ,     0.0,        ,     0.0,        ,     0.0,      
warnebo01, 1976,     1, TOR , NHL , D  , 10.0,  1.0,   1.0,   2.0,   4.0, 4.0  ,  0.0,     ,  0.0,     ,  0.0, 0.0,   9.0,    2.0,   0.0,   0.0,     0.0,     0.0,        ,     0.0,        ,     0.0,        ,     0.0,      
warneji01, 1978,     1, NEW , WHA , R  , 41.0,  6.0,   9.0,  15.0,  20.0, -10.0,  1.0,     ,  0.0,     ,     ,    ,  68.0,    1.0,   0.0,   0.0,     0.0,     0.0, -2.0   ,        ,        ,        ,        ,     0.0,      
warneji01, 1979,     1, HAR , NHL , R  , 32.0,  0.0,   3.0,   3.0,  10.0, -6.0 ,  0.0,     ,  0.0,     ,  0.0, 0.0,  26.0,       ,      ,      ,        ,        ,        ,        ,        ,        ,        ,        ,      
warrerh01, 1995,     1, FLO , NHL , D  , 28.0,  0.0,   3.0,   3.0,  46.0, 4.0  ,  0.0,  0.0,  0.0,  0.0,  0.0, 0.0,  19.0,   21.0,   0.0,   3.0,     3.0,    10.0, 3.0    ,     0.0,     0.0,     0.0,     0.0,     0.0,    14.0
warrerh01, 1996,     1, FLO , NHL , D  , 62.0,  4.0,   9.0,  13.0,  88.0, 20.0 ,  1.0,  2.0,  0.0,  0.0,  1.0, 0.0,  58.0,    5.0,   0.0,   0.0,     0.0,     0.0, 0.0    ,     0.0,     0.0,     0.0,     0.0,     0.0,     5.0
warrerh01, 1997,     1, FLO , NHL , D  , 79.0,  0.0,   4.0,   4.0,  99.0, -16.0,  0.0,  0.0,  0.0,  0.0,  0.0, 0.0,  66.0,       ,      ,      ,        ,        ,        ,        ,        ,        ,        ,        ,      
warrerh01, 1998,     1, FLO , NHL , D  , 48.0,  0.0,   7.0,   7.0,  64.0, -1.0 ,  0.0,  3.0,  0.0,  0.0,  0.0, 0.0,  33.0,       ,      ,      ,        ,        ,        ,        ,        ,        ,        ,        ,      
warrerh01, 1998,     2, BUF , NHL , D  , 13.0,  1.0,   0.0,   1.0,  20.0, 3.0  ,  0.0,  0.0,  0.0,  0.0,  0.0, 0.0,  11.0,   20.0,   1.0,   3.0,     4.0,    32.0, 12.0   ,     0.0,     0.0,     0.0,     1.0,     0.0,    21.0
warrerh01, 1999,     1, BUF , NHL , D  , 61.0,  0.0,   3.0,   3.0,  89.0, 18.0 ,  0.0,  0.0,  0.0,  0.0,  0.0, 0.0,  68.0,    5.0,   0.0,   0.0,     0.0,     2.0, -1.0   ,     0.0,     0.0,     0.0,     0.0,     0.0,     8.0
warrerh01, 2000,     1, BUF , NHL , D  , 77.0,  3.0,  16.0,  19.0,  78.0, 10.0 ,  0.0,  3.0,  0.0,  1.0,  2.0, 0.0, 103.0,   13.0,   0.0,   2.0,     2.0,     4.0, 5.0    ,     0.0,     0.0,     0.0,     0.0,     0.0,    12.0
warrerh01, 2001,     1, BUF , NHL , D  , 65.0,  5.0,   5.0,  10.0, 113.0, 15.0 ,  0.0,  0.0,  0.0,  0.0,  1.0, 1.0,  66.0,       ,      ,      ,        ,        ,        ,        ,        ,        ,        ,        ,      
warrerh01, 2002,     1, BUF , NHL , D  , 50.0,  0.0,   9.0,   9.0,  63.0, 1.0  ,  0.0,  1.0,  0.0,  1.0,  0.0, 0.0,  47.0,       ,      ,      ,        ,        ,        ,        ,        ,        ,        ,        ,      
warrerh01, 2003,     1, CAL , NHL , D  , 77.0,  3.0,  14.0,  17.0,  97.0, 8.0  ,  0.0,  2.0,  1.0,  2.0,  1.0, 0.0,  82.0,   24.0,   0.0,   1.0,     1.0,     6.0, 1.0    ,     0.0,     0.0,     0.0,     0.0,     0.0,    27.0
warrerh01, 2005,     1, CAL , NHL , D  , 61.0,  3.0,   3.0,   6.0,  54.0, 7.0  ,  0.0,  0.0,  1.0,  1.0,  0.0,    ,  40.0,    7.0,   0.0,   0.0,     0.0,    14.0, 4.0    ,     0.0,     0.0,     0.0,     0.0,     0.0,     5.0
warrerh01, 2006,     1, CAL , NHL , D  , 62.0,  4.0,   6.0,  10.0,  67.0, 6.0  ,  1.0,  0.0,  1.0,  1.0,  1.0,    ,  31.0,    6.0,   0.0,   0.0,     0.0,    10.0, -3.0   ,     0.0,     0.0,     0.0,     0.0,     0.0,     2.0
warrerh01, 2007,     1, CAL , NHL , D  , 31.0,  1.0,   3.0,   4.0,  21.0, -2.0 ,  0.0,  0.0,  0.0,  1.0,  0.0,    ,  15.0,       ,      ,      ,        ,        ,        ,        ,        ,        ,        ,        ,      
warrito01, 1994,     1, TOR , NHL , L  ,  5.0,  0.0,   0.0,   0.0,   0.0, -3.0 ,  0.0,  0.0,  0.0,  0.0,  0.0, 0.0,   1.0,       ,      ,      ,        ,        ,        ,        ,        ,        ,        ,        ,      
warrito01, 1995,     1, TOR , NHL , C  , 57.0,  7.0,   8.0,  15.0,  26.0, -11.0,  1.0,  0.0,  0.0,  0.0,  0.0, 0.0,  79.0,    6.0,   1.0,   1.0,     2.0,     2.0, 0.0    ,     0.0,     0.0,     0.0,     0.0,     0.0,    13.0
warrito01, 1996,     1, TOR , NHL , L  , 75.0, 12.0,  21.0,  33.0,  41.0, -3.0 ,  2.0,  5.0,  2.0,  0.0,  0.0, 1.0, 146.0,       ,      ,      ,        ,        ,        ,        ,        ,        ,        ,        ,      
warrito01, 1997,     1, TOR , NHL , L  , 45.0,  5.0,   8.0,  13.0,  20.0, 5.0  ,  0.0,  0.0,  0.0,  0.0,  1.0, 0.0,  73.0,       ,      ,      ,        ,        ,        ,        ,        ,        ,        ,        ,      
warrito01, 1998,     1, TOR , NHL , L  , 53.0,  9.0,  10.0,  19.0,  28.0, -6.0 ,  1.0,  2.0,  0.0,  0.0,  1.0, 0.0,  96.0,    9.0,   0.0,   0.0,     0.0,     2.0, 0.0    ,     0.0,     0.0,     0.0,     0.0,     0.0,    12.0
warrito01, 1999,     1, TOR , NHL , C  , 18.0,  3.0,   1.0,   4.0,   2.0, 6.0  ,  0.0,  0.0,  0.0,  0.0,  0.0, 0.0,  33.0,       ,      ,      ,        ,        ,        ,        ,        ,        ,        ,        ,      
warrito01, 1999,     2, TBL , NHL , C  , 55.0, 11.0,  13.0,  24.0,  34.0, -14.0,  3.0,  3.0,  1.0,  0.0,  0.0, 0.0, 100.0,       ,      ,      ,        ,        ,        ,        ,        ,        ,        ,        ,      
warrito01, 2000,     1, TBL , NHL , L  , 64.0, 10.0,  11.0,  21.0,  46.0, -13.0,  3.0,  5.0,  2.0,  0.0,  1.0, 1.0,  99.0,       ,      ,      ,        ,        ,        ,        ,        ,        ,        ,        ,      
warrito01, 2001,     1, PHO , NHL , L  , 18.0,  0.0,   3.0,   3.0,   8.0, -3.0 ,  0.0,  1.0,  0.0,  0.0,  0.0, 0.0,  10.0,       ,      ,      ,        ,        ,        ,        ,        ,        ,        ,        ,      
warrito01, 2001,     2, VAN , NHL , L  , 14.0,  2.0,   4.0,   6.0,  12.0, 4.0  ,  0.0,  0.0,  0.0,  0.0,  0.0, 0.0,  18.0,    6.0,   1.0,   0.0,     1.0,     2.0, 0.0    ,     0.0,     0.0,     0.0,     0.0,     0.0,     5.0
warrito01, 2002,     1, VAN , NHL , L  , 30.0,  4.0,   6.0,  10.0,  22.0, 0.0  ,  0.0,  1.0,  0.0,  0.0,  0.0, 0.0,  53.0,       ,      ,      ,        ,        ,        ,        ,        ,        ,        ,        ,      
warrito01, 2002,     2, PHI , NHL , L  , 13.0,  2.0,   3.0,   5.0,   6.0, 2.0  ,  0.0,  1.0,  0.0,  0.0,  1.0, 0.0,  13.0,       ,      ,      ,        ,        ,        ,        ,        ,        ,        ,        ,      
warrito01, 2002,     3, NAS , NHL , L  ,  6.0,  0.0,   1.0,   1.0,   4.0, -1.0 ,  0.0,  0.0,  0.0,  0.0,  0.0, 0.0,   6.0,       ,      ,      ,        ,        ,        ,        ,        ,        ,        ,        ,      
warrst01 , 1972,     1, OTN , WHA , D  , 72.0,  3.0,   8.0,  11.0,  79.0,      ,  2.0,     ,  0.0,     ,     ,    ,      ,    2.0,   0.0,   0.0,     0.0,     0.0,        ,     0.0,        ,     0.0,        ,     0.0,      
warrst01 , 1973,     1, TOT , WHA , D  ,     ,     ,      ,      ,      ,      ,     ,     ,     ,     ,     ,    ,      ,    2.0,   0.0,   0.0,     0.0,     0.0,        ,        ,        ,        ,        ,     0.0,      
warwibi01, 1942,     1, NYR , NHL , L  ,  1.0,  0.0,   1.0,   1.0,   4.0,      ,     ,     ,     ,     ,     ,    ,      ,       ,      ,      ,        ,        ,        ,        ,        ,        ,        ,        ,      
warwibi01, 1943,     1, NYR , NHL , L  , 13.0,  3.0,   2.0,   5.0,  12.0,      ,     ,     ,     ,     ,     ,    ,      ,       ,      ,      ,        ,        ,        ,        ,        ,        ,        ,        ,      
warwige01, 1913,     1, MOW , NHA , G  ,  7.0,  0.0,   0.0,   0.0,   0.0,      ,     ,     ,     ,     ,     ,    ,      ,       ,      ,      ,        ,        ,        ,        ,        ,        ,        ,        ,      
warwigr01, 1941,     1, NYR , NHL , R  , 44.0, 16.0,  17.0,  33.0,  36.0,      ,     ,     ,     ,     ,     ,    ,      ,    6.0,   0.0,   1.0,     1.0,     2.0,        ,        ,        ,        ,        ,        ,      
warwigr01, 1942,     1, NYR , NHL , R  , 50.0, 17.0,  18.0,  35.0,  31.0,      ,     ,     ,     ,     ,     ,    ,      ,       ,      ,      ,        ,        ,        ,        ,        ,        ,        ,        ,      
warwigr01, 1943,     1, NYR , NHL , R  , 18.0,  8.0,   9.0,  17.0,  14.0,      ,     ,     ,     ,     ,     ,    ,      ,       ,      ,      ,        ,        ,        ,        ,        ,        ,        ,        ,      
warwigr01, 1944,     1, NYR , NHL , R  , 42.0, 20.0,  22.0,  42.0,  25.0,      ,     ,     ,     ,     ,     ,    ,      ,       ,      ,      ,        ,        ,        ,        ,        ,        ,        ,        ,      
warwigr01, 1945,     1, NYR , NHL , R  , 45.0, 19.0,  18.0,  37.0,  19.0,      ,     ,     ,     ,     ,     ,    ,      ,       ,      ,      ,        ,        ,        ,        ,        ,        ,        ,        ,      
warwigr01, 1946,     1, NYR , NHL , R  , 54.0, 20.0,  20.0,  40.0,  24.0,      ,     ,     ,     ,     ,     ,    ,      ,       ,      ,      ,        ,        ,        ,        ,        ,        ,        ,        ,      
warwigr01, 1947,     1, NYR , NHL , R  , 40.0, 17.0,  12.0,  29.0,  30.0,      ,     ,     ,     ,     ,     ,    ,      ,       ,      ,      ,        ,        ,        ,        ,        ,        ,        ,        ,      
warwigr01, 1947,     2, BOS , NHL , R  , 18.0,  6.0,   5.0,  11.0,   8.0,      ,     ,     ,     ,     ,     ,    ,      ,    5.0,   0.0,   3.0,     3.0,     4.0,        ,        ,        ,        ,        ,        ,      
warwigr01, 1948,     1, BOS , NHL , R  , 58.0, 22.0,  15.0,  37.0,  14.0,      ,     ,     ,     ,     ,     ,    ,      ,    5.0,   2.0,   0.0,     2.0,     0.0,        ,        ,        ,        ,        ,        ,      
warwigr01, 1949,     1, MTL , NHL , R  , 26.0,  2.0,   6.0,   8.0,  19.0,      ,     ,     ,     ,     ,     ,    ,      ,       ,      ,      ,        ,        ,        ,        ,        ,        ,        ,        ,      
washbst01, 1995,     1, FLO , NHL , C  ,  1.0,  0.0,   1.0,   1.0,   0.0, 1.0  ,  0.0,  0.0,  0.0,  0.0,  0.0, 0.0,   1.0,    1.0,   0.0,   1.0,     1.0,     0.0, 0.0    ,     0.0,     0.0,     0.0,     0.0,     0.0,     0.0
washbst01, 1996,     1, FLO , NHL , C  , 18.0,  3.0,   6.0,   9.0,   4.0, 2.0  ,  1.0,  0.0,  0.0,  0.0,  0.0, 0.0,  21.0,       ,      ,      ,        ,        ,        ,        ,        ,        ,        ,        ,      
washbst01, 1997,     1, FLO , NHL , C  , 58.0, 11.0,   8.0,  19.0,  32.0, -6.0 ,  4.0,  2.0,  0.0,  1.0,  2.0, 0.0,  61.0,       ,      ,      ,        ,        ,        ,        ,        ,        ,        ,        ,      
washbst01, 1998,     1, FLO , NHL , C  ,  4.0,  0.0,   0.0,   0.0,   4.0, -1.0 ,  0.0,  0.0,  0.0,  0.0,  0.0, 0.0,   0.0,       ,      ,      ,        ,        ,        ,        ,        ,        ,        ,        ,      
washbst01, 1998,     2, VAN , NHL , C  ,  8.0,  0.0,   0.0,   0.0,   2.0, 0.0  ,  0.0,  0.0,  0.0,  0.0,  0.0, 0.0,   6.0,       ,      ,      ,        ,        ,        ,        ,        ,        ,        ,        ,      
washbst01, 1999,     1, PHI , NHL , C  ,  1.0,  0.0,   0.0,   0.0,   0.0, 0.0  ,  0.0,  0.0,  0.0,  0.0,  0.0, 0.0,   1.0,       ,      ,      ,        ,        ,        ,        ,        ,        ,        ,        ,      
washbst01, 2000,     1, PHI , NHL , C  ,  3.0,  0.0,   0.0,   0.0,   0.0, 0.0  ,  0.0,  0.0,  0.0,  0.0,  0.0, 0.0,   0.0,       ,      ,      ,        ,        ,        ,        ,        ,        ,        ,        ,      
wasnini01, 1927,     1, CHI , NHL , R  , 14.0,  1.0,   0.0,   1.0,  22.0,      ,     ,     ,     ,     ,     ,    ,      ,       ,      ,      ,        ,        ,        ,        ,        ,        ,        ,        ,      
wasnini01, 1929,     1, MTL , NHL , R  , 44.0, 12.0,  11.0,  23.0,  64.0,      ,     ,     ,     ,     ,     ,    ,      ,    6.0,   2.0,   2.0,     4.0,    12.0,        ,        ,        ,        ,        ,        ,      
wasnini01, 1930,     1, MTL , NHL , R  , 44.0,  9.0,   2.0,  11.0,  26.0,      ,     ,     ,     ,     ,     ,    ,      ,   10.0,   4.0,   1.0,     5.0,     8.0,        ,        ,        ,        ,        ,        ,      
wasnini01, 1931,     1, MTL , NHL , R  , 48.0, 10.0,   2.0,  12.0,  16.0,      ,     ,     ,     ,     ,     ,    ,      ,    4.0,   0.0,   0.0,     0.0,     0.0,        ,        ,        ,        ,        ,        ,      
wasnini01, 1932,     1, NYA , NHL , R  , 48.0, 11.0,  12.0,  23.0,  36.0,      ,     ,     ,     ,     ,     ,    ,      ,       ,      ,      ,        ,        ,        ,        ,        ,        ,        ,        ,      
wasnini01, 1933,     1, OTS , NHL , R  , 37.0, 11.0,   6.0,  17.0,  10.0,      ,     ,     ,     ,     ,     ,    ,      ,       ,      ,      ,        ,        ,        ,        ,        ,        ,        ,        ,      
wasnini01, 1934,     1, STE , NHL , R  , 13.0,  3.0,   1.0,   4.0,   2.0,      ,     ,     ,     ,     ,     ,    ,      ,       ,      ,      ,        ,        ,        ,        ,        ,        ,        ,        ,      
wathifr01, 2009,     1, DAL , NHL , L  ,  5.0,  0.0,   0.0,   0.0,   5.0, 0.0  ,  0.0,  0.0,  0.0,  0.0,  0.0,    ,   4.0,       ,      ,      ,        ,        ,        ,        ,        ,        ,        ,        ,      
watsobi01, 1985,     1, CHI , NHL , R  , 52.0,  8.0,  16.0,  24.0,   2.0, -4.0 ,  2.0,     ,  0.0,     ,  0.0, 0.0,  67.0,    2.0,   0.0,   1.0,     1.0,     0.0, -1.0   ,     0.0,        ,     0.0,        ,     0.0,     1.0
watsobi01, 1986,     1, CHI , NHL , R  , 51.0, 13.0,  19.0,  32.0,   6.0, 19.0 ,  0.0,     ,  0.0,     ,  0.0, 0.0, 106.0,    4.0,   0.0,   1.0,     1.0,     0.0, -1.0   ,     0.0,        ,     0.0,        ,     0.0,     2.0
watsobi01, 1987,     1, CHI , NHL , R  ,  9.0,  2.0,   0.0,   2.0,   0.0, -5.0 ,  0.0,  0.0,  0.0,  0.0,  0.0, 0.0,   7.0,       ,      ,      ,        ,        ,        ,        ,        ,        ,        ,        ,      
watsobi01, 1988,     1, CHI , NHL , R  ,  3.0,  0.0,   1.0,   1.0,   4.0, 0.0  ,  0.0,  1.0,  0.0,  0.0,  0.0, 0.0,   2.0,       ,      ,      ,        ,        ,        ,        ,        ,        ,        ,        ,      
watsobr01, 1963,     1, MTL , NHL , D  , 39.0,  0.0,   2.0,   2.0,  18.0,      ,  0.0,     ,  0.0,     ,  0.0, 0.0,      ,    6.0,   0.0,   0.0,     0.0,     2.0,        ,        ,        ,        ,        ,     0.0,      
watsobr01, 1964,     1, MTL , NHL , D  ,  5.0,  0.0,   1.0,   1.0,   7.0,      ,  0.0,     ,  0.0,     ,  0.0, 0.0,      ,       ,      ,      ,        ,        ,        ,        ,        ,        ,        ,        ,      
watsobr01, 1965,     1, DET , NHL , D  , 70.0,  2.0,   7.0,   9.0, 133.0,      ,  0.0,     ,  1.0,     ,  0.0, 0.0,      ,   12.0,   2.0,   0.0,     2.0,    30.0,        ,        ,        ,        ,        ,     0.0,      
watsobr01, 1966,     1, DET , NHL , D  , 48.0,  0.0,   1.0,   1.0,  66.0,      ,  0.0,     ,  0.0,     ,  0.0, 0.0,      ,       ,      ,      ,        ,        ,        ,        ,        ,        ,        ,        ,      
watsobr01, 1967,     1, MTL , NHL , D  , 12.0,  0.0,   1.0,   1.0,   9.0, -3.0 ,  0.0,     ,  0.0,     ,  0.0, 0.0,   6.0,       ,      ,      ,        ,        ,        ,        ,        ,        ,        ,        ,      
watsobr01, 1968,     1, OAK , NHL , D  , 50.0,  2.0,   3.0,   5.0,  97.0, -16.0,  0.0,     ,  0.0,     ,  1.0, 0.0,  39.0,       ,      ,      ,        ,        ,        ,        ,        ,        ,        ,        ,      
watsobr01, 1968,     2, PIT , NHL , D  , 18.0,  0.0,   4.0,   4.0,  35.0, -11.0,  0.0,     ,  0.0,     ,  0.0, 0.0,  34.0,       ,      ,      ,        ,        ,        ,        ,        ,        ,        ,        ,      
watsobr01, 1969,     1, PIT , NHL , D  , 61.0,  1.0,   9.0,  10.0, 189.0, -1.0 ,  0.0,     ,  0.0,     ,  0.0, 0.0,  61.0,   10.0,   0.0,   0.0,     0.0,    17.0,        ,     0.0,        ,     0.0,        ,     0.0,      
watsobr01, 1970,     1, PIT , NHL , D  , 43.0,  2.0,   6.0,   8.0, 119.0, -5.0 ,  0.0,     ,  0.0,     ,  0.0, 0.0,  48.0,       ,      ,      ,        ,        ,        ,        ,        ,        ,        ,        ,      
watsobr01, 1971,     1, PIT , NHL , D  , 75.0,  3.0,  17.0,  20.0, 212.0, 5.0  ,  0.0,     ,  0.0,     ,  1.0, 0.0, 106.0,    4.0,   0.0,   0.0,     0.0,    21.0,        ,     0.0,        ,     0.0,        ,     0.0,      
watsobr01, 1972,     1, PIT , NHL , D  , 69.0,  1.0,  17.0,  18.0, 179.0, 18.0 ,  0.0,     ,  0.0,     ,  0.0, 0.0,  47.0,       ,      ,      ,        ,        ,        ,        ,        ,        ,        ,        ,      
watsobr01, 1973,     1, PIT , NHL , D  , 38.0,  1.0,   4.0,   5.0, 137.0, -12.0,  1.0,     ,  0.0,     ,  0.0, 0.0,  27.0,       ,      ,      ,        ,        ,        ,        ,        ,        ,        ,        ,      
watsobr01, 1973,     2, STL , NHL , D  , 11.0,  0.0,   1.0,   1.0,  19.0, 0.0  ,  0.0,     ,  0.0,     ,  0.0, 0.0,  10.0,       ,      ,      ,        ,        ,        ,        ,        ,        ,        ,        ,      
watsobr01, 1973,     3, DET , NHL , D  , 21.0,  0.0,   4.0,   4.0,  99.0, -1.0 ,  0.0,     ,  0.0,     ,  0.0, 0.0,   9.0,       ,      ,      ,        ,        ,        ,        ,        ,        ,        ,        ,      
watsobr01, 1974,     1, DET , NHL , D  , 70.0,  1.0,  13.0,  14.0, 238.0, -29.0,  0.0,     ,  1.0,     ,  0.0, 0.0,  68.0,       ,      ,      ,        ,        ,        ,        ,        ,        ,        ,        ,      
watsobr01, 1975,     1, DET , NHL , D  , 79.0,  0.0,  18.0,  18.0, 322.0, -20.0,  0.0,     ,  0.0,     ,  0.0, 0.0,  88.0,       ,      ,      ,        ,        ,        ,        ,        ,        ,        ,        ,      
watsobr01, 1976,     1, DET , NHL , D  , 14.0,  0.0,   1.0,   1.0,  39.0, 2.0  ,  0.0,     ,  0.0,     ,  0.0, 0.0,   4.0,       ,      ,      ,        ,        ,        ,        ,        ,        ,        ,        ,      
watsobr01, 1976,     2, WAS , NHL , D  , 56.0,  1.0,  14.0,  15.0,  91.0, -5.0 ,  0.0,     ,  0.0,     ,  0.0, 0.0,  54.0,       ,      ,      ,        ,        ,        ,        ,        ,        ,        ,        ,      
watsobr01, 1977,     1, WAS , NHL , D  , 79.0,  3.0,  11.0,  14.0, 167.0, -12.0,  0.0,     ,  1.0,     ,  0.0, 0.0,  52.0,       ,      ,      ,        ,        ,        ,        ,        ,        ,        ,        ,      
watsobr01, 1978,     1, WAS , NHL , D  , 20.0,  0.0,   1.0,   1.0,  36.0, -7.0 ,  0.0,     ,  0.0,     ,  0.0, 0.0,  16.0,       ,      ,      ,        ,        ,        ,        ,        ,        ,        ,        ,      
watsobr01, 1978,     2, CIN , WHA , D  , 21.0,  0.0,   2.0,   2.0,  56.0, -15.0,  0.0,     ,  0.0,     ,     ,    ,   9.0,    3.0,   0.0,   1.0,     1.0,     2.0, -1.0   ,        ,        ,        ,        ,     0.0,      
watsoda01, 1979,     1, COR , NHL , L  ,  5.0,  0.0,   0.0,   0.0,   2.0, -1.0 ,  0.0,     ,  0.0,     ,  0.0, 0.0,   1.0,       ,      ,      ,        ,        ,        ,        ,        ,        ,        ,        ,      
watsoda01, 1980,     1, COR , NHL , L  , 13.0,  0.0,   1.0,   1.0,   8.0, -2.0 ,  0.0,     ,  0.0,     ,  0.0, 0.0,   6.0,       ,      ,      ,        ,        ,        ,        ,        ,        ,        ,        ,      
watsoha01, 1941,     1, BKN , NHL , L  , 47.0, 10.0,   8.0,  18.0,   6.0,      ,     ,     ,     ,     ,     ,    ,      ,       ,      ,      ,        ,        ,        ,        ,        ,        ,        ,        ,      
watsoha01, 1942,     1, DET , NHL , L  , 50.0, 13.0,  18.0,  31.0,  10.0,      ,     ,     ,     ,     ,     ,    ,      ,    7.0,   0.0,   0.0,     0.0,     0.0,        ,        ,        ,        ,        ,        ,      
watsoha01, 1945,     1, DET , NHL , L  , 44.0, 14.0,  10.0,  24.0,   4.0,      ,     ,     ,     ,     ,     ,    ,      ,    5.0,   2.0,   0.0,     2.0,     0.0,        ,        ,        ,        ,        ,        ,      
watsoha01, 1946,     1, TOR , NHL , L  , 44.0, 19.0,  15.0,  34.0,  10.0,      ,     ,     ,     ,     ,     ,    ,      ,   11.0,   3.0,   2.0,     5.0,     6.0,        ,        ,        ,        ,        ,        ,      
watsoha01, 1947,     1, TOR , NHL , L  , 57.0, 21.0,  20.0,  41.0,  16.0,      ,     ,     ,     ,     ,     ,    ,      ,    9.0,   5.0,   2.0,     7.0,     9.0,        ,        ,        ,        ,        ,        ,      
watsoha01, 1948,     1, TOR , NHL , L  , 60.0, 26.0,  19.0,  45.0,   0.0,      ,     ,     ,     ,     ,     ,    ,      ,    9.0,   4.0,   2.0,     6.0,     2.0,        ,        ,        ,        ,        ,        ,      
watsoha01, 1949,     1, TOR , NHL , L  , 60.0, 19.0,  16.0,  35.0,  11.0,      ,     ,     ,     ,     ,     ,    ,      ,    7.0,   0.0,   0.0,     0.0,     2.0,        ,        ,        ,        ,        ,        ,      
watsoha01, 1950,     1, TOR , NHL , L  , 68.0, 18.0,  19.0,  37.0,  18.0,      ,     ,     ,     ,     ,     ,    ,      ,    5.0,   1.0,   2.0,     3.0,     4.0,        ,        ,        ,        ,        ,        ,      
watsoha01, 1951,     1, TOR , NHL , L  , 70.0, 22.0,  17.0,  39.0,  18.0,      ,     ,     ,     ,     ,     ,    ,      ,    4.0,   1.0,   0.0,     1.0,     2.0,        ,        ,        ,        ,        ,        ,      
watsoha01, 1952,     1, TOR , NHL , L  , 63.0, 16.0,   8.0,  24.0,   8.0,      ,     ,     ,     ,     ,     ,    ,      ,       ,      ,      ,        ,        ,        ,        ,        ,        ,        ,        ,      
watsoha01, 1953,     1, TOR , NHL , L  , 70.0, 21.0,   7.0,  28.0,  30.0,      ,     ,     ,     ,     ,     ,    ,      ,    5.0,   0.0,   1.0,     1.0,     2.0,        ,        ,        ,        ,        ,        ,      
watsoha01, 1954,     1, TOR , NHL , L  ,  8.0,  1.0,   1.0,   2.0,   0.0,      ,     ,     ,     ,     ,     ,    ,      ,       ,      ,      ,        ,        ,        ,        ,        ,        ,        ,        ,      
watsoha01, 1954,     2, CHI , NHL , L  , 43.0, 14.0,  16.0,  30.0,   4.0,      ,     ,     ,     ,     ,     ,    ,      ,       ,      ,      ,        ,        ,        ,        ,        ,        ,        ,        ,      
watsoha01, 1955,     1, CHI , NHL , L  , 55.0, 11.0,  14.0,  25.0,   6.0,      ,     ,     ,     ,     ,     ,    ,      ,       ,      ,      ,        ,        ,        ,        ,        ,        ,        ,        ,      
watsoha01, 1956,     1, CHI , NHL , L  , 70.0, 11.0,  19.0,  30.0,   9.0,      ,     ,     ,     ,     ,     ,    ,      ,       ,      ,      ,        ,        ,        ,        ,        ,        ,        ,        ,      
watsoji01, 1963,     1, DET , NHL , D  ,  1.0,  0.0,   0.0,   0.0,   0.0,      ,  0.0,     ,  0.0,     ,  0.0, 0.0,      ,       ,      ,      ,        ,        ,        ,        ,        ,        ,        ,        ,      
watsoji01, 1964,     1, DET , NHL , D  ,  1.0,  0.0,   0.0,   0.0,   2.0,      ,  0.0,     ,  0.0,     ,  0.0, 0.0,      ,       ,      ,      ,        ,        ,        ,        ,        ,        ,        ,        ,      
watsoji01, 1965,     1, DET , NHL , D  ,  2.0,  0.0,   0.0,   0.0,   4.0,      ,  0.0,     ,  0.0,     ,  0.0, 0.0,      ,       ,      ,      ,        ,        ,        ,        ,        ,        ,        ,        ,      
watsoji01, 1967,     1, DET , NHL , D  , 61.0,  0.0,   3.0,   3.0,  87.0, -20.0,  0.0,     ,  0.0,     ,  0.0, 0.0,  55.0,       ,      ,      ,        ,        ,        ,        ,        ,        ,        ,        ,      
watsoji01, 1968,     1, DET , NHL , D  ,  8.0,  0.0,   1.0,   1.0,   4.0, -3.0 ,  0.0,     ,  0.0,     ,  0.0, 0.0,   5.0,       ,      ,      ,        ,        ,        ,        ,        ,        ,        ,        ,      
watsoji01, 1969,     1, DET , NHL , D  ,  4.0,  0.0,   0.0,   0.0,   0.0, 0.0  ,  0.0,     ,  0.0,     ,  0.0, 0.0,   6.0,       ,      ,      ,        ,        ,        ,        ,        ,        ,        ,        ,      
watsoji01, 1970,     1, BUF , NHL , D  , 78.0,  2.0,   9.0,  11.0, 147.0, -28.0,  0.0,     ,  0.0,     ,  0.0, 1.0, 114.0,       ,      ,      ,        ,        ,        ,        ,        ,        ,        ,        ,      
watsoji01, 1971,     1, BUF , NHL , D  , 66.0,  2.0,   6.0,   8.0, 101.0, -33.0,  1.0,     ,  0.0,     ,  0.0, 1.0,  78.0,       ,      ,      ,        ,        ,        ,        ,        ,        ,        ,        ,      
watsoji01, 1972,     1, LAS , WHA , D  , 75.0,  5.0,  15.0,  20.0, 123.0,      ,  1.0,     ,  0.0,     ,     ,    ,      ,    4.0,   0.0,   1.0,     1.0,     2.0,        ,     0.0,        ,     0.0,        ,     0.0,      
watsoji01, 1973,     1, LAS , WHA , D  , 48.0,  0.0,   6.0,   6.0,  28.0,      ,  0.0,     ,  0.0,     ,  0.0,    ,      ,       ,      ,      ,        ,        ,        ,        ,        ,        ,        ,        ,      
watsoji01, 1973,     2, CHC , WHA , D  , 23.0,  0.0,   5.0,   5.0,  22.0,      ,  0.0,     ,  0.0,     ,  0.0,    ,      ,   18.0,   2.0,   3.0,     5.0,    18.0,        ,        ,        ,        ,        ,     0.0,      
watsoji01, 1974,     1, CHC , WHA , D  , 57.0,  2.0,   6.0,   8.0,  31.0, -8.0 ,  0.0,     ,  0.0,     ,     ,    ,  62.0,       ,      ,      ,        ,        ,        ,        ,        ,        ,        ,        ,      
watsoji01, 1975,     1, QUN , WHA , D  , 28.0,  0.0,   1.0,   1.0,  24.0, -21.0,  0.0,     ,  0.0,     ,  0.0,    ,  17.0,       ,      ,      ,        ,        ,        ,        ,        ,        ,        ,        ,      
watsoji02, 1972,     1, PHI , NHL , D  ,  4.0,  0.0,   1.0,   1.0,   5.0, -1.0 ,  0.0,     ,  0.0,     ,  0.0, 0.0,   4.0,    2.0,   0.0,   0.0,     0.0,     0.0,        ,     0.0,        ,     0.0,        ,     0.0,      
watsoji02, 1973,     1, PHI , NHL , D  , 78.0,  2.0,  18.0,  20.0,  44.0, 33.0 ,  1.0,     ,  0.0,     ,  1.0, 0.0, 113.0,   17.0,   1.0,   2.0,     3.0,    41.0,        ,     1.0,        ,     0.0,        ,     0.0,      
watsoji02, 1974,     1, PHI , NHL , D  , 68.0,  7.0,  18.0,  25.0,  72.0, 41.0 ,  1.0,     ,  0.0,     ,  2.0, 0.0, 113.0,   17.0,   1.0,   8.0,     9.0,    10.0,        ,     0.0,        ,     0.0,        ,     0.0,      
watsoji02, 1975,     1, PHI , NHL , D  , 79.0,  2.0,  34.0,  36.0,  66.0, 65.0 ,  0.0,     ,  0.0,     ,  0.0, 0.0,  89.0,   16.0,   1.0,   8.0,     9.0,     6.0,        ,     0.0,        ,     0.0,        ,     0.0,      
watsoji02, 1976,     1, PHI , NHL , D  , 71.0,  3.0,  23.0,  26.0,  35.0, 34.0 ,  0.0,     ,  0.0,     ,  0.0, 1.0,  72.0,   10.0,   1.0,   2.0,     3.0,     2.0,        ,     0.0,        ,     0.0,        ,     1.0,      
watsoji02, 1977,     1, PHI , NHL , D  , 71.0,  5.0,  12.0,  17.0,  62.0, 33.0 ,  0.0,     ,  0.0,     ,  0.0, 0.0, 112.0,   12.0,   1.0,   7.0,     8.0,     6.0,        ,     0.0,        ,     0.0,        ,     0.0,      
watsoji02, 1978,     1, PHI , NHL , D  , 77.0,  9.0,  13.0,  22.0,  52.0, 11.0 ,  0.0,     ,  2.0,     ,  0.0, 0.0, 112.0,    8.0,   0.0,   2.0,     2.0,     2.0,        ,     0.0,        ,     0.0,        ,     0.0,      
watsoji02, 1979,     1, PHI , NHL , D  , 71.0,  5.0,  18.0,  23.0,  51.0, 53.0 ,  0.0,     ,  1.0,     ,  1.0, 0.0,  99.0,   15.0,   0.0,   4.0,     4.0,    20.0,        ,     0.0,        ,     0.0,        ,     0.0,      
watsoji02, 1980,     1, PHI , NHL , D  , 18.0,  2.0,   2.0,   4.0,   6.0, 14.0 ,  1.0,     ,  0.0,     ,  0.0, 0.0,  14.0,       ,      ,      ,        ,        ,        ,        ,        ,        ,        ,        ,      
watsoji02, 1981,     1, PHI , NHL , D  , 76.0,  3.0,   9.0,  12.0,  99.0, 12.0 ,  0.0,     ,  0.0,     ,  1.0, 0.0,  67.0,    4.0,   0.0,   1.0,     1.0,     2.0,        ,     0.0,        ,     0.0,        ,     0.0,      
watsojo01, 1964,     1, BOS , NHL , D  ,  4.0,  0.0,   1.0,   1.0,   0.0,      ,  0.0,     ,  0.0,     ,  0.0, 0.0,      ,       ,      ,      ,        ,        ,        ,        ,        ,        ,        ,        ,      
watsojo01, 1966,     1, BOS , NHL , D  , 69.0,  2.0,  13.0,  15.0,  38.0,      ,  1.0,     ,  0.0,     ,  0.0, 0.0,      ,       ,      ,      ,        ,        ,        ,        ,        ,        ,        ,        ,      
watsojo01, 1967,     1, PHI , NHL , D  , 73.0,  5.0,  14.0,  19.0,  56.0, 12.0 ,  1.0,     ,  0.0,     ,  1.0, 0.0,  91.0,    7.0,   1.0,   1.0,     2.0,    28.0,        ,     0.0,        ,     0.0,        ,     0.0,      
watsojo01, 1968,     1, PHI , NHL , D  , 60.0,  2.0,   8.0,  10.0,  14.0, -21.0,  0.0,     ,  0.0,     ,  0.0, 1.0,  82.0,    4.0,   0.0,   0.0,     0.0,     0.0,        ,     0.0,        ,     0.0,        ,     0.0,      
watsojo01, 1969,     1, PHI , NHL , D  , 54.0,  3.0,  11.0,  14.0,  28.0, 0.0  ,  1.0,     ,  0.0,     ,  0.0, 1.0, 102.0,       ,      ,      ,        ,        ,        ,        ,        ,        ,        ,        ,      
watsojo01, 1970,     1, PHI , NHL , D  , 57.0,  3.0,   7.0,  10.0,  50.0, 9.0  ,  0.0,     ,  0.0,     ,  0.0, 0.0,  61.0,    1.0,   0.0,   0.0,     0.0,     0.0,        ,     0.0,        ,     0.0,        ,     0.0,      
watsojo01, 1971,     1, PHI , NHL , D  , 65.0,  3.0,   7.0,  10.0,  38.0, -17.0,  0.0,     ,  0.0,     ,  1.0, 1.0, 110.0,       ,      ,      ,        ,        ,        ,        ,        ,        ,        ,        ,      
watsojo01, 1972,     1, PHI , NHL , D  , 63.0,  2.0,  24.0,  26.0,  46.0, 30.0 ,  0.0,     ,  0.0,     ,  1.0, 0.0,  72.0,   11.0,   0.0,   2.0,     2.0,    12.0,        ,     0.0,        ,     0.0,        ,     0.0,      
watsojo01, 1973,     1, PHI , NHL , D  , 74.0,  1.0,  17.0,  18.0,  34.0, 28.0 ,  0.0,     ,  0.0,     ,  0.0, 0.0,  75.0,   17.0,   1.0,   4.0,     5.0,    24.0,        ,     0.0,        ,     0.0,        ,     0.0,      
watsojo01, 1974,     1, PHI , NHL , D  , 80.0,  6.0,  17.0,  23.0,  42.0, 42.0 ,  0.0,     ,  0.0,     ,  0.0, 0.0, 115.0,   17.0,   0.0,   4.0,     4.0,     6.0,        ,     0.0,        ,     0.0,        ,     0.0,      
watsojo01, 1975,     1, PHI , NHL , D  , 78.0,  2.0,  22.0,  24.0,  28.0, 56.0 ,  0.0,     ,  0.0,     ,  2.0, 0.0,  88.0,   16.0,   1.0,   1.0,     2.0,    10.0,        ,     0.0,        ,     0.0,        ,     0.0,      
watsojo01, 1976,     1, PHI , NHL , D  , 77.0,  4.0,  26.0,  30.0,  39.0, 29.0 ,  0.0,     ,  0.0,     ,  1.0, 0.0, 101.0,   10.0,   0.0,   0.0,     0.0,     2.0,        ,     0.0,        ,     0.0,        ,     0.0,      
watsojo01, 1977,     1, PHI , NHL , D  , 65.0,  5.0,   9.0,  14.0,  22.0, 23.0 ,  0.0,     ,  0.0,     ,  1.0, 0.0,  68.0,    1.0,   0.0,   0.0,     0.0,     0.0,        ,     0.0,        ,     0.0,        ,     0.0,      
watsojo01, 1978,     1, COR , NHL , D  , 16.0,  0.0,   2.0,   2.0,  12.0, -13.0,  0.0,     ,  0.0,     ,  0.0, 0.0,  20.0,       ,      ,      ,        ,        ,        ,        ,        ,        ,        ,        ,      
watsoph01, 1935,     1, NYR , NHL , C  , 24.0,  0.0,   2.0,   2.0,  24.0,      ,     ,     ,     ,     ,     ,    ,      ,       ,      ,      ,        ,        ,        ,        ,        ,        ,        ,        ,      
watsoph01, 1936,     1, NYR , NHL , C  , 48.0, 11.0,  17.0,  28.0,  22.0,      ,     ,     ,     ,     ,     ,    ,      ,    9.0,   0.0,   2.0,     2.0,     9.0,        ,        ,        ,        ,        ,        ,      
watsoph01, 1937,     1, NYR , NHL , C  , 48.0,  7.0,  25.0,  32.0,  52.0,      ,     ,     ,     ,     ,     ,    ,      ,    3.0,   0.0,   2.0,     2.0,     0.0,        ,        ,        ,        ,        ,        ,      
watsoph01, 1938,     1, NYR , NHL , C  , 48.0, 15.0,  22.0,  37.0,  42.0,      ,     ,     ,     ,     ,     ,    ,      ,    7.0,   1.0,   1.0,     2.0,     7.0,        ,        ,        ,        ,        ,        ,      
watsoph01, 1939,     1, NYR , NHL , C  , 48.0,  7.0,  28.0,  35.0,  42.0,      ,     ,     ,     ,     ,     ,    ,      ,   12.0,   3.0,   6.0,     9.0,    16.0,        ,        ,        ,        ,        ,        ,      
watsoph01, 1940,     1, NYR , NHL , C  , 40.0, 11.0,  25.0,  36.0,  49.0,      ,     ,     ,     ,     ,     ,    ,      ,    3.0,   0.0,   2.0,     2.0,     9.0,        ,        ,        ,        ,        ,        ,      
watsoph01, 1941,     1, NYR , NHL , C  , 48.0, 15.0,  37.0,  52.0,  58.0,      ,     ,     ,     ,     ,     ,    ,      ,    6.0,   1.0,   4.0,     5.0,     8.0,        ,        ,        ,        ,        ,        ,      
watsoph01, 1942,     1, NYR , NHL , C  , 46.0, 14.0,  28.0,  42.0,  44.0,      ,     ,     ,     ,     ,     ,    ,      ,       ,      ,      ,        ,        ,        ,        ,        ,        ,        ,        ,      
watsoph01, 1943,     1, MTL , NHL , R  , 44.0, 17.0,  32.0,  49.0,  61.0,      ,     ,     ,     ,     ,     ,    ,      ,    9.0,   3.0,   5.0,     8.0,    16.0,        ,        ,        ,        ,        ,        ,      
watsoph01, 1944,     1, NYR , NHL , C  , 45.0, 11.0,   8.0,  19.0,  24.0,      ,     ,     ,     ,     ,     ,    ,      ,       ,      ,      ,        ,        ,        ,        ,        ,        ,        ,        ,      
watsoph01, 1945,     1, NYR , NHL , C  , 49.0, 12.0,  14.0,  26.0,  43.0,      ,     ,     ,     ,     ,     ,    ,      ,       ,      ,      ,        ,        ,        ,        ,        ,        ,        ,        ,      
watsoph01, 1946,     1, NYR , NHL , C  , 48.0,  6.0,  12.0,  18.0,  17.0,      ,     ,     ,     ,     ,     ,    ,      ,       ,      ,      ,        ,        ,        ,        ,        ,        ,        ,        ,      
watsoph01, 1947,     1, NYR , NHL , L  , 54.0, 18.0,  15.0,  33.0,  54.0,      ,     ,     ,     ,     ,     ,    ,      ,    5.0,   2.0,   3.0,     5.0,     2.0,        ,        ,        ,        ,        ,        ,      
watteti01, 1981,     1, WIN , NHL , D  , 69.0,  2.0,  22.0,  24.0,  97.0, 14.0 ,  0.0,     ,  0.0,     ,  0.0, 0.0,  66.0,    4.0,   0.0,   1.0,     1.0,     8.0,        ,     0.0,        ,     0.0,        ,     0.0,      
watteti01, 1982,     1, WIN , NHL , D  , 77.0,  5.0,  18.0,  23.0,  98.0, -10.0,  2.0,     ,  0.0,     ,  1.0, 0.0,  57.0,    3.0,   0.0,   0.0,     0.0,     2.0,        ,     0.0,        ,     0.0,        ,     0.0,      
watteti01, 1983,     1, WIN , NHL , D  , 74.0,  3.0,  20.0,  23.0, 169.0, 7.0  ,  1.0,     ,  0.0,     ,  1.0, 0.0,  66.0,    3.0,   1.0,   0.0,     1.0,     2.0, -6.0   ,     0.0,        ,     0.0,        ,     0.0,     6.0
watteti01, 1984,     1, WIN , NHL , D  , 63.0,  2.0,  20.0,  22.0,  74.0, 20.0 ,  0.0,     ,  0.0,     ,  1.0, 0.0,  54.0,    8.0,   0.0,   1.0,     1.0,    16.0, -2.0   ,     0.0,        ,     0.0,        ,     0.0,     4.0
watteti01, 1985,     1, WIN , NHL , D  , 56.0,  6.0,   8.0,  14.0,  97.0, -10.0,  0.0,     ,  0.0,     ,  0.0, 0.0,  37.0,       ,      ,      ,        ,        ,        ,        ,        ,        ,        ,        ,      
watteti01, 1986,     1, WIN , NHL , D  , 63.0,  3.0,  13.0,  16.0, 119.0, 5.0  ,  0.0,     ,  0.0,     ,  0.0, 0.0,  44.0,   10.0,   0.0,   0.0,     0.0,    21.0, -4.0   ,     0.0,        ,     0.0,        ,     0.0,     2.0
watteti01, 1987,     1, WIN , NHL , D  , 36.0,  0.0,   0.0,   0.0, 106.0, -12.0,  0.0,  0.0,  0.0,  0.0,  0.0, 0.0,  21.0,    4.0,   0.0,   0.0,     0.0,     4.0, -2.0   ,     0.0,     0.0,     0.0,     0.0,     0.0,     1.0
watteti01, 1988,     1, LAK , NHL , D  , 76.0,  3.0,  18.0,  21.0, 168.0, 17.0 ,  0.0,  1.0,  0.0,  1.0,  0.0, 0.0,  62.0,   11.0,   0.0,   1.0,     1.0,     6.0, 1.0    ,     0.0,     0.0,     0.0,     0.0,     0.0,     7.0
watteti01, 1989,     1, LAK , NHL , D  , 62.0,  1.0,  10.0,  11.0,  92.0, 23.0 ,  0.0,  1.0,  0.0,  0.0,  0.0, 0.0,  50.0,    4.0,   0.0,   0.0,     0.0,     6.0, 4.0    ,     0.0,     0.0,     0.0,     0.0,     0.0,     0.0
watteti01, 1990,     1, LAK , NHL , D  , 45.0,  0.0,   4.0,   4.0,  92.0, 7.0  ,  0.0,  0.0,  0.0,  0.0,  0.0, 0.0,  29.0,    7.0,   0.0,   0.0,     0.0,    12.0, -4.0   ,     0.0,     0.0,     0.0,     0.0,     0.0,     4.0
watteti01, 1991,     1, LAK , NHL , D  , 37.0,  0.0,   7.0,   7.0,  92.0, -2.0 ,  0.0,  0.0,  0.0,  1.0,  0.0, 0.0,  29.0,    6.0,   0.0,   0.0,     0.0,     8.0, 0.0    ,     0.0,     0.0,     0.0,     0.0,     0.0,     3.0
watteti01, 1992,     1, LAK , NHL , D  , 22.0,  0.0,   2.0,   2.0,  18.0, -3.0 ,  0.0,  0.0,  0.0,  0.0,  0.0, 0.0,   8.0,   22.0,   0.0,   2.0,     2.0,    30.0, -3.0   ,     0.0,     0.0,     0.0,     1.0,     0.0,     9.0
watteti01, 1993,     1, LAK , NHL , D  , 60.0,  1.0,   9.0,  10.0,  67.0, -11.0,  0.0,  0.0,  1.0,  1.0,  0.0, 0.0,  38.0,       ,      ,      ,        ,        ,        ,        ,        ,        ,        ,        ,      
watteti01, 1994,     1, LAK , NHL , D  ,  1.0,  0.0,   0.0,   0.0,   0.0, 1.0  ,  0.0,  0.0,  0.0,  0.0,  0.0, 0.0,   1.0,       ,      ,      ,        ,        ,        ,        ,        ,        ,        ,        ,      
wattji01 , 1973,     1, STL , NHL , G  ,  1.0,  0.0,   0.0,   0.0,   0.0, 0.0  ,  0.0,     ,  0.0,     ,  0.0, 0.0,   0.0,       ,      ,      ,        ,        ,        ,        ,        ,        ,        ,        ,      
wattmi01 , 1997,     1, EDM , NHL , C  , 14.0,  1.0,   2.0,   3.0,   4.0, -4.0 ,  0.0,  1.0,  0.0,  0.0,  1.0, 0.0,  14.0,       ,      ,      ,        ,        ,        ,        ,        ,        ,        ,        ,      
wattmi01 , 1998,     1, NYI , NHL , L  , 75.0,  8.0,  17.0,  25.0,  12.0, -2.0 ,  0.0,  1.0,  0.0,  0.0,  4.0, 0.0,  75.0,       ,      ,      ,        ,        ,        ,        ,        ,        ,        ,        ,      
wattmi01 , 1999,     1, NYI , NHL , L  , 45.0,  5.0,   6.0,  11.0,  17.0, -8.0 ,  0.0,  0.0,  1.0,  0.0,  0.0, 0.0,  49.0,       ,      ,      ,        ,        ,        ,        ,        ,        ,        ,        ,      
wattmi01 , 2000,     1, NAS , NHL , R  , 18.0,  1.0,   1.0,   2.0,   8.0, -2.0 ,  0.0,  0.0,  0.0,  0.0,  1.0, 0.0,  18.0,       ,      ,      ,        ,        ,        ,        ,        ,        ,        ,        ,      
wattmi01 , 2002,     1, CAR , NHL , L  ,  5.0,  0.0,   0.0,   0.0,   0.0, -1.0 ,  0.0,  0.0,  0.0,  0.0,  0.0, 0.0,   2.0,       ,      ,      ,        ,        ,        ,        ,        ,        ,        ,        ,      
wattsbr01, 1975,     1, DET , NHL , L  ,  4.0,  0.0,   0.0,   0.0,   0.0, 0.0  ,  0.0,     ,  0.0,     ,  0.0, 0.0,   0.0,       ,      ,      ,        ,        ,        ,        ,        ,        ,        ,        ,      
weavemi01, 2001,     1, ATL , NHL , D  , 16.0,  0.0,   1.0,   1.0,  10.0, 0.0  ,  0.0,  0.0,  0.0,  0.0,  0.0, 0.0,   9.0,       ,      ,      ,        ,        ,        ,        ,        ,        ,        ,        ,      
weavemi01, 2002,     1, ATL , NHL , D  , 40.0,  0.0,   5.0,   5.0,  20.0, -5.0 ,  0.0,  0.0,  0.0,  0.0,  0.0, 0.0,  21.0,       ,      ,      ,        ,        ,        ,        ,        ,        ,        ,        ,      
weavemi01, 2003,     1, ATL , NHL , D  ,  1.0,  0.0,   0.0,   0.0,   0.0, -1.0 ,  0.0,  0.0,  0.0,  0.0,  0.0, 0.0,   0.0,       ,      ,      ,        ,        ,        ,        ,        ,        ,        ,        ,      
weavemi01, 2005,     1, LAK , NHL , D  , 53.0,  0.0,   9.0,   9.0,  14.0, -3.0 ,  0.0,  0.0,  0.0,  0.0,  0.0,    ,  21.0,       ,      ,      ,        ,        ,        ,        ,        ,        ,        ,        ,      
weavemi01, 2006,     1, LAK , NHL , D  , 39.0,  3.0,   6.0,   9.0,  16.0, -4.0 ,  1.0,  0.0,  0.0,  0.0,  1.0,    ,  22.0,       ,      ,      ,        ,        ,        ,        ,        ,        ,        ,        ,      
weavemi01, 2007,     1, VAN , NHL , D  , 55.0,  0.0,   1.0,   1.0,  33.0, 1.0  ,  0.0,  0.0,  0.0,  0.0,  0.0,    ,  33.0,       ,      ,      ,        ,        ,        ,        ,        ,        ,        ,        ,      
weavemi01, 2008,     1, STL , NHL , D  , 58.0,  0.0,   7.0,   7.0,  12.0, -3.0 ,  0.0,  0.0,  0.0,  2.0,  0.0,    ,  36.0,    4.0,   0.0,   0.0,     0.0,     0.0, 1.0    ,     0.0,     0.0,     0.0,     0.0,     0.0,     2.0
weavemi01, 2009,     1, STL , NHL , D  , 77.0,  1.0,   9.0,  10.0,  29.0, 10.0 ,  0.0,  0.0,  0.0,  0.0,  0.0,    ,  33.0,       ,      ,      ,        ,        ,        ,        ,        ,        ,        ,        ,      
webbst01 , 1996,     1, NYI , NHL , R  , 41.0,  1.0,   4.0,   5.0, 144.0, -10.0,  1.0,  1.0,  0.0,  0.0,  0.0, 0.0,  21.0,       ,      ,      ,        ,        ,        ,        ,        ,        ,        ,        ,      
webbst01 , 1997,     1, NYI , NHL , R  , 20.0,  0.0,   0.0,   0.0,  35.0, -2.0 ,  0.0,  0.0,  0.0,  0.0,  0.0, 0.0,   6.0,       ,      ,      ,        ,        ,        ,        ,        ,        ,        ,        ,      
webbst01 , 1998,     1, NYI , NHL , R  , 45.0,  0.0,   0.0,   0.0,  32.0, -10.0,  0.0,  0.0,  0.0,  0.0,  0.0, 0.0,  18.0,       ,      ,      ,        ,        ,        ,        ,        ,        ,        ,        ,      
webbst01 , 1999,     1, NYI , NHL , R  , 65.0,  1.0,   3.0,   4.0, 103.0, -4.0 ,  0.0,  0.0,  0.0,  0.0,  0.0, 0.0,  27.0,       ,      ,      ,        ,        ,        ,        ,        ,        ,        ,        ,      
webbst01 , 2000,     1, NYI , NHL , C  , 31.0,  0.0,   2.0,   2.0,  35.0, 1.0  ,  0.0,  0.0,  0.0,  0.0,  0.0, 0.0,   8.0,       ,      ,      ,        ,        ,        ,        ,        ,        ,        ,        ,      
webbst01 , 2001,     1, NYI , NHL , R  , 60.0,  2.0,   4.0,   6.0, 104.0, 0.0  ,  0.0,  0.0,  0.0,  0.0,  0.0, 0.0,  31.0,    7.0,   0.0,   0.0,     0.0,    12.0, 1.0    ,     0.0,     0.0,     0.0,     0.0,     0.0,     3.0
webbst01 , 2002,     1, NYI , NHL , R  , 49.0,  1.0,   0.0,   1.0,  75.0, -5.0 ,  0.0,  0.0,  0.0,  0.0,  0.0, 0.0,  27.0,    5.0,   0.0,   0.0,     0.0,    10.0, -2.0   ,     0.0,     0.0,     0.0,     0.0,     0.0,     3.0
webbst01 , 2003,     1, PIT , NHL , R  ,  5.0,  0.0,   0.0,   0.0,   2.0, -3.0 ,  0.0,  0.0,  0.0,  0.0,  0.0, 0.0,   3.0,       ,      ,      ,        ,        ,        ,        ,        ,        ,        ,        ,      
webbst01 , 2003,     2, NYI , NHL , R  ,  5.0,  0.0,   0.0,   0.0,   2.0, -1.0 ,  0.0,  0.0,  0.0,  0.0,  0.0, 0.0,   0.0,    2.0,   0.0,   0.0,     0.0,     6.0, -1.0   ,     0.0,     0.0,     0.0,     0.0,     0.0,     1.0
webermi01, 2007,     1, BUF , NHL , D  , 16.0,  0.0,   3.0,   3.0,  14.0, 12.0 ,  0.0,  0.0,  0.0,  0.0,  0.0,    ,  12.0,       ,      ,      ,        ,        ,        ,        ,        ,        ,        ,        ,      
webermi01, 2008,     1, BUF , NHL , D  ,  7.0,  0.0,   0.0,   0.0,  19.0, -3.0 ,  0.0,  0.0,  0.0,  0.0,  0.0,    ,   2.0,       ,      ,      ,        ,        ,        ,        ,        ,        ,        ,        ,      
webersh01, 2005,     1, NAS , NHL , D  , 28.0,  2.0,   8.0,  10.0,  42.0, 8.0  ,  2.0,  4.0,  0.0,  0.0,  1.0,    ,  46.0,    4.0,   2.0,   0.0,     2.0,     8.0, -3.0   ,     1.0,     0.0,     0.0,     0.0,     0.0,     4.0
webersh01, 2006,     1, NAS , NHL , D  , 79.0, 17.0,  23.0,  40.0,  60.0, 13.0 ,  6.0,  8.0,  0.0,  1.0,  2.0,    , 152.0,    5.0,   0.0,   3.0,     3.0,     2.0, 0.0    ,     0.0,     1.0,     0.0,     0.0,     0.0,    14.0
webersh01, 2007,     1, NAS , NHL , D  , 54.0,  6.0,  14.0,  20.0,  49.0, -6.0 ,  5.0,  5.0,  0.0,  0.0,  2.0,    , 152.0,    6.0,   1.0,   3.0,     4.0,     6.0, 0.0    ,     0.0,     0.0,     0.0,     0.0,     0.0,     4.0
webersh01, 2008,     1, NAS , NHL , D  , 81.0, 23.0,  30.0,  53.0,  80.0, 1.0  , 10.0,  9.0,  1.0,  1.0,  4.0,    , 251.0,       ,      ,      ,        ,        ,        ,        ,        ,        ,        ,        ,      
webersh01, 2009,     1, NAS , NHL , D  , 78.0, 16.0,  27.0,  43.0,  36.0, 0.0  ,  7.0, 13.0,  0.0,  0.0,  3.0,    , 222.0,    6.0,   2.0,   1.0,     3.0,     4.0, -1.0   ,     0.0,     1.0,     0.0,     0.0,     0.0,    14.0
weberya01, 2008,     1, MTL , NHL , D  ,  3.0,  0.0,   1.0,   1.0,   2.0, -1.0 ,  0.0,  1.0,  0.0,  0.0,  0.0,    ,   6.0,    3.0,   1.0,   1.0,     2.0,     0.0, 0.0    ,     0.0,     0.0,     0.0,     0.0,     0.0,     3.0
weberya01, 2009,     1, MTL , NHL , D  ,  5.0,  0.0,   0.0,   0.0,   4.0, -5.0 ,  0.0,  0.0,  0.0,  0.0,  0.0,    ,   2.0,       ,      ,      ,        ,        ,        ,        ,        ,        ,        ,        ,      
webstau01, 1930,     1, PHQ , NHL , F  ,  1.0,  0.0,   0.0,   0.0,   0.0,      ,     ,     ,     ,     ,     ,    ,      ,       ,      ,      ,        ,        ,        ,        ,        ,        ,        ,        ,      
webstau01, 1934,     1, MTM , NHL , F  ,  4.0,  0.0,   0.0,   0.0,   0.0,      ,     ,     ,     ,     ,     ,    ,      ,       ,      ,      ,        ,        ,        ,        ,        ,        ,        ,        ,      
webstdo01, 1943,     1, TOR , NHL , L  , 27.0,  7.0,   6.0,  13.0,  28.0,      ,     ,     ,     ,     ,     ,    ,      ,    5.0,   0.0,   0.0,     0.0,    12.0,        ,        ,        ,        ,        ,        ,      
webstjo01, 1949,     1, NYR , NHL , C  , 14.0,  0.0,   0.0,   0.0,   4.0,      ,     ,     ,     ,     ,     ,    ,      ,       ,      ,      ,        ,        ,        ,        ,        ,        ,        ,        ,      
webstto01, 1968,     1, BOS , NHL , R  ,  9.0,  0.0,   2.0,   2.0,   9.0, -1.0 ,  0.0,     ,  0.0,     ,  0.0, 0.0,   9.0,    1.0,   0.0,   0.0,     0.0,     0.0,        ,     0.0,        ,     0.0,        ,     0.0,      
webstto01, 1969,     1, BOS , NHL , R  ,  2.0,  0.0,   1.0,   1.0,   2.0, -1.0 ,  0.0,     ,  0.0,     ,  0.0, 0.0,   4.0,       ,      ,      ,        ,        ,        ,        ,        ,        ,        ,        ,      
webstto01, 1970,     1, DET , NHL , R  , 78.0, 30.0,  37.0,  67.0,  40.0, -47.0,  7.0,     ,  0.0,     ,  5.0, 1.0, 183.0,       ,      ,      ,        ,        ,        ,        ,        ,        ,        ,        ,      
webstto01, 1971,     1, DET , NHL , R  ,  5.0,  1.0,   1.0,   2.0,   4.0, -5.0 ,  1.0,     ,  0.0,     ,  0.0, 0.0,   7.0,       ,      ,      ,        ,        ,        ,        ,        ,        ,        ,        ,      
webstto01, 1971,     2, CLF , NHL , R  ,  7.0,  2.0,   1.0,   3.0,   6.0, 1.0  ,  0.0,     ,  0.0,     ,  0.0, 0.0,   6.0,       ,      ,      ,        ,        ,        ,        ,        ,        ,        ,        ,      
webstto01, 1972,     1, NEW , WHA , R  , 77.0, 53.0,  50.0, 103.0,  89.0,      , 12.0,     ,  0.0,     ,  6.0,    ,      ,   15.0,  12.0,  14.0,    26.0,     6.0,        ,     3.0,        ,     0.0,        ,     0.0,      
webstto01, 1973,     1, NEW , WHA , R  , 64.0, 43.0,  27.0,  70.0,  28.0,      ,  6.0,     ,  0.0,     ,  5.0,    ,      ,    3.0,   5.0,   0.0,     5.0,     7.0,        ,        ,        ,        ,        ,     0.0,      
webstto01, 1974,     1, NEW , WHA , R  , 66.0, 40.0,  24.0,  64.0,  52.0, 1.0  ,  7.0,     ,  0.0,     ,     ,    , 212.0,    3.0,   0.0,   2.0,     2.0,     0.0,        ,     0.0,        ,     0.0,        ,     0.0,      
webstto01, 1975,     1, NEW , WHA , R  , 55.0, 33.0,  50.0,  83.0,  24.0, 14.0 ,  9.0,     ,  0.0,     , 11.0,    , 195.0,   17.0,  10.0,   9.0,    19.0,     6.0, 3.0    ,        ,        ,        ,        ,        ,      
webstto01, 1976,     1, NEW , WHA , R  , 70.0, 36.0,  49.0,  85.0,  43.0, 18.0 , 11.0,     ,  0.0,     ,  5.0,    , 188.0,    5.0,   1.0,   1.0,     2.0,     0.0, -5.0   ,        ,        ,        ,        ,     0.0,      
webstto01, 1977,     1, NEW , WHA , R  , 20.0, 15.0,   5.0,  20.0,   5.0, 8.0  ,  5.0,     ,  0.0,     ,     ,    ,  70.0,       ,      ,      ,        ,        ,        ,        ,        ,        ,        ,        ,      
webstto01, 1979,     1, DET , NHL , R  ,  1.0,  0.0,   0.0,   0.0,   0.0, 0.0  ,  0.0,     ,  0.0,     ,  0.0, 0.0,   1.0,       ,      ,      ,        ,        ,        ,        ,        ,        ,        ,        ,      
weekeke01, 1997,     1, FLO , NHL , G  , 11.0,  0.0,   0.0,   0.0,   0.0, 0.0  ,  0.0,  0.0,  0.0,  0.0,  0.0, 0.0,   0.0,       ,      ,      ,        ,        ,        ,        ,        ,        ,        ,        ,      
weekeke01, 1998,     1, VAN , NHL , G  , 11.0,  0.0,   0.0,   0.0,   0.0, 0.0  ,  0.0,  0.0,  0.0,  0.0,  0.0, 0.0,   0.0,       ,      ,      ,        ,        ,        ,        ,        ,        ,        ,        ,      
weekeke01, 1999,     1, VAN , NHL , G  , 20.0,  0.0,   0.0,   0.0,   0.0, 0.0  ,  0.0,  0.0,  0.0,  0.0,  0.0, 0.0,   0.0,       ,      ,      ,        ,        ,        ,        ,        ,        ,        ,        ,      
weekeke01, 1999,     2, NYI , NHL , G  , 36.0,  0.0,   1.0,   1.0,   0.0, 0.0  ,  0.0,  0.0,  0.0,  0.0,  0.0, 0.0,   1.0,       ,      ,      ,        ,        ,        ,        ,        ,        ,        ,        ,      
weekeke01, 2000,     1, TBL , NHL , G  , 61.0,  0.0,   1.0,   1.0,   4.0, 0.0  ,  0.0,  1.0,  0.0,  0.0,  0.0, 0.0,   0.0,       ,      ,      ,        ,        ,        ,        ,        ,        ,        ,        ,      
weekeke01, 2001,     1, TBL , NHL , G  , 19.0,  0.0,   0.0,   0.0,   0.0, 0.0  ,  0.0,  0.0,  0.0,  0.0,  0.0, 0.0,   0.0,       ,      ,      ,        ,        ,        ,        ,        ,        ,        ,        ,      
weekeke01, 2001,     2, CAR , NHL , G  ,  2.0,  0.0,   0.0,   0.0,   0.0, 0.0  ,  0.0,  0.0,  0.0,  0.0,  0.0, 0.0,   0.0,    8.0,   0.0,   0.0,     0.0,     0.0, 0.0    ,     0.0,     0.0,     0.0,     0.0,     0.0,     0.0
weekeke01, 2002,     1, CAR , NHL , G  , 51.0,  0.0,   0.0,   0.0,   2.0, 0.0  ,  0.0,  0.0,  0.0,  0.0,  0.0, 0.0,   0.0,       ,      ,      ,        ,        ,        ,        ,        ,        ,        ,        ,      
weekeke01, 2003,     1, CAR , NHL , G  , 66.0,  0.0,   0.0,   0.0,   6.0, 0.0  ,  0.0,  0.0,  0.0,  0.0,  0.0, 0.0,   0.0,       ,      ,      ,        ,        ,        ,        ,        ,        ,        ,        ,      
weekeke01, 2005,     1, NYR , NHL , G  , 32.0,  0.0,   1.0,   1.0,   4.0, 0.0  ,  0.0,  0.0,  0.0,  0.0,  0.0,    ,   0.0,    1.0,   0.0,   0.0,     0.0,     2.0, 0.0    ,     0.0,     0.0,     0.0,     0.0,     0.0,     0.0
weekeke01, 2006,     1, NYR , NHL , G  , 14.0,  0.0,   0.0,   0.0,   0.0, 0.0  ,  0.0,  0.0,  0.0,  0.0,  0.0,    ,   0.0,       ,      ,      ,        ,        ,        ,        ,        ,        ,        ,        ,      
weekeke01, 2007,     1, NJD , NHL , G  ,  9.0,  0.0,   0.0,   0.0,   2.0, 0.0  ,  0.0,  0.0,  0.0,  0.0,  0.0,    ,   0.0,       ,      ,      ,        ,        ,        ,        ,        ,        ,        ,        ,      
weekeke01, 2008,     1, NJD , NHL , G  , 16.0,  0.0,   0.0,   0.0,   0.0, 0.0  ,  0.0,  0.0,  0.0,  0.0,  0.0,    ,   0.0,       ,      ,      ,        ,        ,        ,        ,        ,        ,        ,        ,      
weeksst01, 1980,     1, NYR , NHL , G  ,  1.0,  0.0,   0.0,   0.0,   0.0, 0.0  ,  0.0,     ,  0.0,     ,  0.0, 0.0,   0.0,    1.0,   0.0,   0.0,     0.0,     0.0,        ,     0.0,        ,     0.0,        ,     0.0,      
weeksst01, 1981,     1, NYR , NHL , G  , 49.0,  0.0,   3.0,   3.0,   0.0, 0.0  ,  0.0,     ,  0.0,     ,  0.0, 0.0,   0.0,    4.0,   0.0,   0.0,     0.0,     5.0,        ,     0.0,        ,     0.0,        ,     0.0,      
weeksst01, 1982,     1, NYR , NHL , G  , 18.0,  0.0,   2.0,   2.0,   0.0, 0.0  ,  0.0,     ,  0.0,     ,  0.0, 0.0,   0.0,       ,      ,      ,        ,        ,        ,        ,        ,        ,        ,        ,      
weeksst01, 1983,     1, NYR , NHL , G  , 26.0,  0.0,   0.0,   0.0,   4.0, 0.0  ,  0.0,     ,  0.0,     ,  0.0, 0.0,   0.0,       ,      ,      ,        ,        ,        ,        ,        ,        ,        ,        ,      
weeksst01, 1984,     1, HAR , NHL , G  , 23.0,  0.0,   0.0,   0.0,   0.0, 0.0  ,  0.0,     ,  0.0,     ,  0.0, 0.0,   0.0,       ,      ,      ,        ,        ,        ,        ,        ,        ,        ,        ,      
weeksst01, 1985,     1, HAR , NHL , G  , 27.0,  0.0,   1.0,   1.0,   9.0, 0.0  ,  0.0,     ,  0.0,     ,  0.0, 0.0,   0.0,    3.0,   0.0,   0.0,     0.0,     0.0, 0.0    ,     0.0,        ,     0.0,        ,     0.0,     0.0
weeksst01, 1986,     1, HAR , NHL , G  , 25.0,  0.0,   0.0,   0.0,   0.0, 0.0  ,  0.0,     ,  0.0,     ,  0.0, 0.0,   0.0,    1.0,   0.0,   0.0,     0.0,     0.0, 0.0    ,     0.0,        ,     0.0,        ,     0.0,     0.0
weeksst01, 1987,     1, HAR , NHL , G  , 18.0,  0.0,   0.0,   0.0,   2.0, 0.0  ,  0.0,  0.0,  0.0,  0.0,  0.0, 0.0,   0.0,       ,      ,      ,        ,        ,        ,        ,        ,        ,        ,        ,      
weeksst01, 1987,     2, VAN , NHL , G  ,  9.0,  0.0,   0.0,   0.0,   0.0, 0.0  ,  0.0,  0.0,  0.0,  0.0,  0.0, 0.0,   0.0,       ,      ,      ,        ,        ,        ,        ,        ,        ,        ,        ,      
weeksst01, 1988,     1, VAN , NHL , G  , 35.0,  0.0,   0.0,   0.0,   4.0, 0.0  ,  0.0,  0.0,  0.0,  0.0,  0.0, 0.0,   0.0,    3.0,   0.0,   0.0,     0.0,     2.0, 0.0    ,     0.0,     0.0,     0.0,     0.0,     0.0,     0.0
weeksst01, 1989,     1, VAN , NHL , G  , 21.0,  0.0,   0.0,   0.0,   0.0, 0.0  ,  0.0,  0.0,  0.0,  0.0,  0.0, 0.0,   0.0,       ,      ,      ,        ,        ,        ,        ,        ,        ,        ,        ,      
weeksst01, 1990,     1, VAN , NHL , G  ,  1.0,  0.0,   0.0,   0.0,   0.0, 0.0  ,  0.0,  0.0,  0.0,  0.0,  0.0, 0.0,   0.0,       ,      ,      ,        ,        ,        ,        ,        ,        ,        ,        ,      
weeksst01, 1991,     1, NYI , NHL , G  , 23.0,  0.0,   0.0,   0.0,   2.0, 0.0  ,  0.0,  0.0,  0.0,  0.0,  0.0, 0.0,   0.0,       ,      ,      ,        ,        ,        ,        ,        ,        ,        ,        ,      
weeksst01, 1991,     2, LAK , NHL , G  ,  7.0,  0.0,   1.0,   1.0,   0.0, 0.0  ,  0.0,  0.0,  0.0,  0.0,  0.0, 0.0,   0.0,       ,      ,      ,        ,        ,        ,        ,        ,        ,        ,        ,      
weeksst01, 1992,     1, OTT , NHL , G  ,  7.0,  0.0,   0.0,   0.0,   0.0, 0.0  ,  0.0,  0.0,  0.0,  0.0,  0.0, 0.0,   0.0,       ,      ,      ,        ,        ,        ,        ,        ,        ,        ,        ,      
weighdo01, 1990,     1, NYR , NHL , C  ,     ,     ,      ,      ,      ,      ,     ,     ,     ,     ,     ,    ,      ,    1.0,   0.0,   0.0,     0.0,     0.0, 0.0    ,     0.0,     0.0,     0.0,     0.0,     0.0,     0.0
weighdo01, 1991,     1, NYR , NHL , L  , 53.0,  8.0,  22.0,  30.0,  23.0, -3.0 ,  0.0,  8.0,  0.0,  0.0,  2.0, 0.0,  72.0,    7.0,   2.0,   2.0,     4.0,     0.0, 3.0    ,     1.0,     0.0,     0.0,     0.0,     0.0,     4.0
weighdo01, 1992,     1, NYR , NHL , C  , 65.0, 15.0,  25.0,  40.0,  55.0, 4.0  ,  3.0,  9.0,  0.0,  0.0,  1.0, 0.0,  90.0,       ,      ,      ,        ,        ,        ,        ,        ,        ,        ,        ,      
weighdo01, 1992,     2, EDM , NHL , C  , 13.0,  2.0,   6.0,   8.0,  10.0, -2.0 ,  0.0,  2.0,  0.0,  0.0,  0.0, 0.0,  35.0,       ,      ,      ,        ,        ,        ,        ,        ,        ,        ,        ,      
weighdo01, 1993,     1, EDM , NHL , C  , 84.0, 24.0,  50.0,  74.0,  47.0, -22.0,  4.0, 24.0,  1.0,  0.0,  1.0, 0.0, 188.0,       ,      ,      ,        ,        ,        ,        ,        ,        ,        ,        ,      
weighdo01, 1994,     1, EDM , NHL , C  , 48.0,  7.0,  33.0,  40.0,  69.0, -17.0,  1.0, 20.0,  0.0,  0.0,  1.0, 0.0, 104.0,       ,      ,      ,        ,        ,        ,        ,        ,        ,        ,        ,      
weighdo01, 1995,     1, EDM , NHL , C  , 82.0, 25.0,  79.0, 104.0,  95.0, -19.0,  9.0, 37.0,  0.0,  0.0,  2.0, 1.0, 204.0,       ,      ,      ,        ,        ,        ,        ,        ,        ,        ,        ,      
weighdo01, 1996,     1, EDM , NHL , C  , 80.0, 21.0,  61.0,  82.0,  80.0, 1.0  ,  4.0, 35.0,  0.0,  0.0,  2.0, 0.0, 235.0,   12.0,   3.0,   8.0,    11.0,     8.0, 0.0    ,     0.0,     4.0,     0.0,     0.0,     0.0,    54.0
weighdo01, 1997,     1, EDM , NHL , C  , 79.0, 26.0,  44.0,  70.0,  69.0, 1.0  ,  9.0, 20.0,  0.0,  1.0,  4.0, 0.0, 205.0,   12.0,   2.0,   7.0,     9.0,    14.0, -4.0   ,     2.0,     4.0,     0.0,     0.0,     1.0,    26.0
weighdo01, 1998,     1, EDM , NHL , C  , 43.0,  6.0,  31.0,  37.0,  12.0, -8.0 ,  1.0, 15.0,  0.0,  0.0,  0.0, 1.0,  79.0,    4.0,   1.0,   1.0,     2.0,    15.0, -3.0   ,     0.0,     1.0,     0.0,     0.0,     0.0,     4.0
weighdo01, 1999,     1, EDM , NHL , C  , 77.0, 21.0,  51.0,  72.0,  54.0, 6.0  ,  3.0, 22.0,  1.0,  0.0,  4.0, 0.0, 167.0,    5.0,   3.0,   2.0,     5.0,     4.0, -3.0   ,     2.0,     1.0,     0.0,     0.0,     1.0,     8.0
weighdo01, 2000,     1, EDM , NHL , C  , 82.0, 25.0,  65.0,  90.0,  91.0, 12.0 ,  8.0, 32.0,  0.0,  0.0,  3.0, 2.0, 188.0,    6.0,   1.0,   5.0,     6.0,    17.0, 0.0    ,     0.0,     3.0,     0.0,     0.0,     0.0,    18.0
weighdo01, 2001,     1, STL , NHL , C  , 61.0, 15.0,  34.0,  49.0,  40.0, 20.0 ,  3.0, 12.0,  0.0,  0.0,  1.0, 0.0, 131.0,   10.0,   1.0,   1.0,     2.0,     4.0, 0.0    ,     1.0,     1.0,     0.0,     0.0,     1.0,    22.0
weighdo01, 2002,     1, STL , NHL , C  , 70.0, 15.0,  52.0,  67.0,  52.0, -6.0 ,  7.0, 29.0,  0.0,  1.0,  3.0, 0.0, 182.0,    7.0,   5.0,   8.0,    13.0,     2.0, 0.0    ,     5.0,     3.0,     0.0,     0.0,     1.0,    18.0
weighdo01, 2003,     1, STL , NHL , C  , 75.0, 14.0,  51.0,  65.0,  37.0, -3.0 ,  6.0, 25.0,  0.0,  1.0,  5.0, 1.0, 198.0,    5.0,   2.0,   1.0,     3.0,     6.0, -4.0   ,     1.0,     0.0,     1.0,     0.0,     0.0,    14.0
weighdo01, 2005,     1, STL , NHL , C  , 47.0, 11.0,  33.0,  44.0,  50.0, -11.0,  7.0, 17.0,  0.0,  1.0,  1.0,    , 123.0,       ,      ,      ,        ,        ,        ,        ,        ,        ,        ,        ,      
weighdo01, 2005,     2, CAR , NHL , C  , 23.0,  4.0,   9.0,  13.0,  25.0, -6.0 ,  2.0,  2.0,  0.0,  0.0,  0.0,    ,  52.0,   23.0,   3.0,  13.0,    16.0,    20.0, -3.0   ,     2.0,     7.0,     0.0,     0.0,     0.0,    35.0
weighdo01, 2006,     1, STL , NHL , C  , 82.0, 16.0,  43.0,  59.0,  56.0, 10.0 ,  5.0, 15.0,  0.0,  0.0,  3.0,    , 123.0,       ,      ,      ,        ,        ,        ,        ,        ,        ,        ,        ,      
weighdo01, 2007,     1, STL , NHL , C  , 29.0,  4.0,   7.0,  11.0,  12.0, 4.0  ,  0.0,  3.0,  0.0,  0.0,  0.0,    ,  47.0,       ,      ,      ,        ,        ,        ,        ,        ,        ,        ,        ,      
weighdo01, 2007,     2, AND , NHL , C  , 38.0,  6.0,   8.0,  14.0,  20.0, 0.0  ,  2.0,  5.0,  0.0,  0.0,  1.0,    ,  49.0,    5.0,   0.0,   1.0,     1.0,     4.0, 1.0    ,     0.0,     1.0,     0.0,     0.0,     0.0,     2.0
weighdo01, 2008,     1, NYI , NHL , C  , 53.0, 10.0,  28.0,  38.0,  55.0, -15.0,  5.0, 16.0,  0.0,  1.0,  0.0,    ,  96.0,       ,      ,      ,        ,        ,        ,        ,        ,        ,        ,        ,      
weighdo01, 2009,     1, NYI , NHL , C  , 36.0,  1.0,  16.0,  17.0,   8.0, -1.0 ,  0.0,  6.0,  0.0,  0.0,  0.0,    ,  61.0,       ,      ,      ,        ,        ,        ,        ,        ,        ,        ,        ,      
weilaco01, 1928,     1, BOS , NHL , C  , 42.0, 11.0,   7.0,  18.0,  16.0,      ,     ,     ,     ,     ,     ,    ,      ,    5.0,   2.0,   0.0,     2.0,     2.0,        ,        ,        ,        ,        ,        ,      
weilaco01, 1929,     1, BOS , NHL , C  , 44.0, 43.0,  30.0,  73.0,  27.0,      ,     ,     ,     ,     ,     ,    ,      ,    6.0,   1.0,   5.0,     6.0,     2.0,        ,        ,        ,        ,        ,        ,      
weilaco01, 1930,     1, BOS , NHL , C  , 44.0, 25.0,  13.0,  38.0,  14.0,      ,     ,     ,     ,     ,     ,    ,      ,    5.0,   6.0,   3.0,     9.0,     2.0,        ,        ,        ,        ,        ,        ,      
weilaco01, 1931,     1, BOS , NHL , C  , 46.0, 14.0,  12.0,  26.0,  20.0,      ,     ,     ,     ,     ,     ,    ,      ,       ,      ,      ,        ,        ,        ,        ,        ,        ,        ,        ,      
weilaco01, 1932,     1, OTS , NHL , C  , 48.0, 16.0,  11.0,  27.0,   4.0,      ,     ,     ,     ,     ,     ,    ,      ,       ,      ,      ,        ,        ,        ,        ,        ,        ,        ,        ,      
weilaco01, 1933,     1, OTS , NHL , C  ,  9.0,  2.0,   0.0,   2.0,   4.0,      ,     ,     ,     ,     ,     ,    ,      ,       ,      ,      ,        ,        ,        ,        ,        ,        ,        ,        ,      
weilaco01, 1933,     2, DET , NHL , C  , 39.0, 11.0,  19.0,  30.0,   6.0,      ,     ,     ,     ,     ,     ,    ,      ,    9.0,   2.0,   2.0,     4.0,     4.0,        ,        ,        ,        ,        ,        ,      
weilaco01, 1934,     1, DET , NHL , C  , 48.0, 13.0,  25.0,  38.0,  10.0,      ,     ,     ,     ,     ,     ,    ,      ,       ,      ,      ,        ,        ,        ,        ,        ,        ,        ,        ,      
weilaco01, 1935,     1, BOS , NHL , C  , 48.0, 14.0,  13.0,  27.0,  15.0,      ,     ,     ,     ,     ,     ,    ,      ,    2.0,   1.0,   0.0,     1.0,     2.0,        ,        ,        ,        ,        ,        ,      
weilaco01, 1936,     1, BOS , NHL , C  , 48.0,  6.0,   9.0,  15.0,   6.0,      ,     ,     ,     ,     ,     ,    ,      ,    3.0,   0.0,   0.0,     0.0,     0.0,        ,        ,        ,        ,        ,        ,      
weilaco01, 1937,     1, BOS , NHL , C  , 48.0, 11.0,  12.0,  23.0,  16.0,      ,     ,     ,     ,     ,     ,    ,      ,    3.0,   0.0,   0.0,     0.0,     0.0,        ,        ,        ,        ,        ,        ,      
weilaco01, 1938,     1, BOS , NHL , C  , 45.0,  7.0,   9.0,  16.0,   9.0,      ,     ,     ,     ,     ,     ,    ,      ,   12.0,   0.0,   0.0,     0.0,     0.0,        ,        ,        ,        ,        ,        ,      
weimaty01, 2007,     1, COL , NHL , G  ,  1.0,  0.0,   0.0,   0.0,   0.0, 0.0  ,  0.0,  0.0,  0.0,  0.0,  0.0,    ,   0.0,       ,      ,      ,        ,        ,        ,        ,        ,        ,        ,        ,      
weinhma01, 2002,     1, NYI , NHL , R  , 47.0,  6.0,  17.0,  23.0,  10.0, -2.0 ,  1.0,  6.0,  0.0,  1.0,  0.0, 0.0,  66.0,       ,      ,      ,        ,        ,        ,        ,        ,        ,        ,        ,      
weinhma01, 2003,     1, NYI , NHL , R  , 55.0,  8.0,  12.0,  20.0,  26.0, 9.0  ,  4.0,  4.0,  0.0,  0.0,  2.0, 0.0,  49.0,    5.0,   0.0,   0.0,     0.0,     2.0, -2.0   ,     0.0,     0.0,     0.0,     0.0,     0.0,    10.0
weinhma01, 2005,     1, NYI , NHL , R  , 53.0,  2.0,   4.0,   6.0,  14.0, -4.0 ,  0.0,  1.0,  0.0,  0.0,  0.0,    ,  40.0,       ,      ,      ,        ,        ,        ,        ,        ,        ,        ,        ,      
weinhma01, 2005,     2, MIN , NHL , R  , 15.0,  2.0,   3.0,   5.0,  10.0, 0.0  ,  0.0,  0.0,  0.0,  0.0,  0.0,    ,  17.0,       ,      ,      ,        ,        ,        ,        ,        ,        ,        ,        ,      
weinhma01, 2006,     1, MIN , NHL , R  , 12.0,  1.0,   1.0,   2.0,  10.0, -2.0 ,  0.0,  0.0,  0.0,  0.0,  0.0,    ,   3.0,       ,      ,      ,        ,        ,        ,        ,        ,        ,        ,        ,      
weinrer01, 1988,     1, NJD , NHL , D  ,  2.0,  0.0,   0.0,   0.0,   0.0, -1.0 ,  0.0,  0.0,  0.0,  0.0,  0.0, 0.0,   3.0,       ,      ,      ,        ,        ,        ,        ,        ,        ,        ,        ,      
weinrer01, 1989,     1, NJD , NHL , D  , 19.0,  2.0,   7.0,   9.0,  11.0, 1.0  ,  1.0,  5.0,  0.0,  0.0,  1.0, 0.0,  16.0,    6.0,   1.0,   3.0,     4.0,    17.0, 3.0    ,     0.0,     2.0,     0.0,     0.0,     0.0,    11.0
weinrer01, 1990,     1, NJD , NHL , D  , 76.0,  4.0,  34.0,  38.0,  48.0, 10.0 ,  1.0, 13.0,  0.0,  1.0,  0.0, 0.0,  96.0,    7.0,   1.0,   2.0,     3.0,     6.0, -2.0   ,     1.0,     1.0,     0.0,     0.0,     0.0,    12.0
weinrer01, 1991,     1, NJD , NHL , D  , 76.0,  7.0,  25.0,  32.0,  55.0, 10.0 ,  5.0, 12.0,  0.0,  0.0,  0.0, 0.0,  97.0,    7.0,   0.0,   2.0,     2.0,     4.0, -4.0   ,     0.0,     1.0,     0.0,     0.0,     0.0,     4.0
weinrer01, 1992,     1, HAR , NHL , D  , 79.0,  7.0,  29.0,  36.0,  76.0, -11.0,  0.0,  8.0,  2.0,  1.0,  2.0, 0.0, 104.0,       ,      ,      ,        ,        ,        ,        ,        ,        ,        ,        ,      
weinrer01, 1993,     1, HAR , NHL , D  ,  8.0,  1.0,   1.0,   2.0,   2.0, -5.0 ,  1.0,  1.0,  0.0,  0.0,  0.0, 0.0,  10.0,       ,      ,      ,        ,        ,        ,        ,        ,        ,        ,        ,      
weinrer01, 1993,     2, CHI , NHL , D  , 54.0,  3.0,  23.0,  26.0,  31.0, 6.0  ,  1.0, 12.0,  0.0,  1.0,  2.0, 0.0, 105.0,    6.0,   0.0,   2.0,     2.0,     6.0, 2.0    ,     0.0,     0.0,     0.0,     0.0,     0.0,     4.0
weinrer01, 1994,     1, CHI , NHL , D  , 48.0,  3.0,  10.0,  13.0,  33.0, 1.0  ,  1.0,  3.0,  0.0,  0.0,  2.0, 0.0,  50.0,   16.0,   1.0,   5.0,     6.0,     4.0, 8.0    ,     0.0,     1.0,     0.0,     0.0,     0.0,    14.0
weinrer01, 1995,     1, CHI , NHL , D  , 77.0,  5.0,  10.0,  15.0,  65.0, 14.0 ,  0.0,  1.0,  0.0,  0.0,  0.0, 0.0,  76.0,   10.0,   1.0,   4.0,     5.0,    10.0, 2.0    ,     1.0,     0.0,     0.0,     0.0,     0.0,    13.0
weinrer01, 1996,     1, CHI , NHL , D  , 81.0,  7.0,  25.0,  32.0,  62.0, 19.0 ,  1.0,  6.0,  0.0,  0.0,  0.0, 1.0, 115.0,    6.0,   0.0,   1.0,     1.0,     4.0, -1.0   ,     0.0,     0.0,     0.0,     0.0,     0.0,     8.0
weinrer01, 1997,     1, CHI , NHL , D  , 82.0,  2.0,  21.0,  23.0, 106.0, 10.0 ,  0.0,  7.0,  0.0,  1.0,  0.0, 0.0,  85.0,       ,      ,      ,        ,        ,        ,        ,        ,        ,        ,        ,      
weinrer01, 1998,     1, CHI , NHL , D  , 14.0,  1.0,   3.0,   4.0,  12.0, -13.0,  0.0,  2.0,  0.0,  0.0,  0.0, 0.0,  24.0,       ,      ,      ,        ,        ,        ,        ,        ,        ,        ,        ,      
weinrer01, 1998,     2, MTL , NHL , D  , 66.0,  6.0,  12.0,  18.0,  77.0, -12.0,  4.0,  8.0,  0.0,  0.0,  1.0, 1.0,  95.0,       ,      ,      ,        ,        ,        ,        ,        ,        ,        ,        ,      
weinrer01, 1999,     1, MTL , NHL , D  , 77.0,  4.0,  25.0,  29.0,  39.0, 4.0  ,  2.0, 16.0,  0.0,  1.0,  0.0, 0.0, 120.0,       ,      ,      ,        ,        ,        ,        ,        ,        ,        ,        ,      
weinrer01, 2000,     1, MTL , NHL , D  , 60.0,  6.0,  19.0,  25.0,  34.0, -1.0 ,  2.0,  7.0,  0.0,  0.0,  1.0, 1.0,  81.0,       ,      ,      ,        ,        ,        ,        ,        ,        ,        ,        ,      
weinrer01, 2000,     2, BOS , NHL , D  , 22.0,  1.0,   5.0,   6.0,  10.0, -8.0 ,  1.0,  2.0,  0.0,  0.0,  1.0, 0.0,  28.0,       ,      ,      ,        ,        ,        ,        ,        ,        ,        ,        ,      
weinrer01, 2001,     1, PHI , NHL , D  , 80.0,  4.0,  20.0,  24.0,  26.0, 27.0 ,  0.0,  4.0,  0.0,  1.0,  2.0, 0.0, 102.0,    5.0,   0.0,   0.0,     0.0,     4.0, 0.0    ,     0.0,     0.0,     0.0,     0.0,     0.0,     6.0
weinrer01, 2002,     1, PHI , NHL , D  , 81.0,  2.0,  18.0,  20.0,  40.0, 16.0 ,  1.0,  3.0,  1.0,  0.0,  0.0, 0.0, 103.0,   13.0,   2.0,   3.0,     5.0,    12.0, -2.0   ,     1.0,     3.0,     0.0,     0.0,     0.0,    16.0
weinrer01, 2003,     1, PHI , NHL , D  , 54.0,  2.0,   7.0,   9.0,  32.0, 11.0 ,  1.0,  0.0,  0.0,  1.0,  1.0, 0.0,  56.0,       ,      ,      ,        ,        ,        ,        ,        ,        ,        ,        ,      
weinrer01, 2003,     2, STL , NHL , D  , 26.0,  2.0,   8.0,  10.0,  14.0, 1.0  ,  1.0,  1.0,  0.0,  0.0,  0.0, 1.0,  27.0,    5.0,   0.0,   1.0,     1.0,     0.0, -1.0   ,     0.0,     0.0,     0.0,     0.0,     0.0,     6.0
weinrer01, 2005,     1, STL , NHL , D  , 59.0,  1.0,  16.0,  17.0,  44.0, -10.0,  1.0,  9.0,  0.0,  0.0,  0.0,    ,  56.0,       ,      ,      ,        ,        ,        ,        ,        ,        ,        ,        ,      
weinrer01, 2005,     2, VAN , NHL , D  , 16.0,  0.0,   0.0,   0.0,   8.0, -13.0,  0.0,  0.0,  0.0,  0.0,  0.0,    ,  12.0,       ,      ,      ,        ,        ,        ,        ,        ,        ,        ,        ,      
weirst01 , 1972,     1, CLF , NHL , C  , 78.0, 15.0,  24.0,  39.0,  16.0, -24.0,  5.0,     ,  0.0,     ,  1.0, 3.0, 123.0,       ,      ,      ,        ,        ,        ,        ,        ,        ,        ,        ,      
weirst01 , 1973,     1, CLF , NHL , C  , 58.0,  9.0,   7.0,  16.0,  10.0, -33.0,  1.0,     ,  0.0,     ,  0.0, 1.0,  65.0,       ,      ,      ,        ,        ,        ,        ,        ,        ,        ,        ,      
weirst01 , 1974,     1, CLF , NHL , C  , 80.0, 18.0,  27.0,  45.0,  12.0, -30.0,  4.0,     ,  0.0,     ,  0.0, 1.0, 128.0,       ,      ,      ,        ,        ,        ,        ,        ,        ,        ,        ,      
weirst01 , 1975,     1, TOR , NHL , C  , 64.0, 19.0,  32.0,  51.0,  22.0, 10.0 ,  5.0,     ,  0.0,     ,  3.0, 2.0,  90.0,    9.0,   1.0,   3.0,     4.0,     0.0,        ,     1.0,        ,     0.0,        ,     1.0,      
weirst01 , 1976,     1, TOR , NHL , C  , 65.0, 11.0,  19.0,  30.0,  14.0, 2.0  ,  1.0,     ,  0.0,     ,  2.0, 3.0,  68.0,    7.0,   2.0,   1.0,     3.0,     0.0,        ,     1.0,        ,     0.0,        ,     1.0,      
weirst01 , 1977,     1, TOR , NHL , C  , 30.0, 12.0,   5.0,  17.0,   4.0, 0.0  ,  0.0,     ,  0.0,     ,  0.0, 1.0,  39.0,   13.0,   3.0,   1.0,     4.0,     0.0,        ,     1.0,        ,     0.0,        ,     1.0,      
weirst01 , 1978,     1, EDO , WHA , C  , 68.0, 31.0,  30.0,  61.0,  20.0, 24.0 ,  3.0,     ,  0.0,     ,     ,    , 132.0,   13.0,   2.0,   5.0,     7.0,     2.0, -4.0   ,        ,        ,        ,        ,     1.0,      
weirst01 , 1979,     1, EDM , NHL , C  , 79.0, 33.0,  33.0,  66.0,  40.0, 2.0  ,  3.0,     ,  2.0,     ,  2.0, 2.0, 129.0,    3.0,   0.0,   0.0,     0.0,     2.0,        ,     0.0,        ,     0.0,        ,     0.0,      
weirst01 , 1980,     1, EDM , NHL , C  , 70.0, 12.0,  20.0,  32.0,  40.0, -7.0 ,  1.0,     ,  0.0,     ,  2.0, 1.0,  84.0,    5.0,   0.0,   0.0,     0.0,     2.0,        ,     0.0,        ,     0.0,        ,     0.0,      
weirst01 , 1981,     1, EDM , NHL , C  , 51.0,  3.0,  13.0,  16.0,  13.0, 0.0  ,  1.0,     ,  0.0,     ,  1.0, 0.0,  29.0,       ,      ,      ,        ,        ,        ,        ,        ,        ,        ,        ,      
weirst01 , 1981,     2, COR , NHL , C  , 10.0,  2.0,   3.0,   5.0,  10.0, -7.0 ,  0.0,     ,  0.0,     ,  1.0, 0.0,  12.0,       ,      ,      ,        ,        ,        ,        ,        ,        ,        ,        ,      
weirst01 , 1982,     1, DET , NHL , C  , 57.0,  5.0,  24.0,  29.0,   2.0, 0.0  ,  1.0,     ,  0.0,     ,  1.0, 0.0,  59.0,       ,      ,      ,        ,        ,        ,        ,        ,        ,        ,        ,      
weirwa01 , 1976,     1, QUN , WHA , D  , 69.0,  3.0,  17.0,  20.0, 197.0, 13.0 ,  0.0,     ,  0.0,     ,     ,    , 123.0,   17.0,   1.0,   5.0,     6.0,    13.0, 3.0    ,        ,        ,        ,        ,     0.0,      
weirwa01 , 1977,     1, QUN , WHA , D  , 13.0,  0.0,   0.0,   0.0,  47.0, -5.0 ,  0.0,     ,  0.0,     ,     ,    ,  21.0,   11.0,   1.0,   2.0,     3.0,    50.0, -4.0   ,        ,        ,        ,        ,     0.0,      
weirwa01 , 1978,     1, QUN , WHA , D  , 68.0,  2.0,   7.0,   9.0, 166.0, 9.0  ,  0.0,     ,  0.0,     ,     ,    ,  84.0,    4.0,   0.0,   1.0,     1.0,     4.0, -8.0   ,        ,        ,        ,        ,     0.0,      
weirwa01 , 1979,     1, QUE , NHL , D  , 73.0,  3.0,  12.0,  15.0, 133.0, -18.0,  0.0,     ,  0.0,     ,  0.0, 0.0,  91.0,       ,      ,      ,        ,        ,        ,        ,        ,        ,        ,        ,      
weirwa01 , 1980,     1, QUE , NHL , D  , 54.0,  6.0,   8.0,  14.0,  77.0, 0.0  ,  0.0,     ,  0.0,     ,  0.0, 0.0,  50.0,    3.0,   0.0,   0.0,     0.0,    15.0,        ,     0.0,        ,     0.0,        ,     0.0,      
weirwa01 , 1981,     1, QUE , NHL , D  , 62.0,  3.0,   5.0,   8.0, 173.0, -16.0,  0.0,     ,  0.0,     ,  0.0, 0.0,  44.0,   15.0,   0.0,   0.0,     0.0,    45.0,        ,     0.0,        ,     0.0,        ,     0.0,      
weirwa01 , 1982,     1, QUE , NHL , D  , 58.0,  5.0,  11.0,  16.0, 135.0, 11.0 ,  1.0,     ,  0.0,     ,  0.0, 0.0,  50.0,    4.0,   0.0,   1.0,     1.0,    19.0,        ,     0.0,        ,     0.0,        ,     0.0,      
weirwa01 , 1983,     1, QUE , NHL , D  , 25.0,  2.0,   3.0,   5.0,  17.0, 5.0  ,  0.0,     ,  0.0,     ,  1.0, 0.0,  15.0,    1.0,   0.0,   0.0,     0.0,    17.0, 0.0    ,     0.0,        ,     0.0,        ,     0.0,     0.0
weirwa01 , 1984,     1, HAR , NHL , D  , 34.0,  2.0,   3.0,   5.0,  56.0, -7.0 ,  0.0,     ,  0.0,     ,  0.0, 0.0,  24.0,       ,      ,      ,        ,        ,        ,        ,        ,        ,        ,        ,      
weirwa01 , 1984,     2, PIT , NHL , D  , 14.0,  0.0,   3.0,   3.0,  34.0, 1.0  ,  0.0,     ,  0.0,     ,  0.0, 0.0,   8.0,       ,      ,      ,        ,        ,        ,        ,        ,        ,        ,        ,      
weissst01, 2001,     1, FLO , NHL , C  ,  7.0,  1.0,   1.0,   2.0,   0.0, 0.0  ,  1.0,  0.0,  0.0,  0.0,  0.0, 0.0,  15.0,       ,      ,      ,        ,        ,        ,        ,        ,        ,        ,        ,      
weissst01, 2002,     1, FLO , NHL , C  , 77.0,  6.0,  15.0,  21.0,  17.0, -13.0,  0.0,  6.0,  0.0,  0.0,  2.0, 0.0,  87.0,       ,      ,      ,        ,        ,        ,        ,        ,        ,        ,        ,      
weissst01, 2003,     1, FLO , NHL , C  , 50.0, 12.0,  17.0,  29.0,  10.0, -10.0,  3.0,  8.0,  0.0,  0.0,  2.0, 1.0,  82.0,       ,      ,      ,        ,        ,        ,        ,        ,        ,        ,        ,      
weissst01, 2005,     1, FLO , NHL , C  , 41.0,  9.0,  12.0,  21.0,  22.0, -2.0 ,  5.0,  5.0,  0.0,  0.0,  1.0,    ,  74.0,       ,      ,      ,        ,        ,        ,        ,        ,        ,        ,        ,      
weissst01, 2006,     1, FLO , NHL , C  , 74.0, 20.0,  28.0,  48.0,  28.0, -1.0 , 10.0, 11.0,  0.0,  2.0,  1.0,    , 176.0,       ,      ,      ,        ,        ,        ,        ,        ,        ,        ,        ,      
weissst01, 2007,     1, FLO , NHL , C  , 74.0, 13.0,  29.0,  42.0,  40.0, 14.0 ,  4.0,  9.0,  0.0,  0.0,  4.0,    , 132.0,       ,      ,      ,        ,        ,        ,        ,        ,        ,        ,        ,      
weissst01, 2008,     1, FLO , NHL , C  , 78.0, 14.0,  47.0,  61.0,  22.0, 19.0 ,  4.0, 17.0,  1.0,  0.0,  4.0,    , 154.0,       ,      ,      ,        ,        ,        ,        ,        ,        ,        ,        ,      
weissst01, 2009,     1, FLO , NHL , C  , 80.0, 28.0,  32.0,  60.0,  40.0, -7.0 , 12.0, 10.0,  0.0,  1.0,  2.0,    , 180.0,       ,      ,      ,        ,        ,        ,        ,        ,        ,        ,        ,      
welchno01, 2005,     1, PIT , NHL , D  ,  5.0,  1.0,   3.0,   4.0,   2.0, 0.0  ,  0.0,  2.0,  0.0,  0.0,  0.0,    ,   5.0,       ,      ,      ,        ,        ,        ,        ,        ,        ,        ,        ,      
welchno01, 2006,     1, PIT , NHL , D  , 22.0,  1.0,   1.0,   2.0,  22.0, 1.0  ,  0.0,  0.0,  0.0,  0.0,  0.0,    ,  14.0,       ,      ,      ,        ,        ,        ,        ,        ,        ,        ,        ,      
welchno01, 2006,     2, FLO , NHL , D  ,  2.0,  1.0,   0.0,   1.0,   2.0, 3.0  ,  0.0,  0.0,  0.0,  0.0,  0.0,    ,   4.0,       ,      ,      ,        ,        ,        ,        ,        ,        ,        ,        ,      
welchno01, 2007,     1, FLO , NHL , D  ,  4.0,  0.0,   0.0,   0.0,   7.0, 1.0  ,  0.0,  0.0,  0.0,  0.0,  0.0,    ,   0.0,       ,      ,      ,        ,        ,        ,        ,        ,        ,        ,        ,      
welchno01, 2008,     1, FLO , NHL , D  , 23.0,  1.0,   1.0,   2.0,  11.0, -5.0 ,  0.0,  0.0,  0.0,  0.0,  0.0,    ,  11.0,       ,      ,      ,        ,        ,        ,        ,        ,        ,        ,        ,      
welchno01, 2008,     2, TBL , NHL , D  , 17.0,  0.0,   0.0,   0.0,  14.0, -4.0 ,  0.0,  0.0,  0.0,  0.0,  0.0,    ,  11.0,       ,      ,      ,        ,        ,        ,        ,        ,        ,        ,        ,      
wellecr01, 2007,     1, PHO , NHL , R  , 59.0,  3.0,   8.0,  11.0,  80.0, -7.0 ,  0.0,  0.0,  0.0,  0.0,  1.0,    ,  72.0,       ,      ,      ,        ,        ,        ,        ,        ,        ,        ,        ,      
wellecr01, 2008,     1, MIN , NHL , R  , 36.0,  1.0,   2.0,   3.0,  47.0, -3.0 ,  1.0,  0.0,  0.0,  0.0,  0.0,    ,  27.0,       ,      ,      ,        ,        ,        ,        ,        ,        ,        ,        ,      
wellial01, 1919,     1, QUB , NHL , D  ,  1.0,  0.0,   0.0,   0.0,   0.0,      ,     ,     ,     ,     ,     ,    ,      ,       ,      ,      ,        ,        ,        ,        ,        ,        ,        ,        ,      
wellmca01, 2009,     1, MIN , NHL , C  , 12.0,  1.0,   3.0,   4.0,   0.0, -2.0 ,  0.0,  1.0,  0.0,  0.0,  0.0,    ,  18.0,       ,      ,      ,        ,        ,        ,        ,        ,        ,        ,        ,      
wellsch01, 1995,     1, PIT , NHL , C  , 54.0,  2.0,   2.0,   4.0,  59.0, -6.0 ,  0.0,  0.0,  1.0,  0.0,  0.0, 0.0,  25.0,       ,      ,      ,        ,        ,        ,        ,        ,        ,        ,        ,      
wellsch01, 1996,     1, FLO , NHL , C  , 47.0,  2.0,   6.0,   8.0,  42.0, 5.0  ,  0.0,  0.0,  0.0,  0.0,  0.0, 0.0,  29.0,    3.0,   0.0,   0.0,     0.0,     0.0, -1.0   ,     0.0,     0.0,     0.0,     0.0,     0.0,     1.0
wellsch01, 1997,     1, FLO , NHL , L  , 61.0,  5.0,  10.0,  15.0,  47.0, 4.0  ,  0.0,  1.0,  1.0,  3.0,  0.0, 0.0,  57.0,       ,      ,      ,        ,        ,        ,        ,        ,        ,        ,        ,      
wellsch01, 1998,     1, FLO , NHL , C  , 20.0,  0.0,   2.0,   2.0,  31.0, -4.0 ,  0.0,  0.0,  0.0,  0.0,  0.0, 0.0,  28.0,       ,      ,      ,        ,        ,        ,        ,        ,        ,        ,        ,      
wellsch01, 1999,     1, FLO , NHL , C  , 13.0,  0.0,   0.0,   0.0,  14.0, -5.0 ,  0.0,  0.0,  0.0,  0.0,  0.0, 0.0,   5.0,       ,      ,      ,        ,        ,        ,        ,        ,        ,        ,        ,      
wellsja01, 1979,     1, LAK , NHL , D  , 43.0,  0.0,   0.0,   0.0, 113.0, -22.0,  0.0,     ,  0.0,     ,  0.0, 0.0,  22.0,    4.0,   0.0,   0.0,     0.0,    11.0,        ,     0.0,        ,     0.0,        ,     0.0,      
wellsja01, 1980,     1, LAK , NHL , D  , 72.0,  5.0,  13.0,  18.0, 155.0, 9.0  ,  0.0,     ,  0.0,     ,  1.0, 0.0,  75.0,    4.0,   0.0,   0.0,     0.0,    27.0,        ,     0.0,        ,     0.0,        ,     0.0,      
wellsja01, 1981,     1, LAK , NHL , D  , 60.0,  1.0,   8.0,   9.0, 145.0, 2.0  ,  0.0,     ,  0.0,     ,  0.0, 0.0,  84.0,   10.0,   1.0,   3.0,     4.0,    41.0,        ,     0.0,        ,     0.0,        ,     0.0,      
wellsja01, 1982,     1, LAK , NHL , D  , 69.0,  3.0,  12.0,  15.0, 167.0, 11.0 ,  0.0,     ,  0.0,     ,  1.0, 0.0, 105.0,       ,      ,      ,        ,        ,        ,        ,        ,        ,        ,        ,      
wellsja01, 1983,     1, LAK , NHL , D  , 69.0,  3.0,  18.0,  21.0, 141.0, -10.0,  0.0,     ,  0.0,     ,  0.0, 0.0,  96.0,       ,      ,      ,        ,        ,        ,        ,        ,        ,        ,        ,      
wellsja01, 1984,     1, LAK , NHL , D  , 77.0,  2.0,   9.0,  11.0, 185.0, 4.0  ,  0.0,     ,  0.0,     ,  0.0, 0.0,  72.0,    3.0,   0.0,   1.0,     1.0,     0.0, 0.0    ,     0.0,        ,     0.0,        ,     0.0,     3.0
wellsja01, 1985,     1, LAK , NHL , D  , 79.0, 11.0,  31.0,  42.0, 226.0, 7.0  ,  4.0,     ,  0.0,     ,  2.0, 1.0, 113.0,       ,      ,      ,        ,        ,        ,        ,        ,        ,        ,        ,      
wellsja01, 1986,     1, LAK , NHL , D  , 77.0,  7.0,  29.0,  36.0, 155.0, -19.0,  6.0,     ,  0.0,     ,  2.0, 0.0, 115.0,    5.0,   1.0,   2.0,     3.0,    10.0, -3.0   ,     1.0,        ,     0.0,        ,     0.0,     7.0
wellsja01, 1987,     1, LAK , NHL , D  , 58.0,  2.0,  23.0,  25.0, 159.0, -3.0 ,  1.0,  9.0,  0.0,  2.0,  0.0, 0.0,  76.0,    5.0,   1.0,   2.0,     3.0,    21.0, 0.0    ,     0.0,     1.0,     0.0,     0.0,     0.0,     3.0
wellsja01, 1988,     1, PHI , NHL , D  , 67.0,  2.0,  19.0,  21.0, 184.0, -3.0 ,  0.0, 10.0,  0.0,  0.0,  0.0, 0.0,  67.0,   18.0,   0.0,   2.0,     2.0,    51.0, -1.0   ,     0.0,     0.0,     0.0,     0.0,     0.0,    14.0
wellsja01, 1989,     1, PHI , NHL , D  , 59.0,  3.0,  16.0,  19.0, 129.0, 4.0  ,  0.0,     ,  0.0,     ,  1.0, 0.0,  76.0,       ,      ,      ,        ,        ,        ,        ,        ,        ,        ,        ,      
wellsja01, 1989,     2, BUF , NHL , D  ,  1.0,  0.0,   1.0,   1.0,   0.0, 1.0  ,  0.0,     ,  0.0,     ,  0.0, 0.0,   0.0,    6.0,   0.0,   0.0,     0.0,    12.0, 3.0    ,     0.0,     0.0,     0.0,     0.0,     0.0,     2.0
wellsja01, 1990,     1, BUF , NHL , D  , 43.0,  1.0,   2.0,   3.0,  86.0, -18.0,  0.0,  0.0,  0.0,  0.0,  0.0, 0.0,  36.0,    1.0,   0.0,   1.0,     1.0,     0.0, 0.0    ,     0.0,     0.0,     0.0,     0.0,     0.0,     0.0
wellsja01, 1991,     1, BUF , NHL , D  , 41.0,  2.0,   9.0,  11.0, 157.0, -3.0 ,  0.0,  1.0,  0.0,  1.0,  0.0, 0.0,  26.0,       ,      ,      ,        ,        ,        ,        ,        ,        ,        ,        ,      
wellsja01, 1991,     2, NYR , NHL , D  , 11.0,  0.0,   0.0,   0.0,  24.0, 2.0  ,  0.0,  0.0,  0.0,  0.0,  0.0, 0.0,   4.0,   13.0,   0.0,   2.0,     2.0,    10.0, 3.0    ,     0.0,     0.0,     0.0,     0.0,     0.0,     7.0
wellsja01, 1992,     1, NYR , NHL , D  , 53.0,  1.0,   9.0,  10.0, 107.0, -2.0 ,  0.0,  0.0,  0.0,  0.0,  0.0, 0.0,  32.0,       ,      ,      ,        ,        ,        ,        ,        ,        ,        ,        ,      
wellsja01, 1993,     1, NYR , NHL , D  , 79.0,  2.0,   7.0,   9.0, 110.0, 4.0  ,  0.0,  0.0,  0.0,  0.0,  0.0, 0.0,  64.0,   23.0,   0.0,   0.0,     0.0,    20.0, -6.0   ,     0.0,     0.0,     0.0,     0.0,     0.0,    12.0
wellsja01, 1994,     1, NYR , NHL , D  , 43.0,  2.0,   7.0,   9.0,  36.0, 0.0  ,  0.0,  1.0,  0.0,  0.0,  0.0, 0.0,  38.0,   10.0,   0.0,   0.0,     0.0,     8.0, -4.0   ,     0.0,     0.0,     0.0,     0.0,     0.0,     5.0
wellsja01, 1995,     1, STL , NHL , D  , 76.0,  0.0,   3.0,   3.0,  67.0, -8.0 ,  0.0,  0.0,  0.0,  0.0,  0.0, 0.0,  24.0,   12.0,   0.0,   1.0,     1.0,     2.0, 0.0    ,     0.0,     0.0,     0.0,     0.0,     0.0,     2.0
wellsja01, 1996,     1, TBL , NHL , D  , 21.0,  0.0,   0.0,   0.0,  13.0, -3.0 ,  0.0,  0.0,  0.0,  0.0,  0.0, 0.0,  16.0,       ,      ,      ,        ,        ,        ,        ,        ,        ,        ,        ,      
wellwky01, 2003,     1, TOR , NHL , C  ,  1.0,  0.0,   0.0,   0.0,   0.0, -1.0 ,  0.0,  0.0,  0.0,  0.0,  0.0, 0.0,   1.0,       ,      ,      ,        ,        ,        ,        ,        ,        ,        ,        ,      
wellwky01, 2005,     1, TOR , NHL , C  , 81.0, 11.0,  34.0,  45.0,  14.0, 0.0  ,  3.0, 19.0,  0.0,  0.0,  0.0,    , 117.0,       ,      ,      ,        ,        ,        ,        ,        ,        ,        ,        ,      
wellwky01, 2006,     1, TOR , NHL , C  , 48.0, 12.0,  30.0,  42.0,   0.0, 3.0  ,  7.0, 14.0,  0.0,  0.0,  2.0,    ,  99.0,       ,      ,      ,        ,        ,        ,        ,        ,        ,        ,        ,      
wellwky01, 2007,     1, TOR , NHL , C  , 59.0,  8.0,  13.0,  21.0,   0.0, -12.0,  5.0,  7.0,  0.0,  0.0,  1.0,    ,  57.0,       ,      ,      ,        ,        ,        ,        ,        ,        ,        ,        ,      
wellwky01, 2008,     1, VAN , NHL , C  , 74.0, 18.0,   9.0,  27.0,   4.0, 2.0  , 10.0,  3.0,  0.0,  0.0,  3.0,    ,  94.0,   10.0,   1.0,   5.0,     6.0,     0.0, -1.0   ,     0.0,     3.0,     0.0,     0.0,     0.0,     7.0
wellwky01, 2009,     1, VAN , NHL , C  , 75.0, 14.0,  11.0,  25.0,  12.0, 6.0  ,  3.0,  2.0,  0.0,  0.0,  2.0,    ,  98.0,   12.0,   2.0,   5.0,     7.0,     0.0, -1.0   ,     1.0,     2.0,     0.0,     0.0,     0.0,    18.0
wensijo01, 1973,     1, STL , NHL , L  ,  3.0,  0.0,   0.0,   0.0,   0.0, 0.0  ,  0.0,     ,  0.0,     ,  0.0, 0.0,   0.0,       ,      ,      ,        ,        ,        ,        ,        ,        ,        ,        ,      
wensijo01, 1976,     1, BOS , NHL , L  , 23.0,  4.0,   6.0,  10.0,  32.0, 5.0  ,  0.0,     ,  0.0,     ,  0.0, 0.0,  24.0,   13.0,   0.0,   3.0,     3.0,     8.0,        ,     0.0,        ,     0.0,        ,     0.0,      
wensijo01, 1977,     1, BOS , NHL , L  , 80.0, 16.0,  20.0,  36.0, 181.0, 23.0 ,  1.0,     ,  0.0,     ,  3.0, 0.0, 131.0,   15.0,   2.0,   2.0,     4.0,    54.0,        ,     0.0,        ,     0.0,        ,     0.0,      
wensijo01, 1978,     1, BOS , NHL , L  , 76.0, 28.0,  18.0,  46.0, 106.0, 20.0 ,  0.0,     ,  0.0,     ,  4.0, 0.0, 131.0,    8.0,   0.0,   1.0,     1.0,    19.0,        ,     0.0,        ,     0.0,        ,     0.0,      
wensijo01, 1979,     1, BOS , NHL , L  , 69.0,  9.0,  11.0,  20.0, 110.0, 7.0  ,  0.0,     ,  0.0,     ,  2.0, 0.0,  71.0,    4.0,   0.0,   0.0,     0.0,     5.0,        ,     0.0,        ,     0.0,        ,     0.0,      
wensijo01, 1980,     1, QUE , NHL , L  , 53.0,  6.0,   3.0,   9.0, 124.0, -14.0,  0.0,     ,  0.0,     ,  1.0, 0.0,  55.0,    3.0,   0.0,   0.0,     0.0,     0.0,        ,     0.0,        ,     0.0,        ,     0.0,      
wensijo01, 1981,     1, COR , NHL , L  , 57.0,  5.0,   3.0,   8.0, 152.0, -13.0,  1.0,     ,  0.0,     ,  0.0, 0.0,  35.0,       ,      ,      ,        ,        ,        ,        ,        ,        ,        ,        ,      
wensijo01, 1982,     1, NJD , NHL , L  , 42.0,  2.0,   7.0,   9.0, 135.0, -8.0 ,  1.0,     ,  0.0,     ,  0.0, 1.0,  30.0,       ,      ,      ,        ,        ,        ,        ,        ,        ,        ,        ,      
wentwcy01, 1927,     1, CHI , NHL , D  , 43.0,  5.0,   5.0,  10.0,  31.0,      ,     ,     ,     ,     ,     ,    ,      ,       ,      ,      ,        ,        ,        ,        ,        ,        ,        ,        ,      
wentwcy01, 1928,     1, CHI , NHL , D  , 44.0,  2.0,   1.0,   3.0,  44.0,      ,     ,     ,     ,     ,     ,    ,      ,       ,      ,      ,        ,        ,        ,        ,        ,        ,        ,        ,      
wentwcy01, 1929,     1, CHI , NHL , D  , 37.0,  3.0,   4.0,   7.0,  28.0,      ,     ,     ,     ,     ,     ,    ,      ,       ,      ,      ,        ,        ,        ,        ,        ,        ,        ,        ,      
wentwcy01, 1930,     1, CHI , NHL , D  , 44.0,  4.0,   4.0,   8.0,  12.0,      ,     ,     ,     ,     ,     ,    ,      ,    9.0,   1.0,   1.0,     2.0,    14.0,        ,        ,        ,        ,        ,        ,      
wentwcy01, 1931,     1, CHI , NHL , D  , 48.0,  3.0,  10.0,  13.0,  30.0,      ,     ,     ,     ,     ,     ,    ,      ,    2.0,   0.0,   0.0,     0.0,     0.0,        ,        ,        ,        ,        ,        ,      
wentwcy01, 1932,     1, MTM , NHL , D  , 47.0,  4.0,  10.0,  14.0,  48.0,      ,     ,     ,     ,     ,     ,    ,      ,    2.0,   0.0,   1.0,     1.0,     0.0,        ,        ,        ,        ,        ,        ,      
wentwcy01, 1933,     1, MTM , NHL , D  , 48.0,  2.0,   5.0,   7.0,  31.0,      ,     ,     ,     ,     ,     ,    ,      ,    4.0,   0.0,   2.0,     2.0,     2.0,        ,        ,        ,        ,        ,        ,      
wentwcy01, 1934,     1, MTM , NHL , D  , 48.0,  4.0,   9.0,  13.0,  28.0,      ,     ,     ,     ,     ,     ,    ,      ,    7.0,   3.0,   2.0,     5.0,     0.0,        ,        ,        ,        ,        ,        ,      
wentwcy01, 1935,     1, MTM , NHL , D  , 48.0,  4.0,   5.0,   9.0,  24.0,      ,     ,     ,     ,     ,     ,    ,      ,    3.0,   0.0,   0.0,     0.0,     0.0,        ,        ,        ,        ,        ,        ,      
wentwcy01, 1936,     1, MTM , NHL , D  , 43.0,  3.0,   4.0,   7.0,  29.0,      ,     ,     ,     ,     ,     ,    ,      ,    5.0,   1.0,   0.0,     1.0,     0.0,        ,        ,        ,        ,        ,        ,      
wentwcy01, 1937,     1, MTM , NHL , D  , 48.0,  4.0,   5.0,   9.0,  32.0,      ,     ,     ,     ,     ,     ,    ,      ,       ,      ,      ,        ,        ,        ,        ,        ,        ,        ,        ,      
wentwcy01, 1938,     1, MTL , NHL , D  , 45.0,  0.0,   3.0,   3.0,  12.0,      ,     ,     ,     ,     ,     ,    ,      ,    3.0,   0.0,   0.0,     0.0,     4.0,        ,        ,        ,        ,        ,        ,      
wentwcy01, 1939,     1, MTL , NHL , D  , 32.0,  1.0,   3.0,   4.0,   6.0,      ,     ,     ,     ,     ,     ,    ,      ,       ,      ,      ,        ,        ,        ,        ,        ,        ,        ,        ,      
werenbr01, 1992,     1, EDM , NHL , D  , 27.0,  5.0,   4.0,   9.0,  24.0, 1.0  ,  0.0,  1.0,  1.0,  1.0,  1.0, 0.0,  38.0,       ,      ,      ,        ,        ,        ,        ,        ,        ,        ,        ,      
werenbr01, 1993,     1, EDM , NHL , D  , 15.0,  0.0,   4.0,   4.0,  14.0, -1.0 ,  0.0,  1.0,  0.0,  0.0,  0.0, 0.0,  11.0,       ,      ,      ,        ,        ,        ,        ,        ,        ,        ,        ,      
werenbr01, 1993,     2, QUE , NHL , D  , 11.0,  0.0,   7.0,   7.0,   8.0, 4.0  ,  0.0,  1.0,  0.0,  0.0,  0.0, 0.0,  17.0,       ,      ,      ,        ,        ,        ,        ,        ,        ,        ,        ,      
werenbr01, 1995,     1, CHI , NHL , D  ,  9.0,  0.0,   0.0,   0.0,   8.0, -2.0 ,  0.0,  0.0,  0.0,  0.0,  0.0, 0.0,   2.0,       ,      ,      ,        ,        ,        ,        ,        ,        ,        ,        ,      
werenbr01, 1997,     1, PIT , NHL , D  , 71.0,  3.0,  15.0,  18.0,  46.0, 15.0 ,  2.0,  4.0,  0.0,  2.0,  0.0, 0.0,  50.0,    6.0,   1.0,   0.0,     1.0,     8.0, -3.0   ,     0.0,     0.0,     1.0,     0.0,     0.0,     3.0
werenbr01, 1998,     1, PIT , NHL , D  , 81.0,  6.0,  18.0,  24.0,  93.0, 17.0 ,  1.0,  1.0,  0.0,  2.0,  4.0, 0.0,  77.0,   13.0,   1.0,   1.0,     2.0,     6.0, 0.0    ,     0.0,     0.0,     0.0,     0.0,     0.0,    10.0
werenbr01, 1999,     1, PIT , NHL , D  , 61.0,  3.0,   8.0,  11.0,  69.0, 15.0 ,  0.0,  0.0,  0.0,  0.0,  1.0, 0.0,  42.0,       ,      ,      ,        ,        ,        ,        ,        ,        ,        ,        ,      
werenbr01, 1999,     2, CAL , NHL , D  , 12.0,  1.0,   1.0,   2.0,  21.0, -2.0 ,  0.0,  0.0,  0.0,  0.0,  0.0, 0.0,  20.0,       ,      ,      ,        ,        ,        ,        ,        ,        ,        ,        ,      
werenbr01, 2000,     1, CAL , NHL , D  , 33.0,  1.0,   4.0,   5.0,  16.0, -3.0 ,  0.0,  2.0,  0.0,  0.0,  0.0, 0.0,  23.0,       ,      ,      ,        ,        ,        ,        ,        ,        ,        ,        ,      
wesenbr01, 1998,     1, PHI , NHL , R  ,  1.0,  0.0,   0.0,   0.0,   5.0, 1.0  ,  0.0,  0.0,  0.0,  0.0,  0.0, 0.0,   0.0,       ,      ,      ,        ,        ,        ,        ,        ,        ,        ,        ,      
weslebl01, 1979,     1, PHI , NHL , D  ,  2.0,  0.0,   1.0,   1.0,   2.0, -3.0 ,  0.0,     ,  0.0,     ,  0.0, 0.0,   4.0,       ,      ,      ,        ,        ,        ,        ,        ,        ,        ,        ,      
weslebl01, 1980,     1, PHI , NHL , D  , 50.0,  3.0,   7.0,  10.0, 107.0, 13.0 ,  2.0,     ,  0.0,     ,  1.0, 0.0,  53.0,       ,      ,      ,        ,        ,        ,        ,        ,        ,        ,        ,      
weslebl01, 1981,     1, HAR , NHL , D  , 78.0,  9.0,  18.0,  27.0, 123.0, -34.0,  3.0,     ,  0.0,     ,  1.0, 0.0, 115.0,       ,      ,      ,        ,        ,        ,        ,        ,        ,        ,        ,      
weslebl01, 1982,     1, HAR , NHL , D  , 22.0,  0.0,   1.0,   1.0,  46.0, -16.0,  0.0,     ,  0.0,     ,  0.0, 0.0,  12.0,       ,      ,      ,        ,        ,        ,        ,        ,        ,        ,        ,      
weslebl01, 1982,     2, QUE , NHL , D  , 52.0,  4.0,   8.0,  12.0,  84.0, -4.0 ,  2.0,     ,  0.0,     ,  1.0, 0.0,  59.0,    4.0,   0.0,   0.0,     0.0,     2.0,        ,     0.0,        ,     0.0,        ,     0.0,      
weslebl01, 1983,     1, QUE , NHL , D  , 46.0,  2.0,   8.0,  10.0,  75.0, 14.0 ,  0.0,     ,  0.0,     ,  0.0, 0.0,  40.0,    9.0,   1.0,   2.0,     3.0,    20.0, -5.0   ,     0.0,        ,     0.0,        ,     1.0,    10.0
weslebl01, 1984,     1, QUE , NHL , D  , 21.0,  0.0,   2.0,   2.0,  28.0, -2.0 ,  0.0,     ,  0.0,     ,  0.0, 0.0,  11.0,    6.0,   1.0,   0.0,     1.0,     8.0, -1.0   ,     0.0,        ,     0.0,        ,     0.0,     5.0
weslebl01, 1985,     1, TOR , NHL , D  , 27.0,  0.0,   1.0,   1.0,  21.0, -4.0 ,  0.0,     ,  0.0,     ,  0.0, 0.0,  11.0,       ,      ,      ,        ,        ,        ,        ,        ,        ,        ,        ,      
weslegl01, 1987,     1, BOS , NHL , D  , 79.0,  7.0,  30.0,  37.0,  69.0, 21.0 ,  1.0, 11.0,  2.0,  2.0,  0.0, 0.0, 158.0,   23.0,   6.0,   8.0,    14.0,    22.0, 5.0    ,     4.0,     5.0,     1.0,     0.0,     0.0,    42.0
weslegl01, 1988,     1, BOS , NHL , D  , 77.0, 19.0,  35.0,  54.0,  61.0, 23.0 ,  8.0, 18.0,  1.0,  1.0,  1.0, 1.0, 181.0,   10.0,   0.0,   2.0,     2.0,     4.0, 0.0    ,     0.0,     0.0,     0.0,     1.0,     0.0,    14.0
weslegl01, 1989,     1, BOS , NHL , D  , 78.0,  9.0,  27.0,  36.0,  48.0, 6.0  ,  5.0, 18.0,  0.0,  1.0,  4.0, 0.0, 166.0,   21.0,   2.0,   6.0,     8.0,    36.0, 6.0    ,     0.0,     3.0,     0.0,     1.0,     1.0,    30.0
weslegl01, 1990,     1, BOS , NHL , D  , 80.0, 11.0,  32.0,  43.0,  78.0, 0.0  ,  5.0, 22.0,  1.0,  1.0,  1.0, 0.0, 199.0,   19.0,   2.0,   9.0,    11.0,    19.0, -8.0   ,     2.0,     7.0,     0.0,     0.0,     0.0,    47.0
weslegl01, 1991,     1, BOS , NHL , D  , 78.0,  9.0,  37.0,  46.0,  54.0, -9.0 ,  4.0, 21.0,  0.0,  0.0,  1.0, 0.0, 211.0,   15.0,   2.0,   4.0,     6.0,    16.0, 3.0    ,     0.0,     2.0,     0.0,     0.0,     0.0,    35.0
weslegl01, 1992,     1, BOS , NHL , D  , 64.0,  8.0,  25.0,  33.0,  47.0, -2.0 ,  4.0, 16.0,  1.0,  1.0,  0.0, 0.0, 183.0,    4.0,   0.0,   0.0,     0.0,     0.0, -2.0   ,     0.0,     0.0,     0.0,     0.0,     0.0,    12.0
weslegl01, 1993,     1, BOS , NHL , D  , 81.0, 14.0,  44.0,  58.0,  64.0, 1.0  ,  6.0, 33.0,  1.0,  0.0,  1.0, 1.0, 265.0,   13.0,   3.0,   3.0,     6.0,    12.0, 0.0    ,     1.0,     2.0,     0.0,     0.0,     0.0,    35.0
weslegl01, 1994,     1, HAR , NHL , D  , 48.0,  2.0,  14.0,  16.0,  50.0, -6.0 ,  1.0, 10.0,  0.0,  0.0,  1.0, 0.0, 125.0,       ,      ,      ,        ,        ,        ,        ,        ,        ,        ,        ,      
weslegl01, 1995,     1, HAR , NHL , D  , 68.0,  8.0,  16.0,  24.0,  88.0, -9.0 ,  6.0,  9.0,  0.0,  0.0,  1.0, 0.0, 129.0,       ,      ,      ,        ,        ,        ,        ,        ,        ,        ,        ,      
weslegl01, 1996,     1, HAR , NHL , D  , 68.0,  6.0,  26.0,  32.0,  40.0, 0.0  ,  3.0, 11.0,  1.0,  0.0,  0.0, 0.0, 126.0,       ,      ,      ,        ,        ,        ,        ,        ,        ,        ,        ,      
weslegl01, 1997,     1, CAR , NHL , D  , 82.0,  6.0,  19.0,  25.0,  36.0, 7.0  ,  1.0,  7.0,  0.0,  1.0,  1.0, 0.0, 121.0,       ,      ,      ,        ,        ,        ,        ,        ,        ,        ,        ,      
weslegl01, 1998,     1, CAR , NHL , D  , 74.0,  7.0,  17.0,  24.0,  44.0, 14.0 ,  0.0,  5.0,  0.0,  0.0,  2.0, 1.0, 112.0,    6.0,   0.0,   0.0,     0.0,     2.0, 0.0    ,     0.0,     0.0,     0.0,     0.0,     0.0,    15.0
weslegl01, 1999,     1, CAR , NHL , D  , 78.0,  7.0,  15.0,  22.0,  38.0, -4.0 ,  1.0,  4.0,  0.0,  0.0,  0.0, 2.0,  99.0,       ,      ,      ,        ,        ,        ,        ,        ,        ,        ,        ,      
weslegl01, 2000,     1, CAR , NHL , D  , 71.0,  5.0,  16.0,  21.0,  42.0, -2.0 ,  3.0,  7.0,  0.0,  0.0,  0.0, 0.0,  92.0,    6.0,   0.0,   0.0,     0.0,     0.0, -6.0   ,     0.0,     0.0,     0.0,     0.0,     0.0,     4.0
weslegl01, 2001,     1, CAR , NHL , D  , 77.0,  5.0,  13.0,  18.0,  56.0, -8.0 ,  1.0,  4.0,  0.0,  0.0,  0.0, 1.0,  88.0,   22.0,   0.0,   2.0,     2.0,    12.0, 0.0    ,     0.0,     1.0,     0.0,     0.0,     0.0,    21.0
weslegl01, 2002,     1, CAR , NHL , D  , 63.0,  1.0,   7.0,   8.0,  40.0, -5.0 ,  1.0,  3.0,  0.0,  0.0,  0.0, 0.0,  72.0,       ,      ,      ,        ,        ,        ,        ,        ,        ,        ,        ,      
weslegl01, 2002,     2, TOR , NHL , D  ,  7.0,  0.0,   3.0,   3.0,   4.0, 3.0  ,  0.0,  1.0,  0.0,  1.0,  0.0, 0.0,   5.0,    5.0,   0.0,   1.0,     1.0,     2.0, 0.0    ,     0.0,     1.0,     0.0,     0.0,     0.0,     5.0
weslegl01, 2003,     1, CAR , NHL , D  , 74.0,  0.0,   6.0,   6.0,  32.0, 18.0 ,  0.0,  1.0,  0.0,  0.0,  0.0, 0.0,  82.0,       ,      ,      ,        ,        ,        ,        ,        ,        ,        ,        ,      
weslegl01, 2005,     1, CAR , NHL , D  , 64.0,  2.0,   8.0,  10.0,  46.0, 10.0 ,  0.0,  0.0,  0.0,  0.0,  0.0,    ,  28.0,   25.0,   0.0,   2.0,     2.0,    16.0, 1.0    ,     0.0,     0.0,     0.0,     0.0,     0.0,    15.0
weslegl01, 2006,     1, CAR , NHL , D  , 68.0,  1.0,  12.0,  13.0,  56.0, 11.0 ,  0.0,  1.0,  1.0,  1.0,  1.0,    ,  51.0,       ,      ,      ,        ,        ,        ,        ,        ,        ,        ,        ,      
weslegl01, 2007,     1, CAR , NHL , D  , 78.0,  1.0,   7.0,   8.0,  52.0, -3.0 ,  0.0,  0.0,  0.0,  1.0,  1.0,    ,  63.0,       ,      ,      ,        ,        ,        ,        ,        ,        ,        ,        ,      
westcdu01, 2001,     1, CBS , NHL , D  ,  4.0,  0.0,   0.0,   0.0,   2.0, -2.0 ,  0.0,  0.0,  0.0,  0.0,  0.0, 0.0,   3.0,       ,      ,      ,        ,        ,        ,        ,        ,        ,        ,        ,      
westcdu01, 2002,     1, CBS , NHL , D  , 39.0,  0.0,   7.0,   7.0,  77.0, -3.0 ,  0.0,  1.0,  0.0,  1.0,  0.0, 0.0,  27.0,       ,      ,      ,        ,        ,        ,        ,        ,        ,        ,        ,      
westcdu01, 2003,     1, CBS , NHL , D  , 34.0,  0.0,   7.0,   7.0,  39.0, -15.0,  0.0,  3.0,  0.0,  0.0,  0.0, 0.0,  43.0,       ,      ,      ,        ,        ,        ,        ,        ,        ,        ,        ,      
westcdu01, 2005,     1, CBS , NHL , D  , 78.0,  6.0,  22.0,  28.0, 133.0, 1.0  ,  1.0, 13.0,  1.0,  0.0,  0.0,    , 113.0,       ,      ,      ,        ,        ,        ,        ,        ,        ,        ,        ,      
westcdu01, 2006,     1, CBS , NHL , D  , 23.0,  4.0,   6.0,  10.0,  18.0, -13.0,  2.0,  4.0,  0.0,  0.0,  1.0,    ,  34.0,       ,      ,      ,        ,        ,        ,        ,        ,        ,        ,        ,      
westcdu01, 2007,     1, CBS , NHL , D  , 23.0,  1.0,   3.0,   4.0,  30.0, -10.0,  1.0,  2.0,  0.0,  0.0,  0.0,    ,  27.0,       ,      ,      ,        ,        ,        ,        ,        ,        ,        ,        ,      
westfed01, 1961,     1, BOS , NHL , D  , 63.0,  2.0,   9.0,  11.0,  53.0,      ,     ,     ,     ,     ,     ,    ,      ,       ,      ,      ,        ,        ,        ,        ,        ,        ,        ,        ,      
westfed01, 1962,     1, BOS , NHL , D  , 48.0,  1.0,  11.0,  12.0,  34.0,      ,     ,     ,     ,     ,     ,    ,      ,       ,      ,      ,        ,        ,        ,        ,        ,        ,        ,        ,      
westfed01, 1963,     1, BOS , NHL , D  , 55.0,  1.0,   5.0,   6.0,  35.0,      ,  0.0,     ,  0.0,     ,  0.0, 0.0,      ,       ,      ,      ,        ,        ,        ,        ,        ,        ,        ,        ,      
westfed01, 1964,     1, BOS , NHL , R  , 68.0, 12.0,  15.0,  27.0,  65.0,      ,  0.0,     ,  2.0,     ,  2.0, 0.0,      ,       ,      ,      ,        ,        ,        ,        ,        ,        ,        ,        ,      
westfed01, 1965,     1, BOS , NHL , R  , 59.0,  9.0,  21.0,  30.0,  42.0,      ,  2.0,     ,  1.0,     ,  0.0, 1.0,      ,       ,      ,      ,        ,        ,        ,        ,        ,        ,        ,        ,      
westfed01, 1966,     1, BOS , NHL , R  , 70.0, 12.0,  24.0,  36.0,  26.0,      ,  1.0,     ,  0.0,     ,  0.0, 0.0,      ,       ,      ,      ,        ,        ,        ,        ,        ,        ,        ,        ,      
westfed01, 1967,     1, BOS , NHL , R  , 73.0, 14.0,  22.0,  36.0,  38.0, 5.0  ,  1.0,     ,  2.0,     ,  2.0, 0.0, 139.0,    4.0,   2.0,   0.0,     2.0,     2.0,        ,     0.0,        ,     0.0,        ,     0.0,      
westfed01, 1968,     1, BOS , NHL , R  , 70.0, 18.0,  24.0,  42.0,  22.0, 20.0 ,  1.0,     ,  4.0,     ,  4.0, 2.0, 139.0,   10.0,   3.0,   7.0,    10.0,    11.0,        ,     0.0,        ,     2.0,        ,     0.0,      
westfed01, 1969,     1, BOS , NHL , R  , 72.0, 14.0,  22.0,  36.0,  28.0, 20.0 ,  0.0,     ,  0.0,     ,  0.0, 1.0, 158.0,   14.0,   3.0,   5.0,     8.0,     4.0,        ,     0.0,        ,     1.0,        ,     1.0,      
westfed01, 1970,     1, BOS , NHL , R  , 78.0, 25.0,  34.0,  59.0,  48.0, 58.0 ,  0.0,     ,  7.0,     ,  5.0, 0.0, 149.0,    7.0,   1.0,   2.0,     3.0,     2.0,        ,     0.0,        ,     1.0,        ,     0.0,      
westfed01, 1971,     1, BOS , NHL , R  , 77.0, 18.0,  26.0,  44.0,  19.0, 29.0 ,  0.0,     ,  2.0,     ,  5.0, 1.0, 123.0,   15.0,   4.0,   3.0,     7.0,    10.0,        ,     0.0,        ,     2.0,        ,     1.0,      
westfed01, 1972,     1, NYI , NHL , R  , 67.0, 15.0,  31.0,  46.0,  25.0, -42.0,  4.0,     ,  0.0,     ,  1.0, 0.0, 160.0,       ,      ,      ,        ,        ,        ,        ,        ,        ,        ,        ,      
westfed01, 1973,     1, NYI , NHL , R  , 68.0, 19.0,  23.0,  42.0,  28.0, -5.0 ,  6.0,     ,  0.0,     ,  0.0, 3.0, 177.0,       ,      ,      ,        ,        ,        ,        ,        ,        ,        ,        ,      
westfed01, 1974,     1, NYI , NHL , R  , 73.0, 22.0,  33.0,  55.0,  28.0, 19.0 ,  6.0,     ,  1.0,     ,  1.0, 1.0, 170.0,   17.0,   5.0,  10.0,    15.0,    12.0,        ,     2.0,        ,     1.0,        ,     2.0,      
westfed01, 1975,     1, NYI , NHL , R  , 80.0, 25.0,  31.0,  56.0,  27.0, 17.0 ,  6.0,     ,  2.0,     ,  3.0, 1.0, 154.0,    8.0,   2.0,   3.0,     5.0,     0.0,        ,     1.0,        ,     0.0,        ,     0.0,      
westfed01, 1976,     1, NYI , NHL , R  , 79.0, 14.0,  33.0,  47.0,   8.0, 21.0 ,  1.0,     ,  3.0,     ,  0.0, 0.0, 118.0,   12.0,   1.0,   5.0,     6.0,     0.0,        ,     0.0,        ,     1.0,        ,     0.0,      
westfed01, 1977,     1, NYI , NHL , R  , 71.0,  5.0,  19.0,  24.0,  14.0, 7.0  ,  0.0,     ,  1.0,     ,  1.0, 1.0,  72.0,    2.0,   0.0,   0.0,     0.0,     0.0,        ,     0.0,        ,     0.0,        ,     0.0,      
westfed01, 1978,     1, NYI , NHL , R  , 55.0,  5.0,  11.0,  16.0,   4.0, 0.0  ,  0.0,     ,  1.0,     ,  1.0, 0.0,  51.0,    6.0,   1.0,   2.0,     3.0,     0.0,        ,     0.0,        ,     0.0,        ,     1.0,      
westgke01, 2008,     1, LAK , NHL , R  ,  9.0,  0.0,   0.0,   0.0,   9.0, 1.0  ,  0.0,  0.0,  0.0,  0.0,  0.0,    ,   1.0,       ,      ,      ,        ,        ,        ,        ,        ,        ,        ,        ,      
westlto01, 1999,     1, CAR , NHL , R  , 81.0,  4.0,   8.0,  12.0,  19.0, -10.0,  0.0,  0.0,  1.0,  0.0,  0.0, 0.0,  67.0,       ,      ,      ,        ,        ,        ,        ,        ,        ,        ,        ,      
westlto01, 2000,     1, CAR , NHL , C  , 79.0,  5.0,   3.0,   8.0,  23.0, -9.0 ,  0.0,  0.0,  0.0,  0.0,  1.0, 0.0,  47.0,    6.0,   0.0,   0.0,     0.0,    17.0, -2.0   ,     0.0,     0.0,     0.0,     0.0,     0.0,     1.0
westlto01, 2001,     1, CAR , NHL , R  , 40.0,  0.0,   2.0,   2.0,   6.0, -8.0 ,  0.0,  0.0,  0.0,  0.0,  0.0, 0.0,  29.0,   19.0,   1.0,   0.0,     1.0,     0.0, 2.0    ,     0.0,     0.0,     0.0,     0.0,     0.0,     6.0
westlto01, 2002,     1, CAR , NHL , R  ,  3.0,  0.0,   0.0,   0.0,   0.0, 0.0  ,  0.0,  0.0,  0.0,  0.0,  0.0, 0.0,   0.0,       ,      ,      ,        ,        ,        ,        ,        ,        ,        ,        ,      
westrer01, 2003,     1, PHO , NHL , C  , 15.0,  1.0,   1.0,   2.0,  20.0, -3.0 ,  0.0,  0.0,  0.0,  0.0,  0.0, 1.0,  29.0,       ,      ,      ,        ,        ,        ,        ,        ,        ,        ,        ,      
westrer01, 2005,     1, MIN , NHL , C  , 10.0,  0.0,   1.0,   1.0,   2.0, -1.0 ,  0.0,  1.0,  0.0,  0.0,  0.0,    ,  16.0,       ,      ,      ,        ,        ,        ,        ,        ,        ,        ,        ,      
westrer01, 2006,     1, TOR , NHL , C  ,  2.0,  0.0,   0.0,   0.0,   0.0, 0.0  ,  0.0,  0.0,  0.0,  0.0,  0.0,    ,   0.0,       ,      ,      ,        ,        ,        ,        ,        ,        ,        ,        ,      
westrpa01, 1974,     1, MFS , WHA , D  , 23.0,  0.0,   3.0,   3.0,  48.0,      ,  0.0,     ,  0.0,     ,  0.0,    ,  10.0,       ,      ,      ,        ,        ,        ,        ,        ,        ,        ,        ,      
westrpa01, 1975,     1, MFS , WHA , D  , 54.0,  3.0,  10.0,  13.0,  98.0, 0.0  ,  0.0,     ,  0.0,     ,  0.0,    ,  55.0,       ,      ,      ,        ,        ,        ,        ,        ,        ,        ,        ,      
westrpa01, 1975,     2, CAC , WHA , D  ,  9.0,  0.0,   2.0,   2.0,  23.0, 2.0  ,  0.0,     ,  0.0,     ,  0.0,    ,   8.0,    6.0,   0.0,   1.0,     1.0,    19.0, 1.0    ,        ,        ,        ,        ,        ,      
westrpa01, 1976,     1, MF2 , WHA , D  , 40.0,  1.0,   9.0,  10.0,  42.0, 15.0 ,  0.0,     ,  0.0,     ,     ,    ,  46.0,       ,      ,      ,        ,        ,        ,        ,        ,        ,        ,        ,      
westrpa01, 1976,     2, BIR , WHA , D  , 34.0,  1.0,  11.0,  12.0,  48.0, 8.0  ,  0.0,     ,  0.0,     ,     ,    ,  24.0,       ,      ,      ,        ,        ,        ,        ,        ,        ,        ,        ,      
westrpa01, 1977,     1, BIR , WHA , D  , 77.0,  2.0,  10.0,  12.0,  97.0, -7.0 ,  0.0,     ,  0.0,     ,     ,    ,  72.0,    3.0,   0.0,   1.0,     1.0,     2.0, 1.0    ,        ,        ,        ,        ,     0.0,      
westst01 , 1974,     1, MIB , WHA , C  , 50.0, 15.0,  18.0,  33.0,   4.0, -5.0 ,  5.0,     ,  0.0,     ,     ,    , 116.0,       ,      ,      ,        ,        ,        ,        ,        ,        ,        ,        ,      
westst01 , 1975,     1, HOU , WHA , C  ,     ,     ,      ,      ,      ,      ,     ,     ,     ,     ,     ,    ,      ,    7.0,   0.0,   1.0,     1.0,     0.0, -1.0   ,        ,        ,        ,        ,        ,      
westst01 , 1976,     1, HOU , WHA , C  ,  3.0,  0.0,   0.0,   0.0,   2.0, -3.0 ,  0.0,     ,  0.0,     ,  0.0,    ,   3.0,    6.0,   0.0,   0.0,     0.0,     0.0, 1.0    ,     0.0,        ,     0.0,        ,     0.0,      
westst01 , 1977,     1, HOU , WHA , C  , 71.0, 11.0,  21.0,  32.0,  23.0, 4.0  ,  0.0,     ,  0.0,     ,     ,    ,  60.0,    6.0,   1.0,   0.0,     1.0,     0.0, 2.0    ,        ,        ,        ,        ,     0.0,      
westst01 , 1978,     1, WIJ , WHA , C  , 18.0,  3.0,  11.0,  14.0,   6.0, 6.0  ,  1.0,     ,  0.0,     ,     ,    ,  24.0,    6.0,   2.0,   3.0,     5.0,     2.0, 4.0    ,        ,        ,        ,        ,     0.0,      
westwto01, 1912,     1, OT1 , NHA ,    , 12.0,  2.0,   0.0,   2.0,   2.0,      ,     ,     ,     ,     ,     ,    ,      ,       ,      ,      ,        ,        ,        ,        ,        ,        ,        ,        ,      
westwto01, 1913,     1, QU1 , NHA ,    ,  8.0,  1.0,   0.0,   1.0,   0.0,      ,     ,     ,     ,     ,     ,    ,      ,       ,      ,      ,        ,        ,        ,        ,        ,        ,        ,        ,      
westwto01, 1914,     1, QU1 , NHA ,    ,  8.0,  0.0,   0.0,   0.0,   0.0,      ,     ,     ,     ,     ,     ,    ,      ,       ,      ,      ,        ,        ,        ,        ,        ,        ,        ,        ,      
westwto01, 1915,     1, OT1 , NHA ,    ,  3.0,  0.0,   1.0,   1.0,   0.0,      ,     ,     ,     ,     ,     ,    ,      ,       ,      ,      ,        ,        ,        ,        ,        ,        ,        ,        ,      
wetzeca01, 1964,     1, DET , NHL , G  ,  2.0,  0.0,   0.0,   0.0,   0.0,      ,  0.0,     ,  0.0,     ,  0.0, 0.0,      ,       ,      ,      ,        ,        ,        ,        ,        ,        ,        ,        ,      
wetzeca01, 1967,     1, MNS , NHL , G  ,  5.0,  0.0,   0.0,   0.0,   0.0, 0.0  ,  0.0,     ,  0.0,     ,  0.0, 0.0,   0.0,       ,      ,      ,        ,        ,        ,        ,        ,        ,        ,        ,      
wetzeca01, 1972,     1, MFS , WHA , G  ,  1.0,  0.0,   0.0,   0.0,   0.0,      ,  0.0,     ,  0.0,     ,     ,    ,      ,       ,      ,      ,        ,        ,        ,        ,        ,        ,        ,        ,      
whaleed01, 1916,     1, VML , PCHA, C  ,  9.0,  1.0,   1.0,   2.0,   0.0,      ,     ,     ,     ,     ,     ,    ,      ,       ,      ,      ,        ,        ,        ,        ,        ,        ,        ,        ,      
whaleed01, 1917,     1, VML , PCHA, C  ,  1.0,  0.0,   0.0,   0.0,   0.0,      ,     ,     ,     ,     ,     ,    ,      ,       ,      ,      ,        ,        ,        ,        ,        ,        ,        ,        ,      
wharrke01, 1951,     1, CHI , NHL , R  ,  1.0,  0.0,   0.0,   0.0,   0.0,      ,     ,     ,     ,     ,     ,    ,      ,       ,      ,      ,        ,        ,        ,        ,        ,        ,        ,        ,      
wharrke01, 1953,     1, CHI , NHL , R  , 29.0,  1.0,   7.0,   8.0,   8.0,      ,     ,     ,     ,     ,     ,    ,      ,       ,      ,      ,        ,        ,        ,        ,        ,        ,        ,        ,      
wharrke01, 1955,     1, CHI , NHL , C  ,  3.0,  0.0,   0.0,   0.0,   0.0,      ,     ,     ,     ,     ,     ,    ,      ,       ,      ,      ,        ,        ,        ,        ,        ,        ,        ,        ,      
wharrke01, 1958,     1, CHI , NHL , R/C, 66.0, 10.0,   9.0,  19.0,  14.0,      ,     ,     ,     ,     ,     ,    ,      ,    6.0,   0.0,   2.0,     2.0,     2.0,        ,        ,        ,        ,        ,        ,      
wharrke01, 1959,     1, CHI , NHL , R  , 59.0, 14.0,  11.0,  25.0,  16.0,      ,     ,     ,     ,     ,     ,    ,      ,    4.0,   1.0,   1.0,     2.0,     0.0,        ,        ,        ,        ,        ,        ,      
wharrke01, 1960,     1, CHI , NHL , R  , 64.0, 16.0,  29.0,  45.0,  12.0,      ,     ,     ,     ,     ,     ,    ,      ,   12.0,   3.0,   5.0,     8.0,    12.0,        ,        ,        ,        ,        ,     0.0,      
wharrke01, 1961,     1, CHI , NHL , R  , 62.0, 14.0,  23.0,  37.0,  24.0,      ,     ,     ,     ,     ,     ,    ,      ,   12.0,   3.0,   4.0,     7.0,     8.0,        ,        ,        ,        ,        ,     0.0,      
wharrke01, 1962,     1, CHI , NHL , R  , 55.0, 20.0,  18.0,  38.0,  17.0,      ,     ,     ,     ,     ,     ,    ,      ,    6.0,   1.0,   5.0,     6.0,     0.0,        ,        ,        ,        ,        ,     0.0,      
wharrke01, 1963,     1, CHI , NHL , R  , 70.0, 39.0,  32.0,  71.0,  18.0,      , 14.0,     ,  0.0,     ,  8.0, 1.0,      ,    7.0,   2.0,   2.0,     4.0,     6.0,        ,        ,        ,        ,        ,     0.0,      
wharrke01, 1964,     1, CHI , NHL , R  , 68.0, 24.0,  20.0,  44.0,  27.0,      ,  4.0,     ,  0.0,     ,  2.0, 1.0,      ,   12.0,   2.0,   3.0,     5.0,     4.0,        ,        ,        ,        ,        ,     2.0,      
wharrke01, 1965,     1, CHI , NHL , R  , 69.0, 26.0,  17.0,  43.0,  28.0,      ,  9.0,     ,  0.0,     ,  7.0, 1.0,      ,    6.0,   1.0,   0.0,     1.0,     4.0,        ,        ,        ,        ,        ,     0.0,      
wharrke01, 1966,     1, CHI , NHL , R  , 70.0, 31.0,  34.0,  65.0,  21.0,      ,  8.0,     ,  0.0,     ,  2.0, 0.0,      ,    6.0,   2.0,   2.0,     4.0,     2.0,        ,        ,        ,        ,        ,     0.0,      
wharrke01, 1967,     1, CHI , NHL , R  , 74.0, 27.0,  42.0,  69.0,  18.0, -2.0 ,  9.0,     ,  1.0,     ,  3.0, 3.0, 177.0,    9.0,   1.0,   3.0,     4.0,     0.0,        ,     0.0,        ,     0.0,        ,     0.0,      
wharrke01, 1968,     1, CHI , NHL , R  , 76.0, 30.0,  39.0,  69.0,  19.0, 18.0 ,  5.0,     ,  0.0,     ,  4.0, 0.0, 167.0,       ,      ,      ,        ,        ,        ,        ,        ,        ,        ,        ,      
whartle01, 1944,     1, NYR , NHL , D  ,  1.0,  0.0,   0.0,   0.0,   0.0,      ,     ,     ,     ,     ,     ,    ,      ,       ,      ,      ,        ,        ,        ,        ,        ,        ,        ,        ,      
wheelbl01, 2008,     1, BOS , NHL , R  , 81.0, 21.0,  24.0,  45.0,  46.0, 36.0 ,  3.0,  2.0,  2.0,  1.0,  3.0,    , 150.0,    8.0,   0.0,   0.0,     0.0,     0.0, 0.0    ,     0.0,     0.0,     0.0,     0.0,     0.0,     4.0
wheelbl01, 2009,     1, BOS , NHL , R  , 82.0, 18.0,  20.0,  38.0,  53.0, -4.0 ,  3.0,  5.0,  1.0,  1.0,  2.0,    , 159.0,   13.0,   1.0,   5.0,     6.0,     6.0, -6.0   ,     0.0,     1.0,     0.0,     0.0,     0.0,    18.0
wheelsi01, 1987,     1, NYR , NHL , C  ,  5.0,  0.0,   1.0,   1.0,   4.0, -2.0 ,  0.0,  0.0,  0.0,  0.0,  0.0, 0.0,   2.0,       ,      ,      ,        ,        ,        ,        ,        ,        ,        ,        ,      
wheelsi01, 1988,     1, NYR , NHL , C  ,  6.0,  0.0,   1.0,   1.0,   2.0, -1.0 ,  0.0,  0.0,  0.0,  0.0,  0.0, 0.0,   2.0,       ,      ,      ,        ,        ,        ,        ,        ,        ,        ,        ,      
wheelsi01, 1990,     1, WIN , NHL , C  ,  4.0,  0.0,   0.0,   0.0,   4.0, 2.0  ,  0.0,  0.0,  0.0,  0.0,  0.0, 0.0,   4.0,       ,      ,      ,        ,        ,        ,        ,        ,        ,        ,        ,      
whelddo01, 1974,     1, STL , NHL , D  ,  2.0,  0.0,   0.0,   0.0,   0.0, 0.0  ,  0.0,     ,  0.0,     ,  0.0, 0.0,   0.0,       ,      ,      ,        ,        ,        ,        ,        ,        ,        ,        ,      
wheltbi01, 1980,     1, WIN , NHL , D  ,  2.0,  0.0,   0.0,   0.0,   0.0, -1.0 ,  0.0,     ,  0.0,     ,  0.0, 0.0,   1.0,       ,      ,      ,        ,        ,        ,        ,        ,        ,        ,        ,      
whiddbo01, 1972,     1, CLC , WHA , G  , 26.0,  0.0,   0.0,   0.0,   5.0,      ,  0.0,     ,  0.0,     ,     ,    ,      ,       ,      ,      ,        ,        ,        ,        ,        ,        ,        ,        ,      
whiddbo01, 1973,     1, CLC , WHA , G  , 22.0,  0.0,   1.0,   1.0,   2.0,      ,  0.0,     ,  0.0,     ,  0.0,    ,      ,       ,      ,      ,        ,        ,        ,        ,        ,        ,        ,        ,      
whiddbo01, 1974,     1, CLC , WHA , G  , 29.0,  0.0,   0.0,   0.0,   2.0,      ,  0.0,     ,  0.0,     ,  0.0,    ,   0.0,       ,      ,      ,        ,        ,        ,        ,        ,        ,        ,        ,      
whiddbo01, 1975,     1, CLC , WHA , G  , 21.0,  0.0,   0.0,   0.0,   2.0, 0.0  ,  0.0,     ,  0.0,     ,  0.0,    ,   0.0,       ,      ,      ,        ,        ,        ,        ,        ,        ,        ,        ,      
whistro01, 1985,     1, NYR , NHL , D  , 32.0,  4.0,   2.0,   6.0,  10.0, -1.0 ,  1.0,     ,  0.0,     ,  1.0, 0.0,  30.0,    3.0,   0.0,   0.0,     0.0,     2.0, 1.0    ,     0.0,        ,     0.0,        ,     0.0,     3.0
whistro01, 1987,     1, STL , NHL , D  , 19.0,  3.0,   3.0,   6.0,   6.0, 0.0  ,  0.0,  0.0,  0.0,  0.0,  1.0, 0.0,  17.0,    1.0,   0.0,   0.0,     0.0,     0.0, 0.0    ,     0.0,     0.0,     0.0,     0.0,     0.0,     1.0
whitcfr01, 1909,     1, REN , NHA ,    ,  5.0,  3.0,   0.0,   3.0,  13.0,      ,     ,     ,     ,     ,     ,    ,      ,       ,      ,      ,        ,        ,        ,        ,        ,        ,        ,        ,      
whiteal01, 1972,     1, NRA , WHA , R  , 13.0,  1.0,   4.0,   5.0,   2.0,      ,  0.0,     ,  0.0,     ,     ,    ,      ,       ,      ,      ,        ,        ,        ,        ,        ,        ,        ,        ,      
whiteal01, 1972,     2, LAS , WHA , R  , 57.0, 20.0,  17.0,  37.0,  22.0,      ,  2.0,     ,  0.0,     ,     ,    ,      ,    6.0,   1.0,   0.0,     1.0,     0.0,        ,     1.0,        ,     0.0,        ,     0.0,      
whiteal01, 1973,     1, LAS , WHA , R  , 48.0,  8.0,  13.0,  21.0,  13.0,      ,  0.0,     ,  0.0,     ,  0.0,    ,      ,       ,      ,      ,        ,        ,        ,        ,        ,        ,        ,        ,      
whiteal01, 1974,     1, MIB , WHA , R  , 27.0,  9.0,  12.0,  21.0,   8.0, -15.0,  4.0,     ,  0.0,     ,     ,    ,  52.0,       ,      ,      ,        ,        ,        ,        ,        ,        ,        ,        ,      
whitebi01, 1967,     1, LAK , NHL , D  , 74.0, 11.0,  27.0,  38.0, 100.0, 17.0 ,  2.0,     ,  1.0,     ,  1.0, 1.0, 170.0,    7.0,   2.0,   2.0,     4.0,     4.0,        ,     0.0,        ,     0.0,        ,     1.0,      
whitebi01, 1968,     1, LAK , NHL , D  , 75.0,  5.0,  28.0,  33.0,  38.0, -20.0,  0.0,     ,  0.0,     ,  0.0, 0.0, 163.0,   11.0,   1.0,   4.0,     5.0,     8.0,        ,     0.0,        ,     0.0,        ,     0.0,      
whitebi01, 1969,     1, LAK , NHL , D  , 40.0,  4.0,  11.0,  15.0,  21.0, -15.0,  3.0,     ,  0.0,     ,  0.0, 0.0,  62.0,       ,      ,      ,        ,        ,        ,        ,        ,        ,        ,        ,      
whitebi01, 1969,     2, CHI , NHL , D  , 21.0,  0.0,   5.0,   5.0,  18.0, 3.0  ,  0.0,     ,  0.0,     ,  0.0, 0.0,  32.0,    8.0,   1.0,   2.0,     3.0,     8.0,        ,     0.0,        ,     0.0,        ,     0.0,      
whitebi01, 1970,     1, CHI , NHL , D  , 67.0,  4.0,  21.0,  25.0,  64.0, 51.0 ,  0.0,     ,  0.0,     ,  1.0, 0.0, 127.0,   18.0,   1.0,   4.0,     5.0,    20.0,        ,     0.0,        ,     0.0,        ,     1.0,      
whitebi01, 1971,     1, CHI , NHL , D  , 76.0,  7.0,  22.0,  29.0,  58.0, 42.0 ,  0.0,     ,  0.0,     ,  0.0, 1.0, 122.0,    8.0,   0.0,   3.0,     3.0,     6.0,        ,     0.0,        ,     0.0,        ,     0.0,      
whitebi01, 1972,     1, CHI , NHL , D  , 72.0,  9.0,  38.0,  47.0,  80.0, 30.0 ,  1.0,     ,  0.0,     ,  2.0, 0.0, 176.0,   16.0,   1.0,   6.0,     7.0,    10.0,        ,     0.0,        ,     1.0,        ,     0.0,      
whitebi01, 1973,     1, CHI , NHL , D  , 69.0,  5.0,  31.0,  36.0,  52.0, 51.0 ,  0.0,     ,  0.0,     ,  1.0, 0.0,  85.0,   11.0,   1.0,   7.0,     8.0,    14.0,        ,     1.0,        ,     0.0,        ,     0.0,      
whitebi01, 1974,     1, CHI , NHL , D  , 51.0,  4.0,  23.0,  27.0,  20.0, 9.0  ,  2.0,     ,  0.0,     ,  0.0, 0.0,  83.0,    8.0,   0.0,   3.0,     3.0,     4.0,        ,     0.0,        ,     0.0,        ,     0.0,      
whitebi01, 1975,     1, CHI , NHL , D  , 59.0,  1.0,   9.0,  10.0,  44.0, -10.0,  0.0,     ,  0.0,     ,  0.0, 0.0,  46.0,    4.0,   0.0,   1.0,     1.0,     2.0,        ,     0.0,        ,     0.0,        ,     0.0,      
whitebo01, 1940,     1, DET , NHL , D  , 23.0,  0.0,   2.0,   2.0,   2.0,      ,     ,     ,     ,     ,     ,    ,      ,    8.0,   0.0,   0.0,     0.0,     0.0,        ,        ,        ,        ,        ,        ,      
whitebo01, 1941,     1, DET , NHL , D  ,  9.0,  0.0,   0.0,   0.0,   0.0,      ,     ,     ,     ,     ,     ,    ,      ,       ,      ,      ,        ,        ,        ,        ,        ,        ,        ,        ,      
whitebr01, 1998,     1, COL , NHL , D  ,  2.0,  0.0,   0.0,   0.0,   0.0, 0.0  ,  0.0,  0.0,  0.0,  0.0,  0.0, 0.0,   0.0,       ,      ,      ,        ,        ,        ,        ,        ,        ,        ,        ,      
whiteco01, 1999,     1, NJD , NHL , D  , 21.0,  2.0,   1.0,   3.0,  40.0, 3.0  ,  0.0,  0.0,  0.0,  0.0,  1.0, 0.0,  29.0,   23.0,   1.0,   5.0,     6.0,    18.0, 9.0    ,     0.0,     0.0,     0.0,     0.0,     1.0,    23.0
whiteco01, 2000,     1, NJD , NHL , D  , 82.0,  1.0,  19.0,  20.0, 155.0, 32.0 ,  0.0,  4.0,  0.0,  2.0,  1.0, 0.0, 114.0,   25.0,   0.0,   3.0,     3.0,    42.0, 7.0    ,     0.0,     0.0,     0.0,     0.0,     0.0,    25.0
whiteco01, 2001,     1, NJD , NHL , D  , 73.0,  2.0,   3.0,   5.0, 133.0, 6.0  ,  0.0,  0.0,  0.0,  0.0,  0.0, 0.0,  81.0,    6.0,   0.0,   0.0,     0.0,     2.0, -1.0   ,     0.0,     0.0,     0.0,     0.0,     0.0,     6.0
whiteco01, 2002,     1, NJD , NHL , D  , 72.0,  5.0,   8.0,  13.0,  98.0, 19.0 ,  0.0,  1.0,  0.0,  0.0,  1.0, 0.0,  81.0,   24.0,   0.0,   5.0,     5.0,    29.0, 3.0    ,     0.0,     0.0,     0.0,     0.0,     0.0,    21.0
whiteco01, 2003,     1, NJD , NHL , D  , 75.0,  2.0,  11.0,  13.0,  96.0, 10.0 ,  0.0,  1.0,  0.0,  0.0,  0.0, 0.0,  61.0,    5.0,   0.0,   0.0,     0.0,     4.0, -1.0   ,     0.0,     0.0,     0.0,     0.0,     0.0,     2.0
whiteco01, 2005,     1, NJD , NHL , D  , 73.0,  3.0,  14.0,  17.0,  91.0, -2.0 ,  1.0,  6.0,  0.0,  0.0,  1.0,    ,  60.0,    4.0,   0.0,   0.0,     0.0,     4.0, 0.0    ,     0.0,     0.0,     0.0,     0.0,     0.0,     1.0
whiteco01, 2006,     1, NJD , NHL , D  , 69.0,  0.0,   8.0,   8.0,  69.0, -8.0 ,  0.0,  0.0,  0.0,  0.0,  0.0,    ,  47.0,    7.0,   0.0,   0.0,     0.0,     6.0, -4.0   ,     0.0,     0.0,     0.0,     0.0,     0.0,     2.0
whiteco01, 2007,     1, NJD , NHL , D  , 57.0,  2.0,   8.0,  10.0,  26.0, -5.0 ,  0.0,  0.0,  0.0,  0.0,  1.0,    ,  27.0,    5.0,   0.0,   0.0,     0.0,     6.0, -2.0   ,     0.0,     0.0,     0.0,     0.0,     0.0,     3.0
whiteco01, 2008,     1, NJD , NHL , D  , 71.0,  1.0,  17.0,  18.0,  46.0, 18.0 ,  0.0,  0.0,  0.0,  3.0,  0.0,    ,  68.0,    7.0,   0.0,   1.0,     1.0,     6.0, -3.0   ,     0.0,     0.0,     0.0,     0.0,     0.0,     3.0
whiteco01, 2009,     1, NJD , NHL , D  , 81.0,  2.0,  10.0,  12.0,  46.0, 8.0  ,  0.0,  0.0,  0.0,  1.0,  0.0,    ,  47.0,    5.0,   1.0,   0.0,     1.0,     8.0, -1.0   ,     0.0,     0.0,     0.0,     0.0,     0.0,     1.0
whiteia01, 2005,     1, TOR , NHL , D  , 12.0,  1.0,   5.0,   6.0,  10.0, 2.0  ,  0.0,  2.0,  0.0,  0.0,  0.0,    ,  21.0,       ,      ,      ,        ,        ,        ,        ,        ,        ,        ,        ,      
whiteia01, 2006,     1, TOR , NHL , D  , 76.0,  3.0,  23.0,  26.0,  40.0, 8.0  ,  1.0,  5.0,  0.0,  0.0,  1.0,    , 138.0,       ,      ,      ,        ,        ,        ,        ,        ,        ,        ,        ,      
whiteia01, 2007,     1, TOR , NHL , D  , 81.0,  5.0,  16.0,  21.0,  44.0, -9.0 ,  0.0,  1.0,  0.0,  0.0,  2.0,    , 116.0,       ,      ,      ,        ,        ,        ,        ,        ,        ,        ,        ,      
whiteia01, 2008,     1, TOR , NHL , D  , 71.0, 10.0,  16.0,  26.0,  57.0, 6.0  ,  2.0,  3.0,  0.0,  1.0,  2.0,    , 158.0,       ,      ,      ,        ,        ,        ,        ,        ,        ,        ,        ,      
whiteia01, 2009,     1, TOR , NHL , D  , 56.0,  9.0,  17.0,  26.0,  39.0, 1.0  ,  2.0,  3.0,  0.0,  0.0,  1.0,    , 130.0,       ,      ,      ,        ,        ,        ,        ,        ,        ,        ,        ,      
whiteia01, 2009,     2, CAL , NHL , D  , 27.0,  4.0,   8.0,  12.0,  12.0, 7.0  ,  1.0,  3.0,  0.0,  0.0,  0.0,    ,  43.0,       ,      ,      ,        ,        ,        ,        ,        ,        ,        ,        ,      
whitemo01, 1945,     1, MTL , NHL , L  ,  4.0,  0.0,   1.0,   1.0,   2.0,      ,     ,     ,     ,     ,     ,    ,      ,       ,      ,      ,        ,        ,        ,        ,        ,        ,        ,        ,      
whitepe01, 1993,     1, EDM , NHL , L  , 26.0,  3.0,   5.0,   8.0,   2.0, 1.0  ,  0.0,  0.0,  0.0,  0.0,  0.0, 0.0,  17.0,       ,      ,      ,        ,        ,        ,        ,        ,        ,        ,        ,      
whitepe01, 1994,     1, EDM , NHL , C  ,  9.0,  2.0,   4.0,   6.0,   0.0, 1.0  ,  2.0,  0.0,  0.0,  0.0,  0.0, 0.0,  13.0,       ,      ,      ,        ,        ,        ,        ,        ,        ,        ,        ,      
whitepe01, 1995,     1, EDM , NHL , C  , 26.0,  5.0,   3.0,   8.0,   0.0, -14.0,  1.0,  1.0,  0.0,  0.0,  0.0, 0.0,  34.0,       ,      ,      ,        ,        ,        ,        ,        ,        ,        ,        ,      
whitepe01, 1995,     2, TOR , NHL , C  ,  1.0,  0.0,   0.0,   0.0,   0.0, 0.0  ,  0.0,  0.0,  0.0,  0.0,  0.0, 0.0,   0.0,       ,      ,      ,        ,        ,        ,        ,        ,        ,        ,        ,      
whitepe01, 1998,     1, PHI , NHL , C  ,  3.0,  0.0,   0.0,   0.0,   0.0, 0.0  ,  0.0,  0.0,  0.0,  0.0,  0.0, 0.0,   0.0,       ,      ,      ,        ,        ,        ,        ,        ,        ,        ,        ,      
whitepe01, 1999,     1, PHI , NHL , L  , 21.0,  1.0,   5.0,   6.0,   6.0, 1.0  ,  0.0,  0.0,  0.0,  0.0,  0.0, 0.0,  24.0,   16.0,   0.0,   2.0,     2.0,     0.0, -1.0   ,     0.0,     1.0,     0.0,     0.0,     0.0,    17.0
whitepe01, 2000,     1, PHI , NHL , C  , 77.0,  9.0,  16.0,  25.0,  16.0, 1.0  ,  1.0,  2.0,  0.0,  2.0,  1.0, 0.0,  68.0,    3.0,   0.0,   0.0,     0.0,     0.0, -1.0   ,     0.0,     0.0,     0.0,     0.0,     0.0,     2.0
whitepe01, 2001,     1, CHI , NHL , C  , 48.0,  3.0,   3.0,   6.0,  10.0, -8.0 ,  1.0,  1.0,  0.0,  0.0,  1.0, 0.0,  21.0,       ,      ,      ,        ,        ,        ,        ,        ,        ,        ,        ,      
whitepe01, 2002,     1, CHI , NHL , C  ,  6.0,  0.0,   1.0,   1.0,   0.0, 0.0  ,  0.0,  0.0,  0.0,  0.0,  0.0, 0.0,   2.0,       ,      ,      ,        ,        ,        ,        ,        ,        ,        ,        ,      
whitepe01, 2003,     1, PHI , NHL , C  ,  3.0,  0.0,   0.0,   0.0,   2.0, -1.0 ,  0.0,  0.0,  0.0,  0.0,  0.0, 0.0,   2.0,       ,      ,      ,        ,        ,        ,        ,        ,        ,        ,        ,      
whitery01, 2009,     1, MTL , NHL , R  , 16.0,  0.0,   2.0,   2.0,  16.0, -6.0 ,  0.0,  0.0,  0.0,  0.0,  0.0,    ,   5.0,       ,      ,      ,        ,        ,        ,        ,        ,        ,        ,        ,      
whitesh01, 1946,     1, NYR , NHL , C  ,  1.0,  0.0,   0.0,   0.0,   0.0,      ,     ,     ,     ,     ,     ,    ,      ,       ,      ,      ,        ,        ,        ,        ,        ,        ,        ,        ,      
whitesh01, 1949,     1, NYR , NHL , C  ,  3.0,  0.0,   2.0,   2.0,   0.0,      ,     ,     ,     ,     ,     ,    ,      ,       ,      ,      ,        ,        ,        ,        ,        ,        ,        ,        ,      
whitete01, 1925,     1, PIP , NHL , R  , 35.0,  7.0,   1.0,   8.0,  22.0,      ,     ,     ,     ,     ,     ,    ,      ,       ,      ,      ,        ,        ,        ,        ,        ,        ,        ,        ,      
whitete01, 1926,     1, PIP , NHL , R  , 43.0,  5.0,   4.0,   9.0,  21.0,      ,     ,     ,     ,     ,     ,    ,      ,       ,      ,      ,        ,        ,        ,        ,        ,        ,        ,        ,      
whitete01, 1927,     1, PIP , NHL , R  , 44.0,  5.0,   1.0,   6.0,  54.0,      ,     ,     ,     ,     ,     ,    ,      ,    2.0,   0.0,   0.0,     0.0,     2.0,        ,        ,        ,        ,        ,        ,      
whitete01, 1928,     1, PIP , NHL , R  , 30.0,  4.0,   4.0,   8.0,  18.0,      ,     ,     ,     ,     ,     ,    ,      ,       ,      ,      ,        ,        ,        ,        ,        ,        ,        ,        ,      
whitete01, 1928,     2, NYA , NHL , R  , 13.0,  1.0,   1.0,   2.0,   8.0,      ,     ,     ,     ,     ,     ,    ,      ,    2.0,   0.0,   0.0,     0.0,     2.0,        ,        ,        ,        ,        ,        ,      
whitete01, 1929,     1, PIP , NHL , R  , 29.0,  8.0,   1.0,   9.0,  16.0,      ,     ,     ,     ,     ,     ,    ,      ,       ,      ,      ,        ,        ,        ,        ,        ,        ,        ,        ,      
whitete01, 1930,     1, PHQ , NHL , R  ,  9.0,  3.0,   0.0,   3.0,   2.0,      ,     ,     ,     ,     ,     ,    ,      ,       ,      ,      ,        ,        ,        ,        ,        ,        ,        ,        ,      
whiteto01, 1974,     1, WAS , NHL , L  ,  5.0,  0.0,   2.0,   2.0,   0.0, 0.0  ,  0.0,     ,  0.0,     ,  0.0, 0.0,   8.0,       ,      ,      ,        ,        ,        ,        ,        ,        ,        ,        ,      
whiteto01, 1975,     1, WAS , NHL , L  , 80.0, 25.0,  17.0,  42.0,  56.0, -43.0,  7.0,     ,  0.0,     ,  2.0, 0.0, 168.0,       ,      ,      ,        ,        ,        ,        ,        ,        ,        ,        ,      
whiteto01, 1976,     1, WAS , NHL , L  , 72.0, 12.0,   9.0,  21.0,  44.0, -15.0,  2.0,     ,  1.0,     ,  3.0, 1.0, 126.0,       ,      ,      ,        ,        ,        ,        ,        ,        ,        ,        ,      
whiteto01, 1977,     1, WAS , NHL , L  ,  1.0,  0.0,   0.0,   0.0,   0.0, -4.0 ,  0.0,     ,  0.0,     ,  0.0, 0.0,   4.0,       ,      ,      ,        ,        ,        ,        ,        ,        ,        ,        ,      
whiteto01, 1979,     1, MNS , NHL , L  ,  6.0,  0.0,   0.0,   0.0,   4.0, -2.0 ,  0.0,     ,  0.0,     ,  0.0, 0.0,  10.0,       ,      ,      ,        ,        ,        ,        ,        ,        ,        ,        ,      
whiteto02, 1997,     1, CHI , NHL , C  ,  7.0,  1.0,   0.0,   1.0,   2.0, 0.0  ,  0.0,  0.0,  0.0,  0.0,  0.0, 0.0,   3.0,       ,      ,      ,        ,        ,        ,        ,        ,        ,        ,        ,      
whiteto02, 1998,     1, CHI , NHL , C  , 35.0,  5.0,   8.0,  13.0,  20.0, -1.0 ,  2.0,  2.0,  0.0,  0.0,  0.0, 0.0,  43.0,       ,      ,      ,        ,        ,        ,        ,        ,        ,        ,        ,      
whiteto02, 1999,     1, CHI , NHL , C  ,  1.0,  0.0,   0.0,   0.0,   0.0, 0.0  ,  0.0,  0.0,  0.0,  0.0,  0.0, 0.0,   0.0,       ,      ,      ,        ,        ,        ,        ,        ,        ,        ,        ,      
whiteto02, 1999,     2, PHI , NHL , C  ,  3.0,  1.0,   0.0,   1.0,   0.0, -1.0 ,  0.0,  0.0,  0.0,  0.0,  0.0, 0.0,   4.0,       ,      ,      ,        ,        ,        ,        ,        ,        ,        ,        ,      
whiteto02, 2000,     1, OTT , NHL , C  , 16.0,  4.0,   1.0,   5.0,   4.0, 5.0  ,  0.0,  1.0,  0.0,  0.0,  0.0, 0.0,  12.0,    2.0,   0.0,   0.0,     0.0,     0.0, 0.0    ,     0.0,     0.0,     0.0,     0.0,     0.0,     2.0
whiteto02, 2001,     1, OTT , NHL , C  , 81.0, 20.0,  30.0,  50.0,  24.0, 12.0 ,  4.0,  7.0,  0.0,  0.0,  1.0, 0.0, 147.0,   12.0,   2.0,   2.0,     4.0,     6.0, 4.0    ,     0.0,     0.0,     0.0,     0.0,     0.0,    29.0
whiteto02, 2002,     1, OTT , NHL , C  , 80.0, 25.0,  35.0,  60.0,  28.0, 19.0 ,  8.0, 15.0,  1.0,  0.0,  5.0, 0.0, 144.0,   18.0,   5.0,   1.0,     6.0,     6.0, -1.0   ,     1.0,     0.0,     1.0,     0.0,     2.0,    30.0
whiteto02, 2003,     1, OTT , NHL , C  , 53.0,  9.0,  20.0,  29.0,  22.0, 12.0 ,  1.0,  6.0,  1.0,  0.0,  2.0, 0.0,  98.0,    7.0,   1.0,   0.0,     1.0,     4.0, -1.0   ,     0.0,     0.0,     0.0,     0.0,     0.0,    13.0
whiteto02, 2005,     1, MIN , NHL , C  , 61.0, 19.0,  21.0,  40.0,  18.0, -1.0 ,  5.0, 10.0,  0.0,  1.0,  0.0,    , 109.0,       ,      ,      ,        ,        ,        ,        ,        ,        ,        ,        ,      
whiteto02, 2006,     1, MIN , NHL , C  , 77.0, 13.0,  31.0,  44.0,  24.0, 8.0  ,  6.0,  8.0,  1.0,  1.0,  1.0,    , 162.0,    4.0,   0.0,   0.0,     0.0,     0.0, -1.0   ,     0.0,     0.0,     0.0,     0.0,     0.0,     6.0
whiteto02, 2007,     1, ATL , NHL , C  , 74.0, 14.0,  23.0,  37.0,  36.0, -12.0,  6.0,  5.0,  1.0,  0.0,  4.0,    , 111.0,       ,      ,      ,        ,        ,        ,        ,        ,        ,        ,        ,      
whiteto02, 2008,     1, ATL , NHL , C  , 82.0, 22.0,  51.0,  73.0,  24.0, -9.0 , 12.0, 22.0,  1.0,  0.0,  0.0,    , 150.0,       ,      ,      ,        ,        ,        ,        ,        ,        ,        ,        ,      
whiteto02, 2009,     1, ATL , NHL , C  , 65.0,  7.0,  19.0,  26.0,  24.0, -11.0,  2.0,  8.0,  0.0,  0.0,  3.0,    ,  92.0,       ,      ,      ,        ,        ,        ,        ,        ,        ,        ,        ,      
whitftr01, 1999,     1, WAS , NHL , C  ,     ,     ,      ,      ,      ,      ,     ,     ,     ,     ,     ,    ,      ,    3.0,   0.0,   0.0,     0.0,     0.0, 0.0    ,     0.0,     0.0,     0.0,     0.0,     0.0,     0.0
whitftr01, 2000,     1, WAS , NHL , C  , 61.0,  2.0,   4.0,   6.0,  35.0, 3.0  ,  0.0,  0.0,  0.0,  0.0,  0.0, 0.0,  47.0,    5.0,   0.0,   0.0,     0.0,     2.0, 0.0    ,     0.0,     0.0,     0.0,     0.0,     0.0,     3.0
whitftr01, 2001,     1, WAS , NHL , C  , 24.0,  0.0,   1.0,   1.0,  28.0, -3.0 ,  0.0,  0.0,  0.0,  0.0,  0.0, 0.0,  15.0,       ,      ,      ,        ,        ,        ,        ,        ,        ,        ,        ,      
whitftr01, 2001,     2, NYR , NHL , C  ,  1.0,  0.0,   0.0,   0.0,   0.0, 1.0  ,  0.0,  0.0,  0.0,  0.0,  0.0, 0.0,   0.0,       ,      ,      ,        ,        ,        ,        ,        ,        ,        ,        ,      
whitftr01, 2002,     1, WAS , NHL , C  , 14.0,  1.0,   1.0,   2.0,   6.0, 1.0  ,  0.0,  0.0,  0.0,  0.0,  1.0, 0.0,   4.0,    6.0,   0.0,   0.0,     0.0,    10.0, 1.0    ,     0.0,     0.0,     0.0,     0.0,     0.0,     3.0
whitftr01, 2003,     1, WAS , NHL , C  , 44.0,  6.0,   5.0,  11.0,  14.0, -2.0 ,  0.0,  0.0,  1.0,  0.0,  2.0, 0.0,  38.0,       ,      ,      ,        ,        ,        ,        ,        ,        ,        ,        ,      
whitftr01, 2005,     1, STL , NHL , C  , 30.0,  2.0,   5.0,   7.0,  14.0, -3.0 ,  1.0,  1.0,  0.0,  0.0,  0.0,    ,  41.0,       ,      ,      ,        ,        ,        ,        ,        ,        ,        ,        ,      
whitftr01, 2008,     1, STL , NHL , C  ,  3.0,  0.0,   1.0,   1.0,   0.0, 2.0  ,  0.0,  0.0,  0.0,  0.0,  0.0,    ,   4.0,       ,      ,      ,        ,        ,        ,        ,        ,        ,        ,        ,      
whitftr01, 2009,     1, BOS , NHL , C  , 16.0,  0.0,   1.0,   1.0,   7.0, -2.0 ,  0.0,  0.0,  0.0,  0.0,  0.0,    ,  15.0,    4.0,   0.0,   0.0,     0.0,     0.0, -1.0   ,     0.0,     0.0,     0.0,     0.0,     0.0,     2.0
whitlbo01, 1969,     1, MNS , NHL , C  ,  1.0,  0.0,   0.0,   0.0,   0.0, 1.0  ,  0.0,     ,  0.0,     ,  0.0, 0.0,   3.0,       ,      ,      ,        ,        ,        ,        ,        ,        ,        ,        ,      
whitlbo01, 1972,     1, CHC , WHA , C  , 75.0, 23.0,  28.0,  51.0,  53.0,      ,  3.0,     ,  2.0,     ,     ,    ,      ,       ,      ,      ,        ,        ,        ,        ,        ,        ,        ,        ,      
whitlbo01, 1973,     1, CHC , WHA , C  , 52.0, 16.0,  19.0,  35.0,  26.0,      ,  6.0,     ,  1.0,     ,  2.0,    ,      ,       ,      ,      ,        ,        ,        ,        ,        ,        ,        ,        ,      
whitlbo01, 1973,     2, LAS , WHA , C  , 14.0,  4.0,  10.0,  14.0,   4.0,      ,  1.0,     ,  0.0,     ,  0.0,    ,      ,       ,      ,      ,        ,        ,        ,        ,        ,        ,        ,        ,      
whitlbo01, 1974,     1, IND , WHA , C  , 73.0, 31.0,  26.0,  57.0,  56.0, -27.0,  5.0,     ,  0.0,     ,     ,    , 290.0,       ,      ,      ,        ,        ,        ,        ,        ,        ,        ,        ,      
whitlbo01, 1975,     1, IND , WHA , C  , 30.0,  7.0,  15.0,  22.0,  16.0, 1.0  ,  2.0,     ,  0.0,     ,  1.0,    , 111.0,       ,      ,      ,        ,        ,        ,        ,        ,        ,        ,        ,      
whitmka01, 1988,     1, HAR , NHL , G  ,  3.0,  0.0,   2.0,   2.0,   4.0, 0.0  ,  0.0,     ,  0.0,     ,  0.0, 0.0,   0.0,    2.0,   0.0,   0.0,     0.0,     0.0, 0.0    ,     0.0,     0.0,     0.0,     0.0,     0.0,     0.0
whitmka01, 1989,     1, HAR , NHL , G  ,  9.0,  0.0,   1.0,   1.0,   4.0, 0.0  ,  0.0,     ,  0.0,     ,  0.0, 0.0,   0.0,       ,      ,      ,        ,        ,        ,        ,        ,        ,        ,        ,      
whitmka01, 1990,     1, HAR , NHL , G  , 18.0,  0.0,   1.0,   1.0,   4.0, 0.0  ,  0.0,     ,  0.0,     ,  0.0, 0.0,   0.0,       ,      ,      ,        ,        ,        ,        ,        ,        ,        ,        ,      
whitmka01, 1991,     1, HAR , NHL , G  , 45.0,  0.0,   1.0,   1.0,  16.0, 0.0  ,  0.0,  0.0,  0.0,  0.0,  0.0, 0.0,   0.0,    1.0,   0.0,   0.0,     0.0,     0.0, 0.0    ,     0.0,     0.0,     0.0,     0.0,     0.0,     0.0
whitmka01, 1992,     1, VAN , NHL , G  , 31.0,  0.0,   3.0,   3.0,   2.0, 0.0  ,  0.0,  0.0,  0.0,  1.0,  0.0, 0.0,   0.0,       ,      ,      ,        ,        ,        ,        ,        ,        ,        ,        ,      
whitmka01, 1993,     1, VAN , NHL , G  , 32.0,  0.0,   0.0,   0.0,   6.0, 0.0  ,  0.0,  0.0,  0.0,  0.0,  0.0, 0.0,   0.0,       ,      ,      ,        ,        ,        ,        ,        ,        ,        ,        ,      
whitmka01, 1994,     1, VAN , NHL , G  , 11.0,  0.0,   1.0,   1.0,   7.0, 0.0  ,  0.0,  1.0,  0.0,  0.0,  0.0, 0.0,   0.0,    1.0,   0.0,   0.0,     0.0,     0.0, 0.0    ,     0.0,     0.0,     0.0,     0.0,     0.0,     0.0
whitmka01, 2000,     1, BOS , NHL , G  ,  5.0,  0.0,   0.0,   0.0,   0.0, 0.0  ,  0.0,  0.0,  0.0,  0.0,  0.0, 0.0,   0.0,       ,      ,      ,        ,        ,        ,        ,        ,        ,        ,        ,      
whitmka01, 2001,     1, CAL , NHL , G  ,  1.0,  0.0,   0.0,   0.0,   0.0, 0.0  ,  0.0,  0.0,  0.0,  0.0,  0.0, 0.0,   0.0,       ,      ,      ,        ,        ,        ,        ,        ,        ,        ,        ,      
whitnra01, 1991,     1, SJS , NHL , C  ,  2.0,  0.0,   3.0,   3.0,   0.0, -1.0 ,  0.0,  2.0,  0.0,  0.0,  0.0, 0.0,   4.0,       ,      ,      ,        ,        ,        ,        ,        ,        ,        ,        ,      
whitnra01, 1992,     1, SJS , NHL , C  , 26.0,  4.0,   6.0,  10.0,   4.0, -14.0,  1.0,  2.0,  0.0,  0.0,  0.0, 0.0,  24.0,       ,      ,      ,        ,        ,        ,        ,        ,        ,        ,        ,      
whitnra01, 1993,     1, SJS , NHL , C  , 61.0, 14.0,  26.0,  40.0,  14.0, 2.0  ,  1.0,  8.0,  0.0,  0.0,  0.0, 1.0,  82.0,   14.0,   0.0,   4.0,     4.0,     8.0, -4.0   ,     0.0,     1.0,     0.0,     0.0,     0.0,    16.0
whitnra01, 1994,     1, SJS , NHL , L  , 39.0, 13.0,  12.0,  25.0,  14.0, -7.0 ,  4.0,  4.0,  0.0,  0.0,  1.0, 0.0,  67.0,   11.0,   4.0,   4.0,     8.0,     2.0, -3.0   ,     0.0,     2.0,     0.0,     0.0,     1.0,    15.0
whitnra01, 1995,     1, SJS , NHL , C  , 60.0, 17.0,  24.0,  41.0,  16.0, -23.0,  4.0,  8.0,  2.0,  1.0,  2.0, 0.0, 106.0,       ,      ,      ,        ,        ,        ,        ,        ,        ,        ,        ,      
whitnra01, 1996,     1, SJS , NHL , L  , 12.0,  0.0,   2.0,   2.0,   4.0, -6.0 ,  0.0,  0.0,  0.0,  0.0,  0.0, 0.0,  24.0,       ,      ,      ,        ,        ,        ,        ,        ,        ,        ,        ,      
whitnra01, 1997,     1, EDM , NHL , L  ,  9.0,  1.0,   3.0,   4.0,   0.0, -1.0 ,  0.0,  2.0,  0.0,  0.0,  0.0, 0.0,  19.0,       ,      ,      ,        ,        ,        ,        ,        ,        ,        ,        ,      
whitnra01, 1997,     2, FLO , NHL , L  , 68.0, 32.0,  29.0,  61.0,  28.0, 10.0 , 12.0, 15.0,  0.0,  0.0,  2.0, 0.0, 156.0,       ,      ,      ,        ,        ,        ,        ,        ,        ,        ,        ,      
whitnra01, 1998,     1, FLO , NHL , C  , 81.0, 26.0,  38.0,  64.0,  18.0, -3.0 ,  7.0, 17.0,  0.0,  0.0,  6.0, 1.0, 193.0,       ,      ,      ,        ,        ,        ,        ,        ,        ,        ,        ,      
whitnra01, 1999,     1, FLO , NHL , L  , 81.0, 29.0,  42.0,  71.0,  35.0, 16.0 ,  5.0, 17.0,  0.0,  0.0,  3.0, 2.0, 198.0,    4.0,   1.0,   0.0,     1.0,     4.0, -2.0   ,     0.0,     0.0,     0.0,     0.0,     0.0,    17.0
whitnra01, 2000,     1, FLO , NHL , L  , 43.0, 10.0,  21.0,  31.0,  28.0, -16.0,  5.0,  7.0,  0.0,  0.0,  0.0, 0.0, 117.0,       ,      ,      ,        ,        ,        ,        ,        ,        ,        ,        ,      
whitnra01, 2000,     2, CBS , NHL , L  ,  3.0,  0.0,   3.0,   3.0,   2.0, -1.0 ,  0.0,  3.0,  0.0,  0.0,  0.0, 0.0,   3.0,       ,      ,      ,        ,        ,        ,        ,        ,        ,        ,        ,      
whitnra01, 2001,     1, CBS , NHL , L  , 67.0, 21.0,  40.0,  61.0,  12.0, -22.0,  6.0, 21.0,  0.0,  0.0,  3.0, 0.0, 210.0,       ,      ,      ,        ,        ,        ,        ,        ,        ,        ,        ,      
whitnra01, 2002,     1, CBS , NHL , L  , 81.0, 24.0,  52.0,  76.0,  22.0, -26.0,  8.0, 34.0,  2.0,  1.0,  2.0, 1.0, 235.0,       ,      ,      ,        ,        ,        ,        ,        ,        ,        ,        ,      
whitnra01, 2003,     1, DET , NHL , L  , 67.0, 14.0,  29.0,  43.0,  22.0, 7.0  ,  3.0,  9.0,  1.0,  1.0,  4.0, 0.0, 119.0,   12.0,   1.0,   3.0,     4.0,     4.0, -4.0   ,     0.0,     0.0,     0.0,     0.0,     1.0,    21.0
whitnra01, 2005,     1, CAR , NHL , R  , 63.0, 17.0,  38.0,  55.0,  42.0, 0.0  , 12.0, 24.0,  0.0,  0.0,  2.0,    , 147.0,   24.0,   9.0,   6.0,    15.0,    14.0, -1.0   ,     5.0,     5.0,     0.0,     0.0,     1.0,    40.0
whitnra01, 2006,     1, CAR , NHL , L  , 81.0, 32.0,  51.0,  83.0,  46.0, -5.0 ,  6.0, 24.0,  0.0,  0.0,  6.0,    , 215.0,       ,      ,      ,        ,        ,        ,        ,        ,        ,        ,        ,      
whitnra01, 2007,     1, CAR , NHL , L  , 66.0, 25.0,  36.0,  61.0,  30.0, -6.0 ,  6.0, 24.0,  0.0,  0.0,  4.0,    , 204.0,       ,      ,      ,        ,        ,        ,        ,        ,        ,        ,        ,      
whitnra01, 2008,     1, CAR , NHL , L  , 82.0, 24.0,  53.0,  77.0,  32.0, 2.0  ,  7.0, 23.0,  0.0,  0.0,  2.0,    , 219.0,   18.0,   3.0,   8.0,    11.0,     4.0, -9.0   ,     0.0,     4.0,     0.0,     0.0,     1.0,    55.0
whitnra01, 2009,     1, CAR , NHL , L  , 80.0, 21.0,  37.0,  58.0,  26.0, -6.0 ,  7.0, 12.0,  0.0,  0.0,  5.0,    , 171.0,       ,      ,      ,        ,        ,        ,        ,        ,        ,        ,        ,      
whitnry01, 2005,     1, PIT , NHL , D  , 68.0,  6.0,  32.0,  38.0,  85.0, -7.0 ,  2.0, 14.0,  0.0,  1.0,  1.0,    , 113.0,       ,      ,      ,        ,        ,        ,        ,        ,        ,        ,        ,      
whitnry01, 2006,     1, PIT , NHL , D  , 81.0, 14.0,  45.0,  59.0,  77.0, 9.0  ,  9.0, 24.0,  0.0,  1.0,  2.0,    , 129.0,    5.0,   1.0,   1.0,     2.0,     6.0, -4.0   ,     1.0,     0.0,     0.0,     0.0,     0.0,     4.0
whitnry01, 2007,     1, PIT , NHL , D  , 76.0, 12.0,  28.0,  40.0,  45.0, -2.0 ,  7.0, 15.0,  1.0,  0.0,  1.0,    , 119.0,   20.0,   1.0,   5.0,     6.0,    25.0, 8.0    ,     1.0,     2.0,     0.0,     0.0,     0.0,    37.0
whitnry01, 2008,     1, PIT , NHL , D  , 28.0,  2.0,  11.0,  13.0,  16.0, -15.0,  1.0,  5.0,  0.0,  0.0,  0.0,    ,  42.0,       ,      ,      ,        ,        ,        ,        ,        ,        ,        ,        ,      
whitnry01, 2008,     2, AND , NHL , D  , 20.0,  0.0,  10.0,  10.0,  12.0, 1.0  ,  0.0,  5.0,  0.0,  0.0,  0.0,    ,  29.0,   13.0,   1.0,   5.0,     6.0,     9.0, -1.0   ,     1.0,     3.0,     0.0,     0.0,     0.0,     9.0
whitnry01, 2009,     1, AND , NHL , D  , 62.0,  4.0,  24.0,  28.0,  48.0, -6.0 ,  3.0, 10.0,  0.0,  0.0,  0.0,    , 107.0,       ,      ,      ,        ,        ,        ,        ,        ,        ,        ,        ,      
whitnry01, 2009,     2, EDM , NHL , D  , 19.0,  3.0,   8.0,  11.0,  22.0, 7.0  ,  0.0,  4.0,  0.0,  0.0,  1.0,    ,  44.0,       ,      ,      ,        ,        ,        ,        ,        ,        ,        ,        ,      
whytese01, 1991,     1, LAK , NHL , R  ,  3.0,  0.0,   0.0,   0.0,   0.0, -1.0 ,  0.0,  0.0,  0.0,  0.0,  0.0, 0.0,   0.0,       ,      ,      ,        ,        ,        ,        ,        ,        ,        ,        ,      
whytese01, 1992,     1, LAK , NHL , R  , 18.0,  0.0,   2.0,   2.0,  12.0, 1.0  ,  0.0,  0.0,  0.0,  0.0,  0.0, 0.0,   7.0,       ,      ,      ,        ,        ,        ,        ,        ,        ,        ,        ,      
wickedo01, 1980,     1, MTL , NHL , C  , 41.0,  7.0,   8.0,  15.0,  20.0, 5.0  ,  2.0,     ,  0.0,     ,  0.0, 0.0,  56.0,       ,      ,      ,        ,        ,        ,        ,        ,        ,        ,        ,      
wickedo01, 1981,     1, MTL , NHL , C  , 56.0, 12.0,  23.0,  35.0,  43.0, 18.0 ,  1.0,     ,  0.0,     ,  3.0, 0.0,  94.0,       ,      ,      ,        ,        ,        ,        ,        ,        ,        ,        ,      
wickedo01, 1982,     1, MTL , NHL , C  , 78.0, 25.0,  30.0,  55.0,  49.0, 22.0 ,  5.0,     ,  0.0,     ,  3.0, 1.0, 160.0,       ,      ,      ,        ,        ,        ,        ,        ,        ,        ,        ,      
wickedo01, 1983,     1, MTL , NHL , C  , 27.0,  5.0,   5.0,  10.0,   6.0, 1.0  ,  0.0,     ,  0.0,     ,  1.0, 0.0,  26.0,       ,      ,      ,        ,        ,        ,        ,        ,        ,        ,        ,      
wickedo01, 1983,     2, STL , NHL , C  , 46.0,  7.0,  21.0,  28.0,  19.0, 10.0 ,  2.0,     ,  0.0,     ,  1.0, 0.0, 118.0,   11.0,   2.0,   2.0,     4.0,     2.0, 0.0    ,     0.0,        ,     1.0,        ,     1.0,    27.0
wickedo01, 1984,     1, STL , NHL , C  , 68.0, 23.0,  20.0,  43.0,  36.0, 9.0  ,  1.0,     ,  2.0,     ,  3.0, 1.0, 155.0,       ,      ,      ,        ,        ,        ,        ,        ,        ,        ,        ,      
wickedo01, 1985,     1, STL , NHL , C  , 36.0,  8.0,  11.0,  19.0,  16.0, 11.0 ,  0.0,     ,  0.0,     ,  2.0, 0.0,  53.0,   19.0,   2.0,   5.0,     7.0,    12.0, 1.0    ,     1.0,        ,     0.0,        ,     1.0,    40.0
wickedo01, 1986,     1, STL , NHL , L  , 80.0, 13.0,  15.0,  28.0,  37.0, -22.0,  5.0,     ,  2.0,     ,  1.0, 0.0, 131.0,    6.0,   0.0,   0.0,     0.0,     2.0, -3.0   ,     0.0,        ,     0.0,        ,     0.0,     7.0
wickedo01, 1987,     1, VAN , NHL , C  , 80.0,  7.0,  19.0,  26.0,  36.0, -15.0,  0.0,  1.0,  2.0,  1.0,  2.0, 0.0, 123.0,       ,      ,      ,        ,        ,        ,        ,        ,        ,        ,        ,      
wickedo01, 1988,     1, NYR , NHL , C  ,  1.0,  1.0,   0.0,   1.0,   0.0, 1.0  ,  0.0,  0.0,  0.0,  0.0,  0.0, 0.0,   4.0,       ,      ,      ,        ,        ,        ,        ,        ,        ,        ,        ,      
wickedo01, 1988,     2, WAS , NHL , C  , 16.0,  2.0,   5.0,   7.0,   4.0, 0.0  ,  1.0,  0.0,  0.0,  0.0,  0.0, 0.0,  29.0,    5.0,   0.0,   0.0,     0.0,     2.0, -1.0   ,     0.0,     0.0,     0.0,     0.0,     0.0,     3.0
wickedo01, 1989,     1, WAS , NHL , C  , 27.0,  1.0,   8.0,   9.0,  20.0, 1.0  ,  0.0,  0.0,  0.0,  1.0,  0.0, 0.0,  44.0,       ,      ,      ,        ,        ,        ,        ,        ,        ,        ,        ,      
widemde01, 2005,     1, STL , NHL , D  , 67.0,  8.0,  16.0,  24.0,  83.0, -31.0,  5.0,  9.0,  1.0,  0.0,  1.0,    , 150.0,       ,      ,      ,        ,        ,        ,        ,        ,        ,        ,        ,      
widemde01, 2006,     1, STL , NHL , D  , 55.0,  5.0,  17.0,  22.0,  44.0, -7.0 ,  4.0, 11.0,  0.0,  0.0,  1.0,    ,  94.0,       ,      ,      ,        ,        ,        ,        ,        ,        ,        ,        ,      
widemde01, 2006,     2, BOS , NHL , D  , 20.0,  1.0,   2.0,   3.0,  27.0, -3.0 ,  0.0,  0.0,  0.0,  0.0,  0.0,    ,  28.0,       ,      ,      ,        ,        ,        ,        ,        ,        ,        ,        ,      
widemde01, 2007,     1, BOS , NHL , D  , 81.0, 13.0,  23.0,  36.0,  70.0, 11.0 ,  9.0, 11.0,  0.0,  0.0,  1.0,    , 171.0,    6.0,   0.0,   3.0,     3.0,     0.0, -2.0   ,     0.0,     1.0,     0.0,     0.0,     0.0,     8.0
widemde01, 2008,     1, BOS , NHL , D  , 79.0, 13.0,  37.0,  50.0,  34.0, 32.0 ,  6.0, 19.0,  1.0,  0.0,  2.0,    , 169.0,   11.0,   0.0,   7.0,     7.0,     4.0, 3.0    ,     0.0,     2.0,     0.0,     0.0,     0.0,    28.0
widemde01, 2009,     1, BOS , NHL , D  , 76.0,  6.0,  24.0,  30.0,  34.0, -14.0,  2.0, 11.0,  0.0,  2.0,  2.0,    , 146.0,   13.0,   1.0,  11.0,    12.0,     4.0, 3.0    ,     0.0,     4.0,     0.0,     0.0,     0.0,    29.0
widinju01, 1969,     1, NYR , NHL , C  , 44.0,  7.0,   7.0,  14.0,  10.0, 2.0  ,  2.0,     ,  0.0,     ,  0.0, 1.0,  90.0,       ,      ,      ,        ,        ,        ,        ,        ,        ,        ,        ,      
widinju01, 1969,     2, LAK , NHL , C  ,  4.0,  0.0,   2.0,   2.0,   2.0, -1.0 ,  0.0,     ,  0.0,     ,  0.0, 0.0,  12.0,       ,      ,      ,        ,        ,        ,        ,        ,        ,        ,        ,      
widinju01, 1970,     1, LAK , NHL , C  , 78.0, 25.0,  40.0,  65.0,  24.0, -11.0,  5.0,     ,  0.0,     ,  4.0, 2.0, 202.0,       ,      ,      ,        ,        ,        ,        ,        ,        ,        ,        ,      
widinju01, 1971,     1, LAK , NHL , C  , 78.0, 27.0,  28.0,  55.0,  26.0, -36.0,  3.0,     ,  0.0,     ,  3.0, 2.0, 192.0,       ,      ,      ,        ,        ,        ,        ,        ,        ,        ,        ,      
widinju01, 1972,     1, LAK , NHL , C  , 77.0, 16.0,  54.0,  70.0,  30.0, -14.0,  0.0,     ,  0.0,     ,  3.0, 0.0, 189.0,       ,      ,      ,        ,        ,        ,        ,        ,        ,        ,        ,      
widinju01, 1973,     1, LAK , NHL , C  , 71.0, 27.0,  30.0,  57.0,  26.0, -4.0 ,  5.0,     ,  0.0,     ,  4.0, 0.0, 175.0,    5.0,   1.0,   0.0,     1.0,     2.0,        ,     0.0,        ,     0.0,        ,     1.0,      
widinju01, 1974,     1, LAK , NHL , C  , 80.0, 26.0,  34.0,  60.0,  46.0, 18.0 ,  7.0,     ,  0.0,     ,  3.0, 1.0, 186.0,    3.0,   0.0,   2.0,     2.0,     0.0,        ,     0.0,        ,     0.0,        ,     0.0,      
widinju01, 1975,     1, LAK , NHL , C  , 67.0,  7.0,  15.0,  22.0,  26.0, -12.0,  1.0,     ,  0.0,     ,  2.0, 0.0,  84.0,       ,      ,      ,        ,        ,        ,        ,        ,        ,        ,        ,      
widinju01, 1976,     1, LAK , NHL , C  , 47.0,  3.0,   8.0,  11.0,   8.0, -16.0,  0.0,     ,  0.0,     ,  1.0, 0.0,  69.0,       ,      ,      ,        ,        ,        ,        ,        ,        ,        ,        ,      
widinju01, 1976,     2, CLE , NHL , C  , 29.0,  6.0,   8.0,  14.0,  10.0, -7.0 ,  1.0,     ,  0.0,     ,  1.0, 0.0,  39.0,       ,      ,      ,        ,        ,        ,        ,        ,        ,        ,        ,      
widinju01, 1977,     1, EDO , WHA , C  , 71.0, 18.0,  24.0,  42.0,   8.0, 10.0 ,  0.0,     ,  1.0,     ,     ,    , 153.0,    5.0,   0.0,   1.0,     1.0,     0.0, -4.0   ,        ,        ,        ,        ,     0.0,      
widmeja01, 1994,     1, NYI , NHL , D  ,  1.0,  0.0,   0.0,   0.0,   0.0, -1.0 ,  0.0,  0.0,  0.0,  0.0,  0.0, 0.0,   0.0,       ,      ,      ,        ,        ,        ,        ,        ,        ,        ,        ,      
widmeja01, 1995,     1, NYI , NHL , D  ,  4.0,  0.0,   0.0,   0.0,   7.0, 0.0  ,  0.0,  0.0,  0.0,  0.0,  0.0, 0.0,   1.0,       ,      ,      ,        ,        ,        ,        ,        ,        ,        ,        ,      
widmeja01, 1996,     1, SJS , NHL , D  ,  2.0,  0.0,   1.0,   1.0,   0.0, 1.0  ,  0.0,  0.0,  0.0,  0.0,  0.0, 0.0,   0.0,       ,      ,      ,        ,        ,        ,        ,        ,        ,        ,        ,      
wiebear01, 1932,     1, CHI , NHL , D  ,  4.0,  0.0,   0.0,   0.0,   0.0,      ,     ,     ,     ,     ,     ,    ,      ,       ,      ,      ,        ,        ,        ,        ,        ,        ,        ,        ,      
wiebear01, 1934,     1, CHI , NHL , D  , 42.0,  2.0,   1.0,   3.0,  27.0,      ,     ,     ,     ,     ,     ,    ,      ,    2.0,   0.0,   0.0,     0.0,     2.0,        ,        ,        ,        ,        ,        ,      
wiebear01, 1935,     1, CHI , NHL , D  , 46.0,  1.0,   0.0,   1.0,  25.0,      ,     ,     ,     ,     ,     ,    ,      ,    2.0,   0.0,   0.0,     0.0,     0.0,        ,        ,        ,        ,        ,        ,      
wiebear01, 1936,     1, CHI , NHL , D  , 43.0,  0.0,   2.0,   2.0,   6.0,      ,     ,     ,     ,     ,     ,    ,      ,       ,      ,      ,        ,        ,        ,        ,        ,        ,        ,        ,      
wiebear01, 1937,     1, CHI , NHL , D  , 43.0,  0.0,   3.0,   3.0,  24.0,      ,     ,     ,     ,     ,     ,    ,      ,   10.0,   0.0,   1.0,     1.0,     2.0,        ,        ,        ,        ,        ,        ,      
wiebear01, 1938,     1, CHI , NHL , D  , 47.0,  1.0,   2.0,   3.0,  24.0,      ,     ,     ,     ,     ,     ,    ,      ,       ,      ,      ,        ,        ,        ,        ,        ,        ,        ,        ,      
wiebear01, 1939,     1, CHI , NHL , D  , 47.0,  2.0,   2.0,   4.0,  20.0,      ,     ,     ,     ,     ,     ,    ,      ,    2.0,   1.0,   0.0,     1.0,     2.0,        ,        ,        ,        ,        ,        ,      
wiebear01, 1940,     1, CHI , NHL , D  , 45.0,  3.0,   2.0,   5.0,  28.0,      ,     ,     ,     ,     ,     ,    ,      ,    4.0,   0.0,   0.0,     0.0,     0.0,        ,        ,        ,        ,        ,        ,      
wiebear01, 1941,     1, CHI , NHL , D  , 43.0,  2.0,   4.0,   6.0,  20.0,      ,     ,     ,     ,     ,     ,    ,      ,    3.0,   0.0,   0.0,     0.0,     0.0,        ,        ,        ,        ,        ,        ,      
wiebear01, 1942,     1, CHI , NHL , D  , 33.0,  1.0,   7.0,   8.0,  25.0,      ,     ,     ,     ,     ,     ,    ,      ,       ,      ,      ,        ,        ,        ,        ,        ,        ,        ,        ,      
wiebear01, 1943,     1, CHI , NHL , D  , 21.0,  2.0,   4.0,   6.0,   2.0,      ,     ,     ,     ,     ,     ,    ,      ,    8.0,   0.0,   2.0,     2.0,     4.0,        ,        ,        ,        ,        ,        ,      
wiemeja01, 1994,     1, TBL , NHL , L  , 36.0,  1.0,   4.0,   5.0,  44.0, -2.0 ,  0.0,  0.0,  0.0,  0.0,  0.0, 0.0,  10.0,       ,      ,      ,        ,        ,        ,        ,        ,        ,        ,        ,      
wiemeja01, 1995,     1, TBL , NHL , L  , 66.0,  9.0,   9.0,  18.0,  81.0, -9.0 ,  4.0,  3.0,  0.0,  0.0,  1.0, 0.0,  89.0,    6.0,   1.0,   0.0,     1.0,    28.0, -3.0   ,     1.0,     0.0,     0.0,     0.0,     0.0,    11.0
wiemeja01, 1996,     1, TBL , NHL , L  , 63.0,  9.0,   5.0,  14.0, 134.0, -13.0,  2.0,  0.0,  0.0,  1.0,  0.0, 0.0, 103.0,       ,      ,      ,        ,        ,        ,        ,        ,        ,        ,        ,      
wiemeja01, 1997,     1, TBL , NHL , L  , 67.0,  8.0,   9.0,  17.0, 132.0, -9.0 ,  2.0,  0.0,  0.0,  0.0,  0.0, 0.0, 106.0,       ,      ,      ,        ,        ,        ,        ,        ,        ,        ,        ,      
wiemeja01, 1997,     2, CAL , NHL , L  , 12.0,  4.0,   1.0,   5.0,  28.0, -1.0 ,  1.0,  0.0,  0.0,  0.0,  2.0, 0.0,  16.0,       ,      ,      ,        ,        ,        ,        ,        ,        ,        ,        ,      
wiemeja01, 1998,     1, CAL , NHL , C  , 78.0,  8.0,  13.0,  21.0, 177.0, -12.0,  1.0,  3.0,  0.0,  0.0,  1.0, 0.0, 128.0,       ,      ,      ,        ,        ,        ,        ,        ,        ,        ,        ,      
wiemeja01, 1999,     1, CAL , NHL , L  , 64.0, 11.0,  11.0,  22.0, 120.0, -10.0,  2.0,  2.0,  0.0,  0.0,  3.0, 0.0, 104.0,       ,      ,      ,        ,        ,        ,        ,        ,        ,        ,        ,      
wiemeja01, 2000,     1, CAL , NHL , C  , 65.0, 10.0,   5.0,  15.0, 177.0, -15.0,  3.0,  1.0,  0.0,  0.0,  1.0, 1.0,  76.0,       ,      ,      ,        ,        ,        ,        ,        ,        ,        ,        ,      
wiemeja01, 2001,     1, FLO , NHL , C  , 70.0, 11.0,  20.0,  31.0, 178.0, -4.0 ,  5.0,  4.0,  1.0,  0.0,  1.0, 0.0, 115.0,       ,      ,      ,        ,        ,        ,        ,        ,        ,        ,        ,      
wiemeja01, 2002,     1, NYI , NHL , L  , 81.0,  9.0,  19.0,  28.0, 116.0, 5.0  ,  0.0,  2.0,  1.0,  0.0,  2.0, 0.0, 139.0,    5.0,   0.0,   0.0,     0.0,    23.0, -3.0   ,     0.0,     0.0,     0.0,     0.0,     0.0,     9.0
wiemeja01, 2003,     1, NYI , NHL , C  , 13.0,  1.0,   3.0,   4.0,  24.0, -1.0 ,  0.0,  0.0,  0.0,  0.0,  0.0, 0.0,  14.0,       ,      ,      ,        ,        ,        ,        ,        ,        ,        ,        ,      
wiemeja01, 2003,     2, MIN , NHL , C  , 62.0,  7.0,  11.0,  18.0, 106.0, -6.0 ,  1.0,  4.0,  0.0,  0.0,  0.0, 2.0,  89.0,       ,      ,      ,        ,        ,        ,        ,        ,        ,        ,        ,      
wiemeja01, 2005,     1, CAL , NHL , L  , 33.0,  1.0,   2.0,   3.0,  65.0, -3.0 ,  0.0,  0.0,  0.0,  0.0,  0.0,    ,  24.0,       ,      ,      ,        ,        ,        ,        ,        ,        ,        ,        ,      
wiemeja01, 2005,     2, NJD , NHL , L  , 16.0,  1.0,   0.0,   1.0,  38.0, -1.0 ,  0.0,  0.0,  0.0,  0.0,  0.0,    ,  13.0,    8.0,   0.0,   0.0,     0.0,    16.0, 0.0    ,     0.0,     0.0,     0.0,     0.0,     0.0,     2.0
wiemeji01, 1982,     1, BUF , NHL , D  ,     ,     ,      ,      ,      ,      ,     ,     ,     ,     ,     ,    ,      ,    1.0,   0.0,   0.0,     0.0,     0.0,        ,     0.0,        ,     0.0,        ,     0.0,      
wiemeji01, 1983,     1, BUF , NHL , D  , 64.0,  5.0,  15.0,  20.0,  48.0, 1.0  ,  0.0,     ,  1.0,     ,  0.0, 1.0,  91.0,       ,      ,      ,        ,        ,        ,        ,        ,        ,        ,        ,      
wiemeji01, 1984,     1, BUF , NHL , D  , 10.0,  3.0,   2.0,   5.0,   4.0, -5.0 ,  2.0,     ,  0.0,     ,  0.0, 0.0,  22.0,       ,      ,      ,        ,        ,        ,        ,        ,        ,        ,        ,      
wiemeji01, 1984,     2, NYR , NHL , D  , 22.0,  4.0,   3.0,   7.0,  30.0, -10.0,  2.0,     ,  0.0,     ,  0.0, 0.0,  51.0,    1.0,   0.0,   0.0,     0.0,     0.0, -1.0   ,     0.0,        ,     0.0,        ,     0.0,     1.0
wiemeji01, 1985,     1, NYR , NHL , D  ,  7.0,  3.0,   0.0,   3.0,   2.0, 0.0  ,  0.0,     ,  0.0,     ,  1.0, 0.0,  22.0,    8.0,   1.0,   0.0,     1.0,     6.0, -1.0   ,     1.0,        ,     0.0,        ,     1.0,    16.0
wiemeji01, 1987,     1, EDM , NHL , D  , 12.0,  1.0,   2.0,   3.0,  15.0, 7.0  ,  0.0,  1.0,  0.0,  0.0,  0.0, 0.0,  24.0,    2.0,   0.0,   0.0,     0.0,     2.0, -2.0   ,     0.0,     0.0,     0.0,     0.0,     0.0,     3.0
wiemeji01, 1988,     1, LAK , NHL , D  ,  9.0,  2.0,   3.0,   5.0,  20.0, 2.0  ,  0.0,  0.0,  1.0,  2.0,  1.0, 0.0,  17.0,   10.0,   2.0,   1.0,     3.0,    19.0, -4.0   ,     0.0,     0.0,     0.0,     0.0,     1.0,    11.0
wiemeji01, 1989,     1, BOS , NHL , D  , 61.0,  5.0,  14.0,  19.0,  63.0, 11.0 ,  0.0,  1.0,  0.0,  0.0,  1.0, 0.0,  90.0,    8.0,   0.0,   1.0,     1.0,     4.0, -4.0   ,     0.0,     0.0,     0.0,     0.0,     0.0,     8.0
wiemeji01, 1990,     1, BOS , NHL , D  , 61.0,  4.0,  19.0,  23.0,  62.0, 3.0  ,  0.0,  6.0,  0.0,  0.0,  1.0, 0.0,  86.0,   16.0,   1.0,   3.0,     4.0,    14.0, 5.0    ,     1.0,     2.0,     0.0,     0.0,     0.0,    24.0
wiemeji01, 1991,     1, BOS , NHL , D  , 47.0,  1.0,   8.0,   9.0,  84.0, 10.0 ,  0.0,  1.0,  0.0,  0.0,  0.0, 0.0,  60.0,   15.0,   1.0,   3.0,     4.0,    14.0, 3.0    ,     0.0,     2.0,     0.0,     0.0,     1.0,    28.0
wiemeji01, 1992,     1, BOS , NHL , D  , 28.0,  1.0,   6.0,   7.0,  48.0, 1.0  ,  0.0,  1.0,  0.0,  0.0,  0.0, 0.0,  39.0,    1.0,   0.0,   0.0,     0.0,     4.0, -1.0   ,     0.0,     0.0,     0.0,     0.0,     0.0,     0.0
wiemeji01, 1993,     1, BOS , NHL , D  ,  4.0,  0.0,   0.0,   0.0,   2.0, -3.0 ,  0.0,  0.0,  0.0,  0.0,  0.0, 0.0,   8.0,       ,      ,      ,        ,        ,        ,        ,        ,        ,        ,        ,      
wilcoar01, 1929,     1, MTM , NHL , D  , 42.0,  3.0,   5.0,   8.0,  38.0,      ,     ,     ,     ,     ,     ,    ,      ,    4.0,   1.0,   0.0,     1.0,     2.0,        ,        ,        ,        ,        ,        ,      
wilcoar01, 1930,     1, MTM , NHL , D  , 39.0,  2.0,   2.0,   4.0,  42.0,      ,     ,     ,     ,     ,     ,    ,      ,    2.0,   0.0,   0.0,     0.0,     2.0,        ,        ,        ,        ,        ,        ,      
wilcoar01, 1931,     1, MTM , NHL , D  , 48.0,  3.0,   3.0,   6.0,  37.0,      ,     ,     ,     ,     ,     ,    ,      ,    4.0,   0.0,   0.0,     0.0,     4.0,        ,        ,        ,        ,        ,        ,      
wilcoar01, 1932,     1, MTM , NHL , D  , 47.0,  0.0,   3.0,   3.0,  37.0,      ,     ,     ,     ,     ,     ,    ,      ,    2.0,   0.0,   0.0,     0.0,     0.0,        ,        ,        ,        ,        ,        ,      
wilcoar01, 1933,     1, MTM , NHL , D  , 10.0,  0.0,   0.0,   0.0,   2.0,      ,     ,     ,     ,     ,     ,    ,      ,       ,      ,      ,        ,        ,        ,        ,        ,        ,        ,        ,      
wilcoar01, 1933,     2, BOS , NHL , D  , 14.0,  0.0,   1.0,   1.0,   2.0,      ,     ,     ,     ,     ,     ,    ,      ,       ,      ,      ,        ,        ,        ,        ,        ,        ,        ,        ,      
wilcoar01, 1934,     1, STE , NHL , D  ,  8.0,  0.0,   0.0,   0.0,   0.0,      ,     ,     ,     ,     ,     ,    ,      ,       ,      ,      ,        ,        ,        ,        ,        ,        ,        ,        ,      
wilcoba01, 1972,     1, VAN , NHL , R  , 31.0,  3.0,   2.0,   5.0,  15.0, -10.0,  0.0,     ,  0.0,     ,  0.0, 0.0,  52.0,       ,      ,      ,        ,        ,        ,        ,        ,        ,        ,        ,      
wilcoba01, 1974,     1, VAN , NHL , R  ,  2.0,  0.0,   0.0,   0.0,   0.0, 0.0  ,  0.0,     ,  0.0,     ,  0.0, 0.0,   0.0,       ,      ,      ,        ,        ,        ,        ,        ,        ,        ,        ,      
wildear01, 1940,     1, DET , NHL , L  , 18.0,  0.0,   2.0,   2.0,   2.0,      ,     ,     ,     ,     ,     ,    ,      ,       ,      ,      ,        ,        ,        ,        ,        ,        ,        ,        ,      
wileyji01, 1972,     1, PIT , NHL , C  ,  4.0,  0.0,   1.0,   1.0,   0.0, 1.0  ,  0.0,     ,  0.0,     ,  0.0, 0.0,   7.0,       ,      ,      ,        ,        ,        ,        ,        ,        ,        ,        ,      
wileyji01, 1973,     1, PIT , NHL , C  , 22.0,  0.0,   3.0,   3.0,   2.0, -4.0 ,  0.0,     ,  0.0,     ,  0.0, 0.0,  12.0,       ,      ,      ,        ,        ,        ,        ,        ,        ,        ,        ,      
wileyji01, 1974,     1, VAN , NHL , C  ,  1.0,  0.0,   0.0,   0.0,   0.0, 0.0  ,  0.0,     ,  0.0,     ,  0.0, 0.0,   0.0,       ,      ,      ,        ,        ,        ,        ,        ,        ,        ,        ,      
wileyji01, 1975,     1, VAN , NHL , C  ,  2.0,  0.0,   0.0,   0.0,   2.0, -1.0 ,  0.0,     ,  0.0,     ,  0.0, 0.0,   1.0,       ,      ,      ,        ,        ,        ,        ,        ,        ,        ,        ,      
wileyji01, 1976,     1, VAN , NHL , C  , 34.0,  4.0,   6.0,  10.0,   4.0, -13.0,  0.0,     ,  0.0,     ,  0.0, 0.0,  37.0,       ,      ,      ,        ,        ,        ,        ,        ,        ,        ,        ,      
wilkiba01, 1966,     1, BOS , NHL , D  ,  1.0,  0.0,   0.0,   0.0,   0.0,      ,  0.0,     ,  0.0,     ,  0.0, 0.0,      ,       ,      ,      ,        ,        ,        ,        ,        ,        ,        ,        ,      
wilkiba01, 1968,     1, BOS , NHL , D  ,  1.0,  1.0,   0.0,   1.0,   0.0, 1.0  ,  0.0,     ,  0.0,     ,  0.0, 0.0,   1.0,       ,      ,      ,        ,        ,        ,        ,        ,        ,        ,        ,      
wilkiba01, 1969,     1, BOS , NHL , D  ,  6.0,  0.0,   0.0,   0.0,   2.0, -1.0 ,  0.0,     ,  0.0,     ,  0.0, 0.0,   2.0,       ,      ,      ,        ,        ,        ,        ,        ,        ,        ,        ,      
wilkiba01, 1970,     1, VAN , NHL , D  , 70.0,  5.0,  18.0,  23.0, 131.0, -18.0,  1.0,     ,  0.0,     ,  1.0, 0.0,  84.0,       ,      ,      ,        ,        ,        ,        ,        ,        ,        ,        ,      
wilkiba01, 1971,     1, VAN , NHL , D  , 45.0,  2.0,   5.0,   7.0,  65.0, -9.0 ,  0.0,     ,  0.0,     ,  0.0, 0.0,  50.0,       ,      ,      ,        ,        ,        ,        ,        ,        ,        ,        ,      
wilkiba01, 1972,     1, VAN , NHL , D  , 76.0, 11.0,  17.0,  28.0, 133.0, -38.0,  0.0,     ,  1.0,     ,  0.0, 0.0, 103.0,       ,      ,      ,        ,        ,        ,        ,        ,        ,        ,        ,      
wilkiba01, 1973,     1, VAN , NHL , D  , 78.0,  3.0,  28.0,  31.0, 123.0, -13.0,  1.0,     ,  0.0,     ,  0.0, 0.0, 128.0,       ,      ,      ,        ,        ,        ,        ,        ,        ,        ,        ,      
wilkiba01, 1974,     1, VAN , NHL , D  ,  7.0,  0.0,   1.0,   1.0,   6.0, -2.0 ,  0.0,     ,  0.0,     ,  0.0, 0.0,   6.0,       ,      ,      ,        ,        ,        ,        ,        ,        ,        ,        ,      
wilkiba01, 1974,     2, PIT , NHL , D  , 59.0,  5.0,  29.0,  34.0,  97.0, 29.0 ,  0.0,     ,  1.0,     ,  0.0, 0.0,  83.0,    3.0,   0.0,   0.0,     0.0,     0.0,        ,     0.0,        ,     0.0,        ,     0.0,      
wilkiba01, 1975,     1, PIT , NHL , D  , 75.0,  0.0,  27.0,  27.0, 106.0, -1.0 ,  0.0,     ,  0.0,     ,  0.0, 0.0,  68.0,    3.0,   0.0,   1.0,     1.0,     4.0,        ,     0.0,        ,     0.0,        ,     0.0,      
wilkiba01, 1976,     1, EDO , WHA , D  , 51.0,  4.0,  24.0,  28.0,  75.0, -7.0 ,  0.0,     ,  0.0,     ,     ,    ,  65.0,    4.0,   0.0,   1.0,     1.0,     2.0, 2.0    ,     0.0,        ,     0.0,        ,     0.0,      
wilkiba01, 1977,     1, IND , WHA , D  , 79.0,  2.0,  21.0,  23.0,  79.0, -35.0,  1.0,     ,  0.0,     ,     ,    ,  89.0,       ,      ,      ,        ,        ,        ,        ,        ,        ,        ,        ,      
wilkibo01, 1990,     1, DET , NHL , D  ,  8.0,  1.0,   2.0,   3.0,   2.0, -2.0 ,  0.0,  1.0,  0.0,  0.0,  0.0, 0.0,   9.0,       ,      ,      ,        ,        ,        ,        ,        ,        ,        ,        ,      
wilkibo01, 1993,     1, PHI , NHL , D  , 10.0,  1.0,   3.0,   4.0,   8.0, -2.0 ,  0.0,  1.0,  0.0,  0.0,  0.0, 0.0,  10.0,       ,      ,      ,        ,        ,        ,        ,        ,        ,        ,        ,      
wilkida01, 1994,     1, MTL , NHL , D  ,  1.0,  0.0,   0.0,   0.0,   0.0, 0.0  ,  0.0,  0.0,  0.0,  0.0,  0.0, 0.0,   0.0,       ,      ,      ,        ,        ,        ,        ,        ,        ,        ,        ,      
wilkida01, 1995,     1, MTL , NHL , D  , 24.0,  1.0,   5.0,   6.0,  10.0, -10.0,  1.0,  2.0,  0.0,  0.0,  0.0, 0.0,  39.0,    6.0,   1.0,   2.0,     3.0,    12.0, 1.0    ,     0.0,     1.0,     0.0,     0.0,     0.0,    11.0
wilkida01, 1996,     1, MTL , NHL , D  , 61.0,  6.0,   9.0,  15.0,  63.0, -9.0 ,  3.0,  2.0,  0.0,  0.0,  0.0, 0.0,  65.0,    2.0,   0.0,   0.0,     0.0,     2.0, 0.0    ,     0.0,     0.0,     0.0,     0.0,     0.0,     1.0
wilkida01, 1997,     1, MTL , NHL , D  ,  5.0,  1.0,   0.0,   1.0,   4.0, -1.0 ,  0.0,  0.0,  0.0,  0.0,  1.0, 0.0,   2.0,       ,      ,      ,        ,        ,        ,        ,        ,        ,        ,        ,      
wilkida01, 1997,     2, TBL , NHL , D  , 29.0,  1.0,   5.0,   6.0,  17.0, -21.0,  0.0,  3.0,  0.0,  0.0,  0.0, 0.0,  46.0,       ,      ,      ,        ,        ,        ,        ,        ,        ,        ,        ,      
wilkida01, 1998,     1, TBL , NHL , D  , 46.0,  1.0,   7.0,   8.0,  69.0, -19.0,  0.0,  3.0,  0.0,  0.0,  0.0, 0.0,  35.0,       ,      ,      ,        ,        ,        ,        ,        ,        ,        ,        ,      
wilkida01, 2000,     1, NYR , NHL , D  ,  1.0,  0.0,   0.0,   0.0,   2.0, -2.0 ,  0.0,  0.0,  0.0,  0.0,  0.0, 0.0,   1.0,       ,      ,      ,        ,        ,        ,        ,        ,        ,        ,        ,      
wilkide01, 1995,     1, TBL , NHL , G  ,  4.0,  0.0,   0.0,   0.0,   2.0, 0.0  ,  0.0,  0.0,  0.0,  0.0,  0.0, 0.0,   0.0,       ,      ,      ,        ,        ,        ,        ,        ,        ,        ,        ,      
wilkide01, 1996,     1, TBL , NHL , G  ,  5.0,  0.0,   0.0,   0.0,   0.0, 0.0  ,  0.0,  0.0,  0.0,  0.0,  0.0, 0.0,   0.0,       ,      ,      ,        ,        ,        ,        ,        ,        ,        ,        ,      
wilkide01, 1997,     1, TBL , NHL , G  ,  8.0,  0.0,   0.0,   0.0,   0.0, 0.0  ,  0.0,  0.0,  0.0,  0.0,  0.0, 0.0,   0.0,       ,      ,      ,        ,        ,        ,        ,        ,        ,        ,        ,      
wilkide01, 1998,     1, TBL , NHL , G  ,  5.0,  0.0,   0.0,   0.0,   0.0, 0.0  ,  0.0,  0.0,  0.0,  0.0,  0.0, 0.0,   0.0,       ,      ,      ,        ,        ,        ,        ,        ,        ,        ,        ,      
wilkiia01, 1972,     1, NRA , WHA , G  ,  5.0,  0.0,   0.0,   0.0,   0.0,      ,  0.0,     ,  0.0,     ,     ,    ,      ,       ,      ,      ,        ,        ,        ,        ,        ,        ,        ,        ,      
wilkiia01, 1973,     1, LAS , WHA , G  , 23.0,  0.0,   0.0,   0.0,   2.0,      ,  0.0,     ,  0.0,     ,  0.0,    ,      ,       ,      ,      ,        ,        ,        ,        ,        ,        ,        ,        ,      
wilkiia01, 1973,     2, EDO , WHA , G  ,  5.0,  0.0,   0.0,   0.0,   0.0,      ,  0.0,     ,  0.0,     ,  0.0,    ,      ,    1.0,   0.0,   0.0,     0.0,     0.0,        ,        ,        ,        ,        ,     0.0,      
wilkijo01, 1943,     1, BOS , NHL , D  ,  9.0,  0.0,   0.0,   0.0,   6.0,      ,     ,     ,     ,     ,     ,    ,      ,       ,      ,      ,        ,        ,        ,        ,        ,        ,        ,        ,      
wilkine01, 1989,     1, MNS , NHL , D  , 36.0,  0.0,   5.0,   5.0, 100.0, -1.0 ,  0.0,  0.0,  0.0,  1.0,  0.0, 0.0,  36.0,    7.0,   0.0,   2.0,     2.0,    11.0, 1.0    ,     0.0,     1.0,     0.0,     0.0,     0.0,     8.0
wilkine01, 1990,     1, MNS , NHL , D  , 50.0,  2.0,   9.0,  11.0, 117.0, -5.0 ,  0.0,  2.0,  0.0,  0.0,  0.0, 0.0,  55.0,   22.0,   3.0,   3.0,     6.0,    12.0, 1.0    ,     1.0,     1.0,     0.0,     0.0,     0.0,    31.0
wilkine01, 1991,     1, SJS , NHL , D  , 60.0,  4.0,  15.0,  19.0, 107.0, -11.0,  1.0,  4.0,  0.0,  0.0,  0.0, 0.0,  95.0,       ,      ,      ,        ,        ,        ,        ,        ,        ,        ,        ,      
wilkine01, 1992,     1, SJS , NHL , D  , 59.0,  1.0,   7.0,   8.0,  96.0, -50.0,  0.0,  2.0,  1.0,  1.0,  0.0, 0.0,  51.0,       ,      ,      ,        ,        ,        ,        ,        ,        ,        ,        ,      
wilkine01, 1993,     1, CHI , NHL , D  , 72.0,  3.0,   9.0,  12.0, 116.0, 2.0  ,  1.0,  1.0,  0.0,  1.0,  0.0, 0.0,  72.0,    4.0,   0.0,   0.0,     0.0,     0.0, -1.0   ,     0.0,     0.0,     0.0,     0.0,     0.0,     1.0
wilkine01, 1994,     1, WIN , NHL , D  , 40.0,  1.0,   4.0,   5.0,  75.0, -26.0,  0.0,  0.0,  0.0,  0.0,  0.0, 0.0,  25.0,       ,      ,      ,        ,        ,        ,        ,        ,        ,        ,        ,      
wilkine01, 1995,     1, WIN , NHL , D  , 21.0,  1.0,   4.0,   5.0,  33.0, 0.0  ,  0.0,  0.0,  1.0,  0.0,  1.0, 0.0,  17.0,       ,      ,      ,        ,        ,        ,        ,        ,        ,        ,        ,      
wilkine01, 1995,     2, PIT , NHL , D  , 41.0,  2.0,  10.0,  12.0,  87.0, 12.0 ,  0.0,  0.0,  0.0,  0.0,  0.0, 0.0,  42.0,   15.0,   0.0,   1.0,     1.0,    14.0, -2.0   ,     0.0,     0.0,     0.0,     0.0,     0.0,    20.0
wilkine01, 1996,     1, PIT , NHL , D  , 23.0,  0.0,   0.0,   0.0,  36.0, -12.0,  0.0,  0.0,  0.0,  0.0,  0.0, 0.0,  16.0,    5.0,   0.0,   0.0,     0.0,     4.0, -2.0   ,     0.0,     0.0,     0.0,     0.0,     0.0,     1.0
wilkine01, 1997,     1, PIT , NHL , D  , 34.0,  2.0,   4.0,   6.0,  24.0, 0.0  ,  1.0,  1.0,  0.0,  1.0,  0.0, 0.0,  19.0,       ,      ,      ,        ,        ,        ,        ,        ,        ,        ,        ,      
wilkine01, 1998,     1, PIT , NHL , D  , 24.0,  0.0,   0.0,   0.0,  22.0, -2.0 ,  0.0,  0.0,  0.0,  0.0,  0.0, 0.0,  11.0,       ,      ,      ,        ,        ,        ,        ,        ,        ,        ,        ,      
wilksbr01, 1984,     1, LAK , NHL , C  ,  2.0,  0.0,   0.0,   0.0,   0.0, -1.0 ,  0.0,     ,  0.0,     ,  0.0, 0.0,   3.0,       ,      ,      ,        ,        ,        ,        ,        ,        ,        ,        ,      
wilksbr01, 1985,     1, LAK , NHL , C  , 43.0,  4.0,   8.0,  12.0,  25.0, -7.0 ,  0.0,     ,  0.0,     ,  0.0, 0.0,  31.0,       ,      ,      ,        ,        ,        ,        ,        ,        ,        ,        ,      
wilksbr01, 1986,     1, LAK , NHL , C  ,  1.0,  0.0,   0.0,   0.0,   0.0, -2.0 ,  0.0,     ,  0.0,     ,  0.0, 0.0,   0.0,       ,      ,      ,        ,        ,        ,        ,        ,        ,        ,        ,      
wilksbr01, 1988,     1, LAK , NHL , C  ,  2.0,  0.0,   0.0,   0.0,   2.0, 0.0  ,  0.0,  0.0,  0.0,  0.0,  0.0, 0.0,   2.0,       ,      ,      ,        ,        ,        ,        ,        ,        ,        ,        ,      
willaro01, 1982,     1, TOR , NHL , L  ,  1.0,  0.0,   0.0,   0.0,   0.0, -1.0 ,  0.0,     ,  0.0,     ,  0.0, 0.0,   2.0,       ,      ,      ,        ,        ,        ,        ,        ,        ,        ,        ,      
willibu01, 1933,     1, DET , NHL , D  ,  1.0,  0.0,   1.0,   1.0,  12.0,      ,     ,     ,     ,     ,     ,    ,      ,    7.0,   0.0,   0.0,     0.0,     8.0,        ,        ,        ,        ,        ,        ,      
willibu01, 1934,     1, STE , NHL , D  ,  9.0,  0.0,   0.0,   0.0,   6.0,      ,     ,     ,     ,     ,     ,    ,      ,       ,      ,      ,        ,        ,        ,        ,        ,        ,        ,        ,      
willibu01, 1934,     2, BOS , NHL , D  ,  7.0,  0.0,   0.0,   0.0,   6.0,      ,     ,     ,     ,     ,     ,    ,      ,       ,      ,      ,        ,        ,        ,        ,        ,        ,        ,        ,      
willibu01, 1936,     1, DET , NHL , D  ,  2.0,  0.0,   0.0,   0.0,   4.0,      ,     ,     ,     ,     ,     ,    ,      ,       ,      ,      ,        ,        ,        ,        ,        ,        ,        ,        ,      
willibu02, 1973,     1, STL , NHL , R  , 31.0,  3.0,  10.0,  13.0,   6.0, 2.0  ,  0.0,     ,  0.0,     ,  0.0, 0.0,  41.0,       ,      ,      ,        ,        ,        ,        ,        ,        ,        ,        ,      
willibu02, 1974,     1, CLF , NHL , R  , 63.0, 11.0,  21.0,  32.0, 118.0, -16.0,  2.0,     ,  0.0,     ,  0.0, 0.0, 109.0,       ,      ,      ,        ,        ,        ,        ,        ,        ,        ,        ,      
willibu02, 1975,     1, CLF , NHL , R  , 14.0,  0.0,   4.0,   4.0,   7.0, -7.0 ,  0.0,     ,  0.0,     ,  0.0, 0.0,  10.0,       ,      ,      ,        ,        ,        ,        ,        ,        ,        ,        ,      
willibu02, 1976,     1, EDO , WHA , R  , 29.0,  3.0,  10.0,  13.0,  16.0, -9.0 ,  1.0,     ,  0.0,     ,     ,    ,  37.0,       ,      ,      ,        ,        ,        ,        ,        ,        ,        ,        ,      
willida01, 1991,     1, SJS , NHL , D  , 56.0,  3.0,  25.0,  28.0,  40.0, -13.0,  2.0, 11.0,  0.0,  0.0,  1.0, 0.0,  91.0,       ,      ,      ,        ,        ,        ,        ,        ,        ,        ,        ,      
willida01, 1992,     1, SJS , NHL , D  , 40.0,  1.0,  11.0,  12.0,  49.0, -27.0,  1.0,  4.0,  0.0,  0.0,  0.0, 0.0,  60.0,       ,      ,      ,        ,        ,        ,        ,        ,        ,        ,        ,      
willida01, 1993,     1, ANA , NHL , D  , 56.0,  5.0,  15.0,  20.0,  42.0, 8.0  ,  2.0,  4.0,  0.0,  0.0,  0.0, 0.0,  74.0,       ,      ,      ,        ,        ,        ,        ,        ,        ,        ,        ,      
willida01, 1994,     1, ANA , NHL , D  , 21.0,  2.0,   2.0,   4.0,  26.0, -5.0 ,  0.0,  1.0,  0.0,  0.0,  0.0, 1.0,  30.0,       ,      ,      ,        ,        ,        ,        ,        ,        ,        ,        ,      
willida02, 1992,     1, LAK , NHL , L  ,  2.0,  0.0,   0.0,   0.0,  10.0, 0.0  ,  0.0,  0.0,  0.0,  0.0,  0.0, 0.0,   1.0,       ,      ,      ,        ,        ,        ,        ,        ,        ,        ,        ,      
willifr01, 1976,     1, DET , NHL , C  , 44.0,  2.0,   5.0,   7.0,  10.0, -17.0,  0.0,     ,  0.0,     ,  0.0, 1.0,  32.0,       ,      ,      ,        ,        ,        ,        ,        ,        ,        ,        ,      
williga01, 1973,     1, HOU , WHA , L  ,  9.0,  2.0,   6.0,   8.0,   0.0,      ,  1.0,     ,  0.0,     ,  0.0,    ,      ,   12.0,   0.0,   0.0,     0.0,     0.0,        ,        ,        ,        ,        ,     0.0,      
willigo01, 1981,     1, PHI , NHL , R  ,  1.0,  0.0,   0.0,   0.0,   2.0, 0.0  ,  0.0,     ,  0.0,     ,  0.0, 0.0,   1.0,       ,      ,      ,        ,        ,        ,        ,        ,        ,        ,        ,      
willigo01, 1982,     1, PHI , NHL , R  ,  1.0,  0.0,   0.0,   0.0,   0.0, 0.0  ,  0.0,     ,  0.0,     ,  0.0, 0.0,   1.0,       ,      ,      ,        ,        ,        ,        ,        ,        ,        ,        ,      
williha01, 1972,     1, NRA , WHA , D  , 74.0,  3.0,  21.0,  24.0, 159.0,      ,  0.0,     ,  0.0,     ,     ,    ,      ,       ,      ,      ,        ,        ,        ,        ,        ,        ,        ,        ,      
williha01, 1973,     1, LAS , WHA , D  , 18.0,  1.0,   2.0,   3.0,  24.0,      ,  0.0,     ,  0.0,     ,  0.0,    ,      ,       ,      ,      ,        ,        ,        ,        ,        ,        ,        ,        ,      
willija01, 2000,     1, DET , NHL , R  ,  5.0,  0.0,   3.0,   3.0,   2.0, 1.0  ,  0.0,  0.0,  0.0,  0.0,  0.0, 0.0,   7.0,    2.0,   0.0,   0.0,     0.0,     0.0, 2.0    ,     0.0,     0.0,     0.0,     0.0,     0.0,     2.0
willija01, 2001,     1, DET , NHL , R  , 25.0,  8.0,   2.0,  10.0,   4.0, 2.0  ,  4.0,  0.0,  0.0,  0.0,  0.0, 0.0,  32.0,    9.0,   0.0,   0.0,     0.0,     2.0, -1.0   ,     0.0,     0.0,     0.0,     0.0,     0.0,     7.0
willija01, 2002,     1, DET , NHL , C  , 16.0,  3.0,   3.0,   6.0,   2.0, 3.0  ,  1.0,  0.0,  0.0,  0.0,  0.0, 1.0,  20.0,       ,      ,      ,        ,        ,        ,        ,        ,        ,        ,        ,      
willija01, 2003,     1, DET , NHL , C  , 49.0,  6.0,   7.0,  13.0,  15.0, 1.0  ,  0.0,  0.0,  0.0,  0.0,  0.0, 0.0,  44.0,    3.0,   0.0,   0.0,     0.0,     2.0, 0.0    ,     0.0,     0.0,     0.0,     0.0,     0.0,     2.0
willija01, 2005,     1, DET , NHL , R  , 80.0, 21.0,  37.0,  58.0,  26.0, 4.0  ,  6.0, 18.0,  0.0,  0.0,  4.0,    , 177.0,    6.0,   1.0,   1.0,     2.0,     6.0, -3.0   ,     0.0,     1.0,     0.0,     0.0,     0.0,    16.0
willija01, 2006,     1, DET , NHL , C  , 58.0, 11.0,  15.0,  26.0,  24.0, 7.0  ,  3.0,  2.0,  0.0,  0.0,  2.0,    , 111.0,       ,      ,      ,        ,        ,        ,        ,        ,        ,        ,        ,      
willija01, 2006,     2, CHI , NHL , C  , 20.0,  4.0,   2.0,   6.0,  20.0, -6.0 ,  2.0,  1.0,  1.0,  0.0,  0.0,    ,  38.0,       ,      ,      ,        ,        ,        ,        ,        ,        ,        ,        ,      
willija01, 2007,     1, CHI , NHL , R  , 43.0, 13.0,  23.0,  36.0,  22.0, -2.0 ,  6.0, 13.0,  0.0,  0.0,  4.0,    , 101.0,       ,      ,      ,        ,        ,        ,        ,        ,        ,        ,        ,      
willija01, 2008,     1, ATL , NHL , R  , 41.0,  7.0,  11.0,  18.0,   8.0, -9.0 ,  4.0,  2.0,  0.0,  0.0,  2.0,    ,  79.0,       ,      ,      ,        ,        ,        ,        ,        ,        ,        ,        ,      
willija01, 2008,     2, CBS , NHL , R  , 39.0, 12.0,  17.0,  29.0,  16.0, 5.0  ,  3.0,  5.0,  0.0,  0.0,  2.0,    ,  74.0,    4.0,   0.0,   1.0,     1.0,     2.0, -2.0   ,     0.0,     1.0,     0.0,     0.0,     0.0,     5.0
willija01, 2009,     1, DET , NHL , C  , 44.0,  6.0,   9.0,  15.0,   8.0, -7.0 ,  3.0,  3.0,  0.0,  0.0,  1.0,    ,  96.0,    3.0,   0.0,   0.0,     0.0,     0.0, -1.0   ,     0.0,     0.0,     0.0,     0.0,     0.0,     3.0
willije01, 2005,     1, TOR , NHL , C  ,  1.0,  1.0,   0.0,   1.0,   0.0, 0.0  ,  0.0,  0.0,  0.0,  0.0,  0.0,    ,   1.0,       ,      ,      ,        ,        ,        ,        ,        ,        ,        ,        ,      
willije01, 2006,     1, TOR , NHL , R  ,  1.0,  1.0,   0.0,   1.0,   0.0, 1.0  ,  0.0,  0.0,  0.0,  0.0,  0.0,    ,   3.0,       ,      ,      ,        ,        ,        ,        ,        ,        ,        ,        ,      
willije01, 2007,     1, TOR , NHL , R  , 18.0,  2.0,   0.0,   2.0,   4.0, -3.0 ,  0.0,  0.0,  0.0,  0.0,  0.0,    ,  16.0,       ,      ,      ,        ,        ,        ,        ,        ,        ,        ,        ,      
willije01, 2008,     1, TOR , NHL , R  , 11.0,  5.0,   2.0,   7.0,   2.0, 2.0  ,  0.0,  1.0,  0.0,  0.0,  0.0,    ,  21.0,       ,      ,      ,        ,        ,        ,        ,        ,        ,        ,        ,      
willijo01, 1995,     1, DAL , NHL , G  ,  1.0,  0.0,   0.0,   0.0,   0.0, 0.0  ,  0.0,  0.0,  0.0,  0.0,  0.0, 0.0,   0.0,       ,      ,      ,        ,        ,        ,        ,        ,        ,        ,        ,      
williju01, 2000,     1, PHI , NHL , R  , 63.0, 12.0,  13.0,  25.0,  22.0, 6.0  ,  0.0,  4.0,  0.0,  0.0,  0.0, 0.0,  99.0,       ,      ,      ,        ,        ,        ,        ,        ,        ,        ,        ,      
williju01, 2001,     1, PHI , NHL , R  , 75.0, 17.0,  23.0,  40.0,  32.0, 11.0 ,  0.0,  1.0,  0.0,  1.0,  1.0, 1.0, 162.0,    5.0,   0.0,   0.0,     0.0,     4.0, -3.0   ,     0.0,     0.0,     0.0,     0.0,     0.0,    15.0
williju01, 2002,     1, PHI , NHL , R  , 41.0,  8.0,  16.0,  24.0,  22.0, 15.0 ,  0.0,  2.0,  0.0,  0.0,  2.0, 0.0, 105.0,   12.0,   1.0,   5.0,     6.0,     8.0, 2.0    ,     0.0,     0.0,     0.0,     0.0,     1.0,    21.0
williju01, 2003,     1, PHI , NHL , R  , 47.0,  6.0,  20.0,  26.0,  32.0, 10.0 ,  3.0,  2.0,  0.0,  0.0,  1.0, 0.0, 107.0,       ,      ,      ,        ,        ,        ,        ,        ,        ,        ,        ,      
williju01, 2003,     2, CAR , NHL , R  , 32.0,  5.0,  13.0,  18.0,  32.0, 2.0  ,  1.0,  5.0,  0.0,  0.0,  0.0, 0.0,  96.0,       ,      ,      ,        ,        ,        ,        ,        ,        ,        ,        ,      
williju01, 2005,     1, CAR , NHL , R  , 82.0, 31.0,  45.0,  76.0,  60.0, 1.0  ,  8.0, 17.0,  4.0,  2.0,  4.0,    , 255.0,   25.0,   7.0,  11.0,    18.0,    34.0, 12.0   ,     0.0,     4.0,     1.0,     0.0,     1.0,    71.0
williju01, 2006,     1, CAR , NHL , R  , 82.0, 33.0,  34.0,  67.0,  73.0, -11.0, 12.0, 12.0,  2.0,  3.0,  8.0,    , 258.0,       ,      ,      ,        ,        ,        ,        ,        ,        ,        ,        ,      
williju01, 2007,     1, CAR , NHL , R  , 37.0,  9.0,  21.0,  30.0,  43.0, 2.0  ,  2.0,  6.0,  0.0,  0.0,  0.0,    , 106.0,       ,      ,      ,        ,        ,        ,        ,        ,        ,        ,        ,      
williju01, 2008,     1, CAR , NHL , R  , 32.0,  3.0,   7.0,  10.0,   9.0, -9.0 ,  2.0,  3.0,  0.0,  0.0,  0.0,    ,  80.0,       ,      ,      ,        ,        ,        ,        ,        ,        ,        ,        ,      
williju01, 2008,     2, LAK , NHL , R  , 12.0,  1.0,   3.0,   4.0,   8.0, 1.0  ,  1.0,  0.0,  0.0,  0.0,  0.0,    ,  28.0,       ,      ,      ,        ,        ,        ,        ,        ,        ,        ,        ,      
williju01, 2009,     1, LAK , NHL , R  , 49.0, 10.0,  19.0,  29.0,  39.0, 3.0  ,  1.0,  6.0,  0.0,  0.0,  1.0,    , 140.0,    3.0,   0.0,   1.0,     1.0,     2.0, 0.0    ,     0.0,     0.0,     0.0,     0.0,     0.0,     4.0
willise01, 1991,     1, CHI , NHL , C  ,  2.0,  0.0,   0.0,   0.0,   4.0, 0.0  ,  0.0,  0.0,  0.0,  0.0,  0.0, 0.0,   0.0,       ,      ,      ,        ,        ,        ,        ,        ,        ,        ,        ,      
willish01, 1998,     1, CAR , NHL , R  ,  7.0,  0.0,   0.0,   0.0,   0.0, -2.0 ,  0.0,  0.0,  0.0,  0.0,  0.0, 0.0,   1.0,       ,      ,      ,        ,        ,        ,        ,        ,        ,        ,        ,      
willish01, 1999,     1, CAR , NHL , R  ,  2.0,  0.0,   0.0,   0.0,   0.0, -1.0 ,  0.0,  0.0,  0.0,  0.0,  0.0, 0.0,   1.0,       ,      ,      ,        ,        ,        ,        ,        ,        ,        ,        ,      
willish01, 2000,     1, CAR , NHL , R  , 73.0, 20.0,  24.0,  44.0,  45.0, -6.0 ,  9.0,  9.0,  0.0,  0.0,  6.0, 0.0, 172.0,    2.0,   0.0,   0.0,     0.0,     0.0, -1.0   ,     0.0,     0.0,     0.0,     0.0,     0.0,     2.0
willish01, 2001,     1, CAR , NHL , R  , 59.0,  7.0,  10.0,  17.0,  24.0, -8.0 ,  2.0,  3.0,  0.0,  0.0,  0.0, 1.0, 126.0,       ,      ,      ,        ,        ,        ,        ,        ,        ,        ,        ,      
willish01, 2001,     2, TBL , NHL , R  , 21.0,  4.0,   3.0,   7.0,   6.0, 0.0  ,  0.0,  0.0,  0.0,  0.0,  0.0, 0.0,  29.0,       ,      ,      ,        ,        ,        ,        ,        ,        ,        ,        ,      
willish01, 2003,     1, TBL , NHL , R  , 12.0,  0.0,   6.0,   6.0,   2.0, 1.0  ,  0.0,  1.0,  0.0,  0.0,  0.0, 0.0,  27.0,       ,      ,      ,        ,        ,        ,        ,        ,        ,        ,        ,      
williti01, 1974,     1, TOR , NHL , L  , 42.0, 10.0,  19.0,  29.0, 187.0, 4.0  ,  2.0,     ,  0.0,     ,  0.0, 0.0,  83.0,    7.0,   1.0,   3.0,     4.0,    25.0,        ,     1.0,        ,     0.0,        ,     0.0,      
williti01, 1975,     1, TOR , NHL , L  , 78.0, 21.0,  19.0,  40.0, 299.0, -1.0 ,  3.0,     ,  0.0,     ,  3.0, 2.0, 149.0,   10.0,   0.0,   0.0,     0.0,    75.0,        ,     0.0,        ,     0.0,        ,     0.0,      
williti01, 1976,     1, TOR , NHL , L  , 77.0, 18.0,  25.0,  43.0, 338.0, 11.0 ,  1.0,     ,  0.0,     ,  0.0, 0.0, 157.0,    9.0,   3.0,   6.0,     9.0,    29.0,        ,     0.0,        ,     0.0,        ,     1.0,      
williti01, 1977,     1, TOR , NHL , L  , 78.0, 19.0,  31.0,  50.0, 351.0, 6.0  ,  6.0,     ,  0.0,     ,  5.0, 1.0, 161.0,   12.0,   1.0,   2.0,     3.0,    63.0,        ,     0.0,        ,     0.0,        ,     0.0,      
williti01, 1978,     1, TOR , NHL , L  , 77.0, 19.0,  20.0,  39.0, 298.0, -7.0 ,  6.0,     ,  0.0,     ,  4.0, 1.0, 157.0,    6.0,   0.0,   0.0,     0.0,    48.0,        ,     0.0,        ,     0.0,        ,     0.0,      
williti01, 1979,     1, TOR , NHL , L  , 55.0, 22.0,  18.0,  40.0, 197.0, -13.0,  5.0,     ,  0.0,     ,  1.0, 0.0, 108.0,       ,      ,      ,        ,        ,        ,        ,        ,        ,        ,        ,      
williti01, 1979,     2, VAN , NHL , L  , 23.0,  8.0,   5.0,  13.0,  81.0, 0.0  ,  1.0,     ,  0.0,     ,  0.0, 2.0,  62.0,    3.0,   0.0,   0.0,     0.0,    20.0,        ,     0.0,        ,     0.0,        ,     0.0,      
williti01, 1980,     1, VAN , NHL , L  , 77.0, 35.0,  27.0,  62.0, 343.0, 4.0  , 11.0,     ,  1.0,     ,  4.0, 2.0, 186.0,    3.0,   0.0,   0.0,     0.0,    20.0,        ,     0.0,        ,     0.0,        ,     0.0,      
williti01, 1981,     1, VAN , NHL , L  , 77.0, 17.0,  21.0,  38.0, 341.0, -6.0 ,  5.0,     ,  1.0,     ,  1.0, 2.0, 138.0,   17.0,   3.0,   7.0,    10.0,   116.0,        ,     0.0,        ,     0.0,        ,     2.0,      
williti01, 1982,     1, VAN , NHL , L  , 68.0,  8.0,  13.0,  21.0, 265.0, -7.0 ,  0.0,     ,  0.0,     ,  1.0, 1.0,  78.0,    4.0,   0.0,   3.0,     3.0,    12.0,        ,     0.0,        ,     0.0,        ,     0.0,      
williti01, 1983,     1, VAN , NHL , L  , 67.0, 15.0,  16.0,  31.0, 294.0, -11.0,  2.0,     ,  0.0,     ,  1.0, 1.0, 119.0,    4.0,   1.0,   0.0,     1.0,    13.0, -4.0   ,     0.0,        ,     0.0,        ,     0.0,     3.0
williti01, 1984,     1, DET , NHL , L  , 55.0,  3.0,   8.0,  11.0, 158.0, -16.0,  0.0,     ,  0.0,     ,  0.0, 0.0,  34.0,       ,      ,      ,        ,        ,        ,        ,        ,        ,        ,        ,      
williti01, 1984,     2, LAK , NHL , L  , 12.0,  4.0,   3.0,   7.0,  43.0, 0.0  ,  0.0,     ,  0.0,     ,  0.0, 0.0,  19.0,    3.0,   0.0,   0.0,     0.0,     4.0, 1.0    ,     0.0,        ,     0.0,        ,     0.0,     3.0
williti01, 1985,     1, LAK , NHL , L  , 72.0, 20.0,  29.0,  49.0, 320.0, -6.0 ,  5.0,     ,  0.0,     ,  1.0, 0.0, 138.0,       ,      ,      ,        ,        ,        ,        ,        ,        ,        ,        ,      
williti01, 1986,     1, LAK , NHL , L  , 76.0, 16.0,  18.0,  34.0, 358.0, -1.0 ,  1.0,     ,  0.0,     ,  3.0, 0.0, 118.0,    5.0,   3.0,   2.0,     5.0,    30.0, 2.0    ,     0.0,        ,     0.0,        ,     1.0,    10.0
williti01, 1987,     1, LAK , NHL , L  ,  2.0,  0.0,   0.0,   0.0,   6.0, 1.0  ,  0.0,  0.0,  0.0,  0.0,  0.0, 0.0,   2.0,       ,      ,      ,        ,        ,        ,        ,        ,        ,        ,        ,      
williti01, 1987,     2, HAR , NHL , L  , 26.0,  6.0,   0.0,   6.0,  87.0, 2.0  ,  1.0,  0.0,  0.0,  0.0,  1.0, 0.0,  31.0,       ,      ,      ,        ,        ,        ,        ,        ,        ,        ,        ,      
willito01, 1961,     1, BOS , NHL , R/C, 26.0,  6.0,   6.0,  12.0,   2.0,      ,     ,     ,     ,     ,     ,    ,      ,       ,      ,      ,        ,        ,        ,        ,        ,        ,        ,        ,      
willito01, 1962,     1, BOS , NHL , R/C, 69.0, 23.0,  20.0,  43.0,  11.0,      ,     ,     ,     ,     ,     ,    ,      ,       ,      ,      ,        ,        ,        ,        ,        ,        ,        ,        ,      
willito01, 1963,     1, BOS , NHL , R  , 37.0,  8.0,  15.0,  23.0,   8.0,      ,  3.0,     ,  0.0,     ,  1.0, 2.0,      ,       ,      ,      ,        ,        ,        ,        ,        ,        ,        ,        ,      
willito01, 1964,     1, BOS , NHL , R  , 65.0, 13.0,  21.0,  34.0,  28.0,      ,  2.0,     ,  0.0,     ,  3.0, 0.0,      ,       ,      ,      ,        ,        ,        ,        ,        ,        ,        ,        ,      
willito01, 1965,     1, BOS , NHL , R  , 70.0, 16.0,  22.0,  38.0,  31.0,      ,  1.0,     ,  0.0,     ,  3.0, 0.0,      ,       ,      ,      ,        ,        ,        ,        ,        ,        ,        ,        ,      
willito01, 1966,     1, BOS , NHL , R  , 29.0,  8.0,  13.0,  21.0,   2.0,      ,  2.0,     ,  0.0,     ,  2.0, 0.0,      ,       ,      ,      ,        ,        ,        ,        ,        ,        ,        ,        ,      
willito01, 1967,     1, BOS , NHL , R  , 68.0, 18.0,  32.0,  50.0,  14.0, 24.0 ,  0.0,     ,  0.0,     ,  4.0, 0.0, 136.0,    4.0,   1.0,   0.0,     1.0,     2.0,        ,     0.0,        ,     0.0,        ,     0.0,      
willito01, 1968,     1, BOS , NHL , R  , 26.0,  4.0,   7.0,  11.0,  19.0, 6.0  ,  0.0,     ,  0.0,     ,  0.0, 0.0,  48.0,       ,      ,      ,        ,        ,        ,        ,        ,        ,        ,        ,      
willito01, 1969,     1, MNS , NHL , C  , 75.0, 15.0,  52.0,  67.0,  18.0, -19.0,  2.0,     ,  0.0,     ,  0.0, 1.0, 165.0,    6.0,   1.0,   5.0,     6.0,     0.0,        ,     0.0,        ,     0.0,        ,     0.0,      
willito01, 1970,     1, MNS , NHL , R  , 41.0, 10.0,  13.0,  23.0,  16.0, -5.0 ,  3.0,     ,  0.0,     ,  2.0, 1.0,  61.0,       ,      ,      ,        ,        ,        ,        ,        ,        ,        ,        ,      
willito01, 1970,     2, CLF , NHL , C  , 18.0,  7.0,  10.0,  17.0,   8.0, -12.0,  2.0,     ,  0.0,     ,  0.0, 0.0,  44.0,       ,      ,      ,        ,        ,        ,        ,        ,        ,        ,        ,      
willito01, 1971,     1, CLF , NHL , C  , 32.0,  3.0,   9.0,  12.0,   2.0, -17.0,  0.0,     ,  0.0,     ,  0.0, 0.0,  41.0,       ,      ,      ,        ,        ,        ,        ,        ,        ,        ,        ,      
willito01, 1972,     1, NEW , WHA , C  , 69.0, 10.0,  21.0,  31.0,  14.0,      ,  2.0,     ,  0.0,     ,     ,    ,      ,   15.0,   6.0,  11.0,    17.0,     2.0,        ,     2.0,        ,     0.0,        ,     1.0,      
willito01, 1973,     1, NEW , WHA , C  , 70.0, 21.0,  37.0,  58.0,   6.0,      ,  3.0,     ,  0.0,     ,  2.0,    ,      ,    4.0,   0.0,   3.0,     3.0,    10.0,        ,        ,        ,        ,        ,     0.0,      
willito01, 1974,     1, WAS , NHL , C  , 73.0, 22.0,  36.0,  58.0,  12.0, -48.0,  7.0,     ,  2.0,     ,  1.0, 0.0, 135.0,       ,      ,      ,        ,        ,        ,        ,        ,        ,        ,        ,      
willito01, 1975,     1, WAS , NHL , R  , 34.0,  8.0,  13.0,  21.0,   6.0, -33.0,  2.0,     ,  0.0,     ,  0.0, 0.0,  39.0,       ,      ,      ,        ,        ,        ,        ,        ,        ,        ,        ,      
willito02, 1971,     1, NYR , NHL , L  ,  3.0,  0.0,   0.0,   0.0,   2.0, -1.0 ,  0.0,     ,  0.0,     ,  0.0, 0.0,   6.0,       ,      ,      ,        ,        ,        ,        ,        ,        ,        ,        ,      
willito02, 1972,     1, NYR , NHL , L  ,  8.0,  0.0,   1.0,   1.0,   0.0, 1.0  ,  0.0,     ,  0.0,     ,  0.0, 0.0,   2.0,       ,      ,      ,        ,        ,        ,        ,        ,        ,        ,        ,      
willito02, 1973,     1, NYR , NHL , L  , 14.0,  1.0,   2.0,   3.0,   4.0, -2.0 ,  0.0,     ,  0.0,     ,  0.0, 0.0,  18.0,       ,      ,      ,        ,        ,        ,        ,        ,        ,        ,        ,      
willito02, 1973,     2, LAK , NHL , L  , 46.0, 11.0,  17.0,  28.0,   6.0, 3.0  ,  2.0,     ,  0.0,     ,  2.0, 2.0, 113.0,    5.0,   3.0,   1.0,     4.0,     0.0,        ,     1.0,        ,     0.0,        ,     0.0,      
willito02, 1974,     1, LAK , NHL , L  , 74.0, 24.0,  22.0,  46.0,  16.0, 14.0 ,  6.0,     ,  0.0,     ,  3.0, 3.0, 188.0,    3.0,   0.0,   0.0,     0.0,     0.0,        ,     0.0,        ,     0.0,        ,     0.0,      
willito02, 1975,     1, LAK , NHL , L  , 70.0, 19.0,  20.0,  39.0,  14.0, 0.0  ,  4.0,     ,  0.0,     ,  2.0, 1.0, 157.0,    9.0,   2.0,   2.0,     4.0,     2.0,        ,     0.0,        ,     0.0,        ,     0.0,      
willito02, 1976,     1, LAK , NHL , L  , 80.0, 35.0,  39.0,  74.0,  14.0, 14.0 , 15.0,     ,  0.0,     ,  3.0, 2.0, 233.0,    9.0,   3.0,   4.0,     7.0,     2.0,        ,     1.0,        ,     0.0,        ,     0.0,      
willito02, 1977,     1, LAK , NHL , L  , 58.0, 15.0,  22.0,  37.0,   9.0, -14.0,  6.0,     ,  0.0,     ,  2.0, 1.0, 147.0,    2.0,   0.0,   0.0,     0.0,     0.0,        ,     0.0,        ,     0.0,        ,     0.0,      
willito02, 1978,     1, LAK , NHL , L  , 44.0, 10.0,  15.0,  25.0,   8.0, -7.0 ,  3.0,     ,  0.0,     ,  2.0, 0.0,  84.0,    1.0,   0.0,   0.0,     0.0,     0.0,        ,     0.0,        ,     0.0,        ,     0.0,      
willsbr01, 1999,     1, COL , NHL , R  ,  1.0,  0.0,   0.0,   0.0,   0.0, 0.0  ,  0.0,  0.0,  0.0,  0.0,  0.0, 0.0,   1.0,       ,      ,      ,        ,        ,        ,        ,        ,        ,        ,        ,      
willsbr01, 2001,     1, COL , NHL , R  , 56.0,  7.0,   7.0,  14.0,  14.0, 4.0  ,  2.0,  1.0,  0.0,  0.0,  1.0, 1.0,  66.0,    4.0,   0.0,   1.0,     1.0,     2.0, 0.0    ,     0.0,     0.0,     0.0,     0.0,     0.0,     4.0
willsbr01, 2002,     1, COL , NHL , R  , 12.0,  0.0,   1.0,   1.0,  15.0, 0.0  ,  0.0,  0.0,  0.0,  0.0,  0.0, 0.0,  12.0,    6.0,   1.0,   0.0,     1.0,     2.0, 1.0    ,     0.0,     0.0,     0.0,     0.0,     1.0,     7.0
willsbr01, 2003,     1, WAS , NHL , L  , 49.0, 10.0,   5.0,  15.0,  18.0, -7.0 ,  1.0,  1.0,  1.0,  0.0,  1.0, 0.0,  85.0,       ,      ,      ,        ,        ,        ,        ,        ,        ,        ,        ,      
willsbr01, 2005,     1, WAS , NHL , R  , 82.0, 19.0,  22.0,  41.0,  77.0, -19.0,  8.0, 13.0,  1.0,  0.0,  2.0,    , 185.0,       ,      ,      ,        ,        ,        ,        ,        ,        ,        ,        ,      
willsbr01, 2006,     1, LAK , NHL , R  , 81.0, 11.0,  10.0,  21.0,  49.0, -20.0,  2.0,  2.0,  0.0,  0.0,  1.0,    , 131.0,       ,      ,      ,        ,        ,        ,        ,        ,        ,        ,        ,      
willsbr01, 2007,     1, LAK , NHL , R  , 53.0,  4.0,   8.0,  12.0,  30.0, -8.0 ,  0.0,  0.0,  0.0,  0.0,  0.0,    ,  62.0,       ,      ,      ,        ,        ,        ,        ,        ,        ,        ,        ,      
willsbr01, 2008,     1, COL , NHL , R  , 42.0,  1.0,   3.0,   4.0,  14.0, -6.0 ,  0.0,  0.0,  0.0,  0.0,  0.0,    ,  59.0,       ,      ,      ,        ,        ,        ,        ,        ,        ,        ,        ,      
willsbr01, 2009,     1, COL , NHL , R  ,  4.0,  0.0,   0.0,   0.0,   0.0, -1.0 ,  0.0,  0.0,  0.0,  0.0,  0.0,    ,   2.0,       ,      ,      ,        ,        ,        ,        ,        ,        ,        ,        ,      
willsdo01, 1937,     1, MTL , NHL , C  , 18.0,  2.0,   7.0,   9.0,   0.0,      ,     ,     ,     ,     ,     ,    ,      ,    3.0,   0.0,   0.0,     0.0,     0.0,        ,        ,        ,        ,        ,        ,      
willsdo01, 1938,     1, MTL , NHL , C  ,  4.0,  0.0,   0.0,   0.0,   0.0,      ,     ,     ,     ,     ,     ,    ,      ,       ,      ,      ,        ,        ,        ,        ,        ,        ,        ,        ,      
wilmcl01 , 1998,     1, CAL , NHL , C  , 78.0, 10.0,   8.0,  18.0,  53.0, 11.0 ,  2.0,  0.0,  2.0,  0.0,  0.0, 0.0,  94.0,       ,      ,      ,        ,        ,        ,        ,        ,        ,        ,        ,      
wilmcl01 , 1999,     1, CAL , NHL , C  , 78.0, 10.0,  12.0,  22.0,  67.0, -6.0 ,  1.0,  2.0,  3.0,  0.0,  0.0, 0.0,  81.0,       ,      ,      ,        ,        ,        ,        ,        ,        ,        ,        ,      
wilmcl01 , 2000,     1, CAL , NHL , C  , 81.0,  7.0,   8.0,  15.0,  69.0, -11.0,  2.0,  1.0,  0.0,  0.0,  0.0, 0.0,  85.0,       ,      ,      ,        ,        ,        ,        ,        ,        ,        ,        ,      
wilmcl01 , 2001,     1, CAL , NHL , C  , 66.0,  4.0,  14.0,  18.0,  61.0, -1.0 ,  0.0,  1.0,  1.0,  0.0,  0.0, 0.0,  83.0,       ,      ,      ,        ,        ,        ,        ,        ,        ,        ,        ,      
wilmcl01 , 2002,     1, NAS , NHL , C  , 82.0,  5.0,  11.0,  16.0,  36.0, -11.0,  0.0,  1.0,  0.0,  0.0,  0.0, 0.0, 108.0,       ,      ,      ,        ,        ,        ,        ,        ,        ,        ,        ,      
wilmcl01 , 2003,     1, TOR , NHL , C  , 10.0,  0.0,   0.0,   0.0,   7.0, 0.0  ,  0.0,  0.0,  0.0,  0.0,  0.0, 0.0,  10.0,    5.0,   0.0,   1.0,     1.0,     2.0, -1.0   ,     0.0,     0.0,     0.0,     0.0,     0.0,     5.0
wilmcl01 , 2005,     1, TOR , NHL , C  , 60.0,  1.0,   7.0,   8.0,  43.0, -15.0,  0.0,  0.0,  0.0,  1.0,  0.0,    ,  50.0,       ,      ,      ,        ,        ,        ,        ,        ,        ,        ,        ,      
wilsoal01, 1913,     1, OT1 , NHA ,    , 16.0,  0.0,   3.0,   3.0,   4.0,      ,     ,     ,     ,     ,     ,    ,      ,       ,      ,      ,        ,        ,        ,        ,        ,        ,        ,        ,      
wilsobe01, 1973,     1, NYR , NHL , L  ,  5.0,  1.0,   1.0,   2.0,   2.0, 1.0  ,  1.0,     ,  0.0,     ,  0.0, 0.0,   3.0,       ,      ,      ,        ,        ,        ,        ,        ,        ,        ,        ,      
wilsobe01, 1974,     1, NYR , NHL , L  , 61.0,  5.0,   1.0,   6.0,  66.0, 0.0  ,  1.0,     ,  0.0,     ,  1.0, 0.0,  38.0,       ,      ,      ,        ,        ,        ,        ,        ,        ,        ,        ,      
wilsobe01, 1975,     1, STL , NHL , L  , 45.0,  2.0,   3.0,   5.0,  47.0, -6.0 ,  0.0,     ,  0.0,     ,  1.0, 1.0,  25.0,       ,      ,      ,        ,        ,        ,        ,        ,        ,        ,        ,      
wilsobe01, 1975,     2, LAK , NHL , L  , 13.0,  0.0,   0.0,   0.0,  17.0, 0.0  ,  0.0,     ,  0.0,     ,  0.0, 0.0,   5.0,    8.0,   0.0,   0.0,     0.0,    24.0,        ,     0.0,        ,     0.0,        ,     0.0,      
wilsobe01, 1976,     1, LAK , NHL , L  , 77.0,  4.0,   3.0,   7.0,  64.0, -9.0 ,  0.0,     ,  0.0,     ,  1.0, 0.0,  54.0,    8.0,   0.0,   2.0,     2.0,    12.0,        ,     0.0,        ,     0.0,        ,     0.0,      
wilsobe01, 1977,     1, LAK , NHL , L  , 79.0,  7.0,  16.0,  23.0, 127.0, 0.0  ,  0.0,     ,  0.0,     ,  0.0, 1.0,  78.0,    2.0,   0.0,   0.0,     0.0,     2.0,        ,     0.0,        ,     0.0,        ,     0.0,      
wilsobe01, 1978,     1, LAK , NHL , L  , 73.0,  9.0,  10.0,  19.0, 138.0, -5.0 ,  0.0,     ,  0.0,     ,  2.0, 0.0,  72.0,       ,      ,      ,        ,        ,        ,        ,        ,        ,        ,        ,      
wilsobe01, 1979,     1, LAK , NHL , L  , 75.0,  4.0,   3.0,   7.0,  91.0, -19.0,  1.0,     ,  1.0,     ,  0.0, 0.0,  56.0,    2.0,   0.0,   0.0,     0.0,     4.0,        ,     0.0,        ,     0.0,        ,     0.0,      
wilsobe01, 1980,     1, CAL , NHL , L  , 50.0,  5.0,   7.0,  12.0,  94.0, -6.0 ,  0.0,     ,  0.0,     ,  1.0, 0.0,  34.0,    1.0,   0.0,   0.0,     0.0,     0.0,        ,     0.0,        ,     0.0,        ,     0.0,      
wilsobe02, 1978,     1, PHI , NHL , D  , 80.0, 13.0,  36.0,  49.0, 197.0, 13.0 ,  6.0,     ,  0.0,     ,  2.0, 0.0, 174.0,    5.0,   1.0,   0.0,     1.0,     8.0,        ,     0.0,        ,     0.0,        ,     0.0,      
wilsobe02, 1979,     1, PHI , NHL , D  , 61.0,  9.0,  25.0,  34.0, 212.0, 21.0 ,  4.0,     ,  0.0,     ,  1.0, 2.0, 119.0,   19.0,   4.0,   9.0,    13.0,    66.0,        ,     0.0,        ,     0.0,        ,     2.0,      
wilsobe02, 1980,     1, PHI , NHL , D  , 77.0, 16.0,  47.0,  63.0, 237.0, 39.0 ,  2.0,     ,  2.0,     ,  2.0, 0.0, 216.0,   12.0,   2.0,  10.0,    12.0,    36.0,        ,     1.0,        ,     0.0,        ,     0.0,      
wilsobe02, 1981,     1, PHI , NHL , D  , 59.0, 13.0,  23.0,  36.0, 135.0, 6.0  ,  5.0,     ,  0.0,     ,  3.0, 0.0, 130.0,    4.0,   1.0,   4.0,     5.0,    10.0,        ,     1.0,        ,     0.0,        ,     0.0,      
wilsobe02, 1982,     1, PHI , NHL , D  , 62.0,  8.0,  24.0,  32.0,  92.0, 3.0  ,  3.0,     ,  0.0,     ,  2.0, 0.0, 117.0,    3.0,   0.0,   1.0,     1.0,     2.0,        ,     0.0,        ,     0.0,        ,     0.0,      
wilsobe02, 1983,     1, CHI , NHL , D  , 59.0, 10.0,  22.0,  32.0, 143.0, -5.0 ,  3.0,     ,  0.0,     ,  1.0, 0.0, 141.0,    4.0,   0.0,   0.0,     0.0,     4.0, 1.0    ,     0.0,        ,     0.0,        ,     0.0,     5.0
wilsobe02, 1984,     1, CHI , NHL , D  , 76.0, 10.0,  23.0,  33.0, 185.0, 5.0  ,  2.0,     ,  0.0,     ,  1.0, 0.0, 106.0,   15.0,   4.0,   5.0,     9.0,    60.0, 8.0    ,     1.0,        ,     0.0,        ,     1.0,    34.0
wilsobe02, 1985,     1, CHI , NHL , D  , 69.0, 13.0,  37.0,  50.0, 113.0, -11.0, 10.0,     ,  0.0,     ,  6.0, 0.0, 138.0,    2.0,   0.0,   0.0,     0.0,     2.0, -1.0   ,     0.0,        ,     0.0,        ,     0.0,     3.0
wilsobe02, 1987,     1, CHI , NHL , D  , 58.0,  6.0,  23.0,  29.0, 166.0, -19.0,  3.0, 14.0,  0.0,  0.0,  0.0, 0.0, 103.0,    3.0,   0.0,   0.0,     0.0,     6.0, -2.0   ,     0.0,     0.0,     0.0,     0.0,     0.0,     8.0
wilsobo01, 1953,     1, CHI , NHL , D  ,  1.0,  0.0,   0.0,   0.0,   0.0,      ,     ,     ,     ,     ,     ,    ,      ,       ,      ,      ,        ,        ,        ,        ,        ,        ,        ,        ,      
wilsoca01, 1983,     1, CAL , NHL , C  , 15.0,  2.0,   5.0,   7.0,   2.0, -1.0 ,  0.0,     ,  0.0,     ,  0.0, 0.0,  11.0,    6.0,   3.0,   1.0,     4.0,     2.0, 2.0    ,     0.0,        ,     0.0,        ,     1.0,     7.0
wilsoca01, 1984,     1, CAL , NHL , C  , 74.0, 24.0,  48.0,  72.0,  27.0, 24.0 ,  4.0,     ,  0.0,     ,  3.0, 0.0, 128.0,    4.0,   0.0,   0.0,     0.0,     0.0, -4.0   ,     0.0,        ,     0.0,        ,     0.0,     8.0
wilsoca01, 1985,     1, CAL , NHL , C  , 76.0, 29.0,  29.0,  58.0,  24.0, 1.0  ,  5.0,     ,  0.0,     ,  2.0, 1.0, 149.0,    9.0,   0.0,   2.0,     2.0,     2.0, 1.0    ,     0.0,        ,     0.0,        ,     0.0,    22.0
wilsoca01, 1986,     1, CAL , NHL , C  , 80.0, 20.0,  36.0,  56.0,  42.0, -2.0 ,  3.0,     ,  1.0,     ,  2.0, 1.0, 140.0,    6.0,   1.0,   1.0,     2.0,     6.0, -1.0   ,     0.0,        ,     0.0,        ,     0.0,    15.0
wilsoca01, 1987,     1, CAL , NHL , C  , 34.0,  9.0,  21.0,  30.0,  18.0, 2.0  ,  3.0,     ,  0.0,     ,  3.0, 0.0,  61.0,       ,      ,      ,        ,        ,        ,        ,        ,        ,        ,        ,      
wilsoca01, 1987,     2, HAR , NHL , C  , 36.0, 18.0,  20.0,  38.0,  22.0, -5.0 ,  7.0,     ,  1.0,     ,  6.0, 0.0,  77.0,    6.0,   2.0,   4.0,     6.0,     2.0, 1.0    ,     1.0,     1.0,     0.0,     0.0,     1.0,    12.0
wilsoca01, 1988,     1, HAR , NHL , C  , 34.0, 11.0,  11.0,  22.0,  14.0, -12.0,  4.0,     ,  0.0,  0.0,  2.0, 0.0,  56.0,       ,      ,      ,        ,        ,        ,        ,        ,        ,        ,        ,      
wilsoca01, 1988,     2, NYR , NHL , C  , 41.0, 21.0,  34.0,  55.0,  45.0, 1.0  , 10.0,     ,  0.0,  0.0,  3.0, 0.0, 108.0,    4.0,   1.0,   2.0,     3.0,     2.0, -4.0   ,     0.0,     2.0,     0.0,     0.0,     0.0,    12.0
wilsoca01, 1989,     1, NYR , NHL , C  , 41.0,  9.0,  17.0,  26.0,  57.0, 4.0  ,  4.0, 10.0,  0.0,  0.0,  1.0, 0.0,  64.0,   10.0,   2.0,   1.0,     3.0,     0.0, -5.0   ,     1.0,     1.0,     0.0,     0.0,     0.0,    12.0
wilsoca01, 1990,     1, HAR , NHL , C  , 45.0,  8.0,  15.0,  23.0,  16.0, -14.0,  4.0,     ,  0.0,  0.0,  1.0, 0.0,  59.0,       ,      ,      ,        ,        ,        ,        ,        ,        ,        ,        ,      
wilsoca01, 1990,     2, CAL , NHL , C  , 12.0,  3.0,   3.0,   6.0,   2.0, 1.0  ,  0.0,     ,  0.0,  0.0,  1.0, 0.0,  20.0,    7.0,   2.0,   2.0,     4.0,     0.0, 2.0    ,     1.0,     0.0,     0.0,     0.0,     0.0,     9.0
wilsoca01, 1991,     1, CAL , NHL , C  , 42.0, 11.0,  12.0,  23.0,  37.0, -6.0 ,  4.0,  4.0,  2.0,  0.0,  2.0, 0.0,  74.0,       ,      ,      ,        ,        ,        ,        ,        ,        ,        ,        ,      
wilsoca01, 1992,     1, CAL , NHL , C  , 22.0,  4.0,   7.0,  11.0,   8.0, 10.0 ,  1.0,  0.0,  2.0,  0.0,  0.0, 0.0,  30.0,       ,      ,      ,        ,        ,        ,        ,        ,        ,        ,        ,      
wilsocl01, 1913,     1, TBS , NHA , G  ,  2.0,  0.0,   0.0,   0.0,   0.0,      ,     ,     ,     ,     ,     ,    ,      ,       ,      ,      ,        ,        ,        ,        ,        ,        ,        ,        ,      
wilsocl02, 2007,     1, CBS , NHL , D  ,  7.0,  1.0,   1.0,   2.0,   2.0, 3.0  ,  0.0,  1.0,  0.0,  0.0,  0.0,    ,  12.0,       ,      ,      ,        ,        ,        ,        ,        ,        ,        ,        ,      
wilsocl02, 2008,     1, CBS , NHL , D  ,  5.0,  0.0,   1.0,   1.0,   0.0, -2.0 ,  0.0,  1.0,  0.0,  0.0,  0.0,    ,   9.0,       ,      ,      ,        ,        ,        ,        ,        ,        ,        ,        ,      
wilsocl02, 2008,     2, ATL , NHL , D  ,  2.0,  0.0,   0.0,   0.0,   0.0, -1.0 ,  0.0,  0.0,  0.0,  0.0,  0.0,    ,   4.0,       ,      ,      ,        ,        ,        ,        ,        ,        ,        ,        ,      
wilsocl02, 2009,     1, FLO , NHL , D  ,  2.0,  0.0,   0.0,   0.0,   0.0, -5.0 ,  0.0,  0.0,  0.0,  0.0,  0.0,    ,   0.0,       ,      ,      ,        ,        ,        ,        ,        ,        ,        ,        ,      
wilsoco01, 2009,     1, NAS , NHL , C  , 35.0,  8.0,   7.0,  15.0,   7.0, -2.0 ,  1.0,  2.0,  0.0,  0.0,  3.0,    ,  58.0,    6.0,   0.0,   1.0,     1.0,     0.0, -1.0   ,     0.0,     0.0,     0.0,     0.0,     0.0,     8.0
wilsocu01, 1912,     1, TBS , NHA ,    , 19.0, 12.0,   0.0,  12.0,  45.0,      ,     ,     ,     ,     ,     ,    ,      ,       ,      ,      ,        ,        ,        ,        ,        ,        ,        ,        ,      
wilsocu01, 1913,     1, TBS , NHA ,    , 20.0,  9.0,   4.0,  13.0,  33.0,      ,     ,     ,     ,     ,     ,    ,      ,    2.0,   0.0,      ,        ,        ,        ,        ,        ,        ,        ,        ,      
wilsocu01, 1914,     1, TBS , NHA ,    , 20.0, 22.0,   5.0,  27.0, 138.0,      ,     ,     ,     ,     ,     ,    ,      ,       ,      ,      ,        ,        ,        ,        ,        ,        ,        ,        ,      
wilsocu01, 1915,     1, TBS , NHA ,    ,  3.0,  0.0,   0.0,   0.0,   0.0,      ,     ,     ,     ,     ,     ,    ,      ,       ,      ,      ,        ,        ,        ,        ,        ,        ,        ,        ,      
wilsocu01, 1915,     2, SEA , PCHA, R  , 17.0, 12.0,   5.0,  17.0,  57.0,      ,     ,     ,     ,     ,     ,    ,      ,       ,      ,      ,        ,        ,        ,        ,        ,        ,        ,        ,      
wilsocu01, 1916,     1, SEA , PCHA, R  , 15.0, 13.0,   6.0,  19.0,  57.0,      ,     ,     ,     ,     ,     ,    ,      ,       ,      ,      ,        ,        ,        ,        ,        ,        ,        ,        ,      
wilsocu01, 1917,     1, SEA , PCHA, R  , 17.0,  8.0,   6.0,  14.0,  47.0,      ,     ,     ,     ,     ,     ,    ,      ,    2.0,   0.0,   0.0,     0.0,     3.0,        ,        ,        ,        ,        ,        ,      
wilsocu01, 1918,     1, SEA , PCHA, R  , 18.0, 11.0,   6.0,  17.0,  40.0,      ,     ,     ,     ,     ,     ,    ,      ,    2.0,   1.0,   1.0,     2.0,     0.0,        ,        ,        ,        ,        ,        ,      
wilsocu01, 1919,     1, TRS , NHL , R  , 23.0, 20.0,   6.0,  26.0,  86.0,      ,     ,     ,     ,     ,     ,    ,      ,       ,      ,      ,        ,        ,        ,        ,        ,        ,        ,        ,      
wilsocu01, 1920,     1, TRS , NHL , R  ,  8.0,  2.0,   3.0,   5.0,  22.0,      ,     ,     ,     ,     ,     ,    ,      ,       ,      ,      ,        ,        ,        ,        ,        ,        ,        ,        ,      
wilsocu01, 1920,     2, MTL , NHL , R  , 11.0,  6.0,   1.0,   7.0,  29.0,      ,     ,     ,     ,     ,     ,    ,      ,       ,      ,      ,        ,        ,        ,        ,        ,        ,        ,        ,      
wilsocu01, 1921,     1, HAM , NHL , R  , 23.0,  7.0,   9.0,  16.0,  20.0,      ,     ,     ,     ,     ,     ,    ,      ,       ,      ,      ,        ,        ,        ,        ,        ,        ,        ,        ,      
wilsocu01, 1922,     1, HAM , NHL , R  , 23.0, 16.0,   5.0,  21.0,  46.0,      ,     ,     ,     ,     ,     ,    ,      ,       ,      ,      ,        ,        ,        ,        ,        ,        ,        ,        ,      
wilsocu01, 1923,     1, CAT , WCHL, L  , 30.0, 16.0,   7.0,  23.0,  37.0,      ,     ,     ,     ,     ,     ,    ,      ,    5.0,   4.0,   0.0,     4.0,     2.0,        ,        ,        ,        ,        ,        ,      
wilsocu01, 1924,     1, CAT , WCHL, R  , 28.0, 14.0,   6.0,  20.0,  20.0,      ,     ,     ,     ,     ,     ,    ,      ,    2.0,   1.0,   0.0,     1.0,     6.0,        ,        ,        ,        ,        ,        ,      
wilsocu01, 1925,     1, CAT , WCHL, R  , 30.0, 11.0,   4.0,  15.0,  63.0,      ,     ,     ,     ,     ,     ,    ,      ,       ,      ,      ,        ,        ,        ,        ,        ,        ,        ,        ,      
wilsocu01, 1926,     1, CHI , NHL , R  , 39.0,  8.0,   4.0,  12.0,  40.0,      ,     ,     ,     ,     ,     ,    ,      ,    2.0,   1.0,   0.0,     1.0,     6.0,        ,        ,        ,        ,        ,        ,      
wilsodo01, 1977,     1, CHI , NHL , D  , 77.0, 14.0,  20.0,  34.0,  72.0, 11.0 ,  5.0,     ,  0.0,     ,  2.0, 2.0, 203.0,    4.0,   0.0,   0.0,     0.0,     0.0,        ,     0.0,        ,     0.0,        ,     0.0,      
wilsodo01, 1978,     1, CHI , NHL , D  , 56.0,  5.0,  21.0,  26.0,  37.0, 4.0  ,  2.0,     ,  1.0,     ,  0.0, 0.0, 136.0,       ,      ,      ,        ,        ,        ,        ,        ,        ,        ,        ,      
wilsodo01, 1979,     1, CHI , NHL , D  , 73.0, 12.0,  49.0,  61.0,  70.0, -5.0 ,  3.0,     ,  1.0,     ,  1.0, 2.0, 225.0,    7.0,   2.0,   8.0,    10.0,     6.0,        ,     0.0,        ,     0.0,        ,     0.0,      
wilsodo01, 1980,     1, CHI , NHL , D  , 76.0, 12.0,  39.0,  51.0,  80.0, 6.0  ,  3.0,     ,  0.0,     ,  1.0, 0.0, 245.0,    3.0,   0.0,   3.0,     3.0,     2.0,        ,     0.0,        ,     0.0,        ,     0.0,      
wilsodo01, 1981,     1, CHI , NHL , D  , 76.0, 39.0,  46.0,  85.0,  54.0, 1.0  , 14.0,     ,  1.0,     ,  3.0, 3.0, 325.0,   15.0,   3.0,  10.0,    13.0,    32.0,        ,     0.0,        ,     1.0,        ,     1.0,      
wilsodo01, 1982,     1, CHI , NHL , D  , 74.0, 18.0,  51.0,  69.0,  58.0, 22.0 ,  3.0,     ,  0.0,     ,  3.0, 0.0, 260.0,   13.0,   4.0,  11.0,    15.0,    12.0,        ,     0.0,        ,     1.0,        ,     0.0,      
wilsodo01, 1983,     1, CHI , NHL , D  , 66.0, 13.0,  45.0,  58.0,  64.0, -11.0,  4.0,     ,  1.0,     ,  1.0, 0.0, 199.0,    5.0,   0.0,   3.0,     3.0,     0.0, -3.0   ,     0.0,        ,     0.0,        ,     0.0,     6.0
wilsodo01, 1984,     1, CHI , NHL , D  , 78.0, 22.0,  54.0,  76.0,  44.0, 23.0 ,  7.0,     ,  0.0,     ,  2.0, 1.0, 236.0,   12.0,   3.0,  10.0,    13.0,    12.0, 2.0    ,     2.0,        ,     0.0,        ,     0.0,    35.0
wilsodo01, 1985,     1, CHI , NHL , D  , 79.0, 17.0,  47.0,  64.0,  80.0, 24.0 ,  3.0,     ,  0.0,     ,  2.0, 1.0, 243.0,    3.0,   1.0,   1.0,     2.0,     2.0, -5.0   ,     0.0,        ,     0.0,        ,     0.0,    14.0
wilsodo01, 1986,     1, CHI , NHL , D  , 69.0, 16.0,  32.0,  48.0,  36.0, 15.0 ,  7.0,     ,  1.0,     ,  1.0, 0.0, 249.0,    4.0,   0.0,   0.0,     0.0,     0.0, -2.0   ,     0.0,        ,     0.0,        ,     0.0,    17.0
wilsodo01, 1987,     1, CHI , NHL , D  , 27.0,  8.0,  24.0,  32.0,  28.0, -17.0,  6.0, 20.0,  1.0,  1.0,  1.0, 1.0,  87.0,       ,      ,      ,        ,        ,        ,        ,        ,        ,        ,        ,      
wilsodo01, 1988,     1, CHI , NHL , D  , 66.0, 15.0,  47.0,  62.0,  69.0, 8.0  ,  4.0, 31.0,  1.0,  0.0,  3.0, 0.0, 248.0,    4.0,   1.0,   2.0,     3.0,     0.0, 1.0    ,     1.0,     1.0,     0.0,     0.0,     0.0,    11.0
wilsodo01, 1989,     1, CHI , NHL , D  , 70.0, 23.0,  50.0,  73.0,  40.0, 13.0 , 13.0, 24.0,  1.0,  1.0,  2.0, 0.0, 242.0,   20.0,   3.0,  12.0,    15.0,    18.0, 5.0    ,     1.0,     8.0,     0.0,     0.0,     1.0,    64.0
wilsodo01, 1990,     1, CHI , NHL , D  , 51.0, 11.0,  29.0,  40.0,  32.0, 25.0 ,  6.0, 16.0,  1.0,  0.0,  1.0, 0.0, 162.0,    5.0,   2.0,   1.0,     3.0,     2.0, 1.0    ,     2.0,     1.0,     0.0,     0.0,     0.0,    18.0
wilsodo01, 1991,     1, SJS , NHL , D  , 44.0,  9.0,  19.0,  28.0,  26.0, -38.0,  4.0,  9.0,  0.0,  0.0,  0.0, 1.0, 123.0,       ,      ,      ,        ,        ,        ,        ,        ,        ,        ,        ,      
wilsodo01, 1992,     1, SJS , NHL , D  , 42.0,  3.0,  17.0,  20.0,  40.0, -28.0,  1.0, 11.0,  0.0,  0.0,  0.0, 0.0, 110.0,       ,      ,      ,        ,        ,        ,        ,        ,        ,        ,        ,      
wilsodu01, 1969,     1, PHI , NHL , G  ,  1.0,  0.0,   0.0,   0.0,   0.0, 0.0  ,  0.0,     ,  0.0,     ,  0.0, 0.0,   0.0,       ,      ,      ,        ,        ,        ,        ,        ,        ,        ,        ,      
wilsodu01, 1970,     1, VAN , NHL , G  , 35.0,  0.0,   0.0,   0.0,  18.0, 0.0  ,  0.0,     ,  0.0,     ,  0.0, 0.0,   0.0,       ,      ,      ,        ,        ,        ,        ,        ,        ,        ,        ,      
wilsodu01, 1971,     1, VAN , NHL , G  , 53.0,  0.0,   0.0,   0.0,  15.0, 0.0  ,  0.0,     ,  0.0,     ,  0.0, 0.0,   0.0,       ,      ,      ,        ,        ,        ,        ,        ,        ,        ,        ,      
wilsodu01, 1972,     1, VAN , NHL , G  , 43.0,  0.0,   1.0,   1.0,   6.0, 0.0  ,  0.0,     ,  0.0,     ,  0.0, 0.0,   0.0,       ,      ,      ,        ,        ,        ,        ,        ,        ,        ,        ,      
wilsodu01, 1973,     1, TOR , NHL , G  , 24.0,  0.0,   0.0,   0.0,   6.0, 0.0  ,  0.0,     ,  0.0,     ,  0.0, 0.0,   0.0,       ,      ,      ,        ,        ,        ,        ,        ,        ,        ,        ,      
wilsodu01, 1974,     1, TOR , NHL , G  , 25.0,  0.0,   0.0,   0.0,   6.0, 0.0  ,  0.0,     ,  0.0,     ,  0.0, 0.0,   0.0,       ,      ,      ,        ,        ,        ,        ,        ,        ,        ,        ,      
wilsodu01, 1974,     2, NYR , NHL , G  ,  3.0,  0.0,   0.0,   0.0,   0.0, 0.0  ,  0.0,     ,  0.0,     ,  0.0, 0.0,   0.0,       ,      ,      ,        ,        ,        ,        ,        ,        ,        ,        ,      
wilsodu01, 1975,     1, NYR , NHL , G  , 20.0,  0.0,   0.0,   0.0,  11.0, 0.0  ,  0.0,     ,  0.0,     ,  0.0, 0.0,   0.0,       ,      ,      ,        ,        ,        ,        ,        ,        ,        ,        ,      
wilsodu01, 1976,     1, PIT , NHL , G  , 45.0,  0.0,   1.0,   1.0,  21.0, 0.0  ,  0.0,     ,  0.0,     ,  0.0, 0.0,   0.0,       ,      ,      ,        ,        ,        ,        ,        ,        ,        ,        ,      
wilsodu01, 1977,     1, PIT , NHL , G  , 21.0,  0.0,   1.0,   1.0,   0.0, 0.0  ,  0.0,     ,  0.0,     ,  0.0, 0.0,   0.0,       ,      ,      ,        ,        ,        ,        ,        ,        ,        ,        ,      
wilsodu01, 1978,     1, VAN , NHL , G  , 17.0,  0.0,   1.0,   1.0,   0.0, 0.0  ,  0.0,     ,  0.0,     ,  0.0, 0.0,   0.0,       ,      ,      ,        ,        ,        ,        ,        ,        ,        ,        ,      
wilsofr01, 1921,     1, REG , WCHL, C  , 11.0,  1.0,   1.0,   2.0,   2.0,      ,     ,     ,     ,     ,     ,    ,      ,    4.0,   0.0,   0.0,     0.0,     0.0,        ,        ,        ,        ,        ,        ,      
wilsogo01, 1954,     1, BOS , NHL , L  ,     ,     ,      ,      ,      ,      ,     ,     ,     ,     ,     ,    ,      ,    2.0,   0.0,   0.0,     0.0,     0.0,        ,        ,        ,        ,        ,        ,      
wilsohu01, 1931,     1, NYA , NHL , L  ,  2.0,  0.0,   0.0,   0.0,   0.0,      ,     ,     ,     ,     ,     ,    ,      ,       ,      ,      ,        ,        ,        ,        ,        ,        ,        ,        ,      
wilsoje01, 1956,     1, MTL , NHL , C  ,  3.0,  0.0,   0.0,   0.0,   2.0,      ,     ,     ,     ,     ,     ,    ,      ,       ,      ,      ,        ,        ,        ,        ,        ,        ,        ,        ,      
wilsojo01, 1949,     1, DET , NHL , L  ,  1.0,  0.0,   0.0,   0.0,   0.0,      ,     ,     ,     ,     ,     ,    ,      ,    8.0,   0.0,   1.0,     1.0,     0.0,        ,        ,        ,        ,        ,        ,      
wilsojo01, 1950,     1, DET , NHL , L  ,     ,     ,      ,      ,      ,      ,     ,     ,     ,     ,     ,    ,      ,    1.0,   0.0,   0.0,     0.0,     0.0,        ,        ,        ,        ,        ,        ,      
wilsojo01, 1951,     1, DET , NHL , L  , 28.0,  4.0,   5.0,   9.0,  18.0,      ,     ,     ,     ,     ,     ,    ,      ,    8.0,   4.0,   1.0,     5.0,     5.0,        ,        ,        ,        ,        ,        ,      
wilsojo01, 1952,     1, DET , NHL , L  , 70.0, 23.0,  19.0,  42.0,  22.0,      ,     ,     ,     ,     ,     ,    ,      ,    6.0,   2.0,   5.0,     7.0,     0.0,        ,        ,        ,        ,        ,        ,      
wilsojo01, 1953,     1, DET , NHL , L  , 70.0, 17.0,  17.0,  34.0,  22.0,      ,     ,     ,     ,     ,     ,    ,      ,   12.0,   3.0,   0.0,     3.0,     0.0,        ,        ,        ,        ,        ,        ,      
wilsojo01, 1954,     1, DET , NHL , L  , 70.0, 12.0,  15.0,  27.0,  14.0,      ,     ,     ,     ,     ,     ,    ,      ,   11.0,   0.0,   1.0,     1.0,     0.0,        ,        ,        ,        ,        ,        ,      
wilsojo01, 1955,     1, CHI , NHL , L  , 70.0, 24.0,   9.0,  33.0,  12.0,      ,     ,     ,     ,     ,     ,    ,      ,       ,      ,      ,        ,        ,        ,        ,        ,        ,        ,        ,      
wilsojo01, 1956,     1, CHI , NHL , L  , 70.0, 18.0,  30.0,  48.0,  24.0,      ,     ,     ,     ,     ,     ,    ,      ,       ,      ,      ,        ,        ,        ,        ,        ,        ,        ,        ,      
wilsojo01, 1957,     1, DET , NHL , L  , 70.0, 12.0,  27.0,  39.0,  14.0,      ,     ,     ,     ,     ,     ,    ,      ,    4.0,   2.0,   1.0,     3.0,     0.0,        ,        ,        ,        ,        ,        ,      
wilsojo01, 1958,     1, DET , NHL , L  , 70.0, 11.0,  17.0,  28.0,  18.0,      ,     ,     ,     ,     ,     ,    ,      ,       ,      ,      ,        ,        ,        ,        ,        ,        ,        ,        ,      
wilsojo01, 1959,     1, TOR , NHL , L  , 70.0, 15.0,  16.0,  31.0,   8.0,      ,     ,     ,     ,     ,     ,    ,      ,   10.0,   1.0,   2.0,     3.0,     2.0,        ,        ,        ,        ,        ,        ,      
wilsojo01, 1960,     1, TOR , NHL , L  ,  3.0,  0.0,   1.0,   1.0,   0.0,      ,     ,     ,     ,     ,     ,    ,      ,       ,      ,      ,        ,        ,        ,        ,        ,        ,        ,        ,      
wilsojo01, 1960,     2, NYR , NHL , L  , 56.0, 14.0,  12.0,  26.0,  24.0,      ,     ,     ,     ,     ,     ,    ,      ,       ,      ,      ,        ,        ,        ,        ,        ,        ,        ,        ,      
wilsojo01, 1961,     1, NYR , NHL , L  , 40.0, 11.0,   3.0,  14.0,  14.0,      ,     ,     ,     ,     ,     ,    ,      ,    6.0,   2.0,   2.0,     4.0,     4.0,        ,        ,        ,        ,        ,     0.0,      
wilsoky01, 2009,     1, WAS , NHL , C  ,  2.0,  0.0,   2.0,   2.0,   0.0, 1.0  ,  0.0,  0.0,  0.0,  0.0,  0.0,    ,   1.0,       ,      ,      ,        ,        ,        ,        ,        ,        ,        ,        ,      
wilsola01, 1949,     1, DET , NHL , C  ,  1.0,  0.0,   0.0,   0.0,   2.0,      ,     ,     ,     ,     ,     ,    ,      ,    4.0,   0.0,   0.0,     0.0,     0.0,        ,        ,        ,        ,        ,        ,      
wilsola01, 1951,     1, DET , NHL , C  ,  5.0,  0.0,   0.0,   0.0,   4.0,      ,     ,     ,     ,     ,     ,    ,      ,       ,      ,      ,        ,        ,        ,        ,        ,        ,        ,        ,      
wilsola01, 1952,     1, DET , NHL , C  , 15.0,  0.0,   4.0,   4.0,   6.0,      ,     ,     ,     ,     ,     ,    ,      ,       ,      ,      ,        ,        ,        ,        ,        ,        ,        ,        ,      
wilsola01, 1953,     1, CHI , NHL , C  , 66.0,  9.0,  33.0,  42.0,  22.0,      ,     ,     ,     ,     ,     ,    ,      ,       ,      ,      ,        ,        ,        ,        ,        ,        ,        ,        ,      
wilsola01, 1954,     1, CHI , NHL , C  , 63.0, 12.0,  11.0,  23.0,  39.0,      ,     ,     ,     ,     ,     ,    ,      ,       ,      ,      ,        ,        ,        ,        ,        ,        ,        ,        ,      
wilsola01, 1955,     1, CHI , NHL , C  ,  2.0,  0.0,   0.0,   0.0,   2.0,      ,     ,     ,     ,     ,     ,    ,      ,       ,      ,      ,        ,        ,        ,        ,        ,        ,        ,        ,      
wilsola02, 1995,     1, COL , NHL , R  ,  7.0,  1.0,   0.0,   1.0,   6.0, 3.0  ,  0.0,  0.0,  0.0,  0.0,  0.0, 0.0,   6.0,       ,      ,      ,        ,        ,        ,        ,        ,        ,        ,        ,      
wilsola02, 1996,     1, COL , NHL , R  ,  9.0,  1.0,   2.0,   3.0,  23.0, 1.0  ,  0.0,  0.0,  0.0,  0.0,  0.0, 0.0,   7.0,       ,      ,      ,        ,        ,        ,        ,        ,        ,        ,        ,      
wilsola02, 1996,     2, BOS , NHL , R  , 40.0,  7.0,  10.0,  17.0,  49.0, -6.0 ,  0.0,  1.0,  0.0,  0.0,  0.0, 0.0,  76.0,       ,      ,      ,        ,        ,        ,        ,        ,        ,        ,        ,      
wilsola02, 1997,     1, BOS , NHL , R  , 28.0,  1.0,   5.0,   6.0,   7.0, 3.0  ,  0.0,  2.0,  0.0,  0.0,  0.0, 0.0,  26.0,    1.0,   0.0,   0.0,     0.0,     0.0, 0.0    ,     0.0,     0.0,     0.0,     0.0,     0.0,     1.0
wilsola02, 1998,     1, BOS , NHL , R  , 22.0,  3.0,   3.0,   6.0,  17.0, 0.0  ,  0.0,  0.0,  0.0,  0.0,  0.0, 0.0,  32.0,    8.0,   1.0,   1.0,     2.0,     8.0, -2.0   ,     1.0,     0.0,     0.0,     0.0,     1.0,    14.0
wilsola02, 1999,     1, BOS , NHL , R  , 40.0,  1.0,   3.0,   4.0,  18.0, -6.0 ,  0.0,  0.0,  0.0,  0.0,  0.0, 0.0,  67.0,       ,      ,      ,        ,        ,        ,        ,        ,        ,        ,        ,      
wilsola02, 2000,     1, PHO , NHL , R  , 70.0, 18.0,  13.0,  31.0,  92.0, 3.0  ,  2.0,  4.0,  0.0,  0.0,  3.0, 1.0, 123.0,       ,      ,      ,        ,        ,        ,        ,        ,        ,        ,        ,      
wilsola02, 2001,     1, PHO , NHL , R  , 47.0,  7.0,  12.0,  19.0,  46.0, 4.0  ,  1.0,  2.0,  0.0,  0.0,  0.0, 0.0, 100.0,    4.0,   0.0,   0.0,     0.0,    12.0, -2.0   ,     0.0,     0.0,     0.0,     0.0,     0.0,     2.0
wilsola02, 2002,     1, PHO , NHL , R  , 31.0,  6.0,   8.0,  14.0,  26.0, 1.0  ,  0.0,  0.0,  0.0,  0.0,  3.0, 0.0,  92.0,       ,      ,      ,        ,        ,        ,        ,        ,        ,        ,        ,      
wilsola02, 2003,     1, PHO , NHL , R  , 35.0,  1.0,   3.0,   4.0,  16.0, -3.0 ,  0.0,  0.0,  0.0,  0.0,  0.0, 0.0,  41.0,       ,      ,      ,        ,        ,        ,        ,        ,        ,        ,        ,      
wilsola02, 2003,     2, PIT , NHL , R  , 19.0,  5.0,   1.0,   6.0,  31.0, 0.0  ,  2.0,  0.0,  0.0,  0.0,  0.0, 0.0,  35.0,       ,      ,      ,        ,        ,        ,        ,        ,        ,        ,        ,      
wilsola02, 2008,     1, DAL , NHL , R  , 27.0,  2.0,   6.0,   8.0,  21.0, 5.0  ,  0.0,  0.0,  0.0,  0.0,  0.0,    ,  34.0,       ,      ,      ,        ,        ,        ,        ,        ,        ,        ,        ,      
wilsole01, 1953,     1, DET , NHL , G  ,  1.0,  0.0,   0.0,   0.0,   0.0,      ,     ,     ,     ,     ,     ,    ,      ,       ,      ,      ,        ,        ,        ,        ,        ,        ,        ,        ,      
wilsole01, 1955,     1, TOR , NHL , G  ,  1.0,  0.0,   0.0,   0.0,   0.0,      ,     ,     ,     ,     ,     ,    ,      ,       ,      ,      ,        ,        ,        ,        ,        ,        ,        ,        ,      
wilsole01, 1957,     1, BOS , NHL , G  ,  1.0,  0.0,   0.0,   0.0,   0.0,      ,     ,     ,     ,     ,     ,    ,      ,       ,      ,      ,        ,        ,        ,        ,        ,        ,        ,        ,      
wilsomi01, 1984,     1, NJD , NHL , R  ,  9.0,  0.0,   2.0,   2.0,  21.0, 1.0  ,  0.0,     ,  0.0,     ,  0.0, 0.0,   7.0,       ,      ,      ,        ,        ,        ,        ,        ,        ,        ,        ,      
wilsomi01, 1986,     1, PIT , NHL , C  , 17.0,  2.0,   1.0,   3.0,  83.0, -3.0 ,  0.0,     ,  0.0,     ,  0.0, 0.0,   7.0,       ,      ,      ,        ,        ,        ,        ,        ,        ,        ,        ,      
wilsomi02, 1995,     1, BUF , NHL , D  , 58.0,  4.0,   8.0,  12.0,  41.0, 13.0 ,  1.0,  0.0,  0.0,  1.0,  1.0, 0.0,  52.0,       ,      ,      ,        ,        ,        ,        ,        ,        ,        ,        ,      
wilsomi02, 1996,     1, BUF , NHL , D  , 77.0,  2.0,   9.0,  11.0,  51.0, 13.0 ,  0.0,  0.0,  0.0,  0.0,  1.0, 0.0,  57.0,   10.0,   0.0,   1.0,     1.0,     2.0, 3.0    ,     0.0,     0.0,     0.0,     0.0,     0.0,     8.0
wilsomi02, 1997,     1, BUF , NHL , D  , 66.0,  4.0,   4.0,   8.0,  48.0, 13.0 ,  0.0,  0.0,  0.0,  0.0,  1.0, 0.0,  52.0,   15.0,   0.0,   1.0,     1.0,    13.0, -4.0   ,     0.0,     0.0,     0.0,     0.0,     0.0,    16.0
wilsomi02, 1998,     1, BUF , NHL , D  , 30.0,  1.0,   2.0,   3.0,  47.0, 10.0 ,  0.0,  0.0,  0.0,  0.0,  1.0, 0.0,  40.0,       ,      ,      ,        ,        ,        ,        ,        ,        ,        ,        ,      
wilsomi02, 1998,     2, FLO , NHL , D  ,  4.0,  0.0,   0.0,   0.0,   0.0, 2.0  ,  0.0,  0.0,  0.0,  0.0,  0.0, 0.0,   8.0,       ,      ,      ,        ,        ,        ,        ,        ,        ,        ,        ,      
wilsomi02, 1999,     1, FLO , NHL , D  , 60.0,  4.0,  16.0,  20.0,  35.0, 10.0 ,  0.0,  6.0,  0.0,  0.0,  2.0, 0.0,  65.0,    4.0,   0.0,   0.0,     0.0,     0.0, -5.0   ,     0.0,     0.0,     0.0,     0.0,     0.0,     1.0
wilsomi02, 2000,     1, FLO , NHL , D  , 19.0,  0.0,   1.0,   1.0,  25.0, -7.0 ,  0.0,  0.0,  0.0,  0.0,  0.0, 0.0,  26.0,       ,      ,      ,        ,        ,        ,        ,        ,        ,        ,        ,      
wilsomi02, 2001,     1, PIT , NHL , D  , 21.0,  1.0,   1.0,   2.0,  17.0, -12.0,  0.0,  0.0,  0.0,  0.0,  0.0, 0.0,  14.0,       ,      ,      ,        ,        ,        ,        ,        ,        ,        ,        ,      
wilsomi02, 2002,     1, NYR , NHL , D  ,  1.0,  0.0,   0.0,   0.0,   0.0, 1.0  ,  0.0,  0.0,  0.0,  0.0,  0.0, 0.0,   0.0,       ,      ,      ,        ,        ,        ,        ,        ,        ,        ,        ,      
wilsomu01, 1972,     1, MTL , NHL , L  , 52.0, 18.0,   9.0,  27.0,  16.0, 14.0 ,  0.0,     ,  0.0,     ,  3.0, 0.0,  68.0,   16.0,   2.0,   4.0,     6.0,     6.0,        ,     0.0,        ,     0.0,        ,     1.0,      
wilsomu01, 1973,     1, MTL , NHL , L  , 72.0, 17.0,  14.0,  31.0,  26.0, 4.0  ,  0.0,     ,  0.0,     ,  4.0, 1.0, 107.0,    5.0,   1.0,   0.0,     1.0,     2.0,        ,     0.0,        ,     0.0,        ,     0.0,      
wilsomu01, 1974,     1, MTL , NHL , L  , 73.0, 24.0,  18.0,  42.0,  44.0, 13.0 ,  4.0,     ,  0.0,     ,  6.0, 1.0, 135.0,    5.0,   0.0,   3.0,     3.0,     4.0,        ,     0.0,        ,     0.0,        ,     0.0,      
wilsomu01, 1975,     1, MTL , NHL , L  , 59.0, 11.0,  24.0,  35.0,  36.0, 25.0 ,  2.0,     ,  1.0,     ,  1.0, 0.0,  73.0,   12.0,   1.0,   1.0,     2.0,     6.0,        ,     0.0,        ,     0.0,        ,     0.0,      
wilsomu01, 1976,     1, MTL , NHL , L  , 60.0, 13.0,  14.0,  27.0,  26.0, 25.0 ,  1.0,     ,  0.0,     ,  1.0, 0.0,  83.0,   14.0,   1.0,   6.0,     7.0,    14.0,        ,     0.0,        ,     0.0,        ,     0.0,      
wilsomu01, 1977,     1, MTL , NHL , C  , 12.0,  0.0,   1.0,   1.0,   0.0, -1.0 ,  0.0,     ,  0.0,     ,  0.0, 0.0,   9.0,       ,      ,      ,        ,        ,        ,        ,        ,        ,        ,        ,      
wilsomu01, 1978,     1, LAK , NHL , C  , 58.0, 11.0,  15.0,  26.0,  14.0, -7.0 ,  1.0,     ,  0.0,     ,  2.0, 0.0, 107.0,    1.0,   0.0,   0.0,     0.0,     0.0,        ,     0.0,        ,     0.0,        ,     0.0,      
wilsori01, 1973,     1, MTL , NHL , D  , 21.0,  0.0,   2.0,   2.0,   6.0, 8.0  ,  0.0,     ,  0.0,     ,  0.0, 0.0,   9.0,       ,      ,      ,        ,        ,        ,        ,        ,        ,        ,        ,      
wilsori01, 1974,     1, STL , NHL , D  , 76.0,  2.0,   5.0,   7.0,  83.0, 12.0 ,  0.0,     ,  0.0,     ,  0.0, 0.0,  63.0,    2.0,   0.0,   0.0,     0.0,     0.0,        ,     0.0,        ,     0.0,        ,     0.0,      
wilsori01, 1975,     1, STL , NHL , D  , 65.0,  1.0,   6.0,   7.0,  20.0, -10.0,  1.0,     ,  0.0,     ,  0.0, 0.0,  44.0,    1.0,   0.0,   0.0,     0.0,     0.0,        ,     0.0,        ,     0.0,        ,     0.0,      
wilsori01, 1976,     1, DET , NHL , D  , 77.0,  3.0,  13.0,  16.0,  56.0, -20.0,  0.0,     ,  0.0,     ,  0.0, 0.0,  60.0,       ,      ,      ,        ,        ,        ,        ,        ,        ,        ,        ,      
wilsori02, 1981,     1, STL , NHL , D  , 48.0,  3.0,  18.0,  21.0,  24.0, -10.0,  1.0,     ,  0.0,     ,  1.0, 0.0,  95.0,    9.0,   0.0,   3.0,     3.0,    14.0,        ,     0.0,        ,     0.0,        ,     0.0,      
wilsori02, 1982,     1, STL , NHL , D  , 56.0,  3.0,  11.0,  14.0,  50.0, -10.0,  1.0,     ,  0.0,     ,  1.0, 0.0,  77.0,       ,      ,      ,        ,        ,        ,        ,        ,        ,        ,        ,      
wilsori02, 1983,     1, STL , NHL , D  , 48.0,  7.0,  11.0,  18.0,  53.0, 4.0  ,  2.0,     ,  0.0,     ,  1.0, 0.0,  72.0,   11.0,   0.0,   0.0,     0.0,     9.0, -4.0   ,     0.0,        ,     0.0,        ,     0.0,    13.0
wilsori02, 1984,     1, STL , NHL , D  , 51.0,  8.0,  16.0,  24.0,  39.0, 14.0 ,  3.0,     ,  0.0,     ,  0.0, 0.0,  85.0,    2.0,   0.0,   1.0,     1.0,     0.0, 1.0    ,     0.0,        ,     0.0,        ,     0.0,     8.0
wilsori02, 1985,     1, STL , NHL , D  , 32.0,  0.0,   4.0,   4.0,  48.0, -9.0 ,  0.0,     ,  0.0,     ,  0.0, 0.0,  45.0,       ,      ,      ,        ,        ,        ,        ,        ,        ,        ,        ,      
wilsori02, 1985,     2, CAL , NHL , D  ,  2.0,  0.0,   0.0,   0.0,   0.0, 2.0  ,  0.0,     ,  0.0,     ,  0.0, 0.0,   3.0,       ,      ,      ,        ,        ,        ,        ,        ,        ,        ,        ,      
wilsori02, 1987,     1, CHI , NHL , D  , 14.0,  4.0,   5.0,   9.0,   6.0, 4.0  ,  0.0,  3.0,  0.0,  0.0,  1.0, 0.0,  27.0,       ,      ,      ,        ,        ,        ,        ,        ,        ,        ,        ,      
wilsoro01, 1974,     1, CHI , NHL , D  ,  7.0,  0.0,   2.0,   2.0,   6.0, 1.0  ,  0.0,     ,  0.0,     ,  0.0, 0.0,  10.0,       ,      ,      ,        ,        ,        ,        ,        ,        ,        ,        ,      
wilsoro02, 1977,     1, TOR , NHL , D  , 13.0,  2.0,   1.0,   3.0,   0.0, -5.0 ,  1.0,     ,  0.0,     ,  0.0, 0.0,  11.0,       ,      ,      ,        ,        ,        ,        ,        ,        ,        ,        ,      
wilsoro02, 1978,     1, TOR , NHL , D  , 46.0,  5.0,  12.0,  17.0,   4.0, -10.0,  4.0,     ,  0.0,     ,  0.0, 1.0,  58.0,    3.0,   0.0,   1.0,     1.0,     0.0,        ,     0.0,        ,     0.0,        ,     0.0,      
wilsoro02, 1979,     1, TOR , NHL , D  ,  5.0,  0.0,   2.0,   2.0,   2.0, -2.0 ,  0.0,     ,  0.0,     ,  0.0, 0.0,   6.0,    3.0,   1.0,   2.0,     3.0,     2.0,        ,     1.0,        ,     0.0,        ,     0.0,      
wilsoro02, 1984,     1, MNS , NHL , D  , 13.0,  4.0,   8.0,  12.0,   2.0, -1.0 ,  0.0,     ,  0.0,     ,  0.0, 0.0,  27.0,    9.0,   1.0,   6.0,     7.0,     2.0, 5.0    ,     1.0,        ,     0.0,        ,     0.0,    19.0
wilsoro02, 1985,     1, MNS , NHL , L  , 11.0,  1.0,   3.0,   4.0,   8.0, -2.0 ,  1.0,     ,  0.0,     ,  0.0, 0.0,  21.0,    5.0,   2.0,   4.0,     6.0,     4.0, 0.0    ,     1.0,        ,     0.0,        ,     0.0,    15.0
wilsoro02, 1986,     1, MNS , NHL , D  , 65.0, 12.0,  29.0,  41.0,  36.0, -9.0 ,  6.0,     ,  0.0,     ,  2.0, 1.0, 138.0,       ,      ,      ,        ,        ,        ,        ,        ,        ,        ,        ,      
wilsoro02, 1987,     1, MNS , NHL , D  , 24.0,  2.0,  12.0,  14.0,  16.0, -4.0 ,  1.0,  7.0,  0.0,  0.0,  0.0, 0.0,  40.0,       ,      ,      ,        ,        ,        ,        ,        ,        ,        ,        ,      
wilsoro03, 1979,     1, WIN , NHL , L  , 79.0, 21.0,  36.0,  57.0,  28.0, -12.0,  6.0,     ,  0.0,     ,  3.0, 0.0, 176.0,       ,      ,      ,        ,        ,        ,        ,        ,        ,        ,        ,      
wilsoro03, 1980,     1, WIN , NHL , C  , 77.0, 18.0,  33.0,  51.0,  55.0, -34.0,  4.0,     ,  1.0,     ,  0.0, 1.0, 192.0,       ,      ,      ,        ,        ,        ,        ,        ,        ,        ,        ,      
wilsoro03, 1981,     1, WIN , NHL , C  , 39.0,  3.0,  13.0,  16.0,  49.0, -3.0 ,  0.0,     ,  0.0,     ,  0.0, 0.0,  53.0,       ,      ,      ,        ,        ,        ,        ,        ,        ,        ,        ,      
wilsoro03, 1982,     1, WIN , NHL , C  , 12.0,  6.0,   3.0,   9.0,   4.0, 7.0  ,  2.0,     ,  0.0,     ,  0.0, 0.0,  20.0,    3.0,   2.0,   2.0,     4.0,     2.0,        ,     0.0,        ,     0.0,        ,     0.0,      
wilsoro03, 1983,     1, WIN , NHL , C  , 51.0,  3.0,  12.0,  15.0,  12.0, -3.0 ,  0.0,     ,  0.0,     ,  1.0, 0.0,  52.0,       ,      ,      ,        ,        ,        ,        ,        ,        ,        ,        ,      
wilsoro03, 1984,     1, WIN , NHL , C  , 75.0, 10.0,   9.0,  19.0,  31.0, -8.0 ,  1.0,     ,  1.0,     ,  1.0, 1.0,  65.0,    8.0,   4.0,   2.0,     6.0,     2.0, 4.0    ,     0.0,        ,     0.0,        ,     1.0,    19.0
wilsoro03, 1985,     1, WIN , NHL , C  , 54.0,  6.0,   7.0,  13.0,  16.0, -2.0 ,  0.0,     ,  2.0,     ,  0.0, 0.0,  64.0,    1.0,   0.0,   0.0,     0.0,     0.0, 0.0    ,     0.0,        ,     0.0,        ,     0.0,     1.0
wilsoro03, 1986,     1, WIN , NHL , C  , 80.0,  3.0,  13.0,  16.0,  13.0, 10.0 ,  0.0,     ,  0.0,     ,  0.0, 0.0,  76.0,   10.0,   1.0,   2.0,     3.0,     0.0, -1.0   ,     0.0,        ,     0.0,        ,     0.0,    18.0
wilsoro03, 1987,     1, WIN , NHL , C  , 69.0,  5.0,   8.0,  13.0,  28.0, -1.0 ,  0.0,  0.0,  2.0,  1.0,  0.0, 0.0,  80.0,    1.0,   0.0,   0.0,     0.0,     2.0, 0.0    ,     0.0,     0.0,     0.0,     0.0,     0.0,     1.0
wilsoro03, 1989,     1, STL , NHL , C  , 33.0,  3.0,  17.0,  20.0,  23.0, 5.0  ,  1.0,  4.0,  0.0,  3.0,  1.0, 0.0,  40.0,   12.0,   3.0,   5.0,     8.0,    18.0, 1.0    ,     2.0,     1.0,     0.0,     1.0,     0.0,    23.0
wilsoro03, 1990,     1, STL , NHL , C  , 73.0, 10.0,  27.0,  37.0,  54.0, -1.0 ,  1.0,  1.0,  2.0,  2.0,  1.0, 0.0, 101.0,    7.0,   0.0,   0.0,     0.0,    28.0, 0.0    ,     0.0,     0.0,     0.0,     0.0,     0.0,     3.0
wilsoro03, 1991,     1, STL , NHL , C  , 64.0, 12.0,  17.0,  29.0,  46.0, 10.0 ,  5.0,  3.0,  2.0,  4.0,  2.0, 0.0, 100.0,    6.0,   0.0,   1.0,     1.0,     0.0, 3.0    ,     0.0,     0.0,     0.0,     0.0,     0.0,     6.0
wilsoro03, 1992,     1, STL , NHL , C  , 78.0,  8.0,  11.0,  19.0,  44.0, -8.0 ,  0.0,  1.0,  3.0,  4.0,  1.0, 0.0,  75.0,   11.0,   0.0,   0.0,     0.0,    12.0, -7.0   ,     0.0,     0.0,     0.0,     0.0,     0.0,    14.0
wilsoro03, 1993,     1, MTL , NHL , C  , 48.0,  2.0,  10.0,  12.0,  12.0, -2.0 ,  0.0,  0.0,  0.0,  2.0,  0.0, 0.0,  39.0,    4.0,   0.0,   0.0,     0.0,     0.0, -1.0   ,     0.0,     0.0,     0.0,     0.0,     0.0,     1.0
wilsory01, 2009,     1, COL , NHL , D  , 61.0,  3.0,  18.0,  21.0,  36.0, 13.0 ,  0.0,  0.0,  0.0,  0.0,  0.0,    ,  46.0,    4.0,   0.0,   1.0,     1.0,     0.0, -1.0   ,     0.0,     0.0,     0.0,     0.0,     0.0,     2.0
wilsowa01, 1947,     1, BOS , NHL , C  , 53.0, 11.0,   8.0,  19.0,  18.0,      ,     ,     ,     ,     ,     ,    ,      ,    1.0,   0.0,   0.0,     0.0,     0.0,        ,        ,        ,        ,        ,        ,      
winchbr01, 2005,     1, EDM , NHL , L  , 19.0,  0.0,   1.0,   1.0,  21.0, -2.0 ,  0.0,  0.0,  0.0,  0.0,  0.0,    ,  19.0,   10.0,   1.0,   2.0,     3.0,     4.0, -2.0   ,     0.0,     0.0,     0.0,     0.0,     1.0,     9.0
winchbr01, 2006,     1, EDM , NHL , L  , 59.0,  4.0,   5.0,   9.0,  86.0, -10.0,  0.0,  0.0,  0.0,  0.0,  0.0,    ,  66.0,       ,      ,      ,        ,        ,        ,        ,        ,        ,        ,        ,      
winchbr01, 2007,     1, DAL , NHL , L  , 41.0,  1.0,   2.0,   3.0,  46.0, -9.0 ,  0.0,  0.0,  0.0,  0.0,  0.0,    ,  36.0,    6.0,   0.0,   0.0,     0.0,     8.0, -2.0   ,     0.0,     0.0,     0.0,     0.0,     0.0,     4.0
winchbr01, 2008,     1, STL , NHL , L  , 64.0, 13.0,   8.0,  21.0,  89.0, -1.0 ,  5.0,  3.0,  0.0,  0.0,  3.0,    ,  82.0,    4.0,   0.0,   0.0,     0.0,    10.0, -4.0   ,     0.0,     0.0,     0.0,     0.0,     0.0,     4.0
winchbr01, 2009,     1, STL , NHL , L  , 64.0,  3.0,   5.0,   8.0, 108.0, 3.0  ,  1.0,  1.0,  0.0,  0.0,  0.0,    ,  69.0,       ,      ,      ,        ,        ,        ,        ,        ,        ,        ,        ,      
winchja01, 1909,     1, MOS , NHA , G  ,  5.0,  0.0,   0.0,   0.0,   0.0,      ,     ,     ,     ,     ,     ,    ,      ,       ,      ,      ,        ,        ,        ,        ,        ,        ,        ,        ,      
winchje01, 2007,     1, OTT , NHL , C  ,  1.0,  0.0,   0.0,   0.0,   2.0, 0.0  ,  0.0,  0.0,  0.0,  0.0,  0.0,    ,   1.0,       ,      ,      ,        ,        ,        ,        ,        ,        ,        ,        ,      
winchje01, 2008,     1, OTT , NHL , R  , 76.0,  3.0,  15.0,  18.0,  33.0, 0.0  ,  0.0,  0.0,  0.0,  0.0,  1.0,    , 115.0,       ,      ,      ,        ,        ,        ,        ,        ,        ,        ,        ,      
winchje01, 2009,     1, OTT , NHL , C  , 52.0,  2.0,  11.0,  13.0,  22.0, -1.0 ,  0.0,  1.0,  1.0,  0.0,  0.0,    ,  77.0,    6.0,   0.0,   0.0,     0.0,     0.0, -3.0   ,     0.0,     0.0,     0.0,     0.0,     0.0,    12.0
wingmu01 , 1973,     1, DET , NHL , D  ,  1.0,  0.0,   1.0,   1.0,   0.0, -2.0 ,  0.0,     ,  0.0,     ,  0.0, 0.0,   0.0,       ,      ,      ,        ,        ,        ,        ,        ,        ,        ,        ,      
winklha01, 1921,     1, EDE , WCHL, G  , 15.0,  0.0,   0.0,   0.0,   0.0,      ,     ,     ,     ,     ,     ,    ,      ,    2.0,   0.0,   0.0,     0.0,     0.0,        ,        ,        ,        ,        ,        ,      
winklha01, 1922,     1, EDE , WCHL, G  , 29.0,  0.0,   0.0,   0.0,   0.0,      ,     ,     ,     ,     ,     ,    ,      ,    2.0,   0.0,   0.0,     0.0,     0.0,        ,        ,        ,        ,        ,        ,      
winklha01, 1923,     1, EDE , WCHL, G  , 26.0,  0.0,   0.0,   0.0,   0.0,      ,     ,     ,     ,     ,     ,    ,      ,       ,      ,      ,        ,        ,        ,        ,        ,        ,        ,        ,      
winklha01, 1924,     1, CAT , WCHL, G  , 28.0,  0.0,   0.0,   0.0,   0.0,      ,     ,     ,     ,     ,     ,    ,      ,    2.0,   0.0,   0.0,     0.0,     0.0,        ,        ,        ,        ,        ,        ,      
winklha01, 1925,     1, CAT , WCHL, G  , 30.0,  0.0,   0.0,   0.0,   0.0,      ,     ,     ,     ,     ,     ,    ,      ,       ,      ,      ,        ,        ,        ,        ,        ,        ,        ,        ,      
winklha01, 1926,     1, NYR , NHL , G  ,  8.0,  0.0,   0.0,   0.0,   0.0,      ,     ,     ,     ,     ,     ,    ,      ,       ,      ,      ,        ,        ,        ,        ,        ,        ,        ,        ,      
winklha01, 1926,     2, BOS , NHL , G  , 23.0,  0.0,   0.0,   0.0,   0.0,      ,     ,     ,     ,     ,     ,    ,      ,    8.0,   0.0,   0.0,     0.0,     0.0,        ,        ,        ,        ,        ,        ,      
winklha01, 1927,     1, BOS , NHL , G  , 44.0,  0.0,   0.0,   0.0,   0.0,      ,     ,     ,     ,     ,     ,    ,      ,    2.0,   0.0,   0.0,     0.0,     0.0,        ,        ,        ,        ,        ,        ,      
winnech01, 1990,     1, BOS , NHL , R  ,     ,     ,      ,      ,      ,      ,     ,     ,     ,     ,     ,    ,      ,    1.0,   0.0,   0.0,     0.0,     0.0, -1.0   ,     0.0,     0.0,     0.0,     0.0,     0.0,     3.0
winnech01, 1991,     1, BOS , NHL , R  , 24.0,  1.0,   3.0,   4.0,   6.0, -6.0 ,  0.0,  1.0,  0.0,  0.0,  0.0, 0.0,  20.0,       ,      ,      ,        ,        ,        ,        ,        ,        ,        ,        ,      
winnech01, 1992,     1, BOS , NHL , R  ,  5.0,  0.0,   1.0,   1.0,   0.0, 1.0  ,  0.0,  0.0,  0.0,  0.0,  0.0, 0.0,   2.0,       ,      ,      ,        ,        ,        ,        ,        ,        ,        ,        ,      
winnech01, 1993,     1, PHI , NHL , R  ,  4.0,  0.0,   2.0,   2.0,   0.0, 1.0  ,  0.0,  0.0,  0.0,  0.0,  0.0, 0.0,   4.0,       ,      ,      ,        ,        ,        ,        ,        ,        ,        ,        ,      
winnida01, 2007,     1, PHO , NHL , C  , 79.0, 11.0,  15.0,  26.0,  25.0, -3.0 ,  0.0,  1.0,  0.0,  2.0,  1.0,    , 122.0,       ,      ,      ,        ,        ,        ,        ,        ,        ,        ,        ,      
winnida01, 2008,     1, PHO , NHL , C  , 49.0,  3.0,   4.0,   7.0,  63.0, 1.0  ,  0.0,  0.0,  0.0,  0.0,  0.0,    ,  66.0,       ,      ,      ,        ,        ,        ,        ,        ,        ,        ,        ,      
winnida01, 2009,     1, PHO , NHL , C  , 74.0,  4.0,  15.0,  19.0,  12.0, 1.0  ,  0.0,  0.0,  0.0,  2.0,  1.0,    ,  83.0,    7.0,   0.0,   0.0,     0.0,     0.0, -2.0   ,     0.0,     0.0,     0.0,     0.0,     0.0,     6.0
winogbo01, 1972,     1, NRA , WHA , D  , 52.0,  0.0,  12.0,  12.0,  23.0,      ,  0.0,     ,  0.0,     ,     ,    ,      ,       ,      ,      ,        ,        ,        ,        ,        ,        ,        ,        ,      
winogbo01, 1973,     1, NYJ , WHA , D  ,  7.0,  1.0,   0.0,   1.0,   0.0,      ,  0.0,     ,  0.0,     ,  0.0,    ,      ,       ,      ,      ,        ,        ,        ,        ,        ,        ,        ,        ,      
winogbo01, 1976,     1, SDM , WHA , D  ,  1.0,  0.0,   0.0,   0.0,   0.0, 1.0  ,  0.0,     ,  0.0,     ,  0.0,    ,   1.0,       ,      ,      ,        ,        ,        ,        ,        ,        ,        ,        ,      
wirtape01, 2007,     1, AND , NHL , C  ,  3.0,  1.0,   0.0,   1.0,   2.0, 1.0  ,  0.0,  0.0,  0.0,  0.0,  1.0,    ,   1.0,       ,      ,      ,        ,        ,        ,        ,        ,        ,        ,        ,      
wisembr01, 1996,     1, TOR , NHL , C  ,  3.0,  0.0,   0.0,   0.0,   0.0, 0.0  ,  0.0,  0.0,  0.0,  0.0,  0.0, 0.0,   1.0,       ,      ,      ,        ,        ,        ,        ,        ,        ,        ,        ,      
wisemch01, 2002,     1, SJS , NHL , L  ,  4.0,  0.0,   0.0,   0.0,   4.0, -2.0 ,  0.0,  0.0,  0.0,  0.0,  0.0, 0.0,   1.0,       ,      ,      ,        ,        ,        ,        ,        ,        ,        ,        ,      
wisemch01, 2003,     1, NYR , NHL , L  ,  4.0,  1.0,   0.0,   1.0,   0.0, -1.0 ,  0.0,  0.0,  0.0,  0.0,  0.0, 0.0,   3.0,       ,      ,      ,        ,        ,        ,        ,        ,        ,        ,        ,      
wisemch01, 2005,     1, NYR , NHL , L  ,  1.0,  0.0,   1.0,   1.0,   4.0, 2.0  ,  0.0,  0.0,  0.0,  0.0,  0.0,    ,   1.0,    1.0,   0.0,   0.0,     0.0,     2.0, 0.0    ,     0.0,     0.0,     0.0,     0.0,     0.0,     0.0
wisemed01, 1932,     1, DET , NHL , R  , 43.0,  8.0,   8.0,  16.0,  16.0,      ,     ,     ,     ,     ,     ,    ,      ,    2.0,   0.0,   0.0,     0.0,     0.0,        ,        ,        ,        ,        ,        ,      
wisemed01, 1933,     1, DET , NHL , R  , 48.0,  5.0,   9.0,  14.0,  13.0,      ,     ,     ,     ,     ,     ,    ,      ,    7.0,   0.0,   1.0,     1.0,     4.0,        ,        ,        ,        ,        ,        ,      
wisemed01, 1934,     1, DET , NHL , R  , 39.0, 11.0,  13.0,  24.0,  14.0,      ,     ,     ,     ,     ,     ,    ,      ,       ,      ,      ,        ,        ,        ,        ,        ,        ,        ,        ,      
wisemed01, 1935,     1, DET , NHL , R  ,  1.0,  0.0,   0.0,   0.0,   0.0,      ,     ,     ,     ,     ,     ,    ,      ,       ,      ,      ,        ,        ,        ,        ,        ,        ,        ,        ,      
wisemed01, 1935,     2, NYA , NHL , R  , 44.0, 12.0,  16.0,  28.0,  15.0,      ,     ,     ,     ,     ,     ,    ,      ,    4.0,   2.0,   1.0,     3.0,     0.0,        ,        ,        ,        ,        ,        ,      
wisemed01, 1936,     1, NYA , NHL , R  , 44.0, 14.0,  19.0,  33.0,  12.0,      ,     ,     ,     ,     ,     ,    ,      ,       ,      ,      ,        ,        ,        ,        ,        ,        ,        ,        ,      
wisemed01, 1937,     1, NYA , NHL , R  , 48.0, 18.0,  14.0,  32.0,  32.0,      ,     ,     ,     ,     ,     ,    ,      ,    6.0,   0.0,   4.0,     4.0,    10.0,        ,        ,        ,        ,        ,        ,      
wisemed01, 1938,     1, NYA , NHL , R  , 47.0, 12.0,  21.0,  33.0,   8.0,      ,     ,     ,     ,     ,     ,    ,      ,    2.0,   0.0,   0.0,     0.0,     0.0,        ,        ,        ,        ,        ,        ,      
wisemed01, 1939,     1, NYA , NHL , R  , 31.0,  5.0,  13.0,  18.0,   8.0,      ,     ,     ,     ,     ,     ,    ,      ,       ,      ,      ,        ,        ,        ,        ,        ,        ,        ,        ,      
wisemed01, 1939,     2, BOS , NHL , R  , 18.0,  2.0,   6.0,   8.0,   0.0,      ,     ,     ,     ,     ,     ,    ,      ,    6.0,   2.0,   1.0,     3.0,     2.0,        ,        ,        ,        ,        ,        ,      
wisemed01, 1940,     1, BOS , NHL , R  , 48.0, 16.0,  24.0,  40.0,  10.0,      ,     ,     ,     ,     ,     ,    ,      ,   11.0,   6.0,   2.0,     8.0,     0.0,        ,        ,        ,        ,        ,        ,      
wisemed01, 1941,     1, BOS , NHL , R  , 45.0, 12.0,  22.0,  34.0,   8.0,      ,     ,     ,     ,     ,     ,    ,      ,    5.0,   0.0,   1.0,     1.0,     0.0,        ,        ,        ,        ,        ,        ,      
wishaty01, 2008,     1, TBL , NHL , D  ,  5.0,  0.0,   1.0,   1.0,   0.0, 0.0  ,  0.0,  0.0,  0.0,  0.0,  0.0,    ,   2.0,       ,      ,      ,        ,        ,        ,        ,        ,        ,        ,        ,      
wisnija01, 2005,     1, CHI , NHL , D  , 19.0,  2.0,   5.0,   7.0,  36.0, 0.0  ,  0.0,  1.0,  0.0,  0.0,  0.0,    ,  25.0,       ,      ,      ,        ,        ,        ,        ,        ,        ,        ,        ,      
wisnija01, 2006,     1, CHI , NHL , D  , 50.0,  2.0,   8.0,  10.0,  39.0, 3.0  ,  0.0,  1.0,  0.0,  0.0,  0.0,    ,  55.0,       ,      ,      ,        ,        ,        ,        ,        ,        ,        ,        ,      
wisnija01, 2007,     1, CHI , NHL , D  , 68.0,  7.0,  19.0,  26.0, 103.0, 12.0 ,  1.0,  4.0,  1.0,  0.0,  0.0,    ,  82.0,       ,      ,      ,        ,        ,        ,        ,        ,        ,        ,        ,      
wisnija01, 2008,     1, CHI , NHL , D  , 31.0,  2.0,  11.0,  13.0,  14.0, 6.0  ,  1.0,  3.0,  0.0,  0.0,  0.0,    ,  70.0,       ,      ,      ,        ,        ,        ,        ,        ,        ,        ,        ,      
wisnija01, 2008,     2, AND , NHL , D  , 17.0,  1.0,  10.0,  11.0,  16.0, 3.0  ,  0.0,  7.0,  0.0,  0.0,  0.0,    ,  19.0,   12.0,   1.0,   2.0,     3.0,    10.0, 0.0    ,     0.0,     1.0,     0.0,     0.0,     0.0,    16.0
wisnija01, 2009,     1, AND , NHL , D  , 69.0,  3.0,  27.0,  30.0,  56.0, -5.0 ,  2.0,  7.0,  0.0,  3.0,  0.0,    , 146.0,       ,      ,      ,        ,        ,        ,        ,        ,        ,        ,        ,      
wisteji01, 1968,     1, CHI , NHL , C  ,  3.0,  0.0,   0.0,   0.0,   0.0, 1.0  ,  0.0,     ,  0.0,     ,  0.0, 0.0,   3.0,       ,      ,      ,        ,        ,        ,        ,        ,        ,        ,        ,      
wisteji01, 1969,     1, CHI , NHL , L  , 26.0,  0.0,   8.0,   8.0,   8.0, 0.0  ,  0.0,     ,  0.0,     ,  0.0, 0.0,  11.0,       ,      ,      ,        ,        ,        ,        ,        ,        ,        ,        ,      
wisteji01, 1970,     1, VAN , NHL , C  , 23.0,  1.0,   2.0,   3.0,   0.0, -8.0 ,  0.0,     ,  0.0,     ,  0.0, 0.0,   9.0,       ,      ,      ,        ,        ,        ,        ,        ,        ,        ,        ,      
wisteji01, 1972,     1, CLC , WHA , C  , 70.0, 28.0,  43.0,  71.0,  24.0,      ,  4.0,     ,  0.0,     ,  3.0,    ,      ,    9.0,   3.0,   8.0,    11.0,    13.0,        ,     1.0,        ,     0.0,        ,     1.0,      
wisteji01, 1973,     1, CLC , WHA , C  , 76.0, 23.0,  35.0,  58.0,  26.0,      ,  4.0,     ,  0.0,     ,  7.0,    ,      ,    5.0,   0.0,   1.0,     1.0,     0.0,        ,        ,        ,        ,        ,     0.0,      
wisteji01, 1974,     1, IND , WHA , C  , 75.0, 13.0,  28.0,  41.0,  30.0, -19.0,  0.0,     ,  0.0,     ,     ,    , 114.0,       ,      ,      ,        ,        ,        ,        ,        ,        ,        ,        ,      
wisteji01, 1975,     1, IND , WHA , C  ,  7.0,  0.0,   2.0,   2.0,   0.0, -2.0 ,  0.0,     ,  0.0,     ,  0.0,    ,   3.0,       ,      ,      ,        ,        ,        ,        ,        ,        ,        ,        ,      
witehjo01, 1998,     1, NYR , NHL , L  ,  4.0,  0.0,   0.0,   0.0,   0.0, 0.0  ,  0.0,  0.0,  0.0,  0.0,  0.0, 0.0,   1.0,       ,      ,      ,        ,        ,        ,        ,        ,        ,        ,        ,      
witehjo01, 1999,     1, NYR , NHL , L  ,  9.0,  1.0,   1.0,   2.0,   2.0, 0.0  ,  0.0,  0.0,  0.0,  0.0,  0.0, 0.0,   6.0,       ,      ,      ,        ,        ,        ,        ,        ,        ,        ,        ,      
witehjo01, 2000,     1, NYR , NHL , L  , 15.0,  0.0,   3.0,   3.0,   8.0, -5.0 ,  0.0,  0.0,  0.0,  0.0,  0.0, 0.0,  16.0,       ,      ,      ,        ,        ,        ,        ,        ,        ,        ,        ,      
witehjo01, 2000,     2, MTL , NHL , L  , 26.0,  1.0,   1.0,   2.0,   6.0, 0.0  ,  0.0,  0.0,  0.0,  0.0,  0.0, 0.0,  18.0,       ,      ,      ,        ,        ,        ,        ,        ,        ,        ,        ,      
witheji01, 1975,     1, LAK , NHL , D  ,  2.0,  0.0,   0.0,   0.0,   2.0, -1.0 ,  0.0,     ,  0.0,     ,  0.0, 0.0,   0.0,       ,      ,      ,        ,        ,        ,        ,        ,        ,        ,        ,      
witiust01, 1951,     1, CHI , NHL , R  , 33.0,  3.0,   8.0,  11.0,  14.0,      ,     ,     ,     ,     ,     ,    ,      ,       ,      ,      ,        ,        ,        ,        ,        ,        ,        ,        ,      
wittbr01 , 1995,     1, WAS , NHL , D  , 48.0,  2.0,   3.0,   5.0,  85.0, -4.0 ,  0.0,  0.0,  0.0,  0.0,  1.0, 0.0,  44.0,       ,      ,      ,        ,        ,        ,        ,        ,        ,        ,        ,      
wittbr01 , 1996,     1, WAS , NHL , D  , 44.0,  3.0,   2.0,   5.0,  88.0, -20.0,  0.0,  0.0,  0.0,  0.0,  0.0, 0.0,  41.0,       ,      ,      ,        ,        ,        ,        ,        ,        ,        ,        ,      
wittbr01 , 1997,     1, WAS , NHL , D  , 64.0,  1.0,   7.0,   8.0, 112.0, -11.0,  0.0,  1.0,  0.0,  1.0,  0.0, 0.0,  68.0,   16.0,   1.0,   0.0,     1.0,    14.0, -1.0   ,     0.0,     0.0,     0.0,     0.0,     0.0,     9.0
wittbr01 , 1998,     1, WAS , NHL , D  , 54.0,  2.0,   5.0,   7.0,  87.0, -6.0 ,  0.0,  0.0,  0.0,  0.0,  0.0, 0.0,  51.0,       ,      ,      ,        ,        ,        ,        ,        ,        ,        ,        ,      
wittbr01 , 1999,     1, WAS , NHL , D  , 77.0,  1.0,   7.0,   8.0, 114.0, 5.0  ,  0.0,  1.0,  0.0,  0.0,  0.0, 0.0,  64.0,    3.0,   0.0,   0.0,     0.0,     0.0, -3.0   ,     0.0,     0.0,     0.0,     0.0,     0.0,     4.0
wittbr01 , 2000,     1, WAS , NHL , D  , 72.0,  3.0,   3.0,   6.0, 101.0, 2.0  ,  0.0,  0.0,  0.0,  0.0,  0.0, 0.0,  87.0,    6.0,   2.0,   0.0,     2.0,    12.0, -5.0   ,     1.0,     0.0,     0.0,     0.0,     0.0,    13.0
wittbr01 , 2001,     1, WAS , NHL , D  , 68.0,  3.0,   7.0,  10.0,  78.0, -1.0 ,  0.0,  0.0,  0.0,  0.0,  0.0, 0.0,  81.0,       ,      ,      ,        ,        ,        ,        ,        ,        ,        ,        ,      
wittbr01 , 2002,     1, WAS , NHL , D  , 69.0,  2.0,   9.0,  11.0, 106.0, 12.0 ,  0.0,  0.0,  0.0,  0.0,  0.0, 0.0,  80.0,    6.0,   1.0,   0.0,     1.0,     0.0, -1.0   ,     0.0,     0.0,     0.0,     0.0,     0.0,     9.0
wittbr01 , 2003,     1, WAS , NHL , D  , 72.0,  2.0,  10.0,  12.0, 123.0, -22.0,  0.0,  0.0,  0.0,  1.0,  0.0, 0.0,  91.0,       ,      ,      ,        ,        ,        ,        ,        ,        ,        ,        ,      
wittbr01 , 2005,     1, WAS , NHL , D  , 58.0,  1.0,  10.0,  11.0, 141.0, -5.0 ,  0.0,  0.0,  0.0,  3.0,  0.0,    ,  62.0,       ,      ,      ,        ,        ,        ,        ,        ,        ,        ,        ,      
wittbr01 , 2005,     2, NAS , NHL , D  , 17.0,  0.0,   3.0,   3.0,  68.0, 5.0  ,  0.0,  0.0,  0.0,  0.0,  0.0,    ,  13.0,    5.0,   0.0,   0.0,     0.0,    12.0, -3.0   ,     0.0,     0.0,     0.0,     0.0,     0.0,     5.0
wittbr01 , 2006,     1, NYI , NHL , D  , 81.0,  1.0,  13.0,  14.0, 131.0, 14.0 ,  0.0,  0.0,  0.0,  0.0,  0.0,    ,  75.0,    5.0,   0.0,   1.0,     1.0,     6.0, -3.0   ,     0.0,     0.0,     0.0,     0.0,     0.0,     2.0
wittbr01 , 2007,     1, NYI , NHL , D  , 59.0,  2.0,   5.0,   7.0,  51.0, -8.0 ,  0.0,  0.0,  0.0,  1.0,  0.0,    ,  58.0,       ,      ,      ,        ,        ,        ,        ,        ,        ,        ,        ,      
wittbr01 , 2008,     1, NYI , NHL , D  , 65.0,  0.0,   9.0,   9.0,  94.0, -34.0,  0.0,  0.0,  0.0,  1.0,  0.0,    ,  52.0,       ,      ,      ,        ,        ,        ,        ,        ,        ,        ,        ,      
wittbr01 , 2009,     1, NYI , NHL , D  , 42.0,  2.0,   3.0,   5.0,  45.0, -18.0,  0.0,  0.0,  0.0,  0.0,  1.0,    ,  25.0,       ,      ,      ,        ,        ,        ,        ,        ,        ,        ,        ,      
woitbe01 , 1950,     1, DET , NHL , D  ,  2.0,  0.0,   0.0,   0.0,   2.0,      ,     ,     ,     ,     ,     ,    ,      ,    4.0,   0.0,   0.0,     0.0,     2.0,        ,        ,        ,        ,        ,        ,      
woitbe01 , 1951,     1, DET , NHL , D  , 58.0,  3.0,   8.0,  11.0,  20.0,      ,     ,     ,     ,     ,     ,    ,      ,    8.0,   1.0,   1.0,     2.0,     2.0,        ,        ,        ,        ,        ,        ,      
woitbe01 , 1952,     1, DET , NHL , D  , 70.0,  1.0,   5.0,   6.0,  40.0,      ,     ,     ,     ,     ,     ,    ,      ,    6.0,   1.0,   3.0,     4.0,     0.0,        ,        ,        ,        ,        ,        ,      
woitbe01 , 1953,     1, DET , NHL , D  , 70.0,  0.0,   2.0,   2.0,  38.0,      ,     ,     ,     ,     ,     ,    ,      ,   12.0,   0.0,   1.0,     1.0,     8.0,        ,        ,        ,        ,        ,        ,      
woitbe01 , 1954,     1, DET , NHL , D  , 62.0,  2.0,   3.0,   5.0,  22.0,      ,     ,     ,     ,     ,     ,    ,      ,   11.0,   0.0,   1.0,     1.0,     6.0,        ,        ,        ,        ,        ,        ,      
woitbe01 , 1955,     1, CHI , NHL , D  , 63.0,  1.0,   8.0,   9.0,  46.0,      ,     ,     ,     ,     ,     ,    ,      ,       ,      ,      ,        ,        ,        ,        ,        ,        ,        ,        ,      
woitbe01 , 1956,     1, CHI , NHL , D  ,  9.0,  0.0,   0.0,   0.0,   2.0,      ,     ,     ,     ,     ,     ,    ,      ,       ,      ,      ,        ,        ,        ,        ,        ,        ,        ,        ,      
wojcist01, 1944,     1, DET , NHL , R  , 49.0, 19.0,  20.0,  39.0,  17.0,      ,     ,     ,     ,     ,     ,    ,      ,    6.0,   0.0,   1.0,     1.0,     0.0,        ,        ,        ,        ,        ,        ,      
wojcist01, 1946,     1, DET , NHL , R  ,  5.0,  0.0,   0.0,   0.0,   0.0,      ,     ,     ,     ,     ,     ,    ,      ,       ,      ,      ,        ,        ,        ,        ,        ,        ,        ,        ,      
wolancr01, 1985,     1, NJD , NHL , D  , 44.0,  2.0,  16.0,  18.0,  74.0, -7.0 ,  0.0,     ,  0.0,     ,  1.0, 0.0,  45.0,       ,      ,      ,        ,        ,        ,        ,        ,        ,        ,        ,      
wolancr01, 1986,     1, NJD , NHL , D  , 68.0,  4.0,   6.0,  10.0, 109.0, -31.0,  0.0,     ,  0.0,     ,  0.0, 0.0,  68.0,       ,      ,      ,        ,        ,        ,        ,        ,        ,        ,        ,      
wolancr01, 1987,     1, NJD , NHL , D  , 78.0,  6.0,  25.0,  31.0, 170.0, 0.0  ,  1.0,  6.0,  1.0,  0.0,  3.0, 0.0, 113.0,   18.0,   2.0,   5.0,     7.0,    51.0, 2.0    ,     1.0,     1.0,     0.0,     1.0,     0.0,    16.0
wolancr01, 1988,     1, NJD , NHL , D  , 56.0,  3.0,   8.0,  11.0,  69.0, -9.0 ,  0.0,  0.0,  0.0,  0.0,  0.0, 0.0,  70.0,       ,      ,      ,        ,        ,        ,        ,        ,        ,        ,        ,      
wolancr01, 1989,     1, NJD , NHL , D  , 37.0,  1.0,   7.0,   8.0,  47.0, -13.0,  0.0,  0.0,  0.0,  0.0,  0.0, 0.0,  35.0,       ,      ,      ,        ,        ,        ,        ,        ,        ,        ,        ,      
wolancr01, 1989,     2, QUE , NHL , D  , 13.0,  0.0,   3.0,   3.0,  10.0, 2.0  ,  0.0,  0.0,  0.0,  0.0,  0.0, 0.0,  25.0,       ,      ,      ,        ,        ,        ,        ,        ,        ,        ,        ,      
wolancr01, 1990,     1, QUE , NHL , D  , 80.0,  5.0,  13.0,  18.0,  89.0, -13.0,  0.0,  1.0,  1.0,  3.0,  0.0, 0.0, 109.0,       ,      ,      ,        ,        ,        ,        ,        ,        ,        ,        ,      
wolancr01, 1991,     1, QUE , NHL , D  , 69.0,  2.0,  11.0,  13.0,  80.0, -12.0,  0.0,  0.0,  0.0,  1.0,  0.0, 0.0,  71.0,       ,      ,      ,        ,        ,        ,        ,        ,        ,        ,        ,      
wolancr01, 1992,     1, QUE , NHL , D  , 24.0,  1.0,   4.0,   5.0,  49.0, 9.0  ,  0.0,  0.0,  0.0,  1.0,  0.0, 0.0,  17.0,    4.0,   0.0,   0.0,     0.0,     4.0, 1.0    ,     0.0,     0.0,     0.0,     0.0,     0.0,     2.0
wolancr01, 1993,     1, QUE , NHL , D  , 63.0,  6.0,  10.0,  16.0,  80.0, 16.0 ,  0.0,  2.0,  0.0,  0.0,  0.0, 0.0,  78.0,       ,      ,      ,        ,        ,        ,        ,        ,        ,        ,        ,      
wolancr01, 1994,     1, QUE , NHL , D  , 40.0,  3.0,   6.0,   9.0,  40.0, 12.0 ,  0.0,  0.0,  0.0,  1.0,  0.0, 0.0,  36.0,    6.0,   1.0,   1.0,     2.0,     4.0, 5.0    ,     0.0,     0.0,     0.0,     0.0,     0.0,     8.0
wolancr01, 1995,     1, COL , NHL , D  , 75.0,  7.0,  20.0,  27.0,  50.0, 25.0 ,  0.0,  1.0,  3.0,  1.0,  0.0, 0.0,  73.0,    7.0,   1.0,   0.0,     1.0,     8.0, 2.0    ,     0.0,     0.0,     0.0,     0.0,     1.0,     5.0
wolancr01, 1996,     1, TBL , NHL , D  , 15.0,  0.0,   0.0,   0.0,   8.0, -9.0 ,  0.0,  0.0,  0.0,  0.0,  0.0, 0.0,  12.0,       ,      ,      ,        ,        ,        ,        ,        ,        ,        ,        ,      
wolancr01, 1996,     2, TOR , NHL , D  , 23.0,  0.0,   4.0,   4.0,  13.0, 3.0  ,  0.0,  0.0,  0.0,  0.0,  0.0, 0.0,  31.0,       ,      ,      ,        ,        ,        ,        ,        ,        ,        ,        ,      
wolancr01, 1997,     1, TOR , NHL , D  , 10.0,  0.0,   0.0,   0.0,   6.0, -9.0 ,  0.0,  0.0,  0.0,  0.0,  0.0, 0.0,   5.0,       ,      ,      ,        ,        ,        ,        ,        ,        ,        ,        ,      
wolfbe01 , 1980,     1, PIT , NHL , D  , 24.0,  0.0,   1.0,   1.0,  94.0, -1.0 ,  0.0,     ,  0.0,     ,  0.0, 0.0,  14.0,       ,      ,      ,        ,        ,        ,        ,        ,        ,        ,        ,      
wolfbe01 , 1981,     1, PIT , NHL , D  ,  1.0,  0.0,   0.0,   0.0,   2.0, 0.0  ,  0.0,     ,  0.0,     ,  0.0, 0.0,   0.0,       ,      ,      ,        ,        ,        ,        ,        ,        ,        ,        ,      
wolfbe01 , 1982,     1, PIT , NHL , D  ,  5.0,  0.0,   0.0,   0.0,  37.0, -2.0 ,  0.0,     ,  0.0,     ,  0.0, 0.0,   1.0,       ,      ,      ,        ,        ,        ,        ,        ,        ,        ,        ,      
wolfebe01, 1975,     1, WAS , NHL , G  , 40.0,  0.0,   0.0,   0.0,   0.0, 0.0  ,  0.0,     ,  0.0,     ,  0.0, 0.0,   0.0,       ,      ,      ,        ,        ,        ,        ,        ,        ,        ,        ,      
wolfebe01, 1976,     1, WAS , NHL , G  , 37.0,  0.0,   1.0,   1.0,   2.0, 0.0  ,  0.0,     ,  0.0,     ,  0.0, 0.0,   0.0,       ,      ,      ,        ,        ,        ,        ,        ,        ,        ,        ,      
wolfebe01, 1977,     1, WAS , NHL , G  , 25.0,  0.0,   0.0,   0.0,   0.0, 0.0  ,  0.0,     ,  0.0,     ,  0.0, 0.0,   0.0,       ,      ,      ,        ,        ,        ,        ,        ,        ,        ,        ,      
wolfebe01, 1978,     1, WAS , NHL , G  , 18.0,  0.0,   0.0,   0.0,  15.0, 0.0  ,  0.0,     ,  0.0,     ,  0.0, 0.0,   0.0,       ,      ,      ,        ,        ,        ,        ,        ,        ,        ,        ,      
wolskwo01, 2005,     1, COL , NHL , L  ,  9.0,  2.0,   4.0,   6.0,   4.0, -5.0 ,  2.0,  3.0,  0.0,  0.0,  0.0,    ,   9.0,    8.0,   1.0,   3.0,     4.0,     2.0, -3.0   ,     0.0,     1.0,     0.0,     0.0,     0.0,     9.0
wolskwo01, 2006,     1, COL , NHL , L  , 76.0, 22.0,  28.0,  50.0,  14.0, 2.0  ,  7.0, 10.0,  0.0,  1.0,  2.0,    , 165.0,       ,      ,      ,        ,        ,        ,        ,        ,        ,        ,        ,      
wolskwo01, 2007,     1, COL , NHL , L  , 77.0, 18.0,  30.0,  48.0,  14.0, 10.0 ,  4.0,  1.0,  0.0,  0.0,  6.0,    , 158.0,    7.0,   2.0,   3.0,     5.0,     2.0, -1.0   ,     1.0,     0.0,     0.0,     0.0,     1.0,    12.0
wolskwo01, 2008,     1, COL , NHL , L  , 78.0, 14.0,  28.0,  42.0,  28.0, -13.0,  2.0,  9.0,  1.0,  0.0,  3.0,    , 169.0,       ,      ,      ,        ,        ,        ,        ,        ,        ,        ,        ,      
wolskwo01, 2009,     1, COL , NHL , L  , 62.0, 17.0,  30.0,  47.0,  21.0, 15.0 ,  2.0,  7.0,  0.0,  0.0,  4.0,    , 156.0,       ,      ,      ,        ,        ,        ,        ,        ,        ,        ,        ,      
wolskwo01, 2009,     2, PHO , NHL , L  , 18.0,  6.0,  12.0,  18.0,   6.0, 6.0  ,  0.0,  1.0,  0.0,  0.0,  1.0,    ,  39.0,    7.0,   4.0,   1.0,     5.0,     0.0, 1.0    ,     1.0,     0.0,     0.0,     0.0,     0.0,    14.0
wongmi01 , 1975,     1, DET , NHL , C  , 22.0,  1.0,   1.0,   2.0,  12.0, -11.0,  0.0,     ,  0.0,     ,  0.0, 0.0,   9.0,       ,      ,      ,        ,        ,        ,        ,        ,        ,        ,        ,      
woodal01 , 1936,     1, NYA , NHL , G  ,  1.0,  0.0,   0.0,   0.0,   0.0,      ,     ,     ,     ,     ,     ,    ,      ,       ,      ,      ,        ,        ,        ,        ,        ,        ,        ,        ,      
wooddo01 , 1992,     1, SJS , NHL , C  , 13.0,  1.0,   1.0,   2.0,  71.0, -5.0 ,  0.0,  0.0,  0.0,  0.0,  0.0, 0.0,  10.0,       ,      ,      ,        ,        ,        ,        ,        ,        ,        ,        ,      
wooddo01 , 1994,     1, SJS , NHL , C  ,  9.0,  1.0,   1.0,   2.0,  29.0, 0.0  ,  0.0,  0.0,  0.0,  0.0,  0.0, 0.0,   5.0,       ,      ,      ,        ,        ,        ,        ,        ,        ,        ,        ,      
wooddo01 , 1995,     1, SJS , NHL , C  , 32.0,  3.0,   6.0,   9.0, 138.0, 0.0  ,  0.0,  0.0,  1.0,  0.0,  0.0, 0.0,  33.0,       ,      ,      ,        ,        ,        ,        ,        ,        ,        ,        ,      
wooddo01 , 1996,     1, SJS , NHL , C  , 44.0,  3.0,   2.0,   5.0, 193.0, -3.0 ,  0.0,  0.0,  0.0,  0.0,  0.0, 0.0,  43.0,       ,      ,      ,        ,        ,        ,        ,        ,        ,        ,        ,      
wooddo01 , 1997,     1, SJS , NHL , C  ,  8.0,  0.0,   0.0,   0.0,  40.0, -3.0 ,  0.0,  0.0,  0.0,  0.0,  0.0, 0.0,   4.0,       ,      ,      ,        ,        ,        ,        ,        ,        ,        ,        ,      
woodlda01, 1987,     1, VAN , NHL , C  ,  5.0,  2.0,   0.0,   2.0,  17.0, 1.0  ,  0.0,  0.0,  0.0,  0.0,  0.0, 0.0,   3.0,       ,      ,      ,        ,        ,        ,        ,        ,        ,        ,        ,      
woodra01 , 1986,     1, NYI , NHL , L  ,  6.0,  1.0,   0.0,   1.0,   4.0, -1.0 ,  0.0,     ,  0.0,     ,  0.0, 0.0,   4.0,   13.0,   1.0,   3.0,     4.0,    14.0, 0.0    ,     0.0,        ,     0.0,        ,     1.0,    16.0
woodra01 , 1987,     1, NYI , NHL , L  , 75.0, 22.0,  16.0,  38.0,  80.0, -2.0 ,  0.0,  1.0,  1.0,  0.0,  2.0, 0.0, 106.0,    5.0,   1.0,   0.0,     1.0,     6.0, 4.0    ,     0.0,     0.0,     0.0,     0.0,     0.0,     7.0
woodra01 , 1988,     1, NYI , NHL , L  , 77.0, 15.0,  13.0,  28.0,  44.0, -18.0,  0.0,  0.0,  0.0,  1.0,  0.0, 1.0, 115.0,       ,      ,      ,        ,        ,        ,        ,        ,        ,        ,        ,      
woodra01 , 1989,     1, NYI , NHL , L  , 74.0, 24.0,  24.0,  48.0,  39.0, -10.0,  6.0,  8.0,  1.0,  0.0,  3.0, 0.0, 185.0,    5.0,   1.0,   1.0,     2.0,     4.0, -2.0   ,     0.0,     0.0,     0.0,     0.0,     0.0,    15.0
woodra01 , 1990,     1, NYI , NHL , R  , 76.0, 24.0,  18.0,  42.0,  45.0, -12.0,  6.0,  2.0,  1.0,  1.0,  3.0, 1.0, 186.0,       ,      ,      ,        ,        ,        ,        ,        ,        ,        ,        ,      
woodra01 , 1991,     1, NYI , NHL , L  ,  8.0,  2.0,   2.0,   4.0,  21.0, -3.0 ,  0.0,  0.0,  0.0,  0.0,  0.0, 0.0,  30.0,       ,      ,      ,        ,        ,        ,        ,        ,        ,        ,        ,      
woodra01 , 1991,     2, BUF , NHL , L  , 70.0, 20.0,  16.0,  36.0,  65.0, -9.0 ,  7.0,  4.0,  1.0,  1.0,  3.0, 0.0, 185.0,    7.0,   2.0,   1.0,     3.0,     6.0, 2.0    ,     0.0,     0.0,     0.0,     0.0,     0.0,    17.0
woodra01 , 1992,     1, BUF , NHL , R  , 82.0, 18.0,  25.0,  43.0,  77.0, 6.0  ,  3.0,  2.0,  2.0,  2.0,  2.0, 0.0, 176.0,    8.0,   1.0,   4.0,     5.0,     4.0, 0.0    ,     1.0,     0.0,     0.0,     0.0,     0.0,    17.0
woodra01 , 1993,     1, BUF , NHL , L  , 84.0, 22.0,  16.0,  38.0,  71.0, 11.0 ,  2.0,  2.0,  2.0,  2.0,  5.0, 0.0, 161.0,    6.0,   0.0,   0.0,     0.0,     0.0, -2.0   ,     0.0,     0.0,     0.0,     0.0,     0.0,     7.0
woodra01 , 1994,     1, TOR , NHL , L  , 48.0, 13.0,  11.0,  24.0,  34.0, 7.0  ,  1.0,  2.0,  1.0,  2.0,  2.0, 0.0, 125.0,    7.0,   2.0,   0.0,     2.0,     6.0, -2.0   ,     1.0,     0.0,     0.0,     0.0,     1.0,    14.0
woodra01 , 1995,     1, TOR , NHL , L  , 46.0,  7.0,   9.0,  16.0,  36.0, -4.0 ,  1.0,  0.0,  0.0,  1.0,  0.0, 0.0, 101.0,       ,      ,      ,        ,        ,        ,        ,        ,        ,        ,        ,      
woodra01 , 1995,     2, DAL , NHL , L  , 30.0,  1.0,   4.0,   5.0,  26.0, -11.0,  0.0,  0.0,  0.0,  0.0,  0.0, 0.0,  58.0,       ,      ,      ,        ,        ,        ,        ,        ,        ,        ,        ,      
woodra01 , 1996,     1, NYI , NHL , L  , 65.0,  6.0,   5.0,  11.0,  61.0, -7.0 ,  0.0,  0.0,  1.0,  2.0,  2.0, 0.0,  96.0,       ,      ,      ,        ,        ,        ,        ,        ,        ,        ,        ,      
woodro01 , 1950,     1, NYR , NHL , D  ,  1.0,  0.0,   0.0,   0.0,   0.0,      ,     ,     ,     ,     ,     ,    ,      ,       ,      ,      ,        ,        ,        ,        ,        ,        ,        ,        ,      
woodspa01, 1977,     1, DET , NHL , L  , 80.0, 19.0,  23.0,  42.0,  52.0, 18.0 ,  3.0,     ,  2.0,     ,  3.0, 1.0, 107.0,    7.0,   0.0,   5.0,     5.0,     4.0,        ,     0.0,        ,     0.0,        ,     0.0,      
woodspa01, 1978,     1, DET , NHL , L  , 80.0, 14.0,  23.0,  37.0,  59.0, -26.0,  1.0,     ,  3.0,     ,  1.0, 2.0, 127.0,       ,      ,      ,        ,        ,        ,        ,        ,        ,        ,        ,      
woodspa01, 1979,     1, DET , NHL , L  , 79.0,  6.0,  20.0,  26.0,  24.0, -19.0,  0.0,     ,  0.0,     ,  0.0, 0.0, 114.0,       ,      ,      ,        ,        ,        ,        ,        ,        ,        ,        ,      
woodspa01, 1980,     1, DET , NHL , C  , 67.0,  8.0,  16.0,  24.0,  45.0, -10.0,  1.0,     ,  1.0,     ,  1.0, 2.0,  74.0,       ,      ,      ,        ,        ,        ,        ,        ,        ,        ,        ,      
woodspa01, 1981,     1, DET , NHL , C  , 75.0, 10.0,  17.0,  27.0,  48.0, -5.0 ,  0.0,     ,  1.0,     ,  1.0, 0.0,  68.0,       ,      ,      ,        ,        ,        ,        ,        ,        ,        ,        ,      
woodspa01, 1982,     1, DET , NHL , L  , 63.0, 13.0,  20.0,  33.0,  30.0, -2.0 ,  0.0,     ,  1.0,     ,  3.0, 0.0,  82.0,       ,      ,      ,        ,        ,        ,        ,        ,        ,        ,        ,      
woodspa01, 1983,     1, DET , NHL , L  , 57.0,  2.0,   5.0,   7.0,  18.0, -16.0,  0.0,     ,  0.0,     ,  0.0, 0.0,  33.0,       ,      ,      ,        ,        ,        ,        ,        ,        ,        ,        ,      
woodwa01 , 1974,     1, VAB , WHA , G  , 11.0,  0.0,   0.0,   0.0,   0.0,      ,  0.0,     ,  0.0,     ,  0.0,    ,   0.0,       ,      ,      ,        ,        ,        ,        ,        ,        ,        ,        ,      
woodwa01 , 1975,     1, CAC , WHA , G  , 19.0,  0.0,   0.0,   0.0,   4.0, 0.0  ,  0.0,     ,  0.0,     ,  0.0,    ,   0.0,       ,      ,      ,        ,        ,        ,        ,        ,        ,        ,        ,      
woodwa01 , 1975,     2, TOT , WHA , G  , 13.0,  0.0,   1.0,   1.0,   0.0, 0.0  ,  0.0,     ,  0.0,     ,  0.0,    ,   0.0,       ,      ,      ,        ,        ,        ,        ,        ,        ,        ,        ,      
woodwa01 , 1976,     1, BIR , WHA , G  , 23.0,  0.0,   0.0,   0.0,   0.0, 0.0  ,  0.0,     ,  0.0,     ,  0.0,    ,   0.0,       ,      ,      ,        ,        ,        ,        ,        ,        ,        ,        ,      
woodwa01 , 1977,     1, BIR , WHA , G  , 32.0,  0.0,   3.0,   3.0,  22.0, 0.0  ,  0.0,     ,  0.0,     ,     ,    ,   0.0,    1.0,   0.0,   0.0,     0.0,     0.0, 0.0    ,        ,        ,        ,        ,     0.0,      
woodwa01 , 1978,     1, BIR , WHA , G  ,  6.0,  0.0,   0.0,   0.0,   6.0, 0.0  ,  0.0,     ,  0.0,     ,     ,    ,   0.0,       ,      ,      ,        ,        ,        ,        ,        ,        ,        ,        ,      
woollja01, 1991,     1, WAS , NHL , D  ,  1.0,  0.0,   0.0,   0.0,   0.0, 1.0  ,  0.0,  0.0,  0.0,  0.0,  0.0, 0.0,   2.0,       ,      ,      ,        ,        ,        ,        ,        ,        ,        ,        ,      
woollja01, 1992,     1, WAS , NHL , D  , 26.0,  0.0,   2.0,   2.0,  10.0, 3.0  ,  0.0,  1.0,  0.0,  0.0,  0.0, 0.0,  11.0,       ,      ,      ,        ,        ,        ,        ,        ,        ,        ,        ,      
woollja01, 1993,     1, WAS , NHL , D  , 10.0,  1.0,   2.0,   3.0,   4.0, 2.0  ,  0.0,  1.0,  0.0,  0.0,  0.0, 0.0,  15.0,    4.0,   1.0,   0.0,     1.0,     4.0, 0.0    ,     0.0,     0.0,     0.0,     0.0,     1.0,     2.0
woollja01, 1994,     1, FLO , NHL , D  , 34.0,  4.0,   9.0,  13.0,  18.0, -1.0 ,  1.0,  6.0,  0.0,  0.0,  0.0, 1.0,  76.0,       ,      ,      ,        ,        ,        ,        ,        ,        ,        ,        ,      
woollja01, 1995,     1, FLO , NHL , D  , 52.0,  6.0,  28.0,  34.0,  32.0, -9.0 ,  3.0, 19.0,  0.0,  0.0,  0.0, 0.0,  98.0,   13.0,   2.0,   6.0,     8.0,    14.0, 3.0    ,     1.0,     4.0,     0.0,     0.0,     1.0,    27.0
woollja01, 1996,     1, FLO , NHL , D  ,  3.0,  0.0,   0.0,   0.0,   2.0, 1.0  ,  0.0,  0.0,  0.0,  0.0,  0.0, 0.0,   7.0,       ,      ,      ,        ,        ,        ,        ,        ,        ,        ,        ,      
woollja01, 1996,     2, PIT , NHL , D  , 57.0,  6.0,  30.0,  36.0,  28.0, 3.0  ,  2.0, 13.0,  0.0,  0.0,  1.0, 0.0,  79.0,    5.0,   0.0,   3.0,     3.0,     0.0, -1.0   ,     0.0,     1.0,     0.0,     0.0,     0.0,     9.0
woollja01, 1997,     1, BUF , NHL , D  , 71.0,  9.0,  26.0,  35.0,  35.0, 8.0  ,  3.0, 18.0,  0.0,  0.0,  2.0, 1.0, 129.0,   15.0,   2.0,   9.0,    11.0,    12.0, 8.0    ,     1.0,     6.0,     0.0,     0.0,     1.0,    32.0
woollja01, 1998,     1, BUF , NHL , D  , 80.0, 10.0,  33.0,  43.0,  62.0, 16.0 ,  4.0, 16.0,  0.0,  0.0,  2.0, 1.0, 154.0,   21.0,   4.0,  11.0,    15.0,    10.0, 0.0    ,     2.0,     7.0,     0.0,     0.0,     1.0,    43.0
woollja01, 1999,     1, BUF , NHL , D  , 74.0,  8.0,  25.0,  33.0,  52.0, 14.0 ,  2.0, 16.0,  0.0,  0.0,  2.0, 0.0, 113.0,    5.0,   0.0,   2.0,     2.0,     2.0, 1.0    ,     0.0,     1.0,     0.0,     0.0,     0.0,    10.0
woollja01, 2000,     1, BUF , NHL , D  , 67.0,  5.0,  18.0,  23.0,  46.0, 0.0  ,  4.0, 12.0,  0.0,  0.0,  3.0, 0.0,  92.0,    8.0,   1.0,   5.0,     6.0,     2.0, 1.0    ,     0.0,     3.0,     0.0,     0.0,     1.0,    10.0
woollja01, 2001,     1, BUF , NHL , D  , 59.0,  8.0,  20.0,  28.0,  34.0, -6.0 ,  6.0, 11.0,  0.0,  0.0,  2.0, 0.0,  90.0,       ,      ,      ,        ,        ,        ,        ,        ,        ,        ,        ,      
woollja01, 2002,     1, BUF , NHL , D  , 14.0,  0.0,   3.0,   3.0,  29.0, -1.0 ,  0.0,  2.0,  0.0,  0.0,  0.0, 0.0,  29.0,       ,      ,      ,        ,        ,        ,        ,        ,        ,        ,        ,      
woollja01, 2002,     2, DET , NHL , D  , 62.0,  6.0,  17.0,  23.0,  22.0, 12.0 ,  1.0,  6.0,  0.0,  0.0,  2.0, 0.0,  52.0,    4.0,   1.0,   0.0,     1.0,     0.0, -2.0   ,     0.0,     0.0,     0.0,     0.0,     0.0,     3.0
woollja01, 2003,     1, DET , NHL , D  , 55.0,  4.0,  15.0,  19.0,  28.0, 19.0 ,  0.0,  6.0,  0.0,  0.0,  1.0, 0.0,  60.0,    4.0,   0.0,   0.0,     0.0,     0.0, -1.0   ,     0.0,     0.0,     0.0,     0.0,     0.0,     3.0
woollja01, 2005,     1, DET , NHL , D  , 53.0,  1.0,  18.0,  19.0,  28.0, 3.0  ,  0.0, 10.0,  0.0,  0.0,  0.0,    ,  43.0,       ,      ,      ,        ,        ,        ,        ,        ,        ,        ,        ,      
worrepe01, 1997,     1, FLO , NHL , L  , 19.0,  0.0,   0.0,   0.0, 153.0, -4.0 ,  0.0,  0.0,  0.0,  0.0,  0.0, 0.0,  15.0,       ,      ,      ,        ,        ,        ,        ,        ,        ,        ,        ,      
worrepe01, 1998,     1, FLO , NHL , L  , 62.0,  4.0,   5.0,   9.0, 258.0, 0.0  ,  0.0,  0.0,  0.0,  0.0,  2.0, 0.0,  50.0,       ,      ,      ,        ,        ,        ,        ,        ,        ,        ,        ,      
worrepe01, 1999,     1, FLO , NHL , L  , 48.0,  3.0,   6.0,   9.0, 169.0, -7.0 ,  2.0,  2.0,  0.0,  0.0,  1.0, 0.0,  45.0,    4.0,   1.0,   0.0,     1.0,     8.0, -2.0   ,     0.0,     0.0,     0.0,     0.0,     0.0,     6.0
worrepe01, 2000,     1, FLO , NHL , L  , 71.0,  3.0,   7.0,  10.0, 248.0, -10.0,  0.0,  1.0,  0.0,  0.0,  0.0, 0.0,  86.0,       ,      ,      ,        ,        ,        ,        ,        ,        ,        ,        ,      
worrepe01, 2001,     1, FLO , NHL , L  , 79.0,  4.0,   5.0,   9.0, 354.0, -15.0,  0.0,  0.0,  0.0,  0.0,  1.0, 0.0,  65.0,       ,      ,      ,        ,        ,        ,        ,        ,        ,        ,        ,      
worrepe01, 2002,     1, FLO , NHL , L  , 63.0,  2.0,   3.0,   5.0, 193.0, -14.0,  0.0,  0.0,  0.0,  0.0,  0.0, 0.0,  52.0,       ,      ,      ,        ,        ,        ,        ,        ,        ,        ,        ,      
worrepe01, 2003,     1, COL , NHL , L  , 49.0,  3.0,   1.0,   4.0, 179.0, 2.0  ,  0.0,  0.0,  0.0,  0.0,  0.0, 0.0,  32.0,       ,      ,      ,        ,        ,        ,        ,        ,        ,        ,        ,      
worslgu01, 1952,     1, NYR , NHL , G  , 50.0,  0.0,   0.0,   0.0,   2.0,      ,     ,     ,     ,     ,     ,    ,      ,       ,      ,      ,        ,        ,        ,        ,        ,        ,        ,        ,      
worslgu01, 1954,     1, NYR , NHL , G  , 65.0,  0.0,   0.0,   0.0,   2.0,      ,     ,     ,     ,     ,     ,    ,      ,       ,      ,      ,        ,        ,        ,        ,        ,        ,        ,        ,      
worslgu01, 1955,     1, NYR , NHL , G  , 70.0,  0.0,   0.0,   0.0,   2.0,      ,     ,     ,     ,     ,     ,    ,      ,    3.0,   0.0,   0.0,     0.0,     2.0,        ,        ,        ,        ,        ,        ,      
worslgu01, 1956,     1, NYR , NHL , G  , 68.0,  0.0,   0.0,   0.0,  19.0,      ,     ,     ,     ,     ,     ,    ,      ,    5.0,   0.0,   0.0,     0.0,     0.0,        ,        ,        ,        ,        ,        ,      
worslgu01, 1957,     1, NYR , NHL , G  , 37.0,  0.0,   0.0,   0.0,  10.0,      ,     ,     ,     ,     ,     ,    ,      ,    6.0,   0.0,   0.0,     0.0,     0.0,        ,        ,        ,        ,        ,        ,      
worslgu01, 1958,     1, NYR , NHL , G  , 67.0,  0.0,   0.0,   0.0,  10.0,      ,     ,     ,     ,     ,     ,    ,      ,       ,      ,      ,        ,        ,        ,        ,        ,        ,        ,        ,      
worslgu01, 1959,     1, NYR , NHL , G  , 39.0,  0.0,   0.0,   0.0,  12.0,      ,     ,     ,     ,     ,     ,    ,      ,       ,      ,      ,        ,        ,        ,        ,        ,        ,        ,        ,      
worslgu01, 1960,     1, NYR , NHL , G  , 59.0,  0.0,   0.0,   0.0,  10.0,      ,     ,     ,     ,     ,     ,    ,      ,       ,      ,      ,        ,        ,        ,        ,        ,        ,        ,        ,      
worslgu01, 1961,     1, NYR , NHL , G  , 60.0,  0.0,   0.0,   0.0,  12.0,      ,     ,     ,     ,     ,     ,    ,      ,    6.0,   0.0,   0.0,     0.0,     0.0,        ,        ,        ,        ,        ,     0.0,      
worslgu01, 1962,     1, NYR , NHL , G  , 67.0,  0.0,   0.0,   0.0,  14.0,      ,     ,     ,     ,     ,     ,    ,      ,       ,      ,      ,        ,        ,        ,        ,        ,        ,        ,        ,      
worslgu01, 1963,     1, MTL , NHL , G  ,  8.0,  0.0,   0.0,   0.0,   0.0,      ,  0.0,     ,  0.0,     ,  0.0, 0.0,      ,       ,      ,      ,        ,        ,        ,        ,        ,        ,        ,        ,      
worslgu01, 1964,     1, MTL , NHL , G  , 19.0,  0.0,   0.0,   0.0,   0.0,      ,  0.0,     ,  0.0,     ,  0.0, 0.0,      ,    8.0,   0.0,   0.0,     0.0,     0.0,        ,        ,        ,        ,        ,     0.0,      
worslgu01, 1965,     1, MTL , NHL , G  , 51.0,  0.0,   1.0,   1.0,   4.0,      ,  0.0,     ,  0.0,     ,  0.0, 0.0,      ,   10.0,   0.0,   0.0,     0.0,     0.0,        ,        ,        ,        ,        ,     0.0,      
worslgu01, 1966,     1, MTL , NHL , G  , 18.0,  0.0,   0.0,   0.0,   4.0,      ,  0.0,     ,  0.0,     ,  0.0, 0.0,      ,    2.0,   0.0,   0.0,     0.0,     0.0,        ,        ,        ,        ,        ,     0.0,      
worslgu01, 1967,     1, MTL , NHL , G  , 40.0,  0.0,   0.0,   0.0,  10.0, 0.0  ,  0.0,     ,  0.0,     ,  0.0, 0.0,   0.0,   12.0,   0.0,   0.0,     0.0,    10.0,        ,     0.0,        ,     0.0,        ,     0.0,      
worslgu01, 1968,     1, MTL , NHL , G  , 30.0,  0.0,   0.0,   0.0,   0.0, 0.0  ,  0.0,     ,  0.0,     ,  0.0, 0.0,   0.0,    7.0,   0.0,   0.0,     0.0,     5.0,        ,     0.0,        ,     0.0,        ,     0.0,      
worslgu01, 1969,     1, MTL , NHL , G  ,  6.0,  0.0,   0.0,   0.0,   0.0, 0.0  ,  0.0,     ,  0.0,     ,  0.0, 0.0,   0.0,       ,      ,      ,        ,        ,        ,        ,        ,        ,        ,        ,      
worslgu01, 1969,     2, MNS , NHL , G  ,  8.0,  0.0,   0.0,   0.0,   0.0, 0.0  ,  0.0,     ,  0.0,     ,  0.0, 0.0,   0.0,    3.0,   0.0,   0.0,     0.0,     0.0,        ,     0.0,        ,     0.0,        ,     0.0,      
worslgu01, 1970,     1, MNS , NHL , G  , 24.0,  0.0,   0.0,   0.0,  10.0, 0.0  ,  0.0,     ,  0.0,     ,  0.0, 0.0,   0.0,    4.0,   0.0,   0.0,     0.0,     0.0,        ,     0.0,        ,     0.0,        ,     0.0,      
worslgu01, 1971,     1, MNS , NHL , G  , 34.0,  0.0,   1.0,   1.0,   2.0, 0.0  ,  0.0,     ,  0.0,     ,  0.0, 0.0,   0.0,    4.0,   0.0,   0.0,     0.0,     0.0,        ,     0.0,        ,     0.0,        ,     0.0,      
worslgu01, 1972,     1, MNS , NHL , G  , 12.0,  0.0,   1.0,   1.0,  22.0, 0.0  ,  0.0,     ,  0.0,     ,  0.0, 0.0,   0.0,       ,      ,      ,        ,        ,        ,        ,        ,        ,        ,        ,      
worslgu01, 1973,     1, MNS , NHL , G  , 29.0,  0.0,   0.0,   0.0,   0.0, 0.0  ,  0.0,     ,  0.0,     ,  0.0, 0.0,   0.0,       ,      ,      ,        ,        ,        ,        ,        ,        ,        ,        ,      
wortero01, 1925,     1, PIP , NHL , G  , 35.0,  0.0,   0.0,   0.0,   0.0,      ,     ,     ,     ,     ,     ,    ,      ,    2.0,   0.0,   0.0,     0.0,     0.0,        ,        ,        ,        ,        ,        ,      
wortero01, 1926,     1, PIP , NHL , G  , 44.0,  0.0,   0.0,   0.0,   0.0,      ,     ,     ,     ,     ,     ,    ,      ,       ,      ,      ,        ,        ,        ,        ,        ,        ,        ,        ,      
wortero01, 1927,     1, PIP , NHL , G  , 44.0,  0.0,   0.0,   0.0,   0.0,      ,     ,     ,     ,     ,     ,    ,      ,    2.0,   0.0,   0.0,     0.0,     0.0,        ,        ,        ,        ,        ,        ,      
wortero01, 1928,     1, NYA , NHL , G  , 38.0,  0.0,   0.0,   0.0,   0.0,      ,     ,     ,     ,     ,     ,    ,      ,    2.0,   0.0,   0.0,     0.0,     0.0,        ,        ,        ,        ,        ,        ,      
wortero01, 1929,     1, MTL , NHL , G  ,  1.0,  0.0,   0.0,   0.0,   0.0,      ,     ,     ,     ,     ,     ,    ,      ,       ,      ,      ,        ,        ,        ,        ,        ,        ,        ,        ,      
wortero01, 1929,     2, NYA , NHL , G  , 36.0,  0.0,   0.0,   0.0,   0.0,      ,     ,     ,     ,     ,     ,    ,      ,       ,      ,      ,        ,        ,        ,        ,        ,        ,        ,        ,      
wortero01, 1930,     1, NYA , NHL , G  , 44.0,  0.0,   0.0,   0.0,   0.0,      ,     ,     ,     ,     ,     ,    ,      ,       ,      ,      ,        ,        ,        ,        ,        ,        ,        ,        ,      
wortero01, 1931,     1, NYA , NHL , G  , 40.0,  0.0,   0.0,   0.0,   0.0,      ,     ,     ,     ,     ,     ,    ,      ,       ,      ,      ,        ,        ,        ,        ,        ,        ,        ,        ,      
wortero01, 1932,     1, NYA , NHL , G  , 47.0,  0.0,   0.0,   0.0,   0.0,      ,     ,     ,     ,     ,     ,    ,      ,       ,      ,      ,        ,        ,        ,        ,        ,        ,        ,        ,      
wortero01, 1933,     1, NYA , NHL , G  , 36.0,  0.0,   0.0,   0.0,   0.0,      ,     ,     ,     ,     ,     ,    ,      ,       ,      ,      ,        ,        ,        ,        ,        ,        ,        ,        ,      
wortero01, 1934,     1, NYA , NHL , G  , 48.0,  0.0,   0.0,   0.0,   0.0,      ,     ,     ,     ,     ,     ,    ,      ,       ,      ,      ,        ,        ,        ,        ,        ,        ,        ,        ,      
wortero01, 1935,     1, NYA , NHL , G  , 48.0,  0.0,   0.0,   0.0,   0.0,      ,     ,     ,     ,     ,     ,    ,      ,    5.0,   0.0,   0.0,     0.0,     0.0,        ,        ,        ,        ,        ,        ,      
wortero01, 1936,     1, NYA , NHL , G  , 23.0,  0.0,   0.0,   0.0,   0.0,      ,     ,     ,     ,     ,     ,    ,      ,       ,      ,      ,        ,        ,        ,        ,        ,        ,        ,        ,      
worthch01, 1968,     1, OAK , NHL , G  , 14.0,  0.0,   0.0,   0.0,   2.0, 0.0  ,  0.0,     ,  0.0,     ,  0.0, 0.0,   0.0,       ,      ,      ,        ,        ,        ,        ,        ,        ,        ,        ,      
worthch01, 1969,     1, OAK , NHL , G  ,  1.0,  0.0,   0.0,   0.0,   2.0, 0.0  ,  0.0,     ,  0.0,     ,  0.0, 0.0,   0.0,       ,      ,      ,        ,        ,        ,        ,        ,        ,        ,        ,      
worthch01, 1970,     1, CLF , NHL , G  , 11.0,  0.0,   0.0,   0.0,   2.0, 0.0  ,  0.0,     ,  0.0,     ,  0.0, 0.0,   0.0,       ,      ,      ,        ,        ,        ,        ,        ,        ,        ,        ,      
worthch01, 1973,     1, EDO , WHA , G  , 29.0,  0.0,   0.0,   0.0,  13.0,      ,  0.0,     ,  0.0,     ,  0.0,    ,      ,    3.0,   0.0,   0.0,     0.0,     0.0,        ,        ,        ,        ,        ,     0.0,      
worthch01, 1974,     1, EDO , WHA , G  , 29.0,  0.0,   0.0,   0.0,   7.0,      ,  0.0,     ,  0.0,     ,  0.0,    ,   0.0,       ,      ,      ,        ,        ,        ,        ,        ,        ,        ,        ,      
worthch01, 1975,     1, EDO , WHA , G  , 24.0,  0.0,   0.0,   0.0,   2.0, 0.0  ,  0.0,     ,  0.0,     ,  0.0,    ,   0.0,    1.0,   0.0,   0.0,     0.0,     0.0, 0.0    ,        ,        ,        ,        ,        ,      
wortmke01, 1993,     1, CAL , NHL , D  ,  5.0,  0.0,   0.0,   0.0,   2.0, 1.0  ,  0.0,  0.0,  0.0,  0.0,  0.0, 0.0,   2.0,       ,      ,      ,        ,        ,        ,        ,        ,        ,        ,        ,      
wottoma01, 1994,     1, VAN , NHL , D  ,  1.0,  0.0,   0.0,   0.0,   0.0, 1.0  ,  0.0,  0.0,  0.0,  0.0,  0.0, 0.0,   2.0,    5.0,   0.0,   0.0,     0.0,     4.0, 0.0    ,     0.0,     0.0,     0.0,     0.0,     0.0,     2.0
wottoma01, 1996,     1, VAN , NHL , D  , 36.0,  3.0,   6.0,   9.0,  19.0, 8.0  ,  0.0,  0.0,  1.0,  0.0,  0.0, 0.0,  41.0,       ,      ,      ,        ,        ,        ,        ,        ,        ,        ,        ,      
wottoma01, 1997,     1, VAN , NHL , D  ,  5.0,  0.0,   0.0,   0.0,   6.0, -2.0 ,  0.0,  0.0,  0.0,  0.0,  0.0, 0.0,   3.0,       ,      ,      ,        ,        ,        ,        ,        ,        ,        ,        ,      
wottoma01, 2000,     1, DAL , NHL , D  ,  1.0,  0.0,   0.0,   0.0,   0.0, 0.0  ,  0.0,  0.0,  0.0,  0.0,  0.0, 0.0,   0.0,       ,      ,      ,        ,        ,        ,        ,        ,        ,        ,        ,      
woytobo01, 1964,     1, BOS , NHL , D  , 21.0,  2.0,  10.0,  12.0,  16.0,      ,  0.0,     ,  0.0,     ,  0.0, 0.0,      ,       ,      ,      ,        ,        ,        ,        ,        ,        ,        ,        ,      
woytobo01, 1965,     1, BOS , NHL , D  , 68.0,  2.0,  17.0,  19.0,  75.0,      ,  0.0,     ,  0.0,     ,  1.0, 0.0,      ,       ,      ,      ,        ,        ,        ,        ,        ,        ,        ,        ,      
woytobo01, 1966,     1, BOS , NHL , D  , 64.0,  2.0,   7.0,   9.0,  43.0,      ,  0.0,     ,  0.0,     ,  0.0, 0.0,      ,       ,      ,      ,        ,        ,        ,        ,        ,        ,        ,        ,      
woytobo01, 1967,     1, MNS , NHL , D  , 66.0,  4.0,  17.0,  21.0,  63.0, -23.0,  2.0,     ,  0.0,     ,  0.0, 0.0,  86.0,   14.0,   0.0,   1.0,     1.0,    18.0,        ,     0.0,        ,     0.0,        ,     0.0,      
woytobo01, 1968,     1, PIT , NHL , D  , 71.0,  9.0,  20.0,  29.0,  62.0, -26.0,  1.0,     ,  2.0,     ,  0.0, 0.0, 127.0,       ,      ,      ,        ,        ,        ,        ,        ,        ,        ,        ,      
woytobo01, 1969,     1, PIT , NHL , D  , 68.0,  8.0,  25.0,  33.0,  49.0, -12.0,  5.0,     ,  0.0,     ,  0.0, 0.0, 155.0,   10.0,   1.0,   2.0,     3.0,     2.0,        ,     0.0,        ,     0.0,        ,     0.0,      
woytobo01, 1970,     1, PIT , NHL , D  , 78.0,  4.0,  22.0,  26.0,  30.0, 8.0  ,  2.0,     ,  0.0,     ,  0.0, 0.0, 149.0,       ,      ,      ,        ,        ,        ,        ,        ,        ,        ,        ,      
woytobo01, 1971,     1, PIT , NHL , D  , 31.0,  1.0,   4.0,   5.0,   8.0, -19.0,  1.0,     ,  0.0,     ,  0.0, 0.0,  36.0,       ,      ,      ,        ,        ,        ,        ,        ,        ,        ,        ,      
woytobo01, 1971,     2, LAK , NHL , D  , 36.0,  0.0,   4.0,   4.0,   6.0, -8.0 ,  0.0,     ,  0.0,     ,  0.0, 0.0,  19.0,       ,      ,      ,        ,        ,        ,        ,        ,        ,        ,        ,      
woytobo01, 1972,     1, WIJ , WHA , D  , 62.0,  2.0,   4.0,   6.0,  47.0,      ,  0.0,     ,  0.0,     ,     ,    ,      ,   14.0,   1.0,   1.0,     2.0,     4.0,        ,     0.0,        ,     0.0,        ,     0.0,      
woytobo01, 1973,     1, WIJ , WHA , D  , 72.0,  6.0,  28.0,  34.0,  43.0,      ,  1.0,     ,  0.0,     ,  1.0,    ,      ,    4.0,   0.0,   0.0,     0.0,     0.0,        ,        ,        ,        ,        ,     0.0,      
woytobo01, 1974,     1, WIJ , WHA , D  , 24.0,  0.0,   4.0,   4.0,   8.0, -3.0 ,  0.0,     ,  0.0,     ,  0.0,    ,  11.0,       ,      ,      ,        ,        ,        ,        ,        ,        ,        ,        ,      
woytobo01, 1974,     2, IND , WHA , D  , 42.0,  0.0,   8.0,   8.0,  28.0, -26.0,  0.0,     ,  0.0,     ,  0.0,    ,  30.0,       ,      ,      ,        ,        ,        ,        ,        ,        ,        ,        ,      
woytobo01, 1975,     1, IND , WHA , D  , 42.0,  1.0,   7.0,   8.0,  14.0, 0.0  ,  0.0,     ,  0.0,     ,  0.0,    ,  23.0,       ,      ,      ,        ,        ,        ,        ,        ,        ,        ,        ,      
woywije01, 2005,     1, STL , NHL , D  , 26.0,  0.0,   2.0,   2.0,  25.0, -12.0,  0.0,  0.0,  0.0,  0.0,  0.0,    ,  23.0,       ,      ,      ,        ,        ,        ,        ,        ,        ,        ,        ,      
woywije01, 2006,     1, STL , NHL , D  , 34.0,  1.0,   6.0,   7.0,  12.0, 4.0  ,  0.0,  0.0,  0.0,  0.0,  0.0,    ,  28.0,       ,      ,      ,        ,        ,        ,        ,        ,        ,        ,        ,      
woywije01, 2007,     1, STL , NHL , D  , 27.0,  2.0,   6.0,   8.0,  12.0, 2.0  ,  0.0,  0.0,  0.0,  0.0,  0.0,    ,  25.0,       ,      ,      ,        ,        ,        ,        ,        ,        ,        ,        ,      
woywije01, 2008,     1, STL , NHL , D  , 65.0,  3.0,  15.0,  18.0,  57.0, 8.0  ,  2.0,  6.0,  0.0,  0.0,  1.0,    ,  71.0,    4.0,   0.0,   0.0,     0.0,     0.0, -1.0   ,     0.0,     0.0,     0.0,     0.0,     0.0,     3.0
woywije01, 2009,     1, DAL , NHL , D  , 36.0,  0.0,   3.0,   3.0,  11.0, -6.0 ,  0.0,  1.0,  0.0,  0.0,  0.0,    ,  44.0,       ,      ,      ,        ,        ,        ,        ,        ,        ,        ,        ,      
woznian01, 2005,     1, TOR , NHL , D  , 13.0,  0.0,   1.0,   1.0,  13.0, -8.0 ,  0.0,  0.0,  0.0,  0.0,  0.0,    ,   6.0,       ,      ,      ,        ,        ,        ,        ,        ,        ,        ,        ,      
woznian01, 2006,     1, TOR , NHL , D  , 15.0,  0.0,   2.0,   2.0,  14.0, -1.0 ,  0.0,  0.0,  0.0,  0.0,  0.0,    ,  10.0,       ,      ,      ,        ,        ,        ,        ,        ,        ,        ,        ,      
woznian01, 2007,     1, TOR , NHL , D  , 48.0,  2.0,   7.0,   9.0,  54.0, 5.0  ,  0.0,  0.0,  0.0,  0.0,  0.0,    ,  34.0,       ,      ,      ,        ,        ,        ,        ,        ,        ,        ,        ,      
woznian01, 2008,     1, STL , NHL , D  ,  1.0,  0.0,   0.0,   0.0,   0.0, 0.0  ,  0.0,  0.0,  0.0,  0.0,  0.0,    ,   0.0,       ,      ,      ,        ,        ,        ,        ,        ,        ,        ,        ,      
woznian01, 2009,     1, BOS , NHL , D  ,  2.0,  0.0,   0.0,   0.0,   0.0, 0.0  ,  0.0,  0.0,  0.0,  0.0,  0.0,    ,   1.0,       ,      ,      ,        ,        ,        ,        ,        ,        ,        ,        ,      
wreggke01, 1983,     1, TOR , NHL , G  ,  3.0,  0.0,   0.0,   0.0,   0.0, 0.0  ,  0.0,     ,  0.0,     ,  0.0, 0.0,   0.0,       ,      ,      ,        ,        ,        ,        ,        ,        ,        ,        ,      
wreggke01, 1984,     1, TOR , NHL , G  , 23.0,  0.0,   1.0,   1.0,  10.0, 0.0  ,  0.0,     ,  0.0,     ,  0.0, 0.0,   0.0,       ,      ,      ,        ,        ,        ,        ,        ,        ,        ,        ,      
wreggke01, 1985,     1, TOR , NHL , G  , 30.0,  0.0,   0.0,   0.0,  16.0, 0.0  ,  0.0,     ,  0.0,     ,  0.0, 0.0,   0.0,   10.0,   0.0,   0.0,     0.0,     4.0, 0.0    ,     0.0,        ,     0.0,        ,     0.0,     0.0
wreggke01, 1986,     1, TOR , NHL , G  , 56.0,  0.0,   4.0,   4.0,  20.0, 0.0  ,  0.0,     ,  0.0,     ,  0.0, 0.0,   0.0,   13.0,   0.0,   1.0,     1.0,     4.0, 0.0    ,     0.0,        ,     0.0,        ,     0.0,     0.0
wreggke01, 1987,     1, TOR , NHL , G  , 56.0,  0.0,   5.0,   5.0,  40.0, 0.0  ,  0.0,     ,  0.0,     ,  0.0, 0.0,   0.0,    2.0,   0.0,   0.0,     0.0,     2.0, 0.0    ,     0.0,     0.0,     0.0,     0.0,     0.0,     0.0
wreggke01, 1988,     1, TOR , NHL , G  , 32.0,  0.0,   3.0,   3.0,  20.0, 0.0  ,  0.0,     ,  0.0,     ,  0.0, 0.0,   0.0,       ,      ,      ,        ,        ,        ,        ,        ,        ,        ,        ,      
wreggke01, 1988,     2, PHI , NHL , G  ,  3.0,  0.0,   0.0,   0.0,   0.0, 0.0  ,  0.0,  0.0,  0.0,  0.0,  0.0, 0.0,   0.0,    5.0,   0.0,   0.0,     0.0,    16.0, 0.0    ,     0.0,     0.0,     0.0,     0.0,     0.0,     0.0
wreggke01, 1989,     1, PHI , NHL , G  , 51.0,  0.0,   2.0,   2.0,  12.0, 0.0  ,  0.0,     ,  0.0,     ,  0.0, 0.0,   0.0,       ,      ,      ,        ,        ,        ,        ,        ,        ,        ,        ,      
wreggke01, 1990,     1, PHI , NHL , G  , 30.0,  0.0,   0.0,   0.0,   6.0, 0.0  ,  0.0,  0.0,  0.0,  0.0,  0.0, 0.0,   0.0,       ,      ,      ,        ,        ,        ,        ,        ,        ,        ,        ,      
wreggke01, 1991,     1, PHI , NHL , G  , 23.0,  0.0,   2.0,   2.0,   0.0, 0.0  ,  0.0,  1.0,  0.0,  0.0,  0.0, 0.0,   0.0,       ,      ,      ,        ,        ,        ,        ,        ,        ,        ,        ,      
wreggke01, 1991,     2, PIT , NHL , G  ,  9.0,  0.0,   0.0,   0.0,   2.0, 0.0  ,  0.0,  0.0,  0.0,  0.0,  0.0, 0.0,   0.0,    1.0,   0.0,   0.0,     0.0,     0.0, 0.0    ,     0.0,     0.0,     0.0,     0.0,     0.0,     0.0
wreggke01, 1992,     1, PIT , NHL , G  , 25.0,  0.0,   1.0,   1.0,   6.0, 0.0  ,  0.0,  0.0,  0.0,  0.0,  0.0, 0.0,   0.0,       ,      ,      ,        ,        ,        ,        ,        ,        ,        ,        ,      
wreggke01, 1993,     1, PIT , NHL , G  , 42.0,  0.0,   1.0,   1.0,   8.0, 0.0  ,  0.0,  0.0,  0.0,  0.0,  0.0, 0.0,   0.0,       ,      ,      ,        ,        ,        ,        ,        ,        ,        ,        ,      
wreggke01, 1994,     1, PIT , NHL , G  , 38.0,  0.0,   0.0,   0.0,  14.0, 0.0  ,  0.0,  0.0,  0.0,  0.0,  0.0, 0.0,   0.0,   11.0,   0.0,   0.0,     0.0,     7.0, 0.0    ,     0.0,     0.0,     0.0,     0.0,     0.0,     0.0
wreggke01, 1995,     1, PIT , NHL , G  , 37.0,  0.0,   2.0,   2.0,   8.0, 0.0  ,  0.0,  1.0,  0.0,  1.0,  0.0, 0.0,   0.0,    9.0,   0.0,   1.0,     1.0,     0.0, 0.0    ,     0.0,     0.0,     0.0,     0.0,     0.0,     0.0
wreggke01, 1996,     1, PIT , NHL , G  , 46.0,  0.0,   1.0,   1.0,   6.0, 0.0  ,  0.0,  0.0,  0.0,  0.0,  0.0, 0.0,   0.0,    5.0,   0.0,   0.0,     0.0,     2.0, 0.0    ,     0.0,     0.0,     0.0,     0.0,     0.0,     0.0
wreggke01, 1997,     1, PIT , NHL , G  , 15.0,  0.0,   0.0,   0.0,   6.0, 0.0  ,  0.0,  0.0,  0.0,  0.0,  0.0, 0.0,   0.0,       ,      ,      ,        ,        ,        ,        ,        ,        ,        ,        ,      
wreggke01, 1998,     1, CAL , NHL , G  , 27.0,  0.0,   1.0,   1.0,   8.0, 0.0  ,  0.0,  0.0,  0.0,  1.0,  0.0, 0.0,   0.0,       ,      ,      ,        ,        ,        ,        ,        ,        ,        ,        ,      
wreggke01, 1999,     1, DET , NHL , G  , 29.0,  0.0,   1.0,   1.0,   0.0, 0.0  ,  0.0,  0.0,  0.0,  1.0,  0.0, 0.0,   0.0,       ,      ,      ,        ,        ,        ,        ,        ,        ,        ,        ,      
wrenbo01 , 1997,     1, ANA , NHL , L  ,  3.0,  0.0,   0.0,   0.0,   0.0, 0.0  ,  0.0,  0.0,  0.0,  0.0,  0.0, 0.0,   4.0,       ,      ,      ,        ,        ,        ,        ,        ,        ,        ,        ,      
wrenbo01 , 2000,     1, ANA , NHL , C  ,  1.0,  0.0,   0.0,   0.0,   0.0, -1.0 ,  0.0,  0.0,  0.0,  0.0,  0.0, 0.0,   0.0,       ,      ,      ,        ,        ,        ,        ,        ,        ,        ,        ,      
wrenbo01 , 2001,     1, TOR , NHL , C  ,  1.0,  0.0,   0.0,   0.0,   0.0, 1.0  ,  0.0,  0.0,  0.0,  0.0,  0.0, 0.0,   0.0,    1.0,   0.0,   0.0,     0.0,     0.0, 0.0    ,     0.0,     0.0,     0.0,     0.0,     0.0,     0.0
wrighja01, 1997,     1, DAL , NHL , L  , 21.0,  4.0,   2.0,   6.0,   2.0, 8.0  ,  0.0,  0.0,  0.0,  0.0,  2.0, 0.0,  15.0,    5.0,   0.0,   0.0,     0.0,     0.0, 3.0    ,     0.0,     0.0,     0.0,     0.0,     0.0,     6.0
wrighja01, 1998,     1, DAL , NHL , L  , 11.0,  0.0,   0.0,   0.0,   0.0, -3.0 ,  0.0,  0.0,  0.0,  0.0,  0.0, 0.0,  10.0,       ,      ,      ,        ,        ,        ,        ,        ,        ,        ,        ,      
wrighja01, 1999,     1, DAL , NHL , L  , 23.0,  1.0,   4.0,   5.0,  16.0, 4.0  ,  0.0,  0.0,  0.0,  0.0,  0.0, 0.0,  15.0,       ,      ,      ,        ,        ,        ,        ,        ,        ,        ,        ,      
wrighja01, 2000,     1, DAL , NHL , L  ,  2.0,  1.0,   0.0,   1.0,   0.0, -3.0 ,  0.0,  0.0,  0.0,  0.0,  0.0, 0.0,   4.0,       ,      ,      ,        ,        ,        ,        ,        ,        ,        ,        ,      
wrighja01, 2001,     1, CAL , NHL , L  , 44.0,  4.0,  12.0,  16.0,  20.0, 6.0  ,  0.0,  0.0,  0.0,  0.0,  0.0, 0.0,  64.0,       ,      ,      ,        ,        ,        ,        ,        ,        ,        ,        ,      
wrighja01, 2002,     1, CAL , NHL , L  , 19.0,  2.0,   2.0,   4.0,  12.0, 1.0  ,  0.0,  0.0,  0.0,  0.0,  0.0, 0.0,  16.0,       ,      ,      ,        ,        ,        ,        ,        ,        ,        ,        ,      
wrighja01, 2002,     2, PHI , NHL , L  ,  4.0,  0.0,   0.0,   0.0,   4.0, -1.0 ,  0.0,  0.0,  0.0,  0.0,  0.0, 0.0,   2.0,       ,      ,      ,        ,        ,        ,        ,        ,        ,        ,        ,      
wrighja02, 2009,     1, TBL , NHL , C  , 48.0,  2.0,   3.0,   5.0,  18.0, -9.0 ,  0.0,  0.0,  0.0,  0.0,  0.0,    ,  25.0,       ,      ,      ,        ,        ,        ,        ,        ,        ,        ,        ,      
wrighjo01, 1972,     1, VAN , NHL , C  , 71.0, 10.0,  27.0,  37.0,  32.0, -16.0,  0.0,     ,  0.0,     ,  1.0, 0.0, 121.0,       ,      ,      ,        ,        ,        ,        ,        ,        ,        ,        ,      
wrighjo01, 1973,     1, VAN , NHL , C  , 20.0,  3.0,   3.0,   6.0,  11.0, -2.0 ,  1.0,     ,  0.0,     ,  0.0, 0.0,  24.0,       ,      ,      ,        ,        ,        ,        ,        ,        ,        ,        ,      
wrighjo01, 1973,     2, STL , NHL , C  , 32.0,  3.0,   6.0,   9.0,  22.0, -1.0 ,  0.0,     ,  0.0,     ,  0.0, 0.0,  43.0,       ,      ,      ,        ,        ,        ,        ,        ,        ,        ,        ,      
wrighjo01, 1974,     1, KCS , NHL , C  ,  4.0,  0.0,   0.0,   0.0,   2.0, -3.0 ,  0.0,     ,  0.0,     ,  0.0, 0.0,   5.0,       ,      ,      ,        ,        ,        ,        ,        ,        ,        ,        ,      
wrighke01, 1967,     1, PHI , NHL , L  ,  1.0,  0.0,   0.0,   0.0,   0.0, 1.0  ,  0.0,     ,  0.0,     ,  0.0, 0.0,   1.0,       ,      ,      ,        ,        ,        ,        ,        ,        ,        ,        ,      
wrighla01, 1971,     1, PHI , NHL , C  , 27.0,  0.0,   1.0,   1.0,   2.0, -6.0 ,  0.0,     ,  0.0,     ,  0.0, 0.0,  21.0,       ,      ,      ,        ,        ,        ,        ,        ,        ,        ,        ,      
wrighla01, 1972,     1, PHI , NHL , C  ,  9.0,  0.0,   1.0,   1.0,   4.0, -3.0 ,  0.0,     ,  0.0,     ,  0.0, 0.0,   6.0,       ,      ,      ,        ,        ,        ,        ,        ,        ,        ,        ,      
wrighla01, 1974,     1, CLF , NHL , D  ,  2.0,  0.0,   0.0,   0.0,   0.0, -2.0 ,  0.0,     ,  0.0,     ,  0.0, 0.0,   1.0,       ,      ,      ,        ,        ,        ,        ,        ,        ,        ,        ,      
wrighla01, 1975,     1, PHI , NHL , C  ,  2.0,  1.0,   0.0,   1.0,   0.0, 1.0  ,  0.0,     ,  0.0,     ,  0.0, 0.0,   3.0,       ,      ,      ,        ,        ,        ,        ,        ,        ,        ,        ,      
wrighla01, 1977,     1, DET , NHL , R  , 66.0,  3.0,   6.0,   9.0,  13.0, -12.0,  0.0,     ,  0.0,     ,  0.0, 0.0,  46.0,       ,      ,      ,        ,        ,        ,        ,        ,        ,        ,        ,      
wrighty01, 1992,     1, EDM , NHL , C  ,  7.0,  1.0,   1.0,   2.0,  19.0, -4.0 ,  0.0,  0.0,  0.0,  0.0,  0.0, 0.0,   7.0,       ,      ,      ,        ,        ,        ,        ,        ,        ,        ,        ,      
wrighty01, 1993,     1, EDM , NHL , C  ,  5.0,  0.0,   0.0,   0.0,   4.0, -3.0 ,  0.0,  0.0,  0.0,  0.0,  0.0, 0.0,   2.0,       ,      ,      ,        ,        ,        ,        ,        ,        ,        ,        ,      
wrighty01, 1994,     1, EDM , NHL , C  ,  6.0,  1.0,   0.0,   1.0,  14.0, 1.0  ,  0.0,  0.0,  0.0,  0.0,  0.0, 0.0,   6.0,       ,      ,      ,        ,        ,        ,        ,        ,        ,        ,        ,      
wrighty01, 1995,     1, EDM , NHL , C  , 23.0,  1.0,   0.0,   1.0,  33.0, -7.0 ,  0.0,  0.0,  0.0,  0.0,  0.0, 0.0,  18.0,       ,      ,      ,        ,        ,        ,        ,        ,        ,        ,        ,      
wrighty01, 1996,     1, PIT , NHL , C  , 45.0,  2.0,   2.0,   4.0,  70.0, -7.0 ,  0.0,  0.0,  0.0,  0.0,  2.0, 0.0,  30.0,       ,      ,      ,        ,        ,        ,        ,        ,        ,        ,        ,      
wrighty01, 1997,     1, PIT , NHL , C  , 82.0,  3.0,   4.0,   7.0, 112.0, -3.0 ,  1.0,  0.0,  0.0,  0.0,  0.0, 0.0,  46.0,    6.0,   0.0,   1.0,     1.0,     4.0, 0.0    ,     0.0,     0.0,     0.0,     1.0,     0.0,     3.0
wrighty01, 1998,     1, PIT , NHL , C  , 61.0,  0.0,   0.0,   0.0,  90.0, -2.0 ,  0.0,  0.0,  0.0,  0.0,  0.0, 0.0,  16.0,   13.0,   0.0,   0.0,     0.0,    19.0, -2.0   ,     0.0,     0.0,     0.0,     0.0,     0.0,     3.0
wrighty01, 1999,     1, PIT , NHL , C  , 50.0, 12.0,  10.0,  22.0,  45.0, 4.0  ,  0.0,  0.0,  0.0,  0.0,  1.0, 0.0,  68.0,   11.0,   3.0,   1.0,     4.0,    17.0, 0.0    ,     0.0,     0.0,     0.0,     0.0,     0.0,    13.0
wrighty01, 2000,     1, CBS , NHL , C  , 76.0, 16.0,  16.0,  32.0, 140.0, -9.0 ,  4.0,  4.0,  1.0,  0.0,  2.0, 1.0, 141.0,       ,      ,      ,        ,        ,        ,        ,        ,        ,        ,        ,      
wrighty01, 2001,     1, CBS , NHL , C  , 77.0, 13.0,  11.0,  24.0, 100.0, -40.0,  4.0,  3.0,  0.0,  0.0,  1.0, 1.0, 120.0,       ,      ,      ,        ,        ,        ,        ,        ,        ,        ,        ,      
wrighty01, 2002,     1, CBS , NHL , C  , 70.0, 19.0,  11.0,  30.0, 113.0, -25.0,  3.0,  1.0,  2.0,  0.0,  3.0, 0.0, 108.0,       ,      ,      ,        ,        ,        ,        ,        ,        ,        ,        ,      
wrighty01, 2003,     1, CBS , NHL , R  , 68.0,  9.0,   9.0,  18.0,  63.0, -19.0,  2.0,  1.0,  0.0,  0.0,  3.0, 0.0, 109.0,       ,      ,      ,        ,        ,        ,        ,        ,        ,        ,        ,      
wrighty01, 2005,     1, CBS , NHL , C  , 18.0,  0.0,   4.0,   4.0,  20.0, -3.0 ,  0.0,  0.0,  0.0,  0.0,  0.0,    ,  26.0,       ,      ,      ,        ,        ,        ,        ,        ,        ,        ,        ,      
wrighty01, 2005,     2, ANA , NHL , C  , 25.0,  2.0,   2.0,   4.0,  31.0, 2.0  ,  0.0,  0.0,  0.0,  0.0,  1.0,    ,  17.0,       ,      ,      ,        ,        ,        ,        ,        ,        ,        ,        ,      
wychera01, 1940,     1, NYA , NHL , L  , 26.0,  4.0,   5.0,   9.0,   4.0,      ,     ,     ,     ,     ,     ,    ,      ,       ,      ,      ,        ,        ,        ,        ,        ,        ,        ,        ,      
wychera01, 1941,     1, BKN , NHL , L  ,  2.0,  0.0,   2.0,   2.0,   2.0,      ,     ,     ,     ,     ,     ,    ,      ,       ,      ,      ,        ,        ,        ,        ,        ,        ,        ,        ,      
wyliebi01, 1950,     1, NYR , NHL , C  ,  1.0,  0.0,   0.0,   0.0,   0.0,      ,     ,     ,     ,     ,     ,    ,      ,       ,      ,      ,        ,        ,        ,        ,        ,        ,        ,        ,      
wyliedu01, 1974,     1, CHI , NHL , C  ,  6.0,  1.0,   3.0,   4.0,   2.0, -1.0 ,  0.0,     ,  0.0,     ,  0.0, 0.0,   7.0,       ,      ,      ,        ,        ,        ,        ,        ,        ,        ,        ,      
wyliedu01, 1976,     1, CHI , NHL , C  ,  8.0,  2.0,   0.0,   2.0,   0.0, -4.0 ,  1.0,     ,  0.0,     ,  0.0, 1.0,  12.0,       ,      ,      ,        ,        ,        ,        ,        ,        ,        ,        ,      
wymanja01, 2009,     1, MTL , NHL , R  ,  3.0,  0.0,   0.0,   0.0,   0.0, -2.0 ,  0.0,  0.0,  0.0,  0.0,  0.0,    ,   0.0,       ,      ,      ,        ,        ,        ,        ,        ,        ,        ,        ,      
wyrozra01, 1970,     1, BUF , NHL , C  , 16.0,  2.0,   2.0,   4.0,   6.0, -9.0 ,  1.0,     ,  0.0,     ,  0.0, 0.0,  22.0,       ,      ,      ,        ,        ,        ,        ,        ,        ,        ,        ,      
wyrozra01, 1971,     1, BUF , NHL , C  , 34.0,  3.0,   4.0,   7.0,   0.0, -2.0 ,  0.0,     ,  0.0,     ,  0.0, 0.0,  36.0,       ,      ,      ,        ,        ,        ,        ,        ,        ,        ,        ,      
wyrozra01, 1972,     1, BUF , NHL , C  , 45.0,  3.0,   3.0,   6.0,   4.0, -1.0 ,  0.0,     ,  0.0,     ,  2.0, 0.0,  23.0,       ,      ,      ,        ,        ,        ,        ,        ,        ,        ,        ,      
wyrozra01, 1973,     1, BUF , NHL , C  ,  5.0,  0.0,   1.0,   1.0,   0.0, -1.0 ,  0.0,     ,  0.0,     ,  0.0, 0.0,   4.0,       ,      ,      ,        ,        ,        ,        ,        ,        ,        ,        ,      
wyrozra01, 1975,     1, IND , WHA , C  , 55.0, 11.0,  14.0,  25.0,   8.0, -4.0 ,  5.0,     ,  1.0,     ,  2.0,    ,  79.0,       ,      ,      ,        ,        ,        ,        ,        ,        ,        ,        ,      
yabloje01, 2003,     1, STL , NHL , R  ,  1.0,  0.0,   0.0,   0.0,   5.0, -1.0 ,  0.0,  0.0,  0.0,  0.0,  0.0, 0.0,   1.0,       ,      ,      ,        ,        ,        ,        ,        ,        ,        ,        ,      
yachmvi01, 1995,     1, LAK , NHL , R  , 80.0, 19.0,  34.0,  53.0,  16.0, -3.0 ,  6.0, 18.0,  1.0,  1.0,  2.0, 0.0, 133.0,       ,      ,      ,        ,        ,        ,        ,        ,        ,        ,        ,      
yachmvi01, 1996,     1, LAK , NHL , L  , 65.0, 10.0,  22.0,  32.0,  10.0, -9.0 ,  2.0,  3.0,  0.0,  0.0,  2.0, 1.0,  97.0,       ,      ,      ,        ,        ,        ,        ,        ,        ,        ,        ,      
yachmvi01, 1997,     1, LAK , NHL , R  ,  4.0,  0.0,   1.0,   1.0,   4.0, 1.0  ,  0.0,  0.0,  0.0,  0.0,  0.0, 0.0,   4.0,       ,      ,      ,        ,        ,        ,        ,        ,        ,        ,        ,      
yachmvi01, 1998,     1, NAS , NHL , R  , 55.0,  7.0,  10.0,  17.0,  10.0, -10.0,  0.0,  0.0,  1.0,  0.0,  2.0, 0.0,  83.0,       ,      ,      ,        ,        ,        ,        ,        ,        ,        ,        ,      
yachmvi01, 1999,     1, NAS , NHL , R  , 68.0, 16.0,  16.0,  32.0,  12.0, 5.0  ,  1.0,  0.0,  1.0,  0.0,  3.0, 0.0, 120.0,       ,      ,      ,        ,        ,        ,        ,        ,        ,        ,        ,      
yachmvi01, 2000,     1, NAS , NHL , L  , 78.0, 15.0,  19.0,  34.0,  10.0, -5.0 ,  4.0,  6.0,  1.0,  0.0,  4.0, 1.0, 123.0,       ,      ,      ,        ,        ,        ,        ,        ,        ,        ,        ,      
yachmvi01, 2001,     1, NAS , NHL , L  , 75.0, 11.0,  16.0,  27.0,  14.0, -16.0,  1.0,  0.0,  2.0,  0.0,  0.0, 0.0, 103.0,       ,      ,      ,        ,        ,        ,        ,        ,        ,        ,        ,      
yachmvi01, 2002,     1, NAS , NHL , L  , 62.0,  5.0,  15.0,  20.0,  12.0, 7.0  ,  0.0,  3.0,  0.0,  0.0,  1.0, 0.0,  68.0,       ,      ,      ,        ,        ,        ,        ,        ,        ,        ,        ,      
yackeke01, 1958,     1, BOS , NHL , R  ,  6.0,  0.0,   0.0,   0.0,   2.0,      ,     ,     ,     ,     ,     ,    ,      ,    2.0,   0.0,   0.0,     0.0,     2.0,        ,        ,        ,        ,        ,        ,      
yakete01 , 1988,     1, HAR , NHL , C  ,  2.0,  0.0,   0.0,   0.0,   0.0, 1.0  ,  0.0,  0.0,  0.0,  0.0,  0.0, 0.0,   0.0,       ,      ,      ,        ,        ,        ,        ,        ,        ,        ,        ,      
yakete01 , 1989,     1, HAR , NHL , C  ,  2.0,  0.0,   1.0,   1.0,   0.0, -1.0 ,  0.0,  0.0,  0.0,  0.0,  0.0, 0.0,   2.0,       ,      ,      ,        ,        ,        ,        ,        ,        ,        ,        ,      
yakete01 , 1990,     1, HAR , NHL , C  , 19.0,  1.0,   4.0,   5.0,  10.0, -3.0 ,  0.0,  0.0,  0.0,  0.0,  1.0, 0.0,  19.0,    6.0,   1.0,   1.0,     2.0,    16.0, 0.0    ,     0.0,     0.0,     1.0,     0.0,     0.0,     5.0
yakete01 , 1991,     1, HAR , NHL , C  , 15.0,  1.0,   1.0,   2.0,   4.0, -2.0 ,  0.0,  0.0,  0.0,  0.0,  0.0, 0.0,  12.0,       ,      ,      ,        ,        ,        ,        ,        ,        ,        ,        ,      
yakete01 , 1992,     1, HAR , NHL , R  , 66.0, 22.0,  31.0,  53.0,  46.0, 3.0  ,  4.0, 10.0,  1.0,  2.0,  2.0, 0.0,  98.0,       ,      ,      ,        ,        ,        ,        ,        ,        ,        ,        ,      
yakete01 , 1993,     1, ANA , NHL , R  , 82.0, 21.0,  31.0,  52.0,  44.0, 2.0  ,  5.0, 10.0,  0.0,  1.0,  2.0, 0.0, 188.0,       ,      ,      ,        ,        ,        ,        ,        ,        ,        ,        ,      
yakete01 , 1994,     1, TOR , NHL , R  , 19.0,  3.0,   2.0,   5.0,   2.0, 1.0  ,  1.0,  1.0,  0.0,  0.0,  2.0, 0.0,  26.0,       ,      ,      ,        ,        ,        ,        ,        ,        ,        ,        ,      
yakete01 , 1997,     1, STL , NHL , C  , 65.0, 10.0,  15.0,  25.0,  38.0, 1.0  ,  3.0,  3.0,  1.0,  0.0,  4.0, 0.0,  60.0,   10.0,   2.0,   1.0,     3.0,     6.0, -3.0   ,     2.0,     0.0,     0.0,     0.0,     1.0,     6.0
yakete01 , 1998,     1, STL , NHL , R  , 60.0,  9.0,  18.0,  27.0,  34.0, -9.0 ,  3.0, 11.0,  0.0,  0.0,  4.0, 0.0,  59.0,   13.0,   1.0,   2.0,     3.0,    14.0, -3.0   ,     1.0,     2.0,     0.0,     0.0,     0.0,    13.0
yakete01 , 1999,     1, STL , NHL , R  , 26.0,  4.0,   9.0,  13.0,  22.0, 2.0  ,  2.0,  2.0,  0.0,  0.0,  2.0, 0.0,  26.0,       ,      ,      ,        ,        ,        ,        ,        ,        ,        ,        ,      
yakete01 , 1999,     2, WAS , NHL , R  , 35.0,  6.0,   5.0,  11.0,  12.0, 2.0  ,  1.0,  0.0,  0.0,  0.0,  1.0, 0.0,  29.0,    3.0,   0.0,   0.0,     0.0,     0.0, -2.0   ,     0.0,     0.0,     0.0,     0.0,     0.0,     2.0
yakete01 , 2000,     1, WAS , NHL , R  , 12.0,  0.0,   3.0,   3.0,   8.0, 0.0  ,  0.0,  1.0,  0.0,  0.0,  0.0, 0.0,  13.0,       ,      ,      ,        ,        ,        ,        ,        ,        ,        ,        ,      
yakiwda01, 1978,     1, WIJ , WHA , L  ,  4.0,  0.0,   0.0,   0.0,   0.0, 1.0  ,  0.0,     ,  0.0,     ,     ,    ,   1.0,       ,      ,      ,        ,        ,        ,        ,        ,        ,        ,        ,      
yakubmi01, 2003,     1, CHI , NHL , C  , 30.0,  1.0,   7.0,   8.0,   8.0, -12.0,  0.0,  2.0,  0.0,  0.0,  0.0, 0.0,  32.0,       ,      ,      ,        ,        ,        ,        ,        ,        ,        ,        ,      
yakubmi01, 2005,     1, CHI , NHL , C  , 10.0,  1.0,   2.0,   3.0,   8.0, 0.0  ,  0.0,  0.0,  0.0,  0.0,  1.0,    ,  11.0,       ,      ,      ,        ,        ,        ,        ,        ,        ,        ,        ,      
yakubmi01, 2005,     2, FLO , NHL , C  , 13.0,  0.0,   1.0,   1.0,   4.0, -1.0 ,  0.0,  0.0,  0.0,  0.0,  0.0,    ,  16.0,       ,      ,      ,        ,        ,        ,        ,        ,        ,        ,        ,      
yakusdm01, 1999,     1, TOR , NHL , D  ,  2.0,  0.0,   0.0,   0.0,   2.0, 0.0  ,  0.0,  0.0,  0.0,  0.0,  0.0, 0.0,   1.0,       ,      ,      ,        ,        ,        ,        ,        ,        ,        ,        ,      
yandlke01, 2006,     1, PHO , NHL , D  ,  7.0,  0.0,   2.0,   2.0,   8.0, 0.0  ,  0.0,  2.0,  0.0,  0.0,  0.0,    ,  10.0,       ,      ,      ,        ,        ,        ,        ,        ,        ,        ,        ,      
yandlke01, 2007,     1, PHO , NHL , D  , 43.0,  5.0,   7.0,  12.0,  14.0, -12.0,  4.0,  4.0,  0.0,  0.0,  0.0,    ,  72.0,       ,      ,      ,        ,        ,        ,        ,        ,        ,        ,        ,      
yandlke01, 2008,     1, PHO , NHL , D  , 69.0,  4.0,  26.0,  30.0,  37.0, -4.0 ,  1.0, 12.0,  0.0,  0.0,  0.0,    , 118.0,       ,      ,      ,        ,        ,        ,        ,        ,        ,        ,        ,      
yandlke01, 2009,     1, PHO , NHL , D  , 82.0, 12.0,  29.0,  41.0,  45.0, 16.0 ,  5.0, 11.0,  0.0,  0.0,  2.0,    , 145.0,    7.0,   2.0,   3.0,     5.0,     4.0, -1.0   ,     1.0,     3.0,     0.0,     0.0,     0.0,    17.0
yaremga01, 1981,     1, TOR , NHL , C  , 18.0,  0.0,   3.0,   3.0,  10.0, -7.0 ,  0.0,     ,  0.0,     ,  0.0, 0.0,   6.0,       ,      ,      ,        ,        ,        ,        ,        ,        ,        ,        ,      
yaremga01, 1982,     1, TOR , NHL , C  ,  3.0,  0.0,   0.0,   0.0,   2.0, -1.0 ,  0.0,     ,  0.0,     ,  0.0, 0.0,   3.0,       ,      ,      ,        ,        ,        ,        ,        ,        ,        ,        ,      
yaremga01, 1983,     1, TOR , NHL , C  ,  1.0,  0.0,   0.0,   0.0,   0.0, -1.0 ,  0.0,     ,  0.0,     ,  0.0, 0.0,   1.0,       ,      ,      ,        ,        ,        ,        ,        ,        ,        ,        ,      
yaremga01, 1984,     1, TOR , NHL , C  , 12.0,  1.0,   1.0,   2.0,  16.0, -7.0 ,  0.0,     ,  0.0,     ,  0.0, 0.0,   7.0,       ,      ,      ,        ,        ,        ,        ,        ,        ,        ,        ,      
yaremke01, 1983,     1, CHI , NHL , C  , 47.0,  6.0,   7.0,  13.0,  19.0, -7.0 ,  0.0,     ,  0.0,     ,  0.0, 0.0,  49.0,    1.0,   0.0,   0.0,     0.0,     0.0, -1.0   ,     0.0,        ,     0.0,        ,     0.0,     0.0
yaremke01, 1984,     1, CHI , NHL , R  , 63.0, 10.0,  16.0,  26.0,  16.0, -6.0 ,  2.0,     ,  0.0,     ,  0.0, 0.0,  72.0,   15.0,   5.0,   5.0,    10.0,    37.0, 6.0    ,     0.0,        ,     0.0,        ,     1.0,    18.0
yaremke01, 1985,     1, CHI , NHL , R  , 78.0, 14.0,  20.0,  34.0,  43.0, -17.0,  0.0,     ,  0.0,     ,  2.0, 0.0,  82.0,    3.0,   1.0,   1.0,     2.0,     2.0, 2.0    ,     0.0,        ,     0.0,        ,     0.0,     2.0
yaremke01, 1986,     1, TOR , NHL , R  , 20.0,  3.0,   8.0,  11.0,  16.0, 0.0  ,  0.0,     ,  0.0,     ,  0.0, 0.0,  33.0,    6.0,   0.0,   0.0,     0.0,     0.0, 0.0    ,     0.0,        ,     0.0,        ,     0.0,     0.0
yaremke01, 1987,     1, TOR , NHL , C  , 16.0,  2.0,   5.0,   7.0,  10.0, -7.0 ,  0.0,  2.0,  0.0,  0.0,  0.0, 0.0,  14.0,    6.0,   0.0,   2.0,     2.0,    10.0, -3.0   ,     0.0,     0.0,     0.0,     0.0,     0.0,     6.0
yaremke01, 1988,     1, TOR , NHL , C  , 11.0,  1.0,   0.0,   1.0,   2.0, -5.0 ,  0.0,  0.0,  0.0,  0.0,  0.0, 0.0,  13.0,       ,      ,      ,        ,        ,        ,        ,        ,        ,        ,        ,      
yashial01, 1993,     1, OTT , NHL , C  , 83.0, 30.0,  49.0,  79.0,  22.0, -49.0, 11.0, 16.0,  2.0,  1.0,  3.0, 0.0, 232.0,       ,      ,      ,        ,        ,        ,        ,        ,        ,        ,        ,      
yashial01, 1994,     1, OTT , NHL , C  , 47.0, 21.0,  23.0,  44.0,  20.0, -20.0, 11.0, 10.0,  0.0,  0.0,  1.0, 0.0, 154.0,       ,      ,      ,        ,        ,        ,        ,        ,        ,        ,        ,      
yashial01, 1995,     1, OTT , NHL , C  , 46.0, 15.0,  24.0,  39.0,  28.0, -15.0,  8.0,  7.0,  0.0,  0.0,  1.0, 0.0, 143.0,       ,      ,      ,        ,        ,        ,        ,        ,        ,        ,        ,      
yashial01, 1996,     1, OTT , NHL , C  , 82.0, 35.0,  40.0,  75.0,  44.0, -7.0 , 10.0, 17.0,  0.0,  1.0,  5.0, 1.0, 291.0,    7.0,   1.0,   5.0,     6.0,     2.0, -2.0   ,     1.0,     4.0,     0.0,     0.0,     0.0,    21.0
yashial01, 1997,     1, OTT , NHL , C  , 82.0, 33.0,  39.0,  72.0,  24.0, 6.0  ,  5.0, 13.0,  0.0,  0.0,  6.0, 0.0, 291.0,   11.0,   5.0,   3.0,     8.0,     8.0, -6.0   ,     3.0,     1.0,     0.0,     0.0,     2.0,    42.0
yashial01, 1998,     1, OTT , NHL , C  , 82.0, 44.0,  50.0,  94.0,  54.0, 16.0 , 19.0, 23.0,  0.0,  1.0,  5.0, 1.0, 337.0,    4.0,   0.0,   0.0,     0.0,    10.0, -4.0   ,     0.0,     0.0,     0.0,     0.0,     0.0,    24.0
yashial01, 2000,     1, OTT , NHL , C  , 82.0, 40.0,  48.0,  88.0,  30.0, 10.0 , 13.0, 17.0,  2.0,  0.0, 10.0, 1.0, 263.0,    4.0,   0.0,   1.0,     1.0,     0.0, 1.0    ,     0.0,     0.0,     0.0,     0.0,     0.0,    12.0
yashial01, 2001,     1, NYI , NHL , C  , 78.0, 32.0,  43.0,  75.0,  25.0, -3.0 , 15.0, 15.0,  0.0,  0.0,  5.0, 0.0, 239.0,    7.0,   3.0,   4.0,     7.0,     2.0, -2.0   ,     1.0,     3.0,     0.0,     0.0,     0.0,    29.0
yashial01, 2002,     1, NYI , NHL , C  , 81.0, 26.0,  39.0,  65.0,  32.0, -12.0, 14.0, 15.0,  0.0,  0.0,  7.0, 1.0, 274.0,    5.0,   2.0,   2.0,     4.0,     2.0, -1.0   ,     0.0,     2.0,     0.0,     0.0,     0.0,    20.0
yashial01, 2003,     1, NYI , NHL , C  , 47.0, 15.0,  19.0,  34.0,  10.0, -1.0 ,  3.0,  9.0,  0.0,  1.0,  1.0, 0.0, 148.0,    5.0,   0.0,   1.0,     1.0,     0.0, -2.0   ,     0.0,     1.0,     0.0,     0.0,     0.0,    15.0
yashial01, 2005,     1, NYI , NHL , C  , 82.0, 28.0,  38.0,  66.0,  68.0, -14.0, 10.0, 22.0,  0.0,  0.0,  2.0,    , 253.0,       ,      ,      ,        ,        ,        ,        ,        ,        ,        ,        ,      
yashial01, 2006,     1, NYI , NHL , C  , 58.0, 18.0,  32.0,  50.0,  44.0, 6.0  ,  5.0, 16.0,  0.0,  0.0,  3.0,    , 203.0,    5.0,   0.0,   0.0,     0.0,     0.0, 0.0    ,     0.0,     0.0,     0.0,     0.0,     0.0,     7.0
yatesro01, 1983,     1, HAR , NHL , C  ,  7.0,  1.0,   1.0,   2.0,   4.0, 0.0  ,  0.0,     ,  0.0,     ,  0.0, 0.0,   6.0,       ,      ,      ,        ,        ,        ,        ,        ,        ,        ,        ,      
yawnetr01, 1987,     1, CHI , NHL , D  , 15.0,  2.0,   8.0,  10.0,  15.0, 1.0  ,  2.0,  6.0,  0.0,  0.0,  0.0, 0.0,  26.0,    5.0,   0.0,   4.0,     4.0,     8.0, 1.0    ,     0.0,     3.0,     0.0,     0.0,     0.0,     3.0
yawnetr01, 1988,     1, CHI , NHL , D  , 69.0,  5.0,  19.0,  24.0, 116.0, -5.0 ,  3.0,  8.0,  1.0,  0.0,  0.0, 0.0,  75.0,   15.0,   3.0,   6.0,     9.0,    20.0, 9.0    ,     0.0,     3.0,     1.0,     0.0,     0.0,    17.0
yawnetr01, 1989,     1, CHI , NHL , D  , 70.0,  5.0,  15.0,  20.0,  82.0, -6.0 ,  1.0,  8.0,  0.0,  0.0,  1.0, 0.0,  58.0,   20.0,   3.0,   5.0,     8.0,    27.0, -1.0   ,     3.0,     3.0,     0.0,     0.0,     1.0,    27.0
yawnetr01, 1990,     1, CHI , NHL , D  , 61.0,  3.0,  13.0,  16.0,  77.0, 6.0  ,  3.0,  8.0,  0.0,  0.0,  0.0, 0.0,  52.0,    1.0,   0.0,   0.0,     0.0,     0.0, 0.0    ,     0.0,     0.0,     0.0,     0.0,     0.0,     1.0
yawnetr01, 1991,     1, CAL , NHL , D  , 47.0,  4.0,   9.0,  13.0,  45.0, -5.0 ,  1.0,  4.0,  0.0,  1.0,  0.0, 0.0,  33.0,       ,      ,      ,        ,        ,        ,        ,        ,        ,        ,        ,      
yawnetr01, 1992,     1, CAL , NHL , D  , 63.0,  1.0,  16.0,  17.0,  67.0, 9.0  ,  0.0,  6.0,  0.0,  1.0,  0.0, 0.0,  61.0,    6.0,   3.0,   2.0,     5.0,     6.0, -3.0   ,     1.0,     1.0,     0.0,     0.0,     0.0,    16.0
yawnetr01, 1993,     1, CAL , NHL , D  , 58.0,  6.0,  15.0,  21.0,  60.0, 21.0 ,  1.0,  5.0,  1.0,  0.0,  1.0, 1.0,  62.0,    7.0,   0.0,   0.0,     0.0,    16.0, -5.0   ,     0.0,     0.0,     0.0,     0.0,     0.0,    11.0
yawnetr01, 1994,     1, CAL , NHL , D  , 37.0,  0.0,   2.0,   2.0, 108.0, -4.0 ,  0.0,  0.0,  0.0,  0.0,  0.0, 0.0,  20.0,    2.0,   0.0,   0.0,     0.0,     2.0, -4.0   ,     0.0,     0.0,     0.0,     0.0,     0.0,     1.0
yawnetr01, 1995,     1, CAL , NHL , D  , 69.0,  0.0,   3.0,   3.0,  88.0, -1.0 ,  0.0,  1.0,  0.0,  0.0,  0.0, 0.0,  51.0,    4.0,   0.0,   0.0,     0.0,     2.0, -3.0   ,     0.0,     0.0,     0.0,     0.0,     0.0,     1.0
yawnetr01, 1996,     1, STL , NHL , D  , 39.0,  0.0,   2.0,   2.0,  17.0, 2.0  ,  0.0,  0.0,  0.0,  1.0,  0.0, 0.0,   8.0,       ,      ,      ,        ,        ,        ,        ,        ,        ,        ,        ,      
yawnetr01, 1997,     1, CHI , NHL , D  , 45.0,  1.0,   0.0,   1.0,  76.0, -5.0 ,  0.0,  0.0,  0.0,  0.0,  0.0, 0.0,  19.0,       ,      ,      ,        ,        ,        ,        ,        ,        ,        ,        ,      
yawnetr01, 1998,     1, CHI , NHL , D  , 20.0,  0.0,   0.0,   0.0,  32.0, -6.0 ,  0.0,  0.0,  0.0,  0.0,  0.0, 0.0,  11.0,       ,      ,      ,        ,        ,        ,        ,        ,        ,        ,        ,      
yeatsma01, 2003,     1, WAS , NHL , G  ,  5.0,  0.0,   0.0,   0.0,   2.0, 0.0  ,  0.0,  0.0,  0.0,  0.0,  0.0, 0.0,   0.0,       ,      ,      ,        ,        ,        ,        ,        ,        ,        ,        ,      
yegoral01, 1995,     1, SJS , NHL , R  ,  9.0,  3.0,   2.0,   5.0,   2.0, -5.0 ,  2.0,  0.0,  0.0,  0.0,  0.0, 0.0,  10.0,       ,      ,      ,        ,        ,        ,        ,        ,        ,        ,        ,      
yegoral01, 1996,     1, SJS , NHL , R  ,  2.0,  0.0,   1.0,   1.0,   0.0, 1.0  ,  0.0,  0.0,  0.0,  0.0,  0.0, 0.0,   0.0,       ,      ,      ,        ,        ,        ,        ,        ,        ,        ,        ,      
yellest01, 1995,     1, COL , NHL , L  , 71.0, 13.0,  14.0,  27.0,  30.0, 15.0 ,  0.0,  1.0,  2.0,  2.0,  1.0, 0.0,  93.0,   22.0,   1.0,   4.0,     5.0,     8.0, 2.0    ,     0.0,     0.0,     1.0,     0.0,     0.0,    24.0
yellest01, 1996,     1, COL , NHL , C  , 79.0,  9.0,  17.0,  26.0,  38.0, 1.0  ,  0.0,  0.0,  1.0,  2.0,  1.0, 0.0,  89.0,   12.0,   1.0,   6.0,     7.0,     2.0, 5.0    ,     0.0,     0.0,     0.0,     0.0,     0.0,    19.0
yellest01, 1997,     1, COL , NHL , C  , 81.0,  7.0,  15.0,  22.0,  48.0, -10.0,  0.0,  0.0,  1.0,  0.0,  0.0, 0.0,  93.0,    7.0,   1.0,   0.0,     1.0,    12.0, -3.0   ,     0.0,     0.0,     0.0,     0.0,     0.0,     7.0
yellest01, 1998,     1, COL , NHL , C  , 72.0,  8.0,   7.0,  15.0,  40.0, -8.0 ,  1.0,  0.0,  0.0,  0.0,  0.0, 0.0,  99.0,   10.0,   0.0,   1.0,     1.0,     6.0, -1.0   ,     0.0,     0.0,     0.0,     0.0,     0.0,    18.0
yellest01, 1999,     1, COL , NHL , C  , 79.0,  8.0,  14.0,  22.0,  28.0, 9.0  ,  0.0,  1.0,  1.0,  0.0,  1.0, 0.0,  90.0,   17.0,   1.0,   2.0,     3.0,     4.0, 3.0    ,     0.0,     0.0,     0.0,     0.0,     0.0,    25.0
yellest01, 2000,     1, COL , NHL , C  , 50.0,  4.0,  10.0,  14.0,  20.0, -3.0 ,  0.0,  0.0,  1.0,  0.0,  0.0, 0.0,  54.0,   23.0,   1.0,   2.0,     3.0,     8.0, 2.0    ,     0.0,     0.0,     0.0,     0.0,     1.0,    23.0
yellest01, 2001,     1, COL , NHL , C  , 73.0,  5.0,  12.0,  17.0,  48.0, 1.0  ,  0.0,  0.0,  1.0,  0.0,  1.0, 0.0,  71.0,   20.0,   0.0,   2.0,     2.0,    14.0, -3.0   ,     0.0,     0.0,     0.0,     0.0,     0.0,    21.0
yellest01, 2002,     1, CAL , NHL , C  , 82.0, 10.0,  15.0,  25.0,  50.0, -10.0,  3.0,  4.0,  0.0,  1.0,  3.0, 0.0, 121.0,       ,      ,      ,        ,        ,        ,        ,        ,        ,        ,        ,      
yellest01, 2003,     1, CAL , NHL , C  , 53.0,  4.0,  13.0,  17.0,  24.0, 1.0  ,  1.0,  4.0,  0.0,  1.0,  0.0, 0.0,  76.0,   23.0,   3.0,   3.0,     6.0,    16.0, -1.0   ,     0.0,     1.0,     1.0,     0.0,     1.0,    27.0
yellest01, 2005,     1, CAL , NHL , C  , 74.0,  4.0,  14.0,  18.0,  48.0, 10.0 ,  1.0,  3.0,  1.0,  0.0,  1.0,    ,  93.0,    7.0,   1.0,   0.0,     1.0,     8.0, -1.0   ,     0.0,     0.0,     0.0,     0.0,     0.0,     7.0
yellest01, 2006,     1, CAL , NHL , C  , 56.0, 10.0,  14.0,  24.0,  32.0, 5.0  ,  1.0,  0.0,  1.0,  2.0,  1.0,    ,  55.0,    6.0,   0.0,   0.0,     0.0,     2.0, -3.0   ,     0.0,     0.0,     0.0,     0.0,     0.0,     8.0
yellest01, 2007,     1, CAL , NHL , C  , 74.0,  3.0,   9.0,  12.0,  20.0, -4.0 ,  0.0,  0.0,  1.0,  0.0,  0.0,    ,  62.0,    7.0,   2.0,   0.0,     2.0,     6.0, 2.0    ,     0.0,     0.0,     0.0,     0.0,     1.0,     5.0
yellest01, 2008,     1, BOS , NHL , C  , 77.0,  7.0,  11.0,  18.0,  32.0, 6.0  ,  1.0,  0.0,  0.0,  2.0,  2.0,    ,  72.0,   11.0,   0.0,   1.0,     1.0,     2.0, -4.0   ,     0.0,     0.0,     0.0,     0.0,     0.0,    13.0
yellest01, 2009,     1, CAR , NHL , C  , 59.0,  4.0,   3.0,   7.0,  28.0, -6.0 ,  0.0,  0.0,  1.0,  0.0,  0.0,    ,  34.0,       ,      ,      ,        ,        ,        ,        ,        ,        ,        ,        ,      
yellest01, 2009,     2, COL , NHL , C  , 11.0,  0.0,   1.0,   1.0,   4.0, 0.0  ,  0.0,  0.0,  0.0,  0.0,  0.0,    ,   5.0,    6.0,   0.0,   0.0,     0.0,     2.0, -1.0   ,     0.0,     0.0,     0.0,     0.0,     0.0,     4.0
yeremvi01, 2000,     1, NYR , NHL , G  ,  4.0,  0.0,   0.0,   0.0,   0.0, 0.0  ,  0.0,  0.0,  0.0,  0.0,  0.0, 0.0,   0.0,       ,      ,      ,        ,        ,        ,        ,        ,        ,        ,        ,      
yipbr01  , 2009,     1, COL , NHL , R  , 32.0, 11.0,   8.0,  19.0,  22.0, 5.0  ,  4.0,  1.0,  0.0,  0.0,  2.0,    ,  65.0,    6.0,   2.0,   2.0,     4.0,     6.0, -3.0   ,     0.0,     1.0,     0.0,     0.0,     0.0,    13.0
yloneju01, 1996,     1, PHO , NHL , C  ,  2.0,  0.0,   0.0,   0.0,   0.0, 0.0  ,  0.0,  0.0,  0.0,  0.0,  0.0, 0.0,   2.0,       ,      ,      ,        ,        ,        ,        ,        ,        ,        ,        ,      
yloneju01, 1997,     1, PHO , NHL , C  , 55.0,  1.0,  11.0,  12.0,  10.0, -3.0 ,  0.0,  1.0,  1.0,  1.0,  0.0, 0.0,  60.0,       ,      ,      ,        ,        ,        ,        ,        ,        ,        ,        ,      
yloneju01, 1998,     1, PHO , NHL , C  , 59.0,  6.0,  17.0,  23.0,  20.0, 18.0 ,  2.0,  0.0,  0.0,  0.0,  1.0, 0.0,  66.0,    2.0,   0.0,   2.0,     2.0,     2.0, 2.0    ,     0.0,     0.0,     0.0,     0.0,     0.0,     2.0
yloneju01, 1999,     1, PHO , NHL , C  , 76.0,  6.0,  23.0,  29.0,  12.0, -6.0 ,  0.0,  1.0,  1.0,  1.0,  1.0, 0.0,  82.0,    1.0,   0.0,   0.0,     0.0,     0.0, -1.0   ,     0.0,     0.0,     0.0,     0.0,     0.0,     1.0
yloneju01, 2000,     1, PHO , NHL , C  , 69.0,  9.0,  14.0,  23.0,  38.0, 10.0 ,  0.0,  0.0,  1.0,  3.0,  1.0, 0.0,  72.0,       ,      ,      ,        ,        ,        ,        ,        ,        ,        ,        ,      
yloneju01, 2001,     1, TBL , NHL , L  , 65.0,  3.0,  10.0,  13.0,   8.0, -10.0,  0.0,  0.0,  0.0,  0.0,  0.0, 0.0,  75.0,       ,      ,      ,        ,        ,        ,        ,        ,        ,        ,        ,      
yloneju01, 2001,     2, OTT , NHL , L  , 15.0,  1.0,   1.0,   2.0,   2.0, -1.0 ,  0.0,  0.0,  1.0,  0.0,  0.0, 0.0,  22.0,   12.0,   0.0,   5.0,     5.0,     2.0, 2.0    ,     0.0,     0.0,     0.0,     0.0,     0.0,     8.0
yonkmno01, 2001,     1, WAS , NHL , D  , 11.0,  1.0,   0.0,   1.0,   4.0, 3.0  ,  0.0,  0.0,  0.0,  0.0,  0.0, 0.0,   7.0,       ,      ,      ,        ,        ,        ,        ,        ,        ,        ,        ,      
yonkmno01, 2003,     1, WAS , NHL , D  ,  1.0,  0.0,   0.0,   0.0,   0.0, 0.0  ,  0.0,  0.0,  0.0,  0.0,  0.0, 0.0,   0.0,       ,      ,      ,        ,        ,        ,        ,        ,        ,        ,        ,      
yonkmno01, 2005,     1, WAS , NHL , D  , 38.0,  0.0,   7.0,   7.0,  86.0, 1.0  ,  0.0,  0.0,  0.0,  0.0,  0.0,    ,  14.0,       ,      ,      ,        ,        ,        ,        ,        ,        ,        ,        ,      
yorkha01 , 1996,     1, STL , NHL , C  , 74.0, 14.0,  18.0,  32.0,  24.0, 1.0  ,  3.0,  2.0,  1.0,  0.0,  3.0, 0.0,  86.0,    5.0,   0.0,   0.0,     0.0,     2.0, -1.0   ,     0.0,     0.0,     0.0,     0.0,     0.0,     2.0
yorkha01 , 1997,     1, STL , NHL , C  , 58.0,  4.0,   6.0,  10.0,  31.0, 0.0  ,  0.0,  0.0,  0.0,  0.0,  0.0, 0.0,  42.0,       ,      ,      ,        ,        ,        ,        ,        ,        ,        ,        ,      
yorkha01 , 1997,     2, NYR , NHL , C  ,  2.0,  0.0,   0.0,   0.0,   0.0, -1.0 ,  0.0,  0.0,  0.0,  0.0,  0.0, 0.0,   2.0,       ,      ,      ,        ,        ,        ,        ,        ,        ,        ,        ,      
yorkha01 , 1998,     1, NYR , NHL , C  ,  5.0,  0.0,   0.0,   0.0,   4.0, -1.0 ,  0.0,  0.0,  0.0,  0.0,  0.0, 0.0,   5.0,       ,      ,      ,        ,        ,        ,        ,        ,        ,        ,        ,      
yorkha01 , 1998,     2, PIT , NHL , C  ,  2.0,  0.0,   0.0,   0.0,   0.0, 0.0  ,  0.0,  0.0,  0.0,  0.0,  0.0, 0.0,   0.0,       ,      ,      ,        ,        ,        ,        ,        ,        ,        ,        ,      
yorkha01 , 1998,     3, VAN , NHL , C  , 49.0,  7.0,   9.0,  16.0,  20.0, -2.0 ,  1.0,  2.0,  0.0,  0.0,  0.0, 1.0,  55.0,       ,      ,      ,        ,        ,        ,        ,        ,        ,        ,        ,      
yorkha01 , 1999,     1, VAN , NHL , C  , 54.0,  4.0,  13.0,  17.0,  20.0, -4.0 ,  1.0,  0.0,  1.0,  2.0,  0.0, 1.0,  50.0,       ,      ,      ,        ,        ,        ,        ,        ,        ,        ,        ,      
yorkja01 , 1992,     1, DET , NHL , D  ,  2.0,  0.0,   0.0,   0.0,   0.0, 0.0  ,  0.0,  0.0,  0.0,  0.0,  0.0, 0.0,   1.0,       ,      ,      ,        ,        ,        ,        ,        ,        ,        ,        ,      
yorkja01 , 1993,     1, DET , NHL , D  ,  7.0,  1.0,   2.0,   3.0,   2.0, 0.0  ,  0.0,  2.0,  0.0,  0.0,  0.0, 0.0,   9.0,       ,      ,      ,        ,        ,        ,        ,        ,        ,        ,        ,      
yorkja01 , 1994,     1, DET , NHL , D  , 10.0,  1.0,   2.0,   3.0,   2.0, 0.0  ,  0.0,  1.0,  0.0,  0.0,  0.0, 0.0,   6.0,       ,      ,      ,        ,        ,        ,        ,        ,        ,        ,        ,      
yorkja01 , 1994,     2, ANA , NHL , D  , 15.0,  0.0,   8.0,   8.0,  12.0, 4.0  ,  0.0,  4.0,  0.0,  0.0,  0.0, 0.0,  22.0,       ,      ,      ,        ,        ,        ,        ,        ,        ,        ,        ,      
yorkja01 , 1995,     1, ANA , NHL , D  , 79.0,  3.0,  21.0,  24.0,  88.0, -7.0 ,  0.0,  6.0,  0.0,  0.0,  0.0, 0.0, 106.0,       ,      ,      ,        ,        ,        ,        ,        ,        ,        ,        ,      
yorkja01 , 1996,     1, OTT , NHL , D  , 75.0,  4.0,  17.0,  21.0,  67.0, -8.0 ,  1.0,  6.0,  0.0,  0.0,  0.0, 0.0, 121.0,    7.0,   0.0,   0.0,     0.0,     4.0, -3.0   ,     0.0,     0.0,     0.0,     0.0,     0.0,    18.0
yorkja01 , 1997,     1, OTT , NHL , D  , 73.0,  3.0,  13.0,  16.0,  62.0, 8.0  ,  0.0,  5.0,  0.0,  0.0,  0.0, 0.0, 109.0,    7.0,   1.0,   1.0,     2.0,     7.0, -2.0   ,     1.0,     0.0,     0.0,     0.0,     0.0,    13.0
yorkja01 , 1998,     1, OTT , NHL , D  , 79.0,  4.0,  31.0,  35.0,  48.0, 17.0 ,  2.0, 14.0,  0.0,  1.0,  0.0, 1.0, 177.0,    4.0,   1.0,   1.0,     2.0,     4.0, -1.0   ,     0.0,     0.0,     0.0,     0.0,     0.0,    12.0
yorkja01 , 1999,     1, OTT , NHL , D  , 79.0,  8.0,  22.0,  30.0,  60.0, -3.0 ,  1.0,  7.0,  0.0,  1.0,  1.0, 0.0, 159.0,    6.0,   0.0,   2.0,     2.0,     2.0, 1.0    ,     0.0,     1.0,     0.0,     0.0,     0.0,     8.0
yorkja01 , 2000,     1, OTT , NHL , D  , 74.0,  6.0,  16.0,  22.0,  72.0, 7.0  ,  3.0,  3.0,  0.0,  0.0,  2.0, 0.0, 133.0,    4.0,   0.0,   0.0,     0.0,     4.0, 1.0    ,     0.0,     0.0,     0.0,     0.0,     0.0,     2.0
yorkja01 , 2001,     1, ANA , NHL , D  , 74.0,  5.0,  20.0,  25.0,  60.0, -11.0,  3.0, 10.0,  0.0,  0.0,  2.0, 0.0, 104.0,       ,      ,      ,        ,        ,        ,        ,        ,        ,        ,        ,      
yorkja01 , 2002,     1, NAS , NHL , D  , 74.0,  4.0,  15.0,  19.0,  52.0, 13.0 ,  2.0,  7.0,  0.0,  0.0,  0.0, 1.0, 107.0,       ,      ,      ,        ,        ,        ,        ,        ,        ,        ,        ,      
yorkja01 , 2003,     1, NAS , NHL , D  , 67.0,  2.0,  13.0,  15.0,  64.0, -4.0 ,  0.0,  4.0,  0.0,  4.0,  1.0, 0.0,  80.0,    6.0,   0.0,   3.0,     3.0,     4.0, 2.0    ,     0.0,     1.0,     0.0,     0.0,     0.0,     9.0
yorkja01 , 2006,     1, BOS , NHL , D  , 49.0,  1.0,   7.0,   8.0,  32.0, -14.0,  0.0,  0.0,  0.0,  1.0,  0.0,    ,  27.0,       ,      ,      ,        ,        ,        ,        ,        ,        ,        ,        ,      
yorkmi01 , 1999,     1, NYR , NHL , C  , 82.0, 26.0,  24.0,  50.0,  18.0, -17.0,  8.0,  4.0,  0.0,  0.0,  4.0, 2.0, 177.0,       ,      ,      ,        ,        ,        ,        ,        ,        ,        ,        ,      
yorkmi01 , 2000,     1, NYR , NHL , C  , 79.0, 14.0,  17.0,  31.0,  20.0, 1.0  ,  3.0,  2.0,  2.0,  2.0,  4.0, 0.0, 171.0,       ,      ,      ,        ,        ,        ,        ,        ,        ,        ,        ,      
yorkmi01 , 2001,     1, NYR , NHL , R  , 69.0, 18.0,  39.0,  57.0,  16.0, 8.0  ,  2.0, 13.0,  0.0,  0.0,  5.0, 1.0, 188.0,       ,      ,      ,        ,        ,        ,        ,        ,        ,        ,        ,      
yorkmi01 , 2001,     2, EDM , NHL , R  , 12.0,  2.0,   2.0,   4.0,   0.0, -1.0 ,  1.0,  0.0,  0.0,  0.0,  1.0, 0.0,  30.0,       ,      ,      ,        ,        ,        ,        ,        ,        ,        ,        ,      
yorkmi01 , 2002,     1, EDM , NHL , R  , 71.0, 22.0,  29.0,  51.0,  10.0, -8.0 ,  7.0, 14.0,  2.0,  1.0,  4.0, 0.0, 177.0,    6.0,   0.0,   2.0,     2.0,     2.0, 2.0    ,     0.0,     0.0,     0.0,     0.0,     0.0,     4.0
yorkmi01 , 2003,     1, EDM , NHL , C  , 61.0, 16.0,  26.0,  42.0,  15.0, 18.0 ,  1.0,  9.0,  2.0,  3.0,  0.0, 1.0, 144.0,       ,      ,      ,        ,        ,        ,        ,        ,        ,        ,        ,      
yorkmi01 , 2005,     1, NYI , NHL , C  , 75.0, 13.0,  39.0,  52.0,  30.0, -9.0 ,  4.0, 18.0,  1.0,  1.0,  2.0,    , 146.0,       ,      ,      ,        ,        ,        ,        ,        ,        ,        ,        ,      
yorkmi01 , 2006,     1, NYI , NHL , L  , 32.0,  6.0,   7.0,  13.0,  14.0, -9.0 ,  2.0,  1.0,  0.0,  0.0,  1.0,    ,  46.0,       ,      ,      ,        ,        ,        ,        ,        ,        ,        ,        ,      
yorkmi01 , 2006,     2, PHI , NHL , L  , 34.0,  4.0,   4.0,   8.0,   8.0, -9.0 ,  0.0,  0.0,  0.0,  0.0,  1.0,    ,  41.0,       ,      ,      ,        ,        ,        ,        ,        ,        ,        ,        ,      
yorkmi01 , 2007,     1, PHO , NHL , L  , 63.0,  6.0,   8.0,  14.0,   4.0, -8.0 ,  4.0,  2.0,  0.0,  0.0,  1.0,    ,  85.0,       ,      ,      ,        ,        ,        ,        ,        ,        ,        ,        ,      
yorkmi01 , 2008,     1, CBS , NHL , L  ,  1.0,  0.0,   0.0,   0.0,   0.0, 0.0  ,  0.0,  0.0,  0.0,  0.0,  0.0,    ,   1.0,       ,      ,      ,        ,        ,        ,        ,        ,        ,        ,        ,      
youngbi01, 1972,     1, LAS , WHA , L  , 50.0, 14.0,  12.0,  26.0,  46.0,      ,  6.0,     ,  0.0,     ,     ,    ,      ,       ,      ,      ,        ,        ,        ,        ,        ,        ,        ,        ,      
youngbi01, 1972,     2, MFS , WHA , L  , 23.0,  5.0,   6.0,  11.0,  20.0,      ,  2.0,     ,  0.0,     ,     ,    ,      ,    5.0,   1.0,   1.0,     2.0,     4.0,        ,     0.0,        ,     0.0,        ,     1.0,      
youngbi01, 1973,     1, CLC , WHA , L  , 53.0,  8.0,   9.0,  17.0,  70.0,      ,  0.0,     ,  0.0,     ,  0.0,    ,      ,       ,      ,      ,        ,        ,        ,        ,        ,        ,        ,        ,      
youngbi01, 1973,     2, LAS , WHA , L  , 16.0,  1.0,   3.0,   4.0,   4.0,      ,  0.0,     ,  0.0,     ,  0.0,    ,      ,       ,      ,      ,        ,        ,        ,        ,        ,        ,        ,        ,      
youngbj01, 1999,     1, DET , NHL , R  ,  1.0,  0.0,   0.0,   0.0,   0.0, 0.0  ,  0.0,  0.0,  0.0,  0.0,  0.0, 0.0,   1.0,       ,      ,      ,        ,        ,        ,        ,        ,        ,        ,        ,      
youngbr01, 1980,     1, CHI , NHL , D  ,  8.0,  0.0,   2.0,   2.0,   6.0, -4.0 ,  0.0,     ,  0.0,     ,  0.0, 0.0,   5.0,       ,      ,      ,        ,        ,        ,        ,        ,        ,        ,        ,      
youngbr02, 2006,     1, EDM , NHL , D  , 15.0,  0.0,   0.0,   0.0,  10.0, -8.0 ,  0.0,  0.0,  0.0,  0.0,  0.0,    ,   2.0,       ,      ,      ,        ,        ,        ,        ,        ,        ,        ,        ,      
youngbr02, 2007,     1, EDM , NHL , D  ,  2.0,  0.0,   0.0,   0.0,   0.0, -1.0 ,  0.0,  0.0,  0.0,  0.0,  0.0,    ,   0.0,       ,      ,      ,        ,        ,        ,        ,        ,        ,        ,        ,      
youngcj01, 1992,     1, CAL , NHL , C  , 28.0,  3.0,   2.0,   5.0,  20.0, -7.0 ,  1.0,  0.0,  0.0,  0.0,  0.0, 0.0,  21.0,       ,      ,      ,        ,        ,        ,        ,        ,        ,        ,        ,      
youngcj01, 1992,     2, BOS , NHL , C  , 15.0,  4.0,   5.0,   9.0,  12.0, 1.0  ,  0.0,  0.0,  0.0,  0.0,  1.0, 0.0,  22.0,       ,      ,      ,        ,        ,        ,        ,        ,        ,        ,        ,      
youngdo01, 1931,     1, DTF , NHL , D  , 47.0, 10.0,   2.0,  12.0,  45.0,      ,     ,     ,     ,     ,     ,    ,      ,    2.0,   0.0,   0.0,     0.0,     2.0,        ,        ,        ,        ,        ,        ,      
youngdo01, 1932,     1, DET , NHL , D  , 48.0,  5.0,   6.0,  11.0,  59.0,      ,     ,     ,     ,     ,     ,    ,      ,    4.0,   1.0,   1.0,     2.0,     0.0,        ,        ,        ,        ,        ,        ,      
youngdo01, 1933,     1, DET , NHL , D  , 47.0,  4.0,   0.0,   4.0,  36.0,      ,     ,     ,     ,     ,     ,    ,      ,    9.0,   0.0,   0.0,     0.0,    10.0,        ,        ,        ,        ,        ,        ,      
youngdo01, 1934,     1, DET , NHL , D  , 48.0,  4.0,   6.0,  10.0,  37.0,      ,     ,     ,     ,     ,     ,    ,      ,       ,      ,      ,        ,        ,        ,        ,        ,        ,        ,        ,      
youngdo01, 1935,     1, DET , NHL , D  , 47.0,  5.0,  12.0,  17.0,  54.0,      ,     ,     ,     ,     ,     ,    ,      ,    7.0,   0.0,   2.0,     2.0,     0.0,        ,        ,        ,        ,        ,        ,      
youngdo01, 1936,     1, DET , NHL , D  , 11.0,  0.0,   0.0,   0.0,   6.0,      ,     ,     ,     ,     ,     ,    ,      ,       ,      ,      ,        ,        ,        ,        ,        ,        ,        ,        ,      
youngdo01, 1937,     1, DET , NHL , D  , 48.0,  3.0,   5.0,   8.0,  24.0,      ,     ,     ,     ,     ,     ,    ,      ,       ,      ,      ,        ,        ,        ,        ,        ,        ,        ,        ,      
youngdo01, 1938,     1, DET , NHL , D  , 42.0,  1.0,   5.0,   6.0,  16.0,      ,     ,     ,     ,     ,     ,    ,      ,    6.0,   0.0,   2.0,     2.0,     4.0,        ,        ,        ,        ,        ,        ,      
youngdo01, 1939,     1, MTL , NHL , D  , 47.0,  3.0,   9.0,  12.0,  22.0,      ,     ,     ,     ,     ,     ,    ,      ,       ,      ,      ,        ,        ,        ,        ,        ,        ,        ,        ,      
youngdo01, 1940,     1, MTL , NHL , D  ,  3.0,  0.0,   0.0,   0.0,   4.0,      ,     ,     ,     ,     ,     ,    ,      ,       ,      ,      ,        ,        ,        ,        ,        ,        ,        ,        ,      
youngho01, 1960,     1, DET , NHL , R/D, 29.0,  0.0,   8.0,   8.0, 108.0,      ,     ,     ,     ,     ,     ,    ,      ,   11.0,   2.0,   2.0,     4.0,    30.0,        ,        ,        ,        ,        ,     0.0,      
youngho01, 1961,     1, DET , NHL , R/D, 30.0,  0.0,   2.0,   2.0,  67.0,      ,     ,     ,     ,     ,     ,    ,      ,       ,      ,      ,        ,        ,        ,        ,        ,        ,        ,        ,      
youngho01, 1962,     1, DET , NHL , D  , 64.0,  4.0,   5.0,   9.0, 273.0,      ,     ,     ,     ,     ,     ,    ,      ,    8.0,   0.0,   2.0,     2.0,    16.0,        ,        ,        ,        ,        ,     0.0,      
youngho01, 1963,     1, CHI , NHL , D  , 39.0,  0.0,   7.0,   7.0,  99.0,      ,  0.0,     ,  0.0,     ,  0.0, 0.0,      ,       ,      ,      ,        ,        ,        ,        ,        ,        ,        ,        ,      
youngho01, 1966,     1, DET , NHL , D  , 44.0,  3.0,  14.0,  17.0, 100.0,      ,  0.0,     ,  0.0,     ,  1.0, 0.0,      ,       ,      ,      ,        ,        ,        ,        ,        ,        ,        ,        ,      
youngho01, 1967,     1, DET , NHL , D  , 62.0,  2.0,  17.0,  19.0, 112.0, 16.0 ,  0.0,     ,  0.0,     ,  0.0, 0.0,  87.0,       ,      ,      ,        ,        ,        ,        ,        ,        ,        ,        ,      
youngho01, 1968,     1, CHI , NHL , D  , 57.0,  3.0,   7.0,  10.0,  67.0, -13.0,  0.0,     ,  0.0,     ,  0.0, 0.0,  64.0,       ,      ,      ,        ,        ,        ,        ,        ,        ,        ,        ,      
youngho01, 1970,     1, VAN , NHL , D  , 11.0,  0.0,   2.0,   2.0,  25.0, -7.0 ,  0.0,     ,  0.0,     ,  0.0, 0.0,  18.0,       ,      ,      ,        ,        ,        ,        ,        ,        ,        ,        ,      
youngho01, 1974,     1, PHR , WHA , D  , 30.0,  3.0,  12.0,  15.0,  44.0, -2.0 ,  1.0,     ,  0.0,     ,     ,    ,  46.0,       ,      ,      ,        ,        ,        ,        ,        ,        ,        ,        ,      
youngho01, 1974,     2, WIJ , WHA , D  , 42.0, 13.0,  10.0,  23.0,  42.0, -9.0 ,  2.0,     ,  0.0,     ,     ,    ,  81.0,       ,      ,      ,        ,        ,        ,        ,        ,        ,        ,        ,      
youngho01, 1976,     1, PHR , WHA , D  , 26.0,  1.0,   3.0,   4.0,  23.0, -8.0 ,  0.0,     ,  0.0,     ,     ,    ,  28.0,       ,      ,      ,        ,        ,        ,        ,        ,        ,        ,        ,      
youngsc01, 1987,     1, HAR , NHL , R  ,  7.0,  0.0,   0.0,   0.0,   2.0, -6.0 ,  0.0,  0.0,  0.0,  0.0,  0.0, 0.0,   6.0,    4.0,   1.0,   0.0,     1.0,     0.0, 2.0    ,     0.0,     0.0,     0.0,     0.0,     0.0,     8.0
youngsc01, 1988,     1, HAR , NHL , R  , 76.0, 19.0,  40.0,  59.0,  27.0, -21.0,  6.0, 23.0,  0.0,  0.0,  2.0, 0.0, 203.0,    4.0,   2.0,   0.0,     2.0,     4.0, -4.0   ,     0.0,     0.0,     0.0,     0.0,     0.0,    16.0
youngsc01, 1989,     1, HAR , NHL , R  , 80.0, 24.0,  40.0,  64.0,  47.0, -24.0, 10.0, 24.0,  2.0,  1.0,  5.0, 0.0, 239.0,    7.0,   2.0,   0.0,     2.0,     2.0, -2.0   ,     0.0,     0.0,     0.0,     0.0,     0.0,    15.0
youngsc01, 1990,     1, HAR , NHL , R  , 34.0,  6.0,   9.0,  15.0,   8.0, -9.0 ,  3.0,  3.0,  1.0,  0.0,  2.0, 0.0,  94.0,       ,      ,      ,        ,        ,        ,        ,        ,        ,        ,        ,      
youngsc01, 1990,     2, PIT , NHL , R  , 43.0, 11.0,  16.0,  27.0,  33.0, 3.0  ,  3.0,  6.0,  1.0,  1.0,  3.0, 0.0, 116.0,   17.0,   1.0,   6.0,     7.0,     2.0, 1.0    ,     1.0,     4.0,     0.0,     0.0,     0.0,    21.0
youngsc01, 1992,     1, QUE , NHL , R  , 82.0, 30.0,  30.0,  60.0,  20.0, 5.0  ,  9.0, 17.0,  6.0,  0.0,  5.0, 0.0, 225.0,    6.0,   4.0,   1.0,     5.0,     0.0, 5.0    ,     0.0,     1.0,     0.0,     0.0,     2.0,    23.0
youngsc01, 1993,     1, QUE , NHL , R  , 76.0, 26.0,  25.0,  51.0,  14.0, -4.0 ,  6.0, 11.0,  1.0,  0.0,  1.0, 0.0, 236.0,       ,      ,      ,        ,        ,        ,        ,        ,        ,        ,        ,      
youngsc01, 1994,     1, QUE , NHL , R  , 48.0, 18.0,  21.0,  39.0,  14.0, 9.0  ,  3.0,  9.0,  3.0,  0.0,  0.0, 0.0, 167.0,    6.0,   3.0,   3.0,     6.0,     2.0, 3.0    ,     0.0,     1.0,     1.0,     0.0,     0.0,    12.0
youngsc01, 1995,     1, COL , NHL , R  , 81.0, 21.0,  39.0,  60.0,  50.0, 2.0  ,  7.0, 11.0,  0.0,  1.0,  5.0, 0.0, 229.0,   22.0,   3.0,  12.0,    15.0,    10.0, 6.0    ,     0.0,     6.0,     0.0,     0.0,     0.0,    61.0
youngsc01, 1996,     1, COL , NHL , R  , 72.0, 18.0,  19.0,  37.0,  14.0, -5.0 ,  7.0, 13.0,  0.0,  0.0,  0.0, 0.0, 164.0,   17.0,   4.0,   2.0,     6.0,    14.0, -1.0   ,     2.0,     1.0,     0.0,     0.0,     0.0,    21.0
youngsc01, 1997,     1, ANA , NHL , R  , 73.0, 13.0,  20.0,  33.0,  22.0, -13.0,  4.0,  9.0,  2.0,  1.0,  1.0, 0.0, 187.0,       ,      ,      ,        ,        ,        ,        ,        ,        ,        ,        ,      
youngsc01, 1998,     1, STL , NHL , R  , 75.0, 24.0,  28.0,  52.0,  27.0, 8.0  ,  8.0, 11.0,  0.0,  0.0,  4.0, 0.0, 205.0,   13.0,   4.0,   7.0,    11.0,    10.0, 2.0    ,     1.0,     5.0,     0.0,     0.0,     1.0,    40.0
youngsc01, 1999,     1, STL , NHL , R  , 75.0, 24.0,  15.0,  39.0,  18.0, 12.0 ,  6.0,  8.0,  1.0,  0.0,  7.0, 1.0, 244.0,    6.0,   6.0,   2.0,     8.0,     8.0, 1.0    ,     3.0,     2.0,     0.0,     0.0,     0.0,    15.0
youngsc01, 2000,     1, STL , NHL , R  , 81.0, 40.0,  33.0,  73.0,  30.0, 15.0 , 14.0, 16.0,  3.0,  1.0,  7.0, 1.0, 321.0,   15.0,   6.0,   7.0,    13.0,     2.0, 9.0    ,     0.0,     2.0,     2.0,     1.0,     3.0,    52.0
youngsc01, 2001,     1, STL , NHL , R  , 67.0, 19.0,  22.0,  41.0,  26.0, 11.0 ,  5.0,  6.0,  0.0,  0.0,  1.0, 0.0, 210.0,   10.0,   3.0,   0.0,     3.0,     2.0, -1.0   ,     1.0,     0.0,     1.0,     0.0,     0.0,    22.0
youngsc01, 2002,     1, DAL , NHL , R  , 79.0, 23.0,  19.0,  42.0,  30.0, 24.0 ,  5.0,  4.0,  1.0,  0.0,  4.0, 1.0, 237.0,   10.0,   4.0,   3.0,     7.0,     6.0, 5.0    ,     2.0,     0.0,     0.0,     0.0,     1.0,    32.0
youngsc01, 2003,     1, DAL , NHL , R  , 53.0,  8.0,   8.0,  16.0,  14.0, -15.0,  2.0,  5.0,  0.0,  0.0,  2.0, 0.0, 134.0,    4.0,   1.0,   0.0,     1.0,     2.0, 1.0    ,     1.0,     0.0,     0.0,     0.0,     0.0,     9.0
youngsc01, 2005,     1, STL , NHL , R  , 79.0, 18.0,  31.0,  49.0,  52.0, -32.0, 10.0, 23.0,  0.0,  0.0,  1.0,    , 284.0,       ,      ,      ,        ,        ,        ,        ,        ,        ,        ,        ,      
youngti01, 1975,     1, MNS , NHL , C  , 63.0, 18.0,  33.0,  51.0,  71.0, -10.0,  5.0,     ,  0.0,     ,  2.0, 2.0, 127.0,       ,      ,      ,        ,        ,        ,        ,        ,        ,        ,        ,      
youngti01, 1976,     1, MNS , NHL , C  , 80.0, 29.0,  66.0,  95.0,  58.0, -32.0, 10.0,     ,  0.0,     ,  2.0, 3.0, 223.0,    2.0,   1.0,   1.0,     2.0,     2.0,        ,     0.0,        ,     0.0,        ,     0.0,      
youngti01, 1977,     1, MNS , NHL , C  , 78.0, 23.0,  35.0,  58.0,  64.0, -37.0,  5.0,     ,  0.0,     ,  2.0, 0.0, 217.0,       ,      ,      ,        ,        ,        ,        ,        ,        ,        ,        ,      
youngti01, 1978,     1, MNS , NHL , C  , 73.0, 24.0,  32.0,  56.0,  46.0, -12.0,  8.0,     ,  0.0,     ,  5.0, 1.0, 147.0,       ,      ,      ,        ,        ,        ,        ,        ,        ,        ,        ,      
youngti01, 1979,     1, MNS , NHL , C  , 77.0, 31.0,  43.0,  74.0,  24.0, 14.0 ,  5.0,     ,  2.0,     ,  5.0, 0.0, 220.0,   15.0,   2.0,   5.0,     7.0,     4.0,        ,     1.0,        ,     1.0,        ,     0.0,      
youngti01, 1980,     1, MNS , NHL , C  , 74.0, 25.0,  41.0,  66.0,  40.0, 6.0  , 10.0,     ,  0.0,     ,  4.0, 3.0, 214.0,   12.0,   3.0,  14.0,    17.0,     9.0,        ,     0.0,        ,     0.0,        ,     1.0,      
youngti01, 1981,     1, MNS , NHL , C  , 49.0, 10.0,  31.0,  41.0,  67.0, 0.0  ,  1.0,     ,  0.0,     ,  1.0, 1.0, 125.0,    4.0,   1.0,   1.0,     2.0,    10.0,        ,     0.0,        ,     0.0,        ,     0.0,      
youngti01, 1982,     1, MNS , NHL , C  , 70.0, 18.0,  35.0,  53.0,  31.0, -1.0 ,  6.0,     ,  2.0,     ,  2.0, 2.0, 152.0,    2.0,   0.0,   2.0,     2.0,     2.0,        ,     0.0,        ,     0.0,        ,     0.0,      
youngti01, 1983,     1, WIN , NHL , C  , 44.0, 15.0,  19.0,  34.0,  25.0, -11.0,  3.0,     ,  0.0,     ,  0.0, 0.0,  77.0,    1.0,   0.0,   1.0,     1.0,     0.0, -4.0   ,     0.0,        ,     0.0,        ,     0.0,     2.0
youngti01, 1984,     1, PHI , NHL , C  , 20.0,  2.0,   6.0,   8.0,  12.0, 2.0  ,  0.0,     ,  0.0,     ,  1.0, 0.0,  25.0,       ,      ,      ,        ,        ,        ,        ,        ,        ,        ,        ,      
youngto01, 1976,     1, MNS , NHL , R  , 78.0,  8.0,   6.0,  14.0,  35.0, -11.0,  1.0,     ,  3.0,     ,  0.0, 0.0,  54.0,    2.0,   0.0,   0.0,     0.0,     0.0,        ,     0.0,        ,     0.0,        ,     0.0,      
youngto01, 1977,     1, MNS , NHL , R  , 72.0, 10.0,   8.0,  18.0, 100.0, -10.0,  1.0,     ,  0.0,     ,  0.0, 0.0,  71.0,       ,      ,      ,        ,        ,        ,        ,        ,        ,        ,        ,      
youngto01, 1978,     1, MNS , NHL , R  , 76.0,  8.0,  10.0,  18.0,  50.0, -23.0,  0.0,     ,  0.0,     ,  1.0, 0.0,  70.0,       ,      ,      ,        ,        ,        ,        ,        ,        ,        ,        ,      
youngto01, 1979,     1, MNS , NHL , R  , 79.0, 10.0,   6.0,  16.0,  92.0, -3.0 ,  0.0,     ,  1.0,     ,  0.0, 0.0,  79.0,   15.0,   2.0,   1.0,     3.0,    17.0,        ,     0.0,        ,     2.0,        ,     0.0,      
youngto01, 1980,     1, MNS , NHL , R  , 74.0,  4.0,   6.0,  10.0,  79.0, -8.0 ,  1.0,     ,  1.0,     ,  2.0, 0.0,  55.0,    5.0,   0.0,   0.0,     0.0,     4.0,        ,     0.0,        ,     0.0,        ,     0.0,      
youngto01, 1981,     1, MNS , NHL , R  ,  3.0,  1.0,   0.0,   1.0,   0.0, 1.0  ,  0.0,     ,  1.0,     ,  0.0, 1.0,   2.0,       ,      ,      ,        ,        ,        ,        ,        ,        ,        ,        ,      
youngto01, 1981,     2, NYR , NHL , R  , 47.0,  3.0,   5.0,   8.0,  17.0, 0.0  ,  0.0,     ,  0.0,     ,  0.0, 0.0,  37.0,    2.0,   0.0,   0.0,     0.0,     0.0,        ,     0.0,        ,     0.0,        ,     0.0,      
youngwa01, 1981,     1, MNS , NHL , C  ,  1.0,  0.0,   0.0,   0.0,   0.0, -3.0 ,  0.0,     ,  0.0,     ,  0.0, 0.0,   0.0,       ,      ,      ,        ,        ,        ,        ,        ,        ,        ,        ,      
youngwa01, 1982,     1, MNS , NHL , C  ,  4.0,  1.0,   1.0,   2.0,   0.0, 0.0  ,  0.0,     ,  0.0,     ,  0.0, 0.0,   2.0,       ,      ,      ,        ,        ,        ,        ,        ,        ,        ,        ,      
youngwa01, 1983,     1, PIT , NHL , C  , 15.0,  1.0,   7.0,   8.0,  19.0, -2.0 ,  0.0,     ,  0.0,     ,  0.0, 0.0,  12.0,       ,      ,      ,        ,        ,        ,        ,        ,        ,        ,        ,      
youngwa01, 1984,     1, PIT , NHL , L  , 80.0, 40.0,  32.0,  72.0, 174.0, -20.0,  9.0,     ,  0.0,     ,  3.0, 1.0, 130.0,       ,      ,      ,        ,        ,        ,        ,        ,        ,        ,        ,      
youngwa01, 1985,     1, DET , NHL , L  , 79.0, 22.0,  24.0,  46.0, 161.0, -34.0,  9.0,     ,  0.0,     ,  1.0, 0.0,  95.0,       ,      ,      ,        ,        ,        ,        ,        ,        ,        ,        ,      
youngwa01, 1986,     1, PIT , NHL , L  , 50.0,  8.0,  13.0,  21.0, 103.0, -5.0 ,  3.0,     ,  0.0,     ,  1.0, 1.0,  52.0,       ,      ,      ,        ,        ,        ,        ,        ,        ,        ,        ,      
youngwa01, 1987,     1, PIT , NHL , L  ,  7.0,  0.0,   0.0,   0.0,  15.0, -4.0 ,  0.0,  0.0,  0.0,  0.0,  0.0, 0.0,   3.0,       ,      ,      ,        ,        ,        ,        ,        ,        ,        ,        ,      
youngwe01, 1985,     1, VAN , NHL , G  , 22.0,  0.0,   0.0,   0.0,   0.0, 0.0  ,  0.0,     ,  0.0,     ,  0.0, 0.0,   0.0,    1.0,   0.0,   1.0,     1.0,     0.0, 0.0    ,     0.0,        ,     0.0,        ,     0.0,     0.0
youngwe01, 1986,     1, VAN , NHL , G  ,  8.0,  0.0,   1.0,   1.0,   0.0, 0.0  ,  0.0,     ,  0.0,     ,  0.0, 0.0,   0.0,       ,      ,      ,        ,        ,        ,        ,        ,        ,        ,        ,      
youngwe01, 1987,     1, PHI , NHL , G  ,  6.0,  0.0,   0.0,   0.0,   0.0, 0.0  ,  0.0,  0.0,  0.0,  0.0,  0.0, 0.0,   0.0,       ,      ,      ,        ,        ,        ,        ,        ,        ,        ,        ,      
youngwe01, 1988,     1, PIT , NHL , G  , 22.0,  0.0,   2.0,   2.0,   4.0, 0.0  ,  0.0,     ,  0.0,     ,  0.0, 0.0,   0.0,    1.0,   0.0,   0.0,     0.0,    10.0, 0.0    ,     0.0,     0.0,     0.0,     0.0,     0.0,     0.0
youngwe01, 1989,     1, PIT , NHL , G  , 43.0,  0.0,   4.0,   4.0,   8.0, 0.0  ,  0.0,     ,  0.0,     ,  0.0, 0.0,   0.0,       ,      ,      ,        ,        ,        ,        ,        ,        ,        ,        ,      
youngwe01, 1990,     1, PIT , NHL , G  , 18.0,  0.0,   1.0,   1.0,   0.0, 0.0  ,  0.0,     ,  0.0,     ,  0.0, 0.0,   0.0,       ,      ,      ,        ,        ,        ,        ,        ,        ,        ,        ,      
youngwe01, 1991,     1, PIT , NHL , G  , 18.0,  0.0,   0.0,   0.0,   0.0, 0.0  ,  0.0,  0.0,  0.0,  0.0,  0.0, 0.0,   0.0,       ,      ,      ,        ,        ,        ,        ,        ,        ,        ,        ,      
youngwe01, 1992,     1, TBL , NHL , G  , 31.0,  0.0,   2.0,   2.0,   2.0, 0.0  ,  0.0,  0.0,  0.0,  0.0,  0.0, 0.0,   0.0,       ,      ,      ,        ,        ,        ,        ,        ,        ,        ,        ,      
youngwe01, 1993,     1, TBL , NHL , G  ,  9.0,  0.0,   0.0,   0.0,   4.0, 0.0  ,  0.0,  0.0,  0.0,  0.0,  0.0, 0.0,   0.0,       ,      ,      ,        ,        ,        ,        ,        ,        ,        ,        ,      
youngwe01, 1994,     1, PIT , NHL , G  , 10.0,  0.0,   0.0,   0.0,   2.0, 0.0  ,  0.0,  0.0,  0.0,  0.0,  0.0, 0.0,   0.0,       ,      ,      ,        ,        ,        ,        ,        ,        ,        ,        ,      
ysebapa01, 1988,     1, NJD , NHL , C  ,  5.0,  0.0,   4.0,   4.0,   0.0, 2.0  ,  0.0,  2.0,  0.0,  0.0,  0.0, 0.0,   4.0,       ,      ,      ,        ,        ,        ,        ,        ,        ,        ,        ,      
ysebapa01, 1989,     1, NJD , NHL , C  ,  5.0,  1.0,   2.0,   3.0,   0.0, 0.0  ,  0.0,  0.0,  0.0,  0.0,  0.0, 0.0,   6.0,       ,      ,      ,        ,        ,        ,        ,        ,        ,        ,        ,      
ysebapa01, 1990,     1, NJD , NHL , L  , 11.0,  4.0,   3.0,   7.0,   6.0, 1.0  ,  1.0,     ,  0.0,     ,  0.0, 0.0,  14.0,       ,      ,      ,        ,        ,        ,        ,        ,        ,        ,        ,      
ysebapa01, 1990,     2, DET , NHL , L  , 51.0, 15.0,  18.0,  33.0,  16.0, -8.0 ,  5.0,     ,  0.0,     ,  1.0, 0.0, 114.0,    2.0,   0.0,   2.0,     2.0,     0.0, 2.0    ,     0.0,     1.0,     0.0,     0.0,     0.0,     5.0
ysebapa01, 1991,     1, DET , NHL , L  , 79.0, 35.0,  40.0,  75.0,  55.0, 44.0 ,  3.0, 14.0,  4.0,  2.0,  3.0, 1.0, 211.0,   10.0,   1.0,   0.0,     1.0,    10.0, -1.0   ,     0.0,     0.0,     0.0,     0.0,     0.0,    24.0
ysebapa01, 1992,     1, DET , NHL , L  , 80.0, 34.0,  28.0,  62.0,  42.0, 19.0 ,  3.0,  5.0,  3.0,  1.0,  8.0, 1.0, 186.0,    7.0,   3.0,   1.0,     4.0,     2.0, 2.0    ,     0.0,     0.0,     1.0,     0.0,     1.0,    11.0
ysebapa01, 1993,     1, WIN , NHL , C  , 60.0,  9.0,  18.0,  27.0,  18.0, -8.0 ,  1.0,  7.0,  0.0,  0.0,  0.0, 0.0, 120.0,       ,      ,      ,        ,        ,        ,        ,        ,        ,        ,        ,      
ysebapa01, 1993,     2, CHI , NHL , C  , 11.0,  5.0,   3.0,   8.0,   8.0, 1.0  ,  2.0,  2.0,  0.0,  0.0,  1.0, 0.0,  31.0,    6.0,   0.0,   0.0,     0.0,     8.0, -2.0   ,     0.0,     0.0,     0.0,     0.0,     0.0,     9.0
ysebapa01, 1994,     1, CHI , NHL , L  , 15.0,  4.0,   5.0,   9.0,   6.0, 4.0  ,  0.0,  0.0,  0.0,  0.0,  1.0, 0.0,  23.0,       ,      ,      ,        ,        ,        ,        ,        ,        ,        ,        ,      
ysebapa01, 1994,     2, TBL , NHL , L  , 29.0,  8.0,  11.0,  19.0,  12.0, -1.0 ,  0.0,  2.0,  0.0,  0.0,  0.0, 0.0,  70.0,       ,      ,      ,        ,        ,        ,        ,        ,        ,        ,        ,      
ysebapa01, 1995,     1, TBL , NHL , L  , 55.0, 16.0,  15.0,  31.0,  16.0, -19.0,  4.0,  6.0,  1.0,  0.0,  1.0, 0.0, 135.0,    5.0,   0.0,   0.0,     0.0,     0.0, -6.0   ,     0.0,     0.0,     0.0,     0.0,     0.0,     4.0
ysebapa01, 1996,     1, TBL , NHL , L  , 39.0,  5.0,  12.0,  17.0,   4.0, 1.0  ,  2.0,  2.0,  0.0,  0.0,  0.0, 0.0,  91.0,       ,      ,      ,        ,        ,        ,        ,        ,        ,        ,        ,      
ysebapa01, 1997,     1, TBL , NHL , C  , 82.0, 13.0,  27.0,  40.0,  32.0, -43.0,  2.0, 13.0,  1.0,  2.0,  0.0, 0.0, 145.0,       ,      ,      ,        ,        ,        ,        ,        ,        ,        ,        ,      
ysebapa01, 1998,     1, TBL , NHL , C  , 10.0,  0.0,   1.0,   1.0,   2.0, -5.0 ,  0.0,  0.0,  0.0,  0.0,  0.0, 0.0,  10.0,       ,      ,      ,        ,        ,        ,        ,        ,        ,        ,        ,      
yushkdm01, 1992,     1, PHI , NHL , D  , 82.0,  5.0,  27.0,  32.0,  71.0, 12.0 ,  1.0,  1.0,  0.0,  0.0,  1.0, 0.0, 155.0,       ,      ,      ,        ,        ,        ,        ,        ,        ,        ,        ,      
yushkdm01, 1993,     1, PHI , NHL , D  , 75.0,  5.0,  25.0,  30.0,  86.0, -8.0 ,  1.0,  3.0,  0.0,  2.0,  2.0, 0.0, 136.0,       ,      ,      ,        ,        ,        ,        ,        ,        ,        ,        ,      
yushkdm01, 1994,     1, PHI , NHL , D  , 40.0,  5.0,   9.0,  14.0,  47.0, -4.0 ,  3.0,  0.0,  1.0,  0.0,  1.0, 0.0,  80.0,   15.0,   1.0,   5.0,     6.0,    12.0, -2.0   ,     0.0,     3.0,     0.0,     1.0,     0.0,    25.0
yushkdm01, 1995,     1, TOR , NHL , D  , 69.0,  1.0,  10.0,  11.0,  54.0, -14.0,  1.0,  2.0,  0.0,  1.0,  0.0, 0.0,  96.0,    4.0,   0.0,   0.0,     0.0,     0.0, 1.0    ,     0.0,     0.0,     0.0,     0.0,     0.0,     3.0
yushkdm01, 1996,     1, TOR , NHL , D  , 74.0,  4.0,  10.0,  14.0,  56.0, -24.0,  1.0,  1.0,  1.0,  0.0,  1.0, 0.0,  99.0,       ,      ,      ,        ,        ,        ,        ,        ,        ,        ,        ,      
yushkdm01, 1997,     1, TOR , NHL , D  , 72.0,  0.0,  12.0,  12.0,  78.0, -13.0,  0.0,  4.0,  0.0,  0.0,  0.0, 0.0,  92.0,       ,      ,      ,        ,        ,        ,        ,        ,        ,        ,        ,      
yushkdm01, 1998,     1, TOR , NHL , D  , 78.0,  6.0,  22.0,  28.0,  88.0, 25.0 ,  2.0,  7.0,  1.0,  1.0,  0.0, 0.0,  95.0,   17.0,   1.0,   5.0,     6.0,    22.0, 7.0    ,     1.0,     2.0,     0.0,     0.0,     0.0,    17.0
yushkdm01, 1999,     1, TOR , NHL , D  , 77.0,  3.0,  24.0,  27.0,  55.0, 2.0  ,  2.0,  3.0,  1.0,  1.0,  1.0, 0.0, 103.0,   12.0,   1.0,   1.0,     2.0,     4.0, 4.0    ,     0.0,     0.0,     0.0,     0.0,     0.0,    19.0
yushkdm01, 2000,     1, TOR , NHL , D  , 81.0,  5.0,  19.0,  24.0,  52.0, -2.0 ,  1.0,  7.0,  0.0,  0.0,  0.0, 1.0, 110.0,   11.0,   0.0,   4.0,     4.0,    12.0, -4.0   ,     0.0,     2.0,     0.0,     0.0,     0.0,    10.0
yushkdm01, 2001,     1, TOR , NHL , D  , 55.0,  6.0,  13.0,  19.0,  26.0, 14.0 ,  3.0,  2.0,  0.0,  1.0,  0.0, 0.0,  79.0,       ,      ,      ,        ,        ,        ,        ,        ,        ,        ,        ,      
yushkdm01, 2002,     1, FLO , NHL , D  , 23.0,  1.0,   6.0,   7.0,  14.0, -12.0,  0.0,  3.0,  0.0,  0.0,  0.0, 0.0,  23.0,       ,      ,      ,        ,        ,        ,        ,        ,        ,        ,        ,      
yushkdm01, 2002,     2, LAK , NHL , D  , 42.0,  0.0,   3.0,   3.0,  24.0, -4.0 ,  0.0,  0.0,  0.0,  1.0,  0.0, 0.0,  36.0,       ,      ,      ,        ,        ,        ,        ,        ,        ,        ,        ,      
yushkdm01, 2002,     3, PHI , NHL , D  , 18.0,  2.0,   2.0,   4.0,   8.0, 7.0  ,  0.0,  0.0,  0.0,  0.0,  0.0, 0.0,  16.0,   13.0,   1.0,   4.0,     5.0,     2.0, 7.0    ,     0.0,     0.0,     0.0,     0.0,     1.0,    16.0
yzermst01, 1983,     1, DET , NHL , C  , 80.0, 39.0,  48.0,  87.0,  33.0, -17.0, 13.0,     ,  0.0,     ,  2.0, 1.0, 177.0,    4.0,   3.0,   3.0,     6.0,     0.0, 1.0    ,     1.0,        ,     0.0,        ,     1.0,     9.0
yzermst01, 1984,     1, DET , NHL , C  , 80.0, 30.0,  59.0,  89.0,  58.0, -17.0,  9.0,     ,  0.0,     ,  3.0, 0.0, 231.0,    3.0,   2.0,   1.0,     3.0,     2.0, -5.0   ,     0.0,        ,     0.0,        ,     0.0,    11.0
yzermst01, 1985,     1, DET , NHL , C  , 51.0, 14.0,  28.0,  42.0,  16.0, -24.0,  3.0,     ,  0.0,     ,  3.0, 0.0, 132.0,       ,      ,      ,        ,        ,        ,        ,        ,        ,        ,        ,      
yzermst01, 1986,     1, DET , NHL , C  , 80.0, 31.0,  59.0,  90.0,  43.0, -1.0 ,  9.0,     ,  1.0,     ,  2.0, 1.0, 217.0,   16.0,   5.0,  13.0,    18.0,     8.0, -2.0   ,     1.0,        ,     0.0,        ,     0.0,    41.0
yzermst01, 1987,     1, DET , NHL , C  , 64.0, 50.0,  52.0, 102.0,  44.0, 30.0 , 10.0, 24.0,  6.0,  1.0,  6.0, 0.0, 242.0,    3.0,   1.0,   3.0,     4.0,     6.0, -3.0   ,     0.0,     2.0,     0.0,     0.0,     0.0,    12.0
yzermst01, 1988,     1, DET , NHL , C  , 80.0, 65.0,  90.0, 155.0,  61.0, 17.0 , 17.0, 29.0,  3.0,  5.0,  7.0, 2.0, 388.0,    6.0,   5.0,   5.0,    10.0,     2.0, -7.0   ,     2.0,     3.0,     0.0,     0.0,     0.0,    35.0
yzermst01, 1989,     1, DET , NHL , C  , 79.0, 62.0,  65.0, 127.0,  79.0, -6.0 , 16.0, 21.0,  7.0,  4.0,  8.0, 2.0, 332.0,       ,      ,      ,        ,        ,        ,        ,        ,        ,        ,        ,      
yzermst01, 1990,     1, DET , NHL , C  , 80.0, 51.0,  57.0, 108.0,  34.0, -2.0 , 12.0, 21.0,  6.0,  1.0,  4.0, 1.0, 326.0,    7.0,   3.0,   3.0,     6.0,     4.0, -1.0   ,     1.0,     1.0,     0.0,     1.0,     0.0,    27.0
yzermst01, 1991,     1, DET , NHL , C  , 79.0, 45.0,  58.0, 103.0,  64.0, 26.0 ,  9.0, 18.0,  8.0,  2.0,  9.0, 0.0, 295.0,   11.0,   3.0,   5.0,     8.0,    12.0, -3.0   ,     0.0,     3.0,     1.0,     1.0,     1.0,    48.0
yzermst01, 1992,     1, DET , NHL , C  , 84.0, 58.0,  79.0, 137.0,  44.0, 33.0 , 13.0, 28.0,  7.0,  2.0,  6.0, 0.0, 307.0,    7.0,   4.0,   3.0,     7.0,     4.0, -4.0   ,     1.0,     2.0,     1.0,     0.0,     1.0,    24.0
yzermst01, 1993,     1, DET , NHL , L  , 58.0, 24.0,  58.0,  82.0,  36.0, 11.0 ,  7.0, 17.0,  3.0,  3.0,  3.0, 1.0, 217.0,    3.0,   1.0,   3.0,     4.0,     0.0, 4.0    ,     0.0,     0.0,     0.0,     1.0,     0.0,     8.0
yzermst01, 1994,     1, DET , NHL , C  , 47.0, 12.0,  26.0,  38.0,  40.0, 6.0  ,  4.0, 15.0,  0.0,  0.0,  1.0, 0.0, 134.0,   15.0,   4.0,   8.0,    12.0,     0.0, -2.0   ,     2.0,     4.0,     0.0,     0.0,     1.0,    37.0
yzermst01, 1995,     1, DET , NHL , C  , 80.0, 36.0,  59.0,  95.0,  64.0, 29.0 , 16.0, 22.0,  2.0,  5.0,  8.0, 0.0, 220.0,   18.0,   8.0,  12.0,    20.0,     4.0, -1.0   ,     4.0,     7.0,     0.0,     0.0,     1.0,    52.0
yzermst01, 1996,     1, DET , NHL , L  , 81.0, 22.0,  63.0,  85.0,  78.0, 22.0 ,  8.0, 18.0,  0.0,  2.0,  3.0, 0.0, 232.0,   20.0,   7.0,   6.0,    13.0,     4.0, 3.0    ,     3.0,     2.0,     0.0,     0.0,     2.0,    65.0
yzermst01, 1997,     1, DET , NHL , C  , 75.0, 24.0,  45.0,  69.0,  46.0, 3.0  ,  6.0, 21.0,  2.0,  1.0,  0.0, 2.0, 188.0,   22.0,   6.0,  18.0,    24.0,    22.0, 10.0   ,     3.0,     5.0,     1.0,     2.0,     0.0,    65.0
yzermst01, 1998,     1, DET , NHL , C  , 80.0, 29.0,  45.0,  74.0,  42.0, 8.0  , 13.0, 11.0,  2.0,  1.0,  4.0, 0.0, 231.0,   10.0,   9.0,   4.0,    13.0,     0.0, 2.0    ,     4.0,     1.0,     0.0,     0.0,     2.0,    41.0
yzermst01, 1999,     1, DET , NHL , C  , 78.0, 35.0,  44.0,  79.0,  34.0, 28.0 , 15.0, 14.0,  2.0,  2.0,  6.0, 1.0, 234.0,    8.0,   0.0,   4.0,     4.0,     0.0, -4.0   ,     0.0,     4.0,     0.0,     0.0,     0.0,    20.0
yzermst01, 2000,     1, DET , NHL , C  , 54.0, 18.0,  34.0,  52.0,  18.0, 4.0  ,  5.0, 15.0,  0.0,  1.0,  7.0, 0.0, 155.0,    1.0,   0.0,   0.0,     0.0,     0.0, 0.0    ,     0.0,     0.0,     0.0,     0.0,     0.0,     0.0
yzermst01, 2001,     1, DET , NHL , C  , 52.0, 13.0,  35.0,  48.0,  18.0, 11.0 ,  5.0, 17.0,  1.0,  1.0,  5.0, 0.0, 104.0,   23.0,   6.0,  17.0,    23.0,    10.0, 4.0    ,     4.0,     7.0,     0.0,     2.0,     2.0,    52.0
yzermst01, 2002,     1, DET , NHL , C  , 16.0,  2.0,   6.0,   8.0,   8.0, 6.0  ,  1.0,  2.0,  0.0,  0.0,  1.0, 0.0,  13.0,    4.0,   0.0,   1.0,     1.0,     2.0, 0.0    ,     0.0,     0.0,     0.0,     0.0,     0.0,    10.0
yzermst01, 2003,     1, DET , NHL , C  , 75.0, 18.0,  33.0,  51.0,  46.0, 10.0 ,  7.0, 11.0,  0.0,  1.0,  3.0, 1.0, 141.0,   11.0,   3.0,   2.0,     5.0,     0.0, -1.0   ,     0.0,     0.0,     0.0,     1.0,     1.0,    18.0
yzermst01, 2005,     1, DET , NHL , C  , 61.0, 14.0,  20.0,  34.0,  18.0, 8.0  ,  4.0,  7.0,  0.0,  0.0,  3.0,    ,  86.0,    4.0,   0.0,   4.0,     4.0,     4.0, -2.0   ,     0.0,     2.0,     0.0,     0.0,     0.0,    10.0
zabama01 , 2009,     1, NYR , NHL , G  ,  1.0,  0.0,   0.0,   0.0,   0.0, 0.0  ,  0.0,  0.0,  0.0,  0.0,  0.0,    ,   0.0,       ,      ,      ,        ,        ,        ,        ,        ,        ,        ,        ,      
zabrali01, 1996,     1, STL , NHL , D  , 34.0,  1.0,   5.0,   6.0,  44.0, -1.0 ,  0.0,  0.0,  0.0,  0.0,  1.0, 0.0,  26.0,       ,      ,      ,        ,        ,        ,        ,        ,        ,        ,        ,      
zabrali01, 1997,     1, STL , NHL , D  ,  6.0,  0.0,   1.0,   1.0,   6.0, -3.0 ,  0.0,  1.0,  0.0,  0.0,  0.0, 0.0,   2.0,       ,      ,      ,        ,        ,        ,        ,        ,        ,        ,        ,      
zaharmi01, 1977,     1, ATF , NHL , D  , 71.0,  1.0,  19.0,  20.0,  26.0, -13.0,  0.0,     ,  0.0,     ,  0.0, 0.0,  54.0,    1.0,   0.0,   0.0,     0.0,     0.0,        ,     0.0,        ,     0.0,        ,     0.0,      
zaharmi01, 1978,     1, CHI , NHL , D  ,  1.0,  0.0,   0.0,   0.0,   0.0, 0.0  ,  0.0,     ,  0.0,     ,  0.0, 0.0,   0.0,       ,      ,      ,        ,        ,        ,        ,        ,        ,        ,        ,      
zaharmi01, 1980,     1, CHI , NHL , D  , 42.0,  3.0,  11.0,  14.0,  40.0, 22.0 ,  0.0,     ,  0.0,     ,  1.0, 0.0,  58.0,    2.0,   0.0,   0.0,     0.0,     0.0,        ,     0.0,        ,     0.0,        ,     0.0,      
zaharmi01, 1981,     1, CHI , NHL , D  , 15.0,  1.0,   2.0,   3.0,  18.0, -1.0 ,  0.0,     ,  0.0,     ,  0.0, 0.0,  20.0,       ,      ,      ,        ,        ,        ,        ,        ,        ,        ,        ,      
zainero01, 1970,     1, PIT , NHL , C  , 37.0,  8.0,   5.0,  13.0,  21.0, -8.0 ,  2.0,     ,  0.0,     ,  0.0, 1.0,  34.0,       ,      ,      ,        ,        ,        ,        ,        ,        ,        ,        ,      
zainero01, 1971,     1, BUF , NHL , C  , 24.0,  2.0,   1.0,   3.0,   4.0, -14.0,  0.0,     ,  0.0,     ,  1.0, 0.0,  23.0,       ,      ,      ,        ,        ,        ,        ,        ,        ,        ,        ,      
zainero01, 1972,     1, CHC , WHA , C  , 74.0,  3.0,  14.0,  17.0,  25.0,      ,  0.0,     ,  0.0,     ,     ,    ,      ,       ,      ,      ,        ,        ,        ,        ,        ,        ,        ,        ,      
zainero01, 1973,     1, CHC , WHA , C  , 77.0,  5.0,  13.0,  18.0,  17.0,      ,  0.0,     ,  1.0,     ,  0.0,    ,      ,   18.0,   2.0,   1.0,     3.0,     2.0,        ,        ,        ,        ,        ,     0.0,      
zainero01, 1974,     1, CHC , WHA , C  , 68.0,  3.0,   6.0,   9.0,  16.0, -6.0 ,  0.0,     ,  1.0,     ,     ,    ,  28.0,       ,      ,      ,        ,        ,        ,        ,        ,        ,        ,        ,      
zajactr01, 2006,     1, NJD , NHL , C  , 80.0, 17.0,  25.0,  42.0,  16.0, 1.0  ,  6.0,  6.0,  0.0,  0.0,  2.0,    , 134.0,   11.0,   1.0,   4.0,     5.0,     4.0, 4.0    ,     0.0,     1.0,     0.0,     0.0,     0.0,    18.0
zajactr01, 2007,     1, NJD , NHL , C  , 82.0, 14.0,  20.0,  34.0,  31.0, -11.0,  5.0,  9.0,  0.0,  0.0,  1.0,    , 155.0,    5.0,   0.0,   1.0,     1.0,     4.0, 0.0    ,     0.0,     0.0,     0.0,     0.0,     0.0,     3.0
zajactr01, 2008,     1, NJD , NHL , C  , 82.0, 20.0,  42.0,  62.0,  29.0, 33.0 ,  5.0, 10.0,  1.0,  3.0,  2.0,    , 185.0,    7.0,   1.0,   3.0,     4.0,     6.0, 0.0    ,     0.0,     0.0,     0.0,     0.0,     1.0,    11.0
zajactr01, 2009,     1, NJD , NHL , C  , 82.0, 25.0,  42.0,  67.0,  24.0, 22.0 ,  6.0, 15.0,  0.0,  1.0,  4.0,    , 210.0,    5.0,   1.0,   1.0,     2.0,     2.0, 1.0    ,     0.0,     1.0,     0.0,     0.0,     0.0,    12.0
zalapza01, 1987,     1, PIT , NHL , D  , 15.0,  3.0,   8.0,  11.0,   7.0, 10.0 ,  0.0,  4.0,  0.0,  1.0,  0.0, 0.0,  31.0,       ,      ,      ,        ,        ,        ,        ,        ,        ,        ,        ,      
zalapza01, 1988,     1, PIT , NHL , D  , 58.0, 12.0,  33.0,  45.0,  57.0, 9.0  ,  5.0, 23.0,  1.0,  0.0,  2.0, 1.0,  95.0,   11.0,   1.0,   8.0,     9.0,    13.0, -2.0   ,     1.0,     5.0,     0.0,     0.0,     0.0,    30.0
zalapza01, 1989,     1, PIT , NHL , D  , 51.0,  6.0,  25.0,  31.0,  37.0, -14.0,  5.0, 14.0,  0.0,  0.0,  2.0, 0.0,  85.0,       ,      ,      ,        ,        ,        ,        ,        ,        ,        ,        ,      
zalapza01, 1990,     1, PIT , NHL , D  , 66.0, 12.0,  36.0,  48.0,  59.0, 15.0 ,  5.0, 13.0,  1.0,  1.0,  1.0, 0.0, 135.0,       ,      ,      ,        ,        ,        ,        ,        ,        ,        ,        ,      
zalapza01, 1990,     2, HAR , NHL , D  , 11.0,  3.0,   3.0,   6.0,   6.0, -7.0 ,  3.0,  2.0,  0.0,  0.0,  0.0, 0.0,  21.0,    6.0,   1.0,   3.0,     4.0,     8.0, -3.0   ,     0.0,     3.0,     0.0,     0.0,     1.0,    17.0
zalapza01, 1991,     1, HAR , NHL , D  , 79.0, 20.0,  37.0,  57.0, 120.0, -7.0 ,  4.0, 20.0,  0.0,  0.0,  3.0, 1.0, 230.0,    7.0,   2.0,   3.0,     5.0,     6.0, 1.0    ,     0.0,     2.0,     0.0,     0.0,     0.0,    25.0
zalapza01, 1992,     1, HAR , NHL , D  , 83.0, 14.0,  51.0,  65.0,  94.0, -34.0,  8.0, 31.0,  1.0,  4.0,  0.0, 0.0, 192.0,       ,      ,      ,        ,        ,        ,        ,        ,        ,        ,        ,      
zalapza01, 1993,     1, HAR , NHL , D  , 56.0,  7.0,  30.0,  37.0,  56.0, -6.0 ,  0.0, 15.0,  0.0,  1.0,  0.0, 0.0, 121.0,       ,      ,      ,        ,        ,        ,        ,        ,        ,        ,        ,      
zalapza01, 1993,     2, CAL , NHL , D  , 13.0,  3.0,   7.0,  10.0,  18.0, 0.0  ,  1.0,  5.0,  0.0,  0.0,  1.0, 0.0,  35.0,    7.0,   0.0,   3.0,     3.0,     2.0, 1.0    ,     0.0,     2.0,     0.0,     0.0,     0.0,    23.0
zalapza01, 1994,     1, CAL , NHL , D  , 48.0,  4.0,  24.0,  28.0,  46.0, 9.0  ,  1.0,  6.0,  0.0,  0.0,  1.0, 0.0,  76.0,    7.0,   0.0,   4.0,     4.0,     4.0, 7.0    ,     0.0,     0.0,     0.0,     0.0,     0.0,     7.0
zalapza01, 1995,     1, CAL , NHL , D  , 80.0, 12.0,  17.0,  29.0, 115.0, 11.0 ,  5.0,  5.0,  0.0,  0.0,  1.0, 0.0, 145.0,    4.0,   0.0,   1.0,     1.0,    10.0, 1.0    ,     0.0,     0.0,     0.0,     0.0,     0.0,     5.0
zalapza01, 1996,     1, CAL , NHL , D  ,  2.0,  0.0,   0.0,   0.0,   0.0, -1.0 ,  0.0,  0.0,  0.0,  0.0,  0.0, 0.0,   7.0,       ,      ,      ,        ,        ,        ,        ,        ,        ,        ,        ,      
zalapza01, 1997,     1, CAL , NHL , D  , 35.0,  2.0,   7.0,   9.0,  41.0, -12.0,  2.0,  3.0,  0.0,  0.0,  1.0, 0.0,  46.0,       ,      ,      ,        ,        ,        ,        ,        ,        ,        ,        ,      
zalapza01, 1997,     2, MTL , NHL , D  , 28.0,  1.0,   5.0,   6.0,  22.0, -1.0 ,  0.0,  1.0,  1.0,  0.0,  0.0, 0.0,  27.0,    6.0,   0.0,   1.0,     1.0,     4.0, -3.0   ,     0.0,     0.0,     0.0,     0.0,     0.0,     0.0
zalapza01, 1999,     1, PHI , NHL , D  , 12.0,  0.0,   2.0,   2.0,   6.0, 0.0  ,  0.0,  0.0,  0.0,  0.0,  0.0, 0.0,   6.0,       ,      ,      ,        ,        ,        ,        ,        ,        ,        ,        ,      
zalesmi01, 2002,     1, SJS , NHL , R  , 10.0,  1.0,   2.0,   3.0,   0.0, -2.0 ,  0.0,  0.0,  0.0,  0.0,  0.0, 0.0,   8.0,       ,      ,      ,        ,        ,        ,        ,        ,        ,        ,        ,      
zalesmi01, 2003,     1, SJS , NHL , R  ,  2.0,  0.0,   0.0,   0.0,   0.0, -1.0 ,  0.0,  0.0,  0.0,  0.0,  0.0, 0.0,   3.0,       ,      ,      ,        ,        ,        ,        ,        ,        ,        ,        ,      
zalewst01, 2009,     1, SJS , NHL , C  ,  3.0,  0.0,   0.0,   0.0,   0.0, -2.0 ,  0.0,  0.0,  0.0,  0.0,  0.0,    ,   3.0,       ,      ,      ,        ,        ,        ,        ,        ,        ,        ,        ,      
zamunro01, 1991,     1, NYR , NHL , C  ,  9.0,  1.0,   2.0,   3.0,   2.0, 0.0  ,  0.0,  0.0,  0.0,  0.0,  0.0, 0.0,  11.0,       ,      ,      ,        ,        ,        ,        ,        ,        ,        ,        ,      
zamunro01, 1992,     1, TBL , NHL , L  , 84.0, 15.0,  28.0,  43.0,  74.0, -25.0,  1.0, 11.0,  0.0,  0.0,  0.0, 2.0, 183.0,       ,      ,      ,        ,        ,        ,        ,        ,        ,        ,        ,      
zamunro01, 1993,     1, TBL , NHL , L  , 59.0,  6.0,   6.0,  12.0,  42.0, -9.0 ,  0.0,  0.0,  0.0,  0.0,  1.0, 0.0, 109.0,       ,      ,      ,        ,        ,        ,        ,        ,        ,        ,        ,      
zamunro01, 1994,     1, TBL , NHL , L  , 43.0,  9.0,   6.0,  15.0,  24.0, -3.0 ,  0.0,  1.0,  3.0,  2.0,  1.0, 0.0,  74.0,       ,      ,      ,        ,        ,        ,        ,        ,        ,        ,        ,      
zamunro01, 1995,     1, TBL , NHL , L  , 72.0, 15.0,  20.0,  35.0,  62.0, 11.0 ,  0.0,  2.0,  3.0,  1.0,  4.0, 0.0, 152.0,    6.0,   2.0,   3.0,     5.0,    10.0, -1.0   ,     0.0,     0.0,     1.0,     0.0,     0.0,    10.0
zamunro01, 1996,     1, TBL , NHL , L  , 82.0, 17.0,  33.0,  50.0,  56.0, 3.0  ,  0.0,  0.0,  4.0,  4.0,  3.0, 0.0, 216.0,       ,      ,      ,        ,        ,        ,        ,        ,        ,        ,        ,      
zamunro01, 1997,     1, TBL , NHL , L  , 77.0, 14.0,  12.0,  26.0,  41.0, -31.0,  0.0,  2.0,  3.0,  1.0,  4.0, 1.0, 126.0,       ,      ,      ,        ,        ,        ,        ,        ,        ,        ,        ,      
zamunro01, 1998,     1, TBL , NHL , L  , 58.0,  8.0,  11.0,  19.0,  24.0, -15.0,  1.0,  1.0,  1.0,  2.0,  2.0, 0.0,  89.0,       ,      ,      ,        ,        ,        ,        ,        ,        ,        ,        ,      
zamunro01, 1999,     1, OTT , NHL , L  , 57.0,  9.0,  12.0,  21.0,  32.0, -6.0 ,  0.0,  1.0,  1.0,  0.0,  0.0, 0.0, 103.0,    6.0,   2.0,   0.0,     2.0,     2.0, 1.0    ,     0.0,     0.0,     0.0,     0.0,     1.0,     7.0
zamunro01, 2000,     1, OTT , NHL , L  , 79.0, 19.0,  18.0,  37.0,  52.0, 7.0  ,  1.0,  1.0,  2.0,  0.0,  4.0, 1.0, 123.0,    4.0,   0.0,   0.0,     0.0,     6.0, -5.0   ,     0.0,     0.0,     0.0,     0.0,     0.0,     9.0
zamunro01, 2001,     1, BOS , NHL , L  , 66.0, 12.0,  13.0,  25.0,  24.0, 6.0  ,  1.0,  0.0,  2.0,  0.0,  0.0, 0.0,  98.0,    6.0,   0.0,   2.0,     2.0,     4.0, -2.0   ,     0.0,     0.0,     0.0,     0.0,     0.0,     8.0
zamunro01, 2002,     1, BOS , NHL , L  , 55.0, 10.0,   6.0,  16.0,  18.0, 2.0  ,  3.0,  0.0,  0.0,  1.0,  1.0, 0.0,  94.0,    5.0,   0.0,   0.0,     0.0,     4.0, 0.0    ,     0.0,     0.0,     0.0,     0.0,     0.0,     9.0
zamunro01, 2003,     1, BOS , NHL , L  , 57.0,  4.0,   5.0,   9.0,  16.0, 3.0  ,  0.0,  0.0,  0.0,  0.0,  0.0, 0.0,  49.0,    7.0,   0.0,   0.0,     0.0,     0.0, -1.0   ,     0.0,     0.0,     0.0,     0.0,     0.0,     3.0
zaniemi01, 1984,     1, EDM , NHL , G  ,  3.0,  0.0,   0.0,   0.0,   0.0, 0.0  ,  0.0,     ,  0.0,     ,  0.0, 0.0,   0.0,       ,      ,      ,        ,        ,        ,        ,        ,        ,        ,        ,      
zanongr01, 2005,     1, NAS , NHL , D  ,  4.0,  0.0,   2.0,   2.0,   6.0, 0.0  ,  0.0,  0.0,  0.0,  1.0,  0.0,    ,   3.0,       ,      ,      ,        ,        ,        ,        ,        ,        ,        ,        ,      
zanongr01, 2006,     1, NAS , NHL , D  , 66.0,  3.0,   5.0,   8.0,  32.0, 16.0 ,  0.0,  0.0,  0.0,  0.0,  0.0,    ,  43.0,    5.0,   0.0,   2.0,     2.0,     2.0, -2.0   ,     0.0,     0.0,     0.0,     0.0,     0.0,     7.0
zanongr01, 2007,     1, NAS , NHL , D  , 78.0,  0.0,   5.0,   5.0,  24.0, -5.0 ,  0.0,  0.0,  0.0,  0.0,  0.0,    ,  38.0,    6.0,   0.0,   2.0,     2.0,     4.0, 2.0    ,     0.0,     0.0,     0.0,     0.0,     0.0,     1.0
zanongr01, 2008,     1, NAS , NHL , D  , 82.0,  4.0,   7.0,  11.0,  38.0, 8.0  ,  0.0,  0.0,  0.0,  1.0,  1.0,    ,  54.0,       ,      ,      ,        ,        ,        ,        ,        ,        ,        ,        ,      
zanongr01, 2009,     1, MIN , NHL , D  , 81.0,  2.0,  13.0,  15.0,  36.0, -10.0,  0.0,  0.0,  0.0,  0.0,  0.0,    ,  59.0,       ,      ,      ,        ,        ,        ,        ,        ,        ,        ,        ,      
zanusjo01, 1972,     1, WIJ , WHA , D  , 73.0,  4.0,  21.0,  25.0,  53.0,      ,  1.0,     ,  0.0,     ,     ,    ,      ,   14.0,   2.0,   5.0,     7.0,     6.0,        ,     0.0,        ,     0.0,        ,     1.0,      
zanusjo01, 1973,     1, WIJ , WHA , D  , 76.0,  3.0,  22.0,  25.0,  53.0,      ,  0.0,     ,  0.0,     ,  0.0,    ,      ,    4.0,   0.0,   0.0,     0.0,     0.0,        ,        ,        ,        ,        ,     0.0,      
zanusjo01, 1974,     1, NYR , NHL , D  ,  8.0,  0.0,   2.0,   2.0,   4.0, 5.0  ,  0.0,     ,  0.0,     ,  0.0, 0.0,   8.0,       ,      ,      ,        ,        ,        ,        ,        ,        ,        ,        ,      
zanusjo01, 1975,     1, BOS , NHL , D  , 60.0,  1.0,   7.0,   8.0,  30.0, 2.0  ,  0.0,     ,  0.0,     ,  0.0, 0.0,  77.0,    4.0,   0.0,   1.0,     1.0,     2.0,        ,     0.0,        ,     0.0,        ,     0.0,      
zanusjo01, 1976,     1, BOS , NHL , D  ,  8.0,  0.0,   1.0,   1.0,   8.0, 1.0  ,  0.0,     ,  0.0,     ,  0.0, 0.0,  12.0,       ,      ,      ,        ,        ,        ,        ,        ,        ,        ,        ,      
zanusjo01, 1976,     2, STL , NHL , D  , 11.0,  0.0,   3.0,   3.0,   4.0, -6.0 ,  0.0,     ,  0.0,     ,  0.0, 0.0,  11.0,       ,      ,      ,        ,        ,        ,        ,        ,        ,        ,        ,      
zanusro01, 1977,     1, MNS , NHL , R  , 68.0, 15.0,  17.0,  32.0,  89.0, -20.0,  4.0,     ,  0.0,     ,  2.0, 1.0,  97.0,       ,      ,      ,        ,        ,        ,        ,        ,        ,        ,        ,      
zanusro01, 1978,     1, MNS , NHL , R  , 63.0, 14.0,  16.0,  30.0,  82.0, 5.0  ,  3.0,     ,  0.0,     ,  0.0, 1.0,  98.0,       ,      ,      ,        ,        ,        ,        ,        ,        ,        ,        ,      
zanusro01, 1979,     1, MNS , NHL , R  , 72.0, 14.0,  31.0,  45.0,  93.0, 4.0  ,  2.0,     ,  0.0,     ,  3.0, 0.0, 129.0,   14.0,   0.0,   4.0,     4.0,    17.0,        ,     0.0,        ,     0.0,        ,     0.0,      
zanusro01, 1980,     1, MNS , NHL , R  , 41.0,  6.0,  11.0,  17.0,  89.0, 3.0  ,  0.0,     ,  0.0,     ,  0.0, 1.0,  43.0,       ,      ,      ,        ,        ,        ,        ,        ,        ,        ,        ,      
zanusro01, 1980,     2, TOR , NHL , R  , 12.0,  3.0,   0.0,   3.0,   6.0, -7.0 ,  0.0,     ,  0.0,     ,  0.0, 1.0,  15.0,    3.0,   0.0,   0.0,     0.0,     0.0,        ,     0.0,        ,     0.0,        ,     0.0,      
zanusro01, 1981,     1, TOR , NHL , R  , 43.0,  0.0,   8.0,   8.0,  14.0, -4.0 ,  0.0,     ,  0.0,     ,  0.0, 0.0,  25.0,       ,      ,      ,        ,        ,        ,        ,        ,        ,        ,        ,      
zavisbr01, 1993,     1, EDM , NHL , L  ,  2.0,  0.0,   0.0,   0.0,   0.0, -2.0 ,  0.0,  0.0,  0.0,  0.0,  0.0, 0.0,   1.0,       ,      ,      ,        ,        ,        ,        ,        ,        ,        ,        ,      
zedniri01, 1995,     1, WAS , NHL , L  ,  1.0,  0.0,   0.0,   0.0,   0.0, 0.0  ,  0.0,  0.0,  0.0,  0.0,  0.0, 0.0,   0.0,       ,      ,      ,        ,        ,        ,        ,        ,        ,        ,        ,      
zedniri01, 1996,     1, WAS , NHL , L  , 11.0,  2.0,   1.0,   3.0,   4.0, -5.0 ,  1.0,  0.0,  0.0,  0.0,  0.0, 0.0,  21.0,       ,      ,      ,        ,        ,        ,        ,        ,        ,        ,        ,      
zedniri01, 1997,     1, WAS , NHL , R  , 65.0, 17.0,   9.0,  26.0,  28.0, -2.0 ,  2.0,  0.0,  0.0,  0.0,  2.0, 0.0, 148.0,   17.0,   7.0,   3.0,    10.0,    16.0, 0.0    ,     2.0,     2.0,     0.0,     0.0,     0.0,    40.0
zedniri01, 1998,     1, WAS , NHL , L  , 49.0,  9.0,   8.0,  17.0,  50.0, -6.0 ,  1.0,  1.0,  0.0,  0.0,  2.0, 0.0, 115.0,       ,      ,      ,        ,        ,        ,        ,        ,        ,        ,        ,      
zedniri01, 1999,     1, WAS , NHL , L  , 69.0, 19.0,  16.0,  35.0,  54.0, 6.0  ,  1.0,  1.0,  0.0,  0.0,  2.0, 3.0, 179.0,    5.0,   0.0,   0.0,     0.0,     5.0, -1.0   ,     0.0,     0.0,     0.0,     0.0,     0.0,     9.0
zedniri01, 2000,     1, WAS , NHL , R  , 62.0, 16.0,  19.0,  35.0,  61.0, -2.0 ,  4.0,  2.0,  0.0,  0.0,  3.0, 1.0, 155.0,       ,      ,      ,        ,        ,        ,        ,        ,        ,        ,        ,      
zedniri01, 2000,     2, MTL , NHL , R  , 12.0,  3.0,   6.0,   9.0,  10.0, -2.0 ,  1.0,  1.0,  0.0,  0.0,  0.0, 0.0,  23.0,       ,      ,      ,        ,        ,        ,        ,        ,        ,        ,        ,      
zedniri01, 2001,     1, MTL , NHL , R  , 82.0, 22.0,  22.0,  44.0,  59.0, -3.0 ,  4.0,  6.0,  0.0,  0.0,  3.0, 0.0, 249.0,    4.0,   4.0,   4.0,     8.0,     6.0, 3.0    ,     2.0,     0.0,     0.0,     0.0,     0.0,    22.0
zedniri01, 2002,     1, MTL , NHL , R  , 80.0, 31.0,  19.0,  50.0,  79.0, 4.0  ,  9.0,  1.0,  0.0,  1.0,  2.0, 1.0, 250.0,       ,      ,      ,        ,        ,        ,        ,        ,        ,        ,        ,      
zedniri01, 2003,     1, MTL , NHL , L  , 81.0, 26.0,  24.0,  50.0,  63.0, 5.0  ,  7.0,  7.0,  0.0,  0.0,  9.0, 0.0, 218.0,   11.0,   3.0,   3.0,     6.0,     2.0, 7.0    ,     0.0,     0.0,     0.0,     0.0,     1.0,    32.0
zedniri01, 2005,     1, MTL , NHL , R  , 67.0, 16.0,  14.0,  30.0,  48.0, -2.0 ,  6.0,  6.0,  0.0,  0.0,  4.0,    , 161.0,    6.0,   2.0,   0.0,     2.0,     4.0, 0.0    ,     1.0,     0.0,     0.0,     0.0,     0.0,    10.0
zedniri01, 2006,     1, WAS , NHL , L  , 32.0,  6.0,  12.0,  18.0,  16.0, -4.0 ,  1.0,  5.0,  0.0,  0.0,  1.0,    ,  68.0,       ,      ,      ,        ,        ,        ,        ,        ,        ,        ,        ,      
zedniri01, 2006,     2, NYI , NHL , L  , 10.0,  1.0,   2.0,   3.0,   2.0, -2.0 ,  0.0,  0.0,  0.0,  0.0,  0.0,    ,  15.0,    5.0,   0.0,   0.0,     0.0,     8.0, -1.0   ,     0.0,     0.0,     0.0,     0.0,     0.0,     3.0
zedniri01, 2007,     1, FLO , NHL , L  , 54.0, 15.0,  11.0,  26.0,  43.0, -5.0 ,  6.0,  3.0,  0.0,  0.0,  5.0,    , 140.0,       ,      ,      ,        ,        ,        ,        ,        ,        ,        ,        ,      
zedniri01, 2008,     1, FLO , NHL , R  , 70.0, 17.0,  16.0,  33.0,  46.0, 2.0  ,  3.0,  1.0,  0.0,  1.0,  4.0,    , 153.0,       ,      ,      ,        ,        ,        ,        ,        ,        ,        ,        ,      
zehrje01 , 1999,     1, BOS , NHL , L  ,  4.0,  0.0,   0.0,   0.0,   2.0, -1.0 ,  0.0,  0.0,  0.0,  0.0,  0.0, 0.0,   3.0,       ,      ,      ,        ,        ,        ,        ,        ,        ,        ,        ,      
zeidela01, 1951,     1, DET , NHL , D  , 19.0,  1.0,   0.0,   1.0,  14.0,      ,     ,     ,     ,     ,     ,    ,      ,    5.0,   0.0,   0.0,     0.0,     0.0,        ,        ,        ,        ,        ,        ,      
zeidela01, 1952,     1, DET , NHL , D  ,  9.0,  0.0,   0.0,   0.0,   8.0,      ,     ,     ,     ,     ,     ,    ,      ,       ,      ,      ,        ,        ,        ,        ,        ,        ,        ,        ,      
zeidela01, 1953,     1, CHI , NHL , D  , 64.0,  1.0,   6.0,   7.0, 102.0,      ,     ,     ,     ,     ,     ,    ,      ,       ,      ,      ,        ,        ,        ,        ,        ,        ,        ,        ,      
zeidela01, 1967,     1, PHI , NHL , D  , 57.0,  1.0,  10.0,  11.0,  68.0, 12.0 ,  0.0,     ,  0.0,     ,  1.0, 0.0,  33.0,    7.0,   0.0,   1.0,     1.0,    12.0,        ,     0.0,        ,     0.0,        ,     0.0,      
zeidela01, 1968,     1, PHI , NHL , D  ,  9.0,  0.0,   0.0,   0.0,   6.0, -3.0 ,  0.0,     ,  0.0,     ,  0.0, 0.0,   4.0,       ,      ,      ,        ,        ,        ,        ,        ,        ,        ,        ,      
zeilejo01, 2006,     1, LAK , NHL , R  , 23.0,  1.0,   2.0,   3.0,  22.0, -2.0 ,  0.0,  0.0,  0.0,  0.0,  0.0,    ,  12.0,       ,      ,      ,        ,        ,        ,        ,        ,        ,        ,        ,      
zeilejo01, 2007,     1, LAK , NHL , R  , 36.0,  0.0,   1.0,   1.0,  23.0, -6.0 ,  0.0,  0.0,  0.0,  0.0,  0.0,    ,  18.0,       ,      ,      ,        ,        ,        ,        ,        ,        ,        ,        ,      
zeilejo01, 2008,     1, LAK , NHL , R  , 27.0,  0.0,   1.0,   1.0,  42.0, -2.0 ,  0.0,  0.0,  0.0,  0.0,  0.0,    ,   3.0,       ,      ,      ,        ,        ,        ,        ,        ,        ,        ,        ,      
zelepva01, 1991,     1, NJD , NHL , L  , 44.0, 13.0,  18.0,  31.0,  28.0, 11.0 ,  3.0,  2.0,  0.0,  0.0,  3.0, 0.0,  94.0,    4.0,   1.0,   1.0,     2.0,     2.0, 0.0    ,     0.0,     0.0,     0.0,     0.0,     0.0,     8.0
zelepva01, 1992,     1, NJD , NHL , L  , 78.0, 23.0,  41.0,  64.0,  70.0, 19.0 ,  5.0,  8.0,  1.0,  0.0,  2.0, 0.0, 174.0,    5.0,   0.0,   2.0,     2.0,     0.0, -1.0   ,     0.0,     0.0,     0.0,     0.0,     0.0,     7.0
zelepva01, 1993,     1, NJD , NHL , L  , 82.0, 26.0,  31.0,  57.0,  70.0, 36.0 ,  8.0,  4.0,  0.0,  0.0,  0.0, 0.0, 155.0,   20.0,   5.0,   2.0,     7.0,    14.0, 1.0    ,     1.0,     1.0,     0.0,     0.0,     0.0,    40.0
zelepva01, 1994,     1, NJD , NHL , L  ,  4.0,  1.0,   2.0,   3.0,   6.0, 3.0  ,  0.0,  0.0,  0.0,  0.0,  0.0, 0.0,   6.0,   18.0,   1.0,   2.0,     3.0,    12.0, 1.0    ,     0.0,     1.0,     0.0,     0.0,     1.0,    12.0
zelepva01, 1995,     1, NJD , NHL , L  , 61.0,  6.0,   9.0,  15.0, 107.0, -10.0,  3.0,  2.0,  0.0,  0.0,  1.0, 1.0,  86.0,       ,      ,      ,        ,        ,        ,        ,        ,        ,        ,        ,      
zelepva01, 1996,     1, NJD , NHL , L  , 71.0, 14.0,  24.0,  38.0,  36.0, -10.0,  3.0,  3.0,  0.0,  0.0,  2.0, 0.0, 111.0,    8.0,   3.0,   2.0,     5.0,     2.0, 3.0    ,     1.0,     0.0,     0.0,     0.0,     1.0,    13.0
zelepva01, 1997,     1, NJD , NHL , L  , 35.0,  2.0,   8.0,  10.0,  32.0, 0.0  ,  0.0,  1.0,  0.0,  0.0,  0.0, 0.0,  54.0,       ,      ,      ,        ,        ,        ,        ,        ,        ,        ,        ,      
zelepva01, 1997,     2, EDM , NHL , L  , 33.0,  2.0,  10.0,  12.0,  57.0, -2.0 ,  0.0,  4.0,  0.0,  0.0,  0.0, 0.0,  47.0,    8.0,   1.0,   2.0,     3.0,     2.0, 3.0    ,     0.0,     0.0,     0.0,     0.0,     0.0,     8.0
zelepva01, 1998,     1, PHI , NHL , L  , 74.0, 16.0,   9.0,  25.0,  48.0, 0.0  ,  0.0,  2.0,  0.0,  0.0,  5.0, 0.0, 129.0,    4.0,   1.0,   0.0,     1.0,     4.0, 1.0    ,     0.0,     0.0,     0.0,     0.0,     1.0,     5.0
zelepva01, 1999,     1, PHI , NHL , L  , 77.0, 11.0,  21.0,  32.0,  55.0, -3.0 ,  2.0,  9.0,  0.0,  0.0,  3.0, 1.0, 125.0,   18.0,   1.0,   2.0,     3.0,    12.0, 3.0    ,     1.0,     0.0,     0.0,     0.0,     0.0,    23.0
zelepva01, 2000,     1, CHI , NHL , L  , 36.0,  3.0,   4.0,   7.0,  18.0, -14.0,  0.0,  0.0,  2.0,  0.0,  0.0, 0.0,  38.0,       ,      ,      ,        ,        ,        ,        ,        ,        ,        ,        ,      
zemlari01, 1986,     1, QUE , NHL , C  , 20.0,  0.0,   2.0,   2.0,  47.0, 0.0  ,  0.0,     ,  0.0,     ,  0.0, 0.0,   2.0,       ,      ,      ,        ,        ,        ,        ,        ,        ,        ,        ,      
zemlari01, 1987,     1, MNS , NHL , R  , 54.0,  1.0,   4.0,   5.0, 307.0, -15.0,  0.0,  0.0,  0.0,  0.0,  0.0, 0.0,  19.0,       ,      ,      ,        ,        ,        ,        ,        ,        ,        ,        ,      
zemlari01, 1988,     1, MNS , NHL , R  ,  3.0,  0.0,   0.0,   0.0,  13.0, 1.0  ,  0.0,  0.0,  0.0,  0.0,  0.0, 0.0,   1.0,       ,      ,      ,        ,        ,        ,        ,        ,        ,        ,        ,      
zemlari01, 1988,     2, PIT , NHL , R  , 31.0,  0.0,   0.0,   0.0, 135.0, -4.0 ,  0.0,  0.0,  0.0,  0.0,  0.0, 0.0,   2.0,    1.0,   0.0,   0.0,     0.0,    10.0, 0.0    ,     0.0,     0.0,     0.0,     0.0,     0.0,     0.0
zemlari01, 1989,     1, PIT , NHL , R  , 19.0,  1.0,   5.0,   6.0,  43.0, -6.0 ,  1.0,  0.0,  0.0,  0.0,  0.0, 0.0,  11.0,       ,      ,      ,        ,        ,        ,        ,        ,        ,        ,        ,      
zemlari01, 1991,     1, CAL , NHL , R  ,  5.0,  0.0,   1.0,   1.0,  42.0, -2.0 ,  0.0,  0.0,  0.0,  0.0,  0.0, 0.0,   4.0,       ,      ,      ,        ,        ,        ,        ,        ,        ,        ,        ,      
zeniued01, 1954,     1, DET , NHL , D  ,  2.0,  0.0,   0.0,   0.0,   0.0,      ,     ,     ,     ,     ,     ,    ,      ,       ,      ,      ,        ,        ,        ,        ,        ,        ,        ,        ,      
zentja01 , 1996,     1, OTT , NHL , L  , 22.0,  3.0,   3.0,   6.0,   9.0, 5.0  ,  0.0,  0.0,  0.0,  0.0,  0.0, 0.0,  20.0,       ,      ,      ,        ,        ,        ,        ,        ,        ,        ,        ,      
zentja01 , 1997,     1, OTT , NHL , L  ,  3.0,  0.0,   0.0,   0.0,   4.0, 0.0  ,  0.0,  0.0,  0.0,  0.0,  0.0, 0.0,   1.0,       ,      ,      ,        ,        ,        ,        ,        ,        ,        ,        ,      
zentja01 , 1998,     1, PHI , NHL , L  ,  2.0,  0.0,   0.0,   0.0,   0.0, 0.0  ,  0.0,  0.0,  0.0,  0.0,  0.0, 0.0,   1.0,       ,      ,      ,        ,        ,        ,        ,        ,        ,        ,        ,      
zettehe01, 2002,     1, DET , NHL , L  , 79.0, 22.0,  22.0,  44.0,   8.0, 6.0  ,  5.0,  5.0,  1.0,  0.0,  4.0, 0.0, 135.0,    4.0,   1.0,   0.0,     1.0,     0.0, -4.0   ,     0.0,     0.0,     0.0,     0.0,     0.0,    10.0
zettehe01, 2003,     1, DET , NHL , L  , 61.0, 15.0,  28.0,  43.0,  14.0, 15.0 ,  7.0,  6.0,  1.0,  3.0,  2.0, 1.0, 137.0,   12.0,   2.0,   2.0,     4.0,     4.0, 0.0    ,     0.0,     0.0,     0.0,     0.0,     0.0,    23.0
zettehe01, 2005,     1, DET , NHL , L  , 77.0, 39.0,  46.0,  85.0,  30.0, 29.0 , 17.0, 18.0,  1.0,  0.0,  9.0,    , 270.0,    6.0,   6.0,   0.0,     6.0,     2.0, -2.0   ,     4.0,     0.0,     0.0,     0.0,     0.0,    23.0
zettehe01, 2006,     1, DET , NHL , L  , 63.0, 33.0,  35.0,  68.0,  36.0, 26.0 , 11.0, 13.0,  1.0,  2.0, 10.0,    , 224.0,   18.0,   6.0,   8.0,    14.0,    12.0, 1.0    ,     3.0,     6.0,     0.0,     0.0,     1.0,    78.0
zettehe01, 2007,     1, DET , NHL , L  , 75.0, 43.0,  49.0,  92.0,  34.0, 30.0 , 16.0, 20.0,  1.0,  0.0,  7.0,    , 358.0,   22.0,  13.0,  14.0,    27.0,    16.0, 16.0   ,     4.0,     6.0,     2.0,     3.0,     4.0,   116.0
zettehe01, 2008,     1, DET , NHL , C  , 77.0, 31.0,  42.0,  73.0,  36.0, 13.0 , 12.0, 18.0,  2.0,  0.0,  5.0,    , 309.0,   23.0,  11.0,  13.0,    24.0,    13.0, 13.0   ,     4.0,     4.0,     0.0,     0.0,     0.0,    82.0
zettehe01, 2009,     1, DET , NHL , L  , 74.0, 23.0,  47.0,  70.0,  26.0, 12.0 ,  3.0, 19.0,  0.0,  1.0,  6.0,    , 309.0,   12.0,   7.0,   8.0,    15.0,     6.0, 11.0   ,     2.0,     3.0,     0.0,     0.0,     2.0,    45.0
zettela01, 1978,     1, VAN , NHL , D  , 14.0,  0.0,   1.0,   1.0,   2.0, -10.0,  0.0,     ,  0.0,     ,  0.0, 0.0,  12.0,       ,      ,      ,        ,        ,        ,        ,        ,        ,        ,        ,      
zettlro01, 1988,     1, MNS , NHL , D  ,  2.0,  0.0,   0.0,   0.0,   0.0, -1.0 ,  0.0,  0.0,  0.0,  0.0,  0.0, 0.0,   0.0,       ,      ,      ,        ,        ,        ,        ,        ,        ,        ,        ,      
zettlro01, 1989,     1, MNS , NHL , D  , 31.0,  0.0,   8.0,   8.0,  45.0, -7.0 ,  0.0,  1.0,  0.0,  0.0,  0.0, 0.0,  21.0,       ,      ,      ,        ,        ,        ,        ,        ,        ,        ,        ,      
zettlro01, 1990,     1, MNS , NHL , D  , 47.0,  1.0,   4.0,   5.0, 119.0, -10.0,  0.0,  1.0,  0.0,  1.0,  0.0, 0.0,  30.0,       ,      ,      ,        ,        ,        ,        ,        ,        ,        ,        ,      
zettlro01, 1991,     1, SJS , NHL , D  , 74.0,  1.0,   8.0,   9.0,  99.0, -23.0,  0.0,  1.0,  0.0,  3.0,  0.0, 0.0,  72.0,       ,      ,      ,        ,        ,        ,        ,        ,        ,        ,        ,      
zettlro01, 1992,     1, SJS , NHL , D  , 80.0,  0.0,   7.0,   7.0, 150.0, -50.0,  0.0,  0.0,  0.0,  1.0,  0.0, 0.0,  60.0,       ,      ,      ,        ,        ,        ,        ,        ,        ,        ,        ,      
zettlro01, 1993,     1, SJS , NHL , D  , 42.0,  0.0,   3.0,   3.0,  65.0, -7.0 ,  0.0,  0.0,  0.0,  0.0,  0.0, 0.0,  28.0,       ,      ,      ,        ,        ,        ,        ,        ,        ,        ,        ,      
zettlro01, 1993,     2, PHI , NHL , D  , 33.0,  0.0,   4.0,   4.0,  69.0, -19.0,  0.0,  0.0,  0.0,  0.0,  0.0, 0.0,  27.0,       ,      ,      ,        ,        ,        ,        ,        ,        ,        ,        ,      
zettlro01, 1994,     1, PHI , NHL , D  , 32.0,  0.0,   1.0,   1.0,  34.0, -3.0 ,  0.0,  0.0,  0.0,  0.0,  0.0, 0.0,  17.0,    1.0,   0.0,   0.0,     0.0,     2.0, 1.0    ,     0.0,     0.0,     0.0,     0.0,     0.0,     1.0
zettlro01, 1995,     1, TOR , NHL , D  , 29.0,  0.0,   1.0,   1.0,  48.0, -1.0 ,  0.0,  0.0,  0.0,  0.0,  0.0, 0.0,  11.0,    2.0,   0.0,   0.0,     0.0,     0.0, 0.0    ,     0.0,     0.0,     0.0,     0.0,     0.0,     1.0
zettlro01, 1996,     1, TOR , NHL , D  , 48.0,  2.0,  12.0,  14.0,  51.0, 8.0  ,  0.0,  0.0,  0.0,  0.0,  0.0, 0.0,  31.0,       ,      ,      ,        ,        ,        ,        ,        ,        ,        ,        ,      
zettlro01, 1997,     1, TOR , NHL , D  , 59.0,  0.0,   7.0,   7.0, 108.0, -8.0 ,  0.0,  2.0,  0.0,  0.0,  0.0, 0.0,  28.0,       ,      ,      ,        ,        ,        ,        ,        ,        ,        ,        ,      
zettlro01, 1998,     1, NAS , NHL , D  ,  2.0,  0.0,   0.0,   0.0,   2.0, -2.0 ,  0.0,  0.0,  0.0,  0.0,  0.0, 0.0,   0.0,       ,      ,      ,        ,        ,        ,        ,        ,        ,        ,        ,      
zettlro01, 1999,     1, WAS , NHL , D  , 12.0,  0.0,   2.0,   2.0,  19.0, -1.0 ,  0.0,  0.0,  0.0,  0.0,  0.0, 0.0,  15.0,    5.0,   0.0,   0.0,     0.0,     2.0, -2.0   ,     0.0,     0.0,     0.0,     0.0,     0.0,     4.0
zettlro01, 2000,     1, WAS , NHL , D  , 29.0,  0.0,   4.0,   4.0,  55.0, 0.0  ,  0.0,  0.0,  0.0,  0.0,  0.0, 0.0,  17.0,    6.0,   0.0,   0.0,     0.0,     0.0, -1.0   ,     0.0,     0.0,     0.0,     0.0,     0.0,     4.0
zettlro01, 2001,     1, WAS , NHL , D  , 49.0,  1.0,   4.0,   5.0,  56.0, 3.0  ,  0.0,  0.0,  0.0,  0.0,  0.0, 0.0,  28.0,       ,      ,      ,        ,        ,        ,        ,        ,        ,        ,        ,      
zezelpe01, 1984,     1, PHI , NHL , C  , 65.0, 15.0,  46.0,  61.0,  26.0, 22.0 ,  8.0,     ,  0.0,     ,  2.0, 1.0,  91.0,   19.0,   1.0,   8.0,     9.0,    28.0, -5.0   ,     1.0,        ,     0.0,        ,     0.0,    24.0
zezelpe01, 1985,     1, PHI , NHL , C  , 79.0, 17.0,  37.0,  54.0,  76.0, 27.0 ,  4.0,     ,  0.0,     ,  4.0, 0.0, 144.0,    5.0,   3.0,   1.0,     4.0,     4.0, -2.0   ,     1.0,        ,     0.0,        ,     1.0,    11.0
zezelpe01, 1986,     1, PHI , NHL , C  , 71.0, 33.0,  39.0,  72.0,  71.0, 21.0 ,  6.0,     ,  2.0,     ,  7.0, 0.0, 181.0,   25.0,   3.0,  10.0,    13.0,    10.0, 6.0    ,     1.0,        ,     1.0,        ,     1.0,    36.0
zezelpe01, 1987,     1, PHI , NHL , C  , 69.0, 22.0,  35.0,  57.0,  42.0, 7.0  , 14.0, 14.0,  0.0,  0.0,  1.0, 0.0, 133.0,    7.0,   3.0,   2.0,     5.0,     7.0, 0.0    ,     0.0,     0.0,     0.0,     0.0,     0.0,    15.0
zezelpe01, 1988,     1, PHI , NHL , C  , 26.0,  4.0,  13.0,  17.0,  15.0, -13.0,  0.0,     ,  0.0,  0.0,  0.0, 0.0,  34.0,       ,      ,      ,        ,        ,        ,        ,        ,        ,        ,        ,      
zezelpe01, 1988,     2, STL , NHL , C  , 52.0, 17.0,  36.0,  53.0,  27.0, -1.0 ,  5.0,     ,  1.0,  0.0,  4.0, 0.0, 115.0,   10.0,   6.0,   6.0,    12.0,     4.0, -2.0   ,     1.0,     2.0,     1.0,     0.0,     1.0,    31.0
zezelpe01, 1989,     1, STL , NHL , C  , 73.0, 25.0,  47.0,  72.0,  30.0, -9.0 ,  7.0, 27.0,  0.0,  0.0,  3.0, 0.0, 158.0,   12.0,   1.0,   7.0,     8.0,     4.0, 3.0    ,     1.0,     3.0,     0.0,     0.0,     0.0,    28.0
zezelpe01, 1990,     1, WAS , NHL , C  , 20.0,  7.0,   5.0,  12.0,  10.0, -13.0,  6.0,     ,  0.0,     ,  0.0, 0.0,  21.0,       ,      ,      ,        ,        ,        ,        ,        ,        ,        ,        ,      
zezelpe01, 1990,     2, TOR , NHL , C  , 32.0, 14.0,  14.0,  28.0,   4.0, -7.0 ,  6.0,     ,  0.0,     ,  5.0, 0.0,  69.0,       ,      ,      ,        ,        ,        ,        ,        ,        ,        ,        ,      
zezelpe01, 1991,     1, TOR , NHL , C  , 64.0, 16.0,  33.0,  49.0,  26.0, -22.0,  4.0, 14.0,  0.0,  0.0,  1.0, 0.0, 125.0,       ,      ,      ,        ,        ,        ,        ,        ,        ,        ,        ,      
zezelpe01, 1992,     1, TOR , NHL , C  , 70.0, 12.0,  23.0,  35.0,  24.0, 0.0  ,  0.0,  3.0,  0.0,  0.0,  4.0, 0.0, 102.0,   20.0,   2.0,   1.0,     3.0,     6.0, -6.0   ,     0.0,     0.0,     0.0,     0.0,     0.0,    40.0
zezelpe01, 1993,     1, TOR , NHL , C  , 41.0,  8.0,   8.0,  16.0,  19.0, 5.0  ,  0.0,  0.0,  0.0,  0.0,  0.0, 0.0,  47.0,   18.0,   2.0,   4.0,     6.0,     8.0, -2.0   ,     0.0,     0.0,     0.0,     1.0,     1.0,    32.0
zezelpe01, 1994,     1, DAL , NHL , C  , 30.0,  6.0,   5.0,  11.0,  19.0, -6.0 ,  0.0,  1.0,  0.0,  1.0,  1.0, 0.0,  47.0,    3.0,   1.0,   0.0,     1.0,     0.0, 0.0    ,     0.0,     0.0,     0.0,     0.0,     0.0,     3.0
zezelpe01, 1995,     1, STL , NHL , C  , 57.0,  8.0,  13.0,  21.0,  12.0, -2.0 ,  2.0,  7.0,  0.0,  1.0,  1.0, 0.0,  87.0,   10.0,   3.0,   0.0,     3.0,     2.0, 4.0    ,     0.0,     0.0,     1.0,     0.0,     0.0,    17.0
zezelpe01, 1996,     1, STL , NHL , C  , 35.0,  4.0,   9.0,  13.0,  12.0, 6.0  ,  0.0,  1.0,  0.0,  0.0,  1.0, 0.0,  49.0,       ,      ,      ,        ,        ,        ,        ,        ,        ,        ,        ,      
zezelpe01, 1996,     2, NJD , NHL , C  , 18.0,  0.0,   3.0,   3.0,   4.0, 4.0  ,  0.0,  0.0,  0.0,  0.0,  0.0, 0.0,  13.0,    2.0,   0.0,   0.0,     0.0,    10.0, 0.0    ,     0.0,     0.0,     0.0,     0.0,     0.0,     4.0
zezelpe01, 1997,     1, NJD , NHL , C  ,  5.0,  0.0,   3.0,   3.0,   0.0, 2.0  ,  0.0,  0.0,  0.0,  0.0,  0.0, 0.0,   3.0,       ,      ,      ,        ,        ,        ,        ,        ,        ,        ,        ,      
zezelpe01, 1997,     2, VAN , NHL , C  , 25.0,  5.0,  12.0,  17.0,   2.0, 13.0 ,  2.0,  1.0,  0.0,  1.0,  1.0, 0.0,  37.0,       ,      ,      ,        ,        ,        ,        ,        ,        ,        ,        ,      
zezelpe01, 1998,     1, VAN , NHL , C  , 41.0,  6.0,   8.0,  14.0,  16.0, 5.0  ,  1.0,  1.0,  0.0,  0.0,  2.0, 0.0,  45.0,       ,      ,      ,        ,        ,        ,        ,        ,        ,        ,        ,      
zhamnal01, 1992,     1, WIN , NHL , C  , 68.0, 25.0,  47.0,  72.0,  58.0, 7.0  ,  6.0, 16.0,  1.0,  0.0,  4.0, 1.0, 163.0,    6.0,   0.0,   2.0,     2.0,     2.0, -4.0   ,     0.0,     1.0,     0.0,     0.0,     0.0,    13.0
zhamnal01, 1993,     1, WIN , NHL , C  , 61.0, 26.0,  45.0,  71.0,  62.0, -20.0,  7.0, 22.0,  0.0,  0.0,  1.0, 1.0, 196.0,       ,      ,      ,        ,        ,        ,        ,        ,        ,        ,        ,      
zhamnal01, 1994,     1, WIN , NHL , C  , 48.0, 30.0,  35.0,  65.0,  20.0, 5.0  ,  9.0, 16.0,  0.0,  0.0,  4.0, 0.0, 155.0,       ,      ,      ,        ,        ,        ,        ,        ,        ,        ,        ,      
zhamnal01, 1995,     1, WIN , NHL , C  , 58.0, 22.0,  37.0,  59.0,  65.0, -4.0 ,  5.0, 23.0,  0.0,  0.0,  2.0, 0.0, 199.0,    6.0,   2.0,   1.0,     3.0,     8.0, 0.0    ,     0.0,     0.0,     0.0,     0.0,     0.0,    11.0
zhamnal01, 1996,     1, CHI , NHL , C  , 74.0, 20.0,  42.0,  62.0,  56.0, 18.0 ,  6.0, 16.0,  1.0,  2.0,  2.0, 0.0, 208.0,       ,      ,      ,        ,        ,        ,        ,        ,        ,        ,        ,      
zhamnal01, 1997,     1, CHI , NHL , C  , 70.0, 21.0,  28.0,  49.0,  61.0, 16.0 ,  6.0,  8.0,  2.0,  1.0,  3.0, 1.0, 193.0,       ,      ,      ,        ,        ,        ,        ,        ,        ,        ,        ,      
zhamnal01, 1998,     1, CHI , NHL , C  , 76.0, 20.0,  41.0,  61.0,  50.0, -10.0,  8.0, 17.0,  1.0,  1.0,  2.0, 1.0, 200.0,       ,      ,      ,        ,        ,        ,        ,        ,        ,        ,        ,      
zhamnal01, 1999,     1, CHI , NHL , C  , 71.0, 23.0,  37.0,  60.0,  61.0, 7.0  ,  5.0,  9.0,  0.0,  4.0,  7.0, 0.0, 175.0,       ,      ,      ,        ,        ,        ,        ,        ,        ,        ,        ,      
zhamnal01, 2000,     1, CHI , NHL , C  , 63.0, 13.0,  36.0,  49.0,  40.0, -12.0,  3.0, 17.0,  1.0,  1.0,  3.0, 0.0, 117.0,       ,      ,      ,        ,        ,        ,        ,        ,        ,        ,        ,      
zhamnal01, 2001,     1, CHI , NHL , C  , 77.0, 22.0,  45.0,  67.0,  67.0, 8.0  ,  6.0, 19.0,  0.0,  1.0,  3.0, 0.0, 173.0,    5.0,   0.0,   0.0,     0.0,     0.0, -1.0   ,     0.0,     0.0,     0.0,     0.0,     0.0,    14.0
zhamnal01, 2002,     1, CHI , NHL , C  , 74.0, 15.0,  43.0,  58.0,  70.0, 0.0  ,  2.0, 17.0,  3.0,  2.0,  1.0, 0.0, 166.0,       ,      ,      ,        ,        ,        ,        ,        ,        ,        ,        ,      
zhamnal01, 2003,     1, CHI , NHL , C  , 23.0,  6.0,  12.0,  18.0,  14.0, -8.0 ,  1.0,  4.0,  0.0,  0.0,  1.0, 0.0,  63.0,       ,      ,      ,        ,        ,        ,        ,        ,        ,        ,        ,      
zhamnal01, 2003,     2, PHI , NHL , C  , 20.0,  5.0,  13.0,  18.0,  14.0, 7.0  ,  0.0,  3.0,  0.0,  1.0,  0.0, 0.0,  33.0,   18.0,   4.0,  10.0,    14.0,     8.0, -1.0   ,     1.0,     4.0,     0.0,     0.0,     1.0,    31.0
zhamnal01, 2005,     1, BOS , NHL , C  , 24.0,  1.0,   9.0,  10.0,  30.0, -4.0 ,  0.0,  4.0,  0.0,  0.0,  1.0,    ,  37.0,       ,      ,      ,        ,        ,        ,        ,        ,        ,        ,        ,      
zharkvl01, 2009,     1, NJD , NHL , R  , 40.0,  0.0,  10.0,  10.0,   8.0, 2.0  ,  0.0,  2.0,  0.0,  0.0,  0.0,    ,  54.0,       ,      ,      ,        ,        ,        ,        ,        ,        ,        ,        ,      
zherdni01, 2003,     1, CBS , NHL , R  , 57.0, 13.0,  21.0,  34.0,  54.0, -11.0,  5.0,  6.0,  0.0,  0.0,  1.0, 0.0, 137.0,       ,      ,      ,        ,        ,        ,        ,        ,        ,        ,        ,      
zherdni01, 2005,     1, CBS , NHL , R  , 73.0, 27.0,  27.0,  54.0,  50.0, -13.0, 10.0, 12.0,  0.0,  1.0,  0.0,    , 194.0,       ,      ,      ,        ,        ,        ,        ,        ,        ,        ,        ,      
zherdni01, 2006,     1, CBS , NHL , R  , 71.0, 10.0,  22.0,  32.0,  26.0, -19.0,  3.0,  9.0,  0.0,  0.0,  2.0,    , 164.0,       ,      ,      ,        ,        ,        ,        ,        ,        ,        ,        ,      
zherdni01, 2007,     1, CBS , NHL , R  , 82.0, 26.0,  35.0,  61.0,  34.0, -9.0 ,  7.0, 15.0,  0.0,  1.0,  3.0,    , 254.0,       ,      ,      ,        ,        ,        ,        ,        ,        ,        ,        ,      
zherdni01, 2008,     1, NYR , NHL , R  , 82.0, 23.0,  35.0,  58.0,  39.0, 6.0  ,  4.0,  7.0,  1.0,  0.0,  3.0,    , 219.0,    7.0,   0.0,   0.0,     0.0,     2.0, -3.0   ,     0.0,     0.0,     0.0,     0.0,     0.0,    12.0
zhitnal01, 1992,     1, LAK , NHL , D  , 78.0, 12.0,  36.0,  48.0,  80.0, -3.0 ,  5.0, 14.0,  0.0,  0.0,  2.0, 0.0, 136.0,   24.0,   3.0,   9.0,    12.0,    26.0, -4.0   ,     2.0,     5.0,     0.0,     0.0,     1.0,    42.0
zhitnal01, 1993,     1, LAK , NHL , D  , 81.0, 12.0,  40.0,  52.0, 101.0, -11.0, 11.0, 18.0,  0.0,  0.0,  1.0, 1.0, 227.0,       ,      ,      ,        ,        ,        ,        ,        ,        ,        ,        ,      
zhitnal01, 1994,     1, LAK , NHL , D  , 11.0,  2.0,   5.0,   7.0,  27.0, -3.0 ,  2.0,  1.0,  0.0,  0.0,  0.0, 0.0,  33.0,       ,      ,      ,        ,        ,        ,        ,        ,        ,        ,        ,      
zhitnal01, 1994,     2, BUF , NHL , D  , 21.0,  2.0,   5.0,   7.0,  34.0, -3.0 ,  1.0,  4.0,  0.0,  0.0,  0.0, 0.0,  33.0,    5.0,   0.0,   1.0,     1.0,    14.0, -7.0   ,     0.0,     1.0,     0.0,     0.0,     0.0,    12.0
zhitnal01, 1995,     1, BUF , NHL , D  , 80.0,  6.0,  30.0,  36.0,  58.0, -25.0,  5.0, 18.0,  0.0,  2.0,  0.0, 0.0, 193.0,       ,      ,      ,        ,        ,        ,        ,        ,        ,        ,        ,      
zhitnal01, 1996,     1, BUF , NHL , D  , 80.0,  7.0,  28.0,  35.0,  95.0, 10.0 ,  3.0, 11.0,  1.0,  2.0,  0.0, 1.0, 170.0,   12.0,   1.0,   0.0,     1.0,    16.0, -9.0   ,     0.0,     0.0,     0.0,     0.0,     0.0,    16.0
zhitnal01, 1997,     1, BUF , NHL , D  , 78.0, 15.0,  30.0,  45.0, 102.0, 19.0 ,  2.0, 15.0,  3.0,  2.0,  3.0, 2.0, 191.0,   15.0,   0.0,   3.0,     3.0,    36.0, 1.0    ,     0.0,     1.0,     0.0,     0.0,     0.0,    24.0
zhitnal01, 1998,     1, BUF , NHL , D  , 81.0,  7.0,  26.0,  33.0,  96.0, -6.0 ,  3.0, 13.0,  1.0,  0.0,  2.0, 0.0, 185.0,   21.0,   4.0,  11.0,    15.0,    52.0, -6.0   ,     4.0,     9.0,     0.0,     1.0,     2.0,    58.0
zhitnal01, 1999,     1, BUF , NHL , D  , 74.0,  2.0,  11.0,  13.0,  95.0, -6.0 ,  1.0,  5.0,  0.0,  2.0,  0.0, 0.0, 139.0,    4.0,   0.0,   0.0,     0.0,     8.0, -1.0   ,     0.0,     0.0,     0.0,     0.0,     0.0,     4.0
zhitnal01, 2000,     1, BUF , NHL , D  , 78.0,  8.0,  29.0,  37.0,  75.0, -3.0 ,  5.0, 17.0,  0.0,  0.0,  1.0, 1.0, 149.0,   13.0,   1.0,   6.0,     7.0,    12.0, -3.0   ,     0.0,     2.0,     0.0,     0.0,     0.0,    18.0
zhitnal01, 2001,     1, BUF , NHL , D  , 82.0,  1.0,  33.0,  34.0,  80.0, -1.0 ,  1.0, 15.0,  0.0,  0.0,  0.0, 0.0, 150.0,       ,      ,      ,        ,        ,        ,        ,        ,        ,        ,        ,      
zhitnal01, 2002,     1, BUF , NHL , D  , 70.0,  3.0,  18.0,  21.0,  85.0, -5.0 ,  0.0,  9.0,  0.0,  1.0,  1.0, 0.0, 138.0,       ,      ,      ,        ,        ,        ,        ,        ,        ,        ,        ,      
zhitnal01, 2003,     1, BUF , NHL , D  , 68.0,  4.0,  24.0,  28.0, 102.0, -13.0,  2.0, 12.0,  0.0,  1.0,  0.0, 1.0, 134.0,       ,      ,      ,        ,        ,        ,        ,        ,        ,        ,        ,      
zhitnal01, 2005,     1, NYI , NHL , D  , 59.0,  5.0,  24.0,  29.0,  88.0, 4.0  ,  3.0, 17.0,  0.0,  0.0,  0.0,    ,  99.0,       ,      ,      ,        ,        ,        ,        ,        ,        ,        ,        ,      
zhitnal01, 2006,     1, NYI , NHL , D  , 30.0,  2.0,   9.0,  11.0,  40.0, 13.0 ,  0.0,  0.0,  0.0,  0.0,  1.0,    ,  49.0,       ,      ,      ,        ,        ,        ,        ,        ,        ,        ,        ,      
zhitnal01, 2006,     2, PHI , NHL , D  , 31.0,  3.0,  10.0,  13.0,  38.0, -16.0,  1.0,  5.0,  0.0,  1.0,  0.0,    ,  61.0,       ,      ,      ,        ,        ,        ,        ,        ,        ,        ,        ,      
zhitnal01, 2006,     3, ATL , NHL , D  , 18.0,  2.0,  12.0,  14.0,  14.0, 4.0  ,  2.0,  6.0,  0.0,  0.0,  1.0,    ,  22.0,    4.0,   0.0,   0.0,     0.0,     4.0, -4.0   ,     0.0,     0.0,     0.0,     0.0,     0.0,     5.0
zhitnal01, 2007,     1, ATL , NHL , D  , 65.0,  3.0,   5.0,   8.0,  58.0, -8.0 ,  0.0,  2.0,  0.0,  1.0,  1.0,    ,  79.0,       ,      ,      ,        ,        ,        ,        ,        ,        ,        ,        ,      
zholtse01, 1992,     1, BOS , NHL , L  ,  1.0,  0.0,   1.0,   1.0,   0.0, 1.0  ,  0.0,  0.0,  0.0,  0.0,  0.0, 0.0,   2.0,       ,      ,      ,        ,        ,        ,        ,        ,        ,        ,        ,      
zholtse01, 1993,     1, BOS , NHL , L  , 24.0,  2.0,   1.0,   3.0,   2.0, -7.0 ,  1.0,  0.0,  0.0,  0.0,  0.0, 0.0,  25.0,       ,      ,      ,        ,        ,        ,        ,        ,        ,        ,        ,      
zholtse01, 1996,     1, OTT , NHL , C  , 57.0, 12.0,  16.0,  28.0,  19.0, 2.0  ,  5.0,  4.0,  0.0,  0.0,  0.0, 0.0,  96.0,    7.0,   1.0,   1.0,     2.0,     0.0, 0.0    ,     1.0,     0.0,     0.0,     0.0,     0.0,    16.0
zholtse01, 1997,     1, OTT , NHL , R  , 78.0, 10.0,  13.0,  23.0,  16.0, -7.0 ,  7.0,  7.0,  0.0,  0.0,  1.0, 1.0, 127.0,   11.0,   0.0,   2.0,     2.0,     0.0, -1.0   ,     0.0,     1.0,     0.0,     0.0,     0.0,    23.0
zholtse01, 1998,     1, MTL , NHL , C  , 70.0,  7.0,  15.0,  22.0,   6.0, -12.0,  2.0,  4.0,  0.0,  0.0,  3.0, 0.0, 102.0,       ,      ,      ,        ,        ,        ,        ,        ,        ,        ,        ,      
zholtse01, 1999,     1, MTL , NHL , C  , 68.0, 26.0,  12.0,  38.0,  28.0, 2.0  ,  9.0,  3.0,  0.0,  0.0,  7.0, 1.0, 163.0,       ,      ,      ,        ,        ,        ,        ,        ,        ,        ,        ,      
zholtse01, 2000,     1, MTL , NHL , C  , 32.0,  1.0,  10.0,  11.0,   8.0, -15.0,  0.0,  6.0,  0.0,  0.0,  0.0, 0.0,  78.0,       ,      ,      ,        ,        ,        ,        ,        ,        ,        ,        ,      
zholtse01, 2000,     2, EDM , NHL , C  , 37.0,  4.0,  16.0,  20.0,  22.0, 8.0  ,  1.0,  5.0,  0.0,  0.0,  0.0, 0.0,  61.0,    3.0,   0.0,   0.0,     0.0,     0.0, -1.0   ,     0.0,     0.0,     0.0,     0.0,     0.0,     3.0
zholtse01, 2001,     1, MIN , NHL , C  , 73.0, 19.0,  20.0,  39.0,  28.0, -10.0, 10.0,  8.0,  0.0,  0.0,  2.0, 1.0, 146.0,       ,      ,      ,        ,        ,        ,        ,        ,        ,        ,        ,      
zholtse01, 2002,     1, MIN , NHL , C  , 78.0, 16.0,  26.0,  42.0,  18.0, 1.0  ,  3.0, 11.0,  0.0,  0.0,  2.0, 2.0, 153.0,   18.0,   2.0,  11.0,    13.0,     0.0, -7.0   ,     1.0,     9.0,     0.0,     0.0,     0.0,    34.0
zholtse01, 2003,     1, MIN , NHL , C  , 59.0, 13.0,  16.0,  29.0,  19.0, 4.0  ,  3.0,  3.0,  0.0,  0.0,  3.0, 1.0, 115.0,       ,      ,      ,        ,        ,        ,        ,        ,        ,        ,        ,      
zholtse01, 2003,     2, NAS , NHL , C  , 11.0,  1.0,   1.0,   2.0,   0.0, -2.0 ,  0.0,  0.0,  0.0,  0.0,  0.0, 0.0,  17.0,    6.0,   1.0,   0.0,     1.0,     0.0, -3.0   ,     1.0,     0.0,     0.0,     0.0,     0.0,     6.0
zidlima01, 2003,     1, NAS , NHL , D  , 82.0, 14.0,  39.0,  53.0,  82.0, -16.0,  9.0, 26.0,  0.0,  0.0,  4.0, 0.0, 143.0,    1.0,   0.0,   0.0,     0.0,     0.0, 0.0    ,     0.0,     0.0,     0.0,     0.0,     0.0,     0.0
zidlima01, 2005,     1, NAS , NHL , D  , 67.0, 12.0,  37.0,  49.0,  82.0, 8.0  , 10.0, 19.0,  0.0,  0.0,  1.0,    , 113.0,    2.0,   0.0,   1.0,     1.0,     2.0, 0.0    ,     0.0,     1.0,     0.0,     0.0,     0.0,     7.0
zidlima01, 2006,     1, NAS , NHL , D  , 79.0,  4.0,  26.0,  30.0,  72.0, 8.0  ,  2.0,  8.0,  0.0,  0.0,  1.0,    , 114.0,    5.0,   0.0,   2.0,     2.0,     4.0, -1.0   ,     0.0,     1.0,     0.0,     0.0,     0.0,     8.0
zidlima01, 2007,     1, NAS , NHL , D  , 79.0,  5.0,  38.0,  43.0,  63.0, -5.0 ,  4.0, 21.0,  0.0,  0.0,  0.0,    , 122.0,    6.0,   0.0,   3.0,     3.0,     8.0, -2.0   ,     0.0,     1.0,     0.0,     0.0,     0.0,    11.0
zidlima01, 2008,     1, MIN , NHL , D  , 76.0, 12.0,  30.0,  42.0,  76.0, -12.0, 10.0, 15.0,  0.0,  0.0,  3.0,    , 147.0,       ,      ,      ,        ,        ,        ,        ,        ,        ,        ,        ,      
zidlima01, 2009,     1, MIN , NHL , D  , 78.0,  6.0,  37.0,  43.0,  67.0, -16.0,  4.0, 20.0,  0.0,  0.0,  3.0,    , 116.0,       ,      ,      ,        ,        ,        ,        ,        ,        ,        ,        ,      
zieglth01, 2000,     1, TBL , NHL , C  ,  5.0,  0.0,   0.0,   0.0,   0.0, -2.0 ,  0.0,  0.0,  0.0,  0.0,  0.0, 0.0,   2.0,       ,      ,      ,        ,        ,        ,        ,        ,        ,        ,        ,      
zigommi01, 2002,     1, CAR , NHL , C  , 19.0,  2.0,   1.0,   3.0,   0.0, -4.0 ,  1.0,  0.0,  1.0,  0.0,  0.0, 0.0,  19.0,       ,      ,      ,        ,        ,        ,        ,        ,        ,        ,        ,      
zigommi01, 2003,     1, CAR , NHL , C  , 17.0,  0.0,   3.0,   3.0,   2.0, -1.0 ,  0.0,  1.0,  0.0,  0.0,  0.0, 0.0,  13.0,       ,      ,      ,        ,        ,        ,        ,        ,        ,        ,        ,      
zigommi01, 2005,     1, CAR , NHL , C  , 21.0,  1.0,   0.0,   1.0,   4.0, 1.0  ,  0.0,  0.0,  0.0,  0.0,  0.0,    ,  16.0,       ,      ,      ,        ,        ,        ,        ,        ,        ,        ,        ,      
zigommi01, 2005,     2, STL , NHL , C  ,  2.0,  0.0,   0.0,   0.0,   0.0, 0.0  ,  0.0,  0.0,  0.0,  0.0,  0.0,    ,   1.0,       ,      ,      ,        ,        ,        ,        ,        ,        ,        ,        ,      
zigommi01, 2006,     1, PHO , NHL , C  , 75.0, 14.0,   9.0,  23.0,  46.0, -8.0 ,  2.0,  1.0,  1.0,  0.0,  0.0,    , 142.0,       ,      ,      ,        ,        ,        ,        ,        ,        ,        ,        ,      
zigommi01, 2007,     1, PHO , NHL , C  , 33.0,  2.0,   1.0,   3.0,   6.0, -7.0 ,  0.0,  0.0,  0.0,  0.0,  0.0,    ,  35.0,       ,      ,      ,        ,        ,        ,        ,        ,        ,        ,        ,      
zigommi01, 2008,     1, PIT , NHL , C  , 22.0,  2.0,   4.0,   6.0,  27.0, -2.0 ,  0.0,  0.0,  0.0,  0.0,  0.0,    ,  23.0,       ,      ,      ,        ,        ,        ,        ,        ,        ,        ,        ,      
zimmely01, 1975,     1, DOT , WHA , G  ,  8.0,  0.0,   1.0,   1.0,   0.0, 0.0  ,  0.0,     ,  0.0,     ,  0.0,    ,   0.0,       ,      ,      ,        ,        ,        ,        ,        ,        ,        ,        ,      
zimmely01, 1977,     1, HOU , WHA , G  , 20.0,  0.0,   0.0,   0.0,   4.0, 0.0  ,  0.0,     ,  0.0,     ,     ,    ,   0.0,    4.0,   0.0,   0.0,     0.0,     6.0, 0.0    ,        ,        ,        ,        ,     0.0,      
zingedw01, 2003,     1, WAS , NHL , D  ,  7.0,  0.0,   1.0,   1.0,   9.0, 2.0  ,  0.0,  0.0,  0.0,  0.0,  0.0, 0.0,   0.0,       ,      ,      ,        ,        ,        ,        ,        ,        ,        ,        ,      
zinovse01, 2003,     1, BOS , NHL , C  , 10.0,  0.0,   1.0,   1.0,   2.0, 1.0  ,  0.0,  0.0,  0.0,  0.0,  0.0, 0.0,   8.0,       ,      ,      ,        ,        ,        ,        ,        ,        ,        ,        ,      
zizkato01, 2002,     1, LAK , NHL , D  , 10.0,  0.0,   3.0,   3.0,   4.0, -4.0 ,  0.0,  1.0,  0.0,  0.0,  0.0, 0.0,  12.0,       ,      ,      ,        ,        ,        ,        ,        ,        ,        ,        ,      
zizkato01, 2003,     1, LAK , NHL , D  , 15.0,  2.0,   3.0,   5.0,  12.0, -4.0 ,  1.0,  2.0,  0.0,  0.0,  0.0, 0.0,  24.0,       ,      ,      ,        ,        ,        ,        ,        ,        ,        ,        ,      
zmoledo01, 1992,     1, SJS , NHL , D  , 84.0,  5.0,  10.0,  15.0, 229.0, -50.0,  2.0,  3.0,  0.0,  0.0,  0.0, 0.0,  94.0,       ,      ,      ,        ,        ,        ,        ,        ,        ,        ,        ,      
zmoledo01, 1993,     1, SJS , NHL , D  , 68.0,  0.0,   4.0,   4.0, 122.0, -9.0 ,  0.0,  0.0,  0.0,  0.0,  0.0, 0.0,  29.0,       ,      ,      ,        ,        ,        ,        ,        ,        ,        ,        ,      
zmoledo01, 1993,     2, DAL , NHL , D  ,  7.0,  1.0,   0.0,   1.0,  11.0, 1.0  ,  0.0,  0.0,  0.0,  0.0,  0.0, 0.0,   3.0,    7.0,   0.0,   1.0,     1.0,     4.0, -2.0   ,     0.0,     0.0,     0.0,     0.0,     0.0,     2.0
zmoledo01, 1994,     1, DAL , NHL , D  , 42.0,  0.0,   5.0,   5.0,  67.0, -6.0 ,  0.0,  1.0,  0.0,  0.0,  0.0, 0.0,  28.0,    5.0,   0.0,   0.0,     0.0,    10.0, -2.0   ,     0.0,     0.0,     0.0,     0.0,     0.0,     3.0
zmoledo01, 1995,     1, DAL , NHL , D  , 42.0,  1.0,   5.0,   6.0,  65.0, 1.0  ,  0.0,  2.0,  0.0,  0.0,  0.0, 0.0,  26.0,       ,      ,      ,        ,        ,        ,        ,        ,        ,        ,        ,      
zmoledo01, 1995,     2, LAK , NHL , D  , 16.0,  1.0,   0.0,   1.0,  22.0, -6.0 ,  0.0,  0.0,  0.0,  0.0,  0.0, 0.0,  10.0,       ,      ,      ,        ,        ,        ,        ,        ,        ,        ,        ,      
zmoledo01, 1996,     1, LAK , NHL , D  , 57.0,  1.0,   0.0,   1.0, 116.0, -22.0,  0.0,  0.0,  0.0,  0.0,  0.0, 0.0,  28.0,       ,      ,      ,        ,        ,        ,        ,        ,        ,        ,        ,      
zmoledo01, 1997,     1, LAK , NHL , D  , 46.0,  0.0,   8.0,   8.0, 111.0, 0.0  ,  0.0,  0.0,  0.0,  1.0,  0.0, 0.0,  23.0,    2.0,   0.0,   0.0,     0.0,     2.0, 0.0    ,     0.0,     0.0,     0.0,     0.0,     0.0,     0.0
zmoledo01, 1998,     1, CHI , NHL , D  , 62.0,  0.0,  14.0,  14.0, 102.0, 1.0  ,  0.0,  1.0,  0.0,  0.0,  0.0, 0.0,  33.0,       ,      ,      ,        ,        ,        ,        ,        ,        ,        ,        ,      
zmoledo01, 1999,     1, CHI , NHL , D  , 43.0,  2.0,   7.0,   9.0,  60.0, 6.0  ,  0.0,  2.0,  0.0,  1.0,  0.0, 0.0,  24.0,       ,      ,      ,        ,        ,        ,        ,        ,        ,        ,        ,      
zoborma01, 1944,     1, CHI , NHL , D  ,  1.0,  0.0,   0.0,   0.0,   2.0,      ,     ,     ,     ,     ,     ,    ,      ,       ,      ,      ,        ,        ,        ,        ,        ,        ,        ,        ,      
zombori01, 1984,     1, DET , NHL , D  ,  1.0,  0.0,   0.0,   0.0,   0.0, -3.0 ,  0.0,     ,  0.0,     ,  0.0, 0.0,   0.0,       ,      ,      ,        ,        ,        ,        ,        ,        ,        ,        ,      
zombori01, 1985,     1, DET , NHL , D  , 14.0,  0.0,   1.0,   1.0,  16.0, -10.0,  0.0,     ,  0.0,     ,  0.0, 0.0,   8.0,       ,      ,      ,        ,        ,        ,        ,        ,        ,        ,        ,      
zombori01, 1986,     1, DET , NHL , D  , 44.0,  1.0,   4.0,   5.0,  59.0, -6.0 ,  0.0,     ,  0.0,     ,  0.0, 0.0,  28.0,    7.0,   0.0,   1.0,     1.0,     9.0, -1.0   ,     0.0,        ,     0.0,        ,     0.0,     1.0
zombori01, 1987,     1, DET , NHL , D  , 62.0,  3.0,  14.0,  17.0,  96.0, 24.0 ,  0.0,  0.0,  0.0,  2.0,  2.0, 0.0,  48.0,   16.0,   0.0,   6.0,     6.0,    55.0, 14.0   ,     0.0,     0.0,     0.0,     0.0,     0.0,    14.0
zombori01, 1988,     1, DET , NHL , D  , 75.0,  1.0,  20.0,  21.0, 106.0, 22.0 ,  1.0,  1.0,  0.0,  1.0,  0.0, 0.0,  64.0,    6.0,   0.0,   1.0,     1.0,    16.0, -3.0   ,     0.0,     0.0,     0.0,     0.0,     0.0,     6.0
zombori01, 1989,     1, DET , NHL , D  , 77.0,  5.0,  20.0,  25.0,  95.0, 13.0 ,  0.0,  4.0,  0.0,  1.0,  0.0, 0.0,  62.0,       ,      ,      ,        ,        ,        ,        ,        ,        ,        ,        ,      
zombori01, 1990,     1, DET , NHL , D  , 77.0,  4.0,  19.0,  23.0,  55.0, -2.0 ,  0.0,  0.0,  0.0,  2.0,  0.0, 0.0,  68.0,    7.0,   1.0,   0.0,     1.0,    10.0, -4.0   ,     0.0,     0.0,     0.0,     0.0,     0.0,     6.0
zombori01, 1991,     1, DET , NHL , D  ,  3.0,  0.0,   0.0,   0.0,  15.0, -3.0 ,  0.0,  0.0,  0.0,  0.0,  0.0, 0.0,   1.0,       ,      ,      ,        ,        ,        ,        ,        ,        ,        ,        ,      
zombori01, 1991,     2, STL , NHL , D  , 64.0,  3.0,  15.0,  18.0,  46.0, 4.0  ,  0.0,  0.0,  0.0,  1.0,  0.0, 0.0,  47.0,    6.0,   0.0,   2.0,     2.0,    12.0, -2.0   ,     0.0,     0.0,     0.0,     0.0,     0.0,     5.0
zombori01, 1992,     1, STL , NHL , D  , 71.0,  0.0,  15.0,  15.0,  78.0, -2.0 ,  0.0,  0.0,  0.0,  2.0,  0.0, 0.0,  43.0,   11.0,   0.0,   1.0,     1.0,    12.0, -9.0   ,     0.0,     0.0,     0.0,     0.0,     0.0,     8.0
zombori01, 1993,     1, STL , NHL , D  , 74.0,  2.0,   8.0,  10.0,  85.0, -15.0,  0.0,  3.0,  0.0,  0.0,  0.0, 0.0,  53.0,    4.0,   0.0,   0.0,     0.0,    11.0, 1.0    ,     0.0,     0.0,     0.0,     0.0,     0.0,     4.0
zombori01, 1994,     1, STL , NHL , D  , 23.0,  1.0,   4.0,   5.0,  24.0, 7.0  ,  0.0,  0.0,  0.0,  0.0,  1.0, 0.0,  18.0,    3.0,   0.0,   0.0,     0.0,     2.0, -1.0   ,     0.0,     0.0,     0.0,     0.0,     0.0,     2.0
zombori01, 1995,     1, BOS , NHL , D  , 67.0,  4.0,  10.0,  14.0,  53.0, -7.0 ,  0.0,  0.0,  0.0,  1.0,  1.0, 1.0,  68.0,       ,      ,      ,        ,        ,        ,        ,        ,        ,        ,        ,      
zrymije01, 1972,     1, LAS , WHA , D  ,  1.0,  0.0,   0.0,   0.0,   0.0,      ,  0.0,     ,  0.0,     ,     ,    ,      ,    2.0,   1.0,   0.0,     1.0,     2.0,        ,     0.0,        ,     0.0,        ,     0.0,      
zrymije01, 1973,     1, LAS , WHA , D  , 27.0,  2.0,   8.0,  10.0,   8.0,      ,  0.0,     ,  0.0,     ,  1.0,    ,      ,       ,      ,      ,        ,        ,        ,        ,        ,        ,        ,        ,      
zrymije01, 1974,     1, MIB , WHA , D  , 48.0,  3.0,   9.0,  12.0,  53.0, -23.0,  0.0,     ,  0.0,     ,     ,    ,  45.0,       ,      ,      ,        ,        ,        ,        ,        ,        ,        ,        ,      
zrymije01, 1975,     1, MFS , WHA , D  , 22.0,  0.0,   8.0,   8.0,  16.0, 2.0  ,  0.0,     ,  0.0,     ,  0.0,    ,  18.0,       ,      ,      ,        ,        ,        ,        ,        ,        ,        ,        ,      
zrymije01, 1975,     2, TOT , WHA , D  , 17.0,  0.0,   5.0,   5.0,  21.0, -14.0,  0.0,     ,  0.0,     ,  0.0,    ,  13.0,       ,      ,      ,        ,        ,        ,        ,        ,        ,        ,        ,      
zrymije01, 1976,     1, MF2 , WHA , D  , 40.0,  2.0,  10.0,  12.0,  14.0, 7.0  ,     ,     ,     ,     ,     ,    ,      ,       ,      ,      ,        ,        ,        ,        ,        ,        ,        ,        ,      
zubovil01, 2007,     1, OTT , NHL , C  ,  1.0,  0.0,   0.0,   0.0,   0.0, 0.0  ,  0.0,  0.0,  0.0,  0.0,  0.0,    ,   0.0,       ,      ,      ,        ,        ,        ,        ,        ,        ,        ,        ,      
zubovil01, 2008,     1, OTT , NHL , C  , 10.0,  0.0,   2.0,   2.0,   0.0, -1.0 ,  0.0,  1.0,  0.0,  0.0,  0.0,    ,  11.0,       ,      ,      ,        ,        ,        ,        ,        ,        ,        ,        ,      
zubovse01, 1992,     1, NYR , NHL , D  , 49.0,  8.0,  23.0,  31.0,   4.0, -1.0 ,  3.0,  9.0,  0.0,  0.0,  0.0, 0.0,  93.0,       ,      ,      ,        ,        ,        ,        ,        ,        ,        ,        ,      
zubovse01, 1993,     1, NYR , NHL , D  , 78.0, 12.0,  77.0,  89.0,  39.0, 20.0 ,  9.0, 40.0,  0.0,  1.0,  1.0, 0.0, 222.0,   22.0,   5.0,  14.0,    19.0,     0.0, 10.0   ,     2.0,     7.0,     0.0,     0.0,     0.0,    60.0
zubovse01, 1994,     1, NYR , NHL , D  , 38.0, 10.0,  26.0,  36.0,  18.0, -2.0 ,  6.0, 13.0,  0.0,  1.0,  0.0, 0.0, 116.0,   10.0,   3.0,   8.0,    11.0,     2.0, -9.0   ,     1.0,     6.0,     0.0,     0.0,     0.0,    34.0
zubovse01, 1995,     1, PIT , NHL , D  , 64.0, 11.0,  55.0,  66.0,  22.0, 28.0 ,  3.0, 29.0,  2.0,  2.0,  1.0, 0.0, 141.0,   18.0,   1.0,  14.0,    15.0,    26.0, 9.0    ,     1.0,     8.0,     0.0,     0.0,     0.0,    53.0
zubovse01, 1996,     1, DAL , NHL , D  , 78.0, 13.0,  30.0,  43.0,  24.0, 19.0 ,  1.0,  9.0,  0.0,  2.0,  3.0, 0.0, 133.0,    7.0,   0.0,   3.0,     3.0,     2.0, 4.0    ,     0.0,     1.0,     0.0,     1.0,     0.0,     9.0
zubovse01, 1997,     1, DAL , NHL , D  , 73.0, 10.0,  47.0,  57.0,  16.0, 16.0 ,  5.0, 29.0,  1.0,  1.0,  2.0, 1.0, 148.0,   17.0,   4.0,   5.0,     9.0,     2.0, 3.0    ,     3.0,     2.0,     0.0,     0.0,     1.0,    34.0
zubovse01, 1998,     1, DAL , NHL , D  , 81.0, 10.0,  41.0,  51.0,  20.0, 9.0  ,  5.0, 22.0,  0.0,  0.0,  3.0, 0.0, 155.0,   23.0,   1.0,  12.0,    13.0,     4.0, 13.0   ,     0.0,     4.0,     0.0,     0.0,     0.0,    46.0
zubovse01, 1999,     1, DAL , NHL , D  , 77.0,  9.0,  33.0,  42.0,  18.0, -2.0 ,  3.0, 19.0,  1.0,  2.0,  3.0, 0.0, 179.0,   18.0,   2.0,   7.0,     9.0,     6.0, 1.0    ,     1.0,     6.0,     1.0,     0.0,     0.0,    34.0
zubovse01, 2000,     1, DAL , NHL , D  , 79.0, 10.0,  41.0,  51.0,  24.0, 22.0 ,  6.0, 20.0,  0.0,  2.0,  1.0, 1.0, 173.0,   10.0,   1.0,   5.0,     6.0,     4.0, 2.0    ,     0.0,     2.0,     0.0,     0.0,     0.0,    22.0
zubovse01, 2001,     1, DAL , NHL , D  , 80.0, 12.0,  32.0,  44.0,  22.0, -4.0 ,  8.0, 18.0,  0.0,  0.0,  2.0, 0.0, 198.0,       ,      ,      ,        ,        ,        ,        ,        ,        ,        ,        ,      
zubovse01, 2002,     1, DAL , NHL , D  , 82.0, 11.0,  44.0,  55.0,  26.0, 21.0 ,  8.0, 20.0,  0.0,  0.0,  2.0, 0.0, 158.0,   12.0,   4.0,  10.0,    14.0,     4.0, 2.0    ,     2.0,     6.0,     0.0,     1.0,     0.0,    27.0
zubovse01, 2003,     1, DAL , NHL , D  , 77.0,  7.0,  35.0,  42.0,  20.0, 0.0  ,  4.0, 21.0,  1.0,  0.0,  1.0, 1.0, 154.0,    5.0,   1.0,   1.0,     2.0,     0.0, -5.0   ,     1.0,     1.0,     0.0,     0.0,     0.0,    14.0
zubovse01, 2005,     1, DAL , NHL , D  , 78.0, 13.0,  58.0,  71.0,  46.0, 20.0 ,  9.0, 30.0,  0.0,  0.0,  0.0,    , 141.0,    5.0,   1.0,   5.0,     6.0,     6.0, -1.0   ,     1.0,     0.0,     0.0,     0.0,     0.0,    11.0
zubovse01, 2006,     1, DAL , NHL , D  , 78.0, 12.0,  42.0,  54.0,  26.0, 0.0  ,  9.0, 31.0,  0.0,  0.0,  3.0,    , 156.0,    6.0,   0.0,   4.0,     4.0,     2.0, 3.0    ,     0.0,     2.0,     0.0,     0.0,     0.0,    18.0
zubovse01, 2007,     1, DAL , NHL , D  , 46.0,  4.0,  31.0,  35.0,  12.0, 6.0  ,  2.0, 14.0,  0.0,  2.0,  0.0,    ,  84.0,   11.0,   1.0,   5.0,     6.0,     4.0, -4.0   ,     1.0,     3.0,     0.0,     0.0,     0.0,    20.0
zubovse01, 2008,     1, DAL , NHL , D  , 10.0,  0.0,   4.0,   4.0,   0.0, -4.0 ,  0.0,  3.0,  0.0,  0.0,  0.0,    ,  15.0,       ,      ,      ,        ,        ,        ,        ,        ,        ,        ,        ,      
zubruda01, 1996,     1, PHI , NHL , L  , 68.0,  8.0,  13.0,  21.0,  22.0, 3.0  ,  1.0,  2.0,  0.0,  0.0,  2.0, 0.0,  71.0,   19.0,   5.0,   4.0,     9.0,    12.0, 3.0    ,     1.0,     0.0,     0.0,     0.0,     1.0,    28.0
zubruda01, 1997,     1, PHI , NHL , R  , 69.0,  8.0,  25.0,  33.0,  42.0, 29.0 ,  1.0,  3.0,  0.0,  0.0,  5.0, 0.0, 101.0,    5.0,   0.0,   1.0,     1.0,     2.0, 2.0    ,     0.0,     0.0,     0.0,     0.0,     0.0,     6.0
zubruda01, 1998,     1, PHI , NHL , R  , 63.0,  3.0,   5.0,   8.0,  25.0, -5.0 ,  0.0,  0.0,  1.0,  0.0,  0.0, 0.0,  49.0,       ,      ,      ,        ,        ,        ,        ,        ,        ,        ,        ,      
zubruda01, 1998,     2, MTL , NHL , R  , 17.0,  3.0,   5.0,   8.0,   4.0, -3.0 ,  0.0,  1.0,  0.0,  0.0,  1.0, 0.0,  31.0,       ,      ,      ,        ,        ,        ,        ,        ,        ,        ,        ,      
zubruda01, 1999,     1, MTL , NHL , R  , 73.0, 14.0,  28.0,  42.0,  54.0, -1.0 ,  3.0,  6.0,  0.0,  0.0,  1.0, 0.0, 139.0,       ,      ,      ,        ,        ,        ,        ,        ,        ,        ,        ,      
zubruda01, 2000,     1, MTL , NHL , R  , 49.0, 12.0,  12.0,  24.0,  30.0, -7.0 ,  3.0,  4.0,  0.0,  0.0,  0.0, 0.0,  70.0,       ,      ,      ,        ,        ,        ,        ,        ,        ,        ,        ,      
zubruda01, 2000,     2, WAS , NHL , R  , 12.0,  1.0,   1.0,   2.0,   7.0, -4.0 ,  1.0,  0.0,  0.0,  0.0,  0.0, 0.0,  13.0,    6.0,   0.0,   0.0,     0.0,     2.0, 1.0    ,     0.0,     0.0,     0.0,     0.0,     0.0,     7.0
zubruda01, 2001,     1, WAS , NHL , R  , 71.0, 17.0,  26.0,  43.0,  38.0, 5.0  ,  4.0,  7.0,  0.0,  0.0,  3.0, 0.0, 138.0,       ,      ,      ,        ,        ,        ,        ,        ,        ,        ,        ,      
zubruda01, 2002,     1, WAS , NHL , C  , 63.0, 13.0,  22.0,  35.0,  43.0, 15.0 ,  2.0,  2.0,  0.0,  0.0,  0.0, 0.0, 104.0,    6.0,   2.0,   2.0,     4.0,     4.0, -2.0   ,     1.0,     0.0,     0.0,     0.0,     0.0,     9.0
zubruda01, 2003,     1, WAS , NHL , C  , 54.0, 12.0,  15.0,  27.0,  38.0, -16.0,  6.0,  7.0,  1.0,  0.0,  2.0, 1.0, 115.0,       ,      ,      ,        ,        ,        ,        ,        ,        ,        ,        ,      
zubruda01, 2005,     1, WAS , NHL , R  , 71.0, 23.0,  34.0,  57.0,  84.0, 3.0  , 13.0, 13.0,  0.0,  2.0,  5.0,    , 181.0,       ,      ,      ,        ,        ,        ,        ,        ,        ,        ,        ,      
zubruda01, 2006,     1, WAS , NHL , R  , 60.0, 20.0,  32.0,  52.0,  50.0, -16.0,  9.0, 12.0,  0.0,  0.0,  4.0,    , 127.0,       ,      ,      ,        ,        ,        ,        ,        ,        ,        ,        ,      
zubruda01, 2006,     2, BUF , NHL , R  , 19.0,  4.0,   4.0,   8.0,  12.0, -3.0 ,  1.0,  1.0,  0.0,  0.0,  0.0,    ,  31.0,   15.0,   0.0,   8.0,     8.0,     8.0, 1.0    ,     0.0,     4.0,     0.0,     0.0,     0.0,    25.0
zubruda01, 2007,     1, NJD , NHL , C  , 82.0, 13.0,  25.0,  38.0,  38.0, 2.0  ,  4.0,  4.0,  0.0,  0.0,  2.0,    , 128.0,    5.0,   0.0,   1.0,     1.0,     8.0, -3.0   ,     0.0,     0.0,     0.0,     0.0,     0.0,     5.0
zubruda01, 2008,     1, NJD , NHL , C  , 82.0, 15.0,  25.0,  40.0,  69.0, 6.0  ,  1.0, 10.0,  0.0,  0.0,  3.0,    , 130.0,    7.0,   0.0,   1.0,     1.0,    10.0, -2.0   ,     0.0,     0.0,     0.0,     0.0,     0.0,    14.0
zubruda01, 2009,     1, NJD , NHL , R  , 51.0, 10.0,  17.0,  27.0,  28.0, 4.0  ,  1.0,  2.0,  0.0,  1.0,  4.0,    ,  86.0,    5.0,   1.0,   0.0,     1.0,     8.0, 0.0    ,     0.0,     0.0,     0.0,     0.0,     1.0,    14.0
zukemi01 , 1976,     1, IND , WHA , C  , 15.0,  3.0,   4.0,   7.0,   2.0, -2.0 ,  0.0,     ,  0.0,     ,     ,    ,  24.0,       ,      ,      ,        ,        ,        ,        ,        ,        ,        ,        ,      
zukemi01 , 1977,     1, EDO , WHA , C  , 71.0, 23.0,  34.0,  57.0,  47.0, 1.0  ,  2.0,     ,  3.0,     ,     ,    , 188.0,    5.0,   2.0,   3.0,     5.0,     0.0, -2.0   ,        ,        ,        ,        ,     0.0,      
zukemi01 , 1978,     1, STL , NHL , C  , 34.0,  9.0,  17.0,  26.0,  18.0, -8.0 ,  3.0,     ,  0.0,     ,  0.0, 1.0,  80.0,       ,      ,      ,        ,        ,        ,        ,        ,        ,        ,        ,      
zukemi01 , 1979,     1, STL , NHL , C  , 69.0, 22.0,  42.0,  64.0,  30.0, -2.0 ,  6.0,     ,  1.0,     ,  1.0, 1.0, 172.0,    3.0,   0.0,   0.0,     0.0,     2.0,        ,     0.0,        ,     0.0,        ,     0.0,      
zukemi01 , 1980,     1, STL , NHL , C  , 74.0, 24.0,  44.0,  68.0,  57.0, 15.0 , 10.0,     ,  1.0,     ,  1.0, 1.0, 145.0,   11.0,   4.0,   5.0,     9.0,     4.0,        ,     3.0,        ,     0.0,        ,     0.0,      
zukemi01 , 1981,     1, STL , NHL , C  , 76.0, 13.0,  40.0,  53.0,  41.0, -18.0,  1.0,     ,  1.0,     ,  2.0, 0.0, 159.0,    8.0,   1.0,   1.0,     2.0,     2.0,        ,     0.0,        ,     0.0,        ,     0.0,      
zukemi01 , 1982,     1, STL , NHL , C  , 43.0,  8.0,  16.0,  24.0,  14.0, -3.0 ,  0.0,     ,  0.0,     ,  1.0, 1.0,  58.0,    4.0,   1.0,   0.0,     1.0,     4.0,        ,     0.0,        ,     0.0,        ,     1.0,      
zukemi01 , 1983,     1, HAR , NHL , C  , 75.0,  6.0,  23.0,  29.0,  36.0, -18.0,  1.0,     ,  0.0,     ,  0.0, 0.0,  84.0,       ,      ,      ,        ,        ,        ,        ,        ,        ,        ,        ,      
zukemi01 , 1984,     1, HAR , NHL , C  , 67.0,  4.0,  12.0,  16.0,  12.0, -4.0 ,  0.0,     ,  0.0,     ,  1.0, 0.0,  54.0,       ,      ,      ,        ,        ,        ,        ,        ,        ,        ,        ,      
zukemi01 , 1985,     1, HAR , NHL , C  , 17.0,  0.0,   2.0,   2.0,  12.0, -2.0 ,  0.0,     ,  0.0,     ,  0.0, 0.0,   2.0,       ,      ,      ,        ,        ,        ,        ,        ,        ,        ,        ,      
zukwa01  , 1973,     1, EDO , WHA , C  ,  2.0,  0.0,   0.0,   0.0,   0.0,      ,  0.0,     ,  0.0,     ,  0.0,    ,      ,       ,      ,      ,        ,        ,        ,        ,        ,        ,        ,        ,      
zunicru01, 1943,     1, DET , NHL , D  ,  2.0,  0.0,   0.0,   0.0,   2.0,      ,     ,     ,     ,     ,     ,    ,      ,       ,      ,      ,        ,        ,        ,        ,        ,        ,        ,        ,      
zyuzian01, 1997,     1, SJS , NHL , D  , 56.0,  6.0,   7.0,  13.0,  66.0, 8.0  ,  2.0,  2.0,  0.0,  0.0,  2.0, 0.0,  72.0,    6.0,   1.0,   0.0,     1.0,    14.0, -2.0   ,     0.0,     0.0,     0.0,     0.0,     1.0,     6.0
zyuzian01, 1998,     1, SJS , NHL , D  , 25.0,  3.0,   1.0,   4.0,  38.0, 5.0  ,  2.0,  0.0,  0.0,  0.0,  0.0, 0.0,  44.0,       ,      ,      ,        ,        ,        ,        ,        ,        ,        ,        ,      
zyuzian01, 1999,     1, TBL , NHL , D  , 34.0,  2.0,   9.0,  11.0,  33.0, -11.0,  0.0,  3.0,  0.0,  0.0,  0.0, 0.0,  47.0,       ,      ,      ,        ,        ,        ,        ,        ,        ,        ,        ,      
zyuzian01, 2000,     1, TBL , NHL , D  , 64.0,  4.0,  16.0,  20.0,  76.0, -8.0 ,  2.0,  3.0,  1.0,  0.0,  1.0, 1.0,  92.0,       ,      ,      ,        ,        ,        ,        ,        ,        ,        ,        ,      
zyuzian01, 2001,     1, TBL , NHL , D  ,  9.0,  0.0,   2.0,   2.0,   6.0, -6.0 ,  0.0,  1.0,  0.0,  0.0,  0.0, 0.0,  14.0,       ,      ,      ,        ,        ,        ,        ,        ,        ,        ,        ,      
zyuzian01, 2001,     2, NJD , NHL , D  , 38.0,  1.0,   2.0,   3.0,  25.0, 1.0  ,  1.0,  0.0,  0.0,  0.0,  0.0, 0.0,  47.0,       ,      ,      ,        ,        ,        ,        ,        ,        ,        ,        ,      
zyuzian01, 2002,     1, NJD , NHL , D  ,  1.0,  0.0,   1.0,   1.0,   2.0, -1.0 ,  0.0,  1.0,  0.0,  0.0,  0.0, 0.0,   0.0,       ,      ,      ,        ,        ,        ,        ,        ,        ,        ,        ,      
zyuzian01, 2002,     2, MIN , NHL , D  , 66.0,  4.0,  12.0,  16.0,  34.0, -7.0 ,  2.0,  5.0,  0.0,  3.0,  0.0, 0.0, 113.0,   18.0,   0.0,   1.0,     1.0,    14.0, -3.0   ,     0.0,     0.0,     0.0,     0.0,     0.0,    30.0
zyuzian01, 2003,     1, MIN , NHL , D  , 65.0,  8.0,  13.0,  21.0,  48.0, 4.0  ,  4.0,  4.0,  0.0,  0.0,  1.0, 1.0, 104.0,       ,      ,      ,        ,        ,        ,        ,        ,        ,        ,        ,      
zyuzian01, 2005,     1, MIN , NHL , D  , 57.0,  7.0,  11.0,  18.0,  50.0, -12.0,  4.0,  4.0,  0.0,  0.0,  1.0,    ,  80.0,       ,      ,      ,        ,        ,        ,        ,        ,        ,        ,        ,      
zyuzian01, 2006,     1, CAL , NHL , D  , 49.0,  1.0,   5.0,   6.0,  30.0, -2.0 ,  0.0,  0.0,  0.0,  0.0,  0.0,    ,  36.0,    5.0,   1.0,   0.0,     1.0,     2.0, 0.0    ,     0.0,     0.0,     1.0,     0.0,     0.0,     5.0
zyuzian01, 2007,     1, CHI , NHL , D  , 32.0,  2.0,   3.0,   5.0,  38.0, -11.0,  1.0,  1.0,  0.0,  0.0,  0.0,    ,  34.0,       ,      ,      ,        ,        ,        ,        ,        ,        ,        ,        ,      
